0.1435 0.1774 0.3172 0.5176 0.3497 0.1422 0.1587 0.2628 0.4937 0.4331 0.1540 0.1465 0.2209 0.4238 0.4868 0.1934 0.1401 0.1896 0.3495 0.5141 0.2976 0.1398 0.1670 0.2878 0.5122 0.3962 0.1467 0.1517 0.2400 0.4609 0.4640 0.1672 0.1425 0.2037 0.3847 0.5039 0.2426 0.1392 0.1771 0.3162 0.5176 0.3516 0.1423 0.1583 0.2617 0.4924 0.4351 0.1549 0.1453 0.2081 0.3068 0.2081 0.1453 0.1549 0.4351 0.4924 0.2617 0.1583 0.1423 0.3516 0.5176 0.3162 0.1771 0.1392 0.2426 0.5039 0.3847 0.2037 0.1425 0.1672 0.4640 0.4609 0.2400 0.1517 0.1467 0.3962 0.5122 0.2878 0.1670 0.1398 0.2976 0.5141 0.3495 0.1896 0.1401 0.1934 0.4868 0.4238 0.2209 0.1465 0.1540 0.4331 0.4937 0.2628 0.1587 0.1422 0.3497 0.5176 0.3172 0.1774 0.1435
0.1774 0.3166 0.5184 0.3520 0.1380 0.1553 0.2604 0.4935 0.4352 0.1507 0.1427 0.2181 0.4225 0.4883 0.1936 0.1359 0.1866 0.3476 0.5151 0.3008 0.1356 0.1637 0.2855 0.5125 0.3988 0.1429 0.1480 0.2373 0.4600 0.4658 0.1649 0.1385 0.2008 0.3831 0.5052 0.2451 0.1349 0.1739 0.3141 0.5184 0.3546 0.1382 0.1549 0.2593 0.4922 0.4369 0.1512 0.1422 0.2141 0.3954 0.5169 0.3954 0.2141 0.1422 0.1512 0.4369 0.4922 0.2593 0.1549 0.1382 0.3546 0.5184 0.3141 0.1739 0.1349 0.2451 0.5052 0.3831 0.2008 0.1385 0.1649 0.4658 0.4600 0.2373 0.1480 0.1429 0.3988 0.5125 0.2855 0.1637 0.1356 0.3008 0.5151 0.3476 0.1866 0.1359 0.1936 0.4883 0.4225 0.2181 0.1427 0.1507 0.4352 0.4935 0.2604 0.1553 0.1380 0.3520 0.5184 0.3166 0.1774
0.3172 0.5184 0.3538 0.1383 0.1547 0.2584 0.4910 0.4384 0.1517 0.1422 0.2163 0.4185 0.4903 0.1979 0.1358 0.1852 0.3440 0.5157 0.3065 0.1358 0.1627 0.2827 0.5112 0.4029 0.1436 0.1474 0.2352 0.4562 0.4684 0.1670 0.1382 0.1992 0.3792 0.5065 0.2510 0.1349 0.1727 0.3109 0.5182 0.3596 0.1386 0.1541 0.2568 0.4893 0.4402 0.1523 0.1419 0.2146 0.4100 0.5012 0.3745 0.5012 0.4100 0.2146 0.1419 0.1523 0.4402 0.4893 0.2568 0.1541 0.1386 0.3596 0.5182 0.3109 0.1727 0.1349 0.2510 0.5065 0.3792 0.1992 0.1382 0.1670 0.4684 0.4562 0.2352 0.1474 0.1436 0.4029 0.5112 0.2827 0.1627 0.1358 0.3065 0.5157 0.3440 0.1852 0.1358 0.1979 0.4903 0.4185 0.2163 0.1422 0.1517 0.4384 0.4910 0.2584 0.1547 0.1383 0.3538 0.5184 0.3172
0.5176 0.3520 0.1383 0.1545 0.2571 0.4890 0.4409 0.1526 0.1418 0.2146 0.4147 0.4922 0.2024 0.1356 0.1839 0.3406 0.5163 0.3122 0.1360 0.1618 0.2800 0.5098 0.4070 0.1442 0.1468 0.2331 0.4524 0.4711 0.1693 0.1379 0.1976 0.3754 0.5077 0.2568 0.1349 0.1716 0.3078 0.5180 0.3645 0.1390 0.1533 0.2544 0.4863 0.4434 0.1534 0.1415 0.2134 0.4108 0.4959 0.2382 0.1389 0.2382 0.4959 0.4108 0.2134 0.1415 0.1534 0.4434 0.4863 0.2544 0.1533 0.1390 0.3645 0.5180 0.3078 0.1716 0.1349 0.2568 0.5077 0.3754 0.1976 0.1379 0.1693 0.4711 0.4524 0.2331 0.1468 0.1442 0.4070 0.5098 0.2800 0.1618 0.1360 0.3122 0.5163 0.3406 0.1839 0.1356 0.2024 0.4922 0.4147 0.2146 0.1418 0.1526 0.4409 0.4890 0.2571 0.1545 0.1383 0.3520 0.5176
0.3497 0.1380 0.1547 0.2571 0.4883 0.4424 0.1533 0.1415 0.2132 0.4114 0.4938 0.2068 0.1355 0.1826 0.3372 0.5169 0.3177 0.1362 0.1609 0.2773 0.5081 0.4111 0.1449 0.1462 0.2310 0.4484 0.4736 0.1717 0.1376 0.1961 0.3716 0.5089 0.2627 0.1350 0.1705 0.3047 0.5177 0.3694 0.1394 0.1526 0.2521 0.4831 0.4466 0.1546 0.1411 0.2118 0.4082 0.4957 0.2179 0.1344 0.1490 0.1344 0.2179 0.4957 0.4082 0.2118 0.1411 0.1546 0.4466 0.4831 0.2521 0.1526 0.1394 0.3694 0.5177 0.3047 0.1705 0.1350 0.2627 0.5089 0.3716 0.1961 0.1376 0.1717 0.4736 0.4484 0.2310 0.1462 0.1449 0.4111 0.5081 0.2773 0.1609 0.1362 0.3177 0.5169 0.3372 0.1826 0.1355 0.2068 0.4938 0.4114 0.2132 0.1415 0.1533 0.4424 0.4883 0.2571 0.1547 0.1380 0.3497
0.1422 0.1553 0.2584 0.4890 0.4424 0.1536 0.1413 0.2122 0.4087 0.4951 0.2109 0.1353 0.1814 0.3340 0.5173 0.3230 0.1364 0.1600 0.2746 0.5064 0.4150 0.1457 0.1456 0.2289 0.4445 0.4761 0.1744 0.1373 0.1946 0.3678 0.5100 0.2686 0.1350 0.1694 0.3016 0.5172 0.3741 0.1399 0.1518 0.2497 0.4798 0.4498 0.1559 0.1406 0.2100 0.4045 0.4969 0.2170 0.1350 0.1722 0.2414 0.1722 0.1350 0.2170 0.4969 0.4045 0.2100 0.1406 0.1559 0.4498 0.4798 0.2497 0.1518 0.1399 0.3741 0.5172 0.3016 0.1694 0.1350 0.2686 0.5100 0.3678 0.1946 0.1373 0.1744 0.4761 0.4445 0.2289 0.1456 0.1457 0.4150 0.5064 0.2746 0.1600 0.1364 0.3230 0.5173 0.3340 0.1814 0.1353 0.2109 0.4951 0.4087 0.2122 0.1413 0.1536 0.4424 0.4890 0.2584 0.1553 0.1422
0.1587 0.2604 0.4910 0.4409 0.1533 0.1413 0.2119 0.4073 0.4960 0.2140 0.1353 0.1804 0.3312 0.5176 0.3280 0.1366 0.1591 0.2720 0.5044 0.4188 0.1465 0.1451 0.2269 0.4406 0.4785 0.1773 0.1370 0.1930 0.3640 0.5111 0.2745 0.1351 0.1683 0.2986 0.5166 0.3788 0.1404 0.1511 0.2474 0.4764 0.4528 0.1573 0.1402 0.2083 0.4007 0.4984 0.2206 0.1351 0.1772 0.3083 0.4663 0.3083 0.1772 0.1351 0.2206 0.4984 0.4007 0.2083 0.1402 0.1573 0.4528 0.4764 0.2474 0.1511 0.1404 0.3788 0.5166 0.2986 0.1683 0.1351 0.2745 0.5111 0.3640 0.1930 0.1370 0.1773 0.4785 0.4406 0.2269 0.1451 0.1465 0.4188 0.5044 0.2720 0.1591 0.1366 0.3280 0.5176 0.3312 0.1804 0.1353 0.2140 0.4960 0.4073 0.2119 0.1413 0.1533 0.4409 0.4910 0.2604 0.1587
0.2628 0.4935 0.4384 0.1526 0.1415 0.2122 0.4073 0.4963 0.2157 0.1352 0.1797 0.3289 0.5179 0.3324 0.1369 0.1583 0.2696 0.5025 0.4224 0.1473 0.1445 0.2250 0.4366 0.4807 0.1804 0.1367 0.1916 0.3603 0.5121 0.2804 0.1352 0.1673 0.2956 0.5160 0.3834 0.1409 0.1504 0.2451 0.4729 0.4558 0.1588 0.1398 0.2066 0.3968 0.5000 0.2256 0.1351 0.1775 0.3200 0.5170 0.4636 0.5170 0.3200 0.1775 0.1351 0.2256 0.5000 0.3968 0.2066 0.1398 0.1588 0.4558 0.4729 0.2451 0.1504 0.1409 0.3834 0.5160 0.2956 0.1673 0.1352 0.2804 0.5121 0.3603 0.1916 0.1367 0.1804 0.4807 0.4366 0.2250 0.1445 0.1473 0.4224 0.5025 0.2696 0.1583 0.1369 0.3324 0.5179 0.3289 0.1797 0.1352 0.2157 0.4963 0.4073 0.2122 0.1415 0.1526 0.4384 0.4935 0.2628
0.4937 0.4352 0.1517 0.1418 0.2132 0.4087 0.4960 0.2157 0.1352 0.1793 0.3274 0.5180 0.3359 0.1371 0.1576 0.2675 0.5005 0.4257 0.1481 0.1440 0.2231 0.4328 0.4829 0.1838 0.1365 0.1901 0.3566 0.5130 0.2863 0.1353 0.1662 0.2927 0.5151 0.3879 0.1414 0.1497 0.2428 0.4693 0.4588 0.1604 0.1394 0.2049 0.3928 0.5015 0.2310 0.1350 0.1767 0.3206 0.5182 0.3732 0.1650 0.3732 0.5182 0.3206 0.1767 0.1350 0.2310 0.5015 0.3928 0.2049 0.1394 0.1604 0.4588 0.4693 0.2428 0.1497 0.1414 0.3879 0.5151 0.2927 0.1662 0.1353 0.2863 0.5130 0.3566 0.1901 0.1365 0.1838 0.4829 0.4328 0.2231 0.1440 0.1481 0.4257 0.5005 0.2675 0.1576 0.1371 0.3359 0.5180 0.3274 0.1793 0.1352 0.2157 0.4960 0.4087 0.2132 0.1418 0.1517 0.4352 0.4937
0.4331 0.1507 0.1422 0.2146 0.4114 0.4951 0.2140 0.1352 0.1793 0.3269 0.5181 0.3381 0.1372 0.1571 0.2657 0.4986 0.4287 0.1489 0.1435 0.2213 0.4290 0.4850 0.1873 0.1363 0.1887 0.3530 0.5139 0.2921 0.1354 0.1652 0.2898 0.5142 0.3923 0.1420 0.1490 0.2406 0.4657 0.4616 0.1621 0.1391 0.2033 0.3889 0.5030 0.2365 0.1350 0.1756 0.3184 0.5184 0.3553 0.1397 0.1370 0.1397 0.3553 0.5184 0.3184 0.1756 0.1350 0.2365 0.5030 0.3889 0.2033 0.1391 0.1621 0.4616 0.4657 0.2406 0.1490 0.1420 0.3923 0.5142 0.2898 0.1652 0.1354 0.2921 0.5139 0.3530 0.1887 0.1363 0.1873 0.4850 0.4290 0.2213 0.1435 0.1489 0.4287 0.4986 0.2657 0.1571 0.1372 0.3381 0.5181 0.3269 0.1793 0.1352 0.2140 0.4951 0.4114 0.2146 0.1422 0.1507 0.4331
0.1540 0.1427 0.2163 0.4147 0.4938 0.2109 0.1353 0.1797 0.3274 0.5181 0.3388 0.1373 0.1568 0.2644 0.4971 0.4311 0.1496 0.1431 0.2197 0.4255 0.4869 0.1910 0.1361 0.1874 0.3496 0.5147 0.2978 0.1355 0.1642 0.2870 0.5131 0.3966 0.1426 0.1484 0.2384 0.4619 0.4644 0.1640 0.1387 0.2016 0.3850 0.5044 0.2422 0.1349 0.1745 0.3155 0.5184 0.3545 0.1385 0.1498 0.1952 0.1498 0.1385 0.3545 0.5184 0.3155 0.1745 0.1349 0.2422 0.5044 0.3850 0.2016 0.1387 0.1640 0.4644 0.4619 0.2384 0.1484 0.1426 0.3966 0.5131 0.2870 0.1642 0.1355 0.2978 0.5147 0.3496 0.1874 0.1361 0.1910 0.4869 0.4255 0.2197 0.1431 0.1496 0.4311 0.4971 0.2644 0.1568 0.1373 0.3388 0.5181 0.3274 0.1797 0.1353 0.2109 0.4938 0.4147 0.2163 0.1427 0.1540
0.1465 0.2181 0.4185 0.4922 0.2068 0.1353 0.1804 0.3289 0.5180 0.3381 0.1373 0.1567 0.2637 0.4961 0.4328 0.1502 0.1428 0.2183 0.4224 0.4886 0.1945 0.1359 0.1861 0.3463 0.5153 0.3033 0.1357 0.1633 0.2842 0.5119 0.4008 0.1432 0.1477 0.2362 0.4581 0.4671 0.1660 0.1384 0.2000 0.3812 0.5058 0.2480 0.1349 0.1733 0.3124 0.5183 0.3579 0.1386 0.1530 0.2428 0.3698 0.2428 0.1530 0.1386 0.3579 0.5183 0.3124 0.1733 0.1349 0.2480 0.5058 0.3812 0.2000 0.1384 0.1660 0.4671 0.4581 0.2362 0.1477 0.1432 0.4008 0.5119 0.2842 0.1633 0.1357 0.3033 0.5153 0.3463 0.1861 0.1359 0.1945 0.4886 0.4224 0.2183 0.1428 0.1502 0.4328 0.4961 0.2637 0.1567 0.1373 0.3381 0.5180 0.3289 0.1804 0.1353 0.2068 0.4922 0.4185 0.2181 0.1465
0.2209 0.4225 0.4903 0.2024 0.1355 0.1814 0.3312 0.5179 0.3359 0.1372 0.1568 0.2637 0.4957 0.4338 0.1506 0.1426 0.2173 0.4198 0.4900 0.1979 0.1357 0.1849 0.3432 0.5159 0.3086 0.1359 0.1623 0.2815 0.5106 0.4049 0.1439 0.1471 0.2341 0.4543 0.4698 0.1681 0.1380 0.1984 0.3773 0.5071 0.2539 0.1349 0.1722 0.3093 0.5181 0.3624 0.1388 0.1533 0.2516 0.4663 0.5093 0.4663 0.2516 0.1533 0.1388 0.3624 0.5181 0.3093 0.1722 0.1349 0.2539 0.5071 0.3773 0.1984 0.1380 0.1681 0.4698 0.4543 0.2341 0.1471 0.1439 0.4049 0.5106 0.2815 0.1623 0.1359 0.3086 0.5159 0.3432 0.1849 0.1357 0.1979 0.4900 0.4198 0.2173 0.1426 0.1506 0.4338 0.4957 0.2637 0.1568 0.1372 0.3359 0.5179 0.3312 0.1814 0.1355 0.2024 0.4903 0.4225 0.2209
0.4238 0.4883 0.1979 0.1356 0.1826 0.3340 0.5176 0.3324 0.1371 0.1571 0.2644 0.4961 0.4338 0.1507 0.1425 0.2166 0.4180 0.4911 0.2007 0.1356 0.1839 0.3404 0.5164 0.3135 0.1360 0.1615 0.2789 0.5091 0.4088 0.1446 0.1465 0.2321 0.4505 0.4723 0.1705 0.1377 0.1969 0.3735 0.5083 0.2597 0.1349 0.1710 0.3062 0.5178 0.3671 0.1392 0.1528 0.2521 0.4792 0.4634 0.2782 0.4634 0.4792 0.2521 0.1528 0.1392 0.3671 0.5178 0.3062 0.1710 0.1349 0.2597 0.5083 0.3735 0.1969 0.1377 0.1705 0.4723 0.4505 0.2321 0.1465 0.1446 0.4088 0.5091 0.2789 0.1615 0.1360 0.3135 0.5164 0.3404 0.1839 0.1356 0.2007 0.4911 0.4180 0.2166 0.1425 0.1507 0.4338 0.4961 0.2644 0.1571 0.1371 0.3324 0.5176 0.3340 0.1826 0.1356 0.1979 0.4883 0.4238
0.4868 0.1936 0.1358 0.1839 0.3372 0.5173 0.3280 0.1369 0.1576 0.2657 0.4971 0.4328 0.1506 0.1425 0.2163 0.4170 0.4917 0.2028 0.1355 0.1831 0.3380 0.5168 0.3178 0.1362 0.1607 0.2765 0.5076 0.4125 0.1452 0.1460 0.2301 0.4467 0.4748 0.1730 0.1374 0.1953 0.3697 0.5095 0.2656 0.1350 0.1699 0.3031 0.5174 0.3718 0.1397 0.1522 0.2505 0.4799 0.4532 0.1651 0.1341 0.1651 0.4532 0.4799 0.2505 0.1522 0.1397 0.3718 0.5174 0.3031 0.1699 0.1350 0.2656 0.5095 0.3697 0.1953 0.1374 0.1730 0.4748 0.4467 0.2301 0.1460 0.1452 0.4125 0.5076 0.2765 0.1607 0.1362 0.3178 0.5168 0.3380 0.1831 0.1355 0.2028 0.4917 0.4170 0.2163 0.1425 0.1506 0.4328 0.4971 0.2657 0.1576 0.1369 0.3280 0.5173 0.3372 0.1839 0.1358 0.1936 0.4868
0.1934 0.1359 0.1852 0.3406 0.5169 0.3230 0.1366 0.1583 0.2675 0.4986 0.4311 0.1502 0.1426 0.2166 0.4170 0.4920 0.2039 0.1355 0.1826 0.3362 0.5171 0.3215 0.1364 0.1600 0.2744 0.5060 0.4159 0.1459 0.1454 0.2282 0.4429 0.4771 0.1757 0.1371 0.1938 0.3659 0.5106 0.2715 0.1350 0.1688 0.3001 0.5169 0.3765 0.1401 0.1514 0.2484 0.4776 0.4527 0.1589 0.1375 0.1642 0.1375 0.1589 0.4527 0.4776 0.2484 0.1514 0.1401 0.3765 0.5169 0.3001 0.1688 0.1350 0.2715 0.5106 0.3659 0.1938 0.1371 0.1757 0.4771 0.4429 0.2282 0.1454 0.1459 0.4159 0.5060 0.2744 0.1600 0.1364 0.3215 0.5171 0.3362 0.1826 0.1355 0.2039 0.4920 0.4170 0.2166 0.1426 0.1502 0.4311 0.4986 0.2675 0.1583 0.1366 0.3230 0.5169 0.3406 0.1852 0.1359 0.1934
0.1401 0.1866 0.3440 0.5163 0.3177 0.1364 0.1591 0.2696 0.5005 0.4287 0.1496 0.1428 0.2173 0.4180 0.4917 0.2039 0.1355 0.1823 0.3351 0.5173 0.3243 0.1365 0.1594 0.2725 0.5046 0.4190 0.1466 0.1449 0.2264 0.4393 0.4793 0.1785 0.1369 0.1924 0.3623 0.5116 0.2774 0.1351 0.1678 0.2971 0.5163 0.3811 0.1406 0.1507 0.2462 0.4745 0.4548 0.1587 0.1393 0.1964 0.2875 0.1964 0.1393 0.1587 0.4548 0.4745 0.2462 0.1507 0.1406 0.3811 0.5163 0.2971 0.1678 0.1351 0.2774 0.5116 0.3623 0.1924 0.1369 0.1785 0.4793 0.4393 0.2264 0.1449 0.1466 0.4190 0.5046 0.2725 0.1594 0.1365 0.3243 0.5173 0.3351 0.1823 0.1355 0.2039 0.4917 0.4180 0.2173 0.1428 0.1496 0.4287 0.5005 0.2696 0.1591 0.1364 0.3177 0.5163 0.3440 0.1866 0.1401
0.1896 0.3476 0.5157 0.3122 0.1362 0.1600 0.2720 0.5025 0.4257 0.1489 0.1431 0.2183 0.4198 0.4911 0.2028 0.1355 0.1823 0.3347 0.5174 0.3260 0.1366 0.1590 0.2710 0.5032 0.4216 0.1472 0.1445 0.2247 0.4358 0.4813 0.1814 0.1366 0.1910 0.3588 0.5125 0.2831 0.1352 0.1668 0.2942 0.5156 0.3857 0.1412 0.1500 0.2439 0.4711 0.4575 0.1598 0.1394 0.2029 0.3706 0.5121 0.3706 0.2029 0.1394 0.1598 0.4575 0.4711 0.2439 0.1500 0.1412 0.3857 0.5156 0.2942 0.1668 0.1352 0.2831 0.5125 0.3588 0.1910 0.1366 0.1814 0.4813 0.4358 0.2247 0.1445 0.1472 0.4216 0.5032 0.2710 0.1590 0.1366 0.3260 0.5174 0.3347 0.1823 0.1355 0.2028 0.4911 0.4198 0.2183 0.1431 0.1489 0.4257 0.5025 0.2720 0.1600 0.1362 0.3122 0.5157 0.3476 0.1896
0.3495 0.5151 0.3065 0.1360 0.1609 0.2746 0.5044 0.4224 0.1481 0.1435 0.2197 0.4224 0.4900 0.2007 0.1355 0.1826 0.3351 0.5174 0.3266 0.1367 0.1587 0.2700 0.5022 0.4237 0.1478 0.1441 0.2233 0.4327 0.4831 0.1844 0.1364 0.1897 0.3554 0.5134 0.2886 0.1353 0.1658 0.2914 0.5147 0.3901 0.1417 0.1494 0.2417 0.4675 0.4603 0.1613 0.1392 0.2033 0.3844 0.5096 0.4029 0.5096 0.3844 0.2033 0.1392 0.1613 0.4603 0.4675 0.2417 0.1494 0.1417 0.3901 0.5147 0.2914 0.1658 0.1353 0.2886 0.5134 0.3554 0.1897 0.1364 0.1844 0.4831 0.4327 0.2233 0.1441 0.1478 0.4237 0.5022 0.2700 0.1587 0.1367 0.3266 0.5174 0.3351 0.1826 0.1355 0.2007 0.4900 0.4224 0.2197 0.1435 0.1481 0.4224 0.5044 0.2746 0.1609 0.1360 0.3065 0.5151 0.3495
0.5141 0.3008 0.1358 0.1618 0.2773 0.5064 0.4188 0.1473 0.1440 0.2213 0.4255 0.4886 0.1979 0.1356 0.1831 0.3362 0.5173 0.3260 0.1367 0.1586 0.2694 0.5015 0.4251 0.1482 0.1439 0.2221 0.4301 0.4847 0.1872 0.1362 0.1885 0.3523 0.5141 0.2939 0.1354 0.1648 0.2886 0.5138 0.3943 0.1423 0.1487 0.2395 0.4638 0.4630 0.1631 0.1389 0.2022 0.3851 0.5058 0.2761 0.1427 0.2761 0.5058 0.3851 0.2022 0.1389 0.1631 0.4630 0.4638 0.2395 0.1487 0.1423 0.3943 0.5138 0.2886 0.1648 0.1354 0.2939 0.5141 0.3523 0.1885 0.1362 0.1872 0.4847 0.4301 0.2221 0.1439 0.1482 0.4251 0.5015 0.2694 0.1586 0.1367 0.3260 0.5173 0.3362 0.1831 0.1356 0.1979 0.4886 0.4255 0.2213 0.1440 0.1473 0.4188 0.5064 0.2773 0.1618 0.1358 0.3008 0.5141
0.2976 0.1356 0.1627 0.2800 0.5081 0.4150 0.1465 0.1445 0.2231 0.4290 0.4869 0.1945 0.1357 0.1839 0.3380 0.5171 0.3243 0.1366 0.1587 0.2694 0.5013 0.4258 0.1485 0.1437 0.2212 0.4280 0.4860 0.1897 0.1361 0.1875 0.3495 0.5147 0.2988 0.1356 0.1639 0.2860 0.5127 0.3983 0.1429 0.1481 0.2374 0.4601 0.4658 0.1650 0.1385 0.2007 0.3825 0.5057 0.2546 0.1346 0.1449 0.1346 0.2546 0.5057 0.3825 0.2007 0.1385 0.1650 0.4658 0.4601 0.2374 0.1481 0.1429 0.3983 0.5127 0.2860 0.1639 0.1356 0.2988 0.5147 0.3495 0.1875 0.1361 0.1897 0.4860 0.4280 0.2212 0.1437 0.1485 0.4258 0.5013 0.2694 0.1587 0.1366 0.3243 0.5171 0.3380 0.1839 0.1357 0.1945 0.4869 0.4290 0.2231 0.1445 0.1465 0.4150 0.5081 0.2800 0.1627 0.1356 0.2976
0.1398 0.1637 0.2827 0.5098 0.4111 0.1457 0.1451 0.2250 0.4328 0.4850 0.1910 0.1359 0.1849 0.3404 0.5168 0.3215 0.1365 0.1590 0.2700 0.5015 0.4258 0.1485 0.1436 0.2207 0.4265 0.4869 0.1919 0.1360 0.1866 0.3470 0.5153 0.3034 0.1357 0.1631 0.2835 0.5115 0.4022 0.1435 0.1475 0.2354 0.4564 0.4684 0.1670 0.1382 0.1992 0.3790 0.5066 0.2536 0.1348 0.1652 0.2274 0.1652 0.1348 0.2536 0.5066 0.3790 0.1992 0.1382 0.1670 0.4684 0.4564 0.2354 0.1475 0.1435 0.4022 0.5115 0.2835 0.1631 0.1357 0.3034 0.5153 0.3470 0.1866 0.1360 0.1919 0.4869 0.4265 0.2207 0.1436 0.1485 0.4258 0.5015 0.2700 0.1590 0.1365 0.3215 0.5168 0.3404 0.1849 0.1359 0.1910 0.4850 0.4328 0.2250 0.1451 0.1457 0.4111 0.5098 0.2827 0.1637 0.1398
0.1670 0.2855 0.5112 0.4070 0.1449 0.1456 0.2269 0.4366 0.4829 0.1873 0.1361 0.1861 0.3432 0.5164 0.3178 0.1364 0.1594 0.2710 0.5022 0.4251 0.1485 0.1436 0.2205 0.4257 0.4875 0.1934 0.1359 0.1859 0.3449 0.5157 0.3073 0.1358 0.1623 0.2813 0.5103 0.4058 0.1441 0.1469 0.2334 0.4528 0.4708 0.1691 0.1379 0.1977 0.3754 0.5078 0.2575 0.1349 0.1696 0.2888 0.4413 0.2888 0.1696 0.1349 0.2575 0.5078 0.3754 0.1977 0.1379 0.1691 0.4708 0.4528 0.2334 0.1469 0.1441 0.4058 0.5103 0.2813 0.1623 0.1358 0.3073 0.5157 0.3449 0.1859 0.1359 0.1934 0.4875 0.4257 0.2205 0.1436 0.1485 0.4251 0.5022 0.2710 0.1594 0.1364 0.3178 0.5164 0.3432 0.1861 0.1361 0.1873 0.4829 0.4366 0.2269 0.1456 0.1449 0.4070 0.5112 0.2855 0.1670
0.2878 0.5125 0.4029 0.1442 0.1462 0.2289 0.4406 0.4807 0.1838 0.1363 0.1874 0.3463 0.5159 0.3135 0.1362 0.1600 0.2725 0.5032 0.4237 0.1482 0.1437 0.2207 0.4257 0.4877 0.1941 0.1358 0.1854 0.3434 0.5160 0.3105 0.1360 0.1617 0.2793 0.5092 0.4090 0.1447 0.1464 0.2315 0.4493 0.4732 0.1714 0.1376 0.1962 0.3717 0.5089 0.2628 0.1349 0.1700 0.2997 0.5123 0.4796 0.5123 0.2997 0.1700 0.1349 0.2628 0.5089 0.3717 0.1962 0.1376 0.1714 0.4732 0.4493 0.2315 0.1464 0.1447 0.4090 0.5092 0.2793 0.1617 0.1360 0.3105 0.5160 0.3434 0.1854 0.1358 0.1941 0.4877 0.4257 0.2207 0.1437 0.1482 0.4237 0.5032 0.2725 0.1600 0.1362 0.3135 0.5159 0.3463 0.1874 0.1363 0.1838 0.4807 0.4406 0.2289 0.1462 0.1442 0.4029 0.5125 0.2878
0.5122 0.3988 0.1436 0.1468 0.2310 0.4445 0.4785 0.1804 0.1365 0.1887 0.3496 0.5153 0.3086 0.1360 0.1607 0.2744 0.5046 0.4216 0.1478 0.1439 0.2212 0.4265 0.4875 0.1941 0.1358 0.1851 0.3424 0.5162 0.3129 0.1361 0.1612 0.2776 0.5080 0.4119 0.1452 0.1459 0.2298 0.4460 0.4753 0.1737 0.1373 0.1948 0.3682 0.5100 0.2683 0.1350 0.1693 0.3003 0.5161 0.4019 0.1834 0.4019 0.5161 0.3003 0.1693 0.1350 0.2683 0.5100 0.3682 0.1948 0.1373 0.1737 0.4753 0.4460 0.2298 0.1459 0.1452 0.4119 0.5080 0.2776 0.1612 0.1361 0.3129 0.5162 0.3424 0.1851 0.1358 0.1941 0.4875 0.4265 0.2212 0.1439 0.1478 0.4216 0.5046 0.2744 0.1607 0.1360 0.3086 0.5153 0.3496 0.1887 0.1365 0.1804 0.4785 0.4445 0.2310 0.1468 0.1436 0.3988 0.5122
0.3962 0.1429 0.1474 0.2331 0.4484 0.4761 0.1773 0.1367 0.1901 0.3530 0.5147 0.3033 0.1359 0.1615 0.2765 0.5060 0.4190 0.1472 0.1441 0.2221 0.4280 0.4869 0.1934 0.1358 0.1851 0.3421 0.5163 0.3144 0.1361 0.1608 0.2763 0.5071 0.4143 0.1457 0.1455 0.2283 0.4429 0.4773 0.1761 0.1371 0.1934 0.3648 0.5110 0.2738 0.1351 0.1683 0.2984 0.5163 0.3860 0.1435 0.1353 0.1435 0.3860 0.5163 0.2984 0.1683 0.1351 0.2738 0.5110 0.3648 0.1934 0.1371 0.1761 0.4773 0.4429 0.2283 0.1455 0.1457 0.4143 0.5071 0.2763 0.1608 0.1361 0.3144 0.5163 0.3421 0.1851 0.1358 0.1934 0.4869 0.4280 0.2221 0.1441 0.1472 0.4190 0.5060 0.2765 0.1615 0.1359 0.3033 0.5147 0.3530 0.1901 0.1367 0.1773 0.4761 0.4484 0.2331 0.1474 0.1429 0.3962
0.1467 0.1480 0.2352 0.4524 0.4736 0.1744 0.1370 0.1916 0.3566 0.5139 0.2978 0.1357 0.1623 0.2789 0.5076 0.4159 0.1466 0.1445 0.2233 0.4301 0.4860 0.1919 0.1359 0.1854 0.3424 0.5163 0.3149 0.1362 0.1606 0.2754 0.5063 0.4161 0.1461 0.1452 0.2270 0.4401 0.4791 0.1785 0.1368 0.1922 0.3615 0.5118 0.2791 0.1351 0.1674 0.2958 0.5159 0.3851 0.1416 0.1457 0.1857 0.1457 0.1416 0.3851 0.5159 0.2958 0.1674 0.1351 0.2791 0.5118 0.3615 0.1922 0.1368 0.1785 0.4791 0.4401 0.2270 0.1452 0.1461 0.4161 0.5063 0.2754 0.1606 0.1362 0.3149 0.5163 0.3424 0.1854 0.1359 0.1919 0.4860 0.4301 0.2233 0.1445 0.1466 0.4159 0.5076 0.2789 0.1623 0.1357 0.2978 0.5139 0.3566 0.1916 0.1370 0.1744 0.4736 0.4524 0.2352 0.1480 0.1467
0.1517 0.2373 0.4562 0.4711 0.1717 0.1373 0.1930 0.3603 0.5130 0.2921 0.1355 0.1633 0.2815 0.5091 0.4125 0.1459 0.1449 0.2247 0.4327 0.4847 0.1897 0.1360 0.1859 0.3434 0.5162 0.3144 0.1362 0.1605 0.2749 0.5058 0.4174 0.1465 0.1449 0.2259 0.4378 0.4805 0.1807 0.1367 0.1910 0.3586 0.5126 0.2842 0.1352 0.1665 0.2932 0.5152 0.3879 0.1416 0.1485 0.2289 0.3460 0.2289 0.1485 0.1416 0.3879 0.5152 0.2932 0.1665 0.1352 0.2842 0.5126 0.3586 0.1910 0.1367 0.1807 0.4805 0.4378 0.2259 0.1449 0.1465 0.4174 0.5058 0.2749 0.1605 0.1362 0.3144 0.5162 0.3434 0.1859 0.1360 0.1897 0.4847 0.4327 0.2247 0.1449 0.1459 0.4125 0.5091 0.2815 0.1633 0.1355 0.2921 0.5130 0.3603 0.1930 0.1373 0.1717 0.4711 0.4562 0.2373 0.1517
0.2400 0.4600 0.4684 0.1693 0.1376 0.1946 0.3640 0.5121 0.2863 0.1354 0.1642 0.2842 0.5106 0.4088 0.1452 0.1454 0.2264 0.4358 0.4831 0.1872 0.1361 0.1866 0.3449 0.5160 0.3129 0.1361 0.1606 0.2749 0.5057 0.4181 0.1467 0.1447 0.2251 0.4359 0.4817 0.1827 0.1365 0.1900 0.3559 0.5133 0.2888 0.1353 0.1656 0.2907 0.5144 0.3916 0.1420 0.1488 0.2372 0.4419 0.5148 0.4419 0.2372 0.1488 0.1420 0.3916 0.5144 0.2907 0.1656 0.1353 0.2888 0.5133 0.3559 0.1900 0.1365 0.1827 0.4817 0.4359 0.2251 0.1447 0.1467 0.4181 0.5057 0.2749 0.1606 0.1361 0.3129 0.5160 0.3449 0.1866 0.1361 0.1872 0.4831 0.4358 0.2264 0.1454 0.1452 0.4088 0.5106 0.2842 0.1642 0.1354 0.2863 0.5121 0.3640 0.1946 0.1376 0.1693 0.4684 0.4600 0.2400
0.4609 0.4658 0.1670 0.1379 0.1961 0.3678 0.5111 0.2804 0.1353 0.1652 0.2870 0.5119 0.4049 0.1446 0.1460 0.2282 0.4393 0.4813 0.1844 0.1362 0.1875 0.3470 0.5157 0.3105 0.1361 0.1608 0.2754 0.5058 0.4181 0.1467 0.1447 0.2246 0.4346 0.4826 0.1843 0.1364 0.1892 0.3536 0.5139 0.2930 0.1354 0.1648 0.2884 0.5136 0.3953 0.1425 0.1484 0.2378 0.4562 0.4793 0.3149 0.4793 0.4562 0.2378 0.1484 0.1425 0.3953 0.5136 0.2884 0.1648 0.1354 0.2930 0.5139 0.3536 0.1892 0.1364 0.1843 0.4826 0.4346 0.2246 0.1447 0.1467 0.4181 0.5058 0.2754 0.1608 0.1361 0.3105 0.5157 0.3470 0.1875 0.1362 0.1844 0.4813 0.4393 0.2282 0.1460 0.1446 0.4049 0.5119 0.2870 0.1652 0.1353 0.2804 0.5111 0.3678 0.1961 0.1379 0.1670 0.4658 0.4609
0.4640 0.1649 0.1382 0.1976 0.3716 0.5100 0.2745 0.1352 0.1662 0.2898 0.5131 0.4008 0.1439 0.1465 0.2301 0.4429 0.4793 0.1814 0.1364 0.1885 0.3495 0.5153 0.3073 0.1360 0.1612 0.2763 0.5063 0.4174 0.1467 0.1447 0.2245 0.4339 0.4832 0.1854 0.1363 0.1886 0.3518 0.5143 0.2966 0.1355 0.1641 0.2862 0.5127 0.3987 0.1430 0.1479 0.2366 0.4573 0.4708 0.1822 0.1350 0.1822 0.4708 0.4573 0.2366 0.1479 0.1430 0.3987 0.5127 0.2862 0.1641 0.1355 0.2966 0.5143 0.3518 0.1886 0.1363 0.1854 0.4832 0.4339 0.2245 0.1447 0.1467 0.4174 0.5063 0.2763 0.1612 0.1360 0.3073 0.5153 0.3495 0.1885 0.1364 0.1814 0.4793 0.4429 0.2301 0.1465 0.1439 0.4008 0.5131 0.2898 0.1662 0.1352 0.2745 0.5100 0.3716 0.1976 0.1382 0.1649 0.4640
0.1672 0.1385 0.1992 0.3754 0.5089 0.2686 0.1351 0.1673 0.2927 0.5142 0.3966 0.1432 0.1471 0.2321 0.4467 0.4771 0.1785 0.1366 0.1897 0.3523 0.5147 0.3034 0.1358 0.1617 0.2776 0.5071 0.4161 0.1465 0.1447 0.2246 0.4339 0.4833 0.1860 0.1362 0.1881 0.3504 0.5147 0.2995 0.1356 0.1635 0.2844 0.5118 0.4018 0.1435 0.1474 0.2350 0.4553 0.4701 0.1713 0.1358 0.1582 0.1358 0.1713 0.4701 0.4553 0.2350 0.1474 0.1435 0.4018 0.5118 0.2844 0.1635 0.1356 0.2995 0.5147 0.3504 0.1881 0.1362 0.1860 0.4833 0.4339 0.2246 0.1447 0.1465 0.4161 0.5071 0.2776 0.1617 0.1358 0.3034 0.5147 0.3523 0.1897 0.1366 0.1785 0.4771 0.4467 0.2321 0.1471 0.1432 0.3966 0.5142 0.2927 0.1673 0.1351 0.2686 0.5089 0.3754 0.1992 0.1385 0.1672
0.1425 0.2008 0.3792 0.5077 0.2627 0.1350 0.1683 0.2956 0.5151 0.3923 0.1426 0.1477 0.2341 0.4505 0.4748 0.1757 0.1369 0.1910 0.3554 0.5141 0.2988 0.1357 0.1623 0.2793 0.5080 0.4143 0.1461 0.1449 0.2251 0.4346 0.4832 0.1860 0.1362 0.1879 0.3496 0.5149 0.3016 0.1357 0.1630 0.2828 0.5110 0.4045 0.1439 0.1470 0.2334 0.4525 0.4714 0.1706 0.1372 0.1872 0.2702 0.1872 0.1372 0.1706 0.4714 0.4525 0.2334 0.1470 0.1439 0.4045 0.5110 0.2828 0.1630 0.1357 0.3016 0.5149 0.3496 0.1879 0.1362 0.1860 0.4832 0.4346 0.2251 0.1449 0.1461 0.4143 0.5080 0.2793 0.1623 0.1357 0.2988 0.5141 0.3554 0.1910 0.1369 0.1757 0.4748 0.4505 0.2341 0.1477 0.1426 0.3923 0.5151 0.2956 0.1683 0.1350 0.2627 0.5077 0.3792 0.2008 0.1425
0.2037 0.3831 0.5065 0.2568 0.1350 0.1694 0.2986 0.5160 0.3879 0.1420 0.1484 0.2362 0.4543 0.4723 0.1730 0.1371 0.1924 0.3588 0.5134 0.2939 0.1356 0.1631 0.2813 0.5092 0.4119 0.1457 0.1452 0.2259 0.4359 0.4826 0.1854 0.1362 0.1879 0.3493 0.5150 0.3030 0.1357 0.1626 0.2816 0.5102 0.4068 0.1443 0.1466 0.2320 0.4497 0.4732 0.1718 0.1374 0.1933 0.3480 0.5019 0.3480 0.1933 0.1374 0.1718 0.4732 0.4497 0.2320 0.1466 0.1443 0.4068 0.5102 0.2816 0.1626 0.1357 0.3030 0.5150 0.3493 0.1879 0.1362 0.1854 0.4826 0.4359 0.2259 0.1452 0.1457 0.4119 0.5092 0.2813 0.1631 0.1356 0.2939 0.5134 0.3588 0.1924 0.1371 0.1730 0.4723 0.4543 0.2362 0.1484 0.1420 0.3879 0.5160 0.2986 0.1694 0.1350 0.2568 0.5065 0.3831 0.2037
0.3847 0.5052 0.2510 0.1349 0.1705 0.3016 0.5166 0.3834 0.1414 0.1490 0.2384 0.4581 0.4698 0.1705 0.1374 0.1938 0.3623 0.5125 0.2886 0.1354 0.1639 0.2835 0.5103 0.4090 0.1452 0.1455 0.2270 0.4378 0.4817 0.1843 0.1363 0.1881 0.3496 0.5150 0.3034 0.1358 0.1624 0.2808 0.5097 0.4085 0.1447 0.1463 0.2308 0.4472 0.4748 0.1735 0.1373 0.1940 0.3618 0.5148 0.4262 0.5148 0.3618 0.1940 0.1373 0.1735 0.4748 0.4472 0.2308 0.1463 0.1447 0.4085 0.5097 0.2808 0.1624 0.1358 0.3034 0.5150 0.3496 0.1881 0.1363 0.1843 0.4817 0.4378 0.2270 0.1455 0.1452 0.4090 0.5103 0.2835 0.1639 0.1354 0.2886 0.5125 0.3623 0.1938 0.1374 0.1705 0.4698 0.4581 0.2384 0.1490 0.1414 0.3834 0.5166 0.3016 0.1705 0.1349 0.2510 0.5052 0.3847
0.5039 0.2451 0.1349 0.1716 0.3047 0.5172 0.3788 0.1409 0.1497 0.2406 0.4619 0.4671 0.1681 0.1377 0.1953 0.3659 0.5116 0.2831 0.1353 0.1648 0.2860 0.5115 0.4058 0.1447 0.1459 0.2283 0.4401 0.4805 0.1827 0.1364 0.1886 0.3504 0.5149 0.3030 0.1358 0.1623 0.2804 0.5093 0.4096 0.1449 0.1460 0.2298 0.4452 0.4762 0.1752 0.1371 0.1934 0.3633 0.5124 0.3104 0.1477 0.3104 0.5124 0.3633 0.1934 0.1371 0.1752 0.4762 0.4452 0.2298 0.1460 0.1449 0.4096 0.5093 0.2804 0.1623 0.1358 0.3030 0.5149 0.3504 0.1886 0.1364 0.1827 0.4805 0.4401 0.2283 0.1459 0.1447 0.4058 0.5115 0.2860 0.1648 0.1353 0.2831 0.5116 0.3659 0.1953 0.1377 0.1681 0.4671 0.4619 0.2406 0.1497 0.1409 0.3788 0.5172 0.3047 0.1716 0.1349 0.2451 0.5039
0.2426 0.1349 0.1727 0.3078 0.5177 0.3741 0.1404 0.1504 0.2428 0.4657 0.4644 0.1660 0.1380 0.1969 0.3697 0.5106 0.2774 0.1352 0.1658 0.2886 0.5127 0.4022 0.1441 0.1464 0.2298 0.4429 0.4791 0.1807 0.1365 0.1892 0.3518 0.5147 0.3016 0.1357 0.1624 0.2804 0.5092 0.4102 0.1451 0.1459 0.2291 0.4435 0.4773 0.1767 0.1370 0.1927 0.3620 0.5121 0.2880 0.1355 0.1418 0.1355 0.2880 0.5121 0.3620 0.1927 0.1370 0.1767 0.4773 0.4435 0.2291 0.1459 0.1451 0.4102 0.5092 0.2804 0.1624 0.1357 0.3016 0.5147 0.3518 0.1892 0.1365 0.1807 0.4791 0.4429 0.2298 0.1464 0.1441 0.4022 0.5127 0.2886 0.1658 0.1352 0.2774 0.5106 0.3697 0.1969 0.1380 0.1660 0.4644 0.4657 0.2428 0.1504 0.1404 0.3741 0.5177 0.3078 0.1727 0.1349 0.2426
0.1392 0.1739 0.3109 0.5180 0.3694 0.1399 0.1511 0.2451 0.4693 0.4616 0.1640 0.1384 0.1984 0.3735 0.5095 0.2715 0.1351 0.1668 0.2914 0.5138 0.3983 0.1435 0.1469 0.2315 0.4460 0.4773 0.1785 0.1367 0.1900 0.3536 0.5143 0.2995 0.1357 0.1626 0.2808 0.5093 0.4102 0.1452 0.1458 0.2286 0.4424 0.4781 0.1779 0.1369 0.1919 0.3602 0.5124 0.2851 0.1353 0.1597 0.2163 0.1597 0.1353 0.2851 0.5124 0.3602 0.1919 0.1369 0.1779 0.4781 0.4424 0.2286 0.1458 0.1452 0.4102 0.5093 0.2808 0.1626 0.1357 0.2995 0.5143 0.3536 0.1900 0.1367 0.1785 0.4773 0.4460 0.2315 0.1469 0.1435 0.3983 0.5138 0.2914 0.1668 0.1351 0.2715 0.5095 0.3735 0.1984 0.1384 0.1640 0.4616 0.4693 0.2451 0.1511 0.1399 0.3694 0.5180 0.3109 0.1739 0.1392
0.1771 0.3141 0.5182 0.3645 0.1394 0.1518 0.2474 0.4729 0.4588 0.1621 0.1387 0.2000 0.3773 0.5083 0.2656 0.1350 0.1678 0.2942 0.5147 0.3943 0.1429 0.1475 0.2334 0.4493 0.4753 0.1761 0.1368 0.1910 0.3559 0.5139 0.2966 0.1356 0.1630 0.2816 0.5097 0.4096 0.1451 0.1458 0.2285 0.4419 0.4786 0.1788 0.1368 0.1913 0.3586 0.5128 0.2866 0.1353 0.1641 0.2737 0.4192 0.2737 0.1641 0.1353 0.2866 0.5128 0.3586 0.1913 0.1368 0.1788 0.4786 0.4419 0.2285 0.1458 0.1451 0.4096 0.5097 0.2816 0.1630 0.1356 0.2966 0.5139 0.3559 0.1910 0.1368 0.1761 0.4753 0.4493 0.2334 0.1475 0.1429 0.3943 0.5147 0.2942 0.1678 0.1350 0.2656 0.5083 0.3773 0.2000 0.1387 0.1621 0.4588 0.4729 0.2474 0.1518 0.1394 0.3645 0.5182 0.3141 0.1771
0.3162 0.5184 0.3596 0.1390 0.1526 0.2497 0.4764 0.4558 0.1604 0.1391 0.2016 0.3812 0.5071 0.2597 0.1350 0.1688 0.2971 0.5156 0.3901 0.1423 0.1481 0.2354 0.4528 0.4732 0.1737 0.1371 0.1922 0.3586 0.5133 0.2930 0.1355 0.1635 0.2828 0.5102 0.4085 0.1449 0.1459 0.2286 0.4419 0.4788 0.1792 0.1367 0.1909 0.3574 0.5131 0.2887 0.1353 0.1648 0.2849 0.5040 0.4906 0.5040 0.2849 0.1648 0.1353 0.2887 0.5131 0.3574 0.1909 0.1367 0.1792 0.4788 0.4419 0.2286 0.1459 0.1449 0.4085 0.5102 0.2828 0.1635 0.1355 0.2930 0.5133 0.3586 0.1922 0.1371 0.1737 0.4732 0.4528 0.2354 0.1481 0.1423 0.3901 0.5156 0.2971 0.1688 0.1350 0.2597 0.5071 0.3812 0.2016 0.1391 0.1604 0.4558 0.4764 0.2497 0.1526 0.1390 0.3596 0.5184 0.3162
0.5176 0.3546 0.1386 0.1533 0.2521 0.4798 0.4528 0.1588 0.1394 0.2033 0.3850 0.5058 0.2539 0.1349 0.1699 0.3001 0.5163 0.3857 0.1417 0.1487 0.2374 0.4564 0.4708 0.1714 0.1373 0.1934 0.3615 0.5126 0.2888 0.1354 0.1641 0.2844 0.5110 0.4068 0.1447 0.1460 0.2291 0.4424 0.4786 0.1792 0.1367 0.1908 0.3567 0.5134 0.2906 0.1354 0.1647 0.2868 0.5111 0.4217 0.2054 0.4216 0.5111 0.2868 0.1647 0.1354 0.2906 0.5134 0.3567 0.1908 0.1367 0.1792 0.4786 0.4424 0.2291 0.1460 0.1447 0.4068 0.5110 0.2844 0.1641 0.1354 0.2888 0.5126 0.3615 0.1934 0.1373 0.1714 0.4708 0.4564 0.2374 0.1487 0.1417 0.3857 0.5163 0.3001 0.1699 0.1349 0.2539 0.5058 0.3850 0.2033 0.1394 0.1588 0.4528 0.4798 0.2521 0.1533 0.1386 0.3546 0.5176
0.3516 0.1382 0.1541 0.2544 0.4831 0.4498 0.1573 0.1398 0.2049 0.3889 0.5044 0.2480 0.1349 0.1710 0.3031 0.5169 0.3811 0.1412 0.1494 0.2395 0.4601 0.4684 0.1691 0.1376 0.1948 0.3648 0.5118 0.2842 0.1353 0.1648 0.2862 0.5118 0.4045 0.1443 0.1463 0.2298 0.4435 0.4781 0.1788 0.1367 0.1908 0.3564 0.5135 0.2918 0.1354 0.1645 0.2866 0.5122 0.4057 0.1473 0.1345 0.1473 0.4056 0.5122 0.2866 0.1645 0.1354 0.2917 0.5135 0.3564 0.1908 0.1367 0.1788 0.4781 0.4435 0.2298 0.1463 0.1443 0.4045 0.5118 0.2862 0.1648 0.1353 0.2842 0.5118 0.3648 0.1948 0.1376 0.1691 0.4684 0.4601 0.2395 0.1494 0.1412 0.3811 0.5169 0.3031 0.1710 0.1349 0.2480 0.5044 0.3889 0.2049 0.1398 0.1573 0.4498 0.4831 0.2544 0.1541 0.1382 0.3516
0.1423 0.1549 0.2568 0.4863 0.4466 0.1559 0.1402 0.2066 0.3928 0.5030 0.2422 0.1349 0.1722 0.3062 0.5174 0.3765 0.1406 0.1500 0.2417 0.4638 0.4658 0.1670 0.1379 0.1962 0.3682 0.5110 0.2791 0.1352 0.1656 0.2884 0.5127 0.4018 0.1439 0.1466 0.2308 0.4452 0.4773 0.1779 0.1368 0.1909 0.3567 0.5135 0.2922 0.1354 0.1643 0.2861 0.5122 0.4027 0.1444 0.1432 0.1795 0.1432 0.1444 0.4027 0.5122 0.2859 0.1643 0.1354 0.2921 0.5135 0.3567 0.1909 0.1368 0.1779 0.4773 0.4452 0.2308 0.1466 0.1439 0.4018 0.5127 0.2884 0.1656 0.1352 0.2791 0.5110 0.3682 0.1962 0.1379 0.1670 0.4658 0.4638 0.2417 0.1500 0.1406 0.3765 0.5174 0.3062 0.1722 0.1349 0.2422 0.5030 0.3928 0.2066 0.1402 0.1559 0.4466 0.4863 0.2568 0.1549 0.1423
0.1583 0.2593 0.4893 0.4434 0.1546 0.1406 0.2083 0.3968 0.5015 0.2365 0.1349 0.1733 0.3093 0.5178 0.3718 0.1401 0.1507 0.2439 0.4675 0.4630 0.1650 0.1382 0.1977 0.3717 0.5100 0.2738 0.1351 0.1665 0.2907 0.5136 0.3987 0.1435 0.1470 0.2320 0.4472 0.4762 0.1767 0.1369 0.1913 0.3574 0.5134 0.2918 0.1354 0.1640 0.2853 0.5119 0.4016 0.1439 0.1462 0.2209 0.3295 0.2206 0.1461 0.1439 0.4019 0.5119 0.2849 0.1643 0.1354 0.2917 0.5134 0.3574 0.1913 0.1369 0.1767 0.4762 0.4472 0.2320 0.1470 0.1435 0.3987 0.5136 0.2907 0.1665 0.1351 0.2738 0.5100 0.3717 0.1977 0.1382 0.1650 0.4630 0.4675 0.2439 0.1507 0.1401 0.3718 0.5178 0.3093 0.1733 0.1349 0.2365 0.5015 0.3968 0.2083 0.1406 0.1546 0.4434 0.4893 0.2593 0.1583
0.2617 0.4922 0.4402 0.1534 0.1411 0.2100 0.4007 0.5000 0.2310 0.1350 0.1745 0.3124 0.5181 0.3671 0.1397 0.1514 0.2462 0.4711 0.4603 0.1631 0.1385 0.1992 0.3754 0.5089 0.2683 0.1351 0.1674 0.2932 0.5144 0.3953 0.1430 0.1474 0.2334 0.4497 0.4748 0.1752 0.1370 0.1919 0.3586 0.5131 0.2906 0.1354 0.1643 0.2863 0.5120 0.4024 0.1438 0.1468 0.2302 0.4266 0.5168 0.4245 0.2286 0.1467 0.1440 0.4028 0.5116 0.2863 0.1644 0.1354 0.2906 0.5131 0.3586 0.1919 0.1370 0.1752 0.4748 0.4497 0.2334 0.1474 0.1430 0.3953 0.5144 0.2932 0.1674 0.1351 0.2683 0.5089 0.3754 0.1992 0.1385 0.1631 0.4603 0.4711 0.2462 0.1514 0.1397 0.3671 0.5181 0.3124 0.1745 0.1350 0.2310 0.5000 0.4007 0.2100 0.1411 0.1534 0.4402 0.4922 0.2617
0.4924 0.4369 0.1523 0.1415 0.2118 0.4045 0.4984 0.2256 0.1350 0.1756 0.3155 0.5183 0.3624 0.1392 0.1522 0.2484 0.4745 0.4575 0.1613 0.1389 0.2007 0.3790 0.5078 0.2628 0.1350 0.1683 0.2958 0.5152 0.3916 0.1425 0.1479 0.2350 0.4525 0.4732 0.1735 0.1371 0.1927 0.3602 0.5128 0.2887 0.1354 0.1645 0.2860 0.5120 0.4034 0.1438 0.1466 0.2300 0.4423 0.4870 0.3367 0.4868 0.4429 0.2308 0.1467 0.1440 0.4044 0.5118 0.2865 0.1645 0.1354 0.2887 0.5128 0.3602 0.1927 0.1371 0.1735 0.4732 0.4525 0.2350 0.1479 0.1425 0.3916 0.5152 0.2958 0.1683 0.1350 0.2628 0.5078 0.3790 0.2007 0.1389 0.1613 0.4575 0.4745 0.2484 0.1522 0.1392 0.3624 0.5183 0.3155 0.1756 0.1350 0.2256 0.4984 0.4045 0.2118 0.1415 0.1523 0.4369 0.4924
0.4351 0.1512 0.1419 0.2134 0.4082 0.4969 0.2206 0.1351 0.1767 0.3184 0.5184 0.3579 0.1388 0.1528 0.2505 0.4776 0.4548 0.1598 0.1392 0.2022 0.3825 0.5066 0.2575 0.1349 0.1693 0.2984 0.5159 0.3879 0.1420 0.1484 0.2366 0.4553 0.4714 0.1718 0.1373 0.1934 0.3620 0.5124 0.2866 0.1353 0.1647 0.2865 0.5121 0.4025 0.1441 0.1463 0.2315 0.4444 0.4785 0.1943 0.1359 0.1968 0.4791 0.4455 0.2333 0.1467 0.1438 0.4012 0.5124 0.2866 0.1647 0.1353 0.2866 0.5124 0.3620 0.1934 0.1373 0.1718 0.4714 0.4553 0.2366 0.1484 0.1420 0.3879 0.5159 0.2984 0.1693 0.1349 0.2575 0.5066 0.3825 0.2022 0.1392 0.1598 0.4548 0.4776 0.2505 0.1528 0.1388 0.3579 0.5184 0.3184 0.1767 0.1351 0.2206 0.4969 0.4082 0.2134 0.1419 0.1512 0.4351
0.1549 0.1422 0.2146 0.4108 0.4957 0.2170 0.1351 0.1775 0.3206 0.5184 0.3545 0.1386 0.1533 0.2521 0.4799 0.4527 0.1587 0.1394 0.2033 0.3851 0.5057 0.2536 0.1349 0.1700 0.3003 0.5163 0.3851 0.1416 0.1488 0.2378 0.4573 0.4701 0.1706 0.1374 0.1940 0.3633 0.5121 0.2851 0.1353 0.1648 0.2868 0.5122 0.4029 0.1439 0.1464 0.2302 0.4474 0.4768 0.1798 0.1351 0.1553 0.1351 0.1802 0.4769 0.4471 0.2320 0.1467 0.1436 0.4024 0.5122 0.2868 0.1648 0.1353 0.2851 0.5121 0.3633 0.1940 0.1374 0.1706 0.4701 0.4573 0.2378 0.1488 0.1416 0.3851 0.5163 0.3003 0.1700 0.1349 0.2536 0.5057 0.3851 0.2033 0.1394 0.1587 0.4527 0.4799 0.2521 0.1533 0.1386 0.3545 0.5184 0.3206 0.1775 0.1351 0.2170 0.4957 0.4108 0.2146 0.1422 0.1549
0.1453 0.2141 0.4100 0.4959 0.2179 0.1350 0.1772 0.3200 0.5182 0.3553 0.1385 0.1530 0.2516 0.4792 0.4532 0.1589 0.1393 0.2029 0.3844 0.5058 0.2546 0.1348 0.1696 0.2997 0.5161 0.3860 0.1416 0.1485 0.2372 0.4562 0.4708 0.1713 0.1372 0.1933 0.3618 0.5124 0.2880 0.1353 0.1641 0.2849 0.5111 0.4057 0.1444 0.1459 0.2282 0.4412 0.4793 0.1814 0.1362 0.1813 0.2585 0.1820 0.1362 0.1795 0.4784 0.4439 0.2319 0.1463 0.1442 0.4055 0.5111 0.2849 0.1641 0.1353 0.2880 0.5124 0.3618 0.1933 0.1372 0.1713 0.4708 0.4562 0.2372 0.1485 0.1416 0.3860 0.5161 0.2997 0.1696 0.1348 0.2546 0.5058 0.3844 0.2029 0.1393 0.1589 0.4532 0.4792 0.2516 0.1530 0.1385 0.3553 0.5182 0.3200 0.1772 0.1350 0.2179 0.4959 0.4100 0.2141 0.1453
0.2081 0.3954 0.5012 0.2382 0.1344 0.1722 0.3083 0.5170 0.3732 0.1397 0.1498 0.2428 0.4663 0.4634 0.1651 0.1375 0.1964 0.3706 0.5096 0.2761 0.1346 0.1652 0.2888 0.5123 0.4019 0.1435 0.1457 0.2289 0.4419 0.4793 0.1822 0.1358 0.1872 0.3480 0.5148 0.3104 0.1355 0.1597 0.2737 0.5040 0.4217 0.1473 0.1432 0.2201 0.4268 0.4889 0.1984 0.1352 0.1817 0.3199 0.4791 0.3215 0.1816 0.1352 0.1939 0.4852 0.4294 0.2210 0.1433 0.1473 0.4216 0.5040 0.2737 0.1597 0.1355 0.3104 0.5148 0.3480 0.1872 0.1358 0.1822 0.4793 0.4419 0.2289 0.1457 0.1435 0.4019 0.5123 0.2888 0.1652 0.1346 0.2761 0.5096 0.3706 0.1964 0.1375 0.1651 0.4634 0.4663 0.2428 0.1498 0.1397 0.3732 0.5170 0.3083 0.1722 0.1344 0.2382 0.5012 0.3954 0.2081
0.3068 0.5169 0.3745 0.1389 0.1490 0.2414 0.4663 0.4636 0.1650 0.1370 0.1952 0.3698 0.5093 0.2782 0.1341 0.1642 0.2875 0.5121 0.4029 0.1427 0.1449 0.2274 0.4413 0.4796 0.1834 0.1353 0.1857 0.3460 0.5148 0.3149 0.1350 0.1582 0.2702 0.5019 0.4262 0.1477 0.1418 0.2163 0.4192 0.4906 0.2054 0.1345 0.1795 0.3302 0.5169 0.3358 0.1358 0.1553 0.2606 0.4801 0.5047 0.4804 0.2594 0.1563 0.1357 0.3292 0.5167 0.3316 0.1800 0.1345 0.2054 0.4906 0.4192 0.2163 0.1418 0.1477 0.4262 0.5019 0.2702 0.1582 0.1350 0.3149 0.5148 0.3460 0.1857 0.1353 0.1834 0.4796 0.4413 0.2274 0.1449 0.1427 0.4029 0.5121 0.2875 0.1642 0.1341 0.2782 0.5093 0.3698 0.1952 0.1370 0.1650 0.4636 0.4663 0.2414 0.1490 0.1389 0.3745 0.5169 0.3068
0.2081 0.3954 0.5012 0.2382 0.1344 0.1722 0.3083 0.5170 0.3732 0.1397 0.1498 0.2428 0.4663 0.4634 0.1651 0.1375 0.1964 0.3706 0.5096 0.2761 0.1346 0.1652 0.2888 0.5123 0.4019 0.1435 0.1457 0.2289 0.4419 0.4793 0.1822 0.1358 0.1872 0.3480 0.5148 0.3104 0.1355 0.1597 0.2737 0.5040 0.4216 0.1473 0.1432 0.2210 0.4256 0.4873 0.1950 0.1353 0.1828 0.3218 0.4804 0.3219 0.1818 0.1352 0.1924 0.4856 0.4275 0.2206 0.1433 0.1472 0.4216 0.5040 0.2737 0.1597 0.1355 0.3104 0.5148 0.3480 0.1872 0.1358 0.1822 0.4793 0.4419 0.2289 0.1457 0.1435 0.4019 0.5123 0.2888 0.1652 0.1346 0.2761 0.5096 0.3706 0.1964 0.1375 0.1651 0.4634 0.4663 0.2428 0.1498 0.1397 0.3732 0.5170 0.3083 0.1722 0.1344 0.2382 0.5012 0.3954 0.2081
0.1453 0.2141 0.4100 0.4959 0.2179 0.1350 0.1772 0.3200 0.5182 0.3553 0.1385 0.1530 0.2516 0.4792 0.4532 0.1589 0.1393 0.2029 0.3844 0.5058 0.2546 0.1348 0.1696 0.2997 0.5161 0.3860 0.1416 0.1485 0.2372 0.4562 0.4708 0.1713 0.1372 0.1933 0.3618 0.5124 0.2880 0.1353 0.1641 0.2849 0.5111 0.4056 0.1443 0.1459 0.2280 0.4416 0.4774 0.1759 0.1363 0.1821 0.2616 0.1828 0.1361 0.1776 0.4777 0.4458 0.2302 0.1459 0.1443 0.4055 0.5112 0.2849 0.1641 0.1353 0.2880 0.5124 0.3618 0.1933 0.1372 0.1713 0.4708 0.4562 0.2372 0.1485 0.1416 0.3860 0.5161 0.2997 0.1696 0.1348 0.2546 0.5058 0.3844 0.2029 0.1393 0.1589 0.4532 0.4792 0.2516 0.1530 0.1385 0.3553 0.5182 0.3200 0.1772 0.1350 0.2179 0.4959 0.4100 0.2141 0.1453
0.1549 0.1422 0.2146 0.4108 0.4957 0.2170 0.1351 0.1775 0.3206 0.5184 0.3545 0.1386 0.1533 0.2521 0.4799 0.4527 0.1587 0.1394 0.2033 0.3851 0.5057 0.2536 0.1349 0.1700 0.3003 0.5163 0.3851 0.1416 0.1488 0.2378 0.4573 0.4701 0.1706 0.1374 0.1940 0.3633 0.5121 0.2851 0.1353 0.1648 0.2868 0.5122 0.4022 0.1435 0.1465 0.2315 0.4474 0.4747 0.1791 0.1352 0.1557 0.1352 0.1791 0.4748 0.4487 0.2322 0.1469 0.1434 0.4012 0.5123 0.2869 0.1648 0.1353 0.2851 0.5121 0.3633 0.1940 0.1374 0.1706 0.4701 0.4573 0.2378 0.1488 0.1416 0.3851 0.5163 0.3003 0.1700 0.1349 0.2536 0.5057 0.3851 0.2033 0.1394 0.1587 0.4527 0.4799 0.2521 0.1533 0.1386 0.3545 0.5184 0.3206 0.1775 0.1351 0.2170 0.4957 0.4108 0.2146 0.1422 0.1549
0.4351 0.1512 0.1419 0.2134 0.4082 0.4969 0.2206 0.1351 0.1767 0.3184 0.5184 0.3579 0.1388 0.1528 0.2505 0.4776 0.4548 0.1598 0.1392 0.2022 0.3825 0.5066 0.2575 0.1349 0.1693 0.2984 0.5159 0.3879 0.1420 0.1484 0.2366 0.4553 0.4714 0.1718 0.1373 0.1934 0.3620 0.5124 0.2866 0.1353 0.1647 0.2866 0.5123 0.4009 0.1437 0.1469 0.2331 0.4475 0.4777 0.1964 0.1358 0.1939 0.4772 0.4484 0.2322 0.1468 0.1439 0.4024 0.5123 0.2867 0.1647 0.1353 0.2866 0.5124 0.3620 0.1934 0.1373 0.1718 0.4714 0.4553 0.2366 0.1484 0.1420 0.3879 0.5159 0.2984 0.1693 0.1349 0.2575 0.5066 0.3825 0.2022 0.1392 0.1598 0.4548 0.4776 0.2505 0.1528 0.1388 0.3579 0.5184 0.3184 0.1767 0.1351 0.2206 0.4969 0.4082 0.2134 0.1419 0.1512 0.4351
0.4924 0.4369 0.1523 0.1415 0.2118 0.4045 0.4984 0.2256 0.1350 0.1756 0.3155 0.5183 0.3624 0.1392 0.1522 0.2484 0.4745 0.4575 0.1613 0.1389 0.2007 0.3790 0.5078 0.2628 0.1350 0.1683 0.2958 0.5152 0.3916 0.1425 0.1479 0.2350 0.4525 0.4732 0.1735 0.1371 0.1927 0.3602 0.5128 0.2887 0.1354 0.1645 0.2862 0.5122 0.4025 0.1436 0.1470 0.2315 0.4445 0.4873 0.3363 0.4857 0.4442 0.2319 0.1470 0.1442 0.4032 0.5123 0.2862 0.1645 0.1354 0.2887 0.5128 0.3602 0.1927 0.1371 0.1735 0.4732 0.4525 0.2350 0.1479 0.1425 0.3916 0.5152 0.2958 0.1683 0.1350 0.2628 0.5078 0.3790 0.2007 0.1389 0.1613 0.4575 0.4745 0.2484 0.1522 0.1392 0.3624 0.5183 0.3155 0.1756 0.1350 0.2256 0.4984 0.4045 0.2118 0.1415 0.1523 0.4369 0.4924
