-14.6507 -31.7721 -42.5948 -38.6625 17.7931 3.9555 -28.3739 -39.7702 -45.8514 9.6826 32.3658 -24.1129 -36.6597 -45.7617 -2.0660 29.8635 -18.8254 -33.4173 -43.8311 -29.0209 21.6282 -8.6342 -30.0308 -41.1343 -44.0658 13.1764 26.0772 -25.6588 -37.5308 -45.9840 -2.3450 27.5721 -12.7665 -28.1876 -34.8477 -36.8445 -36.9770 -36.9821 -36.9823 -36.9824 -36.9824 -36.9824 -36.9824 -36.9824 -36.9824 -36.9824 -36.9824 -36.9824 -36.9824 -36.9824 -36.9824 -36.9824 -36.9824 -36.9824 -36.9824 -36.9824 -36.9824 -36.9824 -36.9824 -36.9824 -36.9824 -36.9824 -36.9823 -36.9821 -36.9770 -36.8445 -34.8477 -28.1876 -12.7665 27.5721 -2.3450 -45.9840 -37.5308 -25.6588 26.0772 13.1764 -44.0658 -41.1343 -30.0308 -8.6342 21.6282 -29.0209 -43.8311 -33.4173 -18.8254 29.8635 -2.0660 -45.7617 -36.6597 -24.1129 32.3658 9.6826 -45.8514 -39.7702 -28.3739 3.9555 17.7931 -38.6625 -42.5948 -31.7721 -14.6507
-31.7721 -43.4817 -39.1529 17.7039 5.8451 -29.2913 -40.6304 -46.5273 9.5846 33.0316 -24.5639 -37.5383 -46.5042 -2.3443 29.6817 -18.8845 -34.3198 -44.6391 -29.6982 21.4920 -7.9256 -30.9898 -42.0042 -44.6440 13.2397 26.8670 -26.4779 -38.6331 -46.8185 0.3273 29.5834 -16.8171 -31.8859 -40.7789 -46.3120 -47.3574 -47.3668 -47.3650 -47.3648 -47.3648 -47.3648 -47.3648 -47.3648 -47.3648 -47.3648 -47.3648 -47.3648 -47.3648 -47.3648 -47.3648 -47.3648 -47.3648 -47.3648 -47.3648 -47.3648 -47.3648 -47.3648 -47.3648 -47.3648 -47.3648 -47.3648 -47.3648 -47.3648 -47.3650 -47.3668 -47.3574 -46.3120 -40.7789 -31.8859 -16.8171 29.5834 0.3273 -46.8185 -38.6331 -26.4779 26.8670 13.2397 -44.6440 -42.0042 -30.9898 -7.9256 21.4920 -29.6982 -44.6391 -34.3198 -18.8845 29.6817 -2.3443 -46.5042 -37.5383 -24.5639 33.0316 9.5846 -46.5273 -40.6304 -29.2913 5.8451 17.7039 -39.1529 -43.4817 -31.7721
-42.5948 -39.1529 17.5529 7.0613 -29.1149 -40.5015 -46.6225 9.1747 33.2892 -24.3171 -37.3792 -46.4341 -3.3168 29.2757 -18.5317 -34.1554 -44.5211 -30.9468 21.0946 -6.9654 -30.8308 -41.8741 -44.8963 12.9444 27.5698 -26.3850 -38.6237 -46.8380 1.2417 30.5189 -18.4797 -33.2083 -42.8401 -46.6931 -13.9052 1.6571 2.3606 2.3814 2.3823 2.3823 2.3823 2.3823 2.3823 2.3823 2.3823 2.3823 2.3823 2.3823 2.3823 2.3823 2.3823 2.3823 2.3823 2.3823 2.3823 2.3823 2.3823 2.3823 2.3823 2.3823 2.3823 2.3823 2.3823 2.3814 2.3606 1.6571 -13.9052 -46.6931 -42.8401 -33.2083 -18.4797 30.5189 1.2417 -46.8380 -38.6237 -26.3850 27.5698 12.9444 -44.8963 -41.8741 -30.8308 -6.9654 21.0946 -30.9468 -44.5211 -34.1554 -18.5317 29.2757 -3.3168 -46.4341 -37.3792 -24.3171 33.2892 9.1747 -46.6225 -40.5015 -29.1149 7.0613 17.5529 -39.1529 -42.5948
-38.6625 17.7039 7.0613 -29.0466 -40.4241 -46.6850 8.8341 33.4573 -24.0913 -37.2292 -46.3644 -4.3253 28.8718 -18.1684 -33.9910 -44.4031 -32.1360 20.7003 -5.9124 -30.6675 -41.7383 -45.1473 12.6097 28.3820 -26.2409 -38.5634 -46.8365 1.5703 30.9695 -19.3011 -33.9380 -43.8227 -43.0298 8.9513 25.5329 31.7371 32.1034 32.1159 32.1164 32.1164 32.1164 32.1164 32.1164 32.1164 32.1164 32.1164 32.1164 32.1164 32.1164 32.1164 32.1164 32.1164 32.1164 32.1164 32.1164 32.1164 32.1164 32.1164 32.1164 32.1164 32.1164 32.1164 32.1164 32.1159 32.1034 31.7371 25.5329 8.9513 -43.0298 -43.8227 -33.9380 -19.3011 30.9695 1.5703 -46.8365 -38.5634 -26.2409 28.3820 12.6097 -45.1473 -41.7383 -30.6675 -5.9124 20.7003 -32.1360 -44.4031 -33.9910 -18.1684 28.8718 -4.3253 -46.3644 -37.2292 -24.0913 33.4573 8.8341 -46.6850 -40.4241 -29.0466 7.0613 17.7039 -38.6625
17.7931 5.8451 -29.1149 -40.4241 -46.7065 8.6319 33.5465 -23.9092 -37.1014 -46.2999 -5.3122 28.4861 -17.8059 -33.8298 -44.2852 -33.2541 20.3107 -4.7558 -30.5029 -41.5987 -45.3877 12.2501 29.2169 -26.0623 -38.4688 -46.8197 1.5461 31.1328 -19.6898 -34.3363 -44.3269 -38.4291 14.5694 33.5120 -15.3445 -21.1722 -21.5081 -21.5226 -21.5233 -21.5233 -21.5233 -21.5233 -21.5233 -21.5233 -21.5233 -21.5233 -21.5233 -21.5233 -21.5233 -21.5233 -21.5233 -21.5233 -21.5233 -21.5233 -21.5233 -21.5233 -21.5233 -21.5233 -21.5233 -21.5233 -21.5233 -21.5233 -21.5233 -21.5226 -21.5081 -21.1722 -15.3445 33.5120 14.5694 -38.4291 -44.3269 -34.3363 -19.6898 31.1328 1.5461 -46.8197 -38.4688 -26.0623 29.2169 12.2501 -45.3877 -41.5987 -30.5029 -4.7558 20.3107 -33.2541 -44.2852 -33.8298 -17.8059 28.4861 -5.3122 -46.2999 -37.1014 -23.9092 33.5465 8.6319 -46.7065 -40.4241 -29.1149 5.8451 17.7931
3.9555 -29.2913 -40.5015 -46.6850 8.6319 33.5736 -23.8041 -37.0121 -46.2480 -6.1760 28.1484 -17.4687 -33.6783 -44.1686 -34.2886 19.9302 -3.5071 -30.3368 -41.4565 -45.6113 11.8740 30.0154 -25.8617 -38.3520 -46.7910 1.2849 31.1206 -19.8307 -34.5359 -44.5854 -34.5673 17.6120 22.0879 -24.1005 -32.5197 -35.2408 -35.4699 -35.4804 -35.4805 -35.4805 -35.4805 -35.4805 -35.4805 -35.4805 -35.4805 -35.4805 -35.4805 -35.4805 -35.4805 -35.4805 -35.4805 -35.4805 -35.4805 -35.4805 -35.4805 -35.4805 -35.4805 -35.4805 -35.4805 -35.4805 -35.4805 -35.4805 -35.4805 -35.4804 -35.4699 -35.2408 -32.5197 -24.1005 22.0879 17.6120 -34.5673 -44.5854 -34.5359 -19.8307 31.1206 1.2849 -46.7910 -38.3520 -25.8617 30.0154 11.8740 -45.6113 -41.4565 -30.3368 -3.5071 19.9302 -34.2886 -44.1686 -33.6783 -17.4687 28.1484 -6.1760 -46.2480 -37.0121 -23.8041 33.5736 8.6319 -46.6850 -40.5015 -29.2913 3.9555
-28.3739 -40.6304 -46.6225 8.8341 33.5465 -23.8041 -36.9797 -46.2182 -6.7800 27.8914 -17.1862 -33.5472 -44.0617 -35.1948 19.5698 -2.1963 -30.1728 -41.3155 -45.8150 11.4867 30.7465 -25.6473 -38.2211 -46.7529 0.8546 30.9881 -19.8182 -34.6123 -44.7082 -31.9573 19.3982 7.3094 -27.3166 -37.0336 -43.7883 -46.0124 -46.1490 -46.1526 -46.1532 -46.1530 -46.1530 -46.1530 -46.1530 -46.1530 -46.1530 -46.1530 -46.1530 -46.1530 -46.1530 -46.1530 -46.1530 -46.1530 -46.1530 -46.1530 -46.1530 -46.1530 -46.1530 -46.1530 -46.1530 -46.1530 -46.1530 -46.1530 -46.1532 -46.1526 -46.1490 -46.0124 -43.7883 -37.0336 -27.3166 7.3094 19.3982 -31.9573 -44.7082 -34.6123 -19.8182 30.9881 0.8546 -46.7529 -38.2211 -25.6473 30.7465 11.4867 -45.8150 -41.3155 -30.1728 -2.1963 19.5698 -35.1948 -44.0617 -33.5472 -17.1862 27.8914 -6.7800 -46.2182 -36.9797 -23.8041 33.5465 8.8341 -46.6225 -40.6304 -28.3739
-39.7702 -46.5273 9.1747 33.4573 -23.9092 -37.0121 -46.2182 -6.9987 27.7513 -16.9941 -33.4498 -43.9760 -35.9323 19.2489 -0.8972 -30.0191 -41.1783 -45.9941 11.0998 31.3880 -25.4242 -38.0812 -46.7077 0.2986 30.7697 -19.6996 -34.6091 -44.7514 -30.4977 20.3737 -0.4274 -28.9521 -39.1695 -46.5761 -39.3768 -16.4925 -13.7810 -13.6666 -13.6596 -13.6573 -13.6573 -13.6573 -13.6573 -13.6573 -13.6573 -13.6573 -13.6573 -13.6573 -13.6573 -13.6573 -13.6573 -13.6573 -13.6573 -13.6573 -13.6573 -13.6573 -13.6573 -13.6573 -13.6573 -13.6573 -13.6573 -13.6573 -13.6596 -13.6666 -13.7810 -16.4925 -39.3768 -46.5761 -39.1695 -28.9521 -0.4274 20.3737 -30.4977 -44.7514 -34.6091 -19.6996 30.7697 0.2986 -46.7077 -38.0812 -25.4242 31.3880 11.0998 -45.9941 -41.1783 -30.0191 -0.8972 19.2489 -35.9323 -43.9760 -33.4498 -16.9941 27.7513 -6.9987 -46.2182 -37.0121 -23.9092 33.4573 9.1747 -46.5273 -39.7702
-45.8514 9.5846 33.2892 -24.0913 -37.1014 -46.2480 -6.7800 27.7513 -16.9259 -33.3982 -43.9195 -36.4576 18.9928 0.2735 -29.8834 -41.0528 -46.1452 10.7267 31.9245 -25.2002 -37.9381 -46.6573 -0.3482 30.4942 -19.5056 -34.5508 -44.7419 -29.9240 20.8470 -3.7910 -29.7755 -40.2861 -46.9986 -7.0778 17.3368 25.3639 26.2205 26.2560 26.2603 26.2607 26.2608 26.2608 26.2608 26.2608 26.2608 26.2608 26.2608 26.2608 26.2608 26.2608 26.2608 26.2608 26.2608 26.2608 26.2608 26.2608 26.2608 26.2608 26.2608 26.2608 26.2608 26.2607 26.2603 26.2560 26.2205 25.3639 17.3368 -7.0778 -46.9986 -40.2861 -29.7755 -3.7910 20.8470 -29.9240 -44.7419 -34.5508 -19.5056 30.4942 -0.3482 -46.6573 -37.9381 -25.2002 31.9245 10.7267 -46.1452 -41.0528 -29.8834 0.2735 18.9928 -36.4576 -43.9195 -33.3982 -16.9259 27.7513 -6.7800 -46.2480 -37.1014 -24.0913 33.2892 9.5846 -45.8514
9.6826 33.0316 -24.3171 -37.2292 -46.2999 -6.1760 27.8914 -16.9941 -33.3982 -43.8992 -36.7276 18.8271 1.1817 -29.7753 -40.9475 -46.2657 10.3852 32.3516 -24.9867 -37.7970 -46.6040 -1.0605 30.1869 -19.2654 -34.4561 -44.6956 -29.9658 21.0257 -5.2454 -30.1840 -40.8959 -46.8159 3.8288 27.5988 5.6254 -15.6249 -16.4991 -16.5368 -16.5379 -16.5380 -16.5380 -16.5380 -16.5380 -16.5380 -16.5380 -16.5380 -16.5380 -16.5380 -16.5380 -16.5380 -16.5380 -16.5380 -16.5380 -16.5380 -16.5380 -16.5380 -16.5380 -16.5380 -16.5380 -16.5380 -16.5380 -16.5380 -16.5379 -16.5368 -16.4991 -15.6249 5.6254 27.5988 3.8288 -46.8159 -40.8959 -30.1840 -5.2454 21.0257 -29.9658 -44.6956 -34.4561 -19.2654 30.1869 -1.0605 -46.6040 -37.7970 -24.9867 32.3516 10.3852 -46.2657 -40.9475 -29.7753 1.1817 18.8271 -36.7276 -43.8992 -33.3982 -16.9941 27.8914 -6.1760 -46.2999 -37.2292 -24.3171 33.0316 9.6826
32.3658 -24.5639 -37.3792 -46.3644 -5.3122 28.1484 -17.1862 -33.4498 -43.9195 -36.7276 18.7699 1.6779 -29.7058 -40.8705 -46.3523 10.0982 32.6674 -24.7921 -37.6656 -46.5497 -1.8036 29.8647 -18.9993 -34.3413 -44.6266 -30.4067 21.0146 -5.7584 -30.3922 -41.2276 -46.4523 7.5569 32.4201 -16.9072 -28.9669 -32.5016 -32.8694 -32.8829 -32.8833 -32.8833 -32.8833 -32.8833 -32.8833 -32.8833 -32.8833 -32.8833 -32.8833 -32.8833 -32.8833 -32.8833 -32.8833 -32.8833 -32.8833 -32.8833 -32.8833 -32.8833 -32.8833 -32.8833 -32.8833 -32.8833 -32.8833 -32.8833 -32.8833 -32.8829 -32.8694 -32.5016 -28.9669 -16.9072 32.4201 7.5569 -46.4523 -41.2276 -30.3922 -5.7584 21.0146 -30.4067 -44.6266 -34.3413 -18.9993 29.8647 -1.8036 -46.5497 -37.6656 -24.7921 32.6674 10.0982 -46.3523 -40.8705 -29.7058 1.6779 18.7699 -36.7276 -43.9195 -33.4498 -17.1862 28.1484 -5.3122 -46.3644 -37.3792 -24.5639 32.3658
-24.1129 -37.5383 -46.4341 -4.3253 28.4861 -17.4687 -33.5472 -43.9760 -36.4576 18.8271 1.6779 -29.6823 -40.8299 -46.4054 9.8853 32.8838 -24.6281 -37.5514 -46.4985 -2.5321 29.5456 -18.7244 -34.2186 -44.5457 -31.0812 20.8819 -5.7365 -30.4738 -41.3932 -46.1259 9.3949 33.6836 -21.1359 -33.2207 -40.6821 -43.9342 -44.2479 -44.2546 -44.2547 -44.2547 -44.2547 -44.2547 -44.2547 -44.2547 -44.2547 -44.2547 -44.2547 -44.2547 -44.2547 -44.2547 -44.2547 -44.2547 -44.2547 -44.2547 -44.2547 -44.2547 -44.2547 -44.2547 -44.2547 -44.2547 -44.2547 -44.2547 -44.2547 -44.2546 -44.2479 -43.9342 -40.6821 -33.2207 -21.1359 33.6836 9.3949 -46.1259 -41.3932 -30.4738 -5.7365 20.8819 -31.0812 -44.5457 -34.2186 -18.7244 29.5456 -2.5321 -46.4985 -37.5514 -24.6281 32.8838 9.8853 -46.4054 -40.8299 -29.6823 1.6779 18.8271 -36.4576 -43.9760 -33.5472 -17.4687 28.4861 -4.3253 -46.4341 -37.5383 -24.1129
-36.6597 -46.5042 -3.3168 28.8718 -17.8059 -33.6783 -44.0617 -35.9323 18.9928 1.1817 -29.7058 -40.8299 -46.4238 9.7686 33.0108 -24.5083 -37.4609 -46.4550 -3.1980 29.2544 -18.4575 -34.0965 -44.4603 -31.8528 20.6752 -5.3614 -30.4734 -41.4537 -45.9189 10.3732 33.3722 -23.0375 -35.2812 -44.0649 -46.9380 -37.7978 -35.2490 -35.1532 -35.1504 -35.1504 -35.1504 -35.1504 -35.1504 -35.1504 -35.1504 -35.1504 -35.1504 -35.1504 -35.1504 -35.1504 -35.1504 -35.1504 -35.1504 -35.1504 -35.1504 -35.1504 -35.1504 -35.1504 -35.1504 -35.1504 -35.1504 -35.1504 -35.1504 -35.1532 -35.2490 -37.7978 -46.9380 -44.0649 -35.2812 -23.0375 33.3722 10.3732 -45.9189 -41.4537 -30.4734 -5.3614 20.6752 -31.8528 -44.4603 -34.0965 -18.4575 29.2544 -3.1980 -46.4550 -37.4609 -24.5083 33.0108 9.7686 -46.4238 -40.8299 -29.7058 1.1817 18.9928 -35.9323 -44.0617 -33.6783 -17.8059 28.8718 -3.3168 -46.5042 -36.6597
-45.7617 -2.3443 29.2757 -18.1684 -33.8298 -44.1686 -35.1948 19.2489 0.2735 -29.7753 -40.8705 -46.4054 9.7686 33.0525 -24.4430 -37.4023 -46.4223 -3.7460 29.0096 -18.2177 -33.9835 -44.3764 -32.6222 20.4343 -4.7613 -30.4231 -41.4486 -45.8299 10.8673 32.7087 -24.0472 -36.4033 -45.3888 -37.5260 9.1705 18.6300 19.8517 19.8871 19.8880 19.8880 19.8880 19.8880 19.8880 19.8880 19.8880 19.8880 19.8880 19.8880 19.8880 19.8880 19.8880 19.8880 19.8880 19.8880 19.8880 19.8880 19.8880 19.8880 19.8880 19.8880 19.8880 19.8880 19.8880 19.8871 19.8517 18.6300 9.1705 -37.5260 -45.3888 -36.4033 -24.0472 32.7087 10.8673 -45.8299 -41.4486 -30.4231 -4.7613 20.4343 -32.6222 -44.3764 -33.9835 -18.2177 29.0096 -3.7460 -46.4223 -37.4023 -24.4430 33.0525 9.7686 -46.4054 -40.8705 -29.7753 0.2735 19.2489 -35.1948 -44.1686 -33.8298 -18.1684 29.2757 -2.3443 -45.7617
-2.0660 29.6817 -18.5317 -33.9910 -44.2852 -34.2886 19.5698 -0.8972 -29.8834 -40.9475 -46.3523 9.8853 33.0108 -24.4430 -37.3815 -46.4044 -4.1080 28.8293 -18.0287 -33.8886 -44.3013 -33.3247 20.1928 -4.0549 -30.3479 -41.4058 -45.8255 11.0695 32.1944 -24.5968 -37.0391 -45.9731 -23.5166 18.0636 33.3056 -1.9192 -6.3955 -6.5074 -6.5103 -6.5103 -6.5103 -6.5103 -6.5103 -6.5103 -6.5103 -6.5103 -6.5103 -6.5103 -6.5103 -6.5103 -6.5103 -6.5103 -6.5103 -6.5103 -6.5103 -6.5103 -6.5103 -6.5103 -6.5103 -6.5103 -6.5103 -6.5103 -6.5103 -6.5074 -6.3955 -1.9192 33.3056 18.0636 -23.5166 -45.9731 -37.0391 -24.5968 32.1944 11.0695 -45.8255 -41.4058 -30.3479 -4.0549 20.1928 -33.3247 -44.3013 -33.8886 -18.0287 28.8293 -4.1080 -46.4044 -37.3815 -24.4430 33.0108 9.8853 -46.3523 -40.9475 -29.8834 -0.8972 19.5698 -34.2886 -44.2852 -33.9910 -18.5317 29.6817 -2.0660
29.8635 -18.8845 -34.1554 -44.4031 -33.2541 19.9302 -2.1963 -30.0191 -41.0528 -46.2657 10.0982 32.8838 -24.5083 -37.4023 -46.4044 -4.2327 28.7353 -17.9047 -33.8197 -44.2415 -33.9047 19.9749 -3.3259 -30.2628 -41.3449 -45.8716 11.0942 31.9362 -24.8794 -37.3962 -46.2568 -13.1796 22.9271 3.6260 -24.5244 -29.6302 -30.1967 -30.2167 -30.2172 -30.2172 -30.2172 -30.2172 -30.2172 -30.2172 -30.2172 -30.2172 -30.2172 -30.2172 -30.2172 -30.2172 -30.2172 -30.2172 -30.2172 -30.2172 -30.2172 -30.2172 -30.2172 -30.2172 -30.2172 -30.2172 -30.2172 -30.2172 -30.2172 -30.2167 -30.1967 -29.6302 -24.5244 3.6260 22.9271 -13.1796 -46.2568 -37.3962 -24.8794 31.9362 11.0942 -45.8716 -41.3449 -30.2628 -3.3259 19.9749 -33.9047 -44.2415 -33.8197 -17.9047 28.7353 -4.2327 -46.4044 -37.4023 -24.5083 32.8838 10.0982 -46.2657 -41.0528 -30.0191 -2.1963 19.9302 -33.2541 -44.4031 -34.1554 -18.8845 29.8635
-18.8254 -34.3198 -44.5211 -32.1360 20.3107 -3.5071 -30.1728 -41.1783 -46.1452 10.3852 32.6674 -24.6281 -37.4609 -46.4223 -4.1080 28.7353 -17.8603 -33.7835 -44.2033 -34.3174 19.8013 -2.6611 -30.1805 -41.2771 -45.9403 11.0191 31.8873 -25.0006 -37.5849 -46.4016 -7.8029 25.6760 -10.5395 -29.2933 -37.2938 -41.4114 -41.9577 -41.9738 -41.9742 -41.9742 -41.9742 -41.9742 -41.9742 -41.9742 -41.9742 -41.9742 -41.9742 -41.9742 -41.9742 -41.9742 -41.9742 -41.9742 -41.9742 -41.9742 -41.9742 -41.9742 -41.9742 -41.9742 -41.9742 -41.9742 -41.9742 -41.9742 -41.9742 -41.9738 -41.9577 -41.4114 -37.2938 -29.2933 -10.5395 25.6760 -7.8029 -46.4016 -37.5849 -25.0006 31.8873 11.0191 -45.9403 -41.2771 -30.1805 -2.6611 19.8013 -34.3174 -44.2033 -33.7835 -17.8603 28.7353 -4.1080 -46.4223 -37.4609 -24.6281 32.6674 10.3852 -46.1452 -41.1783 -30.1728 -3.5071 20.3107 -32.1360 -44.5211 -34.3198 -18.8254
-33.4173 -44.6391 -30.9468 20.7003 -4.7558 -30.3368 -41.3155 -45.9941 10.7267 32.3516 -24.7921 -37.5514 -46.4550 -3.7460 28.8293 -17.9047 -33.7835 -44.1907 -34.5323 19.6884 -2.1579 -30.1130 -41.2152 -46.0105 10.8962 31.9654 -25.0266 -37.6701 -46.4744 -5.1600 27.2815 -14.5492 -31.3142 -40.7142 -46.9234 -46.1201 -44.9632 -44.8955 -44.8935 -44.8935 -44.8935 -44.8935 -44.8935 -44.8935 -44.8935 -44.8935 -44.8935 -44.8935 -44.8935 -44.8935 -44.8935 -44.8935 -44.8935 -44.8935 -44.8935 -44.8935 -44.8935 -44.8935 -44.8935 -44.8935 -44.8935 -44.8935 -44.8935 -44.8955 -44.9632 -46.1201 -46.9234 -40.7142 -31.3142 -14.5492 27.2815 -5.1600 -46.4744 -37.6701 -25.0266 31.9654 10.8962 -46.0105 -41.2152 -30.1130 -2.1579 19.6884 -34.5323 -44.1907 -33.7835 -17.9047 28.8293 -3.7460 -46.4550 -37.5514 -24.7921 32.3516 10.7267 -45.9941 -41.3155 -30.3368 -4.7558 20.7003 -30.9468 -44.6391 -33.4173
-43.8311 -29.6982 21.0946 -5.9124 -30.5029 -41.4565 -45.8150 11.0998 31.9245 -24.9867 -37.6656 -46.4985 -3.1980 29.0096 -18.0287 -33.8197 -44.2033 -34.5323 19.6488 -1.8821 -30.0689 -41.1695 -46.0691 10.7662 32.0938 -25.0012 -37.6965 -46.5075 -3.8514 28.2072 -16.3285 -32.4195 -42.3383 -46.6211 -4.1003 11.9070 13.7235 13.7868 13.7881 13.7881 13.7881 13.7881 13.7881 13.7881 13.7881 13.7881 13.7881 13.7881 13.7881 13.7881 13.7881 13.7881 13.7881 13.7881 13.7881 13.7881 13.7881 13.7881 13.7881 13.7881 13.7881 13.7881 13.7881 13.7868 13.7235 11.9070 -4.1003 -46.6211 -42.3383 -32.4195 -16.3285 28.2072 -3.8514 -46.5075 -37.6965 -25.0012 32.0938 10.7662 -46.0691 -41.1695 -30.0689 -1.8821 19.6488 -34.5323 -44.2033 -33.8197 -18.0287 29.0096 -3.1980 -46.4985 -37.6656 -24.9867 31.9245 11.0998 -45.8150 -41.4565 -30.5029 -5.9124 21.0946 -29.6982 -43.8311
-29.0209 21.4920 -6.9654 -30.6675 -41.5987 -45.6113 11.4867 31.3880 -25.2002 -37.7970 -46.5497 -2.5321 29.2544 -18.2177 -33.8886 -44.2415 -34.3174 19.6884 -1.8821 -30.0533 -41.1447 -46.1062 10.6633 32.2130 -24.9558 -37.6907 -46.5190 -3.2268 28.7205 -17.2433 -33.0609 -43.1908 -44.2911 8.9219 28.6533 28.3384 21.1737 20.8528 20.8453 20.8453 20.8453 20.8453 20.8453 20.8453 20.8453 20.8453 20.8453 20.8453 20.8453 20.8453 20.8453 20.8453 20.8453 20.8453 20.8453 20.8453 20.8453 20.8453 20.8453 20.8453 20.8453 20.8453 20.8453 20.8528 21.1737 28.3384 28.6533 8.9219 -44.2911 -43.1908 -33.0609 -17.2433 28.7205 -3.2268 -46.5190 -37.6907 -24.9558 32.2130 10.6633 -46.1062 -41.1447 -30.0533 -1.8821 19.6884 -34.3174 -44.2415 -33.8886 -18.2177 29.2544 -2.5321 -46.5497 -37.7970 -25.2002 31.3880 11.4867 -45.6113 -41.5987 -30.6675 -6.9654 21.4920 -29.0209
21.6282 -7.9256 -30.8308 -41.7383 -45.3877 11.8740 30.7465 -25.4242 -37.9381 -46.6040 -1.8036 29.5456 -18.4575 -33.9835 -44.3013 -33.9047 19.8013 -2.1579 -30.0689 -41.1447 -46.1186 10.6091 32.2932 -24.9141 -37.6727 -46.5190 -2.9652 28.9851 -17.7312 -33.4357 -43.6644 -41.4383 13.3897 33.5082 -18.2734 -26.1019 -27.1288 -27.1724 -27.1731 -27.1731 -27.1731 -27.1731 -27.1731 -27.1731 -27.1731 -27.1731 -27.1731 -27.1731 -27.1731 -27.1731 -27.1731 -27.1731 -27.1731 -27.1731 -27.1731 -27.1731 -27.1731 -27.1731 -27.1731 -27.1731 -27.1731 -27.1731 -27.1731 -27.1724 -27.1288 -26.1019 -18.2734 33.5082 13.3897 -41.4383 -43.6644 -33.4357 -17.7312 28.9851 -2.9652 -46.5190 -37.6727 -24.9141 32.2932 10.6091 -46.1186 -41.1447 -30.0689 -2.1579 19.8013 -33.9047 -44.3013 -33.9835 -18.4575 29.5456 -1.8036 -46.6040 -37.9381 -25.4242 30.7465 11.8740 -45.3877 -41.7383 -30.8308 -7.9256 21.6282
-8.6342 -30.9898 -41.8741 -45.1473 12.2501 30.0154 -25.6473 -38.0812 -46.6573 -1.0605 29.8647 -18.7244 -34.0965 -44.3764 -33.3247 19.9749 -2.6611 -30.1130 -41.1695 -46.1062 10.6091 32.3212 -24.8894 -37.6574 -46.5151 -2.8867 29.1098 -17.9854 -33.6513 -43.9319 -38.9701 15.8928 26.4339 -24.0751 -33.7766 -38.6150 -39.4589 -39.4949 -39.4959 -39.4959 -39.4959 -39.4959 -39.4959 -39.4959 -39.4959 -39.4959 -39.4959 -39.4959 -39.4959 -39.4959 -39.4959 -39.4959 -39.4959 -39.4959 -39.4959 -39.4959 -39.4959 -39.4959 -39.4959 -39.4959 -39.4959 -39.4959 -39.4959 -39.4949 -39.4589 -38.6150 -33.7766 -24.0751 26.4339 15.8928 -38.9701 -43.9319 -33.6513 -17.9854 29.1098 -2.8867 -46.5151 -37.6574 -24.8894 32.3212 10.6091 -46.1062 -41.1695 -30.1130 -2.6611 19.9749 -33.3247 -44.3764 -34.0965 -18.7244 29.8647 -1.0605 -46.6573 -38.0812 -25.6473 30.0154 12.2501 -45.1473 -41.8741 -30.9898 -8.6342
-30.0308 -42.0042 -44.8963 12.6097 29.2169 -25.8617 -38.2211 -46.7077 -0.3482 30.1869 -18.9993 -34.2186 -44.4603 -32.6222 20.1928 -3.3259 -30.1805 -41.2152 -46.0691 10.6633 32.2932 -24.8894 -37.6514 -46.5119 -2.8734 29.1584 -18.1092 -33.7707 -44.0833 -37.1653 17.4230 16.0960 -26.6217 -37.0474 -44.6852 -47.5153 -47.4672 -47.4351 -47.4338 -47.4338 -47.4338 -47.4338 -47.4338 -47.4338 -47.4338 -47.4338 -47.4338 -47.4338 -47.4338 -47.4338 -47.4338 -47.4338 -47.4338 -47.4338 -47.4338 -47.4338 -47.4338 -47.4338 -47.4338 -47.4338 -47.4338 -47.4338 -47.4338 -47.4351 -47.4672 -47.5153 -44.6852 -37.0474 -26.6217 16.0960 17.4230 -37.1653 -44.0833 -33.7707 -18.1092 29.1584 -2.8734 -46.5119 -37.6514 -24.8894 32.2932 10.6633 -46.0691 -41.2152 -30.1805 -3.3259 20.1928 -32.6222 -44.4603 -34.2186 -18.9993 30.1869 -0.3482 -46.7077 -38.2211 -25.8617 29.2169 12.6097 -44.8963 -42.0042 -30.0308
-41.1343 -44.6440 12.9444 28.3820 -26.0623 -38.3520 -46.7529 0.2986 30.4942 -19.2654 -34.3413 -44.5457 -31.8528 20.4343 -4.0549 -30.2628 -41.2771 -46.0105 10.7662 32.2130 -24.9141 -37.6574 -46.5119 -2.8745 29.1737 -18.1608 -33.8314 -44.1652 -35.9886 18.3625 8.4201 -28.0254 -38.7211 -46.4862 -33.4177 3.6371 6.9957 7.1357 7.1413 7.1413 7.1413 7.1413 7.1413 7.1413 7.1413 7.1413 7.1413 7.1413 7.1413 7.1413 7.1413 7.1413 7.1413 7.1413 7.1413 7.1413 7.1413 7.1413 7.1413 7.1413 7.1413 7.1413 7.1413 7.1357 6.9957 3.6371 -33.4177 -46.4862 -38.7211 -28.0254 8.4201 18.3625 -35.9886 -44.1652 -33.8314 -18.1608 29.1737 -2.8745 -46.5119 -37.6574 -24.9141 32.2130 10.7662 -46.0105 -41.2771 -30.2628 -4.0549 20.4343 -31.8528 -44.5457 -34.3413 -19.2654 30.4942 0.2986 -46.7529 -38.3520 -26.0623 28.3820 12.9444 -44.6440 -41.1343
-44.0658 13.2397 27.5698 -26.2409 -38.4688 -46.7910 0.8546 30.7697 -19.5056 -34.4561 -44.6266 -31.0812 20.6752 -4.7613 -30.3479 -41.3449 -45.9403 10.8962 32.0938 -24.9558 -37.6727 -46.5151 -2.8734 29.1737 -18.1737 -33.8564 -44.2043 -35.3057 18.9128 4.0661 -28.8464 -39.6520 -46.9147 -7.1956 19.7315 32.4058 33.3506 33.3360 33.3357 33.3357 33.3357 33.3357 33.3357 33.3357 33.3357 33.3357 33.3357 33.3357 33.3357 33.3357 33.3357 33.3357 33.3357 33.3357 33.3357 33.3357 33.3357 33.3357 33.3357 33.3357 33.3357 33.3357 33.3357 33.3360 33.3506 32.4058 19.7315 -7.1956 -46.9147 -39.6520 -28.8464 4.0661 18.9128 -35.3057 -44.2043 -33.8564 -18.1737 29.1737 -2.8734 -46.5151 -37.6727 -24.9558 32.0938 10.8962 -45.9403 -41.3449 -30.3479 -4.7613 20.6752 -31.0812 -44.6266 -34.4561 -19.5056 30.7697 0.8546 -46.7910 -38.4688 -26.2409 27.5698 13.2397 -44.0658
13.1764 26.8670 -26.3850 -38.5634 -46.8197 1.2849 30.9881 -19.6996 -34.5508 -44.6956 -30.4067 20.8819 -5.3614 -30.4231 -41.4058 -45.8716 11.0191 31.9654 -25.0012 -37.6907 -46.5190 -2.8867 29.1584 -18.1608 -33.8564 -44.2163 -34.9946 19.1864 1.8480 -29.3164 -40.1855 -46.9563 2.0140 27.5306 -3.7206 -21.7737 -23.4241 -23.5059 -23.5086 -23.5086 -23.5086 -23.5086 -23.5086 -23.5086 -23.5086 -23.5086 -23.5086 -23.5086 -23.5086 -23.5086 -23.5086 -23.5086 -23.5086 -23.5086 -23.5086 -23.5086 -23.5086 -23.5086 -23.5086 -23.5086 -23.5086 -23.5086 -23.5086 -23.5059 -23.4241 -21.7737 -3.7206 27.5306 2.0140 -46.9563 -40.1855 -29.3164 1.8480 19.1864 -34.9946 -44.2163 -33.8564 -18.1608 29.1584 -2.8867 -46.5190 -37.6907 -25.0012 31.9654 11.0191 -45.8716 -41.4058 -30.4231 -5.3614 20.8819 -30.4067 -44.6956 -34.5508 -19.6996 30.9881 1.2849 -46.8197 -38.5634 -26.3850 26.8670 13.1764
26.0772 -26.4779 -38.6237 -46.8365 1.5461 31.1206 -19.8182 -34.6091 -44.7419 -29.9658 21.0146 -5.7365 -30.4734 -41.4486 -45.8255 11.0942 31.8873 -25.0266 -37.6965 -46.5190 -2.9652 29.1098 -18.1092 -33.8314 -44.2043 -34.9946 19.2649 0.9079 -29.5411 -40.4791 -46.8609 5.4224 31.3999 -16.6286 -29.9910 -35.4464 -36.6181 -36.6760 -36.6776 -36.6776 -36.6776 -36.6776 -36.6776 -36.6776 -36.6776 -36.6776 -36.6776 -36.6776 -36.6776 -36.6776 -36.6776 -36.6776 -36.6776 -36.6776 -36.6776 -36.6776 -36.6776 -36.6776 -36.6776 -36.6776 -36.6776 -36.6776 -36.6776 -36.6760 -36.6181 -35.4464 -29.9910 -16.6286 31.3999 5.4224 -46.8609 -40.4791 -29.5411 0.9079 19.2649 -34.9946 -44.2043 -33.8314 -18.1092 29.1098 -2.9652 -46.5190 -37.6965 -25.0266 31.8873 11.0942 -45.8255 -41.4486 -30.4734 -5.7365 21.0146 -29.9658 -44.7419 -34.6091 -19.8182 31.1206 1.5461 -46.8365 -38.6237 -26.4779 26.0772
-25.6588 -38.6331 -46.8380 1.5703 31.1328 -19.8307 -34.6123 -44.7514 -29.9240 21.0257 -5.7585 -30.4738 -41.4537 -45.8300 11.0695 31.9362 -25.0006 -37.6701 -46.5075 -3.2268 28.9851 -17.9854 -33.7707 -44.1652 -35.3056 19.1864 0.9079 -29.6005 -40.6087 -46.7544 7.0152 33.0068 -20.0212 -33.0322 -41.3705 -46.0149 -46.7431 -46.7567 -46.7557 -46.7557 -46.7557 -46.7557 -46.7557 -46.7557 -46.7557 -46.7557 -46.7557 -46.7557 -46.7557 -46.7557 -46.7557 -46.7557 -46.7558 -46.7557 -46.7557 -46.7557 -46.7557 -46.7557 -46.7557 -46.7557 -46.7557 -46.7557 -46.7557 -46.7567 -46.7431 -46.0149 -41.3705 -33.0322 -20.0212 33.0068 7.0152 -46.7544 -40.6087 -29.6005 0.9079 19.1864 -35.3057 -44.1652 -33.7707 -17.9854 28.9851 -3.2268 -46.5075 -37.6701 -25.0006 31.9362 11.0695 -45.8299 -41.4537 -30.4738 -5.7584 21.0257 -29.9240 -44.7514 -34.6123 -19.8307 31.1328 1.5703 -46.8380 -38.6331 -25.6588
-37.5308 -46.8185 1.2417 30.9695 -19.6898 -34.5359 -44.7082 -30.4977 20.8470 -5.2455 -30.3922 -41.3934 -45.9189 10.8681 32.1921 -24.8794 -37.5849 -46.4744 -3.8514 28.7205 -17.7312 -33.6513 -44.0833 -35.9886 18.9129 1.8479 -29.5411 -40.6087 -46.7125 7.6834 33.5077 -21.5174 -34.5457 -43.7464 -46.3553 -19.8571 -7.8893 -7.3753 -7.3547 -7.3567 -7.3567 -7.3567 -7.3567 -7.3567 -7.3567 -7.3567 -7.3567 -7.3567 -7.3567 -7.3567 -7.3567 -7.3567 -7.3548 -7.3567 -7.3567 -7.3567 -7.3567 -7.3567 -7.3567 -7.3567 -7.3567 -7.3567 -7.3566 -7.3755 -7.8893 -19.8571 -46.3553 -43.7464 -34.5456 -21.5174 33.5077 7.6834 -46.7125 -40.6087 -29.5411 1.8480 18.9128 -35.9886 -44.0833 -33.6513 -17.7312 28.7205 -3.8514 -46.4744 -37.5849 -24.8794 32.1944 10.8673 -45.9189 -41.3932 -30.3922 -5.2454 20.8470 -30.4977 -44.7082 -34.5359 -19.6898 30.9695 1.2417 -46.8185 -37.5308
-45.9840 0.3277 30.5189 -19.3011 -34.3362 -44.5854 -31.9557 20.3738 -3.7911 -30.1841 -41.2279 -46.1251 10.3741 32.7069 -24.5968 -37.3962 -46.4016 -5.1596 28.2075 -17.2433 -33.4357 -43.9321 -37.1652 18.3627 4.0649 -29.3166 -40.4792 -46.7544 7.6835 33.6023 -22.1326 -35.2807 -44.7303 -40.3373 9.6346 23.3265 27.0153 27.2012 27.2099 27.2081 27.2082 27.2082 27.2082 27.2082 27.2082 27.2082 27.2082 27.2082 27.2082 27.2082 27.2082 27.2081 27.2098 27.2080 27.2080 27.2080 27.2080 27.2080 27.2080 27.2080 27.2080 27.2080 27.2080 27.2011 27.0151 23.3265 9.6345 -40.3373 -44.7303 -35.2807 -22.1326 33.6023 7.6834 -46.7544 -40.4791 -29.3164 4.0661 18.3625 -37.1653 -43.9319 -33.4357 -17.2433 28.2072 -5.1600 -46.4016 -37.3962 -24.5968 32.7087 10.3732 -46.1259 -41.2276 -30.1840 -3.7910 20.3737 -31.9573 -44.5854 -34.3363 -19.3011 30.5189 0.3273 -45.9840
-2.3428 29.5839 -18.4798 -33.9379 -44.3269 -34.5648 19.3986 -0.4286 -29.7757 -40.8963 -46.4511 9.3972 33.3718 -24.0482 -37.0393 -46.2569 -7.7998 27.2825 -16.3293 -33.0611 -43.6648 -38.9699 17.4247 8.4135 -28.8467 -40.1862 -46.8609 7.0160 33.5079 -22.1328 -35.5037 -45.1033 -34.1371 15.5703 33.6270 -10.6699 -15.8596 -16.0501 -16.0588 -16.0563 -16.0563 -16.0563 -16.0563 -16.0563 -16.0563 -16.0563 -16.0563 -16.0562 -16.0561 -16.0561 -16.0560 -16.0560 -16.0581 -16.0553 -16.0553 -16.0553 -16.0553 -16.0553 -16.0553 -16.0553 -16.0553 -16.0553 -16.0553 -16.0492 -15.8593 -10.6681 33.6272 15.5690 -34.1375 -45.1032 -35.5027 -22.1326 33.5077 7.0152 -46.8609 -40.1855 -28.8464 8.4201 17.4230 -38.9701 -43.6644 -33.0609 -16.3285 27.2815 -7.8029 -46.2568 -37.0391 -24.0472 33.3722 9.3949 -46.4523 -40.8959 -29.7755 -0.4274 19.3982 -34.5673 -44.3269 -33.9380 -18.4797 29.5834 -2.3450
27.5751 -16.8212 -33.2088 -43.8242 -38.4274 17.6133 7.2966 -28.9531 -40.2866 -46.8155 7.5629 33.6836 -23.0393 -36.4041 -45.9735 -13.1750 25.6784 -14.5515 -32.4202 -43.1918 -41.4343 15.8963 16.0726 -28.0270 -39.6542 -46.9563 5.4243 33.0076 -21.5196 -35.2823 -45.1043 -31.6928 17.9766 23.4619 -22.9726 -30.2284 -31.6268 -31.7032 -31.7050 -31.7050 -31.7050 -31.7050 -31.7050 -31.7050 -31.7050 -31.7050 -31.7050 -31.7049 -31.7048 -31.7047 -31.7045 -31.7042 -31.7040 -31.7038 -31.7036 -31.7036 -31.7036 -31.7036 -31.7036 -31.7036 -31.7036 -31.7036 -31.7036 -31.7015 -31.6250 -30.2267 -22.9692 23.4722 17.9738 -31.6992 -45.1032 -35.2807 -21.5174 33.0068 5.4224 -46.9563 -39.6520 -28.0254 16.0960 15.8928 -41.4383 -43.1908 -32.4195 -14.5492 25.6760 -13.1796 -45.9731 -36.4033 -23.0375 33.6836 7.5569 -46.8159 -40.2861 -28.9521 7.3094 17.6120 -38.4291 -43.8227 -33.2083 -16.8171 27.5721
-12.7852 -31.8910 -42.8451 -43.0189 14.5758 22.0481 -27.3203 -39.1716 -46.9977 3.8440 32.4250 -21.1418 -35.2840 -45.3911 -23.4830 22.9380 -10.5558 -31.3179 -42.3417 -44.2810 13.4004 26.4075 -26.6259 -38.7248 -46.9145 2.0272 31.4068 -20.0276 -34.5481 -44.7317 -34.1139 17.9826 16.6388 -25.7893 -35.1559 -40.7626 -42.0540 -42.1151 -42.1165 -42.1165 -42.1165 -42.1165 -42.1165 -42.1165 -42.1164 -42.1168 -42.1167 -42.1164 -42.1162 -42.1156 -42.1151 -42.1143 -42.1138 -42.1138 -42.1134 -42.1133 -42.1132 -42.1132 -42.1130 -42.1130 -42.1130 -42.1130 -42.1128 -42.1115 -42.0504 -40.7579 -35.1507 -25.7846 16.6871 17.9738 -34.1375 -44.7303 -34.5456 -20.0212 31.3999 2.0140 -46.9147 -38.7211 -26.6217 26.4339 13.3897 -44.2911 -42.3383 -31.3142 -10.5395 22.9271 -23.5166 -45.3888 -35.2812 -21.1359 32.4201 3.8288 -46.9986 -39.1695 -27.3166 22.0879 14.5694 -43.0298 -42.8401 -31.8859 -12.7665
-28.2104 -40.7951 -46.6748 8.9937 33.4954 -24.1227 -37.0482 -46.5777 -6.9704 27.6454 -16.9434 -33.2355 -44.0746 -37.4502 18.1010 3.4547 -29.3132 -40.7271 -46.6087 8.9608 33.4959 -24.0934 -37.0581 -46.4873 -7.1018 27.5587 -16.6550 -33.0422 -43.7515 -40.2933 15.5975 23.3610 -25.8003 -36.4228 -44.5044 -47.7321 -47.6177 -47.5692 -47.5670 -47.5667 -47.5667 -47.5667 -47.5667 -47.5668 -47.5670 -47.5671 -47.5682 -47.5685 -47.5696 -47.5709 -47.5729 -47.5745 -47.5767 -47.5778 -47.5790 -47.5792 -47.5801 -47.5802 -47.5802 -47.5802 -47.5802 -47.5802 -47.5802 -47.5824 -47.6302 -47.7362 -44.4940 -36.4098 -25.7846 23.4722 15.5690 -40.3373 -43.7464 -33.0322 -16.6286 27.5306 -7.1956 -46.4862 -37.0474 -24.0751 33.5082 8.9219 -46.6211 -40.7142 -29.2933 3.6260 18.0636 -37.5260 -44.0649 -33.2207 -16.9072 27.5988 -7.0778 -46.5761 -37.0336 -24.1005 33.5120 8.9513 -46.6931 -40.7789 -28.1876
-34.9426 -46.3598 -13.1508 25.7345 -15.5611 -32.6008 -43.8476 -39.0492 17.4970 4.8428 -29.0518 -40.7434 -46.8775 9.3294 33.2084 -24.6172 -37.3557 -46.9365 -3.7412 28.8052 -18.3932 -33.8320 -44.7191 -33.0893 19.8466 -4.0848 -30.0418 -41.4089 -46.2961 9.7462 33.5918 -23.0407 -35.1993 -44.5289 -46.5749 -27.9691 -20.2054 -19.8293 -19.8120 -19.8115 -19.8121 -19.8119 -19.8166 -19.8250 -19.8328 -19.8488 -19.8833 -19.9271 -19.9985 -20.0884 -20.2026 -20.3132 -20.4219 -20.5039 -20.5657 -20.6039 -20.6418 -20.6543 -20.6618 -20.6628 -20.6635 -20.6634 -20.6634 -20.6717 -21.0630 -28.6185 -46.6591 -44.4940 -35.1507 -22.9692 33.6272 9.6345 -46.3553 -41.3705 -29.9910 -3.7206 19.7315 -33.4177 -44.6852 -33.7766 -18.2734 28.6533 -4.1003 -46.9234 -37.2938 -24.5244 33.3056 9.1705 -46.9380 -40.6821 -28.9669 5.6254 17.3368 -39.3768 -43.7883 -32.5197 -15.3445 25.5329 -13.9052 -46.3120 -34.8477
-37.1695 -47.4417 2.9138 32.2911 -21.6798 -35.5527 -46.2055 -13.7538 26.0890 -16.3862 -32.7981 -44.1720 -36.2785 19.2743 -4.1694 -29.9276 -41.6724 -45.7061 12.5386 26.6153 -26.4477 -38.8700 -47.5312 4.4676 32.7544 -22.1439 -35.6780 -46.1515 -17.8348 23.8428 -11.5482 -30.4546 -40.9684 -47.7373 -26.4689 -1.5889 -0.1260 -0.0739 -0.0722 -0.0723 -0.0727 -0.0762 -0.0819 -0.0910 -0.1097 -0.1455 -0.2086 -0.3058 -0.4410 -0.6170 -0.8196 -1.0320 -1.2340 -1.4042 -1.5365 -1.6277 -1.6851 -1.7179 -1.7343 -1.7427 -1.7464 -1.7471 -1.7470 -1.7502 -1.8044 -3.3716 -28.6186 -47.7363 -40.7579 -30.2267 -10.6681 23.3265 -19.8571 -46.0149 -35.4464 -21.7737 32.4058 3.6371 -47.5153 -38.6150 -26.1019 28.3384 11.9070 -46.1201 -41.4114 -29.6302 -1.9192 18.6300 -37.7978 -43.9342 -32.5016 -15.6249 25.3639 -16.4925 -46.0124 -35.2408 -21.1722 31.7371 1.6571 -47.3574 -36.8445
-37.5912 -47.4789 4.6001 32.9798 -22.4671 -36.0842 -46.5139 -8.6374 27.7444 -17.8982 -33.4884 -44.7404 -31.1310 21.3317 -9.8596 -30.8492 -42.5358 -43.4989 15.2084 13.9175 -27.9260 -40.0695 -47.2541 8.7019 32.8458 -24.2911 -37.2283 -47.0302 -3.7698 28.5098 -17.3332 -32.2471 -42.6179 -47.3448 -15.1972 1.2443 1.9876 2.0154 2.0166 2.0160 2.0136 2.0100 2.0008 1.9836 1.9514 1.8898 1.7848 1.6206 1.3901 1.0943 0.7500 0.3870 0.0412 -0.2565 -0.4864 -0.6472 -0.7483 -0.8079 -0.8380 -0.8542 -0.8604 -0.8631 -0.8634 -0.8631 -0.8978 -1.8054 -21.0647 -47.6302 -42.0505 -31.6250 -15.8593 27.0151 -7.8893 -46.7431 -36.6181 -23.4241 33.3506 6.9957 -47.4672 -39.4589 -27.1288 21.1737 13.7235 -44.9632 -41.9577 -30.1967 -6.3955 19.8517 -35.2490 -44.2479 -32.8694 -16.4991 26.2205 -13.7810 -46.1490 -35.4699 -21.5081 32.1034 2.3606 -47.3668 -36.9770
-38.0132 -47.4836 5.9709 33.3035 -23.1079 -36.5147 -46.7406 -5.4928 28.8139 -18.7980 -33.9308 -45.0740 -27.6983 22.4080 -11.7889 -31.3105 -42.9350 -42.1348 16.2843 8.0989 -28.5043 -40.5151 -46.9392 9.9388 31.6914 -24.9567 -37.7147 -47.2034 -0.9925 29.7409 -18.4349 -32.7706 -43.0799 -46.9466 -10.9742 3.0040 3.6481 3.6722 3.6730 3.6716 3.6695 3.6629 3.6508 3.6251 3.5740 3.4797 3.3193 3.0698 2.7173 2.2642 1.7328 1.1683 0.6243 0.1518 -0.2182 -0.4793 -0.6465 -0.7418 -0.7929 -0.8166 -0.8283 -0.8320 -0.8323 -0.8338 -0.8642 -1.7521 -20.6738 -47.5824 -42.1118 -31.7017 -16.0492 27.2011 -7.3755 -46.7567 -36.6760 -23.5059 33.3360 7.1357 -47.4351 -39.4949 -27.1724 20.8528 13.7868 -44.8955 -41.9738 -30.2167 -6.5074 19.8871 -35.1532 -44.2546 -32.8829 -16.5368 26.2560 -13.6666 -46.1526 -35.4804 -21.5226 32.1159 2.3814 -47.3650 -36.9821
-38.5959 -47.3837 7.6977 33.2137 -23.9566 -37.1063 -47.0202 -1.9307 30.2067 -19.9173 -34.5273 -45.5066 -22.5472 23.8581 -13.8711 -31.9111 -43.4476 -39.9656 17.6684 1.3589 -29.2151 -41.0688 -46.3921 11.3784 29.2136 -25.7323 -38.2916 -47.3752 1.6707 31.0476 -19.5796 -33.3684 -43.6069 -46.3150 -6.3644 5.0850 5.6518 5.6733 5.6736 5.6725 5.6689 5.6614 5.6445 5.6078 5.5345 5.4005 5.1740 4.8234 4.3273 3.6886 2.9353 2.1269 1.3388 0.6444 0.0943 -0.2987 -0.5517 -0.6979 -0.7747 -0.8112 -0.8263 -0.8314 -0.8324 -0.8336 -0.8662 -1.7519 -20.6669 -47.5802 -42.1129 -31.7036 -16.0553 27.2080 -7.3566 -46.7557 -36.6776 -23.5086 33.3357 7.1413 -47.4338 -39.4959 -27.1731 20.8453 13.7881 -44.8935 -41.9742 -30.2172 -6.5103 19.8880 -35.1504 -44.2547 -32.8833 -16.5379 26.2603 -13.6596 -46.1532 -35.4805 -21.5233 32.1164 2.3823 -47.3648 -36.9823
-39.3519 -47.0125 9.7489 31.7831 -25.0186 -37.8735 -47.3071 1.7070 31.8109 -21.2439 -35.3002 -46.0291 -15.3919 25.7680 -16.0529 -32.6869 -44.0917 -36.2692 19.4278 -5.2118 -30.0105 -41.7799 -45.3043 13.1857 23.7684 -26.7153 -39.0392 -47.4792 4.4906 32.4528 -20.9188 -34.1407 -44.2686 -45.1172 -1.6526 7.4259 7.9330 7.9518 7.9520 7.9503 7.9464 7.9366 7.9132 7.8627 7.7629 7.5803 7.2757 6.8077 6.1510 5.3057 4.3111 3.2362 2.1770 1.2300 0.4671 -0.0824 -0.4406 -0.6504 -0.7584 -0.8077 -0.8272 -0.8338 -0.8349 -0.8364 -0.8676 -1.7530 -20.6677 -47.5802 -42.1130 -31.7036 -16.0553 27.2080 -7.3567 -46.7557 -36.6776 -23.5086 33.3357 7.1413 -47.4338 -39.4959 -27.1731 20.8453 13.7881 -44.8935 -41.9742 -30.2172 -6.5103 19.8880 -35.1504 -44.2547 -32.8833 -16.5380 26.2607 -13.6573 -46.1530 -35.4805 -21.5233 32.1164 2.3823 -47.3648 -36.9824
-40.2646 -46.0734 12.0804 27.1439 -26.2593 -38.7995 -47.4790 5.1182 33.1377 -22.7061 -36.2369 -46.5897 -7.5017 28.1042 -18.2034 -33.6293 -44.8384 -30.1473 21.6393 -10.4473 -30.9744 -42.6316 -43.2107 15.3688 13.5185 -27.8949 -39.9460 -47.3336 7.3475 33.3512 -22.4080 -35.0873 -45.0359 -42.9012 2.5774 9.9476 10.4123 10.4294 10.4293 10.4274 10.4219 10.4083 10.3776 10.3089 10.1727 9.9279 9.5251 8.9173 8.0737 7.0064 5.7560 4.4127 3.0772 1.8649 0.8780 0.1531 -0.3256 -0.6081 -0.7536 -0.8129 -0.8332 -0.8380 -0.8390 -0.8391 -0.8701 -1.7548 -20.6679 -47.5802 -42.1129 -31.7036 -16.0553 27.2080 -7.3567 -46.7557 -36.6776 -23.5086 33.3357 7.1413 -47.4338 -39.4959 -27.1731 20.8453 13.7881 -44.8935 -41.9742 -30.2172 -6.5103 19.8880 -35.1504 -44.2547 -32.8833 -16.5380 26.2608 -13.6573 -46.1530 -35.4805 -21.5233 32.1164 2.3823 -47.3648 -36.9824
-41.2933 -44.0769 14.6569 16.7083 -27.6542 -39.8698 -47.2992 8.3250 32.9800 -24.2717 -37.3260 -47.1087 -0.8322 30.6698 -20.2877 -34.7311 -45.6454 -20.7558 24.3250 -14.4427 -32.0883 -43.5876 -39.3603 17.9246 0.6695 -29.2118 -40.9810 -46.6505 10.1883 32.3452 -23.9822 -36.1788 -45.8462 -38.8846 6.2366 12.6033 13.0469 13.0631 13.0626 13.0594 13.0523 13.0347 12.9915 12.8994 12.7096 12.3767 11.8429 11.0624 9.9973 8.6769 7.1676 5.5651 3.9674 2.5055 1.2905 0.3931 -0.2185 -0.5906 -0.7772 -0.8368 -0.8471 -0.8467 -0.8438 -0.8429 -0.8721 -1.7556 -20.6702 -47.5802 -42.1129 -31.7036 -16.0553 27.2080 -7.3567 -46.7557 -36.6776 -23.5086 33.3357 7.1413 -47.4338 -39.4959 -27.1731 20.8453 13.7881 -44.8935 -41.9742 -30.2172 -6.5103 19.8880 -35.1504 -44.2547 -32.8833 -16.5380 26.2608 -13.6573 -46.1530 -35.4805 -21.5233 32.1164 2.3823 -47.3648 -36.9824
-42.3668 -40.3508 17.4562 2.2876 -29.1291 -41.0042 -46.4471 11.3291 29.0953 -25.8567 -38.4960 -47.4523 4.0608 32.7972 -22.2230 -35.9178 -46.4076 -10.0420 27.2898 -17.4904 -33.2877 -44.5656 -32.8038 20.6767 -8.2337 -30.4386 -42.0792 -45.0089 13.0145 26.9831 -25.5772 -37.3585 -46.6006 -32.1246 9.4360 15.3466 15.7882 15.8042 15.8031 15.7994 15.7892 15.7648 15.7099 15.5923 15.3065 14.8558 14.1317 13.1533 11.8203 10.2279 8.4489 6.6264 4.7900 3.1160 1.6660 0.6403 -0.1033 -0.6125 -0.8568 -0.8912 -0.8741 -0.8582 -0.8501 -0.8451 -0.8734 -1.7567 -20.6704 -47.5802 -42.1129 -31.7036 -16.0553 27.2080 -7.3567 -46.7557 -36.6776 -23.5086 33.3357 7.1413 -47.4338 -39.4959 -27.1731 20.8453 13.7881 -44.8935 -41.9742 -30.2172 -6.5103 19.8880 -35.1504 -44.2547 -32.8833 -16.5380 26.2608 -13.6573 -46.1530 -35.4805 -21.5233 32.1164 2.3823 -47.3648 -36.9824
-43.3709 -34.4373 20.1679 -7.2762 -30.3482 -42.0917 -44.6282 14.0945 19.4564 -27.3502 -39.6377 -47.3922 7.6613 33.2333 -23.9280 -37.0811 -47.0123 -2.1235 30.1089 -19.8298 -34.4649 -45.4559 -23.4962 23.5087 -13.2470 -31.6361 -43.1288 -42.0363 15.7275 15.6218 -27.0787 -38.5174 -47.1722 -22.6596 12.2236 18.0338 18.4865 18.5023 18.5009 18.4953 18.4817 18.4500 18.3861 18.3110 17.7236 17.2595 16.1894 15.0565 13.4711 11.4955 9.5246 7.6340 5.6144 3.6214 1.8408 0.9346 0.1253 -0.7181 -1.1309 -0.9702 -0.9070 -0.8726 -0.8550 -0.8477 -0.8737 -1.7569 -20.6706 -47.5802 -42.1129 -31.7036 -16.0553 27.2080 -7.3567 -46.7557 -36.6776 -23.5086 33.3357 7.1413 -47.4338 -39.4959 -27.1731 20.8453 13.7881 -44.8935 -41.9742 -30.2172 -6.5103 19.8880 -35.1504 -44.2547 -32.8833 -16.5380 26.2608 -13.6573 -46.1530 -35.4805 -21.5233 32.1164 2.3823 -47.3648 -36.9824
-44.1427 -27.5277 22.4566 -11.8634 -31.3310 -42.9576 -42.0856 16.3417 7.7731 -28.5466 -40.5619 -46.9062 10.1833 31.2144 -25.2361 -38.0339 -47.3710 2.3254 32.0754 -21.4680 -35.4303 -46.1167 -14.5589 25.9132 -16.0676 -32.6134 -43.9594 -38.1443 18.0034 3.8090 -28.2871 -39.4690 -47.4702 -13.7678 14.3990 20.2839 20.7499 20.7663 20.7643 20.7567 20.7376 20.6921 20.5904 20.4259 19.8517 19.1303 17.9990 16.5273 14.6398 12.4938 10.3090 8.0195 5.8715 3.9098 2.1922 0.9530 -0.2570 -0.6708 -1.1258 -1.0188 -0.9232 -0.8805 -0.8594 -0.8485 -0.8743 -1.7572 -20.6712 -47.5802 -42.1130 -31.7036 -16.0553 27.2080 -7.3567 -46.7557 -36.6776 -23.5086 33.3357 7.1413 -47.4338 -39.4959 -27.1731 20.8453 13.7881 -44.8935 -41.9742 -30.2172 -6.5103 19.8880 -35.1504 -44.2547 -32.8833 -16.5380 26.2608 -13.6573 -46.1530 -35.4805 -21.5233 32.1164 2.3823 -47.3648 -36.9824
-44.4960 -23.5674 23.5887 -13.5109 -31.8034 -43.3670 -40.3993 17.4525 2.3375 -29.1222 -41.0057 -46.4839 11.3279 29.0808 -25.8472 -38.4931 -47.4787 4.0515 32.7833 -22.1996 -35.8989 -46.4094 -10.4511 27.0891 -17.1957 -33.0863 -44.3509 -35.6536 19.1034 -1.0192 -28.8119 -39.9312 -47.5438 -9.7311 15.4646 21.4335 21.9075 21.9240 21.9212 21.9114 21.8871 21.8275 21.6850 21.3590 20.8859 20.1877 19.0427 17.3687 15.3398 13.1159 10.7937 8.4150 6.0625 3.8890 2.3161 1.1418 -0.0475 -0.4242 -0.7170 -0.8984 -0.9085 -0.8819 -0.8607 -0.8492 -0.8747 -1.7573 -20.6712 -47.5802 -42.1130 -31.7036 -16.0553 27.2080 -7.3567 -46.7557 -36.6776 -23.5086 33.3357 7.1413 -47.4338 -39.4959 -27.1731 20.8453 13.7881 -44.8935 -41.9742 -30.2172 -6.5103 19.8880 -35.1504 -44.2547 -32.8833 -16.5380 26.2608 -13.6573 -46.1530 -35.4805 -21.5233 32.1164 2.3823 -47.3648 -36.9824
