13.3296 23.4044 -26.2817 -38.2314 -46.2636 4.9209 32.9527 -21.7057 -35.0594 -44.9178 -14.1546 25.8047 -15.0296 -31.7749 -42.5894 -38.7593 17.7240 4.2932 -28.3360 -39.7420 -45.8715 9.6012 32.4386 -24.0705 -36.6314 -45.7492 -2.2269 29.7977 -18.7750 -33.3944 -43.8157 -29.1391 21.6096 -8.6502 -30.0531 -41.1742 -43.8908 13.5718 23.8847 -26.1919 -38.1558 -46.2534 4.5948 32.8284 -21.5273 -34.9327 -44.8279 -16.3557 24.6165 -10.5114 -25.6620 -10.5114 24.6165 -16.3557 -44.8279 -34.9327 -21.5273 32.8284 4.5948 -46.2534 -38.1558 -26.1919 23.8847 13.5718 -43.8908 -41.1742 -30.0531 -8.6502 21.6096 -29.1391 -43.8157 -33.3944 -18.7750 29.7977 -2.2269 -45.7492 -36.6314 -24.0705 32.4386 9.6012 -45.8715 -39.7420 -28.3360 4.2932 17.7240 -38.7593 -42.5894 -31.7749 -15.0296 25.8047 -14.1546 -44.9178 -35.0594 -21.7057 32.9527 4.9209 -46.2636 -38.2314 -26.2817 23.4044 13.3296
23.4044 -27.0553 -39.1366 -46.9697 4.8246 33.0144 -21.9718 -35.9500 -45.6975 -14.7375 25.6068 -14.8183 -32.6909 -43.4170 -39.4350 17.5746 6.3603 -29.2377 -40.5991 -46.5497 9.4990 33.0922 -24.5162 -37.5089 -46.4922 -2.5131 29.6117 -18.8261 -34.2949 -44.6231 -29.8581 21.4537 -7.8807 -30.9936 -42.0201 -44.5504 13.4662 25.6218 -26.8439 -39.0254 -46.9591 4.4643 32.8625 -21.7870 -35.8365 -45.6248 -16.2654 25.0052 -13.3169 -31.3926 -38.6157 -31.3926 -13.3169 25.0052 -16.2654 -45.6248 -35.8365 -21.7870 32.8625 4.4643 -46.9591 -39.0254 -26.8439 25.6218 13.4662 -44.5504 -42.0201 -30.9936 -7.8807 21.4537 -29.8581 -44.6231 -34.2949 -18.8261 29.6117 -2.5131 -46.4922 -37.5089 -24.5162 33.0922 9.4990 -46.5497 -40.5991 -29.2377 6.3603 17.5746 -39.4350 -43.4170 -32.6909 -14.8183 25.6068 -14.7375 -45.6975 -35.9500 -21.9718 33.0144 4.8246 -46.9697 -39.1366 -27.0553 23.4044
-26.2817 -39.1366 -46.9641 4.4863 32.8350 -21.7333 -35.8029 -45.6059 -16.2354 25.1920 -14.3077 -32.5243 -43.2830 -40.1306 17.1560 8.4423 -29.0004 -40.4450 -46.6528 9.0527 33.3458 -24.2600 -37.3459 -46.4207 -3.5062 29.2003 -18.4661 -34.1274 -44.5041 -31.1237 21.0434 -6.8666 -30.8234 -41.8752 -44.8599 13.0628 26.9179 -26.6059 -38.8682 -46.9358 3.8775 32.6020 -21.5063 -35.6801 -45.5326 -17.5674 24.7708 -13.5180 -32.0576 -42.4977 -47.5890 -42.4977 -32.0576 -13.5180 24.7708 -17.5674 -45.5326 -35.6801 -21.5063 32.6020 3.8775 -46.9358 -38.8682 -26.6059 26.9179 13.0628 -44.8599 -41.8752 -30.8234 -6.8666 21.0434 -31.1237 -44.5041 -34.1274 -18.4661 29.2003 -3.5062 -46.4207 -37.3459 -24.2600 33.3458 9.0527 -46.6528 -40.4450 -29.0004 8.4423 17.1560 -40.1306 -43.2830 -32.5243 -14.3077 25.1920 -16.2354 -45.6059 -35.8029 -21.7333 32.8350 4.4863 -46.9641 -39.1366 -26.2817
-38.2314 -46.9697 4.4863 32.7602 -21.5878 -35.6950 -45.5285 -17.5660 24.8196 -13.8028 -32.3648 -43.1514 -40.7747 16.7448 10.5618 -28.7655 -40.2907 -46.7407 8.5985 33.5228 -24.0023 -37.1818 -46.3463 -4.5727 28.7844 -18.0927 -33.9594 -44.3823 -32.3262 20.6403 -5.7589 -30.6515 -41.7298 -45.1444 12.6588 28.0824 -26.3664 -38.7102 -46.9043 3.2631 32.3129 -21.2157 -35.5188 -45.4353 -19.0302 24.4266 -13.1923 -32.1146 -42.8348 -44.3186 0.8771 -44.3186 -42.8348 -32.1146 -13.1923 24.4266 -19.0302 -45.4353 -35.5188 -21.2157 32.3129 3.2631 -46.9043 -38.7102 -26.3664 28.0824 12.6588 -45.1444 -41.7298 -30.6515 -5.7589 20.6403 -32.3262 -44.3823 -33.9594 -18.0927 28.7844 -4.5727 -46.3463 -37.1818 -24.0023 33.5228 8.5985 -46.7407 -40.2907 -28.7655 10.5618 16.7448 -40.7747 -43.1514 -32.3648 -13.8028 24.8196 -17.5660 -45.5285 -35.6950 -21.5878 32.7602 4.4863 -46.9697 -38.2314
-46.2636 4.8246 32.8350 -21.5878 -35.6544 -45.4823 -18.5173 24.5216 -13.3514 -32.2219 -43.0290 -41.3396 16.3495 12.6525 -28.5339 -40.1389 -46.8123 8.1387 33.6300 -23.7428 -37.0181 -46.2692 -5.7073 28.3654 -17.7077 -33.7912 -44.2587 -33.4688 20.2395 -4.5491 -30.4782 -41.5828 -45.4027 12.2531 29.1162 -26.1259 -38.5518 -46.8644 2.6200 32.0003 -20.9178 -35.3552 -45.3345 -20.5520 24.0410 -12.6887 -32.0197 -42.8344 -42.8373 13.1373 30.2818 13.1373 -42.8373 -42.8344 -32.0197 -12.6887 24.0410 -20.5520 -45.3345 -35.3552 -20.9178 32.0003 2.6200 -46.8644 -38.5518 -26.1259 29.1162 12.2531 -45.4027 -41.5828 -30.4782 -4.5491 20.2395 -33.4688 -44.2587 -33.7912 -17.7077 28.3654 -5.7073 -46.2692 -37.0181 -23.7428 33.6300 8.1387 -46.8123 -40.1389 -28.5339 12.6525 16.3495 -41.3396 -43.0290 -32.2219 -13.3514 24.5216 -18.5173 -45.4823 -35.6544 -21.5878 32.8350 4.8246 -46.2636
4.9209 33.0144 -21.7333 -35.6950 -45.4823 -18.8711 24.3529 -13.0297 -32.1105 -42.9257 -41.8005 15.9958 14.5898 -28.3113 -39.9907 -46.8687 7.6787 33.6740 -23.4835 -36.8561 -46.1896 -6.9030 27.9445 -17.3100 -33.6223 -44.1335 -34.5530 19.8393 -3.2276 -30.3045 -41.4336 -45.6376 11.8449 30.0246 -25.8842 -38.3931 -46.8177 1.9451 31.6672 -20.6139 -35.1911 -45.2301 -22.0870 23.6435 -12.1011 -31.8805 -42.7432 -42.6874 14.7446 27.6558 -19.6352 27.6558 14.7446 -42.6874 -42.7432 -31.8805 -12.1011 23.6435 -22.0870 -45.2301 -35.1911 -20.6139 31.6672 1.9451 -46.8177 -38.3931 -25.8842 30.0246 11.8449 -45.6376 -41.4336 -30.3045 -3.2276 19.8393 -34.5530 -44.1335 -33.6223 -17.3100 27.9445 -6.9030 -46.1896 -36.8561 -23.4835 33.6740 7.6787 -46.8687 -39.9907 -28.3113 14.5898 15.9958 -41.8005 -42.9257 -32.1105 -13.0297 24.3529 -18.8711 -45.4823 -35.6950 -21.7333 33.0144 4.9209
32.9527 -21.9718 -35.8029 -45.5285 -18.5173 24.3529 -12.9132 -32.0495 -42.8561 -42.1346 15.7088 16.2194 -28.1109 -39.8527 -46.9105 7.2239 33.6625 -23.2271 -36.6967 -46.1075 -8.1604 27.5262 -16.9002 -33.4538 -44.0071 -35.5731 19.4411 -1.7835 -30.1310 -41.2831 -45.8510 11.4305 30.8139 -25.6412 -38.2339 -46.7664 1.2345 31.3167 -20.3036 -35.0268 -45.1229 -23.6165 23.2404 -11.4539 -31.7253 -42.6239 -42.9548 14.9117 22.0843 -26.3190 -34.4241 -26.3190 22.0843 14.9117 -42.9548 -42.6239 -31.7253 -11.4539 23.2404 -23.6165 -45.1229 -35.0268 -20.3036 31.3167 1.2345 -46.7664 -38.2339 -25.6412 30.8139 11.4305 -45.8510 -41.2831 -30.1310 -1.7835 19.4411 -35.5731 -44.0071 -33.4538 -16.9002 27.5262 -8.1604 -46.1075 -36.6967 -23.2271 33.6625 7.2239 -46.9105 -39.8527 -28.1109 16.2194 15.7088 -42.1346 -42.8561 -32.0495 -12.9132 24.3529 -18.5173 -45.5285 -35.8029 -21.9718 32.9527
-21.7057 -35.9500 -45.6059 -17.5660 24.5216 -13.0297 -32.0495 -42.8315 -42.3078 15.5191 17.3882 -27.9501 -39.7351 -46.9386 6.7972 33.6076 -22.9789 -36.5425 -46.0249 -9.4638 27.1121 -16.4819 -33.2874 -43.8797 -36.5287 19.0455 -0.2081 -29.9572 -41.1328 -46.0419 11.0100 31.4934 -25.3968 -38.0744 -46.7115 0.4846 30.9524 -19.9863 -34.8622 -45.0136 -25.1150 22.8321 -10.7483 -31.5630 -42.4932 -43.3274 14.6934 21.5279 -27.1845 -38.6078 -45.2496 -38.6078 -27.1845 21.5279 14.6934 -43.3274 -42.4932 -31.5630 -10.7483 22.8321 -25.1150 -45.0136 -34.8622 -19.9863 30.9524 0.4846 -46.7115 -38.0744 -25.3968 31.4934 11.0100 -46.0419 -41.1328 -29.9572 -0.2081 19.0455 -36.5287 -43.8797 -33.2874 -16.4819 27.1121 -9.4638 -46.0249 -36.5425 -22.9789 33.6076 6.7972 -46.9386 -39.7351 -27.9501 17.3882 15.5191 -42.3078 -42.8315 -32.0495 -13.0297 24.5216 -17.5660 -45.6059 -35.9500 -21.7057
-35.0594 -45.6975 -16.2354 24.8196 -13.3514 -32.1105 -42.8561 -42.3078 15.4531 17.9966 -27.8464 -39.6470 -46.9551 6.4318 33.5272 -22.7513 -36.3994 -45.9454 -10.7670 26.7090 -16.0567 -33.1247 -43.7521 -37.4131 18.6419 1.4947 -29.7826 -40.9821 -46.2106 10.5848 32.0708 -25.1495 -37.9145 -46.6531 -0.3088 30.5769 -19.6618 -34.6976 -44.9013 -26.5678 22.4239 -9.9822 -31.3978 -42.3568 -43.7092 14.3617 22.4896 -27.2438 -39.1137 -47.0973 -31.2745 -47.0973 -39.1137 -27.2438 22.4896 14.3617 -43.7092 -42.3568 -31.3978 -9.9822 22.4239 -26.5678 -44.9013 -34.6976 -19.6618 30.5769 -0.3088 -46.6531 -37.9145 -25.1495 32.0708 10.5848 -46.2106 -40.9821 -29.7826 1.4947 18.6419 -37.4131 -43.7521 -33.1247 -16.0567 26.7090 -10.7670 -45.9454 -36.3994 -22.7513 33.5272 6.4318 -46.9551 -39.6470 -27.8464 17.9966 15.4531 -42.3078 -42.8561 -32.1105 -13.3514 24.8196 -16.2354 -45.6975 -35.0594
-44.9178 -14.7375 25.1920 -13.8028 -32.2219 -42.9257 -42.1346 15.5191 17.9966 -27.8101 -39.6004 -46.9633 6.1568 33.4432 -22.5585 -36.2739 -45.8717 -12.0189 26.3296 -15.6333 -32.9672 -43.6278 -38.2200 18.2295 3.2999 -29.5903 -40.8313 -46.3591 10.1553 32.5494 -24.8979 -37.7537 -46.5913 -1.1503 30.1918 -19.3292 -34.5329 -44.7872 -27.9668 22.0175 -9.1526 -31.2301 -42.2181 -44.0761 13.9921 23.8146 -27.1029 -39.1376 -46.9380 0.9034 20.0512 0.9034 -46.9380 -39.1376 -27.1029 23.8146 13.9921 -44.0761 -42.2181 -31.2301 -9.1526 22.0175 -27.9668 -44.7872 -34.5329 -19.3292 30.1918 -1.1503 -46.5913 -37.7537 -24.8979 32.5494 10.1553 -46.3591 -40.8313 -29.5903 3.2999 18.2295 -38.2200 -43.6278 -32.9672 -15.6333 26.3296 -12.0189 -45.8717 -36.2739 -22.5585 33.4432 6.1568 -46.9633 -39.6004 -27.8101 17.9966 15.5191 -42.1346 -42.9257 -32.2219 -13.8028 25.1920 -14.7375 -44.9178
-14.1546 25.6068 -14.3077 -32.3648 -43.0290 -41.8005 15.7088 17.3882 -27.8464 -39.6004 -46.9657 6.0100 33.3810 -22.4168 -36.1748 -45.8082 -13.1372 25.9905 -15.2294 -32.8190 -43.5086 -38.9492 17.8284 5.1811 -29.3700 -40.6811 -46.4874 9.7252 32.9306 -24.6446 -37.5911 -46.5258 -2.0448 29.7983 -18.9877 -34.3679 -44.6721 -29.3082 21.6136 -8.2564 -31.0607 -42.0774 -44.4208 13.6084 25.1767 -26.9025 -39.0399 -46.9488 3.4468 30.7689 -3.6041 30.7689 3.4468 -46.9488 -39.0399 -26.9025 25.1767 13.6084 -44.4208 -42.0774 -31.0607 -8.2564 21.6136 -29.3082 -44.6721 -34.3679 -18.9877 29.7983 -2.0448 -46.5258 -37.5911 -24.6446 32.9306 9.7252 -46.4874 -40.6811 -29.3700 5.1811 17.8284 -38.9492 -43.5086 -32.8190 -15.2294 25.9905 -13.1372 -45.8082 -36.1748 -22.4168 33.3810 6.0100 -46.9657 -39.6004 -27.8464 17.3882 15.7088 -41.8005 -43.0290 -32.3648 -14.3077 25.6068 -14.1546
25.8047 -14.8183 -32.5243 -43.1514 -41.3396 15.9958 16.2194 -27.9501 -39.6470 -46.9633 6.0100 33.3590 -22.3417 -36.1104 -45.7610 -14.0300 25.7112 -14.8681 -32.6871 -43.3970 -39.5901 17.4527 7.0617 -29.1468 -40.5341 -46.5964 9.2966 33.2204 -24.3932 -37.4288 -46.4562 -3.0037 29.3979 -18.6365 -34.2026 -44.5550 -30.5903 21.2118 -7.2854 -30.8909 -41.9331 -44.7409 13.2172 26.4670 -26.6827 -38.9069 -46.9368 3.6536 32.1139 -19.5230 -30.1560 -19.5230 32.1139 3.6536 -46.9368 -38.9069 -26.6827 26.4670 13.2172 -44.7409 -41.9331 -30.8909 -7.2854 21.2118 -30.5903 -44.5550 -34.2026 -18.6365 29.3979 -3.0037 -46.4562 -37.4288 -24.3932 33.2204 9.2966 -46.5964 -40.5341 -29.1468 7.0617 17.4527 -39.5901 -43.3970 -32.6871 -14.8681 25.7112 -14.0300 -45.7610 -36.1104 -22.3417 33.3590 6.0100 -46.9633 -39.6470 -27.9501 16.2194 15.9958 -41.3396 -43.1514 -32.5243 -14.8183 25.8047
-15.0296 -32.6909 -43.2830 -40.7747 16.3495 14.5898 -28.1109 -39.7351 -46.9551 6.1568 33.3810 -22.3417 -36.0874 -45.7356 -14.6237 25.5078 -14.5788 -32.5785 -43.3027 -40.1254 17.1130 8.8514 -28.9384 -40.3948 -46.6872 8.8713 33.4293 -24.1456 -37.2699 -46.3847 -4.0254 28.9908 -18.2750 -34.0372 -44.4361 -31.8100 20.8121 -6.2300 -30.7210 -41.7877 -45.0350 12.8193 27.6469 -26.4536 -38.7619 -46.9123 3.3078 32.2085 -20.7296 -34.4925 -41.5959 -34.4925 -20.7296 32.2085 3.3078 -46.9123 -38.7619 -26.4536 27.6469 12.8193 -45.0350 -41.7877 -30.7210 -6.2300 20.8121 -31.8100 -44.4361 -34.0372 -18.2750 28.9908 -4.0254 -46.3847 -37.2699 -24.1456 33.4293 8.8713 -46.6872 -40.3948 -28.9384 8.8514 17.1130 -40.1254 -43.3027 -32.5785 -14.5788 25.5078 -14.6237 -45.7356 -36.0874 -22.3417 33.3810 6.1568 -46.9551 -39.7351 -28.1109 14.5898 16.3495 -40.7747 -43.2830 -32.6909 -15.0296
-31.7749 -43.4170 -40.1306 16.7448 12.6525 -28.3113 -39.8527 -46.9386 6.4318 33.4432 -22.4168 -36.1104 -45.7356 -14.8358 25.3985 -14.3852 -32.5007 -43.2288 -40.5380 16.8264 10.4559 -28.7502 -40.2667 -46.7594 8.4606 33.5671 -23.9048 -37.1150 -46.3130 -5.0849 28.5822 -17.9043 -33.8726 -44.3168 -32.9567 20.4171 -5.0894 -30.5515 -41.6434 -45.3005 12.4185 28.7077 -26.2210 -38.6113 -46.8781 2.7782 32.0269 -20.8184 -35.0961 -44.9921 -46.6348 -44.9921 -35.0961 -20.8184 32.0269 2.7782 -46.8781 -38.6113 -26.2210 28.7077 12.4185 -45.3005 -41.6434 -30.5515 -5.0894 20.4171 -32.9567 -44.3168 -33.8726 -17.9043 28.5822 -5.0849 -46.3130 -37.1150 -23.9048 33.5671 8.4606 -46.7594 -40.2667 -28.7502 10.4559 16.8264 -40.5380 -43.2288 -32.5007 -14.3852 25.3985 -14.8358 -45.7356 -36.1104 -22.4168 33.4432 6.4318 -46.9386 -39.8527 -28.3113 12.6525 16.7448 -40.1306 -43.4170 -31.7749
-42.5894 -39.4350 17.1560 10.5618 -28.5339 -39.9907 -46.9105 6.7972 33.5272 -22.5585 -36.1748 -45.7610 -14.6237 25.3985 -14.3141 -32.4587 -43.1797 -40.8227 16.6053 11.7707 -28.5903 -40.1535 -46.8141 8.0782 33.6444 -23.6729 -36.9671 -46.2402 -6.1745 28.1851 -17.5300 -33.7108 -44.1960 -34.0341 20.0278 -3.8527 -30.3831 -41.4992 -45.5400 12.0176 29.6523 -25.9863 -38.4580 -46.8360 2.1710 31.7535 -20.6427 -35.1399 -45.1269 -30.9992 10.4096 -30.9992 -45.1269 -35.1399 -20.6427 31.7535 2.1710 -46.8360 -38.4580 -25.9863 29.6523 12.0176 -45.5400 -41.4992 -30.3831 -3.8527 20.0278 -34.0341 -44.1960 -33.7108 -17.5300 28.1851 -6.1745 -46.2402 -36.9671 -23.6729 33.6444 8.0782 -46.8141 -40.1535 -28.5903 11.7707 16.6053 -40.8227 -43.1797 -32.4587 -14.3141 25.3985 -14.6237 -45.7610 -36.1748 -22.5585 33.5272 6.7972 -46.9105 -39.9907 -28.5339 10.5618 17.1560 -39.4350 -42.5894
-38.7593 17.5746 8.4423 -28.7655 -40.1389 -46.8687 7.2239 33.6076 -22.7513 -36.2739 -45.8082 -14.0300 25.5078 -14.3852 -32.4587 -43.1627 -40.9731 16.4641 12.7171 -28.4663 -40.0613 -46.8537 7.7415 33.6738 -23.4582 -36.8286 -46.1687 -7.2800 27.7989 -17.1540 -33.5519 -44.0753 -35.0436 19.6415 -2.5072 -30.2146 -41.3537 -45.7572 11.6151 30.4793 -25.7477 -38.3030 -46.7881 1.5137 31.4387 -20.3865 -35.0452 -45.1063 -26.0503 20.3391 32.7175 20.3391 -26.0503 -45.1063 -35.0452 -20.3865 31.4387 1.5137 -46.7881 -38.3030 -25.7477 30.4793 11.6151 -45.7572 -41.3537 -30.2146 -2.5072 19.6415 -35.0436 -44.0753 -33.5519 -17.1540 27.7989 -7.2800 -46.1687 -36.8286 -23.4582 33.6738 7.7415 -46.8537 -40.0613 -28.4663 12.7171 16.4641 -40.9731 -43.1627 -32.4587 -14.3852 25.5078 -14.0300 -45.8082 -36.2739 -22.7513 33.6076 7.2239 -46.8687 -40.1389 -28.7655 8.4423 17.5746 -38.7593
17.7240 6.3603 -29.0004 -40.2907 -46.8123 7.6787 33.6625 -22.9789 -36.3994 -45.8717 -13.1372 25.7112 -14.5788 -32.5007 -43.1797 -40.9731 16.4160 13.2041 -28.3879 -39.9950 -46.8801 7.4643 33.6719 -23.2707 -36.7035 -46.1021 -8.3588 27.4312 -16.7828 -33.3987 -43.9580 -35.9729 19.2644 -1.0544 -30.0458 -41.2080 -45.9521 11.2081 31.1932 -25.5081 -38.1474 -46.7365 0.8090 31.0999 -20.1001 -34.9093 -45.0314 -25.5855 22.1595 -4.4327 -24.9973 -4.4327 22.1595 -25.5855 -45.0314 -34.9093 -20.1001 31.0999 0.8090 -46.7365 -38.1474 -25.5081 31.1932 11.2081 -45.9521 -41.2080 -30.0458 -1.0544 19.2644 -35.9729 -43.9580 -33.3987 -16.7828 27.4312 -8.3588 -46.1021 -36.7035 -23.2707 33.6719 7.4643 -46.8801 -39.9950 -28.3879 13.2041 16.4160 -40.9731 -43.1797 -32.5007 -14.5788 25.7112 -13.1372 -45.8717 -36.3994 -22.9789 33.6625 7.6787 -46.8123 -40.2907 -29.0004 6.3603 17.7240
4.2932 -29.2377 -40.4450 -46.7407 8.1387 33.6740 -23.2271 -36.5425 -45.9454 -12.0189 25.9905 -14.8681 -32.5785 -43.2288 -40.8227 16.4641 13.2041 -28.3612 -39.9599 -46.8951 7.2632 33.6551 -23.1194 -36.5995 -46.0433 -9.3592 27.0995 -16.4287 -33.2550 -43.8454 -36.8152 18.9026 0.4700 -29.8807 -41.0641 -46.1251 10.7981 31.8040 -25.2673 -37.9905 -46.6814 0.0620 30.7451 -19.7969 -34.7599 -44.9371 -26.3851 22.2965 -8.5987 -30.2759 -37.5150 -30.2759 -8.5987 22.2965 -26.3851 -44.9371 -34.7599 -19.7969 30.7451 0.0620 -46.6814 -37.9905 -25.2673 31.8040 10.7981 -46.1251 -41.0641 -29.8807 0.4700 18.9026 -36.8152 -43.8454 -33.2550 -16.4287 27.0995 -9.3592 -46.0433 -36.5995 -23.1194 33.6551 7.2632 -46.8951 -39.9599 -28.3612 13.2041 16.4641 -40.8227 -43.2288 -32.5785 -14.8681 25.9905 -12.0189 -45.9454 -36.5425 -23.2271 33.6740 8.1387 -46.7407 -40.4450 -29.2377 4.2932
-28.3360 -40.5991 -46.6528 8.5985 33.6300 -23.4835 -36.6967 -46.0249 -10.7670 26.3296 -15.2294 -32.6871 -43.3027 -40.5380 16.6053 12.7171 -28.3879 -39.9599 -46.8999 7.1596 33.6382 -23.0121 -36.5213 -45.9947 -10.2241 26.8099 -16.1044 -33.1242 -43.7400 -37.5603 18.5434 2.0376 -29.7222 -40.9239 -46.2753 10.3937 32.3108 -25.0241 -37.8328 -46.6222 -0.7344 30.3782 -19.4820 -34.6047 -44.8333 -27.5360 22.0728 -8.8953 -30.9520 -41.5140 -47.1928 -41.5140 -30.9520 -8.8953 22.0728 -27.5360 -44.8333 -34.6047 -19.4820 30.3782 -0.7344 -46.6222 -37.8328 -25.0241 32.3108 10.3937 -46.2753 -40.9239 -29.7222 2.0376 18.5434 -37.5603 -43.7400 -33.1242 -16.1044 26.8099 -10.2241 -45.9947 -36.5213 -23.0121 33.6382 7.1596 -46.8999 -39.9599 -28.3879 12.7171 16.6053 -40.5380 -43.3027 -32.6871 -15.2294 26.3296 -10.7670 -46.0249 -36.6967 -23.4835 33.6300 8.5985 -46.6528 -40.5991 -28.3360
-39.7420 -46.5497 9.0527 33.5228 -23.7428 -36.8561 -46.1075 -9.4638 26.7090 -15.6333 -32.8190 -43.3970 -40.1254 16.8264 11.7707 -28.4663 -39.9950 -46.8951 7.1596 33.6315 -22.9563 -36.4727 -45.9595 -10.8957 26.5774 -15.8256 -33.0116 -43.6452 -38.1947 18.2014 3.6046 -29.5459 -40.7885 -46.4031 9.9983 32.7143 -24.7857 -37.6761 -46.5598 -1.5867 29.9993 -19.1572 -34.4466 -44.7251 -28.7718 21.7432 -8.3966 -31.0099 -41.9007 -46.0353 -5.0398 -46.0353 -41.9007 -31.0099 -8.3966 21.7432 -28.7718 -44.7251 -34.4466 -19.1572 29.9993 -1.5867 -46.5598 -37.6761 -24.7857 32.7143 9.9983 -46.4031 -40.7885 -29.5459 3.6046 18.2014 -38.1947 -43.6452 -33.0116 -15.8256 26.5774 -10.8957 -45.9595 -36.4727 -22.9563 33.6315 7.1596 -46.8951 -39.9950 -28.4663 11.7707 16.8264 -40.1254 -43.3970 -32.8190 -15.6333 26.7090 -9.4638 -46.1075 -36.8561 -23.7428 33.5228 9.0527 -46.5497 -39.7420
-45.8715 9.4990 33.3458 -24.0023 -37.0181 -46.1896 -8.1604 27.1121 -16.0567 -32.9672 -43.5086 -39.5901 17.1130 10.4559 -28.5903 -40.0613 -46.8801 7.2632 33.6382 -22.9563 -36.4562 -45.9414 -11.3155 26.4166 -15.6096 -32.9218 -43.5661 -38.7159 17.9021 5.0706 -29.3585 -40.6612 -46.5107 9.6156 33.0277 -24.5558 -37.5255 -46.4955 -2.4796 29.6132 -18.8212 -34.2874 -44.6142 -30.0023 21.3792 -7.6214 -30.9169 -41.9078 -45.1918 10.5184 27.6276 10.5184 -45.1918 -41.9078 -30.9169 -7.6214 21.3792 -30.0023 -44.6142 -34.2874 -18.8212 29.6132 -2.4796 -46.4955 -37.5255 -24.5558 33.0277 9.6156 -46.5107 -40.6612 -29.3585 5.0706 17.9021 -38.7159 -43.5661 -32.9218 -15.6096 26.4166 -11.3155 -45.9414 -36.4562 -22.9563 33.6382 7.2632 -46.8801 -40.0613 -28.5903 10.4559 17.1130 -39.5901 -43.5086 -32.9672 -16.0567 27.1121 -8.1604 -46.1896 -37.0181 -24.0023 33.3458 9.4990 -45.8715
9.6012 33.0922 -24.2600 -37.1818 -46.2692 -6.9030 27.5262 -16.4819 -33.1247 -43.6278 -38.9492 17.4527 8.8514 -28.7502 -40.1535 -46.8537 7.4643 33.6551 -23.0121 -36.4727 -45.9414 -11.4560 26.3342 -15.4731 -32.8586 -43.5062 -39.1158 17.6545 6.3718 -29.1936 -40.5469 -46.5988 9.2514 33.2623 -24.3340 -37.3818 -46.4313 -3.3924 29.2300 -18.4782 -34.1283 -44.5005 -31.1943 21.0026 -6.6975 -30.7793 -41.8178 -45.1090 12.1353 32.6152 -17.0997 32.6152 12.1353 -45.1090 -41.8178 -30.7793 -6.6975 21.0026 -31.1943 -44.5005 -34.1283 -18.4782 29.2300 -3.3924 -46.4313 -37.3818 -24.3340 33.2623 9.2514 -46.5988 -40.5469 -29.1936 6.3718 17.6545 -39.1158 -43.5062 -32.8586 -15.4731 26.3342 -11.4560 -45.9414 -36.4727 -23.0121 33.6551 7.4643 -46.8537 -40.1535 -28.7502 8.8514 17.4527 -38.9492 -43.6278 -33.1247 -16.4819 27.5262 -6.9030 -46.2692 -37.1818 -24.2600 33.0922 9.6012
32.4386 -24.5162 -37.3459 -46.3463 -5.7073 27.9445 -16.9002 -33.2874 -43.7521 -38.2200 17.8284 7.0617 -28.9384 -40.2667 -46.8141 7.7415 33.6719 -23.1194 -36.5213 -45.9595 -11.3155 26.3342 -15.4262 -32.8259 -43.4688 -39.3854 17.4695 7.4350 -29.0582 -40.4500 -46.6668 8.9184 33.4277 -24.1254 -37.2449 -46.3686 -4.3173 28.8577 -18.1388 -33.9730 -44.3864 -32.3265 20.6243 -5.6594 -30.6257 -41.6974 -45.2557 12.2968 30.1885 -24.7127 -33.3152 -24.7127 30.1885 12.2968 -45.2557 -41.6974 -30.6257 -5.6594 20.6243 -32.3265 -44.3864 -33.9730 -18.1388 28.8577 -4.3173 -46.3686 -37.2449 -24.1254 33.4277 8.9184 -46.6668 -40.4500 -29.0582 7.4350 17.4695 -39.3854 -43.4688 -32.8259 -15.4262 26.3342 -11.3155 -45.9595 -36.5213 -23.1194 33.6719 7.7415 -46.8141 -40.2667 -28.9384 7.0617 17.8284 -38.2200 -43.7521 -33.2874 -16.9002 27.9445 -5.7073 -46.3463 -37.3459 -24.5162 32.4386
-24.0705 -37.5089 -46.4207 -4.5727 28.3654 -17.3100 -33.4538 -43.8797 -37.4131 18.2295 5.1811 -29.1468 -40.3948 -46.7594 8.0782 33.6738 -23.2707 -36.5995 -45.9947 -10.8957 26.4166 -15.4731 -32.8259 -43.4563 -39.5223 17.3545 8.1795 -28.9553 -40.3724 -46.7169 8.6357 33.5359 -23.9372 -37.1195 -46.3077 -5.2362 28.5024 -17.8072 -33.8233 -44.2750 -33.3767 20.2527 -4.5355 -30.4673 -41.5653 -45.4570 12.0835 29.8955 -25.6216 -37.5418 -44.3683 -37.5418 -25.6216 29.8955 12.0835 -45.4570 -41.5653 -30.4673 -4.5355 20.2527 -33.3767 -44.2750 -33.8233 -17.8072 28.5024 -5.2362 -46.3077 -37.1195 -23.9372 33.5359 8.6357 -46.7169 -40.3724 -28.9553 8.1795 17.3545 -39.5223 -43.4563 -32.8259 -15.4731 26.4166 -10.8957 -45.9947 -36.5995 -23.2707 33.6738 8.0782 -46.7594 -40.3948 -29.1468 5.1811 18.2295 -37.4131 -43.8797 -33.4538 -17.3100 28.3654 -4.5727 -46.4207 -37.5089 -24.0705
-36.6314 -46.4922 -3.5062 28.7844 -17.7077 -33.6223 -44.0071 -36.5287 18.6419 3.2999 -29.3700 -40.5341 -46.6872 8.4606 33.6444 -23.4582 -36.7035 -46.0433 -10.2241 26.5774 -15.6096 -32.8586 -43.4688 -39.5223 17.3159 8.5635 -28.8923 -40.3186 -46.7512 8.4107 33.6005 -23.7772 -37.0103 -46.2516 -6.1119 28.1711 -17.4853 -33.6813 -44.1674 -34.3390 19.8944 -3.3399 -30.3101 -41.4300 -45.6600 11.7592 30.3445 -25.6889 -38.0797 -46.7684 -38.0462 -46.7684 -38.0797 -25.6889 30.3445 11.7592 -45.6600 -41.4300 -30.3101 -3.3399 19.8944 -34.3390 -44.1674 -33.6813 -17.4853 28.1711 -6.1119 -46.2516 -37.0103 -23.7772 33.6005 8.4107 -46.7512 -40.3186 -28.8923 8.5635 17.3159 -39.5223 -43.4688 -32.8586 -15.6096 26.5774 -10.2241 -46.0433 -36.7035 -23.4582 33.6444 8.4606 -46.6872 -40.5341 -29.3700 3.2999 18.6419 -36.5287 -44.0071 -33.6223 -17.7077 28.7844 -3.5062 -46.4922 -36.6314
-45.7492 -2.5131 29.2003 -18.0927 -33.7912 -44.1335 -35.5731 19.0455 1.4947 -29.5903 -40.6811 -46.5964 8.8713 33.5671 -23.6729 -36.8286 -46.1021 -9.3592 26.8099 -15.8256 -32.9218 -43.5062 -39.3854 17.3545 8.5635 -28.8725 -40.2927 -46.7709 8.2521 33.6354 -23.6505 -36.9207 -46.2026 -6.9102 27.8739 -17.1827 -33.5497 -44.0645 -35.2074 19.5530 -2.0922 -30.1556 -41.2951 -45.8473 11.4025 30.9393 -25.5537 -38.1134 -46.6784 -4.9537 17.5110 -4.9537 -46.6784 -38.1134 -25.5537 30.9393 11.4025 -45.8473 -41.2951 -30.1556 -2.0922 19.5530 -35.2074 -44.0645 -33.5497 -17.1827 27.8739 -6.9102 -46.2026 -36.9207 -23.6505 33.6354 8.2521 -46.7709 -40.2927 -28.8725 8.5635 17.3545 -39.3854 -43.5062 -32.9218 -15.8256 26.8099 -9.3592 -46.1021 -36.8286 -23.6729 33.5671 8.8713 -46.5964 -40.6811 -29.5903 1.4947 19.0455 -35.5731 -44.1335 -33.7912 -18.0927 29.2003 -2.5131 -45.7492
-2.2269 29.6117 -18.4661 -33.9594 -44.2587 -34.5530 19.4411 -0.2081 -29.7826 -40.8313 -46.4874 9.2966 33.4293 -23.9048 -36.9671 -46.1687 -8.3588 27.0995 -16.1044 -33.0116 -43.5661 -39.1158 17.4695 8.1795 -28.8923 -40.2927 -46.7773 8.1728 33.6515 -23.5617 -36.8535 -46.1633 -7.5887 27.6213 -16.9132 -33.4318 -43.9697 -35.9690 19.2348 -0.8290 -30.0077 -41.1643 -46.0148 11.0395 31.5080 -25.3626 -38.0235 -46.6712 -1.2679 28.0865 7.6655 28.0865 -1.2679 -46.6712 -38.0235 -25.3626 31.5080 11.0395 -46.0148 -41.1643 -30.0077 -0.8290 19.2348 -35.9690 -43.9697 -33.4318 -16.9132 27.6213 -7.5887 -46.1633 -36.8535 -23.5617 33.6515 8.1728 -46.7773 -40.2927 -28.8923 8.1795 17.4695 -39.1158 -43.5661 -33.0116 -16.1044 27.0995 -8.3588 -46.1687 -36.9671 -23.9048 33.4293 9.2966 -46.4874 -40.8313 -29.7826 -0.2081 19.4411 -34.5530 -44.2587 -33.9594 -18.4661 29.6117 -2.2269
29.7977 -18.8261 -34.1274 -44.3823 -33.4688 19.8393 -1.7835 -29.9572 -40.9821 -46.3591 9.7252 33.2204 -24.1456 -37.1150 -46.2402 -7.2800 27.4312 -16.4287 -33.1242 -43.6452 -38.7159 17.6545 7.4350 -28.9553 -40.3186 -46.7709 8.1728 33.6561 -23.5171 -36.8123 -46.1358 -8.1104 27.4224 -16.6909 -33.3328 -43.8875 -36.6183 18.9477 0.4269 -29.8703 -41.0420 -46.1605 10.6793 32.0017 -25.1568 -37.9006 -46.6366 -0.9508 29.7629 -17.1577 -28.9298 -17.1577 29.7629 -0.9508 -46.6366 -37.9006 -25.1568 32.0017 10.6793 -46.1605 -41.0420 -29.8703 0.4269 18.9477 -36.6183 -43.8875 -33.3328 -16.6909 27.4224 -8.1104 -46.1358 -36.8123 -23.5171 33.6561 8.1728 -46.7709 -40.3186 -28.9553 7.4350 17.6545 -38.7159 -43.6452 -33.1242 -16.4287 27.4312 -7.2800 -46.2402 -37.1150 -24.1456 33.2204 9.7252 -46.3591 -40.9821 -29.9572 -1.7835 19.8393 -33.4688 -44.3823 -34.1274 -18.8261 29.7977
-18.7750 -34.2949 -44.5041 -32.3262 20.2395 -3.2276 -30.1310 -41.1328 -46.2106 10.1553 32.9306 -24.3932 -37.2699 -46.3130 -6.1745 27.7989 -16.7828 -33.2550 -43.7400 -38.1947 17.9021 6.3718 -29.0582 -40.3724 -46.7512 8.2521 33.6515 -23.5171 -36.7984 -46.1218 -8.4429 27.2820 -16.5188 -33.2546 -43.8207 -37.1434 18.6927 1.6086 -29.7449 -40.9282 -46.2838 10.3360 32.4092 -24.9511 -37.7699 -46.5897 -1.3691 29.9135 -18.6259 -33.4107 -40.5572 -33.4107 -18.6259 29.9135 -1.3691 -46.5897 -37.7699 -24.9511 32.4092 10.3360 -46.2838 -40.9282 -29.7449 1.6086 18.6927 -37.1434 -43.8207 -33.2546 -16.5188 27.2820 -8.4429 -46.1218 -36.7984 -23.5171 33.6515 8.2521 -46.7512 -40.3724 -29.0582 6.3718 17.9021 -38.1947 -43.7400 -33.2550 -16.7828 27.7989 -6.1745 -46.3130 -37.2699 -24.3932 32.9306 10.1553 -46.2106 -41.1328 -30.1310 -3.2276 20.2395 -32.3262 -44.5041 -34.2949 -18.7750
-33.3944 -44.6231 -31.1237 20.6403 -4.5491 -30.3045 -41.2831 -46.0419 10.5848 32.5494 -24.6446 -37.4288 -46.3847 -5.0849 28.1851 -17.1540 -33.3987 -43.8454 -37.5603 18.2014 5.0706 -29.1936 -40.4500 -46.7169 8.4107 33.6354 -23.5617 -36.8123 -46.1218 -8.5545 27.2103 -16.4088 -33.1997 -43.7702 -37.5374 18.4765 2.6475 -29.6271 -40.8255 -46.3850 10.0165 32.7319 -24.7532 -37.6400 -46.5378 -2.0136 29.7263 -18.7607 -34.0435 -44.1763 -47.4771 -44.1763 -34.0435 -18.7607 29.7263 -2.0136 -46.5378 -37.6400 -24.7532 32.7319 10.0165 -46.3850 -40.8255 -29.6271 2.6475 18.4765 -37.5374 -43.7702 -33.1997 -16.4088 27.2103 -8.5545 -46.1218 -36.8123 -23.5617 33.6354 8.4107 -46.7169 -40.4500 -29.1936 5.0706 18.2014 -37.5603 -43.8454 -33.3987 -17.1540 28.1851 -5.0849 -46.3847 -37.4288 -24.6446 32.5494 10.5848 -46.0419 -41.2831 -30.3045 -4.5491 20.6403 -31.1237 -44.6231 -33.3944
-43.8157 -29.8581 21.0434 -5.7589 -30.4782 -41.4336 -45.8510 11.0100 32.0708 -24.8979 -37.5911 -46.4562 -4.0254 28.5822 -17.5300 -33.5519 -43.9580 -36.8152 18.5434 3.6046 -29.3585 -40.5469 -46.6668 8.6357 33.6005 -23.6505 -36.8535 -46.1358 -8.4429 27.2103 -16.3741 -33.1719 -43.7372 -37.8070 18.3129 3.4914 -29.5159 -40.7395 -46.4653 9.7279 32.9798 -24.5678 -37.5178 -46.4856 -2.7337 29.4475 -18.5997 -34.1064 -44.3957 -37.5418 7.6742 -37.5418 -44.3957 -34.1064 -18.5997 29.4475 -2.7337 -46.4856 -37.5178 -24.5678 32.9798 9.7279 -46.4653 -40.7395 -29.5159 3.4914 18.3129 -37.8070 -43.7372 -33.1719 -16.3741 27.2103 -8.4429 -46.1358 -36.8535 -23.6505 33.6005 8.6357 -46.6668 -40.5469 -29.3585 3.6046 18.5434 -36.8152 -43.9580 -33.5519 -17.5300 28.5822 -4.0254 -46.4562 -37.5911 -24.8979 32.0708 11.0100 -45.8510 -41.4336 -30.4782 -5.7589 21.0434 -29.8581 -43.8157
-29.1391 21.4537 -6.8666 -30.6515 -41.5828 -45.6376 11.4305 31.4934 -25.1495 -37.7537 -46.5258 -3.0037 28.9908 -17.9043 -33.7108 -44.0753 -35.9729 18.9026 2.0376 -29.5459 -40.6612 -46.5988 8.9184 33.5359 -23.7772 -36.9207 -46.1633 -8.1104 27.2820 -16.4088 -33.1719 -43.7253 -37.9451 18.2080 4.0942 -29.4252 -40.6722 -46.5258 9.4801 33.1629 -24.4010 -37.4060 -46.4357 -3.4551 29.1540 -18.3582 -34.0343 -44.3939 -33.9325 17.8453 33.4655 17.8453 -33.9325 -44.3939 -34.0343 -18.3582 29.1540 -3.4551 -46.4357 -37.4060 -24.4010 33.1629 9.4801 -46.5258 -40.6722 -29.4252 4.0942 18.2080 -37.9451 -43.7253 -33.1719 -16.4088 27.2820 -8.1104 -46.1633 -36.9207 -23.7772 33.5359 8.9184 -46.5988 -40.6612 -29.5459 2.0376 18.9026 -35.9729 -44.0753 -33.7108 -17.9043 28.9908 -3.0037 -46.5258 -37.7537 -25.1495 31.4934 11.4305 -45.6376 -41.5828 -30.6515 -6.8666 21.4537 -29.1391
21.6096 -7.8807 -30.8234 -41.7298 -45.4027 11.8449 30.8139 -25.3968 -37.9145 -46.5913 -2.0448 29.3979 -18.2750 -33.8726 -44.1960 -35.0436 19.2644 0.4700 -29.7222 -40.7885 -46.5107 9.2514 33.4277 -23.9372 -37.0103 -46.2026 -7.5887 27.4224 -16.5188 -33.1997 -43.7372 -37.9451 18.1707 4.4130 -29.3679 -40.6249 -46.5674 9.2874 33.2891 -24.2600 -37.3092 -46.3892 -4.1474 28.8732 -18.1033 -33.9294 -44.3322 -33.4383 19.6622 5.7753 -23.4504 5.7753 19.6622 -33.4383 -44.3322 -33.9294 -18.1033 28.8732 -4.1474 -46.3892 -37.3092 -24.2600 33.2891 9.2874 -46.5674 -40.6249 -29.3679 4.4130 18.1707 -37.9451 -43.7372 -33.1997 -16.5188 27.4224 -7.5887 -46.2026 -37.0103 -23.9372 33.4277 9.2514 -46.5107 -40.7885 -29.7222 0.4700 19.2644 -35.0436 -44.1960 -33.8726 -18.2750 29.3979 -2.0448 -46.5913 -37.9145 -25.3968 30.8139 11.8449 -45.4027 -41.7298 -30.8234 -7.8807 21.6096
-8.6502 -30.9936 -41.8752 -45.1444 12.2531 30.0246 -25.6412 -38.0744 -46.6531 -1.1503 29.7983 -18.6365 -34.0372 -44.3168 -34.0341 19.6415 -1.0544 -29.8807 -40.9239 -46.4031 9.6156 33.2623 -24.1254 -37.1195 -46.2516 -6.9102 27.6213 -16.6909 -33.2546 -43.7702 -37.8070 18.2080 4.4130 -29.3485 -40.6011 -46.5918 9.1549 33.3690 -24.1509 -37.2302 -46.3486 -4.7785 28.6160 -17.8611 -33.8223 -44.2563 -33.8313 19.8971 -1.4126 -29.1450 -36.4760 -29.1450 -1.4126 19.8971 -33.8313 -44.2563 -33.8223 -17.8611 28.6160 -4.7785 -46.3486 -37.2302 -24.1509 33.3690 9.1549 -46.5918 -40.6011 -29.3485 4.4130 18.2080 -37.8070 -43.7702 -33.2546 -16.6909 27.6213 -6.9102 -46.2516 -37.1195 -24.1254 33.2623 9.6156 -46.4031 -40.9239 -29.8807 -1.0544 19.6415 -34.0341 -44.3168 -34.0372 -18.6365 29.7983 -1.1503 -46.6531 -38.0744 -25.6412 30.0246 12.2531 -45.1444 -41.8752 -30.9936 -8.6502
-30.0531 -42.0201 -44.8599 12.6588 29.1162 -25.8842 -38.2339 -46.7115 -0.3088 30.1918 -18.9877 -34.2026 -44.4361 -32.9567 20.0278 -2.5072 -30.0458 -41.0641 -46.2753 9.9983 33.0277 -24.3340 -37.2449 -46.3077 -6.1119 27.8739 -16.9132 -33.3328 -43.8207 -37.5374 18.3129 4.0942 -29.3679 -40.6011 -46.5999 9.0871 33.4135 -24.0748 -37.1710 -46.3166 -5.3149 28.3964 -17.6423 -33.7235 -44.1804 -34.4163 19.7692 -2.1941 -29.9280 -40.5719 -46.6591 -40.5719 -29.9280 -2.1941 19.7692 -34.4163 -44.1804 -33.7235 -17.6423 28.3964 -5.3149 -46.3166 -37.1710 -24.0748 33.4135 9.0871 -46.5999 -40.6011 -29.3679 4.0942 18.3129 -37.5374 -43.8207 -33.3328 -16.9132 27.8739 -6.1119 -46.3077 -37.2449 -24.3340 33.0277 9.9983 -46.2753 -41.0641 -30.0458 -2.5072 20.0278 -32.9567 -44.4361 -34.2026 -18.9877 30.1918 -0.3088 -46.7115 -38.2339 -25.8842 29.1162 12.6588 -44.8599 -42.0201 -30.0531
-41.1742 -44.5504 13.0628 28.0824 -26.1259 -38.3931 -46.7664 0.4846 30.5769 -19.3292 -34.3679 -44.5550 -31.8100 20.4171 -3.8527 -30.2146 -41.2080 -46.1251 10.3937 32.7143 -24.5558 -37.3818 -46.3686 -5.2362 28.1711 -17.1827 -33.4318 -43.8875 -37.1434 18.4765 3.4914 -29.4252 -40.6249 -46.5918 9.0871 33.4283 -24.0352 -37.1340 -46.2940 -5.7265 28.2246 -17.4580 -33.6380 -44.1114 -34.9849 19.5682 -1.7737 -30.0287 -41.0333 -46.8507 -12.8715 -46.8507 -41.0333 -30.0287 -1.7737 19.5682 -34.9849 -44.1114 -33.6380 -17.4580 28.2246 -5.7265 -46.2940 -37.1340 -24.0352 33.4283 9.0871 -46.5918 -40.6249 -29.4252 3.4914 18.4765 -37.1434 -43.8875 -33.4318 -17.1827 28.1711 -5.2362 -46.3686 -37.3818 -24.5558 32.7143 10.3937 -46.1251 -41.2080 -30.2146 -3.8527 20.4171 -31.8100 -44.5550 -34.3679 -19.3292 30.5769 0.4846 -46.7664 -38.3931 -26.1259 28.0824 13.0628 -44.5504 -41.1742
-43.8908 13.4662 26.9179 -26.3664 -38.5518 -46.8177 1.2345 30.9524 -19.6618 -34.5329 -44.6721 -30.5903 20.8121 -5.0894 -30.3831 -41.3537 -45.9521 10.7981 32.3108 -24.7857 -37.5255 -46.4313 -4.3173 28.5024 -17.4853 -33.5497 -43.9697 -36.6183 18.6927 2.6475 -29.5159 -40.6722 -46.5674 9.1549 33.4135 -24.0352 -37.1216 -46.2817 -5.9909 28.1025 -17.3187 -33.5703 -44.0551 -35.4731 19.3711 -1.0729 -29.9889 -41.0869 -46.3268 8.0101 25.1592 8.0101 -46.3268 -41.0869 -29.9889 -1.0729 19.3711 -35.4731 -44.0551 -33.5703 -17.3187 28.1025 -5.9909 -46.2817 -37.1216 -24.0352 33.4135 9.1549 -46.5674 -40.6722 -29.5159 2.6475 18.6927 -36.6183 -43.9697 -33.5497 -17.4853 28.5024 -4.3173 -46.4313 -37.5255 -24.7857 32.3108 10.7981 -45.9521 -41.3537 -30.3831 -5.0894 20.8121 -30.5903 -44.6721 -34.5329 -19.6618 30.9524 1.2345 -46.8177 -38.5518 -26.3664 26.9179 13.4662 -43.8908
13.5718 25.6218 -26.6059 -38.7102 -46.8644 1.9451 31.3167 -19.9863 -34.6976 -44.7872 -29.3082 21.2118 -6.2300 -30.5515 -41.4992 -45.7572 11.2081 31.8040 -25.0241 -37.6761 -46.4955 -3.3924 28.8577 -17.8072 -33.6813 -44.0645 -35.9690 18.9477 1.6086 -29.6271 -40.7395 -46.5257 9.2878 33.3690 -24.0748 -37.1340 -46.2817 -6.0843 28.0372 -17.2293 -33.5234 -44.0126 -35.8515 19.2039 -0.3628 -29.9194 -41.0485 -46.2385 9.8452 33.7167 -14.3441 33.7167 9.8452 -46.2385 -41.0485 -29.9194 -0.3628 19.2039 -35.8515 -44.0126 -33.5234 -17.2293 28.0372 -6.0843 -46.2817 -37.1340 -24.0748 33.3690 9.2874 -46.5258 -40.7395 -29.6271 1.6086 18.9477 -35.9690 -44.0645 -33.6813 -17.8072 28.8577 -3.3924 -46.4955 -37.6761 -25.0241 31.8040 11.2081 -45.7572 -41.4992 -30.5515 -6.2300 21.2118 -29.3082 -44.7872 -34.6976 -19.9863 31.3167 1.9451 -46.8644 -38.7102 -26.6059 25.6218 13.5718
23.8847 -26.8439 -38.8682 -46.9043 2.6200 31.6672 -20.3036 -34.8622 -44.9013 -27.9668 21.6136 -7.2854 -30.7210 -41.6434 -45.5400 11.6151 31.1932 -25.2673 -37.8328 -46.5598 -2.4796 29.2300 -18.1388 -33.8233 -44.1674 -35.2074 19.2348 0.4269 -29.7449 -40.8255 -46.4653 9.4815 33.2887 -24.1509 -37.1710 -46.2940 -5.9909 28.0372 -17.1970 -33.4983 -43.9851 -36.1066 19.0770 0.2427 -29.8522 -40.9918 -46.2620 10.1618 33.0859 -23.3021 -32.3704 -23.3021 33.0859 10.1618 -46.2620 -40.9918 -29.8522 0.2427 19.0770 -36.1066 -43.9851 -33.4983 -17.1970 28.0372 -5.9909 -46.2940 -37.1710 -24.1509 33.2891 9.4801 -46.4653 -40.8255 -29.7449 0.4269 19.2348 -35.2074 -44.1674 -33.8233 -18.1388 29.2300 -2.4796 -46.5598 -37.8328 -25.2673 31.1932 11.6151 -45.5400 -41.6434 -30.7210 -7.2854 21.6136 -27.9668 -44.9013 -34.8622 -20.3036 31.6672 2.6200 -46.9043 -38.8682 -26.8439 23.8847
-26.1920 -39.0254 -46.9358 3.2631 32.0003 -20.6139 -35.0268 -45.0136 -26.5678 22.0175 -8.2564 -30.8911 -41.7877 -45.3005 12.0176 30.4793 -25.5081 -37.9905 -46.6222 -1.5867 29.6132 -18.4782 -33.9730 -44.2750 -34.3390 19.5530 -0.8290 -29.8703 -40.9282 -46.3849 9.7291 33.1618 -24.2610 -37.2302 -46.3166 -5.7262 28.1026 -17.2293 -33.4984 -43.9761 -36.2394 18.9968 0.6769 -29.7993 -40.9409 -46.3073 10.1267 32.8354 -24.3527 -36.6723 -43.5961 -36.6723 -24.3527 32.8354 10.1268 -46.3075 -40.9409 -29.7993 0.6769 18.9968 -36.2395 -43.9761 -33.4983 -17.2293 28.1025 -5.7265 -46.3166 -37.2302 -24.2600 33.1629 9.7279 -46.3850 -40.9282 -29.8703 -0.8290 19.5530 -34.3390 -44.2750 -33.9730 -18.4782 29.6132 -1.5867 -46.6222 -37.9905 -25.5081 30.4793 12.0176 -45.3005 -41.7877 -30.8909 -8.2564 22.0175 -26.5678 -45.0136 -35.0268 -20.6139 32.0003 3.2631 -46.9358 -39.0254 -26.1919
-38.1558 -46.9591 3.8775 32.3129 -20.9178 -35.1911 -45.1229 -25.1149 22.4239 -9.1526 -31.0609 -41.9331 -45.0347 12.4185 29.6521 -25.7478 -38.1475 -46.6812 -0.7336 29.9994 -18.8213 -34.1283 -44.3864 -33.3765 19.8944 -2.0933 -30.0077 -41.0420 -46.2837 10.0169 32.9787 -24.4029 -37.3092 -46.3487 -5.3144 28.2249 -17.3189 -33.5235 -43.9852 -36.2391 18.9698 0.8988 -29.7659 -40.9053 -46.3460 10.0238 32.8462 -24.5389 -37.2947 -46.3849 -41.7364 -46.3851 -37.2948 -24.5388 32.8478 10.0230 -46.3462 -40.9053 -29.7658 0.9021 18.9693 -36.2395 -43.9851 -33.5234 -17.3187 28.2246 -5.3149 -46.3486 -37.3092 -24.4010 32.9798 10.0165 -46.2838 -41.0420 -30.0077 -2.0922 19.8944 -33.3767 -44.3864 -34.1283 -18.8212 29.9993 -0.7344 -46.6814 -38.1474 -25.7477 29.6523 12.4185 -45.0350 -41.9331 -31.0607 -9.1526 22.4239 -25.1150 -45.1229 -35.1911 -20.9178 32.3129 3.8775 -46.9591 -38.1558
-46.2534 4.4648 32.6020 -21.2157 -35.3552 -45.2301 -23.6161 22.8323 -9.9827 -31.2302 -42.0774 -44.7405 12.8197 28.7072 -25.9865 -38.3036 -46.7365 0.0632 30.3784 -19.1580 -34.2880 -44.5009 -32.3234 20.2530 -3.3434 -30.1560 -41.1643 -46.1605 10.3361 32.7313 -24.5689 -37.4066 -46.3894 -4.7765 28.3971 -17.4586 -33.5705 -44.0127 -36.1062 18.9972 0.8988 -29.7547 -40.8863 -46.3700 9.9353 32.9097 -24.5385 -37.4123 -46.3863 -11.0007 15.6335 -10.9919 -46.3870 -37.4109 -24.5372 32.9122 9.9340 -46.3706 -40.8860 -29.7546 0.9021 18.9968 -36.1066 -44.0126 -33.5703 -17.4580 28.3964 -4.7785 -46.3892 -37.4060 -24.5678 32.7319 10.3360 -46.1605 -41.1643 -30.1556 -3.3399 20.2527 -32.3265 -44.5005 -34.2874 -19.1572 30.3782 0.0620 -46.7365 -38.3030 -25.9863 28.7077 12.8193 -44.7409 -42.0774 -31.2301 -9.9822 22.8321 -23.6165 -45.2301 -35.3552 -21.2157 32.6020 4.4643 -46.2534
4.5967 32.8633 -21.5064 -35.5189 -45.3346 -22.0864 23.2406 -10.7489 -31.3979 -42.2191 -44.4203 13.2181 27.6386 -26.2222 -38.4587 -46.7885 0.8134 30.7462 -19.4830 -34.4479 -44.6153 -31.1857 20.6265 -4.5429 -30.3111 -41.2952 -46.0148 10.6794 32.4089 -24.7535 -37.5185 -46.4362 -4.1417 28.6175 -17.6433 -33.6385 -44.0558 -35.8471 19.0776 0.6765 -29.7659 -40.8863 -46.3778 9.8813 32.9603 -24.5009 -37.4197 -46.4116 -5.5247 26.1212 17.2340 26.1201 -5.5523 -46.4081 -37.4184 -24.5062 32.9590 9.8896 -46.3817 -40.8855 -29.7659 0.6769 19.0770 -35.8515 -44.0551 -33.6380 -17.6423 28.6160 -4.1474 -46.4357 -37.5178 -24.7532 32.4092 10.6793 -46.0148 -41.2951 -30.3101 -4.5355 20.6243 -31.1943 -44.6142 -34.4466 -19.4820 30.7451 0.8090 -46.7881 -38.4580 -26.2210 27.6469 13.2172 -44.4208 -42.2181 -31.3978 -10.7483 23.2404 -22.0870 -45.3345 -35.5188 -21.5063 32.8625 4.5948
32.8297 -21.7893 -35.6804 -45.4359 -20.5432 23.6462 -11.4543 -31.5631 -42.3581 -44.0753 13.6105 26.4515 -26.4554 -38.6121 -46.8366 1.5197 31.1029 -19.7977 -34.6057 -44.7265 -29.9904 21.0062 -5.6687 -30.4689 -41.4301 -45.8472 11.0400 32.0014 -24.9514 -37.6405 -46.4862 -3.4460 28.8765 -17.8637 -33.7245 -44.1126 -35.4629 19.2064 0.2356 -29.7994 -40.9053 -46.3699 9.8828 32.9653 -24.4600 -37.3510 -46.3894 -4.7343 28.3312 -15.3558 -28.0175 -15.4015 28.1465 -4.5106 -46.4197 -37.4186 -24.5247 32.8127 9.8605 -46.3737 -40.9047 -29.7993 0.2427 19.2039 -35.4731 -44.1114 -33.7235 -17.8611 28.8732 -3.4551 -46.4856 -37.6400 -24.9511 32.0017 11.0395 -45.8473 -41.4300 -30.4673 -5.6594 21.0026 -30.0023 -44.7251 -34.6047 -19.7969 31.0999 1.5137 -46.8360 -38.6113 -26.4536 26.4670 13.6084 -44.0761 -42.3568 -31.5630 -11.4539 23.6435 -20.5520 -45.4353 -35.6801 -21.7870 32.8284
-21.5307 -35.8379 -45.5332 -19.0163 24.0457 -12.1040 -31.7259 -42.4935 -43.7055 13.9969 25.1625 -26.6853 -38.7633 -46.8788 2.1795 31.4442 -20.1020 -34.7614 -44.8344 -28.7596 21.3826 -6.7057 -30.6268 -41.5649 -45.6596 11.4042 31.5044 -25.1589 -37.7702 -46.5381 -2.7242 29.1592 -18.1089 -33.8239 -44.1815 -34.9737 19.3757 -0.3752 -29.8534 -40.9420 -46.3457 9.9378 32.9521 -24.5353 -37.4796 -46.5091 -4.0471 28.4969 -17.2544 -32.7681 -39.8765 -32.7984 -17.1396 28.3116 -4.1982 -46.4706 -37.3345 -24.4034 33.0573 9.9059 -46.3467 -40.9408 -29.8522 -0.3628 19.3711 -34.9849 -44.1804 -33.8223 -18.1033 29.1540 -2.7337 -46.5378 -37.7699 -25.1568 31.5080 11.4025 -45.6600 -41.5653 -30.6257 -6.6975 21.3792 -28.7718 -44.8333 -34.7599 -20.1001 31.4387 2.1710 -46.8781 -38.7619 -26.6827 25.1767 13.9921 -43.7092 -42.4932 -31.7253 -12.1011 24.0410 -19.0302 -45.5326 -35.8365 -21.5273
-34.9346 -45.6258 -17.5470 24.4295 -12.6953 -31.8825 -42.6249 -43.3204 14.3686 23.7917 -26.9055 -38.9098 -46.9128 2.7899 31.7601 -20.3915 -34.9117 -44.9381 -27.5219 21.7478 -7.6318 -30.7804 -41.6972 -45.4553 11.7624 30.9326 -25.3672 -37.9027 -46.5901 -2.0045 29.4528 -18.3642 -33.9320 -44.2572 -34.4031 19.5732 -1.0889 -29.9210 -40.9931 -46.3067 10.0256 32.9083 -24.5085 -37.3808 -46.4867 -4.3915 28.6516 -17.6212 -33.4844 -43.7368 -47.6747 -43.6070 -33.4102 -17.4063 28.4741 -4.2382 -46.3903 -37.3666 -24.4090 32.9297 10.0193 -46.3075 -40.9918 -29.9194 -1.0729 19.5682 -34.4163 -44.2563 -33.9294 -18.3582 29.4475 -2.0136 -46.5897 -37.9006 -25.3626 30.9393 11.7592 -45.4570 -41.6974 -30.7793 -7.6214 21.7432 -27.5360 -44.9371 -34.9093 -20.3865 31.7535 2.7782 -46.9123 -38.9069 -26.9025 23.8146 14.3617 -43.3274 -42.6239 -31.8805 -12.6887 24.4266 -17.5674 -45.6248 -34.9327
