-14.9136 -37.3282 0.4043 -23.8352 -43.0370 22.9957 -28.0446 -48.3015 12.1359 -32.9573 -39.8149 -19.7380 -39.1916 10.0517 -25.1689 -45.1508 29.5453 -29.7437 -48.7884 -9.5475 -35.2714 -18.2855 -22.2842 -41.1943 16.9814 -26.6441 -47.0917 30.0394 -31.4893 -47.0437 -16.4850 -37.5515 1.9800 -23.9948 -43.2952 23.8395 -28.2516 -48.4007 8.2285 -33.1485 -38.0355 -20.1051 -39.4327 10.9640 -25.3439 -45.4065 30.1685 -29.9625 -48.7749 -10.0967 -37.2377 -10.1044 -48.7746 -29.9617 30.1685 -45.4065 -25.3439 10.9640 -39.4327 -20.1051 -38.0355 -33.1485 8.2285 -48.4007 -28.2516 23.8395 -43.2952 -23.9948 1.9800 -37.5515 -16.4850 -47.0437 -31.4893 30.0394 -47.0917 -26.6441 16.9814 -41.1943 -22.2842 -18.2855 -35.2714 -9.5475 -48.7884 -29.7437 29.5453 -45.1508 -25.1689 10.0517 -39.1916 -19.7380 -39.8149 -32.9573 12.1359 -48.3015 -28.0446 22.9957 -43.0370 -23.8352 0.4043 -37.3282 -14.9136
-37.3282 0.9608 -25.6329 -42.6504 22.2281 -28.8009 -48.4667 27.4717 -32.1316 -39.4499 -20.5638 -38.3451 9.6381 -26.6064 -44.9457 29.4392 -30.0625 -48.7605 -3.1458 -33.8337 -17.8499 -23.9109 -40.5861 16.3041 -27.7320 -47.0818 34.6509 -31.2695 -46.9032 -15.8047 -36.4788 1.8430 -25.7297 -42.9081 23.0406 -28.9572 -48.5949 24.5346 -32.2229 -37.6347 -21.0684 -38.6167 10.5164 -26.7390 -45.2259 30.3217 -30.2240 -48.7417 -5.7724 -34.2666 7.3350 -34.2459 -5.9260 -48.7429 -30.2180 30.3204 -45.2259 -26.7390 10.5164 -38.6167 -21.0684 -37.6347 -32.2229 24.5346 -48.5949 -28.9572 23.0406 -42.9081 -25.7297 1.8430 -36.4788 -15.8047 -46.9032 -31.2695 34.6509 -47.0818 -27.7320 16.3041 -40.5861 -23.9109 -17.8499 -33.8337 -3.1458 -48.7605 -30.0625 29.4392 -44.9457 -26.6064 9.6381 -38.3451 -20.5638 -39.4499 -32.1316 27.4717 -48.4667 -28.8009 22.2281 -42.6504 -25.6329 0.9608 -37.3282
0.4043 -25.6329 -42.5614 21.7790 -28.8474 -48.3590 29.4113 -32.4935 -40.7085 -20.1508 -38.1307 8.9183 -26.5247 -44.7217 28.7304 -30.1597 -48.7463 -0.6611 -33.5353 -20.5165 -23.6543 -40.3609 15.6661 -27.6978 -46.8895 34.4918 -31.4791 -47.3069 -15.0719 -36.2608 0.6315 -25.6082 -42.6785 22.3491 -28.9830 -48.4975 26.9851 -32.6021 -39.0927 -20.6791 -38.4008 9.8213 -26.6626 -45.0040 29.6294 -30.3372 -48.7597 -2.5267 -34.5067 -19.8597 -29.5212 -19.9313 -33.8839 -3.6559 -48.7602 -30.3271 29.6281 -45.0040 -26.6626 9.8213 -38.4008 -20.6791 -39.0927 -32.6021 26.9851 -48.4975 -28.9830 22.3491 -42.6785 -25.6082 0.6315 -36.2608 -15.0719 -47.3069 -31.4791 34.4918 -46.8895 -27.6978 15.6661 -40.3609 -23.6543 -20.5165 -33.5353 -0.6611 -48.7463 -30.1597 28.7304 -44.7217 -26.5247 8.9183 -38.1307 -20.1508 -40.7085 -32.4935 29.4113 -48.3590 -28.8474 21.7790 -42.5614 -25.6329 0.4043
-23.8352 -42.6504 21.7790 -28.8092 -48.2843 30.6323 -32.4217 -41.7570 -19.7276 -37.9173 8.1639 -26.4172 -44.4968 28.0123 -30.0233 -48.7645 2.1833 -33.2368 -23.1390 -23.3792 -40.1334 15.0195 -27.5781 -46.6922 34.1982 -31.3507 -47.6546 -14.2638 -36.0318 -0.6977 -25.4916 -42.4495 21.6662 -28.8497 -48.3834 29.0161 -32.5170 -40.4018 -20.2624 -38.1830 9.0964 -26.5535 -44.7809 28.9194 -30.1991 -48.7630 0.8800 -35.8121 14.2690 -26.3611 -44.6832 -23.8630 -19.4609 -33.6198 -1.2887 -48.7507 -30.1908 28.9194 -44.7809 -26.5535 9.0964 -38.1830 -20.2624 -40.4018 -32.5170 29.0161 -48.3834 -28.8497 21.6662 -42.4495 -25.4916 -0.6977 -36.0318 -14.2638 -47.6546 -31.3507 34.1982 -46.6922 -27.5781 15.0195 -40.1334 -23.3792 -23.1390 -33.2368 2.1833 -48.7645 -30.0233 28.0123 -44.4968 -26.4172 8.1639 -37.9173 -19.7276 -41.7570 -32.4217 30.6323 -48.2843 -28.8092 21.7790 -42.6504 -23.8352
-43.0370 22.2281 -28.8474 -48.2843 31.0385 -32.3697 -42.4995 -19.3516 -37.7211 7.4116 -26.3146 -44.2747 27.2949 -29.8823 -48.8101 5.4364 -33.0758 -25.6601 -23.0910 -39.9036 14.3626 -27.4605 -46.4918 33.8130 -31.2148 -47.9487 -13.3665 -35.7929 -2.1622 -25.3572 -42.2213 20.9923 -28.7146 -48.2535 30.7094 -32.4293 -41.5694 -19.8268 -37.9634 8.3366 -26.4464 -44.5576 28.2066 -30.0519 -48.7711 2.6265 -35.6039 18.9541 -42.4529 5.1328 23.2406 -39.9509 -23.4785 -22.4535 -33.3164 1.5096 -48.7614 -30.0497 28.2066 -44.5576 -26.4464 8.3366 -37.9634 -19.8268 -41.5694 -32.4293 30.7094 -48.2535 -28.7146 20.9923 -42.2213 -25.3572 -2.1622 -35.7929 -13.3665 -47.9487 -31.2148 33.8130 -46.4918 -27.4605 14.3626 -39.9036 -23.0910 -25.6601 -33.0758 5.4364 -48.8101 -29.8823 27.2949 -44.2747 -26.3146 7.4116 -37.7211 -19.3516 -42.4995 -32.3697 31.0385 -48.2843 -28.8474 22.2281 -43.0370
22.9957 -28.8009 -48.3590 30.6323 -32.3697 -42.7786 -19.1112 -37.5782 6.7684 -26.2262 -44.0682 26.6089 -29.7439 -48.8270 8.9793 -33.0484 -28.0220 -22.7927 -39.6745 13.7025 -27.3457 -46.2904 33.3573 -31.0780 -48.1892 -12.3762 -35.5432 -3.7904 -25.2057 -41.9945 20.3289 -28.5786 -48.1119 32.0604 -32.3411 -42.5982 -19.3755 -37.7448 7.5460 -26.3421 -44.3366 27.5004 -29.9069 -48.7993 4.4523 -33.6873 4.4756 -38.3023 28.7827 -45.6443 -27.3417 14.0911 -39.9733 -23.1695 -24.9427 -33.1292 4.6913 -48.8034 -29.9072 27.5004 -44.3366 -26.3421 7.5460 -37.7448 -19.3755 -42.5982 -32.3411 32.0604 -48.1119 -28.5786 20.3289 -41.9945 -25.2057 -3.7904 -35.5432 -12.3762 -48.1892 -31.0780 33.3573 -46.2904 -27.3457 13.7025 -39.6745 -22.7927 -28.0220 -33.0484 8.9793 -48.8270 -29.7439 26.6089 -44.0682 -26.2262 6.7684 -37.5782 -19.1112 -42.7786 -32.3697 30.6323 -48.3590 -28.8009 22.9957
-28.0446 -48.4667 29.4113 -32.4217 -42.4995 -19.1112 -37.5251 6.3744 -26.1643 -43.9014 26.0263 -29.6142 -48.8182 12.6136 -33.0182 -30.2018 -22.4849 -39.4431 13.0280 -27.2331 -46.0879 32.8462 -30.9425 -48.3811 -11.2757 -35.2787 -5.6364 -25.0369 -41.7725 19.6849 -28.4390 -47.9569 33.1158 -32.2581 -43.4986 -18.9091 -37.5236 6.7037 -26.2410 -44.1189 26.8069 -29.7589 -48.8266 8.1496 -32.9900 -25.0839 -31.3777 -7.3519 -36.8124 32.7376 -45.9175 -27.4055 13.9473 -39.7146 -22.8818 -27.3011 -33.0869 8.2614 -48.8311 -29.7573 26.8082 -44.1193 -26.2410 6.7037 -37.5236 -18.9091 -43.4986 -32.2581 33.1158 -47.9569 -28.4390 19.6849 -41.7725 -25.0369 -5.6364 -35.2787 -11.2757 -48.3811 -30.9425 32.8462 -46.0879 -27.2331 13.0280 -39.4431 -22.4849 -30.2018 -33.0182 12.6136 -48.8182 -29.6142 26.0263 -43.9014 -26.1643 6.3744 -37.5251 -19.1112 -42.4995 -32.4217 29.4113 -48.4667 -28.0446
-48.3015 27.4717 -32.4935 -41.7570 -19.3516 -37.5782 6.3744 -26.1415 -43.8076 25.6253 -29.5093 -48.7922 15.9541 -32.9928 -32.1423 -22.1738 -39.2090 12.3367 -27.1217 -45.8826 32.2871 -30.8088 -48.5270 -10.0626 -34.9961 -7.7619 -24.8492 -41.5587 19.0691 -28.2935 -47.7859 33.9046 -32.1878 -44.2688 -18.4370 -37.2963 5.7836 -26.1450 -43.9093 26.1394 -29.6015 -48.8495 12.1220 -33.0616 -30.9869 -24.1699 -48.0707 -26.6584 -26.3607 -32.2140 -11.0835 -45.4302 -27.3357 13.1936 -39.4791 -22.5886 -29.3843 -33.1131 12.2851 -48.8204 -29.5917 26.1445 -43.9105 -26.1450 5.7853 -37.2963 -18.4370 -44.2688 -32.1878 33.9046 -47.7859 -28.2935 19.0691 -41.5587 -24.8492 -7.7619 -34.9961 -10.0626 -48.5270 -30.8088 32.2871 -45.8826 -27.1217 12.3367 -39.2090 -22.1738 -32.1423 -32.9928 15.9541 -48.7922 -29.5093 25.6253 -43.8076 -26.1415 6.3744 -37.5782 -19.3516 -41.7570 -32.4935 27.4717 -48.3015
12.1359 -32.1316 -40.7085 -19.7276 -37.7211 6.7684 -26.1643 -43.8076 25.4787 -29.4502 -48.7636 18.4630 -32.9769 -33.7155 -21.8794 -38.9858 11.6452 -27.0129 -45.6750 31.6901 -30.6796 -48.6324 -8.7278 -34.6925 -10.1963 -24.6424 -41.3584 18.4955 -28.1376 -47.5968 34.4424 -32.1380 -44.9169 -17.9676 -37.0593 4.7545 -26.0545 -43.7141 25.5225 -29.4274 -48.8419 18.2914 -33.8812 -31.2384 -22.1030 -40.8765 35.6759 -43.4680 9.6229 -37.6751 -37.5722 -15.4515 -45.8120 -27.1779 12.3776 -39.2103 -22.3391 -31.5954 -31.3328 15.9358 -48.7680 -29.4174 25.5294 -43.7138 -26.0541 4.7578 -37.0593 -17.9676 -44.9169 -32.1380 34.4424 -47.5968 -28.1376 18.4955 -41.3584 -24.6424 -10.1963 -34.6925 -8.7278 -48.6324 -30.6796 31.6901 -45.6750 -27.0129 11.6452 -38.9858 -21.8794 -33.7155 -32.9769 18.4630 -48.7636 -29.4502 25.4787 -43.8076 -26.1643 6.7684 -37.7211 -19.7276 -40.7085 -32.1316 12.1359
-32.9573 -39.4499 -20.1508 -37.9173 7.4116 -26.2262 -43.9014 25.6253 -29.4502 -48.7505 19.8167 -32.9672 -34.8377 -21.6280 -38.7858 10.9795 -26.9103 -45.4709 31.0682 -30.5574 -48.7032 -7.2764 -34.3564 -13.0354 -24.4107 -41.1814 17.9903 -27.9635 -47.3814 34.7388 -32.1343 -45.4324 -17.5287 -36.8044 3.5531 -25.9718 -43.5407 24.9807 -29.2193 -48.7462 22.8247 -38.5557 6.0057 -23.8050 -38.7967 15.7780 -35.9574 14.8844 -35.7152 5.3382 -26.9567 -45.5453 35.4263 -45.4631 -27.0637 11.6996 -39.3017 19.0138 -22.0549 -39.3848 19.8718 -48.7152 -29.2311 24.9763 -43.5378 -25.9720 3.5494 -36.8032 -17.5275 -45.4338 -32.1343 34.7388 -47.3814 -27.9635 17.9903 -41.1814 -24.4107 -13.0354 -34.3564 -7.2764 -48.7032 -30.5574 31.0682 -45.4709 -26.9103 10.9795 -38.7858 -21.6280 -34.8377 -32.9672 19.8167 -48.7505 -29.4502 25.6253 -43.9014 -26.2262 7.4116 -37.9173 -20.1508 -39.4499 -32.9573
-39.8149 -20.5638 -38.1307 8.1639 -26.3146 -44.0682 26.0263 -29.5093 -48.7636 19.8167 -32.9631 -35.4312 -21.4563 -38.6310 10.4116 -26.8216 -45.2833 30.4582 -30.4474 -48.7431 -5.7324 -33.9846 -16.3464 -24.1457 -41.0476 17.6124 -27.7623 -47.1286 34.7747 -32.2147 -45.7654 -17.2000 -36.5147 2.0727 -25.9049 -43.4090 24.5656 -28.9854 -48.6142 26.3356 -39.2788 -11.4542 -9.9862 -35.6908 4.4097 -30.2217 -45.2598 -28.1424 -45.6028 -25.0520 -47.6003 35.5325 -38.1389 30.9939 -45.3104 -26.2449 -9.3851 -31.7418 -43.7521 -15.8502 -40.1312 25.3185 -48.6647 -28.9989 24.6179 -43.4292 -25.9069 2.0341 -36.5172 -17.2010 -45.7720 -32.2146 34.7747 -47.1286 -27.7623 17.6124 -41.0476 -24.1457 -16.3464 -33.9846 -5.7324 -48.7431 -30.4474 30.4582 -45.2833 -26.8216 10.4116 -38.6310 -21.4563 -35.4312 -32.9631 19.8167 -48.7636 -29.5093 26.0263 -44.0682 -26.3146 8.1639 -38.1307 -20.5638 -39.8149
-19.7380 -38.3451 8.9183 -26.4172 -44.2747 26.6089 -29.6142 -48.7922 18.4630 -32.9672 -35.4312 -21.3960 -38.5474 10.0301 -26.7559 -45.1305 29.9176 -30.3482 -48.7591 -4.1322 -33.6000 -19.9251 -23.8482 -40.9733 17.4250 -27.5321 -46.8299 34.5111 -32.4295 -45.8473 -17.0911 -36.1602 0.1498 -25.8556 -43.3625 24.4120 -28.7194 -48.4916 29.7235 -38.8500 28.8914 -45.0095 -23.4774 -48.6588 -22.3494 -46.1309 -6.5072 -44.6206 5.9002 -42.8971 32.1742 -37.5055 -0.2260 -33.4433 25.9674 -42.7550 -18.2206 -49.1502 -18.5913 -46.4959 29.1527 -37.0976 29.3381 -48.4176 -28.9223 23.9124 -42.2266 -27.6018 -0.3178 -36.1546 -17.1003 -45.8587 -32.4277 34.5111 -46.8299 -27.5321 17.4250 -40.9733 -23.8482 -19.9251 -33.6000 -4.1322 -48.7591 -30.3482 29.9176 -45.1305 -26.7559 10.0301 -38.5474 -21.3960 -35.4312 -32.9672 18.4630 -48.7922 -29.6142 26.6089 -44.2747 -26.4172 8.9183 -38.3451 -19.7380
-39.1916 9.6381 -26.5247 -44.4968 27.2949 -29.7439 -48.8182 15.9541 -32.9769 -34.8377 -21.4563 -38.5474 9.8947 -26.7188 -45.0293 29.5137 -30.2640 -48.7582 -2.5540 -33.2323 -23.3618 -23.5341 -40.9591 17.4569 -27.2871 -46.5025 33.9520 -32.8297 -45.5225 -17.3722 -35.7663 -2.5242 -25.9646 -43.4205 24.7281 -28.3854 -48.2911 32.2582 -37.8225 15.5098 -40.0393 31.0513 -43.4126 31.4724 -40.8049 28.2290 -38.9299 24.8650 -37.8638 14.3579 -34.1294 -29.1071 -27.5832 -48.7424 -29.6128 14.2095 -38.3459 33.9999 -41.9848 29.7976 -38.3552 5.6039 -34.8464 25.1896 -49.2325 -24.8002 -22.8354 -48.6703 -31.2072 -2.0819 -35.7513 -17.3771 -45.5329 -32.8280 33.9520 -46.5025 -27.2871 17.4569 -40.9591 -23.5341 -23.3618 -33.2323 -2.5540 -48.7582 -30.2640 29.5137 -45.0293 -26.7188 9.8947 -38.5474 -21.4563 -34.8377 -32.9769 15.9541 -48.8182 -29.7439 27.2949 -44.4968 -26.5247 9.6381 -39.1916
10.0517 -26.6064 -44.7217 28.0123 -29.8823 -48.8270 12.6136 -32.9928 -33.7155 -21.6280 -38.6310 10.0301 -26.7188 -44.9934 29.2938 -30.2097 -48.7489 -1.1159 -32.9118 -26.2774 -23.2287 -41.0061 17.7037 -27.0514 -46.1882 33.2558 -33.4427 -44.4845 -18.1695 -35.4031 -5.0398 -30.2441 -44.0501 31.0164 -27.1092 -48.1227 33.4487 -38.3896 16.5543 -37.5240 9.1181 -37.5947 15.3243 -36.2015 8.7305 -36.7981 14.6293 -39.1566 23.2287 -30.5139 -48.3782 -20.8526 -44.5854 5.7801 -47.1646 -26.6383 -20.8973 -33.4869 7.5756 -35.0543 -11.3634 -31.9697 -28.9068 -33.4098 26.5311 -39.9930 9.8272 -34.1932 -32.7590 -31.4942 -4.4459 -35.3860 -18.1673 -44.4870 -33.3565 33.2560 -46.1882 -27.0514 17.7037 -41.0061 -23.2287 -26.2774 -32.9118 -1.1159 -48.7489 -30.2097 29.2938 -44.9934 -26.7188 10.0301 -38.6310 -21.6280 -33.7155 -32.9928 12.6136 -48.8270 -29.8823 28.0123 -44.7217 -26.6064 10.0517
-25.1689 -44.9457 28.7304 -30.0233 -48.8101 8.9793 -33.0182 -32.1423 -21.8794 -38.7858 10.4116 -26.7559 -45.0293 29.2938 -30.1918 -48.7412 -0.1144 -32.6785 -28.4521 -22.9622 -41.0930 18.1100 -26.8473 -45.9520 32.6994 -34.9945 -42.0234 -19.6792 -35.1734 -6.8467 -32.3044 30.4792 -45.6071 -12.1452 -46.6696 35.6352 -39.9885 32.8602 -41.6009 8.0685 -32.9302 -29.2777 -30.7900 -39.9390 -32.0803 1.2013 -39.3016 19.2784 -49.6203 -39.4223 34.0943 -40.5892 24.5764 -37.2316 32.0392 -43.4163 -17.9412 -49.1618 -25.2643 -48.2291 -24.9936 -48.8916 -23.6812 -47.0777 -31.1187 0.5430 -34.3831 -22.5146 -29.6569 -48.6974 -27.8547 -7.3411 -35.2264 -19.1112 -43.4382 -33.9562 32.6995 -45.9520 -26.8473 18.1100 -41.0930 -22.9622 -28.4521 -32.6785 -0.1144 -48.7412 -30.1918 29.2938 -45.0293 -26.7559 10.4116 -38.7858 -21.8794 -32.1423 -33.0182 8.9793 -48.8101 -30.0233 28.7304 -44.9457 -25.1689
-45.1508 29.4392 -30.1597 -48.7645 5.4364 -33.0484 -30.2018 -22.1738 -38.9858 10.9795 -26.8216 -45.1305 29.5137 -30.2097 -48.7412 0.2231 -32.5611 -29.7272 -22.7705 -41.1824 18.5599 -26.6923 -45.8115 32.2433 -36.0155 1.0670 -29.0971 -31.8958 -8.5956 -29.0006 -42.6987 -37.9890 26.1724 -40.1441 25.8132 -39.4530 35.2871 -47.2232 -19.9449 -19.5264 -48.7565 -20.0925 -47.9731 -21.5799 -47.8304 -33.9158 21.6621 -44.7826 -24.0179 2.2016 -34.4500 3.1555 -33.1105 -18.5959 -33.3801 16.7510 -38.9702 35.1077 -43.5204 12.0095 -44.6351 23.6042 -43.3805 -5.7008 -47.9948 -23.9597 -48.5843 -25.0550 -49.0235 -13.6518 -45.6714 -25.9882 -4.7122 -32.5160 -27.3241 -40.9688 -35.0248 32.2421 -45.8114 -26.6923 18.5599 -41.1824 -22.7705 -29.7272 -32.5611 0.2231 -48.7412 -30.2097 29.5137 -45.1305 -26.8216 10.9795 -38.9858 -22.1738 -30.2018 -33.0484 5.4364 -48.7645 -30.1597 29.4392 -45.1508
29.5453 -30.0625 -48.7463 2.1833 -33.0758 -28.0220 -22.4849 -39.2090 11.6452 -26.9103 -45.2833 29.9176 -30.2640 -48.7489 -0.1144 -32.5611 -30.1208 -22.6757 -41.2542 18.9359 -26.5929 -45.7452 32.1716 -37.3816 6.4908 -39.3597 32.4942 -46.5375 -15.1931 -45.4223 -23.3633 -29.6292 -33.1463 1.5469 -36.4384 19.4385 -43.5835 -19.5224 -21.3576 -40.2156 34.9303 -41.8934 35.0842 -44.9910 -22.6005 -29.1975 -37.4898 33.7463 -46.3952 -22.6030 -49.1439 -23.9826 -48.9430 -22.2470 -49.1052 -28.7585 -6.9954 -34.7599 16.1994 -37.8209 22.4779 -39.2181 22.1456 -38.5642 33.0245 -42.5554 18.6348 -44.8540 26.5348 -42.2413 33.3430 -42.0399 -5.5033 -43.4690 16.6444 -33.1365 -4.0322 -37.2958 32.1698 -45.7447 -26.5922 18.9359 -41.2542 -22.6757 -30.1208 -32.5611 -0.1144 -48.7489 -30.2640 29.9176 -45.2833 -26.9103 11.6452 -39.2090 -22.4849 -28.0220 -33.0758 2.1833 -48.7463 -30.0625 29.5453
-29.7437 -48.7605 -0.6611 -33.2368 -25.6601 -22.7927 -39.4431 12.3367 -27.0129 -45.4709 30.4582 -30.3482 -48.7582 -1.1159 -32.6785 -29.7272 -22.6757 -41.2836 19.1499 -26.5429 -45.7407 32.1572 -37.8012 12.4312 -38.7471 14.0185 -40.1421 27.9132 -39.8107 33.5957 -44.4773 -19.4042 -48.7642 -28.9995 -16.7728 -37.8816 33.7619 -47.1628 -27.8108 2.5370 -35.9099 14.8904 -39.2764 35.6134 -47.0032 -27.3141 -4.6421 -37.9545 29.6313 -42.4292 31.8163 -42.9263 35.0385 -41.9351 27.7925 -45.4851 -21.6052 -48.5636 -28.9856 -26.8135 -32.7138 -7.6148 -33.7854 -3.6874 -34.4540 12.4722 -36.7914 20.1192 -38.0515 15.2676 -36.3671 15.3293 -38.4848 21.6559 -37.9792 7.3349 -38.5698 12.2949 -37.7994 32.1432 -45.7341 -26.5388 19.1499 -41.2836 -22.6757 -29.7272 -32.6785 -1.1159 -48.7582 -30.3482 30.4582 -45.4709 -27.0129 12.3367 -39.4431 -22.7927 -25.6601 -33.2368 -0.6611 -48.7605 -29.7437
-48.7884 -3.1458 -33.5353 -23.1390 -23.0910 -39.6745 13.0280 -27.1217 -45.6750 31.0682 -30.4474 -48.7591 -2.5540 -32.9118 -28.4521 -22.7705 -41.2542 19.1499 -26.5289 -45.7605 32.2780 -36.8817 3.1642 -37.7259 7.5011 -36.7374 6.1251 -35.9789 7.8632 -37.6810 27.2052 -42.1779 -2.3671 -48.1741 -29.4468 3.4243 -39.3400 34.8364 -47.5557 -25.4738 -43.0580 -32.5943 8.5834 -39.5573 33.2592 -48.0739 -27.5939 -20.9248 -34.6542 11.8545 -36.4430 14.5438 -36.6677 13.8605 -36.8731 24.4790 -40.3370 21.6008 -45.7199 -18.0363 -48.7258 -22.9663 -49.1382 -24.6541 -48.6855 -27.7371 -39.4416 -30.7264 -29.0389 -30.5525 -41.8057 -30.7094 -9.8762 -35.0014 -1.4424 -36.5130 7.2321 -37.8224 3.7229 -36.9476 32.2515 -45.7402 -26.5221 19.1499 -41.2542 -22.7705 -28.4521 -32.9118 -2.5540 -48.7591 -30.4474 31.0682 -45.6750 -27.1217 13.0280 -39.6745 -23.0910 -23.1390 -33.5353 -3.1458 -48.7884
-9.5475 -33.8337 -20.5165 -23.3792 -39.9036 13.7025 -27.2331 -45.8826 31.6901 -30.5574 -48.7431 -4.1322 -33.2323 -26.2774 -22.9622 -41.1824 18.9359 -26.5446 -45.7657 32.4734 -37.6732 1.1708 -35.4878 -8.0825 -34.0320 -29.4242 -30.7351 -42.8111 -30.7368 -14.4820 -36.5860 21.8617 -41.0128 -1.5206 -48.7265 -30.7775 7.0527 -39.0754 35.4243 -45.1260 -18.8884 -48.3550 -31.6852 9.8850 -39.6861 34.2601 -46.7565 -22.2756 -48.3626 -27.9573 -42.3522 -29.4595 -40.8001 -30.0139 -34.8396 -32.2685 6.0312 -35.8993 23.8473 -40.1364 35.1528 -42.6910 31.0455 -43.5102 15.1011 -44.8833 -12.6459 -47.1279 -17.5088 -47.3179 -15.0794 -47.3049 -23.2204 -47.5871 -29.8168 -29.5521 -35.3591 -1.7263 -36.2092 3.6170 -37.8119 32.4480 -45.7402 -26.5388 18.9359 -41.1824 -22.9622 -26.2774 -33.2323 -4.1322 -48.7431 -30.5574 31.6901 -45.8826 -27.2331 13.7025 -39.9036 -23.3792 -20.5165 -33.8337 -9.5475
-35.2714 -17.8499 -23.6543 -40.1334 14.3626 -27.3457 -46.0879 32.2871 -30.6796 -48.7032 -5.7324 -33.6000 -23.3618 -23.2287 -41.0930 18.5599 -26.5952 -45.7507 32.2886 -37.6139 8.3941 -36.6099 -16.8723 -31.9754 -44.7920 -25.5167 -48.5812 -19.2638 -48.4164 -27.3572 -27.6747 -35.9107 21.0534 -41.5401 -7.9805 -48.7622 -30.3656 2.5126 -38.0139 29.3801 -42.9949 -14.3110 -48.5892 -31.2911 7.5870 -38.6573 31.6319 -42.6385 11.8488 -45.4034 -11.4955 -46.4642 -14.3183 -46.9388 -17.9551 -48.6077 -25.5092 -43.2165 -31.4613 1.4317 -35.2812 13.6324 -37.2118 18.6589 -38.1071 23.6385 -39.3460 30.0009 -40.5620 31.4394 -40.2184 33.5829 -42.4437 -9.5007 -48.3188 -31.2407 -5.0973 -36.5176 4.4640 -37.6333 10.1799 -37.8120 32.2515 -45.7343 -26.5922 18.5599 -41.0930 -23.2287 -23.3618 -33.6000 -5.7324 -48.7032 -30.6796 32.2871 -46.0879 -27.3457 14.3626 -40.1334 -23.6543 -17.8499 -35.2714
-18.2855 -23.9109 -40.3609 15.0195 -27.4605 -46.2904 32.8462 -30.8088 -48.6324 -7.2764 -33.9846 -19.9251 -23.5341 -41.0061 18.1100 -26.6920 -45.7513 32.0272 -36.4240 -0.9201 -36.4155 -8.3316 -31.8762 -46.6830 -22.5469 -47.1351 15.8380 -42.9168 14.2218 -47.4354 -26.0456 -31.3797 -35.8046 21.4333 -41.3731 -3.1571 -48.6214 -28.8455 -10.8074 -36.8324 24.5378 -42.1386 -10.6175 -48.8647 -29.5509 -8.1650 -35.6606 15.7869 -38.0890 24.9073 -39.5997 29.1320 -40.2879 31.4075 -40.8795 35.5099 -42.9581 -9.4086 -47.8183 -23.7878 -47.9199 -28.6859 -36.1798 -31.5426 -18.4571 -33.2453 -2.2487 -34.4602 4.6085 -34.9639 5.3971 -35.4771 19.5017 -40.0987 -17.4872 7.3336 -38.5056 16.6585 -38.6104 9.6413 -37.6352 3.6345 -36.9494 32.1455 -45.7447 -26.6923 18.1100 -41.0061 -23.5341 -19.9251 -33.9846 -7.2764 -48.6324 -30.8088 32.8462 -46.2904 -27.4605 15.0195 -40.3609 -23.9109 -18.2855
-22.2842 -40.5861 15.6661 -27.5781 -46.4918 33.3573 -30.9425 -48.5270 -8.7278 -34.3564 -16.3464 -23.8482 -40.9591 17.7037 -26.8455 -45.8065 32.0428 -36.0662 -11.6640 -34.4653 -22.4409 -31.6043 -46.6959 -21.9710 -46.9982 33.0063 -40.7132 26.6927 -41.1166 29.5610 -47.0711 -25.7789 -33.1292 -35.4110 19.0715 -40.4773 18.7518 -47.8716 -26.8516 -27.2188 -35.7072 21.0769 -40.9847 9.9942 -47.8355 -24.7036 -45.6687 -30.5445 -18.4857 -33.4587 -0.3432 -34.6236 4.5894 -35.1822 8.2188 -35.9414 16.6684 -37.9779 32.3352 -42.0061 11.7678 -45.6543 -16.0113 -48.0870 -21.4398 -49.0183 -24.3870 -48.7733 -25.9864 -48.1237 -26.8599 -46.3576 -30.4290 -8.0781 -26.4871 -47.7043 35.3622 -42.7788 23.8896 -38.5988 4.4951 -36.2225 3.8297 -37.8112 32.1737 -45.8113 -26.8473 17.7037 -40.9591 -23.8482 -16.3464 -34.3564 -8.7278 -48.5270 -30.9425 33.3573 -46.4918 -27.5781 15.6661 -40.5861 -22.2842
-41.1943 16.3041 -27.6978 -46.6922 33.8130 -31.0780 -48.3811 -10.0626 -34.6925 -13.0354 -24.1457 -40.9733 17.4569 -27.0506 -45.9453 32.3018 -36.1235 10.4598 -35.6274 -16.8788 -31.7238 -47.2379 -21.7593 -46.9259 33.5094 -40.6035 17.1167 -38.4194 22.4424 -41.6438 16.3900 -47.4950 -26.7157 -36.8377 -34.7013 14.6258 -39.7136 34.1039 -46.8097 -24.6214 -38.7416 -34.1367 15.2306 -39.5091 35.4934 -44.0812 -9.8888 -47.6616 -21.3374 -49.1081 -24.6335 -48.8014 -26.1315 -47.8081 -27.4916 -44.9008 -30.5311 -17.1673 -33.9718 12.1064 -36.9552 25.0602 -40.2183 34.5931 -42.4575 31.8211 -43.9599 12.1022 -44.7067 1.5393 -44.7901 -8.7293 -47.1596 -20.4963 -48.3870 10.4962 -44.2541 35.2417 -42.4919 15.9489 -36.5446 -1.3989 -37.8616 12.4615 -37.3138 32.2441 -45.9521 -27.0514 17.4569 -40.9733 -24.1457 -13.0354 -34.6925 -10.0626 -48.3811 -31.0780 33.8130 -46.6922 -27.6978 16.3041 -41.1943
16.9814 -27.7320 -46.8895 34.1982 -31.2148 -48.1892 -11.2757 -34.9961 -10.1963 -24.4107 -41.0476 17.4250 -27.2871 -46.1882 32.6854 -35.4570 19.6959 -48.6133 34.9654 -35.9272 -36.7652 -24.5966 -46.8131 30.9433 -41.1144 18.3502 -37.6730 13.2077 -40.0401 35.4998 -45.1106 -19.6286 -48.5914 -30.0810 -36.5674 -33.8834 9.5236 -39.0534 35.2046 -45.4197 -21.1642 -46.8901 -31.6531 4.4704 -37.1142 21.6235 -39.8474 33.7636 -42.2701 32.7725 -43.5916 18.3971 -44.1861 2.2910 -45.2009 -15.5740 -48.3187 -24.9053 -48.5603 -28.3072 -33.3679 -32.8506 4.8447 -36.5601 16.3158 -39.1570 24.6256 -40.4464 28.9054 -40.4966 28.8428 -40.3219 33.8084 -42.6561 35.1710 -43.2069 35.8994 -44.0597 34.7379 -38.6265 -4.1699 -35.5050 7.5544 -38.6401 -3.6028 -35.0765 32.6995 -46.1882 -27.2871 17.4250 -41.0476 -24.4107 -10.1963 -34.9961 -11.2757 -48.1892 -31.2148 34.1982 -46.8895 -27.7320 16.9814
-26.6441 -47.0818 34.4918 -31.3507 -47.9487 -12.3762 -35.2787 -7.7619 -24.6424 -41.1814 17.6124 -27.5321 -46.5025 33.2532 -34.1343 -42.7645 26.4322 -27.6304 -44.5282 17.5525 -32.0220 -48.7510 -4.8418 -42.1188 27.9953 -39.4513 17.6292 -39.6286 31.4163 -44.5724 -19.5534 -46.8892 -31.5054 -17.9156 -33.3444 -40.3081 -32.2982 2.8685 -38.0576 30.1021 -43.2074 -12.6246 -48.9094 -27.4269 -35.5855 -32.8697 3.2995 -35.8034 13.2548 -37.2609 18.4975 -38.1431 22.5957 -39.1400 33.7330 -44.8753 -23.9497 -48.7419 -19.2711 -46.4869 -19.5866 -48.8401 -27.5564 -36.7396 -33.6764 4.0856 -37.6137 13.1707 -38.6296 13.6720 -37.9197 11.8667 -37.9496 18.9962 -40.3469 28.7258 -43.1181 33.3122 -45.7623 15.5243 -32.2928 -26.2853 -36.6377 7.6796 -32.7289 -40.1614 -34.0364 33.2556 -46.5025 -27.5321 17.6124 -41.1814 -24.6424 -7.7619 -35.2787 -12.3762 -47.9487 -31.3507 34.4918 -47.0818 -26.6441
-47.0917 34.6509 -31.4791 -47.6546 -13.3665 -35.5432 -5.6364 -24.8492 -41.3584 17.9903 -27.7623 -46.8299 33.9519 -33.4352 -42.1059 -20.7046 -36.3271 -40.3923 2.9814 -37.4531 -13.4877 -26.1103 -46.3890 27.5704 -42.5854 34.8123 -41.3531 33.4753 -43.0004 -13.7789 -47.4463 -33.2083 14.1179 -37.9973 14.5225 -29.4269 -48.1788 -29.4678 -13.2919 -36.1478 21.3413 -40.6215 30.0160 -45.8882 -18.5216 -49.0642 -25.9541 -46.0109 -29.4290 -34.8941 -31.6217 -19.0574 -33.1724 -2.4267 -34.2940 1.5243 -18.3322 -30.3013 -48.6929 -2.7138 -42.7825 12.8056 -46.8238 -23.2090 -46.2765 -32.0301 -10.5097 -35.7346 0.8336 -35.5799 -8.6276 -34.1335 -8.9874 -36.1487 13.2359 -40.3161 35.4731 -46.5039 -20.5228 -19.4394 -48.7196 -30.1758 -1.0168 -37.7754 31.1238 -25.9419 -42.8898 -33.3909 33.9520 -46.8299 -27.7623 17.9903 -41.3584 -24.8492 -5.6364 -35.5432 -13.3665 -47.6546 -31.4791 34.6509 -47.0917
30.0394 -31.2695 -47.3069 -14.2638 -35.7929 -3.7904 -25.0369 -41.5587 18.4955 -27.9635 -47.1286 34.5111 -32.8259 -44.4947 -19.5248 -35.1168 -6.1422 -24.8230 -42.6322 20.8146 -34.9261 -45.0229 -22.0067 -47.2602 -13.4686 -46.5076 -3.4951 -44.3563 0.9245 -48.2335 -30.1166 13.6411 -42.8190 33.5842 -41.3578 -47.5921 -11.5804 -47.5354 -25.2912 -40.2762 -33.1531 10.4885 -38.0848 27.7700 -41.3925 32.4681 -44.3022 -6.7673 -46.5958 -17.4155 -48.2128 -21.2977 -49.0085 -23.6961 -49.2106 -21.4229 -39.5027 -3.3916 -24.9179 -45.5399 35.3272 -41.2739 32.2975 -46.2617 -21.4069 -47.7694 -30.0361 -35.1467 -31.9457 -37.5323 -29.9420 -45.7460 -30.4778 -25.6217 -36.4134 19.2851 -42.6112 -19.1818 -14.7870 -41.2994 -12.5056 -47.3712 -35.0922 24.4403 -45.6470 -32.2039 -19.3671 -44.4819 -32.8297 34.5111 -47.1286 -27.9635 18.4955 -41.5587 -25.0369 -3.7904 -35.7929 -14.2638 -47.3069 -31.2695 30.0394
-31.4893 -46.9032 -15.0719 -36.0318 -2.1622 -25.2057 -41.7725 19.0691 -28.1376 -47.3814 34.7747 -32.4270 -45.5381 -18.2144 -35.2170 -4.4906 -29.4889 -47.5910 31.9405 -40.3753 9.5430 -32.5381 -46.6209 -27.3812 -46.9729 -27.2103 -48.5044 -22.1905 -47.4019 -22.1455 -36.2587 -34.1805 -21.0249 -49.1233 -26.3680 28.3973 -40.2940 35.7350 -44.8049 -18.3736 -48.8990 -29.1076 -19.5061 -34.2989 10.7622 -37.2264 21.3070 -39.1259 29.7230 -40.9059 34.8003 -42.1295 34.8452 -43.0113 33.2272 -41.9078 16.1845 -31.7368 -48.9453 20.8128 -41.1293 29.4608 -42.1255 10.1196 -46.7701 -20.9764 -48.7232 -25.8003 -48.2089 -24.8563 -48.7582 -23.5346 -48.2676 -32.2374 1.4858 -38.7040 35.5206 -47.7345 -31.0854 22.8483 -43.0860 -24.0897 -7.0633 -38.6972 -11.2890 -6.0954 -35.2093 -18.1710 -45.5224 -32.4295 34.7747 -47.3814 -28.1376 19.0691 -41.7725 -25.2057 -2.1622 -36.0318 -15.0719 -46.9032 -31.4893
-47.0437 -15.8047 -36.2608 -0.6977 -25.3572 -41.9945 19.6849 -28.2935 -47.5968 34.7388 -32.2147 -45.8516 -17.3918 -35.4944 -0.2793 -33.6072 -45.7701 -21.9345 -45.6238 33.2895 -38.7827 -0.1859 -33.7866 -12.6752 -34.8882 1.1094 -33.5390 -35.4556 -26.9064 -48.2220 -21.0909 -48.5984 18.4556 -29.8736 -47.1371 -32.5375 7.6909 -37.3965 25.6225 -41.3163 14.6039 -46.8547 -21.8701 -48.7348 -28.3431 -35.1035 -32.2708 -4.0875 -34.5269 7.1040 -35.7443 12.0689 -36.5259 14.6109 -36.4678 9.9627 -32.1063 -47.8370 -13.1782 -42.1535 26.9465 -41.3812 -1.6513 -46.7679 -18.9802 -48.3150 -21.9070 -48.1095 -17.3019 -47.0516 -16.1062 -48.3977 -28.8898 -16.7753 -37.0963 22.1804 -41.8208 -16.6456 -40.9846 -36.5603 35.6187 -48.4317 -32.0731 17.3921 -42.4773 -26.1794 -7.0839 -35.4243 -17.3693 -45.8473 -32.2147 34.7388 -47.5968 -28.2935 19.6849 -41.9945 -25.3572 -0.6977 -36.2608 -15.8047 -47.0437
-16.4850 -36.4788 0.6315 -25.4916 -42.2213 20.3289 -28.4390 -47.7859 34.4424 -32.1343 -45.7653 -17.0968 -35.8116 -0.0000 -33.8190 10.2149 -33.3900 -46.4766 -17.1350 -43.1333 23.8971 -37.6376 6.2413 -38.1366 20.8828 -39.7453 18.9332 -36.5049 -17.8303 -27.0857 -47.0702 25.6805 -37.1899 -33.8981 -24.9154 -48.7132 -28.3302 -29.6692 -34.0036 13.0973 -38.3158 31.1680 -42.0912 16.2000 -45.8000 -17.0760 -48.5773 -23.4907 -48.9693 -26.4826 -46.5161 -28.4090 -42.6335 -29.1929 -42.9456 -27.1279 -49.0933 -12.7065 -42.5016 25.9589 -40.0191 30.2261 -48.8806 -27.8666 -45.1565 -28.7842 -46.6859 -21.0557 -45.4417 -1.8455 -46.9616 -26.7641 -21.6872 -36.8233 23.1693 -41.2800 19.4765 -47.5473 -29.4920 11.9620 -42.0415 -21.3136 -24.0979 -37.8511 35.9348 -46.4928 -28.9828 -3.5736 -35.8418 -17.0860 -45.7653 -32.1343 34.4424 -47.7859 -28.4390 20.3289 -42.2213 -25.4916 0.6315 -36.4788 -16.4850
-37.5515 1.8430 -25.6082 -42.4495 20.9923 -28.5786 -47.9569 33.9046 -32.1380 -45.4324 -17.1987 -36.1693 -2.3551 -26.3372 -0.4975 -42.6953 16.1815 -31.9136 -48.7776 2.9736 -41.0219 17.4136 -38.8221 27.4776 -43.5598 25.3833 -43.1470 28.1805 -36.9581 -28.3021 -22.6955 -42.8303 18.9157 -31.8704 -48.2335 -10.4802 -46.2362 -21.0862 -48.4921 -29.7166 -11.9256 -34.8092 13.7027 -37.7142 26.2078 -40.4990 35.2754 -42.6807 24.7539 -44.1424 -1.5865 -45.3683 -10.7405 -46.0457 -9.7404 -45.1170 29.2759 -40.8839 21.4589 -37.7104 17.1971 -41.7623 -29.2011 8.3216 -35.7718 7.8735 -33.6552 -48.2419 -11.1551 -45.2103 -24.3525 -33.1392 -36.3487 26.6862 -42.9659 -8.7689 -48.0201 -25.1103 -40.8262 -36.0959 35.2779 -49.0982 -33.4044 23.3313 -44.3660 -22.3813 -44.1923 -33.5234 0.6306 -36.2177 -17.1976 -45.4324 -32.1380 33.9046 -47.9569 -28.5786 20.9923 -42.4495 -25.6082 1.8430 -37.5515
1.9800 -25.7297 -42.6785 21.6662 -28.7146 -48.1119 33.1158 -32.1878 -44.9169 -17.5287 -36.5152 0.2051 -25.7648 -41.6129 -47.9017 13.1316 -38.8221 -1.3156 -28.0707 -47.3950 35.7035 -40.0823 22.5358 -43.1678 -12.9797 -49.0713 -19.2308 -44.5273 26.5911 -34.7955 -47.4140 0.1322 -38.3707 -13.3522 -22.4288 -43.2571 36.0072 -42.0920 5.8630 -47.0506 -22.8026 -48.1627 -29.2548 -25.0247 -33.3057 5.0776 -35.6679 14.1750 -37.1280 20.2780 -38.1602 24.7843 -39.1582 26.5864 -39.0519 22.7962 -37.5959 10.8358 -34.3245 -19.3192 -33.6584 2.6621 -14.0418 -41.4124 26.1879 -40.7986 32.6541 -20.9516 -45.7358 -18.1060 -41.3815 -34.9426 23.8631 -43.5727 -18.9620 -47.9211 -29.6779 -33.8726 -33.2294 10.2008 -41.9003 -22.7091 -0.6174 -40.1470 -13.4289 -42.1237 -35.5551 15.0105 -33.2228 1.9285 -36.5247 -17.5287 -44.9169 -32.1878 33.1158 -48.1119 -28.7146 21.6662 -42.6785 -25.7297 1.9800
-23.9948 -42.9081 22.3491 -28.8497 -48.2535 32.0604 -32.2581 -44.2688 -17.9676 -36.8044 2.0747 -25.8510 -43.3879 25.0289 -24.5063 -44.0105 25.4101 -36.4193 -35.6949 -22.5361 -44.6674 28.9173 -40.0665 33.7119 -48.5105 -30.6715 -38.0413 -20.6285 -42.1090 16.5988 -29.4211 -46.2412 26.3999 -33.4055 -48.9539 24.1443 -40.5217 25.1566 -39.4939 32.9775 -42.2422 7.7121 -46.3239 -19.6519 -49.0942 -25.6022 -46.6347 -29.0808 -35.5821 -31.5247 -17.1960 -33.0099 -6.2577 -33.5021 -7.4140 -32.5013 -30.2364 -29.0978 -48.1241 -24.6923 -48.8911 -23.3543 -45.2037 36.2180 -42.6290 -13.3982 -46.0987 -41.5634 27.5395 -49.1193 -33.4094 16.8388 -41.5186 -17.5914 -44.4943 -33.5689 10.7468 -37.1808 -1.2133 -36.5784 33.5647 -48.7305 -33.1484 29.8376 -47.6603 -31.1503 16.8761 -41.1268 -18.8480 -26.4198 2.0465 -36.8043 -17.9676 -44.2688 -32.2581 32.0604 -48.2535 -28.8497 22.3491 -42.9081 -23.9948
-43.2952 23.0406 -28.9830 -48.3834 30.7094 -32.3411 -43.4986 -18.4370 -37.0593 3.5548 -25.9039 -43.3569 24.4332 -30.3995 -48.3561 7.0481 -40.7033 15.6186 -33.7171 -47.9658 -8.9878 -41.3301 17.8679 -36.4332 -48.5389 34.7732 -34.6204 -47.6515 6.1091 -38.5334 -33.4943 -12.0925 -39.1738 -7.1431 -24.0421 -44.7614 35.8933 -40.4484 21.9449 -38.6289 17.6976 -38.3753 28.5645 -41.1201 34.2450 -43.5877 -1.2077 -45.9314 -16.1404 -47.9094 -20.7214 -48.8442 -22.6021 -49.0565 -22.4176 -48.6870 -18.7807 -46.6178 -2.5754 -44.1775 11.0699 -44.5736 27.1969 -44.1478 -9.0203 -48.1120 -28.7642 14.7352 -38.3955 22.8229 22.1250 -39.8395 11.2446 -48.7036 -33.3011 19.3586 -41.4762 34.0891 -36.7377 5.2328 -39.1166 -17.5809 -19.8108 -38.6458 -15.3784 -27.7740 -38.1781 -11.2618 -3.5871 -43.2698 -25.9067 3.5548 -37.0593 -18.4370 -43.4986 -32.3411 30.7094 -48.3834 -28.9830 23.0406 -43.2952
23.8395 -28.9572 -48.4975 29.0161 -32.4293 -42.5982 -18.9091 -37.2963 4.7578 -25.9708 -43.4058 24.3817 -31.6348 -42.6428 -27.1054 -48.2670 27.5569 -39.9390 6.0597 -29.3089 -47.7216 35.7087 -38.4647 -0.3943 -23.6593 -43.0093 13.4673 -28.0641 -45.6871 35.2324 -19.4508 -43.2934 18.2693 -32.3116 -48.7579 -17.1212 -46.0981 12.4808 -41.4499 20.6950 -37.1701 1.4054 -35.2674 9.4017 -36.7480 18.8895 -38.4055 27.3242 -40.3775 33.6711 -41.7406 35.4901 -42.5049 34.8781 -42.5087 35.5349 -41.5106 31.9600 -40.2643 31.0054 -41.6276 24.5899 -46.6266 -21.8600 -48.6373 -26.5533 -48.1421 -30.7177 -20.0018 -29.8443 -46.7971 35.1919 -46.3638 -28.9262 12.7602 -41.1807 -12.4985 -47.9870 -25.8136 -33.1435 19.4063 -44.8076 -28.3967 18.3331 -44.6462 -27.8386 17.4882 -44.8574 -28.3033 24.5452 -43.4067 -25.9710 4.7578 -37.2963 -18.9091 -42.5982 -32.4293 29.0161 -48.4975 -28.9572 23.8395
-28.2516 -48.5949 26.9851 -32.5170 -41.5694 -19.3755 -37.5236 5.7852 -26.0534 -43.5364 24.5884 -30.2170 -44.6410 -36.1506 -0.4091 -28.2470 -47.2233 33.2024 -37.1713 -33.6306 -20.7611 -43.2420 19.1739 -33.5019 -49.0852 34.2651 -36.3866 -44.1822 -15.5738 -47.1340 -26.0520 8.4333 -34.5710 -38.9946 -29.0938 -47.4190 -26.6798 -48.8552 -9.2770 -41.0667 12.2661 -33.7032 -43.2547 -29.6155 -37.5120 -32.0373 -8.3940 -34.4895 5.8981 -35.9500 11.4697 -36.8657 14.2365 -37.4096 14.7149 -37.7762 14.1983 -38.3115 19.3290 -40.5976 34.0591 -47.3920 -26.6936 -28.5124 -33.7762 -3.7965 -29.0231 -48.7603 -22.7343 -48.6879 26.9224 -42.4512 -18.3317 -30.5332 -37.2751 3.3610 -44.7395 -34.2731 -21.8132 -45.8712 -35.0442 33.7579 -49.2214 -33.0517 34.8662 -49.0629 -31.8410 34.3556 -48.4773 -28.7246 24.5693 -43.5369 -26.0534 5.7852 -37.5236 -19.3755 -41.5694 -32.5170 26.9851 -48.5949 -28.2516
-48.4007 24.5346 -32.6021 -40.4018 -19.8268 -37.7448 6.7037 -26.1445 -43.7123 24.9711 -28.9757 -48.0046 -23.1856 22.5000 -37.8986 -30.8613 -19.8521 -42.4677 16.3306 -32.5059 -48.9328 21.6150 -38.8571 -8.6350 -22.6617 -42.4398 12.2812 -27.8774 -45.8579 -9.8297 -48.7546 -31.4018 -26.3310 -34.2979 -2.8836 -34.8998 3.6515 -32.3983 -49.1576 34.2125 -37.7942 -25.1133 -25.8383 -47.8685 -20.1786 -48.7166 -24.7532 -48.1316 -28.0803 -43.4501 -30.5177 -34.2885 -32.7268 -19.9114 -35.2326 0.7192 -37.2209 16.4923 -40.0156 35.9485 -46.2889 -25.3861 -17.3444 -37.3223 26.8990 -39.3039 -35.3141 -19.5758 -45.1750 32.1067 -41.5282 31.8823 -48.3240 -31.7658 21.7612 -44.9768 -28.3912 17.9720 -44.6983 -25.9726 3.8313 -38.8754 -16.9476 -34.2982 -35.6800 -8.5590 -45.9371 -33.2593 29.9473 -48.4998 -29.0032 24.9726 -43.7123 -26.1445 6.7037 -37.7448 -19.8268 -40.4018 -32.6021 24.5346 -48.4007
8.2285 -32.2229 -39.0927 -20.2624 -37.9634 7.5460 -26.2410 -43.9097 25.5214 -29.2288 -48.6428 28.4830 -30.9431 -43.7603 20.2111 -32.7600 -48.9463 31.4269 -38.6440 -10.6094 -24.9021 -45.6636 34.1705 -32.4912 -48.9410 35.2287 -35.3062 -47.7989 -8.4734 -44.3011 -22.9194 -37.0302 -35.6928 18.8248 -39.1327 23.1941 -40.1545 26.4093 -18.4949 -42.9728 14.3359 -30.7003 -48.3504 0.5202 -43.5224 19.5051 -45.2349 -11.1266 -47.1050 -20.9517 -48.7488 -27.5417 -44.6231 -33.2899 -3.8883 -37.3413 20.7992 -40.6696 32.0888 -46.0361 -21.9161 -41.8665 -35.8533 30.1746 -47.1708 -23.5243 22.8974 -42.6221 34.3659 -41.5276 35.4293 -44.5097 -22.7806 -22.9419 -37.5185 2.6956 -45.9996 -35.7510 31.3946 -49.8372 -35.5925 24.1862 -43.6479 -27.1796 6.3822 -38.6265 -19.9999 -38.3453 -34.1041 28.2721 -48.6865 -29.2391 25.5214 -43.9097 -26.2410 7.5460 -37.9634 -20.2624 -39.0927 -32.2229 8.2285
-33.1485 -37.6347 -20.6791 -38.1830 8.3366 -26.3421 -44.1188 26.1434 -29.4253 -48.7228 23.6802 -33.5782 -33.8123 -7.6688 -38.5708 -2.3829 -25.4226 -44.2691 23.0111 -34.2156 -48.2568 -19.5689 -45.2076 -35.8126 -17.1284 -40.4049 2.5386 -24.2945 -43.8201 3.5722 -48.7888 -33.0199 21.5005 -44.1657 24.7282 -43.0254 -10.2593 -46.5651 -39.1675 18.7439 -33.9314 -46.7748 -14.9998 -42.8974 34.2173 -42.0036 36.2012 -43.3333 -5.3587 -47.4233 -24.6703 -45.0087 -32.8532 4.1235 -38.2187 26.0522 -42.3109 -7.8022 -48.3472 -25.2402 -46.0851 -32.9218 12.7821 -41.9132 -17.5828 -30.9275 -38.1097 25.7131 -41.7064 35.9812 -44.3130 -15.0576 -48.6315 -32.9128 16.9848 -43.0482 -24.4043 -4.0486 -38.4120 28.2490 25.7730 -40.2532 19.1022 -48.9076 -34.5362 29.6099 -45.7926 -29.0456 -4.3653 -36.0410 26.3320 -48.8086 -29.4337 26.1434 -44.1188 -26.3421 8.3366 -38.1830 -20.6791 -37.6347 -33.1485
-38.0355 -21.0684 -38.4008 9.0964 -26.4464 -44.3366 26.8069 -29.5990 -48.7889 19.7819 -33.5309 -25.8591 -27.7885 -45.8466 32.0896 -35.6595 -46.4716 -5.0534 -39.3492 -1.0036 -28.7972 -45.6113 -32.2562 31.8730 -41.2022 15.6500 -30.5526 -47.7860 31.2183 -44.1583 -22.9375 -4.4690 -39.1627 -21.2606 -49.0643 -14.6902 -46.1980 -26.3098 -6.3838 -32.6843 -44.4455 -22.1592 -45.1727 36.1642 -41.9520 33.5792 -42.5632 1.3953 -47.3406 -24.8498 -42.0102 -33.8649 10.8996 -39.3928 30.9693 -43.3373 -17.7700 -48.0340 -30.7021 -7.6663 -34.6270 2.9355 -38.1894 33.3200 -47.2133 -28.5966 8.3272 -39.2290 -4.8232 -46.6103 -18.4273 -48.6684 -30.6346 -6.5251 -37.6902 33.2586 -47.3325 -27.7659 -15.5308 -31.3091 -48.4363 35.5224 -44.0756 -25.5468 7.0913 -41.3802 -19.4025 -33.5909 -36.8073 20.6850 -38.0461 23.4535 -48.8614 -29.6017 26.8069 -44.3366 -26.4464 9.0964 -38.4008 -21.0684 -38.0355
-20.1051 -38.6167 9.8213 -26.5535 -44.5576 27.5004 -29.7589 -48.8244 16.0017 -33.2967 -23.7980 -33.5053 -41.8443 -20.9918 -43.3536 15.3500 -29.0516 -46.0242 26.7523 -34.2832 -47.4895 -27.6536 -19.3661 -36.0731 8.8650 -31.6817 -48.6913 1.1054 -41.2499 36.0550 -46.7831 -24.5158 -48.7171 27.1012 -32.1279 -48.7337 -16.8319 -48.3693 -27.9427 -47.6911 -25.2498 -47.9457 -13.7838 -44.3100 35.6777 -43.2013 -11.5641 -48.4323 -27.0584 -38.3554 -34.4220 13.8980 -40.5426 35.5675 -44.6012 -18.2011 -45.8648 -33.0367 13.9607 -38.9169 22.9783 -38.7819 18.6716 -40.6876 17.0756 -48.8826 -29.2056 -15.2172 -47.2648 -27.1799 -47.1866 -31.7934 3.1045 -37.7349 17.0881 -39.4293 35.5305 -46.9634 -21.1949 -49.2029 11.8025 -41.2549 17.3687 -48.6857 -34.9005 35.2252 -49.1957 -33.4926 23.0652 -43.4082 6.7916 -36.6995 18.4356 -48.8522 -29.7589 27.5004 -44.5576 -26.5535 9.8213 -38.6167 -20.1051
-39.4327 10.5164 -26.6626 -44.7809 28.2066 -29.9072 -48.8286 12.1383 -33.1225 -32.5168 -31.4973 -3.0771 -33.1256 -48.7273 18.5907 -36.9763 -39.4559 -11.3170 -38.9134 -8.6514 -25.8121 -48.4933 -26.6187 -41.5782 -28.0572 -48.9045 -10.2648 -41.7113 35.2488 -42.2260 35.2847 -44.7516 12.7056 -39.1777 -5.0196 -26.2514 -48.2214 -25.7387 -44.7109 -29.9878 -45.1025 -28.0914 -47.7161 -10.2576 -45.2460 -17.2079 -47.1067 -30.2961 -18.2506 -34.6609 16.4522 -40.3630 32.9698 -48.6773 -23.2274 -48.0784 -30.4038 26.5317 -41.0304 -6.3268 -45.0397 35.8545 -40.8010 31.7678 -41.8150 13.9787 -47.1478 -16.3161 -37.3425 -7.3571 -33.8062 7.7117 -39.5916 31.7461 -42.1186 21.0485 -39.2383 31.6043 -42.7070 35.2407 -40.5995 27.0642 -43.1376 -24.5559 6.8867 -41.7818 -23.1554 4.7417 -41.4756 -15.0582 -47.3086 -7.0657 -31.3390 12.1384 -48.8288 -29.9075 28.2066 -44.7809 -26.6626 10.5164 -39.4327
10.9640 -26.7390 -45.0040 28.9194 -30.0497 -48.8034 8.2536 -33.0887 -31.1308 -26.5284 -42.9032 -37.2339 -4.0251 -26.1711 -44.3017 16.8652 -28.5048 -45.0713 22.1093 -31.8045 -48.2918 -8.8850 -46.7670 -16.1595 -47.0076 11.5956 -41.7434 36.1155 -45.8010 15.4602 -43.0433 34.5842 -40.3878 12.8327 -32.3939 -48.5508 -27.1082 -27.1106 -35.1312 8.2069 -35.5106 -1.3366 -32.6214 -27.5788 -14.3719 -18.3879 70.3156 6.3542 65.6507 49.1181 -52.9846 16.9197 -8.2196 47.5168 -46.7478 43.7187 -101.1388 -115.5804 -36.5513 -41.6328 -24.3128 -47.1032 13.7739 -44.1934 20.4924 -41.8665 35.3952 -41.3217 13.6890 -35.2099 0.5342 -39.1860 35.8004 -46.9096 -14.6228 -38.7284 10.9318 -36.3769 14.0940 -37.5081 12.8519 -38.4860 35.0334 -49.1074 -33.5973 33.5175 -48.8984 -33.4064 33.6682 -48.9600 -30.5020 16.2293 -32.0185 -33.0851 8.2624 -48.8033 -30.0499 28.9195 -45.0040 -26.7390 10.9640
-25.3439 -45.2259 29.6281 -30.1908 -48.7614 4.6912 -33.0872 -29.4275 -22.3199 -38.1700 -38.7680 27.0147 -35.1418 -48.7974 28.1524 -35.2942 -47.5110 13.5487 -36.5712 -38.1206 -16.9659 -42.7154 35.7930 -42.4569 33.5002 -40.2225 27.5948 -44.2905 -22.9410 -48.8098 -6.8323 -42.4233 21.9989 -36.0371 -40.3929 -26.9468 -40.3429 -36.1920 29.5382 -41.2092 25.0608 -38.8539 24.5560 61.6478 -45.3086 -85.2908 -19.0776 0.9641 14.7151 45.1985 8.1756 -34.5099 -7.5925 -125.5687 13.0936 -43.4863 -59.7677 -63.3189 -15.4437 -34.3855 -40.6139 -24.7989 -48.4892 -23.5327 -49.2144 17.8510 -40.4360 16.5602 -35.2785 -21.6147 -36.5419 27.4486 -45.8604 -23.9360 -40.2238 -47.0797 -28.2510 -42.8035 -30.6717 -27.7368 -34.0776 12.1457 -41.2896 -21.1730 -10.0065 -38.9482 -17.8356 -17.8984 -38.6896 -17.5797 -13.9048 -39.3499 -22.3120 -29.2310 -33.0926 4.6883 -48.7611 -30.1891 29.6295 -45.2259 -25.3439
