-46.5161 31.2222 -31.0528 -47.9307 -15.2010 -37.0414 -1.5952 -23.6378 -42.7508 22.0548 -27.8219 -48.1673 16.3046 -32.7425 -41.4993 -19.3162 -38.9305 9.0173 -24.9802 -44.8687 28.7803 -29.5089 -48.7561 -7.9449 -34.9143 -22.0022 -21.9897 -40.9160 16.0701 -26.4361 -46.8512 30.8613 -31.2541 -47.5594 -15.8354 -37.2949 0.2266 -23.8181 -43.0135 22.9159 -28.0256 -48.2911 12.4991 -32.9393 -39.9685 -19.7030 -39.1692 9.9604 -25.1459 -44.6387 24.5946 -44.6393 -25.1427 9.9625 -39.1700 -19.7030 -39.9685 -32.9393 12.4991 -48.2911 -28.0256 22.9159 -43.0135 -23.8181 0.2266 -37.2949 -15.8354 -47.5594 -31.2541 30.8613 -46.8512 -26.4361 16.0701 -40.9160 -21.9897 -22.0022 -34.9143 -7.9449 -48.7561 -29.5089 28.7803 -44.8687 -24.9802 9.0173 -38.9305 -19.3162 -41.4993 -32.7425 16.3046 -48.1673 -27.8219 22.0548 -42.7508 -23.6378 -1.5952 -37.0414 -15.2010 -47.9307 -31.0528 31.2222 -46.5161
31.2222 -30.7504 -47.7632 -13.8580 -35.8905 -1.6082 -25.4238 -42.3101 21.2514 -28.6304 -48.3049 30.0141 -32.0214 -41.1737 -19.9765 -38.0505 8.6413 -26.4638 -44.6364 28.4551 -29.8916 -48.7542 0.2874 -33.4208 -21.5203 -23.5462 -40.2765 15.4263 -27.5727 -46.8151 34.3738 -31.1152 -47.4432 -14.7837 -36.1752 0.1418 -25.5867 -42.5989 22.1105 -28.7849 -48.4552 27.7097 -32.1226 -39.6068 -20.5154 -38.3199 9.5549 -26.5954 -44.9480 28.7113 -33.5507 28.7338 -44.9562 -26.5952 9.5562 -38.3200 -20.5154 -39.6068 -32.1226 27.7097 -48.4552 -28.7849 22.1105 -42.5989 -25.5867 0.1418 -36.1752 -14.7837 -47.4432 -31.1152 34.3738 -46.8151 -27.5727 15.4263 -40.2765 -23.5462 -21.5203 -33.4208 0.2874 -48.7542 -29.8916 28.4551 -44.6364 -26.4638 8.6413 -38.0505 -19.9765 -41.1737 -32.0214 30.0141 -48.3049 -28.6304 21.2514 -42.3101 -25.4238 -1.6082 -35.8905 -13.8580 -47.7632 -30.7504 31.2222
-31.0528 -47.7632 -13.5070 -35.7357 -2.8788 -25.2795 -42.0935 20.5976 -28.6393 -48.1725 31.5179 -32.3499 -42.2680 -19.5314 -37.8378 7.8868 -26.3765 -44.4106 27.7368 -29.9765 -48.7831 3.2839 -33.1679 -24.1214 -23.2719 -40.0526 14.7888 -27.5312 -46.6156 34.0605 -31.3091 -47.7639 -13.9594 -35.9410 -1.2396 -25.4447 -42.3694 21.4286 -28.8020 -48.3388 29.6491 -32.4746 -40.8663 -20.0986 -38.1057 8.8325 -26.5121 -44.6936 28.7407 -30.8253 -45.7026 -31.2438 28.7841 -44.7121 -26.5135 8.8324 -38.1057 -20.0986 -40.8663 -32.4746 29.6491 -48.3388 -28.8020 21.4286 -42.3694 -25.4447 -1.2396 -35.9410 -13.9594 -47.7639 -31.3091 34.0605 -46.6156 -27.5312 14.7888 -40.0526 -23.2719 -24.1214 -33.1679 3.2839 -48.7831 -29.9765 27.7368 -44.4106 -26.3765 7.8868 -37.8378 -19.5314 -42.2680 -32.3499 31.5179 -48.1725 -28.6393 20.5976 -42.0935 -25.2795 -2.8788 -35.7357 -13.5070 -47.7632 -31.0528
-47.9307 -13.8580 -35.7357 -3.4202 -25.1884 -41.9201 20.0267 -28.5184 -48.0301 32.6551 -32.2515 -43.2405 -19.0553 -37.6234 7.0891 -26.2709 -44.1842 27.0149 -29.8401 -48.8194 6.5980 -33.0500 -26.6119 -22.9775 -39.8263 14.1405 -27.4126 -46.4119 33.6408 -31.1848 -48.0310 -13.0613 -35.6929 -2.7939 -25.3016 -42.1406 20.7557 -28.6698 -48.2072 31.1967 -32.3825 -41.9909 -19.6526 -37.8897 8.0740 -26.4047 -44.4707 27.9299 -29.9120 -48.6283 -22.7684 -48.2531 -31.3534 27.9922 -44.4849 -26.4050 8.0740 -37.8897 -19.6526 -41.9909 -32.3825 31.1967 -48.2072 -28.6698 20.7557 -42.1406 -25.3016 -2.7939 -35.6929 -13.0613 -48.0310 -31.1848 33.6408 -46.4119 -27.4126 14.1405 -39.8263 -22.9775 -26.6119 -33.0500 6.5980 -48.8194 -29.8401 27.0149 -44.1842 -26.2709 7.0891 -37.6234 -19.0553 -43.2405 -32.2515 32.6551 -48.0301 -28.5184 20.0267 -41.9201 -25.1884 -3.4202 -35.7357 -13.8580 -47.9307
-15.2010 -35.8905 -2.8788 -25.1884 -41.8493 19.6652 -28.4299 -47.9001 33.4592 -32.1605 -44.0793 -18.5612 -37.4079 6.2402 -26.1674 -43.9582 26.2975 -29.6995 -48.8270 10.1974 -33.0146 -28.9534 -22.6700 -39.5983 13.4811 -27.2953 -46.2051 33.1500 -31.0575 -48.2492 -12.0719 -35.4322 -4.5502 -25.1401 -41.9135 20.0935 -28.5353 -48.0614 32.4362 -32.2885 -42.9888 -19.1853 -37.6718 7.2730 -26.2994 -44.2454 27.2112 -29.8319 -48.7391 -15.3514 -48.2501 -29.2433 -45.1605 -31.4308 27.2968 -44.2468 -26.2988 7.2729 -37.6718 -19.1853 -42.9888 -32.2885 32.4362 -48.0614 -28.5353 20.0935 -41.9135 -25.1401 -4.5502 -35.4322 -12.0719 -48.2492 -31.0575 33.1500 -46.2051 -27.2953 13.4811 -39.5983 -22.6700 -28.9534 -33.0146 10.1974 -48.8270 -29.6995 26.2975 -43.9582 -26.1674 6.2402 -37.4079 -18.5612 -44.0793 -32.1605 33.4592 -47.9001 -28.4299 19.6652 -41.8493 -25.1884 -2.8788 -35.8905 -15.2010
-37.0414 -1.6082 -25.2795 -41.9201 19.6652 -28.3979 -47.8212 33.9100 -32.0881 -44.7362 -18.0782 -37.2019 5.3578 -26.0668 -43.7351 25.5936 -29.5580 -48.8104 13.8721 -32.9742 -31.1123 -22.3521 -39.3717 12.8180 -27.1783 -45.9947 32.5992 -30.9313 -48.4228 -10.9764 -35.1611 -6.5093 -24.9619 -41.6902 19.4477 -28.4008 -47.9054 33.3752 -32.1944 -43.8633 -18.6996 -37.4547 6.4310 -26.1972 -44.0230 26.5028 -29.7236 -48.8692 12.5615 -32.8670 -37.7343 11.8305 -32.9378 -47.5873 -30.3747 26.5428 -44.0209 -26.1966 6.4326 -37.4551 -18.6997 -43.8633 -32.1944 33.3752 -47.9054 -28.4008 19.4477 -41.6902 -24.9619 -6.5093 -35.1611 -10.9764 -48.4228 -30.9313 32.5992 -45.9947 -27.1783 12.8180 -39.3717 -22.3521 -31.1123 -32.9742 13.8721 -48.8104 -29.5580 25.5936 -43.7351 -26.0668 5.3578 -37.2019 -18.0782 -44.7362 -32.0881 33.9100 -47.8212 -28.3979 19.6652 -41.9201 -25.2795 -1.6082 -37.0414
-1.5952 -25.4238 -42.0935 20.0267 -28.4299 -47.8212 34.0500 -32.0469 -45.1609 -17.6698 -37.0203 4.4865 -25.9731 -43.5179 24.9053 -29.4133 -48.7700 17.4892 -32.9308 -33.0896 -22.0235 -39.1470 12.1499 -27.0595 -45.7773 31.9893 -30.8118 -48.5543 -9.7732 -34.8757 -8.7215 -24.7655 -41.4718 18.8204 -28.2630 -47.7370 34.0557 -32.1058 -44.6232 -18.1960 -37.2357 5.5402 -26.1003 -43.8103 25.8301 -29.5702 -48.8224 13.2159 -33.4811 -20.2220 32.0967 -39.3893 15.0006 -23.8614 -48.7534 -29.5952 25.8071 -43.8045 -26.0975 5.5291 -37.2357 -18.1962 -44.6246 -32.1058 34.0557 -47.7370 -28.2630 18.8204 -41.4718 -24.7655 -8.7215 -34.8757 -9.7732 -48.5543 -30.8118 31.9893 -45.7773 -27.0595 12.1499 -39.1470 -22.0235 -33.0896 -32.9308 17.4892 -48.7700 -29.4133 24.9053 -43.5179 -25.9731 4.4865 -37.0203 -17.6698 -45.1609 -32.0469 34.0500 -47.8212 -28.4299 20.0267 -42.0935 -25.4238 -1.5952
-23.6378 -42.3101 20.5976 -28.5184 -47.9001 33.9100 -32.0469 -45.3106 -17.4323 -36.8916 3.7428 -25.8949 -43.3246 24.2736 -29.2729 -48.7067 20.8973 -32.8831 -34.9051 -21.6819 -38.9275 11.4847 -26.9377 -45.5490 31.3174 -30.7039 -48.6482 -8.4669 -34.5713 -11.2320 -24.5492 -41.2632 18.2241 -28.1183 -47.5536 34.5032 -32.0318 -45.2695 -17.6827 -37.0138 4.4607 -27.3740 -42.6122 25.1713 -29.4264 -48.7480 17.2486 -33.0378 -32.1062 -22.9525 -40.0557 25.1427 -42.0232 -34.4459 18.0332 -48.5260 -29.4133 25.1486 -43.5949 -26.0027 4.5340 -37.0104 -17.6851 -45.2720 -32.0300 34.5032 -47.5536 -28.1183 18.2241 -41.2632 -24.5492 -11.2320 -34.5713 -8.4669 -48.6482 -30.7039 31.3174 -45.5490 -26.9377 11.4847 -38.9275 -21.6819 -34.9051 -32.8831 20.8973 -48.7067 -29.2729 24.2736 -43.3246 -25.8949 3.7428 -36.8916 -17.4323 -45.3106 -32.0469 33.9100 -47.9001 -28.5184 20.5976 -42.3101 -23.6378
-42.7508 21.2514 -28.6393 -48.0301 33.4592 -32.0881 -45.1609 -17.4323 -36.8458 3.3017 -25.8421 -43.1779 23.7614 -29.1454 -48.6314 23.8169 -32.8334 -36.5408 -21.3265 -38.7143 10.8253 -26.8120 -45.3100 30.5882 -30.6134 -48.7091 -7.0876 -34.2414 -14.0748 -24.3092 -41.0674 17.6669 -27.9655 -47.3520 34.7306 -31.9767 -45.8095 -17.1799 -36.7867 3.2436 -28.3884 -48.7175 -24.3154 -24.0963 -49.1413 18.7829 -32.9296 -33.5557 -21.9021 -38.8026 17.6454 -39.5841 6.4741 -12.2446 -31.1743 -8.2891 -48.1222 -29.2328 24.5408 -43.3976 -25.9125 3.4084 -36.7755 -17.1752 -45.8136 -31.9745 34.7306 -47.3528 -27.9647 17.6669 -41.0674 -24.3092 -14.0748 -34.2414 -7.0876 -48.7091 -30.6134 30.5882 -45.3100 -26.8120 10.8253 -38.7143 -21.3265 -36.5408 -32.8334 23.8169 -48.6314 -29.1454 23.7614 -43.1779 -25.8421 3.3017 -36.8458 -17.4323 -45.1609 -32.0881 33.4592 -48.0301 -28.6393 21.2514 -42.7508
22.0548 -28.6304 -48.1725 32.6551 -32.1605 -44.7362 -17.6698 -36.8916 3.3017 -25.8231 -43.0983 23.4182 -29.0440 -48.5547 26.1248 -32.7882 -37.9669 -20.9656 -38.5059 10.1667 -26.6813 -45.0520 29.7817 -30.5566 -48.7427 -5.7256 -33.8723 -17.3183 -24.0379 -40.8950 17.1771 -27.7981 -47.1333 34.7401 -31.9379 -46.2400 -16.7021 -36.5314 2.0564 -27.4152 -48.7016 -32.1619 14.7809 -41.5336 29.4546 -32.8595 -38.0605 -21.3065 -38.4778 10.9877 -34.9991 13.7100 -39.9607 -15.8250 -47.6751 -47.4311 -14.7734 -47.9175 -29.0350 23.9955 -43.2216 -25.8296 2.0735 -36.5171 -16.6976 -46.2416 -31.9642 34.7412 -47.1261 -27.7932 17.1771 -40.8950 -24.0379 -17.3183 -33.8723 -5.7256 -48.7427 -30.5566 29.7817 -45.0520 -26.6813 10.1667 -38.5059 -20.9656 -37.9669 -32.7882 26.1248 -48.5547 -29.0440 23.4182 -43.0983 -25.8231 3.3017 -36.8916 -17.6698 -44.7362 -32.1605 32.6551 -48.1725 -28.6304 22.0548
-27.8219 -48.3049 31.5179 -32.2515 -44.0793 -18.0782 -37.0203 3.7428 -25.8421 -43.0983 23.2968 -28.9875 -48.4934 27.7035 -32.7499 -39.1056 -20.6235 -38.3147 9.5338 -26.5508 -44.7786 28.8910 -30.5486 -48.7563 -4.6086 -33.4491 -20.9996 -23.7261 -40.7753 16.8364 -27.6040 -46.8905 34.5060 -33.4854 -46.6918 -16.1435 -36.2435 0.6186 -25.9467 -45.1072 -19.9595 -36.2021 -33.8783 2.9625 -30.6753 -47.7884 -17.7645 -38.0459 8.5816 -29.9747 -45.5328 -31.7948 8.4206 -36.4907 19.6826 -29.1414 -48.6775 -7.7730 -48.0585 -28.8183 23.5876 -43.0912 -25.7528 0.4060 -36.2099 -16.3419 -46.5138 -32.0228 34.5105 -46.8622 -27.5949 16.8364 -40.7753 -23.7261 -20.9996 -33.4491 -4.6086 -48.7563 -30.5486 28.8910 -44.7786 -26.5508 9.5338 -38.3147 -20.6235 -39.1056 -32.7499 27.7035 -48.4934 -28.9875 23.2968 -43.0983 -25.8421 3.7428 -37.0203 -18.0782 -44.0793 -32.2515 31.5179 -48.3049 -27.8219
-48.1673 30.0141 -32.3499 -43.2405 -18.5612 -37.2019 4.4865 -25.8949 -43.1779 23.4182 -28.9875 -48.4701 28.4808 -32.7205 -39.8950 -20.3359 -38.1492 8.9493 -26.4291 -44.5088 27.9765 -30.5858 -48.7597 -4.0166 -32.9775 -24.9866 -23.3649 -40.7449 16.7585 -27.3701 -46.5898 33.9627 -35.3196 7.0535 -22.4131 -35.1026 -0.1061 -25.5885 -43.0895 36.1020 -45.4213 -20.1730 -49.1934 -22.4100 -47.1849 8.5446 -35.7764 3.7938 -26.8444 -46.9235 -16.3099 -48.9022 -26.3831 -41.6707 -28.5273 -48.5357 -14.4561 -41.3727 28.9468 -48.2765 -28.5631 23.4525 -43.0477 -25.6699 -1.7374 -35.8656 -16.0509 -46.7026 -32.1628 34.0048 -46.5482 -27.3618 16.7585 -40.7449 -23.3649 -24.9866 -32.9775 -4.0166 -48.7597 -30.5858 27.9765 -44.5088 -26.4291 8.9493 -38.1492 -20.3359 -39.8950 -32.7205 28.4808 -48.4701 -28.9875 23.4182 -43.1779 -25.8949 4.4865 -37.2019 -18.5612 -43.2405 -32.3499 30.0141 -48.1673
16.3046 -32.0214 -42.2680 -19.0553 -37.4079 5.3578 -25.9731 -43.3246 23.7614 -29.0440 -48.4934 28.4808 -32.7082 -40.3274 -20.1408 -38.0232 8.4541 -26.3255 -44.2587 27.1142 -30.6527 -48.7601 -4.0330 -32.4923 -28.8364 -22.9725 -40.8414 17.0690 -27.1030 -46.2247 33.2050 -35.2144 13.8012 -47.4434 -21.4507 -45.1265 -22.5170 -42.0020 24.8082 -39.5427 30.4248 -42.7726 32.8347 -42.7141 36.0392 -40.1975 -2.4822 29.4528 -42.8293 33.7606 -41.2078 34.4581 -43.8023 -5.9937 -45.6644 8.4676 -42.7595 23.8205 -36.6026 32.9545 -48.0981 -28.4158 23.6412 -43.1042 -25.5970 -2.7514 -35.7407 -15.2883 -46.8475 -32.4586 33.2424 -46.1941 -27.0997 17.0655 -40.8419 -22.9725 -28.8364 -32.4923 -4.0330 -48.7601 -30.6527 27.1142 -44.2587 -26.3255 8.4541 -38.0232 -20.1408 -40.3274 -32.7082 28.4808 -48.4934 -29.0440 23.7614 -43.3246 -25.9731 5.3578 -37.4079 -19.0553 -42.2680 -32.0214 16.3046
-32.7425 -41.1737 -19.5314 -37.6234 6.2402 -26.0668 -43.5179 24.2736 -29.1454 -48.5547 27.7035 -32.7205 -40.3274 -20.0708 -37.9553 8.1194 -26.2518 -44.0573 26.3678 -30.7328 -48.7600 -4.5443 -32.0449 -32.0516 -22.6029 -41.1010 17.8989 -26.8326 -45.8802 32.4158 -33.9854 -16.4639 -37.1842 35.4947 -45.1951 16.6810 -39.5076 16.1392 -34.7213 3.8130 -37.0577 16.9760 -39.3827 29.5351 -43.9906 -8.2056 -47.7149 -33.5198 10.1020 -35.0401 9.9516 -36.4675 17.8753 -37.3344 22.7057 -37.9047 15.8871 -35.1217 -9.9049 -33.8404 31.1852 -48.1027 -28.9345 23.4683 -41.4390 -22.8709 30.2787 -40.1747 -15.5109 -46.4702 -33.1006 32.4405 -45.8380 -27.0430 17.0135 -41.0864 -22.6021 -32.0516 -32.0449 -4.5443 -48.7600 -30.7328 26.3678 -44.0573 -26.2518 8.1194 -37.9553 -20.0708 -40.3274 -32.7205 27.7035 -48.5547 -29.1454 24.2736 -43.5179 -26.0668 6.2402 -37.6234 -19.5314 -41.1737 -32.7425
-41.4993 -19.9765 -37.8378 7.0891 -26.1674 -43.7351 24.9053 -29.2729 -48.6314 26.1248 -32.7499 -39.8950 -20.1408 -37.9553 7.9994 -26.2148 -43.9294 25.8268 -30.8090 -48.7592 -5.3501 -31.6934 -34.3598 -22.3395 -41.5513 19.1810 -27.6280 -45.4465 32.0009 -33.4289 -43.9108 -29.9666 -7.4123 -36.8277 17.1406 -34.7829 -0.1369 -29.6024 -47.4903 -29.3020 -31.6412 -34.3563 11.1385 -40.5591 35.2257 -45.6202 -17.9441 -48.6863 -25.9898 -48.3064 -27.5172 -43.2910 -29.9417 -31.0261 -31.3384 -26.8668 -30.0307 -46.8327 -26.9967 -41.0156 -28.9045 -22.5530 -48.7632 -27.3342 -43.5314 -18.1628 -46.7568 35.6756 -41.7264 -16.8592 -44.3316 -32.9111 34.0185 -45.5149 -31.9530 17.2884 -41.5014 -22.3370 -34.3597 -31.6935 -5.3501 -48.7592 -30.8090 25.8268 -43.9294 -26.2148 7.9994 -37.9553 -20.1408 -39.8950 -32.7499 26.1248 -48.6314 -29.2729 24.9053 -43.7351 -26.1674 7.0891 -37.8378 -19.9765 -41.4993
-19.3162 -38.0505 7.8868 -26.2709 -43.9582 25.5936 -29.4133 -48.7067 23.8169 -32.7882 -39.1056 -20.3359 -38.0232 8.1194 -26.2148 -43.8853 25.5574 -30.8600 -48.7577 -6.1374 -31.4695 -35.6873 -22.2637 -42.1190 20.4793 -30.3964 -48.8426 27.7499 -32.0508 -43.9487 -20.9544 -48.1926 -25.7713 -43.7570 -27.8899 -48.3308 -22.3206 -46.0273 -10.6798 -47.6931 -24.3560 -43.1690 -34.0868 13.9297 -40.9113 33.1099 -43.0271 22.8887 -43.5648 14.5293 -44.4232 -8.5209 -46.2724 -16.4098 -47.5556 -17.9757 -47.1718 -8.1830 -43.9147 1.7491 -42.9108 11.5254 -29.2760 -48.7079 -18.9747 -46.7142 29.4403 -43.7960 30.3658 -39.2636 -11.9694 -49.3751 -21.9940 -46.6425 8.2691 -33.8836 18.8570 -42.0721 -22.2618 -35.6879 -31.4695 -6.1374 -48.7577 -30.8600 25.5574 -43.8853 -26.2148 8.1194 -38.0232 -20.3359 -39.1056 -32.7882 23.8169 -48.7067 -29.4133 25.5936 -43.9582 -26.2709 7.8868 -38.0505 -19.3162
-38.9305 8.6413 -26.3765 -44.1842 26.2975 -29.5580 -48.7700 20.8973 -32.8334 -37.9669 -20.6235 -38.1492 8.4541 -26.2518 -43.9294 25.5574 -30.8765 -48.7564 -6.6398 -31.3613 -36.2086 -22.4062 -42.8039 21.8719 -31.1751 -36.4265 -39.0202 32.4831 -47.1812 4.5192 -39.9414 35.2872 -44.3160 -2.0410 -44.3595 26.4509 -40.5102 30.0106 -40.6012 34.5682 -46.0982 -22.3852 -43.3690 -33.3402 8.2678 -37.4806 16.5386 -37.1701 17.6867 -37.0223 20.9581 -38.3478 26.8797 -39.8963 31.3638 -40.7419 31.2776 -39.9838 24.3350 -38.3385 17.6281 -35.6353 -42.8317 -20.4338 -45.3565 35.6072 -42.1392 25.6723 -39.8649 15.3628 -36.8017 33.7561 -42.8591 32.8080 -36.2190 -36.9234 -31.5828 21.3583 -42.7953 -22.4027 -36.2156 -31.3613 -6.6398 -48.7564 -30.8765 25.5574 -43.9294 -26.2518 8.4541 -38.1492 -20.6235 -37.9669 -32.8334 20.8973 -48.7700 -29.5580 26.2975 -44.1842 -26.3765 8.6413 -38.9305
9.0173 -26.4638 -44.4106 27.0149 -29.6995 -48.8104 17.4892 -32.8831 -36.5408 -20.9656 -38.3147 8.9493 -26.3255 -44.0573 25.8268 -30.8600 -48.7564 -6.8029 -31.3272 -36.2837 -22.6824 -43.7106 25.1431 -29.8768 -48.3714 -30.1229 12.0252 -39.1572 22.2149 -35.0677 11.0519 -37.5280 18.5503 -37.2035 16.9993 -35.2478 6.6905 -35.2004 12.3156 -39.2221 34.7153 -45.2829 -19.3526 -48.5142 -28.5973 -37.9184 -30.4173 -36.0779 -30.3217 -34.4000 -31.5726 -15.4571 -33.4779 0.3798 -34.6941 5.7355 -35.3185 4.6393 -35.8085 3.4611 -36.8642 3.0331 -29.7687 -47.9620 32.4532 -40.8465 18.5763 -37.6842 4.8059 -34.2527 -14.5363 -33.4746 8.5931 -35.0971 -21.0168 -28.6272 -48.4469 -29.7615 25.3712 -43.6988 -22.6941 -36.2941 -31.3274 -6.8029 -48.7564 -30.8600 25.8268 -44.0573 -26.3255 8.9493 -38.3147 -20.9656 -36.5408 -32.8831 17.4892 -48.8104 -29.6995 27.0149 -44.4106 -26.4638 9.0173
-24.9802 -44.6364 27.7368 -29.8401 -48.8270 13.8721 -32.9308 -34.9051 -21.3265 -38.5059 9.5338 -26.4291 -44.2587 26.3678 -30.8090 -48.7577 -6.6398 -31.3272 -36.2572 -22.8824 -44.4066 30.1083 -28.0799 -48.7416 -21.7991 -48.5941 -29.6384 -28.3098 -30.0755 -43.2222 -31.0632 -12.3568 -35.0081 -16.8881 -32.1114 -44.3275 -27.8467 -46.2604 -31.3808 3.3922 -38.1872 29.1843 -42.5671 7.6393 -46.1540 -14.6622 -46.9123 -15.3023 -46.7391 -17.2181 -47.7731 -23.2249 -48.7611 -25.5401 -48.3458 -26.9791 -46.6438 -30.0798 -30.9151 -35.8838 14.7125 -38.1458 -36.8067 -15.3500 -41.9993 18.3945 -35.8743 -18.3751 -30.2212 -47.8174 -24.8412 -48.9832 -26.0787 -47.3654 -25.4206 -48.6729 -20.5136 -48.6762 -27.2459 31.7967 -44.4163 -22.9429 -36.2590 -31.3274 -6.6398 -48.7577 -30.8090 26.3678 -44.2587 -26.4291 9.5338 -38.5059 -21.3265 -34.9051 -32.9308 13.8721 -48.8270 -29.8401 27.7368 -44.6364 -24.9802
-44.8687 28.4551 -29.9765 -48.8194 10.1974 -32.9742 -33.0896 -21.6819 -38.7143 10.1667 -26.5508 -44.5088 27.1142 -30.7328 -48.7592 -6.1374 -31.3613 -36.2837 -22.8824 -44.5654 31.7030 -26.8493 -48.2417 -14.9556 -46.9440 -12.6746 -47.6907 -17.8025 -46.9235 -18.6539 -49.3422 -34.9062 -0.3968 -33.8859 -41.7545 -25.3851 -46.8578 -16.7874 -48.7356 -28.6669 -15.0446 -35.5722 16.4719 -38.4668 26.7916 -39.8786 29.5510 -40.0562 31.9263 -41.3423 14.7752 -47.6705 -19.4014 -46.5197 -11.5853 -46.0721 -18.6189 -48.6608 -32.4791 11.9991 -41.0389 -2.8365 -46.5012 -37.4876 15.6417 -34.6642 -35.4616 -26.7308 -48.4934 -11.9518 -44.3592 18.5003 -44.5533 -5.4886 -46.0327 -5.5772 -46.5845 -11.5557 -47.5543 -22.3350 32.6472 -44.6458 -22.9599 -36.2824 -31.3613 -6.1374 -48.7592 -30.7328 27.1142 -44.5088 -26.5508 10.1667 -38.7143 -21.6819 -33.0896 -32.9742 10.1974 -48.8194 -29.9765 28.4551 -44.8687
28.7803 -29.8916 -48.7831 6.5980 -33.0146 -31.1123 -22.0235 -38.9275 10.8253 -26.6813 -44.7786 27.9765 -30.6527 -48.7600 -5.3501 -31.4695 -36.2086 -22.6828 -44.4063 31.7035 -27.0566 -48.4484 -12.0301 -45.7476 26.9292 -43.5780 35.8230 -41.2436 29.9867 -38.9727 10.9662 30.7438 -39.3253 7.1015 -33.9967 -47.5159 -11.4121 -42.8663 14.1148 -47.2535 -24.1261 -45.6143 -30.8168 -13.8199 -33.6862 0.6801 -34.7198 6.5527 -36.9275 25.3391 -44.3310 -26.9303 -46.6758 -21.2137 -45.0155 23.7568 -45.2462 -24.7905 -15.0210 -38.5353 33.3136 -45.5806 -24.2504 -21.4405 -31.1565 -45.4894 -23.2503 -47.0930 23.0357 -41.7047 27.8388 -39.1341 25.5406 -40.5680 34.3430 -43.2349 33.3804 -44.7433 8.2380 -46.8937 -18.6717 32.4030 -44.4799 -22.7186 -36.2102 -31.4696 -5.3501 -48.7600 -30.6527 27.9765 -44.7786 -26.6813 10.8253 -38.9275 -22.0235 -31.1123 -33.0146 6.5980 -48.7831 -29.8916 28.7803
-29.5089 -48.7542 3.2839 -33.0500 -28.9534 -22.3521 -39.1470 11.4847 -26.8120 -45.0520 28.8910 -30.5858 -48.7601 -4.5443 -31.6934 -35.6873 -22.4067 -43.7113 30.1291 -26.8388 -48.4477 -13.2571 -45.8540 33.7220 -42.7709 27.3236 -39.3576 13.5888 -35.4200 -7.9303 -28.7231 -45.7918 25.0128 -38.9860 18.9158 -26.1466 -46.4388 33.8234 -40.3723 35.2859 -43.9070 -10.2912 -47.8449 -21.8776 -49.1085 -25.1346 -48.1819 -28.4235 -36.3817 -32.0859 -30.8601 20.8165 -34.1648 -46.3613 -14.4191 -43.1586 1.8756 -48.7344 -34.0663 24.8653 -42.6641 29.7735 -46.5573 -20.5542 -48.5690 -14.6476 -45.0118 35.8101 -40.2811 17.7396 -36.6164 2.7129 -35.1614 10.5588 -37.9717 23.1802 -41.9229 35.3292 -43.8484 17.4072 -46.9071 -22.2474 32.0089 -43.7329 -22.4105 -35.6881 -31.6935 -4.5443 -48.7601 -30.5858 28.8910 -45.0520 -26.8120 11.4847 -39.1470 -22.3521 -28.9534 -33.0500 3.2839 -48.7542 -29.5089
-48.7561 0.2874 -33.1679 -26.6119 -22.6700 -39.3717 12.1499 -26.9377 -45.3100 29.7817 -30.5486 -48.7597 -4.0330 -32.0449 -34.3598 -22.2638 -42.8065 25.2223 -28.0192 -48.2354 -11.9870 -45.8534 33.7079 -42.7344 24.5563 -38.8700 9.5358 -35.8958 -38.4255 -25.6960 -47.9170 35.6689 -39.6735 24.8746 -44.7929 -21.7098 17.9132 -37.2177 10.9986 -37.6624 21.8927 -39.9917 34.3690 -42.4938 29.9901 -44.0118 -1.0439 -46.5322 -19.0190 -48.9511 -19.3035 -41.6379 9.0073 -28.7218 -47.5995 30.8380 -44.1119 -22.6920 3.9026 -42.6543 -6.8435 -44.3948 32.5805 -43.9693 34.3443 -42.0021 28.0747 -38.9574 10.0443 -33.8791 -35.5735 -28.7340 -47.1915 -28.3270 -42.6687 -29.3024 18.9031 -41.3502 34.1778 -43.8470 7.0627 -47.6115 -27.2734 25.4310 -42.8039 -22.2633 -34.3597 -32.0449 -4.0330 -48.7597 -30.5486 29.7817 -45.3100 -26.9377 12.1499 -39.3717 -22.6700 -26.6119 -33.1679 0.2874 -48.7561
-7.9449 -33.4208 -24.1214 -22.9775 -39.5983 12.8180 -27.0595 -45.5490 30.5882 -30.5566 -48.7563 -4.0166 -32.4923 -32.0516 -22.3395 -42.1212 22.0199 -29.4169 -48.7148 -14.5412 -45.7599 33.7422 -42.7425 24.2180 -38.7313 8.7481 -37.7813 18.2979 -26.2283 -46.5726 35.3794 -38.5279 13.7738 -39.9795 33.5215 -48.8073 -28.9723 -35.5002 -31.1840 -25.8840 -33.6318 5.1572 -36.2672 15.0275 -38.1582 22.9139 -39.8545 32.9588 -42.5168 34.4837 -42.6734 21.0107 -34.3093 -47.0134 -11.8738 -42.5441 34.4278 -44.0924 -7.1792 -31.3172 -45.5691 -14.3549 -43.7360 31.1341 -39.9557 16.8423 -36.7588 -2.8401 -31.2134 -47.4308 -22.3252 -47.0443 -9.1631 -45.6713 -11.3216 -45.6425 -29.0199 17.5064 -41.7855 35.6920 -44.8139 -12.1698 -48.6973 -29.5305 21.8526 -42.1159 -22.3391 -32.0516 -32.4923 -4.0166 -48.7563 -30.5566 30.5882 -45.5490 -27.0595 12.8180 -39.5983 -22.9775 -24.1214 -33.4208 -7.9449
-34.9143 -21.5203 -23.2719 -39.8263 13.4811 -27.1783 -45.7773 31.3174 -30.6134 -48.7427 -4.6086 -32.9775 -28.8364 -22.6029 -41.5517 20.6853 -28.8174 -48.7580 -18.6399 -46.7132 28.5854 -42.8032 24.4308 -38.6222 5.8073 -37.0790 23.3061 -46.4127 -25.1699 9.9773 -34.8204 -2.5918 -35.6886 15.0764 -41.1423 18.1017 -47.9447 -19.2609 -48.4386 -22.4560 -48.9016 -27.2588 -42.9453 -31.0225 -17.3405 -34.1808 6.2141 -36.8009 15.3181 -38.0035 14.5657 -34.7088 -38.2991 -22.1276 -44.8029 29.7850 -39.4961 22.4619 -38.9255 1.2636 -27.3880 -47.3614 35.8378 -40.3247 12.2076 -34.8241 -31.9418 -28.0200 -48.7388 -13.8380 -44.3347 35.7165 -40.5570 30.7413 -40.5872 -1.2005 -47.2532 -36.3649 20.8134 -42.3660 32.4021 -46.6565 -19.4699 -48.7574 -29.8972 20.2327 -41.5504 -22.6031 -28.8362 -32.9775 -4.6086 -48.7427 -30.6134 31.3174 -45.7773 -27.1783 13.4811 -39.8263 -23.2719 -21.5203 -34.9143
-22.0022 -23.5462 -40.0526 14.1405 -27.2953 -45.9947 31.9893 -30.7039 -48.7091 -5.7256 -33.4491 -24.9866 -22.9725 -41.1010 19.2502 -27.6485 -48.0966 -19.3922 -47.5325 5.3470 -43.3895 26.5963 -38.6556 2.8797 -35.0150 1.5994 -39.1039 29.7589 -49.0793 -26.0055 -47.2493 -28.6335 -36.6634 -34.8949 16.0292 -40.3026 34.8186 -42.6817 34.9757 -43.3852 14.5817 -45.5683 -14.8022 -48.2278 -23.2076 -48.4693 -28.2382 -39.2074 -31.3340 -26.0473 -30.7017 -45.7848 -22.4195 -46.0621 34.4260 -39.0808 7.6773 -35.3205 -3.4086 -30.1604 -48.7045 3.6565 -41.7842 17.3659 -35.2007 -38.8937 -25.3262 -47.5984 10.5386 -41.9086 27.1603 -38.6021 12.2549 -37.5968 23.7337 -43.5658 -24.6305 -7.6543 -38.1897 25.5999 -43.3735 -1.7274 -48.1745 -24.5532 -48.1529 -29.4702 18.8201 -41.1017 -22.9726 -24.9864 -33.4491 -5.7256 -48.7091 -30.7039 31.9893 -45.9947 -27.2953 14.1405 -40.0526 -23.5462 -22.0022
-21.9897 -40.2765 14.7888 -27.4126 -46.2051 32.5992 -30.8118 -48.6482 -7.0876 -33.8723 -20.9996 -23.3649 -40.8414 17.8804 -26.9851 -46.5934 -23.9778 -48.7366 -15.0818 -44.7517 32.5841 -39.2185 4.5152 -34.3429 -29.1930 -35.1367 11.7717 -40.4357 31.6750 -45.3801 -10.3055 -47.5323 -24.7008 -40.9895 -33.8570 8.1637 -37.7527 16.2595 -38.3111 20.0769 -39.0798 27.9233 -40.9486 35.6679 -43.3772 3.6846 -46.3905 -17.3493 -48.4543 -20.5969 -48.2416 -12.6475 -44.4156 33.6820 -39.1759 5.6729 -32.2195 -44.3389 -26.5635 -48.6529 -5.6195 -42.5359 23.7680 -36.9190 -27.1634 -25.8838 -47.2926 29.6430 -40.7467 19.9411 -36.8274 -4.4232 -33.3991 -8.2323 -37.5697 35.4637 -48.0986 -30.0768 3.1471 -39.3294 34.6977 -45.5776 -22.3870 -43.1206 -30.5437 -47.9725 -27.8926 17.7527 -40.8423 -23.3649 -20.9996 -33.8723 -7.0876 -48.6482 -30.8118 32.5992 -46.2051 -27.4126 14.7888 -40.2765 -21.9897
-40.9160 15.4263 -27.5312 -46.4119 33.1500 -30.9313 -48.5543 -8.4669 -34.2414 -17.3183 -23.7261 -40.7449 17.0690 -26.8374 -44.9677 -9.0084 14.0157 -30.9085 -48.6108 26.9759 -40.4720 10.3402 -34.7854 -19.9224 -35.3796 3.2351 -36.6996 12.4630 -39.1412 28.4438 -41.4884 28.6949 -46.6035 -24.0969 -44.7186 -33.3613 -13.3289 -33.8743 -16.1620 -33.5469 -2.5967 -35.0798 9.8967 -37.3045 20.0663 -39.3231 30.8956 -41.6788 35.5977 -42.6489 35.3967 -40.9976 24.4579 -37.8525 2.0197 -30.8296 -48.5754 -19.5181 -46.6685 20.9866 -42.0361 24.6355 -37.7813 -10.0483 -28.1036 -47.9887 26.6155 -40.7696 16.8091 -35.4715 -28.2071 -29.1219 -48.0289 -31.4286 6.9526 -39.7264 -4.6667 -48.5528 -33.3020 14.5126 -41.3276 -5.3554 -48.4006 -33.1255 30.3194 -47.7455 -43.5166 -26.7754 17.0690 -40.7449 -23.7261 -17.3183 -34.2414 -8.4669 -48.5543 -30.9313 33.1500 -46.4119 -27.5312 15.4263 -40.9160
16.0701 -27.5727 -46.6156 33.6408 -31.0575 -48.4228 -9.7732 -34.5713 -14.0748 -24.0379 -40.7753 16.7585 -27.0982 -45.8708 32.1198 -32.5558 -41.0424 -0.9369 -23.1505 -43.5839 21.4911 -35.7000 -20.9986 -36.2955 24.7635 -38.9069 15.2897 -36.9633 6.5414 -37.8806 21.7450 -41.5295 5.5505 -48.4468 -30.0785 -15.6693 -34.5088 -42.6969 -26.8183 -48.7383 -25.7733 -47.5593 -29.0405 -33.4025 -32.8402 0.6803 -35.5899 11.3080 -36.8982 14.1804 -36.7902 9.2689 -34.4526 -23.1781 -28.5735 -48.8071 -10.7562 -43.7256 34.9749 -40.4717 19.0727 -36.9230 -9.9017 -29.0678 -48.4549 11.1526 -41.1094 17.6075 -35.2476 -35.7869 -26.5283 -48.3797 -24.3798 -43.5061 -35.4678 25.3405 -43.6740 -24.0299 -26.2178 -37.4906 32.7244 -45.9666 -26.9300 5.8692 -41.4830 -24.4961 31.7904 -45.8718 -27.1003 16.7585 -40.7753 -24.0379 -14.0748 -34.5713 -9.7732 -48.4228 -31.0575 33.6408 -46.6156 -27.5727 16.0701
-26.4361 -46.8151 34.0605 -31.1848 -48.2492 -10.9764 -34.8757 -11.2320 -24.3092 -40.8950 16.8378 -27.3615 -46.1946 32.4386 -34.3251 -33.1690 30.9167 -33.5872 -49.0968 31.7457 -38.0861 -10.5797 -33.1499 16.1530 -47.2619 -3.2523 -40.7467 16.9202 -36.4895 3.9377 -38.6619 32.6106 -45.5299 -25.7320 -11.0273 -37.8971 24.6351 -26.6664 -48.2801 -4.4458 -44.4720 -5.3307 -46.6780 -19.4545 -49.0343 -25.7353 -46.6751 -28.9196 -39.7903 -29.9944 -40.6723 -28.3567 -48.1176 -22.7893 -47.3788 16.6331 -41.5114 25.5114 -38.5463 9.8876 -34.4850 -29.6649 -27.7726 -48.4624 4.2153 -41.3435 19.8675 -35.7677 -33.6658 -25.8897 -47.6107 -19.5614 -48.3044 -32.1046 9.2307 -39.9943 1.9967 -48.6916 -33.3762 16.2968 -41.8108 -12.3497 -47.2640 -34.6963 33.1073 -49.4080 -32.9628 32.4593 -46.2111 -27.3674 16.8364 -40.8955 -24.3092 -11.2320 -34.8757 -10.9764 -48.2492 -31.1848 34.0605 -46.8151 -26.4361
-46.8512 34.3738 -31.3091 -48.0310 -12.0719 -35.1611 -8.7215 -24.5492 -41.0674 17.1785 -27.5947 -46.5443 33.2831 -32.7749 -45.4223 -20.0333 -37.6688 -12.2914 -23.0972 -42.9124 17.0725 -32.6762 -48.1906 -22.0114 -31.3442 -45.8067 -10.3821 -40.0704 9.8127 -36.4746 14.6874 -41.5544 -11.6451 -45.4009 -35.7541 33.9638 -49.5913 -30.6180 28.2461 -39.6100 25.7868 -39.6925 31.9643 -41.9066 31.5348 -44.3710 -5.6951 -46.3977 -15.2360 -47.2376 -14.8031 -46.1373 2.1370 -43.3681 34.8255 -39.7663 16.5820 -35.9689 -8.6616 -31.0571 -46.5853 -23.6997 -47.6441 18.3979 -41.2461 20.5344 -36.1658 -28.3783 -26.4024 -47.3874 -12.6865 -48.7200 -31.4292 1.0810 -38.4169 34.5721 -46.7811 -28.1502 1.9354 -39.5468 34.5008 -47.8311 -29.1496 2.2530 -38.3076 -13.0073 -46.1045 -32.9379 33.2158 -46.5841 -27.6013 17.1804 -41.0678 -24.5493 -8.7215 -35.1611 -12.0719 -48.0310 -31.3091 34.3738 -46.8512
30.8613 -31.1152 -47.7639 -13.0613 -35.4322 -6.5093 -24.7655 -41.2632 17.6669 -27.7931 -46.8572 34.0403 -32.1155 -46.9419 -18.1356 -40.5425 17.5846 -33.4777 -49.0941 29.4730 -37.7181 -28.1052 -22.6518 -44.2343 16.0429 -31.4574 -48.4625 35.4841 -37.9531 3.1418 -38.0384 32.2579 -46.4258 -27.8383 8.7327 -41.3884 -15.8191 -43.0521 -32.9316 0.2863 -34.5311 3.7372 -35.7741 13.2467 -37.7928 22.2874 -39.3997 29.5161 -40.6938 32.0682 -40.6860 28.9933 -39.1425 19.7560 -37.1407 5.1686 -32.6466 -41.6733 -26.3698 -48.7206 -14.5253 -45.1611 35.6121 -40.6234 17.9098 -35.7880 -27.8578 -26.7640 -47.6846 6.0228 -45.8945 -23.8670 12.7747 -38.5694 24.5680 -43.1251 -20.2504 -37.3837 -36.7520 28.8574 -44.9973 -23.0311 -34.1615 -36.6954 25.8570 -42.7355 -23.0539 -41.0676 -34.5791 33.9376 -46.9016 -27.7955 17.6701 -41.2631 -24.7655 -6.5093 -35.4322 -13.0613 -47.7639 -31.1152 30.8613
-31.2541 -47.4432 -13.9594 -35.6929 -4.5502 -24.9619 -41.4718 18.2241 -27.9647 -47.1248 34.5191 -31.9060 -47.1386 -22.7809 -45.8319 35.9499 -39.8666 -1.4027 -25.1047 -43.9614 19.1051 -31.5591 -48.2599 35.5523 -38.1828 5.2877 -22.8186 -43.4342 16.4856 -36.3042 10.1680 -40.2161 0.9717 -48.3435 -33.8091 22.7253 -43.4750 -16.8965 -49.1280 -24.8865 -48.6193 -26.7914 -45.6825 -30.0379 -26.4070 -33.1355 -0.5511 -34.8935 6.4178 -35.4097 6.4510 -34.9138 -1.6870 -32.6684 -35.5810 -28.0034 -48.9634 -18.5892 -45.9797 27.5042 -42.0038 28.8368 -39.2409 11.8868 -34.3561 -36.0585 -25.9894 -47.8285 21.8149 -41.7895 33.9185 -40.7802 -40.9276 33.6938 -41.3567 7.1189 -48.8452 -32.8309 16.1281 -41.9353 -12.3990 -47.7296 -33.7705 16.3191 -41.5606 -6.4645 -48.7099 -32.1630 3.6400 -37.1355 34.5016 -47.1592 -27.9653 18.2240 -41.4718 -24.9619 -4.5502 -35.6929 -13.9594 -47.4432 -31.2541
-47.5594 -14.7837 -35.9410 -2.7939 -25.1401 -41.6902 18.8204 -28.1183 -47.3524 34.7401 -31.9142 -47.1047 -26.9306 -47.8718 -20.4463 -44.8400 26.4556 -34.9892 -48.6269 18.0219 -37.6385 -28.5391 -19.1897 -41.8014 25.9524 -37.4165 -48.9798 35.0271 -37.4559 -7.6574 -36.1411 21.3196 -43.1173 -20.4858 -38.0304 -35.6671 23.3865 -41.6023 31.1709 -43.9702 4.6984 -44.9802 -11.2901 -47.3357 -20.5466 -49.0568 -24.8899 -48.4324 -26.7034 -47.3820 -26.7671 -48.3495 -24.8568 -48.9968 -18.8859 -46.4186 16.2846 -42.3179 31.0979 -39.5009 16.5784 -36.6686 -0.3225 -31.9443 -45.6746 -23.3415 -47.2128 29.2996 -41.2702 21.3997 -38.5991 12.9176 -25.0331 -46.3617 26.0727 -46.4717 -27.4079 0.0339 -39.4010 31.6957 -48.4745 -30.2958 6.5363 -39.8748 32.6411 -48.2070 -29.7766 6.2412 -39.6736 25.6714 -36.9957 34.8281 -47.3651 -28.1190 18.8204 -41.6902 -25.1401 -2.7939 -35.9410 -14.7837 -47.5594
-15.8354 -36.1752 -1.2396 -25.3016 -41.9135 19.4477 -28.2630 -47.5536 34.7306 -31.9518 -46.5826 -24.7901 26.9563 -35.0399 -45.5461 -9.7692 -40.3674 4.2741 -25.5387 -43.8001 18.5669 -31.1668 -47.7435 35.3748 -43.4715 -19.4928 17.2136 -36.5670 -9.1771 -32.0681 -19.2186 -37.4769 30.8293 -45.4954 -23.8435 -36.5471 -34.4907 14.0469 -39.1620 31.4382 -42.8884 35.8705 -41.8357 35.4293 -42.3477 32.4208 -43.7906 11.2743 -44.6100 0.5771 -44.6777 9.5521 -43.8950 33.1289 -41.9278 30.8115 -39.2409 17.1105 -36.6092 2.1424 -32.9397 -37.4794 -27.8963 -48.8465 -17.3172 -45.5772 35.7383 -40.7949 18.1449 -37.4548 -0.4964 -32.8995 -48.5490 -14.0318 -45.2057 -20.3391 -41.9313 -36.1670 28.3798 -45.2988 -25.0335 -17.3477 -38.0066 32.0657 -45.4849 -24.5493 -17.7742 -38.5713 35.6101 -47.0043 13.3484 -33.3627 34.7124 -47.5518 -28.2630 19.4477 -41.9135 -25.3016 -1.2396 -36.1752 -15.8354
-37.2949 0.1418 -25.4447 -42.1406 20.0935 -28.4008 -47.7370 34.5032 -31.9751 -46.2445 -16.4575 -32.6673 -45.7839 19.0755 -29.3895 -46.7050 29.5550 -34.5054 -49.0284 26.0421 -37.2671 -33.2199 -19.1503 -42.6247 34.9323 -47.8872 -27.6446 -42.2853 -26.9200 -48.7518 -29.3175 -3.0693 -38.5725 34.0815 -45.6704 -22.2126 -45.4471 -32.2347 11.6849 -39.3553 -15.5283 -45.4548 34.9356 -40.0211 18.7855 -38.3712 20.0801 -38.4904 23.3252 -38.7643 23.6011 -38.5379 20.0687 -37.6455 13.0418 -35.7542 -0.5769 -32.5268 -39.0536 -28.1344 -48.7416 -20.6915 -46.9980 7.5841 -42.9441 31.9623 -39.8922 15.6649 -37.8422 5.8997 -35.1162 -35.6066 -27.3895 -48.3000 -20.2433 -48.6985 -32.1740 13.5787 -41.5193 -13.8017 -45.9838 -35.0903 22.5599 -42.9367 -17.2845 -46.6035 -34.4575 22.3864 -44.8808 -17.7214 -21.1283 -46.7263 -31.9125 34.5041 -47.7370 -28.4008 20.0935 -42.1406 -25.4447 0.1418 -37.2949
0.2266 -25.5867 -42.3694 20.7557 -28.5353 -47.9054 34.0557 -32.0288 -45.8144 -16.6891 -36.2489 -1.8325 -9.3171 -36.3558 -40.4660 -12.3668 -39.5715 -0.3967 -24.4288 -43.1699 16.4008 -31.1647 -48.2296 17.5954 -41.7953 25.9032 -46.9551 -14.5414 -46.1433 -11.7660 -48.4776 -29.7490 0.9090 -38.4380 31.6455 -43.8127 -14.0258 -48.9753 -21.7287 -35.5723 -22.3116 -20.9935 -44.0685 22.4003 -37.1077 -4.0179 -33.7240 -10.3539 -33.5213 -6.7628 -33.4741 -11.4635 -32.4146 -29.6637 -29.9852 -45.6110 -26.5125 -48.7608 -22.7328 -47.7850 -8.3442 -43.8626 35.6958 -40.6069 22.0029 -38.4431 10.9393 -38.1892 20.6716 -38.7623 12.5223 -35.0503 -30.0233 -29.7003 -46.6071 -30.7965 -4.8061 -38.6457 34.8638 -48.4313 -30.8872 11.9887 -40.8119 -4.6437 -48.7107 -31.9304 9.2945 -39.3220 11.2341 -47.2783 -36.1542 -16.1360 -45.8028 -32.0318 34.0557 -47.9054 -28.5353 20.7557 -42.3694 -25.5867 0.2266
-23.8181 -42.5989 21.4286 -28.6698 -48.0614 33.3752 -32.1042 -45.2789 -17.1724 -36.5160 0.2840 -25.6051 -41.0972 10.9454 -28.1150 -45.2362 26.2639 -34.0094 -49.1677 32.2735 -37.1632 -28.9836 -25.5486 -47.0396 10.2795 -42.3835 35.7622 -42.4240 35.5144 -42.3054 -0.4112 -48.5631 -29.2578 -6.3129 -36.8439 22.4503 -40.7292 35.3859 -42.6315 15.0521 -31.1082 -48.8513 32.4916 -39.3053 0.3663 -30.7206 -48.3773 -24.6546 -49.0167 -23.6825 -49.0895 -22.7238 -48.7701 -19.7667 -47.4427 -13.7702 -45.8732 -17.9742 -48.6186 -23.5202 -44.5582 33.2932 -39.5010 12.9600 -36.1169 -0.8884 -36.9757 23.4734 -44.7647 31.5920 -40.7441 19.3378 -36.8940 2.8874 -34.6733 -4.2591 -36.9044 24.1023 -44.1198 -24.1712 -12.8287 -38.5159 34.4818 -48.3326 -30.0804 6.0900 -39.6168 32.2506 -42.6434 -22.0766 4.4048 -36.5319 -17.1847 -45.2720 -32.1058 33.3752 -48.0614 -28.6698 21.4286 -42.5989 -23.8181
-43.0135 22.1105 -28.8020 -48.2072 32.4362 -32.1944 -44.6322 -17.6828 -36.7464 1.3525 -27.3825 -43.8721 27.9974 -35.1847 -47.0571 -6.4678 -39.4148 -2.3832 -23.5368 -42.7062 15.3069 -34.2847 -38.5137 -27.4164 -48.6308 -11.4479 -43.1799 33.4799 -40.5068 26.0909 -41.0993 12.1143 -48.1781 -26.6782 -35.2951 -33.4699 7.6548 -36.2684 10.8421 -32.5762 -47.4163 -13.4433 -42.1924 16.0064 -32.8923 -48.5092 -16.0814 -44.9088 22.9984 -43.4573 31.6731 -43.0064 35.2018 -42.3079 35.9746 -42.5408 -6.1654 -48.7648 -30.8404 -1.9783 -8.3034 -39.1965 10.1011 -33.4510 -36.1821 -32.0737 4.7739 -39.3946 -23.5448 -49.1076 -2.9033 -41.2364 26.4983 -39.3959 20.2187 -38.4155 16.9987 -40.4107 -4.0707 -47.8552 -34.7287 25.6711 -44.9663 -25.2469 -9.6580 -38.7851 33.3838 -44.9746 5.2115 -43.2935 -25.8109 2.1571 -36.7760 -17.6851 -44.6246 -32.1944 32.4362 -48.2072 -28.8020 22.1105 -43.0135
22.9159 -28.7849 -48.3388 31.1967 -32.2885 -43.8667 -18.1958 -37.0045 2.5486 -32.0280 -48.6443 -0.8142 -40.4411 9.1548 -28.5722 -46.0051 27.0163 -33.5882 -49.0619 35.3880 -38.1467 12.1097 -36.3012 0.2945 -31.0893 -48.2427 -17.6221 -43.7819 31.3056 -39.5975 21.2071 -40.4154 33.8192 -46.1183 -20.0299 -48.9637 -27.2388 -44.2421 -27.6367 -48.8942 -15.8968 -43.5086 25.1756 -35.8785 -40.7745 -20.3479 -44.2836 33.3412 -39.6788 20.7049 -38.3920 17.6647 -38.5207 20.5281 -40.4317 35.7624 -47.2351 -28.3690 10.3948 -42.4747 -18.4527 -22.6455 -29.9707 -48.0841 -23.4225 -48.9060 -25.9940 -49.2675 19.1741 -30.8168 -48.5254 5.1037 -43.4404 25.3724 -43.8456 34.8915 -40.6763 35.3591 -46.7556 -28.8302 9.2854 -40.8169 -12.5538 -45.6891 -35.4869 25.4599 -44.2727 -15.6225 -49.0525 29.2245 -42.8994 -25.8232 3.4194 -37.0104 -18.1962 -43.8633 -32.2885 31.1967 -48.3388 -28.7849 22.9159
-28.0256 -48.4552 29.6491 -32.3825 -42.9888 -18.6984 -37.2472 4.1377 -31.7713 -0.8926 -30.1326 -48.4156 35.5861 -36.8055 -41.8542 -11.1362 -39.0354 -10.3570 -20.8278 -41.2958 22.7892 -41.4418 32.1527 -39.3012 12.8235 -32.7808 -46.3953 -19.8072 -44.1611 30.8406 -39.0225 16.1968 -39.2554 30.6853 -42.3741 19.3838 -45.4288 -9.6489 -45.8928 14.9465 -42.1407 25.4356 -37.0197 -21.4068 -25.4827 -46.1643 35.0917 -39.5220 11.5203 -36.2838 -1.5728 -36.3355 10.2114 -38.8597 30.4305 -43.4645 -19.8162 -40.4515 -36.5499 29.9231 -45.6650 -18.6483 -47.7865 -8.3226 -44.4615 16.1311 -45.2393 14.8226 -38.3284 -15.5807 -25.0474 -47.4842 -20.9865 -49.0689 -23.0641 -47.2473 33.9698 -42.9087 -18.5941 -36.6605 -37.0884 35.5898 -48.1253 -30.6085 11.9986 -41.1550 -6.7940 -48.5590 -27.7409 -25.9647 23.6752 -43.1674 -25.9099 4.5340 -37.2357 -18.6997 -42.9888 -32.3825 29.6491 -48.4552 -28.0256
-48.2911 27.7097 -32.4746 -41.9909 -19.1853 -37.4572 5.7228 -26.2953 -3.9204 -41.5005 6.7343 -24.3854 -43.5206 14.7418 -28.5232 -45.3489 22.5968 -31.1294 -47.1523 32.1885 -40.4921 -17.1054 -47.6628 15.6214 -40.1442 16.3973 -33.5271 -44.9008 -20.7551 -44.2843 29.7979 -38.3263 9.1852 -37.3440 16.2846 -38.6721 25.6140 -39.8456 26.9117 -39.0083 16.3158 -35.5554 -23.1232 -27.2607 -47.4636 27.4192 -40.7493 17.4899 -37.2573 -8.5284 -35.6607 9.6358 -37.7590 33.6772 -43.6627 -16.9299 -48.7660 -31.1077 6.4186 -39.5481 30.8743 -42.4109 34.9662 -40.9099 27.5358 -40.0251 26.8901 -39.4707 9.9221 -32.4443 -48.3200 -27.3509 -35.7906 -33.3407 -0.4439 -26.5295 -45.6952 14.7862 -48.3739 -31.8347 17.6804 -43.2235 -22.6862 -19.3781 -38.2280 35.7791 -47.7816 -29.3105 13.0459 -48.8887 -29.1172 23.8863 -43.3947 -26.0023 5.5291 -37.4551 -19.1853 -41.9909 -32.4746 27.7097 -48.2911
12.4991 -32.1226 -40.8663 -19.6526 -37.6718 6.4406 -26.0636 -41.2734 -46.8477 27.7897 -34.6165 -49.0240 31.8621 -35.5247 -47.1702 11.0815 -36.2026 -41.9722 -7.9205 -38.0200 11.8616 -28.1103 -29.3190 -48.8723 -0.6659 -40.1564 17.4752 -33.9267 -43.9031 -20.7770 -43.8802 26.8290 -37.2909 -5.9070 -34.2730 -7.7135 -34.3829 1.8257 -34.4980 -5.8661 -31.8132 -43.4894 -25.2956 -46.7175 -10.5697 -45.2913 28.0545 -40.1446 20.5322 -34.7028 18.9085 -39.2500 1.9011 -46.6975 -19.0971 -40.8269 -28.5909 -34.3946 -36.9119 26.4987 -40.0608 20.1012 -38.2684 12.0974 -37.5150 13.0795 -38.7486 16.2401 -36.3339 -31.7002 -30.3720 -27.5154 -36.3277 24.7442 -40.4126 -39.6393 -13.4292 -44.2921 -22.8700 -15.7123 -38.3534 20.0865 -48.9463 -34.0019 22.4853 -43.7668 -22.4704 -31.1009 -36.1842 23.1312 -48.1722 -29.4322 24.6032 -43.5943 -26.0975 6.4326 -37.6718 -19.6526 -40.8663 -32.1226 12.4991
-32.9393 -39.6068 -20.0986 -37.8897 7.2730 -26.1953 -43.7760 24.1413 -25.0182 -42.3191 5.8840 -22.5488 -41.1053 5.4336 -23.9811 -41.6941 9.8406 -25.6968 -42.6386 14.1681 -29.9141 -42.8519 14.2567 -30.3959 -48.5710 -0.5147 -40.5086 18.6272 -34.0377 -44.6385 -19.0938 -42.6743 21.5331 -35.2956 -40.2969 -28.2443 -48.3600 -25.9628 -48.6775 -24.2454 -48.7959 -17.5832 -44.8908 35.3508 -163.6389 -101.4057 -92.8064 -20.2726 28.4182 -72.8842 -92.7144 -5.3601 -87.3948 -87.5877 35.6515 -50.9087 83.5090 -52.7129 -18.2610 -45.8443 33.0188 -39.2520 6.8789 -35.8058 4.5768 -38.5622 27.7796 -40.8374 13.6718 -34.2977 -33.0819 -35.3993 25.2167 -45.1116 -20.1406 26.9496 -41.9972 15.9961 -48.9138 -33.3731 22.8574 -44.5821 -26.4210 4.2609 -39.9436 -2.9404 -48.1645 -33.9661 20.0906 -41.1577 -13.6353 -48.7634 -30.4003 25.2265 -43.8043 -26.1969 7.2730 -37.8897 -20.0986 -39.6068 -32.9393
-39.9685 -20.5154 -38.1057 8.0740 -26.2994 -44.0236 25.7255 -29.3896 -48.3368 30.0029 -29.9555 -46.9308 26.4002 -30.7630 -47.4294 29.7251 -31.9142 -48.4069 33.8110 -34.0609 -48.6974 21.1091 -38.3562 2.5569 -30.0225 -48.6569 -6.0831 -40.9494 18.6940 -33.4695 -47.2844 -13.9758 -40.7591 14.2058 -32.1357 -48.7677 -15.6507 -45.1840 9.1464 -43.9263 31.6180 -42.6836 2.3994 -46.5074 -62.9870 34.5151 -129.2943 -104.9937 -0.7729 14.8687 -83.6537 -88.3996 18.3366 -48.6562 -111.2760 -28.3868 -94.5669 -31.4031 -111.3650 -25.6578 -49.0963 30.0032 -36.7599 -4.7986 -37.5912 33.5612 -46.1867 -14.7797 -37.0457 -5.7261 -33.8257 10.0575 -41.2721 -15.4429 -36.1030 -37.9689 29.1400 -43.9964 -24.0587 -6.1515 -38.7973 -1.4938 -46.9825 -35.5986 31.9758 -46.9195 -29.0245 9.9555 -40.8531 -3.0917 -48.7326 -27.5246 -47.6291 -30.8722 25.8561 -44.0233 -26.2994 8.0740 -38.1057 -20.5154 -39.9685
