-25.0491 -46.6978 31.1753 -31.1195 -47.8154 -15.4189 -37.1261 -0.9766 -23.6981 -42.8363 22.3348 -27.8880 -48.2099 15.0919 -32.8071 -41.0245 -19.4442 -39.0080 9.3301 -25.0362 -44.9530 29.0159 -29.5788 -48.7703 -8.4512 -35.0215 -20.9029 -22.0789 -40.9987 16.3415 -26.4978 -46.9239 30.6591 -31.3243 -47.4177 -16.0347 -37.3736 0.7726 -23.8737 -43.0992 23.1967 -28.0922 -48.3267 11.2250 -33.0023 -39.4223 -19.8258 -39.2418 10.3020 -25.7495 -47.7109 -25.7488 10.2951 -39.2447 -19.8259 -39.4220 -33.0023 11.2250 -48.3267 -28.0922 23.1967 -43.0992 -23.8737 0.7726 -37.3736 -16.0347 -47.4177 -31.3243 30.6591 -46.9239 -26.4978 16.3415 -40.9987 -22.0789 -20.9029 -35.0215 -8.4512 -48.7703 -29.5788 29.0159 -44.9530 -25.0362 9.3301 -39.0080 -19.4442 -41.0245 -32.8071 15.0919 -48.2099 -27.8880 22.3348 -42.8363 -23.6981 -0.9766 -37.1261 -15.4189 -47.8154 -31.1195 31.1753 -46.6978 -25.0491
-46.6978 34.2619 -31.0728 -47.6769 -14.1644 -35.9807 -1.0279 -25.4794 -42.4036 21.5298 -28.6806 -48.3561 29.3247 -32.0553 -40.6872 -20.1556 -38.1380 8.9428 -26.5060 -44.7288 28.7498 -29.9426 -48.7457 -0.8062 -33.5448 -20.4320 -23.6575 -40.3685 15.6876 -27.6200 -46.8955 34.4795 -31.1616 -47.2946 -15.0999 -36.2678 0.6704 -25.6338 -42.6933 22.3928 -28.8354 -48.4997 26.8370 -32.1541 -39.0460 -20.6846 -38.4066 9.8170 -26.6336 -44.5456 34.9228 -44.5639 -26.6362 9.8187 -38.4084 -20.6840 -39.0488 -32.1536 26.8370 -48.4997 -28.8354 22.3928 -42.6933 -25.6338 0.6704 -36.2678 -15.0999 -47.2946 -31.1616 34.4795 -46.8955 -27.6200 15.6876 -40.3685 -23.6575 -20.4320 -33.5448 -0.8062 -48.7457 -29.9426 28.7498 -44.7288 -26.5060 8.9428 -38.1380 -20.1556 -40.6872 -32.0553 29.3247 -48.3561 -28.6806 21.5298 -42.4036 -25.4794 -1.0279 -35.9807 -14.1644 -47.6769 -31.0728 34.2619 -46.6978
31.1753 -31.0728 -47.7924 -13.5905 -35.7879 -2.4021 -25.3323 -42.1807 20.8636 -28.6914 -48.2290 30.9659 -32.3913 -41.8335 -19.7201 -37.9248 8.1996 -26.4203 -44.5035 28.0336 -30.0311 -48.7621 2.0378 -33.2417 -23.0633 -23.3886 -40.1442 15.0502 -27.5805 -46.6980 34.2083 -31.3606 -47.6388 -14.3055 -36.0381 -0.6563 -25.4978 -42.4636 21.7079 -28.8553 -48.3890 28.9260 -32.5185 -40.3388 -20.2774 -38.1881 9.1055 -26.5624 -44.7312 28.0095 -35.8037 27.9939 -44.7880 -26.5661 9.1242 -38.1941 -20.2757 -40.3654 -32.5136 28.9260 -48.3886 -28.8552 21.7079 -42.4636 -25.4978 -0.6563 -36.0381 -14.3055 -47.6388 -31.3606 34.2083 -46.6980 -27.5805 15.0502 -40.1442 -23.3886 -23.0633 -33.2417 2.0378 -48.7621 -30.0311 28.0336 -44.5035 -26.4203 8.1996 -37.9248 -19.7201 -41.8335 -32.3913 30.9659 -48.2290 -28.6914 20.8636 -42.1807 -25.3323 -2.4021 -35.7879 -13.5905 -47.7924 -31.0728 31.1753
-31.1195 -47.6769 -13.5905 -35.7102 -3.3407 -25.2176 -41.9844 20.2535 -28.5641 -48.0890 32.2386 -32.2954 -42.8539 -19.2542 -37.7098 7.4157 -26.3142 -44.2775 27.3122 -29.8947 -48.8086 5.2243 -33.0702 -25.6012 -23.1000 -39.9176 14.4027 -27.4615 -46.4960 33.8228 -31.2370 -47.9272 -13.4416 -35.7942 -2.1459 -25.3621 -42.2348 21.0319 -28.7228 -48.2627 30.6150 -32.4365 -41.4559 -19.7309 -37.9847 8.3296 -26.4771 -44.5610 27.6125 -35.0537 -15.7302 -34.4639 27.7081 -44.5837 -26.4552 8.3819 -37.9771 -19.8387 -41.5430 -32.4235 30.6128 -48.2620 -28.7227 21.0319 -42.2348 -25.3621 -2.1459 -35.7942 -13.4416 -47.9272 -31.2370 33.8228 -46.4960 -27.4615 14.4027 -39.9176 -23.1000 -25.6012 -33.0702 5.2243 -48.8086 -29.8947 27.3122 -44.2775 -26.3142 7.4157 -37.7098 -19.2542 -42.8539 -32.2954 32.2386 -48.0890 -28.5641 20.2535 -41.9844 -25.2176 -3.3407 -35.7102 -13.5905 -47.6769 -31.1195
-47.8154 -14.1644 -35.7879 -3.3407 -25.1706 -41.8594 19.7838 -28.4580 -47.9486 33.1805 -32.2003 -43.7462 -18.7653 -37.4932 6.5836 -26.2101 -44.0519 26.5943 -29.7540 -48.8270 8.7471 -33.0347 -28.0015 -22.7983 -39.6891 13.7447 -27.3438 -46.2907 33.3600 -31.1102 -48.1647 -12.4929 -35.5372 -3.8276 -25.2077 -42.0075 20.3668 -28.5878 -48.1215 31.9863 -32.3485 -42.4890 -19.0901 -37.7565 15.6713 -26.1226 -44.5509 27.5569 -32.9955 -35.5084 -30.9602 -40.6812 -32.2205 27.3576 -44.3647 -26.3442 7.5975 -37.7584 -19.3813 -42.5895 -32.3313 31.9818 -48.1207 -28.5878 20.3668 -42.0075 -25.2077 -3.8276 -35.5372 -12.4929 -48.1647 -31.1102 33.3600 -46.2907 -27.3438 13.7447 -39.6891 -22.7983 -28.0015 -33.0347 8.7471 -48.8270 -29.7540 26.5943 -44.0519 -26.2101 6.5836 -37.4932 -18.7653 -43.7462 -32.2003 33.1805 -47.9486 -28.4580 19.7838 -41.8594 -25.1706 -3.3407 -35.7879 -14.1644 -47.8154
-15.4189 -35.9807 -2.4021 -25.2176 -41.8594 19.5977 -28.3973 -47.8405 33.7691 -32.1187 -44.4824 -18.2719 -37.2812 5.7083 -26.1088 -43.8290 25.8890 -29.6122 -48.8202 12.4168 -32.9978 -30.2253 -22.4863 -39.4621 13.0838 -27.2263 -46.0817 32.8322 -30.9846 -48.3558 -11.4460 -35.2697 -5.7050 -25.0364 -41.7841 19.7184 -28.4528 -47.9692 33.0396 -32.2547 -43.4399 -18.5580 -38.4927 11.5263 -19.8550 -37.0115 14.9297 -30.4290 -47.7002 -25.8916 -48.4766 -24.5611 -48.3952 -30.2396 26.8871 -44.1205 -26.2387 6.7736 -37.5411 -18.9064 -43.5081 -32.2389 33.0374 -47.9688 -28.4528 19.7184 -41.7841 -25.0364 -5.7050 -35.2697 -11.4460 -48.3558 -30.9846 32.8322 -46.0817 -27.2263 13.0838 -39.4621 -22.4863 -30.2253 -32.9978 12.4168 -48.8202 -29.6122 25.8890 -43.8290 -26.1088 5.7083 -37.2812 -18.2719 -44.4824 -32.1187 33.7691 -47.8405 -28.3973 19.5977 -41.8594 -25.2176 -2.4021 -35.9807 -15.4189
-37.1261 -1.0279 -25.3323 -41.9844 19.7838 -28.3973 -47.7992 34.0463 -32.0622 -45.0169 -17.8294 -37.0853 4.8147 -26.0116 -43.6090 25.1999 -29.4669 -48.7887 16.0997 -32.9578 -32.2695 -22.1637 -39.2370 12.4187 -27.1069 -45.8655 32.2410 -30.8655 -48.5031 -10.3002 -34.9876 -7.8312 -24.8469 -41.5655 19.0887 -28.3146 -47.8042 33.8218 -32.1599 -44.2404 -18.1848 -39.1964 31.8881 -45.9009 -26.5074 -40.4328 -25.9837 -48.1412 -14.6488 -47.2629 -15.9417 -46.3789 -13.3923 -48.6636 -29.4852 26.1323 -43.8914 -26.1392 5.8884 -37.3212 -18.4146 -44.3092 -32.1518 33.8234 -47.8042 -28.3146 19.0887 -41.5655 -24.8469 -7.8312 -34.9876 -10.3002 -48.5031 -30.8655 32.2410 -45.8655 -27.1069 12.4187 -39.2370 -22.1637 -32.2695 -32.9578 16.0997 -48.7887 -29.4669 25.1999 -43.6090 -26.0116 4.8147 -37.0853 -17.8294 -45.0169 -32.0622 34.0463 -47.7992 -28.3973 19.7838 -41.9844 -25.3323 -1.0279 -37.1261
-0.9766 -25.4794 -42.1807 20.2535 -28.4580 -47.8405 34.0463 -32.0411 -45.2955 -17.5105 -36.9282 3.9865 -25.9260 -43.4054 24.5465 -29.3199 -48.7326 19.6213 -32.9134 -34.1520 -21.8284 -39.0170 11.7575 -26.9845 -45.6383 31.5842 -30.7582 -48.6108 -9.0606 -34.6863 -10.2583 -24.6374 -41.3566 18.4905 -28.1700 -47.6251 34.3696 -32.0835 -44.9675 -17.8986 -37.4972 17.8253 -40.5669 35.4106 -45.5776 -4.7342 -43.1676 35.4405 -43.1195 -17.9676 -46.7347 9.3736 -41.6874 12.2533 -48.6739 -29.4284 25.4150 -43.6832 -26.0437 4.9180 -37.0953 -17.9157 -44.9915 -32.0776 34.3664 -47.6243 -28.1693 18.4905 -41.3566 -24.6374 -10.2583 -34.6863 -9.0606 -48.6108 -30.7582 31.5842 -45.6383 -26.9845 11.7575 -39.0170 -21.8284 -34.1520 -32.9134 19.6213 -48.7326 -29.3199 24.5465 -43.4054 -25.9260 3.9865 -36.9282 -17.5105 -45.2955 -32.0411 34.0463 -47.8405 -28.4580 20.2535 -42.1807 -25.4794 -0.9766
-23.6981 -42.4036 20.8636 -28.5641 -47.9486 33.7691 -32.0622 -45.2955 -17.3910 -36.8393 3.3706 -25.8611 -43.2390 23.9820 -29.1837 -48.6606 22.7672 -32.8653 -35.8746 -21.4796 -38.8037 11.1030 -26.8581 -45.4003 30.8668 -30.6682 -48.6837 -7.7557 -34.3594 -13.0306 -24.4044 -41.1606 17.9316 -28.0193 -47.4451 34.7199 -32.0691 -45.5104 -17.5091 -36.6753 7.3051 -35.5177 10.4362 -38.4833 22.0664 -37.2431 15.8250 -35.1439 31.6039 -41.2930 -26.5111 -47.0583 36.0122 -39.0436 24.5798 -48.7882 -29.2611 24.8356 -43.4871 -25.9528 3.8242 -36.8598 -17.4186 -45.5635 -32.0237 34.6803 -47.4269 -28.0148 17.9316 -41.1606 -24.4044 -13.0306 -34.3594 -7.7557 -48.6837 -30.6682 30.8668 -45.4003 -26.8581 11.1030 -38.8037 -21.4796 -35.8746 -32.8653 22.7672 -48.6606 -29.1837 23.9820 -43.2390 -25.8611 3.3706 -36.8393 -17.3910 -45.2955 -32.0622 33.7691 -47.9486 -28.5641 20.8636 -42.4036 -23.6981
-42.8363 21.5298 -28.6914 -48.0890 33.1805 -32.1187 -45.0169 -17.5105 -36.8393 3.1375 -25.8255 -43.1267 23.5564 -29.0677 -48.5809 25.3894 -32.8185 -37.4059 -21.1195 -38.5961 10.4526 -26.7246 -45.1434 30.0694 -30.6124 -48.7272 -6.4701 -33.9934 -16.2296 -24.1408 -40.9884 17.4405 -27.8514 -47.2462 34.8179 -33.8298 -45.1160 -18.3918 -36.1364 1.1339 -29.8973 -44.6005 -30.9173 -23.1077 -31.7207 -33.1198 -28.4815 -47.8350 -18.8936 -39.0482 -9.4922 -22.0393 -43.9835 24.4560 -37.8145 27.1048 -48.5613 -28.9903 24.3404 -43.3144 -25.8699 2.5320 -36.6037 -16.9521 -46.0176 -32.0110 34.7690 -47.2044 -27.8447 17.4406 -40.9884 -24.1408 -16.2296 -33.9934 -6.4701 -48.7272 -30.6124 30.0694 -45.1434 -26.7246 10.4526 -38.5961 -21.1195 -37.4059 -32.8185 25.3894 -48.5809 -29.0677 23.5564 -43.1267 -25.8255 3.1375 -36.8393 -17.5105 -45.0169 -32.1187 33.1805 -48.0890 -28.6914 21.5298 -42.8363
22.3348 -28.6806 -48.2290 32.2386 -32.2003 -44.4824 -17.8294 -36.9282 3.3706 -25.8255 -43.0868 23.3225 -28.9873 -48.5085 27.3060 -32.7790 -38.6789 -20.7646 -38.4022 9.8326 -26.5877 -44.8630 29.1730 -30.6092 -48.7478 -5.4277 -33.5729 -19.9075 -23.8382 -40.8685 17.0991 -27.6501 -46.9859 34.5635 -35.9513 5.5379 -47.6167 -29.6790 -22.2090 -25.5858 -46.5419 -15.1355 -48.1543 -19.7602 -47.8857 -14.6687 -44.5315 19.5926 -42.0922 16.7492 -31.2083 -48.7714 34.3754 -39.7141 16.3051 -38.9947 26.0500 -48.3412 -28.7718 23.9478 -43.1853 -25.7960 0.9870 -36.3083 -16.5955 -46.3421 -32.4284 34.6171 -46.9620 -27.6493 17.0976 -40.8685 -23.8381 -19.9120 -33.5729 -5.4277 -48.7478 -30.6092 29.1730 -44.8630 -26.5877 9.8326 -38.4022 -20.7646 -38.6789 -32.7790 27.3060 -48.5085 -28.9873 23.3225 -43.0868 -25.8255 3.3706 -36.9282 -17.8294 -44.4824 -32.2003 32.2386 -48.2290 -28.6806 22.3348
-27.8880 -48.3561 30.9659 -32.2954 -43.7462 -18.2719 -37.0853 3.9865 -25.8611 -43.1267 23.3225 -28.9588 -48.4658 28.4323 -32.7474 -39.6292 -20.4451 -38.2283 9.2507 -26.4574 -44.5761 28.2148 -30.6606 -48.7549 -4.9143 -33.0970 -23.9889 -23.4883 -40.8363 17.0092 -27.4117 -46.6578 34.1184 -35.5165 5.9992 -38.2623 16.0985 -46.5623 -10.3128 -41.6484 32.6864 -40.9585 34.0711 -41.1936 31.0902 -38.4963 19.9160 -35.7806 9.8070 -31.7423 -48.2051 -9.6995 -41.2710 17.5492 -38.8610 20.5617 -40.9902 23.2268 -48.2149 -28.5771 23.5074 -42.9361 -25.9849 -1.4898 -35.7353 -18.8371 -41.9998 -33.9226 34.1132 -46.6761 -27.4180 17.0201 -40.8411 -23.4883 -23.9917 -33.0985 -4.9143 -48.7549 -30.6606 28.2148 -44.5761 -26.4574 9.2507 -38.2283 -20.4451 -39.6292 -32.7474 28.4323 -48.4658 -28.9588 23.3225 -43.1267 -25.8611 3.9865 -37.0853 -18.2719 -43.7462 -32.2954 30.9659 -48.3561 -27.8880
-48.2099 29.3247 -32.3913 -42.8539 -18.7653 -37.2812 4.8147 -25.9260 -43.2390 23.5564 -28.9873 -48.4658 28.8019 -32.7246 -40.2190 -20.2016 -38.0851 8.7256 -26.3417 -44.3055 27.2860 -30.7561 -48.7558 -5.0811 -32.6027 -28.0020 -23.1035 -40.8919 17.1012 -27.2079 -46.2880 33.5079 -33.3566 -25.8556 -35.0428 9.3970 -37.9997 24.3152 -37.2247 13.0443 -35.3435 7.6828 -35.2506 5.7116 -33.4321 -17.0398 -30.1869 -44.3797 -26.2488 -48.9865 -9.7801 -41.7748 20.8081 -37.6388 11.4161 -39.9404 24.9912 -41.5747 26.5060 -48.2291 -27.1035 29.2678 -45.6794 -26.9039 -12.5737 -30.4444 -30.4357 -7.8731 -35.8632 33.3071 -46.3258 -27.1476 17.3648 -40.9515 -23.1085 -27.9583 -32.6060 -5.0811 -48.7558 -30.7561 27.2860 -44.3055 -26.3417 8.7256 -38.0851 -20.2016 -40.2190 -32.7246 28.8019 -48.4658 -28.9873 23.5564 -43.2390 -25.9260 4.8147 -37.2812 -18.7653 -42.8539 -32.3913 29.3247 -48.2099
15.0919 -32.0553 -41.8335 -19.2542 -37.4932 5.7083 -26.0116 -43.4054 23.9820 -29.0677 -48.5085 28.4323 -32.7246 -40.4210 -20.0673 -37.9907 8.3270 -26.2513 -44.0730 26.4647 -30.8775 -48.7524 -5.8420 -32.1517 -31.3611 -22.7473 -41.0630 16.7937 -30.9974 -46.3550 33.3479 -32.3621 -45.9454 -27.0312 -42.3151 -32.1023 -13.3503 -32.4883 -30.5604 -28.8572 -47.1902 -26.8981 -48.1873 -24.8933 -49.0613 -19.6284 -46.2676 -5.7991 -43.9759 34.5695 -40.1638 18.1981 -35.7840 -5.0678 -36.5948 13.0642 -40.1370 22.8295 -40.5230 35.6748 -45.9788 32.2335 -36.4493 -48.4454 -20.0618 -47.1774 28.2966 -38.6006 4.8898 -35.9056 32.5389 -45.9778 -26.8773 18.2786 -39.9880 -22.7235 -31.2614 -32.1573 -5.8420 -48.7524 -30.8775 26.4647 -44.0730 -26.2513 8.3270 -37.9907 -20.0673 -40.4210 -32.7246 28.4323 -48.5085 -29.0677 23.9820 -43.4054 -26.0116 5.7083 -37.4932 -19.2542 -41.8335 -32.0553 15.0919
-32.8071 -40.6872 -19.7201 -37.7098 6.5836 -26.1088 -43.6090 24.5465 -29.1837 -48.5809 27.3060 -32.7474 -40.2190 -20.0673 -37.9573 8.1140 -26.1951 -43.9014 25.8089 -30.9978 -48.7433 -6.9446 -31.8054 -33.6866 -22.5229 -41.5243 17.2630 -35.5624 20.1019 6.1805 -31.2168 -48.0484 -17.3176 -46.0063 -18.2741 -48.9938 -22.3754 -48.6795 -17.5411 -45.6551 -2.6487 -44.5570 13.8388 -43.1008 35.2794 -40.4092 27.2980 -37.9818 18.7458 -36.4233 6.0533 -32.4378 -41.0644 -30.7754 -22.2115 -35.7947 9.9377 -38.5620 14.1854 -38.2601 21.9219 -39.5446 7.4066 -23.8552 -45.3265 35.9267 -40.1805 12.0766 -36.0182 -19.6623 -34.1388 32.4587 -45.9642 -18.2881 -2.7400 -39.0711 -22.4191 -33.6088 -31.8111 -6.9446 -48.7433 -30.9978 25.8089 -43.9014 -26.1951 8.1140 -37.9573 -20.0673 -40.2190 -32.7474 27.3060 -48.5809 -29.1837 24.5465 -43.6090 -26.1088 6.5836 -37.7098 -19.7201 -40.6872 -32.8071
-41.0245 -20.1556 -37.9248 7.4157 -26.2101 -43.8290 25.1999 -29.3199 -48.6606 25.3894 -32.7790 -39.6292 -20.2016 -37.9907 8.1140 -26.1758 -43.8125 25.3967 -31.0914 -48.7301 -8.0529 -31.5911 -34.9413 -22.5184 -42.3895 19.4345 -34.9164 12.6988 -41.7023 -12.3441 -46.3600 19.3891 -39.7859 33.1158 -42.6089 34.5759 -42.7024 35.1771 -40.4194 27.5306 -38.9253 22.5431 -37.5632 15.7053 -35.5633 4.6759 -33.3262 -18.7490 -30.7406 -42.8920 -26.5447 -48.9912 -20.6970 -48.6862 -27.3064 -36.8322 -33.2436 -6.8752 -34.6203 -8.6052 -33.6631 -13.6411 -29.0039 -48.4487 31.7588 -40.7867 15.0216 -36.2032 -23.8729 -29.2964 -45.1012 -32.1576 18.9537 -37.6621 -12.5245 22.6538 -40.5714 -22.3537 -34.9195 -31.5912 -8.0530 -48.7301 -31.0914 25.3967 -43.8125 -26.1758 8.1140 -37.9907 -20.2016 -39.6292 -32.7790 25.3894 -48.6606 -29.3199 25.1999 -43.8290 -26.2101 7.4157 -37.9248 -20.1556 -41.0245
-19.4442 -38.1380 8.1996 -26.3142 -44.0519 25.8890 -29.4669 -48.7326 22.7672 -32.8185 -38.6789 -20.4451 -38.0851 8.3270 -26.1951 -43.8125 25.2612 -31.1434 -48.7177 -8.8661 -31.4887 -35.4196 -22.6868 -43.3269 24.9329 -30.4891 -37.4598 -35.6922 17.0081 -39.1939 23.2940 -36.2717 11.0598 -37.1300 14.7477 -37.1179 13.5161 -35.7245 5.8347 -34.3493 -4.9858 -32.6804 -27.9381 -29.5815 -46.5669 -25.4220 -49.0655 -20.5298 -47.2897 -10.9869 -44.4558 27.9679 -43.1484 6.2943 -47.5893 -22.3773 -48.3692 -27.1631 -47.1592 -26.5475 -48.7011 -23.1737 -48.0061 20.5113 -41.2321 17.2771 -35.9544 -25.7385 -27.8556 -48.2670 -17.4547 -48.9879 -26.9972 -38.6238 -26.2223 -43.8286 28.0927 -42.0633 -22.5342 -35.4542 -31.4798 -8.8713 -48.7177 -31.1434 25.2612 -43.8125 -26.1951 8.3270 -38.0851 -20.4451 -38.6789 -32.8185 22.7672 -48.7326 -29.4669 25.8890 -44.0519 -26.3142 8.1996 -38.1380 -19.4442
-39.0080 8.9428 -26.4203 -44.2775 26.5943 -29.6122 -48.7887 19.6213 -32.8653 -37.4059 -20.7646 -38.2283 8.7256 -26.2513 -43.9014 25.3967 -31.1434 -48.7125 -9.2799 -31.4533 -35.4736 -22.8724 -43.8986 30.3086 -25.5454 -48.0549 -24.7490 -39.7404 -32.3724 -9.4776 -31.8975 -35.4775 -30.5047 -36.9668 -30.5455 -37.8569 -29.0948 -46.1498 -26.4532 -49.0080 -23.5771 -48.7672 -18.6401 -46.2874 -1.3830 -43.2537 34.6985 -41.2987 31.1794 -39.1825 22.6024 -38.6829 23.5311 -40.7770 35.6944 -44.6177 -3.8652 -46.5338 -10.8073 -45.9988 5.0295 -43.9408 35.7022 -40.3683 16.3173 -35.3747 -30.5590 -26.9830 -48.2289 8.7239 -41.6373 34.3968 -43.8623 -5.3084 -44.8955 30.0729 -36.8068 22.0416 -43.2915 -22.6526 -35.6251 -31.4367 -9.2850 -48.7125 -31.1434 25.3967 -43.9014 -26.2513 8.7256 -38.2283 -20.7646 -37.4059 -32.8653 19.6213 -48.7887 -29.6122 26.5943 -44.2775 -26.4203 8.9428 -39.0080
9.3301 -26.5060 -44.5035 27.3122 -29.7540 -48.8202 16.0997 -32.9134 -35.8746 -21.1195 -38.4022 9.2507 -26.3417 -44.0730 25.8089 -31.0914 -48.7177 -9.2799 -31.4456 -35.4102 -23.0048 -44.1535 31.5257 -22.7671 -46.0184 22.5234 -45.6418 -17.6634 -48.8225 -21.6083 -48.3461 -18.3983 -47.7096 -17.6500 -47.5858 -15.5860 -46.1098 -4.8010 -44.2357 24.5610 -42.8032 35.4162 -40.6901 27.7120 -37.8087 17.3372 -36.0910 8.6666 -34.4505 -3.1439 -33.5748 -5.8878 -35.3723 12.1149 -38.8735 25.2851 -40.6295 32.2694 -41.3020 30.6629 -39.9328 22.2489 -38.0283 8.7554 -33.4477 -40.1322 -25.2416 -47.7776 21.7063 -41.0883 21.7988 -37.9876 18.9129 -37.6562 19.4045 -36.1104 -21.9787 -31.5251 24.7495 -43.3064 -22.6073 -35.6478 -31.4270 -9.2799 -48.7177 -31.0914 25.8089 -44.0730 -26.3417 9.2507 -38.4022 -21.1195 -35.8746 -32.9134 16.0997 -48.8202 -29.7540 27.3122 -44.5035 -26.5060 9.3301
-25.0362 -44.7288 28.0336 -29.8947 -48.8270 12.4168 -32.9578 -34.1520 -21.4796 -38.5961 9.8326 -26.4574 -44.3055 26.4647 -30.9978 -48.7301 -8.8661 -31.4533 -35.4083 -23.0603 -44.3005 31.5000 -23.2411 -46.3319 35.4686 -40.2151 31.1229 -42.0387 35.5084 -42.0720 35.0033 -41.3357 33.8867 -41.2283 32.4954 -40.2316 27.3938 -38.5186 20.8691 -37.2137 14.4549 -35.5918 5.3234 -33.2943 -21.2507 -30.1971 -44.6392 -26.7425 -48.9807 -24.2696 -49.0110 -26.1107 -45.3196 -31.3733 -8.0163 -35.1459 8.3102 -36.4868 10.4864 -36.1380 5.0183 -34.0513 -21.9991 -29.7317 -48.2379 -20.8454 -46.4694 33.9747 -40.5416 17.1847 -36.0778 -9.2818 -32.7291 -22.6697 -30.9686 -43.2237 -25.0347 -48.5813 -28.1881 23.8525 -42.9337 -22.5821 -35.6010 -31.4402 -8.8661 -48.7301 -30.9978 26.4647 -44.3055 -26.4574 9.8326 -38.5961 -21.4796 -34.1520 -32.9578 12.4168 -48.8270 -29.8947 28.0336 -44.7288 -25.0362
-44.9530 28.7498 -30.0311 -48.8086 8.7471 -32.9978 -32.2695 -21.8284 -38.8037 10.4526 -26.5877 -44.5761 27.2860 -30.8775 -48.7433 -8.0529 -31.4887 -35.4702 -23.0088 -44.3090 31.5800 -23.8750 -46.7902 35.0706 -38.5428 13.1861 -38.2515 15.2857 -37.5346 12.1788 -35.9218 9.2752 -35.5236 7.7257 -34.8569 2.4058 -33.5977 -12.4491 -31.6948 -35.2647 -28.9355 -47.0690 -25.2034 -49.0346 -19.6657 -46.5948 -7.1189 -44.0385 23.9552 -43.1420 21.5421 -45.3618 -15.4612 -48.7674 -25.2401 -47.1216 -28.6333 -42.3425 -29.2993 -44.2663 -27.5177 -48.5623 -22.7419 -47.7746 -5.6276 -43.5268 33.5536 -39.5696 12.3138 -34.0295 -37.3554 -27.3371 -48.8691 -21.5860 -48.0246 -13.1317 -43.9883 18.6371 -47.6304 -28.4191 23.1299 -42.9892 -22.6557 -35.5562 -31.4846 -8.0530 -48.7433 -30.8775 27.2860 -44.5761 -26.5877 10.4526 -38.8037 -21.8284 -32.2695 -32.9978 8.7471 -48.8086 -30.0311 28.7498 -44.9530
29.0159 -29.9426 -48.7621 5.2243 -33.0347 -30.2253 -22.1637 -39.0170 11.1030 -26.7246 -44.8630 28.2148 -30.7561 -48.7524 -6.9446 -31.5911 -35.4168 -22.8786 -44.1735 31.6068 -23.8134 -46.9576 35.3978 -38.1049 6.8049 -36.7477 7.4497 -37.1895 -10.9791 -30.9818 -44.5642 -27.7165 -47.3637 -26.3616 -48.8187 -24.4413 -49.1022 -21.3322 -47.8974 -15.6411 -45.5437 4.8465 -42.9196 35.2847 -40.6410 28.3751 -38.2697 20.3358 -37.5811 19.3180 -39.1386 29.2532 -41.9035 31.2632 -44.9096 -7.7817 -46.7240 -15.1874 -47.1435 -13.9931 -45.9485 3.8059 -43.5829 35.7159 -40.4493 22.2234 -37.5885 3.5875 -31.8194 -46.6453 -22.5535 -46.9623 11.1954 -42.9951 35.4404 -40.5628 24.3616 -37.8076 34.5239 -48.1700 -28.1743 24.4029 -43.4391 -22.7361 -35.4325 -31.5912 -6.9446 -48.7524 -30.7561 28.2148 -44.8630 -26.7246 11.1030 -39.0170 -22.1637 -30.2253 -33.0347 5.2243 -48.7621 -29.9426 29.0159
-29.5788 -48.7457 2.0378 -33.0702 -28.0015 -22.4863 -39.2370 11.7575 -26.8581 -45.1434 29.1730 -30.6606 -48.7558 -5.8420 -31.8054 -34.9388 -22.6891 -43.9088 31.6578 -23.0877 -46.7666 35.4237 -38.1806 6.3848 -36.3970 7.3050 -38.7446 26.6314 -29.2977 -49.3285 -14.4399 -44.7785 4.4516 -43.8967 23.7152 -42.8947 35.0358 -41.4887 32.6401 -39.6716 24.4937 -37.1642 15.3218 -35.6147 5.1096 -33.5407 -14.7891 -32.0188 -25.4228 -33.0355 -0.3236 -36.2045 15.0750 -38.9349 25.6748 -40.4355 32.6752 -41.7368 35.9229 -42.8033 36.1340 -41.4221 26.4928 -38.9201 11.3087 -34.8589 -25.3825 -28.7262 -48.8168 -15.7119 -44.7332 35.7578 -40.2565 20.8065 -37.6679 9.7236 -35.7542 2.3586 -36.0053 34.5069 -47.8074 -27.1206 27.7578 -43.7455 -22.6627 -34.9389 -31.8054 -5.8420 -48.7558 -30.6606 29.1730 -45.1434 -26.8581 11.7575 -39.2370 -22.4863 -28.0015 -33.0702 2.0378 -48.7457 -29.5788
-48.7703 -0.8062 -33.2417 -25.6012 -22.7983 -39.4621 12.4187 -26.9845 -45.4003 30.0694 -30.6092 -48.7549 -5.0811 -32.1515 -33.6802 -22.5185 -43.3015 30.4885 -22.4034 -46.3238 35.1222 -38.4411 10.0585 -36.9412 8.1821 -38.6605 35.3229 -49.5104 -30.6500 25.5511 -38.9687 24.4917 -38.9084 22.3050 -38.0257 15.2645 -36.0565 8.8171 -34.5377 -1.9206 -32.5954 -29.4359 -30.5048 -44.7710 -26.5714 -48.8611 -21.8940 -48.2810 -21.5313 -48.9440 -26.9223 -42.3027 -31.8421 -6.7128 -35.0240 8.3697 -37.1995 18.1237 -40.5210 17.1642 -43.9483 33.8665 -39.9787 10.3105 -34.2220 -42.8077 -25.0583 -47.5713 6.2810 -42.1051 28.4082 -38.8643 10.3247 -34.5522 -22.0401 -31.3244 -40.1298 -32.5807 -7.3061 -36.7248 35.3717 -47.0796 -24.5940 29.6424 -43.2984 -22.5170 -33.6803 -32.1515 -5.0811 -48.7549 -30.6092 30.0694 -45.4003 -26.9845 12.4187 -39.4621 -22.7983 -25.6012 -33.2417 -0.8062 -48.7703
-8.4512 -33.5448 -23.0633 -23.1000 -39.6891 13.0838 -27.1069 -45.6383 30.8668 -30.6124 -48.7478 -4.9143 -32.6023 -31.3522 -22.5272 -42.4805 26.8751 -23.4700 -45.9001 34.6881 -38.8300 14.6688 -38.5863 18.4635 -39.0737 27.3565 -42.6708 -19.0182 -40.9809 -34.2741 5.3289 -37.5638 14.6793 -38.5163 0.5296 -31.4916 -43.0657 -27.1058 -48.8674 -23.9631 -48.5001 -23.7061 -48.7520 -26.3056 -46.7804 11.6965 -42.5937 33.5373 -43.1208 17.7837 -45.8409 -17.0054 -48.8275 -25.0416 -47.4701 -29.1416 -32.1622 -33.3998 25.3137 -49.7026 -19.2353 -44.3497 27.2398 -37.2828 -26.5490 -25.9685 -46.8931 30.0660 -40.6146 20.3579 -37.0423 -2.6354 -31.3805 -46.5799 -25.4599 -48.7569 -26.2547 -45.1258 -33.5622 3.2551 -38.2127 35.4350 -45.9793 -24.3329 26.4716 -42.4985 -22.5280 -31.3517 -32.6022 -4.9143 -48.7478 -30.6124 30.8668 -45.6383 -27.1069 13.0838 -39.6891 -23.1000 -23.0633 -33.5448 -8.4512
-35.0215 -20.4320 -23.3886 -39.9176 13.7447 -27.2263 -45.8655 31.5842 -30.6682 -48.7272 -5.4277 -33.0967 -27.9978 -22.7513 -41.7557 22.8372 -25.6265 -45.7766 35.3247 -39.3236 16.7047 -39.9324 35.3987 -42.9674 34.5342 -42.9731 6.5800 -47.4583 -28.0297 -32.0675 -35.7522 13.3136 -40.1916 32.3993 -24.5416 -47.6103 -10.9753 -44.3568 18.8828 -43.4547 -4.0139 -48.1563 -29.3364 -18.3411 -14.6046 -40.5129 29.2123 -42.7295 35.6197 -41.2788 32.9393 -42.0759 32.2574 -44.4470 -5.4215 -46.7030 -18.9436 -48.9764 -15.2009 -34.3223 -43.1560 -11.5371 -41.4680 12.2782 -31.7771 -48.7867 7.5627 -40.9546 17.8058 -35.7504 -26.1935 -28.4364 -48.6814 -17.5256 -46.4083 -20.1707 -48.5409 -31.0030 -17.2824 -36.3964 12.4705 -39.5247 35.7517 -46.3880 -27.7727 22.2711 -41.7700 -22.7504 -27.9960 -33.0967 -5.4277 -48.7272 -30.6682 31.5842 -45.8655 -27.2263 13.7447 -39.9176 -23.3886 -20.4320 -35.0215
-20.9029 -23.6575 -40.1442 14.4027 -27.3438 -46.0817 32.2410 -30.7582 -48.6837 -6.4701 -33.5729 -23.9917 -23.1045 -41.2437 20.0145 -26.7877 -46.5972 29.7279 -40.9725 19.0568 -39.5761 34.4411 -49.1483 -21.8058 -48.6786 -21.1221 -48.5508 -26.3877 -40.6218 -34.3781 10.9786 -39.8391 33.5440 -49.7294 -36.0652 26.2532 -38.4495 22.6003 -39.1499 32.2482 -44.5603 -23.8518 -3.7289 -39.7805 -22.8452 12.8362 -37.0293 -16.3497 -45.5260 33.8427 -39.8634 18.6504 -38.9144 23.8237 -39.8303 31.3451 -41.3411 34.9685 -41.0221 8.8773 -27.3078 -46.4921 30.8679 -36.8894 -36.8651 -20.5011 -43.6583 24.3853 -36.5763 -29.6296 -26.6448 -47.6774 -2.3592 -43.4105 -14.5614 -48.7203 -30.9693 -2.5214 -36.9694 14.0517 -39.1011 26.3746 -42.5278 -17.9911 -48.6689 -30.3971 19.6694 -41.2449 -23.1038 -23.9919 -33.5729 -6.4701 -48.6837 -30.7582 32.2410 -46.0817 -27.3438 14.4027 -40.1442 -23.6575 -20.9029
-22.0789 -40.3685 15.0502 -27.4615 -46.2907 32.8322 -30.8655 -48.6108 -7.7557 -33.9934 -19.9120 -23.4883 -40.9502 18.2903 -26.9605 -46.2999 -12.4307 -45.6547 34.8327 -39.8962 24.2300 -45.6150 -30.3469 -17.6492 -32.0259 -30.5580 -31.8996 -18.1311 -35.3541 14.5258 -39.7262 30.9457 -43.1603 -18.9501 -32.9683 -32.0364 -10.9148 -34.3956 9.1809 -39.4414 28.2777 -49.0552 -32.6802 24.3222 -46.1313 -10.1177 -37.2946 -9.3608 -21.4814 -43.7971 20.7894 -37.0519 0.0992 -34.8595 4.0860 -35.5449 9.1518 -35.5905 5.0377 -30.2023 -48.8936 26.0053 -39.7217 3.9855 -28.4827 -47.3743 35.7048 -38.7384 -5.0945 -28.1963 -47.6237 16.3226 -41.7997 0.3915 -48.7041 -30.9695 7.7266 -38.7679 27.8595 -41.1545 32.7912 -41.5531 -13.2368 -45.4881 -31.8807 -41.5411 -29.4295 18.1868 -40.9487 -23.4882 -19.9120 -33.9934 -7.7557 -48.6108 -30.8655 32.8322 -46.2907 -27.4615 15.0502 -40.3685 -22.0789
-40.9987 15.6876 -27.5805 -46.4960 33.3600 -30.9846 -48.5031 -9.0606 -34.3594 -16.2296 -23.8381 -40.8411 17.3611 -26.9587 -45.6988 -18.6436 -48.7665 -16.6284 -43.7820 22.8920 -37.7858 10.1752 25.9042 -38.4992 16.0838 -37.4661 14.2401 -37.8735 21.7140 -41.0452 32.5324 -44.7508 34.0106 -43.9009 -16.7444 -48.4963 -24.5563 -46.5976 -32.9392 15.2428 -41.7931 -16.7353 -42.6689 -34.7875 22.3718 -38.9829 11.5629 -31.0903 -48.7499 35.0925 -38.6552 -4.4787 -30.8020 -47.0848 -27.4044 -46.7525 -27.7215 -46.7170 -25.4823 -48.5454 10.0118 -40.4875 13.5954 -32.1900 -48.7443 2.1977 -40.5155 11.1336 -31.4559 -48.6910 2.0661 -41.6722 33.6501 -47.4777 -29.4246 7.9643 -39.5107 34.0522 -45.8122 -11.9357 -45.4366 1.4660 -48.4281 -32.5755 27.2323 -42.1361 -44.3338 -26.8763 17.3430 -40.8406 -23.8381 -16.2296 -34.3594 -9.0606 -48.5031 -30.9846 33.3600 -46.4960 -27.5805 15.6876 -40.9987
16.3415 -27.6200 -46.6980 33.8228 -31.1102 -48.3558 -10.3002 -34.6863 -13.0306 -24.1408 -40.8680 17.0233 -27.1395 -45.9080 31.5264 24.4320 -31.3826 -48.7354 8.0764 -39.3134 4.4299 -30.7556 -46.4750 35.8410 -42.5232 35.2653 -42.0026 34.3321 -42.2565 -8.1250 -48.8700 -22.8247 -46.3558 35.6469 -42.2866 33.1280 -44.9567 -20.1291 -44.6944 -34.8024 24.1022 -43.6840 -20.5755 -45.5577 -31.1336 -14.9650 -30.1683 -48.6924 -6.0030 -40.7310 11.3775 -31.4061 -48.7654 -16.6561 -45.9184 -7.4621 -45.4696 -2.9774 -44.4274 35.3075 -39.8806 14.6059 -33.2170 -46.7806 -16.3559 -42.4530 20.5344 -34.4462 -46.3981 -16.0087 -42.7266 35.7567 -44.5781 -24.9085 -6.7992 -38.6338 27.4537 -48.6722 -26.7614 -42.3811 -24.1002 -47.2995 -24.5020 3.3759 -42.2905 -16.4373 32.8862 -45.9830 -27.1467 17.0217 -40.8680 -24.1408 -13.0306 -34.6863 -10.3002 -48.3558 -31.1102 33.8228 -46.6980 -27.6200 16.3415
-26.4978 -46.8955 34.2083 -31.2370 -48.1647 -11.4460 -34.9876 -10.2583 -24.4044 -40.9879 17.0991 -27.4063 -46.2797 32.7212 -31.9242 -46.1787 14.6468 -27.4524 -45.4949 25.3492 -34.4948 -47.5878 -7.6883 -43.9519 -19.4537 -48.9236 -18.8565 -46.1383 -14.5002 -48.6197 -31.4676 2.9108 -17.7657 -43.3062 26.4260 -39.7862 32.9851 -44.7778 -22.8399 -33.9761 -36.0448 26.0169 -42.6419 -9.4522 -47.9641 -19.9336 -47.6138 3.8024 -40.8618 17.7951 -33.3872 -47.5385 -15.1542 -43.2007 33.6001 -40.1202 27.2925 -39.1595 21.6346 -37.5048 7.0965 -32.0720 -46.9890 -18.9278 -43.9411 27.0781 -36.6270 -32.5286 -23.1565 -44.9812 36.2299 -42.4789 -16.8478 -44.4116 -35.7260 34.0143 -47.9546 -29.4977 7.7875 -35.0002 -45.1554 -20.8976 -48.7650 -33.4474 32.8417 -48.7873 -32.1709 32.7576 -46.2972 -27.4096 17.1006 -40.9879 -24.4044 -10.2583 -34.9876 -11.4460 -48.1647 -31.2370 34.2083 -46.8955 -26.4978
-46.9239 34.4795 -31.3606 -47.9272 -12.4929 -35.2697 -7.8312 -24.6374 -41.1606 17.4406 -27.6422 -46.6308 33.4598 -33.3052 -43.6648 16.2172 -34.6027 -46.6376 -3.1398 -38.8955 -4.3044 -25.2069 -44.5565 -14.7154 -26.9941 -32.3889 -33.5160 -27.4415 -48.7444 -30.6037 17.6630 -44.8295 -26.7048 12.1537 -36.6568 8.6605 -38.4822 33.3448 -45.8765 -24.6003 -32.5321 -35.0065 18.1563 -39.5489 32.9528 -41.5478 32.2239 -39.1560 14.7648 -33.4931 -44.8537 -19.4325 -43.6836 27.8818 -38.1343 8.5841 -34.9878 -1.9771 -32.8924 -31.6108 -28.3192 -48.9851 -14.7568 -43.5094 28.5010 -37.4919 -14.9647 -26.6616 -46.8062 32.4839 -42.5109 -10.5078 -48.7616 -32.0638 17.4749 -43.0419 -24.7216 4.8563 -40.1890 -20.3164 15.3444 -45.5571 -24.2092 -6.7942 -38.3309 -9.1523 -46.4009 -32.6129 33.5277 -46.6406 -27.6438 17.4420 -41.1606 -24.6374 -7.8312 -35.2697 -12.4929 -47.9272 -31.3606 34.4795 -46.9239
30.6591 -31.1616 -47.6388 -13.4416 -35.5372 -5.7050 -24.8469 -41.3566 17.9316 -27.8423 -46.9416 34.1761 -32.5214 -45.7900 -17.6202 -36.7998 -2.7384 -26.3457 -44.5241 24.3089 -33.6872 -48.9766 22.7158 -41.8489 -34.1973 24.5283 -37.2323 -8.9368 -31.3179 -20.0735 -37.6206 4.1009 -45.6341 -32.3309 -36.4148 -32.2727 0.4063 -38.4426 34.3477 -45.7606 -22.5764 -45.3714 -31.7389 0.2757 -35.1870 8.4010 -35.1371 -1.9374 -31.0789 -47.6599 -19.0993 -44.1540 28.9527 -37.5114 -7.0801 -30.4198 -47.4207 -25.2560 -49.0133 -19.4783 -46.5947 18.7486 -41.4658 23.9004 -36.8536 -13.6216 -27.7451 -47.6691 20.3216 -43.0515 -13.6938 -48.7545 -30.7223 6.0159 -38.6942 0.6715 -46.4415 -35.5879 26.6653 -48.2504 -35.1714 18.0371 -48.9711 -34.3541 24.9932 -43.3950 -21.7243 -45.1985 -32.3752 34.2194 -46.9419 -27.8427 17.9316 -41.3566 -24.8469 -5.7050 -35.5372 -13.4416 -47.6388 -31.1616 30.6591
-31.3243 -47.2946 -14.3055 -35.7942 -3.8276 -25.0364 -41.5655 18.4905 -28.0148 -47.2029 34.6143 -32.0484 -46.9738 -16.6441 -38.7065 14.2158 -34.0060 -48.5726 4.9726 -39.0180 -7.6338 -22.4204 -42.2799 22.7419 -27.0918 -47.9282 35.1048 -37.2594 -22.0762 -33.2727 15.3148 -41.3226 -30.9087 -26.0721 -29.2163 -48.5975 -29.9727 -1.5731 -38.0373 31.1478 -43.5930 -12.9544 -48.7048 -24.7354 -48.0806 -26.7225 -48.1564 -24.4628 -48.4597 -8.7887 -42.7078 27.2347 -37.1579 -13.3968 -28.1134 -48.3649 -10.8163 -44.3391 32.0075 -41.8934 30.6906 -38.9567 14.5044 -34.6331 -30.6976 -26.5869 -47.6720 18.9994 -42.6573 -14.4608 -48.3549 -31.6237 8.4488 -38.6048 34.4282 -45.8412 -28.5105 15.9127 -43.9715 -27.1404 14.7122 -43.4216 -25.1236 5.2417 -40.7063 5.4502 -48.5277 -27.6840 -45.5358 -32.0396 34.6228 -47.2017 -28.0148 18.4905 -41.5655 -25.0364 -3.8276 -35.7942 -14.3055 -47.2946 -31.3243
-47.4177 -15.0999 -36.0381 -2.1459 -25.2077 -41.7841 19.0887 -28.1693 -47.4269 34.7689 -31.9088 -47.1183 -21.6882 -44.1303 33.7232 -38.8874 -5.1014 -26.1833 -44.8786 23.4187 -32.5349 -48.4671 34.8162 -36.8429 -31.3780 -25.4821 -44.7575 23.3001 -34.5159 -43.1171 -28.7129 -49.0192 34.6464 -35.9619 -42.2979 -22.2576 -48.3559 -28.4622 -12.6930 -36.2709 21.4007 -40.4334 35.3838 -43.6540 10.1259 -44.6306 10.6873 -43.6175 35.5642 -40.1780 19.6620 -35.7091 -23.4385 -26.8957 -47.6604 24.9056 -40.6932 24.7398 -38.0528 13.1373 -35.4450 -4.3353 -31.0616 -46.8360 -22.5124 -46.4818 31.9549 -41.9645 -3.6739 -48.7335 -31.8505 13.0391 -39.4930 33.9464 -44.8001 -19.9159 -41.7730 -36.0659 14.7217 -47.0115 -35.6816 29.8324 -49.0302 -34.9885 32.6326 -47.1219 -27.7730 -25.1695 -27.0219 -46.6724 -31.9311 34.7654 -47.4264 -28.1693 19.0887 -41.7841 -25.2077 -2.1459 -36.0381 -15.0999 -47.4177
-16.0347 -36.2678 -0.6563 -25.3621 -42.0075 19.7184 -28.3146 -47.6243 34.6803 -31.9555 -46.7512 -21.9691 -48.4009 -19.9871 -44.6726 24.5004 -34.8772 -48.2758 9.4670 -37.7997 -27.1386 -17.5862 -40.2961 12.9036 -35.2787 -24.3323 -13.8725 -40.3428 3.3199 -28.3137 -48.4309 -6.2984 -41.0756 9.6084 -28.8958 -47.2517 -4.0085 -47.2436 -25.3835 -39.9945 -32.9367 7.4446 -36.8139 18.3902 -38.1102 22.0876 -38.1509 18.3474 -36.8558 6.8620 -32.7189 -42.2028 -24.2870 -46.8136 34.8128 -39.5586 14.1687 -34.8452 -17.7331 -30.2658 -46.5822 -24.8958 -48.3887 -10.5492 -43.5877 34.5186 -41.0343 35.0630 -47.8087 -29.4072 8.6783 -39.8887 1.6252 -48.9053 -24.9200 -48.0421 -31.5296 14.2355 -43.0781 -25.9270 10.2071 -42.1484 -23.8000 4.7702 -41.2153 -19.3533 -19.4578 -38.7671 22.1625 -19.6340 -46.4884 -31.9905 34.6803 -47.6243 -28.3146 19.7184 -42.0075 -25.3621 -0.6563 -36.2678 -16.0347
-37.3736 0.6704 -25.4978 -42.2348 20.3668 -28.4528 -47.8042 34.3664 -32.0238 -46.0147 -17.7912 -46.0172 -30.4070 -46.3101 -10.3494 -40.2493 2.9488 -25.1928 -43.5868 16.9492 -29.4069 -45.6697 29.9390 -39.3833 23.6824 -34.2758 -45.0217 24.0538 -33.8097 -48.3337 -11.3725 -42.3946 21.5883 -34.5544 -47.4535 -10.5362 -42.0819 35.4503 -45.0393 -18.0514 -49.0651 -27.4825 -39.7088 -31.3184 -19.3038 -32.5772 -18.8881 -31.4008 -39.4346 -27.5196 -49.0471 -17.3113 -44.6752 34.4581 -38.9062 8.1098 -31.9923 -46.2383 -23.9845 -47.7496 -9.0908 -44.0498 35.5572 -40.4077 23.0874 -39.0950 26.0835 -43.9977 -21.9389 -24.8891 -37.8986 33.9527 -49.1276 -31.7314 3.4794 -34.1332 -12.2947 -36.6754 33.7707 -49.2300 -34.2878 34.4554 -48.7884 -33.0465 30.8230 -47.9468 -31.7156 29.7929 -49.6618 -34.5241 -16.3945 -46.0200 -32.0238 34.3664 -47.8042 -28.4528 20.3668 -42.2348 -25.4978 0.6704 -37.3736
0.7726 -25.6338 -42.4636 21.0319 -28.5878 -47.9688 33.8234 -32.0778 -45.5636 -16.9705 -35.2236 22.0583 -0.7405 -30.0156 -47.1166 28.7845 -33.6281 -49.1547 34.5402 -35.5319 -46.9972 4.1630 -40.3084 35.3337 -46.0577 -22.8713 14.7484 -35.0637 -38.1060 -20.8777 -44.0908 28.0664 -37.3529 -26.2749 -23.6025 -44.7358 30.3627 -39.6215 27.7717 -41.5680 24.9324 -45.6109 -15.3226 -48.0627 -20.8316 -48.7161 -21.0425 -48.0271 -16.2442 -45.7779 24.0568 -41.5109 25.6125 -37.4438 -0.2407 -30.0956 -48.7646 -15.6532 -44.2348 35.8399 -40.5028 25.7600 -38.9906 13.5666 -37.1031 11.1886 -39.9255 25.4420 -49.0070 -32.2526 17.5782 -44.0900 -21.4644 23.7610 -41.4519 29.8708 -37.0281 12.2823 -41.4170 -22.5952 -1.8917 -39.7470 -18.2183 -23.1402 -37.9699 -13.3833 -32.9465 -37.7560 -19.5474 0.9242 -36.3472 -16.9514 -45.5610 -32.0780 33.8234 -47.9688 -28.5878 21.0319 -42.4636 -25.6338 0.7726
-23.8737 -42.6933 21.7079 -28.7227 -48.1207 33.0374 -32.1523 -44.9945 -17.4132 -36.6131 0.2515 -20.5317 -37.1720 -36.2585 -12.3311 -38.3536 -16.8051 -20.4816 -40.7420 5.7918 -25.0276 -42.7329 36.0081 -47.6590 -19.0930 -48.5905 -28.1687 -45.7733 -22.4741 -45.7650 33.3329 -38.7779 -1.5008 -28.7360 -47.7243 35.4262 -39.4518 10.1513 -36.4363 13.8142 -38.3758 26.3816 -40.6350 34.7091 -42.2570 35.2223 -42.9215 31.6779 -42.6796 33.4309 -39.2097 14.5591 -34.8479 -26.5118 -27.6165 -48.3301 0.4989 -41.5524 28.7753 -39.8864 23.5393 -39.7052 20.9663 -37.9182 3.7082 -37.1253 22.5258 -43.9776 -20.7430 -36.4682 -36.4323 24.6556 -41.6787 -38.2438 -24.2817 -48.5035 19.4881 -37.3521 33.1452 -48.2908 -32.5193 25.4474 -45.7236 -29.4725 16.1172 -43.0041 -26.0203 12.1813 -42.0067 -25.6664 1.1527 -36.6094 -17.4180 -44.9904 -32.1525 33.0374 -48.1207 -28.7227 21.7079 -42.6933 -23.8737
-43.0992 22.3928 -28.8552 -48.2620 31.9818 -32.2376 -44.3172 -17.9130 -36.8717 2.4574 -25.7757 -43.7600 14.0210 -27.3029 -43.9259 19.1235 -30.7266 -47.1192 30.2818 -33.6062 -48.9287 33.0887 -43.8866 -26.8121 -42.8403 -24.3067 -47.9500 -14.4712 -44.8896 34.3689 -39.4178 5.9827 -31.1972 -48.7522 1.6472 -40.9413 13.9573 -34.3368 -33.6922 -32.5889 -9.0366 -36.0454 10.1337 -37.9695 19.7120 -40.1995 35.4481 -43.9819 -9.3585 -38.9203 11.3452 -32.1188 -45.3698 -23.3489 -46.7918 30.7150 -40.3265 24.0226 -40.1084 30.2969 -42.3269 31.2060 -43.6026 27.5022 -37.7442 7.1134 -39.1813 35.8205 -47.4881 -27.1188 -19.2041 -36.0315 10.3023 -33.0061 -35.5485 -26.1109 -30.4820 4.7089 -39.8881 -17.8435 -25.5181 -37.7112 -2.0606 -46.5389 -35.6025 34.5066 -47.5657 -30.2892 20.7376 -42.6210 -25.7240 2.5702 -36.8738 -17.9112 -44.3094 -32.2396 31.9818 -48.2620 -28.8552 22.3928 -43.0992
23.1967 -28.8354 -48.3886 30.6128 -32.3297 -43.5153 -18.4079 -37.0936 3.1581 -26.7113 -43.9296 28.6438 -34.0337 -49.0814 26.5956 -36.5663 -39.8336 -18.4979 -39.4836 -7.9466 -20.5728 -40.7233 17.8749 26.9931 -35.9756 -43.9897 -16.1474 -43.2374 31.1728 -39.2533 7.5157 -32.2422 -48.1342 -14.8824 -42.8758 22.8746 -35.9773 -37.5311 -28.3503 -47.3064 -32.6936 -9.9913 -36.3149 10.7299 -38.9189 33.5772 -44.8868 -21.6621 -32.4451 -33.9115 -21.2707 -48.7841 -13.8220 -44.0449 34.7855 -39.9248 20.8736 -40.2683 35.4631 -45.0524 -17.4540 -49.1431 -22.4802 -43.8212 19.5162 -37.1018 14.0333 -41.1132 16.3466 -48.4545 -27.2516 -38.1346 -32.1615 -27.4684 -35.8745 32.9360 -48.7535 -33.6023 26.2526 -46.3252 -30.1835 19.1777 -43.9513 -28.2683 7.2949 -40.1736 -9.9143 -47.3977 -34.6680 26.1324 -43.5339 -26.3316 3.4013 -37.1116 -18.4098 -43.5082 -32.3316 30.6128 -48.3886 -28.8354 23.1967
-28.0922 -48.4997 28.9260 -32.4234 -42.5914 -18.8972 -37.3286 3.9568 -29.0115 -47.3710 30.3315 -39.8410 1.3274 -25.3909 -43.3484 15.8222 -30.7298 -49.4986 24.5591 -29.1406 -47.3831 27.5035 -33.0408 -47.1754 21.9588 -29.6630 -46.6786 34.3196 -38.8725 5.9044 -32.3140 -47.3855 -18.7859 -44.6953 30.4777 -38.1715 -11.3529 -29.7336 -47.7764 -31.4970 3.2306 -37.6555 20.8474 -38.7337 33.5116 -45.3637 -18.7522 -48.0600 -33.3791 16.8662 -42.9958 34.6009 -41.4647 29.8810 -39.9580 19.4942 -39.4806 35.3913 -46.2210 -22.5311 -43.6151 -33.0171 2.8277 5.1910 -38.2344 3.3279 -36.7858 20.2299 -41.9416 9.1507 -47.9299 -23.1082 -48.0176 -31.3748 12.3376 -42.3924 -22.2254 -23.0007 -37.6295 -5.2136 -43.7900 -35.8402 12.1244 -36.1930 -36.5110 28.8048 -45.6583 -27.5058 1.6757 -39.5812 35.4990 -46.3447 -27.8390 4.2287 -37.3388 -18.9032 -42.5895 -32.4235 28.9260 -48.4997 -28.0922
-48.3267 26.8370 -32.5136 -41.5430 -19.3790 -37.5528 5.0141 -31.0712 -48.0372 -21.6251 -45.7863 29.9140 -35.3682 -48.5197 23.3733 -36.6266 -30.3569 -31.8739 31.7772 -47.5307 35.4728 -37.0761 -33.7861 -11.2215 -37.1523 -38.0048 -11.5122 -39.6057 8.7579 -32.1466 -47.7233 -19.3110 -45.3988 34.2878 -39.4302 4.5226 -32.2671 -45.5141 -32.1107 9.6542 -39.7326 35.6517 -44.3056 2.3232 -44.6463 -24.1425 -47.6989 -29.9548 9.1026 -38.4407 26.7365 -41.8815 33.9496 -41.6234 24.8631 -39.5370 23.1192 -47.0380 -22.2044 -42.3018 -34.1356 23.5821 -46.0367 -31.0007 -3.5058 -32.8883 -16.5593 -36.9818 21.9347 -41.7691 29.2935 -46.3380 -21.0239 -43.6642 -35.9557 32.8313 -47.1409 -29.5957 15.7425 -43.1618 -25.0646 0.4323 -35.7223 -31.5298 15.5536 -40.0546 -6.1542 -46.3404 -35.8189 27.7659 -44.8428 -15.0990 -48.5243 -28.3610 5.5171 -37.5500 -19.3806 -41.5430 -32.5136 26.8370 -48.3267
11.2250 -32.1536 -40.3654 -19.8387 -37.7616 6.4044 -29.7284 -37.8461 -32.0038 -45.4628 -15.4340 -41.5772 8.1844 -25.5283 -43.1533 13.2973 -33.2278 -3.0509 -40.7233 28.0866 -38.2614 -4.1426 -25.8229 -43.4461 15.4011 -27.6256 -44.4860 21.3498 -33.4821 -47.3617 -18.9338 -45.2243 34.9313 -39.9243 9.4190 -33.8450 -41.0332 -32.7362 8.5530 -39.7952 32.1134 -48.1208 -26.1192 -57.0045 -121.5713 54.9383 33.6208 48.5811 5.9881 -44.1975 -146.4349 -65.2098 -95.4838 74.1113 -73.1749 -200.0114 26.2674 -161.7898 1.6084 -33.9338 6.4972 -39.4960 7.3265 -48.3260 -26.0995 -48.6311 -29.1654 -16.6759 -36.7695 19.1371 -41.0141 35.2141 -46.5424 -26.7871 1.1368 -39.2027 -0.3431 -47.9178 -34.4988 31.6061 -46.9766 -25.6578 -43.6534 6.8357 -40.6100 28.6799 -44.8942 -27.1046 8.5224 -41.2627 -2.3245 -48.7338 -25.4154 -48.3859 -27.6534 6.7359 -37.7583 -19.8387 -40.3654 -32.1536 11.2250
-33.0023 -39.0488 -20.2756 -37.9768 7.6119 -26.2646 -43.1042 -43.2948 23.6505 -31.9092 -48.6219 34.2691 -34.5632 -49.2610 34.4738 -35.2078 -41.9134 -31.5058 1.9578 -34.8571 -16.0723 -27.4460 -47.1125 32.2242 -33.8979 -49.1680 31.7409 -36.3520 -37.5492 -21.5243 -44.9615 34.2452 -39.8294 10.5339 -34.6832 -33.6544 -33.4738 6.4432 -39.3116 35.8267 -47.0040 -26.4148 -9.2909 -60.5754 -229.5722 -54.8802 6.8683 -49.0909 20.6426 -90.5868 40.6400 -78.3418 -92.7824 -143.1752 44.4765 97.0385 -108.0173 -14.9816 -138.2010 9.3800 -37.5880 23.0817 -41.7484 -3.0737 -45.6905 -13.5644 -48.4256 -28.3287 -23.0752 -36.1339 16.7848 -40.6841 17.2215 -48.8764 -32.2551 17.5857 -42.3533 -21.4888 -27.7522 -37.1263 33.9093 -44.6776 -1.8712 -41.9288 22.5481 -39.3401 22.0660 -48.6847 -35.0721 31.8895 -46.8894 -27.0073 -28.9577 -25.2519 -47.5001 -26.7967 7.5945 -37.9768 -20.2756 -39.0488 -33.0023
