25.6245 -30.6397 -48.0373 -14.9618 -36.9500 -2.2893 -23.5716 -42.6593 21.7551 -27.7512 -48.1194 17.5619 -32.6649 -42.0150 -19.1693 -38.8477 8.6772 -24.9206 -44.7782 28.5214 -29.4343 -48.7368 -7.3722 -34.7988 -23.1663 -21.8926 -40.8276 15.7792 -26.3703 -46.7724 31.0408 -31.1787 -47.7004 -15.6158 -37.2085 -0.3835 -23.7533 -42.9158 22.5956 -27.9556 -48.2502 13.8480 -32.8631 -40.5631 -19.5632 -39.0857 9.6386 -25.0886 -45.0540 28.9397 -34.2050 28.9397 -45.0540 -25.0886 9.6386 -39.0857 -19.5632 -40.5631 -32.8631 13.8480 -48.2502 -27.9556 22.5956 -42.9158 -23.7533 -0.3835 -37.2085 -15.6158 -47.7004 -31.1787 31.0408 -46.7724 -26.3703 15.7792 -40.8276 -21.8926 -23.1663 -34.7988 -7.3722 -48.7368 -29.4343 28.5214 -44.7782 -24.9206 8.6772 -38.8477 -19.1693 -42.0150 -32.6649 17.5619 -48.1194 -27.7512 21.7551 -42.6593 -23.5716 -2.2893 -36.9500 -14.9618 -48.0373 -30.6397 25.6245
-30.6397 -47.8058 -13.6009 -35.8037 -2.2285 -25.3609 -42.2076 20.9533 -28.5771 -48.2485 30.6828 -31.9746 -41.7065 -19.7668 -37.9569 8.3133 -26.4188 -44.5372 28.1384 -29.8370 -48.7601 1.5274 -33.2871 -22.6752 -23.4242 -40.1780 15.1464 -27.5223 -46.7279 34.2410 -31.0652 -47.5913 -14.4325 -36.0745 -0.4440 -25.5304 -42.4905 21.7875 -28.7335 -48.4056 28.5681 -32.0786 -40.2191 -20.3186 -38.2264 9.2425 -26.5448 -44.8120 29.0897 -30.8103 -44.6123 -30.8103 29.0897 -44.8120 -26.5448 9.2425 -38.2264 -20.3186 -40.2191 -32.0786 28.5681 -48.4056 -28.7335 21.7875 -42.4905 -25.5304 -0.4440 -36.0745 -14.4325 -47.5913 -31.0652 34.2410 -46.7279 -27.5223 15.1464 -40.1780 -23.4242 -22.6752 -33.2871 1.5274 -48.7601 -29.8370 28.1384 -44.5372 -26.4188 8.3133 -37.9569 -19.7668 -41.7065 -31.9746 30.6828 -48.2485 -28.5771 20.9533 -42.2076 -25.3609 -2.2285 -35.8037 -13.6009 -47.8058 -30.6397
-48.0373 -13.6009 -35.7121 -3.2877 -25.2268 -41.9973 20.3010 -28.5896 -48.1125 32.0425 -32.2957 -42.7427 -19.3104 -37.7448 7.5458 -26.3297 -44.3109 27.4184 -29.9180 -48.8019 4.6809 -33.0918 -25.2353 -23.1442 -39.9545 14.5085 -27.4787 -46.5270 33.8863 -31.2515 -47.8885 -13.5722 -35.8367 -1.8855 -25.3821 -42.2607 21.1081 -28.7484 -48.2832 30.3497 -32.4204 -41.4165 -19.8910 -38.0126 8.5095 -26.4610 -44.5894 28.3042 -30.0478 -48.7668 -18.0075 -48.7668 -30.0479 28.3042 -44.5894 -26.4610 8.5095 -38.0126 -19.8910 -41.4165 -32.4204 30.3497 -48.2832 -28.7484 21.1081 -42.2607 -25.3821 -1.8855 -35.8367 -13.5722 -47.8885 -31.2515 33.8863 -46.5270 -27.4787 14.5085 -39.9545 -23.1442 -25.2353 -33.0918 4.6809 -48.8019 -29.9180 27.4184 -44.3109 -26.3297 7.5458 -37.7448 -19.3104 -42.7427 -32.2957 32.0425 -48.1125 -28.5896 20.3010 -41.9973 -25.2268 -3.2877 -35.7121 -13.6009 -48.0373
-14.9618 -35.8037 -3.2877 -25.1749 -41.8647 19.7986 -28.4838 -47.9740 33.0123 -32.1922 -43.6613 -18.8220 -37.5310 6.7322 -26.2248 -44.0841 26.6965 -29.7817 -48.8261 8.1120 -33.0309 -27.6689 -22.8436 -39.7288 13.8593 -27.3610 -46.3219 33.4340 -31.1204 -48.1379 -12.6154 -35.5900 -3.4800 -25.2316 -42.0277 20.4258 -28.6214 -48.1482 31.7283 -32.3165 -42.5017 -19.4261 -37.8006 7.7508 -26.3545 -44.3635 27.5879 -29.9526 -48.8565 8.0196 -35.3324 8.0188 -48.8564 -29.9526 27.5878 -44.3635 -26.3545 7.7508 -37.8006 -19.4261 -42.5017 -32.3165 31.7283 -48.1482 -28.6214 20.4258 -42.0277 -25.2316 -3.4800 -35.5900 -12.6154 -48.1379 -31.1204 33.4340 -46.3219 -27.3610 13.8593 -39.7288 -22.8436 -27.6689 -33.0309 8.1120 -48.8261 -29.7817 26.6965 -44.0841 -26.2248 6.7322 -37.5310 -18.8220 -43.6613 -32.1922 33.0123 -47.9740 -28.4838 19.7986 -41.8647 -25.1749 -3.2877 -35.8037 -14.9618
-36.9500 -2.2285 -25.2268 -41.8647 19.6105 -28.4168 -47.8632 33.6531 -32.0912 -44.4443 -18.3147 -37.3185 5.8665 -26.1219 -43.8578 25.9801 -29.6413 -48.8226 11.7632 -32.9914 -29.9437 -22.5297 -39.5008 13.1969 -27.2453 -46.1146 32.9181 -30.9821 -48.3416 -11.5357 -35.3363 -5.2414 -25.0646 -41.7918 19.7411 -28.4967 -48.0038 32.8001 -32.2007 -43.4770 -18.9294 -37.5904 6.9624 -26.2496 -44.1375 26.8661 -29.8101 -48.8173 6.9671 -33.4631 2.2330 -33.4656 6.9738 -48.8172 -29.8101 26.8661 -44.1376 -26.2495 6.9624 -37.5905 -18.9302 -43.4752 -32.2007 32.8001 -48.0038 -28.4967 19.7411 -41.7918 -25.0646 -5.2414 -35.3363 -11.5357 -48.3416 -30.9821 32.9181 -46.1146 -27.2453 13.1969 -39.5008 -22.5297 -29.9437 -32.9914 11.7632 -48.8226 -29.6413 25.9801 -43.8578 -26.1219 5.8665 -37.3185 -18.3147 -44.4443 -32.0912 33.6531 -47.8632 -28.4168 19.6105 -41.8647 -25.2268 -2.2285 -36.9500
-2.2893 -25.3609 -41.9973 19.7986 -28.4168 -47.8203 33.9600 -32.0211 -45.0303 -17.8320 -37.1221 4.9850 -26.0232 -43.6347 25.2780 -29.4999 -48.7959 15.4106 -32.9477 -32.0279 -22.2056 -39.2736 12.5279 -27.1326 -45.9073 32.3577 -30.8413 -48.5005 -10.3209 -35.0787 -7.1620 -24.8833 -41.5560 19.0622 -28.3748 -47.8527 33.5947 -32.0817 -44.3368 -18.4042 -37.3811 6.1341 -26.1468 -43.9117 26.1505 -29.6692 -48.8292 11.1233 -32.9177 -32.4290 -28.4012 -32.4032 -32.9230 11.1385 -48.8280 -29.6718 26.1456 -43.9112 -26.1417 6.1525 -37.3791 -18.4050 -44.3353 -32.0817 33.5947 -47.8527 -28.3748 19.0622 -41.5560 -24.8833 -7.1620 -35.0787 -10.3209 -48.5005 -30.8413 32.3577 -45.9073 -27.1326 12.5279 -39.2736 -22.2056 -32.0279 -32.9477 15.4106 -48.7959 -29.4999 25.2780 -43.6347 -26.0232 4.9850 -37.1221 -17.8320 -45.0303 -32.0211 33.9600 -47.8203 -28.4168 19.7986 -41.9973 -25.3609 -2.2893
-23.5716 -42.2076 20.3010 -28.4838 -47.8632 33.9600 -31.9974 -45.3476 -17.4673 -36.9632 4.1723 -25.9345 -43.4245 24.6024 -29.3568 -48.7472 18.9450 -32.9064 -33.9145 -21.8721 -39.0435 11.8382 -27.0239 -45.7013 31.7675 -30.6927 -48.6199 -8.9175 -34.8188 -9.2324 -24.6889 -41.3173 18.3794 -28.2552 -47.6950 34.1512 -31.9622 -45.0907 -17.8473 -37.1691 5.2423 -26.0473 -43.6898 25.4517 -29.5230 -48.8066 14.7677 -32.9344 -32.7888 -22.6749 -43.7160 -22.6893 -32.7479 -32.9286 14.6691 -48.7612 -29.6123 25.2305 -42.5923 -26.1367 5.3225 -37.1707 -17.8462 -45.0907 -31.9622 34.1512 -47.6950 -28.2552 18.3794 -41.3173 -24.6889 -9.2324 -34.8188 -8.9175 -48.6199 -30.6927 31.7675 -45.7013 -27.0239 11.8382 -39.0435 -21.8721 -33.9145 -32.9064 18.9450 -48.7472 -29.3568 24.6024 -43.4245 -25.9345 4.1723 -36.9632 -17.4673 -45.3476 -31.9974 33.9600 -47.8632 -28.4838 20.3010 -42.2076 -23.5716
-42.6593 20.9533 -28.5896 -47.9740 33.6531 -32.0211 -45.3476 -17.3282 -36.8722 3.5696 -25.8643 -43.2439 24.0054 -29.2172 -48.6771 22.2204 -32.8758 -35.5819 -21.5360 -38.8067 11.1134 -26.9209 -45.5006 31.1684 -30.5326 -48.7028 -7.2464 -34.5590 -11.4262 -24.4834 -41.0757 17.6920 -28.1369 -47.5303 34.5060 -31.8423 -45.7393 -17.2639 -36.9510 4.2578 -25.9518 -43.4752 24.7814 -29.3672 -48.7609 18.4401 -32.9556 -34.3245 -22.3899 -44.1747 32.3869 -44.2140 -22.3903 -34.4523 -32.6268 14.3437 -49.2897 -24.5310 -2.6102 -43.6537 -26.2341 4.3826 -36.9606 -17.2627 -45.7380 -31.8423 34.5060 -47.5303 -28.1369 17.6920 -41.0757 -24.4834 -11.4262 -34.5590 -7.2464 -48.7028 -30.5326 31.1684 -45.5006 -26.9209 11.1134 -38.8067 -21.5360 -35.5819 -32.8758 22.2204 -48.6771 -29.2172 24.0054 -43.2439 -25.8643 3.5696 -36.8722 -17.3282 -45.3476 -32.0211 33.6531 -47.9740 -28.5896 20.9533 -42.6593
21.7551 -28.5771 -48.1125 33.0123 -32.0912 -45.0303 -17.4673 -36.8722 3.3425 -25.8242 -43.1159 23.5422 -29.0988 -48.5956 24.9685 -32.8496 -37.0322 -21.2020 -38.5600 10.3376 -26.8252 -45.3094 30.5825 -30.3588 -48.7493 -5.2266 -34.3044 -13.6779 -24.2700 -40.8317 17.0002 -28.0182 -47.3583 34.6863 -31.7294 -46.2917 -16.6558 -36.7259 3.1564 -25.8620 -43.2734 24.1564 -29.1977 -48.7055 21.9864 -32.9947 -34.9963 -21.6176 -42.6804 36.1469 -44.6856 36.1454 -42.6824 -21.1995 -38.6687 -32.7641 28.3641 -40.7921 9.1274 -21.5526 -44.5205 -26.1507 3.2748 -36.7319 -16.6569 -46.2906 -31.7277 34.6858 -47.3587 -28.0182 17.0002 -40.8317 -24.2700 -13.6779 -34.3044 -5.2266 -48.7493 -30.3588 30.5825 -45.3094 -26.8252 10.3376 -38.5600 -21.2020 -37.0322 -32.8496 24.9685 -48.5956 -29.0988 23.5422 -43.1159 -25.8242 3.3425 -36.8722 -17.4673 -45.0303 -32.0912 33.0123 -48.1125 -28.5771 21.7551
-27.7512 -48.2485 32.0425 -32.1922 -44.4443 -17.8320 -36.9632 3.5696 -25.8242 -43.0685 23.2758 -29.0190 -48.5240 26.9986 -32.8343 -38.2285 -20.8798 -38.3137 9.5119 -26.7391 -45.1340 30.0366 -30.1612 -48.7597 -2.7068 -34.0622 -15.8948 -24.0536 -40.5824 16.2945 -27.8950 -47.1752 34.7129 -31.5947 -46.7469 -16.0434 -36.4806 1.8650 -25.7812 -43.0971 23.6139 -29.0065 -48.6371 26.6887 -33.3280 -35.9703 -21.2862 -39.8507 27.1814 -42.1563 30.6505 -42.1627 27.0259 -39.7162 -18.0155 -47.2933 -31.1039 1.3523 -32.2089 -48.7628 -2.7698 -44.1164 -25.8496 1.9645 -36.4788 -16.0369 -46.7512 -31.6311 34.7123 -47.1766 -27.8958 16.2945 -40.5824 -24.0536 -15.8948 -34.0622 -2.7068 -48.7597 -30.1612 30.0366 -45.1340 -26.7391 9.5119 -38.3137 -20.8798 -38.2285 -32.8343 26.9986 -48.5240 -29.0190 23.2758 -43.0685 -25.8242 3.5696 -36.9632 -17.8320 -44.4443 -32.1922 32.0425 -48.2485 -27.7512
-48.1194 30.6828 -32.2957 -43.6613 -18.3147 -37.1221 4.1723 -25.8643 -43.1159 23.2758 -28.9908 -48.4804 28.2297 -32.8323 -39.0916 -20.6064 -38.0871 8.6878 -26.6639 -44.9808 29.5660 -29.9360 -48.7757 0.5306 -33.8409 -17.9476 -23.8437 -40.3330 15.5874 -27.7616 -46.9747 34.5907 -31.5306 -47.3579 -14.9521 -36.2247 0.2819 -25.7010 -42.9748 23.2454 -28.7725 -48.5121 30.5339 -35.8855 -31.0104 -22.3588 -38.1512 14.5113 -37.4923 15.1665 -39.0465 15.0864 -37.3635 13.2093 -37.1904 2.6311 -47.9207 -22.9735 -49.1859 -12.8736 -44.2399 35.3152 -42.9361 -25.6467 0.2776 -36.1831 -15.4547 -47.1030 -31.5799 34.5915 -46.9765 -27.7622 15.5874 -40.3330 -23.8437 -17.9476 -33.8409 0.5306 -48.7757 -29.9360 29.5660 -44.9808 -26.6639 8.6878 -38.0871 -20.6064 -39.0916 -32.8323 28.2297 -48.4804 -28.9908 23.2758 -43.1159 -25.8643 4.1723 -37.1221 -18.3147 -43.6613 -32.2957 30.6828 -48.1194
17.5619 -31.9746 -42.7427 -18.8220 -37.3185 4.9850 -25.9345 -43.2439 23.5422 -29.0190 -48.4804 28.6401 -32.8310 -39.6159 -20.4097 -37.8966 7.9225 -26.6019 -44.8568 29.1850 -29.6940 -48.8238 4.6248 -33.7526 -19.7464 -23.6478 -40.0909 14.9009 -27.6079 -46.7426 34.3022 -31.5510 -47.3792 -25.1451 -34.7138 0.4062 -25.6481 -42.6452 23.0418 -29.6199 -47.8311 32.6908 -37.6969 26.4436 -17.0179 -35.3874 2.8436 -31.7887 -30.5758 -32.7647 -12.6224 -32.6671 -32.4853 -31.3860 -2.9766 -35.1512 30.9550 -42.3463 33.5885 -42.4889 28.8053 -39.2447 24.3396 -42.5892 -25.6040 -1.8676 -35.8238 -15.0147 -47.3241 -31.6151 34.2994 -46.7440 -27.6077 14.9010 -40.0904 -23.6478 -19.7464 -33.7526 4.6248 -48.8238 -29.6940 29.1850 -44.8568 -26.6019 7.9225 -37.8966 -20.4097 -39.6159 -32.8310 28.6401 -48.4804 -29.0190 23.5422 -43.2439 -25.9345 4.9850 -37.3185 -18.8220 -42.7427 -31.9746 17.5619
-32.6649 -41.7065 -19.3104 -37.5310 5.8665 -26.0232 -43.4245 24.0054 -29.0988 -48.5240 28.2297 -32.8310 -39.7959 -20.3033 -37.7685 7.3183 -26.5564 -44.7696 28.9201 -29.4537 -48.8538 9.3770 -33.8788 -21.2248 -23.4735 -39.8585 14.2474 -27.4344 -46.4675 33.7990 -31.5871 -47.5692 -27.3314 9.3391 -39.3365 27.9289 -41.9023 35.1811 -34.3543 -47.7866 3.2600 -36.4357 23.2022 -44.4154 -23.3747 -48.4489 -23.3491 -48.0614 -20.6411 -49.0387 -22.9893 -49.0163 -20.2217 -47.7372 -24.2708 -42.6320 -31.9490 9.4950 -36.2598 13.4196 -36.3692 -0.3112 -33.7790 21.7640 -42.8737 -25.5103 -4.5079 -35.4099 -14.8511 -47.3937 -31.7621 33.7929 -46.4487 -27.4412 14.2468 -39.8568 -23.4739 -21.2248 -33.8788 9.3770 -48.8538 -29.4537 28.9201 -44.7696 -26.5564 7.3183 -37.7685 -20.3033 -39.7959 -32.8310 28.2297 -48.5240 -29.0988 24.0054 -43.4245 -26.0232 5.8665 -37.5310 -19.3104 -41.7065 -32.6649
-42.0150 -19.7668 -37.7448 6.7322 -26.1219 -43.6347 24.6024 -29.2172 -48.5956 26.9986 -32.8323 -39.6159 -20.3033 -37.7237 6.9799 -26.5279 -44.7126 28.7632 -29.2303 -48.8424 14.0563 -34.0995 -22.2893 -23.3324 -39.6306 13.6061 -27.2614 -46.1725 33.0904 -31.8469 -47.8731 -20.2906 -48.5701 -34.9663 15.3478 -40.1283 35.8610 -48.4091 -22.5473 -38.2661 -32.0754 5.5185 -39.3311 29.0869 -43.4835 28.9997 -41.7034 35.2146 -42.2070 34.5008 -43.0942 34.5141 -42.2439 35.1875 -41.3964 -9.5655 -48.4368 -25.1720 -45.6328 -28.5024 -44.9447 -26.8545 -48.7160 -28.8970 24.3156 -42.2726 -26.3051 -7.7713 -35.0124 -14.9869 -47.3338 -31.8474 34.6065 -45.4785 -27.3119 13.6020 -39.6284 -23.3328 -22.2893 -34.0995 14.0563 -48.8424 -29.2303 28.7632 -44.7126 -26.5279 6.9799 -37.7237 -20.3033 -39.6159 -32.8323 26.9986 -48.5956 -29.2172 24.6024 -43.6347 -26.1219 6.7322 -37.7448 -19.7668 -42.0150
-19.1693 -37.9569 7.5458 -26.2248 -43.8578 25.2780 -29.3568 -48.6771 24.9685 -32.8343 -39.0916 -20.4097 -37.7685 6.9799 -26.5178 -44.6828 28.6798 -29.0569 -48.8086 17.9812 -34.3216 -22.8608 -23.2353 -39.4071 12.9574 -27.1054 -45.8723 32.1877 -32.2186 -47.4500 -13.8881 -42.7980 -21.3529 -33.6023 -35.3338 17.0100 -42.1193 -1.7166 -48.5995 -24.8090 -45.5911 -31.9076 1.8812 -36.8702 15.0089 -36.1495 11.5211 -36.0467 12.8408 -36.8476 15.3213 -37.0422 13.5384 -36.4739 13.9088 -36.9975 33.0858 -42.3580 4.1253 -45.2173 -6.4378 -44.6435 7.8422 -46.0372 21.6249 -37.6328 -47.8043 -26.6129 -9.8997 -34.6469 -16.3044 -47.9310 -37.9580 -2.4513 -44.7795 -27.1799 12.9611 -39.4058 -23.2354 -22.8608 -34.3216 17.9812 -48.8086 -29.0569 28.6798 -44.6828 -26.5178 6.9799 -37.7685 -20.4097 -39.0916 -32.8343 24.9685 -48.6771 -29.3568 25.2780 -43.8578 -26.2248 7.5458 -37.9569 -19.1693
-38.8477 8.3133 -26.3297 -44.0841 25.9801 -29.4999 -48.7472 22.2204 -32.8496 -38.2285 -20.6064 -37.8966 7.3183 -26.5279 -44.6828 28.6560 -28.9667 -48.7758 20.6812 -34.5203 -22.9681 -23.1920 -39.1961 12.3215 -26.9621 -45.5544 32.5860 -31.9618 -47.3138 -15.6088 -37.7689 35.0358 -46.7444 -25.8805 -31.7576 -36.0428 23.0044 -42.6830 22.1011 -46.2541 -17.5721 -48.9428 -27.7781 -41.6332 -29.3780 -43.2553 -28.4601 -44.6840 -29.2800 -39.3910 -30.2373 -37.3933 -30.0213 -41.6478 -30.0940 -26.7137 -33.1082 12.1002 -36.4113 22.4574 -38.6033 23.3741 -38.3369 24.4052 -39.3734 11.0307 -24.2662 -46.4337 -25.3640 -20.8344 -33.9614 10.4613 -31.3898 -45.3475 -8.3493 -45.1255 -26.9897 12.3298 -39.1956 -23.1921 -22.9681 -34.5203 20.6812 -48.7758 -28.9667 28.6560 -44.6828 -26.5279 7.3183 -37.8966 -20.6064 -38.2285 -32.8496 22.2204 -48.7472 -29.4999 25.9801 -44.0841 -26.3297 8.3133 -38.8477
8.6772 -26.4188 -44.3109 26.6965 -29.6413 -48.7959 18.9450 -32.8758 -37.0322 -20.8798 -38.0871 7.9225 -26.5564 -44.7126 28.6798 -28.9667 -48.7632 21.9686 -34.6519 -22.8273 -23.1927 -39.0148 11.7395 -26.8369 -45.2782 32.1643 -39.0139 -24.8682 -0.8529 -35.0680 12.7339 -40.1502 31.7111 -47.9592 -26.6343 -26.5053 -35.9233 18.6724 -40.1121 32.7608 -42.6829 14.5018 -46.1641 -12.8937 -46.2700 -10.3711 -45.4647 -10.6409 -46.5815 -15.6472 -47.4010 -16.9661 -47.3620 -15.2738 -46.8537 -19.3595 -49.1065 -26.7318 -39.5413 -31.2958 -14.3828 -32.9681 -12.6400 -32.9240 -15.0171 -28.9864 -48.5240 18.6999 -42.9912 -20.7208 -47.5049 -28.8547 -44.6754 -23.1474 -44.6043 36.0750 -45.1794 -26.8331 11.7406 -39.0147 -23.1927 -22.8273 -34.6519 21.9686 -48.7632 -28.9667 28.6798 -44.7126 -26.5564 7.9225 -38.0871 -20.8798 -37.0322 -32.8758 18.9450 -48.7959 -29.6413 26.6965 -44.3109 -26.4188 8.6772
-24.9206 -44.5372 27.4184 -29.7817 -48.8226 15.4106 -32.9064 -35.5819 -21.2020 -38.3137 8.6878 -26.6019 -44.7696 28.7632 -29.0569 -48.7758 21.9686 -34.6959 -22.6938 -23.2087 -38.8813 11.2595 -26.7478 -45.0945 30.3302 -38.2466 34.4753 -49.4817 -28.5255 -36.0824 -33.9623 14.5711 -40.9764 25.8949 -47.8003 -25.3763 -39.5108 -33.1573 5.7755 -37.1431 18.4060 -39.2510 27.4020 -39.8368 27.6370 -39.2654 26.8943 -39.9370 30.6634 -40.9261 33.2797 -41.3421 33.3218 -40.9618 31.8871 -40.6821 34.8465 -43.6873 -11.3440 -47.4618 -20.5128 -48.8461 -22.1080 -48.9153 -21.0345 -47.6047 21.3022 -41.2199 25.7201 -39.4651 19.1844 -45.6498 -8.6929 -45.4195 33.2856 -38.7423 30.6542 -45.0862 -26.7491 11.2594 -38.8812 -23.2087 -22.6938 -34.6945 21.9686 -48.7758 -29.0569 28.7632 -44.7696 -26.6019 8.6878 -38.3137 -21.2020 -35.5819 -32.9064 15.4106 -48.8226 -29.7817 27.4184 -44.5372 -24.9206
-44.7782 28.1384 -29.9180 -48.8261 11.7632 -32.9477 -33.9145 -21.5360 -38.5600 9.5119 -26.6639 -44.8568 28.9201 -29.2303 -48.8086 20.6812 -34.6519 -22.6938 -23.2168 -38.8123 10.9410 -26.6919 -44.9706 29.1987 -36.2921 10.1520 -39.8951 12.0691 -47.3998 -23.2475 -44.1827 -34.0431 15.8190 -40.6514 34.7495 -46.0384 -19.5575 -48.8572 -28.2429 -35.8108 -32.5154 -4.9465 -34.1873 0.1043 -34.1481 -1.1331 -34.5927 4.1978 -35.5262 8.5886 -36.0920 10.0879 -36.0983 8.7361 -35.5359 8.0290 -35.6370 17.5337 -38.0936 30.2031 -41.1619 35.3697 -42.3404 35.3585 -42.2895 33.4036 -39.9588 15.9518 -36.1071 6.8380 -35.4618 21.2651 -38.6972 22.6066 -37.8772 5.2656 -35.8143 29.1440 -44.9792 -26.6927 10.9409 -38.8123 -23.2132 -22.7009 -34.6504 20.6812 -48.8086 -29.2303 28.9201 -44.8568 -26.6639 9.5119 -38.5600 -21.5360 -33.9145 -32.9477 11.7632 -48.8261 -29.9180 28.1384 -44.7782
28.5214 -29.8370 -48.8019 8.1120 -32.9914 -32.0279 -21.8721 -38.8067 10.3376 -26.7391 -44.9808 29.1850 -29.4537 -48.8424 17.9812 -34.5203 -22.8273 -23.2087 -38.8123 10.8310 -26.6614 -44.9068 28.7838 -34.4259 -22.7777 -34.6069 13.1460 -39.9973 35.7776 -45.4998 -21.6830 -44.1686 -33.2747 11.2555 -39.1472 30.7548 -42.4169 11.9288 -46.4745 -18.6326 -48.9052 -23.6973 -49.0920 -24.6853 -48.9912 -25.3253 -48.4098 -26.9553 -46.5473 -28.3168 -44.4117 -28.7642 -44.5625 -28.1746 -46.7034 -27.5822 -45.7089 -29.8609 -20.2888 -33.3279 6.2391 -35.4519 11.9408 -36.2671 12.0911 -35.9324 3.2330 -32.7288 -40.5128 -28.8084 -43.4234 -30.8141 -14.4524 -33.0691 -23.2640 -31.8221 -33.5071 -33.8743 28.8074 -44.9102 -26.6603 10.8446 -38.8160 -23.2047 -22.8342 -34.5203 17.9812 -48.8424 -29.4537 29.1850 -44.9808 -26.7391 10.3376 -38.8067 -21.8721 -32.0279 -32.9914 8.1120 -48.8019 -29.8370 28.5214
-29.4343 -48.7601 4.6809 -33.0309 -29.9437 -22.2056 -39.0435 11.1134 -26.8252 -45.1340 29.5660 -29.6940 -48.8538 14.0563 -34.3216 -22.9681 -23.1927 -38.8812 10.9410 -26.6613 -44.8879 28.7157 -33.0333 -42.3245 -28.9497 -41.6034 -33.6009 11.1709 -39.4529 34.2891 -45.1016 -19.5541 -47.9748 -30.8468 -3.3190 -36.1202 16.8508 -39.0406 30.5300 -41.7582 34.8929 -43.3470 26.8566 -43.7874 20.2362 -44.2602 3.5853 -45.3617 -8.9406 -46.3144 -12.6222 -46.5453 -11.9331 -45.9594 -6.5666 -44.9783 -7.2543 -46.2201 -19.3077 -49.0266 -24.9553 -47.7896 -27.7187 -44.5589 -28.3255 -46.0485 -26.3499 -49.0779 -19.1455 -46.5709 -13.9508 -47.6297 -22.1732 -48.7646 -24.6258 -48.7531 -26.1442 -44.2487 -32.8099 28.7254 -44.8822 -26.6570 10.9675 -38.8867 -23.1920 -22.9748 -34.3216 14.0563 -48.8538 -29.6940 29.5660 -45.1340 -26.8252 11.1134 -39.0435 -22.2056 -29.9437 -33.0309 4.6809 -48.7601 -29.4343
-48.7368 1.5274 -33.0918 -27.6689 -22.5297 -39.2736 11.8382 -26.9209 -45.3094 30.0366 -29.9360 -48.8238 9.3770 -34.0995 -22.8608 -23.1920 -39.0143 11.2594 -26.6923 -44.9098 28.7241 -32.5968 -46.1193 -23.9919 -48.5464 -24.3869 -45.4333 -32.8365 7.6361 -39.1320 31.2664 -43.4326 -9.8941 -48.5488 -25.9990 -43.2497 -31.7715 -2.7572 -35.4437 11.8742 -37.2982 17.7469 -38.3071 20.9451 -39.1204 24.4499 -39.7481 28.5707 -40.5442 31.1285 -40.8590 31.3908 -40.5774 29.2595 -39.7473 25.9561 -39.0766 28.0145 -40.3308 35.3031 -42.7547 13.9023 -44.6163 -5.9850 -45.3112 -4.2089 -44.6511 27.0357 -42.4014 33.5051 -40.6713 35.8425 -43.8691 -15.5671 -46.6654 -14.2365 -47.5479 -22.7538 -46.5203 -32.5057 28.7676 -44.9129 -26.6866 11.2846 -39.0213 -23.1910 -22.8671 -34.0995 9.3770 -48.8238 -29.9360 30.0366 -45.3094 -26.9209 11.8382 -39.2736 -22.5297 -27.6689 -33.0918 1.5274 -48.7368
-7.3722 -33.2871 -25.2353 -22.8436 -39.5008 12.5279 -27.0239 -45.5006 30.5825 -30.1612 -48.7757 4.6248 -33.8788 -22.2893 -23.2353 -39.1949 11.7437 -26.7484 -44.9764 28.7905 -32.8768 -46.3107 -22.0167 -46.9894 -8.8076 -46.9232 -21.3763 -47.2431 -32.0134 3.2860 -38.1287 23.8643 -41.1317 33.0771 -45.2379 -15.5013 -48.7152 -25.2711 -46.6719 -29.5342 -33.2545 -32.1949 -14.2528 -33.9110 -1.5029 -35.1572 5.2821 -35.9729 8.5729 -36.3085 9.3693 -36.1440 7.8425 -35.5126 3.5828 -34.5672 -1.8480 -34.1234 4.0251 -35.0560 13.6844 -36.5693 20.7392 -38.0687 23.9882 -38.4822 22.0352 -37.9670 15.3213 -36.7007 13.4175 -38.0294 17.8862 -48.9476 -19.0278 -45.1664 -0.4452 -46.5080 -21.5350 -46.6130 -33.0325 28.8101 -44.9717 -26.7422 11.7755 -39.2037 -23.2344 -22.2892 -33.8788 4.6248 -48.7757 -30.1612 30.5825 -45.5006 -27.0239 12.5279 -39.5008 -22.8436 -25.2353 -33.2871 -7.3722
-34.7988 -22.6752 -23.1442 -39.7288 13.1969 -27.1326 -45.7013 31.1684 -30.3588 -48.7597 0.5306 -33.7526 -21.2248 -23.3328 -39.4043 12.3465 -26.8328 -45.0651 29.1528 -34.0786 -43.8343 -23.0806 -46.7257 12.5564 -43.9460 29.9692 -45.6837 -18.5394 -48.4726 -30.4457 -11.5544 -35.8978 13.8895 -39.0230 27.5896 -41.3775 33.8075 -44.5097 -8.8087 -47.2946 -19.8059 -48.8675 -24.0121 -48.6356 -26.6999 -46.9001 -28.4634 -43.9279 -29.3920 -42.2059 -29.4366 -43.4374 -28.6048 -46.3903 -26.9972 -48.4407 -25.2001 -49.0323 -25.3610 -48.1519 -27.9847 -39.9278 -30.7614 -22.4176 -32.2849 -15.2540 -32.2363 -26.3318 -30.6726 -40.9711 -29.6040 -41.9247 30.4431 -33.8938 -47.3422 -11.5342 -43.8947 10.3402 -46.7624 -24.6629 -39.9421 -35.2232 29.9344 -45.0389 -26.8234 12.3611 -39.4112 -23.3322 -21.2248 -33.7526 0.5306 -48.7597 -30.3588 31.1684 -45.7013 -27.1326 13.1969 -39.7288 -23.1442 -22.6752 -34.7988
-23.1663 -23.4242 -39.9545 13.8593 -27.2453 -45.9073 31.7675 -30.5326 -48.7493 -2.7068 -33.8409 -19.7464 -23.4742 -39.6261 13.0002 -27.0473 -45.1626 31.2402 -36.1973 -28.8707 -27.0611 -47.8106 3.5305 -43.5018 34.1479 -41.9223 35.9657 -44.5688 -13.0975 -48.6864 -27.0180 -40.7695 -32.5127 -2.2981 -35.9491 13.2032 -38.4663 24.4584 -40.4185 34.5028 -42.7129 30.6893 -44.3080 3.3788 -45.7758 -11.3044 -47.0487 -15.8071 -47.6131 -16.8857 -47.5506 -15.5256 -46.8557 -10.6711 -45.4917 3.6146 -44.0849 22.8903 -43.4227 13.0940 -44.5806 -11.2281 -46.7881 -18.3163 -48.1466 -20.2128 -48.2968 -18.9318 -47.3806 -14.3821 -46.1437 -6.3909 -39.7452 3.6485 -26.2746 -45.9223 33.0567 -43.7045 -15.4317 -48.5096 -32.4195 6.8979 -38.6552 34.1093 -45.1584 -26.9397 12.9800 -39.6319 -23.4735 -19.7464 -33.8409 -2.7068 -48.7493 -30.5326 31.7675 -45.9073 -27.2453 13.8593 -39.9545 -23.4242 -23.1663
-21.8926 -40.1780 14.5085 -27.3610 -46.1146 32.3577 -30.6927 -48.7028 -5.2266 -34.0622 -17.9476 -23.6480 -39.8553 13.6327 -27.3082 -45.8067 35.3993 -39.3517 9.0848 -33.1666 -48.0281 -17.6629 -44.4309 35.8473 -41.4082 26.5216 -41.4107 34.9773 -43.1040 9.6500 -47.0807 -20.3299 -48.8039 -27.3076 -42.9223 -31.5212 -11.4323 -34.8640 8.7134 -37.3117 17.4258 -39.1442 24.7753 -40.1961 31.0290 -41.4795 34.6224 -42.2344 35.5708 -42.3849 35.3906 -41.9569 33.7811 -41.1193 31.3488 -40.7884 28.8297 -39.5311 21.0633 -38.0289 21.6119 -38.3640 27.5515 -39.9722 32.3198 -40.8744 33.4357 -40.8024 31.3167 -39.9983 27.0711 -38.4384 9.9702 -31.2191 -48.7222 10.8629 -41.9516 2.0609 -48.5212 -30.6092 6.1384 -39.5394 31.2034 -42.2167 34.7655 -45.4726 -27.0887 13.6142 -39.8586 -23.6478 -17.9476 -34.0622 -5.2266 -48.7028 -30.6927 32.3577 -46.1146 -27.3610 14.5085 -40.1780 -21.8926
-40.8276 15.1464 -27.4787 -46.3219 32.9181 -30.8413 -48.6199 -7.2464 -34.3044 -15.8948 -23.8436 -40.0900 14.2465 -27.4309 -45.7145 -13.5142 -45.5892 35.0224 -38.9365 -2.1644 -29.6305 -48.4257 -4.7771 -42.5463 32.9480 -41.4328 35.7176 -42.8805 33.2761 -41.6268 35.9271 -43.8465 4.6796 -46.5307 -17.7276 -48.7847 -25.0395 -47.2381 -29.5368 -31.9210 -32.9942 -3.0857 -35.3289 7.7826 -36.7815 12.7758 -37.6916 15.3466 -38.0510 15.8134 -37.9199 14.5462 -37.8322 15.2859 -39.5805 34.2194 -40.6670 20.2810 -37.2437 -2.6903 -33.5105 -14.2632 -33.0687 -1.9630 -33.9741 4.0463 -34.6198 5.5793 -36.2099 10.2486 -37.0651 1.7369 -32.4699 -48.2771 -16.0316 -43.1287 15.1206 -47.4261 -28.5797 -0.8381 -38.8908 35.0593 -45.7773 -9.1517 -39.1485 32.5758 -45.8680 -27.2554 14.2486 -40.0909 -23.8437 -15.8948 -34.3044 -7.2464 -48.6199 -30.8413 32.9181 -46.3219 -27.4787 15.1464 -40.8276
15.7792 -27.5223 -46.5270 33.4340 -30.9821 -48.5005 -8.9175 -34.5590 -13.6779 -24.0536 -40.3330 14.8955 -27.4967 -45.8653 -15.5847 -46.0761 -22.5348 -45.4991 27.2204 -36.8166 -23.6231 -28.2688 -48.2628 -6.3738 -43.4249 10.3470 -47.0827 -16.4775 -42.4335 24.4843 -39.7105 24.7626 -40.5940 33.9875 -42.7041 29.0425 -44.9893 -10.2433 -47.6710 -21.2742 -48.9690 -26.3160 -46.4372 -29.2791 -38.5360 -31.2424 -28.1230 -32.2754 -22.4963 -32.4870 -23.6377 -32.5998 -15.0392 -34.9238 25.1026 -48.5700 -3.0217 -40.7470 13.1561 -33.2770 -47.7819 -24.1928 -48.7648 -22.8801 -49.1712 -24.5660 -48.7919 -28.6313 -20.5147 -37.8285 10.6676 -35.4793 -38.7683 -25.6375 -47.2742 -11.9686 -47.3738 -26.7390 -16.8576 -37.7190 32.2346 -45.8082 -22.8118 -47.4429 18.8891 -33.6437 32.2978 -46.1604 -27.4329 14.9009 -40.3330 -24.0536 -13.6779 -34.5590 -8.9175 -48.5005 -30.9821 33.4340 -46.5270 -27.5223 15.7792
-26.3703 -46.7279 33.8863 -31.1204 -48.3416 -10.3209 -34.8188 -11.4262 -24.2700 -40.5824 15.5874 -27.6102 -46.4347 31.8480 30.2801 -33.3535 -45.2625 -10.9017 -41.0067 18.5575 -36.5582 -9.2422 -29.7554 -48.7502 -18.3012 -48.6501 -28.8120 -24.7908 21.6176 -38.2060 8.7811 -36.1827 10.4100 -37.7144 18.1693 -39.4109 27.3138 -41.0622 35.6650 -43.3615 16.9149 -45.5408 -11.7500 -47.4681 -18.8518 -48.5983 -21.7507 -48.9512 -22.7869 -48.9893 -22.8334 -48.9980 -24.0759 -48.9679 -18.8225 -30.7636 -48.6547 21.5180 -38.1572 -18.3699 -24.4193 -45.6213 28.7884 -42.2602 34.3750 -42.6373 26.0486 -43.3407 -0.6899 33.9463 -40.6623 10.5792 -33.4923 -45.0171 -26.4633 -48.7139 -27.7467 -30.7021 -36.4023 26.2294 -43.8423 -20.3726 -41.2717 -33.2601 -0.4017 -47.6094 -32.1608 33.0637 -46.4689 -27.6077 15.5874 -40.5824 -24.2700 -11.4262 -34.8188 -10.3209 -48.3416 -31.1204 33.8863 -46.7279 -26.3703
-46.7724 34.2410 -31.2515 -48.1379 -11.5357 -35.0787 -9.2324 -24.4834 -40.8317 16.2945 -27.7622 -46.7431 33.8268 -30.2283 -46.2657 17.5685 -28.5526 -46.3403 34.1183 -41.1990 26.8453 -38.3497 4.7689 -31.0313 -48.2260 -29.0922 6.1321 -40.7816 -26.0096 -24.6060 -30.6013 -41.6762 -30.8212 -26.5670 -33.4676 0.0136 -35.8565 11.5839 -37.9626 20.2600 -39.6031 28.8911 -41.1756 35.0390 -42.6436 34.6053 -43.5236 30.0821 -43.8560 28.1737 -43.8307 27.4496 -44.0151 25.6596 -42.1249 8.2765 -25.5843 -44.7692 20.2595 -32.2877 -48.8174 26.4391 -39.8776 18.3049 -36.9250 14.0525 -36.2181 14.9575 -31.8613 -49.3617 35.0998 -38.6338 1.6075 -34.0966 -20.5667 -32.7730 -18.1970 -35.8568 20.4769 -42.0570 -13.9883 -47.9671 -33.0321 12.1030 -38.2075 -13.7382 -47.5022 -31.9215 33.7925 -46.7448 -27.7622 16.2945 -40.8317 -24.4834 -9.2324 -35.0787 -11.5357 -48.1379 -31.2515 34.2410 -46.7724
31.0408 -31.0652 -47.8885 -12.6154 -35.3363 -7.1620 -24.6889 -41.0757 17.0002 -27.8958 -46.9765 34.3002 -31.7212 -47.8663 23.0567 -34.3934 -47.6301 -15.0494 -46.9253 -13.9257 -45.3451 35.6896 -39.2700 5.5772 -31.9984 -38.0201 -36.1728 32.1857 -48.2341 -19.7932 -47.8781 -18.1865 -48.3566 -22.7574 -48.6967 -27.5425 -44.1332 -30.8610 -22.8690 -33.7652 2.2394 -35.8906 11.0227 -37.3330 16.1472 -38.2890 19.3731 -38.7591 20.7819 -38.8588 20.8643 -38.7503 20.4373 -37.9355 12.9135 -31.1857 -48.9403 33.8335 -37.4529 -32.2442 -19.4295 -42.3748 18.2753 -35.0283 -29.4054 -30.0741 -42.6673 -28.0519 -48.1433 -8.7838 -40.8583 16.1198 -37.8977 13.6439 -37.9061 12.2635 -37.4878 17.3306 -40.7832 2.8076 -48.7557 -31.3545 7.9755 -39.8329 33.7130 -41.6697 -13.8343 -47.5598 -31.7116 34.3005 -46.9769 -27.8958 17.0002 -41.0757 -24.6889 -7.1620 -35.3363 -12.6154 -47.8885 -31.0652 31.0408
-31.1787 -47.5913 -13.5722 -35.5900 -5.2414 -24.8833 -41.3173 17.6920 -28.0182 -47.1766 34.5916 -31.6090 -47.4046 -14.6088 -35.4055 -23.9627 -23.0656 -48.0203 -28.3165 -40.3474 -26.1189 -47.7999 35.1860 -38.5589 -5.3117 -33.4757 3.1337 -39.6290 35.2868 -43.0091 35.1906 -42.7256 32.3410 -44.4650 -10.5521 -47.6636 -21.7840 -48.4427 -23.7393 -48.6441 -27.1653 -44.8839 -29.9196 -33.9577 -31.9015 -19.6571 -33.0523 -11.2166 -33.4928 -9.4836 -33.4394 -11.6370 -32.8324 -24.9967 -29.4450 -48.7626 -2.7831 -39.9188 7.7566 -28.2892 -46.7079 31.9728 -36.7457 -33.7519 -25.4517 -47.6182 -13.2357 -45.3959 15.8044 -40.5354 20.9912 -39.3661 27.0293 -41.6066 34.3060 -41.0242 24.8908 -40.8556 31.4427 -47.8761 -28.5656 -1.5485 -39.0547 34.7870 -46.1670 -16.6412 -36.8228 -13.7172 -47.4503 -31.6018 34.5916 -47.1766 -28.0182 17.6920 -41.3173 -24.8833 -5.2414 -35.5900 -13.5722 -47.5913 -31.1787
-47.7004 -14.4325 -35.8367 -3.4800 -25.0646 -41.5560 18.3794 -28.1369 -47.3587 34.7123 -31.5763 -47.3351 -14.0685 -35.6995 -1.9682 -27.7540 -46.2051 -22.3474 17.6326 -36.9283 -1.3701 -27.7723 -46.6924 31.1310 -36.5626 -20.3917 -36.0721 25.1977 -44.4670 26.2327 -41.3836 29.2721 -40.9154 36.0929 -45.7376 -24.1032 -48.7596 -20.5484 -45.6669 -5.7875 -45.8121 -13.6436 -47.6101 -19.5302 -48.7073 -22.3512 -49.0565 -23.5899 -49.0894 -23.8191 -49.0291 -23.5374 -48.6651 -23.2007 -48.2166 -9.7697 -40.7599 16.4821 -32.1568 -48.9827 19.4260 -39.1641 0.3121 -27.5216 -46.9767 32.5260 -40.5192 26.3892 -38.4418 16.5758 -39.3141 33.4643 -44.7295 -12.9931 -47.5878 12.2123 -42.3919 35.7830 -46.4726 -24.9876 -30.8820 -36.8711 26.3667 -44.6334 -23.2208 -23.3201 -47.3637 -33.5773 -14.6419 -47.3301 -31.5799 34.7123 -47.3587 -28.1369 18.3794 -41.5560 -25.0646 -3.4800 -35.8367 -14.4325 -47.7004
-15.6158 -36.0745 -1.8855 -25.2316 -41.7918 19.0622 -28.2552 -47.5303 34.6858 -31.6302 -47.1048 -13.9029 -38.1225 15.7191 -34.2055 -48.3221 -9.1844 -41.3528 -44.7569 34.0480 -38.3655 -14.9595 -22.3135 -42.5398 15.7428 -35.1802 5.3301 -40.4313 -22.4240 -48.9973 -4.4745 -41.0155 25.4100 -42.0962 -16.6100 -2.0299 -32.5916 -45.4695 -18.8722 -42.9392 35.9366 -41.6679 35.4059 -42.4417 34.9974 -43.2214 31.0099 -43.6140 27.9267 -43.6899 24.6732 -44.1387 -7.0649 -47.7245 -23.7772 -47.3390 29.6934 -33.6220 -45.9474 -14.6986 -41.1158 13.9339 -31.2067 -48.7041 24.5403 -39.7103 14.2616 -35.9428 3.6538 -37.7693 29.8278 -45.5045 -23.2198 -44.1151 -28.2891 -48.6237 8.7006 -44.6455 -20.9228 -42.7223 -34.5154 14.6939 -41.1238 -4.3160 -47.6606 -33.3817 -16.6096 -3.8948 -35.4680 -15.0134 -47.1022 -31.6331 34.6858 -47.5303 -28.2552 19.0622 -41.7918 -25.2316 -1.8855 -36.0745 -15.6158
-37.2085 -0.4440 -25.3821 -42.0277 19.7411 -28.3748 -47.6950 34.5060 -31.7274 -46.7501 -14.5234 -38.4784 35.3170 -41.1616 11.8346 -29.6898 -46.9667 34.8050 -31.0838 -49.2683 33.8143 -34.5828 -48.5719 15.9395 -38.2904 -7.8896 -31.8145 -43.1058 20.8527 -31.7994 -49.0714 29.2594 -39.7123 17.4708 -34.0018 -45.7243 26.1600 -33.3063 -48.4071 -2.8041 -41.0107 24.1365 -39.4575 17.9656 -38.3010 17.7983 -38.1577 19.2611 -38.6071 22.0447 -40.0702 35.5741 -45.6331 -25.1429 -3.7193 -37.2411 -22.5252 -48.9614 -16.3324 -42.3295 20.8511 -33.5901 -47.7249 -10.5779 -40.7168 14.6546 -33.9424 -34.3328 -34.6236 16.6422 -42.6392 -20.8865 -33.3162 -35.6338 17.6557 -22.8399 -46.0222 -10.8570 -48.1303 -33.4273 8.2378 -39.5138 34.7805 -46.0372 -26.9212 6.6642 -41.1037 -25.3769 -4.3948 -35.8456 -15.4551 -46.7494 -31.7280 34.5060 -47.6950 -28.3748 19.7411 -42.0277 -25.3821 -0.4440 -37.2085
-0.3835 -25.5304 -42.2607 20.4258 -28.4967 -47.8527 34.1512 -31.8423 -46.2927 -15.6227 -37.6335 11.3215 -48.1154 31.4975 -38.6878 -24.2205 -17.8438 -40.7787 2.7085 -22.8705 -42.1408 10.4369 -27.4030 -45.0847 24.5226 -34.3565 -47.4786 -20.8363 -41.2108 6.0872 -26.1640 -44.8960 25.2491 -36.8202 -19.1966 -17.8227 -41.1063 10.3067 -29.3732 -47.3389 35.9155 -40.5873 26.7996 -37.3157 -4.5731 -33.3097 -18.5563 -33.2255 -6.1758 -35.9412 15.3342 -40.7621 1.6070 -48.5085 -33.4045 20.0801 -44.2013 28.7034 -41.0649 20.4211 -34.4077 -43.1459 -19.3318 -42.6254 20.8523 -34.2786 -43.6988 -29.5216 -12.3460 -38.3430 16.1421 -48.6027 -34.2201 31.0565 -48.6834 -34.3283 35.6236 -46.8731 -25.8994 13.9691 -39.2107 25.2434 -43.0677 -14.2540 -47.4255 -34.5451 23.1015 -42.8988 -25.5213 -1.6493 -36.2043 -16.0298 -46.2896 -31.8423 34.1512 -47.8527 -28.4967 20.4258 -42.2607 -25.5304 -0.3835
-23.7533 -42.4905 21.1081 -28.6214 -48.0038 33.5947 -31.9622 -45.7393 -16.6546 -36.5150 5.6480 12.4655 -29.4258 -47.0475 24.8689 -31.3092 -47.2691 29.6095 -33.5509 -49.0677 35.2892 -36.0629 -44.5443 -9.9037 -39.6853 2.2104 -27.0405 -46.2350 30.7047 -35.4778 -47.0797 -3.7739 -39.5945 5.1495 -30.2599 -47.6986 35.7674 -37.8435 -24.3881 -22.1704 -44.0242 28.3095 -46.4399 8.9409 -29.8500 -48.7218 -24.2184 -48.7586 -28.0506 -32.3300 -36.1507 23.9173 -43.8870 -20.5404 -40.7029 -34.5061 15.9955 -37.1716 10.3968 -32.9244 -44.3376 -20.9915 -44.0104 26.5376 -35.7001 -38.7100 -25.1751 -48.6149 -33.3676 22.5567 -44.8631 -26.5306 7.4175 -41.3256 -19.5913 -1.0681 -39.0262 29.8997 -39.5538 -40.4337 30.4172 -41.7694 27.8571 -48.2467 -29.7013 3.2446 -39.3981 34.9646 -43.9977 -26.7941 0.3574 -36.4860 -16.6557 -45.7381 -31.9622 33.5947 -48.0038 -28.6214 21.1081 -42.4905 -23.7533
-42.9158 21.7875 -28.7484 -48.1482 32.8001 -32.0817 -45.0907 -17.2639 -36.7260 1.9023 -25.7598 -39.9312 -25.7722 -12.4592 -37.3136 -35.7412 -12.1968 -38.4597 -12.1996 -21.9326 -42.1527 12.8954 -29.3793 -46.5932 30.5483 -35.2932 -47.2032 -8.4216 -40.1909 6.3254 -27.5902 -45.4643 27.6058 -35.6803 -41.9139 -23.8414 -44.4738 23.6797 -33.8795 -48.6854 -10.6153 -47.9278 -28.6608 21.7076 -45.6083 11.2414 -43.8552 -2.6649 -47.6308 -27.3259 -12.8888 -38.1896 33.0090 -45.8591 -21.8839 -46.3846 -29.9542 -35.8705 -28.4306 -48.8988 -17.0228 -43.6089 27.9887 -36.5195 -27.9624 -25.0731 -46.9375 -24.4203 -13.8375 -38.4196 10.5818 -48.3137 -34.8433 28.5685 -46.4014 -28.0195 -6.8051 -35.4617 5.7723 -20.8303 -44.6650 36.2081 -45.2913 -23.3572 -31.3945 -37.1482 27.2082 -43.7436 -16.8106 -48.3087 -28.0151 1.9013 -36.7256 -17.2650 -45.0907 -32.0817 32.8001 -48.1482 -28.7484 21.7875 -42.9158
22.5956 -28.7335 -48.2832 31.7283 -32.2007 -44.3368 -17.8473 -36.9510 3.1564 -25.7797 -42.9179 17.0024 -26.5419 -43.1830 13.7876 -26.8950 -43.8701 20.0175 -32.3528 -48.6449 35.4760 -36.9702 -37.9538 -16.9240 -41.0726 9.3300 -28.4549 -46.1879 30.4435 -35.6032 -46.3658 -8.4597 -40.0110 8.1153 -33.6452 -35.8446 -14.4606 -40.4659 3.6402 -25.9268 -45.7420 -17.3386 -41.9673 -35.7640 21.6458 -39.1363 26.9123 -41.1150 15.7653 -48.2339 -29.4405 2.1041 -39.0646 33.3087 -44.2699 -10.3313 -47.6028 -16.7170 -46.4713 14.9472 -41.4545 23.5933 -36.0427 -25.6059 -25.7757 -46.2218 -5.4998 -48.5702 -32.4805 19.0267 -43.5771 -23.7358 -11.2736 -38.6782 35.1107 -47.8459 -24.9285 -46.8057 -25.9479 -47.6612 33.6286 -43.1938 -12.5803 -48.1144 -33.5601 15.8806 -42.0738 -17.6637 -38.8301 -32.4584 -48.7377 -27.2837 3.1524 -36.9510 -17.8473 -44.3368 -32.2007 31.7283 -48.2832 -28.7335 22.5956
-27.9556 -48.4056 30.3497 -32.3165 -43.4770 -18.4042 -37.1691 4.2578 -25.8618 -43.0938 23.0743 -28.7129 -47.4515 30.5577 -32.2534 -48.9449 32.2938 -37.8798 -21.8295 -22.1772 -42.8692 16.6603 -31.4122 -48.2061 35.4292 -36.6012 -40.9581 -15.6738 -40.9453 9.1605 -28.4902 -46.1125 30.0715 -37.8822 12.2519 -33.7917 -47.5224 27.8804 -33.5921 -48.6646 -3.1351 -44.8166 -23.0423 -39.2878 -33.0924 2.0488 -37.1237 20.2607 -41.1088 1.1867 -48.6384 -30.2066 1.1733 -37.8241 23.6296 -40.5873 33.2610 -41.1980 29.2847 -38.7427 14.1243 -34.0383 -37.3204 -24.7760 -46.3461 26.2192 -44.2880 -23.4292 -26.0155 -37.6848 35.7406 -47.9717 -29.9750 7.7671 -39.8115 35.7144 -45.2479 -7.6598 -46.1327 33.0836 -42.3098 26.1605 -48.3353 -29.8382 2.2757 -39.0496 33.4622 -49.0696 -33.5618 18.3609 -25.2078 -42.0939 -25.8630 4.2578 -37.1691 -18.4042 -43.4770 -32.3165 30.3497 -48.4056 -27.9556
-48.2502 28.5681 -32.4204 -42.5017 -18.9294 -37.3811 5.2423 -25.9518 -43.2706 23.5973 -28.7644 -48.1702 34.8133 -35.7737 -36.7506 -21.1179 -43.0064 19.5920 -33.3295 -49.0701 27.0765 -38.2468 -17.4044 -22.4559 -42.7077 16.3774 -31.1828 -48.0509 35.1040 -36.3965 -42.6563 -13.8547 -40.8119 19.7377 -41.1611 -15.5930 12.2463 -34.3929 -40.2312 -19.2481 -43.0536 36.1549 -45.2963 -20.4865 -48.5214 -30.0348 -18.1041 -36.9976 22.1642 -41.6384 -4.7845 -48.5309 -28.7385 -24.2757 -34.4054 6.8339 -36.0516 8.3754 -35.0087 -7.4814 -30.5995 -47.7821 -20.7395 -45.2948 34.5758 -42.7782 -14.1163 -48.5062 -33.2476 14.8519 -41.1919 -9.4161 -48.5021 -32.8982 9.5540 -39.2530 27.9081 -41.1734 31.2287 -40.9832 33.0606 -45.1012 -24.4595 -23.4673 -37.3851 25.8304 -43.1348 -22.8907 2.8032 -42.3736 -23.3875 23.6956 -43.2716 -25.9518 5.2423 -37.3811 -18.9294 -42.5017 -32.4204 28.5681 -48.2502
13.8480 -32.0786 -41.4165 -19.4261 -37.5904 6.1341 -26.0473 -43.4743 24.1495 -28.9607 -47.8273 22.9734 -38.6224 8.9672 -32.0726 -48.9396 22.6692 -39.3864 -1.4008 -25.8284 -44.5339 24.0406 -33.8976 -48.9661 19.3681 -38.2614 -15.6848 -22.2666 -42.4834 14.7248 -30.2373 -47.2481 33.7400 -39.4294 31.1932 -46.5291 -25.3940 -48.0439 -20.2363 -44.5020 30.8488 -40.3551 35.8462 -45.2846 -20.5449 -48.6671 -31.4156 1.3384 -38.6998 30.5754 -42.1786 -4.1842 -48.0486 -25.5975 -47.1502 -29.1079 -43.3954 -29.6702 -47.1097 -24.6800 -48.0290 -6.8124 -42.8304 35.2743 -42.0552 -10.6855 -48.7653 -30.7920 3.5005 -39.1060 35.8932 -46.1873 -25.7437 -35.6007 -35.6189 11.4094 -38.7726 18.3523 -39.0681 19.7391 -41.0658 -7.9056 -47.2436 -34.7014 20.0184 -41.4918 4.1423 -48.2761 -30.7337 30.1589 -48.7266 -29.0224 24.1533 -43.4752 -26.0473 6.1341 -37.5904 -19.4261 -41.4165 -32.0786 13.8480
-32.8631 -40.2191 -19.8910 -37.8006 6.9624 -26.1468 -43.6898 24.7790 -29.1591 -47.7641 -19.0062 -44.4978 34.8441 -38.5491 -9.0485 -25.7450 -45.2988 27.6073 -35.3703 -46.7002 -9.7311 -40.0972 6.4552 -27.5866 -45.5205 26.5170 -33.9731 -49.0770 26.1953 -37.4850 -30.2541 -18.8980 -41.6819 22.0756 -40.6025 33.6136 -45.4793 -2.2283 -43.2013 30.1793 -38.8857 17.3901 -40.9937 -18.1520 -48.5832 -27.8011 -40.7887 -35.9151 22.7685 -42.7108 9.1410 -42.8680 -22.1275 -48.7752 -25.0499 -49.3096 -27.6392 -47.4129 -26.0132 -46.1994 33.6067 -40.3497 26.1022 -40.9384 5.6016 -48.8241 -31.0427 2.1399 -38.4555 32.1980 -45.1573 -22.5277 -42.0236 -34.4123 12.7195 -39.0334 24.8710 -39.6223 19.2151 -39.0356 32.2368 -46.5339 -28.8352 9.8837 -40.8993 6.5056 -48.2456 -24.1798 -47.2234 -32.7176 27.2536 -48.5775 -29.1972 24.7814 -43.6898 -26.1468 6.9624 -37.8006 -19.8910 -40.2191 -32.8631
-40.5631 -20.3186 -38.0126 7.7508 -26.2496 -43.9117 25.4518 -29.3514 -48.3275 -20.1067 -8.1405 -27.9677 -46.6455 27.6276 -35.1194 -46.8446 -10.8098 -40.9050 11.1125 -30.2285 -47.7816 35.3715 -36.7761 -39.2490 -16.5776 -40.6891 7.3714 -26.8830 -44.5445 21.9214 -32.3706 -48.5257 35.6750 -40.3569 34.7963 -44.5289 5.2074 -42.8648 34.2626 -39.4283 8.9509 -36.6791 23.2550 37.0152 -65.4738 10.7942 17.3700 29.8681 35.0231 -25.9625 -19.0953 -22.7385 -46.8702 -54.9033 -73.2720 56.2624 -0.9491 -138.3619 71.7923 25.6882 -38.0863 14.6225 -38.9651 34.4734 -47.4799 -29.6773 11.4488 -38.8924 30.1922 -44.2237 -20.6363 -43.1724 -34.4211 18.2018 -40.6370 31.9617 -45.0155 15.6711 -41.0785 23.8309 -40.8902 -13.5968 -40.5146 -36.9884 35.5616 -48.4970 -27.3656 -40.9759 -25.5271 -41.6545 -32.8565 25.2646 -48.6874 -29.3669 25.4517 -43.9117 -26.2496 7.7508 -38.0126 -20.3186 -40.5631
-19.5632 -38.2264 8.5095 -26.3545 -44.1375 26.1505 -29.5230 -48.7690 22.7735 -30.1059 -37.4843 -21.4475 -17.9290 -40.7877 8.3003 -29.2806 -47.5742 35.7966 -38.2116 -17.1782 -23.6447 -43.4461 19.8998 -32.2392 -48.7574 35.3923 -36.3143 -43.4127 -10.6821 -39.0687 -5.3986 -23.0585 -42.9451 34.6668 -45.6083 -23.1144 -48.7972 -16.6291 -43.6338 26.2122 -37.1367 -4.0572 -36.6945 34.2514 25.4854 -197.4076 -77.2100 47.1001 -111.2155 -27.3708 -69.3469 -174.1953 -76.1658 -26.1253 20.1132 -105.5613 -94.8100 -8.8351 -77.1408 -38.1528 6.2859 -35.8202 14.5378 -41.9835 -17.6851 -15.9754 -41.1366 35.5513 -43.7054 -17.2407 -46.8241 -33.6296 17.7045 -40.9605 -5.3932 -48.9336 -25.7913 -48.2544 -6.0920 -40.8315 32.4872 -45.9611 -29.0455 14.8706 -43.4574 -21.7768 -35.4339 -32.6142 -47.5992 -22.0163 -37.2961 -33.0202 21.9887 -48.7597 -29.5227 26.1506 -44.1375 -26.3545 8.5095 -38.2264 -19.5632
