-0.0524 -0.0180 -0.0123 -0.0095 -0.0072 -0.0053 -0.0037 -0.0025 -0.0014 -0.0005 0.0003 0.0012 0.0021 0.0031 0.0041 0.0051 0.0062 0.0073 0.0085 0.0097 0.0109 0.0122 0.0136 0.0150 0.0165 0.0180 0.0196 0.0213 0.0230 0.0248 0.0267 0.0287 0.0307 0.0328 0.0350 0.0373 0.0397 0.0421 0.0447 0.0474 0.0502 0.0536 0.0723 0.0352 -0.1577 -0.2099 -0.2186 -0.2263 -0.2332 -0.2390 -0.2411 -0.2390 -0.2332 -0.2263 -0.2186 -0.2099 -0.1577 0.0352 0.0723 0.0536 0.0502 0.0474 0.0447 0.0421 0.0397 0.0373 0.0350 0.0328 0.0307 0.0287 0.0267 0.0248 0.0230 0.0213 0.0196 0.0180 0.0165 0.0150 0.0136 0.0122 0.0109 0.0097 0.0085 0.0073 0.0062 0.0051 0.0041 0.0031 0.0021 0.0012 0.0003 -0.0005 -0.0014 -0.0025 -0.0037 -0.0053 -0.0072 -0.0095 -0.0123 -0.0180 -0.0524
-0.0180 -0.0065 -0.0048 -0.0035 -0.0024 -0.0015 -0.0007 -0.0000 0.0006 0.0012 0.0018 0.0025 0.0032 0.0039 0.0046 0.0054 0.0062 0.0070 0.0078 0.0087 0.0096 0.0106 0.0116 0.0126 0.0136 0.0147 0.0158 0.0170 0.0182 0.0194 0.0207 0.0221 0.0235 0.0249 0.0264 0.0279 0.0295 0.0312 0.0329 0.0347 0.0365 0.0389 0.0570 -0.0406 -0.2331 -0.2392 -0.2449 -0.2502 -0.2553 -0.2599 -0.2618 -0.2599 -0.2553 -0.2502 -0.2449 -0.2392 -0.2331 -0.0406 0.0570 0.0389 0.0365 0.0347 0.0329 0.0312 0.0295 0.0279 0.0264 0.0249 0.0235 0.0221 0.0207 0.0194 0.0182 0.0170 0.0158 0.0147 0.0136 0.0126 0.0116 0.0106 0.0096 0.0087 0.0078 0.0070 0.0062 0.0054 0.0046 0.0039 0.0032 0.0025 0.0018 0.0012 0.0006 -0.0000 -0.0007 -0.0015 -0.0024 -0.0035 -0.0048 -0.0065 -0.0180
-0.0123 -0.0048 -0.0036 -0.0027 -0.0018 -0.0010 -0.0004 0.0002 0.0008 0.0014 0.0021 0.0027 0.0034 0.0042 0.0049 0.0057 0.0065 0.0073 0.0082 0.0091 0.0100 0.0110 0.0119 0.0130 0.0140 0.0151 0.0163 0.0175 0.0187 0.0199 0.0213 0.0226 0.0240 0.0255 0.0270 0.0286 0.0302 0.0319 0.0336 0.0354 0.0373 0.0423 0.0521 -0.1400 -0.2384 -0.2442 -0.2496 -0.2546 -0.2595 -0.2638 -0.2658 -0.2638 -0.2595 -0.2546 -0.2496 -0.2442 -0.2384 -0.1400 0.0521 0.0423 0.0373 0.0354 0.0336 0.0319 0.0302 0.0286 0.0270 0.0255 0.0240 0.0226 0.0213 0.0199 0.0187 0.0175 0.0163 0.0151 0.0140 0.0130 0.0119 0.0110 0.0100 0.0091 0.0082 0.0073 0.0065 0.0057 0.0049 0.0042 0.0034 0.0027 0.0021 0.0014 0.0008 0.0002 -0.0004 -0.0010 -0.0018 -0.0027 -0.0036 -0.0048 -0.0123
-0.0095 -0.0035 -0.0027 -0.0020 -0.0013 -0.0006 -0.0001 0.0005 0.0011 0.0017 0.0024 0.0030 0.0037 0.0045 0.0052 0.0060 0.0068 0.0077 0.0086 0.0095 0.0104 0.0114 0.0124 0.0134 0.0145 0.0156 0.0168 0.0180 0.0192 0.0205 0.0218 0.0232 0.0246 0.0261 0.0276 0.0292 0.0309 0.0326 0.0344 0.0362 0.0383 0.0566 -0.0039 -0.2348 -0.2408 -0.2464 -0.2516 -0.2566 -0.2613 -0.2656 -0.2675 -0.2656 -0.2613 -0.2566 -0.2516 -0.2464 -0.2408 -0.2348 -0.0039 0.0566 0.0383 0.0362 0.0344 0.0326 0.0309 0.0292 0.0276 0.0261 0.0246 0.0232 0.0218 0.0205 0.0192 0.0180 0.0168 0.0156 0.0145 0.0134 0.0124 0.0114 0.0104 0.0095 0.0086 0.0077 0.0068 0.0060 0.0052 0.0045 0.0037 0.0030 0.0024 0.0017 0.0011 0.0005 -0.0001 -0.0006 -0.0013 -0.0020 -0.0027 -0.0035 -0.0095
-0.0072 -0.0024 -0.0018 -0.0013 -0.0007 -0.0002 0.0003 0.0008 0.0014 0.0020 0.0027 0.0034 0.0041 0.0048 0.0056 0.0064 0.0072 0.0080 0.0089 0.0098 0.0108 0.0118 0.0128 0.0138 0.0149 0.0161 0.0172 0.0185 0.0197 0.0210 0.0224 0.0238 0.0252 0.0267 0.0283 0.0299 0.0316 0.0333 0.0351 0.0370 0.0403 0.0571 -0.1042 -0.2374 -0.2432 -0.2486 -0.2537 -0.2586 -0.2632 -0.2674 -0.2693 -0.2674 -0.2632 -0.2586 -0.2537 -0.2486 -0.2432 -0.2374 -0.1042 0.0571 0.0403 0.0370 0.0351 0.0333 0.0316 0.0299 0.0283 0.0267 0.0252 0.0238 0.0224 0.0210 0.0197 0.0185 0.0172 0.0161 0.0149 0.0138 0.0128 0.0118 0.0108 0.0098 0.0089 0.0080 0.0072 0.0064 0.0056 0.0048 0.0041 0.0034 0.0027 0.0020 0.0014 0.0008 0.0003 -0.0002 -0.0007 -0.0013 -0.0018 -0.0024 -0.0072
-0.0053 -0.0015 -0.0010 -0.0006 -0.0002 0.0002 0.0007 0.0012 0.0018 0.0024 0.0030 0.0037 0.0044 0.0051 0.0059 0.0067 0.0075 0.0084 0.0093 0.0102 0.0112 0.0122 0.0132 0.0143 0.0154 0.0166 0.0177 0.0190 0.0203 0.0216 0.0230 0.0244 0.0258 0.0274 0.0290 0.0306 0.0323 0.0340 0.0359 0.0378 0.0494 0.0240 -0.2006 -0.2398 -0.2455 -0.2508 -0.2558 -0.2605 -0.2651 -0.2692 -0.2711 -0.2692 -0.2651 -0.2605 -0.2558 -0.2508 -0.2455 -0.2398 -0.2006 0.0240 0.0494 0.0378 0.0359 0.0340 0.0323 0.0306 0.0290 0.0274 0.0258 0.0244 0.0230 0.0216 0.0203 0.0190 0.0177 0.0166 0.0154 0.0143 0.0132 0.0122 0.0112 0.0102 0.0093 0.0084 0.0075 0.0067 0.0059 0.0051 0.0044 0.0037 0.0030 0.0024 0.0018 0.0012 0.0007 0.0002 -0.0002 -0.0006 -0.0010 -0.0015 -0.0053
-0.0037 -0.0007 -0.0004 -0.0001 0.0003 0.0007 0.0011 0.0016 0.0022 0.0028 0.0034 0.0040 0.0047 0.0055 0.0063 0.0071 0.0079 0.0088 0.0097 0.0106 0.0116 0.0126 0.0137 0.0148 0.0159 0.0170 0.0183 0.0195 0.0208 0.0221 0.0235 0.0250 0.0265 0.0280 0.0296 0.0313 0.0330 0.0348 0.0367 0.0392 0.0570 -0.0595 -0.2363 -0.2422 -0.2477 -0.2529 -0.2578 -0.2624 -0.2669 -0.2710 -0.2728 -0.2710 -0.2669 -0.2624 -0.2578 -0.2529 -0.2477 -0.2422 -0.2363 -0.0595 0.0570 0.0392 0.0367 0.0348 0.0330 0.0313 0.0296 0.0280 0.0265 0.0250 0.0235 0.0221 0.0208 0.0195 0.0183 0.0170 0.0159 0.0148 0.0137 0.0126 0.0116 0.0106 0.0097 0.0088 0.0079 0.0071 0.0063 0.0055 0.0047 0.0040 0.0034 0.0028 0.0022 0.0016 0.0011 0.0007 0.0003 -0.0001 -0.0004 -0.0007 -0.0037
-0.0025 -0.0000 0.0002 0.0005 0.0008 0.0012 0.0016 0.0021 0.0026 0.0032 0.0038 0.0044 0.0051 0.0059 0.0066 0.0074 0.0083 0.0092 0.0101 0.0110 0.0120 0.0130 0.0141 0.0152 0.0164 0.0175 0.0188 0.0200 0.0214 0.0227 0.0241 0.0256 0.0271 0.0287 0.0303 0.0320 0.0337 0.0356 0.0375 0.0437 0.0448 -0.1572 -0.2388 -0.2446 -0.2499 -0.2549 -0.2597 -0.2643 -0.2687 -0.2727 -0.2745 -0.2727 -0.2687 -0.2643 -0.2597 -0.2549 -0.2499 -0.2446 -0.2388 -0.1572 0.0448 0.0437 0.0375 0.0356 0.0337 0.0320 0.0303 0.0287 0.0271 0.0256 0.0241 0.0227 0.0214 0.0200 0.0188 0.0175 0.0164 0.0152 0.0141 0.0130 0.0120 0.0110 0.0101 0.0092 0.0083 0.0074 0.0066 0.0059 0.0051 0.0044 0.0038 0.0032 0.0026 0.0021 0.0016 0.0012 0.0008 0.0005 0.0002 -0.0000 -0.0025
-0.0014 0.0006 0.0008 0.0011 0.0014 0.0018 0.0022 0.0026 0.0031 0.0037 0.0043 0.0049 0.0056 0.0063 0.0071 0.0079 0.0087 0.0096 0.0105 0.0114 0.0124 0.0135 0.0146 0.0157 0.0168 0.0180 0.0193 0.0206 0.0219 0.0233 0.0247 0.0262 0.0278 0.0294 0.0310 0.0327 0.0345 0.0363 0.0385 0.0568 -0.0190 -0.2353 -0.2413 -0.2468 -0.2520 -0.2569 -0.2616 -0.2661 -0.2704 -0.2744 -0.2762 -0.2744 -0.2704 -0.2661 -0.2616 -0.2569 -0.2520 -0.2468 -0.2413 -0.2353 -0.0190 0.0568 0.0385 0.0363 0.0345 0.0327 0.0310 0.0294 0.0278 0.0262 0.0247 0.0233 0.0219 0.0206 0.0193 0.0180 0.0168 0.0157 0.0146 0.0135 0.0124 0.0114 0.0105 0.0096 0.0087 0.0079 0.0071 0.0063 0.0056 0.0049 0.0043 0.0037 0.0031 0.0026 0.0022 0.0018 0.0014 0.0011 0.0008 0.0006 -0.0014
-0.0005 0.0012 0.0014 0.0017 0.0020 0.0024 0.0028 0.0032 0.0037 0.0042 0.0048 0.0054 0.0060 0.0067 0.0075 0.0083 0.0091 0.0100 0.0109 0.0119 0.0129 0.0139 0.0150 0.0162 0.0173 0.0186 0.0198 0.0211 0.0225 0.0239 0.0253 0.0269 0.0284 0.0300 0.0317 0.0334 0.0352 0.0371 0.0410 0.0570 -0.1197 -0.2378 -0.2436 -0.2490 -0.2541 -0.2589 -0.2635 -0.2679 -0.2722 -0.2761 -0.2778 -0.2761 -0.2722 -0.2679 -0.2635 -0.2589 -0.2541 -0.2490 -0.2436 -0.2378 -0.1197 0.0570 0.0410 0.0371 0.0352 0.0334 0.0317 0.0300 0.0284 0.0269 0.0253 0.0239 0.0225 0.0211 0.0198 0.0186 0.0173 0.0162 0.0150 0.0139 0.0129 0.0119 0.0109 0.0100 0.0091 0.0083 0.0075 0.0067 0.0060 0.0054 0.0048 0.0042 0.0037 0.0032 0.0028 0.0024 0.0020 0.0017 0.0014 0.0012 -0.0005
0.0003 0.0018 0.0021 0.0024 0.0027 0.0030 0.0034 0.0038 0.0043 0.0048 0.0053 0.0059 0.0066 0.0072 0.0080 0.0088 0.0096 0.0105 0.0114 0.0124 0.0134 0.0144 0.0155 0.0166 0.0178 0.0191 0.0204 0.0217 0.0231 0.0245 0.0260 0.0275 0.0291 0.0307 0.0324 0.0342 0.0360 0.0380 0.0537 0.0125 -0.2226 -0.2403 -0.2459 -0.2512 -0.2561 -0.2608 -0.2654 -0.2697 -0.2739 -0.2778 -0.2795 -0.2778 -0.2739 -0.2697 -0.2654 -0.2608 -0.2561 -0.2512 -0.2459 -0.2403 -0.2226 0.0125 0.0537 0.0380 0.0360 0.0342 0.0324 0.0307 0.0291 0.0275 0.0260 0.0245 0.0231 0.0217 0.0204 0.0191 0.0178 0.0166 0.0155 0.0144 0.0134 0.0124 0.0114 0.0105 0.0096 0.0088 0.0080 0.0072 0.0066 0.0059 0.0053 0.0048 0.0043 0.0038 0.0034 0.0030 0.0027 0.0024 0.0021 0.0018 0.0003
0.0012 0.0025 0.0027 0.0030 0.0034 0.0037 0.0040 0.0044 0.0049 0.0054 0.0059 0.0065 0.0071 0.0078 0.0085 0.0093 0.0101 0.0110 0.0119 0.0128 0.0139 0.0149 0.0160 0.0171 0.0183 0.0196 0.0209 0.0223 0.0236 0.0251 0.0266 0.0281 0.0298 0.0314 0.0331 0.0349 0.0368 0.0396 0.0571 -0.0811 -0.2368 -0.2427 -0.2481 -0.2533 -0.2581 -0.2627 -0.2672 -0.2714 -0.2756 -0.2794 -0.2811 -0.2794 -0.2756 -0.2714 -0.2672 -0.2627 -0.2581 -0.2533 -0.2481 -0.2427 -0.2368 -0.0811 0.0571 0.0396 0.0368 0.0349 0.0331 0.0314 0.0298 0.0281 0.0266 0.0251 0.0236 0.0223 0.0209 0.0196 0.0183 0.0171 0.0160 0.0149 0.0139 0.0128 0.0119 0.0110 0.0101 0.0093 0.0085 0.0078 0.0071 0.0065 0.0059 0.0054 0.0049 0.0044 0.0040 0.0037 0.0034 0.0030 0.0027 0.0025 0.0012
0.0021 0.0032 0.0034 0.0037 0.0041 0.0044 0.0047 0.0051 0.0056 0.0060 0.0066 0.0071 0.0077 0.0084 0.0091 0.0098 0.0107 0.0115 0.0124 0.0134 0.0144 0.0154 0.0165 0.0177 0.0189 0.0202 0.0215 0.0228 0.0242 0.0257 0.0272 0.0288 0.0304 0.0321 0.0339 0.0357 0.0376 0.0458 0.0364 -0.1756 -0.2393 -0.2450 -0.2503 -0.2553 -0.2601 -0.2646 -0.2690 -0.2732 -0.2773 -0.2810 -0.2827 -0.2810 -0.2773 -0.2732 -0.2690 -0.2646 -0.2601 -0.2553 -0.2503 -0.2450 -0.2393 -0.1756 0.0364 0.0458 0.0376 0.0357 0.0339 0.0321 0.0304 0.0288 0.0272 0.0257 0.0242 0.0228 0.0215 0.0202 0.0189 0.0177 0.0165 0.0154 0.0144 0.0134 0.0124 0.0115 0.0107 0.0098 0.0091 0.0084 0.0077 0.0071 0.0066 0.0060 0.0056 0.0051 0.0047 0.0044 0.0041 0.0037 0.0034 0.0032 0.0021
0.0031 0.0039 0.0042 0.0045 0.0048 0.0051 0.0055 0.0059 0.0063 0.0067 0.0072 0.0078 0.0084 0.0090 0.0097 0.0105 0.0113 0.0121 0.0130 0.0139 0.0150 0.0160 0.0171 0.0183 0.0195 0.0207 0.0220 0.0234 0.0248 0.0263 0.0279 0.0295 0.0311 0.0328 0.0346 0.0365 0.0388 0.0569 -0.0357 -0.2357 -0.2417 -0.2472 -0.2524 -0.2573 -0.2620 -0.2664 -0.2707 -0.2749 -0.2789 -0.2826 -0.2843 -0.2826 -0.2789 -0.2749 -0.2707 -0.2664 -0.2620 -0.2573 -0.2524 -0.2472 -0.2417 -0.2357 -0.0357 0.0569 0.0388 0.0365 0.0346 0.0328 0.0311 0.0295 0.0279 0.0263 0.0248 0.0234 0.0220 0.0207 0.0195 0.0183 0.0171 0.0160 0.0150 0.0139 0.0130 0.0121 0.0113 0.0105 0.0097 0.0090 0.0084 0.0078 0.0072 0.0067 0.0063 0.0059 0.0055 0.0051 0.0048 0.0045 0.0042 0.0039 0.0031
0.0041 0.0046 0.0049 0.0052 0.0056 0.0059 0.0063 0.0066 0.0071 0.0075 0.0080 0.0085 0.0091 0.0097 0.0104 0.0111 0.0119 0.0127 0.0136 0.0146 0.0156 0.0166 0.0177 0.0189 0.0201 0.0213 0.0227 0.0240 0.0255 0.0270 0.0285 0.0302 0.0318 0.0336 0.0354 0.0373 0.0420 0.0538 -0.1358 -0.2383 -0.2440 -0.2494 -0.2545 -0.2593 -0.2638 -0.2682 -0.2725 -0.2765 -0.2805 -0.2842 -0.2858 -0.2842 -0.2805 -0.2765 -0.2725 -0.2682 -0.2638 -0.2593 -0.2545 -0.2494 -0.2440 -0.2383 -0.1358 0.0538 0.0420 0.0373 0.0354 0.0336 0.0318 0.0302 0.0285 0.0270 0.0255 0.0240 0.0227 0.0213 0.0201 0.0189 0.0177 0.0166 0.0156 0.0146 0.0136 0.0127 0.0119 0.0111 0.0104 0.0097 0.0091 0.0085 0.0080 0.0075 0.0071 0.0066 0.0063 0.0059 0.0056 0.0052 0.0049 0.0046 0.0041
0.0051 0.0054 0.0057 0.0060 0.0064 0.0067 0.0071 0.0074 0.0079 0.0083 0.0088 0.0093 0.0098 0.0105 0.0111 0.0118 0.0126 0.0134 0.0143 0.0152 0.0162 0.0172 0.0183 0.0195 0.0207 0.0220 0.0233 0.0247 0.0261 0.0276 0.0292 0.0308 0.0326 0.0343 0.0362 0.0382 0.0566 -0.0004 -0.2347 -0.2407 -0.2463 -0.2516 -0.2565 -0.2612 -0.2657 -0.2700 -0.2742 -0.2782 -0.2821 -0.2857 -0.2873 -0.2857 -0.2821 -0.2782 -0.2742 -0.2700 -0.2657 -0.2612 -0.2565 -0.2516 -0.2463 -0.2407 -0.2347 -0.0004 0.0566 0.0382 0.0362 0.0343 0.0326 0.0308 0.0292 0.0276 0.0261 0.0247 0.0233 0.0220 0.0207 0.0195 0.0183 0.0172 0.0162 0.0152 0.0143 0.0134 0.0126 0.0118 0.0111 0.0105 0.0098 0.0093 0.0088 0.0083 0.0079 0.0074 0.0071 0.0067 0.0064 0.0060 0.0057 0.0054 0.0051
0.0062 0.0062 0.0065 0.0068 0.0072 0.0075 0.0079 0.0083 0.0087 0.0091 0.0096 0.0101 0.0107 0.0113 0.0119 0.0126 0.0134 0.0142 0.0150 0.0159 0.0169 0.0179 0.0190 0.0202 0.0214 0.0227 0.0240 0.0254 0.0268 0.0283 0.0299 0.0316 0.0333 0.0351 0.0369 0.0401 0.0571 -0.1004 -0.2372 -0.2431 -0.2485 -0.2536 -0.2585 -0.2631 -0.2675 -0.2717 -0.2758 -0.2798 -0.2837 -0.2873 -0.2889 -0.2873 -0.2837 -0.2798 -0.2758 -0.2717 -0.2675 -0.2631 -0.2585 -0.2536 -0.2485 -0.2431 -0.2372 -0.1004 0.0571 0.0401 0.0369 0.0351 0.0333 0.0316 0.0299 0.0283 0.0268 0.0254 0.0240 0.0227 0.0214 0.0202 0.0190 0.0179 0.0169 0.0159 0.0150 0.0142 0.0134 0.0126 0.0119 0.0113 0.0107 0.0101 0.0096 0.0091 0.0087 0.0083 0.0079 0.0075 0.0072 0.0068 0.0065 0.0062 0.0062
0.0073 0.0070 0.0073 0.0077 0.0080 0.0084 0.0088 0.0092 0.0096 0.0100 0.0105 0.0110 0.0115 0.0121 0.0127 0.0134 0.0142 0.0149 0.0158 0.0167 0.0177 0.0187 0.0198 0.0209 0.0221 0.0234 0.0247 0.0261 0.0276 0.0291 0.0307 0.0323 0.0340 0.0358 0.0378 0.0485 0.0267 -0.1954 -0.2397 -0.2454 -0.2507 -0.2557 -0.2604 -0.2649 -0.2693 -0.2735 -0.2775 -0.2814 -0.2853 -0.2888 -0.2904 -0.2888 -0.2853 -0.2814 -0.2775 -0.2735 -0.2693 -0.2649 -0.2604 -0.2557 -0.2507 -0.2454 -0.2397 -0.1954 0.0267 0.0485 0.0378 0.0358 0.0340 0.0323 0.0307 0.0291 0.0276 0.0261 0.0247 0.0234 0.0221 0.0209 0.0198 0.0187 0.0177 0.0167 0.0158 0.0149 0.0142 0.0134 0.0127 0.0121 0.0115 0.0110 0.0105 0.0100 0.0096 0.0092 0.0088 0.0084 0.0080 0.0077 0.0073 0.0070 0.0073
0.0085 0.0078 0.0082 0.0086 0.0089 0.0093 0.0097 0.0101 0.0105 0.0109 0.0114 0.0119 0.0124 0.0130 0.0136 0.0143 0.0150 0.0158 0.0166 0.0175 0.0185 0.0195 0.0206 0.0217 0.0229 0.0241 0.0255 0.0269 0.0283 0.0298 0.0315 0.0331 0.0349 0.0367 0.0391 0.0570 -0.0545 -0.2362 -0.2421 -0.2476 -0.2528 -0.2577 -0.2623 -0.2668 -0.2710 -0.2752 -0.2792 -0.2830 -0.2868 -0.2903 -0.2918 -0.2903 -0.2868 -0.2830 -0.2792 -0.2752 -0.2710 -0.2668 -0.2623 -0.2577 -0.2528 -0.2476 -0.2421 -0.2362 -0.0545 0.0570 0.0391 0.0367 0.0349 0.0331 0.0315 0.0298 0.0283 0.0269 0.0255 0.0241 0.0229 0.0217 0.0206 0.0195 0.0185 0.0175 0.0166 0.0158 0.0150 0.0143 0.0136 0.0130 0.0124 0.0119 0.0114 0.0109 0.0105 0.0101 0.0097 0.0093 0.0089 0.0086 0.0082 0.0078 0.0085
0.0097 0.0087 0.0091 0.0095 0.0098 0.0102 0.0106 0.0110 0.0114 0.0119 0.0124 0.0128 0.0134 0.0139 0.0146 0.0152 0.0159 0.0167 0.0175 0.0184 0.0193 0.0204 0.0214 0.0225 0.0237 0.0250 0.0263 0.0277 0.0291 0.0307 0.0323 0.0340 0.0357 0.0376 0.0435 0.0456 -0.1528 -0.2388 -0.2445 -0.2498 -0.2548 -0.2596 -0.2642 -0.2686 -0.2728 -0.2768 -0.2808 -0.2846 -0.2883 -0.2918 -0.2933 -0.2918 -0.2883 -0.2846 -0.2808 -0.2768 -0.2728 -0.2686 -0.2642 -0.2596 -0.2548 -0.2498 -0.2445 -0.2388 -0.1528 0.0456 0.0435 0.0376 0.0357 0.0340 0.0323 0.0307 0.0291 0.0277 0.0263 0.0250 0.0237 0.0225 0.0214 0.0204 0.0193 0.0184 0.0175 0.0167 0.0159 0.0152 0.0146 0.0139 0.0134 0.0128 0.0124 0.0119 0.0114 0.0110 0.0106 0.0102 0.0098 0.0095 0.0091 0.0087 0.0097
0.0109 0.0096 0.0100 0.0104 0.0108 0.0112 0.0116 0.0120 0.0124 0.0129 0.0134 0.0139 0.0144 0.0150 0.0156 0.0162 0.0169 0.0177 0.0185 0.0193 0.0203 0.0213 0.0223 0.0234 0.0246 0.0258 0.0271 0.0285 0.0300 0.0315 0.0332 0.0348 0.0366 0.0388 0.0582 -0.0244 -0.2354 -0.2412 -0.2468 -0.2519 -0.2569 -0.2615 -0.2660 -0.2703 -0.2745 -0.2785 -0.2824 -0.2861 -0.2898 -0.2932 -0.2947 -0.2932 -0.2898 -0.2861 -0.2824 -0.2785 -0.2745 -0.2703 -0.2660 -0.2615 -0.2569 -0.2519 -0.2468 -0.2412 -0.2354 -0.0244 0.0582 0.0388 0.0366 0.0348 0.0332 0.0315 0.0300 0.0285 0.0271 0.0258 0.0246 0.0234 0.0223 0.0213 0.0203 0.0193 0.0185 0.0177 0.0169 0.0162 0.0156 0.0150 0.0144 0.0139 0.0134 0.0129 0.0124 0.0120 0.0116 0.0112 0.0108 0.0104 0.0100 0.0096 0.0109
0.0122 0.0106 0.0110 0.0114 0.0118 0.0122 0.0126 0.0130 0.0135 0.0139 0.0144 0.0149 0.0154 0.0160 0.0166 0.0172 0.0179 0.0187 0.0195 0.0204 0.0213 0.0222 0.0233 0.0244 0.0255 0.0268 0.0281 0.0294 0.0309 0.0324 0.0341 0.0357 0.0375 0.0429 0.0506 -0.1440 -0.2381 -0.2438 -0.2490 -0.2541 -0.2589 -0.2634 -0.2678 -0.2721 -0.2762 -0.2801 -0.2839 -0.2877 -0.2913 -0.2947 -0.2962 -0.2947 -0.2913 -0.2877 -0.2839 -0.2801 -0.2762 -0.2721 -0.2678 -0.2634 -0.2589 -0.2541 -0.2490 -0.2438 -0.2381 -0.1440 0.0506 0.0429 0.0375 0.0357 0.0341 0.0324 0.0309 0.0294 0.0281 0.0268 0.0255 0.0244 0.0233 0.0222 0.0213 0.0204 0.0195 0.0187 0.0179 0.0172 0.0166 0.0160 0.0154 0.0149 0.0144 0.0139 0.0135 0.0130 0.0126 0.0122 0.0118 0.0114 0.0110 0.0106 0.0122
0.0136 0.0116 0.0119 0.0124 0.0128 0.0132 0.0137 0.0141 0.0146 0.0150 0.0155 0.0160 0.0165 0.0171 0.0177 0.0183 0.0190 0.0198 0.0206 0.0214 0.0223 0.0233 0.0243 0.0254 0.0266 0.0278 0.0291 0.0304 0.0319 0.0334 0.0350 0.0367 0.0388 0.0589 -0.0186 -0.2351 -0.2409 -0.2463 -0.2513 -0.2562 -0.2608 -0.2653 -0.2696 -0.2738 -0.2778 -0.2817 -0.2855 -0.2892 -0.2928 -0.2961 -0.2976 -0.2961 -0.2928 -0.2892 -0.2855 -0.2817 -0.2778 -0.2738 -0.2696 -0.2653 -0.2608 -0.2562 -0.2513 -0.2463 -0.2409 -0.2351 -0.0186 0.0589 0.0388 0.0367 0.0350 0.0334 0.0319 0.0304 0.0291 0.0278 0.0266 0.0254 0.0243 0.0233 0.0223 0.0214 0.0206 0.0198 0.0190 0.0183 0.0177 0.0171 0.0165 0.0160 0.0155 0.0150 0.0146 0.0141 0.0137 0.0132 0.0128 0.0124 0.0119 0.0116 0.0136
0.0150 0.0126 0.0130 0.0134 0.0138 0.0143 0.0148 0.0152 0.0157 0.0162 0.0166 0.0171 0.0177 0.0183 0.0189 0.0195 0.0202 0.0209 0.0217 0.0225 0.0234 0.0244 0.0254 0.0265 0.0276 0.0289 0.0301 0.0315 0.0329 0.0345 0.0360 0.0378 0.0437 0.0484 -0.1482 -0.2380 -0.2436 -0.2487 -0.2537 -0.2583 -0.2629 -0.2672 -0.2714 -0.2755 -0.2794 -0.2833 -0.2870 -0.2907 -0.2942 -0.2975 -0.2990 -0.2975 -0.2942 -0.2907 -0.2870 -0.2833 -0.2794 -0.2755 -0.2714 -0.2672 -0.2629 -0.2583 -0.2537 -0.2487 -0.2436 -0.2380 -0.1482 0.0484 0.0437 0.0378 0.0360 0.0345 0.0329 0.0315 0.0301 0.0289 0.0276 0.0265 0.0254 0.0244 0.0234 0.0225 0.0217 0.0209 0.0202 0.0195 0.0189 0.0183 0.0177 0.0171 0.0166 0.0162 0.0157 0.0152 0.0148 0.0143 0.0138 0.0134 0.0130 0.0126 0.0150
0.0165 0.0136 0.0140 0.0145 0.0149 0.0154 0.0159 0.0164 0.0168 0.0173 0.0178 0.0183 0.0189 0.0195 0.0201 0.0207 0.0214 0.0221 0.0229 0.0237 0.0246 0.0255 0.0266 0.0276 0.0288 0.0300 0.0313 0.0326 0.0341 0.0356 0.0372 0.0396 0.0632 -0.0367 -0.2354 -0.2410 -0.2462 -0.2512 -0.2559 -0.2605 -0.2649 -0.2691 -0.2732 -0.2772 -0.2811 -0.2849 -0.2886 -0.2921 -0.2957 -0.2989 -0.3003 -0.2989 -0.2957 -0.2921 -0.2886 -0.2849 -0.2811 -0.2772 -0.2732 -0.2691 -0.2649 -0.2605 -0.2559 -0.2512 -0.2462 -0.2410 -0.2354 -0.0367 0.0632 0.0396 0.0372 0.0356 0.0341 0.0326 0.0313 0.0300 0.0288 0.0276 0.0266 0.0255 0.0246 0.0237 0.0229 0.0221 0.0214 0.0207 0.0201 0.0195 0.0189 0.0183 0.0178 0.0173 0.0168 0.0164 0.0159 0.0154 0.0149 0.0145 0.0140 0.0136 0.0165
0.0180 0.0147 0.0151 0.0156 0.0161 0.0166 0.0170 0.0175 0.0180 0.0186 0.0191 0.0196 0.0202 0.0207 0.0213 0.0220 0.0227 0.0234 0.0241 0.0250 0.0258 0.0268 0.0278 0.0289 0.0300 0.0312 0.0325 0.0338 0.0353 0.0368 0.0386 0.0516 0.0258 -0.1949 -0.2387 -0.2439 -0.2489 -0.2536 -0.2582 -0.2627 -0.2669 -0.2711 -0.2750 -0.2790 -0.2827 -0.2864 -0.2901 -0.2936 -0.2971 -0.3003 -0.3017 -0.3003 -0.2971 -0.2936 -0.2901 -0.2864 -0.2827 -0.2790 -0.2750 -0.2711 -0.2669 -0.2627 -0.2582 -0.2536 -0.2489 -0.2439 -0.2387 -0.1949 0.0258 0.0516 0.0386 0.0368 0.0353 0.0338 0.0325 0.0312 0.0300 0.0289 0.0278 0.0268 0.0258 0.0250 0.0241 0.0234 0.0227 0.0220 0.0213 0.0207 0.0202 0.0196 0.0191 0.0186 0.0180 0.0175 0.0170 0.0166 0.0161 0.0156 0.0151 0.0147 0.0180
0.0196 0.0158 0.0163 0.0168 0.0172 0.0177 0.0183 0.0188 0.0193 0.0198 0.0204 0.0209 0.0215 0.0220 0.0227 0.0233 0.0240 0.0247 0.0255 0.0263 0.0271 0.0281 0.0291 0.0301 0.0313 0.0325 0.0338 0.0351 0.0365 0.0381 0.0438 0.0532 -0.1115 -0.2367 -0.2419 -0.2468 -0.2515 -0.2561 -0.2605 -0.2648 -0.2690 -0.2730 -0.2769 -0.2807 -0.2844 -0.2881 -0.2916 -0.2951 -0.2985 -0.3016 -0.3030 -0.3016 -0.2985 -0.2951 -0.2916 -0.2881 -0.2844 -0.2807 -0.2769 -0.2730 -0.2690 -0.2648 -0.2605 -0.2561 -0.2515 -0.2468 -0.2419 -0.2367 -0.1115 0.0532 0.0438 0.0381 0.0365 0.0351 0.0338 0.0325 0.0313 0.0301 0.0291 0.0281 0.0271 0.0263 0.0255 0.0247 0.0240 0.0233 0.0227 0.0220 0.0215 0.0209 0.0204 0.0198 0.0193 0.0188 0.0183 0.0177 0.0172 0.0168 0.0163 0.0158 0.0196
0.0213 0.0170 0.0175 0.0180 0.0185 0.0190 0.0195 0.0200 0.0206 0.0211 0.0217 0.0223 0.0228 0.0234 0.0240 0.0247 0.0254 0.0261 0.0269 0.0277 0.0285 0.0294 0.0304 0.0315 0.0326 0.0338 0.0351 0.0364 0.0379 0.0418 0.0645 -0.0516 -0.2352 -0.2402 -0.2451 -0.2497 -0.2542 -0.2586 -0.2628 -0.2669 -0.2710 -0.2749 -0.2788 -0.2825 -0.2862 -0.2897 -0.2932 -0.2965 -0.2999 -0.3030 -0.3043 -0.3030 -0.2999 -0.2965 -0.2932 -0.2897 -0.2862 -0.2825 -0.2788 -0.2749 -0.2710 -0.2669 -0.2628 -0.2586 -0.2542 -0.2497 -0.2451 -0.2402 -0.2352 -0.0516 0.0645 0.0418 0.0379 0.0364 0.0351 0.0338 0.0326 0.0315 0.0304 0.0294 0.0285 0.0277 0.0269 0.0261 0.0254 0.0247 0.0240 0.0234 0.0228 0.0223 0.0217 0.0211 0.0206 0.0200 0.0195 0.0190 0.0185 0.0180 0.0175 0.0170 0.0213
0.0230 0.0182 0.0187 0.0192 0.0197 0.0203 0.0208 0.0214 0.0219 0.0225 0.0231 0.0236 0.0242 0.0248 0.0255 0.0261 0.0268 0.0276 0.0283 0.0291 0.0300 0.0309 0.0319 0.0329 0.0341 0.0353 0.0365 0.0379 0.0413 0.0693 -0.0246 -0.2342 -0.2390 -0.2438 -0.2482 -0.2526 -0.2569 -0.2610 -0.2651 -0.2691 -0.2730 -0.2769 -0.2806 -0.2843 -0.2879 -0.2914 -0.2948 -0.2980 -0.3013 -0.3043 -0.3057 -0.3043 -0.3013 -0.2980 -0.2948 -0.2914 -0.2879 -0.2843 -0.2806 -0.2769 -0.2730 -0.2691 -0.2651 -0.2610 -0.2569 -0.2526 -0.2482 -0.2438 -0.2390 -0.2342 -0.0246 0.0693 0.0413 0.0379 0.0365 0.0353 0.0341 0.0329 0.0319 0.0309 0.0300 0.0291 0.0283 0.0276 0.0268 0.0261 0.0255 0.0248 0.0242 0.0236 0.0231 0.0225 0.0219 0.0214 0.0208 0.0203 0.0197 0.0192 0.0187 0.0182 0.0230
0.0248 0.0194 0.0199 0.0205 0.0210 0.0216 0.0221 0.0227 0.0233 0.0239 0.0245 0.0251 0.0257 0.0263 0.0270 0.0276 0.0283 0.0291 0.0298 0.0307 0.0315 0.0324 0.0334 0.0345 0.0356 0.0368 0.0381 0.0418 0.0693 -0.0165 -0.2338 -0.2384 -0.2429 -0.2472 -0.2515 -0.2555 -0.2596 -0.2636 -0.2675 -0.2713 -0.2751 -0.2789 -0.2825 -0.2861 -0.2896 -0.2930 -0.2963 -0.2996 -0.3028 -0.3057 -0.3070 -0.3057 -0.3028 -0.2996 -0.2963 -0.2930 -0.2896 -0.2861 -0.2825 -0.2789 -0.2751 -0.2713 -0.2675 -0.2636 -0.2596 -0.2555 -0.2515 -0.2472 -0.2429 -0.2384 -0.2338 -0.0165 0.0693 0.0418 0.0381 0.0368 0.0356 0.0345 0.0334 0.0324 0.0315 0.0307 0.0298 0.0291 0.0283 0.0276 0.0270 0.0263 0.0257 0.0251 0.0245 0.0239 0.0233 0.0227 0.0221 0.0216 0.0210 0.0205 0.0199 0.0194 0.0248
0.0267 0.0207 0.0213 0.0218 0.0224 0.0230 0.0235 0.0241 0.0247 0.0253 0.0260 0.0266 0.0272 0.0279 0.0285 0.0292 0.0299 0.0307 0.0315 0.0323 0.0332 0.0341 0.0350 0.0360 0.0372 0.0386 0.0438 0.0645 -0.0246 -0.2338 -0.2382 -0.2425 -0.2467 -0.2507 -0.2546 -0.2586 -0.2623 -0.2661 -0.2699 -0.2736 -0.2772 -0.2808 -0.2844 -0.2879 -0.2913 -0.2947 -0.2979 -0.3011 -0.3043 -0.3071 -0.3084 -0.3071 -0.3043 -0.3011 -0.2979 -0.2947 -0.2913 -0.2879 -0.2844 -0.2808 -0.2772 -0.2736 -0.2699 -0.2661 -0.2623 -0.2586 -0.2546 -0.2507 -0.2467 -0.2425 -0.2382 -0.2338 -0.0246 0.0645 0.0438 0.0386 0.0372 0.0360 0.0350 0.0341 0.0332 0.0323 0.0315 0.0307 0.0299 0.0292 0.0285 0.0279 0.0272 0.0266 0.0260 0.0253 0.0247 0.0241 0.0235 0.0230 0.0224 0.0218 0.0213 0.0207 0.0267
0.0287 0.0221 0.0226 0.0232 0.0238 0.0244 0.0250 0.0256 0.0262 0.0269 0.0275 0.0281 0.0288 0.0295 0.0302 0.0308 0.0316 0.0323 0.0331 0.0340 0.0348 0.0357 0.0367 0.0378 0.0396 0.0516 0.0532 -0.0516 -0.2342 -0.2384 -0.2425 -0.2465 -0.2503 -0.2541 -0.2579 -0.2615 -0.2652 -0.2687 -0.2723 -0.2759 -0.2794 -0.2829 -0.2863 -0.2897 -0.2930 -0.2963 -0.2995 -0.3026 -0.3057 -0.3086 -0.3098 -0.3086 -0.3057 -0.3026 -0.2995 -0.2963 -0.2930 -0.2897 -0.2863 -0.2829 -0.2794 -0.2759 -0.2723 -0.2687 -0.2652 -0.2615 -0.2579 -0.2541 -0.2503 -0.2465 -0.2425 -0.2384 -0.2342 -0.0516 0.0532 0.0516 0.0396 0.0378 0.0367 0.0357 0.0348 0.0340 0.0331 0.0323 0.0316 0.0308 0.0302 0.0295 0.0288 0.0281 0.0275 0.0269 0.0262 0.0256 0.0250 0.0244 0.0238 0.0232 0.0226 0.0221 0.0287
0.0307 0.0235 0.0240 0.0246 0.0252 0.0258 0.0265 0.0271 0.0278 0.0284 0.0291 0.0298 0.0304 0.0311 0.0318 0.0326 0.0333 0.0340 0.0349 0.0357 0.0366 0.0375 0.0388 0.0437 0.0632 0.0258 -0.1115 -0.2352 -0.2390 -0.2429 -0.2467 -0.2503 -0.2539 -0.2575 -0.2611 -0.2646 -0.2680 -0.2714 -0.2748 -0.2782 -0.2816 -0.2850 -0.2883 -0.2915 -0.2947 -0.2979 -0.3011 -0.3042 -0.3072 -0.3100 -0.3112 -0.3100 -0.3072 -0.3042 -0.3011 -0.2979 -0.2947 -0.2915 -0.2883 -0.2850 -0.2816 -0.2782 -0.2748 -0.2714 -0.2680 -0.2646 -0.2611 -0.2575 -0.2539 -0.2503 -0.2467 -0.2429 -0.2390 -0.2352 -0.1115 0.0258 0.0632 0.0437 0.0388 0.0375 0.0366 0.0357 0.0349 0.0340 0.0333 0.0326 0.0318 0.0311 0.0304 0.0298 0.0291 0.0284 0.0278 0.0271 0.0265 0.0258 0.0252 0.0246 0.0240 0.0235 0.0307
0.0328 0.0249 0.0255 0.0261 0.0267 0.0274 0.0280 0.0287 0.0294 0.0300 0.0307 0.0314 0.0321 0.0328 0.0336 0.0343 0.0351 0.0358 0.0367 0.0376 0.0388 0.0429 0.0589 0.0484 -0.0367 -0.1949 -0.2367 -0.2402 -0.2438 -0.2472 -0.2507 -0.2541 -0.2575 -0.2609 -0.2642 -0.2675 -0.2708 -0.2741 -0.2774 -0.2806 -0.2838 -0.2871 -0.2903 -0.2934 -0.2965 -0.2996 -0.3026 -0.3057 -0.3086 -0.3113 -0.3125 -0.3113 -0.3086 -0.3057 -0.3026 -0.2996 -0.2965 -0.2934 -0.2903 -0.2871 -0.2838 -0.2806 -0.2774 -0.2741 -0.2708 -0.2675 -0.2642 -0.2609 -0.2575 -0.2541 -0.2507 -0.2472 -0.2438 -0.2402 -0.2367 -0.1949 -0.0367 0.0484 0.0589 0.0429 0.0388 0.0376 0.0367 0.0358 0.0351 0.0343 0.0336 0.0328 0.0321 0.0314 0.0307 0.0300 0.0294 0.0287 0.0280 0.0274 0.0267 0.0261 0.0255 0.0249 0.0328
0.0350 0.0264 0.0270 0.0276 0.0283 0.0290 0.0296 0.0303 0.0310 0.0317 0.0324 0.0331 0.0339 0.0346 0.0354 0.0362 0.0369 0.0378 0.0391 0.0435 0.0582 0.0506 -0.0186 -0.1482 -0.2354 -0.2387 -0.2419 -0.2451 -0.2482 -0.2515 -0.2546 -0.2579 -0.2611 -0.2642 -0.2674 -0.2705 -0.2737 -0.2768 -0.2799 -0.2830 -0.2861 -0.2892 -0.2923 -0.2953 -0.2983 -0.3013 -0.3042 -0.3071 -0.3101 -0.3127 -0.3139 -0.3127 -0.3101 -0.3071 -0.3042 -0.3013 -0.2983 -0.2953 -0.2923 -0.2892 -0.2861 -0.2830 -0.2799 -0.2768 -0.2737 -0.2705 -0.2674 -0.2642 -0.2611 -0.2579 -0.2546 -0.2515 -0.2482 -0.2451 -0.2419 -0.2387 -0.2354 -0.1482 -0.0186 0.0506 0.0582 0.0435 0.0391 0.0378 0.0369 0.0362 0.0354 0.0346 0.0339 0.0331 0.0324 0.0317 0.0310 0.0303 0.0296 0.0290 0.0283 0.0276 0.0270 0.0264 0.0350
0.0373 0.0279 0.0286 0.0292 0.0299 0.0306 0.0313 0.0320 0.0327 0.0334 0.0342 0.0349 0.0357 0.0365 0.0373 0.0382 0.0401 0.0485 0.0570 0.0456 -0.0244 -0.1440 -0.2351 -0.2380 -0.2410 -0.2439 -0.2468 -0.2497 -0.2526 -0.2555 -0.2586 -0.2615 -0.2646 -0.2675 -0.2705 -0.2735 -0.2765 -0.2795 -0.2825 -0.2854 -0.2884 -0.2914 -0.2944 -0.2973 -0.3002 -0.3030 -0.3059 -0.3087 -0.3115 -0.3141 -0.3152 -0.3141 -0.3115 -0.3087 -0.3059 -0.3030 -0.3002 -0.2973 -0.2944 -0.2914 -0.2884 -0.2854 -0.2825 -0.2795 -0.2765 -0.2735 -0.2705 -0.2675 -0.2646 -0.2615 -0.2586 -0.2555 -0.2526 -0.2497 -0.2468 -0.2439 -0.2410 -0.2380 -0.2351 -0.1440 -0.0244 0.0456 0.0570 0.0485 0.0401 0.0382 0.0373 0.0365 0.0357 0.0349 0.0342 0.0334 0.0327 0.0320 0.0313 0.0306 0.0299 0.0292 0.0286 0.0279 0.0373
0.0397 0.0295 0.0302 0.0309 0.0316 0.0323 0.0330 0.0337 0.0345 0.0352 0.0360 0.0368 0.0376 0.0388 0.0420 0.0566 0.0571 0.0267 -0.0545 -0.1528 -0.2354 -0.2381 -0.2409 -0.2436 -0.2462 -0.2489 -0.2515 -0.2542 -0.2569 -0.2596 -0.2623 -0.2652 -0.2680 -0.2708 -0.2737 -0.2765 -0.2793 -0.2822 -0.2850 -0.2879 -0.2907 -0.2936 -0.2964 -0.2992 -0.3020 -0.3048 -0.3075 -0.3102 -0.3129 -0.3154 -0.3165 -0.3154 -0.3129 -0.3102 -0.3075 -0.3048 -0.3020 -0.2992 -0.2964 -0.2936 -0.2907 -0.2879 -0.2850 -0.2822 -0.2793 -0.2765 -0.2737 -0.2708 -0.2680 -0.2652 -0.2623 -0.2596 -0.2569 -0.2542 -0.2515 -0.2489 -0.2462 -0.2436 -0.2409 -0.2381 -0.2354 -0.1528 -0.0545 0.0267 0.0571 0.0566 0.0420 0.0388 0.0376 0.0368 0.0360 0.0352 0.0345 0.0337 0.0330 0.0323 0.0316 0.0309 0.0302 0.0295 0.0397
0.0421 0.0312 0.0319 0.0326 0.0333 0.0340 0.0348 0.0356 0.0363 0.0371 0.0380 0.0396 0.0458 0.0569 0.0538 -0.0004 -0.1004 -0.1954 -0.2362 -0.2388 -0.2412 -0.2438 -0.2463 -0.2487 -0.2512 -0.2536 -0.2561 -0.2586 -0.2610 -0.2636 -0.2661 -0.2687 -0.2714 -0.2741 -0.2768 -0.2795 -0.2822 -0.2849 -0.2876 -0.2904 -0.2931 -0.2958 -0.2986 -0.3013 -0.3039 -0.3066 -0.3092 -0.3118 -0.3144 -0.3168 -0.3178 -0.3168 -0.3144 -0.3118 -0.3092 -0.3066 -0.3039 -0.3013 -0.2986 -0.2958 -0.2931 -0.2904 -0.2876 -0.2849 -0.2822 -0.2795 -0.2768 -0.2741 -0.2714 -0.2687 -0.2661 -0.2636 -0.2610 -0.2586 -0.2561 -0.2536 -0.2512 -0.2487 -0.2463 -0.2438 -0.2412 -0.2388 -0.2362 -0.1954 -0.1004 -0.0004 0.0538 0.0569 0.0458 0.0396 0.0380 0.0371 0.0363 0.0356 0.0348 0.0340 0.0333 0.0326 0.0319 0.0312 0.0421
0.0447 0.0329 0.0336 0.0344 0.0351 0.0359 0.0367 0.0375 0.0385 0.0410 0.0537 0.0571 0.0364 -0.0357 -0.1358 -0.2347 -0.2372 -0.2397 -0.2421 -0.2445 -0.2468 -0.2490 -0.2513 -0.2537 -0.2559 -0.2582 -0.2605 -0.2628 -0.2651 -0.2675 -0.2699 -0.2723 -0.2748 -0.2774 -0.2799 -0.2825 -0.2850 -0.2876 -0.2902 -0.2928 -0.2955 -0.2981 -0.3007 -0.3033 -0.3058 -0.3084 -0.3109 -0.3134 -0.3159 -0.3181 -0.3191 -0.3181 -0.3159 -0.3134 -0.3109 -0.3084 -0.3058 -0.3033 -0.3007 -0.2981 -0.2955 -0.2928 -0.2902 -0.2876 -0.2850 -0.2825 -0.2799 -0.2774 -0.2748 -0.2723 -0.2699 -0.2675 -0.2651 -0.2628 -0.2605 -0.2582 -0.2559 -0.2537 -0.2513 -0.2490 -0.2468 -0.2445 -0.2421 -0.2397 -0.2372 -0.2347 -0.1358 -0.0357 0.0364 0.0571 0.0537 0.0410 0.0385 0.0375 0.0367 0.0359 0.0351 0.0344 0.0336 0.0329 0.0447
0.0474 0.0347 0.0354 0.0362 0.0370 0.0378 0.0392 0.0437 0.0568 0.0570 0.0125 -0.0811 -0.1756 -0.2357 -0.2383 -0.2407 -0.2431 -0.2454 -0.2476 -0.2498 -0.2519 -0.2541 -0.2562 -0.2583 -0.2605 -0.2627 -0.2648 -0.2669 -0.2691 -0.2713 -0.2736 -0.2759 -0.2782 -0.2806 -0.2830 -0.2854 -0.2879 -0.2904 -0.2928 -0.2953 -0.2978 -0.3003 -0.3029 -0.3053 -0.3078 -0.3102 -0.3126 -0.3150 -0.3174 -0.3195 -0.3205 -0.3195 -0.3174 -0.3150 -0.3126 -0.3102 -0.3078 -0.3053 -0.3029 -0.3003 -0.2978 -0.2953 -0.2928 -0.2904 -0.2879 -0.2854 -0.2830 -0.2806 -0.2782 -0.2759 -0.2736 -0.2713 -0.2691 -0.2669 -0.2648 -0.2627 -0.2605 -0.2583 -0.2562 -0.2541 -0.2519 -0.2498 -0.2476 -0.2454 -0.2431 -0.2407 -0.2383 -0.2357 -0.1756 -0.0811 0.0125 0.0570 0.0568 0.0437 0.0392 0.0378 0.0370 0.0362 0.0354 0.0347 0.0474
0.0502 0.0365 0.0373 0.0383 0.0403 0.0494 0.0570 0.0448 -0.0190 -0.1197 -0.2226 -0.2368 -0.2393 -0.2417 -0.2440 -0.2463 -0.2485 -0.2507 -0.2528 -0.2548 -0.2569 -0.2589 -0.2608 -0.2629 -0.2649 -0.2669 -0.2690 -0.2710 -0.2730 -0.2751 -0.2772 -0.2794 -0.2816 -0.2838 -0.2861 -0.2884 -0.2907 -0.2931 -0.2955 -0.2978 -0.3002 -0.3026 -0.3050 -0.3074 -0.3098 -0.3121 -0.3144 -0.3166 -0.3189 -0.3209 -0.3218 -0.3209 -0.3189 -0.3166 -0.3144 -0.3121 -0.3098 -0.3074 -0.3050 -0.3026 -0.3002 -0.2978 -0.2955 -0.2931 -0.2907 -0.2884 -0.2861 -0.2838 -0.2816 -0.2794 -0.2772 -0.2751 -0.2730 -0.2710 -0.2690 -0.2669 -0.2649 -0.2629 -0.2608 -0.2589 -0.2569 -0.2548 -0.2528 -0.2507 -0.2485 -0.2463 -0.2440 -0.2417 -0.2393 -0.2368 -0.2226 -0.1197 -0.0190 0.0448 0.0570 0.0494 0.0403 0.0383 0.0373 0.0365 0.0502
0.0536 0.0389 0.0423 0.0566 0.0571 0.0240 -0.0595 -0.1572 -0.2353 -0.2378 -0.2403 -0.2427 -0.2450 -0.2472 -0.2494 -0.2516 -0.2536 -0.2557 -0.2577 -0.2596 -0.2615 -0.2634 -0.2653 -0.2672 -0.2691 -0.2711 -0.2730 -0.2749 -0.2769 -0.2789 -0.2808 -0.2829 -0.2850 -0.2871 -0.2892 -0.2914 -0.2936 -0.2958 -0.2981 -0.3003 -0.3026 -0.3049 -0.3072 -0.3094 -0.3117 -0.3139 -0.3161 -0.3183 -0.3204 -0.3223 -0.3232 -0.3223 -0.3204 -0.3183 -0.3161 -0.3139 -0.3117 -0.3094 -0.3072 -0.3049 -0.3026 -0.3003 -0.2981 -0.2958 -0.2936 -0.2914 -0.2892 -0.2871 -0.2850 -0.2829 -0.2808 -0.2789 -0.2769 -0.2749 -0.2730 -0.2711 -0.2691 -0.2672 -0.2653 -0.2634 -0.2615 -0.2596 -0.2577 -0.2557 -0.2536 -0.2516 -0.2494 -0.2472 -0.2450 -0.2427 -0.2403 -0.2378 -0.2353 -0.1572 -0.0595 0.0240 0.0571 0.0566 0.0423 0.0389 0.0536
0.0723 0.0570 0.0521 -0.0039 -0.1042 -0.2006 -0.2363 -0.2388 -0.2413 -0.2436 -0.2459 -0.2481 -0.2503 -0.2524 -0.2545 -0.2565 -0.2585 -0.2604 -0.2623 -0.2642 -0.2660 -0.2678 -0.2696 -0.2714 -0.2732 -0.2750 -0.2769 -0.2788 -0.2806 -0.2825 -0.2844 -0.2863 -0.2883 -0.2903 -0.2923 -0.2944 -0.2964 -0.2986 -0.3007 -0.3029 -0.3050 -0.3072 -0.3093 -0.3115 -0.3136 -0.3158 -0.3178 -0.3199 -0.3219 -0.3237 -0.3245 -0.3237 -0.3219 -0.3199 -0.3178 -0.3158 -0.3136 -0.3115 -0.3093 -0.3072 -0.3050 -0.3029 -0.3007 -0.2986 -0.2964 -0.2944 -0.2923 -0.2903 -0.2883 -0.2863 -0.2844 -0.2825 -0.2806 -0.2788 -0.2769 -0.2750 -0.2732 -0.2714 -0.2696 -0.2678 -0.2660 -0.2642 -0.2623 -0.2604 -0.2585 -0.2565 -0.2545 -0.2524 -0.2503 -0.2481 -0.2459 -0.2436 -0.2413 -0.2388 -0.2363 -0.2006 -0.1042 -0.0039 0.0521 0.0570 0.0723
0.0352 -0.0406 -0.1400 -0.2348 -0.2374 -0.2398 -0.2422 -0.2446 -0.2468 -0.2490 -0.2512 -0.2533 -0.2553 -0.2573 -0.2593 -0.2612 -0.2631 -0.2649 -0.2668 -0.2686 -0.2703 -0.2721 -0.2738 -0.2755 -0.2772 -0.2790 -0.2807 -0.2825 -0.2843 -0.2861 -0.2879 -0.2897 -0.2915 -0.2934 -0.2953 -0.2973 -0.2992 -0.3013 -0.3033 -0.3053 -0.3074 -0.3094 -0.3115 -0.3135 -0.3156 -0.3176 -0.3196 -0.3215 -0.3234 -0.3251 -0.3258 -0.3251 -0.3234 -0.3215 -0.3196 -0.3176 -0.3156 -0.3135 -0.3115 -0.3094 -0.3074 -0.3053 -0.3033 -0.3013 -0.2992 -0.2973 -0.2953 -0.2934 -0.2915 -0.2897 -0.2879 -0.2861 -0.2843 -0.2825 -0.2807 -0.2790 -0.2772 -0.2755 -0.2738 -0.2721 -0.2703 -0.2686 -0.2668 -0.2649 -0.2631 -0.2612 -0.2593 -0.2573 -0.2553 -0.2533 -0.2512 -0.2490 -0.2468 -0.2446 -0.2422 -0.2398 -0.2374 -0.2348 -0.1400 -0.0406 0.0352
-0.1577 -0.2331 -0.2384 -0.2408 -0.2432 -0.2455 -0.2477 -0.2499 -0.2520 -0.2541 -0.2561 -0.2581 -0.2601 -0.2620 -0.2638 -0.2657 -0.2675 -0.2693 -0.2710 -0.2728 -0.2745 -0.2762 -0.2778 -0.2794 -0.2811 -0.2827 -0.2844 -0.2862 -0.2879 -0.2896 -0.2913 -0.2930 -0.2947 -0.2965 -0.2983 -0.3002 -0.3020 -0.3039 -0.3058 -0.3078 -0.3098 -0.3117 -0.3136 -0.3156 -0.3175 -0.3194 -0.3212 -0.3230 -0.3248 -0.3264 -0.3271 -0.3264 -0.3248 -0.3230 -0.3212 -0.3194 -0.3175 -0.3156 -0.3136 -0.3117 -0.3098 -0.3078 -0.3058 -0.3039 -0.3020 -0.3002 -0.2983 -0.2965 -0.2947 -0.2930 -0.2913 -0.2896 -0.2879 -0.2862 -0.2844 -0.2827 -0.2811 -0.2794 -0.2778 -0.2762 -0.2745 -0.2728 -0.2710 -0.2693 -0.2675 -0.2657 -0.2638 -0.2620 -0.2601 -0.2581 -0.2561 -0.2541 -0.2520 -0.2499 -0.2477 -0.2455 -0.2432 -0.2408 -0.2384 -0.2331 -0.1577
-0.2099 -0.2392 -0.2442 -0.2464 -0.2486 -0.2508 -0.2529 -0.2549 -0.2569 -0.2589 -0.2608 -0.2627 -0.2646 -0.2664 -0.2682 -0.2700 -0.2717 -0.2735 -0.2752 -0.2768 -0.2785 -0.2801 -0.2817 -0.2833 -0.2849 -0.2864 -0.2881 -0.2897 -0.2914 -0.2930 -0.2947 -0.2963 -0.2979 -0.2996 -0.3013 -0.3030 -0.3048 -0.3066 -0.3084 -0.3102 -0.3121 -0.3139 -0.3158 -0.3176 -0.3194 -0.3211 -0.3229 -0.3246 -0.3262 -0.3277 -0.3283 -0.3277 -0.3262 -0.3246 -0.3229 -0.3211 -0.3194 -0.3176 -0.3158 -0.3139 -0.3121 -0.3102 -0.3084 -0.3066 -0.3048 -0.3030 -0.3013 -0.2996 -0.2979 -0.2963 -0.2947 -0.2930 -0.2914 -0.2897 -0.2881 -0.2864 -0.2849 -0.2833 -0.2817 -0.2801 -0.2785 -0.2768 -0.2752 -0.2735 -0.2717 -0.2700 -0.2682 -0.2664 -0.2646 -0.2627 -0.2608 -0.2589 -0.2569 -0.2549 -0.2529 -0.2508 -0.2486 -0.2464 -0.2442 -0.2392 -0.2099
-0.2186 -0.2449 -0.2496 -0.2516 -0.2537 -0.2558 -0.2578 -0.2597 -0.2616 -0.2635 -0.2654 -0.2672 -0.2690 -0.2707 -0.2725 -0.2742 -0.2758 -0.2775 -0.2792 -0.2808 -0.2824 -0.2839 -0.2855 -0.2870 -0.2886 -0.2901 -0.2916 -0.2932 -0.2948 -0.2963 -0.2979 -0.2995 -0.3011 -0.3026 -0.3042 -0.3059 -0.3075 -0.3092 -0.3109 -0.3126 -0.3144 -0.3161 -0.3178 -0.3196 -0.3212 -0.3229 -0.3245 -0.3261 -0.3276 -0.3289 -0.3295 -0.3289 -0.3276 -0.3261 -0.3245 -0.3229 -0.3212 -0.3196 -0.3178 -0.3161 -0.3144 -0.3126 -0.3109 -0.3092 -0.3075 -0.3059 -0.3042 -0.3026 -0.3011 -0.2995 -0.2979 -0.2963 -0.2948 -0.2932 -0.2916 -0.2901 -0.2886 -0.2870 -0.2855 -0.2839 -0.2824 -0.2808 -0.2792 -0.2775 -0.2758 -0.2742 -0.2725 -0.2707 -0.2690 -0.2672 -0.2654 -0.2635 -0.2616 -0.2597 -0.2578 -0.2558 -0.2537 -0.2516 -0.2496 -0.2449 -0.2186
-0.2263 -0.2502 -0.2546 -0.2566 -0.2586 -0.2605 -0.2624 -0.2643 -0.2661 -0.2679 -0.2697 -0.2714 -0.2732 -0.2749 -0.2765 -0.2782 -0.2798 -0.2814 -0.2830 -0.2846 -0.2861 -0.2877 -0.2892 -0.2907 -0.2921 -0.2936 -0.2951 -0.2965 -0.2980 -0.2996 -0.3011 -0.3026 -0.3042 -0.3057 -0.3071 -0.3087 -0.3102 -0.3118 -0.3134 -0.3150 -0.3166 -0.3183 -0.3199 -0.3215 -0.3230 -0.3246 -0.3261 -0.3275 -0.3289 -0.3301 -0.3306 -0.3301 -0.3289 -0.3275 -0.3261 -0.3246 -0.3230 -0.3215 -0.3199 -0.3183 -0.3166 -0.3150 -0.3134 -0.3118 -0.3102 -0.3087 -0.3071 -0.3057 -0.3042 -0.3026 -0.3011 -0.2996 -0.2980 -0.2965 -0.2951 -0.2936 -0.2921 -0.2907 -0.2892 -0.2877 -0.2861 -0.2846 -0.2830 -0.2814 -0.2798 -0.2782 -0.2765 -0.2749 -0.2732 -0.2714 -0.2697 -0.2679 -0.2661 -0.2643 -0.2624 -0.2605 -0.2586 -0.2566 -0.2546 -0.2502 -0.2263
-0.2332 -0.2553 -0.2595 -0.2613 -0.2632 -0.2651 -0.2669 -0.2687 -0.2704 -0.2722 -0.2739 -0.2756 -0.2773 -0.2789 -0.2805 -0.2821 -0.2837 -0.2853 -0.2868 -0.2883 -0.2898 -0.2913 -0.2928 -0.2942 -0.2957 -0.2971 -0.2985 -0.2999 -0.3013 -0.3028 -0.3043 -0.3057 -0.3072 -0.3086 -0.3101 -0.3115 -0.3129 -0.3144 -0.3159 -0.3174 -0.3189 -0.3204 -0.3219 -0.3234 -0.3248 -0.3262 -0.3276 -0.3289 -0.3301 -0.3312 -0.3317 -0.3312 -0.3301 -0.3289 -0.3276 -0.3262 -0.3248 -0.3234 -0.3219 -0.3204 -0.3189 -0.3174 -0.3159 -0.3144 -0.3129 -0.3115 -0.3101 -0.3086 -0.3072 -0.3057 -0.3043 -0.3028 -0.3013 -0.2999 -0.2985 -0.2971 -0.2957 -0.2942 -0.2928 -0.2913 -0.2898 -0.2883 -0.2868 -0.2853 -0.2837 -0.2821 -0.2805 -0.2789 -0.2773 -0.2756 -0.2739 -0.2722 -0.2704 -0.2687 -0.2669 -0.2651 -0.2632 -0.2613 -0.2595 -0.2553 -0.2332
-0.2390 -0.2599 -0.2638 -0.2656 -0.2674 -0.2692 -0.2710 -0.2727 -0.2744 -0.2761 -0.2778 -0.2794 -0.2810 -0.2826 -0.2842 -0.2857 -0.2873 -0.2888 -0.2903 -0.2918 -0.2932 -0.2947 -0.2961 -0.2975 -0.2989 -0.3003 -0.3016 -0.3030 -0.3043 -0.3057 -0.3071 -0.3086 -0.3100 -0.3113 -0.3127 -0.3141 -0.3154 -0.3168 -0.3181 -0.3195 -0.3209 -0.3223 -0.3237 -0.3251 -0.3264 -0.3277 -0.3289 -0.3301 -0.3312 -0.3322 -0.3326 -0.3322 -0.3312 -0.3301 -0.3289 -0.3277 -0.3264 -0.3251 -0.3237 -0.3223 -0.3209 -0.3195 -0.3181 -0.3168 -0.3154 -0.3141 -0.3127 -0.3113 -0.3100 -0.3086 -0.3071 -0.3057 -0.3043 -0.3030 -0.3016 -0.3003 -0.2989 -0.2975 -0.2961 -0.2947 -0.2932 -0.2918 -0.2903 -0.2888 -0.2873 -0.2857 -0.2842 -0.2826 -0.2810 -0.2794 -0.2778 -0.2761 -0.2744 -0.2727 -0.2710 -0.2692 -0.2674 -0.2656 -0.2638 -0.2599 -0.2390
-0.2411 -0.2618 -0.2658 -0.2675 -0.2693 -0.2711 -0.2728 -0.2745 -0.2762 -0.2778 -0.2795 -0.2811 -0.2827 -0.2843 -0.2858 -0.2873 -0.2889 -0.2904 -0.2918 -0.2933 -0.2947 -0.2962 -0.2976 -0.2990 -0.3003 -0.3017 -0.3030 -0.3043 -0.3057 -0.3070 -0.3084 -0.3098 -0.3112 -0.3125 -0.3139 -0.3152 -0.3165 -0.3178 -0.3191 -0.3205 -0.3218 -0.3232 -0.3245 -0.3258 -0.3271 -0.3283 -0.3295 -0.3306 -0.3317 -0.3326 -0.3330 -0.3326 -0.3317 -0.3306 -0.3295 -0.3283 -0.3271 -0.3258 -0.3245 -0.3232 -0.3218 -0.3205 -0.3191 -0.3178 -0.3165 -0.3152 -0.3139 -0.3125 -0.3112 -0.3098 -0.3084 -0.3070 -0.3057 -0.3043 -0.3030 -0.3017 -0.3003 -0.2990 -0.2976 -0.2962 -0.2947 -0.2933 -0.2918 -0.2904 -0.2889 -0.2873 -0.2858 -0.2843 -0.2827 -0.2811 -0.2795 -0.2778 -0.2762 -0.2745 -0.2728 -0.2711 -0.2693 -0.2675 -0.2658 -0.2618 -0.2411
-0.2390 -0.2599 -0.2638 -0.2656 -0.2674 -0.2692 -0.2710 -0.2727 -0.2744 -0.2761 -0.2778 -0.2794 -0.2810 -0.2826 -0.2842 -0.2857 -0.2873 -0.2888 -0.2903 -0.2918 -0.2932 -0.2947 -0.2961 -0.2975 -0.2989 -0.3003 -0.3016 -0.3030 -0.3043 -0.3057 -0.3071 -0.3086 -0.3100 -0.3113 -0.3127 -0.3141 -0.3154 -0.3168 -0.3181 -0.3195 -0.3209 -0.3223 -0.3237 -0.3251 -0.3264 -0.3277 -0.3289 -0.3301 -0.3312 -0.3322 -0.3326 -0.3322 -0.3312 -0.3301 -0.3289 -0.3277 -0.3264 -0.3251 -0.3237 -0.3223 -0.3209 -0.3195 -0.3181 -0.3168 -0.3154 -0.3141 -0.3127 -0.3113 -0.3100 -0.3086 -0.3071 -0.3057 -0.3043 -0.3030 -0.3016 -0.3003 -0.2989 -0.2975 -0.2961 -0.2947 -0.2932 -0.2918 -0.2903 -0.2888 -0.2873 -0.2857 -0.2842 -0.2826 -0.2810 -0.2794 -0.2778 -0.2761 -0.2744 -0.2727 -0.2710 -0.2692 -0.2674 -0.2656 -0.2638 -0.2599 -0.2390
