0.3304 0.3254 0.3237 0.3214 0.3189 0.3162 0.3133 0.3103 0.3071 0.3038 0.3003 0.2967 0.2930 0.2891 0.2850 0.2808 0.2764 0.2719 0.2672 0.2622 0.2571 0.2518 0.2463 0.2405 0.2345 0.2283 0.2218 0.2151 0.2080 0.2008 0.1932 0.1853 0.1771 0.1685 0.1596 0.1504 0.1408 0.1308 0.1204 0.1095 0.0983 0.0865 0.0740 0.0601 0.0548 0.0548 0.0552 0.0556 0.0562 0.0569 0.0572 0.0569 0.0562 0.0556 0.0552 0.0548 0.0548 0.0601 0.0740 0.0865 0.0983 0.1095 0.1204 0.1308 0.1408 0.1504 0.1596 0.1685 0.1771 0.1853 0.1932 0.2008 0.2080 0.2151 0.2218 0.2283 0.2345 0.2405 0.2463 0.2518 0.2571 0.2622 0.2672 0.2719 0.2764 0.2808 0.2850 0.2891 0.2930 0.2967 0.3003 0.3038 0.3071 0.3103 0.3133 0.3162 0.3189 0.3214 0.3237 0.3254 0.3304
0.3254 0.3192 0.3170 0.3143 0.3114 0.3083 0.3050 0.3016 0.2981 0.2945 0.2907 0.2868 0.2827 0.2786 0.2742 0.2698 0.2651 0.2604 0.2554 0.2503 0.2450 0.2395 0.2339 0.2280 0.2220 0.2157 0.2092 0.2025 0.1956 0.1884 0.1810 0.1733 0.1653 0.1571 0.1486 0.1398 0.1307 0.1212 0.1115 0.1014 0.0909 0.0801 0.0683 0.0575 0.0562 0.0569 0.0578 0.0587 0.0597 0.0608 0.0613 0.0608 0.0597 0.0587 0.0578 0.0569 0.0562 0.0575 0.0683 0.0801 0.0909 0.1014 0.1115 0.1212 0.1307 0.1398 0.1486 0.1571 0.1653 0.1733 0.1810 0.1884 0.1956 0.2025 0.2092 0.2157 0.2220 0.2280 0.2339 0.2395 0.2450 0.2503 0.2554 0.2604 0.2651 0.2698 0.2742 0.2786 0.2827 0.2868 0.2907 0.2945 0.2981 0.3016 0.3050 0.3083 0.3114 0.3143 0.3170 0.3192 0.3254
0.3237 0.3170 0.3150 0.3125 0.3097 0.3067 0.3035 0.3001 0.2966 0.2930 0.2892 0.2852 0.2811 0.2769 0.2725 0.2680 0.2633 0.2584 0.2534 0.2482 0.2429 0.2373 0.2316 0.2257 0.2195 0.2132 0.2066 0.1998 0.1928 0.1855 0.1780 0.1702 0.1621 0.1538 0.1452 0.1362 0.1270 0.1174 0.1075 0.0973 0.0867 0.0757 0.0633 0.0565 0.0568 0.0576 0.0585 0.0595 0.0607 0.0618 0.0623 0.0618 0.0607 0.0595 0.0585 0.0576 0.0568 0.0565 0.0633 0.0757 0.0867 0.0973 0.1075 0.1174 0.1270 0.1362 0.1452 0.1538 0.1621 0.1702 0.1780 0.1855 0.1928 0.1998 0.2066 0.2132 0.2195 0.2257 0.2316 0.2373 0.2429 0.2482 0.2534 0.2584 0.2633 0.2680 0.2725 0.2769 0.2811 0.2852 0.2892 0.2930 0.2966 0.3001 0.3035 0.3067 0.3097 0.3125 0.3150 0.3170 0.3237
0.3214 0.3143 0.3125 0.3102 0.3076 0.3048 0.3017 0.2984 0.2949 0.2912 0.2874 0.2835 0.2794 0.2751 0.2706 0.2660 0.2613 0.2564 0.2513 0.2460 0.2406 0.2350 0.2292 0.2231 0.2169 0.2105 0.2038 0.1969 0.1898 0.1824 0.1748 0.1669 0.1587 0.1502 0.1415 0.1324 0.1231 0.1134 0.1033 0.0929 0.0822 0.0707 0.0590 0.0564 0.0572 0.0580 0.0589 0.0600 0.0611 0.0623 0.0629 0.0623 0.0611 0.0600 0.0589 0.0580 0.0572 0.0564 0.0590 0.0707 0.0822 0.0929 0.1033 0.1134 0.1231 0.1324 0.1415 0.1502 0.1587 0.1669 0.1748 0.1824 0.1898 0.1969 0.2038 0.2105 0.2169 0.2231 0.2292 0.2350 0.2406 0.2460 0.2513 0.2564 0.2613 0.2660 0.2706 0.2751 0.2794 0.2835 0.2874 0.2912 0.2949 0.2984 0.3017 0.3048 0.3076 0.3102 0.3125 0.3143 0.3214
0.3189 0.3114 0.3097 0.3076 0.3052 0.3026 0.2996 0.2964 0.2930 0.2894 0.2856 0.2817 0.2776 0.2733 0.2688 0.2641 0.2593 0.2543 0.2491 0.2438 0.2383 0.2326 0.2267 0.2206 0.2143 0.2077 0.2010 0.1940 0.1868 0.1793 0.1715 0.1635 0.1552 0.1467 0.1378 0.1286 0.1191 0.1092 0.0991 0.0885 0.0776 0.0655 0.0568 0.0567 0.0575 0.0584 0.0594 0.0604 0.0616 0.0628 0.0634 0.0628 0.0616 0.0604 0.0594 0.0584 0.0575 0.0567 0.0568 0.0655 0.0776 0.0885 0.0991 0.1092 0.1191 0.1286 0.1378 0.1467 0.1552 0.1635 0.1715 0.1793 0.1868 0.1940 0.2010 0.2077 0.2143 0.2206 0.2267 0.2326 0.2383 0.2438 0.2491 0.2543 0.2593 0.2641 0.2688 0.2733 0.2776 0.2817 0.2856 0.2894 0.2930 0.2964 0.2996 0.3026 0.3052 0.3076 0.3097 0.3114 0.3189
0.3162 0.3083 0.3067 0.3048 0.3026 0.3000 0.2973 0.2942 0.2909 0.2874 0.2837 0.2797 0.2756 0.2713 0.2668 0.2621 0.2572 0.2522 0.2469 0.2415 0.2360 0.2302 0.2242 0.2180 0.2116 0.2050 0.1981 0.1910 0.1837 0.1761 0.1682 0.1601 0.1517 0.1430 0.1340 0.1247 0.1150 0.1051 0.0947 0.0840 0.0728 0.0605 0.0563 0.0570 0.0578 0.0588 0.0598 0.0609 0.0621 0.0634 0.0640 0.0634 0.0621 0.0609 0.0598 0.0588 0.0578 0.0570 0.0563 0.0605 0.0728 0.0840 0.0947 0.1051 0.1150 0.1247 0.1340 0.1430 0.1517 0.1601 0.1682 0.1761 0.1837 0.1910 0.1981 0.2050 0.2116 0.2180 0.2242 0.2302 0.2360 0.2415 0.2469 0.2522 0.2572 0.2621 0.2668 0.2713 0.2756 0.2797 0.2837 0.2874 0.2909 0.2942 0.2973 0.3000 0.3026 0.3048 0.3067 0.3083 0.3162
0.3133 0.3050 0.3035 0.3017 0.2996 0.2973 0.2946 0.2917 0.2885 0.2851 0.2815 0.2776 0.2735 0.2692 0.2647 0.2600 0.2551 0.2500 0.2447 0.2392 0.2336 0.2277 0.2216 0.2154 0.2089 0.2021 0.1952 0.1880 0.1806 0.1729 0.1649 0.1567 0.1481 0.1393 0.1302 0.1207 0.1109 0.1008 0.0903 0.0795 0.0676 0.0574 0.0566 0.0574 0.0582 0.0592 0.0602 0.0614 0.0627 0.0640 0.0646 0.0640 0.0627 0.0614 0.0602 0.0592 0.0582 0.0574 0.0566 0.0574 0.0676 0.0795 0.0903 0.1008 0.1109 0.1207 0.1302 0.1393 0.1481 0.1567 0.1649 0.1729 0.1806 0.1880 0.1952 0.2021 0.2089 0.2154 0.2216 0.2277 0.2336 0.2392 0.2447 0.2500 0.2551 0.2600 0.2647 0.2692 0.2735 0.2776 0.2815 0.2851 0.2885 0.2917 0.2946 0.2973 0.2996 0.3017 0.3035 0.3050 0.3133
0.3103 0.3016 0.3001 0.2984 0.2964 0.2942 0.2917 0.2890 0.2859 0.2826 0.2790 0.2752 0.2712 0.2669 0.2624 0.2577 0.2529 0.2478 0.2425 0.2369 0.2312 0.2252 0.2191 0.2127 0.2061 0.1993 0.1922 0.1849 0.1774 0.1696 0.1615 0.1532 0.1445 0.1356 0.1263 0.1167 0.1068 0.0965 0.0859 0.0748 0.0624 0.0564 0.0569 0.0577 0.0586 0.0596 0.0607 0.0619 0.0632 0.0646 0.0652 0.0646 0.0632 0.0619 0.0607 0.0596 0.0586 0.0577 0.0569 0.0564 0.0624 0.0748 0.0859 0.0965 0.1068 0.1167 0.1263 0.1356 0.1445 0.1532 0.1615 0.1696 0.1774 0.1849 0.1922 0.1993 0.2061 0.2127 0.2191 0.2252 0.2312 0.2369 0.2425 0.2478 0.2529 0.2577 0.2624 0.2669 0.2712 0.2752 0.2790 0.2826 0.2859 0.2890 0.2917 0.2942 0.2964 0.2984 0.3001 0.3016 0.3103
0.3071 0.2981 0.2966 0.2949 0.2930 0.2909 0.2885 0.2859 0.2830 0.2798 0.2764 0.2726 0.2687 0.2644 0.2600 0.2554 0.2505 0.2454 0.2401 0.2345 0.2287 0.2227 0.2164 0.2100 0.2033 0.1964 0.1892 0.1818 0.1742 0.1663 0.1581 0.1496 0.1408 0.1317 0.1223 0.1126 0.1026 0.0921 0.0814 0.0698 0.0584 0.0565 0.0572 0.0581 0.0590 0.0601 0.0612 0.0624 0.0638 0.0652 0.0658 0.0652 0.0638 0.0624 0.0612 0.0601 0.0590 0.0581 0.0572 0.0565 0.0584 0.0698 0.0814 0.0921 0.1026 0.1126 0.1223 0.1317 0.1408 0.1496 0.1581 0.1663 0.1742 0.1818 0.1892 0.1964 0.2033 0.2100 0.2164 0.2227 0.2287 0.2345 0.2401 0.2454 0.2505 0.2554 0.2600 0.2644 0.2687 0.2726 0.2764 0.2798 0.2830 0.2859 0.2885 0.2909 0.2930 0.2949 0.2966 0.2981 0.3071
0.3038 0.2945 0.2930 0.2912 0.2894 0.2874 0.2851 0.2826 0.2798 0.2767 0.2734 0.2698 0.2659 0.2618 0.2575 0.2528 0.2479 0.2428 0.2375 0.2319 0.2262 0.2201 0.2138 0.2072 0.2005 0.1935 0.1862 0.1787 0.1709 0.1629 0.1546 0.1460 0.1371 0.1279 0.1183 0.1085 0.0983 0.0877 0.0767 0.0645 0.0566 0.0568 0.0576 0.0584 0.0594 0.0605 0.0617 0.0630 0.0644 0.0658 0.0665 0.0658 0.0644 0.0630 0.0617 0.0605 0.0594 0.0584 0.0576 0.0568 0.0566 0.0645 0.0767 0.0877 0.0983 0.1085 0.1183 0.1279 0.1371 0.1460 0.1546 0.1629 0.1709 0.1787 0.1862 0.1935 0.2005 0.2072 0.2138 0.2201 0.2262 0.2319 0.2375 0.2428 0.2479 0.2528 0.2575 0.2618 0.2659 0.2698 0.2734 0.2767 0.2798 0.2826 0.2851 0.2874 0.2894 0.2912 0.2930 0.2945 0.3038
0.3003 0.2907 0.2892 0.2874 0.2856 0.2837 0.2815 0.2790 0.2764 0.2734 0.2701 0.2666 0.2629 0.2589 0.2546 0.2500 0.2452 0.2401 0.2348 0.2293 0.2234 0.2174 0.2110 0.2045 0.1976 0.1905 0.1831 0.1755 0.1676 0.1595 0.1511 0.1423 0.1333 0.1240 0.1143 0.1043 0.0939 0.0832 0.0719 0.0598 0.0564 0.0571 0.0579 0.0588 0.0599 0.0610 0.0622 0.0635 0.0650 0.0664 0.0671 0.0664 0.0650 0.0635 0.0622 0.0610 0.0599 0.0588 0.0579 0.0571 0.0564 0.0598 0.0719 0.0832 0.0939 0.1043 0.1143 0.1240 0.1333 0.1423 0.1511 0.1595 0.1676 0.1755 0.1831 0.1905 0.1976 0.2045 0.2110 0.2174 0.2234 0.2293 0.2348 0.2401 0.2452 0.2500 0.2546 0.2589 0.2629 0.2666 0.2701 0.2734 0.2764 0.2790 0.2815 0.2837 0.2856 0.2874 0.2892 0.2907 0.3003
0.2967 0.2868 0.2852 0.2835 0.2817 0.2797 0.2776 0.2752 0.2726 0.2698 0.2666 0.2633 0.2596 0.2557 0.2515 0.2470 0.2422 0.2372 0.2319 0.2264 0.2206 0.2144 0.2081 0.2016 0.1947 0.1875 0.1800 0.1723 0.1643 0.1560 0.1475 0.1386 0.1295 0.1200 0.1102 0.1000 0.0895 0.0786 0.0667 0.0571 0.0566 0.0574 0.0583 0.0593 0.0603 0.0615 0.0628 0.0641 0.0656 0.0671 0.0678 0.0671 0.0656 0.0641 0.0628 0.0615 0.0603 0.0593 0.0583 0.0574 0.0566 0.0571 0.0667 0.0786 0.0895 0.1000 0.1102 0.1200 0.1295 0.1386 0.1475 0.1560 0.1643 0.1723 0.1800 0.1875 0.1947 0.2016 0.2081 0.2144 0.2206 0.2264 0.2319 0.2372 0.2422 0.2470 0.2515 0.2557 0.2596 0.2633 0.2666 0.2698 0.2726 0.2752 0.2776 0.2797 0.2817 0.2835 0.2852 0.2868 0.2967
0.2930 0.2827 0.2811 0.2794 0.2776 0.2756 0.2735 0.2712 0.2687 0.2659 0.2629 0.2596 0.2561 0.2522 0.2481 0.2437 0.2390 0.2341 0.2289 0.2233 0.2175 0.2114 0.2051 0.1984 0.1915 0.1843 0.1768 0.1690 0.1609 0.1525 0.1438 0.1349 0.1256 0.1160 0.1060 0.0957 0.0851 0.0739 0.0615 0.0563 0.0569 0.0578 0.0587 0.0597 0.0608 0.0620 0.0633 0.0647 0.0662 0.0677 0.0685 0.0677 0.0662 0.0647 0.0633 0.0620 0.0608 0.0597 0.0587 0.0578 0.0569 0.0563 0.0615 0.0739 0.0851 0.0957 0.1060 0.1160 0.1256 0.1349 0.1438 0.1525 0.1609 0.1690 0.1768 0.1843 0.1915 0.1984 0.2051 0.2114 0.2175 0.2233 0.2289 0.2341 0.2390 0.2437 0.2481 0.2522 0.2561 0.2596 0.2629 0.2659 0.2687 0.2712 0.2735 0.2756 0.2776 0.2794 0.2811 0.2827 0.2930
0.2891 0.2786 0.2769 0.2751 0.2733 0.2713 0.2692 0.2669 0.2644 0.2618 0.2589 0.2557 0.2522 0.2485 0.2445 0.2402 0.2356 0.2306 0.2255 0.2200 0.2142 0.2081 0.2018 0.1952 0.1882 0.1810 0.1735 0.1657 0.1574 0.1489 0.1401 0.1310 0.1216 0.1119 0.1018 0.0913 0.0805 0.0688 0.0579 0.0565 0.0573 0.0581 0.0591 0.0601 0.0613 0.0625 0.0639 0.0653 0.0669 0.0684 0.0692 0.0684 0.0669 0.0653 0.0639 0.0625 0.0613 0.0601 0.0591 0.0581 0.0573 0.0565 0.0579 0.0688 0.0805 0.0913 0.1018 0.1119 0.1216 0.1310 0.1401 0.1489 0.1574 0.1657 0.1735 0.1810 0.1882 0.1952 0.2018 0.2081 0.2142 0.2200 0.2255 0.2306 0.2356 0.2402 0.2445 0.2485 0.2522 0.2557 0.2589 0.2618 0.2644 0.2669 0.2692 0.2713 0.2733 0.2751 0.2769 0.2786 0.2891
0.2850 0.2742 0.2725 0.2706 0.2688 0.2668 0.2647 0.2624 0.2600 0.2575 0.2546 0.2515 0.2481 0.2445 0.2406 0.2364 0.2318 0.2270 0.2219 0.2165 0.2108 0.2047 0.1984 0.1917 0.1848 0.1775 0.1700 0.1621 0.1538 0.1453 0.1364 0.1272 0.1176 0.1077 0.0975 0.0869 0.0759 0.0635 0.0565 0.0568 0.0576 0.0585 0.0595 0.0606 0.0618 0.0631 0.0645 0.0659 0.0675 0.0691 0.0699 0.0691 0.0675 0.0659 0.0645 0.0631 0.0618 0.0606 0.0595 0.0585 0.0576 0.0568 0.0565 0.0635 0.0759 0.0869 0.0975 0.1077 0.1176 0.1272 0.1364 0.1453 0.1538 0.1621 0.1700 0.1775 0.1848 0.1917 0.1984 0.2047 0.2108 0.2165 0.2219 0.2270 0.2318 0.2364 0.2406 0.2445 0.2481 0.2515 0.2546 0.2575 0.2600 0.2624 0.2647 0.2668 0.2688 0.2706 0.2725 0.2742 0.2850
0.2808 0.2698 0.2680 0.2660 0.2641 0.2621 0.2600 0.2577 0.2554 0.2528 0.2500 0.2470 0.2437 0.2402 0.2364 0.2322 0.2278 0.2231 0.2180 0.2127 0.2070 0.2010 0.1947 0.1881 0.1811 0.1738 0.1662 0.1583 0.1501 0.1416 0.1326 0.1232 0.1136 0.1035 0.0931 0.0824 0.0709 0.0591 0.0564 0.0571 0.0580 0.0589 0.0600 0.0611 0.0623 0.0636 0.0651 0.0666 0.0682 0.0699 0.0707 0.0699 0.0682 0.0666 0.0651 0.0636 0.0623 0.0611 0.0600 0.0589 0.0580 0.0571 0.0564 0.0591 0.0709 0.0824 0.0931 0.1035 0.1136 0.1232 0.1326 0.1416 0.1501 0.1583 0.1662 0.1738 0.1811 0.1881 0.1947 0.2010 0.2070 0.2127 0.2180 0.2231 0.2278 0.2322 0.2364 0.2402 0.2437 0.2470 0.2500 0.2528 0.2554 0.2577 0.2600 0.2621 0.2641 0.2660 0.2680 0.2698 0.2808
0.2764 0.2651 0.2633 0.2613 0.2593 0.2572 0.2551 0.2529 0.2505 0.2479 0.2452 0.2422 0.2390 0.2356 0.2318 0.2278 0.2235 0.2188 0.2138 0.2085 0.2029 0.1970 0.1908 0.1841 0.1772 0.1699 0.1623 0.1544 0.1461 0.1375 0.1285 0.1191 0.1094 0.0993 0.0887 0.0778 0.0657 0.0568 0.0567 0.0575 0.0584 0.0593 0.0604 0.0616 0.0629 0.0642 0.0657 0.0672 0.0689 0.0706 0.0714 0.0706 0.0689 0.0672 0.0657 0.0642 0.0629 0.0616 0.0604 0.0593 0.0584 0.0575 0.0567 0.0568 0.0657 0.0778 0.0887 0.0993 0.1094 0.1191 0.1285 0.1375 0.1461 0.1544 0.1623 0.1699 0.1772 0.1841 0.1908 0.1970 0.2029 0.2085 0.2138 0.2188 0.2235 0.2278 0.2318 0.2356 0.2390 0.2422 0.2452 0.2479 0.2505 0.2529 0.2551 0.2572 0.2593 0.2613 0.2633 0.2651 0.2764
0.2719 0.2604 0.2584 0.2564 0.2543 0.2522 0.2500 0.2478 0.2454 0.2428 0.2401 0.2372 0.2341 0.2306 0.2270 0.2231 0.2188 0.2142 0.2093 0.2041 0.1986 0.1927 0.1865 0.1799 0.1730 0.1658 0.1582 0.1503 0.1420 0.1333 0.1242 0.1149 0.1051 0.0950 0.0842 0.0730 0.0607 0.0563 0.0570 0.0578 0.0588 0.0598 0.0609 0.0621 0.0634 0.0648 0.0663 0.0679 0.0696 0.0714 0.0722 0.0714 0.0696 0.0679 0.0663 0.0648 0.0634 0.0621 0.0609 0.0598 0.0588 0.0578 0.0570 0.0563 0.0607 0.0730 0.0842 0.0950 0.1051 0.1149 0.1242 0.1333 0.1420 0.1503 0.1582 0.1658 0.1730 0.1799 0.1865 0.1927 0.1986 0.2041 0.2093 0.2142 0.2188 0.2231 0.2270 0.2306 0.2341 0.2372 0.2401 0.2428 0.2454 0.2478 0.2500 0.2522 0.2543 0.2564 0.2584 0.2604 0.2719
0.2672 0.2554 0.2534 0.2513 0.2491 0.2469 0.2447 0.2425 0.2401 0.2375 0.2348 0.2319 0.2289 0.2255 0.2219 0.2180 0.2138 0.2093 0.2046 0.1994 0.1939 0.1881 0.1819 0.1754 0.1686 0.1614 0.1539 0.1460 0.1376 0.1289 0.1198 0.1103 0.1005 0.0903 0.0795 0.0679 0.0575 0.0566 0.0573 0.0582 0.0592 0.0602 0.0614 0.0626 0.0640 0.0654 0.0670 0.0686 0.0704 0.0722 0.0730 0.0722 0.0704 0.0686 0.0670 0.0654 0.0640 0.0626 0.0614 0.0602 0.0592 0.0582 0.0573 0.0566 0.0575 0.0679 0.0795 0.0903 0.1005 0.1103 0.1198 0.1289 0.1376 0.1460 0.1539 0.1614 0.1686 0.1754 0.1819 0.1881 0.1939 0.1994 0.2046 0.2093 0.2138 0.2180 0.2219 0.2255 0.2289 0.2319 0.2348 0.2375 0.2401 0.2425 0.2447 0.2469 0.2491 0.2513 0.2534 0.2554 0.2672
0.2622 0.2503 0.2482 0.2460 0.2438 0.2415 0.2392 0.2369 0.2345 0.2319 0.2293 0.2264 0.2233 0.2200 0.2165 0.2127 0.2085 0.2041 0.1994 0.1944 0.1889 0.1832 0.1770 0.1706 0.1639 0.1568 0.1493 0.1414 0.1330 0.1243 0.1151 0.1056 0.0957 0.0853 0.0746 0.0625 0.0564 0.0569 0.0577 0.0586 0.0596 0.0607 0.0619 0.0632 0.0646 0.0661 0.0676 0.0693 0.0711 0.0730 0.0738 0.0730 0.0711 0.0693 0.0676 0.0661 0.0646 0.0632 0.0619 0.0607 0.0596 0.0586 0.0577 0.0569 0.0564 0.0625 0.0746 0.0853 0.0957 0.1056 0.1151 0.1243 0.1330 0.1414 0.1493 0.1568 0.1639 0.1706 0.1770 0.1832 0.1889 0.1944 0.1994 0.2041 0.2085 0.2127 0.2165 0.2200 0.2233 0.2264 0.2293 0.2319 0.2345 0.2369 0.2392 0.2415 0.2438 0.2460 0.2482 0.2503 0.2622
0.2571 0.2450 0.2429 0.2406 0.2383 0.2360 0.2336 0.2312 0.2287 0.2262 0.2234 0.2206 0.2175 0.2142 0.2108 0.2070 0.2029 0.1986 0.1939 0.1889 0.1837 0.1779 0.1719 0.1654 0.1588 0.1517 0.1443 0.1364 0.1281 0.1193 0.1102 0.1006 0.0907 0.0803 0.0690 0.0581 0.0565 0.0572 0.0581 0.0590 0.0600 0.0612 0.0624 0.0638 0.0652 0.0667 0.0683 0.0701 0.0719 0.0738 0.0746 0.0738 0.0719 0.0701 0.0683 0.0667 0.0652 0.0638 0.0624 0.0612 0.0600 0.0590 0.0581 0.0572 0.0565 0.0581 0.0690 0.0803 0.0907 0.1006 0.1102 0.1193 0.1281 0.1364 0.1443 0.1517 0.1588 0.1654 0.1719 0.1779 0.1837 0.1889 0.1939 0.1986 0.2029 0.2070 0.2108 0.2142 0.2175 0.2206 0.2234 0.2262 0.2287 0.2312 0.2336 0.2360 0.2383 0.2406 0.2429 0.2450 0.2571
0.2518 0.2395 0.2373 0.2350 0.2326 0.2302 0.2277 0.2252 0.2227 0.2201 0.2174 0.2144 0.2114 0.2081 0.2047 0.2010 0.1970 0.1927 0.1881 0.1832 0.1779 0.1724 0.1664 0.1601 0.1534 0.1464 0.1390 0.1312 0.1229 0.1141 0.1050 0.0955 0.0855 0.0750 0.0630 0.0564 0.0568 0.0576 0.0585 0.0594 0.0605 0.0617 0.0630 0.0643 0.0658 0.0674 0.0690 0.0708 0.0727 0.0746 0.0755 0.0746 0.0727 0.0708 0.0690 0.0674 0.0658 0.0643 0.0630 0.0617 0.0605 0.0594 0.0585 0.0576 0.0568 0.0564 0.0630 0.0750 0.0855 0.0955 0.1050 0.1141 0.1229 0.1312 0.1390 0.1464 0.1534 0.1601 0.1664 0.1724 0.1779 0.1832 0.1881 0.1927 0.1970 0.2010 0.2047 0.2081 0.2114 0.2144 0.2174 0.2201 0.2227 0.2252 0.2277 0.2302 0.2326 0.2350 0.2373 0.2395 0.2518
0.2463 0.2339 0.2316 0.2292 0.2267 0.2242 0.2216 0.2191 0.2164 0.2138 0.2110 0.2081 0.2051 0.2018 0.1984 0.1947 0.1908 0.1865 0.1819 0.1770 0.1719 0.1664 0.1605 0.1543 0.1477 0.1407 0.1334 0.1255 0.1173 0.1087 0.0995 0.0901 0.0801 0.0691 0.0583 0.0564 0.0572 0.0580 0.0589 0.0599 0.0610 0.0622 0.0635 0.0649 0.0664 0.0681 0.0698 0.0716 0.0735 0.0755 0.0764 0.0755 0.0735 0.0716 0.0698 0.0681 0.0664 0.0649 0.0635 0.0622 0.0610 0.0599 0.0589 0.0580 0.0572 0.0564 0.0583 0.0691 0.0801 0.0901 0.0995 0.1087 0.1173 0.1255 0.1334 0.1407 0.1477 0.1543 0.1605 0.1664 0.1719 0.1770 0.1819 0.1865 0.1908 0.1947 0.1984 0.2018 0.2051 0.2081 0.2110 0.2138 0.2164 0.2191 0.2216 0.2242 0.2267 0.2292 0.2316 0.2339 0.2463
0.2405 0.2280 0.2257 0.2231 0.2206 0.2180 0.2154 0.2127 0.2100 0.2072 0.2045 0.2016 0.1984 0.1952 0.1917 0.1881 0.1841 0.1799 0.1754 0.1706 0.1654 0.1601 0.1543 0.1481 0.1415 0.1346 0.1272 0.1195 0.1114 0.1027 0.0937 0.0842 0.0742 0.0626 0.0564 0.0568 0.0575 0.0584 0.0593 0.0604 0.0615 0.0628 0.0641 0.0656 0.0671 0.0687 0.0705 0.0724 0.0744 0.0763 0.0773 0.0763 0.0744 0.0724 0.0705 0.0687 0.0671 0.0656 0.0641 0.0628 0.0615 0.0604 0.0593 0.0584 0.0575 0.0568 0.0564 0.0626 0.0742 0.0842 0.0937 0.1027 0.1114 0.1195 0.1272 0.1346 0.1415 0.1481 0.1543 0.1601 0.1654 0.1706 0.1754 0.1799 0.1841 0.1881 0.1917 0.1952 0.1984 0.2016 0.2045 0.2072 0.2100 0.2127 0.2154 0.2180 0.2206 0.2231 0.2257 0.2280 0.2405
0.2345 0.2220 0.2195 0.2169 0.2143 0.2116 0.2089 0.2061 0.2033 0.2005 0.1976 0.1947 0.1915 0.1882 0.1848 0.1811 0.1772 0.1730 0.1686 0.1639 0.1588 0.1534 0.1477 0.1415 0.1350 0.1281 0.1208 0.1131 0.1049 0.0964 0.0873 0.0780 0.0674 0.0576 0.0565 0.0572 0.0580 0.0589 0.0598 0.0609 0.0621 0.0634 0.0647 0.0662 0.0678 0.0695 0.0713 0.0732 0.0752 0.0772 0.0782 0.0772 0.0752 0.0732 0.0713 0.0695 0.0678 0.0662 0.0647 0.0634 0.0621 0.0609 0.0598 0.0589 0.0580 0.0572 0.0565 0.0576 0.0674 0.0780 0.0873 0.0964 0.1049 0.1131 0.1208 0.1281 0.1350 0.1415 0.1477 0.1534 0.1588 0.1639 0.1686 0.1730 0.1772 0.1811 0.1848 0.1882 0.1915 0.1947 0.1976 0.2005 0.2033 0.2061 0.2089 0.2116 0.2143 0.2169 0.2195 0.2220 0.2345
0.2283 0.2157 0.2132 0.2105 0.2077 0.2050 0.2021 0.1993 0.1964 0.1935 0.1905 0.1875 0.1843 0.1810 0.1775 0.1738 0.1699 0.1658 0.1614 0.1568 0.1517 0.1464 0.1407 0.1346 0.1281 0.1212 0.1140 0.1063 0.0981 0.0896 0.0806 0.0711 0.0604 0.0563 0.0569 0.0576 0.0584 0.0593 0.0604 0.0615 0.0627 0.0640 0.0654 0.0669 0.0685 0.0702 0.0720 0.0740 0.0761 0.0781 0.0791 0.0781 0.0761 0.0740 0.0720 0.0702 0.0685 0.0669 0.0654 0.0640 0.0627 0.0615 0.0604 0.0593 0.0584 0.0576 0.0569 0.0563 0.0604 0.0711 0.0806 0.0896 0.0981 0.1063 0.1140 0.1212 0.1281 0.1346 0.1407 0.1464 0.1517 0.1568 0.1614 0.1658 0.1699 0.1738 0.1775 0.1810 0.1843 0.1875 0.1905 0.1935 0.1964 0.1993 0.2021 0.2050 0.2077 0.2105 0.2132 0.2157 0.2283
0.2218 0.2092 0.2066 0.2038 0.2010 0.1981 0.1952 0.1922 0.1892 0.1862 0.1831 0.1800 0.1768 0.1735 0.1700 0.1662 0.1623 0.1582 0.1539 0.1493 0.1443 0.1390 0.1334 0.1272 0.1208 0.1140 0.1067 0.0991 0.0910 0.0824 0.0734 0.0631 0.0564 0.0566 0.0573 0.0581 0.0589 0.0599 0.0609 0.0621 0.0633 0.0647 0.0661 0.0676 0.0693 0.0710 0.0729 0.0748 0.0770 0.0791 0.0801 0.0791 0.0770 0.0748 0.0729 0.0710 0.0693 0.0676 0.0661 0.0647 0.0633 0.0621 0.0609 0.0599 0.0589 0.0581 0.0573 0.0566 0.0564 0.0631 0.0734 0.0824 0.0910 0.0991 0.1067 0.1140 0.1208 0.1272 0.1334 0.1390 0.1443 0.1493 0.1539 0.1582 0.1623 0.1662 0.1700 0.1735 0.1768 0.1800 0.1831 0.1862 0.1892 0.1922 0.1952 0.1981 0.2010 0.2038 0.2066 0.2092 0.2218
0.2151 0.2025 0.1998 0.1969 0.1940 0.1910 0.1880 0.1849 0.1818 0.1787 0.1755 0.1723 0.1690 0.1657 0.1621 0.1583 0.1544 0.1503 0.1460 0.1414 0.1364 0.1312 0.1255 0.1195 0.1131 0.1063 0.0991 0.0915 0.0835 0.0749 0.0650 0.0571 0.0565 0.0571 0.0578 0.0586 0.0595 0.0604 0.0615 0.0627 0.0640 0.0653 0.0668 0.0684 0.0701 0.0718 0.0737 0.0757 0.0779 0.0800 0.0811 0.0800 0.0779 0.0757 0.0737 0.0718 0.0701 0.0684 0.0668 0.0653 0.0640 0.0627 0.0615 0.0604 0.0595 0.0586 0.0578 0.0571 0.0565 0.0571 0.0650 0.0749 0.0835 0.0915 0.0991 0.1063 0.1131 0.1195 0.1255 0.1312 0.1364 0.1414 0.1460 0.1503 0.1544 0.1583 0.1621 0.1657 0.1690 0.1723 0.1755 0.1787 0.1818 0.1849 0.1880 0.1910 0.1940 0.1969 0.1998 0.2025 0.2151
0.2080 0.1956 0.1928 0.1898 0.1868 0.1837 0.1806 0.1774 0.1742 0.1709 0.1676 0.1643 0.1609 0.1574 0.1538 0.1501 0.1461 0.1420 0.1376 0.1330 0.1281 0.1229 0.1173 0.1114 0.1049 0.0981 0.0910 0.0835 0.0754 0.0661 0.0578 0.0564 0.0569 0.0576 0.0583 0.0591 0.0600 0.0610 0.0622 0.0634 0.0647 0.0661 0.0676 0.0692 0.0709 0.0727 0.0747 0.0767 0.0789 0.0810 0.0821 0.0810 0.0789 0.0767 0.0747 0.0727 0.0709 0.0692 0.0676 0.0661 0.0647 0.0634 0.0622 0.0610 0.0600 0.0591 0.0583 0.0576 0.0569 0.0564 0.0578 0.0661 0.0754 0.0835 0.0910 0.0981 0.1049 0.1114 0.1173 0.1229 0.1281 0.1330 0.1376 0.1420 0.1461 0.1501 0.1538 0.1574 0.1609 0.1643 0.1676 0.1709 0.1742 0.1774 0.1806 0.1837 0.1868 0.1898 0.1928 0.1956 0.2080
0.2008 0.1884 0.1855 0.1824 0.1793 0.1761 0.1729 0.1696 0.1663 0.1629 0.1595 0.1560 0.1525 0.1489 0.1453 0.1416 0.1375 0.1333 0.1289 0.1243 0.1193 0.1141 0.1087 0.1027 0.0964 0.0896 0.0824 0.0749 0.0661 0.0580 0.0563 0.0568 0.0574 0.0581 0.0589 0.0597 0.0607 0.0617 0.0628 0.0641 0.0654 0.0669 0.0684 0.0700 0.0718 0.0736 0.0756 0.0777 0.0799 0.0821 0.0832 0.0821 0.0799 0.0777 0.0756 0.0736 0.0718 0.0700 0.0684 0.0669 0.0654 0.0641 0.0628 0.0617 0.0607 0.0597 0.0589 0.0581 0.0574 0.0568 0.0563 0.0580 0.0661 0.0749 0.0824 0.0896 0.0964 0.1027 0.1087 0.1141 0.1193 0.1243 0.1289 0.1333 0.1375 0.1416 0.1453 0.1489 0.1525 0.1560 0.1595 0.1629 0.1663 0.1696 0.1729 0.1761 0.1793 0.1824 0.1855 0.1884 0.2008
0.1932 0.1810 0.1780 0.1748 0.1715 0.1682 0.1649 0.1615 0.1581 0.1546 0.1511 0.1475 0.1438 0.1401 0.1364 0.1326 0.1285 0.1242 0.1198 0.1151 0.1102 0.1050 0.0995 0.0937 0.0873 0.0806 0.0734 0.0650 0.0578 0.0563 0.0568 0.0574 0.0580 0.0588 0.0596 0.0604 0.0614 0.0625 0.0636 0.0649 0.0662 0.0677 0.0693 0.0709 0.0727 0.0746 0.0766 0.0787 0.0810 0.0833 0.0843 0.0833 0.0810 0.0787 0.0766 0.0746 0.0727 0.0709 0.0693 0.0677 0.0662 0.0649 0.0636 0.0625 0.0614 0.0604 0.0596 0.0588 0.0580 0.0574 0.0568 0.0563 0.0578 0.0650 0.0734 0.0806 0.0873 0.0937 0.0995 0.1050 0.1102 0.1151 0.1198 0.1242 0.1285 0.1326 0.1364 0.1401 0.1438 0.1475 0.1511 0.1546 0.1581 0.1615 0.1649 0.1682 0.1715 0.1748 0.1780 0.1810 0.1932
0.1853 0.1733 0.1702 0.1669 0.1635 0.1601 0.1567 0.1532 0.1496 0.1460 0.1423 0.1386 0.1349 0.1310 0.1272 0.1232 0.1191 0.1149 0.1103 0.1056 0.1006 0.0955 0.0901 0.0842 0.0780 0.0711 0.0631 0.0571 0.0564 0.0568 0.0574 0.0580 0.0587 0.0594 0.0603 0.0612 0.0622 0.0632 0.0644 0.0657 0.0671 0.0686 0.0702 0.0718 0.0736 0.0756 0.0776 0.0798 0.0821 0.0844 0.0855 0.0844 0.0821 0.0798 0.0776 0.0756 0.0736 0.0718 0.0702 0.0686 0.0671 0.0657 0.0644 0.0632 0.0622 0.0612 0.0603 0.0594 0.0587 0.0580 0.0574 0.0568 0.0564 0.0571 0.0631 0.0711 0.0780 0.0842 0.0901 0.0955 0.1006 0.1056 0.1103 0.1149 0.1191 0.1232 0.1272 0.1310 0.1349 0.1386 0.1423 0.1460 0.1496 0.1532 0.1567 0.1601 0.1635 0.1669 0.1702 0.1733 0.1853
0.1771 0.1653 0.1621 0.1587 0.1552 0.1517 0.1481 0.1445 0.1408 0.1371 0.1333 0.1295 0.1256 0.1216 0.1176 0.1136 0.1094 0.1051 0.1005 0.0957 0.0907 0.0855 0.0801 0.0742 0.0674 0.0604 0.0564 0.0565 0.0569 0.0574 0.0580 0.0587 0.0594 0.0602 0.0611 0.0620 0.0630 0.0641 0.0653 0.0666 0.0680 0.0695 0.0711 0.0728 0.0747 0.0766 0.0787 0.0809 0.0833 0.0856 0.0868 0.0856 0.0833 0.0809 0.0787 0.0766 0.0747 0.0728 0.0711 0.0695 0.0680 0.0666 0.0653 0.0641 0.0630 0.0620 0.0611 0.0602 0.0594 0.0587 0.0580 0.0574 0.0569 0.0565 0.0564 0.0604 0.0674 0.0742 0.0801 0.0855 0.0907 0.0957 0.1005 0.1051 0.1094 0.1136 0.1176 0.1216 0.1256 0.1295 0.1333 0.1371 0.1408 0.1445 0.1481 0.1517 0.1552 0.1587 0.1621 0.1653 0.1771
0.1685 0.1571 0.1538 0.1502 0.1467 0.1430 0.1393 0.1356 0.1317 0.1279 0.1240 0.1200 0.1160 0.1119 0.1077 0.1035 0.0993 0.0950 0.0903 0.0853 0.0803 0.0750 0.0691 0.0626 0.0576 0.0563 0.0566 0.0571 0.0576 0.0581 0.0588 0.0594 0.0602 0.0610 0.0619 0.0629 0.0639 0.0650 0.0663 0.0676 0.0690 0.0705 0.0722 0.0739 0.0757 0.0777 0.0798 0.0821 0.0845 0.0869 0.0880 0.0869 0.0845 0.0821 0.0798 0.0777 0.0757 0.0739 0.0722 0.0705 0.0690 0.0676 0.0663 0.0650 0.0639 0.0629 0.0619 0.0610 0.0602 0.0594 0.0588 0.0581 0.0576 0.0571 0.0566 0.0563 0.0576 0.0626 0.0691 0.0750 0.0803 0.0853 0.0903 0.0950 0.0993 0.1035 0.1077 0.1119 0.1160 0.1200 0.1240 0.1279 0.1317 0.1356 0.1393 0.1430 0.1467 0.1502 0.1538 0.1571 0.1685
0.1596 0.1486 0.1452 0.1415 0.1378 0.1340 0.1302 0.1263 0.1223 0.1183 0.1143 0.1102 0.1060 0.1018 0.0975 0.0931 0.0887 0.0842 0.0795 0.0746 0.0690 0.0630 0.0583 0.0564 0.0565 0.0569 0.0573 0.0578 0.0583 0.0589 0.0596 0.0603 0.0611 0.0619 0.0628 0.0638 0.0649 0.0660 0.0673 0.0686 0.0700 0.0716 0.0732 0.0750 0.0768 0.0789 0.0810 0.0833 0.0857 0.0882 0.0893 0.0882 0.0857 0.0833 0.0810 0.0789 0.0768 0.0750 0.0732 0.0716 0.0700 0.0686 0.0673 0.0660 0.0649 0.0638 0.0628 0.0619 0.0611 0.0603 0.0596 0.0589 0.0583 0.0578 0.0573 0.0569 0.0565 0.0564 0.0583 0.0630 0.0690 0.0746 0.0795 0.0842 0.0887 0.0931 0.0975 0.1018 0.1060 0.1102 0.1143 0.1183 0.1223 0.1263 0.1302 0.1340 0.1378 0.1415 0.1452 0.1486 0.1596
0.1504 0.1398 0.1362 0.1324 0.1286 0.1247 0.1207 0.1167 0.1126 0.1085 0.1043 0.1000 0.0957 0.0913 0.0869 0.0824 0.0778 0.0730 0.0679 0.0625 0.0581 0.0564 0.0564 0.0568 0.0572 0.0576 0.0581 0.0586 0.0591 0.0597 0.0604 0.0612 0.0620 0.0629 0.0638 0.0648 0.0659 0.0671 0.0684 0.0697 0.0712 0.0727 0.0744 0.0762 0.0781 0.0801 0.0822 0.0845 0.0870 0.0895 0.0907 0.0895 0.0870 0.0845 0.0822 0.0801 0.0781 0.0762 0.0744 0.0727 0.0712 0.0697 0.0684 0.0671 0.0659 0.0648 0.0638 0.0629 0.0620 0.0612 0.0604 0.0597 0.0591 0.0586 0.0581 0.0576 0.0572 0.0568 0.0564 0.0564 0.0581 0.0625 0.0679 0.0730 0.0778 0.0824 0.0869 0.0913 0.0957 0.1000 0.1043 0.1085 0.1126 0.1167 0.1207 0.1247 0.1286 0.1324 0.1362 0.1398 0.1504
0.1408 0.1307 0.1270 0.1231 0.1191 0.1150 0.1109 0.1068 0.1026 0.0983 0.0939 0.0895 0.0851 0.0805 0.0759 0.0709 0.0657 0.0607 0.0575 0.0564 0.0565 0.0568 0.0572 0.0575 0.0580 0.0584 0.0589 0.0595 0.0600 0.0607 0.0614 0.0622 0.0630 0.0639 0.0649 0.0659 0.0670 0.0683 0.0695 0.0709 0.0724 0.0740 0.0757 0.0775 0.0794 0.0814 0.0836 0.0859 0.0884 0.0909 0.0921 0.0909 0.0884 0.0859 0.0836 0.0814 0.0794 0.0775 0.0757 0.0740 0.0724 0.0709 0.0695 0.0683 0.0670 0.0659 0.0649 0.0639 0.0630 0.0622 0.0614 0.0607 0.0600 0.0595 0.0589 0.0584 0.0580 0.0575 0.0572 0.0568 0.0565 0.0564 0.0575 0.0607 0.0657 0.0709 0.0759 0.0805 0.0851 0.0895 0.0939 0.0983 0.1026 0.1068 0.1109 0.1150 0.1191 0.1231 0.1270 0.1307 0.1408
0.1308 0.1212 0.1174 0.1134 0.1092 0.1051 0.1008 0.0965 0.0921 0.0877 0.0832 0.0786 0.0739 0.0688 0.0635 0.0591 0.0568 0.0563 0.0566 0.0569 0.0572 0.0576 0.0580 0.0584 0.0589 0.0593 0.0599 0.0604 0.0610 0.0617 0.0625 0.0632 0.0641 0.0650 0.0660 0.0671 0.0683 0.0695 0.0708 0.0722 0.0737 0.0753 0.0770 0.0788 0.0807 0.0828 0.0850 0.0873 0.0898 0.0924 0.0936 0.0924 0.0898 0.0873 0.0850 0.0828 0.0807 0.0788 0.0770 0.0753 0.0737 0.0722 0.0708 0.0695 0.0683 0.0671 0.0660 0.0650 0.0641 0.0632 0.0625 0.0617 0.0610 0.0604 0.0599 0.0593 0.0589 0.0584 0.0580 0.0576 0.0572 0.0569 0.0566 0.0563 0.0568 0.0591 0.0635 0.0688 0.0739 0.0786 0.0832 0.0877 0.0921 0.0965 0.1008 0.1051 0.1092 0.1134 0.1174 0.1212 0.1308
0.1204 0.1115 0.1075 0.1033 0.0991 0.0947 0.0903 0.0859 0.0814 0.0767 0.0719 0.0667 0.0615 0.0579 0.0565 0.0564 0.0567 0.0570 0.0573 0.0577 0.0581 0.0585 0.0589 0.0593 0.0598 0.0604 0.0609 0.0615 0.0622 0.0628 0.0636 0.0644 0.0653 0.0663 0.0673 0.0684 0.0695 0.0708 0.0721 0.0735 0.0751 0.0767 0.0784 0.0803 0.0822 0.0843 0.0865 0.0888 0.0914 0.0939 0.0951 0.0939 0.0914 0.0888 0.0865 0.0843 0.0822 0.0803 0.0784 0.0767 0.0751 0.0735 0.0721 0.0708 0.0695 0.0684 0.0673 0.0663 0.0653 0.0644 0.0636 0.0628 0.0622 0.0615 0.0609 0.0604 0.0598 0.0593 0.0589 0.0585 0.0581 0.0577 0.0573 0.0570 0.0567 0.0564 0.0565 0.0579 0.0615 0.0667 0.0719 0.0767 0.0814 0.0859 0.0903 0.0947 0.0991 0.1033 0.1075 0.1115 0.1204
0.1095 0.1014 0.0973 0.0929 0.0885 0.0840 0.0795 0.0748 0.0698 0.0645 0.0598 0.0571 0.0563 0.0565 0.0568 0.0571 0.0575 0.0578 0.0582 0.0586 0.0590 0.0594 0.0599 0.0604 0.0609 0.0615 0.0621 0.0627 0.0634 0.0641 0.0649 0.0657 0.0666 0.0676 0.0686 0.0697 0.0709 0.0722 0.0735 0.0750 0.0765 0.0782 0.0800 0.0818 0.0838 0.0859 0.0881 0.0905 0.0930 0.0956 0.0968 0.0956 0.0930 0.0905 0.0881 0.0859 0.0838 0.0818 0.0800 0.0782 0.0765 0.0750 0.0735 0.0722 0.0709 0.0697 0.0686 0.0676 0.0666 0.0657 0.0649 0.0641 0.0634 0.0627 0.0621 0.0615 0.0609 0.0604 0.0599 0.0594 0.0590 0.0586 0.0582 0.0578 0.0575 0.0571 0.0568 0.0565 0.0563 0.0571 0.0598 0.0645 0.0698 0.0748 0.0795 0.0840 0.0885 0.0929 0.0973 0.1014 0.1095
0.0983 0.0909 0.0867 0.0822 0.0776 0.0728 0.0676 0.0624 0.0584 0.0566 0.0564 0.0566 0.0569 0.0573 0.0576 0.0580 0.0584 0.0588 0.0592 0.0596 0.0600 0.0605 0.0610 0.0615 0.0621 0.0627 0.0633 0.0640 0.0647 0.0654 0.0662 0.0671 0.0680 0.0690 0.0700 0.0712 0.0724 0.0737 0.0751 0.0765 0.0781 0.0798 0.0816 0.0835 0.0855 0.0876 0.0898 0.0922 0.0948 0.0974 0.0986 0.0974 0.0948 0.0922 0.0898 0.0876 0.0855 0.0835 0.0816 0.0798 0.0781 0.0765 0.0751 0.0737 0.0724 0.0712 0.0700 0.0690 0.0680 0.0671 0.0662 0.0654 0.0647 0.0640 0.0633 0.0627 0.0621 0.0615 0.0610 0.0605 0.0600 0.0596 0.0592 0.0588 0.0584 0.0580 0.0576 0.0573 0.0569 0.0566 0.0564 0.0566 0.0584 0.0624 0.0676 0.0728 0.0776 0.0822 0.0867 0.0909 0.0983
0.0865 0.0801 0.0757 0.0707 0.0655 0.0605 0.0574 0.0564 0.0565 0.0568 0.0571 0.0574 0.0578 0.0581 0.0585 0.0589 0.0593 0.0598 0.0602 0.0607 0.0612 0.0617 0.0622 0.0628 0.0634 0.0640 0.0647 0.0653 0.0661 0.0669 0.0677 0.0686 0.0695 0.0705 0.0716 0.0727 0.0740 0.0753 0.0767 0.0782 0.0798 0.0815 0.0833 0.0852 0.0872 0.0894 0.0917 0.0941 0.0967 0.0993 0.1005 0.0993 0.0967 0.0941 0.0917 0.0894 0.0872 0.0852 0.0833 0.0815 0.0798 0.0782 0.0767 0.0753 0.0740 0.0727 0.0716 0.0705 0.0695 0.0686 0.0677 0.0669 0.0661 0.0653 0.0647 0.0640 0.0634 0.0628 0.0622 0.0617 0.0612 0.0607 0.0602 0.0598 0.0593 0.0589 0.0585 0.0581 0.0578 0.0574 0.0571 0.0568 0.0565 0.0564 0.0574 0.0605 0.0655 0.0707 0.0757 0.0801 0.0865
0.0740 0.0683 0.0633 0.0590 0.0568 0.0563 0.0566 0.0569 0.0572 0.0576 0.0579 0.0583 0.0587 0.0591 0.0595 0.0600 0.0604 0.0609 0.0614 0.0619 0.0624 0.0630 0.0635 0.0641 0.0647 0.0654 0.0661 0.0668 0.0676 0.0684 0.0693 0.0702 0.0711 0.0722 0.0732 0.0744 0.0757 0.0770 0.0784 0.0800 0.0816 0.0833 0.0851 0.0870 0.0891 0.0913 0.0936 0.0961 0.0987 0.1013 0.1026 0.1013 0.0987 0.0961 0.0936 0.0913 0.0891 0.0870 0.0851 0.0833 0.0816 0.0800 0.0784 0.0770 0.0757 0.0744 0.0732 0.0722 0.0711 0.0702 0.0693 0.0684 0.0676 0.0668 0.0661 0.0654 0.0647 0.0641 0.0635 0.0630 0.0624 0.0619 0.0614 0.0609 0.0604 0.0600 0.0595 0.0591 0.0587 0.0583 0.0579 0.0576 0.0572 0.0569 0.0566 0.0563 0.0568 0.0590 0.0633 0.0683 0.0740
0.0601 0.0575 0.0565 0.0564 0.0567 0.0570 0.0574 0.0577 0.0581 0.0584 0.0588 0.0593 0.0597 0.0601 0.0606 0.0611 0.0616 0.0621 0.0626 0.0632 0.0638 0.0643 0.0649 0.0656 0.0662 0.0669 0.0676 0.0684 0.0692 0.0700 0.0709 0.0718 0.0728 0.0739 0.0750 0.0762 0.0775 0.0788 0.0803 0.0818 0.0835 0.0852 0.0870 0.0890 0.0911 0.0933 0.0956 0.0981 0.1008 0.1035 0.1047 0.1035 0.1008 0.0981 0.0956 0.0933 0.0911 0.0890 0.0870 0.0852 0.0835 0.0818 0.0803 0.0788 0.0775 0.0762 0.0750 0.0739 0.0728 0.0718 0.0709 0.0700 0.0692 0.0684 0.0676 0.0669 0.0662 0.0656 0.0649 0.0643 0.0638 0.0632 0.0626 0.0621 0.0616 0.0611 0.0606 0.0601 0.0597 0.0593 0.0588 0.0584 0.0581 0.0577 0.0574 0.0570 0.0567 0.0564 0.0565 0.0575 0.0601
0.0548 0.0562 0.0568 0.0572 0.0575 0.0578 0.0582 0.0586 0.0590 0.0594 0.0599 0.0603 0.0608 0.0613 0.0618 0.0623 0.0629 0.0634 0.0640 0.0646 0.0652 0.0658 0.0664 0.0671 0.0678 0.0685 0.0693 0.0701 0.0709 0.0718 0.0727 0.0736 0.0747 0.0757 0.0768 0.0781 0.0794 0.0807 0.0822 0.0838 0.0855 0.0872 0.0891 0.0911 0.0932 0.0954 0.0978 0.1003 0.1030 0.1057 0.1069 0.1057 0.1030 0.1003 0.0978 0.0954 0.0932 0.0911 0.0891 0.0872 0.0855 0.0838 0.0822 0.0807 0.0794 0.0781 0.0768 0.0757 0.0747 0.0736 0.0727 0.0718 0.0709 0.0701 0.0693 0.0685 0.0678 0.0671 0.0664 0.0658 0.0652 0.0646 0.0640 0.0634 0.0629 0.0623 0.0618 0.0613 0.0608 0.0603 0.0599 0.0594 0.0590 0.0586 0.0582 0.0578 0.0575 0.0572 0.0568 0.0562 0.0548
0.0548 0.0569 0.0576 0.0580 0.0584 0.0588 0.0592 0.0596 0.0601 0.0605 0.0610 0.0615 0.0620 0.0625 0.0631 0.0636 0.0642 0.0648 0.0654 0.0661 0.0667 0.0674 0.0681 0.0687 0.0695 0.0702 0.0710 0.0718 0.0727 0.0736 0.0746 0.0756 0.0766 0.0777 0.0789 0.0801 0.0814 0.0828 0.0843 0.0859 0.0876 0.0894 0.0913 0.0933 0.0954 0.0977 0.1001 0.1026 0.1053 0.1080 0.1093 0.1080 0.1053 0.1026 0.1001 0.0977 0.0954 0.0933 0.0913 0.0894 0.0876 0.0859 0.0843 0.0828 0.0814 0.0801 0.0789 0.0777 0.0766 0.0756 0.0746 0.0736 0.0727 0.0718 0.0710 0.0702 0.0695 0.0687 0.0681 0.0674 0.0667 0.0661 0.0654 0.0648 0.0642 0.0636 0.0631 0.0625 0.0620 0.0615 0.0610 0.0605 0.0601 0.0596 0.0592 0.0588 0.0584 0.0580 0.0576 0.0569 0.0548
0.0552 0.0578 0.0585 0.0589 0.0594 0.0598 0.0602 0.0607 0.0612 0.0617 0.0622 0.0628 0.0633 0.0639 0.0645 0.0651 0.0657 0.0663 0.0670 0.0676 0.0683 0.0690 0.0698 0.0705 0.0713 0.0720 0.0729 0.0737 0.0747 0.0756 0.0766 0.0776 0.0787 0.0798 0.0810 0.0822 0.0836 0.0850 0.0865 0.0881 0.0898 0.0917 0.0936 0.0956 0.0978 0.1001 0.1025 0.1050 0.1078 0.1105 0.1118 0.1105 0.1078 0.1050 0.1025 0.1001 0.0978 0.0956 0.0936 0.0917 0.0898 0.0881 0.0865 0.0850 0.0836 0.0822 0.0810 0.0798 0.0787 0.0776 0.0766 0.0756 0.0747 0.0737 0.0729 0.0720 0.0713 0.0705 0.0698 0.0690 0.0683 0.0676 0.0670 0.0663 0.0657 0.0651 0.0645 0.0639 0.0633 0.0628 0.0622 0.0617 0.0612 0.0607 0.0602 0.0598 0.0594 0.0589 0.0585 0.0578 0.0552
0.0556 0.0587 0.0595 0.0600 0.0604 0.0609 0.0614 0.0619 0.0624 0.0630 0.0635 0.0641 0.0647 0.0653 0.0659 0.0666 0.0672 0.0679 0.0686 0.0693 0.0701 0.0708 0.0716 0.0724 0.0732 0.0740 0.0748 0.0757 0.0767 0.0777 0.0787 0.0798 0.0809 0.0821 0.0833 0.0845 0.0859 0.0873 0.0888 0.0905 0.0922 0.0941 0.0961 0.0981 0.1003 0.1026 0.1050 0.1076 0.1104 0.1132 0.1145 0.1132 0.1104 0.1076 0.1050 0.1026 0.1003 0.0981 0.0961 0.0941 0.0922 0.0905 0.0888 0.0873 0.0859 0.0845 0.0833 0.0821 0.0809 0.0798 0.0787 0.0777 0.0767 0.0757 0.0748 0.0740 0.0732 0.0724 0.0716 0.0708 0.0701 0.0693 0.0686 0.0679 0.0672 0.0666 0.0659 0.0653 0.0647 0.0641 0.0635 0.0630 0.0624 0.0619 0.0614 0.0609 0.0604 0.0600 0.0595 0.0587 0.0556
0.0562 0.0597 0.0607 0.0611 0.0616 0.0621 0.0627 0.0632 0.0638 0.0644 0.0650 0.0656 0.0662 0.0669 0.0675 0.0682 0.0689 0.0696 0.0704 0.0711 0.0719 0.0727 0.0735 0.0744 0.0752 0.0761 0.0770 0.0779 0.0789 0.0799 0.0810 0.0821 0.0833 0.0845 0.0857 0.0870 0.0884 0.0898 0.0914 0.0930 0.0948 0.0967 0.0987 0.1008 0.1030 0.1053 0.1078 0.1104 0.1132 0.1159 0.1173 0.1159 0.1132 0.1104 0.1078 0.1053 0.1030 0.1008 0.0987 0.0967 0.0948 0.0930 0.0914 0.0898 0.0884 0.0870 0.0857 0.0845 0.0833 0.0821 0.0810 0.0799 0.0789 0.0779 0.0770 0.0761 0.0752 0.0744 0.0735 0.0727 0.0719 0.0711 0.0704 0.0696 0.0689 0.0682 0.0675 0.0669 0.0662 0.0656 0.0650 0.0644 0.0638 0.0632 0.0627 0.0621 0.0616 0.0611 0.0607 0.0597 0.0562
0.0569 0.0608 0.0618 0.0623 0.0628 0.0634 0.0640 0.0646 0.0652 0.0658 0.0664 0.0671 0.0677 0.0684 0.0691 0.0699 0.0706 0.0714 0.0722 0.0730 0.0738 0.0746 0.0755 0.0763 0.0772 0.0781 0.0791 0.0800 0.0810 0.0821 0.0833 0.0844 0.0856 0.0869 0.0882 0.0895 0.0909 0.0924 0.0939 0.0956 0.0974 0.0993 0.1013 0.1035 0.1057 0.1080 0.1105 0.1132 0.1159 0.1187 0.1200 0.1187 0.1159 0.1132 0.1105 0.1080 0.1057 0.1035 0.1013 0.0993 0.0974 0.0956 0.0939 0.0924 0.0909 0.0895 0.0882 0.0869 0.0856 0.0844 0.0833 0.0821 0.0810 0.0800 0.0791 0.0781 0.0772 0.0763 0.0755 0.0746 0.0738 0.0730 0.0722 0.0714 0.0706 0.0699 0.0691 0.0684 0.0677 0.0671 0.0664 0.0658 0.0652 0.0646 0.0640 0.0634 0.0628 0.0623 0.0618 0.0608 0.0569
0.0572 0.0613 0.0623 0.0629 0.0634 0.0640 0.0646 0.0652 0.0658 0.0665 0.0671 0.0678 0.0685 0.0692 0.0699 0.0707 0.0714 0.0722 0.0730 0.0738 0.0746 0.0755 0.0764 0.0773 0.0782 0.0791 0.0801 0.0811 0.0821 0.0832 0.0843 0.0855 0.0868 0.0880 0.0893 0.0907 0.0921 0.0936 0.0951 0.0968 0.0986 0.1005 0.1026 0.1047 0.1069 0.1093 0.1118 0.1145 0.1173 0.1200 0.1213 0.1200 0.1173 0.1145 0.1118 0.1093 0.1069 0.1047 0.1026 0.1005 0.0986 0.0968 0.0951 0.0936 0.0921 0.0907 0.0893 0.0880 0.0868 0.0855 0.0843 0.0832 0.0821 0.0811 0.0801 0.0791 0.0782 0.0773 0.0764 0.0755 0.0746 0.0738 0.0730 0.0722 0.0714 0.0707 0.0699 0.0692 0.0685 0.0678 0.0671 0.0665 0.0658 0.0652 0.0646 0.0640 0.0634 0.0629 0.0623 0.0613 0.0572
0.0569 0.0608 0.0618 0.0623 0.0628 0.0634 0.0640 0.0646 0.0652 0.0658 0.0664 0.0671 0.0677 0.0684 0.0691 0.0699 0.0706 0.0714 0.0722 0.0730 0.0738 0.0746 0.0755 0.0763 0.0772 0.0781 0.0791 0.0800 0.0810 0.0821 0.0833 0.0844 0.0856 0.0869 0.0882 0.0895 0.0909 0.0924 0.0939 0.0956 0.0974 0.0993 0.1013 0.1035 0.1057 0.1080 0.1105 0.1132 0.1159 0.1187 0.1200 0.1187 0.1159 0.1132 0.1105 0.1080 0.1057 0.1035 0.1013 0.0993 0.0974 0.0956 0.0939 0.0924 0.0909 0.0895 0.0882 0.0869 0.0856 0.0844 0.0833 0.0821 0.0810 0.0800 0.0791 0.0781 0.0772 0.0763 0.0755 0.0746 0.0738 0.0730 0.0722 0.0714 0.0706 0.0699 0.0691 0.0684 0.0677 0.0671 0.0664 0.0658 0.0652 0.0646 0.0640 0.0634 0.0628 0.0623 0.0618 0.0608 0.0569
0.0562 0.0597 0.0607 0.0611 0.0616 0.0621 0.0627 0.0632 0.0638 0.0644 0.0650 0.0656 0.0662 0.0669 0.0675 0.0682 0.0689 0.0696 0.0704 0.0711 0.0719 0.0727 0.0735 0.0744 0.0752 0.0761 0.0770 0.0779 0.0789 0.0799 0.0810 0.0821 0.0833 0.0845 0.0857 0.0870 0.0884 0.0898 0.0914 0.0930 0.0948 0.0967 0.0987 0.1008 0.1030 0.1053 0.1078 0.1104 0.1132 0.1159 0.1173 0.1159 0.1132 0.1104 0.1078 0.1053 0.1030 0.1008 0.0987 0.0967 0.0948 0.0930 0.0914 0.0898 0.0884 0.0870 0.0857 0.0845 0.0833 0.0821 0.0810 0.0799 0.0789 0.0779 0.0770 0.0761 0.0752 0.0744 0.0735 0.0727 0.0719 0.0711 0.0704 0.0696 0.0689 0.0682 0.0675 0.0669 0.0662 0.0656 0.0650 0.0644 0.0638 0.0632 0.0627 0.0621 0.0616 0.0611 0.0607 0.0597 0.0562
0.0556 0.0587 0.0595 0.0600 0.0604 0.0609 0.0614 0.0619 0.0624 0.0630 0.0635 0.0641 0.0647 0.0653 0.0659 0.0666 0.0672 0.0679 0.0686 0.0693 0.0701 0.0708 0.0716 0.0724 0.0732 0.0740 0.0748 0.0757 0.0767 0.0777 0.0787 0.0798 0.0809 0.0821 0.0833 0.0845 0.0859 0.0873 0.0888 0.0905 0.0922 0.0941 0.0961 0.0981 0.1003 0.1026 0.1050 0.1076 0.1104 0.1132 0.1145 0.1132 0.1104 0.1076 0.1050 0.1026 0.1003 0.0981 0.0961 0.0941 0.0922 0.0905 0.0888 0.0873 0.0859 0.0845 0.0833 0.0821 0.0809 0.0798 0.0787 0.0777 0.0767 0.0757 0.0748 0.0740 0.0732 0.0724 0.0716 0.0708 0.0701 0.0693 0.0686 0.0679 0.0672 0.0666 0.0659 0.0653 0.0647 0.0641 0.0635 0.0630 0.0624 0.0619 0.0614 0.0609 0.0604 0.0600 0.0595 0.0587 0.0556
0.0552 0.0578 0.0585 0.0589 0.0594 0.0598 0.0602 0.0607 0.0612 0.0617 0.0622 0.0628 0.0633 0.0639 0.0645 0.0651 0.0657 0.0663 0.0670 0.0676 0.0683 0.0690 0.0698 0.0705 0.0713 0.0720 0.0729 0.0737 0.0747 0.0756 0.0766 0.0776 0.0787 0.0798 0.0810 0.0822 0.0836 0.0850 0.0865 0.0881 0.0898 0.0917 0.0936 0.0956 0.0978 0.1001 0.1025 0.1050 0.1078 0.1105 0.1118 0.1105 0.1078 0.1050 0.1025 0.1001 0.0978 0.0956 0.0936 0.0917 0.0898 0.0881 0.0865 0.0850 0.0836 0.0822 0.0810 0.0798 0.0787 0.0776 0.0766 0.0756 0.0747 0.0737 0.0729 0.0720 0.0713 0.0705 0.0698 0.0690 0.0683 0.0676 0.0670 0.0663 0.0657 0.0651 0.0645 0.0639 0.0633 0.0628 0.0622 0.0617 0.0612 0.0607 0.0602 0.0598 0.0594 0.0589 0.0585 0.0578 0.0552
0.0548 0.0569 0.0576 0.0580 0.0584 0.0588 0.0592 0.0596 0.0601 0.0605 0.0610 0.0615 0.0620 0.0625 0.0631 0.0636 0.0642 0.0648 0.0654 0.0661 0.0667 0.0674 0.0681 0.0687 0.0695 0.0702 0.0710 0.0718 0.0727 0.0736 0.0746 0.0756 0.0766 0.0777 0.0789 0.0801 0.0814 0.0828 0.0843 0.0859 0.0876 0.0894 0.0913 0.0933 0.0954 0.0977 0.1001 0.1026 0.1053 0.1080 0.1093 0.1080 0.1053 0.1026 0.1001 0.0977 0.0954 0.0933 0.0913 0.0894 0.0876 0.0859 0.0843 0.0828 0.0814 0.0801 0.0789 0.0777 0.0766 0.0756 0.0746 0.0736 0.0727 0.0718 0.0710 0.0702 0.0695 0.0687 0.0681 0.0674 0.0667 0.0661 0.0654 0.0648 0.0642 0.0636 0.0631 0.0625 0.0620 0.0615 0.0610 0.0605 0.0601 0.0596 0.0592 0.0588 0.0584 0.0580 0.0576 0.0569 0.0548
