-0.1401 -0.2100 -0.2259 -0.2326 -0.2387 -0.2445 -0.2498 -0.2548 -0.2596 -0.2641 -0.2685 -0.2727 -0.2768 -0.2807 -0.2845 -0.2882 -0.2918 -0.2953 -0.2987 -0.3020 -0.3052 -0.3082 -0.3112 -0.3140 -0.3167 -0.3193 -0.3218 -0.3241 -0.3262 -0.3281 -0.3299 -0.3315 -0.3328 -0.3339 -0.3348 -0.3354 -0.3357 -0.3357 -0.3353 -0.3346 -0.3336 -0.3322 -0.3303 -0.3280 -0.3253 -0.3221 -0.3184 -0.3142 -0.3094 -0.3043 -0.3023 -0.3043 -0.3094 -0.3142 -0.3184 -0.3221 -0.3253 -0.3280 -0.3303 -0.3322 -0.3336 -0.3346 -0.3353 -0.3357 -0.3357 -0.3354 -0.3348 -0.3339 -0.3328 -0.3315 -0.3299 -0.3281 -0.3262 -0.3241 -0.3218 -0.3193 -0.3167 -0.3140 -0.3112 -0.3082 -0.3052 -0.3020 -0.2987 -0.2953 -0.2918 -0.2882 -0.2845 -0.2807 -0.2768 -0.2727 -0.2685 -0.2641 -0.2596 -0.2548 -0.2498 -0.2445 -0.2387 -0.2326 -0.2259 -0.2100 -0.1401
-0.2100 -0.2439 -0.2509 -0.2554 -0.2600 -0.2643 -0.2686 -0.2728 -0.2768 -0.2808 -0.2845 -0.2882 -0.2918 -0.2953 -0.2987 -0.3020 -0.3052 -0.3083 -0.3112 -0.3141 -0.3168 -0.3194 -0.3218 -0.3241 -0.3262 -0.3282 -0.3300 -0.3315 -0.3329 -0.3340 -0.3348 -0.3354 -0.3357 -0.3357 -0.3354 -0.3347 -0.3337 -0.3323 -0.3304 -0.3282 -0.3255 -0.3223 -0.3186 -0.3144 -0.3097 -0.3044 -0.2985 -0.2921 -0.2849 -0.2775 -0.2739 -0.2775 -0.2849 -0.2921 -0.2985 -0.3044 -0.3097 -0.3144 -0.3186 -0.3223 -0.3255 -0.3282 -0.3304 -0.3323 -0.3337 -0.3347 -0.3354 -0.3357 -0.3357 -0.3354 -0.3348 -0.3340 -0.3329 -0.3315 -0.3300 -0.3282 -0.3262 -0.3241 -0.3218 -0.3194 -0.3168 -0.3141 -0.3112 -0.3083 -0.3052 -0.3020 -0.2987 -0.2953 -0.2918 -0.2882 -0.2845 -0.2808 -0.2768 -0.2728 -0.2686 -0.2643 -0.2600 -0.2554 -0.2509 -0.2439 -0.2100
-0.2259 -0.2509 -0.2567 -0.2605 -0.2645 -0.2686 -0.2726 -0.2765 -0.2803 -0.2841 -0.2878 -0.2914 -0.2949 -0.2983 -0.3016 -0.3048 -0.3079 -0.3108 -0.3137 -0.3164 -0.3190 -0.3215 -0.3238 -0.3260 -0.3280 -0.3298 -0.3313 -0.3327 -0.3339 -0.3348 -0.3354 -0.3358 -0.3358 -0.3355 -0.3349 -0.3339 -0.3325 -0.3308 -0.3286 -0.3259 -0.3228 -0.3192 -0.3151 -0.3104 -0.3052 -0.2994 -0.2931 -0.2861 -0.2783 -0.2704 -0.2664 -0.2704 -0.2783 -0.2861 -0.2931 -0.2994 -0.3052 -0.3104 -0.3151 -0.3192 -0.3228 -0.3259 -0.3286 -0.3308 -0.3325 -0.3339 -0.3349 -0.3355 -0.3358 -0.3358 -0.3354 -0.3348 -0.3339 -0.3327 -0.3313 -0.3298 -0.3280 -0.3260 -0.3238 -0.3215 -0.3190 -0.3164 -0.3137 -0.3108 -0.3079 -0.3048 -0.3016 -0.2983 -0.2949 -0.2914 -0.2878 -0.2841 -0.2803 -0.2765 -0.2726 -0.2686 -0.2645 -0.2605 -0.2567 -0.2509 -0.2259
-0.2326 -0.2554 -0.2605 -0.2638 -0.2673 -0.2710 -0.2747 -0.2784 -0.2821 -0.2858 -0.2894 -0.2929 -0.2963 -0.2996 -0.3029 -0.3060 -0.3091 -0.3120 -0.3148 -0.3175 -0.3201 -0.3225 -0.3247 -0.3268 -0.3287 -0.3304 -0.3319 -0.3332 -0.3343 -0.3351 -0.3356 -0.3358 -0.3357 -0.3353 -0.3345 -0.3334 -0.3319 -0.3299 -0.3275 -0.3247 -0.3214 -0.3176 -0.3132 -0.3084 -0.3029 -0.2969 -0.2903 -0.2830 -0.2750 -0.2668 -0.2627 -0.2668 -0.2750 -0.2830 -0.2903 -0.2969 -0.3029 -0.3084 -0.3132 -0.3176 -0.3214 -0.3247 -0.3275 -0.3299 -0.3319 -0.3334 -0.3345 -0.3353 -0.3357 -0.3358 -0.3356 -0.3351 -0.3343 -0.3332 -0.3319 -0.3304 -0.3287 -0.3268 -0.3247 -0.3225 -0.3201 -0.3175 -0.3148 -0.3120 -0.3091 -0.3060 -0.3029 -0.2996 -0.2963 -0.2929 -0.2894 -0.2858 -0.2821 -0.2784 -0.2747 -0.2710 -0.2673 -0.2638 -0.2605 -0.2554 -0.2326
-0.2387 -0.2600 -0.2645 -0.2673 -0.2704 -0.2737 -0.2771 -0.2806 -0.2841 -0.2876 -0.2910 -0.2944 -0.2977 -0.3010 -0.3042 -0.3073 -0.3103 -0.3132 -0.3160 -0.3186 -0.3211 -0.3234 -0.3256 -0.3276 -0.3294 -0.3311 -0.3325 -0.3337 -0.3346 -0.3353 -0.3357 -0.3358 -0.3356 -0.3350 -0.3341 -0.3328 -0.3311 -0.3290 -0.3264 -0.3234 -0.3199 -0.3158 -0.3113 -0.3062 -0.3005 -0.2942 -0.2874 -0.2798 -0.2715 -0.2630 -0.2588 -0.2630 -0.2715 -0.2798 -0.2874 -0.2942 -0.3005 -0.3062 -0.3113 -0.3158 -0.3199 -0.3234 -0.3264 -0.3290 -0.3311 -0.3328 -0.3341 -0.3350 -0.3356 -0.3358 -0.3357 -0.3353 -0.3346 -0.3337 -0.3325 -0.3311 -0.3294 -0.3276 -0.3256 -0.3234 -0.3211 -0.3186 -0.3160 -0.3132 -0.3103 -0.3073 -0.3042 -0.3010 -0.2977 -0.2944 -0.2910 -0.2876 -0.2841 -0.2806 -0.2771 -0.2737 -0.2704 -0.2673 -0.2645 -0.2600 -0.2387
-0.2445 -0.2643 -0.2686 -0.2710 -0.2737 -0.2766 -0.2797 -0.2829 -0.2861 -0.2894 -0.2928 -0.2960 -0.2993 -0.3025 -0.3056 -0.3086 -0.3115 -0.3144 -0.3171 -0.3196 -0.3221 -0.3243 -0.3265 -0.3284 -0.3301 -0.3317 -0.3330 -0.3341 -0.3349 -0.3355 -0.3358 -0.3358 -0.3354 -0.3347 -0.3336 -0.3322 -0.3303 -0.3280 -0.3252 -0.3220 -0.3182 -0.3140 -0.3092 -0.3039 -0.2980 -0.2915 -0.2843 -0.2765 -0.2679 -0.2591 -0.2547 -0.2591 -0.2679 -0.2765 -0.2843 -0.2915 -0.2980 -0.3039 -0.3092 -0.3140 -0.3182 -0.3220 -0.3252 -0.3280 -0.3303 -0.3322 -0.3336 -0.3347 -0.3354 -0.3358 -0.3358 -0.3355 -0.3349 -0.3341 -0.3330 -0.3317 -0.3301 -0.3284 -0.3265 -0.3243 -0.3221 -0.3196 -0.3171 -0.3144 -0.3115 -0.3086 -0.3056 -0.3025 -0.2993 -0.2960 -0.2928 -0.2894 -0.2861 -0.2829 -0.2797 -0.2766 -0.2737 -0.2710 -0.2686 -0.2643 -0.2445
-0.2498 -0.2686 -0.2726 -0.2747 -0.2771 -0.2797 -0.2825 -0.2854 -0.2884 -0.2915 -0.2946 -0.2978 -0.3009 -0.3039 -0.3070 -0.3099 -0.3128 -0.3155 -0.3182 -0.3207 -0.3230 -0.3252 -0.3273 -0.3291 -0.3308 -0.3323 -0.3335 -0.3345 -0.3352 -0.3357 -0.3358 -0.3357 -0.3352 -0.3343 -0.3331 -0.3314 -0.3294 -0.3269 -0.3239 -0.3205 -0.3165 -0.3121 -0.3071 -0.3015 -0.2953 -0.2886 -0.2812 -0.2731 -0.2642 -0.2550 -0.2505 -0.2550 -0.2642 -0.2731 -0.2812 -0.2886 -0.2953 -0.3015 -0.3071 -0.3121 -0.3165 -0.3205 -0.3239 -0.3269 -0.3294 -0.3314 -0.3331 -0.3343 -0.3352 -0.3357 -0.3358 -0.3357 -0.3352 -0.3345 -0.3335 -0.3323 -0.3308 -0.3291 -0.3273 -0.3252 -0.3230 -0.3207 -0.3182 -0.3155 -0.3128 -0.3099 -0.3070 -0.3039 -0.3009 -0.2978 -0.2946 -0.2915 -0.2884 -0.2854 -0.2825 -0.2797 -0.2771 -0.2747 -0.2726 -0.2686 -0.2498
-0.2548 -0.2728 -0.2765 -0.2784 -0.2806 -0.2829 -0.2854 -0.2880 -0.2908 -0.2937 -0.2966 -0.2996 -0.3025 -0.3055 -0.3084 -0.3113 -0.3140 -0.3167 -0.3192 -0.3217 -0.3240 -0.3261 -0.3281 -0.3299 -0.3314 -0.3328 -0.3339 -0.3348 -0.3354 -0.3358 -0.3358 -0.3355 -0.3348 -0.3338 -0.3324 -0.3306 -0.3284 -0.3257 -0.3226 -0.3189 -0.3148 -0.3101 -0.3048 -0.2990 -0.2926 -0.2856 -0.2779 -0.2695 -0.2603 -0.2508 -0.2461 -0.2508 -0.2603 -0.2695 -0.2779 -0.2856 -0.2926 -0.2990 -0.3048 -0.3101 -0.3148 -0.3189 -0.3226 -0.3257 -0.3284 -0.3306 -0.3324 -0.3338 -0.3348 -0.3355 -0.3358 -0.3358 -0.3354 -0.3348 -0.3339 -0.3328 -0.3314 -0.3299 -0.3281 -0.3261 -0.3240 -0.3217 -0.3192 -0.3167 -0.3140 -0.3113 -0.3084 -0.3055 -0.3025 -0.2996 -0.2966 -0.2937 -0.2908 -0.2880 -0.2854 -0.2829 -0.2806 -0.2784 -0.2765 -0.2728 -0.2548
-0.2596 -0.2768 -0.2803 -0.2821 -0.2841 -0.2861 -0.2884 -0.2908 -0.2933 -0.2960 -0.2987 -0.3015 -0.3043 -0.3071 -0.3099 -0.3126 -0.3153 -0.3179 -0.3203 -0.3227 -0.3249 -0.3270 -0.3288 -0.3305 -0.3320 -0.3333 -0.3343 -0.3351 -0.3356 -0.3358 -0.3357 -0.3353 -0.3345 -0.3333 -0.3317 -0.3298 -0.3273 -0.3245 -0.3211 -0.3173 -0.3129 -0.3080 -0.3025 -0.2964 -0.2898 -0.2825 -0.2745 -0.2658 -0.2563 -0.2464 -0.2415 -0.2464 -0.2563 -0.2658 -0.2745 -0.2825 -0.2898 -0.2964 -0.3025 -0.3080 -0.3129 -0.3173 -0.3211 -0.3245 -0.3273 -0.3298 -0.3317 -0.3333 -0.3345 -0.3353 -0.3357 -0.3358 -0.3356 -0.3351 -0.3343 -0.3333 -0.3320 -0.3305 -0.3288 -0.3270 -0.3249 -0.3227 -0.3203 -0.3179 -0.3153 -0.3126 -0.3099 -0.3071 -0.3043 -0.3015 -0.2987 -0.2960 -0.2933 -0.2908 -0.2884 -0.2861 -0.2841 -0.2821 -0.2803 -0.2768 -0.2596
-0.2641 -0.2808 -0.2841 -0.2858 -0.2876 -0.2894 -0.2915 -0.2937 -0.2960 -0.2984 -0.3010 -0.3036 -0.3062 -0.3088 -0.3115 -0.3141 -0.3166 -0.3191 -0.3214 -0.3237 -0.3258 -0.3278 -0.3296 -0.3312 -0.3326 -0.3338 -0.3347 -0.3354 -0.3357 -0.3358 -0.3356 -0.3350 -0.3340 -0.3327 -0.3310 -0.3288 -0.3262 -0.3231 -0.3196 -0.3155 -0.3109 -0.3058 -0.3000 -0.2937 -0.2868 -0.2792 -0.2710 -0.2620 -0.2521 -0.2419 -0.2368 -0.2419 -0.2521 -0.2620 -0.2710 -0.2792 -0.2868 -0.2937 -0.3000 -0.3058 -0.3109 -0.3155 -0.3196 -0.3231 -0.3262 -0.3288 -0.3310 -0.3327 -0.3340 -0.3350 -0.3356 -0.3358 -0.3357 -0.3354 -0.3347 -0.3338 -0.3326 -0.3312 -0.3296 -0.3278 -0.3258 -0.3237 -0.3214 -0.3191 -0.3166 -0.3141 -0.3115 -0.3088 -0.3062 -0.3036 -0.3010 -0.2984 -0.2960 -0.2937 -0.2915 -0.2894 -0.2876 -0.2858 -0.2841 -0.2808 -0.2641
-0.2685 -0.2845 -0.2878 -0.2894 -0.2910 -0.2928 -0.2946 -0.2966 -0.2987 -0.3010 -0.3033 -0.3057 -0.3081 -0.3106 -0.3131 -0.3156 -0.3180 -0.3203 -0.3226 -0.3247 -0.3267 -0.3286 -0.3303 -0.3318 -0.3331 -0.3342 -0.3350 -0.3355 -0.3358 -0.3357 -0.3354 -0.3346 -0.3335 -0.3320 -0.3301 -0.3278 -0.3250 -0.3217 -0.3179 -0.3137 -0.3088 -0.3035 -0.2975 -0.2909 -0.2837 -0.2759 -0.2674 -0.2580 -0.2478 -0.2372 -0.2318 -0.2372 -0.2478 -0.2580 -0.2674 -0.2759 -0.2837 -0.2909 -0.2975 -0.3035 -0.3088 -0.3137 -0.3179 -0.3217 -0.3250 -0.3278 -0.3301 -0.3320 -0.3335 -0.3346 -0.3354 -0.3357 -0.3358 -0.3355 -0.3350 -0.3342 -0.3331 -0.3318 -0.3303 -0.3286 -0.3267 -0.3247 -0.3226 -0.3203 -0.3180 -0.3156 -0.3131 -0.3106 -0.3081 -0.3057 -0.3033 -0.3010 -0.2987 -0.2966 -0.2946 -0.2928 -0.2910 -0.2894 -0.2878 -0.2845 -0.2685
-0.2727 -0.2882 -0.2914 -0.2929 -0.2944 -0.2960 -0.2978 -0.2996 -0.3015 -0.3036 -0.3057 -0.3079 -0.3101 -0.3124 -0.3148 -0.3171 -0.3194 -0.3216 -0.3237 -0.3257 -0.3277 -0.3294 -0.3310 -0.3324 -0.3336 -0.3346 -0.3353 -0.3357 -0.3358 -0.3356 -0.3351 -0.3342 -0.3330 -0.3313 -0.3292 -0.3267 -0.3237 -0.3202 -0.3162 -0.3117 -0.3067 -0.3011 -0.2948 -0.2880 -0.2806 -0.2724 -0.2636 -0.2539 -0.2433 -0.2322 -0.2267 -0.2322 -0.2433 -0.2539 -0.2636 -0.2724 -0.2806 -0.2880 -0.2948 -0.3011 -0.3067 -0.3117 -0.3162 -0.3202 -0.3237 -0.3267 -0.3292 -0.3313 -0.3330 -0.3342 -0.3351 -0.3356 -0.3358 -0.3357 -0.3353 -0.3346 -0.3336 -0.3324 -0.3310 -0.3294 -0.3277 -0.3257 -0.3237 -0.3216 -0.3194 -0.3171 -0.3148 -0.3124 -0.3101 -0.3079 -0.3057 -0.3036 -0.3015 -0.2996 -0.2978 -0.2960 -0.2944 -0.2929 -0.2914 -0.2882 -0.2727
-0.2768 -0.2918 -0.2949 -0.2963 -0.2977 -0.2993 -0.3009 -0.3025 -0.3043 -0.3062 -0.3081 -0.3101 -0.3122 -0.3144 -0.3165 -0.3187 -0.3208 -0.3229 -0.3249 -0.3268 -0.3286 -0.3302 -0.3317 -0.3330 -0.3341 -0.3349 -0.3355 -0.3358 -0.3358 -0.3355 -0.3348 -0.3337 -0.3323 -0.3305 -0.3282 -0.3255 -0.3223 -0.3186 -0.3144 -0.3097 -0.3044 -0.2986 -0.2921 -0.2850 -0.2773 -0.2689 -0.2597 -0.2497 -0.2387 -0.2271 -0.2213 -0.2271 -0.2387 -0.2497 -0.2597 -0.2689 -0.2773 -0.2850 -0.2921 -0.2986 -0.3044 -0.3097 -0.3144 -0.3186 -0.3223 -0.3255 -0.3282 -0.3305 -0.3323 -0.3337 -0.3348 -0.3355 -0.3358 -0.3358 -0.3355 -0.3349 -0.3341 -0.3330 -0.3317 -0.3302 -0.3286 -0.3268 -0.3249 -0.3229 -0.3208 -0.3187 -0.3165 -0.3144 -0.3122 -0.3101 -0.3081 -0.3062 -0.3043 -0.3025 -0.3009 -0.2993 -0.2977 -0.2963 -0.2949 -0.2918 -0.2768
-0.2807 -0.2953 -0.2983 -0.2996 -0.3010 -0.3025 -0.3039 -0.3055 -0.3071 -0.3088 -0.3106 -0.3124 -0.3144 -0.3163 -0.3183 -0.3203 -0.3223 -0.3242 -0.3261 -0.3278 -0.3295 -0.3310 -0.3323 -0.3335 -0.3345 -0.3352 -0.3356 -0.3358 -0.3357 -0.3352 -0.3344 -0.3332 -0.3316 -0.3296 -0.3271 -0.3242 -0.3208 -0.3169 -0.3125 -0.3076 -0.3021 -0.2959 -0.2892 -0.2819 -0.2739 -0.2651 -0.2556 -0.2453 -0.2338 -0.2218 -0.2156 -0.2218 -0.2338 -0.2453 -0.2556 -0.2651 -0.2739 -0.2819 -0.2892 -0.2959 -0.3021 -0.3076 -0.3125 -0.3169 -0.3208 -0.3242 -0.3271 -0.3296 -0.3316 -0.3332 -0.3344 -0.3352 -0.3357 -0.3358 -0.3356 -0.3352 -0.3345 -0.3335 -0.3323 -0.3310 -0.3295 -0.3278 -0.3261 -0.3242 -0.3223 -0.3203 -0.3183 -0.3163 -0.3144 -0.3124 -0.3106 -0.3088 -0.3071 -0.3055 -0.3039 -0.3025 -0.3010 -0.2996 -0.2983 -0.2953 -0.2807
-0.2845 -0.2987 -0.3016 -0.3029 -0.3042 -0.3056 -0.3070 -0.3084 -0.3099 -0.3115 -0.3131 -0.3148 -0.3165 -0.3183 -0.3201 -0.3219 -0.3237 -0.3255 -0.3272 -0.3289 -0.3304 -0.3318 -0.3330 -0.3340 -0.3348 -0.3354 -0.3358 -0.3358 -0.3355 -0.3349 -0.3339 -0.3326 -0.3308 -0.3286 -0.3260 -0.3229 -0.3193 -0.3152 -0.3105 -0.3053 -0.2996 -0.2932 -0.2863 -0.2786 -0.2703 -0.2613 -0.2515 -0.2407 -0.2287 -0.2162 -0.2097 -0.2162 -0.2287 -0.2407 -0.2515 -0.2613 -0.2703 -0.2786 -0.2863 -0.2932 -0.2996 -0.3053 -0.3105 -0.3152 -0.3193 -0.3229 -0.3260 -0.3286 -0.3308 -0.3326 -0.3339 -0.3349 -0.3355 -0.3358 -0.3358 -0.3354 -0.3348 -0.3340 -0.3330 -0.3318 -0.3304 -0.3289 -0.3272 -0.3255 -0.3237 -0.3219 -0.3201 -0.3183 -0.3165 -0.3148 -0.3131 -0.3115 -0.3099 -0.3084 -0.3070 -0.3056 -0.3042 -0.3029 -0.3016 -0.2987 -0.2845
-0.2882 -0.3020 -0.3048 -0.3060 -0.3073 -0.3086 -0.3099 -0.3113 -0.3126 -0.3141 -0.3156 -0.3171 -0.3187 -0.3203 -0.3219 -0.3236 -0.3252 -0.3269 -0.3284 -0.3299 -0.3313 -0.3325 -0.3336 -0.3345 -0.3352 -0.3356 -0.3358 -0.3357 -0.3353 -0.3345 -0.3334 -0.3319 -0.3300 -0.3276 -0.3248 -0.3214 -0.3176 -0.3133 -0.3085 -0.3030 -0.2970 -0.2904 -0.2832 -0.2753 -0.2667 -0.2573 -0.2471 -0.2359 -0.2235 -0.2103 -0.2035 -0.2103 -0.2235 -0.2359 -0.2471 -0.2573 -0.2667 -0.2753 -0.2832 -0.2904 -0.2970 -0.3030 -0.3085 -0.3133 -0.3176 -0.3214 -0.3248 -0.3276 -0.3300 -0.3319 -0.3334 -0.3345 -0.3353 -0.3357 -0.3358 -0.3356 -0.3352 -0.3345 -0.3336 -0.3325 -0.3313 -0.3299 -0.3284 -0.3269 -0.3252 -0.3236 -0.3219 -0.3203 -0.3187 -0.3171 -0.3156 -0.3141 -0.3126 -0.3113 -0.3099 -0.3086 -0.3073 -0.3060 -0.3048 -0.3020 -0.2882
-0.2918 -0.3052 -0.3079 -0.3091 -0.3103 -0.3115 -0.3128 -0.3140 -0.3153 -0.3166 -0.3180 -0.3194 -0.3208 -0.3223 -0.3237 -0.3252 -0.3267 -0.3282 -0.3296 -0.3309 -0.3321 -0.3332 -0.3342 -0.3349 -0.3355 -0.3358 -0.3358 -0.3356 -0.3350 -0.3341 -0.3328 -0.3311 -0.3290 -0.3265 -0.3234 -0.3199 -0.3159 -0.3114 -0.3063 -0.3006 -0.2944 -0.2875 -0.2800 -0.2718 -0.2629 -0.2532 -0.2426 -0.2310 -0.2179 -0.2041 -0.1969 -0.2041 -0.2179 -0.2310 -0.2426 -0.2532 -0.2629 -0.2718 -0.2800 -0.2875 -0.2944 -0.3006 -0.3063 -0.3114 -0.3159 -0.3199 -0.3234 -0.3265 -0.3290 -0.3311 -0.3328 -0.3341 -0.3350 -0.3356 -0.3358 -0.3358 -0.3355 -0.3349 -0.3342 -0.3332 -0.3321 -0.3309 -0.3296 -0.3282 -0.3267 -0.3252 -0.3237 -0.3223 -0.3208 -0.3194 -0.3180 -0.3166 -0.3153 -0.3140 -0.3128 -0.3115 -0.3103 -0.3091 -0.3079 -0.3052 -0.2918
-0.2953 -0.3083 -0.3108 -0.3120 -0.3132 -0.3144 -0.3155 -0.3167 -0.3179 -0.3191 -0.3203 -0.3216 -0.3229 -0.3242 -0.3255 -0.3269 -0.3282 -0.3295 -0.3307 -0.3319 -0.3330 -0.3339 -0.3347 -0.3353 -0.3357 -0.3358 -0.3357 -0.3353 -0.3346 -0.3335 -0.3321 -0.3302 -0.3280 -0.3252 -0.3220 -0.3183 -0.3141 -0.3093 -0.3040 -0.2981 -0.2916 -0.2845 -0.2767 -0.2682 -0.2590 -0.2489 -0.2379 -0.2258 -0.2122 -0.1976 -0.1900 -0.1976 -0.2122 -0.2258 -0.2379 -0.2489 -0.2590 -0.2682 -0.2767 -0.2845 -0.2916 -0.2981 -0.3040 -0.3093 -0.3141 -0.3183 -0.3220 -0.3252 -0.3280 -0.3302 -0.3321 -0.3335 -0.3346 -0.3353 -0.3357 -0.3358 -0.3357 -0.3353 -0.3347 -0.3339 -0.3330 -0.3319 -0.3307 -0.3295 -0.3282 -0.3269 -0.3255 -0.3242 -0.3229 -0.3216 -0.3203 -0.3191 -0.3179 -0.3167 -0.3155 -0.3144 -0.3132 -0.3120 -0.3108 -0.3083 -0.2953
-0.2987 -0.3112 -0.3137 -0.3148 -0.3160 -0.3171 -0.3182 -0.3192 -0.3203 -0.3214 -0.3226 -0.3237 -0.3249 -0.3261 -0.3272 -0.3284 -0.3296 -0.3307 -0.3318 -0.3328 -0.3337 -0.3345 -0.3351 -0.3356 -0.3358 -0.3358 -0.3355 -0.3350 -0.3341 -0.3329 -0.3312 -0.3292 -0.3268 -0.3239 -0.3205 -0.3166 -0.3122 -0.3072 -0.3016 -0.2955 -0.2887 -0.2813 -0.2732 -0.2645 -0.2549 -0.2445 -0.2330 -0.2204 -0.2061 -0.1907 -0.1827 -0.1907 -0.2061 -0.2204 -0.2330 -0.2445 -0.2549 -0.2645 -0.2732 -0.2813 -0.2887 -0.2955 -0.3016 -0.3072 -0.3122 -0.3166 -0.3205 -0.3239 -0.3268 -0.3292 -0.3312 -0.3329 -0.3341 -0.3350 -0.3355 -0.3358 -0.3358 -0.3356 -0.3351 -0.3345 -0.3337 -0.3328 -0.3318 -0.3307 -0.3296 -0.3284 -0.3272 -0.3261 -0.3249 -0.3237 -0.3226 -0.3214 -0.3203 -0.3192 -0.3182 -0.3171 -0.3160 -0.3148 -0.3137 -0.3112 -0.2987
-0.3020 -0.3141 -0.3164 -0.3175 -0.3186 -0.3196 -0.3207 -0.3217 -0.3227 -0.3237 -0.3247 -0.3257 -0.3268 -0.3278 -0.3289 -0.3299 -0.3309 -0.3319 -0.3328 -0.3336 -0.3344 -0.3350 -0.3355 -0.3357 -0.3358 -0.3357 -0.3352 -0.3345 -0.3335 -0.3321 -0.3303 -0.3281 -0.3255 -0.3224 -0.3188 -0.3147 -0.3101 -0.3049 -0.2991 -0.2927 -0.2857 -0.2780 -0.2697 -0.2606 -0.2507 -0.2398 -0.2279 -0.2147 -0.1997 -0.1835 -0.1750 -0.1835 -0.1997 -0.2147 -0.2279 -0.2398 -0.2507 -0.2606 -0.2697 -0.2780 -0.2857 -0.2927 -0.2991 -0.3049 -0.3101 -0.3147 -0.3188 -0.3224 -0.3255 -0.3281 -0.3303 -0.3321 -0.3335 -0.3345 -0.3352 -0.3357 -0.3358 -0.3357 -0.3355 -0.3350 -0.3344 -0.3336 -0.3328 -0.3319 -0.3309 -0.3299 -0.3289 -0.3278 -0.3268 -0.3257 -0.3247 -0.3237 -0.3227 -0.3217 -0.3207 -0.3196 -0.3186 -0.3175 -0.3164 -0.3141 -0.3020
-0.3052 -0.3168 -0.3190 -0.3201 -0.3211 -0.3221 -0.3230 -0.3240 -0.3249 -0.3258 -0.3267 -0.3277 -0.3286 -0.3295 -0.3304 -0.3313 -0.3321 -0.3330 -0.3337 -0.3344 -0.3350 -0.3354 -0.3357 -0.3358 -0.3357 -0.3354 -0.3348 -0.3339 -0.3327 -0.3312 -0.3292 -0.3268 -0.3240 -0.3208 -0.3170 -0.3127 -0.3079 -0.3025 -0.2965 -0.2899 -0.2826 -0.2747 -0.2660 -0.2566 -0.2463 -0.2350 -0.2226 -0.2087 -0.1929 -0.1759 -0.1668 -0.1759 -0.1929 -0.2087 -0.2226 -0.2350 -0.2463 -0.2566 -0.2660 -0.2747 -0.2826 -0.2899 -0.2965 -0.3025 -0.3079 -0.3127 -0.3170 -0.3208 -0.3240 -0.3268 -0.3292 -0.3312 -0.3327 -0.3339 -0.3348 -0.3354 -0.3357 -0.3358 -0.3357 -0.3354 -0.3350 -0.3344 -0.3337 -0.3330 -0.3321 -0.3313 -0.3304 -0.3295 -0.3286 -0.3277 -0.3267 -0.3258 -0.3249 -0.3240 -0.3230 -0.3221 -0.3211 -0.3201 -0.3190 -0.3168 -0.3052
-0.3082 -0.3194 -0.3215 -0.3225 -0.3234 -0.3243 -0.3252 -0.3261 -0.3270 -0.3278 -0.3286 -0.3294 -0.3302 -0.3310 -0.3318 -0.3325 -0.3332 -0.3339 -0.3345 -0.3350 -0.3354 -0.3357 -0.3358 -0.3358 -0.3355 -0.3350 -0.3343 -0.3332 -0.3318 -0.3301 -0.3279 -0.3254 -0.3224 -0.3190 -0.3150 -0.3105 -0.3055 -0.2999 -0.2937 -0.2869 -0.2794 -0.2712 -0.2622 -0.2524 -0.2418 -0.2300 -0.2170 -0.2025 -0.1858 -0.1679 -0.1584 -0.1679 -0.1858 -0.2025 -0.2170 -0.2300 -0.2418 -0.2524 -0.2622 -0.2712 -0.2794 -0.2869 -0.2937 -0.2999 -0.3055 -0.3105 -0.3150 -0.3190 -0.3224 -0.3254 -0.3279 -0.3301 -0.3318 -0.3332 -0.3343 -0.3350 -0.3355 -0.3358 -0.3358 -0.3357 -0.3354 -0.3350 -0.3345 -0.3339 -0.3332 -0.3325 -0.3318 -0.3310 -0.3302 -0.3294 -0.3286 -0.3278 -0.3270 -0.3261 -0.3252 -0.3243 -0.3234 -0.3225 -0.3215 -0.3194 -0.3082
-0.3112 -0.3218 -0.3238 -0.3247 -0.3256 -0.3265 -0.3273 -0.3281 -0.3288 -0.3296 -0.3303 -0.3310 -0.3317 -0.3323 -0.3330 -0.3336 -0.3342 -0.3347 -0.3351 -0.3355 -0.3357 -0.3358 -0.3358 -0.3355 -0.3351 -0.3344 -0.3335 -0.3323 -0.3307 -0.3288 -0.3265 -0.3238 -0.3207 -0.3170 -0.3128 -0.3081 -0.3029 -0.2971 -0.2907 -0.2836 -0.2759 -0.2674 -0.2582 -0.2481 -0.2370 -0.2248 -0.2112 -0.1959 -0.1784 -0.1595 -0.1496 -0.1595 -0.1784 -0.1959 -0.2112 -0.2248 -0.2370 -0.2481 -0.2582 -0.2674 -0.2759 -0.2836 -0.2907 -0.2971 -0.3029 -0.3081 -0.3128 -0.3170 -0.3207 -0.3238 -0.3265 -0.3288 -0.3307 -0.3323 -0.3335 -0.3344 -0.3351 -0.3355 -0.3358 -0.3358 -0.3357 -0.3355 -0.3351 -0.3347 -0.3342 -0.3336 -0.3330 -0.3323 -0.3317 -0.3310 -0.3303 -0.3296 -0.3288 -0.3281 -0.3273 -0.3265 -0.3256 -0.3247 -0.3238 -0.3218 -0.3112
-0.3140 -0.3241 -0.3260 -0.3268 -0.3276 -0.3284 -0.3291 -0.3299 -0.3305 -0.3312 -0.3318 -0.3324 -0.3330 -0.3335 -0.3340 -0.3345 -0.3349 -0.3353 -0.3356 -0.3357 -0.3358 -0.3358 -0.3355 -0.3351 -0.3345 -0.3337 -0.3326 -0.3312 -0.3294 -0.3274 -0.3249 -0.3220 -0.3187 -0.3148 -0.3104 -0.3056 -0.3001 -0.2941 -0.2874 -0.2802 -0.2722 -0.2635 -0.2540 -0.2436 -0.2321 -0.2194 -0.2051 -0.1890 -0.1705 -0.1508 -0.1405 -0.1508 -0.1705 -0.1890 -0.2051 -0.2194 -0.2321 -0.2436 -0.2540 -0.2635 -0.2722 -0.2802 -0.2874 -0.2941 -0.3001 -0.3056 -0.3104 -0.3148 -0.3187 -0.3220 -0.3249 -0.3274 -0.3294 -0.3312 -0.3326 -0.3337 -0.3345 -0.3351 -0.3355 -0.3358 -0.3358 -0.3357 -0.3356 -0.3353 -0.3349 -0.3345 -0.3340 -0.3335 -0.3330 -0.3324 -0.3318 -0.3312 -0.3305 -0.3299 -0.3291 -0.3284 -0.3276 -0.3268 -0.3260 -0.3241 -0.3140
-0.3167 -0.3262 -0.3280 -0.3287 -0.3294 -0.3301 -0.3308 -0.3314 -0.3320 -0.3326 -0.3331 -0.3336 -0.3341 -0.3345 -0.3348 -0.3352 -0.3355 -0.3357 -0.3358 -0.3358 -0.3357 -0.3355 -0.3351 -0.3345 -0.3337 -0.3327 -0.3314 -0.3298 -0.3279 -0.3256 -0.3230 -0.3199 -0.3164 -0.3124 -0.3079 -0.3028 -0.2972 -0.2909 -0.2840 -0.2765 -0.2683 -0.2594 -0.2495 -0.2388 -0.2269 -0.2136 -0.1986 -0.1816 -0.1622 -0.1418 -0.1312 -0.1418 -0.1622 -0.1816 -0.1986 -0.2136 -0.2269 -0.2388 -0.2495 -0.2594 -0.2683 -0.2765 -0.2840 -0.2909 -0.2972 -0.3028 -0.3079 -0.3124 -0.3164 -0.3199 -0.3230 -0.3256 -0.3279 -0.3298 -0.3314 -0.3327 -0.3337 -0.3345 -0.3351 -0.3355 -0.3357 -0.3358 -0.3358 -0.3357 -0.3355 -0.3352 -0.3348 -0.3345 -0.3341 -0.3336 -0.3331 -0.3326 -0.3320 -0.3314 -0.3308 -0.3301 -0.3294 -0.3287 -0.3280 -0.3262 -0.3167
-0.3193 -0.3282 -0.3298 -0.3304 -0.3311 -0.3317 -0.3323 -0.3328 -0.3333 -0.3338 -0.3342 -0.3346 -0.3349 -0.3352 -0.3354 -0.3356 -0.3358 -0.3358 -0.3358 -0.3357 -0.3354 -0.3350 -0.3344 -0.3337 -0.3327 -0.3315 -0.3300 -0.3282 -0.3261 -0.3237 -0.3208 -0.3176 -0.3139 -0.3098 -0.3050 -0.2997 -0.2939 -0.2875 -0.2804 -0.2726 -0.2641 -0.2548 -0.2448 -0.2336 -0.2213 -0.2075 -0.1918 -0.1739 -0.1536 -0.1326 -0.1220 -0.1326 -0.1536 -0.1739 -0.1918 -0.2075 -0.2213 -0.2336 -0.2448 -0.2548 -0.2641 -0.2726 -0.2804 -0.2875 -0.2939 -0.2997 -0.3050 -0.3098 -0.3139 -0.3176 -0.3208 -0.3237 -0.3261 -0.3282 -0.3300 -0.3315 -0.3327 -0.3337 -0.3344 -0.3350 -0.3354 -0.3357 -0.3358 -0.3358 -0.3358 -0.3356 -0.3354 -0.3352 -0.3349 -0.3346 -0.3342 -0.3338 -0.3333 -0.3328 -0.3323 -0.3317 -0.3311 -0.3304 -0.3298 -0.3282 -0.3193
-0.3218 -0.3300 -0.3313 -0.3319 -0.3325 -0.3330 -0.3335 -0.3339 -0.3343 -0.3347 -0.3350 -0.3353 -0.3355 -0.3356 -0.3358 -0.3358 -0.3358 -0.3357 -0.3355 -0.3352 -0.3348 -0.3343 -0.3335 -0.3326 -0.3314 -0.3300 -0.3284 -0.3264 -0.3241 -0.3214 -0.3184 -0.3150 -0.3112 -0.3068 -0.3019 -0.2965 -0.2904 -0.2838 -0.2765 -0.2684 -0.2597 -0.2501 -0.2396 -0.2281 -0.2153 -0.2007 -0.1844 -0.1657 -0.1448 -0.1234 -0.1128 -0.1234 -0.1448 -0.1657 -0.1844 -0.2007 -0.2153 -0.2281 -0.2396 -0.2501 -0.2597 -0.2684 -0.2765 -0.2838 -0.2904 -0.2965 -0.3019 -0.3068 -0.3112 -0.3150 -0.3184 -0.3214 -0.3241 -0.3264 -0.3284 -0.3300 -0.3314 -0.3326 -0.3335 -0.3343 -0.3348 -0.3352 -0.3355 -0.3357 -0.3358 -0.3358 -0.3358 -0.3356 -0.3355 -0.3353 -0.3350 -0.3347 -0.3343 -0.3339 -0.3335 -0.3330 -0.3325 -0.3319 -0.3313 -0.3300 -0.3218
-0.3241 -0.3315 -0.3327 -0.3332 -0.3337 -0.3341 -0.3345 -0.3348 -0.3351 -0.3354 -0.3355 -0.3357 -0.3358 -0.3358 -0.3358 -0.3357 -0.3356 -0.3353 -0.3350 -0.3345 -0.3339 -0.3332 -0.3323 -0.3312 -0.3298 -0.3282 -0.3264 -0.3242 -0.3218 -0.3189 -0.3157 -0.3121 -0.3081 -0.3036 -0.2984 -0.2928 -0.2867 -0.2799 -0.2724 -0.2641 -0.2550 -0.2451 -0.2341 -0.2221 -0.2086 -0.1936 -0.1763 -0.1569 -0.1355 -0.1142 -0.1038 -0.1142 -0.1355 -0.1569 -0.1763 -0.1936 -0.2086 -0.2221 -0.2341 -0.2451 -0.2550 -0.2641 -0.2724 -0.2799 -0.2867 -0.2928 -0.2984 -0.3036 -0.3081 -0.3121 -0.3157 -0.3189 -0.3218 -0.3242 -0.3264 -0.3282 -0.3298 -0.3312 -0.3323 -0.3332 -0.3339 -0.3345 -0.3350 -0.3353 -0.3356 -0.3357 -0.3358 -0.3358 -0.3358 -0.3357 -0.3355 -0.3354 -0.3351 -0.3348 -0.3345 -0.3341 -0.3337 -0.3332 -0.3327 -0.3315 -0.3241
-0.3262 -0.3329 -0.3339 -0.3343 -0.3346 -0.3349 -0.3352 -0.3354 -0.3356 -0.3357 -0.3358 -0.3358 -0.3358 -0.3357 -0.3355 -0.3353 -0.3350 -0.3346 -0.3341 -0.3335 -0.3327 -0.3318 -0.3307 -0.3294 -0.3279 -0.3261 -0.3241 -0.3218 -0.3191 -0.3160 -0.3126 -0.3089 -0.3047 -0.2999 -0.2947 -0.2889 -0.2826 -0.2756 -0.2679 -0.2594 -0.2500 -0.2397 -0.2283 -0.2158 -0.2016 -0.1856 -0.1675 -0.1475 -0.1257 -0.1050 -0.0951 -0.1050 -0.1257 -0.1475 -0.1675 -0.1856 -0.2016 -0.2158 -0.2283 -0.2397 -0.2500 -0.2594 -0.2679 -0.2756 -0.2826 -0.2889 -0.2947 -0.2999 -0.3047 -0.3089 -0.3126 -0.3160 -0.3191 -0.3218 -0.3241 -0.3261 -0.3279 -0.3294 -0.3307 -0.3318 -0.3327 -0.3335 -0.3341 -0.3346 -0.3350 -0.3353 -0.3355 -0.3357 -0.3358 -0.3358 -0.3358 -0.3357 -0.3356 -0.3354 -0.3352 -0.3349 -0.3346 -0.3343 -0.3339 -0.3329 -0.3262
-0.3281 -0.3340 -0.3348 -0.3351 -0.3353 -0.3355 -0.3357 -0.3358 -0.3358 -0.3358 -0.3357 -0.3356 -0.3355 -0.3352 -0.3349 -0.3345 -0.3341 -0.3335 -0.3329 -0.3321 -0.3312 -0.3301 -0.3288 -0.3274 -0.3256 -0.3237 -0.3214 -0.3189 -0.3160 -0.3128 -0.3092 -0.3053 -0.3008 -0.2960 -0.2906 -0.2847 -0.2781 -0.2709 -0.2630 -0.2542 -0.2446 -0.2339 -0.2222 -0.2089 -0.1941 -0.1771 -0.1582 -0.1373 -0.1158 -0.0958 -0.0866 -0.0958 -0.1158 -0.1373 -0.1582 -0.1771 -0.1941 -0.2089 -0.2222 -0.2339 -0.2446 -0.2542 -0.2630 -0.2709 -0.2781 -0.2847 -0.2906 -0.2960 -0.3008 -0.3053 -0.3092 -0.3128 -0.3160 -0.3189 -0.3214 -0.3237 -0.3256 -0.3274 -0.3288 -0.3301 -0.3312 -0.3321 -0.3329 -0.3335 -0.3341 -0.3345 -0.3349 -0.3352 -0.3355 -0.3356 -0.3357 -0.3358 -0.3358 -0.3358 -0.3357 -0.3355 -0.3353 -0.3351 -0.3348 -0.3340 -0.3281
-0.3299 -0.3348 -0.3354 -0.3356 -0.3357 -0.3358 -0.3358 -0.3358 -0.3357 -0.3356 -0.3354 -0.3351 -0.3348 -0.3344 -0.3339 -0.3334 -0.3328 -0.3321 -0.3312 -0.3303 -0.3292 -0.3279 -0.3265 -0.3249 -0.3230 -0.3208 -0.3184 -0.3157 -0.3126 -0.3092 -0.3054 -0.3013 -0.2967 -0.2916 -0.2861 -0.2799 -0.2732 -0.2658 -0.2576 -0.2486 -0.2387 -0.2277 -0.2154 -0.2016 -0.1859 -0.1681 -0.1482 -0.1271 -0.1057 -0.0869 -0.0782 -0.0869 -0.1057 -0.1271 -0.1482 -0.1681 -0.1859 -0.2016 -0.2154 -0.2277 -0.2387 -0.2486 -0.2576 -0.2658 -0.2732 -0.2799 -0.2861 -0.2916 -0.2967 -0.3013 -0.3054 -0.3092 -0.3126 -0.3157 -0.3184 -0.3208 -0.3230 -0.3249 -0.3265 -0.3279 -0.3292 -0.3303 -0.3312 -0.3321 -0.3328 -0.3334 -0.3339 -0.3344 -0.3348 -0.3351 -0.3354 -0.3356 -0.3357 -0.3358 -0.3358 -0.3358 -0.3357 -0.3356 -0.3354 -0.3348 -0.3299
-0.3315 -0.3354 -0.3358 -0.3358 -0.3358 -0.3358 -0.3357 -0.3355 -0.3353 -0.3350 -0.3346 -0.3342 -0.3337 -0.3332 -0.3326 -0.3319 -0.3311 -0.3302 -0.3292 -0.3281 -0.3268 -0.3254 -0.3238 -0.3220 -0.3199 -0.3176 -0.3150 -0.3121 -0.3089 -0.3053 -0.3013 -0.2969 -0.2921 -0.2868 -0.2810 -0.2748 -0.2678 -0.2602 -0.2518 -0.2425 -0.2322 -0.2208 -0.2080 -0.1936 -0.1772 -0.1584 -0.1379 -0.1167 -0.0960 -0.0784 -0.0704 -0.0784 -0.0960 -0.1167 -0.1379 -0.1584 -0.1772 -0.1936 -0.2080 -0.2208 -0.2322 -0.2425 -0.2518 -0.2602 -0.2678 -0.2748 -0.2810 -0.2868 -0.2921 -0.2969 -0.3013 -0.3053 -0.3089 -0.3121 -0.3150 -0.3176 -0.3199 -0.3220 -0.3238 -0.3254 -0.3268 -0.3281 -0.3292 -0.3302 -0.3311 -0.3319 -0.3326 -0.3332 -0.3337 -0.3342 -0.3346 -0.3350 -0.3353 -0.3355 -0.3357 -0.3358 -0.3358 -0.3358 -0.3358 -0.3354 -0.3315
-0.3328 -0.3357 -0.3358 -0.3357 -0.3356 -0.3354 -0.3352 -0.3348 -0.3345 -0.3340 -0.3335 -0.3330 -0.3323 -0.3316 -0.3308 -0.3300 -0.3290 -0.3280 -0.3268 -0.3255 -0.3240 -0.3224 -0.3207 -0.3187 -0.3164 -0.3139 -0.3112 -0.3081 -0.3047 -0.3008 -0.2967 -0.2921 -0.2870 -0.2816 -0.2756 -0.2690 -0.2619 -0.2541 -0.2454 -0.2358 -0.2252 -0.2133 -0.1999 -0.1847 -0.1676 -0.1482 -0.1273 -0.1065 -0.0868 -0.0706 -0.0633 -0.0706 -0.0868 -0.1065 -0.1273 -0.1482 -0.1676 -0.1847 -0.1999 -0.2133 -0.2252 -0.2358 -0.2454 -0.2541 -0.2619 -0.2690 -0.2756 -0.2816 -0.2870 -0.2921 -0.2967 -0.3008 -0.3047 -0.3081 -0.3112 -0.3139 -0.3164 -0.3187 -0.3207 -0.3224 -0.3240 -0.3255 -0.3268 -0.3280 -0.3290 -0.3300 -0.3308 -0.3316 -0.3323 -0.3330 -0.3335 -0.3340 -0.3345 -0.3348 -0.3352 -0.3354 -0.3356 -0.3357 -0.3358 -0.3357 -0.3328
-0.3339 -0.3357 -0.3355 -0.3353 -0.3350 -0.3347 -0.3343 -0.3338 -0.3333 -0.3327 -0.3320 -0.3313 -0.3305 -0.3296 -0.3286 -0.3276 -0.3265 -0.3252 -0.3239 -0.3224 -0.3208 -0.3190 -0.3170 -0.3148 -0.3124 -0.3098 -0.3068 -0.3036 -0.2999 -0.2960 -0.2916 -0.2868 -0.2816 -0.2759 -0.2697 -0.2629 -0.2555 -0.2474 -0.2385 -0.2285 -0.2175 -0.2050 -0.1909 -0.1751 -0.1571 -0.1374 -0.1167 -0.0965 -0.0783 -0.0635 -0.0569 -0.0635 -0.0783 -0.0965 -0.1167 -0.1374 -0.1571 -0.1751 -0.1909 -0.2050 -0.2175 -0.2285 -0.2385 -0.2474 -0.2555 -0.2629 -0.2697 -0.2759 -0.2816 -0.2868 -0.2916 -0.2960 -0.2999 -0.3036 -0.3068 -0.3098 -0.3124 -0.3148 -0.3170 -0.3190 -0.3208 -0.3224 -0.3239 -0.3252 -0.3265 -0.3276 -0.3286 -0.3296 -0.3305 -0.3313 -0.3320 -0.3327 -0.3333 -0.3338 -0.3343 -0.3347 -0.3350 -0.3353 -0.3355 -0.3357 -0.3339
-0.3348 -0.3354 -0.3349 -0.3345 -0.3341 -0.3336 -0.3331 -0.3324 -0.3317 -0.3310 -0.3301 -0.3292 -0.3282 -0.3271 -0.3260 -0.3248 -0.3234 -0.3220 -0.3205 -0.3188 -0.3170 -0.3150 -0.3128 -0.3104 -0.3079 -0.3050 -0.3019 -0.2984 -0.2947 -0.2906 -0.2861 -0.2810 -0.2756 -0.2697 -0.2632 -0.2562 -0.2485 -0.2401 -0.2309 -0.2205 -0.2089 -0.1957 -0.1809 -0.1642 -0.1458 -0.1259 -0.1059 -0.0871 -0.0704 -0.0571 -0.0511 -0.0571 -0.0704 -0.0871 -0.1059 -0.1259 -0.1458 -0.1642 -0.1809 -0.1957 -0.2089 -0.2205 -0.2309 -0.2401 -0.2485 -0.2562 -0.2632 -0.2697 -0.2756 -0.2810 -0.2861 -0.2906 -0.2947 -0.2984 -0.3019 -0.3050 -0.3079 -0.3104 -0.3128 -0.3150 -0.3170 -0.3188 -0.3205 -0.3220 -0.3234 -0.3248 -0.3260 -0.3271 -0.3282 -0.3292 -0.3301 -0.3310 -0.3317 -0.3324 -0.3331 -0.3336 -0.3341 -0.3345 -0.3349 -0.3354 -0.3348
-0.3354 -0.3347 -0.3339 -0.3334 -0.3328 -0.3322 -0.3314 -0.3306 -0.3298 -0.3288 -0.3278 -0.3267 -0.3255 -0.3242 -0.3229 -0.3214 -0.3199 -0.3183 -0.3166 -0.3147 -0.3127 -0.3105 -0.3081 -0.3056 -0.3028 -0.2997 -0.2965 -0.2928 -0.2889 -0.2847 -0.2799 -0.2748 -0.2690 -0.2629 -0.2562 -0.2488 -0.2409 -0.2321 -0.2224 -0.2117 -0.1994 -0.1856 -0.1698 -0.1525 -0.1337 -0.1143 -0.0952 -0.0780 -0.0632 -0.0512 -0.0460 -0.0512 -0.0632 -0.0780 -0.0952 -0.1143 -0.1337 -0.1525 -0.1698 -0.1856 -0.1994 -0.2117 -0.2224 -0.2321 -0.2409 -0.2488 -0.2562 -0.2629 -0.2690 -0.2748 -0.2799 -0.2847 -0.2889 -0.2928 -0.2965 -0.2997 -0.3028 -0.3056 -0.3081 -0.3105 -0.3127 -0.3147 -0.3166 -0.3183 -0.3199 -0.3214 -0.3229 -0.3242 -0.3255 -0.3267 -0.3278 -0.3288 -0.3298 -0.3306 -0.3314 -0.3322 -0.3328 -0.3334 -0.3339 -0.3347 -0.3354
-0.3357 -0.3337 -0.3325 -0.3319 -0.3311 -0.3303 -0.3294 -0.3284 -0.3273 -0.3262 -0.3250 -0.3237 -0.3223 -0.3208 -0.3193 -0.3176 -0.3159 -0.3141 -0.3122 -0.3101 -0.3079 -0.3055 -0.3029 -0.3001 -0.2972 -0.2939 -0.2904 -0.2867 -0.2826 -0.2781 -0.2732 -0.2678 -0.2619 -0.2555 -0.2485 -0.2409 -0.2325 -0.2234 -0.2131 -0.2017 -0.1888 -0.1741 -0.1578 -0.1398 -0.1210 -0.1023 -0.0848 -0.0694 -0.0563 -0.0459 -0.0411 -0.0459 -0.0563 -0.0694 -0.0848 -0.1023 -0.1210 -0.1398 -0.1578 -0.1741 -0.1888 -0.2017 -0.2131 -0.2234 -0.2325 -0.2409 -0.2485 -0.2555 -0.2619 -0.2678 -0.2732 -0.2781 -0.2826 -0.2867 -0.2904 -0.2939 -0.2972 -0.3001 -0.3029 -0.3055 -0.3079 -0.3101 -0.3122 -0.3141 -0.3159 -0.3176 -0.3193 -0.3208 -0.3223 -0.3237 -0.3250 -0.3262 -0.3273 -0.3284 -0.3294 -0.3303 -0.3311 -0.3319 -0.3325 -0.3337 -0.3357
-0.3357 -0.3323 -0.3308 -0.3299 -0.3290 -0.3280 -0.3269 -0.3257 -0.3245 -0.3231 -0.3217 -0.3202 -0.3186 -0.3169 -0.3152 -0.3133 -0.3114 -0.3093 -0.3072 -0.3049 -0.3025 -0.2999 -0.2971 -0.2941 -0.2909 -0.2875 -0.2838 -0.2799 -0.2756 -0.2709 -0.2658 -0.2602 -0.2541 -0.2474 -0.2401 -0.2321 -0.2234 -0.2136 -0.2028 -0.1906 -0.1768 -0.1615 -0.1444 -0.1263 -0.1079 -0.0906 -0.0749 -0.0614 -0.0500 -0.0409 -0.0367 -0.0409 -0.0500 -0.0614 -0.0749 -0.0906 -0.1079 -0.1263 -0.1444 -0.1615 -0.1768 -0.1906 -0.2028 -0.2136 -0.2234 -0.2321 -0.2401 -0.2474 -0.2541 -0.2602 -0.2658 -0.2709 -0.2756 -0.2799 -0.2838 -0.2875 -0.2909 -0.2941 -0.2971 -0.2999 -0.3025 -0.3049 -0.3072 -0.3093 -0.3114 -0.3133 -0.3152 -0.3169 -0.3186 -0.3202 -0.3217 -0.3231 -0.3245 -0.3257 -0.3269 -0.3280 -0.3290 -0.3299 -0.3308 -0.3323 -0.3357
-0.3353 -0.3304 -0.3286 -0.3275 -0.3264 -0.3252 -0.3239 -0.3226 -0.3211 -0.3196 -0.3179 -0.3162 -0.3144 -0.3125 -0.3105 -0.3085 -0.3063 -0.3040 -0.3016 -0.2991 -0.2965 -0.2937 -0.2907 -0.2874 -0.2840 -0.2804 -0.2765 -0.2724 -0.2679 -0.2630 -0.2576 -0.2518 -0.2454 -0.2385 -0.2309 -0.2224 -0.2131 -0.2028 -0.1911 -0.1783 -0.1636 -0.1475 -0.1303 -0.1124 -0.0952 -0.0794 -0.0657 -0.0540 -0.0442 -0.0364 -0.0328 -0.0364 -0.0442 -0.0540 -0.0657 -0.0794 -0.0952 -0.1124 -0.1303 -0.1475 -0.1636 -0.1783 -0.1911 -0.2028 -0.2131 -0.2224 -0.2309 -0.2385 -0.2454 -0.2518 -0.2576 -0.2630 -0.2679 -0.2724 -0.2765 -0.2804 -0.2840 -0.2874 -0.2907 -0.2937 -0.2965 -0.2991 -0.3016 -0.3040 -0.3063 -0.3085 -0.3105 -0.3125 -0.3144 -0.3162 -0.3179 -0.3196 -0.3211 -0.3226 -0.3239 -0.3252 -0.3264 -0.3275 -0.3286 -0.3304 -0.3353
-0.3346 -0.3282 -0.3259 -0.3247 -0.3234 -0.3220 -0.3205 -0.3189 -0.3173 -0.3155 -0.3137 -0.3117 -0.3097 -0.3076 -0.3053 -0.3030 -0.3006 -0.2981 -0.2955 -0.2927 -0.2899 -0.2869 -0.2836 -0.2802 -0.2765 -0.2726 -0.2684 -0.2641 -0.2594 -0.2542 -0.2486 -0.2425 -0.2358 -0.2285 -0.2205 -0.2117 -0.2017 -0.1906 -0.1783 -0.1642 -0.1491 -0.1326 -0.1155 -0.0988 -0.0831 -0.0693 -0.0573 -0.0474 -0.0390 -0.0323 -0.0291 -0.0323 -0.0390 -0.0474 -0.0573 -0.0693 -0.0831 -0.0988 -0.1155 -0.1326 -0.1491 -0.1642 -0.1783 -0.1906 -0.2017 -0.2117 -0.2205 -0.2285 -0.2358 -0.2425 -0.2486 -0.2542 -0.2594 -0.2641 -0.2684 -0.2726 -0.2765 -0.2802 -0.2836 -0.2869 -0.2899 -0.2927 -0.2955 -0.2981 -0.3006 -0.3030 -0.3053 -0.3076 -0.3097 -0.3117 -0.3137 -0.3155 -0.3173 -0.3189 -0.3205 -0.3220 -0.3234 -0.3247 -0.3259 -0.3282 -0.3346
-0.3336 -0.3255 -0.3228 -0.3214 -0.3199 -0.3182 -0.3165 -0.3148 -0.3129 -0.3109 -0.3088 -0.3067 -0.3044 -0.3021 -0.2996 -0.2970 -0.2944 -0.2916 -0.2887 -0.2857 -0.2826 -0.2794 -0.2759 -0.2722 -0.2683 -0.2641 -0.2597 -0.2550 -0.2500 -0.2446 -0.2387 -0.2322 -0.2252 -0.2175 -0.2089 -0.1994 -0.1888 -0.1768 -0.1636 -0.1491 -0.1333 -0.1172 -0.1010 -0.0857 -0.0721 -0.0601 -0.0500 -0.0414 -0.0343 -0.0285 -0.0257 -0.0285 -0.0343 -0.0414 -0.0500 -0.0601 -0.0721 -0.0857 -0.1010 -0.1172 -0.1333 -0.1491 -0.1636 -0.1768 -0.1888 -0.1994 -0.2089 -0.2175 -0.2252 -0.2322 -0.2387 -0.2446 -0.2500 -0.2550 -0.2597 -0.2641 -0.2683 -0.2722 -0.2759 -0.2794 -0.2826 -0.2857 -0.2887 -0.2916 -0.2944 -0.2970 -0.2996 -0.3021 -0.3044 -0.3067 -0.3088 -0.3109 -0.3129 -0.3148 -0.3165 -0.3182 -0.3199 -0.3214 -0.3228 -0.3255 -0.3336
-0.3322 -0.3223 -0.3192 -0.3176 -0.3158 -0.3140 -0.3121 -0.3101 -0.3080 -0.3058 -0.3035 -0.3011 -0.2986 -0.2959 -0.2932 -0.2904 -0.2875 -0.2845 -0.2813 -0.2780 -0.2747 -0.2712 -0.2674 -0.2635 -0.2594 -0.2548 -0.2501 -0.2451 -0.2397 -0.2339 -0.2277 -0.2208 -0.2133 -0.2050 -0.1957 -0.1856 -0.1741 -0.1615 -0.1475 -0.1326 -0.1172 -0.1016 -0.0872 -0.0738 -0.0620 -0.0520 -0.0434 -0.0362 -0.0300 -0.0250 -0.0226 -0.0250 -0.0300 -0.0362 -0.0434 -0.0520 -0.0620 -0.0738 -0.0872 -0.1016 -0.1172 -0.1326 -0.1475 -0.1615 -0.1741 -0.1856 -0.1957 -0.2050 -0.2133 -0.2208 -0.2277 -0.2339 -0.2397 -0.2451 -0.2501 -0.2548 -0.2594 -0.2635 -0.2674 -0.2712 -0.2747 -0.2780 -0.2813 -0.2845 -0.2875 -0.2904 -0.2932 -0.2959 -0.2986 -0.3011 -0.3035 -0.3058 -0.3080 -0.3101 -0.3121 -0.3140 -0.3158 -0.3176 -0.3192 -0.3223 -0.3322
-0.3303 -0.3186 -0.3151 -0.3132 -0.3113 -0.3092 -0.3071 -0.3048 -0.3025 -0.3000 -0.2975 -0.2948 -0.2921 -0.2892 -0.2863 -0.2832 -0.2800 -0.2767 -0.2732 -0.2697 -0.2660 -0.2622 -0.2582 -0.2540 -0.2495 -0.2448 -0.2396 -0.2341 -0.2283 -0.2222 -0.2154 -0.2080 -0.1999 -0.1909 -0.1809 -0.1698 -0.1578 -0.1444 -0.1303 -0.1155 -0.1010 -0.0872 -0.0743 -0.0631 -0.0533 -0.0448 -0.0377 -0.0315 -0.0263 -0.0219 -0.0198 -0.0219 -0.0263 -0.0315 -0.0377 -0.0448 -0.0533 -0.0631 -0.0743 -0.0872 -0.1010 -0.1155 -0.1303 -0.1444 -0.1578 -0.1698 -0.1809 -0.1909 -0.1999 -0.2080 -0.2154 -0.2222 -0.2283 -0.2341 -0.2396 -0.2448 -0.2495 -0.2540 -0.2582 -0.2622 -0.2660 -0.2697 -0.2732 -0.2767 -0.2800 -0.2832 -0.2863 -0.2892 -0.2921 -0.2948 -0.2975 -0.3000 -0.3025 -0.3048 -0.3071 -0.3092 -0.3113 -0.3132 -0.3151 -0.3186 -0.3303
-0.3280 -0.3144 -0.3104 -0.3084 -0.3062 -0.3039 -0.3015 -0.2990 -0.2964 -0.2937 -0.2909 -0.2880 -0.2850 -0.2819 -0.2786 -0.2753 -0.2718 -0.2682 -0.2645 -0.2606 -0.2566 -0.2524 -0.2481 -0.2436 -0.2388 -0.2336 -0.2281 -0.2221 -0.2158 -0.2089 -0.2016 -0.1936 -0.1847 -0.1751 -0.1642 -0.1525 -0.1398 -0.1263 -0.1124 -0.0988 -0.0857 -0.0738 -0.0631 -0.0536 -0.0456 -0.0385 -0.0325 -0.0274 -0.0229 -0.0192 -0.0173 -0.0192 -0.0229 -0.0274 -0.0325 -0.0385 -0.0456 -0.0536 -0.0631 -0.0738 -0.0857 -0.0988 -0.1124 -0.1263 -0.1398 -0.1525 -0.1642 -0.1751 -0.1847 -0.1936 -0.2016 -0.2089 -0.2158 -0.2221 -0.2281 -0.2336 -0.2388 -0.2436 -0.2481 -0.2524 -0.2566 -0.2606 -0.2645 -0.2682 -0.2718 -0.2753 -0.2786 -0.2819 -0.2850 -0.2880 -0.2909 -0.2937 -0.2964 -0.2990 -0.3015 -0.3039 -0.3062 -0.3084 -0.3104 -0.3144 -0.3280
-0.3253 -0.3097 -0.3052 -0.3029 -0.3005 -0.2980 -0.2953 -0.2926 -0.2898 -0.2868 -0.2837 -0.2806 -0.2773 -0.2739 -0.2703 -0.2667 -0.2629 -0.2590 -0.2549 -0.2507 -0.2463 -0.2418 -0.2370 -0.2321 -0.2269 -0.2213 -0.2153 -0.2086 -0.2016 -0.1941 -0.1859 -0.1772 -0.1676 -0.1571 -0.1458 -0.1337 -0.1210 -0.1079 -0.0952 -0.0831 -0.0721 -0.0620 -0.0533 -0.0456 -0.0388 -0.0331 -0.0280 -0.0237 -0.0199 -0.0167 -0.0150 -0.0167 -0.0199 -0.0237 -0.0280 -0.0331 -0.0388 -0.0456 -0.0533 -0.0620 -0.0721 -0.0831 -0.0952 -0.1079 -0.1210 -0.1337 -0.1458 -0.1571 -0.1676 -0.1772 -0.1859 -0.1941 -0.2016 -0.2086 -0.2153 -0.2213 -0.2269 -0.2321 -0.2370 -0.2418 -0.2463 -0.2507 -0.2549 -0.2590 -0.2629 -0.2667 -0.2703 -0.2739 -0.2773 -0.2806 -0.2837 -0.2868 -0.2898 -0.2926 -0.2953 -0.2980 -0.3005 -0.3029 -0.3052 -0.3097 -0.3253
-0.3221 -0.3044 -0.2994 -0.2969 -0.2942 -0.2915 -0.2886 -0.2856 -0.2825 -0.2792 -0.2759 -0.2724 -0.2689 -0.2651 -0.2613 -0.2573 -0.2532 -0.2489 -0.2445 -0.2398 -0.2350 -0.2300 -0.2248 -0.2194 -0.2136 -0.2075 -0.2007 -0.1936 -0.1856 -0.1771 -0.1681 -0.1584 -0.1482 -0.1374 -0.1259 -0.1143 -0.1023 -0.0906 -0.0794 -0.0693 -0.0601 -0.0520 -0.0448 -0.0385 -0.0331 -0.0282 -0.0241 -0.0204 -0.0172 -0.0144 -0.0130 -0.0144 -0.0172 -0.0204 -0.0241 -0.0282 -0.0331 -0.0385 -0.0448 -0.0520 -0.0601 -0.0693 -0.0794 -0.0906 -0.1023 -0.1143 -0.1259 -0.1374 -0.1482 -0.1584 -0.1681 -0.1771 -0.1856 -0.1936 -0.2007 -0.2075 -0.2136 -0.2194 -0.2248 -0.2300 -0.2350 -0.2398 -0.2445 -0.2489 -0.2532 -0.2573 -0.2613 -0.2651 -0.2689 -0.2724 -0.2759 -0.2792 -0.2825 -0.2856 -0.2886 -0.2915 -0.2942 -0.2969 -0.2994 -0.3044 -0.3221
-0.3184 -0.2985 -0.2931 -0.2903 -0.2874 -0.2843 -0.2812 -0.2779 -0.2745 -0.2710 -0.2674 -0.2636 -0.2597 -0.2556 -0.2515 -0.2471 -0.2426 -0.2379 -0.2330 -0.2279 -0.2226 -0.2170 -0.2112 -0.2051 -0.1986 -0.1918 -0.1844 -0.1763 -0.1675 -0.1582 -0.1482 -0.1379 -0.1273 -0.1167 -0.1059 -0.0952 -0.0848 -0.0749 -0.0657 -0.0573 -0.0500 -0.0434 -0.0377 -0.0325 -0.0280 -0.0241 -0.0206 -0.0175 -0.0148 -0.0124 -0.0111 -0.0124 -0.0148 -0.0175 -0.0206 -0.0241 -0.0280 -0.0325 -0.0377 -0.0434 -0.0500 -0.0573 -0.0657 -0.0749 -0.0848 -0.0952 -0.1059 -0.1167 -0.1273 -0.1379 -0.1482 -0.1582 -0.1675 -0.1763 -0.1844 -0.1918 -0.1986 -0.2051 -0.2112 -0.2170 -0.2226 -0.2279 -0.2330 -0.2379 -0.2426 -0.2471 -0.2515 -0.2556 -0.2597 -0.2636 -0.2674 -0.2710 -0.2745 -0.2779 -0.2812 -0.2843 -0.2874 -0.2903 -0.2931 -0.2985 -0.3184
-0.3142 -0.2921 -0.2861 -0.2830 -0.2798 -0.2765 -0.2731 -0.2695 -0.2658 -0.2620 -0.2580 -0.2539 -0.2497 -0.2453 -0.2407 -0.2359 -0.2310 -0.2258 -0.2204 -0.2147 -0.2087 -0.2025 -0.1959 -0.1890 -0.1816 -0.1739 -0.1657 -0.1569 -0.1475 -0.1373 -0.1271 -0.1167 -0.1065 -0.0965 -0.0871 -0.0780 -0.0694 -0.0614 -0.0540 -0.0474 -0.0414 -0.0362 -0.0315 -0.0274 -0.0237 -0.0204 -0.0175 -0.0149 -0.0126 -0.0105 -0.0094 -0.0105 -0.0126 -0.0149 -0.0175 -0.0204 -0.0237 -0.0274 -0.0315 -0.0362 -0.0414 -0.0474 -0.0540 -0.0614 -0.0694 -0.0780 -0.0871 -0.0965 -0.1065 -0.1167 -0.1271 -0.1373 -0.1475 -0.1569 -0.1657 -0.1739 -0.1816 -0.1890 -0.1959 -0.2025 -0.2087 -0.2147 -0.2204 -0.2258 -0.2310 -0.2359 -0.2407 -0.2453 -0.2497 -0.2539 -0.2580 -0.2620 -0.2658 -0.2695 -0.2731 -0.2765 -0.2798 -0.2830 -0.2861 -0.2921 -0.3142
-0.3094 -0.2849 -0.2783 -0.2750 -0.2715 -0.2679 -0.2642 -0.2603 -0.2563 -0.2521 -0.2478 -0.2433 -0.2387 -0.2338 -0.2287 -0.2235 -0.2179 -0.2122 -0.2061 -0.1997 -0.1929 -0.1858 -0.1784 -0.1705 -0.1622 -0.1536 -0.1448 -0.1355 -0.1257 -0.1158 -0.1057 -0.0960 -0.0868 -0.0783 -0.0704 -0.0632 -0.0563 -0.0500 -0.0442 -0.0390 -0.0343 -0.0300 -0.0263 -0.0229 -0.0199 -0.0172 -0.0148 -0.0126 -0.0106 -0.0089 -0.0079 -0.0089 -0.0106 -0.0126 -0.0148 -0.0172 -0.0199 -0.0229 -0.0263 -0.0300 -0.0343 -0.0390 -0.0442 -0.0500 -0.0563 -0.0632 -0.0704 -0.0783 -0.0868 -0.0960 -0.1057 -0.1158 -0.1257 -0.1355 -0.1448 -0.1536 -0.1622 -0.1705 -0.1784 -0.1858 -0.1929 -0.1997 -0.2061 -0.2122 -0.2179 -0.2235 -0.2287 -0.2338 -0.2387 -0.2433 -0.2478 -0.2521 -0.2563 -0.2603 -0.2642 -0.2679 -0.2715 -0.2750 -0.2783 -0.2849 -0.3094
