0.1394 0.1129 0.1013 0.0895 0.0771 0.0629 0.0551 0.0548 0.0551 0.0555 0.0561 0.0568 0.0575 0.0584 0.0594 0.0605 0.0617 0.0630 0.0644 0.0658 0.0674 0.0691 0.0708 0.0727 0.0747 0.0768 0.0790 0.0813 0.0838 0.0864 0.0891 0.0920 0.0950 0.0981 0.1014 0.1048 0.1085 0.1122 0.1162 0.1203 0.1246 0.1291 0.1338 0.1387 0.1437 0.1490 0.1545 0.1601 0.1661 0.1718 0.1740 0.1718 0.1661 0.1601 0.1545 0.1490 0.1437 0.1387 0.1338 0.1291 0.1246 0.1203 0.1162 0.1122 0.1085 0.1048 0.1014 0.0981 0.0950 0.0920 0.0891 0.0864 0.0838 0.0813 0.0790 0.0768 0.0747 0.0727 0.0708 0.0691 0.0674 0.0658 0.0644 0.0630 0.0617 0.0605 0.0594 0.0584 0.0575 0.0568 0.0561 0.0555 0.0551 0.0548 0.0551 0.0629 0.0771 0.0895 0.1013 0.1129 0.1394
0.1129 0.1003 0.0916 0.0816 0.0705 0.0588 0.0561 0.0568 0.0576 0.0584 0.0594 0.0605 0.0617 0.0630 0.0643 0.0658 0.0674 0.0691 0.0708 0.0727 0.0747 0.0768 0.0790 0.0813 0.0838 0.0864 0.0891 0.0920 0.0950 0.0981 0.1014 0.1048 0.1085 0.1122 0.1162 0.1203 0.1246 0.1291 0.1338 0.1387 0.1438 0.1490 0.1545 0.1601 0.1660 0.1720 0.1782 0.1846 0.1913 0.1977 0.2006 0.1977 0.1913 0.1846 0.1782 0.1720 0.1660 0.1601 0.1545 0.1490 0.1438 0.1387 0.1338 0.1291 0.1246 0.1203 0.1162 0.1122 0.1085 0.1048 0.1014 0.0981 0.0950 0.0920 0.0891 0.0864 0.0838 0.0813 0.0790 0.0768 0.0747 0.0727 0.0708 0.0691 0.0674 0.0658 0.0643 0.0630 0.0617 0.0605 0.0594 0.0584 0.0576 0.0568 0.0561 0.0588 0.0705 0.0816 0.0916 0.1003 0.1129
0.1013 0.0916 0.0840 0.0749 0.0634 0.0565 0.0567 0.0575 0.0583 0.0593 0.0604 0.0615 0.0628 0.0642 0.0656 0.0672 0.0688 0.0706 0.0725 0.0744 0.0765 0.0787 0.0810 0.0835 0.0860 0.0887 0.0916 0.0946 0.0977 0.1010 0.1044 0.1080 0.1117 0.1157 0.1198 0.1241 0.1285 0.1332 0.1380 0.1431 0.1483 0.1537 0.1594 0.1652 0.1712 0.1774 0.1838 0.1903 0.1971 0.2037 0.2067 0.2037 0.1971 0.1903 0.1838 0.1774 0.1712 0.1652 0.1594 0.1537 0.1483 0.1431 0.1380 0.1332 0.1285 0.1241 0.1198 0.1157 0.1117 0.1080 0.1044 0.1010 0.0977 0.0946 0.0916 0.0887 0.0860 0.0835 0.0810 0.0787 0.0765 0.0744 0.0725 0.0706 0.0688 0.0672 0.0656 0.0642 0.0628 0.0615 0.0604 0.0593 0.0583 0.0575 0.0567 0.0565 0.0634 0.0749 0.0840 0.0916 0.1013
0.0895 0.0816 0.0749 0.0655 0.0573 0.0565 0.0571 0.0579 0.0588 0.0598 0.0609 0.0621 0.0634 0.0647 0.0662 0.0678 0.0695 0.0713 0.0732 0.0753 0.0774 0.0796 0.0820 0.0845 0.0871 0.0899 0.0928 0.0958 0.0990 0.1023 0.1058 0.1095 0.1133 0.1173 0.1215 0.1258 0.1304 0.1351 0.1401 0.1452 0.1505 0.1560 0.1617 0.1676 0.1737 0.1800 0.1864 0.1931 0.1999 0.2065 0.2096 0.2065 0.1999 0.1931 0.1864 0.1800 0.1737 0.1676 0.1617 0.1560 0.1505 0.1452 0.1401 0.1351 0.1304 0.1258 0.1215 0.1173 0.1133 0.1095 0.1058 0.1023 0.0990 0.0958 0.0928 0.0899 0.0871 0.0845 0.0820 0.0796 0.0774 0.0753 0.0732 0.0713 0.0695 0.0678 0.0662 0.0647 0.0634 0.0621 0.0609 0.0598 0.0588 0.0579 0.0571 0.0565 0.0573 0.0655 0.0749 0.0816 0.0895
0.0771 0.0705 0.0634 0.0573 0.0564 0.0569 0.0576 0.0584 0.0593 0.0603 0.0614 0.0626 0.0639 0.0654 0.0669 0.0685 0.0703 0.0721 0.0741 0.0761 0.0783 0.0806 0.0830 0.0856 0.0882 0.0911 0.0940 0.0971 0.1004 0.1038 0.1073 0.1110 0.1149 0.1190 0.1233 0.1277 0.1323 0.1372 0.1422 0.1474 0.1528 0.1583 0.1641 0.1701 0.1763 0.1826 0.1892 0.1958 0.2028 0.2095 0.2125 0.2095 0.2028 0.1958 0.1892 0.1826 0.1763 0.1701 0.1641 0.1583 0.1528 0.1474 0.1422 0.1372 0.1323 0.1277 0.1233 0.1190 0.1149 0.1110 0.1073 0.1038 0.1004 0.0971 0.0940 0.0911 0.0882 0.0856 0.0830 0.0806 0.0783 0.0761 0.0741 0.0721 0.0703 0.0685 0.0669 0.0654 0.0639 0.0626 0.0614 0.0603 0.0593 0.0584 0.0576 0.0569 0.0564 0.0573 0.0634 0.0705 0.0771
0.0629 0.0588 0.0565 0.0565 0.0569 0.0575 0.0582 0.0590 0.0599 0.0609 0.0620 0.0632 0.0646 0.0660 0.0676 0.0693 0.0710 0.0729 0.0749 0.0770 0.0792 0.0816 0.0841 0.0867 0.0894 0.0923 0.0953 0.0984 0.1017 0.1052 0.1088 0.1126 0.1166 0.1208 0.1251 0.1296 0.1343 0.1392 0.1443 0.1496 0.1551 0.1607 0.1666 0.1727 0.1789 0.1853 0.1919 0.1987 0.2057 0.2124 0.2155 0.2124 0.2057 0.1987 0.1919 0.1853 0.1789 0.1727 0.1666 0.1607 0.1551 0.1496 0.1443 0.1392 0.1343 0.1296 0.1251 0.1208 0.1166 0.1126 0.1088 0.1052 0.1017 0.0984 0.0953 0.0923 0.0894 0.0867 0.0841 0.0816 0.0792 0.0770 0.0749 0.0729 0.0710 0.0693 0.0676 0.0660 0.0646 0.0632 0.0620 0.0609 0.0599 0.0590 0.0582 0.0575 0.0569 0.0565 0.0565 0.0588 0.0629
0.0551 0.0561 0.0567 0.0571 0.0576 0.0582 0.0589 0.0597 0.0606 0.0616 0.0627 0.0639 0.0653 0.0668 0.0683 0.0700 0.0718 0.0737 0.0758 0.0779 0.0802 0.0826 0.0851 0.0878 0.0906 0.0935 0.0966 0.0998 0.1032 0.1067 0.1104 0.1143 0.1183 0.1225 0.1269 0.1315 0.1363 0.1413 0.1465 0.1518 0.1574 0.1631 0.1691 0.1752 0.1815 0.1880 0.1947 0.2015 0.2086 0.2154 0.2185 0.2154 0.2086 0.2015 0.1947 0.1880 0.1815 0.1752 0.1691 0.1631 0.1574 0.1518 0.1465 0.1413 0.1363 0.1315 0.1269 0.1225 0.1183 0.1143 0.1104 0.1067 0.1032 0.0998 0.0966 0.0935 0.0906 0.0878 0.0851 0.0826 0.0802 0.0779 0.0758 0.0737 0.0718 0.0700 0.0683 0.0668 0.0653 0.0639 0.0627 0.0616 0.0606 0.0597 0.0589 0.0582 0.0576 0.0571 0.0567 0.0561 0.0551
0.0548 0.0568 0.0575 0.0579 0.0584 0.0590 0.0597 0.0604 0.0613 0.0623 0.0635 0.0647 0.0661 0.0675 0.0691 0.0708 0.0727 0.0746 0.0767 0.0789 0.0812 0.0836 0.0862 0.0889 0.0918 0.0948 0.0979 0.1012 0.1046 0.1082 0.1120 0.1159 0.1201 0.1243 0.1288 0.1335 0.1384 0.1434 0.1487 0.1541 0.1598 0.1656 0.1716 0.1778 0.1842 0.1908 0.1975 0.2044 0.2115 0.2183 0.2215 0.2183 0.2115 0.2044 0.1975 0.1908 0.1842 0.1778 0.1716 0.1656 0.1598 0.1541 0.1487 0.1434 0.1384 0.1335 0.1288 0.1243 0.1201 0.1159 0.1120 0.1082 0.1046 0.1012 0.0979 0.0948 0.0918 0.0889 0.0862 0.0836 0.0812 0.0789 0.0767 0.0746 0.0727 0.0708 0.0691 0.0675 0.0661 0.0647 0.0635 0.0623 0.0613 0.0604 0.0597 0.0590 0.0584 0.0579 0.0575 0.0568 0.0548
0.0551 0.0576 0.0583 0.0588 0.0593 0.0599 0.0606 0.0613 0.0622 0.0632 0.0644 0.0656 0.0669 0.0684 0.0700 0.0717 0.0736 0.0755 0.0776 0.0798 0.0822 0.0847 0.0873 0.0901 0.0930 0.0960 0.0992 0.1026 0.1061 0.1098 0.1136 0.1176 0.1218 0.1262 0.1307 0.1355 0.1404 0.1456 0.1509 0.1564 0.1621 0.1681 0.1742 0.1805 0.1869 0.1936 0.2004 0.2073 0.2145 0.2213 0.2245 0.2213 0.2145 0.2073 0.2004 0.1936 0.1869 0.1805 0.1742 0.1681 0.1621 0.1564 0.1509 0.1456 0.1404 0.1355 0.1307 0.1262 0.1218 0.1176 0.1136 0.1098 0.1061 0.1026 0.0992 0.0960 0.0930 0.0901 0.0873 0.0847 0.0822 0.0798 0.0776 0.0755 0.0736 0.0717 0.0700 0.0684 0.0669 0.0656 0.0644 0.0632 0.0622 0.0613 0.0606 0.0599 0.0593 0.0588 0.0583 0.0576 0.0551
0.0555 0.0584 0.0593 0.0598 0.0603 0.0609 0.0616 0.0623 0.0632 0.0642 0.0653 0.0666 0.0679 0.0694 0.0710 0.0727 0.0746 0.0765 0.0786 0.0809 0.0833 0.0858 0.0885 0.0913 0.0942 0.0973 0.1006 0.1040 0.1076 0.1113 0.1153 0.1193 0.1236 0.1281 0.1327 0.1375 0.1425 0.1478 0.1532 0.1588 0.1646 0.1706 0.1768 0.1831 0.1897 0.1964 0.2032 0.2102 0.2174 0.2244 0.2275 0.2244 0.2174 0.2102 0.2032 0.1964 0.1897 0.1831 0.1768 0.1706 0.1646 0.1588 0.1532 0.1478 0.1425 0.1375 0.1327 0.1281 0.1236 0.1193 0.1153 0.1113 0.1076 0.1040 0.1006 0.0973 0.0942 0.0913 0.0885 0.0858 0.0833 0.0809 0.0786 0.0765 0.0746 0.0727 0.0710 0.0694 0.0679 0.0666 0.0653 0.0642 0.0632 0.0623 0.0616 0.0609 0.0603 0.0598 0.0593 0.0584 0.0555
0.0561 0.0594 0.0604 0.0609 0.0614 0.0620 0.0627 0.0635 0.0644 0.0653 0.0664 0.0676 0.0690 0.0704 0.0720 0.0738 0.0756 0.0776 0.0797 0.0820 0.0844 0.0870 0.0896 0.0925 0.0955 0.0987 0.1020 0.1055 0.1091 0.1129 0.1169 0.1211 0.1254 0.1300 0.1347 0.1396 0.1447 0.1500 0.1555 0.1612 0.1670 0.1731 0.1794 0.1858 0.1924 0.1992 0.2061 0.2132 0.2204 0.2274 0.2306 0.2274 0.2204 0.2132 0.2061 0.1992 0.1924 0.1858 0.1794 0.1731 0.1670 0.1612 0.1555 0.1500 0.1447 0.1396 0.1347 0.1300 0.1254 0.1211 0.1169 0.1129 0.1091 0.1055 0.1020 0.0987 0.0955 0.0925 0.0896 0.0870 0.0844 0.0820 0.0797 0.0776 0.0756 0.0738 0.0720 0.0704 0.0690 0.0676 0.0664 0.0653 0.0644 0.0635 0.0627 0.0620 0.0614 0.0609 0.0604 0.0594 0.0561
0.0568 0.0605 0.0615 0.0621 0.0626 0.0632 0.0639 0.0647 0.0656 0.0666 0.0676 0.0688 0.0702 0.0716 0.0732 0.0749 0.0768 0.0788 0.0809 0.0832 0.0856 0.0882 0.0909 0.0938 0.0968 0.1001 0.1034 0.1070 0.1107 0.1146 0.1186 0.1229 0.1273 0.1319 0.1367 0.1417 0.1469 0.1522 0.1578 0.1636 0.1695 0.1757 0.1820 0.1885 0.1952 0.2020 0.2090 0.2161 0.2235 0.2305 0.2337 0.2305 0.2235 0.2161 0.2090 0.2020 0.1952 0.1885 0.1820 0.1757 0.1695 0.1636 0.1578 0.1522 0.1469 0.1417 0.1367 0.1319 0.1273 0.1229 0.1186 0.1146 0.1107 0.1070 0.1034 0.1001 0.0968 0.0938 0.0909 0.0882 0.0856 0.0832 0.0809 0.0788 0.0768 0.0749 0.0732 0.0716 0.0702 0.0688 0.0676 0.0666 0.0656 0.0647 0.0639 0.0632 0.0626 0.0621 0.0615 0.0605 0.0568
0.0575 0.0617 0.0628 0.0634 0.0639 0.0646 0.0653 0.0661 0.0669 0.0679 0.0690 0.0702 0.0715 0.0729 0.0745 0.0762 0.0780 0.0800 0.0822 0.0845 0.0869 0.0895 0.0923 0.0951 0.0983 0.1015 0.1049 0.1085 0.1123 0.1162 0.1204 0.1247 0.1292 0.1339 0.1387 0.1438 0.1491 0.1545 0.1602 0.1660 0.1721 0.1783 0.1847 0.1913 0.1980 0.2049 0.2120 0.2191 0.2265 0.2335 0.2367 0.2335 0.2265 0.2191 0.2120 0.2049 0.1980 0.1913 0.1847 0.1783 0.1721 0.1660 0.1602 0.1545 0.1491 0.1438 0.1387 0.1339 0.1292 0.1247 0.1204 0.1162 0.1123 0.1085 0.1049 0.1015 0.0983 0.0951 0.0923 0.0895 0.0869 0.0845 0.0822 0.0800 0.0780 0.0762 0.0745 0.0729 0.0715 0.0702 0.0690 0.0679 0.0669 0.0661 0.0653 0.0646 0.0639 0.0634 0.0628 0.0617 0.0575
0.0584 0.0630 0.0642 0.0647 0.0654 0.0660 0.0668 0.0675 0.0684 0.0694 0.0704 0.0716 0.0729 0.0743 0.0759 0.0776 0.0794 0.0814 0.0836 0.0858 0.0883 0.0909 0.0937 0.0966 0.0997 0.1030 0.1064 0.1101 0.1139 0.1179 0.1221 0.1265 0.1311 0.1359 0.1408 0.1460 0.1513 0.1569 0.1626 0.1685 0.1746 0.1809 0.1874 0.1941 0.2009 0.2078 0.2149 0.2221 0.2295 0.2366 0.2398 0.2366 0.2295 0.2221 0.2149 0.2078 0.2009 0.1941 0.1874 0.1809 0.1746 0.1685 0.1626 0.1569 0.1513 0.1460 0.1408 0.1359 0.1311 0.1265 0.1221 0.1179 0.1139 0.1101 0.1064 0.1030 0.0997 0.0966 0.0937 0.0909 0.0883 0.0858 0.0836 0.0814 0.0794 0.0776 0.0759 0.0743 0.0729 0.0716 0.0704 0.0694 0.0684 0.0675 0.0668 0.0660 0.0654 0.0647 0.0642 0.0630 0.0584
0.0594 0.0643 0.0656 0.0662 0.0669 0.0676 0.0683 0.0691 0.0700 0.0710 0.0720 0.0732 0.0745 0.0759 0.0774 0.0791 0.0809 0.0829 0.0850 0.0873 0.0898 0.0924 0.0952 0.0981 0.1013 0.1046 0.1081 0.1118 0.1156 0.1197 0.1239 0.1284 0.1331 0.1379 0.1429 0.1482 0.1536 0.1592 0.1650 0.1710 0.1772 0.1836 0.1902 0.1969 0.2037 0.2108 0.2179 0.2252 0.2326 0.2397 0.2429 0.2397 0.2326 0.2252 0.2179 0.2108 0.2037 0.1969 0.1902 0.1836 0.1772 0.1710 0.1650 0.1592 0.1536 0.1482 0.1429 0.1379 0.1331 0.1284 0.1239 0.1197 0.1156 0.1118 0.1081 0.1046 0.1013 0.0981 0.0952 0.0924 0.0898 0.0873 0.0850 0.0829 0.0809 0.0791 0.0774 0.0759 0.0745 0.0732 0.0720 0.0710 0.0700 0.0691 0.0683 0.0676 0.0669 0.0662 0.0656 0.0643 0.0594
0.0605 0.0658 0.0672 0.0678 0.0685 0.0693 0.0700 0.0708 0.0717 0.0727 0.0738 0.0749 0.0762 0.0776 0.0791 0.0808 0.0826 0.0846 0.0867 0.0890 0.0914 0.0940 0.0968 0.0998 0.1030 0.1063 0.1098 0.1135 0.1174 0.1215 0.1258 0.1303 0.1350 0.1400 0.1451 0.1504 0.1559 0.1616 0.1675 0.1736 0.1799 0.1863 0.1929 0.1997 0.2066 0.2137 0.2209 0.2282 0.2357 0.2428 0.2460 0.2428 0.2357 0.2282 0.2209 0.2137 0.2066 0.1997 0.1929 0.1863 0.1799 0.1736 0.1675 0.1616 0.1559 0.1504 0.1451 0.1400 0.1350 0.1303 0.1258 0.1215 0.1174 0.1135 0.1098 0.1063 0.1030 0.0998 0.0968 0.0940 0.0914 0.0890 0.0867 0.0846 0.0826 0.0808 0.0791 0.0776 0.0762 0.0749 0.0738 0.0727 0.0717 0.0708 0.0700 0.0693 0.0685 0.0678 0.0672 0.0658 0.0605
0.0617 0.0674 0.0688 0.0695 0.0703 0.0710 0.0718 0.0727 0.0736 0.0746 0.0756 0.0768 0.0780 0.0794 0.0809 0.0826 0.0844 0.0864 0.0885 0.0908 0.0932 0.0958 0.0986 0.1016 0.1047 0.1081 0.1116 0.1154 0.1193 0.1234 0.1278 0.1323 0.1371 0.1421 0.1473 0.1527 0.1582 0.1640 0.1700 0.1762 0.1825 0.1890 0.1957 0.2026 0.2096 0.2167 0.2239 0.2313 0.2388 0.2459 0.2492 0.2459 0.2388 0.2313 0.2239 0.2167 0.2096 0.2026 0.1957 0.1890 0.1825 0.1762 0.1700 0.1640 0.1582 0.1527 0.1473 0.1421 0.1371 0.1323 0.1278 0.1234 0.1193 0.1154 0.1116 0.1081 0.1047 0.1016 0.0986 0.0958 0.0932 0.0908 0.0885 0.0864 0.0844 0.0826 0.0809 0.0794 0.0780 0.0768 0.0756 0.0746 0.0736 0.0727 0.0718 0.0710 0.0703 0.0695 0.0688 0.0674 0.0617
0.0630 0.0691 0.0706 0.0713 0.0721 0.0729 0.0737 0.0746 0.0755 0.0765 0.0776 0.0788 0.0800 0.0814 0.0829 0.0846 0.0864 0.0883 0.0904 0.0927 0.0951 0.0977 0.1005 0.1035 0.1067 0.1100 0.1136 0.1173 0.1213 0.1255 0.1298 0.1344 0.1392 0.1442 0.1495 0.1549 0.1606 0.1665 0.1725 0.1788 0.1852 0.1918 0.1985 0.2055 0.2125 0.2197 0.2270 0.2343 0.2419 0.2490 0.2523 0.2490 0.2419 0.2343 0.2270 0.2197 0.2125 0.2055 0.1985 0.1918 0.1852 0.1788 0.1725 0.1665 0.1606 0.1549 0.1495 0.1442 0.1392 0.1344 0.1298 0.1255 0.1213 0.1173 0.1136 0.1100 0.1067 0.1035 0.1005 0.0977 0.0951 0.0927 0.0904 0.0883 0.0864 0.0846 0.0829 0.0814 0.0800 0.0788 0.0776 0.0765 0.0755 0.0746 0.0737 0.0729 0.0721 0.0713 0.0706 0.0691 0.0630
0.0644 0.0708 0.0725 0.0732 0.0741 0.0749 0.0758 0.0767 0.0776 0.0786 0.0797 0.0809 0.0822 0.0836 0.0850 0.0867 0.0885 0.0904 0.0925 0.0947 0.0972 0.0998 0.1026 0.1056 0.1087 0.1121 0.1156 0.1194 0.1234 0.1276 0.1320 0.1366 0.1415 0.1466 0.1518 0.1573 0.1630 0.1690 0.1751 0.1814 0.1879 0.1946 0.2014 0.2084 0.2155 0.2227 0.2300 0.2374 0.2450 0.2521 0.2554 0.2521 0.2450 0.2374 0.2300 0.2227 0.2155 0.2084 0.2014 0.1946 0.1879 0.1814 0.1751 0.1690 0.1630 0.1573 0.1518 0.1466 0.1415 0.1366 0.1320 0.1276 0.1234 0.1194 0.1156 0.1121 0.1087 0.1056 0.1026 0.0998 0.0972 0.0947 0.0925 0.0904 0.0885 0.0867 0.0850 0.0836 0.0822 0.0809 0.0797 0.0786 0.0776 0.0767 0.0758 0.0749 0.0741 0.0732 0.0725 0.0708 0.0644
0.0658 0.0727 0.0744 0.0753 0.0761 0.0770 0.0779 0.0789 0.0798 0.0809 0.0820 0.0832 0.0845 0.0858 0.0873 0.0890 0.0908 0.0927 0.0947 0.0970 0.0994 0.1020 0.1048 0.1078 0.1109 0.1143 0.1178 0.1216 0.1256 0.1299 0.1343 0.1390 0.1439 0.1489 0.1543 0.1598 0.1655 0.1715 0.1777 0.1841 0.1907 0.1974 0.2043 0.2113 0.2185 0.2257 0.2331 0.2405 0.2481 0.2553 0.2585 0.2553 0.2481 0.2405 0.2331 0.2257 0.2185 0.2113 0.2043 0.1974 0.1907 0.1841 0.1777 0.1715 0.1655 0.1598 0.1543 0.1489 0.1439 0.1390 0.1343 0.1299 0.1256 0.1216 0.1178 0.1143 0.1109 0.1078 0.1048 0.1020 0.0994 0.0970 0.0947 0.0927 0.0908 0.0890 0.0873 0.0858 0.0845 0.0832 0.0820 0.0809 0.0798 0.0789 0.0779 0.0770 0.0761 0.0753 0.0744 0.0727 0.0658
0.0674 0.0747 0.0765 0.0774 0.0783 0.0792 0.0802 0.0812 0.0822 0.0833 0.0844 0.0856 0.0869 0.0883 0.0898 0.0914 0.0932 0.0951 0.0972 0.0994 0.1018 0.1044 0.1072 0.1101 0.1133 0.1166 0.1202 0.1240 0.1280 0.1322 0.1367 0.1414 0.1463 0.1514 0.1568 0.1623 0.1682 0.1741 0.1804 0.1868 0.1934 0.2002 0.2072 0.2143 0.2215 0.2288 0.2362 0.2436 0.2512 0.2584 0.2616 0.2584 0.2512 0.2436 0.2362 0.2288 0.2215 0.2143 0.2072 0.2002 0.1934 0.1868 0.1804 0.1741 0.1682 0.1623 0.1568 0.1514 0.1463 0.1414 0.1367 0.1322 0.1280 0.1240 0.1202 0.1166 0.1133 0.1101 0.1072 0.1044 0.1018 0.0994 0.0972 0.0951 0.0932 0.0914 0.0898 0.0883 0.0869 0.0856 0.0844 0.0833 0.0822 0.0812 0.0802 0.0792 0.0783 0.0774 0.0765 0.0747 0.0674
0.0691 0.0768 0.0787 0.0796 0.0806 0.0816 0.0826 0.0836 0.0847 0.0858 0.0870 0.0882 0.0895 0.0909 0.0924 0.0940 0.0958 0.0977 0.0998 0.1020 0.1044 0.1070 0.1097 0.1127 0.1158 0.1192 0.1227 0.1265 0.1305 0.1348 0.1393 0.1439 0.1489 0.1541 0.1594 0.1651 0.1709 0.1769 0.1831 0.1896 0.1963 0.2031 0.2101 0.2172 0.2245 0.2318 0.2393 0.2467 0.2543 0.2615 0.2647 0.2615 0.2543 0.2467 0.2393 0.2318 0.2245 0.2172 0.2101 0.2031 0.1963 0.1896 0.1831 0.1769 0.1709 0.1651 0.1594 0.1541 0.1489 0.1439 0.1393 0.1348 0.1305 0.1265 0.1227 0.1192 0.1158 0.1127 0.1097 0.1070 0.1044 0.1020 0.0998 0.0977 0.0958 0.0940 0.0924 0.0909 0.0895 0.0882 0.0870 0.0858 0.0847 0.0836 0.0826 0.0816 0.0806 0.0796 0.0787 0.0768 0.0691
0.0708 0.0790 0.0810 0.0820 0.0830 0.0841 0.0851 0.0862 0.0873 0.0885 0.0896 0.0909 0.0923 0.0937 0.0952 0.0968 0.0986 0.1005 0.1026 0.1048 0.1072 0.1097 0.1125 0.1154 0.1186 0.1219 0.1255 0.1293 0.1332 0.1375 0.1419 0.1467 0.1516 0.1568 0.1622 0.1679 0.1737 0.1798 0.1860 0.1925 0.1992 0.2060 0.2130 0.2202 0.2275 0.2349 0.2424 0.2499 0.2574 0.2646 0.2678 0.2646 0.2574 0.2499 0.2424 0.2349 0.2275 0.2202 0.2130 0.2060 0.1992 0.1925 0.1860 0.1798 0.1737 0.1679 0.1622 0.1568 0.1516 0.1467 0.1419 0.1375 0.1332 0.1293 0.1255 0.1219 0.1186 0.1154 0.1125 0.1097 0.1072 0.1048 0.1026 0.1005 0.0986 0.0968 0.0952 0.0937 0.0923 0.0909 0.0896 0.0885 0.0873 0.0862 0.0851 0.0841 0.0830 0.0820 0.0810 0.0790 0.0708
0.0727 0.0813 0.0835 0.0845 0.0856 0.0867 0.0878 0.0889 0.0901 0.0913 0.0925 0.0938 0.0951 0.0966 0.0981 0.0998 0.1016 0.1035 0.1056 0.1078 0.1101 0.1127 0.1154 0.1184 0.1215 0.1249 0.1284 0.1322 0.1362 0.1404 0.1449 0.1495 0.1545 0.1597 0.1651 0.1708 0.1767 0.1827 0.1891 0.1955 0.2022 0.2091 0.2161 0.2233 0.2306 0.2380 0.2455 0.2530 0.2606 0.2677 0.2709 0.2677 0.2606 0.2530 0.2455 0.2380 0.2306 0.2233 0.2161 0.2091 0.2022 0.1955 0.1891 0.1827 0.1767 0.1708 0.1651 0.1597 0.1545 0.1495 0.1449 0.1404 0.1362 0.1322 0.1284 0.1249 0.1215 0.1184 0.1154 0.1127 0.1101 0.1078 0.1056 0.1035 0.1016 0.0998 0.0981 0.0966 0.0951 0.0938 0.0925 0.0913 0.0901 0.0889 0.0878 0.0867 0.0856 0.0845 0.0835 0.0813 0.0727
0.0747 0.0838 0.0860 0.0871 0.0882 0.0894 0.0906 0.0918 0.0930 0.0942 0.0955 0.0968 0.0983 0.0997 0.1013 0.1030 0.1047 0.1067 0.1087 0.1109 0.1133 0.1158 0.1186 0.1215 0.1247 0.1280 0.1316 0.1353 0.1393 0.1436 0.1480 0.1526 0.1575 0.1627 0.1682 0.1739 0.1797 0.1859 0.1922 0.1987 0.2054 0.2122 0.2193 0.2264 0.2337 0.2411 0.2486 0.2561 0.2637 0.2708 0.2740 0.2708 0.2637 0.2561 0.2486 0.2411 0.2337 0.2264 0.2193 0.2122 0.2054 0.1987 0.1922 0.1859 0.1797 0.1739 0.1682 0.1627 0.1575 0.1526 0.1480 0.1436 0.1393 0.1353 0.1316 0.1280 0.1247 0.1215 0.1186 0.1158 0.1133 0.1109 0.1087 0.1067 0.1047 0.1030 0.1013 0.0997 0.0983 0.0968 0.0955 0.0942 0.0930 0.0918 0.0906 0.0894 0.0882 0.0871 0.0860 0.0838 0.0747
0.0768 0.0864 0.0887 0.0899 0.0911 0.0923 0.0935 0.0948 0.0960 0.0973 0.0987 0.1001 0.1015 0.1030 0.1046 0.1063 0.1081 0.1100 0.1121 0.1143 0.1166 0.1192 0.1219 0.1249 0.1280 0.1314 0.1349 0.1387 0.1427 0.1469 0.1513 0.1559 0.1608 0.1660 0.1714 0.1771 0.1829 0.1890 0.1954 0.2019 0.2086 0.2155 0.2225 0.2297 0.2369 0.2443 0.2517 0.2592 0.2668 0.2739 0.2771 0.2739 0.2668 0.2592 0.2517 0.2443 0.2369 0.2297 0.2225 0.2155 0.2086 0.2019 0.1954 0.1890 0.1829 0.1771 0.1714 0.1660 0.1608 0.1559 0.1513 0.1469 0.1427 0.1387 0.1349 0.1314 0.1280 0.1249 0.1219 0.1192 0.1166 0.1143 0.1121 0.1100 0.1081 0.1063 0.1046 0.1030 0.1015 0.1001 0.0987 0.0973 0.0960 0.0948 0.0935 0.0923 0.0911 0.0899 0.0887 0.0864 0.0768
0.0790 0.0891 0.0916 0.0928 0.0940 0.0953 0.0966 0.0979 0.0992 0.1006 0.1020 0.1034 0.1049 0.1064 0.1081 0.1098 0.1116 0.1136 0.1156 0.1178 0.1202 0.1227 0.1255 0.1284 0.1316 0.1349 0.1384 0.1422 0.1462 0.1504 0.1548 0.1594 0.1642 0.1694 0.1748 0.1804 0.1863 0.1923 0.1987 0.2053 0.2120 0.2189 0.2259 0.2330 0.2402 0.2476 0.2549 0.2624 0.2699 0.2770 0.2801 0.2770 0.2699 0.2624 0.2549 0.2476 0.2402 0.2330 0.2259 0.2189 0.2120 0.2053 0.1987 0.1923 0.1863 0.1804 0.1748 0.1694 0.1642 0.1594 0.1548 0.1504 0.1462 0.1422 0.1384 0.1349 0.1316 0.1284 0.1255 0.1227 0.1202 0.1178 0.1156 0.1136 0.1116 0.1098 0.1081 0.1064 0.1049 0.1034 0.1020 0.1006 0.0992 0.0979 0.0966 0.0953 0.0940 0.0928 0.0916 0.0891 0.0790
0.0813 0.0920 0.0946 0.0958 0.0971 0.0984 0.0998 0.1012 0.1026 0.1040 0.1055 0.1070 0.1085 0.1101 0.1118 0.1135 0.1154 0.1173 0.1194 0.1216 0.1240 0.1265 0.1293 0.1322 0.1353 0.1387 0.1422 0.1460 0.1499 0.1542 0.1585 0.1631 0.1679 0.1730 0.1784 0.1840 0.1898 0.1958 0.2021 0.2086 0.2154 0.2223 0.2293 0.2364 0.2437 0.2509 0.2583 0.2656 0.2730 0.2800 0.2831 0.2800 0.2730 0.2656 0.2583 0.2509 0.2437 0.2364 0.2293 0.2223 0.2154 0.2086 0.2021 0.1958 0.1898 0.1840 0.1784 0.1730 0.1679 0.1631 0.1585 0.1542 0.1499 0.1460 0.1422 0.1387 0.1353 0.1322 0.1293 0.1265 0.1240 0.1216 0.1194 0.1173 0.1154 0.1135 0.1118 0.1101 0.1085 0.1070 0.1055 0.1040 0.1026 0.1012 0.0998 0.0984 0.0971 0.0958 0.0946 0.0920 0.0813
0.0838 0.0950 0.0977 0.0990 0.1004 0.1017 0.1032 0.1046 0.1061 0.1076 0.1091 0.1107 0.1123 0.1139 0.1156 0.1174 0.1193 0.1213 0.1234 0.1256 0.1280 0.1305 0.1332 0.1362 0.1393 0.1427 0.1462 0.1499 0.1539 0.1581 0.1625 0.1670 0.1718 0.1769 0.1821 0.1877 0.1935 0.1994 0.2057 0.2122 0.2189 0.2258 0.2328 0.2400 0.2472 0.2544 0.2617 0.2689 0.2763 0.2831 0.2862 0.2831 0.2763 0.2689 0.2617 0.2544 0.2472 0.2400 0.2328 0.2258 0.2189 0.2122 0.2057 0.1994 0.1935 0.1877 0.1821 0.1769 0.1718 0.1670 0.1625 0.1581 0.1539 0.1499 0.1462 0.1427 0.1393 0.1362 0.1332 0.1305 0.1280 0.1256 0.1234 0.1213 0.1193 0.1174 0.1156 0.1139 0.1123 0.1107 0.1091 0.1076 0.1061 0.1046 0.1032 0.1017 0.1004 0.0990 0.0977 0.0950 0.0838
0.0864 0.0981 0.1010 0.1023 0.1038 0.1052 0.1067 0.1082 0.1098 0.1113 0.1129 0.1146 0.1162 0.1179 0.1197 0.1215 0.1234 0.1255 0.1276 0.1299 0.1322 0.1348 0.1375 0.1404 0.1436 0.1469 0.1504 0.1542 0.1581 0.1622 0.1666 0.1711 0.1759 0.1809 0.1861 0.1916 0.1973 0.2033 0.2095 0.2159 0.2226 0.2295 0.2364 0.2435 0.2507 0.2579 0.2651 0.2724 0.2796 0.2864 0.2893 0.2864 0.2796 0.2724 0.2651 0.2579 0.2507 0.2435 0.2364 0.2295 0.2226 0.2159 0.2095 0.2033 0.1973 0.1916 0.1861 0.1809 0.1759 0.1711 0.1666 0.1622 0.1581 0.1542 0.1504 0.1469 0.1436 0.1404 0.1375 0.1348 0.1322 0.1299 0.1276 0.1255 0.1234 0.1215 0.1197 0.1179 0.1162 0.1146 0.1129 0.1113 0.1098 0.1082 0.1067 0.1052 0.1038 0.1023 0.1010 0.0981 0.0864
0.0891 0.1014 0.1044 0.1058 0.1073 0.1088 0.1104 0.1120 0.1136 0.1153 0.1169 0.1186 0.1204 0.1221 0.1239 0.1258 0.1278 0.1298 0.1320 0.1343 0.1367 0.1393 0.1419 0.1449 0.1480 0.1513 0.1548 0.1585 0.1625 0.1666 0.1710 0.1754 0.1802 0.1852 0.1903 0.1958 0.2014 0.2074 0.2135 0.2199 0.2265 0.2332 0.2402 0.2472 0.2543 0.2615 0.2687 0.2758 0.2830 0.2896 0.2925 0.2896 0.2830 0.2758 0.2687 0.2615 0.2543 0.2472 0.2402 0.2332 0.2265 0.2199 0.2135 0.2074 0.2014 0.1958 0.1903 0.1852 0.1802 0.1754 0.1710 0.1666 0.1625 0.1585 0.1548 0.1513 0.1480 0.1449 0.1419 0.1393 0.1367 0.1343 0.1320 0.1298 0.1278 0.1258 0.1239 0.1221 0.1204 0.1186 0.1169 0.1153 0.1136 0.1120 0.1104 0.1088 0.1073 0.1058 0.1044 0.1014 0.0891
0.0920 0.1048 0.1080 0.1095 0.1110 0.1126 0.1143 0.1159 0.1176 0.1193 0.1211 0.1229 0.1247 0.1265 0.1284 0.1303 0.1323 0.1344 0.1366 0.1390 0.1414 0.1439 0.1467 0.1495 0.1526 0.1559 0.1594 0.1631 0.1670 0.1711 0.1754 0.1800 0.1847 0.1896 0.1948 0.2001 0.2058 0.2116 0.2177 0.2240 0.2305 0.2372 0.2440 0.2509 0.2579 0.2651 0.2722 0.2793 0.2864 0.2929 0.2958 0.2929 0.2864 0.2793 0.2722 0.2651 0.2579 0.2509 0.2440 0.2372 0.2305 0.2240 0.2177 0.2116 0.2058 0.2001 0.1948 0.1896 0.1847 0.1800 0.1754 0.1711 0.1670 0.1631 0.1594 0.1559 0.1526 0.1495 0.1467 0.1439 0.1414 0.1390 0.1366 0.1344 0.1323 0.1303 0.1284 0.1265 0.1247 0.1229 0.1211 0.1193 0.1176 0.1159 0.1143 0.1126 0.1110 0.1095 0.1080 0.1048 0.0920
0.0950 0.1085 0.1117 0.1133 0.1149 0.1166 0.1183 0.1201 0.1218 0.1236 0.1254 0.1273 0.1292 0.1311 0.1331 0.1350 0.1371 0.1392 0.1415 0.1439 0.1463 0.1489 0.1516 0.1545 0.1575 0.1608 0.1642 0.1679 0.1718 0.1759 0.1802 0.1847 0.1894 0.1943 0.1994 0.2048 0.2103 0.2161 0.2221 0.2283 0.2347 0.2413 0.2480 0.2548 0.2617 0.2687 0.2757 0.2827 0.2898 0.2962 0.2990 0.2962 0.2898 0.2827 0.2757 0.2687 0.2617 0.2548 0.2480 0.2413 0.2347 0.2283 0.2221 0.2161 0.2103 0.2048 0.1994 0.1943 0.1894 0.1847 0.1802 0.1759 0.1718 0.1679 0.1642 0.1608 0.1575 0.1545 0.1516 0.1489 0.1463 0.1439 0.1415 0.1392 0.1371 0.1350 0.1331 0.1311 0.1292 0.1273 0.1254 0.1236 0.1218 0.1201 0.1183 0.1166 0.1149 0.1133 0.1117 0.1085 0.0950
0.0981 0.1122 0.1157 0.1173 0.1190 0.1208 0.1225 0.1243 0.1262 0.1281 0.1300 0.1319 0.1339 0.1359 0.1379 0.1400 0.1421 0.1442 0.1466 0.1489 0.1514 0.1541 0.1568 0.1597 0.1627 0.1660 0.1694 0.1730 0.1769 0.1809 0.1852 0.1896 0.1943 0.1992 0.2043 0.2095 0.2150 0.2207 0.2266 0.2327 0.2390 0.2455 0.2521 0.2588 0.2656 0.2724 0.2793 0.2862 0.2931 0.2994 0.3021 0.2994 0.2931 0.2862 0.2793 0.2724 0.2656 0.2588 0.2521 0.2455 0.2390 0.2327 0.2266 0.2207 0.2150 0.2095 0.2043 0.1992 0.1943 0.1896 0.1852 0.1809 0.1769 0.1730 0.1694 0.1660 0.1627 0.1597 0.1568 0.1541 0.1514 0.1489 0.1466 0.1442 0.1421 0.1400 0.1379 0.1359 0.1339 0.1319 0.1300 0.1281 0.1262 0.1243 0.1225 0.1208 0.1190 0.1173 0.1157 0.1122 0.0981
0.1014 0.1162 0.1198 0.1215 0.1233 0.1251 0.1269 0.1288 0.1307 0.1327 0.1347 0.1367 0.1387 0.1408 0.1429 0.1451 0.1473 0.1495 0.1518 0.1543 0.1568 0.1594 0.1622 0.1651 0.1682 0.1714 0.1748 0.1784 0.1821 0.1861 0.1903 0.1948 0.1994 0.2043 0.2093 0.2145 0.2199 0.2256 0.2313 0.2373 0.2435 0.2499 0.2564 0.2629 0.2695 0.2762 0.2829 0.2896 0.2964 0.3025 0.3052 0.3025 0.2964 0.2896 0.2829 0.2762 0.2695 0.2629 0.2564 0.2499 0.2435 0.2373 0.2313 0.2256 0.2199 0.2145 0.2093 0.2043 0.1994 0.1948 0.1903 0.1861 0.1821 0.1784 0.1748 0.1714 0.1682 0.1651 0.1622 0.1594 0.1568 0.1543 0.1518 0.1495 0.1473 0.1451 0.1429 0.1408 0.1387 0.1367 0.1347 0.1327 0.1307 0.1288 0.1269 0.1251 0.1233 0.1215 0.1198 0.1162 0.1014
0.1048 0.1203 0.1241 0.1258 0.1277 0.1296 0.1315 0.1335 0.1355 0.1375 0.1396 0.1417 0.1438 0.1460 0.1482 0.1504 0.1527 0.1549 0.1573 0.1598 0.1623 0.1651 0.1679 0.1708 0.1739 0.1771 0.1804 0.1840 0.1877 0.1916 0.1958 0.2001 0.2048 0.2095 0.2145 0.2197 0.2250 0.2306 0.2363 0.2421 0.2482 0.2544 0.2608 0.2672 0.2736 0.2801 0.2867 0.2932 0.2997 0.3056 0.3081 0.3056 0.2997 0.2932 0.2867 0.2801 0.2736 0.2672 0.2608 0.2544 0.2482 0.2421 0.2363 0.2306 0.2250 0.2197 0.2145 0.2095 0.2048 0.2001 0.1958 0.1916 0.1877 0.1840 0.1804 0.1771 0.1739 0.1708 0.1679 0.1651 0.1623 0.1598 0.1573 0.1549 0.1527 0.1504 0.1482 0.1460 0.1438 0.1417 0.1396 0.1375 0.1355 0.1335 0.1315 0.1296 0.1277 0.1258 0.1241 0.1203 0.1048
0.1085 0.1246 0.1285 0.1304 0.1323 0.1343 0.1363 0.1384 0.1404 0.1425 0.1447 0.1469 0.1491 0.1513 0.1536 0.1559 0.1582 0.1606 0.1630 0.1655 0.1682 0.1709 0.1737 0.1767 0.1797 0.1829 0.1863 0.1898 0.1935 0.1973 0.2014 0.2058 0.2103 0.2150 0.2199 0.2250 0.2303 0.2357 0.2413 0.2471 0.2530 0.2592 0.2653 0.2716 0.2779 0.2842 0.2905 0.2968 0.3031 0.3087 0.3111 0.3087 0.3031 0.2968 0.2905 0.2842 0.2779 0.2716 0.2653 0.2592 0.2530 0.2471 0.2413 0.2357 0.2303 0.2250 0.2199 0.2150 0.2103 0.2058 0.2014 0.1973 0.1935 0.1898 0.1863 0.1829 0.1797 0.1767 0.1737 0.1709 0.1682 0.1655 0.1630 0.1606 0.1582 0.1559 0.1536 0.1513 0.1491 0.1469 0.1447 0.1425 0.1404 0.1384 0.1363 0.1343 0.1323 0.1304 0.1285 0.1246 0.1085
0.1122 0.1291 0.1332 0.1351 0.1372 0.1392 0.1413 0.1434 0.1456 0.1478 0.1500 0.1522 0.1545 0.1569 0.1592 0.1616 0.1640 0.1665 0.1690 0.1715 0.1741 0.1769 0.1798 0.1827 0.1859 0.1890 0.1923 0.1958 0.1994 0.2033 0.2074 0.2116 0.2161 0.2207 0.2256 0.2306 0.2357 0.2411 0.2466 0.2522 0.2581 0.2639 0.2700 0.2761 0.2822 0.2884 0.2945 0.3005 0.3065 0.3118 0.3140 0.3118 0.3065 0.3005 0.2945 0.2884 0.2822 0.2761 0.2700 0.2639 0.2581 0.2522 0.2466 0.2411 0.2357 0.2306 0.2256 0.2207 0.2161 0.2116 0.2074 0.2033 0.1994 0.1958 0.1923 0.1890 0.1859 0.1827 0.1798 0.1769 0.1741 0.1715 0.1690 0.1665 0.1640 0.1616 0.1592 0.1569 0.1545 0.1522 0.1500 0.1478 0.1456 0.1434 0.1413 0.1392 0.1372 0.1351 0.1332 0.1291 0.1122
0.1162 0.1338 0.1380 0.1401 0.1422 0.1443 0.1465 0.1487 0.1509 0.1532 0.1555 0.1578 0.1602 0.1626 0.1650 0.1675 0.1700 0.1725 0.1751 0.1777 0.1804 0.1831 0.1860 0.1891 0.1922 0.1954 0.1987 0.2021 0.2057 0.2095 0.2135 0.2177 0.2221 0.2266 0.2313 0.2363 0.2413 0.2466 0.2520 0.2575 0.2632 0.2689 0.2748 0.2807 0.2867 0.2926 0.2985 0.3042 0.3099 0.3148 0.3168 0.3148 0.3099 0.3042 0.2985 0.2926 0.2867 0.2807 0.2748 0.2689 0.2632 0.2575 0.2520 0.2466 0.2413 0.2363 0.2313 0.2266 0.2221 0.2177 0.2135 0.2095 0.2057 0.2021 0.1987 0.1954 0.1922 0.1891 0.1860 0.1831 0.1804 0.1777 0.1751 0.1725 0.1700 0.1675 0.1650 0.1626 0.1602 0.1578 0.1555 0.1532 0.1509 0.1487 0.1465 0.1443 0.1422 0.1401 0.1380 0.1338 0.1162
0.1203 0.1387 0.1431 0.1452 0.1474 0.1496 0.1518 0.1541 0.1564 0.1588 0.1612 0.1636 0.1660 0.1685 0.1710 0.1736 0.1762 0.1788 0.1814 0.1841 0.1868 0.1896 0.1925 0.1955 0.1987 0.2019 0.2053 0.2086 0.2122 0.2159 0.2199 0.2240 0.2283 0.2327 0.2373 0.2421 0.2471 0.2522 0.2575 0.2629 0.2684 0.2740 0.2797 0.2854 0.2912 0.2969 0.3025 0.3079 0.3132 0.3177 0.3195 0.3177 0.3132 0.3079 0.3025 0.2969 0.2912 0.2854 0.2797 0.2740 0.2684 0.2629 0.2575 0.2522 0.2471 0.2421 0.2373 0.2327 0.2283 0.2240 0.2199 0.2159 0.2122 0.2086 0.2053 0.2019 0.1987 0.1955 0.1925 0.1896 0.1868 0.1841 0.1814 0.1788 0.1762 0.1736 0.1710 0.1685 0.1660 0.1636 0.1612 0.1588 0.1564 0.1541 0.1518 0.1496 0.1474 0.1452 0.1431 0.1387 0.1203
0.1246 0.1438 0.1483 0.1505 0.1528 0.1551 0.1574 0.1598 0.1621 0.1646 0.1670 0.1695 0.1721 0.1746 0.1772 0.1799 0.1825 0.1852 0.1879 0.1907 0.1934 0.1963 0.1992 0.2022 0.2054 0.2086 0.2120 0.2154 0.2189 0.2226 0.2265 0.2305 0.2347 0.2390 0.2435 0.2482 0.2530 0.2581 0.2632 0.2684 0.2738 0.2791 0.2846 0.2902 0.2956 0.3011 0.3065 0.3116 0.3164 0.3205 0.3221 0.3205 0.3164 0.3116 0.3065 0.3011 0.2956 0.2902 0.2846 0.2791 0.2738 0.2684 0.2632 0.2581 0.2530 0.2482 0.2435 0.2390 0.2347 0.2305 0.2265 0.2226 0.2189 0.2154 0.2120 0.2086 0.2054 0.2022 0.1992 0.1963 0.1934 0.1907 0.1879 0.1852 0.1825 0.1799 0.1772 0.1746 0.1721 0.1695 0.1670 0.1646 0.1621 0.1598 0.1574 0.1551 0.1528 0.1505 0.1483 0.1438 0.1246
0.1291 0.1490 0.1537 0.1560 0.1583 0.1607 0.1631 0.1656 0.1681 0.1706 0.1731 0.1757 0.1783 0.1809 0.1836 0.1863 0.1890 0.1918 0.1946 0.1974 0.2002 0.2031 0.2060 0.2091 0.2122 0.2155 0.2189 0.2223 0.2258 0.2295 0.2332 0.2372 0.2413 0.2455 0.2499 0.2544 0.2592 0.2639 0.2689 0.2740 0.2791 0.2844 0.2896 0.2949 0.3002 0.3053 0.3103 0.3151 0.3195 0.3231 0.3245 0.3231 0.3195 0.3151 0.3103 0.3053 0.3002 0.2949 0.2896 0.2844 0.2791 0.2740 0.2689 0.2639 0.2592 0.2544 0.2499 0.2455 0.2413 0.2372 0.2332 0.2295 0.2258 0.2223 0.2189 0.2155 0.2122 0.2091 0.2060 0.2031 0.2002 0.1974 0.1946 0.1918 0.1890 0.1863 0.1836 0.1809 0.1783 0.1757 0.1731 0.1706 0.1681 0.1656 0.1631 0.1607 0.1583 0.1560 0.1537 0.1490 0.1291
0.1338 0.1545 0.1594 0.1617 0.1641 0.1666 0.1691 0.1716 0.1742 0.1768 0.1794 0.1820 0.1847 0.1874 0.1902 0.1929 0.1957 0.1985 0.2014 0.2043 0.2072 0.2101 0.2130 0.2161 0.2193 0.2225 0.2259 0.2293 0.2328 0.2364 0.2402 0.2440 0.2480 0.2521 0.2564 0.2608 0.2653 0.2700 0.2748 0.2797 0.2846 0.2896 0.2947 0.2997 0.3046 0.3095 0.3141 0.3184 0.3224 0.3255 0.3266 0.3255 0.3224 0.3184 0.3141 0.3095 0.3046 0.2997 0.2947 0.2896 0.2846 0.2797 0.2748 0.2700 0.2653 0.2608 0.2564 0.2521 0.2480 0.2440 0.2402 0.2364 0.2328 0.2293 0.2259 0.2225 0.2193 0.2161 0.2130 0.2101 0.2072 0.2043 0.2014 0.1985 0.1957 0.1929 0.1902 0.1874 0.1847 0.1820 0.1794 0.1768 0.1742 0.1716 0.1691 0.1666 0.1641 0.1617 0.1594 0.1545 0.1338
0.1387 0.1601 0.1652 0.1676 0.1701 0.1727 0.1752 0.1778 0.1805 0.1831 0.1858 0.1885 0.1913 0.1941 0.1969 0.1997 0.2026 0.2055 0.2084 0.2113 0.2143 0.2172 0.2202 0.2233 0.2264 0.2297 0.2330 0.2364 0.2400 0.2435 0.2472 0.2509 0.2548 0.2588 0.2629 0.2672 0.2716 0.2761 0.2807 0.2854 0.2902 0.2949 0.2997 0.3045 0.3090 0.3135 0.3177 0.3215 0.3249 0.3275 0.3283 0.3275 0.3249 0.3215 0.3177 0.3135 0.3090 0.3045 0.2997 0.2949 0.2902 0.2854 0.2807 0.2761 0.2716 0.2672 0.2629 0.2588 0.2548 0.2509 0.2472 0.2435 0.2400 0.2364 0.2330 0.2297 0.2264 0.2233 0.2202 0.2172 0.2143 0.2113 0.2084 0.2055 0.2026 0.1997 0.1969 0.1941 0.1913 0.1885 0.1858 0.1831 0.1805 0.1778 0.1752 0.1727 0.1701 0.1676 0.1652 0.1601 0.1387
0.1437 0.1660 0.1712 0.1737 0.1763 0.1789 0.1815 0.1842 0.1869 0.1897 0.1924 0.1952 0.1980 0.2009 0.2037 0.2066 0.2096 0.2125 0.2155 0.2185 0.2215 0.2245 0.2275 0.2306 0.2337 0.2369 0.2402 0.2437 0.2472 0.2507 0.2543 0.2579 0.2617 0.2656 0.2695 0.2736 0.2779 0.2822 0.2867 0.2912 0.2956 0.3002 0.3046 0.3090 0.3133 0.3173 0.3210 0.3243 0.3271 0.3292 0.3297 0.3292 0.3271 0.3243 0.3210 0.3173 0.3133 0.3090 0.3046 0.3002 0.2956 0.2912 0.2867 0.2822 0.2779 0.2736 0.2695 0.2656 0.2617 0.2579 0.2543 0.2507 0.2472 0.2437 0.2402 0.2369 0.2337 0.2306 0.2275 0.2245 0.2215 0.2185 0.2155 0.2125 0.2096 0.2066 0.2037 0.2009 0.1980 0.1952 0.1924 0.1897 0.1869 0.1842 0.1815 0.1789 0.1763 0.1737 0.1712 0.1660 0.1437
0.1490 0.1720 0.1774 0.1800 0.1826 0.1853 0.1880 0.1908 0.1936 0.1964 0.1992 0.2020 0.2049 0.2078 0.2108 0.2137 0.2167 0.2197 0.2227 0.2257 0.2288 0.2318 0.2349 0.2380 0.2411 0.2443 0.2476 0.2509 0.2544 0.2579 0.2615 0.2651 0.2687 0.2724 0.2762 0.2801 0.2842 0.2884 0.2926 0.2969 0.3011 0.3053 0.3095 0.3135 0.3173 0.3209 0.3240 0.3267 0.3290 0.3306 0.3309 0.3306 0.3290 0.3267 0.3240 0.3209 0.3173 0.3135 0.3095 0.3053 0.3011 0.2969 0.2926 0.2884 0.2842 0.2801 0.2762 0.2724 0.2687 0.2651 0.2615 0.2579 0.2544 0.2509 0.2476 0.2443 0.2411 0.2380 0.2349 0.2318 0.2288 0.2257 0.2227 0.2197 0.2167 0.2137 0.2108 0.2078 0.2049 0.2020 0.1992 0.1964 0.1936 0.1908 0.1880 0.1853 0.1826 0.1800 0.1774 0.1720 0.1490
0.1545 0.1782 0.1838 0.1864 0.1892 0.1919 0.1947 0.1975 0.2004 0.2032 0.2061 0.2090 0.2120 0.2149 0.2179 0.2209 0.2239 0.2270 0.2300 0.2331 0.2362 0.2393 0.2424 0.2455 0.2486 0.2517 0.2549 0.2583 0.2617 0.2651 0.2687 0.2722 0.2757 0.2793 0.2829 0.2867 0.2905 0.2945 0.2985 0.3025 0.3065 0.3103 0.3141 0.3177 0.3210 0.3240 0.3267 0.3288 0.3305 0.3316 0.3316 0.3316 0.3305 0.3288 0.3267 0.3240 0.3210 0.3177 0.3141 0.3103 0.3065 0.3025 0.2985 0.2945 0.2905 0.2867 0.2829 0.2793 0.2757 0.2722 0.2687 0.2651 0.2617 0.2583 0.2549 0.2517 0.2486 0.2455 0.2424 0.2393 0.2362 0.2331 0.2300 0.2270 0.2239 0.2209 0.2179 0.2149 0.2120 0.2090 0.2061 0.2032 0.2004 0.1975 0.1947 0.1919 0.1892 0.1864 0.1838 0.1782 0.1545
0.1601 0.1846 0.1903 0.1931 0.1958 0.1987 0.2015 0.2044 0.2073 0.2102 0.2132 0.2161 0.2191 0.2221 0.2252 0.2282 0.2313 0.2343 0.2374 0.2405 0.2436 0.2467 0.2499 0.2530 0.2561 0.2592 0.2624 0.2656 0.2689 0.2724 0.2758 0.2793 0.2827 0.2862 0.2896 0.2932 0.2968 0.3005 0.3042 0.3079 0.3116 0.3151 0.3184 0.3215 0.3243 0.3267 0.3288 0.3304 0.3316 0.3323 0.3321 0.3323 0.3316 0.3304 0.3288 0.3267 0.3243 0.3215 0.3184 0.3151 0.3116 0.3079 0.3042 0.3005 0.2968 0.2932 0.2896 0.2862 0.2827 0.2793 0.2758 0.2724 0.2689 0.2656 0.2624 0.2592 0.2561 0.2530 0.2499 0.2467 0.2436 0.2405 0.2374 0.2343 0.2313 0.2282 0.2252 0.2221 0.2191 0.2161 0.2132 0.2102 0.2073 0.2044 0.2015 0.1987 0.1958 0.1931 0.1903 0.1846 0.1601
0.1661 0.1913 0.1971 0.1999 0.2028 0.2057 0.2086 0.2115 0.2145 0.2174 0.2204 0.2235 0.2265 0.2295 0.2326 0.2357 0.2388 0.2419 0.2450 0.2481 0.2512 0.2543 0.2574 0.2606 0.2637 0.2668 0.2699 0.2730 0.2763 0.2796 0.2830 0.2864 0.2898 0.2931 0.2964 0.2997 0.3031 0.3065 0.3099 0.3132 0.3164 0.3195 0.3224 0.3249 0.3271 0.3290 0.3305 0.3316 0.3324 0.3326 0.3323 0.3326 0.3324 0.3316 0.3305 0.3290 0.3271 0.3249 0.3224 0.3195 0.3164 0.3132 0.3099 0.3065 0.3031 0.2997 0.2964 0.2931 0.2898 0.2864 0.2830 0.2796 0.2763 0.2730 0.2699 0.2668 0.2637 0.2606 0.2574 0.2543 0.2512 0.2481 0.2450 0.2419 0.2388 0.2357 0.2326 0.2295 0.2265 0.2235 0.2204 0.2174 0.2145 0.2115 0.2086 0.2057 0.2028 0.1999 0.1971 0.1913 0.1661
0.1718 0.1977 0.2037 0.2065 0.2095 0.2124 0.2154 0.2183 0.2213 0.2244 0.2274 0.2305 0.2335 0.2366 0.2397 0.2428 0.2459 0.2490 0.2521 0.2553 0.2584 0.2615 0.2646 0.2677 0.2708 0.2739 0.2770 0.2800 0.2831 0.2864 0.2896 0.2929 0.2962 0.2994 0.3025 0.3056 0.3087 0.3118 0.3148 0.3177 0.3205 0.3231 0.3255 0.3275 0.3292 0.3306 0.3316 0.3323 0.3326 0.3325 0.3321 0.3325 0.3326 0.3323 0.3316 0.3306 0.3292 0.3275 0.3255 0.3231 0.3205 0.3177 0.3148 0.3118 0.3087 0.3056 0.3025 0.2994 0.2962 0.2929 0.2896 0.2864 0.2831 0.2800 0.2770 0.2739 0.2708 0.2677 0.2646 0.2615 0.2584 0.2553 0.2521 0.2490 0.2459 0.2428 0.2397 0.2366 0.2335 0.2305 0.2274 0.2244 0.2213 0.2183 0.2154 0.2124 0.2095 0.2065 0.2037 0.1977 0.1718
0.1740 0.2006 0.2067 0.2096 0.2125 0.2155 0.2185 0.2215 0.2245 0.2275 0.2306 0.2337 0.2367 0.2398 0.2429 0.2460 0.2492 0.2523 0.2554 0.2585 0.2616 0.2647 0.2678 0.2709 0.2740 0.2771 0.2801 0.2831 0.2862 0.2893 0.2925 0.2958 0.2990 0.3021 0.3052 0.3081 0.3111 0.3140 0.3168 0.3195 0.3221 0.3245 0.3266 0.3283 0.3297 0.3309 0.3316 0.3321 0.3323 0.3321 0.3315 0.3321 0.3323 0.3321 0.3316 0.3309 0.3297 0.3283 0.3266 0.3245 0.3221 0.3195 0.3168 0.3140 0.3111 0.3081 0.3052 0.3021 0.2990 0.2958 0.2925 0.2893 0.2862 0.2831 0.2801 0.2771 0.2740 0.2709 0.2678 0.2647 0.2616 0.2585 0.2554 0.2523 0.2492 0.2460 0.2429 0.2398 0.2367 0.2337 0.2306 0.2275 0.2245 0.2215 0.2185 0.2155 0.2125 0.2096 0.2067 0.2006 0.1740
0.1718 0.1977 0.2037 0.2065 0.2095 0.2124 0.2154 0.2183 0.2213 0.2244 0.2274 0.2305 0.2335 0.2366 0.2397 0.2428 0.2459 0.2490 0.2521 0.2553 0.2584 0.2615 0.2646 0.2677 0.2708 0.2739 0.2770 0.2800 0.2831 0.2864 0.2896 0.2929 0.2962 0.2994 0.3025 0.3056 0.3087 0.3118 0.3148 0.3177 0.3205 0.3231 0.3255 0.3275 0.3292 0.3306 0.3316 0.3323 0.3326 0.3325 0.3321 0.3325 0.3326 0.3323 0.3316 0.3306 0.3292 0.3275 0.3255 0.3231 0.3205 0.3177 0.3148 0.3118 0.3087 0.3056 0.3025 0.2994 0.2962 0.2929 0.2896 0.2864 0.2831 0.2800 0.2770 0.2739 0.2708 0.2677 0.2646 0.2615 0.2584 0.2553 0.2521 0.2490 0.2459 0.2428 0.2397 0.2366 0.2335 0.2305 0.2274 0.2244 0.2213 0.2183 0.2154 0.2124 0.2095 0.2065 0.2037 0.1977 0.1718
0.1661 0.1913 0.1971 0.1999 0.2028 0.2057 0.2086 0.2115 0.2145 0.2174 0.2204 0.2235 0.2265 0.2295 0.2326 0.2357 0.2388 0.2419 0.2450 0.2481 0.2512 0.2543 0.2574 0.2606 0.2637 0.2668 0.2699 0.2730 0.2763 0.2796 0.2830 0.2864 0.2898 0.2931 0.2964 0.2997 0.3031 0.3065 0.3099 0.3132 0.3164 0.3195 0.3224 0.3249 0.3271 0.3290 0.3305 0.3316 0.3324 0.3326 0.3323 0.3326 0.3324 0.3316 0.3305 0.3290 0.3271 0.3249 0.3224 0.3195 0.3164 0.3132 0.3099 0.3065 0.3031 0.2997 0.2964 0.2931 0.2898 0.2864 0.2830 0.2796 0.2763 0.2730 0.2699 0.2668 0.2637 0.2606 0.2574 0.2543 0.2512 0.2481 0.2450 0.2419 0.2388 0.2357 0.2326 0.2295 0.2265 0.2235 0.2204 0.2174 0.2145 0.2115 0.2086 0.2057 0.2028 0.1999 0.1971 0.1913 0.1661
0.1601 0.1846 0.1903 0.1931 0.1958 0.1987 0.2015 0.2044 0.2073 0.2102 0.2132 0.2161 0.2191 0.2221 0.2252 0.2282 0.2313 0.2343 0.2374 0.2405 0.2436 0.2467 0.2499 0.2530 0.2561 0.2592 0.2624 0.2656 0.2689 0.2724 0.2758 0.2793 0.2827 0.2862 0.2896 0.2932 0.2968 0.3005 0.3042 0.3079 0.3116 0.3151 0.3184 0.3215 0.3243 0.3267 0.3288 0.3304 0.3316 0.3323 0.3321 0.3323 0.3316 0.3304 0.3288 0.3267 0.3243 0.3215 0.3184 0.3151 0.3116 0.3079 0.3042 0.3005 0.2968 0.2932 0.2896 0.2862 0.2827 0.2793 0.2758 0.2724 0.2689 0.2656 0.2624 0.2592 0.2561 0.2530 0.2499 0.2467 0.2436 0.2405 0.2374 0.2343 0.2313 0.2282 0.2252 0.2221 0.2191 0.2161 0.2132 0.2102 0.2073 0.2044 0.2015 0.1987 0.1958 0.1931 0.1903 0.1846 0.1601
0.1545 0.1782 0.1838 0.1864 0.1892 0.1919 0.1947 0.1975 0.2004 0.2032 0.2061 0.2090 0.2120 0.2149 0.2179 0.2209 0.2239 0.2270 0.2300 0.2331 0.2362 0.2393 0.2424 0.2455 0.2486 0.2517 0.2549 0.2583 0.2617 0.2651 0.2687 0.2722 0.2757 0.2793 0.2829 0.2867 0.2905 0.2945 0.2985 0.3025 0.3065 0.3103 0.3141 0.3177 0.3210 0.3240 0.3267 0.3288 0.3305 0.3316 0.3316 0.3316 0.3305 0.3288 0.3267 0.3240 0.3210 0.3177 0.3141 0.3103 0.3065 0.3025 0.2985 0.2945 0.2905 0.2867 0.2829 0.2793 0.2757 0.2722 0.2687 0.2651 0.2617 0.2583 0.2549 0.2517 0.2486 0.2455 0.2424 0.2393 0.2362 0.2331 0.2300 0.2270 0.2239 0.2209 0.2179 0.2149 0.2120 0.2090 0.2061 0.2032 0.2004 0.1975 0.1947 0.1919 0.1892 0.1864 0.1838 0.1782 0.1545
0.1490 0.1720 0.1774 0.1800 0.1826 0.1853 0.1880 0.1908 0.1936 0.1964 0.1992 0.2020 0.2049 0.2078 0.2108 0.2137 0.2167 0.2197 0.2227 0.2257 0.2288 0.2318 0.2349 0.2380 0.2411 0.2443 0.2476 0.2509 0.2544 0.2579 0.2615 0.2651 0.2687 0.2724 0.2762 0.2801 0.2842 0.2884 0.2926 0.2969 0.3011 0.3053 0.3095 0.3135 0.3173 0.3209 0.3240 0.3267 0.3290 0.3306 0.3309 0.3306 0.3290 0.3267 0.3240 0.3209 0.3173 0.3135 0.3095 0.3053 0.3011 0.2969 0.2926 0.2884 0.2842 0.2801 0.2762 0.2724 0.2687 0.2651 0.2615 0.2579 0.2544 0.2509 0.2476 0.2443 0.2411 0.2380 0.2349 0.2318 0.2288 0.2257 0.2227 0.2197 0.2167 0.2137 0.2108 0.2078 0.2049 0.2020 0.1992 0.1964 0.1936 0.1908 0.1880 0.1853 0.1826 0.1800 0.1774 0.1720 0.1490
