0.0671 0.0465 0.0494 0.0526 0.0631 0.0709 -0.1082 -0.2075 -0.2166 -0.2245 -0.2314 -0.2378 -0.2436 -0.2490 -0.2540 -0.2589 -0.2635 -0.2679 -0.2721 -0.2762 -0.2801 -0.2840 -0.2877 -0.2913 -0.2948 -0.2982 -0.3015 -0.3047 -0.3078 -0.3108 -0.3136 -0.3163 -0.3189 -0.3214 -0.3237 -0.3259 -0.3279 -0.3296 -0.3312 -0.3326 -0.3338 -0.3347 -0.3353 -0.3356 -0.3357 -0.3354 -0.3348 -0.3338 -0.3324 -0.3307 -0.3299 -0.3307 -0.3324 -0.3338 -0.3348 -0.3354 -0.3357 -0.3356 -0.3353 -0.3347 -0.3338 -0.3326 -0.3312 -0.3296 -0.3279 -0.3259 -0.3237 -0.3214 -0.3189 -0.3163 -0.3136 -0.3108 -0.3078 -0.3047 -0.3015 -0.2982 -0.2948 -0.2913 -0.2877 -0.2840 -0.2801 -0.2762 -0.2721 -0.2679 -0.2635 -0.2589 -0.2540 -0.2490 -0.2436 -0.2378 -0.2314 -0.2245 -0.2166 -0.2075 -0.1082 0.0709 0.0631 0.0526 0.0494 0.0465 0.0671
0.0465 0.0349 0.0364 0.0384 0.0589 0.0000 -0.2316 -0.2379 -0.2436 -0.2490 -0.2541 -0.2589 -0.2635 -0.2679 -0.2721 -0.2762 -0.2801 -0.2840 -0.2877 -0.2913 -0.2948 -0.2982 -0.3015 -0.3047 -0.3078 -0.3108 -0.3136 -0.3164 -0.3190 -0.3214 -0.3238 -0.3259 -0.3279 -0.3297 -0.3313 -0.3327 -0.3338 -0.3347 -0.3354 -0.3357 -0.3358 -0.3355 -0.3349 -0.3339 -0.3325 -0.3307 -0.3285 -0.3259 -0.3227 -0.3193 -0.3176 -0.3193 -0.3227 -0.3259 -0.3285 -0.3307 -0.3325 -0.3339 -0.3349 -0.3355 -0.3358 -0.3357 -0.3354 -0.3347 -0.3338 -0.3327 -0.3313 -0.3297 -0.3279 -0.3259 -0.3238 -0.3214 -0.3190 -0.3164 -0.3136 -0.3108 -0.3078 -0.3047 -0.3015 -0.2982 -0.2948 -0.2913 -0.2877 -0.2840 -0.2801 -0.2762 -0.2721 -0.2679 -0.2635 -0.2589 -0.2541 -0.2490 -0.2436 -0.2379 -0.2316 0.0000 0.0589 0.0384 0.0364 0.0349 0.0465
0.0494 0.0364 0.0379 0.0434 0.0550 -0.1314 -0.2375 -0.2431 -0.2485 -0.2535 -0.2583 -0.2629 -0.2673 -0.2716 -0.2757 -0.2796 -0.2835 -0.2872 -0.2908 -0.2944 -0.2978 -0.3011 -0.3043 -0.3074 -0.3104 -0.3133 -0.3160 -0.3187 -0.3211 -0.3235 -0.3257 -0.3277 -0.3295 -0.3311 -0.3325 -0.3337 -0.3347 -0.3353 -0.3357 -0.3358 -0.3356 -0.3350 -0.3341 -0.3328 -0.3311 -0.3289 -0.3263 -0.3233 -0.3197 -0.3158 -0.3139 -0.3158 -0.3197 -0.3233 -0.3263 -0.3289 -0.3311 -0.3328 -0.3341 -0.3350 -0.3356 -0.3358 -0.3357 -0.3353 -0.3347 -0.3337 -0.3325 -0.3311 -0.3295 -0.3277 -0.3257 -0.3235 -0.3211 -0.3187 -0.3160 -0.3133 -0.3104 -0.3074 -0.3043 -0.3011 -0.2978 -0.2944 -0.2908 -0.2872 -0.2835 -0.2796 -0.2757 -0.2716 -0.2673 -0.2629 -0.2583 -0.2535 -0.2485 -0.2431 -0.2375 -0.1314 0.0550 0.0434 0.0379 0.0364 0.0494
0.0526 0.0384 0.0434 0.0668 -0.0444 -0.2352 -0.2406 -0.2458 -0.2509 -0.2557 -0.2603 -0.2648 -0.2691 -0.2732 -0.2773 -0.2812 -0.2850 -0.2887 -0.2923 -0.2958 -0.2991 -0.3024 -0.3056 -0.3086 -0.3116 -0.3144 -0.3171 -0.3197 -0.3221 -0.3244 -0.3265 -0.3284 -0.3302 -0.3317 -0.3330 -0.3341 -0.3350 -0.3355 -0.3358 -0.3358 -0.3354 -0.3347 -0.3336 -0.3321 -0.3302 -0.3279 -0.3252 -0.3219 -0.3181 -0.3141 -0.3120 -0.3141 -0.3181 -0.3219 -0.3252 -0.3279 -0.3302 -0.3321 -0.3336 -0.3347 -0.3354 -0.3358 -0.3358 -0.3355 -0.3350 -0.3341 -0.3330 -0.3317 -0.3302 -0.3284 -0.3265 -0.3244 -0.3221 -0.3197 -0.3171 -0.3144 -0.3116 -0.3086 -0.3056 -0.3024 -0.2991 -0.2958 -0.2923 -0.2887 -0.2850 -0.2812 -0.2773 -0.2732 -0.2691 -0.2648 -0.2603 -0.2557 -0.2509 -0.2458 -0.2406 -0.2352 -0.0444 0.0668 0.0434 0.0384 0.0526
0.0631 0.0589 0.0550 -0.0444 -0.2343 -0.2392 -0.2440 -0.2487 -0.2534 -0.2580 -0.2624 -0.2667 -0.2709 -0.2750 -0.2789 -0.2828 -0.2866 -0.2902 -0.2937 -0.2972 -0.3005 -0.3037 -0.3069 -0.3099 -0.3128 -0.3155 -0.3182 -0.3207 -0.3231 -0.3253 -0.3273 -0.3292 -0.3308 -0.3323 -0.3335 -0.3345 -0.3352 -0.3357 -0.3358 -0.3357 -0.3351 -0.3343 -0.3330 -0.3314 -0.3293 -0.3268 -0.3239 -0.3204 -0.3164 -0.3121 -0.3100 -0.3121 -0.3164 -0.3204 -0.3239 -0.3268 -0.3293 -0.3314 -0.3330 -0.3343 -0.3351 -0.3357 -0.3358 -0.3357 -0.3352 -0.3345 -0.3335 -0.3323 -0.3308 -0.3292 -0.3273 -0.3253 -0.3231 -0.3207 -0.3182 -0.3155 -0.3128 -0.3099 -0.3069 -0.3037 -0.3005 -0.2972 -0.2937 -0.2902 -0.2866 -0.2828 -0.2789 -0.2750 -0.2709 -0.2667 -0.2624 -0.2580 -0.2534 -0.2487 -0.2440 -0.2392 -0.2343 -0.0444 0.0550 0.0589 0.0631
0.0709 0.0000 -0.1314 -0.2352 -0.2392 -0.2433 -0.2476 -0.2519 -0.2561 -0.2604 -0.2646 -0.2687 -0.2728 -0.2767 -0.2806 -0.2844 -0.2881 -0.2917 -0.2952 -0.2986 -0.3019 -0.3050 -0.3081 -0.3111 -0.3139 -0.3167 -0.3193 -0.3217 -0.3240 -0.3262 -0.3281 -0.3299 -0.3315 -0.3328 -0.3340 -0.3348 -0.3354 -0.3358 -0.3358 -0.3355 -0.3348 -0.3338 -0.3324 -0.3306 -0.3284 -0.3257 -0.3225 -0.3188 -0.3146 -0.3101 -0.3079 -0.3101 -0.3146 -0.3188 -0.3225 -0.3257 -0.3284 -0.3306 -0.3324 -0.3338 -0.3348 -0.3355 -0.3358 -0.3358 -0.3354 -0.3348 -0.3340 -0.3328 -0.3315 -0.3299 -0.3281 -0.3262 -0.3240 -0.3217 -0.3193 -0.3167 -0.3139 -0.3111 -0.3081 -0.3050 -0.3019 -0.2986 -0.2952 -0.2917 -0.2881 -0.2844 -0.2806 -0.2767 -0.2728 -0.2687 -0.2646 -0.2604 -0.2561 -0.2519 -0.2476 -0.2433 -0.2392 -0.2352 -0.1314 0.0000 0.0709
-0.1082 -0.2316 -0.2375 -0.2406 -0.2440 -0.2476 -0.2513 -0.2551 -0.2591 -0.2630 -0.2670 -0.2709 -0.2748 -0.2786 -0.2824 -0.2861 -0.2896 -0.2932 -0.2966 -0.2999 -0.3032 -0.3063 -0.3094 -0.3123 -0.3151 -0.3178 -0.3203 -0.3227 -0.3249 -0.3270 -0.3289 -0.3306 -0.3321 -0.3333 -0.3344 -0.3351 -0.3356 -0.3358 -0.3357 -0.3353 -0.3345 -0.3333 -0.3317 -0.3297 -0.3273 -0.3244 -0.3210 -0.3172 -0.3127 -0.3080 -0.3057 -0.3080 -0.3127 -0.3172 -0.3210 -0.3244 -0.3273 -0.3297 -0.3317 -0.3333 -0.3345 -0.3353 -0.3357 -0.3358 -0.3356 -0.3351 -0.3344 -0.3333 -0.3321 -0.3306 -0.3289 -0.3270 -0.3249 -0.3227 -0.3203 -0.3178 -0.3151 -0.3123 -0.3094 -0.3063 -0.3032 -0.2999 -0.2966 -0.2932 -0.2896 -0.2861 -0.2824 -0.2786 -0.2748 -0.2709 -0.2670 -0.2630 -0.2591 -0.2551 -0.2513 -0.2476 -0.2440 -0.2406 -0.2375 -0.2316 -0.1082
-0.2075 -0.2379 -0.2431 -0.2458 -0.2487 -0.2519 -0.2551 -0.2586 -0.2621 -0.2658 -0.2695 -0.2732 -0.2769 -0.2805 -0.2842 -0.2877 -0.2912 -0.2947 -0.2980 -0.3013 -0.3045 -0.3076 -0.3106 -0.3135 -0.3162 -0.3188 -0.3213 -0.3236 -0.3258 -0.3278 -0.3296 -0.3312 -0.3326 -0.3338 -0.3347 -0.3354 -0.3357 -0.3358 -0.3356 -0.3350 -0.3340 -0.3327 -0.3309 -0.3288 -0.3261 -0.3231 -0.3195 -0.3154 -0.3108 -0.3058 -0.3033 -0.3058 -0.3108 -0.3154 -0.3195 -0.3231 -0.3261 -0.3288 -0.3309 -0.3327 -0.3340 -0.3350 -0.3356 -0.3358 -0.3357 -0.3354 -0.3347 -0.3338 -0.3326 -0.3312 -0.3296 -0.3278 -0.3258 -0.3236 -0.3213 -0.3188 -0.3162 -0.3135 -0.3106 -0.3076 -0.3045 -0.3013 -0.2980 -0.2947 -0.2912 -0.2877 -0.2842 -0.2805 -0.2769 -0.2732 -0.2695 -0.2658 -0.2621 -0.2586 -0.2551 -0.2519 -0.2487 -0.2458 -0.2431 -0.2379 -0.2075
-0.2166 -0.2436 -0.2485 -0.2509 -0.2534 -0.2561 -0.2591 -0.2621 -0.2653 -0.2687 -0.2721 -0.2756 -0.2791 -0.2825 -0.2860 -0.2895 -0.2929 -0.2962 -0.2995 -0.3027 -0.3058 -0.3089 -0.3118 -0.3146 -0.3173 -0.3199 -0.3223 -0.3246 -0.3267 -0.3286 -0.3303 -0.3318 -0.3331 -0.3342 -0.3350 -0.3356 -0.3358 -0.3357 -0.3354 -0.3346 -0.3335 -0.3320 -0.3301 -0.3277 -0.3249 -0.3216 -0.3179 -0.3136 -0.3087 -0.3035 -0.3009 -0.3035 -0.3087 -0.3136 -0.3179 -0.3216 -0.3249 -0.3277 -0.3301 -0.3320 -0.3335 -0.3346 -0.3354 -0.3357 -0.3358 -0.3356 -0.3350 -0.3342 -0.3331 -0.3318 -0.3303 -0.3286 -0.3267 -0.3246 -0.3223 -0.3199 -0.3173 -0.3146 -0.3118 -0.3089 -0.3058 -0.3027 -0.2995 -0.2962 -0.2929 -0.2895 -0.2860 -0.2825 -0.2791 -0.2756 -0.2721 -0.2687 -0.2653 -0.2621 -0.2591 -0.2561 -0.2534 -0.2509 -0.2485 -0.2436 -0.2166
-0.2245 -0.2490 -0.2535 -0.2557 -0.2580 -0.2604 -0.2630 -0.2658 -0.2687 -0.2717 -0.2749 -0.2781 -0.2814 -0.2847 -0.2880 -0.2913 -0.2946 -0.2978 -0.3010 -0.3041 -0.3072 -0.3101 -0.3130 -0.3158 -0.3184 -0.3209 -0.3232 -0.3254 -0.3275 -0.3293 -0.3310 -0.3324 -0.3336 -0.3346 -0.3353 -0.3357 -0.3358 -0.3356 -0.3351 -0.3342 -0.3329 -0.3313 -0.3292 -0.3266 -0.3236 -0.3201 -0.3161 -0.3116 -0.3065 -0.3011 -0.2984 -0.3011 -0.3065 -0.3116 -0.3161 -0.3201 -0.3236 -0.3266 -0.3292 -0.3313 -0.3329 -0.3342 -0.3351 -0.3356 -0.3358 -0.3357 -0.3353 -0.3346 -0.3336 -0.3324 -0.3310 -0.3293 -0.3275 -0.3254 -0.3232 -0.3209 -0.3184 -0.3158 -0.3130 -0.3101 -0.3072 -0.3041 -0.3010 -0.2978 -0.2946 -0.2913 -0.2880 -0.2847 -0.2814 -0.2781 -0.2749 -0.2717 -0.2687 -0.2658 -0.2630 -0.2604 -0.2580 -0.2557 -0.2535 -0.2490 -0.2245
-0.2314 -0.2541 -0.2583 -0.2603 -0.2624 -0.2646 -0.2670 -0.2695 -0.2721 -0.2749 -0.2778 -0.2808 -0.2838 -0.2869 -0.2900 -0.2932 -0.2963 -0.2995 -0.3025 -0.3056 -0.3085 -0.3114 -0.3142 -0.3169 -0.3194 -0.3219 -0.3242 -0.3263 -0.3283 -0.3300 -0.3316 -0.3329 -0.3340 -0.3349 -0.3355 -0.3358 -0.3358 -0.3354 -0.3348 -0.3337 -0.3323 -0.3304 -0.3282 -0.3254 -0.3222 -0.3185 -0.3143 -0.3096 -0.3042 -0.2986 -0.2958 -0.2986 -0.3042 -0.3096 -0.3143 -0.3185 -0.3222 -0.3254 -0.3282 -0.3304 -0.3323 -0.3337 -0.3348 -0.3354 -0.3358 -0.3358 -0.3355 -0.3349 -0.3340 -0.3329 -0.3316 -0.3300 -0.3283 -0.3263 -0.3242 -0.3219 -0.3194 -0.3169 -0.3142 -0.3114 -0.3085 -0.3056 -0.3025 -0.2995 -0.2963 -0.2932 -0.2900 -0.2869 -0.2838 -0.2808 -0.2778 -0.2749 -0.2721 -0.2695 -0.2670 -0.2646 -0.2624 -0.2603 -0.2583 -0.2541 -0.2314
-0.2378 -0.2589 -0.2629 -0.2648 -0.2667 -0.2687 -0.2709 -0.2732 -0.2756 -0.2781 -0.2808 -0.2835 -0.2863 -0.2892 -0.2922 -0.2952 -0.2982 -0.3012 -0.3041 -0.3070 -0.3099 -0.3127 -0.3154 -0.3180 -0.3205 -0.3229 -0.3251 -0.3271 -0.3290 -0.3307 -0.3322 -0.3334 -0.3344 -0.3352 -0.3356 -0.3358 -0.3357 -0.3352 -0.3344 -0.3332 -0.3316 -0.3295 -0.3271 -0.3242 -0.3208 -0.3169 -0.3124 -0.3075 -0.3019 -0.2960 -0.2931 -0.2960 -0.3019 -0.3075 -0.3124 -0.3169 -0.3208 -0.3242 -0.3271 -0.3295 -0.3316 -0.3332 -0.3344 -0.3352 -0.3357 -0.3358 -0.3356 -0.3352 -0.3344 -0.3334 -0.3322 -0.3307 -0.3290 -0.3271 -0.3251 -0.3229 -0.3205 -0.3180 -0.3154 -0.3127 -0.3099 -0.3070 -0.3041 -0.3012 -0.2982 -0.2952 -0.2922 -0.2892 -0.2863 -0.2835 -0.2808 -0.2781 -0.2756 -0.2732 -0.2709 -0.2687 -0.2667 -0.2648 -0.2629 -0.2589 -0.2378
-0.2436 -0.2635 -0.2673 -0.2691 -0.2709 -0.2728 -0.2748 -0.2769 -0.2791 -0.2814 -0.2838 -0.2863 -0.2890 -0.2917 -0.2945 -0.2973 -0.3001 -0.3030 -0.3058 -0.3086 -0.3114 -0.3140 -0.3167 -0.3192 -0.3216 -0.3238 -0.3260 -0.3279 -0.3297 -0.3313 -0.3327 -0.3339 -0.3348 -0.3354 -0.3358 -0.3358 -0.3355 -0.3349 -0.3339 -0.3326 -0.3308 -0.3286 -0.3259 -0.3228 -0.3192 -0.3151 -0.3104 -0.3052 -0.2994 -0.2933 -0.2903 -0.2933 -0.2994 -0.3052 -0.3104 -0.3151 -0.3192 -0.3228 -0.3259 -0.3286 -0.3308 -0.3326 -0.3339 -0.3349 -0.3355 -0.3358 -0.3358 -0.3354 -0.3348 -0.3339 -0.3327 -0.3313 -0.3297 -0.3279 -0.3260 -0.3238 -0.3216 -0.3192 -0.3167 -0.3140 -0.3114 -0.3086 -0.3058 -0.3030 -0.3001 -0.2973 -0.2945 -0.2917 -0.2890 -0.2863 -0.2838 -0.2814 -0.2791 -0.2769 -0.2748 -0.2728 -0.2709 -0.2691 -0.2673 -0.2635 -0.2436
-0.2490 -0.2679 -0.2716 -0.2732 -0.2750 -0.2767 -0.2786 -0.2805 -0.2825 -0.2847 -0.2869 -0.2892 -0.2917 -0.2942 -0.2968 -0.2994 -0.3021 -0.3048 -0.3075 -0.3102 -0.3128 -0.3154 -0.3179 -0.3203 -0.3226 -0.3248 -0.3268 -0.3287 -0.3304 -0.3319 -0.3332 -0.3343 -0.3351 -0.3356 -0.3358 -0.3357 -0.3353 -0.3345 -0.3334 -0.3319 -0.3299 -0.3275 -0.3247 -0.3214 -0.3176 -0.3132 -0.3084 -0.3029 -0.2968 -0.2905 -0.2874 -0.2905 -0.2968 -0.3029 -0.3084 -0.3132 -0.3176 -0.3214 -0.3247 -0.3275 -0.3299 -0.3319 -0.3334 -0.3345 -0.3353 -0.3357 -0.3358 -0.3356 -0.3351 -0.3343 -0.3332 -0.3319 -0.3304 -0.3287 -0.3268 -0.3248 -0.3226 -0.3203 -0.3179 -0.3154 -0.3128 -0.3102 -0.3075 -0.3048 -0.3021 -0.2994 -0.2968 -0.2942 -0.2917 -0.2892 -0.2869 -0.2847 -0.2825 -0.2805 -0.2786 -0.2767 -0.2750 -0.2732 -0.2716 -0.2679 -0.2490
-0.2540 -0.2721 -0.2757 -0.2773 -0.2789 -0.2806 -0.2824 -0.2842 -0.2860 -0.2880 -0.2900 -0.2922 -0.2945 -0.2968 -0.2992 -0.3017 -0.3042 -0.3068 -0.3093 -0.3118 -0.3143 -0.3168 -0.3192 -0.3215 -0.3237 -0.3258 -0.3277 -0.3295 -0.3311 -0.3325 -0.3337 -0.3346 -0.3353 -0.3357 -0.3358 -0.3356 -0.3350 -0.3341 -0.3328 -0.3311 -0.3290 -0.3264 -0.3234 -0.3199 -0.3158 -0.3113 -0.3062 -0.3005 -0.2942 -0.2876 -0.2843 -0.2876 -0.2942 -0.3005 -0.3062 -0.3113 -0.3158 -0.3199 -0.3234 -0.3264 -0.3290 -0.3311 -0.3328 -0.3341 -0.3350 -0.3356 -0.3358 -0.3357 -0.3353 -0.3346 -0.3337 -0.3325 -0.3311 -0.3295 -0.3277 -0.3258 -0.3237 -0.3215 -0.3192 -0.3168 -0.3143 -0.3118 -0.3093 -0.3068 -0.3042 -0.3017 -0.2992 -0.2968 -0.2945 -0.2922 -0.2900 -0.2880 -0.2860 -0.2842 -0.2824 -0.2806 -0.2789 -0.2773 -0.2757 -0.2721 -0.2540
-0.2589 -0.2762 -0.2796 -0.2812 -0.2828 -0.2844 -0.2861 -0.2877 -0.2895 -0.2913 -0.2932 -0.2952 -0.2973 -0.2994 -0.3017 -0.3040 -0.3063 -0.3087 -0.3111 -0.3135 -0.3159 -0.3182 -0.3205 -0.3227 -0.3248 -0.3268 -0.3286 -0.3303 -0.3318 -0.3330 -0.3341 -0.3350 -0.3355 -0.3358 -0.3358 -0.3354 -0.3347 -0.3336 -0.3322 -0.3303 -0.3280 -0.3252 -0.3220 -0.3182 -0.3140 -0.3092 -0.3039 -0.2980 -0.2914 -0.2845 -0.2812 -0.2845 -0.2914 -0.2980 -0.3039 -0.3092 -0.3140 -0.3182 -0.3220 -0.3252 -0.3280 -0.3303 -0.3322 -0.3336 -0.3347 -0.3354 -0.3358 -0.3358 -0.3355 -0.3350 -0.3341 -0.3330 -0.3318 -0.3303 -0.3286 -0.3268 -0.3248 -0.3227 -0.3205 -0.3182 -0.3159 -0.3135 -0.3111 -0.3087 -0.3063 -0.3040 -0.3017 -0.2994 -0.2973 -0.2952 -0.2932 -0.2913 -0.2895 -0.2877 -0.2861 -0.2844 -0.2828 -0.2812 -0.2796 -0.2762 -0.2589
-0.2635 -0.2801 -0.2835 -0.2850 -0.2866 -0.2881 -0.2896 -0.2912 -0.2929 -0.2946 -0.2963 -0.2982 -0.3001 -0.3021 -0.3042 -0.3063 -0.3085 -0.3108 -0.3130 -0.3153 -0.3175 -0.3197 -0.3218 -0.3239 -0.3259 -0.3277 -0.3294 -0.3310 -0.3324 -0.3336 -0.3345 -0.3352 -0.3357 -0.3358 -0.3357 -0.3352 -0.3343 -0.3331 -0.3314 -0.3294 -0.3269 -0.3239 -0.3205 -0.3165 -0.3121 -0.3071 -0.3015 -0.2953 -0.2885 -0.2814 -0.2779 -0.2814 -0.2885 -0.2953 -0.3015 -0.3071 -0.3121 -0.3165 -0.3205 -0.3239 -0.3269 -0.3294 -0.3314 -0.3331 -0.3343 -0.3352 -0.3357 -0.3358 -0.3357 -0.3352 -0.3345 -0.3336 -0.3324 -0.3310 -0.3294 -0.3277 -0.3259 -0.3239 -0.3218 -0.3197 -0.3175 -0.3153 -0.3130 -0.3108 -0.3085 -0.3063 -0.3042 -0.3021 -0.3001 -0.2982 -0.2963 -0.2946 -0.2929 -0.2912 -0.2896 -0.2881 -0.2866 -0.2850 -0.2835 -0.2801 -0.2635
-0.2679 -0.2840 -0.2872 -0.2887 -0.2902 -0.2917 -0.2932 -0.2947 -0.2962 -0.2978 -0.2995 -0.3012 -0.3030 -0.3048 -0.3068 -0.3087 -0.3108 -0.3128 -0.3149 -0.3170 -0.3191 -0.3212 -0.3232 -0.3251 -0.3270 -0.3287 -0.3303 -0.3317 -0.3330 -0.3340 -0.3349 -0.3355 -0.3358 -0.3358 -0.3355 -0.3348 -0.3338 -0.3324 -0.3306 -0.3284 -0.3257 -0.3226 -0.3189 -0.3148 -0.3101 -0.3048 -0.2990 -0.2926 -0.2855 -0.2781 -0.2745 -0.2781 -0.2855 -0.2926 -0.2990 -0.3048 -0.3101 -0.3148 -0.3189 -0.3226 -0.3257 -0.3284 -0.3306 -0.3324 -0.3338 -0.3348 -0.3355 -0.3358 -0.3358 -0.3355 -0.3349 -0.3340 -0.3330 -0.3317 -0.3303 -0.3287 -0.3270 -0.3251 -0.3232 -0.3212 -0.3191 -0.3170 -0.3149 -0.3128 -0.3108 -0.3087 -0.3068 -0.3048 -0.3030 -0.3012 -0.2995 -0.2978 -0.2962 -0.2947 -0.2932 -0.2917 -0.2902 -0.2887 -0.2872 -0.2840 -0.2679
-0.2721 -0.2877 -0.2908 -0.2923 -0.2937 -0.2952 -0.2966 -0.2980 -0.2995 -0.3010 -0.3025 -0.3041 -0.3058 -0.3075 -0.3093 -0.3111 -0.3130 -0.3149 -0.3169 -0.3188 -0.3208 -0.3227 -0.3246 -0.3264 -0.3281 -0.3296 -0.3311 -0.3324 -0.3335 -0.3345 -0.3352 -0.3356 -0.3358 -0.3357 -0.3353 -0.3345 -0.3333 -0.3317 -0.3298 -0.3273 -0.3245 -0.3211 -0.3173 -0.3129 -0.3080 -0.3025 -0.2964 -0.2898 -0.2824 -0.2748 -0.2710 -0.2748 -0.2824 -0.2898 -0.2964 -0.3025 -0.3080 -0.3129 -0.3173 -0.3211 -0.3245 -0.3273 -0.3298 -0.3317 -0.3333 -0.3345 -0.3353 -0.3357 -0.3358 -0.3356 -0.3352 -0.3345 -0.3335 -0.3324 -0.3311 -0.3296 -0.3281 -0.3264 -0.3246 -0.3227 -0.3208 -0.3188 -0.3169 -0.3149 -0.3130 -0.3111 -0.3093 -0.3075 -0.3058 -0.3041 -0.3025 -0.3010 -0.2995 -0.2980 -0.2966 -0.2952 -0.2937 -0.2923 -0.2908 -0.2877 -0.2721
-0.2762 -0.2913 -0.2944 -0.2958 -0.2972 -0.2986 -0.2999 -0.3013 -0.3027 -0.3041 -0.3056 -0.3070 -0.3086 -0.3102 -0.3118 -0.3135 -0.3153 -0.3170 -0.3188 -0.3206 -0.3224 -0.3242 -0.3259 -0.3276 -0.3291 -0.3306 -0.3319 -0.3331 -0.3341 -0.3349 -0.3354 -0.3358 -0.3358 -0.3355 -0.3349 -0.3340 -0.3327 -0.3310 -0.3288 -0.3262 -0.3231 -0.3196 -0.3155 -0.3109 -0.3058 -0.3000 -0.2937 -0.2868 -0.2792 -0.2713 -0.2673 -0.2713 -0.2792 -0.2868 -0.2937 -0.3000 -0.3058 -0.3109 -0.3155 -0.3196 -0.3231 -0.3262 -0.3288 -0.3310 -0.3327 -0.3340 -0.3349 -0.3355 -0.3358 -0.3358 -0.3354 -0.3349 -0.3341 -0.3331 -0.3319 -0.3306 -0.3291 -0.3276 -0.3259 -0.3242 -0.3224 -0.3206 -0.3188 -0.3170 -0.3153 -0.3135 -0.3118 -0.3102 -0.3086 -0.3070 -0.3056 -0.3041 -0.3027 -0.3013 -0.2999 -0.2986 -0.2972 -0.2958 -0.2944 -0.2913 -0.2762
-0.2801 -0.2948 -0.2978 -0.2991 -0.3005 -0.3019 -0.3032 -0.3045 -0.3058 -0.3072 -0.3085 -0.3099 -0.3114 -0.3128 -0.3143 -0.3159 -0.3175 -0.3191 -0.3208 -0.3224 -0.3241 -0.3257 -0.3273 -0.3288 -0.3302 -0.3315 -0.3327 -0.3337 -0.3346 -0.3352 -0.3356 -0.3358 -0.3357 -0.3353 -0.3346 -0.3335 -0.3320 -0.3301 -0.3278 -0.3250 -0.3217 -0.3179 -0.3137 -0.3088 -0.3035 -0.2975 -0.2909 -0.2837 -0.2758 -0.2676 -0.2636 -0.2676 -0.2758 -0.2837 -0.2909 -0.2975 -0.3035 -0.3088 -0.3137 -0.3179 -0.3217 -0.3250 -0.3278 -0.3301 -0.3320 -0.3335 -0.3346 -0.3353 -0.3357 -0.3358 -0.3356 -0.3352 -0.3346 -0.3337 -0.3327 -0.3315 -0.3302 -0.3288 -0.3273 -0.3257 -0.3241 -0.3224 -0.3208 -0.3191 -0.3175 -0.3159 -0.3143 -0.3128 -0.3114 -0.3099 -0.3085 -0.3072 -0.3058 -0.3045 -0.3032 -0.3019 -0.3005 -0.2991 -0.2978 -0.2948 -0.2801
-0.2840 -0.2982 -0.3011 -0.3024 -0.3037 -0.3050 -0.3063 -0.3076 -0.3089 -0.3101 -0.3114 -0.3127 -0.3140 -0.3154 -0.3168 -0.3182 -0.3197 -0.3212 -0.3227 -0.3242 -0.3257 -0.3271 -0.3286 -0.3299 -0.3312 -0.3324 -0.3334 -0.3343 -0.3350 -0.3355 -0.3358 -0.3358 -0.3355 -0.3350 -0.3341 -0.3328 -0.3312 -0.3291 -0.3266 -0.3237 -0.3202 -0.3162 -0.3117 -0.3067 -0.3011 -0.2948 -0.2880 -0.2806 -0.2724 -0.2639 -0.2597 -0.2639 -0.2724 -0.2806 -0.2880 -0.2948 -0.3011 -0.3067 -0.3117 -0.3162 -0.3202 -0.3237 -0.3266 -0.3291 -0.3312 -0.3328 -0.3341 -0.3350 -0.3355 -0.3358 -0.3358 -0.3355 -0.3350 -0.3343 -0.3334 -0.3324 -0.3312 -0.3299 -0.3286 -0.3271 -0.3257 -0.3242 -0.3227 -0.3212 -0.3197 -0.3182 -0.3168 -0.3154 -0.3140 -0.3127 -0.3114 -0.3101 -0.3089 -0.3076 -0.3063 -0.3050 -0.3037 -0.3024 -0.3011 -0.2982 -0.2840
-0.2877 -0.3015 -0.3043 -0.3056 -0.3069 -0.3081 -0.3094 -0.3106 -0.3118 -0.3130 -0.3142 -0.3154 -0.3167 -0.3179 -0.3192 -0.3205 -0.3218 -0.3232 -0.3246 -0.3259 -0.3273 -0.3286 -0.3298 -0.3310 -0.3322 -0.3332 -0.3340 -0.3348 -0.3353 -0.3357 -0.3358 -0.3357 -0.3353 -0.3346 -0.3335 -0.3321 -0.3302 -0.3280 -0.3253 -0.3222 -0.3186 -0.3144 -0.3097 -0.3044 -0.2986 -0.2921 -0.2850 -0.2773 -0.2688 -0.2600 -0.2556 -0.2600 -0.2688 -0.2773 -0.2850 -0.2921 -0.2986 -0.3044 -0.3097 -0.3144 -0.3186 -0.3222 -0.3253 -0.3280 -0.3302 -0.3321 -0.3335 -0.3346 -0.3353 -0.3357 -0.3358 -0.3357 -0.3353 -0.3348 -0.3340 -0.3332 -0.3322 -0.3310 -0.3298 -0.3286 -0.3273 -0.3259 -0.3246 -0.3232 -0.3218 -0.3205 -0.3192 -0.3179 -0.3167 -0.3154 -0.3142 -0.3130 -0.3118 -0.3106 -0.3094 -0.3081 -0.3069 -0.3056 -0.3043 -0.3015 -0.2877
-0.2913 -0.3047 -0.3074 -0.3086 -0.3099 -0.3111 -0.3123 -0.3135 -0.3146 -0.3158 -0.3169 -0.3180 -0.3192 -0.3203 -0.3215 -0.3227 -0.3239 -0.3251 -0.3264 -0.3276 -0.3288 -0.3299 -0.3310 -0.3321 -0.3331 -0.3339 -0.3346 -0.3352 -0.3356 -0.3358 -0.3358 -0.3355 -0.3349 -0.3340 -0.3328 -0.3312 -0.3292 -0.3268 -0.3239 -0.3206 -0.3167 -0.3124 -0.3075 -0.3020 -0.2959 -0.2892 -0.2819 -0.2739 -0.2651 -0.2559 -0.2514 -0.2559 -0.2651 -0.2739 -0.2819 -0.2892 -0.2959 -0.3020 -0.3075 -0.3124 -0.3167 -0.3206 -0.3239 -0.3268 -0.3292 -0.3312 -0.3328 -0.3340 -0.3349 -0.3355 -0.3358 -0.3358 -0.3356 -0.3352 -0.3346 -0.3339 -0.3331 -0.3321 -0.3310 -0.3299 -0.3288 -0.3276 -0.3264 -0.3251 -0.3239 -0.3227 -0.3215 -0.3203 -0.3192 -0.3180 -0.3169 -0.3158 -0.3146 -0.3135 -0.3123 -0.3111 -0.3099 -0.3086 -0.3074 -0.3047 -0.2913
-0.2948 -0.3078 -0.3104 -0.3116 -0.3128 -0.3139 -0.3151 -0.3162 -0.3173 -0.3184 -0.3194 -0.3205 -0.3216 -0.3226 -0.3237 -0.3248 -0.3259 -0.3270 -0.3281 -0.3291 -0.3302 -0.3312 -0.3322 -0.3331 -0.3339 -0.3346 -0.3351 -0.3355 -0.3358 -0.3358 -0.3356 -0.3352 -0.3344 -0.3334 -0.3320 -0.3302 -0.3280 -0.3254 -0.3224 -0.3188 -0.3148 -0.3103 -0.3051 -0.2995 -0.2932 -0.2863 -0.2786 -0.2703 -0.2612 -0.2518 -0.2471 -0.2518 -0.2612 -0.2703 -0.2786 -0.2863 -0.2932 -0.2995 -0.3051 -0.3103 -0.3148 -0.3188 -0.3224 -0.3254 -0.3280 -0.3302 -0.3320 -0.3334 -0.3344 -0.3352 -0.3356 -0.3358 -0.3358 -0.3355 -0.3351 -0.3346 -0.3339 -0.3331 -0.3322 -0.3312 -0.3302 -0.3291 -0.3281 -0.3270 -0.3259 -0.3248 -0.3237 -0.3226 -0.3216 -0.3205 -0.3194 -0.3184 -0.3173 -0.3162 -0.3151 -0.3139 -0.3128 -0.3116 -0.3104 -0.3078 -0.2948
-0.2982 -0.3108 -0.3133 -0.3144 -0.3155 -0.3167 -0.3178 -0.3188 -0.3199 -0.3209 -0.3219 -0.3229 -0.3238 -0.3248 -0.3258 -0.3268 -0.3277 -0.3287 -0.3296 -0.3306 -0.3315 -0.3324 -0.3332 -0.3339 -0.3346 -0.3351 -0.3355 -0.3358 -0.3358 -0.3357 -0.3353 -0.3347 -0.3338 -0.3326 -0.3310 -0.3290 -0.3267 -0.3239 -0.3207 -0.3169 -0.3127 -0.3079 -0.3027 -0.2967 -0.2903 -0.2831 -0.2752 -0.2667 -0.2572 -0.2474 -0.2426 -0.2474 -0.2572 -0.2667 -0.2752 -0.2831 -0.2903 -0.2967 -0.3027 -0.3079 -0.3127 -0.3169 -0.3207 -0.3239 -0.3267 -0.3290 -0.3310 -0.3326 -0.3338 -0.3347 -0.3353 -0.3357 -0.3358 -0.3358 -0.3355 -0.3351 -0.3346 -0.3339 -0.3332 -0.3324 -0.3315 -0.3306 -0.3296 -0.3287 -0.3277 -0.3268 -0.3258 -0.3248 -0.3238 -0.3229 -0.3219 -0.3209 -0.3199 -0.3188 -0.3178 -0.3167 -0.3155 -0.3144 -0.3133 -0.3108 -0.2982
-0.3015 -0.3136 -0.3160 -0.3171 -0.3182 -0.3193 -0.3203 -0.3213 -0.3223 -0.3232 -0.3242 -0.3251 -0.3260 -0.3268 -0.3277 -0.3286 -0.3294 -0.3303 -0.3311 -0.3319 -0.3327 -0.3334 -0.3340 -0.3346 -0.3351 -0.3355 -0.3357 -0.3358 -0.3357 -0.3354 -0.3349 -0.3341 -0.3330 -0.3316 -0.3299 -0.3278 -0.3252 -0.3223 -0.3188 -0.3149 -0.3104 -0.3055 -0.2999 -0.2938 -0.2871 -0.2797 -0.2717 -0.2628 -0.2531 -0.2429 -0.2379 -0.2429 -0.2531 -0.2628 -0.2717 -0.2797 -0.2871 -0.2938 -0.2999 -0.3055 -0.3104 -0.3149 -0.3188 -0.3223 -0.3252 -0.3278 -0.3299 -0.3316 -0.3330 -0.3341 -0.3349 -0.3354 -0.3357 -0.3358 -0.3357 -0.3355 -0.3351 -0.3346 -0.3340 -0.3334 -0.3327 -0.3319 -0.3311 -0.3303 -0.3294 -0.3286 -0.3277 -0.3268 -0.3260 -0.3251 -0.3242 -0.3232 -0.3223 -0.3213 -0.3203 -0.3193 -0.3182 -0.3171 -0.3160 -0.3136 -0.3015
-0.3047 -0.3164 -0.3187 -0.3197 -0.3207 -0.3217 -0.3227 -0.3236 -0.3246 -0.3254 -0.3263 -0.3271 -0.3279 -0.3287 -0.3295 -0.3303 -0.3310 -0.3317 -0.3324 -0.3331 -0.3337 -0.3343 -0.3348 -0.3352 -0.3355 -0.3358 -0.3358 -0.3357 -0.3355 -0.3350 -0.3342 -0.3333 -0.3320 -0.3305 -0.3285 -0.3262 -0.3236 -0.3204 -0.3168 -0.3127 -0.3080 -0.3028 -0.2970 -0.2907 -0.2837 -0.2761 -0.2678 -0.2587 -0.2487 -0.2382 -0.2330 -0.2382 -0.2487 -0.2587 -0.2678 -0.2761 -0.2837 -0.2907 -0.2970 -0.3028 -0.3080 -0.3127 -0.3168 -0.3204 -0.3236 -0.3262 -0.3285 -0.3305 -0.3320 -0.3333 -0.3342 -0.3350 -0.3355 -0.3357 -0.3358 -0.3358 -0.3355 -0.3352 -0.3348 -0.3343 -0.3337 -0.3331 -0.3324 -0.3317 -0.3310 -0.3303 -0.3295 -0.3287 -0.3279 -0.3271 -0.3263 -0.3254 -0.3246 -0.3236 -0.3227 -0.3217 -0.3207 -0.3197 -0.3187 -0.3164 -0.3047
-0.3078 -0.3190 -0.3211 -0.3221 -0.3231 -0.3240 -0.3249 -0.3258 -0.3267 -0.3275 -0.3283 -0.3290 -0.3297 -0.3304 -0.3311 -0.3318 -0.3324 -0.3330 -0.3335 -0.3341 -0.3346 -0.3350 -0.3353 -0.3356 -0.3358 -0.3358 -0.3357 -0.3355 -0.3350 -0.3343 -0.3334 -0.3323 -0.3309 -0.3291 -0.3270 -0.3246 -0.3217 -0.3184 -0.3146 -0.3103 -0.3054 -0.3000 -0.2940 -0.2874 -0.2801 -0.2722 -0.2637 -0.2544 -0.2439 -0.2332 -0.2278 -0.2332 -0.2439 -0.2544 -0.2637 -0.2722 -0.2801 -0.2874 -0.2940 -0.3000 -0.3054 -0.3103 -0.3146 -0.3184 -0.3217 -0.3246 -0.3270 -0.3291 -0.3309 -0.3323 -0.3334 -0.3343 -0.3350 -0.3355 -0.3357 -0.3358 -0.3358 -0.3356 -0.3353 -0.3350 -0.3346 -0.3341 -0.3335 -0.3330 -0.3324 -0.3318 -0.3311 -0.3304 -0.3297 -0.3290 -0.3283 -0.3275 -0.3267 -0.3258 -0.3249 -0.3240 -0.3231 -0.3221 -0.3211 -0.3190 -0.3078
-0.3108 -0.3214 -0.3235 -0.3244 -0.3253 -0.3262 -0.3270 -0.3278 -0.3286 -0.3293 -0.3300 -0.3307 -0.3313 -0.3319 -0.3325 -0.3330 -0.3336 -0.3340 -0.3345 -0.3349 -0.3352 -0.3355 -0.3357 -0.3358 -0.3358 -0.3357 -0.3354 -0.3350 -0.3343 -0.3335 -0.3324 -0.3311 -0.3295 -0.3276 -0.3253 -0.3226 -0.3196 -0.3161 -0.3121 -0.3076 -0.3026 -0.2969 -0.2907 -0.2838 -0.2764 -0.2682 -0.2593 -0.2496 -0.2390 -0.2277 -0.2222 -0.2277 -0.2390 -0.2496 -0.2593 -0.2682 -0.2764 -0.2838 -0.2907 -0.2969 -0.3026 -0.3076 -0.3121 -0.3161 -0.3196 -0.3226 -0.3253 -0.3276 -0.3295 -0.3311 -0.3324 -0.3335 -0.3343 -0.3350 -0.3354 -0.3357 -0.3358 -0.3358 -0.3357 -0.3355 -0.3352 -0.3349 -0.3345 -0.3340 -0.3336 -0.3330 -0.3325 -0.3319 -0.3313 -0.3307 -0.3300 -0.3293 -0.3286 -0.3278 -0.3270 -0.3262 -0.3253 -0.3244 -0.3235 -0.3214 -0.3108
-0.3136 -0.3238 -0.3257 -0.3265 -0.3273 -0.3281 -0.3289 -0.3296 -0.3303 -0.3310 -0.3316 -0.3322 -0.3327 -0.3332 -0.3337 -0.3341 -0.3345 -0.3349 -0.3352 -0.3354 -0.3356 -0.3358 -0.3358 -0.3358 -0.3356 -0.3353 -0.3349 -0.3342 -0.3334 -0.3324 -0.3311 -0.3296 -0.3278 -0.3257 -0.3233 -0.3205 -0.3172 -0.3135 -0.3094 -0.3047 -0.2994 -0.2936 -0.2872 -0.2801 -0.2724 -0.2639 -0.2547 -0.2447 -0.2335 -0.2219 -0.2160 -0.2219 -0.2335 -0.2447 -0.2547 -0.2639 -0.2724 -0.2801 -0.2872 -0.2936 -0.2994 -0.3047 -0.3094 -0.3135 -0.3172 -0.3205 -0.3233 -0.3257 -0.3278 -0.3296 -0.3311 -0.3324 -0.3334 -0.3342 -0.3349 -0.3353 -0.3356 -0.3358 -0.3358 -0.3358 -0.3356 -0.3354 -0.3352 -0.3349 -0.3345 -0.3341 -0.3337 -0.3332 -0.3327 -0.3322 -0.3316 -0.3310 -0.3303 -0.3296 -0.3289 -0.3281 -0.3273 -0.3265 -0.3257 -0.3238 -0.3136
-0.3163 -0.3259 -0.3277 -0.3284 -0.3292 -0.3299 -0.3306 -0.3312 -0.3318 -0.3324 -0.3329 -0.3334 -0.3339 -0.3343 -0.3346 -0.3350 -0.3352 -0.3355 -0.3356 -0.3358 -0.3358 -0.3358 -0.3357 -0.3355 -0.3352 -0.3347 -0.3341 -0.3333 -0.3323 -0.3311 -0.3296 -0.3279 -0.3259 -0.3236 -0.3210 -0.3180 -0.3146 -0.3107 -0.3063 -0.3015 -0.2960 -0.2900 -0.2834 -0.2761 -0.2682 -0.2594 -0.2499 -0.2394 -0.2277 -0.2155 -0.2093 -0.2155 -0.2277 -0.2394 -0.2499 -0.2594 -0.2682 -0.2761 -0.2834 -0.2900 -0.2960 -0.3015 -0.3063 -0.3107 -0.3146 -0.3180 -0.3210 -0.3236 -0.3259 -0.3279 -0.3296 -0.3311 -0.3323 -0.3333 -0.3341 -0.3347 -0.3352 -0.3355 -0.3357 -0.3358 -0.3358 -0.3358 -0.3356 -0.3355 -0.3352 -0.3350 -0.3346 -0.3343 -0.3339 -0.3334 -0.3329 -0.3324 -0.3318 -0.3312 -0.3306 -0.3299 -0.3292 -0.3284 -0.3277 -0.3259 -0.3163
-0.3189 -0.3279 -0.3295 -0.3302 -0.3308 -0.3315 -0.3321 -0.3326 -0.3331 -0.3336 -0.3340 -0.3344 -0.3348 -0.3351 -0.3353 -0.3355 -0.3357 -0.3358 -0.3358 -0.3358 -0.3357 -0.3355 -0.3353 -0.3349 -0.3344 -0.3338 -0.3330 -0.3320 -0.3309 -0.3295 -0.3278 -0.3259 -0.3237 -0.3213 -0.3184 -0.3152 -0.3116 -0.3075 -0.3030 -0.2979 -0.2923 -0.2861 -0.2793 -0.2718 -0.2637 -0.2547 -0.2448 -0.2339 -0.2217 -0.2088 -0.2022 -0.2088 -0.2217 -0.2339 -0.2448 -0.2547 -0.2637 -0.2718 -0.2793 -0.2861 -0.2923 -0.2979 -0.3030 -0.3075 -0.3116 -0.3152 -0.3184 -0.3213 -0.3237 -0.3259 -0.3278 -0.3295 -0.3309 -0.3320 -0.3330 -0.3338 -0.3344 -0.3349 -0.3353 -0.3355 -0.3357 -0.3358 -0.3358 -0.3358 -0.3357 -0.3355 -0.3353 -0.3351 -0.3348 -0.3344 -0.3340 -0.3336 -0.3331 -0.3326 -0.3321 -0.3315 -0.3308 -0.3302 -0.3295 -0.3279 -0.3189
-0.3214 -0.3297 -0.3311 -0.3317 -0.3323 -0.3328 -0.3333 -0.3338 -0.3342 -0.3346 -0.3349 -0.3352 -0.3354 -0.3356 -0.3357 -0.3358 -0.3358 -0.3358 -0.3357 -0.3355 -0.3353 -0.3350 -0.3346 -0.3340 -0.3334 -0.3326 -0.3316 -0.3305 -0.3291 -0.3276 -0.3257 -0.3236 -0.3213 -0.3185 -0.3155 -0.3121 -0.3083 -0.3041 -0.2993 -0.2941 -0.2882 -0.2818 -0.2748 -0.2672 -0.2588 -0.2496 -0.2394 -0.2281 -0.2153 -0.2016 -0.1946 -0.2016 -0.2153 -0.2281 -0.2394 -0.2496 -0.2588 -0.2672 -0.2748 -0.2818 -0.2882 -0.2941 -0.2993 -0.3041 -0.3083 -0.3121 -0.3155 -0.3185 -0.3213 -0.3236 -0.3257 -0.3276 -0.3291 -0.3305 -0.3316 -0.3326 -0.3334 -0.3340 -0.3346 -0.3350 -0.3353 -0.3355 -0.3357 -0.3358 -0.3358 -0.3358 -0.3357 -0.3356 -0.3354 -0.3352 -0.3349 -0.3346 -0.3342 -0.3338 -0.3333 -0.3328 -0.3323 -0.3317 -0.3311 -0.3297 -0.3214
-0.3237 -0.3313 -0.3325 -0.3330 -0.3335 -0.3340 -0.3344 -0.3347 -0.3350 -0.3353 -0.3355 -0.3356 -0.3358 -0.3358 -0.3358 -0.3358 -0.3357 -0.3355 -0.3353 -0.3349 -0.3346 -0.3341 -0.3335 -0.3328 -0.3320 -0.3310 -0.3299 -0.3285 -0.3270 -0.3253 -0.3233 -0.3210 -0.3184 -0.3155 -0.3122 -0.3087 -0.3046 -0.3002 -0.2953 -0.2898 -0.2838 -0.2772 -0.2700 -0.2621 -0.2536 -0.2441 -0.2336 -0.2219 -0.2084 -0.1941 -0.1866 -0.1941 -0.2084 -0.2219 -0.2336 -0.2441 -0.2536 -0.2621 -0.2700 -0.2772 -0.2838 -0.2898 -0.2953 -0.3002 -0.3046 -0.3087 -0.3122 -0.3155 -0.3184 -0.3210 -0.3233 -0.3253 -0.3270 -0.3285 -0.3299 -0.3310 -0.3320 -0.3328 -0.3335 -0.3341 -0.3346 -0.3349 -0.3353 -0.3355 -0.3357 -0.3358 -0.3358 -0.3358 -0.3358 -0.3356 -0.3355 -0.3353 -0.3350 -0.3347 -0.3344 -0.3340 -0.3335 -0.3330 -0.3325 -0.3313 -0.3237
-0.3259 -0.3327 -0.3337 -0.3341 -0.3345 -0.3348 -0.3351 -0.3354 -0.3356 -0.3357 -0.3358 -0.3358 -0.3358 -0.3357 -0.3356 -0.3354 -0.3352 -0.3348 -0.3345 -0.3340 -0.3335 -0.3328 -0.3321 -0.3312 -0.3302 -0.3290 -0.3278 -0.3262 -0.3246 -0.3226 -0.3205 -0.3180 -0.3152 -0.3121 -0.3087 -0.3048 -0.3006 -0.2960 -0.2908 -0.2852 -0.2790 -0.2722 -0.2647 -0.2567 -0.2478 -0.2381 -0.2272 -0.2150 -0.2011 -0.1859 -0.1781 -0.1859 -0.2011 -0.2150 -0.2272 -0.2381 -0.2478 -0.2567 -0.2647 -0.2722 -0.2790 -0.2852 -0.2908 -0.2960 -0.3006 -0.3048 -0.3087 -0.3121 -0.3152 -0.3180 -0.3205 -0.3226 -0.3246 -0.3262 -0.3278 -0.3290 -0.3302 -0.3312 -0.3321 -0.3328 -0.3335 -0.3340 -0.3345 -0.3348 -0.3352 -0.3354 -0.3356 -0.3357 -0.3358 -0.3358 -0.3358 -0.3357 -0.3356 -0.3354 -0.3351 -0.3348 -0.3345 -0.3341 -0.3337 -0.3327 -0.3259
-0.3279 -0.3338 -0.3347 -0.3350 -0.3352 -0.3354 -0.3356 -0.3357 -0.3358 -0.3358 -0.3358 -0.3357 -0.3355 -0.3353 -0.3350 -0.3347 -0.3343 -0.3338 -0.3333 -0.3327 -0.3320 -0.3312 -0.3302 -0.3292 -0.3280 -0.3267 -0.3252 -0.3236 -0.3217 -0.3196 -0.3172 -0.3146 -0.3116 -0.3083 -0.3046 -0.3006 -0.2961 -0.2913 -0.2860 -0.2802 -0.2738 -0.2667 -0.2591 -0.2507 -0.2416 -0.2315 -0.2203 -0.2075 -0.1928 -0.1770 -0.1686 -0.1770 -0.1928 -0.2075 -0.2203 -0.2315 -0.2416 -0.2507 -0.2591 -0.2667 -0.2738 -0.2802 -0.2860 -0.2913 -0.2961 -0.3006 -0.3046 -0.3083 -0.3116 -0.3146 -0.3172 -0.3196 -0.3217 -0.3236 -0.3252 -0.3267 -0.3280 -0.3292 -0.3302 -0.3312 -0.3320 -0.3327 -0.3333 -0.3338 -0.3343 -0.3347 -0.3350 -0.3353 -0.3355 -0.3357 -0.3358 -0.3358 -0.3358 -0.3357 -0.3356 -0.3354 -0.3352 -0.3350 -0.3347 -0.3338 -0.3279
-0.3296 -0.3347 -0.3353 -0.3355 -0.3357 -0.3358 -0.3358 -0.3358 -0.3357 -0.3356 -0.3354 -0.3352 -0.3349 -0.3345 -0.3341 -0.3336 -0.3331 -0.3324 -0.3317 -0.3310 -0.3301 -0.3291 -0.3280 -0.3268 -0.3254 -0.3239 -0.3223 -0.3204 -0.3184 -0.3161 -0.3135 -0.3107 -0.3075 -0.3041 -0.3002 -0.2960 -0.2913 -0.2862 -0.2807 -0.2747 -0.2681 -0.2609 -0.2529 -0.2443 -0.2347 -0.2242 -0.2125 -0.1991 -0.1837 -0.1671 -0.1582 -0.1671 -0.1837 -0.1991 -0.2125 -0.2242 -0.2347 -0.2443 -0.2529 -0.2609 -0.2681 -0.2747 -0.2807 -0.2862 -0.2913 -0.2960 -0.3002 -0.3041 -0.3075 -0.3107 -0.3135 -0.3161 -0.3184 -0.3204 -0.3223 -0.3239 -0.3254 -0.3268 -0.3280 -0.3291 -0.3301 -0.3310 -0.3317 -0.3324 -0.3331 -0.3336 -0.3341 -0.3345 -0.3349 -0.3352 -0.3354 -0.3356 -0.3357 -0.3358 -0.3358 -0.3358 -0.3357 -0.3355 -0.3353 -0.3347 -0.3296
-0.3312 -0.3354 -0.3357 -0.3358 -0.3358 -0.3358 -0.3357 -0.3356 -0.3354 -0.3351 -0.3348 -0.3344 -0.3339 -0.3334 -0.3328 -0.3322 -0.3314 -0.3306 -0.3298 -0.3288 -0.3278 -0.3266 -0.3253 -0.3239 -0.3224 -0.3207 -0.3188 -0.3168 -0.3146 -0.3121 -0.3094 -0.3063 -0.3030 -0.2993 -0.2953 -0.2908 -0.2860 -0.2807 -0.2749 -0.2687 -0.2619 -0.2544 -0.2462 -0.2372 -0.2272 -0.2162 -0.2038 -0.1898 -0.1736 -0.1562 -0.1472 -0.1562 -0.1736 -0.1898 -0.2038 -0.2162 -0.2272 -0.2372 -0.2462 -0.2544 -0.2619 -0.2687 -0.2749 -0.2807 -0.2860 -0.2908 -0.2953 -0.2993 -0.3030 -0.3063 -0.3094 -0.3121 -0.3146 -0.3168 -0.3188 -0.3207 -0.3224 -0.3239 -0.3253 -0.3266 -0.3278 -0.3288 -0.3298 -0.3306 -0.3314 -0.3322 -0.3328 -0.3334 -0.3339 -0.3344 -0.3348 -0.3351 -0.3354 -0.3356 -0.3357 -0.3358 -0.3358 -0.3358 -0.3357 -0.3354 -0.3312
-0.3326 -0.3357 -0.3358 -0.3358 -0.3357 -0.3355 -0.3353 -0.3350 -0.3346 -0.3342 -0.3337 -0.3332 -0.3326 -0.3319 -0.3311 -0.3303 -0.3294 -0.3284 -0.3273 -0.3262 -0.3250 -0.3237 -0.3222 -0.3206 -0.3188 -0.3169 -0.3149 -0.3127 -0.3103 -0.3076 -0.3047 -0.3015 -0.2979 -0.2941 -0.2898 -0.2852 -0.2802 -0.2747 -0.2687 -0.2621 -0.2551 -0.2473 -0.2388 -0.2295 -0.2190 -0.2074 -0.1942 -0.1794 -0.1625 -0.1445 -0.1352 -0.1445 -0.1625 -0.1794 -0.1942 -0.2074 -0.2190 -0.2295 -0.2388 -0.2473 -0.2551 -0.2621 -0.2687 -0.2747 -0.2802 -0.2852 -0.2898 -0.2941 -0.2979 -0.3015 -0.3047 -0.3076 -0.3103 -0.3127 -0.3149 -0.3169 -0.3188 -0.3206 -0.3222 -0.3237 -0.3250 -0.3262 -0.3273 -0.3284 -0.3294 -0.3303 -0.3311 -0.3319 -0.3326 -0.3332 -0.3337 -0.3342 -0.3346 -0.3350 -0.3353 -0.3355 -0.3357 -0.3358 -0.3358 -0.3357 -0.3326
-0.3338 -0.3358 -0.3356 -0.3354 -0.3351 -0.3348 -0.3345 -0.3340 -0.3335 -0.3329 -0.3323 -0.3316 -0.3308 -0.3299 -0.3290 -0.3280 -0.3269 -0.3257 -0.3245 -0.3231 -0.3217 -0.3202 -0.3186 -0.3167 -0.3148 -0.3127 -0.3104 -0.3080 -0.3054 -0.3026 -0.2994 -0.2960 -0.2923 -0.2882 -0.2838 -0.2790 -0.2738 -0.2681 -0.2619 -0.2551 -0.2476 -0.2397 -0.2308 -0.2209 -0.2100 -0.1976 -0.1837 -0.1680 -0.1503 -0.1319 -0.1227 -0.1319 -0.1503 -0.1680 -0.1837 -0.1976 -0.2100 -0.2209 -0.2308 -0.2397 -0.2476 -0.2551 -0.2619 -0.2681 -0.2738 -0.2790 -0.2838 -0.2882 -0.2923 -0.2960 -0.2994 -0.3026 -0.3054 -0.3080 -0.3104 -0.3127 -0.3148 -0.3167 -0.3186 -0.3202 -0.3217 -0.3231 -0.3245 -0.3257 -0.3269 -0.3280 -0.3290 -0.3299 -0.3308 -0.3316 -0.3323 -0.3329 -0.3335 -0.3340 -0.3345 -0.3348 -0.3351 -0.3354 -0.3356 -0.3358 -0.3338
-0.3347 -0.3355 -0.3350 -0.3347 -0.3343 -0.3338 -0.3333 -0.3327 -0.3320 -0.3313 -0.3304 -0.3295 -0.3286 -0.3275 -0.3264 -0.3252 -0.3239 -0.3226 -0.3211 -0.3196 -0.3179 -0.3162 -0.3144 -0.3124 -0.3103 -0.3079 -0.3055 -0.3028 -0.3000 -0.2969 -0.2936 -0.2900 -0.2861 -0.2818 -0.2772 -0.2722 -0.2667 -0.2609 -0.2544 -0.2473 -0.2397 -0.2311 -0.2219 -0.2115 -0.1999 -0.1869 -0.1720 -0.1555 -0.1371 -0.1189 -0.1098 -0.1189 -0.1371 -0.1555 -0.1720 -0.1869 -0.1999 -0.2115 -0.2219 -0.2311 -0.2397 -0.2473 -0.2544 -0.2609 -0.2667 -0.2722 -0.2772 -0.2818 -0.2861 -0.2900 -0.2936 -0.2969 -0.3000 -0.3028 -0.3055 -0.3079 -0.3103 -0.3124 -0.3144 -0.3162 -0.3179 -0.3196 -0.3211 -0.3226 -0.3239 -0.3252 -0.3264 -0.3275 -0.3286 -0.3295 -0.3304 -0.3313 -0.3320 -0.3327 -0.3333 -0.3338 -0.3343 -0.3347 -0.3350 -0.3355 -0.3347
-0.3353 -0.3349 -0.3341 -0.3336 -0.3330 -0.3324 -0.3317 -0.3309 -0.3301 -0.3292 -0.3282 -0.3271 -0.3259 -0.3247 -0.3234 -0.3220 -0.3205 -0.3189 -0.3173 -0.3155 -0.3137 -0.3117 -0.3097 -0.3075 -0.3051 -0.3027 -0.2999 -0.2970 -0.2940 -0.2907 -0.2872 -0.2834 -0.2793 -0.2748 -0.2700 -0.2647 -0.2591 -0.2529 -0.2462 -0.2388 -0.2308 -0.2219 -0.2119 -0.2011 -0.1887 -0.1747 -0.1592 -0.1419 -0.1234 -0.1058 -0.0972 -0.1058 -0.1234 -0.1419 -0.1592 -0.1747 -0.1887 -0.2011 -0.2119 -0.2219 -0.2308 -0.2388 -0.2462 -0.2529 -0.2591 -0.2647 -0.2700 -0.2748 -0.2793 -0.2834 -0.2872 -0.2907 -0.2940 -0.2970 -0.2999 -0.3027 -0.3051 -0.3075 -0.3097 -0.3117 -0.3137 -0.3155 -0.3173 -0.3189 -0.3205 -0.3220 -0.3234 -0.3247 -0.3259 -0.3271 -0.3282 -0.3292 -0.3301 -0.3309 -0.3317 -0.3324 -0.3330 -0.3336 -0.3341 -0.3349 -0.3353
-0.3356 -0.3339 -0.3328 -0.3321 -0.3314 -0.3306 -0.3297 -0.3288 -0.3277 -0.3266 -0.3254 -0.3242 -0.3228 -0.3214 -0.3199 -0.3182 -0.3165 -0.3148 -0.3129 -0.3109 -0.3088 -0.3067 -0.3044 -0.3020 -0.2995 -0.2967 -0.2938 -0.2907 -0.2874 -0.2838 -0.2801 -0.2761 -0.2718 -0.2672 -0.2621 -0.2567 -0.2507 -0.2443 -0.2372 -0.2295 -0.2209 -0.2115 -0.2011 -0.1892 -0.1761 -0.1614 -0.1450 -0.1277 -0.1098 -0.0931 -0.0854 -0.0931 -0.1098 -0.1277 -0.1450 -0.1614 -0.1761 -0.1892 -0.2011 -0.2115 -0.2209 -0.2295 -0.2372 -0.2443 -0.2507 -0.2567 -0.2621 -0.2672 -0.2718 -0.2761 -0.2801 -0.2838 -0.2874 -0.2907 -0.2938 -0.2967 -0.2995 -0.3020 -0.3044 -0.3067 -0.3088 -0.3109 -0.3129 -0.3148 -0.3165 -0.3182 -0.3199 -0.3214 -0.3228 -0.3242 -0.3254 -0.3266 -0.3277 -0.3288 -0.3297 -0.3306 -0.3314 -0.3321 -0.3328 -0.3339 -0.3356
-0.3357 -0.3325 -0.3311 -0.3302 -0.3293 -0.3284 -0.3273 -0.3261 -0.3249 -0.3236 -0.3222 -0.3208 -0.3192 -0.3176 -0.3158 -0.3140 -0.3121 -0.3101 -0.3080 -0.3058 -0.3035 -0.3011 -0.2986 -0.2959 -0.2932 -0.2903 -0.2871 -0.2837 -0.2801 -0.2764 -0.2724 -0.2682 -0.2637 -0.2588 -0.2536 -0.2478 -0.2416 -0.2347 -0.2272 -0.2190 -0.2100 -0.1999 -0.1887 -0.1761 -0.1619 -0.1467 -0.1301 -0.1130 -0.0963 -0.0813 -0.0743 -0.0813 -0.0963 -0.1130 -0.1301 -0.1467 -0.1619 -0.1761 -0.1887 -0.1999 -0.2100 -0.2190 -0.2272 -0.2347 -0.2416 -0.2478 -0.2536 -0.2588 -0.2637 -0.2682 -0.2724 -0.2764 -0.2801 -0.2837 -0.2871 -0.2903 -0.2932 -0.2959 -0.2986 -0.3011 -0.3035 -0.3058 -0.3080 -0.3101 -0.3121 -0.3140 -0.3158 -0.3176 -0.3192 -0.3208 -0.3222 -0.3236 -0.3249 -0.3261 -0.3273 -0.3284 -0.3293 -0.3302 -0.3311 -0.3325 -0.3357
-0.3354 -0.3307 -0.3289 -0.3279 -0.3268 -0.3257 -0.3244 -0.3231 -0.3216 -0.3201 -0.3185 -0.3169 -0.3151 -0.3132 -0.3113 -0.3092 -0.3071 -0.3048 -0.3025 -0.3000 -0.2975 -0.2948 -0.2921 -0.2892 -0.2863 -0.2831 -0.2797 -0.2761 -0.2722 -0.2682 -0.2639 -0.2594 -0.2547 -0.2496 -0.2441 -0.2381 -0.2315 -0.2242 -0.2162 -0.2074 -0.1976 -0.1869 -0.1747 -0.1614 -0.1467 -0.1307 -0.1147 -0.0987 -0.0835 -0.0704 -0.0643 -0.0704 -0.0835 -0.0987 -0.1147 -0.1307 -0.1467 -0.1614 -0.1747 -0.1869 -0.1976 -0.2074 -0.2162 -0.2242 -0.2315 -0.2381 -0.2441 -0.2496 -0.2547 -0.2594 -0.2639 -0.2682 -0.2722 -0.2761 -0.2797 -0.2831 -0.2863 -0.2892 -0.2921 -0.2948 -0.2975 -0.3000 -0.3025 -0.3048 -0.3071 -0.3092 -0.3113 -0.3132 -0.3151 -0.3169 -0.3185 -0.3201 -0.3216 -0.3231 -0.3244 -0.3257 -0.3268 -0.3279 -0.3289 -0.3307 -0.3354
-0.3348 -0.3285 -0.3263 -0.3252 -0.3239 -0.3225 -0.3210 -0.3195 -0.3179 -0.3161 -0.3143 -0.3124 -0.3104 -0.3084 -0.3062 -0.3039 -0.3015 -0.2990 -0.2964 -0.2937 -0.2909 -0.2880 -0.2850 -0.2819 -0.2786 -0.2752 -0.2717 -0.2678 -0.2637 -0.2593 -0.2547 -0.2499 -0.2448 -0.2394 -0.2336 -0.2272 -0.2203 -0.2125 -0.2038 -0.1942 -0.1837 -0.1720 -0.1592 -0.1450 -0.1301 -0.1147 -0.0993 -0.0851 -0.0718 -0.0606 -0.0554 -0.0606 -0.0718 -0.0851 -0.0993 -0.1147 -0.1301 -0.1450 -0.1592 -0.1720 -0.1837 -0.1942 -0.2038 -0.2125 -0.2203 -0.2272 -0.2336 -0.2394 -0.2448 -0.2499 -0.2547 -0.2593 -0.2637 -0.2678 -0.2717 -0.2752 -0.2786 -0.2819 -0.2850 -0.2880 -0.2909 -0.2937 -0.2964 -0.2990 -0.3015 -0.3039 -0.3062 -0.3084 -0.3104 -0.3124 -0.3143 -0.3161 -0.3179 -0.3195 -0.3210 -0.3225 -0.3239 -0.3252 -0.3263 -0.3285 -0.3348
-0.3338 -0.3259 -0.3233 -0.3219 -0.3204 -0.3188 -0.3172 -0.3154 -0.3136 -0.3116 -0.3096 -0.3075 -0.3052 -0.3029 -0.3005 -0.2980 -0.2953 -0.2926 -0.2898 -0.2868 -0.2837 -0.2806 -0.2773 -0.2739 -0.2703 -0.2667 -0.2628 -0.2587 -0.2544 -0.2496 -0.2447 -0.2394 -0.2339 -0.2281 -0.2219 -0.2150 -0.2075 -0.1991 -0.1898 -0.1794 -0.1680 -0.1555 -0.1419 -0.1277 -0.1130 -0.0987 -0.0851 -0.0725 -0.0615 -0.0520 -0.0476 -0.0520 -0.0615 -0.0725 -0.0851 -0.0987 -0.1130 -0.1277 -0.1419 -0.1555 -0.1680 -0.1794 -0.1898 -0.1991 -0.2075 -0.2150 -0.2219 -0.2281 -0.2339 -0.2394 -0.2447 -0.2496 -0.2544 -0.2587 -0.2628 -0.2667 -0.2703 -0.2739 -0.2773 -0.2806 -0.2837 -0.2868 -0.2898 -0.2926 -0.2953 -0.2980 -0.3005 -0.3029 -0.3052 -0.3075 -0.3096 -0.3116 -0.3136 -0.3154 -0.3172 -0.3188 -0.3204 -0.3219 -0.3233 -0.3259 -0.3338
-0.3324 -0.3227 -0.3197 -0.3181 -0.3164 -0.3146 -0.3127 -0.3108 -0.3087 -0.3065 -0.3042 -0.3019 -0.2994 -0.2968 -0.2942 -0.2914 -0.2885 -0.2855 -0.2824 -0.2792 -0.2758 -0.2724 -0.2688 -0.2651 -0.2612 -0.2572 -0.2531 -0.2487 -0.2439 -0.2390 -0.2335 -0.2277 -0.2217 -0.2153 -0.2084 -0.2011 -0.1928 -0.1837 -0.1736 -0.1625 -0.1503 -0.1371 -0.1234 -0.1098 -0.0963 -0.0835 -0.0718 -0.0615 -0.0521 -0.0444 -0.0407 -0.0444 -0.0521 -0.0615 -0.0718 -0.0835 -0.0963 -0.1098 -0.1234 -0.1371 -0.1503 -0.1625 -0.1736 -0.1837 -0.1928 -0.2011 -0.2084 -0.2153 -0.2217 -0.2277 -0.2335 -0.2390 -0.2439 -0.2487 -0.2531 -0.2572 -0.2612 -0.2651 -0.2688 -0.2724 -0.2758 -0.2792 -0.2824 -0.2855 -0.2885 -0.2914 -0.2942 -0.2968 -0.2994 -0.3019 -0.3042 -0.3065 -0.3087 -0.3108 -0.3127 -0.3146 -0.3164 -0.3181 -0.3197 -0.3227 -0.3324
