0.3174 0.3001 0.2962 0.2924 0.2884 0.2843 0.2801 0.2757 0.2711 0.2663 0.2614 0.2562 0.2509 0.2453 0.2395 0.2335 0.2272 0.2207 0.2139 0.2068 0.1995 0.1919 0.1839 0.1756 0.1670 0.1581 0.1488 0.1391 0.1290 0.1186 0.1076 0.0963 0.0845 0.0716 0.0584 0.0547 0.0549 0.0552 0.0557 0.0563 0.0571 0.0579 0.0588 0.0599 0.0610 0.0622 0.0635 0.0649 0.0665 0.0680 0.0686 0.0680 0.0665 0.0649 0.0635 0.0622 0.0610 0.0599 0.0588 0.0579 0.0571 0.0563 0.0557 0.0552 0.0549 0.0547 0.0584 0.0716 0.0845 0.0963 0.1076 0.1186 0.1290 0.1391 0.1488 0.1581 0.1670 0.1756 0.1839 0.1919 0.1995 0.2068 0.2139 0.2207 0.2272 0.2335 0.2395 0.2453 0.2509 0.2562 0.2614 0.2663 0.2711 0.2757 0.2801 0.2843 0.2884 0.2924 0.2962 0.3001 0.3174
0.3001 0.2888 0.2855 0.2817 0.2776 0.2733 0.2690 0.2644 0.2595 0.2546 0.2494 0.2441 0.2386 0.2329 0.2270 0.2209 0.2146 0.2081 0.2013 0.1944 0.1871 0.1797 0.1719 0.1639 0.1557 0.1471 0.1382 0.1291 0.1196 0.1098 0.0996 0.0891 0.0782 0.0662 0.0567 0.0563 0.0571 0.0579 0.0588 0.0598 0.0610 0.0622 0.0635 0.0649 0.0664 0.0680 0.0697 0.0716 0.0735 0.0754 0.0763 0.0754 0.0735 0.0716 0.0697 0.0680 0.0664 0.0649 0.0635 0.0622 0.0610 0.0598 0.0588 0.0579 0.0571 0.0563 0.0567 0.0662 0.0782 0.0891 0.0996 0.1098 0.1196 0.1291 0.1382 0.1471 0.1557 0.1639 0.1719 0.1797 0.1871 0.1944 0.2013 0.2081 0.2146 0.2209 0.2270 0.2329 0.2386 0.2441 0.2494 0.2546 0.2595 0.2644 0.2690 0.2733 0.2776 0.2817 0.2855 0.2888 0.3001
0.2962 0.2855 0.2826 0.2792 0.2753 0.2712 0.2669 0.2623 0.2576 0.2526 0.2473 0.2420 0.2364 0.2306 0.2246 0.2185 0.2121 0.2055 0.1986 0.1916 0.1842 0.1767 0.1688 0.1607 0.1523 0.1437 0.1347 0.1254 0.1158 0.1058 0.0955 0.0849 0.0737 0.0613 0.0563 0.0570 0.0578 0.0587 0.0597 0.0608 0.0620 0.0633 0.0647 0.0662 0.0678 0.0695 0.0713 0.0732 0.0753 0.0773 0.0783 0.0773 0.0753 0.0732 0.0713 0.0695 0.0678 0.0662 0.0647 0.0633 0.0620 0.0608 0.0597 0.0587 0.0578 0.0570 0.0563 0.0613 0.0737 0.0849 0.0955 0.1058 0.1158 0.1254 0.1347 0.1437 0.1523 0.1607 0.1688 0.1767 0.1842 0.1916 0.1986 0.2055 0.2121 0.2185 0.2246 0.2306 0.2364 0.2420 0.2473 0.2526 0.2576 0.2623 0.2669 0.2712 0.2753 0.2792 0.2826 0.2855 0.2962
0.2924 0.2817 0.2792 0.2760 0.2725 0.2686 0.2644 0.2599 0.2553 0.2502 0.2451 0.2397 0.2340 0.2282 0.2221 0.2158 0.2094 0.2027 0.1957 0.1886 0.1811 0.1735 0.1655 0.1573 0.1488 0.1400 0.1309 0.1214 0.1117 0.1016 0.0911 0.0803 0.0686 0.0577 0.0565 0.0573 0.0581 0.0591 0.0601 0.0613 0.0625 0.0639 0.0653 0.0669 0.0685 0.0702 0.0721 0.0740 0.0761 0.0782 0.0792 0.0782 0.0761 0.0740 0.0721 0.0702 0.0685 0.0669 0.0653 0.0639 0.0625 0.0613 0.0601 0.0591 0.0581 0.0573 0.0565 0.0577 0.0686 0.0803 0.0911 0.1016 0.1117 0.1214 0.1309 0.1400 0.1488 0.1573 0.1655 0.1735 0.1811 0.1886 0.1957 0.2027 0.2094 0.2158 0.2221 0.2282 0.2340 0.2397 0.2451 0.2502 0.2553 0.2599 0.2644 0.2686 0.2725 0.2760 0.2792 0.2817 0.2924
0.2884 0.2776 0.2753 0.2725 0.2692 0.2656 0.2615 0.2573 0.2526 0.2477 0.2426 0.2371 0.2315 0.2257 0.2195 0.2132 0.2066 0.1998 0.1928 0.1855 0.1780 0.1702 0.1621 0.1538 0.1452 0.1362 0.1270 0.1174 0.1075 0.0973 0.0867 0.0757 0.0633 0.0564 0.0568 0.0576 0.0585 0.0595 0.0606 0.0618 0.0631 0.0645 0.0659 0.0675 0.0692 0.0710 0.0729 0.0749 0.0770 0.0791 0.0801 0.0791 0.0770 0.0749 0.0729 0.0710 0.0692 0.0675 0.0659 0.0645 0.0631 0.0618 0.0606 0.0595 0.0585 0.0576 0.0568 0.0564 0.0633 0.0757 0.0867 0.0973 0.1075 0.1174 0.1270 0.1362 0.1452 0.1538 0.1621 0.1702 0.1780 0.1855 0.1928 0.1998 0.2066 0.2132 0.2195 0.2257 0.2315 0.2371 0.2426 0.2477 0.2526 0.2573 0.2615 0.2656 0.2692 0.2725 0.2753 0.2776 0.2884
0.2843 0.2733 0.2712 0.2686 0.2656 0.2621 0.2584 0.2542 0.2497 0.2449 0.2398 0.2345 0.2289 0.2230 0.2168 0.2105 0.2038 0.1969 0.1898 0.1824 0.1748 0.1669 0.1587 0.1502 0.1415 0.1324 0.1231 0.1134 0.1033 0.0929 0.0822 0.0707 0.0589 0.0564 0.0571 0.0580 0.0589 0.0600 0.0611 0.0623 0.0636 0.0651 0.0666 0.0682 0.0699 0.0718 0.0737 0.0757 0.0779 0.0801 0.0811 0.0801 0.0779 0.0757 0.0737 0.0718 0.0699 0.0682 0.0666 0.0651 0.0636 0.0623 0.0611 0.0600 0.0589 0.0580 0.0571 0.0564 0.0589 0.0707 0.0822 0.0929 0.1033 0.1134 0.1231 0.1324 0.1415 0.1502 0.1587 0.1669 0.1748 0.1824 0.1898 0.1969 0.2038 0.2105 0.2168 0.2230 0.2289 0.2345 0.2398 0.2449 0.2497 0.2542 0.2584 0.2621 0.2656 0.2686 0.2712 0.2733 0.2843
0.2801 0.2690 0.2669 0.2644 0.2615 0.2584 0.2548 0.2508 0.2465 0.2418 0.2368 0.2315 0.2260 0.2201 0.2140 0.2076 0.2009 0.1940 0.1868 0.1793 0.1715 0.1635 0.1552 0.1466 0.1378 0.1286 0.1191 0.1092 0.0991 0.0885 0.0776 0.0655 0.0568 0.0567 0.0575 0.0584 0.0593 0.0604 0.0616 0.0629 0.0642 0.0657 0.0672 0.0689 0.0707 0.0725 0.0745 0.0766 0.0788 0.0811 0.0821 0.0811 0.0788 0.0766 0.0745 0.0725 0.0707 0.0689 0.0672 0.0657 0.0642 0.0629 0.0616 0.0604 0.0593 0.0584 0.0575 0.0567 0.0568 0.0655 0.0776 0.0885 0.0991 0.1092 0.1191 0.1286 0.1378 0.1466 0.1552 0.1635 0.1715 0.1793 0.1868 0.1940 0.2009 0.2076 0.2140 0.2201 0.2260 0.2315 0.2368 0.2418 0.2465 0.2508 0.2548 0.2584 0.2615 0.2644 0.2669 0.2690 0.2801
0.2757 0.2644 0.2623 0.2599 0.2573 0.2542 0.2508 0.2471 0.2429 0.2384 0.2335 0.2284 0.2229 0.2170 0.2109 0.2045 0.1978 0.1909 0.1837 0.1761 0.1682 0.1601 0.1517 0.1430 0.1340 0.1247 0.1150 0.1051 0.0947 0.0840 0.0728 0.0605 0.0563 0.0570 0.0578 0.0588 0.0598 0.0609 0.0621 0.0634 0.0648 0.0663 0.0679 0.0696 0.0714 0.0734 0.0754 0.0775 0.0798 0.0821 0.0831 0.0821 0.0798 0.0775 0.0754 0.0734 0.0714 0.0696 0.0679 0.0663 0.0648 0.0634 0.0621 0.0609 0.0598 0.0588 0.0578 0.0570 0.0563 0.0605 0.0728 0.0840 0.0947 0.1051 0.1150 0.1247 0.1340 0.1430 0.1517 0.1601 0.1682 0.1761 0.1837 0.1909 0.1978 0.2045 0.2109 0.2170 0.2229 0.2284 0.2335 0.2384 0.2429 0.2471 0.2508 0.2542 0.2573 0.2599 0.2623 0.2644 0.2757
0.2711 0.2595 0.2576 0.2553 0.2526 0.2497 0.2465 0.2429 0.2389 0.2346 0.2299 0.2248 0.2194 0.2136 0.2076 0.2013 0.1946 0.1876 0.1804 0.1728 0.1649 0.1567 0.1481 0.1393 0.1302 0.1207 0.1109 0.1008 0.0903 0.0795 0.0676 0.0574 0.0566 0.0573 0.0582 0.0592 0.0602 0.0614 0.0626 0.0640 0.0654 0.0670 0.0686 0.0704 0.0722 0.0742 0.0762 0.0784 0.0808 0.0831 0.0842 0.0831 0.0808 0.0784 0.0762 0.0742 0.0722 0.0704 0.0686 0.0670 0.0654 0.0640 0.0626 0.0614 0.0602 0.0592 0.0582 0.0573 0.0566 0.0574 0.0676 0.0795 0.0903 0.1008 0.1109 0.1207 0.1302 0.1393 0.1481 0.1567 0.1649 0.1728 0.1804 0.1876 0.1946 0.2013 0.2076 0.2136 0.2194 0.2248 0.2299 0.2346 0.2389 0.2429 0.2465 0.2497 0.2526 0.2553 0.2576 0.2595 0.2711
0.2663 0.2546 0.2526 0.2502 0.2477 0.2449 0.2418 0.2384 0.2346 0.2304 0.2258 0.2209 0.2156 0.2101 0.2041 0.1978 0.1911 0.1841 0.1769 0.1693 0.1614 0.1532 0.1445 0.1355 0.1263 0.1167 0.1068 0.0965 0.0859 0.0748 0.0624 0.0564 0.0569 0.0577 0.0586 0.0596 0.0607 0.0619 0.0632 0.0646 0.0661 0.0676 0.0693 0.0711 0.0730 0.0750 0.0771 0.0794 0.0818 0.0841 0.0852 0.0841 0.0818 0.0794 0.0771 0.0750 0.0730 0.0711 0.0693 0.0676 0.0661 0.0646 0.0632 0.0619 0.0607 0.0596 0.0586 0.0577 0.0569 0.0564 0.0624 0.0748 0.0859 0.0965 0.1068 0.1167 0.1263 0.1355 0.1445 0.1532 0.1614 0.1693 0.1769 0.1841 0.1911 0.1978 0.2041 0.2101 0.2156 0.2209 0.2258 0.2304 0.2346 0.2384 0.2418 0.2449 0.2477 0.2502 0.2526 0.2546 0.2663
0.2614 0.2494 0.2473 0.2451 0.2426 0.2398 0.2368 0.2335 0.2299 0.2258 0.2214 0.2167 0.2116 0.2061 0.2002 0.1939 0.1874 0.1804 0.1732 0.1656 0.1577 0.1494 0.1407 0.1317 0.1223 0.1126 0.1025 0.0921 0.0813 0.0698 0.0584 0.0565 0.0572 0.0580 0.0590 0.0600 0.0612 0.0624 0.0638 0.0652 0.0667 0.0683 0.0701 0.0719 0.0738 0.0759 0.0781 0.0803 0.0828 0.0852 0.0863 0.0852 0.0828 0.0803 0.0781 0.0759 0.0738 0.0719 0.0701 0.0683 0.0667 0.0652 0.0638 0.0624 0.0612 0.0600 0.0590 0.0580 0.0572 0.0565 0.0584 0.0698 0.0813 0.0921 0.1025 0.1126 0.1223 0.1317 0.1407 0.1494 0.1577 0.1656 0.1732 0.1804 0.1874 0.1939 0.2002 0.2061 0.2116 0.2167 0.2214 0.2258 0.2299 0.2335 0.2368 0.2398 0.2426 0.2451 0.2473 0.2494 0.2614
0.2562 0.2441 0.2420 0.2397 0.2371 0.2345 0.2315 0.2284 0.2248 0.2209 0.2167 0.2120 0.2071 0.2017 0.1960 0.1899 0.1834 0.1765 0.1693 0.1617 0.1538 0.1454 0.1367 0.1278 0.1184 0.1085 0.0983 0.0877 0.0767 0.0645 0.0566 0.0567 0.0575 0.0584 0.0594 0.0605 0.0617 0.0630 0.0643 0.0658 0.0674 0.0690 0.0708 0.0727 0.0747 0.0768 0.0790 0.0813 0.0838 0.0863 0.0874 0.0863 0.0838 0.0813 0.0790 0.0768 0.0747 0.0727 0.0708 0.0690 0.0674 0.0658 0.0643 0.0630 0.0617 0.0605 0.0594 0.0584 0.0575 0.0567 0.0566 0.0645 0.0767 0.0877 0.0983 0.1085 0.1184 0.1278 0.1367 0.1454 0.1538 0.1617 0.1693 0.1765 0.1834 0.1899 0.1960 0.2017 0.2071 0.2120 0.2167 0.2209 0.2248 0.2284 0.2315 0.2345 0.2371 0.2397 0.2420 0.2441 0.2562
0.2509 0.2386 0.2364 0.2340 0.2315 0.2289 0.2260 0.2229 0.2194 0.2156 0.2116 0.2071 0.2022 0.1970 0.1914 0.1854 0.1790 0.1722 0.1651 0.1575 0.1495 0.1412 0.1326 0.1235 0.1141 0.1041 0.0939 0.0832 0.0719 0.0598 0.0563 0.0571 0.0579 0.0588 0.0599 0.0610 0.0622 0.0635 0.0649 0.0664 0.0681 0.0698 0.0716 0.0735 0.0755 0.0777 0.0799 0.0823 0.0849 0.0874 0.0886 0.0874 0.0849 0.0823 0.0799 0.0777 0.0755 0.0735 0.0716 0.0698 0.0681 0.0664 0.0649 0.0635 0.0622 0.0610 0.0599 0.0588 0.0579 0.0571 0.0563 0.0598 0.0719 0.0832 0.0939 0.1041 0.1141 0.1235 0.1326 0.1412 0.1495 0.1575 0.1651 0.1722 0.1790 0.1854 0.1914 0.1970 0.2022 0.2071 0.2116 0.2156 0.2194 0.2229 0.2260 0.2289 0.2315 0.2340 0.2364 0.2386 0.2509
0.2453 0.2329 0.2306 0.2282 0.2257 0.2230 0.2201 0.2170 0.2136 0.2101 0.2061 0.2017 0.1970 0.1919 0.1864 0.1805 0.1742 0.1675 0.1605 0.1530 0.1450 0.1367 0.1281 0.1190 0.1095 0.0996 0.0894 0.0787 0.0667 0.0570 0.0566 0.0574 0.0583 0.0592 0.0603 0.0615 0.0627 0.0641 0.0655 0.0671 0.0687 0.0705 0.0724 0.0743 0.0764 0.0786 0.0809 0.0833 0.0859 0.0885 0.0897 0.0885 0.0859 0.0833 0.0809 0.0786 0.0764 0.0743 0.0724 0.0705 0.0687 0.0671 0.0655 0.0641 0.0627 0.0615 0.0603 0.0592 0.0583 0.0574 0.0566 0.0570 0.0667 0.0787 0.0894 0.0996 0.1095 0.1190 0.1281 0.1367 0.1450 0.1530 0.1605 0.1675 0.1742 0.1805 0.1864 0.1919 0.1970 0.2017 0.2061 0.2101 0.2136 0.2170 0.2201 0.2230 0.2257 0.2282 0.2306 0.2329 0.2453
0.2395 0.2270 0.2246 0.2221 0.2195 0.2168 0.2140 0.2109 0.2076 0.2041 0.2002 0.1960 0.1914 0.1864 0.1811 0.1753 0.1691 0.1626 0.1556 0.1482 0.1404 0.1320 0.1234 0.1143 0.1048 0.0949 0.0845 0.0736 0.0614 0.0563 0.0569 0.0577 0.0587 0.0597 0.0608 0.0620 0.0633 0.0647 0.0662 0.0678 0.0695 0.0713 0.0732 0.0752 0.0773 0.0795 0.0819 0.0844 0.0870 0.0897 0.0909 0.0897 0.0870 0.0844 0.0819 0.0795 0.0773 0.0752 0.0732 0.0713 0.0695 0.0678 0.0662 0.0647 0.0633 0.0620 0.0608 0.0597 0.0587 0.0577 0.0569 0.0563 0.0614 0.0736 0.0845 0.0949 0.1048 0.1143 0.1234 0.1320 0.1404 0.1482 0.1556 0.1626 0.1691 0.1753 0.1811 0.1864 0.1914 0.1960 0.2002 0.2041 0.2076 0.2109 0.2140 0.2168 0.2195 0.2221 0.2246 0.2270 0.2395
0.2335 0.2209 0.2185 0.2158 0.2132 0.2105 0.2076 0.2045 0.2013 0.1978 0.1939 0.1899 0.1854 0.1805 0.1753 0.1697 0.1636 0.1572 0.1503 0.1430 0.1352 0.1270 0.1184 0.1093 0.0998 0.0897 0.0794 0.0680 0.0576 0.0565 0.0573 0.0581 0.0591 0.0601 0.0613 0.0625 0.0639 0.0653 0.0668 0.0685 0.0702 0.0720 0.0740 0.0760 0.0782 0.0805 0.0829 0.0855 0.0882 0.0908 0.0921 0.0908 0.0882 0.0855 0.0829 0.0805 0.0782 0.0760 0.0740 0.0720 0.0702 0.0685 0.0668 0.0653 0.0639 0.0625 0.0613 0.0601 0.0591 0.0581 0.0573 0.0565 0.0576 0.0680 0.0794 0.0897 0.0998 0.1093 0.1184 0.1270 0.1352 0.1430 0.1503 0.1572 0.1636 0.1697 0.1753 0.1805 0.1854 0.1899 0.1939 0.1978 0.2013 0.2045 0.2076 0.2105 0.2132 0.2158 0.2185 0.2209 0.2335
0.2272 0.2146 0.2121 0.2094 0.2066 0.2038 0.2009 0.1978 0.1946 0.1911 0.1874 0.1834 0.1790 0.1742 0.1691 0.1636 0.1577 0.1513 0.1445 0.1373 0.1296 0.1215 0.1130 0.1039 0.0944 0.0844 0.0740 0.0621 0.0563 0.0568 0.0576 0.0585 0.0595 0.0606 0.0618 0.0631 0.0644 0.0659 0.0675 0.0692 0.0709 0.0728 0.0748 0.0769 0.0792 0.0815 0.0840 0.0866 0.0893 0.0921 0.0933 0.0921 0.0893 0.0866 0.0840 0.0815 0.0792 0.0769 0.0748 0.0728 0.0709 0.0692 0.0675 0.0659 0.0644 0.0631 0.0618 0.0606 0.0595 0.0585 0.0576 0.0568 0.0563 0.0621 0.0740 0.0844 0.0944 0.1039 0.1130 0.1215 0.1296 0.1373 0.1445 0.1513 0.1577 0.1636 0.1691 0.1742 0.1790 0.1834 0.1874 0.1911 0.1946 0.1978 0.2009 0.2038 0.2066 0.2094 0.2121 0.2146 0.2272
0.2207 0.2081 0.2055 0.2027 0.1998 0.1969 0.1940 0.1909 0.1876 0.1841 0.1804 0.1765 0.1722 0.1675 0.1626 0.1572 0.1513 0.1451 0.1384 0.1313 0.1237 0.1157 0.1071 0.0982 0.0887 0.0788 0.0678 0.0577 0.0565 0.0572 0.0580 0.0589 0.0600 0.0611 0.0623 0.0636 0.0650 0.0666 0.0682 0.0699 0.0717 0.0736 0.0757 0.0778 0.0801 0.0825 0.0850 0.0877 0.0905 0.0933 0.0946 0.0933 0.0905 0.0877 0.0850 0.0825 0.0801 0.0778 0.0757 0.0736 0.0717 0.0699 0.0682 0.0666 0.0650 0.0636 0.0623 0.0611 0.0600 0.0589 0.0580 0.0572 0.0565 0.0577 0.0678 0.0788 0.0887 0.0982 0.1071 0.1157 0.1237 0.1313 0.1384 0.1451 0.1513 0.1572 0.1626 0.1675 0.1722 0.1765 0.1804 0.1841 0.1876 0.1909 0.1940 0.1969 0.1998 0.2027 0.2055 0.2081 0.2207
0.2139 0.2013 0.1986 0.1957 0.1928 0.1898 0.1868 0.1837 0.1804 0.1769 0.1732 0.1693 0.1651 0.1605 0.1556 0.1503 0.1445 0.1384 0.1319 0.1248 0.1173 0.1093 0.1009 0.0920 0.0827 0.0727 0.0614 0.0563 0.0568 0.0576 0.0585 0.0594 0.0605 0.0616 0.0629 0.0642 0.0657 0.0672 0.0689 0.0706 0.0725 0.0745 0.0766 0.0788 0.0811 0.0835 0.0861 0.0888 0.0917 0.0945 0.0959 0.0945 0.0917 0.0888 0.0861 0.0835 0.0811 0.0788 0.0766 0.0745 0.0725 0.0706 0.0689 0.0672 0.0657 0.0642 0.0629 0.0616 0.0605 0.0594 0.0585 0.0576 0.0568 0.0563 0.0614 0.0727 0.0827 0.0920 0.1009 0.1093 0.1173 0.1248 0.1319 0.1384 0.1445 0.1503 0.1556 0.1605 0.1651 0.1693 0.1732 0.1769 0.1804 0.1837 0.1868 0.1898 0.1928 0.1957 0.1986 0.2013 0.2139
0.2068 0.1944 0.1916 0.1886 0.1855 0.1824 0.1793 0.1761 0.1728 0.1693 0.1656 0.1617 0.1575 0.1530 0.1482 0.1430 0.1373 0.1313 0.1248 0.1179 0.1105 0.1026 0.0942 0.0854 0.0761 0.0656 0.0570 0.0565 0.0572 0.0580 0.0589 0.0599 0.0610 0.0622 0.0635 0.0648 0.0663 0.0679 0.0696 0.0714 0.0733 0.0753 0.0775 0.0797 0.0821 0.0846 0.0872 0.0900 0.0929 0.0958 0.0972 0.0958 0.0929 0.0900 0.0872 0.0846 0.0821 0.0797 0.0775 0.0753 0.0733 0.0714 0.0696 0.0679 0.0663 0.0648 0.0635 0.0622 0.0610 0.0599 0.0589 0.0580 0.0572 0.0565 0.0570 0.0656 0.0761 0.0854 0.0942 0.1026 0.1105 0.1179 0.1248 0.1313 0.1373 0.1430 0.1482 0.1530 0.1575 0.1617 0.1656 0.1693 0.1728 0.1761 0.1793 0.1824 0.1855 0.1886 0.1916 0.1944 0.2068
0.1995 0.1871 0.1842 0.1811 0.1780 0.1748 0.1715 0.1682 0.1649 0.1614 0.1577 0.1538 0.1495 0.1450 0.1404 0.1352 0.1296 0.1237 0.1173 0.1105 0.1033 0.0955 0.0871 0.0783 0.0688 0.0588 0.0563 0.0569 0.0577 0.0585 0.0594 0.0604 0.0616 0.0628 0.0641 0.0655 0.0670 0.0686 0.0703 0.0722 0.0741 0.0762 0.0784 0.0807 0.0831 0.0857 0.0883 0.0912 0.0942 0.0971 0.0985 0.0971 0.0942 0.0912 0.0883 0.0857 0.0831 0.0807 0.0784 0.0762 0.0741 0.0722 0.0703 0.0686 0.0670 0.0655 0.0641 0.0628 0.0616 0.0604 0.0594 0.0585 0.0577 0.0569 0.0563 0.0588 0.0688 0.0783 0.0871 0.0955 0.1033 0.1105 0.1173 0.1237 0.1296 0.1352 0.1404 0.1450 0.1495 0.1538 0.1577 0.1614 0.1649 0.1682 0.1715 0.1748 0.1780 0.1811 0.1842 0.1871 0.1995
0.1919 0.1797 0.1767 0.1735 0.1702 0.1669 0.1635 0.1601 0.1567 0.1532 0.1494 0.1454 0.1412 0.1367 0.1320 0.1270 0.1215 0.1157 0.1093 0.1026 0.0955 0.0879 0.0796 0.0708 0.0606 0.0562 0.0567 0.0574 0.0582 0.0590 0.0600 0.0610 0.0622 0.0634 0.0647 0.0662 0.0677 0.0694 0.0711 0.0730 0.0750 0.0771 0.0793 0.0817 0.0842 0.0868 0.0895 0.0924 0.0954 0.0984 0.0999 0.0984 0.0954 0.0924 0.0895 0.0868 0.0842 0.0817 0.0793 0.0771 0.0750 0.0730 0.0711 0.0694 0.0677 0.0662 0.0647 0.0634 0.0622 0.0610 0.0600 0.0590 0.0582 0.0574 0.0567 0.0562 0.0606 0.0708 0.0796 0.0879 0.0955 0.1026 0.1093 0.1157 0.1215 0.1270 0.1320 0.1367 0.1412 0.1454 0.1494 0.1532 0.1567 0.1601 0.1635 0.1669 0.1702 0.1735 0.1767 0.1797 0.1919
0.1839 0.1719 0.1688 0.1655 0.1621 0.1587 0.1552 0.1517 0.1481 0.1445 0.1407 0.1367 0.1326 0.1281 0.1234 0.1184 0.1130 0.1071 0.1009 0.0942 0.0871 0.0796 0.0715 0.0618 0.0563 0.0566 0.0572 0.0579 0.0587 0.0596 0.0606 0.0616 0.0628 0.0641 0.0654 0.0669 0.0685 0.0702 0.0720 0.0739 0.0759 0.0780 0.0803 0.0827 0.0852 0.0879 0.0907 0.0936 0.0967 0.0998 0.1013 0.0998 0.0967 0.0936 0.0907 0.0879 0.0852 0.0827 0.0803 0.0780 0.0759 0.0739 0.0720 0.0702 0.0685 0.0669 0.0654 0.0641 0.0628 0.0616 0.0606 0.0596 0.0587 0.0579 0.0572 0.0566 0.0563 0.0618 0.0715 0.0796 0.0871 0.0942 0.1009 0.1071 0.1130 0.1184 0.1234 0.1281 0.1326 0.1367 0.1407 0.1445 0.1481 0.1517 0.1552 0.1587 0.1621 0.1655 0.1688 0.1719 0.1839
0.1756 0.1639 0.1607 0.1573 0.1538 0.1502 0.1466 0.1430 0.1393 0.1355 0.1317 0.1278 0.1235 0.1190 0.1143 0.1093 0.1039 0.0982 0.0920 0.0854 0.0783 0.0708 0.0618 0.0564 0.0565 0.0571 0.0578 0.0585 0.0593 0.0602 0.0612 0.0623 0.0635 0.0648 0.0662 0.0677 0.0693 0.0710 0.0729 0.0748 0.0768 0.0790 0.0813 0.0837 0.0863 0.0890 0.0919 0.0949 0.0980 0.1012 0.1027 0.1012 0.0980 0.0949 0.0919 0.0890 0.0863 0.0837 0.0813 0.0790 0.0768 0.0748 0.0729 0.0710 0.0693 0.0677 0.0662 0.0648 0.0635 0.0623 0.0612 0.0602 0.0593 0.0585 0.0578 0.0571 0.0565 0.0564 0.0618 0.0708 0.0783 0.0854 0.0920 0.0982 0.1039 0.1093 0.1143 0.1190 0.1235 0.1278 0.1317 0.1355 0.1393 0.1430 0.1466 0.1502 0.1538 0.1573 0.1607 0.1639 0.1756
0.1670 0.1557 0.1523 0.1488 0.1452 0.1415 0.1378 0.1340 0.1302 0.1263 0.1223 0.1184 0.1141 0.1095 0.1048 0.0998 0.0944 0.0887 0.0827 0.0761 0.0688 0.0606 0.0563 0.0565 0.0571 0.0577 0.0584 0.0591 0.0600 0.0609 0.0619 0.0631 0.0643 0.0656 0.0670 0.0685 0.0702 0.0719 0.0738 0.0757 0.0778 0.0800 0.0824 0.0848 0.0874 0.0902 0.0931 0.0962 0.0994 0.1026 0.1041 0.1026 0.0994 0.0962 0.0931 0.0902 0.0874 0.0848 0.0824 0.0800 0.0778 0.0757 0.0738 0.0719 0.0702 0.0685 0.0670 0.0656 0.0643 0.0631 0.0619 0.0609 0.0600 0.0591 0.0584 0.0577 0.0571 0.0565 0.0563 0.0606 0.0688 0.0761 0.0827 0.0887 0.0944 0.0998 0.1048 0.1095 0.1141 0.1184 0.1223 0.1263 0.1302 0.1340 0.1378 0.1415 0.1452 0.1488 0.1523 0.1557 0.1670
0.1581 0.1471 0.1437 0.1400 0.1362 0.1324 0.1286 0.1247 0.1207 0.1167 0.1126 0.1085 0.1041 0.0996 0.0949 0.0897 0.0844 0.0788 0.0727 0.0656 0.0588 0.0562 0.0566 0.0571 0.0577 0.0583 0.0590 0.0598 0.0607 0.0617 0.0627 0.0639 0.0651 0.0664 0.0679 0.0694 0.0711 0.0728 0.0747 0.0767 0.0789 0.0811 0.0835 0.0860 0.0886 0.0914 0.0944 0.0975 0.1008 0.1040 0.1056 0.1040 0.1008 0.0975 0.0944 0.0914 0.0886 0.0860 0.0835 0.0811 0.0789 0.0767 0.0747 0.0728 0.0711 0.0694 0.0679 0.0664 0.0651 0.0639 0.0627 0.0617 0.0607 0.0598 0.0590 0.0583 0.0577 0.0571 0.0566 0.0562 0.0588 0.0656 0.0727 0.0788 0.0844 0.0897 0.0949 0.0996 0.1041 0.1085 0.1126 0.1167 0.1207 0.1247 0.1286 0.1324 0.1362 0.1400 0.1437 0.1471 0.1581
0.1488 0.1382 0.1347 0.1309 0.1270 0.1231 0.1191 0.1150 0.1109 0.1068 0.1025 0.0983 0.0939 0.0894 0.0845 0.0794 0.0740 0.0678 0.0614 0.0570 0.0563 0.0567 0.0572 0.0578 0.0584 0.0590 0.0598 0.0606 0.0615 0.0625 0.0636 0.0647 0.0660 0.0673 0.0688 0.0704 0.0720 0.0738 0.0757 0.0778 0.0799 0.0822 0.0846 0.0872 0.0899 0.0927 0.0957 0.0988 0.1022 0.1055 0.1071 0.1055 0.1022 0.0988 0.0957 0.0927 0.0899 0.0872 0.0846 0.0822 0.0799 0.0778 0.0757 0.0738 0.0720 0.0704 0.0688 0.0673 0.0660 0.0647 0.0636 0.0625 0.0615 0.0606 0.0598 0.0590 0.0584 0.0578 0.0572 0.0567 0.0563 0.0570 0.0614 0.0678 0.0740 0.0794 0.0845 0.0894 0.0939 0.0983 0.1025 0.1068 0.1109 0.1150 0.1191 0.1231 0.1270 0.1309 0.1347 0.1382 0.1488
0.1391 0.1291 0.1254 0.1214 0.1174 0.1134 0.1092 0.1051 0.1008 0.0965 0.0921 0.0877 0.0832 0.0787 0.0736 0.0680 0.0621 0.0577 0.0563 0.0565 0.0569 0.0574 0.0579 0.0585 0.0591 0.0598 0.0606 0.0615 0.0624 0.0634 0.0645 0.0657 0.0669 0.0683 0.0698 0.0714 0.0731 0.0749 0.0768 0.0789 0.0811 0.0834 0.0859 0.0884 0.0912 0.0940 0.0971 0.1002 0.1036 0.1070 0.1086 0.1070 0.1036 0.1002 0.0971 0.0940 0.0912 0.0884 0.0859 0.0834 0.0811 0.0789 0.0768 0.0749 0.0731 0.0714 0.0698 0.0683 0.0669 0.0657 0.0645 0.0634 0.0624 0.0615 0.0606 0.0598 0.0591 0.0585 0.0579 0.0574 0.0569 0.0565 0.0563 0.0577 0.0621 0.0680 0.0736 0.0787 0.0832 0.0877 0.0921 0.0965 0.1008 0.1051 0.1092 0.1134 0.1174 0.1214 0.1254 0.1291 0.1391
0.1290 0.1196 0.1158 0.1117 0.1075 0.1033 0.0991 0.0947 0.0903 0.0859 0.0813 0.0767 0.0719 0.0667 0.0614 0.0576 0.0563 0.0565 0.0568 0.0572 0.0577 0.0582 0.0587 0.0593 0.0600 0.0607 0.0615 0.0624 0.0634 0.0644 0.0655 0.0667 0.0680 0.0694 0.0708 0.0724 0.0742 0.0760 0.0779 0.0800 0.0822 0.0846 0.0871 0.0898 0.0925 0.0955 0.0985 0.1017 0.1052 0.1086 0.1102 0.1086 0.1052 0.1017 0.0985 0.0955 0.0925 0.0898 0.0871 0.0846 0.0822 0.0800 0.0779 0.0760 0.0742 0.0724 0.0708 0.0694 0.0680 0.0667 0.0655 0.0644 0.0634 0.0624 0.0615 0.0607 0.0600 0.0593 0.0587 0.0582 0.0577 0.0572 0.0568 0.0565 0.0563 0.0576 0.0614 0.0667 0.0719 0.0767 0.0813 0.0859 0.0903 0.0947 0.0991 0.1033 0.1075 0.1117 0.1158 0.1196 0.1290
0.1186 0.1098 0.1058 0.1016 0.0973 0.0929 0.0885 0.0840 0.0795 0.0748 0.0698 0.0645 0.0598 0.0570 0.0563 0.0565 0.0568 0.0572 0.0576 0.0580 0.0585 0.0590 0.0596 0.0602 0.0609 0.0617 0.0625 0.0634 0.0644 0.0655 0.0666 0.0678 0.0691 0.0705 0.0720 0.0736 0.0753 0.0772 0.0791 0.0812 0.0835 0.0859 0.0884 0.0911 0.0939 0.0969 0.1000 0.1033 0.1068 0.1102 0.1118 0.1102 0.1068 0.1033 0.1000 0.0969 0.0939 0.0911 0.0884 0.0859 0.0835 0.0812 0.0791 0.0772 0.0753 0.0736 0.0720 0.0705 0.0691 0.0678 0.0666 0.0655 0.0644 0.0634 0.0625 0.0617 0.0609 0.0602 0.0596 0.0590 0.0585 0.0580 0.0576 0.0572 0.0568 0.0565 0.0563 0.0570 0.0598 0.0645 0.0698 0.0748 0.0795 0.0840 0.0885 0.0929 0.0973 0.1016 0.1058 0.1098 0.1186
0.1076 0.0996 0.0955 0.0911 0.0867 0.0822 0.0776 0.0728 0.0676 0.0624 0.0584 0.0566 0.0563 0.0566 0.0569 0.0573 0.0576 0.0580 0.0585 0.0589 0.0594 0.0600 0.0606 0.0612 0.0619 0.0627 0.0636 0.0645 0.0655 0.0666 0.0678 0.0690 0.0703 0.0717 0.0732 0.0748 0.0766 0.0784 0.0804 0.0826 0.0849 0.0873 0.0898 0.0925 0.0954 0.0984 0.1016 0.1049 0.1085 0.1120 0.1136 0.1120 0.1085 0.1049 0.1016 0.0984 0.0954 0.0925 0.0898 0.0873 0.0849 0.0826 0.0804 0.0784 0.0766 0.0748 0.0732 0.0717 0.0703 0.0690 0.0678 0.0666 0.0655 0.0645 0.0636 0.0627 0.0619 0.0612 0.0606 0.0600 0.0594 0.0589 0.0585 0.0580 0.0576 0.0573 0.0569 0.0566 0.0563 0.0566 0.0584 0.0624 0.0676 0.0728 0.0776 0.0822 0.0867 0.0911 0.0955 0.0996 0.1076
0.0963 0.0891 0.0849 0.0803 0.0757 0.0707 0.0655 0.0605 0.0574 0.0564 0.0565 0.0567 0.0571 0.0574 0.0577 0.0581 0.0585 0.0589 0.0594 0.0599 0.0604 0.0610 0.0616 0.0623 0.0631 0.0639 0.0647 0.0657 0.0667 0.0678 0.0690 0.0702 0.0716 0.0730 0.0746 0.0762 0.0779 0.0798 0.0818 0.0840 0.0863 0.0887 0.0913 0.0940 0.0969 0.1000 0.1032 0.1066 0.1102 0.1138 0.1155 0.1138 0.1102 0.1066 0.1032 0.1000 0.0969 0.0940 0.0913 0.0887 0.0863 0.0840 0.0818 0.0798 0.0779 0.0762 0.0746 0.0730 0.0716 0.0702 0.0690 0.0678 0.0667 0.0657 0.0647 0.0639 0.0631 0.0623 0.0616 0.0610 0.0604 0.0599 0.0594 0.0589 0.0585 0.0581 0.0577 0.0574 0.0571 0.0567 0.0565 0.0564 0.0574 0.0605 0.0655 0.0707 0.0757 0.0803 0.0849 0.0891 0.0963
0.0845 0.0782 0.0737 0.0686 0.0633 0.0589 0.0568 0.0563 0.0566 0.0569 0.0572 0.0575 0.0579 0.0583 0.0587 0.0591 0.0595 0.0600 0.0605 0.0610 0.0616 0.0622 0.0628 0.0635 0.0643 0.0651 0.0660 0.0669 0.0680 0.0691 0.0703 0.0716 0.0730 0.0744 0.0760 0.0776 0.0794 0.0813 0.0833 0.0855 0.0878 0.0903 0.0929 0.0956 0.0985 0.1016 0.1049 0.1084 0.1120 0.1157 0.1174 0.1157 0.1120 0.1084 0.1049 0.1016 0.0985 0.0956 0.0929 0.0903 0.0878 0.0855 0.0833 0.0813 0.0794 0.0776 0.0760 0.0744 0.0730 0.0716 0.0703 0.0691 0.0680 0.0669 0.0660 0.0651 0.0643 0.0635 0.0628 0.0622 0.0616 0.0610 0.0605 0.0600 0.0595 0.0591 0.0587 0.0583 0.0579 0.0575 0.0572 0.0569 0.0566 0.0563 0.0568 0.0589 0.0633 0.0686 0.0737 0.0782 0.0845
0.0716 0.0662 0.0613 0.0577 0.0564 0.0564 0.0567 0.0570 0.0573 0.0577 0.0580 0.0584 0.0588 0.0592 0.0597 0.0601 0.0606 0.0611 0.0616 0.0622 0.0628 0.0634 0.0641 0.0648 0.0656 0.0664 0.0673 0.0683 0.0694 0.0705 0.0717 0.0730 0.0744 0.0759 0.0775 0.0792 0.0810 0.0828 0.0849 0.0871 0.0894 0.0919 0.0945 0.0973 0.1002 0.1033 0.1066 0.1102 0.1139 0.1176 0.1193 0.1176 0.1139 0.1102 0.1066 0.1033 0.1002 0.0973 0.0945 0.0919 0.0894 0.0871 0.0849 0.0828 0.0810 0.0792 0.0775 0.0759 0.0744 0.0730 0.0717 0.0705 0.0694 0.0683 0.0673 0.0664 0.0656 0.0648 0.0641 0.0634 0.0628 0.0622 0.0616 0.0611 0.0606 0.0601 0.0597 0.0592 0.0588 0.0584 0.0580 0.0577 0.0573 0.0570 0.0567 0.0564 0.0564 0.0577 0.0613 0.0662 0.0716
0.0584 0.0567 0.0563 0.0565 0.0568 0.0571 0.0575 0.0578 0.0582 0.0586 0.0590 0.0594 0.0599 0.0603 0.0608 0.0613 0.0618 0.0623 0.0629 0.0635 0.0641 0.0647 0.0654 0.0662 0.0670 0.0679 0.0688 0.0698 0.0708 0.0720 0.0732 0.0746 0.0760 0.0775 0.0791 0.0808 0.0826 0.0845 0.0866 0.0888 0.0911 0.0936 0.0963 0.0991 0.1020 0.1051 0.1085 0.1120 0.1158 0.1195 0.1213 0.1195 0.1158 0.1120 0.1085 0.1051 0.1020 0.0991 0.0963 0.0936 0.0911 0.0888 0.0866 0.0845 0.0826 0.0808 0.0791 0.0775 0.0760 0.0746 0.0732 0.0720 0.0708 0.0698 0.0688 0.0679 0.0670 0.0662 0.0654 0.0647 0.0641 0.0635 0.0629 0.0623 0.0618 0.0613 0.0608 0.0603 0.0599 0.0594 0.0590 0.0586 0.0582 0.0578 0.0575 0.0571 0.0568 0.0565 0.0563 0.0567 0.0584
0.0547 0.0563 0.0570 0.0573 0.0576 0.0580 0.0584 0.0588 0.0592 0.0596 0.0600 0.0605 0.0610 0.0615 0.0620 0.0625 0.0631 0.0636 0.0642 0.0648 0.0655 0.0662 0.0669 0.0677 0.0685 0.0694 0.0704 0.0714 0.0724 0.0736 0.0748 0.0762 0.0776 0.0792 0.0808 0.0825 0.0843 0.0863 0.0884 0.0906 0.0930 0.0955 0.0982 0.1009 0.1039 0.1070 0.1104 0.1140 0.1178 0.1216 0.1233 0.1216 0.1178 0.1140 0.1104 0.1070 0.1039 0.1009 0.0982 0.0955 0.0930 0.0906 0.0884 0.0863 0.0843 0.0825 0.0808 0.0792 0.0776 0.0762 0.0748 0.0736 0.0724 0.0714 0.0704 0.0694 0.0685 0.0677 0.0669 0.0662 0.0655 0.0648 0.0642 0.0636 0.0631 0.0625 0.0620 0.0615 0.0610 0.0605 0.0600 0.0596 0.0592 0.0588 0.0584 0.0580 0.0576 0.0573 0.0570 0.0563 0.0547
0.0549 0.0571 0.0578 0.0581 0.0585 0.0589 0.0593 0.0598 0.0602 0.0607 0.0612 0.0617 0.0622 0.0627 0.0633 0.0639 0.0644 0.0650 0.0657 0.0663 0.0670 0.0677 0.0685 0.0693 0.0702 0.0711 0.0720 0.0731 0.0742 0.0753 0.0766 0.0779 0.0794 0.0810 0.0826 0.0843 0.0862 0.0882 0.0903 0.0925 0.0949 0.0974 0.1001 0.1029 0.1059 0.1091 0.1125 0.1160 0.1199 0.1237 0.1255 0.1237 0.1199 0.1160 0.1125 0.1091 0.1059 0.1029 0.1001 0.0974 0.0949 0.0925 0.0903 0.0882 0.0862 0.0843 0.0826 0.0810 0.0794 0.0779 0.0766 0.0753 0.0742 0.0731 0.0720 0.0711 0.0702 0.0693 0.0685 0.0677 0.0670 0.0663 0.0657 0.0650 0.0644 0.0639 0.0633 0.0627 0.0622 0.0617 0.0612 0.0607 0.0602 0.0598 0.0593 0.0589 0.0585 0.0581 0.0578 0.0571 0.0549
0.0552 0.0579 0.0587 0.0591 0.0595 0.0600 0.0604 0.0609 0.0614 0.0619 0.0624 0.0630 0.0635 0.0641 0.0647 0.0653 0.0659 0.0666 0.0672 0.0679 0.0686 0.0694 0.0702 0.0710 0.0719 0.0728 0.0738 0.0749 0.0760 0.0772 0.0784 0.0798 0.0813 0.0828 0.0845 0.0863 0.0882 0.0902 0.0923 0.0946 0.0970 0.0995 0.1022 0.1051 0.1081 0.1113 0.1147 0.1183 0.1221 0.1260 0.1278 0.1260 0.1221 0.1183 0.1147 0.1113 0.1081 0.1051 0.1022 0.0995 0.0970 0.0946 0.0923 0.0902 0.0882 0.0863 0.0845 0.0828 0.0813 0.0798 0.0784 0.0772 0.0760 0.0749 0.0738 0.0728 0.0719 0.0710 0.0702 0.0694 0.0686 0.0679 0.0672 0.0666 0.0659 0.0653 0.0647 0.0641 0.0635 0.0630 0.0624 0.0619 0.0614 0.0609 0.0604 0.0600 0.0595 0.0591 0.0587 0.0579 0.0552
0.0557 0.0588 0.0597 0.0601 0.0606 0.0611 0.0616 0.0621 0.0626 0.0632 0.0638 0.0643 0.0649 0.0655 0.0662 0.0668 0.0675 0.0682 0.0689 0.0696 0.0703 0.0711 0.0720 0.0729 0.0738 0.0747 0.0757 0.0768 0.0779 0.0791 0.0804 0.0818 0.0833 0.0849 0.0866 0.0884 0.0903 0.0923 0.0945 0.0967 0.0992 0.1017 0.1044 0.1073 0.1104 0.1136 0.1170 0.1206 0.1245 0.1284 0.1302 0.1284 0.1245 0.1206 0.1170 0.1136 0.1104 0.1073 0.1044 0.1017 0.0992 0.0967 0.0945 0.0923 0.0903 0.0884 0.0866 0.0849 0.0833 0.0818 0.0804 0.0791 0.0779 0.0768 0.0757 0.0747 0.0738 0.0729 0.0720 0.0711 0.0703 0.0696 0.0689 0.0682 0.0675 0.0668 0.0662 0.0655 0.0649 0.0643 0.0638 0.0632 0.0626 0.0621 0.0616 0.0611 0.0606 0.0601 0.0597 0.0588 0.0557
0.0563 0.0598 0.0608 0.0613 0.0618 0.0623 0.0629 0.0634 0.0640 0.0646 0.0652 0.0658 0.0664 0.0671 0.0678 0.0685 0.0692 0.0699 0.0706 0.0714 0.0722 0.0730 0.0739 0.0748 0.0757 0.0767 0.0778 0.0789 0.0800 0.0812 0.0826 0.0840 0.0855 0.0871 0.0888 0.0906 0.0925 0.0946 0.0967 0.0991 0.1015 0.1041 0.1068 0.1097 0.1128 0.1161 0.1195 0.1231 0.1270 0.1309 0.1327 0.1309 0.1270 0.1231 0.1195 0.1161 0.1128 0.1097 0.1068 0.1041 0.1015 0.0991 0.0967 0.0946 0.0925 0.0906 0.0888 0.0871 0.0855 0.0840 0.0826 0.0812 0.0800 0.0789 0.0778 0.0767 0.0757 0.0748 0.0739 0.0730 0.0722 0.0714 0.0706 0.0699 0.0692 0.0685 0.0678 0.0671 0.0664 0.0658 0.0652 0.0646 0.0640 0.0634 0.0629 0.0623 0.0618 0.0613 0.0608 0.0598 0.0563
0.0571 0.0610 0.0620 0.0625 0.0631 0.0636 0.0642 0.0648 0.0654 0.0661 0.0667 0.0674 0.0681 0.0687 0.0695 0.0702 0.0709 0.0717 0.0725 0.0733 0.0741 0.0750 0.0759 0.0768 0.0778 0.0789 0.0799 0.0811 0.0822 0.0835 0.0849 0.0863 0.0878 0.0894 0.0911 0.0930 0.0949 0.0970 0.0992 0.1015 0.1040 0.1066 0.1093 0.1123 0.1154 0.1187 0.1221 0.1258 0.1297 0.1336 0.1354 0.1336 0.1297 0.1258 0.1221 0.1187 0.1154 0.1123 0.1093 0.1066 0.1040 0.1015 0.0992 0.0970 0.0949 0.0930 0.0911 0.0894 0.0878 0.0863 0.0849 0.0835 0.0822 0.0811 0.0799 0.0789 0.0778 0.0768 0.0759 0.0750 0.0741 0.0733 0.0725 0.0717 0.0709 0.0702 0.0695 0.0687 0.0681 0.0674 0.0667 0.0661 0.0654 0.0648 0.0642 0.0636 0.0631 0.0625 0.0620 0.0610 0.0571
0.0579 0.0622 0.0633 0.0639 0.0645 0.0651 0.0657 0.0663 0.0670 0.0676 0.0683 0.0690 0.0698 0.0705 0.0713 0.0720 0.0728 0.0736 0.0745 0.0753 0.0762 0.0771 0.0780 0.0790 0.0800 0.0811 0.0822 0.0834 0.0846 0.0859 0.0873 0.0887 0.0903 0.0919 0.0936 0.0955 0.0974 0.0995 0.1017 0.1041 0.1066 0.1092 0.1120 0.1149 0.1181 0.1214 0.1249 0.1286 0.1325 0.1364 0.1383 0.1364 0.1325 0.1286 0.1249 0.1214 0.1181 0.1149 0.1120 0.1092 0.1066 0.1041 0.1017 0.0995 0.0974 0.0955 0.0936 0.0919 0.0903 0.0887 0.0873 0.0859 0.0846 0.0834 0.0822 0.0811 0.0800 0.0790 0.0780 0.0771 0.0762 0.0753 0.0745 0.0736 0.0728 0.0720 0.0713 0.0705 0.0698 0.0690 0.0683 0.0676 0.0670 0.0663 0.0657 0.0651 0.0645 0.0639 0.0633 0.0622 0.0579
0.0588 0.0635 0.0647 0.0653 0.0659 0.0666 0.0672 0.0679 0.0686 0.0693 0.0701 0.0708 0.0716 0.0724 0.0732 0.0740 0.0748 0.0757 0.0766 0.0775 0.0784 0.0793 0.0803 0.0813 0.0824 0.0835 0.0846 0.0859 0.0871 0.0884 0.0898 0.0913 0.0929 0.0945 0.0963 0.0982 0.1001 0.1022 0.1044 0.1068 0.1093 0.1120 0.1148 0.1178 0.1209 0.1243 0.1277 0.1315 0.1355 0.1394 0.1413 0.1394 0.1355 0.1315 0.1277 0.1243 0.1209 0.1178 0.1148 0.1120 0.1093 0.1068 0.1044 0.1022 0.1001 0.0982 0.0963 0.0945 0.0929 0.0913 0.0898 0.0884 0.0871 0.0859 0.0846 0.0835 0.0824 0.0813 0.0803 0.0793 0.0784 0.0775 0.0766 0.0757 0.0748 0.0740 0.0732 0.0724 0.0716 0.0708 0.0701 0.0693 0.0686 0.0679 0.0672 0.0666 0.0659 0.0653 0.0647 0.0635 0.0588
0.0599 0.0649 0.0662 0.0669 0.0675 0.0682 0.0689 0.0696 0.0704 0.0711 0.0719 0.0727 0.0735 0.0743 0.0752 0.0760 0.0769 0.0778 0.0788 0.0797 0.0807 0.0817 0.0827 0.0837 0.0848 0.0860 0.0872 0.0884 0.0898 0.0911 0.0925 0.0940 0.0956 0.0973 0.0991 0.1009 0.1029 0.1051 0.1073 0.1097 0.1123 0.1149 0.1178 0.1208 0.1239 0.1273 0.1308 0.1346 0.1385 0.1425 0.1444 0.1425 0.1385 0.1346 0.1308 0.1273 0.1239 0.1208 0.1178 0.1149 0.1123 0.1097 0.1073 0.1051 0.1029 0.1009 0.0991 0.0973 0.0956 0.0940 0.0925 0.0911 0.0898 0.0884 0.0872 0.0860 0.0848 0.0837 0.0827 0.0817 0.0807 0.0797 0.0788 0.0778 0.0769 0.0760 0.0752 0.0743 0.0735 0.0727 0.0719 0.0711 0.0704 0.0696 0.0689 0.0682 0.0675 0.0669 0.0662 0.0649 0.0599
0.0610 0.0664 0.0678 0.0685 0.0692 0.0699 0.0707 0.0714 0.0722 0.0730 0.0738 0.0747 0.0755 0.0764 0.0773 0.0782 0.0792 0.0801 0.0811 0.0821 0.0831 0.0842 0.0852 0.0863 0.0874 0.0886 0.0899 0.0912 0.0925 0.0939 0.0954 0.0969 0.0985 0.1002 0.1020 0.1039 0.1059 0.1081 0.1104 0.1128 0.1154 0.1181 0.1209 0.1239 0.1271 0.1305 0.1340 0.1378 0.1418 0.1458 0.1476 0.1458 0.1418 0.1378 0.1340 0.1305 0.1271 0.1239 0.1209 0.1181 0.1154 0.1128 0.1104 0.1081 0.1059 0.1039 0.1020 0.1002 0.0985 0.0969 0.0954 0.0939 0.0925 0.0912 0.0899 0.0886 0.0874 0.0863 0.0852 0.0842 0.0831 0.0821 0.0811 0.0801 0.0792 0.0782 0.0773 0.0764 0.0755 0.0747 0.0738 0.0730 0.0722 0.0714 0.0707 0.0699 0.0692 0.0685 0.0678 0.0664 0.0610
0.0622 0.0680 0.0695 0.0702 0.0710 0.0718 0.0725 0.0734 0.0742 0.0750 0.0759 0.0768 0.0777 0.0786 0.0795 0.0805 0.0815 0.0825 0.0835 0.0846 0.0857 0.0868 0.0879 0.0890 0.0902 0.0914 0.0927 0.0940 0.0955 0.0969 0.0984 0.1000 0.1016 0.1033 0.1051 0.1070 0.1091 0.1113 0.1136 0.1161 0.1187 0.1214 0.1243 0.1273 0.1305 0.1339 0.1374 0.1412 0.1452 0.1492 0.1511 0.1492 0.1452 0.1412 0.1374 0.1339 0.1305 0.1273 0.1243 0.1214 0.1187 0.1161 0.1136 0.1113 0.1091 0.1070 0.1051 0.1033 0.1016 0.1000 0.0984 0.0969 0.0955 0.0940 0.0927 0.0914 0.0902 0.0890 0.0879 0.0868 0.0857 0.0846 0.0835 0.0825 0.0815 0.0805 0.0795 0.0786 0.0777 0.0768 0.0759 0.0750 0.0742 0.0734 0.0725 0.0718 0.0710 0.0702 0.0695 0.0680 0.0622
0.0635 0.0697 0.0713 0.0721 0.0729 0.0737 0.0745 0.0754 0.0762 0.0771 0.0781 0.0790 0.0799 0.0809 0.0819 0.0829 0.0840 0.0850 0.0861 0.0872 0.0883 0.0895 0.0907 0.0919 0.0931 0.0944 0.0957 0.0971 0.0985 0.1000 0.1016 0.1032 0.1049 0.1066 0.1085 0.1104 0.1125 0.1147 0.1170 0.1195 0.1221 0.1249 0.1277 0.1308 0.1340 0.1374 0.1410 0.1447 0.1488 0.1528 0.1547 0.1528 0.1488 0.1447 0.1410 0.1374 0.1340 0.1308 0.1277 0.1249 0.1221 0.1195 0.1170 0.1147 0.1125 0.1104 0.1085 0.1066 0.1049 0.1032 0.1016 0.1000 0.0985 0.0971 0.0957 0.0944 0.0931 0.0919 0.0907 0.0895 0.0883 0.0872 0.0861 0.0850 0.0840 0.0829 0.0819 0.0809 0.0799 0.0790 0.0781 0.0771 0.0762 0.0754 0.0745 0.0737 0.0729 0.0721 0.0713 0.0697 0.0635
0.0649 0.0716 0.0732 0.0740 0.0749 0.0757 0.0766 0.0775 0.0784 0.0794 0.0803 0.0813 0.0823 0.0833 0.0844 0.0855 0.0866 0.0877 0.0888 0.0900 0.0912 0.0924 0.0936 0.0949 0.0962 0.0975 0.0988 0.1002 0.1017 0.1033 0.1049 0.1066 0.1084 0.1102 0.1120 0.1140 0.1160 0.1183 0.1206 0.1231 0.1258 0.1286 0.1315 0.1346 0.1378 0.1412 0.1447 0.1486 0.1526 0.1566 0.1585 0.1566 0.1526 0.1486 0.1447 0.1412 0.1378 0.1346 0.1315 0.1286 0.1258 0.1231 0.1206 0.1183 0.1160 0.1140 0.1120 0.1102 0.1084 0.1066 0.1049 0.1033 0.1017 0.1002 0.0988 0.0975 0.0962 0.0949 0.0936 0.0924 0.0912 0.0900 0.0888 0.0877 0.0866 0.0855 0.0844 0.0833 0.0823 0.0813 0.0803 0.0794 0.0784 0.0775 0.0766 0.0757 0.0749 0.0740 0.0732 0.0716 0.0649
0.0665 0.0735 0.0753 0.0761 0.0770 0.0779 0.0788 0.0798 0.0808 0.0818 0.0828 0.0838 0.0849 0.0859 0.0870 0.0882 0.0893 0.0905 0.0917 0.0929 0.0942 0.0954 0.0967 0.0980 0.0994 0.1008 0.1022 0.1036 0.1052 0.1068 0.1085 0.1102 0.1120 0.1139 0.1158 0.1178 0.1199 0.1221 0.1245 0.1270 0.1297 0.1325 0.1355 0.1385 0.1418 0.1452 0.1488 0.1526 0.1567 0.1606 0.1625 0.1606 0.1567 0.1526 0.1488 0.1452 0.1418 0.1385 0.1355 0.1325 0.1297 0.1270 0.1245 0.1221 0.1199 0.1178 0.1158 0.1139 0.1120 0.1102 0.1085 0.1068 0.1052 0.1036 0.1022 0.1008 0.0994 0.0980 0.0967 0.0954 0.0942 0.0929 0.0917 0.0905 0.0893 0.0882 0.0870 0.0859 0.0849 0.0838 0.0828 0.0818 0.0808 0.0798 0.0788 0.0779 0.0770 0.0761 0.0753 0.0735 0.0665
0.0680 0.0754 0.0773 0.0782 0.0791 0.0801 0.0811 0.0821 0.0831 0.0841 0.0852 0.0863 0.0874 0.0885 0.0897 0.0908 0.0921 0.0933 0.0945 0.0958 0.0971 0.0984 0.0998 0.1012 0.1026 0.1040 0.1055 0.1070 0.1086 0.1102 0.1120 0.1138 0.1157 0.1176 0.1195 0.1216 0.1237 0.1260 0.1284 0.1309 0.1336 0.1364 0.1394 0.1425 0.1458 0.1492 0.1528 0.1566 0.1606 0.1646 0.1665 0.1646 0.1606 0.1566 0.1528 0.1492 0.1458 0.1425 0.1394 0.1364 0.1336 0.1309 0.1284 0.1260 0.1237 0.1216 0.1195 0.1176 0.1157 0.1138 0.1120 0.1102 0.1086 0.1070 0.1055 0.1040 0.1026 0.1012 0.0998 0.0984 0.0971 0.0958 0.0945 0.0933 0.0921 0.0908 0.0897 0.0885 0.0874 0.0863 0.0852 0.0841 0.0831 0.0821 0.0811 0.0801 0.0791 0.0782 0.0773 0.0754 0.0680
0.0686 0.0763 0.0783 0.0792 0.0801 0.0811 0.0821 0.0831 0.0842 0.0852 0.0863 0.0874 0.0886 0.0897 0.0909 0.0921 0.0933 0.0946 0.0959 0.0972 0.0985 0.0999 0.1013 0.1027 0.1041 0.1056 0.1071 0.1086 0.1102 0.1118 0.1136 0.1155 0.1174 0.1193 0.1213 0.1233 0.1255 0.1278 0.1302 0.1327 0.1354 0.1383 0.1413 0.1444 0.1476 0.1511 0.1547 0.1585 0.1625 0.1665 0.1683 0.1665 0.1625 0.1585 0.1547 0.1511 0.1476 0.1444 0.1413 0.1383 0.1354 0.1327 0.1302 0.1278 0.1255 0.1233 0.1213 0.1193 0.1174 0.1155 0.1136 0.1118 0.1102 0.1086 0.1071 0.1056 0.1041 0.1027 0.1013 0.0999 0.0985 0.0972 0.0959 0.0946 0.0933 0.0921 0.0909 0.0897 0.0886 0.0874 0.0863 0.0852 0.0842 0.0831 0.0821 0.0811 0.0801 0.0792 0.0783 0.0763 0.0686
0.0680 0.0754 0.0773 0.0782 0.0791 0.0801 0.0811 0.0821 0.0831 0.0841 0.0852 0.0863 0.0874 0.0885 0.0897 0.0908 0.0921 0.0933 0.0945 0.0958 0.0971 0.0984 0.0998 0.1012 0.1026 0.1040 0.1055 0.1070 0.1086 0.1102 0.1120 0.1138 0.1157 0.1176 0.1195 0.1216 0.1237 0.1260 0.1284 0.1309 0.1336 0.1364 0.1394 0.1425 0.1458 0.1492 0.1528 0.1566 0.1606 0.1646 0.1665 0.1646 0.1606 0.1566 0.1528 0.1492 0.1458 0.1425 0.1394 0.1364 0.1336 0.1309 0.1284 0.1260 0.1237 0.1216 0.1195 0.1176 0.1157 0.1138 0.1120 0.1102 0.1086 0.1070 0.1055 0.1040 0.1026 0.1012 0.0998 0.0984 0.0971 0.0958 0.0945 0.0933 0.0921 0.0908 0.0897 0.0885 0.0874 0.0863 0.0852 0.0841 0.0831 0.0821 0.0811 0.0801 0.0791 0.0782 0.0773 0.0754 0.0680
0.0665 0.0735 0.0753 0.0761 0.0770 0.0779 0.0788 0.0798 0.0808 0.0818 0.0828 0.0838 0.0849 0.0859 0.0870 0.0882 0.0893 0.0905 0.0917 0.0929 0.0942 0.0954 0.0967 0.0980 0.0994 0.1008 0.1022 0.1036 0.1052 0.1068 0.1085 0.1102 0.1120 0.1139 0.1158 0.1178 0.1199 0.1221 0.1245 0.1270 0.1297 0.1325 0.1355 0.1385 0.1418 0.1452 0.1488 0.1526 0.1567 0.1606 0.1625 0.1606 0.1567 0.1526 0.1488 0.1452 0.1418 0.1385 0.1355 0.1325 0.1297 0.1270 0.1245 0.1221 0.1199 0.1178 0.1158 0.1139 0.1120 0.1102 0.1085 0.1068 0.1052 0.1036 0.1022 0.1008 0.0994 0.0980 0.0967 0.0954 0.0942 0.0929 0.0917 0.0905 0.0893 0.0882 0.0870 0.0859 0.0849 0.0838 0.0828 0.0818 0.0808 0.0798 0.0788 0.0779 0.0770 0.0761 0.0753 0.0735 0.0665
0.0649 0.0716 0.0732 0.0740 0.0749 0.0757 0.0766 0.0775 0.0784 0.0794 0.0803 0.0813 0.0823 0.0833 0.0844 0.0855 0.0866 0.0877 0.0888 0.0900 0.0912 0.0924 0.0936 0.0949 0.0962 0.0975 0.0988 0.1002 0.1017 0.1033 0.1049 0.1066 0.1084 0.1102 0.1120 0.1140 0.1160 0.1183 0.1206 0.1231 0.1258 0.1286 0.1315 0.1346 0.1378 0.1412 0.1447 0.1486 0.1526 0.1566 0.1585 0.1566 0.1526 0.1486 0.1447 0.1412 0.1378 0.1346 0.1315 0.1286 0.1258 0.1231 0.1206 0.1183 0.1160 0.1140 0.1120 0.1102 0.1084 0.1066 0.1049 0.1033 0.1017 0.1002 0.0988 0.0975 0.0962 0.0949 0.0936 0.0924 0.0912 0.0900 0.0888 0.0877 0.0866 0.0855 0.0844 0.0833 0.0823 0.0813 0.0803 0.0794 0.0784 0.0775 0.0766 0.0757 0.0749 0.0740 0.0732 0.0716 0.0649
0.0635 0.0697 0.0713 0.0721 0.0729 0.0737 0.0745 0.0754 0.0762 0.0771 0.0781 0.0790 0.0799 0.0809 0.0819 0.0829 0.0840 0.0850 0.0861 0.0872 0.0883 0.0895 0.0907 0.0919 0.0931 0.0944 0.0957 0.0971 0.0985 0.1000 0.1016 0.1032 0.1049 0.1066 0.1085 0.1104 0.1125 0.1147 0.1170 0.1195 0.1221 0.1249 0.1277 0.1308 0.1340 0.1374 0.1410 0.1447 0.1488 0.1528 0.1547 0.1528 0.1488 0.1447 0.1410 0.1374 0.1340 0.1308 0.1277 0.1249 0.1221 0.1195 0.1170 0.1147 0.1125 0.1104 0.1085 0.1066 0.1049 0.1032 0.1016 0.1000 0.0985 0.0971 0.0957 0.0944 0.0931 0.0919 0.0907 0.0895 0.0883 0.0872 0.0861 0.0850 0.0840 0.0829 0.0819 0.0809 0.0799 0.0790 0.0781 0.0771 0.0762 0.0754 0.0745 0.0737 0.0729 0.0721 0.0713 0.0697 0.0635
0.0622 0.0680 0.0695 0.0702 0.0710 0.0718 0.0725 0.0734 0.0742 0.0750 0.0759 0.0768 0.0777 0.0786 0.0795 0.0805 0.0815 0.0825 0.0835 0.0846 0.0857 0.0868 0.0879 0.0890 0.0902 0.0914 0.0927 0.0940 0.0955 0.0969 0.0984 0.1000 0.1016 0.1033 0.1051 0.1070 0.1091 0.1113 0.1136 0.1161 0.1187 0.1214 0.1243 0.1273 0.1305 0.1339 0.1374 0.1412 0.1452 0.1492 0.1511 0.1492 0.1452 0.1412 0.1374 0.1339 0.1305 0.1273 0.1243 0.1214 0.1187 0.1161 0.1136 0.1113 0.1091 0.1070 0.1051 0.1033 0.1016 0.1000 0.0984 0.0969 0.0955 0.0940 0.0927 0.0914 0.0902 0.0890 0.0879 0.0868 0.0857 0.0846 0.0835 0.0825 0.0815 0.0805 0.0795 0.0786 0.0777 0.0768 0.0759 0.0750 0.0742 0.0734 0.0725 0.0718 0.0710 0.0702 0.0695 0.0680 0.0622
