-0.0330 -0.0108 -0.0072 -0.0053 -0.0037 -0.0024 -0.0014 -0.0005 0.0004 0.0012 0.0022 0.0031 0.0041 0.0051 0.0062 0.0073 0.0085 0.0097 0.0110 0.0123 0.0136 0.0151 0.0165 0.0181 0.0197 0.0213 0.0231 0.0249 0.0268 0.0287 0.0307 0.0329 0.0351 0.0373 0.0397 0.0422 0.0448 0.0474 0.0502 0.0536 0.0735 0.0321 -0.1621 -0.2099 -0.2186 -0.2263 -0.2330 -0.2392 -0.2450 -0.2501 -0.2519 -0.2501 -0.2450 -0.2392 -0.2330 -0.2263 -0.2186 -0.2099 -0.1621 0.0321 0.0735 0.0536 0.0502 0.0474 0.0448 0.0422 0.0397 0.0373 0.0351 0.0329 0.0307 0.0287 0.0268 0.0249 0.0231 0.0213 0.0197 0.0181 0.0165 0.0151 0.0136 0.0123 0.0110 0.0097 0.0085 0.0073 0.0062 0.0051 0.0041 0.0031 0.0022 0.0012 0.0004 -0.0005 -0.0014 -0.0024 -0.0037 -0.0053 -0.0072 -0.0108 -0.0330
-0.0108 -0.0034 -0.0023 -0.0014 -0.0007 -0.0000 0.0006 0.0012 0.0018 0.0025 0.0032 0.0039 0.0046 0.0054 0.0062 0.0070 0.0079 0.0087 0.0097 0.0106 0.0116 0.0126 0.0136 0.0147 0.0158 0.0170 0.0182 0.0195 0.0208 0.0221 0.0235 0.0249 0.0264 0.0280 0.0296 0.0312 0.0330 0.0347 0.0366 0.0390 0.0570 -0.0452 -0.2331 -0.2392 -0.2449 -0.2502 -0.2553 -0.2600 -0.2646 -0.2688 -0.2706 -0.2688 -0.2646 -0.2600 -0.2553 -0.2502 -0.2449 -0.2392 -0.2331 -0.0452 0.0570 0.0390 0.0366 0.0347 0.0330 0.0312 0.0296 0.0280 0.0264 0.0249 0.0235 0.0221 0.0208 0.0195 0.0182 0.0170 0.0158 0.0147 0.0136 0.0126 0.0116 0.0106 0.0097 0.0087 0.0079 0.0070 0.0062 0.0054 0.0046 0.0039 0.0032 0.0025 0.0018 0.0012 0.0006 -0.0000 -0.0007 -0.0014 -0.0023 -0.0034 -0.0108
-0.0072 -0.0023 -0.0015 -0.0009 -0.0003 0.0003 0.0008 0.0015 0.0021 0.0028 0.0035 0.0042 0.0049 0.0057 0.0065 0.0073 0.0082 0.0091 0.0100 0.0110 0.0120 0.0130 0.0141 0.0152 0.0163 0.0175 0.0187 0.0200 0.0213 0.0226 0.0241 0.0255 0.0270 0.0286 0.0302 0.0319 0.0336 0.0355 0.0374 0.0426 0.0504 -0.1441 -0.2384 -0.2442 -0.2496 -0.2546 -0.2594 -0.2640 -0.2684 -0.2724 -0.2742 -0.2724 -0.2684 -0.2640 -0.2594 -0.2546 -0.2496 -0.2442 -0.2384 -0.1441 0.0504 0.0426 0.0374 0.0355 0.0336 0.0319 0.0302 0.0286 0.0270 0.0255 0.0241 0.0226 0.0213 0.0200 0.0187 0.0175 0.0163 0.0152 0.0141 0.0130 0.0120 0.0110 0.0100 0.0091 0.0082 0.0073 0.0065 0.0057 0.0049 0.0042 0.0035 0.0028 0.0021 0.0015 0.0008 0.0003 -0.0003 -0.0009 -0.0015 -0.0023 -0.0072
-0.0053 -0.0014 -0.0009 -0.0004 0.0001 0.0006 0.0012 0.0018 0.0024 0.0031 0.0038 0.0045 0.0052 0.0060 0.0069 0.0077 0.0086 0.0095 0.0104 0.0114 0.0124 0.0134 0.0145 0.0156 0.0168 0.0180 0.0192 0.0205 0.0218 0.0232 0.0247 0.0261 0.0277 0.0293 0.0309 0.0326 0.0344 0.0362 0.0383 0.0567 -0.0075 -0.2348 -0.2408 -0.2464 -0.2516 -0.2566 -0.2613 -0.2658 -0.2701 -0.2741 -0.2759 -0.2741 -0.2701 -0.2658 -0.2613 -0.2566 -0.2516 -0.2464 -0.2408 -0.2348 -0.0075 0.0567 0.0383 0.0362 0.0344 0.0326 0.0309 0.0293 0.0277 0.0261 0.0247 0.0232 0.0218 0.0205 0.0192 0.0180 0.0168 0.0156 0.0145 0.0134 0.0124 0.0114 0.0104 0.0095 0.0086 0.0077 0.0069 0.0060 0.0052 0.0045 0.0038 0.0031 0.0024 0.0018 0.0012 0.0006 0.0001 -0.0004 -0.0009 -0.0014 -0.0053
-0.0037 -0.0007 -0.0003 0.0001 0.0005 0.0010 0.0016 0.0021 0.0028 0.0034 0.0041 0.0048 0.0056 0.0064 0.0072 0.0081 0.0089 0.0099 0.0108 0.0118 0.0128 0.0139 0.0150 0.0161 0.0173 0.0185 0.0197 0.0211 0.0224 0.0238 0.0253 0.0268 0.0283 0.0299 0.0316 0.0333 0.0351 0.0370 0.0405 0.0571 -0.1079 -0.2374 -0.2432 -0.2486 -0.2537 -0.2586 -0.2632 -0.2676 -0.2719 -0.2758 -0.2775 -0.2758 -0.2719 -0.2676 -0.2632 -0.2586 -0.2537 -0.2486 -0.2432 -0.2374 -0.1079 0.0571 0.0405 0.0370 0.0351 0.0333 0.0316 0.0299 0.0283 0.0268 0.0253 0.0238 0.0224 0.0211 0.0197 0.0185 0.0173 0.0161 0.0150 0.0139 0.0128 0.0118 0.0108 0.0099 0.0089 0.0081 0.0072 0.0064 0.0056 0.0048 0.0041 0.0034 0.0028 0.0021 0.0016 0.0010 0.0005 0.0001 -0.0003 -0.0007 -0.0037
-0.0024 -0.0000 0.0003 0.0006 0.0010 0.0015 0.0020 0.0025 0.0031 0.0038 0.0045 0.0052 0.0059 0.0067 0.0076 0.0084 0.0093 0.0102 0.0112 0.0122 0.0132 0.0143 0.0154 0.0166 0.0178 0.0190 0.0203 0.0216 0.0230 0.0244 0.0259 0.0274 0.0290 0.0306 0.0323 0.0341 0.0359 0.0379 0.0504 0.0213 -0.2058 -0.2398 -0.2455 -0.2508 -0.2558 -0.2605 -0.2650 -0.2694 -0.2736 -0.2775 -0.2792 -0.2775 -0.2736 -0.2694 -0.2650 -0.2605 -0.2558 -0.2508 -0.2455 -0.2398 -0.2058 0.0213 0.0504 0.0379 0.0359 0.0341 0.0323 0.0306 0.0290 0.0274 0.0259 0.0244 0.0230 0.0216 0.0203 0.0190 0.0178 0.0166 0.0154 0.0143 0.0132 0.0122 0.0112 0.0102 0.0093 0.0084 0.0076 0.0067 0.0059 0.0052 0.0045 0.0038 0.0031 0.0025 0.0020 0.0015 0.0010 0.0006 0.0003 -0.0000 -0.0024
-0.0014 0.0006 0.0008 0.0012 0.0016 0.0020 0.0025 0.0030 0.0036 0.0042 0.0049 0.0056 0.0063 0.0071 0.0079 0.0088 0.0097 0.0106 0.0116 0.0126 0.0137 0.0148 0.0159 0.0171 0.0183 0.0195 0.0208 0.0222 0.0236 0.0250 0.0265 0.0281 0.0297 0.0313 0.0330 0.0348 0.0367 0.0393 0.0571 -0.0646 -0.2363 -0.2422 -0.2477 -0.2529 -0.2578 -0.2624 -0.2668 -0.2711 -0.2753 -0.2791 -0.2808 -0.2791 -0.2753 -0.2711 -0.2668 -0.2624 -0.2578 -0.2529 -0.2477 -0.2422 -0.2363 -0.0646 0.0571 0.0393 0.0367 0.0348 0.0330 0.0313 0.0297 0.0281 0.0265 0.0250 0.0236 0.0222 0.0208 0.0195 0.0183 0.0171 0.0159 0.0148 0.0137 0.0126 0.0116 0.0106 0.0097 0.0088 0.0079 0.0071 0.0063 0.0056 0.0049 0.0042 0.0036 0.0030 0.0025 0.0020 0.0016 0.0012 0.0008 0.0006 -0.0014
-0.0005 0.0012 0.0015 0.0018 0.0021 0.0025 0.0030 0.0035 0.0041 0.0047 0.0053 0.0060 0.0067 0.0075 0.0084 0.0092 0.0101 0.0111 0.0120 0.0131 0.0141 0.0152 0.0164 0.0176 0.0188 0.0201 0.0214 0.0227 0.0242 0.0256 0.0271 0.0287 0.0303 0.0320 0.0338 0.0356 0.0375 0.0442 0.0429 -0.1616 -0.2388 -0.2446 -0.2499 -0.2549 -0.2597 -0.2643 -0.2686 -0.2728 -0.2770 -0.2807 -0.2824 -0.2807 -0.2770 -0.2728 -0.2686 -0.2643 -0.2597 -0.2549 -0.2499 -0.2446 -0.2388 -0.1616 0.0429 0.0442 0.0375 0.0356 0.0338 0.0320 0.0303 0.0287 0.0271 0.0256 0.0242 0.0227 0.0214 0.0201 0.0188 0.0176 0.0164 0.0152 0.0141 0.0131 0.0120 0.0111 0.0101 0.0092 0.0084 0.0075 0.0067 0.0060 0.0053 0.0047 0.0041 0.0035 0.0030 0.0025 0.0021 0.0018 0.0015 0.0012 -0.0005
0.0004 0.0018 0.0021 0.0024 0.0028 0.0031 0.0036 0.0041 0.0046 0.0052 0.0058 0.0065 0.0072 0.0080 0.0088 0.0097 0.0106 0.0115 0.0125 0.0135 0.0146 0.0157 0.0169 0.0181 0.0193 0.0206 0.0219 0.0233 0.0248 0.0262 0.0278 0.0294 0.0310 0.0327 0.0345 0.0364 0.0386 0.0568 -0.0229 -0.2353 -0.2413 -0.2468 -0.2520 -0.2569 -0.2616 -0.2661 -0.2704 -0.2745 -0.2786 -0.2823 -0.2840 -0.2823 -0.2786 -0.2745 -0.2704 -0.2661 -0.2616 -0.2569 -0.2520 -0.2468 -0.2413 -0.2353 -0.0229 0.0568 0.0386 0.0364 0.0345 0.0327 0.0310 0.0294 0.0278 0.0262 0.0248 0.0233 0.0219 0.0206 0.0193 0.0181 0.0169 0.0157 0.0146 0.0135 0.0125 0.0115 0.0106 0.0097 0.0088 0.0080 0.0072 0.0065 0.0058 0.0052 0.0046 0.0041 0.0036 0.0031 0.0028 0.0024 0.0021 0.0018 0.0004
0.0012 0.0025 0.0028 0.0031 0.0034 0.0038 0.0042 0.0047 0.0052 0.0057 0.0063 0.0070 0.0077 0.0085 0.0093 0.0101 0.0110 0.0120 0.0130 0.0140 0.0151 0.0162 0.0174 0.0186 0.0198 0.0212 0.0225 0.0239 0.0254 0.0269 0.0284 0.0301 0.0317 0.0335 0.0353 0.0372 0.0412 0.0570 -0.1235 -0.2378 -0.2436 -0.2490 -0.2541 -0.2589 -0.2635 -0.2679 -0.2721 -0.2762 -0.2802 -0.2839 -0.2855 -0.2839 -0.2802 -0.2762 -0.2721 -0.2679 -0.2635 -0.2589 -0.2541 -0.2490 -0.2436 -0.2378 -0.1235 0.0570 0.0412 0.0372 0.0353 0.0335 0.0317 0.0301 0.0284 0.0269 0.0254 0.0239 0.0225 0.0212 0.0198 0.0186 0.0174 0.0162 0.0151 0.0140 0.0130 0.0120 0.0110 0.0101 0.0093 0.0085 0.0077 0.0070 0.0063 0.0057 0.0052 0.0047 0.0042 0.0038 0.0034 0.0031 0.0028 0.0025 0.0012
0.0022 0.0032 0.0035 0.0038 0.0041 0.0045 0.0049 0.0053 0.0058 0.0063 0.0069 0.0076 0.0083 0.0090 0.0098 0.0107 0.0115 0.0125 0.0135 0.0145 0.0156 0.0167 0.0179 0.0191 0.0204 0.0217 0.0231 0.0245 0.0260 0.0275 0.0291 0.0308 0.0325 0.0342 0.0360 0.0381 0.0550 0.0095 -0.2283 -0.2403 -0.2459 -0.2512 -0.2561 -0.2608 -0.2654 -0.2697 -0.2739 -0.2779 -0.2818 -0.2854 -0.2871 -0.2854 -0.2818 -0.2779 -0.2739 -0.2697 -0.2654 -0.2608 -0.2561 -0.2512 -0.2459 -0.2403 -0.2283 0.0095 0.0550 0.0381 0.0360 0.0342 0.0325 0.0308 0.0291 0.0275 0.0260 0.0245 0.0231 0.0217 0.0204 0.0191 0.0179 0.0167 0.0156 0.0145 0.0135 0.0125 0.0115 0.0107 0.0098 0.0090 0.0083 0.0076 0.0069 0.0063 0.0058 0.0053 0.0049 0.0045 0.0041 0.0038 0.0035 0.0032 0.0022
0.0031 0.0039 0.0042 0.0045 0.0048 0.0052 0.0056 0.0060 0.0065 0.0070 0.0076 0.0082 0.0089 0.0096 0.0104 0.0112 0.0121 0.0130 0.0140 0.0150 0.0161 0.0172 0.0184 0.0196 0.0209 0.0223 0.0237 0.0251 0.0266 0.0282 0.0298 0.0315 0.0332 0.0350 0.0368 0.0397 0.0571 -0.0869 -0.2368 -0.2427 -0.2481 -0.2533 -0.2581 -0.2627 -0.2672 -0.2714 -0.2755 -0.2795 -0.2834 -0.2870 -0.2886 -0.2870 -0.2834 -0.2795 -0.2755 -0.2714 -0.2672 -0.2627 -0.2581 -0.2533 -0.2481 -0.2427 -0.2368 -0.0869 0.0571 0.0397 0.0368 0.0350 0.0332 0.0315 0.0298 0.0282 0.0266 0.0251 0.0237 0.0223 0.0209 0.0196 0.0184 0.0172 0.0161 0.0150 0.0140 0.0130 0.0121 0.0112 0.0104 0.0096 0.0089 0.0082 0.0076 0.0070 0.0065 0.0060 0.0056 0.0052 0.0048 0.0045 0.0042 0.0039 0.0031
0.0041 0.0046 0.0049 0.0052 0.0056 0.0059 0.0063 0.0067 0.0072 0.0077 0.0083 0.0089 0.0095 0.0102 0.0110 0.0118 0.0127 0.0136 0.0146 0.0156 0.0167 0.0178 0.0190 0.0202 0.0215 0.0229 0.0243 0.0257 0.0273 0.0288 0.0305 0.0322 0.0339 0.0357 0.0377 0.0464 0.0341 -0.1803 -0.2393 -0.2450 -0.2503 -0.2553 -0.2601 -0.2646 -0.2690 -0.2732 -0.2772 -0.2811 -0.2850 -0.2885 -0.2901 -0.2885 -0.2850 -0.2811 -0.2772 -0.2732 -0.2690 -0.2646 -0.2601 -0.2553 -0.2503 -0.2450 -0.2393 -0.1803 0.0341 0.0464 0.0377 0.0357 0.0339 0.0322 0.0305 0.0288 0.0273 0.0257 0.0243 0.0229 0.0215 0.0202 0.0190 0.0178 0.0167 0.0156 0.0146 0.0136 0.0127 0.0118 0.0110 0.0102 0.0095 0.0089 0.0083 0.0077 0.0072 0.0067 0.0063 0.0059 0.0056 0.0052 0.0049 0.0046 0.0041
0.0051 0.0054 0.0057 0.0060 0.0064 0.0067 0.0071 0.0075 0.0080 0.0085 0.0090 0.0096 0.0102 0.0109 0.0117 0.0125 0.0133 0.0142 0.0152 0.0162 0.0173 0.0184 0.0196 0.0208 0.0221 0.0235 0.0249 0.0264 0.0279 0.0295 0.0312 0.0329 0.0347 0.0365 0.0389 0.0569 -0.0402 -0.2357 -0.2417 -0.2472 -0.2524 -0.2573 -0.2620 -0.2664 -0.2707 -0.2749 -0.2789 -0.2827 -0.2865 -0.2900 -0.2916 -0.2900 -0.2865 -0.2827 -0.2789 -0.2749 -0.2707 -0.2664 -0.2620 -0.2573 -0.2524 -0.2472 -0.2417 -0.2357 -0.0402 0.0569 0.0389 0.0365 0.0347 0.0329 0.0312 0.0295 0.0279 0.0264 0.0249 0.0235 0.0221 0.0208 0.0196 0.0184 0.0173 0.0162 0.0152 0.0142 0.0133 0.0125 0.0117 0.0109 0.0102 0.0096 0.0090 0.0085 0.0080 0.0075 0.0071 0.0067 0.0064 0.0060 0.0057 0.0054 0.0051
0.0062 0.0062 0.0065 0.0069 0.0072 0.0076 0.0079 0.0084 0.0088 0.0093 0.0098 0.0104 0.0110 0.0117 0.0124 0.0132 0.0140 0.0149 0.0159 0.0169 0.0179 0.0191 0.0202 0.0215 0.0228 0.0241 0.0256 0.0270 0.0286 0.0302 0.0319 0.0336 0.0354 0.0373 0.0423 0.0522 -0.1398 -0.2383 -0.2440 -0.2494 -0.2545 -0.2593 -0.2638 -0.2682 -0.2725 -0.2765 -0.2805 -0.2843 -0.2880 -0.2915 -0.2930 -0.2915 -0.2880 -0.2843 -0.2805 -0.2765 -0.2725 -0.2682 -0.2638 -0.2593 -0.2545 -0.2494 -0.2440 -0.2383 -0.1398 0.0522 0.0423 0.0373 0.0354 0.0336 0.0319 0.0302 0.0286 0.0270 0.0256 0.0241 0.0228 0.0215 0.0202 0.0191 0.0179 0.0169 0.0159 0.0149 0.0140 0.0132 0.0124 0.0117 0.0110 0.0104 0.0098 0.0093 0.0088 0.0084 0.0079 0.0076 0.0072 0.0069 0.0065 0.0062 0.0062
0.0073 0.0070 0.0073 0.0077 0.0081 0.0084 0.0088 0.0092 0.0097 0.0101 0.0107 0.0112 0.0118 0.0125 0.0132 0.0139 0.0148 0.0156 0.0166 0.0176 0.0186 0.0197 0.0209 0.0222 0.0235 0.0248 0.0263 0.0277 0.0293 0.0309 0.0326 0.0344 0.0362 0.0383 0.0566 -0.0039 -0.2347 -0.2407 -0.2463 -0.2516 -0.2565 -0.2612 -0.2657 -0.2700 -0.2742 -0.2782 -0.2821 -0.2859 -0.2896 -0.2930 -0.2945 -0.2930 -0.2896 -0.2859 -0.2821 -0.2782 -0.2742 -0.2700 -0.2657 -0.2612 -0.2565 -0.2516 -0.2463 -0.2407 -0.2347 -0.0039 0.0566 0.0383 0.0362 0.0344 0.0326 0.0309 0.0293 0.0277 0.0263 0.0248 0.0235 0.0222 0.0209 0.0197 0.0186 0.0176 0.0166 0.0156 0.0148 0.0139 0.0132 0.0125 0.0118 0.0112 0.0107 0.0101 0.0097 0.0092 0.0088 0.0084 0.0081 0.0077 0.0073 0.0070 0.0073
0.0085 0.0079 0.0082 0.0086 0.0089 0.0093 0.0097 0.0101 0.0106 0.0110 0.0115 0.0121 0.0127 0.0133 0.0140 0.0148 0.0156 0.0164 0.0174 0.0183 0.0194 0.0205 0.0217 0.0229 0.0242 0.0256 0.0270 0.0285 0.0300 0.0317 0.0334 0.0351 0.0370 0.0403 0.0571 -0.1041 -0.2372 -0.2431 -0.2485 -0.2536 -0.2585 -0.2631 -0.2675 -0.2717 -0.2758 -0.2798 -0.2837 -0.2874 -0.2910 -0.2944 -0.2959 -0.2944 -0.2910 -0.2874 -0.2837 -0.2798 -0.2758 -0.2717 -0.2675 -0.2631 -0.2585 -0.2536 -0.2485 -0.2431 -0.2372 -0.1041 0.0571 0.0403 0.0370 0.0351 0.0334 0.0317 0.0300 0.0285 0.0270 0.0256 0.0242 0.0229 0.0217 0.0205 0.0194 0.0183 0.0174 0.0164 0.0156 0.0148 0.0140 0.0133 0.0127 0.0121 0.0115 0.0110 0.0106 0.0101 0.0097 0.0093 0.0089 0.0086 0.0082 0.0079 0.0085
0.0097 0.0087 0.0091 0.0095 0.0099 0.0102 0.0106 0.0111 0.0115 0.0120 0.0125 0.0130 0.0136 0.0142 0.0149 0.0156 0.0164 0.0173 0.0182 0.0192 0.0202 0.0213 0.0225 0.0237 0.0250 0.0263 0.0278 0.0293 0.0308 0.0325 0.0342 0.0359 0.0379 0.0495 0.0240 -0.2005 -0.2397 -0.2454 -0.2507 -0.2557 -0.2604 -0.2649 -0.2693 -0.2735 -0.2775 -0.2814 -0.2852 -0.2889 -0.2925 -0.2958 -0.2973 -0.2958 -0.2925 -0.2889 -0.2852 -0.2814 -0.2775 -0.2735 -0.2693 -0.2649 -0.2604 -0.2557 -0.2507 -0.2454 -0.2397 -0.2005 0.0240 0.0495 0.0379 0.0359 0.0342 0.0325 0.0308 0.0293 0.0278 0.0263 0.0250 0.0237 0.0225 0.0213 0.0202 0.0192 0.0182 0.0173 0.0164 0.0156 0.0149 0.0142 0.0136 0.0130 0.0125 0.0120 0.0115 0.0111 0.0106 0.0102 0.0099 0.0095 0.0091 0.0087 0.0097
0.0110 0.0097 0.0100 0.0104 0.0108 0.0112 0.0116 0.0120 0.0125 0.0130 0.0135 0.0140 0.0146 0.0152 0.0159 0.0166 0.0174 0.0182 0.0191 0.0200 0.0211 0.0222 0.0233 0.0245 0.0258 0.0272 0.0286 0.0301 0.0316 0.0333 0.0350 0.0368 0.0394 0.0582 -0.0625 -0.2363 -0.2421 -0.2476 -0.2528 -0.2577 -0.2623 -0.2668 -0.2710 -0.2752 -0.2792 -0.2830 -0.2868 -0.2904 -0.2940 -0.2973 -0.2987 -0.2973 -0.2940 -0.2904 -0.2868 -0.2830 -0.2792 -0.2752 -0.2710 -0.2668 -0.2623 -0.2577 -0.2528 -0.2476 -0.2421 -0.2363 -0.0625 0.0582 0.0394 0.0368 0.0350 0.0333 0.0316 0.0301 0.0286 0.0272 0.0258 0.0245 0.0233 0.0222 0.0211 0.0200 0.0191 0.0182 0.0174 0.0166 0.0159 0.0152 0.0146 0.0140 0.0135 0.0130 0.0125 0.0120 0.0116 0.0112 0.0108 0.0104 0.0100 0.0097 0.0110
0.0123 0.0106 0.0110 0.0114 0.0118 0.0122 0.0126 0.0131 0.0135 0.0140 0.0145 0.0150 0.0156 0.0162 0.0169 0.0176 0.0183 0.0192 0.0200 0.0210 0.0220 0.0231 0.0242 0.0254 0.0267 0.0280 0.0294 0.0309 0.0325 0.0342 0.0359 0.0378 0.0455 0.0379 -0.1707 -0.2389 -0.2445 -0.2498 -0.2548 -0.2596 -0.2642 -0.2686 -0.2728 -0.2768 -0.2808 -0.2846 -0.2883 -0.2919 -0.2954 -0.2986 -0.3001 -0.2986 -0.2954 -0.2919 -0.2883 -0.2846 -0.2808 -0.2768 -0.2728 -0.2686 -0.2642 -0.2596 -0.2548 -0.2498 -0.2445 -0.2389 -0.1707 0.0379 0.0455 0.0378 0.0359 0.0342 0.0325 0.0309 0.0294 0.0280 0.0267 0.0254 0.0242 0.0231 0.0220 0.0210 0.0200 0.0192 0.0183 0.0176 0.0169 0.0162 0.0156 0.0150 0.0145 0.0140 0.0135 0.0131 0.0126 0.0122 0.0118 0.0114 0.0110 0.0106 0.0123
0.0136 0.0116 0.0120 0.0124 0.0128 0.0132 0.0137 0.0141 0.0146 0.0151 0.0156 0.0161 0.0167 0.0173 0.0179 0.0186 0.0194 0.0202 0.0211 0.0220 0.0230 0.0241 0.0252 0.0264 0.0277 0.0290 0.0304 0.0319 0.0334 0.0351 0.0368 0.0392 0.0589 -0.0444 -0.2357 -0.2415 -0.2469 -0.2520 -0.2569 -0.2615 -0.2660 -0.2703 -0.2745 -0.2785 -0.2824 -0.2861 -0.2898 -0.2933 -0.2968 -0.3000 -0.3014 -0.3000 -0.2968 -0.2933 -0.2898 -0.2861 -0.2824 -0.2785 -0.2745 -0.2703 -0.2660 -0.2615 -0.2569 -0.2520 -0.2469 -0.2415 -0.2357 -0.0444 0.0589 0.0392 0.0368 0.0351 0.0334 0.0319 0.0304 0.0290 0.0277 0.0264 0.0252 0.0241 0.0230 0.0220 0.0211 0.0202 0.0194 0.0186 0.0179 0.0173 0.0167 0.0161 0.0156 0.0151 0.0146 0.0141 0.0137 0.0132 0.0128 0.0124 0.0120 0.0116 0.0136
0.0151 0.0126 0.0130 0.0134 0.0139 0.0143 0.0148 0.0152 0.0157 0.0162 0.0167 0.0172 0.0178 0.0184 0.0191 0.0197 0.0205 0.0213 0.0222 0.0231 0.0241 0.0251 0.0262 0.0274 0.0287 0.0300 0.0314 0.0328 0.0344 0.0361 0.0379 0.0452 0.0398 -0.1660 -0.2385 -0.2441 -0.2493 -0.2542 -0.2589 -0.2635 -0.2678 -0.2721 -0.2762 -0.2801 -0.2839 -0.2877 -0.2913 -0.2948 -0.2982 -0.3014 -0.3028 -0.3014 -0.2982 -0.2948 -0.2913 -0.2877 -0.2839 -0.2801 -0.2762 -0.2721 -0.2678 -0.2635 -0.2589 -0.2542 -0.2493 -0.2441 -0.2385 -0.1660 0.0398 0.0452 0.0379 0.0361 0.0344 0.0328 0.0314 0.0300 0.0287 0.0274 0.0262 0.0251 0.0241 0.0231 0.0222 0.0213 0.0205 0.0197 0.0191 0.0184 0.0178 0.0172 0.0167 0.0162 0.0157 0.0152 0.0148 0.0143 0.0139 0.0134 0.0130 0.0126 0.0151
0.0165 0.0136 0.0141 0.0145 0.0150 0.0154 0.0159 0.0164 0.0169 0.0174 0.0179 0.0184 0.0190 0.0196 0.0202 0.0209 0.0217 0.0225 0.0233 0.0242 0.0252 0.0262 0.0273 0.0285 0.0297 0.0311 0.0324 0.0339 0.0355 0.0371 0.0396 0.0623 -0.0476 -0.2356 -0.2413 -0.2466 -0.2517 -0.2564 -0.2610 -0.2654 -0.2697 -0.2738 -0.2778 -0.2817 -0.2855 -0.2892 -0.2927 -0.2962 -0.2996 -0.3027 -0.3041 -0.3027 -0.2996 -0.2962 -0.2927 -0.2892 -0.2855 -0.2817 -0.2778 -0.2738 -0.2697 -0.2654 -0.2610 -0.2564 -0.2517 -0.2466 -0.2413 -0.2356 -0.0476 0.0623 0.0396 0.0371 0.0355 0.0339 0.0324 0.0311 0.0297 0.0285 0.0273 0.0262 0.0252 0.0242 0.0233 0.0225 0.0217 0.0209 0.0202 0.0196 0.0190 0.0184 0.0179 0.0174 0.0169 0.0164 0.0159 0.0154 0.0150 0.0145 0.0141 0.0136 0.0165
0.0181 0.0147 0.0152 0.0156 0.0161 0.0166 0.0171 0.0176 0.0181 0.0186 0.0191 0.0196 0.0202 0.0208 0.0215 0.0222 0.0229 0.0237 0.0245 0.0254 0.0264 0.0274 0.0285 0.0297 0.0309 0.0322 0.0336 0.0351 0.0366 0.0384 0.0508 0.0260 -0.1949 -0.2387 -0.2441 -0.2492 -0.2541 -0.2586 -0.2631 -0.2674 -0.2715 -0.2756 -0.2795 -0.2833 -0.2870 -0.2907 -0.2942 -0.2976 -0.3010 -0.3040 -0.3054 -0.3040 -0.3010 -0.2976 -0.2942 -0.2907 -0.2870 -0.2833 -0.2795 -0.2756 -0.2715 -0.2674 -0.2631 -0.2586 -0.2541 -0.2492 -0.2441 -0.2387 -0.1949 0.0260 0.0508 0.0384 0.0366 0.0351 0.0336 0.0322 0.0309 0.0297 0.0285 0.0274 0.0264 0.0254 0.0245 0.0237 0.0229 0.0222 0.0215 0.0208 0.0202 0.0196 0.0191 0.0186 0.0181 0.0176 0.0171 0.0166 0.0161 0.0156 0.0152 0.0147 0.0181
0.0197 0.0158 0.0163 0.0168 0.0173 0.0178 0.0183 0.0188 0.0193 0.0198 0.0204 0.0209 0.0215 0.0221 0.0228 0.0235 0.0242 0.0250 0.0258 0.0267 0.0277 0.0287 0.0297 0.0309 0.0321 0.0334 0.0348 0.0363 0.0379 0.0425 0.0572 -0.1013 -0.2365 -0.2419 -0.2469 -0.2518 -0.2564 -0.2609 -0.2652 -0.2694 -0.2734 -0.2773 -0.2812 -0.2849 -0.2886 -0.2921 -0.2956 -0.2990 -0.3023 -0.3054 -0.3067 -0.3054 -0.3023 -0.2990 -0.2956 -0.2921 -0.2886 -0.2849 -0.2812 -0.2773 -0.2734 -0.2694 -0.2652 -0.2609 -0.2564 -0.2518 -0.2469 -0.2419 -0.2365 -0.1013 0.0572 0.0425 0.0379 0.0363 0.0348 0.0334 0.0321 0.0309 0.0297 0.0287 0.0277 0.0267 0.0258 0.0250 0.0242 0.0235 0.0228 0.0221 0.0215 0.0209 0.0204 0.0198 0.0193 0.0188 0.0183 0.0178 0.0173 0.0168 0.0163 0.0158 0.0197
0.0213 0.0170 0.0175 0.0180 0.0185 0.0190 0.0195 0.0201 0.0206 0.0212 0.0217 0.0223 0.0229 0.0235 0.0241 0.0248 0.0256 0.0263 0.0272 0.0280 0.0290 0.0300 0.0311 0.0322 0.0334 0.0347 0.0361 0.0376 0.0405 0.0703 -0.0331 -0.2347 -0.2399 -0.2449 -0.2497 -0.2544 -0.2588 -0.2631 -0.2673 -0.2714 -0.2753 -0.2792 -0.2829 -0.2866 -0.2901 -0.2936 -0.2971 -0.3004 -0.3037 -0.3066 -0.3080 -0.3066 -0.3037 -0.3004 -0.2971 -0.2936 -0.2901 -0.2866 -0.2829 -0.2792 -0.2753 -0.2714 -0.2673 -0.2631 -0.2588 -0.2544 -0.2497 -0.2449 -0.2399 -0.2347 -0.0331 0.0703 0.0405 0.0376 0.0361 0.0347 0.0334 0.0322 0.0311 0.0300 0.0290 0.0280 0.0272 0.0263 0.0256 0.0248 0.0241 0.0235 0.0229 0.0223 0.0217 0.0212 0.0206 0.0201 0.0195 0.0190 0.0185 0.0180 0.0175 0.0170 0.0213
0.0231 0.0182 0.0187 0.0192 0.0197 0.0203 0.0208 0.0214 0.0219 0.0225 0.0231 0.0237 0.0243 0.0249 0.0256 0.0263 0.0270 0.0278 0.0286 0.0294 0.0304 0.0314 0.0324 0.0336 0.0348 0.0361 0.0375 0.0398 0.0706 -0.0000 -0.2334 -0.2385 -0.2433 -0.2480 -0.2525 -0.2569 -0.2612 -0.2653 -0.2694 -0.2733 -0.2772 -0.2810 -0.2847 -0.2883 -0.2917 -0.2952 -0.2985 -0.3018 -0.3050 -0.3079 -0.3092 -0.3079 -0.3050 -0.3018 -0.2985 -0.2952 -0.2917 -0.2883 -0.2847 -0.2810 -0.2772 -0.2733 -0.2694 -0.2653 -0.2612 -0.2569 -0.2525 -0.2480 -0.2433 -0.2385 -0.2334 -0.0000 0.0706 0.0398 0.0375 0.0361 0.0348 0.0336 0.0324 0.0314 0.0304 0.0294 0.0286 0.0278 0.0270 0.0263 0.0256 0.0249 0.0243 0.0237 0.0231 0.0225 0.0219 0.0214 0.0208 0.0203 0.0197 0.0192 0.0187 0.0182 0.0231
0.0249 0.0195 0.0200 0.0205 0.0211 0.0216 0.0222 0.0227 0.0233 0.0239 0.0245 0.0251 0.0257 0.0264 0.0270 0.0277 0.0285 0.0293 0.0301 0.0309 0.0319 0.0328 0.0339 0.0351 0.0363 0.0376 0.0398 0.0670 0.0160 -0.2156 -0.2376 -0.2422 -0.2467 -0.2511 -0.2554 -0.2595 -0.2636 -0.2676 -0.2715 -0.2753 -0.2791 -0.2828 -0.2864 -0.2899 -0.2934 -0.2967 -0.3000 -0.3032 -0.3063 -0.3092 -0.3104 -0.3092 -0.3063 -0.3032 -0.3000 -0.2967 -0.2934 -0.2899 -0.2864 -0.2828 -0.2791 -0.2753 -0.2715 -0.2676 -0.2636 -0.2595 -0.2554 -0.2511 -0.2467 -0.2422 -0.2376 -0.2156 0.0160 0.0670 0.0398 0.0376 0.0363 0.0351 0.0339 0.0328 0.0319 0.0309 0.0301 0.0293 0.0285 0.0277 0.0270 0.0264 0.0257 0.0251 0.0245 0.0239 0.0233 0.0227 0.0222 0.0216 0.0211 0.0205 0.0200 0.0195 0.0249
0.0268 0.0208 0.0213 0.0218 0.0224 0.0230 0.0236 0.0242 0.0248 0.0254 0.0260 0.0266 0.0273 0.0279 0.0286 0.0293 0.0300 0.0308 0.0316 0.0325 0.0334 0.0344 0.0355 0.0366 0.0379 0.0405 0.0706 0.0160 -0.1991 -0.2371 -0.2416 -0.2459 -0.2500 -0.2542 -0.2582 -0.2622 -0.2661 -0.2698 -0.2736 -0.2773 -0.2810 -0.2846 -0.2882 -0.2916 -0.2950 -0.2983 -0.3015 -0.3046 -0.3076 -0.3104 -0.3117 -0.3104 -0.3076 -0.3046 -0.3015 -0.2983 -0.2950 -0.2916 -0.2882 -0.2846 -0.2810 -0.2773 -0.2736 -0.2698 -0.2661 -0.2622 -0.2582 -0.2542 -0.2500 -0.2459 -0.2416 -0.2371 -0.1991 0.0160 0.0706 0.0405 0.0379 0.0366 0.0355 0.0344 0.0334 0.0325 0.0316 0.0308 0.0300 0.0293 0.0286 0.0279 0.0273 0.0266 0.0260 0.0254 0.0248 0.0242 0.0236 0.0230 0.0224 0.0218 0.0213 0.0208 0.0268
0.0287 0.0221 0.0226 0.0232 0.0238 0.0244 0.0250 0.0256 0.0262 0.0269 0.0275 0.0282 0.0288 0.0295 0.0302 0.0309 0.0317 0.0325 0.0333 0.0342 0.0351 0.0361 0.0371 0.0384 0.0425 0.0703 -0.0000 -0.2156 -0.2371 -0.2414 -0.2455 -0.2495 -0.2534 -0.2573 -0.2611 -0.2648 -0.2685 -0.2722 -0.2758 -0.2794 -0.2830 -0.2865 -0.2899 -0.2933 -0.2966 -0.2998 -0.3030 -0.3060 -0.3090 -0.3117 -0.3129 -0.3117 -0.3090 -0.3060 -0.3030 -0.2998 -0.2966 -0.2933 -0.2899 -0.2865 -0.2830 -0.2794 -0.2758 -0.2722 -0.2685 -0.2648 -0.2611 -0.2573 -0.2534 -0.2495 -0.2455 -0.2414 -0.2371 -0.2156 -0.0000 0.0703 0.0425 0.0384 0.0371 0.0361 0.0351 0.0342 0.0333 0.0325 0.0317 0.0309 0.0302 0.0295 0.0288 0.0282 0.0275 0.0269 0.0262 0.0256 0.0250 0.0244 0.0238 0.0232 0.0226 0.0221 0.0287
0.0307 0.0235 0.0241 0.0247 0.0253 0.0259 0.0265 0.0271 0.0278 0.0284 0.0291 0.0298 0.0305 0.0312 0.0319 0.0326 0.0334 0.0342 0.0350 0.0359 0.0368 0.0379 0.0396 0.0508 0.0572 -0.0331 -0.2334 -0.2376 -0.2416 -0.2455 -0.2494 -0.2531 -0.2568 -0.2604 -0.2640 -0.2675 -0.2711 -0.2746 -0.2781 -0.2815 -0.2850 -0.2884 -0.2917 -0.2950 -0.2982 -0.3014 -0.3045 -0.3074 -0.3104 -0.3130 -0.3142 -0.3130 -0.3104 -0.3074 -0.3045 -0.3014 -0.2982 -0.2950 -0.2917 -0.2884 -0.2850 -0.2815 -0.2781 -0.2746 -0.2711 -0.2675 -0.2640 -0.2604 -0.2568 -0.2531 -0.2494 -0.2455 -0.2416 -0.2376 -0.2334 -0.0331 0.0572 0.0508 0.0396 0.0379 0.0368 0.0359 0.0350 0.0342 0.0334 0.0326 0.0319 0.0312 0.0305 0.0298 0.0291 0.0284 0.0278 0.0271 0.0265 0.0259 0.0253 0.0247 0.0241 0.0235 0.0307
0.0329 0.0249 0.0255 0.0261 0.0268 0.0274 0.0281 0.0287 0.0294 0.0301 0.0308 0.0315 0.0322 0.0329 0.0336 0.0344 0.0351 0.0359 0.0368 0.0378 0.0392 0.0452 0.0623 0.0260 -0.1013 -0.2347 -0.2385 -0.2422 -0.2459 -0.2495 -0.2531 -0.2566 -0.2600 -0.2635 -0.2669 -0.2703 -0.2737 -0.2770 -0.2804 -0.2837 -0.2870 -0.2903 -0.2935 -0.2967 -0.2998 -0.3029 -0.3059 -0.3089 -0.3117 -0.3143 -0.3155 -0.3143 -0.3117 -0.3089 -0.3059 -0.3029 -0.2998 -0.2967 -0.2935 -0.2903 -0.2870 -0.2837 -0.2804 -0.2770 -0.2737 -0.2703 -0.2669 -0.2635 -0.2600 -0.2566 -0.2531 -0.2495 -0.2459 -0.2422 -0.2385 -0.2347 -0.1013 0.0260 0.0623 0.0452 0.0392 0.0378 0.0368 0.0359 0.0351 0.0344 0.0336 0.0329 0.0322 0.0315 0.0308 0.0301 0.0294 0.0287 0.0281 0.0274 0.0268 0.0261 0.0255 0.0249 0.0329
0.0351 0.0264 0.0270 0.0277 0.0283 0.0290 0.0297 0.0303 0.0310 0.0317 0.0325 0.0332 0.0339 0.0347 0.0354 0.0362 0.0370 0.0379 0.0394 0.0455 0.0589 0.0398 -0.0476 -0.1949 -0.2365 -0.2399 -0.2433 -0.2467 -0.2500 -0.2534 -0.2568 -0.2600 -0.2634 -0.2666 -0.2698 -0.2731 -0.2763 -0.2795 -0.2827 -0.2859 -0.2891 -0.2922 -0.2953 -0.2984 -0.3015 -0.3045 -0.3074 -0.3103 -0.3131 -0.3156 -0.3167 -0.3156 -0.3131 -0.3103 -0.3074 -0.3045 -0.3015 -0.2984 -0.2953 -0.2922 -0.2891 -0.2859 -0.2827 -0.2795 -0.2763 -0.2731 -0.2698 -0.2666 -0.2634 -0.2600 -0.2568 -0.2534 -0.2500 -0.2467 -0.2433 -0.2399 -0.2365 -0.1949 -0.0476 0.0398 0.0589 0.0455 0.0394 0.0379 0.0370 0.0362 0.0354 0.0347 0.0339 0.0332 0.0325 0.0317 0.0310 0.0303 0.0297 0.0290 0.0283 0.0277 0.0270 0.0264 0.0351
0.0373 0.0280 0.0286 0.0293 0.0299 0.0306 0.0313 0.0320 0.0327 0.0335 0.0342 0.0350 0.0357 0.0365 0.0373 0.0383 0.0403 0.0495 0.0582 0.0379 -0.0444 -0.1660 -0.2356 -0.2387 -0.2419 -0.2449 -0.2480 -0.2511 -0.2542 -0.2573 -0.2604 -0.2635 -0.2666 -0.2697 -0.2728 -0.2758 -0.2789 -0.2820 -0.2850 -0.2881 -0.2912 -0.2942 -0.2972 -0.3002 -0.3031 -0.3060 -0.3089 -0.3117 -0.3144 -0.3169 -0.3180 -0.3169 -0.3144 -0.3117 -0.3089 -0.3060 -0.3031 -0.3002 -0.2972 -0.2942 -0.2912 -0.2881 -0.2850 -0.2820 -0.2789 -0.2758 -0.2728 -0.2697 -0.2666 -0.2635 -0.2604 -0.2573 -0.2542 -0.2511 -0.2480 -0.2449 -0.2419 -0.2387 -0.2356 -0.1660 -0.0444 0.0379 0.0582 0.0495 0.0403 0.0383 0.0373 0.0365 0.0357 0.0350 0.0342 0.0335 0.0327 0.0320 0.0313 0.0306 0.0299 0.0293 0.0286 0.0280 0.0373
0.0397 0.0296 0.0302 0.0309 0.0316 0.0323 0.0330 0.0338 0.0345 0.0353 0.0360 0.0368 0.0377 0.0389 0.0423 0.0566 0.0571 0.0240 -0.0625 -0.1707 -0.2357 -0.2385 -0.2413 -0.2441 -0.2469 -0.2497 -0.2525 -0.2554 -0.2582 -0.2611 -0.2640 -0.2669 -0.2698 -0.2728 -0.2757 -0.2786 -0.2816 -0.2845 -0.2874 -0.2904 -0.2933 -0.2963 -0.2991 -0.3020 -0.3048 -0.3076 -0.3103 -0.3130 -0.3157 -0.3181 -0.3192 -0.3181 -0.3157 -0.3130 -0.3103 -0.3076 -0.3048 -0.3020 -0.2991 -0.2963 -0.2933 -0.2904 -0.2874 -0.2845 -0.2816 -0.2786 -0.2757 -0.2728 -0.2698 -0.2669 -0.2640 -0.2611 -0.2582 -0.2554 -0.2525 -0.2497 -0.2469 -0.2441 -0.2413 -0.2385 -0.2357 -0.1707 -0.0625 0.0240 0.0571 0.0566 0.0423 0.0389 0.0377 0.0368 0.0360 0.0353 0.0345 0.0338 0.0330 0.0323 0.0316 0.0309 0.0302 0.0296 0.0397
0.0422 0.0312 0.0319 0.0326 0.0333 0.0341 0.0348 0.0356 0.0364 0.0372 0.0381 0.0397 0.0464 0.0569 0.0522 -0.0039 -0.1041 -0.2005 -0.2363 -0.2389 -0.2415 -0.2441 -0.2466 -0.2492 -0.2518 -0.2544 -0.2569 -0.2595 -0.2622 -0.2648 -0.2675 -0.2703 -0.2731 -0.2758 -0.2786 -0.2815 -0.2842 -0.2870 -0.2898 -0.2926 -0.2955 -0.2983 -0.3011 -0.3038 -0.3065 -0.3092 -0.3119 -0.3144 -0.3170 -0.3194 -0.3204 -0.3194 -0.3170 -0.3144 -0.3119 -0.3092 -0.3065 -0.3038 -0.3011 -0.2983 -0.2955 -0.2926 -0.2898 -0.2870 -0.2842 -0.2815 -0.2786 -0.2758 -0.2731 -0.2703 -0.2675 -0.2648 -0.2622 -0.2595 -0.2569 -0.2544 -0.2518 -0.2492 -0.2466 -0.2441 -0.2415 -0.2389 -0.2363 -0.2005 -0.1041 -0.0039 0.0522 0.0569 0.0464 0.0397 0.0381 0.0372 0.0364 0.0356 0.0348 0.0341 0.0333 0.0326 0.0319 0.0312 0.0422
0.0448 0.0330 0.0336 0.0344 0.0351 0.0359 0.0367 0.0375 0.0386 0.0412 0.0550 0.0571 0.0341 -0.0402 -0.1398 -0.2347 -0.2372 -0.2397 -0.2421 -0.2445 -0.2469 -0.2493 -0.2517 -0.2541 -0.2564 -0.2588 -0.2612 -0.2636 -0.2661 -0.2685 -0.2711 -0.2737 -0.2763 -0.2789 -0.2816 -0.2842 -0.2869 -0.2896 -0.2923 -0.2950 -0.2976 -0.3004 -0.3030 -0.3057 -0.3083 -0.3109 -0.3134 -0.3159 -0.3183 -0.3206 -0.3216 -0.3206 -0.3183 -0.3159 -0.3134 -0.3109 -0.3083 -0.3057 -0.3030 -0.3004 -0.2976 -0.2950 -0.2923 -0.2896 -0.2869 -0.2842 -0.2816 -0.2789 -0.2763 -0.2737 -0.2711 -0.2685 -0.2661 -0.2636 -0.2612 -0.2588 -0.2564 -0.2541 -0.2517 -0.2493 -0.2469 -0.2445 -0.2421 -0.2397 -0.2372 -0.2347 -0.1398 -0.0402 0.0341 0.0571 0.0550 0.0412 0.0386 0.0375 0.0367 0.0359 0.0351 0.0344 0.0336 0.0330 0.0448
0.0474 0.0347 0.0355 0.0362 0.0370 0.0379 0.0393 0.0442 0.0568 0.0570 0.0095 -0.0869 -0.1803 -0.2357 -0.2383 -0.2407 -0.2431 -0.2454 -0.2476 -0.2498 -0.2520 -0.2542 -0.2564 -0.2586 -0.2609 -0.2631 -0.2653 -0.2676 -0.2698 -0.2722 -0.2746 -0.2770 -0.2795 -0.2820 -0.2845 -0.2870 -0.2896 -0.2922 -0.2947 -0.2973 -0.2999 -0.3024 -0.3050 -0.3075 -0.3101 -0.3125 -0.3150 -0.3173 -0.3197 -0.3218 -0.3228 -0.3218 -0.3197 -0.3173 -0.3150 -0.3125 -0.3101 -0.3075 -0.3050 -0.3024 -0.2999 -0.2973 -0.2947 -0.2922 -0.2896 -0.2870 -0.2845 -0.2820 -0.2795 -0.2770 -0.2746 -0.2722 -0.2698 -0.2676 -0.2653 -0.2631 -0.2609 -0.2586 -0.2564 -0.2542 -0.2520 -0.2498 -0.2476 -0.2454 -0.2431 -0.2407 -0.2383 -0.2357 -0.1803 -0.0869 0.0095 0.0570 0.0568 0.0442 0.0393 0.0379 0.0370 0.0362 0.0355 0.0347 0.0474
0.0502 0.0366 0.0374 0.0383 0.0405 0.0504 0.0571 0.0429 -0.0229 -0.1235 -0.2283 -0.2368 -0.2393 -0.2417 -0.2440 -0.2463 -0.2485 -0.2507 -0.2528 -0.2548 -0.2569 -0.2589 -0.2610 -0.2631 -0.2652 -0.2673 -0.2694 -0.2715 -0.2736 -0.2758 -0.2781 -0.2804 -0.2827 -0.2850 -0.2874 -0.2898 -0.2923 -0.2947 -0.2972 -0.2996 -0.3021 -0.3046 -0.3070 -0.3094 -0.3118 -0.3142 -0.3165 -0.3188 -0.3210 -0.3231 -0.3239 -0.3231 -0.3210 -0.3188 -0.3165 -0.3142 -0.3118 -0.3094 -0.3070 -0.3046 -0.3021 -0.2996 -0.2972 -0.2947 -0.2923 -0.2898 -0.2874 -0.2850 -0.2827 -0.2804 -0.2781 -0.2758 -0.2736 -0.2715 -0.2694 -0.2673 -0.2652 -0.2631 -0.2610 -0.2589 -0.2569 -0.2548 -0.2528 -0.2507 -0.2485 -0.2463 -0.2440 -0.2417 -0.2393 -0.2368 -0.2283 -0.1235 -0.0229 0.0429 0.0571 0.0504 0.0405 0.0383 0.0374 0.0366 0.0502
0.0536 0.0390 0.0426 0.0567 0.0571 0.0213 -0.0646 -0.1616 -0.2353 -0.2378 -0.2403 -0.2427 -0.2450 -0.2472 -0.2494 -0.2516 -0.2536 -0.2557 -0.2577 -0.2596 -0.2615 -0.2635 -0.2654 -0.2674 -0.2694 -0.2714 -0.2733 -0.2753 -0.2773 -0.2794 -0.2815 -0.2837 -0.2859 -0.2881 -0.2904 -0.2926 -0.2950 -0.2973 -0.2996 -0.3020 -0.3043 -0.3067 -0.3090 -0.3113 -0.3136 -0.3159 -0.3181 -0.3203 -0.3224 -0.3243 -0.3251 -0.3243 -0.3224 -0.3203 -0.3181 -0.3159 -0.3136 -0.3113 -0.3090 -0.3067 -0.3043 -0.3020 -0.2996 -0.2973 -0.2950 -0.2926 -0.2904 -0.2881 -0.2859 -0.2837 -0.2815 -0.2794 -0.2773 -0.2753 -0.2733 -0.2714 -0.2694 -0.2674 -0.2654 -0.2635 -0.2615 -0.2596 -0.2577 -0.2557 -0.2536 -0.2516 -0.2494 -0.2472 -0.2450 -0.2427 -0.2403 -0.2378 -0.2353 -0.1616 -0.0646 0.0213 0.0571 0.0567 0.0426 0.0390 0.0536
0.0735 0.0570 0.0504 -0.0075 -0.1079 -0.2058 -0.2363 -0.2388 -0.2413 -0.2436 -0.2459 -0.2481 -0.2503 -0.2524 -0.2545 -0.2565 -0.2585 -0.2604 -0.2623 -0.2642 -0.2660 -0.2678 -0.2697 -0.2715 -0.2734 -0.2753 -0.2772 -0.2791 -0.2810 -0.2830 -0.2850 -0.2870 -0.2891 -0.2912 -0.2933 -0.2955 -0.2976 -0.2999 -0.3021 -0.3043 -0.3066 -0.3088 -0.3110 -0.3132 -0.3154 -0.3176 -0.3197 -0.3217 -0.3237 -0.3255 -0.3263 -0.3255 -0.3237 -0.3217 -0.3197 -0.3176 -0.3154 -0.3132 -0.3110 -0.3088 -0.3066 -0.3043 -0.3021 -0.2999 -0.2976 -0.2955 -0.2933 -0.2912 -0.2891 -0.2870 -0.2850 -0.2830 -0.2810 -0.2791 -0.2772 -0.2753 -0.2734 -0.2715 -0.2697 -0.2678 -0.2660 -0.2642 -0.2623 -0.2604 -0.2585 -0.2565 -0.2545 -0.2524 -0.2503 -0.2481 -0.2459 -0.2436 -0.2413 -0.2388 -0.2363 -0.2058 -0.1079 -0.0075 0.0504 0.0570 0.0735
0.0321 -0.0452 -0.1441 -0.2348 -0.2374 -0.2398 -0.2422 -0.2446 -0.2468 -0.2490 -0.2512 -0.2533 -0.2553 -0.2573 -0.2593 -0.2612 -0.2631 -0.2649 -0.2668 -0.2686 -0.2703 -0.2721 -0.2738 -0.2756 -0.2773 -0.2792 -0.2810 -0.2828 -0.2846 -0.2865 -0.2884 -0.2903 -0.2922 -0.2942 -0.2963 -0.2983 -0.3004 -0.3024 -0.3046 -0.3067 -0.3088 -0.3109 -0.3130 -0.3151 -0.3172 -0.3192 -0.3212 -0.3232 -0.3251 -0.3267 -0.3275 -0.3267 -0.3251 -0.3232 -0.3212 -0.3192 -0.3172 -0.3151 -0.3130 -0.3109 -0.3088 -0.3067 -0.3046 -0.3024 -0.3004 -0.2983 -0.2963 -0.2942 -0.2922 -0.2903 -0.2884 -0.2865 -0.2846 -0.2828 -0.2810 -0.2792 -0.2773 -0.2756 -0.2738 -0.2721 -0.2703 -0.2686 -0.2668 -0.2649 -0.2631 -0.2612 -0.2593 -0.2573 -0.2553 -0.2533 -0.2512 -0.2490 -0.2468 -0.2446 -0.2422 -0.2398 -0.2374 -0.2348 -0.1441 -0.0452 0.0321
-0.1621 -0.2331 -0.2384 -0.2408 -0.2432 -0.2455 -0.2477 -0.2499 -0.2520 -0.2541 -0.2561 -0.2581 -0.2601 -0.2620 -0.2638 -0.2657 -0.2675 -0.2693 -0.2710 -0.2728 -0.2745 -0.2762 -0.2778 -0.2795 -0.2812 -0.2829 -0.2847 -0.2864 -0.2882 -0.2899 -0.2917 -0.2935 -0.2953 -0.2972 -0.2991 -0.3011 -0.3030 -0.3050 -0.3070 -0.3090 -0.3110 -0.3130 -0.3151 -0.3170 -0.3190 -0.3209 -0.3227 -0.3246 -0.3263 -0.3279 -0.3286 -0.3279 -0.3263 -0.3246 -0.3227 -0.3209 -0.3190 -0.3170 -0.3151 -0.3130 -0.3110 -0.3090 -0.3070 -0.3050 -0.3030 -0.3011 -0.2991 -0.2972 -0.2953 -0.2935 -0.2917 -0.2899 -0.2882 -0.2864 -0.2847 -0.2829 -0.2812 -0.2795 -0.2778 -0.2762 -0.2745 -0.2728 -0.2710 -0.2693 -0.2675 -0.2657 -0.2638 -0.2620 -0.2601 -0.2581 -0.2561 -0.2541 -0.2520 -0.2499 -0.2477 -0.2455 -0.2432 -0.2408 -0.2384 -0.2331 -0.1621
-0.2099 -0.2392 -0.2442 -0.2464 -0.2486 -0.2508 -0.2529 -0.2549 -0.2569 -0.2589 -0.2608 -0.2627 -0.2646 -0.2664 -0.2682 -0.2700 -0.2717 -0.2735 -0.2752 -0.2768 -0.2785 -0.2801 -0.2817 -0.2833 -0.2849 -0.2866 -0.2883 -0.2899 -0.2916 -0.2933 -0.2950 -0.2967 -0.2984 -0.3002 -0.3020 -0.3038 -0.3057 -0.3075 -0.3094 -0.3113 -0.3132 -0.3151 -0.3170 -0.3189 -0.3207 -0.3225 -0.3243 -0.3259 -0.3276 -0.3290 -0.3297 -0.3290 -0.3276 -0.3259 -0.3243 -0.3225 -0.3207 -0.3189 -0.3170 -0.3151 -0.3132 -0.3113 -0.3094 -0.3075 -0.3057 -0.3038 -0.3020 -0.3002 -0.2984 -0.2967 -0.2950 -0.2933 -0.2916 -0.2899 -0.2883 -0.2866 -0.2849 -0.2833 -0.2817 -0.2801 -0.2785 -0.2768 -0.2752 -0.2735 -0.2717 -0.2700 -0.2682 -0.2664 -0.2646 -0.2627 -0.2608 -0.2589 -0.2569 -0.2549 -0.2529 -0.2508 -0.2486 -0.2464 -0.2442 -0.2392 -0.2099
-0.2186 -0.2449 -0.2496 -0.2516 -0.2537 -0.2558 -0.2578 -0.2597 -0.2616 -0.2635 -0.2654 -0.2672 -0.2690 -0.2707 -0.2725 -0.2742 -0.2758 -0.2775 -0.2792 -0.2808 -0.2824 -0.2839 -0.2855 -0.2870 -0.2886 -0.2901 -0.2917 -0.2934 -0.2950 -0.2966 -0.2982 -0.2998 -0.3015 -0.3031 -0.3048 -0.3065 -0.3083 -0.3101 -0.3118 -0.3136 -0.3154 -0.3172 -0.3190 -0.3207 -0.3224 -0.3241 -0.3257 -0.3273 -0.3288 -0.3301 -0.3307 -0.3301 -0.3288 -0.3273 -0.3257 -0.3241 -0.3224 -0.3207 -0.3190 -0.3172 -0.3154 -0.3136 -0.3118 -0.3101 -0.3083 -0.3065 -0.3048 -0.3031 -0.3015 -0.2998 -0.2982 -0.2966 -0.2950 -0.2934 -0.2917 -0.2901 -0.2886 -0.2870 -0.2855 -0.2839 -0.2824 -0.2808 -0.2792 -0.2775 -0.2758 -0.2742 -0.2725 -0.2707 -0.2690 -0.2672 -0.2654 -0.2635 -0.2616 -0.2597 -0.2578 -0.2558 -0.2537 -0.2516 -0.2496 -0.2449 -0.2186
-0.2263 -0.2502 -0.2546 -0.2566 -0.2586 -0.2605 -0.2624 -0.2643 -0.2661 -0.2679 -0.2697 -0.2714 -0.2732 -0.2749 -0.2765 -0.2782 -0.2798 -0.2814 -0.2830 -0.2846 -0.2861 -0.2877 -0.2892 -0.2907 -0.2921 -0.2936 -0.2952 -0.2967 -0.2983 -0.2998 -0.3014 -0.3029 -0.3045 -0.3060 -0.3076 -0.3092 -0.3109 -0.3125 -0.3142 -0.3159 -0.3176 -0.3192 -0.3209 -0.3225 -0.3241 -0.3257 -0.3271 -0.3286 -0.3299 -0.3311 -0.3317 -0.3311 -0.3299 -0.3286 -0.3271 -0.3257 -0.3241 -0.3225 -0.3209 -0.3192 -0.3176 -0.3159 -0.3142 -0.3125 -0.3109 -0.3092 -0.3076 -0.3060 -0.3045 -0.3029 -0.3014 -0.2998 -0.2983 -0.2967 -0.2952 -0.2936 -0.2921 -0.2907 -0.2892 -0.2877 -0.2861 -0.2846 -0.2830 -0.2814 -0.2798 -0.2782 -0.2765 -0.2749 -0.2732 -0.2714 -0.2697 -0.2679 -0.2661 -0.2643 -0.2624 -0.2605 -0.2586 -0.2566 -0.2546 -0.2502 -0.2263
-0.2330 -0.2553 -0.2594 -0.2613 -0.2632 -0.2650 -0.2668 -0.2686 -0.2704 -0.2721 -0.2739 -0.2755 -0.2772 -0.2789 -0.2805 -0.2821 -0.2837 -0.2852 -0.2868 -0.2883 -0.2898 -0.2913 -0.2927 -0.2942 -0.2956 -0.2971 -0.2985 -0.3000 -0.3015 -0.3030 -0.3045 -0.3059 -0.3074 -0.3089 -0.3103 -0.3119 -0.3134 -0.3150 -0.3165 -0.3181 -0.3197 -0.3212 -0.3227 -0.3243 -0.3257 -0.3271 -0.3285 -0.3298 -0.3310 -0.3321 -0.3325 -0.3321 -0.3310 -0.3298 -0.3285 -0.3271 -0.3257 -0.3243 -0.3227 -0.3212 -0.3197 -0.3181 -0.3165 -0.3150 -0.3134 -0.3119 -0.3103 -0.3089 -0.3074 -0.3059 -0.3045 -0.3030 -0.3015 -0.3000 -0.2985 -0.2971 -0.2956 -0.2942 -0.2927 -0.2913 -0.2898 -0.2883 -0.2868 -0.2852 -0.2837 -0.2821 -0.2805 -0.2789 -0.2772 -0.2755 -0.2739 -0.2721 -0.2704 -0.2686 -0.2668 -0.2650 -0.2632 -0.2613 -0.2594 -0.2553 -0.2330
-0.2392 -0.2600 -0.2640 -0.2658 -0.2676 -0.2694 -0.2711 -0.2728 -0.2745 -0.2762 -0.2779 -0.2795 -0.2811 -0.2827 -0.2843 -0.2859 -0.2874 -0.2889 -0.2904 -0.2919 -0.2933 -0.2948 -0.2962 -0.2976 -0.2990 -0.3004 -0.3018 -0.3032 -0.3046 -0.3060 -0.3074 -0.3089 -0.3103 -0.3117 -0.3130 -0.3144 -0.3159 -0.3173 -0.3188 -0.3203 -0.3217 -0.3232 -0.3246 -0.3259 -0.3273 -0.3286 -0.3298 -0.3310 -0.3320 -0.3330 -0.3334 -0.3330 -0.3320 -0.3310 -0.3298 -0.3286 -0.3273 -0.3259 -0.3246 -0.3232 -0.3217 -0.3203 -0.3188 -0.3173 -0.3159 -0.3144 -0.3130 -0.3117 -0.3103 -0.3089 -0.3074 -0.3060 -0.3046 -0.3032 -0.3018 -0.3004 -0.2990 -0.2976 -0.2962 -0.2948 -0.2933 -0.2919 -0.2904 -0.2889 -0.2874 -0.2859 -0.2843 -0.2827 -0.2811 -0.2795 -0.2779 -0.2762 -0.2745 -0.2728 -0.2711 -0.2694 -0.2676 -0.2658 -0.2640 -0.2600 -0.2392
-0.2450 -0.2646 -0.2684 -0.2701 -0.2719 -0.2736 -0.2753 -0.2770 -0.2786 -0.2802 -0.2818 -0.2834 -0.2850 -0.2865 -0.2880 -0.2896 -0.2910 -0.2925 -0.2940 -0.2954 -0.2968 -0.2982 -0.2996 -0.3010 -0.3023 -0.3037 -0.3050 -0.3063 -0.3076 -0.3090 -0.3104 -0.3117 -0.3131 -0.3144 -0.3157 -0.3170 -0.3183 -0.3197 -0.3210 -0.3224 -0.3237 -0.3251 -0.3263 -0.3276 -0.3288 -0.3299 -0.3310 -0.3320 -0.3330 -0.3338 -0.3341 -0.3338 -0.3330 -0.3320 -0.3310 -0.3299 -0.3288 -0.3276 -0.3263 -0.3251 -0.3237 -0.3224 -0.3210 -0.3197 -0.3183 -0.3170 -0.3157 -0.3144 -0.3131 -0.3117 -0.3104 -0.3090 -0.3076 -0.3063 -0.3050 -0.3037 -0.3023 -0.3010 -0.2996 -0.2982 -0.2968 -0.2954 -0.2940 -0.2925 -0.2910 -0.2896 -0.2880 -0.2865 -0.2850 -0.2834 -0.2818 -0.2802 -0.2786 -0.2770 -0.2753 -0.2736 -0.2719 -0.2701 -0.2684 -0.2646 -0.2450
-0.2501 -0.2688 -0.2724 -0.2741 -0.2758 -0.2775 -0.2791 -0.2807 -0.2823 -0.2839 -0.2854 -0.2870 -0.2885 -0.2900 -0.2915 -0.2930 -0.2944 -0.2958 -0.2973 -0.2986 -0.3000 -0.3014 -0.3027 -0.3040 -0.3054 -0.3066 -0.3079 -0.3092 -0.3104 -0.3117 -0.3130 -0.3143 -0.3156 -0.3169 -0.3181 -0.3194 -0.3206 -0.3218 -0.3231 -0.3243 -0.3255 -0.3267 -0.3279 -0.3290 -0.3301 -0.3311 -0.3321 -0.3330 -0.3338 -0.3344 -0.3347 -0.3344 -0.3338 -0.3330 -0.3321 -0.3311 -0.3301 -0.3290 -0.3279 -0.3267 -0.3255 -0.3243 -0.3231 -0.3218 -0.3206 -0.3194 -0.3181 -0.3169 -0.3156 -0.3143 -0.3130 -0.3117 -0.3104 -0.3092 -0.3079 -0.3066 -0.3054 -0.3040 -0.3027 -0.3014 -0.3000 -0.2986 -0.2973 -0.2958 -0.2944 -0.2930 -0.2915 -0.2900 -0.2885 -0.2870 -0.2854 -0.2839 -0.2823 -0.2807 -0.2791 -0.2775 -0.2758 -0.2741 -0.2724 -0.2688 -0.2501
-0.2519 -0.2706 -0.2742 -0.2759 -0.2775 -0.2792 -0.2808 -0.2824 -0.2840 -0.2855 -0.2871 -0.2886 -0.2901 -0.2916 -0.2930 -0.2945 -0.2959 -0.2973 -0.2987 -0.3001 -0.3014 -0.3028 -0.3041 -0.3054 -0.3067 -0.3080 -0.3092 -0.3104 -0.3117 -0.3129 -0.3142 -0.3155 -0.3167 -0.3180 -0.3192 -0.3204 -0.3216 -0.3228 -0.3239 -0.3251 -0.3263 -0.3275 -0.3286 -0.3297 -0.3307 -0.3317 -0.3325 -0.3334 -0.3341 -0.3347 -0.3349 -0.3347 -0.3341 -0.3334 -0.3325 -0.3317 -0.3307 -0.3297 -0.3286 -0.3275 -0.3263 -0.3251 -0.3239 -0.3228 -0.3216 -0.3204 -0.3192 -0.3180 -0.3167 -0.3155 -0.3142 -0.3129 -0.3117 -0.3104 -0.3092 -0.3080 -0.3067 -0.3054 -0.3041 -0.3028 -0.3014 -0.3001 -0.2987 -0.2973 -0.2959 -0.2945 -0.2930 -0.2916 -0.2901 -0.2886 -0.2871 -0.2855 -0.2840 -0.2824 -0.2808 -0.2792 -0.2775 -0.2759 -0.2742 -0.2706 -0.2519
-0.2501 -0.2688 -0.2724 -0.2741 -0.2758 -0.2775 -0.2791 -0.2807 -0.2823 -0.2839 -0.2854 -0.2870 -0.2885 -0.2900 -0.2915 -0.2930 -0.2944 -0.2958 -0.2973 -0.2986 -0.3000 -0.3014 -0.3027 -0.3040 -0.3054 -0.3066 -0.3079 -0.3092 -0.3104 -0.3117 -0.3130 -0.3143 -0.3156 -0.3169 -0.3181 -0.3194 -0.3206 -0.3218 -0.3231 -0.3243 -0.3255 -0.3267 -0.3279 -0.3290 -0.3301 -0.3311 -0.3321 -0.3330 -0.3338 -0.3344 -0.3347 -0.3344 -0.3338 -0.3330 -0.3321 -0.3311 -0.3301 -0.3290 -0.3279 -0.3267 -0.3255 -0.3243 -0.3231 -0.3218 -0.3206 -0.3194 -0.3181 -0.3169 -0.3156 -0.3143 -0.3130 -0.3117 -0.3104 -0.3092 -0.3079 -0.3066 -0.3054 -0.3040 -0.3027 -0.3014 -0.3000 -0.2986 -0.2973 -0.2958 -0.2944 -0.2930 -0.2915 -0.2900 -0.2885 -0.2870 -0.2854 -0.2839 -0.2823 -0.2807 -0.2791 -0.2775 -0.2758 -0.2741 -0.2724 -0.2688 -0.2501
