-0.1519 -0.0620 -0.0412 -0.0327 -0.0259 -0.0206 -0.0162 -0.0127 -0.0098 -0.0075 -0.0055 -0.0039 -0.0026 -0.0016 -0.0006 0.0002 0.0011 0.0020 0.0030 0.0039 0.0050 0.0060 0.0071 0.0083 0.0095 0.0108 0.0121 0.0134 0.0148 0.0163 0.0178 0.0194 0.0211 0.0228 0.0246 0.0265 0.0284 0.0304 0.0325 0.0347 0.0370 0.0394 0.0418 0.0444 0.0470 0.0498 0.0530 0.0659 0.0567 -0.1276 -0.2015 -0.1276 0.0567 0.0659 0.0530 0.0498 0.0470 0.0444 0.0418 0.0394 0.0370 0.0347 0.0325 0.0304 0.0284 0.0265 0.0246 0.0228 0.0211 0.0194 0.0178 0.0163 0.0148 0.0134 0.0121 0.0108 0.0095 0.0083 0.0071 0.0060 0.0050 0.0039 0.0030 0.0020 0.0011 0.0002 -0.0006 -0.0016 -0.0026 -0.0039 -0.0055 -0.0075 -0.0098 -0.0127 -0.0162 -0.0206 -0.0259 -0.0327 -0.0412 -0.0620 -0.1519
-0.0620 -0.0228 -0.0177 -0.0143 -0.0115 -0.0090 -0.0070 -0.0053 -0.0038 -0.0026 -0.0016 -0.0008 -0.0001 0.0005 0.0011 0.0017 0.0024 0.0031 0.0038 0.0045 0.0053 0.0061 0.0069 0.0077 0.0086 0.0095 0.0104 0.0114 0.0124 0.0135 0.0146 0.0157 0.0168 0.0180 0.0193 0.0206 0.0219 0.0233 0.0247 0.0262 0.0277 0.0293 0.0310 0.0327 0.0345 0.0363 0.0384 0.0568 -0.0115 -0.2319 -0.2346 -0.2319 -0.0115 0.0568 0.0384 0.0363 0.0345 0.0327 0.0310 0.0293 0.0277 0.0262 0.0247 0.0233 0.0219 0.0206 0.0193 0.0180 0.0168 0.0157 0.0146 0.0135 0.0124 0.0114 0.0104 0.0095 0.0086 0.0077 0.0069 0.0061 0.0053 0.0045 0.0038 0.0031 0.0024 0.0017 0.0011 0.0005 -0.0001 -0.0008 -0.0016 -0.0026 -0.0038 -0.0053 -0.0070 -0.0090 -0.0115 -0.0143 -0.0177 -0.0228 -0.0620
-0.0412 -0.0177 -0.0142 -0.0117 -0.0095 -0.0075 -0.0058 -0.0044 -0.0031 -0.0021 -0.0012 -0.0005 0.0001 0.0007 0.0013 0.0020 0.0027 0.0034 0.0041 0.0048 0.0056 0.0064 0.0072 0.0081 0.0090 0.0099 0.0108 0.0118 0.0128 0.0139 0.0150 0.0161 0.0173 0.0185 0.0198 0.0211 0.0224 0.0238 0.0253 0.0268 0.0284 0.0300 0.0316 0.0334 0.0352 0.0371 0.0406 0.0570 -0.1119 -0.2373 -0.2399 -0.2373 -0.1119 0.0570 0.0406 0.0371 0.0352 0.0334 0.0316 0.0300 0.0284 0.0268 0.0253 0.0238 0.0224 0.0211 0.0198 0.0185 0.0173 0.0161 0.0150 0.0139 0.0128 0.0118 0.0108 0.0099 0.0090 0.0081 0.0072 0.0064 0.0056 0.0048 0.0041 0.0034 0.0027 0.0020 0.0013 0.0007 0.0001 -0.0005 -0.0012 -0.0021 -0.0031 -0.0044 -0.0058 -0.0075 -0.0095 -0.0117 -0.0142 -0.0177 -0.0412
-0.0327 -0.0143 -0.0117 -0.0099 -0.0081 -0.0065 -0.0050 -0.0037 -0.0026 -0.0017 -0.0009 -0.0002 0.0004 0.0010 0.0016 0.0023 0.0029 0.0036 0.0044 0.0051 0.0059 0.0067 0.0076 0.0084 0.0093 0.0103 0.0112 0.0122 0.0133 0.0143 0.0155 0.0166 0.0178 0.0190 0.0203 0.0216 0.0230 0.0244 0.0259 0.0274 0.0290 0.0307 0.0324 0.0341 0.0359 0.0379 0.0514 0.0185 -0.2113 -0.2398 -0.2423 -0.2398 -0.2113 0.0185 0.0514 0.0379 0.0359 0.0341 0.0324 0.0307 0.0290 0.0274 0.0259 0.0244 0.0230 0.0216 0.0203 0.0190 0.0178 0.0166 0.0155 0.0143 0.0133 0.0122 0.0112 0.0103 0.0093 0.0084 0.0076 0.0067 0.0059 0.0051 0.0044 0.0036 0.0029 0.0023 0.0016 0.0010 0.0004 -0.0002 -0.0009 -0.0017 -0.0026 -0.0037 -0.0050 -0.0065 -0.0081 -0.0099 -0.0117 -0.0143 -0.0327
-0.0259 -0.0115 -0.0095 -0.0081 -0.0067 -0.0054 -0.0042 -0.0031 -0.0021 -0.0013 -0.0006 0.0000 0.0006 0.0012 0.0019 0.0025 0.0032 0.0039 0.0047 0.0055 0.0062 0.0071 0.0079 0.0088 0.0097 0.0107 0.0116 0.0127 0.0137 0.0148 0.0159 0.0171 0.0183 0.0196 0.0209 0.0222 0.0236 0.0250 0.0265 0.0281 0.0297 0.0314 0.0331 0.0349 0.0367 0.0394 0.0571 -0.0699 -0.2365 -0.2422 -0.2446 -0.2422 -0.2365 -0.0699 0.0571 0.0394 0.0367 0.0349 0.0331 0.0314 0.0297 0.0281 0.0265 0.0250 0.0236 0.0222 0.0209 0.0196 0.0183 0.0171 0.0159 0.0148 0.0137 0.0127 0.0116 0.0107 0.0097 0.0088 0.0079 0.0071 0.0062 0.0055 0.0047 0.0039 0.0032 0.0025 0.0019 0.0012 0.0006 0.0000 -0.0006 -0.0013 -0.0021 -0.0031 -0.0042 -0.0054 -0.0067 -0.0081 -0.0095 -0.0115 -0.0259
-0.0206 -0.0090 -0.0075 -0.0065 -0.0054 -0.0043 -0.0033 -0.0024 -0.0016 -0.0009 -0.0003 0.0003 0.0009 0.0015 0.0022 0.0028 0.0035 0.0043 0.0050 0.0058 0.0066 0.0074 0.0083 0.0092 0.0101 0.0111 0.0121 0.0131 0.0142 0.0153 0.0164 0.0176 0.0188 0.0201 0.0214 0.0228 0.0242 0.0257 0.0272 0.0287 0.0304 0.0321 0.0338 0.0356 0.0376 0.0447 0.0408 -0.1661 -0.2390 -0.2445 -0.2469 -0.2445 -0.2390 -0.1661 0.0408 0.0447 0.0376 0.0356 0.0338 0.0321 0.0304 0.0287 0.0272 0.0257 0.0242 0.0228 0.0214 0.0201 0.0188 0.0176 0.0164 0.0153 0.0142 0.0131 0.0121 0.0111 0.0101 0.0092 0.0083 0.0074 0.0066 0.0058 0.0050 0.0043 0.0035 0.0028 0.0022 0.0015 0.0009 0.0003 -0.0003 -0.0009 -0.0016 -0.0024 -0.0033 -0.0043 -0.0054 -0.0065 -0.0075 -0.0090 -0.0206
-0.0162 -0.0070 -0.0058 -0.0050 -0.0042 -0.0033 -0.0025 -0.0018 -0.0011 -0.0005 0.0001 0.0006 0.0012 0.0018 0.0025 0.0031 0.0038 0.0046 0.0053 0.0061 0.0069 0.0078 0.0087 0.0096 0.0105 0.0115 0.0125 0.0135 0.0146 0.0157 0.0169 0.0181 0.0193 0.0206 0.0220 0.0234 0.0248 0.0263 0.0278 0.0294 0.0311 0.0328 0.0346 0.0364 0.0386 0.0569 -0.0271 -0.2354 -0.2414 -0.2467 -0.2491 -0.2467 -0.2414 -0.2354 -0.0271 0.0569 0.0386 0.0364 0.0346 0.0328 0.0311 0.0294 0.0278 0.0263 0.0248 0.0234 0.0220 0.0206 0.0193 0.0181 0.0169 0.0157 0.0146 0.0135 0.0125 0.0115 0.0105 0.0096 0.0087 0.0078 0.0069 0.0061 0.0053 0.0046 0.0038 0.0031 0.0025 0.0018 0.0012 0.0006 0.0001 -0.0005 -0.0011 -0.0018 -0.0025 -0.0033 -0.0042 -0.0050 -0.0058 -0.0070 -0.0162
-0.0127 -0.0053 -0.0044 -0.0037 -0.0031 -0.0024 -0.0018 -0.0012 -0.0006 -0.0001 0.0004 0.0009 0.0015 0.0021 0.0028 0.0035 0.0042 0.0049 0.0056 0.0064 0.0073 0.0081 0.0090 0.0099 0.0109 0.0119 0.0129 0.0140 0.0151 0.0162 0.0174 0.0186 0.0199 0.0212 0.0225 0.0239 0.0254 0.0269 0.0285 0.0301 0.0318 0.0335 0.0353 0.0372 0.0415 0.0569 -0.1275 -0.2379 -0.2438 -0.2489 -0.2512 -0.2489 -0.2438 -0.2379 -0.1275 0.0569 0.0415 0.0372 0.0353 0.0335 0.0318 0.0301 0.0285 0.0269 0.0254 0.0239 0.0225 0.0212 0.0199 0.0186 0.0174 0.0162 0.0151 0.0140 0.0129 0.0119 0.0109 0.0099 0.0090 0.0081 0.0073 0.0064 0.0056 0.0049 0.0042 0.0035 0.0028 0.0021 0.0015 0.0009 0.0004 -0.0001 -0.0006 -0.0012 -0.0018 -0.0024 -0.0031 -0.0037 -0.0044 -0.0053 -0.0127
-0.0098 -0.0038 -0.0031 -0.0026 -0.0021 -0.0016 -0.0011 -0.0006 -0.0002 0.0003 0.0008 0.0013 0.0019 0.0025 0.0031 0.0038 0.0045 0.0052 0.0060 0.0068 0.0076 0.0085 0.0094 0.0103 0.0113 0.0123 0.0133 0.0144 0.0155 0.0167 0.0179 0.0191 0.0204 0.0217 0.0231 0.0245 0.0260 0.0276 0.0291 0.0308 0.0325 0.0343 0.0361 0.0381 0.0565 0.0063 -0.2343 -0.2404 -0.2461 -0.2511 -0.2533 -0.2511 -0.2461 -0.2404 -0.2343 0.0063 0.0565 0.0381 0.0361 0.0343 0.0325 0.0308 0.0291 0.0276 0.0260 0.0245 0.0231 0.0217 0.0204 0.0191 0.0179 0.0167 0.0155 0.0144 0.0133 0.0123 0.0113 0.0103 0.0094 0.0085 0.0076 0.0068 0.0060 0.0052 0.0045 0.0038 0.0031 0.0025 0.0019 0.0013 0.0008 0.0003 -0.0002 -0.0006 -0.0011 -0.0016 -0.0021 -0.0026 -0.0031 -0.0038 -0.0098
-0.0075 -0.0026 -0.0021 -0.0017 -0.0013 -0.0009 -0.0005 -0.0001 0.0003 0.0007 0.0012 0.0017 0.0023 0.0029 0.0035 0.0042 0.0049 0.0056 0.0064 0.0072 0.0080 0.0089 0.0098 0.0107 0.0117 0.0127 0.0138 0.0149 0.0160 0.0172 0.0184 0.0197 0.0210 0.0223 0.0237 0.0251 0.0266 0.0282 0.0298 0.0315 0.0332 0.0350 0.0369 0.0399 0.0571 -0.0929 -0.2369 -0.2428 -0.2483 -0.2532 -0.2553 -0.2532 -0.2483 -0.2428 -0.2369 -0.0929 0.0571 0.0399 0.0369 0.0350 0.0332 0.0315 0.0298 0.0282 0.0266 0.0251 0.0237 0.0223 0.0210 0.0197 0.0184 0.0172 0.0160 0.0149 0.0138 0.0127 0.0117 0.0107 0.0098 0.0089 0.0080 0.0072 0.0064 0.0056 0.0049 0.0042 0.0035 0.0029 0.0023 0.0017 0.0012 0.0007 0.0003 -0.0001 -0.0005 -0.0009 -0.0013 -0.0017 -0.0021 -0.0026 -0.0075
-0.0055 -0.0016 -0.0012 -0.0009 -0.0006 -0.0003 0.0001 0.0004 0.0008 0.0012 0.0017 0.0022 0.0027 0.0033 0.0039 0.0046 0.0053 0.0060 0.0068 0.0076 0.0084 0.0093 0.0102 0.0111 0.0121 0.0132 0.0142 0.0153 0.0165 0.0177 0.0189 0.0202 0.0215 0.0229 0.0243 0.0258 0.0273 0.0289 0.0305 0.0322 0.0339 0.0358 0.0377 0.0470 0.0317 -0.1852 -0.2394 -0.2451 -0.2504 -0.2552 -0.2573 -0.2552 -0.2504 -0.2451 -0.2394 -0.1852 0.0317 0.0470 0.0377 0.0358 0.0339 0.0322 0.0305 0.0289 0.0273 0.0258 0.0243 0.0229 0.0215 0.0202 0.0189 0.0177 0.0165 0.0153 0.0142 0.0132 0.0121 0.0111 0.0102 0.0093 0.0084 0.0076 0.0068 0.0060 0.0053 0.0046 0.0039 0.0033 0.0027 0.0022 0.0017 0.0012 0.0008 0.0004 0.0001 -0.0003 -0.0006 -0.0009 -0.0012 -0.0016 -0.0055
-0.0039 -0.0008 -0.0005 -0.0002 0.0000 0.0003 0.0006 0.0009 0.0013 0.0017 0.0022 0.0027 0.0032 0.0037 0.0044 0.0050 0.0057 0.0064 0.0072 0.0080 0.0088 0.0097 0.0106 0.0116 0.0126 0.0136 0.0147 0.0158 0.0170 0.0182 0.0194 0.0207 0.0221 0.0235 0.0249 0.0264 0.0279 0.0295 0.0312 0.0329 0.0347 0.0365 0.0389 0.0570 -0.0448 -0.2359 -0.2418 -0.2473 -0.2526 -0.2572 -0.2593 -0.2572 -0.2526 -0.2473 -0.2418 -0.2359 -0.0448 0.0570 0.0389 0.0365 0.0347 0.0329 0.0312 0.0295 0.0279 0.0264 0.0249 0.0235 0.0221 0.0207 0.0194 0.0182 0.0170 0.0158 0.0147 0.0136 0.0126 0.0116 0.0106 0.0097 0.0088 0.0080 0.0072 0.0064 0.0057 0.0050 0.0044 0.0037 0.0032 0.0027 0.0022 0.0017 0.0013 0.0009 0.0006 0.0003 0.0000 -0.0002 -0.0005 -0.0008 -0.0039
-0.0026 -0.0001 0.0001 0.0004 0.0006 0.0009 0.0012 0.0015 0.0019 0.0023 0.0027 0.0032 0.0037 0.0042 0.0048 0.0055 0.0061 0.0069 0.0076 0.0084 0.0093 0.0101 0.0111 0.0120 0.0130 0.0141 0.0152 0.0163 0.0175 0.0187 0.0200 0.0213 0.0226 0.0241 0.0255 0.0270 0.0286 0.0302 0.0319 0.0336 0.0355 0.0374 0.0426 0.0504 -0.1441 -0.2384 -0.2441 -0.2495 -0.2546 -0.2592 -0.2612 -0.2592 -0.2546 -0.2495 -0.2441 -0.2384 -0.1441 0.0504 0.0426 0.0374 0.0355 0.0336 0.0319 0.0302 0.0286 0.0270 0.0255 0.0241 0.0226 0.0213 0.0200 0.0187 0.0175 0.0163 0.0152 0.0141 0.0130 0.0120 0.0111 0.0101 0.0093 0.0084 0.0076 0.0069 0.0061 0.0055 0.0048 0.0042 0.0037 0.0032 0.0027 0.0023 0.0019 0.0015 0.0012 0.0009 0.0006 0.0004 0.0001 -0.0001 -0.0026
-0.0016 0.0005 0.0007 0.0010 0.0012 0.0015 0.0018 0.0021 0.0025 0.0029 0.0033 0.0037 0.0042 0.0048 0.0054 0.0060 0.0066 0.0074 0.0081 0.0089 0.0097 0.0106 0.0115 0.0125 0.0135 0.0145 0.0156 0.0168 0.0180 0.0192 0.0205 0.0218 0.0232 0.0247 0.0261 0.0277 0.0293 0.0309 0.0326 0.0344 0.0362 0.0383 0.0567 -0.0075 -0.2348 -0.2408 -0.2464 -0.2516 -0.2566 -0.2611 -0.2631 -0.2611 -0.2566 -0.2516 -0.2464 -0.2408 -0.2348 -0.0075 0.0567 0.0383 0.0362 0.0344 0.0326 0.0309 0.0293 0.0277 0.0261 0.0247 0.0232 0.0218 0.0205 0.0192 0.0180 0.0168 0.0156 0.0145 0.0135 0.0125 0.0115 0.0106 0.0097 0.0089 0.0081 0.0074 0.0066 0.0060 0.0054 0.0048 0.0042 0.0037 0.0033 0.0029 0.0025 0.0021 0.0018 0.0015 0.0012 0.0010 0.0007 0.0005 -0.0016
-0.0006 0.0011 0.0013 0.0016 0.0019 0.0022 0.0025 0.0028 0.0031 0.0035 0.0039 0.0044 0.0048 0.0054 0.0059 0.0065 0.0072 0.0079 0.0086 0.0094 0.0102 0.0111 0.0120 0.0130 0.0140 0.0151 0.0162 0.0173 0.0185 0.0197 0.0211 0.0224 0.0238 0.0253 0.0268 0.0283 0.0299 0.0316 0.0333 0.0351 0.0370 0.0405 0.0571 -0.1079 -0.2374 -0.2432 -0.2486 -0.2537 -0.2586 -0.2630 -0.2650 -0.2630 -0.2586 -0.2537 -0.2486 -0.2432 -0.2374 -0.1079 0.0571 0.0405 0.0370 0.0351 0.0333 0.0316 0.0299 0.0283 0.0268 0.0253 0.0238 0.0224 0.0211 0.0197 0.0185 0.0173 0.0162 0.0151 0.0140 0.0130 0.0120 0.0111 0.0102 0.0094 0.0086 0.0079 0.0072 0.0065 0.0059 0.0054 0.0048 0.0044 0.0039 0.0035 0.0031 0.0028 0.0025 0.0022 0.0019 0.0016 0.0013 0.0011 -0.0006
0.0002 0.0017 0.0020 0.0023 0.0025 0.0028 0.0031 0.0035 0.0038 0.0042 0.0046 0.0050 0.0055 0.0060 0.0065 0.0071 0.0078 0.0084 0.0092 0.0099 0.0108 0.0116 0.0126 0.0135 0.0145 0.0156 0.0167 0.0179 0.0191 0.0203 0.0216 0.0230 0.0244 0.0259 0.0274 0.0290 0.0306 0.0323 0.0341 0.0359 0.0379 0.0504 0.0213 -0.2058 -0.2398 -0.2455 -0.2508 -0.2558 -0.2605 -0.2649 -0.2668 -0.2649 -0.2605 -0.2558 -0.2508 -0.2455 -0.2398 -0.2058 0.0213 0.0504 0.0379 0.0359 0.0341 0.0323 0.0306 0.0290 0.0274 0.0259 0.0244 0.0230 0.0216 0.0203 0.0191 0.0179 0.0167 0.0156 0.0145 0.0135 0.0126 0.0116 0.0108 0.0099 0.0092 0.0084 0.0078 0.0071 0.0065 0.0060 0.0055 0.0050 0.0046 0.0042 0.0038 0.0035 0.0031 0.0028 0.0025 0.0023 0.0020 0.0017 0.0002
0.0011 0.0024 0.0027 0.0029 0.0032 0.0035 0.0038 0.0042 0.0045 0.0049 0.0053 0.0057 0.0061 0.0066 0.0072 0.0078 0.0084 0.0091 0.0098 0.0105 0.0114 0.0122 0.0131 0.0141 0.0151 0.0162 0.0173 0.0184 0.0196 0.0209 0.0222 0.0236 0.0250 0.0265 0.0281 0.0297 0.0313 0.0330 0.0348 0.0367 0.0393 0.0571 -0.0646 -0.2363 -0.2422 -0.2477 -0.2529 -0.2578 -0.2624 -0.2667 -0.2686 -0.2667 -0.2624 -0.2578 -0.2529 -0.2477 -0.2422 -0.2363 -0.0646 0.0571 0.0393 0.0367 0.0348 0.0330 0.0313 0.0297 0.0281 0.0265 0.0250 0.0236 0.0222 0.0209 0.0196 0.0184 0.0173 0.0162 0.0151 0.0141 0.0131 0.0122 0.0114 0.0105 0.0098 0.0091 0.0084 0.0078 0.0072 0.0066 0.0061 0.0057 0.0053 0.0049 0.0045 0.0042 0.0038 0.0035 0.0032 0.0029 0.0027 0.0024 0.0011
0.0020 0.0031 0.0034 0.0036 0.0039 0.0043 0.0046 0.0049 0.0052 0.0056 0.0060 0.0064 0.0069 0.0074 0.0079 0.0084 0.0091 0.0097 0.0104 0.0112 0.0120 0.0128 0.0137 0.0147 0.0157 0.0168 0.0179 0.0190 0.0202 0.0215 0.0228 0.0242 0.0256 0.0271 0.0287 0.0303 0.0320 0.0338 0.0356 0.0375 0.0442 0.0429 -0.1616 -0.2388 -0.2446 -0.2499 -0.2549 -0.2597 -0.2643 -0.2685 -0.2703 -0.2685 -0.2643 -0.2597 -0.2549 -0.2499 -0.2446 -0.2388 -0.1616 0.0429 0.0442 0.0375 0.0356 0.0338 0.0320 0.0303 0.0287 0.0271 0.0256 0.0242 0.0228 0.0215 0.0202 0.0190 0.0179 0.0168 0.0157 0.0147 0.0137 0.0128 0.0120 0.0112 0.0104 0.0097 0.0091 0.0084 0.0079 0.0074 0.0069 0.0064 0.0060 0.0056 0.0052 0.0049 0.0046 0.0043 0.0039 0.0036 0.0034 0.0031 0.0020
0.0030 0.0038 0.0041 0.0044 0.0047 0.0050 0.0053 0.0056 0.0060 0.0064 0.0068 0.0072 0.0076 0.0081 0.0086 0.0092 0.0098 0.0104 0.0111 0.0119 0.0127 0.0135 0.0144 0.0154 0.0164 0.0174 0.0185 0.0197 0.0209 0.0222 0.0235 0.0249 0.0263 0.0278 0.0294 0.0310 0.0327 0.0345 0.0364 0.0386 0.0568 -0.0229 -0.2353 -0.2413 -0.2468 -0.2520 -0.2569 -0.2616 -0.2661 -0.2703 -0.2721 -0.2703 -0.2661 -0.2616 -0.2569 -0.2520 -0.2468 -0.2413 -0.2353 -0.0229 0.0568 0.0386 0.0364 0.0345 0.0327 0.0310 0.0294 0.0278 0.0263 0.0249 0.0235 0.0222 0.0209 0.0197 0.0185 0.0174 0.0164 0.0154 0.0144 0.0135 0.0127 0.0119 0.0111 0.0104 0.0098 0.0092 0.0086 0.0081 0.0076 0.0072 0.0068 0.0064 0.0060 0.0056 0.0053 0.0050 0.0047 0.0044 0.0041 0.0038 0.0030
0.0039 0.0045 0.0048 0.0051 0.0055 0.0058 0.0061 0.0064 0.0068 0.0072 0.0076 0.0080 0.0084 0.0089 0.0094 0.0099 0.0105 0.0112 0.0119 0.0126 0.0134 0.0142 0.0151 0.0161 0.0170 0.0181 0.0192 0.0203 0.0215 0.0228 0.0242 0.0256 0.0270 0.0286 0.0301 0.0318 0.0335 0.0353 0.0372 0.0412 0.0570 -0.1235 -0.2378 -0.2436 -0.2490 -0.2541 -0.2589 -0.2635 -0.2680 -0.2720 -0.2738 -0.2720 -0.2680 -0.2635 -0.2589 -0.2541 -0.2490 -0.2436 -0.2378 -0.1235 0.0570 0.0412 0.0372 0.0353 0.0335 0.0318 0.0301 0.0286 0.0270 0.0256 0.0242 0.0228 0.0215 0.0203 0.0192 0.0181 0.0170 0.0161 0.0151 0.0142 0.0134 0.0126 0.0119 0.0112 0.0105 0.0099 0.0094 0.0089 0.0084 0.0080 0.0076 0.0072 0.0068 0.0064 0.0061 0.0058 0.0055 0.0051 0.0048 0.0045 0.0039
0.0050 0.0053 0.0056 0.0059 0.0062 0.0066 0.0069 0.0073 0.0076 0.0080 0.0084 0.0088 0.0093 0.0097 0.0102 0.0108 0.0114 0.0120 0.0127 0.0134 0.0142 0.0150 0.0159 0.0168 0.0178 0.0188 0.0199 0.0211 0.0223 0.0236 0.0249 0.0263 0.0278 0.0293 0.0309 0.0325 0.0343 0.0361 0.0381 0.0550 0.0095 -0.2283 -0.2403 -0.2459 -0.2512 -0.2561 -0.2608 -0.2654 -0.2697 -0.2737 -0.2755 -0.2737 -0.2697 -0.2654 -0.2608 -0.2561 -0.2512 -0.2459 -0.2403 -0.2283 0.0095 0.0550 0.0381 0.0361 0.0343 0.0325 0.0309 0.0293 0.0278 0.0263 0.0249 0.0236 0.0223 0.0211 0.0199 0.0188 0.0178 0.0168 0.0159 0.0150 0.0142 0.0134 0.0127 0.0120 0.0114 0.0108 0.0102 0.0097 0.0093 0.0088 0.0084 0.0080 0.0076 0.0073 0.0069 0.0066 0.0062 0.0059 0.0056 0.0053 0.0050
0.0060 0.0061 0.0064 0.0067 0.0071 0.0074 0.0078 0.0081 0.0085 0.0089 0.0093 0.0097 0.0101 0.0106 0.0111 0.0116 0.0122 0.0128 0.0135 0.0142 0.0150 0.0158 0.0167 0.0176 0.0186 0.0196 0.0207 0.0218 0.0230 0.0243 0.0257 0.0271 0.0285 0.0301 0.0317 0.0334 0.0351 0.0369 0.0398 0.0579 -0.0869 -0.2368 -0.2427 -0.2481 -0.2533 -0.2581 -0.2627 -0.2672 -0.2715 -0.2754 -0.2772 -0.2754 -0.2715 -0.2672 -0.2627 -0.2581 -0.2533 -0.2481 -0.2427 -0.2368 -0.0869 0.0579 0.0398 0.0369 0.0351 0.0334 0.0317 0.0301 0.0285 0.0271 0.0257 0.0243 0.0230 0.0218 0.0207 0.0196 0.0186 0.0176 0.0167 0.0158 0.0150 0.0142 0.0135 0.0128 0.0122 0.0116 0.0111 0.0106 0.0101 0.0097 0.0093 0.0089 0.0085 0.0081 0.0078 0.0074 0.0071 0.0067 0.0064 0.0061 0.0060
0.0071 0.0069 0.0072 0.0076 0.0079 0.0083 0.0087 0.0090 0.0094 0.0098 0.0102 0.0106 0.0111 0.0115 0.0120 0.0126 0.0131 0.0137 0.0144 0.0151 0.0159 0.0167 0.0175 0.0184 0.0194 0.0204 0.0215 0.0226 0.0238 0.0251 0.0265 0.0279 0.0293 0.0309 0.0325 0.0342 0.0360 0.0378 0.0474 0.0313 -0.1851 -0.2393 -0.2450 -0.2503 -0.2553 -0.2601 -0.2646 -0.2690 -0.2732 -0.2771 -0.2788 -0.2771 -0.2732 -0.2690 -0.2646 -0.2601 -0.2553 -0.2503 -0.2450 -0.2393 -0.1851 0.0313 0.0474 0.0378 0.0360 0.0342 0.0325 0.0309 0.0293 0.0279 0.0265 0.0251 0.0238 0.0226 0.0215 0.0204 0.0194 0.0184 0.0175 0.0167 0.0159 0.0151 0.0144 0.0137 0.0131 0.0126 0.0120 0.0115 0.0111 0.0106 0.0102 0.0098 0.0094 0.0090 0.0087 0.0083 0.0079 0.0076 0.0072 0.0069 0.0071
0.0083 0.0077 0.0081 0.0084 0.0088 0.0092 0.0096 0.0099 0.0103 0.0107 0.0111 0.0116 0.0120 0.0125 0.0130 0.0135 0.0141 0.0147 0.0154 0.0161 0.0168 0.0176 0.0184 0.0193 0.0203 0.0213 0.0224 0.0235 0.0247 0.0260 0.0273 0.0287 0.0302 0.0317 0.0334 0.0351 0.0368 0.0394 0.0591 -0.0561 -0.2360 -0.2418 -0.2473 -0.2524 -0.2573 -0.2620 -0.2664 -0.2707 -0.2749 -0.2787 -0.2804 -0.2787 -0.2749 -0.2707 -0.2664 -0.2620 -0.2573 -0.2524 -0.2473 -0.2418 -0.2360 -0.0561 0.0591 0.0394 0.0368 0.0351 0.0334 0.0317 0.0302 0.0287 0.0273 0.0260 0.0247 0.0235 0.0224 0.0213 0.0203 0.0193 0.0184 0.0176 0.0168 0.0161 0.0154 0.0147 0.0141 0.0135 0.0130 0.0125 0.0120 0.0116 0.0111 0.0107 0.0103 0.0099 0.0096 0.0092 0.0088 0.0084 0.0081 0.0077 0.0083
0.0095 0.0086 0.0090 0.0093 0.0097 0.0101 0.0105 0.0109 0.0113 0.0117 0.0121 0.0126 0.0130 0.0135 0.0140 0.0145 0.0151 0.0157 0.0164 0.0170 0.0178 0.0186 0.0194 0.0203 0.0213 0.0223 0.0233 0.0245 0.0257 0.0269 0.0283 0.0296 0.0311 0.0326 0.0343 0.0360 0.0378 0.0461 0.0367 -0.1753 -0.2388 -0.2443 -0.2496 -0.2545 -0.2593 -0.2638 -0.2682 -0.2725 -0.2766 -0.2803 -0.2820 -0.2803 -0.2766 -0.2725 -0.2682 -0.2638 -0.2593 -0.2545 -0.2496 -0.2443 -0.2388 -0.1753 0.0367 0.0461 0.0378 0.0360 0.0343 0.0326 0.0311 0.0296 0.0283 0.0269 0.0257 0.0245 0.0233 0.0223 0.0213 0.0203 0.0194 0.0186 0.0178 0.0170 0.0164 0.0157 0.0151 0.0145 0.0140 0.0135 0.0130 0.0126 0.0121 0.0117 0.0113 0.0109 0.0105 0.0101 0.0097 0.0093 0.0090 0.0086 0.0095
0.0108 0.0095 0.0099 0.0103 0.0107 0.0111 0.0115 0.0119 0.0123 0.0127 0.0132 0.0136 0.0141 0.0145 0.0151 0.0156 0.0162 0.0168 0.0174 0.0181 0.0188 0.0196 0.0204 0.0213 0.0223 0.0233 0.0243 0.0255 0.0267 0.0279 0.0292 0.0306 0.0321 0.0336 0.0352 0.0370 0.0394 0.0594 -0.0492 -0.2357 -0.2415 -0.2469 -0.2519 -0.2567 -0.2613 -0.2657 -0.2700 -0.2742 -0.2782 -0.2819 -0.2836 -0.2819 -0.2782 -0.2742 -0.2700 -0.2657 -0.2613 -0.2567 -0.2519 -0.2469 -0.2415 -0.2357 -0.0492 0.0594 0.0394 0.0370 0.0352 0.0336 0.0321 0.0306 0.0292 0.0279 0.0267 0.0255 0.0243 0.0233 0.0223 0.0213 0.0204 0.0196 0.0188 0.0181 0.0174 0.0168 0.0162 0.0156 0.0151 0.0145 0.0141 0.0136 0.0132 0.0127 0.0123 0.0119 0.0115 0.0111 0.0107 0.0103 0.0099 0.0095 0.0108
0.0121 0.0104 0.0108 0.0112 0.0116 0.0121 0.0125 0.0129 0.0133 0.0138 0.0142 0.0147 0.0152 0.0156 0.0162 0.0167 0.0173 0.0179 0.0185 0.0192 0.0199 0.0207 0.0215 0.0224 0.0233 0.0243 0.0254 0.0265 0.0277 0.0290 0.0303 0.0317 0.0331 0.0346 0.0363 0.0381 0.0466 0.0351 -0.1753 -0.2387 -0.2441 -0.2493 -0.2542 -0.2589 -0.2633 -0.2677 -0.2718 -0.2759 -0.2799 -0.2835 -0.2852 -0.2835 -0.2799 -0.2759 -0.2718 -0.2677 -0.2633 -0.2589 -0.2542 -0.2493 -0.2441 -0.2387 -0.1753 0.0351 0.0466 0.0381 0.0363 0.0346 0.0331 0.0317 0.0303 0.0290 0.0277 0.0265 0.0254 0.0243 0.0233 0.0224 0.0215 0.0207 0.0199 0.0192 0.0185 0.0179 0.0173 0.0167 0.0162 0.0156 0.0152 0.0147 0.0142 0.0138 0.0133 0.0129 0.0125 0.0121 0.0116 0.0112 0.0108 0.0104 0.0121
0.0134 0.0114 0.0118 0.0122 0.0127 0.0131 0.0135 0.0140 0.0144 0.0149 0.0153 0.0158 0.0163 0.0168 0.0173 0.0179 0.0184 0.0190 0.0197 0.0203 0.0211 0.0218 0.0226 0.0235 0.0245 0.0255 0.0265 0.0276 0.0288 0.0301 0.0314 0.0328 0.0342 0.0357 0.0374 0.0402 0.0638 -0.0630 -0.2359 -0.2415 -0.2468 -0.2517 -0.2565 -0.2610 -0.2654 -0.2696 -0.2737 -0.2776 -0.2815 -0.2851 -0.2867 -0.2851 -0.2815 -0.2776 -0.2737 -0.2696 -0.2654 -0.2610 -0.2565 -0.2517 -0.2468 -0.2415 -0.2359 -0.0630 0.0638 0.0402 0.0374 0.0357 0.0342 0.0328 0.0314 0.0301 0.0288 0.0276 0.0265 0.0255 0.0245 0.0235 0.0226 0.0218 0.0211 0.0203 0.0197 0.0190 0.0184 0.0179 0.0173 0.0168 0.0163 0.0158 0.0153 0.0149 0.0144 0.0140 0.0135 0.0131 0.0127 0.0122 0.0118 0.0114 0.0134
0.0148 0.0124 0.0128 0.0133 0.0137 0.0142 0.0146 0.0151 0.0155 0.0160 0.0165 0.0170 0.0175 0.0180 0.0185 0.0191 0.0196 0.0202 0.0209 0.0215 0.0223 0.0230 0.0238 0.0247 0.0257 0.0267 0.0277 0.0288 0.0300 0.0313 0.0326 0.0339 0.0354 0.0369 0.0388 0.0563 0.0132 -0.2164 -0.2390 -0.2443 -0.2493 -0.2541 -0.2588 -0.2632 -0.2674 -0.2715 -0.2755 -0.2794 -0.2832 -0.2867 -0.2883 -0.2867 -0.2832 -0.2794 -0.2755 -0.2715 -0.2674 -0.2632 -0.2588 -0.2541 -0.2493 -0.2443 -0.2390 -0.2164 0.0132 0.0563 0.0388 0.0369 0.0354 0.0339 0.0326 0.0313 0.0300 0.0288 0.0277 0.0267 0.0257 0.0247 0.0238 0.0230 0.0223 0.0215 0.0209 0.0202 0.0196 0.0191 0.0185 0.0180 0.0175 0.0170 0.0165 0.0160 0.0155 0.0151 0.0146 0.0142 0.0137 0.0133 0.0128 0.0124 0.0148
0.0163 0.0135 0.0139 0.0143 0.0148 0.0153 0.0157 0.0162 0.0167 0.0172 0.0177 0.0182 0.0187 0.0192 0.0197 0.0203 0.0209 0.0215 0.0222 0.0228 0.0236 0.0243 0.0251 0.0260 0.0269 0.0279 0.0290 0.0301 0.0313 0.0325 0.0338 0.0352 0.0366 0.0382 0.0449 0.0480 -0.1365 -0.2370 -0.2422 -0.2472 -0.2520 -0.2566 -0.2610 -0.2653 -0.2694 -0.2735 -0.2774 -0.2812 -0.2849 -0.2883 -0.2898 -0.2883 -0.2849 -0.2812 -0.2774 -0.2735 -0.2694 -0.2653 -0.2610 -0.2566 -0.2520 -0.2472 -0.2422 -0.2370 -0.1365 0.0480 0.0449 0.0382 0.0366 0.0352 0.0338 0.0325 0.0313 0.0301 0.0290 0.0279 0.0269 0.0260 0.0251 0.0243 0.0236 0.0228 0.0222 0.0215 0.0209 0.0203 0.0197 0.0192 0.0187 0.0182 0.0177 0.0172 0.0167 0.0162 0.0157 0.0153 0.0148 0.0143 0.0139 0.0135 0.0163
0.0178 0.0146 0.0150 0.0155 0.0159 0.0164 0.0169 0.0174 0.0179 0.0184 0.0189 0.0194 0.0200 0.0205 0.0211 0.0216 0.0222 0.0228 0.0235 0.0242 0.0249 0.0257 0.0265 0.0273 0.0283 0.0292 0.0303 0.0314 0.0326 0.0338 0.0351 0.0365 0.0380 0.0418 0.0633 -0.0615 -0.2353 -0.2404 -0.2453 -0.2500 -0.2546 -0.2590 -0.2633 -0.2674 -0.2715 -0.2754 -0.2792 -0.2829 -0.2866 -0.2900 -0.2915 -0.2900 -0.2866 -0.2829 -0.2792 -0.2754 -0.2715 -0.2674 -0.2633 -0.2590 -0.2546 -0.2500 -0.2453 -0.2404 -0.2353 -0.0615 0.0633 0.0418 0.0380 0.0365 0.0351 0.0338 0.0326 0.0314 0.0303 0.0292 0.0283 0.0273 0.0265 0.0257 0.0249 0.0242 0.0235 0.0228 0.0222 0.0216 0.0211 0.0205 0.0200 0.0194 0.0189 0.0184 0.0179 0.0174 0.0169 0.0164 0.0159 0.0155 0.0150 0.0146 0.0178
0.0194 0.0157 0.0161 0.0166 0.0171 0.0176 0.0181 0.0186 0.0191 0.0197 0.0202 0.0207 0.0213 0.0218 0.0224 0.0230 0.0236 0.0242 0.0249 0.0256 0.0263 0.0271 0.0279 0.0287 0.0296 0.0306 0.0317 0.0328 0.0339 0.0352 0.0365 0.0379 0.0409 0.0698 -0.0246 -0.2341 -0.2391 -0.2439 -0.2485 -0.2529 -0.2573 -0.2615 -0.2656 -0.2696 -0.2735 -0.2773 -0.2811 -0.2847 -0.2883 -0.2917 -0.2931 -0.2917 -0.2883 -0.2847 -0.2811 -0.2773 -0.2735 -0.2696 -0.2656 -0.2615 -0.2573 -0.2529 -0.2485 -0.2439 -0.2391 -0.2341 -0.0246 0.0698 0.0409 0.0379 0.0365 0.0352 0.0339 0.0328 0.0317 0.0306 0.0296 0.0287 0.0279 0.0271 0.0263 0.0256 0.0249 0.0242 0.0236 0.0230 0.0224 0.0218 0.0213 0.0207 0.0202 0.0197 0.0191 0.0186 0.0181 0.0176 0.0171 0.0166 0.0161 0.0157 0.0194
0.0211 0.0168 0.0173 0.0178 0.0183 0.0188 0.0193 0.0199 0.0204 0.0210 0.0215 0.0221 0.0226 0.0232 0.0238 0.0244 0.0250 0.0256 0.0263 0.0270 0.0278 0.0285 0.0293 0.0302 0.0311 0.0321 0.0331 0.0342 0.0354 0.0366 0.0380 0.0409 0.0717 -0.0089 -0.2335 -0.2383 -0.2428 -0.2473 -0.2516 -0.2558 -0.2599 -0.2640 -0.2679 -0.2717 -0.2755 -0.2792 -0.2829 -0.2865 -0.2900 -0.2933 -0.2948 -0.2933 -0.2900 -0.2865 -0.2829 -0.2792 -0.2755 -0.2717 -0.2679 -0.2640 -0.2599 -0.2558 -0.2516 -0.2473 -0.2428 -0.2383 -0.2335 -0.0089 0.0717 0.0409 0.0380 0.0366 0.0354 0.0342 0.0331 0.0321 0.0311 0.0302 0.0293 0.0285 0.0278 0.0270 0.0263 0.0256 0.0250 0.0244 0.0238 0.0232 0.0226 0.0221 0.0215 0.0210 0.0204 0.0199 0.0193 0.0188 0.0183 0.0178 0.0173 0.0168 0.0211
0.0228 0.0180 0.0185 0.0190 0.0196 0.0201 0.0206 0.0212 0.0217 0.0223 0.0229 0.0235 0.0241 0.0247 0.0253 0.0259 0.0265 0.0271 0.0278 0.0286 0.0293 0.0301 0.0309 0.0317 0.0326 0.0336 0.0346 0.0357 0.0369 0.0382 0.0418 0.0698 -0.0089 -0.2333 -0.2378 -0.2422 -0.2465 -0.2506 -0.2547 -0.2587 -0.2626 -0.2665 -0.2703 -0.2739 -0.2776 -0.2812 -0.2847 -0.2882 -0.2917 -0.2950 -0.2964 -0.2950 -0.2917 -0.2882 -0.2847 -0.2812 -0.2776 -0.2739 -0.2703 -0.2665 -0.2626 -0.2587 -0.2547 -0.2506 -0.2465 -0.2422 -0.2378 -0.2333 -0.0089 0.0698 0.0418 0.0382 0.0369 0.0357 0.0346 0.0336 0.0326 0.0317 0.0309 0.0301 0.0293 0.0286 0.0278 0.0271 0.0265 0.0259 0.0253 0.0247 0.0241 0.0235 0.0229 0.0223 0.0217 0.0212 0.0206 0.0201 0.0196 0.0190 0.0185 0.0180 0.0228
0.0246 0.0193 0.0198 0.0203 0.0209 0.0214 0.0220 0.0225 0.0231 0.0237 0.0243 0.0249 0.0255 0.0261 0.0268 0.0274 0.0281 0.0287 0.0294 0.0301 0.0309 0.0317 0.0325 0.0334 0.0343 0.0352 0.0363 0.0374 0.0388 0.0449 0.0633 -0.0246 -0.2335 -0.2378 -0.2421 -0.2461 -0.2501 -0.2540 -0.2578 -0.2616 -0.2653 -0.2690 -0.2726 -0.2762 -0.2797 -0.2832 -0.2866 -0.2900 -0.2934 -0.2966 -0.2980 -0.2966 -0.2934 -0.2900 -0.2866 -0.2832 -0.2797 -0.2762 -0.2726 -0.2690 -0.2653 -0.2616 -0.2578 -0.2540 -0.2501 -0.2461 -0.2421 -0.2378 -0.2335 -0.0246 0.0633 0.0449 0.0388 0.0374 0.0363 0.0352 0.0343 0.0334 0.0325 0.0317 0.0309 0.0301 0.0294 0.0287 0.0281 0.0274 0.0268 0.0261 0.0255 0.0249 0.0243 0.0237 0.0231 0.0225 0.0220 0.0214 0.0209 0.0203 0.0198 0.0193 0.0246
0.0265 0.0206 0.0211 0.0216 0.0222 0.0228 0.0234 0.0239 0.0245 0.0251 0.0258 0.0264 0.0270 0.0277 0.0283 0.0290 0.0297 0.0303 0.0310 0.0318 0.0325 0.0334 0.0342 0.0351 0.0360 0.0370 0.0381 0.0402 0.0563 0.0480 -0.0615 -0.2341 -0.2383 -0.2422 -0.2461 -0.2499 -0.2536 -0.2573 -0.2609 -0.2645 -0.2680 -0.2715 -0.2750 -0.2784 -0.2818 -0.2851 -0.2885 -0.2918 -0.2951 -0.2982 -0.2995 -0.2982 -0.2951 -0.2918 -0.2885 -0.2851 -0.2818 -0.2784 -0.2750 -0.2715 -0.2680 -0.2645 -0.2609 -0.2573 -0.2536 -0.2499 -0.2461 -0.2422 -0.2383 -0.2341 -0.0615 0.0480 0.0563 0.0402 0.0381 0.0370 0.0360 0.0351 0.0342 0.0334 0.0325 0.0318 0.0310 0.0303 0.0297 0.0290 0.0283 0.0277 0.0270 0.0264 0.0258 0.0251 0.0245 0.0239 0.0234 0.0228 0.0222 0.0216 0.0211 0.0206 0.0265
0.0284 0.0219 0.0224 0.0230 0.0236 0.0242 0.0248 0.0254 0.0260 0.0266 0.0273 0.0279 0.0286 0.0293 0.0299 0.0306 0.0313 0.0320 0.0327 0.0335 0.0343 0.0351 0.0360 0.0368 0.0378 0.0394 0.0466 0.0638 0.0132 -0.1365 -0.2353 -0.2391 -0.2428 -0.2465 -0.2501 -0.2536 -0.2572 -0.2606 -0.2640 -0.2674 -0.2708 -0.2741 -0.2774 -0.2807 -0.2840 -0.2872 -0.2904 -0.2936 -0.2969 -0.2998 -0.3012 -0.2998 -0.2969 -0.2936 -0.2904 -0.2872 -0.2840 -0.2807 -0.2774 -0.2741 -0.2708 -0.2674 -0.2640 -0.2606 -0.2572 -0.2536 -0.2501 -0.2465 -0.2428 -0.2391 -0.2353 -0.1365 0.0132 0.0638 0.0466 0.0394 0.0378 0.0368 0.0360 0.0351 0.0343 0.0335 0.0327 0.0320 0.0313 0.0306 0.0299 0.0293 0.0286 0.0279 0.0273 0.0266 0.0260 0.0254 0.0248 0.0242 0.0236 0.0230 0.0224 0.0219 0.0284
0.0304 0.0233 0.0238 0.0244 0.0250 0.0257 0.0263 0.0269 0.0276 0.0282 0.0289 0.0295 0.0302 0.0309 0.0316 0.0323 0.0330 0.0338 0.0345 0.0353 0.0361 0.0369 0.0378 0.0394 0.0461 0.0594 0.0351 -0.0630 -0.2164 -0.2370 -0.2404 -0.2439 -0.2473 -0.2506 -0.2540 -0.2573 -0.2606 -0.2639 -0.2671 -0.2703 -0.2735 -0.2767 -0.2799 -0.2831 -0.2862 -0.2893 -0.2924 -0.2955 -0.2986 -0.3015 -0.3028 -0.3015 -0.2986 -0.2955 -0.2924 -0.2893 -0.2862 -0.2831 -0.2799 -0.2767 -0.2735 -0.2703 -0.2671 -0.2639 -0.2606 -0.2573 -0.2540 -0.2506 -0.2473 -0.2439 -0.2404 -0.2370 -0.2164 -0.0630 0.0351 0.0594 0.0461 0.0394 0.0378 0.0369 0.0361 0.0353 0.0345 0.0338 0.0330 0.0323 0.0316 0.0309 0.0302 0.0295 0.0289 0.0282 0.0276 0.0269 0.0263 0.0257 0.0250 0.0244 0.0238 0.0233 0.0304
0.0325 0.0247 0.0253 0.0259 0.0265 0.0272 0.0278 0.0285 0.0291 0.0298 0.0305 0.0312 0.0319 0.0326 0.0333 0.0341 0.0348 0.0356 0.0364 0.0372 0.0381 0.0398 0.0474 0.0591 0.0367 -0.0492 -0.1753 -0.2359 -0.2390 -0.2422 -0.2453 -0.2485 -0.2516 -0.2547 -0.2578 -0.2609 -0.2640 -0.2671 -0.2702 -0.2732 -0.2763 -0.2794 -0.2824 -0.2855 -0.2885 -0.2915 -0.2945 -0.2975 -0.3004 -0.3032 -0.3045 -0.3032 -0.3004 -0.2975 -0.2945 -0.2915 -0.2885 -0.2855 -0.2824 -0.2794 -0.2763 -0.2732 -0.2702 -0.2671 -0.2640 -0.2609 -0.2578 -0.2547 -0.2516 -0.2485 -0.2453 -0.2422 -0.2390 -0.2359 -0.1753 -0.0492 0.0367 0.0591 0.0474 0.0398 0.0381 0.0372 0.0364 0.0356 0.0348 0.0341 0.0333 0.0326 0.0319 0.0312 0.0305 0.0298 0.0291 0.0285 0.0278 0.0272 0.0265 0.0259 0.0253 0.0247 0.0325
0.0347 0.0262 0.0268 0.0274 0.0281 0.0287 0.0294 0.0301 0.0308 0.0315 0.0322 0.0329 0.0336 0.0344 0.0351 0.0359 0.0367 0.0375 0.0386 0.0412 0.0550 0.0579 0.0313 -0.0561 -0.1753 -0.2357 -0.2387 -0.2415 -0.2443 -0.2472 -0.2500 -0.2529 -0.2558 -0.2587 -0.2616 -0.2645 -0.2674 -0.2703 -0.2732 -0.2762 -0.2791 -0.2820 -0.2849 -0.2878 -0.2908 -0.2937 -0.2966 -0.2994 -0.3023 -0.3050 -0.3062 -0.3050 -0.3023 -0.2994 -0.2966 -0.2937 -0.2908 -0.2878 -0.2849 -0.2820 -0.2791 -0.2762 -0.2732 -0.2703 -0.2674 -0.2645 -0.2616 -0.2587 -0.2558 -0.2529 -0.2500 -0.2472 -0.2443 -0.2415 -0.2387 -0.2357 -0.1753 -0.0561 0.0313 0.0579 0.0550 0.0412 0.0386 0.0375 0.0367 0.0359 0.0351 0.0344 0.0336 0.0329 0.0322 0.0315 0.0308 0.0301 0.0294 0.0287 0.0281 0.0274 0.0268 0.0262 0.0347
0.0370 0.0277 0.0284 0.0290 0.0297 0.0304 0.0311 0.0318 0.0325 0.0332 0.0339 0.0347 0.0355 0.0362 0.0370 0.0379 0.0393 0.0442 0.0568 0.0570 0.0095 -0.0869 -0.1851 -0.2360 -0.2388 -0.2415 -0.2441 -0.2468 -0.2493 -0.2520 -0.2546 -0.2573 -0.2599 -0.2626 -0.2653 -0.2680 -0.2708 -0.2735 -0.2763 -0.2791 -0.2819 -0.2846 -0.2874 -0.2903 -0.2930 -0.2958 -0.2986 -0.3014 -0.3042 -0.3067 -0.3079 -0.3067 -0.3042 -0.3014 -0.2986 -0.2958 -0.2930 -0.2903 -0.2874 -0.2846 -0.2819 -0.2791 -0.2763 -0.2735 -0.2708 -0.2680 -0.2653 -0.2626 -0.2599 -0.2573 -0.2546 -0.2520 -0.2493 -0.2468 -0.2441 -0.2415 -0.2388 -0.2360 -0.1851 -0.0869 0.0095 0.0570 0.0568 0.0442 0.0393 0.0379 0.0370 0.0362 0.0355 0.0347 0.0339 0.0332 0.0325 0.0318 0.0311 0.0304 0.0297 0.0290 0.0284 0.0277 0.0370
0.0394 0.0293 0.0300 0.0307 0.0314 0.0321 0.0328 0.0335 0.0343 0.0350 0.0358 0.0365 0.0374 0.0383 0.0405 0.0504 0.0571 0.0429 -0.0229 -0.1235 -0.2283 -0.2368 -0.2393 -0.2418 -0.2443 -0.2469 -0.2493 -0.2517 -0.2541 -0.2566 -0.2590 -0.2615 -0.2640 -0.2665 -0.2690 -0.2715 -0.2741 -0.2767 -0.2794 -0.2820 -0.2846 -0.2873 -0.2900 -0.2927 -0.2954 -0.2980 -0.3007 -0.3034 -0.3061 -0.3085 -0.3096 -0.3085 -0.3061 -0.3034 -0.3007 -0.2980 -0.2954 -0.2927 -0.2900 -0.2873 -0.2846 -0.2820 -0.2794 -0.2767 -0.2741 -0.2715 -0.2690 -0.2665 -0.2640 -0.2615 -0.2590 -0.2566 -0.2541 -0.2517 -0.2493 -0.2469 -0.2443 -0.2418 -0.2393 -0.2368 -0.2283 -0.1235 -0.0229 0.0429 0.0571 0.0504 0.0405 0.0383 0.0374 0.0365 0.0358 0.0350 0.0343 0.0335 0.0328 0.0321 0.0314 0.0307 0.0300 0.0293 0.0394
0.0418 0.0310 0.0316 0.0324 0.0331 0.0338 0.0346 0.0353 0.0361 0.0369 0.0377 0.0389 0.0426 0.0567 0.0571 0.0213 -0.0646 -0.1616 -0.2353 -0.2378 -0.2403 -0.2427 -0.2450 -0.2473 -0.2496 -0.2519 -0.2542 -0.2565 -0.2588 -0.2610 -0.2633 -0.2656 -0.2679 -0.2703 -0.2726 -0.2750 -0.2774 -0.2799 -0.2824 -0.2849 -0.2874 -0.2900 -0.2926 -0.2951 -0.2977 -0.3003 -0.3028 -0.3054 -0.3080 -0.3103 -0.3114 -0.3103 -0.3080 -0.3054 -0.3028 -0.3003 -0.2977 -0.2951 -0.2926 -0.2900 -0.2874 -0.2849 -0.2824 -0.2799 -0.2774 -0.2750 -0.2726 -0.2703 -0.2679 -0.2656 -0.2633 -0.2610 -0.2588 -0.2565 -0.2542 -0.2519 -0.2496 -0.2473 -0.2450 -0.2427 -0.2403 -0.2378 -0.2353 -0.1616 -0.0646 0.0213 0.0571 0.0567 0.0426 0.0389 0.0377 0.0369 0.0361 0.0353 0.0346 0.0338 0.0331 0.0324 0.0316 0.0310 0.0418
0.0444 0.0327 0.0334 0.0341 0.0349 0.0356 0.0364 0.0372 0.0381 0.0399 0.0470 0.0570 0.0504 -0.0075 -0.1079 -0.2058 -0.2363 -0.2388 -0.2413 -0.2436 -0.2459 -0.2481 -0.2503 -0.2524 -0.2545 -0.2567 -0.2589 -0.2610 -0.2632 -0.2653 -0.2674 -0.2696 -0.2717 -0.2739 -0.2762 -0.2784 -0.2807 -0.2831 -0.2855 -0.2878 -0.2903 -0.2927 -0.2951 -0.2976 -0.3000 -0.3025 -0.3049 -0.3074 -0.3098 -0.3121 -0.3131 -0.3121 -0.3098 -0.3074 -0.3049 -0.3025 -0.3000 -0.2976 -0.2951 -0.2927 -0.2903 -0.2878 -0.2855 -0.2831 -0.2807 -0.2784 -0.2762 -0.2739 -0.2717 -0.2696 -0.2674 -0.2653 -0.2632 -0.2610 -0.2589 -0.2567 -0.2545 -0.2524 -0.2503 -0.2481 -0.2459 -0.2436 -0.2413 -0.2388 -0.2363 -0.2058 -0.1079 -0.0075 0.0504 0.0570 0.0470 0.0399 0.0381 0.0372 0.0364 0.0356 0.0349 0.0341 0.0334 0.0327 0.0444
0.0470 0.0345 0.0352 0.0359 0.0367 0.0376 0.0386 0.0415 0.0565 0.0571 0.0317 -0.0448 -0.1441 -0.2348 -0.2374 -0.2398 -0.2422 -0.2446 -0.2468 -0.2490 -0.2512 -0.2533 -0.2553 -0.2573 -0.2593 -0.2613 -0.2633 -0.2654 -0.2674 -0.2694 -0.2715 -0.2735 -0.2755 -0.2776 -0.2797 -0.2818 -0.2840 -0.2862 -0.2885 -0.2908 -0.2930 -0.2954 -0.2977 -0.3000 -0.3024 -0.3047 -0.3070 -0.3094 -0.3117 -0.3139 -0.3149 -0.3139 -0.3117 -0.3094 -0.3070 -0.3047 -0.3024 -0.3000 -0.2977 -0.2954 -0.2930 -0.2908 -0.2885 -0.2862 -0.2840 -0.2818 -0.2797 -0.2776 -0.2755 -0.2735 -0.2715 -0.2694 -0.2674 -0.2654 -0.2633 -0.2613 -0.2593 -0.2573 -0.2553 -0.2533 -0.2512 -0.2490 -0.2468 -0.2446 -0.2422 -0.2398 -0.2374 -0.2348 -0.1441 -0.0448 0.0317 0.0571 0.0565 0.0415 0.0386 0.0376 0.0367 0.0359 0.0352 0.0345 0.0470
0.0498 0.0363 0.0371 0.0379 0.0394 0.0447 0.0569 0.0569 0.0063 -0.0929 -0.1852 -0.2359 -0.2384 -0.2408 -0.2432 -0.2455 -0.2477 -0.2499 -0.2520 -0.2541 -0.2561 -0.2581 -0.2601 -0.2620 -0.2638 -0.2657 -0.2677 -0.2696 -0.2715 -0.2735 -0.2754 -0.2773 -0.2792 -0.2812 -0.2832 -0.2851 -0.2872 -0.2893 -0.2915 -0.2937 -0.2958 -0.2980 -0.3003 -0.3025 -0.3047 -0.3069 -0.3091 -0.3114 -0.3136 -0.3157 -0.3166 -0.3157 -0.3136 -0.3114 -0.3091 -0.3069 -0.3047 -0.3025 -0.3003 -0.2980 -0.2958 -0.2937 -0.2915 -0.2893 -0.2872 -0.2851 -0.2832 -0.2812 -0.2792 -0.2773 -0.2754 -0.2735 -0.2715 -0.2696 -0.2677 -0.2657 -0.2638 -0.2620 -0.2601 -0.2581 -0.2561 -0.2541 -0.2520 -0.2499 -0.2477 -0.2455 -0.2432 -0.2408 -0.2384 -0.2359 -0.1852 -0.0929 0.0063 0.0569 0.0569 0.0447 0.0394 0.0379 0.0371 0.0363 0.0498
0.0530 0.0384 0.0406 0.0514 0.0571 0.0408 -0.0271 -0.1275 -0.2343 -0.2369 -0.2394 -0.2418 -0.2441 -0.2464 -0.2486 -0.2508 -0.2529 -0.2549 -0.2569 -0.2589 -0.2608 -0.2627 -0.2646 -0.2664 -0.2682 -0.2700 -0.2718 -0.2737 -0.2755 -0.2774 -0.2792 -0.2811 -0.2829 -0.2847 -0.2866 -0.2885 -0.2904 -0.2924 -0.2945 -0.2966 -0.2986 -0.3007 -0.3028 -0.3049 -0.3070 -0.3091 -0.3113 -0.3133 -0.3155 -0.3174 -0.3183 -0.3174 -0.3155 -0.3133 -0.3113 -0.3091 -0.3070 -0.3049 -0.3028 -0.3007 -0.2986 -0.2966 -0.2945 -0.2924 -0.2904 -0.2885 -0.2866 -0.2847 -0.2829 -0.2811 -0.2792 -0.2774 -0.2755 -0.2737 -0.2718 -0.2700 -0.2682 -0.2664 -0.2646 -0.2627 -0.2608 -0.2589 -0.2569 -0.2549 -0.2529 -0.2508 -0.2486 -0.2464 -0.2441 -0.2418 -0.2394 -0.2369 -0.2343 -0.1275 -0.0271 0.0408 0.0571 0.0514 0.0406 0.0384 0.0530
0.0659 0.0568 0.0570 0.0185 -0.0699 -0.1661 -0.2354 -0.2379 -0.2404 -0.2428 -0.2451 -0.2473 -0.2495 -0.2516 -0.2537 -0.2558 -0.2578 -0.2597 -0.2616 -0.2635 -0.2654 -0.2672 -0.2690 -0.2707 -0.2725 -0.2742 -0.2759 -0.2776 -0.2794 -0.2812 -0.2829 -0.2847 -0.2865 -0.2882 -0.2900 -0.2918 -0.2936 -0.2955 -0.2975 -0.2994 -0.3014 -0.3034 -0.3054 -0.3074 -0.3094 -0.3114 -0.3133 -0.3154 -0.3173 -0.3192 -0.3200 -0.3192 -0.3173 -0.3154 -0.3133 -0.3114 -0.3094 -0.3074 -0.3054 -0.3034 -0.3014 -0.2994 -0.2975 -0.2955 -0.2936 -0.2918 -0.2900 -0.2882 -0.2865 -0.2847 -0.2829 -0.2812 -0.2794 -0.2776 -0.2759 -0.2742 -0.2725 -0.2707 -0.2690 -0.2672 -0.2654 -0.2635 -0.2616 -0.2597 -0.2578 -0.2558 -0.2537 -0.2516 -0.2495 -0.2473 -0.2451 -0.2428 -0.2404 -0.2379 -0.2354 -0.1661 -0.0699 0.0185 0.0570 0.0568 0.0659
0.0567 -0.0115 -0.1119 -0.2113 -0.2365 -0.2390 -0.2414 -0.2438 -0.2461 -0.2483 -0.2504 -0.2526 -0.2546 -0.2566 -0.2586 -0.2605 -0.2624 -0.2643 -0.2661 -0.2680 -0.2697 -0.2715 -0.2732 -0.2749 -0.2766 -0.2782 -0.2799 -0.2815 -0.2832 -0.2849 -0.2866 -0.2883 -0.2900 -0.2917 -0.2934 -0.2951 -0.2969 -0.2986 -0.3004 -0.3023 -0.3042 -0.3061 -0.3080 -0.3098 -0.3117 -0.3136 -0.3155 -0.3173 -0.3192 -0.3209 -0.3217 -0.3209 -0.3192 -0.3173 -0.3155 -0.3136 -0.3117 -0.3098 -0.3080 -0.3061 -0.3042 -0.3023 -0.3004 -0.2986 -0.2969 -0.2951 -0.2934 -0.2917 -0.2900 -0.2883 -0.2866 -0.2849 -0.2832 -0.2815 -0.2799 -0.2782 -0.2766 -0.2749 -0.2732 -0.2715 -0.2697 -0.2680 -0.2661 -0.2643 -0.2624 -0.2605 -0.2586 -0.2566 -0.2546 -0.2526 -0.2504 -0.2483 -0.2461 -0.2438 -0.2414 -0.2390 -0.2365 -0.2113 -0.1119 -0.0115 0.0567
-0.1276 -0.2319 -0.2373 -0.2398 -0.2422 -0.2445 -0.2467 -0.2489 -0.2511 -0.2532 -0.2552 -0.2572 -0.2592 -0.2611 -0.2630 -0.2649 -0.2667 -0.2685 -0.2703 -0.2720 -0.2737 -0.2754 -0.2771 -0.2787 -0.2803 -0.2819 -0.2835 -0.2851 -0.2867 -0.2883 -0.2900 -0.2917 -0.2933 -0.2950 -0.2966 -0.2982 -0.2998 -0.3015 -0.3032 -0.3050 -0.3067 -0.3085 -0.3103 -0.3121 -0.3139 -0.3157 -0.3174 -0.3192 -0.3209 -0.3226 -0.3233 -0.3226 -0.3209 -0.3192 -0.3174 -0.3157 -0.3139 -0.3121 -0.3103 -0.3085 -0.3067 -0.3050 -0.3032 -0.3015 -0.2998 -0.2982 -0.2966 -0.2950 -0.2933 -0.2917 -0.2900 -0.2883 -0.2867 -0.2851 -0.2835 -0.2819 -0.2803 -0.2787 -0.2771 -0.2754 -0.2737 -0.2720 -0.2703 -0.2685 -0.2667 -0.2649 -0.2630 -0.2611 -0.2592 -0.2572 -0.2552 -0.2532 -0.2511 -0.2489 -0.2467 -0.2445 -0.2422 -0.2398 -0.2373 -0.2319 -0.1276
-0.2015 -0.2346 -0.2399 -0.2423 -0.2446 -0.2469 -0.2491 -0.2512 -0.2533 -0.2553 -0.2573 -0.2593 -0.2612 -0.2631 -0.2650 -0.2668 -0.2686 -0.2703 -0.2721 -0.2738 -0.2755 -0.2772 -0.2788 -0.2804 -0.2820 -0.2836 -0.2852 -0.2867 -0.2883 -0.2898 -0.2915 -0.2931 -0.2948 -0.2964 -0.2980 -0.2995 -0.3012 -0.3028 -0.3045 -0.3062 -0.3079 -0.3096 -0.3114 -0.3131 -0.3149 -0.3166 -0.3183 -0.3200 -0.3217 -0.3233 -0.3240 -0.3233 -0.3217 -0.3200 -0.3183 -0.3166 -0.3149 -0.3131 -0.3114 -0.3096 -0.3079 -0.3062 -0.3045 -0.3028 -0.3012 -0.2995 -0.2980 -0.2964 -0.2948 -0.2931 -0.2915 -0.2898 -0.2883 -0.2867 -0.2852 -0.2836 -0.2820 -0.2804 -0.2788 -0.2772 -0.2755 -0.2738 -0.2721 -0.2703 -0.2686 -0.2668 -0.2650 -0.2631 -0.2612 -0.2593 -0.2573 -0.2553 -0.2533 -0.2512 -0.2491 -0.2469 -0.2446 -0.2423 -0.2399 -0.2346 -0.2015
-0.1276 -0.2319 -0.2373 -0.2398 -0.2422 -0.2445 -0.2467 -0.2489 -0.2511 -0.2532 -0.2552 -0.2572 -0.2592 -0.2611 -0.2630 -0.2649 -0.2667 -0.2685 -0.2703 -0.2720 -0.2737 -0.2754 -0.2771 -0.2787 -0.2803 -0.2819 -0.2835 -0.2851 -0.2867 -0.2883 -0.2900 -0.2917 -0.2933 -0.2950 -0.2966 -0.2982 -0.2998 -0.3015 -0.3032 -0.3050 -0.3067 -0.3085 -0.3103 -0.3121 -0.3139 -0.3157 -0.3174 -0.3192 -0.3209 -0.3226 -0.3233 -0.3226 -0.3209 -0.3192 -0.3174 -0.3157 -0.3139 -0.3121 -0.3103 -0.3085 -0.3067 -0.3050 -0.3032 -0.3015 -0.2998 -0.2982 -0.2966 -0.2950 -0.2933 -0.2917 -0.2900 -0.2883 -0.2867 -0.2851 -0.2835 -0.2819 -0.2803 -0.2787 -0.2771 -0.2754 -0.2737 -0.2720 -0.2703 -0.2685 -0.2667 -0.2649 -0.2630 -0.2611 -0.2592 -0.2572 -0.2552 -0.2532 -0.2511 -0.2489 -0.2467 -0.2445 -0.2422 -0.2398 -0.2373 -0.2319 -0.1276
0.0567 -0.0115 -0.1119 -0.2113 -0.2365 -0.2390 -0.2414 -0.2438 -0.2461 -0.2483 -0.2504 -0.2526 -0.2546 -0.2566 -0.2586 -0.2605 -0.2624 -0.2643 -0.2661 -0.2680 -0.2697 -0.2715 -0.2732 -0.2749 -0.2766 -0.2782 -0.2799 -0.2815 -0.2832 -0.2849 -0.2866 -0.2883 -0.2900 -0.2917 -0.2934 -0.2951 -0.2969 -0.2986 -0.3004 -0.3023 -0.3042 -0.3061 -0.3080 -0.3098 -0.3117 -0.3136 -0.3155 -0.3173 -0.3192 -0.3209 -0.3217 -0.3209 -0.3192 -0.3173 -0.3155 -0.3136 -0.3117 -0.3098 -0.3080 -0.3061 -0.3042 -0.3023 -0.3004 -0.2986 -0.2969 -0.2951 -0.2934 -0.2917 -0.2900 -0.2883 -0.2866 -0.2849 -0.2832 -0.2815 -0.2799 -0.2782 -0.2766 -0.2749 -0.2732 -0.2715 -0.2697 -0.2680 -0.2661 -0.2643 -0.2624 -0.2605 -0.2586 -0.2566 -0.2546 -0.2526 -0.2504 -0.2483 -0.2461 -0.2438 -0.2414 -0.2390 -0.2365 -0.2113 -0.1119 -0.0115 0.0567
