0.3147 0.3278 0.3300 0.3297 0.3288 0.3275 0.3259 0.3239 0.3217 0.3192 0.3166 0.3137 0.3107 0.3075 0.3042 0.3008 0.2972 0.2935 0.2896 0.2856 0.2814 0.2770 0.2725 0.2678 0.2629 0.2578 0.2525 0.2470 0.2413 0.2353 0.2291 0.2227 0.2160 0.2090 0.2017 0.1942 0.1863 0.1782 0.1697 0.1608 0.1516 0.1421 0.1321 0.1218 0.1110 0.0998 0.0881 0.0758 0.0616 0.0549 0.0547 0.0549 0.0616 0.0758 0.0881 0.0998 0.1110 0.1218 0.1321 0.1421 0.1516 0.1608 0.1697 0.1782 0.1863 0.1942 0.2017 0.2090 0.2160 0.2227 0.2291 0.2353 0.2413 0.2470 0.2525 0.2578 0.2629 0.2678 0.2725 0.2770 0.2814 0.2856 0.2896 0.2935 0.2972 0.3008 0.3042 0.3075 0.3107 0.3137 0.3166 0.3192 0.3217 0.3239 0.3259 0.3275 0.3288 0.3297 0.3300 0.3278 0.3147
0.3278 0.3296 0.3287 0.3270 0.3251 0.3228 0.3204 0.3178 0.3149 0.3119 0.3088 0.3055 0.3021 0.2986 0.2950 0.2912 0.2873 0.2833 0.2791 0.2748 0.2704 0.2658 0.2610 0.2561 0.2510 0.2457 0.2403 0.2346 0.2288 0.2228 0.2165 0.2101 0.2034 0.1965 0.1894 0.1820 0.1743 0.1664 0.1582 0.1497 0.1410 0.1319 0.1225 0.1128 0.1027 0.0923 0.0815 0.0700 0.0584 0.0561 0.0564 0.0561 0.0584 0.0700 0.0815 0.0923 0.1027 0.1128 0.1225 0.1319 0.1410 0.1497 0.1582 0.1664 0.1743 0.1820 0.1894 0.1965 0.2034 0.2101 0.2165 0.2228 0.2288 0.2346 0.2403 0.2457 0.2510 0.2561 0.2610 0.2658 0.2704 0.2748 0.2791 0.2833 0.2873 0.2912 0.2950 0.2986 0.3021 0.3055 0.3088 0.3119 0.3149 0.3178 0.3204 0.3228 0.3251 0.3270 0.3287 0.3296 0.3278
0.3300 0.3287 0.3276 0.3260 0.3240 0.3217 0.3193 0.3166 0.3138 0.3107 0.3075 0.3042 0.3007 0.2972 0.2935 0.2897 0.2857 0.2817 0.2774 0.2731 0.2686 0.2639 0.2591 0.2541 0.2489 0.2436 0.2381 0.2324 0.2265 0.2204 0.2140 0.2075 0.2007 0.1937 0.1865 0.1790 0.1712 0.1632 0.1549 0.1463 0.1374 0.1282 0.1187 0.1089 0.0987 0.0881 0.0772 0.0650 0.0567 0.0567 0.0570 0.0567 0.0567 0.0650 0.0772 0.0881 0.0987 0.1089 0.1187 0.1282 0.1374 0.1463 0.1549 0.1632 0.1712 0.1790 0.1865 0.1937 0.2007 0.2075 0.2140 0.2204 0.2265 0.2324 0.2381 0.2436 0.2489 0.2541 0.2591 0.2639 0.2686 0.2731 0.2774 0.2817 0.2857 0.2897 0.2935 0.2972 0.3007 0.3042 0.3075 0.3107 0.3138 0.3166 0.3193 0.3217 0.3240 0.3260 0.3276 0.3287 0.3300
0.3297 0.3270 0.3260 0.3244 0.3225 0.3202 0.3178 0.3152 0.3124 0.3093 0.3061 0.3028 0.2993 0.2957 0.2919 0.2881 0.2841 0.2799 0.2757 0.2712 0.2667 0.2619 0.2570 0.2520 0.2467 0.2413 0.2357 0.2299 0.2239 0.2178 0.2113 0.2047 0.1978 0.1907 0.1834 0.1758 0.1679 0.1598 0.1514 0.1427 0.1336 0.1243 0.1147 0.1047 0.0943 0.0836 0.0723 0.0601 0.0563 0.0570 0.0574 0.0570 0.0563 0.0601 0.0723 0.0836 0.0943 0.1047 0.1147 0.1243 0.1336 0.1427 0.1514 0.1598 0.1679 0.1758 0.1834 0.1907 0.1978 0.2047 0.2113 0.2178 0.2239 0.2299 0.2357 0.2413 0.2467 0.2520 0.2570 0.2619 0.2667 0.2712 0.2757 0.2799 0.2841 0.2881 0.2919 0.2957 0.2993 0.3028 0.3061 0.3093 0.3124 0.3152 0.3178 0.3202 0.3225 0.3244 0.3260 0.3270 0.3297
0.3288 0.3251 0.3240 0.3225 0.3206 0.3185 0.3161 0.3136 0.3108 0.3077 0.3046 0.3012 0.2978 0.2941 0.2903 0.2864 0.2824 0.2782 0.2738 0.2694 0.2647 0.2599 0.2550 0.2498 0.2445 0.2390 0.2334 0.2275 0.2214 0.2151 0.2086 0.2019 0.1949 0.1877 0.1803 0.1726 0.1646 0.1563 0.1478 0.1390 0.1298 0.1203 0.1106 0.1004 0.0899 0.0791 0.0671 0.0572 0.0566 0.0573 0.0577 0.0573 0.0566 0.0572 0.0671 0.0791 0.0899 0.1004 0.1106 0.1203 0.1298 0.1390 0.1478 0.1563 0.1646 0.1726 0.1803 0.1877 0.1949 0.2019 0.2086 0.2151 0.2214 0.2275 0.2334 0.2390 0.2445 0.2498 0.2550 0.2599 0.2647 0.2694 0.2738 0.2782 0.2824 0.2864 0.2903 0.2941 0.2978 0.3012 0.3046 0.3077 0.3108 0.3136 0.3161 0.3185 0.3206 0.3225 0.3240 0.3251 0.3288
0.3275 0.3228 0.3217 0.3202 0.3185 0.3165 0.3142 0.3117 0.3090 0.3060 0.3029 0.2996 0.2961 0.2925 0.2887 0.2848 0.2806 0.2764 0.2720 0.2674 0.2627 0.2579 0.2528 0.2476 0.2423 0.2367 0.2309 0.2250 0.2188 0.2124 0.2058 0.1990 0.1920 0.1847 0.1771 0.1693 0.1612 0.1528 0.1442 0.1352 0.1259 0.1163 0.1064 0.0961 0.0855 0.0744 0.0620 0.0563 0.0569 0.0577 0.0581 0.0577 0.0569 0.0563 0.0620 0.0744 0.0855 0.0961 0.1064 0.1163 0.1259 0.1352 0.1442 0.1528 0.1612 0.1693 0.1771 0.1847 0.1920 0.1990 0.2058 0.2124 0.2188 0.2250 0.2309 0.2367 0.2423 0.2476 0.2528 0.2579 0.2627 0.2674 0.2720 0.2764 0.2806 0.2848 0.2887 0.2925 0.2961 0.2996 0.3029 0.3060 0.3090 0.3117 0.3142 0.3165 0.3185 0.3202 0.3217 0.3228 0.3275
0.3259 0.3204 0.3193 0.3178 0.3161 0.3142 0.3121 0.3096 0.3070 0.3041 0.3010 0.2978 0.2943 0.2907 0.2869 0.2830 0.2788 0.2746 0.2701 0.2655 0.2607 0.2558 0.2507 0.2454 0.2400 0.2343 0.2285 0.2224 0.2162 0.2097 0.2030 0.1961 0.1890 0.1816 0.1739 0.1660 0.1578 0.1493 0.1405 0.1314 0.1220 0.1122 0.1022 0.0917 0.0809 0.0693 0.0581 0.0565 0.0572 0.0581 0.0585 0.0581 0.0572 0.0565 0.0581 0.0693 0.0809 0.0917 0.1022 0.1122 0.1220 0.1314 0.1405 0.1493 0.1578 0.1660 0.1739 0.1816 0.1890 0.1961 0.2030 0.2097 0.2162 0.2224 0.2285 0.2343 0.2400 0.2454 0.2507 0.2558 0.2607 0.2655 0.2701 0.2746 0.2788 0.2830 0.2869 0.2907 0.2943 0.2978 0.3010 0.3041 0.3070 0.3096 0.3121 0.3142 0.3161 0.3178 0.3193 0.3204 0.3259
0.3239 0.3178 0.3166 0.3152 0.3136 0.3117 0.3096 0.3073 0.3048 0.3020 0.2990 0.2958 0.2924 0.2888 0.2850 0.2811 0.2770 0.2727 0.2682 0.2636 0.2587 0.2537 0.2485 0.2432 0.2377 0.2319 0.2260 0.2199 0.2135 0.2070 0.2002 0.1932 0.1859 0.1784 0.1706 0.1626 0.1543 0.1457 0.1367 0.1275 0.1180 0.1081 0.0979 0.0873 0.0763 0.0640 0.0565 0.0568 0.0576 0.0584 0.0589 0.0584 0.0576 0.0568 0.0565 0.0640 0.0763 0.0873 0.0979 0.1081 0.1180 0.1275 0.1367 0.1457 0.1543 0.1626 0.1706 0.1784 0.1859 0.1932 0.2002 0.2070 0.2135 0.2199 0.2260 0.2319 0.2377 0.2432 0.2485 0.2537 0.2587 0.2636 0.2682 0.2727 0.2770 0.2811 0.2850 0.2888 0.2924 0.2958 0.2990 0.3020 0.3048 0.3073 0.3096 0.3117 0.3136 0.3152 0.3166 0.3178 0.3239
0.3217 0.3149 0.3138 0.3124 0.3108 0.3090 0.3070 0.3048 0.3023 0.2996 0.2967 0.2936 0.2903 0.2867 0.2830 0.2791 0.2750 0.2707 0.2662 0.2615 0.2567 0.2516 0.2463 0.2409 0.2353 0.2295 0.2235 0.2173 0.2108 0.2042 0.1973 0.1902 0.1828 0.1752 0.1673 0.1592 0.1507 0.1420 0.1330 0.1236 0.1139 0.1039 0.0935 0.0828 0.0714 0.0594 0.0564 0.0571 0.0579 0.0588 0.0593 0.0588 0.0579 0.0571 0.0564 0.0594 0.0714 0.0828 0.0935 0.1039 0.1139 0.1236 0.1330 0.1420 0.1507 0.1592 0.1673 0.1752 0.1828 0.1902 0.1973 0.2042 0.2108 0.2173 0.2235 0.2295 0.2353 0.2409 0.2463 0.2516 0.2567 0.2615 0.2662 0.2707 0.2750 0.2791 0.2830 0.2867 0.2903 0.2936 0.2967 0.2996 0.3023 0.3048 0.3070 0.3090 0.3108 0.3124 0.3138 0.3149 0.3217
0.3192 0.3119 0.3107 0.3093 0.3077 0.3060 0.3041 0.3020 0.2996 0.2970 0.2942 0.2912 0.2879 0.2845 0.2808 0.2769 0.2728 0.2685 0.2640 0.2594 0.2545 0.2494 0.2441 0.2386 0.2329 0.2270 0.2209 0.2146 0.2081 0.2014 0.1944 0.1872 0.1797 0.1720 0.1640 0.1557 0.1471 0.1383 0.1291 0.1196 0.1098 0.0996 0.0891 0.0782 0.0662 0.0569 0.0567 0.0574 0.0583 0.0592 0.0597 0.0592 0.0583 0.0574 0.0567 0.0569 0.0662 0.0782 0.0891 0.0996 0.1098 0.1196 0.1291 0.1383 0.1471 0.1557 0.1640 0.1720 0.1797 0.1872 0.1944 0.2014 0.2081 0.2146 0.2209 0.2270 0.2329 0.2386 0.2441 0.2494 0.2545 0.2594 0.2640 0.2685 0.2728 0.2769 0.2808 0.2845 0.2879 0.2912 0.2942 0.2970 0.2996 0.3020 0.3041 0.3060 0.3077 0.3093 0.3107 0.3119 0.3192
0.3166 0.3088 0.3075 0.3061 0.3046 0.3029 0.3010 0.2990 0.2967 0.2942 0.2915 0.2886 0.2854 0.2820 0.2784 0.2746 0.2705 0.2662 0.2618 0.2571 0.2522 0.2471 0.2418 0.2363 0.2305 0.2245 0.2183 0.2120 0.2053 0.1985 0.1914 0.1841 0.1765 0.1687 0.1606 0.1522 0.1435 0.1345 0.1252 0.1156 0.1056 0.0953 0.0846 0.0735 0.0611 0.0563 0.0570 0.0578 0.0587 0.0597 0.0602 0.0597 0.0587 0.0578 0.0570 0.0563 0.0611 0.0735 0.0846 0.0953 0.1056 0.1156 0.1252 0.1345 0.1435 0.1522 0.1606 0.1687 0.1765 0.1841 0.1914 0.1985 0.2053 0.2120 0.2183 0.2245 0.2305 0.2363 0.2418 0.2471 0.2522 0.2571 0.2618 0.2662 0.2705 0.2746 0.2784 0.2820 0.2854 0.2886 0.2915 0.2942 0.2967 0.2990 0.3010 0.3029 0.3046 0.3061 0.3075 0.3088 0.3166
0.3137 0.3055 0.3042 0.3028 0.3012 0.2996 0.2978 0.2958 0.2936 0.2912 0.2886 0.2857 0.2827 0.2794 0.2758 0.2720 0.2680 0.2638 0.2594 0.2547 0.2498 0.2447 0.2393 0.2338 0.2281 0.2220 0.2157 0.2092 0.2025 0.1956 0.1884 0.1810 0.1733 0.1654 0.1571 0.1486 0.1398 0.1307 0.1213 0.1115 0.1014 0.0909 0.0801 0.0683 0.0576 0.0565 0.0573 0.0581 0.0591 0.0601 0.0606 0.0601 0.0591 0.0581 0.0573 0.0565 0.0576 0.0683 0.0801 0.0909 0.1014 0.1115 0.1213 0.1307 0.1398 0.1486 0.1571 0.1654 0.1733 0.1810 0.1884 0.1956 0.2025 0.2092 0.2157 0.2220 0.2281 0.2338 0.2393 0.2447 0.2498 0.2547 0.2594 0.2638 0.2680 0.2720 0.2758 0.2794 0.2827 0.2857 0.2886 0.2912 0.2936 0.2958 0.2978 0.2996 0.3012 0.3028 0.3042 0.3055 0.3137
0.3107 0.3021 0.3007 0.2993 0.2978 0.2961 0.2943 0.2924 0.2903 0.2879 0.2854 0.2827 0.2797 0.2765 0.2730 0.2693 0.2653 0.2612 0.2568 0.2521 0.2472 0.2421 0.2368 0.2312 0.2254 0.2193 0.2131 0.2065 0.1997 0.1926 0.1854 0.1778 0.1700 0.1620 0.1536 0.1450 0.1361 0.1268 0.1172 0.1073 0.0971 0.0865 0.0754 0.0631 0.0564 0.0568 0.0576 0.0585 0.0595 0.0606 0.0611 0.0606 0.0595 0.0585 0.0576 0.0568 0.0564 0.0631 0.0754 0.0865 0.0971 0.1073 0.1172 0.1268 0.1361 0.1450 0.1536 0.1620 0.1700 0.1778 0.1854 0.1926 0.1997 0.2065 0.2131 0.2193 0.2254 0.2312 0.2368 0.2421 0.2472 0.2521 0.2568 0.2612 0.2653 0.2693 0.2730 0.2765 0.2797 0.2827 0.2854 0.2879 0.2903 0.2924 0.2943 0.2961 0.2978 0.2993 0.3007 0.3021 0.3107
0.3075 0.2986 0.2972 0.2957 0.2941 0.2925 0.2907 0.2888 0.2867 0.2845 0.2820 0.2794 0.2765 0.2733 0.2699 0.2663 0.2624 0.2583 0.2540 0.2494 0.2445 0.2393 0.2340 0.2285 0.2226 0.2166 0.2103 0.2037 0.1968 0.1897 0.1823 0.1746 0.1667 0.1585 0.1501 0.1413 0.1323 0.1229 0.1132 0.1031 0.0927 0.0820 0.0705 0.0588 0.0564 0.0572 0.0580 0.0589 0.0600 0.0611 0.0616 0.0611 0.0600 0.0589 0.0580 0.0572 0.0564 0.0588 0.0705 0.0820 0.0927 0.1031 0.1132 0.1229 0.1323 0.1413 0.1501 0.1585 0.1667 0.1746 0.1823 0.1897 0.1968 0.2037 0.2103 0.2166 0.2226 0.2285 0.2340 0.2393 0.2445 0.2494 0.2540 0.2583 0.2624 0.2663 0.2699 0.2733 0.2765 0.2794 0.2820 0.2845 0.2867 0.2888 0.2907 0.2925 0.2941 0.2957 0.2972 0.2986 0.3075
0.3042 0.2950 0.2935 0.2919 0.2903 0.2887 0.2869 0.2850 0.2830 0.2808 0.2784 0.2758 0.2730 0.2699 0.2666 0.2631 0.2592 0.2552 0.2509 0.2464 0.2416 0.2365 0.2312 0.2256 0.2198 0.2136 0.2073 0.2007 0.1938 0.1866 0.1791 0.1714 0.1634 0.1551 0.1465 0.1376 0.1284 0.1189 0.1090 0.0989 0.0883 0.0774 0.0652 0.0567 0.0567 0.0575 0.0584 0.0594 0.0605 0.0616 0.0621 0.0616 0.0605 0.0594 0.0584 0.0575 0.0567 0.0567 0.0652 0.0774 0.0883 0.0989 0.1090 0.1189 0.1284 0.1376 0.1465 0.1551 0.1634 0.1714 0.1791 0.1866 0.1938 0.2007 0.2073 0.2136 0.2198 0.2256 0.2312 0.2365 0.2416 0.2464 0.2509 0.2552 0.2592 0.2631 0.2666 0.2699 0.2730 0.2758 0.2784 0.2808 0.2830 0.2850 0.2869 0.2887 0.2903 0.2919 0.2935 0.2950 0.3042
0.3008 0.2912 0.2897 0.2881 0.2864 0.2848 0.2830 0.2811 0.2791 0.2769 0.2746 0.2720 0.2693 0.2663 0.2631 0.2596 0.2559 0.2519 0.2477 0.2432 0.2384 0.2334 0.2281 0.2225 0.2166 0.2105 0.2042 0.1975 0.1906 0.1835 0.1760 0.1681 0.1600 0.1515 0.1428 0.1338 0.1245 0.1148 0.1049 0.0945 0.0838 0.0726 0.0603 0.0563 0.0570 0.0578 0.0588 0.0598 0.0609 0.0621 0.0626 0.0621 0.0609 0.0598 0.0588 0.0578 0.0570 0.0563 0.0603 0.0726 0.0838 0.0945 0.1049 0.1148 0.1245 0.1338 0.1428 0.1515 0.1600 0.1681 0.1760 0.1835 0.1906 0.1975 0.2042 0.2105 0.2166 0.2225 0.2281 0.2334 0.2384 0.2432 0.2477 0.2519 0.2559 0.2596 0.2631 0.2663 0.2693 0.2720 0.2746 0.2769 0.2791 0.2811 0.2830 0.2848 0.2864 0.2881 0.2897 0.2912 0.3008
0.2972 0.2873 0.2857 0.2841 0.2824 0.2806 0.2788 0.2770 0.2750 0.2728 0.2705 0.2680 0.2653 0.2624 0.2592 0.2559 0.2522 0.2483 0.2441 0.2397 0.2350 0.2300 0.2248 0.2192 0.2133 0.2072 0.2009 0.1942 0.1873 0.1801 0.1725 0.1646 0.1565 0.1480 0.1391 0.1300 0.1205 0.1107 0.1006 0.0901 0.0793 0.0674 0.0573 0.0566 0.0574 0.0582 0.0592 0.0602 0.0614 0.0626 0.0632 0.0626 0.0614 0.0602 0.0592 0.0582 0.0574 0.0566 0.0573 0.0674 0.0793 0.0901 0.1006 0.1107 0.1205 0.1300 0.1391 0.1480 0.1565 0.1646 0.1725 0.1801 0.1873 0.1942 0.2009 0.2072 0.2133 0.2192 0.2248 0.2300 0.2350 0.2397 0.2441 0.2483 0.2522 0.2559 0.2592 0.2624 0.2653 0.2680 0.2705 0.2728 0.2750 0.2770 0.2788 0.2806 0.2824 0.2841 0.2857 0.2873 0.2972
0.2935 0.2833 0.2817 0.2799 0.2782 0.2764 0.2746 0.2727 0.2707 0.2685 0.2662 0.2638 0.2612 0.2583 0.2552 0.2519 0.2483 0.2445 0.2404 0.2360 0.2313 0.2264 0.2212 0.2157 0.2099 0.2038 0.1974 0.1908 0.1838 0.1765 0.1689 0.1610 0.1529 0.1444 0.1354 0.1261 0.1165 0.1066 0.0963 0.0857 0.0746 0.0622 0.0563 0.0569 0.0577 0.0586 0.0596 0.0607 0.0619 0.0632 0.0638 0.0632 0.0619 0.0607 0.0596 0.0586 0.0577 0.0569 0.0563 0.0622 0.0746 0.0857 0.0963 0.1066 0.1165 0.1261 0.1354 0.1444 0.1529 0.1610 0.1689 0.1765 0.1838 0.1908 0.1974 0.2038 0.2099 0.2157 0.2212 0.2264 0.2313 0.2360 0.2404 0.2445 0.2483 0.2519 0.2552 0.2583 0.2612 0.2638 0.2662 0.2685 0.2707 0.2727 0.2746 0.2764 0.2782 0.2799 0.2817 0.2833 0.2935
0.2896 0.2791 0.2774 0.2757 0.2738 0.2720 0.2701 0.2682 0.2662 0.2640 0.2618 0.2594 0.2568 0.2540 0.2509 0.2477 0.2441 0.2404 0.2364 0.2320 0.2274 0.2225 0.2173 0.2119 0.2061 0.2001 0.1938 0.1872 0.1802 0.1728 0.1652 0.1572 0.1490 0.1404 0.1314 0.1222 0.1124 0.1024 0.0919 0.0811 0.0695 0.0582 0.0565 0.0572 0.0581 0.0590 0.0601 0.0612 0.0625 0.0637 0.0643 0.0637 0.0625 0.0612 0.0601 0.0590 0.0581 0.0572 0.0565 0.0582 0.0695 0.0811 0.0919 0.1024 0.1124 0.1222 0.1314 0.1404 0.1490 0.1572 0.1652 0.1728 0.1802 0.1872 0.1938 0.2001 0.2061 0.2119 0.2173 0.2225 0.2274 0.2320 0.2364 0.2404 0.2441 0.2477 0.2509 0.2540 0.2568 0.2594 0.2618 0.2640 0.2662 0.2682 0.2701 0.2720 0.2738 0.2757 0.2774 0.2791 0.2896
0.2856 0.2748 0.2731 0.2712 0.2694 0.2674 0.2655 0.2636 0.2615 0.2594 0.2571 0.2547 0.2521 0.2494 0.2464 0.2432 0.2397 0.2360 0.2320 0.2278 0.2232 0.2184 0.2132 0.2078 0.2022 0.1962 0.1899 0.1833 0.1763 0.1689 0.1612 0.1533 0.1450 0.1363 0.1273 0.1181 0.1083 0.0981 0.0875 0.0765 0.0643 0.0566 0.0568 0.0576 0.0584 0.0594 0.0605 0.0617 0.0630 0.0643 0.0649 0.0643 0.0630 0.0617 0.0605 0.0594 0.0584 0.0576 0.0568 0.0566 0.0643 0.0765 0.0875 0.0981 0.1083 0.1181 0.1273 0.1363 0.1450 0.1533 0.1612 0.1689 0.1763 0.1833 0.1899 0.1962 0.2022 0.2078 0.2132 0.2184 0.2232 0.2278 0.2320 0.2360 0.2397 0.2432 0.2464 0.2494 0.2521 0.2547 0.2571 0.2594 0.2615 0.2636 0.2655 0.2674 0.2694 0.2712 0.2731 0.2748 0.2856
0.2814 0.2704 0.2686 0.2667 0.2647 0.2627 0.2607 0.2587 0.2567 0.2545 0.2522 0.2498 0.2472 0.2445 0.2416 0.2384 0.2350 0.2313 0.2274 0.2232 0.2188 0.2140 0.2089 0.2035 0.1979 0.1920 0.1858 0.1791 0.1722 0.1648 0.1571 0.1491 0.1408 0.1320 0.1230 0.1136 0.1038 0.0936 0.0830 0.0716 0.0596 0.0564 0.0571 0.0579 0.0588 0.0599 0.0610 0.0622 0.0636 0.0649 0.0656 0.0649 0.0636 0.0622 0.0610 0.0599 0.0588 0.0579 0.0571 0.0564 0.0596 0.0716 0.0830 0.0936 0.1038 0.1136 0.1230 0.1320 0.1408 0.1491 0.1571 0.1648 0.1722 0.1791 0.1858 0.1920 0.1979 0.2035 0.2089 0.2140 0.2188 0.2232 0.2274 0.2313 0.2350 0.2384 0.2416 0.2445 0.2472 0.2498 0.2522 0.2545 0.2567 0.2587 0.2607 0.2627 0.2647 0.2667 0.2686 0.2704 0.2814
0.2770 0.2658 0.2639 0.2619 0.2599 0.2579 0.2558 0.2537 0.2516 0.2494 0.2471 0.2447 0.2421 0.2393 0.2365 0.2334 0.2300 0.2264 0.2225 0.2184 0.2140 0.2093 0.2043 0.1990 0.1934 0.1876 0.1813 0.1748 0.1678 0.1604 0.1528 0.1448 0.1364 0.1277 0.1185 0.1090 0.0991 0.0889 0.0783 0.0664 0.0570 0.0566 0.0574 0.0583 0.0593 0.0603 0.0615 0.0628 0.0641 0.0655 0.0662 0.0655 0.0641 0.0628 0.0615 0.0603 0.0593 0.0583 0.0574 0.0566 0.0570 0.0664 0.0783 0.0889 0.0991 0.1090 0.1185 0.1277 0.1364 0.1448 0.1528 0.1604 0.1678 0.1748 0.1813 0.1876 0.1934 0.1990 0.2043 0.2093 0.2140 0.2184 0.2225 0.2264 0.2300 0.2334 0.2365 0.2393 0.2421 0.2447 0.2471 0.2494 0.2516 0.2537 0.2558 0.2579 0.2599 0.2619 0.2639 0.2658 0.2770
0.2725 0.2610 0.2591 0.2570 0.2550 0.2528 0.2507 0.2485 0.2463 0.2441 0.2418 0.2393 0.2368 0.2340 0.2312 0.2281 0.2248 0.2212 0.2173 0.2132 0.2089 0.2043 0.1994 0.1942 0.1886 0.1827 0.1766 0.1700 0.1631 0.1559 0.1482 0.1403 0.1319 0.1231 0.1139 0.1042 0.0943 0.0840 0.0731 0.0610 0.0563 0.0570 0.0578 0.0587 0.0597 0.0608 0.0620 0.0633 0.0647 0.0662 0.0668 0.0662 0.0647 0.0633 0.0620 0.0608 0.0597 0.0587 0.0578 0.0570 0.0563 0.0610 0.0731 0.0840 0.0943 0.1042 0.1139 0.1231 0.1319 0.1403 0.1482 0.1559 0.1631 0.1700 0.1766 0.1827 0.1886 0.1942 0.1994 0.2043 0.2089 0.2132 0.2173 0.2212 0.2248 0.2281 0.2312 0.2340 0.2368 0.2393 0.2418 0.2441 0.2463 0.2485 0.2507 0.2528 0.2550 0.2570 0.2591 0.2610 0.2725
0.2678 0.2561 0.2541 0.2520 0.2498 0.2476 0.2454 0.2432 0.2409 0.2386 0.2363 0.2338 0.2312 0.2285 0.2256 0.2225 0.2192 0.2157 0.2119 0.2078 0.2035 0.1990 0.1942 0.1889 0.1834 0.1776 0.1714 0.1649 0.1581 0.1509 0.1433 0.1354 0.1270 0.1182 0.1090 0.0993 0.0893 0.0788 0.0673 0.0573 0.0566 0.0573 0.0581 0.0591 0.0601 0.0613 0.0625 0.0639 0.0653 0.0668 0.0675 0.0668 0.0653 0.0639 0.0625 0.0613 0.0601 0.0591 0.0581 0.0573 0.0566 0.0573 0.0673 0.0788 0.0893 0.0993 0.1090 0.1182 0.1270 0.1354 0.1433 0.1509 0.1581 0.1649 0.1714 0.1776 0.1834 0.1889 0.1942 0.1990 0.2035 0.2078 0.2119 0.2157 0.2192 0.2225 0.2256 0.2285 0.2312 0.2338 0.2363 0.2386 0.2409 0.2432 0.2454 0.2476 0.2498 0.2520 0.2541 0.2561 0.2678
0.2629 0.2510 0.2489 0.2467 0.2445 0.2423 0.2400 0.2377 0.2353 0.2329 0.2305 0.2281 0.2254 0.2226 0.2198 0.2166 0.2133 0.2099 0.2061 0.2022 0.1979 0.1934 0.1886 0.1834 0.1779 0.1722 0.1660 0.1595 0.1527 0.1455 0.1380 0.1301 0.1218 0.1130 0.1038 0.0941 0.0840 0.0734 0.0614 0.0563 0.0569 0.0577 0.0586 0.0595 0.0606 0.0618 0.0631 0.0645 0.0660 0.0675 0.0682 0.0675 0.0660 0.0645 0.0631 0.0618 0.0606 0.0595 0.0586 0.0577 0.0569 0.0563 0.0614 0.0734 0.0840 0.0941 0.1038 0.1130 0.1218 0.1301 0.1380 0.1455 0.1527 0.1595 0.1660 0.1722 0.1779 0.1834 0.1886 0.1934 0.1979 0.2022 0.2061 0.2099 0.2133 0.2166 0.2198 0.2226 0.2254 0.2281 0.2305 0.2329 0.2353 0.2377 0.2400 0.2423 0.2445 0.2467 0.2489 0.2510 0.2629
0.2578 0.2457 0.2436 0.2413 0.2390 0.2367 0.2343 0.2319 0.2295 0.2270 0.2245 0.2220 0.2193 0.2166 0.2136 0.2105 0.2072 0.2038 0.2001 0.1962 0.1920 0.1876 0.1827 0.1776 0.1722 0.1664 0.1603 0.1538 0.1470 0.1398 0.1324 0.1245 0.1163 0.1075 0.0983 0.0886 0.0786 0.0674 0.0574 0.0565 0.0572 0.0581 0.0590 0.0600 0.0611 0.0623 0.0637 0.0651 0.0666 0.0682 0.0689 0.0682 0.0666 0.0651 0.0637 0.0623 0.0611 0.0600 0.0590 0.0581 0.0572 0.0565 0.0574 0.0674 0.0786 0.0886 0.0983 0.1075 0.1163 0.1245 0.1324 0.1398 0.1470 0.1538 0.1603 0.1664 0.1722 0.1776 0.1827 0.1876 0.1920 0.1962 0.2001 0.2038 0.2072 0.2105 0.2136 0.2166 0.2193 0.2220 0.2245 0.2270 0.2295 0.2319 0.2343 0.2367 0.2390 0.2413 0.2436 0.2457 0.2578
0.2525 0.2403 0.2381 0.2357 0.2334 0.2309 0.2285 0.2260 0.2235 0.2209 0.2183 0.2157 0.2131 0.2103 0.2073 0.2042 0.2009 0.1974 0.1938 0.1899 0.1858 0.1813 0.1766 0.1714 0.1660 0.1603 0.1542 0.1478 0.1410 0.1339 0.1264 0.1186 0.1104 0.1018 0.0925 0.0829 0.0728 0.0612 0.0563 0.0569 0.0576 0.0585 0.0595 0.0605 0.0617 0.0629 0.0642 0.0657 0.0673 0.0689 0.0696 0.0689 0.0673 0.0657 0.0642 0.0629 0.0617 0.0605 0.0595 0.0585 0.0576 0.0569 0.0563 0.0612 0.0728 0.0829 0.0925 0.1018 0.1104 0.1186 0.1264 0.1339 0.1410 0.1478 0.1542 0.1603 0.1660 0.1714 0.1766 0.1813 0.1858 0.1899 0.1938 0.1974 0.2009 0.2042 0.2073 0.2103 0.2131 0.2157 0.2183 0.2209 0.2235 0.2260 0.2285 0.2309 0.2334 0.2357 0.2381 0.2403 0.2525
0.2470 0.2346 0.2324 0.2299 0.2275 0.2250 0.2224 0.2199 0.2173 0.2146 0.2120 0.2092 0.2065 0.2037 0.2007 0.1975 0.1942 0.1908 0.1872 0.1833 0.1791 0.1748 0.1700 0.1649 0.1595 0.1538 0.1478 0.1415 0.1347 0.1275 0.1201 0.1123 0.1042 0.0955 0.0864 0.0768 0.0660 0.0571 0.0565 0.0572 0.0581 0.0590 0.0600 0.0610 0.0622 0.0635 0.0649 0.0664 0.0680 0.0696 0.0703 0.0696 0.0680 0.0664 0.0649 0.0635 0.0622 0.0610 0.0600 0.0590 0.0581 0.0572 0.0565 0.0571 0.0660 0.0768 0.0864 0.0955 0.1042 0.1123 0.1201 0.1275 0.1347 0.1415 0.1478 0.1538 0.1595 0.1649 0.1700 0.1748 0.1791 0.1833 0.1872 0.1908 0.1942 0.1975 0.2007 0.2037 0.2065 0.2092 0.2120 0.2146 0.2173 0.2199 0.2224 0.2250 0.2275 0.2299 0.2324 0.2346 0.2470
0.2413 0.2288 0.2265 0.2239 0.2214 0.2188 0.2162 0.2135 0.2108 0.2081 0.2053 0.2025 0.1997 0.1968 0.1938 0.1906 0.1873 0.1838 0.1802 0.1763 0.1722 0.1678 0.1631 0.1581 0.1527 0.1470 0.1410 0.1347 0.1280 0.1209 0.1135 0.1057 0.0976 0.0890 0.0799 0.0702 0.0595 0.0563 0.0569 0.0577 0.0585 0.0594 0.0605 0.0616 0.0628 0.0642 0.0656 0.0671 0.0687 0.0703 0.0711 0.0703 0.0687 0.0671 0.0656 0.0642 0.0628 0.0616 0.0605 0.0594 0.0585 0.0577 0.0569 0.0563 0.0595 0.0702 0.0799 0.0890 0.0976 0.1057 0.1135 0.1209 0.1280 0.1347 0.1410 0.1470 0.1527 0.1581 0.1631 0.1678 0.1722 0.1763 0.1802 0.1838 0.1873 0.1906 0.1938 0.1968 0.1997 0.2025 0.2053 0.2081 0.2108 0.2135 0.2162 0.2188 0.2214 0.2239 0.2265 0.2288 0.2413
0.2353 0.2228 0.2204 0.2178 0.2151 0.2124 0.2097 0.2070 0.2042 0.2014 0.1985 0.1956 0.1926 0.1897 0.1866 0.1835 0.1801 0.1765 0.1728 0.1689 0.1648 0.1604 0.1559 0.1509 0.1455 0.1398 0.1339 0.1275 0.1209 0.1138 0.1065 0.0988 0.0906 0.0821 0.0730 0.0624 0.0563 0.0567 0.0573 0.0581 0.0590 0.0600 0.0610 0.0622 0.0635 0.0648 0.0663 0.0678 0.0695 0.0711 0.0719 0.0711 0.0695 0.0678 0.0663 0.0648 0.0635 0.0622 0.0610 0.0600 0.0590 0.0581 0.0573 0.0567 0.0563 0.0624 0.0730 0.0821 0.0906 0.0988 0.1065 0.1138 0.1209 0.1275 0.1339 0.1398 0.1455 0.1509 0.1559 0.1604 0.1648 0.1689 0.1728 0.1765 0.1801 0.1835 0.1866 0.1897 0.1926 0.1956 0.1985 0.2014 0.2042 0.2070 0.2097 0.2124 0.2151 0.2178 0.2204 0.2228 0.2353
0.2291 0.2165 0.2140 0.2113 0.2086 0.2058 0.2030 0.2002 0.1973 0.1944 0.1914 0.1884 0.1854 0.1823 0.1791 0.1760 0.1725 0.1689 0.1652 0.1612 0.1571 0.1528 0.1482 0.1433 0.1380 0.1324 0.1264 0.1201 0.1135 0.1065 0.0992 0.0914 0.0833 0.0747 0.0647 0.0569 0.0565 0.0571 0.0578 0.0586 0.0595 0.0605 0.0616 0.0628 0.0641 0.0655 0.0670 0.0686 0.0703 0.0720 0.0728 0.0720 0.0703 0.0686 0.0670 0.0655 0.0641 0.0628 0.0616 0.0605 0.0595 0.0586 0.0578 0.0571 0.0565 0.0569 0.0647 0.0747 0.0833 0.0914 0.0992 0.1065 0.1135 0.1201 0.1264 0.1324 0.1380 0.1433 0.1482 0.1528 0.1571 0.1612 0.1652 0.1689 0.1725 0.1760 0.1791 0.1823 0.1854 0.1884 0.1914 0.1944 0.1973 0.2002 0.2030 0.2058 0.2086 0.2113 0.2140 0.2165 0.2291
0.2227 0.2101 0.2075 0.2047 0.2019 0.1990 0.1961 0.1932 0.1902 0.1872 0.1841 0.1810 0.1778 0.1746 0.1714 0.1681 0.1646 0.1610 0.1572 0.1533 0.1491 0.1448 0.1403 0.1354 0.1301 0.1245 0.1186 0.1123 0.1057 0.0988 0.0914 0.0837 0.0756 0.0662 0.0578 0.0563 0.0569 0.0576 0.0583 0.0592 0.0601 0.0612 0.0623 0.0635 0.0648 0.0663 0.0678 0.0694 0.0711 0.0729 0.0737 0.0729 0.0711 0.0694 0.0678 0.0663 0.0648 0.0635 0.0623 0.0612 0.0601 0.0592 0.0583 0.0576 0.0569 0.0563 0.0578 0.0662 0.0756 0.0837 0.0914 0.0988 0.1057 0.1123 0.1186 0.1245 0.1301 0.1354 0.1403 0.1448 0.1491 0.1533 0.1572 0.1610 0.1646 0.1681 0.1714 0.1746 0.1778 0.1810 0.1841 0.1872 0.1902 0.1932 0.1961 0.1990 0.2019 0.2047 0.2075 0.2101 0.2227
0.2160 0.2034 0.2007 0.1978 0.1949 0.1920 0.1890 0.1859 0.1828 0.1797 0.1765 0.1733 0.1700 0.1667 0.1634 0.1600 0.1565 0.1529 0.1490 0.1450 0.1408 0.1364 0.1319 0.1270 0.1218 0.1163 0.1104 0.1042 0.0976 0.0906 0.0833 0.0756 0.0668 0.0583 0.0563 0.0568 0.0574 0.0581 0.0589 0.0598 0.0608 0.0618 0.0630 0.0642 0.0656 0.0670 0.0686 0.0702 0.0720 0.0738 0.0747 0.0738 0.0720 0.0702 0.0686 0.0670 0.0656 0.0642 0.0630 0.0618 0.0608 0.0598 0.0589 0.0581 0.0574 0.0568 0.0563 0.0583 0.0668 0.0756 0.0833 0.0906 0.0976 0.1042 0.1104 0.1163 0.1218 0.1270 0.1319 0.1364 0.1408 0.1450 0.1490 0.1529 0.1565 0.1600 0.1634 0.1667 0.1700 0.1733 0.1765 0.1797 0.1828 0.1859 0.1890 0.1920 0.1949 0.1978 0.2007 0.2034 0.2160
0.2090 0.1965 0.1937 0.1907 0.1877 0.1847 0.1816 0.1784 0.1752 0.1720 0.1687 0.1654 0.1620 0.1585 0.1551 0.1515 0.1480 0.1444 0.1404 0.1363 0.1320 0.1277 0.1231 0.1182 0.1130 0.1075 0.1018 0.0955 0.0890 0.0821 0.0747 0.0662 0.0583 0.0563 0.0568 0.0573 0.0580 0.0587 0.0596 0.0605 0.0615 0.0626 0.0637 0.0650 0.0664 0.0678 0.0694 0.0711 0.0729 0.0748 0.0756 0.0748 0.0729 0.0711 0.0694 0.0678 0.0664 0.0650 0.0637 0.0626 0.0615 0.0605 0.0596 0.0587 0.0580 0.0573 0.0568 0.0563 0.0583 0.0662 0.0747 0.0821 0.0890 0.0955 0.1018 0.1075 0.1130 0.1182 0.1231 0.1277 0.1320 0.1363 0.1404 0.1444 0.1480 0.1515 0.1551 0.1585 0.1620 0.1654 0.1687 0.1720 0.1752 0.1784 0.1816 0.1847 0.1877 0.1907 0.1937 0.1965 0.2090
0.2017 0.1894 0.1865 0.1834 0.1803 0.1771 0.1739 0.1706 0.1673 0.1640 0.1606 0.1571 0.1536 0.1501 0.1465 0.1428 0.1391 0.1354 0.1314 0.1273 0.1230 0.1185 0.1139 0.1090 0.1038 0.0983 0.0925 0.0864 0.0799 0.0730 0.0647 0.0578 0.0563 0.0568 0.0573 0.0579 0.0586 0.0594 0.0603 0.0612 0.0622 0.0633 0.0645 0.0658 0.0672 0.0687 0.0703 0.0720 0.0739 0.0757 0.0766 0.0757 0.0739 0.0720 0.0703 0.0687 0.0672 0.0658 0.0645 0.0633 0.0622 0.0612 0.0603 0.0594 0.0586 0.0579 0.0573 0.0568 0.0563 0.0578 0.0647 0.0730 0.0799 0.0864 0.0925 0.0983 0.1038 0.1090 0.1139 0.1185 0.1230 0.1273 0.1314 0.1354 0.1391 0.1428 0.1465 0.1501 0.1536 0.1571 0.1606 0.1640 0.1673 0.1706 0.1739 0.1771 0.1803 0.1834 0.1865 0.1894 0.2017
0.1942 0.1820 0.1790 0.1758 0.1726 0.1693 0.1660 0.1626 0.1592 0.1557 0.1522 0.1486 0.1450 0.1413 0.1376 0.1338 0.1300 0.1261 0.1222 0.1181 0.1136 0.1090 0.1042 0.0993 0.0941 0.0886 0.0829 0.0768 0.0702 0.0624 0.0569 0.0563 0.0568 0.0573 0.0579 0.0586 0.0593 0.0601 0.0610 0.0620 0.0630 0.0642 0.0654 0.0667 0.0681 0.0696 0.0712 0.0730 0.0749 0.0768 0.0777 0.0768 0.0749 0.0730 0.0712 0.0696 0.0681 0.0667 0.0654 0.0642 0.0630 0.0620 0.0610 0.0601 0.0593 0.0586 0.0579 0.0573 0.0568 0.0563 0.0569 0.0624 0.0702 0.0768 0.0829 0.0886 0.0941 0.0993 0.1042 0.1090 0.1136 0.1181 0.1222 0.1261 0.1300 0.1338 0.1376 0.1413 0.1450 0.1486 0.1522 0.1557 0.1592 0.1626 0.1660 0.1693 0.1726 0.1758 0.1790 0.1820 0.1942
0.1863 0.1743 0.1712 0.1679 0.1646 0.1612 0.1578 0.1543 0.1507 0.1471 0.1435 0.1398 0.1361 0.1323 0.1284 0.1245 0.1205 0.1165 0.1124 0.1083 0.1038 0.0991 0.0943 0.0893 0.0840 0.0786 0.0728 0.0660 0.0595 0.0563 0.0565 0.0569 0.0574 0.0580 0.0586 0.0593 0.0601 0.0609 0.0618 0.0628 0.0639 0.0651 0.0663 0.0676 0.0691 0.0706 0.0722 0.0740 0.0759 0.0779 0.0788 0.0779 0.0759 0.0740 0.0722 0.0706 0.0691 0.0676 0.0663 0.0651 0.0639 0.0628 0.0618 0.0609 0.0601 0.0593 0.0586 0.0580 0.0574 0.0569 0.0565 0.0563 0.0595 0.0660 0.0728 0.0786 0.0840 0.0893 0.0943 0.0991 0.1038 0.1083 0.1124 0.1165 0.1205 0.1245 0.1284 0.1323 0.1361 0.1398 0.1435 0.1471 0.1507 0.1543 0.1578 0.1612 0.1646 0.1679 0.1712 0.1743 0.1863
0.1782 0.1664 0.1632 0.1598 0.1563 0.1528 0.1493 0.1457 0.1420 0.1383 0.1345 0.1307 0.1268 0.1229 0.1189 0.1148 0.1107 0.1066 0.1024 0.0981 0.0936 0.0889 0.0840 0.0788 0.0734 0.0674 0.0612 0.0571 0.0563 0.0567 0.0571 0.0576 0.0581 0.0587 0.0594 0.0601 0.0609 0.0618 0.0627 0.0637 0.0648 0.0660 0.0673 0.0686 0.0701 0.0717 0.0733 0.0751 0.0771 0.0790 0.0799 0.0790 0.0771 0.0751 0.0733 0.0717 0.0701 0.0686 0.0673 0.0660 0.0648 0.0637 0.0627 0.0618 0.0609 0.0601 0.0594 0.0587 0.0581 0.0576 0.0571 0.0567 0.0563 0.0571 0.0612 0.0674 0.0734 0.0788 0.0840 0.0889 0.0936 0.0981 0.1024 0.1066 0.1107 0.1148 0.1189 0.1229 0.1268 0.1307 0.1345 0.1383 0.1420 0.1457 0.1493 0.1528 0.1563 0.1598 0.1632 0.1664 0.1782
0.1697 0.1582 0.1549 0.1514 0.1478 0.1442 0.1405 0.1367 0.1330 0.1291 0.1252 0.1213 0.1172 0.1132 0.1090 0.1049 0.1006 0.0963 0.0919 0.0875 0.0830 0.0783 0.0731 0.0673 0.0614 0.0574 0.0563 0.0565 0.0569 0.0573 0.0578 0.0583 0.0589 0.0596 0.0603 0.0610 0.0618 0.0627 0.0637 0.0647 0.0659 0.0671 0.0683 0.0697 0.0712 0.0728 0.0745 0.0763 0.0783 0.0802 0.0812 0.0802 0.0783 0.0763 0.0745 0.0728 0.0712 0.0697 0.0683 0.0671 0.0659 0.0647 0.0637 0.0627 0.0618 0.0610 0.0603 0.0596 0.0589 0.0583 0.0578 0.0573 0.0569 0.0565 0.0563 0.0574 0.0614 0.0673 0.0731 0.0783 0.0830 0.0875 0.0919 0.0963 0.1006 0.1049 0.1090 0.1132 0.1172 0.1213 0.1252 0.1291 0.1330 0.1367 0.1405 0.1442 0.1478 0.1514 0.1549 0.1582 0.1697
0.1608 0.1497 0.1463 0.1427 0.1390 0.1352 0.1314 0.1275 0.1236 0.1196 0.1156 0.1115 0.1073 0.1031 0.0989 0.0945 0.0901 0.0857 0.0811 0.0765 0.0716 0.0664 0.0610 0.0573 0.0563 0.0565 0.0569 0.0572 0.0577 0.0581 0.0586 0.0592 0.0598 0.0605 0.0612 0.0620 0.0628 0.0637 0.0647 0.0658 0.0669 0.0682 0.0695 0.0709 0.0724 0.0740 0.0757 0.0776 0.0795 0.0815 0.0825 0.0815 0.0795 0.0776 0.0757 0.0740 0.0724 0.0709 0.0695 0.0682 0.0669 0.0658 0.0647 0.0637 0.0628 0.0620 0.0612 0.0605 0.0598 0.0592 0.0586 0.0581 0.0577 0.0572 0.0569 0.0565 0.0563 0.0573 0.0610 0.0664 0.0716 0.0765 0.0811 0.0857 0.0901 0.0945 0.0989 0.1031 0.1073 0.1115 0.1156 0.1196 0.1236 0.1275 0.1314 0.1352 0.1390 0.1427 0.1463 0.1497 0.1608
0.1516 0.1410 0.1374 0.1336 0.1298 0.1259 0.1220 0.1180 0.1139 0.1098 0.1056 0.1014 0.0971 0.0927 0.0883 0.0838 0.0793 0.0746 0.0695 0.0643 0.0596 0.0570 0.0563 0.0566 0.0569 0.0572 0.0576 0.0581 0.0585 0.0590 0.0595 0.0601 0.0608 0.0615 0.0622 0.0630 0.0639 0.0648 0.0659 0.0669 0.0681 0.0694 0.0707 0.0721 0.0737 0.0753 0.0771 0.0789 0.0809 0.0829 0.0839 0.0829 0.0809 0.0789 0.0771 0.0753 0.0737 0.0721 0.0707 0.0694 0.0681 0.0669 0.0659 0.0648 0.0639 0.0630 0.0622 0.0615 0.0608 0.0601 0.0595 0.0590 0.0585 0.0581 0.0576 0.0572 0.0569 0.0566 0.0563 0.0570 0.0596 0.0643 0.0695 0.0746 0.0793 0.0838 0.0883 0.0927 0.0971 0.1014 0.1056 0.1098 0.1139 0.1180 0.1220 0.1259 0.1298 0.1336 0.1374 0.1410 0.1516
0.1421 0.1319 0.1282 0.1243 0.1203 0.1163 0.1122 0.1081 0.1039 0.0996 0.0953 0.0909 0.0865 0.0820 0.0774 0.0726 0.0674 0.0622 0.0582 0.0566 0.0564 0.0566 0.0570 0.0573 0.0577 0.0581 0.0585 0.0590 0.0594 0.0600 0.0605 0.0612 0.0618 0.0626 0.0633 0.0642 0.0651 0.0660 0.0671 0.0682 0.0694 0.0707 0.0720 0.0735 0.0750 0.0767 0.0784 0.0803 0.0824 0.0844 0.0854 0.0844 0.0824 0.0803 0.0784 0.0767 0.0750 0.0735 0.0720 0.0707 0.0694 0.0682 0.0671 0.0660 0.0651 0.0642 0.0633 0.0626 0.0618 0.0612 0.0605 0.0600 0.0594 0.0590 0.0585 0.0581 0.0577 0.0573 0.0570 0.0566 0.0564 0.0566 0.0582 0.0622 0.0674 0.0726 0.0774 0.0820 0.0865 0.0909 0.0953 0.0996 0.1039 0.1081 0.1122 0.1163 0.1203 0.1243 0.1282 0.1319 0.1421
0.1321 0.1225 0.1187 0.1147 0.1106 0.1064 0.1022 0.0979 0.0935 0.0891 0.0846 0.0801 0.0754 0.0705 0.0652 0.0603 0.0573 0.0563 0.0565 0.0568 0.0571 0.0574 0.0578 0.0581 0.0586 0.0590 0.0595 0.0600 0.0605 0.0610 0.0616 0.0623 0.0630 0.0637 0.0645 0.0654 0.0663 0.0673 0.0683 0.0695 0.0707 0.0720 0.0734 0.0749 0.0764 0.0781 0.0799 0.0818 0.0839 0.0860 0.0870 0.0860 0.0839 0.0818 0.0799 0.0781 0.0764 0.0749 0.0734 0.0720 0.0707 0.0695 0.0683 0.0673 0.0663 0.0654 0.0645 0.0637 0.0630 0.0623 0.0616 0.0610 0.0605 0.0600 0.0595 0.0590 0.0586 0.0581 0.0578 0.0574 0.0571 0.0568 0.0565 0.0563 0.0573 0.0603 0.0652 0.0705 0.0754 0.0801 0.0846 0.0891 0.0935 0.0979 0.1022 0.1064 0.1106 0.1147 0.1187 0.1225 0.1321
0.1218 0.1128 0.1089 0.1047 0.1004 0.0961 0.0917 0.0873 0.0828 0.0782 0.0735 0.0683 0.0631 0.0588 0.0567 0.0563 0.0566 0.0569 0.0572 0.0576 0.0579 0.0583 0.0587 0.0591 0.0595 0.0600 0.0605 0.0610 0.0616 0.0622 0.0628 0.0635 0.0642 0.0650 0.0658 0.0667 0.0676 0.0686 0.0697 0.0709 0.0721 0.0735 0.0749 0.0764 0.0780 0.0797 0.0815 0.0834 0.0855 0.0876 0.0886 0.0876 0.0855 0.0834 0.0815 0.0797 0.0780 0.0764 0.0749 0.0735 0.0721 0.0709 0.0697 0.0686 0.0676 0.0667 0.0658 0.0650 0.0642 0.0635 0.0628 0.0622 0.0616 0.0610 0.0605 0.0600 0.0595 0.0591 0.0587 0.0583 0.0579 0.0576 0.0572 0.0569 0.0566 0.0563 0.0567 0.0588 0.0631 0.0683 0.0735 0.0782 0.0828 0.0873 0.0917 0.0961 0.1004 0.1047 0.1089 0.1128 0.1218
0.1110 0.1027 0.0987 0.0943 0.0899 0.0855 0.0809 0.0763 0.0714 0.0662 0.0611 0.0576 0.0564 0.0564 0.0567 0.0570 0.0574 0.0577 0.0581 0.0584 0.0588 0.0593 0.0597 0.0601 0.0606 0.0611 0.0617 0.0622 0.0628 0.0635 0.0641 0.0648 0.0656 0.0664 0.0672 0.0681 0.0691 0.0701 0.0712 0.0724 0.0737 0.0750 0.0764 0.0780 0.0796 0.0813 0.0832 0.0851 0.0872 0.0893 0.0903 0.0893 0.0872 0.0851 0.0832 0.0813 0.0796 0.0780 0.0764 0.0750 0.0737 0.0724 0.0712 0.0701 0.0691 0.0681 0.0672 0.0664 0.0656 0.0648 0.0641 0.0635 0.0628 0.0622 0.0617 0.0611 0.0606 0.0601 0.0597 0.0593 0.0588 0.0584 0.0581 0.0577 0.0574 0.0570 0.0567 0.0564 0.0564 0.0576 0.0611 0.0662 0.0714 0.0763 0.0809 0.0855 0.0899 0.0943 0.0987 0.1027 0.1110
0.0998 0.0923 0.0881 0.0836 0.0791 0.0744 0.0693 0.0640 0.0594 0.0569 0.0563 0.0565 0.0568 0.0572 0.0575 0.0578 0.0582 0.0586 0.0590 0.0594 0.0599 0.0603 0.0608 0.0613 0.0618 0.0623 0.0629 0.0635 0.0642 0.0648 0.0655 0.0663 0.0670 0.0678 0.0687 0.0696 0.0706 0.0717 0.0728 0.0740 0.0753 0.0767 0.0781 0.0797 0.0813 0.0831 0.0849 0.0869 0.0890 0.0912 0.0922 0.0912 0.0890 0.0869 0.0849 0.0831 0.0813 0.0797 0.0781 0.0767 0.0753 0.0740 0.0728 0.0717 0.0706 0.0696 0.0687 0.0678 0.0670 0.0663 0.0655 0.0648 0.0642 0.0635 0.0629 0.0623 0.0618 0.0613 0.0608 0.0603 0.0599 0.0594 0.0590 0.0586 0.0582 0.0578 0.0575 0.0572 0.0568 0.0565 0.0563 0.0569 0.0594 0.0640 0.0693 0.0744 0.0791 0.0836 0.0881 0.0923 0.0998
0.0881 0.0815 0.0772 0.0723 0.0671 0.0620 0.0581 0.0565 0.0564 0.0567 0.0570 0.0573 0.0576 0.0580 0.0584 0.0588 0.0592 0.0596 0.0601 0.0605 0.0610 0.0615 0.0620 0.0625 0.0631 0.0637 0.0642 0.0649 0.0656 0.0663 0.0670 0.0678 0.0686 0.0694 0.0703 0.0712 0.0722 0.0733 0.0745 0.0757 0.0771 0.0784 0.0799 0.0815 0.0832 0.0849 0.0868 0.0888 0.0910 0.0931 0.0942 0.0931 0.0910 0.0888 0.0868 0.0849 0.0832 0.0815 0.0799 0.0784 0.0771 0.0757 0.0745 0.0733 0.0722 0.0712 0.0703 0.0694 0.0686 0.0678 0.0670 0.0663 0.0656 0.0649 0.0642 0.0637 0.0631 0.0625 0.0620 0.0615 0.0610 0.0605 0.0601 0.0596 0.0592 0.0588 0.0584 0.0580 0.0576 0.0573 0.0570 0.0567 0.0564 0.0565 0.0581 0.0620 0.0671 0.0723 0.0772 0.0815 0.0881
0.0758 0.0700 0.0650 0.0601 0.0572 0.0563 0.0565 0.0568 0.0571 0.0574 0.0578 0.0581 0.0585 0.0589 0.0594 0.0598 0.0602 0.0607 0.0612 0.0617 0.0622 0.0628 0.0633 0.0639 0.0645 0.0651 0.0657 0.0664 0.0671 0.0678 0.0686 0.0694 0.0702 0.0711 0.0720 0.0730 0.0740 0.0751 0.0763 0.0776 0.0789 0.0803 0.0818 0.0834 0.0851 0.0869 0.0888 0.0909 0.0930 0.0952 0.0963 0.0952 0.0930 0.0909 0.0888 0.0869 0.0851 0.0834 0.0818 0.0803 0.0789 0.0776 0.0763 0.0751 0.0740 0.0730 0.0720 0.0711 0.0702 0.0694 0.0686 0.0678 0.0671 0.0664 0.0657 0.0651 0.0645 0.0639 0.0633 0.0628 0.0622 0.0617 0.0612 0.0607 0.0602 0.0598 0.0594 0.0589 0.0585 0.0581 0.0578 0.0574 0.0571 0.0568 0.0565 0.0563 0.0572 0.0601 0.0650 0.0700 0.0758
0.0616 0.0584 0.0567 0.0563 0.0566 0.0569 0.0572 0.0576 0.0579 0.0583 0.0587 0.0591 0.0595 0.0600 0.0605 0.0609 0.0614 0.0619 0.0625 0.0630 0.0636 0.0641 0.0647 0.0653 0.0660 0.0666 0.0673 0.0680 0.0687 0.0695 0.0703 0.0711 0.0720 0.0729 0.0739 0.0749 0.0759 0.0771 0.0783 0.0795 0.0809 0.0824 0.0839 0.0855 0.0872 0.0890 0.0910 0.0930 0.0952 0.0974 0.0985 0.0974 0.0952 0.0930 0.0910 0.0890 0.0872 0.0855 0.0839 0.0824 0.0809 0.0795 0.0783 0.0771 0.0759 0.0749 0.0739 0.0729 0.0720 0.0711 0.0703 0.0695 0.0687 0.0680 0.0673 0.0666 0.0660 0.0653 0.0647 0.0641 0.0636 0.0630 0.0625 0.0619 0.0614 0.0609 0.0605 0.0600 0.0595 0.0591 0.0587 0.0583 0.0579 0.0576 0.0572 0.0569 0.0566 0.0563 0.0567 0.0584 0.0616
0.0549 0.0561 0.0567 0.0570 0.0573 0.0577 0.0581 0.0584 0.0588 0.0592 0.0597 0.0601 0.0606 0.0611 0.0616 0.0621 0.0626 0.0632 0.0637 0.0643 0.0649 0.0655 0.0662 0.0668 0.0675 0.0682 0.0689 0.0696 0.0703 0.0711 0.0720 0.0729 0.0738 0.0748 0.0757 0.0768 0.0779 0.0790 0.0802 0.0815 0.0829 0.0844 0.0860 0.0876 0.0893 0.0912 0.0931 0.0952 0.0974 0.0996 0.1007 0.0996 0.0974 0.0952 0.0931 0.0912 0.0893 0.0876 0.0860 0.0844 0.0829 0.0815 0.0802 0.0790 0.0779 0.0768 0.0757 0.0748 0.0738 0.0729 0.0720 0.0711 0.0703 0.0696 0.0689 0.0682 0.0675 0.0668 0.0662 0.0655 0.0649 0.0643 0.0637 0.0632 0.0626 0.0621 0.0616 0.0611 0.0606 0.0601 0.0597 0.0592 0.0588 0.0584 0.0581 0.0577 0.0573 0.0570 0.0567 0.0561 0.0549
0.0547 0.0564 0.0570 0.0574 0.0577 0.0581 0.0585 0.0589 0.0593 0.0597 0.0602 0.0606 0.0611 0.0616 0.0621 0.0626 0.0632 0.0638 0.0643 0.0649 0.0656 0.0662 0.0668 0.0675 0.0682 0.0689 0.0696 0.0703 0.0711 0.0719 0.0728 0.0737 0.0747 0.0756 0.0766 0.0777 0.0788 0.0799 0.0812 0.0825 0.0839 0.0854 0.0870 0.0886 0.0903 0.0922 0.0942 0.0963 0.0985 0.1007 0.1017 0.1007 0.0985 0.0963 0.0942 0.0922 0.0903 0.0886 0.0870 0.0854 0.0839 0.0825 0.0812 0.0799 0.0788 0.0777 0.0766 0.0756 0.0747 0.0737 0.0728 0.0719 0.0711 0.0703 0.0696 0.0689 0.0682 0.0675 0.0668 0.0662 0.0656 0.0649 0.0643 0.0638 0.0632 0.0626 0.0621 0.0616 0.0611 0.0606 0.0602 0.0597 0.0593 0.0589 0.0585 0.0581 0.0577 0.0574 0.0570 0.0564 0.0547
0.0549 0.0561 0.0567 0.0570 0.0573 0.0577 0.0581 0.0584 0.0588 0.0592 0.0597 0.0601 0.0606 0.0611 0.0616 0.0621 0.0626 0.0632 0.0637 0.0643 0.0649 0.0655 0.0662 0.0668 0.0675 0.0682 0.0689 0.0696 0.0703 0.0711 0.0720 0.0729 0.0738 0.0748 0.0757 0.0768 0.0779 0.0790 0.0802 0.0815 0.0829 0.0844 0.0860 0.0876 0.0893 0.0912 0.0931 0.0952 0.0974 0.0996 0.1007 0.0996 0.0974 0.0952 0.0931 0.0912 0.0893 0.0876 0.0860 0.0844 0.0829 0.0815 0.0802 0.0790 0.0779 0.0768 0.0757 0.0748 0.0738 0.0729 0.0720 0.0711 0.0703 0.0696 0.0689 0.0682 0.0675 0.0668 0.0662 0.0655 0.0649 0.0643 0.0637 0.0632 0.0626 0.0621 0.0616 0.0611 0.0606 0.0601 0.0597 0.0592 0.0588 0.0584 0.0581 0.0577 0.0573 0.0570 0.0567 0.0561 0.0549
0.0616 0.0584 0.0567 0.0563 0.0566 0.0569 0.0572 0.0576 0.0579 0.0583 0.0587 0.0591 0.0595 0.0600 0.0605 0.0609 0.0614 0.0619 0.0625 0.0630 0.0636 0.0641 0.0647 0.0653 0.0660 0.0666 0.0673 0.0680 0.0687 0.0695 0.0703 0.0711 0.0720 0.0729 0.0739 0.0749 0.0759 0.0771 0.0783 0.0795 0.0809 0.0824 0.0839 0.0855 0.0872 0.0890 0.0910 0.0930 0.0952 0.0974 0.0985 0.0974 0.0952 0.0930 0.0910 0.0890 0.0872 0.0855 0.0839 0.0824 0.0809 0.0795 0.0783 0.0771 0.0759 0.0749 0.0739 0.0729 0.0720 0.0711 0.0703 0.0695 0.0687 0.0680 0.0673 0.0666 0.0660 0.0653 0.0647 0.0641 0.0636 0.0630 0.0625 0.0619 0.0614 0.0609 0.0605 0.0600 0.0595 0.0591 0.0587 0.0583 0.0579 0.0576 0.0572 0.0569 0.0566 0.0563 0.0567 0.0584 0.0616
0.0758 0.0700 0.0650 0.0601 0.0572 0.0563 0.0565 0.0568 0.0571 0.0574 0.0578 0.0581 0.0585 0.0589 0.0594 0.0598 0.0602 0.0607 0.0612 0.0617 0.0622 0.0628 0.0633 0.0639 0.0645 0.0651 0.0657 0.0664 0.0671 0.0678 0.0686 0.0694 0.0702 0.0711 0.0720 0.0730 0.0740 0.0751 0.0763 0.0776 0.0789 0.0803 0.0818 0.0834 0.0851 0.0869 0.0888 0.0909 0.0930 0.0952 0.0963 0.0952 0.0930 0.0909 0.0888 0.0869 0.0851 0.0834 0.0818 0.0803 0.0789 0.0776 0.0763 0.0751 0.0740 0.0730 0.0720 0.0711 0.0702 0.0694 0.0686 0.0678 0.0671 0.0664 0.0657 0.0651 0.0645 0.0639 0.0633 0.0628 0.0622 0.0617 0.0612 0.0607 0.0602 0.0598 0.0594 0.0589 0.0585 0.0581 0.0578 0.0574 0.0571 0.0568 0.0565 0.0563 0.0572 0.0601 0.0650 0.0700 0.0758
0.0881 0.0815 0.0772 0.0723 0.0671 0.0620 0.0581 0.0565 0.0564 0.0567 0.0570 0.0573 0.0576 0.0580 0.0584 0.0588 0.0592 0.0596 0.0601 0.0605 0.0610 0.0615 0.0620 0.0625 0.0631 0.0637 0.0642 0.0649 0.0656 0.0663 0.0670 0.0678 0.0686 0.0694 0.0703 0.0712 0.0722 0.0733 0.0745 0.0757 0.0771 0.0784 0.0799 0.0815 0.0832 0.0849 0.0868 0.0888 0.0910 0.0931 0.0942 0.0931 0.0910 0.0888 0.0868 0.0849 0.0832 0.0815 0.0799 0.0784 0.0771 0.0757 0.0745 0.0733 0.0722 0.0712 0.0703 0.0694 0.0686 0.0678 0.0670 0.0663 0.0656 0.0649 0.0642 0.0637 0.0631 0.0625 0.0620 0.0615 0.0610 0.0605 0.0601 0.0596 0.0592 0.0588 0.0584 0.0580 0.0576 0.0573 0.0570 0.0567 0.0564 0.0565 0.0581 0.0620 0.0671 0.0723 0.0772 0.0815 0.0881
0.0998 0.0923 0.0881 0.0836 0.0791 0.0744 0.0693 0.0640 0.0594 0.0569 0.0563 0.0565 0.0568 0.0572 0.0575 0.0578 0.0582 0.0586 0.0590 0.0594 0.0599 0.0603 0.0608 0.0613 0.0618 0.0623 0.0629 0.0635 0.0642 0.0648 0.0655 0.0663 0.0670 0.0678 0.0687 0.0696 0.0706 0.0717 0.0728 0.0740 0.0753 0.0767 0.0781 0.0797 0.0813 0.0831 0.0849 0.0869 0.0890 0.0912 0.0922 0.0912 0.0890 0.0869 0.0849 0.0831 0.0813 0.0797 0.0781 0.0767 0.0753 0.0740 0.0728 0.0717 0.0706 0.0696 0.0687 0.0678 0.0670 0.0663 0.0655 0.0648 0.0642 0.0635 0.0629 0.0623 0.0618 0.0613 0.0608 0.0603 0.0599 0.0594 0.0590 0.0586 0.0582 0.0578 0.0575 0.0572 0.0568 0.0565 0.0563 0.0569 0.0594 0.0640 0.0693 0.0744 0.0791 0.0836 0.0881 0.0923 0.0998
