0.0665 0.0738 0.0779 0.0801 0.0825 0.0850 0.0877 0.0904 0.0934 0.0964 0.0996 0.1030 0.1065 0.1102 0.1141 0.1181 0.1223 0.1267 0.1313 0.1361 0.1410 0.1462 0.1515 0.1571 0.1628 0.1688 0.1749 0.1812 0.1877 0.1943 0.2011 0.2081 0.2152 0.2224 0.2297 0.2371 0.2445 0.2520 0.2595 0.2670 0.2744 0.2817 0.2889 0.2958 0.3025 0.3087 0.3144 0.3193 0.3234 0.3262 0.3266 0.3262 0.3234 0.3193 0.3144 0.3087 0.3025 0.2958 0.2889 0.2817 0.2744 0.2670 0.2595 0.2520 0.2445 0.2371 0.2297 0.2224 0.2152 0.2081 0.2011 0.1943 0.1877 0.1812 0.1749 0.1688 0.1628 0.1571 0.1515 0.1462 0.1410 0.1361 0.1313 0.1267 0.1223 0.1181 0.1141 0.1102 0.1065 0.1030 0.0996 0.0964 0.0934 0.0904 0.0877 0.0850 0.0825 0.0801 0.0779 0.0738 0.0665
0.0738 0.0847 0.0883 0.0908 0.0936 0.0966 0.0997 0.1030 0.1065 0.1102 0.1141 0.1181 0.1223 0.1267 0.1313 0.1361 0.1411 0.1462 0.1516 0.1571 0.1629 0.1688 0.1749 0.1812 0.1877 0.1944 0.2012 0.2081 0.2152 0.2225 0.2298 0.2372 0.2446 0.2521 0.2597 0.2671 0.2746 0.2819 0.2891 0.2961 0.3028 0.3091 0.3149 0.3200 0.3242 0.3275 0.3298 0.3313 0.3320 0.3318 0.3311 0.3318 0.3320 0.3313 0.3298 0.3275 0.3242 0.3200 0.3149 0.3091 0.3028 0.2961 0.2891 0.2819 0.2746 0.2671 0.2597 0.2521 0.2446 0.2372 0.2298 0.2225 0.2152 0.2081 0.2012 0.1944 0.1877 0.1812 0.1749 0.1688 0.1629 0.1571 0.1516 0.1462 0.1411 0.1361 0.1313 0.1267 0.1223 0.1181 0.1141 0.1102 0.1065 0.1030 0.0997 0.0966 0.0936 0.0908 0.0883 0.0847 0.0738
0.0779 0.0883 0.0916 0.0940 0.0967 0.0997 0.1028 0.1062 0.1098 0.1136 0.1176 0.1218 0.1261 0.1307 0.1354 0.1404 0.1455 0.1508 0.1564 0.1621 0.1680 0.1741 0.1804 0.1869 0.1935 0.2003 0.2072 0.2143 0.2215 0.2288 0.2362 0.2437 0.2512 0.2587 0.2662 0.2737 0.2810 0.2882 0.2953 0.3020 0.3084 0.3143 0.3195 0.3240 0.3275 0.3300 0.3317 0.3326 0.3327 0.3322 0.3313 0.3322 0.3327 0.3326 0.3317 0.3300 0.3275 0.3240 0.3195 0.3143 0.3084 0.3020 0.2953 0.2882 0.2810 0.2737 0.2662 0.2587 0.2512 0.2437 0.2362 0.2288 0.2215 0.2143 0.2072 0.2003 0.1935 0.1869 0.1804 0.1741 0.1680 0.1621 0.1564 0.1508 0.1455 0.1404 0.1354 0.1307 0.1261 0.1218 0.1176 0.1136 0.1098 0.1062 0.1028 0.0997 0.0967 0.0940 0.0916 0.0883 0.0779
0.0801 0.0908 0.0940 0.0962 0.0987 0.1016 0.1047 0.1080 0.1116 0.1153 0.1194 0.1236 0.1280 0.1326 0.1374 0.1424 0.1477 0.1531 0.1587 0.1645 0.1705 0.1766 0.1830 0.1895 0.1962 0.2031 0.2101 0.2172 0.2245 0.2318 0.2393 0.2467 0.2542 0.2618 0.2692 0.2767 0.2840 0.2911 0.2980 0.3047 0.3109 0.3165 0.3214 0.3255 0.3286 0.3308 0.3321 0.3327 0.3326 0.3319 0.3309 0.3319 0.3326 0.3327 0.3321 0.3308 0.3286 0.3255 0.3214 0.3165 0.3109 0.3047 0.2980 0.2911 0.2840 0.2767 0.2692 0.2618 0.2542 0.2467 0.2393 0.2318 0.2245 0.2172 0.2101 0.2031 0.1962 0.1895 0.1830 0.1766 0.1705 0.1645 0.1587 0.1531 0.1477 0.1424 0.1374 0.1326 0.1280 0.1236 0.1194 0.1153 0.1116 0.1080 0.1047 0.1016 0.0987 0.0962 0.0940 0.0908 0.0801
0.0825 0.0936 0.0967 0.0987 0.1011 0.1038 0.1068 0.1100 0.1135 0.1173 0.1213 0.1255 0.1300 0.1346 0.1395 0.1446 0.1499 0.1554 0.1611 0.1669 0.1730 0.1793 0.1857 0.1923 0.1991 0.2060 0.2130 0.2202 0.2275 0.2349 0.2424 0.2499 0.2574 0.2649 0.2723 0.2797 0.2870 0.2940 0.3008 0.3073 0.3133 0.3187 0.3232 0.3269 0.3297 0.3315 0.3324 0.3327 0.3324 0.3315 0.3304 0.3315 0.3324 0.3327 0.3324 0.3315 0.3297 0.3269 0.3232 0.3187 0.3133 0.3073 0.3008 0.2940 0.2870 0.2797 0.2723 0.2649 0.2574 0.2499 0.2424 0.2349 0.2275 0.2202 0.2130 0.2060 0.1991 0.1923 0.1857 0.1793 0.1730 0.1669 0.1611 0.1554 0.1499 0.1446 0.1395 0.1346 0.1300 0.1255 0.1213 0.1173 0.1135 0.1100 0.1068 0.1038 0.1011 0.0987 0.0967 0.0936 0.0825
0.0850 0.0966 0.0997 0.1016 0.1038 0.1064 0.1092 0.1124 0.1158 0.1195 0.1235 0.1276 0.1321 0.1368 0.1417 0.1468 0.1522 0.1577 0.1635 0.1694 0.1756 0.1819 0.1884 0.1951 0.2019 0.2089 0.2160 0.2232 0.2306 0.2380 0.2455 0.2530 0.2605 0.2680 0.2754 0.2827 0.2899 0.2969 0.3036 0.3098 0.3156 0.3207 0.3249 0.3282 0.3305 0.3320 0.3326 0.3327 0.3322 0.3311 0.3299 0.3311 0.3322 0.3327 0.3326 0.3320 0.3305 0.3282 0.3249 0.3207 0.3156 0.3098 0.3036 0.2969 0.2899 0.2827 0.2754 0.2680 0.2605 0.2530 0.2455 0.2380 0.2306 0.2232 0.2160 0.2089 0.2019 0.1951 0.1884 0.1819 0.1756 0.1694 0.1635 0.1577 0.1522 0.1468 0.1417 0.1368 0.1321 0.1276 0.1235 0.1195 0.1158 0.1124 0.1092 0.1064 0.1038 0.1016 0.0997 0.0966 0.0850
0.0877 0.0997 0.1028 0.1047 0.1068 0.1092 0.1119 0.1150 0.1183 0.1219 0.1258 0.1300 0.1344 0.1391 0.1440 0.1492 0.1545 0.1601 0.1659 0.1720 0.1782 0.1846 0.1912 0.1979 0.2048 0.2118 0.2190 0.2263 0.2336 0.2411 0.2486 0.2561 0.2636 0.2711 0.2785 0.2857 0.2928 0.2997 0.3062 0.3123 0.3178 0.3225 0.3264 0.3293 0.3312 0.3323 0.3327 0.3325 0.3318 0.3306 0.3293 0.3306 0.3318 0.3325 0.3327 0.3323 0.3312 0.3293 0.3264 0.3225 0.3178 0.3123 0.3062 0.2997 0.2928 0.2857 0.2785 0.2711 0.2636 0.2561 0.2486 0.2411 0.2336 0.2263 0.2190 0.2118 0.2048 0.1979 0.1912 0.1846 0.1782 0.1720 0.1659 0.1601 0.1545 0.1492 0.1440 0.1391 0.1344 0.1300 0.1258 0.1219 0.1183 0.1150 0.1119 0.1092 0.1068 0.1047 0.1028 0.0997 0.0877
0.0904 0.1030 0.1062 0.1080 0.1100 0.1124 0.1150 0.1179 0.1211 0.1246 0.1284 0.1325 0.1369 0.1416 0.1465 0.1516 0.1570 0.1626 0.1685 0.1745 0.1808 0.1873 0.1939 0.2007 0.2077 0.2148 0.2220 0.2293 0.2367 0.2442 0.2517 0.2592 0.2667 0.2741 0.2815 0.2887 0.2957 0.3025 0.3088 0.3147 0.3199 0.3242 0.3277 0.3302 0.3318 0.3326 0.3327 0.3323 0.3314 0.3300 0.3286 0.3300 0.3314 0.3323 0.3327 0.3326 0.3318 0.3302 0.3277 0.3242 0.3199 0.3147 0.3088 0.3025 0.2957 0.2887 0.2815 0.2741 0.2667 0.2592 0.2517 0.2442 0.2367 0.2293 0.2220 0.2148 0.2077 0.2007 0.1939 0.1873 0.1808 0.1745 0.1685 0.1626 0.1570 0.1516 0.1465 0.1416 0.1369 0.1325 0.1284 0.1246 0.1211 0.1179 0.1150 0.1124 0.1100 0.1080 0.1062 0.1030 0.0904
0.0934 0.1065 0.1098 0.1116 0.1135 0.1158 0.1183 0.1211 0.1242 0.1276 0.1313 0.1354 0.1397 0.1442 0.1491 0.1543 0.1596 0.1652 0.1711 0.1772 0.1835 0.1900 0.1967 0.2036 0.2106 0.2178 0.2250 0.2324 0.2398 0.2473 0.2548 0.2623 0.2698 0.2772 0.2845 0.2917 0.2986 0.3051 0.3113 0.3169 0.3218 0.3258 0.3288 0.3309 0.3322 0.3327 0.3326 0.3320 0.3309 0.3293 0.3279 0.3293 0.3309 0.3320 0.3326 0.3327 0.3322 0.3309 0.3288 0.3258 0.3218 0.3169 0.3113 0.3051 0.2986 0.2917 0.2845 0.2772 0.2698 0.2623 0.2548 0.2473 0.2398 0.2324 0.2250 0.2178 0.2106 0.2036 0.1967 0.1900 0.1835 0.1772 0.1711 0.1652 0.1596 0.1543 0.1491 0.1442 0.1397 0.1354 0.1313 0.1276 0.1242 0.1211 0.1183 0.1158 0.1135 0.1116 0.1098 0.1065 0.0934
0.0964 0.1102 0.1136 0.1153 0.1173 0.1195 0.1219 0.1246 0.1276 0.1309 0.1346 0.1385 0.1427 0.1472 0.1520 0.1571 0.1625 0.1681 0.1739 0.1800 0.1863 0.1929 0.1996 0.2065 0.2136 0.2208 0.2281 0.2355 0.2429 0.2504 0.2579 0.2654 0.2729 0.2803 0.2875 0.2946 0.3013 0.3078 0.3137 0.3190 0.3236 0.3272 0.3298 0.3316 0.3325 0.3327 0.3324 0.3316 0.3303 0.3286 0.3271 0.3286 0.3303 0.3316 0.3324 0.3327 0.3325 0.3316 0.3298 0.3272 0.3236 0.3190 0.3137 0.3078 0.3013 0.2946 0.2875 0.2803 0.2729 0.2654 0.2579 0.2504 0.2429 0.2355 0.2281 0.2208 0.2136 0.2065 0.1996 0.1929 0.1863 0.1800 0.1739 0.1681 0.1625 0.1571 0.1520 0.1472 0.1427 0.1385 0.1346 0.1309 0.1276 0.1246 0.1219 0.1195 0.1173 0.1153 0.1136 0.1102 0.0964
0.0996 0.1141 0.1176 0.1194 0.1213 0.1235 0.1258 0.1284 0.1313 0.1346 0.1381 0.1419 0.1460 0.1504 0.1551 0.1602 0.1655 0.1711 0.1769 0.1830 0.1892 0.1958 0.2025 0.2095 0.2166 0.2238 0.2311 0.2386 0.2460 0.2535 0.2610 0.2685 0.2760 0.2833 0.2905 0.2974 0.3041 0.3103 0.3160 0.3210 0.3252 0.3284 0.3306 0.3320 0.3327 0.3326 0.3321 0.3311 0.3297 0.3279 0.3263 0.3279 0.3297 0.3311 0.3321 0.3326 0.3327 0.3320 0.3306 0.3284 0.3252 0.3210 0.3160 0.3103 0.3041 0.2974 0.2905 0.2833 0.2760 0.2685 0.2610 0.2535 0.2460 0.2386 0.2311 0.2238 0.2166 0.2095 0.2025 0.1958 0.1892 0.1830 0.1769 0.1711 0.1655 0.1602 0.1551 0.1504 0.1460 0.1419 0.1381 0.1346 0.1313 0.1284 0.1258 0.1235 0.1213 0.1194 0.1176 0.1141 0.0996
0.1030 0.1181 0.1218 0.1236 0.1255 0.1276 0.1300 0.1325 0.1354 0.1385 0.1419 0.1456 0.1496 0.1539 0.1586 0.1635 0.1688 0.1743 0.1801 0.1861 0.1924 0.1989 0.2056 0.2125 0.2196 0.2269 0.2342 0.2416 0.2491 0.2567 0.2642 0.2716 0.2790 0.2863 0.2934 0.3002 0.3067 0.3127 0.3182 0.3228 0.3266 0.3294 0.3313 0.3324 0.3327 0.3325 0.3317 0.3306 0.3290 0.3271 0.3254 0.3271 0.3290 0.3306 0.3317 0.3325 0.3327 0.3324 0.3313 0.3294 0.3266 0.3228 0.3182 0.3127 0.3067 0.3002 0.2934 0.2863 0.2790 0.2716 0.2642 0.2567 0.2491 0.2416 0.2342 0.2269 0.2196 0.2125 0.2056 0.1989 0.1924 0.1861 0.1801 0.1743 0.1688 0.1635 0.1586 0.1539 0.1496 0.1456 0.1419 0.1385 0.1354 0.1325 0.1300 0.1276 0.1255 0.1236 0.1218 0.1181 0.1030
0.1065 0.1223 0.1261 0.1280 0.1300 0.1321 0.1344 0.1369 0.1397 0.1427 0.1460 0.1496 0.1535 0.1577 0.1622 0.1671 0.1723 0.1777 0.1835 0.1894 0.1957 0.2022 0.2089 0.2157 0.2228 0.2300 0.2374 0.2448 0.2523 0.2598 0.2673 0.2747 0.2821 0.2892 0.2962 0.3030 0.3093 0.3151 0.3202 0.3245 0.3279 0.3303 0.3319 0.3326 0.3327 0.3322 0.3313 0.3300 0.3283 0.3263 0.3245 0.3263 0.3283 0.3300 0.3313 0.3322 0.3327 0.3326 0.3319 0.3303 0.3279 0.3245 0.3202 0.3151 0.3093 0.3030 0.2962 0.2892 0.2821 0.2747 0.2673 0.2598 0.2523 0.2448 0.2374 0.2300 0.2228 0.2157 0.2089 0.2022 0.1957 0.1894 0.1835 0.1777 0.1723 0.1671 0.1622 0.1577 0.1535 0.1496 0.1460 0.1427 0.1397 0.1369 0.1344 0.1321 0.1300 0.1280 0.1261 0.1223 0.1065
0.1102 0.1267 0.1307 0.1326 0.1346 0.1368 0.1391 0.1416 0.1442 0.1472 0.1504 0.1539 0.1577 0.1618 0.1662 0.1710 0.1761 0.1815 0.1871 0.1930 0.1992 0.2056 0.2122 0.2191 0.2261 0.2333 0.2406 0.2479 0.2554 0.2629 0.2704 0.2778 0.2851 0.2922 0.2991 0.3056 0.3118 0.3173 0.3221 0.3260 0.3290 0.3311 0.3323 0.3327 0.3326 0.3319 0.3308 0.3293 0.3276 0.3254 0.3236 0.3254 0.3276 0.3293 0.3308 0.3319 0.3326 0.3327 0.3323 0.3311 0.3290 0.3260 0.3221 0.3173 0.3118 0.3056 0.2991 0.2922 0.2851 0.2778 0.2704 0.2629 0.2554 0.2479 0.2406 0.2333 0.2261 0.2191 0.2122 0.2056 0.1992 0.1930 0.1871 0.1815 0.1761 0.1710 0.1662 0.1618 0.1577 0.1539 0.1504 0.1472 0.1442 0.1416 0.1391 0.1368 0.1346 0.1326 0.1307 0.1267 0.1102
0.1141 0.1313 0.1354 0.1374 0.1395 0.1417 0.1440 0.1465 0.1491 0.1520 0.1551 0.1586 0.1622 0.1662 0.1706 0.1752 0.1802 0.1855 0.1910 0.1968 0.2029 0.2093 0.2158 0.2226 0.2296 0.2367 0.2439 0.2513 0.2586 0.2661 0.2734 0.2808 0.2880 0.2951 0.3018 0.3082 0.3141 0.3194 0.3239 0.3274 0.3300 0.3317 0.3325 0.3327 0.3323 0.3315 0.3302 0.3286 0.3267 0.3245 0.3226 0.3245 0.3267 0.3286 0.3302 0.3315 0.3323 0.3327 0.3325 0.3317 0.3300 0.3274 0.3239 0.3194 0.3141 0.3082 0.3018 0.2951 0.2880 0.2808 0.2734 0.2661 0.2586 0.2513 0.2439 0.2367 0.2296 0.2226 0.2158 0.2093 0.2029 0.1968 0.1910 0.1855 0.1802 0.1752 0.1706 0.1662 0.1622 0.1586 0.1551 0.1520 0.1491 0.1465 0.1440 0.1417 0.1395 0.1374 0.1354 0.1313 0.1141
0.1181 0.1361 0.1404 0.1424 0.1446 0.1468 0.1492 0.1516 0.1543 0.1571 0.1602 0.1635 0.1671 0.1710 0.1752 0.1797 0.1846 0.1897 0.1952 0.2009 0.2069 0.2131 0.2196 0.2263 0.2332 0.2402 0.2474 0.2546 0.2620 0.2693 0.2766 0.2839 0.2910 0.2979 0.3045 0.3108 0.3164 0.3214 0.3254 0.3286 0.3308 0.3321 0.3327 0.3326 0.3320 0.3310 0.3296 0.3279 0.3259 0.3235 0.3216 0.3235 0.3259 0.3279 0.3296 0.3310 0.3320 0.3326 0.3327 0.3321 0.3308 0.3286 0.3254 0.3214 0.3164 0.3108 0.3045 0.2979 0.2910 0.2839 0.2766 0.2693 0.2620 0.2546 0.2474 0.2402 0.2332 0.2263 0.2196 0.2131 0.2069 0.2009 0.1952 0.1897 0.1846 0.1797 0.1752 0.1710 0.1671 0.1635 0.1602 0.1571 0.1543 0.1516 0.1492 0.1468 0.1446 0.1424 0.1404 0.1361 0.1181
0.1223 0.1411 0.1455 0.1477 0.1499 0.1522 0.1545 0.1570 0.1596 0.1625 0.1655 0.1688 0.1723 0.1761 0.1802 0.1846 0.1893 0.1943 0.1996 0.2052 0.2112 0.2173 0.2236 0.2303 0.2370 0.2440 0.2510 0.2582 0.2654 0.2726 0.2798 0.2869 0.2940 0.3007 0.3072 0.3132 0.3186 0.3232 0.3269 0.3296 0.3314 0.3324 0.3327 0.3324 0.3317 0.3305 0.3289 0.3271 0.3250 0.3225 0.3206 0.3225 0.3250 0.3271 0.3289 0.3305 0.3317 0.3324 0.3327 0.3324 0.3314 0.3296 0.3269 0.3232 0.3186 0.3132 0.3072 0.3007 0.2940 0.2869 0.2798 0.2726 0.2654 0.2582 0.2510 0.2440 0.2370 0.2303 0.2236 0.2173 0.2112 0.2052 0.1996 0.1943 0.1893 0.1846 0.1802 0.1761 0.1723 0.1688 0.1655 0.1625 0.1596 0.1570 0.1545 0.1522 0.1499 0.1477 0.1455 0.1411 0.1223
0.1267 0.1462 0.1508 0.1531 0.1554 0.1577 0.1601 0.1626 0.1652 0.1681 0.1711 0.1743 0.1777 0.1815 0.1855 0.1897 0.1943 0.1992 0.2044 0.2099 0.2157 0.2217 0.2279 0.2344 0.2411 0.2478 0.2548 0.2617 0.2689 0.2760 0.2831 0.2901 0.2969 0.3035 0.3098 0.3155 0.3206 0.3248 0.3281 0.3305 0.3319 0.3326 0.3327 0.3322 0.3312 0.3299 0.3282 0.3262 0.3240 0.3215 0.3195 0.3215 0.3240 0.3262 0.3282 0.3299 0.3312 0.3322 0.3327 0.3326 0.3319 0.3305 0.3281 0.3248 0.3206 0.3155 0.3098 0.3035 0.2969 0.2901 0.2831 0.2760 0.2689 0.2617 0.2548 0.2478 0.2411 0.2344 0.2279 0.2217 0.2157 0.2099 0.2044 0.1992 0.1943 0.1897 0.1855 0.1815 0.1777 0.1743 0.1711 0.1681 0.1652 0.1626 0.1601 0.1577 0.1554 0.1531 0.1508 0.1462 0.1267
0.1313 0.1516 0.1564 0.1587 0.1611 0.1635 0.1659 0.1685 0.1711 0.1739 0.1769 0.1801 0.1835 0.1871 0.1910 0.1952 0.1996 0.2044 0.2094 0.2148 0.2204 0.2263 0.2324 0.2387 0.2452 0.2519 0.2586 0.2655 0.2725 0.2795 0.2865 0.2933 0.2999 0.3064 0.3123 0.3177 0.3224 0.3263 0.3292 0.3312 0.3323 0.3327 0.3325 0.3318 0.3307 0.3292 0.3274 0.3253 0.3231 0.3204 0.3184 0.3204 0.3231 0.3253 0.3274 0.3292 0.3307 0.3318 0.3325 0.3327 0.3323 0.3312 0.3292 0.3263 0.3224 0.3177 0.3123 0.3064 0.2999 0.2933 0.2865 0.2795 0.2725 0.2655 0.2586 0.2519 0.2452 0.2387 0.2324 0.2263 0.2204 0.2148 0.2094 0.2044 0.1996 0.1952 0.1910 0.1871 0.1835 0.1801 0.1769 0.1739 0.1711 0.1685 0.1659 0.1635 0.1611 0.1587 0.1564 0.1516 0.1313
0.1361 0.1571 0.1621 0.1645 0.1669 0.1694 0.1720 0.1745 0.1772 0.1800 0.1830 0.1861 0.1894 0.1930 0.1968 0.2009 0.2052 0.2099 0.2148 0.2199 0.2254 0.2312 0.2372 0.2434 0.2496 0.2561 0.2627 0.2694 0.2763 0.2831 0.2899 0.2966 0.3030 0.3091 0.3148 0.3199 0.3242 0.3276 0.3301 0.3317 0.3326 0.3327 0.3323 0.3314 0.3301 0.3285 0.3266 0.3244 0.3220 0.3193 0.3172 0.3193 0.3220 0.3244 0.3266 0.3285 0.3301 0.3314 0.3323 0.3327 0.3326 0.3317 0.3301 0.3276 0.3242 0.3199 0.3148 0.3091 0.3030 0.2966 0.2899 0.2831 0.2763 0.2694 0.2627 0.2561 0.2496 0.2434 0.2372 0.2312 0.2254 0.2199 0.2148 0.2099 0.2052 0.2009 0.1968 0.1930 0.1894 0.1861 0.1830 0.1800 0.1772 0.1745 0.1720 0.1694 0.1669 0.1645 0.1621 0.1571 0.1361
0.1410 0.1629 0.1680 0.1705 0.1730 0.1756 0.1782 0.1808 0.1835 0.1863 0.1892 0.1924 0.1957 0.1992 0.2029 0.2069 0.2112 0.2157 0.2204 0.2254 0.2307 0.2363 0.2421 0.2481 0.2543 0.2605 0.2670 0.2735 0.2802 0.2868 0.2935 0.2998 0.3060 0.3119 0.3173 0.3219 0.3259 0.3288 0.3309 0.3322 0.3327 0.3326 0.3320 0.3309 0.3295 0.3277 0.3257 0.3235 0.3210 0.3182 0.3160 0.3182 0.3210 0.3235 0.3257 0.3277 0.3295 0.3309 0.3320 0.3326 0.3327 0.3322 0.3309 0.3288 0.3259 0.3219 0.3173 0.3119 0.3060 0.2998 0.2935 0.2868 0.2802 0.2735 0.2670 0.2605 0.2543 0.2481 0.2421 0.2363 0.2307 0.2254 0.2204 0.2157 0.2112 0.2069 0.2029 0.1992 0.1957 0.1924 0.1892 0.1863 0.1835 0.1808 0.1782 0.1756 0.1730 0.1705 0.1680 0.1629 0.1410
0.1462 0.1688 0.1741 0.1766 0.1793 0.1819 0.1846 0.1873 0.1900 0.1929 0.1958 0.1989 0.2022 0.2056 0.2093 0.2131 0.2173 0.2217 0.2263 0.2312 0.2363 0.2416 0.2472 0.2531 0.2590 0.2652 0.2714 0.2778 0.2842 0.2906 0.2970 0.3032 0.3090 0.3146 0.3196 0.3239 0.3273 0.3299 0.3316 0.3325 0.3327 0.3324 0.3316 0.3304 0.3288 0.3269 0.3248 0.3225 0.3199 0.3171 0.3148 0.3171 0.3199 0.3225 0.3248 0.3269 0.3288 0.3304 0.3316 0.3324 0.3327 0.3325 0.3316 0.3299 0.3273 0.3239 0.3196 0.3146 0.3090 0.3032 0.2970 0.2906 0.2842 0.2778 0.2714 0.2652 0.2590 0.2531 0.2472 0.2416 0.2363 0.2312 0.2263 0.2217 0.2173 0.2131 0.2093 0.2056 0.2022 0.1989 0.1958 0.1929 0.1900 0.1873 0.1846 0.1819 0.1793 0.1766 0.1741 0.1688 0.1462
0.1515 0.1749 0.1804 0.1830 0.1857 0.1884 0.1912 0.1939 0.1967 0.1996 0.2025 0.2056 0.2089 0.2122 0.2158 0.2196 0.2236 0.2279 0.2324 0.2372 0.2421 0.2472 0.2527 0.2583 0.2641 0.2700 0.2761 0.2822 0.2883 0.2945 0.3006 0.3065 0.3121 0.3172 0.3218 0.3257 0.3286 0.3308 0.3321 0.3327 0.3326 0.3321 0.3311 0.3297 0.3280 0.3261 0.3239 0.3214 0.3188 0.3159 0.3136 0.3159 0.3188 0.3214 0.3239 0.3261 0.3280 0.3297 0.3311 0.3321 0.3326 0.3327 0.3321 0.3308 0.3286 0.3257 0.3218 0.3172 0.3121 0.3065 0.3006 0.2945 0.2883 0.2822 0.2761 0.2700 0.2641 0.2583 0.2527 0.2472 0.2421 0.2372 0.2324 0.2279 0.2236 0.2196 0.2158 0.2122 0.2089 0.2056 0.2025 0.1996 0.1967 0.1939 0.1912 0.1884 0.1857 0.1830 0.1804 0.1749 0.1515
0.1571 0.1812 0.1869 0.1895 0.1923 0.1951 0.1979 0.2007 0.2036 0.2065 0.2095 0.2125 0.2157 0.2191 0.2226 0.2263 0.2303 0.2344 0.2387 0.2434 0.2481 0.2531 0.2583 0.2637 0.2693 0.2750 0.2809 0.2867 0.2927 0.2985 0.3043 0.3098 0.3150 0.3198 0.3239 0.3273 0.3298 0.3315 0.3324 0.3327 0.3325 0.3317 0.3306 0.3291 0.3273 0.3252 0.3229 0.3203 0.3177 0.3147 0.3124 0.3147 0.3177 0.3203 0.3229 0.3252 0.3273 0.3291 0.3306 0.3317 0.3325 0.3327 0.3324 0.3315 0.3298 0.3273 0.3239 0.3198 0.3150 0.3098 0.3043 0.2985 0.2927 0.2867 0.2809 0.2750 0.2693 0.2637 0.2583 0.2531 0.2481 0.2434 0.2387 0.2344 0.2303 0.2263 0.2226 0.2191 0.2157 0.2125 0.2095 0.2065 0.2036 0.2007 0.1979 0.1951 0.1923 0.1895 0.1869 0.1812 0.1571
0.1628 0.1877 0.1935 0.1962 0.1991 0.2019 0.2048 0.2077 0.2106 0.2136 0.2166 0.2196 0.2228 0.2261 0.2296 0.2332 0.2370 0.2411 0.2452 0.2496 0.2543 0.2590 0.2641 0.2693 0.2747 0.2802 0.2858 0.2914 0.2971 0.3026 0.3080 0.3132 0.3179 0.3222 0.3258 0.3287 0.3307 0.3321 0.3326 0.3327 0.3322 0.3313 0.3300 0.3283 0.3264 0.3242 0.3218 0.3193 0.3165 0.3134 0.3111 0.3134 0.3165 0.3193 0.3218 0.3242 0.3264 0.3283 0.3300 0.3313 0.3322 0.3327 0.3326 0.3321 0.3307 0.3287 0.3258 0.3222 0.3179 0.3132 0.3080 0.3026 0.2971 0.2914 0.2858 0.2802 0.2747 0.2693 0.2641 0.2590 0.2543 0.2496 0.2452 0.2411 0.2370 0.2332 0.2296 0.2261 0.2228 0.2196 0.2166 0.2136 0.2106 0.2077 0.2048 0.2019 0.1991 0.1962 0.1935 0.1877 0.1628
0.1688 0.1944 0.2003 0.2031 0.2060 0.2089 0.2118 0.2148 0.2178 0.2208 0.2238 0.2269 0.2300 0.2333 0.2367 0.2402 0.2440 0.2478 0.2519 0.2561 0.2605 0.2652 0.2700 0.2750 0.2802 0.2855 0.2908 0.2962 0.3015 0.3067 0.3118 0.3164 0.3207 0.3245 0.3276 0.3299 0.3315 0.3324 0.3327 0.3325 0.3318 0.3307 0.3292 0.3275 0.3255 0.3233 0.3208 0.3181 0.3153 0.3122 0.3098 0.3122 0.3153 0.3181 0.3208 0.3233 0.3255 0.3275 0.3292 0.3307 0.3318 0.3325 0.3327 0.3324 0.3315 0.3299 0.3276 0.3245 0.3207 0.3164 0.3118 0.3067 0.3015 0.2962 0.2908 0.2855 0.2802 0.2750 0.2700 0.2652 0.2605 0.2561 0.2519 0.2478 0.2440 0.2402 0.2367 0.2333 0.2300 0.2269 0.2238 0.2208 0.2178 0.2148 0.2118 0.2089 0.2060 0.2031 0.2003 0.1944 0.1688
0.1749 0.2012 0.2072 0.2101 0.2130 0.2160 0.2190 0.2220 0.2250 0.2281 0.2311 0.2342 0.2374 0.2406 0.2439 0.2474 0.2510 0.2548 0.2586 0.2627 0.2670 0.2714 0.2761 0.2809 0.2858 0.2908 0.2958 0.3009 0.3059 0.3108 0.3154 0.3196 0.3233 0.3266 0.3291 0.3309 0.3321 0.3327 0.3327 0.3322 0.3313 0.3300 0.3284 0.3266 0.3245 0.3222 0.3197 0.3170 0.3141 0.3109 0.3084 0.3109 0.3141 0.3170 0.3197 0.3222 0.3245 0.3266 0.3284 0.3300 0.3313 0.3322 0.3327 0.3327 0.3321 0.3309 0.3291 0.3266 0.3233 0.3196 0.3154 0.3108 0.3059 0.3009 0.2958 0.2908 0.2858 0.2809 0.2761 0.2714 0.2670 0.2627 0.2586 0.2548 0.2510 0.2474 0.2439 0.2406 0.2374 0.2342 0.2311 0.2281 0.2250 0.2220 0.2190 0.2160 0.2130 0.2101 0.2072 0.2012 0.1749
0.1812 0.2081 0.2143 0.2172 0.2202 0.2232 0.2263 0.2293 0.2324 0.2355 0.2386 0.2416 0.2448 0.2479 0.2513 0.2546 0.2582 0.2617 0.2655 0.2694 0.2735 0.2778 0.2822 0.2867 0.2914 0.2962 0.3009 0.3056 0.3102 0.3147 0.3189 0.3225 0.3258 0.3283 0.3304 0.3317 0.3325 0.3327 0.3325 0.3318 0.3307 0.3293 0.3276 0.3256 0.3234 0.3210 0.3185 0.3157 0.3128 0.3096 0.3071 0.3096 0.3128 0.3157 0.3185 0.3210 0.3234 0.3256 0.3276 0.3293 0.3307 0.3318 0.3325 0.3327 0.3325 0.3317 0.3304 0.3283 0.3258 0.3225 0.3189 0.3147 0.3102 0.3056 0.3009 0.2962 0.2914 0.2867 0.2822 0.2778 0.2735 0.2694 0.2655 0.2617 0.2582 0.2546 0.2513 0.2479 0.2448 0.2416 0.2386 0.2355 0.2324 0.2293 0.2263 0.2232 0.2202 0.2172 0.2143 0.2081 0.1812
0.1877 0.2152 0.2215 0.2245 0.2275 0.2306 0.2336 0.2367 0.2398 0.2429 0.2460 0.2491 0.2523 0.2554 0.2586 0.2620 0.2654 0.2689 0.2725 0.2763 0.2802 0.2842 0.2883 0.2927 0.2971 0.3015 0.3059 0.3102 0.3144 0.3184 0.3220 0.3252 0.3278 0.3299 0.3313 0.3323 0.3327 0.3326 0.3322 0.3313 0.3300 0.3285 0.3266 0.3246 0.3223 0.3198 0.3172 0.3144 0.3115 0.3082 0.3057 0.3082 0.3115 0.3144 0.3172 0.3198 0.3223 0.3246 0.3266 0.3285 0.3300 0.3313 0.3322 0.3326 0.3327 0.3323 0.3313 0.3299 0.3278 0.3252 0.3220 0.3184 0.3144 0.3102 0.3059 0.3015 0.2971 0.2927 0.2883 0.2842 0.2802 0.2763 0.2725 0.2689 0.2654 0.2620 0.2586 0.2554 0.2523 0.2491 0.2460 0.2429 0.2398 0.2367 0.2336 0.2306 0.2275 0.2245 0.2215 0.2152 0.1877
0.1943 0.2225 0.2288 0.2318 0.2349 0.2380 0.2411 0.2442 0.2473 0.2504 0.2535 0.2567 0.2598 0.2629 0.2661 0.2693 0.2726 0.2760 0.2795 0.2831 0.2868 0.2906 0.2945 0.2985 0.3026 0.3067 0.3108 0.3147 0.3184 0.3219 0.3249 0.3275 0.3296 0.3311 0.3321 0.3326 0.3327 0.3324 0.3317 0.3306 0.3293 0.3276 0.3256 0.3235 0.3211 0.3186 0.3159 0.3130 0.3100 0.3068 0.3043 0.3068 0.3100 0.3130 0.3159 0.3186 0.3211 0.3235 0.3256 0.3276 0.3293 0.3306 0.3317 0.3324 0.3327 0.3326 0.3321 0.3311 0.3296 0.3275 0.3249 0.3219 0.3184 0.3147 0.3108 0.3067 0.3026 0.2985 0.2945 0.2906 0.2868 0.2831 0.2795 0.2760 0.2726 0.2693 0.2661 0.2629 0.2598 0.2567 0.2535 0.2504 0.2473 0.2442 0.2411 0.2380 0.2349 0.2318 0.2288 0.2225 0.1943
0.2011 0.2298 0.2362 0.2393 0.2424 0.2455 0.2486 0.2517 0.2548 0.2579 0.2610 0.2642 0.2673 0.2704 0.2734 0.2766 0.2798 0.2831 0.2865 0.2899 0.2935 0.2970 0.3006 0.3043 0.3080 0.3118 0.3154 0.3189 0.3220 0.3249 0.3274 0.3294 0.3309 0.3320 0.3326 0.3327 0.3325 0.3320 0.3310 0.3298 0.3283 0.3266 0.3245 0.3223 0.3199 0.3173 0.3145 0.3116 0.3085 0.3052 0.3027 0.3052 0.3085 0.3116 0.3145 0.3173 0.3199 0.3223 0.3245 0.3266 0.3283 0.3298 0.3310 0.3320 0.3325 0.3327 0.3326 0.3320 0.3309 0.3294 0.3274 0.3249 0.3220 0.3189 0.3154 0.3118 0.3080 0.3043 0.3006 0.2970 0.2935 0.2899 0.2865 0.2831 0.2798 0.2766 0.2734 0.2704 0.2673 0.2642 0.2610 0.2579 0.2548 0.2517 0.2486 0.2455 0.2424 0.2393 0.2362 0.2298 0.2011
0.2081 0.2372 0.2437 0.2467 0.2499 0.2530 0.2561 0.2592 0.2623 0.2654 0.2685 0.2716 0.2747 0.2778 0.2808 0.2839 0.2869 0.2901 0.2933 0.2966 0.2998 0.3032 0.3065 0.3098 0.3132 0.3164 0.3196 0.3225 0.3252 0.3275 0.3294 0.3308 0.3319 0.3325 0.3328 0.3326 0.3321 0.3313 0.3303 0.3289 0.3273 0.3254 0.3233 0.3211 0.3186 0.3159 0.3131 0.3101 0.3070 0.3036 0.3011 0.3036 0.3070 0.3101 0.3131 0.3159 0.3186 0.3211 0.3233 0.3254 0.3273 0.3289 0.3303 0.3313 0.3321 0.3326 0.3328 0.3325 0.3319 0.3308 0.3294 0.3275 0.3252 0.3225 0.3196 0.3164 0.3132 0.3098 0.3065 0.3032 0.2998 0.2966 0.2933 0.2901 0.2869 0.2839 0.2808 0.2778 0.2747 0.2716 0.2685 0.2654 0.2623 0.2592 0.2561 0.2530 0.2499 0.2467 0.2437 0.2372 0.2081
0.2152 0.2446 0.2512 0.2542 0.2574 0.2605 0.2636 0.2667 0.2698 0.2729 0.2760 0.2790 0.2821 0.2851 0.2880 0.2910 0.2940 0.2969 0.2999 0.3030 0.3060 0.3090 0.3121 0.3150 0.3179 0.3207 0.3233 0.3258 0.3278 0.3296 0.3309 0.3319 0.3325 0.3327 0.3327 0.3323 0.3316 0.3306 0.3293 0.3279 0.3261 0.3242 0.3220 0.3197 0.3172 0.3145 0.3116 0.3086 0.3054 0.3020 0.2995 0.3020 0.3054 0.3086 0.3116 0.3145 0.3172 0.3197 0.3220 0.3242 0.3261 0.3279 0.3293 0.3306 0.3316 0.3323 0.3327 0.3327 0.3325 0.3319 0.3309 0.3296 0.3278 0.3258 0.3233 0.3207 0.3179 0.3150 0.3121 0.3090 0.3060 0.3030 0.2999 0.2969 0.2940 0.2910 0.2880 0.2851 0.2821 0.2790 0.2760 0.2729 0.2698 0.2667 0.2636 0.2605 0.2574 0.2542 0.2512 0.2446 0.2152
0.2224 0.2521 0.2587 0.2618 0.2649 0.2680 0.2711 0.2741 0.2772 0.2803 0.2833 0.2863 0.2892 0.2922 0.2951 0.2979 0.3007 0.3035 0.3064 0.3091 0.3119 0.3146 0.3172 0.3198 0.3222 0.3245 0.3266 0.3283 0.3299 0.3311 0.3320 0.3325 0.3327 0.3327 0.3323 0.3317 0.3308 0.3296 0.3283 0.3267 0.3249 0.3229 0.3207 0.3183 0.3158 0.3130 0.3101 0.3071 0.3039 0.3004 0.2978 0.3004 0.3039 0.3071 0.3101 0.3130 0.3158 0.3183 0.3207 0.3229 0.3249 0.3267 0.3283 0.3296 0.3308 0.3317 0.3323 0.3327 0.3327 0.3325 0.3320 0.3311 0.3299 0.3283 0.3266 0.3245 0.3222 0.3198 0.3172 0.3146 0.3119 0.3091 0.3064 0.3035 0.3007 0.2979 0.2951 0.2922 0.2892 0.2863 0.2833 0.2803 0.2772 0.2741 0.2711 0.2680 0.2649 0.2618 0.2587 0.2521 0.2224
0.2297 0.2597 0.2662 0.2692 0.2723 0.2754 0.2785 0.2815 0.2845 0.2875 0.2905 0.2934 0.2962 0.2991 0.3018 0.3045 0.3072 0.3098 0.3123 0.3148 0.3173 0.3196 0.3218 0.3239 0.3258 0.3276 0.3291 0.3304 0.3313 0.3321 0.3326 0.3328 0.3327 0.3323 0.3317 0.3309 0.3298 0.3285 0.3271 0.3254 0.3235 0.3214 0.3192 0.3168 0.3142 0.3115 0.3085 0.3055 0.3022 0.2987 0.2961 0.2987 0.3022 0.3055 0.3085 0.3115 0.3142 0.3168 0.3192 0.3214 0.3235 0.3254 0.3271 0.3285 0.3298 0.3309 0.3317 0.3323 0.3327 0.3328 0.3326 0.3321 0.3313 0.3304 0.3291 0.3276 0.3258 0.3239 0.3218 0.3196 0.3173 0.3148 0.3123 0.3098 0.3072 0.3045 0.3018 0.2991 0.2962 0.2934 0.2905 0.2875 0.2845 0.2815 0.2785 0.2754 0.2723 0.2692 0.2662 0.2597 0.2297
0.2371 0.2671 0.2737 0.2767 0.2797 0.2827 0.2857 0.2887 0.2917 0.2946 0.2974 0.3002 0.3030 0.3056 0.3082 0.3108 0.3132 0.3155 0.3177 0.3199 0.3219 0.3239 0.3257 0.3273 0.3287 0.3299 0.3309 0.3317 0.3323 0.3326 0.3327 0.3326 0.3323 0.3317 0.3309 0.3299 0.3287 0.3273 0.3257 0.3239 0.3220 0.3198 0.3176 0.3151 0.3125 0.3098 0.3069 0.3038 0.3006 0.2970 0.2943 0.2970 0.3006 0.3038 0.3069 0.3098 0.3125 0.3151 0.3176 0.3198 0.3220 0.3239 0.3257 0.3273 0.3287 0.3299 0.3309 0.3317 0.3323 0.3326 0.3327 0.3326 0.3323 0.3317 0.3309 0.3299 0.3287 0.3273 0.3257 0.3239 0.3219 0.3199 0.3177 0.3155 0.3132 0.3108 0.3082 0.3056 0.3030 0.3002 0.2974 0.2946 0.2917 0.2887 0.2857 0.2827 0.2797 0.2767 0.2737 0.2671 0.2371
0.2445 0.2746 0.2810 0.2840 0.2870 0.2899 0.2928 0.2957 0.2986 0.3013 0.3041 0.3067 0.3093 0.3118 0.3141 0.3164 0.3186 0.3206 0.3224 0.3242 0.3259 0.3273 0.3286 0.3298 0.3307 0.3315 0.3321 0.3325 0.3327 0.3327 0.3325 0.3321 0.3316 0.3308 0.3298 0.3287 0.3274 0.3259 0.3242 0.3223 0.3203 0.3182 0.3158 0.3134 0.3107 0.3080 0.3051 0.3020 0.2988 0.2952 0.2925 0.2952 0.2988 0.3020 0.3051 0.3080 0.3107 0.3134 0.3158 0.3182 0.3203 0.3223 0.3242 0.3259 0.3274 0.3287 0.3298 0.3308 0.3316 0.3321 0.3325 0.3327 0.3327 0.3325 0.3321 0.3315 0.3307 0.3298 0.3286 0.3273 0.3259 0.3242 0.3224 0.3206 0.3186 0.3164 0.3141 0.3118 0.3093 0.3067 0.3041 0.3013 0.2986 0.2957 0.2928 0.2899 0.2870 0.2840 0.2810 0.2746 0.2445
0.2520 0.2819 0.2882 0.2911 0.2940 0.2969 0.2997 0.3025 0.3051 0.3078 0.3103 0.3127 0.3151 0.3173 0.3194 0.3214 0.3232 0.3248 0.3263 0.3276 0.3288 0.3299 0.3308 0.3315 0.3321 0.3324 0.3327 0.3327 0.3326 0.3324 0.3320 0.3313 0.3306 0.3296 0.3285 0.3273 0.3259 0.3243 0.3225 0.3206 0.3186 0.3163 0.3140 0.3115 0.3089 0.3061 0.3032 0.3001 0.2969 0.2933 0.2907 0.2933 0.2969 0.3001 0.3032 0.3061 0.3089 0.3115 0.3140 0.3163 0.3186 0.3206 0.3225 0.3243 0.3259 0.3273 0.3285 0.3296 0.3306 0.3313 0.3320 0.3324 0.3326 0.3327 0.3327 0.3324 0.3321 0.3315 0.3308 0.3299 0.3288 0.3276 0.3263 0.3248 0.3232 0.3214 0.3194 0.3173 0.3151 0.3127 0.3103 0.3078 0.3051 0.3025 0.2997 0.2969 0.2940 0.2911 0.2882 0.2819 0.2520
0.2595 0.2891 0.2953 0.2980 0.3008 0.3036 0.3062 0.3088 0.3113 0.3137 0.3160 0.3182 0.3202 0.3221 0.3239 0.3254 0.3269 0.3281 0.3292 0.3301 0.3309 0.3316 0.3321 0.3324 0.3326 0.3327 0.3327 0.3325 0.3322 0.3317 0.3310 0.3303 0.3293 0.3283 0.3271 0.3257 0.3242 0.3225 0.3207 0.3188 0.3167 0.3144 0.3120 0.3095 0.3069 0.3041 0.3012 0.2981 0.2949 0.2913 0.2887 0.2913 0.2949 0.2981 0.3012 0.3041 0.3069 0.3095 0.3120 0.3144 0.3167 0.3188 0.3207 0.3225 0.3242 0.3257 0.3271 0.3283 0.3293 0.3303 0.3310 0.3317 0.3322 0.3325 0.3327 0.3327 0.3326 0.3324 0.3321 0.3316 0.3309 0.3301 0.3292 0.3281 0.3269 0.3254 0.3239 0.3221 0.3202 0.3182 0.3160 0.3137 0.3113 0.3088 0.3062 0.3036 0.3008 0.2980 0.2953 0.2891 0.2595
0.2670 0.2961 0.3020 0.3047 0.3073 0.3098 0.3123 0.3147 0.3169 0.3190 0.3210 0.3228 0.3245 0.3260 0.3274 0.3286 0.3296 0.3305 0.3312 0.3317 0.3322 0.3325 0.3327 0.3327 0.3327 0.3325 0.3322 0.3318 0.3313 0.3306 0.3298 0.3289 0.3279 0.3267 0.3254 0.3239 0.3223 0.3206 0.3188 0.3168 0.3146 0.3124 0.3100 0.3074 0.3048 0.3020 0.2991 0.2960 0.2928 0.2892 0.2866 0.2892 0.2928 0.2960 0.2991 0.3020 0.3048 0.3074 0.3100 0.3124 0.3146 0.3168 0.3188 0.3206 0.3223 0.3239 0.3254 0.3267 0.3279 0.3289 0.3298 0.3306 0.3313 0.3318 0.3322 0.3325 0.3327 0.3327 0.3327 0.3325 0.3322 0.3317 0.3312 0.3305 0.3296 0.3286 0.3274 0.3260 0.3245 0.3228 0.3210 0.3190 0.3169 0.3147 0.3123 0.3098 0.3073 0.3047 0.3020 0.2961 0.2670
0.2744 0.3028 0.3084 0.3109 0.3133 0.3156 0.3178 0.3199 0.3218 0.3236 0.3252 0.3266 0.3279 0.3290 0.3300 0.3308 0.3314 0.3319 0.3323 0.3326 0.3327 0.3327 0.3326 0.3325 0.3322 0.3318 0.3313 0.3307 0.3300 0.3293 0.3283 0.3273 0.3261 0.3249 0.3235 0.3220 0.3203 0.3186 0.3167 0.3146 0.3125 0.3102 0.3078 0.3052 0.3025 0.2997 0.2968 0.2938 0.2905 0.2870 0.2844 0.2870 0.2905 0.2938 0.2968 0.2997 0.3025 0.3052 0.3078 0.3102 0.3125 0.3146 0.3167 0.3186 0.3203 0.3220 0.3235 0.3249 0.3261 0.3273 0.3283 0.3293 0.3300 0.3307 0.3313 0.3318 0.3322 0.3325 0.3326 0.3327 0.3327 0.3326 0.3323 0.3319 0.3314 0.3308 0.3300 0.3290 0.3279 0.3266 0.3252 0.3236 0.3218 0.3199 0.3178 0.3156 0.3133 0.3109 0.3084 0.3028 0.2744
0.2817 0.3091 0.3143 0.3165 0.3187 0.3207 0.3225 0.3242 0.3258 0.3272 0.3284 0.3294 0.3303 0.3311 0.3317 0.3321 0.3324 0.3326 0.3327 0.3327 0.3326 0.3324 0.3321 0.3317 0.3313 0.3307 0.3300 0.3293 0.3285 0.3276 0.3266 0.3254 0.3242 0.3229 0.3214 0.3198 0.3182 0.3163 0.3144 0.3124 0.3102 0.3079 0.3055 0.3029 0.3002 0.2974 0.2945 0.2914 0.2882 0.2846 0.2820 0.2846 0.2882 0.2914 0.2945 0.2974 0.3002 0.3029 0.3055 0.3079 0.3102 0.3124 0.3144 0.3163 0.3182 0.3198 0.3214 0.3229 0.3242 0.3254 0.3266 0.3276 0.3285 0.3293 0.3300 0.3307 0.3313 0.3317 0.3321 0.3324 0.3326 0.3327 0.3327 0.3326 0.3324 0.3321 0.3317 0.3311 0.3303 0.3294 0.3284 0.3272 0.3258 0.3242 0.3225 0.3207 0.3187 0.3165 0.3143 0.3091 0.2817
0.2889 0.3149 0.3195 0.3214 0.3232 0.3249 0.3264 0.3277 0.3288 0.3298 0.3306 0.3313 0.3319 0.3323 0.3325 0.3327 0.3327 0.3327 0.3325 0.3323 0.3320 0.3316 0.3311 0.3306 0.3300 0.3292 0.3284 0.3276 0.3266 0.3256 0.3245 0.3233 0.3220 0.3207 0.3192 0.3176 0.3158 0.3140 0.3120 0.3100 0.3078 0.3055 0.3031 0.3005 0.2978 0.2950 0.2920 0.2889 0.2857 0.2822 0.2795 0.2822 0.2857 0.2889 0.2920 0.2950 0.2978 0.3005 0.3031 0.3055 0.3078 0.3100 0.3120 0.3140 0.3158 0.3176 0.3192 0.3207 0.3220 0.3233 0.3245 0.3256 0.3266 0.3276 0.3284 0.3292 0.3300 0.3306 0.3311 0.3316 0.3320 0.3323 0.3325 0.3327 0.3327 0.3327 0.3325 0.3323 0.3319 0.3313 0.3306 0.3298 0.3288 0.3277 0.3264 0.3249 0.3232 0.3214 0.3195 0.3149 0.2889
0.2958 0.3200 0.3240 0.3255 0.3269 0.3282 0.3293 0.3302 0.3309 0.3316 0.3320 0.3324 0.3326 0.3327 0.3327 0.3326 0.3324 0.3322 0.3318 0.3314 0.3309 0.3304 0.3297 0.3291 0.3283 0.3275 0.3266 0.3256 0.3246 0.3235 0.3223 0.3211 0.3197 0.3183 0.3168 0.3151 0.3134 0.3115 0.3095 0.3074 0.3052 0.3029 0.3005 0.2980 0.2953 0.2925 0.2895 0.2864 0.2831 0.2795 0.2769 0.2795 0.2831 0.2864 0.2895 0.2925 0.2953 0.2980 0.3005 0.3029 0.3052 0.3074 0.3095 0.3115 0.3134 0.3151 0.3168 0.3183 0.3197 0.3211 0.3223 0.3235 0.3246 0.3256 0.3266 0.3275 0.3283 0.3291 0.3297 0.3304 0.3309 0.3314 0.3318 0.3322 0.3324 0.3326 0.3327 0.3327 0.3326 0.3324 0.3320 0.3316 0.3309 0.3302 0.3293 0.3282 0.3269 0.3255 0.3240 0.3200 0.2958
0.3025 0.3242 0.3275 0.3286 0.3297 0.3305 0.3312 0.3318 0.3322 0.3325 0.3327 0.3327 0.3327 0.3326 0.3323 0.3320 0.3317 0.3312 0.3307 0.3301 0.3295 0.3288 0.3280 0.3273 0.3264 0.3255 0.3245 0.3234 0.3223 0.3211 0.3199 0.3186 0.3172 0.3158 0.3142 0.3125 0.3107 0.3089 0.3069 0.3048 0.3025 0.3002 0.2978 0.2953 0.2926 0.2898 0.2868 0.2837 0.2804 0.2769 0.2742 0.2769 0.2804 0.2837 0.2868 0.2898 0.2926 0.2953 0.2978 0.3002 0.3025 0.3048 0.3069 0.3089 0.3107 0.3125 0.3142 0.3158 0.3172 0.3186 0.3199 0.3211 0.3223 0.3234 0.3245 0.3255 0.3264 0.3273 0.3280 0.3288 0.3295 0.3301 0.3307 0.3312 0.3317 0.3320 0.3323 0.3326 0.3327 0.3327 0.3327 0.3325 0.3322 0.3318 0.3312 0.3305 0.3297 0.3286 0.3275 0.3242 0.3025
0.3087 0.3275 0.3300 0.3308 0.3315 0.3320 0.3323 0.3326 0.3327 0.3327 0.3326 0.3325 0.3322 0.3319 0.3315 0.3310 0.3305 0.3299 0.3292 0.3285 0.3277 0.3269 0.3261 0.3252 0.3242 0.3233 0.3222 0.3210 0.3198 0.3186 0.3173 0.3159 0.3145 0.3130 0.3115 0.3098 0.3080 0.3061 0.3041 0.3020 0.2997 0.2974 0.2950 0.2925 0.2898 0.2870 0.2840 0.2809 0.2776 0.2741 0.2714 0.2741 0.2776 0.2809 0.2840 0.2870 0.2898 0.2925 0.2950 0.2974 0.2997 0.3020 0.3041 0.3061 0.3080 0.3098 0.3115 0.3130 0.3145 0.3159 0.3173 0.3186 0.3198 0.3210 0.3222 0.3233 0.3242 0.3252 0.3261 0.3269 0.3277 0.3285 0.3292 0.3299 0.3305 0.3310 0.3315 0.3319 0.3322 0.3325 0.3326 0.3327 0.3327 0.3326 0.3323 0.3320 0.3315 0.3308 0.3300 0.3275 0.3087
0.3144 0.3298 0.3317 0.3321 0.3324 0.3326 0.3327 0.3327 0.3326 0.3324 0.3321 0.3317 0.3313 0.3308 0.3302 0.3296 0.3289 0.3282 0.3274 0.3266 0.3257 0.3248 0.3239 0.3229 0.3218 0.3208 0.3197 0.3185 0.3172 0.3159 0.3145 0.3131 0.3116 0.3101 0.3085 0.3069 0.3051 0.3032 0.3012 0.2991 0.2968 0.2945 0.2920 0.2895 0.2868 0.2840 0.2811 0.2780 0.2747 0.2711 0.2684 0.2711 0.2747 0.2780 0.2811 0.2840 0.2868 0.2895 0.2920 0.2945 0.2968 0.2991 0.3012 0.3032 0.3051 0.3069 0.3085 0.3101 0.3116 0.3131 0.3145 0.3159 0.3172 0.3185 0.3197 0.3208 0.3218 0.3229 0.3239 0.3248 0.3257 0.3266 0.3274 0.3282 0.3289 0.3296 0.3302 0.3308 0.3313 0.3317 0.3321 0.3324 0.3326 0.3327 0.3327 0.3326 0.3324 0.3321 0.3317 0.3298 0.3144
0.3193 0.3313 0.3326 0.3327 0.3327 0.3327 0.3325 0.3323 0.3320 0.3316 0.3311 0.3306 0.3300 0.3293 0.3286 0.3279 0.3271 0.3262 0.3253 0.3244 0.3235 0.3225 0.3214 0.3203 0.3193 0.3181 0.3170 0.3157 0.3144 0.3130 0.3116 0.3101 0.3086 0.3071 0.3055 0.3038 0.3020 0.3001 0.2981 0.2960 0.2938 0.2914 0.2889 0.2864 0.2837 0.2809 0.2780 0.2749 0.2716 0.2680 0.2653 0.2680 0.2716 0.2749 0.2780 0.2809 0.2837 0.2864 0.2889 0.2914 0.2938 0.2960 0.2981 0.3001 0.3020 0.3038 0.3055 0.3071 0.3086 0.3101 0.3116 0.3130 0.3144 0.3157 0.3170 0.3181 0.3193 0.3203 0.3214 0.3225 0.3235 0.3244 0.3253 0.3262 0.3271 0.3279 0.3286 0.3293 0.3300 0.3306 0.3311 0.3316 0.3320 0.3323 0.3325 0.3327 0.3327 0.3327 0.3326 0.3313 0.3193
0.3234 0.3320 0.3327 0.3326 0.3324 0.3322 0.3318 0.3314 0.3309 0.3303 0.3297 0.3290 0.3283 0.3276 0.3267 0.3259 0.3250 0.3240 0.3231 0.3220 0.3210 0.3199 0.3188 0.3177 0.3165 0.3153 0.3141 0.3128 0.3115 0.3100 0.3085 0.3070 0.3054 0.3039 0.3022 0.3006 0.2988 0.2969 0.2949 0.2928 0.2905 0.2882 0.2857 0.2831 0.2804 0.2776 0.2747 0.2716 0.2684 0.2647 0.2620 0.2647 0.2684 0.2716 0.2747 0.2776 0.2804 0.2831 0.2857 0.2882 0.2905 0.2928 0.2949 0.2969 0.2988 0.3006 0.3022 0.3039 0.3054 0.3070 0.3085 0.3100 0.3115 0.3128 0.3141 0.3153 0.3165 0.3177 0.3188 0.3199 0.3210 0.3220 0.3231 0.3240 0.3250 0.3259 0.3267 0.3276 0.3283 0.3290 0.3297 0.3303 0.3309 0.3314 0.3318 0.3322 0.3324 0.3326 0.3327 0.3320 0.3234
0.3262 0.3318 0.3322 0.3319 0.3315 0.3311 0.3306 0.3300 0.3293 0.3286 0.3279 0.3271 0.3263 0.3254 0.3245 0.3235 0.3225 0.3215 0.3204 0.3193 0.3182 0.3171 0.3159 0.3147 0.3134 0.3122 0.3109 0.3096 0.3082 0.3068 0.3052 0.3036 0.3020 0.3004 0.2987 0.2970 0.2952 0.2933 0.2913 0.2892 0.2870 0.2846 0.2822 0.2795 0.2769 0.2741 0.2711 0.2680 0.2647 0.2612 0.2585 0.2612 0.2647 0.2680 0.2711 0.2741 0.2769 0.2795 0.2822 0.2846 0.2870 0.2892 0.2913 0.2933 0.2952 0.2970 0.2987 0.3004 0.3020 0.3036 0.3052 0.3068 0.3082 0.3096 0.3109 0.3122 0.3134 0.3147 0.3159 0.3171 0.3182 0.3193 0.3204 0.3215 0.3225 0.3235 0.3245 0.3254 0.3263 0.3271 0.3279 0.3286 0.3293 0.3300 0.3306 0.3311 0.3315 0.3319 0.3322 0.3318 0.3262
0.3266 0.3311 0.3313 0.3309 0.3304 0.3299 0.3293 0.3286 0.3279 0.3271 0.3263 0.3254 0.3245 0.3236 0.3226 0.3216 0.3206 0.3195 0.3184 0.3172 0.3160 0.3148 0.3136 0.3124 0.3111 0.3098 0.3084 0.3071 0.3057 0.3043 0.3027 0.3011 0.2995 0.2978 0.2961 0.2943 0.2925 0.2907 0.2887 0.2866 0.2844 0.2820 0.2795 0.2769 0.2742 0.2714 0.2684 0.2653 0.2620 0.2585 0.2559 0.2585 0.2620 0.2653 0.2684 0.2714 0.2742 0.2769 0.2795 0.2820 0.2844 0.2866 0.2887 0.2907 0.2925 0.2943 0.2961 0.2978 0.2995 0.3011 0.3027 0.3043 0.3057 0.3071 0.3084 0.3098 0.3111 0.3124 0.3136 0.3148 0.3160 0.3172 0.3184 0.3195 0.3206 0.3216 0.3226 0.3236 0.3245 0.3254 0.3263 0.3271 0.3279 0.3286 0.3293 0.3299 0.3304 0.3309 0.3313 0.3311 0.3266
0.3262 0.3318 0.3322 0.3319 0.3315 0.3311 0.3306 0.3300 0.3293 0.3286 0.3279 0.3271 0.3263 0.3254 0.3245 0.3235 0.3225 0.3215 0.3204 0.3193 0.3182 0.3171 0.3159 0.3147 0.3134 0.3122 0.3109 0.3096 0.3082 0.3068 0.3052 0.3036 0.3020 0.3004 0.2987 0.2970 0.2952 0.2933 0.2913 0.2892 0.2870 0.2846 0.2822 0.2795 0.2769 0.2741 0.2711 0.2680 0.2647 0.2612 0.2585 0.2612 0.2647 0.2680 0.2711 0.2741 0.2769 0.2795 0.2822 0.2846 0.2870 0.2892 0.2913 0.2933 0.2952 0.2970 0.2987 0.3004 0.3020 0.3036 0.3052 0.3068 0.3082 0.3096 0.3109 0.3122 0.3134 0.3147 0.3159 0.3171 0.3182 0.3193 0.3204 0.3215 0.3225 0.3235 0.3245 0.3254 0.3263 0.3271 0.3279 0.3286 0.3293 0.3300 0.3306 0.3311 0.3315 0.3319 0.3322 0.3318 0.3262
0.3234 0.3320 0.3327 0.3326 0.3324 0.3322 0.3318 0.3314 0.3309 0.3303 0.3297 0.3290 0.3283 0.3276 0.3267 0.3259 0.3250 0.3240 0.3231 0.3220 0.3210 0.3199 0.3188 0.3177 0.3165 0.3153 0.3141 0.3128 0.3115 0.3100 0.3085 0.3070 0.3054 0.3039 0.3022 0.3006 0.2988 0.2969 0.2949 0.2928 0.2905 0.2882 0.2857 0.2831 0.2804 0.2776 0.2747 0.2716 0.2684 0.2647 0.2620 0.2647 0.2684 0.2716 0.2747 0.2776 0.2804 0.2831 0.2857 0.2882 0.2905 0.2928 0.2949 0.2969 0.2988 0.3006 0.3022 0.3039 0.3054 0.3070 0.3085 0.3100 0.3115 0.3128 0.3141 0.3153 0.3165 0.3177 0.3188 0.3199 0.3210 0.3220 0.3231 0.3240 0.3250 0.3259 0.3267 0.3276 0.3283 0.3290 0.3297 0.3303 0.3309 0.3314 0.3318 0.3322 0.3324 0.3326 0.3327 0.3320 0.3234
0.3193 0.3313 0.3326 0.3327 0.3327 0.3327 0.3325 0.3323 0.3320 0.3316 0.3311 0.3306 0.3300 0.3293 0.3286 0.3279 0.3271 0.3262 0.3253 0.3244 0.3235 0.3225 0.3214 0.3203 0.3193 0.3181 0.3170 0.3157 0.3144 0.3130 0.3116 0.3101 0.3086 0.3071 0.3055 0.3038 0.3020 0.3001 0.2981 0.2960 0.2938 0.2914 0.2889 0.2864 0.2837 0.2809 0.2780 0.2749 0.2716 0.2680 0.2653 0.2680 0.2716 0.2749 0.2780 0.2809 0.2837 0.2864 0.2889 0.2914 0.2938 0.2960 0.2981 0.3001 0.3020 0.3038 0.3055 0.3071 0.3086 0.3101 0.3116 0.3130 0.3144 0.3157 0.3170 0.3181 0.3193 0.3203 0.3214 0.3225 0.3235 0.3244 0.3253 0.3262 0.3271 0.3279 0.3286 0.3293 0.3300 0.3306 0.3311 0.3316 0.3320 0.3323 0.3325 0.3327 0.3327 0.3327 0.3326 0.3313 0.3193
0.3144 0.3298 0.3317 0.3321 0.3324 0.3326 0.3327 0.3327 0.3326 0.3324 0.3321 0.3317 0.3313 0.3308 0.3302 0.3296 0.3289 0.3282 0.3274 0.3266 0.3257 0.3248 0.3239 0.3229 0.3218 0.3208 0.3197 0.3185 0.3172 0.3159 0.3145 0.3131 0.3116 0.3101 0.3085 0.3069 0.3051 0.3032 0.3012 0.2991 0.2968 0.2945 0.2920 0.2895 0.2868 0.2840 0.2811 0.2780 0.2747 0.2711 0.2684 0.2711 0.2747 0.2780 0.2811 0.2840 0.2868 0.2895 0.2920 0.2945 0.2968 0.2991 0.3012 0.3032 0.3051 0.3069 0.3085 0.3101 0.3116 0.3131 0.3145 0.3159 0.3172 0.3185 0.3197 0.3208 0.3218 0.3229 0.3239 0.3248 0.3257 0.3266 0.3274 0.3282 0.3289 0.3296 0.3302 0.3308 0.3313 0.3317 0.3321 0.3324 0.3326 0.3327 0.3327 0.3326 0.3324 0.3321 0.3317 0.3298 0.3144
0.3087 0.3275 0.3300 0.3308 0.3315 0.3320 0.3323 0.3326 0.3327 0.3327 0.3326 0.3325 0.3322 0.3319 0.3315 0.3310 0.3305 0.3299 0.3292 0.3285 0.3277 0.3269 0.3261 0.3252 0.3242 0.3233 0.3222 0.3210 0.3198 0.3186 0.3173 0.3159 0.3145 0.3130 0.3115 0.3098 0.3080 0.3061 0.3041 0.3020 0.2997 0.2974 0.2950 0.2925 0.2898 0.2870 0.2840 0.2809 0.2776 0.2741 0.2714 0.2741 0.2776 0.2809 0.2840 0.2870 0.2898 0.2925 0.2950 0.2974 0.2997 0.3020 0.3041 0.3061 0.3080 0.3098 0.3115 0.3130 0.3145 0.3159 0.3173 0.3186 0.3198 0.3210 0.3222 0.3233 0.3242 0.3252 0.3261 0.3269 0.3277 0.3285 0.3292 0.3299 0.3305 0.3310 0.3315 0.3319 0.3322 0.3325 0.3326 0.3327 0.3327 0.3326 0.3323 0.3320 0.3315 0.3308 0.3300 0.3275 0.3087
