-0.2754 -0.2341 -0.2085 -0.1927 -0.1746 -0.1537 -0.1312 -0.1083 -0.0871 -0.0690 -0.0545 -0.0430 -0.0341 -0.0270 -0.0214 -0.0169 -0.0133 -0.0103 -0.0078 -0.0058 -0.0042 -0.0028 -0.0017 -0.0008 0.0001 0.0009 0.0019 0.0028 0.0038 0.0048 0.0059 0.0070 0.0081 0.0093 0.0105 0.0118 0.0132 0.0146 0.0161 0.0176 0.0192 0.0208 0.0225 0.0243 0.0262 0.0281 0.0301 0.0322 0.0343 0.0368 0.0386 0.0368 0.0343 0.0322 0.0301 0.0281 0.0262 0.0243 0.0225 0.0208 0.0192 0.0176 0.0161 0.0146 0.0132 0.0118 0.0105 0.0093 0.0081 0.0070 0.0059 0.0048 0.0038 0.0028 0.0019 0.0009 0.0001 -0.0008 -0.0017 -0.0028 -0.0042 -0.0058 -0.0078 -0.0103 -0.0133 -0.0169 -0.0214 -0.0270 -0.0341 -0.0430 -0.0545 -0.0690 -0.0871 -0.1083 -0.1312 -0.1537 -0.1746 -0.1927 -0.2085 -0.2341 -0.2754
-0.2341 -0.1580 -0.1303 -0.1103 -0.0904 -0.0729 -0.0583 -0.0466 -0.0373 -0.0299 -0.0240 -0.0192 -0.0153 -0.0121 -0.0095 -0.0074 -0.0056 -0.0041 -0.0028 -0.0018 -0.0009 -0.0002 0.0004 0.0010 0.0016 0.0023 0.0030 0.0037 0.0044 0.0051 0.0059 0.0067 0.0076 0.0085 0.0094 0.0103 0.0113 0.0123 0.0133 0.0144 0.0155 0.0166 0.0178 0.0191 0.0203 0.0217 0.0230 0.0245 0.0259 0.0275 0.0288 0.0275 0.0259 0.0245 0.0230 0.0217 0.0203 0.0191 0.0178 0.0166 0.0155 0.0144 0.0133 0.0123 0.0113 0.0103 0.0094 0.0085 0.0076 0.0067 0.0059 0.0051 0.0044 0.0037 0.0030 0.0023 0.0016 0.0010 0.0004 -0.0002 -0.0009 -0.0018 -0.0028 -0.0041 -0.0056 -0.0074 -0.0095 -0.0121 -0.0153 -0.0192 -0.0240 -0.0299 -0.0373 -0.0466 -0.0583 -0.0729 -0.0904 -0.1103 -0.1303 -0.1580 -0.2341
-0.2085 -0.1303 -0.1061 -0.0896 -0.0738 -0.0599 -0.0485 -0.0391 -0.0316 -0.0255 -0.0205 -0.0165 -0.0131 -0.0104 -0.0081 -0.0062 -0.0047 -0.0034 -0.0023 -0.0014 -0.0006 0.0000 0.0006 0.0012 0.0019 0.0025 0.0032 0.0039 0.0047 0.0055 0.0062 0.0071 0.0079 0.0088 0.0097 0.0107 0.0116 0.0127 0.0137 0.0148 0.0159 0.0171 0.0183 0.0196 0.0209 0.0222 0.0236 0.0250 0.0265 0.0281 0.0294 0.0281 0.0265 0.0250 0.0236 0.0222 0.0209 0.0196 0.0183 0.0171 0.0159 0.0148 0.0137 0.0127 0.0116 0.0107 0.0097 0.0088 0.0079 0.0071 0.0062 0.0055 0.0047 0.0039 0.0032 0.0025 0.0019 0.0012 0.0006 0.0000 -0.0006 -0.0014 -0.0023 -0.0034 -0.0047 -0.0062 -0.0081 -0.0104 -0.0131 -0.0165 -0.0205 -0.0255 -0.0316 -0.0391 -0.0485 -0.0599 -0.0738 -0.0896 -0.1061 -0.1303 -0.2085
-0.1927 -0.1103 -0.0896 -0.0765 -0.0640 -0.0527 -0.0432 -0.0352 -0.0285 -0.0231 -0.0186 -0.0150 -0.0119 -0.0094 -0.0073 -0.0056 -0.0041 -0.0029 -0.0019 -0.0010 -0.0004 0.0003 0.0009 0.0015 0.0021 0.0028 0.0035 0.0043 0.0050 0.0058 0.0066 0.0074 0.0083 0.0092 0.0101 0.0111 0.0121 0.0131 0.0142 0.0153 0.0164 0.0176 0.0188 0.0201 0.0214 0.0228 0.0242 0.0257 0.0272 0.0288 0.0301 0.0288 0.0272 0.0257 0.0242 0.0228 0.0214 0.0201 0.0188 0.0176 0.0164 0.0153 0.0142 0.0131 0.0121 0.0111 0.0101 0.0092 0.0083 0.0074 0.0066 0.0058 0.0050 0.0043 0.0035 0.0028 0.0021 0.0015 0.0009 0.0003 -0.0004 -0.0010 -0.0019 -0.0029 -0.0041 -0.0056 -0.0073 -0.0094 -0.0119 -0.0150 -0.0186 -0.0231 -0.0285 -0.0352 -0.0432 -0.0527 -0.0640 -0.0765 -0.0896 -0.1103 -0.1927
-0.1746 -0.0904 -0.0738 -0.0640 -0.0544 -0.0456 -0.0378 -0.0312 -0.0255 -0.0208 -0.0169 -0.0135 -0.0108 -0.0085 -0.0065 -0.0049 -0.0036 -0.0024 -0.0015 -0.0007 -0.0001 0.0005 0.0011 0.0018 0.0024 0.0031 0.0038 0.0046 0.0053 0.0061 0.0069 0.0078 0.0087 0.0096 0.0105 0.0115 0.0125 0.0135 0.0146 0.0157 0.0169 0.0181 0.0193 0.0206 0.0220 0.0234 0.0248 0.0263 0.0278 0.0295 0.0307 0.0295 0.0278 0.0263 0.0248 0.0234 0.0220 0.0206 0.0193 0.0181 0.0169 0.0157 0.0146 0.0135 0.0125 0.0115 0.0105 0.0096 0.0087 0.0078 0.0069 0.0061 0.0053 0.0046 0.0038 0.0031 0.0024 0.0018 0.0011 0.0005 -0.0001 -0.0007 -0.0015 -0.0024 -0.0036 -0.0049 -0.0065 -0.0085 -0.0108 -0.0135 -0.0169 -0.0208 -0.0255 -0.0312 -0.0378 -0.0456 -0.0544 -0.0640 -0.0738 -0.0904 -0.1746
-0.1537 -0.0729 -0.0599 -0.0527 -0.0456 -0.0389 -0.0328 -0.0274 -0.0226 -0.0186 -0.0151 -0.0122 -0.0097 -0.0076 -0.0058 -0.0043 -0.0031 -0.0020 -0.0012 -0.0005 0.0002 0.0008 0.0014 0.0020 0.0027 0.0034 0.0041 0.0049 0.0056 0.0064 0.0073 0.0081 0.0090 0.0099 0.0109 0.0119 0.0129 0.0140 0.0151 0.0162 0.0174 0.0186 0.0199 0.0212 0.0225 0.0239 0.0254 0.0269 0.0285 0.0302 0.0314 0.0302 0.0285 0.0269 0.0254 0.0239 0.0225 0.0212 0.0199 0.0186 0.0174 0.0162 0.0151 0.0140 0.0129 0.0119 0.0109 0.0099 0.0090 0.0081 0.0073 0.0064 0.0056 0.0049 0.0041 0.0034 0.0027 0.0020 0.0014 0.0008 0.0002 -0.0005 -0.0012 -0.0020 -0.0031 -0.0043 -0.0058 -0.0076 -0.0097 -0.0122 -0.0151 -0.0186 -0.0226 -0.0274 -0.0328 -0.0389 -0.0456 -0.0527 -0.0599 -0.0729 -0.1537
-0.1312 -0.0583 -0.0485 -0.0432 -0.0378 -0.0328 -0.0280 -0.0237 -0.0198 -0.0164 -0.0134 -0.0108 -0.0086 -0.0067 -0.0051 -0.0037 -0.0026 -0.0017 -0.0009 -0.0002 0.0004 0.0010 0.0017 0.0023 0.0030 0.0037 0.0044 0.0052 0.0060 0.0068 0.0076 0.0085 0.0094 0.0103 0.0113 0.0123 0.0133 0.0144 0.0155 0.0167 0.0179 0.0191 0.0204 0.0217 0.0231 0.0245 0.0260 0.0276 0.0291 0.0309 0.0322 0.0309 0.0291 0.0276 0.0260 0.0245 0.0231 0.0217 0.0204 0.0191 0.0179 0.0167 0.0155 0.0144 0.0133 0.0123 0.0113 0.0103 0.0094 0.0085 0.0076 0.0068 0.0060 0.0052 0.0044 0.0037 0.0030 0.0023 0.0017 0.0010 0.0004 -0.0002 -0.0009 -0.0017 -0.0026 -0.0037 -0.0051 -0.0067 -0.0086 -0.0108 -0.0134 -0.0164 -0.0198 -0.0237 -0.0280 -0.0328 -0.0378 -0.0432 -0.0485 -0.0583 -0.1312
-0.1083 -0.0466 -0.0391 -0.0352 -0.0312 -0.0274 -0.0237 -0.0202 -0.0171 -0.0143 -0.0117 -0.0095 -0.0075 -0.0058 -0.0044 -0.0032 -0.0022 -0.0013 -0.0006 0.0001 0.0007 0.0013 0.0019 0.0026 0.0033 0.0040 0.0047 0.0055 0.0063 0.0071 0.0080 0.0089 0.0098 0.0107 0.0117 0.0127 0.0138 0.0149 0.0160 0.0172 0.0184 0.0197 0.0210 0.0223 0.0237 0.0251 0.0266 0.0282 0.0298 0.0316 0.0329 0.0316 0.0298 0.0282 0.0266 0.0251 0.0237 0.0223 0.0210 0.0197 0.0184 0.0172 0.0160 0.0149 0.0138 0.0127 0.0117 0.0107 0.0098 0.0089 0.0080 0.0071 0.0063 0.0055 0.0047 0.0040 0.0033 0.0026 0.0019 0.0013 0.0007 0.0001 -0.0006 -0.0013 -0.0022 -0.0032 -0.0044 -0.0058 -0.0075 -0.0095 -0.0117 -0.0143 -0.0171 -0.0202 -0.0237 -0.0274 -0.0312 -0.0352 -0.0391 -0.0466 -0.1083
-0.0871 -0.0373 -0.0316 -0.0285 -0.0255 -0.0226 -0.0198 -0.0171 -0.0146 -0.0122 -0.0101 -0.0082 -0.0065 -0.0050 -0.0038 -0.0027 -0.0017 -0.0009 -0.0003 0.0003 0.0009 0.0015 0.0022 0.0029 0.0036 0.0043 0.0051 0.0058 0.0066 0.0075 0.0084 0.0092 0.0102 0.0111 0.0121 0.0132 0.0142 0.0153 0.0165 0.0177 0.0189 0.0202 0.0215 0.0229 0.0243 0.0258 0.0273 0.0289 0.0305 0.0323 0.0336 0.0323 0.0305 0.0289 0.0273 0.0258 0.0243 0.0229 0.0215 0.0202 0.0189 0.0177 0.0165 0.0153 0.0142 0.0132 0.0121 0.0111 0.0102 0.0092 0.0084 0.0075 0.0066 0.0058 0.0051 0.0043 0.0036 0.0029 0.0022 0.0015 0.0009 0.0003 -0.0003 -0.0009 -0.0017 -0.0027 -0.0038 -0.0050 -0.0065 -0.0082 -0.0101 -0.0122 -0.0146 -0.0171 -0.0198 -0.0226 -0.0255 -0.0285 -0.0316 -0.0373 -0.0871
-0.0690 -0.0299 -0.0255 -0.0231 -0.0208 -0.0186 -0.0164 -0.0143 -0.0122 -0.0103 -0.0085 -0.0069 -0.0055 -0.0042 -0.0031 -0.0022 -0.0013 -0.0006 -0.0000 0.0006 0.0012 0.0018 0.0025 0.0032 0.0039 0.0046 0.0054 0.0062 0.0070 0.0078 0.0087 0.0096 0.0106 0.0115 0.0126 0.0136 0.0147 0.0158 0.0170 0.0182 0.0194 0.0207 0.0221 0.0235 0.0249 0.0264 0.0279 0.0295 0.0312 0.0330 0.0343 0.0330 0.0312 0.0295 0.0279 0.0264 0.0249 0.0235 0.0221 0.0207 0.0194 0.0182 0.0170 0.0158 0.0147 0.0136 0.0126 0.0115 0.0106 0.0096 0.0087 0.0078 0.0070 0.0062 0.0054 0.0046 0.0039 0.0032 0.0025 0.0018 0.0012 0.0006 -0.0000 -0.0006 -0.0013 -0.0022 -0.0031 -0.0042 -0.0055 -0.0069 -0.0085 -0.0103 -0.0122 -0.0143 -0.0164 -0.0186 -0.0208 -0.0231 -0.0255 -0.0299 -0.0690
-0.0545 -0.0240 -0.0205 -0.0186 -0.0169 -0.0151 -0.0134 -0.0117 -0.0101 -0.0085 -0.0071 -0.0058 -0.0046 -0.0035 -0.0025 -0.0016 -0.0009 -0.0003 0.0003 0.0009 0.0015 0.0021 0.0028 0.0035 0.0042 0.0049 0.0057 0.0065 0.0073 0.0082 0.0091 0.0100 0.0110 0.0120 0.0130 0.0141 0.0152 0.0163 0.0175 0.0187 0.0200 0.0213 0.0226 0.0241 0.0255 0.0270 0.0286 0.0302 0.0319 0.0337 0.0351 0.0337 0.0319 0.0302 0.0286 0.0270 0.0255 0.0241 0.0226 0.0213 0.0200 0.0187 0.0175 0.0163 0.0152 0.0141 0.0130 0.0120 0.0110 0.0100 0.0091 0.0082 0.0073 0.0065 0.0057 0.0049 0.0042 0.0035 0.0028 0.0021 0.0015 0.0009 0.0003 -0.0003 -0.0009 -0.0016 -0.0025 -0.0035 -0.0046 -0.0058 -0.0071 -0.0085 -0.0101 -0.0117 -0.0134 -0.0151 -0.0169 -0.0186 -0.0205 -0.0240 -0.0545
-0.0430 -0.0192 -0.0165 -0.0150 -0.0135 -0.0122 -0.0108 -0.0095 -0.0082 -0.0069 -0.0058 -0.0047 -0.0037 -0.0027 -0.0019 -0.0012 -0.0005 0.0000 0.0006 0.0012 0.0018 0.0024 0.0031 0.0038 0.0045 0.0052 0.0060 0.0068 0.0077 0.0086 0.0095 0.0104 0.0114 0.0124 0.0134 0.0145 0.0156 0.0168 0.0180 0.0192 0.0205 0.0218 0.0232 0.0247 0.0261 0.0277 0.0293 0.0309 0.0326 0.0345 0.0359 0.0345 0.0326 0.0309 0.0293 0.0277 0.0261 0.0247 0.0232 0.0218 0.0205 0.0192 0.0180 0.0168 0.0156 0.0145 0.0134 0.0124 0.0114 0.0104 0.0095 0.0086 0.0077 0.0068 0.0060 0.0052 0.0045 0.0038 0.0031 0.0024 0.0018 0.0012 0.0006 0.0000 -0.0005 -0.0012 -0.0019 -0.0027 -0.0037 -0.0047 -0.0058 -0.0069 -0.0082 -0.0095 -0.0108 -0.0122 -0.0135 -0.0150 -0.0165 -0.0192 -0.0430
-0.0341 -0.0153 -0.0131 -0.0119 -0.0108 -0.0097 -0.0086 -0.0075 -0.0065 -0.0055 -0.0046 -0.0037 -0.0028 -0.0020 -0.0013 -0.0007 -0.0002 0.0003 0.0009 0.0015 0.0021 0.0027 0.0034 0.0041 0.0048 0.0056 0.0064 0.0072 0.0081 0.0089 0.0099 0.0108 0.0118 0.0128 0.0139 0.0150 0.0161 0.0173 0.0185 0.0197 0.0211 0.0224 0.0238 0.0253 0.0268 0.0283 0.0299 0.0316 0.0333 0.0352 0.0366 0.0352 0.0333 0.0316 0.0299 0.0283 0.0268 0.0253 0.0238 0.0224 0.0211 0.0197 0.0185 0.0173 0.0161 0.0150 0.0139 0.0128 0.0118 0.0108 0.0099 0.0089 0.0081 0.0072 0.0064 0.0056 0.0048 0.0041 0.0034 0.0027 0.0021 0.0015 0.0009 0.0003 -0.0002 -0.0007 -0.0013 -0.0020 -0.0028 -0.0037 -0.0046 -0.0055 -0.0065 -0.0075 -0.0086 -0.0097 -0.0108 -0.0119 -0.0131 -0.0153 -0.0341
-0.0270 -0.0121 -0.0104 -0.0094 -0.0085 -0.0076 -0.0067 -0.0058 -0.0050 -0.0042 -0.0035 -0.0027 -0.0020 -0.0014 -0.0008 -0.0003 0.0002 0.0007 0.0012 0.0018 0.0024 0.0031 0.0037 0.0044 0.0052 0.0059 0.0067 0.0075 0.0084 0.0093 0.0102 0.0112 0.0122 0.0132 0.0143 0.0154 0.0166 0.0178 0.0190 0.0203 0.0216 0.0230 0.0244 0.0259 0.0274 0.0290 0.0306 0.0323 0.0341 0.0360 0.0374 0.0360 0.0341 0.0323 0.0306 0.0290 0.0274 0.0259 0.0244 0.0230 0.0216 0.0203 0.0190 0.0178 0.0166 0.0154 0.0143 0.0132 0.0122 0.0112 0.0102 0.0093 0.0084 0.0075 0.0067 0.0059 0.0052 0.0044 0.0037 0.0031 0.0024 0.0018 0.0012 0.0007 0.0002 -0.0003 -0.0008 -0.0014 -0.0020 -0.0027 -0.0035 -0.0042 -0.0050 -0.0058 -0.0067 -0.0076 -0.0085 -0.0094 -0.0104 -0.0121 -0.0270
-0.0214 -0.0095 -0.0081 -0.0073 -0.0065 -0.0058 -0.0051 -0.0044 -0.0038 -0.0031 -0.0025 -0.0019 -0.0013 -0.0008 -0.0004 0.0001 0.0006 0.0011 0.0016 0.0022 0.0028 0.0034 0.0041 0.0048 0.0055 0.0063 0.0071 0.0079 0.0088 0.0097 0.0106 0.0116 0.0126 0.0137 0.0148 0.0159 0.0171 0.0183 0.0195 0.0208 0.0222 0.0236 0.0250 0.0265 0.0281 0.0297 0.0313 0.0330 0.0348 0.0368 0.0382 0.0368 0.0348 0.0330 0.0313 0.0297 0.0281 0.0265 0.0250 0.0236 0.0222 0.0208 0.0195 0.0183 0.0171 0.0159 0.0148 0.0137 0.0126 0.0116 0.0106 0.0097 0.0088 0.0079 0.0071 0.0063 0.0055 0.0048 0.0041 0.0034 0.0028 0.0022 0.0016 0.0011 0.0006 0.0001 -0.0004 -0.0008 -0.0013 -0.0019 -0.0025 -0.0031 -0.0038 -0.0044 -0.0051 -0.0058 -0.0065 -0.0073 -0.0081 -0.0095 -0.0214
-0.0169 -0.0074 -0.0062 -0.0056 -0.0049 -0.0043 -0.0037 -0.0032 -0.0027 -0.0022 -0.0016 -0.0012 -0.0007 -0.0003 0.0001 0.0005 0.0010 0.0015 0.0020 0.0026 0.0032 0.0038 0.0045 0.0052 0.0059 0.0067 0.0075 0.0083 0.0092 0.0101 0.0110 0.0120 0.0131 0.0141 0.0152 0.0164 0.0176 0.0188 0.0201 0.0214 0.0227 0.0242 0.0256 0.0271 0.0287 0.0303 0.0320 0.0338 0.0356 0.0376 0.0390 0.0376 0.0356 0.0338 0.0320 0.0303 0.0287 0.0271 0.0256 0.0242 0.0227 0.0214 0.0201 0.0188 0.0176 0.0164 0.0152 0.0141 0.0131 0.0120 0.0110 0.0101 0.0092 0.0083 0.0075 0.0067 0.0059 0.0052 0.0045 0.0038 0.0032 0.0026 0.0020 0.0015 0.0010 0.0005 0.0001 -0.0003 -0.0007 -0.0012 -0.0016 -0.0022 -0.0027 -0.0032 -0.0037 -0.0043 -0.0049 -0.0056 -0.0062 -0.0074 -0.0169
-0.0133 -0.0056 -0.0047 -0.0041 -0.0036 -0.0031 -0.0026 -0.0022 -0.0017 -0.0013 -0.0009 -0.0005 -0.0002 0.0002 0.0006 0.0010 0.0015 0.0019 0.0025 0.0030 0.0036 0.0042 0.0049 0.0056 0.0063 0.0071 0.0079 0.0087 0.0096 0.0105 0.0115 0.0125 0.0135 0.0146 0.0157 0.0169 0.0181 0.0193 0.0206 0.0219 0.0233 0.0248 0.0262 0.0278 0.0294 0.0310 0.0327 0.0345 0.0364 0.0384 0.0399 0.0384 0.0364 0.0345 0.0327 0.0310 0.0294 0.0278 0.0262 0.0248 0.0233 0.0219 0.0206 0.0193 0.0181 0.0169 0.0157 0.0146 0.0135 0.0125 0.0115 0.0105 0.0096 0.0087 0.0079 0.0071 0.0063 0.0056 0.0049 0.0042 0.0036 0.0030 0.0025 0.0019 0.0015 0.0010 0.0006 0.0002 -0.0002 -0.0005 -0.0009 -0.0013 -0.0017 -0.0022 -0.0026 -0.0031 -0.0036 -0.0041 -0.0047 -0.0056 -0.0133
-0.0103 -0.0041 -0.0034 -0.0029 -0.0024 -0.0020 -0.0017 -0.0013 -0.0009 -0.0006 -0.0003 0.0000 0.0003 0.0007 0.0011 0.0015 0.0019 0.0024 0.0029 0.0035 0.0041 0.0047 0.0054 0.0060 0.0068 0.0075 0.0083 0.0092 0.0101 0.0110 0.0119 0.0129 0.0140 0.0150 0.0162 0.0174 0.0186 0.0198 0.0212 0.0225 0.0239 0.0254 0.0269 0.0284 0.0301 0.0317 0.0335 0.0353 0.0372 0.0395 0.0412 0.0395 0.0372 0.0353 0.0335 0.0317 0.0301 0.0284 0.0269 0.0254 0.0239 0.0225 0.0212 0.0198 0.0186 0.0174 0.0162 0.0150 0.0140 0.0129 0.0119 0.0110 0.0101 0.0092 0.0083 0.0075 0.0068 0.0060 0.0054 0.0047 0.0041 0.0035 0.0029 0.0024 0.0019 0.0015 0.0011 0.0007 0.0003 0.0000 -0.0003 -0.0006 -0.0009 -0.0013 -0.0017 -0.0020 -0.0024 -0.0029 -0.0034 -0.0041 -0.0103
-0.0078 -0.0028 -0.0023 -0.0019 -0.0015 -0.0012 -0.0009 -0.0006 -0.0003 -0.0000 0.0003 0.0006 0.0009 0.0012 0.0016 0.0020 0.0025 0.0029 0.0034 0.0040 0.0046 0.0052 0.0058 0.0065 0.0072 0.0080 0.0088 0.0096 0.0105 0.0114 0.0124 0.0134 0.0145 0.0155 0.0167 0.0179 0.0191 0.0204 0.0217 0.0231 0.0245 0.0260 0.0275 0.0291 0.0308 0.0325 0.0342 0.0360 0.0381 0.0425 0.0441 0.0425 0.0381 0.0360 0.0342 0.0325 0.0308 0.0291 0.0275 0.0260 0.0245 0.0231 0.0217 0.0204 0.0191 0.0179 0.0167 0.0155 0.0145 0.0134 0.0124 0.0114 0.0105 0.0096 0.0088 0.0080 0.0072 0.0065 0.0058 0.0052 0.0046 0.0040 0.0034 0.0029 0.0025 0.0020 0.0016 0.0012 0.0009 0.0006 0.0003 -0.0000 -0.0003 -0.0006 -0.0009 -0.0012 -0.0015 -0.0019 -0.0023 -0.0028 -0.0078
-0.0058 -0.0018 -0.0014 -0.0010 -0.0007 -0.0005 -0.0002 0.0001 0.0003 0.0006 0.0009 0.0012 0.0015 0.0018 0.0022 0.0026 0.0030 0.0035 0.0040 0.0045 0.0051 0.0057 0.0064 0.0070 0.0077 0.0085 0.0093 0.0101 0.0110 0.0119 0.0129 0.0139 0.0150 0.0161 0.0172 0.0184 0.0196 0.0209 0.0223 0.0237 0.0251 0.0266 0.0282 0.0298 0.0314 0.0332 0.0350 0.0368 0.0397 0.0571 0.0030 0.0571 0.0397 0.0368 0.0350 0.0332 0.0314 0.0298 0.0282 0.0266 0.0251 0.0237 0.0223 0.0209 0.0196 0.0184 0.0172 0.0161 0.0150 0.0139 0.0129 0.0119 0.0110 0.0101 0.0093 0.0085 0.0077 0.0070 0.0064 0.0057 0.0051 0.0045 0.0040 0.0035 0.0030 0.0026 0.0022 0.0018 0.0015 0.0012 0.0009 0.0006 0.0003 0.0001 -0.0002 -0.0005 -0.0007 -0.0010 -0.0014 -0.0018 -0.0058
-0.0042 -0.0009 -0.0006 -0.0004 -0.0001 0.0002 0.0004 0.0007 0.0009 0.0012 0.0015 0.0018 0.0021 0.0024 0.0028 0.0032 0.0036 0.0041 0.0046 0.0051 0.0056 0.0063 0.0069 0.0076 0.0083 0.0090 0.0098 0.0106 0.0115 0.0125 0.0134 0.0144 0.0155 0.0166 0.0178 0.0189 0.0202 0.0215 0.0228 0.0243 0.0257 0.0273 0.0288 0.0305 0.0322 0.0339 0.0357 0.0377 0.0464 0.0341 -0.1352 0.0341 0.0464 0.0377 0.0357 0.0339 0.0322 0.0305 0.0288 0.0273 0.0257 0.0243 0.0228 0.0215 0.0202 0.0189 0.0178 0.0166 0.0155 0.0144 0.0134 0.0125 0.0115 0.0106 0.0098 0.0090 0.0083 0.0076 0.0069 0.0063 0.0056 0.0051 0.0046 0.0041 0.0036 0.0032 0.0028 0.0024 0.0021 0.0018 0.0015 0.0012 0.0009 0.0007 0.0004 0.0002 -0.0001 -0.0004 -0.0006 -0.0009 -0.0042
-0.0028 -0.0002 0.0000 0.0003 0.0005 0.0008 0.0010 0.0013 0.0015 0.0018 0.0021 0.0024 0.0027 0.0031 0.0034 0.0038 0.0042 0.0047 0.0052 0.0057 0.0063 0.0068 0.0075 0.0081 0.0088 0.0096 0.0104 0.0112 0.0121 0.0130 0.0140 0.0150 0.0161 0.0172 0.0183 0.0195 0.0208 0.0221 0.0234 0.0249 0.0264 0.0279 0.0295 0.0312 0.0329 0.0347 0.0365 0.0389 0.0569 -0.0401 -0.2321 -0.0401 0.0569 0.0389 0.0365 0.0347 0.0329 0.0312 0.0295 0.0279 0.0264 0.0249 0.0234 0.0221 0.0208 0.0195 0.0183 0.0172 0.0161 0.0150 0.0140 0.0130 0.0121 0.0112 0.0104 0.0096 0.0088 0.0081 0.0075 0.0068 0.0063 0.0057 0.0052 0.0047 0.0042 0.0038 0.0034 0.0031 0.0027 0.0024 0.0021 0.0018 0.0015 0.0013 0.0010 0.0008 0.0005 0.0003 0.0000 -0.0002 -0.0028
-0.0017 0.0004 0.0006 0.0009 0.0011 0.0014 0.0017 0.0019 0.0022 0.0025 0.0028 0.0031 0.0034 0.0037 0.0041 0.0045 0.0049 0.0054 0.0058 0.0064 0.0069 0.0075 0.0081 0.0087 0.0094 0.0102 0.0110 0.0118 0.0127 0.0136 0.0146 0.0156 0.0166 0.0177 0.0189 0.0201 0.0214 0.0227 0.0241 0.0255 0.0270 0.0286 0.0302 0.0319 0.0336 0.0354 0.0373 0.0423 0.0521 -0.1398 -0.2347 -0.1398 0.0521 0.0423 0.0373 0.0354 0.0336 0.0319 0.0302 0.0286 0.0270 0.0255 0.0241 0.0227 0.0214 0.0201 0.0189 0.0177 0.0166 0.0156 0.0146 0.0136 0.0127 0.0118 0.0110 0.0102 0.0094 0.0087 0.0081 0.0075 0.0069 0.0064 0.0058 0.0054 0.0049 0.0045 0.0041 0.0037 0.0034 0.0031 0.0028 0.0025 0.0022 0.0019 0.0017 0.0014 0.0011 0.0009 0.0006 0.0004 -0.0017
-0.0008 0.0010 0.0012 0.0015 0.0018 0.0020 0.0023 0.0026 0.0029 0.0032 0.0035 0.0038 0.0041 0.0044 0.0048 0.0052 0.0056 0.0060 0.0065 0.0070 0.0076 0.0081 0.0087 0.0094 0.0101 0.0108 0.0116 0.0124 0.0133 0.0142 0.0152 0.0162 0.0172 0.0184 0.0195 0.0208 0.0221 0.0234 0.0248 0.0262 0.0277 0.0292 0.0309 0.0326 0.0344 0.0362 0.0383 0.0566 -0.0040 -0.2346 -0.2373 -0.2346 -0.0040 0.0566 0.0383 0.0362 0.0344 0.0326 0.0309 0.0292 0.0277 0.0262 0.0248 0.0234 0.0221 0.0208 0.0195 0.0184 0.0172 0.0162 0.0152 0.0142 0.0133 0.0124 0.0116 0.0108 0.0101 0.0094 0.0087 0.0081 0.0076 0.0070 0.0065 0.0060 0.0056 0.0052 0.0048 0.0044 0.0041 0.0038 0.0035 0.0032 0.0029 0.0026 0.0023 0.0020 0.0018 0.0015 0.0012 0.0010 -0.0008
0.0001 0.0016 0.0019 0.0021 0.0024 0.0027 0.0030 0.0033 0.0036 0.0039 0.0042 0.0045 0.0048 0.0052 0.0055 0.0059 0.0063 0.0068 0.0072 0.0077 0.0083 0.0088 0.0094 0.0101 0.0108 0.0115 0.0123 0.0131 0.0140 0.0149 0.0159 0.0168 0.0179 0.0190 0.0202 0.0214 0.0227 0.0241 0.0255 0.0269 0.0284 0.0300 0.0316 0.0333 0.0351 0.0370 0.0403 0.0571 -0.1043 -0.2372 -0.2398 -0.2372 -0.1043 0.0571 0.0403 0.0370 0.0351 0.0333 0.0316 0.0300 0.0284 0.0269 0.0255 0.0241 0.0227 0.0214 0.0202 0.0190 0.0179 0.0168 0.0159 0.0149 0.0140 0.0131 0.0123 0.0115 0.0108 0.0101 0.0094 0.0088 0.0083 0.0077 0.0072 0.0068 0.0063 0.0059 0.0055 0.0052 0.0048 0.0045 0.0042 0.0039 0.0036 0.0033 0.0030 0.0027 0.0024 0.0021 0.0019 0.0016 0.0001
0.0009 0.0023 0.0025 0.0028 0.0031 0.0034 0.0037 0.0040 0.0043 0.0046 0.0049 0.0052 0.0056 0.0059 0.0063 0.0067 0.0071 0.0075 0.0080 0.0085 0.0090 0.0096 0.0102 0.0108 0.0115 0.0123 0.0130 0.0138 0.0147 0.0156 0.0166 0.0176 0.0186 0.0197 0.0209 0.0221 0.0234 0.0248 0.0262 0.0276 0.0292 0.0308 0.0324 0.0341 0.0359 0.0378 0.0494 0.0240 -0.2006 -0.2396 -0.2422 -0.2396 -0.2006 0.0240 0.0494 0.0378 0.0359 0.0341 0.0324 0.0308 0.0292 0.0276 0.0262 0.0248 0.0234 0.0221 0.0209 0.0197 0.0186 0.0176 0.0166 0.0156 0.0147 0.0138 0.0130 0.0123 0.0115 0.0108 0.0102 0.0096 0.0090 0.0085 0.0080 0.0075 0.0071 0.0067 0.0063 0.0059 0.0056 0.0052 0.0049 0.0046 0.0043 0.0040 0.0037 0.0034 0.0031 0.0028 0.0025 0.0023 0.0009
0.0019 0.0030 0.0032 0.0035 0.0038 0.0041 0.0044 0.0047 0.0051 0.0054 0.0057 0.0060 0.0064 0.0067 0.0071 0.0075 0.0079 0.0083 0.0088 0.0093 0.0098 0.0104 0.0110 0.0116 0.0123 0.0130 0.0138 0.0146 0.0155 0.0164 0.0173 0.0183 0.0194 0.0205 0.0216 0.0229 0.0241 0.0255 0.0269 0.0284 0.0299 0.0316 0.0332 0.0349 0.0367 0.0393 0.0573 -0.0595 -0.2364 -0.2420 -0.2445 -0.2420 -0.2364 -0.0595 0.0573 0.0393 0.0367 0.0349 0.0332 0.0316 0.0299 0.0284 0.0269 0.0255 0.0241 0.0229 0.0216 0.0205 0.0194 0.0183 0.0173 0.0164 0.0155 0.0146 0.0138 0.0130 0.0123 0.0116 0.0110 0.0104 0.0098 0.0093 0.0088 0.0083 0.0079 0.0075 0.0071 0.0067 0.0064 0.0060 0.0057 0.0054 0.0051 0.0047 0.0044 0.0041 0.0038 0.0035 0.0032 0.0030 0.0019
0.0028 0.0037 0.0039 0.0043 0.0046 0.0049 0.0052 0.0055 0.0058 0.0062 0.0065 0.0068 0.0072 0.0075 0.0079 0.0083 0.0087 0.0092 0.0096 0.0101 0.0106 0.0112 0.0118 0.0124 0.0131 0.0138 0.0146 0.0154 0.0163 0.0172 0.0181 0.0191 0.0201 0.0212 0.0224 0.0236 0.0249 0.0263 0.0277 0.0292 0.0307 0.0324 0.0341 0.0358 0.0377 0.0445 0.0413 -0.1617 -0.2390 -0.2444 -0.2468 -0.2444 -0.2390 -0.1617 0.0413 0.0445 0.0377 0.0358 0.0341 0.0324 0.0307 0.0292 0.0277 0.0263 0.0249 0.0236 0.0224 0.0212 0.0201 0.0191 0.0181 0.0172 0.0163 0.0154 0.0146 0.0138 0.0131 0.0124 0.0118 0.0112 0.0106 0.0101 0.0096 0.0092 0.0087 0.0083 0.0079 0.0075 0.0072 0.0068 0.0065 0.0062 0.0058 0.0055 0.0052 0.0049 0.0046 0.0043 0.0039 0.0037 0.0028
0.0038 0.0044 0.0047 0.0050 0.0053 0.0056 0.0060 0.0063 0.0066 0.0070 0.0073 0.0077 0.0081 0.0084 0.0088 0.0092 0.0096 0.0101 0.0105 0.0110 0.0115 0.0121 0.0127 0.0133 0.0140 0.0147 0.0155 0.0163 0.0171 0.0180 0.0190 0.0200 0.0210 0.0221 0.0232 0.0245 0.0257 0.0271 0.0285 0.0300 0.0315 0.0332 0.0349 0.0367 0.0390 0.0586 -0.0354 -0.2356 -0.2415 -0.2467 -0.2490 -0.2467 -0.2415 -0.2356 -0.0354 0.0586 0.0390 0.0367 0.0349 0.0332 0.0315 0.0300 0.0285 0.0271 0.0257 0.0245 0.0232 0.0221 0.0210 0.0200 0.0190 0.0180 0.0171 0.0163 0.0155 0.0147 0.0140 0.0133 0.0127 0.0121 0.0115 0.0110 0.0105 0.0101 0.0096 0.0092 0.0088 0.0084 0.0081 0.0077 0.0073 0.0070 0.0066 0.0063 0.0060 0.0056 0.0053 0.0050 0.0047 0.0044 0.0038
0.0048 0.0051 0.0055 0.0058 0.0061 0.0064 0.0068 0.0071 0.0075 0.0078 0.0082 0.0086 0.0089 0.0093 0.0097 0.0101 0.0105 0.0110 0.0114 0.0119 0.0125 0.0130 0.0136 0.0142 0.0149 0.0156 0.0164 0.0172 0.0180 0.0189 0.0199 0.0208 0.0219 0.0230 0.0241 0.0253 0.0266 0.0279 0.0294 0.0308 0.0324 0.0341 0.0358 0.0376 0.0440 0.0451 -0.1570 -0.2384 -0.2440 -0.2491 -0.2513 -0.2491 -0.2440 -0.2384 -0.1570 0.0451 0.0440 0.0376 0.0358 0.0341 0.0324 0.0308 0.0294 0.0279 0.0266 0.0253 0.0241 0.0230 0.0219 0.0208 0.0199 0.0189 0.0180 0.0172 0.0164 0.0156 0.0149 0.0142 0.0136 0.0130 0.0125 0.0119 0.0114 0.0110 0.0105 0.0101 0.0097 0.0093 0.0089 0.0086 0.0082 0.0078 0.0075 0.0071 0.0068 0.0064 0.0061 0.0058 0.0055 0.0051 0.0048
0.0059 0.0059 0.0062 0.0066 0.0069 0.0073 0.0076 0.0080 0.0084 0.0087 0.0091 0.0095 0.0099 0.0102 0.0106 0.0110 0.0115 0.0119 0.0124 0.0129 0.0134 0.0140 0.0146 0.0152 0.0159 0.0166 0.0173 0.0181 0.0190 0.0199 0.0208 0.0218 0.0228 0.0239 0.0250 0.0263 0.0275 0.0289 0.0303 0.0318 0.0333 0.0350 0.0367 0.0390 0.0585 -0.0310 -0.2354 -0.2412 -0.2466 -0.2515 -0.2536 -0.2515 -0.2466 -0.2412 -0.2354 -0.0310 0.0585 0.0390 0.0367 0.0350 0.0333 0.0318 0.0303 0.0289 0.0275 0.0263 0.0250 0.0239 0.0228 0.0218 0.0208 0.0199 0.0190 0.0181 0.0173 0.0166 0.0159 0.0152 0.0146 0.0140 0.0134 0.0129 0.0124 0.0119 0.0115 0.0110 0.0106 0.0102 0.0099 0.0095 0.0091 0.0087 0.0084 0.0080 0.0076 0.0073 0.0069 0.0066 0.0062 0.0059 0.0059
0.0070 0.0067 0.0071 0.0074 0.0078 0.0081 0.0085 0.0089 0.0092 0.0096 0.0100 0.0104 0.0108 0.0112 0.0116 0.0120 0.0125 0.0129 0.0134 0.0139 0.0144 0.0150 0.0156 0.0162 0.0168 0.0176 0.0183 0.0191 0.0200 0.0208 0.0218 0.0228 0.0238 0.0249 0.0260 0.0272 0.0285 0.0299 0.0313 0.0328 0.0343 0.0360 0.0378 0.0438 0.0459 -0.1526 -0.2383 -0.2438 -0.2491 -0.2538 -0.2559 -0.2538 -0.2491 -0.2438 -0.2383 -0.1526 0.0459 0.0438 0.0378 0.0360 0.0343 0.0328 0.0313 0.0299 0.0285 0.0272 0.0260 0.0249 0.0238 0.0228 0.0218 0.0208 0.0200 0.0191 0.0183 0.0176 0.0168 0.0162 0.0156 0.0150 0.0144 0.0139 0.0134 0.0129 0.0125 0.0120 0.0116 0.0112 0.0108 0.0104 0.0100 0.0096 0.0092 0.0089 0.0085 0.0081 0.0078 0.0074 0.0071 0.0067 0.0070
0.0081 0.0076 0.0079 0.0083 0.0087 0.0090 0.0094 0.0098 0.0102 0.0106 0.0110 0.0114 0.0118 0.0122 0.0126 0.0131 0.0135 0.0140 0.0145 0.0150 0.0155 0.0161 0.0166 0.0172 0.0179 0.0186 0.0194 0.0201 0.0210 0.0219 0.0228 0.0238 0.0248 0.0259 0.0271 0.0283 0.0295 0.0309 0.0323 0.0338 0.0354 0.0370 0.0393 0.0605 -0.0339 -0.2354 -0.2411 -0.2464 -0.2515 -0.2561 -0.2581 -0.2561 -0.2515 -0.2464 -0.2411 -0.2354 -0.0339 0.0605 0.0393 0.0370 0.0354 0.0338 0.0323 0.0309 0.0295 0.0283 0.0271 0.0259 0.0248 0.0238 0.0228 0.0219 0.0210 0.0201 0.0194 0.0186 0.0179 0.0172 0.0166 0.0161 0.0155 0.0150 0.0145 0.0140 0.0135 0.0131 0.0126 0.0122 0.0118 0.0114 0.0110 0.0106 0.0102 0.0098 0.0094 0.0090 0.0087 0.0083 0.0079 0.0076 0.0081
0.0093 0.0085 0.0088 0.0092 0.0096 0.0099 0.0103 0.0107 0.0111 0.0115 0.0120 0.0124 0.0128 0.0132 0.0137 0.0141 0.0146 0.0150 0.0155 0.0161 0.0166 0.0172 0.0177 0.0184 0.0190 0.0197 0.0205 0.0212 0.0221 0.0230 0.0239 0.0249 0.0259 0.0270 0.0282 0.0294 0.0306 0.0320 0.0334 0.0349 0.0364 0.0382 0.0472 0.0347 -0.1753 -0.2384 -0.2438 -0.2490 -0.2539 -0.2584 -0.2603 -0.2584 -0.2539 -0.2490 -0.2438 -0.2384 -0.1753 0.0347 0.0472 0.0382 0.0364 0.0349 0.0334 0.0320 0.0306 0.0294 0.0282 0.0270 0.0259 0.0249 0.0239 0.0230 0.0221 0.0212 0.0205 0.0197 0.0190 0.0184 0.0177 0.0172 0.0166 0.0161 0.0155 0.0150 0.0146 0.0141 0.0137 0.0132 0.0128 0.0124 0.0120 0.0115 0.0111 0.0107 0.0103 0.0099 0.0096 0.0092 0.0088 0.0085 0.0093
0.0105 0.0094 0.0097 0.0101 0.0105 0.0109 0.0113 0.0117 0.0121 0.0126 0.0130 0.0134 0.0139 0.0143 0.0148 0.0152 0.0157 0.0162 0.0167 0.0172 0.0178 0.0183 0.0189 0.0195 0.0202 0.0209 0.0216 0.0224 0.0232 0.0241 0.0250 0.0260 0.0271 0.0282 0.0293 0.0305 0.0318 0.0331 0.0345 0.0360 0.0376 0.0410 0.0639 -0.0745 -0.2361 -0.2415 -0.2466 -0.2514 -0.2562 -0.2605 -0.2625 -0.2605 -0.2562 -0.2514 -0.2466 -0.2415 -0.2361 -0.0745 0.0639 0.0410 0.0376 0.0360 0.0345 0.0331 0.0318 0.0305 0.0293 0.0282 0.0271 0.0260 0.0250 0.0241 0.0232 0.0224 0.0216 0.0209 0.0202 0.0195 0.0189 0.0183 0.0178 0.0172 0.0167 0.0162 0.0157 0.0152 0.0148 0.0143 0.0139 0.0134 0.0130 0.0126 0.0121 0.0117 0.0113 0.0109 0.0105 0.0101 0.0097 0.0094 0.0105
0.0118 0.0103 0.0107 0.0111 0.0115 0.0119 0.0123 0.0127 0.0132 0.0136 0.0141 0.0145 0.0150 0.0154 0.0159 0.0164 0.0169 0.0174 0.0179 0.0184 0.0189 0.0195 0.0201 0.0208 0.0214 0.0221 0.0229 0.0236 0.0245 0.0253 0.0263 0.0272 0.0283 0.0294 0.0305 0.0317 0.0330 0.0343 0.0357 0.0372 0.0394 0.0645 -0.0071 -0.2342 -0.2394 -0.2444 -0.2493 -0.2540 -0.2585 -0.2628 -0.2646 -0.2628 -0.2585 -0.2540 -0.2493 -0.2444 -0.2394 -0.2342 -0.0071 0.0645 0.0394 0.0372 0.0357 0.0343 0.0330 0.0317 0.0305 0.0294 0.0283 0.0272 0.0263 0.0253 0.0245 0.0236 0.0229 0.0221 0.0214 0.0208 0.0201 0.0195 0.0189 0.0184 0.0179 0.0174 0.0169 0.0164 0.0159 0.0154 0.0150 0.0145 0.0141 0.0136 0.0132 0.0127 0.0123 0.0119 0.0115 0.0111 0.0107 0.0103 0.0118
0.0132 0.0113 0.0116 0.0121 0.0125 0.0129 0.0133 0.0138 0.0142 0.0147 0.0152 0.0156 0.0161 0.0166 0.0171 0.0176 0.0181 0.0186 0.0191 0.0196 0.0202 0.0208 0.0214 0.0221 0.0227 0.0234 0.0241 0.0249 0.0257 0.0266 0.0275 0.0285 0.0295 0.0306 0.0318 0.0330 0.0343 0.0356 0.0370 0.0388 0.0523 0.0283 -0.1895 -0.2378 -0.2428 -0.2475 -0.2521 -0.2565 -0.2609 -0.2649 -0.2668 -0.2649 -0.2609 -0.2565 -0.2521 -0.2475 -0.2428 -0.2378 -0.1895 0.0283 0.0523 0.0388 0.0370 0.0356 0.0343 0.0330 0.0318 0.0306 0.0295 0.0285 0.0275 0.0266 0.0257 0.0249 0.0241 0.0234 0.0227 0.0221 0.0214 0.0208 0.0202 0.0196 0.0191 0.0186 0.0181 0.0176 0.0171 0.0166 0.0161 0.0156 0.0152 0.0147 0.0142 0.0138 0.0133 0.0129 0.0125 0.0121 0.0116 0.0113 0.0132
0.0146 0.0123 0.0127 0.0131 0.0135 0.0140 0.0144 0.0149 0.0153 0.0158 0.0163 0.0168 0.0173 0.0178 0.0183 0.0188 0.0193 0.0198 0.0204 0.0209 0.0215 0.0221 0.0227 0.0234 0.0241 0.0248 0.0255 0.0263 0.0271 0.0279 0.0289 0.0299 0.0309 0.0320 0.0331 0.0343 0.0356 0.0370 0.0386 0.0468 0.0461 -0.1222 -0.2365 -0.2414 -0.2460 -0.2505 -0.2549 -0.2591 -0.2633 -0.2672 -0.2689 -0.2672 -0.2633 -0.2591 -0.2549 -0.2505 -0.2460 -0.2414 -0.2365 -0.1222 0.0461 0.0468 0.0386 0.0370 0.0356 0.0343 0.0331 0.0320 0.0309 0.0299 0.0289 0.0279 0.0271 0.0263 0.0255 0.0248 0.0241 0.0234 0.0227 0.0221 0.0215 0.0209 0.0204 0.0198 0.0193 0.0188 0.0183 0.0178 0.0173 0.0168 0.0163 0.0158 0.0153 0.0149 0.0144 0.0140 0.0135 0.0131 0.0127 0.0123 0.0146
0.0161 0.0133 0.0137 0.0142 0.0146 0.0151 0.0155 0.0160 0.0165 0.0170 0.0175 0.0180 0.0185 0.0190 0.0195 0.0201 0.0206 0.0212 0.0217 0.0223 0.0228 0.0234 0.0241 0.0248 0.0255 0.0262 0.0269 0.0277 0.0285 0.0294 0.0303 0.0313 0.0323 0.0334 0.0345 0.0357 0.0370 0.0386 0.0455 0.0533 -0.0835 -0.2357 -0.2404 -0.2449 -0.2493 -0.2535 -0.2576 -0.2617 -0.2657 -0.2694 -0.2711 -0.2694 -0.2657 -0.2617 -0.2576 -0.2535 -0.2493 -0.2449 -0.2404 -0.2357 -0.0835 0.0533 0.0455 0.0386 0.0370 0.0357 0.0345 0.0334 0.0323 0.0313 0.0303 0.0294 0.0285 0.0277 0.0269 0.0262 0.0255 0.0248 0.0241 0.0234 0.0228 0.0223 0.0217 0.0212 0.0206 0.0201 0.0195 0.0190 0.0185 0.0180 0.0175 0.0170 0.0165 0.0160 0.0155 0.0151 0.0146 0.0142 0.0137 0.0133 0.0161
0.0176 0.0144 0.0148 0.0153 0.0157 0.0162 0.0167 0.0172 0.0177 0.0182 0.0187 0.0192 0.0197 0.0203 0.0208 0.0214 0.0219 0.0225 0.0231 0.0237 0.0243 0.0249 0.0255 0.0262 0.0269 0.0276 0.0284 0.0292 0.0300 0.0308 0.0318 0.0328 0.0338 0.0349 0.0360 0.0372 0.0388 0.0468 0.0533 -0.0721 -0.2352 -0.2398 -0.2442 -0.2484 -0.2525 -0.2565 -0.2604 -0.2643 -0.2681 -0.2717 -0.2733 -0.2717 -0.2681 -0.2643 -0.2604 -0.2565 -0.2525 -0.2484 -0.2442 -0.2398 -0.2352 -0.0721 0.0533 0.0468 0.0388 0.0372 0.0360 0.0349 0.0338 0.0328 0.0318 0.0308 0.0300 0.0292 0.0284 0.0276 0.0269 0.0262 0.0255 0.0249 0.0243 0.0237 0.0231 0.0225 0.0219 0.0214 0.0208 0.0203 0.0197 0.0192 0.0187 0.0182 0.0177 0.0172 0.0167 0.0162 0.0157 0.0153 0.0148 0.0144 0.0176
0.0192 0.0155 0.0159 0.0164 0.0169 0.0174 0.0179 0.0184 0.0189 0.0194 0.0200 0.0205 0.0211 0.0216 0.0222 0.0227 0.0233 0.0239 0.0245 0.0251 0.0257 0.0264 0.0270 0.0277 0.0284 0.0292 0.0299 0.0307 0.0315 0.0324 0.0333 0.0343 0.0354 0.0364 0.0376 0.0394 0.0523 0.0461 -0.0835 -0.2352 -0.2395 -0.2438 -0.2479 -0.2519 -0.2558 -0.2596 -0.2633 -0.2670 -0.2706 -0.2741 -0.2756 -0.2741 -0.2706 -0.2670 -0.2633 -0.2596 -0.2558 -0.2519 -0.2479 -0.2438 -0.2395 -0.2352 -0.0835 0.0461 0.0523 0.0394 0.0376 0.0364 0.0354 0.0343 0.0333 0.0324 0.0315 0.0307 0.0299 0.0292 0.0284 0.0277 0.0270 0.0264 0.0257 0.0251 0.0245 0.0239 0.0233 0.0227 0.0222 0.0216 0.0211 0.0205 0.0200 0.0194 0.0189 0.0184 0.0179 0.0174 0.0169 0.0164 0.0159 0.0155 0.0192
0.0208 0.0166 0.0171 0.0176 0.0181 0.0186 0.0191 0.0197 0.0202 0.0207 0.0213 0.0218 0.0224 0.0230 0.0236 0.0242 0.0248 0.0254 0.0260 0.0266 0.0273 0.0279 0.0286 0.0292 0.0300 0.0308 0.0316 0.0324 0.0332 0.0341 0.0350 0.0360 0.0370 0.0382 0.0410 0.0645 0.0283 -0.1222 -0.2357 -0.2398 -0.2438 -0.2477 -0.2515 -0.2552 -0.2589 -0.2626 -0.2661 -0.2696 -0.2732 -0.2765 -0.2780 -0.2765 -0.2732 -0.2696 -0.2661 -0.2626 -0.2589 -0.2552 -0.2515 -0.2477 -0.2438 -0.2398 -0.2357 -0.1222 0.0283 0.0645 0.0410 0.0382 0.0370 0.0360 0.0350 0.0341 0.0332 0.0324 0.0316 0.0308 0.0300 0.0292 0.0286 0.0279 0.0273 0.0266 0.0260 0.0254 0.0248 0.0242 0.0236 0.0230 0.0224 0.0218 0.0213 0.0207 0.0202 0.0197 0.0191 0.0186 0.0181 0.0176 0.0171 0.0166 0.0208
0.0225 0.0178 0.0183 0.0188 0.0193 0.0199 0.0204 0.0210 0.0215 0.0221 0.0226 0.0232 0.0238 0.0244 0.0250 0.0256 0.0262 0.0269 0.0275 0.0282 0.0288 0.0295 0.0302 0.0309 0.0316 0.0324 0.0332 0.0341 0.0349 0.0358 0.0367 0.0378 0.0393 0.0472 0.0639 -0.0071 -0.1895 -0.2365 -0.2404 -0.2442 -0.2479 -0.2515 -0.2551 -0.2586 -0.2621 -0.2656 -0.2689 -0.2723 -0.2757 -0.2789 -0.2803 -0.2789 -0.2757 -0.2723 -0.2689 -0.2656 -0.2621 -0.2586 -0.2551 -0.2515 -0.2479 -0.2442 -0.2404 -0.2365 -0.1895 -0.0071 0.0639 0.0472 0.0393 0.0378 0.0367 0.0358 0.0349 0.0341 0.0332 0.0324 0.0316 0.0309 0.0302 0.0295 0.0288 0.0282 0.0275 0.0269 0.0262 0.0256 0.0250 0.0244 0.0238 0.0232 0.0226 0.0221 0.0215 0.0210 0.0204 0.0199 0.0193 0.0188 0.0183 0.0178 0.0225
0.0243 0.0191 0.0196 0.0201 0.0206 0.0212 0.0217 0.0223 0.0229 0.0235 0.0241 0.0247 0.0253 0.0259 0.0265 0.0271 0.0278 0.0284 0.0291 0.0298 0.0305 0.0312 0.0319 0.0326 0.0333 0.0341 0.0349 0.0358 0.0367 0.0376 0.0390 0.0438 0.0605 0.0347 -0.0745 -0.2342 -0.2378 -0.2414 -0.2449 -0.2484 -0.2519 -0.2552 -0.2586 -0.2619 -0.2652 -0.2685 -0.2718 -0.2750 -0.2783 -0.2813 -0.2827 -0.2813 -0.2783 -0.2750 -0.2718 -0.2685 -0.2652 -0.2619 -0.2586 -0.2552 -0.2519 -0.2484 -0.2449 -0.2414 -0.2378 -0.2342 -0.0745 0.0347 0.0605 0.0438 0.0390 0.0376 0.0367 0.0358 0.0349 0.0341 0.0333 0.0326 0.0319 0.0312 0.0305 0.0298 0.0291 0.0284 0.0278 0.0271 0.0265 0.0259 0.0253 0.0247 0.0241 0.0235 0.0229 0.0223 0.0217 0.0212 0.0206 0.0201 0.0196 0.0191 0.0243
0.0262 0.0203 0.0209 0.0214 0.0220 0.0225 0.0231 0.0237 0.0243 0.0249 0.0255 0.0261 0.0268 0.0274 0.0281 0.0287 0.0294 0.0301 0.0308 0.0314 0.0322 0.0329 0.0336 0.0344 0.0351 0.0359 0.0367 0.0377 0.0390 0.0440 0.0585 0.0459 -0.0339 -0.1753 -0.2361 -0.2394 -0.2428 -0.2460 -0.2493 -0.2525 -0.2558 -0.2589 -0.2621 -0.2652 -0.2683 -0.2715 -0.2746 -0.2777 -0.2808 -0.2837 -0.2850 -0.2837 -0.2808 -0.2777 -0.2746 -0.2715 -0.2683 -0.2652 -0.2621 -0.2589 -0.2558 -0.2525 -0.2493 -0.2460 -0.2428 -0.2394 -0.2361 -0.1753 -0.0339 0.0459 0.0585 0.0440 0.0390 0.0377 0.0367 0.0359 0.0351 0.0344 0.0336 0.0329 0.0322 0.0314 0.0308 0.0301 0.0294 0.0287 0.0281 0.0274 0.0268 0.0261 0.0255 0.0249 0.0243 0.0237 0.0231 0.0225 0.0220 0.0214 0.0209 0.0203 0.0262
0.0281 0.0217 0.0222 0.0228 0.0234 0.0239 0.0245 0.0251 0.0258 0.0264 0.0270 0.0277 0.0283 0.0290 0.0297 0.0303 0.0310 0.0317 0.0325 0.0332 0.0339 0.0347 0.0354 0.0362 0.0370 0.0378 0.0393 0.0445 0.0586 0.0451 -0.0310 -0.1526 -0.2354 -0.2384 -0.2415 -0.2444 -0.2475 -0.2505 -0.2535 -0.2565 -0.2596 -0.2626 -0.2656 -0.2685 -0.2715 -0.2744 -0.2774 -0.2804 -0.2833 -0.2862 -0.2874 -0.2862 -0.2833 -0.2804 -0.2774 -0.2744 -0.2715 -0.2685 -0.2656 -0.2626 -0.2596 -0.2565 -0.2535 -0.2505 -0.2475 -0.2444 -0.2415 -0.2384 -0.2354 -0.1526 -0.0310 0.0451 0.0586 0.0445 0.0393 0.0378 0.0370 0.0362 0.0354 0.0347 0.0339 0.0332 0.0325 0.0317 0.0310 0.0303 0.0297 0.0290 0.0283 0.0277 0.0270 0.0264 0.0258 0.0251 0.0245 0.0239 0.0234 0.0228 0.0222 0.0217 0.0281
0.0301 0.0230 0.0236 0.0242 0.0248 0.0254 0.0260 0.0266 0.0273 0.0279 0.0286 0.0293 0.0299 0.0306 0.0313 0.0320 0.0327 0.0335 0.0342 0.0350 0.0357 0.0365 0.0373 0.0383 0.0403 0.0494 0.0573 0.0413 -0.0354 -0.1570 -0.2354 -0.2383 -0.2411 -0.2438 -0.2466 -0.2493 -0.2521 -0.2549 -0.2576 -0.2604 -0.2633 -0.2661 -0.2689 -0.2718 -0.2746 -0.2774 -0.2802 -0.2830 -0.2859 -0.2886 -0.2898 -0.2886 -0.2859 -0.2830 -0.2802 -0.2774 -0.2746 -0.2718 -0.2689 -0.2661 -0.2633 -0.2604 -0.2576 -0.2549 -0.2521 -0.2493 -0.2466 -0.2438 -0.2411 -0.2383 -0.2354 -0.1570 -0.0354 0.0413 0.0573 0.0494 0.0403 0.0383 0.0373 0.0365 0.0357 0.0350 0.0342 0.0335 0.0327 0.0320 0.0313 0.0306 0.0299 0.0293 0.0286 0.0279 0.0273 0.0266 0.0260 0.0254 0.0248 0.0242 0.0236 0.0230 0.0301
0.0322 0.0245 0.0250 0.0257 0.0263 0.0269 0.0276 0.0282 0.0289 0.0295 0.0302 0.0309 0.0316 0.0323 0.0330 0.0338 0.0345 0.0353 0.0360 0.0368 0.0377 0.0389 0.0423 0.0566 0.0571 0.0240 -0.0595 -0.1617 -0.2356 -0.2384 -0.2412 -0.2438 -0.2464 -0.2490 -0.2514 -0.2540 -0.2565 -0.2591 -0.2617 -0.2643 -0.2670 -0.2696 -0.2723 -0.2750 -0.2777 -0.2804 -0.2830 -0.2857 -0.2885 -0.2911 -0.2923 -0.2911 -0.2885 -0.2857 -0.2830 -0.2804 -0.2777 -0.2750 -0.2723 -0.2696 -0.2670 -0.2643 -0.2617 -0.2591 -0.2565 -0.2540 -0.2514 -0.2490 -0.2464 -0.2438 -0.2412 -0.2384 -0.2356 -0.1617 -0.0595 0.0240 0.0571 0.0566 0.0423 0.0389 0.0377 0.0368 0.0360 0.0353 0.0345 0.0338 0.0330 0.0323 0.0316 0.0309 0.0302 0.0295 0.0289 0.0282 0.0276 0.0269 0.0263 0.0257 0.0250 0.0245 0.0322
0.0343 0.0259 0.0265 0.0272 0.0278 0.0285 0.0291 0.0298 0.0305 0.0312 0.0319 0.0326 0.0333 0.0341 0.0348 0.0356 0.0364 0.0372 0.0381 0.0397 0.0464 0.0569 0.0521 -0.0040 -0.1043 -0.2006 -0.2364 -0.2390 -0.2415 -0.2440 -0.2466 -0.2491 -0.2515 -0.2539 -0.2562 -0.2585 -0.2609 -0.2633 -0.2657 -0.2681 -0.2706 -0.2732 -0.2757 -0.2783 -0.2808 -0.2833 -0.2859 -0.2885 -0.2911 -0.2936 -0.2947 -0.2936 -0.2911 -0.2885 -0.2859 -0.2833 -0.2808 -0.2783 -0.2757 -0.2732 -0.2706 -0.2681 -0.2657 -0.2633 -0.2609 -0.2585 -0.2562 -0.2539 -0.2515 -0.2491 -0.2466 -0.2440 -0.2415 -0.2390 -0.2364 -0.2006 -0.1043 -0.0040 0.0521 0.0569 0.0464 0.0397 0.0381 0.0372 0.0364 0.0356 0.0348 0.0341 0.0333 0.0326 0.0319 0.0312 0.0305 0.0298 0.0291 0.0285 0.0278 0.0272 0.0265 0.0259 0.0343
0.0368 0.0275 0.0281 0.0288 0.0295 0.0302 0.0309 0.0316 0.0323 0.0330 0.0337 0.0345 0.0352 0.0360 0.0368 0.0376 0.0384 0.0395 0.0425 0.0571 0.0341 -0.0401 -0.1398 -0.2346 -0.2372 -0.2396 -0.2420 -0.2444 -0.2467 -0.2491 -0.2515 -0.2538 -0.2561 -0.2584 -0.2605 -0.2628 -0.2649 -0.2672 -0.2694 -0.2717 -0.2741 -0.2765 -0.2789 -0.2813 -0.2837 -0.2862 -0.2886 -0.2911 -0.2936 -0.2959 -0.2970 -0.2959 -0.2936 -0.2911 -0.2886 -0.2862 -0.2837 -0.2813 -0.2789 -0.2765 -0.2741 -0.2717 -0.2694 -0.2672 -0.2649 -0.2628 -0.2605 -0.2584 -0.2561 -0.2538 -0.2515 -0.2491 -0.2467 -0.2444 -0.2420 -0.2396 -0.2372 -0.2346 -0.1398 -0.0401 0.0341 0.0571 0.0425 0.0395 0.0384 0.0376 0.0368 0.0360 0.0352 0.0345 0.0337 0.0330 0.0323 0.0316 0.0309 0.0302 0.0295 0.0288 0.0281 0.0275 0.0368
0.0386 0.0288 0.0294 0.0301 0.0307 0.0314 0.0322 0.0329 0.0336 0.0343 0.0351 0.0359 0.0366 0.0374 0.0382 0.0390 0.0399 0.0412 0.0441 0.0030 -0.1352 -0.2321 -0.2347 -0.2373 -0.2398 -0.2422 -0.2445 -0.2468 -0.2490 -0.2513 -0.2536 -0.2559 -0.2581 -0.2603 -0.2625 -0.2646 -0.2668 -0.2689 -0.2711 -0.2733 -0.2756 -0.2780 -0.2803 -0.2827 -0.2850 -0.2874 -0.2898 -0.2923 -0.2947 -0.2970 -0.2980 -0.2970 -0.2947 -0.2923 -0.2898 -0.2874 -0.2850 -0.2827 -0.2803 -0.2780 -0.2756 -0.2733 -0.2711 -0.2689 -0.2668 -0.2646 -0.2625 -0.2603 -0.2581 -0.2559 -0.2536 -0.2513 -0.2490 -0.2468 -0.2445 -0.2422 -0.2398 -0.2373 -0.2347 -0.2321 -0.1352 0.0030 0.0441 0.0412 0.0399 0.0390 0.0382 0.0374 0.0366 0.0359 0.0351 0.0343 0.0336 0.0329 0.0322 0.0314 0.0307 0.0301 0.0294 0.0288 0.0386
0.0368 0.0275 0.0281 0.0288 0.0295 0.0302 0.0309 0.0316 0.0323 0.0330 0.0337 0.0345 0.0352 0.0360 0.0368 0.0376 0.0384 0.0395 0.0425 0.0571 0.0341 -0.0401 -0.1398 -0.2346 -0.2372 -0.2396 -0.2420 -0.2444 -0.2467 -0.2491 -0.2515 -0.2538 -0.2561 -0.2584 -0.2605 -0.2628 -0.2649 -0.2672 -0.2694 -0.2717 -0.2741 -0.2765 -0.2789 -0.2813 -0.2837 -0.2862 -0.2886 -0.2911 -0.2936 -0.2959 -0.2970 -0.2959 -0.2936 -0.2911 -0.2886 -0.2862 -0.2837 -0.2813 -0.2789 -0.2765 -0.2741 -0.2717 -0.2694 -0.2672 -0.2649 -0.2628 -0.2605 -0.2584 -0.2561 -0.2538 -0.2515 -0.2491 -0.2467 -0.2444 -0.2420 -0.2396 -0.2372 -0.2346 -0.1398 -0.0401 0.0341 0.0571 0.0425 0.0395 0.0384 0.0376 0.0368 0.0360 0.0352 0.0345 0.0337 0.0330 0.0323 0.0316 0.0309 0.0302 0.0295 0.0288 0.0281 0.0275 0.0368
0.0343 0.0259 0.0265 0.0272 0.0278 0.0285 0.0291 0.0298 0.0305 0.0312 0.0319 0.0326 0.0333 0.0341 0.0348 0.0356 0.0364 0.0372 0.0381 0.0397 0.0464 0.0569 0.0521 -0.0040 -0.1043 -0.2006 -0.2364 -0.2390 -0.2415 -0.2440 -0.2466 -0.2491 -0.2515 -0.2539 -0.2562 -0.2585 -0.2609 -0.2633 -0.2657 -0.2681 -0.2706 -0.2732 -0.2757 -0.2783 -0.2808 -0.2833 -0.2859 -0.2885 -0.2911 -0.2936 -0.2947 -0.2936 -0.2911 -0.2885 -0.2859 -0.2833 -0.2808 -0.2783 -0.2757 -0.2732 -0.2706 -0.2681 -0.2657 -0.2633 -0.2609 -0.2585 -0.2562 -0.2539 -0.2515 -0.2491 -0.2466 -0.2440 -0.2415 -0.2390 -0.2364 -0.2006 -0.1043 -0.0040 0.0521 0.0569 0.0464 0.0397 0.0381 0.0372 0.0364 0.0356 0.0348 0.0341 0.0333 0.0326 0.0319 0.0312 0.0305 0.0298 0.0291 0.0285 0.0278 0.0272 0.0265 0.0259 0.0343
0.0322 0.0245 0.0250 0.0257 0.0263 0.0269 0.0276 0.0282 0.0289 0.0295 0.0302 0.0309 0.0316 0.0323 0.0330 0.0338 0.0345 0.0353 0.0360 0.0368 0.0377 0.0389 0.0423 0.0566 0.0571 0.0240 -0.0595 -0.1617 -0.2356 -0.2384 -0.2412 -0.2438 -0.2464 -0.2490 -0.2514 -0.2540 -0.2565 -0.2591 -0.2617 -0.2643 -0.2670 -0.2696 -0.2723 -0.2750 -0.2777 -0.2804 -0.2830 -0.2857 -0.2885 -0.2911 -0.2923 -0.2911 -0.2885 -0.2857 -0.2830 -0.2804 -0.2777 -0.2750 -0.2723 -0.2696 -0.2670 -0.2643 -0.2617 -0.2591 -0.2565 -0.2540 -0.2514 -0.2490 -0.2464 -0.2438 -0.2412 -0.2384 -0.2356 -0.1617 -0.0595 0.0240 0.0571 0.0566 0.0423 0.0389 0.0377 0.0368 0.0360 0.0353 0.0345 0.0338 0.0330 0.0323 0.0316 0.0309 0.0302 0.0295 0.0289 0.0282 0.0276 0.0269 0.0263 0.0257 0.0250 0.0245 0.0322
