0.2512 0.2816 0.2954 0.3019 0.3081 0.3138 0.3188 0.3229 0.3261 0.3282 0.3295 0.3299 0.3297 0.3290 0.3278 0.3262 0.3243 0.3221 0.3197 0.3170 0.3142 0.3112 0.3081 0.3048 0.3014 0.2978 0.2941 0.2903 0.2863 0.2821 0.2778 0.2733 0.2686 0.2637 0.2587 0.2534 0.2479 0.2423 0.2363 0.2302 0.2238 0.2171 0.2102 0.2030 0.1955 0.1877 0.1796 0.1711 0.1623 0.1526 0.1450 0.1526 0.1623 0.1711 0.1796 0.1877 0.1955 0.2030 0.2102 0.2171 0.2238 0.2302 0.2363 0.2423 0.2479 0.2534 0.2587 0.2637 0.2686 0.2733 0.2778 0.2821 0.2863 0.2903 0.2941 0.2978 0.3014 0.3048 0.3081 0.3112 0.3142 0.3170 0.3197 0.3221 0.3243 0.3262 0.3278 0.3290 0.3297 0.3299 0.3295 0.3282 0.3261 0.3229 0.3188 0.3138 0.3081 0.3019 0.2954 0.2816 0.2512
0.2816 0.3136 0.3205 0.3243 0.3274 0.3297 0.3312 0.3319 0.3320 0.3315 0.3305 0.3292 0.3275 0.3255 0.3233 0.3209 0.3182 0.3154 0.3124 0.3093 0.3061 0.3027 0.2992 0.2956 0.2918 0.2880 0.2840 0.2798 0.2756 0.2711 0.2666 0.2618 0.2569 0.2519 0.2466 0.2412 0.2356 0.2298 0.2238 0.2176 0.2112 0.2046 0.1977 0.1906 0.1832 0.1756 0.1678 0.1596 0.1512 0.1421 0.1352 0.1421 0.1512 0.1596 0.1678 0.1756 0.1832 0.1906 0.1977 0.2046 0.2112 0.2176 0.2238 0.2298 0.2356 0.2412 0.2466 0.2519 0.2569 0.2618 0.2666 0.2711 0.2756 0.2798 0.2840 0.2880 0.2918 0.2956 0.2992 0.3027 0.3061 0.3093 0.3124 0.3154 0.3182 0.3209 0.3233 0.3255 0.3275 0.3292 0.3305 0.3315 0.3320 0.3319 0.3312 0.3297 0.3274 0.3243 0.3205 0.3136 0.2816
0.2954 0.3205 0.3256 0.3282 0.3303 0.3318 0.3326 0.3327 0.3324 0.3316 0.3304 0.3288 0.3269 0.3248 0.3225 0.3199 0.3172 0.3143 0.3112 0.3081 0.3048 0.3013 0.2978 0.2941 0.2903 0.2864 0.2824 0.2782 0.2738 0.2694 0.2647 0.2599 0.2550 0.2498 0.2445 0.2390 0.2334 0.2275 0.2214 0.2151 0.2086 0.2019 0.1949 0.1877 0.1803 0.1726 0.1646 0.1563 0.1478 0.1386 0.1316 0.1386 0.1478 0.1563 0.1646 0.1726 0.1803 0.1877 0.1949 0.2019 0.2086 0.2151 0.2214 0.2275 0.2334 0.2390 0.2445 0.2498 0.2550 0.2599 0.2647 0.2694 0.2738 0.2782 0.2824 0.2864 0.2903 0.2941 0.2978 0.3013 0.3048 0.3081 0.3112 0.3143 0.3172 0.3199 0.3225 0.3248 0.3269 0.3288 0.3304 0.3316 0.3324 0.3327 0.3326 0.3318 0.3303 0.3282 0.3256 0.3205 0.2954
0.3019 0.3243 0.3282 0.3300 0.3314 0.3323 0.3327 0.3326 0.3321 0.3311 0.3297 0.3280 0.3261 0.3239 0.3214 0.3188 0.3160 0.3130 0.3099 0.3067 0.3034 0.2999 0.2963 0.2926 0.2887 0.2848 0.2806 0.2764 0.2720 0.2674 0.2627 0.2579 0.2529 0.2476 0.2423 0.2367 0.2309 0.2250 0.2188 0.2124 0.2059 0.1990 0.1920 0.1847 0.1771 0.1693 0.1612 0.1528 0.1442 0.1348 0.1278 0.1348 0.1442 0.1528 0.1612 0.1693 0.1771 0.1847 0.1920 0.1990 0.2059 0.2124 0.2188 0.2250 0.2309 0.2367 0.2423 0.2476 0.2529 0.2579 0.2627 0.2674 0.2720 0.2764 0.2806 0.2848 0.2887 0.2926 0.2963 0.2999 0.3034 0.3067 0.3099 0.3130 0.3160 0.3188 0.3214 0.3239 0.3261 0.3280 0.3297 0.3311 0.3321 0.3326 0.3327 0.3323 0.3314 0.3300 0.3282 0.3243 0.3019
0.3081 0.3274 0.3303 0.3314 0.3322 0.3327 0.3327 0.3324 0.3316 0.3305 0.3290 0.3272 0.3252 0.3229 0.3204 0.3177 0.3148 0.3118 0.3086 0.3053 0.3019 0.2984 0.2948 0.2910 0.2871 0.2831 0.2789 0.2746 0.2701 0.2655 0.2607 0.2558 0.2507 0.2454 0.2400 0.2343 0.2285 0.2225 0.2162 0.2097 0.2030 0.1961 0.1890 0.1816 0.1739 0.1660 0.1578 0.1493 0.1405 0.1310 0.1238 0.1310 0.1405 0.1493 0.1578 0.1660 0.1739 0.1816 0.1890 0.1961 0.2030 0.2097 0.2162 0.2225 0.2285 0.2343 0.2400 0.2454 0.2507 0.2558 0.2607 0.2655 0.2701 0.2746 0.2789 0.2831 0.2871 0.2910 0.2948 0.2984 0.3019 0.3053 0.3086 0.3118 0.3148 0.3177 0.3204 0.3229 0.3252 0.3272 0.3290 0.3305 0.3316 0.3324 0.3327 0.3327 0.3322 0.3314 0.3303 0.3274 0.3081
0.3138 0.3297 0.3318 0.3323 0.3327 0.3327 0.3325 0.3319 0.3310 0.3297 0.3281 0.3262 0.3241 0.3218 0.3192 0.3165 0.3136 0.3105 0.3073 0.3039 0.3005 0.2969 0.2932 0.2894 0.2854 0.2813 0.2771 0.2728 0.2682 0.2636 0.2587 0.2537 0.2485 0.2432 0.2377 0.2319 0.2260 0.2199 0.2135 0.2070 0.2002 0.1932 0.1859 0.1784 0.1706 0.1626 0.1543 0.1457 0.1368 0.1271 0.1199 0.1271 0.1368 0.1457 0.1543 0.1626 0.1706 0.1784 0.1859 0.1932 0.2002 0.2070 0.2135 0.2199 0.2260 0.2319 0.2377 0.2432 0.2485 0.2537 0.2587 0.2636 0.2682 0.2728 0.2771 0.2813 0.2854 0.2894 0.2932 0.2969 0.3005 0.3039 0.3073 0.3105 0.3136 0.3165 0.3192 0.3218 0.3241 0.3262 0.3281 0.3297 0.3310 0.3319 0.3325 0.3327 0.3327 0.3323 0.3318 0.3297 0.3138
0.3188 0.3312 0.3326 0.3327 0.3327 0.3325 0.3320 0.3312 0.3301 0.3287 0.3271 0.3252 0.3230 0.3206 0.3180 0.3152 0.3123 0.3092 0.3059 0.3025 0.2990 0.2954 0.2916 0.2878 0.2838 0.2796 0.2753 0.2709 0.2663 0.2616 0.2567 0.2516 0.2463 0.2409 0.2353 0.2295 0.2235 0.2173 0.2109 0.2042 0.1973 0.1902 0.1828 0.1752 0.1673 0.1592 0.1507 0.1420 0.1330 0.1232 0.1158 0.1232 0.1330 0.1420 0.1507 0.1592 0.1673 0.1752 0.1828 0.1902 0.1973 0.2042 0.2109 0.2173 0.2235 0.2295 0.2353 0.2409 0.2463 0.2516 0.2567 0.2616 0.2663 0.2709 0.2753 0.2796 0.2838 0.2878 0.2916 0.2954 0.2990 0.3025 0.3059 0.3092 0.3123 0.3152 0.3180 0.3206 0.3230 0.3252 0.3271 0.3287 0.3301 0.3312 0.3320 0.3325 0.3327 0.3327 0.3326 0.3312 0.3188
0.3229 0.3319 0.3327 0.3326 0.3324 0.3319 0.3312 0.3303 0.3291 0.3276 0.3259 0.3239 0.3217 0.3193 0.3167 0.3139 0.3109 0.3078 0.3045 0.3011 0.2975 0.2938 0.2900 0.2861 0.2821 0.2779 0.2735 0.2690 0.2644 0.2596 0.2546 0.2494 0.2441 0.2386 0.2329 0.2270 0.2209 0.2146 0.2081 0.2014 0.1944 0.1872 0.1797 0.1720 0.1640 0.1557 0.1471 0.1383 0.1291 0.1192 0.1117 0.1192 0.1291 0.1383 0.1471 0.1557 0.1640 0.1720 0.1797 0.1872 0.1944 0.2014 0.2081 0.2146 0.2209 0.2270 0.2329 0.2386 0.2441 0.2494 0.2546 0.2596 0.2644 0.2690 0.2735 0.2779 0.2821 0.2861 0.2900 0.2938 0.2975 0.3011 0.3045 0.3078 0.3109 0.3139 0.3167 0.3193 0.3217 0.3239 0.3259 0.3276 0.3291 0.3303 0.3312 0.3319 0.3324 0.3326 0.3327 0.3319 0.3229
0.3261 0.3320 0.3324 0.3321 0.3316 0.3310 0.3301 0.3291 0.3278 0.3263 0.3245 0.3225 0.3203 0.3178 0.3152 0.3124 0.3095 0.3063 0.3030 0.2996 0.2960 0.2923 0.2884 0.2844 0.2803 0.2761 0.2717 0.2671 0.2624 0.2575 0.2525 0.2472 0.2419 0.2363 0.2305 0.2245 0.2183 0.2120 0.2053 0.1985 0.1914 0.1841 0.1765 0.1687 0.1606 0.1522 0.1435 0.1345 0.1252 0.1152 0.1076 0.1152 0.1252 0.1345 0.1435 0.1522 0.1606 0.1687 0.1765 0.1841 0.1914 0.1985 0.2053 0.2120 0.2183 0.2245 0.2305 0.2363 0.2419 0.2472 0.2525 0.2575 0.2624 0.2671 0.2717 0.2761 0.2803 0.2844 0.2884 0.2923 0.2960 0.2996 0.3030 0.3063 0.3095 0.3124 0.3152 0.3178 0.3203 0.3225 0.3245 0.3263 0.3278 0.3291 0.3301 0.3310 0.3316 0.3321 0.3324 0.3320 0.3261
0.3282 0.3315 0.3316 0.3311 0.3305 0.3297 0.3287 0.3276 0.3263 0.3247 0.3229 0.3209 0.3187 0.3163 0.3137 0.3109 0.3079 0.3047 0.3014 0.2980 0.2944 0.2907 0.2868 0.2828 0.2786 0.2743 0.2698 0.2652 0.2604 0.2554 0.2503 0.2450 0.2396 0.2339 0.2280 0.2220 0.2157 0.2092 0.2025 0.1956 0.1884 0.1810 0.1733 0.1654 0.1571 0.1486 0.1398 0.1307 0.1213 0.1111 0.1034 0.1111 0.1213 0.1307 0.1398 0.1486 0.1571 0.1654 0.1733 0.1810 0.1884 0.1956 0.2025 0.2092 0.2157 0.2220 0.2280 0.2339 0.2396 0.2450 0.2503 0.2554 0.2604 0.2652 0.2698 0.2743 0.2786 0.2828 0.2868 0.2907 0.2944 0.2980 0.3014 0.3047 0.3079 0.3109 0.3137 0.3163 0.3187 0.3209 0.3229 0.3247 0.3263 0.3276 0.3287 0.3297 0.3305 0.3311 0.3316 0.3315 0.3282
0.3295 0.3305 0.3304 0.3297 0.3290 0.3281 0.3271 0.3259 0.3245 0.3229 0.3211 0.3191 0.3170 0.3146 0.3119 0.3091 0.3062 0.3030 0.2998 0.2963 0.2927 0.2890 0.2851 0.2810 0.2768 0.2724 0.2679 0.2632 0.2583 0.2533 0.2481 0.2428 0.2372 0.2315 0.2256 0.2194 0.2131 0.2065 0.1997 0.1926 0.1854 0.1778 0.1700 0.1620 0.1536 0.1450 0.1361 0.1268 0.1173 0.1069 0.0991 0.1069 0.1173 0.1268 0.1361 0.1450 0.1536 0.1620 0.1700 0.1778 0.1854 0.1926 0.1997 0.2065 0.2131 0.2194 0.2256 0.2315 0.2372 0.2428 0.2481 0.2533 0.2583 0.2632 0.2679 0.2724 0.2768 0.2810 0.2851 0.2890 0.2927 0.2963 0.2998 0.3030 0.3062 0.3091 0.3119 0.3146 0.3170 0.3191 0.3211 0.3229 0.3245 0.3259 0.3271 0.3281 0.3290 0.3297 0.3304 0.3305 0.3295
0.3299 0.3292 0.3288 0.3280 0.3272 0.3262 0.3252 0.3239 0.3225 0.3209 0.3191 0.3172 0.3150 0.3126 0.3101 0.3073 0.3044 0.3013 0.2980 0.2946 0.2910 0.2872 0.2833 0.2792 0.2750 0.2706 0.2660 0.2612 0.2563 0.2512 0.2459 0.2405 0.2349 0.2291 0.2230 0.2168 0.2104 0.2037 0.1968 0.1897 0.1823 0.1746 0.1667 0.1585 0.1501 0.1413 0.1323 0.1229 0.1132 0.1027 0.0948 0.1027 0.1132 0.1229 0.1323 0.1413 0.1501 0.1585 0.1667 0.1746 0.1823 0.1897 0.1968 0.2037 0.2104 0.2168 0.2230 0.2291 0.2349 0.2405 0.2459 0.2512 0.2563 0.2612 0.2660 0.2706 0.2750 0.2792 0.2833 0.2872 0.2910 0.2946 0.2980 0.3013 0.3044 0.3073 0.3101 0.3126 0.3150 0.3172 0.3191 0.3209 0.3225 0.3239 0.3252 0.3262 0.3272 0.3280 0.3288 0.3292 0.3299
0.3297 0.3275 0.3269 0.3261 0.3252 0.3241 0.3230 0.3217 0.3203 0.3187 0.3170 0.3150 0.3129 0.3105 0.3080 0.3053 0.3024 0.2993 0.2961 0.2927 0.2891 0.2853 0.2814 0.2773 0.2731 0.2686 0.2640 0.2592 0.2542 0.2490 0.2437 0.2382 0.2325 0.2266 0.2205 0.2142 0.2076 0.2009 0.1939 0.1866 0.1791 0.1714 0.1634 0.1551 0.1465 0.1376 0.1284 0.1189 0.1091 0.0984 0.0904 0.0984 0.1091 0.1189 0.1284 0.1376 0.1465 0.1551 0.1634 0.1714 0.1791 0.1866 0.1939 0.2009 0.2076 0.2142 0.2205 0.2266 0.2325 0.2382 0.2437 0.2490 0.2542 0.2592 0.2640 0.2686 0.2731 0.2773 0.2814 0.2853 0.2891 0.2927 0.2961 0.2993 0.3024 0.3053 0.3080 0.3105 0.3129 0.3150 0.3170 0.3187 0.3203 0.3217 0.3230 0.3241 0.3252 0.3261 0.3269 0.3275 0.3297
0.3290 0.3255 0.3248 0.3239 0.3229 0.3218 0.3206 0.3193 0.3178 0.3163 0.3146 0.3126 0.3105 0.3082 0.3058 0.3031 0.3002 0.2972 0.2940 0.2906 0.2870 0.2833 0.2794 0.2753 0.2710 0.2666 0.2620 0.2571 0.2521 0.2468 0.2414 0.2358 0.2301 0.2241 0.2179 0.2115 0.2048 0.1980 0.1909 0.1835 0.1759 0.1681 0.1600 0.1515 0.1428 0.1338 0.1245 0.1149 0.1049 0.0941 0.0859 0.0941 0.1049 0.1149 0.1245 0.1338 0.1428 0.1515 0.1600 0.1681 0.1759 0.1835 0.1909 0.1980 0.2048 0.2115 0.2179 0.2241 0.2301 0.2358 0.2414 0.2468 0.2521 0.2571 0.2620 0.2666 0.2710 0.2753 0.2794 0.2833 0.2870 0.2906 0.2940 0.2972 0.3002 0.3031 0.3058 0.3082 0.3105 0.3126 0.3146 0.3163 0.3178 0.3193 0.3206 0.3218 0.3229 0.3239 0.3248 0.3255 0.3290
0.3278 0.3233 0.3225 0.3214 0.3204 0.3192 0.3180 0.3167 0.3152 0.3137 0.3119 0.3101 0.3080 0.3058 0.3033 0.3007 0.2979 0.2950 0.2918 0.2885 0.2849 0.2812 0.2773 0.2732 0.2689 0.2644 0.2598 0.2549 0.2499 0.2446 0.2391 0.2335 0.2276 0.2215 0.2152 0.2087 0.2020 0.1951 0.1879 0.1804 0.1727 0.1647 0.1565 0.1480 0.1391 0.1300 0.1205 0.1107 0.1006 0.0897 0.0814 0.0897 0.1006 0.1107 0.1205 0.1300 0.1391 0.1480 0.1565 0.1647 0.1727 0.1804 0.1879 0.1951 0.2020 0.2087 0.2152 0.2215 0.2276 0.2335 0.2391 0.2446 0.2499 0.2549 0.2598 0.2644 0.2689 0.2732 0.2773 0.2812 0.2849 0.2885 0.2918 0.2950 0.2979 0.3007 0.3033 0.3058 0.3080 0.3101 0.3119 0.3137 0.3152 0.3167 0.3180 0.3192 0.3204 0.3214 0.3225 0.3233 0.3278
0.3262 0.3209 0.3199 0.3188 0.3177 0.3165 0.3152 0.3139 0.3124 0.3109 0.3091 0.3073 0.3053 0.3031 0.3007 0.2982 0.2954 0.2925 0.2894 0.2861 0.2826 0.2789 0.2750 0.2709 0.2666 0.2621 0.2575 0.2526 0.2476 0.2423 0.2368 0.2311 0.2251 0.2189 0.2126 0.2060 0.1992 0.1921 0.1848 0.1773 0.1694 0.1614 0.1530 0.1443 0.1354 0.1261 0.1165 0.1066 0.0963 0.0852 0.0768 0.0852 0.0963 0.1066 0.1165 0.1261 0.1354 0.1443 0.1530 0.1614 0.1694 0.1773 0.1848 0.1921 0.1992 0.2060 0.2126 0.2189 0.2251 0.2311 0.2368 0.2423 0.2476 0.2526 0.2575 0.2621 0.2666 0.2709 0.2750 0.2789 0.2826 0.2861 0.2894 0.2925 0.2954 0.2982 0.3007 0.3031 0.3053 0.3073 0.3091 0.3109 0.3124 0.3139 0.3152 0.3165 0.3177 0.3188 0.3199 0.3209 0.3262
0.3243 0.3182 0.3172 0.3160 0.3148 0.3136 0.3123 0.3109 0.3095 0.3079 0.3062 0.3044 0.3024 0.3002 0.2979 0.2954 0.2928 0.2899 0.2868 0.2836 0.2801 0.2764 0.2726 0.2685 0.2642 0.2597 0.2551 0.2502 0.2451 0.2398 0.2343 0.2285 0.2226 0.2163 0.2099 0.2032 0.1963 0.1891 0.1817 0.1740 0.1661 0.1579 0.1494 0.1407 0.1316 0.1222 0.1124 0.1024 0.0919 0.0807 0.0722 0.0807 0.0919 0.1024 0.1124 0.1222 0.1316 0.1407 0.1494 0.1579 0.1661 0.1740 0.1817 0.1891 0.1963 0.2032 0.2099 0.2163 0.2226 0.2285 0.2343 0.2398 0.2451 0.2502 0.2551 0.2597 0.2642 0.2685 0.2726 0.2764 0.2801 0.2836 0.2868 0.2899 0.2928 0.2954 0.2979 0.3002 0.3024 0.3044 0.3062 0.3079 0.3095 0.3109 0.3123 0.3136 0.3148 0.3160 0.3172 0.3182 0.3243
0.3221 0.3154 0.3143 0.3130 0.3118 0.3105 0.3092 0.3078 0.3063 0.3047 0.3030 0.3013 0.2993 0.2972 0.2950 0.2925 0.2899 0.2871 0.2840 0.2808 0.2774 0.2738 0.2699 0.2659 0.2617 0.2572 0.2525 0.2477 0.2426 0.2372 0.2316 0.2259 0.2199 0.2137 0.2071 0.2003 0.1933 0.1861 0.1786 0.1708 0.1628 0.1544 0.1458 0.1369 0.1277 0.1182 0.1083 0.0981 0.0875 0.0761 0.0674 0.0761 0.0875 0.0981 0.1083 0.1182 0.1277 0.1369 0.1458 0.1544 0.1628 0.1708 0.1786 0.1861 0.1933 0.2003 0.2071 0.2137 0.2199 0.2259 0.2316 0.2372 0.2426 0.2477 0.2525 0.2572 0.2617 0.2659 0.2699 0.2738 0.2774 0.2808 0.2840 0.2871 0.2899 0.2925 0.2950 0.2972 0.2993 0.3013 0.3030 0.3047 0.3063 0.3078 0.3092 0.3105 0.3118 0.3130 0.3143 0.3154 0.3221
0.3197 0.3124 0.3112 0.3099 0.3086 0.3073 0.3059 0.3045 0.3030 0.3014 0.2998 0.2980 0.2961 0.2940 0.2918 0.2894 0.2868 0.2840 0.2811 0.2779 0.2745 0.2709 0.2671 0.2631 0.2589 0.2545 0.2499 0.2450 0.2399 0.2345 0.2289 0.2231 0.2171 0.2108 0.2042 0.1975 0.1903 0.1830 0.1754 0.1675 0.1593 0.1509 0.1422 0.1331 0.1238 0.1141 0.1041 0.0937 0.0830 0.0714 0.0626 0.0714 0.0830 0.0937 0.1041 0.1141 0.1238 0.1331 0.1422 0.1509 0.1593 0.1675 0.1754 0.1830 0.1903 0.1975 0.2042 0.2108 0.2171 0.2231 0.2289 0.2345 0.2399 0.2450 0.2499 0.2545 0.2589 0.2631 0.2671 0.2709 0.2745 0.2779 0.2811 0.2840 0.2868 0.2894 0.2918 0.2940 0.2961 0.2980 0.2998 0.3014 0.3030 0.3045 0.3059 0.3073 0.3086 0.3099 0.3112 0.3124 0.3197
0.3170 0.3093 0.3081 0.3067 0.3053 0.3039 0.3025 0.3011 0.2996 0.2980 0.2963 0.2946 0.2927 0.2906 0.2885 0.2861 0.2836 0.2808 0.2779 0.2748 0.2715 0.2679 0.2641 0.2602 0.2560 0.2517 0.2471 0.2422 0.2371 0.2317 0.2260 0.2202 0.2141 0.2078 0.2012 0.1945 0.1873 0.1799 0.1721 0.1641 0.1559 0.1473 0.1385 0.1293 0.1198 0.1100 0.0998 0.0893 0.0784 0.0664 0.0582 0.0664 0.0784 0.0893 0.0998 0.1100 0.1198 0.1293 0.1385 0.1473 0.1559 0.1641 0.1721 0.1799 0.1873 0.1945 0.2012 0.2078 0.2141 0.2202 0.2260 0.2317 0.2371 0.2422 0.2471 0.2517 0.2560 0.2602 0.2641 0.2679 0.2715 0.2748 0.2779 0.2808 0.2836 0.2861 0.2885 0.2906 0.2927 0.2946 0.2963 0.2980 0.2996 0.3011 0.3025 0.3039 0.3053 0.3067 0.3081 0.3093 0.3170
0.3142 0.3061 0.3048 0.3034 0.3019 0.3005 0.2990 0.2975 0.2960 0.2944 0.2927 0.2910 0.2891 0.2870 0.2849 0.2826 0.2801 0.2774 0.2745 0.2715 0.2682 0.2647 0.2609 0.2570 0.2529 0.2486 0.2440 0.2391 0.2340 0.2286 0.2230 0.2172 0.2111 0.2047 0.1981 0.1912 0.1841 0.1766 0.1688 0.1607 0.1524 0.1437 0.1347 0.1254 0.1158 0.1058 0.0955 0.0849 0.0737 0.0613 0.0560 0.0613 0.0737 0.0849 0.0955 0.1058 0.1158 0.1254 0.1347 0.1437 0.1524 0.1607 0.1688 0.1766 0.1841 0.1912 0.1981 0.2047 0.2111 0.2172 0.2230 0.2286 0.2340 0.2391 0.2440 0.2486 0.2529 0.2570 0.2609 0.2647 0.2682 0.2715 0.2745 0.2774 0.2801 0.2826 0.2849 0.2870 0.2891 0.2910 0.2927 0.2944 0.2960 0.2975 0.2990 0.3005 0.3019 0.3034 0.3048 0.3061 0.3142
0.3112 0.3027 0.3013 0.2999 0.2984 0.2969 0.2954 0.2938 0.2923 0.2907 0.2890 0.2872 0.2853 0.2833 0.2812 0.2789 0.2764 0.2738 0.2709 0.2679 0.2647 0.2613 0.2576 0.2537 0.2496 0.2453 0.2407 0.2360 0.2308 0.2255 0.2198 0.2140 0.2079 0.2015 0.1948 0.1878 0.1806 0.1732 0.1654 0.1573 0.1488 0.1400 0.1309 0.1214 0.1117 0.1016 0.0911 0.0803 0.0686 0.0577 0.0561 0.0577 0.0686 0.0803 0.0911 0.1016 0.1117 0.1214 0.1309 0.1400 0.1488 0.1573 0.1654 0.1732 0.1806 0.1878 0.1948 0.2015 0.2079 0.2140 0.2198 0.2255 0.2308 0.2360 0.2407 0.2453 0.2496 0.2537 0.2576 0.2613 0.2647 0.2679 0.2709 0.2738 0.2764 0.2789 0.2812 0.2833 0.2853 0.2872 0.2890 0.2907 0.2923 0.2938 0.2954 0.2969 0.2984 0.2999 0.3013 0.3027 0.3112
0.3081 0.2992 0.2978 0.2963 0.2948 0.2932 0.2916 0.2900 0.2884 0.2868 0.2851 0.2833 0.2814 0.2794 0.2773 0.2750 0.2726 0.2699 0.2671 0.2641 0.2609 0.2576 0.2540 0.2502 0.2461 0.2418 0.2373 0.2325 0.2274 0.2221 0.2165 0.2107 0.2046 0.1981 0.1914 0.1844 0.1771 0.1696 0.1617 0.1536 0.1450 0.1362 0.1270 0.1174 0.1075 0.0973 0.0867 0.0757 0.0633 0.0564 0.0564 0.0564 0.0633 0.0757 0.0867 0.0973 0.1075 0.1174 0.1270 0.1362 0.1450 0.1536 0.1617 0.1696 0.1771 0.1844 0.1914 0.1981 0.2046 0.2107 0.2165 0.2221 0.2274 0.2325 0.2373 0.2418 0.2461 0.2502 0.2540 0.2576 0.2609 0.2641 0.2671 0.2699 0.2726 0.2750 0.2773 0.2794 0.2814 0.2833 0.2851 0.2868 0.2884 0.2900 0.2916 0.2932 0.2948 0.2963 0.2978 0.2992 0.3081
0.3048 0.2956 0.2941 0.2926 0.2910 0.2894 0.2878 0.2861 0.2844 0.2828 0.2810 0.2792 0.2773 0.2753 0.2732 0.2709 0.2685 0.2659 0.2631 0.2602 0.2570 0.2537 0.2502 0.2463 0.2423 0.2380 0.2335 0.2288 0.2238 0.2185 0.2129 0.2071 0.2010 0.1946 0.1878 0.1807 0.1734 0.1658 0.1579 0.1496 0.1412 0.1323 0.1231 0.1134 0.1033 0.0929 0.0822 0.0707 0.0590 0.0564 0.0567 0.0564 0.0590 0.0707 0.0822 0.0929 0.1033 0.1134 0.1231 0.1323 0.1412 0.1496 0.1579 0.1658 0.1734 0.1807 0.1878 0.1946 0.2010 0.2071 0.2129 0.2185 0.2238 0.2288 0.2335 0.2380 0.2423 0.2463 0.2502 0.2537 0.2570 0.2602 0.2631 0.2659 0.2685 0.2709 0.2732 0.2753 0.2773 0.2792 0.2810 0.2828 0.2844 0.2861 0.2878 0.2894 0.2910 0.2926 0.2941 0.2956 0.3048
0.3014 0.2918 0.2903 0.2887 0.2871 0.2854 0.2838 0.2821 0.2803 0.2786 0.2768 0.2750 0.2731 0.2710 0.2689 0.2666 0.2642 0.2617 0.2589 0.2560 0.2529 0.2496 0.2461 0.2423 0.2383 0.2340 0.2295 0.2248 0.2198 0.2145 0.2090 0.2033 0.1972 0.1908 0.1840 0.1769 0.1696 0.1619 0.1539 0.1456 0.1371 0.1281 0.1188 0.1091 0.0991 0.0885 0.0776 0.0655 0.0568 0.0567 0.0570 0.0567 0.0568 0.0655 0.0776 0.0885 0.0991 0.1091 0.1188 0.1281 0.1371 0.1456 0.1539 0.1619 0.1696 0.1769 0.1840 0.1908 0.1972 0.2033 0.2090 0.2145 0.2198 0.2248 0.2295 0.2340 0.2383 0.2423 0.2461 0.2496 0.2529 0.2560 0.2589 0.2617 0.2642 0.2666 0.2689 0.2710 0.2731 0.2750 0.2768 0.2786 0.2803 0.2821 0.2838 0.2854 0.2871 0.2887 0.2903 0.2918 0.3014
0.2978 0.2880 0.2864 0.2848 0.2831 0.2813 0.2796 0.2779 0.2761 0.2743 0.2724 0.2706 0.2686 0.2666 0.2644 0.2621 0.2597 0.2572 0.2545 0.2517 0.2486 0.2453 0.2418 0.2380 0.2340 0.2298 0.2254 0.2206 0.2156 0.2104 0.2049 0.1992 0.1932 0.1868 0.1800 0.1730 0.1656 0.1579 0.1499 0.1415 0.1327 0.1237 0.1144 0.1047 0.0946 0.0841 0.0728 0.0605 0.0563 0.0570 0.0573 0.0570 0.0563 0.0605 0.0728 0.0841 0.0946 0.1047 0.1144 0.1237 0.1327 0.1415 0.1499 0.1579 0.1656 0.1730 0.1800 0.1868 0.1932 0.1992 0.2049 0.2104 0.2156 0.2206 0.2254 0.2298 0.2340 0.2380 0.2418 0.2453 0.2486 0.2517 0.2545 0.2572 0.2597 0.2621 0.2644 0.2666 0.2686 0.2706 0.2724 0.2743 0.2761 0.2779 0.2796 0.2813 0.2831 0.2848 0.2864 0.2880 0.2978
0.2941 0.2840 0.2824 0.2806 0.2789 0.2771 0.2753 0.2735 0.2717 0.2698 0.2679 0.2660 0.2640 0.2620 0.2598 0.2575 0.2551 0.2525 0.2499 0.2471 0.2440 0.2407 0.2373 0.2335 0.2295 0.2254 0.2209 0.2162 0.2113 0.2060 0.2005 0.1949 0.1889 0.1825 0.1758 0.1687 0.1614 0.1538 0.1457 0.1372 0.1284 0.1192 0.1098 0.1000 0.0898 0.0792 0.0675 0.0574 0.0566 0.0573 0.0577 0.0573 0.0566 0.0574 0.0675 0.0792 0.0898 0.1000 0.1098 0.1192 0.1284 0.1372 0.1457 0.1538 0.1614 0.1687 0.1758 0.1825 0.1889 0.1949 0.2005 0.2060 0.2113 0.2162 0.2209 0.2254 0.2295 0.2335 0.2373 0.2407 0.2440 0.2471 0.2499 0.2525 0.2551 0.2575 0.2598 0.2620 0.2640 0.2660 0.2679 0.2698 0.2717 0.2735 0.2753 0.2771 0.2789 0.2806 0.2824 0.2840 0.2941
0.2903 0.2798 0.2782 0.2764 0.2746 0.2728 0.2709 0.2690 0.2671 0.2652 0.2632 0.2612 0.2592 0.2571 0.2549 0.2526 0.2502 0.2477 0.2450 0.2422 0.2391 0.2360 0.2325 0.2288 0.2248 0.2206 0.2162 0.2116 0.2066 0.2014 0.1959 0.1903 0.1843 0.1780 0.1714 0.1643 0.1570 0.1494 0.1413 0.1328 0.1239 0.1146 0.1050 0.0951 0.0848 0.0740 0.0619 0.0564 0.0569 0.0577 0.0581 0.0577 0.0569 0.0564 0.0619 0.0740 0.0848 0.0951 0.1050 0.1146 0.1239 0.1328 0.1413 0.1494 0.1570 0.1643 0.1714 0.1780 0.1843 0.1903 0.1959 0.2014 0.2066 0.2116 0.2162 0.2206 0.2248 0.2288 0.2325 0.2360 0.2391 0.2422 0.2450 0.2477 0.2502 0.2526 0.2549 0.2571 0.2592 0.2612 0.2632 0.2652 0.2671 0.2690 0.2709 0.2728 0.2746 0.2764 0.2782 0.2798 0.2903
0.2863 0.2756 0.2738 0.2720 0.2701 0.2682 0.2663 0.2644 0.2624 0.2604 0.2583 0.2563 0.2542 0.2521 0.2499 0.2476 0.2451 0.2426 0.2399 0.2371 0.2340 0.2308 0.2274 0.2238 0.2198 0.2156 0.2113 0.2066 0.2017 0.1965 0.1911 0.1854 0.1795 0.1733 0.1666 0.1597 0.1524 0.1448 0.1367 0.1282 0.1193 0.1100 0.1002 0.0901 0.0796 0.0683 0.0578 0.0565 0.0573 0.0580 0.0584 0.0580 0.0573 0.0565 0.0578 0.0683 0.0796 0.0901 0.1002 0.1100 0.1193 0.1282 0.1367 0.1448 0.1524 0.1597 0.1666 0.1733 0.1795 0.1854 0.1911 0.1965 0.2017 0.2066 0.2113 0.2156 0.2198 0.2238 0.2274 0.2308 0.2340 0.2371 0.2399 0.2426 0.2451 0.2476 0.2499 0.2521 0.2542 0.2563 0.2583 0.2604 0.2624 0.2644 0.2663 0.2682 0.2701 0.2720 0.2738 0.2756 0.2863
0.2821 0.2711 0.2694 0.2674 0.2655 0.2636 0.2616 0.2596 0.2575 0.2554 0.2533 0.2512 0.2490 0.2468 0.2446 0.2423 0.2398 0.2372 0.2345 0.2317 0.2286 0.2255 0.2221 0.2185 0.2145 0.2104 0.2060 0.2014 0.1965 0.1914 0.1860 0.1804 0.1744 0.1682 0.1616 0.1547 0.1474 0.1398 0.1317 0.1233 0.1144 0.1050 0.0951 0.0850 0.0743 0.0623 0.0564 0.0568 0.0576 0.0585 0.0589 0.0585 0.0576 0.0568 0.0564 0.0623 0.0743 0.0850 0.0951 0.1050 0.1144 0.1233 0.1317 0.1398 0.1474 0.1547 0.1616 0.1682 0.1744 0.1804 0.1860 0.1914 0.1965 0.2014 0.2060 0.2104 0.2145 0.2185 0.2221 0.2255 0.2286 0.2317 0.2345 0.2372 0.2398 0.2423 0.2446 0.2468 0.2490 0.2512 0.2533 0.2554 0.2575 0.2596 0.2616 0.2636 0.2655 0.2674 0.2694 0.2711 0.2821
0.2778 0.2666 0.2647 0.2627 0.2607 0.2587 0.2567 0.2546 0.2525 0.2503 0.2481 0.2459 0.2437 0.2414 0.2391 0.2368 0.2343 0.2316 0.2289 0.2260 0.2230 0.2198 0.2165 0.2129 0.2090 0.2049 0.2005 0.1959 0.1911 0.1860 0.1806 0.1750 0.1691 0.1628 0.1563 0.1494 0.1421 0.1345 0.1264 0.1180 0.1091 0.0997 0.0899 0.0797 0.0685 0.0579 0.0565 0.0572 0.0580 0.0589 0.0593 0.0589 0.0580 0.0572 0.0565 0.0579 0.0685 0.0797 0.0899 0.0997 0.1091 0.1180 0.1264 0.1345 0.1421 0.1494 0.1563 0.1628 0.1691 0.1750 0.1806 0.1860 0.1911 0.1959 0.2005 0.2049 0.2090 0.2129 0.2165 0.2198 0.2230 0.2260 0.2289 0.2316 0.2343 0.2368 0.2391 0.2414 0.2437 0.2459 0.2481 0.2503 0.2525 0.2546 0.2567 0.2587 0.2607 0.2627 0.2647 0.2666 0.2778
0.2733 0.2618 0.2599 0.2579 0.2558 0.2537 0.2516 0.2494 0.2472 0.2450 0.2428 0.2405 0.2382 0.2358 0.2335 0.2311 0.2285 0.2259 0.2231 0.2202 0.2172 0.2140 0.2107 0.2071 0.2033 0.1992 0.1949 0.1903 0.1854 0.1804 0.1750 0.1694 0.1634 0.1572 0.1507 0.1438 0.1365 0.1289 0.1209 0.1124 0.1035 0.0942 0.0844 0.0741 0.0624 0.0564 0.0568 0.0576 0.0585 0.0594 0.0598 0.0594 0.0585 0.0576 0.0568 0.0564 0.0624 0.0741 0.0844 0.0942 0.1035 0.1124 0.1209 0.1289 0.1365 0.1438 0.1507 0.1572 0.1634 0.1694 0.1750 0.1804 0.1854 0.1903 0.1949 0.1992 0.2033 0.2071 0.2107 0.2140 0.2172 0.2202 0.2231 0.2259 0.2285 0.2311 0.2335 0.2358 0.2382 0.2405 0.2428 0.2450 0.2472 0.2494 0.2516 0.2537 0.2558 0.2579 0.2599 0.2618 0.2733
0.2686 0.2569 0.2550 0.2529 0.2507 0.2485 0.2463 0.2441 0.2419 0.2396 0.2372 0.2349 0.2325 0.2301 0.2276 0.2251 0.2226 0.2199 0.2171 0.2141 0.2111 0.2079 0.2046 0.2010 0.1972 0.1932 0.1889 0.1843 0.1795 0.1744 0.1691 0.1634 0.1575 0.1513 0.1448 0.1379 0.1306 0.1230 0.1150 0.1065 0.0977 0.0883 0.0785 0.0678 0.0577 0.0565 0.0572 0.0580 0.0589 0.0599 0.0603 0.0599 0.0589 0.0580 0.0572 0.0565 0.0577 0.0678 0.0785 0.0883 0.0977 0.1065 0.1150 0.1230 0.1306 0.1379 0.1448 0.1513 0.1575 0.1634 0.1691 0.1744 0.1795 0.1843 0.1889 0.1932 0.1972 0.2010 0.2046 0.2079 0.2111 0.2141 0.2171 0.2199 0.2226 0.2251 0.2276 0.2301 0.2325 0.2349 0.2372 0.2396 0.2419 0.2441 0.2463 0.2485 0.2507 0.2529 0.2550 0.2569 0.2686
0.2637 0.2519 0.2498 0.2476 0.2454 0.2432 0.2409 0.2386 0.2363 0.2339 0.2315 0.2291 0.2266 0.2241 0.2215 0.2189 0.2163 0.2137 0.2108 0.2078 0.2047 0.2015 0.1981 0.1946 0.1908 0.1868 0.1825 0.1780 0.1733 0.1682 0.1628 0.1572 0.1513 0.1451 0.1385 0.1317 0.1244 0.1168 0.1088 0.1004 0.0915 0.0821 0.0722 0.0611 0.0563 0.0568 0.0576 0.0584 0.0594 0.0604 0.0609 0.0604 0.0594 0.0584 0.0576 0.0568 0.0563 0.0611 0.0722 0.0821 0.0915 0.1004 0.1088 0.1168 0.1244 0.1317 0.1385 0.1451 0.1513 0.1572 0.1628 0.1682 0.1733 0.1780 0.1825 0.1868 0.1908 0.1946 0.1981 0.2015 0.2047 0.2078 0.2108 0.2137 0.2163 0.2189 0.2215 0.2241 0.2266 0.2291 0.2315 0.2339 0.2363 0.2386 0.2409 0.2432 0.2454 0.2476 0.2498 0.2519 0.2637
0.2587 0.2466 0.2445 0.2423 0.2400 0.2377 0.2353 0.2329 0.2305 0.2280 0.2256 0.2230 0.2205 0.2179 0.2152 0.2126 0.2099 0.2071 0.2042 0.2012 0.1981 0.1948 0.1914 0.1878 0.1840 0.1800 0.1758 0.1714 0.1666 0.1616 0.1563 0.1507 0.1448 0.1385 0.1320 0.1251 0.1179 0.1103 0.1023 0.0939 0.0850 0.0756 0.0650 0.0568 0.0566 0.0572 0.0580 0.0589 0.0599 0.0609 0.0614 0.0609 0.0599 0.0589 0.0580 0.0572 0.0566 0.0568 0.0650 0.0756 0.0850 0.0939 0.1023 0.1103 0.1179 0.1251 0.1320 0.1385 0.1448 0.1507 0.1563 0.1616 0.1666 0.1714 0.1758 0.1800 0.1840 0.1878 0.1914 0.1948 0.1981 0.2012 0.2042 0.2071 0.2099 0.2126 0.2152 0.2179 0.2205 0.2230 0.2256 0.2280 0.2305 0.2329 0.2353 0.2377 0.2400 0.2423 0.2445 0.2466 0.2587
0.2534 0.2412 0.2390 0.2367 0.2343 0.2319 0.2295 0.2270 0.2245 0.2220 0.2194 0.2168 0.2142 0.2115 0.2087 0.2060 0.2032 0.2003 0.1975 0.1945 0.1912 0.1878 0.1844 0.1807 0.1769 0.1730 0.1687 0.1643 0.1597 0.1547 0.1494 0.1438 0.1379 0.1317 0.1251 0.1183 0.1110 0.1034 0.0954 0.0870 0.0781 0.0683 0.0585 0.0563 0.0570 0.0577 0.0585 0.0594 0.0604 0.0615 0.0620 0.0615 0.0604 0.0594 0.0585 0.0577 0.0570 0.0563 0.0585 0.0683 0.0781 0.0870 0.0954 0.1034 0.1110 0.1183 0.1251 0.1317 0.1379 0.1438 0.1494 0.1547 0.1597 0.1643 0.1687 0.1730 0.1769 0.1807 0.1844 0.1878 0.1912 0.1945 0.1975 0.2003 0.2032 0.2060 0.2087 0.2115 0.2142 0.2168 0.2194 0.2220 0.2245 0.2270 0.2295 0.2319 0.2343 0.2367 0.2390 0.2412 0.2534
0.2479 0.2356 0.2334 0.2309 0.2285 0.2260 0.2235 0.2209 0.2183 0.2157 0.2131 0.2104 0.2076 0.2048 0.2020 0.1992 0.1963 0.1933 0.1903 0.1873 0.1841 0.1806 0.1771 0.1734 0.1696 0.1656 0.1614 0.1570 0.1524 0.1474 0.1421 0.1365 0.1306 0.1244 0.1179 0.1110 0.1038 0.0962 0.0882 0.0798 0.0708 0.0605 0.0562 0.0568 0.0574 0.0582 0.0590 0.0600 0.0610 0.0621 0.0626 0.0621 0.0610 0.0600 0.0590 0.0582 0.0574 0.0568 0.0562 0.0605 0.0708 0.0798 0.0882 0.0962 0.1038 0.1110 0.1179 0.1244 0.1306 0.1365 0.1421 0.1474 0.1524 0.1570 0.1614 0.1656 0.1696 0.1734 0.1771 0.1806 0.1841 0.1873 0.1903 0.1933 0.1963 0.1992 0.2020 0.2048 0.2076 0.2104 0.2131 0.2157 0.2183 0.2209 0.2235 0.2260 0.2285 0.2309 0.2334 0.2356 0.2479
0.2423 0.2298 0.2275 0.2250 0.2225 0.2199 0.2173 0.2146 0.2120 0.2092 0.2065 0.2037 0.2009 0.1980 0.1951 0.1921 0.1891 0.1861 0.1830 0.1799 0.1766 0.1732 0.1696 0.1658 0.1619 0.1579 0.1538 0.1494 0.1448 0.1398 0.1345 0.1289 0.1230 0.1168 0.1103 0.1034 0.0962 0.0886 0.0806 0.0721 0.0621 0.0563 0.0566 0.0572 0.0579 0.0587 0.0596 0.0606 0.0616 0.0628 0.0633 0.0628 0.0616 0.0606 0.0596 0.0587 0.0579 0.0572 0.0566 0.0563 0.0621 0.0721 0.0806 0.0886 0.0962 0.1034 0.1103 0.1168 0.1230 0.1289 0.1345 0.1398 0.1448 0.1494 0.1538 0.1579 0.1619 0.1658 0.1696 0.1732 0.1766 0.1799 0.1830 0.1861 0.1891 0.1921 0.1951 0.1980 0.2009 0.2037 0.2065 0.2092 0.2120 0.2146 0.2173 0.2199 0.2225 0.2250 0.2275 0.2298 0.2423
0.2363 0.2238 0.2214 0.2188 0.2162 0.2135 0.2109 0.2081 0.2053 0.2025 0.1997 0.1968 0.1939 0.1909 0.1879 0.1848 0.1817 0.1786 0.1754 0.1721 0.1688 0.1654 0.1617 0.1579 0.1539 0.1499 0.1457 0.1413 0.1367 0.1317 0.1264 0.1209 0.1150 0.1088 0.1023 0.0954 0.0882 0.0806 0.0726 0.0631 0.0566 0.0565 0.0571 0.0578 0.0585 0.0593 0.0602 0.0612 0.0623 0.0635 0.0640 0.0635 0.0623 0.0612 0.0602 0.0593 0.0585 0.0578 0.0571 0.0565 0.0566 0.0631 0.0726 0.0806 0.0882 0.0954 0.1023 0.1088 0.1150 0.1209 0.1264 0.1317 0.1367 0.1413 0.1457 0.1499 0.1539 0.1579 0.1617 0.1654 0.1688 0.1721 0.1754 0.1786 0.1817 0.1848 0.1879 0.1909 0.1939 0.1968 0.1997 0.2025 0.2053 0.2081 0.2109 0.2135 0.2162 0.2188 0.2214 0.2238 0.2363
0.2302 0.2176 0.2151 0.2124 0.2097 0.2070 0.2042 0.2014 0.1985 0.1956 0.1926 0.1897 0.1866 0.1835 0.1804 0.1773 0.1740 0.1708 0.1675 0.1641 0.1607 0.1573 0.1536 0.1496 0.1456 0.1415 0.1372 0.1328 0.1282 0.1233 0.1180 0.1124 0.1065 0.1004 0.0939 0.0870 0.0798 0.0721 0.0631 0.0568 0.0565 0.0570 0.0576 0.0583 0.0591 0.0600 0.0609 0.0619 0.0631 0.0642 0.0648 0.0642 0.0631 0.0619 0.0609 0.0600 0.0591 0.0583 0.0576 0.0570 0.0565 0.0568 0.0631 0.0721 0.0798 0.0870 0.0939 0.1004 0.1065 0.1124 0.1180 0.1233 0.1282 0.1328 0.1372 0.1415 0.1456 0.1496 0.1536 0.1573 0.1607 0.1641 0.1675 0.1708 0.1740 0.1773 0.1804 0.1835 0.1866 0.1897 0.1926 0.1956 0.1985 0.2014 0.2042 0.2070 0.2097 0.2124 0.2151 0.2176 0.2302
0.2238 0.2112 0.2086 0.2059 0.2030 0.2002 0.1973 0.1944 0.1914 0.1884 0.1854 0.1823 0.1791 0.1759 0.1727 0.1694 0.1661 0.1628 0.1593 0.1559 0.1524 0.1488 0.1450 0.1412 0.1371 0.1327 0.1284 0.1239 0.1193 0.1144 0.1091 0.1035 0.0977 0.0915 0.0850 0.0781 0.0708 0.0621 0.0566 0.0565 0.0570 0.0576 0.0582 0.0590 0.0598 0.0607 0.0616 0.0627 0.0639 0.0650 0.0656 0.0650 0.0639 0.0627 0.0616 0.0607 0.0598 0.0590 0.0582 0.0576 0.0570 0.0565 0.0566 0.0621 0.0708 0.0781 0.0850 0.0915 0.0977 0.1035 0.1091 0.1144 0.1193 0.1239 0.1284 0.1327 0.1371 0.1412 0.1450 0.1488 0.1524 0.1559 0.1593 0.1628 0.1661 0.1694 0.1727 0.1759 0.1791 0.1823 0.1854 0.1884 0.1914 0.1944 0.1973 0.2002 0.2030 0.2059 0.2086 0.2112 0.2238
0.2171 0.2046 0.2019 0.1990 0.1961 0.1932 0.1902 0.1872 0.1841 0.1810 0.1778 0.1746 0.1714 0.1681 0.1647 0.1614 0.1579 0.1544 0.1509 0.1473 0.1437 0.1400 0.1362 0.1323 0.1281 0.1237 0.1192 0.1146 0.1100 0.1050 0.0997 0.0942 0.0883 0.0821 0.0756 0.0683 0.0605 0.0563 0.0565 0.0570 0.0576 0.0582 0.0589 0.0597 0.0605 0.0615 0.0625 0.0635 0.0647 0.0659 0.0665 0.0659 0.0647 0.0635 0.0625 0.0615 0.0605 0.0597 0.0589 0.0582 0.0576 0.0570 0.0565 0.0563 0.0605 0.0683 0.0756 0.0821 0.0883 0.0942 0.0997 0.1050 0.1100 0.1146 0.1192 0.1237 0.1281 0.1323 0.1362 0.1400 0.1437 0.1473 0.1509 0.1544 0.1579 0.1614 0.1647 0.1681 0.1714 0.1746 0.1778 0.1810 0.1841 0.1872 0.1902 0.1932 0.1961 0.1990 0.2019 0.2046 0.2171
0.2102 0.1977 0.1949 0.1920 0.1890 0.1859 0.1828 0.1797 0.1765 0.1733 0.1700 0.1667 0.1634 0.1600 0.1565 0.1530 0.1494 0.1458 0.1422 0.1385 0.1347 0.1309 0.1270 0.1231 0.1188 0.1144 0.1098 0.1050 0.1002 0.0951 0.0899 0.0844 0.0785 0.0722 0.0650 0.0585 0.0562 0.0566 0.0571 0.0576 0.0582 0.0589 0.0596 0.0604 0.0613 0.0623 0.0633 0.0644 0.0656 0.0669 0.0675 0.0669 0.0656 0.0644 0.0633 0.0623 0.0613 0.0604 0.0596 0.0589 0.0582 0.0576 0.0571 0.0566 0.0562 0.0585 0.0650 0.0722 0.0785 0.0844 0.0899 0.0951 0.1002 0.1050 0.1098 0.1144 0.1188 0.1231 0.1270 0.1309 0.1347 0.1385 0.1422 0.1458 0.1494 0.1530 0.1565 0.1600 0.1634 0.1667 0.1700 0.1733 0.1765 0.1797 0.1828 0.1859 0.1890 0.1920 0.1949 0.1977 0.2102
0.2030 0.1906 0.1877 0.1847 0.1816 0.1784 0.1752 0.1720 0.1687 0.1654 0.1620 0.1585 0.1551 0.1515 0.1480 0.1443 0.1407 0.1369 0.1331 0.1293 0.1254 0.1214 0.1174 0.1134 0.1091 0.1047 0.1000 0.0951 0.0901 0.0850 0.0797 0.0741 0.0678 0.0611 0.0568 0.0563 0.0568 0.0572 0.0578 0.0583 0.0590 0.0597 0.0604 0.0613 0.0622 0.0632 0.0642 0.0654 0.0666 0.0679 0.0685 0.0679 0.0666 0.0654 0.0642 0.0632 0.0622 0.0613 0.0604 0.0597 0.0590 0.0583 0.0578 0.0572 0.0568 0.0563 0.0568 0.0611 0.0678 0.0741 0.0797 0.0850 0.0901 0.0951 0.1000 0.1047 0.1091 0.1134 0.1174 0.1214 0.1254 0.1293 0.1331 0.1369 0.1407 0.1443 0.1480 0.1515 0.1551 0.1585 0.1620 0.1654 0.1687 0.1720 0.1752 0.1784 0.1816 0.1847 0.1877 0.1906 0.2030
0.1955 0.1832 0.1803 0.1771 0.1739 0.1706 0.1673 0.1640 0.1606 0.1571 0.1536 0.1501 0.1465 0.1428 0.1391 0.1354 0.1316 0.1277 0.1238 0.1198 0.1158 0.1117 0.1075 0.1033 0.0991 0.0946 0.0898 0.0848 0.0796 0.0743 0.0685 0.0624 0.0577 0.0563 0.0566 0.0570 0.0574 0.0579 0.0585 0.0591 0.0598 0.0605 0.0613 0.0622 0.0631 0.0641 0.0652 0.0664 0.0677 0.0689 0.0695 0.0689 0.0677 0.0664 0.0652 0.0641 0.0631 0.0622 0.0613 0.0605 0.0598 0.0591 0.0585 0.0579 0.0574 0.0570 0.0566 0.0563 0.0577 0.0624 0.0685 0.0743 0.0796 0.0848 0.0898 0.0946 0.0991 0.1033 0.1075 0.1117 0.1158 0.1198 0.1238 0.1277 0.1316 0.1354 0.1391 0.1428 0.1465 0.1501 0.1536 0.1571 0.1606 0.1640 0.1673 0.1706 0.1739 0.1771 0.1803 0.1832 0.1955
0.1877 0.1756 0.1726 0.1693 0.1660 0.1626 0.1592 0.1557 0.1522 0.1486 0.1450 0.1413 0.1376 0.1338 0.1300 0.1261 0.1222 0.1182 0.1141 0.1100 0.1058 0.1016 0.0973 0.0929 0.0885 0.0841 0.0792 0.0740 0.0683 0.0623 0.0579 0.0564 0.0565 0.0568 0.0572 0.0577 0.0582 0.0587 0.0593 0.0600 0.0607 0.0615 0.0623 0.0632 0.0641 0.0652 0.0663 0.0675 0.0688 0.0701 0.0707 0.0701 0.0688 0.0675 0.0663 0.0652 0.0641 0.0632 0.0623 0.0615 0.0607 0.0600 0.0593 0.0587 0.0582 0.0577 0.0572 0.0568 0.0565 0.0564 0.0579 0.0623 0.0683 0.0740 0.0792 0.0841 0.0885 0.0929 0.0973 0.1016 0.1058 0.1100 0.1141 0.1182 0.1222 0.1261 0.1300 0.1338 0.1376 0.1413 0.1450 0.1486 0.1522 0.1557 0.1592 0.1626 0.1660 0.1693 0.1726 0.1756 0.1877
0.1796 0.1678 0.1646 0.1612 0.1578 0.1543 0.1507 0.1471 0.1435 0.1398 0.1361 0.1323 0.1284 0.1245 0.1205 0.1165 0.1124 0.1083 0.1041 0.0998 0.0955 0.0911 0.0867 0.0822 0.0776 0.0728 0.0675 0.0619 0.0578 0.0564 0.0565 0.0568 0.0572 0.0576 0.0580 0.0585 0.0590 0.0596 0.0602 0.0609 0.0616 0.0625 0.0633 0.0642 0.0652 0.0663 0.0674 0.0686 0.0700 0.0713 0.0719 0.0713 0.0700 0.0686 0.0674 0.0663 0.0652 0.0642 0.0633 0.0625 0.0616 0.0609 0.0602 0.0596 0.0590 0.0585 0.0580 0.0576 0.0572 0.0568 0.0565 0.0564 0.0578 0.0619 0.0675 0.0728 0.0776 0.0822 0.0867 0.0911 0.0955 0.0998 0.1041 0.1083 0.1124 0.1165 0.1205 0.1245 0.1284 0.1323 0.1361 0.1398 0.1435 0.1471 0.1507 0.1543 0.1578 0.1612 0.1646 0.1678 0.1796
0.1711 0.1596 0.1563 0.1528 0.1493 0.1457 0.1420 0.1383 0.1345 0.1307 0.1268 0.1229 0.1189 0.1149 0.1107 0.1066 0.1024 0.0981 0.0937 0.0893 0.0849 0.0803 0.0757 0.0707 0.0655 0.0605 0.0574 0.0564 0.0565 0.0568 0.0572 0.0576 0.0580 0.0584 0.0589 0.0594 0.0600 0.0606 0.0612 0.0619 0.0627 0.0635 0.0644 0.0654 0.0664 0.0675 0.0686 0.0699 0.0712 0.0726 0.0732 0.0726 0.0712 0.0699 0.0686 0.0675 0.0664 0.0654 0.0644 0.0635 0.0627 0.0619 0.0612 0.0606 0.0600 0.0594 0.0589 0.0584 0.0580 0.0576 0.0572 0.0568 0.0565 0.0564 0.0574 0.0605 0.0655 0.0707 0.0757 0.0803 0.0849 0.0893 0.0937 0.0981 0.1024 0.1066 0.1107 0.1149 0.1189 0.1229 0.1268 0.1307 0.1345 0.1383 0.1420 0.1457 0.1493 0.1528 0.1563 0.1596 0.1711
0.1623 0.1512 0.1478 0.1442 0.1405 0.1368 0.1330 0.1291 0.1252 0.1213 0.1173 0.1132 0.1091 0.1049 0.1006 0.0963 0.0919 0.0875 0.0830 0.0784 0.0737 0.0686 0.0633 0.0590 0.0568 0.0563 0.0566 0.0569 0.0573 0.0576 0.0580 0.0585 0.0589 0.0594 0.0599 0.0604 0.0610 0.0616 0.0623 0.0631 0.0639 0.0647 0.0656 0.0666 0.0677 0.0688 0.0700 0.0712 0.0726 0.0740 0.0746 0.0740 0.0726 0.0712 0.0700 0.0688 0.0677 0.0666 0.0656 0.0647 0.0639 0.0631 0.0623 0.0616 0.0610 0.0604 0.0599 0.0594 0.0589 0.0585 0.0580 0.0576 0.0573 0.0569 0.0566 0.0563 0.0568 0.0590 0.0633 0.0686 0.0737 0.0784 0.0830 0.0875 0.0919 0.0963 0.1006 0.1049 0.1091 0.1132 0.1173 0.1213 0.1252 0.1291 0.1330 0.1368 0.1405 0.1442 0.1478 0.1512 0.1623
0.1526 0.1421 0.1386 0.1348 0.1310 0.1271 0.1232 0.1192 0.1152 0.1111 0.1069 0.1027 0.0984 0.0941 0.0897 0.0852 0.0807 0.0761 0.0714 0.0664 0.0613 0.0577 0.0564 0.0564 0.0567 0.0570 0.0573 0.0577 0.0580 0.0585 0.0589 0.0594 0.0599 0.0604 0.0609 0.0615 0.0621 0.0628 0.0635 0.0642 0.0650 0.0659 0.0669 0.0679 0.0689 0.0701 0.0713 0.0726 0.0740 0.0754 0.0760 0.0754 0.0740 0.0726 0.0713 0.0701 0.0689 0.0679 0.0669 0.0659 0.0650 0.0642 0.0635 0.0628 0.0621 0.0615 0.0609 0.0604 0.0599 0.0594 0.0589 0.0585 0.0580 0.0577 0.0573 0.0570 0.0567 0.0564 0.0564 0.0577 0.0613 0.0664 0.0714 0.0761 0.0807 0.0852 0.0897 0.0941 0.0984 0.1027 0.1069 0.1111 0.1152 0.1192 0.1232 0.1271 0.1310 0.1348 0.1386 0.1421 0.1526
0.1450 0.1352 0.1316 0.1278 0.1238 0.1199 0.1158 0.1117 0.1076 0.1034 0.0991 0.0948 0.0904 0.0859 0.0814 0.0768 0.0722 0.0674 0.0626 0.0582 0.0560 0.0561 0.0564 0.0567 0.0570 0.0573 0.0577 0.0581 0.0584 0.0589 0.0593 0.0598 0.0603 0.0609 0.0614 0.0620 0.0626 0.0633 0.0640 0.0648 0.0656 0.0665 0.0675 0.0685 0.0695 0.0707 0.0719 0.0732 0.0746 0.0760 0.0767 0.0760 0.0746 0.0732 0.0719 0.0707 0.0695 0.0685 0.0675 0.0665 0.0656 0.0648 0.0640 0.0633 0.0626 0.0620 0.0614 0.0609 0.0603 0.0598 0.0593 0.0589 0.0584 0.0581 0.0577 0.0573 0.0570 0.0567 0.0564 0.0561 0.0560 0.0582 0.0626 0.0674 0.0722 0.0768 0.0814 0.0859 0.0904 0.0948 0.0991 0.1034 0.1076 0.1117 0.1158 0.1199 0.1238 0.1278 0.1316 0.1352 0.1450
0.1526 0.1421 0.1386 0.1348 0.1310 0.1271 0.1232 0.1192 0.1152 0.1111 0.1069 0.1027 0.0984 0.0941 0.0897 0.0852 0.0807 0.0761 0.0714 0.0664 0.0613 0.0577 0.0564 0.0564 0.0567 0.0570 0.0573 0.0577 0.0580 0.0585 0.0589 0.0594 0.0599 0.0604 0.0609 0.0615 0.0621 0.0628 0.0635 0.0642 0.0650 0.0659 0.0669 0.0679 0.0689 0.0701 0.0713 0.0726 0.0740 0.0754 0.0760 0.0754 0.0740 0.0726 0.0713 0.0701 0.0689 0.0679 0.0669 0.0659 0.0650 0.0642 0.0635 0.0628 0.0621 0.0615 0.0609 0.0604 0.0599 0.0594 0.0589 0.0585 0.0580 0.0577 0.0573 0.0570 0.0567 0.0564 0.0564 0.0577 0.0613 0.0664 0.0714 0.0761 0.0807 0.0852 0.0897 0.0941 0.0984 0.1027 0.1069 0.1111 0.1152 0.1192 0.1232 0.1271 0.1310 0.1348 0.1386 0.1421 0.1526
0.1623 0.1512 0.1478 0.1442 0.1405 0.1368 0.1330 0.1291 0.1252 0.1213 0.1173 0.1132 0.1091 0.1049 0.1006 0.0963 0.0919 0.0875 0.0830 0.0784 0.0737 0.0686 0.0633 0.0590 0.0568 0.0563 0.0566 0.0569 0.0573 0.0576 0.0580 0.0585 0.0589 0.0594 0.0599 0.0604 0.0610 0.0616 0.0623 0.0631 0.0639 0.0647 0.0656 0.0666 0.0677 0.0688 0.0700 0.0712 0.0726 0.0740 0.0746 0.0740 0.0726 0.0712 0.0700 0.0688 0.0677 0.0666 0.0656 0.0647 0.0639 0.0631 0.0623 0.0616 0.0610 0.0604 0.0599 0.0594 0.0589 0.0585 0.0580 0.0576 0.0573 0.0569 0.0566 0.0563 0.0568 0.0590 0.0633 0.0686 0.0737 0.0784 0.0830 0.0875 0.0919 0.0963 0.1006 0.1049 0.1091 0.1132 0.1173 0.1213 0.1252 0.1291 0.1330 0.1368 0.1405 0.1442 0.1478 0.1512 0.1623
0.1711 0.1596 0.1563 0.1528 0.1493 0.1457 0.1420 0.1383 0.1345 0.1307 0.1268 0.1229 0.1189 0.1149 0.1107 0.1066 0.1024 0.0981 0.0937 0.0893 0.0849 0.0803 0.0757 0.0707 0.0655 0.0605 0.0574 0.0564 0.0565 0.0568 0.0572 0.0576 0.0580 0.0584 0.0589 0.0594 0.0600 0.0606 0.0612 0.0619 0.0627 0.0635 0.0644 0.0654 0.0664 0.0675 0.0686 0.0699 0.0712 0.0726 0.0732 0.0726 0.0712 0.0699 0.0686 0.0675 0.0664 0.0654 0.0644 0.0635 0.0627 0.0619 0.0612 0.0606 0.0600 0.0594 0.0589 0.0584 0.0580 0.0576 0.0572 0.0568 0.0565 0.0564 0.0574 0.0605 0.0655 0.0707 0.0757 0.0803 0.0849 0.0893 0.0937 0.0981 0.1024 0.1066 0.1107 0.1149 0.1189 0.1229 0.1268 0.1307 0.1345 0.1383 0.1420 0.1457 0.1493 0.1528 0.1563 0.1596 0.1711
0.1796 0.1678 0.1646 0.1612 0.1578 0.1543 0.1507 0.1471 0.1435 0.1398 0.1361 0.1323 0.1284 0.1245 0.1205 0.1165 0.1124 0.1083 0.1041 0.0998 0.0955 0.0911 0.0867 0.0822 0.0776 0.0728 0.0675 0.0619 0.0578 0.0564 0.0565 0.0568 0.0572 0.0576 0.0580 0.0585 0.0590 0.0596 0.0602 0.0609 0.0616 0.0625 0.0633 0.0642 0.0652 0.0663 0.0674 0.0686 0.0700 0.0713 0.0719 0.0713 0.0700 0.0686 0.0674 0.0663 0.0652 0.0642 0.0633 0.0625 0.0616 0.0609 0.0602 0.0596 0.0590 0.0585 0.0580 0.0576 0.0572 0.0568 0.0565 0.0564 0.0578 0.0619 0.0675 0.0728 0.0776 0.0822 0.0867 0.0911 0.0955 0.0998 0.1041 0.1083 0.1124 0.1165 0.1205 0.1245 0.1284 0.1323 0.1361 0.1398 0.1435 0.1471 0.1507 0.1543 0.1578 0.1612 0.1646 0.1678 0.1796
0.1877 0.1756 0.1726 0.1693 0.1660 0.1626 0.1592 0.1557 0.1522 0.1486 0.1450 0.1413 0.1376 0.1338 0.1300 0.1261 0.1222 0.1182 0.1141 0.1100 0.1058 0.1016 0.0973 0.0929 0.0885 0.0841 0.0792 0.0740 0.0683 0.0623 0.0579 0.0564 0.0565 0.0568 0.0572 0.0577 0.0582 0.0587 0.0593 0.0600 0.0607 0.0615 0.0623 0.0632 0.0641 0.0652 0.0663 0.0675 0.0688 0.0701 0.0707 0.0701 0.0688 0.0675 0.0663 0.0652 0.0641 0.0632 0.0623 0.0615 0.0607 0.0600 0.0593 0.0587 0.0582 0.0577 0.0572 0.0568 0.0565 0.0564 0.0579 0.0623 0.0683 0.0740 0.0792 0.0841 0.0885 0.0929 0.0973 0.1016 0.1058 0.1100 0.1141 0.1182 0.1222 0.1261 0.1300 0.1338 0.1376 0.1413 0.1450 0.1486 0.1522 0.1557 0.1592 0.1626 0.1660 0.1693 0.1726 0.1756 0.1877
