-0.3348 -0.3280 -0.3223 -0.3187 -0.3146 -0.3099 -0.3047 -0.2989 -0.2925 -0.2854 -0.2777 -0.2693 -0.2602 -0.2502 -0.2392 -0.2271 -0.2135 -0.1981 -0.1805 -0.1604 -0.1381 -0.1151 -0.0932 -0.0741 -0.0585 -0.0462 -0.0366 -0.0290 -0.0230 -0.0182 -0.0143 -0.0111 -0.0085 -0.0064 -0.0046 -0.0032 -0.0020 -0.0011 -0.0002 0.0007 0.0016 0.0025 0.0035 0.0045 0.0055 0.0066 0.0078 0.0089 0.0102 0.0115 0.0126 0.0115 0.0102 0.0089 0.0078 0.0066 0.0055 0.0045 0.0035 0.0025 0.0016 0.0007 -0.0002 -0.0011 -0.0020 -0.0032 -0.0046 -0.0064 -0.0085 -0.0111 -0.0143 -0.0182 -0.0230 -0.0290 -0.0366 -0.0462 -0.0585 -0.0741 -0.0932 -0.1151 -0.1381 -0.1604 -0.1805 -0.1981 -0.2135 -0.2271 -0.2392 -0.2502 -0.2602 -0.2693 -0.2777 -0.2854 -0.2925 -0.2989 -0.3047 -0.3099 -0.3146 -0.3187 -0.3223 -0.3280 -0.3348
-0.3280 -0.3105 -0.3036 -0.2983 -0.2922 -0.2853 -0.2778 -0.2695 -0.2605 -0.2506 -0.2397 -0.2278 -0.2145 -0.1995 -0.1825 -0.1632 -0.1419 -0.1196 -0.0980 -0.0788 -0.0629 -0.0501 -0.0400 -0.0320 -0.0256 -0.0205 -0.0164 -0.0130 -0.0103 -0.0080 -0.0061 -0.0045 -0.0032 -0.0021 -0.0012 -0.0004 0.0002 0.0008 0.0014 0.0021 0.0027 0.0034 0.0042 0.0049 0.0057 0.0065 0.0073 0.0082 0.0091 0.0100 0.0108 0.0100 0.0091 0.0082 0.0073 0.0065 0.0057 0.0049 0.0042 0.0034 0.0027 0.0021 0.0014 0.0008 0.0002 -0.0004 -0.0012 -0.0021 -0.0032 -0.0045 -0.0061 -0.0080 -0.0103 -0.0130 -0.0164 -0.0205 -0.0256 -0.0320 -0.0400 -0.0501 -0.0629 -0.0788 -0.0980 -0.1196 -0.1419 -0.1632 -0.1825 -0.1995 -0.2145 -0.2278 -0.2397 -0.2506 -0.2605 -0.2695 -0.2778 -0.2853 -0.2922 -0.2983 -0.3036 -0.3105 -0.3280
-0.3223 -0.3036 -0.2967 -0.2914 -0.2851 -0.2780 -0.2701 -0.2614 -0.2518 -0.2412 -0.2296 -0.2166 -0.2021 -0.1855 -0.1668 -0.1460 -0.1240 -0.1023 -0.0828 -0.0662 -0.0529 -0.0423 -0.0340 -0.0273 -0.0220 -0.0176 -0.0141 -0.0112 -0.0088 -0.0068 -0.0051 -0.0037 -0.0026 -0.0016 -0.0008 -0.0002 0.0004 0.0010 0.0017 0.0023 0.0030 0.0037 0.0045 0.0052 0.0060 0.0068 0.0077 0.0085 0.0094 0.0104 0.0112 0.0104 0.0094 0.0085 0.0077 0.0068 0.0060 0.0052 0.0045 0.0037 0.0030 0.0023 0.0017 0.0010 0.0004 -0.0002 -0.0008 -0.0016 -0.0026 -0.0037 -0.0051 -0.0068 -0.0088 -0.0112 -0.0141 -0.0176 -0.0220 -0.0273 -0.0340 -0.0423 -0.0529 -0.0662 -0.0828 -0.1023 -0.1240 -0.1460 -0.1668 -0.1855 -0.2021 -0.2166 -0.2296 -0.2412 -0.2518 -0.2614 -0.2701 -0.2780 -0.2851 -0.2914 -0.2967 -0.3036 -0.3223
-0.3187 -0.2983 -0.2914 -0.2863 -0.2803 -0.2733 -0.2655 -0.2567 -0.2470 -0.2362 -0.2241 -0.2107 -0.1955 -0.1782 -0.1586 -0.1371 -0.1150 -0.0940 -0.0756 -0.0604 -0.0483 -0.0387 -0.0310 -0.0250 -0.0201 -0.0161 -0.0128 -0.0101 -0.0079 -0.0061 -0.0045 -0.0032 -0.0022 -0.0013 -0.0005 0.0001 0.0007 0.0013 0.0019 0.0026 0.0033 0.0040 0.0048 0.0055 0.0063 0.0072 0.0080 0.0089 0.0098 0.0108 0.0116 0.0108 0.0098 0.0089 0.0080 0.0072 0.0063 0.0055 0.0048 0.0040 0.0033 0.0026 0.0019 0.0013 0.0007 0.0001 -0.0005 -0.0013 -0.0022 -0.0032 -0.0045 -0.0061 -0.0079 -0.0101 -0.0128 -0.0161 -0.0201 -0.0250 -0.0310 -0.0387 -0.0483 -0.0604 -0.0756 -0.0940 -0.1150 -0.1371 -0.1586 -0.1782 -0.1955 -0.2107 -0.2241 -0.2362 -0.2470 -0.2567 -0.2655 -0.2733 -0.2803 -0.2863 -0.2914 -0.2983 -0.3187
-0.3146 -0.2922 -0.2851 -0.2803 -0.2745 -0.2677 -0.2600 -0.2512 -0.2414 -0.2303 -0.2181 -0.2040 -0.1883 -0.1701 -0.1497 -0.1279 -0.1061 -0.0860 -0.0689 -0.0550 -0.0440 -0.0353 -0.0284 -0.0228 -0.0183 -0.0147 -0.0116 -0.0092 -0.0071 -0.0054 -0.0040 -0.0028 -0.0018 -0.0010 -0.0003 0.0003 0.0009 0.0016 0.0022 0.0029 0.0036 0.0043 0.0051 0.0059 0.0067 0.0075 0.0084 0.0093 0.0102 0.0112 0.0120 0.0112 0.0102 0.0093 0.0084 0.0075 0.0067 0.0059 0.0051 0.0043 0.0036 0.0029 0.0022 0.0016 0.0009 0.0003 -0.0003 -0.0010 -0.0018 -0.0028 -0.0040 -0.0054 -0.0071 -0.0092 -0.0116 -0.0147 -0.0183 -0.0228 -0.0284 -0.0353 -0.0440 -0.0550 -0.0689 -0.0860 -0.1061 -0.1279 -0.1497 -0.1701 -0.1883 -0.2040 -0.2181 -0.2303 -0.2414 -0.2512 -0.2600 -0.2677 -0.2745 -0.2803 -0.2851 -0.2922 -0.3146
-0.3099 -0.2853 -0.2780 -0.2733 -0.2677 -0.2611 -0.2535 -0.2448 -0.2350 -0.2239 -0.2111 -0.1968 -0.1802 -0.1614 -0.1404 -0.1186 -0.0974 -0.0785 -0.0628 -0.0501 -0.0401 -0.0322 -0.0259 -0.0208 -0.0167 -0.0133 -0.0106 -0.0083 -0.0063 -0.0048 -0.0034 -0.0023 -0.0014 -0.0007 -0.0000 0.0006 0.0012 0.0018 0.0025 0.0032 0.0039 0.0046 0.0054 0.0062 0.0070 0.0079 0.0088 0.0097 0.0106 0.0116 0.0124 0.0116 0.0106 0.0097 0.0088 0.0079 0.0070 0.0062 0.0054 0.0046 0.0039 0.0032 0.0025 0.0018 0.0012 0.0006 -0.0000 -0.0007 -0.0014 -0.0023 -0.0034 -0.0048 -0.0063 -0.0083 -0.0106 -0.0133 -0.0167 -0.0208 -0.0259 -0.0322 -0.0401 -0.0501 -0.0628 -0.0785 -0.0974 -0.1186 -0.1404 -0.1614 -0.1802 -0.1968 -0.2111 -0.2239 -0.2350 -0.2448 -0.2535 -0.2611 -0.2677 -0.2733 -0.2780 -0.2853 -0.3099
-0.3047 -0.2778 -0.2701 -0.2655 -0.2600 -0.2535 -0.2460 -0.2374 -0.2275 -0.2162 -0.2032 -0.1883 -0.1712 -0.1517 -0.1305 -0.1089 -0.0890 -0.0715 -0.0572 -0.0457 -0.0366 -0.0294 -0.0237 -0.0190 -0.0152 -0.0121 -0.0095 -0.0074 -0.0056 -0.0042 -0.0030 -0.0019 -0.0011 -0.0004 0.0002 0.0008 0.0015 0.0021 0.0028 0.0035 0.0042 0.0050 0.0057 0.0065 0.0074 0.0082 0.0091 0.0101 0.0110 0.0120 0.0128 0.0120 0.0110 0.0101 0.0091 0.0082 0.0074 0.0065 0.0057 0.0050 0.0042 0.0035 0.0028 0.0021 0.0015 0.0008 0.0002 -0.0004 -0.0011 -0.0019 -0.0030 -0.0042 -0.0056 -0.0074 -0.0095 -0.0121 -0.0152 -0.0190 -0.0237 -0.0294 -0.0366 -0.0457 -0.0572 -0.0715 -0.0890 -0.1089 -0.1305 -0.1517 -0.1712 -0.1883 -0.2032 -0.2162 -0.2275 -0.2374 -0.2460 -0.2535 -0.2600 -0.2655 -0.2701 -0.2778 -0.3047
-0.2989 -0.2695 -0.2614 -0.2567 -0.2512 -0.2448 -0.2374 -0.2288 -0.2189 -0.2074 -0.1939 -0.1785 -0.1608 -0.1410 -0.1199 -0.0994 -0.0807 -0.0649 -0.0520 -0.0416 -0.0334 -0.0269 -0.0216 -0.0174 -0.0139 -0.0110 -0.0086 -0.0066 -0.0050 -0.0036 -0.0025 -0.0016 -0.0008 -0.0001 0.0005 0.0011 0.0017 0.0024 0.0031 0.0038 0.0045 0.0053 0.0061 0.0069 0.0077 0.0086 0.0095 0.0104 0.0114 0.0125 0.0133 0.0125 0.0114 0.0104 0.0095 0.0086 0.0077 0.0069 0.0061 0.0053 0.0045 0.0038 0.0031 0.0024 0.0017 0.0011 0.0005 -0.0001 -0.0008 -0.0016 -0.0025 -0.0036 -0.0050 -0.0066 -0.0086 -0.0110 -0.0139 -0.0174 -0.0216 -0.0269 -0.0334 -0.0416 -0.0520 -0.0649 -0.0807 -0.0994 -0.1199 -0.1410 -0.1608 -0.1785 -0.1939 -0.2074 -0.2189 -0.2288 -0.2374 -0.2448 -0.2512 -0.2567 -0.2614 -0.2695 -0.2989
-0.2925 -0.2605 -0.2518 -0.2470 -0.2414 -0.2350 -0.2275 -0.2189 -0.2088 -0.1969 -0.1831 -0.1672 -0.1491 -0.1294 -0.1090 -0.0898 -0.0729 -0.0587 -0.0471 -0.0379 -0.0305 -0.0246 -0.0197 -0.0158 -0.0126 -0.0099 -0.0078 -0.0059 -0.0044 -0.0031 -0.0021 -0.0012 -0.0005 0.0001 0.0007 0.0013 0.0020 0.0027 0.0034 0.0041 0.0048 0.0056 0.0064 0.0072 0.0081 0.0090 0.0099 0.0108 0.0118 0.0129 0.0137 0.0129 0.0118 0.0108 0.0099 0.0090 0.0081 0.0072 0.0064 0.0056 0.0048 0.0041 0.0034 0.0027 0.0020 0.0013 0.0007 0.0001 -0.0005 -0.0012 -0.0021 -0.0031 -0.0044 -0.0059 -0.0078 -0.0099 -0.0126 -0.0158 -0.0197 -0.0246 -0.0305 -0.0379 -0.0471 -0.0587 -0.0729 -0.0898 -0.1090 -0.1294 -0.1491 -0.1672 -0.1831 -0.1969 -0.2088 -0.2189 -0.2275 -0.2350 -0.2414 -0.2470 -0.2518 -0.2605 -0.2925
-0.2854 -0.2506 -0.2412 -0.2362 -0.2303 -0.2239 -0.2162 -0.2074 -0.1969 -0.1847 -0.1705 -0.1541 -0.1362 -0.1170 -0.0980 -0.0805 -0.0653 -0.0527 -0.0426 -0.0344 -0.0278 -0.0224 -0.0180 -0.0144 -0.0114 -0.0090 -0.0070 -0.0053 -0.0039 -0.0027 -0.0017 -0.0009 -0.0002 0.0004 0.0010 0.0016 0.0023 0.0030 0.0037 0.0044 0.0051 0.0059 0.0067 0.0076 0.0085 0.0094 0.0103 0.0112 0.0122 0.0133 0.0141 0.0133 0.0122 0.0112 0.0103 0.0094 0.0085 0.0076 0.0067 0.0059 0.0051 0.0044 0.0037 0.0030 0.0023 0.0016 0.0010 0.0004 -0.0002 -0.0009 -0.0017 -0.0027 -0.0039 -0.0053 -0.0070 -0.0090 -0.0114 -0.0144 -0.0180 -0.0224 -0.0278 -0.0344 -0.0426 -0.0527 -0.0653 -0.0805 -0.0980 -0.1170 -0.1362 -0.1541 -0.1705 -0.1847 -0.1969 -0.2074 -0.2162 -0.2239 -0.2303 -0.2362 -0.2412 -0.2506 -0.2854
-0.2777 -0.2397 -0.2296 -0.2241 -0.2181 -0.2111 -0.2032 -0.1939 -0.1831 -0.1705 -0.1559 -0.1397 -0.1221 -0.1042 -0.0869 -0.0713 -0.0582 -0.0472 -0.0383 -0.0311 -0.0252 -0.0203 -0.0164 -0.0131 -0.0104 -0.0081 -0.0062 -0.0046 -0.0033 -0.0023 -0.0014 -0.0006 0.0000 0.0006 0.0012 0.0019 0.0026 0.0032 0.0040 0.0047 0.0055 0.0063 0.0071 0.0079 0.0088 0.0097 0.0107 0.0117 0.0127 0.0138 0.0146 0.0138 0.0127 0.0117 0.0107 0.0097 0.0088 0.0079 0.0071 0.0063 0.0055 0.0047 0.0040 0.0032 0.0026 0.0019 0.0012 0.0006 0.0000 -0.0006 -0.0014 -0.0023 -0.0033 -0.0046 -0.0062 -0.0081 -0.0104 -0.0131 -0.0164 -0.0203 -0.0252 -0.0311 -0.0383 -0.0472 -0.0582 -0.0713 -0.0869 -0.1042 -0.1221 -0.1397 -0.1559 -0.1705 -0.1831 -0.1939 -0.2032 -0.2111 -0.2181 -0.2241 -0.2296 -0.2397 -0.2777
-0.2693 -0.2278 -0.2166 -0.2107 -0.2040 -0.1968 -0.1883 -0.1785 -0.1672 -0.1541 -0.1397 -0.1238 -0.1074 -0.0911 -0.0760 -0.0628 -0.0514 -0.0421 -0.0344 -0.0280 -0.0227 -0.0184 -0.0148 -0.0119 -0.0094 -0.0073 -0.0055 -0.0041 -0.0029 -0.0019 -0.0010 -0.0003 0.0003 0.0009 0.0015 0.0022 0.0028 0.0035 0.0043 0.0050 0.0058 0.0066 0.0074 0.0083 0.0092 0.0101 0.0111 0.0121 0.0131 0.0142 0.0151 0.0142 0.0131 0.0121 0.0111 0.0101 0.0092 0.0083 0.0074 0.0066 0.0058 0.0050 0.0043 0.0035 0.0028 0.0022 0.0015 0.0009 0.0003 -0.0003 -0.0010 -0.0019 -0.0029 -0.0041 -0.0055 -0.0073 -0.0094 -0.0119 -0.0148 -0.0184 -0.0227 -0.0280 -0.0344 -0.0421 -0.0514 -0.0628 -0.0760 -0.0911 -0.1074 -0.1238 -0.1397 -0.1541 -0.1672 -0.1785 -0.1883 -0.1968 -0.2040 -0.2107 -0.2166 -0.2278 -0.2693
-0.2602 -0.2145 -0.2021 -0.1955 -0.1883 -0.1802 -0.1712 -0.1608 -0.1491 -0.1362 -0.1221 -0.1074 -0.0926 -0.0786 -0.0659 -0.0547 -0.0452 -0.0372 -0.0306 -0.0251 -0.0204 -0.0166 -0.0134 -0.0107 -0.0084 -0.0065 -0.0049 -0.0035 -0.0024 -0.0015 -0.0007 -0.0001 0.0005 0.0011 0.0018 0.0024 0.0031 0.0038 0.0046 0.0053 0.0061 0.0069 0.0078 0.0087 0.0096 0.0105 0.0115 0.0125 0.0135 0.0147 0.0155 0.0147 0.0135 0.0125 0.0115 0.0105 0.0096 0.0087 0.0078 0.0069 0.0061 0.0053 0.0046 0.0038 0.0031 0.0024 0.0018 0.0011 0.0005 -0.0001 -0.0007 -0.0015 -0.0024 -0.0035 -0.0049 -0.0065 -0.0084 -0.0107 -0.0134 -0.0166 -0.0204 -0.0251 -0.0306 -0.0372 -0.0452 -0.0547 -0.0659 -0.0786 -0.0926 -0.1074 -0.1221 -0.1362 -0.1491 -0.1608 -0.1712 -0.1802 -0.1883 -0.1955 -0.2021 -0.2145 -0.2602
-0.2502 -0.1995 -0.1855 -0.1782 -0.1701 -0.1614 -0.1517 -0.1410 -0.1294 -0.1170 -0.1042 -0.0911 -0.0786 -0.0670 -0.0565 -0.0473 -0.0394 -0.0327 -0.0271 -0.0223 -0.0183 -0.0148 -0.0120 -0.0095 -0.0075 -0.0057 -0.0043 -0.0031 -0.0020 -0.0012 -0.0005 0.0002 0.0008 0.0014 0.0020 0.0027 0.0034 0.0041 0.0049 0.0057 0.0065 0.0073 0.0082 0.0090 0.0100 0.0109 0.0119 0.0129 0.0140 0.0151 0.0160 0.0151 0.0140 0.0129 0.0119 0.0109 0.0100 0.0090 0.0082 0.0073 0.0065 0.0057 0.0049 0.0041 0.0034 0.0027 0.0020 0.0014 0.0008 0.0002 -0.0005 -0.0012 -0.0020 -0.0031 -0.0043 -0.0057 -0.0075 -0.0095 -0.0120 -0.0148 -0.0183 -0.0223 -0.0271 -0.0327 -0.0394 -0.0473 -0.0565 -0.0670 -0.0786 -0.0911 -0.1042 -0.1170 -0.1294 -0.1410 -0.1517 -0.1614 -0.1701 -0.1782 -0.1855 -0.1995 -0.2502
-0.2392 -0.1825 -0.1668 -0.1586 -0.1497 -0.1404 -0.1305 -0.1199 -0.1090 -0.0980 -0.0869 -0.0760 -0.0659 -0.0565 -0.0481 -0.0407 -0.0342 -0.0286 -0.0239 -0.0197 -0.0162 -0.0132 -0.0106 -0.0085 -0.0066 -0.0050 -0.0037 -0.0026 -0.0016 -0.0008 -0.0002 0.0004 0.0010 0.0017 0.0023 0.0030 0.0037 0.0044 0.0052 0.0060 0.0068 0.0076 0.0085 0.0094 0.0104 0.0113 0.0123 0.0134 0.0144 0.0156 0.0165 0.0156 0.0144 0.0134 0.0123 0.0113 0.0104 0.0094 0.0085 0.0076 0.0068 0.0060 0.0052 0.0044 0.0037 0.0030 0.0023 0.0017 0.0010 0.0004 -0.0002 -0.0008 -0.0016 -0.0026 -0.0037 -0.0050 -0.0066 -0.0085 -0.0106 -0.0132 -0.0162 -0.0197 -0.0239 -0.0286 -0.0342 -0.0407 -0.0481 -0.0565 -0.0659 -0.0760 -0.0869 -0.0980 -0.1090 -0.1199 -0.1305 -0.1404 -0.1497 -0.1586 -0.1668 -0.1825 -0.2392
-0.2271 -0.1632 -0.1460 -0.1371 -0.1279 -0.1186 -0.1089 -0.0994 -0.0898 -0.0805 -0.0713 -0.0628 -0.0547 -0.0473 -0.0407 -0.0348 -0.0295 -0.0249 -0.0208 -0.0173 -0.0143 -0.0116 -0.0094 -0.0074 -0.0058 -0.0043 -0.0031 -0.0021 -0.0013 -0.0006 0.0001 0.0007 0.0013 0.0019 0.0026 0.0033 0.0040 0.0048 0.0055 0.0063 0.0071 0.0080 0.0089 0.0098 0.0108 0.0117 0.0128 0.0138 0.0149 0.0161 0.0170 0.0161 0.0149 0.0138 0.0128 0.0117 0.0108 0.0098 0.0089 0.0080 0.0071 0.0063 0.0055 0.0048 0.0040 0.0033 0.0026 0.0019 0.0013 0.0007 0.0001 -0.0006 -0.0013 -0.0021 -0.0031 -0.0043 -0.0058 -0.0074 -0.0094 -0.0116 -0.0143 -0.0173 -0.0208 -0.0249 -0.0295 -0.0348 -0.0407 -0.0473 -0.0547 -0.0628 -0.0713 -0.0805 -0.0898 -0.0994 -0.1089 -0.1186 -0.1279 -0.1371 -0.1460 -0.1632 -0.2271
-0.2135 -0.1419 -0.1240 -0.1150 -0.1061 -0.0974 -0.0890 -0.0807 -0.0729 -0.0653 -0.0582 -0.0514 -0.0452 -0.0394 -0.0342 -0.0295 -0.0252 -0.0214 -0.0180 -0.0150 -0.0124 -0.0101 -0.0082 -0.0064 -0.0050 -0.0037 -0.0026 -0.0017 -0.0009 -0.0003 0.0003 0.0009 0.0016 0.0022 0.0029 0.0036 0.0043 0.0051 0.0059 0.0067 0.0075 0.0084 0.0093 0.0102 0.0112 0.0122 0.0132 0.0143 0.0154 0.0166 0.0175 0.0166 0.0154 0.0143 0.0132 0.0122 0.0112 0.0102 0.0093 0.0084 0.0075 0.0067 0.0059 0.0051 0.0043 0.0036 0.0029 0.0022 0.0016 0.0009 0.0003 -0.0003 -0.0009 -0.0017 -0.0026 -0.0037 -0.0050 -0.0064 -0.0082 -0.0101 -0.0124 -0.0150 -0.0180 -0.0214 -0.0252 -0.0295 -0.0342 -0.0394 -0.0452 -0.0514 -0.0582 -0.0653 -0.0729 -0.0807 -0.0890 -0.0974 -0.1061 -0.1150 -0.1240 -0.1419 -0.2135
-0.1981 -0.1196 -0.1023 -0.0940 -0.0860 -0.0785 -0.0715 -0.0649 -0.0587 -0.0527 -0.0472 -0.0421 -0.0372 -0.0327 -0.0286 -0.0249 -0.0214 -0.0183 -0.0154 -0.0129 -0.0107 -0.0087 -0.0070 -0.0055 -0.0042 -0.0031 -0.0021 -0.0013 -0.0006 0.0000 0.0006 0.0012 0.0018 0.0025 0.0032 0.0039 0.0046 0.0054 0.0062 0.0070 0.0079 0.0087 0.0096 0.0106 0.0116 0.0126 0.0136 0.0147 0.0158 0.0171 0.0180 0.0171 0.0158 0.0147 0.0136 0.0126 0.0116 0.0106 0.0096 0.0087 0.0079 0.0070 0.0062 0.0054 0.0046 0.0039 0.0032 0.0025 0.0018 0.0012 0.0006 0.0000 -0.0006 -0.0013 -0.0021 -0.0031 -0.0042 -0.0055 -0.0070 -0.0087 -0.0107 -0.0129 -0.0154 -0.0183 -0.0214 -0.0249 -0.0286 -0.0327 -0.0372 -0.0421 -0.0472 -0.0527 -0.0587 -0.0649 -0.0715 -0.0785 -0.0860 -0.0940 -0.1023 -0.1196 -0.1981
-0.1805 -0.0980 -0.0828 -0.0756 -0.0689 -0.0628 -0.0572 -0.0520 -0.0471 -0.0426 -0.0383 -0.0344 -0.0306 -0.0271 -0.0239 -0.0208 -0.0180 -0.0154 -0.0131 -0.0110 -0.0091 -0.0074 -0.0059 -0.0046 -0.0035 -0.0025 -0.0016 -0.0009 -0.0003 0.0003 0.0009 0.0015 0.0021 0.0028 0.0035 0.0042 0.0049 0.0057 0.0065 0.0074 0.0082 0.0091 0.0100 0.0110 0.0120 0.0130 0.0141 0.0152 0.0163 0.0175 0.0185 0.0175 0.0163 0.0152 0.0141 0.0130 0.0120 0.0110 0.0100 0.0091 0.0082 0.0074 0.0065 0.0057 0.0049 0.0042 0.0035 0.0028 0.0021 0.0015 0.0009 0.0003 -0.0003 -0.0009 -0.0016 -0.0025 -0.0035 -0.0046 -0.0059 -0.0074 -0.0091 -0.0110 -0.0131 -0.0154 -0.0180 -0.0208 -0.0239 -0.0271 -0.0306 -0.0344 -0.0383 -0.0426 -0.0471 -0.0520 -0.0572 -0.0628 -0.0689 -0.0756 -0.0828 -0.0980 -0.1805
-0.1604 -0.0788 -0.0662 -0.0604 -0.0550 -0.0501 -0.0457 -0.0416 -0.0379 -0.0344 -0.0311 -0.0280 -0.0251 -0.0223 -0.0197 -0.0173 -0.0150 -0.0129 -0.0110 -0.0093 -0.0077 -0.0062 -0.0049 -0.0038 -0.0028 -0.0019 -0.0012 -0.0005 0.0000 0.0006 0.0012 0.0018 0.0024 0.0031 0.0038 0.0045 0.0053 0.0061 0.0069 0.0077 0.0086 0.0095 0.0104 0.0114 0.0124 0.0134 0.0145 0.0156 0.0168 0.0181 0.0190 0.0181 0.0168 0.0156 0.0145 0.0134 0.0124 0.0114 0.0104 0.0095 0.0086 0.0077 0.0069 0.0061 0.0053 0.0045 0.0038 0.0031 0.0024 0.0018 0.0012 0.0006 0.0000 -0.0005 -0.0012 -0.0019 -0.0028 -0.0038 -0.0049 -0.0062 -0.0077 -0.0093 -0.0110 -0.0129 -0.0150 -0.0173 -0.0197 -0.0223 -0.0251 -0.0280 -0.0311 -0.0344 -0.0379 -0.0416 -0.0457 -0.0501 -0.0550 -0.0604 -0.0662 -0.0788 -0.1604
-0.1381 -0.0629 -0.0529 -0.0483 -0.0440 -0.0401 -0.0366 -0.0334 -0.0305 -0.0278 -0.0252 -0.0227 -0.0204 -0.0183 -0.0162 -0.0143 -0.0124 -0.0107 -0.0091 -0.0077 -0.0063 -0.0051 -0.0040 -0.0030 -0.0022 -0.0014 -0.0008 -0.0002 0.0004 0.0009 0.0015 0.0021 0.0028 0.0034 0.0041 0.0049 0.0056 0.0064 0.0072 0.0081 0.0090 0.0099 0.0108 0.0118 0.0128 0.0139 0.0150 0.0161 0.0173 0.0186 0.0195 0.0186 0.0173 0.0161 0.0150 0.0139 0.0128 0.0118 0.0108 0.0099 0.0090 0.0081 0.0072 0.0064 0.0056 0.0049 0.0041 0.0034 0.0028 0.0021 0.0015 0.0009 0.0004 -0.0002 -0.0008 -0.0014 -0.0022 -0.0030 -0.0040 -0.0051 -0.0063 -0.0077 -0.0091 -0.0107 -0.0124 -0.0143 -0.0162 -0.0183 -0.0204 -0.0227 -0.0252 -0.0278 -0.0305 -0.0334 -0.0366 -0.0401 -0.0440 -0.0483 -0.0529 -0.0629 -0.1381
-0.1151 -0.0501 -0.0423 -0.0387 -0.0353 -0.0322 -0.0294 -0.0269 -0.0246 -0.0224 -0.0203 -0.0184 -0.0166 -0.0148 -0.0132 -0.0116 -0.0101 -0.0087 -0.0074 -0.0062 -0.0051 -0.0041 -0.0032 -0.0023 -0.0016 -0.0009 -0.0004 0.0002 0.0007 0.0013 0.0018 0.0025 0.0031 0.0038 0.0045 0.0052 0.0060 0.0068 0.0076 0.0084 0.0093 0.0103 0.0112 0.0122 0.0133 0.0143 0.0155 0.0166 0.0178 0.0191 0.0201 0.0191 0.0178 0.0166 0.0155 0.0143 0.0133 0.0122 0.0112 0.0103 0.0093 0.0084 0.0076 0.0068 0.0060 0.0052 0.0045 0.0038 0.0031 0.0025 0.0018 0.0013 0.0007 0.0002 -0.0004 -0.0009 -0.0016 -0.0023 -0.0032 -0.0041 -0.0051 -0.0062 -0.0074 -0.0087 -0.0101 -0.0116 -0.0132 -0.0148 -0.0166 -0.0184 -0.0203 -0.0224 -0.0246 -0.0269 -0.0294 -0.0322 -0.0353 -0.0387 -0.0423 -0.0501 -0.1151
-0.0932 -0.0400 -0.0340 -0.0310 -0.0284 -0.0259 -0.0237 -0.0216 -0.0197 -0.0180 -0.0164 -0.0148 -0.0134 -0.0120 -0.0106 -0.0094 -0.0082 -0.0070 -0.0059 -0.0049 -0.0040 -0.0032 -0.0024 -0.0017 -0.0010 -0.0005 0.0000 0.0005 0.0010 0.0016 0.0022 0.0028 0.0034 0.0041 0.0048 0.0056 0.0063 0.0071 0.0080 0.0088 0.0097 0.0107 0.0116 0.0127 0.0137 0.0148 0.0159 0.0171 0.0183 0.0196 0.0206 0.0196 0.0183 0.0171 0.0159 0.0148 0.0137 0.0127 0.0116 0.0107 0.0097 0.0088 0.0080 0.0071 0.0063 0.0056 0.0048 0.0041 0.0034 0.0028 0.0022 0.0016 0.0010 0.0005 0.0000 -0.0005 -0.0010 -0.0017 -0.0024 -0.0032 -0.0040 -0.0049 -0.0059 -0.0070 -0.0082 -0.0094 -0.0106 -0.0120 -0.0134 -0.0148 -0.0164 -0.0180 -0.0197 -0.0216 -0.0237 -0.0259 -0.0284 -0.0310 -0.0340 -0.0400 -0.0932
-0.0741 -0.0320 -0.0273 -0.0250 -0.0228 -0.0208 -0.0190 -0.0174 -0.0158 -0.0144 -0.0131 -0.0119 -0.0107 -0.0095 -0.0085 -0.0074 -0.0064 -0.0055 -0.0046 -0.0038 -0.0030 -0.0023 -0.0017 -0.0011 -0.0005 -0.0001 0.0004 0.0009 0.0014 0.0020 0.0026 0.0032 0.0038 0.0045 0.0052 0.0060 0.0067 0.0075 0.0084 0.0092 0.0101 0.0111 0.0121 0.0131 0.0142 0.0153 0.0164 0.0176 0.0188 0.0201 0.0211 0.0201 0.0188 0.0176 0.0164 0.0153 0.0142 0.0131 0.0121 0.0111 0.0101 0.0092 0.0084 0.0075 0.0067 0.0060 0.0052 0.0045 0.0038 0.0032 0.0026 0.0020 0.0014 0.0009 0.0004 -0.0001 -0.0005 -0.0011 -0.0017 -0.0023 -0.0030 -0.0038 -0.0046 -0.0055 -0.0064 -0.0074 -0.0085 -0.0095 -0.0107 -0.0119 -0.0131 -0.0144 -0.0158 -0.0174 -0.0190 -0.0208 -0.0228 -0.0250 -0.0273 -0.0320 -0.0741
-0.0585 -0.0256 -0.0220 -0.0201 -0.0183 -0.0167 -0.0152 -0.0139 -0.0126 -0.0114 -0.0104 -0.0094 -0.0084 -0.0075 -0.0066 -0.0058 -0.0050 -0.0042 -0.0035 -0.0028 -0.0022 -0.0016 -0.0010 -0.0005 -0.0001 0.0004 0.0008 0.0013 0.0018 0.0024 0.0030 0.0036 0.0042 0.0049 0.0056 0.0064 0.0071 0.0079 0.0088 0.0097 0.0106 0.0115 0.0125 0.0135 0.0146 0.0157 0.0169 0.0181 0.0193 0.0207 0.0217 0.0207 0.0193 0.0181 0.0169 0.0157 0.0146 0.0135 0.0125 0.0115 0.0106 0.0097 0.0088 0.0079 0.0071 0.0064 0.0056 0.0049 0.0042 0.0036 0.0030 0.0024 0.0018 0.0013 0.0008 0.0004 -0.0001 -0.0005 -0.0010 -0.0016 -0.0022 -0.0028 -0.0035 -0.0042 -0.0050 -0.0058 -0.0066 -0.0075 -0.0084 -0.0094 -0.0104 -0.0114 -0.0126 -0.0139 -0.0152 -0.0167 -0.0183 -0.0201 -0.0220 -0.0256 -0.0585
-0.0462 -0.0205 -0.0176 -0.0161 -0.0147 -0.0133 -0.0121 -0.0110 -0.0099 -0.0090 -0.0081 -0.0073 -0.0065 -0.0057 -0.0050 -0.0043 -0.0037 -0.0031 -0.0025 -0.0019 -0.0014 -0.0009 -0.0005 -0.0001 0.0004 0.0008 0.0013 0.0018 0.0023 0.0028 0.0034 0.0040 0.0046 0.0053 0.0060 0.0068 0.0076 0.0084 0.0092 0.0101 0.0110 0.0120 0.0130 0.0140 0.0151 0.0162 0.0174 0.0186 0.0199 0.0212 0.0223 0.0212 0.0199 0.0186 0.0174 0.0162 0.0151 0.0140 0.0130 0.0120 0.0110 0.0101 0.0092 0.0084 0.0076 0.0068 0.0060 0.0053 0.0046 0.0040 0.0034 0.0028 0.0023 0.0018 0.0013 0.0008 0.0004 -0.0001 -0.0005 -0.0009 -0.0014 -0.0019 -0.0025 -0.0031 -0.0037 -0.0043 -0.0050 -0.0057 -0.0065 -0.0073 -0.0081 -0.0090 -0.0099 -0.0110 -0.0121 -0.0133 -0.0147 -0.0161 -0.0176 -0.0205 -0.0462
-0.0366 -0.0164 -0.0141 -0.0128 -0.0116 -0.0106 -0.0095 -0.0086 -0.0078 -0.0070 -0.0062 -0.0055 -0.0049 -0.0043 -0.0037 -0.0031 -0.0026 -0.0021 -0.0016 -0.0012 -0.0008 -0.0004 0.0000 0.0004 0.0008 0.0013 0.0017 0.0022 0.0027 0.0033 0.0039 0.0045 0.0051 0.0058 0.0065 0.0072 0.0080 0.0088 0.0097 0.0106 0.0115 0.0125 0.0135 0.0145 0.0156 0.0167 0.0179 0.0191 0.0204 0.0218 0.0228 0.0218 0.0204 0.0191 0.0179 0.0167 0.0156 0.0145 0.0135 0.0125 0.0115 0.0106 0.0097 0.0088 0.0080 0.0072 0.0065 0.0058 0.0051 0.0045 0.0039 0.0033 0.0027 0.0022 0.0017 0.0013 0.0008 0.0004 0.0000 -0.0004 -0.0008 -0.0012 -0.0016 -0.0021 -0.0026 -0.0031 -0.0037 -0.0043 -0.0049 -0.0055 -0.0062 -0.0070 -0.0078 -0.0086 -0.0095 -0.0106 -0.0116 -0.0128 -0.0141 -0.0164 -0.0366
-0.0290 -0.0130 -0.0112 -0.0101 -0.0092 -0.0083 -0.0074 -0.0066 -0.0059 -0.0053 -0.0046 -0.0041 -0.0035 -0.0031 -0.0026 -0.0021 -0.0017 -0.0013 -0.0009 -0.0005 -0.0002 0.0002 0.0005 0.0009 0.0013 0.0018 0.0022 0.0027 0.0032 0.0038 0.0044 0.0050 0.0056 0.0062 0.0069 0.0077 0.0085 0.0093 0.0101 0.0110 0.0120 0.0130 0.0140 0.0150 0.0161 0.0173 0.0184 0.0197 0.0209 0.0224 0.0234 0.0224 0.0209 0.0197 0.0184 0.0173 0.0161 0.0150 0.0140 0.0130 0.0120 0.0110 0.0101 0.0093 0.0085 0.0077 0.0069 0.0062 0.0056 0.0050 0.0044 0.0038 0.0032 0.0027 0.0022 0.0018 0.0013 0.0009 0.0005 0.0002 -0.0002 -0.0005 -0.0009 -0.0013 -0.0017 -0.0021 -0.0026 -0.0031 -0.0035 -0.0041 -0.0046 -0.0053 -0.0059 -0.0066 -0.0074 -0.0083 -0.0092 -0.0101 -0.0112 -0.0130 -0.0290
-0.0230 -0.0103 -0.0088 -0.0079 -0.0071 -0.0063 -0.0056 -0.0050 -0.0044 -0.0039 -0.0033 -0.0029 -0.0024 -0.0020 -0.0016 -0.0013 -0.0009 -0.0006 -0.0003 0.0000 0.0004 0.0007 0.0010 0.0014 0.0018 0.0023 0.0027 0.0032 0.0037 0.0043 0.0049 0.0055 0.0061 0.0067 0.0075 0.0082 0.0090 0.0098 0.0106 0.0115 0.0125 0.0134 0.0145 0.0156 0.0167 0.0178 0.0190 0.0202 0.0215 0.0230 0.0240 0.0230 0.0215 0.0202 0.0190 0.0178 0.0167 0.0156 0.0145 0.0134 0.0125 0.0115 0.0106 0.0098 0.0090 0.0082 0.0075 0.0067 0.0061 0.0055 0.0049 0.0043 0.0037 0.0032 0.0027 0.0023 0.0018 0.0014 0.0010 0.0007 0.0004 0.0000 -0.0003 -0.0006 -0.0009 -0.0013 -0.0016 -0.0020 -0.0024 -0.0029 -0.0033 -0.0039 -0.0044 -0.0050 -0.0056 -0.0063 -0.0071 -0.0079 -0.0088 -0.0103 -0.0230
-0.0182 -0.0080 -0.0068 -0.0061 -0.0054 -0.0048 -0.0042 -0.0036 -0.0031 -0.0027 -0.0023 -0.0019 -0.0015 -0.0012 -0.0008 -0.0006 -0.0003 0.0000 0.0003 0.0006 0.0009 0.0013 0.0016 0.0020 0.0024 0.0028 0.0033 0.0038 0.0043 0.0048 0.0054 0.0060 0.0066 0.0073 0.0080 0.0087 0.0095 0.0103 0.0111 0.0120 0.0130 0.0140 0.0150 0.0161 0.0172 0.0184 0.0196 0.0209 0.0222 0.0236 0.0246 0.0236 0.0222 0.0209 0.0196 0.0184 0.0172 0.0161 0.0150 0.0140 0.0130 0.0120 0.0111 0.0103 0.0095 0.0087 0.0080 0.0073 0.0066 0.0060 0.0054 0.0048 0.0043 0.0038 0.0033 0.0028 0.0024 0.0020 0.0016 0.0013 0.0009 0.0006 0.0003 0.0000 -0.0003 -0.0006 -0.0008 -0.0012 -0.0015 -0.0019 -0.0023 -0.0027 -0.0031 -0.0036 -0.0042 -0.0048 -0.0054 -0.0061 -0.0068 -0.0080 -0.0182
-0.0143 -0.0061 -0.0051 -0.0045 -0.0040 -0.0034 -0.0030 -0.0025 -0.0021 -0.0017 -0.0014 -0.0010 -0.0007 -0.0005 -0.0002 0.0001 0.0003 0.0006 0.0009 0.0012 0.0015 0.0018 0.0022 0.0026 0.0030 0.0034 0.0039 0.0044 0.0049 0.0054 0.0060 0.0066 0.0072 0.0078 0.0085 0.0093 0.0100 0.0108 0.0117 0.0126 0.0135 0.0145 0.0156 0.0167 0.0178 0.0190 0.0202 0.0215 0.0228 0.0242 0.0253 0.0242 0.0228 0.0215 0.0202 0.0190 0.0178 0.0167 0.0156 0.0145 0.0135 0.0126 0.0117 0.0108 0.0100 0.0093 0.0085 0.0078 0.0072 0.0066 0.0060 0.0054 0.0049 0.0044 0.0039 0.0034 0.0030 0.0026 0.0022 0.0018 0.0015 0.0012 0.0009 0.0006 0.0003 0.0001 -0.0002 -0.0005 -0.0007 -0.0010 -0.0014 -0.0017 -0.0021 -0.0025 -0.0030 -0.0034 -0.0040 -0.0045 -0.0051 -0.0061 -0.0143
-0.0111 -0.0045 -0.0037 -0.0032 -0.0028 -0.0023 -0.0019 -0.0016 -0.0012 -0.0009 -0.0006 -0.0003 -0.0001 0.0002 0.0004 0.0007 0.0009 0.0012 0.0015 0.0018 0.0021 0.0025 0.0028 0.0032 0.0036 0.0040 0.0045 0.0050 0.0055 0.0060 0.0066 0.0072 0.0078 0.0084 0.0091 0.0099 0.0106 0.0114 0.0123 0.0132 0.0141 0.0151 0.0162 0.0173 0.0184 0.0196 0.0208 0.0221 0.0235 0.0249 0.0260 0.0249 0.0235 0.0221 0.0208 0.0196 0.0184 0.0173 0.0162 0.0151 0.0141 0.0132 0.0123 0.0114 0.0106 0.0099 0.0091 0.0084 0.0078 0.0072 0.0066 0.0060 0.0055 0.0050 0.0045 0.0040 0.0036 0.0032 0.0028 0.0025 0.0021 0.0018 0.0015 0.0012 0.0009 0.0007 0.0004 0.0002 -0.0001 -0.0003 -0.0006 -0.0009 -0.0012 -0.0016 -0.0019 -0.0023 -0.0028 -0.0032 -0.0037 -0.0045 -0.0111
-0.0085 -0.0032 -0.0026 -0.0022 -0.0018 -0.0014 -0.0011 -0.0008 -0.0005 -0.0002 0.0000 0.0003 0.0005 0.0008 0.0010 0.0013 0.0016 0.0018 0.0021 0.0024 0.0028 0.0031 0.0034 0.0038 0.0042 0.0046 0.0051 0.0056 0.0061 0.0066 0.0072 0.0078 0.0084 0.0091 0.0098 0.0105 0.0113 0.0121 0.0129 0.0138 0.0148 0.0158 0.0168 0.0179 0.0190 0.0202 0.0215 0.0228 0.0241 0.0256 0.0267 0.0256 0.0241 0.0228 0.0215 0.0202 0.0190 0.0179 0.0168 0.0158 0.0148 0.0138 0.0129 0.0121 0.0113 0.0105 0.0098 0.0091 0.0084 0.0078 0.0072 0.0066 0.0061 0.0056 0.0051 0.0046 0.0042 0.0038 0.0034 0.0031 0.0028 0.0024 0.0021 0.0018 0.0016 0.0013 0.0010 0.0008 0.0005 0.0003 0.0000 -0.0002 -0.0005 -0.0008 -0.0011 -0.0014 -0.0018 -0.0022 -0.0026 -0.0032 -0.0085
-0.0064 -0.0021 -0.0016 -0.0013 -0.0010 -0.0007 -0.0004 -0.0001 0.0001 0.0004 0.0006 0.0009 0.0011 0.0014 0.0017 0.0019 0.0022 0.0025 0.0028 0.0031 0.0034 0.0038 0.0041 0.0045 0.0049 0.0053 0.0058 0.0062 0.0067 0.0073 0.0078 0.0084 0.0091 0.0097 0.0104 0.0111 0.0119 0.0127 0.0136 0.0145 0.0154 0.0164 0.0174 0.0185 0.0197 0.0209 0.0221 0.0234 0.0248 0.0263 0.0274 0.0263 0.0248 0.0234 0.0221 0.0209 0.0197 0.0185 0.0174 0.0164 0.0154 0.0145 0.0136 0.0127 0.0119 0.0111 0.0104 0.0097 0.0091 0.0084 0.0078 0.0073 0.0067 0.0062 0.0058 0.0053 0.0049 0.0045 0.0041 0.0038 0.0034 0.0031 0.0028 0.0025 0.0022 0.0019 0.0017 0.0014 0.0011 0.0009 0.0006 0.0004 0.0001 -0.0001 -0.0004 -0.0007 -0.0010 -0.0013 -0.0016 -0.0021 -0.0064
-0.0046 -0.0012 -0.0008 -0.0005 -0.0003 -0.0000 0.0002 0.0005 0.0007 0.0010 0.0012 0.0015 0.0018 0.0020 0.0023 0.0026 0.0029 0.0032 0.0035 0.0038 0.0041 0.0045 0.0048 0.0052 0.0056 0.0060 0.0065 0.0069 0.0075 0.0080 0.0085 0.0091 0.0098 0.0104 0.0111 0.0118 0.0126 0.0134 0.0143 0.0152 0.0161 0.0171 0.0181 0.0192 0.0203 0.0215 0.0228 0.0241 0.0255 0.0270 0.0282 0.0270 0.0255 0.0241 0.0228 0.0215 0.0203 0.0192 0.0181 0.0171 0.0161 0.0152 0.0143 0.0134 0.0126 0.0118 0.0111 0.0104 0.0098 0.0091 0.0085 0.0080 0.0075 0.0069 0.0065 0.0060 0.0056 0.0052 0.0048 0.0045 0.0041 0.0038 0.0035 0.0032 0.0029 0.0026 0.0023 0.0020 0.0018 0.0015 0.0012 0.0010 0.0007 0.0005 0.0002 -0.0000 -0.0003 -0.0005 -0.0008 -0.0012 -0.0046
-0.0032 -0.0004 -0.0002 0.0001 0.0003 0.0006 0.0008 0.0011 0.0013 0.0016 0.0019 0.0022 0.0024 0.0027 0.0030 0.0033 0.0036 0.0039 0.0042 0.0045 0.0049 0.0052 0.0056 0.0060 0.0064 0.0068 0.0072 0.0077 0.0082 0.0087 0.0093 0.0099 0.0105 0.0111 0.0118 0.0126 0.0133 0.0141 0.0150 0.0159 0.0168 0.0178 0.0189 0.0199 0.0211 0.0223 0.0235 0.0248 0.0262 0.0278 0.0289 0.0278 0.0262 0.0248 0.0235 0.0223 0.0211 0.0199 0.0189 0.0178 0.0168 0.0159 0.0150 0.0141 0.0133 0.0126 0.0118 0.0111 0.0105 0.0099 0.0093 0.0087 0.0082 0.0077 0.0072 0.0068 0.0064 0.0060 0.0056 0.0052 0.0049 0.0045 0.0042 0.0039 0.0036 0.0033 0.0030 0.0027 0.0024 0.0022 0.0019 0.0016 0.0013 0.0011 0.0008 0.0006 0.0003 0.0001 -0.0002 -0.0004 -0.0032
-0.0020 0.0002 0.0004 0.0007 0.0009 0.0012 0.0015 0.0017 0.0020 0.0023 0.0026 0.0028 0.0031 0.0034 0.0037 0.0040 0.0043 0.0046 0.0049 0.0053 0.0056 0.0060 0.0063 0.0067 0.0071 0.0076 0.0080 0.0085 0.0090 0.0095 0.0100 0.0106 0.0113 0.0119 0.0126 0.0133 0.0141 0.0149 0.0158 0.0167 0.0176 0.0186 0.0196 0.0207 0.0218 0.0230 0.0243 0.0256 0.0270 0.0286 0.0297 0.0286 0.0270 0.0256 0.0243 0.0230 0.0218 0.0207 0.0196 0.0186 0.0176 0.0167 0.0158 0.0149 0.0141 0.0133 0.0126 0.0119 0.0113 0.0106 0.0100 0.0095 0.0090 0.0085 0.0080 0.0076 0.0071 0.0067 0.0063 0.0060 0.0056 0.0053 0.0049 0.0046 0.0043 0.0040 0.0037 0.0034 0.0031 0.0028 0.0026 0.0023 0.0020 0.0017 0.0015 0.0012 0.0009 0.0007 0.0004 0.0002 -0.0020
-0.0011 0.0008 0.0010 0.0013 0.0016 0.0018 0.0021 0.0024 0.0027 0.0030 0.0032 0.0035 0.0038 0.0041 0.0044 0.0048 0.0051 0.0054 0.0057 0.0061 0.0064 0.0068 0.0071 0.0075 0.0079 0.0084 0.0088 0.0093 0.0098 0.0103 0.0108 0.0114 0.0121 0.0127 0.0134 0.0141 0.0149 0.0157 0.0166 0.0175 0.0184 0.0194 0.0204 0.0215 0.0227 0.0239 0.0251 0.0264 0.0278 0.0294 0.0305 0.0294 0.0278 0.0264 0.0251 0.0239 0.0227 0.0215 0.0204 0.0194 0.0184 0.0175 0.0166 0.0157 0.0149 0.0141 0.0134 0.0127 0.0121 0.0114 0.0108 0.0103 0.0098 0.0093 0.0088 0.0084 0.0079 0.0075 0.0071 0.0068 0.0064 0.0061 0.0057 0.0054 0.0051 0.0048 0.0044 0.0041 0.0038 0.0035 0.0032 0.0030 0.0027 0.0024 0.0021 0.0018 0.0016 0.0013 0.0010 0.0008 -0.0011
-0.0002 0.0014 0.0017 0.0019 0.0022 0.0025 0.0028 0.0031 0.0034 0.0037 0.0040 0.0043 0.0046 0.0049 0.0052 0.0055 0.0059 0.0062 0.0065 0.0069 0.0072 0.0076 0.0080 0.0084 0.0088 0.0092 0.0097 0.0101 0.0106 0.0111 0.0117 0.0123 0.0129 0.0136 0.0143 0.0150 0.0158 0.0166 0.0174 0.0183 0.0193 0.0202 0.0213 0.0224 0.0235 0.0247 0.0260 0.0273 0.0287 0.0303 0.0314 0.0303 0.0287 0.0273 0.0260 0.0247 0.0235 0.0224 0.0213 0.0202 0.0193 0.0183 0.0174 0.0166 0.0158 0.0150 0.0143 0.0136 0.0129 0.0123 0.0117 0.0111 0.0106 0.0101 0.0097 0.0092 0.0088 0.0084 0.0080 0.0076 0.0072 0.0069 0.0065 0.0062 0.0059 0.0055 0.0052 0.0049 0.0046 0.0043 0.0040 0.0037 0.0034 0.0031 0.0028 0.0025 0.0022 0.0019 0.0017 0.0014 -0.0002
0.0007 0.0021 0.0023 0.0026 0.0029 0.0032 0.0035 0.0038 0.0041 0.0044 0.0047 0.0050 0.0053 0.0057 0.0060 0.0063 0.0067 0.0070 0.0074 0.0077 0.0081 0.0084 0.0088 0.0092 0.0097 0.0101 0.0106 0.0110 0.0115 0.0120 0.0126 0.0132 0.0138 0.0145 0.0152 0.0159 0.0167 0.0175 0.0183 0.0192 0.0201 0.0211 0.0222 0.0233 0.0244 0.0256 0.0269 0.0282 0.0296 0.0312 0.0323 0.0312 0.0296 0.0282 0.0269 0.0256 0.0244 0.0233 0.0222 0.0211 0.0201 0.0192 0.0183 0.0175 0.0167 0.0159 0.0152 0.0145 0.0138 0.0132 0.0126 0.0120 0.0115 0.0110 0.0106 0.0101 0.0097 0.0092 0.0088 0.0084 0.0081 0.0077 0.0074 0.0070 0.0067 0.0063 0.0060 0.0057 0.0053 0.0050 0.0047 0.0044 0.0041 0.0038 0.0035 0.0032 0.0029 0.0026 0.0023 0.0021 0.0007
0.0016 0.0027 0.0030 0.0033 0.0036 0.0039 0.0042 0.0045 0.0048 0.0051 0.0055 0.0058 0.0061 0.0065 0.0068 0.0071 0.0075 0.0079 0.0082 0.0086 0.0090 0.0093 0.0097 0.0101 0.0106 0.0110 0.0115 0.0120 0.0125 0.0130 0.0135 0.0141 0.0148 0.0154 0.0161 0.0168 0.0176 0.0184 0.0193 0.0201 0.0211 0.0221 0.0231 0.0242 0.0254 0.0266 0.0279 0.0292 0.0306 0.0321 0.0333 0.0321 0.0306 0.0292 0.0279 0.0266 0.0254 0.0242 0.0231 0.0221 0.0211 0.0201 0.0193 0.0184 0.0176 0.0168 0.0161 0.0154 0.0148 0.0141 0.0135 0.0130 0.0125 0.0120 0.0115 0.0110 0.0106 0.0101 0.0097 0.0093 0.0090 0.0086 0.0082 0.0079 0.0075 0.0071 0.0068 0.0065 0.0061 0.0058 0.0055 0.0051 0.0048 0.0045 0.0042 0.0039 0.0036 0.0033 0.0030 0.0027 0.0016
0.0025 0.0034 0.0037 0.0040 0.0043 0.0046 0.0050 0.0053 0.0056 0.0059 0.0063 0.0066 0.0069 0.0073 0.0076 0.0080 0.0084 0.0087 0.0091 0.0095 0.0099 0.0103 0.0107 0.0111 0.0115 0.0120 0.0125 0.0130 0.0134 0.0140 0.0145 0.0151 0.0158 0.0164 0.0171 0.0178 0.0186 0.0194 0.0202 0.0211 0.0221 0.0231 0.0241 0.0252 0.0264 0.0276 0.0289 0.0302 0.0316 0.0332 0.0343 0.0332 0.0316 0.0302 0.0289 0.0276 0.0264 0.0252 0.0241 0.0231 0.0221 0.0211 0.0202 0.0194 0.0186 0.0178 0.0171 0.0164 0.0158 0.0151 0.0145 0.0140 0.0134 0.0130 0.0125 0.0120 0.0115 0.0111 0.0107 0.0103 0.0099 0.0095 0.0091 0.0087 0.0084 0.0080 0.0076 0.0073 0.0069 0.0066 0.0063 0.0059 0.0056 0.0053 0.0050 0.0046 0.0043 0.0040 0.0037 0.0034 0.0025
0.0035 0.0042 0.0045 0.0048 0.0051 0.0054 0.0057 0.0061 0.0064 0.0067 0.0071 0.0074 0.0078 0.0082 0.0085 0.0089 0.0093 0.0096 0.0100 0.0104 0.0108 0.0112 0.0116 0.0121 0.0125 0.0130 0.0135 0.0140 0.0145 0.0150 0.0156 0.0162 0.0168 0.0174 0.0181 0.0189 0.0196 0.0204 0.0213 0.0222 0.0231 0.0241 0.0252 0.0263 0.0274 0.0286 0.0299 0.0313 0.0327 0.0342 0.0354 0.0342 0.0327 0.0313 0.0299 0.0286 0.0274 0.0263 0.0252 0.0241 0.0231 0.0222 0.0213 0.0204 0.0196 0.0189 0.0181 0.0174 0.0168 0.0162 0.0156 0.0150 0.0145 0.0140 0.0135 0.0130 0.0125 0.0121 0.0116 0.0112 0.0108 0.0104 0.0100 0.0096 0.0093 0.0089 0.0085 0.0082 0.0078 0.0074 0.0071 0.0067 0.0064 0.0061 0.0057 0.0054 0.0051 0.0048 0.0045 0.0042 0.0035
0.0045 0.0049 0.0052 0.0055 0.0059 0.0062 0.0065 0.0069 0.0072 0.0076 0.0079 0.0083 0.0087 0.0090 0.0094 0.0098 0.0102 0.0106 0.0110 0.0114 0.0118 0.0122 0.0127 0.0131 0.0135 0.0140 0.0145 0.0150 0.0156 0.0161 0.0167 0.0173 0.0179 0.0185 0.0192 0.0199 0.0207 0.0215 0.0224 0.0233 0.0242 0.0252 0.0263 0.0274 0.0285 0.0297 0.0310 0.0324 0.0338 0.0354 0.0365 0.0354 0.0338 0.0324 0.0310 0.0297 0.0285 0.0274 0.0263 0.0252 0.0242 0.0233 0.0224 0.0215 0.0207 0.0199 0.0192 0.0185 0.0179 0.0173 0.0167 0.0161 0.0156 0.0150 0.0145 0.0140 0.0135 0.0131 0.0127 0.0122 0.0118 0.0114 0.0110 0.0106 0.0102 0.0098 0.0094 0.0090 0.0087 0.0083 0.0079 0.0076 0.0072 0.0069 0.0065 0.0062 0.0059 0.0055 0.0052 0.0049 0.0045
0.0055 0.0057 0.0060 0.0063 0.0067 0.0070 0.0074 0.0077 0.0081 0.0085 0.0088 0.0092 0.0096 0.0100 0.0104 0.0108 0.0112 0.0116 0.0120 0.0124 0.0128 0.0133 0.0137 0.0142 0.0146 0.0151 0.0156 0.0161 0.0167 0.0172 0.0178 0.0184 0.0190 0.0197 0.0203 0.0211 0.0218 0.0227 0.0235 0.0244 0.0254 0.0264 0.0274 0.0285 0.0297 0.0309 0.0322 0.0335 0.0349 0.0365 0.0377 0.0365 0.0349 0.0335 0.0322 0.0309 0.0297 0.0285 0.0274 0.0264 0.0254 0.0244 0.0235 0.0227 0.0218 0.0211 0.0203 0.0197 0.0190 0.0184 0.0178 0.0172 0.0167 0.0161 0.0156 0.0151 0.0146 0.0142 0.0137 0.0133 0.0128 0.0124 0.0120 0.0116 0.0112 0.0108 0.0104 0.0100 0.0096 0.0092 0.0088 0.0085 0.0081 0.0077 0.0074 0.0070 0.0067 0.0063 0.0060 0.0057 0.0055
0.0066 0.0065 0.0068 0.0072 0.0075 0.0079 0.0082 0.0086 0.0090 0.0094 0.0097 0.0101 0.0105 0.0109 0.0113 0.0117 0.0122 0.0126 0.0130 0.0134 0.0139 0.0143 0.0148 0.0153 0.0157 0.0162 0.0167 0.0173 0.0178 0.0184 0.0190 0.0196 0.0202 0.0209 0.0215 0.0223 0.0230 0.0239 0.0247 0.0256 0.0266 0.0276 0.0286 0.0297 0.0309 0.0321 0.0334 0.0347 0.0362 0.0378 0.0390 0.0378 0.0362 0.0347 0.0334 0.0321 0.0309 0.0297 0.0286 0.0276 0.0266 0.0256 0.0247 0.0239 0.0230 0.0223 0.0215 0.0209 0.0202 0.0196 0.0190 0.0184 0.0178 0.0173 0.0167 0.0162 0.0157 0.0153 0.0148 0.0143 0.0139 0.0134 0.0130 0.0126 0.0122 0.0117 0.0113 0.0109 0.0105 0.0101 0.0097 0.0094 0.0090 0.0086 0.0082 0.0079 0.0075 0.0072 0.0068 0.0065 0.0066
0.0078 0.0073 0.0077 0.0080 0.0084 0.0088 0.0091 0.0095 0.0099 0.0103 0.0107 0.0111 0.0115 0.0119 0.0123 0.0128 0.0132 0.0136 0.0141 0.0145 0.0150 0.0155 0.0159 0.0164 0.0169 0.0174 0.0179 0.0184 0.0190 0.0196 0.0202 0.0208 0.0215 0.0221 0.0228 0.0235 0.0243 0.0251 0.0260 0.0269 0.0279 0.0289 0.0299 0.0310 0.0322 0.0334 0.0347 0.0360 0.0375 0.0394 0.0423 0.0394 0.0375 0.0360 0.0347 0.0334 0.0322 0.0310 0.0299 0.0289 0.0279 0.0269 0.0260 0.0251 0.0243 0.0235 0.0228 0.0221 0.0215 0.0208 0.0202 0.0196 0.0190 0.0184 0.0179 0.0174 0.0169 0.0164 0.0159 0.0155 0.0150 0.0145 0.0141 0.0136 0.0132 0.0128 0.0123 0.0119 0.0115 0.0111 0.0107 0.0103 0.0099 0.0095 0.0091 0.0088 0.0084 0.0080 0.0077 0.0073 0.0078
0.0089 0.0082 0.0085 0.0089 0.0093 0.0097 0.0101 0.0104 0.0108 0.0112 0.0117 0.0121 0.0125 0.0129 0.0134 0.0138 0.0143 0.0147 0.0152 0.0156 0.0161 0.0166 0.0171 0.0176 0.0181 0.0186 0.0191 0.0197 0.0202 0.0209 0.0215 0.0221 0.0228 0.0234 0.0241 0.0248 0.0256 0.0264 0.0273 0.0282 0.0292 0.0302 0.0313 0.0324 0.0335 0.0347 0.0360 0.0374 0.0394 0.0496 0.0422 0.0496 0.0394 0.0374 0.0360 0.0347 0.0335 0.0324 0.0313 0.0302 0.0292 0.0282 0.0273 0.0264 0.0256 0.0248 0.0241 0.0234 0.0228 0.0221 0.0215 0.0209 0.0202 0.0197 0.0191 0.0186 0.0181 0.0176 0.0171 0.0166 0.0161 0.0156 0.0152 0.0147 0.0143 0.0138 0.0134 0.0129 0.0125 0.0121 0.0117 0.0112 0.0108 0.0104 0.0101 0.0097 0.0093 0.0089 0.0085 0.0082 0.0089
0.0102 0.0091 0.0094 0.0098 0.0102 0.0106 0.0110 0.0114 0.0118 0.0122 0.0127 0.0131 0.0135 0.0140 0.0144 0.0149 0.0154 0.0158 0.0163 0.0168 0.0173 0.0178 0.0183 0.0188 0.0193 0.0199 0.0204 0.0209 0.0215 0.0222 0.0228 0.0235 0.0241 0.0248 0.0255 0.0262 0.0270 0.0278 0.0287 0.0296 0.0306 0.0316 0.0327 0.0338 0.0349 0.0362 0.0375 0.0394 0.0568 0.0283 -0.0875 0.0283 0.0568 0.0394 0.0375 0.0362 0.0349 0.0338 0.0327 0.0316 0.0306 0.0296 0.0287 0.0278 0.0270 0.0262 0.0255 0.0248 0.0241 0.0235 0.0228 0.0222 0.0215 0.0209 0.0204 0.0199 0.0193 0.0188 0.0183 0.0178 0.0173 0.0168 0.0163 0.0158 0.0154 0.0149 0.0144 0.0140 0.0135 0.0131 0.0127 0.0122 0.0118 0.0114 0.0110 0.0106 0.0102 0.0098 0.0094 0.0091 0.0102
0.0115 0.0100 0.0104 0.0108 0.0112 0.0116 0.0120 0.0125 0.0129 0.0133 0.0138 0.0142 0.0147 0.0151 0.0156 0.0161 0.0166 0.0171 0.0175 0.0181 0.0186 0.0191 0.0196 0.0201 0.0207 0.0212 0.0218 0.0224 0.0230 0.0236 0.0242 0.0249 0.0256 0.0263 0.0270 0.0278 0.0286 0.0294 0.0303 0.0312 0.0321 0.0332 0.0342 0.0354 0.0365 0.0378 0.0394 0.0496 0.0283 -0.1525 -0.2336 -0.1525 0.0283 0.0496 0.0394 0.0378 0.0365 0.0354 0.0342 0.0332 0.0321 0.0312 0.0303 0.0294 0.0286 0.0278 0.0270 0.0263 0.0256 0.0249 0.0242 0.0236 0.0230 0.0224 0.0218 0.0212 0.0207 0.0201 0.0196 0.0191 0.0186 0.0181 0.0175 0.0171 0.0166 0.0161 0.0156 0.0151 0.0147 0.0142 0.0138 0.0133 0.0129 0.0125 0.0120 0.0116 0.0112 0.0108 0.0104 0.0100 0.0115
0.0126 0.0108 0.0112 0.0116 0.0120 0.0124 0.0128 0.0133 0.0137 0.0141 0.0146 0.0151 0.0155 0.0160 0.0165 0.0170 0.0175 0.0180 0.0185 0.0190 0.0195 0.0201 0.0206 0.0211 0.0217 0.0223 0.0228 0.0234 0.0240 0.0246 0.0253 0.0260 0.0267 0.0274 0.0282 0.0289 0.0297 0.0305 0.0314 0.0323 0.0333 0.0343 0.0354 0.0365 0.0377 0.0390 0.0423 0.0422 -0.0875 -0.2336 -0.2355 -0.2336 -0.0875 0.0422 0.0423 0.0390 0.0377 0.0365 0.0354 0.0343 0.0333 0.0323 0.0314 0.0305 0.0297 0.0289 0.0282 0.0274 0.0267 0.0260 0.0253 0.0246 0.0240 0.0234 0.0228 0.0223 0.0217 0.0211 0.0206 0.0201 0.0195 0.0190 0.0185 0.0180 0.0175 0.0170 0.0165 0.0160 0.0155 0.0151 0.0146 0.0141 0.0137 0.0133 0.0128 0.0124 0.0120 0.0116 0.0112 0.0108 0.0126
0.0115 0.0100 0.0104 0.0108 0.0112 0.0116 0.0120 0.0125 0.0129 0.0133 0.0138 0.0142 0.0147 0.0151 0.0156 0.0161 0.0166 0.0171 0.0175 0.0181 0.0186 0.0191 0.0196 0.0201 0.0207 0.0212 0.0218 0.0224 0.0230 0.0236 0.0242 0.0249 0.0256 0.0263 0.0270 0.0278 0.0286 0.0294 0.0303 0.0312 0.0321 0.0332 0.0342 0.0354 0.0365 0.0378 0.0394 0.0496 0.0283 -0.1525 -0.2336 -0.1525 0.0283 0.0496 0.0394 0.0378 0.0365 0.0354 0.0342 0.0332 0.0321 0.0312 0.0303 0.0294 0.0286 0.0278 0.0270 0.0263 0.0256 0.0249 0.0242 0.0236 0.0230 0.0224 0.0218 0.0212 0.0207 0.0201 0.0196 0.0191 0.0186 0.0181 0.0175 0.0171 0.0166 0.0161 0.0156 0.0151 0.0147 0.0142 0.0138 0.0133 0.0129 0.0125 0.0120 0.0116 0.0112 0.0108 0.0104 0.0100 0.0115
0.0102 0.0091 0.0094 0.0098 0.0102 0.0106 0.0110 0.0114 0.0118 0.0122 0.0127 0.0131 0.0135 0.0140 0.0144 0.0149 0.0154 0.0158 0.0163 0.0168 0.0173 0.0178 0.0183 0.0188 0.0193 0.0199 0.0204 0.0209 0.0215 0.0222 0.0228 0.0235 0.0241 0.0248 0.0255 0.0262 0.0270 0.0278 0.0287 0.0296 0.0306 0.0316 0.0327 0.0338 0.0349 0.0362 0.0375 0.0394 0.0568 0.0283 -0.0875 0.0283 0.0568 0.0394 0.0375 0.0362 0.0349 0.0338 0.0327 0.0316 0.0306 0.0296 0.0287 0.0278 0.0270 0.0262 0.0255 0.0248 0.0241 0.0235 0.0228 0.0222 0.0215 0.0209 0.0204 0.0199 0.0193 0.0188 0.0183 0.0178 0.0173 0.0168 0.0163 0.0158 0.0154 0.0149 0.0144 0.0140 0.0135 0.0131 0.0127 0.0122 0.0118 0.0114 0.0110 0.0106 0.0102 0.0098 0.0094 0.0091 0.0102
