0.1548 0.1792 0.1918 0.1984 0.2052 0.2123 0.2194 0.2267 0.2340 0.2414 0.2489 0.2564 0.2639 0.2714 0.2787 0.2859 0.2930 0.2998 0.3062 0.3121 0.3174 0.3218 0.3252 0.3277 0.3292 0.3299 0.3298 0.3292 0.3282 0.3267 0.3249 0.3228 0.3204 0.3179 0.3151 0.3121 0.3090 0.3058 0.3024 0.2989 0.2952 0.2914 0.2875 0.2834 0.2791 0.2747 0.2700 0.2652 0.2602 0.2547 0.2503 0.2547 0.2602 0.2652 0.2700 0.2747 0.2791 0.2834 0.2875 0.2914 0.2952 0.2989 0.3024 0.3058 0.3090 0.3121 0.3151 0.3179 0.3204 0.3228 0.3249 0.3267 0.3282 0.3292 0.3298 0.3299 0.3292 0.3277 0.3252 0.3218 0.3174 0.3121 0.3062 0.2998 0.2930 0.2859 0.2787 0.2714 0.2639 0.2564 0.2489 0.2414 0.2340 0.2267 0.2194 0.2123 0.2052 0.1984 0.1918 0.1792 0.1548
0.1792 0.2116 0.2211 0.2277 0.2347 0.2419 0.2493 0.2567 0.2641 0.2715 0.2789 0.2861 0.2932 0.3000 0.3065 0.3125 0.3179 0.3226 0.3263 0.3290 0.3308 0.3318 0.3320 0.3317 0.3309 0.3296 0.3280 0.3261 0.3240 0.3216 0.3190 0.3163 0.3134 0.3103 0.3071 0.3037 0.3003 0.2967 0.2930 0.2892 0.2852 0.2811 0.2769 0.2725 0.2680 0.2633 0.2584 0.2534 0.2482 0.2426 0.2384 0.2426 0.2482 0.2534 0.2584 0.2633 0.2680 0.2725 0.2769 0.2811 0.2852 0.2892 0.2930 0.2967 0.3003 0.3037 0.3071 0.3103 0.3134 0.3163 0.3190 0.3216 0.3240 0.3261 0.3280 0.3296 0.3309 0.3317 0.3320 0.3318 0.3308 0.3290 0.3263 0.3226 0.3179 0.3125 0.3065 0.3000 0.2932 0.2861 0.2789 0.2715 0.2641 0.2567 0.2493 0.2419 0.2347 0.2277 0.2211 0.2116 0.1792
0.1918 0.2211 0.2297 0.2357 0.2423 0.2492 0.2563 0.2635 0.2708 0.2781 0.2853 0.2924 0.2993 0.3058 0.3119 0.3175 0.3222 0.3261 0.3291 0.3311 0.3323 0.3327 0.3326 0.3319 0.3308 0.3293 0.3275 0.3255 0.3232 0.3207 0.3180 0.3152 0.3122 0.3090 0.3058 0.3024 0.2989 0.2952 0.2915 0.2876 0.2836 0.2795 0.2752 0.2707 0.2661 0.2614 0.2565 0.2514 0.2461 0.2405 0.2362 0.2405 0.2461 0.2514 0.2565 0.2614 0.2661 0.2707 0.2752 0.2795 0.2836 0.2876 0.2915 0.2952 0.2989 0.3024 0.3058 0.3090 0.3122 0.3152 0.3180 0.3207 0.3232 0.3255 0.3275 0.3293 0.3308 0.3319 0.3326 0.3327 0.3323 0.3311 0.3291 0.3261 0.3222 0.3175 0.3119 0.3058 0.2993 0.2924 0.2853 0.2781 0.2708 0.2635 0.2563 0.2492 0.2423 0.2357 0.2297 0.2211 0.1918
0.1984 0.2277 0.2357 0.2410 0.2470 0.2535 0.2602 0.2672 0.2743 0.2814 0.2884 0.2953 0.3020 0.3084 0.3142 0.3195 0.3239 0.3275 0.3300 0.3317 0.3325 0.3327 0.3323 0.3315 0.3302 0.3286 0.3267 0.3245 0.3222 0.3196 0.3169 0.3139 0.3109 0.3077 0.3044 0.3009 0.2974 0.2937 0.2899 0.2860 0.2819 0.2777 0.2733 0.2688 0.2642 0.2594 0.2544 0.2492 0.2439 0.2382 0.2338 0.2382 0.2439 0.2492 0.2544 0.2594 0.2642 0.2688 0.2733 0.2777 0.2819 0.2860 0.2899 0.2937 0.2974 0.3009 0.3044 0.3077 0.3109 0.3139 0.3169 0.3196 0.3222 0.3245 0.3267 0.3286 0.3302 0.3315 0.3323 0.3327 0.3325 0.3317 0.3300 0.3275 0.3239 0.3195 0.3142 0.3084 0.3020 0.2953 0.2884 0.2814 0.2743 0.2672 0.2602 0.2535 0.2470 0.2410 0.2357 0.2277 0.1984
0.2052 0.2347 0.2423 0.2470 0.2524 0.2584 0.2647 0.2712 0.2780 0.2849 0.2916 0.2984 0.3048 0.3109 0.3165 0.3214 0.3255 0.3286 0.3308 0.3321 0.3327 0.3326 0.3320 0.3310 0.3296 0.3278 0.3258 0.3236 0.3211 0.3185 0.3157 0.3127 0.3096 0.3063 0.3030 0.2995 0.2959 0.2921 0.2883 0.2843 0.2802 0.2759 0.2715 0.2669 0.2622 0.2573 0.2523 0.2470 0.2416 0.2358 0.2314 0.2358 0.2416 0.2470 0.2523 0.2573 0.2622 0.2669 0.2715 0.2759 0.2802 0.2843 0.2883 0.2921 0.2959 0.2995 0.3030 0.3063 0.3096 0.3127 0.3157 0.3185 0.3211 0.3236 0.3258 0.3278 0.3296 0.3310 0.3320 0.3326 0.3327 0.3321 0.3308 0.3286 0.3255 0.3214 0.3165 0.3109 0.3048 0.2984 0.2916 0.2849 0.2780 0.2712 0.2647 0.2584 0.2524 0.2470 0.2423 0.2347 0.2052
0.2123 0.2419 0.2492 0.2535 0.2584 0.2637 0.2696 0.2757 0.2821 0.2886 0.2951 0.3015 0.3077 0.3135 0.3188 0.3233 0.3269 0.3297 0.3315 0.3324 0.3327 0.3324 0.3316 0.3304 0.3289 0.3270 0.3249 0.3226 0.3201 0.3173 0.3145 0.3114 0.3083 0.3050 0.3015 0.2980 0.2943 0.2906 0.2866 0.2826 0.2784 0.2741 0.2696 0.2650 0.2602 0.2552 0.2501 0.2448 0.2394 0.2334 0.2290 0.2334 0.2394 0.2448 0.2501 0.2552 0.2602 0.2650 0.2696 0.2741 0.2784 0.2826 0.2866 0.2906 0.2943 0.2980 0.3015 0.3050 0.3083 0.3114 0.3145 0.3173 0.3201 0.3226 0.3249 0.3270 0.3289 0.3304 0.3316 0.3324 0.3327 0.3324 0.3315 0.3297 0.3269 0.3233 0.3188 0.3135 0.3077 0.3015 0.2951 0.2886 0.2821 0.2757 0.2696 0.2637 0.2584 0.2535 0.2492 0.2419 0.2123
0.2194 0.2493 0.2563 0.2602 0.2647 0.2696 0.2749 0.2806 0.2865 0.2926 0.2988 0.3048 0.3106 0.3161 0.3209 0.3250 0.3282 0.3305 0.3320 0.3326 0.3327 0.3322 0.3312 0.3298 0.3282 0.3262 0.3240 0.3216 0.3189 0.3162 0.3132 0.3101 0.3069 0.3035 0.3001 0.2965 0.2928 0.2889 0.2850 0.2809 0.2766 0.2722 0.2677 0.2630 0.2582 0.2531 0.2479 0.2426 0.2370 0.2310 0.2265 0.2310 0.2370 0.2426 0.2479 0.2531 0.2582 0.2630 0.2677 0.2722 0.2766 0.2809 0.2850 0.2889 0.2928 0.2965 0.3001 0.3035 0.3069 0.3101 0.3132 0.3162 0.3189 0.3216 0.3240 0.3262 0.3282 0.3298 0.3312 0.3322 0.3327 0.3326 0.3320 0.3305 0.3282 0.3250 0.3209 0.3161 0.3106 0.3048 0.2988 0.2926 0.2865 0.2806 0.2749 0.2696 0.2647 0.2602 0.2563 0.2493 0.2194
0.2267 0.2567 0.2635 0.2672 0.2712 0.2757 0.2806 0.2858 0.2912 0.2969 0.3026 0.3083 0.3136 0.3186 0.3230 0.3266 0.3294 0.3313 0.3324 0.3327 0.3325 0.3318 0.3307 0.3292 0.3274 0.3253 0.3230 0.3205 0.3178 0.3150 0.3119 0.3088 0.3055 0.3021 0.2986 0.2950 0.2912 0.2873 0.2833 0.2791 0.2748 0.2704 0.2658 0.2610 0.2561 0.2510 0.2457 0.2403 0.2347 0.2286 0.2240 0.2286 0.2347 0.2403 0.2457 0.2510 0.2561 0.2610 0.2658 0.2704 0.2748 0.2791 0.2833 0.2873 0.2912 0.2950 0.2986 0.3021 0.3055 0.3088 0.3119 0.3150 0.3178 0.3205 0.3230 0.3253 0.3274 0.3292 0.3307 0.3318 0.3325 0.3327 0.3324 0.3313 0.3294 0.3266 0.3230 0.3186 0.3136 0.3083 0.3026 0.2969 0.2912 0.2858 0.2806 0.2757 0.2712 0.2672 0.2635 0.2567 0.2267
0.2340 0.2641 0.2708 0.2743 0.2780 0.2821 0.2865 0.2912 0.2962 0.3015 0.3067 0.3118 0.3167 0.3211 0.3250 0.3281 0.3304 0.3318 0.3326 0.3327 0.3323 0.3314 0.3301 0.3285 0.3265 0.3244 0.3220 0.3194 0.3166 0.3137 0.3107 0.3075 0.3041 0.3007 0.2971 0.2934 0.2896 0.2857 0.2816 0.2774 0.2730 0.2685 0.2638 0.2590 0.2540 0.2488 0.2435 0.2380 0.2323 0.2261 0.2214 0.2261 0.2323 0.2380 0.2435 0.2488 0.2540 0.2590 0.2638 0.2685 0.2730 0.2774 0.2816 0.2857 0.2896 0.2934 0.2971 0.3007 0.3041 0.3075 0.3107 0.3137 0.3166 0.3194 0.3220 0.3244 0.3265 0.3285 0.3301 0.3314 0.3323 0.3327 0.3326 0.3318 0.3304 0.3281 0.3250 0.3211 0.3167 0.3118 0.3067 0.3015 0.2962 0.2912 0.2865 0.2821 0.2780 0.2743 0.2708 0.2641 0.2340
0.2414 0.2715 0.2781 0.2814 0.2849 0.2886 0.2926 0.2969 0.3015 0.3061 0.3108 0.3154 0.3197 0.3236 0.3269 0.3294 0.3312 0.3323 0.3327 0.3326 0.3320 0.3309 0.3295 0.3277 0.3257 0.3234 0.3209 0.3183 0.3155 0.3125 0.3093 0.3061 0.3027 0.2992 0.2956 0.2919 0.2880 0.2840 0.2799 0.2756 0.2711 0.2666 0.2618 0.2569 0.2519 0.2466 0.2412 0.2356 0.2298 0.2236 0.2189 0.2236 0.2298 0.2356 0.2412 0.2466 0.2519 0.2569 0.2618 0.2666 0.2711 0.2756 0.2799 0.2840 0.2880 0.2919 0.2956 0.2992 0.3027 0.3061 0.3093 0.3125 0.3155 0.3183 0.3209 0.3234 0.3257 0.3277 0.3295 0.3309 0.3320 0.3326 0.3327 0.3323 0.3312 0.3294 0.3269 0.3236 0.3197 0.3154 0.3108 0.3061 0.3015 0.2969 0.2926 0.2886 0.2849 0.2814 0.2781 0.2715 0.2414
0.2489 0.2789 0.2853 0.2884 0.2916 0.2951 0.2988 0.3026 0.3067 0.3108 0.3150 0.3189 0.3226 0.3259 0.3285 0.3306 0.3319 0.3326 0.3327 0.3324 0.3315 0.3303 0.3287 0.3269 0.3248 0.3224 0.3199 0.3171 0.3142 0.3112 0.3080 0.3047 0.3013 0.2977 0.2941 0.2903 0.2863 0.2823 0.2781 0.2738 0.2693 0.2646 0.2598 0.2549 0.2497 0.2444 0.2389 0.2332 0.2274 0.2210 0.2162 0.2210 0.2274 0.2332 0.2389 0.2444 0.2497 0.2549 0.2598 0.2646 0.2693 0.2738 0.2781 0.2823 0.2863 0.2903 0.2941 0.2977 0.3013 0.3047 0.3080 0.3112 0.3142 0.3171 0.3199 0.3224 0.3248 0.3269 0.3287 0.3303 0.3315 0.3324 0.3327 0.3326 0.3319 0.3306 0.3285 0.3259 0.3226 0.3189 0.3150 0.3108 0.3067 0.3026 0.2988 0.2951 0.2916 0.2884 0.2853 0.2789 0.2489
0.2564 0.2861 0.2924 0.2953 0.2984 0.3015 0.3048 0.3083 0.3118 0.3154 0.3189 0.3223 0.3253 0.3279 0.3300 0.3315 0.3324 0.3327 0.3326 0.3320 0.3310 0.3296 0.3279 0.3260 0.3238 0.3214 0.3187 0.3159 0.3130 0.3099 0.3066 0.3033 0.2998 0.2962 0.2925 0.2887 0.2847 0.2806 0.2763 0.2719 0.2674 0.2627 0.2578 0.2528 0.2475 0.2422 0.2366 0.2308 0.2249 0.2184 0.2136 0.2184 0.2249 0.2308 0.2366 0.2422 0.2475 0.2528 0.2578 0.2627 0.2674 0.2719 0.2763 0.2806 0.2847 0.2887 0.2925 0.2962 0.2998 0.3033 0.3066 0.3099 0.3130 0.3159 0.3187 0.3214 0.3238 0.3260 0.3279 0.3296 0.3310 0.3320 0.3326 0.3327 0.3324 0.3315 0.3300 0.3279 0.3253 0.3223 0.3189 0.3154 0.3118 0.3083 0.3048 0.3015 0.2984 0.2953 0.2924 0.2861 0.2564
0.2639 0.2932 0.2993 0.3020 0.3048 0.3077 0.3106 0.3136 0.3167 0.3197 0.3226 0.3253 0.3277 0.3297 0.3312 0.3322 0.3327 0.3327 0.3323 0.3315 0.3303 0.3288 0.3271 0.3250 0.3228 0.3203 0.3176 0.3147 0.3117 0.3086 0.3053 0.3019 0.2983 0.2947 0.2909 0.2870 0.2830 0.2788 0.2745 0.2700 0.2654 0.2607 0.2557 0.2506 0.2453 0.2399 0.2342 0.2284 0.2223 0.2158 0.2109 0.2158 0.2223 0.2284 0.2342 0.2399 0.2453 0.2506 0.2557 0.2607 0.2654 0.2700 0.2745 0.2788 0.2830 0.2870 0.2909 0.2947 0.2983 0.3019 0.3053 0.3086 0.3117 0.3147 0.3176 0.3203 0.3228 0.3250 0.3271 0.3288 0.3303 0.3315 0.3323 0.3327 0.3327 0.3322 0.3312 0.3297 0.3277 0.3253 0.3226 0.3197 0.3167 0.3136 0.3106 0.3077 0.3048 0.3020 0.2993 0.2932 0.2639
0.2714 0.3000 0.3058 0.3084 0.3109 0.3135 0.3161 0.3186 0.3211 0.3236 0.3259 0.3279 0.3297 0.3310 0.3320 0.3326 0.3327 0.3325 0.3319 0.3309 0.3296 0.3279 0.3261 0.3240 0.3216 0.3191 0.3164 0.3135 0.3104 0.3072 0.3039 0.3004 0.2968 0.2931 0.2893 0.2854 0.2813 0.2770 0.2727 0.2681 0.2635 0.2586 0.2536 0.2484 0.2431 0.2376 0.2318 0.2259 0.2198 0.2131 0.2081 0.2131 0.2198 0.2259 0.2318 0.2376 0.2431 0.2484 0.2536 0.2586 0.2635 0.2681 0.2727 0.2770 0.2813 0.2854 0.2893 0.2931 0.2968 0.3004 0.3039 0.3072 0.3104 0.3135 0.3164 0.3191 0.3216 0.3240 0.3261 0.3279 0.3296 0.3309 0.3319 0.3325 0.3327 0.3326 0.3320 0.3310 0.3297 0.3279 0.3259 0.3236 0.3211 0.3186 0.3161 0.3135 0.3109 0.3084 0.3058 0.3000 0.2714
0.2787 0.3065 0.3119 0.3142 0.3165 0.3188 0.3209 0.3230 0.3250 0.3269 0.3285 0.3300 0.3312 0.3320 0.3326 0.3327 0.3326 0.3321 0.3312 0.3301 0.3287 0.3270 0.3250 0.3228 0.3204 0.3179 0.3151 0.3122 0.3091 0.3058 0.3024 0.2989 0.2953 0.2916 0.2877 0.2837 0.2795 0.2752 0.2708 0.2662 0.2615 0.2566 0.2515 0.2462 0.2408 0.2352 0.2294 0.2234 0.2172 0.2104 0.2054 0.2104 0.2172 0.2234 0.2294 0.2352 0.2408 0.2462 0.2515 0.2566 0.2615 0.2662 0.2708 0.2752 0.2795 0.2837 0.2877 0.2916 0.2953 0.2989 0.3024 0.3058 0.3091 0.3122 0.3151 0.3179 0.3204 0.3228 0.3250 0.3270 0.3287 0.3301 0.3312 0.3321 0.3326 0.3327 0.3326 0.3320 0.3312 0.3300 0.3285 0.3269 0.3250 0.3230 0.3209 0.3188 0.3165 0.3142 0.3119 0.3065 0.2787
0.2859 0.3125 0.3175 0.3195 0.3214 0.3233 0.3250 0.3266 0.3281 0.3294 0.3306 0.3315 0.3322 0.3326 0.3327 0.3326 0.3322 0.3315 0.3305 0.3292 0.3276 0.3258 0.3238 0.3216 0.3191 0.3165 0.3137 0.3107 0.3076 0.3044 0.3010 0.2975 0.2938 0.2900 0.2860 0.2820 0.2778 0.2734 0.2689 0.2643 0.2595 0.2545 0.2493 0.2440 0.2385 0.2328 0.2269 0.2208 0.2145 0.2077 0.2026 0.2077 0.2145 0.2208 0.2269 0.2328 0.2385 0.2440 0.2493 0.2545 0.2595 0.2643 0.2689 0.2734 0.2778 0.2820 0.2860 0.2900 0.2938 0.2975 0.3010 0.3044 0.3076 0.3107 0.3137 0.3165 0.3191 0.3216 0.3238 0.3258 0.3276 0.3292 0.3305 0.3315 0.3322 0.3326 0.3327 0.3326 0.3322 0.3315 0.3306 0.3294 0.3281 0.3266 0.3250 0.3233 0.3214 0.3195 0.3175 0.3125 0.2859
0.2930 0.3179 0.3222 0.3239 0.3255 0.3269 0.3282 0.3294 0.3304 0.3312 0.3319 0.3324 0.3327 0.3327 0.3326 0.3322 0.3315 0.3306 0.3295 0.3281 0.3264 0.3246 0.3225 0.3202 0.3177 0.3151 0.3122 0.3093 0.3061 0.3029 0.2995 0.2959 0.2922 0.2884 0.2844 0.2802 0.2760 0.2716 0.2670 0.2623 0.2574 0.2524 0.2471 0.2417 0.2362 0.2304 0.2244 0.2182 0.2118 0.2049 0.1997 0.2049 0.2118 0.2182 0.2244 0.2304 0.2362 0.2417 0.2471 0.2524 0.2574 0.2623 0.2670 0.2716 0.2760 0.2802 0.2844 0.2884 0.2922 0.2959 0.2995 0.3029 0.3061 0.3093 0.3122 0.3151 0.3177 0.3202 0.3225 0.3246 0.3264 0.3281 0.3295 0.3306 0.3315 0.3322 0.3326 0.3327 0.3327 0.3324 0.3319 0.3312 0.3304 0.3294 0.3282 0.3269 0.3255 0.3239 0.3222 0.3179 0.2930
0.2998 0.3226 0.3261 0.3275 0.3286 0.3297 0.3305 0.3313 0.3318 0.3323 0.3326 0.3327 0.3327 0.3325 0.3321 0.3315 0.3306 0.3296 0.3283 0.3268 0.3251 0.3232 0.3210 0.3187 0.3162 0.3135 0.3107 0.3077 0.3046 0.3013 0.2978 0.2943 0.2906 0.2867 0.2827 0.2785 0.2742 0.2697 0.2651 0.2603 0.2553 0.2502 0.2449 0.2395 0.2338 0.2279 0.2219 0.2156 0.2091 0.2021 0.1968 0.2021 0.2091 0.2156 0.2219 0.2279 0.2338 0.2395 0.2449 0.2502 0.2553 0.2603 0.2651 0.2697 0.2742 0.2785 0.2827 0.2867 0.2906 0.2943 0.2978 0.3013 0.3046 0.3077 0.3107 0.3135 0.3162 0.3187 0.3210 0.3232 0.3251 0.3268 0.3283 0.3296 0.3306 0.3315 0.3321 0.3325 0.3327 0.3327 0.3326 0.3323 0.3318 0.3313 0.3305 0.3297 0.3286 0.3275 0.3261 0.3226 0.2998
0.3062 0.3263 0.3291 0.3300 0.3308 0.3315 0.3320 0.3324 0.3326 0.3327 0.3327 0.3326 0.3323 0.3319 0.3312 0.3305 0.3295 0.3283 0.3269 0.3253 0.3236 0.3216 0.3194 0.3171 0.3146 0.3119 0.3091 0.3061 0.3029 0.2996 0.2961 0.2926 0.2888 0.2850 0.2809 0.2767 0.2723 0.2678 0.2631 0.2583 0.2532 0.2480 0.2427 0.2371 0.2314 0.2254 0.2193 0.2129 0.2064 0.1993 0.1939 0.1993 0.2064 0.2129 0.2193 0.2254 0.2314 0.2371 0.2427 0.2480 0.2532 0.2583 0.2631 0.2678 0.2723 0.2767 0.2809 0.2850 0.2888 0.2926 0.2961 0.2996 0.3029 0.3061 0.3091 0.3119 0.3146 0.3171 0.3194 0.3216 0.3236 0.3253 0.3269 0.3283 0.3295 0.3305 0.3312 0.3319 0.3323 0.3326 0.3327 0.3327 0.3326 0.3324 0.3320 0.3315 0.3308 0.3300 0.3291 0.3263 0.3062
0.3121 0.3290 0.3311 0.3317 0.3321 0.3324 0.3326 0.3327 0.3327 0.3326 0.3324 0.3320 0.3315 0.3309 0.3301 0.3292 0.3281 0.3268 0.3253 0.3237 0.3219 0.3199 0.3177 0.3153 0.3128 0.3102 0.3073 0.3043 0.3012 0.2978 0.2943 0.2908 0.2870 0.2831 0.2791 0.2749 0.2705 0.2659 0.2611 0.2562 0.2511 0.2458 0.2404 0.2348 0.2289 0.2229 0.2167 0.2102 0.2036 0.1964 0.1909 0.1964 0.2036 0.2102 0.2167 0.2229 0.2289 0.2348 0.2404 0.2458 0.2511 0.2562 0.2611 0.2659 0.2705 0.2749 0.2791 0.2831 0.2870 0.2908 0.2943 0.2978 0.3012 0.3043 0.3073 0.3102 0.3128 0.3153 0.3177 0.3199 0.3219 0.3237 0.3253 0.3268 0.3281 0.3292 0.3301 0.3309 0.3315 0.3320 0.3324 0.3326 0.3327 0.3327 0.3326 0.3324 0.3321 0.3317 0.3311 0.3290 0.3121
0.3174 0.3308 0.3323 0.3325 0.3327 0.3327 0.3327 0.3325 0.3323 0.3320 0.3315 0.3310 0.3303 0.3296 0.3287 0.3276 0.3264 0.3251 0.3236 0.3219 0.3200 0.3180 0.3158 0.3134 0.3109 0.3083 0.3055 0.3025 0.2993 0.2960 0.2925 0.2889 0.2851 0.2812 0.2771 0.2729 0.2685 0.2638 0.2591 0.2541 0.2489 0.2436 0.2381 0.2324 0.2265 0.2204 0.2140 0.2075 0.2007 0.1934 0.1879 0.1934 0.2007 0.2075 0.2140 0.2204 0.2265 0.2324 0.2381 0.2436 0.2489 0.2541 0.2591 0.2638 0.2685 0.2729 0.2771 0.2812 0.2851 0.2889 0.2925 0.2960 0.2993 0.3025 0.3055 0.3083 0.3109 0.3134 0.3158 0.3180 0.3200 0.3219 0.3236 0.3251 0.3264 0.3276 0.3287 0.3296 0.3303 0.3310 0.3315 0.3320 0.3323 0.3325 0.3327 0.3327 0.3327 0.3325 0.3323 0.3308 0.3174
0.3218 0.3318 0.3327 0.3327 0.3326 0.3324 0.3322 0.3318 0.3314 0.3309 0.3303 0.3296 0.3288 0.3279 0.3270 0.3258 0.3246 0.3232 0.3216 0.3199 0.3180 0.3160 0.3138 0.3114 0.3089 0.3063 0.3034 0.3005 0.2973 0.2940 0.2905 0.2869 0.2831 0.2792 0.2751 0.2708 0.2663 0.2618 0.2570 0.2520 0.2467 0.2413 0.2357 0.2299 0.2240 0.2178 0.2113 0.2047 0.1979 0.1904 0.1848 0.1904 0.1979 0.2047 0.2113 0.2178 0.2240 0.2299 0.2357 0.2413 0.2467 0.2520 0.2570 0.2618 0.2663 0.2708 0.2751 0.2792 0.2831 0.2869 0.2905 0.2940 0.2973 0.3005 0.3034 0.3063 0.3089 0.3114 0.3138 0.3160 0.3180 0.3199 0.3216 0.3232 0.3246 0.3258 0.3270 0.3279 0.3288 0.3296 0.3303 0.3309 0.3314 0.3318 0.3322 0.3324 0.3326 0.3327 0.3327 0.3318 0.3218
0.3252 0.3320 0.3326 0.3323 0.3320 0.3316 0.3312 0.3307 0.3301 0.3295 0.3287 0.3279 0.3271 0.3261 0.3250 0.3238 0.3225 0.3210 0.3194 0.3177 0.3158 0.3138 0.3116 0.3092 0.3067 0.3041 0.3013 0.2983 0.2952 0.2919 0.2885 0.2849 0.2811 0.2771 0.2730 0.2686 0.2642 0.2595 0.2547 0.2497 0.2444 0.2390 0.2334 0.2275 0.2214 0.2151 0.2086 0.2019 0.1949 0.1874 0.1817 0.1874 0.1949 0.2019 0.2086 0.2151 0.2214 0.2275 0.2334 0.2390 0.2444 0.2497 0.2547 0.2595 0.2642 0.2686 0.2730 0.2771 0.2811 0.2849 0.2885 0.2919 0.2952 0.2983 0.3013 0.3041 0.3067 0.3092 0.3116 0.3138 0.3158 0.3177 0.3194 0.3210 0.3225 0.3238 0.3250 0.3261 0.3271 0.3279 0.3287 0.3295 0.3301 0.3307 0.3312 0.3316 0.3320 0.3323 0.3326 0.3320 0.3252
0.3277 0.3317 0.3319 0.3315 0.3310 0.3304 0.3298 0.3292 0.3285 0.3277 0.3269 0.3260 0.3250 0.3240 0.3228 0.3216 0.3202 0.3187 0.3171 0.3153 0.3134 0.3114 0.3092 0.3069 0.3044 0.3017 0.2990 0.2960 0.2930 0.2897 0.2863 0.2827 0.2789 0.2750 0.2708 0.2664 0.2619 0.2572 0.2523 0.2473 0.2421 0.2366 0.2310 0.2250 0.2188 0.2124 0.2059 0.1990 0.1920 0.1844 0.1786 0.1844 0.1920 0.1990 0.2059 0.2124 0.2188 0.2250 0.2310 0.2366 0.2421 0.2473 0.2523 0.2572 0.2619 0.2664 0.2708 0.2750 0.2789 0.2827 0.2863 0.2897 0.2930 0.2960 0.2990 0.3017 0.3044 0.3069 0.3092 0.3114 0.3134 0.3153 0.3171 0.3187 0.3202 0.3216 0.3228 0.3240 0.3250 0.3260 0.3269 0.3277 0.3285 0.3292 0.3298 0.3304 0.3310 0.3315 0.3319 0.3317 0.3277
0.3292 0.3309 0.3308 0.3302 0.3296 0.3289 0.3282 0.3274 0.3265 0.3257 0.3248 0.3238 0.3228 0.3216 0.3204 0.3191 0.3177 0.3162 0.3146 0.3128 0.3109 0.3089 0.3067 0.3044 0.3019 0.2993 0.2965 0.2936 0.2905 0.2873 0.2838 0.2803 0.2766 0.2726 0.2684 0.2641 0.2596 0.2548 0.2499 0.2448 0.2395 0.2341 0.2284 0.2224 0.2162 0.2097 0.2030 0.1961 0.1890 0.1812 0.1754 0.1812 0.1890 0.1961 0.2030 0.2097 0.2162 0.2224 0.2284 0.2341 0.2395 0.2448 0.2499 0.2548 0.2596 0.2641 0.2684 0.2726 0.2766 0.2803 0.2838 0.2873 0.2905 0.2936 0.2965 0.2993 0.3019 0.3044 0.3067 0.3089 0.3109 0.3128 0.3146 0.3162 0.3177 0.3191 0.3204 0.3216 0.3228 0.3238 0.3248 0.3257 0.3265 0.3274 0.3282 0.3289 0.3296 0.3302 0.3308 0.3309 0.3292
0.3299 0.3296 0.3293 0.3286 0.3278 0.3270 0.3262 0.3253 0.3244 0.3234 0.3224 0.3214 0.3203 0.3191 0.3179 0.3165 0.3151 0.3135 0.3119 0.3102 0.3083 0.3063 0.3041 0.3017 0.2993 0.2967 0.2939 0.2910 0.2879 0.2847 0.2813 0.2778 0.2741 0.2701 0.2660 0.2616 0.2571 0.2524 0.2474 0.2422 0.2369 0.2314 0.2256 0.2197 0.2135 0.2070 0.2002 0.1932 0.1859 0.1781 0.1722 0.1781 0.1859 0.1932 0.2002 0.2070 0.2135 0.2197 0.2256 0.2314 0.2369 0.2422 0.2474 0.2524 0.2571 0.2616 0.2660 0.2701 0.2741 0.2778 0.2813 0.2847 0.2879 0.2910 0.2939 0.2967 0.2993 0.3017 0.3041 0.3063 0.3083 0.3102 0.3119 0.3135 0.3151 0.3165 0.3179 0.3191 0.3203 0.3214 0.3224 0.3234 0.3244 0.3253 0.3262 0.3270 0.3278 0.3286 0.3293 0.3296 0.3299
0.3298 0.3280 0.3275 0.3267 0.3258 0.3249 0.3240 0.3230 0.3220 0.3209 0.3199 0.3187 0.3176 0.3164 0.3151 0.3137 0.3122 0.3107 0.3091 0.3073 0.3055 0.3034 0.3013 0.2990 0.2965 0.2939 0.2912 0.2883 0.2852 0.2820 0.2786 0.2751 0.2714 0.2675 0.2634 0.2590 0.2545 0.2498 0.2448 0.2396 0.2342 0.2286 0.2228 0.2168 0.2105 0.2040 0.1972 0.1902 0.1828 0.1749 0.1689 0.1749 0.1828 0.1902 0.1972 0.2040 0.2105 0.2168 0.2228 0.2286 0.2342 0.2396 0.2448 0.2498 0.2545 0.2590 0.2634 0.2675 0.2714 0.2751 0.2786 0.2820 0.2852 0.2883 0.2912 0.2939 0.2965 0.2990 0.3013 0.3034 0.3055 0.3073 0.3091 0.3107 0.3122 0.3137 0.3151 0.3164 0.3176 0.3187 0.3199 0.3209 0.3220 0.3230 0.3240 0.3249 0.3258 0.3267 0.3275 0.3280 0.3298
0.3292 0.3261 0.3255 0.3245 0.3236 0.3226 0.3216 0.3205 0.3194 0.3183 0.3171 0.3159 0.3147 0.3135 0.3122 0.3107 0.3093 0.3077 0.3061 0.3043 0.3025 0.3005 0.2983 0.2960 0.2936 0.2910 0.2883 0.2854 0.2824 0.2791 0.2758 0.2723 0.2686 0.2647 0.2606 0.2563 0.2518 0.2471 0.2421 0.2369 0.2315 0.2258 0.2199 0.2138 0.2075 0.2009 0.1941 0.1871 0.1797 0.1716 0.1656 0.1716 0.1797 0.1871 0.1941 0.2009 0.2075 0.2138 0.2199 0.2258 0.2315 0.2369 0.2421 0.2471 0.2518 0.2563 0.2606 0.2647 0.2686 0.2723 0.2758 0.2791 0.2824 0.2854 0.2883 0.2910 0.2936 0.2960 0.2983 0.3005 0.3025 0.3043 0.3061 0.3077 0.3093 0.3107 0.3122 0.3135 0.3147 0.3159 0.3171 0.3183 0.3194 0.3205 0.3216 0.3226 0.3236 0.3245 0.3255 0.3261 0.3292
0.3282 0.3240 0.3232 0.3222 0.3211 0.3201 0.3189 0.3178 0.3166 0.3155 0.3142 0.3130 0.3117 0.3104 0.3091 0.3076 0.3061 0.3046 0.3029 0.3012 0.2993 0.2973 0.2952 0.2930 0.2905 0.2879 0.2852 0.2824 0.2794 0.2762 0.2728 0.2693 0.2657 0.2618 0.2577 0.2534 0.2490 0.2443 0.2393 0.2341 0.2286 0.2229 0.2169 0.2107 0.2043 0.1977 0.1909 0.1837 0.1763 0.1682 0.1622 0.1682 0.1763 0.1837 0.1909 0.1977 0.2043 0.2107 0.2169 0.2229 0.2286 0.2341 0.2393 0.2443 0.2490 0.2534 0.2577 0.2618 0.2657 0.2693 0.2728 0.2762 0.2794 0.2824 0.2852 0.2879 0.2905 0.2930 0.2952 0.2973 0.2993 0.3012 0.3029 0.3046 0.3061 0.3076 0.3091 0.3104 0.3117 0.3130 0.3142 0.3155 0.3166 0.3178 0.3189 0.3201 0.3211 0.3222 0.3232 0.3240 0.3282
0.3267 0.3216 0.3207 0.3196 0.3185 0.3173 0.3162 0.3150 0.3137 0.3125 0.3112 0.3099 0.3086 0.3072 0.3058 0.3044 0.3029 0.3013 0.2996 0.2978 0.2960 0.2940 0.2919 0.2897 0.2873 0.2847 0.2820 0.2791 0.2762 0.2730 0.2697 0.2662 0.2625 0.2587 0.2546 0.2504 0.2459 0.2412 0.2363 0.2311 0.2256 0.2198 0.2138 0.2076 0.2011 0.1944 0.1874 0.1802 0.1728 0.1647 0.1587 0.1647 0.1728 0.1802 0.1874 0.1944 0.2011 0.2076 0.2138 0.2198 0.2256 0.2311 0.2363 0.2412 0.2459 0.2504 0.2546 0.2587 0.2625 0.2662 0.2697 0.2730 0.2762 0.2791 0.2820 0.2847 0.2873 0.2897 0.2919 0.2940 0.2960 0.2978 0.2996 0.3013 0.3029 0.3044 0.3058 0.3072 0.3086 0.3099 0.3112 0.3125 0.3137 0.3150 0.3162 0.3173 0.3185 0.3196 0.3207 0.3216 0.3267
0.3249 0.3190 0.3180 0.3169 0.3157 0.3145 0.3132 0.3119 0.3107 0.3093 0.3080 0.3066 0.3053 0.3039 0.3024 0.3010 0.2995 0.2978 0.2961 0.2943 0.2925 0.2905 0.2885 0.2863 0.2838 0.2813 0.2786 0.2758 0.2728 0.2697 0.2664 0.2629 0.2592 0.2554 0.2514 0.2471 0.2426 0.2379 0.2330 0.2278 0.2224 0.2166 0.2106 0.2043 0.1978 0.1910 0.1839 0.1766 0.1691 0.1610 0.1548 0.1610 0.1691 0.1766 0.1839 0.1910 0.1978 0.2043 0.2106 0.2166 0.2224 0.2278 0.2330 0.2379 0.2426 0.2471 0.2514 0.2554 0.2592 0.2629 0.2664 0.2697 0.2728 0.2758 0.2786 0.2813 0.2838 0.2863 0.2885 0.2905 0.2925 0.2943 0.2961 0.2978 0.2995 0.3010 0.3024 0.3039 0.3053 0.3066 0.3080 0.3093 0.3107 0.3119 0.3132 0.3145 0.3157 0.3169 0.3180 0.3190 0.3249
0.3228 0.3163 0.3152 0.3139 0.3127 0.3114 0.3101 0.3088 0.3075 0.3061 0.3047 0.3033 0.3019 0.3004 0.2989 0.2975 0.2959 0.2943 0.2926 0.2908 0.2889 0.2869 0.2849 0.2827 0.2803 0.2778 0.2751 0.2723 0.2693 0.2662 0.2629 0.2594 0.2558 0.2519 0.2479 0.2437 0.2392 0.2345 0.2296 0.2244 0.2189 0.2132 0.2072 0.2010 0.1944 0.1876 0.1804 0.1730 0.1653 0.1570 0.1509 0.1570 0.1653 0.1730 0.1804 0.1876 0.1944 0.2010 0.2072 0.2132 0.2189 0.2244 0.2296 0.2345 0.2392 0.2437 0.2479 0.2519 0.2558 0.2594 0.2629 0.2662 0.2693 0.2723 0.2751 0.2778 0.2803 0.2827 0.2849 0.2869 0.2889 0.2908 0.2926 0.2943 0.2959 0.2975 0.2989 0.3004 0.3019 0.3033 0.3047 0.3061 0.3075 0.3088 0.3101 0.3114 0.3127 0.3139 0.3152 0.3163 0.3228
0.3204 0.3134 0.3122 0.3109 0.3096 0.3083 0.3069 0.3055 0.3041 0.3027 0.3013 0.2998 0.2983 0.2968 0.2953 0.2938 0.2922 0.2906 0.2888 0.2870 0.2851 0.2831 0.2811 0.2789 0.2766 0.2741 0.2714 0.2686 0.2657 0.2625 0.2592 0.2558 0.2521 0.2483 0.2443 0.2400 0.2356 0.2309 0.2260 0.2208 0.2153 0.2096 0.2036 0.1974 0.1909 0.1840 0.1768 0.1693 0.1615 0.1531 0.1468 0.1531 0.1615 0.1693 0.1768 0.1840 0.1909 0.1974 0.2036 0.2096 0.2153 0.2208 0.2260 0.2309 0.2356 0.2400 0.2443 0.2483 0.2521 0.2558 0.2592 0.2625 0.2657 0.2686 0.2714 0.2741 0.2766 0.2789 0.2811 0.2831 0.2851 0.2870 0.2888 0.2906 0.2922 0.2938 0.2953 0.2968 0.2983 0.2998 0.3013 0.3027 0.3041 0.3055 0.3069 0.3083 0.3096 0.3109 0.3122 0.3134 0.3204
0.3179 0.3103 0.3090 0.3077 0.3063 0.3050 0.3035 0.3021 0.3007 0.2992 0.2977 0.2962 0.2947 0.2931 0.2916 0.2900 0.2884 0.2867 0.2850 0.2831 0.2812 0.2792 0.2771 0.2750 0.2726 0.2701 0.2675 0.2647 0.2618 0.2587 0.2554 0.2519 0.2483 0.2445 0.2405 0.2362 0.2318 0.2271 0.2222 0.2170 0.2116 0.2058 0.1998 0.1936 0.1871 0.1803 0.1730 0.1655 0.1576 0.1490 0.1427 0.1490 0.1576 0.1655 0.1730 0.1803 0.1871 0.1936 0.1998 0.2058 0.2116 0.2170 0.2222 0.2271 0.2318 0.2362 0.2405 0.2445 0.2483 0.2519 0.2554 0.2587 0.2618 0.2647 0.2675 0.2701 0.2726 0.2750 0.2771 0.2792 0.2812 0.2831 0.2850 0.2867 0.2884 0.2900 0.2916 0.2931 0.2947 0.2962 0.2977 0.2992 0.3007 0.3021 0.3035 0.3050 0.3063 0.3077 0.3090 0.3103 0.3179
0.3151 0.3071 0.3058 0.3044 0.3030 0.3015 0.3001 0.2986 0.2971 0.2956 0.2941 0.2925 0.2909 0.2893 0.2877 0.2860 0.2844 0.2827 0.2809 0.2791 0.2771 0.2751 0.2730 0.2708 0.2684 0.2660 0.2634 0.2606 0.2577 0.2546 0.2514 0.2479 0.2443 0.2405 0.2364 0.2322 0.2278 0.2231 0.2182 0.2130 0.2076 0.2018 0.1959 0.1897 0.1832 0.1763 0.1691 0.1615 0.1536 0.1449 0.1384 0.1449 0.1536 0.1615 0.1691 0.1763 0.1832 0.1897 0.1959 0.2018 0.2076 0.2130 0.2182 0.2231 0.2278 0.2322 0.2364 0.2405 0.2443 0.2479 0.2514 0.2546 0.2577 0.2606 0.2634 0.2660 0.2684 0.2708 0.2730 0.2751 0.2771 0.2791 0.2809 0.2827 0.2844 0.2860 0.2877 0.2893 0.2909 0.2925 0.2941 0.2956 0.2971 0.2986 0.3001 0.3015 0.3030 0.3044 0.3058 0.3071 0.3151
0.3121 0.3037 0.3024 0.3009 0.2995 0.2980 0.2965 0.2950 0.2934 0.2919 0.2903 0.2887 0.2870 0.2854 0.2837 0.2820 0.2802 0.2785 0.2767 0.2749 0.2729 0.2708 0.2686 0.2664 0.2641 0.2616 0.2590 0.2563 0.2534 0.2504 0.2471 0.2437 0.2400 0.2362 0.2322 0.2280 0.2236 0.2189 0.2140 0.2088 0.2034 0.1977 0.1917 0.1855 0.1790 0.1722 0.1650 0.1574 0.1495 0.1408 0.1342 0.1408 0.1495 0.1574 0.1650 0.1722 0.1790 0.1855 0.1917 0.1977 0.2034 0.2088 0.2140 0.2189 0.2236 0.2280 0.2322 0.2362 0.2400 0.2437 0.2471 0.2504 0.2534 0.2563 0.2590 0.2616 0.2641 0.2664 0.2686 0.2708 0.2729 0.2749 0.2767 0.2785 0.2802 0.2820 0.2837 0.2854 0.2870 0.2887 0.2903 0.2919 0.2934 0.2950 0.2965 0.2980 0.2995 0.3009 0.3024 0.3037 0.3121
0.3090 0.3003 0.2989 0.2974 0.2959 0.2943 0.2928 0.2912 0.2896 0.2880 0.2863 0.2847 0.2830 0.2813 0.2795 0.2778 0.2760 0.2742 0.2723 0.2705 0.2685 0.2663 0.2642 0.2619 0.2596 0.2571 0.2545 0.2518 0.2490 0.2459 0.2426 0.2392 0.2356 0.2318 0.2278 0.2236 0.2191 0.2145 0.2096 0.2044 0.1990 0.1933 0.1873 0.1811 0.1746 0.1678 0.1606 0.1530 0.1451 0.1363 0.1297 0.1363 0.1451 0.1530 0.1606 0.1678 0.1746 0.1811 0.1873 0.1933 0.1990 0.2044 0.2096 0.2145 0.2191 0.2236 0.2278 0.2318 0.2356 0.2392 0.2426 0.2459 0.2490 0.2518 0.2545 0.2571 0.2596 0.2619 0.2642 0.2663 0.2685 0.2705 0.2723 0.2742 0.2760 0.2778 0.2795 0.2813 0.2830 0.2847 0.2863 0.2880 0.2896 0.2912 0.2928 0.2943 0.2959 0.2974 0.2989 0.3003 0.3090
0.3058 0.2967 0.2952 0.2937 0.2921 0.2906 0.2889 0.2873 0.2857 0.2840 0.2823 0.2806 0.2788 0.2770 0.2752 0.2734 0.2716 0.2697 0.2678 0.2659 0.2638 0.2618 0.2595 0.2572 0.2548 0.2524 0.2498 0.2471 0.2443 0.2412 0.2379 0.2345 0.2309 0.2271 0.2231 0.2189 0.2145 0.2098 0.2049 0.1998 0.1943 0.1886 0.1826 0.1764 0.1698 0.1630 0.1558 0.1483 0.1404 0.1316 0.1250 0.1316 0.1404 0.1483 0.1558 0.1630 0.1698 0.1764 0.1826 0.1886 0.1943 0.1998 0.2049 0.2098 0.2145 0.2189 0.2231 0.2271 0.2309 0.2345 0.2379 0.2412 0.2443 0.2471 0.2498 0.2524 0.2548 0.2572 0.2595 0.2618 0.2638 0.2659 0.2678 0.2697 0.2716 0.2734 0.2752 0.2770 0.2788 0.2806 0.2823 0.2840 0.2857 0.2873 0.2889 0.2906 0.2921 0.2937 0.2952 0.2967 0.3058
0.3024 0.2930 0.2915 0.2899 0.2883 0.2866 0.2850 0.2833 0.2816 0.2799 0.2781 0.2763 0.2745 0.2727 0.2708 0.2689 0.2670 0.2651 0.2631 0.2611 0.2591 0.2570 0.2547 0.2523 0.2499 0.2474 0.2448 0.2421 0.2393 0.2363 0.2330 0.2296 0.2260 0.2222 0.2182 0.2140 0.2096 0.2049 0.2000 0.1949 0.1895 0.1838 0.1778 0.1715 0.1649 0.1580 0.1509 0.1433 0.1354 0.1266 0.1201 0.1266 0.1354 0.1433 0.1509 0.1580 0.1649 0.1715 0.1778 0.1838 0.1895 0.1949 0.2000 0.2049 0.2096 0.2140 0.2182 0.2222 0.2260 0.2296 0.2330 0.2363 0.2393 0.2421 0.2448 0.2474 0.2499 0.2523 0.2547 0.2570 0.2591 0.2611 0.2631 0.2651 0.2670 0.2689 0.2708 0.2727 0.2745 0.2763 0.2781 0.2799 0.2816 0.2833 0.2850 0.2866 0.2883 0.2899 0.2915 0.2930 0.3024
0.2989 0.2892 0.2876 0.2860 0.2843 0.2826 0.2809 0.2791 0.2774 0.2756 0.2738 0.2719 0.2700 0.2681 0.2662 0.2643 0.2623 0.2603 0.2583 0.2562 0.2541 0.2520 0.2497 0.2473 0.2448 0.2422 0.2396 0.2369 0.2341 0.2311 0.2278 0.2244 0.2208 0.2170 0.2130 0.2088 0.2044 0.1998 0.1949 0.1897 0.1843 0.1786 0.1726 0.1664 0.1597 0.1528 0.1456 0.1381 0.1301 0.1214 0.1148 0.1214 0.1301 0.1381 0.1456 0.1528 0.1597 0.1664 0.1726 0.1786 0.1843 0.1897 0.1949 0.1998 0.2044 0.2088 0.2130 0.2170 0.2208 0.2244 0.2278 0.2311 0.2341 0.2369 0.2396 0.2422 0.2448 0.2473 0.2497 0.2520 0.2541 0.2562 0.2583 0.2603 0.2623 0.2643 0.2662 0.2681 0.2700 0.2719 0.2738 0.2756 0.2774 0.2791 0.2809 0.2826 0.2843 0.2860 0.2876 0.2892 0.2989
0.2952 0.2852 0.2836 0.2819 0.2802 0.2784 0.2766 0.2748 0.2730 0.2711 0.2693 0.2674 0.2654 0.2635 0.2615 0.2595 0.2574 0.2553 0.2532 0.2511 0.2489 0.2467 0.2444 0.2421 0.2395 0.2369 0.2342 0.2315 0.2286 0.2256 0.2224 0.2189 0.2153 0.2116 0.2076 0.2034 0.1990 0.1943 0.1895 0.1843 0.1789 0.1732 0.1673 0.1610 0.1544 0.1474 0.1402 0.1325 0.1246 0.1159 0.1094 0.1159 0.1246 0.1325 0.1402 0.1474 0.1544 0.1610 0.1673 0.1732 0.1789 0.1843 0.1895 0.1943 0.1990 0.2034 0.2076 0.2116 0.2153 0.2189 0.2224 0.2256 0.2286 0.2315 0.2342 0.2369 0.2395 0.2421 0.2444 0.2467 0.2489 0.2511 0.2532 0.2553 0.2574 0.2595 0.2615 0.2635 0.2654 0.2674 0.2693 0.2711 0.2730 0.2748 0.2766 0.2784 0.2802 0.2819 0.2836 0.2852 0.2952
0.2914 0.2811 0.2795 0.2777 0.2759 0.2741 0.2722 0.2704 0.2685 0.2666 0.2646 0.2627 0.2607 0.2586 0.2566 0.2545 0.2524 0.2502 0.2480 0.2458 0.2436 0.2413 0.2390 0.2366 0.2341 0.2314 0.2286 0.2258 0.2229 0.2198 0.2166 0.2132 0.2096 0.2058 0.2018 0.1977 0.1933 0.1886 0.1838 0.1786 0.1732 0.1676 0.1616 0.1553 0.1487 0.1418 0.1344 0.1268 0.1188 0.1101 0.1036 0.1101 0.1188 0.1268 0.1344 0.1418 0.1487 0.1553 0.1616 0.1676 0.1732 0.1786 0.1838 0.1886 0.1933 0.1977 0.2018 0.2058 0.2096 0.2132 0.2166 0.2198 0.2229 0.2258 0.2286 0.2314 0.2341 0.2366 0.2390 0.2413 0.2436 0.2458 0.2480 0.2502 0.2524 0.2545 0.2566 0.2586 0.2607 0.2627 0.2646 0.2666 0.2685 0.2704 0.2722 0.2741 0.2759 0.2777 0.2795 0.2811 0.2914
0.2875 0.2769 0.2752 0.2733 0.2715 0.2696 0.2677 0.2658 0.2638 0.2618 0.2598 0.2578 0.2557 0.2536 0.2515 0.2493 0.2471 0.2449 0.2427 0.2404 0.2381 0.2357 0.2334 0.2310 0.2284 0.2256 0.2228 0.2199 0.2169 0.2138 0.2106 0.2072 0.2036 0.1998 0.1959 0.1917 0.1873 0.1826 0.1778 0.1726 0.1673 0.1616 0.1556 0.1494 0.1428 0.1358 0.1285 0.1208 0.1128 0.1040 0.0975 0.1040 0.1128 0.1208 0.1285 0.1358 0.1428 0.1494 0.1556 0.1616 0.1673 0.1726 0.1778 0.1826 0.1873 0.1917 0.1959 0.1998 0.2036 0.2072 0.2106 0.2138 0.2169 0.2199 0.2228 0.2256 0.2284 0.2310 0.2334 0.2357 0.2381 0.2404 0.2427 0.2449 0.2471 0.2493 0.2515 0.2536 0.2557 0.2578 0.2598 0.2618 0.2638 0.2658 0.2677 0.2696 0.2715 0.2733 0.2752 0.2769 0.2875
0.2834 0.2725 0.2707 0.2688 0.2669 0.2650 0.2630 0.2610 0.2590 0.2569 0.2549 0.2528 0.2506 0.2484 0.2462 0.2440 0.2417 0.2395 0.2371 0.2348 0.2324 0.2299 0.2275 0.2250 0.2224 0.2197 0.2168 0.2138 0.2107 0.2076 0.2043 0.2010 0.1974 0.1936 0.1897 0.1855 0.1811 0.1764 0.1715 0.1664 0.1610 0.1553 0.1494 0.1431 0.1365 0.1296 0.1223 0.1146 0.1065 0.0977 0.0912 0.0977 0.1065 0.1146 0.1223 0.1296 0.1365 0.1431 0.1494 0.1553 0.1610 0.1664 0.1715 0.1764 0.1811 0.1855 0.1897 0.1936 0.1974 0.2010 0.2043 0.2076 0.2107 0.2138 0.2168 0.2197 0.2224 0.2250 0.2275 0.2299 0.2324 0.2348 0.2371 0.2395 0.2417 0.2440 0.2462 0.2484 0.2506 0.2528 0.2549 0.2569 0.2590 0.2610 0.2630 0.2650 0.2669 0.2688 0.2707 0.2725 0.2834
0.2791 0.2680 0.2661 0.2642 0.2622 0.2602 0.2582 0.2561 0.2540 0.2519 0.2497 0.2475 0.2453 0.2431 0.2408 0.2385 0.2362 0.2338 0.2314 0.2289 0.2265 0.2240 0.2214 0.2188 0.2162 0.2135 0.2105 0.2075 0.2043 0.2011 0.1978 0.1944 0.1909 0.1871 0.1832 0.1790 0.1746 0.1698 0.1649 0.1597 0.1544 0.1487 0.1428 0.1365 0.1299 0.1230 0.1157 0.1080 0.0999 0.0911 0.0844 0.0911 0.0999 0.1080 0.1157 0.1230 0.1299 0.1365 0.1428 0.1487 0.1544 0.1597 0.1649 0.1698 0.1746 0.1790 0.1832 0.1871 0.1909 0.1944 0.1978 0.2011 0.2043 0.2075 0.2105 0.2135 0.2162 0.2188 0.2214 0.2240 0.2265 0.2289 0.2314 0.2338 0.2362 0.2385 0.2408 0.2431 0.2453 0.2475 0.2497 0.2519 0.2540 0.2561 0.2582 0.2602 0.2622 0.2642 0.2661 0.2680 0.2791
0.2747 0.2633 0.2614 0.2594 0.2573 0.2552 0.2531 0.2510 0.2488 0.2466 0.2444 0.2422 0.2399 0.2376 0.2352 0.2328 0.2304 0.2279 0.2254 0.2229 0.2204 0.2178 0.2151 0.2124 0.2097 0.2070 0.2040 0.2009 0.1977 0.1944 0.1910 0.1876 0.1840 0.1803 0.1763 0.1722 0.1678 0.1630 0.1580 0.1528 0.1474 0.1418 0.1358 0.1296 0.1230 0.1161 0.1088 0.1011 0.0930 0.0841 0.0775 0.0841 0.0930 0.1011 0.1088 0.1161 0.1230 0.1296 0.1358 0.1418 0.1474 0.1528 0.1580 0.1630 0.1678 0.1722 0.1763 0.1803 0.1840 0.1876 0.1910 0.1944 0.1977 0.2009 0.2040 0.2070 0.2097 0.2124 0.2151 0.2178 0.2204 0.2229 0.2254 0.2279 0.2304 0.2328 0.2352 0.2376 0.2399 0.2422 0.2444 0.2466 0.2488 0.2510 0.2531 0.2552 0.2573 0.2594 0.2614 0.2633 0.2747
0.2700 0.2584 0.2565 0.2544 0.2523 0.2501 0.2479 0.2457 0.2435 0.2412 0.2389 0.2366 0.2342 0.2318 0.2294 0.2269 0.2244 0.2219 0.2193 0.2167 0.2140 0.2113 0.2086 0.2059 0.2030 0.2002 0.1972 0.1941 0.1909 0.1874 0.1839 0.1804 0.1768 0.1730 0.1691 0.1650 0.1606 0.1558 0.1509 0.1456 0.1402 0.1344 0.1285 0.1223 0.1157 0.1088 0.1015 0.0938 0.0858 0.0768 0.0701 0.0768 0.0858 0.0938 0.1015 0.1088 0.1157 0.1223 0.1285 0.1344 0.1402 0.1456 0.1509 0.1558 0.1606 0.1650 0.1691 0.1730 0.1768 0.1804 0.1839 0.1874 0.1909 0.1941 0.1972 0.2002 0.2030 0.2059 0.2086 0.2113 0.2140 0.2167 0.2193 0.2219 0.2244 0.2269 0.2294 0.2318 0.2342 0.2366 0.2389 0.2412 0.2435 0.2457 0.2479 0.2501 0.2523 0.2544 0.2565 0.2584 0.2700
0.2652 0.2534 0.2514 0.2492 0.2470 0.2448 0.2426 0.2403 0.2380 0.2356 0.2332 0.2308 0.2284 0.2259 0.2234 0.2208 0.2182 0.2156 0.2129 0.2102 0.2075 0.2047 0.2019 0.1990 0.1961 0.1932 0.1902 0.1871 0.1837 0.1802 0.1766 0.1730 0.1693 0.1655 0.1615 0.1574 0.1530 0.1483 0.1433 0.1381 0.1325 0.1268 0.1208 0.1146 0.1080 0.1011 0.0938 0.0862 0.0781 0.0691 0.0622 0.0691 0.0781 0.0862 0.0938 0.1011 0.1080 0.1146 0.1208 0.1268 0.1325 0.1381 0.1433 0.1483 0.1530 0.1574 0.1615 0.1655 0.1693 0.1730 0.1766 0.1802 0.1837 0.1871 0.1902 0.1932 0.1961 0.1990 0.2019 0.2047 0.2075 0.2102 0.2129 0.2156 0.2182 0.2208 0.2234 0.2259 0.2284 0.2308 0.2332 0.2356 0.2380 0.2403 0.2426 0.2448 0.2470 0.2492 0.2514 0.2534 0.2652
0.2602 0.2482 0.2461 0.2439 0.2416 0.2394 0.2370 0.2347 0.2323 0.2298 0.2274 0.2249 0.2223 0.2198 0.2172 0.2145 0.2118 0.2091 0.2064 0.2036 0.2007 0.1979 0.1949 0.1920 0.1890 0.1859 0.1828 0.1797 0.1763 0.1728 0.1691 0.1653 0.1615 0.1576 0.1536 0.1495 0.1451 0.1404 0.1354 0.1301 0.1246 0.1188 0.1128 0.1065 0.0999 0.0930 0.0858 0.0781 0.0698 0.0604 0.0563 0.0604 0.0698 0.0781 0.0858 0.0930 0.0999 0.1065 0.1128 0.1188 0.1246 0.1301 0.1354 0.1404 0.1451 0.1495 0.1536 0.1576 0.1615 0.1653 0.1691 0.1728 0.1763 0.1797 0.1828 0.1859 0.1890 0.1920 0.1949 0.1979 0.2007 0.2036 0.2064 0.2091 0.2118 0.2145 0.2172 0.2198 0.2223 0.2249 0.2274 0.2298 0.2323 0.2347 0.2370 0.2394 0.2416 0.2439 0.2461 0.2482 0.2602
0.2547 0.2426 0.2405 0.2382 0.2358 0.2334 0.2310 0.2286 0.2261 0.2236 0.2210 0.2184 0.2158 0.2131 0.2104 0.2077 0.2049 0.2021 0.1993 0.1964 0.1934 0.1904 0.1874 0.1844 0.1812 0.1781 0.1749 0.1716 0.1682 0.1647 0.1610 0.1570 0.1531 0.1490 0.1449 0.1408 0.1363 0.1316 0.1266 0.1214 0.1159 0.1101 0.1040 0.0977 0.0911 0.0841 0.0768 0.0691 0.0604 0.0562 0.0563 0.0562 0.0604 0.0691 0.0768 0.0841 0.0911 0.0977 0.1040 0.1101 0.1159 0.1214 0.1266 0.1316 0.1363 0.1408 0.1449 0.1490 0.1531 0.1570 0.1610 0.1647 0.1682 0.1716 0.1749 0.1781 0.1812 0.1844 0.1874 0.1904 0.1934 0.1964 0.1993 0.2021 0.2049 0.2077 0.2104 0.2131 0.2158 0.2184 0.2210 0.2236 0.2261 0.2286 0.2310 0.2334 0.2358 0.2382 0.2405 0.2426 0.2547
0.2503 0.2384 0.2362 0.2338 0.2314 0.2290 0.2265 0.2240 0.2214 0.2189 0.2162 0.2136 0.2109 0.2081 0.2054 0.2026 0.1997 0.1968 0.1939 0.1909 0.1879 0.1848 0.1817 0.1786 0.1754 0.1722 0.1689 0.1656 0.1622 0.1587 0.1548 0.1509 0.1468 0.1427 0.1384 0.1342 0.1297 0.1250 0.1201 0.1148 0.1094 0.1036 0.0975 0.0912 0.0844 0.0775 0.0701 0.0622 0.0563 0.0563 0.0565 0.0563 0.0563 0.0622 0.0701 0.0775 0.0844 0.0912 0.0975 0.1036 0.1094 0.1148 0.1201 0.1250 0.1297 0.1342 0.1384 0.1427 0.1468 0.1509 0.1548 0.1587 0.1622 0.1656 0.1689 0.1722 0.1754 0.1786 0.1817 0.1848 0.1879 0.1909 0.1939 0.1968 0.1997 0.2026 0.2054 0.2081 0.2109 0.2136 0.2162 0.2189 0.2214 0.2240 0.2265 0.2290 0.2314 0.2338 0.2362 0.2384 0.2503
0.2547 0.2426 0.2405 0.2382 0.2358 0.2334 0.2310 0.2286 0.2261 0.2236 0.2210 0.2184 0.2158 0.2131 0.2104 0.2077 0.2049 0.2021 0.1993 0.1964 0.1934 0.1904 0.1874 0.1844 0.1812 0.1781 0.1749 0.1716 0.1682 0.1647 0.1610 0.1570 0.1531 0.1490 0.1449 0.1408 0.1363 0.1316 0.1266 0.1214 0.1159 0.1101 0.1040 0.0977 0.0911 0.0841 0.0768 0.0691 0.0604 0.0562 0.0563 0.0562 0.0604 0.0691 0.0768 0.0841 0.0911 0.0977 0.1040 0.1101 0.1159 0.1214 0.1266 0.1316 0.1363 0.1408 0.1449 0.1490 0.1531 0.1570 0.1610 0.1647 0.1682 0.1716 0.1749 0.1781 0.1812 0.1844 0.1874 0.1904 0.1934 0.1964 0.1993 0.2021 0.2049 0.2077 0.2104 0.2131 0.2158 0.2184 0.2210 0.2236 0.2261 0.2286 0.2310 0.2334 0.2358 0.2382 0.2405 0.2426 0.2547
0.2602 0.2482 0.2461 0.2439 0.2416 0.2394 0.2370 0.2347 0.2323 0.2298 0.2274 0.2249 0.2223 0.2198 0.2172 0.2145 0.2118 0.2091 0.2064 0.2036 0.2007 0.1979 0.1949 0.1920 0.1890 0.1859 0.1828 0.1797 0.1763 0.1728 0.1691 0.1653 0.1615 0.1576 0.1536 0.1495 0.1451 0.1404 0.1354 0.1301 0.1246 0.1188 0.1128 0.1065 0.0999 0.0930 0.0858 0.0781 0.0698 0.0604 0.0563 0.0604 0.0698 0.0781 0.0858 0.0930 0.0999 0.1065 0.1128 0.1188 0.1246 0.1301 0.1354 0.1404 0.1451 0.1495 0.1536 0.1576 0.1615 0.1653 0.1691 0.1728 0.1763 0.1797 0.1828 0.1859 0.1890 0.1920 0.1949 0.1979 0.2007 0.2036 0.2064 0.2091 0.2118 0.2145 0.2172 0.2198 0.2223 0.2249 0.2274 0.2298 0.2323 0.2347 0.2370 0.2394 0.2416 0.2439 0.2461 0.2482 0.2602
0.2652 0.2534 0.2514 0.2492 0.2470 0.2448 0.2426 0.2403 0.2380 0.2356 0.2332 0.2308 0.2284 0.2259 0.2234 0.2208 0.2182 0.2156 0.2129 0.2102 0.2075 0.2047 0.2019 0.1990 0.1961 0.1932 0.1902 0.1871 0.1837 0.1802 0.1766 0.1730 0.1693 0.1655 0.1615 0.1574 0.1530 0.1483 0.1433 0.1381 0.1325 0.1268 0.1208 0.1146 0.1080 0.1011 0.0938 0.0862 0.0781 0.0691 0.0622 0.0691 0.0781 0.0862 0.0938 0.1011 0.1080 0.1146 0.1208 0.1268 0.1325 0.1381 0.1433 0.1483 0.1530 0.1574 0.1615 0.1655 0.1693 0.1730 0.1766 0.1802 0.1837 0.1871 0.1902 0.1932 0.1961 0.1990 0.2019 0.2047 0.2075 0.2102 0.2129 0.2156 0.2182 0.2208 0.2234 0.2259 0.2284 0.2308 0.2332 0.2356 0.2380 0.2403 0.2426 0.2448 0.2470 0.2492 0.2514 0.2534 0.2652
0.2700 0.2584 0.2565 0.2544 0.2523 0.2501 0.2479 0.2457 0.2435 0.2412 0.2389 0.2366 0.2342 0.2318 0.2294 0.2269 0.2244 0.2219 0.2193 0.2167 0.2140 0.2113 0.2086 0.2059 0.2030 0.2002 0.1972 0.1941 0.1909 0.1874 0.1839 0.1804 0.1768 0.1730 0.1691 0.1650 0.1606 0.1558 0.1509 0.1456 0.1402 0.1344 0.1285 0.1223 0.1157 0.1088 0.1015 0.0938 0.0858 0.0768 0.0701 0.0768 0.0858 0.0938 0.1015 0.1088 0.1157 0.1223 0.1285 0.1344 0.1402 0.1456 0.1509 0.1558 0.1606 0.1650 0.1691 0.1730 0.1768 0.1804 0.1839 0.1874 0.1909 0.1941 0.1972 0.2002 0.2030 0.2059 0.2086 0.2113 0.2140 0.2167 0.2193 0.2219 0.2244 0.2269 0.2294 0.2318 0.2342 0.2366 0.2389 0.2412 0.2435 0.2457 0.2479 0.2501 0.2523 0.2544 0.2565 0.2584 0.2700
0.2747 0.2633 0.2614 0.2594 0.2573 0.2552 0.2531 0.2510 0.2488 0.2466 0.2444 0.2422 0.2399 0.2376 0.2352 0.2328 0.2304 0.2279 0.2254 0.2229 0.2204 0.2178 0.2151 0.2124 0.2097 0.2070 0.2040 0.2009 0.1977 0.1944 0.1910 0.1876 0.1840 0.1803 0.1763 0.1722 0.1678 0.1630 0.1580 0.1528 0.1474 0.1418 0.1358 0.1296 0.1230 0.1161 0.1088 0.1011 0.0930 0.0841 0.0775 0.0841 0.0930 0.1011 0.1088 0.1161 0.1230 0.1296 0.1358 0.1418 0.1474 0.1528 0.1580 0.1630 0.1678 0.1722 0.1763 0.1803 0.1840 0.1876 0.1910 0.1944 0.1977 0.2009 0.2040 0.2070 0.2097 0.2124 0.2151 0.2178 0.2204 0.2229 0.2254 0.2279 0.2304 0.2328 0.2352 0.2376 0.2399 0.2422 0.2444 0.2466 0.2488 0.2510 0.2531 0.2552 0.2573 0.2594 0.2614 0.2633 0.2747
