0.0066 0.0114 0.0126 0.0140 0.0155 0.0171 0.0190 0.0210 0.0232 0.0257 0.0284 0.0314 0.0347 0.0384 0.0425 0.0470 0.0520 0.0575 0.0636 0.0703 0.0778 0.0860 0.0951 0.1052 0.1164 0.1287 0.1424 0.1575 0.1742 0.1926 0.2131 0.2357 0.2606 0.2883 0.3189 0.3527 0.3901 0.4315 0.4772 0.5278 0.5838 0.6457 0.7142 0.7899 0.8737 0.9663 1.0000 1.0000 1.0000 1.0000 1.0000 1.0000 1.0000 1.0000 1.0000 0.9663 0.8737 0.7899 0.7142 0.6457 0.5838 0.5278 0.4772 0.4315 0.3901 0.3527 0.3189 0.2883 0.2606 0.2357 0.2131 0.1926 0.1742 0.1575 0.1424 0.1287 0.1164 0.1052 0.0951 0.0860 0.0778 0.0703 0.0636 0.0575 0.0520 0.0470 0.0425 0.0384 0.0347 0.0314 0.0284 0.0257 0.0232 0.0210 0.0190 0.0171 0.0155 0.0140 0.0126 0.0114 0.0066
0.0114 0.0153 0.0166 0.0183 0.0201 0.0222 0.0245 0.0271 0.0299 0.0331 0.0366 0.0405 0.0448 0.0495 0.0548 0.0606 0.0670 0.0741 0.0820 0.0907 0.1003 0.1110 0.1227 0.1358 0.1502 0.1661 0.1837 0.2032 0.2247 0.2485 0.2749 0.3041 0.3363 0.3720 0.4114 0.4550 0.5033 0.5567 0.6157 0.6810 0.7532 0.8331 0.9215 1.0000 1.0000 1.0000 1.0000 1.0000 1.0000 1.0000 1.0000 1.0000 1.0000 1.0000 1.0000 1.0000 1.0000 1.0000 0.9215 0.8331 0.7532 0.6810 0.6157 0.5567 0.5033 0.4550 0.4114 0.3720 0.3363 0.3041 0.2749 0.2485 0.2247 0.2032 0.1837 0.1661 0.1502 0.1358 0.1227 0.1110 0.1003 0.0907 0.0820 0.0741 0.0670 0.0606 0.0548 0.0495 0.0448 0.0405 0.0366 0.0331 0.0299 0.0271 0.0245 0.0222 0.0201 0.0183 0.0166 0.0153 0.0114
0.0126 0.0166 0.0178 0.0194 0.0212 0.0233 0.0256 0.0282 0.0312 0.0345 0.0380 0.0421 0.0465 0.0515 0.0569 0.0630 0.0696 0.0770 0.0852 0.0942 0.1042 0.1153 0.1275 0.1410 0.1560 0.1725 0.1908 0.2110 0.2334 0.2582 0.2856 0.3158 0.3493 0.3864 0.4274 0.4727 0.5228 0.5783 0.6396 0.7074 0.7824 0.8654 0.9572 1.0000 1.0000 1.0000 1.0000 1.0000 1.0000 1.0000 1.0000 1.0000 1.0000 1.0000 1.0000 1.0000 1.0000 1.0000 0.9572 0.8654 0.7824 0.7074 0.6396 0.5783 0.5228 0.4727 0.4274 0.3864 0.3493 0.3158 0.2856 0.2582 0.2334 0.2110 0.1908 0.1725 0.1560 0.1410 0.1275 0.1153 0.1042 0.0942 0.0852 0.0770 0.0696 0.0630 0.0569 0.0515 0.0465 0.0421 0.0380 0.0345 0.0312 0.0282 0.0256 0.0233 0.0212 0.0194 0.0178 0.0166 0.0126
0.0140 0.0183 0.0194 0.0208 0.0226 0.0247 0.0270 0.0296 0.0327 0.0361 0.0397 0.0440 0.0485 0.0537 0.0594 0.0657 0.0726 0.0803 0.0888 0.0983 0.1087 0.1202 0.1329 0.1470 0.1626 0.1799 0.1990 0.2201 0.2434 0.2692 0.2978 0.3293 0.3643 0.4029 0.4456 0.4929 0.5452 0.6030 0.6669 0.7376 0.8159 0.9024 0.9981 1.0000 1.0000 1.0000 1.0000 1.0000 1.0000 1.0000 1.0000 1.0000 1.0000 1.0000 1.0000 1.0000 1.0000 1.0000 0.9981 0.9024 0.8159 0.7376 0.6669 0.6030 0.5452 0.4929 0.4456 0.4029 0.3643 0.3293 0.2978 0.2692 0.2434 0.2201 0.1990 0.1799 0.1626 0.1470 0.1329 0.1202 0.1087 0.0983 0.0888 0.0803 0.0726 0.0657 0.0594 0.0537 0.0485 0.0440 0.0397 0.0361 0.0327 0.0296 0.0270 0.0247 0.0226 0.0208 0.0194 0.0183 0.0140
0.0155 0.0201 0.0212 0.0226 0.0243 0.0263 0.0287 0.0313 0.0344 0.0378 0.0417 0.0459 0.0507 0.0560 0.0619 0.0685 0.0757 0.0837 0.0926 0.1025 0.1133 0.1253 0.1386 0.1533 0.1696 0.1876 0.2075 0.2295 0.2538 0.2807 0.3105 0.3434 0.3798 0.4201 0.4647 0.5139 0.5685 0.6287 0.6954 0.7692 0.8507 0.9410 1.0000 1.0000 1.0000 1.0000 1.0000 1.0000 1.0000 1.0000 1.0000 1.0000 1.0000 1.0000 1.0000 1.0000 1.0000 1.0000 1.0000 0.9410 0.8507 0.7692 0.6954 0.6287 0.5685 0.5139 0.4647 0.4201 0.3798 0.3434 0.3105 0.2807 0.2538 0.2295 0.2075 0.1876 0.1696 0.1533 0.1386 0.1253 0.1133 0.1025 0.0926 0.0837 0.0757 0.0685 0.0619 0.0560 0.0507 0.0459 0.0417 0.0378 0.0344 0.0313 0.0287 0.0263 0.0243 0.0226 0.0212 0.0201 0.0155
0.0171 0.0222 0.0233 0.0247 0.0263 0.0283 0.0306 0.0333 0.0363 0.0398 0.0437 0.0482 0.0530 0.0585 0.0647 0.0714 0.0790 0.0873 0.0966 0.1068 0.1182 0.1307 0.1445 0.1599 0.1768 0.1956 0.2163 0.2393 0.2646 0.2927 0.3238 0.3581 0.3961 0.4381 0.4845 0.5359 0.5927 0.6556 0.7251 0.8020 0.8871 0.9812 1.0000 1.0000 1.0000 1.0000 1.0000 1.0000 1.0000 1.0000 1.0000 1.0000 1.0000 1.0000 1.0000 1.0000 1.0000 1.0000 1.0000 0.9812 0.8871 0.8020 0.7251 0.6556 0.5927 0.5359 0.4845 0.4381 0.3961 0.3581 0.3238 0.2927 0.2646 0.2393 0.2163 0.1956 0.1768 0.1599 0.1445 0.1307 0.1182 0.1068 0.0966 0.0873 0.0790 0.0714 0.0647 0.0585 0.0530 0.0482 0.0437 0.0398 0.0363 0.0333 0.0306 0.0283 0.0263 0.0247 0.0233 0.0222 0.0171
0.0190 0.0245 0.0256 0.0270 0.0287 0.0306 0.0329 0.0356 0.0386 0.0422 0.0462 0.0507 0.0556 0.0613 0.0677 0.0746 0.0825 0.0911 0.1007 0.1114 0.1232 0.1363 0.1507 0.1667 0.1844 0.2039 0.2256 0.2495 0.2760 0.3052 0.3376 0.3734 0.4130 0.4568 0.5052 0.5588 0.6181 0.6836 0.7561 0.8363 0.9250 1.0000 1.0000 1.0000 1.0000 1.0000 1.0000 1.0000 1.0000 1.0000 1.0000 1.0000 1.0000 1.0000 1.0000 1.0000 1.0000 1.0000 1.0000 1.0000 0.9250 0.8363 0.7561 0.6836 0.6181 0.5588 0.5052 0.4568 0.4130 0.3734 0.3376 0.3052 0.2760 0.2495 0.2256 0.2039 0.1844 0.1667 0.1507 0.1363 0.1232 0.1114 0.1007 0.0911 0.0825 0.0746 0.0677 0.0613 0.0556 0.0507 0.0462 0.0422 0.0386 0.0356 0.0329 0.0306 0.0287 0.0270 0.0256 0.0245 0.0190
0.0210 0.0271 0.0282 0.0296 0.0313 0.0333 0.0356 0.0383 0.0414 0.0449 0.0489 0.0535 0.0586 0.0644 0.0710 0.0782 0.0862 0.0951 0.1050 0.1162 0.1285 0.1421 0.1572 0.1738 0.1923 0.2127 0.2352 0.2602 0.2877 0.3183 0.3520 0.3893 0.4306 0.4763 0.5268 0.5827 0.6445 0.7128 0.7884 0.8720 0.9645 1.0000 1.0000 1.0000 1.0000 1.0000 1.0000 1.0000 1.0000 1.0000 1.0000 1.0000 1.0000 1.0000 1.0000 1.0000 1.0000 1.0000 1.0000 1.0000 0.9645 0.8720 0.7884 0.7128 0.6445 0.5827 0.5268 0.4763 0.4306 0.3893 0.3520 0.3183 0.2877 0.2602 0.2352 0.2127 0.1923 0.1738 0.1572 0.1421 0.1285 0.1162 0.1050 0.0951 0.0862 0.0782 0.0710 0.0644 0.0586 0.0535 0.0489 0.0449 0.0414 0.0383 0.0356 0.0333 0.0313 0.0296 0.0282 0.0271 0.0210
0.0232 0.0299 0.0312 0.0327 0.0344 0.0363 0.0386 0.0414 0.0445 0.0480 0.0522 0.0568 0.0620 0.0679 0.0746 0.0820 0.0902 0.0996 0.1097 0.1213 0.1340 0.1482 0.1639 0.1813 0.2005 0.2217 0.2453 0.2713 0.3000 0.3319 0.3671 0.4060 0.4490 0.4967 0.5493 0.6076 0.6720 0.7433 0.8221 0.9093 1.0000 1.0000 1.0000 1.0000 1.0000 1.0000 1.0000 1.0000 1.0000 1.0000 1.0000 1.0000 1.0000 1.0000 1.0000 1.0000 1.0000 1.0000 1.0000 1.0000 1.0000 0.9093 0.8221 0.7433 0.6720 0.6076 0.5493 0.4967 0.4490 0.4060 0.3671 0.3319 0.3000 0.2713 0.2453 0.2217 0.2005 0.1813 0.1639 0.1482 0.1340 0.1213 0.1097 0.0996 0.0902 0.0820 0.0746 0.0679 0.0620 0.0568 0.0522 0.0480 0.0445 0.0414 0.0386 0.0363 0.0344 0.0327 0.0312 0.0299 0.0232
0.0257 0.0331 0.0345 0.0361 0.0378 0.0398 0.0422 0.0449 0.0480 0.0517 0.0559 0.0605 0.0659 0.0718 0.0787 0.0863 0.0948 0.1044 0.1151 0.1268 0.1400 0.1545 0.1709 0.1890 0.2090 0.2312 0.2557 0.2829 0.3129 0.3460 0.3827 0.4233 0.4682 0.5179 0.5728 0.6335 0.7007 0.7750 0.8572 0.9481 1.0000 1.0000 1.0000 1.0000 1.0000 1.0000 1.0000 1.0000 1.0000 1.0000 1.0000 1.0000 1.0000 1.0000 1.0000 1.0000 1.0000 1.0000 1.0000 1.0000 1.0000 0.9481 0.8572 0.7750 0.7007 0.6335 0.5728 0.5179 0.4682 0.4233 0.3827 0.3460 0.3129 0.2829 0.2557 0.2312 0.2090 0.1890 0.1709 0.1545 0.1400 0.1268 0.1151 0.1044 0.0948 0.0863 0.0787 0.0718 0.0659 0.0605 0.0559 0.0517 0.0480 0.0449 0.0422 0.0398 0.0378 0.0361 0.0345 0.0331 0.0257
0.0284 0.0366 0.0380 0.0397 0.0417 0.0437 0.0462 0.0489 0.0522 0.0559 0.0600 0.0648 0.0702 0.0763 0.0833 0.0911 0.0999 0.1097 0.1207 0.1327 0.1465 0.1614 0.1785 0.1971 0.2180 0.2411 0.2667 0.2949 0.3262 0.3608 0.3991 0.4414 0.4882 0.5400 0.5973 0.6606 0.7307 0.8082 0.8939 0.9887 1.0000 1.0000 1.0000 1.0000 1.0000 1.0000 1.0000 1.0000 1.0000 1.0000 1.0000 1.0000 1.0000 1.0000 1.0000 1.0000 1.0000 1.0000 1.0000 1.0000 1.0000 0.9887 0.8939 0.8082 0.7307 0.6606 0.5973 0.5400 0.4882 0.4414 0.3991 0.3608 0.3262 0.2949 0.2667 0.2411 0.2180 0.1971 0.1785 0.1614 0.1465 0.1327 0.1207 0.1097 0.0999 0.0911 0.0833 0.0763 0.0702 0.0648 0.0600 0.0559 0.0522 0.0489 0.0462 0.0437 0.0417 0.0397 0.0380 0.0366 0.0284
0.0314 0.0405 0.0421 0.0440 0.0459 0.0482 0.0507 0.0535 0.0568 0.0605 0.0648 0.0696 0.0751 0.0814 0.0885 0.0966 0.1054 0.1155 0.1268 0.1394 0.1533 0.1693 0.1865 0.2059 0.2273 0.2514 0.2781 0.3075 0.3402 0.3762 0.4161 0.4603 0.5091 0.5631 0.6228 0.6888 0.7619 0.8427 0.9321 1.0000 1.0000 1.0000 1.0000 1.0000 1.0000 1.0000 1.0000 1.0000 1.0000 1.0000 1.0000 1.0000 1.0000 1.0000 1.0000 1.0000 1.0000 1.0000 1.0000 1.0000 1.0000 1.0000 0.9321 0.8427 0.7619 0.6888 0.6228 0.5631 0.5091 0.4603 0.4161 0.3762 0.3402 0.3075 0.2781 0.2514 0.2273 0.2059 0.1865 0.1693 0.1533 0.1394 0.1268 0.1155 0.1054 0.0966 0.0885 0.0814 0.0751 0.0696 0.0648 0.0605 0.0568 0.0535 0.0507 0.0482 0.0459 0.0440 0.0421 0.0405 0.0314
0.0347 0.0448 0.0465 0.0485 0.0507 0.0530 0.0556 0.0586 0.0620 0.0659 0.0702 0.0751 0.0808 0.0872 0.0944 0.1026 0.1118 0.1223 0.1337 0.1468 0.1611 0.1775 0.1952 0.2155 0.2375 0.2626 0.2899 0.3207 0.3547 0.3923 0.4339 0.4799 0.5308 0.5871 0.6494 0.7183 0.7944 0.8787 0.9719 1.0000 1.0000 1.0000 1.0000 1.0000 1.0000 1.0000 1.0000 1.0000 1.0000 1.0000 1.0000 1.0000 1.0000 1.0000 1.0000 1.0000 1.0000 1.0000 1.0000 1.0000 1.0000 1.0000 0.9719 0.8787 0.7944 0.7183 0.6494 0.5871 0.5308 0.4799 0.4339 0.3923 0.3547 0.3207 0.2899 0.2626 0.2375 0.2155 0.1952 0.1775 0.1611 0.1468 0.1337 0.1223 0.1118 0.1026 0.0944 0.0872 0.0808 0.0751 0.0702 0.0659 0.0620 0.0586 0.0556 0.0530 0.0507 0.0485 0.0465 0.0448 0.0347
0.0384 0.0495 0.0515 0.0537 0.0560 0.0585 0.0613 0.0644 0.0679 0.0718 0.0763 0.0814 0.0872 0.0937 0.1011 0.1095 0.1191 0.1297 0.1416 0.1548 0.1699 0.1865 0.2051 0.2256 0.2490 0.2744 0.3029 0.3344 0.3699 0.4091 0.4525 0.5004 0.5535 0.6122 0.6771 0.7490 0.8284 0.9162 1.0000 1.0000 1.0000 1.0000 1.0000 1.0000 1.0000 1.0000 1.0000 1.0000 1.0000 1.0000 1.0000 1.0000 1.0000 1.0000 1.0000 1.0000 1.0000 1.0000 1.0000 1.0000 1.0000 1.0000 1.0000 0.9162 0.8284 0.7490 0.6771 0.6122 0.5535 0.5004 0.4525 0.4091 0.3699 0.3344 0.3029 0.2744 0.2490 0.2256 0.2051 0.1865 0.1699 0.1548 0.1416 0.1297 0.1191 0.1095 0.1011 0.0937 0.0872 0.0814 0.0763 0.0718 0.0679 0.0644 0.0613 0.0585 0.0560 0.0537 0.0515 0.0495 0.0384
0.0425 0.0548 0.0569 0.0594 0.0619 0.0647 0.0677 0.0710 0.0746 0.0787 0.0833 0.0885 0.0944 0.1011 0.1087 0.1173 0.1270 0.1378 0.1502 0.1636 0.1792 0.1963 0.2155 0.2370 0.2606 0.2872 0.3171 0.3493 0.3864 0.4266 0.4718 0.5218 0.5772 0.6384 0.7061 0.7810 0.8638 0.9554 1.0000 1.0000 1.0000 1.0000 1.0000 1.0000 1.0000 1.0000 1.0000 1.0000 1.0000 1.0000 1.0000 1.0000 1.0000 1.0000 1.0000 1.0000 1.0000 1.0000 1.0000 1.0000 1.0000 1.0000 1.0000 0.9554 0.8638 0.7810 0.7061 0.6384 0.5772 0.5218 0.4718 0.4266 0.3864 0.3493 0.3171 0.2872 0.2606 0.2370 0.2155 0.1963 0.1792 0.1636 0.1502 0.1378 0.1270 0.1173 0.1087 0.1011 0.0944 0.0885 0.0833 0.0787 0.0746 0.0710 0.0677 0.0647 0.0619 0.0594 0.0569 0.0548 0.0425
0.0470 0.0606 0.0630 0.0657 0.0685 0.0714 0.0746 0.0782 0.0820 0.0863 0.0911 0.0966 0.1026 0.1095 0.1173 0.1261 0.1360 0.1473 0.1599 0.1738 0.1897 0.2075 0.2273 0.2495 0.2739 0.3018 0.3319 0.3664 0.4037 0.4456 0.4920 0.5441 0.6018 0.6657 0.7362 0.8143 0.9007 0.9962 1.0000 1.0000 1.0000 1.0000 1.0000 1.0000 1.0000 1.0000 1.0000 1.0000 1.0000 1.0000 1.0000 1.0000 1.0000 1.0000 1.0000 1.0000 1.0000 1.0000 1.0000 1.0000 1.0000 1.0000 1.0000 0.9962 0.9007 0.8143 0.7362 0.6657 0.6018 0.5441 0.4920 0.4456 0.4037 0.3664 0.3319 0.3018 0.2739 0.2495 0.2273 0.2075 0.1897 0.1738 0.1599 0.1473 0.1360 0.1261 0.1173 0.1095 0.1026 0.0966 0.0911 0.0863 0.0820 0.0782 0.0746 0.0714 0.0685 0.0657 0.0630 0.0606 0.0470
0.0520 0.0670 0.0696 0.0726 0.0757 0.0790 0.0825 0.0862 0.0902 0.0948 0.0999 0.1054 0.1118 0.1191 0.1270 0.1360 0.1462 0.1578 0.1709 0.1854 0.2016 0.2201 0.2402 0.2631 0.2888 0.3171 0.3487 0.3835 0.4225 0.4664 0.5139 0.5685 0.6275 0.6941 0.7677 0.8491 0.9392 1.0000 1.0000 1.0000 1.0000 1.0000 1.0000 1.0000 1.0000 1.0000 1.0000 1.0000 1.0000 1.0000 1.0000 1.0000 1.0000 1.0000 1.0000 1.0000 1.0000 1.0000 1.0000 1.0000 1.0000 1.0000 1.0000 1.0000 0.9392 0.8491 0.7677 0.6941 0.6275 0.5685 0.5139 0.4664 0.4225 0.3835 0.3487 0.3171 0.2888 0.2631 0.2402 0.2201 0.2016 0.1854 0.1709 0.1578 0.1462 0.1360 0.1270 0.1191 0.1118 0.1054 0.0999 0.0948 0.0902 0.0862 0.0825 0.0790 0.0757 0.0726 0.0696 0.0670 0.0520
0.0575 0.0741 0.0770 0.0803 0.0837 0.0873 0.0911 0.0951 0.0996 0.1044 0.1097 0.1155 0.1223 0.1297 0.1378 0.1473 0.1578 0.1696 0.1830 0.1982 0.2151 0.2339 0.2548 0.2786 0.3046 0.3338 0.3664 0.4029 0.4431 0.4882 0.5390 0.5939 0.6556 0.7238 0.8005 0.8854 0.9793 1.0000 1.0000 1.0000 1.0000 1.0000 1.0000 1.0000 1.0000 1.0000 1.0000 1.0000 1.0000 1.0000 1.0000 1.0000 1.0000 1.0000 1.0000 1.0000 1.0000 1.0000 1.0000 1.0000 1.0000 1.0000 1.0000 1.0000 0.9793 0.8854 0.8005 0.7238 0.6556 0.5939 0.5390 0.4882 0.4431 0.4029 0.3664 0.3338 0.3046 0.2786 0.2548 0.2339 0.2151 0.1982 0.1830 0.1696 0.1578 0.1473 0.1378 0.1297 0.1223 0.1155 0.1097 0.1044 0.0996 0.0951 0.0911 0.0873 0.0837 0.0803 0.0770 0.0741 0.0575
0.0636 0.0820 0.0852 0.0888 0.0926 0.0966 0.1007 0.1050 0.1097 0.1151 0.1207 0.1268 0.1337 0.1416 0.1502 0.1599 0.1709 0.1830 0.1967 0.2123 0.2299 0.2495 0.2713 0.2955 0.3225 0.3527 0.3857 0.4233 0.4656 0.5120 0.5641 0.6216 0.6862 0.7561 0.8363 0.9232 1.0000 1.0000 1.0000 1.0000 1.0000 1.0000 1.0000 1.0000 1.0000 1.0000 1.0000 1.0000 1.0000 1.0000 1.0000 1.0000 1.0000 1.0000 1.0000 1.0000 1.0000 1.0000 1.0000 1.0000 1.0000 1.0000 1.0000 1.0000 1.0000 0.9232 0.8363 0.7561 0.6862 0.6216 0.5641 0.5120 0.4656 0.4233 0.3857 0.3527 0.3225 0.2955 0.2713 0.2495 0.2299 0.2123 0.1967 0.1830 0.1709 0.1599 0.1502 0.1416 0.1337 0.1268 0.1207 0.1151 0.1097 0.1050 0.1007 0.0966 0.0926 0.0888 0.0852 0.0820 0.0636
0.0703 0.0907 0.0942 0.0983 0.1025 0.1068 0.1114 0.1162 0.1213 0.1268 0.1327 0.1394 0.1468 0.1548 0.1636 0.1738 0.1854 0.1982 0.2123 0.2282 0.2462 0.2667 0.2894 0.3141 0.3421 0.3727 0.4075 0.4465 0.4901 0.5380 0.5927 0.6519 0.7183 0.7929 0.8737 0.9645 1.0000 1.0000 1.0000 1.0000 1.0000 1.0000 1.0000 1.0000 1.0000 1.0000 1.0000 1.0000 1.0000 1.0000 1.0000 1.0000 1.0000 1.0000 1.0000 1.0000 1.0000 1.0000 1.0000 1.0000 1.0000 1.0000 1.0000 1.0000 1.0000 0.9645 0.8737 0.7929 0.7183 0.6519 0.5927 0.5380 0.4901 0.4465 0.4075 0.3727 0.3421 0.3141 0.2894 0.2667 0.2462 0.2282 0.2123 0.1982 0.1854 0.1738 0.1636 0.1548 0.1468 0.1394 0.1327 0.1268 0.1213 0.1162 0.1114 0.1068 0.1025 0.0983 0.0942 0.0907 0.0703
0.0778 0.1003 0.1042 0.1087 0.1133 0.1182 0.1232 0.1285 0.1340 0.1400 0.1465 0.1533 0.1611 0.1699 0.1792 0.1897 0.2016 0.2151 0.2299 0.2462 0.2646 0.2856 0.3093 0.3357 0.3636 0.3961 0.4315 0.4718 0.5169 0.5674 0.6228 0.6849 0.7532 0.8300 0.9145 1.0000 1.0000 1.0000 1.0000 1.0000 1.0000 1.0000 1.0000 1.0000 1.0000 1.0000 1.0000 1.0000 1.0000 1.0000 1.0000 1.0000 1.0000 1.0000 1.0000 1.0000 1.0000 1.0000 1.0000 1.0000 1.0000 1.0000 1.0000 1.0000 1.0000 1.0000 0.9145 0.8300 0.7532 0.6849 0.6228 0.5674 0.5169 0.4718 0.4315 0.3961 0.3636 0.3357 0.3093 0.2856 0.2646 0.2462 0.2299 0.2151 0.2016 0.1897 0.1792 0.1699 0.1611 0.1533 0.1465 0.1400 0.1340 0.1285 0.1232 0.1182 0.1133 0.1087 0.1042 0.1003 0.0778
0.0860 0.1110 0.1153 0.1202 0.1253 0.1307 0.1363 0.1421 0.1482 0.1545 0.1614 0.1693 0.1775 0.1865 0.1963 0.2075 0.2201 0.2339 0.2495 0.2667 0.2856 0.3070 0.3312 0.3581 0.3879 0.4209 0.4585 0.4995 0.5462 0.5984 0.6556 0.7196 0.7914 0.8704 0.9590 1.0000 1.0000 1.0000 1.0000 1.0000 1.0000 1.0000 1.0000 1.0000 1.0000 1.0000 1.0000 1.0000 1.0000 1.0000 1.0000 1.0000 1.0000 1.0000 1.0000 1.0000 1.0000 1.0000 1.0000 1.0000 1.0000 1.0000 1.0000 1.0000 1.0000 1.0000 0.9590 0.8704 0.7914 0.7196 0.6556 0.5984 0.5462 0.4995 0.4585 0.4209 0.3879 0.3581 0.3312 0.3070 0.2856 0.2667 0.2495 0.2339 0.2201 0.2075 0.1963 0.1865 0.1775 0.1693 0.1614 0.1545 0.1482 0.1421 0.1363 0.1307 0.1253 0.1202 0.1153 0.1110 0.0860
0.0951 0.1227 0.1275 0.1329 0.1386 0.1445 0.1507 0.1572 0.1639 0.1709 0.1785 0.1865 0.1952 0.2051 0.2155 0.2273 0.2402 0.2548 0.2713 0.2894 0.3093 0.3312 0.3561 0.3842 0.4153 0.4499 0.4882 0.5308 0.5794 0.6323 0.6928 0.7576 0.8315 0.9145 1.0000 1.0000 1.0000 1.0000 1.0000 1.0000 1.0000 1.0000 1.0000 1.0000 1.0000 1.0000 1.0000 1.0000 1.0000 1.0000 1.0000 1.0000 1.0000 1.0000 1.0000 1.0000 1.0000 1.0000 1.0000 1.0000 1.0000 1.0000 1.0000 1.0000 1.0000 1.0000 1.0000 0.9145 0.8315 0.7576 0.6928 0.6323 0.5794 0.5308 0.4882 0.4499 0.4153 0.3842 0.3561 0.3312 0.3093 0.2894 0.2713 0.2548 0.2402 0.2273 0.2155 0.2051 0.1952 0.1865 0.1785 0.1709 0.1639 0.1572 0.1507 0.1445 0.1386 0.1329 0.1275 0.1227 0.0951
0.1052 0.1358 0.1410 0.1470 0.1533 0.1599 0.1667 0.1738 0.1813 0.1890 0.1971 0.2059 0.2155 0.2256 0.2370 0.2495 0.2631 0.2786 0.2955 0.3141 0.3357 0.3581 0.3842 0.4130 0.4456 0.4818 0.5218 0.5663 0.6157 0.6707 0.7321 0.8005 0.8770 0.9627 1.0000 1.0000 1.0000 1.0000 1.0000 1.0000 1.0000 1.0000 1.0000 1.0000 1.0000 1.0000 1.0000 1.0000 1.0000 1.0000 1.0000 1.0000 1.0000 1.0000 1.0000 1.0000 1.0000 1.0000 1.0000 1.0000 1.0000 1.0000 1.0000 1.0000 1.0000 1.0000 1.0000 0.9627 0.8770 0.8005 0.7321 0.6707 0.6157 0.5663 0.5218 0.4818 0.4456 0.4130 0.3842 0.3581 0.3357 0.3141 0.2955 0.2786 0.2631 0.2495 0.2370 0.2256 0.2155 0.2059 0.1971 0.1890 0.1813 0.1738 0.1667 0.1599 0.1533 0.1470 0.1410 0.1358 0.1052
0.1164 0.1502 0.1560 0.1626 0.1696 0.1768 0.1844 0.1923 0.2005 0.2090 0.2180 0.2273 0.2375 0.2490 0.2606 0.2739 0.2888 0.3046 0.3225 0.3421 0.3636 0.3879 0.4153 0.4456 0.4790 0.5169 0.5588 0.6053 0.6569 0.7142 0.7780 0.8475 0.9267 1.0000 1.0000 1.0000 1.0000 1.0000 1.0000 1.0000 1.0000 1.0000 1.0000 1.0000 1.0000 1.0000 1.0000 1.0000 1.0000 1.0000 1.0000 1.0000 1.0000 1.0000 1.0000 1.0000 1.0000 1.0000 1.0000 1.0000 1.0000 1.0000 1.0000 1.0000 1.0000 1.0000 1.0000 1.0000 0.9267 0.8475 0.7780 0.7142 0.6569 0.6053 0.5588 0.5169 0.4790 0.4456 0.4153 0.3879 0.3636 0.3421 0.3225 0.3046 0.2888 0.2739 0.2606 0.2490 0.2375 0.2273 0.2180 0.2090 0.2005 0.1923 0.1844 0.1768 0.1696 0.1626 0.1560 0.1502 0.1164
0.1287 0.1661 0.1725 0.1799 0.1876 0.1956 0.2039 0.2127 0.2217 0.2312 0.2411 0.2514 0.2626 0.2744 0.2872 0.3018 0.3171 0.3338 0.3527 0.3727 0.3961 0.4209 0.4499 0.4818 0.5169 0.5556 0.5995 0.6482 0.7021 0.7619 0.8268 0.9007 0.9812 1.0000 1.0000 1.0000 1.0000 1.0000 1.0000 1.0000 1.0000 1.0000 1.0000 1.0000 1.0000 1.0000 1.0000 1.0000 1.0000 1.0000 1.0000 1.0000 1.0000 1.0000 1.0000 1.0000 1.0000 1.0000 1.0000 1.0000 1.0000 1.0000 1.0000 1.0000 1.0000 1.0000 1.0000 1.0000 0.9812 0.9007 0.8268 0.7619 0.7021 0.6482 0.5995 0.5556 0.5169 0.4818 0.4499 0.4209 0.3961 0.3727 0.3527 0.3338 0.3171 0.3018 0.2872 0.2744 0.2626 0.2514 0.2411 0.2312 0.2217 0.2127 0.2039 0.1956 0.1876 0.1799 0.1725 0.1661 0.1287
0.1424 0.1837 0.1908 0.1990 0.2075 0.2163 0.2256 0.2352 0.2453 0.2557 0.2667 0.2781 0.2899 0.3029 0.3171 0.3319 0.3487 0.3664 0.3857 0.4075 0.4315 0.4585 0.4882 0.5218 0.5588 0.5995 0.6445 0.6954 0.7518 0.8143 0.8837 0.9572 1.0000 1.0000 1.0000 1.0000 1.0000 1.0000 1.0000 1.0000 1.0000 1.0000 1.0000 1.0000 1.0000 1.0000 1.0000 1.0000 1.0000 1.0000 1.0000 1.0000 1.0000 1.0000 1.0000 1.0000 1.0000 1.0000 1.0000 1.0000 1.0000 1.0000 1.0000 1.0000 1.0000 1.0000 1.0000 1.0000 1.0000 0.9572 0.8837 0.8143 0.7518 0.6954 0.6445 0.5995 0.5588 0.5218 0.4882 0.4585 0.4315 0.4075 0.3857 0.3664 0.3487 0.3319 0.3171 0.3029 0.2899 0.2781 0.2667 0.2557 0.2453 0.2352 0.2256 0.2163 0.2075 0.1990 0.1908 0.1837 0.1424
0.1575 0.2032 0.2110 0.2201 0.2295 0.2393 0.2495 0.2602 0.2713 0.2829 0.2949 0.3075 0.3207 0.3344 0.3493 0.3664 0.3835 0.4029 0.4233 0.4465 0.4718 0.4995 0.5308 0.5663 0.6053 0.6482 0.6954 0.7475 0.8066 0.8720 0.9445 1.0000 1.0000 1.0000 1.0000 1.0000 1.0000 1.0000 1.0000 1.0000 1.0000 1.0000 1.0000 1.0000 1.0000 1.0000 1.0000 1.0000 1.0000 1.0000 1.0000 1.0000 1.0000 1.0000 1.0000 1.0000 1.0000 1.0000 1.0000 1.0000 1.0000 1.0000 1.0000 1.0000 1.0000 1.0000 1.0000 1.0000 1.0000 1.0000 0.9445 0.8720 0.8066 0.7475 0.6954 0.6482 0.6053 0.5663 0.5308 0.4995 0.4718 0.4465 0.4233 0.4029 0.3835 0.3664 0.3493 0.3344 0.3207 0.3075 0.2949 0.2829 0.2713 0.2602 0.2495 0.2393 0.2295 0.2201 0.2110 0.2032 0.1575
0.1742 0.2247 0.2334 0.2434 0.2538 0.2646 0.2760 0.2877 0.3000 0.3129 0.3262 0.3402 0.3547 0.3699 0.3864 0.4037 0.4225 0.4431 0.4656 0.4901 0.5169 0.5462 0.5794 0.6157 0.6569 0.7021 0.7518 0.8066 0.8671 0.9356 1.0000 1.0000 1.0000 1.0000 1.0000 1.0000 1.0000 1.0000 1.0000 1.0000 1.0000 1.0000 1.0000 1.0000 1.0000 1.0000 1.0000 1.0000 1.0000 1.0000 1.0000 1.0000 1.0000 1.0000 1.0000 1.0000 1.0000 1.0000 1.0000 1.0000 1.0000 1.0000 1.0000 1.0000 1.0000 1.0000 1.0000 1.0000 1.0000 1.0000 1.0000 0.9356 0.8671 0.8066 0.7518 0.7021 0.6569 0.6157 0.5794 0.5462 0.5169 0.4901 0.4656 0.4431 0.4225 0.4037 0.3864 0.3699 0.3547 0.3402 0.3262 0.3129 0.3000 0.2877 0.2760 0.2646 0.2538 0.2434 0.2334 0.2247 0.1742
0.1926 0.2485 0.2582 0.2692 0.2807 0.2927 0.3052 0.3183 0.3319 0.3460 0.3608 0.3762 0.3923 0.4091 0.4266 0.4456 0.4664 0.4882 0.5120 0.5380 0.5674 0.5984 0.6323 0.6707 0.7142 0.7619 0.8143 0.8720 0.9356 1.0000 1.0000 1.0000 1.0000 1.0000 1.0000 1.0000 1.0000 1.0000 1.0000 1.0000 1.0000 1.0000 1.0000 1.0000 1.0000 1.0000 1.0000 1.0000 1.0000 1.0000 1.0000 1.0000 1.0000 1.0000 1.0000 1.0000 1.0000 1.0000 1.0000 1.0000 1.0000 1.0000 1.0000 1.0000 1.0000 1.0000 1.0000 1.0000 1.0000 1.0000 1.0000 1.0000 0.9356 0.8720 0.8143 0.7619 0.7142 0.6707 0.6323 0.5984 0.5674 0.5380 0.5120 0.4882 0.4664 0.4456 0.4266 0.4091 0.3923 0.3762 0.3608 0.3460 0.3319 0.3183 0.3052 0.2927 0.2807 0.2692 0.2582 0.2485 0.1926
0.2131 0.2749 0.2856 0.2978 0.3105 0.3238 0.3376 0.3520 0.3671 0.3827 0.3991 0.4161 0.4339 0.4525 0.4718 0.4920 0.5139 0.5390 0.5641 0.5927 0.6228 0.6556 0.6928 0.7321 0.7780 0.8268 0.8837 0.9445 1.0000 1.0000 1.0000 1.0000 1.0000 1.0000 1.0000 1.0000 1.0000 1.0000 1.0000 1.0000 1.0000 1.0000 1.0000 1.0000 1.0000 1.0000 1.0000 1.0000 1.0000 1.0000 1.0000 1.0000 1.0000 1.0000 1.0000 1.0000 1.0000 1.0000 1.0000 1.0000 1.0000 1.0000 1.0000 1.0000 1.0000 1.0000 1.0000 1.0000 1.0000 1.0000 1.0000 1.0000 1.0000 0.9445 0.8837 0.8268 0.7780 0.7321 0.6928 0.6556 0.6228 0.5927 0.5641 0.5390 0.5139 0.4920 0.4718 0.4525 0.4339 0.4161 0.3991 0.3827 0.3671 0.3520 0.3376 0.3238 0.3105 0.2978 0.2856 0.2749 0.2131
0.2357 0.3041 0.3158 0.3293 0.3434 0.3581 0.3734 0.3893 0.4060 0.4233 0.4414 0.4603 0.4799 0.5004 0.5218 0.5441 0.5685 0.5939 0.6216 0.6519 0.6849 0.7196 0.7576 0.8005 0.8475 0.9007 0.9572 1.0000 1.0000 1.0000 1.0000 1.0000 1.0000 1.0000 1.0000 1.0000 1.0000 1.0000 1.0000 1.0000 1.0000 1.0000 1.0000 1.0000 1.0000 1.0000 1.0000 1.0000 1.0000 1.0000 1.0000 1.0000 1.0000 1.0000 1.0000 1.0000 1.0000 1.0000 1.0000 1.0000 1.0000 1.0000 1.0000 1.0000 1.0000 1.0000 1.0000 1.0000 1.0000 1.0000 1.0000 1.0000 1.0000 1.0000 0.9572 0.9007 0.8475 0.8005 0.7576 0.7196 0.6849 0.6519 0.6216 0.5939 0.5685 0.5441 0.5218 0.5004 0.4799 0.4603 0.4414 0.4233 0.4060 0.3893 0.3734 0.3581 0.3434 0.3293 0.3158 0.3041 0.2357
0.2606 0.3363 0.3493 0.3643 0.3798 0.3961 0.4130 0.4306 0.4490 0.4682 0.4882 0.5091 0.5308 0.5535 0.5772 0.6018 0.6275 0.6556 0.6862 0.7183 0.7532 0.7914 0.8315 0.8770 0.9267 0.9812 1.0000 1.0000 1.0000 1.0000 1.0000 1.0000 1.0000 1.0000 1.0000 1.0000 1.0000 1.0000 1.0000 1.0000 1.0000 1.0000 1.0000 1.0000 1.0000 1.0000 1.0000 1.0000 1.0000 1.0000 1.0000 1.0000 1.0000 1.0000 1.0000 1.0000 1.0000 1.0000 1.0000 1.0000 1.0000 1.0000 1.0000 1.0000 1.0000 1.0000 1.0000 1.0000 1.0000 1.0000 1.0000 1.0000 1.0000 1.0000 1.0000 0.9812 0.9267 0.8770 0.8315 0.7914 0.7532 0.7183 0.6862 0.6556 0.6275 0.6018 0.5772 0.5535 0.5308 0.5091 0.4882 0.4682 0.4490 0.4306 0.4130 0.3961 0.3798 0.3643 0.3493 0.3363 0.2606
0.2883 0.3720 0.3864 0.4029 0.4201 0.4381 0.4568 0.4763 0.4967 0.5179 0.5400 0.5631 0.5871 0.6122 0.6384 0.6657 0.6941 0.7238 0.7561 0.7929 0.8300 0.8704 0.9145 0.9627 1.0000 1.0000 1.0000 1.0000 1.0000 1.0000 1.0000 1.0000 1.0000 1.0000 1.0000 1.0000 1.0000 1.0000 1.0000 1.0000 1.0000 1.0000 1.0000 1.0000 1.0000 1.0000 1.0000 1.0000 1.0000 1.0000 1.0000 1.0000 1.0000 1.0000 1.0000 1.0000 1.0000 1.0000 1.0000 1.0000 1.0000 1.0000 1.0000 1.0000 1.0000 1.0000 1.0000 1.0000 1.0000 1.0000 1.0000 1.0000 1.0000 1.0000 1.0000 1.0000 1.0000 0.9627 0.9145 0.8704 0.8300 0.7929 0.7561 0.7238 0.6941 0.6657 0.6384 0.6122 0.5871 0.5631 0.5400 0.5179 0.4967 0.4763 0.4568 0.4381 0.4201 0.4029 0.3864 0.3720 0.2883
0.3189 0.4114 0.4274 0.4456 0.4647 0.4845 0.5052 0.5268 0.5493 0.5728 0.5973 0.6228 0.6494 0.6771 0.7061 0.7362 0.7677 0.8005 0.8363 0.8737 0.9145 0.9590 1.0000 1.0000 1.0000 1.0000 1.0000 1.0000 1.0000 1.0000 1.0000 1.0000 1.0000 1.0000 1.0000 1.0000 1.0000 1.0000 1.0000 1.0000 1.0000 1.0000 1.0000 1.0000 1.0000 1.0000 1.0000 1.0000 1.0000 1.0000 1.0000 1.0000 1.0000 1.0000 1.0000 1.0000 1.0000 1.0000 1.0000 1.0000 1.0000 1.0000 1.0000 1.0000 1.0000 1.0000 1.0000 1.0000 1.0000 1.0000 1.0000 1.0000 1.0000 1.0000 1.0000 1.0000 1.0000 1.0000 1.0000 0.9590 0.9145 0.8737 0.8363 0.8005 0.7677 0.7362 0.7061 0.6771 0.6494 0.6228 0.5973 0.5728 0.5493 0.5268 0.5052 0.4845 0.4647 0.4456 0.4274 0.4114 0.3189
0.3527 0.4550 0.4727 0.4929 0.5139 0.5359 0.5588 0.5827 0.6076 0.6335 0.6606 0.6888 0.7183 0.7490 0.7810 0.8143 0.8491 0.8854 0.9232 0.9645 1.0000 1.0000 1.0000 1.0000 1.0000 1.0000 1.0000 1.0000 1.0000 1.0000 1.0000 1.0000 1.0000 1.0000 1.0000 1.0000 1.0000 1.0000 1.0000 1.0000 1.0000 1.0000 1.0000 1.0000 1.0000 1.0000 1.0000 1.0000 1.0000 1.0000 1.0000 1.0000 1.0000 1.0000 1.0000 1.0000 1.0000 1.0000 1.0000 1.0000 1.0000 1.0000 1.0000 1.0000 1.0000 1.0000 1.0000 1.0000 1.0000 1.0000 1.0000 1.0000 1.0000 1.0000 1.0000 1.0000 1.0000 1.0000 1.0000 1.0000 1.0000 0.9645 0.9232 0.8854 0.8491 0.8143 0.7810 0.7490 0.7183 0.6888 0.6606 0.6335 0.6076 0.5827 0.5588 0.5359 0.5139 0.4929 0.4727 0.4550 0.3527
0.3901 0.5033 0.5228 0.5452 0.5685 0.5927 0.6181 0.6445 0.6720 0.7007 0.7307 0.7619 0.7944 0.8284 0.8638 0.9007 0.9392 0.9793 1.0000 1.0000 1.0000 1.0000 1.0000 1.0000 1.0000 1.0000 1.0000 1.0000 1.0000 1.0000 1.0000 1.0000 1.0000 1.0000 1.0000 1.0000 1.0000 1.0000 1.0000 1.0000 1.0000 1.0000 1.0000 1.0000 1.0000 1.0000 1.0000 1.0000 1.0000 1.0000 1.0000 1.0000 1.0000 1.0000 1.0000 1.0000 1.0000 1.0000 1.0000 1.0000 1.0000 1.0000 1.0000 1.0000 1.0000 1.0000 1.0000 1.0000 1.0000 1.0000 1.0000 1.0000 1.0000 1.0000 1.0000 1.0000 1.0000 1.0000 1.0000 1.0000 1.0000 1.0000 1.0000 0.9793 0.9392 0.9007 0.8638 0.8284 0.7944 0.7619 0.7307 0.7007 0.6720 0.6445 0.6181 0.5927 0.5685 0.5452 0.5228 0.5033 0.3901
0.4315 0.5567 0.5783 0.6030 0.6287 0.6556 0.6836 0.7128 0.7433 0.7750 0.8082 0.8427 0.8787 0.9162 0.9554 0.9962 1.0000 1.0000 1.0000 1.0000 1.0000 1.0000 1.0000 1.0000 1.0000 1.0000 1.0000 1.0000 1.0000 1.0000 1.0000 1.0000 1.0000 1.0000 1.0000 1.0000 1.0000 1.0000 1.0000 1.0000 1.0000 1.0000 1.0000 1.0000 1.0000 1.0000 1.0000 1.0000 1.0000 1.0000 1.0000 1.0000 1.0000 1.0000 1.0000 1.0000 1.0000 1.0000 1.0000 1.0000 1.0000 1.0000 1.0000 1.0000 1.0000 1.0000 1.0000 1.0000 1.0000 1.0000 1.0000 1.0000 1.0000 1.0000 1.0000 1.0000 1.0000 1.0000 1.0000 1.0000 1.0000 1.0000 1.0000 1.0000 1.0000 0.9962 0.9554 0.9162 0.8787 0.8427 0.8082 0.7750 0.7433 0.7128 0.6836 0.6556 0.6287 0.6030 0.5783 0.5567 0.4315
0.4772 0.6157 0.6396 0.6669 0.6954 0.7251 0.7561 0.7884 0.8221 0.8572 0.8939 0.9321 0.9719 1.0000 1.0000 1.0000 1.0000 1.0000 1.0000 1.0000 1.0000 1.0000 1.0000 1.0000 1.0000 1.0000 1.0000 1.0000 1.0000 1.0000 1.0000 1.0000 1.0000 1.0000 1.0000 1.0000 1.0000 1.0000 1.0000 1.0000 1.0000 1.0000 1.0000 1.0000 1.0000 1.0000 1.0000 1.0000 1.0000 1.0000 1.0000 1.0000 1.0000 1.0000 1.0000 1.0000 1.0000 1.0000 1.0000 1.0000 1.0000 1.0000 1.0000 1.0000 1.0000 1.0000 1.0000 1.0000 1.0000 1.0000 1.0000 1.0000 1.0000 1.0000 1.0000 1.0000 1.0000 1.0000 1.0000 1.0000 1.0000 1.0000 1.0000 1.0000 1.0000 1.0000 1.0000 1.0000 0.9719 0.9321 0.8939 0.8572 0.8221 0.7884 0.7561 0.7251 0.6954 0.6669 0.6396 0.6157 0.4772
0.5278 0.6810 0.7074 0.7376 0.7692 0.8020 0.8363 0.8720 0.9093 0.9481 0.9887 1.0000 1.0000 1.0000 1.0000 1.0000 1.0000 1.0000 1.0000 1.0000 1.0000 1.0000 1.0000 1.0000 1.0000 1.0000 1.0000 1.0000 1.0000 1.0000 1.0000 1.0000 1.0000 1.0000 1.0000 1.0000 1.0000 1.0000 1.0000 1.0000 1.0000 1.0000 1.0000 1.0000 1.0000 1.0000 1.0000 1.0000 1.0000 1.0000 1.0000 1.0000 1.0000 1.0000 1.0000 1.0000 1.0000 1.0000 1.0000 1.0000 1.0000 1.0000 1.0000 1.0000 1.0000 1.0000 1.0000 1.0000 1.0000 1.0000 1.0000 1.0000 1.0000 1.0000 1.0000 1.0000 1.0000 1.0000 1.0000 1.0000 1.0000 1.0000 1.0000 1.0000 1.0000 1.0000 1.0000 1.0000 1.0000 1.0000 0.9887 0.9481 0.9093 0.8720 0.8363 0.8020 0.7692 0.7376 0.7074 0.6810 0.5278
0.5838 0.7532 0.7824 0.8159 0.8507 0.8871 0.9250 0.9645 1.0000 1.0000 1.0000 1.0000 1.0000 1.0000 1.0000 1.0000 1.0000 1.0000 1.0000 1.0000 1.0000 1.0000 1.0000 1.0000 1.0000 1.0000 1.0000 1.0000 1.0000 1.0000 1.0000 1.0000 1.0000 1.0000 1.0000 1.0000 1.0000 1.0000 1.0000 1.0000 1.0000 1.0000 1.0000 1.0000 1.0000 1.0000 1.0000 1.0000 1.0000 1.0000 1.0000 1.0000 1.0000 1.0000 1.0000 1.0000 1.0000 1.0000 1.0000 1.0000 1.0000 1.0000 1.0000 1.0000 1.0000 1.0000 1.0000 1.0000 1.0000 1.0000 1.0000 1.0000 1.0000 1.0000 1.0000 1.0000 1.0000 1.0000 1.0000 1.0000 1.0000 1.0000 1.0000 1.0000 1.0000 1.0000 1.0000 1.0000 1.0000 1.0000 1.0000 1.0000 1.0000 0.9645 0.9250 0.8871 0.8507 0.8159 0.7824 0.7532 0.5838
0.6457 0.8331 0.8654 0.9024 0.9410 0.9812 1.0000 1.0000 1.0000 1.0000 1.0000 1.0000 1.0000 1.0000 1.0000 1.0000 1.0000 1.0000 1.0000 1.0000 1.0000 1.0000 1.0000 1.0000 1.0000 1.0000 1.0000 1.0000 1.0000 1.0000 1.0000 1.0000 1.0000 1.0000 1.0000 1.0000 1.0000 1.0000 1.0000 1.0000 1.0000 1.0000 1.0000 1.0000 1.0000 1.0000 1.0000 1.0000 1.0000 1.0000 1.0000 1.0000 1.0000 1.0000 1.0000 1.0000 1.0000 1.0000 1.0000 1.0000 1.0000 1.0000 1.0000 1.0000 1.0000 1.0000 1.0000 1.0000 1.0000 1.0000 1.0000 1.0000 1.0000 1.0000 1.0000 1.0000 1.0000 1.0000 1.0000 1.0000 1.0000 1.0000 1.0000 1.0000 1.0000 1.0000 1.0000 1.0000 1.0000 1.0000 1.0000 1.0000 1.0000 1.0000 1.0000 0.9812 0.9410 0.9024 0.8654 0.8331 0.6457
0.7142 0.9215 0.9572 0.9981 1.0000 1.0000 1.0000 1.0000 1.0000 1.0000 1.0000 1.0000 1.0000 1.0000 1.0000 1.0000 1.0000 1.0000 1.0000 1.0000 1.0000 1.0000 1.0000 1.0000 1.0000 1.0000 1.0000 1.0000 1.0000 1.0000 1.0000 1.0000 1.0000 1.0000 1.0000 1.0000 1.0000 1.0000 1.0000 1.0000 1.0000 1.0000 1.0000 1.0000 1.0000 1.0000 1.0000 1.0000 1.0000 1.0000 1.0000 1.0000 1.0000 1.0000 1.0000 1.0000 1.0000 1.0000 1.0000 1.0000 1.0000 1.0000 1.0000 1.0000 1.0000 1.0000 1.0000 1.0000 1.0000 1.0000 1.0000 1.0000 1.0000 1.0000 1.0000 1.0000 1.0000 1.0000 1.0000 1.0000 1.0000 1.0000 1.0000 1.0000 1.0000 1.0000 1.0000 1.0000 1.0000 1.0000 1.0000 1.0000 1.0000 1.0000 1.0000 1.0000 1.0000 0.9981 0.9572 0.9215 0.7142
0.7899 1.0000 1.0000 1.0000 1.0000 1.0000 1.0000 1.0000 1.0000 1.0000 1.0000 1.0000 1.0000 1.0000 1.0000 1.0000 1.0000 1.0000 1.0000 1.0000 1.0000 1.0000 1.0000 1.0000 1.0000 1.0000 1.0000 1.0000 1.0000 1.0000 1.0000 1.0000 1.0000 1.0000 1.0000 1.0000 1.0000 1.0000 1.0000 1.0000 1.0000 1.0000 1.0000 1.0000 1.0000 1.0000 1.0000 1.0000 1.0000 1.0000 1.0000 1.0000 1.0000 1.0000 1.0000 1.0000 1.0000 1.0000 1.0000 1.0000 1.0000 1.0000 1.0000 1.0000 1.0000 1.0000 1.0000 1.0000 1.0000 1.0000 1.0000 1.0000 1.0000 1.0000 1.0000 1.0000 1.0000 1.0000 1.0000 1.0000 1.0000 1.0000 1.0000 1.0000 1.0000 1.0000 1.0000 1.0000 1.0000 1.0000 1.0000 1.0000 1.0000 1.0000 1.0000 1.0000 1.0000 1.0000 1.0000 1.0000 0.7899
0.8737 1.0000 1.0000 1.0000 1.0000 1.0000 1.0000 1.0000 1.0000 1.0000 1.0000 1.0000 1.0000 1.0000 1.0000 1.0000 1.0000 1.0000 1.0000 1.0000 1.0000 1.0000 1.0000 1.0000 1.0000 1.0000 1.0000 1.0000 1.0000 1.0000 1.0000 1.0000 1.0000 1.0000 1.0000 1.0000 1.0000 1.0000 1.0000 1.0000 1.0000 1.0000 1.0000 1.0000 1.0000 1.0000 1.0000 1.0000 1.0000 1.0000 1.0000 1.0000 1.0000 1.0000 1.0000 1.0000 1.0000 1.0000 1.0000 1.0000 1.0000 1.0000 1.0000 1.0000 1.0000 1.0000 1.0000 1.0000 1.0000 1.0000 1.0000 1.0000 1.0000 1.0000 1.0000 1.0000 1.0000 1.0000 1.0000 1.0000 1.0000 1.0000 1.0000 1.0000 1.0000 1.0000 1.0000 1.0000 1.0000 1.0000 1.0000 1.0000 1.0000 1.0000 1.0000 1.0000 1.0000 1.0000 1.0000 1.0000 0.8737
0.9663 1.0000 1.0000 1.0000 1.0000 1.0000 1.0000 1.0000 1.0000 1.0000 1.0000 1.0000 1.0000 1.0000 1.0000 1.0000 1.0000 1.0000 1.0000 1.0000 1.0000 1.0000 1.0000 1.0000 1.0000 1.0000 1.0000 1.0000 1.0000 1.0000 1.0000 1.0000 1.0000 1.0000 1.0000 1.0000 1.0000 1.0000 1.0000 1.0000 1.0000 1.0000 1.0000 1.0000 1.0000 1.0000 1.0000 1.0000 1.0000 1.0000 1.0000 1.0000 1.0000 1.0000 1.0000 1.0000 1.0000 1.0000 1.0000 1.0000 1.0000 1.0000 1.0000 1.0000 1.0000 1.0000 1.0000 1.0000 1.0000 1.0000 1.0000 1.0000 1.0000 1.0000 1.0000 1.0000 1.0000 1.0000 1.0000 1.0000 1.0000 1.0000 1.0000 1.0000 1.0000 1.0000 1.0000 1.0000 1.0000 1.0000 1.0000 1.0000 1.0000 1.0000 1.0000 1.0000 1.0000 1.0000 1.0000 1.0000 0.9663
1.0000 1.0000 1.0000 1.0000 1.0000 1.0000 1.0000 1.0000 1.0000 1.0000 1.0000 1.0000 1.0000 1.0000 1.0000 1.0000 1.0000 1.0000 1.0000 1.0000 1.0000 1.0000 1.0000 1.0000 1.0000 1.0000 1.0000 1.0000 1.0000 1.0000 1.0000 1.0000 1.0000 1.0000 1.0000 1.0000 1.0000 1.0000 1.0000 1.0000 1.0000 1.0000 1.0000 1.0000 1.0000 1.0000 1.0000 1.0000 1.0000 1.0000 1.0000 1.0000 1.0000 1.0000 1.0000 1.0000 1.0000 1.0000 1.0000 1.0000 1.0000 1.0000 1.0000 1.0000 1.0000 1.0000 1.0000 1.0000 1.0000 1.0000 1.0000 1.0000 1.0000 1.0000 1.0000 1.0000 1.0000 1.0000 1.0000 1.0000 1.0000 1.0000 1.0000 1.0000 1.0000 1.0000 1.0000 1.0000 1.0000 1.0000 1.0000 1.0000 1.0000 1.0000 1.0000 1.0000 1.0000 1.0000 1.0000 1.0000 1.0000
1.0000 1.0000 1.0000 1.0000 1.0000 1.0000 1.0000 1.0000 1.0000 1.0000 1.0000 1.0000 1.0000 1.0000 1.0000 1.0000 1.0000 1.0000 1.0000 1.0000 1.0000 1.0000 1.0000 1.0000 1.0000 1.0000 1.0000 1.0000 1.0000 1.0000 1.0000 1.0000 1.0000 1.0000 1.0000 1.0000 1.0000 1.0000 1.0000 1.0000 1.0000 1.0000 1.0000 1.0000 1.0000 1.0000 1.0000 1.0000 1.0000 1.0000 1.0000 1.0000 1.0000 1.0000 1.0000 1.0000 1.0000 1.0000 1.0000 1.0000 1.0000 1.0000 1.0000 1.0000 1.0000 1.0000 1.0000 1.0000 1.0000 1.0000 1.0000 1.0000 1.0000 1.0000 1.0000 1.0000 1.0000 1.0000 1.0000 1.0000 1.0000 1.0000 1.0000 1.0000 1.0000 1.0000 1.0000 1.0000 1.0000 1.0000 1.0000 1.0000 1.0000 1.0000 1.0000 1.0000 1.0000 1.0000 1.0000 1.0000 1.0000
1.0000 1.0000 1.0000 1.0000 1.0000 1.0000 1.0000 1.0000 1.0000 1.0000 1.0000 1.0000 1.0000 1.0000 1.0000 1.0000 1.0000 1.0000 1.0000 1.0000 1.0000 1.0000 1.0000 1.0000 1.0000 1.0000 1.0000 1.0000 1.0000 1.0000 1.0000 1.0000 1.0000 1.0000 1.0000 1.0000 1.0000 1.0000 1.0000 1.0000 1.0000 1.0000 1.0000 1.0000 1.0000 1.0000 1.0000 1.0000 1.0000 1.0000 1.0000 1.0000 1.0000 1.0000 1.0000 1.0000 1.0000 1.0000 1.0000 1.0000 1.0000 1.0000 1.0000 1.0000 1.0000 1.0000 1.0000 1.0000 1.0000 1.0000 1.0000 1.0000 1.0000 1.0000 1.0000 1.0000 1.0000 1.0000 1.0000 1.0000 1.0000 1.0000 1.0000 1.0000 1.0000 1.0000 1.0000 1.0000 1.0000 1.0000 1.0000 1.0000 1.0000 1.0000 1.0000 1.0000 1.0000 1.0000 1.0000 1.0000 1.0000
1.0000 1.0000 1.0000 1.0000 1.0000 1.0000 1.0000 1.0000 1.0000 1.0000 1.0000 1.0000 1.0000 1.0000 1.0000 1.0000 1.0000 1.0000 1.0000 1.0000 1.0000 1.0000 1.0000 1.0000 1.0000 1.0000 1.0000 1.0000 1.0000 1.0000 1.0000 1.0000 1.0000 1.0000 1.0000 1.0000 1.0000 1.0000 1.0000 1.0000 1.0000 1.0000 1.0000 1.0000 1.0000 1.0000 1.0000 1.0000 1.0000 1.0000 1.0000 1.0000 1.0000 1.0000 1.0000 1.0000 1.0000 1.0000 1.0000 1.0000 1.0000 1.0000 1.0000 1.0000 1.0000 1.0000 1.0000 1.0000 1.0000 1.0000 1.0000 1.0000 1.0000 1.0000 1.0000 1.0000 1.0000 1.0000 1.0000 1.0000 1.0000 1.0000 1.0000 1.0000 1.0000 1.0000 1.0000 1.0000 1.0000 1.0000 1.0000 1.0000 1.0000 1.0000 1.0000 1.0000 1.0000 1.0000 1.0000 1.0000 1.0000
1.0000 1.0000 1.0000 1.0000 1.0000 1.0000 1.0000 1.0000 1.0000 1.0000 1.0000 1.0000 1.0000 1.0000 1.0000 1.0000 1.0000 1.0000 1.0000 1.0000 1.0000 1.0000 1.0000 1.0000 1.0000 1.0000 1.0000 1.0000 1.0000 1.0000 1.0000 1.0000 1.0000 1.0000 1.0000 1.0000 1.0000 1.0000 1.0000 1.0000 1.0000 1.0000 1.0000 1.0000 1.0000 1.0000 1.0000 1.0000 1.0000 1.0000 1.0000 1.0000 1.0000 1.0000 1.0000 1.0000 1.0000 1.0000 1.0000 1.0000 1.0000 1.0000 1.0000 1.0000 1.0000 1.0000 1.0000 1.0000 1.0000 1.0000 1.0000 1.0000 1.0000 1.0000 1.0000 1.0000 1.0000 1.0000 1.0000 1.0000 1.0000 1.0000 1.0000 1.0000 1.0000 1.0000 1.0000 1.0000 1.0000 1.0000 1.0000 1.0000 1.0000 1.0000 1.0000 1.0000 1.0000 1.0000 1.0000 1.0000 1.0000
1.0000 1.0000 1.0000 1.0000 1.0000 1.0000 1.0000 1.0000 1.0000 1.0000 1.0000 1.0000 1.0000 1.0000 1.0000 1.0000 1.0000 1.0000 1.0000 1.0000 1.0000 1.0000 1.0000 1.0000 1.0000 1.0000 1.0000 1.0000 1.0000 1.0000 1.0000 1.0000 1.0000 1.0000 1.0000 1.0000 1.0000 1.0000 1.0000 1.0000 1.0000 1.0000 1.0000 1.0000 1.0000 1.0000 1.0000 1.0000 1.0000 1.0000 1.0000 1.0000 1.0000 1.0000 1.0000 1.0000 1.0000 1.0000 1.0000 1.0000 1.0000 1.0000 1.0000 1.0000 1.0000 1.0000 1.0000 1.0000 1.0000 1.0000 1.0000 1.0000 1.0000 1.0000 1.0000 1.0000 1.0000 1.0000 1.0000 1.0000 1.0000 1.0000 1.0000 1.0000 1.0000 1.0000 1.0000 1.0000 1.0000 1.0000 1.0000 1.0000 1.0000 1.0000 1.0000 1.0000 1.0000 1.0000 1.0000 1.0000 1.0000
1.0000 1.0000 1.0000 1.0000 1.0000 1.0000 1.0000 1.0000 1.0000 1.0000 1.0000 1.0000 1.0000 1.0000 1.0000 1.0000 1.0000 1.0000 1.0000 1.0000 1.0000 1.0000 1.0000 1.0000 1.0000 1.0000 1.0000 1.0000 1.0000 1.0000 1.0000 1.0000 1.0000 1.0000 1.0000 1.0000 1.0000 1.0000 1.0000 1.0000 1.0000 1.0000 1.0000 1.0000 1.0000 1.0000 1.0000 1.0000 1.0000 1.0000 1.0000 1.0000 1.0000 1.0000 1.0000 1.0000 1.0000 1.0000 1.0000 1.0000 1.0000 1.0000 1.0000 1.0000 1.0000 1.0000 1.0000 1.0000 1.0000 1.0000 1.0000 1.0000 1.0000 1.0000 1.0000 1.0000 1.0000 1.0000 1.0000 1.0000 1.0000 1.0000 1.0000 1.0000 1.0000 1.0000 1.0000 1.0000 1.0000 1.0000 1.0000 1.0000 1.0000 1.0000 1.0000 1.0000 1.0000 1.0000 1.0000 1.0000 1.0000
1.0000 1.0000 1.0000 1.0000 1.0000 1.0000 1.0000 1.0000 1.0000 1.0000 1.0000 1.0000 1.0000 1.0000 1.0000 1.0000 1.0000 1.0000 1.0000 1.0000 1.0000 1.0000 1.0000 1.0000 1.0000 1.0000 1.0000 1.0000 1.0000 1.0000 1.0000 1.0000 1.0000 1.0000 1.0000 1.0000 1.0000 1.0000 1.0000 1.0000 1.0000 1.0000 1.0000 1.0000 1.0000 1.0000 1.0000 1.0000 1.0000 1.0000 1.0000 1.0000 1.0000 1.0000 1.0000 1.0000 1.0000 1.0000 1.0000 1.0000 1.0000 1.0000 1.0000 1.0000 1.0000 1.0000 1.0000 1.0000 1.0000 1.0000 1.0000 1.0000 1.0000 1.0000 1.0000 1.0000 1.0000 1.0000 1.0000 1.0000 1.0000 1.0000 1.0000 1.0000 1.0000 1.0000 1.0000 1.0000 1.0000 1.0000 1.0000 1.0000 1.0000 1.0000 1.0000 1.0000 1.0000 1.0000 1.0000 1.0000 1.0000
1.0000 1.0000 1.0000 1.0000 1.0000 1.0000 1.0000 1.0000 1.0000 1.0000 1.0000 1.0000 1.0000 1.0000 1.0000 1.0000 1.0000 1.0000 1.0000 1.0000 1.0000 1.0000 1.0000 1.0000 1.0000 1.0000 1.0000 1.0000 1.0000 1.0000 1.0000 1.0000 1.0000 1.0000 1.0000 1.0000 1.0000 1.0000 1.0000 1.0000 1.0000 1.0000 1.0000 1.0000 1.0000 1.0000 1.0000 1.0000 1.0000 1.0000 1.0000 1.0000 1.0000 1.0000 1.0000 1.0000 1.0000 1.0000 1.0000 1.0000 1.0000 1.0000 1.0000 1.0000 1.0000 1.0000 1.0000 1.0000 1.0000 1.0000 1.0000 1.0000 1.0000 1.0000 1.0000 1.0000 1.0000 1.0000 1.0000 1.0000 1.0000 1.0000 1.0000 1.0000 1.0000 1.0000 1.0000 1.0000 1.0000 1.0000 1.0000 1.0000 1.0000 1.0000 1.0000 1.0000 1.0000 1.0000 1.0000 1.0000 1.0000
0.9663 1.0000 1.0000 1.0000 1.0000 1.0000 1.0000 1.0000 1.0000 1.0000 1.0000 1.0000 1.0000 1.0000 1.0000 1.0000 1.0000 1.0000 1.0000 1.0000 1.0000 1.0000 1.0000 1.0000 1.0000 1.0000 1.0000 1.0000 1.0000 1.0000 1.0000 1.0000 1.0000 1.0000 1.0000 1.0000 1.0000 1.0000 1.0000 1.0000 1.0000 1.0000 1.0000 1.0000 1.0000 1.0000 1.0000 1.0000 1.0000 1.0000 1.0000 1.0000 1.0000 1.0000 1.0000 1.0000 1.0000 1.0000 1.0000 1.0000 1.0000 1.0000 1.0000 1.0000 1.0000 1.0000 1.0000 1.0000 1.0000 1.0000 1.0000 1.0000 1.0000 1.0000 1.0000 1.0000 1.0000 1.0000 1.0000 1.0000 1.0000 1.0000 1.0000 1.0000 1.0000 1.0000 1.0000 1.0000 1.0000 1.0000 1.0000 1.0000 1.0000 1.0000 1.0000 1.0000 1.0000 1.0000 1.0000 1.0000 0.9663
