0.0636 0.0700 0.0737 0.0757 0.0778 0.0801 0.0824 0.0850 0.0876 0.0904 0.0933 0.0964 0.0996 0.1029 0.1065 0.1102 0.1140 0.1180 0.1222 0.1266 0.1312 0.1360 0.1409 0.1461 0.1514 0.1570 0.1627 0.1686 0.1748 0.1811 0.1875 0.1942 0.2010 0.2080 0.2150 0.2222 0.2296 0.2370 0.2444 0.2519 0.2594 0.2669 0.2743 0.2816 0.2888 0.2957 0.3024 0.3086 0.3144 0.3190 0.3204 0.3190 0.3144 0.3086 0.3024 0.2957 0.2888 0.2816 0.2743 0.2669 0.2594 0.2519 0.2444 0.2370 0.2296 0.2222 0.2150 0.2080 0.2010 0.1942 0.1875 0.1811 0.1748 0.1686 0.1627 0.1570 0.1514 0.1461 0.1409 0.1360 0.1312 0.1266 0.1222 0.1180 0.1140 0.1102 0.1065 0.1029 0.0996 0.0964 0.0933 0.0904 0.0876 0.0850 0.0824 0.0801 0.0778 0.0757 0.0737 0.0700 0.0636
0.0700 0.0798 0.0830 0.0853 0.0878 0.0905 0.0934 0.0964 0.0996 0.1030 0.1065 0.1102 0.1140 0.1180 0.1223 0.1267 0.1312 0.1360 0.1410 0.1461 0.1515 0.1570 0.1627 0.1687 0.1748 0.1811 0.1876 0.1942 0.2011 0.2080 0.2151 0.2223 0.2296 0.2370 0.2445 0.2520 0.2595 0.2670 0.2744 0.2818 0.2890 0.2960 0.3027 0.3090 0.3148 0.3199 0.3241 0.3275 0.3298 0.3311 0.3311 0.3311 0.3298 0.3275 0.3241 0.3199 0.3148 0.3090 0.3027 0.2960 0.2890 0.2818 0.2744 0.2670 0.2595 0.2520 0.2445 0.2370 0.2296 0.2223 0.2151 0.2080 0.2011 0.1942 0.1876 0.1811 0.1748 0.1687 0.1627 0.1570 0.1515 0.1461 0.1410 0.1360 0.1312 0.1267 0.1223 0.1180 0.1140 0.1102 0.1065 0.1030 0.0996 0.0964 0.0934 0.0905 0.0878 0.0853 0.0830 0.0798 0.0700
0.0737 0.0830 0.0860 0.0882 0.0906 0.0933 0.0962 0.0993 0.1026 0.1061 0.1097 0.1135 0.1175 0.1217 0.1261 0.1306 0.1354 0.1403 0.1454 0.1507 0.1563 0.1620 0.1679 0.1740 0.1803 0.1867 0.1934 0.2002 0.2071 0.2142 0.2214 0.2287 0.2361 0.2436 0.2511 0.2586 0.2661 0.2735 0.2809 0.2881 0.2951 0.3019 0.3083 0.3142 0.3194 0.3239 0.3274 0.3300 0.3317 0.3324 0.3321 0.3324 0.3317 0.3300 0.3274 0.3239 0.3194 0.3142 0.3083 0.3019 0.2951 0.2881 0.2809 0.2735 0.2661 0.2586 0.2511 0.2436 0.2361 0.2287 0.2214 0.2142 0.2071 0.2002 0.1934 0.1867 0.1803 0.1740 0.1679 0.1620 0.1563 0.1507 0.1454 0.1403 0.1354 0.1306 0.1261 0.1217 0.1175 0.1135 0.1097 0.1061 0.1026 0.0993 0.0962 0.0933 0.0906 0.0882 0.0860 0.0830 0.0737
0.0757 0.0853 0.0882 0.0902 0.0925 0.0951 0.0979 0.1009 0.1042 0.1077 0.1113 0.1152 0.1192 0.1234 0.1279 0.1325 0.1373 0.1424 0.1476 0.1530 0.1586 0.1644 0.1703 0.1765 0.1829 0.1894 0.1961 0.2030 0.2100 0.2171 0.2243 0.2317 0.2391 0.2466 0.2541 0.2616 0.2691 0.2765 0.2838 0.2910 0.2979 0.3045 0.3108 0.3164 0.3214 0.3254 0.3286 0.3308 0.3321 0.3326 0.3321 0.3326 0.3321 0.3308 0.3286 0.3254 0.3214 0.3164 0.3108 0.3045 0.2979 0.2910 0.2838 0.2765 0.2691 0.2616 0.2541 0.2466 0.2391 0.2317 0.2243 0.2171 0.2100 0.2030 0.1961 0.1894 0.1829 0.1765 0.1703 0.1644 0.1586 0.1530 0.1476 0.1424 0.1373 0.1325 0.1279 0.1234 0.1192 0.1152 0.1113 0.1077 0.1042 0.1009 0.0979 0.0951 0.0925 0.0902 0.0882 0.0853 0.0757
0.0778 0.0878 0.0906 0.0925 0.0946 0.0971 0.0998 0.1028 0.1060 0.1095 0.1131 0.1170 0.1210 0.1253 0.1298 0.1345 0.1394 0.1445 0.1498 0.1553 0.1609 0.1668 0.1729 0.1791 0.1856 0.1922 0.1989 0.2059 0.2129 0.2201 0.2274 0.2348 0.2422 0.2497 0.2572 0.2647 0.2722 0.2796 0.2868 0.2939 0.3007 0.3072 0.3132 0.3186 0.3232 0.3269 0.3296 0.3314 0.3325 0.3326 0.3320 0.3326 0.3325 0.3314 0.3296 0.3269 0.3232 0.3186 0.3132 0.3072 0.3007 0.2939 0.2868 0.2796 0.2722 0.2647 0.2572 0.2497 0.2422 0.2348 0.2274 0.2201 0.2129 0.2059 0.1989 0.1922 0.1856 0.1791 0.1729 0.1668 0.1609 0.1553 0.1498 0.1445 0.1394 0.1345 0.1298 0.1253 0.1210 0.1170 0.1131 0.1095 0.1060 0.1028 0.0998 0.0971 0.0946 0.0925 0.0906 0.0878 0.0778
0.0801 0.0905 0.0933 0.0951 0.0971 0.0994 0.1020 0.1049 0.1080 0.1114 0.1151 0.1189 0.1230 0.1273 0.1318 0.1366 0.1415 0.1467 0.1520 0.1576 0.1634 0.1693 0.1755 0.1818 0.1883 0.1950 0.2018 0.2088 0.2159 0.2231 0.2304 0.2378 0.2453 0.2528 0.2603 0.2678 0.2753 0.2826 0.2898 0.2968 0.3034 0.3097 0.3155 0.3206 0.3248 0.3281 0.3305 0.3319 0.3327 0.3326 0.3318 0.3326 0.3327 0.3319 0.3305 0.3281 0.3248 0.3206 0.3155 0.3097 0.3034 0.2968 0.2898 0.2826 0.2753 0.2678 0.2603 0.2528 0.2453 0.2378 0.2304 0.2231 0.2159 0.2088 0.2018 0.1950 0.1883 0.1818 0.1755 0.1693 0.1634 0.1576 0.1520 0.1467 0.1415 0.1366 0.1318 0.1273 0.1230 0.1189 0.1151 0.1114 0.1080 0.1049 0.1020 0.0994 0.0971 0.0951 0.0933 0.0905 0.0801
0.0824 0.0934 0.0962 0.0979 0.0998 0.1020 0.1045 0.1073 0.1103 0.1136 0.1172 0.1210 0.1251 0.1294 0.1340 0.1387 0.1437 0.1489 0.1543 0.1600 0.1658 0.1718 0.1781 0.1845 0.1910 0.1978 0.2047 0.2117 0.2189 0.2261 0.2335 0.2409 0.2484 0.2559 0.2635 0.2709 0.2783 0.2856 0.2927 0.2996 0.3061 0.3122 0.3177 0.3224 0.3263 0.3292 0.3312 0.3323 0.3327 0.3324 0.3316 0.3324 0.3327 0.3323 0.3312 0.3292 0.3263 0.3224 0.3177 0.3122 0.3061 0.2996 0.2927 0.2856 0.2783 0.2709 0.2635 0.2559 0.2484 0.2409 0.2335 0.2261 0.2189 0.2117 0.2047 0.1978 0.1910 0.1845 0.1781 0.1718 0.1658 0.1600 0.1543 0.1489 0.1437 0.1387 0.1340 0.1294 0.1251 0.1210 0.1172 0.1136 0.1103 0.1073 0.1045 0.1020 0.0998 0.0979 0.0962 0.0934 0.0824
0.0850 0.0964 0.0993 0.1009 0.1028 0.1049 0.1073 0.1099 0.1129 0.1161 0.1196 0.1234 0.1274 0.1317 0.1363 0.1410 0.1460 0.1512 0.1567 0.1624 0.1683 0.1744 0.1807 0.1872 0.1938 0.2006 0.2076 0.2147 0.2219 0.2292 0.2366 0.2440 0.2516 0.2591 0.2666 0.2740 0.2814 0.2886 0.2956 0.3023 0.3087 0.3146 0.3198 0.3242 0.3276 0.3301 0.3317 0.3326 0.3327 0.3322 0.3312 0.3322 0.3327 0.3326 0.3317 0.3301 0.3276 0.3242 0.3198 0.3146 0.3087 0.3023 0.2956 0.2886 0.2814 0.2740 0.2666 0.2591 0.2516 0.2440 0.2366 0.2292 0.2219 0.2147 0.2076 0.2006 0.1938 0.1872 0.1807 0.1744 0.1683 0.1624 0.1567 0.1512 0.1460 0.1410 0.1363 0.1317 0.1274 0.1234 0.1196 0.1161 0.1129 0.1099 0.1073 0.1049 0.1028 0.1009 0.0993 0.0964 0.0850
0.0876 0.0996 0.1026 0.1042 0.1060 0.1080 0.1103 0.1129 0.1157 0.1189 0.1223 0.1260 0.1300 0.1342 0.1387 0.1435 0.1485 0.1537 0.1592 0.1649 0.1709 0.1770 0.1834 0.1899 0.1966 0.2035 0.2105 0.2176 0.2249 0.2322 0.2397 0.2472 0.2547 0.2622 0.2697 0.2771 0.2844 0.2915 0.2984 0.3050 0.3112 0.3168 0.3217 0.3257 0.3288 0.3309 0.3322 0.3327 0.3326 0.3319 0.3308 0.3319 0.3326 0.3327 0.3322 0.3309 0.3288 0.3257 0.3217 0.3168 0.3112 0.3050 0.2984 0.2915 0.2844 0.2771 0.2697 0.2622 0.2547 0.2472 0.2397 0.2322 0.2249 0.2176 0.2105 0.2035 0.1966 0.1899 0.1834 0.1770 0.1709 0.1649 0.1592 0.1537 0.1485 0.1435 0.1387 0.1342 0.1300 0.1260 0.1223 0.1189 0.1157 0.1129 0.1103 0.1080 0.1060 0.1042 0.1026 0.0996 0.0876
0.0904 0.1030 0.1061 0.1077 0.1095 0.1114 0.1136 0.1161 0.1189 0.1219 0.1252 0.1289 0.1327 0.1369 0.1414 0.1461 0.1511 0.1563 0.1618 0.1675 0.1735 0.1797 0.1861 0.1927 0.1994 0.2064 0.2134 0.2206 0.2279 0.2353 0.2428 0.2503 0.2578 0.2653 0.2727 0.2801 0.2874 0.2944 0.3012 0.3077 0.3136 0.3189 0.3235 0.3271 0.3298 0.3315 0.3325 0.3327 0.3324 0.3315 0.3303 0.3315 0.3324 0.3327 0.3325 0.3315 0.3298 0.3271 0.3235 0.3189 0.3136 0.3077 0.3012 0.2944 0.2874 0.2801 0.2727 0.2653 0.2578 0.2503 0.2428 0.2353 0.2279 0.2206 0.2134 0.2064 0.1994 0.1927 0.1861 0.1797 0.1735 0.1675 0.1618 0.1563 0.1511 0.1461 0.1414 0.1369 0.1327 0.1289 0.1252 0.1219 0.1189 0.1161 0.1136 0.1114 0.1095 0.1077 0.1061 0.1030 0.0904
0.0933 0.1065 0.1097 0.1113 0.1131 0.1151 0.1172 0.1196 0.1223 0.1252 0.1285 0.1320 0.1358 0.1399 0.1443 0.1490 0.1539 0.1591 0.1646 0.1703 0.1762 0.1825 0.1889 0.1955 0.2023 0.2093 0.2164 0.2237 0.2310 0.2384 0.2459 0.2534 0.2609 0.2684 0.2758 0.2831 0.2903 0.2973 0.3039 0.3102 0.3159 0.3209 0.3251 0.3283 0.3306 0.3320 0.3327 0.3327 0.3321 0.3310 0.3298 0.3310 0.3321 0.3327 0.3327 0.3320 0.3306 0.3283 0.3251 0.3209 0.3159 0.3102 0.3039 0.2973 0.2903 0.2831 0.2758 0.2684 0.2609 0.2534 0.2459 0.2384 0.2310 0.2237 0.2164 0.2093 0.2023 0.1955 0.1889 0.1825 0.1762 0.1703 0.1646 0.1591 0.1539 0.1490 0.1443 0.1399 0.1358 0.1320 0.1285 0.1252 0.1223 0.1196 0.1172 0.1151 0.1131 0.1113 0.1097 0.1065 0.0933
0.0964 0.1102 0.1135 0.1152 0.1170 0.1189 0.1210 0.1234 0.1260 0.1289 0.1320 0.1354 0.1391 0.1431 0.1475 0.1521 0.1570 0.1621 0.1676 0.1733 0.1793 0.1854 0.1918 0.1984 0.2053 0.2123 0.2194 0.2267 0.2341 0.2415 0.2490 0.2565 0.2640 0.2715 0.2789 0.2861 0.2932 0.3001 0.3066 0.3126 0.3181 0.3228 0.3266 0.3294 0.3313 0.3324 0.3327 0.3325 0.3318 0.3305 0.3292 0.3305 0.3318 0.3325 0.3327 0.3324 0.3313 0.3294 0.3266 0.3228 0.3181 0.3126 0.3066 0.3001 0.2932 0.2861 0.2789 0.2715 0.2640 0.2565 0.2490 0.2415 0.2341 0.2267 0.2194 0.2123 0.2053 0.1984 0.1918 0.1854 0.1793 0.1733 0.1676 0.1621 0.1570 0.1521 0.1475 0.1431 0.1391 0.1354 0.1320 0.1289 0.1260 0.1234 0.1210 0.1189 0.1170 0.1152 0.1135 0.1102 0.0964
0.0996 0.1140 0.1175 0.1192 0.1210 0.1230 0.1251 0.1274 0.1300 0.1327 0.1358 0.1391 0.1427 0.1467 0.1509 0.1554 0.1603 0.1654 0.1708 0.1764 0.1824 0.1885 0.1950 0.2015 0.2084 0.2153 0.2225 0.2297 0.2371 0.2446 0.2521 0.2596 0.2671 0.2746 0.2819 0.2891 0.2961 0.3028 0.3092 0.3150 0.3201 0.3245 0.3279 0.3303 0.3318 0.3326 0.3327 0.3322 0.3313 0.3299 0.3285 0.3299 0.3313 0.3322 0.3327 0.3326 0.3318 0.3303 0.3279 0.3245 0.3201 0.3150 0.3092 0.3028 0.2961 0.2891 0.2819 0.2746 0.2671 0.2596 0.2521 0.2446 0.2371 0.2297 0.2225 0.2153 0.2084 0.2015 0.1950 0.1885 0.1824 0.1764 0.1708 0.1654 0.1603 0.1554 0.1509 0.1467 0.1427 0.1391 0.1358 0.1327 0.1300 0.1274 0.1251 0.1230 0.1210 0.1192 0.1175 0.1140 0.0996
0.1029 0.1180 0.1217 0.1234 0.1253 0.1273 0.1294 0.1317 0.1342 0.1369 0.1399 0.1431 0.1467 0.1505 0.1546 0.1591 0.1638 0.1689 0.1742 0.1798 0.1857 0.1918 0.1982 0.2048 0.2115 0.2185 0.2256 0.2329 0.2403 0.2477 0.2552 0.2627 0.2702 0.2776 0.2849 0.2920 0.2989 0.3055 0.3116 0.3172 0.3220 0.3260 0.3290 0.3310 0.3322 0.3327 0.3326 0.3319 0.3308 0.3292 0.3278 0.3292 0.3308 0.3319 0.3326 0.3327 0.3322 0.3310 0.3290 0.3260 0.3220 0.3172 0.3116 0.3055 0.2989 0.2920 0.2849 0.2776 0.2702 0.2627 0.2552 0.2477 0.2403 0.2329 0.2256 0.2185 0.2115 0.2048 0.1982 0.1918 0.1857 0.1798 0.1742 0.1689 0.1638 0.1591 0.1546 0.1505 0.1467 0.1431 0.1399 0.1369 0.1342 0.1317 0.1294 0.1273 0.1253 0.1234 0.1217 0.1180 0.1029
0.1065 0.1223 0.1261 0.1279 0.1298 0.1318 0.1340 0.1363 0.1387 0.1414 0.1443 0.1475 0.1509 0.1546 0.1587 0.1630 0.1677 0.1727 0.1779 0.1834 0.1892 0.1953 0.2016 0.2081 0.2149 0.2218 0.2289 0.2362 0.2434 0.2509 0.2584 0.2659 0.2733 0.2807 0.2879 0.2949 0.3017 0.3081 0.3140 0.3193 0.3238 0.3273 0.3299 0.3316 0.3325 0.3327 0.3323 0.3315 0.3303 0.3285 0.3270 0.3285 0.3303 0.3315 0.3323 0.3327 0.3325 0.3316 0.3299 0.3273 0.3238 0.3193 0.3140 0.3081 0.3017 0.2949 0.2879 0.2807 0.2733 0.2659 0.2584 0.2509 0.2434 0.2362 0.2289 0.2218 0.2149 0.2081 0.2016 0.1953 0.1892 0.1834 0.1779 0.1727 0.1677 0.1630 0.1587 0.1546 0.1509 0.1475 0.1443 0.1414 0.1387 0.1363 0.1340 0.1318 0.1298 0.1279 0.1261 0.1223 0.1065
0.1102 0.1267 0.1306 0.1325 0.1345 0.1366 0.1387 0.1410 0.1435 0.1461 0.1490 0.1521 0.1554 0.1591 0.1630 0.1673 0.1718 0.1767 0.1819 0.1873 0.1930 0.1990 0.2053 0.2117 0.2185 0.2253 0.2324 0.2395 0.2468 0.2541 0.2615 0.2690 0.2764 0.2837 0.2909 0.2978 0.3044 0.3106 0.3163 0.3213 0.3254 0.3285 0.3307 0.3321 0.3327 0.3326 0.3321 0.3310 0.3296 0.3278 0.3262 0.3278 0.3296 0.3310 0.3321 0.3326 0.3327 0.3321 0.3307 0.3285 0.3254 0.3213 0.3163 0.3106 0.3044 0.2978 0.2909 0.2837 0.2764 0.2690 0.2615 0.2541 0.2468 0.2395 0.2324 0.2253 0.2185 0.2117 0.2053 0.1990 0.1930 0.1873 0.1819 0.1767 0.1718 0.1673 0.1630 0.1591 0.1554 0.1521 0.1490 0.1461 0.1435 0.1410 0.1387 0.1366 0.1345 0.1325 0.1306 0.1267 0.1102
0.1140 0.1312 0.1354 0.1373 0.1394 0.1415 0.1437 0.1460 0.1485 0.1511 0.1539 0.1570 0.1603 0.1638 0.1677 0.1718 0.1763 0.1810 0.1861 0.1915 0.1971 0.2030 0.2092 0.2156 0.2221 0.2290 0.2359 0.2430 0.2502 0.2575 0.2649 0.2722 0.2795 0.2867 0.2938 0.3006 0.3071 0.3131 0.3185 0.3231 0.3268 0.3296 0.3314 0.3324 0.3327 0.3324 0.3317 0.3305 0.3290 0.3270 0.3253 0.3270 0.3290 0.3305 0.3317 0.3324 0.3327 0.3324 0.3314 0.3296 0.3268 0.3231 0.3185 0.3131 0.3071 0.3006 0.2938 0.2867 0.2795 0.2722 0.2649 0.2575 0.2502 0.2430 0.2359 0.2290 0.2221 0.2156 0.2092 0.2030 0.1971 0.1915 0.1861 0.1810 0.1763 0.1718 0.1677 0.1638 0.1603 0.1570 0.1539 0.1511 0.1485 0.1460 0.1437 0.1415 0.1394 0.1373 0.1354 0.1312 0.1140
0.1180 0.1360 0.1403 0.1424 0.1445 0.1467 0.1489 0.1512 0.1537 0.1563 0.1591 0.1621 0.1654 0.1689 0.1727 0.1767 0.1810 0.1857 0.1906 0.1959 0.2014 0.2073 0.2133 0.2196 0.2261 0.2328 0.2396 0.2466 0.2537 0.2610 0.2682 0.2755 0.2826 0.2897 0.2967 0.3033 0.3096 0.3154 0.3205 0.3247 0.3281 0.3304 0.3319 0.3326 0.3327 0.3322 0.3312 0.3299 0.3282 0.3262 0.3244 0.3262 0.3282 0.3299 0.3312 0.3322 0.3327 0.3326 0.3319 0.3304 0.3281 0.3247 0.3205 0.3154 0.3096 0.3033 0.2967 0.2897 0.2826 0.2755 0.2682 0.2610 0.2537 0.2466 0.2396 0.2328 0.2261 0.2196 0.2133 0.2073 0.2014 0.1959 0.1906 0.1857 0.1810 0.1767 0.1727 0.1689 0.1654 0.1621 0.1591 0.1563 0.1537 0.1512 0.1489 0.1467 0.1445 0.1424 0.1403 0.1360 0.1180
0.1222 0.1410 0.1454 0.1476 0.1498 0.1520 0.1543 0.1567 0.1592 0.1618 0.1646 0.1676 0.1708 0.1742 0.1779 0.1819 0.1861 0.1906 0.1955 0.2006 0.2060 0.2118 0.2177 0.2238 0.2302 0.2367 0.2435 0.2504 0.2574 0.2645 0.2717 0.2788 0.2858 0.2928 0.2995 0.3061 0.3121 0.3176 0.3224 0.3262 0.3292 0.3312 0.3323 0.3327 0.3325 0.3318 0.3307 0.3292 0.3274 0.3253 0.3235 0.3253 0.3274 0.3292 0.3307 0.3318 0.3325 0.3327 0.3323 0.3312 0.3292 0.3262 0.3224 0.3176 0.3121 0.3061 0.2995 0.2928 0.2858 0.2788 0.2717 0.2645 0.2574 0.2504 0.2435 0.2367 0.2302 0.2238 0.2177 0.2118 0.2060 0.2006 0.1955 0.1906 0.1861 0.1819 0.1779 0.1742 0.1708 0.1676 0.1646 0.1618 0.1592 0.1567 0.1543 0.1520 0.1498 0.1476 0.1454 0.1410 0.1222
0.1266 0.1461 0.1507 0.1530 0.1553 0.1576 0.1600 0.1624 0.1649 0.1675 0.1703 0.1733 0.1764 0.1798 0.1834 0.1873 0.1915 0.1959 0.2006 0.2056 0.2109 0.2165 0.2223 0.2284 0.2345 0.2410 0.2475 0.2543 0.2612 0.2683 0.2752 0.2823 0.2892 0.2959 0.3025 0.3087 0.3145 0.3197 0.3241 0.3276 0.3301 0.3317 0.3326 0.3327 0.3323 0.3314 0.3301 0.3285 0.3266 0.3243 0.3225 0.3243 0.3266 0.3285 0.3301 0.3314 0.3323 0.3327 0.3326 0.3317 0.3301 0.3276 0.3241 0.3197 0.3145 0.3087 0.3025 0.2959 0.2892 0.2823 0.2752 0.2683 0.2612 0.2543 0.2475 0.2410 0.2345 0.2284 0.2223 0.2165 0.2109 0.2056 0.2006 0.1959 0.1915 0.1873 0.1834 0.1798 0.1764 0.1733 0.1703 0.1675 0.1649 0.1624 0.1600 0.1576 0.1553 0.1530 0.1507 0.1461 0.1266
0.1312 0.1515 0.1563 0.1586 0.1609 0.1634 0.1658 0.1683 0.1709 0.1735 0.1762 0.1793 0.1824 0.1857 0.1892 0.1930 0.1971 0.2014 0.2060 0.2109 0.2160 0.2214 0.2272 0.2330 0.2391 0.2453 0.2518 0.2584 0.2652 0.2720 0.2789 0.2857 0.2925 0.2991 0.3055 0.3114 0.3169 0.3217 0.3257 0.3287 0.3309 0.3322 0.3327 0.3326 0.3320 0.3309 0.3295 0.3278 0.3258 0.3234 0.3215 0.3234 0.3258 0.3278 0.3295 0.3309 0.3320 0.3326 0.3327 0.3322 0.3309 0.3287 0.3257 0.3217 0.3169 0.3114 0.3055 0.2991 0.2925 0.2857 0.2789 0.2720 0.2652 0.2584 0.2518 0.2453 0.2391 0.2330 0.2272 0.2214 0.2160 0.2109 0.2060 0.2014 0.1971 0.1930 0.1892 0.1857 0.1824 0.1793 0.1762 0.1735 0.1709 0.1683 0.1658 0.1634 0.1609 0.1586 0.1563 0.1515 0.1312
0.1360 0.1570 0.1620 0.1644 0.1668 0.1693 0.1718 0.1744 0.1770 0.1797 0.1825 0.1854 0.1885 0.1918 0.1953 0.1990 0.2030 0.2073 0.2118 0.2165 0.2214 0.2267 0.2322 0.2380 0.2439 0.2500 0.2563 0.2627 0.2693 0.2760 0.2827 0.2893 0.2958 0.3023 0.3083 0.3141 0.3192 0.3236 0.3271 0.3298 0.3315 0.3325 0.3327 0.3324 0.3316 0.3304 0.3288 0.3270 0.3248 0.3224 0.3204 0.3224 0.3248 0.3270 0.3288 0.3304 0.3316 0.3324 0.3327 0.3325 0.3315 0.3298 0.3271 0.3236 0.3192 0.3141 0.3083 0.3023 0.2958 0.2893 0.2827 0.2760 0.2693 0.2627 0.2563 0.2500 0.2439 0.2380 0.2322 0.2267 0.2214 0.2165 0.2118 0.2073 0.2030 0.1990 0.1953 0.1918 0.1885 0.1854 0.1825 0.1797 0.1770 0.1744 0.1718 0.1693 0.1668 0.1644 0.1620 0.1570 0.1360
0.1409 0.1627 0.1679 0.1703 0.1729 0.1755 0.1781 0.1807 0.1834 0.1861 0.1889 0.1918 0.1950 0.1982 0.2016 0.2053 0.2092 0.2133 0.2177 0.2223 0.2272 0.2322 0.2376 0.2431 0.2489 0.2549 0.2610 0.2673 0.2736 0.2801 0.2865 0.2930 0.2993 0.3054 0.3113 0.3166 0.3214 0.3253 0.3284 0.3307 0.3320 0.3327 0.3327 0.3321 0.3311 0.3298 0.3281 0.3261 0.3239 0.3213 0.3193 0.3213 0.3239 0.3261 0.3281 0.3298 0.3311 0.3321 0.3327 0.3327 0.3320 0.3307 0.3284 0.3253 0.3214 0.3166 0.3113 0.3054 0.2993 0.2930 0.2865 0.2801 0.2736 0.2673 0.2610 0.2549 0.2489 0.2431 0.2376 0.2322 0.2272 0.2223 0.2177 0.2133 0.2092 0.2053 0.2016 0.1982 0.1950 0.1918 0.1889 0.1861 0.1834 0.1807 0.1781 0.1755 0.1729 0.1703 0.1679 0.1627 0.1409
0.1461 0.1687 0.1740 0.1765 0.1791 0.1818 0.1845 0.1872 0.1899 0.1927 0.1955 0.1984 0.2015 0.2048 0.2081 0.2117 0.2156 0.2196 0.2238 0.2284 0.2330 0.2380 0.2431 0.2486 0.2542 0.2600 0.2659 0.2720 0.2781 0.2843 0.2906 0.2967 0.3028 0.3086 0.3141 0.3191 0.3234 0.3269 0.3296 0.3314 0.3324 0.3327 0.3325 0.3318 0.3306 0.3291 0.3273 0.3252 0.3229 0.3203 0.3182 0.3203 0.3229 0.3252 0.3273 0.3291 0.3306 0.3318 0.3325 0.3327 0.3324 0.3314 0.3296 0.3269 0.3234 0.3191 0.3141 0.3086 0.3028 0.2967 0.2906 0.2843 0.2781 0.2720 0.2659 0.2600 0.2542 0.2486 0.2431 0.2380 0.2330 0.2284 0.2238 0.2196 0.2156 0.2117 0.2081 0.2048 0.2015 0.1984 0.1955 0.1927 0.1899 0.1872 0.1845 0.1818 0.1791 0.1765 0.1740 0.1687 0.1461
0.1514 0.1748 0.1803 0.1829 0.1856 0.1883 0.1910 0.1938 0.1966 0.1994 0.2023 0.2053 0.2084 0.2115 0.2149 0.2185 0.2221 0.2261 0.2302 0.2345 0.2391 0.2439 0.2489 0.2542 0.2596 0.2652 0.2710 0.2769 0.2828 0.2888 0.2947 0.3006 0.3063 0.3118 0.3169 0.3215 0.3253 0.3284 0.3305 0.3319 0.3326 0.3327 0.3322 0.3313 0.3300 0.3284 0.3265 0.3243 0.3219 0.3192 0.3171 0.3192 0.3219 0.3243 0.3265 0.3284 0.3300 0.3313 0.3322 0.3327 0.3326 0.3319 0.3305 0.3284 0.3253 0.3215 0.3169 0.3118 0.3063 0.3006 0.2947 0.2888 0.2828 0.2769 0.2710 0.2652 0.2596 0.2542 0.2489 0.2439 0.2391 0.2345 0.2302 0.2261 0.2221 0.2185 0.2149 0.2115 0.2084 0.2053 0.2023 0.1994 0.1966 0.1938 0.1910 0.1883 0.1856 0.1829 0.1803 0.1748 0.1514
0.1570 0.1811 0.1867 0.1894 0.1922 0.1950 0.1978 0.2006 0.2035 0.2064 0.2093 0.2123 0.2153 0.2185 0.2218 0.2253 0.2290 0.2328 0.2367 0.2410 0.2453 0.2500 0.2549 0.2600 0.2652 0.2706 0.2762 0.2818 0.2876 0.2933 0.2990 0.3044 0.3098 0.3149 0.3196 0.3237 0.3270 0.3296 0.3313 0.3323 0.3327 0.3325 0.3319 0.3308 0.3294 0.3276 0.3256 0.3233 0.3208 0.3181 0.3159 0.3181 0.3208 0.3233 0.3256 0.3276 0.3294 0.3308 0.3319 0.3325 0.3327 0.3323 0.3313 0.3296 0.3270 0.3237 0.3196 0.3149 0.3098 0.3044 0.2990 0.2933 0.2876 0.2818 0.2762 0.2706 0.2652 0.2600 0.2549 0.2500 0.2453 0.2410 0.2367 0.2328 0.2290 0.2253 0.2218 0.2185 0.2153 0.2123 0.2093 0.2064 0.2035 0.2006 0.1978 0.1950 0.1922 0.1894 0.1867 0.1811 0.1570
0.1627 0.1876 0.1934 0.1961 0.1989 0.2018 0.2047 0.2076 0.2105 0.2134 0.2164 0.2194 0.2225 0.2256 0.2289 0.2324 0.2359 0.2396 0.2435 0.2475 0.2518 0.2563 0.2610 0.2659 0.2710 0.2762 0.2815 0.2869 0.2924 0.2978 0.3032 0.3084 0.3133 0.3180 0.3222 0.3257 0.3285 0.3306 0.3319 0.3326 0.3327 0.3323 0.3314 0.3302 0.3286 0.3268 0.3246 0.3223 0.3198 0.3169 0.3147 0.3169 0.3198 0.3223 0.3246 0.3268 0.3286 0.3302 0.3314 0.3323 0.3327 0.3326 0.3319 0.3306 0.3285 0.3257 0.3222 0.3180 0.3133 0.3084 0.3032 0.2978 0.2924 0.2869 0.2815 0.2762 0.2710 0.2659 0.2610 0.2563 0.2518 0.2475 0.2435 0.2396 0.2359 0.2324 0.2289 0.2256 0.2225 0.2194 0.2164 0.2134 0.2105 0.2076 0.2047 0.2018 0.1989 0.1961 0.1934 0.1876 0.1627
0.1686 0.1942 0.2002 0.2030 0.2059 0.2088 0.2117 0.2147 0.2176 0.2206 0.2237 0.2267 0.2297 0.2329 0.2362 0.2395 0.2430 0.2466 0.2504 0.2543 0.2584 0.2627 0.2673 0.2720 0.2769 0.2818 0.2869 0.2920 0.2972 0.3024 0.3074 0.3122 0.3167 0.3208 0.3245 0.3275 0.3298 0.3314 0.3324 0.3327 0.3325 0.3319 0.3308 0.3294 0.3278 0.3258 0.3236 0.3213 0.3187 0.3157 0.3134 0.3157 0.3187 0.3213 0.3236 0.3258 0.3278 0.3294 0.3308 0.3319 0.3325 0.3327 0.3324 0.3314 0.3298 0.3275 0.3245 0.3208 0.3167 0.3122 0.3074 0.3024 0.2972 0.2920 0.2869 0.2818 0.2769 0.2720 0.2673 0.2627 0.2584 0.2543 0.2504 0.2466 0.2430 0.2395 0.2362 0.2329 0.2297 0.2267 0.2237 0.2206 0.2176 0.2147 0.2117 0.2088 0.2059 0.2030 0.2002 0.1942 0.1686
0.1748 0.2011 0.2071 0.2100 0.2129 0.2159 0.2189 0.2219 0.2249 0.2279 0.2310 0.2341 0.2371 0.2403 0.2434 0.2468 0.2502 0.2537 0.2574 0.2612 0.2652 0.2693 0.2736 0.2781 0.2828 0.2876 0.2924 0.2972 0.3021 0.3069 0.3115 0.3159 0.3199 0.3236 0.3266 0.3291 0.3309 0.3321 0.3327 0.3327 0.3323 0.3314 0.3302 0.3286 0.3268 0.3248 0.3225 0.3201 0.3174 0.3145 0.3122 0.3145 0.3174 0.3201 0.3225 0.3248 0.3268 0.3286 0.3302 0.3314 0.3323 0.3327 0.3327 0.3321 0.3309 0.3291 0.3266 0.3236 0.3199 0.3159 0.3115 0.3069 0.3021 0.2972 0.2924 0.2876 0.2828 0.2781 0.2736 0.2693 0.2652 0.2612 0.2574 0.2537 0.2502 0.2468 0.2434 0.2403 0.2371 0.2341 0.2310 0.2279 0.2249 0.2219 0.2189 0.2159 0.2129 0.2100 0.2071 0.2011 0.1748
0.1811 0.2080 0.2142 0.2171 0.2201 0.2231 0.2261 0.2292 0.2322 0.2353 0.2384 0.2415 0.2446 0.2477 0.2509 0.2541 0.2575 0.2610 0.2645 0.2683 0.2720 0.2760 0.2801 0.2843 0.2888 0.2933 0.2978 0.3024 0.3069 0.3113 0.3155 0.3194 0.3229 0.3259 0.3285 0.3304 0.3317 0.3325 0.3327 0.3325 0.3319 0.3308 0.3294 0.3278 0.3259 0.3237 0.3214 0.3188 0.3161 0.3131 0.3109 0.3131 0.3161 0.3188 0.3214 0.3237 0.3259 0.3278 0.3294 0.3308 0.3319 0.3325 0.3327 0.3325 0.3317 0.3304 0.3285 0.3259 0.3229 0.3194 0.3155 0.3113 0.3069 0.3024 0.2978 0.2933 0.2888 0.2843 0.2801 0.2760 0.2720 0.2683 0.2645 0.2610 0.2575 0.2541 0.2509 0.2477 0.2446 0.2415 0.2384 0.2353 0.2322 0.2292 0.2261 0.2231 0.2201 0.2171 0.2142 0.2080 0.1811
0.1875 0.2151 0.2214 0.2243 0.2274 0.2304 0.2335 0.2366 0.2397 0.2428 0.2459 0.2490 0.2521 0.2552 0.2584 0.2615 0.2649 0.2682 0.2717 0.2752 0.2789 0.2827 0.2865 0.2906 0.2947 0.2990 0.3032 0.3074 0.3115 0.3155 0.3193 0.3226 0.3256 0.3281 0.3300 0.3314 0.3323 0.3327 0.3326 0.3322 0.3313 0.3301 0.3286 0.3269 0.3248 0.3226 0.3201 0.3175 0.3148 0.3117 0.3094 0.3117 0.3148 0.3175 0.3201 0.3226 0.3248 0.3269 0.3286 0.3301 0.3313 0.3322 0.3326 0.3327 0.3323 0.3314 0.3300 0.3281 0.3256 0.3226 0.3193 0.3155 0.3115 0.3074 0.3032 0.2990 0.2947 0.2906 0.2865 0.2827 0.2789 0.2752 0.2717 0.2682 0.2649 0.2615 0.2584 0.2552 0.2521 0.2490 0.2459 0.2428 0.2397 0.2366 0.2335 0.2304 0.2274 0.2243 0.2214 0.2151 0.1875
0.1942 0.2223 0.2287 0.2317 0.2348 0.2378 0.2409 0.2440 0.2472 0.2503 0.2534 0.2565 0.2596 0.2627 0.2659 0.2690 0.2722 0.2755 0.2788 0.2823 0.2857 0.2893 0.2930 0.2967 0.3006 0.3044 0.3084 0.3122 0.3159 0.3194 0.3226 0.3255 0.3278 0.3298 0.3312 0.3321 0.3326 0.3327 0.3324 0.3317 0.3306 0.3293 0.3277 0.3258 0.3237 0.3214 0.3189 0.3162 0.3134 0.3103 0.3079 0.3103 0.3134 0.3162 0.3189 0.3214 0.3237 0.3258 0.3277 0.3293 0.3306 0.3317 0.3324 0.3327 0.3326 0.3321 0.3312 0.3298 0.3278 0.3255 0.3226 0.3194 0.3159 0.3122 0.3084 0.3044 0.3006 0.2967 0.2930 0.2893 0.2857 0.2823 0.2788 0.2755 0.2722 0.2690 0.2659 0.2627 0.2596 0.2565 0.2534 0.2503 0.2472 0.2440 0.2409 0.2378 0.2348 0.2317 0.2287 0.2223 0.1942
0.2010 0.2296 0.2361 0.2391 0.2422 0.2453 0.2484 0.2516 0.2547 0.2578 0.2609 0.2640 0.2671 0.2702 0.2733 0.2764 0.2795 0.2826 0.2858 0.2892 0.2925 0.2958 0.2993 0.3028 0.3063 0.3098 0.3133 0.3167 0.3199 0.3229 0.3256 0.3278 0.3297 0.3311 0.3321 0.3326 0.3327 0.3325 0.3319 0.3310 0.3298 0.3284 0.3266 0.3247 0.3225 0.3202 0.3176 0.3148 0.3119 0.3088 0.3064 0.3088 0.3119 0.3148 0.3176 0.3202 0.3225 0.3247 0.3266 0.3284 0.3298 0.3310 0.3319 0.3325 0.3327 0.3326 0.3321 0.3311 0.3297 0.3278 0.3256 0.3229 0.3199 0.3167 0.3133 0.3098 0.3063 0.3028 0.2993 0.2958 0.2925 0.2892 0.2858 0.2826 0.2795 0.2764 0.2733 0.2702 0.2671 0.2640 0.2609 0.2578 0.2547 0.2516 0.2484 0.2453 0.2422 0.2391 0.2361 0.2296 0.2010
0.2080 0.2370 0.2436 0.2466 0.2497 0.2528 0.2559 0.2591 0.2622 0.2653 0.2684 0.2715 0.2746 0.2776 0.2807 0.2837 0.2867 0.2897 0.2928 0.2959 0.2991 0.3023 0.3054 0.3086 0.3118 0.3149 0.3180 0.3208 0.3236 0.3259 0.3281 0.3298 0.3311 0.3320 0.3326 0.3327 0.3326 0.3321 0.3313 0.3302 0.3289 0.3273 0.3255 0.3235 0.3213 0.3188 0.3162 0.3134 0.3105 0.3072 0.3048 0.3072 0.3105 0.3134 0.3162 0.3188 0.3213 0.3235 0.3255 0.3273 0.3289 0.3302 0.3313 0.3321 0.3326 0.3327 0.3326 0.3320 0.3311 0.3298 0.3281 0.3259 0.3236 0.3208 0.3180 0.3149 0.3118 0.3086 0.3054 0.3023 0.2991 0.2959 0.2928 0.2897 0.2867 0.2837 0.2807 0.2776 0.2746 0.2715 0.2684 0.2653 0.2622 0.2591 0.2559 0.2528 0.2497 0.2466 0.2436 0.2370 0.2080
0.2150 0.2445 0.2511 0.2541 0.2572 0.2603 0.2635 0.2666 0.2697 0.2727 0.2758 0.2789 0.2819 0.2849 0.2879 0.2909 0.2938 0.2967 0.2995 0.3025 0.3055 0.3083 0.3113 0.3141 0.3169 0.3196 0.3222 0.3245 0.3266 0.3285 0.3300 0.3312 0.3321 0.3326 0.3328 0.3326 0.3322 0.3315 0.3305 0.3293 0.3278 0.3261 0.3242 0.3221 0.3199 0.3174 0.3148 0.3120 0.3090 0.3057 0.3032 0.3057 0.3090 0.3120 0.3148 0.3174 0.3199 0.3221 0.3242 0.3261 0.3278 0.3293 0.3305 0.3315 0.3322 0.3326 0.3328 0.3326 0.3321 0.3312 0.3300 0.3285 0.3266 0.3245 0.3222 0.3196 0.3169 0.3141 0.3113 0.3083 0.3055 0.3025 0.2995 0.2967 0.2938 0.2909 0.2879 0.2849 0.2819 0.2789 0.2758 0.2727 0.2697 0.2666 0.2635 0.2603 0.2572 0.2541 0.2511 0.2445 0.2150
0.2222 0.2520 0.2586 0.2616 0.2647 0.2678 0.2709 0.2740 0.2771 0.2801 0.2831 0.2861 0.2891 0.2920 0.2949 0.2978 0.3006 0.3033 0.3061 0.3087 0.3114 0.3141 0.3166 0.3191 0.3215 0.3237 0.3257 0.3275 0.3291 0.3304 0.3314 0.3321 0.3326 0.3327 0.3326 0.3322 0.3315 0.3306 0.3295 0.3281 0.3266 0.3248 0.3228 0.3207 0.3184 0.3159 0.3133 0.3104 0.3074 0.3041 0.3016 0.3041 0.3074 0.3104 0.3133 0.3159 0.3184 0.3207 0.3228 0.3248 0.3266 0.3281 0.3295 0.3306 0.3315 0.3322 0.3326 0.3327 0.3326 0.3321 0.3314 0.3304 0.3291 0.3275 0.3257 0.3237 0.3215 0.3191 0.3166 0.3141 0.3114 0.3087 0.3061 0.3033 0.3006 0.2978 0.2949 0.2920 0.2891 0.2861 0.2831 0.2801 0.2771 0.2740 0.2709 0.2678 0.2647 0.2616 0.2586 0.2520 0.2222
0.2296 0.2595 0.2661 0.2691 0.2722 0.2753 0.2783 0.2814 0.2844 0.2874 0.2903 0.2932 0.2961 0.2989 0.3017 0.3044 0.3071 0.3096 0.3121 0.3145 0.3169 0.3192 0.3214 0.3234 0.3253 0.3270 0.3285 0.3298 0.3309 0.3317 0.3323 0.3326 0.3327 0.3326 0.3322 0.3315 0.3307 0.3296 0.3283 0.3269 0.3252 0.3233 0.3213 0.3191 0.3168 0.3143 0.3116 0.3088 0.3057 0.3024 0.2999 0.3024 0.3057 0.3088 0.3116 0.3143 0.3168 0.3191 0.3213 0.3233 0.3252 0.3269 0.3283 0.3296 0.3307 0.3315 0.3322 0.3326 0.3327 0.3326 0.3323 0.3317 0.3309 0.3298 0.3285 0.3270 0.3253 0.3234 0.3214 0.3192 0.3169 0.3145 0.3121 0.3096 0.3071 0.3044 0.3017 0.2989 0.2961 0.2932 0.2903 0.2874 0.2844 0.2814 0.2783 0.2753 0.2722 0.2691 0.2661 0.2595 0.2296
0.2370 0.2670 0.2735 0.2765 0.2796 0.2826 0.2856 0.2886 0.2915 0.2944 0.2973 0.3001 0.3028 0.3055 0.3081 0.3106 0.3131 0.3154 0.3176 0.3197 0.3217 0.3236 0.3253 0.3269 0.3284 0.3296 0.3306 0.3314 0.3321 0.3325 0.3327 0.3327 0.3325 0.3321 0.3315 0.3306 0.3296 0.3284 0.3270 0.3254 0.3237 0.3218 0.3197 0.3174 0.3150 0.3125 0.3098 0.3070 0.3039 0.3006 0.2981 0.3006 0.3039 0.3070 0.3098 0.3125 0.3150 0.3174 0.3197 0.3218 0.3237 0.3254 0.3270 0.3284 0.3296 0.3306 0.3315 0.3321 0.3325 0.3327 0.3327 0.3325 0.3321 0.3314 0.3306 0.3296 0.3284 0.3269 0.3253 0.3236 0.3217 0.3197 0.3176 0.3154 0.3131 0.3106 0.3081 0.3055 0.3028 0.3001 0.2973 0.2944 0.2915 0.2886 0.2856 0.2826 0.2796 0.2765 0.2735 0.2670 0.2370
0.2444 0.2744 0.2809 0.2838 0.2868 0.2898 0.2927 0.2956 0.2984 0.3012 0.3039 0.3066 0.3092 0.3116 0.3140 0.3163 0.3185 0.3205 0.3224 0.3241 0.3257 0.3271 0.3284 0.3296 0.3305 0.3313 0.3319 0.3324 0.3327 0.3327 0.3326 0.3324 0.3319 0.3313 0.3305 0.3295 0.3283 0.3270 0.3255 0.3239 0.3221 0.3201 0.3179 0.3156 0.3132 0.3106 0.3079 0.3051 0.3021 0.2987 0.2963 0.2987 0.3021 0.3051 0.3079 0.3106 0.3132 0.3156 0.3179 0.3201 0.3221 0.3239 0.3255 0.3270 0.3283 0.3295 0.3305 0.3313 0.3319 0.3324 0.3326 0.3327 0.3327 0.3324 0.3319 0.3313 0.3305 0.3296 0.3284 0.3271 0.3257 0.3241 0.3224 0.3205 0.3185 0.3163 0.3140 0.3116 0.3092 0.3066 0.3039 0.3012 0.2984 0.2956 0.2927 0.2898 0.2868 0.2838 0.2809 0.2744 0.2444
0.2519 0.2818 0.2881 0.2910 0.2939 0.2968 0.2996 0.3023 0.3050 0.3077 0.3102 0.3126 0.3150 0.3172 0.3193 0.3213 0.3231 0.3247 0.3262 0.3276 0.3287 0.3298 0.3307 0.3314 0.3319 0.3323 0.3326 0.3327 0.3327 0.3325 0.3322 0.3317 0.3310 0.3302 0.3293 0.3281 0.3269 0.3254 0.3239 0.3222 0.3203 0.3183 0.3161 0.3138 0.3113 0.3087 0.3059 0.3031 0.3001 0.2967 0.2943 0.2967 0.3001 0.3031 0.3059 0.3087 0.3113 0.3138 0.3161 0.3183 0.3203 0.3222 0.3239 0.3254 0.3269 0.3281 0.3293 0.3302 0.3310 0.3317 0.3322 0.3325 0.3327 0.3327 0.3326 0.3323 0.3319 0.3314 0.3307 0.3298 0.3287 0.3276 0.3262 0.3247 0.3231 0.3213 0.3193 0.3172 0.3150 0.3126 0.3102 0.3077 0.3050 0.3023 0.2996 0.2968 0.2939 0.2910 0.2881 0.2818 0.2519
0.2594 0.2890 0.2951 0.2979 0.3007 0.3034 0.3061 0.3087 0.3112 0.3136 0.3159 0.3181 0.3201 0.3220 0.3238 0.3254 0.3268 0.3281 0.3292 0.3301 0.3309 0.3315 0.3320 0.3324 0.3326 0.3327 0.3327 0.3325 0.3323 0.3319 0.3313 0.3306 0.3298 0.3289 0.3278 0.3266 0.3252 0.3237 0.3221 0.3203 0.3184 0.3163 0.3141 0.3117 0.3093 0.3066 0.3039 0.3010 0.2980 0.2947 0.2922 0.2947 0.2980 0.3010 0.3039 0.3066 0.3093 0.3117 0.3141 0.3163 0.3184 0.3203 0.3221 0.3237 0.3252 0.3266 0.3278 0.3289 0.3298 0.3306 0.3313 0.3319 0.3323 0.3325 0.3327 0.3327 0.3326 0.3324 0.3320 0.3315 0.3309 0.3301 0.3292 0.3281 0.3268 0.3254 0.3238 0.3220 0.3201 0.3181 0.3159 0.3136 0.3112 0.3087 0.3061 0.3034 0.3007 0.2979 0.2951 0.2890 0.2594
0.2669 0.2960 0.3019 0.3045 0.3072 0.3097 0.3122 0.3146 0.3168 0.3189 0.3209 0.3228 0.3245 0.3260 0.3273 0.3285 0.3296 0.3304 0.3312 0.3317 0.3322 0.3325 0.3327 0.3327 0.3327 0.3325 0.3323 0.3319 0.3314 0.3308 0.3301 0.3293 0.3284 0.3273 0.3261 0.3248 0.3233 0.3218 0.3201 0.3183 0.3163 0.3142 0.3120 0.3096 0.3071 0.3045 0.3017 0.2988 0.2958 0.2925 0.2900 0.2925 0.2958 0.2988 0.3017 0.3045 0.3071 0.3096 0.3120 0.3142 0.3163 0.3183 0.3201 0.3218 0.3233 0.3248 0.3261 0.3273 0.3284 0.3293 0.3301 0.3308 0.3314 0.3319 0.3323 0.3325 0.3327 0.3327 0.3327 0.3325 0.3322 0.3317 0.3312 0.3304 0.3296 0.3285 0.3273 0.3260 0.3245 0.3228 0.3209 0.3189 0.3168 0.3146 0.3122 0.3097 0.3072 0.3045 0.3019 0.2960 0.2669
0.2743 0.3027 0.3083 0.3108 0.3132 0.3155 0.3177 0.3198 0.3217 0.3235 0.3251 0.3266 0.3279 0.3290 0.3299 0.3307 0.3314 0.3319 0.3323 0.3326 0.3327 0.3327 0.3327 0.3325 0.3322 0.3319 0.3314 0.3308 0.3302 0.3294 0.3286 0.3277 0.3266 0.3255 0.3242 0.3228 0.3213 0.3197 0.3179 0.3161 0.3141 0.3120 0.3097 0.3074 0.3049 0.3022 0.2994 0.2965 0.2935 0.2901 0.2877 0.2901 0.2935 0.2965 0.2994 0.3022 0.3049 0.3074 0.3097 0.3120 0.3141 0.3161 0.3179 0.3197 0.3213 0.3228 0.3242 0.3255 0.3266 0.3277 0.3286 0.3294 0.3302 0.3308 0.3314 0.3319 0.3322 0.3325 0.3327 0.3327 0.3327 0.3326 0.3323 0.3319 0.3314 0.3307 0.3299 0.3290 0.3279 0.3266 0.3251 0.3235 0.3217 0.3198 0.3177 0.3155 0.3132 0.3108 0.3083 0.3027 0.2743
0.2816 0.3090 0.3142 0.3164 0.3186 0.3206 0.3224 0.3242 0.3257 0.3271 0.3283 0.3294 0.3303 0.3310 0.3316 0.3321 0.3324 0.3326 0.3327 0.3327 0.3326 0.3324 0.3321 0.3318 0.3313 0.3308 0.3302 0.3294 0.3286 0.3278 0.3269 0.3258 0.3247 0.3235 0.3221 0.3207 0.3191 0.3174 0.3156 0.3138 0.3117 0.3096 0.3074 0.3050 0.3025 0.2998 0.2971 0.2942 0.2911 0.2878 0.2853 0.2878 0.2911 0.2942 0.2971 0.2998 0.3025 0.3050 0.3074 0.3096 0.3117 0.3138 0.3156 0.3174 0.3191 0.3207 0.3221 0.3235 0.3247 0.3258 0.3269 0.3278 0.3286 0.3294 0.3302 0.3308 0.3313 0.3318 0.3321 0.3324 0.3326 0.3327 0.3327 0.3326 0.3324 0.3321 0.3316 0.3310 0.3303 0.3294 0.3283 0.3271 0.3257 0.3242 0.3224 0.3206 0.3186 0.3164 0.3142 0.3090 0.2816
0.2888 0.3148 0.3194 0.3214 0.3232 0.3248 0.3263 0.3276 0.3288 0.3298 0.3306 0.3313 0.3318 0.3322 0.3325 0.3327 0.3327 0.3327 0.3325 0.3323 0.3320 0.3316 0.3311 0.3306 0.3300 0.3294 0.3286 0.3278 0.3268 0.3259 0.3248 0.3237 0.3225 0.3213 0.3199 0.3184 0.3168 0.3150 0.3132 0.3113 0.3093 0.3071 0.3049 0.3025 0.3000 0.2974 0.2946 0.2917 0.2886 0.2853 0.2827 0.2853 0.2886 0.2917 0.2946 0.2974 0.3000 0.3025 0.3049 0.3071 0.3093 0.3113 0.3132 0.3150 0.3168 0.3184 0.3199 0.3213 0.3225 0.3237 0.3248 0.3259 0.3268 0.3278 0.3286 0.3294 0.3300 0.3306 0.3311 0.3316 0.3320 0.3323 0.3325 0.3327 0.3327 0.3327 0.3325 0.3322 0.3318 0.3313 0.3306 0.3298 0.3288 0.3276 0.3263 0.3248 0.3232 0.3214 0.3194 0.3148 0.2888
0.2957 0.3199 0.3239 0.3254 0.3269 0.3281 0.3292 0.3301 0.3309 0.3315 0.3320 0.3324 0.3326 0.3327 0.3327 0.3326 0.3324 0.3322 0.3318 0.3314 0.3309 0.3304 0.3298 0.3291 0.3284 0.3276 0.3268 0.3258 0.3248 0.3237 0.3226 0.3214 0.3202 0.3188 0.3174 0.3159 0.3143 0.3125 0.3106 0.3087 0.3066 0.3045 0.3022 0.2998 0.2974 0.2947 0.2920 0.2891 0.2860 0.2826 0.2801 0.2826 0.2860 0.2891 0.2920 0.2947 0.2974 0.2998 0.3022 0.3045 0.3066 0.3087 0.3106 0.3125 0.3143 0.3159 0.3174 0.3188 0.3202 0.3214 0.3226 0.3237 0.3248 0.3258 0.3268 0.3276 0.3284 0.3291 0.3298 0.3304 0.3309 0.3314 0.3318 0.3322 0.3324 0.3326 0.3327 0.3327 0.3326 0.3324 0.3320 0.3315 0.3309 0.3301 0.3292 0.3281 0.3269 0.3254 0.3239 0.3199 0.2957
0.3024 0.3241 0.3274 0.3286 0.3296 0.3305 0.3312 0.3317 0.3322 0.3325 0.3327 0.3327 0.3327 0.3326 0.3323 0.3321 0.3317 0.3312 0.3307 0.3301 0.3295 0.3288 0.3281 0.3273 0.3265 0.3256 0.3246 0.3236 0.3225 0.3214 0.3201 0.3189 0.3176 0.3162 0.3148 0.3133 0.3116 0.3098 0.3079 0.3059 0.3039 0.3017 0.2994 0.2971 0.2946 0.2920 0.2892 0.2863 0.2833 0.2799 0.2773 0.2799 0.2833 0.2863 0.2892 0.2920 0.2946 0.2971 0.2994 0.3017 0.3039 0.3059 0.3079 0.3098 0.3116 0.3133 0.3148 0.3162 0.3176 0.3189 0.3201 0.3214 0.3225 0.3236 0.3246 0.3256 0.3265 0.3273 0.3281 0.3288 0.3295 0.3301 0.3307 0.3312 0.3317 0.3321 0.3323 0.3326 0.3327 0.3327 0.3327 0.3325 0.3322 0.3317 0.3312 0.3305 0.3296 0.3286 0.3274 0.3241 0.3024
0.3086 0.3275 0.3300 0.3308 0.3314 0.3319 0.3323 0.3326 0.3327 0.3327 0.3327 0.3325 0.3322 0.3319 0.3315 0.3310 0.3305 0.3299 0.3292 0.3285 0.3278 0.3270 0.3261 0.3252 0.3243 0.3233 0.3223 0.3213 0.3201 0.3188 0.3175 0.3162 0.3148 0.3134 0.3120 0.3104 0.3088 0.3070 0.3051 0.3031 0.3010 0.2988 0.2965 0.2942 0.2917 0.2891 0.2863 0.2834 0.2804 0.2770 0.2745 0.2770 0.2804 0.2834 0.2863 0.2891 0.2917 0.2942 0.2965 0.2988 0.3010 0.3031 0.3051 0.3070 0.3088 0.3104 0.3120 0.3134 0.3148 0.3162 0.3175 0.3188 0.3201 0.3213 0.3223 0.3233 0.3243 0.3252 0.3261 0.3270 0.3278 0.3285 0.3292 0.3299 0.3305 0.3310 0.3315 0.3319 0.3322 0.3325 0.3327 0.3327 0.3327 0.3326 0.3323 0.3319 0.3314 0.3308 0.3300 0.3275 0.3086
0.3144 0.3298 0.3317 0.3321 0.3325 0.3327 0.3327 0.3327 0.3326 0.3324 0.3321 0.3318 0.3313 0.3308 0.3303 0.3296 0.3290 0.3282 0.3274 0.3266 0.3258 0.3248 0.3239 0.3229 0.3219 0.3208 0.3198 0.3187 0.3174 0.3161 0.3148 0.3134 0.3119 0.3105 0.3090 0.3074 0.3057 0.3039 0.3021 0.3001 0.2980 0.2958 0.2935 0.2911 0.2886 0.2860 0.2833 0.2804 0.2773 0.2740 0.2714 0.2740 0.2773 0.2804 0.2833 0.2860 0.2886 0.2911 0.2935 0.2958 0.2980 0.3001 0.3021 0.3039 0.3057 0.3074 0.3090 0.3105 0.3119 0.3134 0.3148 0.3161 0.3174 0.3187 0.3198 0.3208 0.3219 0.3229 0.3239 0.3248 0.3258 0.3266 0.3274 0.3282 0.3290 0.3296 0.3303 0.3308 0.3313 0.3318 0.3321 0.3324 0.3326 0.3327 0.3327 0.3327 0.3325 0.3321 0.3317 0.3298 0.3144
0.3190 0.3311 0.3324 0.3326 0.3326 0.3326 0.3324 0.3322 0.3319 0.3315 0.3310 0.3305 0.3299 0.3292 0.3285 0.3278 0.3270 0.3262 0.3253 0.3243 0.3234 0.3224 0.3213 0.3203 0.3192 0.3181 0.3169 0.3157 0.3145 0.3131 0.3117 0.3103 0.3088 0.3072 0.3057 0.3041 0.3024 0.3006 0.2987 0.2967 0.2947 0.2925 0.2901 0.2878 0.2853 0.2826 0.2799 0.2770 0.2740 0.2706 0.2681 0.2706 0.2740 0.2770 0.2799 0.2826 0.2853 0.2878 0.2901 0.2925 0.2947 0.2967 0.2987 0.3006 0.3024 0.3041 0.3057 0.3072 0.3088 0.3103 0.3117 0.3131 0.3145 0.3157 0.3169 0.3181 0.3192 0.3203 0.3213 0.3224 0.3234 0.3243 0.3253 0.3262 0.3270 0.3278 0.3285 0.3292 0.3299 0.3305 0.3310 0.3315 0.3319 0.3322 0.3324 0.3326 0.3326 0.3326 0.3324 0.3311 0.3190
0.3204 0.3311 0.3321 0.3321 0.3320 0.3318 0.3316 0.3312 0.3308 0.3303 0.3298 0.3292 0.3285 0.3278 0.3270 0.3262 0.3253 0.3244 0.3235 0.3225 0.3215 0.3204 0.3193 0.3182 0.3171 0.3159 0.3147 0.3134 0.3122 0.3109 0.3094 0.3079 0.3064 0.3048 0.3032 0.3016 0.2999 0.2981 0.2963 0.2943 0.2922 0.2900 0.2877 0.2853 0.2827 0.2801 0.2773 0.2745 0.2714 0.2681 0.2657 0.2681 0.2714 0.2745 0.2773 0.2801 0.2827 0.2853 0.2877 0.2900 0.2922 0.2943 0.2963 0.2981 0.2999 0.3016 0.3032 0.3048 0.3064 0.3079 0.3094 0.3109 0.3122 0.3134 0.3147 0.3159 0.3171 0.3182 0.3193 0.3204 0.3215 0.3225 0.3235 0.3244 0.3253 0.3262 0.3270 0.3278 0.3285 0.3292 0.3298 0.3303 0.3308 0.3312 0.3316 0.3318 0.3320 0.3321 0.3321 0.3311 0.3204
0.3190 0.3311 0.3324 0.3326 0.3326 0.3326 0.3324 0.3322 0.3319 0.3315 0.3310 0.3305 0.3299 0.3292 0.3285 0.3278 0.3270 0.3262 0.3253 0.3243 0.3234 0.3224 0.3213 0.3203 0.3192 0.3181 0.3169 0.3157 0.3145 0.3131 0.3117 0.3103 0.3088 0.3072 0.3057 0.3041 0.3024 0.3006 0.2987 0.2967 0.2947 0.2925 0.2901 0.2878 0.2853 0.2826 0.2799 0.2770 0.2740 0.2706 0.2681 0.2706 0.2740 0.2770 0.2799 0.2826 0.2853 0.2878 0.2901 0.2925 0.2947 0.2967 0.2987 0.3006 0.3024 0.3041 0.3057 0.3072 0.3088 0.3103 0.3117 0.3131 0.3145 0.3157 0.3169 0.3181 0.3192 0.3203 0.3213 0.3224 0.3234 0.3243 0.3253 0.3262 0.3270 0.3278 0.3285 0.3292 0.3299 0.3305 0.3310 0.3315 0.3319 0.3322 0.3324 0.3326 0.3326 0.3326 0.3324 0.3311 0.3190
0.3144 0.3298 0.3317 0.3321 0.3325 0.3327 0.3327 0.3327 0.3326 0.3324 0.3321 0.3318 0.3313 0.3308 0.3303 0.3296 0.3290 0.3282 0.3274 0.3266 0.3258 0.3248 0.3239 0.3229 0.3219 0.3208 0.3198 0.3187 0.3174 0.3161 0.3148 0.3134 0.3119 0.3105 0.3090 0.3074 0.3057 0.3039 0.3021 0.3001 0.2980 0.2958 0.2935 0.2911 0.2886 0.2860 0.2833 0.2804 0.2773 0.2740 0.2714 0.2740 0.2773 0.2804 0.2833 0.2860 0.2886 0.2911 0.2935 0.2958 0.2980 0.3001 0.3021 0.3039 0.3057 0.3074 0.3090 0.3105 0.3119 0.3134 0.3148 0.3161 0.3174 0.3187 0.3198 0.3208 0.3219 0.3229 0.3239 0.3248 0.3258 0.3266 0.3274 0.3282 0.3290 0.3296 0.3303 0.3308 0.3313 0.3318 0.3321 0.3324 0.3326 0.3327 0.3327 0.3327 0.3325 0.3321 0.3317 0.3298 0.3144
0.3086 0.3275 0.3300 0.3308 0.3314 0.3319 0.3323 0.3326 0.3327 0.3327 0.3327 0.3325 0.3322 0.3319 0.3315 0.3310 0.3305 0.3299 0.3292 0.3285 0.3278 0.3270 0.3261 0.3252 0.3243 0.3233 0.3223 0.3213 0.3201 0.3188 0.3175 0.3162 0.3148 0.3134 0.3120 0.3104 0.3088 0.3070 0.3051 0.3031 0.3010 0.2988 0.2965 0.2942 0.2917 0.2891 0.2863 0.2834 0.2804 0.2770 0.2745 0.2770 0.2804 0.2834 0.2863 0.2891 0.2917 0.2942 0.2965 0.2988 0.3010 0.3031 0.3051 0.3070 0.3088 0.3104 0.3120 0.3134 0.3148 0.3162 0.3175 0.3188 0.3201 0.3213 0.3223 0.3233 0.3243 0.3252 0.3261 0.3270 0.3278 0.3285 0.3292 0.3299 0.3305 0.3310 0.3315 0.3319 0.3322 0.3325 0.3327 0.3327 0.3327 0.3326 0.3323 0.3319 0.3314 0.3308 0.3300 0.3275 0.3086
0.3024 0.3241 0.3274 0.3286 0.3296 0.3305 0.3312 0.3317 0.3322 0.3325 0.3327 0.3327 0.3327 0.3326 0.3323 0.3321 0.3317 0.3312 0.3307 0.3301 0.3295 0.3288 0.3281 0.3273 0.3265 0.3256 0.3246 0.3236 0.3225 0.3214 0.3201 0.3189 0.3176 0.3162 0.3148 0.3133 0.3116 0.3098 0.3079 0.3059 0.3039 0.3017 0.2994 0.2971 0.2946 0.2920 0.2892 0.2863 0.2833 0.2799 0.2773 0.2799 0.2833 0.2863 0.2892 0.2920 0.2946 0.2971 0.2994 0.3017 0.3039 0.3059 0.3079 0.3098 0.3116 0.3133 0.3148 0.3162 0.3176 0.3189 0.3201 0.3214 0.3225 0.3236 0.3246 0.3256 0.3265 0.3273 0.3281 0.3288 0.3295 0.3301 0.3307 0.3312 0.3317 0.3321 0.3323 0.3326 0.3327 0.3327 0.3327 0.3325 0.3322 0.3317 0.3312 0.3305 0.3296 0.3286 0.3274 0.3241 0.3024
0.2957 0.3199 0.3239 0.3254 0.3269 0.3281 0.3292 0.3301 0.3309 0.3315 0.3320 0.3324 0.3326 0.3327 0.3327 0.3326 0.3324 0.3322 0.3318 0.3314 0.3309 0.3304 0.3298 0.3291 0.3284 0.3276 0.3268 0.3258 0.3248 0.3237 0.3226 0.3214 0.3202 0.3188 0.3174 0.3159 0.3143 0.3125 0.3106 0.3087 0.3066 0.3045 0.3022 0.2998 0.2974 0.2947 0.2920 0.2891 0.2860 0.2826 0.2801 0.2826 0.2860 0.2891 0.2920 0.2947 0.2974 0.2998 0.3022 0.3045 0.3066 0.3087 0.3106 0.3125 0.3143 0.3159 0.3174 0.3188 0.3202 0.3214 0.3226 0.3237 0.3248 0.3258 0.3268 0.3276 0.3284 0.3291 0.3298 0.3304 0.3309 0.3314 0.3318 0.3322 0.3324 0.3326 0.3327 0.3327 0.3326 0.3324 0.3320 0.3315 0.3309 0.3301 0.3292 0.3281 0.3269 0.3254 0.3239 0.3199 0.2957
