0.0503 0.8112 1.0000 0.0001 0.0015 0.0239 0.3727 1.0000 0.0000 0.0007 0.0109 0.1696 1.0000 1.0000 0.0003 0.0050 0.0772 1.0000 1.0000 0.0001 0.0023 0.0352 0.5472 1.0000 0.0001 0.0010 0.0160 0.2490 1.0000 1.0000 0.0005 0.0073 0.1135 1.0000 1.0000 0.0002 0.0033 0.0517 0.8036 1.0000 0.0001 0.0015 0.0236 0.3664 1.0000 0.0000 0.0007 0.0105 0.1554 1.0000 1.0000 1.0000 0.1554 0.0105 0.0007 0.0000 1.0000 0.3664 0.0236 0.0015 0.0001 1.0000 0.8036 0.0517 0.0033 0.0002 1.0000 1.0000 0.1135 0.0073 0.0005 1.0000 1.0000 0.2490 0.0160 0.0010 0.0001 1.0000 0.5472 0.0352 0.0023 0.0001 1.0000 1.0000 0.0772 0.0050 0.0003 1.0000 1.0000 0.1696 0.0109 0.0007 0.0000 1.0000 0.3727 0.0239 0.0015 0.0001 1.0000 0.8112 0.0503
0.8112 1.0000 0.0001 0.0015 0.0237 0.3692 1.0000 0.0000 0.0007 0.0108 0.1677 1.0000 1.0000 0.0003 0.0049 0.0764 1.0000 1.0000 0.0001 0.0022 0.0348 0.5410 1.0000 0.0001 0.0010 0.0159 0.2467 1.0000 1.0000 0.0005 0.0072 0.1122 1.0000 1.0000 0.0002 0.0033 0.0512 0.7960 1.0000 0.0001 0.0015 0.0233 0.3622 1.0000 0.0000 0.0007 0.0105 0.1617 1.0000 1.0000 0.0001 1.0000 1.0000 0.1617 0.0105 0.0007 0.0000 1.0000 0.3622 0.0233 0.0015 0.0001 1.0000 0.7960 0.0512 0.0033 0.0002 1.0000 1.0000 0.1122 0.0072 0.0005 1.0000 1.0000 0.2467 0.0159 0.0010 0.0001 1.0000 0.5410 0.0348 0.0022 0.0001 1.0000 1.0000 0.0764 0.0049 0.0003 1.0000 1.0000 0.1677 0.0108 0.0007 0.0000 1.0000 0.3692 0.0237 0.0015 0.0001 1.0000 0.8112
1.0000 0.0001 0.0015 0.0232 0.3581 1.0000 0.0000 0.0007 0.0104 0.1614 1.0000 1.0000 0.0003 0.0047 0.0734 1.0000 1.0000 0.0001 0.0021 0.0334 0.5198 1.0000 0.0001 0.0010 0.0152 0.2366 1.0000 1.0000 0.0004 0.0069 0.1078 1.0000 1.0000 0.0002 0.0032 0.0491 0.7633 1.0000 0.0001 0.0014 0.0224 0.3480 1.0000 0.0000 0.0007 0.0102 0.1575 1.0000 1.0000 0.0002 0.0013 0.0002 1.0000 1.0000 0.1575 0.0102 0.0007 0.0000 1.0000 0.3480 0.0224 0.0014 0.0001 1.0000 0.7633 0.0491 0.0032 0.0002 1.0000 1.0000 0.1078 0.0069 0.0004 1.0000 1.0000 0.2366 0.0152 0.0010 0.0001 1.0000 0.5198 0.0334 0.0021 0.0001 1.0000 1.0000 0.0734 0.0047 0.0003 1.0000 1.0000 0.1614 0.0104 0.0007 0.0000 1.0000 0.3581 0.0232 0.0015 0.0001 1.0000
0.0001 0.0015 0.0232 0.3540 1.0000 0.0000 0.0006 0.0100 0.1557 1.0000 1.0000 0.0003 0.0045 0.0706 1.0000 1.0000 0.0001 0.0021 0.0321 0.4995 1.0000 0.0001 0.0009 0.0146 0.2273 1.0000 1.0000 0.0004 0.0067 0.1034 1.0000 1.0000 0.0002 0.0030 0.0472 0.7335 1.0000 0.0001 0.0014 0.0215 0.3338 1.0000 0.0000 0.0006 0.0098 0.1519 1.0000 1.0000 0.0003 0.0035 0.0193 0.0035 0.0003 1.0000 1.0000 0.1519 0.0098 0.0006 0.0000 1.0000 0.3338 0.0215 0.0014 0.0001 1.0000 0.7335 0.0472 0.0030 0.0002 1.0000 1.0000 0.1034 0.0067 0.0004 1.0000 1.0000 0.2273 0.0146 0.0009 0.0001 1.0000 0.4995 0.0321 0.0021 0.0001 1.0000 1.0000 0.0706 0.0045 0.0003 1.0000 1.0000 0.1557 0.0100 0.0006 0.0000 1.0000 0.3540 0.0232 0.0015 0.0001
0.0015 0.0237 0.3581 1.0000 0.0000 0.0006 0.0098 0.1513 1.0000 1.0000 0.0003 0.0044 0.0678 1.0000 1.0000 0.0001 0.0020 0.0309 0.4799 1.0000 0.0001 0.0009 0.0140 0.2184 1.0000 1.0000 0.0004 0.0064 0.0994 1.0000 1.0000 0.0002 0.0029 0.0453 0.7047 1.0000 0.0001 0.0013 0.0206 0.3207 1.0000 0.0000 0.0006 0.0094 0.1459 1.0000 1.0000 0.0003 0.0040 0.0517 0.2877 0.0517 0.0040 0.0003 1.0000 1.0000 0.1459 0.0094 0.0006 0.0000 1.0000 0.3207 0.0206 0.0013 0.0001 1.0000 0.7047 0.0453 0.0029 0.0002 1.0000 1.0000 0.0994 0.0064 0.0004 1.0000 1.0000 0.2184 0.0140 0.0009 0.0001 1.0000 0.4799 0.0309 0.0020 0.0001 1.0000 1.0000 0.0678 0.0044 0.0003 1.0000 1.0000 0.1513 0.0098 0.0006 0.0000 1.0000 0.3581 0.0237 0.0015
0.0239 0.3692 1.0000 0.0000 0.0006 0.0097 0.1490 1.0000 1.0000 0.0003 0.0042 0.0655 1.0000 1.0000 0.0001 0.0019 0.0296 0.4611 1.0000 0.0001 0.0009 0.0135 0.2094 1.0000 1.0000 0.0004 0.0061 0.0955 1.0000 1.0000 0.0002 0.0028 0.0435 0.6759 1.0000 0.0001 0.0013 0.0198 0.3081 1.0000 0.0000 0.0006 0.0090 0.1402 1.0000 1.0000 0.0003 0.0040 0.0597 0.7721 1.0000 0.7721 0.0597 0.0040 0.0003 1.0000 1.0000 0.1402 0.0090 0.0006 0.0000 1.0000 0.3081 0.0198 0.0013 0.0001 1.0000 0.6759 0.0435 0.0028 0.0002 1.0000 1.0000 0.0955 0.0061 0.0004 1.0000 1.0000 0.2094 0.0135 0.0009 0.0001 1.0000 0.4611 0.0296 0.0019 0.0001 1.0000 1.0000 0.0655 0.0042 0.0003 1.0000 1.0000 0.1490 0.0097 0.0006 0.0000 1.0000 0.3692 0.0239
0.3727 1.0000 0.0000 0.0006 0.0098 0.1490 1.0000 1.0000 0.0003 0.0041 0.0637 0.9849 1.0000 0.0001 0.0018 0.0285 0.4439 1.0000 0.0001 0.0008 0.0130 0.2012 1.0000 1.0000 0.0004 0.0059 0.0918 1.0000 1.0000 0.0002 0.0027 0.0418 0.6494 1.0000 0.0001 0.0012 0.0190 0.2961 1.0000 0.0000 0.0006 0.0087 0.1347 1.0000 1.0000 0.0003 0.0039 0.0602 0.8922 1.0000 1.0000 1.0000 0.8922 0.0602 0.0039 0.0003 1.0000 1.0000 0.1347 0.0087 0.0006 0.0000 1.0000 0.2961 0.0190 0.0012 0.0001 1.0000 0.6494 0.0418 0.0027 0.0002 1.0000 1.0000 0.0918 0.0059 0.0004 1.0000 1.0000 0.2012 0.0130 0.0008 0.0001 1.0000 0.4439 0.0285 0.0018 0.0001 1.0000 0.9849 0.0637 0.0041 0.0003 1.0000 1.0000 0.1490 0.0098 0.0006 0.0000 1.0000 0.3727
1.0000 0.0000 0.0007 0.0100 0.1513 1.0000 1.0000 0.0003 0.0041 0.0625 0.9627 1.0000 0.0001 0.0018 0.0276 0.4274 1.0000 0.0001 0.0008 0.0125 0.1937 1.0000 1.0000 0.0004 0.0057 0.0880 1.0000 1.0000 0.0002 0.0026 0.0401 0.6240 1.0000 0.0001 0.0012 0.0183 0.2839 1.0000 0.0000 0.0005 0.0083 0.1295 1.0000 1.0000 0.0002 0.0038 0.0586 0.8990 1.0000 0.0001 0.0005 0.0001 1.0000 0.8990 0.0586 0.0038 0.0002 1.0000 1.0000 0.1295 0.0083 0.0005 0.0000 1.0000 0.2839 0.0183 0.0012 0.0001 1.0000 0.6240 0.0401 0.0026 0.0002 1.0000 1.0000 0.0880 0.0057 0.0004 1.0000 1.0000 0.1937 0.0125 0.0008 0.0001 1.0000 0.4274 0.0276 0.0018 0.0001 1.0000 0.9627 0.0625 0.0041 0.0003 1.0000 1.0000 0.1513 0.0100 0.0007 0.0000 1.0000
0.0000 0.0007 0.0104 0.1557 1.0000 1.0000 0.0003 0.0041 0.0621 0.9518 1.0000 0.0001 0.0017 0.0268 0.4146 1.0000 0.0000 0.0008 0.0120 0.1865 1.0000 1.0000 0.0004 0.0054 0.0845 1.0000 1.0000 0.0002 0.0025 0.0385 0.5984 1.0000 0.0001 0.0011 0.0175 0.2728 1.0000 0.0000 0.0005 0.0080 0.1241 1.0000 1.0000 0.0002 0.0036 0.0565 0.8754 1.0000 0.0001 0.0013 0.0072 0.0013 0.0001 1.0000 0.8754 0.0565 0.0036 0.0002 1.0000 1.0000 0.1241 0.0080 0.0005 0.0000 1.0000 0.2728 0.0175 0.0011 0.0001 1.0000 0.5984 0.0385 0.0025 0.0002 1.0000 1.0000 0.0845 0.0054 0.0004 1.0000 1.0000 0.1865 0.0120 0.0008 0.0000 1.0000 0.4146 0.0268 0.0017 0.0001 1.0000 0.9518 0.0621 0.0041 0.0003 1.0000 1.0000 0.1557 0.0104 0.0007 0.0000
0.0007 0.0108 0.1614 1.0000 1.0000 0.0003 0.0041 0.0625 0.9518 1.0000 0.0001 0.0017 0.0262 0.4044 1.0000 0.0000 0.0007 0.0116 0.1799 1.0000 1.0000 0.0003 0.0052 0.0814 1.0000 1.0000 0.0002 0.0024 0.0370 0.5750 1.0000 0.0001 0.0011 0.0169 0.2621 1.0000 1.0000 0.0005 0.0077 0.1193 1.0000 1.0000 0.0002 0.0035 0.0543 0.8427 1.0000 0.0001 0.0015 0.0192 0.1072 0.0192 0.0015 0.0001 1.0000 0.8427 0.0543 0.0035 0.0002 1.0000 1.0000 0.1193 0.0077 0.0005 1.0000 1.0000 0.2621 0.0169 0.0011 0.0001 1.0000 0.5750 0.0370 0.0024 0.0002 1.0000 1.0000 0.0814 0.0052 0.0003 1.0000 1.0000 0.1799 0.0116 0.0007 0.0000 1.0000 0.4044 0.0262 0.0017 0.0001 1.0000 0.9518 0.0625 0.0041 0.0003 1.0000 1.0000 0.1614 0.0108 0.0007
0.0109 0.1677 1.0000 1.0000 0.0003 0.0042 0.0637 0.9627 1.0000 0.0001 0.0017 0.0259 0.3976 1.0000 0.0000 0.0007 0.0113 0.1742 1.0000 1.0000 0.0003 0.0050 0.0784 1.0000 1.0000 0.0001 0.0023 0.0355 0.5525 1.0000 0.0001 0.0010 0.0162 0.2514 1.0000 1.0000 0.0005 0.0074 0.1146 1.0000 1.0000 0.0002 0.0034 0.0522 0.8112 1.0000 0.0001 0.0015 0.0222 0.2872 1.0000 0.2872 0.0222 0.0015 0.0001 1.0000 0.8112 0.0522 0.0034 0.0002 1.0000 1.0000 0.1146 0.0074 0.0005 1.0000 1.0000 0.2514 0.0162 0.0010 0.0001 1.0000 0.5525 0.0355 0.0023 0.0001 1.0000 1.0000 0.0784 0.0050 0.0003 1.0000 1.0000 0.1742 0.0113 0.0007 0.0000 1.0000 0.3976 0.0259 0.0017 0.0001 1.0000 0.9627 0.0637 0.0042 0.0003 1.0000 1.0000 0.1677 0.0109
0.1696 1.0000 1.0000 0.0003 0.0044 0.0655 0.9849 1.0000 0.0001 0.0017 0.0259 0.3953 1.0000 0.0000 0.0007 0.0110 0.1696 1.0000 1.0000 0.0003 0.0049 0.0756 1.0000 1.0000 0.0001 0.0022 0.0342 0.5308 1.0000 0.0001 0.0010 0.0155 0.2416 1.0000 1.0000 0.0005 0.0071 0.1099 1.0000 1.0000 0.0002 0.0032 0.0501 0.7795 1.0000 0.0001 0.0015 0.0224 0.3319 1.0000 1.0000 1.0000 0.3319 0.0224 0.0015 0.0001 1.0000 0.7795 0.0501 0.0032 0.0002 1.0000 1.0000 0.1099 0.0071 0.0005 1.0000 1.0000 0.2416 0.0155 0.0010 0.0001 1.0000 0.5308 0.0342 0.0022 0.0001 1.0000 1.0000 0.0756 0.0049 0.0003 1.0000 1.0000 0.1696 0.0110 0.0007 0.0000 1.0000 0.3953 0.0259 0.0017 0.0001 1.0000 0.9849 0.0655 0.0044 0.0003 1.0000 1.0000 0.1696
1.0000 1.0000 0.0003 0.0045 0.0678 1.0000 1.0000 0.0001 0.0017 0.0262 0.3976 1.0000 0.0000 0.0007 0.0108 0.1664 1.0000 1.0000 0.0003 0.0047 0.0730 1.0000 1.0000 0.0001 0.0021 0.0329 0.5110 1.0000 0.0001 0.0010 0.0149 0.2321 1.0000 1.0000 0.0004 0.0068 0.1056 1.0000 1.0000 0.0002 0.0031 0.0482 0.7490 1.0000 0.0001 0.0014 0.0218 0.3344 1.0000 1.0000 0.0002 1.0000 1.0000 0.3344 0.0218 0.0014 0.0001 1.0000 0.7490 0.0482 0.0031 0.0002 1.0000 1.0000 0.1056 0.0068 0.0004 1.0000 1.0000 0.2321 0.0149 0.0010 0.0001 1.0000 0.5110 0.0329 0.0021 0.0001 1.0000 1.0000 0.0730 0.0047 0.0003 1.0000 1.0000 0.1664 0.0108 0.0007 0.0000 1.0000 0.3976 0.0262 0.0017 0.0001 1.0000 1.0000 0.0678 0.0045 0.0003 1.0000 1.0000
1.0000 0.0003 0.0047 0.0706 1.0000 1.0000 0.0001 0.0018 0.0268 0.4044 1.0000 0.0000 0.0007 0.0108 0.1645 1.0000 1.0000 0.0003 0.0046 0.0711 1.0000 1.0000 0.0001 0.0020 0.0317 0.4920 1.0000 0.0001 0.0009 0.0144 0.2230 1.0000 1.0000 0.0004 0.0065 0.1015 1.0000 1.0000 0.0002 0.0030 0.0462 0.7183 1.0000 0.0001 0.0014 0.0210 0.3256 1.0000 0.0000 0.0005 0.0027 0.0005 0.0000 1.0000 0.3256 0.0210 0.0014 0.0001 1.0000 0.7183 0.0462 0.0030 0.0002 1.0000 1.0000 0.1015 0.0065 0.0004 1.0000 1.0000 0.2230 0.0144 0.0009 0.0001 1.0000 0.4920 0.0317 0.0020 0.0001 1.0000 1.0000 0.0711 0.0046 0.0003 1.0000 1.0000 0.1645 0.0108 0.0007 0.0000 1.0000 0.4044 0.0268 0.0018 0.0001 1.0000 1.0000 0.0706 0.0047 0.0003 1.0000
0.0003 0.0049 0.0734 1.0000 1.0000 0.0001 0.0018 0.0276 0.4146 1.0000 0.0000 0.0007 0.0108 0.1645 1.0000 1.0000 0.0003 0.0045 0.0696 1.0000 1.0000 0.0001 0.0020 0.0307 0.4754 1.0000 0.0001 0.0009 0.0138 0.2147 1.0000 1.0000 0.0004 0.0063 0.0975 1.0000 1.0000 0.0002 0.0029 0.0444 0.6901 1.0000 0.0001 0.0013 0.0202 0.3135 1.0000 0.0000 0.0006 0.0071 0.0399 0.0071 0.0006 0.0000 1.0000 0.3135 0.0202 0.0013 0.0001 1.0000 0.6901 0.0444 0.0029 0.0002 1.0000 1.0000 0.0975 0.0063 0.0004 1.0000 1.0000 0.2147 0.0138 0.0009 0.0001 1.0000 0.4754 0.0307 0.0020 0.0001 1.0000 1.0000 0.0696 0.0045 0.0003 1.0000 1.0000 0.1645 0.0108 0.0007 0.0000 1.0000 0.4146 0.0276 0.0018 0.0001 1.0000 1.0000 0.0734 0.0049 0.0003
0.0050 0.0764 1.0000 1.0000 0.0001 0.0019 0.0285 0.4274 1.0000 0.0000 0.0007 0.0110 0.1664 1.0000 1.0000 0.0003 0.0045 0.0686 1.0000 1.0000 0.0001 0.0019 0.0298 0.4611 1.0000 0.0001 0.0009 0.0133 0.2067 1.0000 1.0000 0.0004 0.0060 0.0937 1.0000 1.0000 0.0002 0.0027 0.0426 0.6631 1.0000 0.0001 0.0012 0.0194 0.3018 1.0000 0.0000 0.0006 0.0083 0.1068 0.5950 0.1068 0.0083 0.0006 0.0000 1.0000 0.3018 0.0194 0.0012 0.0001 1.0000 0.6631 0.0426 0.0027 0.0002 1.0000 1.0000 0.0937 0.0060 0.0004 1.0000 1.0000 0.2067 0.0133 0.0009 0.0001 1.0000 0.4611 0.0298 0.0019 0.0001 1.0000 1.0000 0.0686 0.0045 0.0003 1.0000 1.0000 0.1664 0.0110 0.0007 0.0000 1.0000 0.4274 0.0285 0.0019 0.0001 1.0000 1.0000 0.0764 0.0050
0.0772 1.0000 1.0000 0.0001 0.0020 0.0296 0.4439 1.0000 0.0000 0.0007 0.0113 0.1696 1.0000 1.0000 0.0003 0.0045 0.0683 1.0000 1.0000 0.0001 0.0019 0.0291 0.4490 1.0000 0.0001 0.0008 0.0129 0.1997 1.0000 1.0000 0.0004 0.0058 0.0902 1.0000 1.0000 0.0002 0.0026 0.0410 0.6360 1.0000 0.0001 0.0012 0.0186 0.2899 1.0000 0.0000 0.0005 0.0083 0.1234 1.0000 1.0000 1.0000 0.1234 0.0083 0.0005 0.0000 1.0000 0.2899 0.0186 0.0012 0.0001 1.0000 0.6360 0.0410 0.0026 0.0002 1.0000 1.0000 0.0902 0.0058 0.0004 1.0000 1.0000 0.1997 0.0129 0.0008 0.0001 1.0000 0.4490 0.0291 0.0019 0.0001 1.0000 1.0000 0.0683 0.0045 0.0003 1.0000 1.0000 0.1696 0.0113 0.0007 0.0000 1.0000 0.4439 0.0296 0.0020 0.0001 1.0000 1.0000 0.0772
1.0000 1.0000 0.0001 0.0021 0.0309 0.4611 1.0000 0.0001 0.0008 0.0116 0.1742 1.0000 1.0000 0.0003 0.0045 0.0686 1.0000 1.0000 0.0001 0.0019 0.0287 0.4406 1.0000 0.0001 0.0008 0.0125 0.1934 1.0000 1.0000 0.0004 0.0056 0.0868 1.0000 1.0000 0.0002 0.0025 0.0394 0.6111 1.0000 0.0001 0.0012 0.0179 0.2786 1.0000 0.0000 0.0005 0.0081 0.1244 1.0000 1.0000 0.0001 1.0000 1.0000 0.1244 0.0081 0.0005 0.0000 1.0000 0.2786 0.0179 0.0012 0.0001 1.0000 0.6111 0.0394 0.0025 0.0002 1.0000 1.0000 0.0868 0.0056 0.0004 1.0000 1.0000 0.1934 0.0125 0.0008 0.0001 1.0000 0.4406 0.0287 0.0019 0.0001 1.0000 1.0000 0.0686 0.0045 0.0003 1.0000 1.0000 0.1742 0.0116 0.0008 0.0001 1.0000 0.4611 0.0309 0.0021 0.0001 1.0000 1.0000
1.0000 0.0001 0.0021 0.0321 0.4799 1.0000 0.0001 0.0008 0.0120 0.1799 1.0000 1.0000 0.0003 0.0046 0.0696 1.0000 1.0000 0.0001 0.0019 0.0284 0.4347 1.0000 0.0001 0.0008 0.0122 0.1883 1.0000 1.0000 0.0003 0.0054 0.0839 1.0000 1.0000 0.0002 0.0024 0.0379 0.5882 1.0000 0.0001 0.0011 0.0172 0.2672 1.0000 1.0000 0.0005 0.0078 0.1209 1.0000 1.0000 0.0002 0.0010 0.0002 1.0000 1.0000 0.1209 0.0078 0.0005 1.0000 1.0000 0.2672 0.0172 0.0011 0.0001 1.0000 0.5882 0.0379 0.0024 0.0002 1.0000 1.0000 0.0839 0.0054 0.0003 1.0000 1.0000 0.1883 0.0122 0.0008 0.0001 1.0000 0.4347 0.0284 0.0019 0.0001 1.0000 1.0000 0.0696 0.0046 0.0003 1.0000 1.0000 0.1799 0.0120 0.0008 0.0001 1.0000 0.4799 0.0321 0.0021 0.0001 1.0000
0.0001 0.0022 0.0334 0.4995 1.0000 0.0001 0.0008 0.0125 0.1865 1.0000 1.0000 0.0003 0.0047 0.0711 1.0000 1.0000 0.0001 0.0019 0.0284 0.4331 1.0000 0.0001 0.0008 0.0120 0.1840 1.0000 1.0000 0.0003 0.0052 0.0811 1.0000 1.0000 0.0002 0.0023 0.0365 0.5663 1.0000 0.0001 0.0011 0.0165 0.2567 1.0000 1.0000 0.0005 0.0075 0.1166 1.0000 1.0000 0.0002 0.0027 0.0148 0.0027 0.0002 1.0000 1.0000 0.1166 0.0075 0.0005 1.0000 1.0000 0.2567 0.0165 0.0011 0.0001 1.0000 0.5663 0.0365 0.0023 0.0002 1.0000 1.0000 0.0811 0.0052 0.0003 1.0000 1.0000 0.1840 0.0120 0.0008 0.0001 1.0000 0.4331 0.0284 0.0019 0.0001 1.0000 1.0000 0.0711 0.0047 0.0003 1.0000 1.0000 0.1865 0.0125 0.0008 0.0001 1.0000 0.4995 0.0334 0.0022 0.0001
0.0023 0.0348 0.5198 1.0000 0.0001 0.0009 0.0130 0.1937 1.0000 1.0000 0.0003 0.0049 0.0730 1.0000 1.0000 0.0001 0.0019 0.0287 0.4347 1.0000 0.0001 0.0008 0.0118 0.1813 1.0000 1.0000 0.0003 0.0051 0.0788 1.0000 1.0000 0.0001 0.0023 0.0352 0.5462 1.0000 0.0001 0.0010 0.0159 0.2471 1.0000 1.0000 0.0005 0.0072 0.1122 1.0000 1.0000 0.0002 0.0031 0.0397 0.2213 0.0397 0.0031 0.0002 1.0000 1.0000 0.1122 0.0072 0.0005 1.0000 1.0000 0.2471 0.0159 0.0010 0.0001 1.0000 0.5462 0.0352 0.0023 0.0001 1.0000 1.0000 0.0788 0.0051 0.0003 1.0000 1.0000 0.1813 0.0118 0.0008 0.0001 1.0000 0.4347 0.0287 0.0019 0.0001 1.0000 1.0000 0.0730 0.0049 0.0003 1.0000 1.0000 0.1937 0.0130 0.0009 0.0001 1.0000 0.5198 0.0348 0.0023
0.0352 0.5410 1.0000 0.0001 0.0009 0.0135 0.2012 1.0000 1.0000 0.0003 0.0050 0.0756 1.0000 1.0000 0.0001 0.0019 0.0291 0.4406 1.0000 0.0001 0.0008 0.0118 0.1799 1.0000 1.0000 0.0003 0.0050 0.0770 1.0000 1.0000 0.0001 0.0022 0.0341 0.5278 1.0000 0.0001 0.0010 0.0153 0.2379 1.0000 1.0000 0.0004 0.0069 0.1078 1.0000 1.0000 0.0002 0.0031 0.0459 0.5939 1.0000 0.5939 0.0459 0.0031 0.0002 1.0000 1.0000 0.1078 0.0069 0.0004 1.0000 1.0000 0.2379 0.0153 0.0010 0.0001 1.0000 0.5278 0.0341 0.0022 0.0001 1.0000 1.0000 0.0770 0.0050 0.0003 1.0000 1.0000 0.1799 0.0118 0.0008 0.0001 1.0000 0.4406 0.0291 0.0019 0.0001 1.0000 1.0000 0.0756 0.0050 0.0003 1.0000 1.0000 0.2012 0.0135 0.0009 0.0001 1.0000 0.5410 0.0352
0.5472 1.0000 0.0001 0.0009 0.0140 0.2094 1.0000 1.0000 0.0004 0.0052 0.0784 1.0000 1.0000 0.0001 0.0020 0.0298 0.4490 1.0000 0.0001 0.0008 0.0118 0.1799 1.0000 1.0000 0.0003 0.0049 0.0757 1.0000 1.0000 0.0001 0.0021 0.0330 0.5110 1.0000 0.0001 0.0010 0.0148 0.2290 1.0000 1.0000 0.0004 0.0067 0.1036 1.0000 1.0000 0.0002 0.0030 0.0463 0.6862 1.0000 1.0000 1.0000 0.6862 0.0463 0.0030 0.0002 1.0000 1.0000 0.1036 0.0067 0.0004 1.0000 1.0000 0.2290 0.0148 0.0010 0.0001 1.0000 0.5110 0.0330 0.0021 0.0001 1.0000 1.0000 0.0757 0.0049 0.0003 1.0000 1.0000 0.1799 0.0118 0.0008 0.0001 1.0000 0.4490 0.0298 0.0020 0.0001 1.0000 1.0000 0.0784 0.0052 0.0004 1.0000 1.0000 0.2094 0.0140 0.0009 0.0001 1.0000 0.5472
1.0000 0.0001 0.0010 0.0146 0.2184 1.0000 1.0000 0.0004 0.0054 0.0814 1.0000 1.0000 0.0001 0.0020 0.0307 0.4611 1.0000 0.0001 0.0008 0.0120 0.1813 1.0000 1.0000 0.0003 0.0049 0.0749 1.0000 1.0000 0.0001 0.0021 0.0322 0.4976 1.0000 0.0001 0.0009 0.0143 0.2213 1.0000 1.0000 0.0004 0.0064 0.0998 1.0000 1.0000 0.0002 0.0029 0.0451 0.6915 1.0000 0.0001 0.0004 0.0001 1.0000 0.6915 0.0451 0.0029 0.0002 1.0000 1.0000 0.0998 0.0064 0.0004 1.0000 1.0000 0.2213 0.0143 0.0009 0.0001 1.0000 0.4976 0.0322 0.0021 0.0001 1.0000 1.0000 0.0749 0.0049 0.0003 1.0000 1.0000 0.1813 0.0120 0.0008 0.0001 1.0000 0.4611 0.0307 0.0020 0.0001 1.0000 1.0000 0.0814 0.0054 0.0004 1.0000 1.0000 0.2184 0.0146 0.0010 0.0001 1.0000
0.0001 0.0010 0.0152 0.2273 1.0000 1.0000 0.0004 0.0057 0.0845 1.0000 1.0000 0.0001 0.0021 0.0317 0.4754 1.0000 0.0001 0.0008 0.0122 0.1840 1.0000 1.0000 0.0003 0.0049 0.0746 1.0000 1.0000 0.0001 0.0021 0.0316 0.4864 1.0000 0.0001 0.0009 0.0139 0.2143 1.0000 1.0000 0.0004 0.0062 0.0962 1.0000 1.0000 0.0002 0.0028 0.0435 0.6733 1.0000 0.0001 0.0010 0.0055 0.0010 0.0001 1.0000 0.6733 0.0435 0.0028 0.0002 1.0000 1.0000 0.0962 0.0062 0.0004 1.0000 1.0000 0.2143 0.0139 0.0009 0.0001 1.0000 0.4864 0.0316 0.0021 0.0001 1.0000 1.0000 0.0746 0.0049 0.0003 1.0000 1.0000 0.1840 0.0122 0.0008 0.0001 1.0000 0.4754 0.0317 0.0021 0.0001 1.0000 1.0000 0.0845 0.0057 0.0004 1.0000 1.0000 0.2273 0.0152 0.0010 0.0001
0.0010 0.0159 0.2366 1.0000 1.0000 0.0004 0.0059 0.0880 1.0000 1.0000 0.0001 0.0022 0.0329 0.4920 1.0000 0.0001 0.0008 0.0125 0.1883 1.0000 1.0000 0.0003 0.0049 0.0749 1.0000 1.0000 0.0001 0.0020 0.0312 0.4781 1.0000 0.0001 0.0009 0.0135 0.2083 1.0000 1.0000 0.0004 0.0060 0.0930 1.0000 1.0000 0.0002 0.0027 0.0419 0.6506 1.0000 0.0001 0.0011 0.0148 0.0826 0.0148 0.0011 0.0001 1.0000 0.6506 0.0419 0.0027 0.0002 1.0000 1.0000 0.0930 0.0060 0.0004 1.0000 1.0000 0.2083 0.0135 0.0009 0.0001 1.0000 0.4781 0.0312 0.0020 0.0001 1.0000 1.0000 0.0749 0.0049 0.0003 1.0000 1.0000 0.1883 0.0125 0.0008 0.0001 1.0000 0.4920 0.0329 0.0022 0.0001 1.0000 1.0000 0.0880 0.0059 0.0004 1.0000 1.0000 0.2366 0.0159 0.0010
0.0160 0.2467 1.0000 1.0000 0.0004 0.0061 0.0918 1.0000 1.0000 0.0002 0.0023 0.0342 0.5110 1.0000 0.0001 0.0009 0.0129 0.1934 1.0000 1.0000 0.0003 0.0050 0.0757 1.0000 1.0000 0.0001 0.0020 0.0309 0.4736 1.0000 0.0001 0.0009 0.0132 0.2032 1.0000 1.0000 0.0004 0.0058 0.0899 1.0000 1.0000 0.0002 0.0026 0.0403 0.6264 1.0000 0.0001 0.0012 0.0171 0.2213 1.0000 0.2213 0.0171 0.0012 0.0001 1.0000 0.6264 0.0403 0.0026 0.0002 1.0000 1.0000 0.0899 0.0058 0.0004 1.0000 1.0000 0.2032 0.0132 0.0009 0.0001 1.0000 0.4736 0.0309 0.0020 0.0001 1.0000 1.0000 0.0757 0.0050 0.0003 1.0000 1.0000 0.1934 0.0129 0.0009 0.0001 1.0000 0.5110 0.0342 0.0023 0.0002 1.0000 1.0000 0.0918 0.0061 0.0004 1.0000 1.0000 0.2467 0.0160
0.2490 1.0000 1.0000 0.0004 0.0064 0.0955 1.0000 1.0000 0.0002 0.0024 0.0355 0.5308 1.0000 0.0001 0.0009 0.0133 0.1997 1.0000 1.0000 0.0003 0.0051 0.0770 1.0000 1.0000 0.0001 0.0020 0.0309 0.4718 1.0000 0.0001 0.0008 0.0130 0.1993 1.0000 1.0000 0.0004 0.0056 0.0873 1.0000 1.0000 0.0002 0.0025 0.0390 0.6041 1.0000 0.0001 0.0011 0.0173 0.2562 1.0000 1.0000 1.0000 0.2562 0.0173 0.0011 0.0001 1.0000 0.6041 0.0390 0.0025 0.0002 1.0000 1.0000 0.0873 0.0056 0.0004 1.0000 1.0000 0.1993 0.0130 0.0008 0.0001 1.0000 0.4718 0.0309 0.0020 0.0001 1.0000 1.0000 0.0770 0.0051 0.0003 1.0000 1.0000 0.1997 0.0133 0.0009 0.0001 1.0000 0.5308 0.0355 0.0024 0.0002 1.0000 1.0000 0.0955 0.0064 0.0004 1.0000 1.0000 0.2490
1.0000 1.0000 0.0004 0.0067 0.0994 1.0000 1.0000 0.0002 0.0025 0.0370 0.5525 1.0000 0.0001 0.0009 0.0138 0.2067 1.0000 1.0000 0.0003 0.0052 0.0788 1.0000 1.0000 0.0001 0.0021 0.0312 0.4736 1.0000 0.0001 0.0008 0.0128 0.1967 1.0000 1.0000 0.0004 0.0055 0.0850 1.0000 1.0000 0.0002 0.0024 0.0377 0.5838 1.0000 0.0001 0.0011 0.0169 0.2587 1.0000 1.0000 0.0001 1.0000 1.0000 0.2587 0.0169 0.0011 0.0001 1.0000 0.5838 0.0377 0.0024 0.0002 1.0000 1.0000 0.0850 0.0055 0.0004 1.0000 1.0000 0.1967 0.0128 0.0008 0.0001 1.0000 0.4736 0.0312 0.0021 0.0001 1.0000 1.0000 0.0788 0.0052 0.0003 1.0000 1.0000 0.2067 0.0138 0.0009 0.0001 1.0000 0.5525 0.0370 0.0025 0.0002 1.0000 1.0000 0.0994 0.0067 0.0004 1.0000 1.0000
1.0000 0.0005 0.0069 0.1034 1.0000 1.0000 0.0002 0.0026 0.0385 0.5750 1.0000 0.0001 0.0010 0.0144 0.2147 1.0000 1.0000 0.0004 0.0054 0.0811 1.0000 1.0000 0.0001 0.0021 0.0316 0.4781 1.0000 0.0001 0.0008 0.0128 0.1956 1.0000 1.0000 0.0004 0.0054 0.0833 1.0000 1.0000 0.0002 0.0024 0.0365 0.5652 1.0000 0.0001 0.0011 0.0163 0.2524 1.0000 1.0000 0.0004 0.0021 0.0004 1.0000 1.0000 0.2524 0.0163 0.0011 0.0001 1.0000 0.5652 0.0365 0.0024 0.0002 1.0000 1.0000 0.0833 0.0054 0.0004 1.0000 1.0000 0.1956 0.0128 0.0008 0.0001 1.0000 0.4781 0.0316 0.0021 0.0001 1.0000 1.0000 0.0811 0.0054 0.0004 1.0000 1.0000 0.2147 0.0144 0.0010 0.0001 1.0000 0.5750 0.0385 0.0026 0.0002 1.0000 1.0000 0.1034 0.0069 0.0005 1.0000
0.0005 0.0072 0.1078 1.0000 1.0000 0.0002 0.0027 0.0401 0.5984 1.0000 0.0001 0.0010 0.0149 0.2230 1.0000 1.0000 0.0004 0.0056 0.0839 1.0000 1.0000 0.0001 0.0021 0.0322 0.4864 1.0000 0.0001 0.0008 0.0128 0.1956 1.0000 1.0000 0.0003 0.0053 0.0820 1.0000 1.0000 0.0001 0.0023 0.0356 0.5493 1.0000 0.0001 0.0010 0.0158 0.2448 1.0000 1.0000 0.0004 0.0055 0.0309 0.0055 0.0004 1.0000 1.0000 0.2448 0.0158 0.0010 0.0001 1.0000 0.5493 0.0356 0.0023 0.0001 1.0000 1.0000 0.0820 0.0053 0.0003 1.0000 1.0000 0.1956 0.0128 0.0008 0.0001 1.0000 0.4864 0.0322 0.0021 0.0001 1.0000 1.0000 0.0839 0.0056 0.0004 1.0000 1.0000 0.2230 0.0149 0.0010 0.0001 1.0000 0.5984 0.0401 0.0027 0.0002 1.0000 1.0000 0.1078 0.0072 0.0005
0.0073 0.1122 1.0000 1.0000 0.0002 0.0028 0.0418 0.6240 1.0000 0.0001 0.0010 0.0155 0.2321 1.0000 1.0000 0.0004 0.0058 0.0868 1.0000 1.0000 0.0001 0.0022 0.0330 0.4976 1.0000 0.0001 0.0009 0.0130 0.1967 1.0000 1.0000 0.0003 0.0053 0.0812 1.0000 1.0000 0.0001 0.0023 0.0348 0.5359 1.0000 0.0001 0.0010 0.0153 0.2370 1.0000 1.0000 0.0004 0.0064 0.0830 0.4620 0.0830 0.0064 0.0004 1.0000 1.0000 0.2370 0.0153 0.0010 0.0001 1.0000 0.5359 0.0348 0.0023 0.0001 1.0000 1.0000 0.0812 0.0053 0.0003 1.0000 1.0000 0.1967 0.0130 0.0009 0.0001 1.0000 0.4976 0.0330 0.0022 0.0001 1.0000 1.0000 0.0868 0.0058 0.0004 1.0000 1.0000 0.2321 0.0155 0.0010 0.0001 1.0000 0.6240 0.0418 0.0028 0.0002 1.0000 1.0000 0.1122 0.0073
0.1135 1.0000 1.0000 0.0002 0.0029 0.0435 0.6494 1.0000 0.0001 0.0011 0.0162 0.2416 1.0000 1.0000 0.0004 0.0060 0.0902 1.0000 1.0000 0.0002 0.0023 0.0341 0.5110 1.0000 0.0001 0.0009 0.0132 0.1993 1.0000 1.0000 0.0003 0.0053 0.0809 1.0000 1.0000 0.0001 0.0022 0.0342 0.5258 1.0000 0.0001 0.0010 0.0149 0.2303 1.0000 1.0000 0.0004 0.0065 0.0962 1.0000 1.0000 1.0000 0.0962 0.0065 0.0004 1.0000 1.0000 0.2303 0.0149 0.0010 0.0001 1.0000 0.5258 0.0342 0.0022 0.0001 1.0000 1.0000 0.0809 0.0053 0.0003 1.0000 1.0000 0.1993 0.0132 0.0009 0.0001 1.0000 0.5110 0.0341 0.0023 0.0002 1.0000 1.0000 0.0902 0.0060 0.0004 1.0000 1.0000 0.2416 0.0162 0.0011 0.0001 1.0000 0.6494 0.0435 0.0029 0.0002 1.0000 1.0000 0.1135
1.0000 1.0000 0.0002 0.0030 0.0453 0.6759 1.0000 0.0001 0.0011 0.0169 0.2514 1.0000 1.0000 0.0004 0.0063 0.0937 1.0000 1.0000 0.0002 0.0023 0.0352 0.5278 1.0000 0.0001 0.0009 0.0135 0.2032 1.0000 1.0000 0.0004 0.0053 0.0812 1.0000 1.0000 0.0001 0.0022 0.0337 0.5179 1.0000 0.0001 0.0009 0.0145 0.2243 1.0000 1.0000 0.0004 0.0064 0.0977 1.0000 1.0000 0.0001 1.0000 1.0000 0.0977 0.0064 0.0004 1.0000 1.0000 0.2243 0.0145 0.0009 0.0001 1.0000 0.5179 0.0337 0.0022 0.0001 1.0000 1.0000 0.0812 0.0053 0.0004 1.0000 1.0000 0.2032 0.0135 0.0009 0.0001 1.0000 0.5278 0.0352 0.0023 0.0002 1.0000 1.0000 0.0937 0.0063 0.0004 1.0000 1.0000 0.2514 0.0169 0.0011 0.0001 1.0000 0.6759 0.0453 0.0030 0.0002 1.0000 1.0000
1.0000 0.0002 0.0032 0.0472 0.7047 1.0000 0.0001 0.0012 0.0175 0.2621 1.0000 1.0000 0.0004 0.0065 0.0975 1.0000 1.0000 0.0002 0.0024 0.0365 0.5462 1.0000 0.0001 0.0009 0.0139 0.2083 1.0000 1.0000 0.0004 0.0054 0.0820 1.0000 1.0000 0.0001 0.0022 0.0335 0.5130 1.0000 0.0001 0.0009 0.0143 0.2192 1.0000 1.0000 0.0004 0.0062 0.0959 1.0000 1.0000 0.0001 0.0008 0.0001 1.0000 1.0000 0.0959 0.0062 0.0004 1.0000 1.0000 0.2192 0.0143 0.0009 0.0001 1.0000 0.5130 0.0335 0.0022 0.0001 1.0000 1.0000 0.0820 0.0054 0.0004 1.0000 1.0000 0.2083 0.0139 0.0009 0.0001 1.0000 0.5462 0.0365 0.0024 0.0002 1.0000 1.0000 0.0975 0.0065 0.0004 1.0000 1.0000 0.2621 0.0175 0.0012 0.0001 1.0000 0.7047 0.0472 0.0032 0.0002 1.0000
0.0002 0.0033 0.0491 0.7335 1.0000 0.0001 0.0012 0.0183 0.2728 1.0000 1.0000 0.0005 0.0068 0.1015 1.0000 1.0000 0.0002 0.0025 0.0379 0.5663 1.0000 0.0001 0.0010 0.0143 0.2143 1.0000 1.0000 0.0004 0.0055 0.0833 1.0000 1.0000 0.0001 0.0022 0.0335 0.5110 1.0000 0.0001 0.0009 0.0140 0.2155 1.0000 1.0000 0.0004 0.0061 0.0937 1.0000 1.0000 0.0002 0.0021 0.0117 0.0021 0.0002 1.0000 1.0000 0.0937 0.0061 0.0004 1.0000 1.0000 0.2155 0.0140 0.0009 0.0001 1.0000 0.5110 0.0335 0.0022 0.0001 1.0000 1.0000 0.0833 0.0055 0.0004 1.0000 1.0000 0.2143 0.0143 0.0010 0.0001 1.0000 0.5663 0.0379 0.0025 0.0002 1.0000 1.0000 0.1015 0.0068 0.0005 1.0000 1.0000 0.2728 0.0183 0.0012 0.0001 1.0000 0.7335 0.0491 0.0033 0.0002
0.0033 0.0512 0.7633 1.0000 0.0001 0.0013 0.0190 0.2839 1.0000 1.0000 0.0005 0.0071 0.1056 1.0000 1.0000 0.0002 0.0026 0.0394 0.5882 1.0000 0.0001 0.0010 0.0148 0.2213 1.0000 1.0000 0.0004 0.0056 0.0850 1.0000 1.0000 0.0001 0.0022 0.0337 0.5130 1.0000 0.0001 0.0009 0.0139 0.2131 1.0000 1.0000 0.0004 0.0059 0.0916 1.0000 1.0000 0.0002 0.0024 0.0315 0.1752 0.0315 0.0024 0.0002 1.0000 1.0000 0.0916 0.0059 0.0004 1.0000 1.0000 0.2131 0.0139 0.0009 0.0001 1.0000 0.5130 0.0337 0.0022 0.0001 1.0000 1.0000 0.0850 0.0056 0.0004 1.0000 1.0000 0.2213 0.0148 0.0010 0.0001 1.0000 0.5882 0.0394 0.0026 0.0002 1.0000 1.0000 0.1056 0.0071 0.0005 1.0000 1.0000 0.2839 0.0190 0.0013 0.0001 1.0000 0.7633 0.0512 0.0033
0.0517 0.7960 1.0000 0.0001 0.0013 0.0198 0.2961 1.0000 0.0000 0.0005 0.0074 0.1099 1.0000 1.0000 0.0002 0.0027 0.0410 0.6111 1.0000 0.0001 0.0010 0.0153 0.2290 1.0000 1.0000 0.0004 0.0058 0.0873 1.0000 1.0000 0.0001 0.0023 0.0342 0.5179 1.0000 0.0001 0.0009 0.0139 0.2119 1.0000 1.0000 0.0004 0.0058 0.0899 1.0000 1.0000 0.0002 0.0025 0.0368 0.4736 1.0000 0.4736 0.0368 0.0025 0.0002 1.0000 1.0000 0.0899 0.0058 0.0004 1.0000 1.0000 0.2119 0.0139 0.0009 0.0001 1.0000 0.5179 0.0342 0.0023 0.0001 1.0000 1.0000 0.0873 0.0058 0.0004 1.0000 1.0000 0.2290 0.0153 0.0010 0.0001 1.0000 0.6111 0.0410 0.0027 0.0002 1.0000 1.0000 0.1099 0.0074 0.0005 0.0000 1.0000 0.2961 0.0198 0.0013 0.0001 1.0000 0.7960 0.0517
0.8036 1.0000 0.0001 0.0014 0.0206 0.3081 1.0000 0.0000 0.0005 0.0077 0.1146 1.0000 1.0000 0.0002 0.0029 0.0426 0.6360 1.0000 0.0001 0.0011 0.0159 0.2379 1.0000 1.0000 0.0004 0.0060 0.0899 1.0000 1.0000 0.0002 0.0023 0.0348 0.5258 1.0000 0.0001 0.0009 0.0139 0.2119 1.0000 1.0000 0.0004 0.0058 0.0887 1.0000 1.0000 0.0002 0.0025 0.0376 0.5535 1.0000 1.0000 1.0000 0.5535 0.0376 0.0025 0.0002 1.0000 1.0000 0.0887 0.0058 0.0004 1.0000 1.0000 0.2119 0.0139 0.0009 0.0001 1.0000 0.5258 0.0348 0.0023 0.0002 1.0000 1.0000 0.0899 0.0060 0.0004 1.0000 1.0000 0.2379 0.0159 0.0011 0.0001 1.0000 0.6360 0.0426 0.0029 0.0002 1.0000 1.0000 0.1146 0.0077 0.0005 0.0000 1.0000 0.3081 0.0206 0.0014 0.0001 1.0000 0.8036
1.0000 0.0001 0.0014 0.0215 0.3207 1.0000 0.0000 0.0005 0.0080 0.1193 1.0000 1.0000 0.0002 0.0030 0.0444 0.6631 1.0000 0.0001 0.0011 0.0165 0.2471 1.0000 1.0000 0.0004 0.0062 0.0930 1.0000 1.0000 0.0002 0.0024 0.0356 0.5359 1.0000 0.0001 0.0009 0.0140 0.2131 1.0000 1.0000 0.0004 0.0058 0.0880 1.0000 1.0000 0.0002 0.0024 0.0373 0.5674 1.0000 0.0001 0.0003 0.0001 1.0000 0.5674 0.0373 0.0024 0.0002 1.0000 1.0000 0.0880 0.0058 0.0004 1.0000 1.0000 0.2131 0.0140 0.0009 0.0001 1.0000 0.5359 0.0356 0.0024 0.0002 1.0000 1.0000 0.0930 0.0062 0.0004 1.0000 1.0000 0.2471 0.0165 0.0011 0.0001 1.0000 0.6631 0.0444 0.0030 0.0002 1.0000 1.0000 0.1193 0.0080 0.0005 0.0000 1.0000 0.3207 0.0215 0.0014 0.0001 1.0000
0.0001 0.0015 0.0224 0.3338 1.0000 0.0000 0.0006 0.0083 0.1241 1.0000 1.0000 0.0002 0.0031 0.0462 0.6901 1.0000 0.0001 0.0012 0.0172 0.2567 1.0000 1.0000 0.0004 0.0064 0.0962 1.0000 1.0000 0.0002 0.0024 0.0365 0.5493 1.0000 0.0001 0.0009 0.0143 0.2155 1.0000 1.0000 0.0004 0.0058 0.0877 1.0000 1.0000 0.0002 0.0024 0.0368 0.5641 1.0000 0.0001 0.0008 0.0045 0.0008 0.0001 1.0000 0.5641 0.0368 0.0024 0.0002 1.0000 1.0000 0.0877 0.0058 0.0004 1.0000 1.0000 0.2155 0.0143 0.0009 0.0001 1.0000 0.5493 0.0365 0.0024 0.0002 1.0000 1.0000 0.0962 0.0064 0.0004 1.0000 1.0000 0.2567 0.0172 0.0012 0.0001 1.0000 0.6901 0.0462 0.0031 0.0002 1.0000 1.0000 0.1241 0.0083 0.0006 0.0000 1.0000 0.3338 0.0224 0.0015 0.0001
0.0015 0.0233 0.3480 1.0000 0.0000 0.0006 0.0087 0.1295 1.0000 1.0000 0.0002 0.0032 0.0482 0.7183 1.0000 0.0001 0.0012 0.0179 0.2672 1.0000 1.0000 0.0004 0.0067 0.0998 1.0000 1.0000 0.0002 0.0025 0.0377 0.5652 1.0000 0.0001 0.0010 0.0145 0.2192 1.0000 1.0000 0.0004 0.0058 0.0880 1.0000 1.0000 0.0002 0.0024 0.0365 0.5588 1.0000 0.0001 0.0010 0.0122 0.0678 0.0122 0.0010 0.0001 1.0000 0.5588 0.0365 0.0024 0.0002 1.0000 1.0000 0.0880 0.0058 0.0004 1.0000 1.0000 0.2192 0.0145 0.0010 0.0001 1.0000 0.5652 0.0377 0.0025 0.0002 1.0000 1.0000 0.0998 0.0067 0.0004 1.0000 1.0000 0.2672 0.0179 0.0012 0.0001 1.0000 0.7183 0.0482 0.0032 0.0002 1.0000 1.0000 0.1295 0.0087 0.0006 0.0000 1.0000 0.3480 0.0233 0.0015
0.0236 0.3622 1.0000 0.0000 0.0006 0.0090 0.1347 1.0000 1.0000 0.0002 0.0034 0.0501 0.7490 1.0000 0.0001 0.0012 0.0186 0.2786 1.0000 1.0000 0.0005 0.0069 0.1036 1.0000 1.0000 0.0002 0.0026 0.0390 0.5838 1.0000 0.0001 0.0010 0.0149 0.2243 1.0000 1.0000 0.0004 0.0058 0.0887 1.0000 1.0000 0.0002 0.0024 0.0363 0.5556 1.0000 0.0001 0.0010 0.0144 0.1844 1.0000 0.1851 0.0144 0.0010 0.0001 1.0000 0.5556 0.0363 0.0024 0.0002 1.0000 1.0000 0.0887 0.0058 0.0004 1.0000 1.0000 0.2243 0.0149 0.0010 0.0001 1.0000 0.5838 0.0390 0.0026 0.0002 1.0000 1.0000 0.1036 0.0069 0.0005 1.0000 1.0000 0.2786 0.0186 0.0012 0.0001 1.0000 0.7490 0.0501 0.0034 0.0002 1.0000 1.0000 0.1347 0.0090 0.0006 0.0000 1.0000 0.3622 0.0236
0.3664 1.0000 0.0000 0.0006 0.0094 0.1402 1.0000 1.0000 0.0002 0.0035 0.0522 0.7795 1.0000 0.0001 0.0013 0.0194 0.2899 1.0000 1.0000 0.0005 0.0072 0.1078 1.0000 1.0000 0.0002 0.0027 0.0403 0.6041 1.0000 0.0001 0.0010 0.0153 0.2303 1.0000 1.0000 0.0004 0.0059 0.0899 1.0000 1.0000 0.0002 0.0024 0.0363 0.5739 1.0000 0.0001 0.0010 0.0151 0.2135 1.0000 1.0000 1.0000 0.2167 0.0148 0.0010 0.0001 1.0000 0.5483 0.0360 0.0024 0.0002 1.0000 1.0000 0.0899 0.0059 0.0004 1.0000 1.0000 0.2303 0.0153 0.0010 0.0001 1.0000 0.6041 0.0403 0.0027 0.0002 1.0000 1.0000 0.1078 0.0072 0.0005 1.0000 1.0000 0.2899 0.0194 0.0013 0.0001 1.0000 0.7795 0.0522 0.0035 0.0002 1.0000 1.0000 0.1402 0.0094 0.0006 0.0000 1.0000 0.3664
1.0000 0.0000 0.0007 0.0098 0.1459 1.0000 1.0000 0.0002 0.0036 0.0543 0.8112 1.0000 0.0001 0.0014 0.0202 0.3018 1.0000 0.0000 0.0005 0.0075 0.1122 1.0000 1.0000 0.0002 0.0028 0.0419 0.6264 1.0000 0.0001 0.0011 0.0158 0.2370 1.0000 1.0000 0.0004 0.0061 0.0916 1.0000 1.0000 0.0002 0.0024 0.0365 0.5546 1.0000 0.0001 0.0010 0.0150 0.2317 1.0000 1.0000 0.0001 1.0000 1.0000 0.2201 0.0149 0.0010 0.0001 1.0000 0.5695 0.0365 0.0024 0.0002 1.0000 1.0000 0.0916 0.0061 0.0004 1.0000 1.0000 0.2370 0.0158 0.0011 0.0001 1.0000 0.6264 0.0419 0.0028 0.0002 1.0000 1.0000 0.1122 0.0075 0.0005 0.0000 1.0000 0.3018 0.0202 0.0014 0.0001 1.0000 0.8112 0.0543 0.0036 0.0002 1.0000 1.0000 0.1459 0.0098 0.0007 0.0000 1.0000
0.0000 0.0007 0.0102 0.1519 1.0000 1.0000 0.0003 0.0038 0.0565 0.8427 1.0000 0.0001 0.0014 0.0210 0.3135 1.0000 0.0000 0.0005 0.0078 0.1166 1.0000 1.0000 0.0002 0.0029 0.0435 0.6506 1.0000 0.0001 0.0011 0.0163 0.2448 1.0000 1.0000 0.0004 0.0062 0.0937 1.0000 1.0000 0.0002 0.0024 0.0368 0.5588 1.0000 0.0001 0.0010 0.0147 0.2299 1.0000 1.0000 0.0003 0.0018 0.0003 1.0000 1.0000 0.2264 0.0149 0.0010 0.0001 1.0000 0.5588 0.0368 0.0024 0.0002 1.0000 1.0000 0.0937 0.0062 0.0004 1.0000 1.0000 0.2448 0.0163 0.0011 0.0001 1.0000 0.6506 0.0435 0.0029 0.0002 1.0000 1.0000 0.1166 0.0078 0.0005 0.0000 1.0000 0.3135 0.0210 0.0014 0.0001 1.0000 0.8427 0.0565 0.0038 0.0003 1.0000 1.0000 0.1519 0.0102 0.0007 0.0000
0.0007 0.0105 0.1575 1.0000 1.0000 0.0003 0.0039 0.0586 0.8754 1.0000 0.0001 0.0015 0.0218 0.3256 1.0000 0.0000 0.0005 0.0081 0.1209 1.0000 1.0000 0.0002 0.0030 0.0451 0.6733 1.0000 0.0001 0.0011 0.0169 0.2524 1.0000 1.0000 0.0004 0.0064 0.0959 1.0000 1.0000 0.0002 0.0025 0.0373 0.5641 1.0000 0.0001 0.0010 0.0150 0.2230 1.0000 1.0000 0.0004 0.0048 0.0266 0.0049 0.0004 1.0000 1.0000 0.2213 0.0152 0.0010 0.0001 1.0000 0.5641 0.0373 0.0025 0.0002 1.0000 1.0000 0.0959 0.0064 0.0004 1.0000 1.0000 0.2524 0.0169 0.0011 0.0001 1.0000 0.6733 0.0451 0.0030 0.0002 1.0000 1.0000 0.1209 0.0081 0.0005 0.0000 1.0000 0.3256 0.0218 0.0015 0.0001 1.0000 0.8754 0.0586 0.0039 0.0003 1.0000 1.0000 0.1575 0.0105 0.0007
0.0105 0.1617 1.0000 1.0000 0.0003 0.0040 0.0602 0.8990 1.0000 0.0001 0.0015 0.0224 0.3344 1.0000 0.0000 0.0006 0.0083 0.1244 1.0000 1.0000 0.0002 0.0031 0.0463 0.6915 1.0000 0.0001 0.0012 0.0173 0.2587 1.0000 1.0000 0.0004 0.0065 0.0977 1.0000 1.0000 0.0002 0.0025 0.0376 0.5674 1.0000 0.0001 0.0010 0.0146 0.2188 1.0000 1.0000 0.0004 0.0058 0.0732 0.4060 0.0730 0.0058 0.0004 1.0000 1.0000 0.2277 0.0149 0.0009 0.0001 1.0000 0.5674 0.0376 0.0025 0.0002 1.0000 1.0000 0.0977 0.0065 0.0004 1.0000 1.0000 0.2587 0.0173 0.0012 0.0001 1.0000 0.6915 0.0463 0.0031 0.0002 1.0000 1.0000 0.1244 0.0083 0.0006 0.0000 1.0000 0.3344 0.0224 0.0015 0.0001 1.0000 0.8990 0.0602 0.0040 0.0003 1.0000 1.0000 0.1617 0.0105
0.1554 1.0000 1.0000 0.0003 0.0040 0.0597 0.8922 1.0000 0.0001 0.0015 0.0222 0.3319 1.0000 0.0000 0.0006 0.0083 0.1234 1.0000 1.0000 0.0002 0.0031 0.0459 0.6862 1.0000 0.0001 0.0011 0.0171 0.2562 1.0000 1.0000 0.0004 0.0064 0.0962 1.0000 1.0000 0.0002 0.0024 0.0368 0.5535 1.0000 0.0001 0.0010 0.0144 0.2222 1.0000 1.0000 0.0004 0.0056 0.0862 1.0000 1.0000 1.0000 0.0858 0.0057 0.0004 1.0000 1.0000 0.2213 0.0146 0.0010 0.0001 1.0000 0.5535 0.0368 0.0024 0.0002 1.0000 1.0000 0.0962 0.0064 0.0004 1.0000 1.0000 0.2562 0.0171 0.0011 0.0001 1.0000 0.6862 0.0459 0.0031 0.0002 1.0000 1.0000 0.1234 0.0083 0.0006 0.0000 1.0000 0.3319 0.0222 0.0015 0.0001 1.0000 0.8922 0.0597 0.0040 0.0003 1.0000 1.0000 0.1554
1.0000 1.0000 0.0002 0.0035 0.0517 0.7721 1.0000 0.0001 0.0013 0.0192 0.2872 1.0000 1.0000 0.0005 0.0071 0.1068 1.0000 1.0000 0.0002 0.0027 0.0397 0.5939 1.0000 0.0001 0.0010 0.0148 0.2213 1.0000 1.0000 0.0004 0.0055 0.0830 1.0000 1.0000 0.0001 0.0021 0.0315 0.4736 1.0000 0.0001 0.0008 0.0122 0.1847 1.0000 1.0000 0.0003 0.0050 0.0753 1.0000 1.0000 0.0000 1.0000 1.0000 0.0719 0.0047 0.0003 1.0000 1.0000 0.1869 0.0122 0.0008 0.0001 1.0000 0.4736 0.0315 0.0021 0.0001 1.0000 1.0000 0.0830 0.0055 0.0004 1.0000 1.0000 0.2213 0.0148 0.0010 0.0001 1.0000 0.5939 0.0397 0.0027 0.0002 1.0000 1.0000 0.1068 0.0071 0.0005 1.0000 1.0000 0.2872 0.0192 0.0013 0.0001 1.0000 0.7721 0.0517 0.0035 0.0002 1.0000 1.0000
1.0000 0.0001 0.0013 0.0193 0.2877 1.0000 1.0000 0.0005 0.0072 0.1072 1.0000 1.0000 0.0002 0.0027 0.0399 0.5950 1.0000 0.0001 0.0010 0.0148 0.2213 1.0000 1.0000 0.0004 0.0055 0.0826 1.0000 1.0000 0.0001 0.0021 0.0309 0.4620 1.0000 0.0001 0.0008 0.0117 0.1752 1.0000 1.0000 0.0003 0.0045 0.0678 1.0000 1.0000 0.0001 0.0018 0.0281 0.4091 1.0000 0.0000 0.0002 0.0000 1.0000 0.3879 0.0268 0.0018 0.0001 1.0000 1.0000 0.0679 0.0045 0.0003 1.0000 1.0000 0.1752 0.0117 0.0008 0.0001 1.0000 0.4620 0.0309 0.0021 0.0001 1.0000 1.0000 0.0826 0.0055 0.0004 1.0000 1.0000 0.2213 0.0148 0.0010 0.0001 1.0000 0.5950 0.0399 0.0027 0.0002 1.0000 1.0000 0.1072 0.0072 0.0005 1.0000 1.0000 0.2877 0.0193 0.0013 0.0001 1.0000
1.0000 1.0000 0.0002 0.0035 0.0517 0.7721 1.0000 0.0001 0.0013 0.0192 0.2872 1.0000 1.0000 0.0005 0.0071 0.1068 1.0000 1.0000 0.0002 0.0027 0.0397 0.5939 1.0000 0.0001 0.0010 0.0148 0.2213 1.0000 1.0000 0.0004 0.0055 0.0830 1.0000 1.0000 0.0001 0.0021 0.0315 0.4736 1.0000 0.0001 0.0008 0.0122 0.1847 1.0000 1.0000 0.0003 0.0047 0.0696 1.0000 1.0000 0.0000 1.0000 1.0000 0.0708 0.0047 0.0003 1.0000 1.0000 0.1823 0.0122 0.0008 0.0001 1.0000 0.4736 0.0315 0.0021 0.0001 1.0000 1.0000 0.0830 0.0055 0.0004 1.0000 1.0000 0.2213 0.0148 0.0010 0.0001 1.0000 0.5939 0.0397 0.0027 0.0002 1.0000 1.0000 0.1068 0.0071 0.0005 1.0000 1.0000 0.2872 0.0192 0.0013 0.0001 1.0000 0.7721 0.0517 0.0035 0.0002 1.0000 1.0000
0.1554 1.0000 1.0000 0.0003 0.0040 0.0597 0.8922 1.0000 0.0001 0.0015 0.0222 0.3319 1.0000 0.0000 0.0006 0.0083 0.1234 1.0000 1.0000 0.0002 0.0031 0.0459 0.6862 1.0000 0.0001 0.0011 0.0171 0.2562 1.0000 1.0000 0.0004 0.0064 0.0962 1.0000 1.0000 0.0002 0.0024 0.0368 0.5535 1.0000 0.0001 0.0010 0.0144 0.2192 1.0000 1.0000 0.0004 0.0055 0.0797 1.0000 1.0000 1.0000 0.0858 0.0057 0.0004 1.0000 1.0000 0.2247 0.0144 0.0010 0.0001 1.0000 0.5535 0.0368 0.0024 0.0002 1.0000 1.0000 0.0962 0.0064 0.0004 1.0000 1.0000 0.2562 0.0171 0.0011 0.0001 1.0000 0.6862 0.0459 0.0031 0.0002 1.0000 1.0000 0.1234 0.0083 0.0006 0.0000 1.0000 0.3319 0.0222 0.0015 0.0001 1.0000 0.8922 0.0597 0.0040 0.0003 1.0000 1.0000 0.1554
0.0105 0.1617 1.0000 1.0000 0.0003 0.0040 0.0602 0.8990 1.0000 0.0001 0.0015 0.0224 0.3344 1.0000 0.0000 0.0006 0.0083 0.1244 1.0000 1.0000 0.0002 0.0031 0.0463 0.6915 1.0000 0.0001 0.0012 0.0173 0.2587 1.0000 1.0000 0.0004 0.0065 0.0977 1.0000 1.0000 0.0002 0.0025 0.0376 0.5674 1.0000 0.0001 0.0010 0.0147 0.2230 1.0000 1.0000 0.0004 0.0055 0.0712 0.4006 0.0739 0.0056 0.0004 1.0000 1.0000 0.2308 0.0147 0.0010 0.0001 1.0000 0.5674 0.0376 0.0025 0.0002 1.0000 1.0000 0.0977 0.0065 0.0004 1.0000 1.0000 0.2587 0.0173 0.0012 0.0001 1.0000 0.6915 0.0463 0.0031 0.0002 1.0000 1.0000 0.1244 0.0083 0.0006 0.0000 1.0000 0.3344 0.0224 0.0015 0.0001 1.0000 0.8990 0.0602 0.0040 0.0003 1.0000 1.0000 0.1617 0.0105
0.0007 0.0105 0.1575 1.0000 1.0000 0.0003 0.0039 0.0586 0.8754 1.0000 0.0001 0.0015 0.0218 0.3256 1.0000 0.0000 0.0005 0.0081 0.1209 1.0000 1.0000 0.0002 0.0030 0.0451 0.6733 1.0000 0.0001 0.0011 0.0169 0.2524 1.0000 1.0000 0.0004 0.0064 0.0959 1.0000 1.0000 0.0002 0.0025 0.0373 0.5641 1.0000 0.0001 0.0010 0.0146 0.2277 1.0000 1.0000 0.0004 0.0048 0.0267 0.0048 0.0004 1.0000 1.0000 0.2321 0.0152 0.0010 0.0001 1.0000 0.5641 0.0373 0.0025 0.0002 1.0000 1.0000 0.0959 0.0064 0.0004 1.0000 1.0000 0.2524 0.0169 0.0011 0.0001 1.0000 0.6733 0.0451 0.0030 0.0002 1.0000 1.0000 0.1209 0.0081 0.0005 0.0000 1.0000 0.3256 0.0218 0.0015 0.0001 1.0000 0.8754 0.0586 0.0039 0.0003 1.0000 1.0000 0.1575 0.0105 0.0007
0.0000 0.0007 0.0102 0.1519 1.0000 1.0000 0.0003 0.0038 0.0565 0.8427 1.0000 0.0001 0.0014 0.0210 0.3135 1.0000 0.0000 0.0005 0.0078 0.1166 1.0000 1.0000 0.0002 0.0029 0.0435 0.6506 1.0000 0.0001 0.0011 0.0163 0.2448 1.0000 1.0000 0.0004 0.0062 0.0937 1.0000 1.0000 0.0002 0.0024 0.0368 0.5588 1.0000 0.0001 0.0010 0.0152 0.2277 1.0000 1.0000 0.0003 0.0018 0.0003 1.0000 1.0000 0.2239 0.0151 0.0010 0.0001 1.0000 0.5567 0.0368 0.0024 0.0002 1.0000 1.0000 0.0937 0.0062 0.0004 1.0000 1.0000 0.2448 0.0163 0.0011 0.0001 1.0000 0.6506 0.0435 0.0029 0.0002 1.0000 1.0000 0.1166 0.0078 0.0005 0.0000 1.0000 0.3135 0.0210 0.0014 0.0001 1.0000 0.8427 0.0565 0.0038 0.0003 1.0000 1.0000 0.1519 0.0102 0.0007 0.0000
