0.0136 0.2192 1.0000 1.0000 0.0004 0.0065 0.1007 1.0000 1.0000 0.0002 0.0029 0.0458 0.7128 1.0000 0.0001 0.0013 0.0209 0.3250 1.0000 0.0000 0.0006 0.0095 0.1479 1.0000 1.0000 0.0003 0.0043 0.0674 1.0000 1.0000 0.0001 0.0020 0.0307 0.4772 1.0000 0.0001 0.0009 0.0140 0.2176 1.0000 1.0000 0.0004 0.0064 0.0990 1.0000 1.0000 0.0002 0.0028 0.0421 0.5421 1.0000 0.5421 0.0421 0.0028 0.0002 1.0000 1.0000 0.0990 0.0064 0.0004 1.0000 1.0000 0.2176 0.0140 0.0009 0.0001 1.0000 0.4772 0.0307 0.0020 0.0001 1.0000 1.0000 0.0674 0.0043 0.0003 1.0000 1.0000 0.1479 0.0095 0.0006 0.0000 1.0000 0.3250 0.0209 0.0013 0.0001 1.0000 0.7128 0.0458 0.0029 0.0002 1.0000 1.0000 0.1007 0.0065 0.0004 1.0000 1.0000 0.2192 0.0136
0.2192 1.0000 1.0000 0.0004 0.0064 0.0998 1.0000 1.0000 0.0002 0.0029 0.0454 0.7061 1.0000 0.0001 0.0013 0.0207 0.3213 1.0000 0.0000 0.0006 0.0094 0.1465 1.0000 1.0000 0.0003 0.0043 0.0667 1.0000 1.0000 0.0001 0.0020 0.0304 0.4727 1.0000 0.0001 0.0009 0.0138 0.2151 1.0000 1.0000 0.0004 0.0063 0.0979 1.0000 1.0000 0.0002 0.0029 0.0437 0.6482 1.0000 1.0000 1.0000 0.6482 0.0437 0.0029 0.0002 1.0000 1.0000 0.0979 0.0063 0.0004 1.0000 1.0000 0.2151 0.0138 0.0009 0.0001 1.0000 0.4727 0.0304 0.0020 0.0001 1.0000 1.0000 0.0667 0.0043 0.0003 1.0000 1.0000 0.1465 0.0094 0.0006 0.0000 1.0000 0.3213 0.0207 0.0013 0.0001 1.0000 0.7061 0.0454 0.0029 0.0002 1.0000 1.0000 0.0998 0.0064 0.0004 1.0000 1.0000 0.2192
1.0000 1.0000 0.0004 0.0063 0.0970 1.0000 1.0000 0.0002 0.0028 0.0436 0.6784 1.0000 0.0001 0.0013 0.0198 0.3087 1.0000 0.0000 0.0006 0.0090 0.1405 1.0000 1.0000 0.0003 0.0041 0.0640 0.9962 1.0000 0.0001 0.0019 0.0291 0.4533 1.0000 0.0001 0.0009 0.0133 0.2067 1.0000 1.0000 0.0004 0.0060 0.0940 1.0000 1.0000 0.0002 0.0027 0.0426 0.6531 1.0000 0.0001 0.0003 0.0001 1.0000 0.6531 0.0426 0.0027 0.0002 1.0000 1.0000 0.0940 0.0060 0.0004 1.0000 1.0000 0.2067 0.0133 0.0009 0.0001 1.0000 0.4533 0.0291 0.0019 0.0001 1.0000 0.9962 0.0640 0.0041 0.0003 1.0000 1.0000 0.1405 0.0090 0.0006 0.0000 1.0000 0.3087 0.0198 0.0013 0.0001 1.0000 0.6784 0.0436 0.0028 0.0002 1.0000 1.0000 0.0970 0.0063 0.0004 1.0000 1.0000
1.0000 0.0004 0.0063 0.0959 1.0000 1.0000 0.0002 0.0027 0.0422 0.6531 1.0000 0.0001 0.0012 0.0191 0.2966 1.0000 0.0000 0.0006 0.0087 0.1350 1.0000 1.0000 0.0003 0.0039 0.0614 0.9554 1.0000 0.0001 0.0018 0.0280 0.4356 1.0000 0.0001 0.0008 0.0127 0.1982 1.0000 1.0000 0.0004 0.0058 0.0904 1.0000 1.0000 0.0002 0.0026 0.0410 0.6360 1.0000 0.0001 0.0009 0.0052 0.0009 0.0001 1.0000 0.6360 0.0410 0.0026 0.0002 1.0000 1.0000 0.0904 0.0058 0.0004 1.0000 1.0000 0.1982 0.0127 0.0008 0.0001 1.0000 0.4356 0.0280 0.0018 0.0001 1.0000 0.9554 0.0614 0.0039 0.0003 1.0000 1.0000 0.1350 0.0087 0.0006 0.0000 1.0000 0.2966 0.0191 0.0012 0.0001 1.0000 0.6531 0.0422 0.0027 0.0002 1.0000 1.0000 0.0959 0.0063 0.0004 1.0000
0.0004 0.0064 0.0970 1.0000 1.0000 0.0002 0.0027 0.0410 0.6335 1.0000 0.0001 0.0012 0.0184 0.2856 1.0000 0.0000 0.0005 0.0083 0.1297 1.0000 1.0000 0.0002 0.0038 0.0590 0.9180 1.0000 0.0001 0.0017 0.0269 0.4185 1.0000 0.0001 0.0008 0.0122 0.1904 1.0000 1.0000 0.0004 0.0056 0.0868 1.0000 1.0000 0.0002 0.0025 0.0394 0.6134 1.0000 0.0001 0.0011 0.0140 0.0779 0.0140 0.0011 0.0001 1.0000 0.6134 0.0394 0.0025 0.0002 1.0000 1.0000 0.0868 0.0056 0.0004 1.0000 1.0000 0.1904 0.0122 0.0008 0.0001 1.0000 0.4185 0.0269 0.0017 0.0001 1.0000 0.9180 0.0590 0.0038 0.0002 1.0000 1.0000 0.1297 0.0083 0.0005 0.0000 1.0000 0.2856 0.0184 0.0012 0.0001 1.0000 0.6335 0.0410 0.0027 0.0002 1.0000 1.0000 0.0970 0.0064 0.0004
0.0065 0.0998 1.0000 1.0000 0.0002 0.0026 0.0403 0.6192 1.0000 0.0001 0.0011 0.0177 0.2749 1.0000 0.0000 0.0005 0.0080 0.1246 1.0000 1.0000 0.0002 0.0036 0.0567 0.8820 1.0000 0.0001 0.0017 0.0258 0.4014 1.0000 0.0000 0.0008 0.0118 0.1830 1.0000 1.0000 0.0003 0.0054 0.0833 1.0000 1.0000 0.0002 0.0024 0.0379 0.5894 1.0000 0.0001 0.0011 0.0162 0.2087 1.0000 0.2087 0.0162 0.0011 0.0001 1.0000 0.5894 0.0379 0.0024 0.0002 1.0000 1.0000 0.0833 0.0054 0.0003 1.0000 1.0000 0.1830 0.0118 0.0008 0.0000 1.0000 0.4014 0.0258 0.0017 0.0001 1.0000 0.8820 0.0567 0.0036 0.0002 1.0000 1.0000 0.1246 0.0080 0.0005 0.0000 1.0000 0.2749 0.0177 0.0011 0.0001 1.0000 0.6192 0.0403 0.0026 0.0002 1.0000 1.0000 0.0998 0.0065
0.1007 1.0000 1.0000 0.0002 0.0027 0.0403 0.6146 1.0000 0.0001 0.0011 0.0172 0.2667 1.0000 1.0000 0.0005 0.0077 0.1200 1.0000 1.0000 0.0002 0.0035 0.0545 0.8475 1.0000 0.0001 0.0016 0.0248 0.3857 1.0000 0.0000 0.0007 0.0113 0.1755 1.0000 1.0000 0.0003 0.0051 0.0800 1.0000 1.0000 0.0002 0.0023 0.0364 0.5663 1.0000 0.0001 0.0011 0.0163 0.2411 1.0000 1.0000 1.0000 0.2411 0.0163 0.0011 0.0001 1.0000 0.5663 0.0364 0.0023 0.0002 1.0000 1.0000 0.0800 0.0051 0.0003 1.0000 1.0000 0.1755 0.0113 0.0007 0.0000 1.0000 0.3857 0.0248 0.0016 0.0001 1.0000 0.8475 0.0545 0.0035 0.0002 1.0000 1.0000 0.1200 0.0077 0.0005 1.0000 1.0000 0.2667 0.0172 0.0011 0.0001 1.0000 0.6146 0.0403 0.0027 0.0002 1.0000 1.0000 0.1007
1.0000 1.0000 0.0002 0.0027 0.0410 0.6192 1.0000 0.0001 0.0011 0.0169 0.2602 1.0000 1.0000 0.0005 0.0075 0.1157 1.0000 1.0000 0.0002 0.0034 0.0524 0.8143 1.0000 0.0001 0.0015 0.0238 0.3706 1.0000 0.0000 0.0007 0.0108 0.1686 1.0000 1.0000 0.0003 0.0049 0.0769 1.0000 1.0000 0.0001 0.0022 0.0350 0.5441 1.0000 0.0001 0.0010 0.0158 0.2429 1.0000 1.0000 0.0001 1.0000 1.0000 0.2429 0.0158 0.0010 0.0001 1.0000 0.5441 0.0350 0.0022 0.0001 1.0000 1.0000 0.0769 0.0049 0.0003 1.0000 1.0000 0.1686 0.0108 0.0007 0.0000 1.0000 0.3706 0.0238 0.0015 0.0001 1.0000 0.8143 0.0524 0.0034 0.0002 1.0000 1.0000 0.1157 0.0075 0.0005 1.0000 1.0000 0.2602 0.0169 0.0011 0.0001 1.0000 0.6192 0.0410 0.0027 0.0002 1.0000 1.0000
1.0000 0.0002 0.0028 0.0422 0.6335 1.0000 0.0001 0.0011 0.0168 0.2572 1.0000 1.0000 0.0005 0.0072 0.1120 1.0000 1.0000 0.0002 0.0032 0.0504 0.7839 1.0000 0.0001 0.0015 0.0229 0.3561 1.0000 0.0000 0.0007 0.0104 0.1620 1.0000 1.0000 0.0003 0.0047 0.0737 1.0000 1.0000 0.0001 0.0022 0.0336 0.5228 1.0000 0.0001 0.0010 0.0153 0.2366 1.0000 1.0000 0.0003 0.0019 0.0003 1.0000 1.0000 0.2366 0.0153 0.0010 0.0001 1.0000 0.5228 0.0336 0.0022 0.0001 1.0000 1.0000 0.0737 0.0047 0.0003 1.0000 1.0000 0.1620 0.0104 0.0007 0.0000 1.0000 0.3561 0.0229 0.0015 0.0001 1.0000 0.7839 0.0504 0.0032 0.0002 1.0000 1.0000 0.1120 0.0072 0.0005 1.0000 1.0000 0.2572 0.0168 0.0011 0.0001 1.0000 0.6335 0.0422 0.0028 0.0002 1.0000
0.0002 0.0029 0.0436 0.6531 1.0000 0.0001 0.0011 0.0169 0.2572 1.0000 1.0000 0.0005 0.0071 0.1093 1.0000 1.0000 0.0002 0.0031 0.0486 0.7547 1.0000 0.0001 0.0014 0.0220 0.3421 1.0000 0.0000 0.0006 0.0100 0.1557 1.0000 1.0000 0.0003 0.0046 0.0708 1.0000 1.0000 0.0001 0.0021 0.0323 0.5014 1.0000 0.0001 0.0009 0.0147 0.2282 1.0000 1.0000 0.0004 0.0052 0.0290 0.0052 0.0004 1.0000 1.0000 0.2282 0.0147 0.0009 0.0001 1.0000 0.5014 0.0323 0.0021 0.0001 1.0000 1.0000 0.0708 0.0046 0.0003 1.0000 1.0000 0.1557 0.0100 0.0006 0.0000 1.0000 0.3421 0.0220 0.0014 0.0001 1.0000 0.7547 0.0486 0.0031 0.0002 1.0000 1.0000 0.1093 0.0071 0.0005 1.0000 1.0000 0.2572 0.0169 0.0011 0.0001 1.0000 0.6531 0.0436 0.0029 0.0002
0.0029 0.0454 0.6784 1.0000 0.0001 0.0011 0.0172 0.2602 1.0000 1.0000 0.0005 0.0070 0.1074 1.0000 1.0000 0.0002 0.0030 0.0471 0.7293 1.0000 0.0001 0.0014 0.0212 0.3293 1.0000 0.0000 0.0006 0.0096 0.1496 1.0000 1.0000 0.0003 0.0044 0.0681 1.0000 1.0000 0.0001 0.0020 0.0310 0.4818 1.0000 0.0001 0.0009 0.0141 0.2192 1.0000 1.0000 0.0004 0.0060 0.0778 0.4331 0.0778 0.0060 0.0004 1.0000 1.0000 0.2192 0.0141 0.0009 0.0001 1.0000 0.4818 0.0310 0.0020 0.0001 1.0000 1.0000 0.0681 0.0044 0.0003 1.0000 1.0000 0.1496 0.0096 0.0006 0.0000 1.0000 0.3293 0.0212 0.0014 0.0001 1.0000 0.7293 0.0471 0.0030 0.0002 1.0000 1.0000 0.1074 0.0070 0.0005 1.0000 1.0000 0.2602 0.0172 0.0011 0.0001 1.0000 0.6784 0.0454 0.0029
0.0458 0.7061 1.0000 0.0001 0.0012 0.0177 0.2667 1.0000 1.0000 0.0005 0.0070 0.1070 1.0000 1.0000 0.0002 0.0030 0.0458 0.7088 1.0000 0.0001 0.0013 0.0204 0.3171 1.0000 0.0000 0.0006 0.0092 0.1437 1.0000 1.0000 0.0003 0.0042 0.0653 1.0000 1.0000 0.0001 0.0019 0.0298 0.4629 1.0000 0.0001 0.0009 0.0135 0.2106 1.0000 1.0000 0.0004 0.0061 0.0897 1.0000 1.0000 1.0000 0.0897 0.0061 0.0004 1.0000 1.0000 0.2106 0.0135 0.0009 0.0001 1.0000 0.4629 0.0298 0.0019 0.0001 1.0000 1.0000 0.0653 0.0042 0.0003 1.0000 1.0000 0.1437 0.0092 0.0006 0.0000 1.0000 0.3171 0.0204 0.0013 0.0001 1.0000 0.7088 0.0458 0.0030 0.0002 1.0000 1.0000 0.1070 0.0070 0.0005 1.0000 1.0000 0.2667 0.0177 0.0012 0.0001 1.0000 0.7061 0.0458
0.7128 1.0000 0.0001 0.0012 0.0184 0.2749 1.0000 1.0000 0.0005 0.0071 0.1074 1.0000 1.0000 0.0002 0.0029 0.0450 0.6928 1.0000 0.0001 0.0013 0.0198 0.3064 1.0000 0.0000 0.0006 0.0089 0.1384 1.0000 1.0000 0.0003 0.0040 0.0627 0.9756 1.0000 0.0001 0.0018 0.0286 0.4448 1.0000 0.0001 0.0008 0.0130 0.2024 1.0000 1.0000 0.0004 0.0059 0.0904 1.0000 1.0000 0.0000 1.0000 1.0000 0.0904 0.0059 0.0004 1.0000 1.0000 0.2024 0.0130 0.0008 0.0001 1.0000 0.4448 0.0286 0.0018 0.0001 1.0000 0.9756 0.0627 0.0040 0.0003 1.0000 1.0000 0.1384 0.0089 0.0006 0.0000 1.0000 0.3064 0.0198 0.0013 0.0001 1.0000 0.6928 0.0450 0.0029 0.0002 1.0000 1.0000 0.1074 0.0071 0.0005 1.0000 1.0000 0.2749 0.0184 0.0012 0.0001 1.0000 0.7128
1.0000 0.0001 0.0013 0.0191 0.2856 1.0000 1.0000 0.0005 0.0072 0.1093 1.0000 1.0000 0.0002 0.0029 0.0445 0.6823 1.0000 0.0001 0.0012 0.0192 0.2972 1.0000 0.0000 0.0006 0.0086 0.1332 1.0000 1.0000 0.0002 0.0039 0.0604 0.9374 1.0000 0.0001 0.0018 0.0274 0.4266 1.0000 0.0001 0.0008 0.0125 0.1945 1.0000 1.0000 0.0004 0.0057 0.0880 1.0000 1.0000 0.0001 0.0007 0.0001 1.0000 1.0000 0.0880 0.0057 0.0004 1.0000 1.0000 0.1945 0.0125 0.0008 0.0001 1.0000 0.4266 0.0274 0.0018 0.0001 1.0000 0.9374 0.0604 0.0039 0.0002 1.0000 1.0000 0.1332 0.0086 0.0006 0.0000 1.0000 0.2972 0.0192 0.0012 0.0001 1.0000 0.6823 0.0445 0.0029 0.0002 1.0000 1.0000 0.1093 0.0072 0.0005 1.0000 1.0000 0.2856 0.0191 0.0013 0.0001 1.0000
0.0001 0.0013 0.0198 0.2966 1.0000 0.0000 0.0005 0.0075 0.1120 1.0000 1.0000 0.0002 0.0029 0.0445 0.6784 1.0000 0.0001 0.0012 0.0188 0.2899 1.0000 0.0000 0.0005 0.0083 0.1287 1.0000 1.0000 0.0002 0.0037 0.0580 0.9024 1.0000 0.0001 0.0017 0.0264 0.4099 1.0000 0.0000 0.0008 0.0120 0.1865 1.0000 1.0000 0.0004 0.0055 0.0849 1.0000 1.0000 0.0001 0.0019 0.0108 0.0019 0.0001 1.0000 1.0000 0.0849 0.0055 0.0004 1.0000 1.0000 0.1865 0.0120 0.0008 0.0000 1.0000 0.4099 0.0264 0.0017 0.0001 1.0000 0.9024 0.0580 0.0037 0.0002 1.0000 1.0000 0.1287 0.0083 0.0005 0.0000 1.0000 0.2899 0.0188 0.0012 0.0001 1.0000 0.6784 0.0445 0.0029 0.0002 1.0000 1.0000 0.1120 0.0075 0.0005 0.0000 1.0000 0.2966 0.0198 0.0013 0.0001
0.0013 0.0207 0.3087 1.0000 0.0000 0.0005 0.0077 0.1157 1.0000 1.0000 0.0002 0.0030 0.0450 0.6823 1.0000 0.0001 0.0012 0.0186 0.2850 1.0000 0.0000 0.0005 0.0081 0.1249 1.0000 1.0000 0.0002 0.0036 0.0560 0.8687 1.0000 0.0001 0.0016 0.0253 0.3938 1.0000 0.0000 0.0007 0.0115 0.1792 1.0000 1.0000 0.0003 0.0053 0.0815 1.0000 1.0000 0.0002 0.0022 0.0289 0.1611 0.0289 0.0022 0.0002 1.0000 1.0000 0.0815 0.0053 0.0003 1.0000 1.0000 0.1792 0.0115 0.0007 0.0000 1.0000 0.3938 0.0253 0.0016 0.0001 1.0000 0.8687 0.0560 0.0036 0.0002 1.0000 1.0000 0.1249 0.0081 0.0005 0.0000 1.0000 0.2850 0.0186 0.0012 0.0001 1.0000 0.6823 0.0450 0.0030 0.0002 1.0000 1.0000 0.1157 0.0077 0.0005 0.0000 1.0000 0.3087 0.0207 0.0013
0.0209 0.3213 1.0000 0.0000 0.0005 0.0080 0.1200 1.0000 1.0000 0.0002 0.0030 0.0458 0.6928 1.0000 0.0001 0.0012 0.0185 0.2823 1.0000 0.0000 0.0005 0.0079 0.1216 1.0000 1.0000 0.0002 0.0035 0.0540 0.8379 1.0000 0.0001 0.0016 0.0244 0.3791 1.0000 0.0000 0.0007 0.0111 0.1722 1.0000 1.0000 0.0003 0.0050 0.0784 1.0000 1.0000 0.0001 0.0023 0.0334 0.4315 1.0000 0.4315 0.0334 0.0023 0.0001 1.0000 1.0000 0.0784 0.0050 0.0003 1.0000 1.0000 0.1722 0.0111 0.0007 0.0000 1.0000 0.3791 0.0244 0.0016 0.0001 1.0000 0.8379 0.0540 0.0035 0.0002 1.0000 1.0000 0.1216 0.0079 0.0005 0.0000 1.0000 0.2823 0.0185 0.0012 0.0001 1.0000 0.6928 0.0458 0.0030 0.0002 1.0000 1.0000 0.1200 0.0080 0.0005 0.0000 1.0000 0.3213 0.0209
0.3250 1.0000 0.0000 0.0006 0.0083 0.1246 1.0000 1.0000 0.0002 0.0031 0.0471 0.7088 1.0000 0.0001 0.0012 0.0186 0.2823 1.0000 0.0000 0.0005 0.0077 0.1191 1.0000 1.0000 0.0002 0.0034 0.0524 0.8097 1.0000 0.0001 0.0015 0.0235 0.3650 1.0000 0.0000 0.0007 0.0106 0.1654 1.0000 1.0000 0.0003 0.0048 0.0753 1.0000 1.0000 0.0001 0.0022 0.0336 0.4985 1.0000 1.0000 1.0000 0.4985 0.0336 0.0022 0.0001 1.0000 1.0000 0.0753 0.0048 0.0003 1.0000 1.0000 0.1654 0.0106 0.0007 0.0000 1.0000 0.3650 0.0235 0.0015 0.0001 1.0000 0.8097 0.0524 0.0034 0.0002 1.0000 1.0000 0.1191 0.0077 0.0005 0.0000 1.0000 0.2823 0.0186 0.0012 0.0001 1.0000 0.7088 0.0471 0.0031 0.0002 1.0000 1.0000 0.1246 0.0083 0.0006 0.0000 1.0000 0.3250
1.0000 0.0000 0.0006 0.0087 0.1297 1.0000 1.0000 0.0002 0.0032 0.0486 0.7293 1.0000 0.0001 0.0012 0.0188 0.2850 1.0000 0.0000 0.0005 0.0077 0.1177 1.0000 1.0000 0.0002 0.0033 0.0509 0.7869 1.0000 0.0001 0.0015 0.0227 0.3520 1.0000 0.0000 0.0007 0.0102 0.1590 1.0000 1.0000 0.0003 0.0047 0.0723 1.0000 1.0000 0.0001 0.0021 0.0327 0.5024 1.0000 0.0000 0.0003 0.0000 1.0000 0.5024 0.0327 0.0021 0.0001 1.0000 1.0000 0.0723 0.0047 0.0003 1.0000 1.0000 0.1590 0.0102 0.0007 0.0000 1.0000 0.3520 0.0227 0.0015 0.0001 1.0000 0.7869 0.0509 0.0033 0.0002 1.0000 1.0000 0.1177 0.0077 0.0005 0.0000 1.0000 0.2850 0.0188 0.0012 0.0001 1.0000 0.7293 0.0486 0.0032 0.0002 1.0000 1.0000 0.1297 0.0087 0.0006 0.0000 1.0000
0.0000 0.0006 0.0090 0.1350 1.0000 1.0000 0.0002 0.0034 0.0504 0.7547 1.0000 0.0001 0.0013 0.0192 0.2899 1.0000 0.0000 0.0005 0.0077 0.1170 1.0000 1.0000 0.0002 0.0032 0.0498 0.7677 1.0000 0.0001 0.0014 0.0220 0.3402 1.0000 0.0000 0.0006 0.0099 0.1530 1.0000 1.0000 0.0003 0.0045 0.0695 1.0000 1.0000 0.0001 0.0020 0.0316 0.4892 1.0000 0.0001 0.0007 0.0040 0.0007 0.0001 1.0000 0.4892 0.0316 0.0020 0.0001 1.0000 1.0000 0.0695 0.0045 0.0003 1.0000 1.0000 0.1530 0.0099 0.0006 0.0000 1.0000 0.3402 0.0220 0.0014 0.0001 1.0000 0.7677 0.0498 0.0032 0.0002 1.0000 1.0000 0.1170 0.0077 0.0005 0.0000 1.0000 0.2899 0.0192 0.0013 0.0001 1.0000 0.7547 0.0504 0.0034 0.0002 1.0000 1.0000 0.1350 0.0090 0.0006 0.0000
0.0006 0.0094 0.1405 1.0000 1.0000 0.0002 0.0035 0.0524 0.7839 1.0000 0.0001 0.0013 0.0198 0.2972 1.0000 0.0000 0.0005 0.0077 0.1177 1.0000 1.0000 0.0002 0.0032 0.0491 0.7532 1.0000 0.0001 0.0014 0.0213 0.3300 1.0000 0.0000 0.0006 0.0095 0.1476 1.0000 1.0000 0.0003 0.0043 0.0668 1.0000 1.0000 0.0001 0.0020 0.0303 0.4718 1.0000 0.0001 0.0008 0.0108 0.0599 0.0108 0.0008 0.0001 1.0000 0.4718 0.0303 0.0020 0.0001 1.0000 1.0000 0.0668 0.0043 0.0003 1.0000 1.0000 0.1476 0.0095 0.0006 0.0000 1.0000 0.3300 0.0213 0.0014 0.0001 1.0000 0.7532 0.0491 0.0032 0.0002 1.0000 1.0000 0.1177 0.0077 0.0005 0.0000 1.0000 0.2972 0.0198 0.0013 0.0001 1.0000 0.7839 0.0524 0.0035 0.0002 1.0000 1.0000 0.1405 0.0094 0.0006
0.0095 0.1465 1.0000 1.0000 0.0002 0.0036 0.0545 0.8143 1.0000 0.0001 0.0014 0.0204 0.3064 1.0000 0.0000 0.0005 0.0079 0.1191 1.0000 1.0000 0.0002 0.0032 0.0486 0.7447 1.0000 0.0001 0.0014 0.0208 0.3213 1.0000 0.0000 0.0006 0.0092 0.1426 1.0000 1.0000 0.0003 0.0041 0.0643 1.0000 1.0000 0.0001 0.0019 0.0291 0.4533 1.0000 0.0001 0.0008 0.0124 0.1605 0.8956 0.1605 0.0124 0.0008 0.0001 1.0000 0.4533 0.0291 0.0019 0.0001 1.0000 1.0000 0.0643 0.0041 0.0003 1.0000 1.0000 0.1426 0.0092 0.0006 0.0000 1.0000 0.3213 0.0208 0.0014 0.0001 1.0000 0.7447 0.0486 0.0032 0.0002 1.0000 1.0000 0.1191 0.0079 0.0005 0.0000 1.0000 0.3064 0.0204 0.0014 0.0001 1.0000 0.8143 0.0545 0.0036 0.0002 1.0000 1.0000 0.1465 0.0095
0.1479 1.0000 1.0000 0.0003 0.0038 0.0567 0.8475 1.0000 0.0001 0.0014 0.0212 0.3171 1.0000 0.0000 0.0005 0.0081 0.1216 1.0000 1.0000 0.0002 0.0032 0.0486 0.7419 1.0000 0.0001 0.0013 0.0205 0.3146 1.0000 0.0000 0.0006 0.0089 0.1384 1.0000 1.0000 0.0003 0.0040 0.0620 0.9627 1.0000 0.0001 0.0018 0.0281 0.4356 1.0000 0.0001 0.0008 0.0125 0.1854 1.0000 1.0000 1.0000 0.1854 0.0125 0.0008 0.0001 1.0000 0.4356 0.0281 0.0018 0.0001 1.0000 0.9627 0.0620 0.0040 0.0003 1.0000 1.0000 0.1384 0.0089 0.0006 0.0000 1.0000 0.3146 0.0205 0.0013 0.0001 1.0000 0.7419 0.0486 0.0032 0.0002 1.0000 1.0000 0.1216 0.0081 0.0005 0.0000 1.0000 0.3171 0.0212 0.0014 0.0001 1.0000 0.8475 0.0567 0.0038 0.0003 1.0000 1.0000 0.1479
1.0000 1.0000 0.0003 0.0039 0.0590 0.8820 1.0000 0.0001 0.0015 0.0220 0.3293 1.0000 0.0000 0.0006 0.0083 0.1249 1.0000 1.0000 0.0002 0.0032 0.0491 0.7447 1.0000 0.0001 0.0013 0.0202 0.3105 1.0000 0.0000 0.0006 0.0087 0.1345 1.0000 1.0000 0.0002 0.0039 0.0598 0.9285 1.0000 0.0001 0.0017 0.0270 0.4193 1.0000 0.0001 0.0008 0.0122 0.1872 1.0000 1.0000 0.0001 1.0000 1.0000 0.1872 0.0122 0.0008 0.0001 1.0000 0.4193 0.0270 0.0017 0.0001 1.0000 0.9285 0.0598 0.0039 0.0002 1.0000 1.0000 0.1345 0.0087 0.0006 0.0000 1.0000 0.3105 0.0202 0.0013 0.0001 1.0000 0.7447 0.0491 0.0032 0.0002 1.0000 1.0000 0.1249 0.0083 0.0006 0.0000 1.0000 0.3293 0.0220 0.0015 0.0001 1.0000 0.8820 0.0590 0.0039 0.0003 1.0000 1.0000
1.0000 0.0003 0.0041 0.0614 0.9180 1.0000 0.0001 0.0015 0.0229 0.3421 1.0000 0.0000 0.0006 0.0086 0.1287 1.0000 1.0000 0.0002 0.0033 0.0498 0.7532 1.0000 0.0001 0.0013 0.0202 0.3081 1.0000 0.0000 0.0006 0.0085 0.1314 1.0000 1.0000 0.0002 0.0037 0.0580 0.8973 1.0000 0.0001 0.0017 0.0260 0.4037 1.0000 0.0000 0.0008 0.0118 0.1823 1.0000 1.0000 0.0003 0.0015 0.0003 1.0000 1.0000 0.1823 0.0118 0.0008 0.0000 1.0000 0.4037 0.0260 0.0017 0.0001 1.0000 0.8973 0.0580 0.0037 0.0002 1.0000 1.0000 0.1314 0.0085 0.0006 0.0000 1.0000 0.3081 0.0202 0.0013 0.0001 1.0000 0.7532 0.0498 0.0033 0.0002 1.0000 1.0000 0.1287 0.0086 0.0006 0.0000 1.0000 0.3421 0.0229 0.0015 0.0001 1.0000 0.9180 0.0614 0.0041 0.0003 1.0000
0.0003 0.0043 0.0640 0.9554 1.0000 0.0001 0.0016 0.0238 0.3561 1.0000 0.0000 0.0006 0.0089 0.1332 1.0000 1.0000 0.0002 0.0034 0.0509 0.7677 1.0000 0.0001 0.0013 0.0202 0.3081 1.0000 0.0000 0.0005 0.0084 0.1292 1.0000 1.0000 0.0002 0.0036 0.0564 0.8720 1.0000 0.0001 0.0016 0.0251 0.3901 1.0000 0.0000 0.0007 0.0113 0.1758 1.0000 1.0000 0.0003 0.0040 0.0223 0.0040 0.0003 1.0000 1.0000 0.1758 0.0113 0.0007 0.0000 1.0000 0.3901 0.0251 0.0016 0.0001 1.0000 0.8720 0.0564 0.0036 0.0002 1.0000 1.0000 0.1292 0.0084 0.0005 0.0000 1.0000 0.3081 0.0202 0.0013 0.0001 1.0000 0.7677 0.0509 0.0034 0.0002 1.0000 1.0000 0.1332 0.0089 0.0006 0.0000 1.0000 0.3561 0.0238 0.0016 0.0001 1.0000 0.9554 0.0640 0.0043 0.0003
0.0043 0.0667 0.9962 1.0000 0.0001 0.0017 0.0248 0.3706 1.0000 0.0000 0.0006 0.0092 0.1384 1.0000 1.0000 0.0002 0.0035 0.0524 0.7869 1.0000 0.0001 0.0014 0.0205 0.3105 1.0000 0.0000 0.0005 0.0084 0.1280 1.0000 1.0000 0.0002 0.0036 0.0550 0.8491 1.0000 0.0001 0.0016 0.0243 0.3770 1.0000 0.0000 0.0007 0.0109 0.1696 1.0000 1.0000 0.0003 0.0046 0.0599 0.3338 0.0599 0.0046 0.0003 1.0000 1.0000 0.1696 0.0109 0.0007 0.0000 1.0000 0.3770 0.0243 0.0016 0.0001 1.0000 0.8491 0.0550 0.0036 0.0002 1.0000 1.0000 0.1280 0.0084 0.0005 0.0000 1.0000 0.3105 0.0205 0.0014 0.0001 1.0000 0.7869 0.0524 0.0035 0.0002 1.0000 1.0000 0.1384 0.0092 0.0006 0.0000 1.0000 0.3706 0.0248 0.0017 0.0001 1.0000 0.9962 0.0667 0.0043
0.0674 1.0000 1.0000 0.0001 0.0017 0.0258 0.3857 1.0000 0.0000 0.0006 0.0096 0.1437 1.0000 1.0000 0.0002 0.0036 0.0540 0.8097 1.0000 0.0001 0.0014 0.0208 0.3146 1.0000 0.0000 0.0005 0.0084 0.1275 1.0000 1.0000 0.0002 0.0035 0.0540 0.8300 1.0000 0.0001 0.0015 0.0236 0.3650 1.0000 0.0000 0.0007 0.0105 0.1636 1.0000 1.0000 0.0003 0.0047 0.0692 0.8956 1.0000 0.8956 0.0692 0.0047 0.0003 1.0000 1.0000 0.1636 0.0105 0.0007 0.0000 1.0000 0.3650 0.0236 0.0015 0.0001 1.0000 0.8300 0.0540 0.0035 0.0002 1.0000 1.0000 0.1275 0.0084 0.0005 0.0000 1.0000 0.3146 0.0208 0.0014 0.0001 1.0000 0.8097 0.0540 0.0036 0.0002 1.0000 1.0000 0.1437 0.0096 0.0006 0.0000 1.0000 0.3857 0.0258 0.0017 0.0001 1.0000 1.0000 0.0674
1.0000 1.0000 0.0001 0.0018 0.0269 0.4014 1.0000 0.0000 0.0007 0.0100 0.1496 1.0000 1.0000 0.0002 0.0037 0.0560 0.8379 1.0000 0.0001 0.0014 0.0213 0.3213 1.0000 0.0000 0.0006 0.0084 0.1280 1.0000 1.0000 0.0002 0.0035 0.0533 0.8174 1.0000 0.0001 0.0015 0.0230 0.3554 1.0000 0.0000 0.0007 0.0102 0.1581 1.0000 1.0000 0.0003 0.0046 0.0699 1.0000 1.0000 0.0000 1.0000 1.0000 0.0699 0.0046 0.0003 1.0000 1.0000 0.1581 0.0102 0.0007 0.0000 1.0000 0.3554 0.0230 0.0015 0.0001 1.0000 0.8174 0.0533 0.0035 0.0002 1.0000 1.0000 0.1280 0.0084 0.0006 0.0000 1.0000 0.3213 0.0213 0.0014 0.0001 1.0000 0.8379 0.0560 0.0037 0.0002 1.0000 1.0000 0.1496 0.0100 0.0007 0.0000 1.0000 0.4014 0.0269 0.0018 0.0001 1.0000 1.0000
1.0000 0.0001 0.0019 0.0280 0.4185 1.0000 0.0000 0.0007 0.0104 0.1557 1.0000 1.0000 0.0003 0.0039 0.0580 0.8687 1.0000 0.0001 0.0015 0.0220 0.3300 1.0000 0.0000 0.0006 0.0085 0.1292 1.0000 1.0000 0.0002 0.0035 0.0529 0.8097 1.0000 0.0001 0.0015 0.0225 0.3474 1.0000 0.0000 0.0006 0.0099 0.1530 1.0000 1.0000 0.0003 0.0044 0.0683 1.0000 1.0000 0.0001 0.0006 0.0001 1.0000 1.0000 0.0683 0.0044 0.0003 1.0000 1.0000 0.1530 0.0099 0.0006 0.0000 1.0000 0.3474 0.0225 0.0015 0.0001 1.0000 0.8097 0.0529 0.0035 0.0002 1.0000 1.0000 0.1292 0.0085 0.0006 0.0000 1.0000 0.3300 0.0220 0.0015 0.0001 1.0000 0.8687 0.0580 0.0039 0.0003 1.0000 1.0000 0.1557 0.0104 0.0007 0.0000 1.0000 0.4185 0.0280 0.0019 0.0001 1.0000
0.0001 0.0020 0.0291 0.4356 1.0000 0.0000 0.0007 0.0108 0.1620 1.0000 1.0000 0.0003 0.0040 0.0604 0.9024 1.0000 0.0001 0.0015 0.0227 0.3402 1.0000 0.0000 0.0006 0.0087 0.1314 1.0000 1.0000 0.0002 0.0035 0.0529 0.8066 1.0000 0.0001 0.0014 0.0222 0.3408 1.0000 0.0000 0.0006 0.0096 0.1487 1.0000 1.0000 0.0003 0.0043 0.0662 1.0000 1.0000 0.0001 0.0015 0.0084 0.0015 0.0001 1.0000 1.0000 0.0662 0.0043 0.0003 1.0000 1.0000 0.1487 0.0096 0.0006 0.0000 1.0000 0.3408 0.0222 0.0014 0.0001 1.0000 0.8066 0.0529 0.0035 0.0002 1.0000 1.0000 0.1314 0.0087 0.0006 0.0000 1.0000 0.3402 0.0227 0.0015 0.0001 1.0000 0.9024 0.0604 0.0040 0.0003 1.0000 1.0000 0.1620 0.0108 0.0007 0.0000 1.0000 0.4356 0.0291 0.0020 0.0001
0.0020 0.0304 0.4533 1.0000 0.0001 0.0008 0.0113 0.1686 1.0000 1.0000 0.0003 0.0042 0.0627 0.9374 1.0000 0.0001 0.0016 0.0235 0.3520 1.0000 0.0000 0.0006 0.0089 0.1345 1.0000 1.0000 0.0002 0.0035 0.0533 0.8097 1.0000 0.0001 0.0014 0.0220 0.3363 1.0000 0.0000 0.0006 0.0094 0.1451 1.0000 1.0000 0.0003 0.0041 0.0642 0.9924 1.0000 0.0001 0.0017 0.0224 0.1249 0.0224 0.0017 0.0001 1.0000 0.9924 0.0642 0.0041 0.0003 1.0000 1.0000 0.1451 0.0094 0.0006 0.0000 1.0000 0.3363 0.0220 0.0014 0.0001 1.0000 0.8097 0.0533 0.0035 0.0002 1.0000 1.0000 0.1345 0.0089 0.0006 0.0000 1.0000 0.3520 0.0235 0.0016 0.0001 1.0000 0.9374 0.0627 0.0042 0.0003 1.0000 1.0000 0.1686 0.0113 0.0008 0.0001 1.0000 0.4533 0.0304 0.0020
0.0307 0.4727 1.0000 0.0001 0.0008 0.0118 0.1755 1.0000 1.0000 0.0003 0.0044 0.0653 0.9756 1.0000 0.0001 0.0016 0.0244 0.3650 1.0000 0.0000 0.0006 0.0092 0.1384 1.0000 1.0000 0.0002 0.0036 0.0540 0.8174 1.0000 0.0001 0.0014 0.0219 0.3344 1.0000 0.0000 0.0006 0.0092 0.1421 1.0000 1.0000 0.0003 0.0040 0.0622 0.9627 1.0000 0.0001 0.0018 0.0261 0.3357 1.0000 0.3357 0.0261 0.0018 0.0001 1.0000 0.9627 0.0622 0.0040 0.0003 1.0000 1.0000 0.1421 0.0092 0.0006 0.0000 1.0000 0.3344 0.0219 0.0014 0.0001 1.0000 0.8174 0.0540 0.0036 0.0002 1.0000 1.0000 0.1384 0.0092 0.0006 0.0000 1.0000 0.3650 0.0244 0.0016 0.0001 1.0000 0.9756 0.0653 0.0044 0.0003 1.0000 1.0000 0.1755 0.0118 0.0008 0.0001 1.0000 0.4727 0.0307
0.4772 1.0000 0.0001 0.0008 0.0122 0.1830 1.0000 1.0000 0.0003 0.0046 0.0681 1.0000 1.0000 0.0001 0.0017 0.0253 0.3791 1.0000 0.0000 0.0006 0.0095 0.1426 1.0000 1.0000 0.0002 0.0036 0.0550 0.8300 1.0000 0.0001 0.0014 0.0220 0.3344 1.0000 0.0000 0.0006 0.0091 0.1400 1.0000 1.0000 0.0003 0.0039 0.0606 0.9374 1.0000 0.0001 0.0017 0.0264 0.3901 1.0000 1.0000 1.0000 0.3901 0.0264 0.0017 0.0001 1.0000 0.9374 0.0606 0.0039 0.0003 1.0000 1.0000 0.1400 0.0091 0.0006 0.0000 1.0000 0.3344 0.0220 0.0014 0.0001 1.0000 0.8300 0.0550 0.0036 0.0002 1.0000 1.0000 0.1426 0.0095 0.0006 0.0000 1.0000 0.3791 0.0253 0.0017 0.0001 1.0000 1.0000 0.0681 0.0046 0.0003 1.0000 1.0000 0.1830 0.0122 0.0008 0.0001 1.0000 0.4772
1.0000 0.0001 0.0009 0.0127 0.1904 1.0000 1.0000 0.0003 0.0047 0.0708 1.0000 1.0000 0.0001 0.0018 0.0264 0.3938 1.0000 0.0000 0.0007 0.0099 0.1476 1.0000 1.0000 0.0002 0.0037 0.0564 0.8491 1.0000 0.0001 0.0015 0.0222 0.3363 1.0000 0.0000 0.0006 0.0091 0.1386 1.0000 1.0000 0.0003 0.0039 0.0594 0.9145 1.0000 0.0001 0.0017 0.0260 0.3968 1.0000 0.0000 0.0002 0.0000 1.0000 0.3968 0.0260 0.0017 0.0001 1.0000 0.9145 0.0594 0.0039 0.0003 1.0000 1.0000 0.1386 0.0091 0.0006 0.0000 1.0000 0.3363 0.0222 0.0015 0.0001 1.0000 0.8491 0.0564 0.0037 0.0002 1.0000 1.0000 0.1476 0.0099 0.0007 0.0000 1.0000 0.3938 0.0264 0.0018 0.0001 1.0000 1.0000 0.0708 0.0047 0.0003 1.0000 1.0000 0.1904 0.0127 0.0009 0.0001 1.0000
0.0001 0.0009 0.0133 0.1982 1.0000 1.0000 0.0003 0.0049 0.0737 1.0000 1.0000 0.0001 0.0018 0.0274 0.4099 1.0000 0.0000 0.0007 0.0102 0.1530 1.0000 1.0000 0.0003 0.0039 0.0580 0.8720 1.0000 0.0001 0.0015 0.0225 0.3408 1.0000 0.0000 0.0006 0.0091 0.1384 1.0000 1.0000 0.0002 0.0038 0.0583 0.8973 1.0000 0.0001 0.0016 0.0253 0.3901 1.0000 0.0000 0.0006 0.0032 0.0006 0.0000 1.0000 0.3901 0.0253 0.0016 0.0001 1.0000 0.8973 0.0583 0.0038 0.0002 1.0000 1.0000 0.1384 0.0091 0.0006 0.0000 1.0000 0.3408 0.0225 0.0015 0.0001 1.0000 0.8720 0.0580 0.0039 0.0003 1.0000 1.0000 0.1530 0.0102 0.0007 0.0000 1.0000 0.4099 0.0274 0.0018 0.0001 1.0000 1.0000 0.0737 0.0049 0.0003 1.0000 1.0000 0.1982 0.0133 0.0009 0.0001
0.0009 0.0138 0.2067 1.0000 1.0000 0.0003 0.0051 0.0769 1.0000 1.0000 0.0001 0.0019 0.0286 0.4266 1.0000 0.0000 0.0007 0.0106 0.1590 1.0000 1.0000 0.0003 0.0040 0.0598 0.8973 1.0000 0.0001 0.0015 0.0230 0.3474 1.0000 0.0000 0.0006 0.0091 0.1386 1.0000 1.0000 0.0002 0.0038 0.0577 0.8837 1.0000 0.0001 0.0016 0.0247 0.3820 1.0000 0.0000 0.0007 0.0085 0.0473 0.0085 0.0007 0.0000 1.0000 0.3820 0.0247 0.0016 0.0001 1.0000 0.8837 0.0577 0.0038 0.0002 1.0000 1.0000 0.1386 0.0091 0.0006 0.0000 1.0000 0.3474 0.0230 0.0015 0.0001 1.0000 0.8973 0.0598 0.0040 0.0003 1.0000 1.0000 0.1590 0.0106 0.0007 0.0000 1.0000 0.4266 0.0286 0.0019 0.0001 1.0000 1.0000 0.0769 0.0051 0.0003 1.0000 1.0000 0.2067 0.0138 0.0009
0.0140 0.2151 1.0000 1.0000 0.0004 0.0054 0.0800 1.0000 1.0000 0.0001 0.0020 0.0298 0.4448 1.0000 0.0000 0.0007 0.0111 0.1654 1.0000 1.0000 0.0003 0.0041 0.0620 0.9285 1.0000 0.0001 0.0016 0.0236 0.3554 1.0000 0.0000 0.0006 0.0092 0.1400 1.0000 1.0000 0.0002 0.0038 0.0574 0.8770 1.0000 0.0001 0.0016 0.0243 0.3741 1.0000 0.0000 0.0007 0.0100 0.1280 0.7115 0.1280 0.0100 0.0007 0.0000 1.0000 0.3741 0.0243 0.0016 0.0001 1.0000 0.8770 0.0574 0.0038 0.0002 1.0000 1.0000 0.1400 0.0092 0.0006 0.0000 1.0000 0.3554 0.0236 0.0016 0.0001 1.0000 0.9285 0.0620 0.0041 0.0003 1.0000 1.0000 0.1654 0.0111 0.0007 0.0000 1.0000 0.4448 0.0298 0.0020 0.0001 1.0000 1.0000 0.0800 0.0054 0.0004 1.0000 1.0000 0.2151 0.0140
0.2176 1.0000 1.0000 0.0004 0.0056 0.0833 1.0000 1.0000 0.0001 0.0021 0.0310 0.4629 1.0000 0.0001 0.0008 0.0115 0.1722 1.0000 1.0000 0.0003 0.0043 0.0643 0.9627 1.0000 0.0001 0.0016 0.0243 0.3650 1.0000 0.0000 0.0006 0.0094 0.1421 1.0000 1.0000 0.0002 0.0038 0.0574 0.8737 1.0000 0.0001 0.0016 0.0240 0.3678 1.0000 0.0000 0.0007 0.0102 0.1499 1.0000 1.0000 1.0000 0.1499 0.0102 0.0007 0.0000 1.0000 0.3678 0.0240 0.0016 0.0001 1.0000 0.8737 0.0574 0.0038 0.0002 1.0000 1.0000 0.1421 0.0094 0.0006 0.0000 1.0000 0.3650 0.0243 0.0016 0.0001 1.0000 0.9627 0.0643 0.0043 0.0003 1.0000 1.0000 0.1722 0.0115 0.0008 0.0001 1.0000 0.4629 0.0310 0.0021 0.0001 1.0000 1.0000 0.0833 0.0056 0.0004 1.0000 1.0000 0.2176
1.0000 1.0000 0.0004 0.0058 0.0868 1.0000 1.0000 0.0001 0.0022 0.0323 0.4818 1.0000 0.0001 0.0008 0.0120 0.1792 1.0000 1.0000 0.0003 0.0045 0.0668 1.0000 1.0000 0.0001 0.0017 0.0251 0.3770 1.0000 0.0000 0.0006 0.0096 0.1451 1.0000 1.0000 0.0003 0.0038 0.0577 0.8770 1.0000 0.0001 0.0016 0.0238 0.3643 1.0000 0.0000 0.0007 0.0101 0.1536 1.0000 1.0000 0.0001 1.0000 1.0000 0.1536 0.0101 0.0007 0.0000 1.0000 0.3643 0.0238 0.0016 0.0001 1.0000 0.8770 0.0577 0.0038 0.0003 1.0000 1.0000 0.1451 0.0096 0.0006 0.0000 1.0000 0.3770 0.0251 0.0017 0.0001 1.0000 1.0000 0.0668 0.0045 0.0003 1.0000 1.0000 0.1792 0.0120 0.0008 0.0001 1.0000 0.4818 0.0323 0.0022 0.0001 1.0000 1.0000 0.0868 0.0058 0.0004 1.0000 1.0000
1.0000 0.0004 0.0060 0.0904 1.0000 1.0000 0.0002 0.0022 0.0336 0.5014 1.0000 0.0001 0.0008 0.0125 0.1865 1.0000 1.0000 0.0003 0.0047 0.0695 1.0000 1.0000 0.0001 0.0017 0.0260 0.3901 1.0000 0.0000 0.0007 0.0099 0.1487 1.0000 1.0000 0.0003 0.0039 0.0583 0.8837 1.0000 0.0001 0.0016 0.0237 0.3622 1.0000 0.0000 0.0006 0.0100 0.1527 1.0000 1.0000 0.0002 0.0012 0.0002 1.0000 1.0000 0.1527 0.0100 0.0006 0.0000 1.0000 0.3622 0.0237 0.0016 0.0001 1.0000 0.8837 0.0583 0.0039 0.0003 1.0000 1.0000 0.1487 0.0099 0.0007 0.0000 1.0000 0.3901 0.0260 0.0017 0.0001 1.0000 1.0000 0.0695 0.0047 0.0003 1.0000 1.0000 0.1865 0.0125 0.0008 0.0001 1.0000 0.5014 0.0336 0.0022 0.0002 1.0000 1.0000 0.0904 0.0060 0.0004 1.0000
0.0004 0.0063 0.0940 1.0000 1.0000 0.0002 0.0023 0.0350 0.5228 1.0000 0.0001 0.0009 0.0130 0.1945 1.0000 1.0000 0.0003 0.0048 0.0723 1.0000 1.0000 0.0001 0.0018 0.0270 0.4037 1.0000 0.0000 0.0007 0.0102 0.1530 1.0000 1.0000 0.0003 0.0039 0.0594 0.8973 1.0000 0.0001 0.0016 0.0238 0.3622 1.0000 0.0000 0.0006 0.0099 0.1510 1.0000 1.0000 0.0003 0.0033 0.0184 0.0033 0.0003 1.0000 1.0000 0.1513 0.0099 0.0006 0.0000 1.0000 0.3622 0.0238 0.0016 0.0001 1.0000 0.8973 0.0594 0.0039 0.0003 1.0000 1.0000 0.1530 0.0102 0.0007 0.0000 1.0000 0.4037 0.0270 0.0018 0.0001 1.0000 1.0000 0.0723 0.0048 0.0003 1.0000 1.0000 0.1945 0.0130 0.0009 0.0001 1.0000 0.5228 0.0350 0.0023 0.0002 1.0000 1.0000 0.0940 0.0063 0.0004
0.0064 0.0979 1.0000 1.0000 0.0002 0.0024 0.0364 0.5441 1.0000 0.0001 0.0009 0.0135 0.2024 1.0000 1.0000 0.0003 0.0050 0.0753 1.0000 1.0000 0.0001 0.0019 0.0281 0.4193 1.0000 0.0000 0.0007 0.0105 0.1581 1.0000 1.0000 0.0003 0.0040 0.0606 0.9145 1.0000 0.0001 0.0016 0.0240 0.3643 1.0000 0.0000 0.0006 0.0098 0.1499 1.0000 1.0000 0.0003 0.0039 0.0499 0.2770 0.0498 0.0039 0.0003 1.0000 1.0000 0.1507 0.0098 0.0006 0.0000 1.0000 0.3643 0.0240 0.0016 0.0001 1.0000 0.9145 0.0606 0.0040 0.0003 1.0000 1.0000 0.1581 0.0105 0.0007 0.0000 1.0000 0.4193 0.0281 0.0019 0.0001 1.0000 1.0000 0.0753 0.0050 0.0003 1.0000 1.0000 0.2024 0.0135 0.0009 0.0001 1.0000 0.5441 0.0364 0.0024 0.0002 1.0000 1.0000 0.0979 0.0064
0.0990 1.0000 1.0000 0.0002 0.0025 0.0379 0.5663 1.0000 0.0001 0.0009 0.0141 0.2106 1.0000 1.0000 0.0004 0.0053 0.0784 1.0000 1.0000 0.0001 0.0020 0.0291 0.4356 1.0000 0.0000 0.0007 0.0109 0.1636 1.0000 1.0000 0.0003 0.0041 0.0622 0.9374 1.0000 0.0001 0.0016 0.0243 0.3678 1.0000 0.0000 0.0006 0.0098 0.1527 1.0000 1.0000 0.0003 0.0040 0.0597 0.7547 1.0000 0.7433 0.0598 0.0040 0.0003 1.0000 1.0000 0.1496 0.0099 0.0006 0.0000 1.0000 0.3678 0.0243 0.0016 0.0001 1.0000 0.9374 0.0622 0.0041 0.0003 1.0000 1.0000 0.1636 0.0109 0.0007 0.0000 1.0000 0.4356 0.0291 0.0020 0.0001 1.0000 1.0000 0.0784 0.0053 0.0004 1.0000 1.0000 0.2106 0.0141 0.0009 0.0001 1.0000 0.5663 0.0379 0.0025 0.0002 1.0000 1.0000 0.0990
1.0000 1.0000 0.0002 0.0026 0.0394 0.5894 1.0000 0.0001 0.0010 0.0147 0.2192 1.0000 1.0000 0.0004 0.0055 0.0815 1.0000 1.0000 0.0001 0.0020 0.0303 0.4533 1.0000 0.0001 0.0008 0.0113 0.1696 1.0000 1.0000 0.0003 0.0043 0.0642 0.9627 1.0000 0.0001 0.0016 0.0247 0.3741 1.0000 0.0000 0.0006 0.0099 0.1502 1.0000 1.0000 0.0003 0.0041 0.0633 0.9076 1.0000 1.0000 1.0000 0.9024 0.0624 0.0042 0.0003 1.0000 1.0000 0.1548 0.0099 0.0007 0.0000 1.0000 0.3741 0.0247 0.0016 0.0001 1.0000 0.9627 0.0642 0.0043 0.0003 1.0000 1.0000 0.1696 0.0113 0.0008 0.0001 1.0000 0.4533 0.0303 0.0020 0.0001 1.0000 1.0000 0.0815 0.0055 0.0004 1.0000 1.0000 0.2192 0.0147 0.0010 0.0001 1.0000 0.5894 0.0394 0.0026 0.0002 1.0000 1.0000
1.0000 0.0002 0.0027 0.0410 0.6134 1.0000 0.0001 0.0010 0.0153 0.2282 1.0000 1.0000 0.0004 0.0057 0.0849 1.0000 1.0000 0.0001 0.0021 0.0316 0.4718 1.0000 0.0001 0.0008 0.0118 0.1758 1.0000 1.0000 0.0003 0.0044 0.0662 0.9924 1.0000 0.0001 0.0017 0.0253 0.3820 1.0000 0.0000 0.0007 0.0100 0.1510 1.0000 1.0000 0.0003 0.0039 0.0612 0.9197 1.0000 0.0001 0.0005 0.0001 1.0000 0.9572 0.0639 0.0043 0.0003 1.0000 1.0000 0.1519 0.0100 0.0007 0.0000 1.0000 0.3820 0.0253 0.0017 0.0001 1.0000 0.9924 0.0662 0.0044 0.0003 1.0000 1.0000 0.1758 0.0118 0.0008 0.0001 1.0000 0.4718 0.0316 0.0021 0.0001 1.0000 1.0000 0.0849 0.0057 0.0004 1.0000 1.0000 0.2282 0.0153 0.0010 0.0001 1.0000 0.6134 0.0410 0.0027 0.0002 1.0000
0.0002 0.0029 0.0426 0.6360 1.0000 0.0001 0.0011 0.0158 0.2366 1.0000 1.0000 0.0004 0.0059 0.0880 1.0000 1.0000 0.0001 0.0022 0.0327 0.4892 1.0000 0.0001 0.0008 0.0122 0.1823 1.0000 1.0000 0.0003 0.0046 0.0683 1.0000 1.0000 0.0001 0.0017 0.0260 0.3901 1.0000 0.0000 0.0007 0.0101 0.1527 1.0000 1.0000 0.0003 0.0040 0.0604 0.9250 1.0000 0.0001 0.0013 0.0074 0.0013 0.0001 1.0000 0.9700 0.0630 0.0042 0.0003 1.0000 1.0000 0.1527 0.0101 0.0007 0.0000 1.0000 0.3901 0.0260 0.0017 0.0001 1.0000 1.0000 0.0683 0.0046 0.0003 1.0000 1.0000 0.1823 0.0122 0.0008 0.0001 1.0000 0.4892 0.0327 0.0022 0.0001 1.0000 1.0000 0.0880 0.0059 0.0004 1.0000 1.0000 0.2366 0.0158 0.0011 0.0001 1.0000 0.6360 0.0426 0.0029 0.0002
0.0028 0.0437 0.6531 1.0000 0.0001 0.0011 0.0163 0.2429 1.0000 1.0000 0.0004 0.0061 0.0904 1.0000 1.0000 0.0002 0.0023 0.0336 0.5024 1.0000 0.0001 0.0008 0.0125 0.1872 1.0000 1.0000 0.0003 0.0047 0.0699 1.0000 1.0000 0.0001 0.0018 0.0264 0.3968 1.0000 0.0000 0.0007 0.0102 0.1536 1.0000 1.0000 0.0003 0.0040 0.0602 0.9303 1.0000 0.0001 0.0016 0.0197 0.1103 0.0200 0.0016 0.0001 1.0000 0.9719 0.0630 0.0041 0.0003 1.0000 1.0000 0.1536 0.0102 0.0007 0.0000 1.0000 0.3968 0.0264 0.0018 0.0001 1.0000 1.0000 0.0699 0.0047 0.0003 1.0000 1.0000 0.1872 0.0125 0.0008 0.0001 1.0000 0.5024 0.0336 0.0023 0.0002 1.0000 1.0000 0.0904 0.0061 0.0004 1.0000 1.0000 0.2429 0.0163 0.0011 0.0001 1.0000 0.6531 0.0437 0.0028
0.0421 0.6482 1.0000 0.0001 0.0011 0.0162 0.2411 1.0000 1.0000 0.0004 0.0060 0.0897 1.0000 1.0000 0.0001 0.0022 0.0334 0.4985 1.0000 0.0001 0.0008 0.0124 0.1854 1.0000 1.0000 0.0003 0.0046 0.0692 1.0000 1.0000 0.0001 0.0017 0.0261 0.3901 1.0000 0.0000 0.0007 0.0100 0.1499 1.0000 1.0000 0.0003 0.0039 0.0574 0.8524 1.0000 0.0001 0.0015 0.0224 0.2888 1.0000 0.2910 0.0236 0.0016 0.0001 1.0000 0.8854 0.0606 0.0040 0.0003 1.0000 1.0000 0.1499 0.0100 0.0007 0.0000 1.0000 0.3901 0.0261 0.0017 0.0001 1.0000 1.0000 0.0692 0.0046 0.0003 1.0000 1.0000 0.1854 0.0124 0.0008 0.0001 1.0000 0.4985 0.0334 0.0022 0.0001 1.0000 1.0000 0.0897 0.0060 0.0004 1.0000 1.0000 0.2411 0.0162 0.0011 0.0001 1.0000 0.6482 0.0421
0.5421 1.0000 0.0001 0.0009 0.0140 0.2087 1.0000 1.0000 0.0003 0.0052 0.0778 1.0000 1.0000 0.0001 0.0019 0.0289 0.4315 1.0000 0.0000 0.0007 0.0108 0.1605 1.0000 1.0000 0.0003 0.0040 0.0599 0.8956 1.0000 0.0001 0.0015 0.0224 0.3357 1.0000 0.0000 0.0006 0.0085 0.1280 1.0000 1.0000 0.0002 0.0033 0.0500 0.7619 1.0000 0.0001 0.0013 0.0195 0.2802 1.0000 1.0000 1.0000 0.2938 0.0201 0.0013 0.0001 1.0000 0.7839 0.0512 0.0033 0.0002 1.0000 1.0000 0.1280 0.0085 0.0006 0.0000 1.0000 0.3357 0.0224 0.0015 0.0001 1.0000 0.8956 0.0599 0.0040 0.0003 1.0000 1.0000 0.1605 0.0108 0.0007 0.0000 1.0000 0.4315 0.0289 0.0019 0.0001 1.0000 1.0000 0.0778 0.0052 0.0003 1.0000 1.0000 0.2087 0.0140 0.0009 0.0001 1.0000 0.5421
1.0000 1.0000 0.0003 0.0052 0.0779 1.0000 1.0000 0.0001 0.0019 0.0290 0.4331 1.0000 0.0000 0.0007 0.0108 0.1611 1.0000 1.0000 0.0003 0.0040 0.0599 0.8956 1.0000 0.0001 0.0015 0.0223 0.3338 1.0000 0.0000 0.0006 0.0084 0.1249 1.0000 1.0000 0.0002 0.0032 0.0473 0.7115 1.0000 0.0001 0.0012 0.0184 0.2775 1.0000 1.0000 0.0005 0.0074 0.1089 1.0000 1.0000 0.0001 1.0000 1.0000 0.1122 0.0077 0.0005 1.0000 1.0000 0.2791 0.0184 0.0012 0.0001 1.0000 0.7115 0.0473 0.0032 0.0002 1.0000 1.0000 0.1249 0.0084 0.0006 0.0000 1.0000 0.3338 0.0223 0.0015 0.0001 1.0000 0.8956 0.0599 0.0040 0.0003 1.0000 1.0000 0.1611 0.0108 0.0007 0.0000 1.0000 0.4331 0.0290 0.0019 0.0001 1.0000 1.0000 0.0779 0.0052 0.0003 1.0000 1.0000
0.5421 1.0000 0.0001 0.0009 0.0140 0.2087 1.0000 1.0000 0.0003 0.0052 0.0778 1.0000 1.0000 0.0001 0.0019 0.0289 0.4315 1.0000 0.0000 0.0007 0.0108 0.1605 1.0000 1.0000 0.0003 0.0040 0.0599 0.8956 1.0000 0.0001 0.0015 0.0224 0.3357 1.0000 0.0000 0.0006 0.0085 0.1280 1.0000 1.0000 0.0002 0.0033 0.0501 0.7633 1.0000 0.0001 0.0013 0.0197 0.2786 1.0000 1.0000 1.0000 0.2818 0.0194 0.0013 0.0001 1.0000 0.7662 0.0492 0.0033 0.0002 1.0000 1.0000 0.1280 0.0085 0.0006 0.0000 1.0000 0.3357 0.0224 0.0015 0.0001 1.0000 0.8956 0.0599 0.0040 0.0003 1.0000 1.0000 0.1605 0.0108 0.0007 0.0000 1.0000 0.4315 0.0289 0.0019 0.0001 1.0000 1.0000 0.0778 0.0052 0.0003 1.0000 1.0000 0.2087 0.0140 0.0009 0.0001 1.0000 0.5421
0.0421 0.6482 1.0000 0.0001 0.0011 0.0162 0.2411 1.0000 1.0000 0.0004 0.0060 0.0897 1.0000 1.0000 0.0001 0.0022 0.0334 0.4985 1.0000 0.0001 0.0008 0.0124 0.1854 1.0000 1.0000 0.0003 0.0046 0.0692 1.0000 1.0000 0.0001 0.0017 0.0261 0.3901 1.0000 0.0000 0.0007 0.0100 0.1499 1.0000 1.0000 0.0003 0.0039 0.0597 0.9267 1.0000 0.0001 0.0015 0.0220 0.2899 1.0000 0.2883 0.0222 0.0016 0.0001 1.0000 0.9007 0.0585 0.0039 0.0003 1.0000 1.0000 0.1499 0.0100 0.0007 0.0000 1.0000 0.3901 0.0261 0.0017 0.0001 1.0000 1.0000 0.0692 0.0046 0.0003 1.0000 1.0000 0.1854 0.0124 0.0008 0.0001 1.0000 0.4985 0.0334 0.0022 0.0001 1.0000 1.0000 0.0897 0.0060 0.0004 1.0000 1.0000 0.2411 0.0162 0.0011 0.0001 1.0000 0.6482 0.0421
0.0028 0.0437 0.6531 1.0000 0.0001 0.0011 0.0163 0.2429 1.0000 1.0000 0.0004 0.0061 0.0904 1.0000 1.0000 0.0002 0.0023 0.0336 0.5024 1.0000 0.0001 0.0008 0.0125 0.1872 1.0000 1.0000 0.0003 0.0047 0.0699 1.0000 1.0000 0.0001 0.0018 0.0264 0.3968 1.0000 0.0000 0.0007 0.0102 0.1536 1.0000 1.0000 0.0003 0.0041 0.0612 0.9572 1.0000 0.0001 0.0016 0.0201 0.1093 0.0200 0.0015 0.0001 1.0000 0.9536 0.0610 0.0039 0.0003 1.0000 1.0000 0.1536 0.0102 0.0007 0.0000 1.0000 0.3968 0.0264 0.0018 0.0001 1.0000 1.0000 0.0699 0.0047 0.0003 1.0000 1.0000 0.1872 0.0125 0.0008 0.0001 1.0000 0.5024 0.0336 0.0023 0.0002 1.0000 1.0000 0.0904 0.0061 0.0004 1.0000 1.0000 0.2429 0.0163 0.0011 0.0001 1.0000 0.6531 0.0437 0.0028
0.0002 0.0029 0.0426 0.6360 1.0000 0.0001 0.0011 0.0158 0.2366 1.0000 1.0000 0.0004 0.0059 0.0880 1.0000 1.0000 0.0001 0.0022 0.0327 0.4892 1.0000 0.0001 0.0008 0.0122 0.1823 1.0000 1.0000 0.0003 0.0046 0.0683 1.0000 1.0000 0.0001 0.0017 0.0260 0.3901 1.0000 0.0000 0.0007 0.0101 0.1527 1.0000 1.0000 0.0003 0.0041 0.0640 0.9608 1.0000 0.0001 0.0013 0.0073 0.0014 0.0001 1.0000 0.9215 0.0599 0.0040 0.0003 1.0000 1.0000 0.1525 0.0101 0.0007 0.0000 1.0000 0.3901 0.0260 0.0017 0.0001 1.0000 1.0000 0.0683 0.0046 0.0003 1.0000 1.0000 0.1823 0.0122 0.0008 0.0001 1.0000 0.4892 0.0327 0.0022 0.0001 1.0000 1.0000 0.0880 0.0059 0.0004 1.0000 1.0000 0.2366 0.0158 0.0011 0.0001 1.0000 0.6360 0.0426 0.0029 0.0002
1.0000 0.0002 0.0027 0.0410 0.6134 1.0000 0.0001 0.0010 0.0153 0.2282 1.0000 1.0000 0.0004 0.0057 0.0849 1.0000 1.0000 0.0001 0.0021 0.0316 0.4718 1.0000 0.0001 0.0008 0.0118 0.1758 1.0000 1.0000 0.0003 0.0044 0.0662 0.9924 1.0000 0.0001 0.0017 0.0253 0.3820 1.0000 0.0000 0.0007 0.0100 0.1513 1.0000 1.0000 0.0003 0.0040 0.0618 0.9374 1.0000 0.0001 0.0005 0.0001 1.0000 0.9285 0.0620 0.0040 0.0003 1.0000 1.0000 0.1507 0.0100 0.0007 0.0000 1.0000 0.3820 0.0253 0.0017 0.0001 1.0000 0.9924 0.0662 0.0044 0.0003 1.0000 1.0000 0.1758 0.0118 0.0008 0.0001 1.0000 0.4718 0.0316 0.0021 0.0001 1.0000 1.0000 0.0849 0.0057 0.0004 1.0000 1.0000 0.2282 0.0153 0.0010 0.0001 1.0000 0.6134 0.0410 0.0027 0.0002 1.0000
