-24.6920 -37.6714 -46.1561 2.8885 32.1289 -20.7934 -34.5054 -44.5727 -19.3845 24.3867 -13.3174 -31.2070 -42.1325 -40.9176 16.3278 11.1319 -27.6352 -39.2245 -46.1475 8.0947 33.2626 -23.2804 -36.0874 -45.4884 -5.6875 28.4423 -17.6138 -32.8329 -43.4053 -33.1160 20.2597 -5.2923 -29.4773 -40.6886 -44.8119 12.2405 28.0446 -25.4862 -37.6422 -46.1408 2.6532 32.0138 -20.6791 -34.4350 -44.5262 -20.1241 24.1452 -12.7965 -30.8403 -41.4005 -46.7857 -41.4005 -30.8403 -12.7965 24.1452 -20.1241 -44.5262 -34.4350 -20.6791 32.0138 2.6532 -46.1408 -37.6422 -25.4862 28.0446 12.2405 -44.8119 -40.6886 -29.4773 -5.2923 20.2597 -33.1160 -43.4053 -32.8329 -17.6138 28.4423 -5.6875 -45.4884 -36.0874 -23.2804 33.2626 8.0947 -46.1475 -39.2245 -27.6352 11.1319 16.3278 -40.9176 -42.1325 -31.2070 -13.3174 24.3867 -19.3845 -44.5727 -34.5054 -20.7934 32.1289 2.8885 -46.1561 -37.6714 -24.6920
-37.6714 -46.8909 2.8843 32.1071 -21.0079 -35.4044 -45.3637 -20.0314 24.2029 -12.9738 -32.1299 -42.9663 -41.5836 16.1968 13.4368 -28.4490 -40.0851 -46.8345 7.9849 33.6511 -23.6602 -36.9685 -46.2454 -6.0670 28.2389 -17.5836 -33.7378 -44.2199 -33.8204 20.1185 -4.1579 -30.4261 -41.5374 -45.4778 12.1346 29.3780 -26.0627 -38.5135 -46.8551 2.4796 31.9381 -20.8636 -35.3287 -45.3176 -20.7660 24.0006 -12.6188 -31.9768 -42.7358 -44.5111 0.5883 -44.5111 -42.7358 -31.9768 -12.6188 24.0006 -20.7660 -45.3176 -35.3287 -20.8636 31.9381 2.4796 -46.8551 -38.5135 -26.0627 29.3780 12.1346 -45.4778 -41.5374 -30.4261 -4.1579 20.1185 -33.8204 -44.2199 -33.7378 -17.5836 28.2389 -6.0670 -46.2454 -36.9685 -23.6602 33.6511 7.9849 -46.8345 -40.0851 -28.4490 13.4368 16.1968 -41.5836 -42.9663 -32.1299 -12.9738 24.2029 -20.0314 -45.3637 -35.4044 -21.0079 32.1071 2.8843 -46.8909 -37.6714
-46.1561 2.8843 31.9901 -20.8283 -35.2817 -45.2743 -21.4367 23.8119 -12.3814 -31.9657 -42.8294 -42.1280 15.7876 15.5293 -28.2137 -39.9304 -46.8870 7.5074 33.6759 -23.3960 -36.8043 -46.1639 -7.2902 27.8139 -17.1818 -33.5698 -44.0941 -34.8766 19.7161 -2.8003 -30.2524 -41.3885 -45.7048 11.7189 30.2635 -25.8173 -38.3526 -46.8059 1.7896 31.5976 -20.5557 -35.1632 -45.2116 -22.3194 23.5901 -12.0309 -31.8630 -42.7181 -43.1481 12.9213 30.1116 12.9213 -43.1481 -42.7181 -31.8630 -12.0309 23.5901 -22.3194 -45.2116 -35.1632 -20.5557 31.5976 1.7896 -46.8059 -38.3526 -25.8173 30.2635 11.7189 -45.7048 -41.3885 -30.2524 -2.8003 19.7161 -34.8766 -44.0941 -33.5698 -17.1818 27.8139 -7.2902 -46.1639 -36.8043 -23.3960 33.6759 7.5074 -46.8870 -39.9304 -28.2137 15.5293 15.7876 -42.1280 -42.8294 -31.9657 -12.3814 23.8119 -21.4367 -45.2743 -35.2817 -20.8283 31.9901 2.8843 -46.1561
2.8885 32.1071 -20.8283 -35.2336 -45.2191 -22.4702 23.4958 -11.8326 -31.8158 -42.6997 -42.6130 15.3909 17.5254 -27.9797 -39.7757 -46.9269 7.0203 33.6443 -23.1273 -36.6399 -46.0799 -8.5906 27.3903 -16.7668 -33.4006 -43.9668 -35.8793 19.3169 -1.3080 -30.0780 -41.2386 -45.9105 11.3028 31.0300 -25.5707 -38.1906 -46.7528 1.0575 31.2378 -20.2390 -34.9968 -45.1029 -23.8612 23.1783 -11.3596 -31.7079 -42.6118 -43.0675 14.4751 28.2582 -19.4734 28.2582 14.4751 -43.0675 -42.6118 -31.7079 -11.3596 23.1783 -23.8612 -45.1029 -34.9968 -20.2390 31.2378 1.0575 -46.7528 -38.1906 -25.5707 31.0300 11.3028 -45.9105 -41.2386 -30.0780 -1.3080 19.3169 -35.8793 -43.9668 -33.4006 -16.7668 27.3903 -8.5906 -46.0799 -36.6399 -23.1273 33.6443 7.0203 -46.9269 -39.7757 -27.9797 17.5254 15.3909 -42.6130 -42.6997 -31.8158 -11.8326 23.4958 -22.4702 -45.2191 -35.2336 -20.8283 32.1071 2.8885
32.1289 -21.0079 -35.2817 -45.2191 -22.8563 23.3087 -11.4199 -31.6955 -42.5881 -43.0145 15.0287 19.3345 -27.7530 -39.6241 -46.9541 6.5268 33.5625 -22.8597 -36.4766 -45.9933 -9.9599 26.9654 -16.3356 -33.2321 -43.8382 -36.8192 18.9205 0.3153 -29.9033 -41.0871 -46.0942 10.8828 31.6807 -25.3215 -38.0286 -46.6961 0.2853 30.8651 -19.9152 -34.8301 -44.9919 -25.3663 22.7644 -10.6332 -31.5421 -42.4789 -43.3691 14.5869 23.1915 -26.1881 -34.3512 -26.1881 23.1915 14.5869 -43.3691 -42.4789 -31.5421 -10.6332 22.7644 -25.3663 -44.9919 -34.8301 -19.9152 30.8651 0.2853 -46.6961 -38.0286 -25.3215 31.6807 10.8828 -46.0942 -41.0871 -29.9033 0.3153 18.9205 -36.8192 -43.8382 -33.2321 -16.3356 26.9654 -9.9599 -45.9933 -36.4766 -22.8597 33.5625 6.5268 -46.9541 -39.6241 -27.7530 19.3345 15.0287 -43.0145 -42.5881 -31.6955 -11.4199 23.3087 -22.8563 -45.2191 -35.2817 -21.0079 32.1289
-20.7934 -35.4044 -45.2743 -22.4702 23.3087 -11.2609 -31.6272 -42.5111 -43.3088 14.7297 20.8340 -27.5463 -39.4826 -46.9697 6.0342 33.4389 -22.5937 -36.3148 -45.9050 -11.3811 26.5413 -15.8840 -33.0643 -43.7082 -37.6988 18.5073 2.0718 -29.7276 -40.9349 -46.2578 10.4561 32.2254 -25.0717 -37.8661 -46.6358 -0.5323 30.4817 -19.5841 -34.6625 -44.8788 -26.8252 22.3512 -9.8487 -31.3733 -42.3389 -43.7478 14.3206 22.8904 -27.0221 -38.5232 -45.1946 -38.5232 -27.0221 22.8904 14.3206 -43.7478 -42.3389 -31.3733 -9.8487 22.3512 -26.8252 -44.8788 -34.6625 -19.5841 30.4817 -0.5323 -46.6358 -37.8661 -25.0717 32.2254 10.4561 -46.2578 -40.9349 -29.7276 2.0718 18.5073 -37.6988 -43.7082 -33.0643 -15.8840 26.5413 -11.3811 -45.9050 -36.3148 -22.5937 33.4389 6.0342 -46.9697 -39.4826 -27.5463 20.8340 14.7297 -43.3088 -42.5111 -31.6272 -11.2609 23.3087 -22.4702 -45.2743 -35.4044 -20.7934
-34.5054 -45.3637 -21.4367 23.4958 -11.4199 -31.6272 -42.4838 -43.4650 14.5262 21.9106 -27.3769 -39.3579 -46.9753 5.5666 33.2864 -22.3325 -36.1569 -45.8157 -12.8330 26.1242 -15.4198 -32.8971 -43.5773 -38.5169 18.0773 3.9641 -29.5207 -40.7822 -46.4016 10.0240 32.6730 -24.8216 -37.7039 -46.5719 -1.4035 30.0872 -19.2433 -34.4950 -44.7637 -28.2335 21.9422 -8.9999 -31.2024 -42.1971 -44.1213 13.9543 23.9660 -27.0469 -39.0073 -47.0779 -31.8042 -47.0779 -39.0073 -27.0469 23.9660 13.9543 -44.1213 -42.1971 -31.2024 -8.9999 21.9422 -28.2335 -44.7637 -34.4950 -19.2433 30.0872 -1.4035 -46.5719 -37.7039 -24.8216 32.6730 10.0240 -46.4016 -40.7822 -29.5207 3.9641 18.0773 -38.5169 -43.5773 -32.8971 -15.4198 26.1242 -12.8330 -45.8157 -36.1569 -22.3325 33.2864 5.5666 -46.9753 -39.3579 -27.3769 21.9106 14.5262 -43.4650 -42.4838 -31.6272 -11.4199 23.4958 -21.4367 -45.3637 -34.5054
-44.5727 -20.0314 23.8119 -11.8326 -31.6955 -42.5111 -43.4650 14.4544 22.4706 -27.2652 -39.2655 -46.9744 5.1559 33.1238 -22.0913 -36.0092 -45.7275 -14.2835 25.7180 -14.9457 -32.7323 -43.4468 -39.2736 17.6577 5.9555 -29.2834 -40.6285 -46.5266 9.5857 33.0291 -24.5688 -37.5416 -46.5049 -2.3291 29.6854 -18.8938 -34.3274 -44.6458 -29.5823 21.5341 -8.0812 -31.0302 -42.0531 -44.4694 13.5607 25.3114 -26.8799 -39.0088 -46.9219 0.5124 19.8791 0.5124 -46.9219 -39.0088 -26.8799 25.3114 13.5607 -44.4694 -42.0531 -31.0302 -8.0812 21.5341 -29.5823 -44.6458 -34.3274 -18.8938 29.6854 -2.3291 -46.5049 -37.5416 -24.5688 33.0291 9.5857 -46.5266 -40.6285 -29.2834 5.9555 17.6577 -39.2736 -43.4468 -32.7323 -14.9457 25.7180 -14.2835 -45.7275 -36.0092 -22.0913 33.1238 5.1559 -46.9744 -39.2655 -27.2652 22.4706 14.4544 -43.4650 -42.5111 -31.6955 -11.8326 23.8119 -20.0314 -44.5727
-19.3845 24.2029 -12.3814 -31.8158 -42.5881 -43.3088 14.5262 22.4706 -27.2263 -39.2173 -46.9713 4.8428 32.9774 -21.8850 -35.8792 -45.6454 -15.6580 25.3314 -14.4656 -32.5721 -43.3179 -39.9693 17.2499 7.9929 -29.0483 -40.4751 -46.6343 9.1390 33.3011 -24.3124 -37.3786 -46.4347 -3.3141 29.2776 -18.5348 -34.1591 -44.5264 -30.8734 21.1257 -7.0804 -30.8586 -41.9067 -44.7900 13.1590 26.6225 -26.6593 -38.8936 -46.9290 3.0295 30.5695 -2.9974 30.5695 3.0295 -46.9290 -38.8936 -26.6593 26.6225 13.1590 -44.7900 -41.9067 -30.8586 -7.0804 21.1257 -30.8734 -44.5264 -34.1591 -18.5348 29.2776 -3.3141 -46.4347 -37.3786 -24.3124 33.3011 9.1390 -46.6343 -40.4751 -29.0483 7.9929 17.2499 -39.9693 -43.3179 -32.5721 -14.4656 25.3314 -15.6580 -45.6454 -35.8792 -21.8850 32.9774 4.8428 -46.9713 -39.2173 -27.2263 22.4706 14.5262 -43.3088 -42.5881 -31.8158 -12.3814 24.2029 -19.3845
24.3867 -12.9738 -31.9657 -42.6997 -43.0145 14.7297 21.9106 -27.2652 -39.2173 -46.9698 4.6756 32.8754 -21.7327 -35.7763 -45.5757 -16.8756 24.9836 -14.0035 -32.4202 -43.1932 -40.5937 16.8521 10.0516 -28.8189 -40.3243 -46.7240 8.6881 33.4932 -24.0540 -37.2152 -46.3613 -4.3605 28.8626 -18.1635 -33.9910 -44.4054 -32.0982 20.7202 -5.9903 -30.6866 -41.7604 -45.0849 12.7522 27.8162 -26.4235 -38.7461 -46.9088 3.1507 31.8969 -19.3453 -30.0812 -19.3453 31.8969 3.1507 -46.9088 -38.7461 -26.4235 27.8162 12.7522 -45.0849 -41.7604 -30.6866 -5.9903 20.7202 -32.0982 -44.4054 -33.9910 -18.1635 28.8626 -4.3605 -46.3613 -37.2152 -24.0540 33.4932 8.6881 -46.7240 -40.3243 -28.8189 10.0516 16.8521 -40.5937 -43.1932 -32.4202 -14.0035 24.9836 -16.8756 -45.5757 -35.7763 -21.7327 32.8754 4.6756 -46.9698 -39.2173 -27.2652 21.9106 14.7297 -43.0145 -42.6997 -31.9657 -12.9738 24.3867
-13.3174 -32.1299 -42.8294 -42.6130 15.0287 20.8340 -27.3769 -39.2655 -46.9713 4.6756 32.8391 -21.6516 -35.7104 -45.5249 -17.8420 24.6967 -13.5858 -32.2849 -43.0782 -41.1418 16.4755 12.0651 -28.5944 -40.1762 -46.7971 8.2400 33.6134 -23.7967 -37.0523 -46.2843 -5.4746 28.4451 -17.7808 -33.8228 -44.2820 -33.2567 20.3174 -4.8004 -30.5133 -41.6132 -45.3520 12.3413 28.8852 -26.1836 -38.5895 -46.8739 2.7119 31.9484 -20.5200 -34.4055 -41.5270 -34.4055 -20.5200 31.9484 2.7119 -46.8739 -38.5895 -26.1836 28.8852 12.3413 -45.3520 -41.6132 -30.5133 -4.8004 20.3174 -33.2567 -44.2820 -33.8228 -17.7808 28.4451 -5.4746 -46.2843 -37.0523 -23.7967 33.6134 8.2400 -46.7971 -40.1762 -28.5944 12.0651 16.4755 -41.1418 -43.0782 -32.2849 -13.5858 24.6967 -17.8420 -45.5249 -35.7104 -21.6516 32.8391 4.6756 -46.9713 -39.2655 -27.3769 20.8340 15.0287 -42.6130 -42.8294 -32.1299 -13.3174
-31.2070 -42.9663 -42.1280 15.3909 19.3345 -27.5463 -39.3579 -46.9744 4.8428 32.8754 -21.6516 -35.6879 -45.4973 -18.4736 24.4890 -13.2475 -32.1733 -42.9776 -41.6009 16.1377 13.9106 -28.3809 -40.0334 -46.8549 7.7942 33.6692 -23.5415 -36.8922 -46.2057 -6.6566 28.0271 -17.3879 -33.6539 -44.1571 -34.3543 19.9152 -3.4949 -30.3396 -41.4639 -45.5923 11.9292 29.8337 -25.9407 -38.4314 -46.8294 2.0976 31.7182 -20.5654 -34.9854 -44.9282 -46.7173 -44.9282 -34.9854 -20.5654 31.7182 2.0976 -46.8294 -38.4314 -25.9407 29.8337 11.9292 -45.5923 -41.4639 -30.3396 -3.4949 19.9152 -34.3543 -44.1571 -33.6539 -17.3879 28.0271 -6.6566 -46.2057 -36.8922 -23.5415 33.6692 7.7942 -46.8549 -40.0334 -28.3809 13.9106 16.1377 -41.6009 -42.9776 -32.1733 -13.2475 24.4890 -18.4736 -45.4973 -35.6879 -21.6516 32.8754 4.8428 -46.9744 -39.3579 -27.5463 19.3345 15.3909 -42.1280 -42.9663 -31.2070
-42.1325 -41.5836 15.7876 17.5254 -27.7530 -39.4826 -46.9753 5.1559 32.9774 -21.7327 -35.7104 -45.4973 -18.6993 24.3778 -13.0196 -32.0921 -42.8992 -41.9578 15.8489 15.5077 -28.1892 -39.9014 -46.8982 7.3564 33.6706 -23.2908 -36.7357 -46.1261 -7.8865 27.6112 -16.9846 -33.4863 -44.0319 -35.3850 19.5159 -2.0696 -30.1656 -41.3138 -45.8095 11.5143 30.6586 -25.6940 -38.2715 -46.7792 1.4088 31.3977 -20.3508 -35.0045 -45.0512 -31.6505 10.2237 -31.6505 -45.0512 -35.0045 -20.3508 31.3977 1.4088 -46.7792 -38.2715 -25.6940 30.6586 11.5143 -45.8095 -41.3138 -30.1656 -2.0696 19.5159 -35.3850 -44.0319 -33.4863 -16.9846 27.6112 -7.8865 -46.1261 -36.7357 -23.2908 33.6706 7.3564 -46.8982 -39.9014 -28.1892 15.5077 15.8489 -41.9578 -42.8992 -32.0921 -13.0196 24.3778 -18.6993 -45.4973 -35.7104 -21.7327 32.9774 5.1559 -46.9753 -39.4826 -27.7530 17.5254 15.7876 -41.5836 -42.1325
-40.9176 16.1968 15.5293 -27.9797 -39.6241 -46.9697 5.5666 33.1238 -21.8850 -35.7763 -45.5249 -18.4736 24.3778 -12.9355 -32.0485 -42.8477 -42.2046 15.6249 16.7940 -28.0247 -39.7843 -46.9288 6.9434 33.6293 -23.0507 -36.5849 -46.0471 -9.1442 27.2040 -16.5742 -33.3219 -43.9052 -36.3414 19.1224 -0.5188 -29.9906 -41.1628 -46.0049 11.0948 31.3660 -25.4459 -38.1098 -46.7248 0.6705 31.0416 -20.0595 -34.8889 -45.0143 -27.0319 20.1234 32.8681 20.1234 -27.0319 -45.0143 -34.8889 -20.0595 31.0416 0.6705 -46.7248 -38.1098 -25.4459 31.3660 11.0948 -46.0049 -41.1628 -29.9906 -0.5188 19.1224 -36.3414 -43.9052 -33.3219 -16.5742 27.2040 -9.1442 -46.0471 -36.5849 -23.0507 33.6293 6.9434 -46.9288 -39.7843 -28.0247 16.7940 15.6249 -42.2046 -42.8477 -32.0485 -12.9355 24.3778 -18.4736 -45.5249 -35.7763 -21.8850 33.1238 5.5666 -46.9697 -39.6241 -27.9797 15.5293 16.1968 -40.9176
16.3278 13.4368 -28.2137 -39.7757 -46.9541 6.0342 33.2864 -22.0913 -35.8792 -45.5757 -17.8420 24.4890 -13.0196 -32.0485 -42.8284 -42.3343 15.4799 17.6894 -27.8979 -39.6884 -46.9485 6.5742 33.5597 -22.8278 -36.4432 -45.9693 -10.4057 26.8113 -16.1602 -33.1611 -43.7792 -37.2248 18.7270 1.1451 -29.8165 -41.0115 -46.1787 10.6709 31.9638 -25.1982 -37.9472 -46.6663 -0.1187 30.6697 -19.7416 -34.7364 -44.9238 -26.7893 21.8797 -3.7233 -24.8936 -3.7233 21.8797 -26.7893 -44.9238 -34.7364 -19.7416 30.6697 -0.1187 -46.6663 -37.9472 -25.1982 31.9638 10.6709 -46.1787 -41.0115 -29.8165 1.1451 18.7270 -37.2248 -43.7792 -33.1611 -16.1602 26.8113 -10.4057 -45.9693 -36.4432 -22.8278 33.5597 6.5742 -46.9485 -39.6884 -27.8979 17.6894 15.4799 -42.3343 -42.8284 -32.0485 -13.0196 24.4890 -17.8420 -45.5757 -35.8792 -22.0913 33.2864 6.0342 -46.9541 -39.7757 -28.2137 13.4368 16.3278
11.1319 -28.4490 -39.9304 -46.9269 6.5268 33.4389 -22.3325 -36.0092 -45.6454 -16.8756 24.6967 -13.2475 -32.0921 -42.8477 -42.3343 15.4267 18.1642 -27.8168 -39.6200 -46.9599 6.2709 33.4785 -22.6305 -36.3165 -45.8949 -11.6304 26.4389 -15.7471 -33.0061 -43.6578 -38.0365 18.3230 2.9007 -29.6322 -40.8614 -46.3309 10.2424 32.4597 -24.9490 -37.7852 -46.6044 -0.9617 30.2850 -19.4118 -34.5737 -44.8163 -27.7508 21.9520 -7.9406 -30.1803 -37.4364 -30.1803 -7.9406 21.9520 -27.7508 -44.8163 -34.5737 -19.4118 30.2850 -0.9617 -46.6044 -37.7852 -24.9490 32.4597 10.2424 -46.3309 -40.8614 -29.6322 2.9007 18.3230 -38.0365 -43.6578 -33.0061 -15.7471 26.4389 -11.6304 -45.8949 -36.3165 -22.6305 33.4785 6.2709 -46.9599 -39.6200 -27.8168 18.1642 15.4267 -42.3343 -42.8477 -32.0921 -13.2475 24.6967 -16.8756 -45.6454 -36.0092 -22.3325 33.4389 6.5268 -46.9269 -39.9304 -28.4490 11.1319
-27.6352 -40.0851 -46.8870 7.0203 33.5625 -22.5937 -36.1569 -45.7275 -15.6580 24.9836 -13.5858 -32.1733 -42.8992 -42.2046 15.4799 18.1642 -27.7875 -39.5835 -46.9655 6.0514 33.4037 -22.4691 -36.2100 -45.8303 -12.7578 26.0988 -15.3482 -32.8600 -43.5399 -38.7702 17.9269 4.7284 -29.4222 -40.7142 -46.4622 9.8140 32.8590 -24.6962 -37.6236 -46.5392 -1.8575 29.8880 -19.0703 -34.4092 -44.7023 -28.9966 21.6754 -8.1061 -30.8317 -41.4282 -47.1576 -41.4282 -30.8317 -8.1061 21.6754 -28.9966 -44.7023 -34.4092 -19.0703 29.8880 -1.8575 -46.5392 -37.6236 -24.6962 32.8590 9.8140 -46.4622 -40.7142 -29.4222 4.7284 17.9269 -38.7702 -43.5399 -32.8600 -15.3482 26.0988 -12.7578 -45.8303 -36.2100 -22.4691 33.4037 6.0514 -46.9655 -39.5835 -27.7875 18.1642 15.4799 -42.2046 -42.8992 -32.1733 -13.5858 24.9836 -15.6580 -45.7275 -36.1569 -22.5937 33.5625 7.0203 -46.8870 -40.0851 -27.6352
-39.2245 -46.8345 7.5074 33.6443 -22.8597 -36.3148 -45.8157 -14.2835 25.3314 -14.0035 -32.2849 -42.9776 -41.9578 15.6249 17.6894 -27.8168 -39.5835 -46.9672 5.9351 33.3522 -22.3558 -36.1282 -45.7769 -13.7265 25.8059 -14.9832 -32.7266 -43.4293 -39.4191 17.5522 6.5673 -29.2025 -40.5698 -46.5730 9.3925 33.1647 -24.4455 -37.4626 -46.4712 -2.8057 29.4822 -18.7153 -34.2432 -44.5852 -30.2703 21.3049 -7.4408 -30.8631 -41.7956 -46.1395 -5.5867 -46.1395 -41.7956 -30.8631 -7.4408 21.3049 -30.2703 -44.5852 -34.2432 -18.7153 29.4822 -2.8057 -46.4712 -37.4626 -24.4455 33.1647 9.3925 -46.5730 -40.5698 -29.2025 6.5673 17.5522 -39.4191 -43.4293 -32.7266 -14.9832 25.8059 -13.7265 -45.7769 -36.1282 -22.3558 33.3522 5.9351 -46.9672 -39.5835 -27.8168 17.6894 15.6249 -41.9578 -42.9776 -32.2849 -14.0035 25.3314 -14.2835 -45.8157 -36.3148 -22.8597 33.6443 7.5074 -46.8345 -39.2245
-46.1475 7.9849 33.6759 -23.1273 -36.4766 -45.9050 -12.8330 25.7180 -14.4656 -32.4202 -43.0782 -41.6009 15.8489 16.7940 -27.8979 -39.6200 -46.9655 5.9351 33.3341 -22.2972 -36.0775 -45.7389 -14.4817 25.5694 -14.6697 -32.6119 -43.3319 -39.9709 17.2076 8.3639 -28.9941 -40.4311 -46.6658 8.9750 33.3868 -24.2009 -37.3046 -46.4007 -3.8000 29.0770 -18.3525 -34.0756 -44.4658 -31.5036 20.9102 -6.4851 -30.7467 -41.7797 -45.3780 10.2764 27.4156 10.2764 -45.3780 -41.7797 -30.7467 -6.4851 20.9102 -31.5036 -44.4658 -34.0756 -18.3525 29.0770 -3.8000 -46.4007 -37.3046 -24.2009 33.3868 8.9750 -46.6658 -40.4311 -28.9941 8.3639 17.2076 -39.9709 -43.3319 -32.6119 -14.6697 25.5694 -14.4817 -45.7389 -36.0775 -22.2972 33.3341 5.9351 -46.9655 -39.6200 -27.8979 16.7940 15.8489 -41.6009 -43.0782 -32.4202 -14.4656 25.7180 -12.8330 -45.9050 -36.4766 -23.1273 33.6759 7.9849 -46.1475
8.0947 33.6511 -23.3960 -36.6399 -45.9933 -11.3811 26.1242 -14.9457 -32.5721 -43.1932 -41.1418 16.1377 15.5077 -28.0247 -39.6884 -46.9599 6.0514 33.3522 -22.2972 -36.0605 -45.7194 -14.9594 25.4014 -14.4244 -32.5203 -43.2498 -40.4202 16.9088 10.0111 -28.8018 -40.3017 -46.7411 8.5689 33.5378 -23.9631 -37.1507 -46.3289 -4.8384 28.6746 -17.9861 -33.9099 -44.3444 -32.6858 20.5133 -5.3784 -30.5900 -41.6688 -45.3412 11.8364 32.8476 -16.8747 32.8476 11.8364 -45.3412 -41.6688 -30.5900 -5.3784 20.5133 -32.6858 -44.3444 -33.9099 -17.9861 28.6746 -4.8384 -46.3289 -37.1507 -23.9631 33.5378 8.5689 -46.7411 -40.3017 -28.8018 10.0111 16.9088 -40.4202 -43.2498 -32.5203 -14.4244 25.4014 -14.9594 -45.7194 -36.0605 -22.2972 33.3522 6.0514 -46.9599 -39.6884 -28.0247 15.5077 16.1377 -41.1418 -43.1932 -32.5721 -14.9457 26.1242 -11.3811 -45.9933 -36.6399 -23.3960 33.6511 8.0947
33.2626 -23.6602 -36.8043 -46.0799 -9.9599 26.5413 -15.4198 -32.7323 -43.3179 -40.5937 16.4755 13.9106 -28.1892 -39.7843 -46.9485 6.2709 33.4037 -22.3558 -36.0775 -45.7194 -15.1180 25.3163 -14.2656 -32.4557 -43.1864 -40.7637 16.6610 11.4106 -28.6342 -40.1846 -46.7995 8.1849 33.6283 -23.7335 -37.0027 -46.2571 -5.9133 28.2767 -17.6138 -33.7474 -44.2239 -33.7964 20.1178 -4.1531 -30.4218 -41.5307 -45.5094 11.9326 30.7776 -24.5572 -33.2277 -24.5572 30.7776 11.9326 -45.5094 -41.5307 -30.4218 -4.1531 20.1178 -33.7964 -44.2239 -33.7474 -17.6138 28.2767 -5.9133 -46.2571 -37.0027 -23.7335 33.6283 8.1849 -46.7995 -40.1846 -28.6342 11.4106 16.6610 -40.7637 -43.1864 -32.4557 -14.2656 25.3163 -15.1180 -45.7194 -36.0775 -22.3558 33.4037 6.2709 -46.9485 -39.7843 -28.1892 13.9106 16.4755 -40.5937 -43.3179 -32.7323 -15.4198 26.5413 -9.9599 -46.0799 -36.8043 -23.6602 33.2626
-23.2804 -36.9685 -46.1639 -8.5906 26.9654 -15.8840 -32.8971 -43.4468 -39.9693 16.8521 12.0651 -28.3809 -39.9014 -46.9288 6.5742 33.4785 -22.4691 -36.1282 -45.7389 -14.9594 25.3163 -14.2101 -32.4229 -43.1472 -40.9940 16.4762 12.5362 -28.4947 -40.0843 -46.8436 7.8334 33.6693 -23.5152 -36.8640 -46.1866 -7.0067 27.8906 -17.2408 -33.5885 -44.1048 -34.8209 19.7284 -2.8214 -30.2525 -41.3864 -45.7140 11.6614 30.6320 -25.4332 -37.4415 -44.2951 -37.4415 -25.4332 30.6320 11.6614 -45.7140 -41.3864 -30.2525 -2.8214 19.7284 -34.8209 -44.1048 -33.5885 -17.2408 27.8906 -7.0067 -46.1866 -36.8640 -23.5152 33.6693 7.8334 -46.8436 -40.0843 -28.4947 12.5362 16.4762 -40.9940 -43.1472 -32.4229 -14.2101 25.3163 -14.9594 -45.7389 -36.1282 -22.4691 33.4785 6.5742 -46.9288 -39.9014 -28.3809 12.0651 16.8521 -39.9693 -43.4468 -32.8971 -15.8840 26.9654 -8.5906 -46.1639 -36.9685 -23.2804
-36.0874 -46.2454 -7.2902 27.3903 -16.3356 -33.0643 -43.5773 -39.2736 17.2499 10.0516 -28.5944 -40.0334 -46.8982 6.9434 33.5597 -22.6305 -36.2100 -45.7769 -14.4817 25.4014 -14.2656 -32.4229 -43.1343 -41.1093 16.3640 13.3132 -28.3889 -40.0043 -46.8749 7.5300 33.6747 -23.3186 -36.7367 -46.1199 -8.0813 27.5218 -16.8717 -33.4351 -43.9876 -35.7626 19.3525 -1.3967 -30.0846 -41.2410 -45.9103 11.2910 31.1149 -25.4646 -37.9565 -46.7254 -38.4885 -46.7254 -37.9565 -25.4646 31.1149 11.2910 -45.9103 -41.2410 -30.0846 -1.3967 19.3525 -35.7626 -43.9876 -33.4351 -16.8717 27.5218 -8.0813 -46.1199 -36.7367 -23.3186 33.6747 7.5300 -46.8749 -40.0043 -28.3889 13.3132 16.3640 -41.1093 -43.1343 -32.4229 -14.2656 25.4014 -14.4817 -45.7769 -36.2100 -22.6305 33.5597 6.9434 -46.8982 -40.0334 -28.5944 10.0516 17.2499 -39.2736 -43.5773 -33.0643 -16.3356 27.3903 -7.2902 -46.2454 -36.0874
-45.4884 -6.0670 27.8139 -16.7668 -33.2321 -43.7082 -38.5169 17.6577 7.9929 -28.8189 -40.1762 -46.8549 7.3564 33.6293 -22.8278 -36.3165 -45.8303 -13.7265 25.5694 -14.4244 -32.4557 -43.1472 -41.1093 16.3253 13.7020 -28.3260 -39.9485 -46.8956 7.2847 33.6592 -23.1531 -36.6251 -46.0582 -9.1019 27.1814 -16.5136 -33.2896 -43.8735 -36.6135 18.9904 0.0967 -29.9192 -41.0970 -46.0873 10.8899 31.6879 -25.2961 -37.9655 -46.6333 -5.6460 17.3033 -5.6460 -46.6333 -37.9655 -25.2961 31.6879 10.8899 -46.0873 -41.0970 -29.9192 0.0967 18.9904 -36.6135 -43.8735 -33.2896 -16.5136 27.1814 -9.1019 -46.0582 -36.6251 -23.1531 33.6592 7.2847 -46.8956 -39.9485 -28.3260 13.7020 16.3253 -41.1093 -43.1472 -32.4557 -14.4244 25.5694 -13.7265 -45.8303 -36.3165 -22.8278 33.6293 7.3564 -46.8549 -40.1762 -28.8189 7.9929 17.6577 -38.5169 -43.7082 -33.2321 -16.7668 27.8139 -6.0670 -45.4884
-5.6875 28.2389 -17.1818 -33.4006 -43.8382 -37.6988 18.0773 5.9555 -29.0483 -40.3243 -46.7971 7.7942 33.6706 -23.0507 -36.4432 -45.8949 -12.7578 25.8059 -14.6697 -32.5203 -43.1864 -40.9940 16.3640 13.7020 -28.3052 -39.9206 -46.9069 7.1115 33.6358 -23.0199 -36.5328 -46.0042 -10.0271 26.8775 -16.1821 -33.1561 -43.7656 -37.3789 18.6346 1.6399 -29.7596 -40.9563 -46.2418 10.4868 32.2038 -25.0739 -37.8528 -46.6158 -1.9537 27.8167 8.7828 27.8167 -1.9537 -46.6158 -37.8528 -25.0739 32.2038 10.4868 -46.2418 -40.9563 -29.7596 1.6399 18.6346 -37.3789 -43.7656 -33.1561 -16.1821 26.8775 -10.0271 -46.0042 -36.5328 -23.0199 33.6358 7.1115 -46.9069 -39.9206 -28.3052 13.7020 16.3640 -40.9940 -43.1864 -32.5203 -14.6697 25.8059 -12.7578 -45.8949 -36.4432 -23.0507 33.6706 7.7942 -46.7971 -40.3243 -29.0483 5.9555 18.0773 -37.6988 -43.8382 -33.4006 -17.1818 28.2389 -5.6875
28.4423 -17.5836 -33.5698 -43.9668 -36.8192 18.5073 3.9641 -29.2834 -40.4751 -46.7240 8.2400 33.6692 -23.2908 -36.5849 -45.9693 -11.6304 26.0988 -14.9832 -32.6119 -43.2498 -40.7637 16.4762 13.3132 -28.3260 -39.9206 -46.9104 7.0241 33.6169 -22.9249 -36.4633 -45.9604 -10.8096 26.6191 -15.8832 -33.0373 -43.6683 -38.0501 18.2863 3.1982 -29.5897 -40.8205 -46.3747 10.0919 32.6272 -24.8401 -37.7089 -46.5692 -1.7741 29.4511 -16.9007 -28.8230 -16.9007 29.4511 -1.7741 -46.5692 -37.7089 -24.8401 32.6272 10.0919 -46.3747 -40.8205 -29.5897 3.1982 18.2863 -38.0501 -43.6683 -33.0373 -15.8832 26.6191 -10.8096 -45.9604 -36.4633 -22.9249 33.6169 7.0241 -46.9104 -39.9206 -28.3260 13.3132 16.4762 -40.7637 -43.2498 -32.6119 -14.9832 26.0988 -11.6304 -45.9693 -36.5849 -23.2908 33.6692 8.2400 -46.7240 -40.4751 -29.2834 3.9641 18.5073 -36.8192 -43.9668 -33.5698 -17.5836 28.4423
-17.6138 -33.7378 -44.0941 -35.8793 18.9205 2.0718 -29.5207 -40.6285 -46.6343 8.6881 33.6134 -23.5415 -36.7357 -46.0471 -10.4057 26.4389 -15.3482 -32.7266 -43.3319 -40.4202 16.6610 12.5362 -28.3889 -39.9485 -46.9069 7.0241 33.6102 -22.8773 -36.4207 -45.9296 -11.4100 26.4147 -15.6307 -32.9353 -43.5826 -38.6110 17.9678 4.7174 -29.4043 -40.6915 -46.4872 9.7042 32.9607 -24.6101 -37.5612 -46.5103 -2.3762 29.5308 -18.3376 -33.3058 -40.4732 -33.3058 -18.3376 29.5308 -2.3762 -46.5103 -37.5612 -24.6101 32.9607 9.7042 -46.4872 -40.6915 -29.4043 4.7174 17.9678 -38.6110 -43.5826 -32.9353 -15.6307 26.4147 -11.4100 -45.9296 -36.4207 -22.8773 33.6102 7.0241 -46.9069 -39.9485 -28.3889 12.5362 16.6610 -40.4202 -43.3319 -32.7266 -15.3482 26.4389 -10.4057 -46.0471 -36.7357 -23.5415 33.6134 8.6881 -46.6343 -40.6285 -29.5207 2.0718 18.9205 -35.8793 -44.0941 -33.7378 -17.6138
-32.8329 -44.2199 -34.8766 19.3169 0.3153 -29.7276 -40.7822 -46.5266 9.1390 33.4932 -23.7967 -36.8922 -46.1261 -9.1442 26.8113 -15.7471 -32.8600 -43.4293 -39.9709 16.9088 11.4106 -28.4947 -40.0043 -46.8956 7.1115 33.6169 -22.8773 -36.4063 -45.9148 -11.7892 26.2717 -15.4382 -32.8550 -43.5112 -39.0646 17.6951 6.1241 -29.2285 -40.5721 -46.5797 9.3354 33.2132 -24.3873 -37.4159 -46.4473 -3.2067 29.2734 -18.4059 -33.9088 -44.0908 -47.5186 -44.0908 -33.9088 -18.4059 29.2734 -3.2067 -46.4473 -37.4159 -24.3873 33.2132 9.3354 -46.5797 -40.5721 -29.2285 6.1241 17.6951 -39.0646 -43.5112 -32.8550 -15.4382 26.2717 -11.7892 -45.9148 -36.4063 -22.8773 33.6169 7.1115 -46.8956 -40.0043 -28.4947 11.4106 16.9088 -39.9709 -43.4293 -32.8600 -15.7471 26.8113 -9.1442 -46.1261 -36.8922 -23.7967 33.4932 9.1390 -46.5266 -40.7822 -29.7276 0.3153 19.3169 -34.8766 -44.2199 -32.8329
-43.4053 -33.8204 19.7161 -1.3080 -29.9033 -40.9349 -46.4016 9.5857 33.3011 -24.0540 -37.0523 -46.2057 -7.8865 27.2040 -16.1602 -33.0061 -43.5399 -39.4191 17.2076 10.0111 -28.6342 -40.0843 -46.8749 7.2847 33.6358 -22.9249 -36.4207 -45.9148 -11.9194 26.1995 -15.3149 -32.7996 -43.4581 -39.4121 17.4742 7.3289 -29.0778 -40.4673 -46.6537 8.9918 33.3948 -24.1749 -37.2773 -46.3841 -4.1062 28.9304 -18.1758 -33.9397 -44.2918 -38.1024 7.3992 -38.1024 -44.2918 -33.9397 -18.1758 28.9304 -4.1062 -46.3841 -37.2773 -24.1749 33.3948 8.9918 -46.6537 -40.4673 -29.0778 7.3289 17.4742 -39.4121 -43.4581 -32.7996 -15.3149 26.1995 -11.9194 -45.9148 -36.4207 -22.9249 33.6358 7.2847 -46.8749 -40.0843 -28.6342 10.0111 17.2076 -39.4191 -43.5399 -33.0061 -16.1602 27.2040 -7.8865 -46.2057 -37.0523 -24.0540 33.3011 9.5857 -46.4016 -40.9349 -29.9033 -1.3080 19.7161 -33.8204 -43.4053
-33.1160 20.1185 -2.8003 -30.0780 -41.0871 -46.2578 10.0240 33.0291 -24.3124 -37.2152 -46.2843 -6.6566 27.6112 -16.5742 -33.1611 -43.6578 -38.7702 17.5522 8.3639 -28.8018 -40.1846 -46.8436 7.5300 33.6592 -23.0199 -36.4633 -45.9296 -11.7892 26.1995 -15.2726 -32.7715 -43.4241 -39.6484 17.3109 8.2876 -28.9549 -40.3787 -46.7105 8.6862 33.5175 -23.9784 -37.1480 -46.3223 -5.0186 28.5789 -17.8696 -33.8375 -44.2664 -34.8411 17.5565 33.4124 17.5565 -34.8411 -44.2664 -33.8375 -17.8696 28.5789 -5.0186 -46.3223 -37.1480 -23.9784 33.5175 8.6862 -46.7105 -40.3787 -28.9549 8.2876 17.3109 -39.6484 -43.4241 -32.7715 -15.2726 26.1995 -11.7892 -45.9296 -36.4633 -23.0199 33.6592 7.5300 -46.8436 -40.1846 -28.8018 8.3639 17.5522 -38.7702 -43.6578 -33.1611 -16.5742 27.6112 -6.6566 -46.2843 -37.2152 -24.3124 33.0291 10.0240 -46.2578 -41.0871 -30.0780 -2.8003 20.1185 -33.1160
20.2597 -4.1579 -30.2524 -41.2386 -46.0942 10.4561 32.6730 -24.5688 -37.3786 -46.3613 -5.4746 28.0271 -16.9846 -33.3219 -43.7792 -38.0365 17.9269 6.5673 -28.9941 -40.3017 -46.7995 7.8334 33.6747 -23.1531 -36.5328 -45.9604 -11.4100 26.2717 -15.3149 -32.7715 -43.4121 -39.7663 17.2072 8.9727 -28.8636 -40.3088 -46.7519 8.4271 33.5935 -23.8047 -37.0307 -46.2633 -5.9191 28.2425 -17.5523 -33.7066 -44.1811 -34.5789 19.2933 7.3172 -23.2589 7.3172 19.2933 -34.5789 -44.1811 -33.7066 -17.5523 28.2425 -5.9191 -46.2633 -37.0307 -23.8047 33.5935 8.4271 -46.7519 -40.3088 -28.8636 8.9727 17.2072 -39.7663 -43.4121 -32.7715 -15.3149 26.2717 -11.4100 -45.9604 -36.5328 -23.1531 33.6747 7.8334 -46.7995 -40.3017 -28.9941 6.5673 17.9269 -38.0365 -43.7792 -33.3219 -16.9846 28.0271 -5.4746 -46.3613 -37.3786 -24.5688 32.6730 10.4561 -46.0942 -41.2386 -30.2524 -4.1579 20.2597
-5.2923 -30.4261 -41.3885 -45.9105 10.8828 32.2254 -24.8216 -37.5416 -46.4347 -4.3605 28.4451 -17.3879 -33.4863 -43.9052 -37.2248 18.3230 4.7284 -29.2025 -40.4311 -46.7411 8.1849 33.6693 -23.3186 -36.6251 -46.0042 -10.8096 26.4147 -15.4382 -32.7996 -43.4241 -39.7663 17.1710 9.3254 -28.8066 -40.2610 -46.7805 8.2203 33.6367 -23.6572 -36.9307 -46.2101 -6.7694 27.9296 -17.2454 -33.5764 -44.0834 -35.1326 19.4608 0.0861 -28.9857 -36.3620 -28.9857 0.0861 19.4608 -35.1326 -44.0834 -33.5764 -17.2454 27.9296 -6.7694 -46.2101 -36.9307 -23.6572 33.6367 8.2203 -46.7805 -40.2610 -28.8066 9.3254 17.1710 -39.7663 -43.4241 -32.7996 -15.4382 26.4147 -10.8096 -46.0042 -36.6251 -23.3186 33.6693 8.1849 -46.7411 -40.4311 -29.2025 4.7284 18.3230 -37.2248 -43.9052 -33.4863 -17.3879 28.4451 -4.3605 -46.4347 -37.5416 -24.8216 32.2254 10.8828 -45.9105 -41.3885 -30.4261 -5.2923
-29.4773 -41.5374 -45.7048 11.3028 31.6807 -25.0717 -37.7039 -46.5049 -3.3141 28.8626 -17.7808 -33.6539 -44.0319 -36.3414 18.7270 2.9007 -29.4222 -40.5698 -46.6658 8.5689 33.6283 -23.5152 -36.7367 -46.0582 -10.0271 26.6191 -15.6307 -32.8550 -43.4581 -39.6484 17.2072 9.3254 -28.7864 -40.2359 -46.7971 8.0766 33.6583 -23.5417 -36.8492 -46.1649 -7.5348 27.6517 -16.9586 -33.4533 -43.9886 -35.8401 19.2577 -0.4349 -29.7593 -40.4437 -46.5884 -40.4437 -29.7593 -0.4349 19.2577 -35.8401 -43.9886 -33.4533 -16.9586 27.6517 -7.5348 -46.1649 -36.8492 -23.5417 33.6583 8.0766 -46.7971 -40.2359 -28.7864 9.3254 17.2072 -39.6484 -43.4581 -32.8550 -15.6307 26.6191 -10.0271 -46.0582 -36.7367 -23.5152 33.6283 8.5689 -46.6658 -40.5698 -29.4222 2.9007 18.7270 -36.3414 -44.0319 -33.6539 -17.7808 28.8626 -3.3141 -46.5049 -37.7039 -25.0717 31.6807 11.3028 -45.7048 -41.5374 -29.4773
-40.6886 -45.4778 11.7189 31.0300 -25.3215 -37.8661 -46.5719 -2.3291 29.2776 -18.1635 -33.8228 -44.1571 -35.3850 19.1224 1.1451 -29.6322 -40.7142 -46.5730 8.9750 33.5378 -23.7335 -36.8640 -46.1199 -9.1019 26.8775 -15.8832 -32.9353 -43.5112 -39.4121 17.3109 8.9727 -28.8066 -40.2359 -46.8026 8.0009 33.6674 -23.4608 -36.7877 -46.1288 -8.1705 27.4198 -16.7039 -33.3438 -43.9009 -36.5153 18.9896 0.3622 -29.8242 -40.8783 -46.9223 -14.0417 -46.9223 -40.8783 -29.8242 0.3622 18.9896 -36.5153 -43.9009 -33.3438 -16.7039 27.4198 -8.1705 -46.1288 -36.7877 -23.4608 33.6674 8.0009 -46.8026 -40.2359 -28.8066 8.9727 17.3109 -39.4121 -43.5112 -32.9353 -15.8832 26.8775 -9.1019 -46.1199 -36.8640 -23.7335 33.5378 8.9750 -46.5730 -40.7142 -29.6322 1.1451 19.1224 -35.3850 -44.1571 -33.8228 -18.1635 29.2776 -2.3291 -46.5719 -37.8661 -25.3215 31.0300 11.7189 -45.4778 -40.6886
-44.8119 12.1346 30.2635 -25.5707 -38.0286 -46.6358 -1.4035 29.6854 -18.5348 -33.9910 -44.2820 -34.3543 19.5159 -0.5188 -29.8165 -40.8614 -46.4622 9.3925 33.3868 -23.9631 -37.0027 -46.1866 -8.0813 27.1814 -16.1821 -33.0373 -43.5826 -39.0646 17.4742 8.2876 -28.8636 -40.2610 -46.7971 8.0009 33.6697 -23.4176 -36.7493 -46.1030 -8.6487 27.2406 -16.4942 -33.2530 -43.8235 -37.0946 18.7232 1.4653 -29.7469 -40.8990 -46.4682 7.5867 24.8178 7.5867 -46.4682 -40.8990 -29.7469 1.4653 18.7232 -37.0946 -43.8235 -33.2530 -16.4942 27.2406 -8.6487 -46.1030 -36.7493 -23.4176 33.6697 8.0009 -46.7971 -40.2610 -28.8636 8.2876 17.4742 -39.0646 -43.5826 -33.0373 -16.1821 27.1814 -8.0813 -46.1866 -37.0027 -23.9631 33.3868 9.3925 -46.4622 -40.8614 -29.8165 -0.5188 19.5159 -34.3543 -44.2820 -33.9910 -18.5348 29.6854 -1.4035 -46.6358 -38.0286 -25.5707 30.2635 12.1346 -44.8119
12.2405 29.3780 -25.8173 -38.1906 -46.6961 -0.5323 30.0872 -18.8938 -34.1591 -44.4054 -33.2567 19.9152 -2.0696 -29.9906 -41.0115 -46.3309 9.8140 33.1647 -24.2009 -37.1507 -46.2571 -7.0067 27.5218 -16.5136 -33.1561 -43.6683 -38.6110 17.6951 7.3289 -28.9549 -40.3088 -46.7805 8.0766 33.6674 -23.4176 -36.7366 -46.0903 -8.9529 27.1161 -16.3398 -33.1831 -43.7615 -37.5565 18.4810 2.5753 -29.6355 -40.8277 -46.4236 9.3554 33.6982 -13.8574 33.6982 9.3554 -46.4236 -40.8277 -29.6355 2.5753 18.4810 -37.5565 -43.7615 -33.1831 -16.3398 27.1161 -8.9529 -46.0903 -36.7366 -23.4176 33.6674 8.0766 -46.7805 -40.3088 -28.9549 7.3289 17.6951 -38.6110 -43.6683 -33.1561 -16.5136 27.5218 -7.0067 -46.2571 -37.1507 -24.2009 33.1647 9.8140 -46.3309 -41.0115 -29.9906 -2.0696 19.9152 -33.2567 -44.4054 -34.1591 -18.8938 30.0872 -0.5323 -46.6961 -38.1906 -25.8173 29.3780 12.2405
28.0446 -26.0627 -38.3526 -46.7528 0.2853 30.4817 -19.2433 -34.3274 -44.5264 -32.0982 20.3174 -3.4949 -30.1656 -41.1628 -46.1787 10.2424 32.8590 -24.4455 -37.3046 -46.3289 -5.9133 27.8906 -16.8717 -33.2896 -43.7656 -38.0501 17.9678 6.1241 -29.0778 -40.3787 -46.7519 8.2203 33.6583 -23.4608 -36.7493 -46.0903 -9.0551 27.0529 -16.2435 -33.1353 -43.7159 -37.9033 18.2813 3.5611 -29.5147 -40.7418 -46.4704 9.5746 33.3798 -23.0315 -32.2159 -23.0315 33.3798 9.5746 -46.4704 -40.7418 -29.5147 3.5611 18.2813 -37.9033 -43.7159 -33.1353 -16.2435 27.0529 -9.0551 -46.0903 -36.7493 -23.4608 33.6583 8.2203 -46.7519 -40.3787 -29.0778 6.1241 17.9678 -38.0501 -43.7656 -33.2896 -16.8717 27.8906 -5.9133 -46.3289 -37.3046 -24.4455 32.8590 10.2424 -46.1787 -41.1628 -30.1656 -3.4949 20.3174 -32.0982 -44.5264 -34.3274 -19.2433 30.4817 0.2853 -46.7528 -38.3526 -26.0627 28.0446
-25.4862 -38.5135 -46.8059 1.0575 30.8651 -19.5841 -34.4950 -44.6458 -30.8734 20.7202 -4.8004 -30.3396 -41.3138 -46.0049 10.6709 32.4597 -24.6962 -37.4626 -46.4007 -4.8384 28.2767 -17.2408 -33.4351 -43.8735 -37.3789 18.2863 4.7174 -29.2285 -40.4673 -46.7105 8.4271 33.6367 -23.5417 -36.7877 -46.1030 -8.9529 27.0529 -16.2098 -33.1101 -43.6882 -38.1368 18.1342 4.3467 -29.4047 -40.6644 -46.5289 9.4461 33.2587 -24.0368 -36.4980 -43.4562 -36.4980 -24.0368 33.2587 9.4461 -46.5289 -40.6644 -29.4047 4.3467 18.1342 -38.1368 -43.6882 -33.1101 -16.2098 27.0529 -8.9529 -46.1030 -36.7877 -23.5417 33.6367 8.4271 -46.7105 -40.4673 -29.2285 4.7174 18.2863 -37.3789 -43.8735 -33.4351 -17.2408 28.2767 -4.8384 -46.4007 -37.4626 -24.6962 32.4597 10.6709 -46.0049 -41.3138 -30.3396 -4.8004 20.7202 -30.8734 -44.6458 -34.4950 -19.5841 30.8651 1.0575 -46.8059 -38.5135 -25.4862
-37.6422 -46.8551 1.7896 31.2378 -19.9152 -34.6625 -44.7637 -29.5823 21.1257 -5.9903 -30.5133 -41.4639 -45.8095 11.0948 31.9638 -24.9490 -37.6236 -46.4712 -3.8000 28.6746 -17.6138 -33.5885 -43.9876 -36.6135 18.6346 3.1982 -29.4043 -40.5721 -46.6537 8.6862 33.5935 -23.6572 -36.8492 -46.1288 -8.6487 27.1161 -16.2435 -33.1101 -43.6789 -38.2520 18.0440 4.8895 -29.3238 -40.6037 -46.5779 9.2563 33.3147 -24.1661 -37.0880 -46.2887 -42.3092 -46.2887 -37.0880 -24.1661 33.3147 9.2564 -46.5779 -40.6037 -29.3238 4.8895 18.0440 -38.2520 -43.6789 -33.1101 -16.2435 27.1161 -8.6487 -46.1288 -36.8492 -23.6572 33.5935 8.6862 -46.6537 -40.5721 -29.4043 3.1982 18.6346 -36.6135 -43.9876 -33.5885 -17.6138 28.6746 -3.8000 -46.4712 -37.6236 -24.9490 31.9638 11.0948 -45.8095 -41.4639 -30.5133 -5.9903 21.1257 -29.5823 -44.7637 -34.6625 -19.9152 31.2378 1.7896 -46.8551 -37.6422
-46.1408 2.4796 31.5976 -20.2390 -34.8301 -44.8788 -28.2335 21.5341 -7.0804 -30.6866 -41.6132 -45.5923 11.5143 31.3660 -25.1982 -37.7852 -46.5392 -2.8057 29.0770 -17.9861 -33.7474 -44.1048 -35.7626 18.9904 1.6399 -29.5897 -40.6915 -46.5797 8.9918 33.5175 -23.8047 -36.9307 -46.1649 -8.1705 27.2406 -16.3398 -33.1353 -43.6882 -38.2520 18.0127 5.1688 -29.2751 -40.5631 -46.6124 9.0898 33.3923 -24.1115 -37.1673 -46.2869 -12.6733 15.2289 -12.6717 -46.2869 -37.1670 -24.1122 33.3923 9.0898 -46.6124 -40.5631 -29.2751 5.1688 18.0127 -38.2520 -43.6882 -33.1353 -16.3398 27.2406 -8.1705 -46.1649 -36.9307 -23.8047 33.5175 8.9918 -46.5797 -40.6915 -29.5897 1.6399 18.9904 -35.7626 -44.1048 -33.7474 -17.9861 29.0770 -2.8057 -46.5392 -37.7852 -25.1982 31.3660 11.5143 -45.5923 -41.6132 -30.6866 -7.0804 21.5341 -28.2335 -44.8788 -34.8301 -20.2390 31.5976 2.4796 -46.1408
2.6532 31.9381 -20.5557 -34.9968 -44.9919 -26.8252 21.9422 -8.0812 -30.8586 -41.7604 -45.3520 11.9292 30.6586 -25.4459 -37.9472 -46.6044 -1.8575 29.4822 -18.3525 -33.9099 -44.2239 -34.8209 19.3525 0.0967 -29.7596 -40.8205 -46.4872 9.3354 33.3948 -23.9784 -37.0307 -46.2101 -7.5348 27.4198 -16.4942 -33.1831 -43.7159 -38.1368 18.0440 5.1688 -29.2585 -40.5425 -46.6327 8.9707 33.4506 -24.0308 -37.1387 -46.2924 -7.2196 25.5845 19.4112 25.5852 -7.2177 -46.2924 -37.1385 -24.0318 33.4505 8.9714 -46.6327 -40.5425 -29.2585 5.1688 18.0440 -38.1368 -43.7159 -33.1831 -16.4942 27.4198 -7.5348 -46.2101 -37.0307 -23.9784 33.3948 9.3354 -46.4872 -40.8205 -29.7596 0.0967 19.3525 -34.8209 -44.2239 -33.9099 -18.3525 29.4822 -1.8575 -46.6044 -37.9472 -25.4459 30.6586 11.9292 -45.3520 -41.7604 -30.8586 -8.0812 21.9422 -26.8252 -44.9919 -34.9968 -20.5557 31.9381 2.6532
32.0138 -20.8636 -35.1632 -45.1029 -25.3663 22.3512 -8.9999 -31.0302 -41.9067 -45.0849 12.3413 29.8337 -25.6940 -38.1098 -46.6663 -0.9617 29.8880 -18.7153 -34.0756 -44.3444 -33.7964 19.7284 -1.3967 -29.9192 -40.9563 -46.3747 9.7042 33.2132 -24.1749 -37.1480 -46.2633 -6.7694 27.6517 -16.7039 -33.2530 -43.7615 -37.9033 18.1342 4.8895 -29.2751 -40.5425 -46.6394 8.9093 33.4851 -23.9658 -37.0960 -46.2759 -6.3772 27.5272 -14.6656 -27.7812 -14.6671 27.5287 -6.3664 -46.2765 -37.0972 -23.9670 33.4839 8.9102 -46.6394 -40.5425 -29.2751 4.8895 18.1342 -37.9033 -43.7615 -33.2530 -16.7039 27.6517 -6.7694 -46.2633 -37.1480 -24.1749 33.2132 9.7042 -46.3747 -40.9563 -29.9192 -1.3967 19.7284 -33.7964 -44.3444 -34.0756 -18.7153 29.8880 -0.9617 -46.6663 -38.1098 -25.6940 29.8337 12.3413 -45.0849 -41.9067 -31.0302 -8.9999 22.3512 -25.3663 -45.1029 -35.1632 -20.8636 32.0138
-20.6791 -35.3287 -45.2116 -23.8612 22.7644 -9.8487 -31.2024 -42.0531 -44.7900 12.7522 28.8852 -25.9407 -38.2715 -46.7248 -0.1187 30.2850 -19.0703 -34.2432 -44.4658 -32.6858 20.1178 -2.8214 -30.0846 -41.0970 -46.2418 10.0919 32.9607 -24.3873 -37.2773 -46.3223 -5.9191 27.9296 -16.9586 -33.3438 -43.8235 -37.5565 18.2813 4.3467 -29.3238 -40.5631 -46.6327 8.9093 33.4968 -23.9228 -37.0574 -46.2604 -6.4009 27.8277 -16.6169 -32.5324 -39.7029 -32.5238 -16.6042 27.8315 -6.4082 -46.2544 -37.0637 -23.9353 33.4931 8.9100 -46.6327 -40.5631 -29.3238 4.3467 18.2813 -37.5565 -43.8235 -33.3438 -16.9586 27.9296 -5.9191 -46.3223 -37.2773 -24.3873 32.9607 10.0919 -46.2418 -41.0970 -30.0846 -2.8214 20.1178 -32.6858 -44.4658 -34.2432 -19.0703 30.2850 -0.1187 -46.7248 -38.2715 -25.9407 28.8852 12.7522 -44.7900 -42.0531 -31.2024 -9.8487 22.7644 -23.8612 -45.2116 -35.3287 -20.6791
-34.4350 -45.3176 -22.3194 23.1783 -10.6332 -31.3733 -42.1971 -44.4694 13.1590 27.8162 -26.1836 -38.4314 -46.7792 0.6705 30.6697 -19.4118 -34.4092 -44.5852 -31.5036 20.5133 -4.1531 -30.2525 -41.2410 -46.0873 10.4868 32.6272 -24.6101 -37.4159 -46.3841 -5.0186 28.2425 -17.2454 -33.4533 -43.9009 -37.0946 18.4810 3.5611 -29.4047 -40.6037 -46.6124 8.9707 33.4852 -23.9226 -37.0013 -46.1859 -6.6883 27.9844 -16.9568 -33.2881 -43.5736 -47.7106 -43.4850 -33.2597 -16.9726 27.9088 -6.7214 -46.1811 -37.0753 -23.9755 33.4825 8.9712 -46.6124 -40.6037 -29.4047 3.5611 18.4810 -37.0946 -43.9009 -33.4533 -17.2454 28.2425 -5.0186 -46.3841 -37.4159 -24.6101 32.6272 10.4868 -46.0873 -41.2410 -30.2525 -4.1531 20.5133 -31.5036 -44.5852 -34.4092 -19.4118 30.6697 0.6705 -46.7792 -38.4314 -26.1836 27.8162 13.1590 -44.4694 -42.1971 -31.3733 -10.6332 23.1783 -22.3194 -45.3176 -34.4350
-44.5262 -20.7660 23.5901 -11.3596 -31.5421 -42.3389 -44.1213 13.5607 26.6225 -26.4235 -38.5895 -46.8294 1.4088 31.0416 -19.7416 -34.5737 -44.7023 -30.2703 20.9102 -5.3784 -30.4218 -41.3864 -45.9103 10.8899 32.2038 -24.8401 -37.5612 -46.4473 -4.1062 28.5789 -17.5523 -33.5764 -43.9886 -36.5153 18.7232 2.5753 -29.5147 -40.6644 -46.5779 9.0898 33.4508 -23.9654 -37.0593 -46.2900 -6.4744 27.8526 -17.1039 -33.4420 -43.8386 -40.8193 5.2194 -41.2698 -43.7143 -33.3686 -16.8979 27.8120 -7.1230 -46.3099 -37.0690 -23.9697 33.4507 9.0897 -46.5779 -40.6644 -29.5147 2.5753 18.7232 -36.5153 -43.9886 -33.5764 -17.5523 28.5789 -4.1062 -46.4473 -37.5612 -24.8401 32.2038 10.8899 -45.9103 -41.3864 -30.4218 -5.3784 20.9102 -30.2703 -44.7023 -34.5737 -19.7416 31.0416 1.4088 -46.8294 -38.5895 -26.4235 26.6225 13.5607 -44.1213 -42.3389 -31.5421 -11.3596 23.5901 -20.7660 -44.5262
-20.1241 24.0006 -12.0309 -31.7079 -42.4789 -43.7478 13.9543 25.3114 -26.6593 -38.7461 -46.8739 2.0976 31.3977 -20.0595 -34.7364 -44.8163 -28.9966 21.3049 -6.4851 -30.5900 -41.5307 -45.7140 11.2910 31.6879 -25.0739 -37.7089 -46.5103 -3.2067 28.9304 -17.8696 -33.7066 -44.0834 -35.8401 18.9896 1.4653 -29.6355 -40.7418 -46.5289 9.2563 33.3925 -24.0306 -37.0952 -46.2544 -6.5068 27.7280 -17.0693 -33.3610 -43.7414 -38.2300 16.1154 32.6953 16.2286 -38.0582 -43.8292 -33.3527 -16.8422 27.5926 -6.9444 -46.2724 -37.0985 -24.0310 33.3925 9.2563 -46.5289 -40.7418 -29.6355 1.4653 18.9896 -35.8401 -44.0834 -33.7066 -17.8696 28.9304 -3.2067 -46.5103 -37.7089 -25.0739 31.6879 11.2910 -45.7140 -41.5307 -30.5900 -6.4851 21.3049 -28.9966 -44.8163 -34.7364 -20.0595 31.3977 2.0976 -46.8739 -38.7461 -26.6593 25.3114 13.9543 -43.7478 -42.4789 -31.7079 -12.0309 24.0006 -20.1241
