0.0001 0.0012 0.0183 0.2856 1.0000 0.0000 0.0005 0.0084 0.1304 1.0000 1.0000 0.0002 0.0038 0.0594 0.9232 1.0000 0.0001 0.0017 0.0271 0.4201 1.0000 0.0001 0.0008 0.0123 0.1915 1.0000 1.0000 0.0004 0.0056 0.0872 1.0000 1.0000 0.0002 0.0026 0.0397 0.6181 1.0000 0.0001 0.0012 0.0181 0.2813 1.0000 0.0000 0.0005 0.0082 0.1280 1.0000 1.0000 0.0002 0.0029 0.0164 0.0029 0.0002 1.0000 1.0000 0.1280 0.0082 0.0005 0.0000 1.0000 0.2813 0.0181 0.0012 0.0001 1.0000 0.6181 0.0397 0.0026 0.0002 1.0000 1.0000 0.0872 0.0056 0.0004 1.0000 1.0000 0.1915 0.0123 0.0008 0.0001 1.0000 0.4201 0.0271 0.0017 0.0001 1.0000 0.9232 0.0594 0.0038 0.0002 1.0000 1.0000 0.1304 0.0084 0.0005 0.0000 1.0000 0.2856 0.0183 0.0012 0.0001
0.0012 0.0185 0.2856 1.0000 0.0000 0.0005 0.0083 0.1290 1.0000 1.0000 0.0002 0.0038 0.0587 0.9128 1.0000 0.0001 0.0017 0.0268 0.4161 1.0000 0.0001 0.0008 0.0122 0.1894 1.0000 1.0000 0.0004 0.0056 0.0863 1.0000 1.0000 0.0002 0.0025 0.0393 0.6111 1.0000 0.0001 0.0012 0.0179 0.2786 1.0000 0.0000 0.0005 0.0082 0.1268 1.0000 1.0000 0.0002 0.0035 0.0447 0.2504 0.0447 0.0035 0.0002 1.0000 1.0000 0.1268 0.0082 0.0005 0.0000 1.0000 0.2786 0.0179 0.0012 0.0001 1.0000 0.6111 0.0393 0.0025 0.0002 1.0000 1.0000 0.0863 0.0056 0.0004 1.0000 1.0000 0.1894 0.0122 0.0008 0.0001 1.0000 0.4161 0.0268 0.0017 0.0001 1.0000 0.9128 0.0587 0.0038 0.0002 1.0000 1.0000 0.1290 0.0083 0.0005 0.0000 1.0000 0.2856 0.0185 0.0012
0.0183 0.2856 1.0000 0.0000 0.0005 0.0080 0.1246 1.0000 1.0000 0.0002 0.0036 0.0564 0.8770 1.0000 0.0001 0.0017 0.0257 0.3998 1.0000 0.0000 0.0008 0.0117 0.1820 1.0000 1.0000 0.0003 0.0053 0.0828 1.0000 1.0000 0.0002 0.0024 0.0377 0.5871 1.0000 0.0001 0.0011 0.0172 0.2672 1.0000 1.0000 0.0005 0.0078 0.1218 1.0000 1.0000 0.0002 0.0035 0.0518 0.6695 1.0000 0.6695 0.0518 0.0035 0.0002 1.0000 1.0000 0.1218 0.0078 0.0005 1.0000 1.0000 0.2672 0.0172 0.0011 0.0001 1.0000 0.5871 0.0377 0.0024 0.0002 1.0000 1.0000 0.0828 0.0053 0.0003 1.0000 1.0000 0.1820 0.0117 0.0008 0.0000 1.0000 0.3998 0.0257 0.0017 0.0001 1.0000 0.8770 0.0564 0.0036 0.0002 1.0000 1.0000 0.1246 0.0080 0.0005 0.0000 1.0000 0.2856 0.0183
0.2856 1.0000 0.0000 0.0005 0.0079 0.1213 1.0000 1.0000 0.0002 0.0035 0.0543 0.8443 1.0000 0.0001 0.0016 0.0247 0.3842 1.0000 0.0000 0.0007 0.0112 0.1748 1.0000 1.0000 0.0003 0.0051 0.0796 1.0000 1.0000 0.0001 0.0023 0.0363 0.5641 1.0000 0.0001 0.0011 0.0165 0.2567 1.0000 1.0000 0.0005 0.0075 0.1170 1.0000 1.0000 0.0002 0.0034 0.0523 0.7736 1.0000 1.0000 1.0000 0.7736 0.0523 0.0034 0.0002 1.0000 1.0000 0.1170 0.0075 0.0005 1.0000 1.0000 0.2567 0.0165 0.0011 0.0001 1.0000 0.5641 0.0363 0.0023 0.0001 1.0000 1.0000 0.0796 0.0051 0.0003 1.0000 1.0000 0.1748 0.0112 0.0007 0.0000 1.0000 0.3842 0.0247 0.0016 0.0001 1.0000 0.8443 0.0543 0.0035 0.0002 1.0000 1.0000 0.1213 0.0079 0.0005 0.0000 1.0000 0.2856
1.0000 0.0000 0.0005 0.0079 0.1202 1.0000 1.0000 0.0002 0.0034 0.0526 0.8143 1.0000 0.0001 0.0015 0.0237 0.3692 1.0000 0.0000 0.0007 0.0108 0.1677 1.0000 1.0000 0.0003 0.0049 0.0764 1.0000 1.0000 0.0001 0.0022 0.0348 0.5410 1.0000 0.0001 0.0010 0.0159 0.2467 1.0000 1.0000 0.0005 0.0072 0.1122 1.0000 1.0000 0.0002 0.0033 0.0508 0.7795 1.0000 0.0001 0.0004 0.0001 1.0000 0.7795 0.0508 0.0033 0.0002 1.0000 1.0000 0.1122 0.0072 0.0005 1.0000 1.0000 0.2467 0.0159 0.0010 0.0001 1.0000 0.5410 0.0348 0.0022 0.0001 1.0000 1.0000 0.0764 0.0049 0.0003 1.0000 1.0000 0.1677 0.0108 0.0007 0.0000 1.0000 0.3692 0.0237 0.0015 0.0001 1.0000 0.8143 0.0526 0.0034 0.0002 1.0000 1.0000 0.1202 0.0079 0.0005 0.0000 1.0000
0.0000 0.0005 0.0080 0.1213 1.0000 1.0000 0.0002 0.0033 0.0512 0.7899 1.0000 0.0001 0.0015 0.0228 0.3554 1.0000 0.0000 0.0007 0.0104 0.1611 1.0000 1.0000 0.0003 0.0047 0.0734 1.0000 1.0000 0.0001 0.0021 0.0334 0.5198 1.0000 0.0001 0.0010 0.0152 0.2366 1.0000 1.0000 0.0004 0.0069 0.1078 1.0000 1.0000 0.0002 0.0032 0.0490 0.7590 1.0000 0.0001 0.0011 0.0062 0.0011 0.0001 1.0000 0.7590 0.0490 0.0032 0.0002 1.0000 1.0000 0.1078 0.0069 0.0004 1.0000 1.0000 0.2366 0.0152 0.0010 0.0001 1.0000 0.5198 0.0334 0.0021 0.0001 1.0000 1.0000 0.0734 0.0047 0.0003 1.0000 1.0000 0.1611 0.0104 0.0007 0.0000 1.0000 0.3554 0.0228 0.0015 0.0001 1.0000 0.7899 0.0512 0.0033 0.0002 1.0000 1.0000 0.1213 0.0080 0.0005 0.0000
0.0005 0.0083 0.1246 1.0000 1.0000 0.0002 0.0033 0.0504 0.7750 1.0000 0.0001 0.0014 0.0221 0.3428 1.0000 0.0000 0.0006 0.0100 0.1551 1.0000 1.0000 0.0003 0.0045 0.0704 1.0000 1.0000 0.0001 0.0021 0.0321 0.4995 1.0000 0.0001 0.0009 0.0146 0.2273 1.0000 1.0000 0.0004 0.0067 0.1036 1.0000 1.0000 0.0002 0.0030 0.0472 0.7321 1.0000 0.0001 0.0013 0.0167 0.0930 0.0167 0.0013 0.0001 1.0000 0.7321 0.0472 0.0030 0.0002 1.0000 1.0000 0.1036 0.0067 0.0004 1.0000 1.0000 0.2273 0.0146 0.0009 0.0001 1.0000 0.4995 0.0321 0.0021 0.0001 1.0000 1.0000 0.0704 0.0045 0.0003 1.0000 1.0000 0.1551 0.0100 0.0006 0.0000 1.0000 0.3428 0.0221 0.0014 0.0001 1.0000 0.7750 0.0504 0.0033 0.0002 1.0000 1.0000 0.1246 0.0083 0.0005
0.0084 0.1290 1.0000 1.0000 0.0002 0.0033 0.0504 0.7692 1.0000 0.0001 0.0014 0.0215 0.3325 1.0000 0.0000 0.0006 0.0096 0.1493 1.0000 1.0000 0.0003 0.0044 0.0677 1.0000 1.0000 0.0001 0.0020 0.0308 0.4790 1.0000 0.0001 0.0009 0.0140 0.2184 1.0000 1.0000 0.0004 0.0064 0.0994 1.0000 1.0000 0.0002 0.0029 0.0453 0.7034 1.0000 0.0001 0.0013 0.0193 0.2495 1.0000 0.2495 0.0193 0.0013 0.0001 1.0000 0.7034 0.0453 0.0029 0.0002 1.0000 1.0000 0.0994 0.0064 0.0004 1.0000 1.0000 0.2184 0.0140 0.0009 0.0001 1.0000 0.4790 0.0308 0.0020 0.0001 1.0000 1.0000 0.0677 0.0044 0.0003 1.0000 1.0000 0.1493 0.0096 0.0006 0.0000 1.0000 0.3325 0.0215 0.0014 0.0001 1.0000 0.7692 0.0504 0.0033 0.0002 1.0000 1.0000 0.1290 0.0084
0.1304 1.0000 1.0000 0.0002 0.0034 0.0512 0.7750 1.0000 0.0001 0.0014 0.0211 0.3250 1.0000 0.0000 0.0006 0.0093 0.1440 1.0000 1.0000 0.0003 0.0042 0.0652 1.0000 1.0000 0.0001 0.0019 0.0296 0.4603 1.0000 0.0001 0.0009 0.0135 0.2098 1.0000 1.0000 0.0004 0.0061 0.0955 1.0000 1.0000 0.0002 0.0028 0.0435 0.6759 1.0000 0.0001 0.0013 0.0194 0.2877 1.0000 1.0000 1.0000 0.2877 0.0194 0.0013 0.0001 1.0000 0.6759 0.0435 0.0028 0.0002 1.0000 1.0000 0.0955 0.0061 0.0004 1.0000 1.0000 0.2098 0.0135 0.0009 0.0001 1.0000 0.4603 0.0296 0.0019 0.0001 1.0000 1.0000 0.0652 0.0042 0.0003 1.0000 1.0000 0.1440 0.0093 0.0006 0.0000 1.0000 0.3250 0.0211 0.0014 0.0001 1.0000 0.7750 0.0512 0.0034 0.0002 1.0000 1.0000 0.1304
1.0000 1.0000 0.0002 0.0035 0.0526 0.7899 1.0000 0.0001 0.0014 0.0210 0.3213 1.0000 0.0000 0.0006 0.0090 0.1397 1.0000 1.0000 0.0003 0.0040 0.0627 0.9737 1.0000 0.0001 0.0018 0.0284 0.4423 1.0000 0.0001 0.0008 0.0129 0.2012 1.0000 1.0000 0.0004 0.0059 0.0918 1.0000 1.0000 0.0002 0.0027 0.0418 0.6494 1.0000 0.0001 0.0012 0.0189 0.2899 1.0000 1.0000 0.0002 1.0000 1.0000 0.2899 0.0189 0.0012 0.0001 1.0000 0.6494 0.0418 0.0027 0.0002 1.0000 1.0000 0.0918 0.0059 0.0004 1.0000 1.0000 0.2012 0.0129 0.0008 0.0001 1.0000 0.4423 0.0284 0.0018 0.0001 1.0000 0.9737 0.0627 0.0040 0.0003 1.0000 1.0000 0.1397 0.0090 0.0006 0.0000 1.0000 0.3213 0.0210 0.0014 0.0001 1.0000 0.7899 0.0526 0.0035 0.0002 1.0000 1.0000
1.0000 0.0002 0.0036 0.0543 0.8143 1.0000 0.0001 0.0014 0.0211 0.3213 1.0000 0.0000 0.0006 0.0088 0.1363 1.0000 1.0000 0.0003 0.0039 0.0605 0.9392 1.0000 0.0001 0.0018 0.0274 0.4249 1.0000 0.0001 0.0008 0.0124 0.1934 1.0000 1.0000 0.0004 0.0057 0.0880 1.0000 1.0000 0.0002 0.0026 0.0401 0.6240 1.0000 0.0001 0.0012 0.0182 0.2823 1.0000 1.0000 0.0004 0.0023 0.0004 1.0000 1.0000 0.2823 0.0182 0.0012 0.0001 1.0000 0.6240 0.0401 0.0026 0.0002 1.0000 1.0000 0.0880 0.0057 0.0004 1.0000 1.0000 0.1934 0.0124 0.0008 0.0001 1.0000 0.4249 0.0274 0.0018 0.0001 1.0000 0.9392 0.0605 0.0039 0.0003 1.0000 1.0000 0.1363 0.0088 0.0006 0.0000 1.0000 0.3213 0.0211 0.0014 0.0001 1.0000 0.8143 0.0543 0.0036 0.0002 1.0000
0.0002 0.0038 0.0564 0.8443 1.0000 0.0001 0.0014 0.0215 0.3250 1.0000 0.0000 0.0006 0.0088 0.1342 1.0000 1.0000 0.0002 0.0038 0.0587 0.9076 1.0000 0.0001 0.0017 0.0264 0.4091 1.0000 0.0000 0.0008 0.0119 0.1858 1.0000 1.0000 0.0003 0.0054 0.0845 1.0000 1.0000 0.0002 0.0025 0.0385 0.5995 1.0000 0.0001 0.0011 0.0175 0.2723 1.0000 1.0000 0.0005 0.0062 0.0346 0.0062 0.0005 1.0000 1.0000 0.2723 0.0175 0.0011 0.0001 1.0000 0.5995 0.0385 0.0025 0.0002 1.0000 1.0000 0.0845 0.0054 0.0003 1.0000 1.0000 0.1858 0.0119 0.0008 0.0000 1.0000 0.4091 0.0264 0.0017 0.0001 1.0000 0.9076 0.0587 0.0038 0.0002 1.0000 1.0000 0.1342 0.0088 0.0006 0.0000 1.0000 0.3250 0.0215 0.0014 0.0001 1.0000 0.8443 0.0564 0.0038 0.0002
0.0038 0.0587 0.8770 1.0000 0.0001 0.0015 0.0221 0.3325 1.0000 0.0000 0.0006 0.0088 0.1335 1.0000 1.0000 0.0002 0.0037 0.0571 0.8837 1.0000 0.0001 0.0016 0.0254 0.3946 1.0000 0.0000 0.0007 0.0115 0.1785 1.0000 1.0000 0.0003 0.0052 0.0812 1.0000 1.0000 0.0002 0.0024 0.0370 0.5750 1.0000 0.0001 0.0011 0.0169 0.2616 1.0000 1.0000 0.0005 0.0072 0.0928 0.5169 0.0928 0.0072 0.0005 1.0000 1.0000 0.2616 0.0169 0.0011 0.0001 1.0000 0.5750 0.0370 0.0024 0.0002 1.0000 1.0000 0.0812 0.0052 0.0003 1.0000 1.0000 0.1785 0.0115 0.0007 0.0000 1.0000 0.3946 0.0254 0.0016 0.0001 1.0000 0.8837 0.0571 0.0037 0.0002 1.0000 1.0000 0.1335 0.0088 0.0006 0.0000 1.0000 0.3325 0.0221 0.0015 0.0001 1.0000 0.8770 0.0587 0.0038
0.0594 0.9128 1.0000 0.0001 0.0015 0.0228 0.3428 1.0000 0.0000 0.0006 0.0088 0.1342 1.0000 1.0000 0.0002 0.0037 0.0561 0.8638 1.0000 0.0001 0.0016 0.0246 0.3813 1.0000 0.0000 0.0007 0.0111 0.1719 1.0000 1.0000 0.0003 0.0050 0.0781 1.0000 1.0000 0.0001 0.0023 0.0355 0.5525 1.0000 0.0001 0.0010 0.0162 0.2514 1.0000 1.0000 0.0005 0.0072 0.1072 1.0000 1.0000 1.0000 0.1072 0.0072 0.0005 1.0000 1.0000 0.2514 0.0162 0.0010 0.0001 1.0000 0.5525 0.0355 0.0023 0.0001 1.0000 1.0000 0.0781 0.0050 0.0003 1.0000 1.0000 0.1719 0.0111 0.0007 0.0000 1.0000 0.3813 0.0246 0.0016 0.0001 1.0000 0.8638 0.0561 0.0037 0.0002 1.0000 1.0000 0.1342 0.0088 0.0006 0.0000 1.0000 0.3428 0.0228 0.0015 0.0001 1.0000 0.9128 0.0594
0.9232 1.0000 0.0001 0.0016 0.0237 0.3554 1.0000 0.0000 0.0006 0.0090 0.1363 1.0000 1.0000 0.0002 0.0036 0.0555 0.8507 1.0000 0.0001 0.0016 0.0240 0.3706 1.0000 0.0000 0.0007 0.0107 0.1658 1.0000 1.0000 0.0003 0.0048 0.0750 1.0000 1.0000 0.0001 0.0022 0.0341 0.5308 1.0000 0.0001 0.0010 0.0155 0.2416 1.0000 1.0000 0.0005 0.0070 0.1078 1.0000 1.0000 0.0001 1.0000 1.0000 0.1078 0.0070 0.0005 1.0000 1.0000 0.2416 0.0155 0.0010 0.0001 1.0000 0.5308 0.0341 0.0022 0.0001 1.0000 1.0000 0.0750 0.0048 0.0003 1.0000 1.0000 0.1658 0.0107 0.0007 0.0000 1.0000 0.3706 0.0240 0.0016 0.0001 1.0000 0.8507 0.0555 0.0036 0.0002 1.0000 1.0000 0.1363 0.0090 0.0006 0.0000 1.0000 0.3554 0.0237 0.0016 0.0001 1.0000 0.9232
1.0000 0.0001 0.0017 0.0247 0.3692 1.0000 0.0000 0.0006 0.0093 0.1397 1.0000 1.0000 0.0002 0.0037 0.0555 0.8475 1.0000 0.0001 0.0015 0.0235 0.3615 1.0000 0.0000 0.0007 0.0103 0.1602 1.0000 1.0000 0.0003 0.0047 0.0722 1.0000 1.0000 0.0001 0.0021 0.0328 0.5101 1.0000 0.0001 0.0010 0.0149 0.2321 1.0000 1.0000 0.0004 0.0068 0.1050 1.0000 1.0000 0.0002 0.0009 0.0002 1.0000 1.0000 0.1050 0.0068 0.0004 1.0000 1.0000 0.2321 0.0149 0.0010 0.0001 1.0000 0.5101 0.0328 0.0021 0.0001 1.0000 1.0000 0.0722 0.0047 0.0003 1.0000 1.0000 0.1602 0.0103 0.0007 0.0000 1.0000 0.3615 0.0235 0.0015 0.0001 1.0000 0.8475 0.0555 0.0037 0.0002 1.0000 1.0000 0.1397 0.0093 0.0006 0.0000 1.0000 0.3692 0.0247 0.0017 0.0001 1.0000
0.0001 0.0017 0.0257 0.3842 1.0000 0.0000 0.0006 0.0096 0.1440 1.0000 1.0000 0.0002 0.0037 0.0561 0.8507 1.0000 0.0001 0.0015 0.0232 0.3554 1.0000 0.0000 0.0007 0.0100 0.1554 1.0000 1.0000 0.0003 0.0045 0.0696 1.0000 1.0000 0.0001 0.0020 0.0315 0.4901 1.0000 0.0001 0.0009 0.0143 0.2230 1.0000 1.0000 0.0004 0.0065 0.1013 1.0000 1.0000 0.0002 0.0023 0.0129 0.0023 0.0002 1.0000 1.0000 0.1013 0.0065 0.0004 1.0000 1.0000 0.2230 0.0143 0.0009 0.0001 1.0000 0.4901 0.0315 0.0020 0.0001 1.0000 1.0000 0.0696 0.0045 0.0003 1.0000 1.0000 0.1554 0.0100 0.0007 0.0000 1.0000 0.3554 0.0232 0.0015 0.0001 1.0000 0.8507 0.0561 0.0037 0.0002 1.0000 1.0000 0.1440 0.0096 0.0006 0.0000 1.0000 0.3842 0.0257 0.0017 0.0001
0.0017 0.0268 0.3998 1.0000 0.0000 0.0007 0.0100 0.1493 1.0000 1.0000 0.0003 0.0038 0.0571 0.8638 1.0000 0.0001 0.0015 0.0230 0.3520 1.0000 0.0000 0.0006 0.0098 0.1513 1.0000 1.0000 0.0003 0.0043 0.0672 1.0000 1.0000 0.0001 0.0020 0.0303 0.4709 1.0000 0.0001 0.0009 0.0138 0.2139 1.0000 1.0000 0.0004 0.0063 0.0973 1.0000 1.0000 0.0002 0.0027 0.0345 0.1923 0.0345 0.0027 0.0002 1.0000 1.0000 0.0973 0.0063 0.0004 1.0000 1.0000 0.2139 0.0138 0.0009 0.0001 1.0000 0.4709 0.0303 0.0020 0.0001 1.0000 1.0000 0.0672 0.0043 0.0003 1.0000 1.0000 0.1513 0.0098 0.0006 0.0000 1.0000 0.3520 0.0230 0.0015 0.0001 1.0000 0.8638 0.0571 0.0038 0.0003 1.0000 1.0000 0.1493 0.0100 0.0007 0.0000 1.0000 0.3998 0.0268 0.0017
0.0271 0.4161 1.0000 0.0000 0.0007 0.0104 0.1551 1.0000 1.0000 0.0003 0.0039 0.0587 0.8837 1.0000 0.0001 0.0015 0.0232 0.3520 1.0000 0.0000 0.0006 0.0097 0.1484 1.0000 1.0000 0.0003 0.0042 0.0652 1.0000 1.0000 0.0001 0.0019 0.0292 0.4533 1.0000 0.0001 0.0009 0.0132 0.2055 1.0000 1.0000 0.0004 0.0060 0.0935 1.0000 1.0000 0.0002 0.0027 0.0399 0.5149 1.0000 0.5149 0.0399 0.0027 0.0002 1.0000 1.0000 0.0935 0.0060 0.0004 1.0000 1.0000 0.2055 0.0132 0.0009 0.0001 1.0000 0.4533 0.0292 0.0019 0.0001 1.0000 1.0000 0.0652 0.0042 0.0003 1.0000 1.0000 0.1484 0.0097 0.0006 0.0000 1.0000 0.3520 0.0232 0.0015 0.0001 1.0000 0.8837 0.0587 0.0039 0.0003 1.0000 1.0000 0.1551 0.0104 0.0007 0.0000 1.0000 0.4161 0.0271
0.4201 1.0000 0.0000 0.0007 0.0108 0.1611 1.0000 1.0000 0.0003 0.0040 0.0605 0.9076 1.0000 0.0001 0.0016 0.0235 0.3554 1.0000 0.0000 0.0006 0.0096 0.1468 1.0000 1.0000 0.0003 0.0041 0.0634 0.9793 1.0000 0.0001 0.0018 0.0282 0.4372 1.0000 0.0001 0.0008 0.0127 0.1978 1.0000 1.0000 0.0004 0.0058 0.0899 1.0000 1.0000 0.0002 0.0026 0.0401 0.5950 1.0000 1.0000 1.0000 0.5950 0.0401 0.0026 0.0002 1.0000 1.0000 0.0899 0.0058 0.0004 1.0000 1.0000 0.1978 0.0127 0.0008 0.0001 1.0000 0.4372 0.0282 0.0018 0.0001 1.0000 0.9793 0.0634 0.0041 0.0003 1.0000 1.0000 0.1468 0.0096 0.0006 0.0000 1.0000 0.3554 0.0235 0.0016 0.0001 1.0000 0.9076 0.0605 0.0040 0.0003 1.0000 1.0000 0.1611 0.0108 0.0007 0.0000 1.0000 0.4201
1.0000 0.0001 0.0008 0.0112 0.1677 1.0000 1.0000 0.0003 0.0042 0.0627 0.9392 1.0000 0.0001 0.0016 0.0240 0.3615 1.0000 0.0000 0.0006 0.0096 0.1459 1.0000 1.0000 0.0003 0.0040 0.0620 0.9572 1.0000 0.0001 0.0018 0.0273 0.4233 1.0000 0.0001 0.0008 0.0123 0.1904 1.0000 1.0000 0.0004 0.0056 0.0863 1.0000 1.0000 0.0002 0.0025 0.0391 0.5995 1.0000 0.0001 0.0003 0.0001 1.0000 0.5995 0.0391 0.0025 0.0002 1.0000 1.0000 0.0863 0.0056 0.0004 1.0000 1.0000 0.1904 0.0123 0.0008 0.0001 1.0000 0.4233 0.0273 0.0018 0.0001 1.0000 0.9572 0.0620 0.0040 0.0003 1.0000 1.0000 0.1459 0.0096 0.0006 0.0000 1.0000 0.3615 0.0240 0.0016 0.0001 1.0000 0.9392 0.0627 0.0042 0.0003 1.0000 1.0000 0.1677 0.0112 0.0008 0.0001 1.0000
0.0001 0.0008 0.0117 0.1748 1.0000 1.0000 0.0003 0.0044 0.0652 0.9737 1.0000 0.0001 0.0016 0.0246 0.3706 1.0000 0.0000 0.0006 0.0097 0.1468 1.0000 1.0000 0.0003 0.0040 0.0611 0.9392 1.0000 0.0001 0.0017 0.0266 0.4106 1.0000 0.0000 0.0008 0.0119 0.1837 1.0000 1.0000 0.0003 0.0053 0.0831 1.0000 1.0000 0.0002 0.0024 0.0377 0.5838 1.0000 0.0001 0.0009 0.0048 0.0009 0.0001 1.0000 0.5838 0.0377 0.0024 0.0002 1.0000 1.0000 0.0831 0.0053 0.0003 1.0000 1.0000 0.1837 0.0119 0.0008 0.0000 1.0000 0.4106 0.0266 0.0017 0.0001 1.0000 0.9392 0.0611 0.0040 0.0003 1.0000 1.0000 0.1468 0.0097 0.0006 0.0000 1.0000 0.3706 0.0246 0.0016 0.0001 1.0000 0.9737 0.0652 0.0044 0.0003 1.0000 1.0000 0.1748 0.0117 0.0008 0.0001
0.0008 0.0122 0.1820 1.0000 1.0000 0.0003 0.0045 0.0677 1.0000 1.0000 0.0001 0.0017 0.0254 0.3813 1.0000 0.0000 0.0007 0.0098 0.1484 1.0000 1.0000 0.0003 0.0040 0.0606 0.9285 1.0000 0.0001 0.0017 0.0260 0.3998 1.0000 0.0000 0.0007 0.0115 0.1775 1.0000 1.0000 0.0003 0.0052 0.0800 1.0000 1.0000 0.0002 0.0023 0.0363 0.5631 1.0000 0.0001 0.0010 0.0128 0.0715 0.0128 0.0010 0.0001 1.0000 0.5631 0.0363 0.0023 0.0002 1.0000 1.0000 0.0800 0.0052 0.0003 1.0000 1.0000 0.1775 0.0115 0.0007 0.0000 1.0000 0.3998 0.0260 0.0017 0.0001 1.0000 0.9285 0.0606 0.0040 0.0003 1.0000 1.0000 0.1484 0.0098 0.0007 0.0000 1.0000 0.3813 0.0254 0.0017 0.0001 1.0000 1.0000 0.0677 0.0045 0.0003 1.0000 1.0000 0.1820 0.0122 0.0008
0.0123 0.1894 1.0000 1.0000 0.0003 0.0047 0.0704 1.0000 1.0000 0.0001 0.0018 0.0264 0.3946 1.0000 0.0000 0.0007 0.0100 0.1513 1.0000 1.0000 0.0003 0.0040 0.0606 0.9250 1.0000 0.0001 0.0017 0.0255 0.3923 1.0000 0.0000 0.0007 0.0111 0.1722 1.0000 1.0000 0.0003 0.0050 0.0772 1.0000 1.0000 0.0001 0.0022 0.0349 0.5421 1.0000 0.0001 0.0010 0.0148 0.1919 1.0000 0.1919 0.0148 0.0010 0.0001 1.0000 0.5421 0.0349 0.0022 0.0001 1.0000 1.0000 0.0772 0.0050 0.0003 1.0000 1.0000 0.1722 0.0111 0.0007 0.0000 1.0000 0.3923 0.0255 0.0017 0.0001 1.0000 0.9250 0.0606 0.0040 0.0003 1.0000 1.0000 0.1513 0.0100 0.0007 0.0000 1.0000 0.3946 0.0264 0.0018 0.0001 1.0000 1.0000 0.0704 0.0047 0.0003 1.0000 1.0000 0.1894 0.0123
0.1915 1.0000 1.0000 0.0003 0.0049 0.0734 1.0000 1.0000 0.0001 0.0018 0.0274 0.4091 1.0000 0.0000 0.0007 0.0103 0.1554 1.0000 1.0000 0.0003 0.0040 0.0611 0.9285 1.0000 0.0001 0.0016 0.0252 0.3864 1.0000 0.0000 0.0007 0.0109 0.1677 1.0000 1.0000 0.0003 0.0048 0.0744 1.0000 1.0000 0.0001 0.0022 0.0335 0.5218 1.0000 0.0001 0.0010 0.0150 0.2217 1.0000 1.0000 1.0000 0.2217 0.0150 0.0010 0.0001 1.0000 0.5218 0.0335 0.0022 0.0001 1.0000 1.0000 0.0744 0.0048 0.0003 1.0000 1.0000 0.1677 0.0109 0.0007 0.0000 1.0000 0.3864 0.0252 0.0016 0.0001 1.0000 0.9285 0.0611 0.0040 0.0003 1.0000 1.0000 0.1554 0.0103 0.0007 0.0000 1.0000 0.4091 0.0274 0.0018 0.0001 1.0000 1.0000 0.0734 0.0049 0.0003 1.0000 1.0000 0.1915
1.0000 1.0000 0.0003 0.0051 0.0764 1.0000 1.0000 0.0001 0.0019 0.0284 0.4249 1.0000 0.0000 0.0007 0.0107 0.1602 1.0000 1.0000 0.0003 0.0041 0.0620 0.9392 1.0000 0.0001 0.0016 0.0251 0.3842 1.0000 0.0000 0.0007 0.0106 0.1639 1.0000 1.0000 0.0003 0.0047 0.0722 1.0000 1.0000 0.0001 0.0021 0.0324 0.5024 1.0000 0.0001 0.0009 0.0146 0.2239 1.0000 1.0000 0.0001 1.0000 1.0000 0.2239 0.0146 0.0009 0.0001 1.0000 0.5024 0.0324 0.0021 0.0001 1.0000 1.0000 0.0722 0.0047 0.0003 1.0000 1.0000 0.1639 0.0106 0.0007 0.0000 1.0000 0.3842 0.0251 0.0016 0.0001 1.0000 0.9392 0.0620 0.0041 0.0003 1.0000 1.0000 0.1602 0.0107 0.0007 0.0000 1.0000 0.4249 0.0284 0.0019 0.0001 1.0000 1.0000 0.0764 0.0051 0.0003 1.0000 1.0000
1.0000 0.0004 0.0053 0.0796 1.0000 1.0000 0.0001 0.0020 0.0296 0.4423 1.0000 0.0000 0.0007 0.0111 0.1658 1.0000 1.0000 0.0003 0.0042 0.0634 0.9572 1.0000 0.0001 0.0017 0.0252 0.3842 1.0000 0.0000 0.0007 0.0105 0.1611 1.0000 1.0000 0.0003 0.0045 0.0702 1.0000 1.0000 0.0001 0.0020 0.0313 0.4845 1.0000 0.0001 0.0009 0.0141 0.2180 1.0000 1.0000 0.0003 0.0018 0.0003 1.0000 1.0000 0.2180 0.0141 0.0009 0.0001 1.0000 0.4845 0.0313 0.0020 0.0001 1.0000 1.0000 0.0702 0.0045 0.0003 1.0000 1.0000 0.1611 0.0105 0.0007 0.0000 1.0000 0.3842 0.0252 0.0017 0.0001 1.0000 0.9572 0.0634 0.0042 0.0003 1.0000 1.0000 0.1658 0.0111 0.0007 0.0000 1.0000 0.4423 0.0296 0.0020 0.0001 1.0000 1.0000 0.0796 0.0053 0.0004 1.0000
0.0004 0.0056 0.0828 1.0000 1.0000 0.0001 0.0021 0.0308 0.4603 1.0000 0.0001 0.0008 0.0115 0.1719 1.0000 1.0000 0.0003 0.0043 0.0652 0.9793 1.0000 0.0001 0.0017 0.0255 0.3864 1.0000 0.0000 0.0007 0.0104 0.1596 1.0000 1.0000 0.0003 0.0044 0.0685 1.0000 1.0000 0.0001 0.0020 0.0302 0.4682 1.0000 0.0001 0.0009 0.0136 0.2106 1.0000 1.0000 0.0004 0.0048 0.0267 0.0048 0.0004 1.0000 1.0000 0.2106 0.0136 0.0009 0.0001 1.0000 0.4682 0.0302 0.0020 0.0001 1.0000 1.0000 0.0685 0.0044 0.0003 1.0000 1.0000 0.1596 0.0104 0.0007 0.0000 1.0000 0.3864 0.0255 0.0017 0.0001 1.0000 0.9793 0.0652 0.0043 0.0003 1.0000 1.0000 0.1719 0.0115 0.0008 0.0001 1.0000 0.4603 0.0308 0.0021 0.0001 1.0000 1.0000 0.0828 0.0056 0.0004
0.0056 0.0863 1.0000 1.0000 0.0001 0.0021 0.0321 0.4790 1.0000 0.0001 0.0008 0.0119 0.1785 1.0000 1.0000 0.0003 0.0045 0.0672 1.0000 1.0000 0.0001 0.0017 0.0260 0.3923 1.0000 0.0000 0.0007 0.0104 0.1590 1.0000 1.0000 0.0003 0.0044 0.0672 1.0000 1.0000 0.0001 0.0019 0.0294 0.4542 1.0000 0.0001 0.0008 0.0131 0.2036 1.0000 1.0000 0.0004 0.0055 0.0717 0.3991 0.0717 0.0055 0.0004 1.0000 1.0000 0.2036 0.0131 0.0008 0.0001 1.0000 0.4542 0.0294 0.0019 0.0001 1.0000 1.0000 0.0672 0.0044 0.0003 1.0000 1.0000 0.1590 0.0104 0.0007 0.0000 1.0000 0.3923 0.0260 0.0017 0.0001 1.0000 1.0000 0.0672 0.0045 0.0003 1.0000 1.0000 0.1785 0.0119 0.0008 0.0001 1.0000 0.4790 0.0321 0.0021 0.0001 1.0000 1.0000 0.0863 0.0056
0.0872 1.0000 1.0000 0.0001 0.0022 0.0334 0.4995 1.0000 0.0001 0.0008 0.0124 0.1858 1.0000 1.0000 0.0003 0.0047 0.0696 1.0000 1.0000 0.0001 0.0018 0.0266 0.3998 1.0000 0.0000 0.0007 0.0105 0.1596 1.0000 1.0000 0.0003 0.0043 0.0663 1.0000 1.0000 0.0001 0.0019 0.0287 0.4423 1.0000 0.0001 0.0008 0.0127 0.1967 1.0000 1.0000 0.0004 0.0056 0.0830 1.0000 1.0000 1.0000 0.0830 0.0056 0.0004 1.0000 1.0000 0.1967 0.0127 0.0008 0.0001 1.0000 0.4423 0.0287 0.0019 0.0001 1.0000 1.0000 0.0663 0.0043 0.0003 1.0000 1.0000 0.1596 0.0105 0.0007 0.0000 1.0000 0.3998 0.0266 0.0018 0.0001 1.0000 1.0000 0.0696 0.0047 0.0003 1.0000 1.0000 0.1858 0.0124 0.0008 0.0001 1.0000 0.4995 0.0334 0.0022 0.0001 1.0000 1.0000 0.0872
1.0000 1.0000 0.0002 0.0023 0.0348 0.5198 1.0000 0.0001 0.0009 0.0129 0.1934 1.0000 1.0000 0.0003 0.0048 0.0722 1.0000 1.0000 0.0001 0.0018 0.0273 0.4106 1.0000 0.0000 0.0007 0.0106 0.1611 1.0000 1.0000 0.0003 0.0043 0.0659 1.0000 1.0000 0.0001 0.0018 0.0281 0.4323 1.0000 0.0001 0.0008 0.0123 0.1904 1.0000 1.0000 0.0004 0.0055 0.0837 1.0000 1.0000 0.0000 1.0000 1.0000 0.0837 0.0055 0.0004 1.0000 1.0000 0.1904 0.0123 0.0008 0.0001 1.0000 0.4323 0.0281 0.0018 0.0001 1.0000 1.0000 0.0659 0.0043 0.0003 1.0000 1.0000 0.1611 0.0106 0.0007 0.0000 1.0000 0.4106 0.0273 0.0018 0.0001 1.0000 1.0000 0.0722 0.0048 0.0003 1.0000 1.0000 0.1934 0.0129 0.0009 0.0001 1.0000 0.5198 0.0348 0.0023 0.0002 1.0000 1.0000
1.0000 0.0002 0.0024 0.0363 0.5410 1.0000 0.0001 0.0009 0.0135 0.2012 1.0000 1.0000 0.0003 0.0050 0.0750 1.0000 1.0000 0.0001 0.0019 0.0282 0.4233 1.0000 0.0000 0.0007 0.0109 0.1639 1.0000 1.0000 0.0003 0.0043 0.0659 1.0000 1.0000 0.0001 0.0018 0.0276 0.4249 1.0000 0.0001 0.0008 0.0120 0.1851 1.0000 1.0000 0.0003 0.0053 0.0820 1.0000 1.0000 0.0001 0.0007 0.0001 1.0000 1.0000 0.0820 0.0053 0.0003 1.0000 1.0000 0.1851 0.0120 0.0008 0.0001 1.0000 0.4249 0.0276 0.0018 0.0001 1.0000 1.0000 0.0659 0.0043 0.0003 1.0000 1.0000 0.1639 0.0109 0.0007 0.0000 1.0000 0.4233 0.0282 0.0019 0.0001 1.0000 1.0000 0.0750 0.0050 0.0003 1.0000 1.0000 0.2012 0.0135 0.0009 0.0001 1.0000 0.5410 0.0363 0.0024 0.0002 1.0000
0.0002 0.0025 0.0377 0.5641 1.0000 0.0001 0.0009 0.0140 0.2098 1.0000 1.0000 0.0003 0.0052 0.0781 1.0000 1.0000 0.0001 0.0020 0.0292 0.4372 1.0000 0.0000 0.0007 0.0111 0.1677 1.0000 1.0000 0.0003 0.0044 0.0663 1.0000 1.0000 0.0001 0.0018 0.0274 0.4193 1.0000 0.0000 0.0008 0.0117 0.1806 1.0000 1.0000 0.0003 0.0052 0.0797 1.0000 1.0000 0.0001 0.0018 0.0100 0.0018 0.0001 1.0000 1.0000 0.0797 0.0052 0.0003 1.0000 1.0000 0.1806 0.0117 0.0008 0.0000 1.0000 0.4193 0.0274 0.0018 0.0001 1.0000 1.0000 0.0663 0.0044 0.0003 1.0000 1.0000 0.1677 0.0111 0.0007 0.0000 1.0000 0.4372 0.0292 0.0020 0.0001 1.0000 1.0000 0.0781 0.0052 0.0003 1.0000 1.0000 0.2098 0.0140 0.0009 0.0001 1.0000 0.5641 0.0377 0.0025 0.0002
0.0026 0.0393 0.5871 1.0000 0.0001 0.0010 0.0146 0.2184 1.0000 1.0000 0.0004 0.0054 0.0812 1.0000 1.0000 0.0001 0.0020 0.0303 0.4533 1.0000 0.0001 0.0008 0.0115 0.1722 1.0000 1.0000 0.0003 0.0044 0.0672 1.0000 1.0000 0.0001 0.0018 0.0273 0.4169 1.0000 0.0000 0.0007 0.0115 0.1772 1.0000 1.0000 0.0003 0.0050 0.0775 1.0000 1.0000 0.0001 0.0021 0.0270 0.1499 0.0270 0.0021 0.0001 1.0000 1.0000 0.0775 0.0050 0.0003 1.0000 1.0000 0.1772 0.0115 0.0007 0.0000 1.0000 0.4169 0.0273 0.0018 0.0001 1.0000 1.0000 0.0672 0.0044 0.0003 1.0000 1.0000 0.1722 0.0115 0.0008 0.0001 1.0000 0.4533 0.0303 0.0020 0.0001 1.0000 1.0000 0.0812 0.0054 0.0004 1.0000 1.0000 0.2184 0.0146 0.0010 0.0001 1.0000 0.5871 0.0393 0.0026
0.0397 0.6111 1.0000 0.0001 0.0010 0.0152 0.2273 1.0000 1.0000 0.0004 0.0057 0.0845 1.0000 1.0000 0.0001 0.0021 0.0315 0.4709 1.0000 0.0001 0.0008 0.0119 0.1775 1.0000 1.0000 0.0003 0.0045 0.0685 1.0000 1.0000 0.0001 0.0018 0.0274 0.4169 1.0000 0.0000 0.0007 0.0114 0.1745 1.0000 1.0000 0.0003 0.0049 0.0754 1.0000 1.0000 0.0001 0.0021 0.0313 0.4037 1.0000 0.4037 0.0313 0.0021 0.0001 1.0000 1.0000 0.0754 0.0049 0.0003 1.0000 1.0000 0.1745 0.0114 0.0007 0.0000 1.0000 0.4169 0.0274 0.0018 0.0001 1.0000 1.0000 0.0685 0.0045 0.0003 1.0000 1.0000 0.1775 0.0119 0.0008 0.0001 1.0000 0.4709 0.0315 0.0021 0.0001 1.0000 1.0000 0.0845 0.0057 0.0004 1.0000 1.0000 0.2273 0.0152 0.0010 0.0001 1.0000 0.6111 0.0397
0.6181 1.0000 0.0001 0.0011 0.0159 0.2366 1.0000 1.0000 0.0004 0.0059 0.0880 1.0000 1.0000 0.0001 0.0022 0.0328 0.4901 1.0000 0.0001 0.0008 0.0123 0.1837 1.0000 1.0000 0.0003 0.0047 0.0702 1.0000 1.0000 0.0001 0.0018 0.0276 0.4193 1.0000 0.0000 0.0007 0.0113 0.1728 1.0000 1.0000 0.0003 0.0048 0.0739 1.0000 1.0000 0.0001 0.0021 0.0319 0.4709 1.0000 1.0000 1.0000 0.4709 0.0319 0.0021 0.0001 1.0000 1.0000 0.0739 0.0048 0.0003 1.0000 1.0000 0.1728 0.0113 0.0007 0.0000 1.0000 0.4193 0.0276 0.0018 0.0001 1.0000 1.0000 0.0702 0.0047 0.0003 1.0000 1.0000 0.1837 0.0123 0.0008 0.0001 1.0000 0.4901 0.0328 0.0022 0.0001 1.0000 1.0000 0.0880 0.0059 0.0004 1.0000 1.0000 0.2366 0.0159 0.0011 0.0001 1.0000 0.6181
1.0000 0.0001 0.0011 0.0165 0.2467 1.0000 1.0000 0.0004 0.0061 0.0918 1.0000 1.0000 0.0002 0.0023 0.0341 0.5101 1.0000 0.0001 0.0009 0.0127 0.1904 1.0000 1.0000 0.0003 0.0048 0.0722 1.0000 1.0000 0.0001 0.0019 0.0281 0.4249 1.0000 0.0000 0.0007 0.0113 0.1725 1.0000 1.0000 0.0003 0.0047 0.0726 1.0000 1.0000 0.0001 0.0020 0.0314 0.4790 1.0000 0.0000 0.0003 0.0000 1.0000 0.4790 0.0314 0.0020 0.0001 1.0000 1.0000 0.0726 0.0047 0.0003 1.0000 1.0000 0.1725 0.0113 0.0007 0.0000 1.0000 0.4249 0.0281 0.0019 0.0001 1.0000 1.0000 0.0722 0.0048 0.0003 1.0000 1.0000 0.1904 0.0127 0.0009 0.0001 1.0000 0.5101 0.0341 0.0023 0.0002 1.0000 1.0000 0.0918 0.0061 0.0004 1.0000 1.0000 0.2467 0.0165 0.0011 0.0001 1.0000
0.0001 0.0012 0.0172 0.2567 1.0000 1.0000 0.0004 0.0064 0.0955 1.0000 1.0000 0.0002 0.0024 0.0355 0.5308 1.0000 0.0001 0.0009 0.0132 0.1978 1.0000 1.0000 0.0003 0.0050 0.0744 1.0000 1.0000 0.0001 0.0019 0.0287 0.4323 1.0000 0.0000 0.0007 0.0114 0.1728 1.0000 1.0000 0.0003 0.0047 0.0718 1.0000 1.0000 0.0001 0.0020 0.0308 0.4736 1.0000 0.0001 0.0007 0.0038 0.0007 0.0001 1.0000 0.4736 0.0308 0.0020 0.0001 1.0000 1.0000 0.0718 0.0047 0.0003 1.0000 1.0000 0.1728 0.0114 0.0007 0.0000 1.0000 0.4323 0.0287 0.0019 0.0001 1.0000 1.0000 0.0744 0.0050 0.0003 1.0000 1.0000 0.1978 0.0132 0.0009 0.0001 1.0000 0.5308 0.0355 0.0024 0.0002 1.0000 1.0000 0.0955 0.0064 0.0004 1.0000 1.0000 0.2567 0.0172 0.0012 0.0001
0.0012 0.0179 0.2672 1.0000 1.0000 0.0004 0.0067 0.0994 1.0000 1.0000 0.0002 0.0025 0.0370 0.5525 1.0000 0.0001 0.0009 0.0138 0.2055 1.0000 1.0000 0.0003 0.0052 0.0772 1.0000 1.0000 0.0001 0.0020 0.0294 0.4423 1.0000 0.0001 0.0008 0.0115 0.1745 1.0000 1.0000 0.0003 0.0047 0.0714 1.0000 1.0000 0.0001 0.0020 0.0303 0.4656 1.0000 0.0001 0.0008 0.0103 0.0574 0.0103 0.0008 0.0001 1.0000 0.4656 0.0303 0.0020 0.0001 1.0000 1.0000 0.0714 0.0047 0.0003 1.0000 1.0000 0.1745 0.0115 0.0008 0.0001 1.0000 0.4423 0.0294 0.0020 0.0001 1.0000 1.0000 0.0772 0.0052 0.0003 1.0000 1.0000 0.2055 0.0138 0.0009 0.0001 1.0000 0.5525 0.0370 0.0025 0.0002 1.0000 1.0000 0.0994 0.0067 0.0004 1.0000 1.0000 0.2672 0.0179 0.0012
0.0181 0.2786 1.0000 1.0000 0.0005 0.0069 0.1036 1.0000 1.0000 0.0002 0.0026 0.0385 0.5750 1.0000 0.0001 0.0010 0.0143 0.2139 1.0000 1.0000 0.0004 0.0053 0.0800 1.0000 1.0000 0.0001 0.0020 0.0302 0.4542 1.0000 0.0001 0.0008 0.0117 0.1772 1.0000 1.0000 0.0003 0.0047 0.0714 1.0000 1.0000 0.0001 0.0019 0.0299 0.4585 1.0000 0.0001 0.0008 0.0121 0.1554 0.8621 0.1554 0.0121 0.0008 0.0001 1.0000 0.4585 0.0299 0.0019 0.0001 1.0000 1.0000 0.0714 0.0047 0.0003 1.0000 1.0000 0.1772 0.0117 0.0008 0.0001 1.0000 0.4542 0.0302 0.0020 0.0001 1.0000 1.0000 0.0800 0.0053 0.0004 1.0000 1.0000 0.2139 0.0143 0.0010 0.0001 1.0000 0.5750 0.0385 0.0026 0.0002 1.0000 1.0000 0.1036 0.0069 0.0005 1.0000 1.0000 0.2786 0.0181
0.2813 1.0000 1.0000 0.0005 0.0072 0.1078 1.0000 1.0000 0.0002 0.0027 0.0401 0.5995 1.0000 0.0001 0.0010 0.0149 0.2230 1.0000 1.0000 0.0004 0.0056 0.0831 1.0000 1.0000 0.0001 0.0021 0.0313 0.4682 1.0000 0.0001 0.0008 0.0120 0.1806 1.0000 1.0000 0.0003 0.0047 0.0718 1.0000 1.0000 0.0001 0.0019 0.0296 0.4533 1.0000 0.0001 0.0008 0.0124 0.1823 1.0000 1.0000 1.0000 0.1823 0.0124 0.0008 0.0001 1.0000 0.4533 0.0296 0.0019 0.0001 1.0000 1.0000 0.0718 0.0047 0.0003 1.0000 1.0000 0.1806 0.0120 0.0008 0.0001 1.0000 0.4682 0.0313 0.0021 0.0001 1.0000 1.0000 0.0831 0.0056 0.0004 1.0000 1.0000 0.2230 0.0149 0.0010 0.0001 1.0000 0.5995 0.0401 0.0027 0.0002 1.0000 1.0000 0.1078 0.0072 0.0005 1.0000 1.0000 0.2813
1.0000 0.0000 0.0005 0.0075 0.1122 1.0000 1.0000 0.0002 0.0028 0.0418 0.6240 1.0000 0.0001 0.0010 0.0155 0.2321 1.0000 1.0000 0.0004 0.0058 0.0863 1.0000 1.0000 0.0001 0.0022 0.0324 0.4845 1.0000 0.0001 0.0008 0.0123 0.1851 1.0000 1.0000 0.0003 0.0048 0.0726 1.0000 1.0000 0.0001 0.0019 0.0295 0.4507 1.0000 0.0001 0.0008 0.0124 0.1876 1.0000 1.0000 0.0001 1.0000 1.0000 0.1879 0.0124 0.0008 0.0001 1.0000 0.4516 0.0295 0.0019 0.0001 1.0000 1.0000 0.0726 0.0048 0.0003 1.0000 1.0000 0.1851 0.0123 0.0008 0.0001 1.0000 0.4845 0.0324 0.0022 0.0001 1.0000 1.0000 0.0863 0.0058 0.0004 1.0000 1.0000 0.2321 0.0155 0.0010 0.0001 1.0000 0.6240 0.0418 0.0028 0.0002 1.0000 1.0000 0.1122 0.0075 0.0005 0.0000 1.0000
0.0000 0.0005 0.0078 0.1170 1.0000 1.0000 0.0002 0.0029 0.0435 0.6494 1.0000 0.0001 0.0011 0.0162 0.2416 1.0000 1.0000 0.0004 0.0060 0.0899 1.0000 1.0000 0.0002 0.0022 0.0335 0.5024 1.0000 0.0001 0.0008 0.0127 0.1904 1.0000 1.0000 0.0003 0.0049 0.0739 1.0000 1.0000 0.0001 0.0019 0.0296 0.4507 1.0000 0.0001 0.0008 0.0123 0.1876 1.0000 1.0000 0.0003 0.0015 0.0003 1.0000 1.0000 0.1879 0.0123 0.0008 0.0001 1.0000 0.4516 0.0296 0.0019 0.0001 1.0000 1.0000 0.0739 0.0049 0.0003 1.0000 1.0000 0.1904 0.0127 0.0008 0.0001 1.0000 0.5024 0.0335 0.0022 0.0002 1.0000 1.0000 0.0899 0.0060 0.0004 1.0000 1.0000 0.2416 0.0162 0.0011 0.0001 1.0000 0.6494 0.0435 0.0029 0.0002 1.0000 1.0000 0.1170 0.0078 0.0005 0.0000
0.0005 0.0082 0.1218 1.0000 1.0000 0.0002 0.0030 0.0453 0.6759 1.0000 0.0001 0.0011 0.0169 0.2514 1.0000 1.0000 0.0004 0.0063 0.0935 1.0000 1.0000 0.0002 0.0023 0.0349 0.5218 1.0000 0.0001 0.0009 0.0131 0.1967 1.0000 1.0000 0.0003 0.0050 0.0754 1.0000 1.0000 0.0001 0.0020 0.0299 0.4533 1.0000 0.0001 0.0008 0.0120 0.1854 1.0000 1.0000 0.0003 0.0041 0.0219 0.0040 0.0003 1.0000 1.0000 0.1879 0.0118 0.0008 0.0001 1.0000 0.4533 0.0299 0.0020 0.0001 1.0000 1.0000 0.0754 0.0050 0.0003 1.0000 1.0000 0.1967 0.0131 0.0009 0.0001 1.0000 0.5218 0.0349 0.0023 0.0002 1.0000 1.0000 0.0935 0.0063 0.0004 1.0000 1.0000 0.2514 0.0169 0.0011 0.0001 1.0000 0.6759 0.0453 0.0030 0.0002 1.0000 1.0000 0.1218 0.0082 0.0005
0.0082 0.1268 1.0000 1.0000 0.0002 0.0032 0.0472 0.7034 1.0000 0.0001 0.0012 0.0175 0.2616 1.0000 1.0000 0.0004 0.0065 0.0973 1.0000 1.0000 0.0002 0.0024 0.0363 0.5421 1.0000 0.0001 0.0009 0.0136 0.2036 1.0000 1.0000 0.0003 0.0052 0.0775 1.0000 1.0000 0.0001 0.0020 0.0303 0.4585 1.0000 0.0001 0.0008 0.0125 0.1894 1.0000 1.0000 0.0003 0.0048 0.0626 0.3382 0.0605 0.0048 0.0003 1.0000 1.0000 0.1876 0.0126 0.0008 0.0001 1.0000 0.4585 0.0303 0.0020 0.0001 1.0000 1.0000 0.0775 0.0052 0.0003 1.0000 1.0000 0.2036 0.0136 0.0009 0.0001 1.0000 0.5421 0.0363 0.0024 0.0002 1.0000 1.0000 0.0973 0.0065 0.0004 1.0000 1.0000 0.2616 0.0175 0.0012 0.0001 1.0000 0.7034 0.0472 0.0032 0.0002 1.0000 1.0000 0.1268 0.0082
0.1280 1.0000 1.0000 0.0002 0.0033 0.0490 0.7321 1.0000 0.0001 0.0012 0.0182 0.2723 1.0000 1.0000 0.0005 0.0068 0.1013 1.0000 1.0000 0.0002 0.0025 0.0377 0.5631 1.0000 0.0001 0.0009 0.0141 0.2106 1.0000 1.0000 0.0004 0.0053 0.0797 1.0000 1.0000 0.0001 0.0020 0.0308 0.4656 1.0000 0.0001 0.0008 0.0123 0.1915 1.0000 1.0000 0.0003 0.0050 0.0719 0.9321 1.0000 0.9232 0.0751 0.0052 0.0003 1.0000 1.0000 0.1919 0.0124 0.0008 0.0001 1.0000 0.4656 0.0308 0.0020 0.0001 1.0000 1.0000 0.0797 0.0053 0.0004 1.0000 1.0000 0.2106 0.0141 0.0009 0.0001 1.0000 0.5631 0.0377 0.0025 0.0002 1.0000 1.0000 0.1013 0.0068 0.0005 1.0000 1.0000 0.2723 0.0182 0.0012 0.0001 1.0000 0.7321 0.0490 0.0033 0.0002 1.0000 1.0000 0.1280
1.0000 1.0000 0.0002 0.0034 0.0508 0.7590 1.0000 0.0001 0.0013 0.0189 0.2823 1.0000 1.0000 0.0005 0.0070 0.1050 1.0000 1.0000 0.0002 0.0026 0.0391 0.5838 1.0000 0.0001 0.0010 0.0146 0.2180 1.0000 1.0000 0.0004 0.0055 0.0820 1.0000 1.0000 0.0001 0.0021 0.0314 0.4736 1.0000 0.0001 0.0008 0.0124 0.1876 1.0000 1.0000 0.0003 0.0049 0.0756 1.0000 1.0000 0.0000 1.0000 1.0000 0.0779 0.0051 0.0003 1.0000 1.0000 0.1919 0.0124 0.0008 0.0001 1.0000 0.4736 0.0314 0.0021 0.0001 1.0000 1.0000 0.0820 0.0055 0.0004 1.0000 1.0000 0.2180 0.0146 0.0010 0.0001 1.0000 0.5838 0.0391 0.0026 0.0002 1.0000 1.0000 0.1050 0.0070 0.0005 1.0000 1.0000 0.2823 0.0189 0.0013 0.0001 1.0000 0.7590 0.0508 0.0034 0.0002 1.0000 1.0000
1.0000 0.0002 0.0035 0.0523 0.7795 1.0000 0.0001 0.0013 0.0194 0.2899 1.0000 1.0000 0.0005 0.0072 0.1078 1.0000 1.0000 0.0002 0.0027 0.0401 0.5995 1.0000 0.0001 0.0010 0.0150 0.2239 1.0000 1.0000 0.0004 0.0056 0.0837 1.0000 1.0000 0.0001 0.0021 0.0319 0.4790 1.0000 0.0001 0.0008 0.0124 0.1876 1.0000 1.0000 0.0003 0.0049 0.0744 1.0000 1.0000 0.0001 0.0006 0.0001 1.0000 1.0000 0.0775 0.0050 0.0003 1.0000 1.0000 0.1876 0.0124 0.0008 0.0001 1.0000 0.4790 0.0319 0.0021 0.0001 1.0000 1.0000 0.0837 0.0056 0.0004 1.0000 1.0000 0.2239 0.0150 0.0010 0.0001 1.0000 0.5995 0.0401 0.0027 0.0002 1.0000 1.0000 0.1078 0.0072 0.0005 1.0000 1.0000 0.2899 0.0194 0.0013 0.0001 1.0000 0.7795 0.0523 0.0035 0.0002 1.0000
0.0002 0.0035 0.0518 0.7736 1.0000 0.0001 0.0013 0.0193 0.2877 1.0000 1.0000 0.0005 0.0072 0.1072 1.0000 1.0000 0.0002 0.0027 0.0399 0.5950 1.0000 0.0001 0.0010 0.0148 0.2217 1.0000 1.0000 0.0004 0.0055 0.0830 1.0000 1.0000 0.0001 0.0021 0.0313 0.4709 1.0000 0.0001 0.0008 0.0121 0.1823 1.0000 1.0000 0.0003 0.0046 0.0715 1.0000 1.0000 0.0001 0.0015 0.0085 0.0016 0.0001 1.0000 1.0000 0.0715 0.0048 0.0003 1.0000 1.0000 0.1823 0.0121 0.0008 0.0001 1.0000 0.4709 0.0313 0.0021 0.0001 1.0000 1.0000 0.0830 0.0055 0.0004 1.0000 1.0000 0.2217 0.0148 0.0010 0.0001 1.0000 0.5950 0.0399 0.0027 0.0002 1.0000 1.0000 0.1072 0.0072 0.0005 1.0000 1.0000 0.2877 0.0193 0.0013 0.0001 1.0000 0.7736 0.0518 0.0035 0.0002
0.0029 0.0447 0.6695 1.0000 0.0001 0.0011 0.0167 0.2495 1.0000 1.0000 0.0004 0.0062 0.0928 1.0000 1.0000 0.0002 0.0023 0.0345 0.5149 1.0000 0.0001 0.0009 0.0128 0.1919 1.0000 1.0000 0.0003 0.0048 0.0717 1.0000 1.0000 0.0001 0.0018 0.0270 0.4037 1.0000 0.0000 0.0007 0.0103 0.1554 1.0000 1.0000 0.0003 0.0040 0.0599 0.9197 1.0000 0.0001 0.0015 0.0196 0.1103 0.0197 0.0015 0.0001 1.0000 0.9215 0.0612 0.0040 0.0003 1.0000 1.0000 0.1554 0.0103 0.0007 0.0000 1.0000 0.4037 0.0270 0.0018 0.0001 1.0000 1.0000 0.0717 0.0048 0.0003 1.0000 1.0000 0.1919 0.0128 0.0009 0.0001 1.0000 0.5149 0.0345 0.0023 0.0002 1.0000 1.0000 0.0928 0.0062 0.0004 1.0000 1.0000 0.2495 0.0167 0.0011 0.0001 1.0000 0.6695 0.0447 0.0029
0.0164 0.2504 1.0000 1.0000 0.0004 0.0062 0.0930 1.0000 1.0000 0.0002 0.0023 0.0346 0.5169 1.0000 0.0001 0.0009 0.0129 0.1923 1.0000 1.0000 0.0003 0.0048 0.0715 1.0000 1.0000 0.0001 0.0018 0.0267 0.3991 1.0000 0.0000 0.0007 0.0100 0.1499 1.0000 1.0000 0.0003 0.0038 0.0574 0.8621 1.0000 0.0001 0.0015 0.0221 0.3500 1.0000 0.0000 0.0006 0.0083 0.1083 0.5939 0.1110 0.0085 0.0006 0.0000 1.0000 0.3395 0.0225 0.0015 0.0001 1.0000 0.8621 0.0574 0.0038 0.0003 1.0000 1.0000 0.1499 0.0100 0.0007 0.0000 1.0000 0.3991 0.0267 0.0018 0.0001 1.0000 1.0000 0.0715 0.0048 0.0003 1.0000 1.0000 0.1923 0.0129 0.0009 0.0001 1.0000 0.5169 0.0346 0.0023 0.0002 1.0000 1.0000 0.0930 0.0062 0.0004 1.0000 1.0000 0.2504 0.0164
0.0029 0.0447 0.6695 1.0000 0.0001 0.0011 0.0167 0.2495 1.0000 1.0000 0.0004 0.0062 0.0928 1.0000 1.0000 0.0002 0.0023 0.0345 0.5149 1.0000 0.0001 0.0009 0.0128 0.1919 1.0000 1.0000 0.0003 0.0048 0.0717 1.0000 1.0000 0.0001 0.0018 0.0270 0.4037 1.0000 0.0000 0.0007 0.0103 0.1554 1.0000 1.0000 0.0003 0.0040 0.0645 0.9445 1.0000 0.0001 0.0016 0.0195 0.1083 0.0197 0.0016 0.0001 1.0000 0.9162 0.0625 0.0041 0.0003 1.0000 1.0000 0.1554 0.0103 0.0007 0.0000 1.0000 0.4037 0.0270 0.0018 0.0001 1.0000 1.0000 0.0717 0.0048 0.0003 1.0000 1.0000 0.1919 0.0128 0.0009 0.0001 1.0000 0.5149 0.0345 0.0023 0.0002 1.0000 1.0000 0.0928 0.0062 0.0004 1.0000 1.0000 0.2495 0.0167 0.0011 0.0001 1.0000 0.6695 0.0447 0.0029
0.0002 0.0035 0.0518 0.7736 1.0000 0.0001 0.0013 0.0193 0.2877 1.0000 1.0000 0.0005 0.0072 0.1072 1.0000 1.0000 0.0002 0.0027 0.0399 0.5950 1.0000 0.0001 0.0010 0.0148 0.2217 1.0000 1.0000 0.0004 0.0055 0.0830 1.0000 1.0000 0.0001 0.0021 0.0313 0.4709 1.0000 0.0001 0.0008 0.0121 0.1823 1.0000 1.0000 0.0003 0.0047 0.0728 1.0000 1.0000 0.0001 0.0015 0.0084 0.0015 0.0001 1.0000 1.0000 0.0736 0.0048 0.0003 1.0000 1.0000 0.1823 0.0121 0.0008 0.0001 1.0000 0.4709 0.0313 0.0021 0.0001 1.0000 1.0000 0.0830 0.0055 0.0004 1.0000 1.0000 0.2217 0.0148 0.0010 0.0001 1.0000 0.5950 0.0399 0.0027 0.0002 1.0000 1.0000 0.1072 0.0072 0.0005 1.0000 1.0000 0.2877 0.0193 0.0013 0.0001 1.0000 0.7736 0.0518 0.0035 0.0002
1.0000 0.0002 0.0035 0.0523 0.7795 1.0000 0.0001 0.0013 0.0194 0.2899 1.0000 1.0000 0.0005 0.0072 0.1078 1.0000 1.0000 0.0002 0.0027 0.0401 0.5995 1.0000 0.0001 0.0010 0.0150 0.2239 1.0000 1.0000 0.0004 0.0056 0.0837 1.0000 1.0000 0.0001 0.0021 0.0319 0.4790 1.0000 0.0001 0.0008 0.0124 0.1879 1.0000 1.0000 0.0003 0.0049 0.0775 1.0000 1.0000 0.0001 0.0006 0.0001 1.0000 1.0000 0.0764 0.0052 0.0003 1.0000 1.0000 0.1879 0.0124 0.0008 0.0001 1.0000 0.4790 0.0319 0.0021 0.0001 1.0000 1.0000 0.0837 0.0056 0.0004 1.0000 1.0000 0.2239 0.0150 0.0010 0.0001 1.0000 0.5995 0.0401 0.0027 0.0002 1.0000 1.0000 0.1078 0.0072 0.0005 1.0000 1.0000 0.2899 0.0194 0.0013 0.0001 1.0000 0.7795 0.0523 0.0035 0.0002 1.0000
1.0000 1.0000 0.0002 0.0034 0.0508 0.7590 1.0000 0.0001 0.0013 0.0189 0.2823 1.0000 1.0000 0.0005 0.0070 0.1050 1.0000 1.0000 0.0002 0.0026 0.0391 0.5838 1.0000 0.0001 0.0010 0.0146 0.2180 1.0000 1.0000 0.0004 0.0055 0.0820 1.0000 1.0000 0.0001 0.0021 0.0314 0.4736 1.0000 0.0001 0.0008 0.0124 0.1883 1.0000 1.0000 0.0003 0.0051 0.0782 1.0000 1.0000 0.0000 1.0000 1.0000 0.0753 0.0050 0.0003 1.0000 1.0000 0.1865 0.0124 0.0008 0.0001 1.0000 0.4736 0.0314 0.0021 0.0001 1.0000 1.0000 0.0820 0.0055 0.0004 1.0000 1.0000 0.2180 0.0146 0.0010 0.0001 1.0000 0.5838 0.0391 0.0026 0.0002 1.0000 1.0000 0.1050 0.0070 0.0005 1.0000 1.0000 0.2823 0.0189 0.0013 0.0001 1.0000 0.7590 0.0508 0.0034 0.0002 1.0000 1.0000
0.1280 1.0000 1.0000 0.0002 0.0033 0.0490 0.7321 1.0000 0.0001 0.0012 0.0182 0.2723 1.0000 1.0000 0.0005 0.0068 0.1013 1.0000 1.0000 0.0002 0.0025 0.0377 0.5631 1.0000 0.0001 0.0009 0.0141 0.2106 1.0000 1.0000 0.0004 0.0053 0.0797 1.0000 1.0000 0.0001 0.0020 0.0308 0.4656 1.0000 0.0001 0.0008 0.0123 0.1897 1.0000 1.0000 0.0003 0.0050 0.0746 0.9590 1.0000 0.8737 0.0719 0.0050 0.0003 1.0000 1.0000 0.1890 0.0124 0.0008 0.0001 1.0000 0.4656 0.0308 0.0020 0.0001 1.0000 1.0000 0.0797 0.0053 0.0004 1.0000 1.0000 0.2106 0.0141 0.0009 0.0001 1.0000 0.5631 0.0377 0.0025 0.0002 1.0000 1.0000 0.1013 0.0068 0.0005 1.0000 1.0000 0.2723 0.0182 0.0012 0.0001 1.0000 0.7321 0.0490 0.0033 0.0002 1.0000 1.0000 0.1280
