0.7780 1.0000 0.0001 0.0015 0.0238 0.3706 1.0000 0.0000 0.0007 0.0108 0.1686 1.0000 1.0000 0.0003 0.0049 0.0769 1.0000 1.0000 0.0001 0.0022 0.0350 0.5441 1.0000 0.0001 0.0010 0.0159 0.2481 1.0000 1.0000 0.0005 0.0073 0.1129 1.0000 1.0000 0.0002 0.0033 0.0515 0.8005 1.0000 0.0001 0.0015 0.0234 0.3643 1.0000 0.0000 0.0007 0.0106 0.1626 1.0000 1.0000 0.0001 1.0000 1.0000 0.1626 0.0106 0.0007 0.0000 1.0000 0.3643 0.0234 0.0015 0.0001 1.0000 0.8005 0.0515 0.0033 0.0002 1.0000 1.0000 0.1129 0.0073 0.0005 1.0000 1.0000 0.2481 0.0159 0.0010 0.0001 1.0000 0.5441 0.0350 0.0022 0.0001 1.0000 1.0000 0.0769 0.0049 0.0003 1.0000 1.0000 0.1686 0.0108 0.0007 0.0000 1.0000 0.3706 0.0238 0.0015 0.0001 1.0000 0.7780
1.0000 0.0001 0.0015 0.0237 0.3678 1.0000 0.0000 0.0007 0.0107 0.1670 1.0000 1.0000 0.0003 0.0049 0.0760 1.0000 1.0000 0.0001 0.0022 0.0347 0.5390 1.0000 0.0001 0.0010 0.0158 0.2453 1.0000 1.0000 0.0005 0.0072 0.1118 1.0000 1.0000 0.0002 0.0033 0.0509 0.7914 1.0000 0.0001 0.0015 0.0232 0.3601 1.0000 0.0000 0.0007 0.0105 0.1633 1.0000 1.0000 0.0002 0.0013 0.0002 1.0000 1.0000 0.1633 0.0105 0.0007 0.0000 1.0000 0.3601 0.0232 0.0015 0.0001 1.0000 0.7914 0.0509 0.0033 0.0002 1.0000 1.0000 0.1118 0.0072 0.0005 1.0000 1.0000 0.2453 0.0158 0.0010 0.0001 1.0000 0.5390 0.0347 0.0022 0.0001 1.0000 1.0000 0.0760 0.0049 0.0003 1.0000 1.0000 0.1670 0.0107 0.0007 0.0000 1.0000 0.3678 0.0237 0.0015 0.0001 1.0000
0.0001 0.0015 0.0233 0.3588 1.0000 0.0000 0.0007 0.0103 0.1608 1.0000 1.0000 0.0003 0.0047 0.0730 1.0000 1.0000 0.0001 0.0021 0.0332 0.5169 1.0000 0.0001 0.0010 0.0152 0.2357 1.0000 1.0000 0.0004 0.0069 0.1072 1.0000 1.0000 0.0002 0.0031 0.0489 0.7604 1.0000 0.0001 0.0014 0.0222 0.3460 1.0000 0.0000 0.0007 0.0101 0.1572 1.0000 1.0000 0.0003 0.0036 0.0200 0.0036 0.0003 1.0000 1.0000 0.1572 0.0101 0.0007 0.0000 1.0000 0.3460 0.0222 0.0014 0.0001 1.0000 0.7604 0.0489 0.0031 0.0002 1.0000 1.0000 0.1072 0.0069 0.0004 1.0000 1.0000 0.2357 0.0152 0.0010 0.0001 1.0000 0.5169 0.0332 0.0021 0.0001 1.0000 1.0000 0.0730 0.0047 0.0003 1.0000 1.0000 0.1608 0.0103 0.0007 0.0000 1.0000 0.3588 0.0233 0.0015 0.0001
0.0015 0.0237 0.3588 1.0000 0.0000 0.0006 0.0100 0.1554 1.0000 1.0000 0.0003 0.0045 0.0702 1.0000 1.0000 0.0001 0.0021 0.0319 0.4967 1.0000 0.0001 0.0009 0.0145 0.2260 1.0000 1.0000 0.0004 0.0066 0.1030 1.0000 1.0000 0.0002 0.0030 0.0469 0.7293 1.0000 0.0001 0.0014 0.0214 0.3325 1.0000 0.0000 0.0006 0.0097 0.1513 1.0000 1.0000 0.0003 0.0041 0.0536 0.2983 0.0536 0.0041 0.0003 1.0000 1.0000 0.1513 0.0097 0.0006 0.0000 1.0000 0.3325 0.0214 0.0014 0.0001 1.0000 0.7293 0.0469 0.0030 0.0002 1.0000 1.0000 0.1030 0.0066 0.0004 1.0000 1.0000 0.2260 0.0145 0.0009 0.0001 1.0000 0.4967 0.0319 0.0021 0.0001 1.0000 1.0000 0.0702 0.0045 0.0003 1.0000 1.0000 0.1554 0.0100 0.0006 0.0000 1.0000 0.3588 0.0237 0.0015
0.0238 0.3678 1.0000 0.0000 0.0006 0.0099 0.1519 1.0000 1.0000 0.0003 0.0044 0.0677 1.0000 1.0000 0.0001 0.0020 0.0307 0.4772 1.0000 0.0001 0.0009 0.0140 0.2172 1.0000 1.0000 0.0004 0.0064 0.0990 1.0000 1.0000 0.0002 0.0029 0.0451 0.7007 1.0000 0.0001 0.0013 0.0205 0.3195 1.0000 0.0000 0.0006 0.0093 0.1454 1.0000 1.0000 0.0003 0.0042 0.0619 0.7990 1.0000 0.7990 0.0619 0.0042 0.0003 1.0000 1.0000 0.1454 0.0093 0.0006 0.0000 1.0000 0.3195 0.0205 0.0013 0.0001 1.0000 0.7007 0.0451 0.0029 0.0002 1.0000 1.0000 0.0990 0.0064 0.0004 1.0000 1.0000 0.2172 0.0140 0.0009 0.0001 1.0000 0.4772 0.0307 0.0020 0.0001 1.0000 1.0000 0.0677 0.0044 0.0003 1.0000 1.0000 0.1519 0.0099 0.0006 0.0000 1.0000 0.3678 0.0238
0.3706 1.0000 0.0000 0.0006 0.0099 0.1504 1.0000 1.0000 0.0003 0.0042 0.0655 1.0000 1.0000 0.0001 0.0019 0.0295 0.4585 1.0000 0.0001 0.0009 0.0134 0.2087 1.0000 1.0000 0.0004 0.0061 0.0949 1.0000 1.0000 0.0002 0.0028 0.0433 0.6733 1.0000 0.0001 0.0013 0.0197 0.3064 1.0000 0.0000 0.0006 0.0090 0.1397 1.0000 1.0000 0.0003 0.0041 0.0624 0.9250 1.0000 1.0000 1.0000 0.9250 0.0624 0.0041 0.0003 1.0000 1.0000 0.1397 0.0090 0.0006 0.0000 1.0000 0.3064 0.0197 0.0013 0.0001 1.0000 0.6733 0.0433 0.0028 0.0002 1.0000 1.0000 0.0949 0.0061 0.0004 1.0000 1.0000 0.2087 0.0134 0.0009 0.0001 1.0000 0.4585 0.0295 0.0019 0.0001 1.0000 1.0000 0.0655 0.0042 0.0003 1.0000 1.0000 0.1504 0.0099 0.0006 0.0000 1.0000 0.3706
1.0000 0.0000 0.0007 0.0100 0.1519 1.0000 1.0000 0.0003 0.0041 0.0639 0.9868 1.0000 0.0001 0.0018 0.0284 0.4414 1.0000 0.0001 0.0008 0.0129 0.2005 1.0000 1.0000 0.0004 0.0059 0.0912 1.0000 1.0000 0.0002 0.0027 0.0415 0.6457 1.0000 0.0001 0.0012 0.0189 0.2944 1.0000 0.0000 0.0006 0.0086 0.1340 1.0000 1.0000 0.0003 0.0039 0.0607 0.9321 1.0000 0.0001 0.0005 0.0001 1.0000 0.9321 0.0607 0.0039 0.0003 1.0000 1.0000 0.1340 0.0086 0.0006 0.0000 1.0000 0.2944 0.0189 0.0012 0.0001 1.0000 0.6457 0.0415 0.0027 0.0002 1.0000 1.0000 0.0912 0.0059 0.0004 1.0000 1.0000 0.2005 0.0129 0.0008 0.0001 1.0000 0.4414 0.0284 0.0018 0.0001 1.0000 0.9868 0.0639 0.0041 0.0003 1.0000 1.0000 0.1519 0.0100 0.0007 0.0000 1.0000
0.0000 0.0007 0.0103 0.1554 1.0000 1.0000 0.0003 0.0041 0.0631 0.9682 1.0000 0.0001 0.0018 0.0275 0.4266 1.0000 0.0001 0.0008 0.0124 0.1926 1.0000 1.0000 0.0004 0.0056 0.0877 1.0000 1.0000 0.0002 0.0026 0.0399 0.6204 1.0000 0.0001 0.0012 0.0182 0.2829 1.0000 0.0000 0.0005 0.0083 0.1287 1.0000 1.0000 0.0002 0.0038 0.0585 0.9058 1.0000 0.0001 0.0013 0.0074 0.0013 0.0001 1.0000 0.9058 0.0585 0.0038 0.0002 1.0000 1.0000 0.1287 0.0083 0.0005 0.0000 1.0000 0.2829 0.0182 0.0012 0.0001 1.0000 0.6204 0.0399 0.0026 0.0002 1.0000 1.0000 0.0877 0.0056 0.0004 1.0000 1.0000 0.1926 0.0124 0.0008 0.0001 1.0000 0.4266 0.0275 0.0018 0.0001 1.0000 0.9682 0.0631 0.0041 0.0003 1.0000 1.0000 0.1554 0.0103 0.0007 0.0000
0.0007 0.0107 0.1608 1.0000 1.0000 0.0003 0.0041 0.0631 0.9608 1.0000 0.0001 0.0017 0.0268 0.4146 1.0000 0.0000 0.0008 0.0120 0.1858 1.0000 1.0000 0.0003 0.0054 0.0842 1.0000 1.0000 0.0002 0.0025 0.0383 0.5961 1.0000 0.0001 0.0011 0.0174 0.2713 1.0000 0.0000 0.0005 0.0080 0.1237 1.0000 1.0000 0.0002 0.0036 0.0563 0.8737 1.0000 0.0001 0.0015 0.0199 0.1110 0.0199 0.0015 0.0001 1.0000 0.8737 0.0563 0.0036 0.0002 1.0000 1.0000 0.1237 0.0080 0.0005 0.0000 1.0000 0.2713 0.0174 0.0011 0.0001 1.0000 0.5961 0.0383 0.0025 0.0002 1.0000 1.0000 0.0842 0.0054 0.0003 1.0000 1.0000 0.1858 0.0120 0.0008 0.0000 1.0000 0.4146 0.0268 0.0017 0.0001 1.0000 0.9608 0.0631 0.0041 0.0003 1.0000 1.0000 0.1608 0.0107 0.0007
0.0108 0.1670 1.0000 1.0000 0.0003 0.0042 0.0639 0.9682 1.0000 0.0001 0.0017 0.0264 0.4060 1.0000 0.0000 0.0007 0.0116 0.1795 1.0000 1.0000 0.0003 0.0052 0.0811 1.0000 1.0000 0.0002 0.0024 0.0368 0.5728 1.0000 0.0001 0.0011 0.0168 0.2606 1.0000 1.0000 0.0005 0.0076 0.1186 1.0000 1.0000 0.0002 0.0035 0.0541 0.8395 1.0000 0.0001 0.0016 0.0230 0.2978 1.0000 0.2978 0.0230 0.0016 0.0001 1.0000 0.8395 0.0541 0.0035 0.0002 1.0000 1.0000 0.1186 0.0076 0.0005 1.0000 1.0000 0.2606 0.0168 0.0011 0.0001 1.0000 0.5728 0.0368 0.0024 0.0002 1.0000 1.0000 0.0811 0.0052 0.0003 1.0000 1.0000 0.1795 0.0116 0.0007 0.0000 1.0000 0.4060 0.0264 0.0017 0.0001 1.0000 0.9682 0.0639 0.0042 0.0003 1.0000 1.0000 0.1670 0.0108
0.1686 1.0000 1.0000 0.0003 0.0044 0.0655 0.9868 1.0000 0.0001 0.0017 0.0262 0.4014 1.0000 0.0000 0.0007 0.0113 0.1742 1.0000 1.0000 0.0003 0.0050 0.0781 1.0000 1.0000 0.0001 0.0023 0.0354 0.5504 1.0000 0.0001 0.0010 0.0161 0.2504 1.0000 1.0000 0.0005 0.0073 0.1140 1.0000 1.0000 0.0002 0.0033 0.0520 0.8066 1.0000 0.0001 0.0015 0.0232 0.3441 1.0000 1.0000 1.0000 0.3441 0.0232 0.0015 0.0001 1.0000 0.8066 0.0520 0.0033 0.0002 1.0000 1.0000 0.1140 0.0073 0.0005 1.0000 1.0000 0.2504 0.0161 0.0010 0.0001 1.0000 0.5504 0.0354 0.0023 0.0001 1.0000 1.0000 0.0781 0.0050 0.0003 1.0000 1.0000 0.1742 0.0113 0.0007 0.0000 1.0000 0.4014 0.0262 0.0017 0.0001 1.0000 0.9868 0.0655 0.0044 0.0003 1.0000 1.0000 0.1686
1.0000 1.0000 0.0003 0.0045 0.0677 1.0000 1.0000 0.0001 0.0017 0.0264 0.4014 1.0000 0.0000 0.0007 0.0110 0.1702 1.0000 1.0000 0.0003 0.0049 0.0753 1.0000 1.0000 0.0001 0.0022 0.0340 0.5288 1.0000 0.0001 0.0010 0.0155 0.2402 1.0000 1.0000 0.0005 0.0070 0.1095 1.0000 1.0000 0.0002 0.0032 0.0498 0.7750 1.0000 0.0001 0.0015 0.0226 0.3467 1.0000 0.0000 0.0002 0.0000 1.0000 0.3467 0.0226 0.0015 0.0001 1.0000 0.7750 0.0498 0.0032 0.0002 1.0000 1.0000 0.1095 0.0070 0.0005 1.0000 1.0000 0.2402 0.0155 0.0010 0.0001 1.0000 0.5288 0.0340 0.0022 0.0001 1.0000 1.0000 0.0753 0.0049 0.0003 1.0000 1.0000 0.1702 0.0110 0.0007 0.0000 1.0000 0.4014 0.0264 0.0017 0.0001 1.0000 1.0000 0.0677 0.0045 0.0003 1.0000 1.0000
1.0000 0.0003 0.0047 0.0702 1.0000 1.0000 0.0001 0.0018 0.0268 0.4060 1.0000 0.0000 0.0007 0.0109 0.1673 1.0000 1.0000 0.0003 0.0047 0.0730 1.0000 1.0000 0.0001 0.0021 0.0328 0.5091 1.0000 0.0001 0.0010 0.0149 0.2308 1.0000 1.0000 0.0004 0.0068 0.1052 1.0000 1.0000 0.0002 0.0031 0.0479 0.7447 1.0000 0.0001 0.0014 0.0217 0.3369 1.0000 0.0000 0.0005 0.0028 0.0005 0.0000 1.0000 0.3369 0.0217 0.0014 0.0001 1.0000 0.7447 0.0479 0.0031 0.0002 1.0000 1.0000 0.1052 0.0068 0.0004 1.0000 1.0000 0.2308 0.0149 0.0010 0.0001 1.0000 0.5091 0.0328 0.0021 0.0001 1.0000 1.0000 0.0730 0.0047 0.0003 1.0000 1.0000 0.1673 0.0109 0.0007 0.0000 1.0000 0.4060 0.0268 0.0018 0.0001 1.0000 1.0000 0.0702 0.0047 0.0003 1.0000
0.0003 0.0049 0.0730 1.0000 1.0000 0.0001 0.0018 0.0275 0.4146 1.0000 0.0000 0.0007 0.0109 0.1667 1.0000 1.0000 0.0003 0.0046 0.0712 1.0000 1.0000 0.0001 0.0020 0.0316 0.4910 1.0000 0.0001 0.0009 0.0143 0.2222 1.0000 1.0000 0.0004 0.0065 0.1009 1.0000 1.0000 0.0002 0.0030 0.0460 0.7155 1.0000 0.0001 0.0013 0.0209 0.3250 1.0000 0.0000 0.0006 0.0074 0.0413 0.0074 0.0006 0.0000 1.0000 0.3250 0.0209 0.0013 0.0001 1.0000 0.7155 0.0460 0.0030 0.0002 1.0000 1.0000 0.1009 0.0065 0.0004 1.0000 1.0000 0.2222 0.0143 0.0009 0.0001 1.0000 0.4910 0.0316 0.0020 0.0001 1.0000 1.0000 0.0712 0.0046 0.0003 1.0000 1.0000 0.1667 0.0109 0.0007 0.0000 1.0000 0.4146 0.0275 0.0018 0.0001 1.0000 1.0000 0.0730 0.0049 0.0003
0.0049 0.0760 1.0000 1.0000 0.0001 0.0019 0.0284 0.4266 1.0000 0.0000 0.0007 0.0110 0.1673 1.0000 1.0000 0.0003 0.0046 0.0700 1.0000 1.0000 0.0001 0.0020 0.0307 0.4745 1.0000 0.0001 0.0009 0.0138 0.2139 1.0000 1.0000 0.0004 0.0062 0.0970 1.0000 1.0000 0.0002 0.0028 0.0441 0.6862 1.0000 0.0001 0.0013 0.0201 0.3123 1.0000 0.0000 0.0006 0.0086 0.1108 0.6169 0.1108 0.0086 0.0006 0.0000 1.0000 0.3123 0.0201 0.0013 0.0001 1.0000 0.6862 0.0441 0.0028 0.0002 1.0000 1.0000 0.0970 0.0062 0.0004 1.0000 1.0000 0.2139 0.0138 0.0009 0.0001 1.0000 0.4745 0.0307 0.0020 0.0001 1.0000 1.0000 0.0700 0.0046 0.0003 1.0000 1.0000 0.1673 0.0110 0.0007 0.0000 1.0000 0.4266 0.0284 0.0019 0.0001 1.0000 1.0000 0.0760 0.0049
0.0769 1.0000 1.0000 0.0001 0.0020 0.0295 0.4414 1.0000 0.0000 0.0007 0.0113 0.1702 1.0000 1.0000 0.0003 0.0045 0.0694 1.0000 1.0000 0.0001 0.0019 0.0299 0.4611 1.0000 0.0001 0.0009 0.0133 0.2063 1.0000 1.0000 0.0004 0.0060 0.0933 1.0000 1.0000 0.0002 0.0027 0.0424 0.6594 1.0000 0.0001 0.0012 0.0193 0.3000 1.0000 0.0000 0.0006 0.0086 0.1280 1.0000 1.0000 1.0000 0.1280 0.0086 0.0006 0.0000 1.0000 0.3000 0.0193 0.0012 0.0001 1.0000 0.6594 0.0424 0.0027 0.0002 1.0000 1.0000 0.0933 0.0060 0.0004 1.0000 1.0000 0.2063 0.0133 0.0009 0.0001 1.0000 0.4611 0.0299 0.0019 0.0001 1.0000 1.0000 0.0694 0.0045 0.0003 1.0000 1.0000 0.1702 0.0113 0.0007 0.0000 1.0000 0.4414 0.0295 0.0020 0.0001 1.0000 1.0000 0.0769
1.0000 1.0000 0.0001 0.0021 0.0307 0.4585 1.0000 0.0001 0.0008 0.0116 0.1742 1.0000 1.0000 0.0003 0.0046 0.0694 1.0000 1.0000 0.0001 0.0019 0.0293 0.4507 1.0000 0.0001 0.0008 0.0129 0.1993 1.0000 1.0000 0.0004 0.0058 0.0899 1.0000 1.0000 0.0002 0.0026 0.0407 0.6335 1.0000 0.0001 0.0012 0.0185 0.2883 1.0000 0.0000 0.0005 0.0084 0.1287 1.0000 1.0000 0.0001 1.0000 1.0000 0.1287 0.0084 0.0005 0.0000 1.0000 0.2883 0.0185 0.0012 0.0001 1.0000 0.6335 0.0407 0.0026 0.0002 1.0000 1.0000 0.0899 0.0058 0.0004 1.0000 1.0000 0.1993 0.0129 0.0008 0.0001 1.0000 0.4507 0.0293 0.0019 0.0001 1.0000 1.0000 0.0694 0.0046 0.0003 1.0000 1.0000 0.1742 0.0116 0.0008 0.0001 1.0000 0.4585 0.0307 0.0021 0.0001 1.0000 1.0000
1.0000 0.0001 0.0021 0.0319 0.4772 1.0000 0.0001 0.0008 0.0120 0.1795 1.0000 1.0000 0.0003 0.0046 0.0700 1.0000 1.0000 0.0001 0.0019 0.0289 0.4431 1.0000 0.0001 0.0008 0.0125 0.1934 1.0000 1.0000 0.0004 0.0056 0.0867 1.0000 1.0000 0.0002 0.0025 0.0392 0.6087 1.0000 0.0001 0.0011 0.0178 0.2770 1.0000 0.0000 0.0005 0.0081 0.1253 1.0000 1.0000 0.0002 0.0010 0.0002 1.0000 1.0000 0.1253 0.0081 0.0005 0.0000 1.0000 0.2770 0.0178 0.0011 0.0001 1.0000 0.6087 0.0392 0.0025 0.0002 1.0000 1.0000 0.0867 0.0056 0.0004 1.0000 1.0000 0.1934 0.0125 0.0008 0.0001 1.0000 0.4431 0.0289 0.0019 0.0001 1.0000 1.0000 0.0700 0.0046 0.0003 1.0000 1.0000 0.1795 0.0120 0.0008 0.0001 1.0000 0.4772 0.0319 0.0021 0.0001 1.0000
0.0001 0.0022 0.0332 0.4967 1.0000 0.0001 0.0008 0.0124 0.1858 1.0000 1.0000 0.0003 0.0047 0.0712 1.0000 1.0000 0.0001 0.0019 0.0288 0.4397 1.0000 0.0001 0.0008 0.0122 0.1886 1.0000 1.0000 0.0003 0.0054 0.0836 1.0000 1.0000 0.0002 0.0024 0.0377 0.5860 1.0000 0.0001 0.0011 0.0171 0.2662 1.0000 1.0000 0.0005 0.0078 0.1209 1.0000 1.0000 0.0002 0.0028 0.0154 0.0028 0.0002 1.0000 1.0000 0.1209 0.0078 0.0005 1.0000 1.0000 0.2662 0.0171 0.0011 0.0001 1.0000 0.5860 0.0377 0.0024 0.0002 1.0000 1.0000 0.0836 0.0054 0.0003 1.0000 1.0000 0.1886 0.0122 0.0008 0.0001 1.0000 0.4397 0.0288 0.0019 0.0001 1.0000 1.0000 0.0712 0.0047 0.0003 1.0000 1.0000 0.1858 0.0124 0.0008 0.0001 1.0000 0.4967 0.0332 0.0022 0.0001
0.0022 0.0347 0.5169 1.0000 0.0001 0.0009 0.0129 0.1926 1.0000 1.0000 0.0003 0.0049 0.0730 1.0000 1.0000 0.0001 0.0019 0.0289 0.4397 1.0000 0.0001 0.0008 0.0120 0.1851 1.0000 1.0000 0.0003 0.0052 0.0811 1.0000 1.0000 0.0002 0.0023 0.0363 0.5641 1.0000 0.0001 0.0011 0.0164 0.2557 1.0000 1.0000 0.0005 0.0075 0.1162 1.0000 1.0000 0.0002 0.0032 0.0412 0.2295 0.0412 0.0032 0.0002 1.0000 1.0000 0.1162 0.0075 0.0005 1.0000 1.0000 0.2557 0.0164 0.0011 0.0001 1.0000 0.5641 0.0363 0.0023 0.0002 1.0000 1.0000 0.0811 0.0052 0.0003 1.0000 1.0000 0.1851 0.0120 0.0008 0.0001 1.0000 0.4397 0.0289 0.0019 0.0001 1.0000 1.0000 0.0730 0.0049 0.0003 1.0000 1.0000 0.1926 0.0129 0.0009 0.0001 1.0000 0.5169 0.0347 0.0022
0.0350 0.5390 1.0000 0.0001 0.0009 0.0134 0.2005 1.0000 1.0000 0.0003 0.0050 0.0753 1.0000 1.0000 0.0001 0.0019 0.0293 0.4431 1.0000 0.0001 0.0008 0.0119 0.1830 1.0000 1.0000 0.0003 0.0051 0.0790 1.0000 1.0000 0.0001 0.0023 0.0351 0.5441 1.0000 0.0001 0.0010 0.0158 0.2462 1.0000 1.0000 0.0005 0.0072 0.1118 1.0000 1.0000 0.0002 0.0032 0.0476 0.6146 1.0000 0.6146 0.0476 0.0032 0.0002 1.0000 1.0000 0.1118 0.0072 0.0005 1.0000 1.0000 0.2462 0.0158 0.0010 0.0001 1.0000 0.5441 0.0351 0.0023 0.0001 1.0000 1.0000 0.0790 0.0051 0.0003 1.0000 1.0000 0.1830 0.0119 0.0008 0.0001 1.0000 0.4431 0.0293 0.0019 0.0001 1.0000 1.0000 0.0753 0.0050 0.0003 1.0000 1.0000 0.2005 0.0134 0.0009 0.0001 1.0000 0.5390 0.0350
0.5441 1.0000 0.0001 0.0009 0.0140 0.2087 1.0000 1.0000 0.0003 0.0052 0.0781 1.0000 1.0000 0.0001 0.0020 0.0299 0.4507 1.0000 0.0001 0.0008 0.0119 0.1823 1.0000 1.0000 0.0003 0.0050 0.0773 1.0000 1.0000 0.0001 0.0022 0.0340 0.5268 1.0000 0.0001 0.0010 0.0153 0.2370 1.0000 1.0000 0.0004 0.0069 0.1074 1.0000 1.0000 0.0002 0.0031 0.0480 0.7101 1.0000 1.0000 1.0000 0.7101 0.0480 0.0031 0.0002 1.0000 1.0000 0.1074 0.0069 0.0004 1.0000 1.0000 0.2370 0.0153 0.0010 0.0001 1.0000 0.5268 0.0340 0.0022 0.0001 1.0000 1.0000 0.0773 0.0050 0.0003 1.0000 1.0000 0.1823 0.0119 0.0008 0.0001 1.0000 0.4507 0.0299 0.0020 0.0001 1.0000 1.0000 0.0781 0.0052 0.0003 1.0000 1.0000 0.2087 0.0140 0.0009 0.0001 1.0000 0.5441
1.0000 0.0001 0.0010 0.0145 0.2172 1.0000 1.0000 0.0004 0.0054 0.0811 1.0000 1.0000 0.0001 0.0020 0.0307 0.4611 1.0000 0.0001 0.0008 0.0120 0.1830 1.0000 1.0000 0.0003 0.0050 0.0762 1.0000 1.0000 0.0001 0.0021 0.0331 0.5110 1.0000 0.0001 0.0010 0.0147 0.2286 1.0000 1.0000 0.0004 0.0066 0.1032 1.0000 1.0000 0.0002 0.0030 0.0467 0.7169 1.0000 0.0001 0.0004 0.0001 1.0000 0.7169 0.0467 0.0030 0.0002 1.0000 1.0000 0.1032 0.0066 0.0004 1.0000 1.0000 0.2286 0.0147 0.0010 0.0001 1.0000 0.5110 0.0331 0.0021 0.0001 1.0000 1.0000 0.0762 0.0050 0.0003 1.0000 1.0000 0.1830 0.0120 0.0008 0.0001 1.0000 0.4611 0.0307 0.0020 0.0001 1.0000 1.0000 0.0811 0.0054 0.0004 1.0000 1.0000 0.2172 0.0145 0.0010 0.0001 1.0000
0.0001 0.0010 0.0152 0.2260 1.0000 1.0000 0.0004 0.0056 0.0842 1.0000 1.0000 0.0001 0.0021 0.0316 0.4745 1.0000 0.0001 0.0008 0.0122 0.1851 1.0000 1.0000 0.0003 0.0050 0.0756 1.0000 1.0000 0.0001 0.0021 0.0324 0.4985 1.0000 0.0001 0.0009 0.0143 0.2209 1.0000 1.0000 0.0004 0.0064 0.0994 1.0000 1.0000 0.0002 0.0029 0.0451 0.6981 1.0000 0.0001 0.0010 0.0057 0.0010 0.0001 1.0000 0.6981 0.0451 0.0029 0.0002 1.0000 1.0000 0.0994 0.0064 0.0004 1.0000 1.0000 0.2209 0.0143 0.0009 0.0001 1.0000 0.4985 0.0324 0.0021 0.0001 1.0000 1.0000 0.0756 0.0050 0.0003 1.0000 1.0000 0.1851 0.0122 0.0008 0.0001 1.0000 0.4745 0.0316 0.0021 0.0001 1.0000 1.0000 0.0842 0.0056 0.0004 1.0000 1.0000 0.2260 0.0152 0.0010 0.0001
0.0010 0.0158 0.2357 1.0000 1.0000 0.0004 0.0059 0.0877 1.0000 1.0000 0.0001 0.0022 0.0328 0.4910 1.0000 0.0001 0.0008 0.0125 0.1886 1.0000 1.0000 0.0003 0.0050 0.0756 1.0000 1.0000 0.0001 0.0021 0.0318 0.4892 1.0000 0.0001 0.0009 0.0139 0.2143 1.0000 1.0000 0.0004 0.0062 0.0960 1.0000 1.0000 0.0002 0.0028 0.0434 0.6733 1.0000 0.0001 0.0012 0.0154 0.0855 0.0154 0.0012 0.0001 1.0000 0.6733 0.0434 0.0028 0.0002 1.0000 1.0000 0.0960 0.0062 0.0004 1.0000 1.0000 0.2143 0.0139 0.0009 0.0001 1.0000 0.4892 0.0318 0.0021 0.0001 1.0000 1.0000 0.0756 0.0050 0.0003 1.0000 1.0000 0.1886 0.0125 0.0008 0.0001 1.0000 0.4910 0.0328 0.0022 0.0001 1.0000 1.0000 0.0877 0.0059 0.0004 1.0000 1.0000 0.2357 0.0158 0.0010
0.0159 0.2453 1.0000 1.0000 0.0004 0.0061 0.0912 1.0000 1.0000 0.0002 0.0023 0.0340 0.5091 1.0000 0.0001 0.0009 0.0129 0.1934 1.0000 1.0000 0.0003 0.0050 0.0762 1.0000 1.0000 0.0001 0.0021 0.0314 0.4818 1.0000 0.0001 0.0009 0.0135 0.2087 1.0000 1.0000 0.0004 0.0060 0.0928 1.0000 1.0000 0.0002 0.0027 0.0418 0.6482 1.0000 0.0001 0.0012 0.0177 0.2295 1.0000 0.2295 0.0177 0.0012 0.0001 1.0000 0.6482 0.0418 0.0027 0.0002 1.0000 1.0000 0.0928 0.0060 0.0004 1.0000 1.0000 0.2087 0.0135 0.0009 0.0001 1.0000 0.4818 0.0314 0.0021 0.0001 1.0000 1.0000 0.0762 0.0050 0.0003 1.0000 1.0000 0.1934 0.0129 0.0009 0.0001 1.0000 0.5091 0.0340 0.0023 0.0002 1.0000 1.0000 0.0912 0.0061 0.0004 1.0000 1.0000 0.2453 0.0159
0.2481 1.0000 1.0000 0.0004 0.0064 0.0949 1.0000 1.0000 0.0002 0.0024 0.0354 0.5288 1.0000 0.0001 0.0009 0.0133 0.1993 1.0000 1.0000 0.0003 0.0051 0.0773 1.0000 1.0000 0.0001 0.0021 0.0313 0.4790 1.0000 0.0001 0.0009 0.0133 0.2039 1.0000 1.0000 0.0004 0.0058 0.0899 1.0000 1.0000 0.0002 0.0026 0.0403 0.6252 1.0000 0.0001 0.0012 0.0179 0.2651 1.0000 1.0000 1.0000 0.2651 0.0179 0.0012 0.0001 1.0000 0.6252 0.0403 0.0026 0.0002 1.0000 1.0000 0.0899 0.0058 0.0004 1.0000 1.0000 0.2039 0.0133 0.0009 0.0001 1.0000 0.4790 0.0313 0.0021 0.0001 1.0000 1.0000 0.0773 0.0051 0.0003 1.0000 1.0000 0.1993 0.0133 0.0009 0.0001 1.0000 0.5288 0.0354 0.0024 0.0002 1.0000 1.0000 0.0949 0.0064 0.0004 1.0000 1.0000 0.2481
1.0000 1.0000 0.0004 0.0066 0.0990 1.0000 1.0000 0.0002 0.0025 0.0368 0.5504 1.0000 0.0001 0.0009 0.0138 0.2063 1.0000 1.0000 0.0003 0.0052 0.0790 1.0000 1.0000 0.0001 0.0021 0.0314 0.4790 1.0000 0.0001 0.0009 0.0131 0.2009 1.0000 1.0000 0.0004 0.0057 0.0873 1.0000 1.0000 0.0002 0.0025 0.0389 0.6030 1.0000 0.0001 0.0011 0.0174 0.2677 1.0000 1.0000 0.0001 1.0000 1.0000 0.2677 0.0174 0.0011 0.0001 1.0000 0.6030 0.0389 0.0025 0.0002 1.0000 1.0000 0.0873 0.0057 0.0004 1.0000 1.0000 0.2009 0.0131 0.0009 0.0001 1.0000 0.4790 0.0314 0.0021 0.0001 1.0000 1.0000 0.0790 0.0052 0.0003 1.0000 1.0000 0.2063 0.0138 0.0009 0.0001 1.0000 0.5504 0.0368 0.0025 0.0002 1.0000 1.0000 0.0990 0.0066 0.0004 1.0000 1.0000
1.0000 0.0005 0.0069 0.1030 1.0000 1.0000 0.0002 0.0026 0.0383 0.5728 1.0000 0.0001 0.0010 0.0143 0.2139 1.0000 1.0000 0.0004 0.0054 0.0811 1.0000 1.0000 0.0001 0.0021 0.0318 0.4818 1.0000 0.0001 0.0009 0.0130 0.1990 1.0000 1.0000 0.0004 0.0055 0.0854 1.0000 1.0000 0.0002 0.0024 0.0377 0.5827 1.0000 0.0001 0.0011 0.0169 0.2611 1.0000 1.0000 0.0004 0.0021 0.0004 1.0000 1.0000 0.2611 0.0169 0.0011 0.0001 1.0000 0.5827 0.0377 0.0024 0.0002 1.0000 1.0000 0.0854 0.0055 0.0004 1.0000 1.0000 0.1990 0.0130 0.0009 0.0001 1.0000 0.4818 0.0318 0.0021 0.0001 1.0000 1.0000 0.0811 0.0054 0.0004 1.0000 1.0000 0.2139 0.0143 0.0010 0.0001 1.0000 0.5728 0.0383 0.0026 0.0002 1.0000 1.0000 0.1030 0.0069 0.0005 1.0000
0.0005 0.0072 0.1072 1.0000 1.0000 0.0002 0.0027 0.0399 0.5961 1.0000 0.0001 0.0010 0.0149 0.2222 1.0000 1.0000 0.0004 0.0056 0.0836 1.0000 1.0000 0.0001 0.0021 0.0324 0.4892 1.0000 0.0001 0.0009 0.0130 0.1982 1.0000 1.0000 0.0004 0.0054 0.0837 1.0000 1.0000 0.0002 0.0024 0.0365 0.5652 1.0000 0.0001 0.0011 0.0163 0.2528 1.0000 1.0000 0.0004 0.0057 0.0319 0.0057 0.0004 1.0000 1.0000 0.2528 0.0163 0.0011 0.0001 1.0000 0.5652 0.0365 0.0024 0.0002 1.0000 1.0000 0.0837 0.0054 0.0004 1.0000 1.0000 0.1982 0.0130 0.0009 0.0001 1.0000 0.4892 0.0324 0.0021 0.0001 1.0000 1.0000 0.0836 0.0056 0.0004 1.0000 1.0000 0.2222 0.0149 0.0010 0.0001 1.0000 0.5961 0.0399 0.0027 0.0002 1.0000 1.0000 0.1072 0.0072 0.0005
0.0073 0.1118 1.0000 1.0000 0.0002 0.0028 0.0415 0.6204 1.0000 0.0001 0.0010 0.0155 0.2308 1.0000 1.0000 0.0004 0.0058 0.0867 1.0000 1.0000 0.0001 0.0022 0.0331 0.4985 1.0000 0.0001 0.0009 0.0131 0.1990 1.0000 1.0000 0.0004 0.0054 0.0826 1.0000 1.0000 0.0002 0.0023 0.0357 0.5504 1.0000 0.0001 0.0010 0.0158 0.2443 1.0000 1.0000 0.0004 0.0066 0.0857 0.4781 0.0857 0.0066 0.0004 1.0000 1.0000 0.2443 0.0158 0.0010 0.0001 1.0000 0.5504 0.0357 0.0023 0.0002 1.0000 1.0000 0.0826 0.0054 0.0004 1.0000 1.0000 0.1990 0.0131 0.0009 0.0001 1.0000 0.4985 0.0331 0.0022 0.0001 1.0000 1.0000 0.0867 0.0058 0.0004 1.0000 1.0000 0.2308 0.0155 0.0010 0.0001 1.0000 0.6204 0.0415 0.0028 0.0002 1.0000 1.0000 0.1118 0.0073
0.1129 1.0000 1.0000 0.0002 0.0029 0.0433 0.6457 1.0000 0.0001 0.0011 0.0161 0.2402 1.0000 1.0000 0.0004 0.0060 0.0899 1.0000 1.0000 0.0002 0.0023 0.0340 0.5110 1.0000 0.0001 0.0009 0.0133 0.2009 1.0000 1.0000 0.0004 0.0054 0.0822 1.0000 1.0000 0.0001 0.0023 0.0350 0.5380 1.0000 0.0001 0.0010 0.0153 0.2370 1.0000 1.0000 0.0004 0.0067 0.0994 1.0000 1.0000 1.0000 0.0994 0.0067 0.0004 1.0000 1.0000 0.2370 0.0153 0.0010 0.0001 1.0000 0.5380 0.0350 0.0023 0.0001 1.0000 1.0000 0.0822 0.0054 0.0004 1.0000 1.0000 0.2009 0.0133 0.0009 0.0001 1.0000 0.5110 0.0340 0.0023 0.0002 1.0000 1.0000 0.0899 0.0060 0.0004 1.0000 1.0000 0.2402 0.0161 0.0011 0.0001 1.0000 0.6457 0.0433 0.0029 0.0002 1.0000 1.0000 0.1129
1.0000 1.0000 0.0002 0.0030 0.0451 0.6733 1.0000 0.0001 0.0011 0.0168 0.2504 1.0000 1.0000 0.0004 0.0062 0.0933 1.0000 1.0000 0.0002 0.0023 0.0351 0.5268 1.0000 0.0001 0.0009 0.0135 0.2039 1.0000 1.0000 0.0004 0.0054 0.0822 1.0000 1.0000 0.0001 0.0022 0.0345 0.5288 1.0000 0.0001 0.0010 0.0149 0.2303 1.0000 1.0000 0.0004 0.0066 0.1007 1.0000 1.0000 0.0001 1.0000 1.0000 0.1007 0.0066 0.0004 1.0000 1.0000 0.2303 0.0149 0.0010 0.0001 1.0000 0.5288 0.0345 0.0022 0.0001 1.0000 1.0000 0.0822 0.0054 0.0004 1.0000 1.0000 0.2039 0.0135 0.0009 0.0001 1.0000 0.5268 0.0351 0.0023 0.0002 1.0000 1.0000 0.0933 0.0062 0.0004 1.0000 1.0000 0.2504 0.0168 0.0011 0.0001 1.0000 0.6733 0.0451 0.0030 0.0002 1.0000 1.0000
1.0000 0.0002 0.0031 0.0469 0.7007 1.0000 0.0001 0.0012 0.0174 0.2606 1.0000 1.0000 0.0004 0.0065 0.0970 1.0000 1.0000 0.0002 0.0024 0.0363 0.5441 1.0000 0.0001 0.0009 0.0139 0.2087 1.0000 1.0000 0.0004 0.0054 0.0826 1.0000 1.0000 0.0001 0.0022 0.0341 0.5228 1.0000 0.0001 0.0009 0.0146 0.2247 1.0000 1.0000 0.0004 0.0064 0.0988 1.0000 1.0000 0.0001 0.0008 0.0001 1.0000 1.0000 0.0988 0.0064 0.0004 1.0000 1.0000 0.2247 0.0146 0.0009 0.0001 1.0000 0.5228 0.0341 0.0022 0.0001 1.0000 1.0000 0.0826 0.0054 0.0004 1.0000 1.0000 0.2087 0.0139 0.0009 0.0001 1.0000 0.5441 0.0363 0.0024 0.0002 1.0000 1.0000 0.0970 0.0065 0.0004 1.0000 1.0000 0.2606 0.0174 0.0012 0.0001 1.0000 0.7007 0.0469 0.0031 0.0002 1.0000
0.0002 0.0033 0.0489 0.7293 1.0000 0.0001 0.0012 0.0182 0.2713 1.0000 1.0000 0.0005 0.0068 0.1009 1.0000 1.0000 0.0002 0.0025 0.0377 0.5641 1.0000 0.0001 0.0010 0.0143 0.2143 1.0000 1.0000 0.0004 0.0055 0.0837 1.0000 1.0000 0.0001 0.0022 0.0340 0.5189 1.0000 0.0001 0.0009 0.0143 0.2205 1.0000 1.0000 0.0004 0.0062 0.0964 1.0000 1.0000 0.0002 0.0022 0.0120 0.0022 0.0002 1.0000 1.0000 0.0964 0.0062 0.0004 1.0000 1.0000 0.2205 0.0143 0.0009 0.0001 1.0000 0.5189 0.0340 0.0022 0.0001 1.0000 1.0000 0.0837 0.0055 0.0004 1.0000 1.0000 0.2143 0.0143 0.0010 0.0001 1.0000 0.5641 0.0377 0.0025 0.0002 1.0000 1.0000 0.1009 0.0068 0.0005 1.0000 1.0000 0.2713 0.0182 0.0012 0.0001 1.0000 0.7293 0.0489 0.0033 0.0002
0.0033 0.0509 0.7604 1.0000 0.0001 0.0013 0.0189 0.2829 1.0000 1.0000 0.0005 0.0070 0.1052 1.0000 1.0000 0.0002 0.0026 0.0392 0.5860 1.0000 0.0001 0.0010 0.0147 0.2209 1.0000 1.0000 0.0004 0.0057 0.0854 1.0000 1.0000 0.0001 0.0022 0.0341 0.5189 1.0000 0.0001 0.0009 0.0142 0.2172 1.0000 1.0000 0.0004 0.0061 0.0940 1.0000 1.0000 0.0002 0.0025 0.0324 0.1806 0.0324 0.0025 0.0002 1.0000 1.0000 0.0940 0.0061 0.0004 1.0000 1.0000 0.2172 0.0142 0.0009 0.0001 1.0000 0.5189 0.0341 0.0022 0.0001 1.0000 1.0000 0.0854 0.0057 0.0004 1.0000 1.0000 0.2209 0.0147 0.0010 0.0001 1.0000 0.5860 0.0392 0.0026 0.0002 1.0000 1.0000 0.1052 0.0070 0.0005 1.0000 1.0000 0.2829 0.0189 0.0013 0.0001 1.0000 0.7604 0.0509 0.0033
0.0515 0.7914 1.0000 0.0001 0.0013 0.0197 0.2944 1.0000 0.0000 0.0005 0.0073 0.1095 1.0000 1.0000 0.0002 0.0027 0.0407 0.6087 1.0000 0.0001 0.0010 0.0153 0.2286 1.0000 1.0000 0.0004 0.0058 0.0873 1.0000 1.0000 0.0002 0.0023 0.0345 0.5228 1.0000 0.0001 0.0009 0.0141 0.2155 1.0000 1.0000 0.0004 0.0060 0.0919 1.0000 1.0000 0.0002 0.0026 0.0378 0.4873 1.0000 0.4873 0.0378 0.0026 0.0002 1.0000 1.0000 0.0919 0.0060 0.0004 1.0000 1.0000 0.2155 0.0141 0.0009 0.0001 1.0000 0.5228 0.0345 0.0023 0.0002 1.0000 1.0000 0.0873 0.0058 0.0004 1.0000 1.0000 0.2286 0.0153 0.0010 0.0001 1.0000 0.6087 0.0407 0.0027 0.0002 1.0000 1.0000 0.1095 0.0073 0.0005 0.0000 1.0000 0.2944 0.0197 0.0013 0.0001 1.0000 0.7914 0.0515
0.8005 1.0000 0.0001 0.0014 0.0205 0.3064 1.0000 0.0000 0.0005 0.0076 0.1140 1.0000 1.0000 0.0002 0.0028 0.0424 0.6335 1.0000 0.0001 0.0011 0.0158 0.2370 1.0000 1.0000 0.0004 0.0060 0.0899 1.0000 1.0000 0.0002 0.0023 0.0350 0.5288 1.0000 0.0001 0.0009 0.0141 0.2147 1.0000 1.0000 0.0004 0.0059 0.0905 1.0000 1.0000 0.0002 0.0025 0.0386 0.5695 1.0000 1.0000 1.0000 0.5695 0.0386 0.0025 0.0002 1.0000 1.0000 0.0905 0.0059 0.0004 1.0000 1.0000 0.2147 0.0141 0.0009 0.0001 1.0000 0.5288 0.0350 0.0023 0.0002 1.0000 1.0000 0.0899 0.0060 0.0004 1.0000 1.0000 0.2370 0.0158 0.0011 0.0001 1.0000 0.6335 0.0424 0.0028 0.0002 1.0000 1.0000 0.1140 0.0076 0.0005 0.0000 1.0000 0.3064 0.0205 0.0014 0.0001 1.0000 0.8005
1.0000 0.0001 0.0014 0.0214 0.3195 1.0000 0.0000 0.0005 0.0080 0.1186 1.0000 1.0000 0.0002 0.0030 0.0441 0.6594 1.0000 0.0001 0.0011 0.0164 0.2462 1.0000 1.0000 0.0004 0.0062 0.0928 1.0000 1.0000 0.0002 0.0024 0.0357 0.5380 1.0000 0.0001 0.0009 0.0142 0.2155 1.0000 1.0000 0.0004 0.0058 0.0895 1.0000 1.0000 0.0002 0.0025 0.0383 0.5816 1.0000 0.0001 0.0003 0.0001 1.0000 0.5816 0.0383 0.0025 0.0002 1.0000 1.0000 0.0895 0.0058 0.0004 1.0000 1.0000 0.2155 0.0142 0.0009 0.0001 1.0000 0.5380 0.0357 0.0024 0.0002 1.0000 1.0000 0.0928 0.0062 0.0004 1.0000 1.0000 0.2462 0.0164 0.0011 0.0001 1.0000 0.6594 0.0441 0.0030 0.0002 1.0000 1.0000 0.1186 0.0080 0.0005 0.0000 1.0000 0.3195 0.0214 0.0014 0.0001 1.0000
0.0001 0.0015 0.0222 0.3325 1.0000 0.0000 0.0006 0.0083 0.1237 1.0000 1.0000 0.0002 0.0031 0.0460 0.6862 1.0000 0.0001 0.0011 0.0171 0.2557 1.0000 1.0000 0.0004 0.0064 0.0960 1.0000 1.0000 0.0002 0.0024 0.0365 0.5504 1.0000 0.0001 0.0009 0.0143 0.2172 1.0000 1.0000 0.0004 0.0058 0.0890 1.0000 1.0000 0.0002 0.0025 0.0377 0.5772 1.0000 0.0001 0.0008 0.0046 0.0008 0.0001 1.0000 0.5772 0.0377 0.0025 0.0002 1.0000 1.0000 0.0890 0.0058 0.0004 1.0000 1.0000 0.2172 0.0143 0.0009 0.0001 1.0000 0.5504 0.0365 0.0024 0.0002 1.0000 1.0000 0.0960 0.0064 0.0004 1.0000 1.0000 0.2557 0.0171 0.0011 0.0001 1.0000 0.6862 0.0460 0.0031 0.0002 1.0000 1.0000 0.1237 0.0083 0.0006 0.0000 1.0000 0.3325 0.0222 0.0015 0.0001
0.0015 0.0232 0.3460 1.0000 0.0000 0.0006 0.0086 0.1287 1.0000 1.0000 0.0002 0.0032 0.0479 0.7155 1.0000 0.0001 0.0012 0.0178 0.2662 1.0000 1.0000 0.0004 0.0066 0.0994 1.0000 1.0000 0.0002 0.0025 0.0377 0.5652 1.0000 0.0001 0.0010 0.0146 0.2205 1.0000 1.0000 0.0004 0.0058 0.0890 1.0000 1.0000 0.0002 0.0024 0.0372 0.5706 1.0000 0.0001 0.0010 0.0125 0.0696 0.0125 0.0010 0.0001 1.0000 0.5706 0.0372 0.0024 0.0002 1.0000 1.0000 0.0890 0.0058 0.0004 1.0000 1.0000 0.2205 0.0146 0.0010 0.0001 1.0000 0.5652 0.0377 0.0025 0.0002 1.0000 1.0000 0.0994 0.0066 0.0004 1.0000 1.0000 0.2662 0.0178 0.0012 0.0001 1.0000 0.7155 0.0479 0.0032 0.0002 1.0000 1.0000 0.1287 0.0086 0.0006 0.0000 1.0000 0.3460 0.0232 0.0015
0.0234 0.3601 1.0000 0.0000 0.0006 0.0090 0.1340 1.0000 1.0000 0.0002 0.0033 0.0498 0.7447 1.0000 0.0001 0.0012 0.0185 0.2770 1.0000 1.0000 0.0005 0.0069 0.1032 1.0000 1.0000 0.0002 0.0026 0.0389 0.5827 1.0000 0.0001 0.0010 0.0149 0.2247 1.0000 1.0000 0.0004 0.0059 0.0895 1.0000 1.0000 0.0002 0.0024 0.0369 0.5641 1.0000 0.0001 0.0010 0.0148 0.1894 1.0000 0.1894 0.0148 0.0010 0.0001 1.0000 0.5652 0.0369 0.0024 0.0002 1.0000 1.0000 0.0895 0.0059 0.0004 1.0000 1.0000 0.2247 0.0149 0.0010 0.0001 1.0000 0.5827 0.0389 0.0026 0.0002 1.0000 1.0000 0.1032 0.0069 0.0005 1.0000 1.0000 0.2770 0.0185 0.0012 0.0001 1.0000 0.7447 0.0498 0.0033 0.0002 1.0000 1.0000 0.1340 0.0090 0.0006 0.0000 1.0000 0.3601 0.0234
0.3643 1.0000 0.0000 0.0006 0.0093 0.1397 1.0000 1.0000 0.0002 0.0035 0.0520 0.7750 1.0000 0.0001 0.0013 0.0193 0.2883 1.0000 1.0000 0.0005 0.0072 0.1074 1.0000 1.0000 0.0002 0.0027 0.0403 0.6030 1.0000 0.0001 0.0010 0.0153 0.2303 1.0000 1.0000 0.0004 0.0060 0.0905 1.0000 1.0000 0.0002 0.0024 0.0368 0.5599 1.0000 0.0001 0.0010 0.0152 0.2234 1.0000 1.0000 1.0000 0.2234 0.0152 0.0010 0.0001 1.0000 0.5631 0.0368 0.0024 0.0002 1.0000 1.0000 0.0905 0.0060 0.0004 1.0000 1.0000 0.2303 0.0153 0.0010 0.0001 1.0000 0.6030 0.0403 0.0027 0.0002 1.0000 1.0000 0.1074 0.0072 0.0005 1.0000 1.0000 0.2883 0.0193 0.0013 0.0001 1.0000 0.7750 0.0520 0.0035 0.0002 1.0000 1.0000 0.1397 0.0093 0.0006 0.0000 1.0000 0.3643
1.0000 0.0000 0.0007 0.0097 0.1454 1.0000 1.0000 0.0002 0.0036 0.0541 0.8066 1.0000 0.0001 0.0013 0.0201 0.3000 1.0000 0.0000 0.0005 0.0075 0.1118 1.0000 1.0000 0.0002 0.0028 0.0418 0.6252 1.0000 0.0001 0.0011 0.0158 0.2370 1.0000 1.0000 0.0004 0.0061 0.0919 1.0000 1.0000 0.0002 0.0024 0.0369 0.5599 1.0000 0.0001 0.0010 0.0153 0.2299 1.0000 1.0000 0.0001 1.0000 1.0000 0.2321 0.0150 0.0010 0.0001 1.0000 0.5493 0.0369 0.0024 0.0002 1.0000 1.0000 0.0919 0.0061 0.0004 1.0000 1.0000 0.2370 0.0158 0.0011 0.0001 1.0000 0.6252 0.0418 0.0028 0.0002 1.0000 1.0000 0.1118 0.0075 0.0005 0.0000 1.0000 0.3000 0.0201 0.0013 0.0001 1.0000 0.8066 0.0541 0.0036 0.0002 1.0000 1.0000 0.1454 0.0097 0.0007 0.0000 1.0000
0.0000 0.0007 0.0101 0.1513 1.0000 1.0000 0.0003 0.0038 0.0563 0.8395 1.0000 0.0001 0.0014 0.0209 0.3123 1.0000 0.0000 0.0005 0.0078 0.1162 1.0000 1.0000 0.0002 0.0029 0.0434 0.6482 1.0000 0.0001 0.0011 0.0163 0.2443 1.0000 1.0000 0.0004 0.0062 0.0940 1.0000 1.0000 0.0002 0.0025 0.0372 0.5641 1.0000 0.0001 0.0009 0.0148 0.2343 1.0000 1.0000 0.0003 0.0018 0.0003 1.0000 1.0000 0.2334 0.0153 0.0010 0.0001 1.0000 0.5641 0.0372 0.0025 0.0002 1.0000 1.0000 0.0940 0.0062 0.0004 1.0000 1.0000 0.2443 0.0163 0.0011 0.0001 1.0000 0.6482 0.0434 0.0029 0.0002 1.0000 1.0000 0.1162 0.0078 0.0005 0.0000 1.0000 0.3123 0.0209 0.0014 0.0001 1.0000 0.8395 0.0563 0.0038 0.0003 1.0000 1.0000 0.1513 0.0101 0.0007 0.0000
0.0007 0.0105 0.1572 1.0000 1.0000 0.0003 0.0039 0.0585 0.8737 1.0000 0.0001 0.0015 0.0217 0.3250 1.0000 0.0000 0.0005 0.0081 0.1209 1.0000 1.0000 0.0002 0.0030 0.0451 0.6733 1.0000 0.0001 0.0011 0.0169 0.2528 1.0000 1.0000 0.0004 0.0064 0.0964 1.0000 1.0000 0.0002 0.0025 0.0377 0.5706 1.0000 0.0001 0.0010 0.0146 0.2303 1.0000 1.0000 0.0004 0.0051 0.0283 0.0051 0.0004 1.0000 1.0000 0.2348 0.0154 0.0010 0.0001 1.0000 0.5706 0.0377 0.0025 0.0002 1.0000 1.0000 0.0964 0.0064 0.0004 1.0000 1.0000 0.2528 0.0169 0.0011 0.0001 1.0000 0.6733 0.0451 0.0030 0.0002 1.0000 1.0000 0.1209 0.0081 0.0005 0.0000 1.0000 0.3250 0.0217 0.0015 0.0001 1.0000 0.8737 0.0585 0.0039 0.0003 1.0000 1.0000 0.1572 0.0105 0.0007
0.0106 0.1633 1.0000 1.0000 0.0003 0.0041 0.0607 0.9058 1.0000 0.0001 0.0015 0.0226 0.3369 1.0000 0.0000 0.0006 0.0084 0.1253 1.0000 1.0000 0.0002 0.0031 0.0467 0.6981 1.0000 0.0001 0.0012 0.0174 0.2611 1.0000 1.0000 0.0004 0.0066 0.0988 1.0000 1.0000 0.0002 0.0025 0.0383 0.5772 1.0000 0.0001 0.0010 0.0150 0.2334 1.0000 1.0000 0.0004 0.0062 0.0776 0.4185 0.0760 0.0062 0.0004 1.0000 1.0000 0.2375 0.0146 0.0010 0.0001 1.0000 0.5772 0.0383 0.0025 0.0002 1.0000 1.0000 0.0988 0.0066 0.0004 1.0000 1.0000 0.2611 0.0174 0.0012 0.0001 1.0000 0.6981 0.0467 0.0031 0.0002 1.0000 1.0000 0.1253 0.0084 0.0006 0.0000 1.0000 0.3369 0.0226 0.0015 0.0001 1.0000 0.9058 0.0607 0.0041 0.0003 1.0000 1.0000 0.1633 0.0106
0.1626 1.0000 1.0000 0.0003 0.0042 0.0624 0.9321 1.0000 0.0001 0.0016 0.0232 0.3467 1.0000 0.0000 0.0006 0.0086 0.1287 1.0000 1.0000 0.0002 0.0032 0.0480 0.7169 1.0000 0.0001 0.0012 0.0179 0.2677 1.0000 1.0000 0.0004 0.0067 0.1007 1.0000 1.0000 0.0002 0.0026 0.0386 0.5816 1.0000 0.0001 0.0010 0.0152 0.2303 1.0000 1.0000 0.0004 0.0063 0.0909 1.0000 1.0000 1.0000 0.0911 0.0061 0.0004 1.0000 1.0000 0.2256 0.0152 0.0010 0.0001 1.0000 0.5816 0.0386 0.0026 0.0002 1.0000 1.0000 0.1007 0.0067 0.0004 1.0000 1.0000 0.2677 0.0179 0.0012 0.0001 1.0000 0.7169 0.0480 0.0032 0.0002 1.0000 1.0000 0.1287 0.0086 0.0006 0.0000 1.0000 0.3467 0.0232 0.0016 0.0001 1.0000 0.9321 0.0624 0.0042 0.0003 1.0000 1.0000 0.1626
1.0000 1.0000 0.0003 0.0041 0.0619 0.9250 1.0000 0.0001 0.0015 0.0230 0.3441 1.0000 0.0000 0.0006 0.0086 0.1280 1.0000 1.0000 0.0002 0.0032 0.0476 0.7101 1.0000 0.0001 0.0012 0.0177 0.2651 1.0000 1.0000 0.0004 0.0066 0.0994 1.0000 1.0000 0.0002 0.0025 0.0378 0.5695 1.0000 0.0001 0.0010 0.0148 0.2230 1.0000 1.0000 0.0004 0.0060 0.0888 1.0000 1.0000 0.0000 1.0000 1.0000 0.0899 0.0059 0.0004 1.0000 1.0000 0.2184 0.0147 0.0010 0.0001 1.0000 0.5695 0.0378 0.0025 0.0002 1.0000 1.0000 0.0994 0.0066 0.0004 1.0000 1.0000 0.2651 0.0177 0.0012 0.0001 1.0000 0.7101 0.0476 0.0032 0.0002 1.0000 1.0000 0.1280 0.0086 0.0006 0.0000 1.0000 0.3441 0.0230 0.0015 0.0001 1.0000 0.9250 0.0619 0.0041 0.0003 1.0000 1.0000
1.0000 0.0002 0.0036 0.0536 0.7990 1.0000 0.0001 0.0013 0.0199 0.2978 1.0000 0.0000 0.0005 0.0074 0.1108 1.0000 1.0000 0.0002 0.0028 0.0412 0.6146 1.0000 0.0001 0.0010 0.0154 0.2295 1.0000 1.0000 0.0004 0.0057 0.0857 1.0000 1.0000 0.0001 0.0022 0.0324 0.4873 1.0000 0.0001 0.0008 0.0125 0.1894 1.0000 1.0000 0.0003 0.0051 0.0753 1.0000 1.0000 0.0001 0.0006 0.0001 1.0000 1.0000 0.0728 0.0049 0.0003 1.0000 1.0000 0.1890 0.0125 0.0008 0.0001 1.0000 0.4873 0.0324 0.0022 0.0001 1.0000 1.0000 0.0857 0.0057 0.0004 1.0000 1.0000 0.2295 0.0154 0.0010 0.0001 1.0000 0.6146 0.0412 0.0028 0.0002 1.0000 1.0000 0.1108 0.0074 0.0005 0.0000 1.0000 0.2978 0.0199 0.0013 0.0001 1.0000 0.7990 0.0536 0.0036 0.0002 1.0000
0.0001 0.0013 0.0200 0.2983 1.0000 1.0000 0.0005 0.0074 0.1110 1.0000 1.0000 0.0002 0.0028 0.0413 0.6169 1.0000 0.0001 0.0010 0.0154 0.2295 1.0000 1.0000 0.0004 0.0057 0.0855 1.0000 1.0000 0.0001 0.0021 0.0319 0.4781 1.0000 0.0001 0.0008 0.0120 0.1806 1.0000 1.0000 0.0003 0.0046 0.0696 1.0000 1.0000 0.0001 0.0019 0.0283 0.4185 1.0000 0.0000 0.0006 0.0032 0.0006 0.0000 1.0000 0.3983 0.0267 0.0018 0.0001 1.0000 1.0000 0.0695 0.0046 0.0003 1.0000 1.0000 0.1806 0.0120 0.0008 0.0001 1.0000 0.4781 0.0319 0.0021 0.0001 1.0000 1.0000 0.0855 0.0057 0.0004 1.0000 1.0000 0.2295 0.0154 0.0010 0.0001 1.0000 0.6169 0.0413 0.0028 0.0002 1.0000 1.0000 0.1110 0.0074 0.0005 1.0000 1.0000 0.2983 0.0200 0.0013 0.0001
1.0000 0.0002 0.0036 0.0536 0.7990 1.0000 0.0001 0.0013 0.0199 0.2978 1.0000 0.0000 0.0005 0.0074 0.1108 1.0000 1.0000 0.0002 0.0028 0.0412 0.6146 1.0000 0.0001 0.0010 0.0154 0.2295 1.0000 1.0000 0.0004 0.0057 0.0857 1.0000 1.0000 0.0001 0.0022 0.0324 0.4873 1.0000 0.0001 0.0008 0.0125 0.1890 1.0000 1.0000 0.0003 0.0051 0.0791 1.0000 1.0000 0.0001 0.0006 0.0001 1.0000 1.0000 0.0750 0.0050 0.0003 1.0000 1.0000 0.1886 0.0125 0.0008 0.0001 1.0000 0.4873 0.0324 0.0022 0.0001 1.0000 1.0000 0.0857 0.0057 0.0004 1.0000 1.0000 0.2295 0.0154 0.0010 0.0001 1.0000 0.6146 0.0412 0.0028 0.0002 1.0000 1.0000 0.1108 0.0074 0.0005 0.0000 1.0000 0.2978 0.0199 0.0013 0.0001 1.0000 0.7990 0.0536 0.0036 0.0002 1.0000
1.0000 1.0000 0.0003 0.0041 0.0619 0.9250 1.0000 0.0001 0.0015 0.0230 0.3441 1.0000 0.0000 0.0006 0.0086 0.1280 1.0000 1.0000 0.0002 0.0032 0.0476 0.7101 1.0000 0.0001 0.0012 0.0177 0.2651 1.0000 1.0000 0.0004 0.0066 0.0994 1.0000 1.0000 0.0002 0.0025 0.0378 0.5695 1.0000 0.0001 0.0010 0.0148 0.2234 1.0000 1.0000 0.0004 0.0059 0.0911 1.0000 1.0000 0.0000 1.0000 1.0000 0.0883 0.0060 0.0004 1.0000 1.0000 0.2222 0.0147 0.0010 0.0001 1.0000 0.5695 0.0378 0.0025 0.0002 1.0000 1.0000 0.0994 0.0066 0.0004 1.0000 1.0000 0.2651 0.0177 0.0012 0.0001 1.0000 0.7101 0.0476 0.0032 0.0002 1.0000 1.0000 0.1280 0.0086 0.0006 0.0000 1.0000 0.3441 0.0230 0.0015 0.0001 1.0000 0.9250 0.0619 0.0041 0.0003 1.0000 1.0000
0.1626 1.0000 1.0000 0.0003 0.0042 0.0624 0.9321 1.0000 0.0001 0.0016 0.0232 0.3467 1.0000 0.0000 0.0006 0.0086 0.1287 1.0000 1.0000 0.0002 0.0032 0.0480 0.7169 1.0000 0.0001 0.0012 0.0179 0.2677 1.0000 1.0000 0.0004 0.0067 0.1007 1.0000 1.0000 0.0002 0.0026 0.0386 0.5816 1.0000 0.0001 0.0010 0.0152 0.2330 1.0000 1.0000 0.0004 0.0061 0.0880 1.0000 1.0000 1.0000 0.0895 0.0061 0.0004 1.0000 1.0000 0.2264 0.0151 0.0010 0.0001 1.0000 0.5816 0.0386 0.0026 0.0002 1.0000 1.0000 0.1007 0.0067 0.0004 1.0000 1.0000 0.2677 0.0179 0.0012 0.0001 1.0000 0.7169 0.0480 0.0032 0.0002 1.0000 1.0000 0.1287 0.0086 0.0006 0.0000 1.0000 0.3467 0.0232 0.0016 0.0001 1.0000 0.9321 0.0624 0.0042 0.0003 1.0000 1.0000 0.1626
0.0106 0.1633 1.0000 1.0000 0.0003 0.0041 0.0607 0.9058 1.0000 0.0001 0.0015 0.0226 0.3369 1.0000 0.0000 0.0006 0.0084 0.1253 1.0000 1.0000 0.0002 0.0031 0.0467 0.6981 1.0000 0.0001 0.0012 0.0174 0.2611 1.0000 1.0000 0.0004 0.0066 0.0988 1.0000 1.0000 0.0002 0.0025 0.0383 0.5772 1.0000 0.0001 0.0010 0.0156 0.2416 1.0000 1.0000 0.0004 0.0061 0.0756 0.4233 0.0744 0.0059 0.0004 1.0000 1.0000 0.2325 0.0150 0.0010 0.0001 1.0000 0.5772 0.0383 0.0025 0.0002 1.0000 1.0000 0.0988 0.0066 0.0004 1.0000 1.0000 0.2611 0.0174 0.0012 0.0001 1.0000 0.6981 0.0467 0.0031 0.0002 1.0000 1.0000 0.1253 0.0084 0.0006 0.0000 1.0000 0.3369 0.0226 0.0015 0.0001 1.0000 0.9058 0.0607 0.0041 0.0003 1.0000 1.0000 0.1633 0.0106
0.0007 0.0105 0.1572 1.0000 1.0000 0.0003 0.0039 0.0585 0.8737 1.0000 0.0001 0.0015 0.0217 0.3250 1.0000 0.0000 0.0005 0.0081 0.1209 1.0000 1.0000 0.0002 0.0030 0.0451 0.6733 1.0000 0.0001 0.0011 0.0169 0.2528 1.0000 1.0000 0.0004 0.0064 0.0964 1.0000 1.0000 0.0002 0.0025 0.0377 0.5706 1.0000 0.0001 0.0010 0.0158 0.2402 1.0000 1.0000 0.0004 0.0050 0.0277 0.0050 0.0004 1.0000 1.0000 0.2312 0.0149 0.0010 0.0001 1.0000 0.5706 0.0377 0.0025 0.0002 1.0000 1.0000 0.0964 0.0064 0.0004 1.0000 1.0000 0.2528 0.0169 0.0011 0.0001 1.0000 0.6733 0.0451 0.0030 0.0002 1.0000 1.0000 0.1209 0.0081 0.0005 0.0000 1.0000 0.3250 0.0217 0.0015 0.0001 1.0000 0.8737 0.0585 0.0039 0.0003 1.0000 1.0000 0.1572 0.0105 0.0007
