-40.9844 16.2812 11.2214 -27.6366 -39.2295 -46.1446 8.1204 33.2559 -23.2925 -36.0958 -45.4928 -5.6232 28.4684 -17.6366 -32.8432 -43.4121 -33.0583 20.2789 -5.3486 -29.4864 -40.6966 -44.7969 12.2662 27.9797 -25.4986 -37.6508 -46.1431 2.6850 32.0293 -20.6951 -34.4466 -44.5351 -19.9358 24.2371 -13.1153 -31.1446 -42.0822 -41.1223 16.1786 11.8848 -27.5613 -39.1698 -46.1668 7.9213 33.3061 -23.1790 -36.0042 -45.4305 -8.2332 25.3585 18.4580 25.3585 -8.2332 -45.4305 -36.0042 -23.1790 33.3061 7.9213 -46.1668 -39.1698 -27.5613 11.8848 16.1786 -41.1223 -42.0822 -31.1446 -13.1153 24.2371 -19.9358 -44.5351 -34.4466 -20.6951 32.0293 2.6850 -46.1431 -37.6508 -25.4986 27.9797 12.2662 -44.7969 -40.6966 -29.4864 -5.3486 20.2789 -33.0583 -43.4121 -32.8432 -17.6366 28.4684 -5.6232 -45.4928 -36.0958 -23.2925 33.2559 8.1204 -46.1446 -39.2295 -27.6366 11.2214 16.2812 -40.9844
16.2812 12.4912 -28.5083 -40.1094 -46.8268 8.0343 33.6461 -23.6789 -36.9788 -46.2497 -6.0015 28.2648 -17.6097 -33.7482 -44.2270 -33.7592 20.1371 -4.2190 -30.4345 -41.5453 -45.4635 12.1613 29.3171 -26.0780 -38.5224 -46.8572 2.5113 31.9539 -20.8791 -35.3385 -45.3252 -20.6207 24.0521 -12.7525 -32.0678 -42.9162 -41.7895 16.0471 14.2018 -28.3650 -40.0312 -46.8545 7.8162 33.6673 -23.5582 -36.8998 -46.2074 -7.1032 27.3712 -14.5457 -27.7842 -14.5457 27.3712 -7.1032 -46.2074 -36.8998 -23.5582 33.6673 7.8162 -46.8545 -40.0312 -28.3650 14.2018 16.0471 -41.7895 -42.9162 -32.0678 -12.7525 24.0521 -20.6207 -45.3252 -35.3385 -20.8791 31.9539 2.5113 -46.8572 -38.5224 -26.0780 29.3171 12.1613 -45.4635 -41.5453 -30.4345 -4.2190 20.1371 -33.7592 -44.2270 -33.7482 -17.6097 28.2648 -6.0015 -46.2497 -36.9788 -23.6789 33.6461 8.0343 -46.8268 -40.1094 -28.5083 12.4912 16.2812
11.2214 -28.5083 -40.0520 -46.8603 7.6847 33.6746 -23.4450 -36.8270 -46.1718 -7.1768 27.8468 -17.2135 -33.5816 -44.1025 -34.8112 19.7378 -2.8699 -30.2608 -41.3959 -45.6930 11.7447 30.2120 -25.8326 -38.3618 -46.8084 1.8229 31.6141 -20.5709 -35.1720 -45.2183 -22.2051 23.6269 -12.1105 -31.8982 -42.7764 -42.3239 15.6343 16.2930 -28.1273 -39.8748 -46.9025 7.3364 33.6705 -23.2968 -36.7402 -46.1303 -7.9486 27.4553 -16.3287 -32.4469 -39.6459 -32.4469 -16.3287 27.4553 -7.9486 -46.1303 -36.7402 -23.2968 33.6705 7.3364 -46.9025 -39.8748 -28.1273 16.2930 15.6343 -42.3239 -42.7764 -31.8982 -12.1105 23.6269 -22.2051 -45.2183 -35.1720 -20.5709 31.6141 1.8229 -46.8084 -38.3618 -25.8326 30.2120 11.7447 -45.6930 -41.3959 -30.2608 -2.8699 19.7378 -34.8112 -44.1025 -33.5816 -17.2135 27.8468 -7.1768 -46.1718 -36.8270 -23.4450 33.6746 7.6847 -46.8603 -40.0520 -28.5083 11.2214
-27.6366 -40.1094 -46.8603 7.5462 33.6723 -23.2698 -36.7018 -46.1016 -8.3086 27.4566 -16.8208 -33.4192 -43.9787 -35.7961 19.3466 -1.4125 -30.0876 -41.2468 -45.9004 11.3269 30.9864 -25.5856 -38.2006 -46.7558 1.0963 31.2550 -20.2541 -35.0051 -45.1094 -23.7641 23.2081 -11.4250 -31.7279 -42.6361 -42.8228 15.2233 18.3124 -27.8877 -39.7177 -46.9384 6.8411 33.6199 -23.0307 -36.5784 -46.0468 -9.1581 27.1724 -16.4095 -33.0658 -43.3925 -47.7137 -43.3925 -33.0658 -16.4095 27.1724 -9.1581 -46.0468 -36.5784 -23.0307 33.6199 6.8411 -46.9384 -39.7177 -27.8877 18.3124 15.2233 -42.8228 -42.6361 -31.7279 -11.4250 23.2081 -23.7641 -45.1094 -35.0051 -20.2541 31.2550 1.0963 -46.7558 -38.2006 -25.5856 30.9864 11.3269 -45.9004 -41.2468 -30.0876 -1.4125 19.3466 -35.7961 -43.9787 -33.4192 -16.8208 27.4566 -8.3086 -46.1016 -36.7018 -23.2698 33.6723 7.5462 -46.8603 -40.1094 -27.6366
-39.2295 -46.8268 7.6847 33.6723 -23.2035 -36.6289 -46.0503 -9.2557 27.1228 -16.4597 -33.2694 -43.8598 -36.6911 18.9664 0.1500 -29.9174 -41.0976 -46.0831 10.9092 31.6413 -25.3378 -38.0385 -46.6995 0.3298 30.8827 -19.9306 -34.8380 -44.9977 -25.2805 22.7919 -10.6918 -31.5569 -42.4949 -43.2822 14.8149 20.2200 -27.6480 -39.5598 -46.9619 6.3312 33.5197 -22.7597 -36.4150 -45.9594 -10.5124 26.7853 -16.1077 -33.0939 -43.6450 -41.5589 4.8418 -41.5589 -43.6450 -33.0939 -16.1077 26.7853 -10.5124 -45.9594 -36.4150 -22.7597 33.5197 6.3312 -46.9619 -39.5598 -27.6480 20.2200 14.8149 -43.2822 -42.4949 -31.5569 -10.6918 22.7919 -25.2805 -44.9977 -34.8380 -19.9306 30.8827 0.3298 -46.6995 -38.0385 -25.3378 31.6413 10.9092 -46.0831 -41.0976 -29.9174 0.1500 18.9664 -36.6911 -43.8598 -33.2694 -16.4597 27.1228 -9.2557 -46.0503 -36.6289 -23.2035 33.6723 7.6847 -46.8268 -39.2295
-46.1446 8.0343 33.6746 -23.2698 -36.6289 -46.0310 -9.8084 26.8935 -16.1698 -33.1444 -43.7539 -37.4602 18.6012 1.7663 -29.7524 -40.9512 -46.2429 10.4915 32.1868 -25.0912 -37.8773 -46.6398 -0.4824 30.5024 -19.5999 -34.6704 -44.8843 -26.7527 22.3760 -9.9013 -31.3855 -42.3518 -43.7026 14.4073 22.0006 -27.4086 -39.4012 -46.9736 5.8030 33.3739 -22.4833 -36.2509 -45.8692 -11.9512 26.3702 -15.6891 -32.9783 -43.6175 -39.2814 15.5448 32.4104 15.5448 -39.2814 -43.6175 -32.9783 -15.6891 26.3702 -11.9512 -45.8692 -36.2509 -22.4833 33.3739 5.8030 -46.9736 -39.4012 -27.4086 22.0006 14.4073 -43.7026 -42.3518 -31.3855 -9.9013 22.3760 -26.7527 -44.8843 -34.6704 -19.5999 30.5024 -0.4824 -46.6398 -37.8773 -25.0912 32.1868 10.4915 -46.2429 -40.9512 -29.7524 1.7663 18.6012 -37.4602 -43.7539 -33.1444 -16.1698 26.8935 -9.8084 -46.0310 -36.6289 -23.2698 33.6746 8.0343 -46.1446
8.1204 33.6461 -23.4450 -36.7018 -46.0503 -9.8084 26.8123 -16.0061 -33.0600 -43.6728 -38.0594 18.2699 3.3058 -29.5794 -40.8129 -46.3797 10.0797 32.6285 -24.8468 -37.7187 -46.5769 -1.3381 30.1145 -19.2627 -34.5031 -44.7692 -28.1671 21.9635 -9.0507 -31.2137 -42.2076 -44.0889 14.0012 23.6510 -27.1675 -39.2425 -46.9744 5.2577 33.1876 -22.2028 -36.0863 -45.7768 -13.4586 25.9500 -15.2229 -32.8242 -43.5143 -39.1588 17.1600 18.0215 -21.7105 18.0215 17.1600 -39.1588 -43.5143 -32.8242 -15.2229 25.9500 -13.4586 -45.7768 -36.0863 -22.2028 33.1876 5.2577 -46.9744 -39.2425 -27.1675 23.6510 14.0012 -44.0889 -42.2076 -31.2137 -9.0507 21.9635 -28.1671 -44.7692 -34.5031 -19.2627 30.1145 -1.3381 -46.5769 -37.7187 -24.8468 32.6285 10.0797 -46.3797 -40.8129 -29.5794 3.3058 18.2699 -38.0594 -43.6728 -33.0600 -16.0061 26.8123 -9.8084 -46.0503 -36.7018 -23.4450 33.6461 8.1204
33.2559 -23.6789 -36.8270 -46.1016 -9.2557 26.8935 -16.0061 -33.0304 -43.6282 -38.4377 18.0218 4.6189 -29.4070 -40.6893 -46.4901 9.6908 32.9686 -24.6081 -37.5638 -46.5123 -2.2298 29.7205 -18.9199 -34.3379 -44.6526 -29.5177 21.5539 -8.1320 -31.0409 -42.0622 -44.4450 13.5956 25.1538 -26.9261 -39.0830 -46.9647 4.6926 32.9656 -21.9183 -35.9208 -45.6816 -15.0151 25.5278 -14.7274 -32.6594 -43.3894 -39.6565 17.2838 10.2129 -27.7913 -35.4861 -27.7913 10.2129 17.2838 -39.6565 -43.3894 -32.6594 -14.7274 25.5278 -15.0151 -45.6816 -35.9208 -21.9183 32.9656 4.6926 -46.9647 -39.0830 -26.9261 25.1538 13.5956 -44.4450 -42.0622 -31.0409 -8.1320 21.5539 -29.5177 -44.6526 -34.3379 -18.9199 29.7205 -2.2298 -46.5123 -37.5638 -24.6081 32.9686 9.6908 -46.4901 -40.6893 -29.4070 4.6189 18.0218 -38.4377 -43.6282 -33.0304 -16.0061 26.8935 -9.2557 -46.1016 -36.8270 -23.6789 33.2559
-23.2925 -36.9788 -46.1718 -8.3086 27.1228 -16.1698 -33.0600 -43.6282 -38.5662 17.8912 5.5050 -29.2741 -40.5901 -46.5733 9.3458 33.2133 -24.3855 -37.4159 -46.4478 -3.1521 29.3303 -18.5728 -34.1752 -44.5354 -30.7907 21.1488 -7.1329 -30.8685 -41.9161 -44.7706 13.1882 26.5085 -26.6855 -38.9230 -46.9450 4.1029 32.7103 -21.6279 -35.7550 -45.5827 -16.5960 25.1046 -14.2032 -32.4923 -43.2573 -40.2856 17.0151 9.8323 -28.5956 -39.6054 -46.0192 -39.6054 -28.5956 9.8323 17.0151 -40.2856 -43.2573 -32.4923 -14.2032 25.1046 -16.5960 -45.5827 -35.7550 -21.6279 32.7103 4.1029 -46.9450 -38.9230 -26.6855 26.5085 13.1882 -44.7706 -41.9161 -30.8685 -7.1329 21.1488 -30.7907 -44.5354 -34.1752 -18.5728 29.3303 -3.1521 -46.4478 -37.4159 -24.3855 33.2133 9.3458 -46.5733 -40.5901 -29.2741 5.5050 17.8912 -38.5662 -43.6282 -33.0600 -16.1698 27.1228 -8.3086 -46.1718 -36.9788 -23.2925
-36.0958 -46.2497 -7.1768 27.4566 -16.4597 -33.1444 -43.6728 -38.4377 17.8912 5.8147 -29.2045 -40.5253 -46.6283 9.0683 33.3741 -24.1892 -37.2822 -46.3849 -4.0802 28.9540 -18.2299 -34.0157 -44.4185 -31.9734 20.7530 -6.0650 -30.6973 -41.7699 -45.0664 12.7792 27.7293 -26.4442 -38.7628 -46.9162 3.4890 32.4267 -21.3328 -35.5889 -45.4814 -18.1992 24.6818 -13.6483 -32.3239 -43.1223 -40.9126 16.6403 11.2907 -28.6176 -40.0511 -47.1669 -22.4385 -47.1669 -40.0511 -28.6176 11.2907 16.6403 -40.9126 -43.1223 -32.3239 -13.6483 24.6818 -18.1992 -45.4814 -35.5889 -21.3328 32.4267 3.4890 -46.9162 -38.7628 -26.4442 27.7293 12.7792 -45.0664 -41.7699 -30.6973 -6.0650 20.7530 -31.9734 -44.4185 -34.0157 -18.2299 28.9540 -4.0802 -46.3849 -37.2822 -24.1892 33.3741 9.0683 -46.6283 -40.5253 -29.2045 5.8147 17.8912 -38.4377 -43.6728 -33.1444 -16.4597 27.4566 -7.1768 -46.2497 -36.0958
-45.4928 -6.0015 27.8468 -16.8208 -33.2694 -43.7539 -38.0594 18.0218 5.5050 -29.2045 -40.5028 -46.6556 8.8869 33.4686 -24.0335 -37.1714 -46.3283 -4.9497 28.6034 -17.8990 -33.8635 -44.3054 -33.0743 20.3691 -4.9297 -30.5292 -41.6242 -45.3321 12.3704 28.8192 -26.2006 -38.6031 -46.8786 2.8473 32.1184 -21.0329 -35.4221 -45.3779 -19.8127 24.2587 -13.0610 -32.1539 -42.9855 -41.5052 16.2388 13.2506 -28.4505 -40.0466 -46.9005 4.8261 22.5637 4.8261 -46.9005 -40.0466 -28.4505 13.2506 16.2388 -41.5052 -42.9855 -32.1539 -13.0610 24.2587 -19.8127 -45.3779 -35.4221 -21.0329 32.1184 2.8473 -46.8786 -38.6031 -26.2006 28.8192 12.3704 -45.3321 -41.6242 -30.5292 -4.9297 20.3691 -33.0743 -44.3054 -33.8635 -17.8990 28.6034 -4.9497 -46.3283 -37.1714 -24.0335 33.4686 8.8869 -46.6556 -40.5028 -29.2045 5.5050 18.0218 -38.0594 -43.7539 -33.2694 -16.8208 27.8468 -6.0015 -45.4928
-5.6232 28.2648 -17.2135 -33.4192 -43.8598 -37.4602 18.2699 4.6189 -29.2741 -40.5253 -46.6556 8.8241 33.5114 -23.9315 -37.0905 -46.2840 -5.6998 28.2990 -17.5961 -33.7256 -44.1989 -34.0691 20.0032 -3.7343 -30.3651 -41.4812 -45.5690 11.9671 29.7647 -25.9572 -38.4432 -46.8334 2.1724 31.7866 -20.7259 -35.2556 -45.2724 -21.4129 23.8375 -12.4383 -31.9840 -42.8464 -42.0609 15.8344 15.3116 -28.2326 -39.9325 -46.8994 6.7468 32.7908 -10.1120 32.7908 6.7468 -46.8994 -39.9325 -28.2326 15.3116 15.8344 -42.0609 -42.8464 -31.9840 -12.4383 23.8375 -21.4129 -45.2724 -35.2556 -20.7259 31.7866 2.1724 -46.8334 -38.4432 -25.9572 29.7647 11.9671 -45.5690 -41.4812 -30.3651 -3.7343 20.0032 -34.0691 -44.1989 -33.7256 -17.5961 28.2990 -5.6998 -46.2840 -37.0905 -23.9315 33.5114 8.8241 -46.6556 -40.5253 -29.2741 4.6189 18.2699 -37.4602 -43.8598 -33.4192 -17.2135 28.2648 -5.6232
28.4684 -17.6097 -33.5816 -43.9787 -36.6911 18.6012 3.3058 -29.4070 -40.5901 -46.6283 8.8869 33.5114 -23.8949 -37.0471 -46.2540 -6.2647 28.0630 -17.3416 -33.6074 -44.1026 -34.9179 19.6666 -2.5156 -30.2075 -41.3430 -45.7773 11.5709 30.5706 -25.7177 -38.2847 -46.7834 1.4682 31.4383 -20.4134 -35.0888 -45.1640 -22.9866 23.4183 -11.7757 -31.8139 -42.7067 -42.5787 15.4284 17.3334 -28.0014 -39.7880 -46.9268 6.8462 33.5098 -21.4363 -31.2420 -21.4363 33.5098 6.8462 -46.9268 -39.7880 -28.0014 17.3334 15.4284 -42.5787 -42.7067 -31.8139 -11.7757 23.4183 -22.9866 -45.1640 -35.0888 -20.4134 31.4383 1.4682 -46.7834 -38.2847 -25.7177 30.5706 11.5709 -45.7773 -41.3430 -30.2075 -2.5156 19.6666 -34.9179 -44.1026 -33.6074 -17.3416 28.0630 -6.2647 -46.2540 -37.0471 -23.8949 33.5114 8.8869 -46.6283 -40.5901 -29.4070 3.3058 18.6012 -36.6911 -43.9787 -33.5816 -17.6097 28.4684
-17.6366 -33.7482 -44.1025 -35.7961 18.9664 1.7663 -29.5794 -40.6893 -46.5733 9.0683 33.4686 -23.9315 -37.0471 -46.2424 -6.5750 27.9079 -17.1543 -33.5150 -44.0236 -35.6069 19.3705 -1.3235 -30.0621 -41.2122 -45.9555 11.1876 31.2454 -25.4843 -38.1305 -46.7305 0.7396 31.0789 -20.0986 -34.9228 -45.0530 -24.5293 22.9992 -11.0645 -31.6429 -42.5661 -43.0549 15.0197 19.2786 -27.7663 -39.6348 -46.9529 6.5074 33.5248 -22.4559 -35.5224 -42.5763 -35.5224 -22.4559 33.5248 6.5074 -46.9529 -39.6348 -27.7663 19.2786 15.0197 -43.0549 -42.5661 -31.6429 -11.0645 22.9992 -24.5293 -45.0530 -34.9228 -20.0986 31.0789 0.7396 -46.7305 -38.1305 -25.4843 31.2454 11.1876 -45.9555 -41.2122 -30.0621 -1.3235 19.3705 -35.6069 -44.0236 -33.5150 -17.1543 27.9079 -6.5750 -46.2424 -37.0471 -23.9315 33.4686 9.0683 -46.5733 -40.6893 -29.5794 1.7663 18.9664 -35.7961 -44.1025 -33.7482 -17.6366
-32.8432 -44.2270 -34.8112 19.3466 0.1500 -29.7524 -40.8129 -46.4901 9.3458 33.3741 -24.0335 -37.0905 -46.2540 -6.5750 27.8510 -17.0516 -33.4550 -43.9672 -36.1191 19.1297 -0.2500 -29.9349 -41.0932 -46.1037 10.8243 31.7955 -25.2596 -37.9810 -46.6761 -0.0083 30.7146 -19.7819 -34.7597 -44.9423 -26.0152 22.5836 -10.3033 -31.4717 -42.4236 -43.4935 14.6123 21.1283 -27.5281 -39.4791 -46.9695 6.0365 33.4301 -22.4942 -36.0804 -45.6949 -44.9900 -45.6949 -36.0804 -22.4942 33.4301 6.0365 -46.9695 -39.4791 -27.5281 21.1283 14.6123 -43.4935 -42.4236 -31.4717 -10.3033 22.5836 -26.0152 -44.9423 -34.7597 -19.7819 30.7146 -0.0083 -46.6761 -37.9810 -25.2596 31.7955 10.8243 -46.1037 -41.0932 -29.9349 -0.2500 19.1297 -36.1191 -43.9672 -33.4550 -17.0516 27.8510 -6.5750 -46.2540 -37.0905 -24.0335 33.3741 9.3458 -46.4901 -40.8129 -29.7524 0.1500 19.3466 -34.8112 -44.2270 -32.8432
-43.4121 -33.7592 19.7378 -1.4125 -29.9174 -40.9512 -46.3797 9.6908 33.2133 -24.1892 -37.1714 -46.2840 -6.2647 27.9079 -17.0516 -33.4333 -43.9351 -36.4430 18.9584 0.6144 -29.8321 -40.9935 -46.2218 10.4974 32.2308 -25.0486 -37.8390 -46.6210 -0.7709 30.3548 -19.4644 -34.5993 -44.8321 -27.4207 22.1762 -9.4923 -31.2996 -42.2799 -43.8985 14.2064 22.8442 -27.2877 -39.3218 -46.9753 5.5160 33.2749 -22.3018 -36.0954 -45.7374 -22.4341 12.8599 -22.4341 -45.7374 -36.0954 -22.3018 33.2749 5.5160 -46.9753 -39.3218 -27.2877 22.8442 14.2064 -43.8985 -42.2799 -31.2996 -9.4923 22.1762 -27.4207 -44.8321 -34.5993 -19.4644 30.3548 -0.7709 -46.6210 -37.8390 -25.0486 32.2308 10.4974 -46.2218 -40.9935 -29.8321 0.6144 18.9584 -36.4430 -43.9351 -33.4333 -17.0516 27.9079 -6.2647 -46.2840 -37.1714 -24.1892 33.2133 9.6908 -46.3797 -40.9512 -29.9174 -1.4125 19.7378 -33.7592 -43.4121
-33.0583 20.1371 -2.8699 -30.0876 -41.0976 -46.2429 10.0797 32.9686 -24.3855 -37.2822 -46.3283 -5.6998 28.0630 -17.1543 -33.4550 -43.9351 -36.5588 18.8662 1.1884 -29.7580 -40.9174 -46.3099 10.2216 32.5543 -24.8590 -37.7091 -46.5671 -1.5322 30.0035 -19.1514 -34.4433 -44.7221 -28.7396 21.7809 -8.6312 -31.1303 -42.1357 -44.2698 13.8007 24.4094 -27.0474 -39.1626 -46.9707 4.9708 33.0748 -22.0442 -35.9799 -45.7007 -16.8288 22.8295 28.6497 22.8295 -16.8288 -45.7007 -35.9799 -22.0442 33.0748 4.9708 -46.9707 -39.1626 -27.0474 24.4094 13.8007 -44.2698 -42.1357 -31.1303 -8.6312 21.7809 -28.7396 -44.7221 -34.4433 -19.1514 30.0035 -1.5322 -46.5671 -37.7091 -24.8590 32.5543 10.2216 -46.3099 -40.9174 -29.7580 1.1884 18.8662 -36.5588 -43.9351 -33.4550 -17.1543 28.0630 -5.6998 -46.3283 -37.2822 -24.3855 32.9686 10.0797 -46.2429 -41.0976 -30.0876 -2.8699 20.1371 -33.0583
20.2789 -4.2190 -30.2608 -41.2468 -46.0831 10.4915 32.6285 -24.6081 -37.4159 -46.3849 -4.9497 28.2990 -17.3416 -33.5150 -43.9672 -36.4430 18.8662 1.3918 -29.7186 -40.8688 -46.3680 10.0079 32.7821 -24.6990 -37.5965 -46.5171 -2.2620 29.6705 -18.8508 -34.2950 -44.6162 -29.9674 21.3982 -7.7314 -30.9661 -41.9947 -44.6052 13.3976 25.8265 -26.8078 -39.0034 -46.9561 4.4001 32.8395 -21.7660 -35.8284 -45.6219 -16.5574 24.6158 -10.4506 -26.3675 -10.4506 24.6158 -16.5574 -45.6219 -35.8284 -21.7660 32.8395 4.4001 -46.9561 -39.0034 -26.8078 25.8265 13.3976 -44.6052 -41.9947 -30.9661 -7.7314 21.3982 -29.9674 -44.6162 -34.2950 -18.8508 29.6705 -2.2620 -46.5171 -37.5965 -24.6990 32.7821 10.0079 -46.3680 -40.8688 -29.7186 1.3918 18.8662 -36.4430 -43.9672 -33.5150 -17.3416 28.2990 -4.9497 -46.3849 -37.4159 -24.6081 32.6285 10.4915 -46.0831 -41.2468 -30.2608 -4.2190 20.2789
-5.3486 -30.4345 -41.3959 -45.9004 10.9092 32.1868 -24.8468 -37.5638 -46.4478 -4.0802 28.6034 -17.5961 -33.6074 -44.0236 -36.1191 18.9584 1.1884 -29.7186 -40.8524 -46.3968 9.8734 32.9246 -24.5756 -37.5062 -46.4744 -2.9189 29.3737 -18.5729 -34.1584 -44.5146 -31.0834 21.0331 -6.7902 -30.8057 -41.8571 -44.9036 13.0026 27.0949 -26.5707 -38.8458 -46.9321 3.8013 32.5723 -21.4788 -35.6674 -45.5282 -17.6418 24.6915 -12.9781 -31.3297 -38.5539 -31.3297 -12.9781 24.6915 -17.6418 -45.5282 -35.6674 -21.4788 32.5723 3.8013 -46.9321 -38.8458 -26.5707 27.0949 13.0026 -44.9036 -41.8571 -30.8057 -6.7902 21.0331 -31.0834 -44.5146 -34.1584 -18.5729 29.3737 -2.9189 -46.4744 -37.5062 -24.5756 32.9246 9.8734 -46.3968 -40.8524 -29.7186 1.1884 18.9584 -36.1191 -44.0236 -33.6074 -17.5961 28.6034 -4.0802 -46.4478 -37.5638 -24.8468 32.1868 10.9092 -45.9004 -41.3959 -30.4345 -5.3486
-29.4864 -41.5453 -45.6930 11.3269 31.6413 -25.0912 -37.7187 -46.5123 -3.1521 28.9540 -17.8990 -33.7256 -44.1026 -35.6069 19.1297 0.6144 -29.7580 -40.8688 -46.3968 9.8278 32.9925 -24.4981 -37.4419 -46.4412 -3.4626 29.1268 -18.3286 -34.0377 -44.4215 -32.0612 20.6955 -5.8276 -30.6518 -41.7228 -45.1651 12.6190 28.2054 -26.3371 -38.6902 -46.8997 3.1834 32.2782 -21.1835 -35.5041 -45.4277 -19.1012 24.4067 -13.0805 -31.9610 -42.4386 -47.5742 -42.4386 -31.9610 -13.0805 24.4067 -19.1012 -45.4277 -35.5041 -21.1835 32.2782 3.1834 -46.8997 -38.6902 -26.3371 28.2054 12.6190 -45.1651 -41.7228 -30.6518 -5.8276 20.6955 -32.0612 -44.4215 -34.0377 -18.3286 29.1268 -3.4626 -46.4412 -37.4419 -24.4981 32.9925 9.8278 -46.3968 -40.8688 -29.7580 0.6144 19.1297 -35.6069 -44.1026 -33.7256 -17.8990 28.9540 -3.1521 -46.5123 -37.7187 -25.0912 31.6413 11.3269 -45.6930 -41.5453 -29.4864
-40.6966 -45.4635 11.7447 30.9864 -25.3378 -37.8773 -46.5769 -2.2298 29.3303 -18.2299 -33.8635 -44.1989 -34.9179 19.3705 -0.2500 -29.8321 -40.9174 -46.3680 9.8734 32.9925 -24.4726 -37.4087 -46.4195 -3.8584 28.9357 -18.1306 -33.9375 -44.3414 -32.8836 20.3932 -4.8872 -30.5083 -41.5962 -45.3936 12.2494 29.1579 -26.1084 -38.5384 -46.8599 2.5513 31.9661 -20.8850 -35.3404 -45.3240 -20.6582 24.0242 -12.6617 -31.9898 -42.7506 -44.4621 0.6241 -44.4621 -42.7506 -31.9898 -12.6617 24.0242 -20.6582 -45.3240 -35.3404 -20.8850 31.9661 2.5513 -46.8599 -38.5384 -26.1084 29.1579 12.2494 -45.3936 -41.5962 -30.5083 -4.8872 20.3932 -32.8836 -44.3414 -33.9375 -18.1306 28.9357 -3.8584 -46.4195 -37.4087 -24.4726 32.9925 9.8734 -46.3680 -40.9174 -29.8321 -0.2500 19.3705 -34.9179 -44.1989 -33.8635 -18.2299 29.3303 -2.2298 -46.5769 -37.8773 -25.3378 30.9864 11.7447 -45.4635 -40.6966
-44.7969 12.1613 30.2120 -25.5856 -38.0385 -46.6398 -1.3381 29.7205 -18.5728 -34.0157 -44.3054 -34.0691 19.6666 -1.3235 -29.9349 -40.9935 -46.3099 10.0079 32.9246 -24.4981 -37.4087 -46.4121 -4.0633 28.8157 -17.9915 -33.8627 -44.2769 -33.5434 20.1351 -4.0005 -30.3794 -41.4786 -45.5912 11.8987 29.9640 -25.8875 -38.3911 -46.8155 1.9026 31.6424 -20.5877 -35.1773 -45.2201 -22.2050 23.6196 -12.0798 -31.8758 -42.7296 -43.1050 12.9695 30.1516 12.9695 -43.1050 -42.7296 -31.8758 -12.0798 23.6196 -22.2050 -45.2201 -35.1773 -20.5877 31.6424 1.9026 -46.8155 -38.3911 -25.8875 29.9640 11.8987 -45.5912 -41.4786 -30.3794 -4.0005 20.1351 -33.5434 -44.2769 -33.8627 -17.9915 28.8157 -4.0633 -46.4121 -37.4087 -24.4981 32.9246 10.0079 -46.3099 -40.9935 -29.9349 -1.3235 19.6666 -34.0691 -44.3054 -34.0157 -18.5728 29.7205 -1.3381 -46.6398 -38.0385 -25.5856 30.2120 12.1613 -44.7969
12.2662 29.3171 -25.8326 -38.2006 -46.6995 -0.4824 30.1145 -18.9199 -34.1752 -44.4185 -33.0743 20.0032 -2.5156 -30.0621 -41.0932 -46.2218 10.2216 32.7821 -24.5756 -37.4419 -46.4195 -4.0633 28.7765 -17.9197 -33.8165 -44.2324 -34.0291 19.9295 -3.2215 -30.2696 -41.3753 -45.7551 11.5750 30.6266 -25.6807 -38.2509 -46.7690 1.2444 31.3142 -20.2923 -35.0195 -45.1157 -23.7041 23.2153 -11.4244 -31.7233 -42.6240 -43.0281 14.5149 28.1370 -19.5121 28.1370 14.5149 -43.0281 -42.6240 -31.7233 -11.4244 23.2153 -23.7041 -45.1157 -35.0195 -20.2923 31.3142 1.2444 -46.7690 -38.2509 -25.6807 30.6266 11.5750 -45.7551 -41.3753 -30.2696 -3.2215 19.9295 -34.0291 -44.2324 -33.8165 -17.9197 28.7765 -4.0633 -46.4195 -37.4419 -24.5756 32.7821 10.2216 -46.2218 -41.0932 -30.0621 -2.5156 20.0032 -33.0743 -44.4185 -34.1752 -18.9199 30.1145 -0.4824 -46.6995 -38.2006 -25.8326 29.3171 12.2662
27.9797 -26.0780 -38.3618 -46.7558 0.3298 30.5024 -19.2627 -34.3379 -44.5354 -31.9734 20.3691 -3.7343 -30.2075 -41.2122 -46.1037 10.4974 32.5543 -24.6990 -37.5062 -46.4412 -3.8584 28.8157 -17.9197 -33.8008 -44.2093 -34.3146 19.7871 -2.6041 -30.1814 -41.2909 -45.8821 11.2909 31.1551 -25.4920 -38.1216 -46.7226 0.5922 30.9878 -20.0039 -34.8670 -45.0115 -25.1430 22.8192 -10.7213 -31.5603 -42.4943 -43.3263 14.6254 23.0355 -26.2140 -34.3688 -26.2140 23.0355 14.6254 -43.3263 -42.4943 -31.5603 -10.7213 22.8192 -25.1430 -45.0115 -34.8670 -20.0039 30.9878 0.5922 -46.7226 -38.1216 -25.4920 31.1551 11.2909 -45.8821 -41.2909 -30.1814 -2.6041 19.7871 -34.3146 -44.2093 -33.8008 -17.9197 28.8157 -3.8584 -46.4412 -37.5062 -24.6990 32.5543 10.4974 -46.1037 -41.2122 -30.2075 -3.7343 20.3691 -31.9734 -44.5354 -34.3379 -19.2627 30.5024 0.3298 -46.7558 -38.3618 -26.0780 27.9797
-25.4986 -38.5224 -46.8084 1.0963 30.8827 -19.5999 -34.5031 -44.6526 -30.7907 20.7530 -4.9297 -30.3651 -41.3430 -45.9555 10.8243 32.2308 -24.8590 -37.5965 -46.4744 -3.4626 28.9357 -17.9915 -33.8165 -44.2093 -34.4045 19.7168 -2.2182 -30.1202 -41.2260 -45.9770 11.0551 31.5592 -25.3259 -38.0049 -46.6791 -0.0349 30.6731 -19.7235 -34.7205 -44.9109 -26.4891 22.4355 -9.9861 -31.3978 -42.3575 -43.7001 14.3669 22.7151 -27.0482 -38.5413 -45.2087 -38.5413 -27.0482 22.7151 14.3669 -43.7001 -42.3575 -31.3978 -9.9861 22.4355 -26.4891 -44.9109 -34.7205 -19.7235 30.6731 -0.0349 -46.6791 -38.0049 -25.3259 31.5592 11.0551 -45.9770 -41.2260 -30.1202 -2.2182 19.7168 -34.4045 -44.2093 -33.8165 -17.9915 28.9357 -3.4626 -46.4744 -37.5965 -24.8590 32.2308 10.8243 -45.9555 -41.3430 -30.3651 -4.9297 20.7530 -30.7907 -44.6526 -34.5031 -19.5999 30.8827 1.0963 -46.8084 -38.5224 -25.4986
-37.6508 -46.8572 1.8229 31.2550 -19.9306 -34.6704 -44.7692 -29.5177 21.1488 -6.0650 -30.5292 -41.4812 -45.7773 11.1876 31.7955 -25.0486 -37.7091 -46.5171 -2.9189 29.1268 -18.1306 -33.8627 -44.2324 -34.3146 19.7168 -2.0932 -30.0902 -41.1857 -46.0412 10.8771 31.8485 -25.1889 -37.9062 -46.6393 -0.6175 30.3855 -19.4586 -34.5834 -44.8142 -27.7260 22.0680 -9.2240 -31.2405 -42.2235 -44.0616 14.0128 23.7633 -27.0766 -39.0261 -47.0826 -31.6606 -47.0826 -39.0261 -27.0766 23.7633 14.0128 -44.0616 -42.2235 -31.2405 -9.2240 22.0680 -27.7260 -44.8142 -34.5834 -19.4586 30.3855 -0.6175 -46.6393 -37.9062 -25.1889 31.8485 10.8771 -46.0412 -41.1857 -30.0902 -2.0932 19.7168 -34.3146 -44.2324 -33.8627 -18.1306 29.1268 -2.9189 -46.5171 -37.7091 -25.0486 31.7955 11.1876 -45.7773 -41.4812 -30.5292 -6.0650 21.1488 -29.5177 -44.7692 -34.6704 -19.9306 31.2550 1.8229 -46.8572 -37.6508
-46.1431 2.5113 31.6141 -20.2541 -34.8380 -44.8843 -28.1671 21.5539 -7.1329 -30.6973 -41.6242 -45.5690 11.5709 31.2454 -25.2596 -37.8390 -46.5671 -2.2620 29.3737 -18.3286 -33.9375 -44.2769 -34.0291 19.7871 -2.2182 -30.0902 -41.1726 -46.0715 10.7673 32.0356 -25.0856 -37.8294 -46.6053 -1.1332 30.1312 -19.2216 -34.4594 -44.7229 -28.8443 21.7219 -8.4445 -31.0877 -42.0934 -44.3873 13.6447 25.0573 -26.9162 -39.0315 -46.9255 0.6156 19.9330 0.6156 -46.9255 -39.0315 -26.9162 25.0573 13.6447 -44.3873 -42.0934 -31.0877 -8.4445 21.7219 -28.8443 -44.7229 -34.4594 -19.2216 30.1312 -1.1332 -46.6053 -37.8294 -25.0856 32.0356 10.7673 -46.0715 -41.1726 -30.0902 -2.2182 19.7871 -34.0291 -44.2769 -33.9375 -18.3286 29.3737 -2.2620 -46.5671 -37.8390 -25.2596 31.2454 11.5709 -45.5690 -41.6242 -30.6973 -7.1329 21.5539 -28.1671 -44.8843 -34.8380 -20.2541 31.6141 2.5113 -46.1431
2.6850 31.9539 -20.5709 -35.0051 -44.9977 -26.7527 21.9635 -8.1320 -30.8685 -41.7699 -45.3321 11.9671 30.5706 -25.4843 -37.9810 -46.6210 -1.5322 29.6705 -18.5729 -34.0377 -44.3414 -33.5434 19.9295 -2.6041 -30.1202 -41.1857 -46.0715 10.7300 32.1249 -25.0210 -37.7745 -46.5791 -1.5563 29.9177 -19.0177 -34.3524 -44.6409 -29.8190 21.4058 -7.6704 -30.9433 -41.9674 -44.6777 13.2835 26.2811 -26.7118 -38.9242 -46.9337 3.1326 30.6279 -3.2078 30.6279 3.1326 -46.9337 -38.9242 -26.7118 26.2811 13.2835 -44.6777 -41.9674 -30.9433 -7.6704 21.4058 -29.8190 -44.6409 -34.3524 -19.0177 29.9177 -1.5563 -46.5791 -37.7745 -25.0210 32.1249 10.7300 -46.0715 -41.1857 -30.1202 -2.6041 19.9295 -33.5434 -44.3414 -34.0377 -18.5729 29.6705 -1.5322 -46.6210 -37.9810 -25.4843 30.5706 11.9671 -45.3321 -41.7699 -30.8685 -8.1320 21.9635 -26.7527 -44.9977 -35.0051 -20.5709 31.9539 2.6850
32.0293 -20.8791 -35.1720 -45.1094 -25.2805 22.3760 -9.0507 -31.0409 -41.9161 -45.0664 12.3704 29.7647 -25.7177 -38.1305 -46.6761 -0.7709 30.0035 -18.8508 -34.1584 -44.4215 -32.8836 20.1351 -3.2215 -30.1814 -41.2260 -46.0412 10.7673 32.1249 -24.9989 -37.7465 -46.5620 -1.8600 29.7572 -18.8533 -34.2644 -44.5717 -30.6322 21.1293 -6.9263 -30.8114 -41.8505 -44.9319 12.9364 27.3681 -26.5015 -38.7896 -46.9166 3.2832 31.9579 -19.4046 -30.1119 -19.4046 31.9579 3.2832 -46.9166 -38.7896 -26.5015 27.3681 12.9364 -44.9319 -41.8505 -30.8114 -6.9263 21.1293 -30.6322 -44.5717 -34.2644 -18.8533 29.7572 -1.8600 -46.5620 -37.7465 -24.9989 32.1249 10.7673 -46.0412 -41.2260 -30.1814 -3.2215 20.1351 -32.8836 -44.4215 -34.1584 -18.8508 30.0035 -0.7709 -46.6761 -38.1305 -25.7177 29.7647 12.3704 -45.0664 -41.9161 -31.0409 -9.0507 22.3760 -25.2805 -45.1094 -35.1720 -20.8791 32.0293
-20.6951 -35.3385 -45.2183 -23.7641 22.7919 -9.9013 -31.2137 -42.0622 -44.7706 12.7792 28.8192 -25.9572 -38.2847 -46.7305 -0.0083 30.3548 -19.1514 -34.2950 -44.5146 -32.0612 20.3932 -4.0005 -30.2696 -41.2909 -45.9770 10.8771 32.0356 -25.0210 -37.7465 -46.5560 -2.0139 29.6560 -18.7370 -34.1983 -44.5170 -31.2768 20.8972 -6.2472 -30.6955 -41.7445 -45.1483 12.6115 28.3014 -26.2977 -38.6532 -46.8876 2.9010 32.0300 -20.5906 -34.4401 -41.5584 -34.4401 -20.5906 32.0300 2.9010 -46.8876 -38.6532 -26.2977 28.3014 12.6115 -45.1483 -41.7445 -30.6955 -6.2472 20.8972 -31.2768 -44.5170 -34.1983 -18.7370 29.6560 -2.0139 -46.5560 -37.7465 -25.0210 32.0356 10.8771 -45.9770 -41.2909 -30.2696 -4.0005 20.3932 -32.0612 -44.5146 -34.2950 -19.1514 30.3548 -0.0083 -46.7305 -38.2847 -25.9572 28.8192 12.7792 -44.7706 -42.0622 -31.2137 -9.9013 22.7919 -23.7641 -45.2183 -35.3385 -20.6951
-34.4466 -45.3252 -22.2051 23.2081 -10.6918 -31.3855 -42.2076 -44.4450 13.1882 27.7293 -26.2006 -38.4432 -46.7834 0.7396 30.7146 -19.4644 -34.4433 -44.6162 -31.0834 20.6955 -4.8872 -30.3794 -41.3753 -45.8821 11.0551 31.8485 -25.0856 -37.7745 -46.5620 -2.0139 29.6213 -18.6775 -34.1570 -44.4781 -31.7485 20.7160 -5.6699 -30.5982 -41.6528 -45.3256 12.3177 29.0797 -26.1072 -38.5243 -46.8527 2.3854 31.8403 -20.6630 -35.0303 -44.9564 -46.6730 -44.9564 -35.0303 -20.6630 31.8403 2.3854 -46.8527 -38.5243 -26.1072 29.0797 12.3177 -45.3256 -41.6528 -30.5982 -5.6699 20.7160 -31.7485 -44.4781 -34.1570 -18.6775 29.6213 -2.0139 -46.5620 -37.7745 -25.0856 31.8485 11.0551 -45.8821 -41.3753 -30.3794 -4.8872 20.6955 -31.0834 -44.6162 -34.4433 -19.4644 30.7146 0.7396 -46.7834 -38.4432 -26.2006 27.7293 13.1882 -44.4450 -42.2076 -31.3855 -10.6918 23.2081 -22.2051 -45.3252 -34.4466
-44.5351 -20.6207 23.6269 -11.4250 -31.5569 -42.3518 -44.0889 13.5956 26.5085 -26.4442 -38.6031 -46.8334 1.4682 31.0789 -19.7819 -34.5993 -44.7221 -29.9674 21.0331 -5.8276 -30.5083 -41.4786 -45.7551 11.2909 31.5592 -25.1889 -37.8294 -46.5791 -1.8600 29.6560 -18.6775 -34.1433 -44.4582 -32.0378 20.5906 -5.2188 -30.5213 -41.5786 -45.4660 12.0656 29.7073 -25.9347 -38.4052 -46.8158 1.8501 31.5839 -20.4933 -35.0689 -45.0875 -31.2873 10.3448 -31.2873 -45.0875 -35.0689 -20.4933 31.5839 1.8501 -46.8158 -38.4052 -25.9347 29.7073 12.0656 -45.4660 -41.5786 -30.5213 -5.2188 20.5906 -32.0378 -44.4582 -34.1433 -18.6775 29.6560 -1.8600 -46.5791 -37.8294 -25.1889 31.5592 11.2909 -45.7551 -41.4786 -30.5083 -5.8276 21.0331 -29.9674 -44.7221 -34.5993 -19.7819 31.0789 1.4682 -46.8334 -38.6031 -26.4442 26.5085 13.5956 -44.0889 -42.3518 -31.5569 -11.4250 23.6269 -20.6207 -44.5351
-19.9358 24.0521 -12.1105 -31.7279 -42.4949 -43.7026 14.0012 25.1538 -26.6855 -38.7628 -46.8786 2.1724 31.4383 -20.0986 -34.7597 -44.8321 -28.7396 21.3982 -6.7902 -30.6518 -41.5962 -45.5912 11.5750 31.1551 -25.3259 -37.9062 -46.6053 -1.5563 29.7572 -18.7370 -34.1570 -44.4582 -32.1357 20.5256 -4.9323 -30.4684 -41.5230 -45.5694 11.8600 30.1894 -25.7858 -38.2989 -46.7799 1.3244 31.3182 -20.2672 -34.9814 -45.0666 -26.4378 20.2737 32.7508 20.2737 -26.4378 -45.0666 -34.9814 -20.2672 31.3182 1.3244 -46.7799 -38.2989 -25.7858 30.1894 11.8600 -45.5694 -41.5230 -30.4684 -4.9323 20.5256 -32.1357 -44.4582 -34.1570 -18.7370 29.7572 -1.5563 -46.6053 -37.9062 -25.3259 31.1551 11.5750 -45.5912 -41.5962 -30.6518 -6.7902 21.3982 -28.7396 -44.8321 -34.7597 -20.0986 31.4383 2.1724 -46.8786 -38.7628 -26.6855 25.1538 14.0012 -43.7026 -42.4949 -31.7279 -12.1105 24.0521 -19.9358
24.2371 -12.7525 -31.8982 -42.6361 -43.2822 14.4073 23.6510 -26.9261 -38.9230 -46.9162 2.8473 31.7866 -20.4134 -34.9228 -44.9423 -27.4207 21.7809 -7.7314 -30.8057 -41.7228 -45.3936 11.8987 30.6266 -25.4920 -38.0049 -46.6393 -1.1332 29.9177 -18.8533 -34.1983 -44.4781 -32.0378 20.5256 -4.8345 -30.4410 -41.4873 -45.6379 11.7069 30.5384 -25.6647 -38.2102 -46.7472 0.8391 31.0670 -20.0382 -34.8674 -44.9985 -25.9382 22.0900 -4.3221 -24.9904 -4.3221 22.0900 -25.9382 -44.9985 -34.8674 -20.0382 31.0670 0.8391 -46.7472 -38.2102 -25.6647 30.5384 11.7069 -45.6379 -41.4873 -30.4410 -4.8345 20.5256 -32.0378 -44.4781 -34.1983 -18.8533 29.9177 -1.1332 -46.6393 -38.0049 -25.4920 30.6266 11.8987 -45.3936 -41.7228 -30.8057 -7.7314 21.7809 -27.4207 -44.9423 -34.9228 -20.4134 31.7866 2.8473 -46.9162 -38.9230 -26.9261 23.6510 14.4073 -43.2822 -42.6361 -31.8982 -12.7525 24.2371
-13.1153 -32.0678 -42.7764 -42.8228 14.8149 22.0006 -27.1675 -39.0830 -46.9450 3.4890 32.1184 -20.7259 -35.0888 -45.0530 -26.0152 22.1762 -8.6312 -30.9661 -41.8571 -45.1651 12.2494 29.9640 -25.6807 -38.1216 -46.6791 -0.6175 30.1312 -19.0177 -34.2644 -44.5170 -31.7485 20.5906 -4.9323 -30.4410 -41.4749 -45.6734 11.6097 30.7679 -25.5745 -38.1423 -46.7202 0.4226 30.8449 -19.8301 -34.7564 -44.9235 -26.5910 22.2440 -8.5305 -30.2768 -37.5239 -30.2768 -8.5305 22.2440 -26.5910 -44.9235 -34.7564 -19.8301 30.8449 0.4226 -46.7202 -38.1423 -25.5745 30.7679 11.6097 -45.6734 -41.4749 -30.4410 -4.9323 20.5906 -31.7485 -44.5170 -34.2644 -19.0177 30.1312 -0.6175 -46.6791 -38.1216 -25.6807 29.9640 12.2494 -45.1651 -41.8571 -30.9661 -8.6312 22.1762 -26.0152 -45.0530 -35.0888 -20.7259 32.1184 3.4890 -46.9450 -39.0830 -27.1675 22.0006 14.8149 -42.8228 -42.7764 -32.0678 -13.1153
-31.1446 -42.9162 -42.3239 15.2233 20.2200 -27.4086 -39.2425 -46.9647 4.1029 32.4267 -21.0329 -35.2556 -45.1640 -24.5293 22.5836 -9.4923 -31.1303 -41.9947 -44.9036 12.6190 29.1579 -25.8875 -38.2509 -46.7226 -0.0349 30.3855 -19.2216 -34.3524 -44.5717 -31.2768 20.7160 -5.2188 -30.4684 -41.4873 -45.6734 11.5757 30.8819 -25.5185 -38.0961 -46.6999 0.0941 30.6650 -19.6554 -34.6600 -44.8527 -27.4413 22.0776 -8.8946 -30.9597 -41.5300 -47.2041 -41.5300 -30.9597 -8.8946 22.0776 -27.4413 -44.8527 -34.6600 -19.6554 30.6650 0.0941 -46.6999 -38.0961 -25.5185 30.8819 11.5757 -45.6734 -41.4873 -30.4684 -5.2188 20.7160 -31.2768 -44.5717 -34.3524 -19.2216 30.3855 -0.0349 -46.7226 -38.2509 -25.8875 29.1579 12.6190 -44.9036 -41.9947 -31.1303 -9.4923 22.5836 -24.5293 -45.1640 -35.2556 -21.0329 32.4267 4.1029 -46.9647 -39.2425 -27.4086 20.2200 15.2233 -42.3239 -42.9162 -31.1446
-42.0822 -41.7895 15.6343 18.3124 -27.6480 -39.4012 -46.9744 4.6926 32.7103 -21.3328 -35.4221 -45.2724 -22.9866 22.9992 -10.3033 -31.2996 -42.1357 -44.6052 13.0026 28.2054 -26.1084 -38.3911 -46.7690 0.5922 30.6731 -19.4586 -34.4594 -44.6409 -30.6322 20.8972 -5.6699 -30.5213 -41.5230 -45.6379 11.6097 30.8819 -25.4999 -38.0714 -46.6870 -0.1350 30.5299 -19.5185 -34.5822 -44.7920 -28.2150 21.8555 -8.5670 -31.0391 -41.9267 -45.9882 -4.7336 -45.9882 -41.9267 -31.0391 -8.5670 21.8555 -28.2150 -44.7920 -34.5822 -19.5185 30.5299 -0.1350 -46.6870 -38.0714 -25.4999 30.8819 11.6097 -45.6379 -41.5230 -30.5213 -5.6699 20.8972 -30.6322 -44.6409 -34.4594 -19.4586 30.6731 0.5922 -46.7690 -38.3911 -26.1084 28.2054 13.0026 -44.6052 -42.1357 -31.2996 -10.3033 22.9992 -22.9866 -45.2724 -35.4221 -21.3328 32.7103 4.6926 -46.9744 -39.4012 -27.6480 18.3124 15.6343 -41.7895 -42.0822
-41.1223 16.0471 16.2930 -27.8877 -39.5598 -46.9736 5.2577 32.9656 -21.6279 -35.5889 -45.3779 -21.4129 23.4183 -11.0645 -31.4717 -42.2799 -44.2698 13.3976 27.0949 -26.3371 -38.5384 -46.8155 1.2444 30.9878 -19.7235 -34.5834 -44.7229 -29.8190 21.1293 -6.2472 -30.5982 -41.5786 -45.5694 11.7069 30.7679 -25.5185 -38.0714 -46.6823 -0.2574 30.4464 -19.4232 -34.5244 -44.7447 -28.8417 21.6502 -8.1130 -30.9877 -41.9582 -45.0942 10.6846 27.8072 10.6846 -45.0942 -41.9582 -30.9877 -8.1130 21.6502 -28.8417 -44.7447 -34.5244 -19.4232 30.4464 -0.2574 -46.6823 -38.0714 -25.5185 30.7679 11.7069 -45.5694 -41.5786 -30.5982 -6.2472 21.1293 -29.8190 -44.7229 -34.5834 -19.7235 30.9878 1.2444 -46.8155 -38.5384 -26.3371 27.0949 13.3976 -44.2698 -42.2799 -31.4717 -11.0645 23.4183 -21.4129 -45.3779 -35.5889 -21.6279 32.9656 5.2577 -46.9736 -39.5598 -27.8877 16.2930 16.0471 -41.1223
16.1786 14.2018 -28.1273 -39.7177 -46.9619 5.8030 33.1876 -21.9183 -35.7550 -45.4814 -19.8127 23.8375 -11.7757 -31.6429 -42.4236 -43.8985 13.8007 25.8265 -26.5707 -38.6902 -46.8599 1.9026 31.3142 -20.0039 -34.7205 -44.8142 -28.8443 21.4058 -6.9263 -30.6955 -41.6528 -45.4660 11.8600 30.5384 -25.5745 -38.0961 -46.6870 -0.2574 30.4189 -19.3753 -34.4891 -44.7118 -29.2911 21.4886 -7.6874 -30.9141 -41.9106 -44.9448 12.3661 32.3576 -17.3524 32.3576 12.3661 -44.9448 -41.9106 -30.9141 -7.6874 21.4886 -29.2911 -44.7118 -34.4891 -19.3753 30.4189 -0.2574 -46.6870 -38.0961 -25.5745 30.5384 11.8600 -45.4660 -41.6528 -30.6955 -6.9263 21.4058 -28.8443 -44.8142 -34.7205 -20.0039 31.3142 1.9026 -46.8599 -38.6902 -26.5707 25.8265 13.8007 -43.8985 -42.4236 -31.6429 -11.7757 23.8375 -19.8127 -45.4814 -35.7550 -21.9183 33.1876 5.8030 -46.9619 -39.7177 -28.1273 14.2018 16.1786
11.8848 -28.3650 -39.8748 -46.9384 6.3312 33.3739 -22.2028 -35.9208 -45.5827 -18.1992 24.2587 -12.4383 -31.8139 -42.5661 -43.4935 14.2064 24.4094 -26.8078 -38.8458 -46.8997 2.5513 31.6424 -20.2923 -34.8670 -44.9109 -27.7260 21.7219 -7.6704 -30.8114 -41.7445 -45.3256 12.0656 30.1894 -25.6647 -38.1423 -46.6999 -0.1350 30.4464 -19.3753 -34.4770 -44.6956 -29.5593 21.3811 -7.3576 -30.8494 -41.8537 -45.0029 12.6344 29.5073 -24.9060 -33.4513 -24.9059 29.5073 12.6344 -45.0029 -41.8537 -30.8494 -7.3591 21.3811 -29.5590 -44.6956 -34.4770 -19.3753 30.4464 -0.1350 -46.6999 -38.1423 -25.6647 30.1894 12.0656 -45.3256 -41.7445 -30.8114 -7.6704 21.7219 -27.7260 -44.9109 -34.8670 -20.2923 31.6424 2.5513 -46.8997 -38.8458 -26.8078 24.4094 14.2064 -43.4935 -42.5661 -31.8139 -12.4383 24.2587 -18.1992 -45.5827 -35.9208 -22.2028 33.3739 6.3312 -46.9384 -39.8748 -28.3650 11.8848
-27.5613 -40.0312 -46.9025 6.8411 33.5197 -22.4833 -36.0863 -45.6816 -16.5960 24.6818 -13.0610 -31.9840 -42.7067 -43.0549 14.6123 22.8442 -27.0474 -39.0034 -46.9321 3.1834 31.9661 -20.5877 -35.0195 -45.0115 -26.4891 22.0680 -8.4445 -30.9433 -41.8505 -45.1483 12.3177 29.7073 -25.7858 -38.2102 -46.7202 0.0941 30.5299 -19.4232 -34.4891 -44.6956 -29.6506 21.3277 -7.1515 -30.8036 -41.8074 -45.0907 12.5843 28.8682 -25.8693 -37.7062 -44.5065 -37.7059 -25.8693 28.8681 12.5854 -45.0902 -41.8076 -30.8039 -7.1578 21.3281 -29.6499 -44.6956 -34.4891 -19.4232 30.5299 0.0941 -46.7202 -38.2102 -25.7858 29.7073 12.3177 -45.1483 -41.8505 -30.9433 -8.4445 22.0680 -26.4891 -45.0115 -35.0195 -20.5877 31.9661 3.1834 -46.9321 -39.0034 -27.0474 22.8442 14.6123 -43.0549 -42.7067 -31.9840 -13.0610 24.6818 -16.5960 -45.6816 -36.0863 -22.4833 33.5197 6.8411 -46.9025 -40.0312 -27.5613
-39.1698 -46.8545 7.3364 33.6199 -22.7597 -36.2509 -45.7768 -15.0151 25.1046 -13.6483 -32.1539 -42.8464 -42.5787 15.0197 21.1283 -27.2877 -39.1626 -46.9561 3.8013 32.2782 -20.8850 -35.1773 -45.1157 -25.1430 22.4355 -9.2240 -31.0877 -41.9674 -44.9319 12.6115 29.0797 -25.9347 -38.2989 -46.7472 0.4226 30.6650 -19.5185 -34.5244 -44.7118 -29.5593 21.3277 -7.0800 -30.7806 -41.7769 -45.1572 12.4891 28.9462 -26.0268 -38.2868 -46.8460 -36.9343 -46.8456 -38.2863 -26.0286 28.9272 12.4964 -45.1544 -41.7789 -30.7819 -7.0899 21.3281 -29.5590 -44.7118 -34.5244 -19.5185 30.6650 0.4226 -46.7472 -38.2989 -25.9347 29.0797 12.6115 -44.9319 -41.9674 -31.0877 -9.2240 22.4355 -25.1430 -45.1157 -35.1773 -20.8850 32.2782 3.8013 -46.9561 -39.1626 -27.2877 21.1283 15.0197 -42.5787 -42.8464 -32.1539 -13.6483 25.1046 -15.0151 -45.7768 -36.2509 -22.7597 33.6199 7.3364 -46.8545 -39.1698
-46.1668 7.8162 33.6705 -23.0307 -36.4150 -45.8692 -13.4586 25.5278 -14.2032 -32.3239 -42.9855 -42.0609 15.4284 19.2786 -27.5281 -39.3218 -46.9707 4.4001 32.5723 -21.1835 -35.3404 -45.2201 -23.7041 22.8192 -9.9861 -31.2405 -42.0934 -44.6777 12.9364 28.3014 -26.1072 -38.4052 -46.7799 0.8391 30.8449 -19.6554 -34.5822 -44.7447 -29.2911 21.3811 -7.1515 -30.7806 -41.7660 -45.1898 12.4583 29.0821 -26.0199 -38.3869 -46.7600 -3.3125 18.1298 -3.3270 -46.7628 -38.3965 -26.0452 29.0181 12.4506 -45.1789 -41.7753 -30.7822 -7.1583 21.3811 -29.2911 -44.7447 -34.5822 -19.6554 30.8449 0.8391 -46.7799 -38.4052 -26.1072 28.3014 12.9364 -44.6777 -42.0934 -31.2405 -9.9861 22.8192 -23.7041 -45.2201 -35.3404 -21.1835 32.5723 4.4001 -46.9707 -39.3218 -27.5281 19.2786 15.4284 -42.0609 -42.9855 -32.3239 -14.2032 25.5278 -13.4586 -45.8692 -36.4150 -23.0307 33.6705 7.8162 -46.1668
7.9213 33.6673 -23.2968 -36.5784 -45.9594 -11.9512 25.9500 -14.7274 -32.4923 -43.1223 -41.5052 15.8344 17.3334 -27.7663 -39.4791 -46.9753 4.9708 32.8395 -21.4788 -35.5041 -45.3240 -22.2050 23.2153 -10.7213 -31.3978 -42.2235 -44.3873 13.2835 27.3681 -26.2977 -38.5243 -46.8158 1.3244 31.0670 -19.8301 -34.6600 -44.7920 -28.8417 21.4886 -7.3576 -30.8036 -41.7768 -45.1909 12.2236 28.4808 -26.0414 -38.4197 -46.8379 0.2935 28.9094 4.0161 28.8435 0.6421 -46.7171 -38.4930 -26.0863 28.9151 12.3184 -45.3574 -41.7845 -30.8044 -7.3593 21.4886 -28.8417 -44.7920 -34.6600 -19.8301 31.0670 1.3244 -46.8158 -38.5243 -26.2977 27.3681 13.2835 -44.3873 -42.2235 -31.3978 -10.7213 23.2153 -22.2050 -45.3240 -35.5041 -21.4788 32.8395 4.9708 -46.9753 -39.4791 -27.7663 17.3334 15.8344 -41.5052 -43.1223 -32.4923 -14.7274 25.9500 -11.9512 -45.9594 -36.5784 -23.2968 33.6673 7.9213
33.3061 -23.5582 -36.7402 -46.0468 -10.5124 26.3702 -15.2229 -32.6594 -43.2573 -40.9126 16.2388 15.3116 -28.0014 -39.6348 -46.9695 5.5160 33.0748 -21.7660 -35.6674 -45.4277 -20.6582 23.6196 -11.4244 -31.5603 -42.3575 -44.0616 13.6447 26.2811 -26.5015 -38.6532 -46.8527 1.8501 31.3182 -20.0382 -34.7564 -44.8527 -28.2150 21.6502 -7.6874 -30.8494 -41.8073 -45.1584 12.4289 29.0165 -26.0147 -38.3672 -46.8634 1.7194 30.7110 -18.1302 -29.2836 -17.9039 30.6339 1.0213 -46.8554 -38.5123 -26.0016 29.8254 12.2719 -45.1491 -41.8076 -30.8497 -7.6874 21.6502 -28.2150 -44.8527 -34.7564 -20.0382 31.3182 1.8501 -46.8527 -38.6532 -26.5015 26.2811 13.6447 -44.0616 -42.3575 -31.5603 -11.4244 23.6196 -20.6582 -45.4277 -35.6674 -21.7660 33.0748 5.5160 -46.9695 -39.6348 -28.0014 15.3116 16.2388 -40.9126 -43.2573 -32.6594 -15.2229 26.3702 -10.5124 -46.0468 -36.7402 -23.5582 33.3061
-23.1790 -36.8998 -46.1303 -9.1581 26.7853 -15.6891 -32.8242 -43.3894 -40.2856 16.6403 13.2506 -28.2326 -39.7880 -46.9529 6.0365 33.2749 -22.0442 -35.8284 -45.5282 -19.1012 24.0242 -12.0798 -31.7233 -42.4943 -43.7001 14.0128 25.0573 -26.7118 -38.7896 -46.8876 2.3854 31.5839 -20.2672 -34.8674 -44.9235 -27.4413 21.8555 -8.1130 -30.9141 -41.8537 -45.0909 12.4875 29.1320 -25.9886 -38.3619 -46.7786 1.5610 31.0771 -19.6627 -33.8398 -40.9793 -33.8168 -19.3920 31.0265 1.2341 -46.8532 -38.4302 -26.0414 29.0879 12.5042 -45.0888 -41.8539 -30.9141 -8.1130 21.8555 -27.4413 -44.9235 -34.8674 -20.2672 31.5839 2.3854 -46.8876 -38.7896 -26.7118 25.0573 14.0128 -43.7001 -42.4943 -31.7233 -12.0798 24.0242 -19.1012 -45.5282 -35.8284 -22.0442 33.2749 6.0365 -46.9529 -39.7880 -28.2326 13.2506 16.6403 -40.2856 -43.3894 -32.8242 -15.6891 26.7853 -9.1581 -46.1303 -36.8998 -23.1790
