-45.1681 0.4314 31.0115 -19.8087 -33.9464 -44.2035 -24.4976 22.9878 -11.2507 -30.6339 -41.6617 -42.6011 14.9553 17.9827 -26.9292 -38.7024 -46.2661 6.4752 33.3395 -22.4562 -35.5381 -45.1960 -9.9111 27.0422 -16.3164 -32.2705 -42.9770 -36.4076 18.9285 -0.7731 -28.8884 -40.1862 -45.4770 10.8536 30.9186 -24.7400 -37.1046 -45.9484 0.2569 30.8981 -19.6981 -33.8811 -44.1578 -25.1196 22.8052 -10.9213 -30.5358 -41.5473 -43.4483 12.0528 29.4603 12.0528 -43.4483 -41.5473 -30.5358 -10.9213 22.8052 -25.1196 -44.1578 -33.8811 -19.6981 30.8981 0.2569 -45.9484 -37.1046 -24.7400 30.9186 10.8536 -45.4770 -40.1862 -28.8884 -0.7731 18.9285 -36.4076 -42.9770 -32.2705 -16.3164 27.0422 -9.9111 -45.1960 -35.5381 -22.4562 33.3395 6.4752 -46.2661 -38.7024 -26.9292 17.9827 14.9553 -42.6011 -41.6617 -30.6339 -11.2507 22.9878 -24.4976 -44.2035 -33.9464 -19.8087 31.0115 0.4314 -45.1681
0.4314 31.0481 -20.0114 -34.8644 -45.0084 -25.1444 22.8287 -10.7402 -31.5667 -42.5014 -43.2635 14.8359 20.1351 -27.6590 -39.5671 -46.9619 6.3544 33.5251 -22.7717 -36.4226 -45.9650 -10.4141 26.8353 -16.1958 -33.1810 -43.7989 -37.0924 18.7976 0.8555 -29.8477 -41.0394 -46.1494 10.7512 31.8591 -25.2465 -37.9795 -46.6787 0.0314 30.7468 -19.8116 -34.7772 -44.9574 -25.8272 22.6409 -10.3907 -31.4846 -42.4252 -43.6436 13.9336 29.6325 -19.0009 29.6325 13.9336 -43.6436 -42.4252 -31.4846 -10.3907 22.6409 -25.8272 -44.9574 -34.7772 -19.8116 30.7468 0.0314 -46.6787 -37.9795 -25.2465 31.8591 10.7512 -46.1494 -41.0394 -29.8477 0.8555 18.7976 -37.0924 -43.7989 -33.1810 -16.1958 26.8353 -10.4141 -45.9650 -36.4226 -22.7717 33.5251 6.3544 -46.9619 -39.5671 -27.6590 20.1351 14.8359 -43.2635 -42.5014 -31.5667 -10.7402 22.8287 -25.1444 -45.0084 -34.8644 -20.0114 31.0481 0.4314
31.0115 -20.0114 -34.8047 -44.9389 -26.2287 22.4821 -10.0496 -31.4091 -42.3650 -43.6698 14.4352 21.8981 -27.4225 -39.4106 -46.9732 5.8313 33.3817 -22.4962 -36.2584 -45.8738 -11.8656 26.4044 -15.7392 -33.0119 -43.6683 -37.9513 18.3775 2.6464 -29.6641 -40.8873 -46.3046 10.3228 32.3736 -24.9969 -37.8174 -46.6172 -0.7973 30.3589 -19.4781 -34.6104 -44.8430 -27.2654 22.2275 -9.5951 -31.3188 -42.2925 -43.9065 14.0490 25.2187 -25.8534 -34.1217 -25.8534 25.2187 14.0490 -43.9065 -42.2925 -31.3188 -9.5951 22.2275 -27.2654 -44.8430 -34.6104 -19.4781 30.3589 -0.7973 -46.6172 -37.8174 -24.9969 32.3736 10.3228 -46.3046 -40.8873 -29.6641 2.6464 18.3775 -37.9513 -43.6683 -33.0119 -15.7392 26.4044 -11.8656 -45.8738 -36.2584 -22.4962 33.3817 5.8313 -46.9732 -39.4106 -27.4225 21.8981 14.4352 -43.6698 -42.3650 -31.4091 -10.0496 22.4821 -26.2287 -44.9389 -34.8047 -20.0114 31.0115
-19.8087 -34.8644 -44.9389 -26.6379 22.2769 -9.5136 -31.2794 -42.2455 -44.0150 14.0626 23.4599 -27.1905 -39.2553 -46.9747 5.2967 33.1988 -22.2177 -36.0940 -45.7804 -13.3830 25.9757 -15.2590 -32.8424 -43.5362 -38.7581 17.9502 4.5571 -29.4488 -40.7340 -46.4427 9.8873 32.7938 -24.7437 -37.6548 -46.5524 -1.6764 29.9647 -19.1357 -34.4425 -44.7268 -28.6612 21.8156 -8.7268 -31.1495 -42.1522 -44.2436 13.7875 24.9278 -26.7002 -38.3009 -45.0146 -38.3009 -26.7002 24.9278 13.7875 -44.2436 -42.1522 -31.1495 -8.7268 21.8156 -28.6612 -44.7268 -34.4425 -19.1357 29.9647 -1.6764 -46.5524 -37.6548 -24.7437 32.7938 9.8873 -46.4427 -40.7340 -29.4488 4.5571 17.9502 -38.7581 -43.5362 -32.8424 -15.2590 25.9757 -13.3830 -45.7804 -36.0940 -22.2177 33.1988 5.2967 -46.9747 -39.2553 -27.1905 23.4599 14.0626 -44.0150 -42.2455 -31.2794 -9.5136 22.2769 -26.6379 -44.9389 -34.8644 -19.8087
-33.9464 -45.0084 -26.2287 22.2769 -9.3052 -31.2037 -42.1593 -44.2702 13.7481 24.7436 -26.9767 -39.1074 -46.9665 4.7539 32.9864 -21.9404 -35.9316 -45.6860 -14.9324 25.5509 -14.7575 -32.6730 -43.4021 -39.5105 17.5262 6.5819 -29.2116 -40.5805 -46.5623 9.4464 33.1231 -24.4888 -37.4916 -46.4841 -2.6154 29.5630 -18.7844 -34.2747 -44.6090 -29.9937 21.4062 -7.7810 -30.9787 -42.0091 -44.5760 13.4228 25.8772 -26.7294 -38.7946 -47.0226 -33.3935 -47.0226 -38.7946 -26.7294 25.8772 13.4228 -44.5760 -42.0091 -30.9787 -7.7810 21.4062 -29.9937 -44.6090 -34.2747 -18.7844 29.5630 -2.6154 -46.4841 -37.4916 -24.4888 33.1231 9.4464 -46.5623 -40.5805 -29.2116 6.5819 17.5262 -39.5105 -43.4021 -32.6730 -14.7575 25.5509 -14.9324 -45.6860 -35.9316 -21.9404 32.9864 4.7539 -46.9665 -39.1074 -26.9767 24.7436 13.7481 -44.2702 -42.1593 -31.2037 -9.3052 22.2769 -26.2287 -45.0084 -33.9464
-44.2035 -25.1444 22.4821 -9.5136 -31.2037 -42.1271 -44.4076 13.5313 25.6719 -26.7984 -38.9780 -46.9515 4.2266 32.7548 -21.6664 -35.7726 -45.5901 -16.4833 25.1323 -14.2381 -32.5045 -43.2674 -40.2130 17.1041 8.6978 -28.9732 -40.4267 -46.6645 8.9985 33.3692 -24.2323 -37.3278 -46.4127 -3.6215 29.1534 -18.4228 -34.1068 -44.4887 -31.2611 20.9997 -6.7533 -30.8060 -41.8633 -44.8848 13.0285 27.0444 -26.5617 -38.7982 -46.8805 -0.5545 19.3552 -0.5545 -46.8805 -38.7982 -26.5617 27.0444 13.0285 -44.8848 -41.8633 -30.8060 -6.7533 20.9997 -31.2611 -44.4887 -34.1068 -18.4228 29.1534 -3.6215 -46.4127 -37.3278 -24.2323 33.3692 8.9985 -46.6645 -40.4267 -28.9732 8.6978 17.1041 -40.2130 -43.2674 -32.5045 -14.2381 25.1323 -16.4833 -45.5901 -35.7726 -21.6664 32.7548 4.2266 -46.9515 -38.9780 -26.7984 25.6719 13.5313 -44.4076 -42.1271 -31.2037 -9.5136 22.4821 -25.1444 -44.2035
-24.4976 22.8287 -10.0496 -31.2794 -42.1593 -44.4076 13.4536 26.1553 -26.6782 -38.8799 -46.9340 3.7577 32.5230 -21.4083 -35.6215 -45.4952 -18.0101 24.7221 -13.7008 -32.3384 -43.1334 -40.8572 16.6890 10.8543 -28.7348 -40.2724 -46.7502 8.5406 33.5396 -23.9724 -37.1640 -46.3382 -4.6932 28.7387 -18.0501 -33.9395 -44.3668 -32.4679 20.5938 -5.6294 -30.6329 -41.7155 -45.1680 12.6253 28.1706 -26.3406 -38.6829 -46.8832 2.1516 30.0469 -1.0199 30.0469 2.1516 -46.8832 -38.6829 -26.3406 28.1706 12.6253 -45.1680 -41.7155 -30.6329 -5.6294 20.5938 -32.4679 -44.3668 -33.9395 -18.0501 28.7387 -4.6932 -46.3382 -37.1640 -23.9724 33.5396 8.5406 -46.7502 -40.2724 -28.7348 10.8543 16.6890 -40.8572 -43.1334 -32.3384 -13.7008 24.7221 -18.0101 -45.4952 -35.6215 -21.4083 32.5230 3.7577 -46.9340 -38.8799 -26.6782 26.1553 13.4536 -44.4076 -42.1593 -31.2794 -10.0496 22.8287 -24.4976
22.9878 -10.7402 -31.4091 -42.2455 -44.2702 13.5313 26.1553 -26.6366 -38.8269 -46.9198 3.3956 32.3225 -21.1858 -35.4870 -45.4078 -19.4402 24.3351 -13.1509 -32.1759 -42.9999 -41.4447 16.2845 12.9870 -28.4985 -40.1167 -46.8208 8.0760 33.6395 -23.7103 -36.9999 -46.2602 -5.8340 28.3201 -17.6652 -33.7720 -44.2439 -33.6077 20.1910 -4.4038 -30.4595 -41.5667 -45.4269 12.2174 29.1917 -26.1042 -38.5357 -46.8555 2.2794 31.4400 -18.8850 -29.8468 -18.8850 31.4400 2.2794 -46.8555 -38.5357 -26.1042 29.1917 12.2174 -45.4269 -41.5667 -30.4595 -4.4038 20.1910 -33.6077 -44.2439 -33.7720 -17.6652 28.3201 -5.8340 -46.2602 -36.9999 -23.7103 33.6395 8.0760 -46.8208 -40.1167 -28.4985 12.9870 16.2845 -41.4447 -42.9999 -32.1759 -13.1509 24.3351 -19.4402 -45.4078 -35.4870 -21.1858 32.3225 3.3956 -46.9198 -38.8269 -26.6366 26.1553 13.5313 -44.2702 -42.2455 -31.4091 -10.7402 22.9878
-11.2507 -31.5667 -42.3650 -44.0150 13.7481 25.6719 -26.6782 -38.8269 -46.9144 3.1986 32.1855 -21.0176 -35.3791 -45.3325 -20.6923 23.9868 -12.6145 -32.0213 -42.8705 -41.9810 15.8895 15.0407 -28.2651 -39.9631 -46.8769 7.6053 33.6756 -23.4463 -36.8352 -46.1794 -7.0515 27.8964 -17.2648 -33.6037 -44.1194 -34.6782 19.7910 -3.0653 -30.2852 -41.4170 -45.6620 11.8032 30.0959 -25.8630 -38.3796 -46.8122 1.8107 31.4959 -20.1014 -34.1811 -41.3135 -34.1811 -20.1014 31.4959 1.8107 -46.8122 -38.3796 -25.8630 30.0959 11.8032 -45.6620 -41.4170 -30.2852 -3.0653 19.7910 -34.6782 -44.1194 -33.6037 -17.2648 27.8964 -7.0515 -46.1794 -36.8352 -23.4463 33.6756 7.6053 -46.8769 -39.9631 -28.2651 15.0407 15.8895 -41.9810 -42.8705 -32.0213 -12.6145 23.9868 -20.6923 -45.3325 -35.3791 -21.0176 32.1855 3.1986 -46.9144 -38.8269 -26.6782 25.6719 13.7481 -44.0150 -42.3650 -31.5667 -11.2507
-30.6339 -42.5014 -43.6698 14.0626 24.7436 -26.7984 -38.8799 -46.9198 3.1986 32.1367 -20.9279 -35.3091 -45.2762 -21.6812 23.6929 -12.1251 -31.8827 -42.7516 -42.4484 15.5118 16.9778 -28.0388 -39.8126 -46.9189 7.1278 33.6550 -23.1825 -36.6717 -46.0960 -8.3402 27.4715 -16.8501 -33.4352 -43.9925 -35.6854 19.3934 -1.5974 -30.1108 -41.2669 -45.8729 11.3856 30.8847 -25.6194 -38.2210 -46.7615 1.1528 31.2505 -20.1488 -34.7648 -44.7630 -46.9424 -44.7630 -34.7648 -20.1488 31.2505 1.1528 -46.7615 -38.2210 -25.6194 30.8847 11.3856 -45.8729 -41.2669 -30.1108 -1.5974 19.3934 -35.6854 -43.9925 -33.4352 -16.8501 27.4715 -8.3402 -46.0960 -36.6717 -23.1825 33.6550 7.1278 -46.9189 -39.8126 -28.0388 16.9778 15.5118 -42.4484 -42.7516 -31.8827 -12.1251 23.6929 -21.6812 -45.2762 -35.3091 -20.9279 32.1367 3.1986 -46.9198 -38.8799 -26.7984 24.7436 14.0626 -43.6698 -42.5014 -30.6339
-41.6617 -43.2635 14.4352 23.4599 -26.9767 -38.9780 -46.9340 3.3956 32.1855 -20.9279 -35.2850 -45.2463 -22.3093 23.4803 -11.7201 -31.7679 -42.6476 -42.8370 15.1702 18.7280 -27.8231 -39.6660 -46.9481 6.6474 33.5850 -22.9193 -36.5109 -46.0108 -9.6881 27.0466 -16.4204 -33.2659 -43.8641 -36.6352 18.9980 0.0006 -29.9362 -41.1156 -46.0612 10.9643 31.5597 -25.3725 -38.0608 -46.7063 0.4127 30.9132 -19.9276 -34.7846 -44.9015 -33.1860 9.6708 -33.1860 -44.9015 -34.7846 -19.9276 30.9132 0.4127 -46.7063 -38.0608 -25.3725 31.5597 10.9643 -46.0612 -41.1156 -29.9362 0.0006 18.9980 -36.6352 -43.8641 -33.2659 -16.4204 27.0466 -9.6881 -46.0108 -36.5109 -22.9193 33.5850 6.6474 -46.9481 -39.6660 -27.8231 18.7280 15.1702 -42.8370 -42.6476 -31.7679 -11.7201 23.4803 -22.3093 -45.2463 -35.2850 -20.9279 32.1855 3.3956 -46.9340 -38.9780 -26.9767 23.4599 14.4352 -43.2635 -41.6617
-42.6011 14.8359 21.8981 -27.1905 -39.1074 -46.9515 3.7577 32.3225 -21.0176 -35.3091 -45.2463 -22.5239 23.3694 -11.4476 -31.6833 -42.5642 -43.1437 14.8782 20.1934 -27.6257 -39.5305 -46.9659 6.1746 33.4751 -22.6578 -36.3524 -45.9249 -11.0827 26.6265 -15.9759 -33.0977 -43.7345 -37.5262 18.5899 1.7227 -29.7605 -40.9635 -46.2287 10.5370 32.1287 -25.1221 -37.8990 -46.6477 -0.3831 30.5419 -19.6271 -34.6691 -44.8652 -28.8578 19.5958 33.2075 19.5958 -28.8578 -44.8652 -34.6691 -19.6271 30.5419 -0.3831 -46.6477 -37.8990 -25.1221 32.1287 10.5370 -46.2287 -40.9635 -29.7605 1.7227 18.5899 -37.5262 -43.7345 -33.0977 -15.9759 26.6265 -11.0827 -45.9249 -36.3524 -22.6578 33.4751 6.1746 -46.9659 -39.5305 -27.6257 20.1934 14.8782 -43.1437 -42.5642 -31.6833 -11.4476 23.3694 -22.5239 -45.2463 -35.3091 -21.0176 32.3225 3.7577 -46.9515 -39.1074 -27.1905 21.8981 14.8359 -42.6011
14.9553 20.1351 -27.4225 -39.2553 -46.9665 4.2266 32.5230 -21.1858 -35.3791 -45.2762 -22.3093 23.3694 -11.3502 -31.6380 -42.5099 -43.3562 14.6471 21.3413 -27.4576 -39.4110 -46.9741 5.7275 33.3372 -22.4069 -36.1987 -45.8376 -12.4977 26.2159 -15.5213 -32.9318 -43.6047 -38.3536 18.1655 3.5735 -29.5616 -40.8110 -46.3761 10.1056 32.5956 -24.8702 -37.7364 -46.5851 -1.2292 30.1570 -19.2987 -34.5164 -44.7726 -28.6294 21.3427 -1.8523 -24.5895 -1.8523 21.3427 -28.6294 -44.7726 -34.5164 -19.2987 30.1570 -1.2292 -46.5851 -37.7364 -24.8702 32.5956 10.1056 -46.3761 -40.8110 -29.5616 3.5735 18.1655 -38.3536 -43.6047 -32.9318 -15.5213 26.2159 -12.4977 -45.8376 -36.1987 -22.4069 33.3372 5.7275 -46.9741 -39.4110 -27.4576 21.3413 14.6471 -43.3562 -42.5099 -31.6380 -11.3502 23.3694 -22.3093 -45.2762 -35.3791 -21.1858 32.5230 4.2266 -46.9665 -39.2553 -27.4225 20.1351 14.9553
17.9827 -27.6590 -39.4106 -46.9747 4.7539 32.7548 -21.4083 -35.4870 -45.3325 -21.6812 23.4803 -11.4476 -31.6380 -42.4910 -43.4649 14.4976 22.1458 -27.3270 -39.3120 -46.9755 5.3252 33.1877 -22.1745 -36.0553 -45.7529 -13.8977 25.8179 -15.0588 -32.7689 -43.4759 -39.1172 17.7454 5.5349 -29.3312 -40.6584 -46.5045 9.6685 32.9688 -24.6170 -37.5730 -46.5186 -2.1375 29.7629 -18.9572 -34.3535 -44.6619 -29.5402 21.4144 -6.5902 -29.9483 -37.2120 -29.9483 -6.5902 21.4144 -29.5402 -44.6619 -34.3535 -18.9572 29.7629 -2.1375 -46.5186 -37.5730 -24.6170 32.9688 9.6685 -46.5045 -40.6584 -29.3312 5.5349 17.7454 -39.1172 -43.4759 -32.7689 -15.0588 25.8179 -13.8977 -45.7529 -36.0553 -22.1745 33.1877 5.3252 -46.9755 -39.3120 -27.3270 22.1458 14.4976 -43.4649 -42.4910 -31.6380 -11.4476 23.4803 -21.6812 -45.3325 -35.4870 -21.4083 32.7548 4.7539 -46.9747 -39.4106 -27.6590 17.9827
-26.9292 -39.5671 -46.9732 5.2967 32.9864 -21.6664 -35.6215 -45.4078 -20.6923 23.6929 -11.7201 -31.6833 -42.5099 -43.4649 14.4465 22.5611 -27.2420 -39.2411 -46.9730 4.9863 33.0431 -21.9681 -35.9276 -45.6741 -15.2425 25.4416 -14.5975 -32.6119 -43.3485 -39.8137 17.3398 7.5585 -29.0970 -40.5066 -46.6145 9.2256 33.2562 -24.3607 -37.4098 -46.4490 -3.1103 29.3597 -18.6053 -34.1888 -44.5457 -30.7110 21.1391 -6.7757 -30.6038 -41.2218 -47.0493 -41.2218 -30.6038 -6.7757 21.1391 -30.7110 -44.5457 -34.1888 -18.6053 29.3597 -3.1103 -46.4490 -37.4098 -24.3607 33.2562 9.2256 -46.6145 -40.5066 -29.0970 7.5585 17.3398 -39.8137 -43.3485 -32.6119 -14.5975 25.4416 -15.2425 -45.6741 -35.9276 -21.9681 33.0431 4.9863 -46.9730 -39.2411 -27.2420 22.5611 14.4465 -43.4649 -42.5099 -31.6833 -11.7201 23.6929 -20.6923 -45.4078 -35.6215 -21.6664 32.9864 5.2967 -46.9732 -39.5671 -26.9292
-38.7024 -46.9619 5.8313 33.1988 -21.9404 -35.7726 -45.4952 -19.4402 23.9868 -12.1251 -31.7679 -42.5642 -43.3562 14.4976 22.5611 -27.2115 -39.2030 -46.9699 4.7375 32.9193 -21.7980 -35.8189 -45.6030 -16.4564 25.0976 -14.1475 -32.4636 -43.2261 -40.4409 16.9471 9.5827 -28.8700 -40.3571 -46.7066 8.7812 33.4622 -24.1039 -37.2464 -46.3757 -4.1469 28.9479 -18.2398 -34.0231 -44.4270 -31.9029 20.7720 -6.0307 -30.6358 -41.5993 -46.3613 -7.1729 -46.3613 -41.5993 -30.6358 -6.0307 20.7720 -31.9029 -44.4270 -34.0231 -18.2398 28.9479 -4.1469 -46.3757 -37.2464 -24.1039 33.4622 8.7812 -46.7066 -40.3571 -28.8700 9.5827 16.9471 -40.4409 -43.2261 -32.4636 -14.1475 25.0976 -16.4564 -45.6030 -35.8189 -21.7980 32.9193 4.7375 -46.9699 -39.2030 -27.2115 22.5611 14.4976 -43.3562 -42.5642 -31.7679 -12.1251 23.9868 -19.4402 -45.4952 -35.7726 -21.9404 33.1988 5.8313 -46.9619 -38.7024
-46.2661 6.3544 33.3817 -22.2177 -35.9316 -45.5901 -18.0101 24.3351 -12.6145 -31.8827 -42.6476 -43.1437 14.6471 22.1458 -27.2420 -39.2030 -46.9685 4.6029 32.8350 -21.6733 -35.7345 -45.5447 -17.4849 24.7989 -13.7256 -32.3283 -43.1120 -40.9941 16.5763 11.5482 -28.6492 -40.2114 -46.7821 8.3365 33.5937 -23.8498 -37.0848 -46.2998 -5.2546 28.5294 -17.8595 -33.8563 -44.3059 -33.0541 20.3809 -4.9596 -30.5191 -41.5847 -45.6858 9.7146 26.8515 9.7146 -45.6858 -41.5847 -30.5191 -4.9596 20.3809 -33.0541 -44.3059 -33.8563 -17.8595 28.5294 -5.2546 -46.2998 -37.0848 -23.8498 33.5937 8.3365 -46.7821 -40.2114 -28.6492 11.5482 16.5763 -40.9941 -43.1120 -32.3283 -13.7256 24.7989 -17.4849 -45.5447 -35.7345 -21.6733 32.8350 4.6029 -46.9685 -39.2030 -27.2420 22.1458 14.6471 -43.1437 -42.6476 -31.8827 -12.6145 24.3351 -18.0101 -45.5901 -35.9316 -22.2177 33.3817 6.3544 -46.2661
6.4752 33.5251 -22.4962 -36.0940 -45.6860 -16.4833 24.7221 -13.1509 -32.0213 -42.7516 -42.8370 14.8782 21.3413 -27.3270 -39.2411 -46.9699 4.6029 32.8053 -21.6075 -35.6817 -45.5028 -18.2762 24.5605 -13.3611 -32.2116 -43.0099 -41.4639 16.2362 13.3954 -28.4390 -40.0699 -46.8420 7.8972 33.6614 -23.5971 -36.9255 -46.2228 -6.4146 28.1106 -17.4670 -33.6884 -44.1821 -34.1468 19.9860 -3.7159 -30.3619 -41.4730 -45.6547 11.2908 33.2581 -16.2740 33.2581 11.2908 -45.6547 -41.4730 -30.3619 -3.7159 19.9860 -34.1468 -44.1821 -33.6884 -17.4670 28.1106 -6.4146 -46.2228 -36.9255 -23.5971 33.6614 7.8972 -46.8420 -40.0699 -28.4390 13.3954 16.2362 -41.4639 -43.0099 -32.2116 -13.3611 24.5605 -18.2762 -45.5028 -35.6817 -21.6075 32.8053 4.6029 -46.9699 -39.2411 -27.3270 21.3413 14.8782 -42.8370 -42.7516 -32.0213 -13.1509 24.7221 -16.4833 -45.6860 -36.0940 -22.4962 33.5251 6.4752
33.3395 -22.7717 -36.2584 -45.7804 -14.9324 25.1323 -13.7008 -32.1759 -42.8705 -42.4484 15.1702 20.1934 -27.4576 -39.3120 -46.9730 4.7375 32.8350 -21.6075 -35.6638 -45.4812 -18.7753 24.3921 -13.0782 -32.1171 -42.9246 -41.8503 15.9334 15.0493 -28.2438 -39.9364 -46.8881 7.4662 33.6747 -23.3486 -36.7704 -46.1449 -7.6156 27.6982 -17.0666 -33.5209 -44.0557 -35.1849 19.5913 -2.3369 -30.1932 -41.3339 -45.8020 11.3854 31.6649 -24.2173 -32.9993 -24.2173 31.6649 11.3854 -45.8020 -41.3339 -30.1932 -2.3369 19.5913 -35.1849 -44.0557 -33.5209 -17.0666 27.6982 -7.6156 -46.1449 -36.7704 -23.3486 33.6747 7.4662 -46.8881 -39.9364 -28.2438 15.0493 15.9334 -41.8503 -42.9246 -32.1171 -13.0782 24.3921 -18.7753 -45.4812 -35.6638 -21.6075 32.8350 4.7375 -46.9730 -39.3120 -27.4576 20.1934 15.1702 -42.4484 -42.8705 -32.1759 -13.7008 25.1323 -14.9324 -45.7804 -36.2584 -22.7717 33.3395
-22.4562 -36.4226 -45.8738 -13.3830 25.5509 -14.2381 -32.3384 -42.9999 -41.9810 15.5118 18.7280 -27.6257 -39.4110 -46.9755 4.9863 32.9193 -21.6733 -35.6817 -45.4812 -18.9501 24.3030 -12.8928 -32.0505 -42.8595 -42.1467 15.6844 16.4340 -28.0719 -39.8168 -46.9214 7.0537 33.6438 -23.1095 -36.6215 -46.0667 -8.8496 27.2961 -16.6612 -33.3568 -43.9302 -36.1591 19.1974 -0.8260 -30.0216 -41.1874 -45.9807 11.1075 31.5501 -25.1033 -37.2203 -44.1033 -37.2203 -25.1033 31.5501 11.1075 -45.9807 -41.1874 -30.0216 -0.8260 19.1974 -36.1591 -43.9302 -33.3568 -16.6612 27.2961 -8.8496 -46.0667 -36.6215 -23.1095 33.6438 7.0537 -46.9214 -39.8168 -28.0719 16.4340 15.6844 -42.1467 -42.8595 -32.0505 -12.8928 24.3030 -18.9501 -45.4812 -35.6817 -21.6733 32.9193 4.9863 -46.9755 -39.4110 -27.6257 18.7280 15.5118 -41.9810 -42.9999 -32.3384 -14.2381 25.5509 -13.3830 -45.8738 -36.4226 -22.4562
-35.5381 -45.9650 -11.8656 25.9757 -14.7575 -32.5045 -43.1334 -41.4447 15.8895 16.9778 -27.8231 -39.5305 -46.9741 5.3252 33.0431 -21.7980 -35.7345 -45.5028 -18.7753 24.3030 -12.8252 -32.0162 -42.8175 -42.3457 15.4970 17.5140 -27.9307 -39.7143 -46.9437 6.6771 33.5813 -22.8840 -36.4795 -45.9891 -10.0885 26.9064 -16.2551 -33.1968 -43.8077 -37.0507 18.8048 0.8100 -29.8493 -41.0386 -46.1516 10.7256 31.9428 -25.1337 -37.7396 -46.6295 -39.5551 -46.6295 -37.7396 -25.1337 31.9428 10.7256 -46.1516 -41.0386 -29.8493 0.8100 18.8048 -37.0507 -43.8077 -33.1968 -16.2551 26.9064 -10.0885 -45.9891 -36.4795 -22.8840 33.5813 6.6771 -46.9437 -39.7143 -27.9307 17.5140 15.4970 -42.3457 -42.8175 -32.0162 -12.8252 24.3030 -18.7753 -45.5028 -35.7345 -21.7980 33.0431 5.3252 -46.9741 -39.5305 -27.8231 16.9778 15.8895 -41.4447 -43.1334 -32.5045 -14.7575 25.9757 -11.8656 -45.9650 -35.5381
-45.1960 -10.4141 26.4044 -15.2590 -32.6730 -43.2674 -40.8572 16.2845 15.0407 -28.0388 -39.6660 -46.9659 5.7275 33.1877 -21.9681 -35.8189 -45.5447 -18.2762 24.3921 -12.8928 -32.0162 -42.8028 -42.4451 15.3792 18.2553 -27.8234 -39.6325 -46.9575 6.3491 33.5017 -22.6810 -36.3492 -45.9145 -11.3152 26.5338 -15.8503 -33.0426 -43.6865 -37.8634 18.4091 2.5414 -29.6720 -40.8894 -46.3047 10.3144 32.3971 -24.9623 -37.7484 -46.5520 -7.2582 16.7746 -7.2582 -46.5520 -37.7484 -24.9623 32.3971 10.3144 -46.3047 -40.8894 -29.6720 2.5414 18.4091 -37.8634 -43.6865 -33.0426 -15.8503 26.5338 -11.3152 -45.9145 -36.3492 -22.6810 33.5017 6.3491 -46.9575 -39.6325 -27.8234 18.2553 15.3792 -42.4451 -42.8028 -32.0162 -12.8928 24.3921 -18.2762 -45.5447 -35.8189 -21.9681 33.1877 5.7275 -46.9659 -39.6660 -28.0388 15.0407 16.2845 -40.8572 -43.2674 -32.6730 -15.2590 26.4044 -10.4141 -45.1960
-9.9111 26.8353 -15.7392 -32.8424 -43.4021 -40.2130 16.6890 12.9870 -28.2651 -39.8126 -46.9481 6.1746 33.3372 -22.1745 -35.9276 -45.6030 -17.4849 24.5605 -13.0782 -32.0505 -42.8175 -42.4451 15.3408 18.6229 -27.7563 -39.5753 -46.9653 6.0832 33.4205 -22.5060 -36.2357 -45.8463 -12.4773 26.1862 -15.4524 -32.8960 -43.5691 -38.6029 18.0165 4.3265 -29.4693 -40.7429 -46.4373 9.8954 32.7945 -24.7354 -37.6351 -46.5302 -3.2464 27.2194 11.6712 27.2194 -3.2464 -46.5302 -37.6351 -24.7354 32.7945 9.8954 -46.4373 -40.7429 -29.4693 4.3265 18.0165 -38.6029 -43.5691 -32.8960 -15.4524 26.1862 -12.4773 -45.8463 -36.2357 -22.5060 33.4205 6.0832 -46.9653 -39.5753 -27.7563 18.6229 15.3408 -42.4451 -42.8175 -32.0505 -13.0782 24.5605 -17.4849 -45.6030 -35.9276 -22.1745 33.3372 6.1746 -46.9481 -39.8126 -28.2651 12.9870 16.6890 -40.2130 -43.4021 -32.8424 -15.7392 26.8353 -9.9111
27.0422 -16.1958 -33.0119 -43.5362 -39.5105 17.1041 10.8543 -28.4985 -39.9631 -46.9189 6.6474 33.4751 -22.4069 -36.0553 -45.6741 -16.4564 24.7989 -13.3611 -32.1171 -42.8595 -42.3457 15.3792 18.6229 -27.7338 -39.5458 -46.9691 5.8975 33.3507 -22.3658 -36.1428 -45.7883 -13.5147 25.8724 -15.0742 -32.7599 -43.4586 -39.2601 17.6424 6.1308 -29.2513 -40.6015 -46.5506 9.4762 33.1117 -24.4927 -37.4885 -46.4780 -3.0531 28.9003 -16.3213 -28.5409 -16.3213 28.9003 -3.0531 -46.4780 -37.4885 -24.4927 33.1117 9.4762 -46.5506 -40.6015 -29.2513 6.1308 17.6424 -39.2601 -43.4586 -32.7599 -15.0742 25.8724 -13.5147 -45.7883 -36.1428 -22.3658 33.3507 5.8975 -46.9691 -39.5458 -27.7338 18.6229 15.3792 -42.3457 -42.8595 -32.1171 -13.3611 24.7989 -16.4564 -45.6741 -36.0553 -22.4069 33.4751 6.6474 -46.9189 -39.9631 -28.4985 10.8543 17.1041 -39.5105 -43.5362 -33.0119 -16.1958 27.0422
-16.3164 -33.1810 -43.6683 -38.7581 17.5262 8.6978 -28.7348 -40.1167 -46.8769 7.1278 33.5850 -22.6578 -36.1987 -45.7529 -15.2425 25.0976 -13.7256 -32.2116 -42.9246 -42.1467 15.4970 18.2553 -27.7563 -39.5458 -46.9701 5.8037 33.3033 -22.2697 -36.0731 -45.7420 -14.3792 25.6100 -14.7344 -32.6385 -43.3563 -39.8362 17.2948 7.9105 -29.0432 -40.4637 -46.6460 9.0638 33.3475 -24.2507 -37.3342 -46.4128 -3.7252 28.9785 -17.8306 -33.0773 -40.2527 -33.0773 -17.8306 28.9785 -3.7252 -46.4128 -37.3342 -24.2507 33.3475 9.0638 -46.6460 -40.4637 -29.0432 7.9105 17.2948 -39.8362 -43.3563 -32.6385 -14.7344 25.6100 -14.3792 -45.7420 -36.0731 -22.2697 33.3033 5.8037 -46.9701 -39.5458 -27.7563 18.2553 15.4970 -42.1467 -42.9246 -32.2116 -13.7256 25.0976 -15.2425 -45.7529 -36.1987 -22.6578 33.5850 7.1278 -46.8769 -40.1167 -28.7348 8.6978 17.5262 -38.7581 -43.6683 -33.1810 -16.3164
-32.2705 -43.7989 -37.9513 17.9502 6.5819 -28.9732 -40.2724 -46.8208 7.6053 33.6550 -22.9193 -36.3524 -45.8376 -13.8977 25.4416 -14.1475 -32.3283 -43.0099 -41.8503 15.6844 17.5140 -27.8234 -39.5753 -46.9691 5.8037 33.2870 -22.2218 -36.0303 -45.7082 -15.0329 25.4044 -14.4493 -32.5353 -43.2654 -40.3239 16.9811 9.5936 -28.8477 -40.3323 -46.7247 8.6587 33.5111 -24.0139 -37.1820 -46.3429 -4.6710 28.7043 -17.8971 -33.6822 -43.9066 -47.6023 -43.9066 -33.6822 -17.8971 28.7043 -4.6710 -46.3429 -37.1820 -24.0139 33.5111 8.6587 -46.7247 -40.3323 -28.8477 9.5936 16.9811 -40.3239 -43.2654 -32.5353 -14.4493 25.4044 -15.0329 -45.7082 -36.0303 -22.2218 33.2870 5.8037 -46.9691 -39.5753 -27.8234 17.5140 15.6844 -41.8503 -43.0099 -32.3283 -14.1475 25.4416 -13.8977 -45.8376 -36.3524 -22.9193 33.6550 7.6053 -46.8208 -40.2724 -28.9732 6.5819 17.9502 -37.9513 -43.7989 -32.2705
-42.9770 -37.0924 18.3775 4.5571 -29.2116 -40.4267 -46.7502 8.0760 33.6756 -23.1825 -36.5109 -45.9249 -12.4977 25.8179 -14.5975 -32.4636 -43.1120 -41.4639 15.9334 16.4340 -27.9307 -39.6325 -46.9653 5.8975 33.3033 -22.2218 -36.0161 -45.6916 -15.4392 25.2591 -14.2273 -32.4538 -43.1914 -40.7114 16.7097 11.1101 -28.6704 -40.2115 -46.7872 8.2701 33.6130 -23.7818 -37.0345 -46.2724 -5.7010 28.3420 -17.6432 -33.7089 -44.1201 -39.1628 6.7502 -39.1628 -44.1201 -33.7089 -17.6432 28.3420 -5.7010 -46.2724 -37.0345 -23.7818 33.6130 8.2701 -46.7872 -40.2115 -28.6704 11.1101 16.7097 -40.7114 -43.1914 -32.4538 -14.2273 25.2591 -15.4392 -45.6916 -36.0161 -22.2218 33.3033 5.8975 -46.9653 -39.6325 -27.9307 16.4340 15.9334 -41.4639 -43.1120 -32.4636 -14.5975 25.8179 -12.4977 -45.9249 -36.5109 -23.1825 33.6756 8.0760 -46.7502 -40.4267 -29.2116 4.5571 18.3775 -37.0924 -42.9770
-36.4076 18.7976 2.6464 -29.4488 -40.5805 -46.6645 8.5406 33.6395 -23.4463 -36.6717 -46.0108 -11.0827 26.2159 -15.0588 -32.6119 -43.2261 -40.9941 16.2362 15.0493 -28.0719 -39.7143 -46.9575 6.0832 33.3507 -22.2697 -36.0303 -45.6916 -15.5723 25.1873 -14.0892 -32.3968 -43.1360 -41.0067 16.4882 12.3901 -28.5169 -40.1035 -46.8351 7.9083 33.6639 -23.5615 -36.8940 -46.2024 -6.7565 27.9692 -17.3064 -33.6004 -44.0921 -36.2046 17.0046 33.2341 17.0046 -36.2046 -44.0921 -33.6004 -17.3064 27.9692 -6.7565 -46.2024 -36.8940 -23.5615 33.6639 7.9083 -46.8351 -40.1035 -28.5169 12.3901 16.4882 -41.0067 -43.1360 -32.3968 -14.0892 25.1873 -15.5723 -45.6916 -36.0303 -22.2697 33.3507 6.0832 -46.9575 -39.7143 -28.0719 15.0493 16.2362 -40.9941 -43.2261 -32.6119 -15.0588 26.2159 -11.0827 -46.0108 -36.6717 -23.4463 33.6395 8.5406 -46.6645 -40.5805 -29.4488 2.6464 18.7976 -36.4076
18.9285 0.8555 -29.6641 -40.7340 -46.5623 8.9985 33.5396 -23.7103 -36.8352 -46.0960 -9.6881 26.6265 -15.5213 -32.7689 -43.3485 -40.4409 16.5763 13.3954 -28.2438 -39.8168 -46.9437 6.3491 33.4205 -22.3658 -36.0731 -45.7082 -15.4392 25.1873 -14.0449 -32.3680 -43.1009 -41.2109 16.3216 13.3960 -28.3926 -40.0125 -46.8707 7.5811 33.6756 -23.3595 -36.7630 -46.1341 -7.8290 27.6042 -16.9524 -33.4616 -44.0007 -36.0026 18.7138 10.2794 -22.8450 10.2794 18.7138 -36.0026 -44.0007 -33.4616 -16.9524 27.6042 -7.8290 -46.1341 -36.7630 -23.3595 33.6756 7.5811 -46.8707 -40.0125 -28.3926 13.3960 16.3216 -41.2109 -43.1009 -32.3680 -14.0449 25.1873 -15.4392 -45.7082 -36.0731 -22.3658 33.4205 6.3491 -46.9437 -39.8168 -28.2438 13.3954 16.5763 -40.4409 -43.3485 -32.7689 -15.5213 26.6265 -9.6881 -46.0960 -36.8352 -23.7103 33.5396 8.9985 -46.5623 -40.7340 -29.6641 0.8555 18.9285
-0.7731 -29.8477 -40.8873 -46.4427 9.4464 33.3692 -23.9724 -36.9999 -46.1794 -8.3402 27.0466 -15.9759 -32.9318 -43.4759 -39.8137 16.9471 11.5482 -28.4390 -39.9364 -46.9214 6.6771 33.5017 -22.5060 -36.1428 -45.7420 -15.0329 25.2591 -14.0892 -32.3680 -43.0890 -41.3127 16.2163 14.0960 -28.2993 -39.9412 -46.8956 7.3023 33.6620 -23.1790 -36.6447 -46.0696 -8.8837 27.2560 -16.5976 -33.3204 -43.8949 -36.5596 18.8847 2.6018 -28.6832 -36.1206 -28.6832 2.6018 18.8847 -36.5596 -43.8949 -33.3204 -16.5976 27.2560 -8.8837 -46.0696 -36.6447 -23.1790 33.6620 7.3023 -46.8956 -39.9412 -28.2993 14.0960 16.2163 -41.3127 -43.0890 -32.3680 -14.0892 25.2591 -15.0329 -45.7420 -36.1428 -22.5060 33.5017 6.6771 -46.9214 -39.9364 -28.4390 11.5482 16.9471 -39.8137 -43.4759 -32.9318 -15.9759 27.0466 -8.3402 -46.1794 -36.9999 -23.9724 33.3692 9.4464 -46.4427 -40.8873 -29.8477 -0.7731
-28.8884 -41.0394 -46.3046 9.8873 33.1231 -24.2323 -37.1640 -46.2602 -7.0515 27.4715 -16.4204 -33.0977 -43.6047 -39.1172 17.3398 9.5827 -28.6492 -40.0699 -46.8881 7.0537 33.5813 -22.6810 -36.2357 -45.7883 -14.3792 25.4044 -14.2273 -32.3968 -43.1009 -41.3127 16.1803 14.4477 -28.2393 -39.8906 -46.9118 7.0835 33.6353 -23.0275 -36.5433 -46.0118 -9.8628 26.9357 -16.2533 -33.1845 -43.7885 -37.2555 18.6556 2.1191 -29.4960 -40.2117 -46.4388 -40.2117 -29.4960 2.1191 18.6556 -37.2555 -43.7885 -33.1845 -16.2533 26.9357 -9.8628 -46.0118 -36.5433 -23.0275 33.6353 7.0835 -46.9118 -39.8906 -28.2393 14.4477 16.1803 -41.3127 -43.1009 -32.3968 -14.2273 25.4044 -14.3792 -45.7883 -36.2357 -22.6810 33.5813 7.0537 -46.8881 -40.0699 -28.6492 9.5827 17.3398 -39.1172 -43.6047 -33.0977 -16.4204 27.4715 -7.0515 -46.2602 -37.1640 -24.2323 33.1231 9.8873 -46.3046 -41.0394 -28.8884
-40.1862 -46.1494 10.3228 32.7938 -24.4888 -37.3278 -46.3382 -5.8340 27.8964 -16.8501 -33.2659 -43.7345 -38.3536 17.7454 7.5585 -28.8700 -40.2114 -46.8420 7.4662 33.6438 -22.8840 -36.3492 -45.8463 -13.5147 25.6100 -14.4493 -32.4538 -43.1360 -41.2109 16.2163 14.4477 -28.2185 -39.8648 -46.9208 6.9270 33.6071 -22.9085 -36.4610 -45.9628 -10.7291 26.6540 -15.9330 -33.0588 -43.6876 -37.9267 18.3387 3.1226 -29.5428 -40.6488 -47.0250 -16.3403 -47.0250 -40.6488 -29.5428 3.1226 18.3387 -37.9267 -43.6876 -33.0588 -15.9330 26.6540 -10.7291 -45.9628 -36.4610 -22.9085 33.6071 6.9270 -46.9208 -39.8648 -28.2185 14.4477 16.2163 -41.2109 -43.1360 -32.4538 -14.4493 25.6100 -13.5147 -45.8463 -36.3492 -22.8840 33.6438 7.4662 -46.8420 -40.2114 -28.8700 7.5585 17.7454 -38.3536 -43.7345 -33.2659 -16.8501 27.8964 -5.8340 -46.3382 -37.3278 -24.4888 32.7938 10.3228 -46.1494 -40.1862
-45.4770 10.7512 32.3736 -24.7437 -37.4916 -46.4127 -4.6932 28.3201 -17.2648 -33.4352 -43.8641 -37.5262 18.1655 5.5349 -29.0970 -40.3571 -46.7821 7.8972 33.6747 -23.1095 -36.4795 -45.9145 -12.4773 25.8724 -14.7344 -32.5353 -43.1914 -41.0067 16.3216 14.0960 -28.2393 -39.8648 -46.9238 6.8446 33.5856 -22.8229 -36.3990 -45.9238 -11.4477 26.4187 -15.6503 -32.9478 -43.5952 -38.5213 18.0194 4.5043 -29.4141 -40.6624 -46.6349 6.8651 24.1865 6.8651 -46.6349 -40.6624 -29.4141 4.5043 18.0194 -38.5213 -43.5952 -32.9478 -15.6503 26.4187 -11.4477 -45.9238 -36.3990 -22.8229 33.5856 6.8446 -46.9238 -39.8648 -28.2393 14.0960 16.3216 -41.0067 -43.1914 -32.5353 -14.7344 25.8724 -12.4773 -45.9145 -36.4795 -23.1095 33.6747 7.8972 -46.7821 -40.3571 -29.0970 5.5349 18.1655 -37.5262 -43.8641 -33.4352 -17.2648 28.3201 -4.6932 -46.4127 -37.4916 -24.7437 32.3736 10.7512 -45.4770
10.8536 31.8591 -24.9969 -37.6548 -46.4841 -3.6215 28.7387 -17.6652 -33.6037 -43.9925 -36.6352 18.5899 3.5735 -29.3312 -40.5066 -46.7066 8.3365 33.6614 -23.3486 -36.6215 -45.9891 -11.3152 26.1862 -15.0742 -32.6385 -43.2654 -40.7114 16.4882 13.3960 -28.2993 -39.8906 -46.9208 6.8446 33.5772 -22.7786 -36.3604 -45.8963 -11.9916 26.2345 -15.4170 -32.8551 -43.5157 -39.0235 17.7293 5.9232 -29.2497 -40.5792 -46.6072 8.6635 33.5715 -12.9424 33.5715 8.6635 -46.6072 -40.5792 -29.2497 5.9232 17.7293 -39.0235 -43.5157 -32.8551 -15.4170 26.2345 -11.9916 -45.8963 -36.3604 -22.7786 33.5772 6.8446 -46.9208 -39.8906 -28.2993 13.3960 16.4882 -40.7114 -43.2654 -32.6385 -15.0742 26.1862 -11.3152 -45.9891 -36.6215 -23.3486 33.6614 8.3365 -46.7066 -40.5066 -29.3312 3.5735 18.5899 -36.6352 -43.9925 -33.6037 -17.6652 28.7387 -3.6215 -46.4841 -37.6548 -24.9969 31.8591 10.8536
30.9186 -25.2465 -37.8174 -46.5524 -2.6154 29.1534 -18.0501 -33.7720 -44.1194 -35.6854 18.9980 1.7227 -29.5616 -40.6584 -46.6145 8.7812 33.5937 -23.5971 -36.7704 -46.0667 -10.0885 26.5338 -15.4524 -32.7599 -43.3563 -40.3239 16.7097 12.3901 -28.3926 -39.9412 -46.9118 6.9270 33.5856 -22.7786 -36.3478 -45.8812 -12.3394 26.1084 -15.2423 -32.7828 -43.4497 -39.4308 17.4805 7.2362 -29.0929 -40.4786 -46.6534 8.8492 33.6153 -22.6020 -31.9471 -22.6020 33.6153 8.8492 -46.6534 -40.4786 -29.0929 7.2362 17.4805 -39.4308 -43.4497 -32.7828 -15.2423 26.1084 -12.3394 -45.8812 -36.3478 -22.7786 33.5856 6.9270 -46.9118 -39.9412 -28.3926 12.3901 16.7097 -40.3239 -43.3563 -32.7599 -15.4524 26.5338 -10.0885 -46.0667 -36.7704 -23.5971 33.5937 8.7812 -46.6145 -40.6584 -29.5616 1.7227 18.9980 -35.6854 -44.1194 -33.7720 -18.0501 29.1534 -2.6154 -46.5524 -37.8174 -25.2465 30.9186
-24.7400 -37.9795 -46.6172 -1.6764 29.5630 -18.4228 -33.9395 -44.2439 -34.6782 19.3934 0.0006 -29.7605 -40.8110 -46.5045 9.2256 33.4622 -23.8498 -36.9255 -46.1449 -8.8496 26.9064 -15.8503 -32.8960 -43.4586 -39.8362 16.9811 11.1101 -28.5169 -40.0125 -46.8956 7.0835 33.6071 -22.8229 -36.3604 -45.8812 -12.4571 26.0437 -15.1329 -32.7327 -43.4011 -39.7290 17.2801 8.3654 -28.9562 -40.3832 -46.7077 8.6667 33.5635 -23.6092 -36.2272 -43.2143 -36.2272 -23.6092 33.5635 8.6667 -46.7077 -40.3832 -28.9562 8.3654 17.2801 -39.7290 -43.4011 -32.7327 -15.1329 26.0437 -12.4571 -45.8812 -36.3604 -22.8229 33.6071 7.0835 -46.8956 -40.0125 -28.5169 11.1101 16.9811 -39.8362 -43.4586 -32.8960 -15.8503 26.9064 -8.8496 -46.1449 -36.9255 -23.8498 33.4622 9.2256 -46.5045 -40.8110 -29.7605 0.0006 19.3934 -34.6782 -44.2439 -33.9395 -18.4228 29.5630 -1.6764 -46.6172 -37.9795 -24.7400
-37.1046 -46.6787 -0.7973 29.9647 -18.7844 -34.1068 -44.3668 -33.6077 19.7910 -1.5974 -29.9362 -40.9635 -46.3761 9.6685 33.2562 -24.1039 -37.0848 -46.2228 -7.6156 27.2961 -16.2551 -33.0426 -43.5691 -39.2601 17.2948 9.5936 -28.6704 -40.1035 -46.8707 7.3023 33.6353 -22.9085 -36.3990 -45.8963 -12.3394 26.0437 -15.0952 -32.7084 -43.3719 -39.9273 17.1344 9.2318 -28.8452 -40.3024 -46.7533 8.4193 33.6012 -23.7153 -36.8088 -46.1339 -43.1839 -46.1339 -36.8088 -23.7153 33.6012 8.4193 -46.7533 -40.3024 -28.8452 9.2318 17.1344 -39.9273 -43.3719 -32.7084 -15.0952 26.0437 -12.3394 -45.8963 -36.3990 -22.9085 33.6353 7.3023 -46.8707 -40.1035 -28.6704 9.5936 17.2948 -39.2601 -43.5691 -33.0426 -16.2551 27.2961 -7.6156 -46.2228 -37.0848 -24.1039 33.2562 9.6685 -46.3761 -40.9635 -29.9362 -1.5974 19.7910 -33.6077 -44.3668 -34.1068 -18.7844 29.9647 -0.7973 -46.6787 -37.1046
-45.9484 0.0314 30.3589 -19.1357 -34.2747 -44.4887 -32.4679 20.1910 -3.0653 -30.1108 -41.1156 -46.2287 10.1056 32.9688 -24.3607 -37.2464 -46.2998 -6.4146 27.6982 -16.6612 -33.1968 -43.6865 -38.6029 17.6424 7.9105 -28.8477 -40.2115 -46.8351 7.5811 33.6620 -23.0275 -36.4610 -45.9238 -11.9916 26.1084 -15.1329 -32.7084 -43.3616 -40.0301 17.0442 9.8362 -28.7632 -40.2405 -46.7872 8.1902 33.6407 -23.6310 -36.8736 -46.1472 -15.3163 14.5751 -15.3163 -46.1472 -36.8736 -23.6310 33.6407 8.1902 -46.7872 -40.2405 -28.7632 9.8362 17.0442 -40.0301 -43.3616 -32.7084 -15.1329 26.1084 -11.9916 -45.9238 -36.4610 -23.0275 33.6620 7.5811 -46.8351 -40.2115 -28.8477 7.9105 17.6424 -38.6029 -43.6865 -33.1968 -16.6612 27.6982 -6.4146 -46.2998 -37.2464 -24.3607 32.9688 10.1056 -46.2287 -41.1156 -30.1108 -3.0653 20.1910 -32.4679 -44.4887 -34.2747 -19.1357 30.3589 0.0314 -45.9484
0.2569 30.7468 -19.4781 -34.4425 -44.6090 -31.2611 20.5938 -4.4038 -30.2852 -41.2669 -46.0612 10.5370 32.5956 -24.6170 -37.4098 -46.3757 -5.2546 28.1106 -17.0666 -33.3568 -43.8077 -37.8634 18.0165 6.1308 -29.0432 -40.3323 -46.7872 7.9083 33.6756 -23.1790 -36.5433 -45.9628 -11.4477 26.2345 -15.2423 -32.7327 -43.3719 -40.0301 17.0131 10.1486 -28.7131 -40.1981 -46.8103 8.0037 33.6635 -23.5157 -36.8277 -46.1449 -9.5886 24.8198 22.4976 24.8198 -9.5886 -46.1449 -36.8277 -23.5157 33.6635 8.0037 -46.8103 -40.1981 -28.7131 10.1486 17.0131 -40.0301 -43.3719 -32.7327 -15.2423 26.2345 -11.4477 -45.9628 -36.5433 -23.1790 33.6756 7.9083 -46.7872 -40.3323 -29.0432 6.1308 18.0165 -37.8634 -43.8077 -33.3568 -17.0666 28.1106 -5.2546 -46.3757 -37.4098 -24.6170 32.5956 10.5370 -46.0612 -41.2669 -30.2852 -4.4038 20.5938 -31.2611 -44.6090 -34.4425 -19.4781 30.7468 0.2569
30.8981 -19.8116 -34.6104 -44.7268 -29.9937 20.9997 -5.6294 -30.4595 -41.4170 -45.8729 10.9643 32.1287 -24.8702 -37.5730 -46.4490 -4.1469 28.5294 -17.4670 -33.5209 -43.9302 -37.0507 18.4091 4.3265 -29.2513 -40.4637 -46.7247 8.2701 33.6639 -23.3595 -36.6447 -46.0118 -10.7291 26.4187 -15.4170 -32.7828 -43.4011 -39.9273 17.0442 10.1486 -28.6964 -40.1764 -46.8237 7.8749 33.6728 -23.4152 -36.7657 -46.1173 -8.7762 26.7479 -13.6890 -27.4006 -13.6890 26.7479 -8.7762 -46.1173 -36.7657 -23.4152 33.6728 7.8749 -46.8237 -40.1764 -28.6964 10.1486 17.0442 -39.9273 -43.4011 -32.7828 -15.4170 26.4187 -10.7291 -46.0118 -36.6447 -23.3595 33.6639 8.2701 -46.7247 -40.4637 -29.2513 4.3265 18.4091 -37.0507 -43.9302 -33.5209 -17.4670 28.5294 -4.1469 -46.4490 -37.5730 -24.8702 32.1287 10.9643 -45.8729 -41.4170 -30.4595 -5.6294 20.9997 -29.9937 -44.7268 -34.6104 -19.8116 30.8981
-19.6981 -34.7772 -44.8430 -28.6612 21.4062 -6.7533 -30.6329 -41.5667 -45.6620 11.3856 31.5597 -25.1221 -37.7364 -46.5186 -3.1103 28.9479 -17.8595 -33.6884 -44.0557 -36.1591 18.8048 2.5414 -29.4693 -40.6015 -46.6460 8.6587 33.6130 -23.5615 -36.7630 -46.0696 -9.8628 26.6540 -15.6503 -32.8551 -43.4497 -39.7290 17.1344 9.8362 -28.7131 -40.1764 -46.8280 7.8125 33.6754 -23.3455 -36.7137 -46.0884 -8.9637 27.0266 -15.7790 -32.2127 -39.3969 -32.2126 -15.7789 27.0266 -8.9626 -46.0886 -36.7137 -23.3452 33.6754 7.8123 -46.8280 -40.1764 -28.7131 9.8362 17.1344 -39.7290 -43.4497 -32.8551 -15.6503 26.6540 -9.8628 -46.0696 -36.7630 -23.5615 33.6130 8.6587 -46.6460 -40.6015 -29.4693 2.5414 18.8048 -36.1591 -44.0557 -33.6884 -17.8595 28.9479 -3.1103 -46.5186 -37.7364 -25.1221 31.5597 11.3856 -45.6620 -41.5667 -30.6329 -6.7533 21.4062 -28.6612 -44.8430 -34.7772 -19.6981
-33.8811 -44.9574 -27.2654 21.8156 -7.7810 -30.8060 -41.7155 -45.4269 11.8032 30.8847 -25.3725 -37.8990 -46.5851 -2.1375 29.3597 -18.2398 -33.8563 -44.1821 -35.1849 19.1974 0.8100 -29.6720 -40.7429 -46.5506 9.0638 33.5111 -23.7818 -36.8940 -46.1341 -8.8837 26.9357 -15.9330 -32.9478 -43.5157 -39.4308 17.2801 9.2318 -28.7632 -40.1981 -46.8237 7.8125 33.6757 -23.3122 -36.6818 -46.0663 -9.3181 26.9892 -16.0954 -32.9076 -43.2299 -47.7175 -43.2282 -32.9072 -16.0959 26.9936 -9.2965 -46.0664 -36.6800 -23.3099 33.6757 7.8123 -46.8237 -40.1981 -28.7632 9.2318 17.2801 -39.4308 -43.5157 -32.9478 -15.9330 26.9357 -8.8837 -46.1341 -36.8940 -23.7818 33.5111 9.0638 -46.5506 -40.7429 -29.6720 0.8100 19.1974 -35.1849 -44.1821 -33.8563 -18.2398 29.3597 -2.1375 -46.5851 -37.8990 -25.3725 30.8847 11.8032 -45.4269 -41.7155 -30.8060 -7.7810 21.8156 -27.2654 -44.9574 -33.8811
-44.1578 -25.8272 22.2275 -8.7268 -30.9787 -41.8633 -45.1680 12.2174 30.0959 -25.6194 -38.0608 -46.6477 -1.2292 29.7629 -18.6053 -34.0231 -44.3059 -34.1468 19.5913 -0.8260 -29.8493 -40.8894 -46.4373 9.4762 33.3475 -24.0139 -37.0345 -46.2024 -7.8290 27.2560 -16.2533 -33.0588 -43.5952 -39.0235 17.4805 8.3654 -28.8452 -40.2405 -46.8103 7.8749 33.6754 -23.3122 -36.6719 -46.0547 -9.5979 26.8789 -16.0532 -33.0298 -43.5665 -42.0170 4.3375 -42.0036 -43.5539 -33.0315 -16.0710 26.9228 -9.4916 -46.0482 -36.6698 -23.3099 33.6754 7.8749 -46.8103 -40.2405 -28.8452 8.3654 17.4805 -39.0235 -43.5952 -33.0588 -16.2533 27.2560 -7.8290 -46.2024 -37.0345 -24.0139 33.3475 9.4762 -46.4373 -40.8894 -29.8493 -0.8260 19.5913 -34.1468 -44.3059 -34.0231 -18.6053 29.7629 -1.2292 -46.6477 -38.0608 -25.6194 30.0959 12.2174 -45.1680 -41.8633 -30.9787 -8.7268 22.2275 -25.8272 -44.1578
-25.1196 22.6409 -9.5951 -31.1495 -42.0091 -44.8848 12.6253 29.1917 -25.8630 -38.2210 -46.7063 -0.3831 30.1570 -18.9572 -34.1888 -44.4270 -33.0541 19.9860 -2.3369 -30.0216 -41.0386 -46.3047 9.8954 33.1117 -24.2507 -37.1820 -46.2724 -6.7565 27.6042 -16.5976 -33.1845 -43.6876 -38.5213 17.7293 7.2362 -28.9562 -40.3024 -46.7872 8.0037 33.6728 -23.3455 -36.6820 -46.0552 -9.8165 26.6498 -15.9425 -32.9189 -43.6312 -39.7909 15.4470 32.3011 15.5645 -39.0743 -43.6373 -32.9561 -16.1702 27.0152 -9.2555 -46.0664 -36.6816 -23.3452 33.6728 8.0037 -46.7872 -40.3024 -28.9562 7.2362 17.7293 -38.5213 -43.6876 -33.1845 -16.5976 27.6042 -6.7565 -46.2724 -37.1820 -24.2507 33.1117 9.8954 -46.3047 -41.0386 -30.0216 -2.3369 19.9860 -33.0541 -44.4270 -34.1888 -18.9572 30.1570 -0.3831 -46.7063 -38.2210 -25.8630 29.1917 12.6253 -44.8848 -42.0091 -31.1495 -9.5951 22.6409 -25.1196
22.8052 -10.3907 -31.3188 -42.1522 -44.5760 13.0285 28.1706 -26.1042 -38.3796 -46.7615 0.4127 30.5419 -19.2987 -34.3535 -44.5457 -31.9029 20.3809 -3.7159 -30.1932 -41.1874 -46.1516 10.3144 32.7945 -24.4927 -37.3342 -46.3429 -5.7010 27.9692 -16.9524 -33.3204 -43.7885 -37.9267 18.0194 5.9232 -29.0929 -40.3832 -46.7533 8.1902 33.6635 -23.4152 -36.7137 -46.0669 -9.5597 26.7680 -16.3067 -33.2066 -43.6277 -38.7335 17.1627 19.4952 -21.5985 17.9442 17.2842 -38.9172 -43.5071 -32.9174 -15.9389 26.6285 -9.5658 -46.0679 -36.7138 -23.4152 33.6635 8.1902 -46.7533 -40.3832 -29.0929 5.9232 18.0194 -37.9267 -43.7885 -33.3204 -16.9524 27.9692 -5.7010 -46.3429 -37.3342 -24.4927 32.7945 10.3144 -46.1516 -41.1874 -30.1932 -3.7159 20.3809 -31.9029 -44.5457 -34.3535 -19.2987 30.5419 0.4127 -46.7615 -38.3796 -26.1042 28.1706 13.0285 -44.5760 -42.1522 -31.3188 -10.3907 22.8052
-10.9213 -31.4846 -42.2925 -44.2436 13.4228 27.0444 -26.3406 -38.5357 -46.8122 1.1528 30.9132 -19.6271 -34.5164 -44.6619 -30.7110 20.7720 -4.9596 -30.3619 -41.3339 -45.9807 10.7256 32.3971 -24.7354 -37.4885 -46.4128 -4.6710 28.3420 -17.3064 -33.4616 -43.8949 -37.2555 18.3387 4.5043 -29.2497 -40.4786 -46.7077 8.4193 33.6407 -23.5157 -36.7657 -46.0886 -9.2985 26.9032 -15.7952 -33.1566 -43.6667 -38.8364 17.5820 8.1840 -27.8377 -35.5794 -27.9399 8.5995 17.7038 -38.2671 -43.5998 -32.9436 -16.1116 26.7577 -9.2938 -46.0890 -36.7660 -23.5157 33.6407 8.4193 -46.7077 -40.4786 -29.2497 4.5043 18.3387 -37.2555 -43.8949 -33.4616 -17.3064 28.3420 -4.6710 -46.4128 -37.4885 -24.7354 32.3971 10.7256 -45.9807 -41.3339 -30.3619 -4.9596 20.7720 -30.7110 -44.6619 -34.5164 -19.6271 30.9132 1.1528 -46.8122 -38.5357 -26.3406 27.0444 13.4228 -44.2436 -42.2925 -31.4846 -10.9213
