0.2272 0.4360 0.4800 0.1823 0.1408 0.1942 0.3612 0.5113 0.2789 0.1394 0.1702 0.2971 0.5153 0.3819 0.1450 0.1538 0.2471 0.4727 0.4547 0.1619 0.1436 0.2091 0.3973 0.4991 0.2247 0.1393 0.1809 0.3267 0.5173 0.3347 0.1413 0.1610 0.2699 0.5008 0.4229 0.1514 0.1479 0.2263 0.4351 0.4807 0.1834 0.1407 0.1936 0.3596 0.5117 0.2816 0.1395 0.1693 0.2909 0.5064 0.4856 0.5064 0.2909 0.1693 0.1395 0.2816 0.5117 0.3596 0.1936 0.1407 0.1834 0.4807 0.4351 0.2263 0.1479 0.1514 0.4229 0.5008 0.2699 0.1610 0.1413 0.3347 0.5173 0.3267 0.1809 0.1393 0.2247 0.4991 0.3973 0.2091 0.1436 0.1619 0.4547 0.4727 0.2471 0.1538 0.1450 0.3819 0.5153 0.2971 0.1702 0.1394 0.2789 0.5113 0.3612 0.1942 0.1408 0.1823 0.4800 0.4360 0.2272
0.4360 0.4805 0.1807 0.1367 0.1913 0.3595 0.5123 0.2818 0.1352 0.1670 0.2949 0.5158 0.3846 0.1410 0.1502 0.2445 0.4720 0.4566 0.1592 0.1397 0.2062 0.3958 0.5004 0.2267 0.1351 0.1778 0.3246 0.5182 0.3378 0.1371 0.1576 0.2675 0.5007 0.4252 0.1479 0.1441 0.2236 0.4339 0.4823 0.1827 0.1365 0.1906 0.3578 0.5128 0.2845 0.1352 0.1664 0.2922 0.5137 0.4132 0.1943 0.4132 0.5137 0.2922 0.1664 0.1352 0.2845 0.5128 0.3578 0.1906 0.1365 0.1827 0.4823 0.4339 0.2236 0.1441 0.1479 0.4252 0.5007 0.2675 0.1576 0.1371 0.3378 0.5182 0.3246 0.1778 0.1351 0.2267 0.5004 0.3958 0.2062 0.1397 0.1592 0.4566 0.4720 0.2445 0.1502 0.1410 0.3846 0.5158 0.2949 0.1670 0.1352 0.2818 0.5123 0.3595 0.1913 0.1367 0.1807 0.4805 0.4360
0.4800 0.1807 0.1366 0.1904 0.3568 0.5131 0.2870 0.1353 0.1660 0.2921 0.5149 0.3890 0.1416 0.1495 0.2423 0.4684 0.4595 0.1608 0.1393 0.2045 0.3918 0.5019 0.2323 0.1350 0.1766 0.3213 0.5183 0.3431 0.1374 0.1567 0.2649 0.4983 0.4288 0.1488 0.1436 0.2216 0.4299 0.4845 0.1863 0.1363 0.1891 0.3542 0.5136 0.2902 0.1353 0.1655 0.2903 0.5140 0.3980 0.1456 0.1348 0.1456 0.3980 0.5140 0.2903 0.1655 0.1353 0.2902 0.5136 0.3542 0.1891 0.1363 0.1863 0.4845 0.4299 0.2216 0.1436 0.1488 0.4288 0.4983 0.2649 0.1567 0.1374 0.3431 0.5183 0.3213 0.1766 0.1350 0.2323 0.5019 0.3918 0.2045 0.1393 0.1608 0.4595 0.4684 0.2423 0.1495 0.1416 0.3890 0.5149 0.2921 0.1660 0.1353 0.2870 0.5131 0.3568 0.1904 0.1366 0.1807 0.4800
0.1823 0.1367 0.1904 0.3558 0.5135 0.2908 0.1354 0.1652 0.2895 0.5141 0.3931 0.1421 0.1489 0.2401 0.4648 0.4623 0.1626 0.1390 0.2029 0.3879 0.5034 0.2380 0.1349 0.1754 0.3180 0.5184 0.3483 0.1378 0.1559 0.2624 0.4957 0.4324 0.1498 0.1431 0.2197 0.4258 0.4866 0.1902 0.1361 0.1877 0.3506 0.5144 0.2960 0.1355 0.1645 0.2877 0.5133 0.3972 0.1433 0.1441 0.1819 0.1441 0.1433 0.3972 0.5133 0.2877 0.1645 0.1355 0.2960 0.5144 0.3506 0.1877 0.1361 0.1902 0.4866 0.4258 0.2197 0.1431 0.1498 0.4324 0.4957 0.2624 0.1559 0.1378 0.3483 0.5184 0.3180 0.1754 0.1349 0.2380 0.5034 0.3879 0.2029 0.1390 0.1626 0.4623 0.4648 0.2401 0.1489 0.1421 0.3931 0.5141 0.2895 0.1652 0.1354 0.2908 0.5135 0.3558 0.1904 0.1367 0.1823
0.1408 0.1913 0.3568 0.5135 0.2923 0.1354 0.1646 0.2875 0.5132 0.3967 0.1427 0.1483 0.2380 0.4612 0.4650 0.1644 0.1386 0.2012 0.3841 0.5048 0.2437 0.1349 0.1742 0.3148 0.5184 0.3534 0.1381 0.1551 0.2599 0.4930 0.4359 0.1508 0.1426 0.2178 0.4218 0.4887 0.1943 0.1359 0.1863 0.3470 0.5152 0.3018 0.1356 0.1635 0.2850 0.5122 0.4001 0.1433 0.1468 0.2233 0.3362 0.2233 0.1468 0.1433 0.4001 0.5122 0.2850 0.1635 0.1356 0.3018 0.5152 0.3470 0.1863 0.1359 0.1943 0.4887 0.4218 0.2178 0.1426 0.1508 0.4359 0.4930 0.2599 0.1551 0.1381 0.3534 0.5184 0.3148 0.1742 0.1349 0.2437 0.5048 0.3841 0.2012 0.1386 0.1644 0.4650 0.4612 0.2380 0.1483 0.1427 0.3967 0.5132 0.2875 0.1646 0.1354 0.2923 0.5135 0.3568 0.1913 0.1408
0.1942 0.3595 0.5131 0.2908 0.1354 0.1644 0.2864 0.5126 0.3995 0.1431 0.1478 0.2362 0.4577 0.4675 0.1663 0.1383 0.1997 0.3803 0.5061 0.2494 0.1349 0.1730 0.3117 0.5183 0.3584 0.1385 0.1543 0.2575 0.4901 0.4392 0.1519 0.1421 0.2160 0.4178 0.4906 0.1987 0.1357 0.1850 0.3434 0.5158 0.3075 0.1358 0.1626 0.2822 0.5109 0.4039 0.1438 0.1470 0.2312 0.4307 0.5163 0.4307 0.2312 0.1470 0.1438 0.4039 0.5109 0.2822 0.1626 0.1358 0.3075 0.5158 0.3434 0.1850 0.1357 0.1987 0.4906 0.4178 0.2160 0.1421 0.1519 0.4392 0.4901 0.2575 0.1543 0.1385 0.3584 0.5183 0.3117 0.1730 0.1349 0.2494 0.5061 0.3803 0.1997 0.1383 0.1663 0.4675 0.4577 0.2362 0.1478 0.1431 0.3995 0.5126 0.2864 0.1644 0.1354 0.2908 0.5131 0.3595 0.1942
0.3612 0.5123 0.2870 0.1354 0.1646 0.2864 0.5123 0.4010 0.1434 0.1474 0.2347 0.4547 0.4697 0.1683 0.1380 0.1982 0.3766 0.5074 0.2551 0.1349 0.1719 0.3086 0.5181 0.3634 0.1389 0.1535 0.2550 0.4871 0.4426 0.1531 0.1416 0.2141 0.4138 0.4926 0.2034 0.1356 0.1836 0.3399 0.5164 0.3132 0.1360 0.1616 0.2795 0.5095 0.4078 0.1444 0.1466 0.2317 0.4451 0.4855 0.3303 0.4855 0.4451 0.2317 0.1466 0.1444 0.4078 0.5095 0.2795 0.1616 0.1360 0.3132 0.5164 0.3399 0.1836 0.1356 0.2034 0.4926 0.4138 0.2141 0.1416 0.1531 0.4426 0.4871 0.2550 0.1535 0.1389 0.3634 0.5181 0.3086 0.1719 0.1349 0.2551 0.5074 0.3766 0.1982 0.1380 0.1683 0.4697 0.4547 0.2347 0.1474 0.1434 0.4010 0.5123 0.2864 0.1646 0.1354 0.2870 0.5123 0.3612
0.5113 0.2818 0.1353 0.1652 0.2875 0.5126 0.4010 0.1436 0.1472 0.2337 0.4525 0.4715 0.1700 0.1377 0.1968 0.3732 0.5085 0.2606 0.1349 0.1708 0.3056 0.5178 0.3682 0.1393 0.1528 0.2526 0.4839 0.4458 0.1543 0.1412 0.2123 0.4097 0.4944 0.2082 0.1354 0.1823 0.3365 0.5169 0.3188 0.1362 0.1607 0.2768 0.5078 0.4118 0.1451 0.1461 0.2303 0.4459 0.4779 0.1932 0.1357 0.1932 0.4779 0.4459 0.2303 0.1461 0.1451 0.4118 0.5078 0.2768 0.1607 0.1362 0.3188 0.5169 0.3365 0.1823 0.1354 0.2082 0.4944 0.4097 0.2123 0.1412 0.1543 0.4458 0.4839 0.2526 0.1528 0.1393 0.3682 0.5178 0.3056 0.1708 0.1349 0.2606 0.5085 0.3732 0.1968 0.1377 0.1700 0.4715 0.4525 0.2337 0.1472 0.1436 0.4010 0.5126 0.2875 0.1652 0.1353 0.2818 0.5113
0.2789 0.1352 0.1660 0.2895 0.5132 0.3995 0.1434 0.1472 0.2333 0.4514 0.4726 0.1714 0.1375 0.1957 0.3702 0.5094 0.2658 0.1350 0.1698 0.3027 0.5174 0.3728 0.1398 0.1520 0.2503 0.4807 0.4490 0.1556 0.1408 0.2105 0.4057 0.4962 0.2133 0.1353 0.1810 0.3330 0.5174 0.3243 0.1365 0.1598 0.2741 0.5060 0.4157 0.1458 0.1455 0.2285 0.4433 0.4776 0.1797 0.1352 0.1557 0.1352 0.1797 0.4776 0.4433 0.2285 0.1455 0.1458 0.4157 0.5060 0.2741 0.1598 0.1365 0.3243 0.5174 0.3330 0.1810 0.1353 0.2133 0.4962 0.4057 0.2105 0.1408 0.1556 0.4490 0.4807 0.2503 0.1520 0.1398 0.3728 0.5174 0.3027 0.1698 0.1350 0.2658 0.5094 0.3702 0.1957 0.1375 0.1714 0.4726 0.4514 0.2333 0.1472 0.1434 0.3995 0.5132 0.2895 0.1660 0.1352 0.2789
0.1394 0.1670 0.2921 0.5141 0.3967 0.1431 0.1474 0.2337 0.4514 0.4729 0.1721 0.1374 0.1949 0.3679 0.5102 0.2703 0.1350 0.1689 0.3000 0.5169 0.3771 0.1402 0.1513 0.2480 0.4774 0.4520 0.1569 0.1403 0.2088 0.4017 0.4979 0.2186 0.1352 0.1797 0.3296 0.5178 0.3297 0.1367 0.1589 0.2714 0.5040 0.4195 0.1466 0.1450 0.2265 0.4397 0.4792 0.1793 0.1364 0.1831 0.2625 0.1831 0.1364 0.1793 0.4792 0.4397 0.2265 0.1450 0.1466 0.4195 0.5040 0.2714 0.1589 0.1367 0.3297 0.5178 0.3296 0.1797 0.1352 0.2186 0.4979 0.4017 0.2088 0.1403 0.1569 0.4520 0.4774 0.2480 0.1513 0.1402 0.3771 0.5169 0.3000 0.1689 0.1350 0.2703 0.5102 0.3679 0.1949 0.1374 0.1721 0.4729 0.4514 0.2337 0.1474 0.1431 0.3967 0.5141 0.2921 0.1670 0.1394
0.1702 0.2949 0.5149 0.3931 0.1427 0.1478 0.2347 0.4525 0.4726 0.1721 0.1374 0.1945 0.3664 0.5108 0.2738 0.1351 0.1681 0.2976 0.5164 0.3812 0.1407 0.1507 0.2459 0.4741 0.4550 0.1584 0.1399 0.2071 0.3978 0.4996 0.2240 0.1351 0.1784 0.3263 0.5180 0.3351 0.1370 0.1580 0.2688 0.5018 0.4233 0.1475 0.1444 0.2246 0.4358 0.4813 0.1815 0.1365 0.1888 0.3372 0.4945 0.3372 0.1888 0.1365 0.1815 0.4813 0.4358 0.2246 0.1444 0.1475 0.4233 0.5018 0.2688 0.1580 0.1370 0.3351 0.5180 0.3263 0.1784 0.1351 0.2240 0.4996 0.3978 0.2071 0.1399 0.1584 0.4550 0.4741 0.2459 0.1507 0.1407 0.3812 0.5164 0.2976 0.1681 0.1351 0.2738 0.5108 0.3664 0.1945 0.1374 0.1721 0.4726 0.4525 0.2347 0.1478 0.1427 0.3931 0.5149 0.2949 0.1702
0.2971 0.5158 0.3890 0.1421 0.1483 0.2362 0.4547 0.4715 0.1714 0.1374 0.1945 0.3659 0.5110 0.2761 0.1351 0.1675 0.2956 0.5158 0.3847 0.1411 0.1501 0.2439 0.4708 0.4577 0.1598 0.1396 0.2054 0.3939 0.5011 0.2294 0.1350 0.1772 0.3230 0.5183 0.3404 0.1373 0.1572 0.2662 0.4995 0.4270 0.1484 0.1439 0.2226 0.4318 0.4834 0.1847 0.1364 0.1891 0.3500 0.5165 0.4372 0.5165 0.3500 0.1891 0.1364 0.1847 0.4834 0.4318 0.2226 0.1439 0.1484 0.4270 0.4995 0.2662 0.1572 0.1373 0.3404 0.5183 0.3230 0.1772 0.1350 0.2294 0.5011 0.3939 0.2054 0.1396 0.1598 0.4577 0.4708 0.2439 0.1501 0.1411 0.3847 0.5158 0.2956 0.1675 0.1351 0.2761 0.5110 0.3659 0.1945 0.1374 0.1714 0.4715 0.4547 0.2362 0.1483 0.1421 0.3890 0.5158 0.2971
0.5153 0.3846 0.1416 0.1489 0.2380 0.4577 0.4697 0.1700 0.1375 0.1949 0.3664 0.5110 0.2770 0.1351 0.1671 0.2942 0.5154 0.3876 0.1415 0.1495 0.2420 0.4677 0.4602 0.1614 0.1392 0.2039 0.3902 0.5026 0.2349 0.1350 0.1760 0.3197 0.5184 0.3457 0.1376 0.1563 0.2637 0.4970 0.4306 0.1493 0.1433 0.2207 0.4279 0.4856 0.1883 0.1362 0.1882 0.3506 0.5151 0.3287 0.1511 0.3287 0.5151 0.3506 0.1882 0.1362 0.1883 0.4856 0.4279 0.2207 0.1433 0.1493 0.4306 0.4970 0.2637 0.1563 0.1376 0.3457 0.5184 0.3197 0.1760 0.1350 0.2349 0.5026 0.3902 0.2039 0.1392 0.1614 0.4602 0.4677 0.2420 0.1495 0.1415 0.3876 0.5154 0.2942 0.1671 0.1351 0.2770 0.5110 0.3664 0.1949 0.1375 0.1700 0.4697 0.4577 0.2380 0.1489 0.1416 0.3846 0.5153
0.3819 0.1410 0.1495 0.2401 0.4612 0.4675 0.1683 0.1377 0.1957 0.3679 0.5108 0.2761 0.1351 0.1669 0.2935 0.5151 0.3896 0.1418 0.1491 0.2405 0.4650 0.4625 0.1628 0.1389 0.2024 0.3866 0.5039 0.2403 0.1349 0.1748 0.3165 0.5184 0.3508 0.1379 0.1555 0.2612 0.4943 0.4341 0.1503 0.1428 0.2188 0.4238 0.4876 0.1922 0.1360 0.1869 0.3482 0.5151 0.3083 0.1364 0.1403 0.1364 0.3083 0.5151 0.3482 0.1869 0.1360 0.1922 0.4876 0.4238 0.2188 0.1428 0.1503 0.4341 0.4943 0.2612 0.1555 0.1379 0.3508 0.5184 0.3165 0.1748 0.1349 0.2403 0.5039 0.3866 0.2024 0.1389 0.1628 0.4625 0.4650 0.2405 0.1491 0.1418 0.3896 0.5151 0.2935 0.1669 0.1351 0.2761 0.5108 0.3679 0.1957 0.1377 0.1683 0.4675 0.4612 0.2401 0.1495 0.1410 0.3819
0.1450 0.1502 0.2423 0.4648 0.4650 0.1663 0.1380 0.1968 0.3702 0.5102 0.2738 0.1351 0.1671 0.2935 0.5150 0.3907 0.1420 0.1488 0.2394 0.4627 0.4643 0.1642 0.1386 0.2010 0.3833 0.5052 0.2455 0.1349 0.1737 0.3135 0.5183 0.3557 0.1383 0.1547 0.2587 0.4915 0.4375 0.1514 0.1424 0.2169 0.4198 0.4897 0.1965 0.1358 0.1856 0.3450 0.5156 0.3073 0.1359 0.1566 0.2098 0.1566 0.1359 0.3073 0.5156 0.3450 0.1856 0.1358 0.1965 0.4897 0.4198 0.2169 0.1424 0.1514 0.4375 0.4915 0.2587 0.1547 0.1383 0.3557 0.5183 0.3135 0.1737 0.1349 0.2455 0.5052 0.3833 0.2010 0.1386 0.1642 0.4643 0.4627 0.2394 0.1488 0.1420 0.3907 0.5150 0.2935 0.1671 0.1351 0.2738 0.5102 0.3702 0.1968 0.1380 0.1663 0.4650 0.4648 0.2423 0.1502 0.1450
0.1538 0.2445 0.4684 0.4623 0.1644 0.1383 0.1982 0.3732 0.5094 0.2703 0.1351 0.1675 0.2942 0.5151 0.3907 0.1421 0.1487 0.2386 0.4611 0.4658 0.1654 0.1384 0.1999 0.3803 0.5062 0.2504 0.1349 0.1727 0.3106 0.5182 0.3604 0.1387 0.1539 0.2563 0.4886 0.4409 0.1525 0.1419 0.2150 0.4158 0.4916 0.2010 0.1356 0.1843 0.3416 0.5162 0.3112 0.1360 0.1604 0.2638 0.4042 0.2638 0.1604 0.1360 0.3112 0.5162 0.3416 0.1843 0.1356 0.2010 0.4916 0.4158 0.2150 0.1419 0.1525 0.4409 0.4886 0.2563 0.1539 0.1387 0.3604 0.5182 0.3106 0.1727 0.1349 0.2504 0.5062 0.3803 0.1999 0.1384 0.1654 0.4658 0.4611 0.2386 0.1487 0.1421 0.3907 0.5151 0.2942 0.1675 0.1351 0.2703 0.5094 0.3732 0.1982 0.1383 0.1644 0.4623 0.4684 0.2445 0.1538
0.2471 0.4720 0.4595 0.1626 0.1386 0.1997 0.3766 0.5085 0.2658 0.1350 0.1681 0.2956 0.5154 0.3896 0.1420 0.1487 0.2384 0.4602 0.4666 0.1663 0.1382 0.1990 0.3778 0.5071 0.2549 0.1349 0.1717 0.3079 0.5180 0.3649 0.1391 0.1532 0.2540 0.4857 0.4441 0.1536 0.1414 0.2132 0.4118 0.4935 0.2058 0.1355 0.1829 0.3382 0.5167 0.3163 0.1361 0.1607 0.2736 0.4946 0.4975 0.4946 0.2736 0.1607 0.1361 0.3163 0.5167 0.3382 0.1829 0.1355 0.2058 0.4935 0.4118 0.2132 0.1414 0.1536 0.4441 0.4857 0.2540 0.1532 0.1391 0.3649 0.5180 0.3079 0.1717 0.1349 0.2549 0.5071 0.3778 0.1990 0.1382 0.1663 0.4666 0.4602 0.2384 0.1487 0.1420 0.3896 0.5154 0.2956 0.1681 0.1350 0.2658 0.5085 0.3766 0.1997 0.1386 0.1626 0.4595 0.4720 0.2471
0.4727 0.4566 0.1608 0.1390 0.2012 0.3803 0.5074 0.2606 0.1350 0.1689 0.2976 0.5158 0.3876 0.1418 0.1488 0.2386 0.4602 0.4669 0.1667 0.1381 0.1983 0.3759 0.5078 0.2586 0.1349 0.1709 0.3055 0.5177 0.3691 0.1394 0.1525 0.2518 0.4827 0.4471 0.1548 0.1410 0.2115 0.4078 0.4953 0.2107 0.1354 0.1816 0.3347 0.5172 0.3216 0.1363 0.1601 0.2741 0.5035 0.4367 0.2273 0.4367 0.5035 0.2741 0.1601 0.1363 0.3216 0.5172 0.3347 0.1816 0.1354 0.2107 0.4953 0.4078 0.2115 0.1410 0.1548 0.4471 0.4827 0.2518 0.1525 0.1394 0.3691 0.5177 0.3055 0.1709 0.1349 0.2586 0.5078 0.3759 0.1983 0.1381 0.1667 0.4669 0.4602 0.2386 0.1488 0.1418 0.3876 0.5158 0.2976 0.1689 0.1350 0.2606 0.5074 0.3803 0.2012 0.1390 0.1608 0.4566 0.4727
0.4547 0.1592 0.1393 0.2029 0.3841 0.5061 0.2551 0.1349 0.1698 0.3000 0.5164 0.3847 0.1415 0.1491 0.2394 0.4611 0.4666 0.1667 0.1381 0.1980 0.3748 0.5083 0.2614 0.1350 0.1702 0.3034 0.5174 0.3728 0.1398 0.1519 0.2498 0.4797 0.4500 0.1561 0.1406 0.2098 0.4040 0.4970 0.2158 0.1352 0.1803 0.3313 0.5176 0.3271 0.1366 0.1593 0.2723 0.5040 0.4238 0.1518 0.1341 0.1518 0.4238 0.5040 0.2723 0.1593 0.1366 0.3271 0.5176 0.3313 0.1803 0.1352 0.2158 0.4970 0.4040 0.2098 0.1406 0.1561 0.4500 0.4797 0.2498 0.1519 0.1398 0.3728 0.5174 0.3034 0.1702 0.1350 0.2614 0.5083 0.3748 0.1980 0.1381 0.1667 0.4666 0.4611 0.2394 0.1491 0.1415 0.3847 0.5164 0.3000 0.1698 0.1349 0.2551 0.5061 0.3841 0.2029 0.1393 0.1592 0.4547
0.1619 0.1397 0.2045 0.3879 0.5048 0.2494 0.1349 0.1708 0.3027 0.5169 0.3812 0.1411 0.1495 0.2405 0.4627 0.4658 0.1663 0.1381 0.1980 0.3744 0.5086 0.2632 0.1350 0.1697 0.3017 0.5171 0.3759 0.1402 0.1513 0.2479 0.4769 0.4527 0.1573 0.1402 0.2082 0.4002 0.4986 0.2209 0.1351 0.1791 0.3280 0.5179 0.3324 0.1368 0.1584 0.2700 0.5026 0.4232 0.1484 0.1409 0.1738 0.1409 0.1484 0.4232 0.5026 0.2700 0.1584 0.1368 0.3324 0.5179 0.3280 0.1791 0.1351 0.2209 0.4986 0.4002 0.2082 0.1402 0.1573 0.4527 0.4769 0.2479 0.1513 0.1402 0.3759 0.5171 0.3017 0.1697 0.1350 0.2632 0.5086 0.3744 0.1980 0.1381 0.1663 0.4658 0.4627 0.2405 0.1495 0.1411 0.3812 0.5169 0.3027 0.1708 0.1349 0.2494 0.5048 0.3879 0.2045 0.1397 0.1619
0.1436 0.2062 0.3918 0.5034 0.2437 0.1349 0.1719 0.3056 0.5174 0.3771 0.1407 0.1501 0.2420 0.4650 0.4643 0.1654 0.1382 0.1983 0.3748 0.5086 0.2638 0.1350 0.1694 0.3006 0.5169 0.3784 0.1404 0.1509 0.2463 0.4743 0.4550 0.1585 0.1399 0.2067 0.3966 0.5001 0.2260 0.1351 0.1779 0.3248 0.5182 0.3377 0.1371 0.1576 0.2675 0.5006 0.4257 0.1483 0.1431 0.2111 0.3143 0.2111 0.1431 0.1483 0.4257 0.5006 0.2675 0.1576 0.1371 0.3377 0.5182 0.3248 0.1779 0.1351 0.2260 0.5001 0.3966 0.2067 0.1399 0.1585 0.4550 0.4743 0.2463 0.1509 0.1404 0.3784 0.5169 0.3006 0.1694 0.1350 0.2638 0.5086 0.3748 0.1983 0.1382 0.1654 0.4643 0.4650 0.2420 0.1501 0.1407 0.3771 0.5174 0.3056 0.1719 0.1349 0.2437 0.5034 0.3918 0.2062 0.1436
0.2091 0.3958 0.5019 0.2380 0.1349 0.1730 0.3086 0.5178 0.3728 0.1402 0.1507 0.2439 0.4677 0.4625 0.1642 0.1384 0.1990 0.3759 0.5083 0.2632 0.1350 0.1693 0.3000 0.5167 0.3801 0.1407 0.1505 0.2449 0.4720 0.4571 0.1597 0.1396 0.2053 0.3933 0.5015 0.2310 0.1350 0.1768 0.3217 0.5183 0.3428 0.1374 0.1567 0.2650 0.4982 0.4290 0.1490 0.1433 0.2183 0.4047 0.5174 0.4047 0.2183 0.1433 0.1490 0.4290 0.4982 0.2650 0.1567 0.1374 0.3428 0.5183 0.3217 0.1768 0.1350 0.2310 0.5015 0.3933 0.2053 0.1396 0.1597 0.4571 0.4720 0.2449 0.1505 0.1407 0.3801 0.5167 0.3000 0.1693 0.1350 0.2632 0.5083 0.3759 0.1990 0.1384 0.1642 0.4625 0.4677 0.2439 0.1507 0.1402 0.3728 0.5178 0.3086 0.1730 0.1349 0.2380 0.5019 0.3958 0.2091
0.3973 0.5004 0.2323 0.1349 0.1742 0.3117 0.5181 0.3682 0.1398 0.1513 0.2459 0.4708 0.4602 0.1628 0.1386 0.1999 0.3778 0.5078 0.2614 0.1350 0.1694 0.3000 0.5166 0.3809 0.1408 0.1503 0.2439 0.4701 0.4588 0.1607 0.1393 0.2040 0.3902 0.5027 0.2357 0.1350 0.1757 0.3187 0.5184 0.3477 0.1377 0.1559 0.2625 0.4957 0.4323 0.1498 0.1430 0.2188 0.4192 0.4976 0.3636 0.4976 0.4192 0.2188 0.1430 0.1498 0.4323 0.4957 0.2625 0.1559 0.1377 0.3477 0.5184 0.3187 0.1757 0.1350 0.2357 0.5027 0.3902 0.2040 0.1393 0.1607 0.4588 0.4701 0.2439 0.1503 0.1408 0.3809 0.5166 0.3000 0.1694 0.1350 0.2614 0.5078 0.3778 0.1999 0.1386 0.1628 0.4602 0.4708 0.2459 0.1513 0.1398 0.3682 0.5181 0.3117 0.1742 0.1349 0.2323 0.5004 0.3973
0.4991 0.2267 0.1350 0.1754 0.3148 0.5183 0.3634 0.1393 0.1520 0.2480 0.4741 0.4577 0.1614 0.1389 0.2010 0.3803 0.5071 0.2586 0.1350 0.1697 0.3006 0.5167 0.3809 0.1409 0.1501 0.2433 0.4689 0.4600 0.1616 0.1391 0.2030 0.3876 0.5037 0.2401 0.1349 0.1747 0.3159 0.5184 0.3523 0.1381 0.1552 0.2602 0.4932 0.4357 0.1508 0.1426 0.2176 0.4200 0.4917 0.2252 0.1379 0.2252 0.4917 0.4200 0.2176 0.1426 0.1508 0.4357 0.4932 0.2602 0.1552 0.1381 0.3523 0.5184 0.3159 0.1747 0.1349 0.2401 0.5037 0.3876 0.2030 0.1391 0.1616 0.4600 0.4689 0.2433 0.1501 0.1409 0.3809 0.5167 0.3006 0.1697 0.1350 0.2586 0.5071 0.3803 0.2010 0.1389 0.1614 0.4577 0.4741 0.2480 0.1520 0.1393 0.3634 0.5183 0.3148 0.1754 0.1350 0.2267 0.4991
0.2247 0.1351 0.1766 0.3180 0.5184 0.3584 0.1389 0.1528 0.2503 0.4774 0.4550 0.1598 0.1392 0.2024 0.3833 0.5062 0.2549 0.1349 0.1702 0.3017 0.5169 0.3801 0.1408 0.1501 0.2431 0.4682 0.4608 0.1622 0.1389 0.2022 0.3854 0.5046 0.2439 0.1349 0.1738 0.3134 0.5183 0.3566 0.1384 0.1545 0.2579 0.4905 0.4389 0.1518 0.1421 0.2160 0.4174 0.4914 0.2061 0.1345 0.1507 0.1345 0.2061 0.4914 0.4174 0.2160 0.1421 0.1518 0.4389 0.4905 0.2579 0.1545 0.1384 0.3566 0.5183 0.3134 0.1738 0.1349 0.2439 0.5046 0.3854 0.2022 0.1389 0.1622 0.4608 0.4682 0.2431 0.1501 0.1408 0.3801 0.5169 0.3017 0.1702 0.1349 0.2549 0.5062 0.3833 0.2024 0.1392 0.1598 0.4550 0.4774 0.2503 0.1528 0.1389 0.3584 0.5184 0.3180 0.1766 0.1351 0.2247
0.1393 0.1778 0.3213 0.5184 0.3534 0.1385 0.1535 0.2526 0.4807 0.4520 0.1584 0.1396 0.2039 0.3866 0.5052 0.2504 0.1349 0.1709 0.3034 0.5171 0.3784 0.1407 0.1503 0.2433 0.4682 0.4610 0.1625 0.1388 0.2016 0.3838 0.5053 0.2471 0.1349 0.1730 0.3111 0.5182 0.3605 0.1387 0.1538 0.2558 0.4878 0.4419 0.1529 0.1417 0.2143 0.4139 0.4927 0.2053 0.1352 0.1749 0.2467 0.1749 0.1352 0.2053 0.4927 0.4139 0.2143 0.1417 0.1529 0.4419 0.4878 0.2558 0.1538 0.1387 0.3605 0.5182 0.3111 0.1730 0.1349 0.2471 0.5053 0.3838 0.2016 0.1388 0.1625 0.4610 0.4682 0.2433 0.1503 0.1407 0.3784 0.5171 0.3034 0.1709 0.1349 0.2504 0.5052 0.3866 0.2039 0.1396 0.1584 0.4520 0.4807 0.2526 0.1535 0.1385 0.3534 0.5184 0.3213 0.1778 0.1393
0.1809 0.3246 0.5183 0.3483 0.1381 0.1543 0.2550 0.4839 0.4490 0.1569 0.1399 0.2054 0.3902 0.5039 0.2455 0.1349 0.1717 0.3055 0.5174 0.3759 0.1404 0.1505 0.2439 0.4689 0.4608 0.1625 0.1388 0.2014 0.3828 0.5057 0.2495 0.1349 0.1724 0.3093 0.5181 0.3640 0.1390 0.1532 0.2538 0.4852 0.4447 0.1539 0.1413 0.2126 0.4102 0.4943 0.2085 0.1353 0.1801 0.3157 0.4746 0.3157 0.1801 0.1353 0.2085 0.4943 0.4102 0.2126 0.1413 0.1539 0.4447 0.4852 0.2538 0.1532 0.1390 0.3640 0.5181 0.3093 0.1724 0.1349 0.2495 0.5057 0.3828 0.2014 0.1388 0.1625 0.4608 0.4689 0.2439 0.1505 0.1404 0.3759 0.5174 0.3055 0.1717 0.1349 0.2455 0.5039 0.3902 0.2054 0.1399 0.1569 0.4490 0.4839 0.2550 0.1543 0.1381 0.3483 0.5183 0.3246 0.1809
0.3267 0.5182 0.3431 0.1378 0.1551 0.2575 0.4871 0.4458 0.1556 0.1403 0.2071 0.3939 0.5026 0.2403 0.1349 0.1727 0.3079 0.5177 0.3728 0.1402 0.1509 0.2449 0.4701 0.4600 0.1622 0.1388 0.2014 0.3824 0.5060 0.2510 0.1349 0.1720 0.3078 0.5179 0.3668 0.1393 0.1527 0.2521 0.4827 0.4473 0.1550 0.1409 0.2110 0.4067 0.4959 0.2128 0.1353 0.1805 0.3277 0.5176 0.4571 0.5176 0.3277 0.1805 0.1353 0.2128 0.4959 0.4067 0.2110 0.1409 0.1550 0.4473 0.4827 0.2521 0.1527 0.1393 0.3668 0.5179 0.3078 0.1720 0.1349 0.2510 0.5060 0.3824 0.2014 0.1388 0.1622 0.4600 0.4701 0.2449 0.1509 0.1402 0.3728 0.5177 0.3079 0.1727 0.1349 0.2403 0.5026 0.3939 0.2071 0.1403 0.1556 0.4458 0.4871 0.2575 0.1551 0.1378 0.3431 0.5182 0.3267
0.5173 0.3378 0.1374 0.1559 0.2599 0.4901 0.4426 0.1543 0.1408 0.2088 0.3978 0.5011 0.2349 0.1349 0.1737 0.3106 0.5180 0.3691 0.1398 0.1513 0.2463 0.4720 0.4588 0.1616 0.1389 0.2016 0.3828 0.5060 0.2515 0.1349 0.1717 0.3068 0.5178 0.3690 0.1395 0.1523 0.2506 0.4805 0.4496 0.1560 0.1406 0.2096 0.4033 0.4974 0.2173 0.1352 0.1797 0.3285 0.5180 0.3617 0.1604 0.3617 0.5180 0.3285 0.1797 0.1352 0.2173 0.4974 0.4033 0.2096 0.1406 0.1560 0.4496 0.4805 0.2506 0.1523 0.1395 0.3690 0.5178 0.3068 0.1717 0.1349 0.2515 0.5060 0.3828 0.2016 0.1389 0.1616 0.4588 0.4720 0.2463 0.1513 0.1398 0.3691 0.5180 0.3106 0.1737 0.1349 0.2349 0.5011 0.3978 0.2088 0.1408 0.1543 0.4426 0.4901 0.2599 0.1559 0.1374 0.3378 0.5173
0.3347 0.1371 0.1567 0.2624 0.4930 0.4392 0.1531 0.1412 0.2105 0.4017 0.4996 0.2294 0.1350 0.1748 0.3135 0.5182 0.3649 0.1394 0.1519 0.2479 0.4743 0.4571 0.1607 0.1391 0.2022 0.3838 0.5057 0.2510 0.1349 0.1716 0.3063 0.5177 0.3706 0.1397 0.1519 0.2494 0.4786 0.4515 0.1570 0.1403 0.2083 0.4001 0.4988 0.2217 0.1351 0.1787 0.3265 0.5181 0.3429 0.1386 0.1378 0.1386 0.3429 0.5181 0.3265 0.1787 0.1351 0.2217 0.4988 0.4001 0.2083 0.1403 0.1570 0.4515 0.4786 0.2494 0.1519 0.1397 0.3706 0.5177 0.3063 0.1716 0.1349 0.2510 0.5057 0.3838 0.2022 0.1391 0.1607 0.4571 0.4743 0.2479 0.1519 0.1394 0.3649 0.5182 0.3135 0.1748 0.1350 0.2294 0.4996 0.4017 0.2105 0.1412 0.1531 0.4392 0.4930 0.2624 0.1567 0.1371 0.3347
0.1413 0.1576 0.2649 0.4957 0.4359 0.1519 0.1416 0.2123 0.4057 0.4979 0.2240 0.1350 0.1760 0.3165 0.5183 0.3604 0.1391 0.1525 0.2498 0.4769 0.4550 0.1597 0.1393 0.2030 0.3854 0.5053 0.2495 0.1349 0.1717 0.3063 0.5177 0.3714 0.1398 0.1517 0.2485 0.4770 0.4531 0.1578 0.1400 0.2071 0.3973 0.5000 0.2260 0.1351 0.1777 0.3240 0.5182 0.3416 0.1376 0.1516 0.1990 0.1516 0.1376 0.3416 0.5182 0.3240 0.1777 0.1351 0.2260 0.5000 0.3973 0.2071 0.1400 0.1578 0.4531 0.4770 0.2485 0.1517 0.1398 0.3714 0.5177 0.3063 0.1717 0.1349 0.2495 0.5053 0.3854 0.2030 0.1393 0.1597 0.4550 0.4769 0.2498 0.1525 0.1391 0.3604 0.5183 0.3165 0.1760 0.1350 0.2240 0.4979 0.4057 0.2123 0.1416 0.1519 0.4359 0.4957 0.2649 0.1576 0.1413
0.1610 0.2675 0.4983 0.4324 0.1508 0.1421 0.2141 0.4097 0.4962 0.2186 0.1351 0.1772 0.3197 0.5184 0.3557 0.1387 0.1532 0.2518 0.4797 0.4527 0.1585 0.1396 0.2040 0.3876 0.5046 0.2471 0.1349 0.1720 0.3068 0.5177 0.3714 0.1399 0.1516 0.2479 0.4759 0.4542 0.1584 0.1398 0.2062 0.3949 0.5010 0.2299 0.1350 0.1768 0.3214 0.5183 0.3444 0.1376 0.1550 0.2485 0.3794 0.2485 0.1550 0.1376 0.3444 0.5183 0.3214 0.1768 0.1350 0.2299 0.5010 0.3949 0.2062 0.1398 0.1584 0.4542 0.4759 0.2479 0.1516 0.1399 0.3714 0.5177 0.3068 0.1720 0.1349 0.2471 0.5046 0.3876 0.2040 0.1396 0.1585 0.4527 0.4797 0.2518 0.1532 0.1387 0.3557 0.5184 0.3197 0.1772 0.1351 0.2186 0.4962 0.4097 0.2141 0.1421 0.1508 0.4324 0.4983 0.2675 0.1610
0.2699 0.5007 0.4288 0.1498 0.1426 0.2160 0.4138 0.4944 0.2133 0.1352 0.1784 0.3230 0.5184 0.3508 0.1383 0.1539 0.2540 0.4827 0.4500 0.1573 0.1399 0.2053 0.3902 0.5037 0.2439 0.1349 0.1724 0.3078 0.5178 0.3706 0.1398 0.1516 0.2477 0.4754 0.4550 0.1589 0.1397 0.2054 0.3929 0.5019 0.2333 0.1350 0.1759 0.3191 0.5184 0.3481 0.1378 0.1554 0.2579 0.4754 0.5064 0.4754 0.2579 0.1554 0.1378 0.3481 0.5184 0.3191 0.1759 0.1350 0.2333 0.5019 0.3929 0.2054 0.1397 0.1589 0.4550 0.4754 0.2477 0.1516 0.1398 0.3706 0.5178 0.3078 0.1724 0.1349 0.2439 0.5037 0.3902 0.2053 0.1399 0.1573 0.4500 0.4827 0.2540 0.1539 0.1383 0.3508 0.5184 0.3230 0.1784 0.1352 0.2133 0.4944 0.4138 0.2160 0.1426 0.1498 0.4288 0.5007 0.2699
0.5008 0.4252 0.1488 0.1431 0.2178 0.4178 0.4926 0.2082 0.1353 0.1797 0.3263 0.5183 0.3457 0.1379 0.1547 0.2563 0.4857 0.4471 0.1561 0.1402 0.2067 0.3933 0.5027 0.2401 0.1349 0.1730 0.3093 0.5179 0.3690 0.1397 0.1517 0.2479 0.4754 0.4552 0.1592 0.1396 0.2049 0.3915 0.5025 0.2361 0.1350 0.1752 0.3170 0.5184 0.3517 0.1381 0.1550 0.2588 0.4878 0.4559 0.2628 0.4559 0.4878 0.2588 0.1550 0.1381 0.3517 0.5184 0.3170 0.1752 0.1350 0.2361 0.5025 0.3915 0.2049 0.1396 0.1592 0.4552 0.4754 0.2479 0.1517 0.1397 0.3690 0.5179 0.3093 0.1730 0.1349 0.2401 0.5027 0.3933 0.2067 0.1402 0.1561 0.4471 0.4857 0.2563 0.1547 0.1379 0.3457 0.5183 0.3263 0.1797 0.1353 0.2082 0.4926 0.4178 0.2178 0.1431 0.1488 0.4252 0.5008
0.4229 0.1479 0.1436 0.2197 0.4218 0.4906 0.2034 0.1354 0.1810 0.3296 0.5180 0.3404 0.1376 0.1555 0.2587 0.4886 0.4441 0.1548 0.1406 0.2082 0.3966 0.5015 0.2357 0.1349 0.1738 0.3111 0.5181 0.3668 0.1395 0.1519 0.2485 0.4759 0.4550 0.1592 0.1396 0.2047 0.3906 0.5029 0.2382 0.1349 0.1746 0.3152 0.5184 0.3550 0.1383 0.1546 0.2577 0.4891 0.4444 0.1601 0.1340 0.1601 0.4444 0.4891 0.2577 0.1546 0.1383 0.3550 0.5184 0.3152 0.1746 0.1349 0.2382 0.5029 0.3906 0.2047 0.1396 0.1592 0.4550 0.4759 0.2485 0.1519 0.1395 0.3668 0.5181 0.3111 0.1738 0.1349 0.2357 0.5015 0.3966 0.2082 0.1406 0.1548 0.4441 0.4886 0.2587 0.1555 0.1376 0.3404 0.5180 0.3296 0.1810 0.1354 0.2034 0.4906 0.4218 0.2197 0.1436 0.1479 0.4229
0.1514 0.1441 0.2216 0.4258 0.4887 0.1987 0.1356 0.1823 0.3330 0.5178 0.3351 0.1373 0.1563 0.2612 0.4915 0.4409 0.1536 0.1410 0.2098 0.4002 0.5001 0.2310 0.1350 0.1747 0.3134 0.5182 0.3640 0.1393 0.1523 0.2494 0.4770 0.4542 0.1589 0.1396 0.2047 0.3903 0.5032 0.2394 0.1349 0.1742 0.3139 0.5183 0.3576 0.1385 0.1541 0.2563 0.4879 0.4431 0.1547 0.1385 0.1671 0.1385 0.1547 0.4431 0.4879 0.2563 0.1541 0.1385 0.3576 0.5183 0.3139 0.1742 0.1349 0.2394 0.5032 0.3903 0.2047 0.1396 0.1589 0.4542 0.4770 0.2494 0.1523 0.1393 0.3640 0.5182 0.3134 0.1747 0.1350 0.2310 0.5001 0.4002 0.2098 0.1410 0.1536 0.4409 0.4915 0.2612 0.1563 0.1373 0.3351 0.5178 0.3330 0.1823 0.1356 0.1987 0.4887 0.4258 0.2216 0.1441 0.1514
0.1479 0.2236 0.4299 0.4866 0.1943 0.1357 0.1836 0.3365 0.5174 0.3297 0.1370 0.1572 0.2637 0.4943 0.4375 0.1525 0.1414 0.2115 0.4040 0.4986 0.2260 0.1350 0.1757 0.3159 0.5183 0.3605 0.1390 0.1527 0.2506 0.4786 0.4531 0.1584 0.1397 0.2049 0.3906 0.5032 0.2399 0.1349 0.1740 0.3130 0.5183 0.3596 0.1387 0.1537 0.2549 0.4862 0.4443 0.1543 0.1405 0.2012 0.2962 0.2012 0.1405 0.1543 0.4443 0.4862 0.2549 0.1537 0.1387 0.3596 0.5183 0.3130 0.1740 0.1349 0.2399 0.5032 0.3906 0.2049 0.1397 0.1584 0.4531 0.4786 0.2506 0.1527 0.1390 0.3605 0.5183 0.3159 0.1757 0.1350 0.2260 0.4986 0.4040 0.2115 0.1414 0.1525 0.4375 0.4943 0.2637 0.1572 0.1370 0.3297 0.5174 0.3365 0.1836 0.1357 0.1943 0.4866 0.4299 0.2236 0.1479
0.2263 0.4339 0.4845 0.1902 0.1359 0.1850 0.3399 0.5169 0.3243 0.1367 0.1580 0.2662 0.4970 0.4341 0.1514 0.1419 0.2132 0.4078 0.4970 0.2209 0.1351 0.1768 0.3187 0.5184 0.3566 0.1387 0.1532 0.2521 0.4805 0.4515 0.1578 0.1398 0.2054 0.3915 0.5029 0.2394 0.1349 0.1739 0.3125 0.5182 0.3610 0.1389 0.1534 0.2538 0.4846 0.4459 0.1547 0.1408 0.2084 0.3827 0.5150 0.3827 0.2084 0.1408 0.1547 0.4459 0.4846 0.2538 0.1534 0.1389 0.3610 0.5182 0.3125 0.1739 0.1349 0.2394 0.5029 0.3915 0.2054 0.1398 0.1578 0.4515 0.4805 0.2521 0.1532 0.1387 0.3566 0.5184 0.3187 0.1768 0.1351 0.2209 0.4970 0.4078 0.2132 0.1419 0.1514 0.4341 0.4970 0.2662 0.1580 0.1367 0.3243 0.5169 0.3399 0.1850 0.1359 0.1902 0.4845 0.4339 0.2263
0.4351 0.4823 0.1863 0.1361 0.1863 0.3434 0.5164 0.3188 0.1365 0.1589 0.2688 0.4995 0.4306 0.1503 0.1424 0.2150 0.4118 0.4953 0.2158 0.1351 0.1779 0.3217 0.5184 0.3523 0.1384 0.1538 0.2538 0.4827 0.4496 0.1570 0.1400 0.2062 0.3929 0.5025 0.2382 0.1349 0.1740 0.3125 0.5182 0.3617 0.1389 0.1532 0.2530 0.4834 0.4473 0.1552 0.1407 0.2095 0.3980 0.5056 0.3890 0.5056 0.3980 0.2095 0.1407 0.1552 0.4473 0.4834 0.2530 0.1532 0.1389 0.3617 0.5182 0.3125 0.1740 0.1349 0.2382 0.5025 0.3929 0.2062 0.1400 0.1570 0.4496 0.4827 0.2538 0.1538 0.1384 0.3523 0.5184 0.3217 0.1779 0.1351 0.2158 0.4953 0.4118 0.2150 0.1424 0.1503 0.4306 0.4995 0.2688 0.1589 0.1365 0.3188 0.5164 0.3434 0.1863 0.1361 0.1863 0.4823 0.4351
0.4807 0.1827 0.1363 0.1877 0.3470 0.5158 0.3132 0.1362 0.1598 0.2714 0.5018 0.4270 0.1493 0.1428 0.2169 0.4158 0.4935 0.2107 0.1352 0.1791 0.3248 0.5183 0.3477 0.1381 0.1545 0.2558 0.4852 0.4473 0.1560 0.1403 0.2071 0.3949 0.5019 0.2361 0.1349 0.1742 0.3130 0.5182 0.3617 0.1390 0.1530 0.2526 0.4825 0.4483 0.1557 0.1406 0.2091 0.4004 0.5005 0.2552 0.1405 0.2552 0.5005 0.4004 0.2091 0.1406 0.1557 0.4483 0.4825 0.2526 0.1530 0.1390 0.3617 0.5182 0.3130 0.1742 0.1349 0.2361 0.5019 0.3949 0.2071 0.1403 0.1560 0.4473 0.4852 0.2558 0.1545 0.1381 0.3477 0.5183 0.3248 0.1791 0.1352 0.2107 0.4935 0.4158 0.2169 0.1428 0.1493 0.4270 0.5018 0.2714 0.1598 0.1362 0.3132 0.5158 0.3470 0.1877 0.1363 0.1827 0.4807
0.1834 0.1365 0.1891 0.3506 0.5152 0.3075 0.1360 0.1607 0.2741 0.5040 0.4233 0.1484 0.1433 0.2188 0.4198 0.4916 0.2058 0.1354 0.1803 0.3280 0.5182 0.3428 0.1377 0.1552 0.2579 0.4878 0.4447 0.1550 0.1406 0.2083 0.3973 0.5010 0.2333 0.1350 0.1746 0.3139 0.5183 0.3610 0.1389 0.1530 0.2524 0.4821 0.4489 0.1561 0.1404 0.2086 0.3999 0.4996 0.2318 0.1344 0.1472 0.1344 0.2318 0.4996 0.3999 0.2086 0.1404 0.1561 0.4489 0.4821 0.2524 0.1530 0.1389 0.3610 0.5183 0.3139 0.1746 0.1350 0.2333 0.5010 0.3973 0.2083 0.1406 0.1550 0.4447 0.4878 0.2579 0.1552 0.1377 0.3428 0.5182 0.3280 0.1803 0.1354 0.2058 0.4916 0.4198 0.2188 0.1433 0.1484 0.4233 0.5040 0.2741 0.1607 0.1360 0.3075 0.5152 0.3506 0.1891 0.1365 0.1834
0.1407 0.1906 0.3542 0.5144 0.3018 0.1358 0.1616 0.2768 0.5060 0.4195 0.1475 0.1439 0.2207 0.4238 0.4897 0.2010 0.1355 0.1816 0.3313 0.5179 0.3377 0.1374 0.1559 0.2602 0.4905 0.4419 0.1539 0.1409 0.2096 0.4001 0.5000 0.2299 0.1350 0.1752 0.3152 0.5183 0.3596 0.1389 0.1532 0.2526 0.4821 0.4491 0.1563 0.1404 0.2082 0.3989 0.4998 0.2280 0.1348 0.1694 0.2357 0.1695 0.1348 0.2280 0.4998 0.3990 0.2082 0.1404 0.1563 0.4491 0.4821 0.2526 0.1532 0.1389 0.3596 0.5183 0.3152 0.1752 0.1350 0.2299 0.5000 0.4001 0.2096 0.1409 0.1539 0.4419 0.4905 0.2602 0.1559 0.1374 0.3377 0.5179 0.3313 0.1816 0.1355 0.2010 0.4897 0.4238 0.2207 0.1439 0.1475 0.4195 0.5060 0.2768 0.1616 0.1358 0.3018 0.5144 0.3542 0.1906 0.1407
0.1936 0.3578 0.5136 0.2960 0.1356 0.1626 0.2795 0.5078 0.4157 0.1466 0.1444 0.2226 0.4279 0.4876 0.1965 0.1356 0.1829 0.3347 0.5176 0.3324 0.1371 0.1567 0.2625 0.4932 0.4389 0.1529 0.1413 0.2110 0.4033 0.4988 0.2260 0.1350 0.1759 0.3170 0.5184 0.3576 0.1387 0.1534 0.2530 0.4825 0.4489 0.1563 0.1403 0.2080 0.3984 0.5000 0.2278 0.1350 0.1747 0.3013 0.4575 0.3017 0.1748 0.1350 0.2280 0.5000 0.3983 0.2081 0.1404 0.1563 0.4489 0.4825 0.2530 0.1534 0.1387 0.3576 0.5184 0.3170 0.1759 0.1350 0.2260 0.4988 0.4033 0.2110 0.1413 0.1529 0.4389 0.4932 0.2625 0.1567 0.1371 0.3324 0.5176 0.3347 0.1829 0.1356 0.1965 0.4876 0.4279 0.2226 0.1444 0.1466 0.4157 0.5078 0.2795 0.1626 0.1356 0.2960 0.5136 0.3578 0.1936
0.3596 0.5128 0.2902 0.1355 0.1635 0.2822 0.5095 0.4118 0.1458 0.1450 0.2246 0.4318 0.4856 0.1922 0.1358 0.1843 0.3382 0.5172 0.3271 0.1368 0.1576 0.2650 0.4957 0.4357 0.1518 0.1417 0.2126 0.4067 0.4974 0.2217 0.1351 0.1768 0.3191 0.5184 0.3550 0.1385 0.1537 0.2538 0.4834 0.4483 0.1561 0.1404 0.2080 0.3998 0.4985 0.2292 0.1351 0.1764 0.3127 0.5159 0.4704 0.5162 0.3144 0.1763 0.1350 0.2292 0.4997 0.4008 0.2086 0.1404 0.1561 0.4483 0.4834 0.2538 0.1537 0.1385 0.3550 0.5184 0.3191 0.1768 0.1351 0.2217 0.4974 0.4067 0.2126 0.1417 0.1518 0.4357 0.4957 0.2650 0.1576 0.1368 0.3271 0.5172 0.3382 0.1843 0.1358 0.1922 0.4856 0.4318 0.2246 0.1450 0.1458 0.4118 0.5095 0.2822 0.1635 0.1355 0.2902 0.5128 0.3596
0.5117 0.2845 0.1353 0.1645 0.2850 0.5109 0.4078 0.1451 0.1455 0.2265 0.4358 0.4834 0.1883 0.1360 0.1856 0.3416 0.5167 0.3216 0.1366 0.1584 0.2675 0.4982 0.4323 0.1508 0.1421 0.2143 0.4102 0.4959 0.2173 0.1351 0.1777 0.3214 0.5184 0.3517 0.1383 0.1541 0.2549 0.4846 0.4473 0.1557 0.1404 0.2082 0.3983 0.4995 0.2247 0.1351 0.1764 0.3175 0.5182 0.3833 0.1696 0.3800 0.5180 0.3132 0.1758 0.1350 0.2325 0.5011 0.3966 0.2081 0.1404 0.1557 0.4473 0.4846 0.2549 0.1541 0.1383 0.3517 0.5184 0.3214 0.1777 0.1351 0.2173 0.4959 0.4102 0.2143 0.1421 0.1508 0.4323 0.4982 0.2675 0.1584 0.1366 0.3216 0.5167 0.3416 0.1856 0.1360 0.1883 0.4834 0.4358 0.2265 0.1455 0.1451 0.4078 0.5109 0.2850 0.1645 0.1353 0.2845 0.5117
0.2816 0.1352 0.1655 0.2877 0.5122 0.4039 0.1444 0.1461 0.2285 0.4397 0.4813 0.1847 0.1362 0.1869 0.3450 0.5162 0.3163 0.1363 0.1593 0.2700 0.5006 0.4290 0.1498 0.1426 0.2160 0.4139 0.4943 0.2128 0.1352 0.1787 0.3240 0.5183 0.3481 0.1381 0.1546 0.2563 0.4862 0.4459 0.1552 0.1406 0.2086 0.3989 0.5000 0.2252 0.1351 0.1767 0.3188 0.5183 0.3597 0.1407 0.1367 0.1404 0.3609 0.5184 0.3180 0.1759 0.1350 0.2333 0.5011 0.3987 0.2086 0.1406 0.1552 0.4459 0.4862 0.2563 0.1546 0.1381 0.3481 0.5183 0.3240 0.1787 0.1352 0.2128 0.4943 0.4139 0.2160 0.1426 0.1498 0.4290 0.5006 0.2700 0.1593 0.1363 0.3163 0.5162 0.3450 0.1869 0.1362 0.1847 0.4813 0.4397 0.2285 0.1461 0.1444 0.4039 0.5122 0.2877 0.1655 0.1352 0.2816
0.1395 0.1664 0.2903 0.5133 0.4001 0.1438 0.1466 0.2303 0.4433 0.4792 0.1815 0.1364 0.1882 0.3482 0.5156 0.3112 0.1361 0.1601 0.2723 0.5026 0.4257 0.1490 0.1430 0.2176 0.4174 0.4927 0.2085 0.1353 0.1797 0.3265 0.5182 0.3444 0.1378 0.1550 0.2577 0.4879 0.4443 0.1547 0.1407 0.2091 0.3999 0.4998 0.2277 0.1351 0.1778 0.3199 0.5184 0.3511 0.1385 0.1493 0.1943 0.1491 0.1388 0.3558 0.5184 0.3155 0.1755 0.1350 0.2281 0.4997 0.3999 0.2091 0.1407 0.1547 0.4443 0.4879 0.2577 0.1550 0.1378 0.3444 0.5182 0.3265 0.1797 0.1353 0.2085 0.4927 0.4174 0.2176 0.1430 0.1490 0.4257 0.5026 0.2723 0.1601 0.1361 0.3112 0.5156 0.3482 0.1882 0.1364 0.1815 0.4792 0.4433 0.2303 0.1466 0.1438 0.4001 0.5133 0.2903 0.1664 0.1395
0.1693 0.2922 0.5140 0.3972 0.1433 0.1470 0.2317 0.4459 0.4776 0.1793 0.1365 0.1891 0.3506 0.5151 0.3073 0.1360 0.1607 0.2741 0.5040 0.4232 0.1483 0.1433 0.2188 0.4200 0.4914 0.2053 0.1353 0.1805 0.3285 0.5181 0.3416 0.1376 0.1554 0.2588 0.4891 0.4431 0.1543 0.1408 0.2095 0.4004 0.4996 0.2279 0.1350 0.1768 0.3201 0.5184 0.3510 0.1383 0.1530 0.2414 0.3691 0.2416 0.1525 0.1386 0.3569 0.5184 0.3170 0.1768 0.1350 0.2276 0.4996 0.4004 0.2095 0.1408 0.1543 0.4431 0.4891 0.2588 0.1554 0.1376 0.3416 0.5181 0.3285 0.1805 0.1353 0.2053 0.4914 0.4200 0.2188 0.1433 0.1483 0.4232 0.5040 0.2741 0.1607 0.1360 0.3073 0.5151 0.3506 0.1891 0.1365 0.1793 0.4776 0.4459 0.2317 0.1470 0.1433 0.3972 0.5140 0.2922 0.1693
0.2909 0.5137 0.3980 0.1433 0.1468 0.2312 0.4451 0.4779 0.1797 0.1364 0.1888 0.3500 0.5151 0.3083 0.1359 0.1604 0.2736 0.5035 0.4238 0.1484 0.1431 0.2183 0.4192 0.4917 0.2061 0.1352 0.1801 0.3277 0.5180 0.3429 0.1376 0.1550 0.2579 0.4878 0.4444 0.1547 0.1405 0.2084 0.3980 0.5005 0.2318 0.1348 0.1749 0.3162 0.5181 0.3584 0.1384 0.1529 0.2482 0.4604 0.5102 0.4609 0.2482 0.1521 0.1389 0.3590 0.5180 0.3144 0.1746 0.1348 0.2318 0.5005 0.3980 0.2084 0.1405 0.1547 0.4444 0.4878 0.2579 0.1550 0.1376 0.3429 0.5180 0.3277 0.1801 0.1352 0.2061 0.4917 0.4192 0.2183 0.1431 0.1484 0.4238 0.5035 0.2736 0.1604 0.1359 0.3083 0.5151 0.3500 0.1888 0.1364 0.1797 0.4779 0.4451 0.2312 0.1468 0.1433 0.3980 0.5137 0.2909
0.5064 0.4132 0.1456 0.1441 0.2233 0.4307 0.4855 0.1932 0.1352 0.1831 0.3372 0.5165 0.3287 0.1364 0.1566 0.2638 0.4946 0.4367 0.1518 0.1409 0.2111 0.4047 0.4976 0.2252 0.1345 0.1749 0.3157 0.5176 0.3617 0.1386 0.1516 0.2485 0.4754 0.4559 0.1601 0.1385 0.2012 0.3827 0.5056 0.2552 0.1344 0.1695 0.3019 0.5165 0.3819 0.1403 0.1496 0.2426 0.4625 0.4742 0.3094 0.4753 0.4611 0.2405 0.1493 0.1406 0.3805 0.5162 0.3032 0.1695 0.1344 0.2552 0.5056 0.3827 0.2012 0.1385 0.1601 0.4559 0.4754 0.2485 0.1516 0.1386 0.3617 0.5176 0.3157 0.1749 0.1345 0.2252 0.4976 0.4047 0.2111 0.1409 0.1518 0.4367 0.4946 0.2638 0.1566 0.1364 0.3287 0.5165 0.3372 0.1831 0.1352 0.1932 0.4855 0.4307 0.2233 0.1441 0.1456 0.4132 0.5064
0.4856 0.1943 0.1348 0.1819 0.3362 0.5163 0.3303 0.1357 0.1557 0.2625 0.4945 0.4372 0.1511 0.1403 0.2098 0.4042 0.4975 0.2273 0.1341 0.1738 0.3143 0.5174 0.3636 0.1379 0.1507 0.2467 0.4746 0.4571 0.1604 0.1378 0.1990 0.3794 0.5064 0.2628 0.1340 0.1671 0.2962 0.5150 0.3890 0.1405 0.1472 0.2358 0.4578 0.4686 0.1700 0.1366 0.1938 0.3660 0.5105 0.3073 0.1463 0.3103 0.5103 0.3681 0.1932 0.1366 0.1690 0.4688 0.4594 0.2358 0.1472 0.1405 0.3890 0.5150 0.2962 0.1671 0.1340 0.2628 0.5064 0.3794 0.1990 0.1378 0.1604 0.4571 0.4746 0.2467 0.1507 0.1379 0.3636 0.5174 0.3143 0.1738 0.1341 0.2273 0.4975 0.4042 0.2098 0.1403 0.1511 0.4372 0.4945 0.2625 0.1557 0.1357 0.3303 0.5163 0.3362 0.1819 0.1348 0.1943 0.4856
0.5064 0.4132 0.1456 0.1441 0.2233 0.4307 0.4855 0.1932 0.1352 0.1831 0.3372 0.5165 0.3287 0.1364 0.1566 0.2638 0.4946 0.4367 0.1518 0.1409 0.2111 0.4047 0.4976 0.2252 0.1345 0.1749 0.3157 0.5176 0.3617 0.1386 0.1516 0.2485 0.4754 0.4559 0.1601 0.1385 0.2012 0.3827 0.5056 0.2552 0.1344 0.1694 0.3014 0.5156 0.3807 0.1402 0.1492 0.2418 0.4640 0.4756 0.3095 0.4764 0.4629 0.2419 0.1488 0.1402 0.3818 0.5160 0.3025 0.1694 0.1344 0.2552 0.5056 0.3827 0.2012 0.1385 0.1601 0.4559 0.4754 0.2485 0.1516 0.1386 0.3617 0.5176 0.3157 0.1749 0.1345 0.2252 0.4976 0.4047 0.2111 0.1409 0.1518 0.4367 0.4946 0.2638 0.1566 0.1364 0.3287 0.5165 0.3372 0.1831 0.1352 0.1932 0.4855 0.4307 0.2233 0.1441 0.1456 0.4132 0.5064
0.2909 0.5137 0.3980 0.1433 0.1468 0.2312 0.4451 0.4779 0.1797 0.1364 0.1888 0.3500 0.5151 0.3083 0.1359 0.1604 0.2736 0.5035 0.4238 0.1484 0.1431 0.2183 0.4192 0.4917 0.2061 0.1352 0.1801 0.3277 0.5180 0.3429 0.1376 0.1550 0.2579 0.4878 0.4444 0.1547 0.1405 0.2084 0.3980 0.5005 0.2318 0.1348 0.1748 0.3145 0.5181 0.3600 0.1386 0.1532 0.2509 0.4624 0.5103 0.4615 0.2493 0.1529 0.1389 0.3581 0.5181 0.3129 0.1742 0.1348 0.2319 0.5005 0.3980 0.2084 0.1405 0.1547 0.4444 0.4878 0.2579 0.1550 0.1376 0.3429 0.5180 0.3277 0.1801 0.1352 0.2061 0.4917 0.4192 0.2183 0.1431 0.1484 0.4238 0.5035 0.2736 0.1604 0.1359 0.3083 0.5151 0.3500 0.1888 0.1364 0.1797 0.4779 0.4451 0.2312 0.1468 0.1433 0.3980 0.5137 0.2909
0.1693 0.2922 0.5140 0.3972 0.1433 0.1470 0.2317 0.4459 0.4776 0.1793 0.1365 0.1891 0.3506 0.5151 0.3073 0.1360 0.1607 0.2741 0.5040 0.4232 0.1483 0.1433 0.2188 0.4200 0.4914 0.2053 0.1353 0.1805 0.3285 0.5181 0.3416 0.1376 0.1554 0.2588 0.4891 0.4431 0.1543 0.1408 0.2095 0.4004 0.4996 0.2279 0.1350 0.1759 0.3163 0.5184 0.3523 0.1384 0.1530 0.2425 0.3669 0.2397 0.1522 0.1382 0.3532 0.5183 0.3181 0.1752 0.1349 0.2279 0.4996 0.4004 0.2095 0.1408 0.1543 0.4431 0.4891 0.2588 0.1554 0.1376 0.3416 0.5181 0.3285 0.1805 0.1353 0.2053 0.4914 0.4200 0.2188 0.1433 0.1483 0.4232 0.5040 0.2741 0.1607 0.1360 0.3073 0.5151 0.3506 0.1891 0.1365 0.1793 0.4776 0.4459 0.2317 0.1470 0.1433 0.3972 0.5140 0.2922 0.1693
0.1395 0.1664 0.2903 0.5133 0.4001 0.1438 0.1466 0.2303 0.4433 0.4792 0.1815 0.1364 0.1882 0.3482 0.5156 0.3112 0.1361 0.1601 0.2723 0.5026 0.4257 0.1490 0.1430 0.2176 0.4174 0.4927 0.2085 0.1353 0.1797 0.3265 0.5182 0.3444 0.1378 0.1550 0.2577 0.4879 0.4443 0.1547 0.1407 0.2091 0.3999 0.4997 0.2277 0.1351 0.1762 0.3194 0.5185 0.3519 0.1383 0.1495 0.1943 0.1492 0.1387 0.3519 0.5184 0.3161 0.1761 0.1349 0.2252 0.4997 0.3999 0.2091 0.1407 0.1547 0.4443 0.4879 0.2577 0.1550 0.1378 0.3444 0.5182 0.3265 0.1797 0.1353 0.2085 0.4927 0.4174 0.2176 0.1430 0.1490 0.4257 0.5026 0.2723 0.1601 0.1361 0.3112 0.5156 0.3482 0.1882 0.1364 0.1815 0.4792 0.4433 0.2303 0.1466 0.1438 0.4001 0.5133 0.2903 0.1664 0.1395
0.2816 0.1352 0.1655 0.2877 0.5122 0.4039 0.1444 0.1461 0.2285 0.4397 0.4813 0.1847 0.1362 0.1869 0.3450 0.5162 0.3163 0.1363 0.1593 0.2700 0.5006 0.4290 0.1498 0.1426 0.2160 0.4139 0.4943 0.2128 0.1352 0.1787 0.3240 0.5183 0.3481 0.1381 0.1546 0.2563 0.4862 0.4459 0.1552 0.1406 0.2086 0.3990 0.4999 0.2295 0.1350 0.1765 0.3183 0.5185 0.3605 0.1401 0.1367 0.1399 0.3586 0.5184 0.3182 0.1759 0.1350 0.2222 0.5003 0.3992 0.2086 0.1406 0.1552 0.4459 0.4862 0.2563 0.1546 0.1381 0.3481 0.5183 0.3240 0.1787 0.1352 0.2128 0.4943 0.4139 0.2160 0.1426 0.1498 0.4290 0.5006 0.2700 0.1593 0.1363 0.3163 0.5162 0.3450 0.1869 0.1362 0.1847 0.4813 0.4397 0.2285 0.1461 0.1444 0.4039 0.5122 0.2877 0.1655 0.1352 0.2816
