0.2449 0.1392 0.1776 0.3177 0.5176 0.3489 0.1421 0.1588 0.2631 0.4940 0.4327 0.1539 0.1465 0.2212 0.4243 0.4866 0.1929 0.1401 0.1898 0.3499 0.5140 0.2970 0.1398 0.1671 0.2880 0.5122 0.3960 0.1467 0.1516 0.2397 0.4600 0.4652 0.1685 0.1421 0.2010 0.3746 0.5088 0.2770 0.1396 0.1626 0.2561 0.4384 0.5136 0.4899 0.4864 0.4862 0.4862 0.4862 0.4862 0.4862 0.4862 0.4862 0.4862 0.4862 0.4862 0.4862 0.4864 0.4899 0.5136 0.4384 0.2561 0.1626 0.1396 0.2770 0.5088 0.3746 0.2010 0.1421 0.1685 0.4652 0.4600 0.2397 0.1516 0.1467 0.3960 0.5122 0.2880 0.1671 0.1398 0.2970 0.5140 0.3499 0.1898 0.1401 0.1929 0.4866 0.4243 0.2212 0.1465 0.1539 0.4327 0.4940 0.2631 0.1588 0.1421 0.3489 0.5176 0.3177 0.1776 0.1392 0.2449
0.1392 0.1750 0.3164 0.5184 0.3516 0.1380 0.1553 0.2607 0.4938 0.4348 0.1505 0.1427 0.2184 0.4230 0.4881 0.1931 0.1360 0.1867 0.3480 0.5150 0.3001 0.1356 0.1638 0.2858 0.5126 0.3985 0.1429 0.1480 0.2372 0.4595 0.4665 0.1658 0.1383 0.1990 0.3763 0.5084 0.2683 0.1350 0.1639 0.2733 0.4858 0.4787 0.3033 0.1934 0.1854 0.1851 0.1851 0.1851 0.1851 0.1851 0.1851 0.1851 0.1851 0.1851 0.1851 0.1851 0.1854 0.1934 0.3033 0.4787 0.4858 0.2733 0.1639 0.1350 0.2683 0.5084 0.3763 0.1990 0.1383 0.1658 0.4665 0.4595 0.2372 0.1480 0.1429 0.3985 0.5126 0.2858 0.1638 0.1356 0.3001 0.5150 0.3480 0.1867 0.1360 0.1931 0.4881 0.4230 0.2184 0.1427 0.1505 0.4348 0.4938 0.2607 0.1553 0.1380 0.3516 0.5184 0.3164 0.1750 0.1392
0.1776 0.3164 0.5184 0.3546 0.1383 0.1547 0.2585 0.4912 0.4381 0.1516 0.1423 0.2165 0.4190 0.4901 0.1974 0.1358 0.1854 0.3445 0.5157 0.3058 0.1358 0.1628 0.2830 0.5113 0.4027 0.1435 0.1474 0.2352 0.4560 0.4688 0.1676 0.1380 0.1981 0.3748 0.5086 0.2663 0.1350 0.1660 0.2838 0.5034 0.4460 0.1798 0.1349 0.1347 0.1351 0.1351 0.1351 0.1351 0.1351 0.1351 0.1351 0.1351 0.1351 0.1351 0.1351 0.1351 0.1351 0.1347 0.1349 0.1798 0.4460 0.5034 0.2838 0.1660 0.1350 0.2663 0.5086 0.3748 0.1981 0.1380 0.1676 0.4688 0.4560 0.2352 0.1474 0.1435 0.4027 0.5113 0.2830 0.1628 0.1358 0.3058 0.5157 0.3445 0.1854 0.1358 0.1974 0.4901 0.4190 0.2165 0.1423 0.1516 0.4381 0.4912 0.2585 0.1547 0.1383 0.3546 0.5184 0.3164 0.1776
0.3177 0.5184 0.3546 0.1384 0.1543 0.2569 0.4890 0.4408 0.1525 0.1418 0.2148 0.4151 0.4919 0.2019 0.1356 0.1840 0.3410 0.5163 0.3115 0.1359 0.1619 0.2803 0.5099 0.4067 0.1442 0.1468 0.2331 0.4523 0.4712 0.1696 0.1378 0.1969 0.3726 0.5090 0.2669 0.1350 0.1672 0.2897 0.5102 0.4233 0.1550 0.1359 0.1604 0.1835 0.1867 0.1869 0.1869 0.1869 0.1869 0.1869 0.1869 0.1869 0.1869 0.1869 0.1869 0.1869 0.1867 0.1835 0.1604 0.1359 0.1550 0.4233 0.5102 0.2897 0.1672 0.1350 0.2669 0.5090 0.3726 0.1969 0.1378 0.1696 0.4712 0.4523 0.2331 0.1468 0.1442 0.4067 0.5099 0.2803 0.1619 0.1359 0.3115 0.5163 0.3410 0.1840 0.1356 0.2019 0.4919 0.4151 0.2148 0.1418 0.1525 0.4408 0.4890 0.2569 0.1543 0.1384 0.3546 0.5184 0.3177
0.5176 0.3516 0.1383 0.1543 0.2563 0.4876 0.4428 0.1534 0.1415 0.2133 0.4116 0.4937 0.2064 0.1355 0.1827 0.3376 0.5168 0.3170 0.1362 0.1610 0.2776 0.5083 0.4107 0.1449 0.1462 0.2311 0.4486 0.4736 0.1719 0.1375 0.1957 0.3699 0.5097 0.2692 0.1350 0.1676 0.2927 0.5130 0.4089 0.1480 0.1399 0.1879 0.2790 0.3482 0.3576 0.3580 0.3580 0.3580 0.3580 0.3580 0.3580 0.3580 0.3580 0.3580 0.3580 0.3580 0.3576 0.3482 0.2790 0.1879 0.1399 0.1480 0.4089 0.5130 0.2927 0.1676 0.1350 0.2692 0.5097 0.3699 0.1957 0.1375 0.1719 0.4736 0.4486 0.2311 0.1462 0.1449 0.4107 0.5083 0.2776 0.1610 0.1362 0.3170 0.5168 0.3376 0.1827 0.1355 0.2064 0.4937 0.4116 0.2133 0.1415 0.1534 0.4428 0.4876 0.2563 0.1543 0.1383 0.3516 0.5176
0.3489 0.1380 0.1547 0.2569 0.4876 0.4435 0.1538 0.1412 0.2121 0.4086 0.4951 0.2107 0.1353 0.1815 0.3343 0.5173 0.3224 0.1364 0.1601 0.2749 0.5065 0.4146 0.1456 0.1457 0.2290 0.4447 0.4760 0.1744 0.1372 0.1943 0.3668 0.5105 0.2727 0.1350 0.1675 0.2938 0.5142 0.4005 0.1451 0.1431 0.2067 0.3511 0.5090 0.5120 0.5092 0.5091 0.5090 0.5090 0.5090 0.5090 0.5090 0.5090 0.5090 0.5090 0.5090 0.5091 0.5092 0.5120 0.5090 0.3511 0.2067 0.1431 0.1451 0.4005 0.5142 0.2938 0.1675 0.1350 0.2727 0.5105 0.3668 0.1943 0.1372 0.1744 0.4760 0.4447 0.2290 0.1457 0.1456 0.4146 0.5065 0.2749 0.1601 0.1364 0.3224 0.5173 0.3343 0.1815 0.1353 0.2107 0.4951 0.4086 0.2121 0.1412 0.1538 0.4435 0.4876 0.2569 0.1547 0.1380 0.3489
0.1421 0.1553 0.2585 0.4890 0.4428 0.1538 0.1412 0.2114 0.4066 0.4962 0.2143 0.1353 0.1804 0.3313 0.5176 0.3276 0.1366 0.1592 0.2723 0.5046 0.4184 0.1464 0.1451 0.2271 0.4408 0.4783 0.1772 0.1370 0.1929 0.3635 0.5114 0.2771 0.1351 0.1671 0.2935 0.5145 0.3963 0.1437 0.1452 0.2185 0.3947 0.5138 0.4060 0.2828 0.2630 0.2621 0.2621 0.2621 0.2621 0.2621 0.2621 0.2621 0.2621 0.2621 0.2621 0.2621 0.2630 0.2828 0.4060 0.5138 0.3947 0.2185 0.1452 0.1437 0.3963 0.5145 0.2935 0.1671 0.1351 0.2771 0.5114 0.3635 0.1929 0.1370 0.1772 0.4783 0.4408 0.2271 0.1451 0.1464 0.4184 0.5046 0.2723 0.1592 0.1366 0.3276 0.5176 0.3313 0.1804 0.1353 0.2143 0.4962 0.4066 0.2114 0.1412 0.1538 0.4428 0.4890 0.2585 0.1553 0.1421
0.1588 0.2607 0.4912 0.4408 0.1534 0.1412 0.2114 0.4059 0.4968 0.2167 0.1352 0.1796 0.3288 0.5179 0.3322 0.1369 0.1584 0.2698 0.5026 0.4220 0.1472 0.1446 0.2251 0.4370 0.4806 0.1802 0.1367 0.1916 0.3601 0.5122 0.2819 0.1352 0.1665 0.2924 0.5145 0.3948 0.1431 0.1464 0.2258 0.4203 0.5014 0.3006 0.1433 0.1344 0.1341 0.1341 0.1341 0.1341 0.1341 0.1341 0.1341 0.1341 0.1341 0.1341 0.1341 0.1341 0.1341 0.1344 0.1433 0.3006 0.5014 0.4203 0.2258 0.1464 0.1431 0.3948 0.5145 0.2924 0.1665 0.1352 0.2819 0.5122 0.3601 0.1916 0.1367 0.1802 0.4806 0.4370 0.2251 0.1446 0.1472 0.4220 0.5026 0.2698 0.1584 0.1369 0.3322 0.5179 0.3288 0.1796 0.1352 0.2167 0.4968 0.4059 0.2114 0.1412 0.1534 0.4408 0.4912 0.2607 0.1588
0.2631 0.4938 0.4381 0.1525 0.1415 0.2121 0.4066 0.4968 0.2176 0.1352 0.1790 0.3269 0.5181 0.3361 0.1371 0.1577 0.2676 0.5006 0.4254 0.1480 0.1441 0.2232 0.4331 0.4827 0.1835 0.1365 0.1902 0.3567 0.5131 0.2870 0.1353 0.1658 0.2906 0.5141 0.3953 0.1429 0.1471 0.2300 0.4349 0.4908 0.2361 0.1351 0.1450 0.1642 0.1680 0.1682 0.1682 0.1682 0.1682 0.1682 0.1682 0.1682 0.1682 0.1682 0.1682 0.1682 0.1680 0.1642 0.1450 0.1351 0.2361 0.4908 0.4349 0.2300 0.1471 0.1429 0.3953 0.5141 0.2906 0.1658 0.1353 0.2870 0.5131 0.3567 0.1902 0.1365 0.1835 0.4827 0.4331 0.2232 0.1441 0.1480 0.4254 0.5006 0.2676 0.1577 0.1371 0.3361 0.5181 0.3269 0.1790 0.1352 0.2176 0.4968 0.4066 0.2121 0.1415 0.1525 0.4381 0.4938 0.2631
0.4940 0.4348 0.1516 0.1418 0.2133 0.4086 0.4962 0.2167 0.1352 0.1788 0.3260 0.5182 0.3389 0.1373 0.1571 0.2656 0.4987 0.4286 0.1488 0.1436 0.2214 0.4293 0.4848 0.1870 0.1363 0.1888 0.3532 0.5139 0.2923 0.1354 0.1649 0.2886 0.5135 0.3970 0.1430 0.1473 0.2321 0.4429 0.4835 0.2035 0.1345 0.1612 0.2292 0.2938 0.3060 0.3066 0.3066 0.3066 0.3066 0.3066 0.3066 0.3066 0.3066 0.3066 0.3066 0.3066 0.3060 0.2938 0.2292 0.1612 0.1345 0.2035 0.4835 0.4429 0.2321 0.1473 0.1430 0.3970 0.5135 0.2886 0.1649 0.1354 0.2923 0.5139 0.3532 0.1888 0.1363 0.1870 0.4848 0.4293 0.2214 0.1436 0.1488 0.4286 0.4987 0.2656 0.1571 0.1373 0.3389 0.5182 0.3260 0.1788 0.1352 0.2167 0.4962 0.4086 0.2133 0.1418 0.1516 0.4348 0.4940
0.4327 0.1505 0.1423 0.2148 0.4116 0.4951 0.2143 0.1352 0.1790 0.3260 0.5182 0.3404 0.1374 0.1566 0.2641 0.4969 0.4312 0.1496 0.1432 0.2198 0.4257 0.4868 0.1906 0.1361 0.1875 0.3498 0.5146 0.2977 0.1355 0.1641 0.2863 0.5126 0.3995 0.1432 0.1473 0.2328 0.4468 0.4791 0.1882 0.1352 0.1729 0.2786 0.4472 0.5152 0.5167 0.5167 0.5167 0.5167 0.5167 0.5167 0.5167 0.5167 0.5167 0.5167 0.5167 0.5167 0.5167 0.5152 0.4472 0.2786 0.1729 0.1352 0.1882 0.4791 0.4468 0.2328 0.1473 0.1432 0.3995 0.5126 0.2863 0.1641 0.1355 0.2977 0.5146 0.3498 0.1875 0.1361 0.1906 0.4868 0.4257 0.2198 0.1432 0.1496 0.4312 0.4969 0.2641 0.1566 0.1374 0.3404 0.5182 0.3260 0.1790 0.1352 0.2143 0.4951 0.4116 0.2148 0.1423 0.1505 0.4327
0.1539 0.1427 0.2165 0.4151 0.4937 0.2107 0.1353 0.1796 0.3269 0.5182 0.3404 0.1374 0.1564 0.2631 0.4957 0.4332 0.1503 0.1428 0.2183 0.4224 0.4885 0.1943 0.1359 0.1862 0.3465 0.5153 0.3031 0.1357 0.1632 0.2839 0.5116 0.4025 0.1436 0.1470 0.2326 0.4481 0.4769 0.1812 0.1358 0.1806 0.3101 0.5077 0.4733 0.3729 0.3478 0.3466 0.3465 0.3465 0.3465 0.3465 0.3465 0.3465 0.3465 0.3465 0.3465 0.3466 0.3478 0.3729 0.4733 0.5077 0.3101 0.1806 0.1358 0.1812 0.4769 0.4481 0.2326 0.1470 0.1436 0.4025 0.5116 0.2839 0.1632 0.1357 0.3031 0.5153 0.3465 0.1862 0.1359 0.1943 0.4885 0.4224 0.2183 0.1428 0.1503 0.4332 0.4957 0.2631 0.1564 0.1374 0.3404 0.5182 0.3269 0.1796 0.1353 0.2107 0.4937 0.4151 0.2165 0.1427 0.1539
0.1465 0.2184 0.4190 0.4919 0.2064 0.1353 0.1804 0.3288 0.5181 0.3389 0.1374 0.1564 0.2628 0.4950 0.4346 0.1508 0.1425 0.2171 0.4196 0.4900 0.1978 0.1357 0.1850 0.3433 0.5159 0.3083 0.1358 0.1623 0.2814 0.5104 0.4058 0.1441 0.1467 0.2319 0.4478 0.4761 0.1782 0.1363 0.1854 0.3298 0.5175 0.4124 0.1719 0.1389 0.1371 0.1370 0.1370 0.1370 0.1370 0.1370 0.1370 0.1370 0.1370 0.1370 0.1370 0.1370 0.1371 0.1389 0.1719 0.4124 0.5175 0.3298 0.1854 0.1363 0.1782 0.4761 0.4478 0.2319 0.1467 0.1441 0.4058 0.5104 0.2814 0.1623 0.1358 0.3083 0.5159 0.3433 0.1850 0.1357 0.1978 0.4900 0.4196 0.2171 0.1425 0.1508 0.4346 0.4950 0.2628 0.1564 0.1374 0.3389 0.5181 0.3288 0.1804 0.1353 0.2064 0.4919 0.4190 0.2184 0.1465
0.2212 0.4230 0.4901 0.2019 0.1355 0.1815 0.3313 0.5179 0.3361 0.1373 0.1566 0.2631 0.4950 0.4350 0.1510 0.1423 0.2163 0.4174 0.4912 0.2010 0.1356 0.1839 0.3404 0.5164 0.3132 0.1360 0.1615 0.2789 0.5090 0.4093 0.1447 0.1463 0.2307 0.4463 0.4764 0.1773 0.1366 0.1882 0.3417 0.5177 0.3675 0.1450 0.1363 0.1499 0.1539 0.1541 0.1541 0.1541 0.1541 0.1541 0.1541 0.1541 0.1541 0.1541 0.1541 0.1541 0.1539 0.1499 0.1363 0.1450 0.3675 0.5177 0.3417 0.1882 0.1366 0.1773 0.4764 0.4463 0.2307 0.1463 0.1447 0.4093 0.5090 0.2789 0.1615 0.1360 0.3132 0.5164 0.3404 0.1839 0.1356 0.2010 0.4912 0.4174 0.2163 0.1423 0.1510 0.4350 0.4950 0.2631 0.1566 0.1373 0.3361 0.5179 0.3313 0.1815 0.1355 0.2019 0.4901 0.4230 0.2212
0.4243 0.4881 0.1974 0.1356 0.1827 0.3343 0.5176 0.3322 0.1371 0.1571 0.2641 0.4957 0.4346 0.1510 0.1423 0.2158 0.4160 0.4921 0.2034 0.1355 0.1830 0.3379 0.5168 0.3178 0.1362 0.1607 0.2766 0.5076 0.4127 0.1453 0.1458 0.2292 0.4440 0.4773 0.1777 0.1367 0.1896 0.3485 0.5164 0.3382 0.1392 0.1444 0.1921 0.2485 0.2629 0.2636 0.2636 0.2636 0.2636 0.2636 0.2636 0.2636 0.2636 0.2636 0.2636 0.2636 0.2629 0.2485 0.1921 0.1444 0.1392 0.3382 0.5164 0.3485 0.1896 0.1367 0.1777 0.4773 0.4440 0.2292 0.1458 0.1453 0.4127 0.5076 0.2766 0.1607 0.1362 0.3178 0.5168 0.3379 0.1830 0.1355 0.2034 0.4921 0.4160 0.2158 0.1423 0.1510 0.4346 0.4957 0.2641 0.1571 0.1371 0.3322 0.5176 0.3343 0.1827 0.1356 0.1974 0.4881 0.4243
0.4866 0.1931 0.1358 0.1840 0.3376 0.5173 0.3276 0.1369 0.1577 0.2656 0.4969 0.4332 0.1508 0.1423 0.2158 0.4155 0.4926 0.2051 0.1355 0.1824 0.3359 0.5171 0.3217 0.1364 0.1600 0.2744 0.5060 0.4160 0.1460 0.1453 0.2277 0.4413 0.4787 0.1789 0.1367 0.1900 0.3519 0.5154 0.3201 0.1372 0.1511 0.2250 0.3644 0.4830 0.5004 0.5010 0.5011 0.5011 0.5011 0.5011 0.5011 0.5011 0.5011 0.5011 0.5011 0.5010 0.5004 0.4830 0.3644 0.2250 0.1511 0.1372 0.3201 0.5154 0.3519 0.1900 0.1367 0.1789 0.4787 0.4413 0.2277 0.1453 0.1460 0.4160 0.5060 0.2744 0.1600 0.1364 0.3217 0.5171 0.3359 0.1824 0.1355 0.2051 0.4926 0.4155 0.2158 0.1423 0.1508 0.4332 0.4969 0.2656 0.1577 0.1369 0.3276 0.5173 0.3376 0.1840 0.1358 0.1931 0.4866
0.1929 0.1360 0.1854 0.3410 0.5168 0.3224 0.1366 0.1584 0.2676 0.4987 0.4312 0.1503 0.1425 0.2163 0.4160 0.4926 0.2057 0.1354 0.1819 0.3344 0.5174 0.3249 0.1365 0.1593 0.2724 0.5045 0.4191 0.1466 0.1449 0.2261 0.4383 0.4802 0.1806 0.1366 0.1899 0.3531 0.5148 0.3098 0.1363 0.1556 0.2465 0.4355 0.5099 0.4419 0.4162 0.4150 0.4150 0.4150 0.4150 0.4150 0.4150 0.4150 0.4150 0.4150 0.4150 0.4150 0.4162 0.4419 0.5099 0.4355 0.2465 0.1556 0.1363 0.3098 0.5148 0.3531 0.1899 0.1366 0.1806 0.4802 0.4383 0.2261 0.1449 0.1466 0.4191 0.5045 0.2724 0.1593 0.1365 0.3249 0.5174 0.3344 0.1819 0.1354 0.2057 0.4926 0.4160 0.2163 0.1425 0.1503 0.4312 0.4987 0.2676 0.1584 0.1366 0.3224 0.5168 0.3410 0.1854 0.1360 0.1929
0.1401 0.1867 0.3445 0.5163 0.3170 0.1364 0.1592 0.2698 0.5006 0.4286 0.1496 0.1428 0.2171 0.4174 0.4921 0.2051 0.1354 0.1818 0.3337 0.5175 0.3271 0.1367 0.1588 0.2707 0.5031 0.4218 0.1473 0.1445 0.2245 0.4352 0.4819 0.1829 0.1365 0.1894 0.3528 0.5146 0.3046 0.1360 0.1585 0.2601 0.4726 0.4818 0.2747 0.1516 0.1450 0.1448 0.1448 0.1448 0.1448 0.1448 0.1448 0.1448 0.1448 0.1448 0.1448 0.1448 0.1450 0.1516 0.2747 0.4818 0.4726 0.2601 0.1585 0.1360 0.3046 0.5146 0.3528 0.1894 0.1365 0.1829 0.4819 0.4352 0.2245 0.1445 0.1473 0.4218 0.5031 0.2707 0.1588 0.1367 0.3271 0.5175 0.3337 0.1818 0.1354 0.2051 0.4921 0.4174 0.2171 0.1428 0.1496 0.4286 0.5006 0.2698 0.1592 0.1364 0.3170 0.5163 0.3445 0.1867 0.1401
0.1898 0.3480 0.5157 0.3115 0.1362 0.1601 0.2723 0.5026 0.4254 0.1488 0.1432 0.2183 0.4196 0.4912 0.2034 0.1355 0.1819 0.3337 0.5175 0.3283 0.1367 0.1585 0.2695 0.5019 0.4241 0.1478 0.1441 0.2231 0.4323 0.4835 0.1854 0.1363 0.1887 0.3516 0.5146 0.3028 0.1358 0.1602 0.2684 0.4908 0.4578 0.1843 0.1343 0.1401 0.1436 0.1439 0.1439 0.1439 0.1439 0.1439 0.1439 0.1439 0.1439 0.1439 0.1439 0.1439 0.1436 0.1401 0.1343 0.1843 0.4578 0.4908 0.2684 0.1602 0.1358 0.3028 0.5146 0.3516 0.1887 0.1363 0.1854 0.4835 0.4323 0.2231 0.1441 0.1478 0.4241 0.5019 0.2695 0.1585 0.1367 0.3283 0.5175 0.3337 0.1819 0.1355 0.2034 0.4912 0.4196 0.2183 0.1432 0.1488 0.4254 0.5026 0.2723 0.1601 0.1362 0.3115 0.5157 0.3480 0.1898
0.3499 0.5150 0.3058 0.1359 0.1610 0.2749 0.5046 0.4220 0.1480 0.1436 0.2198 0.4224 0.4900 0.2010 0.1355 0.1824 0.3344 0.5175 0.3283 0.1368 0.1583 0.2687 0.5010 0.4258 0.1483 0.1438 0.2219 0.4296 0.4850 0.1879 0.1362 0.1879 0.3498 0.5149 0.3032 0.1358 0.1611 0.2733 0.4994 0.4409 0.1608 0.1357 0.1656 0.2119 0.2275 0.2284 0.2284 0.2284 0.2284 0.2284 0.2284 0.2284 0.2284 0.2284 0.2284 0.2284 0.2275 0.2119 0.1656 0.1357 0.1608 0.4409 0.4994 0.2733 0.1611 0.1358 0.3032 0.5149 0.3498 0.1879 0.1362 0.1879 0.4850 0.4296 0.2219 0.1438 0.1483 0.4258 0.5010 0.2687 0.1583 0.1368 0.3283 0.5175 0.3344 0.1824 0.1355 0.2010 0.4900 0.4224 0.2198 0.1436 0.1480 0.4220 0.5046 0.2749 0.1610 0.1359 0.3058 0.5150 0.3499
0.5140 0.3001 0.1358 0.1619 0.2776 0.5065 0.4184 0.1472 0.1441 0.2214 0.4257 0.4885 0.1978 0.1356 0.1830 0.3359 0.5174 0.3271 0.1367 0.1583 0.2685 0.5005 0.4268 0.1487 0.1436 0.2209 0.4274 0.4863 0.1904 0.1360 0.1870 0.3477 0.5152 0.3050 0.1358 0.1615 0.2758 0.5035 0.4300 0.1532 0.1386 0.1866 0.2931 0.4155 0.4506 0.4523 0.4523 0.4523 0.4523 0.4523 0.4523 0.4523 0.4523 0.4523 0.4523 0.4523 0.4506 0.4155 0.2931 0.1866 0.1386 0.1532 0.4300 0.5035 0.2758 0.1615 0.1358 0.3050 0.5152 0.3477 0.1870 0.1360 0.1904 0.4863 0.4274 0.2209 0.1436 0.1487 0.4268 0.5005 0.2685 0.1583 0.1367 0.3271 0.5174 0.3359 0.1830 0.1356 0.1978 0.4885 0.4257 0.2214 0.1441 0.1472 0.4184 0.5065 0.2776 0.1619 0.1358 0.3001 0.5140
0.2970 0.1356 0.1628 0.2803 0.5083 0.4146 0.1464 0.1446 0.2232 0.4293 0.4868 0.1943 0.1357 0.1839 0.3379 0.5171 0.3249 0.1367 0.1585 0.2687 0.5005 0.4272 0.1488 0.1434 0.2202 0.4257 0.4873 0.1926 0.1359 0.1862 0.3457 0.5156 0.3074 0.1359 0.1615 0.2767 0.5054 0.4235 0.1499 0.1408 0.2008 0.3474 0.5144 0.4885 0.4660 0.4647 0.4646 0.4646 0.4646 0.4646 0.4646 0.4646 0.4646 0.4646 0.4646 0.4647 0.4660 0.4885 0.5144 0.3474 0.2008 0.1408 0.1499 0.4235 0.5054 0.2767 0.1615 0.1359 0.3074 0.5156 0.3457 0.1862 0.1359 0.1926 0.4873 0.4257 0.2202 0.1434 0.1488 0.4272 0.5005 0.2687 0.1585 0.1367 0.3249 0.5171 0.3379 0.1839 0.1357 0.1943 0.4868 0.4293 0.2232 0.1446 0.1464 0.4146 0.5083 0.2803 0.1628 0.1356 0.2970
0.1398 0.1638 0.2830 0.5099 0.4107 0.1456 0.1451 0.2251 0.4331 0.4848 0.1906 0.1359 0.1850 0.3404 0.5168 0.3217 0.1365 0.1588 0.2695 0.5010 0.4268 0.1488 0.1434 0.2199 0.4246 0.4880 0.1944 0.1358 0.1855 0.3439 0.5159 0.3101 0.1360 0.1613 0.2768 0.5062 0.4200 0.1482 0.1424 0.2100 0.3811 0.5148 0.3879 0.1939 0.1632 0.1622 0.1622 0.1622 0.1622 0.1622 0.1622 0.1622 0.1622 0.1622 0.1622 0.1622 0.1632 0.1939 0.3879 0.5148 0.3811 0.2100 0.1424 0.1482 0.4200 0.5062 0.2768 0.1613 0.1360 0.3101 0.5159 0.3439 0.1855 0.1358 0.1944 0.4880 0.4246 0.2199 0.1434 0.1488 0.4268 0.5010 0.2695 0.1588 0.1365 0.3217 0.5168 0.3404 0.1850 0.1359 0.1906 0.4848 0.4331 0.2251 0.1451 0.1456 0.4107 0.5099 0.2830 0.1638 0.1398
0.1671 0.2858 0.5113 0.4067 0.1449 0.1457 0.2271 0.4370 0.4827 0.1870 0.1361 0.1862 0.3433 0.5164 0.3178 0.1364 0.1593 0.2707 0.5019 0.4258 0.1487 0.1434 0.2199 0.4242 0.4884 0.1955 0.1358 0.1850 0.3424 0.5162 0.3127 0.1361 0.1610 0.2762 0.5062 0.4186 0.1474 0.1433 0.2157 0.4017 0.5063 0.3068 0.1408 0.1348 0.1371 0.1373 0.1373 0.1373 0.1373 0.1373 0.1373 0.1373 0.1373 0.1373 0.1373 0.1373 0.1371 0.1348 0.1408 0.3068 0.5063 0.4017 0.2157 0.1433 0.1474 0.4186 0.5062 0.2762 0.1610 0.1361 0.3127 0.5162 0.3424 0.1850 0.1358 0.1955 0.4884 0.4242 0.2199 0.1434 0.1487 0.4258 0.5019 0.2707 0.1593 0.1364 0.3178 0.5164 0.3433 0.1862 0.1361 0.1870 0.4827 0.4370 0.2271 0.1457 0.1449 0.4067 0.5113 0.2858 0.1671
0.2880 0.5126 0.4027 0.1442 0.1462 0.2290 0.4408 0.4806 0.1835 0.1363 0.1875 0.3465 0.5159 0.3132 0.1362 0.1600 0.2724 0.5031 0.4241 0.1483 0.1436 0.2202 0.4246 0.4884 0.1958 0.1358 0.1847 0.3413 0.5164 0.3149 0.1361 0.1606 0.2755 0.5060 0.4184 0.1471 0.1438 0.2191 0.4141 0.4989 0.2557 0.1354 0.1478 0.1832 0.1992 0.2003 0.2003 0.2003 0.2003 0.2003 0.2003 0.2003 0.2003 0.2003 0.2003 0.2003 0.1992 0.1832 0.1478 0.1354 0.2557 0.4989 0.4141 0.2191 0.1438 0.1471 0.4184 0.5060 0.2755 0.1606 0.1361 0.3149 0.5164 0.3413 0.1847 0.1358 0.1958 0.4884 0.4246 0.2202 0.1436 0.1483 0.4241 0.5031 0.2724 0.1600 0.1362 0.3132 0.5159 0.3465 0.1875 0.1363 0.1835 0.4806 0.4408 0.2290 0.1462 0.1442 0.4027 0.5126 0.2880
0.5122 0.3985 0.1435 0.1468 0.2311 0.4447 0.4783 0.1802 0.1365 0.1888 0.3498 0.5153 0.3083 0.1360 0.1607 0.2744 0.5045 0.4218 0.1478 0.1438 0.2209 0.4257 0.4880 0.1955 0.1358 0.1845 0.3407 0.5165 0.3165 0.1362 0.1603 0.2746 0.5055 0.4188 0.1470 0.1441 0.2210 0.4214 0.4937 0.2265 0.1346 0.1605 0.2382 0.3449 0.3886 0.3915 0.3916 0.3916 0.3916 0.3916 0.3916 0.3916 0.3916 0.3916 0.3916 0.3915 0.3886 0.3449 0.2382 0.1605 0.1346 0.2265 0.4937 0.4214 0.2210 0.1441 0.1470 0.4188 0.5055 0.2746 0.1603 0.1362 0.3165 0.5165 0.3407 0.1845 0.1358 0.1955 0.4880 0.4257 0.2209 0.1438 0.1478 0.4218 0.5045 0.2744 0.1607 0.1360 0.3083 0.5153 0.3498 0.1888 0.1365 0.1802 0.4783 0.4447 0.2311 0.1468 0.1435 0.3985 0.5122
0.3960 0.1429 0.1474 0.2331 0.4486 0.4760 0.1772 0.1367 0.1902 0.3532 0.5146 0.3031 0.1358 0.1615 0.2766 0.5060 0.4191 0.1473 0.1441 0.2219 0.4274 0.4873 0.1944 0.1358 0.1847 0.3407 0.5166 0.3174 0.1363 0.1601 0.2739 0.5050 0.4195 0.1471 0.1442 0.2220 0.4254 0.4904 0.2105 0.1348 0.1695 0.2762 0.4621 0.5135 0.4987 0.4974 0.4974 0.4974 0.4974 0.4974 0.4974 0.4974 0.4974 0.4974 0.4974 0.4974 0.4987 0.5135 0.4621 0.2762 0.1695 0.1348 0.2105 0.4904 0.4254 0.2220 0.1442 0.1471 0.4195 0.5050 0.2739 0.1601 0.1363 0.3174 0.5166 0.3407 0.1847 0.1358 0.1944 0.4873 0.4274 0.2219 0.1441 0.1473 0.4191 0.5060 0.2766 0.1615 0.1358 0.3031 0.5146 0.3532 0.1902 0.1367 0.1772 0.4760 0.4486 0.2331 0.1474 0.1429 0.3960
0.1467 0.1480 0.2352 0.4523 0.4736 0.1744 0.1370 0.1916 0.3567 0.5139 0.2977 0.1357 0.1623 0.2789 0.5076 0.4160 0.1466 0.1445 0.2231 0.4296 0.4863 0.1926 0.1358 0.1850 0.3413 0.5165 0.3174 0.1363 0.1600 0.2735 0.5046 0.4202 0.1472 0.1442 0.2224 0.4275 0.4884 0.2018 0.1351 0.1754 0.3007 0.5062 0.4640 0.2970 0.2184 0.2135 0.2134 0.2134 0.2134 0.2134 0.2134 0.2134 0.2134 0.2134 0.2134 0.2135 0.2184 0.2970 0.4640 0.5062 0.3007 0.1754 0.1351 0.2018 0.4884 0.4275 0.2224 0.1442 0.1472 0.4202 0.5046 0.2735 0.1600 0.1363 0.3174 0.5165 0.3413 0.1850 0.1358 0.1926 0.4863 0.4296 0.2231 0.1445 0.1466 0.4160 0.5076 0.2789 0.1623 0.1357 0.2977 0.5139 0.3567 0.1916 0.1370 0.1744 0.4736 0.4523 0.2352 0.1480 0.1467
0.1516 0.2372 0.4560 0.4712 0.1719 0.1372 0.1929 0.3601 0.5131 0.2923 0.1355 0.1632 0.2814 0.5090 0.4127 0.1460 0.1449 0.2245 0.4323 0.4850 0.1904 0.1359 0.1855 0.3424 0.5164 0.3165 0.1363 0.1600 0.2733 0.5044 0.4207 0.1473 0.1442 0.2224 0.4285 0.4873 0.1971 0.1354 0.1793 0.3164 0.5163 0.4160 0.1639 0.1347 0.1341 0.1342 0.1342 0.1342 0.1342 0.1342 0.1342 0.1342 0.1342 0.1342 0.1342 0.1342 0.1341 0.1347 0.1639 0.4160 0.5163 0.3164 0.1793 0.1354 0.1971 0.4873 0.4285 0.2224 0.1442 0.1473 0.4207 0.5044 0.2733 0.1600 0.1363 0.3165 0.5164 0.3424 0.1855 0.1359 0.1904 0.4850 0.4323 0.2245 0.1449 0.1460 0.4127 0.5090 0.2814 0.1632 0.1355 0.2923 0.5131 0.3601 0.1929 0.1372 0.1719 0.4712 0.4560 0.2372 0.1516
0.2397 0.4595 0.4688 0.1696 0.1375 0.1943 0.3635 0.5122 0.2870 0.1354 0.1641 0.2839 0.5104 0.4093 0.1453 0.1453 0.2261 0.4352 0.4835 0.1879 0.1360 0.1862 0.3439 0.5162 0.3149 0.1362 0.1601 0.2735 0.5044 0.4209 0.1474 0.1441 0.2224 0.4288 0.4867 0.1947 0.1356 0.1817 0.3264 0.5181 0.3813 0.1458 0.1375 0.1618 0.1768 0.1781 0.1782 0.1782 0.1782 0.1782 0.1782 0.1782 0.1782 0.1782 0.1782 0.1781 0.1768 0.1618 0.1375 0.1458 0.3813 0.5181 0.3264 0.1817 0.1356 0.1947 0.4867 0.4288 0.2224 0.1441 0.1474 0.4209 0.5044 0.2735 0.1601 0.1362 0.3149 0.5162 0.3439 0.1862 0.1360 0.1879 0.4835 0.4352 0.2261 0.1453 0.1453 0.4093 0.5104 0.2839 0.1641 0.1354 0.2870 0.5122 0.3635 0.1943 0.1375 0.1696 0.4688 0.4595 0.2397
0.4600 0.4665 0.1676 0.1378 0.1957 0.3668 0.5114 0.2819 0.1353 0.1649 0.2863 0.5116 0.4058 0.1447 0.1458 0.2277 0.4383 0.4819 0.1854 0.1362 0.1870 0.3457 0.5159 0.3127 0.1361 0.1603 0.2739 0.5046 0.4207 0.1474 0.1441 0.2224 0.4288 0.4865 0.1934 0.1357 0.1832 0.3326 0.5180 0.3580 0.1407 0.1441 0.1978 0.2843 0.3302 0.3341 0.3343 0.3343 0.3343 0.3343 0.3343 0.3343 0.3343 0.3343 0.3343 0.3341 0.3302 0.2843 0.1978 0.1441 0.1407 0.3580 0.5180 0.3326 0.1832 0.1357 0.1934 0.4865 0.4288 0.2224 0.1441 0.1474 0.4207 0.5046 0.2739 0.1603 0.1361 0.3127 0.5159 0.3457 0.1870 0.1362 0.1854 0.4819 0.4383 0.2277 0.1458 0.1447 0.4058 0.5116 0.2863 0.1649 0.1353 0.2819 0.5114 0.3668 0.1957 0.1378 0.1676 0.4665 0.4600
0.4652 0.1658 0.1380 0.1969 0.3699 0.5105 0.2771 0.1352 0.1658 0.2886 0.5126 0.4025 0.1441 0.1463 0.2292 0.4413 0.4802 0.1829 0.1363 0.1879 0.3477 0.5156 0.3101 0.1361 0.1606 0.2746 0.5050 0.4202 0.1473 0.1441 0.2224 0.4288 0.4864 0.1929 0.1358 0.1840 0.3363 0.5176 0.3429 0.1385 0.1492 0.2235 0.3769 0.5119 0.5153 0.5146 0.5146 0.5146 0.5146 0.5146 0.5146 0.5146 0.5146 0.5146 0.5146 0.5146 0.5153 0.5119 0.3769 0.2235 0.1492 0.1385 0.3429 0.5176 0.3363 0.1840 0.1358 0.1929 0.4864 0.4288 0.2224 0.1441 0.1473 0.4202 0.5050 0.2746 0.1606 0.1361 0.3101 0.5156 0.3477 0.1879 0.1363 0.1829 0.4802 0.4413 0.2292 0.1463 0.1441 0.4025 0.5126 0.2886 0.1658 0.1352 0.2771 0.5105 0.3699 0.1969 0.1380 0.1658 0.4652
0.1685 0.1383 0.1981 0.3726 0.5097 0.2727 0.1351 0.1665 0.2906 0.5135 0.3995 0.1436 0.1467 0.2307 0.4440 0.4787 0.1806 0.1365 0.1887 0.3498 0.5152 0.3074 0.1360 0.1610 0.2755 0.5055 0.4195 0.1472 0.1442 0.2224 0.4288 0.4864 0.1927 0.1358 0.1844 0.3384 0.5172 0.3335 0.1375 0.1528 0.2403 0.4319 0.5066 0.3955 0.3120 0.3038 0.3035 0.3035 0.3035 0.3035 0.3035 0.3035 0.3035 0.3035 0.3035 0.3038 0.3120 0.3955 0.5066 0.4319 0.2403 0.1528 0.1375 0.3335 0.5172 0.3383 0.1844 0.1358 0.1927 0.4864 0.4288 0.2224 0.1442 0.1472 0.4195 0.5055 0.2755 0.1610 0.1360 0.3074 0.5152 0.3498 0.1887 0.1365 0.1806 0.4787 0.4440 0.2307 0.1467 0.1436 0.3995 0.5135 0.2906 0.1665 0.1351 0.2727 0.5097 0.3726 0.1981 0.1383 0.1685
0.1421 0.1990 0.3749 0.5090 0.2692 0.1351 0.1671 0.2924 0.5141 0.3970 0.1432 0.1470 0.2319 0.4463 0.4773 0.1789 0.1366 0.1894 0.3516 0.5149 0.3050 0.1359 0.1613 0.2762 0.5060 0.4188 0.1471 0.1442 0.2225 0.4288 0.4865 0.1929 0.1358 0.1846 0.3393 0.5170 0.3282 0.1370 0.1551 0.2511 0.4624 0.4843 0.2585 0.1416 0.1353 0.1350 0.1350 0.1350 0.1350 0.1350 0.1350 0.1350 0.1350 0.1350 0.1350 0.1350 0.1353 0.1416 0.2585 0.4843 0.4624 0.2511 0.1551 0.1370 0.3282 0.5170 0.3393 0.1846 0.1358 0.1929 0.4865 0.4288 0.2224 0.1442 0.1471 0.4188 0.5060 0.2762 0.1613 0.1359 0.3050 0.5149 0.3516 0.1894 0.1366 0.1789 0.4773 0.4463 0.2319 0.1470 0.1432 0.3970 0.5141 0.2924 0.1671 0.1350 0.2692 0.5090 0.3748 0.1990 0.1421
0.2010 0.3764 0.5086 0.2668 0.1350 0.1675 0.2936 0.5145 0.3953 0.1430 0.1473 0.2326 0.4478 0.4764 0.1776 0.1367 0.1899 0.3528 0.5146 0.3032 0.1358 0.1615 0.2768 0.5062 0.4184 0.1470 0.1442 0.2224 0.4285 0.4867 0.1934 0.1358 0.1844 0.3393 0.5170 0.3257 0.1368 0.1564 0.2577 0.4786 0.4662 0.1894 0.1342 0.1461 0.1585 0.1599 0.1600 0.1600 0.1600 0.1600 0.1600 0.1600 0.1600 0.1600 0.1600 0.1599 0.1585 0.1461 0.1342 0.1894 0.4663 0.4786 0.2577 0.1564 0.1368 0.3257 0.5170 0.3393 0.1844 0.1358 0.1934 0.4867 0.4285 0.2224 0.1442 0.1470 0.4184 0.5062 0.2768 0.1615 0.1358 0.3032 0.5146 0.3528 0.1899 0.1367 0.1777 0.4764 0.4478 0.2326 0.1473 0.1430 0.3953 0.5145 0.2935 0.1675 0.1350 0.2669 0.5086 0.3763 0.2010
0.3747 0.5084 0.2661 0.1350 0.1676 0.2938 0.5146 0.3948 0.1429 0.1473 0.2329 0.4482 0.4761 0.1772 0.1367 0.1901 0.3531 0.5146 0.3027 0.1358 0.1615 0.2768 0.5062 0.4185 0.1471 0.1441 0.2220 0.4276 0.4872 0.1946 0.1357 0.1840 0.3384 0.5170 0.3257 0.1367 0.1571 0.2613 0.4868 0.4541 0.1674 0.1354 0.1677 0.2327 0.2749 0.2794 0.2796 0.2796 0.2796 0.2796 0.2796 0.2796 0.2796 0.2796 0.2796 0.2794 0.2748 0.2326 0.1677 0.1354 0.1675 0.4542 0.4868 0.2613 0.1571 0.1367 0.3257 0.5170 0.3383 0.1840 0.1357 0.1947 0.4873 0.4275 0.2220 0.1441 0.1471 0.4186 0.5062 0.2767 0.1615 0.1358 0.3028 0.5146 0.3531 0.1900 0.1367 0.1773 0.4761 0.4481 0.2328 0.1473 0.1429 0.3948 0.5145 0.2938 0.1676 0.1350 0.2663 0.5084 0.3746
0.5087 0.2679 0.1350 0.1672 0.2929 0.5142 0.3960 0.1430 0.1471 0.2322 0.4470 0.4768 0.1781 0.1366 0.1896 0.3521 0.5147 0.3044 0.1358 0.1612 0.2758 0.5055 0.4199 0.1474 0.1439 0.2211 0.4256 0.4883 0.1970 0.1356 0.1832 0.3364 0.5172 0.3280 0.1368 0.1571 0.2625 0.4903 0.4473 0.1600 0.1373 0.1833 0.2957 0.4516 0.5065 0.5092 0.5093 0.5093 0.5093 0.5093 0.5093 0.5093 0.5093 0.5093 0.5092 0.5092 0.5065 0.4514 0.2956 0.1832 0.1372 0.1600 0.4474 0.4902 0.2624 0.1571 0.1368 0.3282 0.5172 0.3363 0.1832 0.1356 0.1971 0.4884 0.4254 0.2210 0.1438 0.1474 0.4200 0.5054 0.2758 0.1611 0.1358 0.3046 0.5148 0.3519 0.1896 0.1366 0.1782 0.4769 0.4468 0.2321 0.1471 0.1431 0.3963 0.5142 0.2927 0.1672 0.1350 0.2683 0.5088
0.2762 0.1350 0.1662 0.2901 0.5132 0.4000 0.1436 0.1465 0.2302 0.4433 0.4789 0.1809 0.1363 0.1883 0.3489 0.5153 0.3092 0.1359 0.1603 0.2735 0.5037 0.4232 0.1481 0.1434 0.2193 0.4217 0.4902 0.2014 0.1354 0.1818 0.3329 0.5176 0.3332 0.1370 0.1565 0.2615 0.4904 0.4449 0.1572 0.1385 0.1927 0.3342 0.5139 0.4732 0.4122 0.4044 0.4042 0.4042 0.4042 0.4043 0.4043 0.4044 0.4045 0.4045 0.4045 0.4048 0.4126 0.4734 0.5138 0.3339 0.1925 0.1384 0.1573 0.4452 0.4902 0.2613 0.1564 0.1370 0.3335 0.5176 0.3326 0.1817 0.1354 0.2018 0.4904 0.4214 0.2191 0.1433 0.1482 0.4235 0.5035 0.2733 0.1602 0.1360 0.3098 0.5154 0.3485 0.1882 0.1363 0.1812 0.4791 0.4429 0.2300 0.1464 0.1437 0.4005 0.5130 0.2897 0.1660 0.1350 0.2770
0.1395 0.1642 0.2846 0.5107 0.4078 0.1449 0.1453 0.2264 0.4359 0.4830 0.1873 0.1359 0.1857 0.3426 0.5163 0.3189 0.1363 0.1587 0.2690 0.4999 0.4293 0.1497 0.1425 0.2161 0.4149 0.4934 0.2095 0.1351 0.1796 0.3270 0.5180 0.3420 0.1375 0.1552 0.2582 0.4873 0.4468 0.1571 0.1389 0.1972 0.3547 0.5173 0.3997 0.1776 0.1462 0.1448 0.1448 0.1448 0.1448 0.1448 0.1448 0.1448 0.1449 0.1449 0.1449 0.1450 0.1464 0.1784 0.4006 0.5174 0.3540 0.1969 0.1388 0.1573 0.4474 0.4868 0.2577 0.1551 0.1375 0.3429 0.5180 0.3264 0.1793 0.1351 0.2105 0.4937 0.4141 0.2157 0.1424 0.1499 0.4300 0.4994 0.2684 0.1585 0.1363 0.3201 0.5164 0.3417 0.1854 0.1358 0.1882 0.4835 0.4349 0.2258 0.1452 0.1451 0.4089 0.5102 0.2838 0.1639 0.1396
0.1632 0.2752 0.5048 0.4208 0.1475 0.1434 0.2198 0.4227 0.4897 0.2007 0.1353 0.1814 0.3317 0.5176 0.3354 0.1370 0.1561 0.2613 0.4922 0.4393 0.1527 0.1411 0.2108 0.4035 0.4982 0.2241 0.1348 0.1760 0.3178 0.5182 0.3559 0.1384 0.1531 0.2521 0.4799 0.4530 0.1594 0.1386 0.1975 0.3617 0.5154 0.3529 0.1445 0.1348 0.1403 0.1411 0.1411 0.1411 0.1411 0.1411 0.1410 0.1410 0.1409 0.1409 0.1409 0.1408 0.1400 0.1347 0.1449 0.3551 0.5157 0.3603 0.1969 0.1384 0.1600 0.4542 0.4786 0.2511 0.1528 0.1385 0.3580 0.5181 0.3164 0.1754 0.1348 0.2265 0.4989 0.4017 0.2100 0.1408 0.1532 0.4409 0.4908 0.2601 0.1556 0.1372 0.3382 0.5177 0.3298 0.1806 0.1352 0.2035 0.4908 0.4203 0.2185 0.1431 0.1480 0.4233 0.5034 0.2733 0.1626
0.2601 0.4906 0.4409 0.1531 0.1406 0.2093 0.4004 0.4993 0.2283 0.1346 0.1746 0.3144 0.5179 0.3614 0.1387 0.1520 0.2493 0.4768 0.4544 0.1590 0.1390 0.2027 0.3852 0.5050 0.2497 0.1346 0.1707 0.3038 0.5169 0.3769 0.1402 0.1499 0.2424 0.4658 0.4639 0.1656 0.1375 0.1939 0.3572 0.5152 0.3357 0.1394 0.1416 0.1764 0.2027 0.2057 0.2057 0.2055 0.2052 0.2049 0.2046 0.2043 0.2040 0.2037 0.2035 0.2032 0.2001 0.1748 0.1410 0.1399 0.3404 0.5157 0.3540 0.1925 0.1372 0.1675 0.4663 0.4624 0.2403 0.1492 0.1407 0.3813 0.5163 0.3007 0.1695 0.1346 0.2557 0.5063 0.3811 0.2008 0.1386 0.1608 0.4578 0.4726 0.2465 0.1511 0.1392 0.3675 0.5175 0.3101 0.1729 0.1345 0.2361 0.5014 0.3947 0.2067 0.1399 0.1550 0.4460 0.4858 0.2561
0.4542 0.4692 0.1690 0.1370 0.1936 0.3645 0.5109 0.2806 0.1347 0.1646 0.2878 0.5123 0.3999 0.1430 0.1463 0.2311 0.4468 0.4756 0.1755 0.1365 0.1906 0.3567 0.5129 0.2925 0.1350 0.1629 0.2828 0.5101 0.4070 0.1442 0.1454 0.2279 0.4405 0.4797 0.1819 0.1359 0.1861 0.3408 0.5169 0.3448 0.1390 0.1452 0.2025 0.2985 0.3575 0.3632 0.3628 0.3618 0.3605 0.3590 0.3574 0.3558 0.3543 0.3529 0.3518 0.3507 0.3444 0.2892 0.1983 0.1438 0.1399 0.3551 0.5174 0.3339 0.1832 0.1354 0.1894 0.4843 0.4319 0.2235 0.1441 0.1458 0.4160 0.5062 0.2762 0.1605 0.1354 0.3068 0.5148 0.3474 0.1866 0.1357 0.1843 0.4818 0.4355 0.2250 0.1444 0.1450 0.4124 0.5077 0.2786 0.1612 0.1351 0.3006 0.5138 0.3511 0.1879 0.1359 0.1798 0.4787 0.4384
0.5027 0.2410 0.1342 0.1714 0.3086 0.5171 0.3652 0.1385 0.1511 0.2486 0.4779 0.4515 0.1566 0.1391 0.2047 0.3928 0.5011 0.2338 0.1343 0.1734 0.3135 0.5175 0.3583 0.1380 0.1524 0.2522 0.4825 0.4477 0.1550 0.1397 0.2071 0.3974 0.4997 0.2295 0.1344 0.1735 0.3106 0.5170 0.3797 0.1417 0.1437 0.2074 0.3447 0.4937 0.5150 0.5153 0.5152 0.5149 0.5146 0.5140 0.5133 0.5123 0.5113 0.5102 0.5093 0.5084 0.5060 0.4687 0.3237 0.1983 0.1410 0.1449 0.4005 0.5138 0.2956 0.1677 0.1342 0.2585 0.5066 0.3769 0.1978 0.1375 0.1639 0.4640 0.4621 0.2382 0.1478 0.1408 0.3879 0.5144 0.2931 0.1656 0.1343 0.2747 0.5099 0.3644 0.1921 0.1363 0.1719 0.4733 0.4472 0.2292 0.1450 0.1433 0.4060 0.5090 0.2790 0.1604 0.1349 0.3033 0.5136
0.4078 0.1432 0.1448 0.2296 0.4506 0.4695 0.1673 0.1367 0.1951 0.3742 0.5061 0.2533 0.1341 0.1694 0.3058 0.5168 0.3637 0.1381 0.1513 0.2511 0.4834 0.4446 0.1532 0.1398 0.2093 0.4059 0.4947 0.2116 0.1345 0.1784 0.3289 0.5167 0.3314 0.1361 0.1559 0.2631 0.4939 0.4386 0.1538 0.1381 0.1925 0.3321 0.5089 0.4951 0.4731 0.4734 0.4758 0.4798 0.4854 0.4898 0.4961 0.5002 0.5050 0.5072 0.5089 0.5100 0.5115 0.5148 0.4684 0.2890 0.1747 0.1347 0.1784 0.4734 0.4514 0.2326 0.1461 0.1416 0.3955 0.5119 0.2843 0.1618 0.1347 0.2970 0.5135 0.3449 0.1832 0.1348 0.1939 0.4885 0.4155 0.2119 0.1401 0.1516 0.4419 0.4830 0.2485 0.1499 0.1389 0.3729 0.5152 0.2938 0.1642 0.1344 0.2828 0.5120 0.3482 0.1835 0.1347 0.1934 0.4899
0.3420 0.1365 0.1550 0.2663 0.5031 0.4121 0.1442 0.1442 0.2294 0.4536 0.4646 0.1623 0.1373 0.1997 0.3890 0.4991 0.2210 0.1341 0.1763 0.3279 0.5158 0.3180 0.1354 0.1584 0.2758 0.5086 0.4023 0.1424 0.1456 0.2332 0.4582 0.4636 0.1626 0.1372 0.1976 0.3790 0.5053 0.2588 0.1341 0.1611 0.2653 0.4669 0.4997 0.4385 0.4270 0.4321 0.4410 0.4501 0.4625 0.4735 0.4836 0.4920 0.4978 0.5034 0.5059 0.5074 0.5088 0.5120 0.5048 0.3436 0.2000 0.1400 0.1464 0.4127 0.5064 0.2748 0.1585 0.1353 0.3120 0.5153 0.3302 0.1768 0.1341 0.2184 0.4987 0.3886 0.1992 0.1371 0.1632 0.4660 0.4506 0.2275 0.1436 0.1450 0.4162 0.5004 0.2629 0.1539 0.1371 0.3478 0.5167 0.3060 0.1680 0.1341 0.2630 0.5092 0.3576 0.1867 0.1351 0.1854 0.4864
0.3269 0.1358 0.1576 0.2747 0.5088 0.3978 0.1419 0.1464 0.2376 0.4687 0.4522 0.1555 0.1388 0.2077 0.4092 0.4895 0.1927 0.1347 0.1840 0.3504 0.5111 0.2751 0.1343 0.1657 0.2991 0.5161 0.3597 0.1379 0.1519 0.2563 0.4937 0.4273 0.1476 0.1417 0.2189 0.4297 0.4819 0.1864 0.1343 0.1753 0.3026 0.5027 0.4811 0.4195 0.4149 0.4203 0.4314 0.4446 0.4586 0.4708 0.4815 0.4902 0.4976 0.5029 0.5049 0.5073 0.5089 0.5116 0.5072 0.3493 0.2030 0.1408 0.1450 0.4049 0.5091 0.2794 0.1599 0.1350 0.3038 0.5146 0.3341 0.1781 0.1342 0.2135 0.4974 0.3915 0.2003 0.1373 0.1622 0.4647 0.4523 0.2284 0.1439 0.1448 0.4150 0.5010 0.2636 0.1541 0.1370 0.3466 0.5167 0.3066 0.1682 0.1341 0.2621 0.5091 0.3580 0.1869 0.1351 0.1851 0.4862
0.3333 0.1361 0.1565 0.2715 0.5069 0.4028 0.1427 0.1456 0.2350 0.4643 0.4557 0.1571 0.1384 0.2057 0.4046 0.4916 0.1975 0.1346 0.1826 0.3465 0.5121 0.2811 0.1344 0.1647 0.2963 0.5158 0.3638 0.1383 0.1513 0.2545 0.4917 0.4295 0.1482 0.1415 0.2179 0.4279 0.4828 0.1876 0.1343 0.1749 0.3015 0.5018 0.4825 0.4258 0.4214 0.4255 0.4327 0.4480 0.4591 0.4727 0.4826 0.4923 0.4975 0.5028 0.5061 0.5076 0.5082 0.5118 0.5067 0.3497 0.2031 0.1408 0.1449 0.4046 0.5092 0.2796 0.1600 0.1350 0.3035 0.5146 0.3343 0.1782 0.1342 0.2134 0.4974 0.3916 0.2003 0.1373 0.1622 0.4646 0.4523 0.2284 0.1439 0.1448 0.4150 0.5011 0.2636 0.1541 0.1370 0.3465 0.5167 0.3066 0.1682 0.1341 0.2621 0.5090 0.3580 0.1869 0.1351 0.1851 0.4862
0.3542 0.1373 0.1532 0.2609 0.4987 0.4188 0.1455 0.1434 0.2265 0.4488 0.4670 0.1638 0.1371 0.1989 0.3883 0.4987 0.2177 0.1342 0.1773 0.3320 0.5149 0.3050 0.1350 0.1607 0.2842 0.5129 0.3832 0.1401 0.1485 0.2447 0.4791 0.4434 0.1524 0.1397 0.2103 0.4114 0.4910 0.2054 0.1339 0.1702 0.2893 0.4922 0.4902 0.4364 0.4337 0.4394 0.4442 0.4531 0.4642 0.4748 0.4841 0.4929 0.4983 0.5028 0.5065 0.5079 0.5087 0.5114 0.5072 0.3498 0.2031 0.1408 0.1449 0.4046 0.5092 0.2796 0.1600 0.1350 0.3035 0.5146 0.3343 0.1782 0.1342 0.2134 0.4974 0.3916 0.2003 0.1373 0.1622 0.4646 0.4523 0.2284 0.1439 0.1448 0.4150 0.5011 0.2636 0.1541 0.1370 0.3465 0.5167 0.3066 0.1682 0.1341 0.2621 0.5090 0.3580 0.1869 0.1351 0.1851 0.4862
0.3813 0.1397 0.1491 0.2471 0.4828 0.4391 0.1506 0.1406 0.2153 0.4261 0.4808 0.1775 0.1356 0.1901 0.3663 0.5066 0.2497 0.1340 0.1705 0.3130 0.5167 0.3365 0.1364 0.1556 0.2685 0.5049 0.4076 0.1435 0.1449 0.2321 0.4587 0.4606 0.1601 0.1376 0.2006 0.3887 0.5006 0.2356 0.1339 0.1641 0.2733 0.4748 0.4995 0.4538 0.4484 0.4536 0.4566 0.4651 0.4715 0.4801 0.4877 0.4943 0.4993 0.5036 0.5067 0.5088 0.5093 0.5114 0.5075 0.3499 0.2031 0.1408 0.1449 0.4046 0.5092 0.2796 0.1600 0.1350 0.3035 0.5146 0.3343 0.1782 0.1342 0.2134 0.4974 0.3916 0.2003 0.1373 0.1622 0.4646 0.4523 0.2284 0.1439 0.1448 0.4150 0.5011 0.2636 0.1541 0.1370 0.3465 0.5167 0.3066 0.1682 0.1341 0.2621 0.5090 0.3580 0.1869 0.1351 0.1851 0.4862
0.4078 0.1432 0.1452 0.2332 0.4611 0.4582 0.1584 0.1381 0.2043 0.4011 0.4933 0.2014 0.1345 0.1815 0.3435 0.5128 0.2862 0.1345 0.1639 0.2938 0.5153 0.3679 0.1386 0.1508 0.2528 0.4901 0.4310 0.1483 0.1416 0.2195 0.4345 0.4764 0.1729 0.1358 0.1910 0.3650 0.5085 0.2715 0.1344 0.1582 0.2573 0.4522 0.5073 0.4704 0.4655 0.4670 0.4702 0.4763 0.4804 0.4856 0.4916 0.4970 0.5009 0.5044 0.5066 0.5084 0.5097 0.5117 0.5078 0.3498 0.2031 0.1408 0.1449 0.4046 0.5092 0.2796 0.1600 0.1350 0.3035 0.5146 0.3343 0.1782 0.1342 0.2134 0.4974 0.3916 0.2003 0.1373 0.1622 0.4646 0.4523 0.2284 0.1439 0.1448 0.4150 0.5011 0.2636 0.1541 0.1370 0.3465 0.5167 0.3066 0.1682 0.1341 0.2621 0.5090 0.3580 0.1869 0.1351 0.1851 0.4862
0.4304 0.1478 0.1420 0.2210 0.4379 0.4740 0.1696 0.1363 0.1946 0.3776 0.5028 0.2326 0.1341 0.1740 0.3228 0.5161 0.3201 0.1356 0.1582 0.2767 0.5097 0.3950 0.1416 0.1468 0.2389 0.4707 0.4506 0.1548 0.1391 0.2086 0.4107 0.4891 0.1928 0.1347 0.1826 0.3434 0.5137 0.3058 0.1355 0.1533 0.2431 0.4288 0.5125 0.4824 0.4786 0.4806 0.4828 0.4855 0.4890 0.4919 0.4966 0.5005 0.5032 0.5060 0.5070 0.5082 0.5094 0.5116 0.5075 0.3499 0.2031 0.1408 0.1449 0.4046 0.5092 0.2796 0.1600 0.1350 0.3035 0.5146 0.3343 0.1782 0.1342 0.2134 0.4974 0.3916 0.2003 0.1373 0.1622 0.4646 0.4523 0.2284 0.1439 0.1448 0.4150 0.5011 0.2636 0.1541 0.1370 0.3465 0.5167 0.3066 0.1682 0.1341 0.2621 0.5090 0.3580 0.1869 0.1351 0.1851 0.4862
0.4480 0.1533 0.1396 0.2110 0.4166 0.4859 0.1853 0.1351 0.1868 0.3577 0.5092 0.2630 0.1341 0.1680 0.3059 0.5167 0.3480 0.1371 0.1539 0.2629 0.5004 0.4161 0.1450 0.1437 0.2279 0.4513 0.4654 0.1627 0.1372 0.1997 0.3899 0.4983 0.2178 0.1341 0.1759 0.3253 0.5162 0.3346 0.1371 0.1494 0.2316 0.4077 0.5150 0.4934 0.4902 0.4908 0.4921 0.4934 0.4956 0.4970 0.5008 0.5032 0.5049 0.5076 0.5081 0.5086 0.5095 0.5117 0.5072 0.3498 0.2031 0.1408 0.1449 0.4046 0.5092 0.2796 0.1600 0.1350 0.3035 0.5146 0.3343 0.1782 0.1342 0.2134 0.4974 0.3916 0.2003 0.1373 0.1622 0.4646 0.4523 0.2284 0.1439 0.1448 0.4150 0.5011 0.2636 0.1541 0.1370 0.3465 0.5167 0.3066 0.1682 0.1341 0.2621 0.5090 0.3580 0.1869 0.1351 0.1851 0.4862
0.4611 0.1594 0.1379 0.2032 0.3986 0.4943 0.2043 0.1344 0.1807 0.3415 0.5132 0.2891 0.1346 0.1634 0.2925 0.5151 0.3698 0.1388 0.1505 0.2520 0.4892 0.4320 0.1486 0.1415 0.2192 0.4343 0.4762 0.1720 0.1360 0.1929 0.3729 0.5046 0.2420 0.1340 0.1708 0.3110 0.5166 0.3571 0.1388 0.1465 0.2225 0.3901 0.5153 0.5010 0.4985 0.4985 0.4991 0.4992 0.5007 0.5018 0.5038 0.5064 0.5069 0.5088 0.5093 0.5095 0.5089 0.5117 0.5073 0.3498 0.2031 0.1408 0.1449 0.4046 0.5092 0.2796 0.1600 0.1350 0.3035 0.5146 0.3343 0.1782 0.1342 0.2134 0.4974 0.3916 0.2003 0.1373 0.1622 0.4646 0.4523 0.2284 0.1439 0.1448 0.4150 0.5011 0.2636 0.1541 0.1370 0.3465 0.5167 0.3066 0.1682 0.1341 0.2621 0.5090 0.3580 0.1869 0.1351 0.1851 0.4862
0.4704 0.1657 0.1368 0.1974 0.3847 0.5001 0.2223 0.1341 0.1763 0.3293 0.5153 0.3092 0.1352 0.1601 0.2823 0.5122 0.3859 0.1404 0.1481 0.2438 0.4783 0.4436 0.1521 0.1400 0.2128 0.4205 0.4839 0.1822 0.1352 0.1879 0.3600 0.5087 0.2621 0.1341 0.1670 0.3002 0.5156 0.3737 0.1405 0.1445 0.2158 0.3764 0.5142 0.5052 0.5027 0.5030 0.5034 0.5037 0.5037 0.5050 0.5065 0.5074 0.5082 0.5086 0.5089 0.5093 0.5098 0.5117 0.5075 0.3498 0.2031 0.1408 0.1449 0.4046 0.5092 0.2796 0.1600 0.1350 0.3035 0.5146 0.3343 0.1782 0.1342 0.2134 0.4974 0.3916 0.2003 0.1373 0.1622 0.4646 0.4523 0.2284 0.1439 0.1448 0.4150 0.5011 0.2636 0.1541 0.1370 0.3465 0.5167 0.3066 0.1682 0.1341 0.2621 0.5090 0.3580 0.1869 0.1351 0.1851 0.4862
0.4767 0.1716 0.1361 0.1934 0.3746 0.5038 0.2368 0.1340 0.1731 0.3206 0.5163 0.3237 0.1357 0.1577 0.2751 0.5090 0.3971 0.1419 0.1465 0.2380 0.4693 0.4516 0.1552 0.1390 0.2082 0.4102 0.4891 0.1918 0.1348 0.1843 0.3506 0.5112 0.2771 0.1344 0.1643 0.2925 0.5141 0.3854 0.1419 0.1431 0.2110 0.3665 0.5124 0.5074 0.5059 0.5062 0.5058 0.5066 0.5064 0.5068 0.5077 0.5077 0.5086 0.5090 0.5092 0.5098 0.5101 0.5122 0.5070 0.3497 0.2031 0.1408 0.1449 0.4046 0.5092 0.2796 0.1600 0.1350 0.3035 0.5146 0.3343 0.1782 0.1342 0.2134 0.4974 0.3916 0.2003 0.1373 0.1622 0.4646 0.4523 0.2284 0.1439 0.1448 0.4150 0.5011 0.2636 0.1541 0.1370 0.3465 0.5167 0.3066 0.1682 0.1341 0.2621 0.5090 0.3580 0.1869 0.1351 0.1851 0.4862
0.4807 0.1766 0.1356 0.1907 0.3677 0.5061 0.2472 0.1340 0.1710 0.3146 0.5167 0.3335 0.1362 0.1562 0.2703 0.5061 0.4047 0.1430 0.1454 0.2341 0.4627 0.4569 0.1577 0.1383 0.2050 0.4028 0.4925 0.1997 0.1345 0.1818 0.3439 0.5128 0.2879 0.1346 0.1625 0.2871 0.5124 0.3936 0.1431 0.1421 0.2076 0.3594 0.5106 0.5100 0.5072 0.5082 0.5078 0.5083 0.5091 0.5085 0.5089 0.5078 0.5084 0.5081 0.5093 0.5099 0.5103 0.5119 0.5068 0.3495 0.2030 0.1408 0.1450 0.4049 0.5091 0.2794 0.1599 0.1350 0.3038 0.5146 0.3341 0.1781 0.1342 0.2135 0.4974 0.3915 0.2003 0.1373 0.1622 0.4647 0.4523 0.2284 0.1439 0.1448 0.4150 0.5010 0.2636 0.1541 0.1370 0.3466 0.5167 0.3066 0.1682 0.1341 0.2621 0.5091 0.3580 0.1869 0.1351 0.1851 0.4862
