0.0000 0.0000 0.0000 0.0000 0.0000 0.0000 0.0000 0.0000 0.0000 0.0000 0.0000 0.0000 0.0000 0.0000 0.0000 0.0000 0.0000 0.0000 0.0000 0.0000 0.0000 0.0000 0.0000 0.0000 0.0000 0.0000 0.0000 0.0000 0.0000 0.0000 0.0000 0.0000 0.0000 0.0000 0.0000 0.0000 0.0000 0.0000 0.0000 0.0000 0.0000 0.0000 0.0000 0.0000 0.0000 0.0000 0.0000 0.0000 0.0000 0.0000 0.0000 0.0000 0.0000 0.0000 0.0000 0.0000 0.0000 0.0000 0.0000 0.0000 0.0000 0.0000 0.0000 0.0000 0.0000 0.0000 0.0000 0.0000 0.0000 0.0000 0.0000 0.0000 0.0000 0.0000 0.0000 0.0000 0.0000 0.0000 0.0000 0.0000 0.0000 0.0000 0.0000 0.0000 0.0000 0.0000 0.0000 0.0000 0.0000 0.0000 0.0000 0.0000 0.0000 0.0000 0.0000 0.0000 0.0000 0.0000 0.0000 0.0000 0.0000
0.0000 0.6954 0.1095 0.0268 0.0056 0.0012 0.0003 0.0001 1.0000 1.0000 0.5882 0.1268 0.0273 0.0059 0.0013 0.0003 0.0001 1.0000 1.0000 0.6408 0.1381 0.0298 0.0064 0.0014 0.0003 0.0001 1.0000 1.0000 0.6981 0.1504 0.0324 0.0070 0.0015 0.0003 0.0001 0.0000 1.0000 0.7604 0.1639 0.0353 0.0076 0.0016 0.0004 0.0001 0.0000 1.0000 0.8284 0.1785 0.0385 0.0083 0.0018 0.0004 0.0001 0.0000 1.0000 0.9024 0.1945 0.0419 0.0090 0.0019 0.0004 0.0001 0.0000 1.0000 0.9830 0.2119 0.0457 0.0098 0.0021 0.0005 0.0001 0.0000 1.0000 1.0000 0.2308 0.0497 0.0107 0.0023 0.0005 0.0001 0.0000 1.0000 1.0000 0.2577 0.0562 0.0123 0.0027 0.0006 0.0001 0.0000 1.0000 1.0000 0.3608 0.0868 0.0225 0.0068 0.0029 0.0017 0.0011 0.0009 0.0000
0.0000 0.1095 0.0959 0.0376 0.0074 0.0016 0.0003 0.0001 0.0000 1.0000 0.7839 0.1689 0.0364 0.0078 0.0017 0.0004 0.0001 0.0000 1.0000 0.8540 0.1840 0.0397 0.0085 0.0018 0.0004 0.0001 0.0000 1.0000 0.9303 0.2005 0.0432 0.0093 0.0020 0.0004 0.0001 0.0000 1.0000 1.0000 0.2184 0.0471 0.0101 0.0022 0.0005 0.0001 0.0000 1.0000 1.0000 0.2379 0.0513 0.0110 0.0024 0.0005 0.0001 0.0000 1.0000 1.0000 0.2592 0.0559 0.0120 0.0026 0.0006 0.0001 0.0000 1.0000 1.0000 0.2823 0.0608 0.0131 0.0028 0.0006 0.0001 0.0000 1.0000 1.0000 0.3081 0.0665 0.0143 0.0031 0.0007 0.0001 0.0000 1.0000 1.0000 0.3306 0.0700 0.0146 0.0030 0.0006 0.0001 0.0000 1.0000 1.0000 0.2443 0.0520 0.0112 0.0026 0.0007 0.0003 0.0002 0.0001 0.0000
0.0000 0.0268 0.0376 0.0349 0.0120 0.0023 0.0005 0.0001 0.0000 1.0000 1.0000 0.2443 0.0527 0.0113 0.0024 0.0005 0.0001 0.0000 1.0000 1.0000 0.2662 0.0574 0.0124 0.0027 0.0006 0.0001 0.0000 1.0000 1.0000 0.2899 0.0625 0.0135 0.0029 0.0006 0.0001 0.0000 1.0000 1.0000 0.3158 0.0681 0.0147 0.0032 0.0007 0.0001 0.0000 1.0000 1.0000 0.3441 0.0741 0.0160 0.0034 0.0007 0.0002 0.0000 1.0000 1.0000 0.3748 0.0808 0.0174 0.0038 0.0008 0.0002 0.0000 1.0000 1.0000 0.4083 0.0880 0.0190 0.0041 0.0009 0.0002 0.0000 1.0000 1.0000 0.4465 0.0960 0.0207 0.0044 0.0009 0.0002 0.0000 1.0000 1.0000 0.3931 0.0778 0.0153 0.0030 0.0006 0.0001 0.0000 1.0000 0.9887 0.1982 0.0397 0.0078 0.0015 0.0003 0.0001 0.0000 0.0000 0.0000
0.0000 0.0056 0.0074 0.0120 0.0111 0.0036 0.0007 0.0001 0.0000 1.0000 1.0000 0.3350 0.0723 0.0156 0.0034 0.0007 0.0002 0.0000 1.0000 1.0000 0.3657 0.0788 0.0170 0.0037 0.0008 0.0002 0.0000 1.0000 1.0000 0.3983 0.0858 0.0185 0.0040 0.0009 0.0002 0.0000 1.0000 1.0000 0.4339 0.0935 0.0202 0.0043 0.0009 0.0002 0.0000 1.0000 1.0000 0.4727 0.1019 0.0220 0.0047 0.0010 0.0002 0.0000 1.0000 1.0000 0.5149 0.1110 0.0239 0.0052 0.0011 0.0002 0.0001 1.0000 1.0000 0.5609 0.1209 0.0261 0.0056 0.0012 0.0003 0.0001 1.0000 1.0000 0.6076 0.1302 0.0277 0.0058 0.0012 0.0002 0.0000 1.0000 1.0000 0.4044 0.0782 0.0151 0.0029 0.0006 0.0001 0.0000 1.0000 0.8556 0.1651 0.0317 0.0060 0.0011 0.0002 0.0000 1.0000 1.0000 0.0000
0.0000 0.0012 0.0016 0.0023 0.0036 0.0033 0.0010 0.0002 0.0000 1.0000 1.0000 0.4559 0.0983 0.0212 0.0046 0.0010 0.0002 0.0000 1.0000 1.0000 0.4967 0.1070 0.0231 0.0050 0.0011 0.0002 0.0000 1.0000 1.0000 0.5410 0.1166 0.0251 0.0054 0.0012 0.0003 0.0001 1.0000 1.0000 0.5894 0.1270 0.0274 0.0059 0.0013 0.0003 0.0001 1.0000 1.0000 0.6420 0.1384 0.0298 0.0064 0.0014 0.0003 0.0001 1.0000 1.0000 0.6994 0.1507 0.0325 0.0070 0.0015 0.0003 0.0001 0.0000 1.0000 0.7633 0.1645 0.0355 0.0076 0.0016 0.0004 0.0001 0.0000 1.0000 0.7944 0.1664 0.0343 0.0070 0.0014 0.0003 0.0001 1.0000 1.0000 0.4068 0.0779 0.0149 0.0028 0.0005 0.0001 0.0000 1.0000 0.7619 0.1429 0.0262 0.0045 0.0007 0.0001 0.0000 1.0000 0.5882 0.0000
0.0000 0.0003 0.0003 0.0005 0.0007 0.0010 0.0010 0.0003 0.0001 1.0000 1.0000 0.6169 0.1332 0.0287 0.0062 0.0013 0.0003 0.0001 1.0000 1.0000 0.6746 0.1454 0.0313 0.0068 0.0015 0.0003 0.0001 1.0000 1.0000 0.7348 0.1584 0.0341 0.0074 0.0016 0.0003 0.0001 0.0000 1.0000 0.8005 0.1725 0.0372 0.0080 0.0017 0.0004 0.0001 0.0000 1.0000 0.8720 0.1879 0.0405 0.0087 0.0019 0.0004 0.0001 0.0000 1.0000 0.9499 0.2047 0.0441 0.0095 0.0020 0.0004 0.0001 0.0000 1.0000 1.0000 0.2234 0.0482 0.0103 0.0022 0.0005 0.0001 0.0000 1.0000 0.9830 0.1993 0.0398 0.0078 0.0015 0.0003 0.0001 1.0000 1.0000 0.4414 0.0847 0.0163 0.0031 0.0006 0.0001 0.0000 1.0000 0.9093 0.1745 0.0333 0.0062 0.0012 0.0003 0.0001 0.0000 0.1052 0.0000
0.0000 0.0001 0.0001 0.0001 0.0001 0.0002 0.0003 0.0003 0.0001 0.0000 1.0000 0.8363 0.1806 0.0390 0.0084 0.0018 0.0004 0.0001 0.0000 1.0000 0.9145 0.1971 0.0425 0.0092 0.0020 0.0004 0.0001 0.0000 1.0000 0.9962 0.2147 0.0463 0.0100 0.0021 0.0005 0.0001 0.0000 1.0000 1.0000 0.2339 0.0504 0.0109 0.0023 0.0005 0.0001 0.0000 1.0000 1.0000 0.2548 0.0549 0.0118 0.0025 0.0005 0.0001 0.0000 1.0000 1.0000 0.2775 0.0598 0.0129 0.0028 0.0006 0.0001 0.0000 1.0000 1.0000 0.3006 0.0644 0.0138 0.0029 0.0006 0.0001 0.0000 1.0000 1.0000 0.2299 0.0451 0.0088 0.0017 0.0003 0.0001 1.0000 1.0000 0.5024 0.0973 0.0189 0.0037 0.0007 0.0001 0.0000 1.0000 1.0000 0.2312 0.0461 0.0101 0.0028 0.0012 0.0006 0.0029 0.0173 0.0000
0.0000 1.0000 0.0000 0.0000 0.0000 0.0000 0.0001 0.0001 0.0001 0.0000 1.0000 1.0000 0.2448 0.0529 0.0114 0.0025 0.0005 0.0001 0.0000 1.0000 1.0000 0.2677 0.0577 0.0124 0.0027 0.0006 0.0001 0.0000 1.0000 1.0000 0.2916 0.0628 0.0135 0.0029 0.0006 0.0001 0.0000 1.0000 1.0000 0.3177 0.0685 0.0148 0.0032 0.0007 0.0001 0.0000 1.0000 1.0000 0.3460 0.0746 0.0161 0.0035 0.0007 0.0002 0.0000 1.0000 1.0000 0.3777 0.0814 0.0175 0.0038 0.0008 0.0002 0.0000 1.0000 1.0000 0.3998 0.0847 0.0178 0.0037 0.0008 0.0002 0.0000 1.0000 1.0000 0.2626 0.0513 0.0100 0.0019 0.0004 0.0001 1.0000 1.0000 0.5916 0.1162 0.0228 0.0045 0.0009 0.0002 0.0000 1.0000 1.0000 0.3325 0.0770 0.0229 0.0102 0.0058 0.0032 0.0088 0.0403 0.0000
0.0000 1.0000 1.0000 1.0000 1.0000 1.0000 1.0000 0.0000 0.0000 1.0000 1.0000 1.0000 0.3331 0.0717 0.0155 0.0033 0.0007 0.0002 0.0000 1.0000 1.0000 0.3636 0.0784 0.0169 0.0036 0.0008 0.0002 0.0000 1.0000 1.0000 0.3961 0.0854 0.0184 0.0040 0.0009 0.0002 0.0000 1.0000 1.0000 0.4315 0.0930 0.0200 0.0043 0.0009 0.0002 0.0000 1.0000 1.0000 0.4700 0.1013 0.0218 0.0047 0.0010 0.0002 0.0000 1.0000 1.0000 0.5130 0.1103 0.0237 0.0051 0.0011 0.0002 0.0001 1.0000 1.0000 0.5208 0.1087 0.0225 0.0046 0.0009 0.0002 0.0000 1.0000 1.0000 0.3041 0.0595 0.0116 0.0023 0.0004 0.0001 0.0000 1.0000 0.7238 0.1440 0.0288 0.0058 0.0012 0.0002 0.0000 1.0000 1.0000 0.5663 0.1745 0.0799 0.0484 0.0345 0.0236 0.0402 0.0964 0.0000
0.0000 0.5882 0.7839 1.0000 1.0000 1.0000 1.0000 1.0000 1.0000 1.0000 1.0000 1.0000 0.4611 0.0975 0.0210 0.0045 0.0010 0.0002 0.0000 1.0000 1.0000 0.4938 0.1064 0.0229 0.0049 0.0011 0.0002 0.0000 1.0000 1.0000 0.5380 0.1159 0.0250 0.0054 0.0012 0.0003 0.0001 1.0000 1.0000 0.5860 0.1263 0.0272 0.0059 0.0013 0.0003 0.0001 1.0000 1.0000 0.6384 0.1376 0.0296 0.0064 0.0014 0.0003 0.0001 1.0000 1.0000 0.6941 0.1493 0.0320 0.0069 0.0015 0.0003 0.0001 1.0000 1.0000 0.6594 0.1355 0.0275 0.0056 0.0011 0.0002 0.0000 1.0000 1.0000 0.3581 0.0703 0.0138 0.0027 0.0005 0.0001 0.0000 1.0000 0.9128 0.1840 0.0375 0.0077 0.0016 0.0003 0.0001 0.0000 1.0000 1.0000 0.5905 0.3554 0.2490 0.1894 0.1454 0.1963 0.3601 0.0000
0.0000 0.1268 0.1689 0.2443 0.3350 0.4559 0.6169 0.8363 1.0000 1.0000 1.0000 1.0000 0.7142 0.1350 0.0285 0.0061 0.0013 0.0003 0.0001 1.0000 1.0000 0.6707 0.1445 0.0312 0.0067 0.0014 0.0003 0.0001 1.0000 1.0000 0.7307 0.1575 0.0339 0.0073 0.0016 0.0003 0.0001 0.0000 1.0000 0.7960 0.1715 0.0370 0.0080 0.0017 0.0004 0.0001 0.0000 1.0000 0.8687 0.1869 0.0403 0.0087 0.0019 0.0004 0.0001 0.0000 1.0000 0.9356 0.2009 0.0429 0.0091 0.0019 0.0004 0.0001 0.0000 1.0000 0.8190 0.1658 0.0333 0.0066 0.0013 0.0003 0.0001 1.0000 1.0000 0.4290 0.0845 0.0168 0.0033 0.0007 0.0001 0.0000 1.0000 1.0000 0.2434 0.0505 0.0106 0.0022 0.0005 0.0001 0.0000 1.0000 1.0000 1.0000 1.0000 1.0000 0.9905 0.8005 0.9737 1.0000 0.0000
0.0000 0.0273 0.0364 0.0527 0.0723 0.0983 0.1332 0.1806 0.2448 0.3331 0.4611 0.7142 0.6682 0.2090 0.0395 0.0084 0.0018 0.0004 0.0001 0.0000 1.0000 0.9110 0.1963 0.0423 0.0091 0.0020 0.0004 0.0001 0.0000 1.0000 0.9924 0.2139 0.0461 0.0099 0.0021 0.0005 0.0001 0.0000 1.0000 1.0000 0.2330 0.0502 0.0108 0.0023 0.0005 0.0001 0.0000 1.0000 1.0000 0.2543 0.0547 0.0118 0.0025 0.0005 0.0001 0.0000 1.0000 1.0000 0.2672 0.0569 0.0120 0.0025 0.0005 0.0001 0.0000 1.0000 1.0000 0.2009 0.0401 0.0080 0.0016 0.0003 0.0001 1.0000 1.0000 0.5218 0.1038 0.0207 0.0041 0.0008 0.0002 0.0000 1.0000 1.0000 0.3319 0.0703 0.0151 0.0033 0.0007 0.0002 0.0001 0.0000 0.0000 1.0000 1.0000 1.0000 1.0000 1.0000 1.0000 1.0000 0.0000
0.0000 0.0059 0.0078 0.0113 0.0156 0.0212 0.0287 0.0390 0.0529 0.0717 0.0975 0.1350 0.2090 0.1956 0.0612 0.0116 0.0024 0.0005 0.0001 0.0000 1.0000 1.0000 0.2667 0.0575 0.0124 0.0027 0.0006 0.0001 0.0000 1.0000 1.0000 0.2905 0.0626 0.0135 0.0029 0.0006 0.0001 0.0000 1.0000 1.0000 0.3164 0.0682 0.0147 0.0032 0.0007 0.0001 0.0000 1.0000 1.0000 0.3447 0.0741 0.0159 0.0034 0.0007 0.0002 0.0000 1.0000 1.0000 0.3520 0.0743 0.0155 0.0032 0.0007 0.0001 0.0000 1.0000 1.0000 0.2429 0.0483 0.0096 0.0019 0.0004 0.0001 1.0000 1.0000 0.6469 0.1297 0.0261 0.0053 0.0011 0.0002 0.0000 1.0000 1.0000 0.4664 0.1009 0.0222 0.0050 0.0013 0.0004 0.0002 0.0001 0.0001 0.0001 0.0000 0.0000 0.0000 0.0000 0.0000 0.0000 0.0000
0.0000 0.0013 0.0017 0.0024 0.0034 0.0046 0.0062 0.0084 0.0114 0.0155 0.0210 0.0285 0.0395 0.0612 0.0573 0.0179 0.0034 0.0007 0.0002 0.0000 1.0000 1.0000 0.3622 0.0781 0.0168 0.0036 0.0008 0.0002 0.0000 1.0000 1.0000 0.3946 0.0850 0.0183 0.0039 0.0009 0.0002 0.0000 1.0000 1.0000 0.4298 0.0926 0.0200 0.0043 0.0009 0.0002 0.0000 1.0000 1.0000 0.4664 0.1003 0.0215 0.0046 0.0010 0.0002 0.0000 1.0000 1.0000 0.4585 0.0955 0.0198 0.0041 0.0008 0.0002 0.0000 1.0000 1.0000 0.2944 0.0586 0.0117 0.0023 0.0005 0.0001 0.0000 1.0000 0.8159 0.1648 0.0336 0.0069 0.0014 0.0003 0.0001 1.0000 1.0000 0.6733 0.1493 0.0343 0.0088 0.0029 0.0013 0.0008 0.0005 0.0004 0.0003 0.0002 0.0001 0.0001 0.0001 0.0001 0.0001 0.0000
0.0000 0.0003 0.0004 0.0005 0.0007 0.0010 0.0013 0.0018 0.0025 0.0033 0.0045 0.0061 0.0084 0.0116 0.0179 0.0168 0.0052 0.0010 0.0002 0.0000 1.0000 1.0000 0.4920 0.1060 0.0228 0.0049 0.0011 0.0002 0.0000 1.0000 1.0000 0.5359 0.1155 0.0249 0.0054 0.0012 0.0002 0.0001 1.0000 1.0000 0.5838 0.1258 0.0272 0.0059 0.0013 0.0003 0.0001 1.0000 1.0000 0.6311 0.1352 0.0290 0.0062 0.0013 0.0003 0.0001 1.0000 1.0000 0.5860 0.1209 0.0248 0.0051 0.0010 0.0002 0.0000 1.0000 1.0000 0.3601 0.0718 0.0143 0.0029 0.0006 0.0001 0.0000 1.0000 1.0000 0.2139 0.0440 0.0091 0.0019 0.0004 0.0001 0.0000 1.0000 1.0000 0.2317 0.0604 0.0198 0.0091 0.0053 0.0035 0.0024 0.0017 0.0012 0.0009 0.0007 0.0006 0.0005 0.0005 0.0005 0.0000
0.0000 0.0001 0.0001 0.0001 0.0002 0.0002 0.0003 0.0004 0.0005 0.0007 0.0010 0.0013 0.0018 0.0024 0.0034 0.0052 0.0049 0.0015 0.0003 0.0001 1.0000 1.0000 0.6682 0.1440 0.0310 0.0067 0.0014 0.0003 0.0001 1.0000 1.0000 0.7279 0.1569 0.0338 0.0073 0.0016 0.0003 0.0001 0.0000 1.0000 0.7944 0.1712 0.0368 0.0079 0.0017 0.0004 0.0001 0.0000 1.0000 0.8491 0.1816 0.0387 0.0082 0.0017 0.0004 0.0001 0.0000 1.0000 0.7419 0.1519 0.0309 0.0063 0.0013 0.0003 0.0001 1.0000 1.0000 0.4431 0.0888 0.0178 0.0036 0.0007 0.0001 0.0000 1.0000 1.0000 0.2829 0.0588 0.0124 0.0026 0.0006 0.0001 0.0000 1.0000 1.0000 0.4091 0.1352 0.0618 0.0357 0.0232 0.0159 0.0111 0.0081 0.0060 0.0047 0.0037 0.0031 0.0026 0.0024 0.0020 0.0000
0.0000 1.0000 0.0000 0.0000 0.0000 0.0000 0.0001 0.0001 0.0001 0.0002 0.0002 0.0003 0.0004 0.0005 0.0007 0.0010 0.0015 0.0014 0.0004 0.0001 0.0000 1.0000 0.9058 0.1956 0.0422 0.0091 0.0020 0.0004 0.0001 0.0000 1.0000 0.9887 0.2131 0.0459 0.0099 0.0021 0.0005 0.0001 0.0000 1.0000 1.0000 0.2317 0.0499 0.0107 0.0023 0.0005 0.0001 0.0000 1.0000 1.0000 0.2416 0.0512 0.0108 0.0023 0.0005 0.0001 0.0000 1.0000 0.9303 0.1894 0.0383 0.0077 0.0016 0.0003 0.0001 1.0000 1.0000 0.5535 0.1114 0.0225 0.0046 0.0009 0.0002 0.0000 1.0000 1.0000 0.3798 0.0803 0.0172 0.0037 0.0008 0.0002 0.0000 1.0000 1.0000 0.9162 0.4185 0.2406 0.1557 0.1056 0.0736 0.0528 0.0389 0.0296 0.0232 0.0187 0.0155 0.0130 0.0113 0.0088 0.0000
0.0000 1.0000 1.0000 1.0000 1.0000 1.0000 1.0000 0.0000 0.0000 0.0000 0.0000 0.0001 0.0001 0.0001 0.0002 0.0002 0.0003 0.0004 0.0004 0.0001 0.0000 1.0000 1.0000 0.2651 0.0573 0.0123 0.0027 0.0006 0.0001 0.0000 1.0000 1.0000 0.2894 0.0624 0.0134 0.0029 0.0006 0.0001 0.0000 1.0000 1.0000 0.3141 0.0676 0.0145 0.0031 0.0007 0.0001 0.0000 1.0000 1.0000 0.3183 0.0672 0.0141 0.0029 0.0006 0.0001 0.0000 1.0000 1.0000 0.2352 0.0475 0.0096 0.0019 0.0004 0.0001 0.0000 1.0000 0.6954 0.1410 0.0287 0.0059 0.0012 0.0002 0.0001 1.0000 1.0000 0.5208 0.1116 0.0243 0.0054 0.0012 0.0003 0.0001 0.0000 1.0000 1.0000 1.0000 1.0000 0.7021 0.4854 0.3454 0.2524 0.1897 0.1459 0.1157 0.0939 0.0776 0.0645 0.0518 0.0387 0.0000
0.0000 0.6408 0.8540 1.0000 1.0000 1.0000 1.0000 1.0000 1.0000 1.0000 1.0000 1.0000 0.0000 0.0000 0.0000 0.0000 0.0001 0.0001 0.0001 0.0001 0.0000 1.0000 1.0000 0.3595 0.0776 0.0168 0.0036 0.0008 0.0002 0.0000 1.0000 1.0000 0.3931 0.0849 0.0183 0.0039 0.0008 0.0002 0.0000 1.0000 1.0000 0.4249 0.0912 0.0196 0.0042 0.0009 0.0002 0.0000 1.0000 1.0000 0.4169 0.0872 0.0182 0.0038 0.0008 0.0002 0.0000 1.0000 1.0000 0.2933 0.0591 0.0119 0.0024 0.0005 0.0001 0.0000 1.0000 0.8871 0.1809 0.0371 0.0076 0.0016 0.0003 0.0001 1.0000 1.0000 0.7265 0.1587 0.0352 0.0079 0.0018 0.0004 0.0001 0.0000 0.0000 1.0000 1.0000 1.0000 1.0000 1.0000 1.0000 1.0000 0.9267 0.7224 0.5750 0.4673 0.3842 0.3129 0.2348 0.1709 0.0000
0.0000 0.1381 0.1840 0.2662 0.3657 0.4967 0.6746 0.9145 1.0000 1.0000 1.0000 1.0000 1.0000 1.0000 1.0000 1.0000 1.0000 0.0000 0.0000 0.0000 0.0000 1.0000 1.0000 0.4892 0.1052 0.0227 0.0049 0.0011 0.0002 0.0000 1.0000 1.0000 0.5339 0.1151 0.0248 0.0053 0.0011 0.0002 0.0001 1.0000 1.0000 0.5739 0.1230 0.0263 0.0056 0.0012 0.0003 0.0001 1.0000 1.0000 0.5400 0.1120 0.0232 0.0048 0.0010 0.0002 0.0000 1.0000 1.0000 0.3657 0.0739 0.0149 0.0030 0.0006 0.0001 0.0000 1.0000 1.0000 0.2348 0.0485 0.0101 0.0021 0.0004 0.0001 0.0000 1.0000 1.0000 0.2303 0.0520 0.0119 0.0028 0.0008 0.0003 0.0001 0.0001 0.0000 0.0000 0.0000 1.0000 1.0000 1.0000 1.0000 1.0000 1.0000 1.0000 1.0000 1.0000 1.0000 1.0000 0.7590 0.0000
0.0000 0.0298 0.0397 0.0574 0.0788 0.1070 0.1454 0.1971 0.2677 0.3636 0.4938 0.6707 0.9110 1.0000 1.0000 1.0000 1.0000 1.0000 1.0000 1.0000 1.0000 1.0000 1.0000 0.6771 0.1432 0.0308 0.0066 0.0014 0.0003 0.0001 1.0000 1.0000 0.7251 0.1560 0.0335 0.0072 0.0016 0.0003 0.0001 0.0000 1.0000 0.7721 0.1648 0.0352 0.0075 0.0016 0.0003 0.0001 1.0000 1.0000 0.6941 0.1432 0.0295 0.0060 0.0012 0.0003 0.0001 1.0000 1.0000 0.4577 0.0928 0.0188 0.0038 0.0008 0.0002 0.0000 1.0000 1.0000 0.3081 0.0642 0.0135 0.0028 0.0006 0.0001 0.0000 1.0000 1.0000 0.3415 0.0787 0.0189 0.0050 0.0017 0.0008 0.0004 0.0003 0.0002 0.0001 0.0001 0.0001 0.0000 0.0000 0.0000 0.0000 0.0000 1.0000 1.0000 1.0000 1.0000 1.0000 1.0000 0.0000
0.0000 0.0064 0.0085 0.0124 0.0170 0.0231 0.0313 0.0425 0.0577 0.0784 0.1064 0.1445 0.1963 0.2667 0.3622 0.4920 0.6682 0.9058 1.0000 1.0000 1.0000 1.0000 1.0000 1.0000 0.1982 0.0419 0.0090 0.0019 0.0004 0.0001 0.0000 1.0000 0.9830 0.2114 0.0455 0.0098 0.0021 0.0005 0.0001 0.0000 1.0000 1.0000 0.2201 0.0467 0.0099 0.0021 0.0004 0.0001 0.0000 1.0000 0.8854 0.1820 0.0372 0.0076 0.0015 0.0003 0.0001 1.0000 1.0000 0.5794 0.1177 0.0239 0.0049 0.0010 0.0002 0.0000 1.0000 1.0000 0.4099 0.0862 0.0183 0.0039 0.0008 0.0002 0.0000 1.0000 1.0000 0.5189 0.1244 0.0335 0.0112 0.0051 0.0029 0.0019 0.0012 0.0008 0.0006 0.0004 0.0003 0.0002 0.0002 0.0001 0.0001 0.0001 0.0001 0.0000 0.0000 0.0000 0.0000 0.0000 0.0000
0.0000 0.0014 0.0018 0.0027 0.0037 0.0050 0.0068 0.0092 0.0124 0.0169 0.0229 0.0312 0.0423 0.0575 0.0781 0.1060 0.1440 0.1956 0.2651 0.3595 0.4892 0.6771 1.0000 0.9700 0.3058 0.0579 0.0123 0.0026 0.0006 0.0001 0.0000 1.0000 1.0000 0.2861 0.0615 0.0132 0.0028 0.0006 0.0001 0.0000 1.0000 1.0000 0.2916 0.0617 0.0130 0.0027 0.0006 0.0001 0.0000 1.0000 1.0000 0.2303 0.0471 0.0096 0.0020 0.0004 0.0001 0.0000 1.0000 0.7362 0.1502 0.0307 0.0063 0.0013 0.0003 0.0001 1.0000 1.0000 0.5535 0.1173 0.0251 0.0054 0.0012 0.0003 0.0001 1.0000 1.0000 0.8221 0.2217 0.0744 0.0338 0.0191 0.0122 0.0081 0.0055 0.0038 0.0027 0.0019 0.0014 0.0011 0.0008 0.0006 0.0005 0.0004 0.0003 0.0002 0.0002 0.0001 0.0001 0.0001 0.0000
0.0000 0.0003 0.0004 0.0006 0.0008 0.0011 0.0015 0.0020 0.0027 0.0036 0.0049 0.0067 0.0091 0.0124 0.0168 0.0228 0.0310 0.0422 0.0573 0.0776 0.1052 0.1432 0.1982 0.3058 0.2829 0.0892 0.0169 0.0036 0.0008 0.0002 0.0000 1.0000 1.0000 0.3879 0.0833 0.0179 0.0038 0.0008 0.0002 0.0000 1.0000 1.0000 0.3842 0.0808 0.0170 0.0035 0.0007 0.0002 0.0000 1.0000 1.0000 0.2916 0.0596 0.0121 0.0025 0.0005 0.0001 0.0000 1.0000 0.9427 0.1930 0.0397 0.0082 0.0017 0.0004 0.0001 0.0000 1.0000 0.7547 0.1623 0.0352 0.0077 0.0017 0.0004 0.0001 0.0000 1.0000 1.0000 0.4920 0.2234 0.1263 0.0799 0.0529 0.0357 0.0246 0.0173 0.0124 0.0091 0.0068 0.0051 0.0039 0.0030 0.0024 0.0019 0.0014 0.0011 0.0008 0.0006 0.0004 0.0003 0.0000
0.0000 0.0001 0.0001 0.0001 0.0002 0.0002 0.0003 0.0004 0.0006 0.0008 0.0011 0.0014 0.0020 0.0027 0.0036 0.0049 0.0067 0.0091 0.0123 0.0168 0.0227 0.0308 0.0419 0.0579 0.0892 0.0819 0.0260 0.0049 0.0010 0.0002 0.0000 1.0000 1.0000 0.5228 0.1120 0.0241 0.0051 0.0011 0.0002 0.0000 1.0000 1.0000 0.5043 0.1052 0.0219 0.0045 0.0009 0.0002 0.0000 1.0000 1.0000 0.3699 0.0753 0.0154 0.0031 0.0006 0.0001 0.0000 1.0000 1.0000 0.2504 0.0518 0.0107 0.0022 0.0005 0.0001 0.0000 1.0000 1.0000 0.2273 0.0500 0.0112 0.0025 0.0006 0.0001 0.0000 1.0000 1.0000 1.0000 0.8300 0.5248 0.3454 0.2325 0.1602 0.1122 0.0802 0.0582 0.0430 0.0324 0.0247 0.0189 0.0147 0.0114 0.0088 0.0068 0.0051 0.0037 0.0027 0.0018 0.0012 0.0000
0.0000 1.0000 0.0000 0.0000 0.0000 0.0000 0.0001 0.0001 0.0001 0.0002 0.0002 0.0003 0.0004 0.0006 0.0008 0.0011 0.0014 0.0020 0.0027 0.0036 0.0049 0.0066 0.0090 0.0123 0.0169 0.0260 0.0236 0.0075 0.0014 0.0003 0.0001 1.0000 1.0000 0.7047 0.1507 0.0322 0.0069 0.0015 0.0003 0.0001 1.0000 1.0000 0.6544 0.1360 0.0282 0.0058 0.0012 0.0002 0.0001 1.0000 1.0000 0.4691 0.0957 0.0195 0.0040 0.0008 0.0002 0.0000 1.0000 1.0000 0.3281 0.0682 0.0142 0.0030 0.0006 0.0001 0.0000 1.0000 1.0000 0.3238 0.0723 0.0164 0.0038 0.0009 0.0002 0.0001 0.0000 1.0000 1.0000 1.0000 1.0000 1.0000 1.0000 0.7251 0.5169 0.3741 0.2754 0.2051 0.1554 0.1186 0.0912 0.0704 0.0543 0.0416 0.0313 0.0232 0.0169 0.0119 0.0079 0.0056 0.0000
0.0000 1.0000 1.0000 1.0000 1.0000 1.0000 1.0000 0.0000 0.0000 0.0000 0.0000 0.0001 0.0001 0.0001 0.0002 0.0002 0.0003 0.0004 0.0006 0.0008 0.0011 0.0014 0.0019 0.0026 0.0036 0.0049 0.0075 0.0067 0.0022 0.0004 0.0001 0.0000 1.0000 0.9445 0.2016 0.0429 0.0091 0.0019 0.0004 0.0001 0.0000 1.0000 0.8459 0.1755 0.0362 0.0075 0.0015 0.0003 0.0001 1.0000 1.0000 0.5973 0.1220 0.0250 0.0051 0.0010 0.0002 0.0000 1.0000 1.0000 0.4331 0.0907 0.0191 0.0040 0.0009 0.0002 0.0000 1.0000 1.0000 0.4700 0.1068 0.0246 0.0058 0.0014 0.0004 0.0001 0.0001 0.0000 0.0000 1.0000 1.0000 1.0000 1.0000 1.0000 1.0000 1.0000 1.0000 0.9793 0.7447 0.5695 0.4372 0.3350 0.2562 0.1937 0.1440 0.1052 0.0760 0.0535 0.0353 0.0248 0.0000
0.0000 0.6981 0.9303 1.0000 1.0000 1.0000 1.0000 1.0000 1.0000 1.0000 1.0000 1.0000 0.0000 0.0000 0.0000 0.0000 0.0001 0.0001 0.0001 0.0002 0.0002 0.0003 0.0004 0.0006 0.0008 0.0010 0.0014 0.0022 0.0019 0.0006 0.0001 0.0000 1.0000 1.0000 0.2687 0.0570 0.0120 0.0025 0.0005 0.0001 0.0000 1.0000 1.0000 0.2251 0.0464 0.0095 0.0020 0.0004 0.0001 0.0000 1.0000 0.7633 0.1563 0.0321 0.0066 0.0014 0.0003 0.0001 1.0000 1.0000 0.5772 0.1216 0.0259 0.0055 0.0012 0.0003 0.0001 1.0000 1.0000 0.6941 0.1602 0.0377 0.0092 0.0025 0.0008 0.0004 0.0002 0.0001 0.0001 0.0001 0.0000 0.0000 0.0000 1.0000 1.0000 1.0000 1.0000 1.0000 1.0000 1.0000 1.0000 1.0000 1.0000 0.8939 0.6569 0.4754 0.3408 0.2402 0.1581 0.1112 0.0000
0.0000 0.1504 0.2005 0.2899 0.3983 0.5410 0.7348 0.9962 1.0000 1.0000 1.0000 1.0000 1.0000 1.0000 1.0000 1.0000 1.0000 0.0000 0.0000 0.0000 0.0000 0.0001 0.0001 0.0001 0.0002 0.0002 0.0003 0.0004 0.0006 0.0005 0.0002 0.0000 1.0000 1.0000 0.3547 0.0751 0.0158 0.0033 0.0007 0.0001 0.0000 1.0000 1.0000 0.2877 0.0592 0.0122 0.0025 0.0005 0.0001 0.0000 1.0000 0.9812 0.2016 0.0415 0.0086 0.0018 0.0004 0.0001 0.0000 1.0000 0.7750 0.1648 0.0353 0.0076 0.0017 0.0004 0.0001 0.0000 1.0000 1.0000 0.2457 0.0602 0.0164 0.0055 0.0025 0.0014 0.0009 0.0006 0.0004 0.0003 0.0002 0.0001 0.0001 0.0001 0.0000 0.0000 0.0000 0.0000 0.0000 1.0000 1.0000 1.0000 1.0000 1.0000 1.0000 1.0000 1.0000 1.0000 0.7074 0.4976 0.0000
0.0000 0.0324 0.0432 0.0625 0.0858 0.1166 0.1584 0.2147 0.2916 0.3961 0.5380 0.7307 0.9924 1.0000 1.0000 1.0000 1.0000 1.0000 1.0000 1.0000 1.0000 1.0000 0.0000 0.0000 0.0000 0.0000 0.0001 0.0001 0.0001 0.0002 0.0001 0.0000 1.0000 1.0000 0.4673 0.0984 0.0207 0.0043 0.0009 0.0002 0.0000 1.0000 1.0000 0.3685 0.0757 0.0155 0.0032 0.0007 0.0001 0.0000 1.0000 1.0000 0.2611 0.0540 0.0112 0.0023 0.0005 0.0001 0.0000 1.0000 1.0000 0.2260 0.0488 0.0106 0.0023 0.0005 0.0001 0.0000 1.0000 1.0000 0.3916 0.1072 0.0362 0.0163 0.0091 0.0057 0.0037 0.0025 0.0017 0.0012 0.0008 0.0006 0.0004 0.0003 0.0002 0.0002 0.0001 0.0001 0.0001 0.0001 0.0000 0.0000 0.0000 0.0000 1.0000 1.0000 1.0000 1.0000 1.0000 1.0000 0.0000
0.0000 0.0070 0.0093 0.0135 0.0185 0.0251 0.0341 0.0463 0.0628 0.0854 0.1159 0.1575 0.2139 0.2905 0.3946 0.5359 0.7279 0.9887 1.0000 1.0000 1.0000 1.0000 1.0000 1.0000 1.0000 1.0000 1.0000 0.0000 0.0000 0.0000 0.0000 0.0000 1.0000 1.0000 0.6087 0.1285 0.0269 0.0056 0.0012 0.0002 0.0000 1.0000 1.0000 0.4718 0.0968 0.0199 0.0041 0.0008 0.0002 0.0000 1.0000 1.0000 0.3415 0.0708 0.0148 0.0031 0.0006 0.0001 0.0000 1.0000 1.0000 0.3135 0.0685 0.0151 0.0034 0.0008 0.0002 0.0000 1.0000 1.0000 0.6994 0.2357 0.1064 0.0595 0.0372 0.0242 0.0161 0.0109 0.0075 0.0053 0.0037 0.0027 0.0020 0.0014 0.0011 0.0008 0.0006 0.0005 0.0003 0.0003 0.0002 0.0001 0.0001 0.0001 0.0001 0.0000 0.0000 0.0000 1.0000 1.0000 0.0000
0.0000 0.0015 0.0020 0.0029 0.0040 0.0054 0.0074 0.0100 0.0135 0.0184 0.0250 0.0339 0.0461 0.0626 0.0850 0.1155 0.1569 0.2131 0.2894 0.3931 0.5349 0.7251 0.9812 1.0000 1.0000 1.0000 1.0000 1.0000 1.0000 1.0000 1.0000 1.0000 1.0000 1.0000 0.8036 0.1654 0.0347 0.0072 0.0015 0.0003 0.0001 1.0000 1.0000 0.6053 0.1244 0.0256 0.0053 0.0011 0.0002 0.0000 1.0000 1.0000 0.4490 0.0937 0.0196 0.0041 0.0009 0.0002 0.0000 1.0000 1.0000 0.4397 0.0973 0.0217 0.0049 0.0011 0.0003 0.0001 0.0000 1.0000 1.0000 0.6915 0.3864 0.2416 0.1572 0.1044 0.0706 0.0485 0.0339 0.0240 0.0172 0.0125 0.0092 0.0068 0.0051 0.0038 0.0029 0.0022 0.0016 0.0012 0.0009 0.0007 0.0005 0.0003 0.0002 0.0002 0.0001 0.0001 0.0001 0.0000 0.0000
0.0000 0.0003 0.0004 0.0006 0.0009 0.0012 0.0016 0.0021 0.0029 0.0040 0.0054 0.0073 0.0099 0.0135 0.0183 0.0249 0.0338 0.0459 0.0624 0.0849 0.1151 0.1563 0.2114 0.2861 0.3879 0.5228 0.7047 0.9445 1.0000 1.0000 1.0000 1.0000 1.0000 1.0000 1.0000 0.2172 0.0445 0.0093 0.0019 0.0004 0.0001 0.0000 1.0000 0.7780 0.1602 0.0330 0.0068 0.0014 0.0003 0.0001 1.0000 1.0000 0.5939 0.1246 0.0263 0.0056 0.0012 0.0003 0.0001 1.0000 1.0000 0.6264 0.1405 0.0319 0.0073 0.0017 0.0004 0.0001 0.0000 1.0000 1.0000 1.0000 1.0000 1.0000 0.6759 0.4550 0.3123 0.2176 0.1542 0.1103 0.0800 0.0585 0.0432 0.0322 0.0241 0.0180 0.0135 0.0101 0.0076 0.0056 0.0041 0.0030 0.0022 0.0016 0.0011 0.0008 0.0006 0.0004 0.0003 0.0002 0.0000
0.0000 0.0001 0.0001 0.0001 0.0002 0.0003 0.0003 0.0005 0.0006 0.0009 0.0012 0.0016 0.0021 0.0029 0.0039 0.0054 0.0073 0.0099 0.0134 0.0183 0.0248 0.0336 0.0455 0.0615 0.0833 0.1120 0.1507 0.2016 0.2687 0.3547 0.4673 0.6087 0.8036 1.0000 0.7780 0.2829 0.0581 0.0119 0.0025 0.0005 0.0001 0.0000 1.0000 1.0000 0.2067 0.0427 0.0088 0.0018 0.0004 0.0001 0.0000 1.0000 0.7929 0.1673 0.0355 0.0076 0.0016 0.0004 0.0001 0.0000 1.0000 0.9041 0.2055 0.0473 0.0110 0.0026 0.0006 0.0002 0.0001 0.0000 0.0000 1.0000 1.0000 1.0000 1.0000 1.0000 1.0000 0.9868 0.7047 0.5101 0.3720 0.2739 0.2028 0.1513 0.1131 0.0845 0.0633 0.0472 0.0350 0.0258 0.0188 0.0136 0.0098 0.0070 0.0050 0.0036 0.0025 0.0018 0.0012 0.0008 0.0000
0.0000 0.0000 0.0000 0.0000 0.0000 0.0001 0.0001 0.0001 0.0001 0.0002 0.0003 0.0003 0.0005 0.0006 0.0009 0.0012 0.0016 0.0021 0.0029 0.0039 0.0053 0.0072 0.0098 0.0132 0.0179 0.0241 0.0322 0.0429 0.0570 0.0751 0.0984 0.1285 0.1654 0.2172 0.2829 0.2098 0.0757 0.0154 0.0032 0.0007 0.0001 0.0000 1.0000 1.0000 0.2692 0.0556 0.0115 0.0024 0.0005 0.0001 0.0000 1.0000 1.0000 0.2264 0.0483 0.0104 0.0022 0.0005 0.0001 0.0000 1.0000 1.0000 0.3058 0.0717 0.0170 0.0042 0.0012 0.0004 0.0002 0.0001 0.0001 0.0000 0.0000 0.0000 1.0000 1.0000 1.0000 1.0000 1.0000 1.0000 1.0000 1.0000 0.9518 0.7101 0.5298 0.3953 0.2944 0.2184 0.1608 0.1177 0.0852 0.0615 0.0441 0.0315 0.0224 0.0159 0.0113 0.0079 0.0052 0.0037 0.0000
0.0000 1.0000 1.0000 1.0000 1.0000 1.0000 0.0000 0.0000 0.0000 0.0000 0.0001 0.0001 0.0001 0.0001 0.0002 0.0002 0.0003 0.0005 0.0006 0.0008 0.0011 0.0016 0.0021 0.0028 0.0038 0.0051 0.0069 0.0091 0.0120 0.0158 0.0207 0.0269 0.0347 0.0445 0.0581 0.0757 0.0569 0.0203 0.0041 0.0008 0.0002 0.0000 1.0000 1.0000 0.3507 0.0729 0.0152 0.0032 0.0007 0.0001 0.0000 1.0000 1.0000 0.3087 0.0665 0.0144 0.0031 0.0007 0.0002 0.0000 1.0000 1.0000 0.4629 0.1103 0.0273 0.0075 0.0025 0.0011 0.0006 0.0004 0.0003 0.0002 0.0001 0.0001 0.0001 0.0000 0.0000 0.0000 1.0000 1.0000 1.0000 1.0000 1.0000 1.0000 1.0000 1.0000 1.0000 1.0000 0.7362 0.5339 0.3849 0.2770 0.1982 0.1413 0.1003 0.0712 0.0505 0.0355 0.0234 0.0165 0.0000
0.0000 0.7604 1.0000 1.0000 1.0000 1.0000 1.0000 1.0000 1.0000 1.0000 1.0000 0.0000 0.0000 0.0000 0.0000 0.0001 0.0001 0.0001 0.0001 0.0002 0.0002 0.0003 0.0005 0.0006 0.0008 0.0011 0.0015 0.0019 0.0025 0.0033 0.0043 0.0056 0.0072 0.0093 0.0119 0.0154 0.0203 0.0157 0.0055 0.0011 0.0002 0.0000 1.0000 1.0000 0.4603 0.0959 0.0200 0.0042 0.0009 0.0002 0.0000 1.0000 1.0000 0.4249 0.0921 0.0202 0.0044 0.0010 0.0002 0.0001 1.0000 1.0000 0.7128 0.1768 0.0487 0.0164 0.0073 0.0041 0.0025 0.0016 0.0011 0.0007 0.0005 0.0003 0.0002 0.0002 0.0001 0.0001 0.0001 0.0000 0.0000 0.0000 0.0000 1.0000 1.0000 1.0000 1.0000 1.0000 1.0000 1.0000 1.0000 1.0000 0.8871 0.6311 0.4490 0.3189 0.2260 0.1587 0.1046 0.0737 0.0000
0.0000 0.1639 0.2184 0.3158 0.4339 0.5894 0.8005 1.0000 1.0000 1.0000 1.0000 1.0000 1.0000 1.0000 1.0000 1.0000 0.0000 0.0000 0.0000 0.0000 0.0001 0.0001 0.0001 0.0001 0.0002 0.0002 0.0003 0.0004 0.0005 0.0007 0.0009 0.0012 0.0015 0.0019 0.0025 0.0032 0.0041 0.0055 0.0044 0.0015 0.0003 0.0001 1.0000 1.0000 0.6053 0.1270 0.0267 0.0056 0.0012 0.0003 0.0001 1.0000 1.0000 0.5894 0.1292 0.0285 0.0064 0.0014 0.0003 0.0001 0.0000 1.0000 1.0000 0.3146 0.1062 0.0476 0.0264 0.0163 0.0106 0.0070 0.0047 0.0032 0.0022 0.0015 0.0011 0.0008 0.0006 0.0004 0.0003 0.0002 0.0002 0.0001 0.0001 0.0001 0.0000 0.0000 0.0000 0.0000 1.0000 1.0000 1.0000 1.0000 1.0000 1.0000 1.0000 1.0000 1.0000 0.7101 0.4682 0.3300 0.0000
0.0000 0.0353 0.0471 0.0681 0.0935 0.1270 0.1725 0.2339 0.3177 0.4315 0.5860 0.7960 1.0000 1.0000 1.0000 1.0000 1.0000 1.0000 1.0000 1.0000 1.0000 0.0000 0.0000 0.0000 0.0000 0.0000 0.0001 0.0001 0.0001 0.0001 0.0002 0.0002 0.0003 0.0004 0.0005 0.0007 0.0008 0.0011 0.0015 0.0012 0.0004 0.0001 0.0000 1.0000 0.8005 0.1689 0.0357 0.0076 0.0016 0.0003 0.0001 0.0000 1.0000 0.8268 0.1830 0.0409 0.0092 0.0021 0.0005 0.0001 0.0000 1.0000 1.0000 0.6888 0.3075 0.1702 0.1056 0.0682 0.0450 0.0300 0.0204 0.0141 0.0098 0.0069 0.0050 0.0036 0.0026 0.0019 0.0014 0.0010 0.0008 0.0006 0.0004 0.0003 0.0002 0.0002 0.0001 0.0001 0.0001 0.0000 0.0000 0.0000 0.0000 1.0000 1.0000 1.0000 1.0000 1.0000 1.0000 1.0000 0.0000
0.0000 0.0076 0.0101 0.0147 0.0202 0.0274 0.0372 0.0504 0.0685 0.0930 0.1263 0.1715 0.2330 0.3164 0.4298 0.5849 0.7944 1.0000 1.0000 1.0000 1.0000 1.0000 1.0000 1.0000 1.0000 1.0000 1.0000 0.0000 0.0000 0.0000 0.0000 0.0000 0.0001 0.0001 0.0001 0.0001 0.0002 0.0002 0.0003 0.0004 0.0004 0.0001 0.0000 1.0000 1.0000 0.2256 0.0480 0.0102 0.0022 0.0005 0.0001 0.0000 1.0000 1.0000 0.2626 0.0594 0.0136 0.0031 0.0007 0.0002 0.0000 1.0000 1.0000 1.0000 1.0000 0.6810 0.4397 0.2894 0.1934 0.1312 0.0902 0.0628 0.0443 0.0316 0.0227 0.0164 0.0120 0.0088 0.0065 0.0048 0.0035 0.0026 0.0019 0.0014 0.0010 0.0008 0.0005 0.0004 0.0003 0.0002 0.0001 0.0001 0.0001 0.0001 0.0000 0.0000 0.0000 1.0000 1.0000 1.0000 0.0000
0.0000 0.0016 0.0022 0.0032 0.0043 0.0059 0.0080 0.0109 0.0148 0.0200 0.0272 0.0370 0.0502 0.0682 0.0926 0.1258 0.1712 0.2317 0.3141 0.4249 0.5739 0.7721 1.0000 1.0000 1.0000 1.0000 1.0000 1.0000 1.0000 1.0000 1.0000 1.0000 1.0000 0.0000 0.0000 0.0000 0.0000 0.0000 0.0001 0.0001 0.0001 0.0001 0.0000 1.0000 1.0000 0.3029 0.0649 0.0140 0.0030 0.0007 0.0001 0.0000 1.0000 1.0000 0.3813 0.0873 0.0203 0.0048 0.0011 0.0003 0.0001 0.0000 1.0000 1.0000 1.0000 1.0000 1.0000 1.0000 0.8411 0.5772 0.4021 0.2829 0.2012 0.1443 0.1042 0.0759 0.0554 0.0407 0.0300 0.0221 0.0163 0.0120 0.0088 0.0065 0.0047 0.0034 0.0025 0.0018 0.0013 0.0009 0.0006 0.0005 0.0003 0.0002 0.0002 0.0001 0.0001 0.0001 0.0000 0.0000 0.0000
0.0000 0.0004 0.0005 0.0007 0.0009 0.0013 0.0017 0.0023 0.0032 0.0043 0.0059 0.0080 0.0108 0.0147 0.0200 0.0272 0.0368 0.0499 0.0676 0.0912 0.1230 0.1648 0.2201 0.2916 0.3842 0.5024 0.6531 0.8459 1.0000 1.0000 1.0000 1.0000 1.0000 1.0000 1.0000 1.0000 1.0000 1.0000 1.0000 0.0000 0.0000 0.0000 0.0000 1.0000 1.0000 0.4130 0.0882 0.0191 0.0042 0.0009 0.0002 0.0000 1.0000 1.0000 0.5631 0.1307 0.0308 0.0074 0.0018 0.0005 0.0002 0.0001 0.0000 0.0000 0.0000 1.0000 1.0000 1.0000 1.0000 1.0000 1.0000 1.0000 0.9180 0.6619 0.4809 0.3507 0.2567 0.1886 0.1389 0.1025 0.0753 0.0552 0.0404 0.0295 0.0214 0.0155 0.0112 0.0080 0.0057 0.0041 0.0029 0.0021 0.0015 0.0010 0.0007 0.0005 0.0004 0.0003 0.0002 0.0001 0.0000
0.0000 0.0001 0.0001 0.0001 0.0002 0.0003 0.0004 0.0005 0.0007 0.0009 0.0013 0.0017 0.0023 0.0032 0.0043 0.0059 0.0079 0.0107 0.0145 0.0196 0.0263 0.0352 0.0467 0.0617 0.0808 0.1050 0.1360 0.1752 0.2251 0.2877 0.3685 0.4718 0.6053 0.7780 1.0000 1.0000 1.0000 1.0000 1.0000 1.0000 1.0000 1.0000 1.0000 1.0000 1.0000 0.5717 0.1216 0.0264 0.0058 0.0013 0.0003 0.0001 1.0000 1.0000 0.8427 0.1986 0.0477 0.0119 0.0033 0.0011 0.0005 0.0003 0.0002 0.0001 0.0001 0.0000 0.0000 0.0000 0.0000 1.0000 1.0000 1.0000 1.0000 1.0000 1.0000 1.0000 1.0000 0.8737 0.6420 0.4727 0.3460 0.2528 0.1847 0.1342 0.0971 0.0700 0.0503 0.0359 0.0257 0.0183 0.0130 0.0092 0.0066 0.0047 0.0033 0.0024 0.0017 0.0012 0.0008 0.0005 0.0000
0.0000 0.0000 0.0000 0.0000 0.0000 0.0001 0.0001 0.0001 0.0001 0.0002 0.0003 0.0004 0.0005 0.0007 0.0009 0.0013 0.0017 0.0023 0.0031 0.0042 0.0056 0.0075 0.0099 0.0130 0.0169 0.0219 0.0282 0.0362 0.0464 0.0592 0.0757 0.0968 0.1244 0.1602 0.2067 0.2692 0.3507 0.4603 0.6053 0.8005 1.0000 1.0000 1.0000 1.0000 1.0000 0.9572 0.1715 0.0369 0.0081 0.0018 0.0004 0.0001 0.0000 1.0000 1.0000 0.3075 0.0766 0.0211 0.0071 0.0032 0.0017 0.0011 0.0007 0.0005 0.0003 0.0002 0.0001 0.0001 0.0001 0.0000 0.0000 0.0000 0.0000 1.0000 1.0000 1.0000 1.0000 1.0000 1.0000 1.0000 1.0000 1.0000 0.8411 0.6087 0.4389 0.3152 0.2256 0.1611 0.1151 0.0817 0.0581 0.0414 0.0294 0.0209 0.0149 0.0106 0.0075 0.0053 0.0035 0.0024 0.0000
0.0000 1.0000 1.0000 1.0000 1.0000 1.0000 0.0000 0.0000 0.0000 0.0000 0.0001 0.0001 0.0001 0.0001 0.0002 0.0003 0.0004 0.0005 0.0007 0.0009 0.0012 0.0016 0.0021 0.0027 0.0035 0.0045 0.0058 0.0075 0.0095 0.0122 0.0155 0.0199 0.0256 0.0330 0.0427 0.0556 0.0729 0.0959 0.1270 0.1689 0.2256 0.3029 0.4130 0.5717 0.9572 1.0000 0.3000 0.0529 0.0115 0.0026 0.0006 0.0001 0.0000 1.0000 1.0000 0.4938 0.1360 0.0459 0.0204 0.0112 0.0069 0.0045 0.0029 0.0019 0.0013 0.0009 0.0006 0.0004 0.0003 0.0002 0.0002 0.0001 0.0001 0.0001 0.0000 0.0000 0.0000 0.0000 1.0000 1.0000 1.0000 1.0000 1.0000 1.0000 1.0000 1.0000 1.0000 0.7224 0.5139 0.3657 0.2602 0.1851 0.1317 0.0937 0.0667 0.0473 0.0335 0.0236 0.0155 0.0109 0.0000
0.0000 0.8284 1.0000 1.0000 1.0000 1.0000 1.0000 1.0000 1.0000 1.0000 1.0000 0.0000 0.0000 0.0000 0.0000 0.0001 0.0001 0.0001 0.0001 0.0002 0.0003 0.0003 0.0004 0.0006 0.0007 0.0009 0.0012 0.0015 0.0020 0.0025 0.0032 0.0041 0.0053 0.0068 0.0088 0.0115 0.0152 0.0200 0.0267 0.0357 0.0480 0.0649 0.0882 0.1216 0.1715 0.3000 0.3734 0.0968 0.0168 0.0037 0.0009 0.0002 0.0000 1.0000 1.0000 0.8787 0.2955 0.1312 0.0721 0.0444 0.0285 0.0187 0.0124 0.0084 0.0057 0.0040 0.0028 0.0019 0.0014 0.0010 0.0007 0.0005 0.0004 0.0003 0.0002 0.0001 0.0001 0.0001 0.0001 0.0000 0.0000 0.0000 0.0000 1.0000 1.0000 1.0000 1.0000 1.0000 1.0000 1.0000 1.0000 0.8284 0.5894 0.4193 0.2983 0.2119 0.1502 0.1054 0.0695 0.0489 0.0000
0.0000 0.1785 0.2379 0.3441 0.4727 0.6420 0.8720 1.0000 1.0000 1.0000 1.0000 1.0000 1.0000 1.0000 1.0000 1.0000 0.0000 0.0000 0.0000 0.0000 0.0001 0.0001 0.0001 0.0001 0.0002 0.0002 0.0002 0.0003 0.0004 0.0005 0.0007 0.0008 0.0011 0.0014 0.0018 0.0024 0.0032 0.0042 0.0056 0.0076 0.0102 0.0140 0.0191 0.0264 0.0369 0.0529 0.0970 0.1373 0.0324 0.0056 0.0013 0.0003 0.0001 0.0000 1.0000 1.0000 0.8443 0.4629 0.2856 0.1830 0.1197 0.0796 0.0536 0.0365 0.0252 0.0176 0.0124 0.0088 0.0063 0.0045 0.0033 0.0024 0.0017 0.0013 0.0009 0.0007 0.0005 0.0004 0.0003 0.0002 0.0001 0.0001 0.0001 0.0001 0.0000 0.0000 0.0000 1.0000 1.0000 1.0000 1.0000 1.0000 1.0000 1.0000 1.0000 0.9481 0.6733 0.4718 0.3111 0.2188 0.0000
0.0000 0.0385 0.0513 0.0741 0.1019 0.1384 0.1879 0.2548 0.3460 0.4700 0.6384 0.8687 1.0000 1.0000 1.0000 1.0000 1.0000 1.0000 1.0000 1.0000 1.0000 1.0000 0.0000 0.0000 0.0000 0.0000 0.0001 0.0001 0.0001 0.0001 0.0001 0.0002 0.0002 0.0003 0.0004 0.0005 0.0007 0.0009 0.0012 0.0016 0.0022 0.0030 0.0042 0.0058 0.0081 0.0115 0.0169 0.0325 0.0560 0.0112 0.0019 0.0005 0.0001 0.0000 1.0000 1.0000 1.0000 1.0000 1.0000 0.7692 0.5101 0.3434 0.2339 0.1611 0.1122 0.0791 0.0561 0.0400 0.0288 0.0208 0.0151 0.0109 0.0080 0.0058 0.0043 0.0031 0.0023 0.0017 0.0012 0.0009 0.0006 0.0005 0.0003 0.0002 0.0002 0.0001 0.0001 0.0001 0.0000 0.0000 0.0000 0.0000 1.0000 1.0000 1.0000 1.0000 1.0000 1.0000 1.0000 0.9830 0.0000
0.0000 0.0083 0.0110 0.0160 0.0220 0.0298 0.0405 0.0549 0.0746 0.1013 0.1376 0.1869 0.2543 0.3447 0.4664 0.6311 0.8491 1.0000 1.0000 1.0000 1.0000 1.0000 1.0000 1.0000 1.0000 1.0000 1.0000 1.0000 0.0000 0.0000 0.0000 0.0000 0.0000 0.0001 0.0001 0.0001 0.0001 0.0002 0.0003 0.0003 0.0005 0.0007 0.0009 0.0013 0.0018 0.0026 0.0037 0.0056 0.0112 0.0286 0.0038 0.0007 0.0002 0.0001 0.0000 0.0000 1.0000 1.0000 1.0000 1.0000 1.0000 1.0000 1.0000 0.7155 0.5033 0.3561 0.2543 0.1823 0.1314 0.0953 0.0691 0.0504 0.0368 0.0268 0.0196 0.0143 0.0104 0.0075 0.0055 0.0039 0.0028 0.0020 0.0015 0.0010 0.0007 0.0005 0.0004 0.0003 0.0002 0.0001 0.0001 0.0001 0.0000 0.0000 0.0000 0.0000 1.0000 1.0000 1.0000 1.0000 0.0000
0.0000 0.0018 0.0024 0.0034 0.0047 0.0064 0.0087 0.0118 0.0161 0.0218 0.0296 0.0403 0.0547 0.0741 0.1003 0.1352 0.1816 0.2416 0.3183 0.4169 0.5400 0.6941 0.8871 1.0000 1.0000 1.0000 1.0000 1.0000 1.0000 1.0000 1.0000 1.0000 1.0000 1.0000 0.0000 0.0000 0.0000 0.0000 0.0001 0.0001 0.0001 0.0001 0.0002 0.0003 0.0004 0.0006 0.0009 0.0013 0.0019 0.0038 0.0237 0.0014 0.0004 0.0002 0.0001 0.0001 0.0000 0.0000 0.0000 1.0000 1.0000 1.0000 1.0000 1.0000 1.0000 1.0000 1.0000 0.8315 0.6018 0.4372 0.3177 0.2312 0.1686 0.1230 0.0895 0.0653 0.0473 0.0343 0.0247 0.0178 0.0128 0.0092 0.0065 0.0047 0.0033 0.0024 0.0017 0.0012 0.0009 0.0006 0.0004 0.0003 0.0002 0.0002 0.0001 0.0001 0.0001 0.0000 0.0000 0.0000 0.0000
0.0000 0.0004 0.0005 0.0007 0.0010 0.0014 0.0019 0.0025 0.0035 0.0047 0.0064 0.0087 0.0118 0.0159 0.0215 0.0290 0.0387 0.0512 0.0672 0.0872 0.1120 0.1432 0.1823 0.2308 0.2922 0.3699 0.4691 0.5973 0.7633 0.9812 1.0000 1.0000 1.0000 1.0000 1.0000 1.0000 1.0000 1.0000 1.0000 0.0000 0.0000 0.0000 0.0000 0.0001 0.0001 0.0001 0.0002 0.0003 0.0005 0.0007 0.0014 0.0289 0.0013 0.0007 0.0004 0.0003 0.0002 0.0001 0.0001 0.0001 0.0000 0.0000 0.0000 1.0000 1.0000 1.0000 1.0000 1.0000 1.0000 1.0000 1.0000 1.0000 0.7736 0.5631 0.4091 0.2972 0.2151 0.1554 0.1118 0.0803 0.0576 0.0411 0.0293 0.0209 0.0149 0.0106 0.0076 0.0054 0.0038 0.0027 0.0019 0.0014 0.0010 0.0007 0.0005 0.0004 0.0003 0.0002 0.0001 0.0001 0.0000
0.0000 0.0001 0.0001 0.0002 0.0002 0.0003 0.0004 0.0005 0.0007 0.0010 0.0014 0.0019 0.0025 0.0034 0.0046 0.0062 0.0082 0.0108 0.0141 0.0182 0.0232 0.0295 0.0373 0.0472 0.0596 0.0753 0.0957 0.1220 0.1563 0.2016 0.2611 0.3415 0.4490 0.5939 0.7929 1.0000 1.0000 1.0000 1.0000 1.0000 1.0000 1.0000 1.0000 1.0000 0.0000 0.0000 0.0000 0.0001 0.0001 0.0002 0.0004 0.0013 0.0243 0.0034 0.0017 0.0011 0.0008 0.0005 0.0004 0.0002 0.0002 0.0001 0.0001 0.0001 0.0000 0.0000 0.0000 0.0000 1.0000 1.0000 1.0000 1.0000 1.0000 1.0000 1.0000 1.0000 0.9756 0.7021 0.5043 0.3608 0.2582 0.1847 0.1314 0.0937 0.0668 0.0476 0.0339 0.0241 0.0171 0.0122 0.0087 0.0062 0.0044 0.0031 0.0022 0.0016 0.0011 0.0008 0.0005 0.0004 0.0000
0.0000 0.0000 0.0000 0.0000 0.0000 0.0001 0.0001 0.0001 0.0002 0.0002 0.0003 0.0004 0.0005 0.0007 0.0010 0.0013 0.0017 0.0023 0.0029 0.0038 0.0048 0.0060 0.0076 0.0096 0.0121 0.0154 0.0195 0.0250 0.0321 0.0415 0.0540 0.0708 0.0937 0.1246 0.1673 0.2264 0.3087 0.4249 0.5894 0.8268 1.0000 1.0000 1.0000 1.0000 1.0000 1.0000 1.0000 0.0000 0.0000 0.0001 0.0002 0.0007 0.0034 0.0274 0.0099 0.0049 0.0032 0.0022 0.0016 0.0011 0.0008 0.0005 0.0004 0.0003 0.0002 0.0001 0.0001 0.0001 0.0001 0.0000 0.0000 0.0000 1.0000 1.0000 1.0000 1.0000 1.0000 1.0000 1.0000 1.0000 1.0000 0.8268 0.5894 0.4201 0.2995 0.2135 0.1522 0.1081 0.0770 0.0547 0.0389 0.0277 0.0197 0.0140 0.0100 0.0071 0.0050 0.0035 0.0023 0.0016 0.0000
0.0000 1.0000 1.0000 1.0000 1.0000 1.0000 0.0000 0.0000 0.0000 0.0000 0.0001 0.0001 0.0001 0.0002 0.0002 0.0003 0.0004 0.0005 0.0006 0.0008 0.0010 0.0012 0.0015 0.0020 0.0025 0.0031 0.0040 0.0051 0.0066 0.0086 0.0112 0.0148 0.0196 0.0263 0.0355 0.0483 0.0665 0.0921 0.1292 0.1830 0.2626 0.3813 0.5620 0.8427 1.0000 1.0000 1.0000 1.0000 1.0000 0.0000 0.0001 0.0004 0.0017 0.0099 0.0514 0.0283 0.0144 0.0098 0.0068 0.0048 0.0034 0.0024 0.0017 0.0012 0.0009 0.0006 0.0005 0.0003 0.0002 0.0002 0.0001 0.0001 0.0001 0.0000 0.0000 0.0000 0.0000 1.0000 1.0000 1.0000 1.0000 1.0000 1.0000 1.0000 1.0000 0.9572 0.6823 0.4854 0.3447 0.2453 0.1745 0.1241 0.0883 0.0628 0.0447 0.0318 0.0225 0.0158 0.0104 0.0074 0.0000
0.0000 0.9024 1.0000 1.0000 1.0000 1.0000 1.0000 1.0000 1.0000 1.0000 1.0000 0.0000 0.0000 0.0000 0.0000 0.0001 0.0001 0.0001 0.0001 0.0002 0.0002 0.0003 0.0003 0.0004 0.0005 0.0006 0.0008 0.0010 0.0014 0.0018 0.0023 0.0031 0.0041 0.0056 0.0076 0.0104 0.0144 0.0202 0.0285 0.0409 0.0594 0.0873 0.1307 0.1986 0.3075 0.4938 0.8787 1.0000 1.0000 0.0000 0.0001 0.0003 0.0011 0.0049 0.0284 0.1237 0.0830 0.0441 0.0304 0.0213 0.0152 0.0109 0.0078 0.0056 0.0040 0.0029 0.0021 0.0015 0.0011 0.0008 0.0006 0.0004 0.0003 0.0002 0.0002 0.0001 0.0001 0.0001 0.0000 0.0000 0.0000 0.0000 1.0000 1.0000 1.0000 1.0000 1.0000 1.0000 1.0000 1.0000 0.7824 0.5567 0.3961 0.2818 0.2005 0.1426 0.1011 0.0708 0.0468 0.0330 0.0000
