0.0000 0.0000 0.0000 0.0000 0.0000 0.0000 0.0000 0.0000 0.0000 0.0000 0.0000 0.0000 0.0000 0.0000 0.0000 0.0000 0.0000 0.0000 0.0000 0.0000 0.0000 0.0000 0.0000 0.0000 0.0000 0.0000 0.0000 0.0000 0.0000 0.0000 0.0000 0.0000 0.0000 0.0000 0.0000 0.0000 0.0000 0.0000 0.0000 0.0000 0.0000 0.0000 0.0000 0.0000 0.0000 0.0000 0.0000 0.0000 0.0000 0.0000 0.0000 0.0000 0.0000 0.0000 0.0000 0.0000 0.0000 0.0000 0.0000 0.0000 0.0000 0.0000 0.0000 0.0000 0.0000 0.0000 0.0000 0.0000 0.0000 0.0000 0.0000 0.0000 0.0000 0.0000 0.0000 0.0000 0.0000 0.0000 0.0000 0.0000 0.0000 0.0000 0.0000 0.0000 0.0000 0.0000 0.0000 0.0000 0.0000 0.0000 0.0000 0.0000 0.0000 0.0000 0.0000 0.0000 0.0000 0.0000 0.0000 0.0000 0.0000
0.0000 1.0000 0.8284 0.2024 0.0421 0.0089 0.0019 0.0004 0.0001 0.0000 1.0000 0.9590 0.2067 0.0445 0.0096 0.0021 0.0004 0.0001 0.0000 1.0000 1.0000 0.2251 0.0485 0.0105 0.0023 0.0005 0.0001 0.0000 1.0000 1.0000 0.2453 0.0529 0.0114 0.0025 0.0005 0.0001 0.0000 1.0000 1.0000 0.2672 0.0576 0.0124 0.0027 0.0006 0.0001 0.0000 1.0000 1.0000 0.2910 0.0627 0.0135 0.0029 0.0006 0.0001 0.0000 1.0000 1.0000 0.3171 0.0683 0.0147 0.0032 0.0007 0.0001 0.0000 1.0000 1.0000 0.3454 0.0744 0.0160 0.0035 0.0007 0.0002 0.0000 1.0000 1.0000 0.3762 0.0811 0.0175 0.0038 0.0008 0.0002 0.0000 1.0000 1.0000 0.4249 0.0932 0.0205 0.0045 0.0010 0.0002 0.0000 1.0000 1.0000 0.6569 0.1702 0.0511 0.0216 0.0130 0.0084 0.0069 0.0000
0.0000 0.8284 0.7251 0.2845 0.0563 0.0118 0.0025 0.0005 0.0001 0.0000 1.0000 1.0000 0.2754 0.0594 0.0128 0.0028 0.0006 0.0001 0.0000 1.0000 1.0000 0.3000 0.0647 0.0139 0.0030 0.0006 0.0001 0.0000 1.0000 1.0000 0.3268 0.0704 0.0152 0.0033 0.0007 0.0002 0.0000 1.0000 1.0000 0.3561 0.0767 0.0165 0.0036 0.0008 0.0002 0.0000 1.0000 1.0000 0.3879 0.0836 0.0180 0.0039 0.0008 0.0002 0.0000 1.0000 1.0000 0.4225 0.0911 0.0196 0.0042 0.0009 0.0002 0.0000 1.0000 1.0000 0.4603 0.0992 0.0214 0.0046 0.0010 0.0002 0.0000 1.0000 1.0000 0.5033 0.1083 0.0234 0.0050 0.0011 0.0002 0.0001 1.0000 1.0000 0.5298 0.1105 0.0227 0.0046 0.0009 0.0002 0.0000 1.0000 1.0000 0.3931 0.0847 0.0195 0.0055 0.0023 0.0013 0.0009 0.0000
0.0000 0.2024 0.2845 0.2641 0.0905 0.0173 0.0037 0.0008 0.0002 0.0000 1.0000 1.0000 0.3983 0.0858 0.0185 0.0040 0.0009 0.0002 0.0000 1.0000 1.0000 0.4339 0.0935 0.0202 0.0043 0.0009 0.0002 0.0000 1.0000 1.0000 0.4727 0.1019 0.0220 0.0047 0.0010 0.0002 0.0000 1.0000 1.0000 0.5149 0.1110 0.0239 0.0052 0.0011 0.0002 0.0001 1.0000 1.0000 0.5609 0.1209 0.0261 0.0056 0.0012 0.0003 0.0001 1.0000 1.0000 0.6111 0.1317 0.0284 0.0061 0.0013 0.0003 0.0001 1.0000 1.0000 0.6657 0.1435 0.0309 0.0067 0.0014 0.0003 0.0001 1.0000 1.0000 0.7265 0.1563 0.0335 0.0072 0.0015 0.0003 0.0001 1.0000 1.0000 0.5882 0.1157 0.0227 0.0045 0.0009 0.0002 0.0000 1.0000 1.0000 0.3000 0.0594 0.0115 0.0024 0.0007 0.0003 0.0002 0.0000
0.0000 0.0421 0.0563 0.0905 0.0839 0.0270 0.0051 0.0011 0.0002 0.0001 1.0000 1.0000 0.5472 0.1179 0.0254 0.0055 0.0012 0.0003 0.0001 1.0000 1.0000 0.5961 0.1285 0.0277 0.0060 0.0013 0.0003 0.0001 1.0000 1.0000 0.6494 0.1400 0.0302 0.0065 0.0014 0.0003 0.0001 1.0000 1.0000 0.7074 0.1525 0.0329 0.0071 0.0015 0.0003 0.0001 0.0000 1.0000 0.7706 0.1661 0.0358 0.0077 0.0017 0.0004 0.0001 0.0000 1.0000 0.8395 0.1809 0.0390 0.0084 0.0018 0.0004 0.0001 0.0000 1.0000 0.9145 0.1971 0.0425 0.0092 0.0020 0.0004 0.0001 0.0000 1.0000 0.9849 0.2094 0.0440 0.0092 0.0019 0.0004 0.0001 1.0000 1.0000 0.5916 0.1142 0.0220 0.0043 0.0008 0.0002 0.0000 1.0000 1.0000 0.2402 0.0451 0.0081 0.0014 0.0003 0.0001 0.0000 0.0000
0.0000 0.0089 0.0118 0.0173 0.0270 0.0251 0.0079 0.0015 0.0003 0.0001 1.0000 1.0000 0.7433 0.1602 0.0345 0.0074 0.0016 0.0003 0.0001 0.0000 1.0000 0.8097 0.1745 0.0376 0.0081 0.0017 0.0004 0.0001 0.0000 1.0000 0.8820 0.1901 0.0410 0.0088 0.0019 0.0004 0.0001 0.0000 1.0000 0.9608 0.2071 0.0446 0.0096 0.0021 0.0004 0.0001 0.0000 1.0000 1.0000 0.2256 0.0486 0.0105 0.0023 0.0005 0.0001 0.0000 1.0000 1.0000 0.2457 0.0530 0.0114 0.0025 0.0005 0.0001 0.0000 1.0000 1.0000 0.2682 0.0578 0.0125 0.0027 0.0006 0.0001 0.0000 1.0000 1.0000 0.2597 0.0527 0.0105 0.0021 0.0004 0.0001 1.0000 1.0000 0.5894 0.1125 0.0215 0.0041 0.0008 0.0001 0.0000 1.0000 1.0000 0.1978 0.0344 0.0054 0.0008 0.0002 0.0000 1.0000 0.0000
0.0000 0.0019 0.0025 0.0037 0.0051 0.0079 0.0074 0.0023 0.0004 0.0001 0.0000 1.0000 1.0000 0.2172 0.0468 0.0101 0.0022 0.0005 0.0001 0.0000 1.0000 1.0000 0.2370 0.0511 0.0110 0.0024 0.0005 0.0001 0.0000 1.0000 1.0000 0.2582 0.0556 0.0120 0.0026 0.0006 0.0001 0.0000 1.0000 1.0000 0.2813 0.0606 0.0131 0.0028 0.0006 0.0001 0.0000 1.0000 1.0000 0.3064 0.0660 0.0142 0.0031 0.0007 0.0001 0.0000 1.0000 1.0000 0.3338 0.0719 0.0155 0.0033 0.0007 0.0002 0.0000 1.0000 1.0000 0.3643 0.0782 0.0168 0.0036 0.0008 0.0002 0.0000 1.0000 1.0000 0.3012 0.0594 0.0116 0.0022 0.0004 0.0001 0.0000 1.0000 0.6408 0.1232 0.0237 0.0046 0.0009 0.0002 0.0000 1.0000 1.0000 0.2519 0.0472 0.0093 0.0020 0.0008 0.0000 0.7960 0.0000
0.0000 0.0004 0.0005 0.0008 0.0011 0.0015 0.0023 0.0022 0.0007 0.0001 0.0000 1.0000 1.0000 0.2949 0.0636 0.0137 0.0030 0.0006 0.0001 0.0000 1.0000 1.0000 0.3213 0.0692 0.0149 0.0032 0.0007 0.0001 0.0000 1.0000 1.0000 0.3500 0.0754 0.0163 0.0035 0.0008 0.0002 0.0000 1.0000 1.0000 0.3813 0.0822 0.0177 0.0038 0.0008 0.0002 0.0000 1.0000 1.0000 0.4153 0.0895 0.0193 0.0042 0.0009 0.0002 0.0000 1.0000 1.0000 0.4525 0.0977 0.0210 0.0045 0.0010 0.0002 0.0000 1.0000 1.0000 0.4873 0.1040 0.0220 0.0046 0.0010 0.0002 0.0000 1.0000 1.0000 0.3415 0.0665 0.0129 0.0025 0.0005 0.0001 0.0000 1.0000 0.7362 0.1429 0.0278 0.0054 0.0011 0.0002 0.0000 1.0000 1.0000 0.3487 0.0763 0.0211 0.0090 0.0044 0.0222 0.1312 0.0000
0.0000 0.0001 0.0001 0.0002 0.0002 0.0003 0.0004 0.0007 0.0006 0.0002 0.0000 1.0000 1.0000 0.3998 0.0863 0.0186 0.0040 0.0009 0.0002 0.0000 1.0000 1.0000 0.4364 0.0940 0.0203 0.0044 0.0009 0.0002 0.0000 1.0000 1.0000 0.4754 0.1025 0.0221 0.0048 0.0010 0.0002 0.0000 1.0000 1.0000 0.5179 0.1116 0.0241 0.0052 0.0011 0.0002 0.0001 1.0000 1.0000 0.5641 0.1216 0.0262 0.0056 0.0012 0.0003 0.0001 1.0000 1.0000 0.6157 0.1324 0.0285 0.0062 0.0013 0.0003 0.0001 1.0000 1.0000 0.6408 0.1347 0.0281 0.0058 0.0012 0.0002 0.0000 1.0000 1.0000 0.3879 0.0756 0.0147 0.0029 0.0006 0.0001 0.0000 1.0000 0.8787 0.1725 0.0341 0.0068 0.0014 0.0003 0.0001 1.0000 1.0000 0.5827 0.1735 0.0773 0.0437 0.0240 0.0664 0.3046 0.0000
0.0000 0.0000 0.0000 0.0000 0.0001 0.0001 0.0001 0.0001 0.0002 0.0002 0.0001 1.0000 1.0000 0.5421 0.1170 0.0253 0.0054 0.0012 0.0003 0.0001 1.0000 1.0000 0.5927 0.1277 0.0275 0.0059 0.0013 0.0003 0.0001 1.0000 1.0000 0.6457 0.1392 0.0300 0.0065 0.0014 0.0003 0.0001 1.0000 1.0000 0.7034 0.1516 0.0327 0.0070 0.0015 0.0003 0.0001 0.0000 1.0000 0.7662 0.1651 0.0356 0.0077 0.0017 0.0004 0.0001 0.0000 1.0000 0.8347 0.1795 0.0386 0.0083 0.0018 0.0004 0.0001 0.0000 1.0000 0.8221 0.1699 0.0347 0.0070 0.0014 0.0003 0.0001 1.0000 1.0000 0.4499 0.0880 0.0172 0.0034 0.0007 0.0001 0.0000 1.0000 1.0000 0.2176 0.0437 0.0089 0.0018 0.0004 0.0001 0.0000 1.0000 1.0000 0.6041 0.3664 0.2611 0.1789 0.3041 0.7293 0.0000
0.0000 1.0000 1.0000 1.0000 1.0000 1.0000 0.0000 0.0000 0.0000 0.0001 0.0001 1.0000 1.0000 0.7376 0.1587 0.0343 0.0074 0.0016 0.0003 0.0001 0.0000 1.0000 0.8051 0.1735 0.0374 0.0081 0.0017 0.0004 0.0001 0.0000 1.0000 0.8770 0.1890 0.0407 0.0088 0.0019 0.0004 0.0001 0.0000 1.0000 0.9554 0.2059 0.0444 0.0096 0.0021 0.0004 0.0001 0.0000 1.0000 1.0000 0.2243 0.0483 0.0104 0.0022 0.0005 0.0001 0.0000 1.0000 1.0000 0.2420 0.0520 0.0111 0.0024 0.0005 0.0001 0.0000 1.0000 1.0000 0.2083 0.0420 0.0084 0.0017 0.0003 0.0001 1.0000 1.0000 0.5318 0.1044 0.0206 0.0041 0.0008 0.0002 0.0000 1.0000 1.0000 0.2834 0.0581 0.0120 0.0025 0.0005 0.0001 0.0000 1.0000 1.0000 1.0000 1.0000 1.0000 1.0000 1.0000 1.0000 0.0000
0.0000 0.9590 1.0000 1.0000 1.0000 1.0000 1.0000 1.0000 1.0000 1.0000 1.0000 1.0000 1.0000 1.0000 0.2159 0.0464 0.0100 0.0022 0.0005 0.0001 0.0000 1.0000 1.0000 0.2357 0.0508 0.0109 0.0024 0.0005 0.0001 0.0000 1.0000 1.0000 0.2567 0.0553 0.0119 0.0026 0.0006 0.0001 0.0000 1.0000 1.0000 0.2797 0.0603 0.0130 0.0028 0.0006 0.0001 0.0000 1.0000 1.0000 0.3052 0.0657 0.0141 0.0030 0.0007 0.0001 0.0000 1.0000 1.0000 0.3244 0.0691 0.0147 0.0031 0.0007 0.0001 0.0000 1.0000 1.0000 0.2519 0.0502 0.0100 0.0020 0.0004 0.0001 0.0000 1.0000 0.6396 0.1268 0.0251 0.0050 0.0010 0.0002 0.0000 1.0000 1.0000 0.3820 0.0802 0.0170 0.0037 0.0008 0.0002 0.0001 0.0000 0.0000 1.0000 1.0000 1.0000 1.0000 1.0000 1.0000 0.0000
0.0000 0.2067 0.2754 0.3983 0.5472 0.7433 1.0000 1.0000 1.0000 1.0000 1.0000 1.0000 1.0000 1.0000 0.2989 0.0632 0.0136 0.0029 0.0006 0.0001 0.0000 1.0000 1.0000 0.3201 0.0690 0.0149 0.0032 0.0007 0.0001 0.0000 1.0000 1.0000 0.3487 0.0751 0.0162 0.0035 0.0008 0.0002 0.0000 1.0000 1.0000 0.3798 0.0819 0.0176 0.0038 0.0008 0.0002 0.0000 1.0000 1.0000 0.4138 0.0892 0.0192 0.0041 0.0009 0.0002 0.0000 1.0000 1.0000 0.4306 0.0911 0.0191 0.0040 0.0008 0.0002 0.0000 1.0000 1.0000 0.3035 0.0603 0.0119 0.0024 0.0005 0.0001 0.0000 1.0000 0.7854 0.1566 0.0314 0.0063 0.0013 0.0003 0.0001 1.0000 1.0000 0.5318 0.1140 0.0247 0.0056 0.0014 0.0005 0.0002 0.0001 0.0001 0.0001 0.0000 0.0000 0.0000 0.0000 0.0000 0.0000
0.0000 0.0445 0.0594 0.0858 0.1179 0.1602 0.2172 0.2949 0.3998 0.5421 0.7376 1.0000 1.0000 1.0000 0.4629 0.0875 0.0185 0.0040 0.0009 0.0002 0.0000 1.0000 1.0000 0.4347 0.0937 0.0202 0.0044 0.0009 0.0002 0.0000 1.0000 1.0000 0.4736 0.1021 0.0220 0.0047 0.0010 0.0002 0.0000 1.0000 1.0000 0.5159 0.1112 0.0240 0.0052 0.0011 0.0002 0.0001 1.0000 1.0000 0.5609 0.1207 0.0259 0.0056 0.0012 0.0003 0.0001 1.0000 1.0000 0.5620 0.1175 0.0244 0.0050 0.0010 0.0002 0.0000 1.0000 1.0000 0.3657 0.0726 0.0144 0.0029 0.0006 0.0001 0.0000 1.0000 0.9812 0.1975 0.0400 0.0081 0.0017 0.0003 0.0001 0.0000 1.0000 0.7633 0.1677 0.0380 0.0097 0.0032 0.0015 0.0009 0.0006 0.0004 0.0003 0.0002 0.0002 0.0001 0.0002 0.0002 0.0000
0.0000 0.0096 0.0128 0.0185 0.0254 0.0345 0.0468 0.0636 0.0863 0.1170 0.1587 0.2159 0.2989 0.4629 0.4331 0.1355 0.0256 0.0054 0.0012 0.0003 0.0001 1.0000 1.0000 0.5905 0.1273 0.0274 0.0059 0.0013 0.0003 0.0001 1.0000 1.0000 0.6433 0.1386 0.0299 0.0064 0.0014 0.0003 0.0001 1.0000 1.0000 0.7007 0.1510 0.0326 0.0070 0.0015 0.0003 0.0001 0.0000 1.0000 0.7590 0.1629 0.0349 0.0075 0.0016 0.0003 0.0001 0.0000 1.0000 0.7224 0.1496 0.0308 0.0063 0.0013 0.0003 0.0001 1.0000 1.0000 0.4431 0.0883 0.0176 0.0035 0.0007 0.0001 0.0000 1.0000 1.0000 0.2543 0.0520 0.0107 0.0022 0.0005 0.0001 0.0000 1.0000 1.0000 0.2592 0.0669 0.0219 0.0101 0.0059 0.0039 0.0027 0.0019 0.0014 0.0011 0.0009 0.0008 0.0008 0.0008 0.0000
0.0000 0.0021 0.0028 0.0040 0.0055 0.0074 0.0101 0.0137 0.0186 0.0253 0.0343 0.0464 0.0632 0.0875 0.1355 0.1268 0.0397 0.0075 0.0016 0.0003 0.0001 0.0000 1.0000 0.8020 0.1728 0.0372 0.0080 0.0017 0.0004 0.0001 0.0000 1.0000 0.8737 0.1883 0.0406 0.0087 0.0019 0.0004 0.0001 0.0000 1.0000 0.9518 0.2055 0.0443 0.0095 0.0020 0.0004 0.0001 0.0000 1.0000 1.0000 0.2192 0.0467 0.0100 0.0021 0.0004 0.0001 0.0000 1.0000 0.9145 0.1876 0.0383 0.0077 0.0016 0.0003 0.0001 1.0000 1.0000 0.5431 0.1085 0.0217 0.0044 0.0009 0.0002 0.0000 1.0000 1.0000 0.3331 0.0691 0.0144 0.0031 0.0007 0.0001 0.0000 1.0000 1.0000 0.4568 0.1502 0.0687 0.0399 0.0262 0.0179 0.0127 0.0093 0.0071 0.0056 0.0046 0.0039 0.0038 0.0035 0.0000
0.0000 0.0004 0.0006 0.0009 0.0012 0.0016 0.0022 0.0030 0.0040 0.0054 0.0074 0.0100 0.0136 0.0185 0.0256 0.0397 0.0371 0.0116 0.0022 0.0005 0.0001 0.0000 1.0000 1.0000 0.2348 0.0506 0.0109 0.0023 0.0005 0.0001 0.0000 1.0000 1.0000 0.2557 0.0551 0.0119 0.0026 0.0006 0.0001 0.0000 1.0000 1.0000 0.2786 0.0599 0.0129 0.0028 0.0006 0.0001 0.0000 1.0000 1.0000 0.2927 0.0621 0.0131 0.0028 0.0006 0.0001 0.0000 1.0000 1.0000 0.2339 0.0473 0.0095 0.0019 0.0004 0.0001 0.0000 1.0000 0.6720 0.1350 0.0272 0.0055 0.0011 0.0002 0.0000 1.0000 1.0000 0.4448 0.0939 0.0199 0.0043 0.0009 0.0002 0.0000 1.0000 1.0000 1.0000 0.4673 0.2702 0.1755 0.1200 0.0842 0.0610 0.0456 0.0353 0.0282 0.0233 0.0197 0.0182 0.0153 0.0000
0.0000 0.0001 0.0001 0.0002 0.0003 0.0003 0.0005 0.0006 0.0009 0.0012 0.0016 0.0022 0.0029 0.0040 0.0054 0.0075 0.0116 0.0109 0.0034 0.0006 0.0001 0.0000 1.0000 1.0000 0.3189 0.0687 0.0148 0.0032 0.0007 0.0001 0.0000 1.0000 1.0000 0.3474 0.0749 0.0161 0.0035 0.0008 0.0002 0.0000 1.0000 1.0000 0.3777 0.0812 0.0175 0.0038 0.0008 0.0002 0.0000 1.0000 1.0000 0.3871 0.0819 0.0172 0.0036 0.0007 0.0002 0.0000 1.0000 1.0000 0.2899 0.0585 0.0118 0.0024 0.0005 0.0001 0.0000 1.0000 0.8427 0.1702 0.0345 0.0070 0.0014 0.0003 0.0001 1.0000 1.0000 0.6076 0.1299 0.0281 0.0062 0.0014 0.0003 0.0001 0.0000 1.0000 1.0000 1.0000 1.0000 0.7990 0.5567 0.3991 0.2944 0.2243 0.1758 0.1418 0.1173 0.0986 0.0852 0.0668 0.0000
0.0000 0.0000 0.0000 0.0000 0.0001 0.0001 0.0001 0.0001 0.0002 0.0003 0.0003 0.0005 0.0006 0.0009 0.0012 0.0016 0.0022 0.0034 0.0032 0.0010 0.0002 0.0000 1.0000 1.0000 0.4331 0.0933 0.0201 0.0043 0.0009 0.0002 0.0000 1.0000 1.0000 0.4718 0.1017 0.0220 0.0047 0.0010 0.0002 0.0000 1.0000 1.0000 0.5110 0.1099 0.0236 0.0051 0.0011 0.0002 0.0000 1.0000 1.0000 0.5081 0.1064 0.0222 0.0046 0.0010 0.0002 0.0000 1.0000 1.0000 0.3595 0.0725 0.0146 0.0029 0.0006 0.0001 0.0000 1.0000 1.0000 0.2172 0.0444 0.0091 0.0019 0.0004 0.0001 0.0000 1.0000 0.8443 0.1837 0.0405 0.0090 0.0021 0.0005 0.0001 0.0000 0.0000 1.0000 1.0000 1.0000 1.0000 1.0000 1.0000 1.0000 1.0000 0.8754 0.7101 0.5871 0.4882 0.3916 0.2927 0.0000
0.0000 1.0000 1.0000 1.0000 1.0000 0.0000 0.0000 0.0000 0.0000 0.0001 0.0001 0.0001 0.0001 0.0002 0.0003 0.0003 0.0005 0.0006 0.0010 0.0009 0.0003 0.0001 1.0000 1.0000 0.5871 0.1268 0.0273 0.0059 0.0013 0.0003 0.0001 1.0000 1.0000 0.6420 0.1384 0.0298 0.0064 0.0014 0.0003 0.0001 1.0000 1.0000 0.6901 0.1482 0.0318 0.0068 0.0014 0.0003 0.0001 1.0000 1.0000 0.6594 0.1373 0.0284 0.0059 0.0012 0.0002 0.0000 1.0000 1.0000 0.4473 0.0902 0.0182 0.0037 0.0007 0.0001 0.0000 1.0000 1.0000 0.2807 0.0578 0.0119 0.0025 0.0005 0.0001 0.0000 1.0000 1.0000 0.2662 0.0598 0.0137 0.0032 0.0009 0.0003 0.0001 0.0001 0.0000 0.0000 0.0000 0.0000 1.0000 1.0000 1.0000 1.0000 1.0000 1.0000 1.0000 1.0000 1.0000 1.0000 0.0000
0.0000 1.0000 1.0000 1.0000 1.0000 1.0000 1.0000 1.0000 1.0000 1.0000 0.0000 0.0000 0.0000 0.0000 0.0001 0.0001 0.0001 0.0001 0.0002 0.0003 0.0003 0.0001 0.0000 1.0000 0.7960 0.1719 0.0371 0.0080 0.0017 0.0004 0.0001 0.0000 1.0000 0.8704 0.1876 0.0403 0.0087 0.0019 0.0004 0.0001 0.0000 1.0000 0.9303 0.1990 0.0426 0.0091 0.0019 0.0004 0.0001 0.0000 1.0000 0.8475 0.1755 0.0361 0.0074 0.0015 0.0003 0.0001 1.0000 1.0000 0.5588 0.1129 0.0228 0.0046 0.0009 0.0002 0.0000 1.0000 1.0000 0.3671 0.0762 0.0159 0.0033 0.0007 0.0002 0.0000 1.0000 1.0000 0.3931 0.0902 0.0215 0.0058 0.0019 0.0009 0.0005 0.0003 0.0002 0.0001 0.0001 0.0001 0.0001 0.0000 0.0000 0.0000 0.0000 0.0000 1.0000 1.0000 1.0000 1.0000 0.0000
0.0000 0.2251 0.3000 0.4339 0.5961 0.8097 1.0000 1.0000 1.0000 1.0000 1.0000 1.0000 1.0000 1.0000 1.0000 0.0000 0.0000 0.0000 0.0000 0.0001 0.0001 0.0001 0.0000 1.0000 1.0000 0.2330 0.0503 0.0109 0.0023 0.0005 0.0001 0.0000 1.0000 1.0000 0.2538 0.0547 0.0118 0.0025 0.0005 0.0001 0.0000 1.0000 1.0000 0.2662 0.0566 0.0120 0.0025 0.0005 0.0001 0.0000 1.0000 1.0000 0.2230 0.0457 0.0093 0.0019 0.0004 0.0001 0.0000 1.0000 0.7021 0.1424 0.0289 0.0059 0.0012 0.0002 0.0001 1.0000 1.0000 0.4854 0.1019 0.0215 0.0046 0.0010 0.0002 0.0000 1.0000 1.0000 0.5950 0.1426 0.0382 0.0128 0.0058 0.0033 0.0021 0.0014 0.0010 0.0007 0.0005 0.0004 0.0003 0.0002 0.0002 0.0001 0.0001 0.0001 0.0001 0.0000 0.0000 0.0000 0.0000
0.0000 0.0485 0.0647 0.0935 0.1285 0.1745 0.2370 0.3213 0.4364 0.5927 0.8051 1.0000 1.0000 1.0000 1.0000 1.0000 1.0000 1.0000 1.0000 1.0000 0.0000 0.0000 1.0000 1.0000 1.0000 0.3171 0.0681 0.0147 0.0032 0.0007 0.0001 0.0000 1.0000 1.0000 0.3441 0.0740 0.0159 0.0034 0.0007 0.0002 0.0000 1.0000 1.0000 0.3534 0.0749 0.0158 0.0033 0.0007 0.0001 0.0000 1.0000 1.0000 0.2818 0.0576 0.0117 0.0024 0.0005 0.0001 0.0000 1.0000 0.8905 0.1809 0.0369 0.0075 0.0015 0.0003 0.0001 1.0000 1.0000 0.6519 0.1381 0.0295 0.0064 0.0014 0.0003 0.0001 0.0000 1.0000 0.9410 0.2533 0.0850 0.0387 0.0220 0.0140 0.0093 0.0063 0.0044 0.0031 0.0023 0.0017 0.0013 0.0010 0.0008 0.0006 0.0005 0.0004 0.0003 0.0002 0.0001 0.0001 0.0000
0.0000 0.0105 0.0139 0.0202 0.0277 0.0376 0.0511 0.0692 0.0940 0.1277 0.1735 0.2357 0.3201 0.4347 0.5905 0.8020 1.0000 1.0000 1.0000 1.0000 1.0000 1.0000 1.0000 1.0000 1.0000 0.4381 0.0928 0.0199 0.0043 0.0009 0.0002 0.0000 1.0000 1.0000 0.4656 0.1001 0.0215 0.0046 0.0010 0.0002 0.0000 1.0000 1.0000 0.4664 0.0983 0.0206 0.0043 0.0009 0.0002 0.0000 1.0000 1.0000 0.3561 0.0726 0.0148 0.0030 0.0006 0.0001 0.0000 1.0000 1.0000 0.2325 0.0476 0.0098 0.0020 0.0004 0.0001 0.0000 1.0000 0.8871 0.1901 0.0411 0.0090 0.0020 0.0004 0.0001 0.0000 1.0000 1.0000 0.5631 0.2557 0.1448 0.0921 0.0611 0.0413 0.0286 0.0202 0.0146 0.0107 0.0080 0.0061 0.0047 0.0037 0.0029 0.0023 0.0018 0.0014 0.0010 0.0007 0.0005 0.0000
0.0000 0.0023 0.0030 0.0043 0.0060 0.0081 0.0110 0.0149 0.0203 0.0275 0.0374 0.0508 0.0690 0.0937 0.1273 0.1728 0.2348 0.3189 0.4331 0.5871 0.7960 1.0000 1.0000 1.0000 1.0000 0.6746 0.1280 0.0271 0.0058 0.0013 0.0003 0.0001 1.0000 1.0000 0.6299 0.1352 0.0290 0.0062 0.0013 0.0003 0.0001 1.0000 1.0000 0.6111 0.1282 0.0268 0.0056 0.0011 0.0002 0.0000 1.0000 1.0000 0.4507 0.0918 0.0187 0.0038 0.0008 0.0002 0.0000 1.0000 1.0000 0.3000 0.0619 0.0128 0.0027 0.0006 0.0001 0.0000 1.0000 1.0000 0.2662 0.0583 0.0130 0.0029 0.0007 0.0002 0.0000 1.0000 1.0000 1.0000 0.9554 0.6041 0.3998 0.2702 0.1862 0.1309 0.0939 0.0687 0.0512 0.0387 0.0296 0.0229 0.0179 0.0140 0.0109 0.0083 0.0062 0.0045 0.0030 0.0021 0.0000
0.0000 0.0005 0.0006 0.0009 0.0013 0.0017 0.0024 0.0032 0.0044 0.0059 0.0081 0.0109 0.0149 0.0202 0.0274 0.0372 0.0506 0.0687 0.0933 0.1268 0.1719 0.2330 0.3171 0.4381 0.6746 0.6192 0.1963 0.0374 0.0079 0.0017 0.0004 0.0001 0.0000 1.0000 0.8475 0.1820 0.0388 0.0083 0.0018 0.0004 0.0001 0.0000 1.0000 0.7960 0.1658 0.0344 0.0071 0.0015 0.0003 0.0001 1.0000 1.0000 0.5695 0.1162 0.0237 0.0048 0.0010 0.0002 0.0000 1.0000 1.0000 0.3916 0.0812 0.0169 0.0035 0.0007 0.0002 0.0000 1.0000 1.0000 0.3784 0.0844 0.0191 0.0044 0.0010 0.0002 0.0001 0.0000 1.0000 1.0000 1.0000 1.0000 1.0000 1.0000 0.8491 0.6064 0.4406 0.3256 0.2448 0.1865 0.1432 0.1110 0.0862 0.0668 0.0512 0.0385 0.0282 0.0201 0.0133 0.0094 0.0000
0.0000 0.0001 0.0001 0.0002 0.0003 0.0004 0.0005 0.0007 0.0009 0.0013 0.0017 0.0024 0.0032 0.0044 0.0059 0.0080 0.0109 0.0148 0.0201 0.0273 0.0371 0.0503 0.0681 0.0928 0.1280 0.1963 0.1782 0.0570 0.0109 0.0023 0.0005 0.0001 0.0000 1.0000 1.0000 0.2434 0.0519 0.0110 0.0023 0.0005 0.0001 0.0000 1.0000 1.0000 0.2131 0.0440 0.0091 0.0019 0.0004 0.0001 0.0000 1.0000 0.7238 0.1479 0.0302 0.0062 0.0013 0.0003 0.0001 1.0000 1.0000 0.5159 0.1076 0.0226 0.0048 0.0010 0.0002 0.0000 1.0000 1.0000 0.5472 0.1241 0.0285 0.0067 0.0016 0.0004 0.0001 0.0001 0.0000 0.0000 0.0000 1.0000 1.0000 1.0000 1.0000 1.0000 1.0000 1.0000 1.0000 0.8973 0.6901 0.5329 0.4106 0.3146 0.2370 0.1758 0.1275 0.0904 0.0597 0.0420 0.0000
0.0000 0.0000 0.0000 0.0000 0.0001 0.0001 0.0001 0.0001 0.0002 0.0003 0.0004 0.0005 0.0007 0.0009 0.0013 0.0017 0.0023 0.0032 0.0043 0.0059 0.0080 0.0109 0.0147 0.0199 0.0271 0.0374 0.0570 0.0508 0.0164 0.0032 0.0007 0.0001 0.0000 1.0000 1.0000 0.3244 0.0690 0.0146 0.0031 0.0006 0.0001 0.0000 1.0000 1.0000 0.2739 0.0564 0.0116 0.0024 0.0005 0.0001 0.0000 1.0000 0.9232 0.1890 0.0387 0.0079 0.0016 0.0003 0.0001 1.0000 1.0000 0.6862 0.1445 0.0305 0.0065 0.0014 0.0003 0.0001 1.0000 1.0000 0.8082 0.1862 0.0436 0.0106 0.0029 0.0010 0.0004 0.0002 0.0002 0.0001 0.0001 0.0000 0.0000 0.0000 0.0000 1.0000 1.0000 1.0000 1.0000 1.0000 1.0000 1.0000 1.0000 1.0000 1.0000 0.7960 0.5750 0.4044 0.2672 0.1879 0.0000
0.0000 1.0000 1.0000 1.0000 1.0000 0.0000 0.0000 0.0000 0.0000 0.0001 0.0001 0.0001 0.0001 0.0002 0.0003 0.0004 0.0005 0.0007 0.0009 0.0013 0.0017 0.0023 0.0032 0.0043 0.0058 0.0079 0.0109 0.0164 0.0143 0.0047 0.0009 0.0002 0.0000 1.0000 1.0000 0.4315 0.0911 0.0192 0.0040 0.0008 0.0002 0.0000 1.0000 1.0000 0.3507 0.0719 0.0148 0.0030 0.0006 0.0001 0.0000 1.0000 1.0000 0.2429 0.0499 0.0103 0.0021 0.0004 0.0001 0.0000 1.0000 0.9197 0.1956 0.0417 0.0090 0.0019 0.0004 0.0001 0.0000 1.0000 1.0000 0.2850 0.0696 0.0189 0.0064 0.0029 0.0016 0.0010 0.0007 0.0004 0.0003 0.0002 0.0001 0.0001 0.0001 0.0001 0.0000 0.0000 0.0000 0.0000 1.0000 1.0000 1.0000 1.0000 1.0000 1.0000 1.0000 1.0000 1.0000 0.8411 0.0000
0.0000 1.0000 1.0000 1.0000 1.0000 1.0000 1.0000 1.0000 1.0000 1.0000 0.0000 0.0000 0.0000 0.0000 0.0001 0.0001 0.0001 0.0001 0.0002 0.0003 0.0004 0.0005 0.0007 0.0009 0.0013 0.0017 0.0023 0.0032 0.0047 0.0040 0.0013 0.0003 0.0001 1.0000 1.0000 0.5685 0.1197 0.0251 0.0053 0.0011 0.0002 0.0000 1.0000 1.0000 0.4482 0.0921 0.0189 0.0039 0.0008 0.0002 0.0000 1.0000 1.0000 0.3141 0.0649 0.0134 0.0028 0.0006 0.0001 0.0000 1.0000 1.0000 0.2672 0.0576 0.0125 0.0027 0.0006 0.0001 0.0000 1.0000 1.0000 0.4542 0.1239 0.0418 0.0189 0.0106 0.0066 0.0043 0.0029 0.0020 0.0014 0.0010 0.0007 0.0005 0.0004 0.0003 0.0002 0.0002 0.0001 0.0001 0.0001 0.0001 0.0000 0.0000 0.0000 1.0000 1.0000 1.0000 1.0000 1.0000 0.0000
0.0000 0.2453 0.3268 0.4727 0.6494 0.8820 1.0000 1.0000 1.0000 1.0000 1.0000 1.0000 1.0000 1.0000 1.0000 0.0000 0.0000 0.0000 0.0000 0.0001 0.0001 0.0001 0.0001 0.0002 0.0003 0.0004 0.0005 0.0007 0.0009 0.0013 0.0011 0.0004 0.0001 0.0000 1.0000 0.7447 0.1563 0.0327 0.0068 0.0014 0.0003 0.0001 1.0000 1.0000 0.5728 0.1175 0.0241 0.0049 0.0010 0.0002 0.0000 1.0000 1.0000 0.4083 0.0849 0.0177 0.0037 0.0008 0.0002 0.0000 1.0000 1.0000 0.3692 0.0805 0.0177 0.0039 0.0009 0.0002 0.0000 1.0000 1.0000 0.8097 0.2733 0.1234 0.0690 0.0432 0.0282 0.0188 0.0128 0.0088 0.0062 0.0044 0.0032 0.0023 0.0017 0.0013 0.0010 0.0007 0.0006 0.0004 0.0003 0.0002 0.0002 0.0001 0.0001 0.0001 0.0000 0.0000 0.0000 0.0000 0.0000
0.0000 0.0529 0.0704 0.1019 0.1400 0.1901 0.2582 0.3500 0.4754 0.6457 0.8770 1.0000 1.0000 1.0000 1.0000 1.0000 1.0000 1.0000 1.0000 1.0000 0.0000 0.0000 0.0000 0.0000 0.0001 0.0001 0.0001 0.0001 0.0002 0.0003 0.0004 0.0003 0.0001 0.0000 1.0000 0.9719 0.2032 0.0424 0.0088 0.0018 0.0004 0.0001 0.0000 1.0000 0.7321 0.1507 0.0309 0.0064 0.0013 0.0003 0.0001 1.0000 1.0000 0.5359 0.1116 0.0234 0.0049 0.0010 0.0002 0.0000 1.0000 1.0000 0.5179 0.1142 0.0255 0.0058 0.0013 0.0003 0.0001 0.0000 1.0000 1.0000 0.8051 0.4490 0.2813 0.1833 0.1220 0.0825 0.0568 0.0398 0.0283 0.0204 0.0149 0.0110 0.0082 0.0061 0.0046 0.0035 0.0026 0.0020 0.0015 0.0011 0.0008 0.0006 0.0004 0.0003 0.0002 0.0001 0.0001 0.0001 0.0000
0.0000 0.0114 0.0152 0.0220 0.0302 0.0410 0.0556 0.0754 0.1025 0.1392 0.1890 0.2567 0.3487 0.4736 0.6433 0.8737 1.0000 1.0000 1.0000 1.0000 1.0000 1.0000 1.0000 1.0000 1.0000 0.0000 0.0000 0.0000 0.0000 0.0001 0.0001 0.0001 0.0001 0.0000 1.0000 1.0000 0.2626 0.0547 0.0113 0.0023 0.0005 0.0001 0.0000 1.0000 0.9410 0.1934 0.0398 0.0082 0.0017 0.0003 0.0001 0.0000 1.0000 0.7088 0.1484 0.0312 0.0066 0.0014 0.0003 0.0001 1.0000 1.0000 0.7348 0.1645 0.0372 0.0085 0.0020 0.0005 0.0001 0.0000 1.0000 1.0000 1.0000 1.0000 1.0000 0.7899 0.5339 0.3671 0.2562 0.1816 0.1302 0.0948 0.0698 0.0517 0.0385 0.0289 0.0218 0.0164 0.0123 0.0092 0.0068 0.0050 0.0037 0.0026 0.0019 0.0013 0.0010 0.0007 0.0004 0.0003 0.0000
0.0000 0.0025 0.0033 0.0047 0.0065 0.0088 0.0120 0.0163 0.0221 0.0300 0.0407 0.0553 0.0751 0.1021 0.1386 0.1883 0.2557 0.3474 0.4718 0.6420 0.8704 1.0000 1.0000 1.0000 1.0000 1.0000 1.0000 1.0000 1.0000 1.0000 0.0000 0.0000 0.0000 1.0000 1.0000 1.0000 0.3369 0.0704 0.0146 0.0030 0.0006 0.0001 0.0000 1.0000 1.0000 0.2495 0.0514 0.0106 0.0022 0.0005 0.0001 0.0000 1.0000 0.9427 0.1990 0.0422 0.0090 0.0019 0.0004 0.0001 0.0000 1.0000 1.0000 0.2406 0.0552 0.0129 0.0031 0.0008 0.0002 0.0001 0.0000 0.0000 1.0000 1.0000 1.0000 1.0000 1.0000 1.0000 1.0000 0.8347 0.6053 0.4423 0.3268 0.2434 0.1820 0.1363 0.1025 0.0767 0.0574 0.0426 0.0313 0.0228 0.0165 0.0119 0.0085 0.0060 0.0043 0.0030 0.0020 0.0014 0.0000
0.0000 0.0005 0.0007 0.0010 0.0014 0.0019 0.0026 0.0035 0.0048 0.0065 0.0088 0.0119 0.0162 0.0220 0.0299 0.0406 0.0551 0.0749 0.1017 0.1381 0.1876 0.2543 0.3441 0.4656 0.6299 0.8475 1.0000 1.0000 1.0000 1.0000 1.0000 1.0000 1.0000 1.0000 1.0000 1.0000 0.4397 0.0900 0.0187 0.0039 0.0008 0.0002 0.0000 1.0000 1.0000 0.3231 0.0668 0.0139 0.0029 0.0006 0.0001 0.0000 1.0000 1.0000 0.2687 0.0573 0.0123 0.0027 0.0006 0.0001 0.0000 1.0000 1.0000 0.3574 0.0834 0.0198 0.0049 0.0013 0.0005 0.0002 0.0001 0.0001 0.0000 0.0000 0.0000 1.0000 1.0000 1.0000 1.0000 1.0000 1.0000 1.0000 1.0000 1.0000 0.8556 0.6396 0.4790 0.3574 0.2651 0.1948 0.1424 0.1032 0.0743 0.0532 0.0379 0.0270 0.0191 0.0134 0.0088 0.0062 0.0000
0.0000 0.0001 0.0002 0.0002 0.0003 0.0004 0.0006 0.0008 0.0010 0.0014 0.0019 0.0026 0.0035 0.0047 0.0064 0.0087 0.0119 0.0161 0.0220 0.0298 0.0403 0.0547 0.0740 0.1001 0.1352 0.1820 0.2434 0.3244 0.4315 0.5685 0.7447 0.9719 1.0000 1.0000 1.0000 1.0000 0.5728 0.1168 0.0240 0.0050 0.0010 0.0002 0.0000 1.0000 1.0000 0.4209 0.0873 0.0182 0.0038 0.0008 0.0002 0.0000 1.0000 1.0000 0.3657 0.0785 0.0170 0.0037 0.0008 0.0002 0.0000 1.0000 1.0000 0.5400 0.1285 0.0317 0.0087 0.0029 0.0013 0.0007 0.0005 0.0003 0.0002 0.0001 0.0001 0.0001 0.0000 0.0000 0.0000 0.0000 1.0000 1.0000 1.0000 1.0000 1.0000 1.0000 1.0000 1.0000 1.0000 0.8905 0.6445 0.4656 0.3338 0.2384 0.1696 0.1204 0.0854 0.0599 0.0395 0.0278 0.0000
0.0000 0.0000 0.0000 0.0000 0.0001 0.0001 0.0001 0.0002 0.0002 0.0003 0.0004 0.0006 0.0008 0.0010 0.0014 0.0019 0.0026 0.0035 0.0047 0.0064 0.0087 0.0118 0.0159 0.0215 0.0290 0.0389 0.0520 0.0690 0.0911 0.1197 0.1563 0.2032 0.2626 0.3369 0.4397 0.5728 0.4306 0.1536 0.0312 0.0064 0.0013 0.0003 0.0001 1.0000 1.0000 0.5514 0.1148 0.0240 0.0050 0.0011 0.0002 0.0000 1.0000 1.0000 0.5033 0.1089 0.0238 0.0052 0.0012 0.0003 0.0001 1.0000 1.0000 0.8331 0.2059 0.0566 0.0191 0.0086 0.0048 0.0030 0.0019 0.0013 0.0009 0.0006 0.0004 0.0003 0.0002 0.0001 0.0001 0.0001 0.0001 0.0000 0.0000 0.0000 0.0000 1.0000 1.0000 1.0000 1.0000 1.0000 1.0000 1.0000 1.0000 1.0000 0.7590 0.5390 0.3820 0.2682 0.1768 0.1246 0.0000
0.0000 1.0000 1.0000 1.0000 1.0000 0.0000 0.0000 0.0000 0.0000 0.0001 0.0001 0.0001 0.0002 0.0002 0.0003 0.0004 0.0006 0.0008 0.0010 0.0014 0.0019 0.0025 0.0034 0.0046 0.0062 0.0083 0.0110 0.0146 0.0192 0.0251 0.0327 0.0424 0.0547 0.0704 0.0900 0.1168 0.1536 0.1188 0.0417 0.0083 0.0017 0.0004 0.0001 0.0000 1.0000 0.7251 0.1516 0.0318 0.0067 0.0014 0.0003 0.0001 1.0000 1.0000 0.6967 0.1525 0.0336 0.0075 0.0017 0.0004 0.0001 0.0000 1.0000 1.0000 0.3671 0.1239 0.0554 0.0308 0.0192 0.0124 0.0082 0.0055 0.0037 0.0026 0.0018 0.0013 0.0009 0.0007 0.0005 0.0004 0.0003 0.0002 0.0001 0.0001 0.0001 0.0001 0.0000 0.0000 0.0000 0.0000 1.0000 1.0000 1.0000 1.0000 1.0000 1.0000 1.0000 1.0000 0.7914 0.5577 0.0000
0.0000 1.0000 1.0000 1.0000 1.0000 1.0000 1.0000 1.0000 1.0000 1.0000 0.0000 0.0000 0.0000 0.0000 0.0001 0.0001 0.0001 0.0002 0.0002 0.0003 0.0004 0.0005 0.0007 0.0010 0.0013 0.0018 0.0023 0.0031 0.0040 0.0053 0.0068 0.0088 0.0113 0.0146 0.0187 0.0240 0.0312 0.0417 0.0332 0.0114 0.0022 0.0005 0.0001 0.0000 1.0000 0.9608 0.2016 0.0425 0.0090 0.0019 0.0004 0.0001 0.0000 1.0000 0.9774 0.2159 0.0482 0.0109 0.0025 0.0006 0.0001 0.0000 1.0000 1.0000 0.8036 0.3595 0.1990 0.1234 0.0800 0.0528 0.0353 0.0241 0.0166 0.0116 0.0082 0.0059 0.0042 0.0031 0.0023 0.0017 0.0012 0.0009 0.0007 0.0005 0.0004 0.0003 0.0002 0.0001 0.0001 0.0001 0.0001 0.0000 0.0000 0.0000 1.0000 1.0000 1.0000 1.0000 1.0000 1.0000 0.0000
0.0000 0.2672 0.3561 0.5149 0.7074 0.9608 1.0000 1.0000 1.0000 1.0000 1.0000 1.0000 1.0000 1.0000 1.0000 0.0000 0.0000 0.0000 0.0000 0.0001 0.0001 0.0001 0.0002 0.0002 0.0003 0.0004 0.0005 0.0006 0.0008 0.0011 0.0014 0.0018 0.0023 0.0030 0.0039 0.0050 0.0064 0.0083 0.0114 0.0094 0.0032 0.0006 0.0001 0.0000 1.0000 1.0000 0.2697 0.0571 0.0122 0.0026 0.0006 0.0001 0.0000 1.0000 1.0000 0.3093 0.0698 0.0160 0.0037 0.0009 0.0002 0.0001 0.0000 1.0000 1.0000 1.0000 0.7975 0.5149 0.3395 0.2273 0.1545 0.1064 0.0743 0.0526 0.0375 0.0270 0.0195 0.0143 0.0105 0.0078 0.0057 0.0042 0.0031 0.0023 0.0017 0.0013 0.0009 0.0007 0.0005 0.0003 0.0002 0.0002 0.0001 0.0001 0.0001 0.0000 0.0000 0.0000 0.0000 1.0000 0.0000
0.0000 0.0576 0.0767 0.1110 0.1525 0.2071 0.2813 0.3813 0.5179 0.7034 0.9554 1.0000 1.0000 1.0000 1.0000 1.0000 1.0000 1.0000 1.0000 1.0000 0.0000 0.0000 0.0000 0.0000 0.0001 0.0001 0.0001 0.0001 0.0002 0.0002 0.0003 0.0004 0.0005 0.0006 0.0008 0.0010 0.0013 0.0017 0.0022 0.0032 0.0027 0.0009 0.0002 0.0000 1.0000 1.0000 0.3629 0.0775 0.0166 0.0036 0.0008 0.0002 0.0000 1.0000 1.0000 0.4490 0.1028 0.0238 0.0056 0.0013 0.0003 0.0001 0.0000 0.0000 1.0000 1.0000 1.0000 1.0000 1.0000 0.9905 0.6823 0.4754 0.3350 0.2388 0.1715 0.1241 0.0905 0.0663 0.0489 0.0361 0.0267 0.0197 0.0145 0.0107 0.0078 0.0057 0.0041 0.0030 0.0021 0.0015 0.0011 0.0008 0.0006 0.0004 0.0003 0.0002 0.0001 0.0001 0.0001 0.0000 0.0000
0.0000 0.0124 0.0165 0.0239 0.0329 0.0446 0.0606 0.0822 0.1116 0.1516 0.2059 0.2797 0.3798 0.5159 0.7007 0.9518 1.0000 1.0000 1.0000 1.0000 1.0000 1.0000 1.0000 1.0000 1.0000 0.0000 0.0000 0.0000 0.0000 0.0000 0.0001 0.0001 0.0001 0.0001 0.0002 0.0002 0.0003 0.0004 0.0005 0.0006 0.0009 0.0008 0.0003 0.0000 1.0000 1.0000 0.4910 0.1056 0.0228 0.0049 0.0011 0.0002 0.0001 1.0000 1.0000 0.6606 0.1536 0.0362 0.0087 0.0022 0.0006 0.0002 0.0001 0.0000 0.0000 0.0000 1.0000 1.0000 1.0000 1.0000 1.0000 1.0000 1.0000 1.0000 0.7884 0.5739 0.4193 0.3075 0.2269 0.1673 0.1232 0.0909 0.0669 0.0490 0.0357 0.0260 0.0187 0.0135 0.0096 0.0069 0.0049 0.0035 0.0025 0.0018 0.0013 0.0009 0.0006 0.0004 0.0003 0.0002 0.0000
0.0000 0.0027 0.0036 0.0052 0.0071 0.0096 0.0131 0.0177 0.0241 0.0327 0.0444 0.0603 0.0819 0.1112 0.1510 0.2055 0.2786 0.3777 0.5110 0.6901 0.9303 1.0000 1.0000 1.0000 1.0000 1.0000 1.0000 1.0000 1.0000 1.0000 1.0000 0.0000 0.0000 0.0000 0.0000 0.0000 0.0001 0.0001 0.0001 0.0001 0.0002 0.0003 0.0002 0.0001 1.0000 1.0000 0.6669 0.1445 0.0315 0.0069 0.0015 0.0003 0.0001 0.0000 1.0000 0.9887 0.2330 0.0560 0.0139 0.0038 0.0013 0.0006 0.0003 0.0002 0.0001 0.0001 0.0001 0.0000 0.0000 0.0000 1.0000 1.0000 1.0000 1.0000 1.0000 1.0000 1.0000 1.0000 1.0000 0.7750 0.5695 0.4177 0.3058 0.2234 0.1620 0.1175 0.0845 0.0606 0.0433 0.0309 0.0220 0.0156 0.0111 0.0079 0.0056 0.0040 0.0028 0.0020 0.0013 0.0009 0.0000
0.0000 0.0006 0.0008 0.0011 0.0015 0.0021 0.0028 0.0038 0.0052 0.0070 0.0096 0.0130 0.0176 0.0240 0.0325 0.0443 0.0599 0.0812 0.1099 0.1482 0.1990 0.2662 0.3534 0.4664 0.6111 0.7944 1.0000 1.0000 1.0000 1.0000 1.0000 1.0000 1.0000 1.0000 1.0000 1.0000 1.0000 0.0000 0.0000 0.0000 0.0000 0.0000 0.0001 0.0001 0.0000 1.0000 0.9197 0.1993 0.0438 0.0097 0.0022 0.0005 0.0001 0.0000 1.0000 1.0000 0.3608 0.0899 0.0248 0.0084 0.0037 0.0020 0.0013 0.0008 0.0005 0.0004 0.0002 0.0002 0.0001 0.0001 0.0001 0.0000 0.0000 0.0000 0.0000 1.0000 1.0000 1.0000 1.0000 1.0000 1.0000 1.0000 1.0000 1.0000 0.7348 0.5298 0.3806 0.2718 0.1941 0.1381 0.0983 0.0699 0.0497 0.0354 0.0252 0.0179 0.0127 0.0089 0.0059 0.0041 0.0000
0.0000 0.0001 0.0002 0.0002 0.0003 0.0004 0.0006 0.0008 0.0011 0.0015 0.0021 0.0028 0.0038 0.0052 0.0070 0.0095 0.0129 0.0175 0.0236 0.0318 0.0426 0.0566 0.0749 0.0983 0.1280 0.1658 0.2131 0.2739 0.3507 0.4482 0.5728 0.7321 0.9410 1.0000 1.0000 1.0000 1.0000 1.0000 1.0000 1.0000 1.0000 1.0000 1.0000 0.0000 1.0000 1.0000 1.0000 0.2791 0.0613 0.0138 0.0031 0.0007 0.0002 0.0000 1.0000 1.0000 0.5794 0.1599 0.0539 0.0240 0.0132 0.0081 0.0052 0.0034 0.0023 0.0015 0.0011 0.0007 0.0005 0.0004 0.0003 0.0002 0.0001 0.0001 0.0001 0.0001 0.0000 0.0000 0.0000 0.0000 1.0000 1.0000 1.0000 1.0000 1.0000 1.0000 1.0000 1.0000 0.8704 0.6181 0.4397 0.3129 0.2226 0.1584 0.1127 0.0800 0.0567 0.0398 0.0263 0.0185 0.0000
0.0000 0.0000 0.0000 0.0001 0.0001 0.0001 0.0001 0.0002 0.0002 0.0003 0.0004 0.0006 0.0008 0.0011 0.0015 0.0021 0.0028 0.0038 0.0051 0.0068 0.0091 0.0120 0.0158 0.0206 0.0267 0.0344 0.0440 0.0564 0.0719 0.0921 0.1175 0.1507 0.1934 0.2495 0.3231 0.4209 0.5514 0.7251 0.9608 1.0000 1.0000 1.0000 1.0000 1.0000 1.0000 1.0000 1.0000 0.3998 0.0872 0.0196 0.0045 0.0010 0.0002 0.0001 1.0000 1.0000 1.0000 0.3474 0.1545 0.0847 0.0523 0.0336 0.0220 0.0147 0.0099 0.0068 0.0047 0.0033 0.0023 0.0016 0.0012 0.0009 0.0006 0.0005 0.0003 0.0002 0.0002 0.0001 0.0001 0.0001 0.0001 0.0000 0.0000 0.0000 1.0000 1.0000 1.0000 1.0000 1.0000 1.0000 1.0000 1.0000 0.9962 0.7088 0.5043 0.3581 0.2538 0.1782 0.1175 0.0826 0.0000
0.0000 1.0000 1.0000 1.0000 0.0000 0.0000 0.0000 0.0000 0.0001 0.0001 0.0001 0.0001 0.0002 0.0002 0.0003 0.0004 0.0006 0.0008 0.0011 0.0014 0.0019 0.0025 0.0033 0.0043 0.0055 0.0071 0.0091 0.0116 0.0148 0.0189 0.0241 0.0309 0.0398 0.0514 0.0668 0.0873 0.1148 0.1516 0.2016 0.2697 0.3629 0.4910 0.6669 0.9197 1.0000 1.0000 1.0000 0.7335 0.1275 0.0282 0.0065 0.0016 0.0004 0.0001 0.0000 1.0000 1.0000 0.9924 0.5441 0.3357 0.2155 0.1413 0.0939 0.0633 0.0433 0.0299 0.0209 0.0147 0.0105 0.0075 0.0054 0.0039 0.0028 0.0021 0.0015 0.0011 0.0008 0.0006 0.0004 0.0003 0.0002 0.0002 0.0001 0.0001 0.0001 0.0000 0.0000 0.0000 0.0000 1.0000 1.0000 1.0000 1.0000 1.0000 1.0000 1.0000 1.0000 0.7975 0.5258 0.3699 0.0000
0.0000 1.0000 1.0000 1.0000 1.0000 1.0000 1.0000 1.0000 1.0000 0.0000 0.0000 0.0000 0.0000 0.0001 0.0001 0.0001 0.0001 0.0002 0.0002 0.0003 0.0004 0.0005 0.0007 0.0009 0.0011 0.0015 0.0019 0.0024 0.0030 0.0039 0.0049 0.0064 0.0082 0.0106 0.0139 0.0182 0.0240 0.0318 0.0425 0.0571 0.0775 0.1056 0.1445 0.1993 0.2791 0.3998 0.7335 1.0000 0.2457 0.0422 0.0095 0.0023 0.0006 0.0001 0.0000 0.0000 1.0000 1.0000 1.0000 1.0000 0.9041 0.6007 0.4052 0.2765 0.1908 0.1332 0.0940 0.0667 0.0477 0.0343 0.0247 0.0180 0.0131 0.0096 0.0070 0.0051 0.0037 0.0027 0.0020 0.0014 0.0010 0.0008 0.0005 0.0004 0.0003 0.0002 0.0001 0.0001 0.0001 0.0001 0.0000 0.0000 0.0000 1.0000 1.0000 1.0000 1.0000 1.0000 1.0000 1.0000 0.0000
0.0000 0.2910 0.3879 0.5609 0.7706 1.0000 1.0000 1.0000 1.0000 1.0000 1.0000 1.0000 1.0000 1.0000 0.0000 0.0000 0.0000 0.0000 0.0000 0.0001 0.0001 0.0001 0.0001 0.0002 0.0002 0.0003 0.0004 0.0005 0.0006 0.0008 0.0010 0.0013 0.0017 0.0022 0.0029 0.0038 0.0050 0.0067 0.0090 0.0122 0.0166 0.0228 0.0315 0.0438 0.0613 0.0872 0.1275 0.2457 0.4241 0.0847 0.0146 0.0034 0.0009 0.0003 0.0001 0.0000 0.0000 1.0000 1.0000 1.0000 1.0000 1.0000 1.0000 1.0000 0.8491 0.5984 0.4241 0.3029 0.2176 0.1572 0.1140 0.0828 0.0604 0.0441 0.0322 0.0236 0.0172 0.0125 0.0091 0.0066 0.0047 0.0034 0.0025 0.0017 0.0013 0.0009 0.0006 0.0005 0.0003 0.0002 0.0002 0.0001 0.0001 0.0001 0.0000 0.0000 0.0000 0.0000 1.0000 1.0000 0.0000
0.0000 0.0627 0.0836 0.1209 0.1661 0.2256 0.3064 0.4153 0.5641 0.7662 1.0000 1.0000 1.0000 1.0000 1.0000 1.0000 1.0000 1.0000 1.0000 1.0000 0.0000 0.0000 0.0000 0.0000 0.0000 0.0001 0.0001 0.0001 0.0001 0.0002 0.0002 0.0003 0.0003 0.0005 0.0006 0.0008 0.0011 0.0014 0.0019 0.0026 0.0036 0.0049 0.0069 0.0097 0.0138 0.0196 0.0282 0.0422 0.0847 0.2163 0.0287 0.0055 0.0016 0.0005 0.0002 0.0001 0.0001 0.0001 0.0000 0.0000 0.0000 1.0000 1.0000 1.0000 1.0000 1.0000 1.0000 1.0000 0.9943 0.7210 0.5228 0.3813 0.2781 0.2028 0.1482 0.1081 0.0787 0.0570 0.0413 0.0298 0.0215 0.0154 0.0110 0.0079 0.0056 0.0040 0.0028 0.0020 0.0014 0.0010 0.0007 0.0005 0.0004 0.0003 0.0002 0.0001 0.0001 0.0001 0.0000 0.0000 0.0000
0.0000 0.0135 0.0180 0.0261 0.0358 0.0486 0.0660 0.0895 0.1216 0.1651 0.2243 0.3052 0.4138 0.5609 0.7590 1.0000 1.0000 1.0000 1.0000 1.0000 1.0000 1.0000 1.0000 1.0000 1.0000 1.0000 0.0000 0.0000 0.0000 0.0000 0.0000 0.0001 0.0001 0.0001 0.0001 0.0002 0.0002 0.0003 0.0004 0.0006 0.0008 0.0011 0.0015 0.0022 0.0031 0.0045 0.0065 0.0095 0.0146 0.0286 0.1795 0.0108 0.0033 0.0015 0.0008 0.0005 0.0003 0.0002 0.0001 0.0001 0.0001 0.0000 0.0000 0.0000 0.0000 1.0000 1.0000 1.0000 1.0000 1.0000 1.0000 1.0000 1.0000 0.9303 0.6771 0.4938 0.3581 0.2592 0.1872 0.1347 0.0966 0.0692 0.0495 0.0353 0.0251 0.0179 0.0128 0.0091 0.0065 0.0046 0.0033 0.0023 0.0017 0.0012 0.0008 0.0006 0.0004 0.0003 0.0002 0.0001 0.0000
0.0000 0.0029 0.0039 0.0056 0.0077 0.0105 0.0142 0.0193 0.0262 0.0356 0.0483 0.0657 0.0892 0.1207 0.1629 0.2192 0.2927 0.3871 0.5081 0.6594 0.8475 1.0000 1.0000 1.0000 1.0000 1.0000 1.0000 1.0000 1.0000 1.0000 1.0000 1.0000 0.0000 0.0000 0.0000 0.0000 0.0000 0.0001 0.0001 0.0001 0.0002 0.0002 0.0003 0.0005 0.0007 0.0010 0.0016 0.0023 0.0034 0.0055 0.0108 0.2184 0.0101 0.0050 0.0031 0.0021 0.0014 0.0009 0.0006 0.0004 0.0003 0.0002 0.0001 0.0001 0.0001 0.0001 0.0000 0.0000 0.0000 1.0000 1.0000 1.0000 1.0000 1.0000 1.0000 1.0000 1.0000 1.0000 0.8459 0.6076 0.4356 0.3111 0.2217 0.1581 0.1127 0.0803 0.0573 0.0407 0.0289 0.0206 0.0146 0.0104 0.0074 0.0053 0.0038 0.0027 0.0019 0.0013 0.0009 0.0006 0.0000
0.0000 0.0006 0.0008 0.0012 0.0017 0.0023 0.0031 0.0042 0.0056 0.0077 0.0104 0.0141 0.0192 0.0259 0.0349 0.0467 0.0621 0.0819 0.1064 0.1373 0.1755 0.2230 0.2823 0.3567 0.4507 0.5695 0.7238 0.9232 1.0000 1.0000 1.0000 1.0000 1.0000 1.0000 1.0000 1.0000 1.0000 1.0000 0.0000 0.0000 0.0000 0.0001 0.0001 0.0001 0.0002 0.0002 0.0004 0.0006 0.0009 0.0016 0.0033 0.0101 0.1833 0.0254 0.0130 0.0084 0.0058 0.0040 0.0027 0.0019 0.0013 0.0009 0.0006 0.0005 0.0003 0.0002 0.0002 0.0001 0.0001 0.0001 0.0000 0.0000 0.0000 0.0000 1.0000 1.0000 1.0000 1.0000 1.0000 1.0000 1.0000 1.0000 0.9943 0.7088 0.5052 0.3601 0.2567 0.1826 0.1297 0.0923 0.0657 0.0467 0.0332 0.0236 0.0168 0.0120 0.0085 0.0059 0.0039 0.0028 0.0000
0.0000 0.0001 0.0002 0.0003 0.0004 0.0005 0.0007 0.0009 0.0012 0.0017 0.0022 0.0030 0.0041 0.0056 0.0075 0.0100 0.0131 0.0172 0.0222 0.0284 0.0361 0.0456 0.0576 0.0728 0.0918 0.1162 0.1479 0.1890 0.2429 0.3141 0.4083 0.5359 0.7088 0.9427 1.0000 1.0000 1.0000 1.0000 1.0000 1.0000 1.0000 1.0000 0.0000 0.0000 0.0000 0.0001 0.0001 0.0001 0.0003 0.0005 0.0015 0.0050 0.0254 0.2075 0.0747 0.0371 0.0245 0.0169 0.0118 0.0082 0.0057 0.0040 0.0029 0.0020 0.0015 0.0011 0.0008 0.0006 0.0004 0.0003 0.0002 0.0002 0.0001 0.0001 0.0001 0.0000 0.0000 0.0000 0.0000 1.0000 1.0000 1.0000 1.0000 1.0000 1.0000 1.0000 1.0000 0.8190 0.5816 0.4138 0.2944 0.2094 0.1490 0.1060 0.0754 0.0537 0.0380 0.0267 0.0176 0.0124 0.0000
0.0000 0.0000 0.0000 0.0001 0.0001 0.0001 0.0001 0.0002 0.0003 0.0004 0.0005 0.0007 0.0009 0.0012 0.0016 0.0021 0.0028 0.0036 0.0046 0.0059 0.0074 0.0093 0.0117 0.0148 0.0187 0.0237 0.0302 0.0387 0.0499 0.0649 0.0849 0.1116 0.1484 0.1990 0.2687 0.3657 0.5033 0.6967 0.9774 1.0000 1.0000 1.0000 1.0000 1.0000 1.0000 1.0000 0.0000 0.0000 0.0001 0.0002 0.0008 0.0031 0.0130 0.0749 0.3886 0.2139 0.1093 0.0740 0.0515 0.0363 0.0257 0.0183 0.0130 0.0093 0.0067 0.0048 0.0035 0.0025 0.0018 0.0013 0.0010 0.0007 0.0005 0.0004 0.0003 0.0002 0.0001 0.0001 0.0001 0.0001 0.0000 0.0000 0.0000 1.0000 1.0000 1.0000 1.0000 1.0000 1.0000 1.0000 1.0000 0.9392 0.6682 0.4754 0.3382 0.2406 0.1706 0.1195 0.0790 0.0556 0.0000
0.0000 1.0000 1.0000 1.0000 0.0000 0.0000 0.0000 0.0000 0.0001 0.0001 0.0001 0.0001 0.0002 0.0003 0.0003 0.0004 0.0006 0.0007 0.0010 0.0012 0.0015 0.0019 0.0024 0.0030 0.0038 0.0048 0.0062 0.0079 0.0103 0.0134 0.0177 0.0234 0.0312 0.0422 0.0573 0.0785 0.1089 0.1525 0.2159 0.3093 0.4490 0.6606 0.9887 1.0000 1.0000 1.0000 1.0000 0.0000 0.0000 0.0001 0.0005 0.0021 0.0084 0.0371 0.2143 0.9338 0.6275 0.3338 0.2299 0.1614 0.1153 0.0825 0.0590 0.0425 0.0306 0.0221 0.0160 0.0116 0.0084 0.0061 0.0044 0.0032 0.0023 0.0017 0.0012 0.0009 0.0006 0.0004 0.0003 0.0002 0.0002 0.0001 0.0001 0.0001 0.0000 0.0000 0.0000 0.0000 1.0000 1.0000 1.0000 1.0000 1.0000 1.0000 1.0000 1.0000 0.7648 0.5359 0.3540 0.2495 0.0000
