-43.8163 25.0140 -28.5346 -48.4871 3.3657 -33.3922 -35.2899 -20.5687 -39.7612 12.1556 -25.5789 -45.7409 30.8446 -30.2533 -48.6895 -12.2457 -36.0029 -10.6494 -22.8657 -41.7985 18.9479 -27.0937 -47.5659 26.7247 -31.9922 -45.4949 -17.7177 -38.0781 5.1066 -24.3702 -43.9137 25.8520 -28.7342 -48.5745 0.1415 -33.6770 -32.9085 -20.8971 -40.0016 12.9985 -25.7597 -45.9888 31.2052 -30.4624 -48.5682 -13.1927 -36.4229 -7.1005 -23.1098 -41.8169 30.5561 -41.8054 -23.0932 -7.7703 -36.3027 -13.1529 -48.5679 -30.4629 31.2044 -45.9888 -25.7597 12.9985 -40.0016 -20.8971 -32.9085 -33.6770 0.1415 -48.5745 -28.7342 25.8520 -43.9137 -24.3702 5.1066 -38.0781 -17.7177 -45.4949 -31.9922 26.7247 -47.5659 -27.0937 18.9479 -41.7985 -22.8657 -10.6494 -36.0029 -12.2457 -48.6895 -30.2533 30.8446 -45.7409 -25.5789 12.1556 -39.7612 -20.5687 -35.2899 -33.3922 3.3657 -48.4871 -28.5346 25.0140 -43.8163
25.0140 -29.0719 -48.7278 19.4260 -32.3320 -34.8349 -21.6935 -38.9873 11.6650 -26.9171 -45.5919 31.4390 -30.4306 -48.6438 -8.5644 -34.6769 -10.3940 -24.6004 -41.2571 18.2074 -28.0751 -47.6115 34.3323 -31.5908 -45.2902 -17.6745 -37.0837 4.8645 -26.0069 -43.5888 25.1343 -29.3185 -48.7896 15.5915 -32.5078 -32.4349 -22.1348 -39.2553 12.4732 -27.0554 -45.8649 32.2332 -30.5766 -48.5085 -10.3095 -35.1776 -2.7639 -25.7710 -41.2800 17.9285 -32.7878 18.3844 -41.5598 -24.8563 -7.5785 -35.0234 -10.2352 -48.5117 -30.5753 32.2309 -45.8649 -27.0554 12.4732 -39.2553 -22.1348 -32.4349 -32.5078 15.5915 -48.7896 -29.3185 25.1343 -43.5888 -26.0069 4.8645 -37.0837 -17.6745 -45.2902 -31.5908 34.3323 -47.6115 -28.0751 18.2074 -41.2571 -24.6004 -10.3940 -34.6769 -8.5644 -48.6438 -30.4306 31.4390 -45.5919 -26.9171 11.6650 -38.9873 -21.6935 -34.8349 -32.3320 19.4260 -48.7278 -29.0719 25.0140
-28.5346 -48.7278 20.7200 -32.7793 -36.2564 -21.3664 -38.7819 11.0150 -26.8479 -45.3731 30.7821 -30.5574 -48.7128 -6.9573 -34.3934 -12.8259 -24.3806 -41.0301 17.5620 -28.0563 -47.4376 34.6358 -31.8434 -45.9100 -17.0883 -36.8770 3.9051 -25.9020 -43.3595 24.4229 -29.3660 -48.7424 19.0296 -32.8375 -34.3677 -21.7957 -39.0361 11.8155 -26.9919 -45.6496 31.6177 -30.7139 -48.6207 -8.9207 -35.1307 5.4538 -33.5522 -26.1604 0.0166 -29.0498 -48.9807 -28.8431 18.4329 -41.3083 -24.6530 -9.7841 -34.7498 -8.8699 -48.6232 -30.7139 31.6164 -45.6495 -26.9919 11.8155 -39.0361 -21.7957 -34.3677 -32.8375 19.0296 -48.7424 -29.3660 24.4229 -43.3595 -25.9020 3.9051 -36.8770 -17.0883 -45.9100 -31.8434 34.6358 -47.4376 -28.0563 17.5620 -41.0301 -24.3806 -12.8259 -34.3934 -6.9573 -48.7128 -30.5574 30.7821 -45.3731 -26.8479 11.0150 -38.7819 -21.3664 -36.2564 -32.7793 20.7200 -48.7278 -28.5346
-48.4871 19.4260 -32.7793 -36.7962 -21.1465 -38.6182 10.4317 -26.7430 -45.1548 30.0937 -30.4289 -48.7506 -5.1402 -34.0996 -15.4346 -24.1442 -40.8044 16.9223 -27.9296 -47.2535 34.7284 -31.7301 -46.4489 -16.4589 -36.6685 2.8581 -25.8031 -43.1306 23.7185 -29.2310 -48.6741 22.1314 -32.7703 -36.1285 -21.4320 -38.8148 11.1379 -26.8791 -45.4320 30.9621 -30.5787 -48.7007 -7.4501 -34.7934 6.0188 -38.3780 19.2797 -40.7998 -6.9840 -43.6918 17.7480 -46.9539 -28.0659 17.7085 -41.0831 -24.4378 -12.1703 -34.4698 -7.3077 -48.7009 -30.5788 30.9620 -45.4319 -26.8791 11.1379 -38.8148 -21.4320 -36.1285 -32.7703 22.1314 -48.6741 -29.2310 23.7185 -43.1306 -25.8031 2.8581 -36.6685 -16.4589 -46.4489 -31.7301 34.7284 -47.2535 -27.9296 16.9223 -40.8044 -24.1442 -15.4346 -34.0996 -5.1402 -48.7506 -30.4289 30.0937 -45.1548 -26.7430 10.4317 -38.6182 -21.1465 -36.7962 -32.7793 19.4260 -48.4871
3.3657 -32.3320 -36.2564 -21.1465 -38.5515 10.0533 -26.6664 -44.9677 29.4430 -30.3091 -48.7603 -3.0769 -33.7976 -18.1658 -23.8907 -40.5808 16.2890 -27.8015 -47.0599 34.6626 -31.6167 -46.9130 -15.7864 -36.4532 1.7052 -25.7060 -42.9028 23.0247 -29.0929 -48.5862 24.9152 -32.6991 -37.7193 -21.0530 -38.5916 10.4370 -26.7683 -45.2135 30.2868 -30.4388 -48.7462 -5.6229 -34.0954 -7.4760 -34.2417 6.5573 -38.9500 18.7802 -38.4759 17.5594 -34.2885 34.8009 -47.3488 -27.9628 17.0736 -40.8579 -24.2090 -14.6976 -34.1842 -5.4814 -48.7460 -30.4382 30.2867 -45.2135 -26.7683 10.4370 -38.5916 -21.0530 -37.7193 -32.6991 24.9152 -48.5862 -29.0929 23.0247 -42.9028 -25.7060 1.7052 -36.4532 -15.7864 -46.9130 -31.6167 34.6626 -47.0599 -27.8015 16.2890 -40.5808 -23.8907 -18.1658 -33.7976 -3.0769 -48.7603 -30.3091 29.4430 -44.9677 -26.6664 10.0533 -38.5515 -21.1465 -36.2564 -32.3320 3.3657
-33.3922 -34.8349 -21.3664 -38.6182 10.0533 -26.6381 -44.8584 28.9696 -30.2116 -48.7483 -0.8502 -33.5025 -20.8706 -23.6233 -40.3614 15.6670 -27.6740 -46.8606 34.4593 -31.5049 -47.3062 -15.0717 -36.2264 0.4415 -25.6035 -42.6784 22.3486 -28.9543 -48.4827 27.3121 -32.6261 -39.1373 -20.6618 -38.3692 9.7181 -26.6601 -44.9963 29.6030 -30.2980 -48.7605 -3.3663 -33.8042 -20.0948 -28.4319 -45.8888 -32.0450 -8.5288 -33.7825 -16.5769 -29.8596 -42.3163 -33.6148 34.7276 -47.1382 -27.8342 16.4396 -40.6345 -23.9659 -17.3266 -33.8909 -3.3628 -48.7605 -30.2977 29.6030 -44.9963 -26.6601 9.7181 -38.3692 -20.6618 -39.1373 -32.6261 27.3121 -48.4827 -28.9543 22.3486 -42.6784 -25.6035 0.4415 -36.2264 -15.0717 -47.3062 -31.5049 34.4593 -46.8606 -27.6740 15.6670 -40.3614 -23.6233 -20.8706 -33.5025 -0.8502 -48.7483 -30.2116 28.9696 -44.8584 -26.6381 10.0533 -38.6182 -21.3664 -34.8349 -33.3922
-35.2899 -21.6935 -38.7819 10.4317 -26.6664 -44.8584 28.7978 -30.1551 -48.7336 1.1783 -33.2392 -23.3478 -23.3532 -40.1497 15.0570 -27.5445 -46.6525 34.1336 -31.3991 -47.6354 -14.3127 -35.9824 -0.9797 -25.4843 -42.4586 21.6927 -28.8118 -48.3631 29.3528 -32.5551 -40.3945 -20.2586 -38.1449 8.9672 -26.5542 -44.7802 28.9166 -30.1576 -48.7473 -0.8909 -33.5945 -20.7374 -24.2663 -45.8930 -17.4021 -49.1049 -24.0448 -49.2032 -20.1076 -45.9634 -23.8092 2.0556 -36.1381 34.4053 -46.9431 -27.7035 15.8182 -40.4148 -23.7059 -20.0378 -33.5873 -0.9025 -48.7472 -30.1576 28.9166 -44.7802 -26.5542 8.9672 -38.1449 -20.2586 -40.3945 -32.5551 29.3528 -48.3631 -28.8118 21.6927 -42.4586 -25.4843 -0.9797 -35.9824 -14.3127 -47.6354 -31.3991 34.1336 -46.6525 -27.5445 15.0570 -40.1497 -23.3532 -23.3478 -33.2392 1.1783 -48.7336 -30.1551 28.7978 -44.8584 -26.6664 10.4317 -38.7819 -21.6935 -35.2899
-20.5687 -38.9873 11.0150 -26.7430 -44.9677 28.9696 -30.1551 -48.7293 2.3870 -33.0624 -25.2868 -23.1078 -39.9626 14.4954 -27.4175 -46.4356 33.6926 -31.3055 -47.9030 -13.5228 -35.7171 -2.6175 -25.3448 -42.2470 21.0673 -28.6628 -48.2247 31.0649 -32.4915 -41.5034 -19.8446 -37.9183 8.1767 -26.4499 -44.5639 28.2257 -30.0163 -48.7610 1.9190 -33.2727 -22.4710 -23.3457 -41.3376 33.9886 -42.6173 31.5499 -43.5874 34.7434 -40.1873 23.3587 -30.4860 -40.4510 13.2484 -36.0202 34.0915 -46.7160 -27.5690 15.2101 -40.2002 -23.4282 -22.7709 -33.2731 1.9310 -48.7609 -30.0163 28.2257 -44.5639 -26.4499 8.1767 -37.9183 -19.8446 -41.5034 -32.4915 31.0649 -48.2247 -28.6628 21.0673 -42.2470 -25.3448 -2.6175 -35.7171 -13.5228 -47.9030 -31.3055 33.6926 -46.4356 -27.4175 14.4954 -39.9626 -23.1078 -25.2868 -33.0624 2.3870 -48.7293 -30.1551 28.9696 -44.9677 -26.7430 11.0150 -38.9873 -20.5687
-39.7612 11.6650 -26.8479 -45.1548 29.4430 -30.2116 -48.7336 2.3870 -33.0061 -26.3582 -22.9290 -39.8206 14.0333 -27.3034 -46.2255 33.1787 -31.2229 -48.1167 -12.7110 -35.4264 -4.5466 -25.1832 -42.0480 20.4841 -28.5063 -48.0689 32.4441 -32.4387 -42.4673 -19.4252 -37.6897 7.3396 -26.3477 -44.3491 27.5397 -29.8797 -48.8032 5.0508 -33.0644 -25.5268 -23.1426 -39.7293 17.7616 -36.8678 15.0897 -37.2385 15.1403 -35.1894 0.6760 -29.8515 -49.1221 34.3938 -37.5129 -12.8958 -33.1995 33.7788 -46.4742 -27.4336 14.6239 -39.9952 -23.1320 -25.4709 -33.0721 5.0578 -48.8032 -29.8797 27.5397 -44.3492 -26.3474 7.3411 -37.6897 -19.4252 -42.4673 -32.4387 32.4441 -48.0689 -28.5063 20.4841 -42.0480 -25.1832 -4.5466 -35.4264 -12.7110 -48.1167 -31.2229 33.1787 -46.2255 -27.3034 14.0333 -39.8206 -22.9290 -26.3582 -33.0061 2.3870 -48.7336 -30.2116 29.4430 -45.1548 -26.8479 11.6650 -39.7612
12.1556 -26.9171 -45.3731 30.0937 -30.3091 -48.7483 1.1783 -33.0624 -26.3582 -22.8623 -39.7434 13.7186 -27.2162 -46.0450 32.6616 -31.1546 -48.2830 -11.8971 -35.1143 -6.8365 -24.9968 -41.8680 19.9601 -28.3362 -47.8922 33.5119 -32.4081 -43.2868 -19.0099 -37.4564 6.4331 -26.2456 -44.1400 26.8661 -29.7437 -48.8249 8.3760 -32.9804 -28.2255 -22.8070 -39.7765 13.2443 -31.3448 -39.7265 -30.0609 -38.7179 -28.3166 -48.3707 -22.5563 -46.2736 22.3991 -37.3676 -4.7342 -29.0098 -47.0668 -31.2285 33.3091 -46.2057 -27.3248 14.1056 -39.8065 -22.8084 -28.1627 -32.9807 8.3836 -48.8495 -29.7192 26.8517 -44.1320 -26.2443 6.4407 -37.4569 -19.0099 -43.2868 -32.4081 33.5119 -47.8922 -28.3362 19.9601 -41.8680 -24.9968 -6.8365 -35.1143 -11.8971 -48.2830 -31.1546 32.6616 -46.0450 -27.2162 13.7186 -39.7434 -22.8623 -26.3582 -33.0624 1.1783 -48.7483 -30.3091 30.0937 -45.3731 -26.9171 12.1556
-25.5789 -45.5919 30.7821 -30.4289 -48.7603 -0.8502 -33.2392 -25.2868 -22.9290 -39.7434 13.6076 -27.1674 -45.9206 32.2262 -31.1089 -48.3975 -11.1409 -34.8029 -9.4212 -24.7880 -41.7162 19.5326 -28.1493 -47.6889 34.2770 -32.4095 -43.9569 -18.6166 -37.2183 5.4474 -26.1397 -43.8805 25.6926 -29.9188 -48.6212 12.0404 -32.8673 -30.6214 -22.4684 -39.6816 13.6136 -27.6484 -47.9590 -15.7448 -46.6219 -11.9993 -44.8891 23.7199 -40.5906 24.8042 -34.0533 -19.4122 -26.4169 -46.6604 -15.7362 -48.8188 -29.6155 34.2919 -45.4478 -27.2572 13.6790 -39.6433 -22.4593 -30.6895 -33.0874 13.9706 -48.5875 -29.5489 26.1515 -43.9034 -26.1372 5.4623 -37.2199 -18.6167 -43.9568 -32.4095 34.2770 -47.6889 -28.1493 19.5326 -41.7162 -24.7880 -9.4212 -34.8029 -11.1409 -48.3975 -31.1089 32.2262 -45.9206 -27.1674 13.6076 -39.7434 -22.9290 -25.2868 -33.2392 -0.8502 -48.7603 -30.4289 30.7821 -45.5919 -25.5789
-45.7409 31.4390 -30.5574 -48.7506 -3.0769 -33.5025 -23.3478 -23.1078 -39.8206 13.7186 -27.1674 -45.8760 31.9700 -31.0853 -48.4666 -10.5411 -34.5174 -12.0869 -24.5697 -41.5966 19.2129 -27.9479 -47.4588 34.7234 -32.4513 -44.4742 -18.2688 -36.9806 4.3894 -26.0265 -43.5251 27.6895 -30.9342 -48.2757 -2.2890 -31.8013 -33.6698 -23.6005 -37.7455 12.6263 -26.9897 -45.5535 35.4953 -39.6175 27.2835 -38.2263 19.7603 -35.1739 4.1036 -30.2163 -48.0860 -20.5190 -43.8106 33.7338 -38.6182 23.2982 -46.3857 -6.6552 -3.1605 -45.4968 -27.1709 13.1663 -39.4324 -22.5687 -32.7825 -31.0038 -10.7880 -48.2523 -29.4268 25.4057 -43.6583 -26.0239 4.4096 -36.9832 -18.2677 -44.4742 -32.4513 34.7234 -47.4588 -27.9479 19.2129 -41.5966 -24.5697 -12.0869 -34.5174 -10.5411 -48.4666 -31.0853 31.9700 -45.8760 -27.1674 13.7186 -39.8206 -23.1078 -23.3478 -33.5025 -3.0769 -48.7506 -30.5574 31.4390 -45.7409
30.8446 -30.4306 -48.7128 -5.1402 -33.7976 -20.8706 -23.3532 -39.9626 14.0333 -27.2162 -45.9206 31.9700 -31.0784 -48.5001 -10.1709 -34.2958 -14.4362 -24.3641 -41.5144 19.0012 -27.7425 -47.2072 34.8419 -32.5409 -44.8381 -17.9913 -36.7478 3.2571 -25.9104 -43.2188 27.3568 -39.9559 -15.0266 -45.9187 -27.0499 -45.1138 -25.8270 -47.9634 -24.4811 -20.7740 -46.2075 31.8655 -34.6737 -0.1265 -32.6460 -23.9757 -29.3379 -47.6129 -23.1598 -46.6544 16.6978 -38.8394 18.5457 -34.8151 2.5172 -34.4825 14.5822 -29.5235 -48.4759 -10.5226 -45.7761 -26.9561 9.7905 -38.7187 31.6329 -36.8177 -48.6210 -14.6015 -48.2252 -29.3773 24.5378 -43.3839 -25.9024 3.2961 -36.7501 -17.9902 -44.8381 -32.5409 34.8419 -47.2072 -27.7425 19.0012 -41.5144 -24.3641 -14.4362 -34.2958 -10.1709 -48.5001 -31.0784 31.9700 -45.9206 -27.2162 14.0333 -39.9626 -23.3532 -20.8706 -33.7976 -5.1402 -48.7128 -30.4306 30.8446
-30.2533 -48.6438 -6.9573 -34.0996 -18.1658 -23.6233 -40.1497 14.4954 -27.3034 -46.0450 32.2262 -31.0853 -48.5001 -10.0418 -34.1736 -16.0630 -24.2004 -41.4688 18.9141 -27.5500 -46.9572 34.6731 -32.6748 -45.0386 -17.8188 -36.5152 2.0556 -25.7895 -43.0268 24.1711 -38.3455 30.1915 -46.9538 -16.7915 -48.4211 -22.0724 -46.3732 -31.6727 6.8266 -38.6596 18.8071 -31.0333 -46.8994 -23.9348 -48.2666 -16.8891 -45.3068 18.6890 -40.5815 25.5902 -34.7866 -3.4640 -29.8665 -48.2826 -25.7287 -48.0422 -27.1291 -48.2707 -19.1270 -45.3371 35.7180 -44.8154 -26.1049 -10.9321 -34.8981 2.3457 -26.4731 -47.4015 -7.3118 -48.3716 -29.4642 23.5445 -43.0773 -25.7742 2.0934 -36.5165 -17.8189 -45.0386 -32.6748 34.6731 -46.9572 -27.5500 18.9141 -41.4688 -24.2004 -16.0630 -34.1736 -10.0418 -48.5001 -31.0853 32.2262 -46.0450 -27.3034 14.4954 -40.1497 -23.6233 -18.1658 -34.0996 -6.9573 -48.6438 -30.2533
-48.6895 -8.5644 -34.3934 -15.4346 -23.8907 -40.3614 15.0570 -27.4175 -46.2255 32.6616 -31.1089 -48.4666 -10.1709 -34.1736 -16.6600 -24.1080 -41.4469 18.8993 -27.3938 -46.7396 34.3295 -32.8468 -45.0623 -17.7975 -36.2757 0.7664 -25.6513 -42.8071 22.2583 -35.1607 7.3666 -39.6377 33.2608 -42.8106 26.8505 -46.7799 -24.1440 -41.7574 -31.8279 -20.6372 -27.8687 -48.6791 -5.1527 -40.9340 32.4284 -39.0169 21.0688 -36.3620 5.9362 -33.0346 -43.1605 -27.7399 -48.3453 -21.3247 -46.2489 -4.9825 -44.9476 2.5164 -44.4312 33.6556 -39.2666 27.7218 -42.9657 -20.0782 -49.0837 -25.1922 -48.7518 -1.4131 -42.0696 18.6063 -48.6553 -29.7273 22.5107 -42.7522 -25.6409 0.7749 -36.2761 -17.7976 -45.0622 -32.8468 34.3295 -46.7396 -27.3938 18.8993 -41.4469 -24.1080 -16.6600 -34.1736 -10.1709 -48.4666 -31.1089 32.6616 -46.2255 -27.4175 15.0570 -40.3614 -23.8907 -15.4346 -34.3934 -8.5644 -48.6895
-12.2457 -34.6769 -12.8259 -24.1442 -40.5808 15.6670 -27.5445 -46.4356 33.1787 -31.1546 -48.3975 -10.5411 -34.2958 -16.0630 -24.1080 -41.4398 18.8990 -27.2928 -46.5819 33.9703 -33.0273 -44.9125 -17.9459 -36.0345 -0.6332 -25.5008 -42.4823 21.6129 -31.6494 -41.0765 -33.3856 5.7176 -38.2721 20.5124 -40.3912 34.5526 -47.1078 -17.9988 -48.5179 -17.5341 -44.6583 35.1019 -37.2019 14.5760 -37.0292 7.3050 -36.0328 -6.1385 -34.1969 -35.4363 -30.7869 -45.4476 -28.7915 -43.5485 -23.3105 -43.1581 31.4430 -39.2270 22.1015 -37.8769 5.0363 -34.4067 16.7919 -39.4816 31.9383 -44.4195 31.7394 -42.4575 26.0976 -37.3686 21.9577 -48.8810 -29.9594 21.5483 -42.4371 -25.4991 -0.6395 -36.0345 -17.9460 -44.9125 -33.0273 33.9703 -46.5819 -27.2928 18.8990 -41.4398 -24.1080 -16.0630 -34.2958 -10.5411 -48.3975 -31.1546 33.1787 -46.4356 -27.5445 15.6670 -40.5808 -24.1442 -12.8259 -34.6769 -12.2457
-36.0029 -10.3940 -24.3806 -40.8044 16.2890 -27.6740 -46.6525 33.6926 -31.2229 -48.2830 -11.1409 -34.5174 -14.4362 -24.2004 -41.4469 18.8990 -27.2574 -46.4978 33.7085 -33.1756 -44.6543 -18.2098 -35.8056 -2.1010 -25.3495 -42.1667 20.8713 -29.9413 -48.7625 -25.2298 -45.7504 -32.9914 -3.7065 -37.0766 15.4279 -40.2110 33.5777 -42.3706 35.6306 -40.6179 26.9679 -38.2819 16.0519 -37.8516 15.0409 -37.6724 14.5147 -37.3103 13.0097 -36.4284 10.6465 -35.7280 10.9788 -37.1714 31.4504 -21.6577 -33.0038 -6.3041 -32.8269 -29.1728 -29.2354 -47.9018 -29.4553 -1.9921 -35.1270 17.2208 -37.9681 15.5565 -36.7071 3.1126 -34.1332 16.0691 -48.9071 -29.9643 20.7259 -42.1612 -25.3522 -2.1153 -35.8054 -18.2113 -44.6543 -33.1756 33.7085 -46.4978 -27.2574 18.8990 -41.4469 -24.2004 -14.4362 -34.5174 -11.1409 -48.2830 -31.2229 33.6926 -46.6525 -27.6740 16.2890 -40.8044 -24.3806 -10.3940 -36.0029
-10.6494 -24.6004 -41.0301 16.9223 -27.8015 -46.8606 34.1336 -31.3055 -48.1167 -11.8971 -34.8029 -12.0869 -24.3641 -41.4688 18.8993 -27.2928 -46.4978 33.6082 -33.2619 -44.4082 -18.4836 -35.6158 -3.4993 -25.2056 -41.9210 20.0521 -30.0650 -48.5818 -20.5438 -48.7265 -29.1783 -34.1903 -35.0561 6.1350 -38.0561 19.6114 -40.0166 28.9896 -40.0812 31.6821 -40.6960 33.8178 -41.6706 35.5314 -42.3516 34.9569 -42.5794 34.7084 -42.3837 35.3675 -41.7872 34.7840 -41.0129 34.9261 -42.6295 -20.2923 -48.3995 -22.9872 -48.4180 -20.4386 -46.7476 -8.5788 -45.7457 -22.4330 -47.8176 -29.1204 -31.8405 -31.0870 -38.3589 -31.5799 -13.5422 -35.0273 21.1688 -48.7588 -29.7419 20.0151 -41.9284 -25.2101 -3.5384 -35.6138 -18.4851 -44.4082 -33.2619 33.6082 -46.4978 -27.2928 18.8993 -41.4688 -24.3641 -12.0869 -34.8029 -11.8971 -48.1167 -31.3055 34.1336 -46.8606 -27.8015 16.9223 -41.0301 -24.6004 -10.6494
-22.8657 -41.2571 17.5620 -27.9296 -47.0599 34.4593 -31.3991 -47.9030 -12.7110 -35.1143 -9.4212 -24.5697 -41.5144 18.9141 -27.3938 -46.5819 33.7085 -33.2619 -44.3029 -18.6545 -35.4945 -4.6068 -25.0834 -41.7325 19.3991 -30.4959 -48.7618 -23.5268 -48.4400 -30.2464 -13.4984 -35.7549 13.9653 -38.7151 27.9614 -41.2417 35.0758 -43.5068 2.5109 -45.6832 -15.0971 -47.6720 -20.1044 -48.6903 -22.3168 -49.0506 -23.1452 -49.1155 -23.0172 -49.0099 -21.9883 -48.5447 -19.8370 -47.4831 -17.1357 -46.6162 -17.6808 -45.8533 -12.5004 -44.2662 15.3104 -41.4278 36.0762 -40.9963 6.8457 -45.6500 -17.5730 -48.3028 -21.8515 -49.0568 -30.0772 28.4345 -37.9929 20.8487 -48.3419 -29.4926 19.3916 -41.7383 -25.0870 -4.6463 -35.4910 -18.6560 -44.3029 -33.2619 33.7085 -46.5819 -27.3938 18.9141 -41.5144 -24.5697 -9.4212 -35.1143 -12.7110 -47.9030 -31.3991 34.4593 -47.0599 -27.9296 17.5620 -41.2571 -22.8657
-41.7985 18.2074 -28.0563 -47.2535 34.6626 -31.5049 -47.6354 -13.5228 -35.4264 -6.8365 -24.7880 -41.5966 19.0012 -27.5500 -46.7396 33.9703 -33.1756 -44.4082 -18.6545 -35.4534 -5.2014 -25.0018 -41.5979 18.9186 -30.8832 -48.6358 -27.2545 -41.8135 -32.9959 8.7978 -38.0003 27.4922 -41.4559 25.1106 -45.5907 -17.2717 -48.7476 -24.7503 -47.6886 -28.4672 -38.7744 -31.0671 -21.0481 -32.6919 -7.0879 -33.5039 -1.9024 -33.7261 -1.3671 -33.5033 -4.8131 -32.8161 -14.8748 -31.5382 -31.9375 -29.6603 -44.3898 -27.0267 -48.6173 -23.4817 -47.9080 -16.7052 -44.8555 12.6031 -41.5319 33.4277 -41.3315 34.8310 -42.4184 34.3834 -31.1417 -48.8939 -16.4222 -41.0943 10.9918 -48.0049 -29.3937 18.9770 -41.6405 -25.0039 -5.2465 -35.4495 -18.6560 -44.4082 -33.1756 33.9703 -46.7396 -27.5500 19.0012 -41.5966 -24.7880 -6.8365 -35.4264 -13.5228 -47.6354 -31.5049 34.6626 -47.2535 -28.0563 18.2074 -41.7985
18.9479 -28.0751 -47.4376 34.7284 -31.6167 -47.3062 -14.3127 -35.7171 -4.5466 -24.9968 -41.7162 19.2129 -27.7425 -46.9572 34.3295 -33.0273 -44.6543 -18.4836 -35.4945 -5.2013 -24.9738 -41.5285 18.6038 -31.1724 -48.1998 -29.7070 -20.9026 -35.5323 19.1589 -39.9376 32.3242 -45.6247 -19.6676 -49.0705 -27.7640 -35.5336 -32.4039 1.6319 -35.0860 12.9951 -36.4835 19.9835 -37.9402 25.4283 -39.2057 29.0778 -39.8683 30.7451 -40.0190 30.5911 -39.6888 28.6801 -38.8517 24.9982 -37.4703 19.8435 -35.5714 13.4255 -34.4322 3.8922 -32.4642 -26.8563 -28.8221 -48.1519 -23.2662 -47.1853 -7.8054 -42.5901 35.7214 -38.7999 12.8134 -32.3985 -46.0570 -22.0768 -43.9637 -0.8162 -47.7334 -28.7288 17.9727 -41.5622 -24.9754 -5.2502 -35.4910 -18.4851 -44.6543 -33.0273 34.3295 -46.9572 -27.7425 19.2129 -41.7162 -24.9968 -4.5466 -35.7171 -14.3127 -47.3062 -31.6167 34.7284 -47.4376 -28.0751 18.9479
-27.0937 -47.6115 34.6358 -31.7301 -46.9130 -15.0717 -35.9824 -2.6175 -25.1832 -41.8680 19.5326 -27.9479 -47.2072 34.6731 -32.8468 -44.9125 -18.2098 -35.6158 -4.6065 -25.0026 -41.5301 18.4834 -31.3726 -47.6706 -30.9495 -1.7827 -37.3346 29.1144 -42.6600 -13.6901 -48.9351 -27.7073 -27.8129 -33.4358 11.1088 -36.4833 24.8208 -40.0052 35.1406 -42.4293 16.6321 -44.4011 -9.9758 -46.1691 -16.5794 -47.3916 -19.0457 -47.9507 -19.8086 -47.9994 -19.3694 -47.5683 -17.5820 -46.5487 -13.2615 -44.8106 0.8920 -42.9542 32.1698 -41.0249 31.1235 -37.9917 18.6358 -34.9450 2.9835 -31.2426 -44.2290 -24.6511 -47.3332 8.0566 -40.3786 21.9154 -34.9950 -25.2430 -26.5368 -46.2629 2.6259 -43.7150 22.7353 18.9993 -41.5028 -25.0046 -4.6499 -35.6138 -18.2113 -44.9125 -32.8468 34.6731 -47.2072 -27.9479 19.5326 -41.8680 -25.1832 -2.6175 -35.9824 -15.0717 -46.9130 -31.7301 34.6358 -47.6115 -27.0937
-47.5659 34.3323 -31.8434 -46.4489 -15.7864 -36.2264 -0.9797 -25.3448 -42.0480 19.9601 -28.1493 -47.4588 34.8419 -32.6748 -45.0622 -17.9460 -35.8062 -3.4988 -25.0841 -41.6009 18.5531 -31.5358 -47.2222 -31.4875 5.0211 -38.1473 35.5017 -45.7679 -23.7181 -43.4896 -32.1256 11.1719 -36.9805 31.1143 -41.5666 6.4789 -45.8986 -19.5390 -49.0381 -24.9164 -47.5867 -28.2487 -38.7007 -30.5094 -23.3279 -31.8703 -11.0001 -32.5115 -6.4258 -32.6123 -7.4868 -32.2394 -14.8621 -31.3068 -29.5208 -29.6438 -42.8763 -27.0798 -48.9344 -23.3572 -48.3085 -15.9584 -44.6100 29.6800 -40.3227 24.4020 -35.9509 2.9235 -30.4113 -48.3508 -19.4849 -44.0792 32.3271 -37.3283 -1.6033 -28.5423 -47.7561 18.1764 -37.6286 -35.0629 20.1569 -41.5795 -25.0872 -3.5384 -35.8054 -17.9460 -45.0622 -32.6748 34.8419 -47.4588 -28.1493 19.9601 -42.0480 -25.3448 -0.9797 -36.2264 -15.7864 -46.4489 -31.8434 34.3323 -47.5659
26.7247 -31.5908 -45.9100 -16.4589 -36.4532 0.4415 -25.4843 -42.2470 20.4841 -28.3362 -47.6889 34.7234 -32.5409 -45.0386 -17.7976 -36.0350 -2.1011 -25.2057 -41.7314 18.8348 -31.6688 -46.8159 -31.7432 7.3509 -38.2910 28.6706 -47.8837 -27.6529 -7.5054 -35.3714 27.5463 -41.3475 -7.2469 -47.7224 -24.2630 -46.2434 -30.0199 -10.5255 -33.2995 9.7126 -34.7490 18.0047 -36.8606 24.4471 -38.5458 29.1995 -39.5944 31.8077 -40.0621 32.5049 -40.0040 31.5297 -39.4023 28.5340 -38.1947 23.3303 -36.3343 16.3542 -34.5348 6.6617 -32.6183 -26.0198 -28.4660 -49.0079 -21.1077 -45.8567 30.1606 -39.5275 18.0218 -34.0024 -35.0338 -25.2801 -46.6512 35.3541 -38.4428 4.9061 -29.2501 -48.0614 -9.4095 -48.5359 -30.1748 18.8390 -41.7382 -25.2098 -2.1153 -36.0345 -17.7976 -45.0386 -32.5409 34.7234 -47.6889 -28.3362 20.4841 -42.2470 -25.4843 0.4415 -36.4532 -16.4589 -45.9100 -31.5908 26.7247
-31.9922 -45.2902 -17.0883 -36.6685 1.7052 -25.6035 -42.4586 21.0673 -28.5063 -47.8922 34.2770 -32.4513 -44.8381 -17.8189 -36.2761 -0.6315 -25.3492 -41.9126 19.3595 -31.4688 -46.7201 -31.8267 6.9977 -38.2920 17.5404 -48.7344 -29.3392 9.1924 -37.6108 28.9043 -46.6596 -24.3493 -42.7195 -31.3831 7.8753 -35.0030 23.7559 -39.3692 34.8738 -42.1416 6.8855 -44.6008 -14.1053 -46.8685 -19.1508 -48.2580 -21.2222 -48.8793 -22.1100 -49.0352 -22.0875 -48.8611 -21.1188 -48.1732 -18.7564 -46.5961 -12.1172 -44.2319 21.5539 -41.5165 32.1954 -37.9225 16.5667 -34.4631 -12.4558 -28.7922 -49.1257 -15.3096 -42.8352 28.7419 -36.6510 -9.1111 -27.8180 -47.8876 31.5908 -38.7933 5.8517 -29.1714 -47.4019 -12.9981 -47.8691 -29.4255 19.3969 -41.9266 -25.3519 -0.6395 -36.2761 -17.8189 -44.8381 -32.4513 34.2770 -47.8922 -28.5063 21.0673 -42.4586 -25.6035 1.7052 -36.6685 -17.0883 -45.2902 -31.9922
-45.4949 -17.6745 -36.8770 2.8581 -25.7060 -42.6784 21.6927 -28.6628 -48.0689 33.5119 -32.4095 -44.4742 -17.9902 -36.5165 0.7774 -25.4983 -42.1512 20.0273 -30.9336 -47.8506 -31.4942 4.3798 -38.3045 21.0297 -48.8383 -30.0860 14.7848 -39.4796 -12.2739 -49.1227 -29.4956 5.9246 -35.5719 30.4430 -41.3341 -3.1146 -46.4846 -21.3204 -49.3229 -26.3752 -43.2555 -29.7432 -21.8633 -31.8320 -2.1423 -32.8248 4.6752 -33.1967 7.1075 -33.3282 7.0107 -33.2697 4.1670 -32.8983 -4.6425 -31.6346 -30.0999 -28.8576 -47.5163 -24.3126 -48.3441 -13.3182 -43.5302 34.8278 -38.1393 13.1835 -32.7433 -42.9570 -23.3133 -45.6409 34.9398 -38.0663 0.6830 -28.7181 -48.1877 31.5019 -38.7615 2.7306 -28.2014 -46.0922 -0.8334 -47.9888 -29.5282 20.0032 -42.1592 -25.4988 0.7749 -36.5165 -17.9902 -44.4742 -32.4095 33.5119 -48.0689 -28.6628 21.6927 -42.6784 -25.7060 2.8581 -36.8770 -17.6745 -45.4949
-17.7177 -37.0837 3.9051 -25.8031 -42.9028 22.3486 -28.8118 -48.2247 32.4441 -32.4081 -43.9568 -18.2677 -36.7501 2.0934 -25.6415 -42.4438 20.7951 -30.3737 -48.6591 -30.0354 -0.4577 -38.1685 33.0470 -48.5122 -29.8757 15.7366 -40.6199 -19.0904 -45.5854 -32.3879 20.8356 -40.0248 -6.3275 -48.0142 -25.3709 -40.8330 -31.0316 3.9993 -33.5808 17.0421 -36.5706 26.6099 -39.1522 33.4933 -40.8995 33.9324 -41.8611 29.2636 -42.2978 27.0764 -42.2736 31.0341 -41.7285 34.8414 -40.4527 30.3416 -38.0686 19.9479 -35.4197 6.6657 -32.2321 -38.7773 -26.1273 -48.2660 -4.0609 -41.2103 23.9563 -35.6193 -22.7265 -26.4881 -47.0755 35.4368 -38.5402 1.8646 -28.6103 -47.8396 35.2397 -38.1989 -8.5962 -25.7345 -43.8960 11.4604 -48.3734 -29.7869 20.7094 -42.4360 -25.6408 2.0934 -36.7501 -18.2677 -43.9568 -32.4081 32.4441 -48.2247 -28.8118 22.3486 -42.9028 -25.8031 3.9051 -37.0837 -17.7177
-38.0781 4.8645 -25.9020 -43.1306 23.0247 -28.9543 -48.3631 31.0649 -32.4387 -43.2868 -18.6167 -36.9832 3.2940 -25.7768 -42.7758 21.7271 -29.8400 -48.7118 -26.5226 -17.7026 -37.6569 34.8784 -47.2329 -28.7996 12.4092 -40.1345 -19.6186 -41.2358 -34.0639 30.8128 -44.2835 -23.0568 -43.6165 -31.5150 12.5244 -36.5488 31.8229 -41.1753 8.4219 -44.9085 -17.1151 -48.0784 -22.0304 -49.3669 -24.7193 -48.6926 -26.3168 -47.1905 -27.0159 -46.7438 -26.8064 -48.0270 -25.5373 -49.3059 -22.8751 -48.3562 -16.5054 -45.0904 25.6762 -40.9401 26.2918 -36.8168 5.4746 -31.0470 -47.7416 -19.8988 -44.2469 31.6045 -37.3022 -7.8447 -27.6002 -47.4225 35.5080 -38.4269 -2.7179 -27.3883 -46.6919 33.6486 -36.6920 -34.9079 -20.6175 -40.8641 20.4936 -48.7737 -29.9615 21.5436 -42.7519 -25.7740 3.2961 -36.9832 -18.6167 -43.2868 -32.4387 31.0649 -48.3631 -28.9543 23.0247 -43.1306 -25.9020 4.8645 -38.0781
5.1066 -26.0069 -43.3595 23.7185 -29.0929 -48.4827 29.3528 -32.4915 -42.4673 -19.0099 -37.2199 4.4077 -25.9061 -43.1187 22.7117 -29.5933 -48.2907 -19.1932 -46.7455 -35.1059 33.2624 -45.2878 -26.5935 4.3177 -38.4170 -15.4773 -44.2855 -34.2442 33.7871 -46.4175 -26.9318 -4.8484 -35.2115 32.1908 -42.8270 -16.0288 -48.8757 -25.6530 -42.4275 -30.3062 -5.6344 -32.5513 9.0475 -33.5211 15.1551 -35.0221 18.7133 -35.8591 19.9067 -35.9351 18.4095 -35.1497 13.9962 -34.5657 5.4539 -32.8004 -26.4885 -28.6603 -48.9071 -20.9275 -46.0081 31.7838 -39.6786 17.4062 -34.0634 -37.9100 -24.2824 -45.9266 34.6135 -37.9010 -6.1263 -27.3112 -46.9105 34.9728 -37.6247 -19.1862 -24.4748 -44.5324 25.4009 -34.1128 -47.8482 -5.5765 -38.4001 22.3951 -48.9248 -29.9157 22.5078 -43.0780 -25.9024 4.4096 -37.2199 -19.0099 -42.4673 -32.4915 29.3528 -48.4827 -29.0929 23.7185 -43.3595 -26.0069 5.1066
-24.3702 -43.5888 24.4229 -29.2310 -48.5862 27.3121 -32.5551 -41.5034 -19.4252 -37.4569 5.4623 -26.0267 -43.4248 23.6908 -30.1055 -48.5353 -9.8416 -46.4501 -26.5300 12.6912 -46.0902 -23.6746 -23.0791 -36.7546 6.7444 -48.5712 -33.0152 31.1567 -46.4070 -27.6824 6.6846 -37.3560 13.1563 -48.0749 -26.8102 -22.6673 -32.8234 15.4981 -36.7710 30.4455 -40.5532 30.1985 -42.7319 -1.9311 -44.5022 -12.5984 -45.8033 -14.9149 -46.0364 -13.3936 -45.1292 -3.2990 -43.4986 31.6570 -41.2245 29.4556 -37.7000 14.0066 -34.3325 -22.7328 -28.0966 -48.8960 -10.0709 -42.0413 25.1948 -36.0346 -23.9557 -25.8793 -46.4001 34.6049 -37.6467 -14.8952 -25.5574 -45.4867 29.7522 -35.8705 -41.0488 -18.5771 -41.4817 15.2782 -30.8603 -48.2315 35.5941 -37.6509 22.2951 -48.9014 -29.7620 23.5310 -43.3861 -26.0243 5.4623 -37.4569 -19.4252 -41.5034 -32.5551 27.3121 -48.5862 -29.2310 24.4229 -43.5888 -24.3702
-43.9137 25.1343 -29.3660 -48.6741 24.9152 -32.6261 -40.3945 -19.8446 -37.6897 6.4407 -26.1385 -43.6790 24.6459 -30.3951 -48.6698 -18.3916 -44.7052 10.4091 -47.5939 -19.8916 -25.9985 -41.1925 -35.0462 34.9519 -48.2121 -30.6721 22.6094 -44.4732 -26.8535 6.0512 -37.9986 -10.8373 -48.8227 -30.5666 13.3455 -37.8570 33.6691 -44.3626 -17.7592 -48.8859 -24.6360 -47.4051 -28.3012 -35.2000 -30.4787 -19.9732 -31.5190 -15.6462 -31.5156 -25.4416 -30.1937 -41.9128 -27.1949 -49.1277 -21.7200 -46.9390 5.8602 -41.9471 29.0323 -37.9366 6.9540 -31.4930 -47.6474 -19.2427 -44.0211 29.7578 -36.8871 -19.5800 -25.6762 -45.8355 31.7965 -36.5203 -34.1529 -21.6882 -43.1059 21.1024 -33.2221 -48.6172 3.5405 -39.0241 1.0094 -25.9918 -44.7251 30.5436 -38.1016 22.9784 -48.8645 -29.6335 24.5003 -43.6615 -26.1376 6.4407 -37.6897 -19.8446 -40.3945 -32.6261 24.9152 -48.6741 -29.3660 25.1343 -43.9137
25.8520 -29.3185 -48.7424 22.1314 -32.6991 -39.1373 -20.2586 -37.9183 7.3411 -26.2446 -43.9087 25.4570 -30.0354 -48.6939 -26.4386 -48.7075 -9.6080 -43.4540 34.8824 -43.5403 11.3346 -35.2198 22.0714 -44.6648 -27.3619 11.1443 -40.9257 -23.2458 -7.3239 -37.2942 -8.9272 -47.9943 -32.3065 23.8837 -41.9743 -17.5145 -49.2308 -28.7861 -9.8943 -33.2669 13.6093 -35.6323 23.1882 -38.1493 29.2204 -39.4854 30.9620 -39.5978 28.4132 -38.4402 21.4753 -36.7767 11.4344 -34.4295 -14.8419 -29.7194 -48.4118 -20.6425 -45.9607 34.6983 -39.6427 15.1512 -33.5969 -42.9217 -22.1845 -44.8432 30.7015 -36.7255 -27.7108 -23.6653 -44.2364 25.1927 -34.4565 -46.6804 -12.6385 -40.6000 11.2067 -29.8600 -47.6426 35.0278 -36.4994 -41.2324 -16.6866 -42.6768 34.7669 -36.9918 21.6649 -48.8105 -29.5707 25.3604 -43.9057 -26.2443 7.3411 -37.9183 -20.2586 -39.1373 -32.6991 22.1314 -48.7424 -29.3185 25.8520
-28.7342 -48.7896 19.0296 -32.7703 -37.7193 -20.6618 -38.1449 8.1767 -26.3474 -44.1325 26.1526 -29.6973 -48.6890 -23.9449 -20.5556 -28.9319 -48.1538 31.5319 -40.9966 21.3737 -36.7982 10.7595 -40.1842 -20.7870 -17.7225 -37.5707 -11.6461 -42.8547 -35.4150 23.7798 -49.0565 -32.0230 26.8260 -44.3697 -24.6388 -31.9751 -33.6306 20.2032 -39.3589 33.2474 -43.7397 -11.3198 -46.8259 -19.2546 -48.3991 -21.0184 -48.5420 -19.7886 -47.4552 -12.9701 -45.0380 27.2851 -41.7537 28.9669 -38.5234 11.6884 -33.8761 -34.7723 -26.6472 -48.1628 9.0007 -40.7380 19.8293 -34.7766 -39.1486 -22.6578 -44.5839 28.1530 -35.5752 -41.3072 -18.8619 -41.6358 16.4328 -31.6541 -48.8842 28.8969 -38.5059 -9.7816 -24.3119 -43.7187 20.5550 -32.3137 -48.6042 -12.0149 -47.9375 18.5203 -34.0172 17.9428 -48.7670 -29.5769 26.1296 -44.1326 -26.3474 8.1767 -38.1449 -20.6618 -37.7193 -32.7703 19.0296 -48.7896 -28.7342
-48.5745 15.5915 -32.8375 -36.1285 -21.0530 -38.3692 8.9672 -26.4499 -44.3492 26.8492 -29.6270 -48.5564 0.6920 -14.5167 -38.3366 -8.8065 -23.8933 -43.9471 25.6384 -37.6101 3.2231 -37.4722 14.0587 -48.4214 -34.3435 35.1830 -48.8601 -32.1288 30.6920 -47.4622 -29.9330 21.2687 -43.8814 -25.9226 -6.0318 -36.5025 34.9750 -44.9041 -20.3455 -49.1581 -27.9728 -33.2905 -31.7496 -6.9658 -33.2961 -2.6071 -33.2019 -14.1458 -31.3010 -40.6644 -27.3063 -49.0997 -18.9452 -46.0013 31.4781 -40.7654 21.6864 -36.7952 -6.4201 -29.5379 -48.7918 -8.4872 -41.6846 21.8030 -34.9875 -40.8237 -20.9322 -43.2343 22.2207 -33.4494 -48.3324 -2.5975 -39.3770 4.8315 -27.6119 -46.1911 29.9355 -35.4052 -46.2313 -9.7126 -39.7701 3.4827 -27.6432 -48.7596 -29.6438 27.6991 -39.3245 -32.1614 15.8716 -48.7806 -29.6429 26.8492 -44.3492 -26.4499 8.9672 -38.3692 -21.0530 -36.1285 -32.8375 15.5915 -48.5745
0.1415 -32.5078 -34.3677 -21.4320 -38.5916 9.7181 -26.5542 -44.5639 27.5397 -29.7514 -48.8212 15.2239 -31.1030 -49.3376 31.6625 -34.2641 -48.4177 3.0856 -39.5693 9.1855 -36.7289 29.2305 -46.8013 -30.0083 19.5009 -44.3226 -27.5045 13.8073 -42.5333 -25.8181 9.3927 -40.7138 -23.2784 -10.4269 -37.1271 24.8706 -48.3733 -27.6816 -14.8588 -34.4891 15.8552 -37.4420 26.3514 -39.7664 30.0576 -39.9974 26.8558 -38.7215 18.2616 -36.8719 5.3544 -32.9624 -38.8184 -26.7124 -48.5582 -8.1567 -42.9546 29.8792 -38.5166 4.6625 -30.9178 -48.7073 -12.0337 -41.8480 20.7765 -34.1980 -45.9858 -15.5743 -40.9937 13.8114 -30.5480 -48.1358 35.5989 -37.1862 -33.0787 -19.9857 -42.0636 14.9081 -30.7781 -47.9930 35.0469 -36.2649 -42.2127 -27.4766 -20.1966 -38.2858 -21.0302 -38.8600 -32.2503 14.1883 -48.8089 -29.7515 27.5397 -44.5639 -26.5542 9.7181 -38.5916 -21.4320 -34.3677 -32.5078 0.1415
-33.6770 -32.4349 -21.7957 -38.8148 10.4370 -26.6601 -44.7802 28.2257 -29.8802 -48.8207 11.6442 -32.7132 -35.7441 -17.6281 -39.3006 4.3425 -27.9997 -46.1256 30.2927 -37.5600 14.9771 -41.4365 -23.2417 -1.8080 -39.3370 -18.3583 -23.7651 -37.6562 -14.6416 -33.7781 -36.7350 -11.8115 -41.2282 -35.7569 28.2381 -48.9869 -29.9311 9.7176 -38.0543 34.4768 -43.2797 -3.5556 -46.3826 -15.8127 -47.2620 -14.0288 -45.9254 11.3926 -43.1373 34.1353 -39.9511 18.0852 -36.4726 -4.9101 -30.5250 -48.3939 -18.9984 -45.1151 34.9529 -39.3399 8.3582 -31.4263 -48.6801 -9.6173 -41.0853 16.6515 -32.4025 -48.8745 10.0791 -38.9441 -0.7886 -25.6971 -44.4912 23.1703 -33.3792 -48.9983 20.0100 -38.5547 -10.4492 -23.4443 -43.0025 17.1578 -32.0450 -47.8380 -32.4853 15.0166 -40.3188 -21.5958 -37.1363 -32.5187 11.5329 -48.8198 -29.8802 28.2257 -44.7802 -26.6601 10.4370 -38.8148 -21.7957 -32.4349 -33.6770
-32.9085 -22.1348 -39.0361 11.1379 -26.7683 -44.9963 28.9166 -30.0166 -48.8033 8.3897 -32.8956 -33.4997 -24.7469 -42.8583 27.6828 -36.6629 -39.9402 -16.7875 -41.3161 15.7387 -38.0854 5.1578 -47.3558 -35.1473 34.3648 -49.1900 -33.3923 34.3153 -48.8058 -32.5326 34.0145 -48.8084 -32.2779 32.7663 -47.9405 -29.7293 13.9877 -39.6717 6.9650 -48.0527 -24.8898 -46.0525 -29.4550 -36.3627 -30.2270 -41.8345 -27.7010 -48.8327 -20.6677 -46.8729 16.5820 -42.1788 28.9347 -38.6628 9.4355 -32.9423 -43.7715 -23.3009 -46.4899 35.7535 -39.6393 8.4222 -31.0252 -48.7962 6.8566 -40.0453 9.1687 -29.4993 -47.5546 34.5396 -36.2794 -42.7226 -14.3655 -40.4159 7.3975 -27.7204 -45.8650 27.9871 -34.6806 -48.3504 8.0086 -38.4141 -10.1196 -30.8873 -18.6664 -38.1487 35.5972 -45.5489 -26.5315 -35.1499 -32.7439 8.3316 -48.8035 -30.0166 28.9166 -44.9963 -26.7683 11.1379 -39.0361 -22.1348 -32.9085
-20.8971 -39.2553 11.8155 -26.8791 -45.2135 29.6030 -30.1576 -48.7610 5.0583 -33.0302 -29.7039 -30.3672 -48.6511 -14.4629 -41.8464 16.0135 -31.5498 -48.3297 34.8439 -38.6139 29.7358 -46.6444 -30.1566 19.1716 -44.2448 -27.3985 13.5459 -42.6834 -26.1325 12.6254 -42.7733 -26.7463 14.9946 -43.4596 -26.8799 9.4467 -39.5961 -10.8114 -48.7954 -30.3174 -1.8358 -35.8737 13.3606 -37.3472 14.1471 -36.5630 4.5615 -33.1649 -37.6445 -27.5276 -48.8673 -17.0114 -45.2706 35.0523 -39.8075 17.0666 -34.8475 -34.8436 -25.1609 -46.9493 35.7903 -39.3815 4.0888 -29.3525 -48.0584 35.0742 -38.4992 -12.7183 -23.8674 -43.4337 19.2921 -31.8508 -48.6002 35.5112 -36.8274 -38.6925 -16.8336 -41.1278 9.5968 -28.2435 -45.8594 27.3773 -35.0208 -39.1117 -34.7198 24.5977 -45.2288 -24.2200 -42.5220 -27.1783 -31.7443 -32.9509 5.0378 -48.7609 -30.1576 29.6030 -45.2135 -26.8791 11.8155 -39.2553 -20.8971
-40.0016 12.4732 -26.9919 -45.4319 30.2867 -30.2977 -48.7472 1.9246 -33.0830 -27.5083 -30.1084 12.8745 -33.7379 -48.3755 14.1563 -38.2863 -19.3855 -20.1429 -41.5146 21.7237 -41.3096 -21.9019 -7.8208 -38.9126 -15.3178 -33.8529 -36.9266 -8.8362 -40.0854 -36.4347 -11.9723 -32.8887 -37.5092 -17.3022 -22.2472 -37.5841 -2.4797 -48.5043 -32.0195 12.5584 -39.2050 31.9652 -42.3154 35.5128 -42.4301 32.9954 -39.5398 17.6502 -36.4269 -1.4369 -31.9457 -42.8741 -25.8738 -48.2030 0.1686 -41.2453 21.9086 -35.8566 -31.1396 -24.8435 -46.3144 34.0353 -38.2149 -14.0036 -25.2345 -45.3829 27.6701 -35.1910 -46.9853 -5.9980 -39.3067 -0.7146 -24.7757 -43.4886 19.1028 -31.9600 -48.6041 35.5453 -36.8668 -39.2339 -15.7938 -40.6138 6.4812 -33.0585 0.8754 -40.1440 -16.5366 -28.7238 -36.9620 6.4346 -23.7215 -27.7988 -33.0759 1.9246 -48.7472 -30.2977 30.2867 -45.4319 -26.9919 12.4732 -40.0016
12.9985 -27.0554 -45.6495 30.9620 -30.4382 -48.7605 -0.9026 -33.2702 -25.5451 -23.8221 -23.7986 -40.1587 11.6147 -27.7687 -45.0029 22.0130 -31.7597 -47.9479 33.7408 -39.0765 26.6554 -48.9656 -34.4477 34.3181 -48.5170 -32.3968 28.5897 -47.2444 -31.4064 28.2378 -47.6942 -31.9282 33.6352 -49.1365 -33.4131 35.1818 -48.7738 -31.2647 15.9194 -40.4077 20.7231 -46.9007 -18.8910 -48.6342 -19.3418 -46.9911 6.4793 -41.9588 30.6640 -38.3653 17.7736 -36.0196 0.6016 -30.4139 -48.7090 -12.3917 -42.1311 22.1788 -35.5883 -38.4822 -21.7532 -44.2285 25.3581 -35.5552 -44.4960 -15.2947 -41.6675 12.6995 -29.9485 -47.3187 32.6736 -35.3738 -47.3526 0.1044 -38.6487 -7.0001 -23.5980 -43.2313 17.3921 -31.3077 -48.0822 34.6003 -36.3505 -32.7947 -34.5920 29.0785 -47.8396 -31.9119 30.7118 -49.1910 -37.0135 -22.8794 -25.5153 -33.2714 -0.9025 -48.7605 -30.4382 30.9620 -45.6495 -27.0554 12.9985
-25.7597 -45.8649 31.6164 -30.5788 -48.7460 -3.3678 -33.5856 -22.7871 -23.1223 -39.3062 -31.3007 5.9555 -35.8593 -45.1652 2.6361 -37.0610 -32.6296 -16.0297 -40.2927 27.8370 -44.8767 -28.0313 13.3360 -42.3607 -24.5582 5.2283 -40.8345 -22.1766 0.9180 -40.5273 -22.8423 7.0930 -41.7156 -26.0929 15.4755 -44.0890 -27.6611 10.8548 -39.9415 -7.3031 -48.9424 -28.1970 -34.3148 -31.6335 -31.4188 -28.9472 -48.6553 -20.8694 -46.1136 -4.9184 -43.5327 35.3702 -39.5418 11.9640 -31.7569 -48.6365 -8.3518 -41.5250 18.4501 -33.9673 -47.2793 -11.8133 -41.4083 13.0813 -31.1883 -48.6299 34.6018 -38.0357 -25.0545 -20.6345 -42.0958 12.3167 -28.8123 -46.0384 28.0598 -34.4065 -48.8798 19.5364 -38.1611 -19.2484 -21.2916 -42.2193 12.6087 -32.8949 -17.6660 -38.0073 -15.3925 -21.2801 -39.1634 -19.7692 13.2334 -39.8119 -23.1279 -22.7707 -33.5873 -3.3628 -48.7460 -30.5788 31.6164 -45.8649 -25.7597
-45.9888 32.2309 -30.7139 -48.7009 -5.4857 -33.8920 -20.0653 -23.4307 -40.0229 14.2106 -25.8633 -42.4905 10.4510 -25.4323 -42.9021 15.4649 -29.1019 -45.4646 29.9120 -40.1521 -15.1776 -34.9344 -36.8585 7.3586 -47.2401 -35.3155 32.6645 -49.1695 -34.2493 32.9601 -48.9976 -34.0843 5.4524 -41.9395 -36.8294 -16.2347 -22.7303 -37.7716 1.5675 -48.7110 -31.2939 5.2093 -37.5114 16.7138 -37.7865 10.2286 -33.8982 -25.3792 -29.7971 -42.6392 -26.4099 -49.0249 17.7683 -40.3588 8.5121 -30.3440 -48.5848 16.0026 -40.5415 11.8131 -30.8797 -48.4871 35.0191 -38.3780 -16.8422 -23.3447 -44.0075 20.8565 -33.1008 -49.0666 33.5716 -37.0779 -37.5347 -15.9576 -40.5623 5.8469 -26.4820 -44.5220 22.7608 -33.1499 -49.0226 34.4687 -36.9912 -34.5666 -31.5486 15.2642 -43.8951 -27.4867 17.9703 -44.3569 -27.0416 14.0917 -39.9943 -23.4279 -20.0330 -33.8909 -5.4814 -48.7009 -30.7139 32.2309 -45.9888
31.2044 -30.5753 -48.6232 -7.3079 -34.1916 -17.1996 -23.7107 -40.1253 14.2809 -27.5003 -45.8539 27.3438 -32.2561 -48.7409 35.4802 -35.6223 -46.7067 1.5190 -39.4401 34.9069 -48.1611 -32.1707 24.6499 -45.6731 -29.1860 16.6459 -43.5143 -26.7993 13.4335 -42.9795 -27.1525 17.6188 -44.8497 -30.2155 29.0446 -48.5613 -33.0628 34.6350 -48.5289 -30.8615 10.9223 -40.1949 32.3316 -43.2420 35.6384 -40.9861 24.7418 -37.2024 22.1053 -36.7986 16.5734 -27.0586 -47.8317 34.8155 -38.2629 -12.1227 -27.4311 -47.5174 31.3437 -38.9242 -8.2393 -23.9469 -43.9881 20.9179 -33.6792 -48.9658 18.1597 -39.1383 -5.3190 -24.0918 -43.5805 17.7929 -31.1223 -47.8297 33.6334 -35.5653 -46.8908 -2.6402 -38.9247 -5.3358 -23.6253 -43.1476 16.1383 -31.6371 -47.6367 -32.4305 33.8095 -48.6015 -30.4922 29.9023 -46.0326 -27.2971 14.6355 -40.1992 -23.7052 -17.3277 -34.1832 -7.3078 -48.6232 -30.5753 31.2044
-30.4629 -48.5117 -8.8701 -34.4812 -14.3789 -23.9466 -40.2339 14.9885 -30.0529 -47.3216 35.7093 -36.8547 -35.3471 -18.3417 -40.9219 7.0173 -25.9934 -43.5412 28.6631 -42.0741 -23.0727 -0.7113 -39.8707 -17.1328 -29.7999 -37.2997 -4.7749 -43.4363 -35.7563 -1.2819 -41.7898 -36.6612 -15.6933 -12.4301 -40.0415 -23.5655 11.4105 -43.0668 -26.4463 5.3848 -40.2796 35.8783 -45.6358 -17.5886 -48.2736 -7.6533 -44.9473 -9.1058 -47.6205 -24.1427 -47.7180 -47.8071 -5.1071 -44.9053 21.5703 -40.8123 -30.6168 -28.5180 -48.8467 30.1714 -34.6001 -48.7296 16.4565 -38.8674 -6.3375 -24.7230 -44.5331 23.2120 -34.0586 -49.0597 25.1228 -37.9143 -25.7652 -19.7061 -41.6239 10.1793 -27.9868 -45.3796 25.9858 -34.0111 -49.1365 29.6542 -37.4084 -32.5845 -26.5561 -42.3757 -34.6762 13.2745 -48.9176 -31.1410 32.3692 -46.1703 -27.3688 15.2830 -40.4317 -23.9647 -14.7050 -34.4695 -8.8701 -48.5117 -30.4629
-48.5679 -10.2353 -34.7569 -11.8967 -24.9436 -41.0610 24.6636 -35.1203 -45.9824 -14.9641 -41.3812 12.5862 -30.0912 -47.0982 30.7482 -34.2773 -49.1508 30.5792 -39.7034 28.9624 -49.0392 -34.6418 34.0599 -48.3934 -32.4012 25.1665 -45.9293 -29.9231 20.6392 -45.0738 -29.8759 24.7580 -47.3097 -32.1947 34.5206 -48.9894 -34.7913 -7.5772 -38.7868 -37.5778 34.5822 -45.8108 -15.5943 -48.7668 -23.1449 -47.1266 -21.0526 -48.6967 -32.8565 -32.3201 -36.6498 35.3421 -43.2596 24.8488 -42.6313 -0.3333 -35.5709 -48.5950 -18.0031 -40.6160 4.4117 -25.5170 -44.0789 21.0701 -33.3405 -49.0414 23.1655 -39.0814 -5.8562 -24.3480 -43.8819 19.3429 -31.9797 -48.4395 35.2571 -36.0995 -44.8670 -8.9698 -39.4679 -1.0572 -24.4775 -43.5114 17.6873 -31.4093 -48.6023 -26.8719 -2.1289 -37.5126 -11.1311 -47.6933 -33.3476 33.0253 -46.1818 -27.6910 15.6211 -40.6108 -24.2106 -12.1639 -34.7509 -10.2353 -48.5679
