23.9422 -30.8823 -47.6029 -15.7600 -37.2663 0.0250 -23.7944 -42.9769 22.7960 -28.0031 -48.2777 12.9487 -32.9086 -40.1949 -19.6521 -39.1413 9.8567 -25.1281 -45.0911 29.3900 -29.7006 -48.7856 -9.2610 -35.1961 -19.0795 -22.2256 -41.1408 16.8065 -26.5988 -47.0414 30.2515 -31.4470 -47.1516 -16.3635 -37.4988 1.6255 -23.9617 -43.2401 23.6588 -28.2084 -48.3819 9.0375 -33.1009 -38.4623 -20.0187 -39.4052 10.8712 -25.6701 -45.6132 27.3633 -34.5475 30.0402 -45.3693 -25.3034 10.7751 -39.3820 -20.0233 -38.4704 -33.1009 9.0375 -48.3819 -28.2084 23.6588 -43.2401 -23.9617 1.6255 -37.4988 -16.3635 -47.1516 -31.4470 30.2515 -47.0414 -26.5988 16.8065 -41.1408 -22.2256 -19.0795 -35.1961 -9.2610 -48.7856 -29.7006 29.3900 -45.0911 -25.1281 9.8567 -39.1413 -19.6521 -40.1949 -32.9086 12.9487 -48.2777 -28.0031 22.7960 -42.9769 -23.7944 0.0250 -37.2663 -15.7600 -47.6029 -30.8823 23.9422
-30.8823 -47.3065 -14.8648 -36.1713 0.0237 -25.5692 -42.5569 21.9866 -28.7696 -48.4393 27.9972 -32.1016 -39.8426 -20.4421 -38.2892 9.4527 -26.5752 -44.8794 29.2294 -30.0338 -48.7588 -2.5490 -33.7460 -18.6409 -23.8367 -40.5273 16.1377 -27.6963 -47.0252 34.6119 -31.2459 -47.0146 -15.6196 -36.4156 1.4957 -25.7042 -42.8475 22.8572 -28.9250 -48.5708 25.1858 -32.1949 -38.0765 -20.9532 -38.5672 10.4342 -27.1544 -45.8055 -16.7406 27.7544 -46.9984 -30.7295 30.1760 -45.1583 -26.7072 10.3370 -38.5603 -20.9538 -38.0828 -32.1949 25.1858 -48.5708 -28.9250 22.8572 -42.8475 -25.7042 1.4957 -36.4156 -15.6196 -47.0146 -31.2459 34.6119 -47.0252 -27.6963 16.1377 -40.5273 -23.8367 -18.6409 -33.7460 -2.5490 -48.7588 -30.0338 29.2294 -44.8794 -26.5752 9.4527 -38.2892 -20.4421 -39.8426 -32.1016 27.9972 -48.4393 -28.7696 21.9866 -42.5569 -25.5692 0.0237 -36.1713 -14.8648 -47.3065 -30.8823
-47.6029 -14.8648 -36.0850 -0.8742 -25.4524 -42.3463 21.3227 -28.7921 -48.3215 29.8768 -32.4490 -41.0793 -20.0209 -38.0755 8.7280 -26.4921 -44.6548 28.5169 -30.1296 -48.7516 0.0261 -33.4443 -21.3062 -23.5762 -40.3028 15.5010 -27.6601 -46.8314 34.4163 -31.4529 -47.4020 -14.8705 -36.1946 0.2539 -25.5779 -42.6175 22.1664 -28.9502 -48.4690 27.5347 -32.5668 -39.4958 -20.5593 -38.3430 9.6929 -26.9028 -46.2933 -18.3286 -40.1441 -36.9919 -10.5818 -48.7526 -30.2768 29.4141 -44.9377 -26.6294 9.6382 -38.3451 -20.5584 -39.4985 -32.5668 27.5347 -48.4690 -28.9502 22.1664 -42.6175 -25.5779 0.2539 -36.1946 -14.8705 -47.4020 -31.4529 34.4163 -46.8314 -27.6601 15.5010 -40.3028 -23.5762 -21.3062 -33.4443 0.0261 -48.7516 -30.1296 28.5169 -44.6548 -26.4921 8.7280 -38.0755 -20.0209 -41.0793 -32.4490 29.8768 -48.3215 -28.7921 21.3227 -42.3463 -25.4524 -0.8742 -36.0850 -14.8648 -47.6029
-15.7600 -36.1713 -0.8742 -25.4090 -42.2133 20.8122 -28.6864 -48.2009 31.2907 -32.3466 -42.2001 -19.5631 -37.8637 7.9802 -26.3828 -44.4254 27.7839 -29.9997 -48.7743 2.9028 -33.1693 -23.9564 -23.2935 -40.0798 14.8664 -27.5370 -46.6294 34.0867 -31.3319 -47.7298 -14.0576 -35.9630 -1.1098 -25.4543 -42.3842 21.4726 -28.8224 -48.3525 29.4353 -32.4703 -40.7891 -20.1291 -38.1269 8.9469 -26.4750 -44.8410 28.6979 -46.7321 -25.6948 -3.5150 -34.0625 0.3312 -48.7472 -30.1695 28.6945 -44.7100 -26.5183 8.9217 -38.1318 -20.1286 -40.7891 -32.4703 29.4353 -48.3525 -28.8224 21.4726 -42.3842 -25.4543 -1.1098 -35.9630 -14.0576 -47.7298 -31.3319 34.0867 -46.6294 -27.5370 14.8664 -40.0798 -23.2935 -23.9564 -33.1693 2.9028 -48.7743 -29.9997 27.7839 -44.4254 -26.3828 7.9802 -37.8637 -19.5631 -42.2001 -32.3466 31.2907 -48.2009 -28.6864 20.8122 -42.2133 -25.4090 -0.8742 -36.1713 -15.7600
-37.2663 0.0237 -25.4524 -42.2133 20.6225 -28.6185 -48.1001 32.2702 -32.2465 -43.1590 -19.0880 -37.6569 7.2066 -26.2742 -44.1914 27.0379 -29.8716 -48.8117 6.0907 -33.0182 -26.5374 -22.9929 -39.8590 14.2343 -27.4133 -46.4200 33.6596 -31.2094 -48.0027 -13.1696 -35.7218 -2.6152 -25.3123 -42.1477 20.7765 -28.6966 -48.2249 30.9848 -32.3605 -41.9583 -19.6703 -37.9196 8.1704 -26.3862 -44.2116 32.0466 -41.1647 35.6805 -45.7333 -25.0451 -25.5738 -33.2623 1.5309 -48.7517 -30.0369 27.9507 -44.4774 -26.4075 8.1852 -37.9210 -19.6704 -41.9583 -32.3605 30.9848 -48.2249 -28.6966 20.7765 -42.1477 -25.3123 -2.6152 -35.7218 -13.1696 -48.0027 -31.2094 33.6596 -46.4200 -27.4133 14.2343 -39.8590 -22.9929 -26.5374 -33.0182 6.0907 -48.8117 -29.8716 27.0379 -44.1914 -26.2742 7.2066 -37.6569 -19.0880 -43.1590 -32.2465 32.2702 -48.1001 -28.6185 20.6225 -42.2133 -25.4524 0.0237 -37.2663
0.0250 -25.5692 -42.3463 20.8122 -28.6185 -48.0580 32.7834 -32.1757 -43.8683 -18.6384 -37.4665 6.4336 -26.1689 -43.9569 26.2916 -29.7466 -48.8232 9.4614 -32.9577 -28.9769 -22.6772 -39.6421 13.6081 -27.2912 -46.2069 33.1556 -31.0834 -48.2271 -12.1874 -35.4731 -4.2776 -25.1538 -41.9112 20.0872 -28.5740 -48.0885 32.2041 -32.2445 -42.9984 -19.1867 -37.7144 7.4236 -26.3067 -44.1965 26.6283 -36.5827 14.2824 -39.3485 31.5947 -43.7697 -29.1693 -11.3369 -33.4552 4.8113 -48.7942 -29.9125 27.2055 -44.2447 -26.2959 7.4521 -37.7150 -19.1867 -42.9984 -32.2445 32.2041 -48.0885 -28.5740 20.0872 -41.9112 -25.1538 -4.2776 -35.4731 -12.1874 -48.2271 -31.0834 33.1556 -46.2069 -27.2912 13.6081 -39.6421 -22.6772 -28.9769 -32.9577 9.4614 -48.8232 -29.7466 26.2916 -43.9569 -26.1689 6.4336 -37.4665 -18.6384 -43.8683 -32.1757 32.7834 -48.0580 -28.6185 20.8122 -42.3463 -25.5692 0.0250
-23.7944 -42.5569 21.3227 -28.6864 -48.1001 32.7834 -32.1504 -44.2578 -18.2989 -37.3143 5.7454 -26.0728 -43.7303 25.5565 -29.6259 -48.8109 12.8592 -32.8805 -31.2814 -22.3416 -39.4286 12.9850 -27.1717 -45.9907 32.5900 -30.9499 -48.4098 -11.0713 -35.2220 -6.0845 -24.9801 -41.6709 19.3926 -28.4566 -47.9445 33.1287 -32.1155 -43.9345 -18.6662 -37.5132 6.6597 -26.1921 -44.0395 26.2049 -32.3193 -34.0597 -32.5328 -6.8260 -33.6736 -11.8671 24.9008 -36.0333 -12.6595 -33.1171 8.2898 -48.7717 -29.8571 26.3143 -42.9998 -27.2834 6.7023 -37.5147 -18.6662 -43.9345 -32.1155 33.1287 -47.9445 -28.4566 19.3926 -41.6709 -24.9801 -6.0845 -35.2220 -11.0713 -48.4098 -30.9499 32.5900 -45.9907 -27.1717 12.9850 -39.4286 -22.3416 -31.2814 -32.8805 12.8592 -48.8109 -29.6259 25.5565 -43.7303 -26.0728 5.7454 -37.3143 -18.2989 -44.2578 -32.1504 32.7834 -48.1001 -28.6864 21.3227 -42.5569 -23.7944
-42.9769 21.9866 -28.7921 -48.2009 32.2702 -32.1757 -44.2578 -18.1715 -37.2291 5.2515 -25.9973 -43.5321 24.8777 -29.5180 -48.7792 16.0823 -32.7851 -33.4326 -21.9844 -39.2166 12.3574 -27.0556 -45.7751 31.9850 -30.8053 -48.5545 -9.7656 -34.9737 -8.0041 -24.7938 -41.4230 18.6817 -28.3479 -47.7991 33.7855 -31.9641 -44.7832 -18.0950 -37.3216 5.8795 -26.0771 -43.7686 25.8434 -29.7123 -48.8307 -21.6165 -48.9480 -23.1834 -49.1429 -19.5957 -41.4949 3.9547 -30.4778 -31.6943 -32.5637 8.3048 -49.3517 -24.9892 -22.0469 -48.5016 -27.9465 5.9339 -37.3224 -18.0950 -44.7832 -31.9641 33.7855 -47.7991 -28.3479 18.6817 -41.4230 -24.7938 -8.0041 -34.9737 -9.7656 -48.5545 -30.8053 31.9850 -45.7751 -27.0556 12.3574 -39.2166 -21.9844 -33.4326 -32.7851 16.0823 -48.7792 -29.5180 24.8777 -43.5321 -25.9973 5.2515 -37.2291 -18.1715 -44.2578 -32.1757 32.2702 -48.2009 -28.7921 21.9866 -42.9769
22.7960 -28.7696 -48.3215 31.2907 -32.2465 -43.8683 -18.2989 -37.2291 5.0664 -25.9549 -43.3919 24.3489 -29.4323 -48.7379 18.8634 -32.6814 -35.3687 -21.6091 -39.0059 11.7235 -26.9442 -45.5624 31.3577 -30.6450 -48.6611 -8.2122 -34.7367 -9.9632 -24.5993 -41.1636 17.9424 -28.2509 -47.6548 34.2183 -31.7880 -45.5543 -17.4553 -37.1418 5.1051 -25.9625 -43.3367 26.8192 -28.7593 -48.7079 6.0576 -41.9137 33.8195 -42.9882 35.3487 -40.4781 15.7017 -31.0531 -48.2877 -23.6816 -36.7282 -32.8228 31.0504 -41.9196 15.1700 -30.8693 -48.1760 -26.9925 5.1882 -37.1413 -17.4543 -45.5555 -31.7914 34.2196 -47.6548 -28.2509 17.9424 -41.1636 -24.5993 -9.9632 -34.7367 -8.2122 -48.6611 -30.6450 31.3577 -45.5624 -26.9442 11.7235 -39.0059 -21.6091 -35.3687 -32.6814 18.8634 -48.7379 -29.4323 24.3489 -43.3919 -25.9549 5.0664 -37.2291 -18.2989 -43.8683 -32.2465 31.2907 -48.3215 -28.7696 22.7960
-28.0031 -48.4393 29.8768 -32.3466 -43.1590 -18.6384 -37.3143 5.2515 -25.9549 -43.3405 24.0519 -29.3757 -48.6983 21.0047 -32.5785 -37.0339 -21.2253 -38.8018 11.0858 -26.8375 -45.3525 30.7276 -30.4606 -48.7308 -6.2594 -34.5289 -11.8173 -24.4044 -40.8834 17.1481 -28.1758 -47.5196 34.4621 -31.5687 -46.2630 -16.7113 -36.9790 4.3670 -25.8522 -42.9670 30.7572 -36.7462 -44.7698 34.3637 -37.3183 21.4329 -40.3612 27.9237 -38.8391 10.8997 -32.8769 -48.3234 -10.6651 -41.5395 -18.5513 -47.2336 -30.7747 2.7691 -33.0028 -43.7093 -14.1316 -43.7132 -25.8889 4.4484 -36.9814 -16.7475 -46.2282 -31.5584 34.4658 -47.5200 -28.1760 17.1481 -40.8834 -24.4044 -11.8173 -34.5289 -6.2594 -48.7308 -30.4606 30.7276 -45.3525 -26.8375 11.0858 -38.8018 -21.2253 -37.0339 -32.5785 21.0047 -48.6983 -29.3757 24.0519 -43.3405 -25.9549 5.2515 -37.3143 -18.6384 -43.1590 -32.3466 29.8768 -48.4393 -28.0031
-48.2777 27.9972 -32.4490 -42.2001 -19.0880 -37.4665 5.7454 -25.9973 -43.3919 24.0519 -29.3558 -48.6732 22.3387 -32.4939 -38.3083 -20.8684 -38.6171 10.4716 -26.7389 -45.1550 30.1159 -30.2511 -48.7602 -3.6540 -34.3776 -13.2718 -24.2292 -40.5722 16.2683 -28.1393 -47.4140 34.5530 -31.2878 -46.9127 -15.8113 -36.8471 3.7380 -25.7463 -42.7887 29.3705 -42.7610 -8.0647 -44.1828 -30.9660 -0.4289 -34.3292 3.5692 -42.3624 22.3999 -35.9124 -39.7862 -22.4909 -44.2681 33.5393 -38.9262 10.8680 -47.1221 -21.2249 -48.9140 -14.8179 -42.3952 31.8512 -42.7333 -25.7346 3.3832 -35.5051 -18.7785 -47.0479 -31.2564 34.5565 -47.4149 -28.1395 16.2683 -40.5722 -24.2292 -13.2718 -34.3776 -3.6540 -48.7602 -30.2511 30.1159 -45.1550 -26.7389 10.4716 -38.6171 -20.8684 -38.3083 -32.4939 22.3387 -48.6732 -29.3558 24.0519 -43.3919 -25.9973 5.7454 -37.4665 -19.0880 -42.2001 -32.4490 27.9972 -48.2777
12.9487 -32.1016 -41.0793 -19.5631 -37.6569 6.4336 -26.0728 -43.5321 24.3489 -29.3757 -48.6732 22.7820 -32.4458 -39.0930 -20.5876 -38.4683 9.9302 -26.6512 -44.9725 29.5398 -30.0351 -48.7768 -0.2102 -34.3031 -14.0087 -24.0998 -40.2238 15.2792 -28.1667 -47.3656 34.5287 -30.9159 -47.4882 -14.6985 -36.7715 3.3750 -25.6385 -42.6206 22.4924 -37.6670 28.0981 -43.7821 -12.1512 -47.8911 -16.5294 -36.3583 -27.8259 -16.1978 -41.3750 9.9115 -30.7942 -48.5266 3.6176 -41.0805 27.4468 -38.5990 33.1638 -41.5354 35.6009 -40.6745 20.4615 -36.4895 22.4964 -42.8454 -22.5028 -47.3698 -46.9381 -22.3483 -47.6027 -30.8992 34.5330 -47.3666 -28.1666 15.2792 -40.2238 -24.0998 -14.0087 -34.3031 -0.2102 -48.7768 -30.0351 29.5398 -44.9725 -26.6512 9.9302 -38.4683 -20.5876 -39.0930 -32.4458 22.7820 -48.6732 -29.3757 24.3489 -43.5321 -26.0728 6.4336 -37.6569 -19.5631 -41.0793 -32.1016 12.9487
-32.9086 -39.8426 -20.0209 -37.8637 7.2066 -26.1689 -43.7303 24.8777 -29.4323 -48.6983 22.3387 -32.4458 -39.3583 -20.4283 -38.3704 9.5249 -26.5790 -44.8105 29.0237 -29.8338 -48.8214 3.9612 -34.3866 -13.8743 -24.0371 -39.8594 14.2206 -28.2961 -47.4181 34.3439 -30.4116 -47.9687 -13.3642 -36.7342 3.6156 -25.5231 -42.3034 20.9896 -32.8509 -9.5665 -37.2064 21.2819 -39.6055 28.9874 -38.5085 8.3807 -28.8292 -47.3562 31.8683 -36.7272 -33.7649 -25.8925 -47.0339 -3.9719 -43.1618 35.1719 -41.2430 34.9325 -40.4463 16.8024 -35.0807 -33.7876 -31.5591 12.9878 -37.5970 15.1374 -30.5444 -48.3387 -21.0860 -48.0115 -30.4171 34.3529 -47.4186 -28.2960 14.2206 -39.8594 -24.0371 -13.8743 -34.3866 3.9612 -48.8214 -29.8338 29.0237 -44.8105 -26.5790 9.5249 -38.3704 -20.4283 -39.3583 -32.4458 22.3387 -48.6983 -29.4323 24.8777 -43.7303 -26.1689 7.2066 -37.8637 -20.0209 -39.8426 -32.9086
-40.1949 -20.4421 -38.0755 7.9802 -26.2742 -43.9569 25.5565 -29.5180 -48.7379 21.0047 -32.4939 -39.0930 -20.4283 -38.3358 9.3032 -26.5318 -44.6897 28.5944 -29.6642 -48.8607 8.3315 -34.7027 -12.9392 -24.0551 -39.5241 13.2407 -28.5712 -47.6157 33.5587 -29.7288 -48.3230 -11.7529 -36.6023 3.7002 -25.9532 -41.3841 20.5495 -29.4828 -48.7668 -26.9432 -37.3879 -32.2654 -7.1957 -32.7189 -20.9977 -28.5451 -48.6772 22.7342 -39.8327 10.6743 -34.1865 -35.5042 -28.6376 -48.0184 -24.6383 -48.9802 -20.5845 -47.5779 -15.6372 -33.9210 -30.3144 -24.9853 -48.3839 -26.1400 -36.0246 -30.1869 -46.2574 -20.6436 -44.4018 -13.3239 -48.3480 -29.7396 33.5692 -47.6180 -28.5712 13.2407 -39.5241 -24.0551 -12.9392 -34.7027 8.3315 -48.8607 -29.6642 28.5944 -44.6897 -26.5318 9.3032 -38.3358 -20.4283 -39.0930 -32.4939 21.0047 -48.7379 -29.5180 25.5565 -43.9569 -26.2742 7.9802 -38.0755 -20.4421 -40.1949
-19.6521 -38.2892 8.7280 -26.3828 -44.1914 26.2916 -29.6259 -48.7792 18.8634 -32.5785 -38.3083 -20.5876 -38.3704 9.3032 -26.5155 -44.6260 28.3159 -29.5440 -48.8649 12.1633 -35.1062 -11.4364 -24.1397 -39.2718 12.5278 -29.0430 -47.9326 30.5905 -28.9534 -48.5114 -9.9937 -36.7804 9.3534 -32.5049 -22.2638 -25.2408 -27.1453 -47.0371 -4.8614 -45.1357 -18.9255 -48.2274 -22.8216 -48.2756 -20.8047 -46.2185 9.3680 -40.8010 29.0031 -38.2974 18.0039 -36.4947 11.8574 -35.0548 4.0687 -33.4310 -15.4731 -32.1135 -15.2701 -33.2666 14.4054 -42.8617 35.6671 -42.7372 -10.4139 -46.9812 -10.4525 -45.1106 33.8873 -38.4394 -9.4004 -48.5140 -29.0517 30.7449 -47.9397 -29.0465 12.5275 -39.2718 -24.1397 -11.4364 -35.1062 12.1633 -48.8649 -29.5440 28.3159 -44.6260 -26.5155 9.3032 -38.3704 -20.5876 -38.3083 -32.5785 18.8634 -48.7792 -29.6259 26.2916 -44.1914 -26.3828 8.7280 -38.2892 -19.6521
-39.1413 9.4527 -26.4921 -44.4254 27.0379 -29.7466 -48.8109 16.0823 -32.6814 -37.0339 -20.8684 -38.4683 9.5249 -26.5318 -44.6260 28.2260 -29.4822 -48.8574 14.8496 -35.4321 -9.8250 -24.2517 -39.1410 12.2514 -30.1400 -48.2543 21.6483 -28.6350 -48.4095 -10.1235 -37.7002 17.0301 -38.1999 33.9408 -46.4178 -18.7115 -45.1734 0.4236 -42.9370 -6.5293 -45.4991 -16.7044 -46.5864 -18.2027 -46.4544 -15.7763 -45.3089 -7.8762 -44.4759 7.0228 -43.5354 28.5244 -42.3896 35.2014 -40.6306 28.2279 -38.2049 18.4850 -37.3169 14.7648 -38.8806 20.2952 -37.8851 17.2518 -37.9731 26.7585 -39.6936 23.2200 -37.6571 12.1543 -37.5312 -11.8824 -48.2084 -29.1377 22.0856 -48.2737 -30.4515 12.2494 -39.1415 -24.2512 -9.8250 -35.4321 14.8496 -48.8574 -29.4822 28.2260 -44.6260 -26.5318 9.5249 -38.4683 -20.8684 -37.0339 -32.6814 16.0823 -48.8109 -29.7466 27.0379 -44.4254 -26.4921 9.4527 -39.1413
9.8567 -26.5752 -44.6548 27.7839 -29.8716 -48.8232 12.8592 -32.7851 -35.3687 -21.2253 -38.6171 9.9302 -26.5790 -44.6897 28.3159 -29.4822 -48.8535 16.2028 -35.6359 -8.6004 -24.3539 -39.1091 13.8141 -29.5297 -47.7306 -17.3568 -26.8907 -46.9780 -14.9537 -39.5362 29.7667 -40.4437 33.9627 -44.2435 -14.7257 -47.1155 -21.4721 -48.5423 -24.5817 -48.3280 -27.0242 -45.9568 -28.4880 -43.1938 -29.0797 -42.2501 -28.8952 -43.8684 -28.0069 -46.8631 -26.3473 -49.0061 -23.7639 -48.7942 -18.8454 -46.4855 -3.6865 -43.5437 35.1163 -40.7984 28.2048 -38.8031 15.9340 -37.1886 7.8222 -36.5193 4.5329 -35.3060 -24.1483 -32.3193 1.7565 -35.7008 -15.7546 -45.3309 -27.1836 -19.8377 -46.5188 -29.8990 14.0898 -39.1107 -24.3530 -8.6004 -35.6359 16.2028 -48.8535 -29.4822 28.3159 -44.6897 -26.5790 9.9302 -38.6171 -21.2253 -35.3687 -32.7851 12.8592 -48.8232 -29.8716 27.7839 -44.6548 -26.5752 9.8567
-25.1281 -44.8794 28.5169 -29.9997 -48.8117 9.4614 -32.8805 -33.4326 -21.6091 -38.8018 10.4716 -26.6512 -44.8105 28.5944 -29.5440 -48.8574 16.2028 -35.7023 -7.9888 -24.4182 -39.1236 16.0345 -35.6308 -21.9312 -47.6214 -9.0079 -47.8069 -9.5892 -41.2505 24.1458 -45.4716 -18.7440 -49.1196 -26.4549 -43.1083 -30.9220 -13.2117 -33.6305 5.1855 -35.1158 11.5257 -35.9873 14.9098 -36.4653 16.2608 -36.5862 15.6916 -36.3610 13.2518 -35.7422 8.7255 -34.7062 -0.3290 -32.8502 -26.9039 -29.7304 -46.3278 -25.4256 -48.9172 -17.7494 -45.6349 23.2571 -41.5487 29.0288 -38.2076 13.1896 -36.2015 -11.0133 -32.2401 -47.7731 -30.0989 -14.6702 -33.3788 -0.5316 -47.6458 -0.9973 -47.2078 -20.7419 -36.0569 16.5090 -39.1261 -24.4177 -7.9888 -35.7023 16.2028 -48.8574 -29.5440 28.5944 -44.8105 -26.6512 10.4716 -38.8018 -21.6091 -33.4326 -32.8805 9.4614 -48.8117 -29.9997 28.5169 -44.8794 -25.1281
-45.0911 29.2294 -30.1296 -48.7743 6.0907 -32.9577 -31.2814 -21.9844 -39.0059 11.0858 -26.7389 -44.9725 29.0237 -29.6642 -48.8649 14.8496 -35.6359 -7.9888 -24.4376 -39.1498 18.7148 -39.1114 26.1189 -44.3732 31.0088 -42.5375 13.4670 -43.9538 -18.0802 -49.0459 -28.1102 -29.3311 -33.3163 7.9625 -36.4549 19.5525 -38.5880 29.3134 -40.8538 35.2009 -42.3343 32.8200 -43.1833 26.6723 -43.4885 25.7561 -43.3226 31.2078 -42.6654 35.4125 -41.4645 32.2872 -39.7306 24.2389 -37.6248 15.1479 -35.6985 3.2129 -32.6832 -34.2334 -28.0452 -49.0155 -20.7747 -46.3125 18.3862 -41.2748 27.0601 -37.5620 7.3818 -32.5836 -43.5859 -31.3265 -26.8479 -34.2433 29.2062 -41.9069 35.8574 -43.8754 25.2132 -39.3753 18.9004 -39.1514 -24.4376 -7.9888 -35.6359 14.8496 -48.8649 -29.6642 29.0237 -44.9725 -26.7389 11.0858 -39.0059 -21.9844 -31.2814 -32.9577 6.0907 -48.7743 -30.1296 29.2294 -45.0911
29.3900 -30.0338 -48.7516 2.9028 -33.0182 -28.9769 -22.3416 -39.2166 11.7235 -26.8375 -45.1550 29.5398 -29.8338 -48.8607 12.1633 -35.4321 -8.6004 -24.4182 -39.1498 20.2260 -40.8292 26.3743 -42.2562 34.9472 -41.7425 2.2493 -47.3894 -26.0873 -38.0817 -33.0833 9.8401 -37.5763 26.0585 -40.8989 34.3295 -43.9861 -6.4446 -46.7548 -18.8048 -48.6876 -22.9145 -49.1906 -24.7258 -48.9905 -25.3063 -48.9514 -24.9168 -49.1671 -23.4842 -48.9251 -20.4133 -47.5647 -13.5939 -45.2250 15.3915 -42.6808 35.0006 -39.9809 23.4985 -37.0553 10.4928 -33.8590 -22.7296 -28.8628 -48.8898 -20.4758 -45.8115 30.6095 -40.0505 20.6195 -35.6287 -10.8450 -32.9511 -30.5164 -34.9703 15.0996 -39.9770 27.2181 -42.0911 29.1612 -39.4985 20.1209 -39.1514 -24.4177 -8.6004 -35.4321 12.1633 -48.8607 -29.8338 29.5398 -45.1550 -26.8375 11.7235 -39.2166 -22.3416 -28.9769 -33.0182 2.9028 -48.7516 -30.0338 29.3900
-29.7006 -48.7588 0.0261 -33.1693 -26.5374 -22.6772 -39.4286 12.3574 -26.9442 -45.3525 30.1159 -30.0351 -48.8214 8.3315 -35.1062 -9.8250 -24.3539 -39.1236 18.7263 -40.8329 30.1576 -43.2587 35.4620 -43.3222 -14.2931 -48.7660 -29.9025 -1.1704 -36.7497 23.3366 -40.7872 30.3588 -45.5742 -17.5135 -48.9769 -25.7386 -45.9082 -29.8237 -28.8245 -32.5615 -6.3174 -34.0659 2.0155 -34.6592 4.1523 -34.6905 2.8248 -34.2305 -3.1225 -33.0710 -20.2038 -30.9646 -40.6590 -27.8817 -48.5319 -23.7538 -48.3657 -15.4190 -45.0465 26.9244 -41.3412 28.9164 -37.4768 12.7346 -33.9087 -25.2872 -28.0683 -49.0555 -15.8480 -43.7382 33.8002 -38.0440 9.6747 -34.2175 -26.9178 -35.1506 10.6540 -39.9616 29.3345 -45.3365 -15.3846 -39.4985 18.9004 -39.1261 -24.3530 -9.8250 -35.1062 8.3315 -48.8214 -30.0351 30.1159 -45.3525 -26.9442 12.3574 -39.4286 -22.6772 -26.5374 -33.1693 0.0261 -48.7588 -29.7006
-48.7856 -2.5490 -33.4443 -23.9564 -22.9929 -39.6421 12.9850 -27.0556 -45.5624 30.7276 -30.2511 -48.7768 3.9612 -34.7027 -11.4364 -24.2517 -39.1091 16.0177 -39.1189 26.4520 -43.2615 36.1677 -44.3361 -19.4688 -47.0947 -32.1309 11.0907 -38.9047 34.8467 -44.3172 -15.5385 -48.9939 -27.2538 -37.8278 -32.5846 2.1264 -35.8515 14.1277 -37.7263 21.6303 -38.9024 27.1718 -40.0054 30.1950 -40.3977 30.6296 -40.1780 28.6579 -39.3473 24.4017 -37.8282 18.4599 -36.5738 11.1161 -34.8064 -1.8280 -32.0128 -37.5513 -27.6714 -49.0664 -21.3514 -46.5234 7.1330 -41.6399 29.8686 -37.3482 10.2063 -32.6036 -41.2179 -25.1725 -47.4173 18.5549 -40.0339 19.0472 -35.7113 -12.3576 -35.7527 11.0039 -40.1135 33.2459 -45.3365 29.1612 -39.3753 16.5090 -39.1107 -24.2512 -11.4364 -34.7027 3.9612 -48.7768 -30.2511 30.7276 -45.5624 -27.0556 12.9850 -39.6421 -22.9929 -23.9564 -33.4443 -2.5490 -48.7856
-9.2610 -33.7460 -21.3062 -23.2935 -39.8590 13.6081 -27.1717 -45.7751 31.3577 -30.4606 -48.7602 -0.2102 -34.3866 -12.9392 -24.1397 -39.1410 13.7774 -35.5603 26.3488 -42.2650 35.7464 -44.4922 -21.2072 -43.7578 -33.6765 17.2723 -40.0410 23.8304 -47.3939 -24.5428 -43.7947 -32.1972 4.4723 -36.9316 20.1401 -39.5264 33.0927 -42.3264 29.4154 -44.2662 -2.3537 -45.7727 -12.8946 -46.7976 -15.5197 -46.9967 -15.0379 -46.4580 -11.1779 -45.1435 2.5394 -43.5973 31.0119 -41.8944 33.4705 -39.5259 23.1036 -36.5814 11.7231 -34.0961 -12.8039 -29.8018 -47.8444 -22.9137 -46.7986 14.1810 -40.7354 24.1319 -36.2806 -2.9389 -29.5559 -48.9865 -14.3485 -42.5815 27.1215 -37.0897 -1.2697 -36.1700 11.5562 -40.1132 29.3335 -42.0905 25.2128 -36.0583 14.0898 -39.1415 -24.1397 -12.9392 -34.3866 -0.2102 -48.7602 -30.4606 31.3577 -45.7751 -27.1717 13.6081 -39.8590 -23.2935 -21.3062 -33.7460 -9.2610
-35.1961 -18.6409 -23.5762 -40.0798 14.2343 -27.2912 -45.9907 31.9850 -30.6450 -48.7308 -3.6540 -34.3031 -13.8743 -24.0551 -39.2718 12.2526 -29.4141 -22.3465 -44.4377 35.5563 -43.7660 -20.7373 -42.5325 -34.4011 21.0226 -41.2371 -6.1652 -48.7707 -28.6883 -15.1854 -35.6829 17.5768 -39.5587 34.9450 -43.4080 -3.0312 -47.1245 -20.7378 -49.1016 -25.8028 -47.1286 -28.3720 -42.2224 -29.7849 -37.9281 -30.1831 -38.0906 -29.6640 -42.3226 -28.2724 -46.8840 -26.0171 -49.1570 -22.7454 -48.1980 -16.2476 -45.2725 14.2015 -41.9688 33.1613 -38.4611 17.7031 -34.9589 -5.5239 -29.7739 -48.6641 -20.0399 -44.9316 35.4653 -38.4860 11.7074 -32.3373 -45.7923 -21.5105 -44.8384 32.9200 -37.9112 2.9391 -36.2587 11.1046 -39.9604 27.2161 -43.8734 -20.7368 -29.8991 12.2494 -39.2718 -24.0551 -13.8743 -34.3031 -3.6540 -48.7308 -30.6450 31.9850 -45.9907 -27.2912 14.2343 -40.0798 -23.5762 -18.6409 -35.1961
-19.0795 -23.8367 -40.3028 14.8664 -27.4133 -46.2069 32.5900 -30.8053 -48.6611 -6.2594 -34.3763 -14.0149 -24.0367 -39.5241 12.5279 -30.0514 -47.9098 -47.7783 27.8610 -42.3168 -17.7438 -45.0185 -34.2391 22.1884 -42.1082 -14.1396 -48.6425 -30.8504 4.4858 -38.1266 28.2211 -42.1132 5.0749 -47.4112 -23.0232 -47.9140 -29.4371 -27.3440 -33.3023 2.3058 -35.4257 10.8311 -36.4546 14.9319 -36.8715 16.5841 -36.7847 16.0371 -36.2927 13.4323 -35.4443 8.6294 -34.2618 -1.2531 -32.2639 -30.3069 -28.9056 -47.7356 -24.1190 -48.2527 -13.7143 -43.7417 35.2828 -38.7937 16.6098 -34.0256 -29.2345 -26.7913 -48.0325 9.6863 -40.2330 19.4892 -34.6185 -35.5319 -24.7311 -46.1986 35.1357 -38.1980 3.2662 -36.1325 10.8144 -39.9765 35.8575 -47.2069 -46.5166 -30.4515 12.5275 -39.5241 -24.0371 -14.0087 -34.3776 -6.2594 -48.6611 -30.8053 32.5900 -46.2069 -27.4133 14.8664 -40.3028 -23.8367 -19.0795
-22.2256 -40.5273 15.5010 -27.5370 -46.4200 33.1556 -30.9499 -48.5545 -8.2122 -34.5276 -13.2775 -24.0973 -39.8622 13.2484 -29.0522 -48.2274 -17.2283 -10.4949 -42.8577 -9.8332 -48.1724 -33.1709 20.5217 -42.0520 -15.9308 -47.9455 -32.0667 10.8272 -39.4041 35.4650 -45.1063 -18.2099 -48.7666 -29.2022 -21.1257 -34.4977 10.8924 -37.6356 22.7204 -39.7167 32.6044 -41.6944 35.0221 -42.8918 28.3125 -43.3865 23.3056 -43.3271 26.8641 -42.7781 33.7687 -41.7013 34.3266 -40.0538 27.3436 -37.4883 17.6645 -35.0611 5.3523 -32.1269 -36.8559 -26.7091 -48.8768 -13.9246 -42.8644 31.1573 -37.1767 3.6099 -30.0779 -48.8787 -13.5517 -42.3116 25.3290 -36.1878 -23.1476 -26.1251 -46.6800 35.2720 -38.0591 0.0590 -35.8847 15.1995 -41.9090 -1.0267 -19.8377 -48.2737 -29.0465 13.2407 -39.8594 -24.0998 -13.2718 -34.5289 -8.2122 -48.5545 -30.9499 33.1556 -46.4200 -27.5370 15.5010 -40.5273 -22.2256
-41.1408 16.1377 -27.6601 -46.6294 33.6596 -31.0834 -48.4098 -9.7656 -34.7367 -11.8173 -24.2272 -40.2267 14.2287 -28.5781 -47.9155 18.0571 -25.5687 -47.6060 -0.9111 -48.4013 -31.2605 16.1167 -41.0309 -14.2357 -47.8991 -32.5236 13.7139 -39.9802 31.6172 -47.1567 -24.2530 -43.1708 -32.7445 7.6959 -37.8770 25.5775 -41.0370 32.8279 -44.5458 -11.5776 -47.4842 -20.9694 -49.0647 -24.1739 -49.0291 -25.5474 -48.5938 -25.8226 -48.7568 -25.1127 -49.2237 -23.4140 -48.9161 -20.3333 -47.1019 -12.3972 -44.2046 27.9776 -40.9191 28.4381 -36.5047 10.7385 -32.4026 -40.8713 -24.8711 -46.9270 31.0255 -38.7182 12.6076 -32.1152 -47.2669 -18.9812 -43.7663 28.8146 -36.9545 -18.3047 -26.1546 -46.3413 33.6198 -37.4037 -7.5685 -35.7629 29.2096 -47.6516 -27.1887 22.0848 -47.9397 -28.5712 14.2206 -40.2238 -24.2292 -11.8173 -34.7367 -9.7656 -48.4098 -31.0834 33.6596 -46.6294 -27.6601 16.1377 -41.1408
16.8065 -27.6963 -46.8314 34.0867 -31.2094 -48.2271 -11.0713 -34.9737 -9.9632 -24.4044 -40.5723 15.2772 -28.3001 -47.6403 30.5486 -28.0059 -48.4255 -9.1717 -45.5101 -28.4712 8.6844 -39.6622 -6.0341 -48.6062 -32.1544 14.0730 -40.1541 20.7394 -48.1587 -27.3174 -26.0744 -35.3203 17.3072 -39.6557 35.3351 -45.0077 -17.3856 -49.0215 -26.4491 -42.9072 -30.8914 -13.5895 -33.4246 3.6761 -34.4746 8.8327 -34.7774 10.4454 -34.6651 9.5236 -34.2229 5.7618 -33.4066 -4.6766 -31.6141 -33.9115 -28.2011 -48.6828 -22.8318 -47.0971 -0.6701 -41.3031 27.3463 -36.3093 -1.6797 -28.9276 -48.7288 -0.2663 -39.8756 17.1475 -33.4781 -44.5764 -20.8939 -44.3682 29.5965 -36.9404 -23.6177 -24.7900 -45.1115 28.2862 -36.2312 -15.0606 -34.7664 -0.6039 -45.3147 -29.1420 30.7449 -47.6180 -28.2960 15.2792 -40.5722 -24.4044 -9.9632 -34.9737 -11.0713 -48.2271 -31.2094 34.0867 -46.8314 -27.6963 16.8065
-26.5988 -47.0252 34.4163 -31.3319 -48.0027 -12.1874 -35.2220 -8.0041 -24.5993 -40.8834 16.2648 -28.1737 -47.4599 34.2319 -31.0622 -47.4564 -17.2965 -43.2470 -23.2538 -12.6207 -38.1870 25.9139 -48.8129 -30.9677 11.8641 -40.0219 17.7855 -48.4532 -28.7523 -8.9788 -37.0932 24.6098 -41.5140 -2.5299 -48.2569 -26.4864 -37.0552 -32.6771 7.8518 -35.9157 20.7217 -38.6441 30.7539 -40.7888 35.1016 -41.9708 32.4850 -42.4467 30.5610 -42.3222 33.3850 -41.5933 34.6414 -40.1103 28.3513 -37.4557 17.5648 -34.8503 1.5561 -30.8823 -46.2391 -23.1856 -46.2475 33.8675 -38.2563 10.3454 -30.7938 -48.7405 -10.5188 -40.8884 19.0596 -34.0923 -43.5367 -20.8650 -44.1511 27.6847 -36.1277 -36.2335 -21.4994 -42.8985 19.9546 -34.8296 -18.2466 -33.6346 -15.7130 -48.2114 -29.0516 33.5692 -47.4186 -28.1666 16.2683 -40.8834 -24.5993 -8.0041 -35.2220 -12.1874 -48.0027 -31.3319 34.4163 -47.0252 -26.5988
-47.0414 34.6119 -31.4529 -47.7298 -13.1696 -35.4731 -6.0845 -24.7938 -41.1636 17.1469 -28.1466 -47.4137 34.6698 -33.9555 -37.1774 -25.2090 -46.0261 -15.1019 -46.5741 -35.3440 33.5712 -47.2764 -28.8639 6.3999 -39.5362 26.6049 -48.3758 -29.0363 -3.1466 -38.0127 29.7249 -43.5811 -17.6242 -48.4462 -30.6049 5.2381 -36.2575 27.3679 -40.9282 22.3101 -44.9349 -16.0948 -48.0317 -22.0855 -49.2748 -24.5788 -48.9411 -25.6937 -48.5605 -25.6554 -48.9978 -24.4386 -49.2758 -21.7343 -47.7525 -14.2667 -44.3707 31.9253 -40.0960 22.3428 -35.5342 -7.3953 -28.4823 -48.6408 2.5961 -39.2908 14.5081 -31.7039 -48.5552 -11.4306 -41.0148 18.6456 -33.9662 -45.1680 -18.9300 -43.1157 23.1812 -34.4716 -46.2346 -13.8253 -40.3123 9.7175 -33.4007 -11.9161 -35.7794 -11.8925 -48.5133 -29.7392 34.3528 -47.3666 -28.1395 17.1481 -41.1636 -24.7938 -6.0845 -35.4731 -13.1696 -47.7298 -31.4529 34.6119 -47.0414
30.2515 -31.2459 -47.4020 -14.0576 -35.7218 -4.2776 -24.9801 -41.4230 17.9424 -28.1795 -47.4437 34.6485 -34.8882 -7.4075 -32.5109 -48.1265 -18.1732 -48.1849 -31.1759 19.8709 -43.7045 -24.7023 -9.9758 -38.4219 35.4054 -47.7730 -28.2790 -4.3766 -38.2200 31.8830 -44.7134 -21.7695 -43.9959 -33.0453 18.0134 -39.4592 15.2774 -46.6991 -22.8618 -48.1759 -28.9549 -23.1983 -32.3509 3.8184 -33.7552 11.0232 -34.2464 13.9931 -34.4865 14.0251 -34.4030 10.9421 -33.9861 2.6973 -32.2659 -30.6730 -28.0616 -49.1699 -19.5654 -45.0209 35.4392 -38.2058 9.6867 -30.7197 -48.7569 -9.2659 -39.9606 14.9115 -31.6851 -48.7149 -6.9408 -40.5999 16.2271 -33.1351 -47.7118 -13.7254 -41.3769 16.6517 -32.0540 -49.0010 23.6980 -37.9610 -17.6019 -31.9262 1.8338 -37.5375 -9.4111 -48.3462 -30.4184 34.5336 -47.4149 -28.1760 17.9424 -41.4230 -24.9801 -4.2776 -35.7218 -14.0576 -47.4020 -31.2459 30.2515
-31.4470 -47.0146 -14.8705 -35.9630 -2.6152 -25.1538 -41.6709 18.6817 -28.2518 -47.5249 34.5639 -34.0436 11.3996 -37.3748 -2.9320 -29.0614 -48.3176 -26.2762 2.3052 -39.7575 -14.8082 -42.7688 -36.0490 31.6520 -46.1654 -26.1781 -14.2832 -37.7691 31.2714 -44.9277 -22.9222 -38.4696 -34.5616 26.7085 -42.8878 -19.9889 -48.2378 -30.1342 3.6535 -34.3941 21.2896 -38.5668 33.4754 -41.3713 28.7902 -42.8280 7.5883 -43.4764 0.8847 -43.5189 11.4902 -42.8283 33.2377 -41.0137 29.7165 -37.4708 14.4057 -33.9977 -26.3757 -27.2003 -48.3029 9.8097 -39.4711 14.8642 -31.6990 -48.6188 -8.3781 -39.5427 12.2578 -30.8966 -48.7528 9.8680 -40.1684 11.9745 -31.6581 -48.8262 6.1434 -39.8165 7.7032 -28.7218 -46.8675 31.3974 -34.9908 -43.8732 -32.7952 11.9842 -38.3789 -13.3368 -48.0070 -30.9060 34.5571 -47.5200 -28.2509 18.6817 -41.6709 -25.1538 -2.6152 -35.9630 -14.8705 -47.0146 -31.4470
-47.1516 -15.6196 -36.1946 -1.1098 -25.3123 -41.9112 19.3926 -28.3479 -47.6543 34.4510 -32.3432 -27.8940 -47.6006 35.5166 -37.0215 -38.1912 -24.9214 -45.1545 -35.8052 34.3971 -48.9911 -32.3530 20.7023 -43.3176 -21.9525 -34.2964 -36.5185 27.8926 -44.2796 -22.0280 -38.8195 -35.0416 30.2511 -45.0124 -25.4471 -23.9204 -34.0917 24.8935 -40.3456 7.1167 -45.8982 -20.2007 -49.2396 -25.0211 -47.5850 -27.6904 -42.1593 -28.8920 -40.0523 -28.6711 -44.7060 -26.7733 -49.1081 -22.6311 -47.4781 -4.8218 -42.3975 30.5012 -37.6730 5.1150 -30.2300 -48.8801 -8.7692 -40.2322 15.8400 -31.5186 -48.8183 5.4300 -38.9678 6.6447 -29.4217 -48.1202 32.7861 -39.5284 4.8675 -29.3253 -47.9197 35.4811 -38.1192 -18.8496 -22.7570 -42.4111 15.5643 -33.3702 -22.5832 -37.6058 33.9087 -44.4579 -21.3924 -47.5825 -31.2643 34.4658 -47.6548 -28.3479 19.3926 -41.9112 -25.3123 -1.1098 -36.1946 -15.6196 -47.1516
-16.3635 -36.4156 0.2539 -25.4543 -42.1477 20.0872 -28.4566 -47.7991 34.2183 -31.5565 -46.9819 -20.7904 -24.1335 -45.1158 16.9910 -29.8905 -48.7671 -31.1173 20.5843 -44.6369 -27.1372 7.6118 -40.2582 -11.7141 -46.9171 -34.3592 21.9628 -42.7947 -18.9243 -43.9191 -34.5562 28.1817 -45.1120 -26.6704 -0.8618 -36.2511 32.5279 -46.4592 -23.8869 -44.5865 -30.5650 1.5241 -33.4231 14.5547 -35.4678 20.9530 -37.0040 23.2727 -37.2089 20.8400 -36.0643 13.7854 -34.9196 -2.3377 -30.9619 -46.4869 -22.9958 -46.6054 33.4747 -39.2462 12.1479 -31.5366 -48.5863 -10.6850 -39.9167 13.4070 -30.3677 -48.5011 32.5911 -38.2813 -6.7137 -26.6201 -46.5079 34.0807 -38.1010 -15.5010 -25.1327 -45.2479 27.3584 -34.8573 -47.5146 -2.4849 -38.4611 -1.0044 -35.5044 23.0629 -45.1918 -21.3688 -47.9364 -23.0195 -47.0289 -31.5611 34.2196 -47.7991 -28.4566 20.0872 -42.1477 -25.4543 0.2539 -36.4156 -16.3635
-37.4988 1.4957 -25.5779 -42.3842 20.7765 -28.5740 -47.9445 33.7855 -31.7879 -46.2664 -15.7102 -36.2190 -39.7422 11.5541 -34.8302 -46.2666 -26.6689 -7.5214 -39.2279 -16.0351 -35.8282 -37.1600 33.4123 -48.7778 -31.4340 14.2353 -40.9784 -11.0941 -48.0005 -33.2233 22.1260 -43.5315 -25.3361 -2.4515 -36.7238 1.9848 -49.0113 -29.2928 6.9089 -35.6396 29.8591 -40.9847 18.6432 -44.2198 -12.3527 -46.2999 -16.5097 -46.7792 -14.5023 -45.4414 5.4547 -42.8306 34.6152 -39.2554 17.2875 -35.2363 -20.8319 -27.8156 -48.3964 13.1144 -39.6459 14.5313 -31.7799 -48.6853 -5.5047 -38.9286 7.7505 -28.4227 -46.7533 32.6955 -36.5125 -36.1277 -21.5001 -43.8873 24.7837 -35.5643 -43.8261 -16.6690 -41.7119 13.8804 -30.2692 -47.4084 32.4274 -36.5336 4.2306 -39.5860 -11.4368 -45.2963 -31.2072 -47.7019 -19.5547 -46.2341 -31.7914 33.7855 -47.9445 -28.5740 20.7765 -42.3842 -25.5779 1.4957 -37.4988
1.6255 -25.7042 -42.6175 21.4726 -28.6966 -48.0885 33.1287 -31.9641 -45.5542 -16.7072 -36.8592 4.2595 -23.4772 -39.4860 0.1050 -26.0102 -48.6310 -34.2000 34.8031 -48.7753 -32.6251 24.8498 -45.3326 -26.9282 2.1890 -39.3664 21.9221 -48.8315 -31.2481 14.4999 -40.9231 -20.6841 -27.4498 -36.2733 9.2809 -48.8699 -31.2129 19.9842 -40.3898 -9.4573 -48.2815 -24.8481 -45.4658 -29.4964 -24.7236 -31.6491 -14.9542 -31.7130 -29.6952 -29.3908 -47.0998 -24.1937 -47.9150 -1.1351 -42.2407 27.6840 -37.8261 -0.0706 -29.6855 -48.6947 0.1144 -39.6758 14.4357 -31.1892 -48.8722 15.2677 -37.8811 -6.6352 -24.7825 -43.6051 21.8050 -33.7374 -47.9924 -9.8178 -41.3488 14.3682 -32.0653 -48.9698 26.2124 -38.6226 -11.6191 -22.8628 -42.1850 13.8048 -36.2553 26.0184 -47.0624 -30.4808 20.0750 -48.3598 -35.4244 -16.7433 -45.5555 -31.9641 33.1287 -48.0885 -28.6966 21.4726 -42.6175 -25.7042 1.6255
-23.9617 -42.8475 22.1664 -28.8224 -48.2249 32.2041 -32.1155 -44.7831 -17.4551 -36.9763 3.8398 -25.6173 -42.0488 15.9504 -28.6973 -47.3976 -27.3100 12.2360 -42.4103 -25.1867 6.1045 -40.6318 -17.5699 -37.7587 -36.9002 34.2950 -47.0881 -28.3045 4.6081 -39.0016 -5.6042 -47.3251 -34.3194 35.1512 -48.6859 -30.7831 23.2380 -43.3614 -23.1442 -41.4146 -32.0159 12.0359 -35.9585 24.3373 -38.8681 28.8268 -39.3284 25.0304 -37.9966 14.7464 -35.5107 -9.0356 -30.0757 -48.5716 -17.8451 -44.6929 33.6173 -38.8381 5.5282 -30.3948 -48.7176 -4.2924 -39.4204 12.7892 -30.0252 -48.3654 34.8940 -36.0547 -39.9745 -16.9292 -40.3446 10.7261 -30.3343 -48.3452 33.2059 -39.3081 -0.8342 -26.8550 -45.8169 28.3502 -34.7224 -48.4782 13.9967 -37.6953 3.4929 -37.3893 -10.6354 -34.0665 -37.9205 -22.0181 3.4751 -36.9820 -17.4542 -44.7832 -32.1155 32.2041 -48.2249 -28.8224 22.1664 -42.8475 -23.9617
-43.2401 22.8572 -28.9502 -48.3525 30.9848 -32.2445 -43.9344 -18.0949 -37.1394 4.4075 -25.7537 -42.4213 20.9254 -32.0854 -48.5783 -20.2987 -43.1795 -35.8839 4.1751 -46.0236 -35.8994 33.9704 -49.0729 -32.7854 21.1896 -43.5946 -22.9900 -24.3108 -37.5233 35.3883 -48.3640 -31.0867 22.7744 -45.2843 -28.3255 16.2425 -42.6039 -25.0352 -11.1184 -35.7144 32.5598 -42.8004 -8.2586 -46.7455 -17.8221 -47.6305 -15.0726 -45.9166 20.9694 -42.1968 28.4015 -38.7679 8.0731 -32.6029 -45.5638 -22.0944 -45.9508 35.7322 -39.0202 9.1411 -30.8663 -48.7646 -6.6097 -38.7766 9.5528 -28.4531 -46.5099 29.9213 -32.9668 -49.0519 23.6543 -37.9956 -11.9960 -25.0308 -45.2264 28.4275 -36.2255 -42.4184 -16.4133 -41.4529 11.1225 -28.5636 -45.7511 24.8900 -35.8823 12.0344 -42.3211 -25.8378 13.6227 -42.8409 -25.7419 4.4000 -37.1409 -18.0949 -43.9345 -32.2445 30.9848 -48.3525 -28.9502 22.8572 -43.2401
23.6588 -28.9250 -48.4690 29.4353 -32.3605 -42.9984 -18.6661 -37.3199 5.0442 -26.4779 -43.0713 29.3191 -36.4647 -31.8520 -25.2707 -48.3747 -30.7728 22.3739 -45.5911 -29.8245 19.0039 -44.1759 -26.5333 5.7838 -40.0732 -9.2914 -47.1865 -34.6442 25.9865 -45.0314 -26.5942 6.8183 -40.2503 -21.9579 -2.8861 -38.9690 -20.6470 -19.2354 -36.5849 22.9648 -48.2086 -25.9760 -39.6419 -31.0495 -22.1357 -31.3609 -39.0126 -27.6737 -49.0057 -15.9283 -44.9675 35.3089 -39.9547 13.3694 -34.0750 -39.7213 -25.0147 -47.0597 29.3518 -39.1218 13.7668 -31.3451 -48.7212 -5.8316 -37.7461 2.5651 -25.9390 -43.1476 17.5105 -29.3731 -46.5454 29.7264 -35.1414 -46.1179 -13.4736 -41.6636 14.1029 -31.5949 -48.7149 34.6181 -37.4101 -34.3889 -17.0199 -40.0600 3.0320 -34.3918 28.3934 -47.2098 -28.8959 22.6063 -42.9225 -25.8554 5.1158 -37.3206 -18.6661 -42.9984 -32.3605 29.4353 -48.4690 -28.9250 23.6588
-28.2084 -48.5708 27.5347 -32.4703 -41.9583 -19.1867 -37.5129 5.7807 -27.6593 -46.7508 4.5601 -41.1046 19.4767 -34.5543 -45.4395 -27.3584 -16.5049 -38.7543 -17.5328 -21.2671 -38.2768 -11.0941 -42.3725 -36.5560 35.5917 -48.2073 -30.7371 13.3884 -41.3248 -18.2202 -36.3192 -36.3969 17.2658 -48.1149 -34.4435 18.8463 -47.7819 -34.4853 27.6852 -49.2219 -30.2811 9.1261 -37.1699 21.1533 -38.6888 16.6103 -37.0148 0.4189 -31.7612 -47.0967 -21.3815 -46.3902 33.6828 -40.1224 18.6457 -35.5690 -19.6882 -28.0906 -48.6633 -8.8851 -40.4722 18.7398 -31.5058 -48.8406 6.9195 -36.4900 -23.7442 -20.2608 -38.9221 0.2479 -23.5305 -41.5715 13.9998 -30.7301 -48.3251 34.9524 -38.6689 -11.3405 -24.2757 -43.8760 20.7635 -32.3350 -48.5600 34.7335 -35.5547 -35.3804 -33.4844 33.6743 -48.6550 -29.3374 23.0924 -43.2268 -25.9680 5.8838 -37.5132 -19.1867 -41.9583 -32.4703 27.5347 -48.5708 -28.2084
-48.3819 25.1858 -32.5668 -40.7891 -19.6704 -37.7147 6.6234 -27.3458 -48.3807 -26.5607 -48.8087 -4.9988 -41.0871 14.0112 -32.5875 -45.4806 -33.8562 31.4850 -48.3816 -32.8401 30.1731 -47.5276 -31.2837 19.5477 -43.7151 -24.6207 -7.2031 -38.6448 24.1988 -49.0391 -32.9313 25.9411 -46.0462 -29.6729 22.1811 -46.0236 -30.0994 27.7327 -47.5783 -30.0686 17.6894 -41.0353 27.3277 -45.0528 29.8373 -42.2936 26.8406 -39.2118 7.3099 -33.1938 -43.2367 -25.2487 -47.6834 -2.2233 -41.8891 29.7269 -36.8864 8.6684 -31.4145 -46.4316 -20.7245 -42.2339 20.8019 -30.7743 -48.7806 33.9924 -34.2490 -47.8464 11.1946 -34.8607 -46.0252 -1.0310 -37.6943 -13.7095 -23.7551 -43.9981 23.2586 -34.5793 -48.1716 1.8151 -39.0535 -4.0046 -23.4298 -42.3358 11.4364 -32.2337 -33.3030 -34.7220 28.3007 -48.6904 -29.3715 24.0135 -43.4997 -26.0785 6.6615 -37.7144 -19.6704 -40.7891 -32.5668 25.1858 -48.3819
9.0375 -32.1949 -39.4985 -20.1286 -37.9213 7.4348 -26.1997 -42.6169 -38.8565 14.7083 -30.5286 -48.5563 31.7609 -39.4346 1.9080 -32.9611 4.2466 -40.8961 -22.7690 3.5828 -40.9386 -21.7449 -7.1238 -38.9653 -6.8357 -46.6083 -35.3924 29.6911 -46.0917 -27.7912 8.2111 -40.7154 -20.7241 -8.5961 -39.3303 -21.0314 2.7699 -40.8416 -25.1057 11.1331 -41.2448 -14.8699 -49.1042 -24.8630 -48.7519 -5.8207 -43.0014 28.9740 -39.3685 11.8419 -35.0091 -15.0121 -29.7587 -48.0104 -22.6538 -46.4441 7.9797 -40.5603 26.6117 -34.3883 -28.0925 -23.5854 -42.0762 17.0217 -28.9380 -46.5172 27.0190 -30.5074 -47.1398 27.2245 -30.6954 -47.0460 29.9112 -34.3743 -48.2627 0.3045 -39.8869 5.7164 -27.8843 -45.9389 28.7600 -34.6014 -49.0027 27.0795 -36.5664 -31.2814 -32.8966 2.6798 -37.2595 26.2158 -48.4427 -29.4066 24.8545 -43.7568 -26.1887 7.4319 -37.9209 -20.1286 -39.4985 -32.1949 9.0375
-33.1009 -38.0828 -20.5585 -38.1313 8.1794 -26.3005 -43.9924 27.8874 -0.2383 -39.7243 -1.9573 -25.5541 -45.5740 35.4144 -37.0170 -18.3523 -35.8110 34.8094 -49.2810 -34.4011 34.7261 -49.2582 -34.2177 31.7923 -47.3292 -30.2644 14.0070 -41.8824 -19.2581 -34.6843 -36.8983 31.6468 -49.1732 -33.7977 34.8863 -49.3046 -33.5323 6.3880 -41.1815 -36.9570 -9.7331 -46.8274 -32.5736 1.6623 -30.3589 -48.6557 -4.2776 -42.6213 34.6136 -40.3605 28.4375 -37.8310 17.8313 -34.1121 -0.0731 -30.2279 -46.5780 -23.5634 -47.3001 31.4196 -35.7319 -26.2896 -21.3778 -39.6562 7.1539 -25.2983 -41.5901 9.8921 -24.6117 -40.5498 4.7358 -23.1268 -41.2774 10.1043 -28.2787 -46.2202 31.2228 -36.2452 -43.2854 -14.2943 -40.8003 7.0776 -26.5022 -43.9060 18.0339 -33.9831 -24.0237 -37.0180 20.8937 -39.4973 8.5911 -48.2733 -29.5143 25.6591 -44.0047 -26.2981 8.1852 -38.1318 -20.5584 -38.0828 -33.1009
-38.4703 -20.9545 -38.3438 8.9143 -26.4142 -44.2764 26.4272 -29.2234 -46.5595 28.7426 -35.1205 -45.6858 -21.3436 -46.9655 16.5274 -34.3275 11.1074 -42.3568 -25.6013 11.7082 -42.6945 -25.7389 9.2663 -41.6856 -21.5109 -17.4882 -38.2837 25.5877 -49.0547 -32.9878 22.3150 -44.4957 -27.0024 12.1537 -42.4371 -26.4871 17.2080 -45.0926 -30.5875 31.8330 -48.8355 -32.1657 16.9443 -44.9430 18.3222 -35.0248 -48.3463 -17.2671 -47.5839 -21.6627 -48.2925 -18.7789 -46.1667 21.8815 -42.9554 27.3087 -40.8403 8.9114 -35.4951 -49.1620 31.8491 -34.7063 -44.3392 -10.9487 -36.4726 -33.3170 -14.1729 -36.1186 -42.4275 1.2700 -34.2614 -48.1387 21.8164 -36.3381 -38.8907 -16.6940 -41.5125 11.9852 -30.1083 -47.6115 34.0380 -35.8507 -46.4224 -0.2601 -37.6724 -7.2665 -35.3028 16.9048 -41.4047 13.7006 -45.3089 6.0632 -48.5837 -29.6655 26.4438 -44.2435 -26.4075 8.9217 -38.3451 -20.9538 -38.4704
-20.0245 -38.5581 9.6300 -26.5073 -44.4284 26.6734 -31.6302 -48.7655 -1.8793 -39.9214 13.7838 -32.9065 -43.1413 -25.9750 -26.7727 -38.3075 -35.6180 23.0087 -47.6823 -35.1794 15.1799 -46.9968 -35.7305 31.8303 -49.1806 -33.9524 26.5319 -45.5204 -27.1127 4.7630 -39.8620 -13.0164 -41.1435 -35.8299 2.2591 -42.9714 -36.5543 -17.0214 -3.0416 -41.1284 -25.5284 9.7164 -40.5151 21.7509 -40.8906 -2.6397 -29.4270 -48.5506 -31.7405 -42.6768 -33.5524 -46.2096 -29.7732 -48.2357 -15.0234 -44.5671 36.5543 -42.4096 17.4332 -29.1607 -47.2131 31.6977 -32.1358 -49.0410 34.9498 -32.5432 -48.8663 32.3167 -30.8384 -46.2144 22.0325 -28.9276 -44.8340 20.8092 -31.5030 -48.2341 35.5766 -37.2490 -34.6411 -18.9280 -41.9320 11.7407 -28.4591 -45.2353 23.1844 -35.8398 5.3138 -39.5655 7.9736 -49.0210 -25.7845 -39.5221 16.8791 -48.8361 -29.7985 27.2055 -44.4775 -26.5183 9.6382 -38.5603 -20.0233
