-29.9963 -21.4520 -40.4792 14.6090 -26.1045 -46.4430 31.4179 -30.8790 -48.1632 -14.6681 -36.8374 -3.1632 -23.4900 -42.5496 21.3963 -27.6668 -48.0590 19.0157 -32.5886 -42.5337 -19.0061 -38.7488 8.2618 -24.8494 -44.6694 28.2031 -29.3448 -48.7268 -6.6399 -34.6594 -24.5380 -21.7768 -40.7276 15.4490 -26.2908 -46.6769 31.2100 -31.0957 -47.8476 -15.3582 -37.1022 -1.1508 -23.6810 -42.8119 22.2548 -27.8691 -48.1992 15.5102 -32.7450 -41.7982 -25.8598 -41.9496 -32.7617 15.4637 -48.1980 -27.8691 22.2548 -42.8119 -23.6810 -1.1508 -37.1022 -15.3582 -47.8476 -31.0957 31.2100 -46.6769 -26.2908 15.4490 -40.7276 -21.7768 -24.5380 -34.6594 -6.6399 -48.7268 -29.3448 28.2031 -44.6694 -24.8494 8.2618 -38.7488 -19.0061 -42.5337 -32.5886 19.0157 -48.0590 -27.6668 21.3963 -42.5496 -23.4900 -3.1632 -36.8374 -14.6681 -48.1632 -30.8790 31.4179 -46.4430 -26.1045 14.6090 -40.4792 -21.4520 -29.9963
-21.4520 -39.9042 14.1874 -27.3349 -46.3701 33.5257 -30.8724 -48.0781 -12.8797 -35.6415 -3.1389 -25.2779 -42.0875 20.6001 -28.5124 -48.1767 31.4187 -31.9384 -42.2353 -19.5393 -37.8450 7.9126 -26.3652 -44.4178 27.7572 -29.7713 -48.7788 3.1067 -33.1689 -24.0480 -23.2754 -40.0673 14.8309 -27.4606 -46.6216 34.0566 -31.0133 -47.7452 -14.0199 -35.9496 -1.1913 -25.4633 -42.3767 21.4502 -28.6663 -48.3417 29.5524 -31.9574 -41.3963 -20.3262 -39.9396 -19.8058 -40.7084 -32.0510 29.5275 -48.3417 -28.6663 21.4502 -42.3767 -25.4633 -1.1913 -35.9496 -14.0199 -47.7452 -31.0133 34.0566 -46.6216 -27.4606 14.8309 -40.0673 -23.2754 -24.0480 -33.1689 3.1067 -48.7788 -29.7713 27.7572 -44.4178 -26.3652 7.9126 -37.8450 -19.5393 -42.2353 -31.9384 31.4187 -48.1767 -28.5124 20.6001 -42.0875 -25.2779 -3.1389 -35.6415 -12.8797 -48.0781 -30.8724 33.5257 -46.3701 -27.3349 14.1874 -39.9042 -21.4520
-40.4792 14.1874 -27.3568 -46.2326 33.1298 -31.0560 -48.2776 -11.8847 -35.3863 -4.8800 -25.1052 -41.8585 19.9341 -28.5152 -48.0343 32.6177 -32.2497 -43.2137 -19.0702 -37.6336 7.1278 -26.2739 -44.1905 27.0349 -29.8495 -48.8161 6.4248 -33.0406 -26.5518 -22.9881 -39.8447 14.1932 -27.4140 -46.4183 33.6551 -31.1946 -48.0161 -13.1191 -35.7055 -2.7161 -25.3076 -42.1478 20.7754 -28.6770 -48.2126 31.1450 -32.2805 -43.0534 -22.3245 -45.4932 28.4184 -37.5995 -19.7147 -41.9640 -32.3799 31.1290 -48.2133 -28.6770 20.7753 -42.1473 -25.3077 -2.7161 -35.7055 -13.1191 -48.0161 -31.1946 33.6551 -46.4183 -27.4140 14.1932 -39.8447 -22.9881 -26.5518 -33.0406 6.4248 -48.8161 -29.8495 27.0349 -44.1905 -26.2739 7.1278 -37.6336 -19.0702 -43.2137 -32.2497 32.6177 -48.0343 -28.5152 19.9341 -41.8585 -25.1052 -4.8800 -35.3863 -11.8847 -48.2776 -31.0560 33.1298 -46.2326 -27.3568 14.1874 -40.4792
14.6090 -27.3349 -46.2326 32.9540 -30.9841 -48.4093 -10.9244 -35.1392 -6.7843 -24.9271 -41.6309 19.2764 -28.3849 -47.8792 33.4934 -32.1481 -44.0800 -18.5682 -37.4203 6.2932 -26.1695 -43.9626 26.3114 -29.7183 -48.8257 9.8894 -32.9920 -28.9534 -22.6757 -39.6237 13.5547 -27.2935 -46.2078 33.1565 -31.0708 -48.2376 -12.1334 -35.4481 -4.4372 -25.1475 -41.9216 19.6672 -28.9335 -47.8469 32.3603 -32.2424 -43.5498 -21.6681 -48.2180 -25.5588 -25.6361 6.6329 -37.7043 -19.1957 -42.9644 -32.2831 32.3666 -48.0708 -28.5456 20.1093 -41.9189 -25.1477 -4.4371 -35.4481 -12.1334 -48.2376 -31.0708 33.1565 -46.2078 -27.2935 13.5547 -39.6237 -22.6757 -28.9534 -32.9920 9.8894 -48.8257 -29.7183 26.3114 -43.9626 -26.1695 6.2932 -37.4203 -18.5682 -44.0800 -32.1481 33.4934 -47.8792 -28.3849 19.2764 -41.6309 -24.9271 -6.7843 -35.1392 -10.9244 -48.4093 -30.9841 32.9540 -46.2326 -27.3349 14.6090
-26.1045 -46.3701 33.1298 -30.9841 -48.4564 -10.2596 -34.9512 -8.5667 -24.7512 -41.4178 18.6441 -28.2552 -47.7119 34.1205 -32.0454 -44.8416 -18.0395 -37.2059 5.4009 -26.0666 -43.7348 25.5930 -29.5864 -48.8105 13.4211 -32.9278 -31.2241 -22.3443 -39.4049 12.9153 -27.1724 -45.9902 32.5882 -30.9479 -48.4139 -11.0427 -35.1789 -6.3772 -24.9694 -41.6973 18.7337 -33.3849 -47.9999 18.4164 -30.8597 -43.9333 -18.6205 -42.9129 -21.8095 -4.1823 -44.6122 -26.2005 6.5594 -37.4648 -18.7073 -43.8544 -32.1854 33.3215 -47.9145 -28.4121 19.4548 -41.6927 -24.9698 -6.3810 -35.1789 -11.0427 -48.4139 -30.9479 32.5882 -45.9902 -27.1724 12.9153 -39.4049 -22.3443 -31.2241 -32.9278 13.4211 -48.8105 -29.5864 25.5930 -43.7348 -26.0666 5.4009 -37.2059 -18.0395 -44.8416 -32.0454 34.1205 -47.7119 -28.2552 18.6441 -41.4178 -24.7512 -8.5667 -34.9512 -10.2596 -48.4564 -30.9841 33.1298 -46.3701 -26.1045
-46.4430 33.5257 -31.0560 -48.4093 -10.2596 -34.8802 -9.6727 -24.6144 -41.2444 18.0942 -28.1339 -47.5435 34.5106 -31.9408 -45.5037 -17.4855 -36.9931 4.4534 -25.9648 -43.5061 24.8777 -29.4565 -48.7733 16.8493 -32.8501 -33.3195 -21.9969 -39.1905 12.2796 -27.0522 -45.7695 31.9684 -30.8274 -48.5483 -9.8389 -34.9001 -8.5340 -24.7752 -41.4767 18.1269 -35.6461 17.2382 -49.0816 -24.5262 -48.5466 -15.6566 -37.9405 33.4023 -47.1435 -28.6944 27.5051 -43.6799 -26.0982 5.5736 -37.2499 -18.1921 -44.6331 -32.0642 33.9866 -47.7540 -28.2801 18.8147 -41.4703 -24.7758 -8.5382 -34.9001 -9.8389 -48.5483 -30.8274 31.9684 -45.7695 -27.0522 12.2796 -39.1905 -21.9969 -33.3195 -32.8501 16.8493 -48.7733 -29.4565 24.8777 -43.5061 -25.9648 4.4534 -36.9931 -17.4855 -45.5037 -31.9408 34.5106 -47.5435 -28.1339 18.0942 -41.2444 -24.6144 -9.6727 -34.8802 -10.2596 -48.4093 -31.0560 33.5257 -46.4430
31.4179 -30.8724 -48.2776 -10.9244 -34.9512 -9.6727 -24.5614 -41.1436 17.7063 -28.0358 -47.3883 34.6965 -31.8443 -46.0695 -16.9049 -36.7828 3.4407 -25.8627 -43.2727 24.1547 -29.3328 -48.7186 19.9966 -32.7545 -35.2682 -21.6272 -38.9814 11.6487 -26.9308 -45.5418 31.2968 -30.7131 -48.6457 -8.5087 -34.6073 -10.9473 -24.5632 -41.2601 17.7560 -33.2491 -1.9843 -39.1266 22.1615 -45.7330 27.3474 -36.3760 8.4967 -36.2956 33.6399 -48.4869 -31.1731 24.8093 -43.6221 -25.9988 4.6688 -37.0447 -17.5071 -45.5076 -33.2161 34.4695 -47.5999 -28.1497 18.1899 -41.2525 -24.5638 -10.9469 -34.6073 -8.5087 -48.6457 -30.7131 31.2968 -45.5418 -26.9308 11.6487 -38.9814 -21.6272 -35.2682 -32.7545 19.9966 -48.7186 -29.3328 24.1547 -43.2727 -25.8627 3.4407 -36.7828 -16.9049 -46.0695 -31.8443 34.6965 -47.3883 -28.0358 17.7063 -41.1436 -24.5614 -9.6727 -34.9512 -10.9244 -48.2776 -30.8724 31.4179
-30.8790 -48.0781 -11.8847 -35.1392 -8.5667 -24.6144 -41.1436 17.5623 -27.9806 -47.2739 34.7380 -31.7651 -46.5211 -16.3226 -36.5808 2.3656 -25.7609 -43.0313 23.4132 -29.2188 -48.6492 22.7520 -32.6375 -37.0907 -21.2282 -38.7821 11.0351 -26.8062 -45.3038 30.5701 -30.6108 -48.7095 -7.0682 -34.2959 -13.6331 -24.3314 -41.0457 17.5775 -29.4221 -48.1957 -31.6331 6.5418 -37.3136 17.7789 -33.4907 -24.4931 -29.7295 -27.0165 -32.7629 -16.5768 -35.4622 -33.8143 24.1252 -43.3533 -25.8748 4.6896 -36.4013 -22.5630 -7.6594 -34.8542 34.7692 -47.4260 -28.0124 17.5966 -41.0443 -24.3317 -13.6330 -34.2959 -7.0682 -48.7095 -30.6108 30.5701 -45.3038 -26.8062 11.0351 -38.7821 -21.2282 -37.0907 -32.6375 22.7520 -48.6492 -29.2188 23.4132 -43.0313 -25.7609 2.3656 -36.5808 -16.3226 -46.5211 -31.7651 34.7380 -47.2739 -27.9806 17.5623 -41.1436 -24.6144 -8.5667 -35.1392 -11.8847 -48.0781 -30.8790
-48.1632 -12.8797 -35.3863 -6.7843 -24.7512 -41.2444 17.7063 -27.9806 -47.2323 34.7224 -31.7090 -46.8320 -15.8028 -36.3956 1.2823 -25.6636 -42.7922 22.6673 -29.1173 -48.5697 25.0460 -32.4862 -38.8028 -20.7898 -38.5956 10.4479 -26.6769 -45.0517 29.7818 -30.5260 -48.7455 -5.5390 -33.9592 -16.6039 -24.0750 -40.8454 17.0707 -27.8651 -47.2239 -15.4716 -49.0467 -27.8764 -39.9501 -27.5941 -49.2085 -18.8788 -44.5838 -19.7241 -49.0867 -14.2930 -43.5836 0.7678 -33.3517 22.8859 -42.7718 -23.8171 -38.0178 -24.5633 -48.0429 14.5376 -35.4305 34.7789 -47.2120 -27.8617 17.0387 -40.8473 -24.0755 -16.6091 -33.9592 -5.5390 -48.7455 -30.5260 29.7818 -45.0517 -26.6769 10.4479 -38.5956 -20.7898 -38.8028 -32.4862 25.0460 -48.5697 -29.1173 22.6673 -42.7922 -25.6636 1.2823 -36.3956 -15.8028 -46.8320 -31.7090 34.7224 -47.2323 -27.9806 17.7063 -41.2444 -24.7512 -6.7843 -35.3863 -12.8797 -48.1632
-14.6681 -35.6415 -4.8800 -24.9271 -41.4178 18.0942 -28.0358 -47.2739 34.7224 -31.6891 -46.9915 -15.4345 -36.2484 0.3094 -25.5702 -42.5724 21.9675 -29.0263 -48.4851 26.8857 -32.2920 -40.4349 -20.2916 -38.4320 9.9195 -26.5389 -44.7759 28.9078 -30.4780 -48.7593 -4.0330 -33.5838 -19.8920 -23.7853 -40.6736 16.5387 -27.6865 -46.7175 35.4700 -41.1705 23.0286 -45.4574 -7.5620 -44.1811 33.5228 -38.7290 24.9718 -39.8906 33.8916 -43.2621 27.4278 -33.8421 -45.6484 -30.6377 17.7955 -39.7894 3.3745 -45.6437 34.9797 -37.9043 -2.3344 -34.8268 34.5734 -46.9894 -27.7122 16.4440 -40.6320 -23.7915 -19.9109 -33.5838 -4.0330 -48.7593 -30.4780 28.9078 -44.7759 -26.5389 9.9195 -38.4320 -20.2916 -40.4349 -32.2920 26.8857 -48.4851 -29.0263 21.9675 -42.5724 -25.5702 0.3094 -36.2484 -15.4345 -46.9915 -31.6891 34.7224 -47.2739 -28.0358 18.0942 -41.4178 -24.9271 -4.8800 -35.6415 -14.6681
-36.8374 -3.1389 -25.1052 -41.6309 18.6441 -28.1339 -47.3883 34.7380 -31.7090 -46.9915 -15.3021 -36.1663 -0.3761 -25.4908 -42.3904 21.3647 -28.9458 -48.4009 28.3223 -32.0660 -41.9211 -19.7276 -38.3085 9.5262 -26.3895 -44.4656 27.9190 -30.4965 -48.7595 -2.8966 -33.1538 -23.5186 -23.4510 -40.5495 16.1325 -29.8558 -46.1314 34.0945 -35.5546 13.3479 -37.5918 21.7164 -37.0771 16.3670 -34.1650 -4.9808 -32.9237 0.0159 -34.2702 9.7532 -33.6582 -41.9197 -22.6233 -48.4153 -28.1697 3.3156 -35.0495 19.1299 -37.6208 1.5033 -33.0669 -33.2789 -32.9468 34.2441 -46.0920 -30.7917 15.4903 -40.3787 -23.4652 -23.5382 -33.1521 -2.8966 -48.7595 -30.4965 27.9190 -44.4656 -26.3895 9.5262 -38.3085 -19.7276 -41.9211 -32.0660 28.3223 -48.4009 -28.9458 21.3647 -42.3904 -25.4908 -0.3761 -36.1663 -15.3021 -46.9915 -31.7090 34.7380 -47.3883 -28.1339 18.6441 -41.6309 -25.1052 -3.1389 -36.8374
-3.1632 -25.2779 -41.8585 19.2764 -28.2552 -47.5435 34.6965 -31.7651 -46.8320 -15.4345 -36.1663 -0.6205 -25.4443 -42.2671 20.9086 -28.8795 -48.3219 29.3990 -31.8354 -43.2030 -19.1094 -38.2286 9.3005 -26.2349 -44.1216 26.8133 -30.6141 -48.7582 -2.6598 -32.6605 -27.3999 -23.0626 -40.5129 15.9210 -31.5532 -41.8699 -21.7328 -28.7285 -40.4085 -29.7007 -34.9293 -30.3532 -37.8890 -27.5908 -49.1041 -22.5767 -48.4465 -22.6763 -49.2832 -24.1754 -49.2656 -16.7952 -43.9741 31.9483 -45.2842 -23.3087 -45.7346 -29.8140 -33.7271 -29.4585 -47.7367 -26.0036 -45.4649 -28.9452 -21.8405 -21.1309 -35.1718 15.2910 -40.2373 -23.0724 -27.4136 -32.6589 -2.6598 -48.7582 -30.6137 26.8131 -44.1215 -26.2349 9.3005 -38.2286 -19.1094 -43.2030 -31.8354 29.3990 -48.3219 -28.8795 20.9086 -42.2671 -25.4443 -0.6205 -36.1663 -15.4345 -46.8320 -31.7651 34.6965 -47.5435 -28.2552 19.2764 -41.8585 -25.2779 -3.1632
-23.4900 -42.0875 19.9341 -28.3849 -47.7119 34.5106 -31.8443 -46.5211 -15.8028 -36.2484 -0.3761 -25.4443 -42.2225 20.6564 -28.8361 -48.2570 30.1672 -31.6252 -44.2251 -18.4743 -38.1889 9.2390 -26.0863 -43.7668 25.6684 -30.8521 -48.7600 -3.8664 -32.1307 -31.2312 -22.6312 -40.6248 16.1845 -30.1663 -42.2147 -38.8389 35.2919 -47.4929 -11.9043 -45.5985 -13.3549 -46.1176 -9.3050 -43.9478 31.0370 -41.2825 34.7543 -41.4942 34.9333 -42.1094 35.0700 -40.2851 22.4030 -37.0267 24.6024 -40.8239 0.1503 -46.7307 -17.7252 -47.8291 -13.0789 -46.0161 -9.9265 -47.2196 32.4615 -39.3603 6.1284 -35.6569 15.1930 -40.4160 -22.6332 -31.2410 -32.1311 -3.8662 -48.7600 -30.8516 25.6681 -43.7668 -26.0863 9.2390 -38.1889 -18.4743 -44.2251 -31.6252 30.1672 -48.2570 -28.8361 20.6564 -42.2225 -25.4443 -0.3761 -36.2484 -15.8028 -46.5211 -31.8443 34.5106 -47.7119 -28.3849 19.9341 -42.0875 -23.4900
-42.5496 20.6001 -28.5152 -47.8792 34.1205 -31.9408 -46.0695 -16.3226 -36.3956 0.3094 -25.4908 -42.2671 20.6564 -28.8220 -48.2239 30.6165 -31.4627 -44.9438 -17.8861 -38.1845 9.3405 -25.9544 -43.4375 24.6203 -31.2107 -48.7400 -6.5318 -31.6739 -34.3315 -22.2559 -41.0072 17.2672 -28.2032 -48.3318 -28.7288 10.7554 -39.7290 25.6415 -38.3691 24.1357 -38.7856 24.1018 -37.8541 17.6829 -36.8407 10.3839 -36.4996 9.0793 -36.1433 9.0604 -35.8067 2.8402 -34.1012 -28.6681 -33.1604 8.8329 -36.8088 27.8708 -41.0337 34.4517 -41.8278 31.7540 -40.0704 27.8740 -39.5960 11.0461 -35.4834 -28.2922 -32.0866 15.9354 -40.9702 -22.2563 -34.3066 -31.6736 -6.5372 -48.7401 -31.2063 24.6203 -43.4375 -25.9544 9.3405 -38.1845 -17.8861 -44.9438 -31.4627 30.6165 -48.2239 -28.8220 20.6564 -42.2671 -25.4908 0.3094 -36.3956 -16.3226 -46.0695 -31.9408 34.1205 -47.8792 -28.5152 20.6001 -42.5496
21.3963 -28.5124 -48.0343 33.4934 -32.0454 -45.5037 -16.9049 -36.5808 1.2823 -25.5702 -42.3904 20.9086 -28.8361 -48.2239 30.7542 -31.3745 -45.3722 -17.4268 -38.2021 9.5354 -25.8486 -43.1672 23.7998 -31.5700 -48.6208 -9.8983 -31.4365 -35.8850 -22.1704 -41.7996 19.0933 -28.6477 -47.4889 -21.9933 -48.0617 -33.3089 -3.8608 -35.6285 -0.2837 -35.9878 3.6950 -36.1422 2.2987 -35.7530 -3.8375 -35.2917 -8.3091 -35.0005 -11.8632 -34.5931 -19.9317 -33.6345 -36.7491 -31.3949 -44.4955 -32.5884 -21.3516 -34.9506 6.1541 -36.4519 10.2798 -36.3081 5.3801 -34.7769 -5.0893 -32.6889 -39.0213 -27.0497 -48.7283 -28.1659 19.4395 -41.7083 -22.0937 -35.9235 -31.4641 -9.0406 -48.6284 -31.5276 23.7998 -43.1672 -25.8486 9.5354 -38.2021 -17.4268 -45.3722 -31.3745 30.7542 -48.2239 -28.8361 20.9086 -42.3904 -25.5702 1.2823 -36.5808 -16.9049 -45.5037 -32.0454 33.4934 -48.0343 -28.5124 21.3963
-27.6668 -48.1767 32.6177 -32.1481 -44.8416 -17.4855 -36.7828 2.3656 -25.6636 -42.5724 21.3647 -28.8795 -48.2570 30.6165 -31.3745 -45.5156 -17.1706 -38.2198 9.7271 -25.7732 -42.9757 23.2753 -31.7603 -48.5761 -11.1242 -31.5828 -35.8349 -22.4324 -42.7783 20.8705 -31.6567 -48.6137 -27.0621 -44.0501 -31.5378 -8.9856 -35.4238 5.9994 -36.0870 11.7904 -36.3961 15.4658 -36.5102 17.5858 -36.8322 18.6082 -36.8785 18.3055 -36.5943 16.5239 -36.2632 13.2338 -35.6841 7.8836 -34.7433 -2.0542 -34.6171 -14.8805 -34.4277 -22.8132 -33.6298 -36.5508 -30.8897 -46.9696 -27.0549 -48.7661 -21.3815 -46.7658 -2.8327 -45.7462 -26.3675 21.3617 -42.1498 -22.3722 -38.4637 -32.1175 -8.5569 -48.6500 -31.7673 23.2671 -42.9748 -25.7731 9.7271 -38.2198 -17.1706 -45.5156 -31.3745 30.6165 -48.2570 -28.8795 21.3647 -42.5724 -25.6636 2.3656 -36.7828 -17.4855 -44.8416 -32.1481 32.6177 -48.1767 -27.6668
-48.0590 31.4187 -32.2497 -44.0800 -18.0395 -36.9931 3.4407 -25.7609 -42.7922 21.9675 -28.9458 -48.3219 30.1672 -31.4627 -45.3722 -17.1706 -38.2256 9.8461 -25.7289 -42.8662 22.9755 -31.7447 -48.6735 -10.1656 -30.3144 -31.0086 -22.8489 -42.9619 22.0431 -34.6164 -17.1452 -33.6000 9.8067 -35.6012 21.2557 -38.6569 31.4067 -40.9300 34.3163 -42.5022 18.7536 -43.5417 -0.6375 -44.3719 -7.1938 -44.8537 -7.7488 -44.6624 -3.0512 -44.0147 13.3390 -43.1079 32.7844 -41.7304 33.5374 -39.7360 24.3516 -37.5150 14.1112 -36.1994 0.7277 -33.6048 -37.2877 -29.1797 -48.7420 -22.1597 -46.2683 2.5911 -41.2993 34.8756 -45.9183 -27.4832 15.3911 -39.4589 26.3698 29.0087 -40.9449 -18.5279 -48.5955 -31.9772 22.9821 -42.8628 -25.7288 9.8461 -38.2256 -17.1706 -45.3722 -31.4627 30.1672 -48.3219 -28.9458 21.9675 -42.7922 -25.7609 3.4407 -36.9931 -18.0395 -44.0800 -32.2497 31.4187 -48.0590
19.0157 -31.9384 -43.2137 -18.5682 -37.2059 4.4534 -25.8627 -43.0313 22.6673 -29.0263 -48.4009 29.3990 -31.6252 -44.9438 -17.4268 -38.2198 9.8461 -25.7147 -42.8176 22.7841 -31.6872 -48.6579 -15.0868 -41.6906 -43.8476 -4.7975 -40.7460 21.5451 -36.6267 15.8488 -38.0883 32.5998 -41.9398 11.3378 -45.5383 -17.4211 -48.5205 -23.2243 -49.2027 -26.1820 -46.8197 -28.1173 -42.4628 -29.2154 -39.3955 -29.5501 -39.7658 -29.1401 -43.2331 -27.9535 -47.2572 -25.9299 -49.1962 -22.8335 -48.3208 -16.3275 -45.5828 12.9396 -42.4809 34.1671 -39.3930 20.3035 -36.5473 4.7748 -32.4518 -41.2383 -26.3388 -47.9451 -10.9321 -42.5818 29.0527 -45.6304 -26.4007 -21.5281 -30.9758 -48.9078 -23.0494 -48.1580 -20.5678 -48.5097 -32.1296 22.8620 -42.8120 -25.7145 9.8461 -38.2198 -17.4268 -44.9438 -31.6252 29.3990 -48.4009 -29.0263 22.6673 -43.0313 -25.8627 4.4534 -37.2059 -18.5682 -43.2137 -31.9384 19.0157
-32.5886 -42.2353 -19.0702 -37.4203 5.4009 -25.9648 -43.2727 23.4132 -29.1173 -48.4851 28.3223 -31.8354 -44.2251 -17.8861 -38.2021 9.7271 -25.7289 -42.8174 22.7118 -31.6971 -48.5593 -19.2147 -47.5178 -27.3905 15.9729 -37.5094 20.2209 -38.2445 32.8775 -42.8331 -8.7553 -47.9385 -24.0492 -47.5234 -29.3765 -24.9892 -32.8718 2.9254 -34.7844 11.3224 -35.8392 15.8929 -36.4842 18.3609 -36.7867 18.8285 -36.7853 17.3063 -36.4464 13.8942 -35.6828 8.2920 -34.4330 -3.6222 -32.1776 -34.8525 -28.5270 -48.3592 -23.5024 -47.9780 -11.3879 -44.0080 35.3192 -39.9934 21.8179 -36.3586 3.0765 -31.2907 -46.2118 -23.5096 -46.0609 0.8471 -43.4435 -17.9638 -48.2582 -17.3566 -48.4050 -19.0738 -45.5870 -16.2226 -48.3928 -32.2334 22.8335 -42.8120 -25.7288 9.7271 -38.2021 -17.8861 -44.2251 -31.8354 28.3223 -48.4851 -29.1173 23.4132 -43.2727 -25.9648 5.4009 -37.4203 -19.0702 -42.2353 -32.5886
-42.5337 -19.5393 -37.6336 6.2932 -26.0666 -43.5061 24.1547 -29.2188 -48.5697 26.8857 -32.0660 -43.2030 -18.4743 -38.1845 9.5354 -25.7732 -42.8659 22.7870 -31.6936 -48.5129 -20.4677 -48.1759 -27.4508 -25.6698 -36.4779 22.5541 -40.5157 12.2991 -47.4444 -24.4520 -45.0720 -31.3375 0.0846 -35.5190 16.1935 -37.7527 27.3897 -40.5481 35.1001 -42.3872 30.2898 -43.5093 15.7097 -44.0169 8.2882 -44.0791 12.7346 -43.7315 26.5621 -42.8644 35.3048 -41.3863 31.4818 -39.3230 22.1735 -37.1832 12.1831 -34.8789 -5.3566 -31.2375 -43.9649 -25.8200 -48.7466 -15.2897 -44.3981 35.1234 -39.5722 19.6354 -35.2998 -8.1375 -29.0952 -48.7568 -17.5789 -43.4146 15.1683 -43.3041 7.7270 -45.9712 1.4352 -45.9565 -20.7307 -48.2434 -32.2346 22.8620 -42.8628 -25.7731 9.5354 -38.1845 -18.4743 -43.2030 -32.0660 26.8857 -48.5697 -29.2188 24.1547 -43.5061 -26.0666 6.2932 -37.6336 -19.5393 -42.5337
-19.0061 -37.8450 7.1278 -26.1695 -43.7348 24.8777 -29.3328 -48.6492 25.0460 -32.2920 -41.9211 -19.1094 -38.1889 9.3405 -25.8486 -42.9756 22.9740 -31.7058 -48.5961 -20.1734 -48.4229 -28.6161 -11.6748 -36.8763 29.5079 -43.4005 -16.8934 -48.8542 -29.8371 -4.6377 -35.8980 19.1029 -39.4515 34.8436 -42.9102 3.2610 -46.2104 -18.0293 -48.6766 -23.2969 -49.1341 -25.6464 -48.2117 -26.7355 -47.5100 -26.8197 -48.0215 -25.9359 -48.9991 -24.0253 -48.9778 -20.2128 -47.2963 -11.0546 -44.6567 27.5233 -41.8985 31.9840 -38.8248 18.7767 -36.0488 4.1942 -32.2131 -39.6877 -26.5051 -48.8369 -15.1818 -43.8016 35.1045 -38.2406 14.1795 -32.9038 -39.3786 -25.0395 -46.1574 16.7071 -42.1483 26.7026 -46.1021 -16.6768 -48.7646 -20.7171 -48.3946 -32.1313 22.9819 -42.9748 -25.8486 9.3405 -38.1889 -19.1094 -41.9211 -32.2920 25.0460 -48.6492 -29.3328 24.8777 -43.7348 -26.1695 7.1278 -37.8450 -19.0061
-38.7488 7.9126 -26.2739 -43.9626 25.5930 -29.4565 -48.7186 22.7520 -32.4862 -40.4349 -19.7276 -38.2286 9.2390 -25.9544 -43.1672 23.2722 -31.7925 -48.6678 -17.9854 -47.9449 -28.4495 -7.1185 -37.6135 34.0930 -45.4997 -22.9908 -43.2898 -32.9613 12.2809 -38.7980 33.6413 -43.3020 -8.1125 -47.9904 -23.8147 -47.7953 -29.0556 -32.4605 -32.4649 -4.9783 -34.3860 4.9098 -35.2501 8.1570 -35.5246 8.3671 -35.3016 5.8351 -34.5924 -1.2799 -33.1150 -22.2554 -30.5371 -43.4672 -26.9062 -49.0986 -21.7667 -47.2794 -8.0973 -43.5801 35.2671 -40.0720 23.4426 -36.3733 7.6921 -32.3744 -38.6037 -26.1910 -48.4460 -10.6549 -42.0152 29.2769 -36.0733 0.2885 -28.8638 -48.5593 -8.6337 -42.6765 17.4540 -47.3033 -16.6582 -45.9373 -16.1987 -48.5084 -31.9777 23.2669 -43.1672 -25.9544 9.2390 -38.2286 -19.7276 -40.4349 -32.4862 22.7520 -48.7186 -29.4565 25.5930 -43.9626 -26.2739 7.9126 -38.7488
8.2618 -26.3652 -44.1905 26.3114 -29.5864 -48.7733 19.9966 -32.6375 -38.8028 -20.2916 -38.3085 9.3005 -26.0863 -43.4375 23.7994 -31.7982 -48.6416 -15.5066 -46.3271 -26.6677 -13.7724 -37.5347 35.0843 -46.4898 -25.6308 -29.2997 -35.3174 20.7756 -40.6892 20.7559 -47.1799 -23.2417 -46.9972 -30.6712 -9.3439 -35.0124 11.4349 -37.5483 20.6100 -38.9782 27.7932 -40.4180 32.2322 -41.1600 33.7010 -41.2257 32.9698 -40.6605 29.7900 -39.4937 24.0897 -37.8128 16.9469 -36.2185 8.2121 -34.0058 -13.0816 -30.6116 -44.7954 -25.7512 -48.9446 -17.9479 -45.2483 25.5614 -40.7785 26.8150 -36.1824 8.3918 -31.7647 -43.2161 -24.4033 -46.8186 25.1221 -38.6396 14.1474 -31.2437 -48.2470 -17.1906 -43.2824 15.7866 -46.0345 1.4968 -45.5736 -20.5575 -48.5945 -31.7673 23.7998 -43.4375 -26.0863 9.3005 -38.3085 -20.2916 -38.8028 -32.6375 19.9966 -48.7733 -29.5864 26.3114 -44.1905 -26.3652 8.2618
-24.8494 -44.4178 27.0349 -29.7183 -48.8105 16.8493 -32.7545 -37.0907 -20.7898 -38.4320 9.5262 -26.2349 -43.7668 24.6203 -31.5874 -48.5341 -12.9494 -46.4216 -24.1098 -32.8164 -36.5444 33.9243 -46.4782 -26.4285 -17.4241 -36.7490 27.1274 -42.7455 -12.1961 -48.9216 -28.6437 -21.0339 -34.8979 13.3952 -38.7714 27.8967 -41.4132 34.9270 -43.8121 3.4589 -45.7386 -13.2051 -47.1958 -17.2618 -47.7439 -17.9810 -47.5680 -16.3117 -46.6550 -10.8165 -45.0407 9.9361 -43.2017 34.8097 -41.1283 30.0264 -38.3865 18.9656 -35.7598 7.1961 -32.9295 -27.3312 -28.5014 -48.8799 -21.9209 -46.4016 9.1253 -40.8070 26.8008 -35.6974 2.6055 -29.6338 -49.0657 -15.7031 -41.4856 22.8143 -33.0922 -45.1843 -19.7880 -43.4189 23.2534 -45.8696 -19.0574 -48.1664 -18.5243 -48.6502 -31.5276 24.6203 -43.7668 -26.2349 9.5262 -38.4320 -20.7898 -37.0907 -32.7545 16.8493 -48.8105 -29.7183 27.0349 -44.4178 -24.8494
-44.6694 27.7572 -29.8495 -48.8257 13.4211 -32.8501 -35.2682 -21.2282 -38.5956 9.9195 -26.3895 -44.1216 25.6684 -31.2107 -48.6208 -9.0504 -36.1400 -26.2120 -41.6627 -34.8181 28.8567 -45.4286 -25.6893 -16.8639 -37.2397 30.6209 -44.3185 -19.2669 -47.6810 -31.5404 4.9228 -37.9332 25.2327 -41.3822 30.8454 -45.5415 -15.4852 -48.6206 -24.1713 -48.2257 -27.8109 -43.3843 -29.8686 -36.4847 -30.7902 -33.4590 -30.7036 -36.8117 -29.6927 -43.2757 -27.7937 -47.9764 -25.0178 -49.1120 -20.8387 -47.1585 -11.0732 -44.0864 29.7040 -41.0881 30.0853 -37.5388 16.1991 -34.4035 -3.5059 -30.1923 -47.2724 -23.1159 -46.5436 20.4504 -39.4281 18.5368 -33.0332 -41.2026 -23.0149 -44.0120 28.5635 -34.0174 -43.6869 -19.2626 -42.9480 3.9398 -48.3461 -23.0074 -40.7551 -8.5051 -48.6288 -31.2063 25.6684 -44.1216 -26.3895 9.9195 -38.5956 -21.2282 -35.2682 -32.8501 13.4211 -48.8257 -29.8495 27.7572 -44.6694
28.2031 -29.7713 -48.8161 9.8894 -32.9278 -33.3195 -21.6272 -38.7821 10.4479 -26.5389 -44.4656 26.8133 -30.8521 -48.7400 -9.8934 -32.2553 -1.9571 -40.1629 -33.7401 19.8506 -43.1713 -23.0522 -28.1685 -36.8268 30.9514 -44.9200 -21.8084 -43.9953 -33.3650 12.7733 -39.6403 34.8511 -44.3036 -12.9291 -48.7203 -26.1357 -43.7944 -31.4099 -10.3390 -34.6168 7.2266 -36.2630 13.3251 -37.0683 16.3466 -37.2428 16.9707 -36.9180 15.3845 -36.1807 11.7534 -35.0878 5.4476 -33.5666 -10.6188 -31.1160 -39.6369 -27.4944 -48.9732 -22.7790 -47.6950 -12.7605 -43.6655 34.1420 -39.5714 22.2106 -35.0857 0.7905 -29.9043 -48.7267 -19.3441 -43.5016 30.7363 -35.6609 -18.7073 -25.7089 -45.1553 29.9007 -33.8326 -46.3944 -15.6551 -43.5876 -17.5779 -48.8034 23.7948 -31.7158 -8.9461 -48.7399 -30.8521 26.8133 -44.4656 -26.5389 10.4479 -38.7821 -21.6272 -33.3195 -32.9278 9.8894 -48.8161 -29.7713 28.2031
-29.3448 -48.7788 6.4248 -32.9920 -31.2241 -21.9969 -38.9814 11.0351 -26.6769 -44.7759 27.9190 -30.6141 -48.7600 -6.5318 -31.4364 -35.8128 -24.3973 -34.8421 10.8943 -40.1024 -16.6712 -42.9331 -35.4323 28.0641 -44.5508 -22.1255 -41.2711 -34.4016 17.0917 -40.4799 31.1493 -46.8570 -22.4011 -47.1232 -31.1013 -5.0789 -35.8807 14.6071 -38.5229 25.9825 -40.4891 34.4547 -42.2155 33.9869 -43.1416 27.6075 -43.3932 26.1810 -43.1038 31.4219 -42.3072 35.2213 -40.9985 31.8552 -39.1012 23.9979 -36.4406 15.1588 -34.3744 3.4911 -31.9033 -34.1220 -27.5229 -49.2475 -20.4787 -45.5918 27.1503 -39.6302 20.0122 -34.0904 -28.6565 -25.9010 -46.7163 35.2423 -37.0314 -7.0692 -26.1498 -44.8343 26.6276 -32.5211 -48.7309 -12.6400 -48.1698 -31.0302 22.6880 -40.2597 -31.3640 -6.5375 -48.7600 -30.6141 27.9190 -44.7759 -26.6769 11.0351 -38.9814 -21.9969 -31.2241 -32.9920 6.4248 -48.7788 -29.3448
-48.7268 3.1067 -33.0406 -28.9534 -22.3443 -39.1905 11.6487 -26.8062 -45.0517 28.9078 -30.4965 -48.7582 -3.8663 -31.6722 -35.8872 -22.4356 -43.4076 14.3358 -37.6481 17.5887 -48.9395 -33.0161 21.9445 -43.1636 -20.3464 -42.6910 -34.5668 18.9477 -40.8159 12.3804 -48.1564 -26.6252 -35.0534 -34.1336 11.5700 -38.7282 29.1786 -41.8452 25.5393 -45.2795 -14.5073 -47.9430 -21.7132 -49.1169 -24.3262 -49.0308 -25.3083 -48.8609 -25.2147 -49.1157 -24.1615 -49.2046 -22.1434 -48.3317 -18.4753 -46.2204 -8.9061 -43.5818 29.0066 -40.9380 30.5590 -37.3322 16.2072 -34.0704 -7.9942 -29.3033 -48.9648 -19.5582 -44.2538 33.9437 -37.0597 1.5260 -28.3771 -48.1292 32.3960 -37.2822 -11.4819 -24.6397 -43.0693 19.3493 -30.3108 -47.5998 -20.4464 -24.6168 -39.1352 -22.2252 -35.9349 -31.6727 -3.8664 -48.7582 -30.4965 28.9078 -45.0517 -26.8062 11.6487 -39.1905 -22.3443 -28.9534 -33.0406 3.1067 -48.7268
-6.6399 -33.1689 -26.5518 -22.6757 -39.4049 12.2796 -26.9308 -45.3038 29.7818 -30.4780 -48.7595 -2.6598 -32.1292 -34.3324 -22.1605 -42.7754 22.7150 -36.0581 30.2849 -47.1224 -29.7451 13.3028 -40.8989 -15.0637 -46.6276 -33.8329 18.2403 -40.8516 2.1381 -48.4973 -28.8007 -14.4971 -36.3731 20.0459 -40.3638 31.5706 -45.8710 -19.7282 -49.0755 -27.2923 -40.1846 -31.3658 -10.5088 -33.5770 3.7283 -34.4143 8.0032 -34.5683 8.9306 -34.3213 7.3413 -33.7725 2.6096 -32.8096 -10.6217 -30.9979 -36.2705 -28.0377 -48.3630 -23.7752 -48.3087 -15.2002 -43.9730 34.6268 -39.0015 18.1551 -34.1263 -26.2969 -26.6373 -47.7265 27.3846 -38.2692 8.0642 -29.0466 -48.2249 34.7008 -36.4949 -32.2210 -20.1607 -40.0109 8.9858 -27.1416 -45.7683 -26.1470 15.2877 -42.4690 -22.1197 -34.3124 -32.1307 -2.6598 -48.7595 -30.4780 29.7818 -45.3038 -26.9308 12.2796 -39.4049 -22.6757 -26.5518 -33.1689 -6.6399
-34.6594 -24.0480 -22.9881 -39.6237 12.9153 -27.0522 -45.5418 30.5701 -30.5260 -48.7593 -2.8967 -32.6593 -31.2395 -22.2505 -41.8028 21.4076 -33.7512 11.5975 -41.7989 -23.9255 -3.5812 -38.7515 8.7933 -48.8625 -32.2224 14.9663 -40.6500 5.0571 -48.5167 -29.6235 -3.8118 -37.7158 26.6925 -42.2616 -10.3055 -48.7763 -27.5764 -29.2005 -33.3339 10.1218 -36.0930 22.0283 -38.9023 31.2576 -40.8038 35.0560 -41.8024 33.6621 -42.1310 32.9312 -41.9003 34.5320 -41.1544 34.0212 -39.7523 28.4901 -37.5065 19.7927 -34.5251 8.8806 -32.5643 -27.3817 -27.7955 -49.2169 -17.1541 -43.7025 33.1420 -37.4290 4.1256 -29.4269 -48.8306 8.1532 -38.5321 7.9747 -28.5647 -47.1626 33.2156 -34.4406 -47.2481 -3.8924 -37.1173 -23.9711 -20.7026 -44.8606 -26.6557 22.5401 -41.7037 -22.2546 -31.2337 -32.6605 -2.8966 -48.7593 -30.5260 30.5701 -45.5418 -27.0522 12.9153 -39.6237 -22.9881 -24.0480 -34.6594
-24.5380 -23.2754 -39.8447 13.5547 -27.1724 -45.7695 31.2968 -30.6108 -48.7455 -4.0330 -33.1508 -27.4120 -22.6312 -40.9683 19.1060 -30.6127 -36.0079 -36.4350 -1.9692 -45.9663 -35.7843 35.0291 -47.7808 -29.7284 8.7929 -40.0381 21.8564 -48.4299 -29.4036 -2.0430 -38.2450 30.6530 -44.0415 -20.1482 -47.2323 -31.4354 9.5591 -36.7617 30.6386 -41.4745 11.3000 -45.3316 -17.3010 -48.2373 -22.2493 -49.2840 -24.4331 -49.0699 -25.3513 -48.8555 -25.2503 -49.1611 -24.1968 -49.3071 -22.0648 -48.2651 -17.9129 -45.4569 1.4872 -41.8952 33.5138 -37.7442 14.6663 -33.3205 -34.7362 -25.8772 -47.4316 29.3461 -38.8397 10.6338 -30.4517 -48.8617 11.7687 -38.4407 1.6228 -26.4297 -44.5418 22.7520 -31.2841 -48.3769 34.8157 -33.9187 -48.7012 2.1565 -44.7499 -25.9816 19.8242 -41.0072 -22.6319 -27.4037 -33.1538 -4.0330 -48.7455 -30.6108 31.2968 -45.7695 -27.1724 13.5547 -39.8447 -23.2754 -24.5380
-21.7768 -40.0673 14.1932 -27.2935 -45.9902 31.9684 -30.7131 -48.7095 -5.5390 -33.5807 -23.5426 -23.0679 -40.4432 16.0077 -29.0294 -48.7300 -31.9401 27.6367 -47.0490 -30.8904 20.2320 -44.0113 -25.1200 -7.1630 -38.7346 35.4778 -47.7103 -28.0406 -6.8757 -38.1114 31.3844 -44.7879 -23.3439 -38.2696 -33.9265 23.0393 -40.5837 -5.1151 -47.6734 -24.2122 -46.4055 -29.6708 -16.0010 -32.5544 5.2783 -33.6134 11.4833 -33.9962 14.1961 -34.4019 14.4966 -34.0900 12.4789 -33.4602 7.5699 -32.8189 -6.6349 -30.6034 -42.5781 -25.7237 -48.6888 -12.7150 -42.6004 30.0027 -37.0021 -0.2806 -29.0785 -48.7176 9.7014 -39.2624 11.3926 -30.2061 -48.6518 31.9495 -37.3679 -25.4769 -20.9808 -40.5237 9.7893 -26.9023 -43.9843 18.3078 -29.1070 -44.8735 35.4372 -45.1535 -26.8618 17.1374 -40.6239 -23.0635 -23.5228 -33.5838 -5.5390 -48.7095 -30.7131 31.9684 -45.9902 -27.2935 14.1932 -40.0673 -21.7768
-40.7276 14.8309 -27.4140 -46.2078 32.5882 -30.8274 -48.6457 -7.0682 -33.9578 -19.9155 -23.4575 -40.2833 15.0050 -31.5489 -48.7546 -26.6201 0.2744 -40.5944 -22.5696 -0.9942 -39.6191 -13.8778 -43.3262 -36.0757 30.4009 -45.7589 -25.0600 -23.0898 -37.2601 29.0130 -44.4901 -23.6690 -30.6449 -35.2937 33.1737 -44.9297 -23.3365 -44.0224 -31.2472 9.0005 -35.1962 24.5478 -39.2723 34.5884 -41.7148 22.7346 -42.9854 0.3980 -43.7624 -5.9864 -43.9858 -3.9937 -43.4279 11.5262 -42.3289 34.0008 -40.2193 27.3376 -36.1650 10.7120 -32.3370 -41.5749 -24.4173 -46.5483 35.0709 -38.7535 7.5439 -30.1432 -48.7934 10.8362 -39.2572 7.4746 -28.6779 -47.0741 32.4507 -34.6390 -47.6490 1.8817 -36.9407 -29.2813 -17.5906 -38.9429 -8.3625 -20.5673 -41.0568 30.5929 -47.1397 -30.0916 15.4687 -40.5145 -23.4513 -19.8967 -33.9592 -7.0682 -48.6457 -30.8274 32.5882 -46.2078 -27.4140 14.8309 -40.7276
15.4490 -27.4606 -46.4183 33.1565 -30.9479 -48.5483 -8.5087 -34.2959 -16.6088 -23.7872 -40.4343 15.0512 -34.7981 -38.5595 -27.5029 -46.3460 -34.4333 30.6798 -48.8851 -34.9638 35.3887 -48.7332 -31.9937 18.3765 -42.5033 -19.2218 -41.9641 -35.5229 23.7323 -43.2121 -21.4738 -35.9370 -35.4360 35.2192 -47.2305 -27.5057 -0.8926 -35.0454 31.1779 -41.8861 -9.3595 -47.1526 -21.9078 -49.3344 -26.0609 -45.4343 -28.4703 -36.6783 -29.6843 -30.5981 -29.9378 -32.7392 -29.2342 -42.0297 -27.1603 -48.9628 -22.8585 -47.3774 -3.1961 -41.4651 26.6405 -36.2922 -8.6651 -28.0098 -48.1419 28.8682 -39.2587 8.1033 -29.9712 -48.5807 30.0510 -38.5215 -6.5369 -24.8171 -43.5402 19.2354 -30.7102 -47.5430 32.0065 -33.3231 -49.1805 34.8496 -34.1835 -48.7460 2.5291 -44.4966 -23.8945 -40.9341 -34.4478 15.2064 -40.5598 -23.7850 -16.6037 -34.2959 -8.5087 -48.5483 -30.9479 33.1565 -46.4183 -27.4606 15.4490
-26.2908 -46.6216 33.6551 -31.0708 -48.4139 -9.8389 -34.6073 -13.6330 -24.0751 -40.6600 15.2064 -35.2938 -1.2940 -33.9579 -43.4581 -31.0821 14.2321 -43.8094 -28.0773 16.1556 -43.4288 -25.6914 2.8628 -39.5115 2.2961 -48.6543 -32.9203 16.5040 -41.2731 -15.4815 -45.4448 -34.4165 33.5652 -47.2424 -28.3325 10.2234 -37.9137 2.1679 -48.0925 -26.1843 -33.3848 -31.5519 8.1362 -33.9133 18.6452 -36.5332 25.6691 -38.2062 29.6417 -38.9346 30.3163 -38.6791 27.1703 -37.1846 19.0413 -34.9069 4.5219 -31.2217 -45.9415 -22.5901 -45.6560 35.1945 -38.2576 1.8322 -28.9251 -48.2782 31.6797 -39.1294 3.2973 -28.3309 -47.2090 34.0752 -36.2686 -41.8798 -14.9733 -39.7042 2.4041 -24.5714 -42.2184 13.0870 -27.3734 -43.9317 16.8434 -28.1470 -46.2502 -21.1197 -33.8162 -36.3893 16.2094 -35.6776 15.7728 -40.6795 -24.0749 -13.6330 -34.6073 -9.8389 -48.4139 -31.0708 33.6551 -46.6216 -26.2908
-46.6769 34.0566 -31.1946 -48.2376 -11.0427 -34.9001 -10.9469 -24.3317 -40.8465 16.0860 -32.2035 2.7767 -38.3460 4.9784 -32.6643 -29.4841 -36.4247 -11.4103 -34.0559 -37.3361 -7.3996 -44.4616 -36.2539 34.6361 -47.3896 -29.2112 6.8277 -39.6389 9.9688 -48.8829 -32.3584 24.9205 -45.1877 -27.5155 9.7640 -39.1660 -16.4479 -47.6352 -31.0921 14.6655 -37.5701 34.6093 -42.4933 -8.1769 -46.0165 -18.6497 -48.3689 -21.6123 -49.1865 -22.6364 -49.2348 -21.8759 -48.3936 -17.6430 -45.4220 24.6538 -40.4724 22.0987 -35.4243 -21.1758 -26.7589 -47.3251 35.3845 -38.6602 0.2237 -28.1315 -47.4302 35.5734 -38.0493 -16.5297 -24.1616 -44.0211 21.9063 -32.4402 -48.9897 34.5113 -35.9125 -45.2350 -4.3990 -37.0236 -33.0717 -14.7194 -37.7684 -29.8798 -23.1976 -48.6809 -33.8080 22.0285 -43.0524 7.3513 -31.3196 16.5681 -40.8473 -24.3318 -10.9469 -34.9001 -11.0427 -48.2376 -31.1946 34.0566 -46.6769
31.2100 -31.0133 -48.0161 -12.1334 -35.1789 -8.5382 -24.5638 -41.0435 17.0415 -27.8592 -46.3795 -48.6278 31.7125 -37.6700 -22.4361 -33.8252 23.6948 -46.9183 -31.7608 28.0564 -47.0837 -30.8269 17.9136 -43.0477 -22.6438 -23.7518 -37.7765 35.4630 -47.5427 -29.5769 13.5668 -41.4946 -23.8866 -1.7467 -37.9430 -15.2487 -44.8573 -33.3890 29.3613 -43.2674 -19.5274 -49.3128 -27.7329 -26.7869 -31.2972 3.7650 -32.3804 10.8272 -33.3220 12.4993 -33.5460 8.6490 -33.2856 -13.6910 -29.3586 -48.8815 -18.6403 -44.2060 31.6572 -37.5698 -6.9067 -27.4940 -47.2030 35.4093 -37.9656 -14.9296 -25.0957 -45.2530 28.0679 -35.5154 -44.8531 -13.6609 -40.4167 7.1614 -26.8331 -44.5444 20.7458 -30.8928 -47.1467 29.1676 -32.4483 -48.3726 32.1930 -32.7067 -48.7608 -27.5559 6.2813 -41.2603 -18.1734 13.7712 -46.7612 -27.6969 17.0241 -41.0416 -24.5639 -8.5382 -35.1789 -12.1334 -48.0161 -31.0133 31.2100
-31.0957 -47.7452 -13.1191 -35.4481 -6.3810 -24.7758 -41.2516 17.6018 -27.8492 -46.8921 34.2199 -24.8897 -44.9103 17.5253 -33.9648 -8.1272 -38.8960 -20.4054 -1.3167 -40.4473 -21.0558 -10.8877 -38.5851 2.6525 -48.2456 -34.2618 23.5189 -44.1375 -24.7830 -4.7656 -38.3182 -12.6436 -41.6533 -35.5337 12.7128 -48.5697 -33.0617 33.0295 -46.5107 -26.7648 -9.4253 -33.6277 22.8799 -38.9638 34.0719 -42.0352 6.4119 -43.6067 -5.7543 -43.9936 9.1033 -42.5383 34.5108 -38.7326 15.2718 -33.7461 -39.5278 -23.6887 -45.8231 33.8633 -37.8378 -12.4590 -25.8011 -45.6074 29.4789 -35.9372 -41.6629 -18.0693 -42.0994 16.1717 -31.7017 -48.7360 34.9031 -36.8661 -39.3892 -14.4609 -39.3758 -4.0048 -22.3088 -41.1154 6.3560 -24.2107 -41.5244 6.6006 -28.2666 -46.6897 -35.2586 33.5546 -48.3628 -32.0693 34.1268 -46.9590 -27.8375 17.5902 -41.2488 -24.7759 -6.3810 -35.4481 -13.1191 -47.7452 -31.0957
-47.8476 -14.0199 -35.7055 -4.4371 -24.9698 -41.4694 18.1939 -27.9984 -47.1730 34.6021 -30.7219 -49.1892 32.7459 -36.6178 -25.9658 -34.7477 32.0826 -49.0604 -33.7408 35.1035 -49.2465 -34.0313 29.9679 -46.5667 -28.9825 9.5309 -40.5858 -13.4843 -44.4399 -35.5967 35.2131 -48.8753 -32.2105 30.9895 -47.6606 -30.4776 25.4401 -45.7785 -27.7149 9.2845 -37.8241 12.9502 -46.8909 -22.8281 -48.5471 -27.7630 -35.6457 -30.0213 -28.6677 -29.7470 -44.3583 -25.5978 -48.4640 -2.8032 -41.5745 22.6917 -35.6298 -32.9384 -24.2073 -45.5934 31.5130 -36.6433 -34.7163 -20.8789 -42.5189 18.5298 -32.6696 -48.9845 18.2678 -39.2383 -1.4219 -25.4950 -44.2639 21.1966 -32.0037 -48.3547 34.2762 -34.6241 -49.0341 29.6852 -35.3203 -47.7051 19.6857 -35.0567 -44.6049 -29.8111 7.2328 -40.6033 -15.3977 -43.1231 -34.5641 34.7262 -46.9852 -27.9530 18.2034 -41.4676 -24.9699 -4.4371 -35.7055 -14.0199 -47.8476
-15.3582 -35.9496 -2.7161 -25.1477 -41.6922 18.8162 -28.1415 -47.3899 34.7304 -32.0717 -47.3774 -13.4333 -39.9445 10.0848 -34.3486 3.9978 -40.7649 -23.9569 9.8440 -42.4384 -25.5140 8.2562 -41.3448 -19.4505 -30.9509 -37.4631 34.9975 -48.6381 -31.6814 21.2812 -44.5261 -27.4250 13.0365 -42.2970 -25.5721 10.1965 -41.5052 -24.9849 5.8955 -38.8686 -17.0014 -47.7259 -30.5808 10.1225 -35.2061 24.8233 -38.6430 29.8875 -38.8899 21.5449 -36.8840 2.1676 -30.7558 -48.6258 -13.3189 -42.4922 23.1520 -35.5905 -37.3214 -22.5159 -44.0877 24.5722 -34.0540 -48.0274 -3.0545 -39.5778 4.5790 -27.5600 -46.2142 30.2511 -35.7113 -46.0684 -8.2534 -39.4154 -1.8646 -23.6484 -42.3794 12.4494 -27.4468 -44.1627 18.0361 -28.8761 -44.6696 18.0486 -31.2239 -43.6138 -35.8700 32.8458 -46.9651 -29.1944 0.2253 -38.1102 35.5615 -46.9159 -28.0903 18.8231 -41.6917 -25.1477 -2.7161 -35.9496 -15.3582
-37.1022 -1.1913 -25.3077 -41.9189 19.4549 -28.2769 -47.5775 34.7198 -33.8879 -40.8170 -23.9177 -44.2192 30.2639 -37.5148 -13.7457 -35.6880 34.3995 -49.0443 -34.6365 17.3036 -47.2006 -35.7773 34.5169 -49.0652 -33.0079 22.3598 -44.3512 -25.9905 4.1781 -39.8501 -18.4672 -26.4272 -37.3683 -11.8392 -38.1607 -36.4827 -12.4313 -35.2138 -36.5601 -12.7064 -43.9164 -33.6365 30.4263 -42.6464 -13.7819 -47.9224 -21.1313 -48.7459 -15.1928 -44.8448 34.4122 -39.7270 7.9952 -31.5783 -48.6667 -10.3282 -41.6491 20.6141 -34.7095 -43.5631 -18.3940 -41.2792 14.2858 -30.2960 -47.6351 34.5810 -36.6106 -40.1704 -17.1085 -41.7596 12.4840 -29.7792 -47.1214 31.7010 -34.8911 -48.7124 21.7166 -36.6208 -40.6208 -10.3047 -37.6302 -30.3494 -14.4129 -37.5053 -28.2859 -31.1687 8.5705 -41.5341 -17.5913 -38.7962 -36.7772 24.8474 -41.9470 14.9475 -46.7563 -28.2442 19.4544 -41.9189 -25.3077 -1.1913 -37.1022
-1.1508 -25.4633 -42.1473 20.1093 -28.4111 -47.7487 34.4714 -34.7622 -0.3170 -32.8620 -47.2740 -14.8323 -41.9482 15.1369 -35.5576 10.7578 -42.0968 -26.3677 15.8274 -44.0158 -28.4346 16.1954 -43.3114 -25.4106 3.0128 -39.8300 -13.0831 -42.6481 -36.1059 32.8286 -49.1688 -33.3953 32.7619 -48.2061 -31.9482 31.2854 -48.3839 -32.1066 34.7620 -49.2599 -32.6136 34.8331 -47.6378 -26.6694 -23.0726 -32.4348 5.6569 -32.9400 -42.7476 -21.4574 -45.9054 33.9106 -39.3833 3.7941 -30.6315 -48.6806 -3.9869 -40.8745 19.9990 -33.3745 -48.1835 -2.1019 -38.3760 -6.5094 -23.6193 -42.6932 17.0103 -31.6447 -48.5851 35.3464 -37.5809 -31.5643 -19.0893 -41.5750 9.7923 -27.2998 -44.5480 20.7199 -30.8994 -46.8832 27.4258 -32.1039 -47.5653 27.7839 -33.1037 -43.1666 -35.3950 33.7878 -48.1554 -31.2669 15.9899 -42.6252 4.1317 -47.2391 10.2844 -47.1302 -28.4055 20.1067 -42.1473 -25.4633 -1.1508
-23.6810 -42.3767 20.7753 -28.5459 -47.9149 33.9876 -33.2233 -4.8201 -40.2794 14.2565 -32.3681 -49.0847 31.3338 -38.5068 2.4943 -36.5099 23.7836 -46.4477 -35.7049 -7.7850 -38.7101 -36.7633 3.6023 -46.9970 -35.5692 34.8565 -48.2542 -31.6530 21.9207 -44.8489 -27.7104 12.6401 -42.0229 -24.7026 7.7320 -41.4060 -24.7574 12.1268 -43.3048 -27.9278 22.0041 -46.3314 -28.7085 15.0166 -38.3143 33.9528 -42.7733 16.4082 -32.4616 -47.8601 -14.0665 -43.4991 28.0600 -38.2848 -1.9790 -29.9474 -48.6490 -10.5729 -41.7255 18.2328 -30.9088 -48.2129 35.0207 -34.9781 -47.7046 4.3107 -38.0682 -12.9021 -23.0417 -43.3746 18.3527 -32.1461 -48.6745 35.5408 -36.3229 -44.1555 -8.0243 -38.3848 -17.4661 -19.4124 -40.1261 -2.1432 -21.2603 -39.9918 -5.6949 -31.3498 2.1619 -40.4237 -17.7230 -29.3395 -38.1787 33.7975 -48.4424 -24.4935 -42.9314 28.4224 -47.7994 -28.5477 20.7753 -42.3767 -23.6810
-42.8119 21.4502 -28.6775 -48.0715 33.3187 -32.0333 -45.8746 -26.3422 34.5064 -41.0118 3.9619 -25.5051 -43.9779 22.5279 -36.9059 16.3743 -42.9852 -28.0626 20.3389 -45.5677 -30.5361 22.7409 -45.3685 -28.9962 14.6732 -42.5878 -24.2443 1.0184 -39.7705 -17.2341 -31.4352 -36.9196 0.4285 -45.8850 -35.2402 12.7336 -45.8921 -35.6504 -13.3158 -19.0464 -39.3938 -23.2249 11.2307 -44.5847 -22.2111 -48.7865 -31.1016 -30.2488 -44.7478 -27.5752 -47.7071 -0.1349 -45.1564 28.7286 -43.0099 4.7537 -36.1729 -47.8128 -22.6291 -40.1116 8.6954 -26.8998 -43.9142 19.0541 -30.0025 -46.3036 27.8723 -33.8769 -49.0569 24.3226 -38.3861 -15.9825 -22.2469 -42.7602 14.4879 -29.4788 -46.2149 26.9231 -33.0794 -48.7130 34.1795 -33.9532 -49.1794 34.6112 -34.0406 -45.2521 -33.7110 26.8415 -46.2458 -29.6019 16.5972 -43.9598 -23.8732 0.6649 -45.5903 -30.0246 33.2609 -48.0686 -28.6770 21.4502 -42.8119
22.2549 -28.6665 -48.2139 32.3657 -32.1829 -44.5588 -17.2167 -36.3279 -47.4899 32.9227 -35.4757 -47.7342 1.6199 -39.6113 12.9485 -37.5025 5.2394 -41.6804 -36.9151 -15.1183 -23.5026 -38.4751 -14.8458 -34.1598 -37.0425 8.5280 -47.6136 -35.2805 35.3313 -48.9457 -32.8867 27.6670 -46.4235 -30.1288 20.4393 -44.9941 -29.4535 24.2604 -47.3189 -31.8629 32.1309 -47.3633 -35.9011 -18.9348 -48.0566 -37.0896 21.2268 -42.4901 -22.2019 -47.5461 -17.6860 -45.0104 30.5093 -43.9425 23.4399 -42.3793 0.6580 -36.4494 -47.9699 -1.0370 -36.5469 -24.5132 -19.9735 -38.8806 -2.2406 -22.2115 -40.5110 6.1395 -26.0227 -44.0376 21.6975 -33.1935 -49.0598 33.3798 -37.1251 -37.6078 -15.1475 -39.8662 -1.2276 -22.8883 -41.6982 7.6094 -24.3429 -41.7203 5.4222 -30.6283 -23.2000 -37.5611 -0.1711 -46.6744 -35.4970 34.8480 -49.2071 -31.9680 1.0728 -44.8716 -32.1548 32.3614 -48.2133 -28.6663 22.2548
