-35.6623 -26.4546 -21.6006 -40.5685 14.9216 -26.1734 -46.5311 31.3702 -30.9597 -48.0549 -14.9321 -36.9376 -2.3837 -23.5592 -42.6411 21.6958 -27.7431 -48.1129 17.7298 -32.6635 -42.0467 -19.1580 -38.8367 8.6315 -24.9127 -44.7662 28.4865 -29.4243 -48.7340 -7.2933 -34.7834 -23.3202 -21.8796 -40.8159 15.7404 -26.3615 -46.7619 31.0619 -31.1687 -47.7184 -15.5861 -37.1968 -0.4668 -23.7450 -42.9036 22.5555 -27.9461 -48.2397 13.7791 -33.5585 -6.3199 -33.5585 13.7791 -48.2397 -27.9461 22.5555 -42.9036 -23.7450 -0.4668 -37.1968 -15.5861 -47.7184 -31.1687 31.0619 -46.7619 -26.3615 15.7404 -40.8159 -21.8796 -23.3202 -34.7834 -7.2933 -48.7340 -29.4243 28.4865 -44.7662 -24.9127 8.6315 -38.8367 -19.1580 -42.0467 -32.6635 17.7298 -48.1129 -27.7431 21.6958 -42.6411 -23.5592 -2.3837 -36.9376 -14.9321 -48.0549 -30.9597 31.3702 -46.5311 -26.1734 14.9216 -40.5685 -21.6006 -26.4546 -35.6623
-26.4546 -23.1940 -39.9474 14.3951 -27.3779 -46.4627 33.7337 -30.9212 -47.9640 -13.3204 -35.7585 -2.3792 -25.3479 -42.1876 20.8933 -28.5716 -48.2402 30.7754 -31.9792 -41.7352 -19.7540 -37.9445 8.2692 -26.4129 -44.5239 28.0961 -29.8297 -48.7605 1.6980 -33.2692 -22.8281 -23.4078 -40.1649 15.1090 -27.5156 -46.7163 34.2218 -31.0585 -47.6103 -14.3846 -36.0608 -0.5246 -25.5229 -42.4770 21.7475 -28.7263 -48.3987 28.6875 -32.0207 -41.4434 -26.9068 -41.4434 -32.0210 28.6875 -48.3987 -28.7263 21.7475 -42.4770 -25.5229 -0.5246 -36.0608 -14.3846 -47.6103 -31.0585 34.2218 -46.7163 -27.5156 15.1090 -40.1649 -23.4078 -22.8281 -33.2692 1.6980 -48.7605 -29.8297 28.0961 -44.5239 -26.4129 8.2692 -37.9445 -19.7540 -41.7352 -31.9792 30.7754 -48.2402 -28.5716 20.8933 -42.1876 -25.3479 -2.3792 -35.7585 -13.3204 -47.9640 -30.9212 33.7337 -46.4627 -27.3779 14.3951 -39.9474 -23.1940 -26.4546
-21.6006 -39.9474 14.1478 -27.3717 -46.2930 33.3146 -31.0979 -48.1938 -12.3445 -35.5084 -4.0366 -25.1816 -41.9586 20.2245 -28.5768 -48.1028 32.1187 -32.2988 -42.7687 -19.2968 -37.7325 7.4998 -26.3235 -44.2976 27.3759 -29.9103 -48.8040 4.8716 -33.0816 -25.3821 -23.1270 -39.9415 14.4711 -27.4717 -46.5150 33.8618 -31.2441 -47.9043 -13.5195 -35.8225 -1.9747 -25.3739 -42.2472 21.0685 -28.7408 -48.2756 30.4361 -32.4177 -41.3647 -19.5007 -39.8851 -19.5009 -41.3631 -32.4181 30.4360 -48.2756 -28.7408 21.0685 -42.2472 -25.3739 -1.9747 -35.8225 -13.5195 -47.9043 -31.2441 33.8618 -46.5150 -27.4717 14.4711 -39.9415 -23.1270 -25.3821 -33.0816 4.8716 -48.8040 -29.9103 27.3759 -44.2976 -26.3235 7.4998 -37.7325 -19.2968 -42.7687 -32.2988 32.1187 -48.1028 -28.5768 20.2245 -41.9586 -25.1816 -4.0366 -35.5084 -12.3445 -48.1938 -31.0979 33.3146 -46.2930 -27.3717 14.1478 -39.9474 -21.6006
-40.5685 14.3951 -27.3717 -46.2233 33.0119 -31.0074 -48.3594 -11.3318 -35.2620 -5.8414 -25.0109 -41.7305 19.5640 -28.4460 -47.9522 33.1234 -32.1990 -43.6853 -18.8077 -37.5187 6.6840 -26.2187 -44.0707 26.6541 -29.7739 -48.8266 8.3165 -33.0282 -27.8077 -22.8255 -39.7158 13.8217 -27.3540 -46.3098 33.4052 -31.1129 -48.1507 -12.5572 -35.5752 -3.5792 -25.2224 -42.0143 20.3867 -28.6139 -48.1399 31.7999 -32.3090 -42.5792 -19.4434 -37.5753 17.1816 -37.5722 -19.4442 -42.5779 -32.3090 31.7999 -48.1399 -28.6139 20.3867 -42.0143 -25.2224 -3.5792 -35.5752 -12.5572 -48.1507 -31.1129 33.4052 -46.3098 -27.3540 13.8217 -39.7158 -22.8255 -27.8077 -33.0282 8.3165 -48.8266 -29.7739 26.6541 -44.0707 -26.2187 6.6840 -37.5187 -18.8077 -43.6853 -32.1990 33.1234 -47.9522 -28.4460 19.5640 -41.7305 -25.0109 -5.8414 -35.2620 -11.3318 -48.3594 -31.0074 33.0119 -46.2233 -27.3717 14.3951 -40.5685
14.9216 -27.3779 -46.2930 33.0119 -30.9741 -48.4444 -10.4953 -35.0462 -7.6486 -24.8352 -41.5068 18.9124 -28.3142 -47.7890 33.8669 -32.0980 -44.4930 -18.2931 -37.3032 5.8129 -26.1159 -43.8444 25.9378 -29.6335 -48.8217 11.9721 -32.9882 -30.0734 -22.5108 -39.4879 13.1591 -27.2384 -46.1022 32.8859 -30.9746 -48.3518 -11.4705 -35.3210 -5.3515 -25.0543 -41.7784 19.7023 -28.4891 -47.9950 32.8550 -32.1945 -43.5273 -18.8920 -37.5996 5.9992 -31.4052 5.9713 -37.5971 -18.8918 -43.5273 -32.1948 32.8550 -47.9950 -28.4891 19.7023 -41.7784 -25.0543 -5.3515 -35.3210 -11.4705 -48.3518 -30.9746 32.8859 -46.1022 -27.2384 13.1591 -39.4879 -22.5108 -30.0734 -32.9882 11.9721 -48.8217 -29.6335 25.9378 -43.8444 -26.1159 5.8129 -37.3032 -18.2931 -44.4930 -32.0980 33.8669 -47.7890 -28.3142 18.9124 -41.5068 -24.8352 -7.6486 -35.0462 -10.4953 -48.4444 -30.9741 33.0119 -46.2930 -27.3779 14.9216
-26.1734 -46.4627 33.3146 -31.0074 -48.4444 -10.1631 -34.9139 -9.1011 -24.6786 -41.3055 18.3022 -28.1892 -47.6198 34.3631 -31.9975 -45.1955 -17.7557 -37.0888 4.8880 -26.0157 -43.6209 25.2359 -29.4922 -48.7937 15.6135 -32.9440 -32.1479 -22.1858 -39.2608 12.4896 -27.1258 -45.8948 32.3227 -30.8337 -48.5082 -10.2473 -35.0630 -7.2875 -24.8722 -41.5426 19.0238 -28.3673 -47.8434 33.6348 -32.0753 -44.3827 -18.3759 -37.3617 6.1899 -26.3653 -46.2725 -26.3708 6.1780 -37.3843 -18.3834 -44.3846 -32.0759 33.6348 -47.8434 -28.3673 19.0238 -41.5426 -24.8722 -7.2834 -35.0630 -10.2473 -48.5082 -30.8337 32.3227 -45.8948 -27.1258 12.4896 -39.2608 -22.1858 -32.1479 -32.9440 15.6135 -48.7937 -29.4922 25.2359 -43.6209 -26.0157 4.8880 -37.0888 -17.7557 -45.1955 -31.9975 34.3631 -47.6198 -28.1892 18.3022 -41.3055 -24.6786 -9.1011 -34.9139 -10.1631 -48.4444 -31.0074 33.3146 -46.4627 -26.1734
-46.5311 33.7337 -31.0979 -48.3594 -10.4953 -34.9139 -9.6770 -24.5815 -41.1607 17.8066 -28.0828 -47.4576 34.6372 -31.9015 -45.8030 -17.1957 -36.8718 3.8809 -25.9184 -43.4014 24.5525 -29.3458 -48.7434 19.1331 -32.9023 -34.0250 -21.8515 -39.0306 11.7994 -27.0172 -45.6886 31.7303 -30.6851 -48.6254 -8.8334 -34.8039 -9.3463 -24.6792 -41.3066 18.3637 -28.2413 -47.6881 34.1743 -31.9361 -45.1349 -17.8125 -37.1550 5.1562 -26.0135 -43.1647 34.7833 -43.2045 -26.0395 14.3082 -37.1361 -17.8447 -45.1370 -31.9543 34.1771 -47.6846 -28.2489 18.3413 -41.3039 -24.6769 -9.3649 -34.8026 -8.8333 -48.6254 -30.6851 31.7303 -45.6886 -27.0172 11.7994 -39.0306 -21.8515 -34.0250 -32.9023 19.1331 -48.7434 -29.3458 24.5525 -43.4014 -25.9184 3.8809 -36.8718 -17.1957 -45.8030 -31.9015 34.6372 -47.4576 -28.0828 17.8066 -41.1607 -24.5815 -9.6770 -34.9139 -10.4953 -48.3594 -31.0979 33.7337 -46.5311
31.3702 -30.9212 -48.1938 -11.3318 -35.0462 -9.1011 -24.5815 -41.1070 17.5209 -28.0093 -47.3227 34.7337 -31.8191 -46.2973 -16.6296 -36.6526 2.7557 -25.8249 -43.1909 23.9029 -29.1893 -48.6701 22.4440 -32.8721 -35.6782 -21.5145 -38.7940 11.0739 -26.9142 -45.4878 31.1296 -30.5250 -48.7062 -7.1490 -34.5444 -11.4889 -24.4662 -40.9562 23.1527 -27.4425 -47.6125 34.5643 -31.7784 -45.9445 -17.2258 -36.9567 4.2540 -25.9286 -43.2019 26.2541 -38.3995 18.6940 -35.8083 -38.0290 17.2294 -36.8688 -17.2612 -45.7910 -31.8178 34.5085 -47.5243 -28.1323 17.6555 -41.0624 -24.4706 -11.5684 -34.5425 -7.1488 -48.7062 -30.5250 31.1296 -45.4878 -26.9142 11.0739 -38.7940 -21.5145 -35.6782 -32.8721 22.4440 -48.6701 -29.1893 23.9029 -43.1909 -25.8249 2.7557 -36.6526 -16.6296 -46.2973 -31.8191 34.7337 -47.3227 -28.0093 17.5209 -41.1070 -24.5815 -9.1011 -35.0462 -11.3318 -48.1938 -30.9212 31.3702
-30.9597 -47.9640 -12.3445 -35.2620 -7.6486 -24.6786 -41.1607 17.5209 -27.9828 -47.2462 34.7330 -31.7501 -46.6656 -16.1016 -36.4402 1.5602 -25.7353 -42.9915 23.2940 -29.0216 -48.5729 25.4830 -32.8626 -37.1067 -21.1807 -38.5473 10.2971 -26.8185 -45.2965 30.5425 -30.3512 -48.7507 -5.1120 -34.2873 -13.7411 -24.2458 -40.7607 27.7498 -38.9655 -38.2415 26.7621 -32.0308 -46.5998 -25.6295 -33.8354 3.7031 -25.8127 -43.0390 25.1131 -39.3645 28.3648 -36.0934 -12.3303 2.6297 -39.7384 12.6384 -36.6414 -16.5521 -46.3986 -33.2527 34.6854 -47.3661 -28.0157 16.9638 -40.8184 -24.2565 -13.8277 -34.2876 -5.1118 -48.7507 -30.3512 30.5425 -45.2965 -26.8185 10.2971 -38.5473 -21.1807 -37.1067 -32.8626 25.4830 -48.5729 -29.0216 23.2940 -42.9915 -25.7353 1.5602 -36.4402 -16.1016 -46.6656 -31.7501 34.7330 -47.2462 -27.9828 17.5209 -41.1607 -24.6786 -7.6486 -35.2620 -12.3445 -47.9640 -30.9597
-48.0549 -13.3204 -35.5084 -5.8414 -24.8352 -41.3055 17.8066 -28.0093 -47.2462 34.7206 -31.7077 -46.9017 -15.6688 -36.2528 0.3916 -25.6461 -42.8067 22.7366 -28.8450 -48.4495 28.2021 -32.8925 -38.2764 -20.8664 -38.2833 9.4362 -26.7334 -45.1217 29.9958 -30.1539 -48.7592 -2.5744 -34.0405 -16.0390 -24.0406 -40.4990 25.7865 -42.8909 -5.7650 -44.8969 -26.7089 -48.7611 -26.1006 18.6690 -44.7754 -7.8636 -41.4831 20.9970 -37.2590 29.2718 -47.5634 -26.3863 5.5868 -39.2069 12.4218 -33.4295 2.5969 -35.6457 -22.7809 1.6615 -34.8359 34.7041 -47.1973 -27.8946 16.2582 -40.5697 -24.0393 -16.0545 -34.0437 -2.5699 -48.7592 -30.1537 29.9958 -45.1217 -26.7334 9.4362 -38.2833 -20.8664 -38.2764 -32.8925 28.2021 -48.4495 -28.8450 22.7366 -42.8067 -25.6461 0.3916 -36.2528 -15.6688 -46.9017 -31.7077 34.7206 -47.2462 -28.0093 17.8066 -41.3055 -24.8352 -5.8414 -35.5084 -13.3204 -48.0549
-14.9321 -35.7585 -4.0366 -25.0109 -41.5068 18.3022 -28.0828 -47.3227 34.7330 -31.7077 -46.9830 -15.4100 -36.1204 -0.5992 -25.5616 -42.6561 22.2610 -28.6726 -48.3059 30.4519 -32.9664 -39.1578 -20.6016 -37.9985 8.4622 -26.6646 -44.9773 29.5389 -29.9276 -48.7783 0.6863 -33.8129 -18.1946 -23.8327 -40.1551 17.6434 -38.7414 29.0790 -43.3284 -6.4229 -45.9447 -15.3328 -48.6705 -32.4971 19.0086 -36.9207 10.3892 -32.9630 1.9765 -39.7057 -0.2334 -48.4394 -31.1122 -10.6305 -30.3184 -48.7692 -25.6297 -43.2754 -22.2734 -47.4541 11.7364 -34.6278 34.5602 -46.9910 -27.7556 15.5631 -40.3245 -23.8259 -18.1147 -33.8203 0.6893 -48.7783 -29.9274 29.5388 -44.9773 -26.6646 8.4622 -37.9985 -20.6016 -39.1578 -32.9664 30.4519 -48.3059 -28.6726 22.2610 -42.6561 -25.5616 -0.5992 -36.1204 -15.4100 -46.9830 -31.7077 34.7330 -47.3227 -28.0828 18.3022 -41.5068 -25.0109 -4.0366 -35.7585 -14.9321
-36.9376 -2.3792 -25.1816 -41.7305 18.9124 -28.1892 -47.4576 34.7337 -31.7501 -46.9017 -15.4100 -36.0722 -1.1921 -25.4979 -42.5519 21.9108 -28.5160 -48.1558 32.1323 -33.0748 -39.7690 -20.4074 -37.6979 7.3492 -26.6220 -44.8842 29.2449 -29.6612 -48.8285 4.9156 -33.7526 -20.0117 -23.6254 -40.0741 14.3129 -33.8762 3.7753 -38.8303 23.3875 -40.4850 35.8386 -45.4510 -19.3602 -47.2774 -29.7547 -39.5780 -26.4240 -48.7472 -30.4420 14.8904 -40.9350 -3.0391 -48.1227 -20.2294 -47.5916 5.0950 -41.9775 2.4406 -45.3658 35.5964 -36.8125 -19.7997 -33.1962 34.2867 -46.7327 -27.5916 14.8978 -40.0880 -23.6274 -19.9553 -33.7345 4.8603 -48.8300 -29.6618 29.2434 -44.8842 -26.6220 7.3492 -37.6979 -20.4074 -39.7690 -33.0748 32.1323 -48.1558 -28.5160 21.9108 -42.5519 -25.4979 -1.1921 -36.0722 -15.4100 -46.9017 -31.7501 34.7337 -47.4576 -28.1892 18.9124 -41.7305 -25.1816 -2.3792 -36.9376
-2.3837 -25.3479 -41.9586 19.5640 -28.3142 -47.6198 34.6372 -31.8191 -46.6656 -15.6688 -36.1204 -1.1921 -25.4735 -42.4962 21.7037 -28.3934 -48.0188 33.2657 -33.2104 -40.0878 -20.2967 -37.3956 6.1209 -26.6177 -44.8771 29.2376 -29.3384 -48.8531 9.7993 -34.3687 -20.6637 -23.4850 -39.8609 14.0189 -29.4546 -48.0884 -30.4137 -10.0050 -35.5247 12.8296 -39.7016 34.7815 -45.1058 -11.4002 -47.1070 -16.5615 -43.5476 -10.8343 -48.7125 -31.1754 12.5745 -38.3442 31.2348 -41.0452 31.1537 -38.9896 19.4287 -37.2663 20.2124 -37.3178 -7.4218 -30.0312 -45.2636 -31.6449 33.7882 -46.4384 -27.3961 14.2755 -39.8620 -23.3987 -21.6743 -33.8386 9.9176 -48.8585 -29.3373 29.2359 -44.8772 -26.6177 6.1209 -37.3956 -20.2967 -40.0878 -33.2104 33.2657 -48.0188 -28.3934 21.7037 -42.4962 -25.4735 -1.1921 -36.1204 -15.6688 -46.6656 -31.8191 34.6372 -47.6198 -28.3142 19.5640 -41.9586 -25.3479 -2.3837
-23.5592 -42.1876 20.2245 -28.4460 -47.7890 34.3631 -31.9015 -46.2973 -16.1016 -36.2528 -0.5992 -25.4979 -42.4962 21.6317 -28.3274 -47.9233 33.9108 -33.3449 -40.1750 -20.2767 -37.1174 4.8710 -26.6594 -44.9804 29.6479 -28.9337 -48.8277 15.0735 -34.8508 19.3673 -22.5390 -39.2452 13.6406 -27.3957 -46.9852 -13.1188 -48.4762 -25.7103 -43.9737 -32.4435 7.1016 -39.0316 29.8220 -42.2253 -17.6002 -46.7061 -16.6507 -46.0208 -21.7128 -48.6575 -31.1736 -14.7725 -34.8968 4.5813 -35.6214 -1.9339 -33.9830 -21.8819 -32.2268 -35.8203 -27.9909 -48.4823 -20.9344 -48.0405 -31.7675 32.7974 -46.0209 -26.9966 16.7732 -40.6553 -23.3727 -24.2172 -34.0268 15.4581 -48.8311 -28.9317 29.6460 -44.9805 -26.6594 4.8710 -37.1174 -20.2767 -40.1750 -33.3449 33.9108 -47.9233 -28.3274 21.6317 -42.4962 -25.4979 -0.5992 -36.2528 -16.1016 -46.2973 -31.9015 34.3631 -47.7890 -28.4460 20.2245 -42.1876 -23.5592
-42.6411 20.8933 -28.5768 -47.9522 33.8669 -31.9975 -45.8030 -16.6296 -36.4402 0.3916 -25.5616 -42.5519 21.7037 -28.3274 -47.8903 34.1806 -33.4423 -40.1212 -20.3205 -36.8910 3.7179 -26.7515 -45.1963 30.5519 -28.4146 -48.7497 20.3904 -35.0921 18.3901 -50.1079 -27.6691 -17.7521 -26.0389 -45.4235 35.7546 -41.2717 32.4392 -45.5032 -18.2431 -48.6828 -30.2203 -0.3266 -36.3878 31.0146 -32.6706 -30.8673 -34.4608 -29.9122 -40.1267 -30.4006 -37.0419 -32.9316 -27.6520 -33.7694 -28.6115 -32.9432 -41.6101 -30.7516 -47.4339 -27.7444 -48.6372 -19.5787 -45.2676 -19.4605 -47.2768 -32.8153 31.4993 -44.2181 -14.0409 31.6387 -43.4725 -23.9117 -26.1298 -34.3085 20.7306 -48.7510 -28.4166 30.5476 -45.1955 -26.7515 3.7179 -36.8910 -20.3205 -40.1212 -33.4423 34.1806 -47.8903 -28.3274 21.7037 -42.5519 -25.5616 0.3916 -36.4402 -16.6296 -45.8030 -31.9975 33.8669 -47.9522 -28.5768 20.8933 -42.6411
21.6958 -28.5716 -48.1028 33.1234 -32.0980 -45.1955 -17.1957 -36.6526 1.5602 -25.6461 -42.6561 21.9108 -28.3934 -47.9233 34.1806 -33.4785 -40.0511 -20.3754 -36.7344 2.8112 -26.8902 -45.5108 31.8894 -27.7435 -48.6299 24.8092 -34.9601 1.9431 -37.4954 13.5071 -47.2898 -12.7618 -42.0426 26.1067 -37.6767 17.9625 -39.6200 32.6086 -42.2794 -3.0427 -47.3209 -23.9467 -48.5544 0.0039 -39.5073 24.6644 -37.0478 19.4881 -36.3576 18.4393 -36.1469 16.6572 -35.9638 13.7317 -35.7112 9.2825 -34.8384 0.8727 -33.2252 -23.6893 -30.2648 -45.5879 -25.8105 -48.5348 -25.5995 -47.4320 -31.0564 -15.4576 -25.5203 -48.8728 -11.3664 -45.3676 -23.7488 -25.1566 -34.7086 25.0469 -48.6369 -27.7496 31.8872 -45.5100 -26.8902 2.8112 -36.7344 -20.3754 -40.0511 -33.4785 34.1806 -47.9233 -28.3934 21.9108 -42.6561 -25.6461 1.5602 -36.6526 -17.1957 -45.1955 -32.0980 33.1234 -48.1028 -28.5716 21.6958
-27.7431 -48.2402 32.1187 -32.1990 -44.4930 -17.7557 -36.8718 2.7557 -25.7353 -42.8067 22.2610 -28.5160 -48.0188 33.9108 -33.4423 -40.0511 -20.4007 -36.6563 2.2651 -27.0423 -45.8621 33.2905 -26.8719 -48.5099 28.0383 -34.8222 -21.8360 -33.6033 5.0993 -38.6225 26.1572 -38.1780 18.5680 -37.2227 16.2472 -37.9638 27.4518 -40.4709 35.6060 -42.4413 -4.9972 -45.4797 -16.9161 -44.5160 -3.5759 -44.0895 -3.6322 -44.3331 -5.4533 -44.3075 -3.0625 -43.8382 6.8638 -43.1561 25.8304 -42.1620 35.0180 -40.5994 30.1186 -38.1886 20.2369 -35.4568 9.0146 -33.1376 -23.7674 -30.5841 -45.6921 -29.5407 -48.7606 -20.3793 -47.0262 11.9708 -42.2602 -23.0447 -22.2693 -35.1658 28.1207 -48.5144 -26.8776 33.2905 -45.8621 -27.0423 2.2651 -36.6563 -20.4007 -40.0511 -33.4423 33.9108 -48.0188 -28.5160 22.2610 -42.8067 -25.7353 2.7557 -36.8718 -17.7557 -44.4930 -32.1990 32.1187 -48.2402 -27.7431
-48.1129 30.7754 -32.2988 -43.6853 -18.2931 -37.0888 3.8809 -25.8249 -42.9915 22.7366 -28.6726 -48.1558 33.2657 -33.3449 -40.1212 -20.3754 -36.6563 2.0886 -27.1435 -46.1369 33.9607 -25.8022 -48.4122 30.0531 -35.5468 -25.9004 -29.2753 -33.9976 -35.2965 13.0567 -37.6754 23.4235 -39.1169 34.4753 -42.0342 6.4222 -45.2365 -17.0181 -48.0236 -22.5042 -48.7555 -25.6004 -47.6900 -27.3245 -44.8130 -28.4878 -41.3116 -29.1232 -39.7227 -29.1481 -41.0719 -28.5686 -44.5386 -27.3304 -47.9775 -25.3283 -49.3016 -22.3227 -48.0808 -16.2321 -45.0871 15.8949 -41.6821 32.0901 -37.8616 15.6901 -34.7087 -14.8199 -29.9720 -48.5679 -20.6660 -45.3396 35.4818 -39.9318 -23.1770 -19.0400 -35.6777 30.0081 -48.4115 -25.8063 33.9605 -46.1368 -27.1435 2.0886 -36.6563 -20.3754 -40.1212 -33.3449 33.2657 -48.1558 -28.6726 22.7366 -42.9915 -25.8249 3.8809 -37.0888 -18.2931 -43.6853 -32.2988 30.7754 -48.1129
17.7298 -31.9792 -42.7687 -18.8077 -37.3032 4.8880 -25.9184 -43.1909 23.2940 -28.8450 -48.3059 32.1323 -33.2104 -40.1750 -20.3205 -36.7344 2.2651 -27.1435 -46.2389 33.6921 -24.7884 -48.3448 31.0267 -36.2507 -16.3156 -25.6111 -49.3288 -33.1496 23.3070 -39.9172 27.0490 -45.0364 -18.7695 -49.0852 -25.6247 -44.6804 -29.9311 -16.8832 -32.6017 4.6983 -33.9234 12.1567 -34.6372 16.8797 -35.9006 20.0623 -36.6923 21.7313 -36.9723 21.7666 -36.7358 20.1264 -35.9709 16.8420 -34.9167 11.8089 -34.1878 3.2288 -32.5440 -24.7029 -29.2366 -47.5405 -24.0666 -48.0218 -10.7409 -43.0391 33.9676 -37.8669 12.6698 -32.9566 -41.5437 -24.6023 -46.2969 33.4218 -39.3848 -23.5220 -14.1248 -36.2427 30.9891 -48.3459 -24.7933 33.6941 -46.2389 -27.1435 2.2651 -36.7344 -20.3205 -40.1750 -33.2104 32.1323 -48.3059 -28.8450 23.2940 -43.1909 -25.9184 4.8880 -37.3032 -18.8077 -42.7687 -31.9792 17.7298
-32.6635 -41.7352 -19.2968 -37.5187 5.8129 -26.0157 -43.4014 23.9029 -29.0216 -48.4495 30.4519 -33.0748 -40.0878 -20.2767 -36.8910 2.8112 -27.0423 -46.1369 33.6921 -24.3525 -48.3126 31.4281 -36.7300 -8.2175 -24.0227 -40.5252 34.2011 -11.7906 -45.5755 -22.1159 -48.4745 -29.2997 -10.4624 -33.2893 13.0338 -35.8261 24.6101 -39.1453 34.0399 -41.4692 28.2007 -42.9154 1.4097 -44.2682 -10.4666 -45.5065 -14.1370 -46.0988 -15.0158 -46.0797 -13.7927 -45.4266 -9.0469 -44.1992 8.5537 -42.7794 33.6330 -40.9967 30.7197 -38.1266 18.6724 -35.4185 3.8665 -31.7220 -42.4126 -25.4109 -47.9554 -2.5876 -41.2426 25.3023 -36.0375 -10.5959 -27.9348 -48.0987 15.7339 -39.2762 -23.9462 -8.2892 -36.7499 31.4053 -48.3138 -24.3575 33.6941 -46.1368 -27.0423 2.8112 -36.8910 -20.2767 -40.0878 -33.0748 30.4519 -48.4495 -29.0216 23.9029 -43.4014 -26.0157 5.8129 -37.5187 -19.2968 -41.7352 -32.6635
-42.0467 -19.7540 -37.7325 6.6840 -26.1159 -43.6209 24.5525 -29.1893 -48.5729 28.2021 -32.9664 -39.7690 -20.2967 -37.1174 3.7179 -26.8902 -45.8621 33.9607 -24.7884 -48.3126 31.5373 -37.0019 -4.8950 -24.6275 -38.1714 13.4959 -34.2891 -42.2259 -30.5733 0.2574 -34.5033 22.3403 -39.3157 33.9653 -43.2575 -11.1288 -46.9811 -21.0323 -49.2730 -25.0274 -47.7747 -27.7702 -40.8702 -29.6515 -30.5802 -30.8045 -21.9602 -31.3282 -19.7161 -31.2694 -24.8083 -30.5624 -35.4241 -29.0446 -45.0564 -26.5414 -49.1768 -22.7679 -47.9527 -13.5983 -44.3270 33.2845 -40.3084 23.5573 -36.3662 3.5078 -30.8950 -47.5688 -21.1287 -45.0694 35.0214 -37.9813 5.5287 -29.7008 -48.7135 -1.2163 -39.3988 -24.3230 -3.9789 -37.0496 31.5152 -48.3138 -24.7933 33.9605 -45.8621 -26.8902 3.7179 -37.1174 -20.2967 -39.7690 -32.9664 28.2021 -48.5729 -29.1893 24.5525 -43.6209 -26.1159 6.6840 -37.7325 -19.7540 -42.0467
-19.1580 -37.9445 7.4998 -26.2187 -43.8444 25.2359 -29.3458 -48.6701 25.4830 -32.8925 -39.1578 -20.4074 -37.3956 4.8710 -26.7515 -45.5100 33.2905 -25.8042 -48.3448 31.4261 -37.0022 -3.5366 -24.7699 -38.3499 8.2669 -34.3065 -14.9400 -34.6241 20.8376 -39.6428 18.6300 -46.0022 -21.4749 -49.1571 -27.8521 -31.1870 -31.7490 3.3380 -33.6295 13.5655 -35.1728 20.2067 -37.0538 25.3335 -38.3745 28.6350 -39.0995 29.8387 -39.2164 28.9131 -38.7056 25.6819 -37.5148 20.2794 -35.8476 13.0771 -34.6947 1.0670 -32.0411 -37.3888 -27.2862 -49.1774 -18.5819 -45.2232 34.1079 -39.5622 18.0125 -34.5315 -28.7509 -26.5447 -47.6305 27.6775 -38.6317 11.0030 -30.6784 -48.7510 -5.3509 -39.4225 -24.5175 -2.4215 -37.0471 31.4035 -48.3459 -25.8063 33.2905 -45.5100 -26.7515 4.8710 -37.3956 -20.4074 -39.1578 -32.8925 25.4830 -48.6701 -29.3458 25.2359 -43.8444 -26.2187 7.4998 -37.9445 -19.1580
-38.8367 8.2692 -26.3235 -44.0707 25.9378 -29.4922 -48.7434 22.4440 -32.8626 -38.2764 -20.6016 -37.6979 6.1209 -26.6594 -45.1955 31.8872 -26.8778 -48.4121 30.9945 -36.7023 -5.0360 -24.7536 -38.4502 8.5469 -34.4269 0.1870 -36.6489 34.9158 -44.8599 -21.6966 -47.9436 -30.0987 0.7245 -34.3000 19.2560 -38.0076 32.8429 -41.3149 23.8825 -43.6570 -9.1667 -45.8423 -16.9893 -47.4998 -19.7851 -48.3123 -20.8144 -48.4972 -20.6318 -48.1311 -18.8839 -47.0243 -13.8061 -45.0430 8.2184 -42.7559 35.3183 -40.1805 24.4826 -37.0032 10.0560 -33.3636 -31.9288 -27.3692 -48.8548 -11.9999 -42.7118 29.5284 -37.2329 -0.1066 -29.1479 -48.6776 3.3169 -39.1032 13.4549 -31.0198 -48.7546 -2.3598 -39.2499 -24.5140 -3.8972 -36.7430 30.9837 -48.4113 -26.8776 31.8872 -45.1955 -26.6594 6.1209 -37.6979 -20.6016 -38.2764 -32.8626 22.4440 -48.7434 -29.4922 25.9378 -44.0707 -26.3235 8.2692 -38.8367
8.6315 -26.4129 -44.2976 26.6541 -29.6335 -48.7937 19.1331 -32.8721 -37.1067 -20.8664 -37.9985 7.3492 -26.6177 -44.9805 30.5476 -27.7497 -48.5143 30.0004 -36.1948 -9.3681 -24.5446 -38.4613 8.7208 -34.4888 6.3768 -37.5362 15.3355 -48.3415 -27.8302 -8.1606 -34.8797 23.5462 -40.1276 23.7685 -45.2265 -18.7134 -49.0275 -24.9980 -46.9843 -28.7441 -32.5912 -31.2070 -10.9151 -32.6039 -0.9662 -33.2385 1.3768 -33.3860 -0.9047 -32.9774 -10.9767 -31.6329 -33.0469 -29.0674 -46.8965 -25.1833 -48.9385 -17.6294 -45.5629 26.6989 -41.1583 26.2250 -37.3383 6.7307 -31.7955 -45.8681 -22.7248 -45.9732 35.4281 -38.5206 9.0848 -30.5483 -48.7838 -7.4050 -39.5395 13.7692 -30.7399 -48.7181 10.9270 -39.2662 -24.3347 -8.2300 -36.2350 30.0020 -48.5141 -27.7496 30.5476 -44.9805 -26.6177 7.3492 -37.9985 -20.8664 -37.1067 -32.8721 19.1331 -48.7937 -29.6335 26.6541 -44.2976 -26.4129 8.6315
-24.9127 -44.5239 27.3759 -29.7739 -48.8217 15.6135 -32.9023 -35.6782 -21.1807 -38.2833 8.4622 -26.6220 -44.8772 29.6460 -28.4166 -48.6368 28.1099 -35.6286 -15.1705 -24.1483 -38.5150 8.8688 -34.1968 5.2516 -37.7019 -4.9544 -48.9492 -30.3748 11.6858 -38.1438 32.7290 -45.8521 -22.0481 -48.3363 -29.5166 -11.1194 -33.5573 11.7373 -35.3239 21.3297 -38.0113 28.8242 -39.8595 33.1787 -40.8325 34.4515 -41.0448 33.9583 -40.5637 30.8586 -39.2979 24.4058 -37.3137 15.9831 -35.7703 4.4967 -32.8183 -33.7878 -27.9165 -49.0938 -18.8542 -45.4868 33.9066 -39.8486 18.7372 -35.0736 -23.5791 -27.2600 -48.0702 17.3477 -39.1571 13.8221 -31.4333 -48.6558 -9.8621 -39.3321 12.0786 -29.9042 -48.3216 30.3804 -39.3256 -24.0074 -14.1786 -35.6655 28.1131 -48.6367 -28.4166 29.6460 -44.8772 -26.6220 8.4622 -38.2833 -21.1807 -35.6782 -32.9023 15.6135 -48.8217 -29.7739 27.3759 -44.5239 -24.9127
-44.7662 28.0961 -29.9103 -48.8266 11.9721 -32.9440 -34.0250 -21.5145 -38.5473 9.4362 -26.6646 -44.8842 29.2359 -28.9317 -48.7500 25.0171 -35.1123 -20.1110 -23.6904 -38.6007 9.3165 -32.9860 -6.0719 -37.2610 -1.8235 -48.6972 -31.5785 18.4977 -40.4829 -11.0168 -49.0784 -28.8698 -5.9696 -35.0393 19.9548 -39.1166 35.0208 -42.5633 1.4211 -45.5650 -16.6851 -47.9201 -20.9725 -48.9053 -22.4742 -49.1017 -22.4224 -48.8510 -20.6317 -47.8248 -15.5086 -45.6605 6.5866 -43.0444 35.4246 -40.2226 23.3470 -37.3230 8.5254 -33.2081 -35.8015 -26.9934 -48.6709 -10.3867 -42.6696 29.7731 -37.4586 2.4543 -29.7243 -48.8865 -7.9015 -40.1011 16.8753 -31.7988 -48.6150 -7.9900 -38.4574 8.0926 -28.5885 -47.0441 35.9423 -39.2047 -23.6319 -19.3647 -35.1439 25.0283 -48.7499 -28.9317 29.2359 -44.8842 -26.6646 9.4362 -38.5473 -21.5145 -34.0250 -32.9440 11.9721 -48.8266 -29.9103 28.0961 -44.7662
28.4865 -29.8297 -48.8040 8.3165 -32.9882 -32.1479 -21.8515 -38.7940 10.2971 -26.7334 -44.9773 29.2434 -29.3373 -48.8290 20.6711 -34.6752 -23.0984 -23.3195 -38.7500 10.0143 -30.8613 -38.0093 -35.8802 26.9539 -48.9735 -31.3202 20.2925 -42.0257 -19.3837 -46.3998 -32.1742 14.0638 -38.6280 35.2368 -44.6039 -16.9109 -48.9974 -25.7012 -45.0151 -29.9494 -24.3140 -32.4954 -4.5606 -33.6784 0.5277 -33.9362 -1.2516 -33.3781 -12.6507 -31.7006 -36.0787 -28.6964 -47.8896 -24.2089 -48.4102 -13.6321 -44.6871 34.5972 -40.4857 22.7483 -36.9508 3.3076 -31.3481 -46.8764 -22.3492 -45.9926 34.7236 -38.5245 11.9375 -31.4404 -48.2793 -15.8398 -41.0201 18.5085 -31.6287 -48.7559 1.8632 -37.6657 -0.8418 -26.1902 -44.7665 30.9354 -39.0055 -23.3350 -22.3726 -34.7159 20.6986 -48.8287 -29.3373 29.2434 -44.9773 -26.7334 10.2971 -38.7940 -21.8515 -32.1479 -32.9882 8.3165 -48.8040 -29.8297 28.4865
-29.4243 -48.7605 4.8716 -33.0282 -30.0734 -22.1858 -39.0306 11.0739 -26.8185 -45.1217 29.5389 -29.6621 -48.8562 15.3773 -34.3235 -24.3321 -23.1073 -38.9693 10.8403 -28.8358 -48.5346 -33.0676 32.1560 -47.5669 -29.6869 16.8725 -41.7386 -20.8683 -40.8720 -34.2590 23.2140 -41.4386 -8.8346 -48.7448 -27.0955 -33.4594 -32.9900 7.5497 -36.2407 18.5871 -37.9784 26.0243 -39.6967 29.9381 -40.2764 30.0708 -39.8918 26.6018 -38.5448 20.1250 -37.2919 11.5995 -35.1135 -5.2405 -31.4698 -43.8047 -25.9330 -48.6726 -13.6733 -44.1743 35.5058 -39.2049 16.8539 -34.7422 -23.4881 -27.5304 -48.3740 -1.3907 -40.0631 19.0564 -32.9193 -45.7482 -19.2010 -41.4082 18.3547 -30.8871 -48.8138 27.5157 -36.6888 -28.2742 -21.3765 -41.8303 24.4285 -38.9095 -23.1274 -23.5122 -34.3741 15.4174 -48.8560 -29.6618 29.5388 -45.1217 -26.8185 11.0739 -39.0306 -22.1858 -30.0734 -33.0282 4.8716 -48.7605 -29.4243
-48.7340 1.6980 -33.0816 -27.8077 -22.5108 -39.2608 11.7994 -26.9142 -45.2965 29.9958 -29.9279 -48.8273 9.8371 -34.0496 -24.2234 -23.0530 -39.2061 11.7150 -27.5548 -47.6936 -29.4771 16.9987 -43.4317 -26.4590 8.2275 -39.6451 -18.2129 -41.9224 -34.8565 28.1835 -43.8562 -20.3071 -47.0140 -31.5743 7.1373 -37.3826 25.6981 -40.9496 34.4937 -43.8302 -0.9448 -45.8711 -13.7172 -47.0369 -15.6741 -46.9564 -12.8376 -45.6978 1.8760 -43.8511 34.0550 -41.6035 29.7017 -38.8162 16.6846 -36.0606 -0.0601 -31.6440 -44.4709 -25.1549 -47.9817 -6.0165 -42.2586 30.3694 -37.2700 6.9416 -30.8046 -48.2460 -18.5369 -42.6197 25.9228 -33.9972 -42.1482 -20.3240 -41.0505 15.7882 -29.5381 -47.7870 34.3671 -34.4734 -46.9347 -8.8977 -39.7537 21.4048 -39.4654 -23.0181 -23.4812 -34.0926 9.8753 -48.8271 -29.9274 29.9958 -45.2965 -26.9142 11.7994 -39.2608 -22.5108 -27.8077 -33.0816 1.6980 -48.7340
-7.2933 -33.2692 -25.3821 -22.8255 -39.4879 12.4896 -27.0172 -45.4878 30.5425 -30.1539 -48.7769 4.8134 -33.8250 -23.2869 -23.1185 -39.3945 12.4571 -26.9383 -45.3791 -23.4020 -6.3701 -38.8002 -18.5028 -25.3359 -37.0302 -4.2212 -47.6045 -33.8712 27.8375 -44.6219 -23.4880 -37.7753 -34.3316 18.1455 -39.9924 33.7577 -45.4683 -17.0062 -48.9493 -25.3182 -47.1754 -28.5548 -41.3849 -29.9486 -38.8621 -29.7351 -43.0575 -28.0291 -47.8952 -24.7954 -48.8720 -18.0580 -46.1550 12.1224 -42.5222 33.2889 -38.9960 17.8968 -35.7863 -1.8704 -30.7780 -47.0637 -23.1351 -46.6301 22.3563 -39.7662 19.3391 -33.6617 -37.4415 -24.1605 -44.7929 31.1570 -34.4561 -41.4792 -19.1135 -39.6927 10.0168 -27.5198 -44.8947 23.2285 -31.3915 -48.6174 33.6930 -40.0811 27.2565 -41.1644 -23.0460 -22.6958 -33.8571 4.8358 -48.7768 -30.1537 30.5425 -45.4878 -27.0172 12.4896 -39.4879 -22.8255 -25.3821 -33.2692 -7.2933
-34.7834 -22.8281 -23.1270 -39.7158 13.1591 -27.1258 -45.6886 31.1296 -30.3512 -48.7592 0.6752 -33.7110 -21.8732 -23.2523 -39.5411 12.9496 -26.7742 -44.5349 -6.4262 -48.0495 -34.5866 32.4422 -49.1948 -33.6829 35.0697 -48.6081 -31.4231 22.0655 -43.6774 -23.5053 -31.0840 -35.8239 25.2347 -42.1589 -7.6173 -48.6264 -26.6047 -40.2794 -32.3364 -1.5810 -35.4410 9.6013 -36.7437 12.9521 -37.0347 12.2714 -36.4124 7.7718 -34.9537 -4.7103 -32.2738 -37.3592 -28.1310 -48.7481 -22.2809 -47.2445 -5.2403 -42.9580 34.7480 -38.9527 18.0366 -35.0443 -7.4557 -29.3519 -48.9922 -18.4965 -43.5688 31.8771 -36.0299 -9.1127 -26.6720 -46.0313 32.7026 -34.0626 -45.5893 -13.3464 -37.6966 -5.3587 -23.1378 -40.6486 10.0941 -27.5270 -45.6074 35.5853 -43.1429 35.7056 -41.0584 -23.2088 -21.5408 -33.7280 0.6786 -48.7592 -30.3512 31.1296 -45.6886 -27.1258 13.1591 -39.7158 -23.1270 -22.8281 -34.7834
-23.3202 -23.4078 -39.9415 13.8217 -27.2384 -45.8948 31.7303 -30.5250 -48.7507 -2.5744 -33.8113 -20.1363 -23.4229 -39.6984 13.3544 -26.8421 -44.9504 35.3527 -45.9989 -29.8112 20.3057 -44.9471 -28.6850 18.2980 -44.2758 -27.5467 11.8283 -40.9595 -20.2473 -37.1956 -35.8736 28.2507 -43.8599 -18.2022 -48.2214 -30.8693 -1.5461 -36.5785 17.0535 -39.4703 27.7722 -40.9854 33.7594 -41.9413 34.8639 -41.7419 32.9589 -40.5550 27.0435 -38.7824 18.7170 -36.8191 9.0804 -34.1533 -14.2780 -30.2766 -46.3028 -24.7191 -48.2693 -12.9033 -43.5009 35.1616 -38.5801 16.2657 -33.6322 -31.2245 -25.9859 -47.2367 31.5240 -37.2241 2.3227 -27.2973 -45.9135 29.8485 -32.5957 -48.9961 20.9278 -35.2297 -43.9981 -8.7318 -37.0467 -24.7508 -20.7126 -43.6461 33.6626 -45.3370 30.4473 -39.8062 -23.4340 -20.0535 -33.8153 -2.5744 -48.7507 -30.5250 31.7303 -45.8948 -27.2384 13.8217 -39.9415 -23.4078 -23.3202
-21.8796 -40.1649 14.4711 -27.3540 -46.1022 32.3227 -30.6851 -48.7062 -5.1120 -34.0401 -18.1997 -23.6189 -39.9019 13.8447 -26.9826 -45.2647 33.9585 -41.0063 -21.9253 -5.7472 -39.1982 -19.3665 -12.9642 -38.7376 -18.8090 -19.9856 -37.7339 -7.2196 -46.9685 -34.4219 26.4542 -44.1042 -20.8442 -44.9636 -33.0474 10.8716 -39.2309 29.8430 -42.4156 28.0525 -45.2929 -8.6644 -46.9509 -15.6195 -47.4955 -15.8027 -46.8942 -11.0905 -45.3077 8.9727 -43.3231 34.8222 -41.1011 29.7969 -38.1888 18.1805 -35.3188 4.4100 -31.8870 -39.7141 -26.2474 -48.7382 -13.7788 -43.0410 32.5363 -36.9194 4.9030 -29.2311 -48.8518 10.0686 -37.4923 2.1181 -26.4439 -44.1520 21.7076 -30.0700 -47.5060 30.7265 -31.7066 -48.4689 34.1440 -33.8014 -48.6158 -5.6637 -44.5585 -4.0072 -37.9975 19.7623 -39.8628 -23.6238 -18.1627 -34.0432 -5.1118 -48.7062 -30.6851 32.3227 -46.1022 -27.3540 14.4711 -40.1649 -21.8796
-40.8159 15.1090 -27.4717 -46.3098 32.8859 -30.8337 -48.6254 -7.1490 -34.2856 -16.0808 -23.8327 -40.0838 14.1168 -27.4366 -45.6340 32.8746 -38.7008 21.6023 -48.7662 -34.4417 34.8943 -49.2409 -33.6365 34.7960 -49.2651 -33.7620 35.0045 -48.6061 -31.5545 19.9013 -42.8104 -20.0181 -43.5508 -34.0857 16.0710 -40.4767 35.5852 -45.4361 -15.1638 -48.7533 -24.8656 -47.6666 -28.3022 -43.6470 -29.4104 -42.3260 -28.9945 -45.1470 -27.3763 -48.2638 -24.7726 -49.0754 -20.8657 -47.1692 -11.8372 -44.0152 30.5462 -40.5803 26.8396 -36.2266 9.4172 -32.3797 -39.8896 -25.4601 -47.6085 18.8812 -39.0604 13.6412 -30.6377 -48.9534 11.3786 -37.2263 -11.9977 -22.9477 -40.7097 9.8591 -26.1059 -42.5603 13.3172 -26.7194 -43.2111 15.8664 -29.1960 -46.5076 -9.3200 -48.5508 -38.6505 -26.7804 14.2712 -40.0910 -23.8259 -16.0545 -34.2876 -7.1488 -48.6254 -30.8337 32.8859 -46.3098 -27.4717 15.1090 -40.8159
15.7404 -27.5156 -46.5150 33.4052 -30.9746 -48.5082 -8.8335 -34.5413 -13.8371 -24.0465 -40.1953 14.3007 -29.4016 -47.1604 35.4409 -39.4317 29.5583 -45.5905 -28.7468 16.1015 -43.4863 -27.0878 14.8786 -43.5408 -27.5834 16.1676 -43.7326 -26.8695 8.9494 -40.3518 -14.4296 -46.5318 -33.8342 17.7036 -40.9485 23.0208 -47.5594 -23.4498 -46.6289 -30.8607 -17.2840 -34.4916 4.4983 -36.0141 9.9773 -36.2571 11.2694 -35.7384 9.7222 -34.7720 5.1685 -33.4722 -6.9744 -31.3567 -36.0567 -27.8191 -48.9259 -22.2949 -46.7236 7.3146 -41.0215 26.3781 -36.7389 2.1778 -29.9389 -48.9946 -10.7683 -40.3566 15.8249 -30.5554 -48.7933 33.0798 -35.6109 -43.0213 -11.5586 -36.9928 -29.4721 -16.1238 -37.3332 -29.8217 -15.5029 -38.0863 -16.4018 -22.2002 -45.5317 -24.4993 26.7945 -46.0744 -27.4043 14.8971 -40.3249 -24.0394 -13.8277 -34.5425 -8.8333 -48.5082 -30.9746 33.4052 -46.5150 -27.5156 15.7404
-26.3615 -46.7163 33.8618 -31.1129 -48.3518 -10.2473 -34.8023 -11.5750 -24.2558 -40.4760 17.3587 -33.5340 -48.3388 -14.8919 -42.5570 29.6194 -41.4839 -18.8641 -24.8757 -37.6586 -11.9491 -36.7003 -36.9362 -13.4793 -30.7261 -37.6763 -15.2905 -32.6715 -37.2771 20.0576 -49.0092 -32.2568 15.6443 -40.8489 11.4578 -48.3385 -27.0713 -34.0385 -34.1938 8.3669 -38.0742 20.7487 -39.4716 30.5703 -41.1492 35.1349 -41.8942 35.0622 -41.8587 35.0416 -41.1731 33.8345 -39.7874 27.9850 -37.3102 18.0146 -34.4588 1.0488 -30.4607 -47.6807 -21.6549 -45.8051 35.0782 -39.2548 12.9495 -32.0129 -48.0435 -13.5793 -40.0849 12.3375 -28.9873 -46.8538 29.5995 -32.2595 -48.9066 34.9674 -32.9842 -49.1077 34.6668 -32.6042 -48.7986 34.2456 -33.8974 -48.7154 -12.0688 -48.5416 -32.6485 32.8341 -46.4689 -27.6024 15.5611 -40.5708 -24.2568 -11.5684 -34.8026 -10.2473 -48.3518 -31.1129 33.8618 -46.7163 -26.3615
-46.7619 34.2218 -31.2441 -48.1507 -11.4705 -35.0630 -9.3683 -24.4681 -40.8233 28.9603 -38.3748 2.4353 -30.4569 -48.5864 5.5785 -41.5454 27.1806 -48.9195 -33.1770 30.3430 -47.6387 -31.7625 29.1099 -47.8634 -32.1779 32.6115 -48.6726 -32.7824 29.9418 -47.0179 -29.3106 9.4824 -40.2094 18.5755 -48.4422 -28.4757 -17.5100 -36.2700 16.7052 -40.0750 34.2672 -43.1061 -1.1150 -46.5254 -19.3738 -48.7291 -22.9043 -49.2556 -23.9197 -49.3024 -23.4998 -49.2031 -21.6503 -48.0729 -16.9354 -45.0114 25.2054 -39.9634 20.6184 -34.8378 -24.6561 -27.3057 -48.2844 12.8790 -40.2171 16.2838 -32.4545 -48.4512 -4.7585 -38.8195 1.0720 -24.9442 -42.4821 14.2414 -27.5807 -43.9025 16.2725 -27.2319 -43.0130 12.9401 -25.9630 -42.4367 13.1248 -27.9405 -44.8920 -12.3406 -47.3284 -31.7310 33.7994 -46.7698 -27.7601 16.2545 -40.8196 -24.4708 -9.3649 -35.0630 -11.4705 -48.1507 -31.2441 34.2218 -46.7619
31.0619 -31.0585 -47.9043 -12.5572 -35.3210 -7.2831 -24.6760 -41.0941 28.3758 -45.7312 34.8868 -38.9739 -4.2744 -28.1553 -47.5646 18.2541 -44.8744 -26.2121 7.8954 -41.2119 -22.7495 2.3370 -40.6761 -23.0087 6.5276 -41.5272 -24.9769 9.7165 -41.6492 -23.0928 -10.6064 -38.6814 34.3224 -48.0107 -28.1376 -12.2937 -37.2597 21.7848 -41.1039 25.8830 -46.9120 -23.2529 -47.3297 -29.7652 -16.4124 -32.8087 5.3006 -33.5479 10.2721 -33.4478 10.7395 -33.1241 7.1994 -32.5130 -9.4807 -29.5385 -48.4336 -20.1448 -44.0167 30.7154 -37.5641 -2.6919 -29.5324 -48.6857 2.3127 -40.4814 14.2635 -31.1609 -48.8033 33.1354 -36.5413 -40.2696 -13.3344 -37.9146 -21.8765 -17.5879 -37.8225 -28.7776 -13.7384 -36.4114 -40.8649 -6.7161 -36.6671 -34.9901 -17.5126 -42.0904 -17.9924 -46.8913 -32.8749 34.1693 -46.9710 -27.8851 16.9571 -41.0633 -24.6769 -7.2834 -35.3210 -12.5572 -47.9043 -31.0585 31.0619
-31.1687 -47.6103 -13.5195 -35.5752 -5.3515 -24.8723 -41.3010 17.2729 20.3891 -25.6166 -45.5884 27.6570 -36.7936 -28.6962 -25.2027 -46.3506 -17.0853 -44.1491 -35.8978 29.3086 -48.9797 -34.4330 32.0860 -48.9272 -34.3672 15.0771 -46.0777 -35.6276 9.6808 -47.5879 -35.3046 31.0350 -46.2331 -25.9024 -20.3543 -37.1851 23.7070 -41.7835 -1.1114 -48.5302 -28.4865 -9.1132 -34.5926 20.7571 -38.8255 34.3419 -41.6878 22.7891 -42.8557 5.7087 -43.0443 9.7659 -42.4930 32.3697 -40.0096 22.9742 -34.6482 -29.9523 -24.5375 -45.5309 32.9663 -38.5768 0.4507 -29.8216 -48.6125 18.3027 -39.9163 6.4991 -27.9165 -46.0045 26.5255 -32.4015 -48.7684 34.6942 -33.3713 -49.1353 34.4568 -32.3193 -48.1287 29.3174 -31.1703 -46.8585 26.8963 -32.2471 -48.2133 10.8575 -45.4873 -25.9340 -29.0289 -35.6226 34.8489 -47.1339 -28.0038 17.6516 -41.3044 -24.8722 -5.3515 -35.5752 -13.5195 -47.6103 -31.1687
-47.7184 -14.3846 -35.8225 -3.5792 -25.0543 -41.5431 18.3372 -27.6541 -41.5888 -19.6068 -16.3225 -41.1733 16.9219 -35.1197 -42.2614 -22.0689 -48.2919 -30.9258 19.1033 -44.1278 -27.4511 14.5405 -43.2714 -27.4255 17.4649 -44.6482 -29.5672 22.8451 -45.9818 -29.8832 16.5215 -42.5281 -20.6210 -38.3834 -35.9938 22.1961 -41.8798 -6.3224 -48.7066 -30.1762 8.8304 -37.7040 29.3517 -45.7038 -20.7127 -49.3628 -26.0705 -44.4811 -28.4786 -36.5083 -29.0507 -38.0220 -27.8462 -47.8851 -22.9056 -45.8357 33.7632 -36.4705 -29.1837 -23.1967 -44.8929 30.4478 -38.3724 -6.0028 -28.0489 -47.7182 35.7321 -37.9066 -26.0596 -20.5367 -41.2349 9.1113 -26.1209 -43.0024 13.8972 -26.5336 -42.3719 10.1844 -23.9954 -40.6917 1.5248 -21.6446 -40.3163 1.9329 -24.3517 -44.6472 -15.4684 -46.7982 -34.2862 12.8943 -38.8602 35.2137 -47.3526 -28.1260 18.3426 -41.5426 -25.0543 -3.5792 -35.8225 -14.3846 -47.7184
-15.5861 -36.0608 -1.9747 -25.2224 -41.7784 19.0251 -28.2460 -47.6551 27.6649 -29.2254 -46.7042 34.9087 -40.2809 12.8079 -32.8576 -48.5438 -26.0427 -14.0311 -38.3456 -10.6952 -40.2162 -36.3000 -5.9523 -39.9230 -36.8563 -15.0122 -20.9401 -38.9166 -19.2943 -14.3890 -38.4609 0.5888 -48.3180 -33.5833 17.4748 -41.3642 -0.0089 -48.6491 -30.4197 10.4202 -38.8296 -13.5174 -49.0459 -29.5351 3.6123 -33.6650 20.0389 -37.1251 28.3387 -38.6837 30.5386 -38.5343 26.0298 -35.6745 0.2408 -27.3563 -46.2415 29.2748 -35.1032 -44.4525 -17.4392 -43.1638 24.3069 -36.9204 -30.8081 -23.1991 -44.6856 24.8272 -33.9860 -49.0145 24.9171 -36.5717 -41.1575 -9.3403 -36.7671 -38.9740 -6.5400 -35.0638 -47.5818 25.9581 -33.9145 -49.2643 34.5622 -34.7300 -48.2171 -13.0386 -47.6383 -30.1930 11.2994 -41.5699 30.2505 -37.9275 35.0272 -47.5346 -28.2465 19.0251 -41.7784 -25.2224 -1.9747 -36.0608 -15.5861
-37.1968 -0.5246 -25.3739 -42.0143 19.7023 -28.3664 -47.6827 34.5339 -32.1851 -48.5774 -21.9203 -46.9853 34.0156 -39.6357 0.7462 -28.6722 -47.7779 -34.1368 29.4507 -47.0313 -30.9869 23.2562 -45.8790 -30.5767 26.0949 -47.4381 -32.2808 33.3481 -49.0373 -33.6704 31.8116 -47.2941 -29.7625 9.3612 -40.4178 23.3136 -48.3288 -29.4948 5.1795 -38.5550 -11.7567 -46.1613 -32.8524 26.3741 -40.8252 -6.1574 -46.7608 -20.6968 -49.2985 -23.2511 -49.4608 -22.7822 -48.8819 9.0999 -38.5199 -12.0138 -22.2118 -42.2418 17.3635 -32.1848 -48.8158 5.5606 -41.4882 15.7265 -34.0208 -47.7511 -9.0674 -40.8869 8.8086 -27.7478 -45.3089 23.1541 -31.4802 -47.3676 28.2662 -31.3817 -46.5570 23.1496 -28.9238 -44.0026 15.2305 -26.5668 -42.7782 13.6954 -27.9745 -46.1463 -20.1369 -31.0003 -38.3643 33.8644 -45.2938 14.3653 -33.2742 34.5126 -47.6812 -28.3664 19.7023 -42.0143 -25.3739 -0.5246 -37.1968
-0.4668 -25.5229 -42.2472 20.3867 -28.4891 -47.8434 34.1860 -31.8607 -46.1692 -25.1791 -22.0477 -28.1936 -47.7291 32.1145 -35.6345 -44.9664 -29.6721 6.8391 -40.9024 -20.3624 -12.8933 -38.9091 -17.6713 -15.7360 -39.2345 -20.8013 2.4824 -41.3131 -24.4849 9.1447 -41.8677 -22.3036 -17.1155 -38.4112 35.7537 -47.2275 -27.1256 -9.3055 -37.8318 29.4535 -49.1202 -32.3439 33.7911 -47.0599 -25.2012 -36.1115 -31.5494 10.5789 -34.0917 18.1119 -35.0461 16.9615 -30.8852 -49.3364 30.3941 -34.4631 -48.4236 0.7407 -39.0245 2.9302 -27.2721 -46.7499 35.6458 -39.6450 2.4184 -28.8155 -47.5880 35.2168 -37.0079 -39.6134 -14.6475 -39.7040 -2.8393 -21.9789 -40.6152 0.1138 -20.7009 -38.7762 -24.3464 -13.3989 -36.2545 -42.9835 -0.3708 -36.0487 -40.8539 -17.7776 -47.0445 -30.4189 17.9209 -43.5955 -2.1714 -21.4957 -46.7420 -31.7946 34.1873 -47.8434 -28.4891 20.3867 -42.2472 -25.5229 -0.4668
-23.7450 -42.4770 21.0685 -28.6139 -47.9950 33.6348 -31.9556 -45.7696 -18.6134 -22.3089 -36.2044 -15.9029 -20.9860 -41.7878 7.6434 -29.8956 -42.1920 -36.0229 35.3334 -49.0175 -33.3804 31.1334 -48.1221 -32.6208 32.8089 -49.0413 -33.4700 31.2674 -48.4336 -35.2901 25.4330 -48.8722 -34.5045 25.8556 -44.6497 -22.7413 -34.9830 -36.3916 29.7339 -46.1827 -28.8274 20.1003 -45.7963 -34.1735 9.0610 -41.9204 36.8230 -45.6073 -18.8973 -48.6383 -23.7082 -48.2162 -18.7071 -1.5272 -40.6179 0.5721 -31.7773 -48.1497 33.5607 -35.7836 -43.3700 -16.5026 -43.3648 22.0814 -36.1716 -41.4112 -18.5318 -42.9524 16.4421 -31.2273 -47.9550 33.2564 -34.4686 -49.2565 34.3585 -34.0013 -49.2572 33.7882 -32.0102 -47.1678 24.9147 -30.0486 -45.3199 21.7258 -30.7143 -46.9744 -16.8040 -41.2331 -37.1436 32.5137 -49.0961 -36.2248 -16.0786 -45.7405 -31.9593 33.6348 -47.9950 -28.6139 21.0685 -42.4770 -23.7450
-42.9036 21.7475 -28.7408 -48.1399 32.8550 -32.0753 -45.1309 -17.2255 -35.5240 -47.5457 33.3572 -33.2833 -48.9297 33.7160 -34.2190 -46.7720 -31.3115 15.2063 -42.8586 -24.5085 4.3401 -40.8192 -21.8497 1.1917 -40.8763 -23.4875 9.7373 -42.6439 -27.2935 17.4448 -44.4201 -27.8659 10.7635 -41.2504 -13.0619 -47.1216 -34.0451 18.6772 -42.0573 -21.5919 -10.6518 -39.0315 -21.4771 5.1469 -42.7966 36.2422 -47.0742 -27.4316 -46.4272 -34.2286 -36.5782 -33.8209 -46.9784 -33.5911 -9.6202 -35.9779 -48.6024 -16.9310 -44.2744 13.1119 -29.9755 -47.7776 35.3387 -40.0185 5.7709 -30.0563 -48.4045 34.8881 -38.3405 -21.9713 -20.8535 -41.8469 9.6432 -26.0856 -42.8940 12.2102 -25.1063 -41.4331 3.1792 -20.7823 -38.9847 -19.8222 -16.3432 -38.3301 -20.8616 -20.2383 -45.4692 -23.5714 33.4104 -40.8367 -19.7496 6.5716 -36.6953 -17.2576 -45.1369 -32.0746 32.8550 -48.1399 -28.7408 21.7475 -42.9036
