25.9340 -28.7585 -48.6578 -3.0544 -34.0779 -29.7973 -21.2664 -40.2959 14.0057 -25.9713 -46.2718 31.4200 -30.7226 -48.3445 -14.1291 -36.6379 -4.7892 -23.3439 -42.3610 20.7803 -27.5221 -47.9476 21.3312 -32.4419 -43.4036 -18.7032 -38.5793 7.5251 -24.7278 -44.4812 27.6377 -29.1912 -48.7145 -5.2496 -34.4172 -26.8228 -21.5676 -40.5461 14.8461 -26.1562 -46.5093 31.3853 -30.9395 -48.0829 -14.8670 -36.9128 -2.5746 -23.5447 -42.6402 21.1862 -32.8915 21.1862 -42.6402 -23.5447 -2.5746 -36.9128 -14.8670 -48.0829 -30.9395 31.3853 -46.5093 -26.1562 14.8461 -40.5461 -21.5676 -26.8228 -34.4172 -5.2496 -48.7145 -29.1912 27.6377 -44.4812 -24.7278 7.5251 -38.5793 -18.7032 -43.4036 -32.4419 21.3312 -47.9476 -27.5221 20.7803 -42.3610 -23.3439 -4.7892 -36.6379 -14.1291 -48.3445 -30.7226 31.4200 -46.2718 -25.9713 14.0057 -40.2959 -21.2664 -29.7973 -34.0779 -3.0544 -48.6578 -28.7585 25.9340
-28.7585 -48.8012 9.4136 -32.7903 -29.2242 -22.6224 -39.5890 13.4455 -27.2164 -46.1751 33.0637 -30.7591 -48.2717 -11.9633 -35.4102 -4.7126 -25.1279 -41.8793 19.9942 -28.4022 -48.0469 32.4744 -31.8564 -43.1300 -19.1081 -37.6531 7.2016 -26.2739 -44.2115 27.0996 -29.6581 -48.8128 6.0380 -33.0107 -26.3273 -23.0081 -39.8649 14.2513 -27.3577 -46.4367 33.6826 -30.9077 -47.9938 -13.2121 -35.7290 -2.5693 -25.3324 -42.1671 20.9029 -29.2110 -48.6851 -29.2110 20.9029 -42.1671 -25.3324 -2.5693 -35.7290 -13.2121 -47.9938 -30.9077 33.6826 -46.4367 -27.3577 14.2513 -39.8649 -23.0081 -26.3273 -33.0107 6.0380 -48.8128 -29.6581 27.0996 -44.2115 -26.2739 7.2016 -37.6531 -19.1081 -43.1300 -31.8564 32.4744 -48.0469 -28.4022 19.9942 -41.8793 -25.1279 -4.7126 -35.4102 -11.9633 -48.2717 -30.7591 33.0637 -46.1751 -27.2164 13.4455 -39.5890 -22.6224 -29.2242 -32.7903 9.4136 -48.8012 -28.7585
-48.6578 9.4136 -32.9722 -30.6768 -22.3672 -39.3897 12.8355 -27.1600 -45.9634 32.5155 -30.9150 -48.4418 -10.8285 -35.1466 -6.6274 -24.9431 -41.6507 19.3341 -28.3993 -47.8956 33.4126 -32.1522 -44.0078 -18.6141 -37.4428 6.3832 -26.1790 -43.9834 26.3771 -29.7287 -48.8258 9.5803 -32.9996 -28.7079 -22.7085 -39.6431 13.6111 -27.3066 -46.2299 33.2117 -31.0781 -48.2199 -12.2244 -35.4762 -4.2471 -25.1643 -41.9395 20.1651 -28.5344 -47.4498 -4.6014 -47.4498 -28.5344 20.1651 -41.9395 -25.1643 -4.2471 -35.4762 -12.2244 -48.2199 -31.0781 33.2117 -46.2299 -27.3066 13.6111 -39.6431 -22.7085 -28.7079 -32.9996 9.5803 -48.8258 -29.7287 26.3771 -43.9834 -26.1790 6.3832 -37.4428 -18.6141 -44.0078 -32.1522 33.4126 -47.8956 -28.3993 19.3341 -41.6507 -24.9431 -6.6274 -35.1466 -10.8285 -48.4418 -30.9150 32.5155 -45.9634 -27.1600 12.8355 -39.3897 -22.3672 -30.6768 -32.9722 9.4136 -48.6578
-3.0544 -32.7903 -30.6768 -22.2583 -39.2590 12.3427 -27.0604 -45.7597 31.9186 -30.7922 -48.5715 -9.5694 -34.8712 -8.7743 -24.7477 -41.4233 18.6818 -28.2699 -47.7322 34.0571 -32.0473 -44.7820 -18.0853 -37.2308 5.5077 -26.0759 -43.7549 25.6561 -29.5976 -48.8135 13.1225 -32.9428 -30.9651 -22.3825 -39.4230 12.9687 -27.1872 -46.0162 32.6574 -30.9531 -48.4008 -11.1377 -35.2109 -6.1406 -24.9892 -41.7110 19.5091 -28.4305 -47.9774 34.2097 -34.6178 34.2084 -47.9769 -28.4306 19.5091 -41.7110 -24.9892 -6.1406 -35.2109 -11.1377 -48.4008 -30.9531 32.6574 -46.0162 -27.1872 12.9687 -39.4230 -22.3825 -30.9651 -32.9428 13.1225 -48.8135 -29.5976 25.6561 -43.7549 -26.0759 5.5077 -37.2308 -18.0853 -44.7820 -32.0473 34.0571 -47.7322 -28.2699 18.6818 -41.4233 -24.7477 -8.7743 -34.8712 -9.5694 -48.5715 -30.7922 31.9186 -45.7597 -27.0604 12.3427 -39.2590 -22.2583 -30.6768 -32.7903 -3.0544
-34.0779 -29.2242 -22.3672 -39.2590 12.1399 -27.0025 -45.6050 31.3795 -30.6835 -48.6603 -8.1860 -34.5897 -11.1478 -24.5351 -41.1978 18.0384 -28.1386 -47.5573 34.4775 -31.9415 -45.4597 -17.5267 -37.0175 4.5655 -25.9744 -43.5266 24.9416 -29.4659 -48.7786 16.5825 -32.8713 -33.0793 -22.0369 -39.2052 12.3237 -27.0675 -45.7958 32.0437 -30.8291 -48.5403 -9.9258 -34.9344 -8.2700 -24.7964 -41.4847 18.8576 -28.2962 -47.7633 33.8585 -32.8570 -20.8693 -32.8493 33.8500 -47.7637 -28.2960 18.8576 -41.4847 -24.7964 -8.2700 -34.9344 -9.9258 -48.5403 -30.8291 32.0437 -45.7958 -27.0675 12.3237 -39.2052 -22.0369 -33.0793 -32.8713 16.5825 -48.7786 -29.4659 24.9416 -43.5266 -25.9744 4.5655 -37.0175 -17.5267 -45.4597 -31.9415 34.4775 -47.5573 -28.1386 18.0384 -41.1978 -24.5351 -11.1478 -34.5897 -8.1860 -48.6603 -30.6835 31.3795 -45.6050 -27.0025 12.1399 -39.2590 -22.3672 -29.2242 -34.0779
-29.7973 -22.6224 -39.3897 12.3427 -27.0025 -45.5469 31.0544 -30.6043 -48.7109 -6.8165 -34.3193 -13.5969 -24.3113 -40.9765 17.4092 -28.0076 -47.3749 34.6921 -31.8363 -46.0463 -16.9394 -36.8061 3.5582 -25.8739 -43.2975 24.2314 -29.3364 -48.7237 19.8160 -32.7870 -35.0158 -21.6747 -38.9918 11.6806 -26.9486 -45.5725 31.3883 -30.7077 -48.6416 -8.5774 -34.6488 -10.6099 -24.5880 -41.2624 18.2225 -28.1647 -47.5952 34.4120 -31.9135 -45.9156 -24.9764 -45.9648 -31.9282 34.4143 -47.5981 -28.1645 18.2225 -41.2624 -24.5880 -10.6099 -34.6488 -8.5774 -48.6416 -30.7077 31.3883 -45.5725 -26.9486 11.6806 -38.9918 -21.6747 -35.0158 -32.7870 19.8160 -48.7237 -29.3364 24.2314 -43.2975 -25.8739 3.5582 -36.8061 -16.9394 -46.0463 -31.8363 34.6921 -47.3749 -28.0076 17.4092 -40.9765 -24.3113 -13.5969 -34.3193 -6.8165 -48.7109 -30.6043 31.0544 -45.5469 -27.0025 12.3427 -39.3897 -22.6224 -29.7973
-21.2664 -39.5890 12.8355 -27.0604 -45.6050 31.0544 -30.5741 -48.7319 -5.7411 -34.0961 -15.8709 -24.0912 -40.7689 16.8017 -27.8774 -47.1833 34.7277 -31.7321 -46.5526 -16.3190 -36.5956 2.4739 -25.7733 -43.0639 23.5144 -29.2128 -48.6531 22.6931 -32.6856 -36.8059 -21.2890 -38.7837 11.0403 -26.8287 -45.3425 30.6888 -30.5924 -48.7091 -7.0758 -34.3500 -13.1827 -24.3619 -41.0439 17.6007 -28.0334 -47.4089 34.6448 -31.7952 -46.1182 -15.9655 -38.2438 -16.4659 -45.7971 -31.8874 34.6668 -47.4118 -28.0334 17.6007 -41.0443 -24.3616 -13.1776 -34.3500 -7.0757 -48.7091 -30.5924 30.6888 -45.3425 -26.8287 11.0403 -38.7837 -21.2890 -36.8059 -32.6856 22.6931 -48.6531 -29.2128 23.5144 -43.0639 -25.7733 2.4739 -36.5956 -16.3190 -46.5526 -31.7321 34.7277 -47.1833 -27.8774 16.8017 -40.7689 -24.0912 -15.8709 -34.0961 -5.7411 -48.7319 -30.5741 31.0544 -45.6050 -27.0604 12.8355 -39.5890 -21.2664
-40.2959 13.4455 -27.1600 -45.7597 31.3795 -30.6043 -48.7319 -5.3160 -33.9680 -17.5258 -23.9062 -40.5948 16.2638 -27.7546 -46.9896 34.6057 -31.6297 -46.9913 -15.6550 -36.3831 1.3161 -25.6704 -42.8217 22.7797 -29.0989 -48.5698 25.1490 -32.5633 -38.4714 -20.8721 -38.5853 10.4158 -26.7059 -45.1024 29.9407 -30.4883 -48.7470 -5.4285 -34.0327 -15.9986 -24.1189 -40.8177 16.5658 -28.0875 -47.1493 34.7156 -32.1508 -46.5182 -17.4019 -38.5431 16.5082 -36.4560 -16.6279 -46.4115 -31.7411 34.7306 -46.6305 -30.2121 16.9571 -40.8412 -24.1136 -15.9797 -34.0347 -5.4286 -48.7470 -30.4898 29.9395 -45.1018 -26.7057 10.4157 -38.5853 -20.8721 -38.4714 -32.5633 25.1490 -48.5698 -29.0989 22.7797 -42.8217 -25.6704 1.3161 -36.3831 -15.6550 -46.9913 -31.6297 34.6057 -46.9896 -27.7546 16.2638 -40.5948 -23.9062 -17.5258 -33.9680 -5.3160 -48.7319 -30.6043 31.3795 -45.7597 -27.1600 13.4455 -40.2959
14.0057 -27.2164 -45.9634 31.9186 -30.6835 -48.7109 -5.7411 -33.9680 -18.1204 -23.7982 -40.4773 15.8570 -27.6505 -46.8096 34.3711 -31.5301 -47.3586 -14.9505 -36.1642 0.0792 -25.5564 -42.5707 22.0270 -28.9987 -48.4779 27.1508 -32.4077 -40.0290 -20.4135 -38.3998 9.8162 -26.5789 -44.8487 29.1383 -30.3999 -48.7602 -3.6683 -33.6971 -18.9894 -23.8529 -40.5126 15.6278 -32.4055 -46.7852 33.2354 -31.9787 -40.3921 -25.4317 -45.2065 32.1566 -37.3548 6.2516 -36.2877 -15.6062 -47.1117 -28.7526 -14.7630 -39.5820 -32.3042 16.1366 -40.6508 -23.8433 -18.9615 -33.6941 -3.7286 -48.7601 -30.3548 29.1632 -44.8486 -26.5787 9.8161 -38.3998 -20.4135 -40.0290 -32.4077 27.1508 -48.4779 -28.9987 22.0270 -42.5707 -25.5564 0.0792 -36.1642 -14.9505 -47.3586 -31.5301 34.3711 -46.8096 -27.6505 15.8570 -40.4773 -23.7982 -18.1204 -33.9680 -5.7411 -48.7109 -30.6835 31.9186 -45.9634 -27.2164 14.0057
-25.9713 -46.1751 32.5155 -30.7922 -48.6603 -6.8165 -34.0961 -17.5258 -23.7982 -40.4351 15.6363 -27.5771 -46.6642 34.0939 -31.4439 -47.6503 -14.2236 -35.9426 -1.2558 -25.4239 -42.3071 21.2344 -28.9218 -48.3850 28.6712 -32.1982 -41.5125 -19.8908 -38.2361 9.2719 -26.4450 -44.5734 28.2611 -30.3381 -48.7548 -1.8807 -33.3403 -22.1056 -23.5536 -40.2344 15.4760 -35.5822 4.4069 -48.5821 -26.8966 -43.9523 -32.3973 -42.0626 -20.7666 -43.1956 16.2446 -34.2257 0.9190 -36.3891 -9.1215 -49.3821 -11.8900 -37.3597 -32.3211 -31.9660 15.4085 -40.4644 -23.5295 -22.3682 -33.6701 1.4502 -48.7282 -31.5663 28.2736 -44.5777 -26.4448 9.2734 -38.2366 -19.8910 -41.5125 -32.1982 28.6712 -48.3850 -28.9218 21.2344 -42.3071 -25.4239 -1.2558 -35.9426 -14.2236 -47.6503 -31.4439 34.0939 -46.6642 -27.5771 15.6363 -40.4351 -23.7982 -17.5258 -34.0961 -6.8165 -48.6603 -30.7922 32.5155 -46.1751 -25.9713
-46.2718 33.0637 -30.9150 -48.5715 -8.1860 -34.3193 -15.8709 -23.9062 -40.4773 15.6363 -27.5500 -46.5798 33.8640 -31.3800 -47.8609 -13.5406 -35.7335 -2.6104 -25.2813 -42.0377 20.4146 -28.8746 -48.3006 29.6811 -31.9130 -42.9358 -19.2725 -38.1170 8.8645 -26.3036 -44.2715 27.2885 -30.3199 -48.7388 -0.2770 -32.9531 -25.3121 -23.2171 -40.1201 14.9622 -35.6161 2.6417 -38.2028 22.1820 -47.0311 -24.1665 13.7241 -34.0197 -48.2869 14.1119 -37.2812 -34.7037 -29.6895 -7.8456 -35.1952 29.2530 -40.0740 10.9457 -31.7679 -47.1419 -30.1215 15.2964 -40.3651 -24.0609 -10.3759 -33.6934 -25.1255 -38.1532 -33.0627 27.2718 -44.2761 -26.3019 8.8700 -38.1180 -19.2727 -42.9358 -31.9130 29.6811 -48.3006 -28.8746 20.4146 -42.0377 -25.2813 -2.6104 -35.7335 -13.5406 -47.8609 -31.3800 33.8640 -46.5798 -27.5500 15.6363 -40.4773 -23.9062 -15.8709 -34.3193 -8.1860 -48.5715 -30.9150 33.0637 -46.2718
31.4200 -30.7591 -48.4418 -9.5694 -34.5897 -13.5969 -24.0912 -40.5948 15.8570 -27.5771 -46.5798 33.7750 -31.3442 -47.9885 -12.9969 -35.5557 -3.8956 -25.1400 -41.7786 19.6214 -28.8535 -48.2336 30.2146 -31.5531 -44.2590 -18.5306 -38.0714 8.7154 -26.1531 -43.9339 26.2198 -30.3283 -48.7244 0.7209 -32.5293 -28.4927 -22.8364 -40.0808 14.1211 -32.6505 -27.5971 -34.9591 6.2344 -37.0296 17.0594 -27.4848 -43.6336 12.1988 -26.7720 -44.5066 17.4378 -28.8147 -46.4467 -23.1907 -43.4626 -31.4908 -3.9514 -31.8519 -45.4028 -23.6208 -48.3414 -27.9649 13.1834 -39.6464 29.5779 -41.4468 19.1819 -36.9023 -33.4983 -32.1648 26.2618 -43.9309 -26.1499 8.7215 -38.0719 -18.5306 -44.2590 -31.5531 30.2146 -48.2336 -28.8535 19.6214 -41.7786 -25.1400 -3.8956 -35.5557 -12.9969 -47.9885 -31.3442 33.7750 -46.5798 -27.5771 15.8570 -40.5948 -24.0912 -13.5969 -34.5897 -9.5694 -48.4418 -30.7591 31.4200
-30.7226 -48.2717 -10.8285 -34.8712 -11.1478 -24.3113 -40.7689 16.2638 -27.6505 -46.6642 33.8640 -31.3442 -48.0325 -12.6691 -35.4354 -4.9520 -25.0164 -41.5526 18.8958 -28.8508 -48.1877 30.3637 -31.1475 -45.3836 -17.6778 -38.1343 8.9696 -25.9942 -43.5570 25.0554 -30.3912 -48.6832 -13.6064 -30.4579 -31.6923 -22.3913 -39.9462 14.2476 -29.1105 -48.6076 -27.7488 -41.3328 -30.9728 -33.1581 -28.4339 -49.6351 34.8276 -34.6749 -48.8170 29.1380 -35.0573 -47.9392 4.9792 -39.5650 -5.2508 -47.8092 -22.1859 -48.9885 -18.5854 -46.9962 12.0897 -45.5980 -26.6567 0.8094 -36.1638 14.8342 -37.7810 0.7123 -28.9228 -48.5257 -30.5303 25.0997 -43.5496 -25.9924 8.9716 -38.1343 -17.6778 -45.3836 -31.1475 30.3637 -48.1877 -28.8508 18.8958 -41.5526 -25.0164 -4.9520 -35.4354 -12.6691 -48.0325 -31.3442 33.8640 -46.6642 -27.6505 16.2638 -40.7689 -24.3113 -11.1478 -34.8712 -10.8285 -48.2717 -30.7226
-48.3445 -11.9633 -35.1466 -8.7743 -24.5351 -40.9765 16.8017 -27.7546 -46.8096 34.0939 -31.3800 -47.9885 -12.6691 -35.3936 -5.5505 -24.9321 -41.3890 18.3208 -28.8598 -48.1616 30.2195 -30.7380 -46.2369 -16.7965 -38.3400 9.7768 -25.8367 -43.1747 23.8722 -30.6644 -48.6715 -18.3498 -47.6123 -48.0267 -14.8452 -39.9069 14.4323 -27.2319 -46.8584 -11.0307 -47.9896 -19.5828 -48.6361 -18.1299 -46.2068 29.0772 -37.4576 -19.1880 -20.1477 -39.7382 0.0320 -23.3335 -41.1114 28.5717 -38.8153 34.8996 -42.4466 33.4796 -43.2174 35.0305 -40.1425 31.4547 -43.3362 -22.2507 -46.6620 -29.4733 -36.7811 -27.9853 -48.6130 -14.8046 -48.6560 -30.6684 23.8656 -43.1709 -25.8364 9.7768 -38.3400 -16.7965 -46.2369 -30.7380 30.2195 -48.1616 -28.8598 18.3208 -41.3890 -24.9321 -5.5505 -35.3936 -12.6691 -47.9885 -31.3800 34.0939 -46.8096 -27.7546 16.8017 -40.9765 -24.5351 -8.7743 -35.1466 -11.9633 -48.3445
-14.1291 -35.4102 -6.6274 -24.7477 -41.1978 17.4092 -27.8774 -46.9896 34.3711 -31.4439 -47.8609 -12.9969 -35.4354 -5.5505 -24.9023 -41.3054 17.9592 -28.8708 -48.1479 29.8844 -30.3689 -46.8145 -16.0271 -38.6973 11.1575 -25.6930 -42.8768 22.9999 -31.5261 -48.7509 -15.7019 -48.7176 -29.8868 17.4863 -35.5611 4.8222 -26.7050 -45.3534 35.7626 -41.5729 35.7236 -43.1449 35.5145 -40.9135 25.3113 -35.3141 -13.7811 -24.8764 -42.7491 17.1078 -30.8508 -47.5724 2.1763 -42.2604 35.7017 -41.0031 33.9521 -40.2175 29.9598 -39.9262 19.3575 -37.9647 21.6793 -39.6997 16.0566 -45.6696 -13.1603 -46.2837 28.8368 -39.8293 2.6852 -48.7654 -31.7441 22.9949 -42.8778 -25.6928 11.1600 -38.6973 -16.0271 -46.8145 -30.3689 29.8844 -48.1479 -28.8708 17.9592 -41.3054 -24.9023 -5.5505 -35.4354 -12.9969 -47.8609 -31.4439 34.3711 -46.9896 -27.8774 17.4092 -41.1978 -24.7477 -6.6274 -35.4102 -14.1291
-36.6379 -4.7126 -24.9431 -41.4233 18.0384 -28.0076 -47.1833 34.6057 -31.5301 -47.6503 -13.5406 -35.5557 -4.9520 -24.9321 -41.3054 17.8324 -28.8767 -48.1411 29.5481 -30.0933 -47.1582 -15.5035 -39.1635 12.8345 -25.6044 -42.8730 23.5165 -34.2180 -47.9268 -8.4234 -42.2461 -17.7731 -48.0684 -28.1113 -46.1934 -22.7207 -43.8649 28.2582 -36.4240 12.9091 -37.1696 14.4722 -35.8013 4.9430 -31.2236 -45.8541 -21.6297 -42.4927 23.0147 -34.9565 -39.6531 -27.5815 -48.7414 -22.9571 -48.3964 -17.1536 -45.8641 1.6809 -43.2138 35.4429 -40.7621 27.1706 -38.3604 21.3720 -38.3970 27.0645 -39.7020 26.9420 -39.0138 15.0546 -34.6017 -13.3471 -47.1791 -34.3146 23.4852 -42.8727 -25.5525 12.8373 -39.1635 -15.5035 -47.1582 -30.0933 29.5481 -48.1411 -28.8767 17.8324 -41.3054 -24.9321 -4.9520 -35.5557 -13.5406 -47.6503 -31.5301 34.6057 -47.1833 -28.0076 18.0384 -41.4233 -24.9431 -4.7126 -36.6379
-4.7892 -25.1279 -41.6507 18.6818 -28.1386 -47.3749 34.7277 -31.6297 -47.3586 -14.2236 -35.7335 -3.8956 -25.0164 -41.3890 17.9592 -28.8767 -48.1397 29.3627 -29.9355 -47.3275 -15.2641 -39.6027 14.6362 -25.6042 -42.3844 25.7560 -35.6660 -4.2134 -21.0986 -35.4759 27.8559 -43.6560 4.0498 -45.2457 14.4024 -39.9483 19.0946 -31.9291 -39.4836 -29.8770 -40.4947 -28.7708 -47.1718 -24.4222 -47.1574 -6.6030 -40.6277 27.7824 -38.0564 12.2147 -35.9221 5.4264 -34.2023 -6.9830 -32.1103 -34.0842 -28.9707 -47.3317 -24.9117 -48.8271 -18.0824 -45.7352 13.3426 -42.0341 33.5975 -39.2608 23.1880 -38.2896 12.5065 -36.4381 -1.0773 -32.8227 -10.9719 -4.9236 -35.4915 24.0137 -40.5092 -25.4958 14.6245 -39.6056 -15.2645 -47.3275 -29.9355 29.3627 -48.1397 -28.8767 17.9592 -41.3890 -25.0164 -3.8956 -35.7335 -14.2236 -47.3586 -31.6297 34.7277 -47.3749 -28.1386 18.6818 -41.6507 -25.1279 -4.7892
-23.3439 -41.8793 19.3341 -28.2699 -47.5573 34.6921 -31.7321 -46.9913 -14.9505 -35.9426 -2.6104 -25.1400 -41.5526 18.3208 -28.8708 -48.1411 29.3627 -29.8844 -47.3900 -15.2074 -39.8117 14.6933 -27.1801 -40.2846 -15.5499 -21.0427 -48.0391 20.2716 -32.3601 -2.9339 -35.8611 17.4335 -37.4817 19.4026 -34.8541 0.9900 -28.7500 -48.5013 -20.0510 -47.3366 -19.6127 -47.0225 -16.3865 -44.9039 -0.0163 -42.4416 31.6888 -42.5110 35.5461 -41.7673 33.9771 -40.5616 28.7686 -38.8792 21.6018 -37.0759 13.7890 -35.3239 3.1177 -32.7750 -29.4201 -28.8689 -48.1993 -23.5445 -47.8090 -11.1409 -43.4237 35.3916 -39.3284 20.0000 -36.5951 6.5789 -34.0395 18.4661 -47.6710 -22.5626 -47.9360 -38.5840 -27.6517 15.6757 -39.9206 -15.2102 -47.3900 -29.8844 29.3627 -48.1411 -28.8708 18.3208 -41.5526 -25.1400 -2.6104 -35.9426 -14.9505 -46.9913 -31.7321 34.6921 -47.5573 -28.2699 19.3341 -41.8793 -23.3439
-42.3610 19.9942 -28.3993 -47.7322 34.4775 -31.8363 -46.5526 -15.6550 -36.1642 -1.2558 -25.2813 -41.7786 18.8958 -28.8598 -48.1479 29.5481 -29.9355 -47.3900 -15.2039 -39.8485 28.5648 -27.9324 27.4623 -45.4995 -17.3672 -47.4781 23.6744 -30.3002 -41.1168 -27.6906 -45.6592 -29.9457 -34.4382 -29.4422 -46.9914 -25.3355 -47.3282 -17.2176 -46.8281 -19.7220 -48.0031 -22.2101 -48.4477 -22.9570 -48.5891 -23.0179 -48.9629 -22.4102 -48.7899 -20.7208 -48.0305 -17.2544 -46.5070 -9.1194 -44.5285 20.3870 -42.5219 35.1896 -40.2509 26.3789 -37.1728 15.2969 -34.9162 0.7250 -31.5663 -40.9865 -26.2994 -48.9750 -17.0545 -44.3194 34.7752 -38.9902 19.4755 -36.7656 33.1315 -43.4465 2.1586 -44.0864 33.6415 -29.1204 16.6119 -40.1045 -15.2089 -47.3900 -29.9355 29.5481 -48.1479 -28.8598 18.8958 -41.7786 -25.2813 -1.2558 -36.1642 -15.6550 -46.5526 -31.8363 34.4775 -47.7322 -28.3993 19.9942 -42.3610
20.7803 -28.4022 -47.8956 34.0571 -31.9415 -46.0463 -16.3190 -36.3831 0.0792 -25.4239 -42.0377 19.6214 -28.8508 -48.1616 29.8844 -30.0933 -47.3275 -15.2071 -39.9008 28.0496 -45.0607 16.5390 -46.9393 -21.1735 -39.9340 -36.6061 16.6129 -48.6947 -14.6741 -44.8163 -15.3475 -47.6280 -22.2799 -48.3173 -23.6230 -48.6379 -25.4701 -47.8424 -28.5241 -40.3131 -31.0167 -25.5134 -32.5349 -12.7259 -33.2424 -8.0733 -33.3114 -9.7221 -32.8030 -18.0891 -31.6790 -32.0411 -29.8889 -43.3883 -27.4112 -48.5708 -24.1814 -48.8395 -19.1470 -46.2269 -3.8711 -43.0182 34.9744 -40.0507 25.0563 -35.9205 10.6194 -32.9401 -28.5470 -27.5904 -49.1430 -16.9570 -43.5866 34.4762 -38.4227 29.4755 -42.5790 30.5329 -47.0336 22.0169 -25.9040 17.4620 -40.1045 -15.2102 -47.3275 -30.0933 29.8844 -48.1616 -28.8508 19.6214 -42.0377 -25.4239 0.0792 -36.3831 -16.3190 -46.0463 -31.9415 34.0571 -47.8956 -28.4022 20.7803
-27.5221 -48.0469 33.4126 -32.0473 -45.4597 -16.9394 -36.5956 1.3161 -25.5564 -42.3071 20.4146 -28.8535 -48.1877 30.2195 -30.3689 -47.1582 -15.2640 -39.8599 17.7348 -37.2844 10.5779 -46.8037 -18.6702 -48.4538 -32.6414 16.5768 -42.2419 35.1087 -41.3345 20.3291 -45.5654 -19.6462 -48.7312 -27.5377 -42.0249 -31.8485 -6.4904 -34.8792 9.2950 -36.6434 16.2368 -37.6980 21.0288 -38.2750 24.0002 -38.7764 25.0188 -38.7153 24.1260 -38.1109 21.5218 -36.9793 17.5192 -36.0150 12.2465 -34.8001 4.3823 -33.0872 -17.3061 -30.2853 -43.8934 -26.2215 -49.2310 -20.5604 -46.1469 1.9244 -41.6915 32.3530 -37.3723 13.8782 -33.1113 -31.7704 -26.4747 -48.0209 1.3570 -40.3328 32.6060 -43.1282 20.3715 -46.6892 -37.8884 -25.5336 16.7243 -39.9207 -15.2645 -47.1582 -30.3689 30.2195 -48.1877 -28.8535 20.4146 -42.3071 -25.5564 1.3161 -36.5956 -16.9394 -45.4597 -32.0473 33.4126 -48.0469 -27.5221
-47.9476 32.4744 -32.1522 -44.7820 -17.5267 -36.8061 2.4739 -25.6704 -42.5707 21.2344 -28.8746 -48.2336 30.3637 -30.7380 -46.8145 -15.5035 -39.6022 14.3594 -29.4750 24.2580 -47.0564 -18.5138 -48.7470 -30.8997 2.6696 -38.7160 31.0024 -42.0493 1.6586 -47.5560 -25.1557 -44.2374 -32.0188 0.9386 -36.2435 16.8822 -38.5083 28.7346 -41.0687 35.4898 -42.9658 21.5701 -44.1516 -1.2036 -45.0168 -8.7995 -45.5225 -10.2124 -45.3747 -7.8549 -44.6038 0.9981 -43.6238 22.2507 -42.5175 34.8788 -40.9119 31.2873 -38.6465 22.0812 -35.6339 12.1584 -33.7882 -6.0552 -30.4507 -45.1164 -24.8530 -48.2281 -11.7803 -42.6078 32.5917 -36.6702 8.6659 -30.8905 -47.9383 -19.2298 -43.1692 35.9482 -43.1336 13.3721 -46.9647 17.1580 -28.6718 15.7696 -39.6056 -15.5035 -46.8145 -30.7380 30.3637 -48.2336 -28.8746 21.2344 -42.5707 -25.6704 2.4739 -36.8061 -17.5267 -44.7820 -32.1522 32.4744 -47.9476
21.3312 -31.8564 -44.0078 -18.0853 -37.0175 3.5582 -25.7733 -42.8217 22.0270 -28.9218 -48.3006 30.2146 -31.1475 -46.2369 -16.0271 -39.1636 14.6770 -26.5299 16.5097 -47.4046 -21.6010 -48.5078 -30.9112 3.3136 -38.6768 31.5570 -43.8180 -14.8741 -48.7624 -29.3128 -14.1651 -35.5024 16.6377 -38.9527 33.7423 -42.5815 5.4450 -46.1494 -18.6034 -48.7889 -24.0407 -48.7841 -26.7234 -46.0923 -28.3600 -42.7062 -29.1420 -40.9036 -29.1809 -41.9955 -28.5412 -45.0085 -27.2478 -48.0919 -25.2738 -49.2746 -22.4807 -48.2841 -17.7222 -45.5842 -1.3443 -42.5709 34.9468 -39.6402 24.0256 -35.3905 8.4189 -32.0160 -39.5079 -25.6147 -47.8021 1.2862 -40.1447 21.1082 -34.0521 -36.2578 -24.2691 -45.0859 36.0212 -43.1031 16.9632 -47.0444 33.2618 -27.5650 14.6333 -39.1635 -16.0271 -46.2369 -31.1475 30.2146 -48.3006 -28.9218 22.0270 -42.8217 -25.7733 3.5582 -37.0175 -18.0853 -44.0078 -31.8564 21.3312
-32.4419 -43.1300 -18.6141 -37.2308 4.5655 -25.8739 -43.0639 22.7797 -28.9987 -48.3850 29.6811 -31.5531 -45.3836 -16.7965 -38.6974 12.8371 -25.5905 -40.8287 -46.9770 -21.4797 -44.3465 -32.2324 5.3546 -38.9621 34.2939 -45.1993 -20.3838 -47.2586 -31.7966 6.6801 -37.9388 29.6636 -42.0836 -2.8831 -47.4702 -23.5460 -47.8840 -29.1437 -27.5372 -32.7372 1.8346 -34.6114 10.6085 -35.4728 15.1681 -35.8602 17.7083 -36.2024 18.4929 -36.0956 17.5801 -35.4605 15.1135 -34.7569 11.0648 -33.9797 4.3057 -32.7343 -14.3135 -30.3596 -42.3110 -26.5437 -49.2938 -20.9614 -46.2097 5.2143 -41.2003 29.1178 -36.2804 7.1803 -30.8792 -47.6839 -20.1963 -43.8594 30.8018 -36.2604 -16.3154 -26.2580 -45.8795 35.7946 -43.1072 29.4197 -44.0916 -38.6323 -25.4951 12.8373 -38.6973 -16.7965 -45.3836 -31.5531 29.6811 -48.3850 -28.9987 22.7797 -43.0639 -25.8739 4.5655 -37.2308 -18.6141 -43.1300 -32.4419
-43.4036 -19.1081 -37.4428 5.5077 -25.9744 -43.2975 23.5144 -29.0989 -48.4779 28.6712 -31.9131 -44.2588 -17.6773 -38.3400 11.1552 -25.6058 -43.0081 27.9710 -15.4684 -48.6951 -33.8949 9.8546 -39.1376 35.1640 -45.9358 -22.9397 -42.8697 -33.5486 14.3584 -39.0666 33.0794 -46.1813 -22.7311 -47.2068 -30.5485 -2.1874 -34.8397 16.0915 -37.4261 27.8264 -40.3459 35.1041 -42.1806 25.9020 -43.2631 5.2933 -43.9473 -3.9986 -44.3215 -5.2929 -44.0983 -0.8738 -43.4844 13.6358 -42.6567 31.4162 -41.3837 33.9761 -39.3512 25.6496 -36.3721 14.8930 -34.0379 -2.3282 -30.5084 -46.0658 -23.9656 -47.1509 10.8747 -40.1378 21.0322 -34.3946 -31.8398 -25.3362 -46.2158 35.1712 -37.3373 -8.5221 -26.4915 -45.5997 36.2818 -42.6234 0.2333 -47.7735 -40.5657 -25.5529 11.1600 -38.3400 -17.6778 -44.2590 -31.9130 28.6712 -48.4779 -29.0989 23.5144 -43.2975 -25.9744 5.5077 -37.4428 -19.1081 -43.4036
-18.7032 -37.6531 6.3832 -26.0759 -43.5266 24.2314 -29.2128 -48.5698 27.1508 -32.1983 -42.9354 -18.5317 -38.1357 9.7808 -25.6952 -42.8885 25.7209 -22.8684 -44.9913 -18.2746 23.1310 -39.9672 35.1590 -46.0234 -23.8635 -38.3267 -34.6997 19.3639 -40.3455 -4.6710 -48.7043 -28.3339 -9.6923 -34.7698 20.6189 -39.4068 34.6696 -43.4708 -10.9414 -47.1435 -21.2112 -49.2258 -24.9274 -48.1741 -27.2648 -44.3068 -28.6477 -40.2557 -29.2441 -38.8000 -29.1484 -40.8537 -28.3981 -45.0622 -26.9439 -48.4874 -24.6563 -49.2491 -21.1458 -47.2280 -12.3599 -43.7509 32.9882 -39.9352 23.5006 -35.6328 2.5570 -30.3331 -48.3938 -19.4794 -43.9241 31.5225 -36.8121 -8.1763 -27.3928 -47.2003 35.5228 -37.4621 -13.4505 -25.1369 -44.2384 35.3042 -43.4437 -22.7836 24.0421 -42.8718 -25.6926 9.7768 -38.1343 -18.5306 -42.9358 -32.1982 27.1508 -48.5698 -29.2128 24.2314 -43.5266 -26.0759 6.3832 -37.6531 -18.7032
-38.5793 7.2016 -26.1790 -43.7549 24.9416 -29.3364 -48.6531 25.1490 -32.4077 -41.5123 -19.2742 -38.0738 8.9683 -25.8400 -42.8925 23.1684 -33.6471 -48.5796 35.0590 -33.3434 -45.5427 35.2954 -45.4576 -23.4616 -37.3549 -35.1834 22.1524 -41.7570 -16.4768 -48.2171 -31.1400 12.8563 -38.0718 33.8022 -44.9304 -19.7868 -49.2608 -27.2167 -36.0210 -31.5192 0.3852 -33.6218 11.4463 -34.5679 17.3258 -36.0894 21.2382 -36.9965 23.2950 -37.2972 23.4312 -37.0118 21.6668 -36.1521 18.0813 -34.7160 12.5889 -33.6601 2.9699 -31.9260 -31.2616 -27.9668 -49.1543 -20.9658 -45.8450 29.1233 -39.6195 18.5494 -34.0879 -34.2437 -25.2359 -46.4440 35.5170 -37.9534 -1.2946 -27.8017 -47.0958 35.0270 -36.6799 -31.0922 -21.5387 -41.7527 35.9157 -47.3616 -35.4597 23.4808 -42.8773 -25.8366 8.9696 -38.0714 -19.2725 -41.5125 -32.4077 25.1490 -48.6531 -29.3364 24.9416 -43.7549 -26.1790 7.2016 -38.5793
7.5251 -26.2739 -43.9834 25.6561 -29.4659 -48.7237 22.6931 -32.5633 -40.0290 -19.8910 -38.1185 8.7055 -25.9949 -43.1323 22.7869 -32.5701 -47.1498 -2.1740 -35.0478 -19.6284 -17.2574 -44.6197 -21.7621 -40.8155 -34.9865 22.4208 -42.2632 -19.2899 -45.1369 -33.0406 23.2127 -41.4422 -15.8983 -49.2092 -28.5977 -8.6587 -33.5716 16.7645 -37.2794 30.6957 -40.7632 30.9896 -42.8202 -1.4001 -44.6463 -13.3782 -46.2023 -16.8306 -46.9656 -17.8466 -47.0648 -17.3363 -46.5111 -14.8156 -45.1734 -6.3086 -43.3687 27.0668 -41.2011 31.7283 -37.7317 16.7979 -34.4343 -10.3690 -28.9922 -49.1316 -16.1226 -43.0863 29.3348 -36.7260 -9.6367 -27.5154 -47.4808 35.1602 -38.1611 -3.6806 -26.8725 -45.9603 30.5443 -34.8607 -45.7915 -12.1865 -38.1554 -2.8771 -5.9500 -34.2492 23.0018 -43.1752 -25.9937 8.7172 -38.1175 -19.8908 -40.0290 -32.5633 22.6931 -48.7237 -29.4659 25.6561 -43.9834 -26.2739 7.5251
-24.7278 -44.2115 26.3771 -29.5976 -48.7786 19.8160 -32.6856 -38.4714 -20.4135 -38.2366 8.8619 -26.1461 -43.4124 25.7194 -35.3339 -42.6047 -20.8265 -39.6104 9.6717 -29.5026 -46.6757 -19.4743 -45.7203 -34.1113 20.2980 -41.8859 -18.7594 -44.0662 -33.8919 29.3477 -44.4084 -24.2341 -36.2190 -32.9344 19.5730 -39.0867 29.3748 -44.5520 -17.6090 -48.7029 -24.1353 -48.1569 -27.8243 -37.9297 -30.1931 -19.6915 -31.5288 -6.9408 -32.1124 -3.0666 -32.2067 -4.7446 -31.8513 -14.4424 -30.7502 -34.3591 -28.4189 -47.6820 -24.3704 -48.5302 -14.8621 -43.8588 35.2302 -38.3786 13.9602 -32.9716 -42.0749 -23.5325 -45.7514 34.8758 -38.0045 -1.8768 -28.0013 -47.4238 35.5767 -37.5763 -18.3038 -24.1182 -43.6940 21.7896 -32.1059 -49.0092 31.6281 -35.3196 -21.7216 -47.2881 -31.7742 23.8589 -43.5539 -26.1512 8.8678 -38.2366 -20.4135 -38.4714 -32.6856 19.8160 -48.7786 -29.5976 26.3771 -44.2115 -24.7278
-44.4812 27.0996 -29.7287 -48.8135 16.5825 -32.7870 -36.8059 -20.8721 -38.3998 9.2718 -26.2932 -43.7639 27.9631 -39.3679 11.2731 -32.0579 -48.7910 35.4653 -35.9949 -45.3706 -22.1020 -48.4496 -32.6264 16.2118 -40.7411 -14.9842 -46.5670 -33.6586 29.4887 -45.3828 -26.6279 -3.8616 -35.7205 34.9991 -44.8935 -21.6144 -48.5129 -29.2087 -8.2606 -32.7679 12.6953 -35.1345 22.2147 -37.7481 29.6835 -39.5809 33.7923 -40.6531 34.5325 -41.0666 34.5221 -40.8758 34.2266 -39.9443 30.1603 -38.0055 21.1850 -35.2038 8.8753 -32.6237 -34.2654 -26.7540 -48.5561 -6.6345 -41.4256 24.1551 -35.7314 -23.4630 -26.2796 -46.8925 35.6116 -38.2376 -4.2399 -27.0708 -46.3727 32.3892 -35.9715 -40.5668 -18.0053 -40.6149 11.2326 -28.5346 -46.0642 27.6120 -34.2018 -13.9451 -48.7037 -30.9176 25.0284 -43.9274 -26.3021 9.2734 -38.3998 -20.8721 -36.8059 -32.7870 16.5825 -48.8135 -29.7287 27.0996 -44.4812
27.6377 -29.6581 -48.8258 13.1225 -32.8713 -35.0158 -21.2890 -38.5853 9.8161 -26.4402 -44.1907 27.7666 -38.1391 34.8007 -40.0946 1.8118 -24.3019 -43.0034 12.4790 -29.1293 -48.7539 -30.9168 10.2092 -39.7006 -2.7407 -48.6320 -32.5002 24.4209 -44.4410 -26.4924 1.7832 -36.7970 8.5622 -48.6751 -28.3173 -0.4451 -34.1541 25.1374 -39.8371 28.0618 -43.7560 -13.5040 -47.0177 -20.3027 -49.0041 -23.2112 -49.3779 -24.7889 -48.9938 -25.3624 -48.9554 -24.9060 -49.3620 -23.1126 -48.7476 -18.7587 -45.8020 9.6443 -41.5168 29.3830 -37.1653 7.6259 -31.3264 -47.5241 -19.7101 -44.0983 30.4901 -37.1658 -12.8315 -26.8394 -46.8333 34.9970 -37.5921 -19.2538 -24.2842 -44.1974 23.9010 -33.3322 -48.7268 9.3362 -37.9796 -13.9837 -22.0584 -41.0409 13.7421 -33.4212 -6.1255 -48.7541 -30.5473 26.2041 -44.2686 -26.4450 9.8162 -38.5853 -21.2890 -35.0158 -32.8713 13.1225 -48.8258 -29.6581 27.6377
-29.1912 -48.8128 9.5803 -32.9428 -33.0793 -21.6747 -38.7837 10.4158 -26.5789 -44.5734 27.1359 -29.4275 -28.2586 -49.7668 34.3078 -34.9578 -49.0389 32.4403 -35.3667 -44.6161 -29.7410 -1.1172 -38.8603 30.3276 -48.5683 -30.6898 16.5497 -42.0302 -23.9542 -7.5570 -36.8327 -2.7382 -48.8455 -30.8000 17.0797 -39.0146 3.3712 -47.0738 -23.5560 -47.2514 -29.1373 -15.7955 -31.8847 6.2896 -32.7739 13.0538 -34.2248 16.5523 -34.9797 17.4581 -34.9175 15.3369 -34.2056 9.3594 -33.4615 -10.0522 -30.1096 -47.1548 -23.3053 -46.9203 24.6197 -39.9171 17.8568 -33.9775 -40.3383 -23.1349 -45.2610 32.2909 -37.4029 -16.8490 -25.6240 -45.6888 30.4623 -35.9034 -41.0498 -18.1871 -41.1604 13.5804 -29.9730 -47.4885 33.3725 -34.8646 -48.0149 9.7480 -37.4972 4.1540 -33.8063 1.2356 -48.7771 -30.3860 27.2845 -44.5735 -26.5789 10.4158 -38.7837 -21.6747 -33.0793 -32.9428 9.5803 -48.8128 -29.1912
-48.7145 6.0380 -32.9996 -30.9651 -22.0369 -38.9918 11.0403 -26.7059 -44.8488 28.2579 -30.3086 -49.2984 13.7156 -25.3808 -42.9955 8.5129 -23.4675 -41.5284 5.8745 -30.7295 -32.1859 -36.9792 33.5289 -46.8094 -28.1328 6.8592 -39.3616 -16.8305 -38.3994 -35.7084 21.2676 -49.0130 -31.4520 23.8727 -42.7941 -21.6636 -45.7922 -30.9124 10.3127 -35.4742 27.4490 -39.8145 32.8451 -42.2395 2.0086 -44.0325 -11.3438 -45.3843 -13.7942 -45.5211 -11.0251 -44.4205 10.7080 -42.3803 34.7241 -39.1734 19.2965 -35.5409 -7.6007 -29.1886 -49.0106 -11.3817 -41.9014 23.4092 -35.3568 -34.9751 -23.6325 -45.1233 30.2728 -36.5728 -32.9161 -22.1911 -43.4122 21.8038 -33.2020 -48.7429 8.0317 -38.6438 -4.3022 -24.4362 -43.0365 17.1202 -30.0196 -46.6248 28.1650 -36.9268 6.2204 -35.1358 4.9333 -48.8172 -30.3356 28.2597 -44.8488 -26.7059 11.0403 -38.9918 -22.0369 -30.9651 -32.9996 6.0380 -48.7145
-5.2496 -33.0107 -28.7079 -22.3825 -39.2052 11.6806 -26.8287 -45.1024 29.1383 -30.3408 -48.7395 -0.8892 -32.1222 -49.3444 34.4662 -32.0376 -48.2205 30.3857 -33.3239 -43.6083 -34.2437 22.4579 -43.7336 -23.5686 -18.1562 -37.4790 20.9534 -48.9883 -33.1390 33.2896 -47.9681 -30.1128 21.8141 -43.6280 -25.3392 -15.6697 -34.7841 31.2847 -42.4773 -14.3556 -48.3210 -23.9591 -47.9461 -28.0205 -34.9547 -30.3298 -18.0182 -31.4138 -14.3891 -31.3319 -28.1152 -29.5085 -45.7606 -25.3721 -48.7751 -13.7655 -43.8404 34.0084 -38.6914 9.7000 -31.7490 -47.8097 -17.5381 -42.9910 24.9628 -35.4839 -38.2197 -21.7984 -43.8198 24.5437 -34.6779 -46.0497 -13.8920 -40.7675 11.4635 -29.6671 -47.4188 33.8901 -35.7777 -45.4462 -8.9299 -38.7331 -7.8338 -21.9814 -41.1186 16.0507 -38.1860 17.1611 -35.4993 4.2788 -48.7819 -30.3464 29.1383 -45.1024 -26.8287 11.6806 -39.2052 -22.3825 -28.7079 -33.0107 -5.2496
-34.4172 -26.3273 -22.7085 -39.4230 12.3237 -26.9486 -45.3425 29.9407 -30.3999 -48.7548 -0.3410 -32.3282 -36.9033 -15.5869 -36.5771 -36.7303 -10.7803 -36.1569 -33.1961 -32.2373 10.4870 -40.6562 -13.4480 -45.6387 -35.1671 31.6855 -47.0004 -29.6480 18.2272 -43.8065 -26.9971 12.2265 -41.4098 -24.2275 -7.2834 -36.3419 23.0404 -48.0032 -26.6840 -23.8046 -32.4713 13.3692 -35.6029 24.6730 -38.4779 31.4397 -39.9675 32.9173 -39.9649 29.3264 -38.3055 19.7589 -36.2952 5.3987 -32.1597 -43.3608 -24.4351 -47.2716 29.0644 -39.8164 15.0724 -33.0391 -46.3825 -18.3966 -42.7957 22.7634 -34.4844 -45.3502 -16.5369 -41.5356 16.3086 -31.8862 -48.9542 27.3781 -38.4455 -11.4836 -23.6632 -43.0844 18.1189 -31.1590 -47.9505 33.8151 -34.6585 -48.8865 26.2145 -39.3709 26.1071 -42.1933 32.8237 -34.8386 0.8505 -48.7554 -30.4014 29.9407 -45.3425 -26.9486 12.3237 -39.4230 -22.7085 -26.3273 -34.4172
-26.8228 -23.0081 -39.6431 12.9687 -27.0675 -45.5725 30.6888 -30.4883 -48.7602 -1.8860 -32.9455 -28.6672 -21.9679 -39.1738 6.1314 -24.0887 -40.1837 5.8881 -31.2461 -18.8287 -38.0537 31.7895 -48.8313 -31.7071 17.9082 -42.7309 -24.1566 -0.7307 -39.2123 -19.1632 -18.7552 -37.7627 -16.8116 -33.3984 -35.8546 11.1755 -49.1249 -30.1687 13.5921 -37.9938 33.5471 -43.9902 -15.0019 -47.7526 -21.3164 -49.1706 -22.8529 -49.1616 -21.3771 -47.7880 -11.8739 -44.4288 35.4599 -40.0195 18.9975 -35.8155 -17.5495 -28.2003 -48.4692 7.3822 -40.2453 17.0928 -33.2534 -46.9672 -15.9813 -41.4769 17.5258 -32.5058 -48.7978 5.8186 -39.4802 4.7569 -27.6772 -46.2132 29.6592 -35.1322 -47.1900 -4.7104 -39.0247 -3.0448 -23.9003 -42.4612 14.0762 -28.2995 -44.8824 33.4603 -43.1382 -16.4039 -49.7052 7.7861 -33.4417 -2.0108 -48.7602 -30.4883 30.6888 -45.5725 -27.0675 12.9687 -39.6431 -23.0081 -26.8228
-21.5676 -39.8649 13.6111 -27.1872 -45.7958 31.3883 -30.5925 -48.7470 -3.6847 -33.3362 -25.3212 -22.8310 -39.9968 13.2423 -26.6336 -43.7009 19.5814 -30.6319 -46.9513 -34.5028 27.1598 -45.6001 -27.0205 3.6493 -39.3767 -9.8690 -45.2451 -35.4620 31.8028 -49.1724 -33.6452 33.7690 -49.2390 -33.2106 34.8189 -48.9307 -30.7898 21.8193 -41.9899 -18.4148 -49.1720 -28.6409 -17.7586 -32.7010 4.9818 -34.1535 6.2862 -34.1221 -5.5908 -31.4931 -43.2777 -25.6356 -48.2933 -2.5527 -42.2999 27.0080 -37.8302 -1.4593 -29.7387 -48.6773 -3.4834 -40.3839 16.8435 -32.5481 -48.4745 -6.8020 -39.8530 9.5052 -29.5738 -47.6287 35.3324 -37.1792 -34.2195 -19.5445 -41.9427 13.7761 -30.0811 -47.3330 32.8351 -35.2295 -47.7943 7.0960 -37.2097 -32.1651 -15.7498 -41.1399 10.7123 -48.5636 -31.3157 -24.6245 -26.3598 -33.3072 -3.6563 -48.7470 -30.5925 31.3883 -45.7958 -27.1872 13.6111 -39.8649 -21.5676
-40.5461 14.2513 -27.3066 -46.0162 32.0437 -30.7077 -48.7091 -5.4428 -33.6929 -22.0822 -23.2175 -39.9516 13.8702 -27.7530 -45.5127 28.7449 -32.3906 -48.5855 -29.7692 10.8321 -41.2934 -18.1399 -37.7806 -36.7676 35.5052 -48.2561 -31.3354 21.6891 -44.9854 -28.4596 18.1570 -44.6245 -28.6708 21.0068 -45.5536 -28.7837 18.7219 -43.0207 -24.4489 -27.8129 -33.9088 20.8017 -39.1831 34.1598 -41.8339 35.2576 -41.6204 31.2996 -39.3803 17.2897 -36.1678 -8.2619 -30.0122 -48.7250 -15.7523 -44.0625 31.8195 -38.6088 4.5417 -30.5011 -48.7596 -8.0978 -40.0721 14.6377 -31.0579 -48.7953 28.6924 -38.2297 -11.5434 -24.2048 -43.8436 21.4996 -33.1442 -49.0743 26.0050 -38.1793 -18.8874 -21.7364 -42.2705 13.5099 -29.0652 -45.9583 25.9621 -32.4293 -48.0216 30.2054 -44.4835 -26.5471 6.6044 -40.5326 -23.1568 -22.8908 -33.6666 -5.4057 -48.7091 -30.7077 32.0437 -46.0162 -27.3066 14.2513 -40.5461
14.8461 -27.3577 -46.2299 32.6574 -30.8291 -48.6416 -7.0793 -34.0285 -18.9808 -23.5454 -40.0063 14.2355 -30.5264 -48.1933 33.9366 -36.7998 -37.1695 -27.1339 -33.6982 -37.3179 30.4110 -49.0700 -32.7839 21.3232 -43.9219 -25.2946 2.0769 -39.7472 -18.6022 -19.6083 -38.3547 -18.7642 -9.0973 -39.3469 -22.2250 3.5524 -39.8616 -22.8816 -12.8186 -36.4260 34.8105 -45.5252 -19.1819 -49.0779 -23.1864 -49.1363 -19.9025 -47.0548 14.1762 -42.2151 27.0114 -38.5232 4.8424 -31.8175 -47.5701 -20.1957 -45.2447 35.4242 -38.7418 10.1021 -31.2078 -48.6884 -9.7761 -39.0981 9.9089 -28.8909 -46.8658 31.8433 -35.2813 -46.3401 -9.3880 -39.9114 4.8262 -26.8786 -45.2321 25.3384 -33.9014 -49.0710 25.7650 -37.5159 -31.0711 -17.7489 -40.2666 1.6997 -23.3589 -43.1478 -11.5671 -46.3613 -35.4911 27.5713 -42.8409 -24.5212 -20.7503 -33.9976 -7.0577 -48.6416 -30.8291 32.6574 -46.2299 -27.3577 14.8461
-26.1562 -46.4367 33.2117 -30.9531 -48.5403 -8.5774 -34.3471 -16.0270 -23.8499 -40.1551 15.9536 -34.2105 -46.3518 -17.5530 -42.5845 14.5736 -30.5713 -48.4411 -32.9129 23.5345 -45.0346 -26.9290 5.3180 -39.9341 -11.5982 -44.6950 -35.7930 35.0829 -49.0994 -33.2379 34.4603 -49.1594 -33.2409 29.6701 -48.2250 -34.6014 -5.8834 -41.9473 -35.5607 21.5263 -49.0251 -28.4705 -14.8117 -33.7566 -1.5506 -33.1823 -32.6250 -28.1033 -48.8516 -11.9243 -43.8725 32.3059 -39.2570 10.1935 -33.1709 -43.0321 -24.6088 -47.0236 20.3997 -39.6087 16.6474 -31.7585 -48.6018 -5.4573 -37.7945 -1.8200 -24.8921 -42.8363 17.2341 -30.8468 -47.8743 34.7244 -36.2563 -43.4327 -13.0411 -40.3371 5.6059 -26.6172 -44.6881 22.5846 -32.5337 -48.6330 34.9528 -34.8462 -48.6006 -7.0676 -46.8088 -30.0457 13.7072 -42.0688 16.5440 -46.4980 -25.0212 -17.1701 -34.3294 -8.5773 -48.5403 -30.9531 33.2117 -46.4367 -26.1562
-46.5093 33.6826 -31.0781 -48.4008 -9.9258 -34.6484 -13.1998 -24.1245 -40.3597 19.3404 -37.0964 -7.3555 -29.8169 -48.4866 35.2913 -36.8362 -40.9424 -29.0067 0.8940 -39.9559 -14.6248 -41.1108 -36.5813 35.4448 -48.1745 -31.2067 18.5310 -43.6135 -26.2552 10.9641 -42.0737 -25.9097 14.6919 -44.0794 -29.0104 25.6831 -47.6134 -31.5411 34.2995 -48.8535 -30.5208 13.6072 -38.8805 27.1389 -39.9423 17.5079 -37.0957 -6.2658 -30.4949 -48.6777 -17.4901 -45.0920 35.6767 -39.5650 18.2168 -35.2888 -12.1888 -29.0076 -49.0032 -17.6181 -41.9198 21.9469 -31.5195 -49.0184 23.4371 -35.9055 -39.6947 -14.6609 -38.7771 -4.3619 -23.5570 -42.6487 15.8283 -30.6568 -47.7024 33.9782 -35.9397 -45.4967 -8.2475 -39.3088 -3.0592 -23.4193 -42.3968 12.0072 -27.0809 -45.3343 -19.8626 -28.5070 -38.3291 34.9619 -47.8083 -22.5957 -43.9233 -24.4957 -13.4461 -34.6411 -9.9286 -48.4008 -31.0781 33.6826 -46.5093
31.3853 -30.9077 -48.2199 -11.1377 -34.9344 -10.6145 -24.3657 -40.7039 19.5945 -39.0188 23.6342 -36.9092 -32.4243 -21.0107 -42.8399 12.7433 -30.0060 -46.1801 -35.2212 34.7015 -48.3387 -31.7557 18.9619 -43.3119 -24.1996 -4.9283 -38.7736 -9.4326 -42.8851 -35.6279 2.4764 -43.5137 -36.2314 -14.9570 -15.2767 -39.6684 -23.4250 12.1464 -43.6816 -28.1088 15.4393 -41.3858 9.7513 -46.3264 27.2956 -41.7424 21.2888 -37.9070 -3.1282 -31.5323 -46.7673 -24.4325 -47.7565 -9.5161 -42.6401 34.0122 -37.9382 16.7067 -32.5560 -30.8204 -24.4286 -43.1354 20.5933 -29.9401 -47.7602 32.3106 -32.5311 -49.0439 35.1661 -34.7620 -48.2153 12.2009 -37.7302 -22.7066 -20.6979 -42.1145 12.7365 -29.3350 -46.5707 29.6720 -34.5127 -49.0621 28.2131 -36.2757 -44.2892 -16.9404 -47.7449 -31.6306 20.3552 -44.4234 -24.8274 5.6175 -40.3250 -38.7605 -24.3668 -10.6587 -34.9332 -11.1377 -48.2199 -30.9077 31.3853
-30.9395 -47.9938 -12.2244 -35.2109 -8.2700 -24.5879 -41.0539 16.5948 -28.1573 -20.4078 -45.8476 22.6398 -32.4168 -48.8604 35.3304 -35.2219 -46.3920 -29.8186 12.4531 -42.4473 -23.5958 -4.1733 -38.9289 -1.9480 -47.5370 -35.0854 31.8679 -47.3029 -30.8901 22.1142 -45.3884 -30.0657 25.7594 -47.6196 -32.1571 33.3363 -48.2587 -35.4400 -16.1549 -9.0162 -39.6371 -11.5978 -48.7528 -25.8532 -48.7079 19.3081 -41.0297 20.3227 -37.8653 10.1087 -34.4743 -2.6078 -30.9583 -42.7536 -25.4485 -48.5887 -17.2800 -44.3518 25.1794 -35.9022 -5.9737 -23.9147 -41.0654 11.1008 -26.6108 -43.3061 15.6831 -27.6768 -43.9482 17.0917 -28.9106 -45.4463 24.4452 -33.0483 -48.9756 34.6937 -37.0338 -37.6040 -16.4262 -40.7705 6.3524 -26.1077 -43.7694 17.9807 -29.7261 -47.0383 -21.7083 -26.6894 -37.5273 9.0959 -47.1871 -34.8296 3.2408 18.2684 -41.0729 -24.5853 -8.2700 -35.2109 -12.2244 -47.9938 -30.9395
-48.0829 -13.2121 -35.4762 -6.1406 -24.7964 -41.2625 17.6275 -27.8598 -46.2822 -21.7615 -15.2922 -38.7593 -18.0937 -19.2315 -40.3813 -0.0381 -28.2135 -41.8729 -36.3712 21.4801 -48.6903 -34.8474 31.0674 -46.7672 -29.4107 12.5668 -41.8561 -21.6581 -10.5095 -38.9020 -17.2520 -17.0470 -39.2223 -21.4208 7.0104 -42.2632 -27.7721 24.9899 -48.2664 -33.1291 32.7877 -49.2096 -31.7695 -5.1506 -32.5903 -48.4038 31.7892 -44.4049 36.0991 -44.2130 36.7928 -43.4022 29.6563 -41.4033 13.2028 -39.2396 -2.5210 -35.6937 -42.5965 -12.2988 -35.9870 -36.5550 -14.2505 -37.5361 -24.3055 -17.6095 -38.1284 -21.7997 -16.7995 -37.8599 -26.1657 -16.9443 -39.5752 -1.6792 -23.8711 -43.1334 16.5346 -30.8969 -47.7744 33.7088 -35.5172 -47.3718 5.2570 -37.2795 -33.4023 -21.6255 -48.4847 -32.5208 18.3126 -43.3922 -25.4144 11.9753 -44.6450 -27.5107 17.6714 -41.2629 -24.7964 -6.1406 -35.4762 -13.2121 -48.0829
-14.8670 -35.7290 -4.2471 -24.9892 -41.4847 18.2225 -28.0214 -47.1549 34.6467 -29.0441 -46.1420 20.6681 -29.1830 -46.0132 23.7703 -30.8127 -48.7373 -30.4263 19.7362 -44.5353 -27.6239 10.7927 -41.6782 -19.9494 -28.3350 -37.5606 29.2299 -49.1290 -33.8754 31.6558 -48.1378 -32.5358 33.4382 -49.2728 -33.1461 4.0054 -36.3742 -38.4335 -22.4455 12.5471 -44.0953 -27.9510 -4.2676 -37.9164 -41.3247 -19.1339 -42.1604 26.3168 -46.1081 -18.6779 -47.1838 -15.8046 -45.2956 34.9524 -42.5069 25.8078 -41.1245 34.5035 -36.0452 -49.0709 33.6550 -32.6816 -48.9920 34.8313 -33.4260 -49.2212 34.9749 -32.9987 -48.8685 32.8378 -32.4658 -48.3461 32.7960 -34.2933 -49.0768 27.2979 -37.5262 -30.0087 -19.0884 -41.5661 9.9748 -27.6656 -44.7416 22.1831 -31.6101 -48.4497 -25.9907 -0.8938 -38.4151 32.6522 -48.9098 -32.2758 32.0926 -47.1269 -27.9857 18.2240 -41.4848 -24.9892 -4.2471 -35.7290 -14.8670
