-26.1668 -21.8198 -40.7954 15.6581 -26.3454 -46.7402 31.1022 -31.1486 -47.7539 -15.5262 -37.1733 -0.6349 -23.7283 -42.8791 22.4754 -27.9272 -48.2332 14.3827 -32.8357 -40.7782 -19.5094 -39.0524 9.5070 -25.0682 -45.0011 29.1478 -29.6187 -48.7767 -8.7290 -35.0824 -20.2706 -22.1294 -41.0461 16.4966 -26.5332 -46.9650 30.5278 -31.3643 -47.3324 -16.1463 -37.4177 1.0748 -23.9012 -43.1421 23.3377 -28.1318 -48.3459 10.5154 -33.0034 -40.0773 -26.2688 -40.0773 -33.0034 10.5154 -48.3459 -28.1318 23.3377 -43.1421 -23.9012 1.0748 -37.4177 -16.1463 -47.3324 -31.3643 30.5278 -46.9650 -26.5332 16.4966 -41.0461 -22.1294 -20.2706 -35.0824 -8.7290 -48.7767 -29.6187 29.1478 -45.0011 -25.0682 9.5070 -39.0524 -19.5094 -40.7782 -32.8357 14.3827 -48.2332 -27.9272 22.4754 -42.8791 -23.7283 -0.6349 -37.1733 -15.5262 -47.7539 -31.1486 31.1022 -46.7402 -26.3454 15.6581 -40.7954 -21.8198 -26.1668
-21.8198 -40.2568 15.1935 -27.5214 -46.7022 34.1920 -31.0424 -47.6482 -14.2882 -36.0334 -0.6873 -25.5078 -42.4501 21.6675 -28.7119 -48.3849 28.8960 -32.0646 -40.4394 -20.2436 -38.1881 9.1133 -26.5302 -44.7815 28.9177 -29.9717 -48.7514 -1.4037 -33.6152 -19.8071 -23.7201 -40.4212 15.8369 -27.6471 -46.9411 34.5314 -31.1880 -47.2052 -15.2759 -36.3204 0.9671 -25.6569 -42.7397 22.5324 -28.8671 -48.5245 26.3002 -32.1647 -38.6228 -20.5198 -40.5286 -20.5198 -38.6228 -32.1647 26.3002 -48.5245 -28.8671 22.5324 -42.7397 -25.6569 0.9671 -36.3204 -15.2759 -47.2052 -31.1880 34.5314 -46.9411 -27.6471 15.8369 -40.4212 -23.7201 -19.8071 -33.6152 -1.4037 -48.7514 -29.9717 28.9177 -44.7815 -26.5302 9.1133 -38.1881 -20.2436 -40.4394 -32.0646 28.8960 -48.3849 -28.7119 21.6675 -42.4501 -25.5078 -0.6873 -36.0334 -14.2882 -47.6482 -31.0424 34.1920 -46.7022 -27.5214 15.1935 -40.2568 -21.8198
-40.7954 15.1935 -27.5517 -46.5688 33.9020 -31.2422 -47.9291 -13.4120 -35.7975 -2.1501 -25.3571 -42.2203 20.9894 -28.7254 -48.2599 30.6199 -32.4053 -41.6115 -19.8127 -37.9746 8.3762 -26.4455 -44.5565 28.2029 -30.0623 -48.7606 1.3523 -33.3133 -22.4517 -23.4542 -40.1967 15.1995 -27.6090 -46.7451 34.2861 -31.3880 -47.5637 -14.4962 -36.0943 -0.3275 -25.5243 -42.5097 21.8450 -28.8891 -48.4161 28.4739 -32.5224 -40.1173 -20.4005 -38.0289 18.6917 -38.0289 -20.4005 -40.1173 -32.5224 28.4739 -48.4161 -28.8891 21.8450 -42.5097 -25.5243 -0.3275 -36.0943 -14.4962 -47.5637 -31.3880 34.2861 -46.7451 -27.6090 15.1995 -40.1967 -23.4542 -22.4517 -33.3133 1.3523 -48.7606 -30.0623 28.2029 -44.5565 -26.4455 8.3762 -37.9746 -19.8127 -41.6115 -32.4053 30.6199 -48.2599 -28.7254 20.9894 -42.2203 -25.3571 -2.1501 -35.7975 -13.4120 -47.9291 -31.2422 33.9020 -46.5688 -27.5517 15.1935 -40.7954
15.6581 -27.5214 -46.5688 33.7562 -31.1776 -48.1139 -12.5789 -35.5730 -3.6977 -25.2064 -41.9876 20.3083 -28.5982 -48.1231 31.9483 -32.3077 -42.6561 -19.3516 -37.7594 7.5997 -26.3391 -44.3308 27.4820 -29.9259 -48.8004 4.4599 -33.1112 -25.0140 -23.1689 -39.9699 14.5525 -27.4901 -46.5446 33.9221 -31.2585 -47.8697 -13.6337 -35.8582 -1.7524 -25.3928 -42.2765 21.1547 -28.7615 -48.2938 30.2108 -32.4250 -41.3362 -19.9149 -38.0503 7.7395 -31.5793 7.7395 -38.0503 -19.9149 -41.3362 -32.4250 30.2108 -48.2938 -28.7615 21.1547 -42.2765 -25.3928 -1.7524 -35.8582 -13.6337 -47.8697 -31.2585 33.9221 -46.5446 -27.4901 14.5525 -39.9699 -23.1689 -25.0140 -33.1112 4.4599 -48.8004 -29.9259 27.4820 -44.3308 -26.3391 7.5997 -37.7594 -19.3516 -42.6561 -32.3077 31.9483 -48.1231 -28.5982 20.3083 -41.9876 -25.2064 -3.6977 -35.5730 -12.5789 -48.1139 -31.1776 33.7562 -46.5688 -27.5214 15.6581
-26.3454 -46.7022 33.9020 -31.1776 -48.1759 -12.0479 -35.3952 -5.1473 -25.0568 -41.7651 19.6452 -28.4738 -47.9764 32.9764 -32.2034 -43.5832 -18.8664 -37.5424 6.7766 -26.2347 -44.1053 26.7640 -29.7851 -48.8251 7.9277 -33.0455 -27.4463 -22.8704 -39.7408 13.8941 -27.3732 -46.3411 33.4785 -31.1213 -48.1258 -12.6690 -35.6141 -3.3231 -25.2437 -42.0401 20.4622 -28.6361 -48.1608 31.6090 -32.3135 -42.4452 -19.4541 -37.8147 7.9000 -26.6407 -46.7697 -26.6407 7.9001 -37.8147 -19.4541 -42.4452 -32.3135 31.6090 -48.1608 -28.6361 20.4622 -42.0401 -25.2437 -3.3231 -35.6141 -12.6690 -48.1258 -31.1213 33.4785 -46.3411 -27.3732 13.8941 -39.7408 -22.8704 -27.4463 -33.0455 7.9277 -48.8251 -29.7851 26.7640 -44.1053 -26.2347 6.7766 -37.5424 -18.8664 -43.5832 -32.2034 32.9764 -47.9764 -28.4738 19.6452 -41.7651 -25.0568 -5.1473 -35.3952 -12.0479 -48.1759 -31.1776 33.9020 -46.7022 -26.3454
-46.7402 34.1920 -31.2422 -48.1139 -12.0479 -35.3232 -6.1096 -24.9385 -41.5835 19.0648 -28.3575 -47.8249 33.7311 -32.0953 -44.4012 -18.3561 -37.3264 5.9096 -26.1330 -43.8826 26.0581 -29.6432 -48.8241 11.5809 -33.0111 -29.7021 -22.5619 -39.5125 13.2311 -27.2594 -46.1373 32.9762 -30.9814 -48.3323 -11.5938 -35.3652 -5.0394 -25.0795 -41.8039 19.7761 -28.5135 -48.0200 32.6969 -32.1880 -43.4304 -18.9565 -37.6091 7.0141 -26.2565 -43.7586 35.5767 -43.7584 -26.2566 7.0142 -37.6089 -18.9588 -43.4253 -32.1984 32.6945 -48.0200 -28.5135 19.7761 -41.8039 -25.0795 -5.0394 -35.3652 -11.5938 -48.3323 -30.9814 32.9762 -46.1373 -27.2594 13.2311 -39.5125 -22.5619 -29.7021 -33.0111 11.5809 -48.8241 -29.6432 26.0581 -43.8826 -26.1330 5.9096 -37.3264 -18.3561 -44.4012 -32.0953 33.7311 -47.8249 -28.3575 19.0648 -41.5835 -24.9385 -6.1096 -35.3232 -12.0479 -48.1139 -31.2422 34.1920 -46.7402
31.1022 -31.0424 -47.9291 -12.5789 -35.3952 -6.1096 -24.8915 -41.4794 18.6527 -28.2621 -47.6838 34.2246 -31.9936 -45.1045 -17.8251 -37.1085 4.9735 -26.0343 -43.6635 25.3692 -29.4960 -48.7987 15.3040 -32.9787 -31.7637 -22.2440 -39.2810 12.5501 -27.1497 -45.9343 32.4318 -30.8334 -48.4957 -10.3645 -35.1131 -6.9032 -24.9010 -41.5646 19.0869 -28.3935 -47.8719 33.5140 -32.0407 -44.3930 -18.3899 -37.4212 6.2662 -26.1548 -43.9710 25.4394 -33.6660 25.4378 -43.9695 -26.1582 6.1944 -37.3955 -18.4354 -44.2903 -32.0802 33.5066 -47.8713 -28.3935 19.0869 -41.5646 -24.9010 -6.9032 -35.1131 -10.3645 -48.4957 -30.8334 32.4318 -45.9343 -27.1497 12.5501 -39.2810 -22.2440 -31.7637 -32.9787 15.3040 -48.7987 -29.4960 25.3692 -43.6635 -26.0343 4.9735 -37.1085 -17.8251 -45.1045 -31.9936 34.2246 -47.6838 -28.2621 18.6527 -41.4794 -24.8915 -6.1096 -35.3952 -12.5789 -47.9291 -31.0424 31.1022
-31.1486 -47.6482 -13.4120 -35.5730 -5.1473 -24.9385 -41.4794 18.5008 -28.2069 -47.5801 34.4939 -31.9101 -45.6718 -17.2936 -36.8937 3.9559 -25.9394 -43.4526 24.7132 -29.3383 -48.7487 18.9699 -32.9575 -33.5938 -21.9234 -39.0430 11.8371 -27.0459 -45.7362 31.8678 -30.6734 -48.6198 -8.9163 -34.8603 -8.9035 -24.7105 -41.3219 18.3926 -28.2759 -47.7158 34.0948 -31.8887 -45.4129 -18.1456 -35.1907 1.5518 -25.9962 -43.6363 25.4465 -30.2166 -47.6096 -30.1907 25.6378 -43.7139 -26.0600 5.2889 -37.1799 -17.8799 -45.0503 -31.9558 34.0865 -47.7152 -28.2759 18.3926 -41.3219 -24.7105 -8.9035 -34.8603 -8.9163 -48.6198 -30.6734 31.8678 -45.7362 -27.0459 11.8371 -39.0430 -21.9234 -33.5938 -32.9575 18.9699 -48.7487 -29.3383 24.7132 -43.4526 -25.9394 3.9559 -36.8937 -17.2936 -45.6718 -31.9101 34.4939 -47.5801 -28.2069 18.5008 -41.4794 -24.9385 -5.1473 -35.5730 -13.4120 -47.6482 -31.1486
-47.7539 -14.2882 -35.7975 -3.6977 -25.0568 -41.5835 18.6527 -28.2069 -47.5417 34.6009 -31.8470 -46.0729 -16.8207 -36.6980 2.9150 -25.8508 -43.2527 24.0966 -29.1699 -48.6737 22.4662 -32.9567 -35.1852 -21.6053 -38.7949 11.0773 -26.9497 -45.5471 31.3077 -30.4990 -48.7048 -7.1833 -34.6119 -10.9934 -24.5110 -41.0764 17.6942 -28.1603 -47.5549 34.4668 -31.7793 -46.1512 -17.8824 -42.8686 -34.4502 29.1602 -41.6564 20.5100 -29.5342 -48.5202 -13.7672 -48.4189 -29.3229 24.8798 -43.5098 -25.9658 4.3050 -36.9610 -17.2996 -45.7029 -31.8342 34.4610 -47.5544 -28.1603 17.6942 -41.0764 -24.5110 -10.9934 -34.6119 -7.1833 -48.7048 -30.4990 31.3077 -45.5471 -26.9497 11.0773 -38.7949 -21.6053 -35.1852 -32.9567 22.4662 -48.6737 -29.1699 24.0966 -43.2527 -25.8508 2.9150 -36.6980 -16.8207 -46.0729 -31.8470 34.6009 -47.5417 -28.2069 18.6527 -41.5835 -25.0568 -3.6977 -35.7975 -14.2882 -47.7539
-15.5262 -36.0334 -2.1501 -25.2064 -41.7651 19.0648 -28.2621 -47.5801 34.6009 -31.8208 -46.2877 -16.4753 -36.5466 1.9671 -25.7744 -43.0734 23.5299 -28.9989 -48.5719 25.6573 -32.9910 -36.5027 -21.3052 -38.5292 10.2400 -26.8647 -45.3741 30.7799 -30.3001 -48.7515 -5.0361 -34.3753 -13.0885 -24.3070 -40.8255 17.0054 -28.0301 -47.3922 34.6672 -31.7156 -46.4572 -16.7296 -43.1414 -15.9032 -27.8306 -33.4290 -2.3133 -28.2383 -48.5480 27.7919 -35.2515 25.2132 -48.7646 -29.1884 24.2812 -43.3147 -25.8783 3.1892 -36.7322 -16.6968 -46.2571 -31.7205 34.6638 -47.3864 -28.0436 16.9827 -40.8255 -24.3063 -13.0782 -34.3772 -5.0362 -48.7515 -30.3001 30.7799 -45.3741 -26.8647 10.2400 -38.5292 -21.3052 -36.5027 -32.9910 25.6573 -48.5719 -28.9989 23.5299 -43.0734 -25.7744 1.9671 -36.5466 -16.4753 -46.2877 -31.8208 34.6009 -47.5801 -28.2621 19.0648 -41.7651 -25.2064 -2.1501 -36.0334 -15.5262
-37.1733 -0.6873 -25.3571 -41.9876 19.6452 -28.3575 -47.6838 34.4939 -31.8470 -46.2877 -16.3406 -36.4615 1.2789 -25.7164 -42.9345 23.0713 -28.8379 -48.4536 28.3310 -33.0588 -37.5250 -21.0447 -38.2458 9.2997 -26.7978 -45.2312 30.3361 -30.0694 -48.7581 -2.2689 -34.1612 -15.0597 -24.1068 -40.5748 16.3344 -27.9242 -46.4977 34.7258 -31.7917 -46.6561 -15.5365 -39.7191 35.4006 -45.1437 -18.8059 -49.0391 -19.8505 -45.2432 34.6012 -34.2604 -4.9478 -34.5827 26.2217 -48.6205 -28.9759 23.7624 -43.1440 -25.7991 1.8440 -36.4740 -16.0926 -46.7106 -31.6293 34.7159 -47.1963 -27.9342 16.3320 -39.2868 -24.9477 -14.9495 -34.1683 -2.2690 -48.7581 -30.0694 30.3361 -45.2312 -26.7978 9.2997 -38.2458 -21.0447 -37.5250 -33.0588 28.3310 -48.4536 -28.8379 23.0713 -42.9345 -25.7164 1.2789 -36.4615 -16.3406 -46.2877 -31.8470 34.4939 -47.6838 -28.3575 19.6452 -41.9876 -25.3571 -0.6873 -37.1733
-0.6349 -25.5078 -42.2203 20.3083 -28.4738 -47.8249 34.2246 -31.9101 -46.0729 -16.4753 -36.4615 1.0241 -25.6831 -42.8455 22.7559 -28.6995 -48.3336 30.3658 -33.1518 -38.2709 -20.8368 -37.9503 8.2578 -26.7579 -45.1426 30.0603 -29.7923 -48.7892 1.3917 -33.9804 -16.7679 -23.9224 -40.3270 15.6131 -27.9510 -46.2932 -7.8131 -28.2837 -46.8114 -16.2907 -36.5847 16.5568 -40.2615 29.8502 -41.9309 34.9078 -39.9565 20.3449 -33.3798 -33.0260 -34.1463 4.2999 -36.0801 30.1489 -48.1509 -28.7468 23.4373 -43.0280 -25.7247 0.1379 -36.1658 -15.5296 -47.0604 -31.3954 34.6500 -47.2152 -21.1758 -23.2561 -46.7498 -25.1460 -16.4919 -33.9926 1.3915 -48.7892 -29.7923 30.0603 -45.1426 -26.7579 8.2578 -37.9503 -20.8368 -38.2709 -33.1518 30.3658 -48.3336 -28.6995 22.7559 -42.8455 -25.6831 1.0241 -36.4615 -16.4753 -46.0729 -31.9101 34.2246 -47.8249 -28.4738 20.3083 -42.2203 -25.5078 -0.6349
-23.7283 -42.4501 20.9894 -28.5982 -47.9764 33.7311 -31.9936 -45.6718 -16.8207 -36.5466 1.2789 -25.6831 -42.8141 22.5879 -28.6057 -48.2304 31.7439 -33.2608 -38.7302 -20.7041 -37.6591 7.1429 -26.7506 -45.1280 30.0529 -29.4514 -48.8485 6.1329 -34.0071 -18.1008 -23.7654 -40.0772 14.8718 -28.0007 -46.8884 -21.7113 20.5020 -44.5516 29.7507 -35.7526 0.7716 -33.7027 2.6518 -35.9889 9.8162 -34.6754 -3.7897 -30.9663 -42.9375 -34.0024 16.1579 -38.7337 29.0531 -38.7665 15.3006 -47.6572 -28.8361 23.3246 -43.0187 -25.6450 -1.8460 -35.8529 -14.0504 -48.0037 -31.0051 21.2806 -39.0966 7.1229 -28.2653 -45.5697 -24.2701 -17.7517 -34.0197 6.1372 -48.8485 -29.4514 30.0529 -45.1280 -26.7506 7.1429 -37.6591 -20.7041 -38.7302 -33.2608 31.7439 -48.2304 -28.6057 22.5879 -42.8141 -25.6831 1.2789 -36.5466 -16.8207 -45.6718 -31.9936 33.7311 -47.9764 -28.5982 20.9894 -42.4501 -23.7283
-42.8791 21.6675 -28.7254 -48.1231 32.9764 -32.0953 -45.1045 -17.2936 -36.6980 1.9671 -25.7164 -42.8455 22.5879 -28.5732 -48.1715 32.4999 -33.3573 -38.9493 -20.6421 -37.3995 6.0362 -26.7805 -45.2017 30.3767 -29.0408 -48.8591 11.7480 -34.2907 -18.9390 -23.6473 -39.8331 14.2065 -27.7173 -47.0847 -12.5260 -48.7388 -33.2036 10.4727 -32.5445 -32.8980 -26.6999 -48.9212 -26.3482 -46.8199 -26.7046 -48.5932 -24.0288 -48.7017 -30.1916 14.3980 -42.7158 -15.8285 -47.5701 -17.2015 -45.7890 -18.4690 -48.5112 -30.3087 22.8936 -42.9934 -25.4992 -3.5315 -33.8243 -11.5033 -48.6927 -28.7619 -24.0099 -30.3491 -48.5141 11.7160 -40.2791 -23.6093 -18.6631 -34.3009 11.7560 -48.8592 -29.0408 30.3767 -45.2017 -26.7805 6.0362 -37.3995 -20.6421 -38.9493 -33.3573 32.4999 -48.1715 -28.5732 22.5879 -42.8455 -25.7164 1.9671 -36.6980 -17.2936 -45.1045 -32.0953 32.9764 -48.1231 -28.7254 21.6675 -42.8791
22.4754 -28.7119 -48.2599 31.9483 -32.2034 -44.4012 -17.8251 -36.8937 2.9150 -25.7744 -42.9345 22.7559 -28.6057 -48.1715 32.7300 -33.4138 -39.0195 -20.6306 -37.1969 5.0665 -26.8476 -45.3670 31.0738 -28.5511 -48.8135 17.4150 -34.6905 -18.9268 -23.5924 -39.6096 13.5738 -27.2634 -46.3046 23.2078 -45.1026 -15.4601 -48.6913 -24.7734 -48.7236 -16.4650 -43.3270 12.9823 -44.5615 -5.6928 -44.1762 2.8619 -43.7917 -19.2530 -39.6649 -35.3400 -13.4966 -12.0901 -32.2429 -19.0891 -30.5574 -41.4345 -28.8652 -45.1435 -33.3529 20.5849 -41.8560 -19.5652 -49.5759 10.1426 -22.6862 -48.3066 -22.7456 -47.9313 -7.9116 -40.8266 23.1153 -39.4397 -23.6240 -18.7733 -34.6970 17.4170 -48.8135 -28.5511 31.0738 -45.3670 -26.8476 5.0665 -37.1969 -20.6306 -39.0195 -33.4138 32.7300 -48.1715 -28.6057 22.7559 -42.9345 -25.7744 2.9150 -36.8937 -17.8251 -44.4012 -32.2034 31.9483 -48.2599 -28.7119 22.4754
-27.9272 -48.3849 30.6199 -32.3077 -43.5832 -18.3561 -37.1085 3.9559 -25.8508 -43.0734 23.0713 -28.6995 -48.2304 32.4999 -33.4138 -39.0306 -20.6363 -37.0710 4.3550 -26.9362 -45.5900 32.0472 -27.9762 -48.7305 22.1001 -35.1959 -17.4892 -23.6429 -39.3993 12.9598 -27.0671 -45.5304 36.1118 -41.8448 36.0635 -43.0039 2.0551 -43.6325 14.1004 -41.1758 34.0358 -42.0912 24.2790 -42.5916 16.5891 -42.5927 1.5956 -45.6991 -23.6084 -47.5542 -10.0648 -40.8980 31.6037 -38.6365 22.0896 -36.2551 13.4556 -35.1594 2.6710 -35.9453 15.4919 -38.4008 30.0061 -38.9596 -17.6458 -26.3824 -47.9419 -7.0254 -42.4723 27.0193 -37.8138 14.7619 -39.1125 -23.6883 -17.4134 -35.1988 22.0957 -48.7305 -27.9762 32.0472 -45.5900 -26.9362 4.3550 -37.0710 -20.6363 -39.0306 -33.4138 32.4999 -48.2304 -28.6995 23.0713 -43.0734 -25.8508 3.9559 -37.1085 -18.3561 -43.5832 -32.3077 30.6199 -48.3849 -27.9272
-48.2332 28.8960 -32.4053 -42.6561 -18.8664 -37.3264 4.9735 -25.9394 -43.2527 23.5299 -28.8379 -48.3336 31.7439 -33.3573 -39.0195 -20.6363 -37.0293 3.9837 -27.0132 -45.8045 32.9928 -27.3498 -48.6388 25.3198 -35.8072 -14.0632 -23.8456 -39.1838 12.3566 -27.0471 -44.8277 36.1967 -40.2912 35.6181 -43.1597 2.1274 -44.4287 -14.0720 -46.1728 -18.5675 -47.9914 -21.5840 -48.7374 -23.2081 -48.9247 -24.0801 -48.7575 -24.9730 -48.6771 -26.4910 -48.5113 -20.8174 -47.5128 -15.0248 -45.2151 6.7099 -42.6797 35.2667 -40.0338 24.4284 -37.6086 16.2122 -37.5296 8.9629 -33.7621 -44.9942 -24.6769 -46.9843 20.0994 -40.3715 19.5322 -36.8681 14.1436 -38.9038 -23.8896 -13.9889 -35.8119 25.3169 -48.6387 -27.3498 32.9928 -45.8045 -27.0132 3.9837 -37.0293 -20.6363 -39.0195 -33.3573 31.7439 -48.3336 -28.8379 23.5299 -43.2527 -25.9394 4.9735 -37.3264 -18.8664 -42.6561 -32.4053 28.8960 -48.2332
14.3827 -32.0646 -41.6115 -19.3516 -37.5424 5.9096 -26.0343 -43.4526 24.0966 -28.9989 -48.4536 30.3658 -33.2608 -38.9493 -20.6306 -37.0710 3.9837 -27.0433 -45.9333 33.5780 -26.7660 -48.5682 27.1107 -36.4788 -8.6344 -24.2073 -38.9696 11.6133 -27.4410 -45.2028 5.6484 -43.9297 -15.4312 -48.2302 -23.8593 -48.0928 -28.0919 -37.8334 -31.0562 -13.6392 -32.8882 0.5783 -33.7922 5.4483 -34.1814 6.9430 -34.2950 6.0269 -34.2002 2.2759 -33.4565 -7.7290 -31.8810 -31.4129 -29.1982 -46.5921 -25.3091 -49.0203 -18.6929 -45.7085 18.5485 -41.3842 29.2917 -37.8095 11.7788 -34.0616 -32.4509 -27.3190 -48.2472 -7.3017 -41.6566 26.6935 -37.4727 16.3682 -38.7041 -24.2419 -8.3917 -36.4904 27.1093 -48.5681 -26.7660 33.5780 -45.9333 -27.0433 3.9837 -37.0710 -20.6306 -38.9493 -33.2608 30.3658 -48.4536 -28.9989 24.0966 -43.4526 -26.0343 5.9096 -37.5424 -19.3516 -41.6115 -32.0646 14.3827
-32.8357 -40.4394 -19.8127 -37.7594 6.7766 -26.1330 -43.6635 24.7132 -29.1699 -48.5719 28.3310 -33.1518 -38.7302 -20.6421 -37.1969 4.3550 -27.0132 -45.9333 33.7447 -26.3944 -48.5290 27.8511 -37.0910 -2.5564 -24.6418 -38.7664 10.6615 -28.6494 -47.4137 -21.5770 -48.8163 -27.9095 -31.0826 -32.5559 5.7215 -35.1279 16.5942 -36.9358 24.8226 -39.2009 31.3236 -40.6803 34.6177 -41.4717 35.1811 -41.7601 35.1920 -41.5573 34.7799 -40.8415 31.7756 -39.5032 25.4875 -37.3816 17.4149 -35.6501 7.3117 -33.2247 -23.8995 -28.9941 -48.5520 -22.3513 -46.7000 10.0306 -41.1255 27.0235 -36.7554 5.2465 -31.0706 -47.3182 -21.7870 -45.3802 35.4127 -38.1897 20.3096 -38.6368 -24.6343 -2.1465 -37.0990 27.8492 -48.5291 -26.3945 33.7447 -45.9333 -27.0132 4.3550 -37.1969 -20.6421 -38.7302 -33.1518 28.3310 -48.5719 -29.1699 24.7132 -43.6635 -26.1330 6.7766 -37.7594 -19.8127 -40.4394 -32.8357
-40.7782 -20.2436 -37.9746 7.5997 -26.2347 -43.8826 25.3692 -29.3383 -48.6737 25.6573 -33.0588 -38.2709 -20.7041 -37.3995 5.0665 -26.9362 -45.8045 33.5780 -26.3944 -48.5165 28.0467 -37.5124 2.2092 -24.9335 -38.5715 9.6645 -30.6530 -48.6817 -28.7884 -21.3743 -33.9404 13.8160 -37.2199 28.9166 -41.0425 31.9933 -43.7616 -6.7992 -46.2506 -17.7224 -48.1622 -21.4211 -49.0102 -23.0178 -49.2249 -23.4736 -49.2186 -22.9832 -48.9827 -21.2973 -48.1077 -17.4204 -46.1921 -5.8689 -43.7657 32.2333 -41.1710 29.4946 -37.6661 15.4006 -34.7264 -7.6937 -29.9022 -48.2060 -21.9373 -46.0881 28.3979 -39.7439 19.7279 -34.7306 -20.6866 -27.4649 -48.3076 -0.1527 -40.0209 25.6801 -38.6921 -24.8368 2.6337 -37.5095 28.0495 -48.5166 -26.3945 33.5780 -45.8045 -26.9362 5.0665 -37.3995 -20.7041 -38.2709 -33.0588 25.6573 -48.6737 -29.3383 25.3692 -43.8826 -26.2347 7.5997 -37.9746 -20.2436 -40.7782
-19.5094 -38.1881 8.3762 -26.3391 -44.1053 26.0581 -29.4960 -48.7487 22.4662 -32.9910 -37.5250 -20.8368 -37.6591 6.0362 -26.8476 -45.5900 32.9928 -26.7660 -48.5290 28.0466 -37.6633 4.7615 -24.9407 -38.4119 8.9487 -32.7943 -40.9182 -32.8086 11.6774 -37.5984 32.3459 -42.3121 -2.1441 -46.9637 -21.7407 -49.1686 -26.9509 -42.8223 -30.3582 -23.2043 -32.5510 -4.7531 -33.7001 1.6737 -34.1299 3.0761 -34.1088 1.0299 -33.6079 -6.6495 -32.3506 -26.3736 -30.0720 -43.9533 -26.6696 -49.1883 -21.5951 -47.0207 -5.0671 -42.8148 34.5766 -38.7042 17.2547 -34.6891 -12.9177 -28.8177 -49.1150 -17.2564 -43.6997 33.6419 -37.3565 8.0354 -30.8311 -48.2495 -18.4089 -42.8877 31.5512 -38.7832 -24.7686 5.1680 -37.6572 28.0495 -48.5291 -26.7660 32.9928 -45.5900 -26.8476 6.0362 -37.6591 -20.8368 -37.5250 -32.9910 22.4662 -48.7487 -29.4960 26.0581 -44.1053 -26.3391 8.3762 -38.1881 -19.5094
-39.0524 9.1133 -26.4455 -44.3308 26.7640 -29.6432 -48.7987 18.9699 -32.9567 -36.5027 -21.0447 -37.9503 7.1429 -26.7805 -45.3670 32.0472 -27.3498 -48.5682 27.8511 -37.5124 4.7681 -24.8643 -38.3223 8.6488 -34.2016 -12.8643 -35.9092 24.3225 -40.9837 4.5356 -47.4373 -24.1060 -46.4292 -30.4977 -9.0341 -34.3642 10.8267 -36.4618 19.4129 -38.0084 26.0547 -39.6247 30.4937 -40.4618 32.3826 -40.6733 32.1431 -40.3297 29.7333 -39.3641 24.9534 -37.6693 18.3474 -36.2129 9.9705 -34.1834 -9.3760 -30.6430 -45.3036 -25.0792 -48.3716 -12.3149 -43.2760 34.4125 -38.0241 13.7342 -33.1566 -36.7087 -25.8116 -47.5977 13.2709 -39.7644 18.8133 -33.6798 -39.1044 -23.9472 -45.2035 35.4192 -38.8418 -24.6764 5.1871 -37.5096 27.8503 -48.5681 -27.3498 32.0472 -45.3670 -26.7805 7.1429 -37.9503 -21.0447 -36.5027 -32.9567 18.9699 -48.7987 -29.6432 26.7640 -44.3308 -26.4455 9.1133 -39.0524
9.5070 -26.5302 -44.5565 27.4820 -29.7851 -48.8241 15.3040 -32.9575 -35.1852 -21.3052 -38.2458 8.2578 -26.7506 -45.2017 31.0738 -27.9762 -48.6388 27.1107 -37.0911 2.2172 -24.9419 -38.3148 8.6177 -34.7373 2.9733 -37.8274 34.3748 -44.7761 -20.1043 -48.2716 -30.2966 -2.9499 -35.6511 17.7781 -38.6993 31.9083 -41.8834 29.4558 -44.1568 -5.1793 -46.0385 -15.3112 -47.4057 -18.3978 -47.9500 -19.0905 -47.8764 -17.9776 -47.1753 -14.3056 -45.6789 -2.3754 -43.8238 30.7743 -41.7273 32.1310 -38.8049 19.4510 -35.8547 4.5025 -31.8745 -41.8907 -25.5789 -48.1296 -7.0067 -41.8033 28.5663 -36.6556 3.1583 -30.0868 -48.8399 -17.0110 -42.8990 28.4662 -36.0454 -16.1561 -26.6718 -46.6535 35.9135 -38.8750 -24.7422 2.6940 -37.1016 27.1113 -48.6386 -27.9760 31.0739 -45.2017 -26.7506 8.2578 -38.2458 -21.3052 -35.1852 -32.9575 15.3040 -48.8241 -29.7851 27.4820 -44.5565 -26.5302 9.5070
-25.0682 -44.7815 28.2029 -29.9259 -48.8251 11.5809 -32.9787 -33.5938 -21.6053 -38.5292 9.2997 -26.7579 -45.1280 30.3767 -28.5511 -48.7305 25.3198 -36.4788 -2.5548 -24.9356 -38.3973 8.7107 -34.8323 7.1225 -38.5423 32.3677 -47.3394 -25.9934 -33.4301 -34.0739 15.2375 -38.7816 34.4779 -43.1958 -5.4304 -47.3151 -21.6780 -49.1336 -26.4985 -45.4983 -29.3138 -36.5814 -31.0083 -27.1793 -31.7499 -23.9175 -31.6678 -28.4342 -30.7878 -37.8724 -29.0496 -45.8849 -26.3495 -49.1540 -22.2348 -47.7000 -11.8284 -44.1407 34.0360 -40.2771 23.7523 -36.2776 5.0653 -31.2900 -46.0169 -23.2730 -46.3796 30.7690 -39.1498 15.9567 -33.2071 -41.3656 -23.7315 -45.6489 34.9657 -37.5395 -1.7472 -27.7989 -47.1805 35.8406 -38.9037 -24.7782 -2.0007 -36.5012 25.3185 -48.7304 -28.5509 30.3767 -45.1280 -26.7579 9.2997 -38.5292 -21.6053 -33.5938 -32.9787 11.5809 -48.8251 -29.9259 28.2029 -44.7815 -25.0682
-45.0011 28.9177 -30.0623 -48.8004 7.9277 -33.0111 -31.7637 -21.9234 -38.7949 10.2400 -26.7978 -45.1426 30.0529 -29.0408 -48.8135 22.1001 -35.8072 -8.6339 -24.6434 -38.5590 8.9546 -34.6586 6.6628 -38.6338 21.5929 -48.4745 -28.6226 -4.1720 -36.9629 26.6615 -41.6984 1.0068 -47.6475 -24.0978 -46.8062 -30.2523 -16.9369 -33.9931 6.5635 -36.0361 13.9784 -37.2066 18.3060 -37.7794 20.4492 -37.8820 20.4509 -37.6146 18.4166 -36.9645 14.4640 -35.8682 8.1362 -34.2343 -7.2304 -31.3479 -41.5013 -26.7018 -49.1436 -18.7709 -45.3740 30.7445 -40.0437 21.3317 -35.4484 -9.0119 -28.7381 -48.9897 -11.8104 -41.8915 25.6431 -35.8738 -18.0855 -26.9611 -47.3647 34.3073 -38.1709 1.5973 -27.8761 -46.8154 35.6888 -38.8894 -24.5821 -8.1203 -35.8317 22.1054 -48.8146 -29.0405 30.0529 -45.1426 -26.7978 10.2400 -38.7949 -21.9234 -31.7637 -33.0111 7.9277 -48.8004 -30.0623 28.9177 -45.0011
29.1478 -29.9717 -48.7606 4.4599 -33.0455 -29.7021 -22.2440 -39.0430 11.0773 -26.8647 -45.2312 30.0603 -29.4514 -48.8591 17.4150 -35.1959 -14.0633 -24.2078 -38.7598 9.5173 -33.8985 0.8725 -38.3872 21.9720 -48.7153 -29.6040 5.4742 -38.5162 34.9365 -45.0609 -19.6976 -48.3839 -30.0769 -8.9008 -35.3497 14.2796 -38.3489 26.1716 -40.6003 34.9077 -42.5319 31.7719 -43.6639 18.4513 -44.1325 10.7721 -44.1444 14.4710 -43.7496 26.9685 -42.8442 35.2764 -41.2950 31.2326 -39.0071 21.0532 -36.4181 9.1920 -33.3449 -27.3903 -28.1111 -49.1447 -17.8368 -44.3510 35.1036 -38.0660 11.1769 -31.9839 -46.3060 -21.3240 -44.7364 33.2910 -37.6506 -1.3706 -28.4123 -48.0793 32.1378 -38.2301 -1.0656 -26.8718 -45.4221 31.9051 -38.8107 -24.2264 -13.6905 -35.2216 17.4294 -48.8603 -29.4512 30.0603 -45.2312 -26.8647 11.0773 -39.0430 -22.2440 -29.7021 -33.0455 4.4599 -48.7606 -29.9717 29.1478
-29.6187 -48.7514 1.3523 -33.1112 -27.4463 -22.5619 -39.2810 11.8371 -26.9497 -45.3741 30.3361 -29.7923 -48.8485 11.7540 -34.6920 -17.4893 -23.8455 -38.9697 10.4354 -32.1747 -21.7300 -37.3751 32.9977 -48.4757 -29.6135 7.9277 -39.0292 33.3237 -47.2182 -25.3208 -38.2509 -33.6237 11.8985 -38.6875 29.6952 -42.0185 25.5300 -45.4247 -14.1109 -48.0382 -21.7240 -49.1200 -24.7890 -48.7584 -26.0640 -48.1892 -26.3339 -48.3664 -25.6803 -49.0272 -24.0579 -49.0328 -20.7892 -47.4638 -12.5811 -44.6335 28.1103 -41.3148 28.9364 -37.3237 11.9228 -33.2573 -34.9667 -26.3569 -48.0004 5.9617 -40.2958 20.3086 -34.6449 -33.5739 -25.2691 -46.5964 35.5949 -38.4847 3.1219 -28.7789 -48.0529 34.4738 -37.6877 -14.6763 -24.0719 -42.8579 25.1500 -38.7667 -23.9030 -17.1899 -34.7139 11.7582 -48.8484 -29.7923 30.3361 -45.3741 -26.9497 11.8371 -39.2810 -22.5619 -27.4463 -33.1112 1.3523 -48.7514 -29.6187
-48.7767 -1.4037 -33.3133 -25.0140 -22.8704 -39.5125 12.5501 -27.0459 -45.5471 30.7799 -30.0694 -48.7892 6.1391 -34.2927 -18.8838 -23.6465 -39.1851 11.4615 -29.9412 -45.3062 -35.0314 33.5321 -47.2404 -28.6654 6.2672 -39.0290 27.6901 -48.1826 -27.9781 -14.1669 -36.3125 21.6797 -40.8018 30.1428 -46.0499 -18.7883 -49.0486 -26.8843 -43.1426 -30.9411 -19.2383 -33.4728 -0.3246 -34.6796 5.4749 -35.0735 7.1352 -35.0042 6.0857 -34.5222 1.4727 -33.4243 -13.5368 -31.1945 -39.9117 -27.4919 -49.0594 -21.6405 -46.7026 8.0689 -41.4189 27.5346 -36.9781 3.6098 -30.3513 -48.7094 -16.2588 -42.8869 27.4111 -36.5530 -15.7093 -27.1679 -47.4745 34.7141 -38.6849 2.3844 -28.2619 -47.2583 34.7544 -36.1462 -39.4008 -17.6323 -39.6553 18.8758 -38.8807 -23.7055 -18.5886 -34.3087 6.1376 -48.7892 -30.0694 30.7799 -45.5471 -27.0459 12.5501 -39.5125 -22.8704 -25.0140 -33.3133 -1.4037 -48.7767
-8.7290 -33.6152 -22.4517 -23.1689 -39.7408 13.2311 -27.1497 -45.7362 31.3077 -30.3001 -48.7581 1.3918 -34.0061 -18.8968 -23.5959 -39.3952 12.3099 -28.1599 -48.6698 -31.6311 22.0644 -44.3772 -26.0637 -1.8914 -38.5772 30.4665 -48.3433 -28.9300 -1.2889 -37.9567 29.6661 -43.1120 -10.6136 -48.7312 -26.9770 -38.7011 -32.7672 3.0296 -36.2586 15.4079 -38.0804 23.7234 -39.5015 29.9852 -40.6149 33.2693 -41.0974 34.0151 -40.9789 32.7866 -40.2324 28.6600 -38.6456 21.4160 -36.5336 11.8328 -34.3135 -11.3493 -29.8599 -48.1444 -21.7143 -46.0299 33.5307 -39.0862 14.4837 -32.8614 -44.9135 -21.4529 -44.6334 31.7174 -37.5978 -7.5715 -27.7365 -47.5621 35.3699 -38.3823 -4.7801 -26.3941 -45.3673 27.3209 -33.4765 -48.8148 15.8550 -37.4856 14.8523 -39.0707 -23.6077 -18.5807 -34.0237 1.3916 -48.7581 -30.3001 31.3077 -45.7362 -27.1497 13.2311 -39.7408 -23.1689 -22.4517 -33.6152 -8.7290
-35.0824 -19.8071 -23.4542 -39.9699 13.8941 -27.2594 -45.9343 31.8678 -30.4990 -48.7515 -2.2689 -33.9769 -18.1189 -23.6454 -39.6150 12.9873 -27.2957 -46.5654 -26.8596 7.8052 -40.3282 -19.9088 -31.2733 -37.1238 35.5727 -47.8078 -28.6958 1.0975 -38.6084 34.1996 -45.1688 -20.0148 -47.8654 -31.0541 -1.1214 -36.6416 18.6086 -39.3627 33.2812 -42.4476 22.1760 -44.9055 -11.2370 -46.8786 -18.1972 -48.0766 -20.4385 -48.4529 -20.6190 -48.1919 -18.8389 -47.0590 -12.9497 -44.9112 18.5264 -42.0888 32.7175 -38.4361 16.0410 -34.6495 -20.3788 -27.9663 -48.6737 -4.1430 -40.8375 20.7442 -34.5919 -38.4895 -23.4333 -45.4177 33.0106 -37.8730 -8.6944 -27.1377 -46.8983 34.7727 -37.2468 -27.4444 -22.1991 -42.2814 16.5338 -30.0606 -47.2606 30.6738 -36.8495 15.5104 -39.7295 -23.6032 -17.7895 -33.9938 -2.2688 -48.7515 -30.4990 31.8678 -45.9343 -27.2594 13.8941 -39.9699 -23.4542 -19.8071 -35.0824
-20.2706 -23.7201 -40.1967 14.5525 -27.3732 -46.1373 32.4318 -30.6734 -48.7048 -5.0362 -34.1575 -16.8061 -23.7655 -39.8382 13.5000 -27.1668 -44.9977 -17.4051 -38.1924 -36.4487 11.6479 -48.4347 -34.1819 29.7826 -46.0958 -27.1148 -3.2110 -38.5118 35.2558 -46.2077 -23.5535 -42.0487 -33.4679 11.4231 -39.0952 31.5032 -42.5499 1.0931 -47.1132 -22.0513 -48.9588 -27.3051 -42.2290 -30.4007 -25.1621 -32.1316 -11.1740 -32.7710 -8.7774 -32.5018 -17.6527 -31.1466 -37.0754 -28.3077 -48.3282 -23.5123 -47.7513 -6.3328 -42.5658 31.0738 -37.8981 6.8688 -30.9498 -48.4886 -15.6796 -42.4201 24.0126 -35.4063 -35.6111 -23.5912 -45.3369 31.7910 -37.4254 -19.7468 -25.0906 -45.2933 28.5399 -34.9932 -45.9781 -11.5245 -39.2543 1.3599 -24.6267 -42.0927 17.9469 -38.1421 25.4586 -41.4634 -23.7024 -16.5171 -34.1671 -5.0361 -48.7048 -30.6734 32.4318 -46.1373 -27.3732 14.5525 -40.1967 -23.7201 -20.2706
-22.1294 -40.4212 15.1995 -27.4901 -46.3411 32.9762 -30.8334 -48.6198 -7.1834 -34.3723 -15.1071 -23.9287 -40.0115 13.7004 -28.1521 -45.5006 16.8954 -48.0979 -32.2617 29.0596 -47.0236 -30.2015 17.6074 -42.8522 -23.2493 -22.0627 -37.5801 34.2801 -46.2758 -24.7770 -34.3916 -35.0982 17.8152 -40.2228 33.2197 -46.1906 -21.1853 -48.2770 -29.7242 -14.1781 -34.0909 10.9876 -35.9832 20.0924 -37.9030 26.2812 -39.1918 29.0870 -39.4716 28.1049 -38.6858 23.0975 -36.7753 14.5691 -35.1432 -1.9515 -30.9876 -46.4791 -23.1535 -46.7004 31.6855 -39.3351 14.2866 -32.6414 -46.8615 -18.2068 -42.8762 24.0857 -35.3383 -38.8765 -22.1071 -44.4410 27.8144 -36.1503 -37.6354 -20.7773 -42.6458 18.9504 -31.8282 -48.8662 34.2213 -36.1282 -43.6754 -8.1310 -39.2501 22.8932 -42.7546 36.0805 -41.5649 -23.8792 -14.9700 -34.3764 -7.1833 -48.6198 -30.8334 32.9762 -46.3411 -27.4901 15.1995 -40.4212 -22.1294
-41.0461 15.8369 -27.6090 -46.5446 33.4785 -30.9814 -48.4957 -8.9163 -34.6106 -13.1300 -24.1141 -40.2147 14.4352 -31.1523 -48.3791 7.2781 -43.3199 -25.4113 9.0212 -41.2675 -23.5875 -0.1549 -39.3298 -13.3251 -44.4908 -35.4678 29.5381 -45.3229 -24.1606 -32.4780 -35.8114 21.6892 -41.1967 4.8214 -48.2116 -27.0914 -30.9056 -33.9654 14.9492 -38.0902 32.9474 -41.9080 13.8261 -44.8009 -13.6893 -46.9006 -18.3637 -47.7581 -18.8559 -47.3861 -15.5236 -45.5817 4.5393 -42.7838 34.7153 -39.2358 17.7018 -35.2750 -17.6908 -28.1684 -48.5461 2.6225 -40.2238 17.5139 -33.2908 -46.5409 -17.2949 -42.3072 21.3207 -34.4646 -44.7308 -18.3950 -42.7290 21.3723 -33.9954 -47.5742 -9.5361 -40.0092 7.2718 -27.4634 -45.2704 23.6896 -31.5853 -47.8554 35.2355 -41.4538 34.6610 -46.4256 31.0424 -40.5997 -24.1039 -13.0990 -34.6119 -8.9163 -48.4957 -30.9814 33.4785 -46.5446 -27.6090 15.8369 -41.0461
16.4966 -27.6471 -46.7451 33.9221 -31.1213 -48.3323 -10.3645 -34.8603 -11.0126 -24.3112 -40.5166 16.2361 -34.8494 -40.4239 -23.7514 -45.1477 -14.6367 -43.9378 -35.7460 7.6224 -46.9679 -35.4981 34.5193 -48.9733 -32.1879 20.6608 -43.1695 -21.3455 -38.6515 -35.5490 22.7756 -42.0029 -9.4356 -48.7641 -29.7989 -0.4068 -36.8433 30.0054 -42.4026 -12.3323 -48.3313 -24.5734 -46.7454 -29.1012 -29.4022 -31.5657 -11.7199 -32.4501 -11.6418 -31.8587 -29.8026 -29.3629 -46.9579 -24.5044 -48.1347 -6.6274 -42.6712 29.8540 -38.0610 3.7088 -30.2975 -48.7648 -7.7632 -40.7027 17.4070 -32.8992 -47.9943 -12.2745 -41.0408 16.4184 -32.8692 -48.3811 -8.5172 -40.8932 13.2925 -31.1363 -48.6461 33.8836 -37.4605 -30.8134 -18.9541 -40.4246 5.1296 -24.5442 -42.3466 34.8413 -45.7436 -20.4293 13.2498 16.6605 -40.5902 -24.3068 -10.9932 -34.8603 -10.3645 -48.3323 -31.1213 33.9221 -46.7451 -27.6471 16.4966
-26.5332 -46.9411 34.2861 -31.2585 -48.1258 -11.5938 -35.1131 -8.9080 -24.5126 -40.8276 16.8391 -36.4710 13.7772 -34.1707 -46.2068 -18.1744 -47.6536 -31.0350 24.6828 -46.1997 -30.2226 20.7668 -44.7906 -27.4739 8.9561 -40.3983 -13.7467 -46.4049 -34.2663 20.8018 -41.8963 -11.8221 -48.7097 -30.9885 7.8294 -38.1365 33.3044 -46.8519 -25.1227 -38.4296 -32.0283 9.4926 -35.0890 21.5321 -38.1636 28.6508 -39.6203 30.0451 -39.4041 25.4601 -37.6287 15.8081 -35.6935 -2.5167 -30.8538 -47.6157 -21.0119 -45.7390 35.6664 -39.2583 8.9225 -31.0967 -48.7545 -6.9338 -40.1763 14.2749 -31.6068 -48.8470 8.5665 -39.9268 9.5001 -30.6112 -48.6107 29.0875 -39.2900 0.0599 -26.6443 -45.4109 26.0476 -33.4887 -49.1639 31.4070 -35.8104 -45.8092 0.8696 -40.8453 -14.2364 -30.3778 -41.2342 -27.2813 16.3205 -40.8253 -24.5112 -8.9034 -35.1131 -11.5938 -48.1258 -31.2585 34.2861 -46.9411 -26.5332
-46.9650 34.5314 -31.3880 -47.8697 -12.6690 -35.3652 -6.9032 -24.7106 -41.0836 16.6378 -30.1263 20.4091 -43.4877 16.7895 -30.9278 -48.3945 -24.7538 -2.7729 -39.9387 -20.8015 -6.4667 -39.3304 -17.4788 -30.7936 -37.4348 26.8568 -49.0156 -31.9888 15.8838 -40.9708 -8.3019 -48.7285 -31.3316 10.0082 -38.6513 15.8969 -48.7371 -28.9753 6.0611 -36.1768 32.4870 -41.9823 -2.3679 -45.8997 -17.8213 -47.9968 -19.9570 -48.0165 -17.0328 -46.1388 6.6219 -42.7517 32.7800 -39.2905 13.3611 -34.0413 -37.6420 -25.1921 -47.2280 33.6208 -39.5626 10.1748 -30.9944 -48.7823 5.5242 -39.3800 8.0398 -29.4864 -47.8894 35.4744 -38.7603 -4.8807 -26.7750 -46.3468 32.0554 -36.6456 -39.7249 -17.4493 -41.1308 9.8561 -27.5871 -44.8639 21.0921 -30.3997 -45.9025 36.0939 -45.3417 -28.2019 27.8148 -46.9495 -27.9022 16.9829 -41.0771 -24.7106 -6.9032 -35.3652 -12.6690 -47.8697 -31.3880 34.5314 -46.9650
30.5278 -31.1880 -47.5637 -13.6337 -35.6141 -5.0394 -24.9010 -41.3223 17.7158 -28.1935 -46.9254 -48.4049 18.9517 -38.5511 -21.0705 -25.1205 -48.2925 -34.3536 34.7788 -49.2684 -34.0879 35.1657 -49.0569 -33.1446 28.3451 -46.3956 -28.4422 7.4249 -39.8077 10.3168 -48.7812 -30.8228 8.8765 -39.0570 16.0531 -48.8770 -30.2235 15.3538 -39.4404 -7.0334 -48.4810 -25.8265 -41.0173 -30.8021 -11.9731 -32.8193 -7.6853 -32.3300 -30.1783 -29.0758 -48.2815 -21.6904 -46.8693 28.1000 -40.7701 20.0696 -35.9480 -24.3077 -27.0245 -47.7925 30.1465 -39.3767 9.0920 -30.1226 -48.4823 31.4438 -38.3309 -8.0977 -25.5468 -45.2846 28.5665 -36.3376 -39.7835 -19.4139 -42.7443 18.3930 -32.5444 -49.0263 31.9192 -37.1879 -35.9797 -15.7326 -39.2259 -8.0505 -20.1851 -40.2584 32.0864 -49.1783 -32.0183 34.5524 -47.2152 -28.0421 17.6961 -41.3223 -24.9010 -5.0394 -35.6141 -13.6337 -47.5637 -31.1880 30.5278
-31.3643 -47.2052 -14.4962 -35.8582 -3.3231 -25.0795 -41.5650 18.3923 -28.1546 -47.2515 32.1115 -23.4586 -45.4843 21.2452 -32.3211 -48.7551 -28.8721 13.6074 -42.9729 -26.6305 13.2962 -42.8125 -26.0805 9.6590 -41.4122 -21.3751 -22.2091 -37.9917 35.2382 -48.0336 -29.3290 4.3355 -39.0558 30.4420 -48.5292 -29.9882 15.7998 -41.0202 -20.0733 -45.2733 -31.8032 12.6622 -36.6162 26.0216 -39.5792 29.3038 -39.4874 22.9932 -37.9931 10.3846 -34.0834 -32.9477 -27.1870 -48.4034 -0.0148 -41.7418 24.0712 -36.9150 -13.5316 -28.0812 -48.0814 27.7233 -38.8352 5.5882 -28.5524 -46.9830 33.2126 -36.0035 -42.0195 -17.3778 -41.9775 16.3850 -32.7353 -48.9329 13.7636 -39.5684 1.9775 -26.3724 -44.8170 22.9984 -32.3920 -48.5428 34.2619 -33.9653 -49.1803 35.3583 -38.1582 -9.2582 -47.4068 -31.5948 34.6934 -47.3996 -28.1609 18.3949 -41.5646 -25.0795 -3.3231 -35.8582 -14.4962 -47.2052 -31.3643
-47.3324 -15.2759 -36.0943 -1.7524 -25.2437 -41.8048 19.0853 -28.2820 -47.5881 34.6965 -31.0379 -49.0753 26.6730 -37.4770 -25.0899 -27.8417 -38.1260 -36.3030 -4.5051 -42.2046 -36.1296 -3.9248 -43.1819 -36.2447 20.6233 -48.7640 -34.3604 27.8763 -45.5892 -26.0313 -9.4709 -38.2899 35.5464 -47.3584 -28.6255 9.7250 -39.7060 -19.8204 -37.0545 -34.6418 30.1235 -42.6717 -8.0653 -46.9095 -17.0222 -47.2276 -9.2018 -44.7609 35.6518 -40.8482 19.5436 -36.7081 -10.8518 -29.5169 -48.7056 -11.3736 -42.8062 28.2726 -37.5835 -2.0824 -28.8509 -48.3493 27.8111 -38.0089 -4.0023 -25.6048 -43.8464 21.2656 -32.4421 -48.9919 23.6000 -39.3405 1.1320 -27.3983 -46.3169 31.3992 -36.1439 -44.2243 -12.2079 -39.8884 1.4278 -24.1669 -42.2521 11.1990 -25.7917 -42.5603 28.2269 -41.0563 -19.4853 -45.5990 -32.8537 34.6970 -47.5769 -28.2761 19.0893 -41.8039 -25.2437 -1.7524 -36.0943 -15.2759 -47.3324
-16.1463 -36.3204 -0.3275 -25.3928 -42.0406 19.7773 -28.3971 -47.7636 34.7979 -33.8650 -42.5303 -19.7018 -42.0832 17.3560 -33.0921 -47.5360 -32.2139 23.8329 -46.0686 -30.5848 24.0224 -46.2140 -30.6850 22.8540 -45.5719 -28.7938 13.0231 -41.7132 -19.0272 -39.1002 -36.3466 29.3259 -45.2958 -25.5622 -5.6412 -37.8915 -7.8655 -45.9194 -34.4489 35.1872 -47.1888 -25.2618 -41.4348 -30.6637 -31.4284 -29.9262 -46.7046 -23.4640 -47.7401 16.7442 -41.8179 24.4673 -37.9035 0.3529 -30.8821 -48.4691 -19.0252 -44.6140 35.0847 -37.8533 6.7673 -29.2553 -48.4078 33.0247 -36.5137 -32.8858 -19.3299 -39.8823 7.6340 -27.6180 -45.9245 29.8027 -36.2453 -42.1159 -17.0915 -42.0873 14.1909 -30.6824 -47.8126 33.9238 -35.2685 -48.2355 18.0222 -35.9044 -45.3753 3.1218 -40.4122 31.2480 -47.9465 -28.8233 -25.1765 -34.6440 34.6156 -47.7283 -28.3917 19.7774 -42.0401 -25.3928 -0.3275 -36.3204 -16.1463
-37.4177 0.9671 -25.5243 -42.2765 20.4634 -28.5137 -47.9205 34.7946 -36.2721 -6.1797 -30.3752 -48.5103 32.2148 -38.7717 -13.9188 -30.5174 -8.5937 -39.2428 -18.7204 -13.2658 -39.1869 -19.2669 -10.3922 -39.3101 -17.7692 -26.7833 -37.7784 18.2738 -48.9620 -33.1513 19.6457 -42.5139 -19.6211 -39.1363 -36.1648 35.3320 -48.6721 -31.6616 30.0028 -47.2458 -28.5470 4.4804 -37.1279 17.7472 -37.9706 8.7278 -34.3444 -35.3082 -26.5985 -48.2086 -3.2456 -42.7059 30.7297 -38.3934 10.3828 -32.9587 -40.4138 -25.5469 -47.6844 9.4980 -38.5999 11.2925 -28.9887 -47.6547 34.3122 -33.8691 -48.4461 12.8332 -36.4432 -34.5792 -18.4508 -41.6698 13.6901 -31.3409 -48.6449 34.2236 -38.2154 -21.4162 -21.4831 -42.2961 12.6700 -28.1666 -44.8059 20.3435 -29.5697 -45.1724 36.0521 -45.6215 -25.6351 -21.5143 -36.1549 10.0179 -35.1146 34.1985 -47.8730 -28.5123 20.4622 -42.2765 -25.5243 0.9671 -37.4177
1.0748 -25.6569 -42.5097 21.1547 -28.6356 -48.0463 34.2105 -36.3570 13.2250 -37.2053 -21.4216 -24.3740 -44.6635 21.8789 -33.6549 -44.3546 -34.3285 32.9892 -48.6281 -33.0636 33.1281 -48.8213 -33.3484 33.8301 -48.7781 -33.0152 27.5867 -46.2666 -28.5171 8.2603 -40.1070 -2.7530 -48.5172 -33.2790 22.6844 -44.5028 -27.0021 13.0245 -42.7096 -26.3273 8.2686 -40.0432 35.5535 -43.9391 33.6328 -40.2987 12.7023 -35.3590 -31.1360 -28.4842 -48.7473 -19.1001 -45.5505 26.2913 -40.4067 24.6470 -35.5536 4.6076 -30.2962 -48.4930 -15.3430 -39.2366 10.1832 -27.7146 -45.1936 23.6697 -30.2895 -47.1833 29.2168 -32.7381 -49.0191 32.5900 -38.1136 -17.9760 -23.3700 -43.9300 21.4224 -33.4507 -49.1272 31.2742 -36.9724 -39.3433 -12.2996 -38.1091 -26.8864 -16.4507 -42.1421 -16.0862 -41.5505 -36.3924 25.6001 -42.6825 7.5628 -33.3542 33.4920 -48.0190 -28.6360 21.1547 -42.5097 -25.6569 1.0748
-23.9012 -42.7397 21.8450 -28.7615 -48.1658 32.9765 -33.9675 3.5860 -40.4543 17.4906 -34.6554 -48.2151 9.5484 -38.0878 -19.0410 -31.3958 6.5115 -41.3831 -23.2336 4.9883 -41.3065 -23.6267 7.1074 -41.7329 -24.1331 5.5849 -40.9220 -19.4468 -29.4483 -37.6764 35.6644 -47.9309 -29.8135 9.8602 -40.4855 -17.2710 -31.8629 -37.1215 -14.5266 -26.5843 -38.3317 18.7140 -48.5109 -16.6391 -46.0883 34.7696 -39.7360 12.0465 -36.0714 -2.0026 -32.3966 -32.7998 -27.9413 -49.0014 -21.2893 -45.8072 14.7099 -40.2425 25.7784 -33.1670 -45.0330 -15.5597 -37.8248 0.1789 -24.1832 -40.8645 8.8056 -24.9280 -41.3044 9.5999 -26.4199 -44.2452 22.2833 -33.8386 -48.8481 12.4669 -39.3611 -1.1882 -25.1639 -43.8602 19.1554 -30.9648 -47.0777 28.1731 -32.2070 -47.3247 8.3536 -47.9472 -31.4631 16.6153 -42.6041 -4.8338 -23.0515 -45.1859 -32.0669 32.7028 -48.1589 -28.7615 21.8450 -42.7397 -23.9012
-43.1421 22.5324 -28.8891 -48.2945 31.6224 -32.1047 -46.5685 7.0551 -14.9334 -40.2022 4.4554 -25.6806 -43.9465 18.0088 -32.5003 -41.7277 -35.4309 33.2920 -49.1797 -34.3893 33.2779 -49.0931 -34.5588 28.8366 -48.6054 -35.1797 34.5037 -49.1593 -33.3339 23.5549 -44.4611 -24.4519 -14.9117 -38.0923 33.3167 -48.9522 -32.7060 30.8945 -48.3818 -32.8012 34.3536 -48.5096 -25.7721 -47.5202 -20.1838 -47.4041 33.5107 -44.2926 26.6518 -42.4983 28.9227 -41.6136 19.4486 -40.2033 0.9010 -35.7458 -46.8640 -27.8506 -48.8840 33.7435 -33.0647 -48.2221 3.0464 -35.5153 -39.0708 -12.6834 -36.1592 -40.5304 -6.2811 -35.7265 -42.1040 -10.6922 -39.3706 1.2622 -26.3410 -45.0746 26.5631 -34.9009 -48.3175 8.7782 -38.1136 -21.1444 -19.1362 -40.1397 -3.3531 -22.1205 -44.6715 -24.1102 -11.8839 -38.2369 13.6749 -47.7296 -35.7944 -17.5893 -44.3959 -32.1257 31.5429 -48.2888 -28.8894 22.5324 -43.1421
23.3377 -28.8671 -48.4161 30.2108 -32.3202 -43.3566 -18.5294 -34.7274 -48.2251 30.9036 -33.9150 -49.1963 33.1176 -36.3311 -37.3417 -31.7060 13.5130 -42.9096 -25.9954 11.7570 -42.6915 -26.2095 13.6795 -43.1806 -27.3201 14.9543 -43.2387 -25.9390 6.0462 -40.4116 -11.5163 -46.3530 -35.1116 25.8219 -44.8485 -26.2261 7.1842 -41.2123 -23.7482 10.2782 -42.6841 -23.6593 -41.9513 -24.4071 -45.5441 36.7661 -44.0300 36.0231 -44.0276 1.2577 -44.8919 16.2374 -43.5590 31.9662 -42.6245 12.4169 -38.9592 -29.1776 -32.1835 -45.1285 25.4561 -30.9240 -48.3770 34.4751 -32.3352 -48.8830 33.3667 -31.3299 -47.2287 26.3585 -31.0875 -47.2661 31.1998 -35.1993 -47.2855 -5.9521 -40.0713 5.1346 -26.9607 -44.8628 23.7309 -32.7473 -48.5340 33.6436 -33.7730 -48.6889 -18.0700 -47.5599 -34.7850 25.9787 -44.4932 -26.6131 8.5416 -38.0567 -18.3349 -44.1887 -32.3385 30.0187 -48.4096 -28.8673 23.3377
