-46.4367 -17.4627 -37.9695 4.4975 -24.2917 -43.7851 25.4370 -28.6318 -48.5242 1.6524 -33.5076 -34.1057 -20.7397 -39.8869 12.5987 -25.6708 -45.8683 31.0475 -30.3642 -48.6324 -12.7333 -36.1576 -9.1302 -22.9841 -41.9311 19.3793 -27.1942 -47.6620 25.6622 -32.0997 -45.0643 -17.9622 -38.1957 5.7124 -24.4538 -44.0483 26.2832 -28.8417 -48.6203 -1.3205 -33.8537 -31.5828 -21.0608 -40.1282 13.4349 -25.8527 -46.1138 31.3285 -30.5545 -48.5724 -21.7376 -48.5756 -30.5491 31.3284 -46.1141 -25.8527 13.4349 -40.1282 -21.0608 -31.5828 -33.8537 -1.3205 -48.6203 -28.8417 26.2832 -44.0483 -24.4538 5.7124 -38.1957 -17.9622 -45.0643 -32.0997 25.6622 -47.6620 -27.1942 19.3793 -41.9311 -22.9841 -9.1302 -36.1576 -12.7333 -48.6324 -30.3642 31.0475 -45.8683 -25.6708 12.5987 -39.8869 -20.7397 -34.1057 -33.5076 1.6524 -48.5242 -28.6318 25.4370 -43.7851 -24.2917 4.4975 -37.9695 -17.4627 -46.4367
-17.4627 -37.0661 4.5215 -25.9613 -43.4597 24.7154 -29.2420 -48.7607 17.6780 -32.3883 -33.6518 -21.9229 -39.1275 12.0911 -26.9871 -45.7318 31.8506 -30.5090 -48.5813 -9.4747 -34.8553 -8.9187 -24.7353 -41.4039 18.6263 -28.1519 -47.7202 34.0504 -31.6561 -44.8442 -18.0348 -37.2175 5.4503 -26.0691 -43.7365 25.5968 -29.3988 -48.8105 13.3341 -32.6305 -31.0974 -22.3510 -39.3971 12.8926 -27.1265 -46.0020 32.6160 -30.6205 -48.3963 -9.8775 -36.8123 -9.7473 -48.4040 -30.6575 32.6108 -46.0025 -27.1265 12.8926 -39.3971 -22.3510 -31.0974 -32.6305 13.3341 -48.8105 -29.3988 25.5968 -43.7365 -26.0691 5.4503 -37.2175 -18.0348 -44.8442 -31.6561 34.0504 -47.7202 -28.1519 18.6263 -41.4039 -24.7353 -8.9187 -34.8553 -9.4747 -48.5813 -30.5090 31.8506 -45.7318 -26.9871 12.0911 -39.1275 -21.9229 -33.6518 -32.3883 17.6780 -48.7607 -29.2420 24.7154 -43.4597 -25.9613 4.5215 -37.0661 -17.4627
-37.9695 4.5215 -25.9156 -43.3089 24.1373 -29.3001 -48.6996 20.9050 -32.7882 -35.4824 -21.5736 -38.9092 11.4288 -26.9205 -45.5147 31.2132 -30.6425 -48.6719 -8.0033 -34.5761 -11.2399 -24.5237 -41.1765 17.9779 -28.1368 -47.5510 34.4848 -31.9185 -45.5194 -17.4732 -37.0100 4.5308 -25.9665 -43.5075 24.8821 -29.4512 -48.7763 16.9028 -32.8817 -33.1395 -22.0218 -39.1772 12.2402 -27.0658 -45.7887 32.0274 -30.6964 -48.6141 -22.9419 -32.4400 9.0644 -34.8524 -9.9124 -48.5557 -30.8004 32.0220 -45.7885 -27.0658 12.2402 -39.1772 -22.0218 -33.1395 -32.8817 16.9028 -48.7763 -29.4512 24.8821 -43.5075 -25.9665 4.5308 -37.0100 -17.4732 -45.5194 -31.9185 34.4848 -47.5510 -28.1368 17.9779 -41.1765 -24.5237 -11.2399 -34.5761 -8.0033 -48.6719 -30.6425 31.2132 -45.5147 -26.9205 11.4288 -38.9092 -21.5736 -35.4824 -32.7882 20.9050 -48.6996 -29.3001 24.1373 -43.3089 -25.9156 4.5215 -37.9695
4.4975 -25.9613 -43.3089 23.8942 -29.2285 -48.6393 23.4127 -32.7156 -37.1261 -21.1988 -38.6931 10.7571 -26.8057 -45.2918 30.5301 -30.5143 -48.7295 -6.3461 -34.2862 -13.7646 -24.2967 -40.9504 17.3359 -28.0094 -47.3714 34.6900 -31.8070 -46.1088 -16.8709 -36.8008 3.5322 -25.8667 -43.2787 24.1735 -29.3159 -48.7201 20.2020 -32.8191 -35.0079 -21.6686 -38.9551 11.5694 -26.9518 -45.5728 31.3879 -30.5598 -48.7195 -24.4577 25.2449 -47.7340 -25.9258 -12.8509 -34.6462 -8.3249 -48.6537 -30.6713 31.3858 -45.5719 -26.9518 11.5694 -38.9551 -21.6686 -35.0079 -32.8191 20.2020 -48.7201 -29.3159 24.1735 -43.2787 -25.8667 3.5322 -36.8008 -16.8709 -46.1088 -31.8070 34.6900 -47.3714 -28.0094 17.3359 -40.9504 -24.2967 -13.7646 -34.2862 -6.3461 -48.7295 -30.5143 30.5301 -45.2918 -26.8057 10.7571 -38.6931 -21.1988 -37.1261 -32.7156 23.4127 -48.6393 -29.2285 23.8942 -43.3089 -25.9613 4.4975
-24.2917 -43.4597 24.1373 -29.2285 -48.6145 24.8050 -32.6602 -38.4095 -20.8376 -38.4913 10.0917 -26.6926 -45.0639 29.8158 -30.3875 -48.7570 -4.4460 -33.9873 -16.4500 -24.0527 -40.7263 16.7008 -27.8806 -47.1818 34.7224 -31.6951 -46.6188 -16.2292 -36.5888 2.4383 -25.7689 -43.0510 23.4753 -29.1773 -48.6430 23.2207 -32.7521 -36.7018 -21.3007 -38.7315 10.8784 -26.8392 -45.3541 30.7205 -30.4859 -48.7505 -16.3286 -48.7308 -36.3381 35.9155 -42.5383 -24.3041 -12.7770 -34.3804 -6.7318 -48.7187 -30.5404 30.7221 -45.3537 -26.8392 10.8784 -38.7315 -21.3007 -36.7018 -32.7521 23.2207 -48.6430 -29.1773 23.4753 -43.0510 -25.7689 2.4383 -36.5888 -16.2292 -46.6188 -31.6951 34.7224 -47.1818 -27.8806 16.7008 -40.7263 -24.0527 -16.4500 -33.9873 -4.4460 -48.7570 -30.3875 29.8158 -45.0639 -26.6926 10.0917 -38.4913 -20.8376 -38.4095 -32.6602 24.8050 -48.6145 -29.2285 24.1373 -43.4597 -24.2917
-43.7851 24.7154 -29.3001 -48.6393 24.8050 -32.6393 -39.1093 -20.5629 -38.3277 9.4953 -26.5877 -44.8431 29.0981 -30.2623 -48.7576 -2.2842 -33.6807 -19.1991 -23.7940 -40.5063 16.0778 -27.7522 -46.9860 34.6026 -31.5848 -47.0532 -15.5497 -36.3695 1.2453 -25.6716 -42.8266 22.7944 -29.0382 -48.5495 25.8639 -32.6826 -38.2190 -20.9205 -38.5095 10.1741 -26.7272 -45.1332 30.0349 -30.4057 -48.7564 -3.3605 -40.8978 -20.0573 8.7454 -44.4904 35.6166 -42.6880 -24.2333 -15.7782 -34.0766 -4.9083 -48.7530 -30.4111 30.0351 -45.1332 -26.7272 10.1741 -38.5095 -20.9205 -38.2190 -32.6826 25.8639 -48.5495 -29.0382 22.7944 -42.8266 -25.6716 1.2453 -36.3695 -15.5497 -47.0532 -31.5848 34.6026 -46.9860 -27.7522 16.0778 -40.5063 -23.7940 -19.1991 -33.6807 -2.2842 -48.7576 -30.2623 29.0981 -44.8431 -26.5877 9.4953 -38.3277 -20.5629 -39.1093 -32.6393 24.8050 -48.6393 -29.3001 24.7154 -43.7851
25.4370 -29.2420 -48.6996 23.4127 -32.6602 -39.1093 -20.4581 -38.2327 9.0634 -26.5033 -44.6459 28.4217 -30.1487 -48.7452 0.1542 -33.3623 -21.9895 -23.5171 -40.2915 15.4684 -27.6215 -46.7811 34.3485 -31.4804 -47.4193 -14.8306 -36.1336 -0.0875 -25.5642 -42.6063 22.1326 -28.8964 -48.4385 28.1456 -32.6123 -39.5735 -20.5278 -38.2890 9.4524 -26.6145 -44.9069 29.3215 -30.2883 -48.7601 -1.5403 -35.9512 23.2370 -42.3919 21.5842 -24.2334 -46.1948 35.3718 -42.7232 -23.8909 -18.3485 -33.7583 -2.8368 -48.7598 -30.2863 29.3202 -44.9100 -26.6153 9.4524 -38.2890 -20.5278 -39.5735 -32.6123 28.1456 -48.4385 -28.8964 22.1326 -42.6063 -25.5642 -0.0875 -36.1336 -14.8306 -47.4193 -31.4804 34.3485 -46.7811 -27.6215 15.4684 -40.2915 -23.5171 -21.9895 -33.3623 0.1542 -48.7452 -30.1487 28.4217 -44.6459 -26.5033 9.0634 -38.2327 -20.4581 -39.1093 -32.6602 23.4127 -48.6996 -29.2420 25.4370
-28.6318 -48.7607 20.9050 -32.7156 -38.4095 -20.5629 -38.2327 8.9006 -26.4559 -44.5048 27.8730 -30.0582 -48.7586 2.6850 -33.0678 -24.7485 -23.2177 -40.0858 14.8848 -27.4858 -46.5639 33.9689 -31.3880 -47.7208 -14.0808 -35.8769 -1.6158 -25.4363 -42.3908 21.4917 -28.7509 -48.3106 30.0634 -32.5417 -40.7902 -20.1186 -38.0701 8.7094 -26.5014 -44.6746 28.5809 -30.1675 -48.7421 -0.7725 -33.5926 -0.7402 -35.3801 12.8006 -36.0906 -46.1707 -10.0457 -43.4473 31.7456 -41.0947 -23.5412 -21.2250 -33.4263 -0.4944 -48.7425 -30.9776 28.3775 -44.4142 -26.5066 8.7109 -38.0705 -20.1187 -40.7902 -32.5417 30.0634 -48.3106 -28.7509 21.4917 -42.3908 -25.4363 -1.6158 -35.8769 -14.0808 -47.7208 -31.3880 33.9689 -46.5639 -27.4858 14.8848 -40.0858 -23.2177 -24.7485 -33.0678 2.6850 -48.7586 -30.0582 27.8730 -44.5048 -26.4559 8.9006 -38.2327 -20.5629 -38.4095 -32.7156 20.9050 -48.7607 -28.6318
-48.5242 17.6780 -32.7882 -37.1261 -20.8376 -38.3277 9.0634 -26.4559 -44.4544 27.5604 -29.9972 -48.7870 4.9575 -32.8997 -27.2491 -22.9114 -39.8919 14.3315 -27.3446 -46.3310 33.4666 -31.3131 -47.9626 -13.3158 -35.5987 -3.3843 -25.2866 -42.1832 20.8796 -28.6024 -48.1677 31.6200 -32.4700 -41.8712 -19.6955 -37.8569 7.9571 -26.3866 -44.4363 27.8195 -30.0606 -48.7514 2.0582 -33.0018 -26.5215 -28.0044 -46.8546 -29.0644 -43.0026 -20.8395 -44.2917 30.5002 -39.6653 19.7079 -39.9120 -23.2882 -24.3416 -32.8704 -13.5219 -46.9334 -33.0932 32.7738 -43.9102 -26.3883 7.9568 -37.8577 -19.6950 -41.8712 -32.4700 31.6200 -48.1677 -28.6024 20.8796 -42.1832 -25.2866 -3.3843 -35.5987 -13.3158 -47.9626 -31.3131 33.4666 -46.3310 -27.3446 14.3315 -39.8919 -22.9114 -27.2491 -32.8997 4.9575 -48.7870 -29.9972 27.5604 -44.4544 -26.4559 9.0634 -38.3277 -20.8376 -37.1261 -32.7882 17.6780 -48.5242
1.6524 -32.3883 -35.4824 -21.1988 -38.4913 9.4953 -26.5033 -44.5048 27.5604 -29.9758 -48.7964 6.5861 -32.8392 -29.2495 -22.6248 -39.7190 13.8176 -27.2045 -46.0849 32.8464 -31.2663 -48.1490 -12.5667 -35.2928 -5.4804 -25.1128 -41.9878 20.3083 -28.4483 -48.0080 32.8451 -32.3937 -42.8461 -19.2508 -37.6466 7.2814 -27.1334 -43.9413 27.0082 -29.9701 -48.7890 4.6744 -32.8508 -27.4416 -23.1169 -44.0116 -6.1994 -46.5803 -9.4454 -43.2691 28.8760 -38.5412 5.8085 -34.1504 13.9293 -39.9133 -22.4585 -34.4885 -32.5171 5.0081 -29.7054 -48.9120 33.1037 -43.8259 -26.2598 7.2003 -37.6520 -19.2495 -42.8459 -32.3937 32.8451 -48.0080 -28.4483 20.3083 -41.9878 -25.1128 -5.4804 -35.2928 -12.5667 -48.1490 -31.2663 32.8464 -46.0849 -27.2045 13.8176 -39.7190 -22.6248 -29.2495 -32.8392 6.5861 -48.7964 -29.9758 27.5604 -44.5048 -26.5033 9.4953 -38.4913 -21.1988 -35.4824 -32.3883 1.6524
-33.5076 -33.6518 -21.5736 -38.6931 10.0917 -26.5877 -44.6459 27.8730 -29.9972 -48.7964 7.1730 -32.7979 -30.5483 -22.3930 -39.5855 13.3969 -27.0759 -45.8433 32.1482 -31.2488 -48.2840 -11.9080 -34.9519 -8.0249 -24.9108 -41.8119 19.7977 -28.2888 -47.8315 33.7506 -32.3044 -43.7540 -18.7644 -37.4471 6.7496 -33.1485 -47.8787 32.5988 -28.0408 -48.9700 7.3042 -32.6783 -29.7820 -22.5260 -40.0121 25.6455 -39.3097 28.2281 -39.3662 18.9304 -35.9154 -10.5991 -29.9732 -48.3038 -29.1028 13.0694 -39.2808 -17.1832 -49.1052 -27.0172 -48.1590 -10.7609 -40.8991 29.8640 -43.7443 -26.1399 6.4466 -37.4589 -18.7653 -43.7454 -32.3060 33.7489 -47.8315 -28.2888 19.7977 -41.8119 -24.9108 -8.0249 -34.9519 -11.9080 -48.2840 -31.2488 32.1482 -45.8433 -27.0759 13.3969 -39.5855 -22.3930 -30.5483 -32.7979 7.1730 -48.7964 -29.9972 27.8730 -44.6459 -26.5877 10.0917 -38.6931 -21.5736 -33.6518 -33.5076
-34.1057 -21.9229 -38.9092 10.7571 -26.6926 -44.8431 28.4217 -30.0582 -48.7870 6.5861 -32.7979 -30.9988 -22.2590 -39.5002 13.1034 -26.9691 -45.6236 31.4413 -31.2549 -48.3768 -11.3873 -34.5811 -11.0713 -24.6768 -41.6640 19.3702 -28.1248 -47.6419 34.3445 -32.1876 -44.6128 -18.2128 -37.2887 5.5383 -34.7203 23.2181 -46.8313 -16.2532 -48.3232 23.1860 -32.8994 -32.4239 -22.2324 -39.4070 13.6175 -33.8937 -2.1019 -34.1676 -4.3785 -31.6040 -44.0830 -24.9899 -47.8555 -7.8030 -46.0180 -26.8872 7.6856 -37.2149 33.1804 -44.3992 17.3623 -41.7476 20.3477 -36.4044 24.8146 -43.6252 -26.0191 5.9981 -37.0906 -18.2432 -44.5800 -32.1944 34.3433 -47.6419 -28.1248 19.3702 -41.6640 -24.6768 -11.0713 -34.5811 -11.3873 -48.3768 -31.2549 31.4413 -45.6236 -26.9691 13.1034 -39.5002 -22.2590 -30.9988 -32.7979 6.5861 -48.7870 -30.0582 28.4217 -44.8431 -26.6926 10.7571 -38.9092 -21.9229 -34.1057
-20.7397 -39.1275 11.4288 -26.8057 -45.0639 29.0981 -30.1487 -48.7586 4.9575 -32.8392 -30.5483 -22.2590 -39.4702 12.9468 -26.8976 -45.4542 30.8278 -31.2806 -48.4340 -11.0319 -34.2004 -14.5275 -24.4123 -41.5529 19.0485 -27.9578 -47.4434 34.6615 -32.0276 -45.4489 -17.5519 -37.1918 4.4428 -30.7834 -26.6246 -38.0585 33.4031 -42.6666 30.3452 -33.0076 -37.9155 -21.4673 -39.5208 12.6480 -28.6849 -49.0311 -24.3100 -49.1549 -23.1363 -48.4151 -13.1371 -44.2814 35.6380 -39.6279 32.8717 -44.2162 -25.1513 -24.2409 -33.4273 15.2739 -36.7426 12.9146 -34.6106 -30.5166 -32.1317 24.2205 -43.0509 -21.5232 31.0097 -36.7641 -17.6276 -45.3804 -32.0402 34.6615 -47.4434 -27.9578 19.0485 -41.5529 -24.4123 -14.5275 -34.2004 -11.0319 -48.4340 -31.2806 30.8278 -45.4542 -26.8976 12.9468 -39.4702 -22.2590 -30.5483 -32.8392 4.9575 -48.7586 -30.1487 29.0981 -45.0639 -26.8057 11.4288 -39.1275 -20.7397
-39.8869 12.0911 -26.9205 -45.2918 29.8158 -30.2623 -48.7452 2.6850 -32.8997 -29.2495 -22.3930 -39.5002 12.9468 -26.8724 -45.3615 30.4053 -31.3107 -48.4634 -10.8898 -33.8449 -17.9954 -24.1305 -41.4852 18.8621 -27.7852 -47.2375 34.7484 -31.8328 -46.2328 -16.7667 -37.1556 5.0274 -26.7522 -47.9033 -27.6606 -12.7245 -34.8616 6.1521 -30.6046 -47.8119 -17.9725 -38.8262 12.1744 -26.7550 -45.8638 21.9437 -43.1103 30.6206 -42.9030 35.2579 -40.2352 22.5340 -37.2019 6.8549 -34.6142 22.5870 -41.5440 -17.5688 -49.2516 -27.1135 -41.4256 -28.6747 -47.5302 -23.7289 -48.9474 -28.6600 -2.3302 -27.8317 -49.8418 26.6401 -36.8661 -16.8600 -46.1727 -31.8417 34.7484 -47.2375 -27.7852 18.8621 -41.4852 -24.1305 -17.9954 -33.8449 -10.8898 -48.4634 -31.3107 30.4053 -45.3615 -26.8724 12.9468 -39.5002 -22.3930 -29.2495 -32.8997 2.6850 -48.7452 -30.2623 29.8158 -45.2918 -26.9205 12.0911 -39.8869
12.5987 -26.9871 -45.5147 30.5301 -30.3875 -48.7576 0.1542 -33.0678 -27.2491 -22.6248 -39.5855 13.1034 -26.8976 -45.3615 30.2502 -31.3278 -48.4770 -10.8733 -33.5602 -20.9490 -23.8614 -41.4673 18.8382 -27.6076 -47.0267 34.6524 -31.6194 -46.9102 -15.8705 -37.0074 4.8515 -25.6484 -43.2398 24.8717 -47.4491 -22.5247 -49.2303 -22.5843 -47.3257 11.1035 -36.9842 7.5125 -26.4552 -44.6471 31.2163 -37.3551 16.7209 -37.3878 14.5512 -36.4850 5.5147 -33.5970 -33.4931 -29.0154 -47.6555 -30.4137 12.2266 -38.0160 34.3944 -44.0680 -8.2136 -45.8776 -2.1581 -43.7049 23.7625 -45.5322 -18.3318 -48.0123 17.1710 -38.0569 11.2709 -36.8132 -15.9083 -46.8989 -31.6215 34.6524 -47.0271 -27.6076 18.8382 -41.4673 -23.8614 -20.9490 -33.5602 -10.8733 -48.4770 -31.3278 30.2502 -45.3615 -26.8976 13.1034 -39.5855 -22.6248 -27.2491 -33.0678 0.1542 -48.7576 -30.3875 30.5301 -45.5147 -26.9871 12.5987
-25.6708 -45.7318 31.2132 -30.5143 -48.7570 -2.2842 -33.3623 -24.7485 -22.9114 -39.7190 13.3969 -26.9691 -45.4542 30.4053 -31.3278 -48.4813 -10.8781 -33.3760 -23.0068 -23.6467 -41.4909 18.9755 -27.4296 -46.8206 34.4149 -31.4157 -47.4508 -14.8402 -36.8503 6.7766 -26.1138 -42.4221 26.1282 -39.3709 33.0529 -42.5367 34.2975 -41.1063 27.1661 -34.3006 -11.4194 -25.5912 -43.9623 26.5588 -35.3185 -15.2969 -34.2220 -22.4838 -33.5481 -34.9132 -31.5056 -47.0030 -27.2143 -48.4354 -22.2148 -48.3587 -29.1802 -15.6388 -34.8386 17.2061 -38.1674 25.7119 -39.2979 22.6429 -38.5286 24.5586 -39.8624 29.5574 -38.8315 7.5507 -34.4992 4.9722 -36.8865 -14.7853 -47.4557 -31.4180 34.4147 -46.8210 -27.4296 18.9755 -41.4909 -23.6467 -23.0068 -33.3760 -10.8781 -48.4813 -31.3278 30.4053 -45.4542 -26.9691 13.3969 -39.7190 -22.9114 -24.7485 -33.3623 -2.2842 -48.7570 -30.5143 31.2132 -45.7318 -25.6708
-45.8683 31.8506 -30.6425 -48.7295 -4.4460 -33.6807 -21.9895 -23.2177 -39.8919 13.8176 -27.0759 -45.6236 30.8278 -31.3107 -48.4770 -10.8781 -33.3109 -24.0703 -23.5075 -41.5316 19.2057 -27.2614 -46.6284 34.0837 -31.2514 -47.8412 -13.7310 -36.8596 9.2209 -34.4648 -25.4855 2.6986 -33.8468 0.5008 -35.4806 10.6988 -34.8220 3.2469 -30.6230 -47.0238 -20.9106 -41.8431 24.4173 -36.1937 -3.9986 -34.7430 -9.2522 -34.4982 -10.9065 -33.7357 -21.2729 -31.9440 -35.9229 -29.5437 -45.0662 -27.8999 -47.1992 -30.9422 -39.5146 -33.5265 -11.9710 -34.9572 -2.1351 -34.6751 -9.6082 -33.8170 -1.3342 -34.2456 -7.0142 -31.5190 -45.8460 -29.6936 3.7289 -37.3005 -13.6102 -47.8430 -31.2533 34.0838 -46.6284 -27.2614 19.2057 -41.5316 -23.5075 -24.0703 -33.3109 -10.8781 -48.4770 -31.3107 30.8278 -45.6236 -27.0759 13.8176 -39.8919 -23.2177 -21.9895 -33.6807 -4.4460 -48.7295 -30.6425 31.8506 -45.8683
31.0475 -30.5090 -48.6719 -6.3461 -33.9873 -19.1991 -23.5171 -40.0858 14.3315 -27.2045 -45.8433 31.4413 -31.2806 -48.4634 -10.8733 -33.3760 -24.0703 -23.4566 -41.5622 19.4167 -27.1277 -46.4694 33.7215 -31.1324 -48.1047 -12.6515 -36.9446 8.2518 -37.4780 30.9801 -49.0686 -23.6406 -49.0028 -25.6930 -47.7334 -26.3702 -48.5638 -22.7297 -46.2684 0.2950 -39.3657 29.9387 -38.0491 22.8979 -38.2087 24.8836 -38.5469 25.9188 -38.5472 25.2947 -38.0345 23.0771 -37.0099 19.4171 -35.5359 14.3468 -34.6788 7.0219 -34.4714 -5.0389 -34.3400 -23.2620 -33.1533 -40.9642 -30.6286 -47.9515 -27.4793 -48.5534 -25.1026 -48.5842 -18.0000 -46.7889 -26.3711 5.5572 -37.1343 -13.2879 -48.1132 -31.2695 33.7228 -46.4691 -27.1277 19.4167 -41.5622 -23.4566 -24.0703 -33.3760 -10.8733 -48.4634 -31.2806 31.4413 -45.8433 -27.2045 14.3315 -40.0858 -23.5171 -19.1991 -33.9873 -6.3461 -48.6719 -30.5090 31.0475
-30.3642 -48.5813 -8.0033 -34.2862 -16.4500 -23.7940 -40.2915 14.8848 -27.3446 -46.0849 32.1482 -31.2549 -48.4340 -10.8898 -33.5602 -23.0068 -23.5075 -41.5622 19.5045 -27.0521 -46.3692 33.4248 -31.0467 -48.2748 -11.5907 -36.9308 3.6378 -34.2628 5.0525 -39.6609 35.6241 -43.4561 19.7743 -43.7717 -4.9314 -44.1648 -6.5175 -43.1262 4.9001 -42.0643 6.6389 -44.1074 -9.4085 -45.7585 -15.2886 -46.7671 -17.3439 -47.1601 -17.6987 -47.0200 -16.6112 -46.3307 -13.3781 -45.0087 -3.8687 -43.4499 25.1890 -41.7937 34.3850 -39.4788 24.0956 -36.4209 11.7651 -34.5752 -15.2299 -30.6055 -47.8215 -24.9834 -47.3269 -11.0397 -43.2699 34.7913 -43.4212 -22.9478 25.7006 -42.8648 -23.9484 -47.7051 -31.7487 33.4275 -46.3690 -27.0522 19.5045 -41.5622 -23.5075 -23.0068 -33.5602 -10.8898 -48.4340 -31.2549 32.1482 -46.0849 -27.3446 14.8848 -40.2915 -23.7940 -16.4500 -34.2862 -8.0033 -48.5813 -30.3642
-48.6324 -9.4747 -34.5761 -13.7646 -24.0527 -40.5063 15.4684 -27.4858 -46.3310 32.8464 -31.2488 -48.3768 -11.0319 -33.8449 -20.9490 -23.6467 -41.5316 19.4167 -27.0521 -46.3355 33.2618 -30.9846 -48.3928 -10.5521 -36.7217 2.1633 -32.7861 -33.7222 -35.7432 16.8986 -39.4274 34.9316 -41.4519 11.9366 -44.3136 -16.5340 -47.2632 -22.5189 -48.7992 -26.0967 -45.8044 -28.7890 -36.1663 -30.5826 -23.1074 -31.6098 -14.1637 -32.0244 -12.0664 -31.9290 -16.4283 -31.3075 -27.4628 -30.0381 -40.1101 -27.9608 -47.8273 -24.8964 -49.1383 -20.0913 -46.2751 -1.1634 -42.2610 33.8176 -38.2349 15.9338 -34.3029 -22.5156 -28.1242 -48.3780 -11.4104 -42.0886 34.2403 -40.9750 13.1217 -33.9014 -11.6652 -30.1459 -44.5112 -32.3235 33.2668 -46.3358 -27.0522 19.4167 -41.5316 -23.6467 -20.9490 -33.8449 -11.0319 -48.3768 -31.2488 32.8464 -46.3310 -27.4858 15.4684 -40.5063 -24.0527 -13.7646 -34.5761 -9.4747 -48.6324
-12.7333 -34.8553 -11.2399 -24.2967 -40.7263 16.0778 -27.6215 -46.5639 33.4666 -31.2663 -48.2840 -11.3873 -34.2004 -17.9954 -23.8614 -41.4909 19.2057 -27.1277 -46.3692 33.2611 -30.9635 -48.4560 -10.1749 -37.0639 2.7787 -33.6760 -22.3968 -35.1070 21.8283 -39.9955 19.7088 -45.8829 -21.3330 -48.8295 -27.9382 -31.6836 -31.9997 3.5606 -34.0349 13.8956 -35.5210 20.7283 -37.4379 26.0983 -38.7697 29.6669 -39.5148 31.2312 -39.7083 30.9743 -39.3619 28.7972 -38.4388 24.4966 -36.8912 18.3791 -35.0665 10.4073 -33.7329 -7.2799 -30.6212 -44.7109 -25.1865 -48.4109 -11.8253 -42.9765 32.8776 -37.5551 9.3469 -31.5215 -47.2658 -20.3245 -44.0589 33.6852 -38.9605 8.8012 -36.6467 -5.7565 -32.7338 -41.6478 -32.5205 33.2668 -46.3690 -27.1277 19.2057 -41.4909 -23.8614 -17.9954 -34.2004 -11.3873 -48.2840 -31.2663 33.4666 -46.5639 -27.6215 16.0778 -40.7263 -24.2967 -11.2399 -34.8553 -12.7333
-36.1576 -8.9187 -24.5237 -40.9504 16.7008 -27.7522 -46.7811 33.9689 -31.3131 -48.1490 -11.9080 -34.5811 -14.5275 -24.1305 -41.4673 18.9755 -27.2614 -46.4694 33.4241 -30.9909 -48.4491 -9.8044 -40.9521 10.3349 -34.4595 3.8302 -36.4659 35.1399 -44.9371 -21.6610 -48.1525 -29.8995 -1.1324 -34.1286 18.1466 -37.7401 31.8258 -41.1138 27.5356 -43.4620 -7.6186 -45.6873 -16.7667 -47.4877 -19.9526 -48.4422 -21.2924 -48.7929 -21.6078 -48.7244 -20.9603 -48.1760 -18.9318 -46.8612 -13.4647 -44.7132 11.5437 -42.2858 34.8580 -39.4476 22.2297 -36.0183 6.3212 -31.9372 -42.5957 -25.0381 -47.5090 13.7028 -40.1317 19.6507 -34.2625 -36.4528 -24.5279 -45.8846 35.2080 -38.8463 10.9875 -37.1407 -7.1274 -32.5150 -41.6315 -32.3288 33.4275 -46.4691 -27.2614 18.9755 -41.4673 -24.1305 -14.5275 -34.5811 -11.9080 -48.1490 -31.3131 33.9689 -46.7811 -27.7522 16.7008 -40.9504 -24.5237 -8.9187 -36.1576
-9.1302 -24.7353 -41.1765 17.3359 -27.8806 -46.9860 34.3485 -31.3880 -47.9626 -12.5667 -34.9519 -11.0713 -24.4123 -41.4852 18.8382 -27.4296 -46.6283 33.7214 -31.0489 -48.3872 -9.8419 -37.9725 11.9037 -34.7262 11.6157 -38.2682 -1.0344 -48.6366 -28.1718 -5.2615 -34.5642 23.5587 -39.9185 26.0834 -44.8058 -17.7867 -48.7577 -24.3715 -47.8509 -28.2553 -35.3524 -30.8845 -12.2852 -32.4121 0.0802 -33.1065 4.1714 -33.3648 4.7635 -33.3802 2.2099 -33.0018 -6.5559 -31.7666 -29.6093 -29.2446 -46.4228 -25.2849 -48.9859 -17.8939 -45.3039 29.1227 -40.5110 23.5233 -36.3065 -0.2862 -29.9559 -48.8892 -16.2312 -42.8811 27.6880 -36.2111 -19.2300 -26.5079 -46.8108 35.7151 -39.1308 11.4223 -36.8716 -7.4226 -32.7321 -44.4684 -31.7571 33.7227 -46.6284 -27.4296 18.8382 -41.4852 -24.4123 -11.0713 -34.9519 -12.5667 -47.9626 -31.3880 34.3485 -46.9860 -27.8806 17.3359 -41.1765 -24.7353 -9.1302
-22.9841 -41.4039 17.9779 -28.0094 -47.1818 34.6026 -31.4804 -47.7208 -13.3158 -35.2928 -8.0249 -24.6768 -41.5529 18.8621 -27.6076 -46.8206 34.0824 -31.1389 -48.2754 -10.6999 -36.5834 6.1450 -34.9709 13.6055 -39.7213 -15.8413 -48.0794 -31.2285 15.1416 -38.6053 25.6091 -46.1483 -22.4562 -48.2321 -29.3281 -11.7929 -33.0387 11.3453 -34.9884 21.1162 -37.7684 29.2274 -39.8309 34.1030 -41.0986 34.6509 -41.6897 34.0247 -41.7470 34.8031 -41.2477 34.0469 -40.0388 28.3136 -37.8975 19.2629 -35.7989 8.0559 -33.1510 -28.0941 -28.2334 -49.1318 -18.6749 -44.9696 35.4890 -38.7598 13.7981 -32.8784 -43.8995 -22.4905 -44.9941 32.9360 -37.2698 -9.4544 -27.1910 -46.9935 35.7289 -39.1114 10.6190 -37.0673 -6.1099 -29.8967 -47.6831 -31.2744 34.0837 -46.8210 -27.6076 18.8621 -41.5529 -24.6768 -8.0249 -35.2928 -13.3158 -47.7208 -31.4804 34.6026 -47.1818 -28.0094 17.9779 -41.4039 -22.9841
-41.9311 18.6263 -28.1368 -47.3714 34.7224 -31.5848 -47.4193 -14.0808 -35.5987 -5.4804 -24.9108 -41.6640 19.0485 -27.7843 -47.0255 34.4132 -31.2765 -48.0785 -11.7470 -36.7770 2.0247 -34.7255 11.2015 -39.5844 -17.8050 -45.0673 -33.1901 25.2995 -42.2862 -18.2941 -48.9040 -29.7486 2.1139 -34.7297 22.8240 -39.3801 34.4418 -42.8689 -6.7056 -46.0333 -18.7009 -48.4657 -22.3535 -49.3304 -24.2922 -49.1901 -25.1449 -49.0428 -24.9778 -49.2742 -23.7048 -49.0860 -20.8642 -47.4378 -12.6689 -44.5570 29.3421 -41.2316 28.2053 -37.5929 11.4370 -33.4370 -34.3465 -26.6973 -48.2333 -0.1918 -40.8689 22.2383 -35.1474 -30.4685 -25.3695 -46.1947 34.9206 -37.6053 -8.5657 -26.9112 -46.5653 34.8974 -38.8525 8.7310 -36.3721 -22.2946 -23.7483 -48.1112 -31.2550 34.4147 -47.0271 -27.7852 19.0485 -41.6640 -24.9108 -5.4804 -35.5987 -14.0808 -47.4193 -31.5848 34.7224 -47.3714 -28.1368 18.6263 -41.9311
19.3793 -28.1519 -47.5510 34.6900 -31.6951 -47.0532 -14.8306 -35.8769 -3.3843 -25.1128 -41.8119 19.3702 -27.9570 -47.2344 34.6532 -31.4335 -47.8242 -12.4661 -36.7022 2.1237 -33.9370 4.0602 -38.1927 -14.2742 -45.8071 -33.7262 30.4290 -44.9066 -24.7588 -32.4773 -33.8119 21.4625 -39.9092 16.8855 -46.1353 -21.3908 -49.2322 -27.4225 -36.8493 -31.2054 -4.7791 -33.1846 6.8987 -34.0675 11.1760 -34.5961 12.4613 -34.8313 11.0997 -34.6596 6.5873 -33.8273 -6.2510 -31.6147 -38.5500 -27.5576 -49.1197 -20.7072 -46.4016 19.9977 -41.2009 25.5408 -37.0888 2.5877 -30.5521 -48.5112 -17.6135 -43.4218 29.2186 -36.6198 -15.4522 -26.6992 -46.6401 35.1065 -37.3786 -15.2998 -25.6374 -45.5210 31.3952 -38.2499 2.9091 -32.7859 -44.2980 -14.4428 -47.8373 -31.4200 34.6523 -47.2379 -27.9587 19.3702 -41.8119 -25.1128 -3.3843 -35.8769 -14.8306 -47.0532 -31.6951 34.6900 -47.5510 -28.1519 19.3793
-27.1942 -47.7202 34.4848 -31.8070 -46.6188 -15.5497 -36.1336 -1.6158 -25.2866 -41.9878 19.7976 -28.1247 -47.4397 34.7514 -31.6999 -47.5580 -13.6058 -37.6115 7.9737 -34.0237 -14.2633 -36.8935 7.2446 -48.6523 -32.7982 29.3870 -45.5398 -26.7138 -5.0084 -36.4831 34.6264 -44.8654 -21.5363 -47.9765 -30.1524 -1.0151 -34.4792 17.1641 -37.3395 28.8976 -40.3423 34.9938 -42.0651 29.4372 -42.9441 22.7357 -43.1549 26.6917 -42.7145 34.6289 -41.4951 32.4268 -39.3855 22.2602 -37.0276 10.2678 -33.9518 -23.5850 -28.7530 -48.9931 -18.6133 -45.0663 35.5964 -38.9423 13.9121 -33.1241 -43.0886 -23.0295 -45.3088 33.9240 -37.3462 -7.9157 -27.0433 -46.4540 33.9702 -36.5957 -29.8161 -23.0366 -43.8403 25.3759 -37.5856 7.3312 -23.4288 -35.3166 -13.6206 -47.4542 -31.6164 34.7479 -47.4439 -28.1257 19.7977 -41.9878 -25.2866 -1.6158 -36.1336 -15.5497 -46.6188 -31.8070 34.4848 -47.7202 -27.1942
-47.6620 34.0504 -31.9185 -46.1088 -16.2292 -36.3695 -0.0875 -25.4363 -42.1832 20.3083 -28.2884 -47.6395 34.6592 -32.0282 -46.2086 -20.1950 -41.3448 24.7311 -36.8216 -9.0122 -36.3016 35.1420 -48.2903 -30.6758 22.5399 -44.2315 -26.3370 -0.4843 -37.4213 27.2929 -48.0418 -27.4709 -12.9694 -34.9453 21.6359 -39.8853 32.5859 -44.3215 -14.1065 -47.8631 -22.1219 -49.3071 -25.0708 -48.5555 -26.4244 -47.8449 -26.4197 -48.5759 -25.0607 -49.2327 -21.8618 -47.8707 -12.9246 -44.8412 31.2728 -41.2672 26.9249 -37.8997 9.8738 -33.1939 -38.2477 -26.1514 -47.9589 4.3022 -40.7772 22.2573 -35.2898 -27.0652 -26.0579 -46.6316 35.5108 -37.4888 -6.8456 -26.6065 -45.6180 30.3142 -35.1907 -42.9330 -18.1413 -41.5924 21.4714 -39.6433 -16.6923 5.0273 -37.2835 -14.7108 -46.9218 -31.8287 34.6588 -47.6419 -28.2888 20.3083 -42.1832 -25.4363 -0.0875 -36.3695 -16.2292 -46.1088 -31.9185 34.0504 -47.6620
25.6622 -31.6561 -45.5194 -16.8709 -36.5888 1.2453 -25.5642 -42.3908 20.8796 -28.4481 -47.8305 34.3474 -32.2151 -44.8926 -28.1340 -48.7241 -11.1091 -41.7314 18.3491 -37.1358 23.9924 -44.9260 -27.6125 11.9862 -41.1488 -23.3173 -11.6292 -37.2244 19.0318 -48.9070 -29.6398 8.5115 -37.7015 35.3535 -44.9760 -19.4786 -49.1970 -27.8592 -33.2954 -32.2457 0.4188 -34.4133 9.1637 -35.3111 11.7834 -35.6084 10.7316 -35.2577 5.6535 -34.0214 -11.1211 -31.2592 -42.5678 -26.6977 -49.0605 -17.8464 -45.5567 32.1960 -40.5619 22.2507 -36.5968 -1.7607 -30.1063 -48.7063 -17.5847 -43.5597 30.9650 -36.8757 -5.6466 -27.7152 -47.4875 34.7987 -37.1899 -12.0124 -25.2385 -44.0310 23.9083 -33.1859 -48.3959 -4.4910 -39.9471 24.7719 -43.4436 -25.7101 5.5438 -37.2506 -15.8038 -46.2347 -32.0272 34.3445 -47.8315 -28.4483 20.8796 -42.3908 -25.5642 1.2453 -36.5888 -16.8709 -45.5194 -31.6561 25.6622
-32.0997 -44.8442 -17.4732 -36.8008 2.4383 -25.6716 -42.6063 21.4917 -28.6024 -48.0077 33.7572 -32.2663 -44.7852 -27.5631 0.3996 -32.0429 -48.7316 7.2857 -40.0316 20.1098 -40.6475 -21.5199 -13.2612 -37.8475 -13.8829 -41.2873 -35.7480 32.1790 -48.8028 -30.1697 13.6442 -39.1575 3.8159 -48.4400 -27.3933 -25.0908 -33.9393 13.2000 -37.2327 26.2399 -40.3055 34.5208 -41.9991 34.8307 -42.5893 34.8677 -42.1606 34.8117 -40.7447 27.8613 -38.6142 17.3126 -36.4436 3.8838 -32.6522 -39.0210 -26.8731 -48.8104 -13.8115 -43.8554 34.5854 -38.4706 12.9803 -33.0505 -41.2336 -24.4289 -46.2939 35.0207 -37.5349 4.5735 -28.4734 -47.8942 34.5687 -36.4544 -26.7834 -22.2698 -41.6426 15.9314 -30.7402 -48.4541 33.5876 -39.4835 29.8406 -43.5114 -26.6311 3.7390 -36.9567 -16.8201 -45.4464 -32.1875 33.7506 -48.0080 -28.6024 21.4917 -42.6063 -25.6716 2.4383 -36.8008 -17.4732 -44.8442 -32.0997
-45.0643 -18.0348 -37.0100 3.5322 -25.7689 -42.8266 22.1326 -28.7509 -48.1677 32.8474 -32.3124 -44.5497 -19.5789 -16.2394 -38.2049 5.4083 -28.1152 -46.5349 33.8313 -39.6475 5.1874 -47.8309 -34.5673 34.4014 -49.1203 -32.6279 31.5451 -47.3162 -29.1838 13.0407 -39.8732 -11.9702 -48.7036 -30.7116 7.7089 -37.6441 30.6028 -42.1015 8.7312 -46.1351 -17.9144 -48.5754 -22.4505 -49.1616 -23.4120 -49.1144 -21.9257 -48.3244 -16.4954 -45.9714 10.9683 -42.8429 34.2693 -39.5614 19.6555 -36.6393 2.5093 -31.7511 -44.8696 -24.5907 -47.4181 5.6196 -40.9423 24.9296 -35.8933 -7.2073 -28.1294 -48.3714 11.6307 -37.9720 9.0265 -28.6666 -47.7368 35.2815 -35.0733 -43.0421 -15.3862 -39.0755 5.4217 -27.3871 -45.9139 32.5148 -40.4028 32.9564 -47.6198 -29.9143 4.0218 -36.8540 -17.6283 -44.6128 -32.3044 32.8451 -48.1677 -28.7509 22.1326 -42.8266 -25.7689 3.5322 -37.0100 -18.0348 -45.0643
-17.9622 -37.2175 4.5308 -25.8667 -43.0510 22.7944 -28.8964 -48.3106 31.6200 -32.3955 -43.7408 -18.2416 -35.9458 -47.2281 32.5365 -36.3164 -41.9453 -15.8448 -42.1453 36.0117 -47.1517 -30.3970 21.2389 -45.0027 -28.4000 16.5454 -43.3335 -26.2374 6.0892 -38.8887 -11.7080 -48.0576 -32.2645 16.0745 -39.7091 25.0876 -46.8779 -22.6154 -48.1271 -29.0701 -30.3639 -32.4534 -6.9565 -33.7687 -3.0865 -33.5174 -13.1961 -31.6871 -38.2452 -28.1213 -48.6902 -22.3158 -47.3338 -3.8640 -43.1398 34.7273 -39.2200 18.2063 -35.5976 -5.0492 -30.0169 -48.3872 -20.8943 -45.2091 35.0961 -37.8747 10.6560 -30.3845 -48.9016 -9.7613 -38.5752 9.8969 -28.1879 -46.6156 30.9284 -32.8315 -48.9934 20.6594 -36.9334 -27.6433 -21.2087 -42.5303 34.5988 -44.9230 -21.8331 -44.7966 -33.8240 4.3430 -37.0026 -18.2484 -43.7538 -32.3937 31.6200 -48.3106 -28.8964 22.7944 -43.0510 -25.8667 4.5308 -37.2175 -17.9622
-38.1957 5.4503 -25.9665 -43.2787 23.4753 -29.0382 -48.4385 30.0634 -32.4682 -42.8478 -18.7646 -37.3084 4.7328 -23.0323 -41.4920 11.9010 -30.2151 -47.7211 32.1202 -43.3225 -24.1769 1.2522 -39.7026 -20.3580 -10.8972 -38.6077 -18.0893 -27.4414 -36.9664 7.5596 -48.7802 -32.2658 19.3373 -41.1720 -11.1032 -49.0062 -28.9241 -14.2388 -34.8113 13.1902 -37.5346 22.3658 -38.9714 26.5205 -39.3616 25.1320 -38.2453 18.9151 -36.8239 9.0523 -34.1044 -19.4399 -29.8103 -47.6463 -23.7358 -47.6952 -8.1306 -43.0279 34.5428 -38.5704 16.3435 -34.2390 -20.2745 -27.7328 -48.7451 -8.4923 -40.3199 19.5461 -32.0515 -47.9510 -13.0865 -38.2779 6.1355 -26.6697 -43.9998 20.3786 -29.8612 -47.2468 31.3324 -34.0913 -48.2350 -2.7029 -41.7767 -8.2781 -48.0037 -32.8318 -3.7222 -33.9823 4.2267 -37.2500 -18.7695 -42.8459 -32.4700 30.0634 -48.4385 -29.0382 23.4753 -43.2787 -25.9665 5.4503 -38.1957
5.7124 -26.0691 -43.5075 24.1735 -29.1773 -48.5495 28.1456 -32.5399 -41.8733 -19.2392 -37.4758 4.8711 -28.2955 -45.6470 34.4397 -37.4547 -30.1401 -21.2705 -43.4296 -10.9106 -46.0602 -35.3725 30.9978 -49.1178 -34.0268 33.9240 -49.2399 -33.6245 34.6980 -48.3005 -30.6417 17.3393 -41.4919 -17.0858 -47.5839 -31.8553 10.2881 -38.1782 30.7244 -42.0971 24.2593 -44.7294 -7.2895 -45.8194 -10.3115 -45.2985 1.8957 -43.5525 34.4290 -40.9512 27.4781 -37.5166 13.9278 -34.8510 -5.5413 -30.8312 -45.3215 -24.9391 -48.2142 -11.6590 -42.9715 33.8711 -37.5396 11.8711 -31.7719 -46.1220 -20.8716 -43.0022 24.8783 -32.6527 -48.1026 -6.9481 -37.1722 -11.1103 -22.3350 -39.9187 6.7201 -25.3190 -42.6091 15.7915 -30.0298 -47.1292 21.4790 -46.5858 -28.7462 3.6999 -37.9793 29.8915 -29.3918 5.4790 -37.4572 -19.2503 -41.8712 -32.5417 28.1456 -48.5495 -29.1773 24.1735 -43.5075 -26.0691 5.7124
-24.4538 -43.7365 24.8821 -29.3159 -48.6430 25.8639 -32.6123 -40.7901 -19.6880 -37.6615 5.4618 -32.3568 -48.4657 -18.3964 -43.5833 21.3109 -33.1467 -48.6891 -5.3239 -47.3109 -30.8591 20.8123 -44.8333 -28.4260 17.6915 -44.3653 -28.3102 17.6662 -44.0864 -27.1810 9.5698 -39.8603 -15.9675 -46.2839 -33.2914 18.4163 -40.2672 21.2639 -46.8219 -21.6223 -48.9943 -26.9852 -44.7232 -28.8514 -42.7713 -28.2800 -46.9652 -25.4796 -49.0819 -19.6326 -46.0231 6.0364 -42.0820 34.0831 -38.9641 20.6083 -35.4022 5.5441 -31.7903 -41.2974 -25.6218 -48.1527 -6.0678 -41.3051 24.8857 -34.8884 -30.4757 -24.1664 -43.9035 24.4014 -31.7874 -49.0561 28.7072 -35.1090 -45.1722 -5.6362 -36.0306 -38.2407 -13.7075 -38.4717 -7.2682 -23.7730 -44.1705 -16.5877 -40.2225 -36.4015 20.7474 -28.4744 -43.2371 -26.0436 6.4364 -37.6512 -19.6956 -40.7902 -32.6123 25.8639 -48.6430 -29.3159 24.8821 -43.7365 -24.4538
-44.0483 25.5968 -29.4512 -48.7201 23.2207 -32.6826 -39.5735 -20.1188 -37.8587 6.6554 -33.1285 2.6012 -32.8408 -47.1751 -8.1792 -39.6908 -2.6554 -23.8693 -45.3621 -24.2261 -2.6002 -39.3450 -17.7608 -22.7630 -38.1279 -17.3888 -18.9520 -38.4734 -18.2335 -23.1542 -37.3664 -1.2229 -48.2355 -33.0897 21.7236 -41.9710 -13.8806 -49.0198 -28.9941 -17.5436 -34.1859 9.2787 -36.0984 14.6083 -36.3324 13.6018 -35.4599 6.6649 -33.3334 -19.6831 -29.5833 -47.0429 -24.5237 -48.5898 -17.2928 -44.9367 23.3981 -40.6720 26.4571 -36.3692 6.4185 -31.3875 -46.3273 -22.0074 -45.1100 33.4227 -36.5376 -22.0451 -23.7306 -42.6689 17.9644 -29.5661 -47.0907 29.2920 -31.4966 -48.1987 32.4653 -32.2622 -48.7325 34.9590 -34.9057 -47.5560 -13.6268 -46.6323 -29.4436 15.1079 -43.6996 -27.9187 25.3604 -43.6361 -26.1473 7.1835 -37.8569 -20.1187 -39.5735 -32.6826 23.2207 -48.7201 -29.4512 25.5968 -44.0483
26.2832 -29.3988 -48.7763 20.2020 -32.7521 -38.2190 -20.5278 -38.0705 7.9590 -29.1530 -44.3157 -41.9193 16.7596 -30.8382 -47.5528 29.1122 -33.1774 -48.5533 -16.5205 -47.6326 -35.0174 35.1673 -48.9380 -33.0114 33.6423 -48.8927 -33.0451 34.9573 -49.2521 -33.5947 34.8144 -48.4579 -31.1167 19.0235 -42.2179 -18.8230 -46.4406 -32.3519 11.0820 -38.1939 29.4400 -41.5481 34.2691 -43.1995 28.3812 -42.9548 34.6394 -41.2006 30.9713 -38.2442 19.6363 -34.7622 8.4042 -32.6586 -18.3819 -29.1242 -48.1853 -22.6684 -46.5234 24.8878 -40.1471 20.2630 -35.1893 -25.4617 -26.1374 -46.7151 34.6946 -36.2860 -35.8125 -19.0582 -39.6536 6.1977 -25.2998 -42.1373 12.2248 -26.2121 -42.4290 12.2063 -26.3314 -43.1868 16.2964 -29.9106 -47.3084 -18.7776 -42.6127 -36.2005 35.1334 -48.8968 -31.0751 24.7714 -43.8477 -26.2671 7.9446 -38.0701 -20.5278 -38.2190 -32.7521 20.2020 -48.7763 -29.3988 26.2832
-28.8417 -48.8105 16.9028 -32.8191 -36.7018 -20.9205 -38.2890 8.7108 -26.3845 -44.1170 26.0334 31.0769 -39.7088 -22.1233 -16.1743 -38.6523 -20.2577 -21.4533 -47.0923 -29.6450 15.4306 -42.8181 -25.5628 9.6766 -41.8192 -25.2723 11.9656 -42.8420 -27.0685 15.7242 -43.7229 -26.9951 9.9438 -40.2260 -16.9109 -45.0657 -33.8479 19.2939 -40.6266 21.9821 -46.7100 -20.2966 -49.1802 -24.7673 -48.9556 -24.7828 -49.2345 -22.1228 -47.9426 -15.8952 -44.8134 8.4870 -41.8364 34.6466 -38.9735 22.0646 -35.0164 -1.9255 -29.4696 -49.0690 -14.3271 -43.2057 28.8970 -37.3668 -11.0090 -26.5697 -46.1240 30.2678 -34.1428 -48.1613 7.0261 -36.3310 -37.5177 -13.2968 -37.0035 -34.3418 -12.6293 -36.5839 -38.0544 -11.7635 -37.9797 -17.7993 -23.4293 -47.8138 -30.0284 14.1563 -42.0488 -19.1091 -44.3364 -34.7499 25.8710 -44.0511 -26.3842 8.7012 -38.2890 -20.9205 -36.7018 -32.8191 16.9028 -48.8105 -28.8417
-48.6203 13.3341 -32.8817 -35.0079 -21.3007 -38.5095 9.4524 -26.5009 -44.4330 26.9470 -28.8825 -46.3851 20.0763 -28.6300 -45.1220 19.0849 -28.7073 -46.4347 -22.0317 -22.4560 -37.5524 -3.0206 -44.9816 -35.4166 8.4076 -45.4137 -35.5959 -8.7861 -35.7367 -37.3612 -15.6122 -29.2834 -37.1955 2.6001 -48.3065 -33.2873 21.0951 -41.9961 -11.7371 -49.0040 -28.6357 -25.4038 -33.5965 3.3792 -34.9348 5.1338 -34.2009 -1.7323 -32.3484 -23.5590 -29.6528 -43.8410 -26.2460 -49.3410 -21.2093 -46.2750 28.9889 -38.7108 12.5970 -32.2669 -46.7782 -19.7883 -44.7957 31.1701 -37.5115 -21.6280 -23.5955 -43.3769 19.0894 -30.5861 -47.5067 31.0025 -32.4584 -48.6873 33.4109 -32.1933 -48.1981 30.5149 -31.7576 -47.8375 31.2738 -33.7935 -48.6926 -22.7668 -36.6481 -37.3976 31.8400 -48.9873 -31.3696 -0.2029 -37.4798 26.6450 -44.3705 -26.5010 9.4497 -38.5095 -21.3007 -35.0079 -32.8817 13.3341 -48.6203
-1.3205 -32.6305 -33.1395 -21.6686 -38.7315 10.1741 -26.6145 -44.6748 27.8080 -30.0118 -49.1738 33.3775 -32.3044 -49.2240 33.2548 -33.2787 -48.7557 -13.4896 -48.7545 -33.5297 27.8313 -46.4202 -30.2283 21.0852 -45.1999 -29.7518 23.7501 -46.6727 -31.4851 31.4172 -48.6544 -32.8789 32.6475 -47.8977 -30.7304 16.0544 -41.3879 -14.1071 -48.1747 -31.6672 6.5101 -38.0835 23.5749 -40.2251 31.4343 -40.7925 31.9680 -40.0755 29.8937 -38.6530 25.2646 -36.5444 18.1552 -33.7172 3.7774 -29.7682 -49.1154 -3.3962 -39.9796 14.8313 -33.3719 -45.6238 -19.5761 -44.3350 26.9443 -35.6453 -44.0241 -13.9059 -39.8566 2.8553 -24.4720 -41.9313 11.4350 -25.9937 -42.2242 10.4729 -24.5692 -41.0931 5.6394 -23.4319 -41.4145 8.8874 -27.6464 -48.4308 -30.1307 17.5849 -44.1577 -24.2744 -18.2824 -37.5642 12.6999 -36.7427 27.0869 -44.6825 -26.6144 10.1741 -38.7315 -21.6686 -33.1395 -32.6305 -1.3205
-33.8537 -31.0974 -22.0218 -38.9551 10.8784 -26.7272 -44.9069 28.5809 -30.0617 -48.7583 5.3124 -32.7644 -42.9493 -13.7251 -36.5024 -29.2956 -18.6133 -44.4981 -26.6759 6.8337 -40.7585 -19.8862 -16.2701 -38.5806 -16.9205 -19.1201 -38.9311 -20.4677 1.4896 -41.0736 -24.5219 10.6275 -42.1728 -24.9347 3.0144 -39.5567 -1.3489 -48.6600 -32.0402 11.1624 -40.0658 35.1989 -44.4107 -7.1543 -46.9336 -17.3329 -47.8311 -20.0822 -48.2586 -19.9911 -47.7552 -17.6598 -45.7568 -4.1452 -40.4953 17.4155 -31.3657 -48.8911 13.7929 -40.2360 11.8440 -32.8496 -47.8929 -13.4875 -42.3866 17.3059 -32.0845 -48.8831 34.9649 -35.9940 -45.4043 -2.0746 -36.3417 -40.3729 -6.8274 -35.4735 -46.0067 14.6815 -34.5077 -48.4229 25.0240 -35.8184 -43.8018 -23.9514 -43.1179 -36.3993 26.7790 -49.0192 -34.0855 14.9453 -39.7422 5.6405 -33.5666 28.2518 -44.9100 -26.7272 10.8784 -38.9551 -22.0218 -31.0974 -33.8537
-31.5828 -22.3510 -39.1772 11.5694 -26.8392 -45.1332 29.3202 -30.1676 -48.7515 4.6656 -32.5413 -34.2043 -20.4806 -38.4781 4.8102 -24.5207 -42.1611 -12.8684 -43.9694 -36.1000 35.1687 -49.0447 -33.3353 31.3569 -48.1770 -32.5606 33.2893 -49.1389 -33.4550 27.4588 -47.4779 -35.2122 0.4457 -44.9302 -36.2942 35.5727 -48.2185 -30.1260 7.8808 -40.1438 35.6274 -46.8241 -22.2594 -47.4406 -29.2613 -33.6621 -31.7989 -3.2237 -32.4738 4.5891 -32.0492 1.3838 -30.9490 -30.4810 -20.5606 -41.3588 9.7424 -28.5964 -47.5492 35.8262 -39.4980 4.0463 -30.3180 -48.7603 24.6661 -39.8269 1.3752 -25.8124 -44.1796 19.7629 -30.6564 -46.7990 27.1385 -31.4323 -46.8981 25.0134 -29.8363 -44.9885 18.7723 -28.2948 -44.3251 18.8263 -30.5137 -48.4013 -27.5479 11.0241 -42.4739 -23.5226 -3.7757 -39.0074 -7.2001 -37.9021 -48.5022 -30.2764 29.3188 -45.1332 -26.8392 11.5694 -39.1772 -22.3510 -31.5828
-21.0608 -39.3971 12.2402 -26.9518 -45.3537 30.0351 -30.2863 -48.7425 2.0587 -32.8392 -29.9687 -22.0561 -39.4320 11.4388 -26.3270 -43.2362 35.8022 -47.3759 -30.6345 16.9757 -43.1077 -25.0952 5.9314 -41.0616 -22.5092 3.6799 -41.2242 -24.3381 12.0312 -43.2511 -28.4288 21.7689 -45.9722 -30.4652 19.8190 -44.0955 -24.7144 -10.7971 -38.6746 34.4759 -46.4015 -23.7910 -37.5112 -34.2253 11.5257 -36.4898 28.2562 -40.5313 29.2637 -42.4619 17.0752 -42.1486 32.8544 -37.6717 -48.1657 28.7324 -36.8936 -31.0951 -23.2822 -44.3062 26.4404 -37.3451 -26.1914 -24.4011 -45.6855 29.5480 -35.9664 -45.6416 -7.8699 -38.9214 -9.2309 -21.1447 -40.5618 1.0806 -21.5789 -39.5606 -12.3250 -17.2400 -37.5824 -33.4366 -12.6133 -37.8107 -24.7807 -23.8900 -48.7449 -33.6460 33.1623 -48.3318 -31.9452 24.2609 -46.4103 -29.9623 -4.4477 -48.7442 -30.2890 30.0351 -45.3537 -26.9518 12.2402 -39.3971 -21.0608
-40.1282 12.8926 -27.0658 -45.5719 30.7221 -30.4111 -48.7598 -0.5002 -33.0838 -27.1693 -22.5884 -39.6624 13.2497 -26.6655 -44.4426 31.6075 -41.8671 -21.1952 -18.7857 -37.8777 5.2791 -47.4458 -35.2244 34.3961 -49.2530 -34.0405 32.1962 -48.6777 -34.5569 -5.5192 -34.6461 -38.0277 -18.4201 -13.9317 -38.8299 -6.6971 -46.7430 -35.2717 23.7754 -43.8778 -18.5764 -44.1505 -34.7697 26.0099 -42.9654 0.7233 -48.3646 -30.0188 -44.5765 -34.8770 -31.3011 -34.3506 -47.1841 -29.8793 -14.4900 -45.3287 20.5604 -38.0918 -46.1476 -5.0123 -40.8989 12.6033 -33.1669 -48.4004 -6.3340 -41.3714 11.2554 -29.5008 -46.8988 30.3143 -34.1175 -49.2440 34.6705 -34.3944 -49.3209 34.8943 -32.8357 -48.3377 29.6132 -31.5920 -47.0822 27.4204 -32.7351 -48.6418 -24.2785 -17.8281 -37.8507 -11.0360 -41.7157 -35.6659 -2.9183 -37.3749 -32.6287 -0.6971 -48.7598 -30.4111 30.7221 -45.5719 -27.0658 12.8926 -40.1282
13.4349 -27.1265 -45.7885 31.3858 -30.5404 -48.7530 -2.8470 -33.4186 -24.3615 -22.9582 -39.7354 13.2308 -27.2623 -44.9611 30.1354 -38.4880 32.3335 -49.1354 -33.5612 25.8226 -45.5211 -28.5858 14.1066 -42.8143 -25.6135 11.2413 -42.6293 -26.8079 17.6933 -45.0352 -30.6820 29.5626 -48.4877 -33.2891 30.1645 -46.9945 -29.5153 9.5797 -40.7821 12.5427 -48.8494 -31.4608 12.1763 -43.6800 -0.5386 -47.7543 -33.3295 -12.7308 -40.0176 14.5472 -41.3965 11.9718 -40.0138 11.6995 -43.6528 24.0032 -40.7779 -27.8513 -30.8454 -45.0581 29.3988 -37.6461 -21.3074 -25.4051 -46.0960 32.7108 -37.1567 -37.4401 -17.3424 -41.1555 7.3217 -25.7176 -43.0248 13.3306 -26.1456 -42.1844 8.2128 -22.9262 -40.3541 -3.1914 -20.3345 -39.9415 -2.4193 -25.4041 -48.5108 -31.8971 17.3477 -42.4101 -24.8482 2.0412 -38.6418 -22.2415 -25.2671 -33.4085 -2.8407 -48.7530 -30.5404 31.3858 -45.7885 -27.1265 13.4349
