18.5563 -31.3853 -46.2587 -17.1914 -37.8442 3.8148 -24.2012 -43.6383 24.9604 -28.5217 -48.4911 3.4340 -33.3884 -35.3429 -20.5586 -39.7499 12.1153 -25.5753 -45.7350 30.8333 -30.2411 -48.6939 -12.2005 -35.9957 -10.7210 -22.8571 -41.7865 18.9091 -27.0901 -47.5614 26.7672 -31.9794 -45.5321 -17.6966 -38.0727 5.0782 -24.3625 -43.9016 25.8133 -28.7309 -48.5723 0.2109 -33.6689 -32.9670 -20.8896 -39.9959 12.9786 -25.7565 -46.0091 31.1966 -34.7033 31.1966 -46.0091 -25.7565 12.9786 -39.9959 -20.8896 -32.9670 -33.6689 0.2109 -48.5723 -28.7309 25.8133 -43.9016 -24.3625 5.0782 -38.0727 -17.6966 -45.5321 -31.9794 26.7672 -47.5614 -27.0901 18.9091 -41.7865 -22.8571 -10.7210 -35.9957 -12.2005 -48.6939 -30.2411 30.8333 -45.7350 -25.5753 12.1153 -39.7499 -20.5586 -35.3429 -33.3884 3.4340 -48.4911 -28.5217 24.9604 -43.6383 -24.2012 3.8148 -37.8442 -17.1914 -46.2587 -31.3853 18.5563
-31.3853 -45.7914 -17.0432 -36.8411 3.6732 -25.8835 -43.2853 24.1932 -29.1608 -48.7229 19.8534 -32.3268 -34.8985 -21.6829 -38.9731 11.6241 -26.9149 -45.5863 31.4215 -30.4190 -48.6490 -8.4725 -34.6693 -10.4556 -24.5925 -41.2430 18.1675 -28.0735 -47.6072 34.3401 -31.5786 -45.3310 -17.6400 -37.0783 4.8402 -26.0012 -43.5746 25.0903 -29.3176 -48.7885 15.6927 -32.5022 -32.4941 -22.1248 -39.2489 12.4541 -27.0522 -45.8567 32.2696 -31.4259 -39.8438 -31.4259 32.2696 -45.8567 -27.0522 12.4541 -39.2489 -22.1248 -32.4941 -32.5022 15.6927 -48.7885 -29.3176 25.0903 -43.5746 -26.0012 4.8402 -37.0783 -17.6400 -45.3310 -31.5786 34.3401 -47.6072 -28.0735 18.1675 -41.2430 -24.5925 -10.4556 -34.6693 -8.4725 -48.6490 -30.4190 31.4215 -45.5863 -26.9149 11.6241 -38.9731 -21.6829 -34.8985 -32.3268 19.8534 -48.7229 -29.1608 24.1932 -43.2853 -25.8835 3.6732 -36.8411 -17.0432 -45.7914 -31.3853
-46.2587 -17.0432 -36.7620 2.9943 -25.7930 -43.0748 23.5087 -29.1995 -48.6506 22.9056 -32.7405 -36.6156 -21.3230 -38.7553 10.9529 -26.8456 -45.3677 30.7648 -30.5442 -48.7161 -6.8484 -34.3873 -12.8881 -24.3725 -41.0157 17.5214 -28.0551 -47.4328 34.6383 -31.8291 -45.9465 -17.0504 -36.8716 3.8786 -25.8963 -43.3454 24.3795 -29.3643 -48.7406 19.1236 -32.8354 -34.4219 -21.7852 -39.0297 11.7961 -26.9886 -45.6436 31.5952 -30.6654 -48.7052 -20.7471 -48.7052 -30.6654 31.5952 -45.6436 -26.9886 11.7961 -39.0297 -21.7852 -34.4219 -32.8354 19.1236 -48.7406 -29.3643 24.3795 -43.3454 -25.8963 3.8786 -36.8716 -17.0504 -45.9465 -31.8291 34.6383 -47.4328 -28.0551 17.5214 -41.0157 -24.3725 -12.8881 -34.3873 -6.8484 -48.7161 -30.5442 30.7648 -45.3677 -26.8456 10.9529 -38.7553 -21.3230 -36.6156 -32.7405 22.9056 -48.6506 -29.1995 23.5087 -43.0748 -25.7930 2.9943 -36.7620 -17.0432 -46.2587
-17.1914 -36.8411 2.9943 -25.7613 -42.9407 22.9804 -29.0882 -48.5644 25.4806 -32.6682 -38.1670 -20.9373 -38.5355 10.2580 -26.7344 -45.1474 30.0800 -30.4085 -48.7525 -4.9746 -34.1001 -15.4494 -24.1380 -40.7858 16.8697 -27.9326 -47.2515 34.7251 -31.7068 -46.4902 -16.4060 -36.6665 2.8466 -25.7978 -43.1165 23.6754 -29.2293 -48.6719 22.2157 -32.7680 -36.1778 -21.4211 -38.8084 11.1182 -26.8758 -45.4257 30.9436 -30.5770 -48.6963 -5.1359 -36.0289 -5.1359 -48.6963 -30.5816 30.9399 -45.4258 -26.8708 11.1245 -38.8081 -21.4211 -36.1778 -32.7680 22.2157 -48.6719 -29.2293 23.6754 -43.1165 -25.7978 2.8466 -36.6665 -16.4060 -46.4902 -31.7068 34.7251 -47.2515 -27.9326 16.8697 -40.7858 -24.1380 -15.4494 -34.1001 -4.9746 -48.7525 -30.4085 30.0800 -45.1474 -26.7344 10.2580 -38.5355 -20.9373 -38.1670 -32.6682 25.4806 -48.5644 -29.0882 22.9804 -42.9407 -25.7613 2.9943 -36.8411 -17.1914
-37.8442 3.6732 -25.7930 -42.9407 22.7835 -29.0226 -48.4897 27.3995 -32.6013 -39.4858 -20.5454 -38.3171 9.5374 -26.6252 -44.9265 29.3827 -30.2674 -48.7596 -2.7636 -33.8097 -18.0758 -23.8900 -40.5534 16.2116 -27.8121 -47.0653 34.6613 -31.5757 -46.9647 -15.7032 -36.4586 1.7323 -25.7012 -42.8880 22.9800 -29.0920 -48.5834 24.9886 -32.6966 -37.7640 -21.0416 -38.5852 10.4169 -26.7650 -45.2068 30.2651 -30.4367 -48.7476 -5.6459 -34.2000 6.7074 -34.1906 -5.7781 -48.7454 -30.5260 30.1042 -45.0826 -26.7364 10.4535 -38.5839 -21.0422 -37.7640 -32.6966 24.9886 -48.5834 -29.0920 22.9800 -42.8880 -25.7012 1.7323 -36.4586 -15.7032 -46.9647 -31.5757 34.6613 -47.0653 -27.8121 16.2116 -40.5534 -23.8900 -18.0758 -33.8097 -2.7636 -48.7596 -30.2674 29.3827 -44.9265 -26.6252 9.5374 -38.3171 -20.5454 -39.4858 -32.6013 27.3995 -48.4897 -29.0226 22.7835 -42.9407 -25.7930 3.6732 -37.8442
3.8148 -25.8835 -43.0748 22.9804 -29.0226 -48.4602 28.3989 -32.5503 -40.4677 -20.1864 -38.1117 8.8238 -26.5202 -44.7078 28.6853 -30.1247 -48.7527 -0.1881 -33.5188 -20.6800 -23.6313 -40.3215 15.5543 -27.6946 -46.8767 34.4729 -31.4430 -47.3690 -14.9427 -36.2397 0.5140 -25.5993 -42.6606 22.2953 -28.9534 -48.4795 27.3743 -32.6234 -39.1776 -20.6498 -38.3630 9.6975 -26.6573 -44.9909 29.6140 -30.3701 -48.7605 -3.4421 -33.8417 -20.1748 -29.4361 -20.6750 -33.7775 -4.9830 -49.3449 -29.0036 35.0141 -44.6064 -26.5974 9.7644 -38.3609 -20.6510 -39.1776 -32.6234 27.3743 -48.4795 -28.9534 22.2953 -42.6606 -25.5993 0.5140 -36.2397 -14.9427 -47.3690 -31.4430 34.4729 -46.8767 -27.6946 15.5543 -40.3215 -23.6313 -20.6800 -33.5188 -0.1881 -48.7527 -30.1247 28.6853 -44.7078 -26.5202 8.8238 -38.1117 -20.1864 -40.4677 -32.5503 28.3989 -48.4602 -29.0226 22.9804 -43.0748 -25.8835 3.8148
-24.2012 -43.2853 23.5087 -29.0882 -48.4897 28.3989 -32.5303 -41.0036 -19.9225 -37.9445 8.1705 -26.4264 -44.5009 28.0035 -29.9793 -48.7776 2.8290 -33.2605 -23.2000 -23.3627 -40.0871 14.8875 -27.5792 -46.6855 34.1828 -31.3112 -47.7093 -14.1157 -36.0043 -0.8524 -25.4822 -42.4377 21.6311 -28.8105 -48.3592 29.4080 -32.5545 -40.4287 -20.2466 -38.1379 8.9448 -26.5524 -44.7797 28.9745 -30.5448 -48.7625 -9.3268 -32.0344 -21.4163 -23.5117 -42.5835 -23.5457 -21.3031 -34.0997 34.2733 -40.7681 -43.1831 36.2496 -44.5695 -26.4841 8.9954 -38.1361 -20.2472 -40.4287 -32.5545 29.4080 -48.3592 -28.8105 21.6311 -42.4377 -25.4822 -0.8524 -36.0043 -14.1157 -47.7093 -31.3112 34.1828 -46.6855 -27.5792 14.8875 -40.0871 -23.3627 -23.2000 -33.2605 2.8290 -48.7776 -29.9793 28.0035 -44.5009 -26.4264 8.1705 -37.9445 -19.9225 -41.0036 -32.5303 28.3989 -48.4897 -29.0882 23.5087 -43.2853 -24.2012
-43.6383 24.1932 -29.1995 -48.5644 27.3995 -32.5503 -41.0036 -19.8226 -37.8500 7.6918 -26.3541 -44.3262 27.3960 -29.8352 -48.8179 6.2807 -33.1473 -25.5859 -23.0858 -39.8502 14.2096 -27.4651 -46.4905 33.8066 -31.1806 -47.9880 -13.2248 -35.7489 -2.4235 -25.3461 -42.2229 20.9966 -28.6610 -48.2206 31.1147 -32.4981 -41.5101 -19.8402 -37.9067 8.1371 -26.4527 -44.5690 28.3059 -30.7623 -48.2953 -23.3708 -21.8755 -49.5464 -19.4188 -40.3540 24.8558 -39.7146 -20.7496 -45.9164 -29.4871 -26.0399 -17.3684 -44.6951 36.1108 -44.4689 -26.4017 8.1487 -37.9053 -19.8401 -41.5101 -32.4981 31.1147 -48.2206 -28.6610 20.9966 -42.2229 -25.3461 -2.4235 -35.7489 -13.2248 -47.9880 -31.1806 33.8066 -46.4905 -27.4651 14.2096 -39.8502 -23.0858 -25.5859 -33.1473 6.2807 -48.8179 -29.8352 27.3960 -44.3262 -26.3541 7.6918 -37.8500 -19.8226 -41.0036 -32.5503 27.3995 -48.5644 -29.1995 24.1932 -43.6383
24.9604 -29.1608 -48.6506 25.4806 -32.6013 -40.4677 -19.9225 -37.8500 7.5179 -26.3142 -44.2069 26.9332 -29.7124 -48.8294 9.8247 -33.1587 -27.7571 -22.8049 -39.6110 13.5185 -27.3512 -46.2911 33.3567 -31.0559 -48.2114 -12.2678 -35.4713 -4.2461 -25.1911 -42.0214 20.4066 -28.4997 -48.0622 32.5088 -32.4625 -42.4299 -19.4375 -37.6653 7.2490 -26.3606 -44.3683 27.6686 -30.2629 -48.3424 -27.0941 -34.9859 -33.5234 24.3391 -37.3469 8.7550 -32.0389 10.6632 -38.1512 7.3649 -46.6287 -15.6947 -45.1307 35.1526 -40.9022 30.1837 -44.1297 -26.3498 7.2448 -37.6649 -19.4375 -42.4299 -32.4643 32.5088 -48.0622 -28.4997 20.4066 -42.0214 -25.1911 -4.2461 -35.4713 -12.2678 -48.2114 -31.0559 33.3567 -46.2911 -27.3512 13.5185 -39.6110 -22.8049 -27.7571 -33.1587 9.8247 -48.8294 -29.7124 26.9332 -44.2069 -26.3142 7.5179 -37.8500 -19.9225 -40.4677 -32.6013 25.4806 -48.6506 -29.1608 24.9604
-28.5217 -48.7229 22.9056 -32.6682 -39.4858 -20.1864 -37.9445 7.6918 -26.3142 -44.1637 26.6809 -29.6295 -48.8232 12.8937 -33.1764 -29.5736 -22.5396 -39.3755 12.8110 -27.2385 -46.0870 32.8355 -30.9465 -48.3838 -11.2598 -35.1584 -6.4514 -25.0140 -41.8430 19.8879 -28.3179 -47.8766 33.6130 -32.4749 -43.1710 -19.0596 -37.4052 6.2336 -26.2798 -44.1990 27.0870 -29.5562 -48.6778 -18.9665 -48.7271 -28.3621 -34.4856 -31.6678 -34.6760 -25.4779 -47.6431 -26.8730 -2.4319 -35.0699 25.2278 -40.1895 26.4289 -39.8242 13.1007 -35.8301 26.2328 -44.1949 -26.2832 6.2348 -37.4059 -19.0658 -43.1572 -32.4801 33.6130 -47.8766 -28.3179 19.8879 -41.8430 -25.0140 -6.4514 -35.1584 -11.2598 -48.3838 -30.9465 32.8355 -46.0870 -27.2385 12.8110 -39.3755 -22.5396 -29.5736 -33.1764 12.8937 -48.8232 -29.6295 26.6809 -44.1637 -26.3142 7.6918 -37.9445 -20.1864 -39.4858 -32.6682 22.9056 -48.7229 -28.5217
-48.4911 19.8534 -32.7405 -38.1670 -20.5454 -38.1117 8.1705 -26.3541 -44.2069 26.6809 -29.5996 -48.8137 14.9719 -33.1895 -30.9502 -22.3079 -39.1571 12.1237 -27.1312 -45.8820 32.2670 -30.8576 -48.5085 -10.2819 -34.7946 -9.2488 -24.8093 -41.7128 19.5107 -28.1042 -47.6531 34.4127 -32.5772 -43.6497 -18.7784 -37.1438 5.0870 -26.2154 -44.0837 26.6712 -29.3234 -48.6088 4.3226 -43.6254 -10.1978 -48.4678 -20.5022 -48.4694 -13.9858 -42.2296 35.5762 -43.2271 -22.3352 -45.5579 -30.9829 -2.2469 -34.2891 -4.7099 -32.0724 -40.8324 -31.3497 26.5516 -44.0880 -26.2227 5.0653 -37.1036 -18.5124 -43.6056 -32.5839 34.4128 -47.6531 -28.1042 19.5107 -41.7128 -24.8093 -9.2488 -34.7946 -10.2819 -48.5085 -30.8576 32.2670 -45.8820 -27.1312 12.1237 -39.1571 -22.3079 -30.9502 -33.1895 14.9719 -48.8137 -29.5996 26.6809 -44.2069 -26.3541 8.1705 -38.1117 -20.5454 -38.1670 -32.7405 19.8534 -48.4911
3.4340 -32.3268 -36.6156 -20.9373 -38.3171 8.8238 -26.4264 -44.3262 26.9332 -29.6295 -48.8137 15.7086 -33.1960 -31.8175 -22.1310 -38.9784 11.5243 -27.0337 -45.6876 31.6832 -30.7811 -48.5968 -9.3584 -34.3860 -12.7333 -24.5722 -41.6606 19.3717 -27.8489 -47.3787 34.8528 -32.8262 -43.7479 -18.6687 -36.8118 8.2180 -26.2679 -43.9360 26.2855 -29.1096 -48.7610 23.1825 -38.2820 28.3154 -42.1376 35.5846 -42.5648 33.8871 -38.6163 16.3725 -36.2847 19.6033 -39.3707 2.1762 -47.0173 -21.6173 -49.2535 -23.2158 -48.7564 -19.0831 -48.7864 -29.0155 26.9059 -44.1197 -24.9954 23.0706 -37.8654 -18.0729 -43.6911 -32.8310 34.8528 -47.3775 -27.8516 19.3685 -41.6606 -24.5722 -12.7333 -34.3860 -9.3584 -48.5968 -30.7811 31.6832 -45.6876 -27.0337 11.5243 -38.9784 -22.1310 -31.8175 -33.1960 15.7086 -48.8137 -29.6295 26.9332 -44.3262 -26.4264 8.8238 -38.3171 -20.9373 -36.6156 -32.3268 3.4340
-33.3884 -34.8985 -21.3230 -38.5355 9.5374 -26.5202 -44.5009 27.3960 -29.7124 -48.8232 14.9719 -33.1960 -32.1046 -22.0369 -38.8585 11.0652 -26.9542 -45.5165 31.1200 -30.7159 -48.6593 -8.4652 -33.9629 -16.6328 -24.3087 -41.7118 19.5653 -27.5641 -47.0619 34.8716 -33.2936 -43.2189 -18.8909 -36.5864 12.2904 -35.1802 -33.5059 14.6516 -29.0356 -48.8582 24.0869 -35.4547 7.7726 -36.7649 13.4995 -37.0396 12.0551 -34.6180 -7.7259 -31.5827 -38.0427 -32.6602 4.7056 -36.0558 26.5546 -40.7241 35.1796 -42.5156 35.4758 -40.6133 21.4950 -48.4398 -28.5606 11.1310 -34.6745 -40.8203 11.6538 -37.9210 -18.3522 -43.1723 -33.2412 34.8739 -47.0466 -27.5689 19.5547 -41.7111 -24.3087 -16.6328 -33.9629 -8.4652 -48.6593 -30.7159 31.1200 -45.5165 -26.9542 11.0652 -38.8585 -22.0369 -32.1046 -33.1960 14.9719 -48.8232 -29.7124 27.3960 -44.5009 -26.5202 9.5374 -38.5355 -21.3230 -34.8985 -33.3884
-35.3429 -21.6829 -38.7553 10.2580 -26.6252 -44.7078 28.0035 -29.8352 -48.8294 12.8937 -33.1895 -31.8175 -22.0369 -38.8135 10.8023 -26.9034 -45.3892 30.6467 -30.6635 -48.7010 -7.6395 -33.5647 -20.4152 -24.0506 -41.8794 20.1574 -27.2763 -46.7790 34.5939 -33.8838 -41.4708 -19.6410 -36.2536 11.1099 -39.4334 33.5081 -48.6961 -19.7553 -46.5551 34.2023 -33.8687 -22.0284 -30.7969 -38.7733 -30.3706 -39.6451 -28.0372 -48.5877 -23.5847 -48.2140 -24.1209 -46.8867 -32.9730 -11.3308 -35.7457 8.9083 -37.1077 14.3528 -37.5218 11.3101 -35.8407 34.5727 -47.0201 -24.2587 -46.5219 -23.4444 -44.6086 25.8303 -37.3353 -19.1772 -42.3088 -32.3402 35.5894 -46.6420 -27.2744 20.1452 -41.8787 -24.0506 -20.4152 -33.5647 -7.6395 -48.7010 -30.6635 30.6467 -45.3892 -26.9034 10.8023 -38.8135 -22.0369 -31.8175 -33.1895 12.8937 -48.8294 -29.8352 28.0035 -44.7078 -26.6252 10.2580 -38.7553 -21.6829 -35.3429
-20.5586 -38.9731 10.9529 -26.7344 -44.9265 28.6853 -29.9793 -48.8179 9.8247 -33.1764 -30.9502 -22.1310 -38.8585 10.8023 -26.8863 -45.3237 30.3388 -30.6233 -48.7256 -6.9098 -33.2294 -23.5869 -23.8335 -42.1499 21.1550 -27.0000 -46.5627 34.3678 -34.9416 -41.1692 -20.2656 -35.9002 2.5755 -35.1088 12.1449 -40.3410 33.0622 -40.8717 24.1695 -32.7893 -41.9554 -23.9769 -48.0494 -18.1848 -47.7189 -14.6034 -45.3761 13.6534 -42.8241 3.5042 -48.3398 -31.7243 8.5705 -36.4384 10.1118 -36.8451 10.3327 -37.3606 11.6214 -33.9162 -28.0471 -33.3541 27.0737 -41.6844 20.8000 -43.8178 29.6614 -38.2922 9.8477 -35.8601 -11.3679 -47.9307 -39.4643 36.0479 -46.3657 -26.9923 21.1502 -42.1499 -23.8335 -23.5869 -33.2294 -6.9098 -48.7256 -30.6233 30.3388 -45.3237 -26.8863 10.8023 -38.8585 -22.1310 -30.9502 -33.1764 9.8247 -48.8179 -29.9793 28.6853 -44.9265 -26.7344 10.9529 -38.9731 -20.5586
-39.7499 11.6241 -26.8456 -45.1474 29.3827 -30.1247 -48.7776 6.2807 -33.1587 -29.5736 -22.3079 -38.9784 11.0652 -26.9034 -45.3237 30.2359 -30.6028 -48.7378 -6.3256 -32.9838 -25.8509 -23.6767 -42.4739 22.4586 -26.7266 -46.4260 34.4086 -38.4679 20.0831 20.5903 -36.0415 -0.5012 -30.1180 -42.1462 -33.3011 3.6945 -35.2243 2.1015 -29.9893 -48.9608 -15.6942 -42.1968 35.6785 -41.8823 33.4601 -40.0888 25.2988 -38.5329 25.5808 -41.8605 -19.2825 11.6450 -42.6916 34.6479 -41.5300 32.9004 -40.4367 33.2306 -41.4259 -34.1841 -25.9923 -48.6676 -29.8995 5.5823 -34.7566 13.2276 -35.2932 -12.7602 -31.5593 -18.6307 -32.2743 -8.3814 -22.1661 -42.6817 35.9462 -46.3347 -26.7204 22.4584 -42.4739 -23.6767 -25.8509 -32.9837 -6.3256 -48.7378 -30.6028 30.2359 -45.3237 -26.9034 11.0652 -38.9784 -22.3079 -29.5736 -33.1587 6.2807 -48.7776 -30.1247 29.3827 -45.1474 -26.8456 11.6241 -39.7499
12.1153 -26.9149 -45.3677 30.0800 -30.2674 -48.7527 2.8290 -33.1473 -27.7571 -22.5396 -39.1571 11.5243 -26.9542 -45.3892 30.3388 -30.6028 -48.7415 -6.0056 -32.8373 -27.2617 -23.5800 -42.7602 23.6862 -26.4987 -46.3938 34.1612 -38.9041 28.4170 -46.0946 -19.6415 -46.3023 -23.7686 -47.0523 -19.8719 -49.0478 -25.7860 -48.8659 -22.5025 -46.6624 26.6046 -38.0964 19.3025 -38.3750 15.9584 -37.7970 11.5027 -36.9380 7.4178 -37.2281 16.9180 -38.0737 -25.4958 -27.9409 -49.2558 -21.2601 -47.5557 -15.0791 -47.4968 -24.3599 -13.9751 -40.0184 21.9673 -46.4113 -22.3508 -48.8336 -26.3599 -48.2560 -23.7886 -47.9996 -21.0192 -49.2160 -23.1598 -48.0320 34.6558 -38.9596 34.3787 -46.3696 -26.4923 23.6954 -42.7617 -23.5802 -27.2632 -32.8372 -6.0056 -48.7415 -30.6028 30.3388 -45.3892 -26.9542 11.5243 -39.1571 -22.5396 -27.7571 -33.1473 2.8290 -48.7527 -30.2674 30.0800 -45.3677 -26.9149 12.1153
-25.5753 -45.5863 30.7648 -30.4085 -48.7596 -0.1881 -33.2605 -25.5859 -22.8049 -39.3755 12.1237 -27.0337 -45.5165 30.6467 -30.6233 -48.7378 -6.0056 -32.7891 -27.9239 -23.5250 -42.9256 24.1753 -26.6325 -46.5446 34.1228 -36.9059 7.9096 -39.0066 28.4282 -42.4194 30.4230 -41.3322 34.6010 -42.5968 26.4453 -43.9526 28.3653 -41.5131 31.1634 -38.3322 18.1785 -38.3212 17.9037 -38.3345 18.0508 -38.0874 16.8346 -37.8785 15.7603 -38.0179 15.4691 -36.4331 3.0414 -33.5075 -19.7373 -30.6741 -43.2643 -28.1512 -46.7662 -32.6989 4.3811 -35.7283 24.3058 -40.4589 31.0375 -43.7944 18.3835 -43.4303 35.7413 -41.4773 33.8556 -43.5316 35.1995 -40.1513 16.5001 -38.2960 34.6779 -46.5034 -26.5602 24.2905 -42.9355 -23.5261 -27.9250 -32.7891 -6.0056 -48.7378 -30.6233 30.6467 -45.5165 -27.0337 12.1237 -39.3755 -22.8049 -25.5859 -33.2605 -0.1881 -48.7596 -30.4085 30.7648 -45.5863 -25.5753
-45.7350 31.4215 -30.5442 -48.7525 -2.7636 -33.5188 -23.2000 -23.0858 -39.6110 12.8110 -27.1312 -45.6876 31.1200 -30.6635 -48.7256 -6.3256 -32.8373 -27.9239 -23.5050 -42.9835 23.8738 -27.5432 -47.1170 35.1422 -36.7497 -8.2530 -34.1034 -5.0983 -36.0411 11.6435 -37.0660 14.9197 -38.6140 22.8300 -40.0302 30.0659 -40.1155 31.4480 -40.5071 33.5620 -41.7443 35.5986 -42.7124 33.5840 -43.1430 32.1673 -43.0778 34.0304 -42.5331 35.5467 -41.5046 32.3870 -39.9554 25.2861 -37.9781 16.9307 -36.2395 7.1240 -34.3589 -12.0688 -34.5856 -19.4965 -34.9648 5.4827 -36.3465 16.3510 -37.6060 17.5322 -37.5973 13.7680 -37.4292 17.5039 -38.7883 16.2846 -40.1746 24.6396 -38.8599 35.7215 -46.9568 -27.1413 24.2099 -42.9972 -23.5063 -27.9237 -32.8373 -6.3256 -48.7256 -30.6635 31.1200 -45.6876 -27.1312 12.8110 -39.6110 -23.0858 -23.2000 -33.5188 -2.7636 -48.7525 -30.5442 31.4215 -45.7350
30.8333 -30.4190 -48.7161 -4.9746 -33.8097 -20.6800 -23.3627 -39.8502 13.5185 -27.2385 -45.8820 31.6832 -30.7159 -48.7010 -6.9098 -32.9838 -27.2617 -23.5250 -42.9835 23.6226 -28.7035 -48.1046 31.7950 -36.8489 -8.6506 -31.9329 -42.5500 -32.8190 -21.0366 -35.7225 8.7609 -38.1593 21.7579 -40.0212 34.6409 -42.7350 21.9271 -45.1678 -11.4949 -47.3543 -19.2085 -48.6694 -22.2661 -49.0822 -23.4711 -49.1348 -23.4329 -49.0734 -22.2222 -48.6415 -19.4590 -47.4153 -13.3995 -45.3573 9.5132 -43.1114 35.4215 -40.7341 27.2852 -37.7604 15.1772 -36.2449 1.5694 -35.2244 -13.0748 -34.7210 -16.2011 -33.7590 -26.1032 -32.4719 -23.6203 -33.7458 3.9069 -36.2062 30.9606 -45.6422 34.9328 -39.0055 34.7595 -47.6867 -27.7634 24.0492 -42.9893 -23.5246 -27.2613 -32.9838 -6.9098 -48.7010 -30.7159 31.6832 -45.8820 -27.2385 13.5185 -39.8502 -23.3627 -20.6800 -33.8097 -4.9746 -48.7161 -30.4190 30.8333
-30.2411 -48.6490 -6.8484 -34.1001 -18.0758 -23.6313 -40.0871 14.2096 -27.3512 -46.0870 32.2670 -30.7811 -48.6593 -7.6395 -33.2294 -25.8509 -23.5800 -42.9256 23.8791 -28.6985 -48.5842 -6.3310 -30.1869 -27.3055 -30.5951 -45.5744 -31.7963 -16.7070 -36.0577 15.2244 -39.5335 33.2751 -42.9433 2.9645 -46.9589 -20.6296 -49.0294 -26.6438 -45.1660 -29.9177 -32.3890 -32.0791 -16.0919 -33.2500 -7.8967 -33.6159 -7.2943 -33.3084 -13.4383 -32.3190 -27.5290 -30.5618 -41.5088 -27.9924 -48.1476 -24.5510 -48.8497 -18.6358 -46.0343 3.9556 -42.5345 34.6900 -39.2914 20.2461 -36.6817 4.8226 -34.3966 -32.8946 -31.1450 -47.8936 -27.0007 -48.6438 -24.1543 -45.1275 15.4022 -29.2437 -48.8406 4.1827 -39.4948 28.3115 -48.0303 -27.7720 24.1420 -42.9207 -23.5788 -25.8501 -33.2294 -7.6395 -48.6593 -30.7811 32.2670 -46.0870 -27.3512 14.2096 -40.0871 -23.6313 -18.0758 -34.1001 -6.8484 -48.6490 -30.2411
-48.6939 -8.4725 -34.3873 -15.4494 -23.8900 -40.3215 14.8875 -27.4651 -46.2911 32.8355 -30.8576 -48.5968 -8.4652 -33.5647 -23.5869 -23.6767 -42.7602 24.1816 -27.5335 -48.0964 -4.3570 -22.2437 -46.9288 -28.3322 -46.4352 -32.0828 -1.1007 -37.5581 23.6778 -41.3149 25.2502 -46.6636 -20.7134 -48.6224 -28.7131 -32.5951 -33.1707 1.7906 -35.8809 12.1295 -37.4472 17.9836 -38.3489 21.8089 -38.6649 23.5604 -38.6601 23.1849 -38.2293 20.8401 -37.5389 16.8254 -36.4595 11.2125 -35.0189 1.8510 -32.8472 -26.8651 -29.3726 -47.1677 -24.5449 -48.4727 -15.1082 -44.3687 33.9387 -39.8960 21.8633 -36.2566 0.7012 -31.5845 -46.9648 -24.9389 -47.2087 23.7766 -38.0844 9.3464 -30.4470 -48.7994 -9.9954 -40.3906 27.4895 -47.6235 -27.1599 24.2264 -42.7551 -23.6762 -23.5869 -33.5647 -8.4652 -48.5968 -30.8576 32.8355 -46.2911 -27.4651 14.8875 -40.3215 -23.8900 -15.4494 -34.3873 -8.4725 -48.6939
-12.2005 -34.6693 -12.8881 -24.1380 -40.5534 15.5543 -27.5792 -46.4905 33.3567 -30.9465 -48.5085 -9.3584 -33.9629 -20.4152 -23.8335 -42.4739 23.6894 -26.6272 -47.1084 31.9192 -30.2165 -46.9114 -26.7851 -46.6149 -32.2903 5.5436 -38.7554 30.9382 -43.4099 -10.6234 -48.7181 -27.2656 -36.7380 -33.3313 6.1855 -37.2607 19.3555 -39.3466 30.5240 -41.5943 35.4745 -43.2575 23.7960 -44.1597 6.2795 -44.5307 0.2550 -44.4849 3.5244 -44.0760 17.2811 -43.2958 32.5713 -41.9809 34.4128 -40.1276 26.6070 -37.4636 16.7476 -35.2617 4.4538 -32.2697 -35.6682 -27.2823 -49.1652 -18.3994 -44.8428 34.5694 -39.2338 17.5874 -34.4875 -26.7990 -27.2708 -47.7761 13.4580 -39.3299 15.3120 -31.8645 -48.1591 -14.4898 -40.5804 33.6919 -46.8922 -26.5706 23.6825 -42.4739 -23.8335 -20.4152 -33.9629 -9.3584 -48.5085 -30.9465 33.3567 -46.4905 -27.5792 15.5543 -40.5534 -24.1380 -12.8881 -34.6693 -12.2005
-35.9957 -10.4556 -24.3725 -40.7858 16.2116 -27.6946 -46.6855 33.8066 -31.0559 -48.3838 -10.2819 -34.3860 -16.6328 -24.0506 -42.1499 22.4561 -26.4945 -46.5395 35.1315 -36.8555 -27.1566 -28.3861 -46.6074 -32.3863 8.0747 -39.3517 34.9694 -45.2534 -19.1540 -48.2569 -30.7769 -3.7465 -36.6302 18.5459 -39.6238 34.4774 -43.0101 6.6629 -46.2249 -17.6999 -48.6062 -23.3157 -49.0336 -25.7704 -47.9822 -26.9617 -47.0146 -27.2295 -47.2047 -26.6624 -48.3888 -25.2801 -49.1952 -23.0153 -48.6055 -18.9005 -46.4162 -7.4451 -43.5633 33.0150 -40.6344 27.4357 -36.6118 12.0911 -33.3527 -27.9664 -27.5731 -48.9747 -13.9447 -42.9730 31.2328 -37.4030 4.5165 -30.0853 -48.9287 -11.9476 -40.9710 19.4911 -32.6981 -47.6591 -13.9292 -39.9654 36.0073 -46.4272 -26.4898 22.4664 -42.1498 -24.0506 -16.6328 -34.3860 -10.2819 -48.3838 -31.0559 33.8066 -46.6855 -27.6946 16.2116 -40.7858 -24.3725 -10.4556 -35.9957
-10.7210 -24.5925 -41.0157 16.8697 -27.8121 -46.8767 34.1828 -31.1806 -48.2114 -11.2598 -34.7946 -12.7333 -24.3087 -41.8794 21.1504 -26.7227 -46.3706 34.1592 -36.8942 -8.0394 -30.7809 -46.1854 -32.3255 8.0609 -39.5325 35.8127 -46.2947 -22.6180 -44.7470 -32.8501 8.6708 -38.7307 29.6431 -42.2274 3.4921 -47.1834 -22.5023 -48.5234 -28.3803 -36.2197 -32.0474 -6.9024 -34.1173 5.0848 -35.0317 9.3757 -35.3658 10.8816 -35.2932 10.3118 -34.8767 7.6103 -34.1644 1.4668 -32.9069 -16.4991 -30.5940 -41.5772 -27.0011 -49.1902 -21.7930 -46.7809 -2.1923 -41.9081 31.5171 -37.0571 10.6701 -32.3395 -42.9247 -24.2749 -46.7606 31.7494 -38.9710 13.4778 -32.0828 -47.5545 -17.3015 -41.9118 20.6466 -32.5891 -48.3765 -6.8259 -39.3853 35.9453 -46.2856 -26.7203 21.1569 -41.8787 -24.3087 -12.7333 -34.7946 -11.2598 -48.2114 -31.1806 34.1828 -46.8767 -27.8121 16.8697 -41.0157 -24.5925 -10.7210
-22.8571 -41.2430 17.5214 -27.9326 -47.0653 34.4729 -31.3112 -47.9880 -12.2678 -35.1584 -9.2488 -24.5722 -41.7118 20.1534 -26.9979 -46.3688 34.7573 -37.5581 -2.3279 -32.6255 -44.4652 -32.3781 6.0326 -39.3423 35.8128 -46.6240 -24.0870 -39.8294 -34.2659 14.3470 -39.6983 35.6237 -45.5271 -20.2590 -48.5506 -29.4704 -16.5506 -34.2278 11.0965 -36.6589 21.5917 -38.9173 30.1740 -40.7002 34.8613 -41.7586 34.7222 -42.2291 33.6403 -42.1851 34.4904 -41.6573 34.8966 -40.6254 31.1882 -38.8546 23.6119 -36.2221 14.2369 -34.2398 -1.5979 -30.8152 -45.0317 -24.5236 -47.4780 2.6606 -40.7406 24.0663 -35.9756 -9.5859 -28.5014 -48.6342 -0.7301 -40.2915 18.3984 -33.3017 -45.8819 -18.2513 -41.7465 18.5786 -31.5127 -48.8969 20.0511 -40.2252 36.1010 -46.2909 -26.9975 20.1532 -41.7111 -24.5722 -9.2488 -35.1584 -12.2678 -47.9880 -31.3112 34.4729 -47.0653 -27.9326 17.5214 -41.2430 -22.8571
-41.7865 18.1675 -28.0551 -47.2515 34.6613 -31.4430 -47.7093 -13.2248 -35.4713 -6.4514 -24.8093 -41.6606 19.5635 -27.2767 -46.5268 35.0457 -40.2053 15.2742 -35.5356 -35.3293 -32.9122 4.2764 -38.9103 35.1115 -46.3045 -24.1101 -37.4200 -34.9954 17.6575 -40.1533 19.3955 -47.8258 -26.5057 -32.8902 -33.6282 13.8524 -37.7355 31.3368 -41.6384 20.1023 -44.8395 -14.3861 -47.4983 -20.8094 -48.9575 -23.2907 -49.2637 -24.4461 -49.1850 -24.6323 -49.2496 -23.9107 -49.2365 -22.1911 -48.4331 -18.7900 -46.2686 -8.0028 -43.3090 33.9077 -39.9741 23.9572 -35.6820 4.1043 -30.6590 -47.7909 -20.7020 -44.7631 34.5441 -38.2520 6.6741 -30.6528 -48.7257 -12.5055 -41.4946 20.4825 -33.5829 -46.4155 -15.9652 -40.4753 13.4929 -29.6371 -47.6353 31.8910 -42.3168 36.0731 -46.4503 -27.2741 19.5635 -41.6606 -24.8093 -6.4514 -35.4713 -13.2248 -47.7093 -31.4430 34.6613 -47.2515 -28.0551 18.1675 -41.7865
18.9091 -28.0735 -47.4328 34.7251 -31.5757 -47.3690 -14.1157 -35.7489 -4.2461 -25.0140 -41.7128 19.3717 -27.5648 -46.7827 34.5351 -38.9678 34.8634 -41.1326 9.3153 -34.6007 -0.0428 -38.7349 33.5177 -45.3858 -22.7521 -39.6202 -35.0132 18.8052 -40.5230 -2.0403 -48.7263 -29.3775 2.4332 -36.3637 30.5397 -42.0812 -8.6928 -47.6626 -23.5185 -48.1413 -28.5782 -31.6599 -31.7771 -3.5941 -33.3620 6.0000 -33.9435 9.5775 -34.1217 10.5218 -34.0222 9.2070 -33.6828 5.0036 -32.9412 -7.3544 -31.0675 -37.8022 -27.3626 -49.2167 -21.1335 -46.0433 23.9058 -39.8608 19.9894 -34.4350 -29.7755 -26.1819 -47.3289 31.6219 -39.2831 12.0154 -31.9109 -48.1793 -14.8658 -41.6731 19.5767 -32.8919 -48.2980 -6.6479 -38.9489 4.0016 -26.6756 -46.2563 23.9217 -38.2851 35.0224 -46.7566 -27.5622 19.3717 -41.7128 -25.0140 -4.2461 -35.7489 -14.1157 -47.3690 -31.5757 34.7251 -47.4328 -28.0735 18.9091
-27.0901 -47.6072 34.6383 -31.7068 -46.9647 -14.9427 -36.0043 -2.4235 -25.1911 -41.8430 19.5107 -27.8489 -47.0620 34.6005 -34.6489 27.6123 -47.9947 35.7961 -37.9432 -1.6160 -37.3299 35.3937 -44.9371 -20.2848 -44.3679 -34.3332 17.7214 -40.5251 -6.3468 -48.7636 -30.6771 12.7270 -38.4605 16.2702 -47.3312 -24.9471 -41.6508 -31.4082 5.6955 -34.4560 19.2115 -37.7079 29.5590 -40.2528 34.8301 -41.7215 30.5034 -42.4924 23.0555 -42.7286 22.7651 -42.4944 30.2208 -41.6994 34.7821 -40.0679 28.4238 -37.1238 16.4118 -34.3005 -5.3168 -29.5460 -48.9102 -18.7753 -43.7339 31.4056 -37.0579 -4.0207 -28.5515 -48.3989 17.8007 -39.7962 14.0502 -32.3387 -48.1629 -13.0504 -40.8342 15.8218 -31.3017 -48.8722 29.4269 -37.1584 -30.2694 -23.6044 -48.0347 -16.3790 -33.2728 34.5875 -47.0633 -27.8489 19.5107 -41.8430 -25.1911 -2.4235 -36.0043 -14.9427 -46.9647 -31.7068 34.6383 -47.6072 -27.0901
-47.5614 34.3401 -31.8291 -46.4902 -15.7032 -36.2397 -0.8524 -25.3461 -42.0214 19.8879 -28.1042 -47.3790 34.8711 -33.8852 -42.4009 29.1519 -25.1491 -44.8746 18.4004 -35.6704 17.4819 -48.8084 -22.5963 -47.3641 -33.1179 14.5668 -40.2321 -0.4243 -48.7560 -31.0656 16.8581 -40.4330 -16.5548 -48.6944 -30.2089 8.4435 -35.9277 30.2292 -41.0618 9.7017 -45.1656 -17.7689 -48.3905 -22.7191 -49.3235 -25.3703 -48.0536 -26.8481 -46.2647 -27.3694 -46.1192 -26.9539 -47.9001 -25.4635 -49.3313 -22.4841 -48.0189 -14.8594 -44.1442 34.2060 -39.1705 17.9561 -33.8490 -33.9621 -25.3247 -46.4801 35.5642 -38.3179 3.0849 -29.4654 -48.6071 12.6188 -40.0291 13.4857 -31.9038 -48.7082 -3.6563 -39.7030 9.1091 -28.8525 -46.9159 31.2050 -34.2608 -45.9417 -29.6779 28.6445 -42.1263 -33.9597 34.8718 -47.3787 -28.1042 19.8879 -42.0214 -25.3461 -0.8524 -36.2397 -15.7032 -46.4902 -31.8291 34.3401 -47.5614
26.7672 -31.5786 -45.9465 -16.4060 -36.4586 0.5140 -25.4822 -42.2229 20.4066 -28.3179 -47.6534 34.8529 -33.2807 -41.4046 -20.2485 -36.7139 -42.6786 4.6348 -36.5587 -24.3088 -27.9733 -28.7072 -36.2291 -32.9456 9.5339 -39.8503 21.8041 -48.6271 -30.4790 15.8388 -41.0193 -20.9965 -41.1615 -33.2532 24.6298 -41.0095 -10.7002 -48.2110 -24.9480 -44.1985 -30.1540 -6.6210 -32.6717 9.2539 -33.7115 15.5846 -35.2454 19.2996 -36.0683 20.6707 -36.1217 19.4195 -35.3235 15.2305 -34.0404 6.8604 -32.4938 -27.2351 -27.9338 -49.2226 -16.9782 -43.3979 31.0080 -36.7647 -6.8201 -27.6812 -47.5505 34.8366 -38.7227 3.7387 -29.5688 -48.5198 20.6200 -39.9293 10.3345 -30.6674 -48.6910 27.9336 -38.4833 -8.0831 -24.2032 -42.8252 16.4139 -32.4165 -32.4578 -36.9613 -20.6304 -41.3895 -33.2954 34.8528 -47.6531 -28.3179 20.4066 -42.2229 -25.4822 0.5140 -36.4586 -16.4060 -45.9465 -31.5786 26.7672
-31.9794 -45.3310 -17.0504 -36.6665 1.7323 -25.5993 -42.4377 20.9966 -28.4997 -47.8769 34.4147 -32.7829 -43.4589 -19.1582 -36.1513 1.3505 -25.5613 -42.3907 15.6004 -31.0861 -49.0379 31.9159 -36.3228 5.9522 -39.0401 35.6935 -47.6602 -29.0368 10.1281 -39.6586 -19.7511 -37.4053 -34.7150 34.4964 -45.7474 -24.5981 -38.0613 -31.9046 13.0057 -36.2018 29.1112 -40.3085 31.1599 -42.6666 -2.3856 -44.5810 -13.4984 -46.0557 -16.2626 -46.5268 -16.1069 -45.9656 -11.9292 -44.3178 14.8209 -41.7835 32.9038 -37.8117 14.6686 -33.3157 -36.6155 -25.1641 -46.5859 35.4933 -38.0398 -0.1670 -28.0948 -47.4863 35.6081 -38.6666 0.1727 -28.7831 -48.0648 33.0782 -39.3403 3.3465 -28.3341 -47.0935 33.5849 -35.9268 -44.1029 -12.0378 -38.7982 -4.6839 -32.8741 2.9193 -36.3520 -19.2243 -43.2256 -32.8255 34.4128 -47.8766 -28.4997 20.9966 -42.4377 -25.5993 1.7323 -36.6665 -17.0504 -45.3310 -31.9794
-45.5321 -17.6400 -36.8716 2.8466 -25.7012 -42.6606 21.6311 -28.6610 -48.0622 33.6165 -32.5313 -44.1590 -18.2903 -38.2550 12.9239 -33.0475 -48.9705 31.5385 -37.2064 -35.9387 -18.5994 -40.9179 13.7619 -38.2767 30.8600 -45.5301 -25.9188 -3.4202 -37.9603 -10.2003 -45.7312 -34.2399 35.1719 -47.6945 -28.0456 5.0728 -36.1281 34.6102 -43.4501 -16.3394 -48.6123 -24.2752 -47.6099 -28.1900 -33.6460 -30.4905 -13.6358 -31.6340 -5.1824 -32.0098 -7.2377 -31.5659 -24.5097 -29.5262 -45.7748 -25.0511 -48.4929 -11.1238 -42.4882 29.1008 -36.7275 -6.0686 -27.8902 -47.7577 34.5481 -38.1737 -3.6305 -27.0829 -46.5565 34.2414 -38.0345 -11.2523 -26.7094 -46.8130 34.7744 -37.9237 -19.6430 -23.7462 -43.7051 20.8311 -31.9177 -48.6717 35.2917 -35.8965 -27.1374 -35.4874 14.7553 -38.1613 -18.2847 -43.7379 -32.5794 33.6130 -48.0622 -28.6610 21.6311 -42.6606 -25.7012 2.8466 -36.8716 -17.6400 -45.5321
-17.6966 -37.0783 3.8786 -25.7978 -42.8880 22.2953 -28.8105 -48.2206 32.5113 -32.4551 -43.8934 -18.2485 -42.0228 33.9674 -39.4000 -1.1028 -25.7274 -44.0178 18.6937 -30.4787 -47.1414 31.7771 -38.6400 23.4371 -42.7708 -19.7606 -38.1976 -36.1979 33.9851 -49.0078 -31.9922 30.6759 -46.9864 -28.4779 12.5331 -38.9610 -10.1061 -49.0397 -27.8862 -13.6571 -32.6176 14.2260 -35.7123 25.2172 -38.5655 32.5429 -40.3235 34.4928 -41.0400 34.6404 -40.6776 32.4473 -38.8847 22.6623 -36.0648 7.7779 -32.0176 -43.8042 -23.5983 -46.1379 35.5380 -38.2442 1.7360 -28.3760 -47.5881 35.5643 -37.4294 -20.5838 -24.3023 -44.8089 28.2911 -36.6006 -33.4529 -22.7698 -44.5215 26.3192 -35.2776 -45.5464 -12.8697 -40.1378 5.9622 -26.2125 -43.7177 17.7713 -35.6488 9.7464 -40.4964 27.4681 -38.4315 -18.3007 -43.6403 -32.4761 32.5088 -48.2206 -28.8105 22.2953 -42.8880 -25.7978 3.8786 -37.0783 -17.6966
-38.0727 4.8402 -25.8963 -43.1165 22.9800 -28.9534 -48.3592 31.1147 -32.4599 -43.2156 -18.5602 -39.2477 -18.7296 -46.3899 32.4364 -36.1300 -46.5923 5.7207 -36.9295 -37.0604 -13.6288 -40.2962 22.3654 -40.9900 -4.3870 -48.5673 -33.2646 25.1838 -45.5968 -28.5392 17.0286 -43.5227 -26.7549 9.7468 -39.6410 -18.9639 -45.0569 -32.1290 19.1902 -39.0275 27.4089 -44.4284 -16.6502 -48.1284 -22.1868 -49.4127 -24.6029 -49.0405 -25.2402 -49.2055 -23.8667 -48.9920 -18.7539 -45.8978 24.2027 -40.7660 22.6143 -35.8433 -17.4137 -27.2223 -47.6029 34.3483 -38.4419 -0.1344 -27.4193 -46.2770 31.4972 -35.6795 -41.7026 -18.7925 -42.3876 20.3321 -34.3586 -46.5377 -14.7220 -41.7694 15.5758 -31.6362 -48.7388 34.7088 -36.6969 -40.6507 -12.8201 -38.6465 9.0365 -38.9347 31.4997 -44.0649 22.3970 -37.3842 -18.6941 -43.1750 -32.4625 31.1147 -48.3592 -28.9534 22.9800 -43.1165 -25.8963 4.8402 -38.0727
5.0782 -26.0012 -43.3454 23.6754 -29.0920 -48.4795 29.4080 -32.4981 -42.4340 -19.1220 -34.3125 -38.6434 -2.1679 -22.4641 -43.0202 12.7406 -27.0806 -44.0573 16.8277 -28.4262 -45.0104 31.9363 -40.8853 28.7499 -48.0188 -29.7677 10.8451 -40.8475 -21.6469 -6.7976 -38.8233 -20.0805 -12.8683 -37.6635 -16.0181 -42.3243 -34.1089 32.9113 -44.6887 -22.1529 -47.7440 -29.5706 -5.6181 -32.6517 10.6831 -33.9166 15.4990 -34.8168 14.9245 -35.0511 8.2744 -33.5712 -21.5040 -28.8711 -49.0476 -17.0035 -44.0448 31.5492 -37.7944 -3.5261 -28.1855 -47.7288 35.2073 -37.8099 -13.0414 -24.6696 -43.7676 22.1644 -33.0900 -48.5779 -2.4062 -40.4433 11.7004 -31.4843 -48.8757 23.1367 -39.4115 0.4142 -26.1547 -44.6703 22.3990 -31.9574 -48.2466 32.9924 -37.5238 19.9178 -43.5316 -3.7807 -22.9039 6.0122 -37.1444 -19.0588 -42.4299 -32.4981 29.4080 -48.4795 -29.0920 23.6754 -43.3454 -26.0012 5.0782
-24.3625 -43.5746 24.3795 -29.2293 -48.5834 27.3743 -32.5545 -41.5101 -19.4360 -37.4176 0.2454 31.3265 -34.8046 -49.2052 33.7008 -35.1467 -48.6641 28.6765 -34.9684 -48.0159 5.7274 -40.9941 32.3125 -46.8612 -26.0474 -13.9182 -37.6925 17.6563 -48.5222 -34.3145 30.3993 -48.9441 -33.9445 24.7972 -48.8491 -33.2354 34.6084 -47.3903 -27.6719 0.1345 -34.6577 27.3822 -40.4554 27.9188 -43.3179 -3.3006 -44.4311 -2.8752 -43.9662 29.7073 -41.6530 28.8315 -38.4079 10.2753 -32.8873 -43.7718 -22.6792 -45.7448 34.5581 -38.2655 -2.3363 -27.8674 -47.0482 34.7381 -36.2321 -37.8955 -18.9026 -40.3806 11.7553 -29.9683 -47.9432 35.3408 -38.9704 -3.1682 -27.0365 -46.3878 31.8376 -36.3105 -43.0602 -13.8191 -39.9721 2.1610 -24.1645 -41.9203 16.1310 -38.3425 18.9614 -48.2785 -39.7397 -26.0946 5.1045 -37.4052 -19.4375 -41.5101 -32.5545 27.3743 -48.5834 -29.2293 24.3795 -43.5746 -24.3625
-43.9016 25.0903 -29.3643 -48.6719 24.9886 -32.6234 -40.4287 -19.8402 -37.6655 6.2826 -26.1370 -41.4535 2.1132 -21.8047 -40.8281 2.5825 -22.3795 -40.5160 2.4695 -23.5851 -43.1524 12.6665 -47.1125 -24.2964 -39.9552 -35.5728 28.1377 -46.0528 -29.2671 19.1945 -44.9003 -29.0714 22.8910 -46.3574 -29.9056 25.7652 -46.2594 -28.2074 11.7752 -38.5164 1.2392 -47.6495 -24.0353 -47.2692 -28.4769 -37.5240 -29.5772 -42.0376 -27.2862 -49.1266 -19.6546 -46.1918 33.6094 -40.5153 17.4386 -34.8415 -36.7419 -24.3695 -46.1742 35.0836 -38.0036 -5.8385 -26.7927 -45.6285 29.1014 -33.7246 -48.2859 2.7819 -37.8461 -7.8635 -25.0345 -44.8990 27.4071 -36.2465 -40.9613 -18.5866 -42.5105 16.4765 -31.5429 -48.3931 35.2377 -35.4743 -47.7357 14.8261 -37.3060 16.2801 -43.0202 -23.7328 22.3778 -43.9312 -26.2151 6.2351 -37.6653 -19.8402 -40.4287 -32.6234 24.9886 -48.6719 -29.3643 25.0903 -43.9016
25.8133 -29.3176 -48.7406 22.2157 -32.6966 -39.1776 -20.2466 -37.9066 7.2503 -26.2758 -44.0262 20.7035 -28.5061 -45.9569 23.2907 -29.4338 -46.2439 23.9851 -30.2503 -47.3803 -13.7356 -48.3560 -26.7708 -38.6240 -34.3149 15.5208 -41.3545 -20.2793 -15.8505 -38.5669 -18.6918 -8.7611 -39.5533 -22.5824 6.7230 -41.1868 -25.1910 7.9059 -39.5146 -18.2582 -46.7063 -31.2042 10.1226 -35.3878 20.8180 -37.3880 19.6150 -37.0946 8.4489 -33.4309 -37.8306 -26.0547 -48.1212 14.0102 -41.0688 20.2964 -35.5362 -32.8832 -25.2981 -46.4028 35.3773 -37.3876 -13.8391 -24.9245 -43.4057 20.4387 -30.6587 -47.9671 34.6633 -35.4505 -44.9535 -14.3436 -41.5506 14.4890 -32.2237 -48.9808 24.7553 -39.0088 -6.6137 -23.9140 -42.9414 15.5272 -29.0070 -45.2508 21.4898 -36.3540 30.2711 -47.7188 -28.9185 26.2929 -44.0824 -26.2795 7.2503 -37.9066 -20.2466 -39.1776 -32.6966 22.2157 -48.7406 -29.3176 25.8133
-28.7309 -48.7885 19.1236 -32.7680 -37.7640 -20.6498 -38.1379 8.1370 -26.3603 -44.1980 26.5136 -29.3813 -48.5318 34.8836 -32.2824 -49.1665 30.7394 -33.6343 -47.8809 -22.1485 -48.6733 -30.0246 -12.8294 -35.7952 13.9832 -39.6404 25.4621 -49.0551 -33.5325 34.1299 -49.0628 -33.1550 31.0507 -48.3256 -34.7476 -9.7231 -34.6087 -36.8518 -14.6218 -42.3906 -34.0908 29.2776 -42.1878 -1.5405 -45.4674 -4.9301 -44.4496 35.6920 -40.7563 17.9999 -36.0597 -21.5551 -28.1440 -48.3563 0.8563 -41.3150 22.6201 -36.0416 -21.8379 -26.8029 -47.0012 35.4487 -36.4156 -29.3962 -21.4102 -40.3265 10.0273 -26.9840 -43.9563 19.7190 -31.5077 -48.6124 33.5568 -38.9308 -5.0419 -26.0622 -45.4199 27.4250 -34.8920 -48.2950 10.2560 -37.5027 -30.4161 -16.0180 -38.7867 0.3306 -35.1166 31.9657 -48.7415 -29.0745 26.6791 -44.1992 -26.3607 8.1356 -38.1379 -20.6498 -37.7640 -32.7680 19.1236 -48.7885 -28.7309
-48.5723 15.6927 -32.8354 -36.1778 -21.0416 -38.3630 8.9447 -26.4529 -44.3729 27.0974 -29.3414 -48.8351 26.2670 -33.3895 -44.4979 -12.5963 -36.0281 -25.8360 -27.0943 -47.3976 -32.0657 7.0514 -38.2005 23.1124 -40.4390 35.9632 -45.8257 -26.9947 10.1179 -41.9370 -25.3131 13.2440 -43.6066 -28.6321 24.7757 -47.5487 -31.7368 34.6180 -49.2979 -33.0730 34.7335 -47.2047 -25.1665 -42.2142 -29.1652 -45.6284 -24.2337 -47.9413 23.0581 -41.6753 20.4347 -36.8710 -13.4425 -29.2564 -48.6274 -12.1204 -42.6446 29.7013 -36.9012 -0.0044 -28.0536 -47.4261 35.1580 -34.8183 -44.5967 -12.3123 -37.2128 -20.0797 -19.5576 -39.3564 1.9421 -25.6456 -44.6280 25.4128 -35.3719 -46.1635 -12.0332 -40.9510 9.1493 -28.1067 -45.5280 24.8402 -32.3762 -48.1130 31.0712 -34.6356 -28.7768 -34.2100 23.7743 -48.7562 -29.3513 27.0583 -44.3710 -26.4531 8.9434 -38.3630 -21.0416 -36.1778 -32.8354 15.6927 -48.5723
0.2109 -32.5022 -34.4219 -21.4211 -38.5852 9.6988 -26.5529 -44.5789 27.6773 -29.5678 -48.5626 22.5153 -34.6653 -33.5817 -20.9517 -39.2543 7.9074 -30.7084 -46.6465 -32.8675 13.8736 -39.7122 35.3937 -43.7415 5.5577 -45.9903 -21.0330 -41.2473 -35.7535 13.0489 -45.9928 -35.6082 -12.2982 -23.0076 -39.1750 -22.7203 11.1128 -43.5333 -28.4941 23.6860 -46.5175 -28.5186 9.1483 -37.5956 13.0209 -35.3176 -30.4902 -25.8646 -47.7716 24.5621 -41.1617 23.1925 -37.4044 2.2613 -31.1703 -47.3640 -22.5883 -46.0422 27.0476 -38.1267 8.5382 -28.1175 -46.6355 30.8274 -32.3374 -49.1406 32.9830 -33.7833 -49.0207 29.3509 -35.4331 -44.8151 -11.6014 -40.5625 9.3961 -29.6945 -47.6596 35.0609 -36.8044 -40.7156 -14.2233 -39.7908 -1.9545 -22.3123 -40.9551 1.7120 -30.1101 -33.8461 -34.0274 21.6619 -48.8317 -29.5585 27.6200 -44.5646 -26.5518 9.6975 -38.5852 -21.4211 -34.4219 -32.5022 0.2109
-33.6689 -32.4941 -21.7852 -38.8084 10.4181 -26.6573 -44.7866 28.3063 -30.3108 -48.6889 1.6541 -38.1124 4.5533 -28.3058 -44.8475 26.1426 -34.7980 -43.0437 -32.7838 15.0780 -40.1975 15.1336 -47.6465 -22.7230 -48.7067 -26.2984 -47.5181 -32.4832 19.7476 -44.6345 -29.1592 22.9887 -46.8044 -31.7285 34.5017 -49.0833 -34.7801 -14.2976 -10.9288 -40.0063 -24.2307 10.4768 -41.5969 31.4065 -42.0431 13.8327 -34.8668 -42.4487 -23.9751 -47.1061 -3.6738 -42.9183 35.0267 -38.8717 18.1885 -34.4423 -8.3466 -29.0869 -48.9947 -14.0668 -38.5829 7.3405 -26.8012 -43.9844 19.8863 -29.0933 -45.8285 22.5831 -29.2617 -45.3359 21.4688 -30.9553 -47.8079 35.0037 -37.1545 -34.2957 -19.9779 -42.7039 15.6770 -30.8562 -47.6527 32.3451 -34.3385 -49.2675 34.8297 -34.2252 -48.4047 -28.1605 -11.2239 -36.0204 16.9961 -48.6647 -29.8129 28.2538 -44.7713 -26.6562 10.4168 -38.8084 -21.7852 -32.4941 -33.6689
-32.9670 -22.1248 -39.0297 11.1181 -26.7648 -44.9911 28.9897 -30.7523 -48.3356 -19.9431 -43.9152 28.1459 -35.7276 -46.6992 -4.1455 -38.9708 -2.4034 -33.5946 9.4340 -39.7651 -2.5783 -48.8701 -29.1496 -17.7480 -34.0137 -2.0701 -34.0461 0.3716 -38.3947 -13.5190 -29.0846 -38.2848 -19.8331 2.9833 -41.7109 -26.7117 21.9148 -47.4066 -31.9737 23.9088 -44.1151 -37.1284 -13.7971 -3.4952 12.4671 -41.6677 -1.4060 -37.1609 -42.8028 -32.9842 -47.6893 -29.2470 -49.3329 -19.1006 -45.5642 36.0272 -42.2290 21.1786 -38.4685 -45.5327 -12.6856 -37.2928 -8.0080 -22.6591 -39.6956 4.3647 -23.2070 -39.6930 -1.9355 -20.5573 -39.3180 -4.5369 -22.8633 -42.6551 16.6193 -32.1321 -48.8713 33.0655 -38.0352 -25.4201 -19.9748 -41.4031 7.7143 -25.3011 -42.5708 10.1106 -28.4317 -48.3062 -33.8911 17.3678 -39.8437 -9.9648 -48.7257 -30.0921 28.9093 -44.9877 -26.7645 11.1182 -39.0297 -22.1248 -32.9670
-20.8896 -39.2489 11.7961 -26.8757 -45.2058 29.6487 -30.4640 -48.3765 -28.2091 -48.3342 -13.5201 -41.7502 11.0604 -27.9666 -45.1481 23.9725 -35.6177 -5.5498 -38.1812 20.2924 -48.9387 -30.8784 8.4240 -38.3012 25.3205 -39.3199 15.1426 -37.4128 28.1577 -46.9398 -31.5650 30.2565 -48.7582 -32.8648 20.5036 -43.2448 -37.3728 -20.7483 9.5043 -43.5066 -29.7691 28.3327 -46.8465 -40.4123 -31.4668 -26.2006 -38.0414 -30.1183 -38.5652 -3.5095 -38.7125 -14.4980 -35.0845 -47.4452 -26.8145 -46.7865 2.1977 -43.0261 30.0105 -32.3694 -49.0174 20.6985 -35.0451 -44.1979 -6.3178 -35.1146 -45.9268 13.6150 -33.6147 -49.2782 34.7056 -34.1828 -48.9112 22.4618 -38.2077 -14.7283 -23.4059 -43.7609 19.8944 -32.5664 -48.7688 35.4405 -35.4275 -48.1556 22.2227 -35.2750 -43.9369 -30.1160 6.3200 -40.0900 15.4303 -47.9303 -23.9223 -48.7621 -30.2081 29.5788 -45.2067 -26.8757 11.7961 -39.2489 -20.8896
