5.6860 -24.4832 -44.1669 26.6483 -28.9437 -48.6540 -2.5454 -34.0056 -30.3790 -21.2017 -40.2437 13.8289 -25.9329 -46.2213 31.4000 -30.6772 -48.3905 -13.9654 -36.5788 -5.2911 -23.3002 -42.3064 20.6019 -27.4802 -47.9136 21.9566 -32.3990 -43.6385 -18.6148 -38.5357 7.3299 -24.6924 -44.4266 27.4708 -29.1533 -48.7083 -4.8622 -34.3464 -27.4645 -21.5056 -40.4936 14.6707 -26.1173 -46.4601 31.4114 -30.8942 -48.1437 -14.7148 -36.8533 -4.2371 -29.8164 -4.2370 -36.8532 -14.7148 -48.1437 -30.8942 31.4114 -46.4601 -26.1173 14.6707 -40.4936 -21.5056 -27.4645 -34.3464 -4.8622 -48.7083 -29.1533 27.4708 -44.4266 -24.6924 7.3299 -38.5357 -18.6148 -43.6385 -32.3990 21.9566 -47.9136 -27.4802 20.6019 -42.3064 -23.3002 -5.2911 -36.5788 -13.9654 -48.3905 -30.6772 31.4000 -46.2213 -25.9329 13.8289 -40.2437 -21.2017 -30.3790 -34.0056 -2.5454 -48.6540 -28.9437 26.6483 -44.1669 -24.4832 5.6860
-24.4832 -43.9819 26.1763 -29.4999 -48.8171 11.1323 -32.7261 -29.8973 -22.5335 -39.5271 13.2735 -27.1870 -46.1197 32.9217 -30.7277 -48.3207 -11.6801 -35.3418 -5.1984 -25.0818 -41.8189 19.8193 -28.3703 -48.0077 32.7362 -31.8314 -43.3751 -18.9784 -37.6044 7.0159 -26.2472 -44.1508 26.9066 -29.6324 -48.8182 6.8172 -32.9600 -26.9692 -22.9284 -39.8062 14.0827 -27.3279 -46.3825 33.5619 -30.8768 -48.0582 -12.9639 -35.6637 -2.8359 -25.4232 -44.6481 -25.4232 -2.8359 -35.6637 -12.9639 -48.0582 -30.8768 33.5619 -46.3825 -27.3279 14.0827 -39.8062 -22.9284 -26.9692 -32.9600 6.8172 -48.8182 -29.6324 26.9066 -44.1508 -26.2472 7.0159 -37.6044 -18.9784 -43.3751 -31.8314 32.7362 -48.0077 -28.3703 19.8193 -41.8189 -25.0818 -5.1984 -35.3418 -11.6801 -48.3207 -30.7277 32.9217 -46.1197 -27.1870 13.2735 -39.5271 -22.5335 -29.8973 -32.7261 11.1323 -48.8171 -29.4999 26.1763 -43.9819 -24.4832
-44.1669 26.1763 -29.6413 -48.7997 14.1249 -32.9121 -31.9822 -22.2133 -39.3100 12.6281 -27.1287 -45.9076 32.3595 -30.8807 -48.4799 -10.5098 -35.0760 -7.1654 -24.8935 -41.5900 19.1596 -28.3670 -47.8537 33.6016 -32.1208 -44.2259 -18.4759 -37.3947 6.1893 -26.1514 -43.9227 26.1848 -29.7004 -48.8253 10.3991 -32.9787 -29.3103 -22.6251 -39.5847 13.4415 -27.2756 -46.1747 33.0732 -31.0441 -48.2720 -11.9482 -35.4075 -4.7303 -25.1293 -41.5805 30.3268 -41.5805 -25.1293 -4.7340 -35.4075 -11.9482 -48.2720 -31.0442 33.0732 -46.1742 -27.2756 13.4415 -39.5847 -22.6251 -29.3103 -32.9787 10.3991 -48.8253 -29.7004 26.1848 -43.9227 -26.1514 6.1893 -37.3947 -18.4759 -44.2259 -32.1208 33.6016 -47.8537 -28.3670 19.1596 -41.5900 -24.8935 -7.1654 -35.0760 -10.5098 -48.4799 -30.8807 32.3595 -45.9076 -27.1287 12.6281 -39.3100 -22.2133 -31.9822 -32.9121 14.1249 -48.7997 -29.6413 26.1763 -44.1669
26.6483 -29.4999 -48.7997 15.3332 -32.8865 -33.4895 -21.9142 -39.1103 12.0048 -27.0133 -45.6893 31.7334 -30.7540 -48.5998 -9.2088 -34.7986 -9.3658 -24.6938 -41.3621 18.5069 -28.2417 -47.6909 34.1731 -32.0055 -44.9877 -17.9288 -37.1872 5.3196 -26.0471 -43.6904 25.4533 -29.5705 -48.8065 13.9386 -32.9199 -31.5235 -22.2951 -39.3649 12.7977 -27.1566 -45.9601 32.5046 -30.9188 -48.4417 -10.8288 -35.1408 -6.6656 -24.9389 -41.6775 18.6248 -32.9199 18.6275 -41.6813 -24.9391 -6.6655 -35.1373 -10.8398 -48.4404 -30.8660 32.5290 -45.9595 -27.1563 12.7990 -39.3649 -22.2951 -31.5235 -32.9199 13.9386 -48.8065 -29.5705 25.4533 -43.6904 -26.0471 5.3196 -37.1872 -17.9288 -44.9877 -32.0055 34.1731 -47.6909 -28.2417 18.5069 -41.3621 -24.6938 -9.3658 -34.7986 -9.2088 -48.5998 -30.7540 31.7334 -45.6893 -27.0133 12.0048 -39.1103 -21.9142 -33.4895 -32.8865 15.3332 -48.7997 -29.4999 26.6483
-28.9437 -48.8171 14.1249 -32.8865 -34.0277 -21.7298 -38.9560 11.4683 -26.9084 -45.4770 31.0819 -30.6301 -48.6840 -7.7380 -34.5114 -11.7912 -24.4769 -41.1354 17.8613 -28.1169 -47.5203 34.5295 -31.8823 -45.6646 -17.3380 -36.9820 4.4009 -25.9439 -43.4541 24.7163 -29.4425 -48.7672 17.3495 -32.8432 -33.5916 -21.9453 -39.1474 12.1507 -27.0372 -45.7389 31.8794 -30.7945 -48.5710 -9.5775 -34.8614 -8.8667 -24.7461 -41.4267 18.8002 -28.7815 -48.8152 -28.7975 18.7732 -41.4236 -24.7366 -9.0238 -34.9498 -8.6795 -48.6585 -32.2188 31.8857 -45.7388 -27.0358 12.1534 -39.1474 -21.9453 -33.5916 -32.8432 17.3495 -48.7672 -29.4425 24.7163 -43.4541 -25.9439 4.4009 -36.9820 -17.3380 -45.6646 -31.8823 34.5295 -47.5203 -28.1169 17.8613 -41.1354 -24.4769 -11.7912 -34.5114 -7.7380 -48.6840 -30.6301 31.0819 -45.4770 -26.9084 11.4683 -38.9560 -21.7298 -34.0277 -32.8865 14.1249 -48.8171 -28.9437
-48.6540 11.1323 -32.9121 -33.4895 -21.7298 -38.8947 11.1320 -26.8331 -45.3008 30.4748 -30.5178 -48.7345 -6.0991 -34.2196 -14.3765 -24.2444 -40.9091 17.2189 -27.9944 -47.3434 34.6987 -31.7522 -46.2541 -16.7048 -36.7812 3.4333 -25.8421 -43.2173 23.9846 -29.3176 -48.7100 20.4796 -32.7573 -35.4824 -21.5786 -38.9343 11.5051 -26.9187 -45.5149 31.2151 -30.6728 -48.6632 -8.1819 -34.5730 -11.2729 -24.5364 -41.1309 17.7184 -31.4350 -46.1702 7.0383 -46.8815 -28.0952 18.1832 -41.2751 -24.7942 -5.1559 -32.7691 -25.7097 -24.9944 -33.8605 31.1576 -45.5145 -26.9172 11.5065 -38.9343 -21.5786 -35.4824 -32.7573 20.4796 -48.7100 -29.3176 23.9846 -43.2173 -25.8421 3.4333 -36.7812 -16.7048 -46.2541 -31.7522 34.6987 -47.3434 -27.9944 17.2189 -40.9091 -24.2444 -14.3765 -34.2196 -6.0991 -48.7345 -30.5178 30.4748 -45.3008 -26.8331 11.1320 -38.8947 -21.7298 -33.4895 -32.9121 11.1323 -48.6540
-2.5454 -32.7261 -31.9822 -21.9142 -38.9560 11.1320 -26.8056 -45.1956 30.0255 -30.4279 -48.7564 -4.3874 -33.9390 -16.9963 -23.9996 -40.6798 16.5675 -27.8769 -47.1640 34.7078 -31.6110 -46.7719 -16.0111 -36.5848 2.4129 -25.7410 -42.9759 23.2470 -29.1984 -48.6358 23.2492 -32.6546 -37.2273 -21.1881 -38.7264 10.8618 -26.7992 -45.2844 30.5087 -30.5573 -48.7226 -6.6245 -34.2732 -13.8794 -24.3053 -40.8297 17.7174 -36.0750 -2.3045 5.4767 -33.3891 34.9331 -47.3753 -27.9122 15.9950 -39.8670 -2.5017 -44.9543 28.2930 -38.7569 -18.7257 -32.8054 30.5060 -45.2838 -26.7987 10.8618 -38.7264 -21.1881 -37.2273 -32.6546 23.2492 -48.6358 -29.1984 23.2470 -42.9759 -25.7410 2.4129 -36.5848 -16.0111 -46.7719 -31.6110 34.7078 -47.1640 -27.8769 16.5675 -40.6798 -23.9996 -16.9963 -33.9390 -4.3874 -48.7564 -30.4279 30.0255 -45.1956 -26.8056 11.1320 -38.9560 -21.9142 -31.9822 -32.7261 -2.5454
-34.0056 -29.8973 -22.2133 -39.1103 11.4683 -26.8331 -45.1956 29.8590 -30.3756 -48.7605 -2.8589 -33.6971 -19.3872 -23.7558 -40.4569 15.9176 -27.7661 -46.9855 34.5884 -31.4555 -47.2280 -15.2333 -36.3919 1.3566 -25.6389 -42.7262 22.4929 -29.0891 -48.5518 25.5874 -32.5247 -38.8487 -20.7659 -38.5284 10.2336 -26.6770 -45.0437 29.7556 -30.4529 -48.7533 -4.9133 -33.9572 -16.6937 -24.0520 -40.6782 17.0752 -37.4275 23.0283 -43.2703 -13.2269 -40.2940 -32.1789 34.5797 -46.7427 -27.3099 6.5582 -36.4806 22.3578 -39.3723 9.0406 -30.8008 -47.4040 -30.7846 29.8045 -45.0425 -26.6770 10.2336 -38.5284 -20.7659 -38.8487 -32.5247 25.5874 -48.5518 -29.0891 22.4929 -42.7262 -25.6389 1.3566 -36.3919 -15.2333 -47.2280 -31.4555 34.5884 -46.9855 -27.7661 15.9176 -40.4569 -23.7558 -19.3872 -33.6971 -2.8589 -48.7605 -30.3756 29.8590 -45.1956 -26.8331 11.4683 -39.1103 -22.2133 -29.8973 -34.0056
-30.3790 -22.5335 -39.3100 12.0048 -26.9084 -45.3008 30.0255 -30.3756 -48.7598 -1.9228 -33.5291 -21.2567 -23.5397 -40.2571 15.3134 -27.6621 -46.8112 34.3756 -31.2792 -47.6281 -14.3378 -36.2029 0.2805 -25.5274 -42.4644 21.7112 -28.9936 -48.4596 27.4946 -32.3652 -40.3631 -20.3011 -38.3431 9.6298 -26.5506 -44.7911 28.9508 -30.3627 -48.7602 -3.0834 -33.6220 -19.6668 -23.7754 -40.5719 15.6018 -34.7104 11.2509 -41.1363 34.6717 -43.0049 -17.7402 -47.6290 -31.6247 31.6571 -44.7949 -23.9906 -40.8777 -31.3815 -18.0337 -30.2535 -48.7651 -18.8785 -48.7558 -30.2657 28.9594 -44.7886 -26.5507 9.6298 -38.3431 -20.3011 -40.3631 -32.3652 27.4946 -48.4596 -28.9936 21.7112 -42.4644 -25.5274 0.2805 -36.2029 -14.3378 -47.6281 -31.2792 34.3756 -46.8112 -27.6621 15.3134 -40.2571 -23.5397 -21.2567 -33.5291 -1.9228 -48.7598 -30.3756 30.0255 -45.3008 -26.9084 12.0048 -39.3100 -22.5335 -30.3790
-21.2017 -39.5271 12.6281 -27.0133 -45.4770 30.4748 -30.4279 -48.7605 -1.9228 -33.4687 -22.2980 -23.3873 -40.1013 14.8018 -27.5706 -46.6479 34.1033 -31.0936 -47.9662 -13.2890 -36.0293 -0.7525 -25.4028 -42.1810 20.8746 -28.9256 -48.3657 28.9371 -32.1521 -41.8037 -19.7711 -38.1797 9.0829 -26.4173 -44.5146 27.9160 -30.2543 -48.7488 -1.1720 -33.2611 -22.7725 -23.4732 -40.3921 15.4974 -30.8189 -36.4068 -34.8735 25.6959 -47.8351 12.1996 -40.2715 -11.5228 -48.4212 -30.8857 22.0035 -40.5599 -5.9377 -47.1777 -18.9569 -47.6844 3.2450 -40.8056 0.4672 -48.7544 -30.2817 28.0761 -44.5154 -26.4182 9.0829 -38.1802 -19.7712 -41.8035 -32.1521 28.9371 -48.3657 -28.9256 20.8746 -42.1810 -25.4028 -0.7525 -36.0293 -13.2890 -47.9662 -31.0936 34.1033 -46.6479 -27.5706 14.8018 -40.1013 -23.3873 -22.2980 -33.4687 -1.9228 -48.7605 -30.4279 30.4748 -45.4770 -27.0133 12.6281 -39.5271 -21.2017
-40.2437 13.2735 -27.1287 -45.6893 31.0819 -30.5178 -48.7564 -2.8589 -33.5291 -22.2980 -23.3319 -40.0152 14.4516 -27.5010 -46.5088 33.8148 -30.9174 -48.2260 -12.1009 -35.8779 -1.6511 -25.2747 -41.8733 19.9694 -28.9035 -48.2890 29.7916 -31.8546 -43.1880 -19.1432 -38.0607 8.6721 -26.2774 -44.2134 26.9549 -30.0988 -48.5651 -2.3325 -32.5059 -25.9266 -23.1416 -40.1585 15.1445 -27.6380 -47.5815 -19.9878 -49.9621 15.4043 -29.5447 -48.6097 35.2630 -38.1124 1.1191 -48.9159 -28.9159 7.1297 -35.8362 26.7173 -40.2738 30.7160 -39.2311 18.4381 -35.4796 3.2656 -48.7471 -30.4035 27.1709 -44.2205 -26.2775 8.6760 -38.0624 -19.1428 -43.1878 -31.8546 29.7916 -48.2890 -28.9035 19.9694 -41.8733 -25.2747 -1.6511 -35.8779 -12.1009 -48.2260 -30.9174 33.8148 -46.5088 -27.5010 14.4516 -40.0152 -23.3319 -22.2980 -33.5291 -2.8589 -48.7564 -30.5178 31.0819 -45.6893 -27.1287 13.2735 -40.2437
13.8289 -27.1870 -45.9076 31.7334 -30.6301 -48.7345 -4.3874 -33.6971 -21.2567 -23.3873 -40.0152 14.3281 -27.4630 -46.4152 33.5667 -30.7700 -48.4087 -10.8368 -35.7524 -2.4133 -25.1539 -41.5527 19.0173 -28.9354 -48.2451 29.9685 -31.4415 -44.4994 -18.3778 -38.0197 8.5244 -26.1287 -43.8895 25.8904 -35.8681 -19.2440 -20.3897 -30.2069 -39.7105 -21.8609 -39.8776 14.7239 -27.5582 -46.1648 35.5138 -41.6473 34.7273 -37.0387 -34.4242 -19.1192 -43.0516 20.2698 -36.3297 34.4817 -46.0556 -24.2053 -43.3011 -31.2802 -3.1788 -33.8529 -4.5442 -32.9603 -9.5235 -32.1752 -7.5453 -48.7452 -30.7540 26.1414 -43.8915 -26.1270 8.5388 -38.0216 -18.3772 -44.4994 -31.4415 29.9685 -48.2451 -28.9354 19.0173 -41.5527 -25.1539 -2.4133 -35.7524 -10.8368 -48.4087 -30.7700 33.5667 -46.4152 -27.4630 14.3281 -40.0152 -23.3873 -21.2567 -33.6971 -4.3874 -48.7345 -30.6301 31.7334 -45.9076 -27.1870 13.8289
-25.9329 -46.1197 32.3595 -30.7540 -48.6840 -6.0991 -33.9390 -19.3872 -23.5397 -40.1013 14.4516 -27.4630 -46.3829 33.4249 -30.6711 -48.5194 -9.6529 -35.6612 -3.0018 -25.0506 -41.2404 18.0768 -29.0195 -48.2405 29.3804 -30.9224 -45.6447 -17.4651 -38.1152 8.8633 -25.9704 -43.5112 24.6515 -35.4980 18.7211 -45.3468 -18.2213 -48.0920 -8.7522 -38.5236 14.4075 -34.5082 -25.2369 17.8959 -35.8522 11.0158 -35.5086 -15.3077 -26.4247 -46.7541 32.4748 -37.7365 -0.2431 -35.8561 31.8725 -44.0845 -17.8328 -47.5745 -21.8493 -49.0221 -22.6119 -48.7488 -24.0473 -46.7334 -21.3307 -25.4353 -48.1895 -31.1020 24.9540 -43.5121 -25.9684 8.8736 -38.1152 -17.4651 -45.6447 -30.9224 29.3804 -48.2405 -29.0195 18.0768 -41.2404 -25.0506 -3.0018 -35.6612 -9.6529 -48.5194 -30.6711 33.4249 -46.3829 -27.4630 14.4516 -40.1013 -23.5397 -19.3872 -33.9390 -6.0991 -48.6840 -30.7540 32.3595 -46.1197 -25.9329
-46.2213 32.9217 -30.8807 -48.5998 -7.7380 -34.2196 -16.9963 -23.7558 -40.2571 14.8018 -27.5010 -46.4152 33.4249 -30.6353 -48.5703 -8.7721 -35.5972 -3.3826 -24.9731 -40.9651 17.2334 -29.1478 -48.2745 27.8033 -30.3428 -46.4944 -16.5295 -38.4239 9.9663 -25.8072 -43.1071 23.6936 -32.1775 -34.3128 -35.4895 22.3959 -39.8862 27.2549 -36.1790 8.7356 -37.7118 27.4124 -46.5193 -25.9060 -45.6451 -27.9794 -46.6123 -23.9570 -47.2804 35.4602 -39.2066 0.5181 -32.1005 -16.1643 -34.5390 -18.8673 -48.5773 -21.7689 -43.5697 34.0279 -42.1600 35.4595 -41.6380 32.0342 -40.9371 -0.9508 -28.1829 -48.1949 -30.8670 23.7479 -43.1116 -25.8075 9.9640 -38.4232 -16.5295 -46.4944 -30.3428 27.8033 -48.2745 -29.1478 17.2334 -40.9651 -24.9731 -3.3826 -35.5972 -8.7721 -48.5703 -30.6353 33.4249 -46.4152 -27.5010 14.8018 -40.2571 -23.7558 -16.9963 -34.2196 -7.7380 -48.5998 -30.8807 32.9217 -46.2213
31.4000 -30.7277 -48.4799 -9.2088 -34.5114 -14.3765 -23.9996 -40.4569 15.3134 -27.5706 -46.5088 33.5667 -30.6711 -48.5703 -8.4328 -35.5628 -3.6050 -24.9219 -40.7527 16.5615 -29.2999 -48.3317 24.9785 -29.7671 -47.0012 -15.8503 -38.9900 11.8251 -25.6680 -42.8244 22.8975 -31.3273 -48.7592 -24.6231 -42.6122 -31.9010 -7.2867 -32.2631 -30.8144 -32.9855 4.4860 -39.8112 35.4115 -45.0682 -4.1676 -45.1761 -0.0098 -43.5995 33.9902 -39.0046 5.6893 -30.2038 -48.6763 -20.2528 -44.8245 21.4580 -34.6624 -3.1817 11.4290 -35.3218 10.8701 -35.4197 9.7618 -34.9818 5.3464 -30.6877 -48.7254 -19.9672 -48.7605 -31.0576 22.9160 -42.8289 -25.6702 11.8250 -38.9900 -15.8503 -47.0010 -29.7671 24.9785 -48.3317 -29.2999 16.5615 -40.7527 -24.9219 -3.6050 -35.5628 -8.4328 -48.5703 -30.6711 33.5667 -46.5088 -27.5706 15.3134 -40.4569 -23.9996 -14.3765 -34.5114 -9.2088 -48.4799 -30.7277 31.4000
-30.6772 -48.3207 -10.5098 -34.7986 -11.7912 -24.2444 -40.6798 15.9176 -27.6621 -46.6479 33.8148 -30.7700 -48.5194 -8.7721 -35.5628 -3.6865 -24.8967 -40.6200 16.1015 -29.4442 -48.3876 21.0181 -29.4768 -47.1763 -16.2750 -38.5231 14.4663 -25.8109 -43.2340 24.0039 -32.8122 -48.2313 -9.1056 -43.3007 -15.3143 -48.1005 -22.5400 -48.4760 -24.3382 -47.5238 -32.3067 5.5250 -38.1044 21.6767 -38.6780 24.0926 -38.4282 18.1937 -36.6576 -3.9289 -30.3811 -48.6817 -13.7905 -43.5750 35.6501 -39.5088 28.6676 -42.1754 -23.3945 -48.1563 -26.5264 -47.7053 -26.6545 -47.8135 -25.2980 -48.7787 -11.8051 -44.2647 -9.1105 -48.5354 -32.6585 24.0797 -43.2492 -25.8089 14.4359 -39.6621 -16.0888 -47.1755 -29.4585 21.0061 -48.3948 -29.4442 16.1015 -40.6200 -24.8967 -3.6865 -35.5628 -8.7721 -48.5194 -30.7700 33.8148 -46.6479 -27.6621 15.9176 -40.6798 -24.2444 -11.7912 -34.7986 -10.5098 -48.3207 -30.6772
-48.3905 -11.6801 -35.0760 -9.3658 -24.4769 -40.9091 16.5675 -27.7661 -46.8112 34.1033 -30.9174 -48.4087 -9.6529 -35.5972 -3.6050 -24.8967 -40.5755 15.8698 -29.5456 -48.4220 16.7529 -29.5659 -45.8091 -23.1822 -41.5170 1.8237 -15.7526 -44.9303 26.8136 -30.3287 -48.3922 -9.3595 -37.3361 34.9864 -42.0162 5.9949 -44.5933 -14.9544 -47.5502 -25.0261 -46.7761 -32.6204 -15.6468 -35.3951 -0.7914 -35.8676 -2.3516 -34.8410 -28.2166 -31.8539 -47.9670 -25.0892 -47.9490 -18.6928 -46.1995 -9.4971 -44.0672 1.0136 -44.9552 -13.3382 -44.8040 -8.7745 -43.8601 0.5126 -43.9878 30.6754 -42.4611 30.7820 -37.8491 -9.9242 -48.3975 -30.1214 27.2084 -44.9109 -21.2345 29.4552 -41.3947 -22.6379 -45.9517 -29.7323 17.3847 -48.4636 -29.5456 15.8698 -40.5755 -24.8967 -3.6050 -35.5972 -9.6529 -48.4087 -30.9174 34.1033 -46.8112 -27.7661 16.5675 -40.9091 -24.4769 -9.3658 -35.0760 -11.6801 -48.3905
-13.9654 -35.3418 -7.1654 -24.6938 -41.1354 17.2189 -27.8769 -46.9855 34.3756 -31.0936 -48.2260 -10.8368 -35.6612 -3.3826 -24.9219 -40.6200 15.8698 -29.5806 -48.4344 13.6167 -29.8163 -43.0002 -30.2914 32.5844 -39.6604 19.7486 -40.0223 19.1818 -28.0656 -47.6368 -1.4613 -38.2934 33.0096 -44.1827 -13.8562 -47.3640 -23.2415 -48.6312 -27.7067 -41.9234 -31.7581 -18.5075 -34.7777 -1.2607 -35.7871 3.1415 -35.8542 2.6835 -35.0603 -1.7268 -33.5225 -10.0639 -32.0864 -24.6693 -30.4110 -40.0476 -27.9893 -47.7809 -24.9275 -48.4595 -20.3304 -45.8368 -6.6175 -42.5975 34.7786 -40.5540 28.1715 -39.2354 13.9555 -34.3248 6.2521 -48.2216 -27.7401 19.5864 -40.2425 18.0768 -40.1085 33.7853 -30.4366 -40.9249 -30.9158 16.2750 -48.5200 -29.5806 15.8698 -40.6200 -24.9219 -3.3826 -35.6612 -10.8368 -48.2260 -31.0936 34.3756 -46.9855 -27.8769 17.2189 -41.1354 -24.6938 -7.1654 -35.3418 -13.9654
-36.5788 -5.1984 -24.8935 -41.3621 17.8613 -27.9944 -47.1640 34.5884 -31.2792 -47.9662 -12.1009 -35.7524 -3.0018 -24.9731 -40.7527 16.1015 -29.5456 -48.4344 12.5212 -30.0577 -39.1216 -32.0441 -19.3174 -37.1242 8.8390 -35.6530 -5.2974 -27.8640 -46.6850 -8.6607 -44.0584 -19.5409 -49.1606 -27.0328 -38.4509 -31.6391 -0.6828 -34.2444 11.9462 -35.5693 19.2009 -37.6205 25.0391 -39.0653 29.3011 -39.8654 31.6381 -40.2215 32.2065 -40.1312 31.1193 -39.5156 28.0284 -38.3377 22.9211 -36.5553 16.3034 -35.1376 7.5148 -33.3104 -18.1577 -29.7362 -47.2185 -24.0132 -47.5381 -6.5743 -42.4956 32.3889 -38.4147 13.5748 -35.4150 34.8701 -47.1085 -27.4613 -3.3546 -36.2706 11.5351 -38.0687 -8.6837 -33.6851 -23.4917 -32.2576 16.6154 -48.5236 -29.5456 16.1015 -40.7527 -24.9731 -3.0018 -35.7524 -12.1009 -47.9662 -31.2792 34.5884 -47.1640 -27.9944 17.8613 -41.3621 -24.8935 -5.1984 -36.5788
-5.2911 -25.0818 -41.5900 18.5069 -28.1169 -47.3434 34.7078 -31.4555 -47.6281 -13.2890 -35.8779 -2.4133 -25.0506 -40.9651 16.5615 -29.4442 -48.4220 13.6167 -30.0577 -36.7302 -33.3445 -7.5680 -35.3139 -12.2594 -32.1520 -44.5820 -25.6939 -47.2327 -21.6974 -48.7451 -28.6769 -15.3910 -33.5798 13.7123 -36.5856 27.2393 -40.2497 34.6737 -42.5535 5.2929 -44.7226 -13.5564 -46.7639 -18.5676 -48.0220 -20.6717 -48.6012 -21.4389 -48.7146 -21.2472 -48.4252 -19.9379 -47.5670 -16.6174 -45.8871 -6.8374 -43.7796 28.8567 -41.5002 31.8358 -38.3823 18.3422 -35.4715 1.0863 -31.1232 -45.8666 -23.8661 -47.0236 20.6781 -40.1508 21.2520 -37.5136 34.2481 -45.8555 -25.5800 -34.1330 -36.0896 8.6654 -36.7272 -1.0294 -35.7635 -9.9248 -32.4619 16.6303 -48.4708 -29.4442 16.5615 -40.9651 -25.0506 -2.4133 -35.8779 -13.2890 -47.6281 -31.4555 34.7078 -47.3434 -28.1169 18.5069 -41.5900 -25.0818 -5.2911
-23.3002 -41.8189 19.1596 -28.2417 -47.5203 34.6987 -31.6110 -47.2280 -14.3378 -36.0293 -1.6511 -25.1539 -41.2404 17.2334 -29.2999 -48.3876 16.7529 -29.8163 -39.1216 -33.3445 26.1764 -38.2874 -6.6912 -31.4637 -47.8114 -24.2222 -48.5158 -27.7656 -22.9894 -33.6581 17.8338 -38.5089 35.0110 -43.0285 -10.5954 -47.2688 -21.9788 -49.2702 -26.4156 -44.2471 -29.5079 -28.3818 -31.5697 -9.1265 -32.7364 -0.5896 -33.2551 1.8932 -33.3780 0.8402 -33.1391 -4.9309 -32.2765 -21.3856 -30.4610 -40.9857 -27.5045 -48.8663 -23.1938 -47.9556 -12.2790 -43.9422 35.2635 -39.6563 20.0185 -35.6470 -6.1700 -29.4261 -49.0159 -15.6438 -43.0193 29.8188 -38.5709 34.6639 -47.0291 -26.4502 25.4300 -38.7525 15.5121 -37.8207 6.1696 -36.0947 -17.1692 -31.3446 17.6107 -48.3984 -29.2999 17.2334 -41.2404 -25.1539 -1.6511 -36.0293 -14.3378 -47.2280 -31.6110 34.6987 -47.5203 -28.2417 19.1596 -41.8189 -23.3002
-42.3064 19.8193 -28.3670 -47.6909 34.5295 -31.7522 -46.7719 -15.2333 -36.2029 -0.7525 -25.2747 -41.5527 18.0768 -29.1478 -48.3317 21.0181 -29.5659 -42.9975 -32.0440 -7.5680 -38.2873 1.5011 -31.9391 -47.6175 -25.6689 -48.0191 -30.9387 10.9017 -37.3771 35.0893 -44.2230 -18.4276 -49.2214 -26.9895 -35.8746 -31.6809 3.4787 -34.0666 15.0617 -36.0296 23.1033 -38.3011 29.6117 -39.8962 33.4676 -40.8084 34.6912 -41.1282 34.7323 -40.9205 33.5246 -40.1194 29.4421 -38.5807 22.4880 -36.4130 13.9155 -34.9250 0.2425 -31.7676 -40.9522 -26.3867 -48.8662 -14.5384 -43.8648 34.6580 -38.4374 12.2247 -32.6651 -44.1011 -22.8336 -45.4902 35.1499 -39.0256 24.1000 -31.6102 -49.5569 -1.6354 -40.2331 20.7237 -38.4396 5.2619 -34.8995 -37.5982 -29.9764 21.0181 -48.3317 -29.1478 18.0768 -41.5527 -25.2747 -0.7525 -36.2029 -15.2333 -46.7719 -31.7522 34.5295 -47.6909 -28.3670 19.8193 -42.3064
20.6019 -28.3703 -47.8537 34.1731 -31.8823 -46.2541 -16.0111 -36.3919 0.2805 -25.4028 -41.8733 19.0173 -29.0195 -48.2745 24.9785 -29.4768 -45.8068 -30.2971 -19.3410 -35.3126 -6.6927 -31.9404 -47.3477 -27.0622 -43.4804 -33.1609 22.2956 -40.9450 -12.3943 -48.9971 -27.8586 -17.8862 -33.4958 15.4578 -37.2019 30.9667 -41.0721 25.5169 -43.8998 -11.1753 -46.5097 -18.9205 -48.3689 -21.8085 -49.1457 -23.1932 -49.3059 -23.5453 -49.2762 -22.8867 -48.9525 -20.9292 -47.7868 -15.8209 -45.4616 6.1903 -42.7472 35.2090 -39.8554 22.3499 -36.6555 6.3464 -32.2483 -42.1856 -25.2901 -47.6953 9.7353 -40.6407 21.5459 -35.2496 -27.3283 -26.1871 -47.0031 35.2334 -38.8813 6.2560 -30.0478 -48.1848 14.4540 -41.5137 29.8450 -38.1477 4.1953 -30.5907 -45.6952 -29.4930 24.9785 -48.2745 -29.0195 19.0173 -41.8733 -25.4028 0.2805 -36.3919 -16.0111 -46.2541 -31.8823 34.1731 -47.8537 -28.3703 20.6019
-27.4802 -48.0077 33.6016 -32.0055 -45.6646 -16.7048 -36.5848 1.3566 -25.5274 -42.1810 19.9694 -28.9354 -48.2405 27.8033 -29.7671 -47.1765 -23.1977 32.5536 -37.1209 -12.2923 -31.4680 -47.6088 -27.0408 -40.4034 -34.3568 29.9223 -44.2424 -23.0148 -42.6293 -32.3893 15.1602 -38.1944 35.0395 -43.7550 -15.1321 -48.4239 -24.2070 -47.7287 -28.6474 -31.5137 -31.5607 -5.3993 -33.1280 4.2874 -33.8415 7.4603 -34.1803 7.5443 -34.1793 4.5526 -33.6798 -4.6855 -32.1695 -30.4905 -29.2305 -47.0692 -24.8497 -48.6639 -15.2649 -44.7825 34.3199 -40.1981 21.3515 -36.2834 -3.1637 -29.8931 -48.8455 -16.4090 -43.3109 29.5214 -37.0220 -8.2631 -27.8219 -47.7110 33.7130 -38.5692 2.9506 -29.0704 -48.2263 -14.9489 -46.7458 23.9329 -39.6774 34.7538 -21.3643 -47.1720 -29.7672 27.8035 -48.2405 -28.9354 19.9694 -42.1810 -25.5274 1.3566 -36.5848 -16.7048 -45.6646 -32.0055 33.6016 -48.0077 -27.4802
-47.9136 32.7362 -32.1208 -44.9877 -17.3380 -36.7812 2.4129 -25.6389 -42.4644 20.8746 -28.9035 -48.2454 29.3856 -30.3428 -47.0012 -16.2861 -41.5725 -39.6391 8.7836 -32.1552 -47.7927 -25.6944 -43.7393 -34.3193 32.0689 -45.8083 -26.3471 -13.5769 -35.6568 29.9880 -42.7962 -15.9332 -49.1534 -27.5445 -28.6264 -32.6753 9.0058 -35.1399 20.3934 -37.9846 29.4999 -40.2543 34.5839 -41.5241 34.6897 -42.0696 34.3864 -41.9768 35.2145 -41.2157 32.5679 -39.7123 25.0003 -37.5107 15.4716 -35.6571 1.9721 -32.1899 -40.2232 -26.6108 -48.8314 -13.7660 -43.8533 34.3581 -38.6938 11.9185 -32.7370 -44.2059 -22.7928 -45.4795 34.7263 -37.9392 -0.3486 -28.4043 -47.8367 34.4294 -38.2864 -1.7867 -30.3768 -45.3063 -25.4220 -34.4755 15.5858 -41.3223 -39.6311 -15.8536 -47.0020 -30.3430 29.3858 -48.2454 -28.9035 20.8746 -42.4644 -25.6389 2.4129 -36.7812 -17.3380 -44.9877 -32.1208 32.7362 -47.9136
21.9566 -31.8314 -44.2259 -17.9288 -36.9820 3.4333 -25.7410 -42.7262 21.7112 -28.9257 -48.2894 29.9731 -30.9277 -46.4881 -15.8505 -38.5247 -0.5924 19.7034 -35.6486 -44.5382 -24.4495 -47.9454 -33.1361 29.0449 -45.6435 -27.0656 -0.1393 -37.2804 34.1549 -46.8357 -25.3984 -35.9368 -33.0719 14.0909 -37.5721 32.3679 -41.8243 11.4025 -45.3080 -16.4353 -48.0477 -21.7456 -49.1971 -23.8282 -49.2722 -24.4975 -49.2535 -23.9076 -49.1693 -21.7376 -48.1267 -16.0280 -45.7192 10.1691 -42.7926 34.6872 -39.6713 20.5426 -36.6893 3.6359 -31.8692 -44.6647 -24.3854 -47.3443 17.8067 -40.4901 20.7286 -35.1290 -28.2610 -26.1609 -46.9660 35.1467 -38.1884 1.8969 -28.3110 -47.4521 35.5763 -37.8035 -1.8331 -35.3112 29.4034 -38.8749 -36.7171 21.9235 23.9141 -39.8929 -15.8463 -46.4906 -30.9300 29.9733 -48.2886 -28.9257 21.7112 -42.7262 -25.7410 3.4333 -36.9820 -17.9288 -44.2259 -31.8314 21.9566
-32.3990 -43.3751 -18.4759 -37.1872 4.4009 -25.8421 -42.9759 22.4929 -28.9936 -48.3657 29.7916 -31.4467 -45.6362 -16.5319 -38.9955 14.4515 -15.9828 -40.0227 -5.3502 -26.0097 -48.6693 -31.1325 21.2689 -43.8344 -25.9525 -1.3390 -37.5995 21.5658 -48.6123 -28.7763 1.7713 -36.7820 30.6182 -42.4618 -9.6187 -48.1241 -24.4094 -46.9733 -29.4859 -25.1792 -32.5976 -0.9096 -34.0975 5.5760 -34.6407 6.5331 -34.6160 3.3465 -33.8737 -8.4648 -31.9279 -36.1049 -28.5040 -48.3410 -23.3279 -47.8843 -8.7866 -43.6989 35.2883 -39.4212 17.9261 -35.6095 -11.4889 -29.1674 -48.9669 -15.0821 -43.0437 29.5059 -36.9080 -6.1047 -27.9858 -47.8707 31.9139 -38.0370 0.7393 -27.6044 -46.4178 32.7359 -37.5241 12.8425 -41.6585 -25.8088 1.5793 -40.6893 -22.1697 15.3695 -39.0160 -16.5580 -45.6277 -31.4472 29.7872 -48.3649 -28.9936 22.4929 -42.9759 -25.8421 4.4009 -37.1872 -18.4759 -43.3751 -32.3990
-43.6385 -18.9784 -37.3947 5.3196 -25.9439 -43.2173 23.2470 -29.0891 -48.4596 28.9371 -31.8547 -44.4993 -17.4668 -38.4313 11.8269 -25.8599 -45.0977 19.1144 -28.1287 -47.7644 -28.5928 10.9175 -40.6213 -22.0776 -19.6442 -37.0512 23.7854 -48.8915 -29.9724 10.9034 -38.5435 29.4554 -47.0139 -24.3605 -44.0297 -31.6619 3.6263 -35.7715 17.7238 -37.9174 27.1487 -40.1779 32.8304 -41.2025 34.3506 -41.2915 33.1353 -40.4995 28.2698 -38.8133 20.2832 -37.2591 10.5965 -34.7142 -11.7367 -30.5874 -46.6865 -24.1948 -47.7486 -3.4348 -42.4785 31.1424 -38.1060 9.8940 -32.3275 -44.6772 -23.1971 -45.7725 35.4859 -37.7573 4.4090 -28.8670 -48.3206 29.6922 -37.6079 -5.5083 -25.9307 -44.5560 26.2673 -38.1750 32.4077 -47.6187 -30.6845 18.9476 -43.0335 -25.8732 10.2943 -38.1413 -17.5298 -44.4697 -31.8542 28.9278 -48.4588 -29.0891 23.2470 -43.2173 -25.9439 5.3196 -37.3947 -18.9784 -43.6385
-18.6148 -37.6044 6.1893 -26.0471 -43.4541 23.9846 -29.1984 -48.5518 27.4946 -32.1522 -43.1891 -18.3769 -38.1208 9.9757 -25.6830 -43.4193 31.3604 -29.3619 -47.6610 -24.4015 -13.0240 -37.6968 -9.9590 -44.9932 -35.1816 35.1629 -48.4322 -29.8460 13.1209 -39.3343 -3.0000 -48.8748 -29.0649 -4.4263 -36.1142 21.4957 -40.1219 35.4142 -43.6151 -2.7773 -46.3119 -16.6981 -47.9833 -19.7457 -48.3712 -19.4559 -47.8343 -15.7059 -46.1405 -0.4752 -43.8342 34.8644 -41.2475 27.6747 -38.4665 14.0126 -35.2069 -10.2058 -30.1790 -47.9625 -22.1731 -46.4971 24.4888 -40.3092 21.4393 -35.2530 -17.6941 -27.3596 -47.9785 20.5450 -38.0966 9.3435 -29.2376 -48.3950 32.3326 -36.7415 -24.2225 -22.4468 -41.9270 23.0047 -40.0236 -11.4345 -45.1888 -35.8117 32.8156 -45.4772 -28.9259 7.9757 -37.7051 -18.4470 -43.1612 -32.1497 27.4895 -48.5509 -29.1984 23.9846 -43.4541 -26.0471 6.1893 -37.6044 -18.6148
-38.5357 7.0159 -26.1514 -43.6904 24.7163 -29.3176 -48.6358 25.5874 -32.3652 -41.8035 -19.1430 -38.0223 8.8697 -25.8150 -42.8062 23.6080 -33.9836 -48.6221 -19.6217 -46.7166 -34.9547 35.2111 -48.8051 -31.9301 27.6248 -46.2496 -28.4093 10.2791 -39.2512 -9.7120 -48.6687 -31.1145 10.1579 -38.7169 34.8634 -44.1917 -13.9220 -48.7111 -25.1543 -46.7440 -29.2392 -35.6129 -31.3767 -25.3698 -31.8810 -28.0199 -30.9081 -39.7822 -28.5237 -47.7614 -24.6325 -48.7100 -16.4871 -45.6265 24.6185 -41.7979 29.7447 -38.1852 13.6445 -34.4290 -20.1707 -28.6170 -49.0583 -17.8105 -44.0028 34.4171 -37.0149 7.2718 -29.8186 -48.9601 -7.6304 -38.7377 11.5511 -29.0651 -47.9333 35.3070 -35.0960 -43.7999 -14.3487 -40.0097 31.2747 -45.3682 -28.1970 9.7534 -41.0813 -12.4538 -47.7197 -34.0265 11.7848 -37.6425 -19.2006 -41.7916 -32.3618 25.5874 -48.6358 -29.3176 24.7163 -43.6904 -26.1514 7.0159 -38.5357
7.3299 -26.2472 -43.9227 25.4533 -29.4425 -48.7100 23.2492 -32.5247 -40.3631 -19.7712 -38.0609 8.5328 -25.9725 -43.0651 22.4568 -32.3093 -47.1570 -18.5109 -47.9461 -31.1714 21.4765 -44.7088 -27.6917 13.2080 -41.9840 -24.5311 -0.8381 -38.2990 -2.9718 -48.6581 -31.8550 15.1021 -39.7585 21.8509 -47.6124 -24.7364 -44.1189 -31.7912 -1.6860 -35.6102 11.7806 -37.3966 16.8801 -38.1147 17.8641 -37.9080 15.1022 -36.8419 8.9236 -34.9701 -6.1342 -31.8558 -40.8132 -27.2362 -49.0593 -20.1429 -46.2555 12.7822 -41.7134 30.3643 -37.3237 12.3262 -33.1002 -34.2188 -26.2625 -47.8892 2.0754 -39.2994 17.4342 -31.6661 -48.0502 -14.6861 -39.0918 10.6488 -28.1981 -46.3829 29.5143 -32.5319 -49.0494 24.6124 -40.1395 -4.2940 -45.6413 -36.1121 35.4347 -48.4926 -30.8181 5.0851 -37.7821 25.2288 -37.6923 -19.8013 -40.3589 -32.5247 23.2492 -48.7100 -29.4425 25.4533 -43.9227 -26.2472 7.3299
-24.6924 -44.1508 26.1848 -29.5705 -48.7672 20.4796 -32.6546 -38.8487 -20.3011 -38.1797 8.6740 -26.1178 -43.4121 25.1319 -34.7612 -44.9657 -21.8924 -46.0572 -26.4812 4.8829 -39.9508 -19.6374 -20.0504 -37.7576 -13.0055 -40.5477 -36.2783 30.2506 -48.9002 -31.1780 15.5840 -40.2233 -3.5652 -48.8048 -28.9848 -12.3870 -35.7883 16.1680 -39.4001 29.3668 -41.5878 35.6884 -43.0677 34.0278 -43.3114 35.0356 -42.4972 34.6507 -40.7852 27.3255 -38.6391 17.6421 -36.4296 6.5786 -33.3600 -26.4437 -28.9188 -48.4900 -22.6387 -46.8906 -0.9666 -41.5966 30.5876 -36.3683 8.6948 -30.7939 -47.6631 -19.9824 -42.5930 25.3490 -32.8465 -46.7867 -14.8050 -38.2299 4.9705 -26.1297 -43.2729 17.8832 -29.3635 -46.5431 36.1713 -44.0992 -26.7538 10.8925 -42.4618 -22.3530 -11.9372 -38.5041 33.8054 -47.9131 28.0873 -38.0406 -20.3065 -38.8487 -32.6546 20.4796 -48.7672 -29.5705 26.1848 -44.1508 -24.6924
-44.4266 26.9066 -29.7004 -48.8065 17.3495 -32.7573 -37.2273 -20.7659 -38.3431 9.0784 -26.2682 -43.6839 32.1207 -39.0595 5.2744 -30.7593 -48.4729 -21.8938 -39.7359 -36.3075 29.1997 -49.1159 -33.8225 34.8786 -48.8244 -32.3895 29.4654 -46.9094 -29.1676 11.4693 -39.7973 -6.6477 -48.7628 -30.7434 5.0628 -38.3749 27.6635 -42.0943 25.6790 -45.8119 -13.8774 -48.0028 -20.1433 -48.7303 -21.2142 -48.5862 -19.2839 -47.5386 -13.3289 -45.4333 10.3996 -43.0298 35.4196 -40.5335 27.0267 -37.2183 14.9128 -34.5225 -3.0402 -30.5895 -45.6784 -24.2765 -47.4994 -3.7600 -40.6958 24.8068 -34.2283 -27.3059 -25.0994 -44.7181 29.0703 -32.9133 -47.9350 -6.0442 -36.7349 -19.7027 -20.6207 -39.1184 1.9102 -24.1274 -42.2622 19.6214 -48.9382 -34.5281 35.0395 -49.1057 -33.6468 30.4289 -48.6774 -27.8110 -24.1871 9.0840 -38.3414 -20.7659 -37.2273 -32.7573 17.3495 -48.8065 -29.7004 26.9066 -44.4266
27.4708 -29.6324 -48.8253 13.9386 -32.8432 -35.4824 -21.1881 -38.5284 9.6269 -26.4175 -44.0552 33.0590 -43.4163 30.3566 -38.7049 -17.2960 -26.0662 -48.7084 -32.6522 24.0108 -45.3979 -28.5026 15.8307 -43.3727 -26.7668 12.3271 -42.0290 -24.5042 -0.9842 -38.7065 7.3605 -48.8337 -31.0996 9.4849 -39.5299 35.2008 -44.8488 -14.8501 -48.8432 -25.9862 -45.6941 -29.9081 -34.9211 -31.5277 -29.1694 -31.4287 -34.5565 -30.0212 -43.3784 -27.6406 -48.3229 -24.4313 -48.9057 -19.6207 -46.3652 -5.8830 -42.9770 34.8111 -39.6655 23.6538 -35.1278 6.8147 -31.2022 -44.5436 -23.6327 -45.9314 34.9818 -36.4515 -2.8248 -26.5701 -44.9765 26.6716 -31.6416 -49.0194 32.3970 -34.3549 -47.7469 10.3714 -35.2340 -44.3172 -9.6372 -41.5023 -21.5063 -3.7305 -39.8455 -19.8220 -7.6103 -39.9416 -19.5590 1.7462 -44.1960 -26.4340 9.6240 -38.5284 -21.1881 -35.4824 -32.8432 13.9386 -48.8253 -29.6324 27.4708
-29.1533 -48.8182 10.3991 -32.9199 -33.5916 -21.5786 -38.7264 10.2336 -26.5516 -44.5256 29.3278 -38.5227 13.3342 -44.2138 22.3581 -34.0024 -47.9036 -29.1383 6.3348 -40.3618 -19.2293 -22.0089 -37.8678 -13.9053 -34.3383 -36.9523 -9.1686 -43.0068 -36.2762 35.0110 -48.4301 -30.1913 9.1651 -39.7905 34.7190 -46.8124 -22.5860 -46.6981 -31.2245 -9.0880 -35.3382 8.9754 -37.0969 14.2414 -37.5110 15.6246 -37.0111 14.3005 -35.9863 10.8686 -34.7183 4.6073 -33.1353 -12.6231 -30.5986 -41.5375 -26.6805 -49.2803 -20.9885 -46.1415 6.4200 -40.9326 27.7625 -35.7030 1.0397 -28.6368 -48.7099 16.0664 -37.1996 -1.4861 -25.6238 -43.1851 18.5899 -29.1889 -46.4719 26.3064 -30.5007 -47.1102 27.9149 -31.3244 -47.6991 30.9705 -45.7391 -29.5145 21.7609 -45.7125 -29.1874 21.9312 -46.0905 -28.8365 27.6578 -44.5303 -26.5518 10.2336 -38.7264 -21.5786 -33.5916 -32.9199 10.3991 -48.8182 -29.1533
-48.7083 6.8172 -32.9787 -31.5235 -21.9453 -38.9343 10.8618 -26.6770 -44.7882 28.1425 -29.2805 -32.0449 -48.7948 14.1839 -39.6217 -5.7396 -29.4724 -36.6799 -36.5929 33.3355 -49.1546 -33.4402 32.6797 -48.3286 -32.2825 31.2003 -48.0187 -31.7547 25.3949 -45.7192 -27.5531 3.3493 -39.3535 34.0221 -47.5542 -25.7137 -36.6984 -34.1172 10.0221 -38.6024 23.6247 -40.3596 33.5932 -42.0985 35.1743 -42.7670 32.1529 -42.7222 32.2700 -42.1654 34.7816 -41.0955 33.2557 -39.3075 25.8968 -36.5078 15.7298 -33.9469 -0.8578 -30.5803 -45.9348 -23.8992 -47.0336 22.2198 -38.9565 13.6391 -30.4503 -49.0335 16.1853 -36.8502 -21.0301 -21.2482 -39.5806 5.5129 -24.5300 -41.0694 8.3321 -24.4437 -40.8569 7.4059 -24.8189 -42.1087 17.7283 -48.8550 -33.5074 31.6168 -49.1810 -32.5286 34.1213 -48.9624 -30.0143 28.1165 -44.7888 -26.6770 10.8618 -38.9343 -21.9453 -31.5235 -32.9787 6.8172 -48.7083
-4.8622 -32.9600 -29.3103 -22.2951 -39.1474 11.5051 -26.7992 -45.0437 28.9470 -30.2707 -49.4038 28.2877 -26.7600 -45.9647 22.6310 -33.0827 -46.0606 -33.2123 21.3015 -44.4055 -26.9176 10.7560 -41.7878 -24.4525 7.8682 -41.4334 -24.4604 7.0245 -40.8623 -21.0894 -23.9367 -37.8376 35.6647 -47.2727 -26.5036 -25.6122 -35.8921 17.6353 -40.3165 35.5217 -43.8847 -5.8455 -47.1115 -20.2447 -48.9284 -23.6735 -49.1757 -24.8291 -49.0652 -24.7748 -49.2675 -23.5778 -49.1302 -21.0385 -47.5411 -14.9891 -44.3282 28.9451 -40.1631 23.8671 -36.0084 1.2825 -29.9169 -49.0258 -12.6382 -40.6289 16.2714 -30.3910 -48.6685 34.9072 -34.8793 -46.4917 -1.9621 -35.7986 -40.8216 -9.0156 -35.7082 -43.5217 -0.6984 -35.2074 -44.7921 -4.7193 -39.4192 -17.8896 -26.9294 -36.4361 -14.3402 -42.1701 -33.2370 9.1861 -48.8361 -30.2952 28.9484 -45.0437 -26.7992 11.5051 -39.1474 -22.2951 -29.3103 -32.9600 -4.8622
-34.3464 -26.9692 -22.6251 -39.3649 12.1507 -26.9187 -45.2844 29.7556 -30.3670 -48.7505 2.0887 -34.2538 -47.4803 19.4041 -36.1599 -31.7736 -31.4571 2.4202 -39.5766 -13.5486 -40.0813 -36.2037 11.0197 -46.9361 -35.0765 11.7099 -46.3410 -35.5735 19.2592 -48.5548 -34.5345 29.0665 -45.6831 -25.1627 -25.6356 -36.5334 22.2246 -41.3669 18.3661 -47.2999 -23.3684 -47.4066 -29.8277 -19.9455 -32.9870 4.5066 -33.8950 10.7727 -33.8219 12.5873 -33.6362 11.1446 -33.0276 5.8334 -32.1571 -16.6623 -29.0606 -48.6703 -21.2591 -45.7301 34.6141 -39.3297 14.2788 -32.4546 -47.3690 -14.9445 -40.1770 11.7319 -28.4866 -46.0790 26.0185 -31.2342 -47.9496 31.7317 -31.7998 -48.0186 29.8960 -30.9358 -46.6622 25.2063 -30.7276 -46.7394 34.4563 -40.9921 -24.6106 4.7816 -38.5067 -20.8087 -32.7994 -32.7527 0.6866 -48.7500 -30.3659 29.7556 -45.2844 -26.9187 12.1507 -39.3649 -22.6251 -26.9692 -34.3464
-27.4645 -22.9284 -39.5847 12.7977 -27.0372 -45.5149 30.5087 -30.4529 -48.7602 -1.3250 -32.9421 -25.5863 -19.6672 -38.8706 8.5291 -33.4528 -32.2751 -36.3600 34.4367 -48.0959 -31.6713 23.0171 -45.4157 -29.4275 20.5371 -45.2881 -29.8426 22.5374 -45.8258 -29.4866 15.8266 -42.3072 -20.8089 -37.6251 -35.9455 23.3828 -42.0891 -7.2333 -48.7241 -28.5812 -16.9395 -34.7205 17.0873 -38.1018 32.2968 -41.2230 28.1128 -42.7825 4.0646 -43.3374 -0.9227 -43.1642 11.2122 -42.2074 34.0518 -39.4046 21.1291 -34.8959 -19.3358 -27.7702 -48.4872 6.4423 -40.6201 17.6174 -32.8206 -48.3370 -3.0313 -38.5218 -4.4610 -23.2542 -41.0926 9.6481 -25.6800 -42.1600 10.9564 -24.9660 -40.9664 5.1209 -22.3159 -39.9802 -2.0055 -21.7461 -41.1540 27.7512 -43.3860 -26.5564 11.3516 -39.5561 -22.3001 -28.9615 -32.8602 -1.2966 -48.7602 -30.4529 30.5087 -45.5149 -27.0372 12.7977 -39.5847 -22.9284 -27.4645
-21.5056 -39.8062 13.4415 -27.1566 -45.7389 31.2151 -30.5573 -48.7533 -3.0834 -33.2643 -25.8883 -22.8820 -41.3216 24.3551 -37.8443 -8.0766 -34.8271 15.6019 -42.5487 -23.4026 -2.9120 -39.4729 -17.3980 -22.9859 -38.3183 -17.5834 -14.9441 -39.1506 -19.4814 -13.9592 -38.4560 -4.3099 -47.7735 -34.0067 20.5729 -41.9341 -11.6202 -48.7413 -30.6731 6.0058 -37.5090 34.3726 -43.7829 -16.9147 -48.8531 -24.7811 -46.9250 -28.1051 -36.8102 -29.4073 -31.8708 -29.2429 -38.8311 -27.4593 -48.7094 -21.7897 -45.1482 33.4757 -38.0049 -0.3576 -29.8226 -48.6957 0.9282 -40.8758 14.1392 -31.0043 -48.5324 35.3900 -35.6719 -46.0917 -1.1244 -36.3067 -39.2445 -9.8228 -36.0007 -43.5487 4.4584 -34.1025 -48.9051 32.3693 -34.0386 -49.1727 32.2413 -38.9571 32.8586 -45.9544 -28.4667 12.7925 -39.6508 -22.7567 -25.9507 -33.2554 -3.1056 -48.7532 -30.5573 31.2151 -45.7389 -27.1566 13.4415 -39.8062 -21.5056
-40.4936 14.0827 -27.2756 -45.9601 31.8794 -30.6728 -48.7226 -4.9133 -33.6237 -22.6391 -23.0752 -41.3624 35.5692 -42.6645 19.8554 -36.8958 2.7122 -38.3343 16.2995 -48.6428 -34.6631 33.7697 -48.4626 -32.6617 31.2402 -48.4316 -32.8834 34.3762 -49.1673 -33.7819 33.4315 -47.9306 -30.7504 13.7954 -40.8016 -7.6689 -48.7248 -31.3282 10.8143 -38.5348 18.7721 -48.2769 -27.2652 -18.3923 -32.7635 15.0174 -36.0739 26.2696 -38.5120 31.2718 -39.2018 31.0879 -38.3578 24.6916 -35.3133 -6.8661 -26.4906 -46.3048 33.4439 -38.6003 -1.6167 -29.3644 -48.5056 26.1742 -39.8118 2.6893 -26.3340 -44.5844 21.0179 -30.8966 -47.1889 28.9237 -31.8363 -47.7050 28.3946 -30.6874 -45.7626 20.5821 -28.0795 -43.5325 14.5330 -27.0066 -43.6937 25.2345 -40.1036 13.1344 -48.8276 -31.9981 14.4270 -39.7881 -23.1002 -22.6513 -33.6191 -4.9283 -48.7226 -30.6728 31.8794 -45.9601 -27.2756 14.0827 -40.4936
14.6707 -27.3279 -46.1747 32.5046 -30.7945 -48.6632 -6.6245 -33.9572 -19.6671 -23.4712 -40.3354 31.1076 -45.6751 35.8991 -41.1649 11.0377 -37.0284 25.5778 -45.3222 -27.8144 11.0395 -41.9206 -23.3048 3.2968 -40.9014 -22.9980 6.7998 -41.8261 -25.2906 11.2245 -42.2512 -24.4081 -1.5673 -39.1591 18.6226 -48.8240 -30.8425 10.5955 -39.0279 4.9907 -48.9406 -30.2244 13.0069 -38.2430 30.9357 -44.7437 -18.2882 -48.8122 -22.8765 -49.4407 -23.9821 -49.4494 -22.5652 -48.6446 22.1739 -37.7667 -22.7733 -22.1712 -44.2144 26.8737 -37.5734 -19.8876 -25.8263 -46.6610 33.0128 -36.7493 -41.2903 -14.1044 -39.6859 -1.4406 -22.8140 -41.1669 6.1093 -23.4687 -40.6245 -0.2447 -20.0082 -38.1593 -30.3845 -11.6683 -36.3337 -41.1885 -7.6818 -39.5921 28.6014 -44.5835 -23.3459 -35.7326 -36.0020 20.5542 -40.3486 -23.4332 -19.5964 -33.9566 -6.6283 -48.6632 -30.7945 32.5046 -46.1747 -27.3279 14.6707
-26.1173 -46.3825 33.0732 -30.9188 -48.5710 -8.1819 -34.2742 -16.6776 -23.7742 -40.3935 17.9154 -32.4802 -17.2770 -45.3743 29.9690 -37.9987 11.5891 -40.2378 -14.2038 -40.6433 -36.4777 29.3870 -49.0417 -34.4254 34.3667 -49.2242 -34.1711 22.1445 -46.9138 -35.4446 6.7906 -46.6951 -35.7982 34.4959 -47.5268 -29.0623 6.2102 -39.1571 18.6536 -48.7787 -30.6029 16.0351 -41.0993 -19.3250 -48.9170 -29.4968 1.4632 -32.9355 16.6003 -35.1696 19.7890 -35.0644 15.7540 -30.0038 -48.9114 26.3499 -33.7393 -48.4368 -9.9176 -41.8506 17.0602 -34.9141 -45.3287 -16.4771 -42.9051 16.7041 -31.5279 -48.2885 34.5270 -34.9899 -48.7454 26.2236 -35.1353 -48.2813 28.2267 -33.6305 -49.2169 33.1378 -31.7078 -46.9918 25.1779 -30.7000 -46.3693 31.2395 -40.1718 8.3452 -48.7149 -33.3567 14.8819 -40.5639 34.1450 -40.4335 -23.7638 -16.6873 -34.2738 -8.1819 -48.5710 -30.9188 33.0732 -46.3825 -26.1173
-46.4601 33.5619 -31.0441 -48.4417 -9.5775 -34.5748 -13.8487 -24.0491 -40.5679 15.7600 -26.9935 -40.3502 -33.6795 -14.9267 -41.1411 14.0185 -37.9067 34.0404 -47.7986 -31.0584 18.5307 -43.6643 -26.4947 11.4895 -42.5255 -25.9129 13.9786 -43.5507 -28.4988 20.7481 -45.5397 -29.8541 18.1914 -43.5433 -24.5581 -9.8626 -38.3779 34.5709 -48.1564 -29.4802 9.7428 -40.0063 -19.1336 -22.2695 -39.5692 25.6407 -42.8716 -5.5050 -47.5598 -24.1342 -49.2344 -22.6472 -46.8665 -9.4016 -2.2481 -39.3109 -8.4785 -31.7916 -49.1992 35.2458 -39.4725 2.3604 -29.4121 -48.3553 34.4390 -38.8225 -14.2400 -22.3884 -42.5642 12.9667 -27.8931 -44.5147 18.6177 -28.4965 -43.8844 14.3700 -25.2796 -41.2638 2.6551 -20.8435 -39.3097 -12.5603 -18.9751 -40.6470 28.0871 -44.6157 -26.0155 4.0603 -40.7046 23.9548 -48.0468 31.3929 -40.3564 -24.0540 -13.8585 -34.5748 -9.5775 -48.4417 -31.0441 33.5619 -46.4601
31.4114 -30.8768 -48.2720 -10.8288 -34.8623 -11.2394 -24.3008 -40.7732 16.2437 -27.5877 -46.4838 26.1400 -29.0081 -46.6488 32.5749 -38.1885 16.9550 -42.1589 -21.1775 -18.8882 -37.8404 -0.1988 -45.9000 -35.4483 19.4496 -47.1258 -35.1554 -5.5006 -36.5898 -37.6529 -17.0366 -18.9861 -38.4928 -10.3485 -44.5796 -35.8645 31.8415 -46.4211 -26.9775 -2.8904 -38.4019 19.4934 -48.8964 -39.3091 24.9724 -43.4623 -17.1930 -48.6848 -32.7803 -35.1776 -35.2606 -41.0487 -32.0004 -48.7667 -30.1206 -27.0799 -34.5534 -48.5958 -19.8655 -42.5949 18.5364 -35.2813 -44.2219 -18.1318 -43.6644 20.1465 -33.5644 -49.1381 30.5853 -36.9946 -39.5109 -11.5854 -37.6992 -32.1507 -11.5636 -35.7705 -46.5535 24.3241 -33.4537 -49.2039 33.8651 -32.9537 -48.5810 34.7851 -39.2721 23.9370 -48.7903 -35.0058 32.5396 -47.7485 -21.2065 -29.6396 15.6735 -40.7857 -24.3006 -11.2394 -34.8623 -10.8288 -48.2720 -30.8768 31.4114
