-25.6777 -47.2466 29.2199 -31.6601 -46.6107 -16.9089 -37.7186 3.0584 -24.1160 -43.4974 24.5008 -28.4104 -48.4596 5.3334 -33.2832 -36.5505 -20.3696 -39.6191 11.6465 -25.4751 -45.5950 30.5728 -30.1273 -48.7378 -11.6537 -35.8242 -12.4639 -22.7272 -41.6482 18.4593 -26.9801 -47.4528 27.7782 -31.8693 -45.9410 -17.4301 -37.9452 4.3870 -24.2761 -43.7607 25.3577 -28.6124 -48.5140 1.9531 -33.4751 -34.3270 -20.7066 -39.8577 12.5490 -26.2362 -48.1830 -26.2362 12.5491 -39.8571 -20.7066 -34.3270 -33.4751 1.9531 -48.5140 -28.6124 25.3577 -43.7607 -24.2761 4.3870 -37.9452 -17.4301 -45.9410 -31.8693 27.7782 -47.4528 -26.9801 18.4593 -41.6482 -22.7272 -12.4639 -35.8242 -11.6537 -48.7378 -30.1273 30.5728 -45.5950 -25.4751 11.6465 -39.6191 -20.3696 -36.5505 -33.2832 5.3334 -48.4596 -28.4104 24.5008 -43.4974 -24.1160 3.0584 -37.7186 -16.9089 -46.6107 -31.6601 29.2199 -47.2466 -25.6777
-47.2466 34.6447 -31.4254 -46.3930 -16.4954 -36.6763 2.8826 -25.8184 -43.1305 23.7176 -29.0774 -48.6762 21.8765 -32.2766 -36.1299 -21.4255 -38.8270 11.1754 -26.8382 -45.4318 30.9560 -30.3411 -48.6977 -7.4300 -34.4708 -12.1597 -24.4397 -41.0906 17.7338 -27.9882 -47.4843 34.5505 -31.5150 -45.7530 -17.2467 -36.9323 4.1685 -25.9370 -43.4207 24.6114 -29.2273 -48.7556 18.0653 -32.3660 -33.8692 -21.8813 -39.0956 11.9898 -26.9618 -45.2230 31.1952 -45.2243 -26.9633 11.9899 -39.0947 -21.8813 -33.8692 -32.3660 18.0653 -48.7556 -29.2273 24.6114 -43.4207 -25.9370 4.1685 -36.9323 -17.2467 -45.7530 -31.5150 34.5505 -47.4843 -27.9882 17.7338 -41.0906 -24.4397 -12.1597 -34.4708 -7.4300 -48.6977 -30.3411 30.9560 -45.4318 -26.8382 11.1754 -38.8270 -21.4255 -36.1299 -32.2766 21.8765 -48.6762 -29.0774 23.7176 -43.1305 -25.8184 2.8826 -36.6763 -16.4954 -46.3930 -31.4254 34.6447 -47.2466
29.2199 -31.4254 -46.5851 -16.0594 -36.5082 1.8650 -25.7094 -42.9000 23.0171 -29.1118 -48.5932 24.6858 -32.6739 -37.7350 -21.0529 -38.6103 10.4964 -26.7656 -45.2116 30.2808 -30.4605 -48.7435 -5.6464 -34.1827 -14.6971 -24.2108 -40.8641 17.0913 -27.9653 -47.3052 34.7188 -31.7568 -46.3136 -16.6300 -36.7266 3.1579 -25.8294 -43.1912 23.9043 -29.2694 -48.6944 21.3000 -32.7834 -35.6818 -21.5303 -38.8772 11.3340 -26.8943 -45.5129 30.4917 -34.0793 30.4739 -45.5207 -26.9083 11.3303 -38.8768 -21.5301 -35.6818 -32.7834 21.3000 -48.6944 -29.2694 23.9043 -43.1912 -25.8294 3.1579 -36.7266 -16.6300 -46.3136 -31.7568 34.7188 -47.3052 -27.9653 17.0913 -40.8641 -24.2108 -14.6971 -34.1827 -5.6464 -48.7435 -30.4605 30.2808 -45.2116 -26.7656 10.4964 -38.6103 -21.0529 -37.7350 -32.6739 24.6858 -48.5932 -29.1118 23.0171 -42.9000 -25.7094 1.8650 -36.5082 -16.0594 -46.5851 -31.4254 29.2199
-31.6601 -46.3930 -16.0594 -36.4396 1.1749 -25.6351 -42.6988 22.3608 -28.9902 -48.4953 27.0308 -32.5840 -39.2060 -20.6477 -38.3956 9.8039 -26.6527 -44.9859 29.5707 -30.3315 -48.7603 -3.6234 -33.8846 -17.3723 -23.9637 -40.6390 16.4538 -27.8394 -47.1166 34.6957 -31.6417 -46.7986 -15.9668 -36.5161 2.0485 -25.7317 -42.9622 23.2049 -29.1347 -48.6135 24.1483 -32.7107 -37.3277 -21.1540 -38.6605 10.6673 -26.7554 -45.0350 31.4367 -32.4904 -43.7384 -31.2266 30.5191 -45.2604 -26.7918 10.6565 -38.6605 -21.1538 -37.3277 -32.7107 24.1483 -48.6135 -29.1347 23.2049 -42.9622 -25.7317 2.0485 -36.5161 -15.9668 -46.7986 -31.6417 34.6957 -47.1166 -27.8394 16.4538 -40.6390 -23.9637 -17.3723 -33.8846 -3.6234 -48.7603 -30.3315 29.5707 -44.9859 -26.6527 9.8039 -38.3956 -20.6477 -39.2060 -32.5840 27.0308 -48.4953 -28.9902 22.3608 -42.6988 -25.6351 1.1749 -36.4396 -16.0594 -46.3930 -31.6601
-46.6107 -16.4954 -36.5082 1.1749 -25.6060 -42.5796 21.8740 -28.8895 -48.3950 28.9049 -32.4877 -40.5273 -20.2180 -38.1831 9.0964 -26.5400 -44.7551 28.8375 -30.2041 -48.7507 -1.2960 -33.5780 -20.1226 -23.6995 -40.4160 15.8219 -27.7122 -46.9188 34.5297 -31.5265 -47.2139 -15.2554 -36.2937 0.8199 -25.6312 -42.7343 22.5165 -28.9973 -48.5141 26.6498 -32.6321 -38.8122 -20.7611 -38.4463 9.9797 -26.6348 -44.6983 34.8610 -38.2380 -33.5365 -23.2594 -48.7549 -30.3379 29.7031 -44.1793 -28.2801 9.9570 -38.4455 -20.7609 -38.8122 -32.6321 26.6498 -48.5141 -28.9973 22.5165 -42.7343 -25.6312 0.8199 -36.2937 -15.2554 -47.2139 -31.5265 34.5297 -46.9188 -27.7122 15.8219 -40.4160 -23.6995 -20.1226 -33.5780 -1.2960 -48.7507 -30.2041 28.8375 -44.7551 -26.5400 9.0964 -38.1831 -20.2180 -40.5273 -32.4877 28.9049 -48.3950 -28.8895 21.8740 -42.5796 -25.6060 1.1749 -36.5082 -16.4954 -46.6107
-16.9089 -36.6763 1.8650 -25.6351 -42.5796 21.6934 -28.8274 -48.3111 30.2103 -32.4001 -41.6310 -19.7838 -37.9779 8.3782 -26.4286 -44.5226 28.0953 -30.0795 -48.7558 1.3358 -33.2643 -22.8457 -23.4207 -40.1971 15.2004 -27.5856 -46.7157 34.2416 -31.4131 -47.5631 -14.4964 -36.0581 -0.5343 -25.5173 -42.5096 21.8445 -28.8610 -48.4002 28.7577 -32.5454 -40.1519 -20.3486 -38.2344 9.2683 -26.5419 -44.5629 34.5708 -43.5328 -6.5396 -47.4016 -34.6516 0.8189 -49.0695 -26.3764 -2.7048 -48.4778 -29.5036 9.2408 -38.2320 -20.3491 -40.1519 -32.5454 28.7577 -48.4002 -28.8610 21.8445 -42.5096 -25.5173 -0.5343 -36.0581 -14.4964 -47.5631 -31.4131 34.2416 -46.7157 -27.5856 15.2004 -40.1971 -23.4207 -22.8457 -33.2643 1.3358 -48.7558 -30.0795 28.0953 -44.5226 -26.4286 8.3782 -37.9779 -19.7838 -41.6310 -32.4001 30.2103 -48.3111 -28.8274 21.6934 -42.5796 -25.6351 1.8650 -36.6763 -16.9089
-37.7186 2.8826 -25.7094 -42.6988 21.8740 -28.8274 -48.2754 30.9000 -32.3349 -42.4459 -19.3880 -37.7921 7.6795 -26.3204 -44.2882 27.3377 -29.9610 -48.7891 4.2401 -33.0307 -25.5277 -23.1231 -39.9835 14.5910 -27.4572 -46.5045 33.8444 -31.3039 -47.8535 -13.6850 -35.8073 -2.0590 -25.3831 -42.2877 21.1873 -28.7273 -48.2725 30.4868 -32.4462 -41.3756 -19.9082 -38.0271 8.5564 -26.4483 -44.4693 28.8186 -39.3359 32.8575 -44.9112 -22.2162 -11.6129 -33.9694 24.6830 -47.8425 29.0976 -33.0620 -48.3726 -28.4619 8.5515 -38.0240 -19.9088 -41.3756 -32.4462 30.4868 -48.2725 -28.7273 21.1873 -42.2877 -25.3831 -2.0590 -35.8073 -13.6850 -47.8535 -31.3039 33.8444 -46.5045 -27.4572 14.5910 -39.9835 -23.1231 -25.5277 -33.0307 4.2401 -48.7891 -29.9610 27.3377 -44.2882 -26.3204 7.6795 -37.7921 -19.3880 -42.4459 -32.3349 30.9000 -48.2754 -28.8274 21.8740 -42.6988 -25.7094 2.8826 -37.7186
3.0584 -25.8184 -42.9000 22.3608 -28.8895 -48.3111 30.9000 -32.3101 -42.8826 -19.0977 -37.6441 7.0579 -26.2219 -44.0588 26.5852 -29.8504 -48.8125 7.2840 -32.9036 -28.1564 -22.8019 -39.7787 14.0024 -27.3252 -46.2815 33.3433 -31.2026 -48.0914 -12.8175 -35.5417 -3.7865 -25.2283 -42.0664 20.5382 -28.5968 -48.1350 31.8462 -32.3314 -42.5016 -19.4302 -37.8282 7.8506 -26.3357 -44.3460 26.9189 -34.5484 7.5404 -39.2654 28.7574 -42.1645 -22.9493 -35.8514 -33.0058 21.3155 -38.5285 -2.8253 -25.5711 -46.7510 -26.7604 7.8706 -37.8260 -19.4280 -42.5074 -32.3270 31.8288 -48.1337 -28.5970 20.5382 -42.0664 -25.2283 -3.7865 -35.5417 -12.8175 -48.0914 -31.2026 33.3433 -46.2815 -27.3252 14.0024 -39.7787 -22.8019 -28.1564 -32.9036 7.2840 -48.8125 -29.8504 26.5852 -44.0588 -26.2219 7.0579 -37.6441 -19.0977 -42.8826 -32.3101 30.9000 -48.3111 -28.8895 22.3608 -42.9000 -25.8184 3.0584
-24.1160 -43.1305 23.0171 -28.9902 -48.3950 30.2103 -32.3349 -42.8826 -18.9891 -37.5584 6.6038 -26.1462 -43.8616 25.8967 -29.7543 -48.8137 10.3107 -32.7869 -30.7187 -22.4508 -39.5867 13.4458 -27.1894 -46.0471 32.7475 -31.1123 -48.2811 -11.8995 -35.2613 -5.7461 -25.0521 -41.8447 19.8936 -28.4723 -47.9910 32.8729 -32.1948 -43.5059 -18.8635 -37.6405 7.1420 -26.2155 -44.0711 26.6908 -30.8122 -46.2245 -30.5399 -10.1285 -34.6012 16.6059 -38.9889 -16.6545 -49.1119 -28.3506 -34.2258 -27.4606 -48.6093 21.5726 -43.9565 -26.2149 7.2059 -37.6541 -18.8777 -43.5597 -32.1154 32.8145 -47.9857 -28.4726 19.8937 -41.8447 -25.0521 -5.7461 -35.2613 -11.8995 -48.2811 -31.1123 32.7475 -46.0471 -27.1894 13.4458 -39.5867 -22.4508 -30.7187 -32.7869 10.3107 -48.8137 -29.7543 25.8967 -43.8616 -26.1462 6.6038 -37.5584 -18.9891 -42.8826 -32.3349 30.2103 -48.3950 -28.9902 23.0171 -43.1305 -24.1160
-43.4974 23.7176 -29.1118 -48.4953 28.9049 -32.4001 -42.4459 -19.0977 -37.5584 6.4327 -26.1040 -43.7276 25.3678 -29.6795 -48.7996 13.0533 -32.6551 -33.0777 -22.0704 -39.4123 12.9364 -27.0467 -45.7968 32.0547 -31.0410 -48.4274 -10.9473 -34.9650 -7.9912 -24.8514 -41.6175 19.2382 -28.3609 -47.8437 33.6014 -32.0172 -44.4436 -18.0852 -37.5165 8.1480 -26.0712 -43.7967 25.7875 -29.7428 -48.7233 -15.8746 -47.7154 -22.8206 -48.8866 -29.0615 6.4754 -36.9047 32.0928 -44.8628 -11.3676 -45.7342 32.5249 -39.8431 28.8113 -43.6067 -26.0665 7.1937 -36.4301 -19.6275 -44.9405 -31.8831 33.5262 -47.8363 -28.3613 19.2370 -41.6170 -24.8514 -7.9912 -34.9650 -10.9473 -48.4274 -31.0410 32.0547 -45.7968 -27.0467 12.9364 -39.4123 -22.0704 -33.0777 -32.6551 13.0533 -48.7996 -29.6795 25.3678 -43.7276 -26.1040 6.4327 -37.5584 -19.0977 -42.4459 -32.4001 28.9049 -48.4953 -29.1118 23.7176 -43.4974
24.5008 -29.0774 -48.5932 27.0308 -32.4877 -41.6310 -19.3880 -37.6441 6.6038 -26.1040 -43.6793 25.0761 -29.6324 -48.7818 15.1437 -32.5222 -35.0638 -21.6843 -39.2609 12.4916 -26.8979 -45.5245 31.2552 -30.9948 -48.5343 -10.0023 -34.6599 -10.4889 -24.6259 -41.3756 18.5457 -28.2756 -47.7050 34.0459 -31.7722 -45.3786 -17.2696 -40.0349 34.2479 -5.4514 -42.1646 23.1649 -29.7826 -48.9024 14.2699 -40.3497 35.1535 -43.2127 19.2763 -45.4103 -25.2419 -25.2901 -33.2972 17.3376 -37.3695 21.8873 -37.4795 7.6807 -34.1763 23.7375 -43.0812 -22.3074 -48.4970 -16.6515 -24.1209 -45.2074 -31.6973 34.0033 -47.7037 -28.2782 18.5352 -41.3747 -24.6259 -10.4889 -34.6599 -10.0023 -48.5343 -30.9948 31.2552 -45.5245 -26.8979 12.4916 -39.2609 -21.6843 -35.0638 -32.5222 15.1437 -48.7818 -29.6324 25.0761 -43.6793 -26.1040 6.6038 -37.6441 -19.3880 -41.6310 -32.4877 27.0308 -48.5932 -29.0774 24.5008
-28.4104 -48.6762 24.6858 -32.5840 -40.5273 -19.7838 -37.7921 7.0579 -26.1462 -43.7276 25.0761 -29.6177 -48.7691 16.4484 -32.4106 -36.5965 -21.3217 -39.1376 12.1313 -26.7523 -45.2420 30.3685 -30.9752 -48.6088 -9.1069 -34.3558 -13.1322 -24.3786 -41.1062 17.7795 -28.2273 -47.6027 34.2515 -31.4368 -46.2877 -16.4805 -40.1426 -0.1555 -49.3270 -29.4656 -0.7041 -28.3473 -48.7379 22.4676 -35.9354 23.1624 -43.4357 35.8921 -40.5733 30.1499 -41.3363 -16.9518 -49.2610 -27.2293 -37.3514 -30.2199 -38.1692 -27.9727 -48.2479 -29.8710 13.7565 -37.7762 21.1054 -32.7921 -45.8943 -24.8451 -45.9973 -31.3994 34.2446 -47.6083 -28.2304 17.7741 -41.1069 -24.3790 -13.1370 -34.3558 -9.1069 -48.6088 -30.9752 30.3685 -45.2420 -26.7523 12.1313 -39.1376 -21.3217 -36.5965 -32.4106 16.4484 -48.7691 -29.6177 25.0761 -43.7276 -26.1462 7.0579 -37.7921 -19.7838 -40.5273 -32.5840 24.6858 -48.6762 -28.4104
-48.4596 21.8765 -32.6739 -39.2060 -20.2180 -37.9779 7.6795 -26.2219 -43.8616 25.3678 -29.6324 -48.7691 16.9012 -32.3435 -37.5593 -21.0339 -39.0501 11.8782 -26.6201 -44.9692 29.4603 -30.9798 -48.6581 -8.3129 -34.0516 -15.8307 -24.1174 -40.8053 16.9554 -28.1707 -47.4814 34.3566 -31.0862 -47.0938 -15.5323 -37.5166 26.2578 -44.3793 -10.3650 -48.8590 -19.3890 -45.1642 34.6079 -32.7401 -27.9712 -25.5532 -16.2411 -45.5099 34.3261 -39.4265 20.0758 -38.5583 35.1831 -43.4787 -8.6481 -46.0870 -12.2346 -44.8691 -1.0651 -46.9797 -25.7987 -35.3856 -30.5262 -42.8548 -23.1987 -47.0847 -18.5987 -47.2611 -31.0628 34.3527 -47.4407 -28.2744 16.7472 -40.8215 -24.1187 -15.8358 -34.0519 -8.3130 -48.6581 -30.9798 29.4603 -44.9692 -26.6201 11.8782 -39.0501 -21.0339 -37.5593 -32.3435 16.9012 -48.7691 -29.6324 25.3678 -43.8616 -26.2219 7.6795 -37.9779 -20.2180 -39.2060 -32.6739 21.8765 -48.4596
5.3334 -32.2766 -37.7350 -20.6477 -38.1831 8.3782 -26.3204 -44.0588 25.8967 -29.6795 -48.7818 16.4484 -32.3435 -37.8827 -20.8717 -38.9971 11.7136 -26.5129 -44.7252 28.6117 -31.0052 -48.6875 -7.7103 -33.7453 -18.5624 -23.8480 -40.4925 16.0916 -28.6657 -46.0490 33.4109 -30.1537 -47.4330 -14.7071 -37.3657 8.4911 -36.0646 23.3250 -40.6481 32.8004 -39.1532 19.0896 -31.2655 -46.7928 -20.2307 -42.8382 -18.1549 -21.2510 -44.0054 33.4718 -38.8038 24.2432 -38.2708 30.0116 -39.3958 34.2260 -40.3655 31.7716 -39.2992 34.2300 -42.5713 -10.4805 -46.9410 -13.4329 -45.6695 34.3215 -40.7495 -14.2181 -47.4958 -30.0793 31.8413 -46.6603 -31.4982 15.6488 -40.5192 -23.8472 -18.5522 -33.7471 -7.7065 -48.6875 -31.0052 28.6117 -44.7252 -26.5129 11.7136 -38.9971 -20.8717 -37.8827 -32.3435 16.4484 -48.7818 -29.6795 25.8967 -44.0588 -26.3204 8.3782 -38.1831 -20.6477 -37.7350 -32.2766 5.3334
-33.2832 -36.1299 -21.0529 -38.3956 9.0964 -26.4286 -44.2882 26.5852 -29.7543 -48.7996 15.1437 -32.4106 -37.5593 -20.8717 -38.9783 11.6274 -26.4445 -44.5421 27.9102 -31.0459 -48.7024 -7.3808 -33.4460 -21.2090 -23.5600 -40.1855 15.2029 -29.0881 -48.0072 -44.2998 -18.3052 -49.3510 -8.1322 -37.5055 5.8497 -29.6311 -42.5471 -32.3446 0.0659 -33.0763 -17.4299 -27.8669 -48.9220 -5.9432 -38.3483 17.0322 -31.9824 -48.7554 -18.7727 -45.6734 -7.8226 -43.9412 3.9778 -43.1228 18.2399 -42.7000 30.9367 -41.8712 35.3840 -40.3815 34.5044 -39.8202 35.9340 -41.1144 31.9623 -40.0974 20.0316 -37.4365 -9.8167 -49.3792 -21.9577 -46.6854 -22.0497 -33.0932 14.7853 -40.2025 -23.5692 -21.2060 -33.4491 -7.3723 -48.7024 -31.0459 27.9102 -44.5421 -26.4445 11.6274 -38.9783 -20.8717 -37.5593 -32.4106 15.1437 -48.7996 -29.7543 26.5852 -44.2882 -26.4286 9.0964 -38.3956 -21.0529 -36.1299 -33.2832
-36.5505 -21.4255 -38.6103 9.8039 -26.5400 -44.5226 27.3377 -29.8504 -48.8137 13.0533 -32.5222 -36.5965 -21.0339 -38.9971 11.6274 -26.4215 -44.4471 27.4578 -31.0849 -48.7077 -7.3318 -33.1713 -23.6212 -23.2340 -40.0927 14.7741 -28.9643 -48.4043 -26.6883 22.5337 -39.5411 27.3678 -34.7693 -3.5143 -25.6673 -45.2197 -15.1028 -48.4985 -21.7198 -48.3589 -16.5933 -44.0072 35.1632 -36.8318 10.8588 -35.4806 -18.4988 -31.3175 -35.3464 -29.6605 -38.4267 -29.0269 -42.0255 -28.0334 -46.3712 -26.3455 -48.9522 -23.7868 -48.8632 -19.7623 -46.4115 -8.0764 -43.4106 32.4890 -41.0299 28.8191 -38.2463 17.1049 -37.4982 34.4136 -42.7937 32.9267 -35.2678 -40.8496 -31.2469 14.1320 -39.9048 -23.2965 -23.6664 -33.1724 -7.3272 -48.7077 -31.0849 27.4578 -44.4471 -26.4215 11.6274 -38.9971 -21.0339 -36.5965 -32.5222 13.0533 -48.8137 -29.8504 27.3377 -44.5226 -26.5400 9.8039 -38.6103 -21.4255 -36.5505
-20.3696 -38.8270 10.4964 -26.6527 -44.7551 28.0953 -29.9610 -48.8125 10.3107 -32.6551 -35.0638 -21.3217 -39.0501 11.7136 -26.4445 -44.4471 27.3069 -31.1065 -48.7085 -7.4379 -32.9445 -25.6951 -22.9418 -40.5688 33.2163 -30.4651 -49.0351 -11.6511 -48.9783 -29.7186 -16.1825 -30.0035 -46.6341 -21.2892 -41.4136 32.7381 -40.8451 35.6978 -41.7338 35.6107 -39.6190 32.1505 -38.1944 23.5400 -37.6614 22.5924 -37.6594 24.1494 -37.6225 24.5796 -37.4493 23.2500 -36.8209 20.2589 -35.6757 15.7313 -34.5627 9.2548 -33.5920 -4.6133 -31.2415 -39.7630 -26.9779 -49.1714 -20.0303 -45.7869 23.8579 -40.6098 26.1426 -38.3480 18.8615 -37.4980 -9.1270 -29.8906 -48.7670 -29.3097 13.5716 -39.6581 -23.0366 -25.7835 -32.9435 -7.4379 -48.7085 -31.1065 27.3069 -44.4471 -26.4445 11.7136 -39.0501 -21.3217 -35.0638 -32.6551 10.3107 -48.8125 -29.9610 28.0953 -44.7551 -26.6527 10.4964 -38.8270 -20.3696
-39.6191 11.1754 -26.7656 -44.9859 28.8375 -30.0795 -48.7891 7.2840 -32.7869 -33.0777 -21.6843 -39.1376 11.8782 -26.5129 -44.5421 27.4578 -31.1065 -48.7087 -7.5347 -32.7929 -27.2379 -22.7376 -40.5227 35.6340 -48.1909 -27.2036 27.0645 -39.8580 21.7192 -46.6123 -16.1439 -45.1944 5.0898 -39.2632 33.4185 -40.2325 35.6472 -41.9999 21.8198 -42.8121 1.5377 -43.9825 -10.7868 -45.7288 -16.0425 -46.8614 -18.0488 -47.3763 -18.5765 -47.3668 -17.9188 -46.8317 -15.5662 -45.6604 -8.9003 -44.0234 17.4372 -42.2308 35.0377 -39.9324 25.5069 -36.4318 12.6330 -33.9657 -16.1049 -29.1250 -48.9067 -20.2742 -45.3362 34.9505 -39.0495 16.4584 -35.3254 -36.4668 -26.5729 -48.2620 -28.9960 12.9987 -39.4732 -22.8176 -27.3292 -32.7925 -7.5301 -48.7087 -31.1065 27.4578 -44.5421 -26.5129 11.8782 -39.1376 -21.6843 -33.0777 -32.7869 7.2840 -48.7891 -30.0795 28.8375 -44.9859 -26.7656 11.1754 -39.6191
11.6465 -26.8382 -45.2116 29.5707 -30.2041 -48.7558 4.2401 -32.9036 -30.7187 -22.0704 -39.2609 12.1313 -26.6201 -44.7252 27.9102 -31.0849 -48.7085 -7.5347 -32.7401 -28.0702 -22.6127 -39.7202 33.1695 -43.8728 -22.5740 -40.9244 -35.4273 17.6934 -39.4352 36.0803 -41.2766 20.4496 -42.2784 -7.8837 -46.1585 -19.8955 -48.9789 -24.4920 -47.9502 -27.6926 -39.6728 -29.9342 -24.2019 -31.3666 -10.3318 -32.1708 -4.1526 -32.5292 -3.1596 -32.5217 -6.7794 -32.0461 -18.2140 -30.8466 -35.7563 -28.6910 -46.8839 -25.4228 -49.1929 -20.1356 -46.2929 2.8072 -42.1479 32.8634 -38.0964 14.8389 -34.1187 -25.4637 -27.5539 -48.6700 -7.5221 -41.3509 24.0148 -35.6634 -25.3425 -27.4570 -48.4173 -29.1145 12.5140 -39.3467 -22.6696 -28.1087 -32.7399 -7.5301 -48.7085 -31.0849 27.9102 -44.7252 -26.6201 12.1313 -39.2609 -22.0704 -30.7187 -32.9036 4.2401 -48.7558 -30.2041 29.5707 -45.2116 -26.8382 11.6465
-25.4751 -45.4318 30.2808 -30.3315 -48.7507 1.3358 -33.0307 -28.1564 -22.4508 -39.4123 12.4916 -26.7523 -44.9692 28.6117 -31.0459 -48.7077 -7.4378 -32.7914 -28.0852 -22.5724 -39.4757 32.8246 -43.7942 -22.8881 -42.3397 -33.6500 17.1622 -39.0678 31.6986 -44.8975 -19.6864 -48.9796 -27.1242 -35.4490 -31.4421 2.4613 -33.5136 13.8512 -35.2631 21.3936 -37.4466 27.6885 -39.1016 32.0601 -40.1863 34.0498 -40.7319 34.4847 -40.7714 33.9371 -40.2861 31.3897 -39.1784 26.0039 -37.3709 18.6383 -35.6792 9.5358 -33.8010 -13.4319 -30.1036 -46.8256 -24.1426 -47.7052 -4.3425 -42.1762 30.2754 -37.5457 7.5678 -31.3365 -47.4735 -20.3135 -44.2511 32.0261 -37.0340 -7.0271 -28.6752 -48.5793 -29.1498 12.2040 -39.2809 -22.6147 -28.1087 -32.7925 -7.4379 -48.7077 -31.0459 28.6117 -44.9692 -26.7523 12.4916 -39.4123 -22.4508 -28.1564 -33.0307 1.3358 -48.7507 -30.3315 30.2808 -45.4318 -25.4751
-45.5950 30.9560 -30.4605 -48.7603 -1.2960 -33.2643 -25.5277 -22.8019 -39.5867 12.9364 -26.8979 -45.2420 29.4603 -31.0052 -48.7026 -7.3272 -32.9423 -27.2754 -22.6218 -39.4520 33.1799 -44.8360 -25.6265 -19.2819 -35.4328 30.2317 -43.1314 -18.2000 -49.1560 -29.0400 -7.4670 -33.9965 17.0576 -37.5129 31.7789 -41.1613 24.4863 -43.8241 -10.9710 -46.3614 -18.6465 -48.2512 -21.5756 -49.1248 -23.1146 -49.3405 -23.7284 -49.3422 -23.4601 -49.2199 -22.2226 -48.5699 -19.2848 -46.8889 -11.1915 -44.4533 25.8396 -41.7782 31.9290 -38.5028 17.6163 -35.5922 -1.5308 -30.8158 -47.0353 -22.8915 -46.6137 27.8398 -39.8253 18.2884 -34.2011 -35.5109 -25.0918 -46.3671 35.5192 -37.8405 0.4998 -29.1316 -48.5937 -29.0585 12.1073 -39.2794 -22.6699 -27.3292 -32.9435 -7.3272 -48.7024 -31.0052 29.4603 -45.2420 -26.8979 12.9364 -39.5867 -22.8019 -25.5277 -33.2643 -1.2960 -48.7603 -30.4605 30.9560 -45.5950
30.5728 -30.3411 -48.7435 -3.6234 -33.5780 -22.8457 -23.1231 -39.7787 13.4458 -27.0467 -45.5245 30.3685 -30.9798 -48.6877 -7.3723 -33.1744 -25.7505 -22.7505 -39.5962 31.4185 -44.4422 -26.1919 -5.3253 -36.9249 34.8085 -46.8087 -25.8199 -30.1831 -33.7563 18.3996 -39.0835 33.8882 -44.3431 -16.4373 -48.6801 -24.5764 -47.3499 -28.8400 -30.3029 -31.6527 -4.5537 -33.1607 4.9073 -33.8669 8.3761 -34.2549 9.1131 -34.3655 7.4260 -34.1209 2.3405 -33.2292 -13.0580 -31.1701 -39.4711 -27.7355 -48.8889 -22.6570 -47.5367 -7.2743 -43.2698 34.8637 -39.0536 17.1102 -35.0778 -15.6820 -28.6208 -48.9875 -13.1373 -42.4839 27.7642 -36.4510 -10.5356 -27.5872 -47.7023 32.2268 -38.0160 2.6551 -29.0487 -48.4739 -28.8857 12.2172 -39.3423 -22.8188 -25.7834 -33.1724 -7.3723 -48.6875 -30.9798 30.3685 -45.5245 -27.0467 13.4458 -39.7787 -23.1231 -22.8457 -33.5780 -3.6234 -48.7435 -30.3411 30.5728
-30.1273 -48.6977 -5.6464 -33.8846 -20.1226 -23.4207 -39.9835 14.0024 -27.1894 -45.7968 31.2552 -30.9752 -48.6581 -7.7065 -33.4514 -23.6722 -22.9690 -39.8065 32.4554 -42.9383 -24.5959 -8.7892 -37.1907 27.9327 -48.4184 -28.6180 2.9366 -36.9516 33.6501 -43.8820 -17.8632 -49.2252 -28.0563 -25.8167 -32.9992 9.3176 -35.4726 20.4762 -38.0959 29.5861 -40.3597 34.7335 -41.6703 34.2873 -42.3112 32.9670 -42.3810 34.4432 -41.8735 34.9057 -40.7465 29.9526 -38.8502 21.3968 -36.9133 11.5942 -34.6566 -8.3906 -30.7466 -46.0123 -24.6331 -47.9425 -5.9233 -42.5594 31.3302 -37.9792 9.3979 -32.0360 -45.7464 -22.3722 -45.3549 35.0980 -37.7387 3.1202 -28.8349 -48.3911 25.9915 -37.8623 1.5192 -28.4918 -48.1954 -28.6828 12.5171 -39.4654 -23.0380 -23.6665 -33.4491 -7.7065 -48.6581 -30.9752 31.2552 -45.7968 -27.1894 14.0024 -39.9835 -23.4207 -20.1226 -33.8846 -5.6464 -48.6977 -30.1273
-48.7378 -7.4300 -34.1827 -17.3723 -23.6995 -40.1971 14.5910 -27.3252 -46.0471 32.0547 -30.9948 -48.6088 -8.3130 -33.7473 -21.2114 -23.2692 -39.6420 28.4428 -44.3640 -21.0654 -31.7294 -36.4009 30.8427 -48.6749 -29.5689 10.5328 -38.4317 22.6972 -47.7549 -26.3059 -31.9780 -33.5312 14.1030 -37.6763 31.6840 -41.8045 17.3470 -45.1719 -15.3466 -47.8840 -21.4554 -49.1583 -23.8582 -49.2437 -24.8109 -49.1488 -24.6262 -49.2538 -23.2577 -48.8729 -19.8427 -47.2186 -10.7758 -44.6540 28.6904 -41.8234 30.9086 -38.5477 16.5354 -35.6517 -3.7615 -30.7184 -47.2949 -22.7878 -46.6796 25.0005 -40.1837 20.2885 -34.9732 -24.8824 -26.7475 -47.5777 28.4517 -38.0649 8.8018 -29.4920 -48.6512 24.0975 -37.5106 -4.4704 -27.3869 -47.6643 -28.4986 12.9793 -39.6448 -23.2973 -21.2008 -33.7468 -8.3130 -48.6088 -30.9948 32.0547 -46.0471 -27.3252 14.5910 -40.1971 -23.6995 -17.3723 -34.1827 -7.4300 -48.7378
-11.6537 -34.4708 -14.6971 -23.9637 -40.4160 15.2004 -27.4572 -46.2815 32.7475 -31.0410 -48.5343 -9.1069 -34.0516 -18.5415 -23.5722 -39.5901 33.8897 -49.6267 -24.4181 -46.1290 -34.3660 34.9307 -47.9535 -29.3088 12.0303 -39.1119 -5.4187 -48.9618 -29.7477 4.1557 -37.2087 29.9786 -42.1974 -4.6813 -47.6302 -23.4912 -48.1625 -28.7819 -32.3556 -32.1606 -5.1937 -33.9585 4.0374 -34.6835 6.3339 -34.8124 4.9383 -34.3913 -1.3841 -33.1038 -21.7306 -30.5778 -43.6005 -26.7980 -49.1211 -20.6394 -46.7040 4.1698 -42.5090 32.9579 -38.6117 15.5553 -34.8545 -17.4571 -28.6887 -49.0334 -15.8461 -43.3516 31.8045 -37.1473 2.5269 -29.2078 -48.7288 0.4287 -38.5762 11.8522 -29.7044 -48.6307 29.6694 -36.8508 -15.7996 -22.5797 -46.8679 -28.3692 13.5686 -39.8822 -23.5707 -18.5415 -34.0516 -9.1069 -48.5343 -31.0410 32.7475 -46.2815 -27.4572 15.2004 -40.4160 -23.9637 -14.6971 -34.4708 -11.6537
-35.8242 -12.1597 -24.2108 -40.6390 15.8219 -27.5856 -46.5045 33.3433 -31.1123 -48.4274 -10.0023 -34.3558 -15.8256 -23.8482 -40.1599 14.1066 -27.4048 -30.3790 -40.6462 -32.8235 24.5233 -45.4788 -27.7980 8.6467 -38.8340 -9.5161 -48.6086 -31.4159 13.1714 -39.0064 31.4583 -46.6332 -23.0548 -46.7124 -30.8644 -3.4350 -35.2574 14.0641 -37.5816 23.3183 -39.4050 29.9433 -40.6894 32.9481 -41.0948 32.8964 -40.7135 29.9512 -39.5876 23.9719 -38.1378 16.1717 -36.3265 5.9410 -33.5396 -26.1788 -29.2123 -48.2577 -22.6238 -47.0743 2.8956 -41.9888 30.5310 -37.7278 10.5605 -32.5907 -41.8649 -24.7121 -46.8613 29.3013 -38.5446 12.5256 -30.9098 -48.6813 -11.7981 -39.3252 12.7687 -29.3617 -48.1335 35.2470 -33.6712 -48.7014 -6.2472 -46.4678 -28.4317 14.2923 -40.1681 -23.8479 -15.8256 -34.3558 -10.0023 -48.4274 -31.1123 33.3433 -46.5045 -27.5856 15.8219 -40.6390 -24.2108 -12.1597 -35.8242
-12.4639 -24.4397 -40.8641 16.4538 -27.7122 -46.7157 33.8444 -31.2026 -48.2811 -10.9473 -34.6599 -13.1322 -24.1178 -40.4831 15.1229 -28.8638 -48.0783 22.9321 -34.7687 10.9035 -41.0274 -23.6314 -4.7460 -37.8694 -0.8811 -48.6836 -31.9001 16.9154 -40.1617 -2.5850 -48.7272 -28.3694 -16.0715 -35.2568 16.7259 -39.0240 32.7484 -42.4444 23.5936 -45.0047 -9.6629 -46.8057 -16.4606 -47.6914 -17.7700 -47.6102 -15.8984 -46.6122 -8.4809 -44.9098 21.8462 -42.8318 34.9891 -40.2480 24.0877 -37.6576 11.6716 -34.4956 -15.6408 -29.7179 -48.1305 -22.3335 -46.6265 16.6835 -40.7606 24.5283 -36.0030 -2.5440 -29.0793 -48.9904 -10.7867 -40.4760 19.4088 -32.2466 -47.7055 -14.8775 -39.2807 10.9838 -28.3924 -46.0912 -6.4727 -7.3761 -43.1481 8.3780 -47.5932 -28.8466 15.1357 -40.4802 -24.1179 -13.1322 -34.6599 -10.9473 -48.2811 -31.2026 33.8444 -46.7157 -27.7122 16.4538 -40.8641 -24.4397 -12.4639
-22.7272 -41.0906 17.0913 -27.8394 -46.9188 34.2416 -31.3039 -48.0914 -11.8995 -34.9650 -10.4889 -24.3786 -40.8052 16.0591 -29.8553 -48.4420 -9.0190 -38.8727 12.0677 -37.4955 -9.3763 -43.1702 -35.8498 31.7865 -48.8444 -31.0830 16.6269 -40.7976 -12.3798 -48.6723 -30.8441 6.3289 -38.2149 29.7443 -42.3366 5.1064 -47.0704 -21.0833 -49.0464 -26.7193 -45.3999 -29.3925 -38.4874 -30.5786 -35.5718 -30.4354 -39.8124 -29.0740 -46.0511 -26.5621 -49.0109 -22.3571 -47.9403 -12.9187 -44.8328 29.6880 -41.4605 29.2644 -37.7776 14.2510 -34.5645 -13.6818 -29.3209 -48.7899 -20.4927 -45.2905 34.4370 -38.5540 14.0264 -31.9994 -46.3047 -20.3959 -42.6809 24.3479 -32.9091 -47.3144 -13.3538 -38.2016 4.9325 -29.8828 -32.9126 -42.4892 32.4102 -46.4579 -21.4393 -48.5317 -29.1399 16.0147 -40.7984 -24.3787 -10.4889 -34.9650 -11.8995 -48.0914 -31.3039 34.2416 -46.9188 -27.8394 17.0913 -41.0906 -22.7272
-41.6482 17.7338 -27.9653 -47.1166 34.5297 -31.4131 -47.8535 -12.8175 -35.2613 -7.9912 -24.6259 -41.1062 16.9287 -29.9052 -47.1840 -27.7255 -49.0989 29.6814 -38.5855 33.6301 -48.4110 -31.9112 28.7981 -46.7774 -29.0774 12.1140 -39.9860 -12.3988 -48.2624 -32.0305 12.6701 -39.5929 35.3527 -45.8686 -19.7689 -48.6634 -28.9567 -29.2854 -33.4918 2.6337 -35.9239 10.7638 -37.0251 13.7745 -37.2950 13.5972 -36.8195 10.5342 -35.7128 3.7770 -33.8780 -16.6094 -30.8991 -43.3884 -26.6929 -49.1194 -20.5220 -46.3938 3.8193 -42.0825 32.7431 -38.0564 15.1931 -34.0882 -21.1946 -27.9027 -48.9394 -12.3273 -41.6392 25.0723 -34.5298 -33.7698 -23.8615 -43.8564 25.8072 -32.6255 -48.4251 -1.7782 -36.9715 -7.5516 -34.7506 30.4696 -44.7074 -24.2159 -35.3657 -25.0530 -48.6212 -28.7508 16.9005 -41.1033 -24.6259 -7.9912 -35.2613 -12.8175 -47.8535 -31.4131 34.5297 -47.1166 -27.9653 17.7338 -41.6482
18.4593 -27.9882 -47.3052 34.6957 -31.5265 -47.5631 -13.6850 -35.5417 -5.7461 -24.8514 -41.3751 17.7621 -28.7475 -48.2946 -40.8443 21.0479 -30.0551 -45.7565 31.8313 -42.3390 -26.1294 11.7516 -41.9207 -24.6281 0.2320 -38.6442 -2.0951 -48.6564 -32.0691 14.8565 -40.0626 20.9919 -47.9296 -25.8054 -39.4454 -33.2340 6.7049 -37.6069 19.5537 -39.8091 28.9893 -41.1812 34.2716 -42.0908 35.4137 -42.0951 34.7877 -41.3141 31.4487 -39.8840 24.9455 -37.9118 17.0537 -36.0674 7.5579 -33.5703 -18.9167 -29.6995 -47.2631 -23.9901 -47.7918 -8.9624 -42.6487 33.2098 -37.4903 11.9092 -32.2209 -43.9246 -23.0568 -45.0760 33.5376 -36.1436 -20.3949 -24.6779 -43.6440 22.8221 -31.2714 -48.8537 33.4641 -36.2995 4.1554 -39.3341 -6.5179 -41.5938 -36.4724 18.6747 8.9976 -47.1381 -28.2491 17.7690 -41.3756 -24.8514 -5.7461 -35.5417 -13.6850 -47.5631 -31.5265 34.6957 -47.3052 -27.9882 18.4593
-26.9801 -47.4843 34.7188 -31.6417 -47.2139 -14.4964 -35.8073 -3.7865 -25.0521 -41.6170 18.5432 -28.2430 -47.2080 10.9134 -4.7518 -40.3648 -13.0217 -12.6878 -39.5582 -9.8298 -37.1096 -36.7435 -10.5455 -41.7615 -36.3466 32.9036 -48.7400 -30.9103 13.4445 -40.0560 7.7551 -48.5852 -28.6763 -15.1386 -36.1163 17.2389 -40.1522 33.3612 -43.0401 22.1470 -45.5106 -10.4863 -47.1394 -16.9740 -47.8658 -18.2935 -47.7410 -16.8395 -46.8186 -11.7740 -45.0998 6.5783 -43.1712 34.1181 -41.0700 30.2745 -38.0908 18.1109 -35.1425 2.7873 -31.4152 -43.4108 -25.1246 -47.8759 -3.4475 -41.2499 25.5729 -35.6823 -14.9284 -26.9212 -47.0639 35.3997 -36.5984 -22.9156 -23.1251 -41.9168 15.8240 -28.9830 -46.4479 26.8934 -36.4690 20.8867 -44.6819 -28.0380 21.4774 -48.7250 -28.1521 34.2203 -47.5601 -28.2376 18.5431 -41.6175 -25.0521 -3.7865 -35.8073 -14.4964 -47.2139 -31.6417 34.7188 -47.4843 -26.9801
-47.4528 34.5505 -31.7568 -46.7986 -15.2554 -36.0581 -2.0590 -25.2283 -41.8447 19.2370 -28.2783 -47.6031 34.2320 -28.3763 -48.7873 28.0888 -29.8149 -44.5352 35.9653 -47.4189 -31.8313 31.7638 -48.2903 -32.0172 27.4886 -46.3393 -28.4430 7.8554 -39.6328 13.3154 -48.6526 -29.7181 -1.5645 -37.9159 24.8390 -41.7781 26.8768 -46.3747 -17.9144 -48.9007 -25.6735 -47.0274 -28.8434 -40.8234 -30.3367 -35.7435 -30.5811 -36.7554 -29.7945 -42.2224 -28.1248 -47.2487 -25.6021 -49.2264 -21.9653 -47.6407 -13.5976 -44.1755 31.7286 -40.2444 24.2972 -36.0965 4.5383 -31.0608 -46.9707 -21.8928 -45.3897 35.1785 -37.8003 1.7818 -28.1663 -47.5018 35.3088 -35.8205 -38.8767 -17.8352 -39.0495 3.6422 -24.6906 -41.5218 13.7650 -36.8364 29.1194 -48.5521 -34.2806 -1.8717 -47.7758 -30.6476 34.2482 -47.6032 -28.2768 19.2369 -41.8447 -25.2283 -2.0590 -36.0581 -15.2554 -46.7986 -31.7568 34.5505 -47.4528
27.7782 -31.5150 -46.3136 -15.9668 -36.2937 -0.5343 -25.3831 -42.0664 19.8937 -28.3611 -47.7077 34.2411 -31.0250 -47.5504 -3.5402 -34.6247 -47.1931 19.8494 -40.9304 -23.3717 7.6979 -41.4437 -25.2113 9.5957 -41.2278 -22.8891 -11.9934 -38.3977 31.9233 -48.3935 -29.4488 0.8284 -38.6538 29.8543 -43.3040 -7.1100 -48.4251 -25.7387 -43.9995 -31.7129 -8.1904 -34.9953 8.5213 -36.4199 14.3652 -36.8130 16.9565 -36.5382 16.9698 -35.8856 14.6947 -35.0047 10.1266 -33.9160 0.6489 -31.9150 -32.3555 -27.9472 -49.1140 -20.9863 -45.8608 29.5289 -39.8687 19.5891 -34.9968 -23.6483 -26.9356 -47.7385 31.6909 -38.5195 3.6494 -27.8558 -46.5039 31.0824 -33.7010 -48.4902 10.4445 -36.0005 -39.7019 -12.1328 -37.3887 9.1981 -38.6854 -20.4834 -3.0679 -38.2182 -13.7647 -47.6698 -31.0139 34.2439 -47.7084 -28.3611 19.8937 -42.0664 -25.3831 -0.5343 -36.2937 -15.9668 -46.3136 -31.5150 27.7782
-31.8693 -45.7530 -16.6300 -36.5161 0.8199 -25.5173 -42.2877 20.5382 -28.4723 -47.8435 34.0442 -31.4200 -47.1204 -14.5194 -37.4433 -4.0340 -21.1048 -39.1791 25.1508 -48.1498 -34.5409 2.1167 -43.5469 -35.8262 2.0557 -46.8016 -35.4184 33.0365 -46.9326 -27.7026 -3.8669 -38.5487 31.4880 -44.3663 -15.6895 -48.7439 -29.6334 -18.5961 -35.2930 13.0544 -38.3447 26.9212 -40.7299 35.3976 -42.5910 25.4733 -43.4371 10.3586 -43.5762 8.9094 -43.2422 21.0207 -42.3822 34.0779 -40.7335 30.5060 -37.5982 16.9552 -34.3213 -10.8417 -28.8709 -49.1176 -15.1503 -43.2734 30.3668 -37.6758 -0.8356 -28.8180 -48.4042 30.2425 -38.3546 -3.6603 -25.5587 -43.8592 20.5110 -30.4923 -47.6201 31.4785 -32.2617 -48.6569 33.2724 -36.0695 13.8269 -41.1632 -25.3023 10.9660 -38.3457 -14.3646 -47.0741 -31.4462 34.0529 -47.8441 -28.4723 20.5382 -42.2877 -25.5173 0.8199 -36.5161 -16.6300 -45.7530 -31.8693
-45.9410 -17.2467 -36.7266 2.0485 -25.6312 -42.5096 21.1873 -28.5968 -47.9910 33.6015 -31.7557 -46.3402 -15.5344 -37.7396 7.6835 -25.2886 -41.0227 28.3083 -43.9324 -28.6690 21.3707 -45.8310 -30.7278 26.6317 -46.8661 -30.7191 19.4606 -43.5626 -23.5350 -23.8382 -37.5095 29.7214 -44.3942 -17.7573 -48.1167 -31.4801 1.1698 -37.6711 24.0365 -40.9572 22.9920 -45.8005 -18.8945 -48.9234 -24.3665 -48.5486 -26.8164 -45.8952 -27.7993 -44.7245 -27.6038 -46.6100 -26.2606 -49.0507 -23.4065 -48.4927 -16.2616 -44.2185 35.2028 -38.2657 12.9704 -32.5955 -44.4852 -22.5242 -45.8019 35.2458 -38.8062 3.0603 -28.9064 -47.9840 35.4974 -37.0013 -32.7197 -19.3795 -40.0991 6.7957 -25.5161 -42.4421 12.9197 -26.4210 -42.4404 11.9289 -35.2112 19.7209 -42.3352 -25.9418 6.8749 -37.1779 -15.4789 -46.2765 -31.7818 33.6177 -47.9921 -28.5968 21.1873 -42.5096 -25.6312 2.0485 -36.7266 -17.2467 -45.9410
-17.4301 -36.9323 3.1579 -25.7317 -42.7343 21.8445 -28.7273 -48.1350 32.8706 -32.0070 -45.4318 -16.7195 -37.1713 5.4651 -26.3267 -43.0765 25.6021 -38.9165 -13.2591 -26.8445 -38.3819 -19.7849 -2.3057 -40.3257 -22.4238 -0.7943 -39.6095 -12.6284 -45.3585 -35.2269 24.3393 -43.3515 -16.4596 -47.9590 -32.0927 6.5176 -38.8423 32.5590 -43.9950 -18.9291 -48.9811 -28.7981 -18.4057 -32.9281 8.6798 -34.1778 16.0946 -35.6609 19.7170 -36.2152 20.1418 -35.7731 17.2419 -34.2528 9.9818 -32.7914 -22.2257 -27.7678 -48.9070 -7.5211 -40.7987 20.6605 -34.9440 -34.4424 -24.9267 -46.7222 35.6640 -38.7929 -1.5898 -27.1817 -46.1314 29.4260 -34.0482 -48.6088 14.4891 -36.4091 -38.9941 -12.2710 -37.0030 -35.2805 -11.4456 -36.5910 -12.9033 -36.0022 30.5539 -45.5412 -29.7261 9.0195 -37.8558 -16.4643 -45.5015 -32.0156 32.8913 -48.1360 -28.7273 21.8445 -42.7343 -25.7317 3.1579 -36.9323 -17.4301
-37.9452 4.1685 -25.8294 -42.9622 22.5165 -28.8610 -48.2725 31.8433 -32.1863 -44.4937 -17.6399 -37.0594 5.7028 -29.5988 -46.6320 35.9354 -39.3933 30.8445 -47.3167 -32.0253 32.9669 -49.1098 -33.5563 32.2723 -48.9559 -34.9930 35.3858 -48.7450 -31.7557 15.9994 -41.6111 -9.8437 -48.6205 -31.7789 7.1784 -39.2400 35.4494 -46.0822 -25.4350 -31.1698 -33.3964 18.7282 -38.5659 34.6886 -42.0510 4.3474 -44.3986 -12.9891 -45.9937 -15.9357 -46.2952 -14.9315 -45.1924 -4.7511 -42.7558 34.9157 -38.0791 13.1725 -31.6982 -47.7705 -16.5471 -42.3034 23.2796 -35.9022 -31.2129 -24.7803 -46.3013 33.8009 -37.6104 -25.0200 -22.4440 -42.5284 16.4895 -29.9839 -46.9115 28.7393 -32.2006 -48.3889 32.3085 -32.0191 -47.8213 27.5223 -35.3087 3.9261 -39.6897 -12.4192 -44.3149 -35.9978 24.5911 -40.2014 -18.7735 -44.6477 -32.1904 31.8578 -48.2725 -28.8610 22.5165 -42.9622 -25.8294 4.1685 -37.9452
4.3870 -25.9370 -43.1912 23.2049 -28.9973 -48.4002 30.4868 -32.3274 -43.5388 -18.3522 -37.1482 11.1292 -34.6645 -45.0701 -18.4363 -43.0082 25.0285 -40.8243 -21.3715 3.0969 -41.2202 -24.7861 12.8097 -43.3790 -27.9301 16.7537 -43.7422 -26.0241 2.5373 -39.6871 21.4602 -48.7133 -30.4197 3.9639 -39.1260 35.3317 -46.5264 -27.1501 -2.6554 -35.9771 34.9225 -44.9475 -20.3678 -49.3376 -26.7822 -39.4316 -30.0411 -15.6877 -31.4293 -5.0363 -31.6868 -8.2828 -30.8644 -34.0907 -27.2528 -49.1931 -12.9141 -41.3055 20.2399 -33.0855 -47.0999 -15.6757 -42.1298 21.7066 -35.5604 -38.4145 -22.0762 -44.5104 26.1195 -34.9132 -46.8668 -7.5503 -38.9679 -4.0202 -23.0294 -41.3350 8.8931 -25.1667 -41.6274 8.5366 -23.6940 -40.3608 6.8834 -36.3856 30.6240 -47.4890 -30.9730 17.2388 -42.0633 -8.3249 -45.6874 -19.7412 -43.5728 -32.3333 30.4904 -48.4002 -28.9973 23.2049 -43.1912 -25.9370 4.3870
-24.2761 -43.4207 23.9043 -29.1347 -48.5141 28.7577 -32.4462 -42.5038 -18.9224 -37.3183 10.9476 -38.6546 7.9192 -32.4045 -49.0877 27.1305 -39.8812 35.3975 -49.2231 -33.7292 28.1873 -47.7066 -35.2062 -8.8252 -35.0041 -37.4329 -10.0011 -43.0224 -36.5215 33.9743 -46.9600 -27.3600 -7.5368 -38.3510 32.4293 -45.6533 -26.1230 -3.2407 -36.7291 3.7483 -48.9842 -28.6740 0.4603 -33.5056 20.4766 -37.7132 31.6330 -40.2279 34.1443 -41.2387 33.6069 -40.9153 32.9457 -38.0371 15.9622 -32.7620 -44.9165 -18.9623 -41.9488 18.6497 -32.4417 -48.5893 -6.8892 -41.3529 17.0543 -34.0119 -46.7942 -14.5157 -41.8416 14.9344 -30.9533 -48.1126 34.7789 -35.2324 -47.9459 13.6254 -35.8898 -44.2689 1.5649 -34.7999 -47.8976 28.6603 -36.2792 7.8697 -40.3533 -18.9283 -15.7528 -38.9700 -10.4700 -44.5237 -30.1925 -43.7866 -19.2999 -42.4601 -32.4464 28.7534 -48.5141 -29.1347 23.9043 -43.4207 -24.2761
-43.7607 24.6114 -29.2694 -48.6135 26.6498 -32.5454 -41.3756 -19.4299 -37.6373 7.0497 -35.9151 19.3518 -39.2606 -4.4304 -24.8723 -44.0502 28.6385 -42.2402 -25.1202 12.4262 -43.0972 -28.0693 21.2641 -46.2090 -31.4375 28.6864 -47.4808 -31.3299 18.8052 -43.1019 -21.2363 -36.2658 -36.5134 25.6649 -43.7855 -22.2818 -27.5265 -36.3661 13.6229 -48.9508 -31.2069 20.4439 -39.8825 -0.6043 -46.4354 -21.0534 -49.4155 -24.9286 -48.1153 -26.3303 -47.5166 -25.4100 -49.3557 -17.3348 -43.0978 25.1852 -34.1344 -45.9515 -14.2597 -40.3532 11.4987 -30.4425 -48.5076 27.0949 -40.3876 9.5851 -31.2335 -48.8646 26.2449 -39.1404 -5.0149 -24.2542 -42.9969 16.3308 -29.4353 -45.8611 23.7325 -30.6420 -45.9876 22.2773 -28.9114 -43.8870 16.5039 -36.6618 29.9065 -47.5864 -31.7877 27.2758 -47.5674 -31.5183 9.5121 22.4224 -36.7139 -19.4346 -41.3970 -32.5410 26.6394 -48.6125 -29.2694 24.6114 -43.7607
25.3577 -29.2273 -48.6944 24.1483 -32.6321 -40.1519 -19.9082 -37.8270 7.1637 -30.7085 8.7856 -41.5932 19.4099 -34.4818 -49.1602 31.5086 -39.1919 24.3753 -47.8022 -34.8515 -3.5274 -37.8015 -37.5749 -18.7386 -3.8177 -40.4297 -21.8333 -5.4854 -39.0451 1.8756 -48.4906 -33.4685 17.0707 -41.6981 -13.2763 -46.6353 -34.4914 34.1449 -48.3494 -30.6198 25.1073 -44.1961 -23.8368 -41.0537 -31.0745 8.6424 -34.0347 19.5422 -36.2910 23.6219 -36.5789 17.4509 -34.1813 -34.2333 -22.3883 -43.2652 20.2710 -32.3228 -48.9837 18.3553 -38.5289 -4.3859 -26.3462 -46.3472 33.8809 -38.5832 -9.7170 -26.0063 -45.8295 29.0191 -35.3151 -47.4123 1.0021 -37.8988 -21.5856 -18.8379 -39.6894 -6.0032 -19.9110 -38.7271 -23.5853 -13.5310 -37.3576 8.9639 -39.2762 -15.7224 -29.6077 -37.8302 -15.1465 -21.8646 -39.2755 -18.9111 7.1163 -37.8498 -19.9063 -40.1854 -32.6253 24.1363 -48.6934 -29.2273 25.3577
-28.6124 -48.7556 21.3000 -32.7107 -38.8122 -20.3485 -38.0268 7.8477 -26.2166 -43.6551 7.4932 -1.8661 -39.1305 -7.1105 -21.6139 -41.1713 25.6138 -43.3638 -27.7334 18.3896 -44.9304 -30.3331 28.2584 -48.3873 -33.1659 34.9627 -49.3006 -34.4516 31.7032 -46.8966 -28.8746 6.0092 -39.9147 25.3221 -48.7563 -31.4148 18.6350 -43.7728 -26.9570 14.6933 -42.9723 -26.2459 1.9353 -36.0759 34.2276 -42.8688 -13.0150 -47.1607 -19.7826 -48.5747 -18.8695 -45.2191 30.4130 -35.7561 -43.2846 -14.0865 -40.2474 9.4018 -29.4485 -47.2636 32.9804 -35.9199 -42.9319 -17.6356 -43.1990 21.2208 -35.2735 -45.7779 -13.8180 -41.5427 11.4254 -29.0490 -46.2607 27.8674 -33.2953 -48.9760 34.9098 -33.8125 -49.1458 33.7799 -32.1740 -47.3259 25.3240 -36.8957 25.2913 -45.6400 -29.3844 18.1214 -44.1805 -28.1174 17.1615 -43.6995 -26.3605 7.3306 -37.9419 -20.3646 -38.7754 -32.7110 21.2864 -48.7556 -28.6124
-48.5140 18.0653 -32.7834 -37.3277 -20.7609 -38.2337 8.5583 -26.3353 -44.0792 25.3603 -30.3957 -45.1671 19.8974 -29.6990 -46.5231 27.5173 -38.0040 -1.2117 -41.9071 -36.5629 -14.2576 -20.0516 -39.3420 -22.0388 7.4236 -42.2335 -25.8092 10.2101 -41.8736 -20.2276 -31.9199 -37.3889 32.8746 -46.3037 -26.9323 1.6781 -39.2856 -16.5423 -25.6565 -37.9990 -19.6506 -7.6496 -37.4431 -12.4305 -49.0722 -27.8632 -14.3231 -31.8487 10.4449 -33.0639 1.2036 -21.3950 -44.2727 17.7608 -31.8758 -48.6896 31.4205 -38.1476 -2.0640 -24.9708 -42.8595 17.0236 -31.6531 -48.7621 27.2382 -40.2255 6.8655 -29.6750 -47.9692 35.6742 -37.3910 -35.3633 -17.3064 -40.6938 4.7898 -24.6146 -42.3540 10.5203 -24.9783 -41.5563 4.6014 -21.3146 -39.3633 11.6424 -38.7854 -11.8053 -45.1908 -35.6885 29.7825 -49.1301 -34.1563 31.8718 -45.5166 -28.9852 8.5639 -38.0824 -20.7096 -37.1837 -32.7925 18.0574 -48.5140
1.9531 -32.3660 -35.6818 -21.1538 -38.4460 9.2684 -26.4508 -44.3239 26.6758 -30.0084 -49.2756 33.8014 -32.5762 -49.0680 28.2247 -36.9703 22.0437 -44.7724 -29.5547 22.9972 -46.5799 -31.7427 32.9430 -49.2926 -33.7486 21.2773 -46.9317 -35.9794 31.7268 -49.1413 -33.1832 19.2032 -42.8201 -18.9897 -40.2655 -36.2497 35.2407 -48.8082 -32.6119 34.6768 -49.3084 -33.5536 -2.6571 -41.7438 -37.6801 19.4665 -41.8971 21.9863 -46.2523 -18.8929 -44.6970 -45.8373 36.5988 -43.1158 -1.6177 -29.8875 -47.5891 36.4792 -41.7300 -41.5029 -10.8488 -38.3434 -6.4848 -24.8758 -44.6942 27.5594 -36.6878 -38.2933 -19.5224 -43.0659 17.0144 -31.6560 -48.3370 34.8456 -35.3352 -48.2517 20.8088 -35.4370 -47.6060 25.1141 -33.7903 -49.3149 33.4591 -37.1147 24.6357 -47.9330 -29.1906 11.4887 -42.2518 -24.1853 1.3911 -39.7721 -9.4284 -47.8222 -34.2792 16.5473 -39.1357 -21.0366 -35.5213 -32.3723 1.9531
-33.4751 -33.8692 -21.5301 -38.6605 9.9698 -26.5663 -44.5775 27.5252 -29.8397 -48.7629 5.1646 -32.6236 -43.3837 -14.2224 -36.6768 7.0909 -37.9724 -11.7577 -33.1774 -37.8000 -17.9005 -6.2505 -40.4934 -23.8853 12.2416 -43.2941 -28.2974 17.5721 -43.9028 -26.1023 2.4851 -39.7014 15.8899 -48.9407 -32.4820 18.0503 -42.9700 -25.1306 9.9480 -42.3514 -27.1488 22.1499 -47.0743 -37.1410 18.2987 -41.9025 -5.4074 -48.1163 -30.3124 -44.6654 -35.7120 23.9323 -42.2588 6.2793 -36.3745 -48.7678 -12.7513 -43.3310 24.2841 -31.5350 -48.0253 34.5400 -34.7204 -47.5937 -5.8012 -40.4845 10.1346 -30.7961 -48.5502 34.5298 -38.3272 -21.1734 -21.2807 -42.2509 11.8179 -27.5802 -44.1847 17.8737 -28.2092 -43.4999 13.4117 -24.9330 -41.1697 9.5285 -33.5987 -24.0153 -34.1955 -35.8993 34.7681 -49.2598 -34.4136 32.5924 -47.8233 -30.5356 10.5979 -40.3350 30.7105 -39.3641 -21.4684 -33.8119 -33.4765
