-32.5065 -45.5856 -17.6582 -38.0503 4.9593 -24.3518 -43.8831 25.7535 -28.7098 -48.5631 0.4910 -33.6367 -33.1997 -20.8594 -39.9729 12.8989 -25.7386 -45.9602 31.1701 -30.4377 -48.5852 -13.0502 -36.2684 -8.0763 -23.0650 -42.0217 19.6744 -27.2687 -47.7297 24.8044 -32.1696 -44.7488 -18.1263 -38.2815 6.1383 -24.5109 -44.1400 26.5754 -28.9218 -48.6489 -2.3084 -33.9737 -30.6366 -21.1727 -40.2206 13.7505 -25.9208 -46.2016 31.3898 -31.5443 -37.0784 -31.5443 31.3898 -46.2016 -25.9208 13.7505 -40.2206 -21.1727 -30.6366 -33.9737 -2.3084 -48.6489 -28.9218 26.5754 -44.1400 -24.5109 6.1383 -38.2815 -18.1263 -44.7488 -32.1696 24.8044 -47.7297 -27.2687 19.6744 -42.0217 -23.0650 -8.0763 -36.2684 -13.0502 -48.5852 -30.4377 31.1701 -45.9602 -25.7386 12.8989 -39.9729 -20.8594 -33.1997 -33.6367 0.4910 -48.5631 -28.7098 25.7535 -43.8831 -24.3518 4.9593 -38.0503 -17.6582 -45.5856 -32.5065
-45.5856 -17.8676 -37.1058 4.8241 -25.9995 -43.5616 25.0396 -29.2991 -48.7837 16.0955 -32.4797 -32.7291 -22.0847 -39.2232 12.3774 -27.0394 -45.8335 32.1420 -30.5576 -48.5304 -10.0491 -34.9838 -7.8891 -24.8277 -41.5034 18.9112 -28.2101 -47.7977 33.7842 -31.6933 -44.5205 -18.2717 -37.3158 5.8650 -26.1116 -43.8364 25.9112 -29.4606 -48.8203 11.6532 -32.7086 -30.1524 -22.4955 -39.5005 13.1959 -27.1784 -46.1018 32.8725 -30.6635 -48.4923 -21.9714 -48.4923 -30.6635 32.8725 -46.1018 -27.1784 13.1959 -39.5005 -22.4955 -30.1524 -32.7086 11.6532 -48.8203 -29.4606 25.9112 -43.8364 -26.1116 5.8650 -37.3158 -18.2717 -44.5205 -31.6933 33.7842 -47.7977 -28.2101 18.9112 -41.5034 -24.8277 -7.8891 -34.9838 -10.0491 -48.5304 -30.5576 32.1420 -45.8335 -27.0394 12.3774 -39.2232 -22.0847 -32.7291 -32.4797 16.0955 -48.7837 -29.2991 25.0396 -43.5616 -25.9995 4.8241 -37.1058 -17.8676 -45.5856
-17.6582 -37.1058 4.4597 -25.9293 -43.3742 24.3972 -29.3508 -48.7322 19.5040 -32.8271 -34.6371 -21.7433 -39.0041 11.7185 -26.9752 -45.6177 31.5220 -30.6947 -48.6366 -8.6577 -34.7095 -10.1187 -24.6222 -41.2754 18.2597 -28.1983 -47.6321 34.3211 -31.9613 -45.2361 -17.7249 -37.1080 4.9731 -26.0105 -43.6074 25.1935 -29.5172 -48.7950 15.2826 -32.9023 -32.2672 -22.1728 -39.2801 12.5468 -27.1201 -45.8896 32.3100 -30.8619 -48.4823 -8.8592 -36.5932 -8.8619 -48.4823 -30.8621 32.3100 -45.8889 -27.1213 12.5456 -39.2801 -22.1728 -32.2672 -32.9023 15.2826 -48.7950 -29.5172 25.1935 -43.6074 -26.0105 4.9731 -37.1080 -17.7249 -45.2361 -31.9613 34.3211 -47.6321 -28.1983 18.2597 -41.2754 -24.6222 -10.1187 -34.7095 -8.6577 -48.6366 -30.6947 31.5220 -45.6177 -26.9752 11.7185 -39.0041 -21.7433 -34.6371 -32.8271 19.5040 -48.7322 -29.3508 24.3972 -43.3742 -25.9293 4.4597 -37.1058 -17.6582
-38.0503 4.8241 -25.9293 -43.2950 23.9772 -29.2562 -48.6687 22.3517 -32.7617 -36.3526 -21.3778 -38.7830 11.0391 -26.8625 -45.3998 30.8636 -30.5595 -48.7093 -7.0642 -34.4292 -12.5213 -24.4042 -41.0447 17.6035 -28.0747 -47.4584 34.6103 -31.8421 -45.8725 -17.1286 -36.9022 4.0256 -25.9085 -43.3744 24.4687 -29.3871 -48.7480 18.6495 -32.8398 -34.2093 -21.8264 -39.0575 11.8805 -27.0058 -45.6748 31.6912 -30.7237 -48.6159 -9.1622 -34.7116 8.4300 -34.7102 -9.1601 -48.6165 -30.6957 31.7311 -45.6937 -27.0074 11.8742 -39.0571 -21.8264 -34.2093 -32.8398 18.6495 -48.7480 -29.3871 24.4687 -43.3744 -25.9085 4.0256 -36.9022 -17.1286 -45.8725 -31.8421 34.6103 -47.4584 -28.0747 17.6035 -41.0447 -24.4042 -12.5213 -34.4292 -7.0642 -48.7093 -30.5595 30.8636 -45.3998 -26.8625 11.0391 -38.7830 -21.3778 -36.3526 -32.7617 22.3517 -48.6687 -29.2562 23.9772 -43.2950 -25.9293 4.8241 -38.0503
4.9593 -25.9995 -43.3742 23.9772 -29.2215 -48.6232 24.2808 -32.7010 -37.7773 -21.0178 -38.5663 10.3460 -26.7519 -45.1810 30.1852 -30.4186 -48.7499 -5.1950 -34.1453 -15.0515 -24.1723 -40.8113 16.9420 -27.9532 -47.2792 34.7204 -31.7131 -46.4335 -16.4808 -36.6989 3.0143 -25.8077 -43.1381 23.7414 -29.2576 -48.6827 21.7310 -32.7670 -35.9800 -21.4645 -38.8330 11.1941 -26.8937 -45.4592 31.0447 -30.5862 -48.6949 -7.4343 -34.4819 -14.6270 -29.8598 -14.5867 -34.4945 -6.9079 -48.7182 -31.7287 30.7883 -45.4131 -26.8904 11.1833 -38.8316 -21.4651 -35.9800 -32.7670 21.7310 -48.6827 -29.2576 23.7414 -43.1381 -25.8077 3.0143 -36.6989 -16.4808 -46.4335 -31.7131 34.7204 -47.2792 -27.9532 16.9420 -40.8113 -24.1723 -15.0515 -34.1453 -5.1950 -48.7499 -30.4186 30.1852 -45.1810 -26.7519 10.3460 -38.5663 -21.0178 -37.7773 -32.7010 24.2808 -48.6232 -29.2215 23.9772 -43.3742 -25.9995 4.9593
-24.3518 -43.5616 24.3972 -29.2562 -48.6232 24.9601 -32.6633 -38.7466 -20.7075 -38.3724 9.6753 -26.6477 -44.9666 29.5014 -30.2761 -48.7602 -3.0164 -33.8602 -17.6297 -23.9292 -40.5785 16.2828 -27.8349 -47.0968 34.6792 -31.5801 -46.9175 -15.7819 -36.4961 1.9359 -25.7090 -42.9021 23.0227 -29.1270 -48.6011 24.4802 -32.6906 -37.5817 -21.0875 -38.6093 10.4935 -26.7844 -45.2448 30.3834 -30.4465 -48.7421 -5.7747 -34.3484 -14.3227 -24.1792 -42.9082 -24.8994 -13.7870 -34.0020 -17.9330 -37.2801 -35.0782 32.0078 -45.0837 -26.7748 10.4732 -38.6075 -21.0881 -37.5817 -32.6906 24.4802 -48.6011 -29.1270 23.0227 -42.9021 -25.7090 1.9359 -36.4961 -15.7819 -46.9175 -31.5801 34.6792 -47.0968 -27.8349 16.2828 -40.5785 -23.9292 -17.6297 -33.8602 -3.0164 -48.7602 -30.2761 29.5014 -44.9666 -26.6477 9.6753 -38.3724 -20.7075 -38.7466 -32.6633 24.9601 -48.6232 -29.2562 24.3972 -43.5616 -24.3518
-43.8831 25.0396 -29.3508 -48.6687 24.2808 -32.6633 -39.0946 -20.5200 -38.2329 9.1128 -26.5603 -44.7706 28.8485 -30.1338 -48.7494 -0.4366 -33.5771 -20.1834 -23.6758 -40.3427 15.6146 -27.7202 -46.9122 34.5140 -31.4391 -47.3364 -15.0127 -36.2870 0.7766 -25.6074 -42.6667 22.3138 -28.9922 -48.5026 26.9102 -32.6185 -39.0040 -20.6995 -38.3832 9.7643 -26.6784 -45.0323 29.7162 -30.2994 -48.7602 -3.6130 -34.3516 -8.2991 -24.7462 -40.2027 34.6113 -47.0537 -29.8890 -35.2377 -28.8596 -47.3179 -13.2825 -40.2708 31.4810 -44.8714 -26.6724 9.7433 -38.3818 -20.6994 -39.0041 -32.6185 26.9102 -48.5026 -28.9922 22.3138 -42.6667 -25.6074 0.7766 -36.2870 -15.0127 -47.3364 -31.4391 34.5140 -46.9122 -27.7202 15.6146 -40.3427 -23.6758 -20.1834 -33.5771 -0.4366 -48.7494 -30.1338 28.8485 -44.7706 -26.5603 9.1128 -38.2329 -20.5200 -39.0946 -32.6633 24.2808 -48.6687 -29.3508 25.0396 -43.8831
25.7535 -29.2991 -48.7322 22.3517 -32.7010 -38.7466 -20.5200 -38.1821 8.7875 -26.5006 -44.6168 28.2943 -29.9985 -48.7681 2.5232 -33.3173 -22.6223 -23.4163 -40.1001 14.9249 -27.6103 -46.7273 34.2500 -31.2885 -47.6940 -14.1592 -36.0674 -0.4896 -25.4946 -42.4357 21.6252 -28.8508 -48.3846 29.0326 -32.5575 -40.2527 -20.3060 -38.1503 8.9884 -26.5761 -44.8225 29.0522 -30.1363 -48.7495 -0.8733 -34.5364 2.2484 -33.1348 -31.7163 7.3526 -26.6561 -37.0740 -3.0259 -28.9947 -48.7241 -18.9934 -46.6883 28.4843 -37.8270 28.6562 -44.7545 -26.5833 8.9772 -38.1499 -20.3056 -40.2458 -32.5582 29.0326 -48.3846 -28.8508 21.6252 -42.4357 -25.4946 -0.4896 -36.0674 -14.1592 -47.6940 -31.2885 34.2500 -46.7273 -27.6103 14.9249 -40.1001 -23.4163 -22.6223 -33.3173 2.5232 -48.7681 -29.9985 28.2943 -44.6168 -26.5006 8.7875 -38.1821 -20.5200 -38.7466 -32.7010 22.3517 -48.7322 -29.2991 25.7535
-28.7098 -48.7837 19.5040 -32.7617 -37.7773 -20.7075 -38.2329 8.7875 -26.4788 -44.5310 27.9151 -29.8935 -48.8063 5.5732 -33.2117 -24.8324 -23.1569 -39.8542 14.2114 -27.5065 -46.5449 33.9134 -31.1298 -47.9934 -13.2052 -35.8364 -1.8881 -25.3664 -42.2107 20.9624 -28.6991 -48.2486 30.8319 -32.5154 -41.3180 -19.9258 -37.9046 7.6681 -26.6464 -44.5721 28.4261 -29.9523 -48.7739 2.0091 -34.2066 3.5395 -37.6175 20.6383 -43.6029 -10.5342 -44.7358 20.4106 -33.3479 -48.4293 -14.4140 -44.2348 34.2869 -38.9463 4.3024 -35.0796 27.8137 -44.6497 -26.4916 8.1352 -37.9071 -19.9159 -41.3016 -32.5172 30.8285 -48.2490 -28.7003 20.9611 -42.2107 -25.3664 -1.8881 -35.8364 -13.2052 -47.9934 -31.1298 33.9134 -46.5449 -27.5065 14.2114 -39.8542 -23.1569 -24.8324 -33.2117 5.5732 -48.8063 -29.8935 27.9151 -44.5310 -26.4788 8.7875 -38.2329 -20.7075 -37.7773 -32.7617 19.5040 -48.7837 -28.7098
-48.5631 16.0955 -32.8271 -36.3526 -21.0178 -38.3724 9.1128 -26.5006 -44.5310 27.7778 -29.8340 -48.8201 8.1009 -33.2331 -26.6643 -22.9146 -39.6113 13.4912 -27.4113 -46.3692 33.5323 -30.9589 -48.2408 -12.1147 -35.5882 -3.4786 -25.2233 -41.9964 20.3354 -28.5303 -48.0875 32.3586 -32.5219 -42.1591 -19.5753 -37.5873 6.4236 -31.4823 -44.8221 32.1636 -29.0125 -48.9446 6.0354 -33.3879 -9.8596 -34.5291 3.9625 -38.8108 23.0086 -39.5156 20.0076 -34.7984 -40.3996 -21.1107 -44.3971 30.9771 -38.6323 3.7053 -32.5229 -41.0879 -31.7158 27.8080 -44.4797 -26.4042 7.1775 -37.6454 -19.5512 -42.1541 -32.5208 32.3392 -48.0893 -28.5327 20.3342 -41.9964 -25.2233 -3.4786 -35.5882 -12.1147 -48.2408 -30.9589 33.5323 -46.3692 -27.4113 13.4912 -39.6113 -22.9146 -26.6643 -33.2331 8.1009 -48.8201 -29.8340 27.7778 -44.5310 -26.5006 9.1128 -38.3724 -21.0178 -36.3526 -32.8271 16.0955 -48.5631
0.4910 -32.4797 -34.6371 -21.3778 -38.5663 9.6753 -26.5603 -44.6168 27.9151 -29.8340 -48.8228 9.5457 -33.2490 -27.9555 -22.7179 -39.3946 12.8005 -27.3292 -46.2072 33.1418 -30.7764 -48.4361 -10.8712 -35.3153 -5.3635 -25.0654 -41.8091 19.7914 -28.3343 -47.8910 33.6038 -32.6229 -42.7211 -19.2873 -37.2584 5.7500 -33.6893 -1.4323 -46.2740 -19.9146 -48.5386 21.0063 -33.5066 -26.3219 -29.4035 -42.1203 -33.2888 -0.3309 -36.2819 4.3378 -33.3872 -40.6521 -24.2794 -46.7878 35.2139 -38.8197 2.0727 -30.7564 -48.4826 -22.5376 -48.7656 -29.5947 27.5948 -44.3263 -26.3290 6.0463 -37.3546 -19.2626 -42.7303 -32.6108 33.5788 -47.8934 -28.3356 19.7914 -41.8091 -25.0654 -5.3635 -35.3153 -10.8712 -48.4361 -30.7764 33.1418 -46.2072 -27.3292 12.8005 -39.3946 -22.7179 -27.9555 -33.2490 9.5457 -48.8228 -29.8340 27.9151 -44.6168 -26.5603 9.6753 -38.5663 -21.3778 -34.6371 -32.4797 0.4910
-33.6367 -32.7291 -21.7433 -38.7830 10.3460 -26.6477 -44.7706 28.2943 -29.8935 -48.8201 9.5457 -33.2573 -28.6121 -22.5871 -39.2326 12.2180 -27.2639 -46.0724 32.7779 -30.5924 -48.5796 -9.4516 -35.0237 -7.5958 -24.8902 -41.6651 19.3869 -28.1034 -47.6458 34.4904 -32.8611 -42.8796 -19.1575 -36.9853 4.5772 -32.0443 -35.6555 -35.6085 29.7764 -41.6920 28.9948 -33.3729 -35.1988 -24.1041 -47.9073 -23.1867 -47.1622 -29.5418 -39.8049 -29.3296 -47.6251 -22.3339 -47.1958 34.5821 -40.0361 7.4177 -30.5580 -48.7255 -12.4936 -43.6125 0.3432 -48.1855 -29.8257 28.7605 -43.9542 -26.2555 4.6798 -37.0264 -19.1432 -42.8963 -32.8469 34.4819 -47.6475 -28.1035 19.3869 -41.6651 -24.8902 -7.5958 -35.0237 -9.4516 -48.5796 -30.5924 32.7779 -46.0724 -27.2639 12.2180 -39.2326 -22.5871 -28.6121 -33.2573 9.5457 -48.8201 -29.8935 28.2943 -44.7706 -26.6477 10.3460 -38.7830 -21.7433 -32.7291 -33.6367
-33.1997 -22.0847 -39.0041 11.0391 -26.7519 -44.9666 28.8485 -29.9985 -48.8063 8.1009 -33.2490 -28.6121 -22.5401 -39.1444 11.8399 -27.2161 -45.9707 32.4802 -30.4185 -48.6736 -7.8831 -34.7284 -10.0963 -24.6968 -41.5710 19.1498 -27.8506 -47.3565 34.9150 -33.2214 -42.4239 -19.3158 -36.6896 2.5619 -29.3622 -48.2615 -28.8616 -27.6090 -34.3060 3.2865 -30.7042 -47.5989 -18.6210 -42.2690 29.4021 -46.0667 -14.9022 -48.4491 -20.0848 -48.3218 -13.4678 -45.6060 35.7546 -40.4378 11.8203 -31.5987 -48.7612 -7.5043 -41.7051 27.5031 -37.1463 -2.9045 -47.3555 -37.9319 34.4265 -43.8631 -26.2420 2.9922 -36.6749 -19.3080 -42.4410 -33.2609 34.9280 -47.3591 -27.8541 19.1468 -41.5710 -24.6968 -10.0963 -34.7284 -7.8831 -48.6736 -30.4185 32.4802 -45.9707 -27.2161 11.8399 -39.1444 -22.5401 -28.6121 -33.2490 8.1009 -48.8063 -29.9985 28.8485 -44.9666 -26.7519 11.0391 -39.0041 -22.0847 -33.1997
-20.8594 -39.2232 11.7185 -26.8625 -45.1810 29.5014 -30.1338 -48.7681 5.5732 -33.2331 -27.9555 -22.5871 -39.1444 11.7107 -27.1900 -45.9036 32.2635 -30.2695 -48.7264 -6.2472 -34.4494 -12.6965 -24.4910 -41.5119 19.0501 -27.6109 -47.0671 34.9220 -34.5316 -41.9460 -19.5750 -36.4012 1.0767 -27.0331 -47.6357 -17.5497 -48.8321 -24.1001 -48.7841 -23.4165 -47.6375 7.1354 -38.0702 21.3657 -40.0532 31.9692 -42.6358 34.3361 -43.8538 34.7658 -42.4348 30.1827 -39.4076 10.1913 -31.8776 -48.4309 -11.5200 -41.0496 20.5348 -36.3155 -1.2772 -29.8334 -48.0024 -11.2780 -44.4732 35.6944 -44.0273 -26.3773 1.3212 -36.3751 -19.7794 -41.2400 -33.7166 34.9429 -47.0808 -27.6201 19.0419 -41.5119 -24.4910 -12.6965 -34.4494 -6.2472 -48.7264 -30.2695 32.2635 -45.9036 -27.1900 11.7107 -39.1444 -22.5871 -27.9555 -33.2331 5.5732 -48.7681 -30.1338 29.5014 -45.1810 -26.8625 11.7185 -39.2232 -20.8594
-39.9729 12.3774 -26.9752 -45.3998 30.1852 -30.2761 -48.7494 2.5232 -33.2117 -26.6643 -22.7179 -39.2326 11.8399 -27.1900 -45.8800 32.1417 -30.1730 -48.7498 -4.7241 -34.2069 -15.1171 -24.2869 -41.4631 19.0018 -27.4262 -46.8282 34.7007 -35.8419 7.5187 -24.0825 -35.0213 1.7051 -26.3348 -44.8307 33.1817 -44.0924 21.7804 -44.7768 20.8857 -42.3221 30.7013 -35.3319 2.7123 -34.1910 4.4960 -36.6672 15.6386 -38.3032 19.2667 -38.2471 14.9437 -36.1600 -2.4184 -30.2679 -48.7347 -11.8525 -41.2092 19.7344 -35.6395 -33.4314 -29.6586 -48.5359 -20.9826 -46.4839 26.7531 -40.7391 34.3595 -44.2177 -26.6344 0.6861 -36.1444 -20.8911 -41.8425 -32.8639 34.8940 -46.8338 -27.4314 18.9930 -41.4631 -24.2869 -15.1171 -34.2069 -4.7241 -48.7498 -30.1730 32.1417 -45.8800 -27.1900 11.8399 -39.2326 -22.7179 -26.6643 -33.2117 2.5232 -48.7494 -30.2761 30.1852 -45.3998 -26.9752 12.3774 -39.9729
12.8989 -27.0394 -45.6177 30.8636 -30.4186 -48.7602 -0.4366 -33.3173 -24.8324 -22.9146 -39.3946 12.2180 -27.2161 -45.9036 32.1417 -30.1415 -48.7568 -3.6385 -34.0247 -17.1214 -24.1011 -41.4121 18.9129 -27.3299 -46.6900 34.5575 -35.5461 6.3100 -41.3924 -4.2068 -48.9790 -21.4824 -43.4143 28.4024 -38.7055 22.0533 -39.2290 21.7634 -37.0082 11.4300 -32.2228 -41.8016 -26.7580 -48.6446 -27.8357 -41.7508 -31.1241 -25.1840 -32.2156 -27.0043 -30.5133 -45.0691 -25.4935 -47.4989 1.2252 -40.5729 22.8894 -37.1673 -2.9232 -32.7240 -44.3060 -27.6993 -48.7615 -21.5509 -46.3709 2.7009 -41.6870 33.8455 -44.2519 -26.3490 -8.8816 -34.4803 4.1583 -26.7382 -37.0552 34.7613 -46.6684 -27.3221 18.9094 -41.4121 -24.1011 -17.1214 -34.0247 -3.6385 -48.7568 -30.1415 32.1417 -45.9036 -27.2161 12.2180 -39.3946 -22.9146 -24.8324 -33.3173 -0.4366 -48.7602 -30.4186 30.8636 -45.6177 -27.0394 12.8989
-25.7386 -45.8335 31.5220 -30.5595 -48.7499 -3.0164 -33.5771 -22.6223 -23.1569 -39.6113 12.8005 -27.2639 -45.9707 32.2635 -30.1730 -48.7568 -3.2453 -33.9280 -18.4466 -23.9549 -41.3599 18.7713 -27.3029 -46.6679 34.8066 -35.3413 -28.4154 -33.5632 18.7286 -41.7284 34.5251 -39.7114 17.2681 -33.4132 -13.2089 -33.3045 -12.5203 -31.8595 -38.9525 -27.4630 -48.5739 -19.6434 -45.6754 -16.5221 -47.3574 -22.4625 -48.5942 -25.1236 -48.7457 -24.6838 -48.3131 -20.3638 -45.7658 -2.2419 -41.7495 35.8188 -39.9036 25.5457 -37.4573 16.2770 -35.2125 6.3893 -33.0765 -22.9123 -29.2831 -47.7294 -23.5646 -47.3873 -12.8982 -44.9596 -22.4252 -48.6195 -24.9960 -49.2894 32.3914 -38.0793 34.4835 -46.6404 -27.2946 18.7659 -41.3599 -23.9549 -18.4466 -33.9280 -3.2453 -48.7568 -30.1730 32.2635 -45.9707 -27.2639 12.8005 -39.6113 -23.1569 -22.6223 -33.5771 -3.0164 -48.7499 -30.5595 31.5220 -45.8335 -25.7386
-45.9602 32.1420 -30.6947 -48.7093 -5.1950 -33.8602 -20.1834 -23.4163 -39.8542 13.4912 -27.3292 -46.0724 32.4802 -30.2695 -48.7498 -3.6385 -33.9280 -18.8858 -23.8757 -41.3173 18.6372 -27.2822 -46.6633 35.1455 -36.7532 -30.6830 -27.3378 -45.9917 -32.6517 6.6470 -34.2051 -7.4448 -28.7705 -48.7638 -24.7807 -48.7643 -25.8868 -48.7482 -25.2043 -48.3827 -23.2684 -48.3589 -23.7026 -48.7606 -25.5948 -48.3879 -27.0070 -47.8145 -27.3712 -48.0085 -26.4643 -48.6581 -24.4412 -48.5827 -21.7804 -48.0414 -17.9934 -46.1866 -8.7477 -43.8044 27.5460 -41.3734 32.0267 -38.2181 18.7632 -35.1292 2.6577 -31.3200 -44.0658 -25.3383 -47.6752 -18.1980 -45.2491 16.4909 -39.8389 15.1736 -37.2760 34.5571 -46.6713 -27.2993 18.6206 -41.3174 -23.8759 -18.8858 -33.9280 -3.6385 -48.7498 -30.2695 32.4802 -46.0724 -27.3292 13.4912 -39.8542 -23.4163 -20.1834 -33.8602 -5.1950 -48.7093 -30.6947 32.1420 -45.9602
31.1701 -30.5576 -48.6366 -7.0642 -34.1453 -17.6297 -23.6758 -40.1001 14.2114 -27.4113 -46.2072 32.7779 -30.4185 -48.7264 -4.7241 -34.0247 -18.4466 -23.8757 -41.3002 18.5514 -27.2491 -46.5869 34.9079 -37.4538 -10.5501 -24.0334 -46.1607 -18.6306 -48.7647 -25.6524 -48.6890 -24.1628 -47.3294 -21.5182 -48.4501 -26.0299 -47.8295 -28.8120 -39.6516 -31.1223 -16.4464 -32.9093 0.6600 -33.9258 6.6844 -34.4173 9.3604 -34.6248 10.1778 -34.5549 9.4042 -34.2285 6.8713 -33.6984 1.3294 -32.7433 -13.7398 -30.8905 -38.1287 -27.9211 -48.5071 -23.7503 -48.3466 -15.4822 -44.4702 32.0411 -40.1672 23.4743 -36.0298 2.9899 -30.8859 -47.4496 -22.3549 -45.5323 34.6444 -39.0586 16.1393 -37.6313 34.7857 -46.6616 -27.3026 18.5237 -41.3003 -23.8759 -18.4466 -34.0247 -4.7241 -48.7264 -30.4185 32.7779 -46.2072 -27.4113 14.2114 -40.1001 -23.6758 -17.6297 -34.1453 -7.0642 -48.6366 -30.5576 31.1701
-30.4377 -48.5304 -8.6577 -34.4292 -15.0515 -23.9292 -40.3427 14.9249 -27.5065 -46.3692 33.1418 -30.5924 -48.6736 -6.2472 -34.2069 -17.1214 -23.9549 -41.3173 18.5514 -27.2329 -46.5171 34.3589 -35.9489 -16.8764 -23.7433 -41.1382 35.7099 -43.5193 -11.2380 -46.8017 -22.9224 -48.7317 -27.2812 -39.0043 -31.8562 2.0631 -34.5722 14.9496 -36.4128 23.8627 -38.8837 31.3574 -40.6306 34.9531 -41.6966 33.2615 -42.3029 29.7043 -42.5170 29.1117 -42.3735 32.2012 -41.8578 34.9105 -40.9117 32.7759 -39.3238 25.9466 -36.9798 17.2085 -34.8798 6.1684 -32.5164 -30.5009 -27.9697 -49.1822 -19.9207 -45.4403 32.5979 -39.5772 18.5980 -34.7318 -24.0584 -27.4035 -48.2307 4.9970 -40.3746 21.5033 -38.1419 34.9104 -46.6476 -27.3066 18.5180 -41.3167 -23.9549 -17.1214 -34.2069 -6.2472 -48.6736 -30.5924 33.1418 -46.3692 -27.5065 14.9249 -40.3427 -23.9292 -15.0515 -34.4292 -8.6577 -48.5304 -30.4377
-48.5852 -10.0491 -34.7095 -12.5213 -24.1723 -40.5785 15.6146 -27.6103 -46.5449 33.5323 -30.7764 -48.5796 -7.8831 -34.4494 -15.1171 -24.1011 -41.3599 18.6372 -27.2494 -46.5175 34.1709 -35.0747 -34.3363 -22.5942 -39.5457 32.5867 -42.0852 -12.3092 -48.1756 -27.3587 -29.4409 -32.9383 12.7146 -36.4808 28.3531 -40.5871 31.0907 -43.5097 -9.1642 -46.3384 -18.9836 -48.5137 -22.4970 -49.3034 -24.5357 -48.9974 -25.7247 -48.3690 -26.1949 -48.2340 -25.9801 -48.7615 -25.0547 -49.2999 -23.3012 -48.9227 -20.3196 -47.0965 -12.6731 -44.2796 26.2426 -41.2122 30.1022 -37.3242 14.1622 -33.9676 -21.4544 -28.1686 -49.0693 -14.5593 -43.0775 30.8268 -37.5886 3.5850 -30.2573 -48.8011 -13.6569 -42.2533 25.9776 -38.4850 34.9951 -46.6572 -27.3005 18.6198 -41.3580 -24.1009 -15.1171 -34.4494 -7.8831 -48.5796 -30.7764 33.5323 -46.5449 -27.6103 15.6146 -40.5785 -24.1723 -12.5213 -34.7095 -10.0491 -48.5852
-13.0502 -34.9838 -10.1187 -24.4042 -40.8113 16.2828 -27.7202 -46.7273 33.9134 -30.9589 -48.4361 -9.4516 -34.7284 -12.6965 -24.2869 -41.4121 18.7713 -27.2825 -46.5875 34.3616 -35.0761 -36.4455 -21.6421 -40.0917 34.9045 -44.0197 -22.4154 -45.0197 -31.6595 12.9268 -37.2987 34.3311 -42.7182 -11.4661 -47.6289 -23.0219 -48.7529 -27.8686 -35.7501 -31.1622 -6.0544 -32.9701 6.2672 -33.7690 11.4223 -34.1971 14.2597 -34.6571 15.3886 -34.7610 14.8490 -34.4381 12.5375 -34.1628 7.9910 -33.5139 -2.2849 -31.8002 -32.7649 -28.3870 -48.5416 -23.1878 -47.5076 -6.5435 -42.4744 32.3746 -37.6551 11.0084 -32.4500 -43.5045 -23.7374 -46.3663 34.8480 -39.0325 11.6456 -32.0874 -47.4461 -18.4689 -43.4227 28.3695 -38.6147 34.9385 -46.5752 -27.2580 18.7937 -41.4089 -24.2864 -12.6967 -34.7285 -9.4516 -48.4361 -30.9589 33.9134 -46.7273 -27.7202 16.2828 -40.8113 -24.4042 -10.1187 -34.9838 -13.0502
-36.2684 -7.8891 -24.6222 -41.0447 16.9420 -27.8349 -46.9122 34.2500 -31.1298 -48.2408 -10.8712 -35.0237 -10.0963 -24.4910 -41.4631 18.9129 -27.3029 -46.6617 34.9234 -36.0056 -34.3039 -21.6421 -40.4537 36.0950 -46.1530 -26.5183 -11.8843 -35.0213 29.9103 -42.3612 -15.3472 -48.9754 -26.7378 -34.1172 -31.8299 7.2340 -34.1604 19.4862 -37.5548 29.7487 -40.2203 34.7319 -41.8963 24.7921 -42.8927 6.0643 -43.5462 -2.5438 -43.8924 -3.0147 -43.6865 4.5576 -43.1221 24.1314 -42.1447 35.0161 -40.3832 28.5052 -37.4790 16.8747 -35.0919 0.7334 -31.1999 -45.0156 -24.4911 -47.4407 9.6167 -40.6884 22.5677 -35.6868 -17.6538 -27.6555 -48.1831 17.3200 -39.7369 15.8821 -33.2951 -45.3719 -20.0935 -43.7994 28.5956 -38.6562 35.1938 -46.2449 -27.5168 18.8611 -41.4580 -24.4909 -10.0924 -35.0238 -10.8712 -48.2408 -31.1298 34.2500 -46.9122 -27.8349 16.9420 -41.0447 -24.6222 -7.8891 -36.2684
-8.0763 -24.8277 -41.2754 17.6035 -27.9532 -47.0968 34.5140 -31.2885 -47.9934 -12.1147 -35.3153 -7.5958 -24.6968 -41.5119 19.0018 -27.3295 -46.6647 35.2386 -37.8036 -13.9999 -22.7283 -40.1198 36.0591 -46.8816 -27.7882 5.1534 -36.9996 27.1704 -47.2989 -25.8736 -31.1991 -32.7354 15.4439 -37.3798 33.3545 -41.5709 2.0501 -45.3846 -18.4067 -48.5801 -23.1525 -49.2270 -26.0381 -46.6582 -27.9423 -41.7379 -29.0522 -37.8840 -29.4329 -38.1062 -29.0663 -42.3688 -27.8376 -47.4001 -25.5562 -49.3020 -21.7950 -47.4506 -10.8354 -43.7735 35.1074 -39.8202 21.1246 -35.9614 -1.7238 -30.0710 -48.7090 -18.1018 -43.9441 31.9888 -37.8034 1.2507 -29.5389 -48.7076 -0.7958 -40.3619 17.9249 -33.8174 -44.7429 -19.8127 -43.4510 28.9131 -39.5246 27.5341 -47.3845 -29.3004 18.8023 -41.5039 -24.6975 -7.5919 -35.3153 -12.1147 -47.9934 -31.2885 34.5140 -47.0968 -27.9532 17.6035 -41.2754 -24.8277 -8.0763
-23.0650 -41.5034 18.2597 -28.0747 -47.2792 34.6792 -31.4391 -47.6940 -13.2052 -35.5882 -5.3635 -24.8902 -41.5710 19.0518 -27.4241 -46.6838 34.9998 -37.8991 3.7196 -24.2399 -39.2844 35.3262 -46.2784 -27.7956 7.9114 -37.9358 -6.7748 -49.0651 -29.7246 9.3237 -36.8716 34.9364 -43.8305 -17.5519 -49.0693 -26.0198 -41.4216 -30.6225 -4.1106 -32.9606 10.1134 -34.0437 16.8143 -35.8374 21.4625 -37.0530 24.1813 -37.6197 24.6349 -37.4943 22.6466 -36.6250 18.2617 -35.4172 11.5234 -34.3414 -1.9454 -31.5665 -40.8687 -26.5308 -49.0043 -15.9828 -44.3458 35.4094 -38.7185 14.0732 -33.3367 -40.9267 -24.1130 -46.2852 35.6380 -38.7921 6.8082 -30.4416 -48.7363 -5.4803 -40.6601 17.9309 -33.6508 -46.1892 -17.6511 -42.8847 35.4448 -46.1929 -23.9502 -47.4048 -30.8596 18.8590 -41.5662 -24.8907 -5.3635 -35.5882 -13.2052 -47.6940 -31.4391 34.6792 -47.2792 -28.0747 18.2597 -41.5034 -23.0650
-42.0217 18.9112 -28.1983 -47.4584 34.7204 -31.5801 -47.3364 -14.1592 -35.8364 -3.4786 -25.0654 -41.6651 19.1514 -27.6081 -46.8167 34.6662 -36.2225 -18.1087 -24.3698 -39.1977 31.7053 -44.5507 -26.5984 4.2629 -37.7841 -11.3023 -48.2355 -31.7591 20.0854 -40.4875 -12.0763 -49.0145 -27.8424 -16.8313 -33.2205 15.2076 -36.7526 29.6424 -40.4994 31.7560 -42.7620 -1.7838 -44.7755 -13.9804 -46.4652 -17.3829 -47.2431 -18.1675 -47.2085 -16.8298 -46.3149 -11.3956 -44.6148 14.6837 -42.4974 34.9941 -39.8104 22.7611 -36.7260 7.5173 -32.6059 -39.7982 -25.9644 -48.0029 2.0441 -41.0175 23.1696 -35.8379 -21.1914 -26.9473 -47.5326 33.1215 -39.1570 8.4641 -30.7318 -48.7418 -3.1024 -40.4615 15.9982 -32.8256 -48.1358 -14.5968 -45.6351 -24.5355 -14.9762 -34.5819 -43.8898 -29.6557 19.0834 -41.6651 -25.0654 -3.4786 -35.8364 -14.1592 -47.3364 -31.5801 34.7204 -47.4584 -28.1983 18.9112 -42.0217
19.6744 -28.2101 -47.6321 34.6103 -31.7131 -46.9175 -15.0127 -36.0674 -1.8881 -25.2233 -41.8091 19.3869 -27.8495 -47.0622 34.7176 -35.7451 -18.1260 -28.7002 -43.9844 35.2372 -42.4247 -23.1798 -12.8902 -36.9238 -2.4031 -48.4529 -32.3248 25.3619 -43.3140 -22.4608 -42.7892 -32.3892 16.3304 -38.4464 34.2424 -44.0351 -16.0414 -48.4692 -23.9194 -48.3478 -27.8824 -37.9757 -30.4301 -19.6923 -31.8749 -8.5303 -32.4710 -7.7364 -32.2977 -17.1142 -31.1336 -35.8862 -28.6689 -47.5551 -24.7297 -48.7323 -15.9800 -45.0332 33.0458 -40.4836 22.4910 -36.6446 -0.4723 -30.3177 -48.5943 -17.4386 -43.6956 30.4159 -37.3912 -5.9257 -28.2009 -47.9780 31.4411 -39.2316 7.6573 -30.4302 -48.6714 9.0812 -40.1285 12.2042 -31.4512 -48.7562 -19.6490 -46.6145 -35.6968 33.3167 -46.6579 -45.3202 -27.8045 19.3868 -41.8091 -25.2233 -1.8881 -36.0674 -15.0127 -46.9175 -31.7131 34.6103 -47.6321 -28.2101 19.6744
-27.2687 -47.7977 34.3211 -31.8421 -46.4335 -15.7819 -36.2870 -0.4896 -25.3664 -41.9968 19.7927 -28.1023 -47.3588 34.9269 -35.8782 9.7617 -34.7715 -31.9232 -20.7890 -43.1986 -15.9399 -42.7751 -35.4060 32.1215 -48.9225 -31.3420 24.2064 -44.0050 -25.1516 -19.5400 -35.4514 31.0972 -43.3364 -18.0990 -49.2560 -28.2423 -21.3937 -32.9090 10.0815 -34.8791 20.0561 -37.5036 27.2860 -39.2923 31.3114 -40.1115 32.0211 -40.0054 29.5777 -38.9588 23.6702 -37.1716 15.3374 -35.6196 2.8079 -32.3918 -38.5737 -26.9811 -48.9486 -14.7991 -44.1552 34.8303 -38.9457 12.4745 -32.9754 -43.6955 -22.8851 -45.5371 34.5799 -38.0823 -1.1444 -28.4720 -47.8904 33.8528 -39.0322 4.2543 -29.5146 -48.3079 29.4809 -39.5520 5.7830 -29.6974 -48.6121 -27.9133 12.3171 -43.5738 -19.3997 34.8035 -47.3336 -28.1024 19.7914 -41.9964 -25.3664 -0.4896 -36.2870 -15.7819 -46.4335 -31.8421 34.3211 -47.7977 -27.2687
-47.7297 33.7842 -31.9613 -45.8725 -16.4808 -36.4961 0.7766 -25.4946 -42.2111 20.3367 -28.3320 -47.6451 34.9378 -34.8224 15.4275 -49.2582 30.9311 -34.7697 -48.2171 -16.5818 -48.7595 -32.6077 29.2162 -46.7651 -29.1624 17.2984 -42.5561 -24.5928 -11.7914 -36.7472 34.4129 -47.1078 -26.1212 -28.2481 -33.7351 16.9540 -38.3549 34.3372 -42.2590 4.3106 -45.3569 -16.0262 -47.6561 -20.1682 -48.5612 -21.1569 -48.5436 -19.9188 -47.6327 -14.9356 -45.5660 9.5589 -42.9042 35.0139 -39.8663 21.2258 -36.9062 4.4714 -32.0581 -44.2278 -24.5011 -47.4048 18.5916 -40.5148 20.3979 -35.1131 -30.3636 -25.7597 -46.6608 35.6094 -38.1667 -1.5798 -27.9737 -47.2806 35.6866 -38.4565 -4.3851 -27.5823 -47.1782 35.5405 -38.3318 -11.0424 -27.8072 -48.0615 -33.9481 34.8497 -49.1996 -32.6602 34.9345 -47.6477 -28.3355 20.3342 -42.2107 -25.4946 0.7766 -36.4961 -16.4808 -45.8725 -31.9613 33.7842 -47.7297
24.8044 -31.6933 -45.2361 -17.1286 -36.6989 1.9359 -25.6074 -42.4357 20.9624 -28.5289 -47.8892 34.4977 -33.3020 -40.6705 -17.2753 -25.4645 -45.9481 15.6935 -27.0005 -48.1010 -29.5850 15.1918 -42.4123 -25.1368 5.1736 -39.2817 -20.3405 -28.5102 -36.4441 31.2351 -48.4698 -28.8027 4.6393 -37.1653 33.7245 -43.6133 -15.0059 -48.8266 -25.4520 -45.2561 -29.8577 -24.9590 -32.3204 -7.1801 -33.2835 -4.8430 -33.0675 -14.7510 -31.5534 -36.8831 -28.5197 -48.2003 -23.6038 -48.0437 -9.6433 -43.8617 35.3654 -39.4655 17.7150 -35.6176 -13.4056 -29.0041 -48.9340 -13.6131 -42.7187 28.0363 -36.6571 -12.1233 -27.3350 -47.2316 35.4665 -37.8079 -7.5600 -26.5363 -45.9904 32.2063 -37.2021 -26.3684 -24.0234 -45.0307 28.3709 -36.0876 -40.7355 -27.1630 -29.4270 -36.3482 -12.8559 -40.9242 -33.2849 34.4850 -47.8937 -28.5315 20.9611 -42.4357 -25.6074 1.9359 -36.6989 -17.1286 -45.2361 -31.6933 24.8044
-32.1696 -44.5205 -17.7249 -36.9022 3.0143 -25.7090 -42.6667 21.6252 -28.6991 -48.0875 33.6061 -32.8660 -42.4066 -19.9076 -35.5732 -36.5212 -2.0105 -33.9048 -47.8432 -27.1134 -4.3654 -38.5963 -14.9690 -37.4998 -35.9710 -0.1666 -47.0422 -34.5239 35.2727 -48.2314 -29.3330 10.9388 -38.6777 19.1883 -47.8588 -25.9434 -37.7548 -32.6510 7.4708 -36.2182 18.9467 -38.0197 25.8372 -39.4819 28.2000 -39.5778 25.9202 -38.5271 19.7129 -37.2733 10.7298 -34.8439 -10.8785 -30.6879 -46.6880 -24.0410 -47.6252 -0.0840 -42.2005 29.8183 -38.0422 8.2782 -31.9379 -46.2494 -22.0349 -45.1561 34.6098 -37.5093 -1.0274 -27.9801 -47.3357 35.5036 -36.9477 -24.0625 -23.6470 -43.9427 24.7065 -35.1119 -44.2868 -17.5200 -42.1717 18.2179 -32.9447 -48.6046 -27.5799 -2.5007 -36.2237 -19.8575 -42.4058 -32.8562 33.5942 -48.0892 -28.6991 21.6252 -42.6667 -25.7090 3.0143 -36.9022 -17.7249 -44.5205 -32.1696
-44.7488 -18.2717 -37.1080 4.0256 -25.8077 -42.9021 22.3138 -28.8508 -48.2497 32.3637 -32.6301 -42.8275 -19.3574 -36.3654 0.6469 -24.5476 -40.5526 1.1022 -27.8044 -44.2015 -35.5684 34.8943 -49.0257 -32.6224 32.3089 -47.9374 -31.0989 26.4128 -46.0888 -28.2902 10.1284 -38.9988 -6.1172 -48.9697 -29.9196 2.8806 -36.9994 25.1100 -40.9537 33.8526 -44.0337 -2.4730 -45.8706 -12.4512 -46.4895 -11.2317 -45.5734 5.0326 -43.7532 35.2168 -41.2555 27.2711 -38.5941 13.3859 -35.0836 -14.1632 -29.7693 -48.4276 -20.9142 -45.9745 31.3153 -39.8577 19.1854 -34.6911 -27.0535 -26.4605 -47.3087 32.0287 -37.6008 3.5722 -27.9515 -46.8664 33.8865 -35.4106 -41.9773 -17.9731 -41.2441 16.1634 -32.4140 -48.8382 6.8959 -39.8351 6.6822 -28.9449 -47.8037 -27.3409 0.5748 -36.3875 -19.3252 -42.8693 -32.6258 32.3585 -48.2486 -28.8508 22.3138 -42.9021 -25.8077 4.0256 -37.1080 -18.2717 -44.7488
-18.1263 -37.3158 4.9731 -25.9085 -43.1381 23.0227 -28.9922 -48.3857 30.8488 -32.4995 -42.6943 -19.0772 -36.5859 0.5619 -26.5545 -44.0585 20.8168 -30.5462 -48.6631 -32.0542 21.4659 -44.6231 -27.5582 13.5818 -42.5611 -25.9626 10.7725 -41.5298 -24.4723 0.4571 -38.3602 -5.1052 -48.6667 -31.4934 12.7711 -39.1958 35.3418 -45.3107 -17.2044 -49.0253 -25.6334 -46.8490 -28.5160 -42.7559 -29.1219 -44.3020 -27.6781 -48.2882 -24.0083 -48.5439 -15.0055 -45.3568 29.9309 -41.4860 27.7054 -38.0573 11.5077 -33.8366 -29.3488 -27.6921 -48.9372 -14.9660 -43.1377 32.1518 -36.7318 3.1099 -28.9469 -48.6570 11.4586 -37.3143 4.1482 -27.3264 -45.4761 27.5503 -33.1337 -48.5622 2.0940 -39.2545 5.7818 -28.8516 -47.3669 35.3192 -37.5665 -29.0236 -22.3500 -45.3922 -26.6291 1.0548 -36.6609 -19.1839 -42.6561 -32.5367 30.8318 -48.3846 -28.9922 23.0227 -43.1381 -25.9085 4.9731 -37.3158 -18.1263
-38.2815 5.8650 -26.0105 -43.3744 23.7414 -29.1270 -48.5025 29.0577 -32.4288 -42.7189 -18.8873 -37.7118 7.4273 -29.5050 -46.1015 32.8020 -34.5420 -47.0980 -29.1661 4.4870 -39.9121 -18.1603 -27.1625 -37.3826 -12.8161 -36.2371 -36.6805 -11.2940 -40.4814 -36.2611 25.0182 -49.0036 -31.4424 15.7758 -40.0829 8.2487 -48.2466 -26.2101 -40.1788 -32.4960 -0.1827 -35.5917 9.3644 -36.5450 10.5192 -36.1954 5.9137 -34.5452 -12.5515 -31.2507 -43.9525 -26.3567 -48.9349 -17.8271 -45.5586 26.1971 -41.1119 27.2387 -36.8290 9.4444 -32.3279 -40.5441 -25.1677 -47.3017 17.8306 -38.6439 13.7037 -30.4488 -48.8807 -0.4202 -36.9620 -1.1580 -25.3893 -42.8176 17.7252 -30.3084 -47.8868 35.6104 -37.5577 -25.3982 -22.8640 -43.7660 22.2527 -33.7440 -48.6626 -5.6946 -44.0261 -27.4409 3.2876 -36.9973 -19.1389 -42.0309 -32.5315 29.0325 -48.5026 -29.1270 23.7414 -43.3744 -26.0105 5.8650 -38.2815
6.1383 -26.1116 -43.6074 24.4687 -29.2576 -48.6011 26.9303 -32.4402 -42.4477 -20.9985 -40.7324 23.1967 -35.3726 -46.3159 -10.5090 -39.5523 0.5128 -30.1706 -37.2396 -36.4753 33.8461 -49.1252 -33.1972 32.6314 -48.3298 -32.1396 32.4302 -48.4669 -32.1630 30.7453 -47.4254 -29.7049 13.3516 -40.0804 -6.5029 -48.8340 -29.8517 -4.7989 -36.5151 17.2858 -39.6398 27.8755 -40.9200 32.2323 -41.2039 30.4950 -39.9836 23.6174 -38.4551 14.3984 -35.9210 1.4337 -32.4769 -36.7844 -27.6479 -49.0828 -20.7962 -46.0689 12.7390 -40.9341 27.7836 -35.6144 5.5753 -30.0119 -48.8321 -16.9487 -41.0929 19.9836 -31.1871 -48.8648 8.5975 -36.2089 -26.0747 -20.1160 -39.1557 4.6652 -26.0676 -44.4767 24.0302 -34.2926 -47.8971 -6.2800 -40.2450 7.5608 -28.2397 -45.7372 2.0607 -48.3541 -32.7887 14.0856 -38.3017 -19.6605 -41.1963 -32.5669 26.9102 -48.6011 -29.2576 24.4687 -43.6074 -26.1116 6.1383
-24.5109 -43.8364 25.1935 -29.3871 -48.6827 24.4860 -32.5338 -41.4031 -22.8616 -47.1316 0.5000 -41.3264 13.6930 -29.9845 -46.9606 29.3464 -34.8753 -43.0324 -33.4476 21.7649 -44.5395 -27.1100 11.4088 -41.8013 -24.9242 9.6136 -41.8165 -25.6514 11.8324 -42.2846 -25.2801 3.5556 -39.1184 -0.9215 -48.7644 -31.0395 6.8787 -38.8845 28.8523 -42.4077 28.4440 -45.2579 -5.7739 -46.3238 -9.5894 -45.7850 1.7741 -44.1519 31.6926 -42.0534 33.0550 -39.4642 22.5599 -36.3159 11.5471 -33.7695 -11.9211 -29.6651 -47.6187 -23.2073 -46.8361 3.6414 -39.9552 22.2156 -33.2599 -38.5903 -22.9209 -42.6941 21.7233 -30.7281 -48.8219 33.8553 -34.1698 -47.6889 6.8269 -35.9255 -37.6170 -16.8632 -40.7003 10.3957 -29.7217 -47.6265 35.2798 -37.1372 -36.1489 -19.9235 -45.5661 -26.1145 1.5156 -39.1203 34.8067 -43.3421 -20.6603 -40.2068 -32.6207 24.4802 -48.6827 -29.3871 25.1935 -43.8364 -24.5109
-44.1400 25.9112 -29.5172 -48.7480 21.7310 -32.6638 -39.5663 -22.2535 -47.8745 -27.3363 -49.0180 20.9449 -38.0591 -29.0839 -16.4528 -39.7912 -1.4215 -32.6423 4.0096 -39.8286 -15.3088 -37.3225 -36.2958 1.6799 -45.0964 -35.3648 -3.5180 -41.4057 -36.3716 -10.5784 -39.9807 -36.7267 31.3043 -48.7609 -30.6595 9.0879 -39.7487 35.3796 -44.9933 -13.8162 -48.6731 -24.3173 -48.2038 -27.1344 -47.3383 -26.8505 -48.4052 -24.7631 -49.0252 -21.2810 -47.6568 -15.0779 -44.9823 9.2444 -42.0887 34.6694 -38.9661 21.8153 -34.3887 5.3086 -30.6593 -45.7589 -22.9805 -45.2106 34.7475 -35.3741 -20.5555 -24.1531 -42.3163 17.6147 -28.9890 -46.5796 27.1636 -30.6432 -47.4699 30.2360 -32.6332 -49.0374 32.4915 -37.7284 -23.3152 -22.3386 -43.2173 19.1258 -32.5624 -48.6230 -18.7731 -45.0825 -36.2932 33.6640 -49.4509 -25.7823 -44.5271 -20.8985 -39.0067 -32.6906 21.7310 -48.7480 -29.5172 25.9112 -44.1400
26.5754 -29.4606 -48.7950 18.6495 -32.7670 -37.5817 -20.6032 -36.2177 -39.0718 14.2280 -28.1867 -45.6558 21.6730 -30.3472 -46.4046 25.3102 -34.2746 -31.2740 -36.5493 35.3943 -48.5508 -32.1900 25.4836 -46.1014 -30.3180 23.9554 -46.4071 -31.0481 29.1704 -47.9649 -32.0357 27.9956 -46.5632 -28.4699 5.4533 -39.6391 35.6382 -46.6318 -21.6360 -47.5721 -30.3914 -22.9817 -33.9779 -1.3001 -34.9740 1.5005 -34.4693 -1.2881 -33.3125 -10.6881 -31.6204 -30.5635 -29.1559 -45.6567 -25.6002 -49.2422 -20.2757 -45.8288 2.8296 -40.8317 29.0710 -34.8872 1.3860 -28.1097 -48.2645 29.4638 -35.9241 -24.2209 -21.7953 -39.8511 7.5839 -25.3104 -41.6268 10.3125 -25.2740 -41.7463 11.3269 -27.2231 -44.9109 24.1701 -33.9009 -48.7306 9.6324 -39.1734 -1.9489 -25.8747 -47.5976 -28.4398 17.0515 -44.6754 -27.2559 -2.5941 -23.5476 -36.5737 -20.6933 -37.5817 -32.7670 18.6495 -48.7950 -29.4606 26.5754
-28.9218 -48.8203 15.2826 -32.8398 -35.9800 -21.0875 -38.3881 10.7481 -0.6580 -36.8134 -42.0149 -1.3181 -36.1195 -42.5895 -3.9906 -36.7898 -22.8377 -34.0193 17.8431 -43.1168 -24.7369 2.6679 -40.1916 -20.0452 -9.3379 -39.4111 -20.7737 0.5484 -40.7351 -23.8412 7.9412 -41.3281 -22.5897 -15.1230 -38.3915 35.6773 -46.8776 -24.1300 -41.6917 -33.3887 5.6318 -37.6989 17.6424 -39.1106 24.5079 -39.4042 28.5475 -39.6797 29.8475 -39.2778 28.0035 -38.0018 22.8442 -35.7784 14.8637 -33.2125 1.3927 -30.6353 -42.2023 -25.0581 -47.8606 -2.6310 -38.8450 14.7214 -29.6500 -48.8019 32.0280 -34.9392 -43.3667 -11.7503 -36.5198 -33.5942 -14.1330 -36.3795 -39.3913 -8.9700 -36.5352 -35.4121 -16.1746 -40.2920 6.7672 -27.7673 -45.9686 29.2397 -35.2336 -47.4682 -21.0302 -46.4832 -35.2718 5.5559 -42.6533 -36.8671 -17.5292 9.1470 -38.3840 -21.0875 -35.9800 -32.8398 15.2826 -48.8203 -28.9218
-48.6489 11.6532 -32.9023 -34.2093 -21.4645 -38.6093 9.7670 -26.4844 -42.8340 12.2390 -25.0866 -41.9765 10.3991 -25.1399 -41.9721 11.1390 -33.0535 -4.7539 -38.5720 -0.9826 -47.0702 -35.3243 35.2517 -49.1248 -33.5119 34.7750 -49.2672 -33.6785 28.0912 -47.9121 -35.1657 12.0965 -47.7008 -35.2118 30.0174 -45.6828 -23.6733 -38.1290 -34.7346 12.9647 -39.7859 30.3075 -42.3126 25.5826 -44.8524 -12.8087 -47.0055 -19.3296 -48.2279 -20.4383 -48.2385 -19.3029 -47.0254 -14.7816 -44.3531 13.9359 -40.9822 31.6584 -36.5587 13.4572 -31.2436 -45.3538 -20.6639 -41.2751 17.1639 -29.3422 -47.6922 32.7968 -32.2681 -49.0648 34.9436 -32.4982 -48.8583 33.0483 -31.5489 -47.6498 29.2359 -32.3082 -48.6464 35.4606 -36.4658 -41.0883 -15.9800 -41.2162 10.0403 -28.7676 -47.3571 -25.2610 8.7424 -42.0301 -25.2536 14.5713 -44.6633 -26.5767 9.7643 -38.6093 -21.4645 -34.2093 -32.9023 11.6532 -48.6489
-2.3084 -32.7086 -32.2672 -21.8264 -38.8330 10.4936 -26.6777 -44.8230 25.5629 -29.3396 -47.3041 28.7119 -30.4911 -47.6659 30.2631 -33.6193 -40.1410 -35.3813 29.7538 -46.4571 -29.4273 15.0480 -42.7923 -25.3427 9.4476 -42.0351 -25.4881 13.5702 -43.5995 -28.5763 21.5652 -45.8856 -29.9523 16.9971 -42.5965 -19.7617 -42.6287 -34.7083 15.6129 -40.7471 35.9097 -45.3189 -18.3338 -49.0744 -27.4925 -36.0268 -31.2846 -1.6090 -32.4139 5.7119 -32.2856 4.3213 -31.8099 -8.9255 -29.9507 -42.6435 -25.6979 -49.0758 -17.9484 -43.5872 33.1968 -34.4881 -30.2030 -22.0987 -40.5665 11.5615 -27.2555 -44.0850 18.3590 -28.2674 -44.2327 16.3242 -26.5774 -42.0521 9.0682 -23.8041 -40.9137 5.9665 -24.7912 -42.9089 16.9863 -31.2861 -48.2748 35.5764 -36.8605 -39.7042 -19.5277 -47.5398 -30.4571 29.3653 -47.6404 -29.3365 28.6174 -44.8197 -26.6786 10.4936 -38.8330 -21.8264 -32.2672 -32.7086 -2.3084
-33.9737 -30.1524 -22.1728 -39.0575 11.1942 -26.7842 -45.0303 29.0015 -30.1187 -48.9829 30.8914 -32.7441 -48.3997 11.9660 -35.6587 -34.6075 -31.9335 10.1301 -41.3468 -19.1238 -28.7107 -37.2098 6.7551 -46.8544 -35.1479 17.7290 -46.6270 -35.4242 -9.8833 -30.5598 -38.3318 -19.1444 -11.8372 -38.7512 -2.5314 -48.2851 -33.2338 14.4633 -40.9269 33.9564 -46.9035 -24.3297 -39.8729 -32.9089 14.0195 -37.0977 32.2732 -41.1345 25.7507 -42.5455 14.2532 -42.3819 28.6135 -40.7007 31.7595 -36.9956 17.3065 -32.5165 -5.1758 -27.7311 -48.4285 30.8398 -35.0759 -38.9496 -16.4612 -38.0009 -9.1264 -21.0921 -39.0004 -7.1726 -19.3876 -37.6236 -33.3998 -9.3650 -34.9933 -47.3642 21.3187 -34.9891 -47.0252 4.3217 -37.8978 -16.2158 -22.3160 -42.9235 16.3480 -31.0634 -47.4825 -12.2483 -48.2121 -32.9824 29.2222 -49.0024 -29.8806 29.0421 -45.0295 -26.7842 11.1942 -39.0575 -22.1728 -30.1524 -33.9737
-30.6366 -22.4955 -39.2805 11.8818 -26.8928 -45.2418 29.7124 -30.1498 -48.8669 9.5545 -33.6496 -39.5779 -18.0174 -38.9839 5.2236 -31.3629 -33.4590 -37.0159 34.9577 -48.9041 -32.7987 23.8784 -45.2271 -28.7979 17.2946 -44.0611 -28.5853 21.1418 -46.0882 -31.3785 31.8797 -48.9761 -33.7188 33.2380 -47.7615 -30.1792 9.0841 -40.3496 34.8264 -47.1078 -25.1289 -30.4404 -35.5736 31.8410 -42.9649 -17.5952 -49.2723 -26.0620 -42.2934 -28.4082 -34.2622 -28.4113 -43.9278 -25.8550 -49.3266 -19.7423 -44.9875 5.2512 -39.8776 19.2216 -29.7372 -48.5678 34.9226 -33.2044 -49.0342 27.1084 -34.4795 -48.3378 24.4831 -33.6277 -49.3360 34.5086 -31.5958 -47.1115 24.3072 -29.2570 -44.6588 18.5740 -29.1910 -45.6104 25.6667 -33.6690 -49.1029 27.9092 -38.0006 -23.8210 -20.9387 -42.8692 -19.4561 -37.0555 -34.0828 10.2608 -48.8914 -30.0979 29.7068 -45.2409 -26.8934 11.8806 -39.2801 -22.4955 -30.6366
-21.1719 -39.4997 12.5467 -26.9917 -45.4560 30.3839 -30.9328 -48.7756 4.1073 -35.0853 -12.7292 -25.8869 -44.0529 23.8554 -34.6640 -44.2831 -33.0004 18.3423 -43.4359 -24.5191 -0.8952 -39.5209 -14.3216 -36.0080 -36.8644 -9.2644 -36.2225 -37.5246 -17.9347 -4.7179 -40.6773 -24.0455 9.9419 -42.2193 -23.5672 -10.3465 -38.7780 35.4227 -46.4867 -23.7054 -37.9567 -35.4228 31.9234 -49.1450 -31.6500 -18.0107 -39.3580 21.3390 -41.2983 35.7535 -42.7372 34.1295 -41.0147 20.1054 -39.8979 1.1126 -37.1922 -28.8841 -31.3325 -43.4122 17.4404 -28.1715 -45.2175 21.5879 -29.6415 -46.2500 24.0351 -29.8202 -45.5253 19.4798 -27.2598 -42.2552 8.0602 -22.1144 -39.1912 -17.8880 -16.0445 -37.7025 -28.7957 -16.6831 -39.9368 2.2319 -25.4437 -44.0282 21.1069 -32.7630 -48.5568 12.5963 -44.7276 -27.1140 -6.1511 -35.7562 6.1460 -48.7880 -30.2529 30.3886 -45.4561 -27.0059 12.5468 -39.5005 -21.1727
-40.2301 13.2500 -27.0803 -45.5110 30.7786 -31.4978 -46.2570 -19.3578 -39.4526 14.1891 -32.8158 -48.9839 23.4142 -38.9891 -6.8732 -31.3536 -11.4769 -38.3741 10.0842 -48.3853 -34.8490 31.3786 -47.3926 -31.2178 23.1690 -45.8591 -30.6072 26.8183 -47.8751 -32.6319 34.2596 -48.9206 -34.9674 16.6775 -48.0119 -35.2286 27.7104 -44.8244 -21.0069 -44.1806 -34.2019 18.9770 -42.7428 -30.0766 -21.5209 -41.1062 27.6289 -43.3348 -5.7737 -46.7141 -18.6104 -46.0013 5.3382 -43.2727 31.3378 -42.3479 20.2895 -39.9129 6.4823 -20.5634 -39.6363 -3.2139 -21.4735 -40.0701 1.1848 -22.4081 -40.1822 -0.8863 -20.3809 -38.1261 -32.2356 -7.3144 -34.0837 -49.2475 34.6744 -32.3706 -47.9978 29.1254 -32.2079 -48.0958 33.0945 -35.0093 -48.0609 5.8582 -38.6298 -8.9974 -23.3382 -43.7287 -7.3248 -48.5799 -33.9081 14.7425 -38.8830 -9.2730 -48.7614 -30.4828 31.0574 -45.6734 -27.1201 13.1959 -40.2206
