-47.2458 27.8006 -31.8524 -46.0288 -17.3707 -37.9240 4.2682 -24.2572 -43.7302 25.2589 -28.5945 -48.5069 2.2557 -33.4427 -34.5989 -20.6702 -39.8354 12.4179 -25.6331 -45.8163 30.9689 -30.3188 -48.6574 -12.5374 -36.0946 -9.7423 -22.9360 -41.8768 19.2027 -27.1530 -47.6231 26.1124 -32.0558 -45.2447 -17.8647 -38.1528 5.4946 -24.4194 -43.9933 26.1079 -28.8041 -48.6045 -0.8044 -33.7816 -32.1332 -20.9966 -40.0821 13.2718 -25.8044 -45.4399 11.1982 -45.4397 -25.8053 13.2718 -40.0821 -20.9966 -32.1332 -33.7816 -0.8044 -48.6045 -28.8041 26.1079 -43.9933 -24.4194 5.4946 -38.1528 -17.8647 -45.2447 -32.0558 26.1124 -47.6231 -27.1530 19.2027 -41.8768 -22.9360 -9.7423 -36.0946 -12.5374 -48.6574 -30.3188 30.9689 -45.8163 -25.6331 12.4179 -39.8354 -20.6702 -34.5989 -33.4427 2.2557 -48.5069 -28.5945 25.2589 -43.7302 -24.2572 4.2682 -37.9240 -17.3707 -46.0288 -31.8524 27.8006 -47.2458
27.8006 -31.2101 -45.6924 -17.2203 -36.9202 4.0851 -25.9231 -43.3859 24.5052 -29.2158 -48.7496 18.4351 -32.3416 -34.1509 -21.8300 -39.0698 11.9173 -26.9584 -45.6747 31.6839 -30.4770 -48.6086 -9.1115 -34.7826 -9.5128 -24.6808 -41.3438 18.4547 -28.1204 -47.6761 34.1763 -31.6290 -45.0334 -17.8882 -37.1694 5.2428 -26.0434 -43.6754 25.4054 -29.3728 -48.8043 14.1464 -32.5763 -31.6595 -22.2639 -39.3462 12.7424 -27.0973 -45.9765 31.9434 -33.7457 31.9650 -45.9853 -27.1005 12.7438 -39.3462 -22.2639 -31.6595 -32.5763 14.1464 -48.8043 -29.3728 25.4054 -43.6754 -26.0434 5.2428 -37.1694 -17.8882 -45.0334 -31.6290 34.1763 -47.6761 -28.1204 18.4547 -41.3438 -24.6808 -9.5128 -34.7826 -9.1115 -48.6086 -30.4770 31.6839 -45.6747 -26.9584 11.9173 -39.0698 -21.8300 -34.1509 -32.3416 18.4351 -48.7496 -29.2158 24.5052 -43.3859 -25.9231 4.0851 -36.9202 -17.2203 -45.6924 -31.2101 27.8006
-31.8524 -45.6924 -16.9878 -36.7856 3.2619 -25.8243 -43.1619 23.7970 -29.2608 -48.6850 21.6291 -32.7631 -35.9378 -21.4764 -38.8518 11.2522 -26.8907 -45.4569 31.0381 -30.6077 -48.6902 -7.5867 -34.5017 -11.8811 -24.4658 -41.1161 17.8064 -28.1049 -47.5049 34.5550 -31.8854 -45.6861 -17.3159 -36.9625 4.3109 -25.9398 -43.4460 24.6909 -29.4243 -48.7644 17.6688 -32.8542 -33.6591 -21.9303 -39.1268 12.0892 -27.0336 -45.7284 31.9183 -31.5472 -41.1984 -31.3977 31.9199 -45.7524 -27.0387 12.0905 -39.1268 -21.9303 -33.6591 -32.8542 17.6688 -48.7644 -29.4243 24.6909 -43.4460 -25.9398 4.3109 -36.9625 -17.3159 -45.6861 -31.8854 34.5550 -47.5049 -28.1049 17.8064 -41.1161 -24.4658 -11.8811 -34.5017 -7.5867 -48.6902 -30.6077 31.0381 -45.4569 -26.8907 11.2522 -38.8518 -21.4764 -35.9378 -32.7631 21.6291 -48.6850 -29.2608 23.7970 -43.1619 -25.8243 3.2619 -36.7856 -16.9878 -45.6924 -31.8524
-46.0288 -17.2203 -36.7856 2.8989 -25.7685 -42.9879 23.1837 -29.1464 -48.6057 24.3424 -32.6787 -37.5844 -21.0918 -38.6358 10.5769 -26.7762 -45.2335 30.3489 -30.4794 -48.7396 -5.8664 -34.2101 -14.4433 -24.2347 -40.8895 17.1633 -27.9814 -47.3266 34.7101 -31.7641 -46.2643 -16.6909 -36.7577 3.3154 -25.8389 -43.2129 23.9707 -29.2948 -48.7034 20.8388 -32.7793 -35.5159 -21.5674 -38.9093 11.4289 -26.9179 -45.5107 31.1877 -30.6028 -48.7344 -20.2158 -48.2892 -32.2705 31.0727 -45.5455 -26.9226 11.4289 -38.9093 -21.5674 -35.5159 -32.7793 20.8388 -48.7034 -29.2948 23.9707 -43.2129 -25.8389 3.3154 -36.7577 -16.6909 -46.2643 -31.7641 34.7101 -47.3266 -27.9814 17.1633 -40.8895 -24.2347 -14.4433 -34.2101 -5.8664 -48.7396 -30.4794 30.3489 -45.2335 -26.7762 10.5769 -38.6358 -21.0918 -37.5844 -32.6787 24.3424 -48.6057 -29.1464 23.1837 -42.9879 -25.7685 2.8989 -36.7856 -17.2203 -46.0288
-17.3707 -36.9202 3.2619 -25.7685 -42.9229 22.8224 -29.0582 -48.5260 26.4741 -32.5874 -39.0503 -20.6893 -38.4221 9.8903 -26.6618 -45.0045 29.6302 -30.3525 -48.7597 -3.8914 -33.9100 -17.1461 -23.9867 -40.6643 16.5256 -27.8587 -47.1421 34.7047 -31.6356 -46.7715 -16.0097 -36.5534 2.2473 -25.7393 -42.9760 23.2471 -29.1674 -48.6260 23.6688 -32.6884 -37.2257 -21.1824 -38.6941 10.7609 -26.8016 -45.2843 30.5075 -30.5239 -48.7237 -4.4979 -34.7306 -45.6076 -23.3981 -34.0955 30.3493 -45.3135 -26.8040 10.7609 -38.6941 -21.1824 -37.2257 -32.6866 23.6688 -48.6260 -29.1674 23.2471 -42.9760 -25.7393 2.2473 -36.5534 -16.0097 -46.7715 -31.6356 34.7047 -47.1421 -27.8587 16.5256 -40.6643 -23.9867 -17.1461 -33.9100 -3.8914 -48.7597 -30.3525 29.6302 -45.0045 -26.6618 9.8903 -38.4221 -20.6893 -39.0503 -32.5874 26.4741 -48.5260 -29.0582 22.8224 -42.9229 -25.7685 3.2619 -36.9202 -17.3707
-37.9240 4.0851 -25.8243 -42.9879 22.8224 -29.0228 -48.4709 27.8667 -32.5106 -40.2434 -20.2910 -38.2190 9.2053 -26.5492 -44.7735 28.8969 -30.2281 -48.7535 -1.6390 -33.6046 -19.8864 -23.7237 -40.4395 15.8890 -27.7383 -46.9527 34.5629 -31.5011 -47.2064 -15.2720 -36.3455 1.1044 -25.6386 -42.7389 22.5305 -29.0431 -48.5346 26.1075 -32.5896 -38.7701 -20.7783 -38.4833 10.0890 -26.6864 -45.0556 29.7919 -30.3953 -48.7569 -4.6644 -33.9565 -9.5742 -22.5531 -36.4356 -20.2949 -32.8075 29.7805 -45.0650 -26.6868 10.0891 -38.4834 -20.7718 -38.7783 -32.5893 26.1075 -48.5346 -29.0431 22.5305 -42.7389 -25.6386 1.1044 -36.3455 -15.2720 -47.2064 -31.5011 34.5629 -46.9527 -27.7383 15.8890 -40.4395 -23.7237 -19.8864 -33.6046 -1.6390 -48.7535 -30.2281 28.8969 -44.7735 -26.5492 9.2053 -38.2190 -20.2910 -40.2434 -32.5106 27.8667 -48.4709 -29.0228 22.8224 -42.9879 -25.8243 4.0851 -37.9240
4.2682 -25.9231 -43.1619 23.1837 -29.0582 -48.4709 28.3654 -32.4669 -41.0364 -19.9514 -38.0471 8.5645 -26.4427 -44.5440 28.1542 -30.1046 -48.7556 0.9183 -33.2962 -22.5939 -23.4452 -40.2113 15.2412 -27.6226 -46.7623 34.3105 -31.3565 -47.5813 -14.4539 -36.1315 -0.1193 -25.5266 -42.4975 21.8089 -28.9243 -48.4303 28.1539 -32.4755 -40.1807 -20.3470 -38.2778 9.4143 -26.5706 -44.8214 29.0493 -30.2779 -48.7581 -2.2965 -33.6330 -21.0191 -24.7431 -41.6199 10.9296 -29.7750 -48.0108 -30.5183 29.1100 -44.8224 -26.5628 9.4803 -38.3106 -20.3390 -40.1372 -32.4819 28.1493 -48.4303 -28.9243 21.8089 -42.4975 -25.5266 -0.1193 -36.1315 -14.4539 -47.5813 -31.3565 34.3105 -46.7623 -27.6226 15.2412 -40.2113 -23.4452 -22.5939 -33.2962 0.9183 -48.7556 -30.1046 28.1542 -44.5440 -26.4427 8.5645 -38.0471 -19.9514 -41.0364 -32.4669 28.3654 -48.4709 -29.0582 23.1837 -43.1619 -25.9231 4.2682
-24.2572 -43.3859 23.7970 -29.1464 -48.5260 27.8667 -32.4669 -41.3119 -19.7527 -37.9290 8.0513 -26.3519 -44.3329 27.4384 -29.9879 -48.7863 3.7952 -33.0647 -25.1725 -23.1548 -39.9759 14.5699 -27.5139 -46.5743 33.9760 -31.1985 -47.9035 -13.5234 -35.9176 -1.4039 -25.3985 -42.2481 21.0717 -28.8150 -48.3197 29.8007 -32.3360 -41.4793 -19.8786 -38.0810 8.7431 -26.4543 -44.5772 28.2722 -30.1664 -48.7469 0.0227 -33.3079 -23.7097 -25.6223 -47.1649 29.5181 -28.8103 -48.9058 -16.0774 -48.7460 -30.1590 27.9950 -44.4757 -26.1203 17.8925 -38.1593 -19.7939 -41.3664 -32.3477 29.7968 -48.3197 -28.8150 21.0717 -42.2481 -25.3985 -1.4039 -35.9176 -13.5234 -47.9035 -31.1985 33.9760 -46.5743 -27.5139 14.5699 -39.9759 -23.1548 -25.1725 -33.0647 3.7952 -48.7863 -29.9879 27.4384 -44.3329 -26.3519 8.0513 -37.9290 -19.7527 -41.3119 -32.4669 27.8667 -48.5260 -29.1464 23.7970 -43.3859 -24.2572
-43.7302 24.5052 -29.2608 -48.6057 26.4741 -32.5106 -41.0364 -19.7527 -37.8858 7.7620 -26.2888 -44.1644 26.8278 -29.8869 -48.8115 6.8124 -32.9612 -27.5818 -22.8539 -39.7330 13.8721 -27.4151 -46.3938 33.5920 -31.0175 -48.1769 -12.4341 -35.7103 -2.7275 -25.2558 -41.9867 20.3073 -28.7187 -48.2050 31.0825 -32.1691 -42.6792 -19.3609 -37.8967 8.1242 -26.3518 -44.3329 27.5406 -30.0211 -48.7940 2.6187 -33.0208 -25.7242 -24.9845 -48.3815 -30.4574 22.0287 -45.4122 34.0048 -39.0286 5.0794 -48.9705 -30.4517 17.9753 -36.3010 -39.1880 26.9931 -38.6449 -19.2071 -42.5700 -32.1788 31.0826 -48.2050 -28.7187 20.3073 -41.9867 -25.2558 -2.7275 -35.7103 -12.4341 -48.1769 -31.0175 33.5920 -46.3938 -27.4151 13.8721 -39.7330 -22.8539 -27.5818 -32.9612 6.8124 -48.8115 -29.8869 26.8278 -44.1644 -26.2888 7.7620 -37.8858 -19.7527 -41.0364 -32.5106 26.4741 -48.6057 -29.2608 24.5052 -43.7302
25.2589 -29.2158 -48.6850 24.3424 -32.5874 -40.2434 -19.9514 -37.9290 7.7620 -26.2658 -44.0659 26.3981 -29.8089 -48.8163 9.6192 -32.9056 -29.7539 -22.5485 -39.4866 13.1434 -27.3298 -46.2301 33.2004 -30.7981 -48.4062 -11.0890 -35.5269 -4.0006 -25.1048 -41.7041 19.4897 -28.6472 -48.0930 32.0081 -31.9545 -43.8041 -18.7688 -37.7301 7.5726 -26.2809 -43.8083 29.2021 -29.8615 -48.6681 7.3291 -32.9393 -28.0840 -23.0383 -42.5914 -18.7044 -36.6614 -35.9915 17.1066 -36.4988 9.7095 -34.2259 14.7988 -48.6963 -26.8026 -39.1526 -16.2737 -45.4352 27.8594 -38.4386 -18.7263 -43.7570 -31.9569 32.0082 -48.0930 -28.6472 19.4897 -41.7041 -25.1048 -4.0006 -35.5269 -11.0890 -48.4062 -30.7981 33.2004 -46.2301 -27.3298 13.1434 -39.4866 -22.5485 -29.7539 -32.9056 9.6192 -48.8163 -29.8089 26.3981 -44.0659 -26.2658 7.7620 -37.9290 -19.9514 -40.2434 -32.5874 24.3424 -48.6850 -29.2158 25.2589
-28.5945 -48.7496 21.6291 -32.6787 -39.0503 -20.2910 -38.0471 8.0513 -26.2888 -44.0659 26.2368 -29.7677 -48.8133 11.8129 -32.8552 -31.5468 -22.2588 -39.2542 12.4138 -27.2579 -46.0871 32.8414 -30.5374 -48.5860 -9.3325 -35.4023 -4.9606 -24.9607 -41.3894 18.5882 -28.6201 -48.0031 32.5461 -31.6667 -44.8618 -18.0700 -37.5943 7.0731 -26.2121 -43.9381 26.3394 -37.1281 -48.6500 -1.3729 -32.8432 -29.5963 -24.4241 -42.3161 14.4672 -45.6643 -24.9291 -44.2835 -30.2390 -42.5647 -29.3011 -31.1757 -33.0648 34.0967 -44.0992 -7.8271 -44.8851 34.9531 -39.9087 14.3949 -37.3904 -18.1239 -44.8612 -31.6642 32.5462 -48.0057 -28.6201 18.5882 -41.3894 -24.9607 -4.9606 -35.4023 -9.3325 -48.5860 -30.5374 32.8414 -46.0871 -27.2579 12.4138 -39.2542 -22.2588 -31.5468 -32.8552 11.8129 -48.8133 -29.7677 26.2368 -44.0659 -26.2888 8.0513 -38.0471 -20.2910 -39.0503 -32.6787 21.6291 -48.7496 -28.5945
-48.5069 18.4351 -32.7631 -37.5844 -20.6893 -38.2190 8.5645 -26.3519 -44.1644 26.3981 -29.7677 -48.8113 13.0123 -32.8248 -32.8233 -22.0105 -39.0521 11.7349 -27.1976 -45.9686 32.5497 -30.2474 -48.7046 -7.0288 -35.3632 -5.2923 -24.8473 -41.0359 17.5833 -28.6644 -47.9571 32.6442 -31.2992 -45.8327 -17.2266 -37.5118 6.7107 -26.0136 -44.0200 2.8878 -49.0730 -26.5879 -12.6732 -31.2835 -35.5158 -29.0376 -48.3922 -22.6165 -48.7799 -24.5172 -48.5442 -28.2848 -47.8357 -26.9047 -46.6715 -21.6066 -45.8588 -31.7511 16.4712 -38.1138 23.0799 -39.0003 7.9818 -33.8088 6.1542 -37.3910 -17.2281 -45.8496 -31.7965 32.7784 -47.9685 -28.6644 17.5833 -41.0359 -24.8473 -5.2923 -35.3632 -7.0288 -48.7046 -30.2474 32.5497 -45.9686 -27.1976 11.7349 -39.0521 -22.0105 -32.8233 -32.8248 13.0123 -48.8113 -29.7677 26.3981 -44.1644 -26.3519 8.5645 -38.2190 -20.6893 -37.5844 -32.7631 18.4351 -48.5069
2.2557 -32.3416 -35.9378 -21.0918 -38.4221 9.2053 -26.4427 -44.3329 26.8278 -29.8089 -48.8133 13.0123 -32.8160 -33.4821 -21.8417 -38.9002 11.1673 -27.1503 -45.8765 32.3312 -29.9451 -48.7570 -4.1149 -35.4228 -4.8021 -24.7904 -40.6598 16.5093 -28.8231 -47.9845 32.0169 -30.7767 -46.5771 -16.2888 -37.4844 6.5926 -25.8171 -43.1264 34.9658 -44.2620 -14.6946 -48.9837 -25.6000 -47.9079 -31.9965 -8.4242 -33.2650 3.3346 -33.8729 6.3521 -34.1610 5.7453 -33.6899 -7.4209 -15.8598 -41.2205 -8.9131 -48.9522 -27.5652 -27.5535 -32.2032 -20.9886 -29.6717 -48.5009 -28.4133 5.8252 -37.1321 -19.5583 -39.3319 -33.2757 32.4302 -48.0035 -28.8241 16.5085 -40.6598 -24.7904 -4.8021 -35.4228 -4.1149 -48.7570 -29.9451 32.3312 -45.8765 -27.1503 11.1673 -38.9002 -21.8417 -33.4821 -32.8160 13.0123 -48.8133 -29.8089 26.8278 -44.3329 -26.4427 9.2053 -38.4221 -21.0918 -35.9378 -32.3416 2.2557
-33.4427 -34.1509 -21.4764 -38.6358 9.8903 -26.5492 -44.5440 27.4384 -29.8869 -48.8163 11.8129 -32.8248 -33.4821 -21.7834 -38.8208 10.7974 -27.1177 -45.8104 32.1806 -29.6677 -48.7653 -0.6651 -35.5799 -3.4763 -24.8031 -40.3159 15.5273 -29.1599 -48.1147 29.5499 -30.0196 -47.3618 -17.1014 -35.6245 7.1277 -25.7284 -42.6941 24.9850 -39.1787 30.2528 -43.5578 18.8562 -45.2858 -20.5237 21.5638 -40.1323 33.7863 -41.2195 35.1196 -41.8649 34.5869 -41.9119 34.3946 -39.2878 -36.6906 19.5157 -37.5183 34.9933 -44.1162 -15.2271 -48.0263 -19.2173 -47.2195 -3.4666 -44.6344 -24.9534 -25.4167 -27.6279 -48.3136 8.6603 -33.5757 30.1462 -48.1318 -29.1612 15.5267 -40.3159 -24.8031 -3.4763 -35.5799 -0.6651 -48.7653 -29.6677 32.1806 -45.8104 -27.1177 10.7974 -38.8208 -21.7834 -33.4821 -32.8248 11.8129 -48.8163 -29.8869 27.4384 -44.5440 -26.5492 9.8903 -38.6358 -21.4764 -34.1509 -33.4427
-34.5989 -21.8300 -38.8518 10.5769 -26.6618 -44.7735 28.1542 -29.9879 -48.8115 9.6192 -32.8552 -32.8233 -21.8417 -38.8208 10.6729 -27.1014 -45.7736 32.1042 -29.4467 -48.7890 2.7736 -35.8353 -1.5396 -24.8726 -40.0703 14.8716 -29.7123 -48.3133 21.7473 -29.0046 -47.6524 -19.1499 -3.7884 -48.6889 -19.1814 -41.9728 20.9771 -35.1423 4.3455 -37.4686 18.1233 -38.1575 19.3636 -34.6203 -48.2122 -23.6009 -48.8660 -22.8648 -49.2651 -24.0844 -49.2660 -24.7507 -49.0949 -29.0475 -3.4064 -35.5762 -5.7877 -35.3947 16.7005 -38.4446 30.3902 -40.7969 30.9093 -39.4572 27.5116 -40.9694 -10.5049 -47.1388 32.3717 -37.2145 -21.0788 -31.0132 22.0855 -48.3184 -29.7143 14.8717 -40.0703 -24.8726 -1.5396 -35.8353 2.7736 -48.7890 -29.4467 32.1042 -45.7736 -27.1014 10.6729 -38.8208 -21.8417 -32.8233 -32.8552 9.6192 -48.8115 -29.9879 28.1542 -44.7735 -26.6618 10.5769 -38.8518 -21.8300 -34.5989
-20.6702 -39.0698 11.2522 -26.7762 -45.0045 28.8969 -30.1046 -48.7863 6.8124 -32.9056 -31.5468 -22.0105 -38.9002 10.7974 -27.1014 -45.7624 32.0770 -29.3038 -48.8213 5.5245 -36.2183 0.6048 -24.9436 -39.8401 14.9959 -32.1159 -48.5860 7.5539 -28.0759 -47.7402 -19.8035 -47.6672 -24.7360 0.3207 -34.7046 7.2119 -30.8563 -44.8982 -30.6429 -29.8119 -33.6900 -12.7922 -34.7489 -15.1960 -32.6607 -20.1617 -33.0746 0.6298 -34.2514 5.8110 -34.5285 5.7534 -34.4469 2.2156 -35.8277 -2.4239 -34.8957 -15.8104 -35.0519 -1.0083 -35.9997 5.7441 -35.8847 0.9537 -34.5747 9.6259 -36.4236 22.4059 -37.1880 -1.1832 -29.4605 -46.4465 -28.3401 7.4025 -48.5848 -32.1748 15.0047 -39.8212 -24.9373 0.6000 -36.2183 5.5245 -48.8213 -29.3038 32.0770 -45.7624 -27.1014 10.7974 -38.9002 -22.0105 -31.5468 -32.9056 6.8124 -48.7863 -30.1046 28.8969 -45.0045 -26.7762 11.2522 -39.0698 -20.6702
-39.8354 11.9173 -26.8907 -45.2335 29.6302 -30.2281 -48.7556 3.7952 -32.9612 -29.7539 -22.2588 -39.0521 11.1673 -27.1177 -45.7736 32.0770 -29.2559 -48.8312 7.2010 -36.5948 2.5356 -24.9755 -39.4640 30.3438 -32.6450 -25.7348 -21.6620 -27.8563 -46.7518 -17.4791 -45.1566 -8.6412 -48.6067 -26.0582 -47.2497 -24.4102 -47.7314 -21.4678 -48.7568 -29.7295 -37.5414 -34.2533 2.4230 -36.7582 16.9666 -37.9919 27.2908 -40.2840 33.2850 -41.2662 34.6266 -41.2522 33.3669 -40.3609 28.3433 -38.6986 20.3060 -37.2367 11.2789 -36.3727 0.5015 -35.0781 -23.5134 -32.8038 -44.8077 -30.4774 -38.1302 -31.1344 -36.5901 -27.6017 -47.8348 -19.9047 -46.7681 -27.8087 -21.5481 -23.6128 -32.6924 30.8523 -39.4495 -24.9637 2.5265 -36.5947 7.2010 -48.8312 -29.2559 32.0770 -45.7736 -27.1177 11.1673 -39.0521 -22.2588 -29.7539 -32.9612 3.7952 -48.7556 -30.2281 29.6302 -45.2335 -26.8907 11.9173 -39.8354
12.4179 -26.9584 -45.4569 30.3489 -30.3525 -48.7535 0.9183 -33.0647 -27.5818 -22.5485 -39.2542 11.7349 -27.1503 -45.8104 32.1042 -29.3038 -48.8312 7.7246 -36.7974 3.8669 -24.9848 -39.9790 24.0250 -40.4763 -24.3646 -48.6158 -21.6211 -49.0880 -13.2545 -41.7595 35.8108 -43.8879 21.2047 -45.2352 -1.6490 -43.3166 -11.1550 -48.2678 -28.6065 -24.7917 -35.3977 16.3442 -39.1555 34.6643 -43.0613 0.7147 -46.2597 -17.4048 -48.2163 -20.8496 -48.6827 -20.8943 -48.2600 -18.0902 -46.7143 -8.6401 -44.3567 29.8104 -41.7018 30.9636 -38.6056 17.2966 -36.5212 1.0552 -32.7714 -42.0564 -29.4982 -48.6038 -24.5219 -47.2352 1.3821 -41.5406 -13.5662 -48.9438 -21.5855 -48.6373 -24.4004 -40.0369 15.3692 -40.2544 -24.9868 3.8537 -36.7974 7.7246 -48.8312 -29.3038 32.1042 -45.8104 -27.1503 11.7349 -39.2542 -22.5485 -27.5818 -33.0647 0.9183 -48.7535 -30.3525 30.3489 -45.4569 -26.9584 12.4179
-25.6331 -45.6747 31.0381 -30.4794 -48.7597 -1.6390 -33.2962 -25.1725 -22.8539 -39.4866 12.4138 -27.1976 -45.8765 32.1806 -29.4467 -48.8213 7.2010 -36.7974 4.3408 -24.9896 -40.7700 32.7373 -43.6781 -17.2772 -47.7465 -7.3690 -45.7384 29.9276 -38.3301 19.5519 -39.7956 25.3921 -40.9048 34.5615 -41.3363 -4.9537 -48.4259 -29.4240 -4.6439 -37.3544 26.0052 -41.7605 1.9384 -47.6900 -23.8784 -47.4139 -29.2608 -31.8947 -32.0098 -14.1722 -32.8388 -13.6388 -32.1605 -28.3918 -30.0892 -44.2447 -26.6718 -49.1418 -21.1923 -46.9398 -2.6890 -42.9507 34.7966 -39.2588 18.8888 -35.9294 -1.7897 -31.3068 -47.0770 -23.8186 -46.1253 17.3302 -40.1797 19.0456 -45.5444 -8.1487 -47.7954 -18.1069 -44.0713 36.2111 -40.7992 -25.0172 4.3235 -36.7974 7.2010 -48.8213 -29.4467 32.1806 -45.8765 -27.1976 12.4138 -39.4866 -22.8539 -25.1725 -33.2962 -1.6390 -48.7597 -30.4794 31.0381 -45.6747 -25.6331
-45.8163 31.6839 -30.6077 -48.7396 -3.8914 -33.6046 -22.5939 -23.1548 -39.7330 13.1434 -27.2579 -45.9686 32.3312 -29.6677 -48.7890 5.5245 -36.5948 3.8669 -24.9896 -40.7498 31.5409 -43.6716 35.6561 -44.8592 34.3704 -41.8288 26.3183 -36.3122 3.3312 -36.4721 10.9284 -38.9553 27.1648 -41.6851 -5.6870 -48.6254 -30.0061 1.6489 -38.4819 32.0142 -44.2925 -17.6527 -48.5981 -29.9365 -9.7695 -35.1894 13.0468 -37.5541 21.1261 -38.4278 24.1013 -38.4937 22.0709 -37.6053 16.3411 -36.1887 7.4873 -33.8296 -18.5816 -29.9741 -47.0210 -24.3535 -48.0697 -10.6704 -43.4524 35.0899 -38.9209 17.1075 -34.7804 -16.6363 -28.4668 -48.8258 -14.4400 -42.2335 35.8140 -41.9751 31.7958 -45.0096 27.1464 -44.9198 2.6018 -40.2265 -25.0172 3.8537 -36.5947 5.5245 -48.7890 -29.6677 32.3312 -45.9686 -27.2579 13.1434 -39.7330 -23.1548 -22.5939 -33.6046 -3.8914 -48.7396 -30.6077 31.6839 -45.8163
30.9689 -30.4770 -48.6902 -5.8664 -33.9100 -19.8864 -23.4452 -39.9759 13.8721 -27.3298 -46.0871 32.5497 -29.9451 -48.7653 2.7736 -36.2183 2.5356 -24.9848 -40.7711 31.5419 -43.6481 36.1363 -44.6798 34.8211 -41.3402 18.2284 -35.8921 -18.4651 -34.9449 5.2203 -38.3660 27.8137 -42.4637 -10.1040 -48.7357 -30.3179 2.8825 -38.8074 33.8943 -45.4174 -21.7900 -44.8381 -32.8340 10.4224 -38.6792 29.6359 -41.9952 29.3216 -44.3512 -1.2614 -45.0782 -3.8661 -44.6096 15.4204 -43.1413 35.3855 -40.8734 27.7864 -37.8118 15.4874 -35.3504 -1.3884 -31.3211 -44.3102 -25.2848 -48.2718 -10.8885 -42.9231 33.3592 -37.5742 11.7871 -32.3659 -42.9365 -24.0325 -45.9184 30.5185 -41.3651 35.9434 -45.5846 -16.4113 -45.8567 2.6575 -40.7979 -24.9867 2.5265 -36.2183 2.7736 -48.7653 -29.9451 32.5497 -46.0871 -27.3298 13.8721 -39.9759 -23.4452 -19.8864 -33.9100 -5.8664 -48.6902 -30.4770 30.9689
-30.3188 -48.6086 -7.5867 -34.2101 -17.1461 -23.7237 -40.2113 14.5699 -27.4151 -46.2301 32.8414 -30.2474 -48.7570 -0.6651 -35.8353 0.6048 -24.9755 -39.9786 32.7462 -43.6730 36.1362 -44.7056 34.2967 -41.6244 17.2595 -36.3568 -16.9841 -34.9649 9.6044 -39.0111 33.2676 -44.1015 -16.0717 -48.6913 -30.8005 3.3122 -38.8088 33.5214 -45.4557 -22.4925 -41.3586 -34.3059 16.7813 -40.1974 32.6369 -46.1746 -19.4297 -49.1154 -26.1004 -46.7246 -27.8519 -45.9310 -27.1219 -48.4495 -24.4622 -48.8812 -18.7425 -46.1085 4.2026 -42.5650 34.6528 -39.3011 20.3337 -35.8752 3.7666 -31.5784 -43.7013 -24.9772 -47.6812 -1.9496 -41.0852 26.0227 -35.8165 -5.4722 -28.3251 -48.3742 -1.4729 -41.7755 33.6371 -46.2915 -16.4160 -44.9170 36.2088 -40.2558 -24.9636 0.6000 -35.8353 -0.6651 -48.7570 -30.2474 32.8414 -46.2301 -27.4151 14.5699 -40.2113 -23.7237 -17.1461 -34.2101 -7.5867 -48.6086 -30.3188
-48.6574 -9.1115 -34.5017 -14.4433 -23.9867 -40.4395 15.2412 -27.5139 -46.3938 33.2004 -30.5374 -48.7046 -4.1149 -35.5799 -1.5396 -24.9436 -39.4638 23.9819 -43.6819 35.6483 -44.6801 34.2872 -41.7658 18.2320 -37.1333 -5.3360 -35.9279 15.2531 -39.8742 34.9242 -46.1542 -21.4608 -47.1438 -31.9101 5.9051 -38.9030 32.6560 -44.9463 -21.2398 -43.0257 -34.4574 18.4276 -40.7280 6.4207 -48.4147 -27.0392 -35.0819 -33.1734 4.8685 -35.6528 11.2154 -35.8377 9.6871 -34.9434 1.4802 -32.8645 -27.6568 -29.2900 -47.4285 -24.3541 -48.3618 -14.6131 -44.3291 33.5975 -40.0575 23.0902 -35.8803 3.5952 -30.8649 -46.9557 -22.5247 -45.7902 34.3230 -38.0700 11.1985 -30.7844 -48.6267 -14.7284 -42.5166 32.7758 -45.5445 27.0519 -44.0637 15.4558 -39.4503 -24.9373 -1.5396 -35.5799 -4.1149 -48.7046 -30.5374 33.2004 -46.3938 -27.5139 15.2412 -40.4395 -23.9867 -14.4433 -34.5017 -9.1115 -48.6574
-12.5374 -34.7826 -11.8811 -24.2347 -40.6643 15.8890 -27.6226 -46.5743 33.5920 -30.7981 -48.5860 -7.0288 -35.4228 -3.4763 -24.8726 -39.8401 30.3435 -40.4798 -17.2867 -44.8620 34.8154 -41.6088 18.1622 -37.4626 0.5033 -36.7905 19.6712 -40.6988 16.3027 -47.8517 -25.7096 -39.2764 -33.7437 10.9723 -39.4053 33.6238 -44.6855 -19.4252 -46.2281 -33.6504 16.1407 -40.7759 2.1924 -48.6531 -29.7378 -2.7699 -37.0373 22.1947 -40.2808 34.7234 -42.1751 35.3110 -41.7635 33.8513 -40.0461 25.8519 -37.2890 15.7832 -35.2021 2.9185 -32.1079 -36.9696 -27.2332 -49.1888 -19.3653 -45.3301 29.8890 -39.8884 21.3267 -35.1073 -10.2849 -28.3203 -48.8047 -7.0832 -40.2703 19.2067 -32.6343 -46.6745 -18.1632 -42.7941 34.9977 -44.9343 -18.1000 -40.1045 30.8802 -39.8199 -24.8726 -3.4763 -35.4228 -7.0288 -48.5860 -30.7981 33.5920 -46.5743 -27.6226 15.8890 -40.6643 -24.2347 -11.8811 -34.7826 -12.5374
-36.0946 -9.5128 -24.4658 -40.8895 16.5256 -27.7383 -46.7623 33.9760 -31.0175 -48.4062 -9.3325 -35.3632 -4.8021 -24.8031 -40.0703 14.9957 -32.5982 -24.3632 -47.7449 34.3622 -41.3334 17.1668 -37.0773 0.3248 -37.0895 22.2592 -41.5994 -5.5040 -48.6755 -28.7015 -18.0249 -35.9047 17.2550 -40.2629 35.8634 -45.4308 -19.6908 -47.4539 -32.6824 11.8540 -40.3265 21.8757 -48.4934 -29.8091 2.6902 -38.7933 32.8576 -44.0985 -13.8824 -48.4608 -22.3928 -49.0964 -22.1185 -48.3848 -17.8984 -45.9996 -2.5923 -43.0885 34.7945 -40.3318 26.2865 -36.4688 12.3266 -33.6038 -20.2598 -28.5525 -49.1370 -19.1857 -44.6492 35.3445 -37.9748 11.7267 -31.5511 -47.4406 -19.0687 -42.6138 24.4594 -33.6252 -45.3343 -17.9383 -42.3174 28.5943 -47.7394 -24.3479 -32.7792 15.0123 -40.0703 -24.8031 -4.8021 -35.3632 -9.3325 -48.4062 -31.0175 33.9760 -46.7623 -27.7383 16.5256 -40.8895 -24.4658 -9.5128 -36.0946
-9.7423 -24.6808 -41.1161 17.1633 -27.8587 -46.9527 34.3105 -31.1985 -48.1769 -11.0890 -35.4023 -5.2923 -24.7904 -40.3159 14.8716 -32.0640 -27.2899 -48.6002 -7.3873 -41.8289 18.2054 -36.2631 -6.1570 -36.7613 22.4313 -42.0988 -11.7633 -48.7611 -30.4463 -0.3927 -37.7557 24.1753 -41.4770 22.4367 -47.0711 -23.1499 -45.8963 -32.6420 8.9877 -39.5889 35.6279 -47.3854 -27.6319 -4.9210 -38.6336 34.2731 -46.0903 -23.5677 -42.6819 -31.9451 -2.4642 -33.7007 -2.5855 -32.5665 -23.5421 -29.9518 -44.5852 -26.1565 -49.2305 -20.8179 -46.4354 -1.2851 -42.1339 33.3784 -37.9350 15.1541 -33.7884 -26.1565 -27.2580 -48.5112 -4.8587 -40.6392 21.3628 -34.0299 -39.6973 -22.6850 -43.7832 26.1247 -33.5621 -46.9917 -13.8783 -41.9258 -9.1351 -48.6527 -21.2757 -32.2349 14.8716 -40.3159 -24.7904 -5.2923 -35.4023 -11.0890 -48.1769 -31.1985 34.3105 -46.9527 -27.8587 17.1633 -41.1161 -24.6808 -9.7423
-22.9360 -41.3438 17.8064 -27.9814 -47.1421 34.5629 -31.3565 -47.9035 -12.4341 -35.5269 -4.9606 -24.8473 -40.6598 15.5273 -29.7032 -48.6054 -21.3854 -21.7970 -45.7288 26.2847 -35.6762 -19.7312 -35.7820 19.9671 -41.7483 -12.4358 -48.6305 -31.2847 5.8673 -38.8966 30.5999 -43.2533 -9.2072 -48.5779 -27.3968 -34.2524 -34.1766 12.0972 -39.3084 35.3178 -45.7013 -23.6775 -32.8726 -36.8402 28.1465 -44.9551 -23.2465 -30.6282 -35.7945 23.0849 -40.0489 31.9618 -40.0704 28.5042 -38.1468 20.6656 -35.5231 11.5504 -33.8786 -6.1798 -30.6046 -44.8476 -25.0472 -48.3088 -11.3891 -42.7691 32.4729 -37.3253 8.7845 -31.2487 -47.6610 -19.4380 -43.4636 28.2882 -35.5453 -31.7450 -23.5001 -43.6618 23.7669 -32.4112 -48.7417 -4.0585 -45.1592 -21.5824 -21.3334 -48.5851 -29.7127 15.5267 -40.6598 -24.8473 -4.9606 -35.5269 -12.4341 -47.9035 -31.3565 34.5629 -47.1421 -27.9814 17.8064 -41.3438 -22.9360
-41.8768 18.4547 -28.1049 -47.3266 34.7047 -31.5011 -47.5813 -13.5234 -35.7103 -4.0006 -24.9607 -41.0361 16.5098 -29.1573 -48.3467 10.1080 -28.6726 -48.9845 29.0864 -35.9108 -25.3789 -34.4867 14.9986 -40.7309 -8.2039 -48.7147 -31.4308 8.0121 -39.4312 34.5131 -44.9656 -18.3099 -48.4929 -30.5380 -2.9899 -36.6075 21.0082 -40.1721 33.0807 -45.8983 -22.2021 -45.0975 -34.2618 17.5433 -42.1687 -13.9614 -45.5981 -35.0961 28.3440 -45.4603 -18.7437 -48.4953 -20.2244 -47.5431 -15.5541 -45.0640 5.1466 -42.3710 35.0569 -39.5481 23.0562 -35.7947 7.0134 -31.9210 -42.1607 -25.0956 -47.5226 13.5151 -40.0614 19.3184 -34.0532 -38.6618 -23.6015 -45.0298 31.3132 -35.9440 -33.4584 -22.0349 -42.2494 17.8608 -30.3218 -47.3242 -6.5141 -48.7200 -27.8412 7.5922 -48.3194 -29.1611 16.5083 -41.0361 -24.9607 -4.0006 -35.7103 -13.5234 -47.5813 -31.5011 34.7047 -47.3266 -28.1049 18.4547 -41.8768
19.2027 -28.1204 -47.5049 34.7101 -31.6356 -47.2064 -14.4539 -35.9176 -2.7275 -25.1048 -41.3896 17.5848 -28.8207 -48.1302 22.4237 -28.6965 -45.7171 -14.6832 -37.8368 -3.6621 -33.8504 6.9136 -39.6097 10.8079 -48.7899 -30.8425 7.3984 -39.5452 35.6263 -45.9592 -22.0127 -45.5029 -32.6112 10.3161 -38.2015 33.8145 -43.3911 -13.3633 -48.5420 -26.4798 -39.0884 -33.6523 12.0004 -39.8587 33.0352 -48.1418 -29.6287 12.1967 -43.0524 -25.7782 -8.6194 -32.9448 -3.0540 -32.1273 -24.1856 -29.6989 -44.7604 -25.9225 -49.2147 -19.6980 -45.7786 21.2278 -40.7375 25.0337 -36.3804 1.1458 -30.0457 -48.8742 -15.9470 -42.7463 26.6550 -35.8628 -27.1544 -24.9323 -45.3214 30.3829 -35.2167 -42.5536 -17.2380 -39.7002 8.6598 -27.1503 -44.1038 -15.3934 -46.7414 -28.3844 22.1167 -48.1321 -28.8214 17.5839 -41.3896 -25.1048 -2.7275 -35.9176 -14.4539 -47.2064 -31.6356 34.7101 -47.5049 -28.1204 19.2027
-27.1530 -47.6761 34.5550 -31.7641 -46.7715 -15.2720 -36.1315 -1.4039 -25.2558 -41.7041 18.5890 -28.6595 -47.9901 29.8467 -30.3141 -46.6688 -19.6461 -41.3881 16.1227 -34.8392 -10.1498 -38.1238 35.0555 -48.0838 -29.3717 3.4915 -39.2396 35.4863 -46.2270 -23.5020 -40.8692 -34.0901 17.3814 -39.6316 12.6714 -47.5141 -25.1456 -42.0524 -31.7695 5.4446 -35.8332 21.1670 -39.5961 35.6397 -45.0236 -21.4247 -42.8282 -35.4756 30.7818 -39.3801 -39.9568 34.3951 -40.5102 30.9917 -38.5295 22.6603 -35.6986 12.1790 -33.7757 -13.4358 -29.3701 -48.7005 -20.8298 -45.5948 34.8024 -38.9259 14.0541 -32.8426 -44.7404 -21.4974 -44.4714 30.3265 -36.5408 -25.7776 -24.2454 -44.3895 25.4979 -33.3906 -48.4446 3.8100 -37.2841 -21.2821 -21.0564 -43.0558 -20.4010 -46.2881 -31.1776 30.2776 -48.0035 -28.6601 18.5890 -41.7041 -25.2558 -1.4039 -36.1315 -15.2720 -46.7715 -31.7641 34.5550 -47.6761 -27.1530
-47.6231 34.1763 -31.8854 -46.2643 -16.0097 -36.3455 -0.1193 -25.3985 -41.9867 19.4897 -28.6182 -47.9552 32.1249 -31.7250 -39.0023 -26.7025 -47.4536 35.6410 -38.2724 -2.3603 -36.5020 29.0197 -45.8352 -26.3215 -8.9272 -38.3742 33.6067 -45.7782 -23.3364 -38.9287 -34.8196 21.8105 -41.5285 -16.3880 -48.7662 -30.1176 5.8931 -35.4763 27.1837 -40.5980 25.6565 -44.4586 -15.2216 -47.9055 -23.7424 -48.0836 -31.1934 -14.5561 -34.8631 -43.0859 -26.5500 -49.3633 -22.9400 -48.6008 -18.8468 -46.0593 -2.3558 -42.5297 34.4371 -38.5335 16.3725 -34.4119 -23.7994 -27.5978 -48.5009 -0.8368 -40.7569 20.6899 -34.6864 -38.0988 -23.2241 -44.9361 30.0938 -36.1191 -35.6703 -21.2358 -42.2393 17.4859 -30.6674 -48.0836 34.7234 -34.3286 -48.3361 -16.5610 -48.1903 -29.8925 -15.6097 -33.7770 32.5746 -47.9683 -28.6182 19.4896 -41.9867 -25.3985 -0.1193 -36.3455 -16.0097 -46.2643 -31.8854 34.1763 -47.6231
26.1124 -31.6290 -45.6861 -16.6909 -36.5534 1.1044 -25.5266 -42.2481 20.3073 -28.6471 -48.0018 32.6680 -31.6534 -39.0412 -32.6252 -40.9565 -22.5635 -44.5348 21.5375 -36.7031 16.2227 -42.0076 -20.2456 -36.9013 -36.5507 28.2705 -44.5374 -21.4523 -41.7217 -34.7425 22.8543 -42.5439 -21.4786 -42.1657 -33.0631 21.9818 -40.0612 -1.0722 -47.1119 -23.2284 -48.0269 -28.7119 -25.9422 -31.9314 1.3989 -33.7716 9.6310 -35.6286 13.3931 -34.7175 11.0229 -33.8726 6.6489 -33.1759 -8.3007 -30.7255 -43.5346 -25.5864 -48.5428 -10.8594 -42.7508 30.6316 -37.7790 4.9327 -30.6234 -48.6712 -14.3381 -42.3773 23.9372 -35.4117 -36.7648 -22.6566 -44.2332 26.1457 -34.6116 -46.0346 -13.1143 -39.7012 6.2184 -26.5346 -44.0757 19.1844 -30.3532 -48.7201 -28.9063 3.7921 -37.9260 10.1541 -33.2035 32.8466 -48.0056 -28.6469 20.3073 -42.2481 -25.5266 1.1044 -36.5534 -16.6909 -45.6861 -31.6290 26.1124
-32.0558 -45.0334 -17.3159 -36.7577 2.2473 -25.6386 -42.4975 21.0717 -28.7187 -48.0936 32.5608 -31.4853 -45.2440 -28.5100 -1.4666 -33.3988 -48.1208 4.0695 -38.7329 11.1029 -38.7167 3.3980 -48.4660 -33.6276 20.2251 -42.4275 -16.9171 -46.3155 -33.8656 20.4341 -42.2163 -21.9484 -34.6555 -34.7965 33.2939 -44.9360 -23.2863 -44.2505 -31.0122 8.2644 -34.7719 23.3115 -38.7230 33.7800 -41.2467 29.7579 -42.4862 15.0307 -43.0127 10.7190 -43.0073 24.6670 -42.0608 34.8510 -39.7030 23.5117 -36.3877 6.6376 -31.7968 -45.0915 -23.2580 -46.4077 34.8542 -39.3675 11.8571 -32.1835 -47.6923 -16.9063 -42.7730 23.6233 -35.0390 -42.1441 -19.5827 -42.4056 19.1122 -32.1305 -49.0304 28.0526 -37.1141 -32.9502 -17.5313 -39.3254 -3.7881 -29.6556 -28.7084 -37.6679 27.6287 -48.7976 -42.1759 -31.6186 32.5502 -48.0925 -28.7187 21.0717 -42.4975 -25.6386 2.2473 -36.7577 -17.3159 -45.0334 -32.0558
-45.2447 -17.8882 -36.9625 3.3154 -25.7393 -42.7389 21.8089 -28.8150 -48.2050 32.0081 -31.6790 -45.7484 -18.9122 -20.8024 -36.8041 -1.4602 -26.6779 -44.7654 21.7985 -37.7091 32.7767 -47.2934 -29.7121 10.3994 -40.3895 -2.3206 -48.7098 -32.2533 15.4722 -40.7570 -18.8066 -39.9526 -34.9884 35.2167 -47.3846 -27.6296 0.4211 -35.1488 31.5573 -41.9100 -9.2452 -47.0326 -21.5823 -49.3853 -25.5945 -46.8719 -27.8147 -42.0919 -28.6589 -41.9735 -28.0112 -47.0914 -25.4336 -49.1989 -19.0804 -45.7626 29.8707 -40.2579 20.2331 -35.4332 -21.9170 -27.3689 -48.0971 23.1143 -40.0033 14.1891 -32.7023 -47.6301 -15.4827 -42.0367 20.0640 -33.6431 -47.6527 -10.6704 -40.2500 9.5839 -28.6466 -46.4872 28.8964 -33.2966 -49.1818 34.0522 -35.2144 -41.0401 -33.2611 24.4952 -47.3415 -27.7942 -18.9282 -45.8477 -31.6667 32.0082 -48.2050 -28.8150 21.8089 -42.7389 -25.7393 3.3154 -36.9625 -17.8882 -45.2447
-17.8647 -37.1694 4.3109 -25.8389 -42.9760 22.5305 -28.9243 -48.3197 31.0825 -31.9545 -44.8620 -17.3127 -36.2732 -44.2204 32.7998 -34.9486 -48.7024 25.4694 -37.7894 17.3586 -42.3037 -22.9469 -15.0460 -38.4120 34.7149 -48.1405 -29.8826 8.1957 -39.3534 -7.9799 -47.5370 -33.7500 33.4560 -47.3255 -28.4453 10.9894 -38.1926 -1.2591 -48.2860 -26.3611 -32.4695 -31.6188 7.8320 -33.7584 17.5633 -36.1113 22.8541 -37.2773 23.6346 -37.0122 19.2509 -35.8959 9.8862 -33.6690 -24.7684 -28.2741 -49.0624 -13.5189 -43.0887 28.9285 -37.5837 -3.8948 -28.9619 -48.5024 17.3317 -40.2076 13.3098 -32.1990 -48.5718 -8.0718 -40.7854 13.9007 -31.3825 -48.8507 29.3704 -38.1492 -17.1754 -22.1833 -41.6552 12.1918 -27.6640 -44.4458 18.2981 -33.2799 -17.8709 -37.7263 -11.9422 -26.1746 -37.0880 -17.2306 -44.8675 -31.9533 31.0825 -48.3197 -28.9243 22.5305 -42.9760 -25.8389 4.3109 -37.1694 -17.8647
-38.1528 5.2428 -25.9398 -43.2129 23.2471 -29.0431 -48.4303 29.8007 -32.1691 -43.8041 -18.0697 -37.5119 5.5611 -23.9126 -40.2234 -2.5628 -21.9067 -40.7458 14.5248 -38.0918 8.1382 -48.1080 -34.7980 27.4944 -45.3516 -25.6929 -9.0058 -38.2375 31.7089 -48.7915 -31.4256 23.9178 -45.0684 -27.5114 10.1530 -39.3775 -17.2322 -47.1850 -31.3274 15.1374 -37.7259 34.6539 -42.3933 -4.6254 -45.4539 -16.3886 -47.1709 -17.8272 -46.9338 -13.0026 -44.9966 25.2846 -41.6683 28.1365 -38.0844 7.9214 -32.0101 -46.6634 -20.6438 -44.9613 33.0953 -38.4041 -0.4034 -29.1531 -48.3801 26.1756 -39.9584 9.3556 -30.7903 -48.7423 23.2101 -39.5104 3.6592 -27.7211 -46.3324 29.9153 -34.7534 -48.0918 7.2777 -37.1987 -31.1060 -16.2810 -38.5571 -6.3255 -34.6292 17.1696 -42.3432 -25.6573 5.3740 -37.3705 -18.1195 -43.8125 -32.1680 29.8007 -48.4303 -29.0431 23.2471 -43.2129 -25.9398 5.2428 -38.1528
5.4946 -26.0434 -43.4460 23.9707 -29.1674 -48.5346 28.1539 -32.3360 -42.6791 -18.7693 -37.5954 6.7014 -25.8472 -43.3871 17.6018 -28.3630 -45.4351 25.7477 -37.4024 26.6869 -46.1954 -29.2922 12.6000 -41.5428 -17.0283 -42.5193 -35.9225 30.7627 -46.3456 -28.3153 11.7054 -41.0770 -23.5027 -2.4782 -37.9987 -15.7113 -44.1113 -33.6307 29.8622 -43.4037 -19.2148 -49.3342 -27.3805 -34.4807 -31.1235 -9.5396 -32.5287 -10.6059 -31.6579 -36.1159 -28.0273 -49.0378 -19.3427 -45.8651 35.1943 -40.0811 15.1191 -33.9201 -41.8881 -22.9267 -45.6280 33.9291 -38.3679 -3.7842 -28.1166 -47.6569 35.5181 -39.1118 -0.0126 -27.9250 -47.0924 34.5655 -37.3514 -31.6898 -20.5702 -42.0790 14.3851 -29.6968 -46.6365 28.4795 -32.8055 -48.7496 33.6731 -35.7951 -5.3189 -38.4432 35.7062 -47.3601 -29.8978 6.1031 -37.3589 -18.8320 -42.6891 -32.3338 28.1539 -48.5346 -29.1674 23.9707 -43.4460 -26.0434 5.4946
-24.4194 -43.6754 24.6909 -29.2948 -48.6260 26.1075 -32.4755 -41.4793 -19.3611 -37.7320 7.0661 -26.0421 -42.9864 23.9172 -32.2068 -48.8414 29.6226 -38.5374 13.4577 -40.3461 -19.2133 -25.2051 -37.9420 28.5615 -49.0094 -32.3117 18.0992 -42.4924 -22.7734 -13.7554 -37.7285 -9.8636 -43.4132 -35.3473 14.4167 -48.5650 -33.1901 33.3988 -46.6382 -26.7202 -12.9329 -33.9109 19.3006 -38.0190 30.0779 -40.1673 30.8938 -39.4568 22.4474 -37.5962 8.4189 -33.3065 -39.3054 -25.5968 -47.8909 21.1785 -40.6551 18.2900 -34.7962 -38.4769 -23.6736 -45.5313 32.5963 -37.5984 -18.3603 -25.3884 -45.8413 31.4390 -37.2197 -30.7193 -22.2490 -43.6768 22.0397 -33.6534 -48.8677 15.4208 -38.2279 -16.9413 -21.0933 -41.1577 7.3429 -24.9942 -41.9469 11.7773 -36.1985 21.7209 -43.9941 -20.9733 -44.3974 -34.3270 10.5933 -37.4860 -19.4027 -41.4874 -32.4737 26.1075 -48.6260 -29.2948 24.6909 -43.6754 -24.4194
-43.9933 25.4054 -29.4243 -48.7034 23.6688 -32.5896 -40.1807 -19.8787 -37.8983 7.5683 -27.4095 -44.3062 34.0803 -37.0400 -29.2036 -22.3138 -43.0171 20.2161 -37.9693 35.3144 -49.0770 -33.3096 25.7889 -45.4655 -27.0949 3.9214 -39.4016 -6.4330 -47.1026 -34.8765 34.8606 -48.4997 -31.7791 29.5628 -47.4449 -30.4042 25.5929 -45.9015 -27.7981 8.6464 -37.9102 29.5336 -45.4673 -17.9098 -48.4102 -20.4096 -47.9092 -11.6005 -44.6680 35.7737 -40.5740 17.3761 -35.8884 -22.4622 -27.9368 -48.3257 6.0559 -40.8919 20.6548 -35.2076 -36.1191 -23.6422 -44.7496 28.4180 -35.8965 -40.2352 -19.7703 -42.8262 20.5968 -34.0320 -48.0523 -5.7824 -40.3060 7.7370 -28.2070 -46.1685 28.3895 -34.0462 -49.1630 31.0391 -35.7648 -46.4292 9.9327 -36.7356 6.4796 -39.0700 2.4854 -48.3009 -33.1556 9.8614 -38.3206 11.0825 -37.7751 -19.8874 -40.1830 -32.5896 23.6688 -48.7034 -29.4243 25.4054 -43.9933
26.1079 -29.3728 -48.7644 20.8388 -32.6884 -38.7701 -20.3470 -38.0815 8.1209 -28.9913 -48.6548 -19.4853 -43.8093 23.7670 -33.7337 -49.0643 25.4436 -38.8883 18.5573 -42.4828 -25.1850 5.7866 -40.6129 -16.4345 -39.7170 -36.6530 35.3294 -47.9906 -30.8398 18.5564 -43.6425 -26.3591 10.5890 -41.6205 -24.9599 9.4848 -41.4562 -25.0425 6.0010 -38.7913 -14.3115 -49.0569 -29.2713 -13.0281 -33.0756 -11.2487 -31.1302 -45.6070 -23.4457 -47.4485 26.3064 -41.4574 21.2764 -36.9949 -11.4884 -29.1653 -48.5803 -8.7276 -41.9173 24.8521 -35.4163 -35.7051 -22.4523 -43.0362 21.0975 -33.2153 -48.5673 -0.1333 -40.0983 8.3632 -29.4666 -47.5923 35.2365 -37.1660 -36.1990 -17.9981 -41.2146 8.8841 -26.9306 -44.2227 18.8809 -29.5760 -45.2666 20.7406 -36.5937 23.7885 -45.4242 -27.7685 7.6538 -41.2239 30.1487 -34.7702 8.4852 -38.0977 -20.3458 -38.7701 -32.6884 20.8388 -48.7644 -29.3728 26.1079
-28.8041 -48.8043 17.6688 -32.7793 -37.2257 -20.7783 -38.2778 8.7440 -28.2227 -48.1605 -35.0289 -20.0050 -20.5161 -41.4235 6.7774 -25.4411 -43.9784 21.2619 -38.0138 15.6848 -47.2846 -35.6923 35.4436 -48.7698 -32.2318 20.1189 -43.6424 -24.9470 -0.4393 -39.2117 -14.8351 -36.9841 -36.4044 -6.1911 -41.8829 -36.0690 -11.7341 -35.0862 -36.6211 -12.1847 -45.3381 -33.1469 20.9104 -39.5155 27.3796 -39.5277 13.5556 -34.6629 -36.0482 -25.7140 -47.8311 12.5233 -41.7051 25.2150 -37.6535 1.3076 -30.7378 -48.3588 -19.9351 -44.0334 30.0561 -35.0778 -40.9851 -18.6229 -40.1986 11.3650 -29.6334 -47.4248 35.1892 -37.5727 -28.7310 -21.5851 -43.2270 18.5627 -32.3479 -48.8358 35.1914 -36.5021 -42.9664 -9.4772 -38.0496 -24.3865 -16.6010 -38.4712 6.7535 -37.5402 1.2867 -45.7451 -36.5367 31.1950 -44.7753 -42.4066 -29.3274 8.8076 -38.2780 -20.7783 -37.2257 -32.7793 17.6688 -48.8043 -28.8041
-48.6045 14.1464 -32.8542 -35.5159 -21.1824 -38.4833 9.4143 -26.4587 -43.4984 -25.4448 21.7841 -34.9195 -49.3007 34.9744 -34.7163 -48.9236 28.0111 -38.1981 22.0090 -44.4873 -28.7265 15.9907 -43.1040 -25.0120 1.0875 -39.4807 -10.0231 -45.2599 -35.7344 35.3514 -48.6957 -32.3389 28.5429 -47.2087 -31.2442 29.5281 -48.1612 -31.9947 34.7694 -49.2828 -32.7522 32.9756 -45.5422 -13.4166 -46.5032 34.8286 -41.4561 15.0906 -35.0550 -36.3624 -27.0774 -48.3462 -12.4487 -43.5567 34.6676 -38.3444 14.5643 -33.5691 -30.3166 -25.6142 -45.7260 31.3016 -33.6989 -47.7153 -3.6479 -37.5747 -12.3832 -23.3314 -43.1159 19.7840 -33.3512 -48.9952 19.1757 -39.0454 -5.5679 -24.1788 -43.4229 17.4884 -30.5037 -46.8907 28.2963 -32.6413 -48.1437 29.7417 -36.0688 13.6574 -42.5806 -25.0616 7.8613 -42.0094 -17.0981 21.6384 -44.1942 -26.4444 9.4143 -38.4833 -21.1824 -35.5159 -32.8542 14.1464 -48.6045
-0.8044 -32.5763 -33.6591 -21.5674 -38.6941 10.0890 -26.5706 -44.5765 27.6545 -25.0237 -43.2176 7.8738 -23.6151 -41.3357 3.9360 -24.0791 -42.0484 16.7543 -38.1629 -11.4673 -35.5772 -36.9877 2.4346 -46.9725 -35.5617 34.4168 -47.9447 -31.0823 18.5068 -43.5200 -25.6787 7.0182 -40.9812 -22.6571 3.3379 -40.9015 -24.1119 11.6958 -43.3590 -28.1099 22.9728 -46.5103 -26.6526 -40.3467 -20.7789 -46.7499 35.3091 -40.2071 12.0621 -35.4204 -11.9306 -30.6512 -45.8805 -24.5451 -47.8443 -9.8520 -42.1534 32.9305 -36.8362 3.3556 -27.1082 -45.1744 25.7383 -31.2334 -48.5629 35.1759 -34.6310 -47.7199 0.2447 -39.0949 0.4790 -26.3068 -45.1216 26.1177 -34.6303 -48.6522 14.5080 -37.9932 -23.4475 -19.1027 -40.4322 0.9089 -22.2719 -40.5291 4.2798 -35.2373 32.1812 -48.0702 -31.0476 27.7882 -47.5208 -30.1348 27.1140 -44.5790 -26.5706 10.0890 -38.6941 -21.5674 -33.6591 -32.5763 -0.8044
-33.7816 -31.6595 -21.9303 -38.9093 10.7609 -26.6861 -44.8200 28.2693 -30.0485 -49.3595 33.1629 -32.3944 -49.1592 30.9576 -32.1201 -49.2070 33.3630 -37.2420 24.7548 -46.5220 -31.2824 24.2559 -45.7393 -29.3151 15.0202 -42.6136 -23.6836 -4.4421 -38.9193 -9.6819 -43.9555 -35.8912 28.0953 -48.8615 -34.3657 25.5307 -47.4655 -35.3059 -13.3686 -16.1949 -39.7900 -23.7682 11.3715 -42.2198 -47.0736 12.7176 -45.9098 31.2497 -44.0921 26.4677 -42.4975 21.1780 -40.9910 7.8889 -37.2045 -39.7433 -30.7582 -49.2002 -15.3881 -37.7740 1.5107 -25.2590 -42.3301 15.2461 -27.9841 -44.4861 19.3128 -29.9247 -46.6154 30.4816 -35.3947 -46.7954 -7.8902 -40.1575 5.1932 -26.8049 -44.8002 23.3545 -32.7612 -48.6507 34.5417 -34.3362 -49.2951 35.0414 -35.1303 -24.2300 -35.5556 3.1507 -47.6577 -32.9466 25.9281 -49.0622 -30.1775 28.2694 -44.8214 -26.6864 10.7609 -38.9093 -21.9303 -31.6595 -33.7816
-32.1332 -22.2639 -39.1268 11.4289 -26.8013 -45.0537 29.0465 -30.1061 -48.8335 7.9278 -34.7795 -28.9233 -25.8630 -34.4288 -35.5984 -26.9507 -34.0392 4.6455 -38.7467 -18.1843 -13.1344 -39.1820 -16.7657 -29.8766 -37.4330 9.9395 -48.1280 -35.0059 32.9625 -47.6326 -31.0124 20.0328 -44.3977 -27.7349 15.7853 -43.8586 -28.5055 23.0515 -47.2102 -31.8469 30.4208 -46.7494 -35.4794 -27.6617 35.0933 -44.2299 33.1334 -43.9667 36.6291 -44.8818 22.7966 -44.2628 35.6649 -42.5782 17.0509 -40.5083 -10.6570 -34.7378 -48.6603 3.7550 -36.0271 -27.3692 -19.6655 -38.4205 -5.1937 -20.9180 -38.9786 -7.6485 -21.2721 -41.2931 10.1830 -28.6456 -46.4248 30.7991 -35.6131 -46.6928 -4.8839 -39.0760 -5.8468 -22.5680 -41.8861 8.8239 -25.0462 -42.1309 7.5330 -32.0730 -0.8104 -37.6659 -17.6690 -39.3530 -32.6618 1.5441 -48.7316 -30.1672 29.0463 -45.0561 -26.8016 11.4289 -39.1268 -22.2639 -32.1332
