-36.3794 -18.2764 -22.2865 -41.1929 16.9772 -26.6451 -47.0913 30.0394 -31.4893 -47.0437 -16.4850 -37.5515 1.9799 -23.9948 -43.2952 23.8394 -28.2515 -48.4007 8.2259 -33.1404 -38.0792 -20.0988 -39.4326 10.9637 -25.3394 -45.4006 30.1561 -29.9613 -48.7766 -10.8015 -35.5839 -14.9748 -22.5380 -41.4505 17.8163 -26.8311 -47.2977 28.9317 -31.7061 -46.4642 -17.0333 -37.7711 3.3787 -24.1530 -43.5586 24.7002 -28.4524 -48.4661 4.3524 -33.9050 -0.8725 -33.9050 4.3524 -48.4672 -28.4524 24.7002 -43.5586 -24.1530 3.3787 -37.7711 -17.0333 -46.4642 -31.7061 28.9317 -47.2977 -26.8311 17.8163 -41.4505 -22.5380 -14.9748 -35.5839 -10.8015 -48.7766 -29.9613 30.1561 -45.4006 -25.3394 10.9637 -39.4326 -20.0988 -38.0792 -33.1404 8.2259 -48.4007 -28.2515 23.8394 -43.2952 -23.9948 1.9799 -37.5515 -16.4850 -47.0437 -31.4893 30.0394 -47.0913 -26.6451 16.9772 -41.1929 -22.2865 -18.2764 -36.3794
-18.2764 -24.0360 -40.6426 16.3698 -27.7429 -47.0861 34.6522 -31.2671 -46.9032 -15.8047 -36.4788 1.8430 -25.7297 -42.9082 23.0407 -28.9576 -48.5954 24.5231 -32.2132 -37.6844 -21.0571 -38.6173 10.5185 -26.7352 -45.2187 30.2985 -30.2222 -48.7426 -5.7427 -34.1936 -14.6109 -24.2160 -40.8713 17.1120 -27.8742 -47.3106 34.6891 -31.4125 -46.2971 -16.6493 -36.7336 3.1928 -25.8460 -43.1986 23.9261 -29.1072 -48.6924 21.0111 -32.2246 -37.2232 -27.7778 -37.2260 -32.2491 21.1244 -48.6952 -29.1072 23.9261 -43.1986 -25.8460 3.1928 -36.7336 -16.6493 -46.2971 -31.4125 34.6891 -47.3106 -27.8742 17.1120 -40.8713 -24.2160 -14.6109 -34.1936 -5.7427 -48.7426 -30.2222 30.2985 -45.2187 -26.7352 10.5185 -38.6173 -21.0571 -37.6844 -32.2132 24.5231 -48.5954 -28.9576 23.0407 -42.9082 -25.7297 1.8430 -36.4788 -15.8047 -46.9032 -31.2671 34.6522 -47.0861 -27.7429 16.3698 -40.6426 -24.0360 -18.2764
-22.2865 -40.6426 16.1228 -27.7536 -46.9282 34.5180 -31.4812 -47.3021 -15.0705 -36.2613 0.6339 -25.6080 -42.6782 22.3479 -28.9847 -48.4974 26.9713 -32.5905 -39.1395 -20.6668 -38.4018 9.8245 -26.6584 -44.9966 29.6046 -30.3322 -48.7602 -3.6862 -33.8999 -17.2437 -23.9748 -40.6456 16.4725 -27.8460 -47.1254 34.6994 -31.6405 -46.7854 -15.9872 -36.5263 2.1033 -25.7349 -42.9685 23.2241 -29.1436 -48.6135 23.8361 -33.5742 -37.6466 -20.8023 -40.6807 -20.9020 -37.1163 -32.7073 24.0068 -48.6164 -29.1436 23.2241 -42.9685 -25.7349 2.1033 -36.5263 -15.9872 -46.7854 -31.6405 34.6994 -47.1254 -27.8460 16.4725 -40.6456 -23.9748 -17.2437 -33.8999 -3.6862 -48.7602 -30.3322 29.6046 -44.9966 -26.6584 9.8245 -38.4018 -20.6668 -39.1395 -32.5905 26.9713 -48.4974 -28.9847 22.3479 -42.6782 -25.6080 0.6339 -36.2613 -15.0705 -47.3021 -31.4812 34.5180 -46.9282 -27.7536 16.1228 -40.6426 -22.2865
-41.1929 16.3698 -27.7536 -46.8599 34.3639 -31.3949 -47.6053 -14.3225 -36.0410 -0.6731 -25.4904 -42.4448 21.6521 -28.8567 -48.3844 28.9658 -32.4953 -40.4675 -20.2425 -38.1882 9.1135 -26.5469 -44.7693 28.8823 -30.2028 -48.7512 -1.3532 -33.5965 -19.9545 -23.7139 -40.4213 15.8370 -27.7212 -46.9311 34.5423 -31.5231 -47.2047 -15.2735 -36.3075 0.8981 -25.6341 -42.7387 22.5296 -29.0143 -48.5180 26.3147 -34.5181 9.4204 -24.0495 -37.5681 19.8233 -38.2322 -20.8038 -38.8238 -32.6144 26.4562 -48.5215 -29.0141 22.5296 -42.7387 -25.6341 0.8981 -36.3075 -15.2735 -47.2047 -31.5231 34.5423 -46.9311 -27.7212 15.8370 -40.4213 -23.7139 -19.9545 -33.5965 -1.3532 -48.7512 -30.2028 28.8823 -44.7693 -26.5469 9.1135 -38.1882 -20.2425 -40.4675 -32.4953 28.9658 -48.3844 -28.8567 21.6521 -42.4448 -25.4904 -0.6731 -36.0410 -14.3225 -47.6053 -31.3949 34.3639 -46.8599 -27.7536 16.3698 -41.1929
16.9772 -27.7429 -46.9282 34.3639 -31.3636 -47.7684 -13.7200 -35.8476 -1.9793 -25.3626 -42.2149 20.9638 -28.7300 -48.2598 30.6031 -32.3867 -41.6718 -19.7903 -37.9769 8.3838 -26.4358 -44.5371 28.1413 -30.0750 -48.7578 1.3152 -33.2850 -22.6780 -23.4356 -40.1991 15.2060 -27.5953 -46.7283 34.2612 -31.4059 -47.5603 -14.5038 -36.0738 -0.4409 -25.5200 -42.5088 21.8320 -28.8894 -48.4057 28.3461 -33.8368 8.0694 -42.6716 -10.9159 -45.8345 -29.4692 8.5736 -38.2703 -20.3346 -40.1744 -32.5107 28.5194 -48.4345 -28.8611 21.8337 -42.5088 -25.5201 -0.4437 -36.0738 -14.5038 -47.5603 -31.4059 34.2612 -46.7283 -27.5953 15.2060 -40.1991 -23.4356 -22.6780 -33.2850 1.3152 -48.7578 -30.0750 28.1413 -44.5371 -26.4358 8.3838 -37.9769 -19.7903 -41.6718 -32.3867 30.6031 -48.2598 -28.7300 20.9638 -42.2149 -25.3626 -1.9793 -35.8476 -13.7200 -47.7684 -31.3636 34.3639 -46.9282 -27.7429 16.9772
-26.6451 -47.0861 34.5180 -31.3949 -47.7684 -13.4823 -35.7305 -3.0216 -25.2458 -42.0083 20.3201 -28.6113 -48.1280 31.9006 -32.2718 -42.7443 -19.3134 -37.7701 7.6386 -26.3259 -44.3034 27.3952 -29.9502 -48.7930 4.2832 -33.0627 -25.3196 -23.1426 -39.9811 14.5842 -27.4700 -46.5206 33.8764 -31.2921 -47.8564 -13.6760 -35.8292 -1.9240 -25.3861 -42.2747 21.1572 -28.7541 -48.3257 29.9939 -32.5744 -32.3586 -33.7671 22.6839 -42.0313 10.6169 -45.1311 -26.4645 8.7597 -38.0350 -19.8655 -41.4927 -32.5691 31.6128 -47.7609 -28.7160 21.1452 -42.2782 -25.3863 -1.9269 -35.8292 -13.6760 -47.8564 -31.2903 33.8764 -46.5206 -27.4700 14.5842 -39.9811 -23.1426 -25.3196 -33.0627 4.2832 -48.7930 -29.9502 27.3952 -44.3034 -26.3259 7.6386 -37.7701 -19.3134 -42.7443 -32.2718 31.9006 -48.1280 -28.6113 20.3201 -42.0083 -25.2458 -3.0216 -35.7305 -13.4823 -47.7684 -31.3949 34.5180 -47.0861 -26.6451
-47.0913 34.6522 -31.4812 -47.6053 -13.7200 -35.7305 -3.4332 -25.1728 -41.8592 19.7979 -28.5135 -47.9989 32.8601 -32.1517 -43.6967 -18.8018 -37.5686 6.8774 -26.2159 -44.0645 26.6348 -29.8314 -48.8172 7.4665 -32.9560 -27.8720 -22.8306 -39.7680 13.9718 -27.3438 -46.3053 33.3984 -31.1853 -48.0900 -12.8486 -35.5582 -3.5719 -25.2323 -42.0402 20.5120 -28.6741 -47.6424 33.0461 -32.8076 -43.5242 -25.7395 -44.8950 -33.3444 11.6670 -35.6590 30.5144 -43.8002 -26.4474 8.1796 -37.9149 -20.2183 -42.8605 -31.0027 -16.1233 -47.1178 -28.5981 20.4653 -42.0443 -25.2327 -3.5721 -35.5759 -12.7789 -48.1005 -31.1764 33.3983 -46.3053 -27.3438 13.9718 -39.7680 -22.8306 -27.8720 -32.9560 7.4665 -48.8172 -29.8314 26.6348 -44.0645 -26.2159 6.8774 -37.5686 -18.8018 -43.6967 -32.1517 32.8601 -47.9989 -28.5135 19.7979 -41.8592 -25.1728 -3.4332 -35.7305 -13.7200 -47.6053 -31.4812 34.6522 -47.0913
30.0394 -31.2671 -47.3021 -14.3225 -35.8476 -3.0216 -25.1728 -41.8048 19.5035 -28.4471 -47.8928 33.4894 -32.0303 -44.5159 -18.2639 -37.3756 6.1103 -26.1046 -43.8165 25.8508 -29.7227 -48.8177 10.6871 -32.8634 -30.3362 -22.4938 -39.5603 13.3699 -27.2167 -46.0827 32.8396 -31.0781 -48.2763 -11.4274 -35.2327 -6.3446 -25.0308 -41.8039 19.8468 -28.6101 -47.5265 -15.8682 -34.6474 -32.0116 -21.1214 -43.7546 -17.1394 -49.2095 -26.4748 -45.3300 -25.6487 -0.6102 -44.2764 -26.3084 3.1165 -36.6027 19.4618 -34.3737 -35.0248 -16.1131 -47.3464 -28.4762 19.7717 -41.8039 -25.0610 -5.3667 -35.3184 -11.7908 -48.2998 -31.0626 32.8395 -46.0827 -27.2167 13.3699 -39.5603 -22.4938 -30.3362 -32.8634 10.6871 -48.8177 -29.7227 25.8508 -43.8165 -26.1046 6.1103 -37.3756 -18.2639 -44.5159 -32.0303 33.4894 -47.8928 -28.4471 19.5035 -41.8048 -25.1728 -3.0216 -35.8476 -14.3225 -47.3021 -31.2671 30.0394
-31.4893 -46.9032 -15.0705 -36.0410 -1.9793 -25.2458 -41.8592 19.5035 -28.4226 -47.8319 33.8330 -31.9341 -45.1394 -17.7403 -37.2021 5.3594 -25.9961 -43.5595 25.0345 -29.6282 -48.7972 13.7395 -32.7401 -32.6785 -22.1298 -39.3610 12.7850 -27.0890 -45.8537 32.2125 -30.9613 -48.4359 -9.6756 -36.3322 23.7934 -23.5932 -41.9320 20.0694 -28.2942 -47.5626 -19.7980 -36.9223 -33.7678 15.8015 -38.4641 25.9263 -41.4176 33.0766 -43.1621 31.4824 -35.7912 -46.7916 -16.6804 -43.6347 -23.2765 -42.2066 -30.5140 -36.5231 -25.7234 -44.3760 29.6313 -47.6547 -28.4025 19.0423 -41.5507 -24.8726 -7.3125 -35.0597 -10.6880 -48.4593 -30.9466 32.2125 -45.8537 -27.0890 12.7850 -39.3610 -22.1298 -32.6785 -32.7401 13.7395 -48.7972 -29.6282 25.0345 -43.5595 -25.9961 5.3594 -37.2021 -17.7403 -45.1394 -31.9341 33.8330 -47.8319 -28.4226 19.5035 -41.8592 -25.2458 -1.9793 -36.0410 -15.0705 -46.9032 -31.4893
-47.0437 -15.8047 -36.2613 -0.6731 -25.3626 -42.0083 19.7979 -28.4471 -47.8319 33.9412 -31.8781 -45.5242 -17.3140 -37.0597 4.6824 -25.8969 -43.3078 24.2212 -29.5515 -48.7635 16.4324 -32.5692 -34.9101 -21.7297 -39.1736 12.2277 -26.9600 -45.6153 31.5198 -30.8315 -48.5704 -8.6882 -36.4378 34.2546 -50.1417 -29.7106 -2.0086 -27.4273 -46.9615 13.8988 -47.1476 -27.2106 -29.7405 -33.2047 -8.0813 -34.2633 8.8984 -35.7052 11.8389 -33.8117 -17.7809 -26.7281 -49.1492 29.9249 -39.6453 2.0166 -46.0831 -13.3185 -45.8066 33.3164 -38.1450 34.9678 -47.7841 -28.3099 18.3443 -41.2686 -24.6760 -9.3640 -34.8097 -9.4104 -48.5846 -30.8238 31.5198 -45.6153 -26.9600 12.2277 -39.1736 -21.7297 -34.9101 -32.5692 16.4324 -48.7635 -29.5515 24.2212 -43.3078 -25.8969 4.6824 -37.0597 -17.3140 -45.5242 -31.8781 33.9412 -47.8319 -28.4471 19.7979 -42.0083 -25.3626 -0.6731 -36.2613 -15.8047 -47.0437
-16.4850 -36.4788 0.6339 -25.4904 -42.2149 20.3201 -28.5135 -47.8928 33.8330 -31.8781 -45.6557 -17.0691 -36.9686 4.1687 -25.8159 -43.0830 23.4758 -29.4903 -48.7236 18.6419 -32.3525 -37.0435 -21.2803 -39.0051 11.7176 -26.8326 -45.3716 30.7829 -30.6837 -48.6747 -7.8831 -35.3910 15.6465 -41.3421 -11.5613 -49.0632 -19.6965 -44.6940 35.3140 -40.9202 27.6669 -48.0506 -21.2268 -49.0448 -23.6753 -48.9335 -26.5808 -46.8066 -26.3953 -48.8409 -24.2513 -48.5601 -30.1504 2.3735 4.8218 -34.7004 22.1873 -38.6107 22.5304 -37.2664 3.9781 -34.2332 34.2411 -47.0976 -27.6757 17.1643 -40.8922 -24.4787 -11.2587 -34.5968 -7.8485 -48.6787 -30.6792 30.7853 -45.3728 -26.8327 11.7176 -39.0051 -21.2803 -37.0435 -32.3525 18.6419 -48.7236 -29.4903 23.4758 -43.0830 -25.8159 4.1687 -36.9686 -17.0691 -45.6557 -31.8781 33.8330 -47.8928 -28.5135 20.3201 -42.2149 -25.4904 0.6339 -36.4788 -16.4850
-37.5515 1.8430 -25.6080 -42.4448 20.9638 -28.6113 -47.9989 33.4894 -31.9341 -45.5242 -17.0691 -36.9397 3.8914 -25.7627 -42.9094 22.8520 -29.4470 -48.6812 20.3057 -32.1095 -38.9675 -20.7808 -38.8595 11.2697 -26.7084 -45.1297 30.0561 -30.4784 -48.7394 -6.0652 -34.3234 -1.0170 -35.7207 18.2349 -41.0910 34.3278 -40.0350 22.0069 -38.1600 18.8601 -40.7205 35.2881 -43.1031 32.4808 -43.2379 19.8471 -44.4596 4.3051 -43.8435 14.5340 -45.2056 -23.6116 2.2735 -41.8345 -22.3518 -47.0983 -29.7455 -21.1467 -31.7238 -35.5057 -29.2716 -44.3898 -30.4034 1.0661 -27.1279 -33.2577 16.8800 -40.5162 -24.2973 -12.6696 -34.4534 -5.7167 -48.7419 -31.5570 29.9987 -45.1341 -26.7091 11.2697 -38.8595 -20.7808 -38.9675 -32.1095 20.3057 -48.6812 -29.4470 22.8520 -42.9094 -25.7627 3.8914 -36.9397 -17.0691 -45.5242 -31.9341 33.4894 -47.9989 -28.6113 20.9638 -42.4448 -25.6080 1.8430 -37.5515
1.9799 -25.7297 -42.6782 21.6521 -28.7300 -48.1280 32.8601 -32.0303 -45.1394 -17.3140 -36.9686 3.8914 -25.7439 -42.8152 22.4337 -29.4214 -48.6456 21.3886 -31.8561 -40.5766 -20.2546 -38.7390 10.8962 -26.5886 -44.8897 29.3438 -30.5987 -48.7549 -2.2942 -34.2554 -17.7826 -29.2889 -41.4422 -32.9178 4.9528 -34.5608 0.3568 -33.7051 -7.4699 -35.6795 10.3112 -38.2223 20.2670 -40.1952 26.7031 -39.8340 24.1831 -38.6014 22.6929 -39.3849 35.8401 -47.3709 -29.1223 16.8034 -39.8967 14.4411 -45.8654 -17.5585 -48.0241 -17.3566 -46.6245 -12.9685 -47.4494 -18.1693 -45.7736 18.0809 -36.7503 16.1333 -40.2121 -24.1694 -13.0441 -33.4470 -17.2008 -41.3622 -33.6311 29.1934 -44.8961 -26.5892 10.8962 -38.7390 -20.2546 -40.5766 -31.8561 21.3886 -48.6456 -29.4214 22.4337 -42.8152 -25.7439 3.8914 -36.9686 -17.3140 -45.1394 -32.0303 32.8601 -48.1280 -28.7300 21.6521 -42.6782 -25.7297 1.9799
-23.9948 -42.9082 22.3479 -28.8567 -48.2598 31.9006 -32.1517 -44.5159 -17.7403 -37.0597 4.1687 -25.7627 -42.8152 22.2879 -29.4063 -48.6228 22.0530 -31.6265 -41.8319 -19.7407 -38.6510 10.6211 -26.4753 -44.6527 28.6131 -30.8160 -48.2662 -22.3444 -32.0163 -10.6304 -24.6478 -45.8104 -18.3840 -49.1416 -24.7974 -48.9611 -24.9124 -48.7509 -27.2886 -43.2739 -31.5430 -5.1687 -36.3201 33.0851 -41.4031 21.8651 -37.9014 5.0618 -36.1555 11.9802 -39.6122 30.8223 -48.4299 -28.6462 2.0307 -35.0577 22.6802 -39.4701 31.8218 -40.8215 30.5849 -39.9377 30.5728 -40.2527 23.5338 -36.9906 -8.4195 -33.8346 14.3847 -39.9891 -21.4486 -45.6742 -22.2874 -45.0217 0.3281 -33.5613 28.4740 -44.6572 -26.4753 10.6211 -38.6510 -19.7407 -41.8319 -31.6265 22.0530 -48.6228 -29.4063 22.2879 -42.8152 -25.7627 4.1687 -37.0597 -17.7403 -44.5159 -32.1517 31.9006 -48.2598 -28.8567 22.3479 -42.9082 -23.9948
-43.2952 23.0407 -28.9847 -48.3844 30.6031 -32.2718 -43.6967 -18.2639 -37.2021 4.6824 -25.8159 -42.9094 22.4337 -29.4063 -48.6142 22.3913 -31.4737 -42.6723 -19.2941 -38.5968 10.4569 -26.3698 -44.4261 27.8650 -30.3637 -48.3293 -29.4242 24.3426 -44.7792 0.4715 -40.1242 31.7252 -41.9237 32.9386 -43.5516 24.1121 -43.6668 5.1998 -46.3840 -16.7387 -48.5819 -23.2852 -48.5680 -46.8790 13.1171 -41.4994 13.9700 -35.3697 -21.6802 -36.0579 15.6160 -40.8072 30.1488 -46.8647 -23.6551 -46.3601 -30.3406 -8.2206 -33.8762 4.4741 -34.8042 3.4279 -34.7624 3.6654 -34.1260 -23.1355 -30.4690 -47.2112 -30.0658 11.1475 -38.5654 26.6721 -44.2341 29.6105 -34.7787 -42.9514 -31.3168 27.8193 -44.4274 -26.3698 10.4569 -38.5968 -19.2941 -42.6723 -31.4737 22.3913 -48.6142 -29.4063 22.4337 -42.9094 -25.8159 4.6824 -37.2021 -18.2639 -43.6967 -32.2718 30.6031 -48.3844 -28.9847 23.0407 -43.2952
23.8394 -28.9576 -48.4974 28.9658 -32.3867 -42.7443 -18.8018 -37.3756 5.3594 -25.8969 -43.0830 22.8520 -29.4214 -48.6228 22.3913 -31.4218 -43.0771 -18.9933 -38.5681 10.3933 -26.2795 -44.2204 27.1430 -29.7671 -48.7183 -22.4288 -40.5831 -36.6532 19.1815 -35.9242 9.8084 -35.6194 12.3605 -37.0909 17.5498 -37.8904 21.9847 -39.7062 31.6440 -41.8814 35.5768 -42.7836 34.4466 -28.9232 -48.9166 35.4532 -38.5719 -1.2165 -34.8138 -2.2977 -37.8676 20.1587 -41.3330 35.2169 -42.6548 0.8468 -46.3910 -20.5481 -49.1677 -24.5683 -48.8988 -25.6658 -48.5642 -26.1408 -48.4325 -24.5498 -48.8729 -17.3625 -47.6248 -27.3257 -7.6477 -34.8678 13.8868 -35.2085 -28.8775 -25.8690 -48.7637 -29.8931 27.1461 -44.2205 -26.2795 10.3933 -38.5681 -18.9933 -43.0771 -31.4218 22.3913 -48.6228 -29.4214 22.8520 -43.0830 -25.8969 5.3594 -37.3756 -18.8018 -42.7443 -32.3867 28.9658 -48.4974 -28.9576 23.8394
-28.2515 -48.5954 26.9713 -32.4953 -41.6718 -19.3134 -37.5686 6.1103 -25.9961 -43.3078 23.4758 -29.4470 -48.6456 22.0530 -31.4737 -43.0771 -18.8904 -38.5558 10.3824 -26.2135 -44.0517 26.5381 -29.5626 -48.6499 -3.8118 -45.6212 -23.2022 -41.7826 -29.5829 -42.5204 -27.8930 -46.3165 -29.2425 -36.7059 -31.3415 -20.7615 -33.6218 3.4205 -35.9396 12.0254 -36.8333 13.4997 -34.6074 -40.6374 -16.7514 -42.2839 19.3856 -37.3244 9.7716 -37.2906 15.7201 -39.1916 22.3709 -40.0790 24.0063 -38.7228 29.2772 -40.6967 35.3205 -42.9303 25.0731 -43.8057 14.1709 -44.4281 6.5185 -44.8692 24.0849 -43.2339 31.3642 -45.5522 -27.5557 -45.0860 -29.7690 -45.3589 -24.8959 -46.8599 -8.8413 -48.6398 -29.5631 26.5341 -44.0517 -26.2135 10.3824 -38.5558 -18.8904 -43.0771 -31.4737 22.0530 -48.6456 -29.4470 23.4758 -43.3078 -25.9961 6.1103 -37.5686 -19.3134 -41.6718 -32.4953 26.9713 -48.5954 -28.2515
-48.4007 24.5231 -32.5905 -40.4675 -19.7903 -37.7701 6.8774 -26.1046 -43.5595 24.2212 -29.4903 -48.6812 21.3886 -31.6265 -42.6723 -18.9933 -38.5558 10.3795 -26.1784 -43.9413 26.1065 -29.4781 -48.8348 18.7999 -38.8581 34.8564 -44.3656 -9.7186 -46.0489 -8.6625 -44.6702 -7.7243 -46.5710 -17.0309 -48.1421 -22.0013 -49.0719 -26.4934 -45.7186 -29.0316 -40.8396 -28.9174 -46.7544 -20.8944 -44.3127 33.2475 -39.8018 30.1001 -40.8755 34.6673 -41.7182 35.3022 -41.5354 33.4016 -40.1284 26.8416 -38.9740 22.6866 -38.9773 22.0154 -38.8105 21.9166 -38.6907 23.0858 -39.0932 24.8197 -39.8864 24.7342 -40.3456 -6.2712 -38.7084 -30.1335 -47.9617 -24.1140 -46.8191 22.6587 -39.6533 17.9020 -48.8316 -29.4851 26.0994 -43.9413 -26.1784 10.3795 -38.5558 -18.9933 -42.6723 -31.6265 21.3886 -48.6812 -29.4903 24.2212 -43.5595 -26.1046 6.8774 -37.7701 -19.7903 -40.4675 -32.5905 24.5231 -48.4007
8.2259 -32.2132 -39.1395 -20.2425 -37.9769 7.6386 -26.2159 -43.8165 25.0345 -29.5515 -48.7236 20.3057 -31.8561 -41.8319 -19.2941 -38.5681 10.3824 -26.1784 -43.9038 25.8757 -29.4099 -48.7957 19.9615 -35.5964 9.8327 -37.5510 21.2027 -38.8526 25.3805 -38.4571 24.4344 -39.4769 30.1995 -40.9982 35.2801 -42.6488 25.1033 -44.7262 -7.4316 -46.2466 -13.2911 -46.1691 -3.2554 -43.0820 36.1871 -42.5934 3.8563 -46.5788 -18.8005 -48.5944 -21.4582 -48.6432 -19.8664 -47.4573 -13.1404 -45.1140 20.3463 -42.3857 34.1796 -39.7316 23.2297 -38.4601 14.2265 -37.3417 8.0849 -36.6864 4.8864 -36.2172 3.2604 -21.1674 -40.5961 17.6243 -32.8036 -45.2034 -23.0326 -45.0683 35.9257 -37.8750 21.5032 -48.8226 -29.4212 25.8686 -43.9038 -26.1784 10.3824 -38.5681 -19.2941 -41.8319 -31.8561 20.3057 -48.7236 -29.5515 25.0345 -43.8165 -26.2159 7.6386 -37.9769 -20.2425 -39.1395 -32.2132 8.2259
-33.1404 -37.6844 -20.6668 -38.1882 8.3838 -26.3259 -44.0645 25.8508 -29.6282 -48.7635 18.6419 -32.1095 -40.5766 -19.7407 -38.5968 10.3933 -26.2135 -43.9413 25.8757 -29.3877 -48.7693 21.0758 -35.1765 -16.9582 -30.3036 -35.3935 -31.9556 -12.5611 -32.7965 -11.5683 -33.5213 -0.1586 -34.9265 8.5035 -36.3639 15.5042 -37.9382 22.8379 -39.2508 28.2985 -40.2138 31.4514 -40.9179 35.9104 -45.3000 -20.4483 -48.2432 -29.3761 -26.2802 -32.5737 -10.0085 -32.7497 -20.4858 -30.9518 -40.9853 -27.6444 -48.8458 -22.6765 -47.6692 -9.4958 -43.8058 35.5395 -40.0493 22.4080 -37.6310 7.9907 -35.5150 -20.9001 -31.8541 -48.4966 -1.9924 -40.1855 20.9505 -34.7555 -28.7326 -26.1985 -46.9603 33.2651 -37.5925 21.9399 -48.7733 -29.3970 25.8687 -43.9413 -26.2135 10.3933 -38.5968 -19.7407 -40.5766 -32.1095 18.6419 -48.7635 -29.6282 25.8508 -44.0645 -26.3259 8.3838 -38.1882 -20.6668 -37.6844 -33.1404
-38.0792 -21.0571 -38.4018 9.1135 -26.4358 -44.3034 26.6348 -29.7227 -48.7972 16.4324 -32.3525 -38.9675 -20.2546 -38.6510 10.4569 -26.2795 -44.0517 26.1065 -29.4100 -48.7694 21.8673 -35.4813 -17.8114 -24.5306 -46.1477 -16.7438 -48.1612 -20.8006 -48.6434 -22.1140 -49.0388 -24.8296 -48.2423 -27.7307 -43.0642 -30.8341 -23.1823 -33.7870 0.7857 -36.6779 13.6692 -39.5997 35.4268 -46.0855 -24.3390 -37.1967 -33.9999 12.7178 -37.9263 23.4969 -38.8727 24.0398 -37.9500 18.2374 -36.6485 9.5651 -34.4117 -10.8640 -30.7876 -45.1943 -25.4449 -48.6253 -14.5635 -44.3050 35.3022 -39.6270 19.7931 -36.3755 -4.6786 -29.9299 -48.7448 -17.4482 -43.5121 31.8854 -36.9562 0.4808 -28.7054 -48.5095 13.4506 -37.5707 21.7514 -48.7611 -29.4189 26.0995 -44.0518 -26.2795 10.4569 -38.6510 -20.2546 -38.9675 -32.3525 16.4324 -48.7972 -29.7227 26.6348 -44.3034 -26.4358 9.1135 -38.4018 -21.0571 -38.0792
-20.0988 -38.6173 9.8245 -26.5469 -44.5371 27.3952 -29.8314 -48.8177 13.7395 -32.5692 -37.0435 -20.7808 -38.7390 10.6211 -26.3698 -44.2204 26.5381 -29.4781 -48.7959 21.0856 -35.4816 -14.7131 -23.8070 -40.9776 30.7291 -40.3480 33.5294 -41.4326 35.4875 -42.3061 31.4225 -43.7472 -2.9456 -45.6805 -18.9692 -48.4270 -26.4634 -46.5536 -32.9709 -3.4802 -37.9477 29.3771 -44.8478 -23.1221 -33.2592 -35.8691 22.6224 -41.4429 24.0984 -45.3442 -8.2751 -45.1950 4.5246 -43.4940 34.4941 -41.2770 29.4966 -38.3005 17.2458 -35.8373 2.6219 -32.0185 -40.9863 -26.2774 -48.7490 -14.2821 -43.7109 34.8951 -38.3279 13.9193 -33.1840 -38.5954 -25.1836 -46.9319 31.2382 -38.2248 10.4456 -30.2412 -48.8729 -2.7091 -37.6676 21.1932 -48.7955 -29.4829 26.5341 -44.2205 -26.3698 10.6211 -38.7390 -20.7808 -37.0435 -32.5692 13.7395 -48.8177 -29.8314 27.3952 -44.5371 -26.5469 9.8245 -38.6173 -20.0988
-39.4326 10.5185 -26.6584 -44.7693 28.1413 -29.9502 -48.8172 10.6871 -32.7401 -34.9101 -21.2803 -38.8595 10.8962 -26.4753 -44.4261 27.1404 -29.5639 -48.8392 19.9264 -35.1716 -17.6534 -23.8155 -39.9281 16.5216 -35.3492 6.0051 -36.7601 13.3367 -38.4854 23.7005 -40.5767 36.1991 -42.9034 -7.8236 -47.1885 -23.7536 -47.9758 -31.0581 -13.0760 -36.9554 22.2721 -42.4062 -16.6304 -44.9132 -34.9419 22.9107 -42.8452 -14.2834 -49.0581 -27.4157 -43.5091 -28.0851 -47.4538 -25.2128 -49.0346 -19.6849 -46.5066 -1.7829 -43.0540 35.3712 -39.8200 22.2762 -36.3428 6.3150 -32.1544 -41.1330 -25.7131 -48.0990 -5.6720 -41.6286 27.3463 -36.4571 -1.7182 -28.9447 -48.7948 -3.4309 -39.4970 15.5628 -31.2246 -48.7454 -4.7935 -37.4541 20.5956 -48.8063 -29.5621 27.1461 -44.4269 -26.4753 10.8962 -38.8595 -21.2803 -34.9101 -32.7401 10.6871 -48.8172 -29.9502 28.1413 -44.7693 -26.6584 10.5185 -39.4326
10.9637 -26.7352 -44.9966 28.8823 -30.0750 -48.7930 7.4665 -32.8634 -32.6785 -21.7297 -39.0051 11.2697 -26.5886 -44.6529 27.8586 -29.6880 -48.6819 19.0134 -35.5534 -17.5775 -24.3866 -40.8453 16.1550 -32.7116 -42.7737 -33.0717 -6.3996 -37.1511 19.7204 -40.3204 34.0273 -45.7085 -18.9130 -48.7590 -28.4260 -33.7911 -33.5401 5.2515 -37.7077 21.9705 -40.9720 5.3848 -48.7620 -31.8287 14.0966 -41.7146 -11.5305 -47.7936 -32.3913 12.1296 -36.2600 12.6523 -35.3617 3.5086 -33.1420 -24.5475 -29.7028 -46.6270 -24.9870 -48.6990 -16.4381 -44.8618 31.1641 -40.4100 24.1431 -36.3061 4.3989 -31.1096 -46.7800 -22.5070 -45.8942 34.6856 -38.3216 11.4385 -31.1788 -48.4403 -14.8654 -40.8389 17.8978 -31.4290 -48.8216 5.5848 -37.4973 17.0825 -48.6295 -29.8978 27.8183 -44.6565 -26.5892 11.2697 -39.0051 -21.7297 -32.6785 -32.8634 7.4665 -48.7930 -30.0750 28.8823 -44.9966 -26.7352 10.9637
-25.3394 -45.2187 29.6046 -30.2028 -48.7578 4.2832 -32.9560 -30.3362 -22.1298 -39.1736 11.7176 -26.7084 -44.8904 28.5894 -29.8944 -48.6396 3.9434 -38.6174 8.4779 -29.8328 -45.6477 28.9720 -34.9940 -44.1980 -30.7675 -18.5069 -36.8955 23.3294 -41.4340 4.3016 -48.0359 -25.7533 -41.6020 -32.6991 4.0062 -37.1009 18.5061 -39.6537 31.7624 -42.3071 12.0083 -47.4007 -27.4904 -6.8999 -38.8723 34.4588 -48.7077 -30.6673 14.7979 -43.1403 28.4884 -42.5285 34.9740 -40.2260 26.3828 -37.4983 16.5261 -35.4322 4.7502 -32.5110 -33.4954 -27.7376 -49.1663 -19.7161 -45.4519 31.3737 -39.8134 20.0856 -35.1111 -16.0917 -27.9494 -48.5319 -0.8501 -40.0204 18.1628 -32.8019 -46.6063 -17.6453 -41.1495 17.1649 -30.7389 -48.6959 26.7276 -39.2978 -9.1021 -48.7629 -31.3405 28.4698 -44.8954 -26.7090 11.7176 -39.1736 -22.1298 -30.3362 -32.9560 4.2832 -48.7578 -30.2028 29.6046 -45.2187 -25.3394
-45.4006 30.2985 -30.3322 -48.7512 1.3152 -33.0627 -27.8720 -22.4938 -39.3610 12.2277 -26.8326 -45.1306 29.3035 -30.1214 -48.7258 -12.0007 -43.1407 29.3960 -37.0913 -40.6891 -13.2404 -39.5078 1.1511 -32.7026 -18.1398 -36.9315 26.6076 -42.9007 -12.7738 -48.7930 -29.4461 -13.0562 -35.9245 16.1848 -39.6763 32.3705 -42.6566 18.7330 -45.9676 -16.9086 -48.5616 -26.8184 -38.2993 -35.5614 20.4102 -43.7221 -20.0185 -29.6862 -34.2528 -23.1747 -48.7572 -23.8872 -48.5872 -18.0970 -46.0473 -3.7466 -43.3065 34.0360 -40.6251 27.4545 -36.8136 12.8893 -33.7382 -22.0608 -28.2718 -49.1343 -16.7531 -43.8126 33.6803 -37.8925 7.8729 -30.8531 -48.5185 -15.6636 -41.9012 22.1269 -33.5611 -45.9140 -16.8457 -40.3251 13.2253 -29.2424 -47.0896 7.3939 -46.7441 -25.9873 -42.6961 -33.5853 29.1844 -45.1336 -26.8326 12.2277 -39.3610 -22.4938 -27.8720 -33.0627 1.3152 -48.7512 -30.3322 30.2985 -45.4006
30.1561 -30.2222 -48.7602 -1.3532 -33.2850 -25.3196 -22.8306 -39.5603 12.7850 -26.9600 -45.3720 30.0359 -30.3191 -48.7513 -20.5570 -46.8368 10.5230 -42.7075 15.8210 -30.4798 -46.9121 28.4770 -36.0922 -10.0867 -36.9553 27.3297 -43.5897 -17.1977 -48.1981 -31.4153 4.0926 -38.1870 25.6200 -41.6542 25.3814 -46.3439 -19.2983 -48.9781 -27.0326 -42.8285 -31.3736 -12.6906 -35.2706 11.3515 -39.4404 34.4937 -45.0996 -15.5358 -42.5076 21.0091 -35.2982 0.5157 -32.6241 -25.3416 -29.9223 -44.2365 -26.4117 -49.2365 -21.3913 -46.7280 -2.8903 -42.1679 32.6589 -37.5479 12.6019 -32.9967 -38.7002 -25.4851 -47.4298 24.0151 -39.5112 15.7862 -32.8386 -46.0012 -19.3582 -42.7060 22.8672 -33.3198 -47.5712 -11.1342 -38.8317 4.9726 -27.0830 -47.4939 -25.2844 -27.7637 -34.8869 0.2834 -33.5511 29.9929 -45.3728 -26.9600 12.7850 -39.5603 -22.8306 -25.3196 -33.2850 -1.3532 -48.7602 -30.2222 30.1561
-29.9613 -48.7426 -3.6862 -33.5965 -22.6780 -23.1426 -39.7680 13.3699 -27.0890 -45.6153 30.7840 -30.5029 -48.7617 -19.3759 -44.7949 -26.0977 -47.7155 35.6495 -38.0061 -34.2526 -14.7238 -39.5673 8.1585 -37.0288 25.2589 -43.3921 -18.1160 -47.2402 -32.4795 9.8218 -39.4186 33.3141 -43.9543 -12.5778 -48.7663 -27.1630 -38.2301 -32.7537 3.6136 -36.0868 15.8596 -37.8208 24.6590 -39.8320 33.5480 -42.0903 27.6640 -43.8768 33.5770 -41.1295 32.3590 -39.6912 27.0352 -37.9138 20.5160 -35.5328 12.3350 -34.0591 -3.6907 -30.7779 -44.7663 -24.8132 -47.8448 -3.9470 -41.4264 26.5537 -36.5990 -2.4695 -29.2968 -48.9051 -7.8160 -41.0271 20.3774 -33.9556 -43.9265 -19.7238 -42.3645 20.1973 -32.0758 -48.9790 17.7665 -37.1336 -25.3742 -26.7162 -44.8496 -35.2862 29.9131 -45.2016 -42.7749 -31.4513 30.7852 -45.6153 -27.0890 13.3699 -39.7680 -23.1426 -22.6780 -33.5965 -3.6862 -48.7426 -29.9613
-48.7766 -5.7427 -33.8999 -19.9545 -23.4356 -39.9811 13.9718 -27.2167 -45.8537 31.5209 -30.6787 -48.7405 -1.5824 -37.3025 -37.9025 -5.3321 -22.7359 -43.6321 16.0981 -29.2740 -45.6947 26.4882 -37.7473 21.2716 -42.2952 -16.3686 -47.3944 -32.7962 12.2441 -40.0229 35.8103 -45.9554 -20.9983 -47.5952 -31.1925 1.1237 -36.5065 20.9761 -39.6842 35.1122 -42.6880 8.4338 -45.1892 -14.2927 -47.1869 -19.4074 -48.0687 -21.2697 -48.3402 -20.7173 -48.1323 -19.1325 -47.1122 -14.9820 -45.0589 1.5160 -42.6124 34.9695 -39.7881 23.5281 -35.7856 5.2290 -31.0903 -46.7757 -22.1098 -45.5391 35.5488 -38.6479 9.2948 -31.2800 -48.4432 -14.9965 -42.0619 21.9220 -34.0633 -45.3383 -17.1128 -40.8865 14.5018 -29.9781 -47.8533 34.2708 -34.6027 -45.2700 -30.5907 13.9888 -44.2068 -22.3371 -16.6585 -48.7420 -30.6775 31.5198 -45.8537 -27.2167 13.9718 -39.9811 -23.4356 -19.9545 -33.8999 -5.7427 -48.7766
-10.8015 -34.1936 -17.2437 -23.7139 -40.1991 14.5842 -27.3438 -46.0827 32.2125 -30.8219 -48.6797 -5.7508 -34.6475 3.7352 27.8882 -34.1670 -49.1770 34.9394 -35.7073 -46.5049 -0.2753 -39.0910 19.5575 -40.7760 -9.9451 -48.4375 -32.3274 12.2730 -40.2059 33.8247 -47.0868 -24.6399 -40.2560 -33.6641 14.1677 -38.7002 35.4139 -44.1571 -15.5980 -48.6193 -24.7122 -47.1569 -28.8377 -33.5491 -31.3552 -12.9665 -32.6127 -3.5038 -32.9692 -2.0643 -32.7393 -7.0769 -31.8442 -23.9263 -29.8901 -43.2045 -26.4377 -49.2817 -20.4223 -45.9274 23.6848 -40.1433 21.2495 -35.0245 -21.9693 -27.1208 -47.9081 24.7366 -39.4908 13.7631 -32.4077 -47.6673 -16.1096 -42.0007 20.2570 -33.1547 -48.1325 -7.5594 -39.1603 4.6629 -26.4795 -44.2072 20.1455 -32.3577 -41.6940 -35.2589 27.0735 -45.6509 -33.4473 -5.6997 -48.6787 -30.8235 32.2125 -46.0827 -27.3438 14.5842 -40.1991 -23.7139 -17.2437 -34.1936 -10.8015
-35.5839 -14.6109 -23.9748 -40.4213 15.2060 -27.4700 -46.3053 32.8395 -30.9466 -48.5846 -7.8269 -34.4507 -13.2538 -24.5189 -40.1889 -8.1309 -19.3969 -39.9951 3.3315 -25.5340 -43.5694 27.3046 -40.0709 16.6479 -48.8341 -31.1035 9.8553 -40.0083 33.3313 -47.4892 -26.2840 -28.9436 -35.4290 22.5213 -40.9852 -8.9404 -48.6030 -26.7714 -33.6549 -32.3414 7.7456 -34.7889 18.9785 -37.4476 27.1517 -39.3924 32.2701 -40.4095 34.0250 -40.6535 33.7819 -40.1509 31.0278 -38.7306 24.1876 -36.1919 14.0225 -34.0505 -9.0030 -29.4278 -48.8987 -19.0875 -44.1540 32.8746 -37.5972 0.6890 -29.2034 -48.6393 8.7266 -39.9350 15.0358 -32.6081 -47.9949 -13.2666 -40.8771 15.6869 -31.3337 -48.8579 30.4125 -37.2122 -30.6891 -18.8580 -39.7409 2.4667 -32.2739 -2.4582 -38.5556 -21.4576 -13.0466 -34.4475 -7.8552 -48.5846 -30.9466 32.8395 -46.3053 -27.4700 15.2060 -40.4213 -23.9748 -14.6109 -35.5839
-14.9748 -24.2160 -40.6456 15.8370 -27.5953 -46.5206 33.3983 -31.0626 -48.4592 -9.4132 -34.5951 -12.6561 -24.1633 -39.8605 12.8409 -27.6657 -44.3014 22.3538 -33.2768 -48.9842 22.2780 -40.7767 35.7695 -47.6129 -28.9542 3.9270 -39.3991 35.4937 -47.2918 -26.4952 -22.7942 -36.3589 28.1249 -43.5439 -21.6383 -45.5336 -31.5937 12.2618 -36.9552 32.1651 -41.4664 8.7834 -44.9738 -16.4105 -47.7424 -21.0083 -49.0293 -22.9065 -49.3236 -23.4238 -49.3067 -22.6063 -48.8140 -19.9578 -46.7948 -9.3605 -43.3015 35.2049 -38.8784 16.8858 -33.9200 -33.5405 -25.6048 -46.8717 35.2093 -38.6931 5.6282 -29.9178 -48.6663 8.2133 -40.1172 13.5255 -31.8861 -48.7428 -0.5176 -39.6238 7.9948 -28.5239 -46.6406 30.1460 -33.7812 -49.0733 27.6060 -35.9650 -33.9093 -33.4833 12.5684 -39.9334 -24.1499 -12.6777 -34.5938 -9.4131 -48.4592 -31.0626 33.3983 -46.5206 -27.5953 15.8370 -40.6456 -24.2160 -14.9748
-22.5380 -40.8713 16.4725 -27.7212 -46.7283 33.8764 -31.1764 -48.2998 -10.6879 -34.8082 -11.2185 -24.2799 -40.2209 15.0170 -31.5579 -48.4655 32.7084 -38.2396 -12.7081 -24.5885 -44.3522 36.1954 -45.1534 -25.1793 -14.3666 -38.1437 34.4443 -46.4046 -25.3698 -26.2371 -36.4925 29.5953 -44.6826 -25.1102 -23.5731 -34.6949 29.4572 -42.2799 -14.6603 -48.6846 -25.3277 -43.9286 -29.9990 -11.9679 -32.3291 5.0249 -33.1386 9.9760 -33.4609 11.0874 -33.6240 8.5761 -33.4231 -1.1325 -31.5550 -38.0924 -26.7528 -49.0021 -13.9853 -42.9021 29.5430 -36.9042 -6.7215 -27.9402 -47.8401 33.4724 -38.9730 5.2392 -29.7725 -48.5268 22.1436 -39.8921 9.1860 -30.3281 -48.4506 32.6587 -38.2319 -14.6640 -23.1459 -42.2993 15.0493 -29.0188 -45.7551 23.0901 -34.2311 -27.6377 -36.0851 20.6094 -40.4622 -24.2697 -11.2461 -34.8093 -10.6880 -48.2998 -31.1764 33.8764 -46.7283 -27.7212 16.4725 -40.8713 -22.5380
-41.4505 17.1120 -27.8460 -46.9311 34.2612 -31.2903 -48.1005 -11.7908 -35.0578 -9.3368 -24.4582 -40.7070 22.5392 -36.0652 -34.9382 -23.1509 -43.8242 23.2392 -34.3879 -48.3461 -7.6172 -43.4843 -19.3583 -41.7269 -35.8949 27.4609 -44.6280 -22.6112 -36.4764 -35.8527 27.2205 -44.3836 -25.3434 -10.6315 -36.2221 32.4110 -47.2458 -25.9981 -28.9035 -32.4490 14.2514 -36.3502 28.4533 -39.9623 34.2198 -41.9762 20.1799 -42.9120 7.9777 -43.1442 15.9824 -42.5656 34.1620 -40.6265 27.6214 -36.8550 10.5864 -32.5007 -42.7212 -23.6586 -45.9887 35.2792 -38.1967 -0.5019 -28.2798 -47.6842 35.3980 -38.7691 0.1475 -28.5318 -47.8322 35.1013 -39.0597 -0.7754 -27.2941 -46.3383 30.7915 -35.2840 -46.5741 -6.3659 -38.2616 -13.7224 -20.6136 -39.9348 6.4345 -35.5989 14.7590 -40.2192 34.6158 -40.6342 -24.4669 -9.3488 -35.0593 -11.7908 -48.1005 -31.2903 34.2612 -46.9311 -27.8460 17.1120 -41.4505
17.8163 -27.8742 -47.1254 34.5423 -31.4059 -47.8564 -12.7789 -35.3177 -7.3243 -24.6721 -40.7610 35.7161 -41.1515 20.7834 -34.5315 -46.8822 -9.2709 -40.2116 6.1900 -27.9407 -46.7122 -15.5147 -48.4737 -33.0412 18.3366 -41.9971 -16.8999 -45.5514 -34.4297 22.1031 -42.9711 -23.0146 -21.9646 -36.3559 23.2118 -48.9442 -29.3414 10.6748 -37.2804 34.2709 -44.0377 -16.9311 -48.5655 -23.6677 -48.7518 -26.9063 -43.9194 -28.5102 -40.4468 -28.5908 -44.5596 -26.7343 -49.1875 -22.0417 -46.9703 10.3207 -41.0339 23.4940 -35.8393 -20.4924 -26.6639 -47.1151 35.6279 -38.2686 -4.6120 -27.0701 -46.5877 34.0019 -37.8334 -16.5420 -25.6144 -46.0623 32.1201 -37.1521 -32.3867 -21.2249 -42.4775 17.1614 -31.0178 -47.9195 33.6707 -34.2571 -49.1873 32.8945 -36.9726 9.9451 -40.6562 15.1549 -48.6222 32.8857 -40.8070 -24.6744 -7.3165 -35.3180 -12.7789 -47.8564 -31.4059 34.5423 -47.1254 -27.8742 17.8163
-26.8311 -47.3106 34.6994 -31.5231 -47.5603 -13.6760 -35.5759 -5.3739 -24.8760 -40.9638 34.4566 -49.3587 -10.1427 -42.6088 15.5727 -30.5656 -47.8256 34.3716 -36.2434 -42.4472 -23.2439 -48.7601 -30.8868 9.6086 -39.8855 3.3017 -48.7721 -32.3037 15.5126 -40.8917 -17.1461 -42.1471 -35.2736 34.5262 -48.7426 -30.1048 18.4406 -40.8336 -16.6559 -49.2647 -28.6569 -8.5757 -32.7184 13.1786 -35.0845 21.1665 -37.0303 24.5271 -37.4949 22.1778 -36.2045 14.1871 -34.8649 -6.2715 -30.0249 -48.5926 -18.3966 -44.1245 31.0022 -37.4171 -9.7122 -27.1416 -46.8826 34.8679 -37.3730 -23.2750 -23.8539 -44.4823 26.4958 -35.8988 -40.4847 -20.0203 -43.1659 21.5563 -33.9425 -48.2803 0.0606 -39.0684 -1.4399 -24.3846 -42.5258 14.2176 -27.9272 -44.1886 19.3626 -37.5920 33.5220 -48.1348 -22.5988 -30.2899 17.1112 -41.2968 -24.8734 -5.3704 -35.5759 -13.6760 -47.5603 -31.5231 34.6994 -47.3106 -26.8311
-47.2977 34.6891 -31.6405 -47.2047 -14.5038 -35.8292 -3.5687 -25.0606 -41.5607 17.8271 -27.6360 -26.9408 -49.0133 21.1660 -38.5446 -16.0105 -21.7791 -42.3818 14.0716 -31.9871 -47.4339 -30.8476 2.4441 -38.8804 35.4269 -47.7466 -29.3893 6.9053 -39.3915 4.3377 -48.7017 -32.9844 28.6045 -46.5641 -28.8190 16.5348 -41.8856 -22.9928 -35.1198 -33.2854 22.6894 -39.7439 25.9614 -44.1172 -13.5290 -46.7811 -18.2394 -47.4980 -16.7296 -45.9837 2.1876 -42.8204 33.6183 -39.1104 13.2896 -33.4161 -42.3143 -22.8433 -45.4433 33.1714 -37.5882 -13.4477 -25.9489 -45.5352 29.4916 -35.4054 -43.6232 -17.0338 -41.8090 17.1265 -33.0993 -48.5527 -3.0894 -40.4837 9.8066 -29.5643 -47.3311 33.6864 -35.6501 -46.6682 -0.8555 -37.1762 -32.1329 -14.5544 -38.3773 14.1385 -41.1172 -18.0791 -39.5167 -48.3383 -28.7250 18.3243 -41.5557 -25.0610 -3.5721 -35.8292 -14.5038 -47.2047 -31.6405 34.6891 -47.2977
28.9317 -31.4125 -46.7854 -15.2735 -36.0738 -1.9209 -25.2319 -41.8056 19.1177 -28.4003 -48.1467 6.3962 -26.4656 -45.2247 24.8377 -33.6775 -49.1364 31.0593 -37.8483 -10.2555 -33.4973 3.6116 -38.5029 32.9573 -45.5209 -25.0211 -15.9731 -38.0607 35.6727 -47.8521 -30.0560 15.2354 -42.2579 -24.8376 5.3697 -39.4858 -21.4229 -25.0924 -35.5602 34.7344 -46.1535 -23.1335 -47.1001 -29.3992 -18.2801 -32.2485 -5.3880 -32.5493 -22.8800 -29.8358 -47.1617 -23.2348 -47.4107 22.0378 -40.7911 19.5596 -35.0564 -36.4994 -23.9312 -45.5336 32.5243 -36.8301 -28.0086 -23.0304 -43.0982 20.3804 -32.5443 -48.9270 13.3705 -39.6785 5.9820 -29.1857 -47.6796 35.7485 -38.0549 -22.3673 -22.1834 -42.7154 15.9396 -30.0873 -46.6590 27.9844 -32.3976 -48.1345 30.5662 -37.2848 27.8833 -47.3672 -26.9252 20.4657 -47.3711 -28.3376 19.0628 -41.8058 -25.2327 -1.9269 -36.0738 -15.2735 -46.7854 -31.4125 28.9317
-31.7061 -46.2971 -15.9872 -36.3075 -0.4382 -25.3857 -42.0514 19.8275 -28.3942 -47.3218 34.4511 -34.3348 -47.4104 -6.3066 -39.7412 2.2078 -25.4253 -43.7724 20.7409 -36.6378 10.3926 -39.0539 33.6368 -44.5263 -20.2111 -43.5056 -35.4449 26.5100 -44.8900 -25.5726 -2.0275 -38.7008 -13.0435 -39.6304 -35.8971 -5.8877 -44.5919 -34.8510 29.6825 -48.8968 -28.9412 5.9995 -35.2552 25.2989 -39.5419 31.9918 -40.2807 26.9583 -38.6159 13.6206 -34.9809 -23.9657 -28.1899 -48.6349 -2.1822 -41.4964 21.7571 -35.4685 -34.9971 -24.1285 -45.1297 30.3325 -35.3271 -42.7462 -17.0058 -39.9621 9.6744 -28.8610 -46.9690 33.9927 -37.4446 -28.6036 -22.4743 -43.8441 22.5922 -34.0574 -48.7515 13.2819 -38.2476 -17.8316 -20.5004 -40.7905 4.1385 -23.3256 -40.9575 13.5556 -37.5207 15.4464 -48.6904 -30.1678 34.2216 -47.7857 -28.4285 19.7814 -42.0471 -25.3864 -0.4437 -36.3075 -15.9872 -46.2971 -31.7061
-46.4642 -16.6493 -36.5263 0.9007 -25.5198 -42.2833 20.4873 -29.2684 -47.8546 26.6922 -38.6629 3.6590 -28.5515 -46.5222 31.0613 -35.2710 -47.9190 7.0705 -39.1545 18.0940 -39.8293 35.0774 -45.9528 -20.6153 -47.4411 -32.9275 15.1479 -41.5258 -16.5858 -42.3909 -36.0126 35.3008 -48.6541 -32.1115 31.3167 -48.1555 -31.5155 32.4729 -48.1932 -29.8219 18.1040 -40.2681 -5.0113 -47.1987 -20.2610 -48.5551 -17.1830 -46.2413 30.3099 -41.4229 21.9330 -37.3777 -6.4384 -29.8084 -48.6894 -8.0079 -41.8056 23.2522 -35.6337 -31.4244 -24.4459 -44.4485 26.4014 -33.1399 -48.6997 9.0236 -37.3409 -18.9839 -22.4658 -42.8324 19.6172 -33.7082 -48.5224 0.6594 -40.0597 6.3466 -27.7926 -45.8213 27.1349 -33.7201 -49.1880 34.6545 -34.9844 -48.8693 31.8974 -37.5630 15.5932 -40.4877 -17.7374 -44.8885 -33.1029 34.2740 -47.9357 -28.5293 20.4821 -42.2804 -25.5202 0.8981 -36.5263 -16.6493 -46.4642
-17.0333 -36.7336 2.1033 -25.6340 -42.5081 21.1774 -29.8485 -48.7676 -17.5781 -44.2491 29.4065 -36.7986 -39.3855 -17.1790 -41.3573 9.3706 -27.5687 -44.8777 31.5882 -40.3387 19.5113 -47.9508 -25.4022 -42.8027 -32.9489 8.2343 -39.4299 25.8136 -48.9477 -32.2459 19.7573 -43.6900 -25.9707 9.7804 -41.6255 -25.3437 12.8473 -43.1837 -27.2589 15.2635 -42.1312 -22.7219 -42.2559 -31.4612 -4.6363 -32.5130 -38.0842 -26.3018 -48.3603 8.1015 -42.1051 24.5375 -38.0241 -1.6942 -30.4034 -48.7655 -14.3339 -42.7787 28.7106 -36.0261 -24.4958 -24.2287 -43.0440 19.9052 -30.4022 -47.8818 33.8765 -34.3652 -48.0902 1.6268 -39.3159 3.7167 -27.9132 -46.5329 32.7403 -36.6141 -41.3166 -15.3957 -40.6803 6.0177 -25.6833 -43.1428 14.9037 -27.5341 -43.2833 19.5978 -38.6374 35.0798 -46.8787 -28.2627 -16.7178 -35.5891 34.2100 -48.0749 -28.6392 21.1663 -42.5097 -25.6342 2.1033 -36.7336 -17.0333
-37.7711 3.1928 -25.7348 -42.7378 21.8444 -29.4784 -48.7674 -28.1898 -48.2801 -15.1729 -42.6654 16.5508 -31.5592 -48.3707 35.3068 -36.1686 -44.7331 -9.9326 -40.9428 10.7154 -48.6880 -28.8955 -15.2043 -35.5637 12.6112 -39.2754 33.5374 -46.0384 -27.0868 3.2992 -39.4939 -11.7806 -41.9274 -35.7139 -1.0612 -42.1645 -36.4576 -16.2857 -14.4681 -38.7238 -21.5521 -15.9397 -35.6667 28.5076 -40.7389 18.0738 -36.1902 -25.3540 -26.9420 -48.0033 5.8519 -42.1438 27.5395 -38.2344 5.9624 -31.6818 -46.9688 -22.4147 -45.7253 35.2065 -36.0651 -27.5872 -21.8819 -40.4394 10.5259 -27.0036 -43.7113 17.9128 -29.8562 -46.7802 32.0418 -36.2519 -42.0846 -16.9583 -42.1646 14.4586 -31.0309 -48.1298 34.9583 -35.7902 -46.7458 4.1975 -36.4845 -40.5764 -4.6448 -38.1285 19.9104 -43.1040 -20.4072 -37.3185 -35.8973 9.3381 -35.9565 33.3606 -48.1845 -28.7582 21.8448 -42.7387 -25.7349 3.1928 -37.7711
3.3787 -25.8460 -42.9685 22.5180 -29.0624 -48.3976 -23.2476 4.3929 -31.6455 -49.0328 23.3617 -38.4312 -16.8376 -21.6804 -42.2773 14.2516 -29.5340 -46.0647 8.3024 -48.2070 -29.7853 3.0324 -38.1907 23.9527 -40.8202 34.4868 -43.5491 -18.7328 -40.3639 -36.4769 34.6068 -47.9289 -31.3831 23.8570 -46.0645 -30.6823 29.4797 -48.6482 -32.5191 23.5487 -46.4889 -34.9754 10.5870 -48.7078 26.6695 -42.2955 15.0528 -35.2132 -39.0435 -26.4591 -48.1545 -13.5247 -44.1148 35.4839 -39.1388 17.9824 -34.5150 -13.7439 -27.7911 -48.2037 34.5868 -34.9679 -42.7827 -14.2804 -37.3869 -16.7386 -19.7742 -38.7632 -6.6126 -22.1562 -41.8637 13.8574 -30.9650 -48.3964 35.3607 -38.0953 -23.5077 -21.3791 -42.5018 13.5378 -28.7788 -45.2590 22.4550 -30.5609 -45.6759 25.6243 -38.7517 32.0177 -49.1542 -33.0764 12.6222 -38.7563 5.2155 -33.9160 31.8376 -48.2944 -28.8847 22.5296 -42.9685 -25.8460 3.3787
-24.1530 -43.1986 23.2269 -29.0152 -48.2956 20.9310 -22.7297 -41.5897 8.6185 -27.1932 -45.2597 24.4449 -33.3464 -49.0311 33.5793 -37.7632 -34.5200 -18.7755 -46.3840 -28.1497 3.6163 -39.1943 34.3328 -44.0526 7.1169 -45.4947 -11.4678 -48.7415 -32.2935 17.4194 -42.8063 -23.2141 -3.7814 -39.5373 -19.5589 -4.0824 -40.4614 -23.9998 14.0504 -44.6491 -29.7153 33.0299 -49.5216 -30.0060 -32.3977 19.6556 -43.0040 5.3948 -39.5508 -24.8679 -35.5268 -44.6396 -30.2012 -49.1865 -16.6579 -45.0908 36.8931 -42.4494 17.8011 -29.0460 -47.5306 32.9606 -32.6645 -49.1495 29.9721 -33.8825 -48.9951 30.8465 -34.0786 -48.8576 23.9984 -37.5630 -24.0346 -21.9824 -43.4347 19.2590 -32.9859 -49.0542 32.9017 -37.1052 -38.4241 -13.4523 -38.5987 -19.7574 -16.7405 -39.2492 20.7757 -42.9073 -23.6660 -4.1417 -38.5930 -6.5710 -37.5134 -43.6635 -32.3108 30.2504 -48.4131 -29.0141 23.2241 -43.1986 -24.1530
-43.5586 23.9276 -29.1394 -48.5094 28.2515 -31.1692 -48.3174 33.0229 -36.2134 -42.2741 -12.8467 -39.6402 -0.7045 -24.1865 -43.4287 30.1892 -27.9921 -47.4133 -23.1251 -18.3166 -38.2201 35.6969 -46.7994 -21.2644 -48.8341 -23.4218 -48.6753 -27.9496 -3.0296 -38.8994 13.8846 -48.7015 -34.4463 33.9870 -48.8834 -33.1272 33.1103 -48.3662 -35.3714 -16.2564 -1.1487 -41.4889 -23.2882 9.2944 -48.8039 -38.5339 2.1346 -41.4011 4.0339 -41.0928 7.5255 -39.3771 -15.2791 -34.5277 -48.5957 -24.3729 -46.4956 19.2839 -42.7942 9.6871 -27.2900 -44.5036 21.6155 -29.4689 -46.3087 23.8640 -29.2510 -44.9233 18.2946 -28.3305 -44.8495 22.5075 -33.1063 -49.0400 27.4276 -38.8547 -8.8088 -23.9481 -43.5949 17.9960 -30.8286 -47.0963 28.5499 -32.5715 -47.7503 31.4645 -38.6801 34.6770 -49.0171 -33.3892 27.9952 -47.5836 -31.4116 -19.9459 -42.4795 -32.4082 28.5238 -48.5215 -29.1436 23.9261 -43.5586
