-0.2651 -0.3510 -0.2429 0.1600 0.0232 -0.2345 -0.3187 -0.3661 0.0362 0.2591 -0.1611 -0.2765 -0.3484 -0.2776 0.1453 0.0887 -0.2267 -0.3141 -0.3657 0.0158 0.2479 -0.1496 -0.2712 -0.3450 -0.3054 0.1313 0.1550 -0.2188 -0.3093 -0.3642 -0.0094 0.2348 -0.1363 -0.2657 -0.3414 -0.3269 0.1172 0.2092 -0.2105 -0.3042 -0.3622 -0.0422 0.2207 -0.1203 -0.2600 -0.3375 -0.3427 0.1023 0.2510 -0.1925 -0.2600 -0.1925 0.2510 0.1023 -0.3427 -0.3375 -0.2600 -0.1203 0.2207 -0.0422 -0.3622 -0.3042 -0.2105 0.2092 0.1172 -0.3269 -0.3414 -0.2657 -0.1363 0.2348 -0.0094 -0.3642 -0.3093 -0.2188 0.1550 0.1313 -0.3054 -0.3450 -0.2712 -0.1496 0.2479 0.0158 -0.3657 -0.3141 -0.2267 0.0887 0.1453 -0.2776 -0.3484 -0.2765 -0.1611 0.2591 0.0362 -0.3661 -0.3187 -0.2345 0.0232 0.1600 -0.2429 -0.3510 -0.2651
-0.3510 -0.2434 0.1587 0.0484 -0.2488 -0.3328 -0.3768 0.0349 0.2580 -0.1626 -0.2912 -0.3614 -0.2868 0.1428 0.1224 -0.2389 -0.3282 -0.3766 0.0139 0.2456 -0.1497 -0.2860 -0.3582 -0.3147 0.1292 0.1849 -0.2293 -0.3235 -0.3754 -0.0120 0.2317 -0.1347 -0.2806 -0.3547 -0.3363 0.1155 0.2315 -0.2194 -0.3185 -0.3738 -0.0460 0.2174 -0.1165 -0.2751 -0.3510 -0.3522 0.1015 0.2607 -0.2072 -0.3091 -0.3586 -0.3091 -0.2072 0.2607 0.1015 -0.3522 -0.3510 -0.2751 -0.1165 0.2174 -0.0460 -0.3738 -0.3185 -0.2194 0.2315 0.1155 -0.3363 -0.3547 -0.2806 -0.1347 0.2317 -0.0120 -0.3754 -0.3235 -0.2293 0.1849 0.1292 -0.3147 -0.3582 -0.2860 -0.1497 0.2456 0.0139 -0.3766 -0.3282 -0.2389 0.1224 0.1428 -0.2868 -0.3614 -0.2912 -0.1626 0.2580 0.0349 -0.3768 -0.3328 -0.2488 0.0484 0.1587 -0.2434 -0.3510
-0.2429 0.1587 0.0591 -0.2463 -0.3312 -0.3768 0.0270 0.2531 -0.1573 -0.2890 -0.3600 -0.2999 0.1367 0.1516 -0.2347 -0.3261 -0.3761 0.0034 0.2397 -0.1435 -0.2837 -0.3567 -0.3247 0.1233 0.2070 -0.2252 -0.3214 -0.3747 -0.0252 0.2256 -0.1275 -0.2783 -0.3532 -0.3436 0.1097 0.2453 -0.2152 -0.3164 -0.3731 -0.0631 0.2114 -0.1077 -0.2728 -0.3493 -0.3572 0.0957 0.2670 -0.2046 -0.3104 -0.3750 -0.3631 -0.3750 -0.3104 -0.2046 0.2670 0.0957 -0.3572 -0.3493 -0.2728 -0.1077 0.2114 -0.0631 -0.3731 -0.3164 -0.2152 0.2453 0.1097 -0.3436 -0.3532 -0.2783 -0.1275 0.2256 -0.0252 -0.3747 -0.3214 -0.2252 0.2070 0.1233 -0.3247 -0.3567 -0.2837 -0.1435 0.2397 0.0034 -0.3761 -0.3261 -0.2347 0.1516 0.1367 -0.2999 -0.3600 -0.2890 -0.1573 0.2531 0.0270 -0.3768 -0.3312 -0.2463 0.0591 0.1587 -0.2429
0.1600 0.0484 -0.2463 -0.3306 -0.3768 0.0209 0.2487 -0.1524 -0.2869 -0.3587 -0.3113 0.1309 0.1778 -0.2305 -0.3241 -0.3755 -0.0082 0.2337 -0.1369 -0.2814 -0.3552 -0.3335 0.1175 0.2255 -0.2210 -0.3193 -0.3741 -0.0398 0.2196 -0.1197 -0.2760 -0.3516 -0.3499 0.1039 0.2561 -0.2110 -0.3142 -0.3723 -0.0817 0.2054 -0.0980 -0.2704 -0.3476 -0.3616 0.0899 0.2716 -0.2007 -0.3089 -0.3707 -0.1872 0.0889 -0.1872 -0.3707 -0.3089 -0.2007 0.2716 0.0899 -0.3616 -0.3476 -0.2704 -0.0980 0.2054 -0.0817 -0.3723 -0.3142 -0.2110 0.2561 0.1039 -0.3499 -0.3516 -0.2760 -0.1197 0.2196 -0.0398 -0.3741 -0.3193 -0.2210 0.2255 0.1175 -0.3335 -0.3552 -0.2814 -0.1369 0.2337 -0.0082 -0.3755 -0.3241 -0.2305 0.1778 0.1309 -0.3113 -0.3587 -0.2869 -0.1524 0.2487 0.0209 -0.3768 -0.3306 -0.2463 0.0484 0.1600
0.0232 -0.2488 -0.3312 -0.3768 0.0185 0.2462 -0.1487 -0.2852 -0.3575 -0.3205 0.1255 0.2001 -0.2264 -0.3220 -0.3749 -0.0210 0.2276 -0.1299 -0.2791 -0.3537 -0.3411 0.1117 0.2406 -0.2168 -0.3172 -0.3734 -0.0561 0.2137 -0.1112 -0.2737 -0.3500 -0.3554 0.0981 0.2642 -0.2068 -0.3121 -0.3715 -0.1018 0.1996 -0.0872 -0.2681 -0.3459 -0.3653 0.0839 0.2744 -0.1964 -0.3068 -0.3694 -0.1667 0.1653 0.2724 0.1653 -0.1667 -0.3694 -0.3068 -0.1964 0.2744 0.0839 -0.3653 -0.3459 -0.2681 -0.0872 0.1996 -0.1018 -0.3715 -0.3121 -0.2068 0.2642 0.0981 -0.3554 -0.3500 -0.2737 -0.1112 0.2137 -0.0561 -0.3734 -0.3172 -0.2168 0.2406 0.1117 -0.3411 -0.3537 -0.2791 -0.1299 0.2276 -0.0210 -0.3749 -0.3220 -0.2264 0.2001 0.1255 -0.3205 -0.3575 -0.2852 -0.1487 0.2462 0.0185 -0.3768 -0.3312 -0.2488 0.0232
-0.2345 -0.3328 -0.3768 0.0209 0.2462 -0.1474 -0.2842 -0.3566 -0.3270 0.1210 0.2170 -0.2227 -0.3200 -0.3743 -0.0350 0.2216 -0.1223 -0.2767 -0.3521 -0.3478 0.1059 0.2526 -0.2126 -0.3150 -0.3726 -0.0742 0.2078 -0.1019 -0.2713 -0.3483 -0.3600 0.0922 0.2699 -0.2025 -0.3099 -0.3707 -0.1233 0.1938 -0.0749 -0.2657 -0.3441 -0.3684 0.0777 0.2754 -0.1920 -0.3047 -0.3684 -0.1796 0.1763 0.0251 -0.2001 0.0251 0.1763 -0.1796 -0.3684 -0.3047 -0.1920 0.2754 0.0777 -0.3684 -0.3441 -0.2657 -0.0749 0.1938 -0.1233 -0.3707 -0.3099 -0.2025 0.2699 0.0922 -0.3600 -0.3483 -0.2713 -0.1019 0.2078 -0.0742 -0.3726 -0.3150 -0.2126 0.2526 0.1059 -0.3478 -0.3521 -0.2767 -0.1223 0.2216 -0.0350 -0.3743 -0.3200 -0.2227 0.2170 0.1210 -0.3270 -0.3566 -0.2842 -0.1474 0.2462 0.0209 -0.3768 -0.3328 -0.2345
-0.3187 -0.3768 0.0270 0.2487 -0.1487 -0.2842 -0.3563 -0.3304 0.1179 0.2282 -0.2196 -0.3183 -0.3737 -0.0497 0.2158 -0.1142 -0.2744 -0.3505 -0.3536 0.1001 0.2617 -0.2084 -0.3129 -0.3718 -0.0939 0.2019 -0.0915 -0.2690 -0.3466 -0.3639 0.0862 0.2735 -0.1982 -0.3078 -0.3698 -0.1455 0.1881 -0.0609 -0.2633 -0.3423 -0.3709 0.0714 0.2751 -0.1875 -0.3025 -0.3674 -0.1992 0.1735 -0.0049 -0.2499 -0.3037 -0.2499 -0.0049 0.1735 -0.1992 -0.3674 -0.3025 -0.1875 0.2751 0.0714 -0.3709 -0.3423 -0.2633 -0.0609 0.1881 -0.1455 -0.3698 -0.3078 -0.1982 0.2735 0.0862 -0.3639 -0.3466 -0.2690 -0.0915 0.2019 -0.0939 -0.3718 -0.3129 -0.2084 0.2617 0.1001 -0.3536 -0.3505 -0.2744 -0.1142 0.2158 -0.0497 -0.3737 -0.3183 -0.2196 0.2282 0.1179 -0.3304 -0.3563 -0.2842 -0.1487 0.2487 0.0270 -0.3768 -0.3187
-0.3661 0.0349 0.2531 -0.1524 -0.2852 -0.3566 -0.3304 0.1168 0.2338 -0.2175 -0.3170 -0.3731 -0.0633 0.2107 -0.1060 -0.2722 -0.3488 -0.3584 0.0943 0.2682 -0.2041 -0.3107 -0.3710 -0.1150 0.1961 -0.0798 -0.2666 -0.3448 -0.3672 0.0801 0.2752 -0.1938 -0.3056 -0.3688 -0.1678 0.1824 -0.0447 -0.2610 -0.3405 -0.3729 0.0648 0.2734 -0.1828 -0.3003 -0.3663 -0.2193 0.1677 0.0091 -0.2535 -0.3337 -0.3775 -0.3337 -0.2535 0.0091 0.1677 -0.2193 -0.3663 -0.3003 -0.1828 0.2734 0.0648 -0.3729 -0.3405 -0.2610 -0.0447 0.1824 -0.1678 -0.3688 -0.3056 -0.1938 0.2752 0.0801 -0.3672 -0.3448 -0.2666 -0.0798 0.1961 -0.1150 -0.3710 -0.3107 -0.2041 0.2682 0.0943 -0.3584 -0.3488 -0.2722 -0.1060 0.2107 -0.0633 -0.3731 -0.3170 -0.2175 0.2338 0.1168 -0.3304 -0.3566 -0.2852 -0.1524 0.2531 0.0349 -0.3661
0.0362 0.2580 -0.1573 -0.2869 -0.3575 -0.3270 0.1179 0.2338 -0.2167 -0.3163 -0.3728 -0.0741 0.2066 -0.0985 -0.2703 -0.3473 -0.3624 0.0885 0.2724 -0.1998 -0.3086 -0.3701 -0.1370 0.1903 -0.0666 -0.2642 -0.3430 -0.3699 0.0739 0.2754 -0.1893 -0.3034 -0.3678 -0.1897 0.1768 -0.0260 -0.2586 -0.3386 -0.3744 0.0580 0.2708 -0.1781 -0.2980 -0.3651 -0.2383 0.1613 0.0333 -0.2510 -0.3335 -0.3803 -0.2333 -0.3803 -0.3335 -0.2510 0.0333 0.1613 -0.2383 -0.3651 -0.2980 -0.1781 0.2708 0.0580 -0.3744 -0.3386 -0.2586 -0.0260 0.1768 -0.1897 -0.3678 -0.3034 -0.1893 0.2754 0.0739 -0.3699 -0.3430 -0.2642 -0.0666 0.1903 -0.1370 -0.3701 -0.3086 -0.1998 0.2724 0.0885 -0.3624 -0.3473 -0.2703 -0.0985 0.2066 -0.0741 -0.3728 -0.3163 -0.2167 0.2338 0.1179 -0.3270 -0.3575 -0.2869 -0.1573 0.2580 0.0362
0.2591 -0.1626 -0.2890 -0.3587 -0.3205 0.1210 0.2282 -0.2175 -0.3163 -0.3726 -0.0801 0.2040 -0.0926 -0.2687 -0.3460 -0.3653 0.0833 0.2746 -0.1956 -0.3064 -0.3692 -0.1594 0.1846 -0.0514 -0.2619 -0.3412 -0.3721 0.0674 0.2742 -0.1847 -0.3012 -0.3667 -0.2107 0.1707 -0.0043 -0.2562 -0.3367 -0.3755 0.0508 0.2673 -0.1732 -0.2958 -0.3639 -0.2560 0.1549 0.0619 -0.2471 -0.3319 -0.3767 0.0077 0.1498 0.0077 -0.3767 -0.3319 -0.2471 0.0619 0.1549 -0.2560 -0.3639 -0.2958 -0.1732 0.2673 0.0508 -0.3755 -0.3367 -0.2562 -0.0043 0.1707 -0.2107 -0.3667 -0.3012 -0.1847 0.2742 0.0674 -0.3721 -0.3412 -0.2619 -0.0514 0.1846 -0.1594 -0.3692 -0.3064 -0.1956 0.2746 0.0833 -0.3653 -0.3460 -0.2687 -0.0926 0.2040 -0.0801 -0.3726 -0.3163 -0.2175 0.2282 0.1210 -0.3205 -0.3587 -0.2890 -0.1626 0.2591
-0.1611 -0.2912 -0.3600 -0.3113 0.1255 0.2170 -0.2196 -0.3170 -0.3728 -0.0801 0.2031 -0.0893 -0.2677 -0.3451 -0.3674 0.0788 0.2754 -0.1918 -0.3044 -0.3682 -0.1808 0.1790 -0.0337 -0.2595 -0.3393 -0.3738 0.0608 0.2719 -0.1800 -0.2990 -0.3656 -0.2305 0.1641 0.0206 -0.2530 -0.3348 -0.3763 0.0433 0.2631 -0.1682 -0.2935 -0.3627 -0.2721 0.1488 0.0924 -0.2429 -0.3300 -0.3768 0.0176 0.2328 0.1044 0.2328 0.0176 -0.3768 -0.3300 -0.2429 0.0924 0.1488 -0.2721 -0.3627 -0.2935 -0.1682 0.2631 0.0433 -0.3763 -0.3348 -0.2530 0.0206 0.1641 -0.2305 -0.3656 -0.2990 -0.1800 0.2719 0.0608 -0.3738 -0.3393 -0.2595 -0.0337 0.1790 -0.1808 -0.3682 -0.3044 -0.1918 0.2754 0.0788 -0.3674 -0.3451 -0.2677 -0.0893 0.2031 -0.0801 -0.3728 -0.3170 -0.2196 0.2170 0.1255 -0.3113 -0.3600 -0.2912 -0.1611
-0.2765 -0.3614 -0.2999 0.1309 0.2001 -0.2227 -0.3183 -0.3731 -0.0741 0.2040 -0.0893 -0.2674 -0.3446 -0.3685 0.0756 0.2754 -0.1886 -0.3027 -0.3673 -0.1999 0.1736 -0.0141 -0.2572 -0.3375 -0.3751 0.0538 0.2687 -0.1752 -0.2967 -0.3645 -0.2488 0.1577 0.0487 -0.2490 -0.3329 -0.3767 0.0353 0.2583 -0.1629 -0.2913 -0.3614 -0.2866 0.1427 0.1230 -0.2388 -0.3280 -0.3765 0.0119 0.2420 -0.1317 -0.2404 -0.1317 0.2420 0.0119 -0.3765 -0.3280 -0.2388 0.1230 0.1427 -0.2866 -0.3614 -0.2913 -0.1629 0.2583 0.0353 -0.3767 -0.3329 -0.2490 0.0487 0.1577 -0.2488 -0.3645 -0.2967 -0.1752 0.2687 0.0538 -0.3751 -0.3375 -0.2572 -0.0141 0.1736 -0.1999 -0.3673 -0.3027 -0.1886 0.2754 0.0756 -0.3685 -0.3446 -0.2674 -0.0893 0.2040 -0.0741 -0.3731 -0.3183 -0.2227 0.2001 0.1309 -0.2999 -0.3614 -0.2765
-0.3484 -0.2868 0.1367 0.1778 -0.2264 -0.3200 -0.3737 -0.0633 0.2066 -0.0926 -0.2677 -0.3446 -0.3689 0.0738 0.2751 -0.1863 -0.3014 -0.3666 -0.2155 0.1685 0.0064 -0.2548 -0.3357 -0.3760 0.0465 0.2649 -0.1702 -0.2945 -0.3632 -0.2655 0.1514 0.0790 -0.2448 -0.3309 -0.3768 0.0268 0.2531 -0.1575 -0.2890 -0.3601 -0.2996 0.1367 0.1519 -0.2346 -0.3260 -0.3761 0.0023 0.2385 -0.1394 -0.2777 -0.3296 -0.2777 -0.1394 0.2385 0.0023 -0.3761 -0.3260 -0.2346 0.1519 0.1367 -0.2996 -0.3601 -0.2890 -0.1575 0.2531 0.0268 -0.3768 -0.3309 -0.2448 0.0790 0.1514 -0.2655 -0.3632 -0.2945 -0.1702 0.2649 0.0465 -0.3760 -0.3357 -0.2548 0.0064 0.1685 -0.2155 -0.3666 -0.3014 -0.1863 0.2751 0.0738 -0.3689 -0.3446 -0.2677 -0.0926 0.2066 -0.0633 -0.3737 -0.3200 -0.2264 0.1778 0.1367 -0.2868 -0.3484
-0.2776 0.1428 0.1516 -0.2305 -0.3220 -0.3743 -0.0497 0.2107 -0.0985 -0.2687 -0.3451 -0.3685 0.0738 0.2749 -0.1850 -0.3005 -0.3660 -0.2271 0.1640 0.0260 -0.2519 -0.3340 -0.3765 0.0393 0.2605 -0.1652 -0.2923 -0.3619 -0.2807 0.1453 0.1098 -0.2406 -0.3289 -0.3767 0.0176 0.2476 -0.1517 -0.2868 -0.3587 -0.3112 0.1308 0.1780 -0.2305 -0.3240 -0.3755 -0.0091 0.2330 -0.1355 -0.2800 -0.3556 -0.3880 -0.3556 -0.2800 -0.1355 0.2330 -0.0091 -0.3755 -0.3240 -0.2305 0.1780 0.1308 -0.3112 -0.3587 -0.2868 -0.1517 0.2476 0.0176 -0.3767 -0.3289 -0.2406 0.1098 0.1453 -0.2807 -0.3619 -0.2923 -0.1652 0.2605 0.0393 -0.3765 -0.3340 -0.2519 0.0260 0.1640 -0.2271 -0.3660 -0.3005 -0.1850 0.2749 0.0738 -0.3685 -0.3451 -0.2687 -0.0985 0.2107 -0.0497 -0.3743 -0.3220 -0.2305 0.1516 0.1428 -0.2776
0.1453 0.1224 -0.2347 -0.3241 -0.3749 -0.0350 0.2158 -0.1060 -0.2703 -0.3460 -0.3674 0.0756 0.2751 -0.1850 -0.3002 -0.3657 -0.2343 0.1608 0.0422 -0.2491 -0.3326 -0.3768 0.0323 0.2561 -0.1603 -0.2901 -0.3607 -0.2940 0.1393 0.1394 -0.2364 -0.3269 -0.3763 0.0075 0.2418 -0.1457 -0.2845 -0.3572 -0.3216 0.1250 0.2009 -0.2263 -0.3219 -0.3749 -0.0219 0.2271 -0.1290 -0.2786 -0.3535 -0.3561 -0.0168 -0.3561 -0.3535 -0.2786 -0.1290 0.2271 -0.0219 -0.3749 -0.3219 -0.2263 0.2009 0.1250 -0.3216 -0.3572 -0.2845 -0.1457 0.2418 0.0075 -0.3763 -0.3269 -0.2364 0.1394 0.1393 -0.2940 -0.3607 -0.2901 -0.1603 0.2561 0.0323 -0.3768 -0.3326 -0.2491 0.0422 0.1608 -0.2343 -0.3657 -0.3002 -0.1850 0.2751 0.0756 -0.3674 -0.3460 -0.2703 -0.1060 0.2158 -0.0350 -0.3749 -0.3241 -0.2347 0.1224 0.1453
0.0887 -0.2389 -0.3261 -0.3755 -0.0210 0.2216 -0.1142 -0.2722 -0.3473 -0.3653 0.0788 0.2754 -0.1863 -0.3005 -0.3657 -0.2368 0.1592 0.0528 -0.2471 -0.3315 -0.3768 0.0261 0.2519 -0.1557 -0.2881 -0.3594 -0.3056 0.1337 0.1661 -0.2324 -0.3249 -0.3758 -0.0036 0.2359 -0.1393 -0.2822 -0.3558 -0.3307 0.1193 0.2204 -0.2222 -0.3198 -0.3742 -0.0361 0.2211 -0.1215 -0.2764 -0.3519 -0.3515 0.0891 0.2155 0.0891 -0.3515 -0.3519 -0.2764 -0.1215 0.2211 -0.0361 -0.3742 -0.3198 -0.2222 0.2204 0.1193 -0.3307 -0.3558 -0.2822 -0.1393 0.2359 -0.0036 -0.3758 -0.3249 -0.2324 0.1661 0.1337 -0.3056 -0.3594 -0.2881 -0.1557 0.2519 0.0261 -0.3768 -0.3315 -0.2471 0.0528 0.1592 -0.2368 -0.3657 -0.3005 -0.1863 0.2754 0.0788 -0.3653 -0.3473 -0.2722 -0.1142 0.2216 -0.0210 -0.3755 -0.3261 -0.2389 0.0887
-0.2267 -0.3282 -0.3761 -0.0082 0.2276 -0.1223 -0.2744 -0.3488 -0.3624 0.0833 0.2754 -0.1886 -0.3014 -0.3660 -0.2343 0.1592 0.0566 -0.2461 -0.3308 -0.3768 0.0210 0.2484 -0.1515 -0.2864 -0.3583 -0.3152 0.1284 0.1892 -0.2284 -0.3229 -0.3752 -0.0156 0.2300 -0.1325 -0.2799 -0.3543 -0.3387 0.1136 0.2364 -0.2180 -0.3177 -0.3736 -0.0520 0.2151 -0.1133 -0.2742 -0.3503 -0.3548 0.0959 0.2752 -0.1128 0.2752 0.0959 -0.3548 -0.3503 -0.2742 -0.1133 0.2151 -0.0520 -0.3736 -0.3177 -0.2180 0.2364 0.1136 -0.3387 -0.3543 -0.2799 -0.1325 0.2300 -0.0156 -0.3752 -0.3229 -0.2284 0.1892 0.1284 -0.3152 -0.3583 -0.2864 -0.1515 0.2484 0.0210 -0.3768 -0.3308 -0.2461 0.0566 0.1592 -0.2343 -0.3660 -0.3014 -0.1886 0.2754 0.0833 -0.3624 -0.3488 -0.2744 -0.1223 0.2276 -0.0082 -0.3761 -0.3282 -0.2267
-0.3141 -0.3766 0.0034 0.2337 -0.1299 -0.2767 -0.3505 -0.3584 0.0885 0.2746 -0.1918 -0.3027 -0.3666 -0.2271 0.1608 0.0528 -0.2461 -0.3305 -0.3768 0.0177 0.2459 -0.1483 -0.2849 -0.3572 -0.3228 0.1237 0.2078 -0.2247 -0.3210 -0.3746 -0.0285 0.2242 -0.1254 -0.2776 -0.3527 -0.3456 0.1078 0.2492 -0.2139 -0.3156 -0.3728 -0.0696 0.2092 -0.1042 -0.2719 -0.3486 -0.3591 0.0927 0.2714 -0.1925 -0.2712 -0.1925 0.2714 0.0927 -0.3591 -0.3486 -0.2719 -0.1042 0.2092 -0.0696 -0.3728 -0.3156 -0.2139 0.2492 0.1078 -0.3456 -0.3527 -0.2776 -0.1254 0.2242 -0.0285 -0.3746 -0.3210 -0.2247 0.2078 0.1237 -0.3228 -0.3572 -0.2849 -0.1483 0.2459 0.0177 -0.3768 -0.3305 -0.2461 0.0528 0.1608 -0.2271 -0.3666 -0.3027 -0.1918 0.2746 0.0885 -0.3584 -0.3505 -0.2767 -0.1299 0.2337 0.0034 -0.3766 -0.3141
-0.3657 0.0139 0.2397 -0.1369 -0.2791 -0.3521 -0.3536 0.0943 0.2724 -0.1956 -0.3044 -0.3673 -0.2155 0.1640 0.0422 -0.2471 -0.3308 -0.3768 0.0165 0.2445 -0.1462 -0.2839 -0.3565 -0.3285 0.1197 0.2218 -0.2214 -0.3192 -0.3740 -0.0423 0.2185 -0.1179 -0.2754 -0.3511 -0.3515 0.1022 0.2589 -0.2097 -0.3135 -0.3721 -0.0887 0.2033 -0.0942 -0.2695 -0.3470 -0.3631 0.0873 0.2733 -0.1969 -0.3037 -0.3536 -0.3037 -0.1969 0.2733 0.0873 -0.3631 -0.3470 -0.2695 -0.0942 0.2033 -0.0887 -0.3721 -0.3135 -0.2097 0.2589 0.1022 -0.3515 -0.3511 -0.2754 -0.1179 0.2185 -0.0423 -0.3740 -0.3192 -0.2214 0.2218 0.1197 -0.3285 -0.3565 -0.2839 -0.1462 0.2445 0.0165 -0.3768 -0.3308 -0.2471 0.0422 0.1640 -0.2155 -0.3673 -0.3044 -0.1956 0.2724 0.0943 -0.3536 -0.3521 -0.2791 -0.1369 0.2397 0.0139 -0.3657
0.0158 0.2456 -0.1435 -0.2814 -0.3537 -0.3478 0.1001 0.2682 -0.1998 -0.3064 -0.3682 -0.1999 0.1685 0.0260 -0.2491 -0.3315 -0.3768 0.0177 0.2445 -0.1455 -0.2834 -0.3559 -0.3322 0.1167 0.2317 -0.2185 -0.3177 -0.3734 -0.0561 0.2133 -0.1101 -0.2732 -0.3496 -0.3565 0.0966 0.2660 -0.2056 -0.3114 -0.3713 -0.1089 0.1976 -0.0830 -0.2672 -0.3452 -0.3665 0.0815 0.2750 -0.1942 -0.3051 -0.3724 -0.3740 -0.3724 -0.3051 -0.1942 0.2750 0.0815 -0.3665 -0.3452 -0.2672 -0.0830 0.1976 -0.1089 -0.3713 -0.3114 -0.2056 0.2660 0.0966 -0.3565 -0.3496 -0.2732 -0.1101 0.2133 -0.0561 -0.3734 -0.3177 -0.2185 0.2317 0.1167 -0.3322 -0.3559 -0.2834 -0.1455 0.2445 0.0177 -0.3768 -0.3315 -0.2491 0.0260 0.1685 -0.1999 -0.3682 -0.3064 -0.1998 0.2682 0.1001 -0.3478 -0.3537 -0.2814 -0.1435 0.2456 0.0158
0.2479 -0.1497 -0.2837 -0.3552 -0.3411 0.1059 0.2617 -0.2041 -0.3086 -0.3692 -0.1808 0.1736 0.0064 -0.2519 -0.3326 -0.3768 0.0210 0.2459 -0.1462 -0.2834 -0.3558 -0.3340 0.1148 0.2381 -0.2164 -0.3164 -0.3729 -0.0691 0.2086 -0.1024 -0.2712 -0.3481 -0.3607 0.0911 0.2709 -0.2015 -0.3094 -0.3704 -0.1298 0.1920 -0.0705 -0.2649 -0.3435 -0.3693 0.0753 0.2755 -0.1902 -0.3037 -0.3684 -0.2347 0.0754 -0.2347 -0.3684 -0.3037 -0.1902 0.2755 0.0753 -0.3693 -0.3435 -0.2649 -0.0705 0.1920 -0.1298 -0.3704 -0.3094 -0.2015 0.2709 0.0911 -0.3607 -0.3481 -0.2712 -0.1024 0.2086 -0.0691 -0.3729 -0.3164 -0.2164 0.2381 0.1148 -0.3340 -0.3558 -0.2834 -0.1462 0.2459 0.0210 -0.3768 -0.3326 -0.2519 0.0064 0.1736 -0.1808 -0.3692 -0.3086 -0.2041 0.2617 0.1059 -0.3411 -0.3552 -0.2837 -0.1497 0.2479
-0.1496 -0.2860 -0.3567 -0.3335 0.1117 0.2526 -0.2084 -0.3107 -0.3701 -0.1594 0.1790 -0.0141 -0.2548 -0.3340 -0.3768 0.0261 0.2484 -0.1483 -0.2839 -0.3559 -0.3340 0.1142 0.2411 -0.2150 -0.3155 -0.3725 -0.0803 0.2047 -0.0950 -0.2694 -0.3467 -0.3640 0.0856 0.2738 -0.1974 -0.3073 -0.3695 -0.1509 0.1866 -0.0567 -0.2626 -0.3417 -0.3716 0.0691 0.2746 -0.1858 -0.3016 -0.3670 -0.2168 0.1513 0.2710 0.1513 -0.2168 -0.3670 -0.3016 -0.1858 0.2746 0.0691 -0.3716 -0.3417 -0.2626 -0.0567 0.1866 -0.1509 -0.3695 -0.3073 -0.1974 0.2738 0.0856 -0.3640 -0.3467 -0.2694 -0.0950 0.2047 -0.0803 -0.3725 -0.3155 -0.2150 0.2411 0.1142 -0.3340 -0.3559 -0.2839 -0.1483 0.2484 0.0261 -0.3768 -0.3340 -0.2548 -0.0141 0.1790 -0.1594 -0.3701 -0.3107 -0.2084 0.2526 0.1117 -0.3335 -0.3567 -0.2860 -0.1496
-0.2712 -0.3582 -0.3247 0.1175 0.2406 -0.2126 -0.3129 -0.3710 -0.1370 0.1846 -0.0337 -0.2572 -0.3357 -0.3765 0.0323 0.2519 -0.1515 -0.2849 -0.3565 -0.3322 0.1148 0.2411 -0.2145 -0.3151 -0.3723 -0.0886 0.2017 -0.0885 -0.2679 -0.3454 -0.3666 0.0807 0.2752 -0.1934 -0.3053 -0.3686 -0.1720 0.1812 -0.0408 -0.2604 -0.3400 -0.3733 0.0628 0.2727 -0.1813 -0.2995 -0.3659 -0.2283 0.1610 0.0951 -0.1877 0.0951 0.1610 -0.2283 -0.3659 -0.2995 -0.1813 0.2727 0.0628 -0.3733 -0.3400 -0.2604 -0.0408 0.1812 -0.1720 -0.3686 -0.3053 -0.1934 0.2752 0.0807 -0.3666 -0.3454 -0.2679 -0.0885 0.2017 -0.0886 -0.3723 -0.3151 -0.2145 0.2411 0.1148 -0.3322 -0.3565 -0.2849 -0.1515 0.2519 0.0323 -0.3765 -0.3357 -0.2572 -0.0337 0.1846 -0.1370 -0.3710 -0.3129 -0.2126 0.2406 0.1175 -0.3247 -0.3582 -0.2712
-0.3450 -0.3147 0.1233 0.2255 -0.2168 -0.3150 -0.3718 -0.1150 0.1903 -0.0514 -0.2595 -0.3375 -0.3760 0.0393 0.2561 -0.1557 -0.2864 -0.3572 -0.3285 0.1167 0.2381 -0.2150 -0.3151 -0.3722 -0.0930 0.1998 -0.0837 -0.2667 -0.3444 -0.3685 0.0763 0.2755 -0.1898 -0.3034 -0.3677 -0.1920 0.1759 -0.0224 -0.2581 -0.3382 -0.3747 0.0563 0.2699 -0.1767 -0.2974 -0.3648 -0.2448 0.1582 0.0582 -0.2402 -0.2982 -0.2402 0.0582 0.1582 -0.2448 -0.3648 -0.2974 -0.1767 0.2699 0.0563 -0.3747 -0.3382 -0.2581 -0.0224 0.1759 -0.1920 -0.3677 -0.3034 -0.1898 0.2755 0.0763 -0.3685 -0.3444 -0.2667 -0.0837 0.1998 -0.0930 -0.3722 -0.3151 -0.2150 0.2381 0.1167 -0.3285 -0.3572 -0.2864 -0.1557 0.2561 0.0393 -0.3760 -0.3375 -0.2595 -0.0514 0.1903 -0.1150 -0.3718 -0.3150 -0.2168 0.2255 0.1233 -0.3147 -0.3450
-0.3054 0.1292 0.2070 -0.2210 -0.3172 -0.3726 -0.0939 0.1961 -0.0666 -0.2619 -0.3393 -0.3751 0.0465 0.2605 -0.1603 -0.2881 -0.3583 -0.3228 0.1197 0.2317 -0.2164 -0.3155 -0.3723 -0.0930 0.1992 -0.0811 -0.2659 -0.3436 -0.3698 0.0728 0.2751 -0.1867 -0.3018 -0.3669 -0.2096 0.1706 -0.0023 -0.2559 -0.3364 -0.3757 0.0494 0.2664 -0.1721 -0.2953 -0.3636 -0.2609 0.1528 0.0752 -0.2438 -0.3287 -0.3740 -0.3287 -0.2438 0.0752 0.1528 -0.2609 -0.3636 -0.2953 -0.1721 0.2664 0.0494 -0.3757 -0.3364 -0.2559 -0.0023 0.1706 -0.2096 -0.3669 -0.3018 -0.1867 0.2751 0.0728 -0.3698 -0.3436 -0.2659 -0.0811 0.1992 -0.0930 -0.3723 -0.3155 -0.2164 0.2317 0.1197 -0.3228 -0.3583 -0.2881 -0.1603 0.2605 0.0465 -0.3751 -0.3393 -0.2619 -0.0666 0.1961 -0.0939 -0.3726 -0.3172 -0.2210 0.2070 0.1292 -0.3054
0.1313 0.1849 -0.2252 -0.3193 -0.3734 -0.0742 0.2019 -0.0798 -0.2642 -0.3412 -0.3738 0.0538 0.2649 -0.1652 -0.2901 -0.3594 -0.3152 0.1237 0.2218 -0.2185 -0.3164 -0.3725 -0.0886 0.1998 -0.0811 -0.2657 -0.3433 -0.3705 0.0702 0.2744 -0.1841 -0.3004 -0.3661 -0.2243 0.1655 0.0184 -0.2531 -0.3347 -0.3764 0.0422 0.2623 -0.1672 -0.2931 -0.3624 -0.2757 0.1471 0.1021 -0.2412 -0.3288 -0.3803 -0.2743 -0.3803 -0.3288 -0.2412 0.1021 0.1471 -0.2757 -0.3624 -0.2931 -0.1672 0.2623 0.0422 -0.3764 -0.3347 -0.2531 0.0184 0.1655 -0.2243 -0.3661 -0.3004 -0.1841 0.2744 0.0702 -0.3705 -0.3433 -0.2657 -0.0811 0.1998 -0.0886 -0.3725 -0.3164 -0.2185 0.2218 0.1237 -0.3152 -0.3594 -0.2901 -0.1652 0.2649 0.0538 -0.3738 -0.3412 -0.2642 -0.0798 0.2019 -0.0742 -0.3734 -0.3193 -0.2252 0.1849 0.1313
0.1550 -0.2293 -0.3214 -0.3741 -0.0561 0.2078 -0.0915 -0.2666 -0.3430 -0.3721 0.0608 0.2687 -0.1702 -0.2923 -0.3607 -0.3056 0.1284 0.2078 -0.2214 -0.3177 -0.3729 -0.0803 0.2017 -0.0837 -0.2659 -0.3433 -0.3708 0.0688 0.2739 -0.1823 -0.2993 -0.3655 -0.2361 0.1610 0.0384 -0.2500 -0.3331 -0.3767 0.0350 0.2578 -0.1623 -0.2910 -0.3612 -0.2892 0.1414 0.1302 -0.2376 -0.3273 -0.3762 -0.0192 0.1366 -0.0192 -0.3762 -0.3273 -0.2376 0.1302 0.1414 -0.2892 -0.3612 -0.2910 -0.1623 0.2578 0.0350 -0.3767 -0.3331 -0.2500 0.0384 0.1610 -0.2361 -0.3655 -0.2993 -0.1823 0.2739 0.0688 -0.3708 -0.3433 -0.2659 -0.0837 0.2017 -0.0803 -0.3729 -0.3177 -0.2214 0.2078 0.1284 -0.3056 -0.3607 -0.2923 -0.1702 0.2687 0.0608 -0.3721 -0.3430 -0.2666 -0.0915 0.2078 -0.0561 -0.3741 -0.3214 -0.2293 0.1550
-0.2188 -0.3235 -0.3747 -0.0398 0.2137 -0.1019 -0.2690 -0.3448 -0.3699 0.0674 0.2719 -0.1752 -0.2945 -0.3619 -0.2940 0.1337 0.1892 -0.2247 -0.3192 -0.3734 -0.0691 0.2047 -0.0885 -0.2667 -0.3436 -0.3705 0.0688 0.2736 -0.1812 -0.2986 -0.3650 -0.2449 0.1575 0.0566 -0.2471 -0.3317 -0.3768 0.0280 0.2534 -0.1573 -0.2889 -0.3599 -0.3012 0.1358 0.1569 -0.2337 -0.3255 -0.3758 -0.0067 0.2179 0.1700 0.2179 -0.0067 -0.3758 -0.3255 -0.2337 0.1569 0.1358 -0.3012 -0.3599 -0.2889 -0.1573 0.2534 0.0280 -0.3768 -0.3317 -0.2471 0.0566 0.1575 -0.2449 -0.3650 -0.2986 -0.1812 0.2736 0.0688 -0.3705 -0.3436 -0.2667 -0.0885 0.2047 -0.0691 -0.3734 -0.3192 -0.2247 0.1892 0.1337 -0.2940 -0.3619 -0.2945 -0.1752 0.2719 0.0674 -0.3699 -0.3448 -0.2690 -0.1019 0.2137 -0.0398 -0.3747 -0.3235 -0.2188
-0.3093 -0.3754 -0.0252 0.2196 -0.1112 -0.2713 -0.3466 -0.3672 0.0739 0.2742 -0.1800 -0.2967 -0.3632 -0.2807 0.1393 0.1661 -0.2284 -0.3210 -0.3740 -0.0561 0.2086 -0.0950 -0.2679 -0.3444 -0.3698 0.0702 0.2739 -0.1812 -0.2984 -0.3648 -0.2502 0.1550 0.0709 -0.2448 -0.3305 -0.3768 0.0216 0.2492 -0.1527 -0.2869 -0.3587 -0.3118 0.1304 0.1808 -0.2298 -0.3236 -0.3754 -0.0133 0.2284 -0.1137 -0.2326 -0.1137 0.2284 -0.0133 -0.3754 -0.3236 -0.2298 0.1808 0.1304 -0.3118 -0.3587 -0.2869 -0.1527 0.2492 0.0216 -0.3768 -0.3305 -0.2448 0.0709 0.1550 -0.2502 -0.3648 -0.2984 -0.1812 0.2739 0.0702 -0.3698 -0.3444 -0.2679 -0.0950 0.2086 -0.0561 -0.3740 -0.3210 -0.2284 0.1661 0.1393 -0.2807 -0.3632 -0.2967 -0.1800 0.2742 0.0739 -0.3672 -0.3466 -0.2713 -0.1112 0.2196 -0.0252 -0.3754 -0.3093
-0.3642 -0.0120 0.2256 -0.1197 -0.2737 -0.3483 -0.3639 0.0801 0.2754 -0.1847 -0.2990 -0.3645 -0.2655 0.1453 0.1394 -0.2324 -0.3229 -0.3746 -0.0423 0.2133 -0.1024 -0.2694 -0.3454 -0.3685 0.0728 0.2744 -0.1823 -0.2986 -0.3648 -0.2519 0.1537 0.0801 -0.2431 -0.3295 -0.3767 0.0158 0.2455 -0.1484 -0.2852 -0.3575 -0.3206 0.1253 0.2013 -0.2261 -0.3217 -0.3748 -0.0244 0.2253 -0.1236 -0.2724 -0.3244 -0.2724 -0.1236 0.2253 -0.0244 -0.3748 -0.3217 -0.2261 0.2013 0.1253 -0.3206 -0.3575 -0.2852 -0.1484 0.2455 0.0158 -0.3767 -0.3295 -0.2431 0.0801 0.1537 -0.2519 -0.3648 -0.2986 -0.1823 0.2744 0.0728 -0.3685 -0.3454 -0.2694 -0.1024 0.2133 -0.0423 -0.3746 -0.3229 -0.2324 0.1394 0.1453 -0.2655 -0.3645 -0.2990 -0.1847 0.2754 0.0801 -0.3639 -0.3483 -0.2737 -0.1197 0.2256 -0.0120 -0.3642
-0.0094 0.2317 -0.1275 -0.2760 -0.3500 -0.3600 0.0862 0.2752 -0.1893 -0.3012 -0.3656 -0.2488 0.1514 0.1098 -0.2364 -0.3249 -0.3752 -0.0285 0.2185 -0.1101 -0.2712 -0.3467 -0.3666 0.0763 0.2751 -0.1841 -0.2993 -0.3650 -0.2502 0.1537 0.0833 -0.2423 -0.3289 -0.3766 0.0112 0.2424 -0.1448 -0.2837 -0.3565 -0.3278 0.1206 0.2181 -0.2224 -0.3199 -0.3742 -0.0373 0.2202 -0.1194 -0.2749 -0.3515 -0.3869 -0.3515 -0.2749 -0.1194 0.2202 -0.0373 -0.3742 -0.3199 -0.2224 0.2181 0.1206 -0.3278 -0.3565 -0.2837 -0.1448 0.2424 0.0112 -0.3766 -0.3289 -0.2423 0.0833 0.1537 -0.2502 -0.3650 -0.2993 -0.1841 0.2751 0.0763 -0.3666 -0.3467 -0.2712 -0.1101 0.2185 -0.0285 -0.3752 -0.3249 -0.2364 0.1098 0.1514 -0.2488 -0.3656 -0.3012 -0.1893 0.2752 0.0862 -0.3600 -0.3500 -0.2760 -0.1275 0.2317 -0.0094
0.2348 -0.1347 -0.2783 -0.3516 -0.3554 0.0922 0.2735 -0.1938 -0.3034 -0.3667 -0.2305 0.1577 0.0790 -0.2406 -0.3269 -0.3758 -0.0156 0.2242 -0.1179 -0.2732 -0.3481 -0.3640 0.0807 0.2755 -0.1867 -0.3004 -0.3655 -0.2449 0.1550 0.0801 -0.2423 -0.3287 -0.3765 0.0082 0.2402 -0.1420 -0.2825 -0.3556 -0.3332 0.1166 0.2307 -0.2191 -0.3181 -0.3736 -0.0513 0.2150 -0.1125 -0.2737 -0.3500 -0.3653 -0.0482 -0.3653 -0.3500 -0.2737 -0.1125 0.2150 -0.0513 -0.3736 -0.3181 -0.2191 0.2307 0.1166 -0.3332 -0.3556 -0.2825 -0.1420 0.2402 0.0082 -0.3765 -0.3287 -0.2423 0.0801 0.1550 -0.2449 -0.3655 -0.3004 -0.1867 0.2755 0.0807 -0.3640 -0.3481 -0.2732 -0.1179 0.2242 -0.0156 -0.3758 -0.3269 -0.2406 0.0790 0.1577 -0.2305 -0.3667 -0.3034 -0.1938 0.2735 0.0922 -0.3554 -0.3516 -0.2783 -0.1347 0.2348
-0.1363 -0.2806 -0.3532 -0.3499 0.0981 0.2699 -0.1982 -0.3056 -0.3678 -0.2107 0.1641 0.0487 -0.2448 -0.3289 -0.3763 -0.0036 0.2300 -0.1254 -0.2754 -0.3496 -0.3607 0.0856 0.2752 -0.1898 -0.3018 -0.3661 -0.2361 0.1575 0.0709 -0.2431 -0.3289 -0.3765 0.0071 0.2390 -0.1401 -0.2816 -0.3549 -0.3373 0.1133 0.2399 -0.2163 -0.3165 -0.3730 -0.0656 0.2100 -0.1047 -0.2718 -0.3485 -0.3615 0.0765 0.2027 0.0765 -0.3615 -0.3485 -0.2718 -0.1047 0.2100 -0.0656 -0.3730 -0.3165 -0.2163 0.2399 0.1133 -0.3373 -0.3549 -0.2816 -0.1401 0.2390 0.0071 -0.3765 -0.3289 -0.2431 0.0709 0.1575 -0.2361 -0.3661 -0.3018 -0.1898 0.2752 0.0856 -0.3607 -0.3496 -0.2754 -0.1254 0.2300 -0.0036 -0.3763 -0.3289 -0.2448 0.0487 0.1641 -0.2107 -0.3678 -0.3056 -0.1982 0.2699 0.0981 -0.3499 -0.3532 -0.2806 -0.1363
-0.2657 -0.3547 -0.3436 0.1039 0.2642 -0.2025 -0.3078 -0.3688 -0.1897 0.1707 0.0206 -0.2490 -0.3309 -0.3767 0.0075 0.2359 -0.1325 -0.2776 -0.3511 -0.3565 0.0911 0.2738 -0.1934 -0.3034 -0.3669 -0.2243 0.1610 0.0566 -0.2448 -0.3295 -0.3766 0.0082 0.2390 -0.1394 -0.2812 -0.3545 -0.3401 0.1107 0.2464 -0.2139 -0.3152 -0.3725 -0.0793 0.2054 -0.0968 -0.2699 -0.3471 -0.3635 0.0838 0.2754 -0.0910 0.2754 0.0838 -0.3635 -0.3471 -0.2699 -0.0968 0.2054 -0.0793 -0.3725 -0.3152 -0.2139 0.2464 0.1107 -0.3401 -0.3545 -0.2812 -0.1394 0.2390 0.0082 -0.3766 -0.3295 -0.2448 0.0566 0.1610 -0.2243 -0.3669 -0.3034 -0.1934 0.2738 0.0911 -0.3565 -0.3511 -0.2776 -0.1325 0.2359 0.0075 -0.3767 -0.3309 -0.2490 0.0206 0.1707 -0.1897 -0.3688 -0.3078 -0.2025 0.2642 0.1039 -0.3436 -0.3547 -0.2657
-0.3414 -0.3363 0.1097 0.2561 -0.2068 -0.3099 -0.3698 -0.1678 0.1768 -0.0043 -0.2530 -0.3329 -0.3768 0.0176 0.2418 -0.1393 -0.2799 -0.3527 -0.3515 0.0966 0.2709 -0.1974 -0.3053 -0.3677 -0.2096 0.1655 0.0384 -0.2471 -0.3305 -0.3767 0.0112 0.2402 -0.1401 -0.2812 -0.3543 -0.3414 0.1091 0.2506 -0.2120 -0.3141 -0.3721 -0.0917 0.2015 -0.0890 -0.2681 -0.3457 -0.3660 0.0813 0.2755 -0.1831 -0.2662 -0.1831 0.2755 0.0813 -0.3660 -0.3457 -0.2681 -0.0890 0.2015 -0.0917 -0.3721 -0.3141 -0.2120 0.2506 0.1091 -0.3414 -0.3543 -0.2812 -0.1401 0.2402 0.0112 -0.3767 -0.3305 -0.2471 0.0384 0.1655 -0.2096 -0.3677 -0.3053 -0.1974 0.2709 0.0966 -0.3515 -0.3527 -0.2799 -0.1393 0.2418 0.0176 -0.3768 -0.3329 -0.2530 -0.0043 0.1768 -0.1678 -0.3698 -0.3099 -0.2068 0.2561 0.1097 -0.3363 -0.3414
-0.3269 0.1155 0.2453 -0.2110 -0.3121 -0.3707 -0.1455 0.1824 -0.0260 -0.2562 -0.3348 -0.3767 0.0268 0.2476 -0.1457 -0.2822 -0.3543 -0.3456 0.1022 0.2660 -0.2015 -0.3073 -0.3686 -0.1920 0.1706 0.0184 -0.2500 -0.3317 -0.3768 0.0158 0.2424 -0.1420 -0.2816 -0.3545 -0.3414 0.1086 0.2527 -0.2108 -0.3133 -0.3717 -0.1021 0.1981 -0.0817 -0.2665 -0.3444 -0.3683 0.0770 0.2755 -0.1885 -0.2992 -0.3495 -0.2992 -0.1885 0.2755 0.0770 -0.3683 -0.3444 -0.2665 -0.0817 0.1981 -0.1021 -0.3717 -0.3133 -0.2108 0.2527 0.1086 -0.3414 -0.3545 -0.2816 -0.1420 0.2424 0.0158 -0.3768 -0.3317 -0.2500 0.0184 0.1706 -0.1920 -0.3686 -0.3073 -0.2015 0.2660 0.1022 -0.3456 -0.3543 -0.2822 -0.1457 0.2476 0.0268 -0.3767 -0.3348 -0.2562 -0.0260 0.1824 -0.1455 -0.3707 -0.3121 -0.2110 0.2453 0.1155 -0.3269
0.1172 0.2315 -0.2152 -0.3142 -0.3715 -0.1233 0.1881 -0.0447 -0.2586 -0.3367 -0.3763 0.0353 0.2531 -0.1517 -0.2845 -0.3558 -0.3387 0.1078 0.2589 -0.2056 -0.3094 -0.3695 -0.1720 0.1759 -0.0023 -0.2531 -0.3331 -0.3768 0.0216 0.2455 -0.1448 -0.2825 -0.3549 -0.3401 0.1091 0.2527 -0.2104 -0.3129 -0.3715 -0.1097 0.1956 -0.0754 -0.2652 -0.3433 -0.3700 0.0727 0.2751 -0.1867 -0.3012 -0.3700 -0.3801 -0.3700 -0.3012 -0.1867 0.2751 0.0727 -0.3700 -0.3433 -0.2652 -0.0754 0.1956 -0.1097 -0.3715 -0.3129 -0.2104 0.2527 0.1091 -0.3401 -0.3549 -0.2825 -0.1448 0.2455 0.0216 -0.3768 -0.3331 -0.2531 -0.0023 0.1759 -0.1720 -0.3695 -0.3094 -0.2056 0.2589 0.1078 -0.3387 -0.3558 -0.2845 -0.1517 0.2531 0.0353 -0.3763 -0.3367 -0.2586 -0.0447 0.1881 -0.1233 -0.3715 -0.3142 -0.2152 0.2315 0.1172
0.2092 -0.2194 -0.3164 -0.3723 -0.1018 0.1938 -0.0609 -0.2610 -0.3386 -0.3755 0.0433 0.2583 -0.1575 -0.2868 -0.3572 -0.3307 0.1136 0.2492 -0.2097 -0.3114 -0.3704 -0.1509 0.1812 -0.0224 -0.2559 -0.3347 -0.3767 0.0280 0.2492 -0.1484 -0.2837 -0.3556 -0.3373 0.1107 0.2506 -0.2108 -0.3129 -0.3714 -0.1136 0.1941 -0.0707 -0.2642 -0.3424 -0.3712 0.0688 0.2742 -0.1839 -0.3003 -0.3665 -0.2650 0.0643 -0.2650 -0.3665 -0.3003 -0.1839 0.2742 0.0688 -0.3712 -0.3424 -0.2642 -0.0707 0.1941 -0.1136 -0.3714 -0.3129 -0.2108 0.2506 0.1107 -0.3373 -0.3556 -0.2837 -0.1484 0.2492 0.0280 -0.3767 -0.3347 -0.2559 -0.0224 0.1812 -0.1509 -0.3704 -0.3114 -0.2097 0.2492 0.1136 -0.3307 -0.3572 -0.2868 -0.1575 0.2583 0.0433 -0.3755 -0.3386 -0.2610 -0.0609 0.1938 -0.1018 -0.3723 -0.3164 -0.2194 0.2092
-0.2105 -0.3185 -0.3731 -0.0817 0.1996 -0.0749 -0.2633 -0.3405 -0.3744 0.0508 0.2631 -0.1629 -0.2890 -0.3587 -0.3216 0.1193 0.2364 -0.2139 -0.3135 -0.3713 -0.1298 0.1866 -0.0408 -0.2581 -0.3364 -0.3764 0.0350 0.2534 -0.1527 -0.2852 -0.3565 -0.3332 0.1133 0.2464 -0.2120 -0.3133 -0.3715 -0.1136 0.1935 -0.0681 -0.2635 -0.3418 -0.3721 0.0656 0.2731 -0.1811 -0.2990 -0.3655 -0.2453 0.1421 0.2662 0.1421 -0.2453 -0.3655 -0.2990 -0.1811 0.2731 0.0656 -0.3721 -0.3418 -0.2635 -0.0681 0.1935 -0.1136 -0.3715 -0.3133 -0.2120 0.2464 0.1133 -0.3332 -0.3565 -0.2852 -0.1527 0.2534 0.0350 -0.3764 -0.3364 -0.2581 -0.0408 0.1866 -0.1298 -0.3713 -0.3135 -0.2139 0.2364 0.1193 -0.3216 -0.3587 -0.2890 -0.1629 0.2631 0.0508 -0.3744 -0.3405 -0.2633 -0.0749 0.1996 -0.0817 -0.3731 -0.3185 -0.2105
-0.3042 -0.3738 -0.0631 0.2054 -0.0872 -0.2657 -0.3423 -0.3729 0.0580 0.2673 -0.1682 -0.2913 -0.3601 -0.3112 0.1250 0.2204 -0.2180 -0.3156 -0.3721 -0.1089 0.1920 -0.0567 -0.2604 -0.3382 -0.3757 0.0422 0.2578 -0.1573 -0.2869 -0.3575 -0.3278 0.1166 0.2399 -0.2139 -0.3141 -0.3717 -0.1097 0.1941 -0.0681 -0.2633 -0.3415 -0.3726 0.0633 0.2721 -0.1789 -0.2978 -0.3648 -0.2495 0.1527 0.1394 -0.1793 0.1394 0.1527 -0.2495 -0.3648 -0.2978 -0.1789 0.2721 0.0633 -0.3726 -0.3415 -0.2633 -0.0681 0.1941 -0.1097 -0.3717 -0.3141 -0.2139 0.2399 0.1166 -0.3278 -0.3575 -0.2869 -0.1573 0.2578 0.0422 -0.3757 -0.3382 -0.2604 -0.0567 0.1920 -0.1089 -0.3721 -0.3156 -0.2180 0.2204 0.1250 -0.3112 -0.3601 -0.2913 -0.1682 0.2673 0.0580 -0.3729 -0.3423 -0.2657 -0.0872 0.2054 -0.0631 -0.3738 -0.3042
-0.3622 -0.0460 0.2114 -0.0980 -0.2681 -0.3441 -0.3709 0.0648 0.2708 -0.1732 -0.2935 -0.3614 -0.2996 0.1308 0.2009 -0.2222 -0.3177 -0.3728 -0.0887 0.1976 -0.0705 -0.2626 -0.3400 -0.3747 0.0494 0.2623 -0.1623 -0.2889 -0.3587 -0.3206 0.1206 0.2307 -0.2163 -0.3152 -0.3721 -0.1021 0.1956 -0.0707 -0.2635 -0.3415 -0.3728 0.0621 0.2713 -0.1773 -0.2969 -0.3642 -0.2570 0.1524 0.0925 -0.2347 -0.2949 -0.2347 0.0925 0.1524 -0.2570 -0.3642 -0.2969 -0.1773 0.2713 0.0621 -0.3728 -0.3415 -0.2635 -0.0707 0.1956 -0.1021 -0.3721 -0.3152 -0.2163 0.2307 0.1206 -0.3206 -0.3587 -0.2889 -0.1623 0.2623 0.0494 -0.3747 -0.3400 -0.2626 -0.0705 0.1976 -0.0887 -0.3728 -0.3177 -0.2222 0.2009 0.1308 -0.2996 -0.3614 -0.2935 -0.1732 0.2708 0.0648 -0.3709 -0.3441 -0.2681 -0.0980 0.2114 -0.0460 -0.3622
-0.0422 0.2174 -0.1077 -0.2704 -0.3459 -0.3684 0.0714 0.2734 -0.1781 -0.2958 -0.3627 -0.2866 0.1367 0.1780 -0.2263 -0.3198 -0.3736 -0.0696 0.2033 -0.0830 -0.2649 -0.3417 -0.3733 0.0563 0.2664 -0.1672 -0.2910 -0.3599 -0.3118 0.1253 0.2181 -0.2191 -0.3165 -0.3725 -0.0917 0.1981 -0.0754 -0.2642 -0.3418 -0.3726 0.0621 0.2711 -0.1764 -0.2964 -0.3638 -0.2632 0.1503 0.0956 -0.2401 -0.3263 -0.3721 -0.3263 -0.2401 0.0956 0.1503 -0.2632 -0.3638 -0.2964 -0.1764 0.2711 0.0621 -0.3726 -0.3418 -0.2642 -0.0754 0.1981 -0.0917 -0.3725 -0.3165 -0.2191 0.2181 0.1253 -0.3118 -0.3599 -0.2910 -0.1672 0.2664 0.0563 -0.3733 -0.3417 -0.2649 -0.0830 0.2033 -0.0696 -0.3736 -0.3198 -0.2263 0.1780 0.1367 -0.2866 -0.3627 -0.2958 -0.1781 0.2734 0.0714 -0.3684 -0.3459 -0.2704 -0.1077 0.2174 -0.0422
0.2207 -0.1165 -0.2728 -0.3476 -0.3653 0.0777 0.2751 -0.1828 -0.2980 -0.3639 -0.2721 0.1427 0.1519 -0.2305 -0.3219 -0.3742 -0.0520 0.2092 -0.0942 -0.2672 -0.3435 -0.3716 0.0628 0.2699 -0.1721 -0.2931 -0.3612 -0.3012 0.1304 0.2013 -0.2224 -0.3181 -0.3730 -0.0793 0.2015 -0.0817 -0.2652 -0.3424 -0.3721 0.0633 0.2713 -0.1764 -0.2961 -0.3635 -0.2674 0.1484 0.1050 -0.2397 -0.3276 -0.3802 -0.2884 -0.3802 -0.3276 -0.2397 0.1050 0.1484 -0.2674 -0.3635 -0.2961 -0.1764 0.2713 0.0633 -0.3721 -0.3424 -0.2652 -0.0817 0.2015 -0.0793 -0.3730 -0.3181 -0.2224 0.2013 0.1304 -0.3012 -0.3612 -0.2931 -0.1721 0.2699 0.0628 -0.3716 -0.3435 -0.2672 -0.0942 0.2092 -0.0520 -0.3742 -0.3219 -0.2305 0.1519 0.1427 -0.2721 -0.3639 -0.2980 -0.1828 0.2751 0.0777 -0.3653 -0.3476 -0.2728 -0.1165 0.2207
-0.1203 -0.2751 -0.3493 -0.3616 0.0839 0.2754 -0.1875 -0.3003 -0.3651 -0.2560 0.1488 0.1230 -0.2346 -0.3240 -0.3749 -0.0361 0.2151 -0.1042 -0.2695 -0.3452 -0.3693 0.0691 0.2727 -0.1767 -0.2953 -0.3624 -0.2892 0.1358 0.1808 -0.2261 -0.3199 -0.3736 -0.0656 0.2054 -0.0890 -0.2665 -0.3433 -0.3712 0.0656 0.2721 -0.1773 -0.2964 -0.3635 -0.2688 0.1474 0.1121 -0.2386 -0.3272 -0.3761 -0.0265 0.1331 -0.0265 -0.3761 -0.3272 -0.2386 0.1121 0.1474 -0.2688 -0.3635 -0.2964 -0.1773 0.2721 0.0656 -0.3712 -0.3433 -0.2665 -0.0890 0.2054 -0.0656 -0.3736 -0.3199 -0.2261 0.1808 0.1358 -0.2892 -0.3624 -0.2953 -0.1767 0.2727 0.0691 -0.3693 -0.3452 -0.2695 -0.1042 0.2151 -0.0361 -0.3749 -0.3240 -0.2346 0.1230 0.1488 -0.2560 -0.3651 -0.3003 -0.1875 0.2754 0.0839 -0.3616 -0.3493 -0.2751 -0.1203
-0.2600 -0.3510 -0.3572 0.0899 0.2744 -0.1920 -0.3025 -0.3663 -0.2383 0.1549 0.0924 -0.2388 -0.3260 -0.3755 -0.0219 0.2211 -0.1133 -0.2719 -0.3470 -0.3665 0.0753 0.2746 -0.1813 -0.2974 -0.3636 -0.2757 0.1414 0.1569 -0.2298 -0.3217 -0.3742 -0.0513 0.2100 -0.0968 -0.2681 -0.3444 -0.3700 0.0688 0.2731 -0.1789 -0.2969 -0.3638 -0.2674 0.1474 0.1147 -0.2380 -0.3268 -0.3760 -0.0067 0.2163 0.1789 0.2163 -0.0067 -0.3760 -0.3268 -0.2380 0.1147 0.1474 -0.2674 -0.3638 -0.2969 -0.1789 0.2731 0.0688 -0.3700 -0.3444 -0.2681 -0.0968 0.2100 -0.0513 -0.3742 -0.3217 -0.2298 0.1569 0.1414 -0.2757 -0.3636 -0.2974 -0.1813 0.2746 0.0753 -0.3665 -0.3470 -0.2719 -0.1133 0.2211 -0.0219 -0.3755 -0.3260 -0.2388 0.0924 0.1549 -0.2383 -0.3663 -0.3025 -0.1920 0.2744 0.0899 -0.3572 -0.3510 -0.2600
-0.3375 -0.3522 0.0957 0.2716 -0.1964 -0.3047 -0.3674 -0.2193 0.1613 0.0619 -0.2429 -0.3280 -0.3761 -0.0091 0.2271 -0.1215 -0.2742 -0.3486 -0.3631 0.0815 0.2755 -0.1858 -0.2995 -0.3648 -0.2609 0.1471 0.1302 -0.2337 -0.3236 -0.3748 -0.0373 0.2150 -0.1047 -0.2699 -0.3457 -0.3683 0.0727 0.2742 -0.1811 -0.2978 -0.3642 -0.2632 0.1484 0.1121 -0.2380 -0.3267 -0.3760 -0.0048 0.2306 -0.1145 -0.2322 -0.1145 0.2306 -0.0048 -0.3760 -0.3267 -0.2380 0.1121 0.1484 -0.2632 -0.3642 -0.2978 -0.1811 0.2742 0.0727 -0.3683 -0.3457 -0.2699 -0.1047 0.2150 -0.0373 -0.3748 -0.3236 -0.2337 0.1302 0.1471 -0.2609 -0.3648 -0.2995 -0.1858 0.2755 0.0815 -0.3631 -0.3486 -0.2742 -0.1215 0.2271 -0.0091 -0.3761 -0.3280 -0.2429 0.0619 0.1613 -0.2193 -0.3674 -0.3047 -0.1964 0.2716 0.0957 -0.3522 -0.3375
-0.3427 0.1015 0.2670 -0.2007 -0.3068 -0.3684 -0.1992 0.1677 0.0333 -0.2471 -0.3300 -0.3765 0.0023 0.2330 -0.1290 -0.2764 -0.3503 -0.3591 0.0873 0.2750 -0.1902 -0.3016 -0.3659 -0.2448 0.1528 0.1021 -0.2376 -0.3255 -0.3754 -0.0244 0.2202 -0.1125 -0.2718 -0.3471 -0.3660 0.0770 0.2751 -0.1839 -0.2990 -0.3648 -0.2570 0.1503 0.1050 -0.2386 -0.3268 -0.3760 -0.0050 0.2319 -0.1291 -0.2734 -0.3250 -0.2734 -0.1291 0.2319 -0.0050 -0.3760 -0.3268 -0.2386 0.1050 0.1503 -0.2570 -0.3648 -0.2990 -0.1839 0.2751 0.0770 -0.3660 -0.3471 -0.2718 -0.1125 0.2202 -0.0244 -0.3754 -0.3255 -0.2376 0.1021 0.1528 -0.2448 -0.3659 -0.3016 -0.1902 0.2750 0.0873 -0.3591 -0.3503 -0.2764 -0.1290 0.2330 0.0023 -0.3765 -0.3300 -0.2471 0.0333 0.1677 -0.1992 -0.3684 -0.3068 -0.2007 0.2670 0.1015 -0.3427
0.1023 0.2607 -0.2046 -0.3089 -0.3694 -0.1796 0.1735 0.0091 -0.2510 -0.3319 -0.3768 0.0119 0.2385 -0.1355 -0.2786 -0.3519 -0.3548 0.0927 0.2733 -0.1942 -0.3037 -0.3670 -0.2283 0.1582 0.0752 -0.2412 -0.3273 -0.3758 -0.0133 0.2253 -0.1194 -0.2737 -0.3485 -0.3635 0.0813 0.2755 -0.1867 -0.3003 -0.3655 -0.2495 0.1524 0.0956 -0.2397 -0.3272 -0.3760 -0.0048 0.2319 -0.1308 -0.2775 -0.3529 -0.3872 -0.3529 -0.2775 -0.1308 0.2319 -0.0048 -0.3760 -0.3272 -0.2397 0.0956 0.1524 -0.2495 -0.3655 -0.3003 -0.1867 0.2755 0.0813 -0.3635 -0.3485 -0.2737 -0.1194 0.2253 -0.0133 -0.3758 -0.3273 -0.2412 0.0752 0.1582 -0.2283 -0.3670 -0.3037 -0.1942 0.2733 0.0927 -0.3548 -0.3519 -0.2786 -0.1355 0.2385 0.0119 -0.3768 -0.3319 -0.2510 0.0091 0.1735 -0.1796 -0.3694 -0.3089 -0.2046 0.2607 0.1023
0.2510 -0.2072 -0.3104 -0.3707 -0.1667 0.1763 -0.0049 -0.2535 -0.3335 -0.3767 0.0176 0.2420 -0.1394 -0.2800 -0.3535 -0.3515 0.0959 0.2714 -0.1969 -0.3051 -0.3684 -0.2168 0.1610 0.0582 -0.2438 -0.3288 -0.3762 -0.0067 0.2284 -0.1236 -0.2749 -0.3500 -0.3615 0.0838 0.2755 -0.1885 -0.3012 -0.3665 -0.2453 0.1527 0.0925 -0.2401 -0.3276 -0.3761 -0.0067 0.2306 -0.1291 -0.2775 -0.3526 -0.3621 -0.0383 -0.3621 -0.3526 -0.2775 -0.1291 0.2306 -0.0067 -0.3761 -0.3276 -0.2401 0.0925 0.1527 -0.2453 -0.3665 -0.3012 -0.1885 0.2755 0.0838 -0.3615 -0.3500 -0.2749 -0.1236 0.2284 -0.0067 -0.3762 -0.3288 -0.2438 0.0582 0.1610 -0.2168 -0.3684 -0.3051 -0.1969 0.2714 0.0959 -0.3515 -0.3535 -0.2800 -0.1394 0.2420 0.0176 -0.3767 -0.3335 -0.2535 -0.0049 0.1763 -0.1667 -0.3707 -0.3104 -0.2072 0.2510
-0.1925 -0.3091 -0.3750 -0.1872 0.1653 0.0251 -0.2499 -0.3337 -0.3803 0.0077 0.2328 -0.1317 -0.2777 -0.3556 -0.3561 0.0891 0.2752 -0.1925 -0.3037 -0.3724 -0.2347 0.1513 0.0951 -0.2402 -0.3287 -0.3803 -0.0192 0.2179 -0.1137 -0.2724 -0.3515 -0.3653 0.0765 0.2754 -0.1831 -0.2992 -0.3700 -0.2650 0.1421 0.1394 -0.2347 -0.3263 -0.3802 -0.0265 0.2163 -0.1145 -0.2734 -0.3529 -0.3621 0.0719 0.1924 0.0719 -0.3621 -0.3529 -0.2734 -0.1145 0.2163 -0.0265 -0.3802 -0.3263 -0.2347 0.1394 0.1421 -0.2650 -0.3700 -0.2992 -0.1831 0.2754 0.0765 -0.3653 -0.3515 -0.2724 -0.1137 0.2179 -0.0192 -0.3803 -0.3287 -0.2402 0.0951 0.1513 -0.2347 -0.3724 -0.3037 -0.1925 0.2752 0.0891 -0.3561 -0.3556 -0.2777 -0.1317 0.2328 0.0077 -0.3803 -0.3337 -0.2499 0.0251 0.1653 -0.1872 -0.3750 -0.3091 -0.1925
-0.2600 -0.3586 -0.3631 0.0889 0.2724 -0.2001 -0.3037 -0.3775 -0.2333 0.1498 0.1044 -0.2404 -0.3296 -0.3880 -0.0168 0.2155 -0.1128 -0.2712 -0.3536 -0.3740 0.0754 0.2710 -0.1877 -0.2982 -0.3740 -0.2743 0.1366 0.1700 -0.2326 -0.3244 -0.3869 -0.0482 0.2027 -0.0910 -0.2662 -0.3495 -0.3801 0.0643 0.2662 -0.1793 -0.2949 -0.3721 -0.2884 0.1331 0.1789 -0.2322 -0.3250 -0.3872 -0.0383 0.1924 0.2441 0.1924 -0.0383 -0.3872 -0.3250 -0.2322 0.1789 0.1331 -0.2884 -0.3721 -0.2949 -0.1793 0.2662 0.0643 -0.3801 -0.3495 -0.2662 -0.0910 0.2027 -0.0482 -0.3869 -0.3244 -0.2326 0.1700 0.1366 -0.2743 -0.3740 -0.2982 -0.1877 0.2710 0.0754 -0.3740 -0.3536 -0.2712 -0.1128 0.2155 -0.0168 -0.3880 -0.3296 -0.2404 0.1044 0.1498 -0.2333 -0.3775 -0.3037 -0.2001 0.2724 0.0889 -0.3631 -0.3586 -0.2600
