0.1672 0.2490 0.4490 0.4773 0.2005 0.1462 0.1919 0.3274 0.5129 0.3771 0.1513 0.1591 0.2410 0.4343 0.4855 0.2185 0.1456 0.1868 0.3152 0.5112 0.3946 0.1538 0.1566 0.2332 0.4190 0.4927 0.2393 0.1453 0.1821 0.3035 0.5076 0.4109 0.1569 0.1542 0.2256 0.4034 0.4990 0.2622 0.1453 0.1776 0.2920 0.5015 0.4263 0.1610 0.1521 0.2182 0.3876 0.5044 0.2916 0.1456 0.1502 0.1456 0.2916 0.5044 0.3876 0.2182 0.1521 0.1610 0.4263 0.5015 0.2920 0.1776 0.1453 0.2622 0.4990 0.4034 0.2256 0.1542 0.1569 0.4109 0.5076 0.3035 0.1821 0.1453 0.2393 0.4927 0.4190 0.2332 0.1566 0.1538 0.3946 0.5112 0.3152 0.1868 0.1456 0.2185 0.4855 0.4343 0.2410 0.1591 0.1513 0.3771 0.5129 0.3274 0.1919 0.1462 0.2005 0.4773 0.4490 0.2490 0.1672
0.2490 0.4508 0.4787 0.2000 0.1382 0.1862 0.3241 0.5140 0.3816 0.1440 0.1522 0.2362 0.4325 0.4877 0.2210 0.1375 0.1809 0.3116 0.5121 0.3988 0.1468 0.1495 0.2282 0.4170 0.4947 0.2431 0.1371 0.1761 0.2998 0.5082 0.4147 0.1503 0.1470 0.2205 0.4012 0.5008 0.2668 0.1372 0.1714 0.2881 0.5017 0.4298 0.1549 0.1448 0.2130 0.3853 0.5059 0.2922 0.1375 0.1612 0.2100 0.1612 0.1375 0.2922 0.5059 0.3853 0.2130 0.1448 0.1549 0.4298 0.5017 0.2881 0.1714 0.1372 0.2668 0.5008 0.4012 0.2205 0.1470 0.1503 0.4147 0.5082 0.2998 0.1761 0.1371 0.2431 0.4947 0.4170 0.2282 0.1495 0.1468 0.3988 0.5121 0.3116 0.1809 0.1375 0.2210 0.4877 0.4325 0.2362 0.1522 0.1440 0.3816 0.5140 0.3241 0.1862 0.1382 0.2000 0.4787 0.4508 0.2490
0.4490 0.4787 0.2030 0.1380 0.1845 0.3194 0.5134 0.3888 0.1451 0.1510 0.2326 0.4257 0.4908 0.2305 0.1373 0.1787 0.3063 0.5106 0.4059 0.1482 0.1484 0.2248 0.4102 0.4974 0.2531 0.1371 0.1741 0.2947 0.5057 0.4212 0.1521 0.1460 0.2173 0.3946 0.5030 0.2770 0.1373 0.1696 0.2833 0.4981 0.4357 0.1573 0.1439 0.2100 0.3788 0.5076 0.3012 0.1379 0.1642 0.2602 0.3789 0.2602 0.1642 0.1379 0.3012 0.5076 0.3788 0.2100 0.1439 0.1573 0.4357 0.4981 0.2833 0.1696 0.1373 0.2770 0.5030 0.3946 0.2173 0.1460 0.1521 0.4212 0.5057 0.2947 0.1741 0.1371 0.2531 0.4974 0.4102 0.2248 0.1484 0.1482 0.4059 0.5106 0.3063 0.1787 0.1373 0.2305 0.4908 0.4257 0.2326 0.1510 0.1451 0.3888 0.5134 0.3194 0.1845 0.1380 0.2030 0.4787 0.4490
0.4773 0.2000 0.1380 0.1838 0.3166 0.5128 0.3947 0.1462 0.1499 0.2294 0.4191 0.4938 0.2403 0.1372 0.1767 0.3012 0.5087 0.4127 0.1498 0.1474 0.2215 0.4034 0.4999 0.2633 0.1371 0.1721 0.2899 0.5029 0.4274 0.1541 0.1451 0.2142 0.3879 0.5051 0.2871 0.1375 0.1678 0.2787 0.4941 0.4414 0.1599 0.1431 0.2071 0.3724 0.5092 0.3108 0.1382 0.1634 0.2655 0.4674 0.5069 0.4674 0.2655 0.1634 0.1382 0.3108 0.5092 0.3724 0.2071 0.1431 0.1599 0.4414 0.4941 0.2787 0.1678 0.1375 0.2871 0.5051 0.3879 0.2142 0.1451 0.1541 0.4274 0.5029 0.2899 0.1721 0.1371 0.2633 0.4999 0.4034 0.2215 0.1474 0.1498 0.4127 0.5087 0.3012 0.1767 0.1372 0.2403 0.4938 0.4191 0.2294 0.1499 0.1462 0.3947 0.5128 0.3166 0.1838 0.1380 0.2000 0.4773
0.2005 0.1382 0.1845 0.3166 0.5126 0.3980 0.1470 0.1491 0.2266 0.4131 0.4964 0.2499 0.1371 0.1747 0.2962 0.5065 0.4193 0.1515 0.1464 0.2183 0.3967 0.5023 0.2734 0.1372 0.1702 0.2851 0.4995 0.4335 0.1563 0.1442 0.2111 0.3814 0.5069 0.2970 0.1377 0.1660 0.2742 0.4896 0.4469 0.1628 0.1423 0.2042 0.3661 0.5106 0.3203 0.1387 0.1620 0.2632 0.4738 0.4701 0.3211 0.4701 0.4738 0.2632 0.1620 0.1387 0.3203 0.5106 0.3661 0.2042 0.1423 0.1628 0.4469 0.4896 0.2742 0.1660 0.1377 0.2970 0.5069 0.3814 0.2111 0.1442 0.1563 0.4335 0.4995 0.2851 0.1702 0.1372 0.2734 0.5023 0.3967 0.2183 0.1464 0.1515 0.4193 0.5065 0.2962 0.1747 0.1371 0.2499 0.4964 0.4131 0.2266 0.1491 0.1470 0.3980 0.5126 0.3166 0.1845 0.1382 0.2005
0.1462 0.1862 0.3194 0.5128 0.3980 0.1473 0.1487 0.2247 0.4085 0.4985 0.2584 0.1371 0.1728 0.2914 0.5038 0.4256 0.1535 0.1454 0.2152 0.3901 0.5044 0.2836 0.1374 0.1684 0.2804 0.4956 0.4393 0.1588 0.1434 0.2082 0.3749 0.5086 0.3069 0.1381 0.1643 0.2698 0.4847 0.4522 0.1662 0.1415 0.2015 0.3598 0.5118 0.3297 0.1392 0.1605 0.2594 0.4706 0.4663 0.1928 0.1365 0.1928 0.4663 0.4706 0.2594 0.1605 0.1392 0.3297 0.5118 0.3598 0.2015 0.1415 0.1662 0.4522 0.4847 0.2698 0.1643 0.1381 0.3069 0.5086 0.3749 0.2082 0.1434 0.1588 0.4393 0.4956 0.2804 0.1684 0.1374 0.2836 0.5044 0.3901 0.2152 0.1454 0.1535 0.4256 0.5038 0.2914 0.1728 0.1371 0.2584 0.4985 0.4085 0.2247 0.1487 0.1473 0.3980 0.5128 0.3194 0.1862 0.1462
0.1919 0.3241 0.5134 0.3947 0.1470 0.1487 0.2240 0.4059 0.4998 0.2650 0.1372 0.1713 0.2872 0.5008 0.4314 0.1556 0.1445 0.2121 0.3835 0.5063 0.2936 0.1376 0.1667 0.2759 0.4913 0.4449 0.1616 0.1426 0.2053 0.3685 0.5101 0.3165 0.1385 0.1627 0.2655 0.4794 0.4572 0.1700 0.1408 0.1988 0.3536 0.5127 0.3389 0.1397 0.1590 0.2554 0.4651 0.4690 0.1853 0.1371 0.1563 0.1371 0.1853 0.4690 0.4651 0.2554 0.1590 0.1397 0.3389 0.5127 0.3536 0.1988 0.1408 0.1700 0.4572 0.4794 0.2655 0.1627 0.1385 0.3165 0.5101 0.3685 0.2053 0.1426 0.1616 0.4449 0.4913 0.2759 0.1667 0.1376 0.2936 0.5063 0.3835 0.2121 0.1445 0.1556 0.4314 0.5008 0.2872 0.1713 0.1372 0.2650 0.4998 0.4059 0.2240 0.1487 0.1470 0.3947 0.5134 0.3241 0.1919
0.3274 0.5140 0.3888 0.1462 0.1491 0.2247 0.4059 0.5002 0.2686 0.1372 0.1701 0.2839 0.4980 0.4365 0.1578 0.1437 0.2092 0.3771 0.5081 0.3035 0.1379 0.1649 0.2714 0.4865 0.4502 0.1648 0.1418 0.2025 0.3622 0.5113 0.3259 0.1389 0.1611 0.2613 0.4737 0.4620 0.1745 0.1402 0.1961 0.3476 0.5135 0.3478 0.1404 0.1575 0.2515 0.4590 0.4728 0.1892 0.1384 0.1825 0.2486 0.1825 0.1384 0.1892 0.4728 0.4590 0.2515 0.1575 0.1404 0.3478 0.5135 0.3476 0.1961 0.1402 0.1745 0.4620 0.4737 0.2613 0.1611 0.1389 0.3259 0.5113 0.3622 0.2025 0.1418 0.1648 0.4502 0.4865 0.2714 0.1649 0.1379 0.3035 0.5081 0.3771 0.2092 0.1437 0.1578 0.4365 0.4980 0.2839 0.1701 0.1372 0.2686 0.5002 0.4059 0.2247 0.1491 0.1462 0.3888 0.5140 0.3274
0.5129 0.3816 0.1451 0.1499 0.2266 0.4085 0.4998 0.2686 0.1373 0.1695 0.2816 0.4957 0.4404 0.1598 0.1430 0.2066 0.3711 0.5096 0.3131 0.1383 0.1633 0.2670 0.4814 0.4553 0.1685 0.1411 0.1998 0.3560 0.5124 0.3352 0.1395 0.1596 0.2571 0.4678 0.4666 0.1797 0.1396 0.1936 0.3416 0.5140 0.3565 0.1411 0.1561 0.2475 0.4526 0.4768 0.1958 0.1383 0.1861 0.3133 0.4534 0.3133 0.1861 0.1383 0.1958 0.4768 0.4526 0.2475 0.1561 0.1411 0.3565 0.5140 0.3416 0.1936 0.1396 0.1797 0.4666 0.4678 0.2571 0.1596 0.1395 0.3352 0.5124 0.3560 0.1998 0.1411 0.1685 0.4553 0.4814 0.2670 0.1633 0.1383 0.3131 0.5096 0.3711 0.2066 0.1430 0.1598 0.4404 0.4957 0.2816 0.1695 0.1373 0.2686 0.4998 0.4085 0.2266 0.1499 0.1451 0.3816 0.5129
0.3771 0.1440 0.1510 0.2294 0.4131 0.4985 0.2650 0.1372 0.1695 0.2809 0.4944 0.4429 0.1614 0.1425 0.2045 0.3659 0.5108 0.3219 0.1387 0.1617 0.2628 0.4758 0.4603 0.1728 0.1404 0.1972 0.3499 0.5132 0.3442 0.1401 0.1581 0.2531 0.4617 0.4710 0.1857 0.1390 0.1911 0.3358 0.5142 0.3649 0.1420 0.1548 0.2437 0.4461 0.4806 0.2035 0.1380 0.1850 0.3191 0.5101 0.4784 0.5101 0.3191 0.1850 0.1380 0.2035 0.4806 0.4461 0.2437 0.1548 0.1420 0.3649 0.5142 0.3358 0.1911 0.1390 0.1857 0.4710 0.4617 0.2531 0.1581 0.1401 0.3442 0.5132 0.3499 0.1972 0.1404 0.1728 0.4603 0.4758 0.2628 0.1617 0.1387 0.3219 0.5108 0.3659 0.2045 0.1425 0.1614 0.4429 0.4944 0.2809 0.1695 0.1372 0.2650 0.4985 0.4131 0.2294 0.1510 0.1440 0.3771
0.1513 0.1522 0.2326 0.4191 0.4964 0.2584 0.1372 0.1701 0.2816 0.4944 0.4438 0.1623 0.1422 0.2030 0.3618 0.5116 0.3294 0.1392 0.1603 0.2588 0.4702 0.4649 0.1777 0.1398 0.1946 0.3440 0.5138 0.3530 0.1408 0.1567 0.2491 0.4553 0.4751 0.1924 0.1386 0.1887 0.3301 0.5142 0.3730 0.1429 0.1535 0.2400 0.4395 0.4842 0.2119 0.1377 0.1830 0.3160 0.5122 0.4107 0.2124 0.4107 0.5122 0.3160 0.1830 0.1377 0.2119 0.4842 0.4395 0.2400 0.1535 0.1429 0.3730 0.5142 0.3301 0.1887 0.1386 0.1924 0.4751 0.4553 0.2491 0.1567 0.1408 0.3530 0.5138 0.3440 0.1946 0.1398 0.1777 0.4649 0.4702 0.2588 0.1603 0.1392 0.3294 0.5116 0.3618 0.2030 0.1422 0.1623 0.4438 0.4944 0.2816 0.1701 0.1372 0.2584 0.4964 0.4191 0.2326 0.1522 0.1513
0.1591 0.2362 0.4257 0.4938 0.2499 0.1371 0.1713 0.2839 0.4957 0.4429 0.1623 0.1420 0.2022 0.3593 0.5122 0.3351 0.1396 0.1591 0.2554 0.4648 0.4690 0.1831 0.1392 0.1921 0.3381 0.5142 0.3616 0.1416 0.1553 0.2453 0.4488 0.4790 0.2000 0.1382 0.1863 0.3245 0.5139 0.3809 0.1439 0.1522 0.2364 0.4327 0.4876 0.2209 0.1375 0.1808 0.3112 0.5117 0.4031 0.1502 0.1356 0.1502 0.4031 0.5117 0.3112 0.1808 0.1375 0.2209 0.4876 0.4327 0.2364 0.1522 0.1439 0.3809 0.5139 0.3245 0.1863 0.1382 0.2000 0.4790 0.4488 0.2453 0.1553 0.1416 0.3616 0.5142 0.3381 0.1921 0.1392 0.1831 0.4690 0.4648 0.2554 0.1591 0.1396 0.3351 0.5122 0.3593 0.2022 0.1420 0.1623 0.4429 0.4957 0.2839 0.1713 0.1371 0.2499 0.4938 0.4257 0.2362 0.1591
0.2410 0.4325 0.4908 0.2403 0.1371 0.1728 0.2872 0.4980 0.4404 0.1614 0.1422 0.2022 0.3585 0.5124 0.3387 0.1399 0.1583 0.2527 0.4600 0.4725 0.1886 0.1388 0.1897 0.3325 0.5143 0.3698 0.1425 0.1540 0.2415 0.4422 0.4826 0.2082 0.1378 0.1840 0.3191 0.5134 0.3886 0.1450 0.1510 0.2328 0.4260 0.4907 0.2304 0.1373 0.1787 0.3061 0.5104 0.4071 0.1490 0.1445 0.1756 0.1445 0.1490 0.4071 0.5104 0.3061 0.1787 0.1373 0.2304 0.4907 0.4260 0.2328 0.1510 0.1450 0.3886 0.5134 0.3191 0.1840 0.1378 0.2082 0.4826 0.4422 0.2415 0.1540 0.1425 0.3698 0.5143 0.3325 0.1897 0.1388 0.1886 0.4725 0.4600 0.2527 0.1583 0.1399 0.3387 0.5124 0.3585 0.2022 0.1422 0.1614 0.4404 0.4980 0.2872 0.1728 0.1371 0.2403 0.4908 0.4325 0.2410
0.4343 0.4877 0.2305 0.1372 0.1747 0.2914 0.5008 0.4365 0.1598 0.1425 0.2030 0.3593 0.5124 0.3399 0.1401 0.1577 0.2507 0.4563 0.4753 0.1939 0.1384 0.1877 0.3274 0.5141 0.3775 0.1435 0.1528 0.2379 0.4355 0.4861 0.2170 0.1376 0.1818 0.3137 0.5124 0.3960 0.1463 0.1499 0.2294 0.4192 0.4937 0.2401 0.1372 0.1766 0.3010 0.5086 0.4133 0.1501 0.1465 0.2117 0.2993 0.2117 0.1465 0.1501 0.4133 0.5086 0.3010 0.1766 0.1372 0.2401 0.4937 0.4192 0.2294 0.1499 0.1463 0.3960 0.5124 0.3137 0.1818 0.1376 0.2170 0.4861 0.4355 0.2379 0.1528 0.1435 0.3775 0.5141 0.3274 0.1877 0.1384 0.1939 0.4753 0.4563 0.2507 0.1577 0.1401 0.3399 0.5124 0.3593 0.2030 0.1425 0.1598 0.4365 0.5008 0.2914 0.1747 0.1372 0.2305 0.4877 0.4343
0.4855 0.2210 0.1373 0.1767 0.2962 0.5038 0.4314 0.1578 0.1430 0.2045 0.3618 0.5122 0.3387 0.1401 0.1575 0.2497 0.4539 0.4772 0.1983 0.1382 0.1860 0.3230 0.5138 0.3844 0.1445 0.1516 0.2344 0.4289 0.4894 0.2262 0.1374 0.1796 0.3084 0.5112 0.4032 0.1476 0.1488 0.2260 0.4125 0.4965 0.2501 0.1371 0.1746 0.2960 0.5064 0.4197 0.1517 0.1461 0.2161 0.3791 0.5056 0.3791 0.2161 0.1461 0.1517 0.4197 0.5064 0.2960 0.1746 0.1371 0.2501 0.4965 0.4125 0.2260 0.1488 0.1476 0.4032 0.5112 0.3084 0.1796 0.1374 0.2262 0.4894 0.4289 0.2344 0.1516 0.1445 0.3844 0.5138 0.3230 0.1860 0.1382 0.1983 0.4772 0.4539 0.2497 0.1575 0.1401 0.3387 0.5122 0.3618 0.2045 0.1430 0.1578 0.4314 0.5038 0.2962 0.1767 0.1373 0.2210 0.4855
0.2185 0.1375 0.1787 0.3012 0.5065 0.4256 0.1556 0.1437 0.2066 0.3659 0.5116 0.3351 0.1399 0.1577 0.2497 0.4530 0.4782 0.2012 0.1380 0.1847 0.3194 0.5133 0.3904 0.1454 0.1506 0.2312 0.4226 0.4924 0.2356 0.1372 0.1776 0.3033 0.5095 0.4101 0.1492 0.1477 0.2227 0.4058 0.4991 0.2601 0.1371 0.1727 0.2912 0.5036 0.4260 0.1536 0.1453 0.2145 0.3858 0.5079 0.4251 0.5079 0.3858 0.2145 0.1453 0.1536 0.4260 0.5036 0.2912 0.1727 0.1371 0.2601 0.4991 0.4058 0.2227 0.1477 0.1492 0.4101 0.5095 0.3033 0.1776 0.1372 0.2356 0.4924 0.4226 0.2312 0.1506 0.1454 0.3904 0.5133 0.3194 0.1847 0.1380 0.2012 0.4782 0.4530 0.2497 0.1577 0.1399 0.3351 0.5116 0.3659 0.2066 0.1437 0.1556 0.4256 0.5065 0.3012 0.1787 0.1375 0.2185
0.1456 0.1809 0.3063 0.5087 0.4193 0.1535 0.1445 0.2092 0.3711 0.5108 0.3294 0.1396 0.1583 0.2507 0.4539 0.4782 0.2022 0.1379 0.1839 0.3169 0.5128 0.3951 0.1463 0.1497 0.2284 0.4167 0.4950 0.2448 0.1371 0.1756 0.2984 0.5075 0.4167 0.1508 0.1467 0.2194 0.3991 0.5015 0.2702 0.1372 0.1708 0.2864 0.5004 0.4320 0.1558 0.1444 0.2117 0.3820 0.5072 0.3209 0.1533 0.3209 0.5072 0.3820 0.2117 0.1444 0.1558 0.4320 0.5004 0.2864 0.1708 0.1372 0.2702 0.5015 0.3991 0.2194 0.1467 0.1508 0.4167 0.5075 0.2984 0.1756 0.1371 0.2448 0.4950 0.4167 0.2284 0.1497 0.1463 0.3951 0.5128 0.3169 0.1839 0.1379 0.2022 0.4782 0.4539 0.2507 0.1583 0.1396 0.3294 0.5108 0.3711 0.2092 0.1445 0.1535 0.4193 0.5087 0.3063 0.1809 0.1456
0.1868 0.3116 0.5106 0.4127 0.1515 0.1454 0.2121 0.3771 0.5096 0.3219 0.1392 0.1591 0.2527 0.4563 0.4772 0.2012 0.1379 0.1836 0.3156 0.5125 0.3983 0.1471 0.1490 0.2260 0.4115 0.4972 0.2535 0.1371 0.1737 0.2937 0.5051 0.4229 0.1526 0.1458 0.2163 0.3924 0.5037 0.2803 0.1374 0.1690 0.2817 0.4967 0.4379 0.1582 0.1436 0.2088 0.3761 0.5084 0.3100 0.1382 0.1414 0.1382 0.3100 0.5084 0.3761 0.2088 0.1436 0.1582 0.4379 0.4967 0.2817 0.1690 0.1374 0.2803 0.5037 0.3924 0.2163 0.1458 0.1526 0.4229 0.5051 0.2937 0.1737 0.1371 0.2535 0.4972 0.4115 0.2260 0.1490 0.1471 0.3983 0.5125 0.3156 0.1836 0.1379 0.2012 0.4772 0.4563 0.2527 0.1591 0.1392 0.3219 0.5096 0.3771 0.2121 0.1454 0.1515 0.4127 0.5106 0.3116 0.1868
0.3152 0.5121 0.4059 0.1498 0.1464 0.2152 0.3835 0.5081 0.3131 0.1387 0.1603 0.2554 0.4600 0.4753 0.1983 0.1380 0.1839 0.3156 0.5123 0.4000 0.1476 0.1485 0.2242 0.4074 0.4990 0.2610 0.1371 0.1721 0.2894 0.5024 0.4287 0.1546 0.1449 0.2133 0.3860 0.5057 0.2902 0.1376 0.1672 0.2772 0.4925 0.4434 0.1609 0.1428 0.2060 0.3699 0.5098 0.3155 0.1384 0.1577 0.2028 0.1577 0.1384 0.3155 0.5098 0.3699 0.2060 0.1428 0.1609 0.4434 0.4925 0.2772 0.1672 0.1376 0.2902 0.5057 0.3860 0.2133 0.1449 0.1546 0.4287 0.5024 0.2894 0.1721 0.1371 0.2610 0.4990 0.4074 0.2242 0.1485 0.1476 0.4000 0.5123 0.3156 0.1839 0.1380 0.1983 0.4753 0.4600 0.2554 0.1603 0.1387 0.3131 0.5081 0.3835 0.2152 0.1464 0.1498 0.4059 0.5121 0.3152
0.5112 0.3988 0.1482 0.1474 0.2183 0.3901 0.5063 0.3035 0.1383 0.1617 0.2588 0.4648 0.4725 0.1939 0.1382 0.1847 0.3169 0.5125 0.4000 0.1477 0.1483 0.2231 0.4044 0.5003 0.2672 0.1372 0.1707 0.2856 0.4995 0.4339 0.1567 0.1441 0.2105 0.3798 0.5074 0.2998 0.1378 0.1655 0.2728 0.4880 0.4488 0.1640 0.1420 0.2032 0.3636 0.5111 0.3241 0.1388 0.1604 0.2506 0.3635 0.2506 0.1604 0.1388 0.3241 0.5111 0.3636 0.2032 0.1420 0.1640 0.4488 0.4880 0.2728 0.1655 0.1378 0.2998 0.5074 0.3798 0.2105 0.1441 0.1567 0.4339 0.4995 0.2856 0.1707 0.1372 0.2672 0.5003 0.4044 0.2231 0.1483 0.1477 0.4000 0.5125 0.3169 0.1847 0.1382 0.1939 0.4725 0.4648 0.2588 0.1617 0.1383 0.3035 0.5063 0.3901 0.2183 0.1474 0.1482 0.3988 0.5112
0.3946 0.1468 0.1484 0.2215 0.3967 0.5044 0.2936 0.1379 0.1633 0.2628 0.4702 0.4690 0.1886 0.1384 0.1860 0.3194 0.5128 0.3983 0.1476 0.1483 0.2227 0.4029 0.5010 0.2716 0.1373 0.1696 0.2825 0.4968 0.4385 0.1587 0.1433 0.2078 0.3738 0.5089 0.3091 0.1382 0.1639 0.2686 0.4831 0.4538 0.1674 0.1413 0.2005 0.3575 0.5122 0.3332 0.1394 0.1597 0.2557 0.4528 0.5099 0.4528 0.2557 0.1597 0.1394 0.3332 0.5122 0.3575 0.2005 0.1413 0.1674 0.4538 0.4831 0.2686 0.1639 0.1382 0.3091 0.5089 0.3738 0.2078 0.1433 0.1587 0.4385 0.4968 0.2825 0.1696 0.1373 0.2716 0.5010 0.4029 0.2227 0.1483 0.1476 0.3983 0.5128 0.3194 0.1860 0.1384 0.1886 0.4690 0.4702 0.2628 0.1633 0.1379 0.2936 0.5044 0.3967 0.2215 0.1484 0.1468 0.3946
0.1538 0.1495 0.2248 0.4034 0.5023 0.2836 0.1376 0.1649 0.2670 0.4758 0.4649 0.1831 0.1388 0.1877 0.3230 0.5133 0.3951 0.1471 0.1485 0.2231 0.4029 0.5013 0.2738 0.1373 0.1688 0.2801 0.4943 0.4422 0.1607 0.1427 0.2055 0.3683 0.5102 0.3180 0.1386 0.1624 0.2645 0.4780 0.4586 0.1713 0.1406 0.1979 0.3515 0.5130 0.3421 0.1400 0.1584 0.2535 0.4596 0.4793 0.3425 0.4793 0.4596 0.2535 0.1584 0.1400 0.3421 0.5130 0.3515 0.1979 0.1406 0.1713 0.4586 0.4780 0.2645 0.1624 0.1386 0.3180 0.5102 0.3683 0.2055 0.1427 0.1607 0.4422 0.4943 0.2801 0.1688 0.1373 0.2738 0.5013 0.4029 0.2231 0.1485 0.1471 0.3951 0.5133 0.3230 0.1877 0.1388 0.1831 0.4649 0.4758 0.2670 0.1649 0.1376 0.2836 0.5023 0.4034 0.2248 0.1495 0.1538
0.1566 0.2282 0.4102 0.4999 0.2734 0.1374 0.1667 0.2714 0.4814 0.4603 0.1777 0.1392 0.1897 0.3274 0.5138 0.3904 0.1463 0.1490 0.2242 0.4044 0.5010 0.2738 0.1373 0.1685 0.2787 0.4925 0.4450 0.1625 0.1422 0.2035 0.3635 0.5113 0.3261 0.1390 0.1609 0.2606 0.4725 0.4631 0.1757 0.1400 0.1954 0.3458 0.5137 0.3507 0.1406 0.1570 0.2500 0.4560 0.4761 0.2118 0.1379 0.2118 0.4761 0.4560 0.2500 0.1570 0.1406 0.3507 0.5137 0.3458 0.1954 0.1400 0.1757 0.4631 0.4725 0.2606 0.1609 0.1390 0.3261 0.5113 0.3635 0.2035 0.1422 0.1625 0.4450 0.4925 0.2787 0.1685 0.1373 0.2738 0.5010 0.4044 0.2242 0.1490 0.1463 0.3904 0.5138 0.3274 0.1897 0.1392 0.1777 0.4603 0.4814 0.2714 0.1667 0.1374 0.2734 0.4999 0.4102 0.2282 0.1566
0.2332 0.4170 0.4974 0.2633 0.1372 0.1684 0.2759 0.4865 0.4553 0.1728 0.1398 0.1921 0.3325 0.5141 0.3844 0.1454 0.1497 0.2260 0.4074 0.5003 0.2716 0.1373 0.1685 0.2782 0.4915 0.4468 0.1638 0.1418 0.2019 0.3595 0.5120 0.3331 0.1394 0.1596 0.2569 0.4671 0.4673 0.1808 0.1395 0.1930 0.3402 0.5141 0.3588 0.1414 0.1557 0.2463 0.4502 0.4785 0.2022 0.1365 0.1530 0.1365 0.2022 0.4785 0.4502 0.2463 0.1557 0.1414 0.3588 0.5141 0.3402 0.1930 0.1395 0.1808 0.4673 0.4671 0.2569 0.1596 0.1394 0.3331 0.5120 0.3595 0.2019 0.1418 0.1638 0.4468 0.4915 0.2782 0.1685 0.1373 0.2716 0.5003 0.4074 0.2260 0.1497 0.1454 0.3844 0.5141 0.3325 0.1921 0.1398 0.1728 0.4553 0.4865 0.2759 0.1684 0.1372 0.2633 0.4974 0.4170 0.2332
0.4190 0.4947 0.2531 0.1371 0.1702 0.2804 0.4913 0.4502 0.1685 0.1404 0.1946 0.3381 0.5143 0.3775 0.1445 0.1506 0.2284 0.4115 0.4990 0.2672 0.1373 0.1688 0.2787 0.4915 0.4474 0.1645 0.1416 0.2008 0.3564 0.5126 0.3388 0.1398 0.1585 0.2537 0.4619 0.4711 0.1863 0.1390 0.1907 0.3347 0.5143 0.3668 0.1422 0.1545 0.2427 0.4440 0.4818 0.2071 0.1376 0.1774 0.2396 0.1774 0.1376 0.2071 0.4818 0.4440 0.2427 0.1545 0.1422 0.3668 0.5143 0.3347 0.1907 0.1390 0.1863 0.4711 0.4619 0.2537 0.1585 0.1398 0.3388 0.5126 0.3564 0.2008 0.1416 0.1645 0.4474 0.4915 0.2787 0.1688 0.1373 0.2672 0.4990 0.4115 0.2284 0.1506 0.1445 0.3775 0.5143 0.3381 0.1946 0.1404 0.1685 0.4502 0.4913 0.2804 0.1702 0.1371 0.2531 0.4947 0.4190
0.4927 0.2431 0.1371 0.1721 0.2851 0.4956 0.4449 0.1648 0.1411 0.1972 0.3440 0.5142 0.3698 0.1435 0.1516 0.2312 0.4167 0.4972 0.2610 0.1372 0.1696 0.2801 0.4925 0.4468 0.1645 0.1415 0.2002 0.3544 0.5129 0.3433 0.1402 0.1576 0.2510 0.4573 0.4744 0.1919 0.1386 0.1885 0.3294 0.5142 0.3745 0.1431 0.1532 0.2392 0.4378 0.4851 0.2148 0.1376 0.1809 0.3011 0.4381 0.3011 0.1809 0.1376 0.2148 0.4851 0.4378 0.2392 0.1532 0.1431 0.3745 0.5142 0.3294 0.1885 0.1386 0.1919 0.4744 0.4573 0.2510 0.1576 0.1402 0.3433 0.5129 0.3544 0.2002 0.1415 0.1645 0.4468 0.4925 0.2801 0.1696 0.1372 0.2610 0.4972 0.4167 0.2312 0.1516 0.1435 0.3698 0.5142 0.3440 0.1972 0.1411 0.1648 0.4449 0.4956 0.2851 0.1721 0.1371 0.2431 0.4927
0.2393 0.1371 0.1741 0.2899 0.4995 0.4393 0.1616 0.1418 0.1998 0.3499 0.5138 0.3616 0.1425 0.1528 0.2344 0.4226 0.4950 0.2535 0.1371 0.1707 0.2825 0.4943 0.4450 0.1638 0.1416 0.2002 0.3538 0.5131 0.3460 0.1405 0.1569 0.2488 0.4533 0.4771 0.1973 0.1383 0.1866 0.3246 0.5139 0.3817 0.1440 0.1521 0.2358 0.4314 0.4883 0.2233 0.1374 0.1799 0.3069 0.5058 0.4863 0.5058 0.3069 0.1799 0.1374 0.2233 0.4883 0.4314 0.2358 0.1521 0.1440 0.3817 0.5139 0.3246 0.1866 0.1383 0.1973 0.4771 0.4533 0.2488 0.1569 0.1405 0.3460 0.5131 0.3538 0.2002 0.1416 0.1638 0.4450 0.4943 0.2825 0.1707 0.1371 0.2535 0.4950 0.4226 0.2344 0.1528 0.1425 0.3616 0.5138 0.3499 0.1998 0.1418 0.1616 0.4393 0.4995 0.2899 0.1741 0.1371 0.2393
0.1453 0.1761 0.2947 0.5029 0.4335 0.1588 0.1426 0.2025 0.3560 0.5132 0.3530 0.1416 0.1540 0.2379 0.4289 0.4924 0.2448 0.1371 0.1721 0.2856 0.4968 0.4422 0.1625 0.1418 0.2008 0.3544 0.5131 0.3470 0.1406 0.1565 0.2472 0.4501 0.4792 0.2021 0.1380 0.1849 0.3204 0.5135 0.3883 0.1451 0.1510 0.2324 0.4251 0.4912 0.2322 0.1373 0.1781 0.3041 0.5088 0.4253 0.2340 0.4253 0.5088 0.3041 0.1781 0.1373 0.2322 0.4912 0.4251 0.2324 0.1510 0.1451 0.3883 0.5135 0.3204 0.1849 0.1380 0.2021 0.4792 0.4501 0.2472 0.1565 0.1406 0.3470 0.5131 0.3544 0.2008 0.1418 0.1625 0.4422 0.4968 0.2856 0.1721 0.1371 0.2448 0.4924 0.4289 0.2379 0.1540 0.1416 0.3530 0.5132 0.3560 0.2025 0.1426 0.1588 0.4335 0.5029 0.2947 0.1761 0.1453
0.1821 0.2998 0.5057 0.4274 0.1563 0.1434 0.2053 0.3622 0.5124 0.3442 0.1408 0.1553 0.2415 0.4355 0.4894 0.2356 0.1371 0.1737 0.2894 0.4995 0.4385 0.1607 0.1422 0.2019 0.3564 0.5129 0.3460 0.1406 0.1564 0.2464 0.4482 0.4807 0.2061 0.1378 0.1835 0.3168 0.5129 0.3941 0.1461 0.1500 0.2293 0.4188 0.4940 0.2413 0.1372 0.1762 0.2999 0.5079 0.4183 0.1548 0.1352 0.1548 0.4183 0.5079 0.2999 0.1762 0.1372 0.2413 0.4940 0.4188 0.2293 0.1500 0.1461 0.3941 0.5129 0.3168 0.1835 0.1378 0.2061 0.4807 0.4482 0.2464 0.1564 0.1406 0.3460 0.5129 0.3564 0.2019 0.1422 0.1607 0.4385 0.4995 0.2894 0.1737 0.1371 0.2356 0.4894 0.4355 0.2415 0.1553 0.1408 0.3442 0.5124 0.3622 0.2053 0.1434 0.1563 0.4274 0.5057 0.2998 0.1821
0.3035 0.5082 0.4212 0.1541 0.1442 0.2082 0.3685 0.5113 0.3352 0.1401 0.1567 0.2453 0.4422 0.4861 0.2262 0.1372 0.1756 0.2937 0.5024 0.4339 0.1587 0.1427 0.2035 0.3595 0.5126 0.3433 0.1405 0.1565 0.2464 0.4475 0.4814 0.2086 0.1377 0.1825 0.3138 0.5122 0.3988 0.1470 0.1491 0.2266 0.4131 0.4965 0.2503 0.1371 0.1744 0.2953 0.5059 0.4216 0.1529 0.1426 0.1711 0.1426 0.1529 0.4216 0.5059 0.2953 0.1744 0.1371 0.2503 0.4965 0.4131 0.2266 0.1491 0.1470 0.3988 0.5122 0.3138 0.1825 0.1377 0.2086 0.4814 0.4475 0.2464 0.1565 0.1405 0.3433 0.5126 0.3595 0.2035 0.1427 0.1587 0.4339 0.5024 0.2937 0.1756 0.1372 0.2262 0.4861 0.4422 0.2453 0.1567 0.1401 0.3352 0.5113 0.3685 0.2082 0.1442 0.1541 0.4212 0.5082 0.3035
0.5076 0.4147 0.1521 0.1451 0.2111 0.3749 0.5101 0.3259 0.1395 0.1581 0.2491 0.4488 0.4826 0.2170 0.1374 0.1776 0.2984 0.5051 0.4287 0.1567 0.1433 0.2055 0.3635 0.5120 0.3388 0.1402 0.1569 0.2472 0.4482 0.4814 0.2095 0.1377 0.1818 0.3118 0.5117 0.4026 0.1479 0.1484 0.2242 0.4079 0.4986 0.2589 0.1371 0.1727 0.2909 0.5034 0.4269 0.1541 0.1445 0.2051 0.2881 0.2051 0.1445 0.1541 0.4269 0.5034 0.2909 0.1727 0.1371 0.2589 0.4986 0.4079 0.2242 0.1484 0.1479 0.4026 0.5117 0.3118 0.1818 0.1377 0.2095 0.4814 0.4482 0.2472 0.1569 0.1402 0.3388 0.5120 0.3635 0.2055 0.1433 0.1567 0.4287 0.5051 0.2984 0.1776 0.1374 0.2170 0.4826 0.4488 0.2491 0.1581 0.1395 0.3259 0.5101 0.3749 0.2111 0.1451 0.1521 0.4147 0.5076
0.4109 0.1503 0.1460 0.2142 0.3814 0.5086 0.3165 0.1389 0.1596 0.2531 0.4553 0.4790 0.2082 0.1376 0.1796 0.3033 0.5075 0.4229 0.1546 0.1441 0.2078 0.3683 0.5113 0.3331 0.1398 0.1576 0.2488 0.4501 0.4807 0.2086 0.1377 0.1816 0.3108 0.5113 0.4053 0.1485 0.1479 0.2223 0.4036 0.5003 0.2665 0.1372 0.1711 0.2868 0.5005 0.4322 0.1560 0.1442 0.2096 0.3652 0.4995 0.3652 0.2096 0.1442 0.1560 0.4322 0.5005 0.2868 0.1711 0.1372 0.2665 0.5003 0.4036 0.2223 0.1479 0.1485 0.4053 0.5113 0.3108 0.1816 0.1377 0.2086 0.4807 0.4501 0.2488 0.1576 0.1398 0.3331 0.5113 0.3683 0.2078 0.1441 0.1546 0.4229 0.5075 0.3033 0.1796 0.1376 0.2082 0.4790 0.4553 0.2531 0.1596 0.1389 0.3165 0.5086 0.3814 0.2142 0.1460 0.1503 0.4109
0.1569 0.1470 0.2173 0.3879 0.5069 0.3069 0.1385 0.1611 0.2571 0.4617 0.4751 0.2000 0.1378 0.1818 0.3084 0.5095 0.4167 0.1526 0.1449 0.2105 0.3738 0.5102 0.3261 0.1394 0.1585 0.2510 0.4533 0.4792 0.2061 0.1377 0.1818 0.3108 0.5111 0.4067 0.1490 0.1475 0.2209 0.4002 0.5016 0.2729 0.1373 0.1697 0.2831 0.4975 0.4372 0.1581 0.1435 0.2083 0.3722 0.5106 0.4375 0.5106 0.3722 0.2083 0.1435 0.1581 0.4372 0.4975 0.2831 0.1697 0.1373 0.2729 0.5016 0.4002 0.2209 0.1475 0.1490 0.4067 0.5111 0.3108 0.1818 0.1377 0.2061 0.4792 0.4533 0.2510 0.1585 0.1394 0.3261 0.5102 0.3738 0.2105 0.1449 0.1526 0.4167 0.5095 0.3084 0.1818 0.1378 0.2000 0.4751 0.4617 0.2571 0.1611 0.1385 0.3069 0.5069 0.3879 0.2173 0.1470 0.1569
0.1542 0.2205 0.3946 0.5051 0.2970 0.1381 0.1627 0.2613 0.4678 0.4710 0.1924 0.1382 0.1840 0.3137 0.5112 0.4101 0.1508 0.1458 0.2133 0.3798 0.5089 0.3180 0.1390 0.1596 0.2537 0.4573 0.4771 0.2021 0.1378 0.1825 0.3118 0.5113 0.4067 0.1492 0.1473 0.2199 0.3977 0.5026 0.2780 0.1374 0.1686 0.2800 0.4945 0.4415 0.1602 0.1429 0.2061 0.3692 0.5103 0.3402 0.1590 0.3402 0.5103 0.3692 0.2061 0.1429 0.1602 0.4415 0.4945 0.2800 0.1686 0.1374 0.2780 0.5026 0.3977 0.2199 0.1473 0.1492 0.4067 0.5113 0.3118 0.1825 0.1378 0.2021 0.4771 0.4573 0.2537 0.1596 0.1390 0.3180 0.5089 0.3798 0.2133 0.1458 0.1508 0.4101 0.5112 0.3137 0.1840 0.1382 0.1924 0.4710 0.4678 0.2613 0.1627 0.1381 0.2970 0.5051 0.3946 0.2205 0.1542
0.2256 0.4012 0.5030 0.2871 0.1377 0.1643 0.2655 0.4737 0.4666 0.1857 0.1386 0.1863 0.3191 0.5124 0.4032 0.1492 0.1467 0.2163 0.3860 0.5074 0.3091 0.1386 0.1609 0.2569 0.4619 0.4744 0.1973 0.1380 0.1835 0.3138 0.5117 0.4053 0.1490 0.1473 0.2196 0.3964 0.5033 0.2817 0.1374 0.1677 0.2774 0.4918 0.4453 0.1624 0.1423 0.2039 0.3645 0.5111 0.3287 0.1395 0.1399 0.1395 0.3287 0.5111 0.3645 0.2039 0.1423 0.1624 0.4453 0.4918 0.2774 0.1677 0.1374 0.2817 0.5033 0.3964 0.2196 0.1473 0.1490 0.4053 0.5117 0.3138 0.1835 0.1380 0.1973 0.4744 0.4619 0.2569 0.1609 0.1386 0.3091 0.5074 0.3860 0.2163 0.1467 0.1492 0.4032 0.5124 0.3191 0.1863 0.1386 0.1857 0.4666 0.4737 0.2655 0.1643 0.1377 0.2871 0.5030 0.4012 0.2256
0.4034 0.5008 0.2770 0.1375 0.1660 0.2698 0.4794 0.4620 0.1797 0.1390 0.1887 0.3245 0.5134 0.3960 0.1476 0.1477 0.2194 0.3924 0.5057 0.2998 0.1382 0.1624 0.2606 0.4671 0.4711 0.1919 0.1383 0.1849 0.3168 0.5122 0.4026 0.1485 0.1475 0.2199 0.3964 0.5035 0.2837 0.1375 0.1670 0.2754 0.4895 0.4483 0.1644 0.1418 0.2020 0.3600 0.5119 0.3325 0.1394 0.1549 0.1973 0.1549 0.1394 0.3325 0.5119 0.3600 0.2020 0.1418 0.1644 0.4483 0.4895 0.2754 0.1670 0.1375 0.2837 0.5035 0.3964 0.2199 0.1475 0.1485 0.4026 0.5122 0.3168 0.1849 0.1383 0.1919 0.4711 0.4671 0.2606 0.1624 0.1382 0.2998 0.5057 0.3924 0.2194 0.1477 0.1476 0.3960 0.5134 0.3245 0.1887 0.1390 0.1797 0.4620 0.4794 0.2698 0.1660 0.1375 0.2770 0.5008 0.4034
0.4990 0.2668 0.1373 0.1678 0.2742 0.4847 0.4572 0.1745 0.1396 0.1911 0.3301 0.5139 0.3886 0.1463 0.1488 0.2227 0.3991 0.5037 0.2902 0.1378 0.1639 0.2645 0.4725 0.4673 0.1863 0.1386 0.1866 0.3204 0.5129 0.3988 0.1479 0.1479 0.2209 0.3977 0.5033 0.2837 0.1375 0.1667 0.2741 0.4878 0.4506 0.1661 0.1414 0.2003 0.3559 0.5126 0.3385 0.1398 0.1577 0.2432 0.3516 0.2432 0.1577 0.1398 0.3385 0.5126 0.3559 0.2003 0.1414 0.1661 0.4506 0.4878 0.2741 0.1667 0.1375 0.2837 0.5033 0.3977 0.2209 0.1479 0.1479 0.3988 0.5129 0.3204 0.1866 0.1386 0.1863 0.4673 0.4725 0.2645 0.1639 0.1378 0.2902 0.5037 0.3991 0.2227 0.1488 0.1463 0.3886 0.5139 0.3301 0.1911 0.1396 0.1745 0.4572 0.4847 0.2742 0.1678 0.1373 0.2668 0.4990
0.2622 0.1372 0.1696 0.2787 0.4896 0.4522 0.1700 0.1402 0.1936 0.3358 0.5142 0.3809 0.1450 0.1499 0.2260 0.4058 0.5015 0.2803 0.1376 0.1655 0.2686 0.4780 0.4631 0.1808 0.1390 0.1885 0.3246 0.5135 0.3941 0.1470 0.1484 0.2223 0.4002 0.5026 0.2817 0.1375 0.1667 0.2737 0.4868 0.4520 0.1674 0.1411 0.1989 0.3525 0.5131 0.3442 0.1402 0.1574 0.2491 0.4413 0.5115 0.4413 0.2491 0.1574 0.1402 0.3442 0.5131 0.3525 0.1989 0.1411 0.1674 0.4520 0.4868 0.2737 0.1667 0.1375 0.2817 0.5026 0.4002 0.2223 0.1484 0.1470 0.3941 0.5135 0.3246 0.1885 0.1390 0.1808 0.4631 0.4780 0.2686 0.1655 0.1376 0.2803 0.5015 0.4058 0.2260 0.1499 0.1450 0.3809 0.5142 0.3358 0.1936 0.1402 0.1700 0.4522 0.4896 0.2787 0.1696 0.1372 0.2622
0.1453 0.1714 0.2833 0.4941 0.4469 0.1662 0.1408 0.1961 0.3416 0.5142 0.3730 0.1439 0.1510 0.2294 0.4125 0.4991 0.2702 0.1374 0.1672 0.2728 0.4831 0.4586 0.1757 0.1395 0.1907 0.3294 0.5139 0.3883 0.1461 0.1491 0.2242 0.4036 0.5016 0.2780 0.1374 0.1670 0.2741 0.4868 0.4525 0.1681 0.1409 0.1980 0.3499 0.5134 0.3490 0.1407 0.1567 0.2481 0.4498 0.4851 0.3571 0.4851 0.4498 0.2481 0.1567 0.1407 0.3490 0.5134 0.3499 0.1980 0.1409 0.1681 0.4525 0.4868 0.2741 0.1670 0.1374 0.2780 0.5016 0.4036 0.2242 0.1491 0.1461 0.3883 0.5139 0.3294 0.1907 0.1395 0.1757 0.4586 0.4831 0.2728 0.1672 0.1374 0.2702 0.4991 0.4125 0.2294 0.1510 0.1439 0.3730 0.5142 0.3416 0.1961 0.1408 0.1662 0.4469 0.4941 0.2833 0.1714 0.1453
0.1776 0.2881 0.4981 0.4414 0.1628 0.1415 0.1988 0.3476 0.5140 0.3649 0.1429 0.1522 0.2328 0.4192 0.4965 0.2601 0.1372 0.1690 0.2772 0.4880 0.4538 0.1713 0.1400 0.1930 0.3347 0.5142 0.3817 0.1451 0.1500 0.2266 0.4079 0.5003 0.2729 0.1374 0.1677 0.2754 0.4878 0.4520 0.1681 0.1408 0.1975 0.3483 0.5136 0.3527 0.1410 0.1560 0.2462 0.4484 0.4813 0.2254 0.1391 0.2254 0.4813 0.4484 0.2462 0.1560 0.1410 0.3527 0.5136 0.3483 0.1975 0.1408 0.1681 0.4520 0.4878 0.2754 0.1677 0.1374 0.2729 0.5003 0.4079 0.2266 0.1500 0.1451 0.3817 0.5142 0.3347 0.1930 0.1400 0.1713 0.4538 0.4880 0.2772 0.1690 0.1372 0.2601 0.4965 0.4192 0.2328 0.1522 0.1429 0.3649 0.5140 0.3476 0.1988 0.1415 0.1628 0.4414 0.4981 0.2881 0.1776
0.2920 0.5017 0.4357 0.1599 0.1423 0.2015 0.3536 0.5135 0.3565 0.1420 0.1535 0.2364 0.4260 0.4937 0.2501 0.1371 0.1708 0.2817 0.4925 0.4488 0.1674 0.1406 0.1954 0.3402 0.5143 0.3745 0.1440 0.1510 0.2293 0.4131 0.4986 0.2665 0.1373 0.1686 0.2774 0.4895 0.4506 0.1674 0.1409 0.1975 0.3478 0.5137 0.3549 0.1413 0.1555 0.2445 0.4456 0.4820 0.2119 0.1363 0.1513 0.1363 0.2119 0.4820 0.4456 0.2445 0.1555 0.1413 0.3549 0.5137 0.3478 0.1975 0.1409 0.1674 0.4506 0.4895 0.2774 0.1686 0.1373 0.2665 0.4986 0.4131 0.2293 0.1510 0.1440 0.3745 0.5143 0.3402 0.1954 0.1406 0.1674 0.4488 0.4925 0.2817 0.1708 0.1371 0.2501 0.4937 0.4260 0.2364 0.1535 0.1420 0.3565 0.5135 0.3536 0.2015 0.1423 0.1599 0.4357 0.5017 0.2920
0.5015 0.4298 0.1573 0.1431 0.2042 0.3598 0.5127 0.3478 0.1411 0.1548 0.2400 0.4327 0.4907 0.2401 0.1371 0.1727 0.2864 0.4967 0.4434 0.1640 0.1413 0.1979 0.3458 0.5141 0.3668 0.1431 0.1521 0.2324 0.4188 0.4965 0.2589 0.1372 0.1697 0.2800 0.4918 0.4483 0.1661 0.1411 0.1980 0.3483 0.5137 0.3557 0.1414 0.1551 0.2432 0.4430 0.4834 0.2130 0.1373 0.1752 0.2352 0.1752 0.1373 0.2130 0.4834 0.4430 0.2432 0.1551 0.1414 0.3557 0.5137 0.3483 0.1980 0.1411 0.1661 0.4483 0.4918 0.2800 0.1697 0.1372 0.2589 0.4965 0.4188 0.2324 0.1521 0.1431 0.3668 0.5141 0.3458 0.1979 0.1413 0.1640 0.4434 0.4967 0.2864 0.1727 0.1371 0.2401 0.4907 0.4327 0.2400 0.1548 0.1411 0.3478 0.5127 0.3598 0.2042 0.1431 0.1573 0.4298 0.5015
0.4263 0.1549 0.1439 0.2071 0.3661 0.5118 0.3389 0.1404 0.1561 0.2437 0.4395 0.4876 0.2304 0.1372 0.1746 0.2912 0.5004 0.4379 0.1609 0.1420 0.2005 0.3515 0.5137 0.3588 0.1422 0.1532 0.2358 0.4251 0.4940 0.2503 0.1371 0.1711 0.2831 0.4945 0.4453 0.1644 0.1414 0.1989 0.3499 0.5136 0.3549 0.1414 0.1550 0.2426 0.4413 0.4845 0.2157 0.1375 0.1796 0.2969 0.4318 0.2969 0.1796 0.1375 0.2157 0.4845 0.4413 0.2426 0.1550 0.1414 0.3549 0.5136 0.3499 0.1989 0.1414 0.1644 0.4453 0.4945 0.2831 0.1711 0.1371 0.2503 0.4940 0.4251 0.2358 0.1532 0.1422 0.3588 0.5137 0.3515 0.2005 0.1420 0.1609 0.4379 0.5004 0.2912 0.1746 0.1372 0.2304 0.4876 0.4395 0.2437 0.1561 0.1404 0.3389 0.5118 0.3661 0.2071 0.1439 0.1549 0.4263
0.1610 0.1448 0.2100 0.3724 0.5106 0.3297 0.1397 0.1575 0.2475 0.4461 0.4842 0.2209 0.1373 0.1766 0.2960 0.5036 0.4320 0.1582 0.1428 0.2032 0.3575 0.5130 0.3507 0.1414 0.1545 0.2392 0.4314 0.4912 0.2413 0.1371 0.1727 0.2868 0.4975 0.4415 0.1624 0.1418 0.2003 0.3525 0.5134 0.3527 0.1413 0.1551 0.2426 0.4407 0.4851 0.2178 0.1374 0.1798 0.3052 0.5044 0.4884 0.5044 0.3052 0.1798 0.1374 0.2178 0.4851 0.4407 0.2426 0.1551 0.1413 0.3527 0.5134 0.3525 0.2003 0.1418 0.1624 0.4415 0.4975 0.2868 0.1727 0.1371 0.2413 0.4912 0.4314 0.2392 0.1545 0.1414 0.3507 0.5130 0.3575 0.2032 0.1428 0.1582 0.4320 0.5036 0.2960 0.1766 0.1373 0.2209 0.4842 0.4461 0.2475 0.1575 0.1397 0.3297 0.5106 0.3724 0.2100 0.1448 0.1610
0.1521 0.2130 0.3788 0.5092 0.3203 0.1392 0.1590 0.2515 0.4526 0.4806 0.2119 0.1375 0.1787 0.3010 0.5064 0.4260 0.1558 0.1436 0.2060 0.3636 0.5122 0.3421 0.1406 0.1557 0.2427 0.4378 0.4883 0.2322 0.1372 0.1744 0.2909 0.5005 0.4372 0.1602 0.1423 0.2020 0.3559 0.5131 0.3490 0.1410 0.1555 0.2432 0.4413 0.4851 0.2186 0.1374 0.1795 0.3056 0.5088 0.4269 0.2378 0.4269 0.5088 0.3056 0.1795 0.1374 0.2186 0.4851 0.4413 0.2432 0.1555 0.1410 0.3490 0.5131 0.3559 0.2020 0.1423 0.1602 0.4372 0.5005 0.2909 0.1744 0.1372 0.2322 0.4883 0.4378 0.2427 0.1557 0.1406 0.3421 0.5122 0.3636 0.2060 0.1436 0.1558 0.4260 0.5064 0.3010 0.1787 0.1375 0.2119 0.4806 0.4526 0.2515 0.1590 0.1392 0.3203 0.5092 0.3788 0.2130 0.1521
0.2182 0.3853 0.5076 0.3108 0.1387 0.1605 0.2554 0.4590 0.4768 0.2035 0.1377 0.1808 0.3061 0.5086 0.4197 0.1536 0.1444 0.2088 0.3699 0.5111 0.3332 0.1400 0.1570 0.2463 0.4440 0.4851 0.2233 0.1373 0.1762 0.2953 0.5034 0.4322 0.1581 0.1429 0.2039 0.3600 0.5126 0.3442 0.1407 0.1560 0.2445 0.4430 0.4845 0.2178 0.1374 0.1794 0.3053 0.5093 0.4160 0.1547 0.1353 0.1547 0.4160 0.5093 0.3053 0.1794 0.1374 0.2178 0.4845 0.4430 0.2445 0.1560 0.1407 0.3442 0.5126 0.3600 0.2039 0.1429 0.1581 0.4322 0.5034 0.2953 0.1762 0.1373 0.2233 0.4851 0.4440 0.2463 0.1570 0.1400 0.3332 0.5111 0.3699 0.2088 0.1444 0.1536 0.4197 0.5086 0.3061 0.1808 0.1377 0.2035 0.4768 0.4590 0.2554 0.1605 0.1387 0.3108 0.5076 0.3853 0.2182
0.3876 0.5059 0.3012 0.1382 0.1620 0.2594 0.4651 0.4728 0.1958 0.1380 0.1830 0.3112 0.5104 0.4133 0.1517 0.1453 0.2117 0.3761 0.5098 0.3241 0.1394 0.1584 0.2500 0.4502 0.4818 0.2148 0.1374 0.1781 0.2999 0.5059 0.4269 0.1560 0.1435 0.2061 0.3645 0.5119 0.3385 0.1402 0.1567 0.2462 0.4456 0.4834 0.2157 0.1374 0.1795 0.3053 0.5093 0.4146 0.1515 0.1429 0.1717 0.1429 0.1515 0.4146 0.5093 0.3053 0.1795 0.1374 0.2157 0.4834 0.4456 0.2462 0.1567 0.1402 0.3385 0.5119 0.3645 0.2061 0.1435 0.1560 0.4269 0.5059 0.2999 0.1781 0.1374 0.2148 0.4818 0.4502 0.2500 0.1584 0.1394 0.3241 0.5098 0.3761 0.2117 0.1453 0.1517 0.4133 0.5104 0.3112 0.1830 0.1380 0.1958 0.4728 0.4651 0.2594 0.1620 0.1382 0.3012 0.5059 0.3876
0.5044 0.2922 0.1379 0.1634 0.2632 0.4706 0.4690 0.1892 0.1383 0.1850 0.3160 0.5117 0.4071 0.1501 0.1461 0.2145 0.3820 0.5084 0.3155 0.1388 0.1597 0.2535 0.4560 0.4785 0.2071 0.1376 0.1799 0.3041 0.5079 0.4216 0.1541 0.1442 0.2083 0.3692 0.5111 0.3325 0.1398 0.1574 0.2481 0.4484 0.4820 0.2130 0.1375 0.1798 0.3056 0.5093 0.4146 0.1512 0.1454 0.2073 0.2910 0.2073 0.1454 0.1512 0.4146 0.5093 0.3056 0.1798 0.1375 0.2130 0.4820 0.4484 0.2481 0.1574 0.1398 0.3325 0.5111 0.3692 0.2083 0.1442 0.1541 0.4216 0.5079 0.3041 0.1799 0.1376 0.2071 0.4785 0.4560 0.2535 0.1597 0.1388 0.3155 0.5084 0.3820 0.2145 0.1461 0.1501 0.4071 0.5117 0.3160 0.1850 0.1383 0.1892 0.4690 0.4706 0.2632 0.1634 0.1379 0.2922 0.5044
0.2916 0.1375 0.1642 0.2655 0.4738 0.4663 0.1853 0.1384 0.1861 0.3191 0.5122 0.4031 0.1490 0.1465 0.2161 0.3858 0.5072 0.3100 0.1384 0.1604 0.2557 0.4596 0.4761 0.2022 0.1376 0.1809 0.3069 0.5088 0.4183 0.1529 0.1445 0.2096 0.3722 0.5103 0.3287 0.1394 0.1577 0.2491 0.4498 0.4813 0.2119 0.1373 0.1796 0.3052 0.5088 0.4160 0.1515 0.1454 0.2128 0.3702 0.5013 0.3702 0.2128 0.1454 0.1515 0.4160 0.5088 0.3052 0.1796 0.1373 0.2119 0.4813 0.4498 0.2491 0.1577 0.1394 0.3287 0.5103 0.3722 0.2096 0.1445 0.1529 0.4183 0.5088 0.3069 0.1809 0.1376 0.2022 0.4761 0.4596 0.2557 0.1604 0.1384 0.3100 0.5072 0.3858 0.2161 0.1465 0.1490 0.4031 0.5122 0.3191 0.1861 0.1384 0.1853 0.4663 0.4738 0.2655 0.1642 0.1375 0.2916
0.1456 0.1612 0.2602 0.4674 0.4701 0.1928 0.1371 0.1825 0.3133 0.5101 0.4107 0.1502 0.1445 0.2117 0.3791 0.5079 0.3209 0.1382 0.1577 0.2506 0.4528 0.4793 0.2118 0.1365 0.1774 0.3011 0.5058 0.4253 0.1548 0.1426 0.2051 0.3652 0.5106 0.3402 0.1395 0.1549 0.2432 0.4413 0.4851 0.2254 0.1363 0.1752 0.2969 0.5044 0.4269 0.1547 0.1429 0.2073 0.3702 0.5102 0.4422 0.5102 0.3702 0.2073 0.1429 0.1547 0.4269 0.5044 0.2969 0.1752 0.1363 0.2254 0.4851 0.4413 0.2432 0.1549 0.1395 0.3402 0.5106 0.3652 0.2051 0.1426 0.1548 0.4253 0.5058 0.3011 0.1774 0.1365 0.2118 0.4793 0.4528 0.2506 0.1577 0.1382 0.3209 0.5079 0.3791 0.2117 0.1445 0.1502 0.4107 0.5101 0.3133 0.1825 0.1371 0.1928 0.4701 0.4674 0.2602 0.1612 0.1456
0.1502 0.2100 0.3789 0.5069 0.3211 0.1365 0.1563 0.2486 0.4534 0.4784 0.2124 0.1356 0.1756 0.2993 0.5056 0.4251 0.1533 0.1414 0.2028 0.3635 0.5099 0.3425 0.1379 0.1530 0.2396 0.4381 0.4863 0.2340 0.1352 0.1711 0.2881 0.4995 0.4375 0.1590 0.1399 0.1973 0.3516 0.5115 0.3571 0.1391 0.1513 0.2352 0.4318 0.4884 0.2378 0.1353 0.1717 0.2910 0.5013 0.4422 0.2726 0.4422 0.5013 0.2910 0.1717 0.1353 0.2378 0.4884 0.4318 0.2352 0.1513 0.1391 0.3571 0.5115 0.3516 0.1973 0.1399 0.1590 0.4375 0.4995 0.2881 0.1711 0.1352 0.2340 0.4863 0.4381 0.2396 0.1530 0.1379 0.3425 0.5099 0.3635 0.2028 0.1414 0.1533 0.4251 0.5056 0.2993 0.1756 0.1356 0.2124 0.4784 0.4534 0.2486 0.1563 0.1365 0.3211 0.5069 0.3789 0.2100 0.1502
0.1456 0.1612 0.2602 0.4674 0.4701 0.1928 0.1371 0.1825 0.3133 0.5101 0.4107 0.1502 0.1445 0.2117 0.3791 0.5079 0.3209 0.1382 0.1577 0.2506 0.4528 0.4793 0.2118 0.1365 0.1774 0.3011 0.5058 0.4253 0.1548 0.1426 0.2051 0.3652 0.5106 0.3402 0.1395 0.1549 0.2432 0.4413 0.4851 0.2254 0.1363 0.1752 0.2969 0.5044 0.4269 0.1547 0.1429 0.2073 0.3702 0.5102 0.4422 0.5102 0.3702 0.2073 0.1429 0.1547 0.4269 0.5044 0.2969 0.1752 0.1363 0.2254 0.4851 0.4413 0.2432 0.1549 0.1395 0.3402 0.5106 0.3652 0.2051 0.1426 0.1548 0.4253 0.5058 0.3011 0.1774 0.1365 0.2118 0.4793 0.4528 0.2506 0.1577 0.1382 0.3209 0.5079 0.3791 0.2117 0.1445 0.1502 0.4107 0.5101 0.3133 0.1825 0.1371 0.1928 0.4701 0.4674 0.2602 0.1612 0.1456
0.2916 0.1375 0.1642 0.2655 0.4738 0.4663 0.1853 0.1384 0.1861 0.3191 0.5122 0.4031 0.1490 0.1465 0.2161 0.3858 0.5072 0.3100 0.1384 0.1604 0.2557 0.4596 0.4761 0.2022 0.1376 0.1809 0.3069 0.5088 0.4183 0.1529 0.1445 0.2096 0.3722 0.5103 0.3287 0.1394 0.1577 0.2491 0.4498 0.4813 0.2119 0.1373 0.1796 0.3052 0.5088 0.4160 0.1515 0.1454 0.2128 0.3702 0.5013 0.3702 0.2128 0.1454 0.1515 0.4160 0.5088 0.3052 0.1796 0.1373 0.2119 0.4813 0.4498 0.2491 0.1577 0.1394 0.3287 0.5103 0.3722 0.2096 0.1445 0.1529 0.4183 0.5088 0.3069 0.1809 0.1376 0.2022 0.4761 0.4596 0.2557 0.1604 0.1384 0.3100 0.5072 0.3858 0.2161 0.1465 0.1490 0.4031 0.5122 0.3191 0.1861 0.1384 0.1853 0.4663 0.4738 0.2655 0.1642 0.1375 0.2916
0.5044 0.2922 0.1379 0.1634 0.2632 0.4706 0.4690 0.1892 0.1383 0.1850 0.3160 0.5117 0.4071 0.1501 0.1461 0.2145 0.3820 0.5084 0.3155 0.1388 0.1597 0.2535 0.4560 0.4785 0.2071 0.1376 0.1799 0.3041 0.5079 0.4216 0.1541 0.1442 0.2083 0.3692 0.5111 0.3325 0.1398 0.1574 0.2481 0.4484 0.4820 0.2130 0.1375 0.1798 0.3056 0.5093 0.4146 0.1512 0.1454 0.2073 0.2910 0.2073 0.1454 0.1512 0.4146 0.5093 0.3056 0.1798 0.1375 0.2130 0.4820 0.4484 0.2481 0.1574 0.1398 0.3325 0.5111 0.3692 0.2083 0.1442 0.1541 0.4216 0.5079 0.3041 0.1799 0.1376 0.2071 0.4785 0.4560 0.2535 0.1597 0.1388 0.3155 0.5084 0.3820 0.2145 0.1461 0.1501 0.4071 0.5117 0.3160 0.1850 0.1383 0.1892 0.4690 0.4706 0.2632 0.1634 0.1379 0.2922 0.5044
0.3876 0.5059 0.3012 0.1382 0.1620 0.2594 0.4651 0.4728 0.1958 0.1380 0.1830 0.3112 0.5104 0.4133 0.1517 0.1453 0.2117 0.3761 0.5098 0.3241 0.1394 0.1584 0.2500 0.4502 0.4818 0.2148 0.1374 0.1781 0.2999 0.5059 0.4269 0.1560 0.1435 0.2061 0.3645 0.5119 0.3385 0.1402 0.1567 0.2462 0.4456 0.4834 0.2157 0.1374 0.1795 0.3053 0.5093 0.4146 0.1515 0.1429 0.1717 0.1429 0.1515 0.4146 0.5093 0.3053 0.1795 0.1374 0.2157 0.4834 0.4456 0.2462 0.1567 0.1402 0.3385 0.5119 0.3645 0.2061 0.1435 0.1560 0.4269 0.5059 0.2999 0.1781 0.1374 0.2148 0.4818 0.4502 0.2500 0.1584 0.1394 0.3241 0.5098 0.3761 0.2117 0.1453 0.1517 0.4133 0.5104 0.3112 0.1830 0.1380 0.1958 0.4728 0.4651 0.2594 0.1620 0.1382 0.3012 0.5059 0.3876
0.2182 0.3853 0.5076 0.3108 0.1387 0.1605 0.2554 0.4590 0.4768 0.2035 0.1377 0.1808 0.3061 0.5086 0.4197 0.1536 0.1444 0.2088 0.3699 0.5111 0.3332 0.1400 0.1570 0.2463 0.4440 0.4851 0.2233 0.1373 0.1762 0.2953 0.5034 0.4322 0.1581 0.1429 0.2039 0.3600 0.5126 0.3442 0.1407 0.1560 0.2445 0.4430 0.4845 0.2178 0.1374 0.1794 0.3053 0.5093 0.4160 0.1547 0.1353 0.1547 0.4160 0.5093 0.3053 0.1794 0.1374 0.2178 0.4845 0.4430 0.2445 0.1560 0.1407 0.3442 0.5126 0.3600 0.2039 0.1429 0.1581 0.4322 0.5034 0.2953 0.1762 0.1373 0.2233 0.4851 0.4440 0.2463 0.1570 0.1400 0.3332 0.5111 0.3699 0.2088 0.1444 0.1536 0.4197 0.5086 0.3061 0.1808 0.1377 0.2035 0.4768 0.4590 0.2554 0.1605 0.1387 0.3108 0.5076 0.3853 0.2182
