0.0002 0.0033 0.0426 0.5546 1.0000 0.0001 0.0008 0.0109 0.1421 1.0000 1.0000 0.0002 0.0028 0.0363 0.4727 1.0000 0.0001 0.0007 0.0093 0.1209 1.0000 1.0000 0.0002 0.0024 0.0310 0.4029 1.0000 1.0000 0.0006 0.0079 0.1030 1.0000 1.0000 0.0002 0.0020 0.0264 0.3428 1.0000 1.0000 0.0005 0.0067 0.0877 1.0000 1.0000 0.0001 0.0017 0.0223 0.2883 1.0000 1.0000 0.0001 1.0000 1.0000 0.2883 0.0223 0.0017 0.0001 1.0000 1.0000 0.0877 0.0067 0.0005 1.0000 1.0000 0.3428 0.0264 0.0020 0.0002 1.0000 1.0000 0.1030 0.0079 0.0006 1.0000 1.0000 0.4029 0.0310 0.0024 0.0002 1.0000 1.0000 0.1209 0.0093 0.0007 0.0001 1.0000 0.4727 0.0363 0.0028 0.0002 1.0000 1.0000 0.1421 0.0109 0.0008 0.0001 1.0000 0.5546 0.0426 0.0033 0.0002
0.0033 0.0434 0.5567 1.0000 0.0001 0.0008 0.0108 0.1402 1.0000 1.0000 0.0002 0.0028 0.0358 0.4656 1.0000 0.0001 0.0007 0.0092 0.1193 1.0000 1.0000 0.0002 0.0023 0.0305 0.3968 1.0000 1.0000 0.0006 0.0078 0.1015 1.0000 1.0000 0.0002 0.0020 0.0260 0.3376 1.0000 1.0000 0.0005 0.0066 0.0863 1.0000 1.0000 0.0001 0.0017 0.0220 0.2861 1.0000 1.0000 0.0004 0.0017 0.0004 1.0000 1.0000 0.2861 0.0220 0.0017 0.0001 1.0000 1.0000 0.0863 0.0066 0.0005 1.0000 1.0000 0.3376 0.0260 0.0020 0.0002 1.0000 1.0000 0.1015 0.0078 0.0006 1.0000 1.0000 0.3968 0.0305 0.0023 0.0002 1.0000 1.0000 0.1193 0.0092 0.0007 0.0001 1.0000 0.4656 0.0358 0.0028 0.0002 1.0000 1.0000 0.1402 0.0108 0.0008 0.0001 1.0000 0.5567 0.0434 0.0033
0.0426 0.5567 1.0000 0.0001 0.0008 0.0102 0.1314 1.0000 1.0000 0.0002 0.0026 0.0334 0.4339 1.0000 1.0000 0.0007 0.0085 0.1110 1.0000 1.0000 0.0002 0.0022 0.0284 0.3699 1.0000 1.0000 0.0006 0.0073 0.0946 1.0000 1.0000 0.0001 0.0019 0.0242 0.3146 1.0000 1.0000 0.0005 0.0062 0.0805 1.0000 1.0000 0.0001 0.0016 0.0205 0.2672 1.0000 1.0000 0.0004 0.0044 0.0211 0.0044 0.0004 1.0000 1.0000 0.2672 0.0205 0.0016 0.0001 1.0000 1.0000 0.0805 0.0062 0.0005 1.0000 1.0000 0.3146 0.0242 0.0019 0.0001 1.0000 1.0000 0.0946 0.0073 0.0006 1.0000 1.0000 0.3699 0.0284 0.0022 0.0002 1.0000 1.0000 0.1110 0.0085 0.0007 1.0000 1.0000 0.4339 0.0334 0.0026 0.0002 1.0000 1.0000 0.1314 0.0102 0.0008 0.0001 1.0000 0.5567 0.0426
0.5546 1.0000 0.0001 0.0008 0.0098 0.1256 1.0000 1.0000 0.0002 0.0024 0.0312 0.4052 1.0000 1.0000 0.0006 0.0080 0.1034 1.0000 1.0000 0.0002 0.0020 0.0265 0.3447 1.0000 1.0000 0.0005 0.0068 0.0882 1.0000 1.0000 0.0001 0.0017 0.0225 0.2933 1.0000 1.0000 0.0004 0.0058 0.0750 0.9756 1.0000 0.0001 0.0015 0.0192 0.2490 1.0000 1.0000 0.0004 0.0047 0.0532 0.2553 0.0532 0.0047 0.0004 1.0000 1.0000 0.2490 0.0192 0.0015 0.0001 1.0000 0.9756 0.0750 0.0058 0.0004 1.0000 1.0000 0.2933 0.0225 0.0017 0.0001 1.0000 1.0000 0.0882 0.0068 0.0005 1.0000 1.0000 0.3447 0.0265 0.0020 0.0002 1.0000 1.0000 0.1034 0.0080 0.0006 1.0000 1.0000 0.4052 0.0312 0.0024 0.0002 1.0000 1.0000 0.1256 0.0098 0.0008 0.0001 1.0000 0.5546
1.0000 0.0001 0.0008 0.0098 0.1232 1.0000 1.0000 0.0002 0.0023 0.0293 0.3791 1.0000 1.0000 0.0006 0.0074 0.0964 1.0000 1.0000 0.0001 0.0019 0.0247 0.3213 1.0000 1.0000 0.0005 0.0063 0.0822 1.0000 1.0000 0.0001 0.0016 0.0210 0.2733 1.0000 1.0000 0.0004 0.0054 0.0699 0.9093 1.0000 0.0001 0.0014 0.0179 0.2321 1.0000 1.0000 0.0003 0.0045 0.0569 0.6445 1.0000 0.6445 0.0569 0.0045 0.0003 1.0000 1.0000 0.2321 0.0179 0.0014 0.0001 1.0000 0.9093 0.0699 0.0054 0.0004 1.0000 1.0000 0.2733 0.0210 0.0016 0.0001 1.0000 1.0000 0.0822 0.0063 0.0005 1.0000 1.0000 0.3213 0.0247 0.0019 0.0001 1.0000 1.0000 0.0964 0.0074 0.0006 1.0000 1.0000 0.3791 0.0293 0.0023 0.0002 1.0000 1.0000 0.1232 0.0098 0.0008 0.0001 1.0000
0.0001 0.0008 0.0102 0.1256 1.0000 1.0000 0.0002 0.0022 0.0279 0.3595 1.0000 1.0000 0.0005 0.0069 0.0900 1.0000 1.0000 0.0001 0.0018 0.0230 0.2995 1.0000 1.0000 0.0005 0.0059 0.0766 0.9962 1.0000 0.0001 0.0015 0.0196 0.2548 1.0000 1.0000 0.0004 0.0050 0.0652 0.8475 1.0000 0.0001 0.0013 0.0167 0.2163 1.0000 1.0000 0.0003 0.0042 0.0547 0.6901 1.0000 1.0000 1.0000 0.6901 0.0547 0.0042 0.0003 1.0000 1.0000 0.2163 0.0167 0.0013 0.0001 1.0000 0.8475 0.0652 0.0050 0.0004 1.0000 1.0000 0.2548 0.0196 0.0015 0.0001 1.0000 0.9962 0.0766 0.0059 0.0005 1.0000 1.0000 0.2995 0.0230 0.0018 0.0001 1.0000 1.0000 0.0900 0.0069 0.0005 1.0000 1.0000 0.3595 0.0279 0.0022 0.0002 1.0000 1.0000 0.1256 0.0102 0.0008 0.0001
0.0008 0.0108 0.1314 1.0000 1.0000 0.0002 0.0021 0.0272 0.3460 1.0000 1.0000 0.0005 0.0065 0.0844 1.0000 1.0000 0.0001 0.0016 0.0215 0.2791 1.0000 1.0000 0.0004 0.0055 0.0714 0.9285 1.0000 0.0001 0.0014 0.0183 0.2375 1.0000 1.0000 0.0004 0.0047 0.0607 0.7899 1.0000 0.0001 0.0012 0.0155 0.2020 1.0000 1.0000 0.0003 0.0040 0.0513 0.6631 1.0000 0.0001 0.0003 0.0001 1.0000 0.6631 0.0513 0.0040 0.0003 1.0000 1.0000 0.2020 0.0155 0.0012 0.0001 1.0000 0.7899 0.0607 0.0047 0.0004 1.0000 1.0000 0.2375 0.0183 0.0014 0.0001 1.0000 0.9285 0.0714 0.0055 0.0004 1.0000 1.0000 0.2791 0.0215 0.0016 0.0001 1.0000 1.0000 0.0844 0.0065 0.0005 1.0000 1.0000 0.3460 0.0272 0.0021 0.0002 1.0000 1.0000 0.1314 0.0108 0.0008
0.0109 0.1402 1.0000 1.0000 0.0002 0.0022 0.0272 0.3415 1.0000 1.0000 0.0005 0.0062 0.0799 1.0000 1.0000 0.0001 0.0015 0.0200 0.2602 1.0000 1.0000 0.0004 0.0051 0.0665 0.8654 1.0000 0.0001 0.0013 0.0170 0.2213 1.0000 1.0000 0.0003 0.0044 0.0566 0.7362 1.0000 0.0001 0.0011 0.0145 0.1883 1.0000 1.0000 0.0003 0.0037 0.0479 0.6216 1.0000 0.0001 0.0008 0.0038 0.0008 0.0001 1.0000 0.6216 0.0479 0.0037 0.0003 1.0000 1.0000 0.1883 0.0145 0.0011 0.0001 1.0000 0.7362 0.0566 0.0044 0.0003 1.0000 1.0000 0.2213 0.0170 0.0013 0.0001 1.0000 0.8654 0.0665 0.0051 0.0004 1.0000 1.0000 0.2602 0.0200 0.0015 0.0001 1.0000 1.0000 0.0799 0.0062 0.0005 1.0000 1.0000 0.3415 0.0272 0.0022 0.0002 1.0000 1.0000 0.1402 0.0109
0.1421 1.0000 1.0000 0.0002 0.0023 0.0279 0.3460 1.0000 1.0000 0.0005 0.0060 0.0766 0.9812 1.0000 0.0001 0.0014 0.0187 0.2429 1.0000 1.0000 0.0004 0.0048 0.0620 0.8066 1.0000 0.0001 0.0012 0.0159 0.2063 1.0000 1.0000 0.0003 0.0041 0.0528 0.6862 1.0000 0.0001 0.0010 0.0135 0.1755 1.0000 1.0000 0.0003 0.0034 0.0447 0.5805 1.0000 0.0001 0.0008 0.0095 0.0458 0.0095 0.0008 0.0001 1.0000 0.5805 0.0447 0.0034 0.0003 1.0000 1.0000 0.1755 0.0135 0.0010 0.0001 1.0000 0.6862 0.0528 0.0041 0.0003 1.0000 1.0000 0.2063 0.0159 0.0012 0.0001 1.0000 0.8066 0.0620 0.0048 0.0004 1.0000 1.0000 0.2429 0.0187 0.0014 0.0001 1.0000 0.9812 0.0766 0.0060 0.0005 1.0000 1.0000 0.3460 0.0279 0.0023 0.0002 1.0000 1.0000 0.1421
1.0000 1.0000 0.0002 0.0024 0.0293 0.3595 1.0000 1.0000 0.0005 0.0059 0.0749 0.9518 1.0000 0.0001 0.0014 0.0177 0.2286 1.0000 1.0000 0.0003 0.0044 0.0578 0.7518 1.0000 0.0001 0.0011 0.0148 0.1923 1.0000 1.0000 0.0003 0.0038 0.0492 0.6396 1.0000 0.0001 0.0010 0.0126 0.1636 1.0000 1.0000 0.0002 0.0032 0.0417 0.5421 1.0000 0.0001 0.0008 0.0102 0.1157 0.5556 0.1157 0.0102 0.0008 0.0001 1.0000 0.5421 0.0417 0.0032 0.0002 1.0000 1.0000 0.1636 0.0126 0.0010 0.0001 1.0000 0.6396 0.0492 0.0038 0.0003 1.0000 1.0000 0.1923 0.0148 0.0011 0.0001 1.0000 0.7518 0.0578 0.0044 0.0003 1.0000 1.0000 0.2286 0.0177 0.0014 0.0001 1.0000 0.9518 0.0749 0.0059 0.0005 1.0000 1.0000 0.3595 0.0293 0.0024 0.0002 1.0000 1.0000
1.0000 0.0002 0.0026 0.0312 0.3791 1.0000 1.0000 0.0005 0.0060 0.0749 0.9410 1.0000 0.0001 0.0013 0.0169 0.2172 1.0000 1.0000 0.0003 0.0042 0.0540 0.7007 1.0000 0.0001 0.0011 0.0138 0.1792 1.0000 1.0000 0.0003 0.0035 0.0458 0.5961 1.0000 0.0001 0.0009 0.0117 0.1525 1.0000 1.0000 0.0002 0.0030 0.0388 0.5052 1.0000 0.0001 0.0008 0.0098 0.1239 1.0000 1.0000 1.0000 0.1239 0.0098 0.0008 0.0001 1.0000 0.5052 0.0388 0.0030 0.0002 1.0000 1.0000 0.1525 0.0117 0.0009 0.0001 1.0000 0.5961 0.0458 0.0035 0.0003 1.0000 1.0000 0.1792 0.0138 0.0011 0.0001 1.0000 0.7007 0.0540 0.0042 0.0003 1.0000 1.0000 0.2172 0.0169 0.0013 0.0001 1.0000 0.9410 0.0749 0.0060 0.0005 1.0000 1.0000 0.3791 0.0312 0.0026 0.0002 1.0000
0.0002 0.0028 0.0334 0.4052 1.0000 1.0000 0.0005 0.0062 0.0766 0.9518 1.0000 0.0001 0.0013 0.0164 0.2094 1.0000 1.0000 0.0003 0.0039 0.0507 0.6569 1.0000 0.0001 0.0010 0.0128 0.1670 1.0000 1.0000 0.0003 0.0033 0.0427 0.5556 1.0000 0.0001 0.0008 0.0109 0.1421 1.0000 1.0000 0.0002 0.0028 0.0363 0.4709 1.0000 0.0001 0.0007 0.0092 0.1188 1.0000 1.0000 0.0001 1.0000 1.0000 0.1188 0.0092 0.0007 0.0001 1.0000 0.4709 0.0363 0.0028 0.0002 1.0000 1.0000 0.1421 0.0109 0.0008 0.0001 1.0000 0.5556 0.0427 0.0033 0.0003 1.0000 1.0000 0.1670 0.0128 0.0010 0.0001 1.0000 0.6569 0.0507 0.0039 0.0003 1.0000 1.0000 0.2094 0.0164 0.0013 0.0001 1.0000 0.9518 0.0766 0.0062 0.0005 1.0000 1.0000 0.4052 0.0334 0.0028 0.0002
0.0028 0.0358 0.4339 1.0000 1.0000 0.0005 0.0065 0.0799 0.9812 1.0000 0.0001 0.0013 0.0163 0.2055 1.0000 1.0000 0.0003 0.0037 0.0481 0.6192 1.0000 0.0001 0.0009 0.0120 0.1557 1.0000 1.0000 0.0002 0.0031 0.0398 0.5179 1.0000 0.0001 0.0008 0.0102 0.1324 1.0000 1.0000 0.0002 0.0026 0.0338 0.4389 1.0000 1.0000 0.0007 0.0086 0.1116 1.0000 1.0000 0.0001 0.0007 0.0001 1.0000 1.0000 0.1116 0.0086 0.0007 1.0000 1.0000 0.4389 0.0338 0.0026 0.0002 1.0000 1.0000 0.1324 0.0102 0.0008 0.0001 1.0000 0.5179 0.0398 0.0031 0.0002 1.0000 1.0000 0.1557 0.0120 0.0009 0.0001 1.0000 0.6192 0.0481 0.0037 0.0003 1.0000 1.0000 0.2055 0.0163 0.0013 0.0001 1.0000 0.9812 0.0799 0.0065 0.0005 1.0000 1.0000 0.4339 0.0358 0.0028
0.0363 0.4656 1.0000 1.0000 0.0006 0.0069 0.0844 1.0000 1.0000 0.0001 0.0013 0.0164 0.2055 1.0000 1.0000 0.0003 0.0036 0.0461 0.5905 1.0000 0.0001 0.0009 0.0112 0.1457 1.0000 1.0000 0.0002 0.0029 0.0371 0.4827 1.0000 0.0001 0.0007 0.0095 0.1234 1.0000 1.0000 0.0002 0.0024 0.0315 0.4091 1.0000 1.0000 0.0006 0.0080 0.1042 1.0000 1.0000 0.0002 0.0017 0.0082 0.0017 0.0002 1.0000 1.0000 0.1042 0.0080 0.0006 1.0000 1.0000 0.4091 0.0315 0.0024 0.0002 1.0000 1.0000 0.1234 0.0095 0.0007 0.0001 1.0000 0.4827 0.0371 0.0029 0.0002 1.0000 1.0000 0.1457 0.0112 0.0009 0.0001 1.0000 0.5905 0.0461 0.0036 0.0003 1.0000 1.0000 0.2055 0.0164 0.0013 0.0001 1.0000 1.0000 0.0844 0.0069 0.0006 1.0000 1.0000 0.4656 0.0363
0.4727 1.0000 1.0000 0.0006 0.0074 0.0900 1.0000 1.0000 0.0001 0.0014 0.0169 0.2094 1.0000 1.0000 0.0003 0.0035 0.0449 0.5717 1.0000 0.0001 0.0008 0.0106 0.1373 1.0000 1.0000 0.0002 0.0027 0.0346 0.4499 1.0000 0.0001 0.0007 0.0088 0.1151 1.0000 1.0000 0.0002 0.0023 0.0294 0.3820 1.0000 1.0000 0.0006 0.0075 0.0971 1.0000 1.0000 0.0001 0.0018 0.0208 0.0998 0.0208 0.0018 0.0001 1.0000 1.0000 0.0971 0.0075 0.0006 1.0000 1.0000 0.3820 0.0294 0.0023 0.0002 1.0000 1.0000 0.1151 0.0088 0.0007 0.0001 1.0000 0.4499 0.0346 0.0027 0.0002 1.0000 1.0000 0.1373 0.0106 0.0008 0.0001 1.0000 0.5717 0.0449 0.0035 0.0003 1.0000 1.0000 0.2094 0.0169 0.0014 0.0001 1.0000 1.0000 0.0900 0.0074 0.0006 1.0000 1.0000 0.4727
1.0000 0.0001 0.0007 0.0080 0.0964 1.0000 1.0000 0.0001 0.0014 0.0177 0.2172 1.0000 1.0000 0.0003 0.0035 0.0445 0.5609 1.0000 0.0001 0.0008 0.0102 0.1304 1.0000 1.0000 0.0002 0.0025 0.0323 0.4193 1.0000 1.0000 0.0006 0.0082 0.1072 1.0000 1.0000 0.0002 0.0021 0.0274 0.3561 1.0000 1.0000 0.0005 0.0070 0.0907 1.0000 1.0000 0.0001 0.0018 0.0222 0.2514 1.0000 0.2514 0.0222 0.0018 0.0001 1.0000 1.0000 0.0907 0.0070 0.0005 1.0000 1.0000 0.3561 0.0274 0.0021 0.0002 1.0000 1.0000 0.1072 0.0082 0.0006 1.0000 1.0000 0.4193 0.0323 0.0025 0.0002 1.0000 1.0000 0.1304 0.0102 0.0008 0.0001 1.0000 0.5609 0.0445 0.0035 0.0003 1.0000 1.0000 0.2172 0.0177 0.0014 0.0001 1.0000 1.0000 0.0964 0.0080 0.0007 0.0001 1.0000
0.0001 0.0007 0.0085 0.1034 1.0000 1.0000 0.0001 0.0015 0.0187 0.2286 1.0000 1.0000 0.0003 0.0036 0.0449 0.5609 1.0000 0.0001 0.0008 0.0098 0.1256 1.0000 1.0000 0.0002 0.0024 0.0304 0.3938 1.0000 1.0000 0.0006 0.0077 0.0999 1.0000 1.0000 0.0002 0.0020 0.0255 0.3319 1.0000 1.0000 0.0005 0.0065 0.0845 1.0000 1.0000 0.0001 0.0017 0.0213 0.2692 1.0000 1.0000 1.0000 0.2692 0.0213 0.0017 0.0001 1.0000 1.0000 0.0845 0.0065 0.0005 1.0000 1.0000 0.3319 0.0255 0.0020 0.0002 1.0000 1.0000 0.0999 0.0077 0.0006 1.0000 1.0000 0.3938 0.0304 0.0024 0.0002 1.0000 1.0000 0.1256 0.0098 0.0008 0.0001 1.0000 0.5609 0.0449 0.0036 0.0003 1.0000 1.0000 0.2286 0.0187 0.0015 0.0001 1.0000 1.0000 0.1034 0.0085 0.0007 0.0001
0.0007 0.0092 0.1110 1.0000 1.0000 0.0001 0.0016 0.0200 0.2429 1.0000 1.0000 0.0003 0.0037 0.0461 0.5717 1.0000 0.0001 0.0008 0.0097 0.1225 1.0000 1.0000 0.0002 0.0022 0.0288 0.3713 1.0000 1.0000 0.0006 0.0072 0.0932 1.0000 1.0000 0.0001 0.0018 0.0238 0.3093 1.0000 1.0000 0.0005 0.0061 0.0788 1.0000 1.0000 0.0001 0.0015 0.0200 0.2587 1.0000 1.0000 0.0001 1.0000 1.0000 0.2587 0.0200 0.0015 0.0001 1.0000 1.0000 0.0788 0.0061 0.0005 1.0000 1.0000 0.3093 0.0238 0.0018 0.0001 1.0000 1.0000 0.0932 0.0072 0.0006 1.0000 1.0000 0.3713 0.0288 0.0022 0.0002 1.0000 1.0000 0.1225 0.0097 0.0008 0.0001 1.0000 0.5717 0.0461 0.0037 0.0003 1.0000 1.0000 0.2429 0.0200 0.0016 0.0001 1.0000 1.0000 0.1110 0.0092 0.0007
0.0093 0.1193 1.0000 1.0000 0.0001 0.0018 0.0215 0.2602 1.0000 1.0000 0.0003 0.0039 0.0481 0.5905 1.0000 0.0001 0.0008 0.0097 0.1216 1.0000 1.0000 0.0002 0.0022 0.0276 0.3540 1.0000 1.0000 0.0005 0.0067 0.0872 1.0000 1.0000 0.0001 0.0017 0.0222 0.2883 1.0000 1.0000 0.0004 0.0057 0.0734 0.9554 1.0000 0.0001 0.0014 0.0187 0.2429 1.0000 1.0000 0.0003 0.0015 0.0003 1.0000 1.0000 0.2429 0.0187 0.0014 0.0001 1.0000 0.9554 0.0734 0.0057 0.0004 1.0000 1.0000 0.2883 0.0222 0.0017 0.0001 1.0000 1.0000 0.0872 0.0067 0.0005 1.0000 1.0000 0.3540 0.0276 0.0022 0.0002 1.0000 1.0000 0.1216 0.0097 0.0008 0.0001 1.0000 0.5905 0.0481 0.0039 0.0003 1.0000 1.0000 0.2602 0.0215 0.0018 0.0001 1.0000 1.0000 0.1193 0.0093
0.1209 1.0000 1.0000 0.0002 0.0019 0.0230 0.2791 1.0000 1.0000 0.0003 0.0042 0.0507 0.6192 1.0000 0.0001 0.0008 0.0098 0.1225 1.0000 1.0000 0.0002 0.0021 0.0268 0.3408 1.0000 1.0000 0.0005 0.0064 0.0822 1.0000 1.0000 0.0001 0.0016 0.0207 0.2692 1.0000 1.0000 0.0004 0.0053 0.0685 0.8905 1.0000 0.0001 0.0013 0.0174 0.2264 1.0000 1.0000 0.0003 0.0037 0.0179 0.0037 0.0003 1.0000 1.0000 0.2264 0.0174 0.0013 0.0001 1.0000 0.8905 0.0685 0.0053 0.0004 1.0000 1.0000 0.2692 0.0207 0.0016 0.0001 1.0000 1.0000 0.0822 0.0064 0.0005 1.0000 1.0000 0.3408 0.0268 0.0021 0.0002 1.0000 1.0000 0.1225 0.0098 0.0008 0.0001 1.0000 0.6192 0.0507 0.0042 0.0003 1.0000 1.0000 0.2791 0.0230 0.0019 0.0002 1.0000 1.0000 0.1209
1.0000 1.0000 0.0002 0.0020 0.0247 0.2995 1.0000 1.0000 0.0004 0.0044 0.0540 0.6569 1.0000 0.0001 0.0008 0.0102 0.1256 1.0000 1.0000 0.0002 0.0021 0.0264 0.3331 1.0000 1.0000 0.0005 0.0061 0.0781 1.0000 1.0000 0.0001 0.0015 0.0194 0.2514 1.0000 1.0000 0.0004 0.0049 0.0639 0.8300 1.0000 0.0001 0.0013 0.0163 0.2114 1.0000 1.0000 0.0003 0.0040 0.0451 0.2167 0.0451 0.0040 0.0003 1.0000 1.0000 0.2114 0.0163 0.0013 0.0001 1.0000 0.8300 0.0639 0.0049 0.0004 1.0000 1.0000 0.2514 0.0194 0.0015 0.0001 1.0000 1.0000 0.0781 0.0061 0.0005 1.0000 1.0000 0.3331 0.0264 0.0021 0.0002 1.0000 1.0000 0.1256 0.0102 0.0008 0.0001 1.0000 0.6569 0.0540 0.0044 0.0004 1.0000 1.0000 0.2995 0.0247 0.0020 0.0002 1.0000 1.0000
1.0000 0.0002 0.0022 0.0265 0.3213 1.0000 1.0000 0.0004 0.0048 0.0578 0.7007 1.0000 0.0001 0.0009 0.0106 0.1304 1.0000 1.0000 0.0002 0.0021 0.0264 0.3306 1.0000 1.0000 0.0005 0.0059 0.0749 0.9590 1.0000 0.0001 0.0014 0.0182 0.2357 1.0000 1.0000 0.0004 0.0046 0.0596 0.7750 1.0000 0.0001 0.0012 0.0152 0.1971 1.0000 1.0000 0.0003 0.0038 0.0483 0.5472 1.0000 0.5472 0.0483 0.0038 0.0003 1.0000 1.0000 0.1971 0.0152 0.0012 0.0001 1.0000 0.7750 0.0596 0.0046 0.0004 1.0000 1.0000 0.2357 0.0182 0.0014 0.0001 1.0000 0.9590 0.0749 0.0059 0.0005 1.0000 1.0000 0.3306 0.0264 0.0021 0.0002 1.0000 1.0000 0.1304 0.0106 0.0009 0.0001 1.0000 0.7007 0.0578 0.0048 0.0004 1.0000 1.0000 0.3213 0.0265 0.0022 0.0002 1.0000
0.0002 0.0023 0.0284 0.3447 1.0000 1.0000 0.0004 0.0051 0.0620 0.7518 1.0000 0.0001 0.0009 0.0112 0.1373 1.0000 1.0000 0.0002 0.0022 0.0268 0.3331 1.0000 1.0000 0.0005 0.0057 0.0728 0.9267 1.0000 0.0001 0.0013 0.0172 0.2226 1.0000 1.0000 0.0003 0.0043 0.0557 0.7238 1.0000 0.0001 0.0011 0.0141 0.1837 1.0000 1.0000 0.0003 0.0036 0.0464 0.5860 1.0000 1.0000 1.0000 0.5860 0.0464 0.0036 0.0003 1.0000 1.0000 0.1837 0.0141 0.0011 0.0001 1.0000 0.7238 0.0557 0.0043 0.0003 1.0000 1.0000 0.2226 0.0172 0.0013 0.0001 1.0000 0.9267 0.0728 0.0057 0.0005 1.0000 1.0000 0.3331 0.0268 0.0022 0.0002 1.0000 1.0000 0.1373 0.0112 0.0009 0.0001 1.0000 0.7518 0.0620 0.0051 0.0004 1.0000 1.0000 0.3447 0.0284 0.0023 0.0002
0.0024 0.0305 0.3699 1.0000 1.0000 0.0005 0.0055 0.0665 0.8066 1.0000 0.0001 0.0010 0.0120 0.1457 1.0000 1.0000 0.0002 0.0022 0.0276 0.3408 1.0000 1.0000 0.0005 0.0057 0.0717 0.9058 1.0000 0.0001 0.0013 0.0165 0.2114 1.0000 1.0000 0.0003 0.0040 0.0522 0.6771 1.0000 0.0001 0.0010 0.0132 0.1715 1.0000 1.0000 0.0003 0.0034 0.0436 0.5631 1.0000 0.0001 0.0003 0.0001 1.0000 0.5631 0.0436 0.0034 0.0003 1.0000 1.0000 0.1715 0.0132 0.0010 0.0001 1.0000 0.6771 0.0522 0.0040 0.0003 1.0000 1.0000 0.2114 0.0165 0.0013 0.0001 1.0000 0.9058 0.0717 0.0057 0.0005 1.0000 1.0000 0.3408 0.0276 0.0022 0.0002 1.0000 1.0000 0.1457 0.0120 0.0010 0.0001 1.0000 0.8066 0.0665 0.0055 0.0005 1.0000 1.0000 0.3699 0.0305 0.0024
0.0310 0.3968 1.0000 1.0000 0.0005 0.0059 0.0714 0.8654 1.0000 0.0001 0.0011 0.0128 0.1557 1.0000 1.0000 0.0002 0.0024 0.0288 0.3540 1.0000 1.0000 0.0005 0.0057 0.0717 0.8990 1.0000 0.0001 0.0012 0.0159 0.2032 1.0000 1.0000 0.0003 0.0038 0.0492 0.6360 1.0000 0.0001 0.0010 0.0124 0.1605 1.0000 1.0000 0.0002 0.0031 0.0407 0.5278 1.0000 0.0001 0.0007 0.0032 0.0007 0.0001 1.0000 0.5278 0.0407 0.0031 0.0002 1.0000 1.0000 0.1605 0.0124 0.0010 0.0001 1.0000 0.6360 0.0492 0.0038 0.0003 1.0000 1.0000 0.2032 0.0159 0.0012 0.0001 1.0000 0.8990 0.0717 0.0057 0.0005 1.0000 1.0000 0.3540 0.0288 0.0024 0.0002 1.0000 1.0000 0.1557 0.0128 0.0011 0.0001 1.0000 0.8654 0.0714 0.0059 0.0005 1.0000 1.0000 0.3968 0.0310
0.4029 1.0000 1.0000 0.0005 0.0063 0.0766 0.9285 1.0000 0.0001 0.0011 0.0138 0.1670 1.0000 1.0000 0.0002 0.0025 0.0304 0.3713 1.0000 1.0000 0.0005 0.0059 0.0728 0.9058 1.0000 0.0001 0.0012 0.0156 0.1975 1.0000 1.0000 0.0003 0.0036 0.0466 0.6007 1.0000 0.0001 0.0009 0.0116 0.1502 1.0000 1.0000 0.0002 0.0029 0.0380 0.4938 1.0000 0.0001 0.0007 0.0081 0.0390 0.0081 0.0007 0.0001 1.0000 0.4938 0.0380 0.0029 0.0002 1.0000 1.0000 0.1502 0.0116 0.0009 0.0001 1.0000 0.6007 0.0466 0.0036 0.0003 1.0000 1.0000 0.1975 0.0156 0.0012 0.0001 1.0000 0.9058 0.0728 0.0059 0.0005 1.0000 1.0000 0.3713 0.0304 0.0025 0.0002 1.0000 1.0000 0.1670 0.0138 0.0011 0.0001 1.0000 0.9285 0.0766 0.0063 0.0005 1.0000 1.0000 0.4029
1.0000 1.0000 0.0006 0.0068 0.0822 0.9962 1.0000 0.0001 0.0012 0.0148 0.1792 1.0000 1.0000 0.0002 0.0027 0.0323 0.3938 1.0000 1.0000 0.0005 0.0061 0.0749 0.9267 1.0000 0.0001 0.0012 0.0154 0.1945 1.0000 1.0000 0.0003 0.0035 0.0446 0.5728 1.0000 0.0001 0.0008 0.0109 0.1408 1.0000 1.0000 0.0002 0.0027 0.0356 0.4620 1.0000 0.0001 0.0007 0.0087 0.0984 0.4727 0.0984 0.0087 0.0007 0.0001 1.0000 0.4620 0.0356 0.0027 0.0002 1.0000 1.0000 0.1408 0.0109 0.0008 0.0001 1.0000 0.5728 0.0446 0.0035 0.0003 1.0000 1.0000 0.1945 0.0154 0.0012 0.0001 1.0000 0.9267 0.0749 0.0061 0.0005 1.0000 1.0000 0.3938 0.0323 0.0027 0.0002 1.0000 1.0000 0.1792 0.0148 0.0012 0.0001 1.0000 0.9962 0.0822 0.0068 0.0006 1.0000 1.0000
1.0000 0.0006 0.0073 0.0882 1.0000 1.0000 0.0001 0.0013 0.0159 0.1923 1.0000 1.0000 0.0002 0.0029 0.0346 0.4193 1.0000 1.0000 0.0005 0.0064 0.0781 0.9590 1.0000 0.0001 0.0012 0.0156 0.1945 1.0000 1.0000 0.0003 0.0034 0.0431 0.5514 1.0000 0.0001 0.0008 0.0103 0.1329 1.0000 1.0000 0.0002 0.0026 0.0333 0.4323 1.0000 1.0000 0.0006 0.0084 0.1054 1.0000 1.0000 1.0000 0.1054 0.0084 0.0006 1.0000 1.0000 0.4323 0.0333 0.0026 0.0002 1.0000 1.0000 0.1329 0.0103 0.0008 0.0001 1.0000 0.5514 0.0431 0.0034 0.0003 1.0000 1.0000 0.1945 0.0156 0.0012 0.0001 1.0000 0.9590 0.0781 0.0064 0.0005 1.0000 1.0000 0.4193 0.0346 0.0029 0.0002 1.0000 1.0000 0.1923 0.0159 0.0013 0.0001 1.0000 1.0000 0.0882 0.0073 0.0006 1.0000
0.0006 0.0078 0.0946 1.0000 1.0000 0.0001 0.0014 0.0170 0.2063 1.0000 1.0000 0.0003 0.0031 0.0371 0.4499 1.0000 1.0000 0.0006 0.0067 0.0822 1.0000 1.0000 0.0001 0.0013 0.0159 0.1975 1.0000 1.0000 0.0003 0.0033 0.0422 0.5359 1.0000 0.0001 0.0008 0.0098 0.1263 1.0000 1.0000 0.0002 0.0024 0.0312 0.4044 1.0000 1.0000 0.0006 0.0079 0.1013 1.0000 1.0000 1.0000 1.0000 1.0000 0.1013 0.0079 0.0006 1.0000 1.0000 0.4044 0.0312 0.0024 0.0002 1.0000 1.0000 0.1263 0.0098 0.0008 0.0001 1.0000 0.5359 0.0422 0.0033 0.0003 1.0000 1.0000 0.1975 0.0159 0.0013 0.0001 1.0000 1.0000 0.0822 0.0067 0.0006 1.0000 1.0000 0.4499 0.0371 0.0031 0.0003 1.0000 1.0000 0.2063 0.0170 0.0014 0.0001 1.0000 1.0000 0.0946 0.0078 0.0006
0.0079 0.1015 1.0000 1.0000 0.0001 0.0015 0.0183 0.2213 1.0000 1.0000 0.0003 0.0033 0.0398 0.4827 1.0000 1.0000 0.0006 0.0072 0.0872 1.0000 1.0000 0.0001 0.0013 0.0165 0.2032 1.0000 1.0000 0.0003 0.0033 0.0419 0.5278 1.0000 0.0001 0.0007 0.0095 0.1209 1.0000 1.0000 0.0002 0.0023 0.0294 0.3798 1.0000 1.0000 0.0006 0.0074 0.0953 1.0000 1.0000 0.0001 0.0006 0.0001 1.0000 1.0000 0.0953 0.0074 0.0006 1.0000 1.0000 0.3798 0.0294 0.0023 0.0002 1.0000 1.0000 0.1209 0.0095 0.0007 0.0001 1.0000 0.5278 0.0419 0.0033 0.0003 1.0000 1.0000 0.2032 0.0165 0.0013 0.0001 1.0000 1.0000 0.0872 0.0072 0.0006 1.0000 1.0000 0.4827 0.0398 0.0033 0.0003 1.0000 1.0000 0.2213 0.0183 0.0015 0.0001 1.0000 1.0000 0.1015 0.0079
0.1030 1.0000 1.0000 0.0001 0.0016 0.0196 0.2375 1.0000 1.0000 0.0003 0.0035 0.0427 0.5179 1.0000 0.0001 0.0006 0.0077 0.0932 1.0000 1.0000 0.0001 0.0014 0.0172 0.2114 1.0000 1.0000 0.0003 0.0034 0.0422 0.5278 1.0000 0.0001 0.0007 0.0092 0.1170 1.0000 1.0000 0.0002 0.0022 0.0278 0.3588 1.0000 1.0000 0.0005 0.0069 0.0895 1.0000 1.0000 0.0001 0.0015 0.0070 0.0015 0.0001 1.0000 1.0000 0.0895 0.0069 0.0005 1.0000 1.0000 0.3588 0.0278 0.0022 0.0002 1.0000 1.0000 0.1170 0.0092 0.0007 0.0001 1.0000 0.5278 0.0422 0.0034 0.0003 1.0000 1.0000 0.2114 0.0172 0.0014 0.0001 1.0000 1.0000 0.0932 0.0077 0.0006 0.0001 1.0000 0.5179 0.0427 0.0035 0.0003 1.0000 1.0000 0.2375 0.0196 0.0016 0.0001 1.0000 1.0000 0.1030
1.0000 1.0000 0.0001 0.0017 0.0210 0.2548 1.0000 1.0000 0.0003 0.0038 0.0458 0.5556 1.0000 0.0001 0.0007 0.0082 0.0999 1.0000 1.0000 0.0001 0.0015 0.0182 0.2226 1.0000 1.0000 0.0003 0.0035 0.0431 0.5359 1.0000 0.0001 0.0007 0.0091 0.1146 1.0000 1.0000 0.0002 0.0021 0.0266 0.3415 1.0000 1.0000 0.0005 0.0065 0.0841 1.0000 1.0000 0.0001 0.0016 0.0177 0.0852 0.0177 0.0016 0.0001 1.0000 1.0000 0.0841 0.0065 0.0005 1.0000 1.0000 0.3415 0.0266 0.0021 0.0002 1.0000 1.0000 0.1146 0.0091 0.0007 0.0001 1.0000 0.5359 0.0431 0.0035 0.0003 1.0000 1.0000 0.2226 0.0182 0.0015 0.0001 1.0000 1.0000 0.0999 0.0082 0.0007 0.0001 1.0000 0.5556 0.0458 0.0038 0.0003 1.0000 1.0000 0.2548 0.0210 0.0017 0.0001 1.0000 1.0000
1.0000 0.0002 0.0019 0.0225 0.2733 1.0000 1.0000 0.0003 0.0041 0.0492 0.5961 1.0000 0.0001 0.0007 0.0088 0.1072 1.0000 1.0000 0.0001 0.0016 0.0194 0.2357 1.0000 1.0000 0.0003 0.0036 0.0446 0.5514 1.0000 0.0001 0.0007 0.0091 0.1137 1.0000 1.0000 0.0002 0.0020 0.0256 0.3275 1.0000 1.0000 0.0005 0.0061 0.0793 1.0000 1.0000 0.0001 0.0015 0.0191 0.2155 1.0000 0.2155 0.0191 0.0015 0.0001 1.0000 1.0000 0.0793 0.0061 0.0005 1.0000 1.0000 0.3275 0.0256 0.0020 0.0002 1.0000 1.0000 0.1137 0.0091 0.0007 0.0001 1.0000 0.5514 0.0446 0.0036 0.0003 1.0000 1.0000 0.2357 0.0194 0.0016 0.0001 1.0000 1.0000 0.1072 0.0088 0.0007 0.0001 1.0000 0.5961 0.0492 0.0041 0.0003 1.0000 1.0000 0.2733 0.0225 0.0019 0.0002 1.0000
0.0002 0.0020 0.0242 0.2933 1.0000 1.0000 0.0004 0.0044 0.0528 0.6396 1.0000 0.0001 0.0008 0.0095 0.1151 1.0000 1.0000 0.0001 0.0017 0.0207 0.2514 1.0000 1.0000 0.0003 0.0038 0.0466 0.5728 1.0000 0.0001 0.0007 0.0092 0.1146 1.0000 1.0000 0.0002 0.0020 0.0250 0.3177 1.0000 1.0000 0.0005 0.0059 0.0753 0.9700 1.0000 0.0001 0.0014 0.0184 0.2321 1.0000 1.0000 1.0000 0.2321 0.0184 0.0014 0.0001 1.0000 0.9700 0.0753 0.0059 0.0005 1.0000 1.0000 0.3177 0.0250 0.0020 0.0002 1.0000 1.0000 0.1146 0.0092 0.0007 0.0001 1.0000 0.5728 0.0466 0.0038 0.0003 1.0000 1.0000 0.2514 0.0207 0.0017 0.0001 1.0000 1.0000 0.1151 0.0095 0.0008 0.0001 1.0000 0.6396 0.0528 0.0044 0.0004 1.0000 1.0000 0.2933 0.0242 0.0020 0.0002
0.0020 0.0260 0.3146 1.0000 1.0000 0.0004 0.0047 0.0566 0.6862 1.0000 0.0001 0.0008 0.0102 0.1234 1.0000 1.0000 0.0002 0.0018 0.0222 0.2692 1.0000 1.0000 0.0003 0.0040 0.0492 0.6007 1.0000 0.0001 0.0008 0.0095 0.1170 1.0000 1.0000 0.0002 0.0020 0.0246 0.3111 1.0000 1.0000 0.0004 0.0056 0.0719 0.9232 1.0000 0.0001 0.0014 0.0175 0.2247 1.0000 1.0000 0.0001 1.0000 1.0000 0.2247 0.0175 0.0014 0.0001 1.0000 0.9232 0.0719 0.0056 0.0004 1.0000 1.0000 0.3111 0.0246 0.0020 0.0002 1.0000 1.0000 0.1170 0.0095 0.0008 0.0001 1.0000 0.6007 0.0492 0.0040 0.0003 1.0000 1.0000 0.2692 0.0222 0.0018 0.0002 1.0000 1.0000 0.1234 0.0102 0.0008 0.0001 1.0000 0.6862 0.0566 0.0047 0.0004 1.0000 1.0000 0.3146 0.0260 0.0020
0.0264 0.3376 1.0000 1.0000 0.0004 0.0050 0.0607 0.7362 1.0000 0.0001 0.0009 0.0109 0.1324 1.0000 1.0000 0.0002 0.0020 0.0238 0.2883 1.0000 1.0000 0.0004 0.0043 0.0522 0.6360 1.0000 0.0001 0.0008 0.0098 0.1209 1.0000 1.0000 0.0002 0.0020 0.0246 0.3087 1.0000 1.0000 0.0004 0.0054 0.0695 0.8871 1.0000 0.0001 0.0013 0.0166 0.2135 1.0000 1.0000 0.0003 0.0013 0.0003 1.0000 1.0000 0.2135 0.0166 0.0013 0.0001 1.0000 0.8871 0.0695 0.0054 0.0004 1.0000 1.0000 0.3087 0.0246 0.0020 0.0002 1.0000 1.0000 0.1209 0.0098 0.0008 0.0001 1.0000 0.6360 0.0522 0.0043 0.0004 1.0000 1.0000 0.2883 0.0238 0.0020 0.0002 1.0000 1.0000 0.1324 0.0109 0.0009 0.0001 1.0000 0.7362 0.0607 0.0050 0.0004 1.0000 1.0000 0.3376 0.0264
0.3428 1.0000 1.0000 0.0004 0.0054 0.0652 0.7899 1.0000 0.0001 0.0010 0.0117 0.1421 1.0000 1.0000 0.0002 0.0021 0.0255 0.3093 1.0000 1.0000 0.0004 0.0046 0.0557 0.6771 1.0000 0.0001 0.0008 0.0103 0.1263 1.0000 1.0000 0.0002 0.0020 0.0250 0.3111 1.0000 1.0000 0.0004 0.0053 0.0677 0.8605 1.0000 0.0001 0.0012 0.0158 0.2036 1.0000 1.0000 0.0003 0.0032 0.0156 0.0032 0.0003 1.0000 1.0000 0.2036 0.0158 0.0012 0.0001 1.0000 0.8605 0.0677 0.0053 0.0004 1.0000 1.0000 0.3111 0.0250 0.0020 0.0002 1.0000 1.0000 0.1263 0.0103 0.0008 0.0001 1.0000 0.6771 0.0557 0.0046 0.0004 1.0000 1.0000 0.3093 0.0255 0.0021 0.0002 1.0000 1.0000 0.1421 0.0117 0.0010 0.0001 1.0000 0.7899 0.0652 0.0054 0.0004 1.0000 1.0000 0.3428
1.0000 1.0000 0.0005 0.0058 0.0699 0.8475 1.0000 0.0001 0.0010 0.0126 0.1525 1.0000 1.0000 0.0002 0.0023 0.0274 0.3319 1.0000 1.0000 0.0004 0.0049 0.0596 0.7238 1.0000 0.0001 0.0009 0.0109 0.1329 1.0000 1.0000 0.0002 0.0021 0.0256 0.3177 1.0000 1.0000 0.0004 0.0053 0.0668 0.8443 1.0000 0.0001 0.0012 0.0152 0.1948 1.0000 1.0000 0.0003 0.0035 0.0397 0.1897 0.0397 0.0035 0.0003 1.0000 1.0000 0.1948 0.0152 0.0012 0.0001 1.0000 0.8443 0.0668 0.0053 0.0004 1.0000 1.0000 0.3177 0.0256 0.0021 0.0002 1.0000 1.0000 0.1329 0.0109 0.0009 0.0001 1.0000 0.7238 0.0596 0.0049 0.0004 1.0000 1.0000 0.3319 0.0274 0.0023 0.0002 1.0000 1.0000 0.1525 0.0126 0.0010 0.0001 1.0000 0.8475 0.0699 0.0058 0.0005 1.0000 1.0000
1.0000 0.0005 0.0062 0.0750 0.9093 1.0000 0.0001 0.0011 0.0135 0.1636 1.0000 1.0000 0.0002 0.0024 0.0294 0.3561 1.0000 1.0000 0.0004 0.0053 0.0639 0.7750 1.0000 0.0001 0.0010 0.0116 0.1408 1.0000 1.0000 0.0002 0.0022 0.0266 0.3275 1.0000 1.0000 0.0004 0.0053 0.0668 0.8379 1.0000 0.0001 0.0012 0.0148 0.1883 1.0000 1.0000 0.0003 0.0035 0.0432 0.4845 1.0000 0.4845 0.0432 0.0035 0.0003 1.0000 1.0000 0.1883 0.0148 0.0012 0.0001 1.0000 0.8379 0.0668 0.0053 0.0004 1.0000 1.0000 0.3275 0.0266 0.0022 0.0002 1.0000 1.0000 0.1408 0.0116 0.0010 0.0001 1.0000 0.7750 0.0639 0.0053 0.0004 1.0000 1.0000 0.3561 0.0294 0.0024 0.0002 1.0000 1.0000 0.1636 0.0135 0.0011 0.0001 1.0000 0.9093 0.0750 0.0062 0.0005 1.0000
0.0005 0.0066 0.0805 0.9756 1.0000 0.0001 0.0012 0.0145 0.1755 1.0000 1.0000 0.0002 0.0026 0.0315 0.3820 1.0000 1.0000 0.0005 0.0057 0.0685 0.8300 1.0000 0.0001 0.0010 0.0124 0.1502 1.0000 1.0000 0.0002 0.0023 0.0278 0.3415 1.0000 1.0000 0.0004 0.0054 0.0677 0.8443 1.0000 0.0001 0.0011 0.0145 0.1837 1.0000 1.0000 0.0003 0.0033 0.0425 0.5298 1.0000 1.0000 1.0000 0.5298 0.0425 0.0033 0.0003 1.0000 1.0000 0.1837 0.0145 0.0011 0.0001 1.0000 0.8443 0.0677 0.0054 0.0004 1.0000 1.0000 0.3415 0.0278 0.0023 0.0002 1.0000 1.0000 0.1502 0.0124 0.0010 0.0001 1.0000 0.8300 0.0685 0.0057 0.0005 1.0000 1.0000 0.3820 0.0315 0.0026 0.0002 1.0000 1.0000 0.1755 0.0145 0.0012 0.0001 1.0000 0.9756 0.0805 0.0066 0.0005
0.0067 0.0863 1.0000 1.0000 0.0001 0.0013 0.0155 0.1883 1.0000 1.0000 0.0002 0.0028 0.0338 0.4091 1.0000 1.0000 0.0005 0.0061 0.0734 0.8905 1.0000 0.0001 0.0011 0.0132 0.1605 1.0000 1.0000 0.0002 0.0024 0.0294 0.3588 1.0000 1.0000 0.0005 0.0056 0.0695 0.8605 1.0000 0.0001 0.0011 0.0144 0.1813 1.0000 1.0000 0.0003 0.0032 0.0411 0.5228 1.0000 1.0000 0.0002 1.0000 1.0000 0.5228 0.0411 0.0032 0.0003 1.0000 1.0000 0.1813 0.0144 0.0011 0.0001 1.0000 0.8605 0.0695 0.0056 0.0005 1.0000 1.0000 0.3588 0.0294 0.0024 0.0002 1.0000 1.0000 0.1605 0.0132 0.0011 0.0001 1.0000 0.8905 0.0734 0.0061 0.0005 1.0000 1.0000 0.4091 0.0338 0.0028 0.0002 1.0000 1.0000 0.1883 0.0155 0.0013 0.0001 1.0000 1.0000 0.0863 0.0067
0.0877 1.0000 1.0000 0.0001 0.0014 0.0167 0.2020 1.0000 1.0000 0.0002 0.0030 0.0363 0.4389 1.0000 1.0000 0.0005 0.0065 0.0788 0.9554 1.0000 0.0001 0.0012 0.0141 0.1715 1.0000 1.0000 0.0002 0.0026 0.0312 0.3798 1.0000 1.0000 0.0005 0.0059 0.0719 0.8871 1.0000 0.0001 0.0012 0.0145 0.1813 1.0000 1.0000 0.0002 0.0031 0.0400 0.5091 1.0000 0.0001 0.0006 0.0029 0.0006 0.0001 1.0000 0.5091 0.0400 0.0031 0.0002 1.0000 1.0000 0.1813 0.0145 0.0012 0.0001 1.0000 0.8871 0.0719 0.0059 0.0005 1.0000 1.0000 0.3798 0.0312 0.0026 0.0002 1.0000 1.0000 0.1715 0.0141 0.0012 0.0001 1.0000 0.9554 0.0788 0.0065 0.0005 1.0000 1.0000 0.4389 0.0363 0.0030 0.0002 1.0000 1.0000 0.2020 0.0167 0.0014 0.0001 1.0000 1.0000 0.0877
1.0000 1.0000 0.0001 0.0015 0.0179 0.2163 1.0000 1.0000 0.0003 0.0032 0.0388 0.4709 1.0000 1.0000 0.0006 0.0070 0.0845 1.0000 1.0000 0.0001 0.0013 0.0152 0.1837 1.0000 1.0000 0.0002 0.0027 0.0333 0.4044 1.0000 1.0000 0.0005 0.0061 0.0753 0.9232 1.0000 0.0001 0.0012 0.0148 0.1837 1.0000 1.0000 0.0002 0.0031 0.0393 0.4976 1.0000 0.0001 0.0007 0.0076 0.0363 0.0076 0.0007 0.0001 1.0000 0.4976 0.0393 0.0031 0.0002 1.0000 1.0000 0.1837 0.0148 0.0012 0.0001 1.0000 0.9232 0.0753 0.0061 0.0005 1.0000 1.0000 0.4044 0.0333 0.0027 0.0002 1.0000 1.0000 0.1837 0.0152 0.0013 0.0001 1.0000 1.0000 0.0845 0.0070 0.0006 1.0000 1.0000 0.4709 0.0388 0.0032 0.0003 1.0000 1.0000 0.2163 0.0179 0.0015 0.0001 1.0000 1.0000
1.0000 0.0001 0.0016 0.0192 0.2321 1.0000 1.0000 0.0003 0.0034 0.0417 0.5052 1.0000 1.0000 0.0006 0.0075 0.0907 1.0000 1.0000 0.0001 0.0013 0.0163 0.1971 1.0000 1.0000 0.0002 0.0029 0.0356 0.4323 1.0000 1.0000 0.0005 0.0065 0.0793 0.9700 1.0000 0.0001 0.0012 0.0152 0.1883 1.0000 1.0000 0.0002 0.0031 0.0391 0.4920 1.0000 0.0001 0.0007 0.0084 0.0939 0.4473 0.0939 0.0084 0.0007 0.0001 1.0000 0.4920 0.0391 0.0031 0.0002 1.0000 1.0000 0.1883 0.0152 0.0012 0.0001 1.0000 0.9700 0.0793 0.0065 0.0005 1.0000 1.0000 0.4323 0.0356 0.0029 0.0002 1.0000 1.0000 0.1971 0.0163 0.0013 0.0001 1.0000 1.0000 0.0907 0.0075 0.0006 1.0000 1.0000 0.5052 0.0417 0.0034 0.0003 1.0000 1.0000 0.2321 0.0192 0.0016 0.0001 1.0000
0.0001 0.0017 0.0205 0.2490 1.0000 1.0000 0.0003 0.0037 0.0447 0.5421 1.0000 0.0001 0.0007 0.0080 0.0971 1.0000 1.0000 0.0001 0.0014 0.0174 0.2114 1.0000 1.0000 0.0003 0.0031 0.0380 0.4620 1.0000 1.0000 0.0006 0.0069 0.0841 1.0000 1.0000 0.0001 0.0013 0.0158 0.1948 1.0000 1.0000 0.0003 0.0031 0.0393 0.4920 1.0000 0.0001 0.0007 0.0085 0.1046 1.0000 1.0000 1.0000 0.1046 0.0085 0.0007 0.0001 1.0000 0.4920 0.0393 0.0031 0.0003 1.0000 1.0000 0.1948 0.0158 0.0013 0.0001 1.0000 1.0000 0.0841 0.0069 0.0006 1.0000 1.0000 0.4620 0.0380 0.0031 0.0003 1.0000 1.0000 0.2114 0.0174 0.0014 0.0001 1.0000 1.0000 0.0971 0.0080 0.0007 0.0001 1.0000 0.5421 0.0447 0.0037 0.0003 1.0000 1.0000 0.2490 0.0205 0.0017 0.0001
0.0017 0.0220 0.2672 1.0000 1.0000 0.0003 0.0040 0.0479 0.5805 1.0000 0.0001 0.0007 0.0086 0.1042 1.0000 1.0000 0.0001 0.0015 0.0187 0.2264 1.0000 1.0000 0.0003 0.0034 0.0407 0.4938 1.0000 1.0000 0.0006 0.0074 0.0895 1.0000 1.0000 0.0001 0.0014 0.0166 0.2036 1.0000 1.0000 0.0003 0.0032 0.0400 0.4976 1.0000 0.0001 0.0007 0.0084 0.1056 1.0000 1.0000 1.0000 1.0000 1.0000 0.1056 0.0084 0.0007 0.0001 1.0000 0.4976 0.0400 0.0032 0.0003 1.0000 1.0000 0.2036 0.0166 0.0014 0.0001 1.0000 1.0000 0.0895 0.0074 0.0006 1.0000 1.0000 0.4938 0.0407 0.0034 0.0003 1.0000 1.0000 0.2264 0.0187 0.0015 0.0001 1.0000 1.0000 0.1042 0.0086 0.0007 0.0001 1.0000 0.5805 0.0479 0.0040 0.0003 1.0000 1.0000 0.2672 0.0220 0.0017
0.0223 0.2861 1.0000 1.0000 0.0003 0.0042 0.0513 0.6216 1.0000 0.0001 0.0008 0.0092 0.1116 1.0000 1.0000 0.0001 0.0017 0.0200 0.2429 1.0000 1.0000 0.0003 0.0036 0.0436 0.5278 1.0000 0.0001 0.0006 0.0079 0.0953 1.0000 1.0000 0.0001 0.0014 0.0175 0.2135 1.0000 1.0000 0.0003 0.0033 0.0411 0.5091 1.0000 0.0001 0.0007 0.0084 0.1056 1.0000 1.0000 0.0001 0.0006 0.0001 1.0000 1.0000 0.1056 0.0084 0.0007 0.0001 1.0000 0.5091 0.0411 0.0033 0.0003 1.0000 1.0000 0.2135 0.0175 0.0014 0.0001 1.0000 1.0000 0.0953 0.0079 0.0006 0.0001 1.0000 0.5278 0.0436 0.0036 0.0003 1.0000 1.0000 0.2429 0.0200 0.0017 0.0001 1.0000 1.0000 0.1116 0.0092 0.0008 0.0001 1.0000 0.6216 0.0513 0.0042 0.0003 1.0000 1.0000 0.2861 0.0223
0.2883 1.0000 1.0000 0.0004 0.0045 0.0547 0.6631 1.0000 0.0001 0.0008 0.0098 0.1188 1.0000 1.0000 0.0001 0.0018 0.0213 0.2587 1.0000 1.0000 0.0003 0.0038 0.0464 0.5631 1.0000 0.0001 0.0007 0.0084 0.1013 1.0000 1.0000 0.0001 0.0015 0.0184 0.2247 1.0000 1.0000 0.0003 0.0035 0.0425 0.5228 1.0000 0.0001 0.0007 0.0085 0.1056 1.0000 1.0000 0.0001 0.0015 0.0073 0.0015 0.0001 1.0000 1.0000 0.1056 0.0085 0.0007 0.0001 1.0000 0.5228 0.0425 0.0035 0.0003 1.0000 1.0000 0.2247 0.0184 0.0015 0.0001 1.0000 1.0000 0.1013 0.0084 0.0007 0.0001 1.0000 0.5631 0.0464 0.0038 0.0003 1.0000 1.0000 0.2587 0.0213 0.0018 0.0001 1.0000 1.0000 0.1188 0.0098 0.0008 0.0001 1.0000 0.6631 0.0547 0.0045 0.0004 1.0000 1.0000 0.2883
1.0000 1.0000 0.0004 0.0047 0.0569 0.6901 1.0000 0.0001 0.0008 0.0102 0.1239 1.0000 1.0000 0.0002 0.0018 0.0222 0.2692 1.0000 1.0000 0.0003 0.0040 0.0483 0.5860 1.0000 0.0001 0.0007 0.0087 0.1054 1.0000 1.0000 0.0001 0.0016 0.0191 0.2321 1.0000 1.0000 0.0003 0.0035 0.0432 0.5298 1.0000 0.0001 0.0007 0.0084 0.1046 1.0000 1.0000 0.0001 0.0017 0.0187 0.0885 0.0187 0.0017 0.0001 1.0000 1.0000 0.1046 0.0084 0.0007 0.0001 1.0000 0.5298 0.0432 0.0035 0.0003 1.0000 1.0000 0.2321 0.0191 0.0016 0.0001 1.0000 1.0000 0.1054 0.0087 0.0007 0.0001 1.0000 0.5860 0.0483 0.0040 0.0003 1.0000 1.0000 0.2692 0.0222 0.0018 0.0002 1.0000 1.0000 0.1239 0.0102 0.0008 0.0001 1.0000 0.6901 0.0569 0.0047 0.0004 1.0000 1.0000
1.0000 0.0004 0.0044 0.0532 0.6445 1.0000 0.0001 0.0008 0.0095 0.1157 1.0000 1.0000 0.0001 0.0017 0.0208 0.2514 1.0000 1.0000 0.0003 0.0037 0.0451 0.5472 1.0000 0.0001 0.0007 0.0081 0.0984 1.0000 1.0000 0.0001 0.0015 0.0177 0.2155 1.0000 1.0000 0.0003 0.0032 0.0397 0.4845 1.0000 1.0000 0.0006 0.0076 0.0939 1.0000 1.0000 0.0001 0.0015 0.0187 0.2055 0.9700 0.2055 0.0187 0.0015 0.0001 1.0000 1.0000 0.0939 0.0076 0.0006 1.0000 1.0000 0.4845 0.0397 0.0032 0.0003 1.0000 1.0000 0.2155 0.0177 0.0015 0.0001 1.0000 1.0000 0.0984 0.0081 0.0007 0.0001 1.0000 0.5472 0.0451 0.0037 0.0003 1.0000 1.0000 0.2514 0.0208 0.0017 0.0001 1.0000 1.0000 0.1157 0.0095 0.0008 0.0001 1.0000 0.6445 0.0532 0.0044 0.0004 1.0000
0.0001 0.0017 0.0211 0.2553 1.0000 1.0000 0.0003 0.0038 0.0458 0.5556 1.0000 0.0001 0.0007 0.0082 0.0998 1.0000 1.0000 0.0001 0.0015 0.0179 0.2167 1.0000 1.0000 0.0003 0.0032 0.0390 0.4727 1.0000 1.0000 0.0006 0.0070 0.0852 1.0000 1.0000 0.0001 0.0013 0.0156 0.1897 1.0000 1.0000 0.0002 0.0029 0.0363 0.4473 1.0000 1.0000 0.0006 0.0073 0.0885 0.9700 1.0000 0.9700 0.0885 0.0073 0.0006 1.0000 1.0000 0.4473 0.0363 0.0029 0.0002 1.0000 1.0000 0.1897 0.0156 0.0013 0.0001 1.0000 1.0000 0.0852 0.0070 0.0006 1.0000 1.0000 0.4727 0.0390 0.0032 0.0003 1.0000 1.0000 0.2167 0.0179 0.0015 0.0001 1.0000 1.0000 0.0998 0.0082 0.0007 0.0001 1.0000 0.5556 0.0458 0.0038 0.0003 1.0000 1.0000 0.2553 0.0211 0.0017 0.0001
1.0000 0.0004 0.0044 0.0532 0.6445 1.0000 0.0001 0.0008 0.0095 0.1157 1.0000 1.0000 0.0001 0.0017 0.0208 0.2514 1.0000 1.0000 0.0003 0.0037 0.0451 0.5472 1.0000 0.0001 0.0007 0.0081 0.0984 1.0000 1.0000 0.0001 0.0015 0.0177 0.2155 1.0000 1.0000 0.0003 0.0032 0.0397 0.4845 1.0000 1.0000 0.0006 0.0076 0.0939 1.0000 1.0000 0.0001 0.0015 0.0187 0.2055 0.9700 0.2055 0.0187 0.0015 0.0001 1.0000 1.0000 0.0939 0.0076 0.0006 1.0000 1.0000 0.4845 0.0397 0.0032 0.0003 1.0000 1.0000 0.2155 0.0177 0.0015 0.0001 1.0000 1.0000 0.0984 0.0081 0.0007 0.0001 1.0000 0.5472 0.0451 0.0037 0.0003 1.0000 1.0000 0.2514 0.0208 0.0017 0.0001 1.0000 1.0000 0.1157 0.0095 0.0008 0.0001 1.0000 0.6445 0.0532 0.0044 0.0004 1.0000
1.0000 1.0000 0.0004 0.0047 0.0569 0.6901 1.0000 0.0001 0.0008 0.0102 0.1239 1.0000 1.0000 0.0002 0.0018 0.0222 0.2692 1.0000 1.0000 0.0003 0.0040 0.0483 0.5860 1.0000 0.0001 0.0007 0.0087 0.1054 1.0000 1.0000 0.0001 0.0016 0.0191 0.2321 1.0000 1.0000 0.0003 0.0035 0.0432 0.5298 1.0000 0.0001 0.0007 0.0084 0.1046 1.0000 1.0000 0.0001 0.0017 0.0187 0.0885 0.0187 0.0017 0.0001 1.0000 1.0000 0.1046 0.0084 0.0007 0.0001 1.0000 0.5298 0.0432 0.0035 0.0003 1.0000 1.0000 0.2321 0.0191 0.0016 0.0001 1.0000 1.0000 0.1054 0.0087 0.0007 0.0001 1.0000 0.5860 0.0483 0.0040 0.0003 1.0000 1.0000 0.2692 0.0222 0.0018 0.0002 1.0000 1.0000 0.1239 0.0102 0.0008 0.0001 1.0000 0.6901 0.0569 0.0047 0.0004 1.0000 1.0000
0.2883 1.0000 1.0000 0.0004 0.0045 0.0547 0.6631 1.0000 0.0001 0.0008 0.0098 0.1188 1.0000 1.0000 0.0001 0.0018 0.0213 0.2587 1.0000 1.0000 0.0003 0.0038 0.0464 0.5631 1.0000 0.0001 0.0007 0.0084 0.1013 1.0000 1.0000 0.0001 0.0015 0.0184 0.2247 1.0000 1.0000 0.0003 0.0035 0.0425 0.5228 1.0000 0.0001 0.0007 0.0085 0.1056 1.0000 1.0000 0.0001 0.0015 0.0073 0.0015 0.0001 1.0000 1.0000 0.1056 0.0085 0.0007 0.0001 1.0000 0.5228 0.0425 0.0035 0.0003 1.0000 1.0000 0.2247 0.0184 0.0015 0.0001 1.0000 1.0000 0.1013 0.0084 0.0007 0.0001 1.0000 0.5631 0.0464 0.0038 0.0003 1.0000 1.0000 0.2587 0.0213 0.0018 0.0001 1.0000 1.0000 0.1188 0.0098 0.0008 0.0001 1.0000 0.6631 0.0547 0.0045 0.0004 1.0000 1.0000 0.2883
0.0223 0.2861 1.0000 1.0000 0.0003 0.0042 0.0513 0.6216 1.0000 0.0001 0.0008 0.0092 0.1116 1.0000 1.0000 0.0001 0.0017 0.0200 0.2429 1.0000 1.0000 0.0003 0.0036 0.0436 0.5278 1.0000 0.0001 0.0006 0.0079 0.0953 1.0000 1.0000 0.0001 0.0014 0.0175 0.2135 1.0000 1.0000 0.0003 0.0033 0.0411 0.5091 1.0000 0.0001 0.0007 0.0084 0.1056 1.0000 1.0000 0.0001 0.0006 0.0001 1.0000 1.0000 0.1056 0.0084 0.0007 0.0001 1.0000 0.5091 0.0411 0.0033 0.0003 1.0000 1.0000 0.2135 0.0175 0.0014 0.0001 1.0000 1.0000 0.0953 0.0079 0.0006 0.0001 1.0000 0.5278 0.0436 0.0036 0.0003 1.0000 1.0000 0.2429 0.0200 0.0017 0.0001 1.0000 1.0000 0.1116 0.0092 0.0008 0.0001 1.0000 0.6216 0.0513 0.0042 0.0003 1.0000 1.0000 0.2861 0.0223
0.0017 0.0220 0.2672 1.0000 1.0000 0.0003 0.0040 0.0479 0.5805 1.0000 0.0001 0.0007 0.0086 0.1042 1.0000 1.0000 0.0001 0.0015 0.0187 0.2264 1.0000 1.0000 0.0003 0.0034 0.0407 0.4938 1.0000 1.0000 0.0006 0.0074 0.0895 1.0000 1.0000 0.0001 0.0014 0.0166 0.2036 1.0000 1.0000 0.0003 0.0032 0.0400 0.4976 1.0000 0.0001 0.0007 0.0084 0.1056 1.0000 1.0000 1.0000 1.0000 1.0000 0.1056 0.0084 0.0007 0.0001 1.0000 0.4976 0.0400 0.0032 0.0003 1.0000 1.0000 0.2036 0.0166 0.0014 0.0001 1.0000 1.0000 0.0895 0.0074 0.0006 1.0000 1.0000 0.4938 0.0407 0.0034 0.0003 1.0000 1.0000 0.2264 0.0187 0.0015 0.0001 1.0000 1.0000 0.1042 0.0086 0.0007 0.0001 1.0000 0.5805 0.0479 0.0040 0.0003 1.0000 1.0000 0.2672 0.0220 0.0017
