0.1616 0.1574 0.2360 0.4248 0.4900 0.2310 0.1454 0.1840 0.3080 0.5093 0.4046 0.1556 0.1551 0.2285 0.4097 0.4966 0.2528 0.1453 0.1794 0.2967 0.5043 0.4200 0.1592 0.1530 0.2213 0.3945 0.5021 0.2756 0.1454 0.1752 0.2859 0.4969 0.4341 0.1637 0.1511 0.2145 0.3797 0.5065 0.2982 0.1460 0.1714 0.2757 0.4871 0.4470 0.1695 0.1495 0.2080 0.3644 0.5103 0.3460 0.1666 0.3460 0.5103 0.3644 0.2080 0.1495 0.1695 0.4470 0.4871 0.2757 0.1714 0.1460 0.2982 0.5065 0.3797 0.2145 0.1511 0.1637 0.4341 0.4969 0.2859 0.1752 0.1454 0.2756 0.5021 0.3945 0.2213 0.1530 0.1592 0.4200 0.5043 0.2967 0.1794 0.1453 0.2528 0.4966 0.4097 0.2285 0.1551 0.1556 0.4046 0.5093 0.3080 0.1840 0.1454 0.2310 0.4900 0.4248 0.2360 0.1574 0.1616
0.1574 0.2328 0.4247 0.4917 0.2336 0.1373 0.1780 0.3044 0.5100 0.4086 0.1488 0.1480 0.2235 0.4075 0.4985 0.2572 0.1371 0.1733 0.2928 0.5047 0.4237 0.1529 0.1457 0.2161 0.3921 0.5038 0.2805 0.1374 0.1690 0.2819 0.4969 0.4375 0.1580 0.1436 0.2092 0.3771 0.5081 0.3034 0.1379 0.1650 0.2715 0.4867 0.4501 0.1648 0.1418 0.2026 0.3622 0.5115 0.3310 0.1396 0.1398 0.1396 0.3310 0.5115 0.3622 0.2026 0.1418 0.1648 0.4501 0.4867 0.2715 0.1650 0.1379 0.3034 0.5081 0.3771 0.2092 0.1436 0.1580 0.4375 0.4969 0.2819 0.1690 0.1374 0.2805 0.5038 0.3921 0.2161 0.1457 0.1529 0.4237 0.5047 0.2928 0.1733 0.1371 0.2572 0.4985 0.4075 0.2235 0.1480 0.1488 0.4086 0.5100 0.3044 0.1780 0.1373 0.2336 0.4917 0.4247 0.2328 0.1574
0.2360 0.4247 0.4928 0.2395 0.1372 0.1762 0.2997 0.5080 0.4152 0.1504 0.1469 0.2202 0.4007 0.5009 0.2674 0.1372 0.1714 0.2879 0.5016 0.4299 0.1549 0.1448 0.2130 0.3855 0.5058 0.2906 0.1376 0.1672 0.2772 0.4927 0.4432 0.1607 0.1428 0.2063 0.3706 0.5096 0.3132 0.1383 0.1633 0.2671 0.4814 0.4553 0.1685 0.1411 0.1998 0.3561 0.5124 0.3362 0.1396 0.1545 0.1966 0.1545 0.1396 0.3362 0.5124 0.3561 0.1998 0.1411 0.1685 0.4553 0.4814 0.2671 0.1633 0.1383 0.3132 0.5096 0.3706 0.2063 0.1428 0.1607 0.4432 0.4927 0.2772 0.1672 0.1376 0.2906 0.5058 0.3855 0.2130 0.1448 0.1549 0.4299 0.5016 0.2879 0.1714 0.1372 0.2674 0.5009 0.4007 0.2202 0.1469 0.1504 0.4152 0.5080 0.2997 0.1762 0.1372 0.2395 0.4928 0.4247 0.2360
0.4248 0.4917 0.2395 0.1372 0.1752 0.2964 0.5062 0.4207 0.1521 0.1460 0.2171 0.3941 0.5031 0.2775 0.1373 0.1695 0.2832 0.4980 0.4358 0.1573 0.1439 0.2100 0.3789 0.5076 0.3006 0.1379 0.1654 0.2727 0.4880 0.4486 0.1638 0.1420 0.2034 0.3643 0.5110 0.3227 0.1388 0.1617 0.2628 0.4759 0.4602 0.1727 0.1404 0.1972 0.3500 0.5132 0.3444 0.1401 0.1571 0.2418 0.3495 0.2418 0.1571 0.1401 0.3444 0.5132 0.3500 0.1972 0.1404 0.1727 0.4602 0.4759 0.2628 0.1617 0.1388 0.3227 0.5110 0.3643 0.2034 0.1420 0.1638 0.4486 0.4880 0.2727 0.1654 0.1379 0.3006 0.5076 0.3789 0.2100 0.1439 0.1573 0.4358 0.4980 0.2832 0.1695 0.1373 0.2775 0.5031 0.3941 0.2171 0.1460 0.1521 0.4207 0.5062 0.2964 0.1752 0.1372 0.2395 0.4917 0.4248
0.4900 0.2336 0.1372 0.1752 0.2952 0.5050 0.4246 0.1535 0.1453 0.2144 0.3880 0.5051 0.2875 0.1375 0.1677 0.2786 0.4940 0.4416 0.1599 0.1430 0.2071 0.3725 0.5092 0.3104 0.1382 0.1638 0.2683 0.4830 0.4538 0.1673 0.1413 0.2007 0.3580 0.5121 0.3321 0.1393 0.1601 0.2587 0.4701 0.4649 0.1776 0.1398 0.1946 0.3440 0.5138 0.3531 0.1408 0.1565 0.2469 0.4381 0.5118 0.4381 0.2469 0.1565 0.1408 0.3531 0.5138 0.3440 0.1946 0.1398 0.1776 0.4649 0.4701 0.2587 0.1601 0.1393 0.3321 0.5121 0.3580 0.2007 0.1413 0.1673 0.4538 0.4830 0.2683 0.1638 0.1382 0.3104 0.5092 0.3725 0.2071 0.1430 0.1599 0.4416 0.4940 0.2786 0.1677 0.1375 0.2875 0.5051 0.3880 0.2144 0.1453 0.1535 0.4246 0.5050 0.2952 0.1752 0.1372 0.2336 0.4900
0.2310 0.1373 0.1762 0.2964 0.5050 0.4260 0.1544 0.1447 0.2123 0.3828 0.5067 0.2965 0.1377 0.1660 0.2741 0.4895 0.4470 0.1629 0.1423 0.2042 0.3661 0.5106 0.3200 0.1386 0.1622 0.2640 0.4775 0.4588 0.1714 0.1406 0.1980 0.3519 0.5130 0.3412 0.1399 0.1587 0.2546 0.4640 0.4693 0.1832 0.1392 0.1921 0.3382 0.5142 0.3616 0.1416 0.1553 0.2448 0.4451 0.4870 0.3617 0.4870 0.4451 0.2448 0.1553 0.1416 0.3616 0.5142 0.3382 0.1921 0.1392 0.1832 0.4693 0.4640 0.2546 0.1587 0.1399 0.3412 0.5130 0.3519 0.1980 0.1406 0.1714 0.4588 0.4775 0.2640 0.1622 0.1386 0.3200 0.5106 0.3661 0.2042 0.1423 0.1629 0.4470 0.4895 0.2741 0.1660 0.1377 0.2965 0.5067 0.3828 0.2123 0.1447 0.1544 0.4260 0.5050 0.2964 0.1762 0.1373 0.2310
0.1454 0.1780 0.2997 0.5062 0.4246 0.1544 0.1446 0.2112 0.3794 0.5079 0.3038 0.1380 0.1645 0.2700 0.4847 0.4522 0.1662 0.1415 0.2015 0.3598 0.5118 0.3294 0.1391 0.1606 0.2598 0.4718 0.4635 0.1761 0.1400 0.1954 0.3459 0.5136 0.3501 0.1406 0.1572 0.2506 0.4577 0.4735 0.1897 0.1388 0.1896 0.3324 0.5143 0.3698 0.1425 0.1540 0.2414 0.4413 0.4844 0.2328 0.1397 0.2328 0.4844 0.4413 0.2414 0.1540 0.1425 0.3698 0.5143 0.3324 0.1896 0.1388 0.1897 0.4735 0.4577 0.2506 0.1572 0.1406 0.3501 0.5136 0.3459 0.1954 0.1400 0.1761 0.4635 0.4718 0.2598 0.1606 0.1391 0.3294 0.5118 0.3598 0.2015 0.1415 0.1662 0.4522 0.4847 0.2700 0.1645 0.1380 0.3038 0.5079 0.3794 0.2112 0.1446 0.1544 0.4246 0.5062 0.2997 0.1780 0.1454
0.1840 0.3044 0.5080 0.4207 0.1535 0.1447 0.2112 0.3782 0.5084 0.3087 0.1382 0.1634 0.2666 0.4802 0.4568 0.1699 0.1408 0.1988 0.3537 0.5127 0.3386 0.1397 0.1591 0.2557 0.4658 0.4681 0.1815 0.1394 0.1928 0.3399 0.5141 0.3587 0.1413 0.1558 0.2467 0.4512 0.4775 0.1969 0.1383 0.1873 0.3268 0.5141 0.3777 0.1435 0.1527 0.2378 0.4353 0.4865 0.2220 0.1361 0.1502 0.1361 0.2220 0.4865 0.4353 0.2378 0.1527 0.1435 0.3777 0.5141 0.3268 0.1873 0.1383 0.1969 0.4775 0.4512 0.2467 0.1558 0.1413 0.3587 0.5141 0.3399 0.1928 0.1394 0.1815 0.4681 0.4658 0.2557 0.1591 0.1397 0.3386 0.5127 0.3537 0.1988 0.1408 0.1699 0.4568 0.4802 0.2666 0.1634 0.1382 0.3087 0.5084 0.3782 0.2112 0.1447 0.1535 0.4207 0.5080 0.3044 0.1840
0.3080 0.5100 0.4152 0.1521 0.1453 0.2123 0.3794 0.5084 0.3104 0.1384 0.1626 0.2641 0.4764 0.4605 0.1735 0.1403 0.1964 0.3479 0.5135 0.3475 0.1404 0.1576 0.2517 0.4595 0.4723 0.1877 0.1389 0.1904 0.3341 0.5143 0.3671 0.1422 0.1545 0.2429 0.4446 0.4813 0.2049 0.1380 0.1850 0.3213 0.5136 0.3855 0.1445 0.1515 0.2343 0.4287 0.4895 0.2275 0.1371 0.1728 0.2312 0.1728 0.1371 0.2275 0.4895 0.4287 0.2343 0.1515 0.1445 0.3855 0.5136 0.3213 0.1850 0.1380 0.2049 0.4813 0.4446 0.2429 0.1545 0.1422 0.3671 0.5143 0.3341 0.1904 0.1389 0.1877 0.4723 0.4595 0.2517 0.1576 0.1404 0.3475 0.5135 0.3479 0.1964 0.1403 0.1735 0.4605 0.4764 0.2641 0.1626 0.1384 0.3104 0.5084 0.3794 0.2123 0.1453 0.1521 0.4152 0.5100 0.3080
0.5093 0.4086 0.1504 0.1460 0.2144 0.3828 0.5079 0.3087 0.1384 0.1623 0.2628 0.4739 0.4631 0.1768 0.1398 0.1943 0.3427 0.5139 0.3558 0.1411 0.1562 0.2478 0.4531 0.4764 0.1948 0.1384 0.1879 0.3284 0.5142 0.3753 0.1431 0.1532 0.2392 0.4380 0.4849 0.2136 0.1377 0.1827 0.3159 0.5129 0.3930 0.1457 0.1504 0.2308 0.4220 0.4925 0.2363 0.1372 0.1762 0.2898 0.4227 0.2898 0.1762 0.1372 0.2363 0.4925 0.4220 0.2308 0.1504 0.1457 0.3930 0.5129 0.3159 0.1827 0.1377 0.2136 0.4849 0.4380 0.2392 0.1532 0.1431 0.3753 0.5142 0.3284 0.1879 0.1384 0.1948 0.4764 0.4531 0.2478 0.1562 0.1411 0.3558 0.5139 0.3427 0.1943 0.1398 0.1768 0.4631 0.4739 0.2628 0.1623 0.1384 0.3087 0.5079 0.3828 0.2144 0.1460 0.1504 0.4086 0.5093
0.4046 0.1488 0.1469 0.2171 0.3880 0.5067 0.3038 0.1382 0.1626 0.2628 0.4730 0.4645 0.1790 0.1395 0.1927 0.3384 0.5142 0.3630 0.1418 0.1550 0.2441 0.4466 0.4802 0.2026 0.1381 0.1856 0.3229 0.5138 0.3831 0.1442 0.1519 0.2355 0.4312 0.4882 0.2227 0.1374 0.1805 0.3106 0.5117 0.4003 0.1471 0.1492 0.2273 0.4153 0.4954 0.2460 0.1371 0.1752 0.2954 0.4992 0.4930 0.4992 0.2954 0.1752 0.1371 0.2460 0.4954 0.4153 0.2273 0.1492 0.1471 0.4003 0.5117 0.3106 0.1805 0.1374 0.2227 0.4882 0.4312 0.2355 0.1519 0.1442 0.3831 0.5138 0.3229 0.1856 0.1381 0.2026 0.4802 0.4466 0.2441 0.1550 0.1418 0.3630 0.5142 0.3384 0.1927 0.1395 0.1790 0.4645 0.4730 0.2628 0.1626 0.1382 0.3038 0.5067 0.3880 0.2171 0.1469 0.1488 0.4046
0.1556 0.1480 0.2202 0.3941 0.5051 0.2965 0.1380 0.1634 0.2641 0.4739 0.4645 0.1798 0.1393 0.1916 0.3354 0.5143 0.3689 0.1425 0.1539 0.2408 0.4405 0.4837 0.2109 0.1377 0.1833 0.3174 0.5131 0.3908 0.1454 0.1507 0.2320 0.4244 0.4914 0.2323 0.1373 0.1784 0.3054 0.5103 0.4073 0.1485 0.1482 0.2240 0.4085 0.4981 0.2559 0.1371 0.1734 0.2926 0.5031 0.4386 0.2568 0.4386 0.5031 0.2926 0.1734 0.1371 0.2559 0.4981 0.4085 0.2240 0.1482 0.1485 0.4073 0.5103 0.3054 0.1784 0.1373 0.2323 0.4914 0.4244 0.2320 0.1507 0.1454 0.3908 0.5131 0.3174 0.1833 0.1377 0.2109 0.4837 0.4405 0.2408 0.1539 0.1425 0.3689 0.5143 0.3354 0.1916 0.1393 0.1798 0.4645 0.4739 0.2641 0.1634 0.1380 0.2965 0.5051 0.3941 0.2202 0.1480 0.1556
0.1551 0.2235 0.4007 0.5031 0.2875 0.1377 0.1645 0.2666 0.4764 0.4631 0.1790 0.1393 0.1913 0.3338 0.5143 0.3729 0.1431 0.1530 0.2380 0.4350 0.4867 0.2191 0.1375 0.1812 0.3121 0.5121 0.3981 0.1466 0.1496 0.2285 0.4177 0.4944 0.2421 0.1372 0.1763 0.3003 0.5084 0.4140 0.1501 0.1471 0.2208 0.4018 0.5005 0.2660 0.1372 0.1716 0.2883 0.5014 0.4326 0.1609 0.1351 0.1609 0.4326 0.5014 0.2883 0.1716 0.1372 0.2660 0.5005 0.4018 0.2208 0.1471 0.1501 0.4140 0.5084 0.3003 0.1763 0.1372 0.2421 0.4944 0.4177 0.2285 0.1496 0.1466 0.3981 0.5121 0.3121 0.1812 0.1375 0.2191 0.4867 0.4350 0.2380 0.1530 0.1431 0.3729 0.5143 0.3338 0.1913 0.1393 0.1790 0.4631 0.4764 0.2666 0.1645 0.1377 0.2875 0.5031 0.4007 0.2235 0.1551
0.2285 0.4075 0.5009 0.2775 0.1375 0.1660 0.2700 0.4802 0.4605 0.1768 0.1395 0.1916 0.3338 0.5143 0.3750 0.1435 0.1524 0.2358 0.4304 0.4892 0.2267 0.1373 0.1792 0.3071 0.5108 0.4051 0.1481 0.1485 0.2251 0.4109 0.4971 0.2521 0.1371 0.1743 0.2953 0.5060 0.4205 0.1519 0.1461 0.2176 0.3951 0.5028 0.2761 0.1373 0.1697 0.2837 0.4982 0.4360 0.1583 0.1408 0.1668 0.1408 0.1583 0.4360 0.4982 0.2837 0.1697 0.1373 0.2761 0.5028 0.3951 0.2176 0.1461 0.1519 0.4205 0.5060 0.2953 0.1743 0.1371 0.2521 0.4971 0.4109 0.2251 0.1485 0.1481 0.4051 0.5108 0.3071 0.1792 0.1373 0.2267 0.4892 0.4304 0.2358 0.1524 0.1435 0.3750 0.5143 0.3338 0.1916 0.1395 0.1768 0.4605 0.4802 0.2700 0.1660 0.1375 0.2775 0.5009 0.4075 0.2285
0.4097 0.4985 0.2674 0.1373 0.1677 0.2741 0.4847 0.4568 0.1735 0.1398 0.1927 0.3354 0.5143 0.3750 0.1436 0.1521 0.2345 0.4272 0.4910 0.2330 0.1372 0.1775 0.3028 0.5092 0.4115 0.1496 0.1475 0.2218 0.4041 0.4997 0.2623 0.1371 0.1723 0.2904 0.5032 0.4268 0.1539 0.1452 0.2145 0.3885 0.5049 0.2861 0.1375 0.1679 0.2791 0.4943 0.4412 0.1600 0.1425 0.1985 0.2769 0.1985 0.1425 0.1600 0.4412 0.4943 0.2791 0.1679 0.1375 0.2861 0.5049 0.3885 0.2145 0.1452 0.1539 0.4268 0.5032 0.2904 0.1723 0.1371 0.2623 0.4997 0.4041 0.2218 0.1475 0.1496 0.4115 0.5092 0.3028 0.1775 0.1372 0.2330 0.4910 0.4272 0.2345 0.1521 0.1436 0.3750 0.5143 0.3354 0.1927 0.1398 0.1735 0.4568 0.4847 0.2741 0.1677 0.1373 0.2674 0.4985 0.4097
0.4966 0.2572 0.1372 0.1695 0.2786 0.4895 0.4522 0.1699 0.1403 0.1943 0.3384 0.5143 0.3729 0.1435 0.1521 0.2340 0.4255 0.4921 0.2377 0.1372 0.1762 0.2992 0.5076 0.4171 0.1511 0.1465 0.2188 0.3975 0.5020 0.2724 0.1372 0.1704 0.2856 0.4999 0.4328 0.1561 0.1443 0.2115 0.3820 0.5068 0.2961 0.1377 0.1662 0.2746 0.4899 0.4466 0.1627 0.1422 0.2027 0.3505 0.4901 0.3505 0.2027 0.1422 0.1627 0.4466 0.4899 0.2746 0.1662 0.1377 0.2961 0.5068 0.3820 0.2115 0.1443 0.1561 0.4328 0.4999 0.2856 0.1704 0.1372 0.2724 0.5020 0.3975 0.2188 0.1465 0.1511 0.4171 0.5076 0.2992 0.1762 0.1372 0.2377 0.4921 0.4255 0.2340 0.1521 0.1435 0.3729 0.5143 0.3384 0.1943 0.1403 0.1699 0.4522 0.4895 0.2786 0.1695 0.1372 0.2572 0.4966
0.2528 0.1371 0.1714 0.2832 0.4940 0.4470 0.1662 0.1408 0.1964 0.3427 0.5142 0.3689 0.1431 0.1524 0.2345 0.4255 0.4925 0.2400 0.1372 0.1753 0.2964 0.5060 0.4216 0.1525 0.1457 0.2160 0.3914 0.5041 0.2824 0.1374 0.1686 0.2809 0.4961 0.4387 0.1585 0.1435 0.2085 0.3756 0.5085 0.3059 0.1380 0.1645 0.2702 0.4850 0.4518 0.1660 0.1415 0.2013 0.3568 0.5126 0.4503 0.5126 0.3568 0.2013 0.1415 0.1660 0.4518 0.4850 0.2702 0.1645 0.1380 0.3059 0.5085 0.3756 0.2085 0.1435 0.1585 0.4387 0.4961 0.2809 0.1686 0.1374 0.2824 0.5041 0.3914 0.2160 0.1457 0.1525 0.4216 0.5060 0.2964 0.1753 0.1372 0.2400 0.4925 0.4255 0.2345 0.1524 0.1431 0.3689 0.5142 0.3427 0.1964 0.1408 0.1662 0.4470 0.4940 0.2832 0.1714 0.1371 0.2528
0.1453 0.1733 0.2879 0.4980 0.4416 0.1629 0.1415 0.1988 0.3479 0.5139 0.3630 0.1425 0.1530 0.2358 0.4272 0.4921 0.2400 0.1371 0.1748 0.2947 0.5048 0.4250 0.1538 0.1451 0.2137 0.3860 0.5058 0.2915 0.1376 0.1669 0.2764 0.4918 0.4443 0.1613 0.1426 0.2056 0.3692 0.5099 0.3156 0.1384 0.1628 0.2659 0.4798 0.4568 0.1698 0.1409 0.1989 0.3533 0.5129 0.3618 0.1681 0.3618 0.5129 0.3533 0.1989 0.1409 0.1698 0.4568 0.4798 0.2659 0.1628 0.1384 0.3156 0.5099 0.3692 0.2056 0.1426 0.1613 0.4443 0.4918 0.2764 0.1669 0.1376 0.2915 0.5058 0.3860 0.2137 0.1451 0.1538 0.4250 0.5048 0.2947 0.1748 0.1371 0.2400 0.4921 0.4272 0.2358 0.1530 0.1425 0.3630 0.5139 0.3479 0.1988 0.1415 0.1629 0.4416 0.4980 0.2879 0.1733 0.1453
0.1794 0.2928 0.5016 0.4358 0.1599 0.1423 0.2015 0.3537 0.5135 0.3558 0.1418 0.1539 0.2380 0.4304 0.4910 0.2377 0.1372 0.1748 0.2941 0.5042 0.4271 0.1547 0.1446 0.2118 0.3815 0.5072 0.2995 0.1379 0.1653 0.2722 0.4872 0.4496 0.1645 0.1419 0.2028 0.3629 0.5112 0.3251 0.1389 0.1613 0.2616 0.4742 0.4617 0.1742 0.1402 0.1963 0.3478 0.5135 0.3519 0.1416 0.1383 0.1416 0.3519 0.5135 0.3478 0.1963 0.1402 0.1742 0.4617 0.4742 0.2616 0.1613 0.1389 0.3251 0.5112 0.3629 0.2028 0.1419 0.1645 0.4496 0.4872 0.2722 0.1653 0.1379 0.2995 0.5072 0.3815 0.2118 0.1446 0.1547 0.4271 0.5042 0.2941 0.1748 0.1372 0.2377 0.4910 0.4304 0.2380 0.1539 0.1418 0.3558 0.5135 0.3537 0.2015 0.1423 0.1599 0.4358 0.5016 0.2928 0.1794
0.2967 0.5047 0.4299 0.1573 0.1430 0.2042 0.3598 0.5127 0.3475 0.1411 0.1550 0.2408 0.4350 0.4892 0.2330 0.1372 0.1753 0.2947 0.5042 0.4278 0.1552 0.1443 0.2105 0.3780 0.5082 0.3062 0.1381 0.1640 0.2685 0.4827 0.4544 0.1679 0.1412 0.2001 0.3567 0.5123 0.3343 0.1394 0.1597 0.2575 0.4683 0.4663 0.1793 0.1396 0.1937 0.3420 0.5140 0.3569 0.1413 0.1515 0.1906 0.1515 0.1413 0.3569 0.5140 0.3420 0.1937 0.1396 0.1793 0.4663 0.4683 0.2575 0.1597 0.1394 0.3343 0.5123 0.3567 0.2001 0.1412 0.1679 0.4544 0.4827 0.2685 0.1640 0.1381 0.3062 0.5082 0.3780 0.2105 0.1443 0.1552 0.4278 0.5042 0.2947 0.1753 0.1372 0.2330 0.4892 0.4350 0.2408 0.1550 0.1411 0.3475 0.5127 0.3598 0.2042 0.1430 0.1573 0.4299 0.5047 0.2967
0.5043 0.4237 0.1549 0.1439 0.2071 0.3661 0.5118 0.3386 0.1404 0.1562 0.2441 0.4405 0.4867 0.2267 0.1372 0.1762 0.2964 0.5048 0.4271 0.1552 0.1442 0.2098 0.3759 0.5089 0.3113 0.1383 0.1629 0.2653 0.4784 0.4585 0.1715 0.1406 0.1976 0.3507 0.5131 0.3432 0.1400 0.1583 0.2535 0.4622 0.4706 0.1852 0.1391 0.1913 0.3362 0.5142 0.3646 0.1420 0.1540 0.2333 0.3355 0.2333 0.1540 0.1420 0.3646 0.5142 0.3362 0.1913 0.1391 0.1852 0.4706 0.4622 0.2535 0.1583 0.1400 0.3432 0.5131 0.3507 0.1976 0.1406 0.1715 0.4585 0.4784 0.2653 0.1629 0.1383 0.3113 0.5089 0.3759 0.2098 0.1442 0.1552 0.4271 0.5048 0.2964 0.1762 0.1372 0.2267 0.4867 0.4405 0.2441 0.1562 0.1404 0.3386 0.5118 0.3661 0.2071 0.1439 0.1549 0.4237 0.5043
0.4200 0.1529 0.1448 0.2100 0.3725 0.5106 0.3294 0.1397 0.1576 0.2478 0.4466 0.4837 0.2191 0.1373 0.1775 0.2992 0.5060 0.4250 0.1547 0.1443 0.2098 0.3752 0.5092 0.3144 0.1385 0.1621 0.2628 0.4747 0.4620 0.1752 0.1400 0.1953 0.3453 0.5137 0.3518 0.1407 0.1569 0.2496 0.4559 0.4747 0.1918 0.1386 0.1889 0.3305 0.5142 0.3726 0.1428 0.1534 0.2381 0.4225 0.5124 0.4225 0.2381 0.1534 0.1428 0.3726 0.5142 0.3305 0.1889 0.1386 0.1918 0.4747 0.4559 0.2496 0.1569 0.1407 0.3518 0.5137 0.3453 0.1953 0.1400 0.1752 0.4620 0.4747 0.2628 0.1621 0.1385 0.3144 0.5092 0.3752 0.2098 0.1443 0.1547 0.4250 0.5060 0.2992 0.1775 0.1373 0.2191 0.4837 0.4466 0.2478 0.1576 0.1397 0.3294 0.5106 0.3725 0.2100 0.1448 0.1529 0.4200
0.1592 0.1457 0.2130 0.3789 0.5092 0.3200 0.1391 0.1591 0.2517 0.4531 0.4802 0.2109 0.1375 0.1792 0.3028 0.5076 0.4216 0.1538 0.1446 0.2105 0.3759 0.5092 0.3154 0.1386 0.1616 0.2610 0.4717 0.4648 0.1786 0.1396 0.1934 0.3405 0.5141 0.3595 0.1415 0.1556 0.2458 0.4496 0.4786 0.1992 0.1382 0.1865 0.3249 0.5140 0.3805 0.1438 0.1523 0.2362 0.4295 0.4940 0.3803 0.4940 0.4295 0.2362 0.1523 0.1438 0.3805 0.5140 0.3249 0.1865 0.1382 0.1992 0.4786 0.4496 0.2458 0.1556 0.1415 0.3595 0.5141 0.3405 0.1934 0.1396 0.1786 0.4648 0.4717 0.2610 0.1616 0.1386 0.3154 0.5092 0.3759 0.2105 0.1446 0.1538 0.4216 0.5076 0.3028 0.1792 0.1375 0.2109 0.4802 0.4531 0.2517 0.1591 0.1391 0.3200 0.5092 0.3789 0.2130 0.1457 0.1592
0.1530 0.2161 0.3855 0.5076 0.3104 0.1386 0.1606 0.2557 0.4595 0.4764 0.2026 0.1377 0.1812 0.3071 0.5092 0.4171 0.1525 0.1451 0.2118 0.3780 0.5089 0.3144 0.1386 0.1614 0.2601 0.4698 0.4667 0.1814 0.1393 0.1917 0.3363 0.5143 0.3664 0.1422 0.1544 0.2423 0.4434 0.4821 0.2070 0.1379 0.1843 0.3196 0.5134 0.3881 0.1449 0.1511 0.2330 0.4256 0.4919 0.2560 0.1421 0.2560 0.4919 0.4256 0.2330 0.1511 0.1449 0.3881 0.5134 0.3196 0.1843 0.1379 0.2070 0.4821 0.4434 0.2423 0.1544 0.1422 0.3664 0.5143 0.3363 0.1917 0.1393 0.1814 0.4667 0.4698 0.2601 0.1614 0.1386 0.3144 0.5089 0.3780 0.2118 0.1451 0.1525 0.4171 0.5092 0.3071 0.1812 0.1377 0.2026 0.4764 0.4595 0.2557 0.1606 0.1386 0.3104 0.5076 0.3855 0.2161 0.1530
0.2213 0.3921 0.5058 0.3006 0.1382 0.1622 0.2598 0.4658 0.4723 0.1948 0.1381 0.1833 0.3121 0.5108 0.4115 0.1511 0.1457 0.2137 0.3815 0.5082 0.3113 0.1385 0.1616 0.2601 0.4691 0.4676 0.1833 0.1391 0.1905 0.3330 0.5143 0.3721 0.1429 0.1533 0.2392 0.4374 0.4854 0.2152 0.1376 0.1821 0.3144 0.5126 0.3953 0.1462 0.1500 0.2296 0.4196 0.4938 0.2445 0.1362 0.1476 0.1362 0.2445 0.4938 0.4196 0.2296 0.1500 0.1462 0.3953 0.5126 0.3144 0.1821 0.1376 0.2152 0.4854 0.4374 0.2392 0.1533 0.1429 0.3721 0.5143 0.3330 0.1905 0.1391 0.1833 0.4676 0.4691 0.2601 0.1616 0.1385 0.3113 0.5082 0.3815 0.2137 0.1457 0.1511 0.4115 0.5108 0.3121 0.1833 0.1381 0.1948 0.4723 0.4658 0.2598 0.1622 0.1382 0.3006 0.5058 0.3921 0.2213
0.3945 0.5038 0.2906 0.1379 0.1638 0.2640 0.4718 0.4681 0.1877 0.1384 0.1856 0.3174 0.5121 0.4051 0.1496 0.1465 0.2160 0.3860 0.5072 0.3062 0.1383 0.1621 0.2610 0.4698 0.4676 0.1840 0.1390 0.1897 0.3306 0.5142 0.3767 0.1435 0.1525 0.2364 0.4320 0.4882 0.2234 0.1374 0.1801 0.3094 0.5114 0.4021 0.1475 0.1489 0.2263 0.4131 0.4963 0.2503 0.1369 0.1684 0.2232 0.1684 0.1369 0.2503 0.4963 0.4131 0.2263 0.1489 0.1475 0.4021 0.5114 0.3094 0.1801 0.1374 0.2234 0.4882 0.4320 0.2364 0.1525 0.1435 0.3767 0.5142 0.3306 0.1897 0.1390 0.1840 0.4676 0.4698 0.2610 0.1621 0.1383 0.3062 0.5072 0.3860 0.2160 0.1465 0.1496 0.4051 0.5121 0.3174 0.1856 0.1384 0.1877 0.4681 0.4718 0.2640 0.1638 0.1379 0.2906 0.5038 0.3945
0.5021 0.2805 0.1376 0.1654 0.2683 0.4775 0.4635 0.1815 0.1389 0.1879 0.3229 0.5131 0.3981 0.1481 0.1475 0.2188 0.3914 0.5058 0.2995 0.1381 0.1629 0.2628 0.4717 0.4667 0.1833 0.1390 0.1895 0.3294 0.5141 0.3799 0.1441 0.1518 0.2342 0.4275 0.4905 0.2308 0.1373 0.1783 0.3047 0.5100 0.4087 0.1489 0.1479 0.2232 0.4067 0.4988 0.2593 0.1371 0.1716 0.2788 0.4070 0.2788 0.1716 0.1371 0.2593 0.4988 0.4067 0.2232 0.1479 0.1489 0.4087 0.5100 0.3047 0.1783 0.1373 0.2308 0.4905 0.4275 0.2342 0.1518 0.1441 0.3799 0.5141 0.3294 0.1895 0.1390 0.1833 0.4667 0.4717 0.2628 0.1629 0.1381 0.2995 0.5058 0.3914 0.2188 0.1475 0.1481 0.3981 0.5131 0.3229 0.1879 0.1389 0.1815 0.4635 0.4775 0.2683 0.1654 0.1376 0.2805 0.5021
0.2756 0.1374 0.1672 0.2727 0.4830 0.4588 0.1761 0.1394 0.1904 0.3284 0.5138 0.3908 0.1466 0.1485 0.2218 0.3975 0.5041 0.2915 0.1379 0.1640 0.2653 0.4747 0.4648 0.1814 0.1391 0.1897 0.3294 0.5141 0.3815 0.1444 0.1513 0.2325 0.4237 0.4924 0.2375 0.1372 0.1766 0.3005 0.5083 0.4147 0.1504 0.1469 0.2201 0.4003 0.5011 0.2688 0.1372 0.1707 0.2843 0.4899 0.4988 0.4899 0.2843 0.1707 0.1372 0.2688 0.5011 0.4003 0.2201 0.1469 0.1504 0.4147 0.5083 0.3005 0.1766 0.1372 0.2375 0.4924 0.4237 0.2325 0.1513 0.1444 0.3815 0.5141 0.3294 0.1897 0.1391 0.1814 0.4648 0.4747 0.2653 0.1640 0.1379 0.2915 0.5041 0.3975 0.2218 0.1485 0.1466 0.3908 0.5138 0.3284 0.1904 0.1394 0.1761 0.4588 0.4830 0.2727 0.1672 0.1374 0.2756
0.1454 0.1690 0.2772 0.4880 0.4538 0.1714 0.1400 0.1928 0.3341 0.5142 0.3831 0.1454 0.1496 0.2251 0.4041 0.5020 0.2824 0.1376 0.1653 0.2685 0.4784 0.4620 0.1786 0.1393 0.1905 0.3306 0.5141 0.3815 0.1445 0.1510 0.2314 0.4210 0.4938 0.2429 0.1371 0.1753 0.2969 0.5065 0.4200 0.1519 0.1461 0.2172 0.3940 0.5032 0.2784 0.1373 0.1692 0.2818 0.4949 0.4508 0.2801 0.4508 0.4949 0.2818 0.1692 0.1373 0.2784 0.5032 0.3940 0.2172 0.1461 0.1519 0.4200 0.5065 0.2969 0.1753 0.1371 0.2429 0.4938 0.4210 0.2314 0.1510 0.1445 0.3815 0.5141 0.3306 0.1905 0.1393 0.1786 0.4620 0.4784 0.2685 0.1653 0.1376 0.2824 0.5020 0.4041 0.2251 0.1496 0.1454 0.3831 0.5142 0.3341 0.1928 0.1400 0.1714 0.4538 0.4880 0.2772 0.1690 0.1454
0.1752 0.2819 0.4927 0.4486 0.1673 0.1406 0.1954 0.3399 0.5143 0.3753 0.1442 0.1507 0.2285 0.4109 0.4997 0.2724 0.1374 0.1669 0.2722 0.4827 0.4585 0.1752 0.1396 0.1917 0.3330 0.5142 0.3799 0.1444 0.1510 0.2311 0.4196 0.4947 0.2468 0.1371 0.1742 0.2939 0.5047 0.4246 0.1534 0.1453 0.2145 0.3881 0.5051 0.2877 0.1375 0.1675 0.2778 0.4927 0.4456 0.1690 0.1353 0.1690 0.4456 0.4927 0.2778 0.1675 0.1375 0.2877 0.5051 0.3881 0.2145 0.1453 0.1534 0.4246 0.5047 0.2939 0.1742 0.1371 0.2468 0.4947 0.4196 0.2311 0.1510 0.1444 0.3799 0.5142 0.3330 0.1917 0.1396 0.1752 0.4585 0.4827 0.2722 0.1669 0.1374 0.2724 0.4997 0.4109 0.2285 0.1507 0.1442 0.3753 0.5143 0.3399 0.1954 0.1406 0.1673 0.4486 0.4927 0.2819 0.1752
0.2859 0.4969 0.4432 0.1638 0.1413 0.1980 0.3459 0.5141 0.3671 0.1431 0.1519 0.2320 0.4177 0.4971 0.2623 0.1372 0.1686 0.2764 0.4872 0.4544 0.1715 0.1400 0.1934 0.3363 0.5143 0.3767 0.1441 0.1513 0.2314 0.4196 0.4950 0.2489 0.1371 0.1734 0.2916 0.5031 0.4284 0.1548 0.1446 0.2122 0.3827 0.5067 0.2965 0.1377 0.1659 0.2738 0.4888 0.4484 0.1651 0.1392 0.1628 0.1392 0.1651 0.4484 0.4888 0.2738 0.1659 0.1377 0.2965 0.5067 0.3827 0.2122 0.1446 0.1548 0.4284 0.5031 0.2916 0.1734 0.1371 0.2489 0.4950 0.4196 0.2314 0.1513 0.1441 0.3767 0.5143 0.3363 0.1934 0.1400 0.1715 0.4544 0.4872 0.2764 0.1686 0.1372 0.2623 0.4971 0.4177 0.2320 0.1519 0.1431 0.3671 0.5141 0.3459 0.1980 0.1413 0.1638 0.4432 0.4969 0.2859
0.4969 0.4375 0.1607 0.1420 0.2007 0.3519 0.5136 0.3587 0.1422 0.1532 0.2355 0.4244 0.4944 0.2521 0.1371 0.1704 0.2809 0.4918 0.4496 0.1679 0.1406 0.1953 0.3405 0.5143 0.3721 0.1435 0.1518 0.2325 0.4210 0.4947 0.2489 0.1371 0.1730 0.2901 0.5019 0.4312 0.1560 0.1441 0.2102 0.3781 0.5081 0.3045 0.1380 0.1645 0.2699 0.4844 0.4528 0.1671 0.1408 0.1927 0.2666 0.1927 0.1408 0.1671 0.4528 0.4844 0.2699 0.1645 0.1380 0.3045 0.5081 0.3781 0.2102 0.1441 0.1560 0.4312 0.5019 0.2901 0.1730 0.1371 0.2489 0.4947 0.4210 0.2325 0.1518 0.1435 0.3721 0.5143 0.3405 0.1953 0.1406 0.1679 0.4496 0.4918 0.2809 0.1704 0.1371 0.2521 0.4944 0.4244 0.2355 0.1532 0.1422 0.3587 0.5136 0.3519 0.2007 0.1420 0.1607 0.4375 0.4969
0.4341 0.1580 0.1428 0.2034 0.3580 0.5130 0.3501 0.1413 0.1545 0.2392 0.4312 0.4914 0.2421 0.1371 0.1723 0.2856 0.4961 0.4443 0.1645 0.1412 0.1976 0.3453 0.5141 0.3664 0.1429 0.1525 0.2342 0.4237 0.4938 0.2468 0.1371 0.1730 0.2896 0.5012 0.4329 0.1569 0.1437 0.2087 0.3744 0.5091 0.3113 0.1383 0.1631 0.2662 0.4798 0.4572 0.1703 0.1406 0.1968 0.3373 0.4791 0.3373 0.1968 0.1406 0.1703 0.4572 0.4798 0.2662 0.1631 0.1383 0.3113 0.5091 0.3744 0.2087 0.1437 0.1569 0.4329 0.5012 0.2896 0.1730 0.1371 0.2468 0.4938 0.4237 0.2342 0.1525 0.1429 0.3664 0.5141 0.3453 0.1976 0.1412 0.1645 0.4443 0.4961 0.2856 0.1723 0.1371 0.2421 0.4914 0.4312 0.2392 0.1545 0.1413 0.3501 0.5130 0.3580 0.2034 0.1428 0.1580 0.4341
0.1637 0.1436 0.2063 0.3643 0.5121 0.3412 0.1406 0.1558 0.2429 0.4380 0.4882 0.2323 0.1372 0.1743 0.2904 0.4999 0.4387 0.1613 0.1419 0.2001 0.3507 0.5137 0.3595 0.1422 0.1533 0.2364 0.4275 0.4924 0.2429 0.1371 0.1734 0.2901 0.5012 0.4335 0.1574 0.1435 0.2076 0.3715 0.5098 0.3169 0.1386 0.1620 0.2630 0.4754 0.4611 0.1740 0.1402 0.1957 0.3439 0.5131 0.4608 0.5131 0.3439 0.1957 0.1402 0.1740 0.4611 0.4754 0.2630 0.1620 0.1386 0.3169 0.5098 0.3715 0.2076 0.1435 0.1574 0.4335 0.5012 0.2901 0.1734 0.1371 0.2429 0.4924 0.4275 0.2364 0.1533 0.1422 0.3595 0.5137 0.3507 0.2001 0.1419 0.1613 0.4387 0.4999 0.2904 0.1743 0.1372 0.2323 0.4882 0.4380 0.2429 0.1558 0.1406 0.3412 0.5121 0.3643 0.2063 0.1436 0.1637
0.1511 0.2092 0.3706 0.5110 0.3321 0.1399 0.1572 0.2467 0.4446 0.4849 0.2227 0.1373 0.1763 0.2953 0.5032 0.4328 0.1585 0.1426 0.2028 0.3567 0.5131 0.3518 0.1415 0.1544 0.2392 0.4320 0.4905 0.2375 0.1371 0.1742 0.2916 0.5019 0.4329 0.1574 0.1434 0.2070 0.3697 0.5103 0.3211 0.1388 0.1611 0.2604 0.4714 0.4646 0.1779 0.1397 0.1938 0.3413 0.5139 0.3789 0.1791 0.3789 0.5139 0.3413 0.1938 0.1397 0.1779 0.4646 0.4714 0.2604 0.1611 0.1388 0.3211 0.5103 0.3697 0.2070 0.1434 0.1574 0.4329 0.5019 0.2916 0.1742 0.1371 0.2375 0.4905 0.4320 0.2392 0.1544 0.1415 0.3518 0.5131 0.3567 0.2028 0.1426 0.1585 0.4328 0.5032 0.2953 0.1763 0.1373 0.2227 0.4849 0.4446 0.2467 0.1572 0.1399 0.3321 0.5110 0.3706 0.2092 0.1511
0.2145 0.3771 0.5096 0.3227 0.1393 0.1587 0.2506 0.4512 0.4813 0.2136 0.1374 0.1784 0.3003 0.5060 0.4268 0.1561 0.1435 0.2056 0.3629 0.5123 0.3432 0.1407 0.1556 0.2423 0.4374 0.4882 0.2308 0.1372 0.1753 0.2939 0.5031 0.4312 0.1569 0.1435 0.2070 0.3690 0.5106 0.3238 0.1390 0.1605 0.2583 0.4681 0.4674 0.1817 0.1393 0.1920 0.3371 0.5142 0.3688 0.1437 0.1372 0.1437 0.3688 0.5142 0.3371 0.1920 0.1393 0.1817 0.4674 0.4681 0.2583 0.1605 0.1390 0.3238 0.5106 0.3690 0.2070 0.1435 0.1569 0.4312 0.5031 0.2939 0.1753 0.1372 0.2308 0.4882 0.4374 0.2423 0.1556 0.1407 0.3432 0.5123 0.3629 0.2056 0.1435 0.1561 0.4268 0.5060 0.3003 0.1784 0.1374 0.2136 0.4813 0.4512 0.2506 0.1587 0.1393 0.3227 0.5096 0.3771 0.2145
0.3797 0.5081 0.3132 0.1388 0.1601 0.2546 0.4577 0.4775 0.2049 0.1377 0.1805 0.3054 0.5084 0.4205 0.1539 0.1443 0.2085 0.3692 0.5112 0.3343 0.1400 0.1569 0.2458 0.4434 0.4854 0.2234 0.1373 0.1766 0.2969 0.5047 0.4284 0.1560 0.1437 0.2076 0.3697 0.5106 0.3247 0.1391 0.1600 0.2568 0.4654 0.4695 0.1851 0.1390 0.1903 0.3331 0.5143 0.3719 0.1431 0.1492 0.1857 0.1492 0.1431 0.3719 0.5143 0.3331 0.1903 0.1390 0.1851 0.4695 0.4654 0.2568 0.1600 0.1391 0.3247 0.5106 0.3697 0.2076 0.1437 0.1560 0.4284 0.5047 0.2969 0.1766 0.1373 0.2234 0.4854 0.4434 0.2458 0.1569 0.1400 0.3343 0.5112 0.3692 0.2085 0.1443 0.1539 0.4205 0.5084 0.3054 0.1805 0.1377 0.2049 0.4775 0.4577 0.2546 0.1601 0.1388 0.3132 0.5081 0.3797
0.5065 0.3034 0.1383 0.1617 0.2587 0.4640 0.4735 0.1969 0.1380 0.1827 0.3106 0.5103 0.4140 0.1519 0.1452 0.2115 0.3756 0.5099 0.3251 0.1394 0.1583 0.2496 0.4496 0.4821 0.2152 0.1374 0.1783 0.3005 0.5065 0.4246 0.1548 0.1441 0.2087 0.3715 0.5103 0.3238 0.1391 0.1599 0.2560 0.4637 0.4711 0.1879 0.1387 0.1890 0.3296 0.5142 0.3768 0.1435 0.1517 0.2267 0.3244 0.2267 0.1517 0.1435 0.3768 0.5142 0.3296 0.1890 0.1387 0.1879 0.4711 0.4637 0.2560 0.1599 0.1391 0.3238 0.5103 0.3715 0.2087 0.1441 0.1548 0.4246 0.5065 0.3005 0.1783 0.1374 0.2152 0.4821 0.4496 0.2496 0.1583 0.1394 0.3251 0.5099 0.3756 0.2115 0.1452 0.1519 0.4140 0.5103 0.3106 0.1827 0.1380 0.1969 0.4735 0.4640 0.2587 0.1617 0.1383 0.3034 0.5065
0.2982 0.1379 0.1633 0.2628 0.4701 0.4693 0.1897 0.1383 0.1850 0.3159 0.5117 0.4073 0.1501 0.1461 0.2145 0.3820 0.5085 0.3156 0.1389 0.1597 0.2535 0.4559 0.4786 0.2070 0.1376 0.1801 0.3047 0.5083 0.4200 0.1534 0.1446 0.2102 0.3744 0.5098 0.3211 0.1390 0.1600 0.2560 0.4631 0.4719 0.1898 0.1386 0.1879 0.3268 0.5140 0.3814 0.1442 0.1516 0.2323 0.4109 0.5120 0.4109 0.2323 0.1516 0.1442 0.3814 0.5140 0.3268 0.1879 0.1386 0.1898 0.4719 0.4631 0.2560 0.1600 0.1390 0.3211 0.5098 0.3744 0.2102 0.1446 0.1534 0.4200 0.5083 0.3047 0.1801 0.1376 0.2070 0.4786 0.4559 0.2535 0.1597 0.1389 0.3156 0.5085 0.3820 0.2145 0.1461 0.1501 0.4073 0.5117 0.3159 0.1850 0.1383 0.1897 0.4693 0.4701 0.2628 0.1633 0.1379 0.2982
0.1460 0.1650 0.2671 0.4759 0.4649 0.1832 0.1388 0.1873 0.3213 0.5129 0.4003 0.1485 0.1471 0.2176 0.3885 0.5068 0.3059 0.1384 0.1613 0.2575 0.4622 0.4747 0.1992 0.1379 0.1821 0.3094 0.5100 0.4147 0.1519 0.1453 0.2122 0.3781 0.5091 0.3169 0.1388 0.1605 0.2568 0.4637 0.4719 0.1904 0.1385 0.1873 0.3249 0.5138 0.3852 0.1448 0.1510 0.2316 0.4198 0.4981 0.3925 0.4981 0.4198 0.2316 0.1510 0.1448 0.3852 0.5138 0.3249 0.1873 0.1385 0.1904 0.4719 0.4637 0.2568 0.1605 0.1388 0.3169 0.5091 0.3781 0.2122 0.1453 0.1519 0.4147 0.5100 0.3094 0.1821 0.1379 0.1992 0.4747 0.4622 0.2575 0.1613 0.1384 0.3059 0.5068 0.3885 0.2176 0.1471 0.1485 0.4003 0.5129 0.3213 0.1873 0.1388 0.1832 0.4649 0.4759 0.2671 0.1650 0.1460
0.1714 0.2715 0.4814 0.4602 0.1776 0.1392 0.1896 0.3268 0.5136 0.3930 0.1471 0.1482 0.2208 0.3951 0.5049 0.2961 0.1380 0.1628 0.2616 0.4683 0.4706 0.1918 0.1382 0.1843 0.3144 0.5114 0.4087 0.1504 0.1461 0.2145 0.3827 0.5081 0.3113 0.1386 0.1611 0.2583 0.4654 0.4711 0.1898 0.1385 0.1871 0.3238 0.5137 0.3878 0.1453 0.1505 0.2301 0.4186 0.4955 0.2701 0.1440 0.2701 0.4955 0.4186 0.2301 0.1505 0.1453 0.3878 0.5137 0.3238 0.1871 0.1385 0.1898 0.4711 0.4654 0.2583 0.1611 0.1386 0.3113 0.5081 0.3827 0.2145 0.1461 0.1504 0.4087 0.5114 0.3144 0.1843 0.1382 0.1918 0.4706 0.4683 0.2616 0.1628 0.1380 0.2961 0.5049 0.3951 0.2208 0.1482 0.1471 0.3930 0.5136 0.3268 0.1896 0.1392 0.1776 0.4602 0.4814 0.2715 0.1714
0.2757 0.4867 0.4553 0.1727 0.1398 0.1921 0.3324 0.5141 0.3855 0.1457 0.1492 0.2240 0.4018 0.5028 0.2861 0.1377 0.1645 0.2659 0.4742 0.4663 0.1852 0.1386 0.1865 0.3196 0.5126 0.4021 0.1489 0.1469 0.2172 0.3881 0.5067 0.3045 0.1383 0.1620 0.2604 0.4681 0.4695 0.1879 0.1386 0.1873 0.3238 0.5136 0.3892 0.1456 0.1501 0.2288 0.4160 0.4960 0.2546 0.1363 0.1462 0.1363 0.2546 0.4960 0.4160 0.2288 0.1501 0.1456 0.3892 0.5136 0.3238 0.1873 0.1386 0.1879 0.4695 0.4681 0.2604 0.1620 0.1383 0.3045 0.5067 0.3881 0.2172 0.1469 0.1489 0.4021 0.5126 0.3196 0.1865 0.1386 0.1852 0.4663 0.4742 0.2659 0.1645 0.1377 0.2861 0.5028 0.4018 0.2240 0.1492 0.1457 0.3855 0.5141 0.3324 0.1921 0.1398 0.1727 0.4553 0.4867 0.2757
0.4871 0.4501 0.1685 0.1404 0.1946 0.3382 0.5143 0.3777 0.1445 0.1504 0.2273 0.4085 0.5005 0.2761 0.1375 0.1662 0.2702 0.4798 0.4617 0.1793 0.1391 0.1889 0.3249 0.5134 0.3953 0.1475 0.1479 0.2201 0.3940 0.5051 0.2965 0.1380 0.1631 0.2630 0.4714 0.4674 0.1851 0.1387 0.1879 0.3249 0.5137 0.3892 0.1457 0.1499 0.2279 0.4139 0.4969 0.2552 0.1370 0.1667 0.2197 0.1667 0.1370 0.2552 0.4969 0.4139 0.2279 0.1499 0.1457 0.3892 0.5137 0.3249 0.1879 0.1387 0.1851 0.4674 0.4714 0.2630 0.1631 0.1380 0.2965 0.5051 0.3940 0.2201 0.1479 0.1475 0.3953 0.5134 0.3249 0.1889 0.1391 0.1793 0.4617 0.4798 0.2702 0.1662 0.1375 0.2761 0.5005 0.4085 0.2273 0.1504 0.1445 0.3777 0.5143 0.3382 0.1946 0.1404 0.1685 0.4501 0.4871
0.4470 0.1648 0.1411 0.1972 0.3440 0.5142 0.3698 0.1435 0.1515 0.2308 0.4153 0.4981 0.2660 0.1373 0.1679 0.2746 0.4850 0.4568 0.1742 0.1396 0.1913 0.3305 0.5140 0.3881 0.1462 0.1489 0.2232 0.4003 0.5032 0.2877 0.1377 0.1645 0.2662 0.4754 0.4646 0.1817 0.1390 0.1890 0.3268 0.5138 0.3878 0.1456 0.1499 0.2276 0.4127 0.4975 0.2576 0.1371 0.1708 0.2758 0.4016 0.2758 0.1708 0.1371 0.2576 0.4975 0.4127 0.2276 0.1499 0.1456 0.3878 0.5138 0.3268 0.1890 0.1390 0.1817 0.4646 0.4754 0.2662 0.1645 0.1377 0.2877 0.5032 0.4003 0.2232 0.1489 0.1462 0.3881 0.5140 0.3305 0.1913 0.1396 0.1742 0.4568 0.4850 0.2746 0.1679 0.1373 0.2660 0.4981 0.4153 0.2308 0.1515 0.1435 0.3698 0.5142 0.3440 0.1972 0.1411 0.1648 0.4470
0.1695 0.1418 0.1998 0.3500 0.5138 0.3616 0.1425 0.1527 0.2343 0.4220 0.4954 0.2559 0.1372 0.1697 0.2791 0.4899 0.4518 0.1698 0.1402 0.1937 0.3362 0.5142 0.3805 0.1449 0.1500 0.2263 0.4067 0.5011 0.2784 0.1375 0.1659 0.2699 0.4798 0.4611 0.1779 0.1393 0.1903 0.3296 0.5140 0.3852 0.1453 0.1501 0.2279 0.4127 0.4977 0.2592 0.1371 0.1711 0.2838 0.4882 0.5000 0.4882 0.2838 0.1711 0.1371 0.2592 0.4977 0.4127 0.2279 0.1501 0.1453 0.3852 0.5140 0.3296 0.1903 0.1393 0.1779 0.4611 0.4798 0.2699 0.1659 0.1375 0.2784 0.5011 0.4067 0.2263 0.1500 0.1449 0.3805 0.5142 0.3362 0.1937 0.1402 0.1698 0.4518 0.4899 0.2791 0.1697 0.1372 0.2559 0.4954 0.4220 0.2343 0.1527 0.1425 0.3616 0.5138 0.3500 0.1998 0.1418 0.1695
0.1495 0.2026 0.3561 0.5132 0.3531 0.1416 0.1540 0.2378 0.4287 0.4925 0.2460 0.1371 0.1716 0.2837 0.4943 0.4466 0.1660 0.1409 0.1963 0.3420 0.5142 0.3726 0.1438 0.1511 0.2296 0.4131 0.4988 0.2688 0.1373 0.1675 0.2738 0.4844 0.4572 0.1740 0.1397 0.1920 0.3331 0.5142 0.3814 0.1448 0.1505 0.2288 0.4139 0.4975 0.2592 0.1372 0.1710 0.2846 0.4959 0.4509 0.2817 0.4509 0.4959 0.2846 0.1710 0.1372 0.2592 0.4975 0.4139 0.2288 0.1505 0.1448 0.3814 0.5142 0.3331 0.1920 0.1397 0.1740 0.4572 0.4844 0.2738 0.1675 0.1373 0.2688 0.4988 0.4131 0.2296 0.1511 0.1438 0.3726 0.5142 0.3420 0.1963 0.1409 0.1660 0.4466 0.4943 0.2837 0.1716 0.1371 0.2460 0.4925 0.4287 0.2378 0.1540 0.1416 0.3531 0.5132 0.3561 0.2026 0.1495
0.2080 0.3622 0.5124 0.3444 0.1408 0.1553 0.2414 0.4353 0.4895 0.2363 0.1371 0.1734 0.2883 0.4982 0.4412 0.1627 0.1415 0.1989 0.3478 0.5140 0.3646 0.1428 0.1523 0.2330 0.4196 0.4963 0.2593 0.1372 0.1692 0.2778 0.4888 0.4528 0.1703 0.1402 0.1938 0.3371 0.5143 0.3768 0.1442 0.1510 0.2301 0.4160 0.4969 0.2576 0.1371 0.1710 0.2846 0.4969 0.4420 0.1676 0.1353 0.1676 0.4420 0.4969 0.2846 0.1710 0.1371 0.2576 0.4969 0.4160 0.2301 0.1510 0.1442 0.3768 0.5143 0.3371 0.1938 0.1402 0.1703 0.4528 0.4888 0.2778 0.1692 0.1372 0.2593 0.4963 0.4196 0.2330 0.1523 0.1428 0.3646 0.5140 0.3478 0.1989 0.1415 0.1627 0.4412 0.4982 0.2883 0.1734 0.1371 0.2363 0.4895 0.4353 0.2414 0.1553 0.1408 0.3444 0.5124 0.3622 0.2080
0.3644 0.5115 0.3362 0.1401 0.1565 0.2448 0.4413 0.4865 0.2275 0.1372 0.1752 0.2926 0.5014 0.4360 0.1600 0.1422 0.2013 0.3533 0.5135 0.3569 0.1420 0.1534 0.2362 0.4256 0.4938 0.2503 0.1371 0.1707 0.2818 0.4927 0.4484 0.1671 0.1406 0.1957 0.3413 0.5142 0.3719 0.1435 0.1516 0.2316 0.4186 0.4960 0.2552 0.1371 0.1711 0.2846 0.4969 0.4407 0.1618 0.1397 0.1637 0.1397 0.1618 0.4407 0.4969 0.2846 0.1711 0.1371 0.2552 0.4960 0.4186 0.2316 0.1516 0.1435 0.3719 0.5142 0.3413 0.1957 0.1406 0.1671 0.4484 0.4927 0.2818 0.1707 0.1371 0.2503 0.4938 0.4256 0.2362 0.1534 0.1420 0.3569 0.5135 0.3533 0.2013 0.1422 0.1600 0.4360 0.5014 0.2926 0.1752 0.1372 0.2275 0.4865 0.4413 0.2448 0.1565 0.1401 0.3362 0.5115 0.3644
0.5103 0.3310 0.1396 0.1571 0.2469 0.4451 0.4844 0.2220 0.1371 0.1762 0.2954 0.5031 0.4326 0.1583 0.1425 0.2027 0.3568 0.5129 0.3519 0.1413 0.1540 0.2381 0.4295 0.4919 0.2445 0.1369 0.1716 0.2843 0.4949 0.4456 0.1651 0.1408 0.1968 0.3439 0.5139 0.3688 0.1431 0.1517 0.2323 0.4198 0.4955 0.2546 0.1370 0.1708 0.2838 0.4959 0.4420 0.1618 0.1414 0.1944 0.2690 0.1944 0.1414 0.1618 0.4420 0.4959 0.2838 0.1708 0.1370 0.2546 0.4955 0.4198 0.2323 0.1517 0.1431 0.3688 0.5139 0.3439 0.1968 0.1408 0.1651 0.4456 0.4949 0.2843 0.1716 0.1369 0.2445 0.4919 0.4295 0.2381 0.1540 0.1413 0.3519 0.5129 0.3568 0.2027 0.1425 0.1583 0.4326 0.5031 0.2954 0.1762 0.1371 0.2220 0.4844 0.4451 0.2469 0.1571 0.1396 0.3310 0.5103
0.3460 0.1396 0.1545 0.2418 0.4381 0.4870 0.2328 0.1361 0.1728 0.2898 0.4992 0.4386 0.1609 0.1408 0.1985 0.3505 0.5126 0.3618 0.1416 0.1515 0.2333 0.4225 0.4940 0.2560 0.1362 0.1684 0.2788 0.4899 0.4508 0.1690 0.1392 0.1927 0.3373 0.5131 0.3789 0.1437 0.1492 0.2267 0.4109 0.4981 0.2701 0.1363 0.1667 0.2758 0.4882 0.4509 0.1676 0.1397 0.1944 0.3329 0.4735 0.3329 0.1944 0.1397 0.1676 0.4509 0.4882 0.2758 0.1667 0.1363 0.2701 0.4981 0.4109 0.2267 0.1492 0.1437 0.3789 0.5131 0.3373 0.1927 0.1392 0.1690 0.4508 0.4899 0.2788 0.1684 0.1362 0.2560 0.4940 0.4225 0.2333 0.1515 0.1416 0.3618 0.5126 0.3505 0.1985 0.1408 0.1609 0.4386 0.4992 0.2898 0.1728 0.1361 0.2328 0.4870 0.4381 0.2418 0.1545 0.1396 0.3460
0.1666 0.1398 0.1966 0.3495 0.5118 0.3617 0.1397 0.1502 0.2312 0.4227 0.4930 0.2568 0.1351 0.1668 0.2769 0.4901 0.4503 0.1681 0.1383 0.1906 0.3355 0.5124 0.3803 0.1421 0.1476 0.2232 0.4070 0.4988 0.2801 0.1353 0.1628 0.2666 0.4791 0.4608 0.1791 0.1372 0.1857 0.3244 0.5120 0.3925 0.1440 0.1462 0.2197 0.4016 0.5000 0.2817 0.1353 0.1637 0.2690 0.4735 0.5042 0.4735 0.2690 0.1637 0.1353 0.2817 0.5000 0.4016 0.2197 0.1462 0.1440 0.3925 0.5120 0.3244 0.1857 0.1372 0.1791 0.4608 0.4791 0.2666 0.1628 0.1353 0.2801 0.4988 0.4070 0.2232 0.1476 0.1421 0.3803 0.5124 0.3355 0.1906 0.1383 0.1681 0.4503 0.4901 0.2769 0.1668 0.1351 0.2568 0.4930 0.4227 0.2312 0.1502 0.1397 0.3617 0.5118 0.3495 0.1966 0.1398 0.1666
0.3460 0.1396 0.1545 0.2418 0.4381 0.4870 0.2328 0.1361 0.1728 0.2898 0.4992 0.4386 0.1609 0.1408 0.1985 0.3505 0.5126 0.3618 0.1416 0.1515 0.2333 0.4225 0.4940 0.2560 0.1362 0.1684 0.2788 0.4899 0.4508 0.1690 0.1392 0.1927 0.3373 0.5131 0.3789 0.1437 0.1492 0.2267 0.4109 0.4981 0.2701 0.1363 0.1667 0.2758 0.4882 0.4509 0.1676 0.1397 0.1944 0.3329 0.4735 0.3329 0.1944 0.1397 0.1676 0.4509 0.4882 0.2758 0.1667 0.1363 0.2701 0.4981 0.4109 0.2267 0.1492 0.1437 0.3789 0.5131 0.3373 0.1927 0.1392 0.1690 0.4508 0.4899 0.2788 0.1684 0.1362 0.2560 0.4940 0.4225 0.2333 0.1515 0.1416 0.3618 0.5126 0.3505 0.1985 0.1408 0.1609 0.4386 0.4992 0.2898 0.1728 0.1361 0.2328 0.4870 0.4381 0.2418 0.1545 0.1396 0.3460
0.5103 0.3310 0.1396 0.1571 0.2469 0.4451 0.4844 0.2220 0.1371 0.1762 0.2954 0.5031 0.4326 0.1583 0.1425 0.2027 0.3568 0.5129 0.3519 0.1413 0.1540 0.2381 0.4295 0.4919 0.2445 0.1369 0.1716 0.2843 0.4949 0.4456 0.1651 0.1408 0.1968 0.3439 0.5139 0.3688 0.1431 0.1517 0.2323 0.4198 0.4955 0.2546 0.1370 0.1708 0.2838 0.4959 0.4420 0.1618 0.1414 0.1944 0.2690 0.1944 0.1414 0.1618 0.4420 0.4959 0.2838 0.1708 0.1370 0.2546 0.4955 0.4198 0.2323 0.1517 0.1431 0.3688 0.5139 0.3439 0.1968 0.1408 0.1651 0.4456 0.4949 0.2843 0.1716 0.1369 0.2445 0.4919 0.4295 0.2381 0.1540 0.1413 0.3519 0.5129 0.3568 0.2027 0.1425 0.1583 0.4326 0.5031 0.2954 0.1762 0.1371 0.2220 0.4844 0.4451 0.2469 0.1571 0.1396 0.3310 0.5103
0.3644 0.5115 0.3362 0.1401 0.1565 0.2448 0.4413 0.4865 0.2275 0.1372 0.1752 0.2926 0.5014 0.4360 0.1600 0.1422 0.2013 0.3533 0.5135 0.3569 0.1420 0.1534 0.2362 0.4256 0.4938 0.2503 0.1371 0.1707 0.2818 0.4927 0.4484 0.1671 0.1406 0.1957 0.3413 0.5142 0.3719 0.1435 0.1516 0.2316 0.4186 0.4960 0.2552 0.1371 0.1711 0.2846 0.4969 0.4407 0.1618 0.1397 0.1637 0.1397 0.1618 0.4407 0.4969 0.2846 0.1711 0.1371 0.2552 0.4960 0.4186 0.2316 0.1516 0.1435 0.3719 0.5142 0.3413 0.1957 0.1406 0.1671 0.4484 0.4927 0.2818 0.1707 0.1371 0.2503 0.4938 0.4256 0.2362 0.1534 0.1420 0.3569 0.5135 0.3533 0.2013 0.1422 0.1600 0.4360 0.5014 0.2926 0.1752 0.1372 0.2275 0.4865 0.4413 0.2448 0.1565 0.1401 0.3362 0.5115 0.3644
0.2080 0.3622 0.5124 0.3444 0.1408 0.1553 0.2414 0.4353 0.4895 0.2363 0.1371 0.1734 0.2883 0.4982 0.4412 0.1627 0.1415 0.1989 0.3478 0.5140 0.3646 0.1428 0.1523 0.2330 0.4196 0.4963 0.2593 0.1372 0.1692 0.2778 0.4888 0.4528 0.1703 0.1402 0.1938 0.3371 0.5143 0.3768 0.1442 0.1510 0.2301 0.4160 0.4969 0.2576 0.1371 0.1710 0.2846 0.4969 0.4420 0.1676 0.1353 0.1676 0.4420 0.4969 0.2846 0.1710 0.1371 0.2576 0.4969 0.4160 0.2301 0.1510 0.1442 0.3768 0.5143 0.3371 0.1938 0.1402 0.1703 0.4528 0.4888 0.2778 0.1692 0.1372 0.2593 0.4963 0.4196 0.2330 0.1523 0.1428 0.3646 0.5140 0.3478 0.1989 0.1415 0.1627 0.4412 0.4982 0.2883 0.1734 0.1371 0.2363 0.4895 0.4353 0.2414 0.1553 0.1408 0.3444 0.5124 0.3622 0.2080
0.1495 0.2026 0.3561 0.5132 0.3531 0.1416 0.1540 0.2378 0.4287 0.4925 0.2460 0.1371 0.1716 0.2837 0.4943 0.4466 0.1660 0.1409 0.1963 0.3420 0.5142 0.3726 0.1438 0.1511 0.2296 0.4131 0.4988 0.2688 0.1373 0.1675 0.2738 0.4844 0.4572 0.1740 0.1397 0.1920 0.3331 0.5142 0.3814 0.1448 0.1505 0.2288 0.4139 0.4975 0.2592 0.1372 0.1710 0.2846 0.4959 0.4509 0.2817 0.4509 0.4959 0.2846 0.1710 0.1372 0.2592 0.4975 0.4139 0.2288 0.1505 0.1448 0.3814 0.5142 0.3331 0.1920 0.1397 0.1740 0.4572 0.4844 0.2738 0.1675 0.1373 0.2688 0.4988 0.4131 0.2296 0.1511 0.1438 0.3726 0.5142 0.3420 0.1963 0.1409 0.1660 0.4466 0.4943 0.2837 0.1716 0.1371 0.2460 0.4925 0.4287 0.2378 0.1540 0.1416 0.3531 0.5132 0.3561 0.2026 0.1495
