-0.0889 -0.2525 -0.3320 -0.3555 0.0853 0.2666 -0.1910 -0.2926 -0.3571 -0.1450 0.1892 -0.0686 -0.2472 -0.3280 -0.3614 0.0709 0.2710 -0.1820 -0.2874 -0.3546 -0.1942 0.1759 -0.0327 -0.2416 -0.3236 -0.3648 0.0553 0.2680 -0.1724 -0.2822 -0.3517 -0.2383 0.1615 0.0176 -0.2352 -0.3191 -0.3661 0.0379 0.2600 -0.1621 -0.2770 -0.3487 -0.2747 0.1466 0.0828 -0.2274 -0.3144 -0.3657 0.0117 0.2311 0.0868 0.2311 0.0117 -0.3657 -0.3144 -0.2274 0.0828 0.1466 -0.2747 -0.3487 -0.2770 -0.1621 0.2600 0.0379 -0.3661 -0.3191 -0.2352 0.0176 0.1615 -0.2383 -0.3517 -0.2822 -0.1724 0.2680 0.0553 -0.3648 -0.3236 -0.2416 -0.0327 0.1759 -0.1942 -0.3546 -0.2874 -0.1820 0.2710 0.0709 -0.3614 -0.3280 -0.2472 -0.0686 0.1892 -0.1450 -0.3571 -0.2926 -0.1910 0.2666 0.0853 -0.3555 -0.3320 -0.2525 -0.0889
-0.2525 -0.3464 -0.3645 0.0849 0.2741 -0.1968 -0.3071 -0.3695 -0.1526 0.1864 -0.0563 -0.2626 -0.3418 -0.3715 0.0697 0.2747 -0.1864 -0.3020 -0.3671 -0.2029 0.1732 -0.0132 -0.2571 -0.3375 -0.3751 0.0540 0.2689 -0.1754 -0.2969 -0.3645 -0.2474 0.1584 0.0462 -0.2494 -0.3331 -0.3767 0.0365 0.2590 -0.1637 -0.2917 -0.3617 -0.2840 0.1441 0.1163 -0.2397 -0.3285 -0.3766 0.0144 0.2433 -0.1331 -0.2416 -0.1331 0.2433 0.0144 -0.3766 -0.3285 -0.2397 0.1163 0.1441 -0.2840 -0.3617 -0.2917 -0.1637 0.2590 0.0365 -0.3767 -0.3331 -0.2494 0.0462 0.1584 -0.2474 -0.3645 -0.2969 -0.1754 0.2689 0.0540 -0.3751 -0.3375 -0.2571 -0.0132 0.1732 -0.2029 -0.3671 -0.3020 -0.1864 0.2747 0.0697 -0.3715 -0.3418 -0.2626 -0.0563 0.1864 -0.1526 -0.3695 -0.3071 -0.1968 0.2741 0.0849 -0.3645 -0.3464 -0.2525
-0.3320 -0.3645 0.0826 0.2751 -0.1935 -0.3052 -0.3685 -0.1738 0.1808 -0.0396 -0.2602 -0.3399 -0.3733 0.0630 0.2728 -0.1817 -0.2997 -0.3660 -0.2232 0.1667 0.0107 -0.2544 -0.3356 -0.3760 0.0466 0.2650 -0.1704 -0.2946 -0.3633 -0.2644 0.1519 0.0764 -0.2452 -0.3311 -0.3768 0.0279 0.2538 -0.1583 -0.2894 -0.3603 -0.2974 0.1379 0.1459 -0.2355 -0.3265 -0.3762 0.0050 0.2399 -0.1409 -0.2782 -0.3301 -0.2782 -0.1409 0.2399 0.0050 -0.3762 -0.3265 -0.2355 0.1459 0.1379 -0.2974 -0.3603 -0.2894 -0.1583 0.2538 0.0279 -0.3768 -0.3311 -0.2452 0.0764 0.1519 -0.2644 -0.3633 -0.2946 -0.1704 0.2650 0.0466 -0.3760 -0.3356 -0.2544 0.0107 0.1667 -0.2232 -0.3660 -0.2997 -0.1817 0.2728 0.0630 -0.3733 -0.3399 -0.2602 -0.0396 0.1808 -0.1738 -0.3685 -0.3052 -0.1935 0.2751 0.0826 -0.3645 -0.3320
-0.3555 0.0849 0.2751 -0.1922 -0.3040 -0.3678 -0.1908 0.1759 -0.0217 -0.2580 -0.3381 -0.3748 0.0561 0.2699 -0.1769 -0.2975 -0.3649 -0.2421 0.1601 0.0377 -0.2507 -0.3337 -0.3766 0.0388 0.2604 -0.1653 -0.2923 -0.3620 -0.2798 0.1457 0.1073 -0.2410 -0.3291 -0.3767 0.0187 0.2483 -0.1525 -0.2871 -0.3589 -0.3093 0.1320 0.1728 -0.2314 -0.3244 -0.3756 -0.0062 0.2345 -0.1371 -0.2806 -0.3559 -0.3881 -0.3559 -0.2806 -0.1371 0.2345 -0.0062 -0.3756 -0.3244 -0.2314 0.1728 0.1320 -0.3093 -0.3589 -0.2871 -0.1525 0.2483 0.0187 -0.3767 -0.3291 -0.2410 0.1073 0.1457 -0.2798 -0.3620 -0.2923 -0.1653 0.2604 0.0388 -0.3766 -0.3337 -0.2507 0.0377 0.1601 -0.2421 -0.3649 -0.2975 -0.1769 0.2699 0.0561 -0.3748 -0.3381 -0.2580 -0.0217 0.1759 -0.1908 -0.3678 -0.3040 -0.1922 0.2751 0.0849 -0.3555
0.0853 0.2741 -0.1935 -0.3040 -0.3675 -0.2005 0.1724 -0.0055 -0.2560 -0.3364 -0.3757 0.0491 0.2663 -0.1719 -0.2953 -0.3636 -0.2595 0.1538 0.0673 -0.2464 -0.3317 -0.3768 0.0304 0.2554 -0.1599 -0.2901 -0.3607 -0.2936 0.1397 0.1374 -0.2368 -0.3271 -0.3763 0.0086 0.2426 -0.1465 -0.2848 -0.3575 -0.3199 0.1262 0.1966 -0.2272 -0.3224 -0.3750 -0.0187 0.2285 -0.1308 -0.2791 -0.3539 -0.3549 -0.0138 -0.3549 -0.3539 -0.2791 -0.1308 0.2285 -0.0187 -0.3750 -0.3224 -0.2272 0.1966 0.1262 -0.3199 -0.3575 -0.2848 -0.1465 0.2426 0.0086 -0.3763 -0.3271 -0.2368 0.1374 0.1397 -0.2936 -0.3607 -0.2901 -0.1599 0.2554 0.0304 -0.3768 -0.3317 -0.2464 0.0673 0.1538 -0.2595 -0.3636 -0.2953 -0.1719 0.2663 0.0491 -0.3757 -0.3364 -0.2560 -0.0055 0.1724 -0.2005 -0.3675 -0.3040 -0.1935 0.2741 0.0853
0.2666 -0.1968 -0.3052 -0.3678 -0.2005 0.1710 0.0044 -0.2545 -0.3351 -0.3763 0.0427 0.2623 -0.1671 -0.2931 -0.3624 -0.2753 0.1475 0.0982 -0.2422 -0.3297 -0.3768 0.0215 0.2500 -0.1543 -0.2878 -0.3593 -0.3060 0.1337 0.1652 -0.2326 -0.3251 -0.3758 -0.0024 0.2366 -0.1402 -0.2825 -0.3560 -0.3293 0.1204 0.2168 -0.2231 -0.3203 -0.3744 -0.0325 0.2225 -0.1234 -0.2770 -0.3523 -0.3501 0.0905 0.2170 0.0905 -0.3501 -0.3523 -0.2770 -0.1234 0.2225 -0.0325 -0.3744 -0.3203 -0.2231 0.2168 0.1204 -0.3293 -0.3560 -0.2825 -0.1402 0.2366 -0.0024 -0.3758 -0.3251 -0.2326 0.1652 0.1337 -0.3060 -0.3593 -0.2878 -0.1543 0.2500 0.0215 -0.3768 -0.3297 -0.2422 0.0982 0.1475 -0.2753 -0.3624 -0.2931 -0.1671 0.2623 0.0427 -0.3763 -0.3351 -0.2545 0.0044 0.1710 -0.2005 -0.3678 -0.3052 -0.1968 0.2666
-0.1910 -0.3071 -0.3685 -0.1908 0.1724 0.0044 -0.2539 -0.3343 -0.3766 0.0375 0.2588 -0.1628 -0.2911 -0.3612 -0.2891 0.1416 0.1285 -0.2380 -0.3277 -0.3765 0.0117 0.2443 -0.1483 -0.2855 -0.3579 -0.3169 0.1279 0.1900 -0.2284 -0.3230 -0.3752 -0.0145 0.2306 -0.1334 -0.2802 -0.3545 -0.3375 0.1146 0.2336 -0.2189 -0.3182 -0.3737 -0.0480 0.2165 -0.1154 -0.2747 -0.3507 -0.3535 0.0973 0.2748 -0.1151 0.2748 0.0973 -0.3535 -0.3507 -0.2747 -0.1154 0.2165 -0.0480 -0.3737 -0.3182 -0.2189 0.2336 0.1146 -0.3375 -0.3545 -0.2802 -0.1334 0.2306 -0.0145 -0.3752 -0.3230 -0.2284 0.1900 0.1279 -0.3169 -0.3579 -0.2855 -0.1483 0.2443 0.0117 -0.3765 -0.3277 -0.2380 0.1285 0.1416 -0.2891 -0.3612 -0.2911 -0.1628 0.2588 0.0375 -0.3766 -0.3343 -0.2539 0.0044 0.1724 -0.1908 -0.3685 -0.3071 -0.1910
-0.2926 -0.3695 -0.1738 0.1759 -0.0055 -0.2545 -0.3343 -0.3766 0.0346 0.2563 -0.1595 -0.2895 -0.3601 -0.3001 0.1362 0.1556 -0.2340 -0.3257 -0.3760 0.0010 0.2384 -0.1421 -0.2832 -0.3564 -0.3267 0.1221 0.2113 -0.2243 -0.3209 -0.3746 -0.0280 0.2245 -0.1261 -0.2779 -0.3529 -0.3446 0.1088 0.2471 -0.2147 -0.3161 -0.3730 -0.0652 0.2106 -0.1065 -0.2724 -0.3491 -0.3580 0.0942 0.2704 -0.1936 -0.2718 -0.1936 0.2704 0.0942 -0.3580 -0.3491 -0.2724 -0.1065 0.2106 -0.0652 -0.3730 -0.3161 -0.2147 0.2471 0.1088 -0.3446 -0.3529 -0.2779 -0.1261 0.2245 -0.0280 -0.3746 -0.3209 -0.2243 0.2113 0.1221 -0.3267 -0.3564 -0.2832 -0.1421 0.2384 0.0010 -0.3760 -0.3257 -0.2340 0.1556 0.1362 -0.3001 -0.3601 -0.2895 -0.1595 0.2563 0.0346 -0.3766 -0.3343 -0.2545 -0.0055 0.1759 -0.1738 -0.3695 -0.2926
-0.3571 -0.1526 0.1808 -0.0217 -0.2560 -0.3351 -0.3766 0.0346 0.2554 -0.1576 -0.2884 -0.3593 -0.3082 0.1317 0.1772 -0.2303 -0.3238 -0.3754 -0.0106 0.2324 -0.1354 -0.2809 -0.3549 -0.3352 0.1163 0.2290 -0.2201 -0.3188 -0.3739 -0.0431 0.2185 -0.1182 -0.2756 -0.3513 -0.3508 0.1030 0.2575 -0.2105 -0.3140 -0.3722 -0.0841 0.2048 -0.0967 -0.2701 -0.3474 -0.3622 0.0888 0.2725 -0.1980 -0.3043 -0.3541 -0.3043 -0.1980 0.2725 0.0888 -0.3622 -0.3474 -0.2701 -0.0967 0.2048 -0.0841 -0.3722 -0.3140 -0.2105 0.2575 0.1030 -0.3508 -0.3513 -0.2756 -0.1182 0.2185 -0.0431 -0.3739 -0.3188 -0.2201 0.2290 0.1163 -0.3352 -0.3549 -0.2809 -0.1354 0.2324 -0.0106 -0.3754 -0.3238 -0.2303 0.1772 0.1317 -0.3082 -0.3593 -0.2884 -0.1576 0.2554 0.0346 -0.3766 -0.3351 -0.2560 -0.0217 0.1808 -0.1526 -0.3571
-0.1450 0.1864 -0.0396 -0.2580 -0.3364 -0.3763 0.0375 0.2563 -0.1576 -0.2880 -0.3588 -0.3131 0.1284 0.1929 -0.2272 -0.3221 -0.3749 -0.0225 0.2266 -0.1285 -0.2786 -0.3534 -0.3426 0.1105 0.2435 -0.2159 -0.3167 -0.3732 -0.0598 0.2125 -0.1095 -0.2732 -0.3496 -0.3562 0.0972 0.2653 -0.2062 -0.3118 -0.3714 -0.1046 0.1989 -0.0857 -0.2678 -0.3456 -0.3658 0.0830 0.2747 -0.1953 -0.3057 -0.3727 -0.3731 -0.3727 -0.3057 -0.1953 0.2747 0.0830 -0.3658 -0.3456 -0.2678 -0.0857 0.1989 -0.1046 -0.3714 -0.3118 -0.2062 0.2653 0.0972 -0.3562 -0.3496 -0.2732 -0.1095 0.2125 -0.0598 -0.3732 -0.3167 -0.2159 0.2435 0.1105 -0.3426 -0.3534 -0.2786 -0.1285 0.2266 -0.0225 -0.3749 -0.3221 -0.2272 0.1929 0.1284 -0.3131 -0.3588 -0.2880 -0.1576 0.2563 0.0375 -0.3763 -0.3364 -0.2580 -0.0396 0.1864 -0.1450
0.1892 -0.0563 -0.2602 -0.3381 -0.3757 0.0427 0.2588 -0.1595 -0.2884 -0.3588 -0.3147 0.1267 0.2023 -0.2249 -0.3208 -0.3744 -0.0339 0.2215 -0.1215 -0.2764 -0.3518 -0.3490 0.1047 0.2548 -0.2117 -0.3146 -0.3725 -0.0783 0.2066 -0.1000 -0.2709 -0.3480 -0.3607 0.0912 0.2706 -0.2019 -0.3096 -0.3706 -0.1262 0.1931 -0.0734 -0.2654 -0.3439 -0.3687 0.0768 0.2755 -0.1913 -0.3042 -0.3686 -0.2302 0.0768 -0.2302 -0.3686 -0.3042 -0.1913 0.2755 0.0768 -0.3687 -0.3439 -0.2654 -0.0734 0.1931 -0.1262 -0.3706 -0.3096 -0.2019 0.2706 0.0912 -0.3607 -0.3480 -0.2709 -0.1000 0.2066 -0.0783 -0.3725 -0.3146 -0.2117 0.2548 0.1047 -0.3490 -0.3518 -0.2764 -0.1215 0.2215 -0.0339 -0.3744 -0.3208 -0.2249 0.2023 0.1267 -0.3147 -0.3588 -0.2884 -0.1595 0.2588 0.0427 -0.3757 -0.3381 -0.2602 -0.0563 0.1892
-0.0686 -0.2626 -0.3399 -0.3748 0.0491 0.2623 -0.1628 -0.2895 -0.3593 -0.3131 0.1267 0.2053 -0.2237 -0.3199 -0.3740 -0.0434 0.2172 -0.1152 -0.2745 -0.3504 -0.3542 0.0991 0.2631 -0.2075 -0.3124 -0.3717 -0.0983 0.2007 -0.0893 -0.2685 -0.3462 -0.3646 0.0852 0.2739 -0.1975 -0.3075 -0.3696 -0.1484 0.1874 -0.0591 -0.2630 -0.3421 -0.3711 0.0705 0.2749 -0.1868 -0.3022 -0.3673 -0.2119 0.1527 0.2714 0.1527 -0.2119 -0.3673 -0.3022 -0.1868 0.2749 0.0705 -0.3711 -0.3421 -0.2630 -0.0591 0.1874 -0.1484 -0.3696 -0.3075 -0.1975 0.2739 0.0852 -0.3646 -0.3462 -0.2685 -0.0893 0.2007 -0.0983 -0.3717 -0.3124 -0.2075 0.2631 0.0991 -0.3542 -0.3504 -0.2745 -0.1152 0.2172 -0.0434 -0.3740 -0.3199 -0.2237 0.2053 0.1267 -0.3131 -0.3593 -0.2895 -0.1628 0.2623 0.0491 -0.3748 -0.3399 -0.2626 -0.0686
-0.2472 -0.3418 -0.3733 0.0561 0.2663 -0.1671 -0.2911 -0.3601 -0.3082 0.1284 0.2023 -0.2237 -0.3196 -0.3738 -0.0498 0.2142 -0.1099 -0.2729 -0.3491 -0.3583 0.0940 0.2688 -0.2034 -0.3103 -0.3708 -0.1196 0.1948 -0.0773 -0.2662 -0.3445 -0.3678 0.0791 0.2753 -0.1931 -0.3053 -0.3687 -0.1706 0.1817 -0.0427 -0.2607 -0.3402 -0.3731 0.0639 0.2731 -0.1822 -0.3000 -0.3661 -0.2238 0.1624 0.0881 -0.1889 0.0881 0.1624 -0.2238 -0.3661 -0.3000 -0.1822 0.2731 0.0639 -0.3731 -0.3402 -0.2607 -0.0427 0.1817 -0.1706 -0.3687 -0.3053 -0.1931 0.2753 0.0791 -0.3678 -0.3445 -0.2662 -0.0773 0.1948 -0.1196 -0.3708 -0.3103 -0.2034 0.2688 0.0940 -0.3583 -0.3491 -0.2729 -0.1099 0.2142 -0.0498 -0.3738 -0.3196 -0.2237 0.2023 0.1284 -0.3082 -0.3601 -0.2911 -0.1671 0.2663 0.0561 -0.3733 -0.3418 -0.2472
-0.3280 -0.3715 0.0630 0.2699 -0.1719 -0.2931 -0.3612 -0.3001 0.1317 0.1929 -0.2249 -0.3199 -0.3738 -0.0520 0.2126 -0.1064 -0.2717 -0.3481 -0.3612 0.0896 0.2722 -0.1997 -0.3084 -0.3700 -0.1411 0.1892 -0.0637 -0.2638 -0.3427 -0.3704 0.0728 0.2753 -0.1886 -0.3031 -0.3677 -0.1924 0.1760 -0.0236 -0.2583 -0.3384 -0.3746 0.0571 0.2704 -0.1775 -0.2977 -0.3650 -0.2411 0.1596 0.0517 -0.2411 -0.2987 -0.2411 0.0517 0.1596 -0.2411 -0.3650 -0.2977 -0.1775 0.2704 0.0571 -0.3746 -0.3384 -0.2583 -0.0236 0.1760 -0.1924 -0.3677 -0.3031 -0.1886 0.2753 0.0728 -0.3704 -0.3427 -0.2638 -0.0637 0.1892 -0.1411 -0.3700 -0.3084 -0.1997 0.2722 0.0896 -0.3612 -0.3481 -0.2717 -0.1064 0.2126 -0.0520 -0.3738 -0.3199 -0.2249 0.1929 0.1317 -0.3001 -0.3612 -0.2931 -0.1719 0.2699 0.0630 -0.3715 -0.3280
-0.3614 0.0697 0.2728 -0.1769 -0.2953 -0.3624 -0.2891 0.1362 0.1772 -0.2272 -0.3208 -0.3740 -0.0498 0.2126 -0.1052 -0.2711 -0.3474 -0.3631 0.0861 0.2740 -0.1965 -0.3066 -0.3691 -0.1611 0.1838 -0.0487 -0.2615 -0.3409 -0.3725 0.0663 0.2739 -0.1840 -0.3008 -0.3666 -0.2133 0.1699 -0.0014 -0.2559 -0.3365 -0.3756 0.0500 0.2668 -0.1726 -0.2955 -0.3638 -0.2581 0.1540 0.0688 -0.2447 -0.3291 -0.3743 -0.3291 -0.2447 0.0688 0.1540 -0.2581 -0.3638 -0.2955 -0.1726 0.2668 0.0500 -0.3756 -0.3365 -0.2559 -0.0014 0.1699 -0.2133 -0.3666 -0.3008 -0.1840 0.2739 0.0663 -0.3725 -0.3409 -0.2615 -0.0487 0.1838 -0.1611 -0.3691 -0.3066 -0.1965 0.2740 0.0861 -0.3631 -0.3474 -0.2711 -0.1052 0.2126 -0.0498 -0.3740 -0.3208 -0.2272 0.1772 0.1362 -0.2891 -0.3624 -0.2953 -0.1769 0.2728 0.0697 -0.3614
0.0709 0.2747 -0.1817 -0.2975 -0.3636 -0.2753 0.1416 0.1556 -0.2303 -0.3221 -0.3744 -0.0434 0.2142 -0.1064 -0.2711 -0.3472 -0.3640 0.0839 0.2749 -0.1940 -0.3052 -0.3684 -0.1784 0.1791 -0.0328 -0.2593 -0.3391 -0.3741 0.0596 0.2714 -0.1793 -0.2986 -0.3654 -0.2329 0.1633 0.0241 -0.2527 -0.3346 -0.3764 0.0424 0.2625 -0.1675 -0.2933 -0.3625 -0.2739 0.1480 0.0967 -0.2421 -0.3293 -0.3804 -0.2710 -0.3804 -0.3293 -0.2421 0.0967 0.1480 -0.2739 -0.3625 -0.2933 -0.1675 0.2625 0.0424 -0.3764 -0.3346 -0.2527 0.0241 0.1633 -0.2329 -0.3654 -0.2986 -0.1793 0.2714 0.0596 -0.3741 -0.3391 -0.2593 -0.0328 0.1791 -0.1784 -0.3684 -0.3052 -0.1940 0.2749 0.0839 -0.3640 -0.3472 -0.2711 -0.1064 0.2142 -0.0434 -0.3744 -0.3221 -0.2303 0.1556 0.1416 -0.2753 -0.3636 -0.2975 -0.1817 0.2747 0.0709
0.2710 -0.1864 -0.2997 -0.3649 -0.2595 0.1475 0.1285 -0.2340 -0.3238 -0.3749 -0.0339 0.2172 -0.1099 -0.2717 -0.3474 -0.3640 0.0832 0.2751 -0.1924 -0.3042 -0.3679 -0.1922 0.1751 -0.0170 -0.2573 -0.3374 -0.3752 0.0529 0.2682 -0.1744 -0.2964 -0.3643 -0.2511 0.1569 0.0525 -0.2485 -0.3327 -0.3767 0.0344 0.2577 -0.1622 -0.2910 -0.3612 -0.2882 0.1420 0.1266 -0.2382 -0.3277 -0.3762 -0.0166 0.1376 -0.0166 -0.3762 -0.3277 -0.2382 0.1266 0.1420 -0.2882 -0.3612 -0.2910 -0.1622 0.2577 0.0344 -0.3767 -0.3327 -0.2485 0.0525 0.1569 -0.2511 -0.3643 -0.2964 -0.1744 0.2682 0.0529 -0.3752 -0.3374 -0.2573 -0.0170 0.1751 -0.1922 -0.3679 -0.3042 -0.1924 0.2751 0.0832 -0.3640 -0.3474 -0.2717 -0.1099 0.2172 -0.0339 -0.3749 -0.3238 -0.2340 0.1285 0.1475 -0.2595 -0.3649 -0.2997 -0.1864 0.2710
-0.1820 -0.3020 -0.3660 -0.2421 0.1538 0.0982 -0.2380 -0.3257 -0.3754 -0.0225 0.2215 -0.1152 -0.2729 -0.3481 -0.3631 0.0839 0.2751 -0.1918 -0.3037 -0.3675 -0.2016 0.1719 -0.0028 -0.2556 -0.3360 -0.3760 0.0465 0.2646 -0.1697 -0.2942 -0.3630 -0.2676 0.1506 0.0828 -0.2443 -0.3307 -0.3768 0.0257 0.2525 -0.1568 -0.2888 -0.3599 -0.3011 0.1361 0.1550 -0.2341 -0.3258 -0.3759 -0.0047 0.2190 0.1652 0.2190 -0.0047 -0.3759 -0.3258 -0.2341 0.1550 0.1361 -0.3011 -0.3599 -0.2888 -0.1568 0.2525 0.0257 -0.3768 -0.3307 -0.2443 0.0828 0.1506 -0.2676 -0.3630 -0.2942 -0.1697 0.2646 0.0465 -0.3760 -0.3360 -0.2556 -0.0028 0.1719 -0.2016 -0.3675 -0.3037 -0.1918 0.2751 0.0839 -0.3631 -0.3481 -0.2729 -0.1152 0.2215 -0.0225 -0.3754 -0.3257 -0.2380 0.0982 0.1538 -0.2421 -0.3660 -0.3020 -0.1820
-0.2874 -0.3671 -0.2232 0.1601 0.0673 -0.2422 -0.3277 -0.3760 -0.0106 0.2266 -0.1215 -0.2745 -0.3491 -0.3612 0.0861 0.2749 -0.1924 -0.3037 -0.3673 -0.2064 0.1697 0.0079 -0.2541 -0.3348 -0.3764 0.0407 0.2609 -0.1652 -0.2921 -0.3618 -0.2822 0.1446 0.1134 -0.2401 -0.3287 -0.3766 0.0165 0.2469 -0.1510 -0.2865 -0.3585 -0.3126 0.1302 0.1808 -0.2300 -0.3237 -0.3754 -0.0117 0.2293 -0.1152 -0.2332 -0.1152 0.2293 -0.0117 -0.3754 -0.3237 -0.2300 0.1808 0.1302 -0.3126 -0.3585 -0.2865 -0.1510 0.2469 0.0165 -0.3766 -0.3287 -0.2401 0.1134 0.1446 -0.2822 -0.3618 -0.2921 -0.1652 0.2609 0.0407 -0.3764 -0.3348 -0.2541 0.0079 0.1697 -0.2064 -0.3673 -0.3037 -0.1924 0.2749 0.0861 -0.3612 -0.3491 -0.2745 -0.1215 0.2266 -0.0106 -0.3760 -0.3277 -0.2422 0.0673 0.1601 -0.2232 -0.3671 -0.2874
-0.3546 -0.2029 0.1667 0.0377 -0.2464 -0.3297 -0.3765 0.0010 0.2324 -0.1285 -0.2764 -0.3504 -0.3583 0.0896 0.2740 -0.1940 -0.3042 -0.3675 -0.2064 0.1689 0.0136 -0.2528 -0.3339 -0.3766 0.0357 0.2576 -0.1613 -0.2903 -0.3607 -0.2943 0.1390 0.1419 -0.2360 -0.3267 -0.3762 0.0063 0.2411 -0.1450 -0.2842 -0.3571 -0.3227 0.1244 0.2033 -0.2259 -0.3217 -0.3748 -0.0235 0.2258 -0.1245 -0.2727 -0.3248 -0.2727 -0.1245 0.2258 -0.0235 -0.3748 -0.3217 -0.2259 0.2033 0.1244 -0.3227 -0.3571 -0.2842 -0.1450 0.2411 0.0063 -0.3762 -0.3267 -0.2360 0.1419 0.1390 -0.2943 -0.3607 -0.2903 -0.1613 0.2576 0.0357 -0.3766 -0.3339 -0.2528 0.0136 0.1689 -0.2064 -0.3675 -0.3042 -0.1940 0.2740 0.0896 -0.3583 -0.3504 -0.2764 -0.1285 0.2324 0.0010 -0.3765 -0.3297 -0.2464 0.0377 0.1667 -0.2029 -0.3546
-0.1942 0.1732 0.0107 -0.2507 -0.3317 -0.3768 0.0117 0.2384 -0.1354 -0.2786 -0.3518 -0.3542 0.0940 0.2722 -0.1965 -0.3052 -0.3679 -0.2016 0.1697 0.0136 -0.2523 -0.3335 -0.3767 0.0321 0.2549 -0.1580 -0.2888 -0.3597 -0.3041 0.1340 0.1661 -0.2322 -0.3248 -0.3757 -0.0048 0.2352 -0.1386 -0.2819 -0.3556 -0.3317 0.1186 0.2223 -0.2217 -0.3196 -0.3742 -0.0377 0.2203 -0.1199 -0.2751 -0.3517 -0.3869 -0.3517 -0.2751 -0.1199 0.2203 -0.0377 -0.3742 -0.3196 -0.2217 0.2223 0.1186 -0.3317 -0.3556 -0.2819 -0.1386 0.2352 -0.0048 -0.3757 -0.3248 -0.2322 0.1661 0.1340 -0.3041 -0.3597 -0.2888 -0.1580 0.2549 0.0321 -0.3767 -0.3335 -0.2523 0.0136 0.1697 -0.2016 -0.3679 -0.3052 -0.1965 0.2722 0.0940 -0.3542 -0.3518 -0.2786 -0.1354 0.2384 0.0117 -0.3768 -0.3317 -0.2507 0.0107 0.1732 -0.1942
0.1759 -0.0132 -0.2544 -0.3337 -0.3768 0.0215 0.2443 -0.1421 -0.2809 -0.3534 -0.3490 0.0991 0.2688 -0.1997 -0.3066 -0.3684 -0.1922 0.1719 0.0079 -0.2528 -0.3335 -0.3768 0.0302 0.2532 -0.1556 -0.2876 -0.3589 -0.3118 0.1297 0.1856 -0.2287 -0.3230 -0.3752 -0.0164 0.2294 -0.1318 -0.2797 -0.3541 -0.3395 0.1129 0.2380 -0.2176 -0.3175 -0.3735 -0.0538 0.2145 -0.1122 -0.2737 -0.3500 -0.3651 -0.0470 -0.3651 -0.3500 -0.2737 -0.1122 0.2145 -0.0538 -0.3735 -0.3175 -0.2176 0.2380 0.1129 -0.3395 -0.3541 -0.2797 -0.1318 0.2294 -0.0164 -0.3752 -0.3230 -0.2287 0.1856 0.1297 -0.3118 -0.3589 -0.2876 -0.1556 0.2532 0.0302 -0.3768 -0.3335 -0.2528 0.0079 0.1719 -0.1922 -0.3684 -0.3066 -0.1997 0.2688 0.0991 -0.3490 -0.3534 -0.2809 -0.1421 0.2443 0.0215 -0.3768 -0.3337 -0.2544 -0.0132 0.1759
-0.0327 -0.2571 -0.3356 -0.3766 0.0304 0.2500 -0.1483 -0.2832 -0.3549 -0.3426 0.1047 0.2631 -0.2034 -0.3084 -0.3691 -0.1784 0.1751 -0.0028 -0.2541 -0.3339 -0.3767 0.0302 0.2526 -0.1544 -0.2869 -0.3582 -0.3172 0.1263 0.2006 -0.2257 -0.3214 -0.3746 -0.0282 0.2239 -0.1249 -0.2775 -0.3525 -0.3462 0.1073 0.2504 -0.2134 -0.3154 -0.3728 -0.0714 0.2086 -0.1032 -0.2716 -0.3485 -0.3615 0.0767 0.2029 0.0767 -0.3615 -0.3485 -0.2716 -0.1032 0.2086 -0.0714 -0.3728 -0.3154 -0.2134 0.2504 0.1073 -0.3462 -0.3525 -0.2775 -0.1249 0.2239 -0.0282 -0.3746 -0.3214 -0.2257 0.2006 0.1263 -0.3172 -0.3582 -0.2869 -0.1544 0.2526 0.0302 -0.3767 -0.3339 -0.2541 -0.0028 0.1751 -0.1784 -0.3691 -0.3084 -0.2034 0.2631 0.1047 -0.3426 -0.3549 -0.2832 -0.1483 0.2500 0.0304 -0.3766 -0.3356 -0.2571 -0.0327
-0.2416 -0.3375 -0.3760 0.0388 0.2554 -0.1543 -0.2855 -0.3564 -0.3352 0.1105 0.2548 -0.2075 -0.3103 -0.3700 -0.1611 0.1791 -0.0170 -0.2556 -0.3348 -0.3766 0.0321 0.2532 -0.1544 -0.2866 -0.3579 -0.3204 0.1239 0.2109 -0.2233 -0.3200 -0.3742 -0.0395 0.2191 -0.1181 -0.2754 -0.3511 -0.3519 0.1017 0.2597 -0.2093 -0.3133 -0.3720 -0.0906 0.2028 -0.0931 -0.2693 -0.3468 -0.3638 0.0835 0.2754 -0.0911 0.2754 0.0835 -0.3638 -0.3468 -0.2693 -0.0931 0.2028 -0.0906 -0.3720 -0.3133 -0.2093 0.2597 0.1017 -0.3519 -0.3511 -0.2754 -0.1181 0.2191 -0.0395 -0.3742 -0.3200 -0.2233 0.2109 0.1239 -0.3204 -0.3579 -0.2866 -0.1544 0.2532 0.0321 -0.3766 -0.3348 -0.2556 -0.0170 0.1791 -0.1611 -0.3700 -0.3103 -0.2075 0.2548 0.1105 -0.3352 -0.3564 -0.2855 -0.1543 0.2554 0.0388 -0.3760 -0.3375 -0.2416
-0.3236 -0.3751 0.0466 0.2604 -0.1599 -0.2878 -0.3579 -0.3267 0.1163 0.2435 -0.2117 -0.3124 -0.3708 -0.1411 0.1838 -0.0328 -0.2573 -0.3360 -0.3764 0.0357 0.2549 -0.1556 -0.2869 -0.3579 -0.3214 0.1226 0.2171 -0.2215 -0.3189 -0.3738 -0.0499 0.2148 -0.1116 -0.2735 -0.3496 -0.3565 0.0964 0.2664 -0.2053 -0.3113 -0.3712 -0.1108 0.1971 -0.0819 -0.2670 -0.3451 -0.3669 0.0802 0.2756 -0.1828 -0.2661 -0.1828 0.2756 0.0802 -0.3669 -0.3451 -0.2670 -0.0819 0.1971 -0.1108 -0.3712 -0.3113 -0.2053 0.2664 0.0964 -0.3565 -0.3496 -0.2735 -0.1116 0.2148 -0.0499 -0.3738 -0.3189 -0.2215 0.2171 0.1226 -0.3214 -0.3579 -0.2869 -0.1556 0.2549 0.0357 -0.3764 -0.3360 -0.2573 -0.0328 0.1838 -0.1411 -0.3708 -0.3124 -0.2117 0.2435 0.1163 -0.3267 -0.3579 -0.2878 -0.1599 0.2604 0.0466 -0.3751 -0.3236
-0.3648 0.0540 0.2650 -0.1653 -0.2901 -0.3593 -0.3169 0.1221 0.2290 -0.2159 -0.3146 -0.3717 -0.1196 0.1892 -0.0487 -0.2593 -0.3374 -0.3760 0.0407 0.2576 -0.1580 -0.2876 -0.3582 -0.3204 0.1226 0.2190 -0.2206 -0.3183 -0.3735 -0.0583 0.2115 -0.1058 -0.2719 -0.3484 -0.3602 0.0914 0.2708 -0.2014 -0.3093 -0.3704 -0.1315 0.1916 -0.0695 -0.2647 -0.3433 -0.3696 0.0747 0.2754 -0.1876 -0.2989 -0.3493 -0.2989 -0.1876 0.2754 0.0747 -0.3696 -0.3433 -0.2647 -0.0695 0.1916 -0.1315 -0.3704 -0.3093 -0.2014 0.2708 0.0914 -0.3602 -0.3484 -0.2719 -0.1058 0.2115 -0.0583 -0.3735 -0.3183 -0.2206 0.2190 0.1226 -0.3204 -0.3582 -0.2876 -0.1580 0.2576 0.0407 -0.3760 -0.3374 -0.2593 -0.0487 0.1892 -0.1196 -0.3717 -0.3146 -0.2159 0.2290 0.1221 -0.3169 -0.3593 -0.2901 -0.1653 0.2650 0.0540 -0.3648
0.0553 0.2689 -0.1704 -0.2923 -0.3607 -0.3060 0.1279 0.2113 -0.2201 -0.3167 -0.3725 -0.0983 0.1948 -0.0637 -0.2615 -0.3391 -0.3752 0.0465 0.2609 -0.1613 -0.2888 -0.3589 -0.3172 0.1239 0.2171 -0.2206 -0.3181 -0.3733 -0.0639 0.2091 -0.1011 -0.2706 -0.3473 -0.3629 0.0869 0.2735 -0.1977 -0.3074 -0.3695 -0.1521 0.1862 -0.0555 -0.2625 -0.3416 -0.3717 0.0686 0.2744 -0.1849 -0.3005 -0.3698 -0.3805 -0.3698 -0.3005 -0.1849 0.2744 0.0686 -0.3717 -0.3416 -0.2625 -0.0555 0.1862 -0.1521 -0.3695 -0.3074 -0.1977 0.2735 0.0869 -0.3629 -0.3473 -0.2706 -0.1011 0.2091 -0.0639 -0.3733 -0.3181 -0.2206 0.2171 0.1239 -0.3172 -0.3589 -0.2888 -0.1613 0.2609 0.0465 -0.3752 -0.3391 -0.2615 -0.0637 0.1948 -0.0983 -0.3725 -0.3167 -0.2201 0.2113 0.1279 -0.3060 -0.3607 -0.2923 -0.1704 0.2689 0.0553
0.2680 -0.1754 -0.2946 -0.3620 -0.2936 0.1337 0.1900 -0.2243 -0.3188 -0.3732 -0.0783 0.2007 -0.0773 -0.2638 -0.3409 -0.3741 0.0529 0.2646 -0.1652 -0.2903 -0.3597 -0.3118 0.1263 0.2109 -0.2215 -0.3183 -0.3733 -0.0658 0.2078 -0.0980 -0.2696 -0.3465 -0.3649 0.0832 0.2748 -0.1945 -0.3056 -0.3687 -0.1713 0.1811 -0.0398 -0.2602 -0.3399 -0.3735 0.0623 0.2725 -0.1807 -0.2991 -0.3661 -0.2699 0.0626 -0.2699 -0.3661 -0.2991 -0.1807 0.2725 0.0623 -0.3735 -0.3399 -0.2602 -0.0398 0.1811 -0.1713 -0.3687 -0.3056 -0.1945 0.2748 0.0832 -0.3649 -0.3465 -0.2696 -0.0980 0.2078 -0.0658 -0.3733 -0.3183 -0.2215 0.2109 0.1263 -0.3118 -0.3597 -0.2903 -0.1652 0.2646 0.0529 -0.3741 -0.3409 -0.2638 -0.0773 0.2007 -0.0783 -0.3732 -0.3188 -0.2243 0.1900 0.1337 -0.2936 -0.3620 -0.2946 -0.1754 0.2680
-0.1724 -0.2969 -0.3633 -0.2798 0.1397 0.1652 -0.2284 -0.3209 -0.3739 -0.0598 0.2066 -0.0893 -0.2662 -0.3427 -0.3725 0.0596 0.2682 -0.1697 -0.2921 -0.3607 -0.3041 0.1297 0.2006 -0.2233 -0.3189 -0.3735 -0.0639 0.2078 -0.0969 -0.2691 -0.3459 -0.3662 0.0803 0.2754 -0.1917 -0.3042 -0.3680 -0.1883 0.1765 -0.0233 -0.2581 -0.3381 -0.3748 0.0558 0.2696 -0.1762 -0.2971 -0.3647 -0.2549 0.1395 0.2648 0.1395 -0.2549 -0.3647 -0.2971 -0.1762 0.2696 0.0558 -0.3748 -0.3381 -0.2581 -0.0233 0.1765 -0.1883 -0.3680 -0.3042 -0.1917 0.2754 0.0803 -0.3662 -0.3459 -0.2691 -0.0969 0.2078 -0.0639 -0.3735 -0.3189 -0.2233 0.2006 0.1297 -0.3041 -0.3607 -0.2921 -0.1697 0.2682 0.0596 -0.3725 -0.3427 -0.2662 -0.0893 0.2066 -0.0598 -0.3739 -0.3209 -0.2284 0.1652 0.1397 -0.2798 -0.3633 -0.2969 -0.1724
-0.2822 -0.3645 -0.2644 0.1457 0.1374 -0.2326 -0.3230 -0.3746 -0.0431 0.2125 -0.1000 -0.2685 -0.3445 -0.3704 0.0663 0.2714 -0.1744 -0.2942 -0.3618 -0.2943 0.1340 0.1856 -0.2257 -0.3200 -0.3738 -0.0583 0.2091 -0.0980 -0.2691 -0.3457 -0.3669 0.0784 0.2755 -0.1896 -0.3030 -0.3673 -0.2024 0.1722 -0.0065 -0.2561 -0.3365 -0.3757 0.0491 0.2661 -0.1716 -0.2950 -0.3635 -0.2642 0.1483 0.1562 -0.1763 0.1562 0.1483 -0.2642 -0.3635 -0.2950 -0.1716 0.2661 0.0491 -0.3757 -0.3365 -0.2561 -0.0065 0.1722 -0.2024 -0.3673 -0.3030 -0.1896 0.2755 0.0784 -0.3669 -0.3457 -0.2691 -0.0980 0.2091 -0.0583 -0.3738 -0.3200 -0.2257 0.1856 0.1340 -0.2943 -0.3618 -0.2942 -0.1744 0.2714 0.0663 -0.3704 -0.3445 -0.2685 -0.1000 0.2125 -0.0431 -0.3746 -0.3230 -0.2326 0.1374 0.1457 -0.2644 -0.3645 -0.2822
-0.3517 -0.2474 0.1519 0.1073 -0.2368 -0.3251 -0.3752 -0.0280 0.2185 -0.1095 -0.2709 -0.3462 -0.3678 0.0728 0.2739 -0.1793 -0.2964 -0.3630 -0.2822 0.1390 0.1661 -0.2287 -0.3214 -0.3742 -0.0499 0.2115 -0.1011 -0.2696 -0.3459 -0.3669 0.0777 0.2754 -0.1883 -0.3021 -0.3668 -0.2137 0.1683 0.0095 -0.2541 -0.3350 -0.3763 0.0426 0.2623 -0.1670 -0.2930 -0.3623 -0.2773 0.1457 0.1205 -0.2315 -0.2932 -0.2315 0.1205 0.1457 -0.2773 -0.3623 -0.2930 -0.1670 0.2623 0.0426 -0.3763 -0.3350 -0.2541 0.0095 0.1683 -0.2137 -0.3668 -0.3021 -0.1883 0.2754 0.0777 -0.3669 -0.3459 -0.2696 -0.1011 0.2115 -0.0499 -0.3742 -0.3214 -0.2287 0.1661 0.1390 -0.2822 -0.3630 -0.2964 -0.1793 0.2739 0.0728 -0.3678 -0.3462 -0.2709 -0.1095 0.2185 -0.0280 -0.3752 -0.3251 -0.2368 0.1073 0.1519 -0.2474 -0.3517
-0.2383 0.1584 0.0764 -0.2410 -0.3271 -0.3758 -0.0145 0.2245 -0.1182 -0.2732 -0.3480 -0.3646 0.0791 0.2753 -0.1840 -0.2986 -0.3643 -0.2676 0.1446 0.1419 -0.2322 -0.3230 -0.3746 -0.0395 0.2148 -0.1058 -0.2706 -0.3465 -0.3662 0.0784 0.2754 -0.1878 -0.3016 -0.3665 -0.2214 0.1652 0.0235 -0.2518 -0.3338 -0.3766 0.0365 0.2584 -0.1625 -0.2910 -0.3611 -0.2900 0.1409 0.1357 -0.2354 -0.3242 -0.3707 -0.3242 -0.2354 0.1357 0.1409 -0.2900 -0.3611 -0.2910 -0.1625 0.2584 0.0365 -0.3766 -0.3338 -0.2518 0.0235 0.1652 -0.2214 -0.3665 -0.3016 -0.1878 0.2754 0.0784 -0.3662 -0.3465 -0.2706 -0.1058 0.2148 -0.0395 -0.3746 -0.3230 -0.2322 0.1419 0.1446 -0.2676 -0.3643 -0.2986 -0.1840 0.2753 0.0791 -0.3646 -0.3480 -0.2732 -0.1182 0.2245 -0.0145 -0.3758 -0.3271 -0.2410 0.0764 0.1584 -0.2383
0.1615 0.0462 -0.2452 -0.3291 -0.3763 -0.0024 0.2306 -0.1261 -0.2756 -0.3496 -0.3607 0.0852 0.2753 -0.1886 -0.3008 -0.3654 -0.2511 0.1506 0.1134 -0.2360 -0.3248 -0.3752 -0.0282 0.2191 -0.1116 -0.2719 -0.3473 -0.3649 0.0803 0.2755 -0.1883 -0.3016 -0.3664 -0.2254 0.1633 0.0340 -0.2499 -0.3328 -0.3768 0.0312 0.2548 -0.1584 -0.2892 -0.3600 -0.3011 0.1357 0.1586 -0.2331 -0.3248 -0.3798 -0.3035 -0.3798 -0.3248 -0.2331 0.1586 0.1357 -0.3011 -0.3600 -0.2892 -0.1584 0.2548 0.0312 -0.3768 -0.3328 -0.2499 0.0340 0.1633 -0.2254 -0.3664 -0.3016 -0.1883 0.2755 0.0803 -0.3649 -0.3473 -0.2719 -0.1116 0.2191 -0.0282 -0.3752 -0.3248 -0.2360 0.1134 0.1506 -0.2511 -0.3654 -0.3008 -0.1886 0.2753 0.0852 -0.3607 -0.3496 -0.2756 -0.1261 0.2306 -0.0024 -0.3763 -0.3291 -0.2452 0.0462 0.1615
0.0176 -0.2494 -0.3311 -0.3767 0.0086 0.2366 -0.1334 -0.2779 -0.3513 -0.3562 0.0912 0.2739 -0.1931 -0.3031 -0.3666 -0.2329 0.1569 0.0828 -0.2401 -0.3267 -0.3757 -0.0164 0.2239 -0.1181 -0.2735 -0.3484 -0.3629 0.0832 0.2754 -0.1896 -0.3021 -0.3665 -0.2254 0.1626 0.0396 -0.2486 -0.3320 -0.3768 0.0267 0.2518 -0.1549 -0.2876 -0.3589 -0.3103 0.1309 0.1800 -0.2298 -0.3234 -0.3753 -0.0481 0.1256 -0.0481 -0.3753 -0.3234 -0.2298 0.1800 0.1309 -0.3103 -0.3589 -0.2876 -0.1549 0.2518 0.0267 -0.3768 -0.3320 -0.2486 0.0396 0.1626 -0.2254 -0.3665 -0.3021 -0.1896 0.2754 0.0832 -0.3629 -0.3484 -0.2735 -0.1181 0.2239 -0.0164 -0.3757 -0.3267 -0.2401 0.0828 0.1569 -0.2329 -0.3666 -0.3031 -0.1931 0.2739 0.0912 -0.3562 -0.3513 -0.2779 -0.1334 0.2366 0.0086 -0.3767 -0.3311 -0.2494 0.0176
-0.2352 -0.3331 -0.3768 0.0187 0.2426 -0.1402 -0.2802 -0.3529 -0.3508 0.0972 0.2706 -0.1975 -0.3053 -0.3677 -0.2133 0.1633 0.0525 -0.2443 -0.3287 -0.3762 -0.0048 0.2294 -0.1249 -0.2754 -0.3496 -0.3602 0.0869 0.2748 -0.1917 -0.3030 -0.3668 -0.2214 0.1633 0.0396 -0.2482 -0.3316 -0.3768 0.0233 0.2493 -0.1519 -0.2863 -0.3581 -0.3175 0.1266 0.1979 -0.2265 -0.3218 -0.3748 -0.0318 0.2057 0.2131 0.2057 -0.0318 -0.3748 -0.3218 -0.2265 0.1979 0.1266 -0.3175 -0.3581 -0.2863 -0.1519 0.2493 0.0233 -0.3768 -0.3316 -0.2482 0.0396 0.1633 -0.2214 -0.3668 -0.3030 -0.1917 0.2748 0.0869 -0.3602 -0.3496 -0.2754 -0.1249 0.2294 -0.0048 -0.3762 -0.3287 -0.2443 0.0525 0.1633 -0.2133 -0.3677 -0.3053 -0.1975 0.2706 0.0972 -0.3508 -0.3529 -0.2802 -0.1402 0.2426 0.0187 -0.3768 -0.3331 -0.2352
-0.3191 -0.3767 0.0279 0.2483 -0.1465 -0.2825 -0.3545 -0.3446 0.1030 0.2653 -0.2019 -0.3075 -0.3687 -0.1924 0.1699 0.0241 -0.2485 -0.3307 -0.3766 0.0063 0.2352 -0.1318 -0.2775 -0.3511 -0.3565 0.0914 0.2735 -0.1945 -0.3042 -0.3673 -0.2137 0.1652 0.0340 -0.2486 -0.3316 -0.3768 0.0214 0.2477 -0.1497 -0.2853 -0.3573 -0.3231 0.1230 0.2118 -0.2235 -0.3202 -0.3743 -0.0382 0.2173 -0.0956 -0.2260 -0.0956 0.2173 -0.0382 -0.3743 -0.3202 -0.2235 0.2118 0.1230 -0.3231 -0.3573 -0.2853 -0.1497 0.2477 0.0214 -0.3768 -0.3316 -0.2486 0.0340 0.1652 -0.2137 -0.3673 -0.3042 -0.1945 0.2735 0.0914 -0.3565 -0.3511 -0.2775 -0.1318 0.2352 0.0063 -0.3766 -0.3307 -0.2485 0.0241 0.1699 -0.1924 -0.3687 -0.3075 -0.2019 0.2653 0.1030 -0.3446 -0.3545 -0.2825 -0.1465 0.2483 0.0279 -0.3767 -0.3191
-0.3661 0.0365 0.2538 -0.1525 -0.2848 -0.3560 -0.3375 0.1088 0.2575 -0.2062 -0.3096 -0.3696 -0.1706 0.1760 -0.0014 -0.2527 -0.3327 -0.3768 0.0165 0.2411 -0.1386 -0.2797 -0.3525 -0.3519 0.0964 0.2708 -0.1977 -0.3056 -0.3680 -0.2024 0.1683 0.0235 -0.2499 -0.3320 -0.3768 0.0214 0.2471 -0.1486 -0.2846 -0.3568 -0.3272 0.1201 0.2222 -0.2209 -0.3188 -0.3738 -0.0487 0.2150 -0.1085 -0.2679 -0.3201 -0.2679 -0.1085 0.2150 -0.0487 -0.3738 -0.3188 -0.2209 0.2222 0.1201 -0.3272 -0.3568 -0.2846 -0.1486 0.2471 0.0214 -0.3768 -0.3320 -0.2499 0.0235 0.1683 -0.2024 -0.3680 -0.3056 -0.1977 0.2708 0.0964 -0.3519 -0.3525 -0.2797 -0.1386 0.2411 0.0165 -0.3768 -0.3327 -0.2527 -0.0014 0.1760 -0.1706 -0.3696 -0.3096 -0.2062 0.2575 0.1088 -0.3375 -0.3560 -0.2848 -0.1525 0.2538 0.0365 -0.3661
0.0379 0.2590 -0.1583 -0.2871 -0.3575 -0.3293 0.1146 0.2471 -0.2105 -0.3118 -0.3706 -0.1484 0.1817 -0.0236 -0.2559 -0.3346 -0.3767 0.0257 0.2469 -0.1450 -0.2819 -0.3541 -0.3462 0.1017 0.2664 -0.2014 -0.3074 -0.3687 -0.1883 0.1722 0.0095 -0.2518 -0.3328 -0.3768 0.0233 0.2477 -0.1486 -0.2844 -0.3565 -0.3297 0.1180 0.2295 -0.2188 -0.3176 -0.3734 -0.0596 0.2114 -0.1055 -0.2710 -0.3481 -0.3855 -0.3481 -0.2710 -0.1055 0.2114 -0.0596 -0.3734 -0.3176 -0.2188 0.2295 0.1180 -0.3297 -0.3565 -0.2844 -0.1486 0.2477 0.0233 -0.3768 -0.3328 -0.2518 0.0095 0.1722 -0.1883 -0.3687 -0.3074 -0.2014 0.2664 0.1017 -0.3462 -0.3541 -0.2819 -0.1450 0.2469 0.0257 -0.3767 -0.3346 -0.2559 -0.0236 0.1817 -0.1484 -0.3706 -0.3118 -0.2105 0.2471 0.1146 -0.3293 -0.3575 -0.2871 -0.1583 0.2590 0.0379
0.2600 -0.1637 -0.2894 -0.3589 -0.3199 0.1204 0.2336 -0.2147 -0.3140 -0.3714 -0.1262 0.1874 -0.0427 -0.2583 -0.3365 -0.3764 0.0344 0.2525 -0.1510 -0.2842 -0.3556 -0.3395 0.1073 0.2597 -0.2053 -0.3093 -0.3695 -0.1713 0.1765 -0.0065 -0.2541 -0.3338 -0.3768 0.0267 0.2493 -0.1497 -0.2846 -0.3565 -0.3305 0.1169 0.2337 -0.2173 -0.3167 -0.3730 -0.0696 0.2079 -0.1000 -0.2703 -0.3472 -0.3706 -0.0787 -0.3706 -0.3472 -0.2703 -0.1000 0.2079 -0.0696 -0.3730 -0.3167 -0.2173 0.2337 0.1169 -0.3305 -0.3565 -0.2846 -0.1497 0.2493 0.0267 -0.3768 -0.3338 -0.2541 -0.0065 0.1765 -0.1713 -0.3695 -0.3093 -0.2053 0.2597 0.1073 -0.3395 -0.3556 -0.2842 -0.1510 0.2525 0.0344 -0.3764 -0.3365 -0.2583 -0.0427 0.1874 -0.1262 -0.3714 -0.3140 -0.2147 0.2336 0.1204 -0.3199 -0.3589 -0.2894 -0.1637 0.2600
-0.1621 -0.2917 -0.3603 -0.3093 0.1262 0.2168 -0.2189 -0.3161 -0.3722 -0.1046 0.1931 -0.0591 -0.2607 -0.3384 -0.3756 0.0424 0.2577 -0.1568 -0.2865 -0.3571 -0.3317 0.1129 0.2504 -0.2093 -0.3113 -0.3704 -0.1521 0.1811 -0.0233 -0.2561 -0.3350 -0.3766 0.0312 0.2518 -0.1519 -0.2853 -0.3568 -0.3297 0.1169 0.2351 -0.2165 -0.3161 -0.3727 -0.0777 0.2050 -0.0945 -0.2691 -0.3462 -0.3666 0.0669 0.1932 0.0669 -0.3666 -0.3462 -0.2691 -0.0945 0.2050 -0.0777 -0.3727 -0.3161 -0.2165 0.2351 0.1169 -0.3297 -0.3568 -0.2853 -0.1519 0.2518 0.0312 -0.3766 -0.3350 -0.2561 -0.0233 0.1811 -0.1521 -0.3704 -0.3113 -0.2093 0.2504 0.1129 -0.3317 -0.3571 -0.2865 -0.1568 0.2577 0.0424 -0.3756 -0.3384 -0.2607 -0.0591 0.1931 -0.1046 -0.3722 -0.3161 -0.2189 0.2168 0.1262 -0.3093 -0.3603 -0.2917 -0.1621
-0.2770 -0.3617 -0.2974 0.1320 0.1966 -0.2231 -0.3182 -0.3730 -0.0841 0.1989 -0.0734 -0.2630 -0.3402 -0.3746 0.0500 0.2625 -0.1622 -0.2888 -0.3585 -0.3227 0.1186 0.2380 -0.2134 -0.3133 -0.3712 -0.1315 0.1862 -0.0398 -0.2581 -0.3365 -0.3763 0.0365 0.2548 -0.1549 -0.2863 -0.3573 -0.3272 0.1180 0.2337 -0.2165 -0.3159 -0.3726 -0.0829 0.2030 -0.0900 -0.2680 -0.3453 -0.3673 0.0759 0.2725 -0.0724 0.2725 0.0759 -0.3673 -0.3453 -0.2680 -0.0900 0.2030 -0.0829 -0.3726 -0.3159 -0.2165 0.2337 0.1180 -0.3272 -0.3573 -0.2863 -0.1549 0.2548 0.0365 -0.3763 -0.3365 -0.2581 -0.0398 0.1862 -0.1315 -0.3712 -0.3133 -0.2134 0.2380 0.1186 -0.3227 -0.3585 -0.2888 -0.1622 0.2625 0.0500 -0.3746 -0.3402 -0.2630 -0.0734 0.1989 -0.0841 -0.3730 -0.3182 -0.2231 0.1966 0.1320 -0.2974 -0.3617 -0.2770
-0.3487 -0.2840 0.1379 0.1728 -0.2272 -0.3203 -0.3737 -0.0652 0.2048 -0.0857 -0.2654 -0.3421 -0.3731 0.0571 0.2668 -0.1675 -0.2910 -0.3599 -0.3126 0.1244 0.2223 -0.2176 -0.3154 -0.3720 -0.1108 0.1916 -0.0555 -0.2602 -0.3381 -0.3757 0.0426 0.2584 -0.1584 -0.2876 -0.3581 -0.3231 0.1201 0.2295 -0.2173 -0.3161 -0.3726 -0.0848 0.2019 -0.0870 -0.2672 -0.3446 -0.3684 0.0753 0.2751 -0.1771 -0.2630 -0.1771 0.2751 0.0753 -0.3684 -0.3446 -0.2672 -0.0870 0.2019 -0.0848 -0.3726 -0.3161 -0.2173 0.2295 0.1201 -0.3231 -0.3581 -0.2876 -0.1584 0.2584 0.0426 -0.3757 -0.3381 -0.2602 -0.0555 0.1916 -0.1108 -0.3720 -0.3154 -0.2176 0.2223 0.1244 -0.3126 -0.3599 -0.2910 -0.1675 0.2668 0.0571 -0.3731 -0.3421 -0.2654 -0.0857 0.2048 -0.0652 -0.3737 -0.3203 -0.2272 0.1728 0.1379 -0.2840 -0.3487
-0.2747 0.1441 0.1459 -0.2314 -0.3224 -0.3744 -0.0480 0.2106 -0.0967 -0.2678 -0.3439 -0.3711 0.0639 0.2704 -0.1726 -0.2933 -0.3612 -0.3011 0.1302 0.2033 -0.2217 -0.3175 -0.3728 -0.0906 0.1971 -0.0695 -0.2625 -0.3399 -0.3748 0.0491 0.2623 -0.1625 -0.2892 -0.3589 -0.3175 0.1230 0.2222 -0.2188 -0.3167 -0.3727 -0.0829 0.2019 -0.0860 -0.2667 -0.3441 -0.3693 0.0734 0.2750 -0.1842 -0.2967 -0.3471 -0.2967 -0.1842 0.2750 0.0734 -0.3693 -0.3441 -0.2667 -0.0860 0.2019 -0.0829 -0.3727 -0.3167 -0.2188 0.2222 0.1230 -0.3175 -0.3589 -0.2892 -0.1625 0.2623 0.0491 -0.3748 -0.3399 -0.2625 -0.0695 0.1971 -0.0906 -0.3728 -0.3175 -0.2217 0.2033 0.1302 -0.3011 -0.3612 -0.2933 -0.1726 0.2704 0.0639 -0.3711 -0.3439 -0.2678 -0.0967 0.2106 -0.0480 -0.3744 -0.3224 -0.2314 0.1459 0.1441 -0.2747
0.1466 0.1163 -0.2355 -0.3244 -0.3750 -0.0325 0.2165 -0.1065 -0.2701 -0.3456 -0.3687 0.0705 0.2731 -0.1775 -0.2955 -0.3625 -0.2882 0.1361 0.1808 -0.2259 -0.3196 -0.3735 -0.0714 0.2028 -0.0819 -0.2647 -0.3416 -0.3735 0.0558 0.2661 -0.1670 -0.2910 -0.3600 -0.3103 0.1266 0.2118 -0.2209 -0.3176 -0.3730 -0.0777 0.2030 -0.0870 -0.2667 -0.3440 -0.3697 0.0719 0.2747 -0.1842 -0.2995 -0.3688 -0.3824 -0.3688 -0.2995 -0.1842 0.2747 0.0719 -0.3697 -0.3440 -0.2667 -0.0870 0.2030 -0.0777 -0.3730 -0.3176 -0.2209 0.2118 0.1266 -0.3103 -0.3600 -0.2910 -0.1670 0.2661 0.0558 -0.3735 -0.3416 -0.2647 -0.0819 0.2028 -0.0714 -0.3735 -0.3196 -0.2259 0.1808 0.1361 -0.2882 -0.3625 -0.2955 -0.1775 0.2731 0.0705 -0.3687 -0.3456 -0.2701 -0.1065 0.2165 -0.0325 -0.3750 -0.3244 -0.2355 0.1163 0.1466
0.0828 -0.2397 -0.3265 -0.3756 -0.0187 0.2225 -0.1154 -0.2724 -0.3474 -0.3658 0.0768 0.2749 -0.1822 -0.2977 -0.3638 -0.2739 0.1420 0.1550 -0.2300 -0.3217 -0.3742 -0.0538 0.2086 -0.0931 -0.2670 -0.3433 -0.3717 0.0623 0.2696 -0.1716 -0.2930 -0.3611 -0.3011 0.1309 0.1979 -0.2235 -0.3188 -0.3734 -0.0696 0.2050 -0.0900 -0.2672 -0.3441 -0.3697 0.0713 0.2744 -0.1834 -0.2995 -0.3659 -0.2755 0.0595 -0.2755 -0.3659 -0.2995 -0.1834 0.2744 0.0713 -0.3697 -0.3441 -0.2672 -0.0900 0.2050 -0.0696 -0.3734 -0.3188 -0.2235 0.1979 0.1309 -0.3011 -0.3611 -0.2930 -0.1716 0.2696 0.0623 -0.3717 -0.3433 -0.2670 -0.0931 0.2086 -0.0538 -0.3742 -0.3217 -0.2300 0.1550 0.1420 -0.2739 -0.3638 -0.2977 -0.1822 0.2749 0.0768 -0.3658 -0.3474 -0.2724 -0.1154 0.2225 -0.0187 -0.3756 -0.3265 -0.2397 0.0828
-0.2274 -0.3285 -0.3762 -0.0062 0.2285 -0.1234 -0.2747 -0.3491 -0.3622 0.0830 0.2755 -0.1868 -0.3000 -0.3650 -0.2581 0.1480 0.1266 -0.2341 -0.3237 -0.3748 -0.0377 0.2145 -0.1032 -0.2693 -0.3451 -0.3696 0.0686 0.2725 -0.1762 -0.2950 -0.3623 -0.2900 0.1357 0.1800 -0.2265 -0.3202 -0.3738 -0.0596 0.2079 -0.0945 -0.2680 -0.3446 -0.3693 0.0719 0.2744 -0.1830 -0.2993 -0.3654 -0.2504 0.1395 0.2642 0.1395 -0.2504 -0.3654 -0.2993 -0.1830 0.2744 0.0719 -0.3693 -0.3446 -0.2680 -0.0945 0.2079 -0.0596 -0.3738 -0.3202 -0.2265 0.1800 0.1357 -0.2900 -0.3623 -0.2950 -0.1762 0.2725 0.0686 -0.3696 -0.3451 -0.2693 -0.1032 0.2145 -0.0377 -0.3748 -0.3237 -0.2341 0.1266 0.1480 -0.2581 -0.3650 -0.3000 -0.1868 0.2755 0.0830 -0.3622 -0.3491 -0.2747 -0.1234 0.2285 -0.0062 -0.3762 -0.3285 -0.2274
-0.3144 -0.3766 0.0050 0.2345 -0.1308 -0.2770 -0.3507 -0.3580 0.0888 0.2747 -0.1913 -0.3022 -0.3661 -0.2411 0.1540 0.0967 -0.2382 -0.3258 -0.3754 -0.0235 0.2203 -0.1122 -0.2716 -0.3468 -0.3669 0.0747 0.2744 -0.1807 -0.2971 -0.3635 -0.2773 0.1409 0.1586 -0.2298 -0.3218 -0.3743 -0.0487 0.2114 -0.1000 -0.2691 -0.3453 -0.3684 0.0734 0.2747 -0.1834 -0.2993 -0.3653 -0.2468 0.1523 0.1466 -0.1773 0.1466 0.1523 -0.2468 -0.3653 -0.2993 -0.1834 0.2747 0.0734 -0.3684 -0.3453 -0.2691 -0.1000 0.2114 -0.0487 -0.3743 -0.3218 -0.2298 0.1586 0.1409 -0.2773 -0.3635 -0.2971 -0.1807 0.2744 0.0747 -0.3669 -0.3468 -0.2716 -0.1122 0.2203 -0.0235 -0.3754 -0.3258 -0.2382 0.0967 0.1540 -0.2411 -0.3661 -0.3022 -0.1913 0.2747 0.0888 -0.3580 -0.3507 -0.2770 -0.1308 0.2345 0.0050 -0.3766 -0.3144
-0.3657 0.0144 0.2399 -0.1371 -0.2791 -0.3523 -0.3535 0.0942 0.2725 -0.1953 -0.3042 -0.3673 -0.2238 0.1596 0.0688 -0.2421 -0.3277 -0.3759 -0.0117 0.2258 -0.1199 -0.2737 -0.3485 -0.3638 0.0802 0.2754 -0.1849 -0.2991 -0.3647 -0.2642 0.1457 0.1357 -0.2331 -0.3234 -0.3748 -0.0382 0.2150 -0.1055 -0.2703 -0.3462 -0.3673 0.0753 0.2750 -0.1842 -0.2995 -0.3654 -0.2468 0.1543 0.0897 -0.2343 -0.2944 -0.2343 0.0897 0.1543 -0.2468 -0.3654 -0.2995 -0.1842 0.2750 0.0753 -0.3673 -0.3462 -0.2703 -0.1055 0.2150 -0.0382 -0.3748 -0.3234 -0.2331 0.1357 0.1457 -0.2642 -0.3647 -0.2991 -0.1849 0.2754 0.0802 -0.3638 -0.3485 -0.2737 -0.1199 0.2258 -0.0117 -0.3759 -0.3277 -0.2421 0.0688 0.1596 -0.2238 -0.3673 -0.3042 -0.1953 0.2725 0.0942 -0.3535 -0.3523 -0.2791 -0.1371 0.2399 0.0144 -0.3657
0.0117 0.2433 -0.1409 -0.2806 -0.3539 -0.3501 0.0973 0.2704 -0.1980 -0.3057 -0.3686 -0.2119 0.1624 0.0517 -0.2447 -0.3293 -0.3762 -0.0047 0.2293 -0.1245 -0.2751 -0.3500 -0.3615 0.0835 0.2756 -0.1876 -0.3005 -0.3661 -0.2549 0.1483 0.1205 -0.2354 -0.3248 -0.3753 -0.0318 0.2173 -0.1085 -0.2710 -0.3472 -0.3666 0.0759 0.2751 -0.1842 -0.2995 -0.3659 -0.2504 0.1523 0.0897 -0.2402 -0.3262 -0.3723 -0.3262 -0.2402 0.0897 0.1523 -0.2504 -0.3659 -0.2995 -0.1842 0.2751 0.0759 -0.3666 -0.3472 -0.2710 -0.1085 0.2173 -0.0318 -0.3753 -0.3248 -0.2354 0.1205 0.1483 -0.2549 -0.3661 -0.3005 -0.1876 0.2756 0.0835 -0.3615 -0.3500 -0.2751 -0.1245 0.2293 -0.0047 -0.3762 -0.3293 -0.2447 0.0517 0.1624 -0.2119 -0.3686 -0.3057 -0.1980 0.2704 0.0973 -0.3501 -0.3539 -0.2806 -0.1409 0.2433 0.0117
0.2311 -0.1331 -0.2782 -0.3559 -0.3549 0.0905 0.2748 -0.1936 -0.3043 -0.3727 -0.2302 0.1527 0.0881 -0.2411 -0.3291 -0.3804 -0.0166 0.2190 -0.1152 -0.2727 -0.3517 -0.3651 0.0767 0.2754 -0.1828 -0.2989 -0.3698 -0.2699 0.1395 0.1562 -0.2315 -0.3242 -0.3798 -0.0481 0.2057 -0.0956 -0.2679 -0.3481 -0.3706 0.0669 0.2725 -0.1771 -0.2967 -0.3688 -0.2755 0.1395 0.1466 -0.2343 -0.3262 -0.3852 -0.3135 -0.3852 -0.3262 -0.2343 0.1466 0.1395 -0.2755 -0.3688 -0.2967 -0.1771 0.2725 0.0669 -0.3706 -0.3481 -0.2679 -0.0956 0.2057 -0.0481 -0.3798 -0.3242 -0.2315 0.1562 0.1395 -0.2699 -0.3698 -0.2989 -0.1828 0.2754 0.0767 -0.3651 -0.3517 -0.2727 -0.1152 0.2190 -0.0166 -0.3804 -0.3291 -0.2411 0.0881 0.1527 -0.2302 -0.3727 -0.3043 -0.1936 0.2748 0.0905 -0.3549 -0.3559 -0.2782 -0.1331 0.2311
0.0868 -0.2416 -0.3301 -0.3881 -0.0138 0.2170 -0.1151 -0.2718 -0.3541 -0.3731 0.0768 0.2714 -0.1889 -0.2987 -0.3743 -0.2710 0.1376 0.1652 -0.2332 -0.3248 -0.3869 -0.0470 0.2029 -0.0911 -0.2661 -0.3493 -0.3805 0.0626 0.2648 -0.1763 -0.2932 -0.3707 -0.3035 0.1256 0.2131 -0.2260 -0.3201 -0.3855 -0.0787 0.1932 -0.0724 -0.2630 -0.3471 -0.3824 0.0595 0.2642 -0.1773 -0.2944 -0.3723 -0.3135 0.0370 -0.3135 -0.3723 -0.2944 -0.1773 0.2642 0.0595 -0.3824 -0.3471 -0.2630 -0.0724 0.1932 -0.0787 -0.3855 -0.3201 -0.2260 0.2131 0.1256 -0.3035 -0.3707 -0.2932 -0.1763 0.2648 0.0626 -0.3805 -0.3493 -0.2661 -0.0911 0.2029 -0.0470 -0.3869 -0.3248 -0.2332 0.1652 0.1376 -0.2710 -0.3743 -0.2987 -0.1889 0.2714 0.0768 -0.3731 -0.3541 -0.2718 -0.1151 0.2170 -0.0138 -0.3881 -0.3301 -0.2416 0.0868
