0.0126 0.0850 0.2429 0.7721 1.0000 1.0000 1.0000 0.0008 0.0025 0.0080 0.0250 0.0785 0.2467 0.7750 1.0000 1.0000 1.0000 0.0008 0.0025 0.0080 0.0251 0.0790 0.2481 0.7795 1.0000 1.0000 1.0000 0.0008 0.0026 0.0080 0.0253 0.0794 0.2495 0.7839 1.0000 1.0000 1.0000 0.0008 0.0026 0.0081 0.0254 0.0799 0.2509 0.7884 1.0000 1.0000 1.0000 0.0008 0.0026 0.0095 0.0226 0.0095 0.0026 0.0008 1.0000 1.0000 1.0000 0.7884 0.2509 0.0799 0.0254 0.0081 0.0026 0.0008 1.0000 1.0000 1.0000 0.7839 0.2495 0.0794 0.0253 0.0080 0.0026 0.0008 1.0000 1.0000 1.0000 0.7795 0.2481 0.0790 0.0251 0.0080 0.0025 0.0008 1.0000 1.0000 1.0000 0.7750 0.2467 0.0785 0.0250 0.0080 0.0025 0.0008 1.0000 1.0000 1.0000 0.7721 0.2429 0.0850 0.0126
0.0850 0.5493 1.0000 1.0000 1.0000 1.0000 0.0016 0.0052 0.0162 0.0510 0.1602 0.5033 1.0000 1.0000 1.0000 1.0000 0.0017 0.0052 0.0163 0.0513 0.1611 0.5062 1.0000 1.0000 1.0000 1.0000 0.0017 0.0052 0.0164 0.0516 0.1620 0.5091 1.0000 1.0000 1.0000 1.0000 0.0017 0.0053 0.0165 0.0519 0.1629 0.5120 1.0000 1.0000 1.0000 1.0000 0.0017 0.0053 0.0167 0.0606 0.1368 0.0606 0.0167 0.0053 0.0017 1.0000 1.0000 1.0000 1.0000 0.5120 0.1629 0.0519 0.0165 0.0053 0.0017 1.0000 1.0000 1.0000 1.0000 0.5091 0.1620 0.0516 0.0164 0.0052 0.0017 1.0000 1.0000 1.0000 1.0000 0.5062 0.1611 0.0513 0.0163 0.0052 0.0017 1.0000 1.0000 1.0000 1.0000 0.5033 0.1602 0.0510 0.0162 0.0052 0.0016 1.0000 1.0000 1.0000 1.0000 0.5493 0.0850
0.2429 1.0000 1.0000 1.0000 1.0000 0.0015 0.0048 0.0150 0.0472 0.1482 0.4647 1.0000 1.0000 1.0000 1.0000 0.0015 0.0048 0.0151 0.0473 0.1490 0.4673 1.0000 1.0000 1.0000 1.0000 0.0015 0.0048 0.0152 0.0477 0.1496 0.4709 1.0000 1.0000 1.0000 1.0000 0.0015 0.0048 0.0153 0.0479 0.1507 0.4727 1.0000 1.0000 1.0000 1.0000 0.0016 0.0049 0.0153 0.0484 0.1752 0.3931 0.1752 0.0484 0.0153 0.0049 0.0016 1.0000 1.0000 1.0000 1.0000 0.4727 0.1507 0.0479 0.0153 0.0048 0.0015 1.0000 1.0000 1.0000 1.0000 0.4709 0.1496 0.0477 0.0152 0.0048 0.0015 1.0000 1.0000 1.0000 1.0000 0.4673 0.1490 0.0473 0.0151 0.0048 0.0015 1.0000 1.0000 1.0000 1.0000 0.4647 0.1482 0.0472 0.0150 0.0048 0.0015 1.0000 1.0000 1.0000 1.0000 0.2429
0.7721 1.0000 1.0000 1.0000 0.0015 0.0049 0.0153 0.0483 0.1519 0.4763 1.0000 1.0000 1.0000 1.0000 0.0016 0.0049 0.0155 0.0486 0.1527 0.4799 1.0000 1.0000 1.0000 1.0000 0.0016 0.0050 0.0156 0.0489 0.1536 0.4827 1.0000 1.0000 1.0000 1.0000 0.0016 0.0050 0.0156 0.0492 0.1545 0.4854 1.0000 1.0000 1.0000 1.0000 0.0016 0.0050 0.0157 0.0493 0.1557 0.5641 1.0000 0.5641 0.1557 0.0493 0.0157 0.0050 0.0016 1.0000 1.0000 1.0000 1.0000 0.4854 0.1545 0.0492 0.0156 0.0050 0.0016 1.0000 1.0000 1.0000 1.0000 0.4827 0.1536 0.0489 0.0156 0.0050 0.0016 1.0000 1.0000 1.0000 1.0000 0.4799 0.1527 0.0486 0.0155 0.0049 0.0016 1.0000 1.0000 1.0000 1.0000 0.4763 0.1519 0.0483 0.0153 0.0049 0.0015 1.0000 1.0000 1.0000 0.7721
1.0000 1.0000 1.0000 0.0015 0.0049 0.0154 0.0487 0.1530 0.4818 1.0000 1.0000 1.0000 1.0000 0.0016 0.0050 0.0156 0.0492 0.1545 0.4854 1.0000 1.0000 1.0000 1.0000 0.0016 0.0050 0.0157 0.0495 0.1554 0.4882 1.0000 1.0000 1.0000 1.0000 0.0016 0.0050 0.0158 0.0497 0.1563 0.4910 1.0000 1.0000 1.0000 1.0000 0.0016 0.0051 0.0159 0.0500 0.1566 0.4957 1.0000 1.0000 1.0000 0.4957 0.1566 0.0500 0.0159 0.0051 0.0016 1.0000 1.0000 1.0000 1.0000 0.4910 0.1563 0.0497 0.0158 0.0050 0.0016 1.0000 1.0000 1.0000 1.0000 0.4882 0.1554 0.0495 0.0157 0.0050 0.0016 1.0000 1.0000 1.0000 1.0000 0.4854 0.1545 0.0492 0.0156 0.0050 0.0016 1.0000 1.0000 1.0000 1.0000 0.4818 0.1530 0.0487 0.0154 0.0049 0.0015 1.0000 1.0000 1.0000
1.0000 1.0000 0.0015 0.0049 0.0154 0.0489 0.1545 0.4873 1.0000 1.0000 1.0000 1.0000 0.0016 0.0050 0.0159 0.0498 0.1566 0.4920 1.0000 1.0000 1.0000 1.0000 0.0016 0.0051 0.0159 0.0501 0.1575 0.4948 1.0000 1.0000 1.0000 1.0000 0.0016 0.0051 0.0160 0.0504 0.1584 0.4976 1.0000 1.0000 1.0000 1.0000 0.0016 0.0051 0.0161 0.0507 0.1593 0.4985 1.0000 1.0000 1.0000 1.0000 1.0000 0.4985 0.1593 0.0507 0.0161 0.0051 0.0016 1.0000 1.0000 1.0000 1.0000 0.4976 0.1584 0.0504 0.0160 0.0051 0.0016 1.0000 1.0000 1.0000 1.0000 0.4948 0.1575 0.0501 0.0159 0.0051 0.0016 1.0000 1.0000 1.0000 1.0000 0.4920 0.1566 0.0498 0.0159 0.0050 0.0016 1.0000 1.0000 1.0000 1.0000 0.4873 0.1545 0.0489 0.0154 0.0049 0.0015 1.0000 1.0000
1.0000 0.0016 0.0048 0.0153 0.0487 0.1545 0.4892 1.0000 1.0000 1.0000 1.0000 0.0016 0.0051 0.0161 0.0505 0.1587 0.4985 1.0000 1.0000 1.0000 1.0000 0.0016 0.0051 0.0162 0.0508 0.1596 0.5014 1.0000 1.0000 1.0000 1.0000 0.0016 0.0052 0.0163 0.0511 0.1605 0.5043 1.0000 1.0000 1.0000 1.0000 0.0017 0.0052 0.0163 0.0514 0.1614 0.5072 1.0000 1.0000 1.0000 1.0000 1.0000 1.0000 1.0000 0.5072 0.1614 0.0514 0.0163 0.0052 0.0017 1.0000 1.0000 1.0000 1.0000 0.5043 0.1605 0.0511 0.0163 0.0052 0.0016 1.0000 1.0000 1.0000 1.0000 0.5014 0.1596 0.0508 0.0162 0.0051 0.0016 1.0000 1.0000 1.0000 1.0000 0.4985 0.1587 0.0505 0.0161 0.0051 0.0016 1.0000 1.0000 1.0000 1.0000 0.4892 0.1545 0.0487 0.0153 0.0048 0.0016 1.0000
0.0008 0.0052 0.0150 0.0483 0.1530 0.4873 1.0000 1.0000 1.0000 1.0000 0.0016 0.0052 0.0163 0.0512 0.1608 0.5052 1.0000 1.0000 1.0000 1.0000 0.0017 0.0052 0.0164 0.0515 0.1617 0.5081 1.0000 1.0000 1.0000 1.0000 0.0017 0.0052 0.0165 0.0518 0.1626 0.5110 1.0000 1.0000 1.0000 1.0000 0.0017 0.0053 0.0166 0.0521 0.1636 0.5139 1.0000 1.0000 1.0000 1.0000 0.0014 1.0000 1.0000 1.0000 1.0000 0.5139 0.1636 0.0521 0.0166 0.0053 0.0017 1.0000 1.0000 1.0000 1.0000 0.5110 0.1626 0.0518 0.0165 0.0052 0.0017 1.0000 1.0000 1.0000 1.0000 0.5081 0.1617 0.0515 0.0164 0.0052 0.0017 1.0000 1.0000 1.0000 1.0000 0.5052 0.1608 0.0512 0.0163 0.0052 0.0016 1.0000 1.0000 1.0000 1.0000 0.4873 0.1530 0.0483 0.0150 0.0052 0.0008
0.0025 0.0162 0.0472 0.1519 0.4818 1.0000 1.0000 1.0000 1.0000 0.0017 0.0052 0.0164 0.0518 0.1629 0.5120 1.0000 1.0000 1.0000 1.0000 0.0017 0.0053 0.0166 0.0522 0.1639 0.5149 1.0000 1.0000 1.0000 1.0000 0.0017 0.0053 0.0167 0.0525 0.1648 0.5179 1.0000 1.0000 1.0000 1.0000 0.0017 0.0053 0.0168 0.0528 0.1658 0.5208 1.0000 1.0000 1.0000 1.0000 0.0020 0.0044 0.0020 1.0000 1.0000 1.0000 1.0000 0.5208 0.1658 0.0528 0.0168 0.0053 0.0017 1.0000 1.0000 1.0000 1.0000 0.5179 0.1648 0.0525 0.0167 0.0053 0.0017 1.0000 1.0000 1.0000 1.0000 0.5149 0.1639 0.0522 0.0166 0.0053 0.0017 1.0000 1.0000 1.0000 1.0000 0.5120 0.1629 0.0518 0.0164 0.0052 0.0017 1.0000 1.0000 1.0000 1.0000 0.4818 0.1519 0.0472 0.0162 0.0025
0.0080 0.0510 0.1482 0.4763 1.0000 1.0000 1.0000 1.0000 0.0017 0.0052 0.0166 0.0523 0.1645 0.5179 1.0000 1.0000 1.0000 1.0000 0.0017 0.0054 0.0168 0.0529 0.1661 0.5218 1.0000 1.0000 1.0000 1.0000 0.0017 0.0054 0.0169 0.0532 0.1670 0.5248 1.0000 1.0000 1.0000 1.0000 0.0017 0.0054 0.0170 0.0535 0.1680 0.5278 1.0000 1.0000 1.0000 1.0000 0.0017 0.0063 0.0140 0.0063 0.0017 1.0000 1.0000 1.0000 1.0000 0.5278 0.1680 0.0535 0.0170 0.0054 0.0017 1.0000 1.0000 1.0000 1.0000 0.5248 0.1670 0.0532 0.0169 0.0054 0.0017 1.0000 1.0000 1.0000 1.0000 0.5218 0.1661 0.0529 0.0168 0.0054 0.0017 1.0000 1.0000 1.0000 1.0000 0.5179 0.1645 0.0523 0.0166 0.0052 0.0017 1.0000 1.0000 1.0000 1.0000 0.4763 0.1482 0.0510 0.0080
0.0250 0.1602 0.4647 1.0000 1.0000 1.0000 1.0000 0.0016 0.0052 0.0166 0.0525 0.1658 0.5228 1.0000 1.0000 1.0000 1.0000 0.0017 0.0054 0.0170 0.0536 0.1683 0.5288 1.0000 1.0000 1.0000 1.0000 0.0017 0.0055 0.0171 0.0539 0.1693 0.5318 1.0000 1.0000 1.0000 1.0000 0.0017 0.0055 0.0172 0.0542 0.1702 0.5349 1.0000 1.0000 1.0000 1.0000 0.0017 0.0055 0.0200 0.0447 0.0200 0.0055 0.0017 1.0000 1.0000 1.0000 1.0000 0.5349 0.1702 0.0542 0.0172 0.0055 0.0017 1.0000 1.0000 1.0000 1.0000 0.5318 0.1693 0.0539 0.0171 0.0055 0.0017 1.0000 1.0000 1.0000 1.0000 0.5288 0.1683 0.0536 0.0170 0.0054 0.0017 1.0000 1.0000 1.0000 1.0000 0.5228 0.1658 0.0525 0.0166 0.0052 0.0016 1.0000 1.0000 1.0000 1.0000 0.4647 0.1602 0.0250
0.0785 0.5033 1.0000 1.0000 1.0000 1.0000 0.0016 0.0052 0.0164 0.0523 0.1658 0.5248 1.0000 1.0000 1.0000 1.0000 0.0017 0.0055 0.0173 0.0543 0.1706 0.5359 1.0000 1.0000 1.0000 1.0000 0.0018 0.0055 0.0174 0.0546 0.1715 0.5390 1.0000 1.0000 1.0000 1.0000 0.0018 0.0056 0.0175 0.0549 0.1725 0.5421 1.0000 1.0000 1.0000 1.0000 0.0018 0.0056 0.0176 0.0638 0.1424 0.0638 0.0176 0.0056 0.0018 1.0000 1.0000 1.0000 1.0000 0.5421 0.1725 0.0549 0.0175 0.0056 0.0018 1.0000 1.0000 1.0000 1.0000 0.5390 0.1715 0.0546 0.0174 0.0055 0.0018 1.0000 1.0000 1.0000 1.0000 0.5359 0.1706 0.0543 0.0173 0.0055 0.0017 1.0000 1.0000 1.0000 1.0000 0.5248 0.1658 0.0523 0.0164 0.0052 0.0016 1.0000 1.0000 1.0000 1.0000 0.5033 0.0785
0.2467 1.0000 1.0000 1.0000 1.0000 0.0016 0.0051 0.0163 0.0518 0.1645 0.5228 1.0000 1.0000 1.0000 1.0000 0.0018 0.0056 0.0175 0.0550 0.1728 0.5431 1.0000 1.0000 1.0000 1.0000 0.0018 0.0056 0.0176 0.0553 0.1738 0.5462 1.0000 1.0000 1.0000 1.0000 0.0018 0.0056 0.0177 0.0556 0.1748 0.5493 1.0000 1.0000 1.0000 1.0000 0.0018 0.0057 0.0177 0.0562 0.2032 0.4533 0.2032 0.0562 0.0177 0.0057 0.0018 1.0000 1.0000 1.0000 1.0000 0.5493 0.1748 0.0556 0.0177 0.0056 0.0018 1.0000 1.0000 1.0000 1.0000 0.5462 0.1738 0.0553 0.0176 0.0056 0.0018 1.0000 1.0000 1.0000 1.0000 0.5431 0.1728 0.0550 0.0175 0.0056 0.0018 1.0000 1.0000 1.0000 1.0000 0.5228 0.1645 0.0518 0.0163 0.0051 0.0016 1.0000 1.0000 1.0000 1.0000 0.2467
0.7750 1.0000 1.0000 1.0000 0.0016 0.0050 0.0161 0.0512 0.1629 0.5179 1.0000 1.0000 1.0000 1.0000 0.0018 0.0056 0.0177 0.0556 0.1752 0.5504 1.0000 1.0000 1.0000 1.0000 0.0018 0.0057 0.0178 0.0561 0.1762 0.5535 1.0000 1.0000 1.0000 1.0000 0.0018 0.0057 0.0179 0.0564 0.1772 0.5567 1.0000 1.0000 1.0000 1.0000 0.0018 0.0057 0.0180 0.0565 0.1789 0.6469 1.0000 0.6469 0.1789 0.0565 0.0180 0.0057 0.0018 1.0000 1.0000 1.0000 1.0000 0.5567 0.1772 0.0564 0.0179 0.0057 0.0018 1.0000 1.0000 1.0000 1.0000 0.5535 0.1762 0.0561 0.0178 0.0057 0.0018 1.0000 1.0000 1.0000 1.0000 0.5504 0.1752 0.0556 0.0177 0.0056 0.0018 1.0000 1.0000 1.0000 1.0000 0.5179 0.1629 0.0512 0.0161 0.0050 0.0016 1.0000 1.0000 1.0000 0.7750
1.0000 1.0000 1.0000 0.0016 0.0050 0.0159 0.0505 0.1608 0.5120 1.0000 1.0000 1.0000 1.0000 0.0018 0.0056 0.0178 0.0562 0.1768 0.5567 1.0000 1.0000 1.0000 1.0000 0.0018 0.0058 0.0181 0.0568 0.1785 0.5609 1.0000 1.0000 1.0000 1.0000 0.0018 0.0058 0.0182 0.0571 0.1795 0.5641 1.0000 1.0000 1.0000 1.0000 0.0019 0.0058 0.0183 0.0575 0.1799 0.5695 1.0000 1.0000 1.0000 0.5695 0.1799 0.0575 0.0183 0.0058 0.0019 1.0000 1.0000 1.0000 1.0000 0.5641 0.1795 0.0571 0.0182 0.0058 0.0018 1.0000 1.0000 1.0000 1.0000 0.5609 0.1785 0.0568 0.0181 0.0058 0.0018 1.0000 1.0000 1.0000 1.0000 0.5567 0.1768 0.0562 0.0178 0.0056 0.0018 1.0000 1.0000 1.0000 1.0000 0.5120 0.1608 0.0505 0.0159 0.0050 0.0016 1.0000 1.0000 1.0000
1.0000 1.0000 0.0015 0.0049 0.0156 0.0498 0.1587 0.5052 1.0000 1.0000 1.0000 1.0000 0.0018 0.0056 0.0178 0.0564 0.1782 0.5620 1.0000 1.0000 1.0000 1.0000 0.0019 0.0058 0.0183 0.0576 0.1809 0.5685 1.0000 1.0000 1.0000 1.0000 0.0019 0.0059 0.0184 0.0579 0.1820 0.5717 1.0000 1.0000 1.0000 1.0000 0.0019 0.0059 0.0185 0.0582 0.1830 0.5728 1.0000 1.0000 1.0000 1.0000 1.0000 0.5728 0.1830 0.0582 0.0185 0.0059 0.0019 1.0000 1.0000 1.0000 1.0000 0.5717 0.1820 0.0579 0.0184 0.0059 0.0019 1.0000 1.0000 1.0000 1.0000 0.5685 0.1809 0.0576 0.0183 0.0058 0.0019 1.0000 1.0000 1.0000 1.0000 0.5620 0.1782 0.0564 0.0178 0.0056 0.0018 1.0000 1.0000 1.0000 1.0000 0.5052 0.1587 0.0498 0.0156 0.0049 0.0015 1.0000 1.0000
1.0000 0.0017 0.0048 0.0155 0.0492 0.1566 0.4985 1.0000 1.0000 1.0000 1.0000 0.0017 0.0056 0.0177 0.0562 0.1782 0.5641 1.0000 1.0000 1.0000 1.0000 0.0019 0.0059 0.0186 0.0583 0.1833 0.5761 1.0000 1.0000 1.0000 1.0000 0.0019 0.0059 0.0187 0.0587 0.1844 0.5794 1.0000 1.0000 1.0000 1.0000 0.0019 0.0060 0.0188 0.0590 0.1854 0.5827 1.0000 1.0000 1.0000 1.0000 1.0000 1.0000 1.0000 0.5827 0.1854 0.0590 0.0188 0.0060 0.0019 1.0000 1.0000 1.0000 1.0000 0.5794 0.1844 0.0587 0.0187 0.0059 0.0019 1.0000 1.0000 1.0000 1.0000 0.5761 0.1833 0.0583 0.0186 0.0059 0.0019 1.0000 1.0000 1.0000 1.0000 0.5641 0.1782 0.0562 0.0177 0.0056 0.0017 1.0000 1.0000 1.0000 1.0000 0.4985 0.1566 0.0492 0.0155 0.0048 0.0017 1.0000
0.0008 0.0052 0.0151 0.0486 0.1545 0.4920 1.0000 1.0000 1.0000 1.0000 0.0017 0.0055 0.0175 0.0556 0.1768 0.5620 1.0000 1.0000 1.0000 1.0000 0.0019 0.0060 0.0188 0.0591 0.1858 0.5838 1.0000 1.0000 1.0000 1.0000 0.0019 0.0060 0.0189 0.0595 0.1869 0.5871 1.0000 1.0000 1.0000 1.0000 0.0019 0.0061 0.0190 0.0598 0.1879 0.5905 1.0000 1.0000 1.0000 0.0007 0.0016 0.0007 1.0000 1.0000 1.0000 0.5905 0.1879 0.0598 0.0190 0.0061 0.0019 1.0000 1.0000 1.0000 1.0000 0.5871 0.1869 0.0595 0.0189 0.0060 0.0019 1.0000 1.0000 1.0000 1.0000 0.5838 0.1858 0.0591 0.0188 0.0060 0.0019 1.0000 1.0000 1.0000 1.0000 0.5620 0.1768 0.0556 0.0175 0.0055 0.0017 1.0000 1.0000 1.0000 1.0000 0.4920 0.1545 0.0486 0.0151 0.0052 0.0008
0.0025 0.0163 0.0473 0.1527 0.4854 1.0000 1.0000 1.0000 1.0000 0.0017 0.0054 0.0173 0.0550 0.1752 0.5567 1.0000 1.0000 1.0000 1.0000 0.0019 0.0060 0.0190 0.0598 0.1883 0.5916 1.0000 1.0000 1.0000 0.0006 0.0019 0.0061 0.0192 0.0603 0.1894 0.5950 1.0000 1.0000 1.0000 0.0006 0.0020 0.0061 0.0193 0.0606 0.1904 0.5984 1.0000 1.0000 1.0000 0.0006 0.0023 0.0051 0.0023 0.0006 1.0000 1.0000 1.0000 0.5984 0.1904 0.0606 0.0193 0.0061 0.0020 0.0006 1.0000 1.0000 1.0000 0.5950 0.1894 0.0603 0.0192 0.0061 0.0019 0.0006 1.0000 1.0000 1.0000 0.5916 0.1883 0.0598 0.0190 0.0060 0.0019 1.0000 1.0000 1.0000 1.0000 0.5567 0.1752 0.0550 0.0173 0.0054 0.0017 1.0000 1.0000 1.0000 1.0000 0.4854 0.1527 0.0473 0.0163 0.0025
0.0080 0.0513 0.1490 0.4799 1.0000 1.0000 1.0000 1.0000 0.0017 0.0054 0.0170 0.0543 0.1728 0.5504 1.0000 1.0000 1.0000 1.0000 0.0019 0.0061 0.0191 0.0604 0.1901 0.5984 1.0000 1.0000 1.0000 0.0006 0.0020 0.0062 0.0194 0.0611 0.1919 0.6030 1.0000 1.0000 1.0000 0.0006 0.0020 0.0062 0.0195 0.0614 0.1930 0.6064 1.0000 1.0000 1.0000 0.0006 0.0020 0.0072 0.0161 0.0072 0.0020 0.0006 1.0000 1.0000 1.0000 0.6064 0.1930 0.0614 0.0195 0.0062 0.0020 0.0006 1.0000 1.0000 1.0000 0.6030 0.1919 0.0611 0.0194 0.0062 0.0020 0.0006 1.0000 1.0000 1.0000 0.5984 0.1901 0.0604 0.0191 0.0061 0.0019 1.0000 1.0000 1.0000 1.0000 0.5504 0.1728 0.0543 0.0170 0.0054 0.0017 1.0000 1.0000 1.0000 1.0000 0.4799 0.1490 0.0513 0.0080
0.0251 0.1611 0.4673 1.0000 1.0000 1.0000 1.0000 0.0017 0.0053 0.0168 0.0536 0.1706 0.5431 1.0000 1.0000 1.0000 1.0000 0.0019 0.0060 0.0191 0.0606 0.1915 0.6041 1.0000 1.0000 1.0000 0.0006 0.0020 0.0063 0.0197 0.0619 0.1945 0.6111 1.0000 1.0000 1.0000 0.0006 0.0020 0.0063 0.0198 0.0622 0.1956 0.6146 1.0000 1.0000 1.0000 0.0006 0.0020 0.0064 0.0230 0.0514 0.0230 0.0064 0.0020 0.0006 1.0000 1.0000 1.0000 0.6146 0.1956 0.0622 0.0198 0.0063 0.0020 0.0006 1.0000 1.0000 1.0000 0.6111 0.1945 0.0619 0.0197 0.0063 0.0020 0.0006 1.0000 1.0000 1.0000 0.6041 0.1915 0.0606 0.0191 0.0060 0.0019 1.0000 1.0000 1.0000 1.0000 0.5431 0.1706 0.0536 0.0168 0.0053 0.0017 1.0000 1.0000 1.0000 1.0000 0.4673 0.1611 0.0251
0.0790 0.5062 1.0000 1.0000 1.0000 1.0000 0.0016 0.0052 0.0166 0.0529 0.1683 0.5359 1.0000 1.0000 1.0000 1.0000 0.0019 0.0060 0.0190 0.0604 0.1915 0.6064 1.0000 1.0000 1.0000 0.0006 0.0020 0.0064 0.0200 0.0627 0.1971 0.6192 1.0000 1.0000 1.0000 0.0006 0.0020 0.0064 0.0201 0.0631 0.1982 0.6228 1.0000 1.0000 1.0000 0.0007 0.0020 0.0064 0.0203 0.0733 0.1636 0.0733 0.0203 0.0064 0.0020 0.0007 1.0000 1.0000 1.0000 0.6228 0.1982 0.0631 0.0201 0.0064 0.0020 0.0006 1.0000 1.0000 1.0000 0.6192 0.1971 0.0627 0.0200 0.0064 0.0020 0.0006 1.0000 1.0000 1.0000 0.6064 0.1915 0.0604 0.0190 0.0060 0.0019 1.0000 1.0000 1.0000 1.0000 0.5359 0.1683 0.0529 0.0166 0.0052 0.0016 1.0000 1.0000 1.0000 1.0000 0.5062 0.0790
0.2481 1.0000 1.0000 1.0000 1.0000 0.0016 0.0051 0.0164 0.0522 0.1661 0.5288 1.0000 1.0000 1.0000 1.0000 0.0019 0.0059 0.0188 0.0598 0.1901 0.6041 1.0000 1.0000 1.0000 0.0006 0.0020 0.0064 0.0202 0.0636 0.1997 0.6275 1.0000 1.0000 1.0000 0.0007 0.0021 0.0065 0.0203 0.0639 0.2009 0.6311 1.0000 1.0000 1.0000 0.0007 0.0021 0.0065 0.0204 0.0645 0.2334 0.5208 0.2334 0.0645 0.0204 0.0065 0.0021 0.0007 1.0000 1.0000 1.0000 0.6311 0.2009 0.0639 0.0203 0.0065 0.0021 0.0007 1.0000 1.0000 1.0000 0.6275 0.1997 0.0636 0.0202 0.0064 0.0020 0.0006 1.0000 1.0000 1.0000 0.6041 0.1901 0.0598 0.0188 0.0059 0.0019 1.0000 1.0000 1.0000 1.0000 0.5288 0.1661 0.0522 0.0164 0.0051 0.0016 1.0000 1.0000 1.0000 1.0000 0.2481
0.7795 1.0000 1.0000 1.0000 0.0016 0.0051 0.0162 0.0515 0.1639 0.5218 1.0000 1.0000 1.0000 1.0000 0.0018 0.0058 0.0186 0.0591 0.1883 0.5984 1.0000 1.0000 1.0000 0.0007 0.0021 0.0065 0.0204 0.0643 0.2024 0.6360 1.0000 1.0000 1.0000 0.0007 0.0021 0.0066 0.0206 0.0648 0.2036 0.6396 1.0000 1.0000 1.0000 0.0007 0.0021 0.0066 0.0207 0.0649 0.2055 0.7433 1.0000 0.7433 0.2055 0.0649 0.0207 0.0066 0.0021 0.0007 1.0000 1.0000 1.0000 0.6396 0.2036 0.0648 0.0206 0.0066 0.0021 0.0007 1.0000 1.0000 1.0000 0.6360 0.2024 0.0643 0.0204 0.0065 0.0021 0.0007 1.0000 1.0000 1.0000 0.5984 0.1883 0.0591 0.0186 0.0058 0.0018 1.0000 1.0000 1.0000 1.0000 0.5218 0.1639 0.0515 0.0162 0.0051 0.0016 1.0000 1.0000 1.0000 0.7795
1.0000 1.0000 1.0000 0.0016 0.0050 0.0159 0.0508 0.1617 0.5149 1.0000 1.0000 1.0000 1.0000 0.0018 0.0058 0.0183 0.0583 0.1858 0.5916 1.0000 1.0000 1.0000 0.0006 0.0021 0.0065 0.0206 0.0649 0.2047 0.6433 1.0000 1.0000 1.0000 0.0007 0.0021 0.0066 0.0209 0.0657 0.2063 0.6482 1.0000 1.0000 1.0000 0.0007 0.0021 0.0067 0.0210 0.0660 0.2067 0.6544 1.0000 1.0000 1.0000 0.6544 0.2067 0.0660 0.0210 0.0067 0.0021 0.0007 1.0000 1.0000 1.0000 0.6482 0.2063 0.0657 0.0209 0.0066 0.0021 0.0007 1.0000 1.0000 1.0000 0.6433 0.2043 0.0648 0.0205 0.0065 0.0021 0.0006 1.0000 1.0000 1.0000 0.5916 0.1858 0.0583 0.0183 0.0058 0.0018 1.0000 1.0000 1.0000 1.0000 0.5149 0.1617 0.0508 0.0159 0.0050 0.0016 1.0000 1.0000 1.0000
1.0000 1.0000 0.0015 0.0050 0.0157 0.0501 0.1596 0.5081 1.0000 1.0000 1.0000 1.0000 0.0018 0.0057 0.0181 0.0576 0.1833 0.5838 1.0000 1.0000 1.0000 0.0006 0.0020 0.0065 0.0206 0.0650 0.2059 0.6482 1.0000 1.0000 1.0000 0.0007 0.0021 0.0067 0.0212 0.0665 0.2090 0.6569 1.0000 1.0000 1.0000 0.0007 0.0022 0.0068 0.0213 0.0669 0.2102 0.6581 1.0000 1.0000 1.0000 1.0000 1.0000 0.6581 0.2102 0.0669 0.0213 0.0068 0.0022 0.0007 1.0000 1.0000 1.0000 0.6569 0.2090 0.0665 0.0212 0.0067 0.0021 0.0007 1.0000 1.0000 1.0000 0.6482 0.2055 0.0650 0.0205 0.0065 0.0020 0.0006 1.0000 1.0000 1.0000 0.5838 0.1833 0.0576 0.0181 0.0057 0.0018 1.0000 1.0000 1.0000 1.0000 0.5081 0.1596 0.0501 0.0157 0.0050 0.0015 1.0000 1.0000
1.0000 0.0017 0.0048 0.0156 0.0495 0.1575 0.5014 1.0000 1.0000 1.0000 1.0000 0.0018 0.0056 0.0178 0.0568 0.1809 0.5761 1.0000 1.0000 1.0000 0.0006 0.0020 0.0064 0.0205 0.0648 0.2055 0.6506 1.0000 1.0000 1.0000 0.0007 0.0022 0.0068 0.0215 0.0674 0.2119 0.6657 1.0000 1.0000 1.0000 0.0007 0.0022 0.0069 0.0216 0.0678 0.2131 0.6695 1.0000 1.0000 1.0000 1.0000 1.0000 1.0000 1.0000 0.6695 0.2131 0.0678 0.0216 0.0069 0.0022 0.0007 1.0000 1.0000 1.0000 0.6657 0.2119 0.0674 0.0215 0.0068 0.0022 0.0007 1.0000 1.0000 1.0000 0.6506 0.2055 0.0648 0.0204 0.0064 0.0020 0.0006 1.0000 1.0000 1.0000 0.5761 0.1809 0.0568 0.0178 0.0056 0.0018 1.0000 1.0000 1.0000 1.0000 0.5014 0.1575 0.0495 0.0156 0.0048 0.0017 1.0000
0.0008 0.0052 0.0152 0.0489 0.1554 0.4948 1.0000 1.0000 1.0000 1.0000 0.0017 0.0055 0.0176 0.0561 0.1785 0.5685 1.0000 1.0000 1.0000 0.0006 0.0020 0.0064 0.0202 0.0643 0.2043 0.6482 1.0000 1.0000 1.0000 0.0007 0.0022 0.0069 0.0217 0.0683 0.2147 0.6746 1.0000 1.0000 1.0000 0.0007 0.0022 0.0070 0.0219 0.0687 0.2159 0.6784 1.0000 1.0000 1.0000 0.0008 0.0018 0.0008 1.0000 1.0000 1.0000 0.6784 0.2159 0.0687 0.0219 0.0070 0.0022 0.0007 1.0000 1.0000 1.0000 0.6746 0.2147 0.0683 0.0217 0.0069 0.0022 0.0007 1.0000 1.0000 1.0000 0.6482 0.2043 0.0643 0.0202 0.0064 0.0020 0.0006 1.0000 1.0000 1.0000 0.5685 0.1785 0.0561 0.0176 0.0055 0.0017 1.0000 1.0000 1.0000 1.0000 0.4948 0.1554 0.0489 0.0152 0.0052 0.0008
0.0026 0.0164 0.0477 0.1536 0.4882 1.0000 1.0000 1.0000 1.0000 0.0017 0.0055 0.0174 0.0553 0.1762 0.5609 1.0000 1.0000 1.0000 0.0006 0.0020 0.0063 0.0200 0.0636 0.2024 0.6433 1.0000 1.0000 1.0000 0.0007 0.0022 0.0070 0.0220 0.0691 0.2176 0.6836 1.0000 1.0000 1.0000 0.0007 0.0022 0.0071 0.0222 0.0696 0.2188 0.6875 1.0000 1.0000 1.0000 0.0007 0.0026 0.0058 0.0026 0.0007 1.0000 1.0000 1.0000 0.6875 0.2188 0.0696 0.0222 0.0071 0.0022 0.0007 1.0000 1.0000 1.0000 0.6836 0.2176 0.0691 0.0220 0.0070 0.0022 0.0007 1.0000 1.0000 1.0000 0.6433 0.2024 0.0636 0.0200 0.0063 0.0020 0.0006 1.0000 1.0000 1.0000 0.5609 0.1762 0.0553 0.0174 0.0055 0.0017 1.0000 1.0000 1.0000 1.0000 0.4882 0.1536 0.0477 0.0164 0.0026
0.0080 0.0516 0.1496 0.4827 1.0000 1.0000 1.0000 1.0000 0.0017 0.0054 0.0171 0.0546 0.1738 0.5535 1.0000 1.0000 1.0000 1.0000 0.0019 0.0062 0.0197 0.0627 0.1997 0.6360 1.0000 1.0000 1.0000 0.0007 0.0022 0.0070 0.0221 0.0696 0.2196 0.6915 1.0000 1.0000 1.0000 0.0007 0.0023 0.0071 0.0225 0.0706 0.2217 0.6967 1.0000 1.0000 1.0000 0.0007 0.0023 0.0083 0.0185 0.0083 0.0023 0.0007 1.0000 1.0000 1.0000 0.6967 0.2217 0.0706 0.0225 0.0071 0.0023 0.0007 1.0000 1.0000 1.0000 0.6915 0.2196 0.0696 0.0221 0.0070 0.0022 0.0007 1.0000 1.0000 1.0000 0.6360 0.1997 0.0627 0.0197 0.0062 0.0019 1.0000 1.0000 1.0000 1.0000 0.5535 0.1738 0.0546 0.0171 0.0054 0.0017 1.0000 1.0000 1.0000 1.0000 0.4827 0.1496 0.0516 0.0080
0.0253 0.1620 0.4709 1.0000 1.0000 1.0000 1.0000 0.0017 0.0053 0.0169 0.0539 0.1715 0.5462 1.0000 1.0000 1.0000 1.0000 0.0019 0.0061 0.0194 0.0619 0.1971 0.6275 1.0000 1.0000 1.0000 0.0007 0.0022 0.0070 0.0221 0.0699 0.2209 0.6967 1.0000 1.0000 1.0000 0.0007 0.0023 0.0072 0.0228 0.0715 0.2247 0.7061 1.0000 1.0000 1.0000 0.0007 0.0023 0.0073 0.0265 0.0590 0.0265 0.0073 0.0023 0.0007 1.0000 1.0000 1.0000 0.7061 0.2247 0.0715 0.0228 0.0072 0.0023 0.0007 1.0000 1.0000 1.0000 0.6967 0.2209 0.0699 0.0221 0.0070 0.0022 0.0007 1.0000 1.0000 1.0000 0.6275 0.1971 0.0619 0.0194 0.0061 0.0019 1.0000 1.0000 1.0000 1.0000 0.5462 0.1715 0.0539 0.0169 0.0053 0.0017 1.0000 1.0000 1.0000 1.0000 0.4709 0.1620 0.0253
0.0794 0.5091 1.0000 1.0000 1.0000 1.0000 0.0016 0.0052 0.0167 0.0532 0.1693 0.5390 1.0000 1.0000 1.0000 1.0000 0.0019 0.0060 0.0192 0.0611 0.1945 0.6192 1.0000 1.0000 1.0000 0.0007 0.0022 0.0069 0.0220 0.0696 0.2209 0.6994 1.0000 1.0000 1.0000 0.0007 0.0023 0.0073 0.0231 0.0725 0.2277 0.7155 1.0000 1.0000 1.0000 0.0007 0.0023 0.0074 0.0233 0.0842 0.1879 0.0842 0.0233 0.0074 0.0023 0.0007 1.0000 1.0000 1.0000 0.7155 0.2277 0.0725 0.0231 0.0073 0.0023 0.0007 1.0000 1.0000 1.0000 0.6994 0.2209 0.0696 0.0220 0.0069 0.0022 0.0007 1.0000 1.0000 1.0000 0.6192 0.1945 0.0611 0.0192 0.0060 0.0019 1.0000 1.0000 1.0000 1.0000 0.5390 0.1693 0.0532 0.0167 0.0052 0.0016 1.0000 1.0000 1.0000 1.0000 0.5091 0.0794
0.2495 1.0000 1.0000 1.0000 1.0000 0.0016 0.0052 0.0165 0.0525 0.1670 0.5318 1.0000 1.0000 1.0000 1.0000 0.0019 0.0059 0.0189 0.0603 0.1919 0.6111 1.0000 1.0000 1.0000 0.0007 0.0021 0.0068 0.0217 0.0691 0.2196 0.6967 1.0000 1.0000 1.0000 0.0007 0.0024 0.0074 0.0234 0.0734 0.2308 0.7251 1.0000 1.0000 1.0000 0.0008 0.0024 0.0075 0.0234 0.0741 0.2682 0.5984 0.2682 0.0741 0.0234 0.0075 0.0024 0.0008 1.0000 1.0000 1.0000 0.7251 0.2308 0.0734 0.0234 0.0074 0.0024 0.0007 1.0000 1.0000 1.0000 0.6967 0.2196 0.0691 0.0217 0.0068 0.0021 0.0007 1.0000 1.0000 1.0000 0.6111 0.1919 0.0603 0.0189 0.0059 0.0019 1.0000 1.0000 1.0000 1.0000 0.5318 0.1670 0.0525 0.0165 0.0052 0.0016 1.0000 1.0000 1.0000 1.0000 0.2495
0.7839 1.0000 1.0000 1.0000 0.0016 0.0051 0.0163 0.0518 0.1648 0.5248 1.0000 1.0000 1.0000 1.0000 0.0018 0.0059 0.0187 0.0595 0.1894 0.6030 1.0000 1.0000 1.0000 0.0007 0.0021 0.0067 0.0215 0.0683 0.2176 0.6915 1.0000 1.0000 1.0000 0.0008 0.0024 0.0075 0.0236 0.0743 0.2339 0.7348 1.0000 1.0000 1.0000 0.0008 0.0024 0.0076 0.0238 0.0746 0.2361 0.8540 1.0000 0.8540 0.2361 0.0746 0.0238 0.0076 0.0024 0.0008 1.0000 1.0000 1.0000 0.7348 0.2339 0.0743 0.0236 0.0075 0.0024 0.0008 1.0000 1.0000 1.0000 0.6915 0.2176 0.0683 0.0215 0.0067 0.0021 0.0007 1.0000 1.0000 1.0000 0.6030 0.1894 0.0595 0.0187 0.0059 0.0018 1.0000 1.0000 1.0000 1.0000 0.5248 0.1648 0.0518 0.0163 0.0051 0.0016 1.0000 1.0000 1.0000 0.7839
1.0000 1.0000 1.0000 0.0016 0.0050 0.0160 0.0511 0.1626 0.5179 1.0000 1.0000 1.0000 1.0000 0.0018 0.0058 0.0184 0.0587 0.1869 0.5950 1.0000 1.0000 1.0000 0.0007 0.0021 0.0066 0.0212 0.0674 0.2147 0.6836 1.0000 1.0000 1.0000 0.0007 0.0024 0.0075 0.0237 0.0749 0.2361 0.7433 1.0000 1.0000 1.0000 0.0008 0.0024 0.0077 0.0241 0.0759 0.2375 0.7518 1.0000 1.0000 1.0000 0.7518 0.2375 0.0759 0.0241 0.0077 0.0024 0.0008 1.0000 1.0000 1.0000 0.7433 0.2361 0.0749 0.0237 0.0075 0.0024 0.0007 1.0000 1.0000 1.0000 0.6836 0.2147 0.0674 0.0212 0.0066 0.0021 0.0007 1.0000 1.0000 1.0000 0.5950 0.1869 0.0587 0.0184 0.0058 0.0018 1.0000 1.0000 1.0000 1.0000 0.5179 0.1626 0.0511 0.0160 0.0050 0.0016 1.0000 1.0000 1.0000
1.0000 1.0000 0.0015 0.0050 0.0158 0.0504 0.1605 0.5110 1.0000 1.0000 1.0000 1.0000 0.0018 0.0057 0.0182 0.0579 0.1844 0.5871 1.0000 1.0000 1.0000 0.0006 0.0021 0.0066 0.0209 0.0665 0.2119 0.6746 1.0000 1.0000 1.0000 0.0007 0.0024 0.0075 0.0237 0.0751 0.2375 0.7490 1.0000 1.0000 1.0000 0.0008 0.0025 0.0078 0.0245 0.0769 0.2416 0.7561 1.0000 1.0000 1.0000 1.0000 1.0000 0.7561 0.2416 0.0769 0.0245 0.0078 0.0025 0.0008 1.0000 1.0000 1.0000 0.7490 0.2375 0.0751 0.0237 0.0075 0.0024 0.0007 1.0000 1.0000 1.0000 0.6746 0.2119 0.0665 0.0209 0.0066 0.0021 0.0006 1.0000 1.0000 1.0000 0.5871 0.1844 0.0579 0.0182 0.0057 0.0018 1.0000 1.0000 1.0000 1.0000 0.5110 0.1605 0.0504 0.0158 0.0050 0.0015 1.0000 1.0000
1.0000 0.0017 0.0048 0.0156 0.0497 0.1584 0.5043 1.0000 1.0000 1.0000 1.0000 0.0018 0.0056 0.0179 0.0571 0.1820 0.5794 1.0000 1.0000 1.0000 0.0006 0.0020 0.0065 0.0206 0.0657 0.2090 0.6657 1.0000 1.0000 1.0000 0.0007 0.0023 0.0074 0.0236 0.0749 0.2375 0.7518 1.0000 1.0000 1.0000 0.0008 0.0025 0.0079 0.0248 0.0779 0.2448 0.7692 1.0000 1.0000 1.0000 1.0000 1.0000 1.0000 1.0000 0.7692 0.2448 0.0779 0.0248 0.0079 0.0025 0.0008 1.0000 1.0000 1.0000 0.7518 0.2375 0.0749 0.0236 0.0074 0.0023 0.0007 1.0000 1.0000 1.0000 0.6657 0.2090 0.0657 0.0206 0.0065 0.0020 0.0006 1.0000 1.0000 1.0000 0.5794 0.1820 0.0571 0.0179 0.0056 0.0018 1.0000 1.0000 1.0000 1.0000 0.5043 0.1584 0.0497 0.0156 0.0048 0.0017 1.0000
0.0008 0.0053 0.0153 0.0492 0.1563 0.4976 1.0000 1.0000 1.0000 1.0000 0.0017 0.0056 0.0177 0.0564 0.1795 0.5717 1.0000 1.0000 1.0000 0.0006 0.0020 0.0064 0.0203 0.0648 0.2063 0.6569 1.0000 1.0000 1.0000 0.0007 0.0023 0.0073 0.0234 0.0743 0.2361 0.7490 1.0000 1.0000 1.0000 0.0008 0.0025 0.0080 0.0251 0.0790 0.2481 0.7795 1.0000 1.0000 1.0000 0.0009 0.0021 0.0009 1.0000 1.0000 1.0000 0.7795 0.2481 0.0790 0.0251 0.0080 0.0025 0.0008 1.0000 1.0000 1.0000 0.7490 0.2361 0.0743 0.0234 0.0073 0.0023 0.0007 1.0000 1.0000 1.0000 0.6569 0.2063 0.0648 0.0203 0.0064 0.0020 0.0006 1.0000 1.0000 1.0000 0.5717 0.1795 0.0564 0.0177 0.0056 0.0017 1.0000 1.0000 1.0000 1.0000 0.4976 0.1563 0.0492 0.0153 0.0053 0.0008
0.0026 0.0165 0.0479 0.1545 0.4910 1.0000 1.0000 1.0000 1.0000 0.0017 0.0055 0.0175 0.0556 0.1772 0.5641 1.0000 1.0000 1.0000 0.0006 0.0020 0.0063 0.0201 0.0639 0.2036 0.6482 1.0000 1.0000 1.0000 0.0007 0.0023 0.0072 0.0231 0.0734 0.2339 0.7433 1.0000 1.0000 1.0000 0.0008 0.0025 0.0080 0.0254 0.0799 0.2514 0.7899 1.0000 1.0000 1.0000 0.0008 0.0030 0.0067 0.0030 0.0008 1.0000 1.0000 1.0000 0.7899 0.2514 0.0799 0.0254 0.0080 0.0025 0.0008 1.0000 1.0000 1.0000 0.7433 0.2339 0.0734 0.0231 0.0072 0.0023 0.0007 1.0000 1.0000 1.0000 0.6482 0.2036 0.0639 0.0201 0.0063 0.0020 0.0006 1.0000 1.0000 1.0000 0.5641 0.1772 0.0556 0.0175 0.0055 0.0017 1.0000 1.0000 1.0000 1.0000 0.4910 0.1545 0.0479 0.0165 0.0026
0.0081 0.0519 0.1507 0.4854 1.0000 1.0000 1.0000 1.0000 0.0017 0.0054 0.0172 0.0549 0.1748 0.5567 1.0000 1.0000 1.0000 1.0000 0.0020 0.0062 0.0198 0.0631 0.2009 0.6396 1.0000 1.0000 1.0000 0.0007 0.0022 0.0071 0.0228 0.0725 0.2308 0.7348 1.0000 1.0000 1.0000 0.0008 0.0025 0.0081 0.0255 0.0805 0.2538 0.7990 1.0000 1.0000 1.0000 0.0008 0.0026 0.0095 0.0213 0.0095 0.0026 0.0008 1.0000 1.0000 1.0000 0.7990 0.2538 0.0805 0.0255 0.0081 0.0025 0.0008 1.0000 1.0000 1.0000 0.7348 0.2308 0.0725 0.0228 0.0071 0.0022 0.0007 1.0000 1.0000 1.0000 0.6396 0.2009 0.0631 0.0198 0.0062 0.0020 1.0000 1.0000 1.0000 1.0000 0.5567 0.1748 0.0549 0.0172 0.0054 0.0017 1.0000 1.0000 1.0000 1.0000 0.4854 0.1507 0.0519 0.0081
0.0254 0.1629 0.4727 1.0000 1.0000 1.0000 1.0000 0.0017 0.0053 0.0170 0.0542 0.1725 0.5493 1.0000 1.0000 1.0000 1.0000 0.0019 0.0061 0.0195 0.0622 0.1982 0.6311 1.0000 1.0000 1.0000 0.0007 0.0022 0.0071 0.0225 0.0715 0.2277 0.7251 1.0000 1.0000 1.0000 0.0008 0.0025 0.0080 0.0255 0.0808 0.2553 0.8051 1.0000 1.0000 1.0000 0.0008 0.0027 0.0084 0.0304 0.0678 0.0304 0.0084 0.0027 0.0008 1.0000 1.0000 1.0000 0.8051 0.2553 0.0808 0.0255 0.0080 0.0025 0.0008 1.0000 1.0000 1.0000 0.7251 0.2277 0.0715 0.0225 0.0071 0.0022 0.0007 1.0000 1.0000 1.0000 0.6311 0.1982 0.0622 0.0195 0.0061 0.0019 1.0000 1.0000 1.0000 1.0000 0.5493 0.1725 0.0542 0.0170 0.0053 0.0017 1.0000 1.0000 1.0000 1.0000 0.4727 0.1629 0.0254
0.0799 0.5120 1.0000 1.0000 1.0000 1.0000 0.0017 0.0053 0.0168 0.0535 0.1702 0.5421 1.0000 1.0000 1.0000 1.0000 0.0019 0.0061 0.0193 0.0614 0.1956 0.6228 1.0000 1.0000 1.0000 0.0007 0.0022 0.0070 0.0222 0.0706 0.2247 0.7155 1.0000 1.0000 1.0000 0.0008 0.0025 0.0080 0.0254 0.0805 0.2553 0.8082 1.0000 1.0000 1.0000 0.0009 0.0027 0.0085 0.0267 0.0968 0.2159 0.0968 0.0267 0.0085 0.0027 0.0009 1.0000 1.0000 1.0000 0.8082 0.2553 0.0805 0.0254 0.0080 0.0025 0.0008 1.0000 1.0000 1.0000 0.7155 0.2247 0.0706 0.0222 0.0070 0.0022 0.0007 1.0000 1.0000 1.0000 0.6228 0.1956 0.0614 0.0193 0.0061 0.0019 1.0000 1.0000 1.0000 1.0000 0.5421 0.1702 0.0535 0.0168 0.0053 0.0017 1.0000 1.0000 1.0000 1.0000 0.5120 0.0799
0.2509 1.0000 1.0000 1.0000 1.0000 0.0016 0.0052 0.0166 0.0528 0.1680 0.5349 1.0000 1.0000 1.0000 1.0000 0.0019 0.0060 0.0190 0.0606 0.1930 0.6146 1.0000 1.0000 1.0000 0.0007 0.0022 0.0069 0.0219 0.0696 0.2217 0.7061 1.0000 1.0000 1.0000 0.0008 0.0025 0.0079 0.0251 0.0799 0.2538 0.8051 1.0000 1.0000 1.0000 0.0009 0.0027 0.0086 0.0269 0.0850 0.3081 0.6875 0.3081 0.0850 0.0269 0.0086 0.0027 0.0009 1.0000 1.0000 1.0000 0.8051 0.2538 0.0799 0.0251 0.0079 0.0025 0.0008 1.0000 1.0000 1.0000 0.7061 0.2217 0.0696 0.0219 0.0069 0.0022 0.0007 1.0000 1.0000 1.0000 0.6146 0.1930 0.0606 0.0190 0.0060 0.0019 1.0000 1.0000 1.0000 1.0000 0.5349 0.1680 0.0528 0.0166 0.0052 0.0016 1.0000 1.0000 1.0000 1.0000 0.2509
0.7884 1.0000 1.0000 1.0000 0.0016 0.0051 0.0163 0.0521 0.1658 0.5278 1.0000 1.0000 1.0000 1.0000 0.0019 0.0059 0.0188 0.0598 0.1904 0.6064 1.0000 1.0000 1.0000 0.0007 0.0021 0.0068 0.0216 0.0687 0.2188 0.6967 1.0000 1.0000 1.0000 0.0008 0.0024 0.0078 0.0248 0.0790 0.2514 0.7990 1.0000 1.0000 1.0000 0.0009 0.0027 0.0086 0.0273 0.0855 0.2708 0.9812 1.0000 0.9812 0.2708 0.0855 0.0273 0.0086 0.0027 0.0009 1.0000 1.0000 1.0000 0.7990 0.2514 0.0790 0.0248 0.0078 0.0024 0.0008 1.0000 1.0000 1.0000 0.6967 0.2188 0.0687 0.0216 0.0068 0.0021 0.0007 1.0000 1.0000 1.0000 0.6064 0.1904 0.0598 0.0188 0.0059 0.0019 1.0000 1.0000 1.0000 1.0000 0.5278 0.1658 0.0521 0.0163 0.0051 0.0016 1.0000 1.0000 1.0000 0.7884
1.0000 1.0000 1.0000 0.0016 0.0051 0.0161 0.0514 0.1636 0.5208 1.0000 1.0000 1.0000 1.0000 0.0018 0.0058 0.0185 0.0590 0.1879 0.5984 1.0000 1.0000 1.0000 0.0007 0.0021 0.0067 0.0213 0.0678 0.2159 0.6875 1.0000 1.0000 1.0000 0.0008 0.0024 0.0077 0.0245 0.0779 0.2481 0.7899 1.0000 1.0000 1.0000 0.0009 0.0027 0.0087 0.0274 0.0867 0.2713 0.8605 1.0000 1.0000 1.0000 0.8605 0.2713 0.0867 0.0274 0.0087 0.0027 0.0009 1.0000 1.0000 1.0000 0.7899 0.2481 0.0779 0.0245 0.0077 0.0024 0.0008 1.0000 1.0000 1.0000 0.6875 0.2159 0.0678 0.0213 0.0067 0.0021 0.0007 1.0000 1.0000 1.0000 0.5984 0.1879 0.0590 0.0185 0.0058 0.0018 1.0000 1.0000 1.0000 1.0000 0.5208 0.1636 0.0514 0.0161 0.0051 0.0016 1.0000 1.0000 1.0000
1.0000 1.0000 0.0016 0.0050 0.0159 0.0507 0.1614 0.5139 1.0000 1.0000 1.0000 1.0000 0.0018 0.0057 0.0183 0.0582 0.1854 0.5905 1.0000 1.0000 1.0000 0.0007 0.0021 0.0066 0.0210 0.0669 0.2131 0.6784 1.0000 1.0000 1.0000 0.0007 0.0024 0.0076 0.0241 0.0769 0.2448 0.7795 1.0000 1.0000 1.0000 0.0009 0.0027 0.0086 0.0274 0.0868 0.2744 0.8621 1.0000 1.0000 1.0000 1.0000 1.0000 0.8638 0.2744 0.0868 0.0274 0.0086 0.0027 0.0009 1.0000 1.0000 1.0000 0.7795 0.2448 0.0769 0.0241 0.0076 0.0024 0.0007 1.0000 1.0000 1.0000 0.6784 0.2131 0.0669 0.0210 0.0066 0.0021 0.0007 1.0000 1.0000 1.0000 0.5905 0.1854 0.0582 0.0183 0.0057 0.0018 1.0000 1.0000 1.0000 1.0000 0.5139 0.1614 0.0507 0.0159 0.0050 0.0016 1.0000 1.0000
1.0000 0.0017 0.0049 0.0157 0.0500 0.1593 0.5072 1.0000 1.0000 1.0000 1.0000 0.0018 0.0057 0.0180 0.0575 0.1830 0.5827 1.0000 1.0000 1.0000 0.0006 0.0020 0.0065 0.0207 0.0660 0.2102 0.6695 1.0000 1.0000 1.0000 0.0007 0.0023 0.0075 0.0238 0.0759 0.2416 0.7692 1.0000 1.0000 1.0000 0.0008 0.0027 0.0086 0.0273 0.0865 0.2744 0.8687 1.0000 1.0000 1.0000 1.0000 1.0000 1.0000 1.0000 0.8704 0.2744 0.0867 0.0273 0.0086 0.0027 0.0008 1.0000 1.0000 1.0000 0.7692 0.2416 0.0759 0.0238 0.0075 0.0023 0.0007 1.0000 1.0000 1.0000 0.6695 0.2102 0.0660 0.0207 0.0065 0.0020 0.0006 1.0000 1.0000 1.0000 0.5827 0.1830 0.0575 0.0180 0.0057 0.0018 1.0000 1.0000 1.0000 1.0000 0.5072 0.1593 0.0500 0.0157 0.0049 0.0017 1.0000
0.0008 0.0053 0.0153 0.0495 0.1572 0.5004 1.0000 1.0000 1.0000 1.0000 0.0018 0.0056 0.0178 0.0567 0.1806 0.5750 1.0000 1.0000 1.0000 0.0006 0.0020 0.0064 0.0205 0.0652 0.2075 0.6606 1.0000 1.0000 1.0000 0.0007 0.0023 0.0074 0.0235 0.0749 0.2384 0.7590 1.0000 1.0000 1.0000 0.0008 0.0027 0.0085 0.0270 0.0858 0.2728 0.8671 1.0000 1.0000 1.0000 0.0011 0.0024 0.0011 1.0000 1.0000 1.0000 0.8621 0.2713 0.0855 0.0269 0.0085 0.0027 0.0008 1.0000 1.0000 1.0000 0.7561 0.2375 0.0746 0.0234 0.0074 0.0023 0.0007 1.0000 1.0000 1.0000 0.6581 0.2067 0.0649 0.0204 0.0064 0.0020 0.0006 1.0000 1.0000 1.0000 0.5728 0.1799 0.0565 0.0177 0.0056 0.0017 1.0000 1.0000 1.0000 1.0000 0.4985 0.1566 0.0493 0.0153 0.0053 0.0008
0.0026 0.0166 0.0482 0.1554 0.4938 1.0000 1.0000 1.0000 1.0000 0.0017 0.0055 0.0176 0.0560 0.1782 0.5674 1.0000 1.0000 1.0000 0.0006 0.0020 0.0063 0.0202 0.0643 0.2047 0.6519 1.0000 1.0000 1.0000 0.0007 0.0023 0.0073 0.0232 0.0739 0.2352 0.7490 1.0000 1.0000 1.0000 0.0008 0.0026 0.0084 0.0267 0.0849 0.2702 0.8589 1.0000 1.0000 1.0000 0.0009 0.0034 0.0076 0.0034 0.0009 1.0000 1.0000 1.0000 0.8605 0.2708 0.0850 0.0267 0.0084 0.0026 0.0008 1.0000 1.0000 1.0000 0.7518 0.2361 0.0741 0.0233 0.0073 0.0023 0.0007 1.0000 1.0000 1.0000 0.6544 0.2055 0.0645 0.0203 0.0064 0.0020 0.0006 1.0000 1.0000 1.0000 0.5695 0.1789 0.0562 0.0176 0.0055 0.0017 1.0000 1.0000 1.0000 1.0000 0.4957 0.1557 0.0484 0.0167 0.0026
0.0081 0.0522 0.1513 0.4882 1.0000 1.0000 1.0000 1.0000 0.0017 0.0054 0.0173 0.0552 0.1758 0.5599 1.0000 1.0000 1.0000 1.0000 0.0020 0.0063 0.0199 0.0634 0.2020 0.6433 1.0000 1.0000 1.0000 0.0007 0.0023 0.0072 0.0229 0.0729 0.2321 0.7391 1.0000 1.0000 1.0000 0.0008 0.0026 0.0083 0.0263 0.0837 0.2667 0.8491 1.0000 1.0000 1.0000 0.0009 0.0029 0.0106 0.0256 0.0130 0.0035 0.0011 1.0000 1.0000 1.0000 0.9812 0.3081 0.0968 0.0304 0.0095 0.0030 0.0009 1.0000 1.0000 1.0000 0.8540 0.2682 0.0842 0.0265 0.0083 0.0026 0.0008 1.0000 1.0000 1.0000 0.7433 0.2334 0.0733 0.0230 0.0072 0.0023 0.0007 1.0000 1.0000 1.0000 0.6469 0.2032 0.0638 0.0200 0.0063 0.0020 1.0000 1.0000 1.0000 1.0000 0.5641 0.1752 0.0606 0.0095
0.0256 0.1639 0.4763 1.0000 1.0000 1.0000 1.0000 0.0017 0.0054 0.0171 0.0545 0.1735 0.5525 1.0000 1.0000 1.0000 1.0000 0.0019 0.0062 0.0197 0.0626 0.1993 0.6347 1.0000 1.0000 1.0000 0.0007 0.0022 0.0071 0.0226 0.0719 0.2290 0.7293 1.0000 1.0000 1.0000 0.0008 0.0026 0.0082 0.0260 0.0826 0.2631 0.8379 1.0000 1.0000 1.0000 0.0009 0.0029 0.0092 0.0381 0.0721 0.0179 0.0075 0.0024 1.0000 1.0000 1.0000 1.0000 0.6875 0.2159 0.0678 0.0213 0.0067 0.0021 1.0000 1.0000 1.0000 1.0000 0.5984 0.1879 0.0590 0.0185 0.0058 0.0018 1.0000 1.0000 1.0000 1.0000 0.5208 0.1636 0.0514 0.0161 0.0051 0.0016 1.0000 1.0000 1.0000 1.0000 0.4533 0.1424 0.0447 0.0140 0.0044 0.0014 1.0000 1.0000 1.0000 1.0000 0.3931 0.1368 0.0226
0.0803 0.5149 1.0000 1.0000 1.0000 1.0000 0.0017 0.0053 0.0169 0.0538 0.1712 0.5452 1.0000 1.0000 1.0000 1.0000 0.0019 0.0061 0.0194 0.0618 0.1967 0.6264 1.0000 1.0000 1.0000 0.0007 0.0022 0.0070 0.0223 0.0710 0.2260 0.7196 1.0000 1.0000 1.0000 0.0008 0.0025 0.0080 0.0256 0.0815 0.2597 0.8268 1.0000 1.0000 1.0000 0.0009 0.0029 0.0091 0.0309 0.1166 0.0375 0.0024 0.0032 0.0011 1.0000 1.0000 1.0000 0.9793 0.3081 0.0968 0.0304 0.0095 0.0030 0.0009 1.0000 1.0000 1.0000 0.8540 0.2682 0.0842 0.0265 0.0083 0.0026 0.0008 1.0000 1.0000 1.0000 0.7433 0.2334 0.0733 0.0230 0.0072 0.0023 0.0007 1.0000 1.0000 1.0000 0.6469 0.2032 0.0638 0.0200 0.0063 0.0020 1.0000 1.0000 1.0000 1.0000 0.5641 0.1752 0.0606 0.0095
0.2514 1.0000 1.0000 1.0000 1.0000 0.0016 0.0052 0.0166 0.0529 0.1683 0.5359 1.0000 1.0000 1.0000 1.0000 0.0019 0.0060 0.0191 0.0607 0.1934 0.6157 1.0000 1.0000 1.0000 0.0007 0.0022 0.0069 0.0219 0.0698 0.2222 0.7074 1.0000 1.0000 1.0000 0.0008 0.0025 0.0079 0.0252 0.0802 0.2553 0.8128 1.0000 1.0000 1.0000 0.0009 0.0029 0.0091 0.0287 0.0951 0.3075 0.4044 1.0000 0.0009 1.0000 1.0000 1.0000 0.8605 0.2713 0.0850 0.0267 0.0084 0.0026 0.0008 1.0000 1.0000 1.0000 0.7518 0.2361 0.0741 0.0233 0.0073 0.0023 0.0007 1.0000 1.0000 1.0000 0.6544 0.2055 0.0645 0.0203 0.0064 0.0020 0.0006 1.0000 1.0000 1.0000 0.5695 0.1789 0.0562 0.0176 0.0055 0.0017 1.0000 1.0000 1.0000 1.0000 0.4957 0.1557 0.0484 0.0167 0.0026
0.8036 1.0000 1.0000 1.0000 0.0016 0.0052 0.0165 0.0526 0.1673 0.5329 1.0000 1.0000 1.0000 1.0000 0.0019 0.0060 0.0190 0.0604 0.1923 0.6122 1.0000 1.0000 1.0000 0.0007 0.0021 0.0068 0.0218 0.0694 0.2209 0.7034 1.0000 1.0000 1.0000 0.0008 0.0025 0.0079 0.0250 0.0797 0.2538 0.8082 1.0000 1.0000 1.0000 0.0009 0.0028 0.0090 0.0287 0.0914 0.2983 0.9197 1.0000 1.0000 1.0000 1.0000 1.0000 0.8605 0.2723 0.0855 0.0269 0.0085 0.0027 0.0008 1.0000 1.0000 1.0000 0.7561 0.2375 0.0746 0.0234 0.0074 0.0023 0.0007 1.0000 1.0000 1.0000 0.6581 0.2067 0.0649 0.0204 0.0064 0.0020 0.0006 1.0000 1.0000 1.0000 0.5728 0.1799 0.0565 0.0177 0.0056 0.0017 1.0000 1.0000 1.0000 1.0000 0.4985 0.1566 0.0493 0.0153 0.0053 0.0008
1.0000 1.0000 1.0000 0.0019 0.0059 0.0187 0.0597 0.1901 0.6053 1.0000 1.0000 1.0000 1.0000 0.0021 0.0068 0.0215 0.0686 0.2184 0.6954 1.0000 1.0000 1.0000 0.0008 0.0024 0.0078 0.0247 0.0788 0.2509 0.7990 1.0000 1.0000 1.0000 0.0009 0.0028 0.0089 0.0284 0.0905 0.2883 0.9180 1.0000 1.0000 1.0000 0.0010 0.0032 0.0103 0.0328 0.1044 0.3331 1.0000 1.0000 1.0000 1.0000 1.0000 1.0000 0.8654 0.2749 0.0867 0.0273 0.0086 0.0027 0.0008 1.0000 1.0000 1.0000 0.7692 0.2416 0.0759 0.0238 0.0075 0.0023 0.0007 1.0000 1.0000 1.0000 0.6695 0.2102 0.0660 0.0207 0.0065 0.0020 0.0006 1.0000 1.0000 1.0000 0.5827 0.1830 0.0575 0.0180 0.0057 0.0018 1.0000 1.0000 1.0000 1.0000 0.5072 0.1593 0.0500 0.0157 0.0049 0.0017 1.0000
1.0000 1.0000 0.0013 0.0041 0.0131 0.0418 0.1329 0.4233 1.0000 1.0000 1.0000 1.0000 0.0015 0.0047 0.0151 0.0480 0.1527 0.4864 1.0000 1.0000 1.0000 1.0000 0.0017 0.0054 0.0173 0.0551 0.1755 0.5588 1.0000 1.0000 1.0000 1.0000 0.0020 0.0062 0.0199 0.0633 0.2016 0.6420 1.0000 1.0000 1.0000 1.0000 0.0022 0.0071 0.0226 0.0717 0.2273 0.7196 1.0000 1.0000 1.0000 1.0000 1.0000 0.8524 0.2754 0.0870 0.0274 0.0086 0.0027 0.0009 1.0000 1.0000 1.0000 0.7795 0.2448 0.0769 0.0241 0.0076 0.0024 0.0007 1.0000 1.0000 1.0000 0.6784 0.2131 0.0669 0.0210 0.0066 0.0021 0.0007 1.0000 1.0000 1.0000 0.5905 0.1854 0.0582 0.0183 0.0057 0.0018 1.0000 1.0000 1.0000 1.0000 0.5139 0.1614 0.0507 0.0159 0.0050 0.0016 1.0000 1.0000
