0.4310 0.4039 0.3419 0.2589 0.2511 0.2799 0.3239 0.3753 0.4124 0.4273 0.4259 0.4033 0.3415 0.2586 0.2512 0.2801 0.3241 0.3755 0.4125 0.4274 0.4259 0.4032 0.3410 0.2584 0.2513 0.2802 0.3244 0.3758 0.4126 0.4274 0.4258 0.4030 0.3405 0.2582 0.2514 0.2804 0.3246 0.3760 0.4127 0.4274 0.4258 0.4028 0.3401 0.2580 0.2515 0.2806 0.3248 0.3763 0.4137 0.4278 0.4251 0.4278 0.4137 0.3763 0.3248 0.2806 0.2515 0.2580 0.3401 0.4028 0.4258 0.4274 0.4127 0.3760 0.3246 0.2804 0.2514 0.2582 0.3405 0.4030 0.4258 0.4274 0.4126 0.3758 0.3244 0.2802 0.2513 0.2584 0.3410 0.4032 0.4259 0.4274 0.4125 0.3755 0.3241 0.2801 0.2512 0.2586 0.3415 0.4033 0.4259 0.4273 0.4124 0.3753 0.3239 0.2799 0.2511 0.2589 0.3419 0.4039 0.4310
0.4039 0.3029 0.1954 0.1907 0.2368 0.2998 0.3715 0.4193 0.4291 0.4160 0.3806 0.3016 0.1949 0.1909 0.2372 0.3002 0.3719 0.4194 0.4291 0.4159 0.3804 0.3010 0.1947 0.1911 0.2375 0.3005 0.3722 0.4195 0.4291 0.4158 0.3801 0.3004 0.1944 0.1913 0.2377 0.3009 0.3725 0.4197 0.4291 0.4157 0.3799 0.2998 0.1941 0.1915 0.2380 0.3012 0.3728 0.4197 0.4291 0.4124 0.3869 0.4124 0.4291 0.4197 0.3728 0.3012 0.2380 0.1915 0.1941 0.2998 0.3799 0.4157 0.4291 0.4197 0.3725 0.3009 0.2377 0.1913 0.1944 0.3004 0.3801 0.4158 0.4291 0.4195 0.3722 0.3005 0.2375 0.1911 0.1947 0.3010 0.3804 0.4159 0.4291 0.4194 0.3719 0.3002 0.2372 0.1909 0.1949 0.3016 0.3806 0.4160 0.4291 0.4193 0.3715 0.2998 0.2368 0.1907 0.1954 0.3029 0.4039
0.3419 0.1954 0.1908 0.2372 0.3004 0.3719 0.4181 0.4269 0.4147 0.3800 0.3002 0.1943 0.1913 0.2378 0.3011 0.3724 0.4182 0.4269 0.4146 0.3798 0.2996 0.1940 0.1915 0.2381 0.3014 0.3727 0.4183 0.4269 0.4145 0.3795 0.2990 0.1937 0.1917 0.2383 0.3018 0.3730 0.4184 0.4269 0.4144 0.3792 0.2984 0.1935 0.1919 0.2387 0.3021 0.3734 0.4186 0.4269 0.4143 0.3735 0.3236 0.3735 0.4143 0.4269 0.4186 0.3734 0.3021 0.2387 0.1919 0.1935 0.2984 0.3792 0.4144 0.4269 0.4184 0.3730 0.3018 0.2383 0.1917 0.1937 0.2990 0.3795 0.4145 0.4269 0.4183 0.3727 0.3014 0.2381 0.1915 0.1940 0.2996 0.3798 0.4146 0.4269 0.4182 0.3724 0.3011 0.2378 0.1913 0.1943 0.3002 0.3800 0.4147 0.4269 0.4181 0.3719 0.3004 0.2372 0.1908 0.1954 0.3419
0.2589 0.1907 0.2372 0.3007 0.3724 0.4184 0.4271 0.4145 0.3794 0.2989 0.1937 0.1918 0.2384 0.3018 0.3732 0.4186 0.4271 0.4144 0.3792 0.2982 0.1934 0.1919 0.2387 0.3022 0.3735 0.4187 0.4270 0.4143 0.3789 0.2976 0.1932 0.1921 0.2390 0.3026 0.3739 0.4189 0.4270 0.4142 0.3786 0.2970 0.1929 0.1923 0.2393 0.3029 0.3742 0.4190 0.4270 0.4141 0.3783 0.2926 0.2136 0.2926 0.3783 0.4141 0.4270 0.4190 0.3742 0.3029 0.2393 0.1923 0.1929 0.2970 0.3786 0.4142 0.4270 0.4189 0.3739 0.3026 0.2390 0.1921 0.1932 0.2976 0.3789 0.4143 0.4270 0.4187 0.3735 0.3022 0.2387 0.1919 0.1934 0.2982 0.3792 0.4144 0.4271 0.4186 0.3732 0.3018 0.2384 0.1918 0.1937 0.2989 0.3794 0.4145 0.4271 0.4184 0.3724 0.3007 0.2372 0.1907 0.2589
0.2511 0.2368 0.3004 0.3724 0.4185 0.4270 0.4143 0.3789 0.2976 0.1932 0.1922 0.2391 0.3027 0.3740 0.4189 0.4270 0.4141 0.3786 0.2968 0.1928 0.1924 0.2394 0.3030 0.3743 0.4190 0.4270 0.4140 0.3783 0.2962 0.1926 0.1926 0.2396 0.3034 0.3746 0.4191 0.4270 0.4139 0.3780 0.2956 0.1923 0.1928 0.2399 0.3037 0.3749 0.4192 0.4269 0.4138 0.3779 0.2943 0.1915 0.1773 0.1915 0.2943 0.3779 0.4138 0.4269 0.4192 0.3749 0.3037 0.2399 0.1928 0.1923 0.2956 0.3780 0.4139 0.4270 0.4191 0.3746 0.3034 0.2396 0.1926 0.1926 0.2962 0.3783 0.4140 0.4270 0.4190 0.3743 0.3030 0.2394 0.1924 0.1928 0.2968 0.3786 0.4141 0.4270 0.4189 0.3740 0.3027 0.2391 0.1922 0.1932 0.2976 0.3789 0.4143 0.4270 0.4185 0.3724 0.3004 0.2368 0.2511
0.2799 0.2998 0.3719 0.4184 0.4270 0.4143 0.3786 0.2965 0.1926 0.1926 0.2397 0.3035 0.3747 0.4191 0.4270 0.4139 0.3780 0.2954 0.1923 0.1928 0.2400 0.3038 0.3750 0.4192 0.4269 0.4138 0.3777 0.2948 0.1920 0.1930 0.2403 0.3042 0.3754 0.4193 0.4269 0.4136 0.3774 0.2942 0.1918 0.1932 0.2406 0.3045 0.3757 0.4194 0.4269 0.4135 0.3772 0.2936 0.1922 0.1946 0.2159 0.1946 0.1922 0.2936 0.3772 0.4135 0.4269 0.4194 0.3757 0.3045 0.2406 0.1932 0.1918 0.2942 0.3774 0.4136 0.4269 0.4193 0.3754 0.3042 0.2403 0.1930 0.1920 0.2948 0.3777 0.4138 0.4269 0.4192 0.3750 0.3038 0.2400 0.1928 0.1923 0.2954 0.3780 0.4139 0.4270 0.4191 0.3747 0.3035 0.2397 0.1926 0.1926 0.2965 0.3786 0.4143 0.4270 0.4184 0.3719 0.2998 0.2799
0.3239 0.3715 0.4181 0.4271 0.4143 0.3786 0.2961 0.1923 0.1929 0.2402 0.3042 0.3754 0.4194 0.4269 0.4136 0.3773 0.2940 0.1917 0.1933 0.2406 0.3047 0.3758 0.4195 0.4269 0.4135 0.3771 0.2934 0.1915 0.1935 0.2409 0.3050 0.3761 0.4196 0.4269 0.4134 0.3768 0.2928 0.1912 0.1937 0.2412 0.3054 0.3764 0.4197 0.4269 0.4133 0.3765 0.2922 0.1910 0.1955 0.2434 0.2738 0.2434 0.1955 0.1910 0.2922 0.3765 0.4133 0.4269 0.4197 0.3764 0.3054 0.2412 0.1937 0.1912 0.2928 0.3768 0.4134 0.4269 0.4196 0.3761 0.3050 0.2409 0.1935 0.1915 0.2934 0.3771 0.4135 0.4269 0.4195 0.3758 0.3047 0.2406 0.1933 0.1917 0.2940 0.3773 0.4136 0.4269 0.4194 0.3754 0.3042 0.2402 0.1929 0.1923 0.2961 0.3786 0.4143 0.4271 0.4181 0.3715 0.3239
0.3753 0.4193 0.4269 0.4145 0.3789 0.2965 0.1923 0.1930 0.2405 0.3047 0.3760 0.4196 0.4269 0.4133 0.3767 0.2926 0.1912 0.1937 0.2413 0.3055 0.3766 0.4197 0.4269 0.4132 0.3764 0.2920 0.1910 0.1939 0.2416 0.3058 0.3769 0.4198 0.4268 0.4131 0.3762 0.2914 0.1907 0.1941 0.2419 0.3062 0.3772 0.4199 0.4268 0.4130 0.3759 0.2908 0.1905 0.1943 0.2444 0.3095 0.3468 0.3095 0.2444 0.1943 0.1905 0.2908 0.3759 0.4130 0.4268 0.4199 0.3772 0.3062 0.2419 0.1941 0.1907 0.2914 0.3762 0.4131 0.4268 0.4198 0.3769 0.3058 0.2416 0.1939 0.1910 0.2920 0.3764 0.4132 0.4269 0.4197 0.3766 0.3055 0.2413 0.1937 0.1912 0.2926 0.3767 0.4133 0.4269 0.4196 0.3760 0.3047 0.2405 0.1930 0.1923 0.2965 0.3789 0.4145 0.4269 0.4193 0.3753
0.4124 0.4291 0.4147 0.3794 0.2976 0.1926 0.1929 0.2405 0.3049 0.3764 0.4197 0.4268 0.4131 0.3761 0.2912 0.1907 0.1942 0.2420 0.3063 0.3773 0.4200 0.4268 0.4130 0.3758 0.2906 0.1904 0.1944 0.2422 0.3067 0.3776 0.4200 0.4268 0.4128 0.3755 0.2899 0.1902 0.1946 0.2425 0.3070 0.3779 0.4201 0.4268 0.4127 0.3753 0.2893 0.1900 0.1947 0.2427 0.3099 0.3818 0.4097 0.3818 0.3099 0.2427 0.1947 0.1900 0.2893 0.3753 0.4127 0.4268 0.4201 0.3779 0.3070 0.2425 0.1946 0.1902 0.2899 0.3755 0.4128 0.4268 0.4200 0.3776 0.3067 0.2422 0.1944 0.1904 0.2906 0.3758 0.4130 0.4268 0.4200 0.3773 0.3063 0.2420 0.1942 0.1907 0.2912 0.3761 0.4131 0.4268 0.4197 0.3764 0.3049 0.2405 0.1929 0.1926 0.2976 0.3794 0.4147 0.4291 0.4124
0.4273 0.4160 0.3800 0.2989 0.1932 0.1926 0.2402 0.3047 0.3764 0.4198 0.4268 0.4129 0.3756 0.2899 0.1902 0.1947 0.2426 0.3071 0.3781 0.4202 0.4268 0.4127 0.3752 0.2891 0.1900 0.1949 0.2429 0.3075 0.3784 0.4203 0.4267 0.4126 0.3749 0.2885 0.1897 0.1951 0.2432 0.3078 0.3787 0.4204 0.4267 0.4124 0.3746 0.2879 0.1895 0.1953 0.2434 0.3081 0.3807 0.4223 0.4265 0.4223 0.3807 0.3081 0.2434 0.1953 0.1895 0.2879 0.3746 0.4124 0.4267 0.4204 0.3787 0.3078 0.2432 0.1951 0.1897 0.2885 0.3749 0.4126 0.4267 0.4203 0.3784 0.3075 0.2429 0.1949 0.1900 0.2891 0.3752 0.4127 0.4268 0.4202 0.3781 0.3071 0.2426 0.1947 0.1902 0.2899 0.3756 0.4129 0.4268 0.4198 0.3764 0.3047 0.2402 0.1926 0.1932 0.2989 0.3800 0.4160 0.4273
0.4259 0.3806 0.3002 0.1937 0.1922 0.2397 0.3042 0.3760 0.4197 0.4268 0.4129 0.3753 0.2890 0.1898 0.1951 0.2432 0.3080 0.3788 0.4204 0.4267 0.4124 0.3745 0.2877 0.1895 0.1953 0.2436 0.3083 0.3791 0.4205 0.4267 0.4123 0.3743 0.2871 0.1893 0.1955 0.2438 0.3087 0.3794 0.4206 0.4267 0.4122 0.3740 0.2865 0.1891 0.1957 0.2441 0.3090 0.3796 0.4208 0.4259 0.4152 0.4259 0.4208 0.3796 0.3090 0.2441 0.1957 0.1891 0.2865 0.3740 0.4122 0.4267 0.4206 0.3794 0.3087 0.2438 0.1955 0.1893 0.2871 0.3743 0.4123 0.4267 0.4205 0.3791 0.3083 0.2436 0.1953 0.1895 0.2877 0.3745 0.4124 0.4267 0.4204 0.3788 0.3080 0.2432 0.1951 0.1898 0.2890 0.3753 0.4129 0.4268 0.4197 0.3760 0.3042 0.2397 0.1922 0.1937 0.3002 0.3806 0.4259
0.4033 0.3016 0.1943 0.1918 0.2391 0.3035 0.3754 0.4196 0.4268 0.4129 0.3753 0.2886 0.1896 0.1954 0.2437 0.3087 0.3795 0.4206 0.4267 0.4121 0.3739 0.2863 0.1890 0.1958 0.2442 0.3091 0.3798 0.4207 0.4266 0.4120 0.3736 0.2857 0.1888 0.1960 0.2445 0.3095 0.3802 0.4208 0.4266 0.4119 0.3733 0.2851 0.1886 0.1962 0.2448 0.3099 0.3804 0.4208 0.4266 0.4087 0.3822 0.4087 0.4266 0.4208 0.3804 0.3099 0.2448 0.1962 0.1886 0.2851 0.3733 0.4119 0.4266 0.4208 0.3802 0.3095 0.2445 0.1960 0.1888 0.2857 0.3736 0.4120 0.4266 0.4207 0.3798 0.3091 0.2442 0.1958 0.1890 0.2863 0.3739 0.4121 0.4267 0.4206 0.3795 0.3087 0.2437 0.1954 0.1896 0.2886 0.3753 0.4129 0.4268 0.4196 0.3754 0.3035 0.2391 0.1918 0.1943 0.3016 0.4033
0.3415 0.1949 0.1913 0.2384 0.3027 0.3747 0.4194 0.4269 0.4131 0.3756 0.2890 0.1896 0.1955 0.2441 0.3092 0.3801 0.4208 0.4266 0.4118 0.3733 0.2848 0.1886 0.1963 0.2449 0.3100 0.3806 0.4209 0.4266 0.4117 0.3730 0.2842 0.1884 0.1965 0.2452 0.3103 0.3809 0.4210 0.4265 0.4116 0.3727 0.2836 0.1882 0.1967 0.2455 0.3107 0.3812 0.4211 0.4265 0.4115 0.3667 0.3132 0.3667 0.4115 0.4265 0.4211 0.3812 0.3107 0.2455 0.1967 0.1882 0.2836 0.3727 0.4116 0.4265 0.4210 0.3809 0.3103 0.2452 0.1965 0.1884 0.2842 0.3730 0.4117 0.4266 0.4209 0.3806 0.3100 0.2449 0.1963 0.1886 0.2848 0.3733 0.4118 0.4266 0.4208 0.3801 0.3092 0.2441 0.1955 0.1896 0.2890 0.3756 0.4131 0.4269 0.4194 0.3747 0.3027 0.2384 0.1913 0.1949 0.3415
0.2586 0.1909 0.2378 0.3018 0.3740 0.4191 0.4269 0.4133 0.3761 0.2899 0.1898 0.1954 0.2441 0.3094 0.3804 0.4209 0.4265 0.4116 0.3726 0.2834 0.1881 0.1967 0.2455 0.3108 0.3813 0.4211 0.4265 0.4114 0.3723 0.2828 0.1880 0.1969 0.2458 0.3112 0.3816 0.4212 0.4265 0.4113 0.3720 0.2822 0.1878 0.1971 0.2461 0.3115 0.3819 0.4213 0.4264 0.4113 0.3716 0.2788 0.2020 0.2788 0.3716 0.4113 0.4264 0.4213 0.3819 0.3115 0.2461 0.1971 0.1878 0.2822 0.3720 0.4113 0.4265 0.4212 0.3816 0.3112 0.2458 0.1969 0.1880 0.2828 0.3723 0.4114 0.4265 0.4211 0.3813 0.3108 0.2455 0.1967 0.1881 0.2834 0.3726 0.4116 0.4265 0.4209 0.3804 0.3094 0.2441 0.1954 0.1898 0.2899 0.3761 0.4133 0.4269 0.4191 0.3740 0.3018 0.2378 0.1909 0.2586
0.2512 0.2372 0.3011 0.3732 0.4189 0.4270 0.4136 0.3767 0.2912 0.1902 0.1951 0.2437 0.3092 0.3804 0.4210 0.4265 0.4114 0.3721 0.2822 0.1878 0.1972 0.2462 0.3116 0.3820 0.4213 0.4264 0.4111 0.3716 0.2814 0.1876 0.1974 0.2465 0.3120 0.3823 0.4214 0.4264 0.4110 0.3714 0.2807 0.1874 0.1976 0.2468 0.3124 0.3826 0.4215 0.4264 0.4109 0.3712 0.2795 0.1869 0.1802 0.1869 0.2795 0.3712 0.4109 0.4264 0.4215 0.3826 0.3124 0.2468 0.1976 0.1874 0.2807 0.3714 0.4110 0.4264 0.4214 0.3823 0.3120 0.2465 0.1974 0.1876 0.2814 0.3716 0.4111 0.4264 0.4213 0.3820 0.3116 0.2462 0.1972 0.1878 0.2822 0.3721 0.4114 0.4265 0.4210 0.3804 0.3092 0.2437 0.1951 0.1902 0.2912 0.3767 0.4136 0.4270 0.4189 0.3732 0.3011 0.2372 0.2512
0.2801 0.3002 0.3724 0.4186 0.4270 0.4139 0.3773 0.2926 0.1907 0.1947 0.2432 0.3087 0.3801 0.4209 0.4265 0.4113 0.3718 0.2813 0.1874 0.1976 0.2468 0.3125 0.3827 0.4215 0.4264 0.4109 0.3710 0.2799 0.1872 0.1979 0.2472 0.3128 0.3831 0.4216 0.4263 0.4107 0.3707 0.2793 0.1870 0.1981 0.2475 0.3132 0.3834 0.4217 0.4263 0.4106 0.3704 0.2787 0.1876 0.1995 0.2219 0.1995 0.1876 0.2787 0.3704 0.4106 0.4263 0.4217 0.3834 0.3132 0.2475 0.1981 0.1870 0.2793 0.3707 0.4107 0.4263 0.4216 0.3831 0.3128 0.2472 0.1979 0.1872 0.2799 0.3710 0.4109 0.4264 0.4215 0.3827 0.3125 0.2468 0.1976 0.1874 0.2813 0.3718 0.4113 0.4265 0.4209 0.3801 0.3087 0.2432 0.1947 0.1907 0.2926 0.3773 0.4139 0.4270 0.4186 0.3724 0.3002 0.2801
0.3241 0.3719 0.4182 0.4271 0.4141 0.3780 0.2940 0.1912 0.1942 0.2426 0.3080 0.3795 0.4208 0.4265 0.4114 0.3718 0.2808 0.1872 0.1979 0.2474 0.3132 0.3834 0.4217 0.4263 0.4106 0.3703 0.2785 0.1868 0.1983 0.2479 0.3137 0.3838 0.4218 0.4263 0.4104 0.3700 0.2779 0.1866 0.1985 0.2481 0.3140 0.3841 0.4219 0.4262 0.4103 0.3697 0.2772 0.1865 0.2005 0.2505 0.2820 0.2505 0.2005 0.1865 0.2772 0.3697 0.4103 0.4262 0.4219 0.3841 0.3140 0.2481 0.1985 0.1866 0.2779 0.3700 0.4104 0.4263 0.4218 0.3838 0.3137 0.2479 0.1983 0.1868 0.2785 0.3703 0.4106 0.4263 0.4217 0.3834 0.3132 0.2474 0.1979 0.1872 0.2808 0.3718 0.4114 0.4265 0.4208 0.3795 0.3080 0.2426 0.1942 0.1912 0.2940 0.3780 0.4141 0.4271 0.4182 0.3719 0.3241
0.3755 0.4194 0.4269 0.4144 0.3786 0.2954 0.1917 0.1937 0.2420 0.3071 0.3788 0.4206 0.4266 0.4116 0.3721 0.2813 0.1872 0.1980 0.2477 0.3137 0.3840 0.4219 0.4262 0.4103 0.3696 0.2770 0.1864 0.1988 0.2485 0.3145 0.3845 0.4220 0.4262 0.4101 0.3693 0.2764 0.1863 0.1990 0.2488 0.3149 0.3848 0.4221 0.4262 0.4100 0.3690 0.2758 0.1861 0.1992 0.2514 0.3183 0.3558 0.3183 0.2514 0.1992 0.1861 0.2758 0.3690 0.4100 0.4262 0.4221 0.3848 0.3149 0.2488 0.1990 0.1863 0.2764 0.3693 0.4101 0.4262 0.4220 0.3845 0.3145 0.2485 0.1988 0.1864 0.2770 0.3696 0.4103 0.4262 0.4219 0.3840 0.3137 0.2477 0.1980 0.1872 0.2813 0.3721 0.4116 0.4266 0.4206 0.3788 0.3071 0.2420 0.1937 0.1917 0.2954 0.3786 0.4144 0.4269 0.4194 0.3755
0.4125 0.4291 0.4146 0.3792 0.2968 0.1923 0.1933 0.2413 0.3063 0.3781 0.4204 0.4267 0.4118 0.3726 0.2822 0.1874 0.1979 0.2477 0.3140 0.3843 0.4220 0.4262 0.4100 0.3690 0.2756 0.1861 0.1993 0.2492 0.3153 0.3852 0.4222 0.4261 0.4098 0.3686 0.2750 0.1859 0.1995 0.2495 0.3157 0.3855 0.4223 0.4261 0.4097 0.3683 0.2743 0.1858 0.1997 0.2497 0.3186 0.3893 0.4141 0.3893 0.3186 0.2497 0.1997 0.1858 0.2743 0.3683 0.4097 0.4261 0.4223 0.3855 0.3157 0.2495 0.1995 0.1859 0.2750 0.3686 0.4098 0.4261 0.4222 0.3852 0.3153 0.2492 0.1993 0.1861 0.2756 0.3690 0.4100 0.4262 0.4220 0.3843 0.3140 0.2477 0.1979 0.1874 0.2822 0.3726 0.4118 0.4267 0.4204 0.3781 0.3063 0.2413 0.1933 0.1923 0.2968 0.3792 0.4146 0.4291 0.4125
0.4274 0.4159 0.3798 0.2982 0.1928 0.1928 0.2406 0.3055 0.3773 0.4202 0.4267 0.4121 0.3733 0.2834 0.1878 0.1976 0.2474 0.3137 0.3843 0.4221 0.4261 0.4098 0.3684 0.2743 0.1858 0.1998 0.2499 0.3162 0.3859 0.4224 0.4260 0.4095 0.3679 0.2735 0.1856 0.2000 0.2502 0.3165 0.3862 0.4225 0.4260 0.4094 0.3676 0.2729 0.1855 0.2002 0.2504 0.3168 0.3879 0.4241 0.4262 0.4241 0.3879 0.3168 0.2504 0.2002 0.1855 0.2729 0.3676 0.4094 0.4260 0.4225 0.3862 0.3165 0.2502 0.2000 0.1856 0.2735 0.3679 0.4095 0.4260 0.4224 0.3859 0.3162 0.2499 0.1998 0.1858 0.2743 0.3684 0.4098 0.4261 0.4221 0.3843 0.3137 0.2474 0.1976 0.1878 0.2834 0.3733 0.4121 0.4267 0.4202 0.3773 0.3055 0.2406 0.1928 0.1928 0.2982 0.3798 0.4159 0.4274
0.4259 0.3804 0.2996 0.1934 0.1924 0.2400 0.3047 0.3766 0.4200 0.4268 0.4124 0.3739 0.2848 0.1881 0.1972 0.2468 0.3132 0.3840 0.4220 0.4261 0.4097 0.3681 0.2734 0.1855 0.2002 0.2505 0.3170 0.3866 0.4226 0.4259 0.4092 0.3672 0.2721 0.1853 0.2005 0.2509 0.3174 0.3869 0.4226 0.4259 0.4091 0.3669 0.2714 0.1852 0.2007 0.2512 0.3177 0.3870 0.4228 0.4248 0.4126 0.4248 0.4228 0.3870 0.3177 0.2512 0.2007 0.1852 0.2714 0.3669 0.4091 0.4259 0.4226 0.3869 0.3174 0.2509 0.2005 0.1853 0.2721 0.3672 0.4092 0.4259 0.4226 0.3866 0.3170 0.2505 0.2002 0.1855 0.2734 0.3681 0.4097 0.4261 0.4220 0.3840 0.3132 0.2468 0.1972 0.1881 0.2848 0.3739 0.4124 0.4268 0.4200 0.3766 0.3047 0.2400 0.1924 0.1934 0.2996 0.3804 0.4259
0.4032 0.3010 0.1940 0.1919 0.2394 0.3038 0.3758 0.4197 0.4268 0.4127 0.3745 0.2863 0.1886 0.1967 0.2462 0.3125 0.3834 0.4219 0.4262 0.4098 0.3681 0.2730 0.1853 0.2005 0.2511 0.3177 0.3872 0.4227 0.4259 0.4089 0.3665 0.2706 0.1850 0.2010 0.2516 0.3182 0.3875 0.4228 0.4258 0.4088 0.3662 0.2700 0.1849 0.2012 0.2518 0.3186 0.3878 0.4228 0.4258 0.4052 0.3762 0.4052 0.4258 0.4228 0.3878 0.3186 0.2518 0.2012 0.1849 0.2700 0.3662 0.4088 0.4258 0.4228 0.3875 0.3182 0.2516 0.2010 0.1850 0.2706 0.3665 0.4089 0.4259 0.4227 0.3872 0.3178 0.2511 0.2005 0.1853 0.2730 0.3681 0.4098 0.4262 0.4219 0.3834 0.3125 0.2462 0.1967 0.1886 0.2863 0.3745 0.4127 0.4268 0.4197 0.3758 0.3038 0.2394 0.1919 0.1940 0.3010 0.4032
0.3410 0.1947 0.1915 0.2387 0.3030 0.3750 0.4195 0.4269 0.4130 0.3752 0.2877 0.1890 0.1963 0.2455 0.3116 0.3827 0.4217 0.4262 0.4100 0.3684 0.2734 0.1853 0.2007 0.2514 0.3183 0.3877 0.4229 0.4258 0.4086 0.3658 0.2691 0.1847 0.2015 0.2522 0.3191 0.3882 0.4230 0.4257 0.4085 0.3655 0.2685 0.1846 0.2017 0.2525 0.3194 0.3885 0.4230 0.4257 0.4083 0.3593 0.3012 0.3593 0.4083 0.4257 0.4230 0.3885 0.3194 0.2525 0.2017 0.1846 0.2685 0.3655 0.4085 0.4257 0.4230 0.3882 0.3191 0.2522 0.2015 0.1847 0.2691 0.3658 0.4086 0.4258 0.4229 0.3877 0.3183 0.2514 0.2007 0.1853 0.2734 0.3684 0.4100 0.4262 0.4217 0.3827 0.3116 0.2455 0.1963 0.1890 0.2877 0.3752 0.4130 0.4269 0.4195 0.3750 0.3030 0.2387 0.1915 0.1947 0.3410
0.2584 0.1911 0.2381 0.3022 0.3743 0.4192 0.4269 0.4132 0.3758 0.2891 0.1895 0.1958 0.2449 0.3108 0.3820 0.4215 0.4263 0.4103 0.3690 0.2743 0.1855 0.2005 0.2514 0.3185 0.3881 0.4230 0.4257 0.4083 0.3651 0.2677 0.1844 0.2019 0.2529 0.3199 0.3889 0.4231 0.4256 0.4081 0.3648 0.2671 0.1843 0.2022 0.2532 0.3203 0.3892 0.4232 0.4256 0.4081 0.3643 0.2642 0.1921 0.2642 0.3643 0.4081 0.4256 0.4232 0.3892 0.3203 0.2532 0.2022 0.1843 0.2671 0.3648 0.4081 0.4256 0.4231 0.3889 0.3199 0.2529 0.2019 0.1844 0.2677 0.3651 0.4083 0.4257 0.4230 0.3880 0.3185 0.2514 0.2005 0.1855 0.2743 0.3690 0.4103 0.4263 0.4215 0.3820 0.3108 0.2449 0.1958 0.1895 0.2891 0.3758 0.4132 0.4269 0.4192 0.3743 0.3022 0.2381 0.1911 0.2584
0.2513 0.2375 0.3014 0.3735 0.4190 0.4269 0.4135 0.3764 0.2906 0.1900 0.1953 0.2442 0.3100 0.3813 0.4213 0.4264 0.4106 0.3696 0.2756 0.1858 0.2002 0.2511 0.3183 0.3881 0.4230 0.4257 0.4081 0.3645 0.2664 0.1842 0.2024 0.2536 0.3207 0.3896 0.4233 0.4256 0.4078 0.3640 0.2656 0.1840 0.2027 0.2539 0.3211 0.3898 0.4234 0.4255 0.4077 0.3638 0.2644 0.1839 0.1839 0.1839 0.2644 0.3638 0.4077 0.4255 0.4234 0.3898 0.3211 0.2539 0.2027 0.1840 0.2656 0.3640 0.4078 0.4256 0.4233 0.3896 0.3207 0.2536 0.2024 0.1842 0.2664 0.3646 0.4081 0.4257 0.4230 0.3880 0.3183 0.2511 0.2002 0.1858 0.2756 0.3696 0.4106 0.4264 0.4213 0.3813 0.3100 0.2442 0.1953 0.1900 0.2906 0.3764 0.4135 0.4269 0.4190 0.3735 0.3014 0.2375 0.2513
0.2802 0.3005 0.3727 0.4187 0.4270 0.4138 0.3771 0.2920 0.1904 0.1949 0.2436 0.3091 0.3806 0.4211 0.4264 0.4109 0.3703 0.2770 0.1861 0.1998 0.2505 0.3177 0.3877 0.4230 0.4257 0.4080 0.3642 0.2656 0.1840 0.2029 0.2543 0.3216 0.3902 0.4235 0.4255 0.4075 0.3633 0.2642 0.1838 0.2032 0.2546 0.3219 0.3905 0.4235 0.4254 0.4073 0.3630 0.2635 0.1846 0.2047 0.2281 0.2047 0.1846 0.2635 0.3630 0.4073 0.4254 0.4235 0.3905 0.3219 0.2546 0.2032 0.1838 0.2642 0.3633 0.4075 0.4255 0.4235 0.3902 0.3216 0.2543 0.2029 0.1840 0.2656 0.3643 0.4081 0.4257 0.4230 0.3877 0.3178 0.2505 0.1998 0.1861 0.2770 0.3703 0.4109 0.4264 0.4211 0.3806 0.3091 0.2436 0.1949 0.1904 0.2920 0.3771 0.4138 0.4270 0.4187 0.3727 0.3005 0.2802
0.3244 0.3722 0.4183 0.4270 0.4140 0.3777 0.2934 0.1910 0.1944 0.2429 0.3083 0.3798 0.4209 0.4265 0.4111 0.3710 0.2785 0.1864 0.1993 0.2499 0.3170 0.3872 0.4229 0.4257 0.4081 0.3643 0.2653 0.1839 0.2032 0.2548 0.3223 0.3908 0.4236 0.4254 0.4072 0.3625 0.2627 0.1836 0.2037 0.2553 0.3228 0.3912 0.4237 0.4253 0.4070 0.3622 0.2621 0.1834 0.2057 0.2578 0.2903 0.2578 0.2057 0.1834 0.2621 0.3622 0.4070 0.4253 0.4237 0.3912 0.3228 0.2553 0.2037 0.1836 0.2627 0.3625 0.4072 0.4254 0.4236 0.3908 0.3223 0.2548 0.2032 0.1839 0.2653 0.3643 0.4081 0.4257 0.4229 0.3872 0.3170 0.2499 0.1993 0.1864 0.2785 0.3710 0.4111 0.4265 0.4209 0.3798 0.3083 0.2429 0.1944 0.1910 0.2934 0.3777 0.4140 0.4270 0.4183 0.3722 0.3244
0.3758 0.4195 0.4269 0.4143 0.3783 0.2948 0.1915 0.1939 0.2422 0.3075 0.3791 0.4207 0.4266 0.4114 0.3716 0.2799 0.1868 0.1988 0.2492 0.3162 0.3866 0.4227 0.4258 0.4083 0.3646 0.2656 0.1839 0.2033 0.2551 0.3228 0.3913 0.4237 0.4253 0.4068 0.3618 0.2613 0.1833 0.2042 0.2560 0.3236 0.3918 0.4238 0.4252 0.4067 0.3615 0.2606 0.1832 0.2043 0.2587 0.3272 0.3646 0.3272 0.2587 0.2043 0.1832 0.2606 0.3615 0.4067 0.4252 0.4238 0.3918 0.3236 0.2560 0.2042 0.1833 0.2613 0.3618 0.4068 0.4253 0.4237 0.3913 0.3228 0.2551 0.2033 0.1839 0.2656 0.3646 0.4083 0.4258 0.4227 0.3866 0.3162 0.2492 0.1988 0.1868 0.2799 0.3716 0.4114 0.4266 0.4207 0.3791 0.3075 0.2422 0.1939 0.1915 0.2948 0.3783 0.4143 0.4269 0.4195 0.3758
0.4126 0.4291 0.4145 0.3789 0.2962 0.1920 0.1935 0.2416 0.3067 0.3784 0.4205 0.4266 0.4117 0.3723 0.2814 0.1872 0.1983 0.2485 0.3153 0.3859 0.4226 0.4259 0.4086 0.3651 0.2664 0.1840 0.2032 0.2551 0.3230 0.3916 0.4238 0.4252 0.4065 0.3611 0.2598 0.1831 0.2047 0.2567 0.3245 0.3924 0.4240 0.4251 0.4063 0.3607 0.2592 0.1830 0.2048 0.2570 0.3273 0.3961 0.4177 0.3961 0.3273 0.2570 0.2048 0.1830 0.2592 0.3607 0.4063 0.4251 0.4240 0.3924 0.3245 0.2567 0.2047 0.1831 0.2598 0.3611 0.4065 0.4252 0.4238 0.3916 0.3230 0.2551 0.2032 0.1840 0.2664 0.3651 0.4086 0.4259 0.4226 0.3859 0.3153 0.2485 0.1983 0.1872 0.2814 0.3723 0.4117 0.4266 0.4205 0.3784 0.3067 0.2416 0.1935 0.1920 0.2962 0.3789 0.4145 0.4291 0.4126
0.4274 0.4158 0.3795 0.2976 0.1926 0.1930 0.2409 0.3058 0.3776 0.4203 0.4267 0.4120 0.3730 0.2828 0.1876 0.1979 0.2479 0.3145 0.3852 0.4224 0.4259 0.4089 0.3658 0.2677 0.1842 0.2029 0.2548 0.3228 0.3916 0.4239 0.4251 0.4063 0.3605 0.2586 0.1829 0.2052 0.2574 0.3253 0.3931 0.4241 0.4250 0.4060 0.3599 0.2577 0.1829 0.2054 0.2577 0.3256 0.3946 0.4254 0.4256 0.4254 0.3946 0.3256 0.2577 0.2054 0.1829 0.2577 0.3599 0.4060 0.4250 0.4241 0.3931 0.3253 0.2574 0.2052 0.1829 0.2586 0.3605 0.4063 0.4251 0.4239 0.3916 0.3228 0.2548 0.2029 0.1842 0.2677 0.3658 0.4089 0.4259 0.4224 0.3852 0.3145 0.2479 0.1979 0.1876 0.2828 0.3730 0.4120 0.4267 0.4203 0.3776 0.3058 0.2409 0.1930 0.1926 0.2976 0.3795 0.4158 0.4274
0.4258 0.3801 0.2990 0.1932 0.1926 0.2403 0.3050 0.3769 0.4200 0.4267 0.4123 0.3736 0.2842 0.1880 0.1974 0.2472 0.3137 0.3845 0.4222 0.4260 0.4092 0.3665 0.2691 0.1844 0.2024 0.2543 0.3223 0.3913 0.4238 0.4251 0.4063 0.3602 0.2577 0.1828 0.2056 0.2581 0.3262 0.3937 0.4242 0.4249 0.4057 0.3591 0.2563 0.1827 0.2059 0.2585 0.3265 0.3939 0.4243 0.4235 0.4097 0.4235 0.4243 0.3939 0.3265 0.2585 0.2059 0.1827 0.2563 0.3591 0.4057 0.4249 0.4242 0.3937 0.3262 0.2581 0.2056 0.1828 0.2577 0.3602 0.4063 0.4251 0.4238 0.3913 0.3223 0.2543 0.2024 0.1844 0.2691 0.3665 0.4092 0.4260 0.4222 0.3845 0.3137 0.2472 0.1974 0.1880 0.2842 0.3736 0.4123 0.4267 0.4200 0.3769 0.3050 0.2403 0.1926 0.1932 0.2990 0.3801 0.4258
0.4030 0.3004 0.1937 0.1921 0.2396 0.3042 0.3761 0.4198 0.4268 0.4126 0.3743 0.2857 0.1884 0.1969 0.2465 0.3128 0.3838 0.4220 0.4261 0.4095 0.3672 0.2706 0.1847 0.2019 0.2536 0.3216 0.3908 0.4237 0.4252 0.4063 0.3602 0.2574 0.1827 0.2059 0.2586 0.3269 0.3943 0.4244 0.4248 0.4053 0.3583 0.2548 0.1825 0.2064 0.2592 0.3274 0.3946 0.4244 0.4247 0.4015 0.3697 0.4015 0.4247 0.4244 0.3946 0.3274 0.2592 0.2064 0.1825 0.2548 0.3583 0.4053 0.4248 0.4244 0.3943 0.3269 0.2586 0.2059 0.1827 0.2574 0.3602 0.4063 0.4252 0.4237 0.3908 0.3216 0.2536 0.2019 0.1847 0.2706 0.3672 0.4095 0.4261 0.4220 0.3838 0.3128 0.2465 0.1969 0.1884 0.2857 0.3743 0.4126 0.4268 0.4198 0.3761 0.3042 0.2396 0.1921 0.1937 0.3004 0.4030
0.3405 0.1944 0.1917 0.2390 0.3034 0.3754 0.4196 0.4268 0.4128 0.3749 0.2871 0.1888 0.1965 0.2458 0.3120 0.3831 0.4218 0.4262 0.4098 0.3679 0.2721 0.1850 0.2015 0.2529 0.3207 0.3902 0.4236 0.4253 0.4065 0.3605 0.2577 0.1827 0.2060 0.2589 0.3274 0.3947 0.4245 0.4247 0.4050 0.3576 0.2534 0.1824 0.2069 0.2599 0.3282 0.3952 0.4246 0.4246 0.4048 0.3511 0.2881 0.3511 0.4048 0.4246 0.4246 0.3952 0.3282 0.2599 0.2069 0.1824 0.2534 0.3576 0.4050 0.4247 0.4245 0.3947 0.3274 0.2589 0.2060 0.1827 0.2577 0.3605 0.4065 0.4253 0.4236 0.3902 0.3207 0.2529 0.2015 0.1850 0.2721 0.3679 0.4098 0.4262 0.4218 0.3831 0.3120 0.2458 0.1965 0.1888 0.2871 0.3749 0.4128 0.4268 0.4196 0.3754 0.3034 0.2390 0.1917 0.1944 0.3405
0.2582 0.1913 0.2383 0.3026 0.3746 0.4193 0.4269 0.4131 0.3755 0.2885 0.1893 0.1960 0.2452 0.3112 0.3823 0.4216 0.4263 0.4101 0.3686 0.2735 0.1853 0.2010 0.2522 0.3199 0.3896 0.4235 0.4254 0.4068 0.3611 0.2586 0.1828 0.2059 0.2589 0.3276 0.3950 0.4246 0.4246 0.4047 0.3568 0.2520 0.1822 0.2074 0.2606 0.3291 0.3958 0.4247 0.4245 0.4046 0.3562 0.2492 0.1845 0.2492 0.3562 0.4046 0.4245 0.4247 0.3958 0.3291 0.2606 0.2074 0.1822 0.2520 0.3568 0.4047 0.4246 0.4246 0.3950 0.3276 0.2589 0.2059 0.1828 0.2586 0.3611 0.4068 0.4254 0.4235 0.3896 0.3199 0.2522 0.2010 0.1853 0.2735 0.3686 0.4101 0.4263 0.4216 0.3823 0.3112 0.2452 0.1960 0.1893 0.2885 0.3755 0.4131 0.4269 0.4193 0.3746 0.3026 0.2383 0.1913 0.2582
0.2514 0.2377 0.3018 0.3739 0.4191 0.4269 0.4134 0.3762 0.2899 0.1897 0.1955 0.2445 0.3103 0.3816 0.4214 0.4263 0.4104 0.3693 0.2750 0.1856 0.2005 0.2516 0.3191 0.3889 0.4233 0.4255 0.4072 0.3618 0.2598 0.1829 0.2056 0.2586 0.3274 0.3950 0.4246 0.4245 0.4044 0.3562 0.2507 0.1821 0.2080 0.2613 0.3299 0.3964 0.4248 0.4244 0.4041 0.3557 0.2494 0.1822 0.1883 0.1822 0.2494 0.3557 0.4041 0.4244 0.4248 0.3964 0.3299 0.2613 0.2080 0.1821 0.2507 0.3562 0.4044 0.4245 0.4246 0.3950 0.3274 0.2586 0.2056 0.1829 0.2598 0.3618 0.4072 0.4255 0.4233 0.3889 0.3191 0.2516 0.2005 0.1856 0.2750 0.3693 0.4104 0.4263 0.4214 0.3816 0.3103 0.2445 0.1955 0.1897 0.2899 0.3762 0.4134 0.4269 0.4191 0.3739 0.3018 0.2377 0.2514
0.2804 0.3009 0.3730 0.4189 0.4270 0.4136 0.3768 0.2914 0.1902 0.1951 0.2438 0.3095 0.3809 0.4212 0.4264 0.4107 0.3700 0.2764 0.1859 0.2000 0.2509 0.3182 0.3882 0.4231 0.4256 0.4075 0.3625 0.2613 0.1831 0.2052 0.2581 0.3269 0.3947 0.4246 0.4245 0.4044 0.3559 0.2499 0.1820 0.2084 0.2620 0.3308 0.3970 0.4249 0.4242 0.4037 0.3548 0.2485 0.1830 0.2101 0.2346 0.2101 0.1830 0.2485 0.3548 0.4037 0.4242 0.4249 0.3970 0.3308 0.2620 0.2084 0.1820 0.2499 0.3559 0.4044 0.4245 0.4246 0.3947 0.3269 0.2581 0.2052 0.1831 0.2613 0.3625 0.4075 0.4256 0.4231 0.3882 0.3182 0.2509 0.2000 0.1859 0.2764 0.3700 0.4107 0.4264 0.4212 0.3809 0.3095 0.2438 0.1951 0.1902 0.2914 0.3768 0.4136 0.4270 0.4189 0.3730 0.3009 0.2804
0.3246 0.3725 0.4184 0.4270 0.4139 0.3774 0.2928 0.1907 0.1946 0.2432 0.3087 0.3802 0.4210 0.4265 0.4110 0.3707 0.2779 0.1863 0.1995 0.2502 0.3174 0.3875 0.4230 0.4256 0.4078 0.3633 0.2627 0.1833 0.2047 0.2574 0.3262 0.3943 0.4245 0.4246 0.4044 0.3559 0.2496 0.1820 0.2087 0.2625 0.3315 0.3976 0.4251 0.4241 0.4034 0.3540 0.2471 0.1818 0.2111 0.2654 0.2989 0.2654 0.2111 0.1818 0.2471 0.3540 0.4034 0.4241 0.4251 0.3976 0.3315 0.2625 0.2087 0.1820 0.2496 0.3559 0.4044 0.4246 0.4245 0.3943 0.3262 0.2574 0.2047 0.1833 0.2627 0.3633 0.4078 0.4256 0.4230 0.3875 0.3174 0.2502 0.1995 0.1863 0.2779 0.3707 0.4110 0.4265 0.4210 0.3802 0.3087 0.2432 0.1946 0.1907 0.2928 0.3774 0.4139 0.4270 0.4184 0.3725 0.3246
0.3760 0.4197 0.4269 0.4142 0.3780 0.2942 0.1912 0.1941 0.2425 0.3078 0.3794 0.4208 0.4265 0.4113 0.3714 0.2793 0.1866 0.1990 0.2495 0.3165 0.3869 0.4228 0.4257 0.4081 0.3640 0.2642 0.1836 0.2042 0.2567 0.3253 0.3937 0.4244 0.4247 0.4047 0.3562 0.2499 0.1820 0.2088 0.2628 0.3320 0.3980 0.4252 0.4240 0.4030 0.3531 0.2457 0.1817 0.2097 0.2662 0.3361 0.3732 0.3361 0.2661 0.2097 0.1817 0.2457 0.3531 0.4030 0.4240 0.4252 0.3980 0.3320 0.2628 0.2088 0.1820 0.2499 0.3562 0.4047 0.4247 0.4244 0.3937 0.3253 0.2567 0.2042 0.1836 0.2642 0.3640 0.4081 0.4257 0.4228 0.3869 0.3165 0.2495 0.1990 0.1866 0.2793 0.3714 0.4113 0.4265 0.4208 0.3794 0.3078 0.2425 0.1941 0.1912 0.2942 0.3780 0.4142 0.4269 0.4197 0.3760
0.4127 0.4291 0.4144 0.3786 0.2956 0.1918 0.1937 0.2419 0.3070 0.3787 0.4206 0.4266 0.4116 0.3720 0.2807 0.1870 0.1985 0.2488 0.3157 0.3862 0.4226 0.4258 0.4085 0.3648 0.2656 0.1838 0.2037 0.2560 0.3245 0.3931 0.4242 0.4248 0.4050 0.3568 0.2507 0.1820 0.2087 0.2628 0.3322 0.3982 0.4252 0.4239 0.4027 0.3523 0.2442 0.1816 0.2103 0.2645 0.3359 0.4020 0.4205 0.4021 0.3356 0.2642 0.2103 0.1817 0.2442 0.3523 0.4027 0.4239 0.4252 0.3982 0.3322 0.2628 0.2087 0.1820 0.2507 0.3568 0.4050 0.4248 0.4242 0.3931 0.3245 0.2560 0.2037 0.1838 0.2656 0.3648 0.4085 0.4258 0.4226 0.3862 0.3157 0.2488 0.1985 0.1870 0.2807 0.3720 0.4116 0.4266 0.4206 0.3787 0.3070 0.2419 0.1937 0.1918 0.2956 0.3786 0.4144 0.4291 0.4127
0.4274 0.4157 0.3792 0.2970 0.1923 0.1932 0.2412 0.3062 0.3779 0.4204 0.4267 0.4119 0.3727 0.2822 0.1874 0.1981 0.2481 0.3149 0.3855 0.4225 0.4259 0.4088 0.3655 0.2671 0.1840 0.2032 0.2553 0.3236 0.3924 0.4241 0.4249 0.4053 0.3576 0.2520 0.1821 0.2084 0.2625 0.3320 0.3982 0.4252 0.4238 0.4024 0.3517 0.2430 0.1816 0.2109 0.2653 0.3339 0.4000 0.4263 0.4247 0.4264 0.4010 0.3335 0.2645 0.2108 0.1816 0.2430 0.3517 0.4024 0.4238 0.4252 0.3982 0.3320 0.2625 0.2084 0.1821 0.2520 0.3576 0.4053 0.4249 0.4241 0.3924 0.3236 0.2553 0.2032 0.1840 0.2671 0.3655 0.4088 0.4259 0.4225 0.3855 0.3149 0.2481 0.1981 0.1874 0.2822 0.3727 0.4119 0.4267 0.4204 0.3779 0.3062 0.2412 0.1932 0.1923 0.2970 0.3792 0.4157 0.4274
0.4258 0.3799 0.2984 0.1929 0.1928 0.2406 0.3054 0.3772 0.4201 0.4267 0.4122 0.3733 0.2836 0.1878 0.1976 0.2475 0.3140 0.3848 0.4223 0.4260 0.4091 0.3662 0.2685 0.1843 0.2027 0.2546 0.3228 0.3918 0.4240 0.4250 0.4057 0.3583 0.2534 0.1822 0.2080 0.2620 0.3315 0.3980 0.4252 0.4238 0.4024 0.3514 0.2422 0.1815 0.2113 0.2661 0.3347 0.3992 0.4255 0.4209 0.4018 0.4194 0.4267 0.4023 0.3350 0.2648 0.2111 0.1816 0.2423 0.3514 0.4024 0.4238 0.4252 0.3980 0.3315 0.2620 0.2080 0.1822 0.2534 0.3583 0.4057 0.4250 0.4240 0.3918 0.3228 0.2546 0.2027 0.1843 0.2685 0.3662 0.4091 0.4260 0.4223 0.3848 0.3140 0.2475 0.1976 0.1878 0.2836 0.3733 0.4122 0.4267 0.4201 0.3772 0.3054 0.2406 0.1928 0.1929 0.2984 0.3799 0.4258
0.4028 0.2998 0.1935 0.1923 0.2399 0.3045 0.3764 0.4199 0.4268 0.4124 0.3740 0.2851 0.1882 0.1971 0.2468 0.3132 0.3841 0.4221 0.4261 0.4094 0.3669 0.2700 0.1846 0.2022 0.2539 0.3219 0.3912 0.4238 0.4251 0.4060 0.3591 0.2548 0.1824 0.2074 0.2613 0.3308 0.3976 0.4252 0.4239 0.4024 0.3514 0.2420 0.1815 0.2116 0.2666 0.3357 0.3998 0.4255 0.4212 0.3952 0.3971 0.4144 0.4214 0.4283 0.4051 0.3371 0.2651 0.2114 0.1816 0.2420 0.3514 0.4024 0.4239 0.4252 0.3976 0.3308 0.2613 0.2074 0.1824 0.2548 0.3591 0.4060 0.4251 0.4238 0.3912 0.3219 0.2539 0.2022 0.1846 0.2700 0.3669 0.4094 0.4261 0.4221 0.3841 0.3132 0.2468 0.1971 0.1882 0.2851 0.3740 0.4124 0.4268 0.4199 0.3764 0.3045 0.2399 0.1923 0.1935 0.2998 0.4028
0.3401 0.1941 0.1919 0.2393 0.3037 0.3757 0.4197 0.4268 0.4127 0.3746 0.2865 0.1886 0.1967 0.2461 0.3124 0.3834 0.4219 0.4262 0.4097 0.3676 0.2714 0.1849 0.2017 0.2532 0.3211 0.3905 0.4237 0.4252 0.4063 0.3599 0.2563 0.1825 0.2069 0.2606 0.3299 0.3970 0.4251 0.4240 0.4027 0.3517 0.2422 0.1815 0.2117 0.2669 0.3365 0.4005 0.4255 0.4215 0.3961 0.4207 0.4299 0.4262 0.4296 0.4289 0.4283 0.4067 0.3377 0.2655 0.2116 0.1815 0.2422 0.3517 0.4027 0.4240 0.4251 0.3970 0.3299 0.2606 0.2069 0.1825 0.2563 0.3599 0.4063 0.4252 0.4237 0.3905 0.3211 0.2532 0.2017 0.1849 0.2714 0.3676 0.4097 0.4262 0.4219 0.3834 0.3124 0.2461 0.1967 0.1886 0.2865 0.3746 0.4127 0.4268 0.4197 0.3757 0.3037 0.2393 0.1919 0.1941 0.3401
0.2580 0.1915 0.2387 0.3029 0.3749 0.4194 0.4269 0.4130 0.3753 0.2879 0.1891 0.1962 0.2455 0.3115 0.3826 0.4217 0.4262 0.4100 0.3683 0.2729 0.1852 0.2012 0.2525 0.3203 0.3898 0.4235 0.4253 0.4067 0.3607 0.2577 0.1827 0.2064 0.2599 0.3291 0.3964 0.4249 0.4241 0.4030 0.3523 0.2430 0.1815 0.2116 0.2668 0.3368 0.4010 0.4256 0.4226 0.3929 0.4147 0.4207 0.3751 0.3296 0.3470 0.3922 0.4279 0.4284 0.4062 0.3366 0.2659 0.2116 0.1816 0.2430 0.3523 0.4030 0.4241 0.4249 0.3964 0.3291 0.2599 0.2064 0.1827 0.2577 0.3607 0.4067 0.4253 0.4235 0.3898 0.3203 0.2525 0.2012 0.1852 0.2729 0.3683 0.4100 0.4262 0.4217 0.3826 0.3115 0.2455 0.1962 0.1891 0.2879 0.3753 0.4130 0.4269 0.4194 0.3749 0.3029 0.2387 0.1915 0.2580
0.2515 0.2380 0.3021 0.3742 0.4192 0.4269 0.4133 0.3759 0.2893 0.1895 0.1957 0.2448 0.3107 0.3819 0.4215 0.4263 0.4103 0.3690 0.2743 0.1855 0.2007 0.2518 0.3194 0.3892 0.4234 0.4254 0.4070 0.3615 0.2592 0.1829 0.2059 0.2592 0.3282 0.3958 0.4248 0.4242 0.4034 0.3531 0.2442 0.1816 0.2113 0.2665 0.3366 0.4012 0.4257 0.4233 0.3921 0.3736 0.4301 0.3901 0.2885 0.2235 0.2324 0.2851 0.3781 0.4302 0.4287 0.4041 0.3356 0.2661 0.2113 0.1816 0.2442 0.3531 0.4034 0.4242 0.4248 0.3958 0.3282 0.2592 0.2059 0.1829 0.2592 0.3615 0.4070 0.4254 0.4234 0.3892 0.3194 0.2518 0.2007 0.1855 0.2743 0.3690 0.4103 0.4263 0.4215 0.3819 0.3107 0.2448 0.1957 0.1895 0.2893 0.3759 0.4133 0.4269 0.4192 0.3742 0.3021 0.2380 0.2515
0.2806 0.3012 0.3734 0.4190 0.4269 0.4135 0.3765 0.2908 0.1900 0.1953 0.2441 0.3099 0.3812 0.4213 0.4264 0.4106 0.3697 0.2758 0.1858 0.2002 0.2512 0.3186 0.3885 0.4232 0.4255 0.4073 0.3622 0.2606 0.1830 0.2054 0.2585 0.3274 0.3952 0.4247 0.4244 0.4037 0.3540 0.2457 0.1816 0.2108 0.2660 0.3361 0.4011 0.4258 0.4233 0.3984 0.3400 0.3800 0.4344 0.3748 0.2666 0.2627 0.1803 0.2173 0.3139 0.4198 0.4240 0.4274 0.4016 0.3353 0.2659 0.2108 0.1817 0.2457 0.3540 0.4037 0.4244 0.4247 0.3952 0.3274 0.2585 0.2054 0.1830 0.2606 0.3622 0.4073 0.4255 0.4232 0.3885 0.3186 0.2512 0.2002 0.1858 0.2758 0.3697 0.4106 0.4264 0.4213 0.3812 0.3099 0.2441 0.1953 0.1900 0.2908 0.3765 0.4135 0.4269 0.4190 0.3734 0.3012 0.2806
0.3249 0.3729 0.4186 0.4270 0.4138 0.3772 0.2922 0.1905 0.1948 0.2435 0.3090 0.3805 0.4211 0.4264 0.4109 0.3704 0.2772 0.1861 0.1997 0.2505 0.3177 0.3878 0.4230 0.4256 0.4077 0.3630 0.2621 0.1832 0.2049 0.2577 0.3265 0.3946 0.4246 0.4245 0.4041 0.3548 0.2471 0.1817 0.2103 0.2653 0.3354 0.4007 0.4257 0.4232 0.4007 0.3402 0.2687 0.3561 0.4263 0.4232 0.3990 0.4599 0.2954 0.1988 0.2824 0.4023 0.4248 0.4193 0.4259 0.4002 0.3350 0.2652 0.2102 0.1817 0.2471 0.3548 0.4041 0.4245 0.4246 0.3946 0.3265 0.2577 0.2048 0.1832 0.2621 0.3630 0.4077 0.4256 0.4230 0.3878 0.3177 0.2504 0.1997 0.1861 0.2772 0.3704 0.4109 0.4264 0.4211 0.3804 0.3090 0.2434 0.1947 0.1905 0.2922 0.3772 0.4138 0.4270 0.4186 0.3728 0.3248
0.3762 0.4198 0.4269 0.4141 0.3778 0.2936 0.1910 0.1943 0.2428 0.3082 0.3797 0.4209 0.4265 0.4112 0.3711 0.2787 0.1865 0.1992 0.2498 0.3169 0.3871 0.4229 0.4257 0.4080 0.3637 0.2635 0.1835 0.2044 0.2570 0.3257 0.3940 0.4244 0.4246 0.4044 0.3556 0.2485 0.1818 0.2098 0.2645 0.3345 0.4001 0.4256 0.4232 0.4008 0.3470 0.2325 0.1831 0.2856 0.3939 0.4225 0.4387 0.3946 0.2348 0.1990 0.2916 0.4046 0.4231 0.3985 0.4222 0.4255 0.3998 0.3344 0.2645 0.2097 0.1818 0.2485 0.3557 0.4046 0.4246 0.4244 0.3939 0.3256 0.2570 0.2043 0.1834 0.2635 0.3638 0.4081 0.4257 0.4228 0.3870 0.3168 0.2497 0.1992 0.1865 0.2787 0.3712 0.4113 0.4265 0.4208 0.3796 0.3081 0.2427 0.1943 0.1910 0.2936 0.3779 0.4141 0.4269 0.4197 0.3763
0.4129 0.4291 0.4143 0.3784 0.2950 0.1916 0.1939 0.2421 0.3074 0.3790 0.4207 0.4266 0.4115 0.3717 0.2801 0.1868 0.1988 0.2491 0.3161 0.3865 0.4227 0.4258 0.4083 0.3644 0.2650 0.1837 0.2039 0.2563 0.3248 0.3933 0.4243 0.4247 0.4048 0.3564 0.2499 0.1819 0.2092 0.2638 0.3337 0.3996 0.4255 0.4234 0.4009 0.3480 0.2357 0.1799 0.1831 0.1821 0.2572 0.3246 0.3544 0.2711 0.1784 0.2220 0.3211 0.4174 0.4189 0.3677 0.3950 0.4235 0.4255 0.4005 0.3361 0.2662 0.2111 0.1830 0.2494 0.3562 0.4048 0.4247 0.4243 0.3946 0.3273 0.2587 0.2057 0.1846 0.2644 0.3643 0.4083 0.4258 0.4228 0.3879 0.3186 0.2514 0.2005 0.1876 0.2795 0.3716 0.4115 0.4266 0.4208 0.3807 0.3099 0.2444 0.1955 0.1922 0.2943 0.3783 0.4143 0.4291 0.4137
0.4275 0.4156 0.3790 0.2964 0.1921 0.1934 0.2415 0.3065 0.3783 0.4205 0.4266 0.4118 0.3724 0.2816 0.1872 0.1983 0.2484 0.3152 0.3858 0.4225 0.4259 0.4086 0.3652 0.2664 0.1839 0.2034 0.2556 0.3240 0.3927 0.4242 0.4248 0.4052 0.3572 0.2514 0.1820 0.2087 0.2631 0.3328 0.3990 0.4254 0.4235 0.4013 0.3485 0.2371 0.1830 0.2129 0.2345 0.2124 0.1911 0.1926 0.1989 0.1884 0.2100 0.2708 0.3650 0.4274 0.4105 0.3244 0.3315 0.3970 0.4220 0.4264 0.4022 0.3361 0.2654 0.2101 0.1822 0.2492 0.3511 0.4015 0.4235 0.4254 0.3961 0.3272 0.2578 0.2047 0.1839 0.2642 0.3593 0.4052 0.4248 0.4241 0.3893 0.3183 0.2505 0.1995 0.1869 0.2788 0.3667 0.4087 0.4259 0.4223 0.3818 0.3095 0.2434 0.1946 0.1915 0.2926 0.3735 0.4124 0.4278
0.4257 0.3796 0.2978 0.1927 0.1930 0.2408 0.3057 0.3775 0.4202 0.4267 0.4120 0.3731 0.2830 0.1876 0.1978 0.2478 0.3144 0.3851 0.4224 0.4260 0.4089 0.3659 0.2679 0.1842 0.2029 0.2549 0.3232 0.3921 0.4240 0.4249 0.4055 0.3580 0.2528 0.1822 0.2082 0.2623 0.3320 0.3984 0.4253 0.4236 0.4017 0.3493 0.2382 0.1815 0.2153 0.2711 0.3124 0.3013 0.2678 0.2459 0.2400 0.2573 0.2932 0.3507 0.4101 0.4291 0.3926 0.2637 0.2666 0.3623 0.4066 0.4246 0.4206 0.3732 0.2989 0.2346 0.1883 0.1845 0.2881 0.3697 0.4097 0.4256 0.4177 0.3646 0.2903 0.2281 0.1839 0.1921 0.3012 0.3762 0.4126 0.4262 0.4141 0.3558 0.2820 0.2219 0.1802 0.2020 0.3132 0.3822 0.4152 0.4265 0.4097 0.3468 0.2738 0.2159 0.1773 0.2136 0.3236 0.3869 0.4251
0.4026 0.2992 0.1932 0.1925 0.2401 0.3048 0.3767 0.4200 0.4267 0.4123 0.3737 0.2844 0.1880 0.1973 0.2470 0.3135 0.3843 0.4222 0.4260 0.4093 0.3666 0.2694 0.1844 0.2023 0.2542 0.3222 0.3914 0.4239 0.4251 0.4059 0.3588 0.2542 0.1823 0.2076 0.2616 0.3311 0.3978 0.4252 0.4238 0.4021 0.3502 0.2395 0.1814 0.2131 0.2704 0.3425 0.3953 0.4018 0.3822 0.3619 0.3560 0.3716 0.3972 0.4197 0.4282 0.4182 0.3440 0.2516 0.3373 0.3977 0.4219 0.4264 0.4022 0.3361 0.2654 0.2101 0.1822 0.2492 0.3511 0.4015 0.4235 0.4254 0.3961 0.3272 0.2578 0.2047 0.1839 0.2642 0.3593 0.4052 0.4248 0.4241 0.3893 0.3183 0.2505 0.1995 0.1869 0.2788 0.3667 0.4087 0.4259 0.4223 0.3818 0.3095 0.2434 0.1946 0.1915 0.2926 0.3735 0.4124 0.4278
0.3396 0.1939 0.1920 0.2395 0.3040 0.3759 0.4197 0.4268 0.4127 0.3745 0.2859 0.1884 0.1968 0.2463 0.3126 0.3835 0.4219 0.4262 0.4097 0.3675 0.2708 0.1847 0.2018 0.2535 0.3214 0.3907 0.4237 0.4252 0.4063 0.3597 0.2557 0.1824 0.2071 0.2608 0.3302 0.3972 0.4251 0.4240 0.4026 0.3512 0.2409 0.1814 0.2125 0.2683 0.3397 0.4042 0.4259 0.4271 0.4309 0.4311 0.4304 0.4314 0.4308 0.4256 0.4106 0.3639 0.2705 0.3348 0.4015 0.4235 0.4256 0.4006 0.3361 0.2662 0.2111 0.1830 0.2494 0.3562 0.4048 0.4247 0.4243 0.3946 0.3273 0.2587 0.2057 0.1846 0.2644 0.3643 0.4083 0.4258 0.4228 0.3879 0.3186 0.2514 0.2005 0.1876 0.2795 0.3716 0.4115 0.4266 0.4208 0.3807 0.3099 0.2444 0.1955 0.1922 0.2943 0.3783 0.4143 0.4291 0.4137
0.2578 0.1935 0.2412 0.3059 0.3771 0.4197 0.4269 0.4129 0.3749 0.2866 0.1896 0.1981 0.2480 0.3144 0.3845 0.4219 0.4262 0.4099 0.3679 0.2716 0.1859 0.2032 0.2552 0.3231 0.3915 0.4236 0.4253 0.4065 0.3602 0.2565 0.1836 0.2085 0.2626 0.3319 0.3978 0.4250 0.4241 0.4028 0.3517 0.2418 0.1826 0.2141 0.2701 0.3405 0.4035 0.4262 0.4221 0.4036 0.3914 0.4014 0.4069 0.3993 0.3829 0.3523 0.2952 0.2601 0.3333 0.4014 0.4235 0.4256 0.4001 0.3344 0.2644 0.2097 0.1818 0.2485 0.3557 0.4046 0.4246 0.4244 0.3939 0.3256 0.2570 0.2043 0.1834 0.2635 0.3638 0.4081 0.4257 0.4228 0.3870 0.3168 0.2497 0.1992 0.1865 0.2787 0.3712 0.4113 0.4265 0.4208 0.3796 0.3081 0.2427 0.1943 0.1910 0.2936 0.3779 0.4141 0.4269 0.4197 0.3763
0.2527 0.2405 0.3056 0.3782 0.4213 0.4263 0.4102 0.3701 0.2856 0.1889 0.1971 0.2470 0.3140 0.3858 0.4233 0.4254 0.4069 0.3629 0.2713 0.1852 0.2022 0.2542 0.3229 0.3929 0.4248 0.4242 0.4033 0.3551 0.2564 0.1828 0.2075 0.2617 0.3318 0.3994 0.4260 0.4227 0.3993 0.3466 0.2416 0.1818 0.2130 0.2693 0.3407 0.4050 0.4268 0.4207 0.3943 0.3447 0.2831 0.2551 0.2585 0.2410 0.2138 0.1930 0.2359 0.3382 0.4012 0.4234 0.4257 0.4007 0.3354 0.2652 0.2102 0.1817 0.2471 0.3548 0.4041 0.4245 0.4246 0.3946 0.3265 0.2577 0.2048 0.1832 0.2621 0.3630 0.4077 0.4256 0.4230 0.3878 0.3177 0.2504 0.1997 0.1861 0.2772 0.3704 0.4109 0.4264 0.4211 0.3804 0.3090 0.2434 0.1947 0.1905 0.2922 0.3772 0.4138 0.4270 0.4186 0.3728 0.3248
0.2652 0.2706 0.3428 0.4073 0.4265 0.4164 0.3850 0.3188 0.2077 0.1787 0.2189 0.2779 0.3513 0.4120 0.4264 0.4140 0.3793 0.3073 0.1968 0.1819 0.2250 0.2862 0.3603 0.4160 0.4259 0.4112 0.3730 0.2947 0.1880 0.1860 0.2314 0.2946 0.3690 0.4193 0.4251 0.4081 0.3662 0.2813 0.1816 0.1905 0.2378 0.3030 0.3769 0.4216 0.4242 0.4049 0.3595 0.2754 0.1844 0.1755 0.1848 0.1771 0.1687 0.2308 0.3446 0.4011 0.4233 0.4258 0.4011 0.3362 0.2659 0.2108 0.1816 0.2457 0.3540 0.4037 0.4244 0.4247 0.3952 0.3274 0.2585 0.2054 0.1830 0.2606 0.3622 0.4073 0.4255 0.4232 0.3885 0.3186 0.2512 0.2002 0.1858 0.2758 0.3697 0.4106 0.4264 0.4213 0.3812 0.3099 0.2441 0.1953 0.1900 0.2908 0.3765 0.4135 0.4269 0.4190 0.3734 0.3012 0.2806
