0.1926 1.0000 1.0000 1.0000 0.0004 0.0012 0.0039 0.0123 0.0385 0.1211 0.3806 1.0000 1.0000 1.0000 0.0004 0.0012 0.0039 0.0123 0.0388 0.1218 0.3827 1.0000 1.0000 1.0000 0.0004 0.0013 0.0039 0.0124 0.0390 0.1225 0.3849 1.0000 1.0000 1.0000 0.0004 0.0013 0.0040 0.0125 0.0392 0.1232 0.3871 1.0000 1.0000 1.0000 0.0004 0.0013 0.0040 0.0125 0.0400 0.1445 0.3441 0.1445 0.0400 0.0125 0.0040 0.0013 0.0004 1.0000 1.0000 1.0000 0.3871 0.1232 0.0392 0.0125 0.0040 0.0013 0.0004 1.0000 1.0000 1.0000 0.3849 0.1225 0.0390 0.0124 0.0039 0.0013 0.0004 1.0000 1.0000 1.0000 0.3827 0.1218 0.0388 0.0123 0.0039 0.0012 0.0004 1.0000 1.0000 1.0000 0.3806 0.1211 0.0385 0.0123 0.0039 0.0012 0.0004 1.0000 1.0000 1.0000 0.1926
1.0000 1.0000 1.0000 0.0008 0.0025 0.0080 0.0250 0.0785 0.2471 0.7765 1.0000 1.0000 1.0000 0.0008 0.0025 0.0080 0.0252 0.0791 0.2485 0.7810 1.0000 1.0000 1.0000 0.0008 0.0026 0.0081 0.0253 0.0796 0.2500 0.7854 1.0000 1.0000 1.0000 0.0008 0.0026 0.0081 0.0255 0.0800 0.2514 0.7899 1.0000 1.0000 1.0000 0.0008 0.0026 0.0082 0.0256 0.0800 0.2538 0.9232 1.0000 0.9232 0.2538 0.0800 0.0256 0.0082 0.0026 0.0008 1.0000 1.0000 1.0000 0.7899 0.2514 0.0800 0.0255 0.0081 0.0026 0.0008 1.0000 1.0000 1.0000 0.7854 0.2500 0.0796 0.0253 0.0081 0.0026 0.0008 1.0000 1.0000 1.0000 0.7810 0.2485 0.0791 0.0252 0.0080 0.0025 0.0008 1.0000 1.0000 1.0000 0.7765 0.2471 0.0785 0.0250 0.0080 0.0025 0.0008 1.0000 1.0000 1.0000
1.0000 1.0000 0.0007 0.0023 0.0073 0.0231 0.0725 0.2282 0.7183 1.0000 1.0000 1.0000 0.0007 0.0024 0.0074 0.0233 0.0730 0.2299 0.7210 1.0000 1.0000 1.0000 0.0008 0.0024 0.0074 0.0234 0.0734 0.2312 0.7251 1.0000 1.0000 1.0000 0.0008 0.0024 0.0075 0.0235 0.0740 0.2321 0.7307 1.0000 1.0000 1.0000 0.0008 0.0024 0.0075 0.0237 0.0743 0.2330 0.7362 1.0000 1.0000 1.0000 0.7362 0.2330 0.0743 0.0237 0.0075 0.0024 0.0008 1.0000 1.0000 1.0000 0.7307 0.2321 0.0740 0.0235 0.0075 0.0024 0.0008 1.0000 1.0000 1.0000 0.7251 0.2312 0.0734 0.0234 0.0074 0.0024 0.0008 1.0000 1.0000 1.0000 0.7210 0.2299 0.0730 0.0233 0.0074 0.0024 0.0007 1.0000 1.0000 1.0000 0.7183 0.2282 0.0725 0.0231 0.0073 0.0023 0.0007 1.0000 1.0000
1.0000 0.0008 0.0023 0.0075 0.0236 0.0743 0.2334 0.7362 1.0000 1.0000 1.0000 0.0008 0.0024 0.0076 0.0239 0.0750 0.2357 0.7405 1.0000 1.0000 1.0000 0.0008 0.0024 0.0076 0.0240 0.0754 0.2370 0.7447 1.0000 1.0000 1.0000 0.0008 0.0024 0.0077 0.0241 0.0759 0.2384 0.7490 1.0000 1.0000 1.0000 0.0008 0.0025 0.0077 0.0243 0.0763 0.2397 0.7504 1.0000 1.0000 1.0000 1.0000 1.0000 0.7504 0.2397 0.0763 0.0243 0.0077 0.0025 0.0008 1.0000 1.0000 1.0000 0.7490 0.2384 0.0759 0.0241 0.0077 0.0024 0.0008 1.0000 1.0000 1.0000 0.7447 0.2370 0.0754 0.0240 0.0076 0.0024 0.0008 1.0000 1.0000 1.0000 0.7405 0.2357 0.0750 0.0239 0.0076 0.0024 0.0008 1.0000 1.0000 1.0000 0.7362 0.2334 0.0743 0.0236 0.0075 0.0023 0.0008 1.0000
0.0004 0.0025 0.0073 0.0236 0.0743 0.2352 0.7419 1.0000 1.0000 1.0000 0.0008 0.0024 0.0077 0.0241 0.0759 0.2384 0.7490 1.0000 1.0000 1.0000 0.0008 0.0025 0.0077 0.0243 0.0763 0.2397 0.7532 1.0000 1.0000 1.0000 0.0008 0.0025 0.0078 0.0244 0.0767 0.2411 0.7576 1.0000 1.0000 1.0000 0.0008 0.0025 0.0078 0.0246 0.0772 0.2425 0.7619 1.0000 1.0000 1.0000 1.0000 1.0000 1.0000 1.0000 0.7619 0.2425 0.0772 0.0246 0.0078 0.0025 0.0008 1.0000 1.0000 1.0000 0.7576 0.2411 0.0767 0.0244 0.0078 0.0025 0.0008 1.0000 1.0000 1.0000 0.7532 0.2397 0.0763 0.0243 0.0077 0.0025 0.0008 1.0000 1.0000 1.0000 0.7490 0.2384 0.0759 0.0241 0.0077 0.0024 0.0008 1.0000 1.0000 1.0000 0.7419 0.2352 0.0743 0.0236 0.0073 0.0025 0.0004
0.0012 0.0080 0.0231 0.0743 0.2352 0.7447 1.0000 1.0000 1.0000 0.0008 0.0025 0.0078 0.0245 0.0769 0.2416 0.7590 1.0000 1.0000 1.0000 0.0008 0.0025 0.0078 0.0246 0.0773 0.2429 0.7633 1.0000 1.0000 1.0000 0.0008 0.0025 0.0079 0.0247 0.0778 0.2443 0.7677 1.0000 1.0000 1.0000 0.0008 0.0025 0.0079 0.0249 0.0782 0.2457 0.7721 1.0000 1.0000 1.0000 0.0009 0.0021 0.0009 1.0000 1.0000 1.0000 0.7721 0.2457 0.0782 0.0249 0.0079 0.0025 0.0008 1.0000 1.0000 1.0000 0.7677 0.2443 0.0778 0.0247 0.0079 0.0025 0.0008 1.0000 1.0000 1.0000 0.7633 0.2429 0.0773 0.0246 0.0078 0.0025 0.0008 1.0000 1.0000 1.0000 0.7590 0.2416 0.0769 0.0245 0.0078 0.0025 0.0008 1.0000 1.0000 1.0000 0.7447 0.2352 0.0743 0.0231 0.0080 0.0012
0.0039 0.0250 0.0725 0.2334 0.7419 1.0000 1.0000 1.0000 0.0008 0.0025 0.0079 0.0248 0.0779 0.2448 0.7692 1.0000 1.0000 1.0000 0.0008 0.0025 0.0079 0.0249 0.0784 0.2462 0.7736 1.0000 1.0000 1.0000 0.0008 0.0025 0.0080 0.0251 0.0788 0.2476 0.7780 1.0000 1.0000 1.0000 0.0008 0.0026 0.0080 0.0252 0.0793 0.2490 0.7824 1.0000 1.0000 1.0000 0.0008 0.0030 0.0066 0.0030 0.0008 1.0000 1.0000 1.0000 0.7824 0.2490 0.0793 0.0252 0.0080 0.0026 0.0008 1.0000 1.0000 1.0000 0.7780 0.2476 0.0788 0.0251 0.0080 0.0025 0.0008 1.0000 1.0000 1.0000 0.7736 0.2462 0.0784 0.0249 0.0079 0.0025 0.0008 1.0000 1.0000 1.0000 0.7692 0.2448 0.0779 0.0248 0.0079 0.0025 0.0008 1.0000 1.0000 1.0000 0.7419 0.2334 0.0725 0.0250 0.0039
0.0123 0.0785 0.2282 0.7362 1.0000 1.0000 1.0000 0.0008 0.0025 0.0080 0.0250 0.0788 0.2481 0.7795 1.0000 1.0000 1.0000 0.0008 0.0026 0.0080 0.0253 0.0794 0.2495 0.7839 1.0000 1.0000 1.0000 0.0008 0.0026 0.0081 0.0254 0.0799 0.2509 0.7884 1.0000 1.0000 1.0000 0.0008 0.0026 0.0081 0.0256 0.0803 0.2524 0.7929 1.0000 1.0000 1.0000 0.0008 0.0026 0.0095 0.0211 0.0095 0.0026 0.0008 1.0000 1.0000 1.0000 0.7929 0.2524 0.0803 0.0256 0.0081 0.0026 0.0008 1.0000 1.0000 1.0000 0.7884 0.2509 0.0799 0.0254 0.0081 0.0026 0.0008 1.0000 1.0000 1.0000 0.7839 0.2495 0.0794 0.0253 0.0080 0.0026 0.0008 1.0000 1.0000 1.0000 0.7795 0.2481 0.0788 0.0250 0.0080 0.0025 0.0008 1.0000 1.0000 1.0000 0.7362 0.2282 0.0785 0.0123
0.0385 0.2471 0.7183 1.0000 1.0000 1.0000 0.0008 0.0025 0.0080 0.0252 0.0796 0.2504 0.7884 1.0000 1.0000 1.0000 0.0008 0.0026 0.0082 0.0256 0.0805 0.2528 0.7944 1.0000 1.0000 1.0000 0.0008 0.0026 0.0082 0.0258 0.0809 0.2543 0.7990 1.0000 1.0000 1.0000 0.0008 0.0026 0.0082 0.0259 0.0814 0.2557 0.8036 1.0000 1.0000 1.0000 0.0008 0.0026 0.0083 0.0301 0.0672 0.0301 0.0083 0.0026 0.0008 1.0000 1.0000 1.0000 0.8036 0.2557 0.0814 0.0259 0.0082 0.0026 0.0008 1.0000 1.0000 1.0000 0.7990 0.2543 0.0809 0.0258 0.0082 0.0026 0.0008 1.0000 1.0000 1.0000 0.7944 0.2528 0.0805 0.0256 0.0082 0.0026 0.0008 1.0000 1.0000 1.0000 0.7884 0.2504 0.0796 0.0252 0.0080 0.0025 0.0008 1.0000 1.0000 1.0000 0.7183 0.2471 0.0385
0.1211 0.7765 1.0000 1.0000 1.0000 0.0008 0.0025 0.0080 0.0252 0.0799 0.2524 0.7960 1.0000 1.0000 1.0000 0.0008 0.0026 0.0083 0.0260 0.0815 0.2562 0.8051 1.0000 1.0000 1.0000 0.0008 0.0026 0.0083 0.0261 0.0820 0.2577 0.8097 1.0000 1.0000 1.0000 0.0008 0.0027 0.0084 0.0263 0.0825 0.2592 0.8143 1.0000 1.0000 1.0000 0.0009 0.0027 0.0084 0.0265 0.0959 0.2139 0.0959 0.0265 0.0084 0.0027 0.0009 1.0000 1.0000 1.0000 0.8143 0.2592 0.0825 0.0263 0.0084 0.0027 0.0008 1.0000 1.0000 1.0000 0.8097 0.2577 0.0820 0.0261 0.0083 0.0026 0.0008 1.0000 1.0000 1.0000 0.8051 0.2562 0.0815 0.0260 0.0083 0.0026 0.0008 1.0000 1.0000 1.0000 0.7960 0.2524 0.0799 0.0252 0.0080 0.0025 0.0008 1.0000 1.0000 1.0000 0.7765 0.1211
0.3806 1.0000 1.0000 1.0000 0.0008 0.0025 0.0079 0.0250 0.0796 0.2524 0.7990 1.0000 1.0000 1.0000 0.0008 0.0027 0.0084 0.0263 0.0826 0.2597 0.8159 1.0000 1.0000 1.0000 0.0009 0.0027 0.0084 0.0265 0.0831 0.2611 0.8205 1.0000 1.0000 1.0000 0.0009 0.0027 0.0085 0.0266 0.0836 0.2626 0.8252 1.0000 1.0000 1.0000 0.0009 0.0027 0.0085 0.0267 0.0844 0.3052 0.6810 0.3052 0.0844 0.0267 0.0085 0.0027 0.0009 1.0000 1.0000 1.0000 0.8252 0.2626 0.0836 0.0266 0.0085 0.0027 0.0009 1.0000 1.0000 1.0000 0.8205 0.2611 0.0831 0.0265 0.0084 0.0027 0.0009 1.0000 1.0000 1.0000 0.8159 0.2597 0.0826 0.0263 0.0084 0.0027 0.0008 1.0000 1.0000 1.0000 0.7990 0.2524 0.0796 0.0250 0.0079 0.0025 0.0008 1.0000 1.0000 1.0000 0.3806
1.0000 1.0000 1.0000 0.0008 0.0024 0.0078 0.0248 0.0788 0.2504 0.7960 1.0000 1.0000 1.0000 0.0009 0.0027 0.0085 0.0267 0.0837 0.2631 0.8268 1.0000 1.0000 1.0000 0.0009 0.0027 0.0085 0.0268 0.0842 0.2646 0.8315 1.0000 1.0000 1.0000 0.0009 0.0027 0.0086 0.0270 0.0847 0.2662 0.8363 1.0000 1.0000 1.0000 0.0009 0.0027 0.0086 0.0271 0.0849 0.2687 0.9719 1.0000 0.9719 0.2687 0.0849 0.0271 0.0086 0.0027 0.0009 1.0000 1.0000 1.0000 0.8363 0.2662 0.0847 0.0270 0.0086 0.0027 0.0009 1.0000 1.0000 1.0000 0.8315 0.2646 0.0842 0.0268 0.0085 0.0027 0.0009 1.0000 1.0000 1.0000 0.8268 0.2631 0.0837 0.0267 0.0085 0.0027 0.0009 1.0000 1.0000 1.0000 0.7960 0.2504 0.0788 0.0248 0.0078 0.0024 0.0008 1.0000 1.0000 1.0000
1.0000 1.0000 0.0007 0.0024 0.0077 0.0245 0.0779 0.2481 0.7884 1.0000 1.0000 1.0000 0.0009 0.0027 0.0085 0.0269 0.0847 0.2667 0.8379 1.0000 1.0000 1.0000 0.0009 0.0028 0.0086 0.0272 0.0854 0.2682 0.8427 1.0000 1.0000 1.0000 0.0009 0.0028 0.0087 0.0273 0.0858 0.2697 0.8475 1.0000 1.0000 1.0000 0.0009 0.0028 0.0087 0.0275 0.0863 0.2702 0.8556 1.0000 1.0000 1.0000 0.8556 0.2702 0.0863 0.0275 0.0087 0.0028 0.0009 1.0000 1.0000 1.0000 0.8475 0.2697 0.0858 0.0273 0.0087 0.0028 0.0009 1.0000 1.0000 1.0000 0.8427 0.2682 0.0854 0.0272 0.0086 0.0028 0.0009 1.0000 1.0000 1.0000 0.8379 0.2667 0.0847 0.0269 0.0085 0.0027 0.0009 1.0000 1.0000 1.0000 0.7884 0.2481 0.0779 0.0245 0.0077 0.0024 0.0007 1.0000 1.0000
1.0000 0.0008 0.0024 0.0076 0.0241 0.0769 0.2448 0.7795 1.0000 1.0000 1.0000 0.0009 0.0027 0.0086 0.0271 0.0855 0.2692 0.8475 1.0000 1.0000 1.0000 0.0009 0.0028 0.0088 0.0275 0.0865 0.2718 0.8540 1.0000 1.0000 1.0000 0.0009 0.0028 0.0088 0.0277 0.0870 0.2733 0.8589 1.0000 1.0000 1.0000 0.0009 0.0028 0.0089 0.0278 0.0875 0.2749 0.8605 1.0000 1.0000 1.0000 1.0000 1.0000 0.8605 0.2749 0.0875 0.0278 0.0089 0.0028 0.0009 1.0000 1.0000 1.0000 0.8589 0.2733 0.0870 0.0277 0.0088 0.0028 0.0009 1.0000 1.0000 1.0000 0.8540 0.2718 0.0865 0.0275 0.0088 0.0028 0.0009 1.0000 1.0000 1.0000 0.8475 0.2692 0.0855 0.0271 0.0086 0.0027 0.0009 1.0000 1.0000 1.0000 0.7795 0.2448 0.0769 0.0241 0.0076 0.0024 0.0008 1.0000
0.0004 0.0025 0.0074 0.0239 0.0759 0.2416 0.7692 1.0000 1.0000 1.0000 0.0008 0.0027 0.0085 0.0271 0.0858 0.2713 0.8556 1.0000 1.0000 1.0000 0.0009 0.0028 0.0089 0.0279 0.0877 0.2754 0.8654 1.0000 1.0000 1.0000 0.0009 0.0028 0.0089 0.0281 0.0882 0.2770 0.8704 1.0000 1.0000 1.0000 0.0009 0.0029 0.0090 0.0282 0.0887 0.2786 0.8754 1.0000 1.0000 1.0000 1.0000 1.0000 1.0000 1.0000 0.8754 0.2786 0.0887 0.0282 0.0090 0.0029 0.0009 1.0000 1.0000 1.0000 0.8704 0.2770 0.0882 0.0281 0.0089 0.0028 0.0009 1.0000 1.0000 1.0000 0.8654 0.2754 0.0877 0.0279 0.0089 0.0028 0.0009 1.0000 1.0000 1.0000 0.8556 0.2713 0.0858 0.0271 0.0085 0.0027 0.0008 1.0000 1.0000 1.0000 0.7692 0.2416 0.0759 0.0239 0.0074 0.0025 0.0004
0.0012 0.0080 0.0233 0.0750 0.2384 0.7590 1.0000 1.0000 1.0000 0.0008 0.0027 0.0085 0.0269 0.0855 0.2713 0.8589 1.0000 1.0000 1.0000 0.0009 0.0029 0.0090 0.0283 0.0888 0.2791 0.8770 1.0000 1.0000 1.0000 0.0009 0.0029 0.0090 0.0284 0.0893 0.2807 0.8820 1.0000 1.0000 1.0000 0.0009 0.0029 0.0091 0.0286 0.0899 0.2823 0.8871 1.0000 1.0000 1.0000 0.0011 0.0024 0.0011 1.0000 1.0000 1.0000 0.8871 0.2823 0.0899 0.0286 0.0091 0.0029 0.0009 1.0000 1.0000 1.0000 0.8820 0.2807 0.0893 0.0284 0.0090 0.0029 0.0009 1.0000 1.0000 1.0000 0.8770 0.2791 0.0888 0.0283 0.0090 0.0029 0.0009 1.0000 1.0000 1.0000 0.8589 0.2713 0.0855 0.0269 0.0085 0.0027 0.0008 1.0000 1.0000 1.0000 0.7590 0.2384 0.0750 0.0233 0.0080 0.0012
0.0039 0.0252 0.0730 0.2357 0.7490 1.0000 1.0000 1.0000 0.0008 0.0026 0.0084 0.0267 0.0847 0.2692 0.8556 1.0000 1.0000 1.0000 0.0009 0.0029 0.0091 0.0287 0.0900 0.2829 0.8888 1.0000 1.0000 1.0000 0.0009 0.0029 0.0092 0.0288 0.0905 0.2845 0.8939 1.0000 1.0000 1.0000 0.0009 0.0029 0.0092 0.0290 0.0911 0.2861 0.8990 1.0000 1.0000 1.0000 0.0009 0.0034 0.0076 0.0034 0.0009 1.0000 1.0000 1.0000 0.8990 0.2861 0.0911 0.0290 0.0092 0.0029 0.0009 1.0000 1.0000 1.0000 0.8939 0.2845 0.0905 0.0288 0.0092 0.0029 0.0009 1.0000 1.0000 1.0000 0.8888 0.2829 0.0900 0.0287 0.0091 0.0029 0.0009 1.0000 1.0000 1.0000 0.8556 0.2692 0.0847 0.0267 0.0084 0.0026 0.0008 1.0000 1.0000 1.0000 0.7490 0.2357 0.0730 0.0252 0.0039
0.0123 0.0791 0.2299 0.7405 1.0000 1.0000 1.0000 0.0008 0.0026 0.0083 0.0263 0.0837 0.2667 0.8475 1.0000 1.0000 1.0000 0.0009 0.0029 0.0092 0.0289 0.0911 0.2867 0.9007 1.0000 1.0000 1.0000 0.0009 0.0030 0.0093 0.0292 0.0918 0.2883 0.9058 1.0000 1.0000 1.0000 0.0009 0.0030 0.0093 0.0294 0.0923 0.2899 0.9110 1.0000 1.0000 1.0000 0.0009 0.0030 0.0109 0.0242 0.0109 0.0030 0.0009 1.0000 1.0000 1.0000 0.9110 0.2899 0.0923 0.0294 0.0093 0.0030 0.0009 1.0000 1.0000 1.0000 0.9058 0.2883 0.0918 0.0292 0.0093 0.0030 0.0009 1.0000 1.0000 1.0000 0.9007 0.2867 0.0911 0.0289 0.0092 0.0029 0.0009 1.0000 1.0000 1.0000 0.8475 0.2667 0.0837 0.0263 0.0083 0.0026 0.0008 1.0000 1.0000 1.0000 0.7405 0.2299 0.0791 0.0123
0.0388 0.2485 0.7210 1.0000 1.0000 1.0000 0.0008 0.0026 0.0082 0.0260 0.0826 0.2631 0.8379 1.0000 1.0000 1.0000 0.0009 0.0029 0.0092 0.0291 0.0919 0.2894 0.9110 1.0000 1.0000 1.0000 0.0010 0.0030 0.0094 0.0296 0.0930 0.2922 0.9180 1.0000 1.0000 1.0000 0.0010 0.0030 0.0095 0.0298 0.0935 0.2938 0.9232 1.0000 1.0000 1.0000 0.0010 0.0030 0.0096 0.0346 0.0772 0.0346 0.0096 0.0030 0.0010 1.0000 1.0000 1.0000 0.9232 0.2938 0.0935 0.0298 0.0095 0.0030 0.0010 1.0000 1.0000 1.0000 0.9180 0.2922 0.0930 0.0296 0.0094 0.0030 0.0010 1.0000 1.0000 1.0000 0.9110 0.2894 0.0919 0.0291 0.0092 0.0029 0.0009 1.0000 1.0000 1.0000 0.8379 0.2631 0.0826 0.0260 0.0082 0.0026 0.0008 1.0000 1.0000 1.0000 0.7210 0.2485 0.0388
0.1218 0.7810 1.0000 1.0000 1.0000 0.0008 0.0025 0.0080 0.0256 0.0815 0.2597 0.8268 1.0000 1.0000 1.0000 0.0009 0.0029 0.0092 0.0291 0.0923 0.2916 0.9197 1.0000 1.0000 1.0000 0.0010 0.0030 0.0095 0.0300 0.0942 0.2961 0.9303 1.0000 1.0000 1.0000 0.0010 0.0031 0.0096 0.0302 0.0948 0.2978 0.9356 1.0000 1.0000 1.0000 0.0010 0.0031 0.0096 0.0304 0.1101 0.2457 0.1101 0.0304 0.0096 0.0031 0.0010 1.0000 1.0000 1.0000 0.9356 0.2978 0.0948 0.0302 0.0096 0.0031 0.0010 1.0000 1.0000 1.0000 0.9303 0.2961 0.0942 0.0300 0.0095 0.0030 0.0010 1.0000 1.0000 1.0000 0.9197 0.2916 0.0923 0.0291 0.0092 0.0029 0.0009 1.0000 1.0000 1.0000 0.8268 0.2597 0.0815 0.0256 0.0080 0.0025 0.0008 1.0000 1.0000 1.0000 0.7810 0.1218
0.3827 1.0000 1.0000 1.0000 0.0008 0.0025 0.0079 0.0253 0.0805 0.2562 0.8159 1.0000 1.0000 1.0000 0.0009 0.0029 0.0091 0.0289 0.0919 0.2916 0.9232 1.0000 1.0000 1.0000 0.0010 0.0031 0.0097 0.0304 0.0955 0.3000 0.9427 1.0000 1.0000 1.0000 0.0010 0.0031 0.0097 0.0306 0.0960 0.3018 0.9481 1.0000 1.0000 1.0000 0.0010 0.0031 0.0098 0.0306 0.0970 0.3507 0.7824 0.3507 0.0970 0.0306 0.0098 0.0031 0.0010 1.0000 1.0000 1.0000 0.9481 0.3018 0.0960 0.0306 0.0097 0.0031 0.0010 1.0000 1.0000 1.0000 0.9427 0.3000 0.0955 0.0304 0.0097 0.0031 0.0010 1.0000 1.0000 1.0000 0.9232 0.2916 0.0919 0.0289 0.0091 0.0029 0.0009 1.0000 1.0000 1.0000 0.8159 0.2562 0.0805 0.0253 0.0079 0.0025 0.0008 1.0000 1.0000 1.0000 0.3827
1.0000 1.0000 1.0000 0.0008 0.0025 0.0078 0.0249 0.0794 0.2528 0.8051 1.0000 1.0000 1.0000 0.0009 0.0028 0.0090 0.0287 0.0911 0.2894 0.9197 1.0000 1.0000 1.0000 0.0010 0.0031 0.0098 0.0308 0.0968 0.3041 0.9554 1.0000 1.0000 1.0000 0.0010 0.0031 0.0099 0.0310 0.0973 0.3058 0.9608 1.0000 1.0000 1.0000 0.0010 0.0032 0.0099 0.0312 0.0975 0.3087 1.0000 1.0000 1.0000 0.3087 0.0975 0.0312 0.0099 0.0032 0.0010 1.0000 1.0000 1.0000 0.9608 0.3058 0.0973 0.0310 0.0099 0.0031 0.0010 1.0000 1.0000 1.0000 0.9554 0.3041 0.0968 0.0308 0.0098 0.0031 0.0010 1.0000 1.0000 1.0000 0.9197 0.2894 0.0911 0.0287 0.0090 0.0028 0.0009 1.0000 1.0000 1.0000 0.8051 0.2528 0.0794 0.0249 0.0078 0.0025 0.0008 1.0000 1.0000 1.0000
1.0000 1.0000 0.0008 0.0024 0.0077 0.0246 0.0784 0.2495 0.7944 1.0000 1.0000 1.0000 0.0009 0.0028 0.0089 0.0283 0.0900 0.2867 0.9110 1.0000 1.0000 1.0000 0.0010 0.0031 0.0099 0.0311 0.0979 0.3081 0.9682 1.0000 1.0000 1.0000 0.0010 0.0032 0.0100 0.0314 0.0986 0.3099 0.9737 1.0000 1.0000 1.0000 0.0010 0.0032 0.0100 0.0316 0.0992 0.3105 0.9830 1.0000 1.0000 1.0000 0.9830 0.3105 0.0992 0.0316 0.0100 0.0032 0.0010 1.0000 1.0000 1.0000 0.9737 0.3099 0.0986 0.0314 0.0100 0.0032 0.0010 1.0000 1.0000 1.0000 0.9682 0.3081 0.0979 0.0312 0.0099 0.0031 0.0010 1.0000 1.0000 1.0000 0.9110 0.2867 0.0900 0.0283 0.0089 0.0028 0.0009 1.0000 1.0000 1.0000 0.7944 0.2495 0.0784 0.0246 0.0077 0.0024 0.0008 1.0000 1.0000
1.0000 0.0008 0.0024 0.0076 0.0243 0.0773 0.2462 0.7839 1.0000 1.0000 1.0000 0.0009 0.0028 0.0088 0.0279 0.0888 0.2829 0.9007 1.0000 1.0000 1.0000 0.0010 0.0031 0.0099 0.0313 0.0988 0.3111 0.9793 1.0000 1.0000 1.0000 0.0010 0.0032 0.0101 0.0318 0.0999 0.3141 0.9868 1.0000 1.0000 1.0000 0.0010 0.0032 0.0102 0.0320 0.1005 0.3158 0.9887 1.0000 1.0000 1.0000 1.0000 1.0000 0.9887 0.3158 0.1005 0.0320 0.0102 0.0032 0.0010 1.0000 1.0000 1.0000 0.9868 0.3141 0.0999 0.0318 0.0101 0.0032 0.0010 1.0000 1.0000 1.0000 0.9793 0.3111 0.0986 0.0313 0.0099 0.0031 0.0010 1.0000 1.0000 1.0000 0.9007 0.2829 0.0888 0.0279 0.0088 0.0028 0.0009 1.0000 1.0000 1.0000 0.7839 0.2462 0.0773 0.0243 0.0076 0.0024 0.0008 1.0000
0.0004 0.0026 0.0074 0.0240 0.0763 0.2429 0.7736 1.0000 1.0000 1.0000 0.0009 0.0027 0.0086 0.0275 0.0877 0.2791 0.8888 1.0000 1.0000 1.0000 0.0010 0.0031 0.0099 0.0313 0.0992 0.3135 0.9887 1.0000 1.0000 1.0000 0.0010 0.0033 0.0103 0.0322 0.1013 0.3183 1.0000 1.0000 1.0000 1.0000 0.0010 0.0033 0.0103 0.0324 0.1019 0.3201 1.0000 1.0000 1.0000 1.0000 0.0009 1.0000 1.0000 1.0000 1.0000 0.3201 0.1019 0.0324 0.0103 0.0033 0.0010 1.0000 1.0000 1.0000 1.0000 0.3183 0.1013 0.0322 0.0103 0.0033 0.0010 1.0000 1.0000 1.0000 0.9868 0.3129 0.0990 0.0313 0.0099 0.0031 0.0010 1.0000 1.0000 1.0000 0.8888 0.2791 0.0877 0.0275 0.0086 0.0027 0.0009 1.0000 1.0000 1.0000 0.7736 0.2429 0.0763 0.0240 0.0074 0.0026 0.0004
0.0013 0.0081 0.0234 0.0754 0.2397 0.7633 1.0000 1.0000 1.0000 0.0008 0.0027 0.0085 0.0272 0.0865 0.2754 0.8770 1.0000 1.0000 1.0000 0.0010 0.0031 0.0098 0.0311 0.0988 0.3135 0.9905 1.0000 1.0000 1.0000 0.0011 0.0033 0.0104 0.0327 0.1026 0.3225 1.0000 1.0000 1.0000 1.0000 0.0011 0.0033 0.0105 0.0329 0.1032 0.3244 1.0000 1.0000 1.0000 1.0000 0.0012 0.0027 0.0012 1.0000 1.0000 1.0000 1.0000 0.3244 0.1032 0.0329 0.0105 0.0033 0.0011 1.0000 1.0000 1.0000 1.0000 0.3225 0.1026 0.0327 0.0104 0.0033 0.0011 1.0000 1.0000 1.0000 0.9905 0.3129 0.0986 0.0312 0.0098 0.0031 0.0010 1.0000 1.0000 1.0000 0.8770 0.2754 0.0865 0.0272 0.0085 0.0027 0.0008 1.0000 1.0000 1.0000 0.7633 0.2397 0.0754 0.0234 0.0081 0.0013
0.0039 0.0253 0.0734 0.2370 0.7532 1.0000 1.0000 1.0000 0.0008 0.0026 0.0084 0.0268 0.0854 0.2718 0.8654 1.0000 1.0000 1.0000 0.0010 0.0030 0.0097 0.0308 0.0979 0.3117 0.9868 1.0000 1.0000 1.0000 0.0011 0.0033 0.0105 0.0331 0.1040 0.3268 1.0000 1.0000 1.0000 1.0000 0.0011 0.0034 0.0106 0.0333 0.1046 0.3287 1.0000 1.0000 1.0000 1.0000 0.0011 0.0039 0.0087 0.0039 0.0011 1.0000 1.0000 1.0000 1.0000 0.3287 0.1046 0.0333 0.0106 0.0034 0.0011 1.0000 1.0000 1.0000 1.0000 0.3268 0.1040 0.0331 0.0105 0.0033 0.0011 1.0000 1.0000 1.0000 0.9868 0.3111 0.0979 0.0308 0.0097 0.0030 0.0010 1.0000 1.0000 1.0000 0.8654 0.2718 0.0854 0.0268 0.0084 0.0026 0.0008 1.0000 1.0000 1.0000 0.7532 0.2370 0.0734 0.0253 0.0039
0.0124 0.0796 0.2312 0.7447 1.0000 1.0000 1.0000 0.0008 0.0026 0.0083 0.0265 0.0842 0.2682 0.8540 1.0000 1.0000 1.0000 0.0009 0.0030 0.0095 0.0304 0.0968 0.3081 0.9793 1.0000 1.0000 1.0000 0.0011 0.0034 0.0106 0.0334 0.1052 0.3312 1.0000 1.0000 1.0000 1.0000 0.0011 0.0034 0.0107 0.0337 0.1060 0.3331 1.0000 1.0000 1.0000 1.0000 0.0011 0.0035 0.0125 0.0278 0.0125 0.0035 0.0011 1.0000 1.0000 1.0000 1.0000 0.3331 0.1060 0.0337 0.0107 0.0034 0.0011 1.0000 1.0000 1.0000 1.0000 0.3312 0.1052 0.0334 0.0106 0.0034 0.0011 1.0000 1.0000 1.0000 0.9793 0.3081 0.0968 0.0304 0.0095 0.0030 0.0009 1.0000 1.0000 1.0000 0.8540 0.2682 0.0842 0.0265 0.0083 0.0026 0.0008 1.0000 1.0000 1.0000 0.7447 0.2312 0.0796 0.0124
0.0390 0.2500 0.7251 1.0000 1.0000 1.0000 0.0008 0.0026 0.0082 0.0261 0.0831 0.2646 0.8427 1.0000 1.0000 1.0000 0.0009 0.0030 0.0094 0.0300 0.0955 0.3041 0.9682 1.0000 1.0000 1.0000 0.0011 0.0034 0.0106 0.0336 0.1060 0.3344 1.0000 1.0000 1.0000 1.0000 0.0011 0.0035 0.0109 0.0342 0.1074 0.3376 1.0000 1.0000 1.0000 1.0000 0.0011 0.0035 0.0110 0.0397 0.0887 0.0397 0.0110 0.0035 0.0011 1.0000 1.0000 1.0000 1.0000 0.3376 0.1074 0.0342 0.0109 0.0035 0.0011 1.0000 1.0000 1.0000 1.0000 0.3344 0.1060 0.0336 0.0106 0.0034 0.0011 1.0000 1.0000 1.0000 0.9682 0.3041 0.0955 0.0300 0.0094 0.0030 0.0009 1.0000 1.0000 1.0000 0.8427 0.2646 0.0831 0.0261 0.0082 0.0026 0.0008 1.0000 1.0000 1.0000 0.7251 0.2500 0.0390
0.1225 0.7854 1.0000 1.0000 1.0000 0.0008 0.0025 0.0081 0.0258 0.0820 0.2611 0.8315 1.0000 1.0000 1.0000 0.0009 0.0029 0.0093 0.0296 0.0942 0.3000 0.9554 1.0000 1.0000 1.0000 0.0011 0.0033 0.0106 0.0336 0.1064 0.3363 1.0000 1.0000 1.0000 1.0000 0.0011 0.0035 0.0110 0.0347 0.1089 0.3421 1.0000 1.0000 1.0000 1.0000 0.0011 0.0035 0.0110 0.0350 0.1265 0.2823 0.1265 0.0350 0.0110 0.0035 0.0011 1.0000 1.0000 1.0000 1.0000 0.3421 0.1089 0.0347 0.0110 0.0035 0.0011 1.0000 1.0000 1.0000 1.0000 0.3363 0.1064 0.0336 0.0106 0.0033 0.0011 1.0000 1.0000 1.0000 0.9554 0.3000 0.0942 0.0296 0.0093 0.0029 0.0009 1.0000 1.0000 1.0000 0.8315 0.2611 0.0820 0.0258 0.0081 0.0025 0.0008 1.0000 1.0000 1.0000 0.7854 0.1225
0.3849 1.0000 1.0000 1.0000 0.0008 0.0025 0.0080 0.0254 0.0809 0.2577 0.8205 1.0000 1.0000 1.0000 0.0009 0.0029 0.0092 0.0292 0.0930 0.2961 0.9427 1.0000 1.0000 1.0000 0.0010 0.0033 0.0105 0.0334 0.1060 0.3363 1.0000 1.0000 1.0000 1.0000 0.0011 0.0036 0.0112 0.0351 0.1103 0.3467 1.0000 1.0000 1.0000 1.0000 0.0011 0.0036 0.0112 0.0352 0.1114 0.4029 0.8990 0.4029 0.1114 0.0352 0.0112 0.0036 0.0011 1.0000 1.0000 1.0000 1.0000 0.3467 0.1103 0.0351 0.0112 0.0036 0.0011 1.0000 1.0000 1.0000 1.0000 0.3363 0.1060 0.0334 0.0105 0.0033 0.0010 1.0000 1.0000 1.0000 0.9427 0.2961 0.0930 0.0292 0.0092 0.0029 0.0009 1.0000 1.0000 1.0000 0.8205 0.2577 0.0809 0.0254 0.0080 0.0025 0.0008 1.0000 1.0000 1.0000 0.3849
1.0000 1.0000 1.0000 0.0008 0.0025 0.0079 0.0251 0.0799 0.2543 0.8097 1.0000 1.0000 1.0000 0.0009 0.0028 0.0090 0.0288 0.0918 0.2922 0.9303 1.0000 1.0000 1.0000 0.0010 0.0033 0.0104 0.0331 0.1052 0.3344 1.0000 1.0000 1.0000 1.0000 0.0011 0.0036 0.0113 0.0356 0.1118 0.3513 1.0000 1.0000 1.0000 1.0000 0.0012 0.0036 0.0114 0.0358 0.1120 0.3547 1.0000 1.0000 1.0000 0.3547 0.1120 0.0358 0.0114 0.0036 0.0012 1.0000 1.0000 1.0000 1.0000 0.3513 0.1118 0.0356 0.0113 0.0036 0.0011 1.0000 1.0000 1.0000 1.0000 0.3344 0.1052 0.0331 0.0104 0.0033 0.0010 1.0000 1.0000 1.0000 0.9303 0.2922 0.0918 0.0288 0.0090 0.0028 0.0009 1.0000 1.0000 1.0000 0.8097 0.2543 0.0799 0.0251 0.0079 0.0025 0.0008 1.0000 1.0000 1.0000
1.0000 1.0000 0.0008 0.0024 0.0078 0.0247 0.0788 0.2509 0.7990 1.0000 1.0000 1.0000 0.0009 0.0028 0.0089 0.0284 0.0905 0.2883 0.9180 1.0000 1.0000 1.0000 0.0010 0.0032 0.0103 0.0327 0.1040 0.3312 1.0000 1.0000 1.0000 1.0000 0.0011 0.0036 0.0114 0.0359 0.1131 0.3561 1.0000 1.0000 1.0000 1.0000 0.0012 0.0037 0.0115 0.0363 0.1140 0.3567 1.0000 1.0000 1.0000 1.0000 1.0000 0.3567 0.1140 0.0363 0.0115 0.0037 0.0012 1.0000 1.0000 1.0000 1.0000 0.3561 0.1131 0.0359 0.0114 0.0036 0.0011 1.0000 1.0000 1.0000 1.0000 0.3312 0.1040 0.0327 0.0103 0.0032 0.0010 1.0000 1.0000 1.0000 0.9180 0.2883 0.0905 0.0284 0.0089 0.0028 0.0009 1.0000 1.0000 1.0000 0.7990 0.2509 0.0788 0.0247 0.0078 0.0024 0.0008 1.0000 1.0000
1.0000 0.0008 0.0024 0.0077 0.0244 0.0778 0.2476 0.7884 1.0000 1.0000 1.0000 0.0009 0.0028 0.0088 0.0281 0.0893 0.2845 0.9058 1.0000 1.0000 1.0000 0.0010 0.0032 0.0101 0.0322 0.1026 0.3268 1.0000 1.0000 1.0000 1.0000 0.0011 0.0036 0.0114 0.0361 0.1140 0.3595 1.0000 1.0000 1.0000 1.0000 0.0012 0.0037 0.0117 0.0368 0.1155 0.3629 1.0000 1.0000 1.0000 1.0000 1.0000 1.0000 1.0000 0.3629 0.1155 0.0368 0.0117 0.0037 0.0012 1.0000 1.0000 1.0000 1.0000 0.3595 0.1140 0.0361 0.0114 0.0036 0.0011 1.0000 1.0000 1.0000 1.0000 0.3268 0.1026 0.0322 0.0101 0.0032 0.0010 1.0000 1.0000 1.0000 0.9058 0.2845 0.0893 0.0281 0.0088 0.0028 0.0009 1.0000 1.0000 1.0000 0.7884 0.2476 0.0778 0.0244 0.0077 0.0024 0.0008 1.0000
0.0004 0.0026 0.0075 0.0241 0.0767 0.2443 0.7780 1.0000 1.0000 1.0000 0.0009 0.0027 0.0087 0.0277 0.0882 0.2807 0.8939 1.0000 1.0000 1.0000 0.0010 0.0031 0.0100 0.0318 0.1013 0.3225 1.0000 1.0000 1.0000 1.0000 0.0011 0.0036 0.0114 0.0361 0.1144 0.3615 1.0000 1.0000 1.0000 1.0000 0.0012 0.0038 0.0119 0.0372 0.1170 0.3678 1.0000 1.0000 1.0000 1.0000 0.0010 1.0000 1.0000 1.0000 1.0000 0.3678 0.1170 0.0372 0.0119 0.0038 0.0012 1.0000 1.0000 1.0000 1.0000 0.3615 0.1144 0.0361 0.0114 0.0036 0.0011 1.0000 1.0000 1.0000 1.0000 0.3225 0.1013 0.0318 0.0100 0.0031 0.0010 1.0000 1.0000 1.0000 0.8939 0.2807 0.0882 0.0277 0.0087 0.0027 0.0009 1.0000 1.0000 1.0000 0.7780 0.2443 0.0767 0.0241 0.0075 0.0026 0.0004
0.0013 0.0081 0.0235 0.0759 0.2411 0.7677 1.0000 1.0000 1.0000 0.0008 0.0027 0.0086 0.0273 0.0870 0.2770 0.8820 1.0000 1.0000 1.0000 0.0010 0.0031 0.0099 0.0314 0.0999 0.3183 1.0000 1.0000 1.0000 1.0000 0.0011 0.0036 0.0113 0.0359 0.1140 0.3615 1.0000 1.0000 1.0000 1.0000 0.0012 0.0038 0.0120 0.0377 0.1186 0.3727 1.0000 1.0000 1.0000 1.0000 0.0014 0.0032 0.0014 1.0000 1.0000 1.0000 1.0000 0.3727 0.1186 0.0377 0.0120 0.0038 0.0012 1.0000 1.0000 1.0000 1.0000 0.3615 0.1140 0.0359 0.0113 0.0036 0.0011 1.0000 1.0000 1.0000 1.0000 0.3183 0.0999 0.0314 0.0099 0.0031 0.0010 1.0000 1.0000 1.0000 0.8820 0.2770 0.0870 0.0273 0.0086 0.0027 0.0008 1.0000 1.0000 1.0000 0.7677 0.2411 0.0759 0.0235 0.0081 0.0013
0.0040 0.0255 0.0740 0.2384 0.7576 1.0000 1.0000 1.0000 0.0008 0.0027 0.0085 0.0270 0.0858 0.2733 0.8704 1.0000 1.0000 1.0000 0.0010 0.0031 0.0097 0.0310 0.0986 0.3141 1.0000 1.0000 1.0000 1.0000 0.0011 0.0035 0.0112 0.0356 0.1131 0.3595 1.0000 1.0000 1.0000 1.0000 0.0012 0.0039 0.0122 0.0383 0.1202 0.3777 1.0000 1.0000 1.0000 1.0000 0.0012 0.0045 0.0100 0.0045 0.0012 1.0000 1.0000 1.0000 1.0000 0.3777 0.1202 0.0383 0.0122 0.0039 0.0012 1.0000 1.0000 1.0000 1.0000 0.3595 0.1131 0.0356 0.0112 0.0035 0.0011 1.0000 1.0000 1.0000 1.0000 0.3141 0.0986 0.0310 0.0097 0.0031 0.0010 1.0000 1.0000 1.0000 0.8704 0.2733 0.0858 0.0270 0.0085 0.0027 0.0008 1.0000 1.0000 1.0000 0.7576 0.2384 0.0740 0.0255 0.0040
0.0125 0.0800 0.2321 0.7490 1.0000 1.0000 1.0000 0.0008 0.0026 0.0084 0.0266 0.0847 0.2697 0.8589 1.0000 1.0000 1.0000 0.0009 0.0030 0.0096 0.0306 0.0973 0.3099 0.9868 1.0000 1.0000 1.0000 0.0011 0.0035 0.0110 0.0351 0.1118 0.3561 1.0000 1.0000 1.0000 1.0000 0.0012 0.0039 0.0122 0.0386 0.1216 0.3827 1.0000 1.0000 1.0000 1.0000 0.0013 0.0040 0.0143 0.0320 0.0143 0.0040 0.0013 1.0000 1.0000 1.0000 1.0000 0.3827 0.1216 0.0386 0.0122 0.0039 0.0012 1.0000 1.0000 1.0000 1.0000 0.3561 0.1118 0.0351 0.0110 0.0035 0.0011 1.0000 1.0000 1.0000 0.9868 0.3099 0.0973 0.0306 0.0096 0.0030 0.0009 1.0000 1.0000 1.0000 0.8589 0.2697 0.0847 0.0266 0.0084 0.0026 0.0008 1.0000 1.0000 1.0000 0.7490 0.2321 0.0800 0.0125
0.0392 0.2514 0.7307 1.0000 1.0000 1.0000 0.0008 0.0026 0.0082 0.0263 0.0836 0.2662 0.8475 1.0000 1.0000 1.0000 0.0009 0.0030 0.0095 0.0302 0.0960 0.3058 0.9737 1.0000 1.0000 1.0000 0.0011 0.0034 0.0109 0.0347 0.1103 0.3513 1.0000 1.0000 1.0000 1.0000 0.0012 0.0039 0.0123 0.0388 0.1225 0.3864 1.0000 1.0000 1.0000 1.0000 0.0013 0.0040 0.0126 0.0457 0.1019 0.0457 0.0126 0.0040 0.0013 1.0000 1.0000 1.0000 1.0000 0.3864 0.1225 0.0388 0.0123 0.0039 0.0012 1.0000 1.0000 1.0000 1.0000 0.3513 0.1103 0.0347 0.0109 0.0034 0.0011 1.0000 1.0000 1.0000 0.9737 0.3058 0.0960 0.0302 0.0095 0.0030 0.0009 1.0000 1.0000 1.0000 0.8475 0.2662 0.0836 0.0263 0.0082 0.0026 0.0008 1.0000 1.0000 1.0000 0.7307 0.2514 0.0392
0.1232 0.7899 1.0000 1.0000 1.0000 0.0008 0.0026 0.0081 0.0259 0.0825 0.2626 0.8363 1.0000 1.0000 1.0000 0.0009 0.0029 0.0093 0.0298 0.0948 0.3018 0.9608 1.0000 1.0000 1.0000 0.0011 0.0034 0.0107 0.0342 0.1089 0.3467 1.0000 1.0000 1.0000 1.0000 0.0012 0.0039 0.0122 0.0388 0.1230 0.3886 1.0000 1.0000 1.0000 1.0000 0.0013 0.0041 0.0127 0.0402 0.1454 0.3244 0.1454 0.0402 0.0127 0.0041 0.0013 1.0000 1.0000 1.0000 1.0000 0.3886 0.1230 0.0388 0.0122 0.0039 0.0012 1.0000 1.0000 1.0000 1.0000 0.3467 0.1089 0.0342 0.0107 0.0034 0.0011 1.0000 1.0000 1.0000 0.9608 0.3018 0.0948 0.0298 0.0093 0.0029 0.0009 1.0000 1.0000 1.0000 0.8363 0.2626 0.0825 0.0259 0.0081 0.0026 0.0008 1.0000 1.0000 1.0000 0.7899 0.1232
0.3871 1.0000 1.0000 1.0000 0.0008 0.0025 0.0080 0.0256 0.0814 0.2592 0.8252 1.0000 1.0000 1.0000 0.0009 0.0029 0.0092 0.0294 0.0935 0.2978 0.9481 1.0000 1.0000 1.0000 0.0010 0.0033 0.0106 0.0337 0.1074 0.3421 1.0000 1.0000 1.0000 1.0000 0.0012 0.0038 0.0122 0.0386 0.1225 0.3886 1.0000 1.0000 1.0000 1.0000 0.0013 0.0041 0.0129 0.0404 0.1280 0.4629 1.0000 0.4629 0.1280 0.0404 0.0129 0.0041 0.0013 1.0000 1.0000 1.0000 1.0000 0.3886 0.1225 0.0386 0.0122 0.0038 0.0012 1.0000 1.0000 1.0000 1.0000 0.3421 0.1074 0.0337 0.0106 0.0033 0.0010 1.0000 1.0000 1.0000 0.9481 0.2978 0.0935 0.0294 0.0092 0.0029 0.0009 1.0000 1.0000 1.0000 0.8252 0.2592 0.0814 0.0256 0.0080 0.0025 0.0008 1.0000 1.0000 1.0000 0.3871
1.0000 1.0000 1.0000 0.0008 0.0025 0.0079 0.0252 0.0803 0.2557 0.8143 1.0000 1.0000 1.0000 0.0009 0.0029 0.0091 0.0290 0.0923 0.2938 0.9356 1.0000 1.0000 1.0000 0.0010 0.0033 0.0105 0.0333 0.1060 0.3376 1.0000 1.0000 1.0000 1.0000 0.0012 0.0038 0.0120 0.0383 0.1216 0.3864 1.0000 1.0000 1.0000 1.0000 0.0013 0.0041 0.0131 0.0411 0.1290 0.4068 1.0000 1.0000 1.0000 0.4068 0.1290 0.0411 0.0131 0.0041 0.0013 1.0000 1.0000 1.0000 1.0000 0.3864 0.1216 0.0383 0.0120 0.0038 0.0012 1.0000 1.0000 1.0000 1.0000 0.3376 0.1060 0.0333 0.0105 0.0033 0.0010 1.0000 1.0000 1.0000 0.9356 0.2938 0.0923 0.0290 0.0091 0.0029 0.0009 1.0000 1.0000 1.0000 0.8143 0.2557 0.0803 0.0252 0.0079 0.0025 0.0008 1.0000 1.0000 1.0000
1.0000 1.0000 0.0008 0.0025 0.0078 0.0249 0.0793 0.2524 0.8036 1.0000 1.0000 1.0000 0.0009 0.0028 0.0090 0.0286 0.0911 0.2899 0.9232 1.0000 1.0000 1.0000 0.0010 0.0032 0.0103 0.0329 0.1046 0.3331 1.0000 1.0000 1.0000 1.0000 0.0012 0.0037 0.0119 0.0377 0.1202 0.3827 1.0000 1.0000 1.0000 1.0000 0.0013 0.0042 0.0132 0.0415 0.1309 0.4099 1.0000 1.0000 1.0000 1.0000 1.0000 0.4099 0.1309 0.0415 0.0132 0.0042 0.0013 1.0000 1.0000 1.0000 1.0000 0.3827 0.1202 0.0377 0.0119 0.0037 0.0012 1.0000 1.0000 1.0000 1.0000 0.3331 0.1046 0.0329 0.0103 0.0032 0.0010 1.0000 1.0000 1.0000 0.9232 0.2899 0.0911 0.0286 0.0090 0.0028 0.0009 1.0000 1.0000 1.0000 0.8036 0.2524 0.0793 0.0249 0.0078 0.0025 0.0008 1.0000 1.0000
1.0000 0.0008 0.0024 0.0077 0.0246 0.0782 0.2490 0.7929 1.0000 1.0000 1.0000 0.0009 0.0028 0.0089 0.0282 0.0899 0.2861 0.9110 1.0000 1.0000 1.0000 0.0010 0.0032 0.0102 0.0324 0.1032 0.3287 1.0000 1.0000 1.0000 1.0000 0.0012 0.0037 0.0117 0.0372 0.1186 0.3777 1.0000 1.0000 1.0000 1.0000 0.0013 0.0042 0.0132 0.0418 0.1317 0.4153 1.0000 1.0000 1.0000 1.0000 1.0000 1.0000 1.0000 0.4153 0.1317 0.0418 0.0132 0.0042 0.0013 1.0000 1.0000 1.0000 1.0000 0.3777 0.1186 0.0372 0.0117 0.0037 0.0012 1.0000 1.0000 1.0000 1.0000 0.3287 0.1032 0.0324 0.0102 0.0032 0.0010 1.0000 1.0000 1.0000 0.9110 0.2861 0.0899 0.0282 0.0089 0.0028 0.0009 1.0000 1.0000 1.0000 0.7929 0.2490 0.0782 0.0246 0.0077 0.0024 0.0008 1.0000
0.0004 0.0026 0.0075 0.0243 0.0772 0.2457 0.7824 1.0000 1.0000 1.0000 0.0009 0.0027 0.0087 0.0278 0.0887 0.2823 0.8990 1.0000 1.0000 1.0000 0.0010 0.0032 0.0100 0.0320 0.1019 0.3244 1.0000 1.0000 1.0000 1.0000 0.0011 0.0036 0.0115 0.0368 0.1170 0.3727 1.0000 1.0000 1.0000 1.0000 0.0013 0.0041 0.0132 0.0418 0.1322 0.4177 1.0000 1.0000 1.0000 1.0000 0.0011 1.0000 1.0000 1.0000 1.0000 0.4177 0.1322 0.0418 0.0132 0.0041 0.0013 1.0000 1.0000 1.0000 1.0000 0.3727 0.1170 0.0368 0.0115 0.0036 0.0011 1.0000 1.0000 1.0000 1.0000 0.3244 0.1019 0.0320 0.0100 0.0032 0.0010 1.0000 1.0000 1.0000 0.8990 0.2823 0.0887 0.0278 0.0087 0.0027 0.0009 1.0000 1.0000 1.0000 0.7824 0.2457 0.0772 0.0243 0.0075 0.0026 0.0004
0.0013 0.0082 0.0237 0.0763 0.2425 0.7721 1.0000 1.0000 1.0000 0.0009 0.0027 0.0086 0.0275 0.0875 0.2786 0.8871 1.0000 1.0000 1.0000 0.0010 0.0031 0.0099 0.0316 0.1005 0.3201 1.0000 1.0000 1.0000 1.0000 0.0011 0.0036 0.0114 0.0363 0.1155 0.3678 1.0000 1.0000 1.0000 1.0000 0.0013 0.0041 0.0131 0.0415 0.1317 0.4177 1.0000 1.0000 1.0000 1.0000 0.0016 0.0036 0.0016 1.0000 1.0000 1.0000 1.0000 0.4177 0.1317 0.0415 0.0131 0.0041 0.0013 1.0000 1.0000 1.0000 1.0000 0.3678 0.1155 0.0363 0.0114 0.0036 0.0011 1.0000 1.0000 1.0000 1.0000 0.3201 0.1005 0.0316 0.0099 0.0031 0.0010 1.0000 1.0000 1.0000 0.8871 0.2786 0.0875 0.0275 0.0086 0.0027 0.0009 1.0000 1.0000 1.0000 0.7721 0.2425 0.0763 0.0237 0.0082 0.0013
0.0040 0.0256 0.0743 0.2397 0.7619 1.0000 1.0000 1.0000 0.0008 0.0027 0.0085 0.0271 0.0863 0.2749 0.8754 1.0000 1.0000 1.0000 0.0010 0.0031 0.0098 0.0312 0.0992 0.3158 1.0000 1.0000 1.0000 1.0000 0.0011 0.0035 0.0112 0.0358 0.1140 0.3629 1.0000 1.0000 1.0000 1.0000 0.0013 0.0041 0.0129 0.0411 0.1307 0.4153 1.0000 1.0000 1.0000 1.0000 0.0014 0.0051 0.0115 0.0051 0.0014 1.0000 1.0000 1.0000 1.0000 0.4153 0.1309 0.0411 0.0129 0.0041 0.0013 1.0000 1.0000 1.0000 1.0000 0.3629 0.1140 0.0358 0.0112 0.0035 0.0011 1.0000 1.0000 1.0000 1.0000 0.3158 0.0992 0.0312 0.0098 0.0031 0.0010 1.0000 1.0000 1.0000 0.8754 0.2749 0.0863 0.0271 0.0085 0.0027 0.0008 1.0000 1.0000 1.0000 0.7619 0.2397 0.0743 0.0256 0.0040
0.0126 0.0805 0.2339 0.7532 1.0000 1.0000 1.0000 0.0008 0.0026 0.0084 0.0268 0.0852 0.2713 0.8638 1.0000 1.0000 1.0000 0.0010 0.0030 0.0097 0.0307 0.0979 0.3117 0.9924 1.0000 1.0000 1.0000 0.0011 0.0035 0.0111 0.0353 0.1125 0.3581 1.0000 1.0000 1.0000 1.0000 0.0013 0.0040 0.0127 0.0406 0.1292 0.4114 1.0000 1.0000 1.0000 1.0000 0.0014 0.0045 0.0163 0.0363 0.0162 0.0045 0.0014 1.0000 1.0000 1.0000 1.0000 0.4099 0.1290 0.0404 0.0127 0.0040 0.0013 1.0000 1.0000 1.0000 1.0000 0.3567 0.1120 0.0352 0.0110 0.0035 0.0011 1.0000 1.0000 1.0000 0.9887 0.3105 0.0975 0.0306 0.0096 0.0030 0.0009 1.0000 1.0000 1.0000 0.8605 0.2702 0.0849 0.0267 0.0084 0.0026 0.0008 1.0000 1.0000 1.0000 0.7504 0.2330 0.0800 0.0125
0.0394 0.2528 0.7335 1.0000 1.0000 1.0000 0.0008 0.0026 0.0083 0.0264 0.0841 0.2677 0.8524 1.0000 1.0000 1.0000 0.0009 0.0030 0.0095 0.0303 0.0966 0.3075 0.9793 1.0000 1.0000 1.0000 0.0011 0.0034 0.0109 0.0349 0.1110 0.3534 1.0000 1.0000 1.0000 1.0000 0.0012 0.0039 0.0126 0.0400 0.1275 0.4060 1.0000 1.0000 1.0000 1.0000 0.0014 0.0045 0.0142 0.0514 0.1157 0.0522 0.0142 0.0045 0.0014 1.0000 1.0000 1.0000 1.0000 0.4068 0.1280 0.0402 0.0126 0.0040 0.0012 1.0000 1.0000 1.0000 1.0000 0.3547 0.1114 0.0350 0.0110 0.0035 0.0011 1.0000 1.0000 1.0000 0.9830 0.3087 0.0970 0.0304 0.0096 0.0030 0.0009 1.0000 1.0000 1.0000 0.8556 0.2687 0.0844 0.0265 0.0083 0.0026 0.0008 1.0000 1.0000 1.0000 0.7362 0.2538 0.0400
0.1239 0.7944 1.0000 1.0000 1.0000 0.0008 0.0026 0.0082 0.0261 0.0830 0.2641 0.8411 1.0000 1.0000 1.0000 0.0009 0.0030 0.0094 0.0299 0.0953 0.3035 0.9663 1.0000 1.0000 1.0000 0.0011 0.0034 0.0108 0.0344 0.1095 0.3487 1.0000 1.0000 1.0000 1.0000 0.0012 0.0039 0.0124 0.0395 0.1258 0.4006 1.0000 1.0000 1.0000 1.0000 0.0014 0.0045 0.0141 0.0445 0.1620 0.3893 0.1982 0.0532 0.0162 0.0051 0.0016 1.0000 1.0000 1.0000 1.0000 0.4629 0.1454 0.0457 0.0143 0.0045 0.0014 1.0000 1.0000 1.0000 1.0000 0.4029 0.1265 0.0397 0.0125 0.0039 0.0012 1.0000 1.0000 1.0000 1.0000 0.3507 0.1101 0.0346 0.0109 0.0034 0.0011 1.0000 1.0000 1.0000 0.9719 0.3052 0.0959 0.0301 0.0095 0.0030 0.0009 1.0000 1.0000 1.0000 0.9232 0.1445
0.3893 1.0000 1.0000 1.0000 0.0008 0.0025 0.0081 0.0257 0.0819 0.2606 0.8300 1.0000 1.0000 1.0000 0.0009 0.0029 0.0093 0.0295 0.0940 0.2995 0.9536 1.0000 1.0000 1.0000 0.0011 0.0033 0.0107 0.0339 0.1081 0.3441 1.0000 1.0000 1.0000 1.0000 0.0012 0.0038 0.0122 0.0390 0.1241 0.3953 1.0000 1.0000 1.0000 1.0000 0.0014 0.0044 0.0141 0.0441 0.1400 0.5805 1.0000 0.2733 0.1148 0.0372 0.0115 0.0036 0.0011 1.0000 1.0000 1.0000 1.0000 0.3244 0.1019 0.0320 0.0100 0.0032 0.0010 1.0000 1.0000 1.0000 0.8990 0.2823 0.0887 0.0278 0.0087 0.0027 0.0009 1.0000 1.0000 1.0000 0.7824 0.2457 0.0772 0.0242 0.0076 0.0024 1.0000 1.0000 1.0000 1.0000 0.6810 0.2139 0.0672 0.0211 0.0066 0.0021 1.0000 1.0000 1.0000 1.0000 0.3441
1.0000 1.0000 1.0000 0.0008 0.0025 0.0080 0.0254 0.0808 0.2572 0.8190 1.0000 1.0000 1.0000 0.0009 0.0029 0.0092 0.0291 0.0928 0.2955 0.9410 1.0000 1.0000 1.0000 0.0010 0.0033 0.0105 0.0335 0.1066 0.3395 1.0000 1.0000 1.0000 1.0000 0.0012 0.0038 0.0121 0.0385 0.1225 0.3901 1.0000 1.0000 1.0000 1.0000 0.0014 0.0044 0.0139 0.0441 0.1389 0.4700 1.0000 0.5717 0.0365 0.0483 0.0172 0.0051 0.0016 1.0000 1.0000 1.0000 1.0000 0.4629 0.1454 0.0457 0.0143 0.0045 0.0014 1.0000 1.0000 1.0000 1.0000 0.4029 0.1265 0.0397 0.0125 0.0039 0.0012 1.0000 1.0000 1.0000 1.0000 0.3507 0.1101 0.0346 0.0109 0.0034 0.0011 1.0000 1.0000 1.0000 0.9719 0.3052 0.0959 0.0301 0.0095 0.0030 0.0009 1.0000 1.0000 1.0000 0.9232 0.1445
1.0000 1.0000 0.0008 0.0025 0.0078 0.0249 0.0794 0.2528 0.8051 1.0000 1.0000 1.0000 0.0009 0.0028 0.0090 0.0287 0.0912 0.2905 0.9250 1.0000 1.0000 1.0000 0.0010 0.0032 0.0103 0.0329 0.1048 0.3338 1.0000 1.0000 1.0000 1.0000 0.0012 0.0037 0.0119 0.0378 0.1204 0.3835 1.0000 1.0000 1.0000 1.0000 0.0013 0.0043 0.0136 0.0435 0.1384 0.4372 1.0000 1.0000 1.0000 0.0023 0.0137 0.0052 0.0014 1.0000 1.0000 1.0000 1.0000 0.4068 0.1280 0.0402 0.0126 0.0040 0.0012 1.0000 1.0000 1.0000 1.0000 0.3547 0.1114 0.0350 0.0110 0.0035 0.0011 1.0000 1.0000 1.0000 0.9830 0.3087 0.0970 0.0304 0.0096 0.0030 0.0009 1.0000 1.0000 1.0000 0.8556 0.2687 0.0844 0.0265 0.0083 0.0026 0.0008 1.0000 1.0000 1.0000 0.7362 0.2538 0.0400
1.0000 0.0008 0.0024 0.0078 0.0248 0.0790 0.2514 0.8005 1.0000 1.0000 1.0000 0.0009 0.0028 0.0089 0.0285 0.0907 0.2888 0.9197 1.0000 1.0000 1.0000 0.0010 0.0032 0.0103 0.0327 0.1042 0.3319 1.0000 1.0000 1.0000 1.0000 0.0012 0.0037 0.0118 0.0376 0.1197 0.3813 1.0000 1.0000 1.0000 1.0000 0.0013 0.0043 0.0136 0.0432 0.1376 0.4372 1.0000 1.0000 1.0000 1.0000 0.0043 0.0064 0.0014 1.0000 1.0000 1.0000 1.0000 0.4091 0.1290 0.0404 0.0127 0.0040 0.0013 1.0000 1.0000 1.0000 1.0000 0.3567 0.1120 0.0352 0.0110 0.0035 0.0011 1.0000 1.0000 1.0000 0.9887 0.3105 0.0975 0.0306 0.0096 0.0030 0.0009 1.0000 1.0000 1.0000 0.8605 0.2702 0.0849 0.0267 0.0084 0.0026 0.0008 1.0000 1.0000 1.0000 0.7504 0.2330 0.0800 0.0125
0.0005 0.0030 0.0088 0.0283 0.0897 0.2856 0.9093 1.0000 1.0000 1.0000 0.0010 0.0032 0.0102 0.0324 0.1030 0.3281 1.0000 1.0000 1.0000 1.0000 0.0012 0.0037 0.0117 0.0372 0.1184 0.3770 1.0000 1.0000 1.0000 1.0000 0.0013 0.0042 0.0134 0.0427 0.1360 0.4331 1.0000 1.0000 1.0000 1.0000 0.0015 0.0048 0.0154 0.0492 0.1566 0.4995 1.0000 1.0000 1.0000 1.0000 0.0019 0.0053 0.0016 1.0000 1.0000 1.0000 1.0000 0.4153 0.1309 0.0411 0.0129 0.0041 0.0013 1.0000 1.0000 1.0000 1.0000 0.3629 0.1140 0.0358 0.0112 0.0035 0.0011 1.0000 1.0000 1.0000 1.0000 0.3158 0.0992 0.0312 0.0098 0.0031 0.0010 1.0000 1.0000 1.0000 0.8754 0.2749 0.0863 0.0271 0.0085 0.0027 0.0008 1.0000 1.0000 1.0000 0.7619 0.2397 0.0743 0.0256 0.0040
0.0011 0.0068 0.0197 0.0630 0.1997 0.6360 1.0000 1.0000 1.0000 1.0000 0.0022 0.0071 0.0226 0.0721 0.2295 0.7307 1.0000 1.0000 1.0000 0.0008 0.0026 0.0082 0.0260 0.0828 0.2636 0.8395 1.0000 1.0000 1.0000 0.0009 0.0029 0.0094 0.0299 0.0951 0.3029 0.9645 1.0000 1.0000 1.0000 0.0011 0.0034 0.0107 0.0341 0.1083 0.3441 1.0000 1.0000 1.0000 1.0000 0.0013 0.0035 0.0019 1.0000 1.0000 1.0000 1.0000 0.4177 0.1317 0.0415 0.0131 0.0041 0.0013 1.0000 1.0000 1.0000 1.0000 0.3678 0.1155 0.0363 0.0114 0.0036 0.0011 1.0000 1.0000 1.0000 1.0000 0.3201 0.1005 0.0316 0.0099 0.0031 0.0010 1.0000 1.0000 1.0000 0.8871 0.2786 0.0875 0.0275 0.0086 0.0027 0.0009 1.0000 1.0000 1.0000 0.7721 0.2425 0.0763 0.0237 0.0082 0.0013
