0.0576 0.3871 1.0000 1.0000 1.0000 0.0004 0.0012 0.0037 0.0115 0.0362 0.1137 0.3574 1.0000 1.0000 1.0000 0.0004 0.0012 0.0037 0.0116 0.0364 0.1144 0.3595 1.0000 1.0000 1.0000 0.0004 0.0012 0.0037 0.0117 0.0366 0.1151 0.3615 1.0000 1.0000 1.0000 0.0004 0.0012 0.0037 0.0117 0.0368 0.1157 0.3636 1.0000 1.0000 1.0000 0.0004 0.0012 0.0037 0.0119 0.0432 0.1028 0.0432 0.0119 0.0037 0.0012 0.0004 1.0000 1.0000 1.0000 0.3636 0.1157 0.0368 0.0117 0.0037 0.0012 0.0004 1.0000 1.0000 1.0000 0.3615 0.1151 0.0366 0.0117 0.0037 0.0012 0.0004 1.0000 1.0000 1.0000 0.3595 0.1144 0.0364 0.0116 0.0037 0.0012 0.0004 1.0000 1.0000 1.0000 0.3574 0.1137 0.0362 0.0115 0.0037 0.0012 0.0004 1.0000 1.0000 1.0000 0.3871 0.0576
0.3871 1.0000 1.0000 1.0000 0.0008 0.0024 0.0075 0.0235 0.0739 0.2321 0.7293 1.0000 1.0000 1.0000 0.0008 0.0024 0.0075 0.0236 0.0743 0.2334 0.7335 1.0000 1.0000 1.0000 0.0008 0.0024 0.0076 0.0238 0.0747 0.2348 0.7376 1.0000 1.0000 1.0000 0.0008 0.0024 0.0076 0.0239 0.0751 0.2361 0.7419 1.0000 1.0000 1.0000 0.0008 0.0024 0.0077 0.0239 0.0759 0.2760 0.6228 0.2760 0.0759 0.0239 0.0077 0.0024 0.0008 1.0000 1.0000 1.0000 0.7419 0.2361 0.0751 0.0239 0.0076 0.0024 0.0008 1.0000 1.0000 1.0000 0.7376 0.2348 0.0747 0.0238 0.0076 0.0024 0.0008 1.0000 1.0000 1.0000 0.7335 0.2334 0.0743 0.0236 0.0075 0.0024 0.0008 1.0000 1.0000 1.0000 0.7293 0.2321 0.0739 0.0235 0.0075 0.0024 0.0008 1.0000 1.0000 1.0000 0.3871
1.0000 1.0000 1.0000 0.0007 0.0022 0.0069 0.0217 0.0682 0.2147 0.6733 1.0000 1.0000 1.0000 0.0007 0.0022 0.0070 0.0218 0.0687 0.2155 0.6784 1.0000 1.0000 1.0000 0.0007 0.0022 0.0070 0.0220 0.0691 0.2167 0.6823 1.0000 1.0000 1.0000 0.0007 0.0022 0.0070 0.0221 0.0694 0.2184 0.6849 1.0000 1.0000 1.0000 0.0007 0.0022 0.0071 0.0222 0.0696 0.2201 0.7975 1.0000 0.7975 0.2201 0.0696 0.0222 0.0071 0.0022 0.0007 1.0000 1.0000 1.0000 0.6849 0.2184 0.0694 0.0221 0.0070 0.0022 0.0007 1.0000 1.0000 1.0000 0.6823 0.2167 0.0691 0.0220 0.0070 0.0022 0.0007 1.0000 1.0000 1.0000 0.6784 0.2155 0.0687 0.0218 0.0070 0.0022 0.0007 1.0000 1.0000 1.0000 0.6733 0.2147 0.0682 0.0217 0.0069 0.0022 0.0007 1.0000 1.0000 1.0000
1.0000 1.0000 0.0007 0.0022 0.0070 0.0222 0.0698 0.2201 0.6915 1.0000 1.0000 1.0000 0.0007 0.0023 0.0071 0.0224 0.0704 0.2213 0.6954 1.0000 1.0000 1.0000 0.0007 0.0023 0.0072 0.0225 0.0708 0.2226 0.6994 1.0000 1.0000 1.0000 0.0007 0.0023 0.0072 0.0227 0.0712 0.2239 0.7034 1.0000 1.0000 1.0000 0.0007 0.0023 0.0073 0.0228 0.0717 0.2243 0.7088 1.0000 1.0000 1.0000 0.7088 0.2243 0.0717 0.0228 0.0073 0.0023 0.0007 1.0000 1.0000 1.0000 0.7034 0.2239 0.0712 0.0227 0.0072 0.0023 0.0007 1.0000 1.0000 1.0000 0.6994 0.2226 0.0708 0.0225 0.0072 0.0023 0.0007 1.0000 1.0000 1.0000 0.6954 0.2213 0.0704 0.0224 0.0071 0.0023 0.0007 1.0000 1.0000 1.0000 0.6915 0.2201 0.0698 0.0222 0.0070 0.0022 0.0007 1.0000 1.0000
1.0000 0.0008 0.0022 0.0070 0.0222 0.0703 0.2217 0.6981 1.0000 1.0000 1.0000 0.0007 0.0023 0.0072 0.0227 0.0712 0.2239 0.7034 1.0000 1.0000 1.0000 0.0007 0.0023 0.0073 0.0228 0.0717 0.2251 0.7074 1.0000 1.0000 1.0000 0.0007 0.0023 0.0073 0.0229 0.0721 0.2264 0.7115 1.0000 1.0000 1.0000 0.0007 0.0023 0.0073 0.0231 0.0725 0.2277 0.7128 1.0000 1.0000 1.0000 1.0000 1.0000 0.7128 0.2277 0.0725 0.0231 0.0073 0.0023 0.0007 1.0000 1.0000 1.0000 0.7115 0.2264 0.0721 0.0229 0.0073 0.0023 0.0007 1.0000 1.0000 1.0000 0.7074 0.2251 0.0717 0.0228 0.0073 0.0023 0.0007 1.0000 1.0000 1.0000 0.7034 0.2239 0.0712 0.0227 0.0072 0.0023 0.0007 1.0000 1.0000 1.0000 0.6981 0.2217 0.0703 0.0222 0.0070 0.0022 0.0008 1.0000
0.0004 0.0024 0.0069 0.0222 0.0703 0.2226 0.7034 1.0000 1.0000 1.0000 0.0007 0.0023 0.0073 0.0230 0.0722 0.2269 0.7128 1.0000 1.0000 1.0000 0.0007 0.0023 0.0074 0.0231 0.0726 0.2282 0.7169 1.0000 1.0000 1.0000 0.0007 0.0024 0.0074 0.0232 0.0730 0.2295 0.7210 1.0000 1.0000 1.0000 0.0008 0.0024 0.0074 0.0234 0.0734 0.2308 0.7251 1.0000 1.0000 1.0000 1.0000 1.0000 1.0000 1.0000 0.7251 0.2308 0.0734 0.0234 0.0074 0.0024 0.0008 1.0000 1.0000 1.0000 0.7210 0.2295 0.0730 0.0232 0.0074 0.0024 0.0007 1.0000 1.0000 1.0000 0.7169 0.2282 0.0726 0.0231 0.0074 0.0023 0.0007 1.0000 1.0000 1.0000 0.7128 0.2269 0.0722 0.0230 0.0073 0.0023 0.0007 1.0000 1.0000 1.0000 0.7034 0.2226 0.0703 0.0222 0.0069 0.0024 0.0004
0.0012 0.0075 0.0217 0.0698 0.2217 0.7034 1.0000 1.0000 1.0000 0.0007 0.0024 0.0074 0.0233 0.0732 0.2299 0.7224 1.0000 1.0000 1.0000 0.0008 0.0024 0.0075 0.0234 0.0736 0.2312 0.7265 1.0000 1.0000 1.0000 0.0008 0.0024 0.0075 0.0236 0.0740 0.2325 0.7307 1.0000 1.0000 1.0000 0.0008 0.0024 0.0075 0.0237 0.0744 0.2339 0.7348 1.0000 1.0000 1.0000 0.0009 0.0020 0.0009 1.0000 1.0000 1.0000 0.7348 0.2339 0.0744 0.0237 0.0075 0.0024 0.0008 1.0000 1.0000 1.0000 0.7307 0.2325 0.0740 0.0236 0.0075 0.0024 0.0008 1.0000 1.0000 1.0000 0.7265 0.2312 0.0736 0.0234 0.0075 0.0024 0.0008 1.0000 1.0000 1.0000 0.7224 0.2299 0.0732 0.0233 0.0074 0.0024 0.0007 1.0000 1.0000 1.0000 0.7034 0.2217 0.0698 0.0217 0.0075 0.0012
0.0037 0.0235 0.0682 0.2201 0.6981 1.0000 1.0000 1.0000 0.0008 0.0024 0.0075 0.0236 0.0741 0.2330 0.7321 1.0000 1.0000 1.0000 0.0008 0.0024 0.0076 0.0237 0.0746 0.2343 0.7362 1.0000 1.0000 1.0000 0.0008 0.0024 0.0076 0.0239 0.0750 0.2357 0.7405 1.0000 1.0000 1.0000 0.0008 0.0024 0.0076 0.0240 0.0754 0.2370 0.7447 1.0000 1.0000 1.0000 0.0008 0.0028 0.0063 0.0028 0.0008 1.0000 1.0000 1.0000 0.7447 0.2370 0.0754 0.0240 0.0076 0.0024 0.0008 1.0000 1.0000 1.0000 0.7405 0.2357 0.0750 0.0239 0.0076 0.0024 0.0008 1.0000 1.0000 1.0000 0.7362 0.2343 0.0746 0.0237 0.0076 0.0024 0.0008 1.0000 1.0000 1.0000 0.7321 0.2330 0.0741 0.0236 0.0075 0.0024 0.0008 1.0000 1.0000 1.0000 0.6981 0.2201 0.0682 0.0235 0.0037
0.0115 0.0739 0.2147 0.6915 1.0000 1.0000 1.0000 0.0008 0.0024 0.0075 0.0238 0.0749 0.2357 0.7419 1.0000 1.0000 1.0000 0.0008 0.0024 0.0077 0.0241 0.0756 0.2375 0.7461 1.0000 1.0000 1.0000 0.0008 0.0025 0.0077 0.0242 0.0760 0.2388 0.7504 1.0000 1.0000 1.0000 0.0008 0.0025 0.0077 0.0243 0.0764 0.2402 0.7547 1.0000 1.0000 1.0000 0.0008 0.0025 0.0090 0.0201 0.0090 0.0025 0.0008 1.0000 1.0000 1.0000 0.7547 0.2402 0.0764 0.0243 0.0077 0.0025 0.0008 1.0000 1.0000 1.0000 0.7504 0.2388 0.0760 0.0242 0.0077 0.0025 0.0008 1.0000 1.0000 1.0000 0.7461 0.2375 0.0756 0.0241 0.0077 0.0024 0.0008 1.0000 1.0000 1.0000 0.7419 0.2357 0.0749 0.0238 0.0075 0.0024 0.0008 1.0000 1.0000 1.0000 0.6915 0.2147 0.0739 0.0115
0.0362 0.2321 0.6733 1.0000 1.0000 1.0000 0.0007 0.0024 0.0075 0.0239 0.0754 0.2379 0.7490 1.0000 1.0000 1.0000 0.0008 0.0025 0.0078 0.0244 0.0766 0.2406 0.7561 1.0000 1.0000 1.0000 0.0008 0.0025 0.0078 0.0245 0.0770 0.2420 0.7604 1.0000 1.0000 1.0000 0.0008 0.0025 0.0078 0.0247 0.0775 0.2434 0.7648 1.0000 1.0000 1.0000 0.0008 0.0025 0.0079 0.0287 0.0639 0.0287 0.0079 0.0025 0.0008 1.0000 1.0000 1.0000 0.7648 0.2434 0.0775 0.0247 0.0078 0.0025 0.0008 1.0000 1.0000 1.0000 0.7604 0.2420 0.0770 0.0245 0.0078 0.0025 0.0008 1.0000 1.0000 1.0000 0.7561 0.2406 0.0766 0.0244 0.0078 0.0025 0.0008 1.0000 1.0000 1.0000 0.7490 0.2379 0.0754 0.0239 0.0075 0.0024 0.0007 1.0000 1.0000 1.0000 0.6733 0.2321 0.0362
0.1137 0.7293 1.0000 1.0000 1.0000 0.0007 0.0024 0.0075 0.0238 0.0754 0.2388 0.7547 1.0000 1.0000 1.0000 0.0008 0.0025 0.0079 0.0247 0.0776 0.2439 0.7662 1.0000 1.0000 1.0000 0.0008 0.0025 0.0079 0.0248 0.0781 0.2453 0.7706 1.0000 1.0000 1.0000 0.0008 0.0025 0.0080 0.0250 0.0785 0.2467 0.7750 1.0000 1.0000 1.0000 0.0008 0.0025 0.0080 0.0252 0.0912 0.2036 0.0912 0.0252 0.0080 0.0025 0.0008 1.0000 1.0000 1.0000 0.7750 0.2467 0.0785 0.0250 0.0080 0.0025 0.0008 1.0000 1.0000 1.0000 0.7706 0.2453 0.0781 0.0248 0.0079 0.0025 0.0008 1.0000 1.0000 1.0000 0.7662 0.2439 0.0776 0.0247 0.0079 0.0025 0.0008 1.0000 1.0000 1.0000 0.7547 0.2388 0.0754 0.0238 0.0075 0.0024 0.0007 1.0000 1.0000 1.0000 0.7293 0.1137
0.3574 1.0000 1.0000 1.0000 0.0007 0.0023 0.0074 0.0236 0.0749 0.2379 0.7547 1.0000 1.0000 1.0000 0.0008 0.0025 0.0080 0.0250 0.0787 0.2471 0.7765 1.0000 1.0000 1.0000 0.0008 0.0025 0.0080 0.0252 0.0791 0.2485 0.7810 1.0000 1.0000 1.0000 0.0008 0.0026 0.0081 0.0253 0.0796 0.2500 0.7854 1.0000 1.0000 1.0000 0.0008 0.0026 0.0081 0.0254 0.0803 0.2905 0.6482 0.2905 0.0803 0.0254 0.0081 0.0026 0.0008 1.0000 1.0000 1.0000 0.7854 0.2500 0.0796 0.0253 0.0081 0.0026 0.0008 1.0000 1.0000 1.0000 0.7810 0.2485 0.0791 0.0252 0.0080 0.0025 0.0008 1.0000 1.0000 1.0000 0.7765 0.2471 0.0787 0.0250 0.0080 0.0025 0.0008 1.0000 1.0000 1.0000 0.7547 0.2379 0.0749 0.0236 0.0074 0.0023 0.0007 1.0000 1.0000 1.0000 0.3574
1.0000 1.0000 1.0000 0.0007 0.0023 0.0073 0.0233 0.0741 0.2357 0.7490 1.0000 1.0000 1.0000 0.0008 0.0026 0.0080 0.0253 0.0797 0.2504 0.7869 1.0000 1.0000 1.0000 0.0008 0.0026 0.0081 0.0255 0.0802 0.2519 0.7914 1.0000 1.0000 1.0000 0.0008 0.0026 0.0082 0.0257 0.0806 0.2533 0.7960 1.0000 1.0000 1.0000 0.0008 0.0026 0.0082 0.0258 0.0808 0.2557 0.9250 1.0000 0.9250 0.2557 0.0808 0.0258 0.0082 0.0026 0.0008 1.0000 1.0000 1.0000 0.7960 0.2533 0.0806 0.0257 0.0082 0.0026 0.0008 1.0000 1.0000 1.0000 0.7914 0.2519 0.0802 0.0255 0.0081 0.0026 0.0008 1.0000 1.0000 1.0000 0.7869 0.2504 0.0797 0.0253 0.0080 0.0026 0.0008 1.0000 1.0000 1.0000 0.7490 0.2357 0.0741 0.0233 0.0073 0.0023 0.0007 1.0000 1.0000 1.0000
1.0000 1.0000 0.0007 0.0023 0.0072 0.0230 0.0732 0.2330 0.7419 1.0000 1.0000 1.0000 0.0008 0.0026 0.0081 0.0256 0.0805 0.2533 0.7975 1.0000 1.0000 1.0000 0.0008 0.0026 0.0082 0.0259 0.0812 0.2553 0.8020 1.0000 1.0000 1.0000 0.0008 0.0026 0.0083 0.0260 0.0817 0.2567 0.8066 1.0000 1.0000 1.0000 0.0008 0.0026 0.0083 0.0262 0.0822 0.2572 0.8143 1.0000 1.0000 1.0000 0.8143 0.2572 0.0822 0.0262 0.0083 0.0026 0.0008 1.0000 1.0000 1.0000 0.8066 0.2567 0.0817 0.0260 0.0083 0.0026 0.0008 1.0000 1.0000 1.0000 0.8020 0.2553 0.0812 0.0259 0.0082 0.0026 0.0008 1.0000 1.0000 1.0000 0.7975 0.2533 0.0805 0.0256 0.0081 0.0026 0.0008 1.0000 1.0000 1.0000 0.7419 0.2330 0.0732 0.0230 0.0072 0.0023 0.0007 1.0000 1.0000
1.0000 0.0008 0.0022 0.0071 0.0227 0.0722 0.2299 0.7321 1.0000 1.0000 1.0000 0.0008 0.0026 0.0081 0.0257 0.0811 0.2557 0.8051 1.0000 1.0000 1.0000 0.0008 0.0027 0.0083 0.0262 0.0823 0.2587 0.8128 1.0000 1.0000 1.0000 0.0008 0.0027 0.0084 0.0264 0.0828 0.2602 0.8174 1.0000 1.0000 1.0000 0.0009 0.0027 0.0084 0.0265 0.0833 0.2616 0.8190 1.0000 1.0000 1.0000 1.0000 1.0000 0.8190 0.2616 0.0833 0.0265 0.0084 0.0027 0.0009 1.0000 1.0000 1.0000 0.8174 0.2602 0.0828 0.0264 0.0084 0.0027 0.0008 1.0000 1.0000 1.0000 0.8128 0.2587 0.0823 0.0262 0.0083 0.0027 0.0008 1.0000 1.0000 1.0000 0.8051 0.2557 0.0811 0.0257 0.0081 0.0026 0.0008 1.0000 1.0000 1.0000 0.7321 0.2299 0.0722 0.0227 0.0071 0.0022 0.0008 1.0000
0.0004 0.0024 0.0070 0.0224 0.0712 0.2269 0.7224 1.0000 1.0000 1.0000 0.0008 0.0025 0.0080 0.0256 0.0811 0.2567 0.8112 1.0000 1.0000 1.0000 0.0009 0.0027 0.0085 0.0266 0.0834 0.2621 0.8237 1.0000 1.0000 1.0000 0.0009 0.0027 0.0085 0.0267 0.0839 0.2636 0.8284 1.0000 1.0000 1.0000 0.0009 0.0027 0.0085 0.0269 0.0844 0.2651 0.8331 1.0000 1.0000 1.0000 1.0000 1.0000 1.0000 1.0000 0.8331 0.2651 0.0844 0.0269 0.0085 0.0027 0.0009 1.0000 1.0000 1.0000 0.8284 0.2636 0.0839 0.0267 0.0085 0.0027 0.0009 1.0000 1.0000 1.0000 0.8237 0.2621 0.0834 0.0266 0.0085 0.0027 0.0009 1.0000 1.0000 1.0000 0.8112 0.2567 0.0811 0.0256 0.0080 0.0025 0.0008 1.0000 1.0000 1.0000 0.7224 0.2269 0.0712 0.0224 0.0070 0.0024 0.0004
0.0012 0.0075 0.0218 0.0704 0.2239 0.7128 1.0000 1.0000 1.0000 0.0008 0.0025 0.0080 0.0253 0.0805 0.2557 0.8112 1.0000 1.0000 1.0000 0.0009 0.0027 0.0086 0.0269 0.0845 0.2657 0.8347 1.0000 1.0000 1.0000 0.0009 0.0027 0.0086 0.0271 0.0850 0.2672 0.8395 1.0000 1.0000 1.0000 0.0009 0.0028 0.0087 0.0272 0.0855 0.2687 0.8443 1.0000 1.0000 1.0000 0.0010 0.0023 0.0010 1.0000 1.0000 1.0000 0.8443 0.2687 0.0855 0.0272 0.0087 0.0028 0.0009 1.0000 1.0000 1.0000 0.8395 0.2672 0.0850 0.0271 0.0086 0.0027 0.0009 1.0000 1.0000 1.0000 0.8347 0.2657 0.0845 0.0269 0.0086 0.0027 0.0009 1.0000 1.0000 1.0000 0.8112 0.2557 0.0805 0.0253 0.0080 0.0025 0.0008 1.0000 1.0000 1.0000 0.7128 0.2239 0.0704 0.0218 0.0075 0.0012
0.0037 0.0236 0.0687 0.2213 0.7034 1.0000 1.0000 1.0000 0.0008 0.0025 0.0079 0.0250 0.0797 0.2533 0.8051 1.0000 1.0000 1.0000 0.0009 0.0027 0.0086 0.0272 0.0857 0.2692 0.8459 1.0000 1.0000 1.0000 0.0009 0.0028 0.0087 0.0274 0.0862 0.2708 0.8507 1.0000 1.0000 1.0000 0.0009 0.0028 0.0088 0.0276 0.0867 0.2723 0.8556 1.0000 1.0000 1.0000 0.0009 0.0032 0.0072 0.0032 0.0009 1.0000 1.0000 1.0000 0.8556 0.2723 0.0867 0.0276 0.0088 0.0028 0.0009 1.0000 1.0000 1.0000 0.8507 0.2708 0.0862 0.0274 0.0087 0.0028 0.0009 1.0000 1.0000 1.0000 0.8459 0.2692 0.0857 0.0272 0.0086 0.0027 0.0009 1.0000 1.0000 1.0000 0.8051 0.2533 0.0797 0.0250 0.0079 0.0025 0.0008 1.0000 1.0000 1.0000 0.7034 0.2213 0.0687 0.0236 0.0037
0.0116 0.0743 0.2155 0.6954 1.0000 1.0000 1.0000 0.0008 0.0024 0.0078 0.0247 0.0787 0.2504 0.7975 1.0000 1.0000 1.0000 0.0009 0.0028 0.0087 0.0275 0.0865 0.2723 0.8572 1.0000 1.0000 1.0000 0.0009 0.0028 0.0088 0.0278 0.0873 0.2744 0.8621 1.0000 1.0000 1.0000 0.0009 0.0028 0.0089 0.0280 0.0878 0.2760 0.8671 1.0000 1.0000 1.0000 0.0009 0.0029 0.0103 0.0231 0.0103 0.0029 0.0009 1.0000 1.0000 1.0000 0.8671 0.2760 0.0878 0.0280 0.0089 0.0028 0.0009 1.0000 1.0000 1.0000 0.8621 0.2744 0.0873 0.0278 0.0088 0.0028 0.0009 1.0000 1.0000 1.0000 0.8572 0.2723 0.0865 0.0275 0.0087 0.0028 0.0009 1.0000 1.0000 1.0000 0.7975 0.2504 0.0787 0.0247 0.0078 0.0024 0.0008 1.0000 1.0000 1.0000 0.6954 0.2155 0.0743 0.0116
0.0364 0.2334 0.6784 1.0000 1.0000 1.0000 0.0008 0.0024 0.0077 0.0244 0.0776 0.2471 0.7869 1.0000 1.0000 1.0000 0.0009 0.0027 0.0087 0.0276 0.0872 0.2749 0.8654 1.0000 1.0000 1.0000 0.0009 0.0029 0.0090 0.0282 0.0885 0.2781 0.8737 1.0000 1.0000 1.0000 0.0009 0.0029 0.0090 0.0283 0.0890 0.2797 0.8787 1.0000 1.0000 1.0000 0.0009 0.0029 0.0091 0.0329 0.0734 0.0329 0.0091 0.0029 0.0009 1.0000 1.0000 1.0000 0.8787 0.2797 0.0890 0.0283 0.0090 0.0029 0.0009 1.0000 1.0000 1.0000 0.8737 0.2781 0.0885 0.0282 0.0090 0.0029 0.0009 1.0000 1.0000 1.0000 0.8654 0.2749 0.0872 0.0276 0.0087 0.0027 0.0009 1.0000 1.0000 1.0000 0.7869 0.2471 0.0776 0.0244 0.0077 0.0024 0.0008 1.0000 1.0000 1.0000 0.6784 0.2334 0.0364
0.1144 0.7335 1.0000 1.0000 1.0000 0.0007 0.0024 0.0076 0.0241 0.0766 0.2439 0.7765 1.0000 1.0000 1.0000 0.0009 0.0027 0.0086 0.0275 0.0872 0.2760 0.8720 1.0000 1.0000 1.0000 0.0009 0.0029 0.0091 0.0285 0.0897 0.2818 0.8854 1.0000 1.0000 1.0000 0.0009 0.0029 0.0091 0.0287 0.0902 0.2834 0.8905 1.0000 1.0000 1.0000 0.0009 0.0029 0.0092 0.0290 0.1048 0.2339 0.1048 0.0290 0.0092 0.0029 0.0009 1.0000 1.0000 1.0000 0.8905 0.2834 0.0902 0.0287 0.0091 0.0029 0.0009 1.0000 1.0000 1.0000 0.8854 0.2818 0.0897 0.0285 0.0091 0.0029 0.0009 1.0000 1.0000 1.0000 0.8720 0.2760 0.0872 0.0275 0.0086 0.0027 0.0009 1.0000 1.0000 1.0000 0.7765 0.2439 0.0766 0.0241 0.0076 0.0024 0.0007 1.0000 1.0000 1.0000 0.7335 0.1144
0.3595 1.0000 1.0000 1.0000 0.0007 0.0023 0.0075 0.0237 0.0756 0.2406 0.7662 1.0000 1.0000 1.0000 0.0008 0.0027 0.0086 0.0272 0.0865 0.2749 0.8720 1.0000 1.0000 1.0000 0.0009 0.0029 0.0092 0.0289 0.0909 0.2856 0.8973 1.0000 1.0000 1.0000 0.0009 0.0029 0.0093 0.0291 0.0914 0.2872 0.9024 1.0000 1.0000 1.0000 0.0009 0.0030 0.0093 0.0291 0.0923 0.3338 0.7447 0.3338 0.0923 0.0291 0.0093 0.0030 0.0009 1.0000 1.0000 1.0000 0.9024 0.2872 0.0914 0.0291 0.0093 0.0029 0.0009 1.0000 1.0000 1.0000 0.8973 0.2856 0.0909 0.0289 0.0092 0.0029 0.0009 1.0000 1.0000 1.0000 0.8720 0.2749 0.0865 0.0272 0.0086 0.0027 0.0008 1.0000 1.0000 1.0000 0.7662 0.2406 0.0756 0.0237 0.0075 0.0023 0.0007 1.0000 1.0000 1.0000 0.3595
1.0000 1.0000 1.0000 0.0007 0.0023 0.0074 0.0234 0.0746 0.2375 0.7561 1.0000 1.0000 1.0000 0.0008 0.0027 0.0085 0.0269 0.0857 0.2723 0.8654 1.0000 1.0000 1.0000 0.0009 0.0030 0.0093 0.0293 0.0921 0.2894 0.9093 1.0000 1.0000 1.0000 0.0010 0.0030 0.0094 0.0295 0.0926 0.2910 0.9145 1.0000 1.0000 1.0000 0.0010 0.0030 0.0094 0.0296 0.0928 0.2938 1.0000 1.0000 1.0000 0.2938 0.0928 0.0296 0.0094 0.0030 0.0010 1.0000 1.0000 1.0000 0.9145 0.2910 0.0926 0.0295 0.0094 0.0030 0.0010 1.0000 1.0000 1.0000 0.9093 0.2894 0.0921 0.0293 0.0093 0.0030 0.0009 1.0000 1.0000 1.0000 0.8654 0.2723 0.0857 0.0269 0.0085 0.0027 0.0008 1.0000 1.0000 1.0000 0.7561 0.2375 0.0746 0.0234 0.0074 0.0023 0.0007 1.0000 1.0000 1.0000
1.0000 1.0000 0.0007 0.0023 0.0073 0.0231 0.0736 0.2343 0.7461 1.0000 1.0000 1.0000 0.0008 0.0026 0.0083 0.0266 0.0845 0.2692 0.8572 1.0000 1.0000 1.0000 0.0009 0.0030 0.0094 0.0295 0.0930 0.2927 0.9215 1.0000 1.0000 1.0000 0.0010 0.0030 0.0095 0.0299 0.0939 0.2949 0.9267 1.0000 1.0000 1.0000 0.0010 0.0030 0.0096 0.0300 0.0944 0.2955 0.9356 1.0000 1.0000 1.0000 0.9356 0.2955 0.0944 0.0300 0.0096 0.0030 0.0010 1.0000 1.0000 1.0000 0.9267 0.2949 0.0939 0.0299 0.0095 0.0030 0.0010 1.0000 1.0000 1.0000 0.9215 0.2927 0.0930 0.0295 0.0093 0.0030 0.0009 1.0000 1.0000 1.0000 0.8572 0.2692 0.0845 0.0266 0.0083 0.0026 0.0008 1.0000 1.0000 1.0000 0.7461 0.2343 0.0736 0.0231 0.0073 0.0023 0.0007 1.0000 1.0000
1.0000 0.0008 0.0022 0.0072 0.0228 0.0726 0.2312 0.7362 1.0000 1.0000 1.0000 0.0008 0.0026 0.0082 0.0262 0.0834 0.2657 0.8459 1.0000 1.0000 1.0000 0.0009 0.0030 0.0094 0.0296 0.0937 0.2955 0.9321 1.0000 1.0000 1.0000 0.0010 0.0031 0.0096 0.0303 0.0951 0.2989 0.9392 1.0000 1.0000 1.0000 0.0010 0.0031 0.0097 0.0304 0.0957 0.3006 0.9410 1.0000 1.0000 1.0000 1.0000 1.0000 0.9410 0.3006 0.0957 0.0304 0.0097 0.0031 0.0010 1.0000 1.0000 1.0000 0.9392 0.2989 0.0951 0.0303 0.0096 0.0031 0.0010 1.0000 1.0000 1.0000 0.9303 0.2949 0.0935 0.0296 0.0093 0.0030 0.0009 1.0000 1.0000 1.0000 0.8459 0.2657 0.0834 0.0262 0.0082 0.0026 0.0008 1.0000 1.0000 1.0000 0.7362 0.2312 0.0726 0.0228 0.0072 0.0022 0.0008 1.0000
0.0004 0.0024 0.0070 0.0225 0.0717 0.2282 0.7265 1.0000 1.0000 1.0000 0.0008 0.0025 0.0081 0.0259 0.0823 0.2621 0.8347 1.0000 1.0000 1.0000 0.0009 0.0029 0.0093 0.0295 0.0937 0.2961 0.9374 1.0000 1.0000 1.0000 0.0010 0.0031 0.0098 0.0307 0.0964 0.3029 0.9518 1.0000 1.0000 1.0000 0.0010 0.0031 0.0098 0.0309 0.0970 0.3046 0.9572 1.0000 1.0000 1.0000 0.0008 1.0000 1.0000 1.0000 0.9572 0.3046 0.0970 0.0309 0.0098 0.0031 0.0010 1.0000 1.0000 1.0000 0.9518 0.3029 0.0964 0.0307 0.0098 0.0031 0.0010 1.0000 1.0000 1.0000 0.9356 0.2961 0.0935 0.0295 0.0093 0.0029 0.0009 1.0000 1.0000 1.0000 0.8347 0.2621 0.0823 0.0259 0.0081 0.0025 0.0008 1.0000 1.0000 1.0000 0.7265 0.2282 0.0717 0.0225 0.0070 0.0024 0.0004
0.0012 0.0076 0.0220 0.0708 0.2251 0.7169 1.0000 1.0000 1.0000 0.0008 0.0025 0.0080 0.0255 0.0812 0.2587 0.8237 1.0000 1.0000 1.0000 0.0009 0.0029 0.0092 0.0293 0.0932 0.2949 0.9356 1.0000 1.0000 1.0000 0.0010 0.0031 0.0099 0.0311 0.0977 0.3070 0.9645 1.0000 1.0000 1.0000 0.0010 0.0032 0.0100 0.0313 0.0983 0.3087 0.9700 1.0000 1.0000 1.0000 0.0012 0.0026 0.0012 1.0000 1.0000 1.0000 0.9700 0.3087 0.0983 0.0313 0.0100 0.0032 0.0010 1.0000 1.0000 1.0000 0.9645 0.3070 0.0977 0.0311 0.0099 0.0031 0.0010 1.0000 1.0000 1.0000 0.9356 0.2949 0.0930 0.0293 0.0092 0.0029 0.0009 1.0000 1.0000 1.0000 0.8237 0.2587 0.0812 0.0255 0.0080 0.0025 0.0008 1.0000 1.0000 1.0000 0.7169 0.2251 0.0708 0.0220 0.0076 0.0012
0.0037 0.0238 0.0691 0.2226 0.7074 1.0000 1.0000 1.0000 0.0008 0.0025 0.0079 0.0252 0.0802 0.2553 0.8128 1.0000 1.0000 1.0000 0.0009 0.0029 0.0091 0.0289 0.0921 0.2927 0.9303 1.0000 1.0000 1.0000 0.0010 0.0032 0.0100 0.0314 0.0990 0.3111 0.9774 1.0000 1.0000 1.0000 0.0010 0.0032 0.0101 0.0317 0.0996 0.3129 0.9830 1.0000 1.0000 1.0000 0.0010 0.0037 0.0083 0.0037 0.0010 1.0000 1.0000 1.0000 0.9830 0.3129 0.0996 0.0317 0.0101 0.0032 0.0010 1.0000 1.0000 1.0000 0.9774 0.3111 0.0990 0.0314 0.0100 0.0032 0.0010 1.0000 1.0000 1.0000 0.9303 0.2927 0.0921 0.0289 0.0091 0.0029 0.0009 1.0000 1.0000 1.0000 0.8128 0.2553 0.0802 0.0252 0.0079 0.0025 0.0008 1.0000 1.0000 1.0000 0.7074 0.2226 0.0691 0.0238 0.0037
0.0117 0.0747 0.2167 0.6994 1.0000 1.0000 1.0000 0.0008 0.0025 0.0078 0.0248 0.0791 0.2519 0.8020 1.0000 1.0000 1.0000 0.0009 0.0028 0.0090 0.0285 0.0909 0.2894 0.9215 1.0000 1.0000 1.0000 0.0010 0.0032 0.0100 0.0317 0.0999 0.3146 0.9905 1.0000 1.0000 1.0000 0.0010 0.0033 0.0102 0.0321 0.1009 0.3171 0.9962 1.0000 1.0000 1.0000 0.0010 0.0033 0.0119 0.0265 0.0119 0.0033 0.0010 1.0000 1.0000 1.0000 0.9962 0.3171 0.1009 0.0321 0.0102 0.0033 0.0010 1.0000 1.0000 1.0000 0.9905 0.3146 0.0999 0.0317 0.0100 0.0032 0.0010 1.0000 1.0000 1.0000 0.9215 0.2894 0.0909 0.0285 0.0090 0.0028 0.0009 1.0000 1.0000 1.0000 0.8020 0.2519 0.0791 0.0248 0.0078 0.0025 0.0008 1.0000 1.0000 1.0000 0.6994 0.2167 0.0747 0.0117
0.0366 0.2348 0.6823 1.0000 1.0000 1.0000 0.0008 0.0024 0.0077 0.0245 0.0781 0.2485 0.7914 1.0000 1.0000 1.0000 0.0009 0.0028 0.0088 0.0282 0.0897 0.2856 0.9093 1.0000 1.0000 1.0000 0.0010 0.0032 0.0100 0.0318 0.1005 0.3171 1.0000 1.0000 1.0000 1.0000 0.0010 0.0033 0.0104 0.0325 0.1023 0.3213 1.0000 1.0000 1.0000 1.0000 0.0011 0.0033 0.0105 0.0378 0.0844 0.0378 0.0105 0.0033 0.0011 1.0000 1.0000 1.0000 1.0000 0.3213 0.1023 0.0325 0.0104 0.0033 0.0010 1.0000 1.0000 1.0000 1.0000 0.3171 0.1005 0.0318 0.0100 0.0032 0.0010 1.0000 1.0000 1.0000 0.9093 0.2856 0.0897 0.0282 0.0088 0.0028 0.0009 1.0000 1.0000 1.0000 0.7914 0.2485 0.0781 0.0245 0.0077 0.0024 0.0008 1.0000 1.0000 1.0000 0.6823 0.2348 0.0366
0.1151 0.7376 1.0000 1.0000 1.0000 0.0007 0.0024 0.0076 0.0242 0.0770 0.2453 0.7810 1.0000 1.0000 1.0000 0.0009 0.0027 0.0087 0.0278 0.0885 0.2818 0.8973 1.0000 1.0000 1.0000 0.0010 0.0031 0.0100 0.0317 0.1005 0.3183 1.0000 1.0000 1.0000 1.0000 0.0011 0.0033 0.0105 0.0330 0.1036 0.3256 1.0000 1.0000 1.0000 1.0000 0.0011 0.0034 0.0105 0.0333 0.1204 0.2687 0.1204 0.0333 0.0105 0.0034 0.0011 1.0000 1.0000 1.0000 1.0000 0.3256 0.1036 0.0330 0.0105 0.0033 0.0011 1.0000 1.0000 1.0000 1.0000 0.3183 0.1005 0.0317 0.0100 0.0031 0.0010 1.0000 1.0000 1.0000 0.8973 0.2818 0.0885 0.0278 0.0087 0.0027 0.0009 1.0000 1.0000 1.0000 0.7810 0.2453 0.0770 0.0242 0.0076 0.0024 0.0007 1.0000 1.0000 1.0000 0.7376 0.1151
0.3615 1.0000 1.0000 1.0000 0.0007 0.0024 0.0075 0.0239 0.0760 0.2420 0.7706 1.0000 1.0000 1.0000 0.0008 0.0027 0.0086 0.0274 0.0873 0.2781 0.8854 1.0000 1.0000 1.0000 0.0010 0.0031 0.0099 0.0314 0.0999 0.3171 1.0000 1.0000 1.0000 1.0000 0.0011 0.0034 0.0106 0.0334 0.1050 0.3300 1.0000 1.0000 1.0000 1.0000 0.0011 0.0034 0.0107 0.0335 0.1060 0.3835 0.8556 0.3835 0.1060 0.0335 0.0107 0.0034 0.0011 1.0000 1.0000 1.0000 1.0000 0.3300 0.1050 0.0334 0.0106 0.0034 0.0011 1.0000 1.0000 1.0000 1.0000 0.3171 0.0999 0.0314 0.0099 0.0031 0.0010 1.0000 1.0000 1.0000 0.8854 0.2781 0.0873 0.0274 0.0086 0.0027 0.0008 1.0000 1.0000 1.0000 0.7706 0.2420 0.0760 0.0239 0.0075 0.0024 0.0007 1.0000 1.0000 1.0000 0.3615
1.0000 1.0000 1.0000 0.0007 0.0023 0.0074 0.0236 0.0750 0.2388 0.7604 1.0000 1.0000 1.0000 0.0008 0.0027 0.0085 0.0271 0.0862 0.2744 0.8737 1.0000 1.0000 1.0000 0.0010 0.0031 0.0098 0.0311 0.0990 0.3146 1.0000 1.0000 1.0000 1.0000 0.0011 0.0034 0.0107 0.0338 0.1064 0.3344 1.0000 1.0000 1.0000 1.0000 0.0011 0.0035 0.0108 0.0341 0.1066 0.3376 1.0000 1.0000 1.0000 0.3376 0.1066 0.0341 0.0108 0.0035 0.0011 1.0000 1.0000 1.0000 1.0000 0.3344 0.1064 0.0338 0.0107 0.0034 0.0011 1.0000 1.0000 1.0000 1.0000 0.3146 0.0990 0.0311 0.0098 0.0031 0.0010 1.0000 1.0000 1.0000 0.8737 0.2744 0.0862 0.0271 0.0085 0.0027 0.0008 1.0000 1.0000 1.0000 0.7604 0.2388 0.0750 0.0236 0.0074 0.0023 0.0007 1.0000 1.0000 1.0000
1.0000 1.0000 0.0007 0.0023 0.0073 0.0232 0.0740 0.2357 0.7504 1.0000 1.0000 1.0000 0.0008 0.0026 0.0084 0.0267 0.0850 0.2708 0.8621 1.0000 1.0000 1.0000 0.0010 0.0030 0.0096 0.0307 0.0977 0.3111 0.9905 1.0000 1.0000 1.0000 0.0011 0.0034 0.0108 0.0341 0.1074 0.3382 1.0000 1.0000 1.0000 1.0000 0.0011 0.0035 0.0110 0.0345 0.1085 0.3395 1.0000 1.0000 1.0000 1.0000 1.0000 0.3395 0.1085 0.0345 0.0110 0.0035 0.0011 1.0000 1.0000 1.0000 1.0000 0.3382 0.1074 0.0341 0.0108 0.0034 0.0011 1.0000 1.0000 1.0000 0.9905 0.3111 0.0977 0.0307 0.0096 0.0030 0.0010 1.0000 1.0000 1.0000 0.8621 0.2708 0.0850 0.0267 0.0084 0.0026 0.0008 1.0000 1.0000 1.0000 0.7504 0.2357 0.0740 0.0232 0.0073 0.0023 0.0007 1.0000 1.0000
1.0000 0.0008 0.0022 0.0072 0.0229 0.0730 0.2325 0.7405 1.0000 1.0000 1.0000 0.0008 0.0026 0.0083 0.0264 0.0839 0.2672 0.8507 1.0000 1.0000 1.0000 0.0009 0.0030 0.0095 0.0303 0.0964 0.3070 0.9774 1.0000 1.0000 1.0000 0.0011 0.0034 0.0108 0.0342 0.1081 0.3408 1.0000 1.0000 1.0000 1.0000 0.0011 0.0035 0.0111 0.0350 0.1099 0.3454 1.0000 1.0000 1.0000 1.0000 1.0000 1.0000 1.0000 0.3454 0.1099 0.0350 0.0111 0.0035 0.0011 1.0000 1.0000 1.0000 1.0000 0.3408 0.1081 0.0342 0.0108 0.0034 0.0011 1.0000 1.0000 1.0000 0.9774 0.3070 0.0964 0.0303 0.0095 0.0030 0.0009 1.0000 1.0000 1.0000 0.8507 0.2672 0.0839 0.0264 0.0083 0.0026 0.0008 1.0000 1.0000 1.0000 0.7405 0.2325 0.0730 0.0229 0.0072 0.0022 0.0008 1.0000
0.0004 0.0024 0.0070 0.0227 0.0721 0.2295 0.7307 1.0000 1.0000 1.0000 0.0008 0.0026 0.0082 0.0260 0.0828 0.2636 0.8395 1.0000 1.0000 1.0000 0.0009 0.0029 0.0094 0.0299 0.0951 0.3029 0.9645 1.0000 1.0000 1.0000 0.0011 0.0034 0.0107 0.0341 0.1081 0.3421 1.0000 1.0000 1.0000 1.0000 0.0011 0.0036 0.0113 0.0355 0.1114 0.3500 1.0000 1.0000 1.0000 1.0000 0.0009 1.0000 1.0000 1.0000 1.0000 0.3500 0.1114 0.0355 0.0113 0.0036 0.0011 1.0000 1.0000 1.0000 1.0000 0.3421 0.1081 0.0341 0.0107 0.0034 0.0011 1.0000 1.0000 1.0000 0.9645 0.3029 0.0951 0.0299 0.0094 0.0029 0.0009 1.0000 1.0000 1.0000 0.8395 0.2636 0.0828 0.0260 0.0082 0.0026 0.0008 1.0000 1.0000 1.0000 0.7307 0.2295 0.0721 0.0227 0.0070 0.0024 0.0004
0.0012 0.0076 0.0221 0.0712 0.2264 0.7210 1.0000 1.0000 1.0000 0.0008 0.0025 0.0081 0.0257 0.0817 0.2602 0.8284 1.0000 1.0000 1.0000 0.0009 0.0029 0.0093 0.0295 0.0939 0.2989 0.9518 1.0000 1.0000 1.0000 0.0010 0.0033 0.0106 0.0338 0.1074 0.3408 1.0000 1.0000 1.0000 1.0000 0.0012 0.0036 0.0114 0.0359 0.1129 0.3547 1.0000 1.0000 1.0000 1.0000 0.0013 0.0030 0.0013 1.0000 1.0000 1.0000 1.0000 0.3547 0.1129 0.0359 0.0114 0.0036 0.0012 1.0000 1.0000 1.0000 1.0000 0.3408 0.1074 0.0338 0.0106 0.0033 0.0010 1.0000 1.0000 1.0000 0.9518 0.2989 0.0939 0.0295 0.0093 0.0029 0.0009 1.0000 1.0000 1.0000 0.8284 0.2602 0.0817 0.0257 0.0081 0.0025 0.0008 1.0000 1.0000 1.0000 0.7210 0.2264 0.0712 0.0221 0.0076 0.0012
0.0037 0.0239 0.0694 0.2239 0.7115 1.0000 1.0000 1.0000 0.0008 0.0025 0.0080 0.0253 0.0806 0.2567 0.8174 1.0000 1.0000 1.0000 0.0009 0.0029 0.0091 0.0291 0.0926 0.2949 0.9392 1.0000 1.0000 1.0000 0.0010 0.0033 0.0105 0.0334 0.1064 0.3382 1.0000 1.0000 1.0000 1.0000 0.0012 0.0037 0.0115 0.0363 0.1144 0.3595 1.0000 1.0000 1.0000 1.0000 0.0012 0.0043 0.0096 0.0043 0.0012 1.0000 1.0000 1.0000 1.0000 0.3595 0.1144 0.0363 0.0115 0.0037 0.0012 1.0000 1.0000 1.0000 1.0000 0.3382 0.1064 0.0334 0.0105 0.0033 0.0010 1.0000 1.0000 1.0000 0.9392 0.2949 0.0926 0.0291 0.0091 0.0029 0.0009 1.0000 1.0000 1.0000 0.8174 0.2567 0.0806 0.0253 0.0080 0.0025 0.0008 1.0000 1.0000 1.0000 0.7115 0.2239 0.0694 0.0239 0.0037
0.0117 0.0751 0.2184 0.7034 1.0000 1.0000 1.0000 0.0008 0.0025 0.0078 0.0250 0.0796 0.2533 0.8066 1.0000 1.0000 1.0000 0.0009 0.0028 0.0090 0.0287 0.0914 0.2910 0.9267 1.0000 1.0000 1.0000 0.0010 0.0033 0.0104 0.0330 0.1050 0.3344 1.0000 1.0000 1.0000 1.0000 0.0012 0.0037 0.0116 0.0366 0.1155 0.3636 1.0000 1.0000 1.0000 1.0000 0.0012 0.0038 0.0136 0.0304 0.0136 0.0038 0.0012 1.0000 1.0000 1.0000 1.0000 0.3636 0.1155 0.0366 0.0116 0.0037 0.0012 1.0000 1.0000 1.0000 1.0000 0.3344 0.1050 0.0330 0.0104 0.0033 0.0010 1.0000 1.0000 1.0000 0.9267 0.2910 0.0914 0.0287 0.0090 0.0028 0.0009 1.0000 1.0000 1.0000 0.8066 0.2533 0.0796 0.0250 0.0078 0.0025 0.0008 1.0000 1.0000 1.0000 0.7034 0.2184 0.0751 0.0117
0.0368 0.2361 0.6849 1.0000 1.0000 1.0000 0.0008 0.0024 0.0077 0.0247 0.0785 0.2500 0.7960 1.0000 1.0000 1.0000 0.0009 0.0028 0.0089 0.0283 0.0902 0.2872 0.9145 1.0000 1.0000 1.0000 0.0010 0.0032 0.0102 0.0325 0.1036 0.3300 1.0000 1.0000 1.0000 1.0000 0.0012 0.0037 0.0116 0.0368 0.1162 0.3664 1.0000 1.0000 1.0000 1.0000 0.0012 0.0038 0.0120 0.0435 0.0970 0.0435 0.0120 0.0038 0.0012 1.0000 1.0000 1.0000 1.0000 0.3664 0.1162 0.0368 0.0116 0.0037 0.0012 1.0000 1.0000 1.0000 1.0000 0.3300 0.1036 0.0325 0.0102 0.0032 0.0010 1.0000 1.0000 1.0000 0.9145 0.2872 0.0902 0.0283 0.0089 0.0028 0.0009 1.0000 1.0000 1.0000 0.7960 0.2500 0.0785 0.0247 0.0077 0.0024 0.0008 1.0000 1.0000 1.0000 0.6849 0.2361 0.0368
0.1157 0.7419 1.0000 1.0000 1.0000 0.0008 0.0024 0.0076 0.0243 0.0775 0.2467 0.7854 1.0000 1.0000 1.0000 0.0009 0.0028 0.0088 0.0280 0.0890 0.2834 0.9024 1.0000 1.0000 1.0000 0.0010 0.0032 0.0101 0.0321 0.1023 0.3256 1.0000 1.0000 1.0000 1.0000 0.0011 0.0036 0.0115 0.0366 0.1162 0.3678 1.0000 1.0000 1.0000 1.0000 0.0012 0.0039 0.0121 0.0383 0.1384 0.3087 0.1384 0.0383 0.0121 0.0039 0.0012 1.0000 1.0000 1.0000 1.0000 0.3678 0.1162 0.0366 0.0115 0.0036 0.0011 1.0000 1.0000 1.0000 1.0000 0.3256 0.1023 0.0321 0.0101 0.0032 0.0010 1.0000 1.0000 1.0000 0.9024 0.2834 0.0890 0.0280 0.0088 0.0028 0.0009 1.0000 1.0000 1.0000 0.7854 0.2467 0.0775 0.0243 0.0076 0.0024 0.0008 1.0000 1.0000 1.0000 0.7419 0.1157
0.3636 1.0000 1.0000 1.0000 0.0007 0.0024 0.0075 0.0240 0.0764 0.2434 0.7750 1.0000 1.0000 1.0000 0.0009 0.0027 0.0087 0.0276 0.0878 0.2797 0.8905 1.0000 1.0000 1.0000 0.0010 0.0031 0.0100 0.0317 0.1009 0.3213 1.0000 1.0000 1.0000 1.0000 0.0011 0.0036 0.0114 0.0363 0.1155 0.3664 1.0000 1.0000 1.0000 1.0000 0.0012 0.0039 0.0123 0.0385 0.1216 0.4406 0.9830 0.4406 0.1216 0.0385 0.0123 0.0039 0.0012 1.0000 1.0000 1.0000 1.0000 0.3664 0.1155 0.0363 0.0114 0.0036 0.0011 1.0000 1.0000 1.0000 1.0000 0.3213 0.1009 0.0317 0.0100 0.0031 0.0010 1.0000 1.0000 1.0000 0.8905 0.2797 0.0878 0.0276 0.0087 0.0027 0.0009 1.0000 1.0000 1.0000 0.7750 0.2434 0.0764 0.0240 0.0075 0.0024 0.0007 1.0000 1.0000 1.0000 0.3636
1.0000 1.0000 1.0000 0.0007 0.0023 0.0074 0.0237 0.0754 0.2402 0.7648 1.0000 1.0000 1.0000 0.0008 0.0027 0.0085 0.0272 0.0867 0.2760 0.8787 1.0000 1.0000 1.0000 0.0010 0.0031 0.0098 0.0313 0.0996 0.3171 1.0000 1.0000 1.0000 1.0000 0.0011 0.0035 0.0113 0.0359 0.1144 0.3636 1.0000 1.0000 1.0000 1.0000 0.0012 0.0039 0.0124 0.0391 0.1225 0.3871 1.0000 1.0000 1.0000 0.3871 0.1225 0.0391 0.0124 0.0039 0.0012 1.0000 1.0000 1.0000 1.0000 0.3636 0.1144 0.0359 0.0113 0.0035 0.0011 1.0000 1.0000 1.0000 1.0000 0.3171 0.0996 0.0313 0.0098 0.0031 0.0010 1.0000 1.0000 1.0000 0.8787 0.2760 0.0867 0.0272 0.0085 0.0027 0.0008 1.0000 1.0000 1.0000 0.7648 0.2402 0.0754 0.0237 0.0074 0.0023 0.0007 1.0000 1.0000 1.0000
1.0000 1.0000 0.0007 0.0023 0.0073 0.0234 0.0744 0.2370 0.7547 1.0000 1.0000 1.0000 0.0008 0.0026 0.0084 0.0269 0.0855 0.2723 0.8671 1.0000 1.0000 1.0000 0.0010 0.0030 0.0097 0.0309 0.0983 0.3129 0.9962 1.0000 1.0000 1.0000 0.0011 0.0035 0.0111 0.0355 0.1129 0.3595 1.0000 1.0000 1.0000 1.0000 0.0012 0.0039 0.0125 0.0394 0.1241 0.3893 1.0000 1.0000 1.0000 1.0000 1.0000 0.3893 0.1241 0.0394 0.0125 0.0039 0.0012 1.0000 1.0000 1.0000 1.0000 0.3595 0.1129 0.0355 0.0111 0.0035 0.0011 1.0000 1.0000 1.0000 0.9962 0.3129 0.0983 0.0309 0.0097 0.0030 0.0010 1.0000 1.0000 1.0000 0.8671 0.2723 0.0855 0.0269 0.0084 0.0026 0.0008 1.0000 1.0000 1.0000 0.7547 0.2370 0.0744 0.0234 0.0073 0.0023 0.0007 1.0000 1.0000
1.0000 0.0008 0.0022 0.0073 0.0231 0.0734 0.2339 0.7447 1.0000 1.0000 1.0000 0.0008 0.0026 0.0083 0.0265 0.0844 0.2687 0.8556 1.0000 1.0000 1.0000 0.0009 0.0030 0.0096 0.0304 0.0970 0.3087 0.9830 1.0000 1.0000 1.0000 0.0011 0.0035 0.0110 0.0350 0.1114 0.3547 1.0000 1.0000 1.0000 1.0000 0.0012 0.0039 0.0125 0.0395 0.1249 0.3946 1.0000 1.0000 1.0000 1.0000 1.0000 1.0000 1.0000 0.3946 0.1249 0.0395 0.0125 0.0039 0.0012 1.0000 1.0000 1.0000 1.0000 0.3547 0.1114 0.0350 0.0110 0.0035 0.0011 1.0000 1.0000 1.0000 0.9830 0.3087 0.0970 0.0304 0.0096 0.0030 0.0009 1.0000 1.0000 1.0000 0.8556 0.2687 0.0844 0.0265 0.0083 0.0026 0.0008 1.0000 1.0000 1.0000 0.7447 0.2339 0.0734 0.0231 0.0073 0.0022 0.0008 1.0000
0.0004 0.0024 0.0071 0.0228 0.0725 0.2308 0.7348 1.0000 1.0000 1.0000 0.0008 0.0026 0.0082 0.0262 0.0833 0.2651 0.8443 1.0000 1.0000 1.0000 0.0009 0.0030 0.0094 0.0300 0.0957 0.3046 0.9700 1.0000 1.0000 1.0000 0.0011 0.0034 0.0108 0.0345 0.1099 0.3500 1.0000 1.0000 1.0000 1.0000 0.0012 0.0039 0.0124 0.0394 0.1249 0.3953 1.0000 1.0000 1.0000 1.0000 0.0011 1.0000 1.0000 1.0000 1.0000 0.3953 0.1249 0.0394 0.0124 0.0039 0.0012 1.0000 1.0000 1.0000 1.0000 0.3500 0.1099 0.0345 0.0108 0.0034 0.0011 1.0000 1.0000 1.0000 0.9700 0.3046 0.0957 0.0300 0.0094 0.0030 0.0009 1.0000 1.0000 1.0000 0.8443 0.2651 0.0833 0.0262 0.0082 0.0026 0.0008 1.0000 1.0000 1.0000 0.7348 0.2308 0.0725 0.0228 0.0071 0.0024 0.0004
0.0012 0.0077 0.0222 0.0717 0.2277 0.7251 1.0000 1.0000 1.0000 0.0008 0.0025 0.0081 0.0258 0.0822 0.2616 0.8331 1.0000 1.0000 1.0000 0.0009 0.0029 0.0093 0.0296 0.0944 0.3006 0.9572 1.0000 1.0000 1.0000 0.0011 0.0034 0.0107 0.0341 0.1085 0.3454 1.0000 1.0000 1.0000 1.0000 0.0012 0.0039 0.0123 0.0391 0.1241 0.3938 1.0000 1.0000 1.0000 1.0000 0.0015 0.0034 0.0015 1.0000 1.0000 1.0000 1.0000 0.3946 0.1241 0.0391 0.0123 0.0039 0.0012 1.0000 1.0000 1.0000 1.0000 0.3454 0.1085 0.0341 0.0107 0.0034 0.0011 1.0000 1.0000 1.0000 0.9572 0.3006 0.0944 0.0296 0.0093 0.0029 0.0009 1.0000 1.0000 1.0000 0.8331 0.2616 0.0822 0.0258 0.0081 0.0025 0.0008 1.0000 1.0000 1.0000 0.7251 0.2277 0.0717 0.0222 0.0077 0.0012
0.0038 0.0241 0.0699 0.2251 0.7155 1.0000 1.0000 1.0000 0.0008 0.0025 0.0080 0.0255 0.0811 0.2582 0.8221 1.0000 1.0000 1.0000 0.0009 0.0029 0.0092 0.0293 0.0932 0.2966 0.9445 1.0000 1.0000 1.0000 0.0010 0.0033 0.0106 0.0336 0.1070 0.3408 1.0000 1.0000 1.0000 1.0000 0.0012 0.0038 0.0121 0.0386 0.1230 0.3908 1.0000 1.0000 1.0000 1.0000 0.0013 0.0049 0.0109 0.0048 0.0013 1.0000 1.0000 1.0000 1.0000 0.3893 0.1225 0.0385 0.0121 0.0038 0.0012 1.0000 1.0000 1.0000 1.0000 0.3395 0.1066 0.0335 0.0105 0.0033 0.0010 1.0000 1.0000 1.0000 0.9410 0.2955 0.0928 0.0291 0.0092 0.0029 0.0009 1.0000 1.0000 1.0000 0.8190 0.2572 0.0808 0.0254 0.0080 0.0025 0.0008 1.0000 1.0000 1.0000 0.7128 0.2243 0.0696 0.0239 0.0037
0.0118 0.0756 0.2192 0.7074 1.0000 1.0000 1.0000 0.0008 0.0025 0.0079 0.0251 0.0800 0.2548 0.8112 1.0000 1.0000 1.0000 0.0009 0.0028 0.0091 0.0289 0.0919 0.2927 0.9321 1.0000 1.0000 1.0000 0.0010 0.0033 0.0104 0.0332 0.1056 0.3363 1.0000 1.0000 1.0000 1.0000 0.0012 0.0038 0.0120 0.0381 0.1213 0.3864 1.0000 1.0000 1.0000 1.0000 0.0013 0.0042 0.0154 0.0346 0.0156 0.0042 0.0013 1.0000 1.0000 1.0000 1.0000 0.3871 0.1216 0.0383 0.0120 0.0038 0.0012 1.0000 1.0000 1.0000 1.0000 0.3376 0.1060 0.0333 0.0105 0.0033 0.0010 1.0000 1.0000 1.0000 0.9356 0.2938 0.0923 0.0290 0.0091 0.0029 0.0009 1.0000 1.0000 1.0000 0.8143 0.2557 0.0803 0.0252 0.0079 0.0025 0.0008 1.0000 1.0000 1.0000 0.7088 0.2201 0.0759 0.0119
0.0370 0.2375 0.6901 1.0000 1.0000 1.0000 0.0008 0.0024 0.0078 0.0248 0.0790 0.2514 0.8005 1.0000 1.0000 1.0000 0.0009 0.0028 0.0089 0.0285 0.0907 0.2888 0.9197 1.0000 1.0000 1.0000 0.0010 0.0032 0.0103 0.0327 0.1042 0.3319 1.0000 1.0000 1.0000 1.0000 0.0012 0.0037 0.0118 0.0376 0.1197 0.3813 1.0000 1.0000 1.0000 1.0000 0.0013 0.0042 0.0133 0.0484 0.1164 0.0592 0.0159 0.0048 0.0015 1.0000 1.0000 1.0000 1.0000 0.4406 0.1384 0.0435 0.0136 0.0043 0.0013 1.0000 1.0000 1.0000 1.0000 0.3835 0.1204 0.0378 0.0119 0.0037 0.0012 1.0000 1.0000 1.0000 1.0000 0.3338 0.1048 0.0329 0.0103 0.0032 0.0010 1.0000 1.0000 1.0000 0.9250 0.2905 0.0912 0.0287 0.0090 0.0028 0.0009 1.0000 1.0000 1.0000 0.7975 0.2760 0.0432
0.1164 0.7461 1.0000 1.0000 1.0000 0.0008 0.0024 0.0077 0.0245 0.0779 0.2481 0.7899 1.0000 1.0000 1.0000 0.0009 0.0028 0.0088 0.0281 0.0895 0.2850 0.9076 1.0000 1.0000 1.0000 0.0010 0.0032 0.0101 0.0323 0.1028 0.3275 1.0000 1.0000 1.0000 1.0000 0.0011 0.0037 0.0117 0.0371 0.1182 0.3762 1.0000 1.0000 1.0000 1.0000 0.0013 0.0042 0.0132 0.0418 0.1735 0.3281 0.0817 0.0343 0.0111 0.0034 0.0011 1.0000 1.0000 1.0000 0.9830 0.3087 0.0970 0.0304 0.0096 0.0030 0.0009 1.0000 1.0000 1.0000 0.8556 0.2687 0.0844 0.0265 0.0083 0.0026 0.0008 1.0000 1.0000 1.0000 0.7447 0.2339 0.0734 0.0231 0.0072 0.0023 1.0000 1.0000 1.0000 1.0000 0.6482 0.2036 0.0639 0.0201 0.0063 0.0020 1.0000 1.0000 1.0000 1.0000 0.6228 0.1028
0.3657 1.0000 1.0000 1.0000 0.0007 0.0024 0.0076 0.0241 0.0769 0.2448 0.7795 1.0000 1.0000 1.0000 0.0009 0.0027 0.0087 0.0277 0.0883 0.2813 0.8956 1.0000 1.0000 1.0000 0.0010 0.0031 0.0100 0.0319 0.1015 0.3231 1.0000 1.0000 1.0000 1.0000 0.0011 0.0036 0.0115 0.0366 0.1166 0.3713 1.0000 1.0000 1.0000 1.0000 0.0013 0.0042 0.0132 0.0415 0.1405 0.5308 0.1709 0.0109 0.0144 0.0051 0.0015 1.0000 1.0000 1.0000 1.0000 0.4406 0.1384 0.0435 0.0136 0.0043 0.0013 1.0000 1.0000 1.0000 1.0000 0.3835 0.1204 0.0378 0.0119 0.0037 0.0012 1.0000 1.0000 1.0000 1.0000 0.3338 0.1048 0.0329 0.0103 0.0032 0.0010 1.0000 1.0000 1.0000 0.9250 0.2905 0.0912 0.0287 0.0090 0.0028 0.0009 1.0000 1.0000 1.0000 0.7975 0.2760 0.0432
1.0000 1.0000 1.0000 0.0007 0.0023 0.0075 0.0237 0.0756 0.2406 0.7662 1.0000 1.0000 1.0000 0.0008 0.0027 0.0086 0.0273 0.0868 0.2765 0.8804 1.0000 1.0000 1.0000 0.0010 0.0031 0.0098 0.0313 0.0998 0.3177 1.0000 1.0000 1.0000 1.0000 0.0011 0.0036 0.0113 0.0360 0.1146 0.3650 1.0000 1.0000 1.0000 1.0000 0.0013 0.0041 0.0130 0.0414 0.1307 0.4331 1.0000 1.0000 0.0007 0.0041 0.0015 1.0000 1.0000 1.0000 1.0000 0.3871 0.1216 0.0383 0.0120 0.0038 0.0012 1.0000 1.0000 1.0000 1.0000 0.3376 0.1060 0.0333 0.0105 0.0033 0.0010 1.0000 1.0000 1.0000 0.9356 0.2938 0.0923 0.0290 0.0091 0.0029 0.0009 1.0000 1.0000 1.0000 0.8143 0.2557 0.0803 0.0252 0.0079 0.0025 0.0008 1.0000 1.0000 1.0000 0.7088 0.2201 0.0759 0.0119
1.0000 1.0000 0.0007 0.0023 0.0074 0.0236 0.0751 0.2393 0.7619 1.0000 1.0000 1.0000 0.0008 0.0027 0.0085 0.0271 0.0863 0.2749 0.8754 1.0000 1.0000 1.0000 0.0010 0.0031 0.0098 0.0312 0.0992 0.3158 1.0000 1.0000 1.0000 1.0000 0.0011 0.0035 0.0112 0.0358 0.1140 0.3629 1.0000 1.0000 1.0000 1.0000 0.0013 0.0041 0.0129 0.0411 0.1307 0.4161 1.0000 1.0000 1.0000 0.0013 0.0019 1.0000 1.0000 1.0000 1.0000 0.3893 0.1223 0.0385 0.0121 0.0038 0.0012 1.0000 1.0000 1.0000 1.0000 0.3395 0.1066 0.0335 0.0105 0.0033 0.0010 1.0000 1.0000 1.0000 0.9410 0.2955 0.0928 0.0291 0.0092 0.0029 0.0009 1.0000 1.0000 1.0000 0.8190 0.2572 0.0808 0.0254 0.0080 0.0025 0.0008 1.0000 1.0000 1.0000 0.7128 0.2243 0.0696 0.0239 0.0037
1.0000 0.0009 0.0026 0.0085 0.0268 0.0854 0.2718 0.8654 1.0000 1.0000 1.0000 0.0010 0.0030 0.0097 0.0308 0.0981 0.3123 0.9943 1.0000 1.0000 1.0000 0.0011 0.0035 0.0111 0.0354 0.1127 0.3588 1.0000 1.0000 1.0000 1.0000 0.0013 0.0040 0.0128 0.0407 0.1295 0.4122 1.0000 1.0000 1.0000 1.0000 0.0014 0.0046 0.0147 0.0468 0.1493 0.4754 1.0000 1.0000 1.0000 1.0000 0.0016 1.0000 1.0000 1.0000 1.0000 0.3946 0.1241 0.0391 0.0123 0.0039 0.0012 1.0000 1.0000 1.0000 1.0000 0.3454 0.1085 0.0341 0.0107 0.0034 0.0011 1.0000 1.0000 1.0000 0.9572 0.3006 0.0944 0.0296 0.0093 0.0029 0.0009 1.0000 1.0000 1.0000 0.8331 0.2616 0.0822 0.0258 0.0081 0.0025 0.0008 1.0000 1.0000 1.0000 0.7251 0.2277 0.0717 0.0222 0.0077 0.0012
1.0000 0.0020 0.0059 0.0188 0.0597 0.1901 0.6053 1.0000 1.0000 1.0000 1.0000 0.0021 0.0068 0.0215 0.0686 0.2184 0.6954 1.0000 1.0000 1.0000 1.0000 0.0024 0.0078 0.0247 0.0788 0.2509 0.7990 1.0000 1.0000 1.0000 0.0009 0.0028 0.0089 0.0284 0.0905 0.2883 0.9180 1.0000 1.0000 1.0000 0.0010 0.0032 0.0102 0.0324 0.1028 0.3262 1.0000 1.0000 1.0000 1.0000 0.0010 1.0000 1.0000 1.0000 1.0000 0.3961 0.1249 0.0394 0.0124 0.0039 0.0012 1.0000 1.0000 1.0000 1.0000 0.3500 0.1099 0.0345 0.0108 0.0034 0.0011 1.0000 1.0000 1.0000 0.9700 0.3046 0.0957 0.0300 0.0094 0.0030 0.0009 1.0000 1.0000 1.0000 0.8443 0.2651 0.0833 0.0262 0.0082 0.0026 0.0008 1.0000 1.0000 1.0000 0.7348 0.2308 0.0725 0.0228 0.0071 0.0024 0.0004
