0.3246 0.2560 0.2884 0.3352 0.3857 0.4172 0.4285 0.4230 0.3943 0.3198 0.2511 0.2562 0.2887 0.3355 0.3859 0.4173 0.4285 0.4229 0.3940 0.3193 0.2510 0.2563 0.2889 0.3357 0.3861 0.4174 0.4286 0.4228 0.3938 0.3188 0.2509 0.2564 0.2891 0.3360 0.3863 0.4175 0.4286 0.4228 0.3936 0.3183 0.2508 0.2566 0.2893 0.3363 0.3865 0.4176 0.4286 0.4228 0.3929 0.3153 0.2574 0.3153 0.3929 0.4228 0.4286 0.4176 0.3865 0.3363 0.2893 0.2566 0.2508 0.3183 0.3936 0.4228 0.4286 0.4175 0.3863 0.3360 0.2891 0.2564 0.2509 0.3188 0.3938 0.4228 0.4286 0.4174 0.3861 0.3357 0.2889 0.2563 0.2510 0.3193 0.3940 0.4229 0.4285 0.4173 0.3859 0.3355 0.2887 0.2562 0.2511 0.3198 0.3943 0.4230 0.4285 0.4172 0.3857 0.3352 0.2884 0.2560 0.3246
0.2560 0.2494 0.3155 0.3858 0.4239 0.4280 0.4104 0.3684 0.2744 0.1858 0.1997 0.2498 0.3161 0.3862 0.4239 0.4280 0.4102 0.3681 0.2738 0.1857 0.2000 0.2501 0.3165 0.3865 0.4240 0.4279 0.4101 0.3678 0.2731 0.1856 0.2002 0.2504 0.3168 0.3868 0.4241 0.4279 0.4099 0.3675 0.2725 0.1854 0.2004 0.2507 0.3172 0.3871 0.4242 0.4278 0.4098 0.3673 0.2710 0.1850 0.1821 0.1850 0.2710 0.3673 0.4098 0.4278 0.4242 0.3871 0.3172 0.2507 0.2004 0.1854 0.2725 0.3675 0.4099 0.4279 0.4241 0.3868 0.3168 0.2504 0.2002 0.1856 0.2731 0.3678 0.4101 0.4279 0.4240 0.3865 0.3165 0.2501 0.2000 0.1857 0.2738 0.3681 0.4102 0.4280 0.4239 0.3862 0.3161 0.2498 0.1997 0.1858 0.2744 0.3684 0.4104 0.4280 0.4239 0.3858 0.3155 0.2494 0.2560
0.2884 0.3155 0.3856 0.4223 0.4259 0.4095 0.3677 0.2730 0.1854 0.2002 0.2504 0.3169 0.3864 0.4224 0.4258 0.4093 0.3673 0.2723 0.1853 0.2004 0.2508 0.3173 0.3867 0.4225 0.4258 0.4091 0.3670 0.2716 0.1852 0.2006 0.2511 0.3176 0.3870 0.4225 0.4257 0.4090 0.3667 0.2710 0.1851 0.2009 0.2514 0.3180 0.3873 0.4226 0.4257 0.4089 0.3664 0.2704 0.1858 0.2025 0.2256 0.2025 0.1858 0.2704 0.3664 0.4089 0.4257 0.4226 0.3873 0.3180 0.2514 0.2009 0.1851 0.2710 0.3667 0.4090 0.4257 0.4225 0.3870 0.3176 0.2511 0.2006 0.1852 0.2716 0.3670 0.4091 0.4258 0.4225 0.3867 0.3173 0.2508 0.2004 0.1853 0.2723 0.3673 0.4093 0.4258 0.4224 0.3864 0.3169 0.2504 0.2002 0.1854 0.2730 0.3677 0.4095 0.4259 0.4223 0.3856 0.3155 0.2884
0.3352 0.3858 0.4223 0.4260 0.4092 0.3672 0.2717 0.1852 0.2006 0.2511 0.3177 0.3872 0.4227 0.4259 0.4090 0.3666 0.2708 0.1850 0.2009 0.2515 0.3181 0.3875 0.4228 0.4259 0.4088 0.3663 0.2702 0.1849 0.2011 0.2518 0.3185 0.3877 0.4229 0.4258 0.4087 0.3660 0.2696 0.1848 0.2013 0.2521 0.3188 0.3880 0.4229 0.4258 0.4085 0.3657 0.2689 0.1846 0.2033 0.2545 0.2866 0.2545 0.2033 0.1846 0.2689 0.3657 0.4085 0.4258 0.4229 0.3880 0.3188 0.2521 0.2013 0.1848 0.2696 0.3660 0.4087 0.4258 0.4229 0.3877 0.3185 0.2518 0.2011 0.1849 0.2702 0.3663 0.4088 0.4259 0.4228 0.3875 0.3181 0.2515 0.2009 0.1850 0.2708 0.3666 0.4090 0.4259 0.4227 0.3872 0.3177 0.2511 0.2006 0.1852 0.2717 0.3672 0.4092 0.4260 0.4223 0.3858 0.3352
0.3857 0.4239 0.4259 0.4092 0.3670 0.2709 0.1850 0.2011 0.2518 0.3185 0.3878 0.4229 0.4258 0.4086 0.3659 0.2694 0.1847 0.2014 0.2521 0.3189 0.3881 0.4229 0.4257 0.4085 0.3656 0.2687 0.1846 0.2016 0.2524 0.3193 0.3884 0.4230 0.4257 0.4084 0.3653 0.2681 0.1845 0.2018 0.2527 0.3197 0.3887 0.4231 0.4257 0.4082 0.3650 0.2675 0.1843 0.2020 0.2553 0.3232 0.3607 0.3232 0.2553 0.2020 0.1843 0.2675 0.3650 0.4082 0.4257 0.4231 0.3887 0.3197 0.2527 0.2018 0.1845 0.2681 0.3653 0.4084 0.4257 0.4230 0.3884 0.3193 0.2524 0.2016 0.1846 0.2687 0.3656 0.4085 0.4257 0.4229 0.3881 0.3189 0.2521 0.2014 0.1847 0.2694 0.3659 0.4086 0.4258 0.4229 0.3878 0.3185 0.2518 0.2011 0.1850 0.2709 0.3670 0.4092 0.4259 0.4239 0.3857
0.4172 0.4280 0.4095 0.3672 0.2709 0.1849 0.2013 0.2523 0.3192 0.3884 0.4230 0.4257 0.4083 0.3652 0.2679 0.1845 0.2019 0.2528 0.3198 0.3888 0.4231 0.4257 0.4082 0.3649 0.2673 0.1843 0.2021 0.2531 0.3201 0.3891 0.4232 0.4256 0.4080 0.3645 0.2667 0.1842 0.2023 0.2534 0.3205 0.3894 0.4233 0.4256 0.4079 0.3642 0.2660 0.1841 0.2025 0.2536 0.3233 0.3931 0.4162 0.3931 0.3233 0.2536 0.2025 0.1841 0.2660 0.3642 0.4079 0.4256 0.4233 0.3894 0.3205 0.2534 0.2023 0.1842 0.2667 0.3645 0.4080 0.4256 0.4232 0.3891 0.3201 0.2531 0.2021 0.1843 0.2673 0.3649 0.4082 0.4257 0.4231 0.3888 0.3198 0.2528 0.2019 0.1845 0.2679 0.3652 0.4083 0.4257 0.4230 0.3884 0.3192 0.2523 0.2013 0.1849 0.2709 0.3672 0.4095 0.4280 0.4172
0.4285 0.4104 0.3677 0.2717 0.1850 0.2013 0.2525 0.3197 0.3889 0.4232 0.4256 0.4080 0.3644 0.2664 0.1842 0.2024 0.2535 0.3206 0.3895 0.4233 0.4256 0.4079 0.3641 0.2658 0.1841 0.2026 0.2538 0.3210 0.3897 0.4233 0.4255 0.4077 0.3638 0.2652 0.1840 0.2028 0.2541 0.3213 0.3900 0.4234 0.4255 0.4076 0.3635 0.2646 0.1839 0.2030 0.2544 0.3216 0.3917 0.4249 0.4259 0.4249 0.3917 0.3216 0.2544 0.2030 0.1839 0.2646 0.3635 0.4076 0.4255 0.4234 0.3900 0.3213 0.2541 0.2028 0.1840 0.2652 0.3638 0.4077 0.4255 0.4233 0.3897 0.3210 0.2538 0.2026 0.1841 0.2658 0.3641 0.4079 0.4256 0.4233 0.3895 0.3206 0.2535 0.2024 0.1842 0.2664 0.3644 0.4080 0.4256 0.4232 0.3889 0.3197 0.2525 0.2013 0.1850 0.2717 0.3677 0.4104 0.4285
0.4230 0.3684 0.2730 0.1852 0.2011 0.2523 0.3197 0.3890 0.4232 0.4256 0.4078 0.3638 0.2651 0.1839 0.2029 0.2542 0.3215 0.3901 0.4234 0.4255 0.4075 0.3634 0.2644 0.1838 0.2031 0.2545 0.3218 0.3904 0.4235 0.4254 0.4074 0.3631 0.2637 0.1837 0.2033 0.2548 0.3222 0.3907 0.4236 0.4254 0.4073 0.3627 0.2631 0.1836 0.2035 0.2551 0.3225 0.3908 0.4237 0.4241 0.4111 0.4241 0.4237 0.3908 0.3225 0.2551 0.2035 0.1836 0.2631 0.3627 0.4073 0.4254 0.4236 0.3907 0.3222 0.2548 0.2033 0.1837 0.2637 0.3631 0.4074 0.4254 0.4235 0.3904 0.3218 0.2545 0.2031 0.1838 0.2644 0.3634 0.4075 0.4255 0.4234 0.3901 0.3215 0.2542 0.2029 0.1839 0.2651 0.3638 0.4078 0.4256 0.4232 0.3890 0.3197 0.2523 0.2011 0.1852 0.2730 0.3684 0.4230
0.3943 0.2744 0.1854 0.2006 0.2518 0.3192 0.3889 0.4232 0.4255 0.4076 0.3633 0.2640 0.1837 0.2033 0.2549 0.3223 0.3908 0.4236 0.4254 0.4072 0.3626 0.2629 0.1836 0.2036 0.2552 0.3227 0.3911 0.4237 0.4253 0.4071 0.3623 0.2623 0.1835 0.2038 0.2555 0.3230 0.3913 0.4237 0.4253 0.4069 0.3620 0.2617 0.1834 0.2040 0.2558 0.3234 0.3916 0.4237 0.4253 0.4032 0.3727 0.4032 0.4253 0.4237 0.3916 0.3234 0.2558 0.2040 0.1834 0.2617 0.3620 0.4069 0.4253 0.4237 0.3913 0.3230 0.2555 0.2038 0.1835 0.2623 0.3623 0.4071 0.4253 0.4237 0.3911 0.3227 0.2552 0.2036 0.1836 0.2629 0.3626 0.4072 0.4254 0.4236 0.3908 0.3223 0.2549 0.2033 0.1837 0.2640 0.3633 0.4076 0.4255 0.4232 0.3889 0.3192 0.2518 0.2006 0.1854 0.2744 0.3943
0.3198 0.1858 0.2002 0.2511 0.3185 0.3884 0.4232 0.4256 0.4076 0.3631 0.2632 0.1836 0.2037 0.2555 0.3231 0.3914 0.4237 0.4253 0.4069 0.3619 0.2615 0.1834 0.2041 0.2559 0.3235 0.3917 0.4238 0.4252 0.4067 0.3616 0.2608 0.1833 0.2043 0.2562 0.3239 0.3920 0.4239 0.4252 0.4066 0.3612 0.2602 0.1832 0.2045 0.2565 0.3242 0.3923 0.4239 0.4252 0.4064 0.3549 0.2941 0.3549 0.4064 0.4252 0.4239 0.3923 0.3242 0.2565 0.2045 0.1832 0.2602 0.3612 0.4066 0.4252 0.4239 0.3920 0.3239 0.2562 0.2043 0.1833 0.2608 0.3616 0.4067 0.4252 0.4238 0.3917 0.3235 0.2559 0.2041 0.1834 0.2615 0.3619 0.4069 0.4253 0.4237 0.3914 0.3231 0.2555 0.2037 0.1836 0.2632 0.3631 0.4076 0.4256 0.4232 0.3884 0.3185 0.2511 0.2002 0.1858 0.3198
0.2511 0.1997 0.2504 0.3177 0.3878 0.4230 0.4256 0.4078 0.3633 0.2632 0.1835 0.2040 0.2560 0.3238 0.3920 0.4239 0.4252 0.4065 0.3611 0.2600 0.1832 0.2046 0.2566 0.3244 0.3923 0.4239 0.4251 0.4064 0.3608 0.2594 0.1831 0.2048 0.2569 0.3247 0.3926 0.4240 0.4251 0.4062 0.3605 0.2588 0.1830 0.2050 0.2572 0.3251 0.3929 0.4241 0.4250 0.4062 0.3599 0.2560 0.1877 0.2560 0.3599 0.4062 0.4250 0.4241 0.3929 0.3251 0.2572 0.2050 0.1830 0.2588 0.3605 0.4062 0.4251 0.4240 0.3926 0.3247 0.2569 0.2048 0.1831 0.2594 0.3608 0.4064 0.4251 0.4239 0.3923 0.3244 0.2566 0.2046 0.1832 0.2600 0.3611 0.4065 0.4252 0.4239 0.3920 0.3238 0.2560 0.2040 0.1835 0.2632 0.3633 0.4078 0.4256 0.4230 0.3878 0.3177 0.2504 0.1997 0.2511
0.2562 0.2498 0.3169 0.3872 0.4229 0.4257 0.4080 0.3638 0.2640 0.1836 0.2040 0.2562 0.3242 0.3924 0.4240 0.4251 0.4062 0.3604 0.2586 0.1830 0.2051 0.2573 0.3252 0.3930 0.4241 0.4250 0.4061 0.3600 0.2579 0.1829 0.2053 0.2576 0.3256 0.3933 0.4241 0.4250 0.4059 0.3597 0.2573 0.1828 0.2055 0.2579 0.3259 0.3935 0.4242 0.4249 0.4058 0.3595 0.2561 0.1828 0.1862 0.1828 0.2561 0.3595 0.4058 0.4249 0.4242 0.3935 0.3259 0.2579 0.2055 0.1828 0.2573 0.3597 0.4059 0.4250 0.4241 0.3933 0.3256 0.2576 0.2053 0.1829 0.2579 0.3600 0.4061 0.4250 0.4241 0.3930 0.3252 0.2573 0.2051 0.1830 0.2586 0.3604 0.4062 0.4251 0.4240 0.3924 0.3242 0.2562 0.2040 0.1836 0.2640 0.3638 0.4080 0.4257 0.4229 0.3872 0.3169 0.2498 0.2562
0.2887 0.3161 0.3864 0.4227 0.4258 0.4083 0.3644 0.2651 0.1837 0.2037 0.2560 0.3242 0.3926 0.4241 0.4250 0.4060 0.3597 0.2572 0.1828 0.2056 0.2580 0.3261 0.3936 0.4242 0.4249 0.4057 0.3592 0.2565 0.1827 0.2058 0.2584 0.3264 0.3939 0.4243 0.4248 0.4056 0.3589 0.2559 0.1826 0.2060 0.2587 0.3268 0.3942 0.4243 0.4248 0.4054 0.3586 0.2553 0.1836 0.2076 0.2317 0.2076 0.1836 0.2553 0.3586 0.4054 0.4248 0.4243 0.3942 0.3268 0.2587 0.2060 0.1826 0.2559 0.3589 0.4056 0.4248 0.4243 0.3939 0.3264 0.2584 0.2058 0.1827 0.2565 0.3592 0.4057 0.4249 0.4242 0.3936 0.3261 0.2580 0.2056 0.1828 0.2572 0.3597 0.4060 0.4250 0.4241 0.3926 0.3242 0.2560 0.2037 0.1837 0.2651 0.3644 0.4083 0.4258 0.4227 0.3864 0.3161 0.2887
0.3355 0.3862 0.4224 0.4259 0.4086 0.3652 0.2664 0.1839 0.2033 0.2555 0.3238 0.3924 0.4241 0.4250 0.4058 0.3592 0.2561 0.1826 0.2061 0.2588 0.3269 0.3942 0.4244 0.4248 0.4054 0.3585 0.2550 0.1825 0.2063 0.2591 0.3273 0.3945 0.4244 0.4247 0.4052 0.3581 0.2544 0.1825 0.2066 0.2594 0.3276 0.3948 0.4245 0.4247 0.4051 0.3578 0.2538 0.1824 0.2086 0.2619 0.2950 0.2619 0.2086 0.1824 0.2538 0.3578 0.4051 0.4247 0.4245 0.3948 0.3276 0.2594 0.2066 0.1825 0.2544 0.3581 0.4052 0.4247 0.4244 0.3945 0.3273 0.2591 0.2063 0.1825 0.2550 0.3585 0.4054 0.4248 0.4244 0.3942 0.3269 0.2588 0.2061 0.1826 0.2561 0.3592 0.4058 0.4250 0.4241 0.3924 0.3238 0.2555 0.2033 0.1839 0.2664 0.3652 0.4086 0.4259 0.4224 0.3862 0.3355
0.3859 0.4239 0.4258 0.4090 0.3659 0.2679 0.1842 0.2029 0.2549 0.3231 0.3920 0.4240 0.4250 0.4058 0.3590 0.2554 0.1825 0.2065 0.2594 0.3277 0.3949 0.4245 0.4247 0.4050 0.3577 0.2536 0.1824 0.2068 0.2598 0.3281 0.3951 0.4246 0.4246 0.4049 0.3573 0.2530 0.1823 0.2071 0.2601 0.3285 0.3954 0.4246 0.4246 0.4047 0.3570 0.2524 0.1822 0.2072 0.2628 0.3321 0.3694 0.3321 0.2628 0.2072 0.1822 0.2524 0.3570 0.4047 0.4246 0.4246 0.3954 0.3285 0.2601 0.2071 0.1823 0.2530 0.3573 0.4049 0.4246 0.4246 0.3951 0.3281 0.2598 0.2068 0.1824 0.2536 0.3577 0.4050 0.4247 0.4245 0.3949 0.3277 0.2594 0.2065 0.1825 0.2554 0.3590 0.4058 0.4250 0.4240 0.3920 0.3231 0.2549 0.2029 0.1842 0.2679 0.3659 0.4090 0.4258 0.4239 0.3859
0.4173 0.4280 0.4093 0.3666 0.2694 0.1845 0.2024 0.2542 0.3223 0.3914 0.4239 0.4251 0.4060 0.3592 0.2554 0.1825 0.2067 0.2598 0.3284 0.3954 0.4246 0.4245 0.4047 0.3569 0.2522 0.1822 0.2074 0.2605 0.3290 0.3957 0.4247 0.4245 0.4045 0.3565 0.2516 0.1822 0.2076 0.2608 0.3293 0.3960 0.4247 0.4244 0.4043 0.3562 0.2509 0.1821 0.2078 0.2610 0.3321 0.3995 0.4194 0.3995 0.3321 0.2610 0.2078 0.1821 0.2509 0.3562 0.4043 0.4244 0.4247 0.3960 0.3293 0.2608 0.2076 0.1822 0.2516 0.3565 0.4045 0.4245 0.4247 0.3957 0.3290 0.2605 0.2074 0.1822 0.2522 0.3569 0.4047 0.4245 0.4246 0.3954 0.3284 0.2598 0.2067 0.1825 0.2554 0.3592 0.4060 0.4251 0.4239 0.3914 0.3223 0.2542 0.2024 0.1845 0.2694 0.3666 0.4093 0.4280 0.4173
0.4285 0.4102 0.3673 0.2708 0.1847 0.2019 0.2535 0.3215 0.3908 0.4237 0.4252 0.4062 0.3597 0.2561 0.1825 0.2067 0.2600 0.3288 0.3958 0.4247 0.4244 0.4043 0.3561 0.2507 0.1821 0.2079 0.2612 0.3298 0.3963 0.4248 0.4244 0.4041 0.3557 0.2501 0.1820 0.2081 0.2615 0.3302 0.3966 0.4249 0.4243 0.4040 0.3554 0.2495 0.1820 0.2083 0.2618 0.3304 0.3979 0.4260 0.4251 0.4260 0.3979 0.3304 0.2618 0.2083 0.1820 0.2495 0.3554 0.4040 0.4243 0.4249 0.3966 0.3302 0.2615 0.2081 0.1820 0.2501 0.3557 0.4041 0.4244 0.4248 0.3963 0.3298 0.2612 0.2079 0.1821 0.2507 0.3561 0.4043 0.4244 0.4247 0.3958 0.3288 0.2600 0.2067 0.1825 0.2561 0.3597 0.4062 0.4252 0.4237 0.3908 0.3215 0.2535 0.2019 0.1847 0.2708 0.3673 0.4102 0.4285
0.4229 0.3681 0.2723 0.1850 0.2014 0.2528 0.3206 0.3901 0.4236 0.4253 0.4065 0.3604 0.2572 0.1826 0.2065 0.2598 0.3288 0.3959 0.4248 0.4244 0.4040 0.3554 0.2494 0.1820 0.2084 0.2619 0.3307 0.3969 0.4249 0.4242 0.4038 0.3549 0.2487 0.1819 0.2086 0.2622 0.3310 0.3972 0.4250 0.4242 0.4036 0.3545 0.2481 0.1819 0.2089 0.2626 0.3313 0.3973 0.4251 0.4226 0.4080 0.4226 0.4251 0.3973 0.3313 0.2626 0.2089 0.1819 0.2481 0.3545 0.4036 0.4242 0.4250 0.3972 0.3310 0.2622 0.2086 0.1819 0.2487 0.3549 0.4038 0.4242 0.4249 0.3969 0.3307 0.2619 0.2084 0.1820 0.2494 0.3554 0.4040 0.4244 0.4248 0.3959 0.3288 0.2598 0.2065 0.1826 0.2572 0.3604 0.4065 0.4253 0.4236 0.3901 0.3206 0.2528 0.2014 0.1850 0.2723 0.3681 0.4229
0.3940 0.2738 0.1853 0.2009 0.2521 0.3198 0.3895 0.4234 0.4254 0.4069 0.3611 0.2586 0.1828 0.2061 0.2594 0.3284 0.3958 0.4248 0.4243 0.4039 0.3548 0.2483 0.1819 0.2089 0.2627 0.3315 0.3975 0.4250 0.4241 0.4034 0.3541 0.2473 0.1818 0.2092 0.2630 0.3319 0.3978 0.4251 0.4241 0.4032 0.3537 0.2467 0.1818 0.2094 0.2633 0.3322 0.3980 0.4251 0.4240 0.3992 0.3658 0.3992 0.4240 0.4251 0.3980 0.3322 0.2633 0.2094 0.1818 0.2467 0.3537 0.4032 0.4241 0.4251 0.3978 0.3319 0.2630 0.2092 0.1818 0.2473 0.3541 0.4034 0.4241 0.4250 0.3975 0.3315 0.2627 0.2089 0.1819 0.2483 0.3548 0.4039 0.4243 0.4248 0.3958 0.3284 0.2594 0.2061 0.1828 0.2586 0.3611 0.4069 0.4254 0.4234 0.3895 0.3198 0.2521 0.2009 0.1853 0.2738 0.3940
0.3193 0.1857 0.2004 0.2515 0.3189 0.3888 0.4233 0.4255 0.4072 0.3619 0.2600 0.1830 0.2056 0.2588 0.3277 0.3954 0.4247 0.4244 0.4039 0.3546 0.2476 0.1818 0.2093 0.2633 0.3323 0.3981 0.4252 0.4240 0.4030 0.3532 0.2459 0.1817 0.2097 0.2637 0.3327 0.3983 0.4252 0.4239 0.4029 0.3529 0.2453 0.1817 0.2099 0.2640 0.3331 0.3986 0.4253 0.4239 0.4027 0.3464 0.2807 0.3464 0.4027 0.4239 0.4253 0.3986 0.3331 0.2640 0.2099 0.1817 0.2453 0.3529 0.4029 0.4239 0.4252 0.3983 0.3327 0.2637 0.2097 0.1817 0.2459 0.3532 0.4030 0.4240 0.4252 0.3981 0.3323 0.2633 0.2093 0.1818 0.2476 0.3546 0.4039 0.4244 0.4247 0.3954 0.3277 0.2588 0.2056 0.1830 0.2600 0.3619 0.4072 0.4255 0.4233 0.3888 0.3189 0.2515 0.2004 0.1857 0.3193
0.2510 0.2000 0.2508 0.3181 0.3881 0.4231 0.4256 0.4075 0.3626 0.2615 0.1832 0.2051 0.2580 0.3269 0.3949 0.4246 0.4244 0.4040 0.3548 0.2476 0.1818 0.2096 0.2637 0.3330 0.3986 0.4253 0.4239 0.4027 0.3524 0.2444 0.1816 0.2102 0.2644 0.3336 0.3989 0.4253 0.4238 0.4025 0.3520 0.2438 0.1816 0.2104 0.2647 0.3339 0.3992 0.4254 0.4237 0.4024 0.3514 0.2412 0.1813 0.2412 0.3514 0.4024 0.4237 0.4254 0.3992 0.3339 0.2647 0.2104 0.1816 0.2438 0.3520 0.4025 0.4238 0.4253 0.3989 0.3336 0.2644 0.2102 0.1816 0.2444 0.3524 0.4027 0.4239 0.4253 0.3986 0.3330 0.2637 0.2096 0.1818 0.2476 0.3548 0.4040 0.4244 0.4246 0.3949 0.3269 0.2580 0.2051 0.1832 0.2615 0.3626 0.4075 0.4256 0.4231 0.3881 0.3181 0.2508 0.2000 0.2510
0.2563 0.2501 0.3173 0.3875 0.4229 0.4257 0.4079 0.3634 0.2629 0.1834 0.2046 0.2573 0.3261 0.3942 0.4245 0.4245 0.4043 0.3554 0.2483 0.1818 0.2096 0.2639 0.3334 0.3990 0.4253 0.4237 0.4023 0.3515 0.2430 0.1816 0.2107 0.2651 0.3344 0.3995 0.4254 0.4237 0.4021 0.3512 0.2424 0.1816 0.2110 0.2655 0.3348 0.3997 0.4255 0.4236 0.4019 0.3509 0.2414 0.1818 0.1908 0.1818 0.2414 0.3509 0.4019 0.4236 0.4255 0.3997 0.3348 0.2655 0.2110 0.1816 0.2424 0.3512 0.4021 0.4237 0.4254 0.3995 0.3344 0.2651 0.2107 0.1816 0.2430 0.3515 0.4023 0.4237 0.4253 0.3990 0.3334 0.2639 0.2096 0.1818 0.2483 0.3554 0.4043 0.4245 0.4245 0.3942 0.3261 0.2573 0.2046 0.1834 0.2629 0.3634 0.4079 0.4257 0.4229 0.3875 0.3173 0.2501 0.2563
0.2889 0.3165 0.3867 0.4228 0.4257 0.4082 0.3641 0.2644 0.1836 0.2041 0.2566 0.3252 0.3936 0.4244 0.4247 0.4047 0.3561 0.2494 0.1819 0.2093 0.2637 0.3334 0.3991 0.4254 0.4237 0.4020 0.3508 0.2418 0.1815 0.2113 0.2659 0.3353 0.4001 0.4255 0.4235 0.4017 0.3503 0.2411 0.1815 0.2115 0.2662 0.3356 0.4003 0.4256 0.4235 0.4016 0.3499 0.2405 0.1826 0.2132 0.2383 0.2132 0.1826 0.2405 0.3499 0.4016 0.4235 0.4256 0.4003 0.3356 0.2662 0.2115 0.1815 0.2411 0.3503 0.4017 0.4235 0.4255 0.4001 0.3353 0.2659 0.2113 0.1815 0.2418 0.3508 0.4020 0.4236 0.4254 0.3991 0.3334 0.2637 0.2093 0.1819 0.2494 0.3561 0.4047 0.4247 0.4244 0.3936 0.3252 0.2566 0.2041 0.1836 0.2644 0.3641 0.4082 0.4257 0.4228 0.3867 0.3165 0.2889
0.3357 0.3865 0.4225 0.4259 0.4085 0.3649 0.2658 0.1838 0.2036 0.2559 0.3244 0.3930 0.4242 0.4248 0.4050 0.3569 0.2507 0.1820 0.2089 0.2633 0.3330 0.3990 0.4254 0.4236 0.4018 0.3503 0.2407 0.1815 0.2118 0.2666 0.3361 0.4006 0.4256 0.4234 0.4013 0.3494 0.2397 0.1815 0.2120 0.2669 0.3365 0.4008 0.4257 0.4233 0.4012 0.3491 0.2391 0.1814 0.2142 0.2696 0.3037 0.2696 0.2142 0.1814 0.2391 0.3491 0.4012 0.4233 0.4257 0.4008 0.3365 0.2669 0.2120 0.1815 0.2397 0.3494 0.4013 0.4234 0.4256 0.4006 0.3361 0.2666 0.2118 0.1815 0.2408 0.3503 0.4018 0.4236 0.4254 0.3990 0.3330 0.2633 0.2089 0.1820 0.2507 0.3569 0.4050 0.4248 0.4242 0.3930 0.3244 0.2559 0.2036 0.1838 0.2658 0.3649 0.4085 0.4259 0.4225 0.3865 0.3357
0.3861 0.4240 0.4258 0.4088 0.3656 0.2673 0.1841 0.2031 0.2552 0.3235 0.3923 0.4241 0.4249 0.4054 0.3577 0.2522 0.1821 0.2084 0.2627 0.3323 0.3986 0.4253 0.4237 0.4018 0.3500 0.2400 0.1815 0.2122 0.2673 0.3369 0.4012 0.4257 0.4232 0.4009 0.3486 0.2383 0.1814 0.2126 0.2677 0.3373 0.4014 0.4258 0.4232 0.4008 0.3482 0.2377 0.1814 0.2128 0.2704 0.3410 0.3777 0.3410 0.2704 0.2128 0.1814 0.2377 0.3482 0.4008 0.4232 0.4258 0.4014 0.3373 0.2677 0.2126 0.1814 0.2383 0.3486 0.4009 0.4232 0.4257 0.4012 0.3369 0.2672 0.2122 0.1815 0.2402 0.3501 0.4018 0.4236 0.4253 0.3986 0.3323 0.2627 0.2084 0.1821 0.2522 0.3577 0.4054 0.4249 0.4241 0.3923 0.3235 0.2552 0.2031 0.1841 0.2673 0.3656 0.4088 0.4258 0.4240 0.3861
0.4174 0.4279 0.4091 0.3663 0.2687 0.1843 0.2026 0.2545 0.3227 0.3917 0.4239 0.4250 0.4057 0.3585 0.2536 0.1822 0.2079 0.2619 0.3315 0.3981 0.4253 0.4237 0.4020 0.3502 0.2400 0.1815 0.2124 0.2677 0.3375 0.4016 0.4258 0.4231 0.4005 0.3477 0.2369 0.1814 0.2131 0.2684 0.3382 0.4019 0.4259 0.4230 0.4004 0.3473 0.2363 0.1814 0.2133 0.2686 0.3409 0.4053 0.4219 0.4053 0.3409 0.2686 0.2133 0.1814 0.2363 0.3473 0.4004 0.4230 0.4259 0.4019 0.3382 0.2684 0.2131 0.1814 0.2369 0.3477 0.4005 0.4231 0.4258 0.4016 0.3375 0.2677 0.2124 0.1815 0.2402 0.3503 0.4020 0.4237 0.4253 0.3981 0.3315 0.2619 0.2079 0.1822 0.2536 0.3585 0.4057 0.4250 0.4239 0.3917 0.3227 0.2545 0.2026 0.1843 0.2687 0.3663 0.4091 0.4279 0.4174
0.4286 0.4101 0.3670 0.2702 0.1846 0.2021 0.2538 0.3218 0.3911 0.4238 0.4251 0.4061 0.3592 0.2550 0.1824 0.2074 0.2612 0.3307 0.3975 0.4252 0.4239 0.4023 0.3508 0.2407 0.1815 0.2124 0.2678 0.3379 0.4019 0.4259 0.4230 0.4002 0.3468 0.2356 0.1814 0.2137 0.2692 0.3390 0.4025 0.4260 0.4229 0.4000 0.3464 0.2350 0.1814 0.2139 0.2694 0.3392 0.4035 0.4267 0.4240 0.4267 0.4035 0.3392 0.2694 0.2139 0.1814 0.2350 0.3464 0.4000 0.4229 0.4260 0.4025 0.3390 0.2692 0.2137 0.1814 0.2356 0.3468 0.4002 0.4230 0.4259 0.4019 0.3379 0.2678 0.2124 0.1815 0.2408 0.3508 0.4023 0.4239 0.4252 0.3975 0.3307 0.2612 0.2074 0.1824 0.2550 0.3592 0.4061 0.4251 0.4238 0.3911 0.3218 0.2538 0.2021 0.1846 0.2702 0.3670 0.4101 0.4286
0.4228 0.3678 0.2716 0.1849 0.2016 0.2531 0.3210 0.3904 0.4237 0.4252 0.4064 0.3600 0.2565 0.1825 0.2068 0.2605 0.3298 0.3969 0.4250 0.4240 0.4027 0.3515 0.2418 0.1815 0.2122 0.2677 0.3379 0.4020 0.4259 0.4229 0.3999 0.3460 0.2343 0.1814 0.2142 0.2699 0.3399 0.4030 0.4260 0.4227 0.3996 0.3455 0.2336 0.1814 0.2144 0.2702 0.3402 0.4031 0.4261 0.4209 0.4045 0.4209 0.4261 0.4031 0.3402 0.2702 0.2144 0.1814 0.2336 0.3455 0.3996 0.4227 0.4260 0.4030 0.3399 0.2699 0.2142 0.1814 0.2343 0.3460 0.3999 0.4229 0.4259 0.4020 0.3379 0.2677 0.2122 0.1815 0.2418 0.3515 0.4027 0.4240 0.4250 0.3969 0.3298 0.2605 0.2068 0.1825 0.2565 0.3600 0.4064 0.4252 0.4237 0.3904 0.3210 0.2531 0.2016 0.1849 0.2716 0.3678 0.4228
0.3938 0.2731 0.1852 0.2011 0.2524 0.3201 0.3897 0.4235 0.4253 0.4067 0.3608 0.2579 0.1827 0.2063 0.2598 0.3290 0.3963 0.4249 0.4241 0.4030 0.3524 0.2430 0.1815 0.2118 0.2672 0.3375 0.4019 0.4259 0.4228 0.3997 0.3455 0.2334 0.1814 0.2147 0.2706 0.3407 0.4035 0.4261 0.4226 0.3992 0.3446 0.2323 0.1814 0.2150 0.2710 0.3411 0.4037 0.4261 0.4225 0.3948 0.3584 0.3948 0.4225 0.4261 0.4037 0.3411 0.2710 0.2150 0.1814 0.2323 0.3446 0.3992 0.4226 0.4261 0.4035 0.3407 0.2706 0.2147 0.1814 0.2334 0.3455 0.3997 0.4228 0.4259 0.4019 0.3375 0.2672 0.2118 0.1815 0.2430 0.3524 0.4030 0.4241 0.4249 0.3963 0.3290 0.2598 0.2063 0.1827 0.2579 0.3608 0.4067 0.4253 0.4235 0.3897 0.3201 0.2524 0.2011 0.1852 0.2731 0.3938
0.3188 0.1856 0.2006 0.2518 0.3193 0.3891 0.4233 0.4254 0.4071 0.3616 0.2594 0.1829 0.2058 0.2591 0.3281 0.3957 0.4248 0.4242 0.4034 0.3532 0.2444 0.1816 0.2113 0.2666 0.3369 0.4016 0.4259 0.4229 0.3997 0.3453 0.2328 0.1814 0.2151 0.2713 0.3415 0.4040 0.4262 0.4224 0.3987 0.3436 0.2310 0.1815 0.2155 0.2717 0.3419 0.4042 0.4262 0.4224 0.3985 0.3371 0.2668 0.3371 0.3985 0.4224 0.4262 0.4042 0.3419 0.2717 0.2155 0.1815 0.2310 0.3436 0.3987 0.4224 0.4262 0.4040 0.3415 0.2713 0.2151 0.1814 0.2328 0.3453 0.3997 0.4229 0.4259 0.4016 0.3369 0.2666 0.2113 0.1816 0.2444 0.3532 0.4034 0.4242 0.4248 0.3957 0.3281 0.2591 0.2058 0.1829 0.2594 0.3616 0.4071 0.4254 0.4233 0.3891 0.3193 0.2518 0.2006 0.1856 0.3188
0.2509 0.2002 0.2511 0.3185 0.3884 0.4232 0.4255 0.4074 0.3623 0.2608 0.1831 0.2053 0.2584 0.3273 0.3951 0.4247 0.4244 0.4038 0.3541 0.2459 0.1816 0.2107 0.2659 0.3361 0.4012 0.4258 0.4230 0.3999 0.3455 0.2328 0.1814 0.2154 0.2717 0.3421 0.4044 0.4263 0.4223 0.3983 0.3427 0.2297 0.1815 0.2161 0.2725 0.3428 0.4047 0.4263 0.4222 0.3983 0.3420 0.2273 0.1770 0.2273 0.3420 0.3983 0.4222 0.4263 0.4047 0.3428 0.2725 0.2161 0.1815 0.2297 0.3427 0.3983 0.4223 0.4263 0.4044 0.3421 0.2717 0.2154 0.1814 0.2328 0.3455 0.3999 0.4230 0.4258 0.4012 0.3361 0.2659 0.2107 0.1816 0.2459 0.3541 0.4038 0.4244 0.4247 0.3951 0.3273 0.2584 0.2053 0.1831 0.2608 0.3623 0.4074 0.4255 0.4232 0.3884 0.3185 0.2511 0.2002 0.2509
0.2564 0.2504 0.3176 0.3877 0.4230 0.4256 0.4077 0.3631 0.2623 0.1833 0.2048 0.2576 0.3264 0.3945 0.4246 0.4245 0.4041 0.3549 0.2473 0.1817 0.2102 0.2651 0.3353 0.4006 0.4257 0.4231 0.4002 0.3460 0.2334 0.1814 0.2154 0.2719 0.3425 0.4047 0.4263 0.4221 0.3979 0.3418 0.2284 0.1816 0.2167 0.2732 0.3436 0.4052 0.4264 0.4220 0.3977 0.3415 0.2276 0.1821 0.1955 0.1821 0.2276 0.3415 0.3977 0.4220 0.4264 0.4052 0.3436 0.2732 0.2167 0.1816 0.2284 0.3418 0.3979 0.4221 0.4263 0.4047 0.3425 0.2719 0.2154 0.1814 0.2334 0.3460 0.4002 0.4231 0.4257 0.4006 0.3353 0.2651 0.2102 0.1817 0.2473 0.3549 0.4041 0.4245 0.4246 0.3945 0.3264 0.2576 0.2048 0.1833 0.2623 0.3631 0.4077 0.4256 0.4230 0.3877 0.3176 0.2504 0.2564
0.2891 0.3168 0.3870 0.4229 0.4257 0.4080 0.3638 0.2637 0.1835 0.2043 0.2569 0.3256 0.3939 0.4244 0.4246 0.4045 0.3557 0.2487 0.1818 0.2097 0.2644 0.3344 0.4001 0.4256 0.4232 0.4005 0.3468 0.2343 0.1814 0.2151 0.2717 0.3425 0.4048 0.4264 0.4220 0.3976 0.3409 0.2272 0.1816 0.2172 0.2740 0.3444 0.4057 0.4265 0.4219 0.3973 0.3404 0.2266 0.1829 0.2190 0.2452 0.2190 0.1829 0.2266 0.3404 0.3973 0.4219 0.4265 0.4057 0.3444 0.2740 0.2172 0.1816 0.2272 0.3409 0.3976 0.4220 0.4264 0.4048 0.3425 0.2717 0.2151 0.1814 0.2343 0.3468 0.4005 0.4232 0.4256 0.4001 0.3344 0.2644 0.2097 0.1818 0.2487 0.3557 0.4045 0.4246 0.4244 0.3939 0.3256 0.2569 0.2043 0.1835 0.2637 0.3638 0.4080 0.4257 0.4229 0.3870 0.3168 0.2891
0.3360 0.3868 0.4225 0.4258 0.4084 0.3645 0.2652 0.1837 0.2038 0.2562 0.3247 0.3933 0.4243 0.4247 0.4049 0.3565 0.2501 0.1819 0.2092 0.2637 0.3336 0.3995 0.4255 0.4234 0.4009 0.3477 0.2356 0.1814 0.2147 0.2713 0.3421 0.4047 0.4264 0.4220 0.3974 0.3404 0.2263 0.1817 0.2177 0.2747 0.3453 0.4062 0.4265 0.4217 0.3968 0.3394 0.2253 0.1817 0.2200 0.2775 0.3125 0.2775 0.2200 0.1817 0.2253 0.3394 0.3968 0.4217 0.4265 0.4062 0.3453 0.2747 0.2177 0.1817 0.2263 0.3404 0.3974 0.4220 0.4264 0.4047 0.3421 0.2713 0.2147 0.1814 0.2356 0.3477 0.4009 0.4234 0.4255 0.3995 0.3336 0.2637 0.2092 0.1819 0.2501 0.3565 0.4049 0.4247 0.4243 0.3933 0.3247 0.2562 0.2038 0.1837 0.2652 0.3645 0.4084 0.4258 0.4225 0.3868 0.3360
0.3863 0.4241 0.4257 0.4087 0.3653 0.2667 0.1840 0.2033 0.2555 0.3239 0.3926 0.4241 0.4248 0.4052 0.3573 0.2516 0.1820 0.2086 0.2630 0.3327 0.3989 0.4254 0.4235 0.4013 0.3486 0.2369 0.1814 0.2142 0.2706 0.3415 0.4044 0.4263 0.4220 0.3974 0.3402 0.2258 0.1818 0.2181 0.2754 0.3461 0.4066 0.4266 0.4215 0.3964 0.3384 0.2241 0.1818 0.2185 0.2783 0.3499 0.3857 0.3499 0.2783 0.2185 0.1818 0.2241 0.3384 0.3964 0.4215 0.4266 0.4066 0.3461 0.2754 0.2181 0.1818 0.2258 0.3402 0.3974 0.4220 0.4263 0.4044 0.3415 0.2706 0.2142 0.1814 0.2369 0.3486 0.4013 0.4235 0.4254 0.3989 0.3327 0.2630 0.2086 0.1820 0.2516 0.3573 0.4052 0.4248 0.4241 0.3926 0.3239 0.2555 0.2033 0.1840 0.2667 0.3653 0.4087 0.4257 0.4241 0.3863
0.4175 0.4279 0.4090 0.3660 0.2681 0.1842 0.2028 0.2548 0.3230 0.3920 0.4240 0.4250 0.4056 0.3581 0.2530 0.1822 0.2081 0.2622 0.3319 0.3983 0.4253 0.4237 0.4017 0.3494 0.2383 0.1814 0.2137 0.2699 0.3407 0.4040 0.4263 0.4221 0.3976 0.3404 0.2258 0.1818 0.2184 0.2758 0.3467 0.4070 0.4267 0.4213 0.3960 0.3374 0.2228 0.1820 0.2191 0.2765 0.3496 0.4102 0.4238 0.4102 0.3496 0.2765 0.2191 0.1820 0.2228 0.3374 0.3960 0.4213 0.4267 0.4070 0.3467 0.2758 0.2184 0.1818 0.2258 0.3404 0.3976 0.4221 0.4263 0.4040 0.3407 0.2699 0.2137 0.1814 0.2383 0.3494 0.4017 0.4237 0.4253 0.3983 0.3319 0.2622 0.2081 0.1822 0.2530 0.3581 0.4056 0.4250 0.4240 0.3920 0.3230 0.2548 0.2028 0.1842 0.2681 0.3660 0.4090 0.4279 0.4175
0.4286 0.4099 0.3667 0.2696 0.1845 0.2023 0.2541 0.3222 0.3913 0.4239 0.4251 0.4059 0.3589 0.2544 0.1823 0.2076 0.2615 0.3310 0.3978 0.4252 0.4238 0.4021 0.3503 0.2397 0.1814 0.2131 0.2692 0.3399 0.4035 0.4262 0.4223 0.3979 0.3409 0.2263 0.1818 0.2184 0.2760 0.3470 0.4073 0.4267 0.4212 0.3955 0.3364 0.2216 0.1821 0.2197 0.2773 0.3480 0.4084 0.4272 0.4227 0.4272 0.4084 0.3480 0.2773 0.2197 0.1821 0.2216 0.3364 0.3955 0.4212 0.4267 0.4073 0.3470 0.2760 0.2184 0.1818 0.2263 0.3409 0.3979 0.4223 0.4262 0.4035 0.3399 0.2692 0.2131 0.1814 0.2397 0.3503 0.4021 0.4238 0.4252 0.3978 0.3310 0.2615 0.2076 0.1823 0.2544 0.3589 0.4059 0.4251 0.4239 0.3913 0.3222 0.2541 0.2023 0.1845 0.2696 0.3667 0.4099 0.4286
0.4228 0.3675 0.2710 0.1848 0.2018 0.2534 0.3213 0.3907 0.4237 0.4252 0.4062 0.3597 0.2559 0.1825 0.2071 0.2608 0.3302 0.3972 0.4251 0.4239 0.4025 0.3512 0.2411 0.1815 0.2126 0.2684 0.3390 0.4030 0.4261 0.4224 0.3983 0.3418 0.2272 0.1817 0.2181 0.2758 0.3470 0.4074 0.4267 0.4211 0.3952 0.3356 0.2205 0.1822 0.2203 0.2781 0.3489 0.4081 0.4268 0.4189 0.4007 0.4189 0.4268 0.4081 0.3489 0.2781 0.2203 0.1822 0.2205 0.3356 0.3952 0.4211 0.4267 0.4074 0.3470 0.2758 0.2181 0.1817 0.2272 0.3418 0.3983 0.4224 0.4261 0.4030 0.3390 0.2684 0.2126 0.1815 0.2411 0.3512 0.4025 0.4239 0.4251 0.3972 0.3302 0.2608 0.2071 0.1825 0.2559 0.3597 0.4062 0.4252 0.4237 0.3907 0.3213 0.2534 0.2018 0.1848 0.2710 0.3675 0.4228
0.3936 0.2725 0.1851 0.2013 0.2527 0.3205 0.3900 0.4236 0.4253 0.4066 0.3605 0.2573 0.1826 0.2066 0.2601 0.3293 0.3966 0.4250 0.4241 0.4029 0.3520 0.2424 0.1815 0.2120 0.2677 0.3382 0.4025 0.4260 0.4226 0.3987 0.3427 0.2284 0.1816 0.2177 0.2754 0.3467 0.4073 0.4267 0.4211 0.3950 0.3350 0.2197 0.1823 0.2208 0.2789 0.3498 0.4086 0.4268 0.4207 0.3899 0.3504 0.3899 0.4207 0.4268 0.4086 0.3498 0.2789 0.2208 0.1823 0.2197 0.3350 0.3950 0.4211 0.4267 0.4073 0.3467 0.2754 0.2177 0.1816 0.2284 0.3427 0.3987 0.4226 0.4260 0.4025 0.3382 0.2677 0.2120 0.1815 0.2424 0.3520 0.4029 0.4241 0.4250 0.3966 0.3293 0.2601 0.2066 0.1826 0.2573 0.3605 0.4066 0.4253 0.4236 0.3900 0.3205 0.2527 0.2013 0.1851 0.2725 0.3936
0.3183 0.1854 0.2009 0.2521 0.3197 0.3894 0.4234 0.4254 0.4069 0.3612 0.2588 0.1828 0.2060 0.2594 0.3285 0.3960 0.4249 0.4242 0.4032 0.3529 0.2438 0.1816 0.2115 0.2669 0.3373 0.4019 0.4260 0.4227 0.3992 0.3436 0.2297 0.1816 0.2172 0.2747 0.3461 0.4070 0.4267 0.4211 0.3950 0.3348 0.2191 0.1824 0.2212 0.2795 0.3506 0.4091 0.4269 0.4206 0.3939 0.3269 0.2526 0.3269 0.3939 0.4206 0.4269 0.4091 0.3506 0.2795 0.2212 0.1824 0.2191 0.3348 0.3950 0.4211 0.4267 0.4070 0.3461 0.2747 0.2172 0.1816 0.2297 0.3436 0.3992 0.4227 0.4260 0.4019 0.3373 0.2669 0.2115 0.1816 0.2438 0.3529 0.4032 0.4242 0.4249 0.3960 0.3285 0.2594 0.2060 0.1828 0.2588 0.3612 0.4069 0.4254 0.4234 0.3894 0.3197 0.2521 0.2009 0.1854 0.3183
0.2508 0.2004 0.2514 0.3188 0.3887 0.4233 0.4255 0.4073 0.3620 0.2602 0.1830 0.2055 0.2587 0.3276 0.3954 0.4247 0.4243 0.4036 0.3537 0.2453 0.1816 0.2110 0.2662 0.3365 0.4014 0.4259 0.4229 0.3996 0.3446 0.2310 0.1815 0.2167 0.2740 0.3453 0.4066 0.4267 0.4212 0.3952 0.3350 0.2191 0.1825 0.2215 0.2800 0.3512 0.4095 0.4269 0.4204 0.3936 0.3314 0.2149 0.1747 0.2149 0.3314 0.3936 0.4204 0.4269 0.4095 0.3512 0.2800 0.2215 0.1825 0.2191 0.3350 0.3952 0.4212 0.4267 0.4066 0.3453 0.2740 0.2167 0.1815 0.2310 0.3446 0.3996 0.4229 0.4259 0.4014 0.3365 0.2662 0.2110 0.1816 0.2453 0.3537 0.4036 0.4243 0.4247 0.3954 0.3276 0.2587 0.2055 0.1830 0.2602 0.3620 0.4073 0.4255 0.4233 0.3887 0.3188 0.2514 0.2004 0.2508
0.2566 0.2507 0.3180 0.3880 0.4231 0.4256 0.4076 0.3627 0.2617 0.1832 0.2050 0.2579 0.3268 0.3948 0.4246 0.4244 0.4040 0.3545 0.2467 0.1817 0.2104 0.2655 0.3356 0.4008 0.4258 0.4230 0.4000 0.3455 0.2323 0.1815 0.2161 0.2732 0.3444 0.4062 0.4266 0.4213 0.3955 0.3356 0.2197 0.1824 0.2215 0.2801 0.3516 0.4097 0.4270 0.4202 0.3930 0.3309 0.2153 0.1836 0.2006 0.1836 0.2153 0.3309 0.3930 0.4202 0.4270 0.4097 0.3516 0.2801 0.2215 0.1824 0.2197 0.3356 0.3955 0.4213 0.4266 0.4062 0.3444 0.2732 0.2161 0.1815 0.2323 0.3455 0.4000 0.4230 0.4258 0.4008 0.3356 0.2655 0.2104 0.1817 0.2467 0.3545 0.4040 0.4244 0.4246 0.3948 0.3268 0.2579 0.2050 0.1832 0.2617 0.3627 0.4076 0.4256 0.4231 0.3880 0.3180 0.2507 0.2566
0.2893 0.3172 0.3873 0.4229 0.4257 0.4079 0.3635 0.2631 0.1834 0.2045 0.2572 0.3259 0.3942 0.4245 0.4246 0.4043 0.3554 0.2481 0.1818 0.2099 0.2647 0.3348 0.4003 0.4257 0.4232 0.4004 0.3464 0.2336 0.1814 0.2155 0.2725 0.3436 0.4057 0.4265 0.4215 0.3960 0.3364 0.2205 0.1823 0.2212 0.2800 0.3516 0.4098 0.4270 0.4201 0.3927 0.3298 0.2143 0.1845 0.2251 0.2524 0.2251 0.1845 0.2143 0.3298 0.3927 0.4201 0.4270 0.4098 0.3516 0.2800 0.2212 0.1823 0.2205 0.3364 0.3960 0.4215 0.4265 0.4057 0.3436 0.2725 0.2155 0.1814 0.2336 0.3464 0.4004 0.4232 0.4257 0.4003 0.3348 0.2647 0.2099 0.1818 0.2481 0.3554 0.4043 0.4246 0.4245 0.3942 0.3259 0.2572 0.2045 0.1834 0.2631 0.3635 0.4079 0.4257 0.4229 0.3873 0.3172 0.2893
0.3363 0.3871 0.4226 0.4258 0.4082 0.3642 0.2646 0.1836 0.2040 0.2565 0.3251 0.3935 0.4243 0.4247 0.4047 0.3562 0.2495 0.1819 0.2094 0.2640 0.3339 0.3997 0.4256 0.4233 0.4008 0.3473 0.2350 0.1814 0.2150 0.2717 0.3428 0.4052 0.4265 0.4217 0.3964 0.3374 0.2216 0.1822 0.2208 0.2795 0.3512 0.4097 0.4270 0.4200 0.3925 0.3292 0.2135 0.1833 0.2260 0.2856 0.3214 0.2856 0.2260 0.1833 0.2135 0.3292 0.3925 0.4200 0.4270 0.4097 0.3512 0.2795 0.2208 0.1822 0.2216 0.3374 0.3964 0.4217 0.4265 0.4052 0.3428 0.2717 0.2150 0.1814 0.2350 0.3473 0.4008 0.4233 0.4256 0.3997 0.3339 0.2640 0.2094 0.1819 0.2495 0.3562 0.4047 0.4247 0.4243 0.3935 0.3251 0.2565 0.2040 0.1836 0.2646 0.3642 0.4082 0.4258 0.4226 0.3871 0.3363
0.3865 0.4242 0.4257 0.4085 0.3650 0.2660 0.1839 0.2035 0.2558 0.3242 0.3929 0.4242 0.4248 0.4051 0.3570 0.2509 0.1820 0.2089 0.2633 0.3331 0.3992 0.4255 0.4235 0.4012 0.3482 0.2363 0.1814 0.2144 0.2710 0.3419 0.4047 0.4264 0.4219 0.3968 0.3384 0.2228 0.1821 0.2203 0.2789 0.3506 0.4095 0.4270 0.4201 0.3925 0.3290 0.2131 0.1834 0.2243 0.2861 0.3585 0.3929 0.3585 0.2861 0.2243 0.1834 0.2131 0.3290 0.3925 0.4201 0.4270 0.4095 0.3506 0.2789 0.2203 0.1821 0.2228 0.3384 0.3968 0.4219 0.4264 0.4047 0.3419 0.2710 0.2144 0.1814 0.2363 0.3482 0.4012 0.4235 0.4255 0.3992 0.3331 0.2633 0.2089 0.1820 0.2509 0.3570 0.4051 0.4248 0.4242 0.3929 0.3242 0.2558 0.2035 0.1839 0.2660 0.3650 0.4085 0.4257 0.4242 0.3865
0.4176 0.4278 0.4089 0.3657 0.2675 0.1841 0.2030 0.2551 0.3234 0.3923 0.4241 0.4249 0.4054 0.3578 0.2524 0.1821 0.2083 0.2626 0.3322 0.3986 0.4254 0.4236 0.4016 0.3491 0.2377 0.1814 0.2139 0.2702 0.3411 0.4042 0.4263 0.4220 0.3973 0.3394 0.2241 0.1820 0.2197 0.2781 0.3498 0.4091 0.4269 0.4202 0.3927 0.3292 0.2131 0.1835 0.2246 0.2840 0.3577 0.4142 0.4251 0.4142 0.3578 0.2840 0.2247 0.1835 0.2131 0.3292 0.3927 0.4202 0.4269 0.4091 0.3498 0.2781 0.2197 0.1820 0.2241 0.3394 0.3973 0.4220 0.4263 0.4042 0.3411 0.2702 0.2139 0.1814 0.2377 0.3491 0.4016 0.4236 0.4254 0.3986 0.3322 0.2626 0.2083 0.1821 0.2524 0.3578 0.4054 0.4249 0.4241 0.3923 0.3234 0.2551 0.2030 0.1841 0.2675 0.3657 0.4089 0.4278 0.4176
0.4286 0.4098 0.3664 0.2689 0.1844 0.2025 0.2544 0.3225 0.3916 0.4239 0.4250 0.4058 0.3586 0.2538 0.1822 0.2078 0.2618 0.3314 0.3980 0.4253 0.4237 0.4019 0.3499 0.2391 0.1814 0.2134 0.2695 0.3402 0.4037 0.4262 0.4222 0.3977 0.3404 0.2253 0.1819 0.2192 0.2773 0.3490 0.4087 0.4269 0.4204 0.3930 0.3298 0.2135 0.1834 0.2247 0.2843 0.3558 0.4123 0.4273 0.4211 0.4273 0.4122 0.3558 0.2842 0.2246 0.1834 0.2135 0.3298 0.3930 0.4204 0.4269 0.4086 0.3489 0.2773 0.2191 0.1818 0.2253 0.3404 0.3977 0.4222 0.4262 0.4037 0.3402 0.2694 0.2133 0.1814 0.2391 0.3499 0.4019 0.4237 0.4253 0.3980 0.3313 0.2618 0.2078 0.1822 0.2538 0.3586 0.4058 0.4250 0.4239 0.3916 0.3225 0.2544 0.2025 0.1843 0.2689 0.3664 0.4098 0.4286
0.4227 0.3671 0.2704 0.1847 0.2020 0.2537 0.3217 0.3910 0.4238 0.4251 0.4061 0.3594 0.2553 0.1824 0.2073 0.2611 0.3305 0.3974 0.4251 0.4239 0.4023 0.3508 0.2405 0.1814 0.2128 0.2687 0.3394 0.4032 0.4262 0.4223 0.3981 0.3413 0.2266 0.1818 0.2186 0.2766 0.3482 0.4082 0.4268 0.4205 0.3935 0.3308 0.2143 0.1833 0.2244 0.2842 0.3560 0.4118 0.4272 0.4168 0.3968 0.4169 0.4272 0.4117 0.3558 0.2840 0.2243 0.1833 0.2143 0.3309 0.3936 0.4206 0.4268 0.4081 0.3480 0.2765 0.2185 0.1817 0.2266 0.3415 0.3983 0.4224 0.4261 0.4031 0.3392 0.2686 0.2128 0.1814 0.2405 0.3509 0.4024 0.4239 0.4251 0.3973 0.3304 0.2610 0.2072 0.1824 0.2553 0.3595 0.4062 0.4252 0.4237 0.3908 0.3216 0.2536 0.2020 0.1846 0.2704 0.3673 0.4228
0.3933 0.2719 0.1850 0.2015 0.2530 0.3209 0.3903 0.4236 0.4252 0.4064 0.3601 0.2567 0.1826 0.2068 0.2604 0.3297 0.3968 0.4250 0.4240 0.4027 0.3517 0.2418 0.1815 0.2123 0.2680 0.3385 0.4027 0.4261 0.4225 0.3986 0.3423 0.2278 0.1817 0.2180 0.2758 0.3473 0.4078 0.4268 0.4207 0.3939 0.3318 0.2153 0.1831 0.2240 0.2838 0.3558 0.4119 0.4271 0.4190 0.3853 0.3424 0.3849 0.4191 0.4272 0.4123 0.3578 0.2861 0.2260 0.1845 0.2153 0.3314 0.3939 0.4207 0.4268 0.4084 0.3496 0.2783 0.2200 0.1829 0.2276 0.3420 0.3985 0.4225 0.4261 0.4035 0.3409 0.2704 0.2142 0.1826 0.2414 0.3514 0.4027 0.4240 0.4251 0.3979 0.3321 0.2628 0.2086 0.1836 0.2561 0.3599 0.4064 0.4253 0.4237 0.3917 0.3233 0.2553 0.2033 0.1858 0.2710 0.3929
0.3178 0.1853 0.2010 0.2524 0.3200 0.3896 0.4235 0.4253 0.4068 0.3609 0.2581 0.1827 0.2063 0.2597 0.3288 0.3962 0.4249 0.4241 0.4031 0.3525 0.2432 0.1815 0.2117 0.2672 0.3377 0.4021 0.4260 0.4227 0.3990 0.3432 0.2291 0.1816 0.2175 0.2751 0.3465 0.4073 0.4267 0.4209 0.3944 0.3329 0.2164 0.1829 0.2234 0.2831 0.3552 0.4117 0.4271 0.4191 0.3901 0.3180 0.2398 0.3092 0.3843 0.4169 0.4272 0.4142 0.3585 0.2856 0.2251 0.1836 0.2149 0.3269 0.3899 0.4189 0.4272 0.4102 0.3499 0.2775 0.2190 0.1821 0.2273 0.3371 0.3948 0.4209 0.4267 0.4053 0.3410 0.2696 0.2132 0.1818 0.2412 0.3464 0.3992 0.4226 0.4260 0.3995 0.3321 0.2619 0.2076 0.1828 0.2560 0.3549 0.4032 0.4241 0.4249 0.3931 0.3232 0.2545 0.2025 0.1850 0.3153
0.2507 0.2006 0.2517 0.3192 0.3890 0.4233 0.4254 0.4071 0.3617 0.2596 0.1829 0.2058 0.2590 0.3280 0.3956 0.4248 0.4243 0.4035 0.3534 0.2447 0.1816 0.2112 0.2665 0.3368 0.4016 0.4259 0.4228 0.3994 0.3442 0.2304 0.1815 0.2169 0.2743 0.3456 0.4068 0.4267 0.4211 0.3949 0.3339 0.2176 0.1828 0.2229 0.2823 0.3544 0.4113 0.4271 0.4191 0.3903 0.3233 0.2066 0.1730 0.2761 0.3436 0.3961 0.4212 0.4251 0.3929 0.3214 0.2524 0.2006 0.1747 0.2526 0.3504 0.4007 0.4227 0.4238 0.3857 0.3125 0.2452 0.1955 0.1770 0.2668 0.3584 0.4045 0.4240 0.4219 0.3777 0.3037 0.2383 0.1908 0.1813 0.2807 0.3658 0.4080 0.4251 0.4194 0.3694 0.2950 0.2317 0.1862 0.1877 0.2941 0.3727 0.4111 0.4259 0.4162 0.3607 0.2866 0.2256 0.1821 0.2574
0.2566 0.2509 0.3183 0.3883 0.4232 0.4255 0.4074 0.3624 0.2610 0.1831 0.2052 0.2582 0.3271 0.3950 0.4247 0.4244 0.4038 0.3542 0.2461 0.1816 0.2106 0.2657 0.3359 0.4010 0.4258 0.4230 0.3998 0.3451 0.2317 0.1815 0.2163 0.2735 0.3447 0.4064 0.4266 0.4213 0.3953 0.3350 0.2187 0.1825 0.2222 0.2815 0.3535 0.4109 0.4271 0.4193 0.3904 0.3242 0.2087 0.1763 0.2245 0.4061 0.3871 0.4155 0.4273 0.4142 0.3585 0.2856 0.2251 0.1836 0.2149 0.3269 0.3899 0.4189 0.4272 0.4102 0.3499 0.2775 0.2190 0.1821 0.2273 0.3371 0.3948 0.4209 0.4267 0.4053 0.3410 0.2696 0.2132 0.1818 0.2412 0.3464 0.3992 0.4226 0.4260 0.3995 0.3321 0.2619 0.2076 0.1828 0.2560 0.3549 0.4032 0.4241 0.4249 0.3931 0.3232 0.2545 0.2025 0.1850 0.3153
0.2895 0.3174 0.3875 0.4230 0.4257 0.4079 0.3633 0.2625 0.1833 0.2047 0.2575 0.3262 0.3943 0.4245 0.4246 0.4043 0.3552 0.2475 0.1817 0.2101 0.2650 0.3350 0.4004 0.4257 0.4232 0.4003 0.3461 0.2331 0.1814 0.2157 0.2727 0.3438 0.4058 0.4265 0.4215 0.3959 0.3361 0.2199 0.1824 0.2216 0.2807 0.3526 0.4104 0.4271 0.4196 0.3910 0.3249 0.2089 0.1856 0.2195 0.2788 0.4322 0.4214 0.4276 0.4125 0.3575 0.2861 0.2260 0.1845 0.2153 0.3314 0.3939 0.4207 0.4268 0.4084 0.3496 0.2783 0.2200 0.1829 0.2276 0.3420 0.3985 0.4225 0.4261 0.4035 0.3409 0.2704 0.2142 0.1826 0.2414 0.3514 0.4027 0.4240 0.4251 0.3979 0.3321 0.2628 0.2086 0.1836 0.2561 0.3599 0.4064 0.4253 0.4237 0.3917 0.3233 0.2553 0.2033 0.1858 0.2710 0.3929
0.3391 0.3889 0.4228 0.4258 0.4080 0.3637 0.2633 0.1845 0.2060 0.2592 0.3279 0.3950 0.4244 0.4246 0.4045 0.3556 0.2484 0.1829 0.2115 0.2667 0.3367 0.4009 0.4257 0.4233 0.4006 0.3466 0.2340 0.1826 0.2172 0.2745 0.3454 0.4062 0.4265 0.4216 0.3962 0.3366 0.2209 0.1836 0.2231 0.2825 0.3541 0.4107 0.4271 0.4197 0.3913 0.3254 0.2098 0.1861 0.2298 0.2817 0.3543 0.4306 0.4277 0.4130 0.3554 0.2837 0.2243 0.1833 0.2143 0.3309 0.3936 0.4206 0.4268 0.4081 0.3480 0.2765 0.2185 0.1817 0.2266 0.3415 0.3983 0.4224 0.4261 0.4031 0.3392 0.2686 0.2128 0.1814 0.2405 0.3509 0.4024 0.4239 0.4251 0.3973 0.3304 0.2610 0.2072 0.1824 0.2553 0.3595 0.4062 0.4252 0.4237 0.3908 0.3216 0.2536 0.2020 0.1846 0.2704 0.3673 0.4228
0.3893 0.4261 0.4246 0.4049 0.3586 0.2632 0.1837 0.2050 0.2583 0.3278 0.3965 0.4255 0.4234 0.4012 0.3505 0.2482 0.1821 0.2105 0.2659 0.3367 0.4026 0.4264 0.4218 0.3969 0.3416 0.2338 0.1818 0.2162 0.2737 0.3457 0.4079 0.4270 0.4199 0.3923 0.3319 0.2206 0.1827 0.2221 0.2817 0.3545 0.4125 0.4273 0.4177 0.3871 0.3210 0.2092 0.1849 0.2283 0.2898 0.3646 0.4169 0.4268 0.4157 0.3574 0.2835 0.2246 0.1835 0.2135 0.3298 0.3930 0.4204 0.4269 0.4086 0.3489 0.2773 0.2191 0.1818 0.2253 0.3404 0.3977 0.4222 0.4262 0.4037 0.3402 0.2694 0.2133 0.1814 0.2391 0.3499 0.4019 0.4237 0.4253 0.3980 0.3313 0.2618 0.2078 0.1822 0.2538 0.3586 0.4058 0.4250 0.4239 0.3916 0.3225 0.2544 0.2025 0.1843 0.2689 0.3664 0.4098 0.4286
0.4071 0.4278 0.4123 0.3757 0.3005 0.1917 0.1841 0.2284 0.2908 0.3651 0.4179 0.4255 0.4096 0.3693 0.2874 0.1842 0.1885 0.2350 0.2993 0.3736 0.4207 0.4246 0.4063 0.3622 0.2738 0.1789 0.1931 0.2417 0.3081 0.3818 0.4229 0.4234 0.4027 0.3545 0.2597 0.1756 0.1980 0.2488 0.3170 0.3893 0.4245 0.4219 0.3988 0.3466 0.2465 0.1742 0.2024 0.2548 0.3253 0.3970 0.4238 0.4175 0.3618 0.2831 0.2244 0.1836 0.2131 0.3292 0.3927 0.4202 0.4269 0.4091 0.3498 0.2781 0.2197 0.1820 0.2241 0.3394 0.3973 0.4220 0.4263 0.4042 0.3411 0.2702 0.2139 0.1814 0.2377 0.3491 0.4016 0.4236 0.4254 0.3986 0.3322 0.2626 0.2083 0.1821 0.2524 0.3578 0.4054 0.4249 0.4241 0.3923 0.3234 0.2551 0.2030 0.1841 0.2675 0.3657 0.4089 0.4278 0.4176
