0.0028 0.0187 0.0534 0.1696 0.5318 1.0000 1.0000 1.0000 0.0006 0.0017 0.0055 0.0172 0.0542 0.1702 0.5349 1.0000 1.0000 1.0000 0.0006 0.0018 0.0055 0.0173 0.0545 0.1712 0.5380 1.0000 1.0000 1.0000 0.0006 0.0018 0.0056 0.0174 0.0548 0.1722 0.5410 1.0000 1.0000 1.0000 0.0006 0.0018 0.0056 0.0175 0.0551 0.1732 0.5441 1.0000 1.0000 1.0000 0.0006 0.0021 0.0050 0.0021 0.0006 1.0000 1.0000 1.0000 0.5441 0.1732 0.0551 0.0175 0.0056 0.0018 0.0006 1.0000 1.0000 1.0000 0.5410 0.1722 0.0548 0.0174 0.0056 0.0018 0.0006 1.0000 1.0000 1.0000 0.5380 0.1712 0.0545 0.0173 0.0055 0.0018 0.0006 1.0000 1.0000 1.0000 0.5349 0.1702 0.0542 0.0172 0.0055 0.0017 0.0006 1.0000 1.0000 1.0000 0.5318 0.1696 0.0534 0.0187 0.0028
0.0187 0.1207 0.3395 1.0000 1.0000 1.0000 1.0000 0.0011 0.0036 0.0112 0.0351 0.1105 0.3474 1.0000 1.0000 1.0000 1.0000 0.0011 0.0036 0.0113 0.0354 0.1112 0.3493 1.0000 1.0000 1.0000 1.0000 0.0011 0.0036 0.0113 0.0356 0.1118 0.3513 1.0000 1.0000 1.0000 1.0000 0.0012 0.0036 0.0114 0.0358 0.1125 0.3534 1.0000 1.0000 1.0000 1.0000 0.0012 0.0037 0.0133 0.0300 0.0133 0.0037 0.0012 1.0000 1.0000 1.0000 1.0000 0.3534 0.1125 0.0358 0.0114 0.0036 0.0012 1.0000 1.0000 1.0000 1.0000 0.3513 0.1118 0.0356 0.0113 0.0036 0.0011 1.0000 1.0000 1.0000 1.0000 0.3493 0.1112 0.0354 0.0113 0.0036 0.0011 1.0000 1.0000 1.0000 1.0000 0.3474 0.1105 0.0351 0.0112 0.0036 0.0011 1.0000 1.0000 1.0000 1.0000 0.3395 0.1207 0.0187
0.0534 0.3395 0.9830 1.0000 1.0000 1.0000 0.0010 0.0033 0.0103 0.0324 0.1021 0.3213 1.0000 1.0000 1.0000 1.0000 0.0011 0.0033 0.0104 0.0327 0.1028 0.3225 1.0000 1.0000 1.0000 1.0000 0.0011 0.0033 0.0105 0.0329 0.1032 0.3250 1.0000 1.0000 1.0000 1.0000 0.0011 0.0033 0.0105 0.0330 0.1040 0.3262 1.0000 1.0000 1.0000 1.0000 0.0011 0.0034 0.0106 0.0385 0.0863 0.0385 0.0106 0.0034 0.0011 1.0000 1.0000 1.0000 1.0000 0.3262 0.1040 0.0330 0.0105 0.0033 0.0011 1.0000 1.0000 1.0000 1.0000 0.3250 0.1032 0.0329 0.0105 0.0033 0.0011 1.0000 1.0000 1.0000 1.0000 0.3225 0.1028 0.0327 0.0104 0.0033 0.0011 1.0000 1.0000 1.0000 1.0000 0.3213 0.1021 0.0324 0.0103 0.0033 0.0010 1.0000 1.0000 1.0000 0.9830 0.3395 0.0534
0.1696 1.0000 1.0000 1.0000 1.0000 0.0011 0.0034 0.0106 0.0333 0.1046 0.3287 1.0000 1.0000 1.0000 1.0000 0.0011 0.0034 0.0107 0.0335 0.1054 0.3312 1.0000 1.0000 1.0000 1.0000 0.0011 0.0034 0.0107 0.0337 0.1060 0.3331 1.0000 1.0000 1.0000 1.0000 0.0011 0.0034 0.0108 0.0339 0.1066 0.3350 1.0000 1.0000 1.0000 1.0000 0.0011 0.0035 0.0108 0.0342 0.1239 0.2770 0.1239 0.0342 0.0108 0.0035 0.0011 1.0000 1.0000 1.0000 1.0000 0.3350 0.1066 0.0339 0.0108 0.0034 0.0011 1.0000 1.0000 1.0000 1.0000 0.3331 0.1060 0.0337 0.0107 0.0034 0.0011 1.0000 1.0000 1.0000 1.0000 0.3312 0.1054 0.0335 0.0107 0.0034 0.0011 1.0000 1.0000 1.0000 1.0000 0.3287 0.1046 0.0333 0.0106 0.0034 0.0011 1.0000 1.0000 1.0000 1.0000 0.1696
0.5318 1.0000 1.0000 1.0000 0.0011 0.0034 0.0107 0.0337 0.1058 0.3325 1.0000 1.0000 1.0000 1.0000 0.0011 0.0034 0.0108 0.0339 0.1066 0.3350 1.0000 1.0000 1.0000 1.0000 0.0011 0.0035 0.0109 0.0341 0.1072 0.3369 1.0000 1.0000 1.0000 1.0000 0.0011 0.0035 0.0109 0.0343 0.1078 0.3389 1.0000 1.0000 1.0000 1.0000 0.0011 0.0035 0.0110 0.0344 0.1089 0.3931 0.8787 0.3931 0.1089 0.0344 0.0110 0.0035 0.0011 1.0000 1.0000 1.0000 1.0000 0.3389 0.1078 0.0343 0.0109 0.0035 0.0011 1.0000 1.0000 1.0000 1.0000 0.3369 0.1072 0.0341 0.0109 0.0035 0.0011 1.0000 1.0000 1.0000 1.0000 0.3350 0.1066 0.0339 0.0108 0.0034 0.0011 1.0000 1.0000 1.0000 1.0000 0.3325 0.1058 0.0337 0.0107 0.0034 0.0011 1.0000 1.0000 1.0000 0.5318
1.0000 1.0000 1.0000 0.0011 0.0034 0.0107 0.0339 0.1070 0.3369 1.0000 1.0000 1.0000 1.0000 0.0011 0.0035 0.0109 0.0344 0.1081 0.3395 1.0000 1.0000 1.0000 1.0000 0.0011 0.0035 0.0110 0.0346 0.1087 0.3415 1.0000 1.0000 1.0000 1.0000 0.0011 0.0035 0.0111 0.0348 0.1093 0.3434 1.0000 1.0000 1.0000 1.0000 0.0011 0.0035 0.0111 0.0350 0.1095 0.3467 1.0000 1.0000 1.0000 0.3467 0.1095 0.0350 0.0111 0.0035 0.0011 1.0000 1.0000 1.0000 1.0000 0.3434 0.1093 0.0348 0.0111 0.0035 0.0011 1.0000 1.0000 1.0000 1.0000 0.3415 0.1087 0.0346 0.0110 0.0035 0.0011 1.0000 1.0000 1.0000 1.0000 0.3395 0.1081 0.0344 0.0109 0.0035 0.0011 1.0000 1.0000 1.0000 1.0000 0.3369 0.1070 0.0339 0.0107 0.0034 0.0011 1.0000 1.0000 1.0000
1.0000 1.0000 0.0010 0.0034 0.0107 0.0339 0.1074 0.3395 1.0000 1.0000 1.0000 1.0000 0.0011 0.0035 0.0111 0.0349 0.1095 0.3441 1.0000 1.0000 1.0000 1.0000 0.0011 0.0036 0.0112 0.0350 0.1101 0.3460 1.0000 1.0000 1.0000 1.0000 0.0011 0.0036 0.0112 0.0353 0.1108 0.3480 1.0000 1.0000 1.0000 1.0000 0.0011 0.0036 0.0113 0.0355 0.1114 0.3487 1.0000 1.0000 1.0000 1.0000 1.0000 0.3487 0.1114 0.0355 0.0113 0.0036 0.0011 1.0000 1.0000 1.0000 1.0000 0.3480 0.1108 0.0353 0.0112 0.0036 0.0011 1.0000 1.0000 1.0000 1.0000 0.3460 0.1101 0.0350 0.0112 0.0036 0.0011 1.0000 1.0000 1.0000 1.0000 0.3441 0.1095 0.0349 0.0111 0.0035 0.0011 1.0000 1.0000 1.0000 1.0000 0.3395 0.1074 0.0339 0.0107 0.0034 0.0010 1.0000 1.0000
1.0000 0.0011 0.0033 0.0106 0.0337 0.1070 0.3395 1.0000 1.0000 1.0000 1.0000 0.0011 0.0036 0.0112 0.0353 0.1110 0.3487 1.0000 1.0000 1.0000 1.0000 0.0011 0.0036 0.0113 0.0355 0.1116 0.3507 1.0000 1.0000 1.0000 1.0000 0.0012 0.0036 0.0114 0.0357 0.1122 0.3527 1.0000 1.0000 1.0000 1.0000 0.0012 0.0036 0.0114 0.0359 0.1129 0.3547 1.0000 1.0000 1.0000 1.0000 1.0000 1.0000 1.0000 0.3547 0.1129 0.0359 0.0114 0.0036 0.0012 1.0000 1.0000 1.0000 1.0000 0.3527 0.1122 0.0357 0.0114 0.0036 0.0012 1.0000 1.0000 1.0000 1.0000 0.3507 0.1116 0.0355 0.0113 0.0036 0.0011 1.0000 1.0000 1.0000 1.0000 0.3487 0.1110 0.0353 0.0112 0.0036 0.0011 1.0000 1.0000 1.0000 1.0000 0.3395 0.1070 0.0337 0.0106 0.0033 0.0011 1.0000
0.0006 0.0036 0.0103 0.0333 0.1058 0.3369 1.0000 1.0000 1.0000 1.0000 0.0011 0.0036 0.0114 0.0358 0.1125 0.3534 1.0000 1.0000 1.0000 1.0000 0.0012 0.0036 0.0115 0.0360 0.1131 0.3554 1.0000 1.0000 1.0000 1.0000 0.0012 0.0037 0.0115 0.0362 0.1137 0.3574 1.0000 1.0000 1.0000 1.0000 0.0012 0.0037 0.0116 0.0364 0.1144 0.3595 1.0000 1.0000 1.0000 1.0000 0.0010 1.0000 1.0000 1.0000 1.0000 0.3595 0.1144 0.0364 0.0116 0.0037 0.0012 1.0000 1.0000 1.0000 1.0000 0.3574 0.1137 0.0362 0.0115 0.0037 0.0012 1.0000 1.0000 1.0000 1.0000 0.3554 0.1131 0.0360 0.0115 0.0036 0.0012 1.0000 1.0000 1.0000 1.0000 0.3534 0.1125 0.0358 0.0114 0.0036 0.0011 1.0000 1.0000 1.0000 1.0000 0.3369 0.1058 0.0333 0.0103 0.0036 0.0006
0.0017 0.0112 0.0324 0.1046 0.3325 1.0000 1.0000 1.0000 1.0000 0.0012 0.0036 0.0115 0.0361 0.1137 0.3581 1.0000 1.0000 1.0000 1.0000 0.0012 0.0037 0.0116 0.0365 0.1146 0.3601 1.0000 1.0000 1.0000 1.0000 0.0012 0.0037 0.0117 0.0367 0.1153 0.3622 1.0000 1.0000 1.0000 1.0000 0.0012 0.0037 0.0117 0.0369 0.1159 0.3643 1.0000 1.0000 1.0000 1.0000 0.0014 0.0031 0.0014 1.0000 1.0000 1.0000 1.0000 0.3643 0.1159 0.0369 0.0117 0.0037 0.0012 1.0000 1.0000 1.0000 1.0000 0.3622 0.1153 0.0367 0.0117 0.0037 0.0012 1.0000 1.0000 1.0000 1.0000 0.3601 0.1146 0.0365 0.0116 0.0037 0.0012 1.0000 1.0000 1.0000 1.0000 0.3581 0.1137 0.0361 0.0115 0.0036 0.0012 1.0000 1.0000 1.0000 1.0000 0.3325 0.1046 0.0324 0.0112 0.0017
0.0055 0.0351 0.1021 0.3287 1.0000 1.0000 1.0000 1.0000 0.0011 0.0036 0.0115 0.0364 0.1148 0.3615 1.0000 1.0000 1.0000 1.0000 0.0012 0.0037 0.0118 0.0370 0.1162 0.3650 1.0000 1.0000 1.0000 1.0000 0.0012 0.0038 0.0118 0.0372 0.1168 0.3671 1.0000 1.0000 1.0000 1.0000 0.0012 0.0038 0.0119 0.0374 0.1175 0.3692 1.0000 1.0000 1.0000 1.0000 0.0012 0.0044 0.0098 0.0044 0.0012 1.0000 1.0000 1.0000 1.0000 0.3692 0.1175 0.0374 0.0119 0.0038 0.0012 1.0000 1.0000 1.0000 1.0000 0.3671 0.1168 0.0372 0.0118 0.0038 0.0012 1.0000 1.0000 1.0000 1.0000 0.3650 0.1162 0.0370 0.0118 0.0037 0.0012 1.0000 1.0000 1.0000 1.0000 0.3615 0.1148 0.0364 0.0115 0.0036 0.0011 1.0000 1.0000 1.0000 1.0000 0.3287 0.1021 0.0351 0.0055
0.0172 0.1105 0.3213 1.0000 1.0000 1.0000 1.0000 0.0011 0.0036 0.0115 0.0364 0.1153 0.3643 1.0000 1.0000 1.0000 1.0000 0.0012 0.0038 0.0119 0.0375 0.1177 0.3699 1.0000 1.0000 1.0000 1.0000 0.0012 0.0038 0.0120 0.0377 0.1184 0.3720 1.0000 1.0000 1.0000 1.0000 0.0012 0.0038 0.0121 0.0379 0.1191 0.3741 1.0000 1.0000 1.0000 1.0000 0.0012 0.0039 0.0140 0.0313 0.0140 0.0039 0.0012 1.0000 1.0000 1.0000 1.0000 0.3741 0.1191 0.0379 0.0121 0.0038 0.0012 1.0000 1.0000 1.0000 1.0000 0.3720 0.1184 0.0377 0.0120 0.0038 0.0012 1.0000 1.0000 1.0000 1.0000 0.3699 0.1177 0.0375 0.0119 0.0038 0.0012 1.0000 1.0000 1.0000 1.0000 0.3643 0.1153 0.0364 0.0115 0.0036 0.0011 1.0000 1.0000 1.0000 1.0000 0.3213 0.1105 0.0172
0.0542 0.3474 1.0000 1.0000 1.0000 1.0000 0.0011 0.0036 0.0114 0.0361 0.1148 0.3643 1.0000 1.0000 1.0000 1.0000 0.0012 0.0038 0.0121 0.0380 0.1193 0.3748 1.0000 1.0000 1.0000 1.0000 0.0012 0.0039 0.0122 0.0382 0.1200 0.3770 1.0000 1.0000 1.0000 1.0000 0.0012 0.0039 0.0122 0.0384 0.1207 0.3791 1.0000 1.0000 1.0000 1.0000 0.0012 0.0039 0.0123 0.0446 0.0996 0.0446 0.0123 0.0039 0.0012 1.0000 1.0000 1.0000 1.0000 0.3791 0.1207 0.0384 0.0122 0.0039 0.0012 1.0000 1.0000 1.0000 1.0000 0.3770 0.1200 0.0382 0.0122 0.0039 0.0012 1.0000 1.0000 1.0000 1.0000 0.3748 0.1193 0.0380 0.0121 0.0038 0.0012 1.0000 1.0000 1.0000 1.0000 0.3643 0.1148 0.0361 0.0114 0.0036 0.0011 1.0000 1.0000 1.0000 1.0000 0.3474 0.0542
0.1702 1.0000 1.0000 1.0000 1.0000 0.0011 0.0035 0.0112 0.0358 0.1137 0.3615 1.0000 1.0000 1.0000 1.0000 0.0012 0.0039 0.0122 0.0385 0.1209 0.3798 1.0000 1.0000 1.0000 1.0000 0.0012 0.0039 0.0123 0.0387 0.1216 0.3820 1.0000 1.0000 1.0000 1.0000 0.0013 0.0039 0.0124 0.0389 0.1223 0.3842 1.0000 1.0000 1.0000 1.0000 0.0013 0.0040 0.0124 0.0393 0.1421 0.3171 0.1421 0.0393 0.0124 0.0040 0.0013 1.0000 1.0000 1.0000 1.0000 0.3842 0.1223 0.0389 0.0124 0.0039 0.0013 1.0000 1.0000 1.0000 1.0000 0.3820 0.1216 0.0387 0.0123 0.0039 0.0012 1.0000 1.0000 1.0000 1.0000 0.3798 0.1209 0.0385 0.0122 0.0039 0.0012 1.0000 1.0000 1.0000 1.0000 0.3615 0.1137 0.0358 0.0112 0.0035 0.0011 1.0000 1.0000 1.0000 1.0000 0.1702
0.5349 1.0000 1.0000 1.0000 0.0011 0.0035 0.0111 0.0353 0.1125 0.3581 1.0000 1.0000 1.0000 1.0000 0.0012 0.0039 0.0123 0.0388 0.1223 0.3849 1.0000 1.0000 1.0000 1.0000 0.0013 0.0040 0.0125 0.0392 0.1232 0.3871 1.0000 1.0000 1.0000 1.0000 0.0013 0.0040 0.0126 0.0394 0.1239 0.3893 1.0000 1.0000 1.0000 1.0000 0.0013 0.0040 0.0126 0.0395 0.1251 0.4525 1.0000 0.4525 0.1251 0.0395 0.0126 0.0040 0.0013 1.0000 1.0000 1.0000 1.0000 0.3893 0.1239 0.0394 0.0126 0.0040 0.0013 1.0000 1.0000 1.0000 1.0000 0.3871 0.1232 0.0392 0.0125 0.0040 0.0013 1.0000 1.0000 1.0000 1.0000 0.3849 0.1223 0.0388 0.0123 0.0039 0.0012 1.0000 1.0000 1.0000 1.0000 0.3581 0.1125 0.0353 0.0111 0.0035 0.0011 1.0000 1.0000 1.0000 0.5349
1.0000 1.0000 1.0000 0.0011 0.0034 0.0109 0.0349 0.1110 0.3534 1.0000 1.0000 1.0000 1.0000 0.0012 0.0039 0.0124 0.0391 0.1234 0.3886 1.0000 1.0000 1.0000 1.0000 0.0013 0.0040 0.0126 0.0397 0.1249 0.3923 1.0000 1.0000 1.0000 1.0000 0.0013 0.0040 0.0127 0.0400 0.1256 0.3946 1.0000 1.0000 1.0000 1.0000 0.0013 0.0041 0.0128 0.0402 0.1258 0.3983 1.0000 1.0000 1.0000 0.3983 0.1258 0.0402 0.0128 0.0041 0.0013 1.0000 1.0000 1.0000 1.0000 0.3946 0.1256 0.0400 0.0127 0.0040 0.0013 1.0000 1.0000 1.0000 1.0000 0.3923 0.1249 0.0397 0.0126 0.0040 0.0013 1.0000 1.0000 1.0000 1.0000 0.3886 0.1234 0.0391 0.0124 0.0039 0.0012 1.0000 1.0000 1.0000 1.0000 0.3534 0.1110 0.0349 0.0109 0.0034 0.0011 1.0000 1.0000 1.0000
1.0000 1.0000 0.0011 0.0034 0.0108 0.0344 0.1095 0.3487 1.0000 1.0000 1.0000 1.0000 0.0012 0.0039 0.0123 0.0391 0.1239 0.3916 1.0000 1.0000 1.0000 1.0000 0.0013 0.0041 0.0128 0.0403 0.1265 0.3976 1.0000 1.0000 1.0000 1.0000 0.0013 0.0041 0.0129 0.0405 0.1273 0.3998 1.0000 1.0000 1.0000 1.0000 0.0013 0.0041 0.0130 0.0407 0.1280 0.4006 1.0000 1.0000 1.0000 1.0000 1.0000 0.4006 0.1280 0.0407 0.0130 0.0041 0.0013 1.0000 1.0000 1.0000 1.0000 0.3998 0.1273 0.0405 0.0129 0.0041 0.0013 1.0000 1.0000 1.0000 1.0000 0.3976 0.1265 0.0403 0.0128 0.0041 0.0013 1.0000 1.0000 1.0000 1.0000 0.3916 0.1239 0.0391 0.0123 0.0039 0.0012 1.0000 1.0000 1.0000 1.0000 0.3487 0.1095 0.0344 0.0108 0.0034 0.0011 1.0000 1.0000
1.0000 0.0011 0.0033 0.0107 0.0339 0.1081 0.3441 1.0000 1.0000 1.0000 1.0000 0.0012 0.0038 0.0122 0.0388 0.1234 0.3916 1.0000 1.0000 1.0000 1.0000 0.0013 0.0041 0.0130 0.0408 0.1282 0.4029 1.0000 1.0000 1.0000 1.0000 0.0013 0.0042 0.0131 0.0410 0.1290 0.4052 1.0000 1.0000 1.0000 1.0000 0.0013 0.0042 0.0131 0.0413 0.1297 0.4075 1.0000 1.0000 1.0000 1.0000 1.0000 1.0000 1.0000 0.4075 0.1297 0.0413 0.0131 0.0042 0.0013 1.0000 1.0000 1.0000 1.0000 0.4052 0.1290 0.0410 0.0131 0.0042 0.0013 1.0000 1.0000 1.0000 1.0000 0.4029 0.1282 0.0408 0.0130 0.0041 0.0013 1.0000 1.0000 1.0000 1.0000 0.3916 0.1234 0.0388 0.0122 0.0038 0.0012 1.0000 1.0000 1.0000 1.0000 0.3441 0.1081 0.0339 0.0107 0.0033 0.0011 1.0000
0.0006 0.0036 0.0104 0.0335 0.1066 0.3395 1.0000 1.0000 1.0000 1.0000 0.0012 0.0038 0.0121 0.0385 0.1223 0.3886 1.0000 1.0000 1.0000 1.0000 0.0013 0.0042 0.0131 0.0414 0.1299 0.4083 1.0000 1.0000 1.0000 1.0000 0.0013 0.0042 0.0132 0.0416 0.1307 0.4106 1.0000 1.0000 1.0000 1.0000 0.0013 0.0042 0.0133 0.0418 0.1314 0.4130 1.0000 1.0000 1.0000 1.0000 0.0011 1.0000 1.0000 1.0000 1.0000 0.4130 0.1314 0.0418 0.0133 0.0042 0.0013 1.0000 1.0000 1.0000 1.0000 0.4106 0.1307 0.0416 0.0132 0.0042 0.0013 1.0000 1.0000 1.0000 1.0000 0.4083 0.1299 0.0414 0.0131 0.0042 0.0013 1.0000 1.0000 1.0000 1.0000 0.3886 0.1223 0.0385 0.0121 0.0038 0.0012 1.0000 1.0000 1.0000 1.0000 0.3395 0.1066 0.0335 0.0104 0.0036 0.0006
0.0018 0.0113 0.0327 0.1054 0.3350 1.0000 1.0000 1.0000 1.0000 0.0012 0.0037 0.0119 0.0380 0.1209 0.3849 1.0000 1.0000 1.0000 1.0000 0.0013 0.0042 0.0133 0.0418 0.1314 0.4138 1.0000 1.0000 1.0000 1.0000 0.0014 0.0043 0.0134 0.0422 0.1324 0.4161 1.0000 1.0000 1.0000 1.0000 0.0014 0.0043 0.0135 0.0424 0.1332 0.4185 1.0000 1.0000 1.0000 1.0000 0.0016 0.0035 0.0016 1.0000 1.0000 1.0000 1.0000 0.4185 0.1332 0.0424 0.0135 0.0043 0.0014 1.0000 1.0000 1.0000 1.0000 0.4161 0.1324 0.0422 0.0134 0.0043 0.0014 1.0000 1.0000 1.0000 1.0000 0.4138 0.1314 0.0418 0.0133 0.0042 0.0013 1.0000 1.0000 1.0000 1.0000 0.3849 0.1209 0.0380 0.0119 0.0037 0.0012 1.0000 1.0000 1.0000 1.0000 0.3350 0.1054 0.0327 0.0113 0.0018
0.0055 0.0354 0.1028 0.3312 1.0000 1.0000 1.0000 1.0000 0.0012 0.0037 0.0118 0.0375 0.1193 0.3798 1.0000 1.0000 1.0000 1.0000 0.0013 0.0042 0.0133 0.0421 0.1327 0.4177 1.0000 1.0000 1.0000 1.0000 0.0014 0.0043 0.0136 0.0427 0.1342 0.4217 1.0000 1.0000 1.0000 1.0000 0.0014 0.0044 0.0137 0.0430 0.1350 0.4241 1.0000 1.0000 1.0000 1.0000 0.0014 0.0051 0.0113 0.0051 0.0014 1.0000 1.0000 1.0000 1.0000 0.4241 0.1350 0.0430 0.0137 0.0044 0.0014 1.0000 1.0000 1.0000 1.0000 0.4217 0.1342 0.0427 0.0136 0.0043 0.0014 1.0000 1.0000 1.0000 1.0000 0.4177 0.1327 0.0421 0.0133 0.0042 0.0013 1.0000 1.0000 1.0000 1.0000 0.3798 0.1193 0.0375 0.0118 0.0037 0.0012 1.0000 1.0000 1.0000 1.0000 0.3312 0.1028 0.0354 0.0055
0.0173 0.1112 0.3225 1.0000 1.0000 1.0000 1.0000 0.0011 0.0036 0.0116 0.0370 0.1177 0.3748 1.0000 1.0000 1.0000 1.0000 0.0013 0.0042 0.0133 0.0421 0.1332 0.4209 1.0000 1.0000 1.0000 1.0000 0.0014 0.0044 0.0138 0.0433 0.1360 0.4274 1.0000 1.0000 1.0000 1.0000 0.0014 0.0044 0.0139 0.0435 0.1368 0.4298 1.0000 1.0000 1.0000 1.0000 0.0014 0.0045 0.0161 0.0359 0.0161 0.0045 0.0014 1.0000 1.0000 1.0000 1.0000 0.4298 0.1368 0.0435 0.0139 0.0044 0.0014 1.0000 1.0000 1.0000 1.0000 0.4274 0.1360 0.0433 0.0138 0.0044 0.0014 1.0000 1.0000 1.0000 1.0000 0.4209 0.1332 0.0421 0.0133 0.0042 0.0013 1.0000 1.0000 1.0000 1.0000 0.3748 0.1177 0.0370 0.0116 0.0036 0.0011 1.0000 1.0000 1.0000 1.0000 0.3225 0.1112 0.0173
0.0545 0.3493 1.0000 1.0000 1.0000 1.0000 0.0011 0.0036 0.0115 0.0365 0.1162 0.3699 1.0000 1.0000 1.0000 1.0000 0.0013 0.0041 0.0131 0.0418 0.1327 0.4209 1.0000 1.0000 1.0000 1.0000 0.0014 0.0044 0.0140 0.0439 0.1378 0.4331 1.0000 1.0000 1.0000 1.0000 0.0014 0.0045 0.0140 0.0441 0.1386 0.4356 1.0000 1.0000 1.0000 1.0000 0.0014 0.0045 0.0142 0.0513 0.1144 0.0513 0.0142 0.0045 0.0014 1.0000 1.0000 1.0000 1.0000 0.4356 0.1386 0.0441 0.0140 0.0045 0.0014 1.0000 1.0000 1.0000 1.0000 0.4331 0.1378 0.0439 0.0140 0.0044 0.0014 1.0000 1.0000 1.0000 1.0000 0.4209 0.1327 0.0418 0.0131 0.0041 0.0013 1.0000 1.0000 1.0000 1.0000 0.3699 0.1162 0.0365 0.0115 0.0036 0.0011 1.0000 1.0000 1.0000 1.0000 0.3493 0.0545
0.1712 1.0000 1.0000 1.0000 1.0000 0.0011 0.0036 0.0113 0.0360 0.1146 0.3650 1.0000 1.0000 1.0000 1.0000 0.0013 0.0041 0.0130 0.0414 0.1314 0.4177 1.0000 1.0000 1.0000 1.0000 0.0014 0.0045 0.0141 0.0445 0.1397 0.4389 1.0000 1.0000 1.0000 1.0000 0.0014 0.0045 0.0142 0.0447 0.1405 0.4414 1.0000 1.0000 1.0000 1.0000 0.0014 0.0046 0.0143 0.0451 0.1633 0.3643 0.1633 0.0451 0.0143 0.0046 0.0014 1.0000 1.0000 1.0000 1.0000 0.4414 0.1405 0.0447 0.0142 0.0045 0.0014 1.0000 1.0000 1.0000 1.0000 0.4389 0.1397 0.0445 0.0141 0.0045 0.0014 1.0000 1.0000 1.0000 1.0000 0.4177 0.1314 0.0414 0.0130 0.0041 0.0013 1.0000 1.0000 1.0000 1.0000 0.3650 0.1146 0.0360 0.0113 0.0036 0.0011 1.0000 1.0000 1.0000 1.0000 0.1712
0.5380 1.0000 1.0000 1.0000 0.0011 0.0035 0.0112 0.0355 0.1131 0.3601 1.0000 1.0000 1.0000 1.0000 0.0013 0.0040 0.0128 0.0408 0.1299 0.4138 1.0000 1.0000 1.0000 1.0000 0.0014 0.0045 0.0143 0.0450 0.1413 0.4448 1.0000 1.0000 1.0000 1.0000 0.0015 0.0046 0.0144 0.0453 0.1424 0.4473 1.0000 1.0000 1.0000 1.0000 0.0015 0.0046 0.0145 0.0454 0.1437 0.5198 1.0000 0.5198 0.1437 0.0454 0.0145 0.0046 0.0015 1.0000 1.0000 1.0000 1.0000 0.4473 0.1424 0.0453 0.0144 0.0046 0.0015 1.0000 1.0000 1.0000 1.0000 0.4448 0.1413 0.0449 0.0142 0.0045 0.0014 1.0000 1.0000 1.0000 1.0000 0.4138 0.1299 0.0408 0.0128 0.0040 0.0013 1.0000 1.0000 1.0000 1.0000 0.3601 0.1131 0.0355 0.0112 0.0035 0.0011 1.0000 1.0000 1.0000 0.5380
1.0000 1.0000 1.0000 0.0011 0.0035 0.0110 0.0350 0.1116 0.3554 1.0000 1.0000 1.0000 1.0000 0.0012 0.0040 0.0126 0.0403 0.1282 0.4083 1.0000 1.0000 1.0000 1.0000 0.0014 0.0045 0.0143 0.0452 0.1424 0.4490 1.0000 1.0000 1.0000 1.0000 0.0015 0.0047 0.0146 0.0459 0.1443 0.4533 1.0000 1.0000 1.0000 1.0000 0.0015 0.0047 0.0147 0.0462 0.1445 0.4577 1.0000 1.0000 1.0000 0.4577 0.1445 0.0462 0.0147 0.0047 0.0015 1.0000 1.0000 1.0000 1.0000 0.4533 0.1443 0.0459 0.0146 0.0047 0.0015 1.0000 1.0000 1.0000 1.0000 0.4490 0.1424 0.0451 0.0143 0.0045 0.0014 1.0000 1.0000 1.0000 1.0000 0.4083 0.1282 0.0403 0.0126 0.0040 0.0012 1.0000 1.0000 1.0000 1.0000 0.3554 0.1116 0.0350 0.0110 0.0035 0.0011 1.0000 1.0000 1.0000
1.0000 1.0000 0.0011 0.0034 0.0109 0.0346 0.1101 0.3507 1.0000 1.0000 1.0000 1.0000 0.0012 0.0039 0.0125 0.0397 0.1265 0.4029 1.0000 1.0000 1.0000 1.0000 0.0014 0.0045 0.0142 0.0451 0.1429 0.4516 1.0000 1.0000 1.0000 1.0000 0.0015 0.0047 0.0148 0.0465 0.1462 0.4594 1.0000 1.0000 1.0000 1.0000 0.0015 0.0047 0.0149 0.0468 0.1470 0.4603 1.0000 1.0000 1.0000 1.0000 1.0000 0.4603 0.1470 0.0468 0.0149 0.0047 0.0015 1.0000 1.0000 1.0000 1.0000 0.4594 0.1462 0.0465 0.0148 0.0047 0.0015 1.0000 1.0000 1.0000 1.0000 0.4516 0.1429 0.0451 0.0142 0.0045 0.0014 1.0000 1.0000 1.0000 1.0000 0.4029 0.1265 0.0397 0.0125 0.0039 0.0012 1.0000 1.0000 1.0000 1.0000 0.3507 0.1101 0.0346 0.0109 0.0034 0.0011 1.0000 1.0000
1.0000 0.0011 0.0033 0.0107 0.0341 0.1087 0.3460 1.0000 1.0000 1.0000 1.0000 0.0012 0.0039 0.0123 0.0392 0.1249 0.3976 1.0000 1.0000 1.0000 1.0000 0.0014 0.0044 0.0141 0.0449 0.1424 0.4516 1.0000 1.0000 1.0000 1.0000 0.0015 0.0048 0.0150 0.0472 0.1482 0.4656 1.0000 1.0000 1.0000 1.0000 0.0015 0.0048 0.0151 0.0474 0.1490 0.4682 1.0000 1.0000 1.0000 1.0000 1.0000 1.0000 1.0000 0.4682 0.1490 0.0474 0.0151 0.0048 0.0015 1.0000 1.0000 1.0000 1.0000 0.4656 0.1482 0.0472 0.0150 0.0048 0.0015 1.0000 1.0000 1.0000 1.0000 0.4516 0.1424 0.0449 0.0141 0.0044 0.0014 1.0000 1.0000 1.0000 1.0000 0.3976 0.1249 0.0392 0.0123 0.0039 0.0012 1.0000 1.0000 1.0000 1.0000 0.3460 0.1087 0.0341 0.0107 0.0033 0.0011 1.0000
0.0006 0.0036 0.0105 0.0337 0.1072 0.3415 1.0000 1.0000 1.0000 1.0000 0.0012 0.0038 0.0122 0.0387 0.1232 0.3923 1.0000 1.0000 1.0000 1.0000 0.0014 0.0044 0.0140 0.0445 0.1413 0.4490 1.0000 1.0000 1.0000 1.0000 0.0015 0.0048 0.0152 0.0478 0.1502 0.4718 1.0000 1.0000 1.0000 1.0000 0.0015 0.0049 0.0153 0.0481 0.1510 0.4745 1.0000 1.0000 1.0000 1.0000 0.0013 1.0000 1.0000 1.0000 1.0000 0.4745 0.1510 0.0481 0.0153 0.0049 0.0015 1.0000 1.0000 1.0000 1.0000 0.4718 0.1502 0.0478 0.0152 0.0048 0.0015 1.0000 1.0000 1.0000 1.0000 0.4490 0.1413 0.0445 0.0140 0.0044 0.0014 1.0000 1.0000 1.0000 1.0000 0.3923 0.1232 0.0387 0.0122 0.0038 0.0012 1.0000 1.0000 1.0000 1.0000 0.3415 0.1072 0.0337 0.0105 0.0036 0.0006
0.0018 0.0113 0.0329 0.1060 0.3369 1.0000 1.0000 1.0000 1.0000 0.0012 0.0038 0.0120 0.0382 0.1216 0.3871 1.0000 1.0000 1.0000 1.0000 0.0014 0.0043 0.0138 0.0439 0.1397 0.4448 1.0000 1.0000 1.0000 1.0000 0.0015 0.0048 0.0153 0.0482 0.1519 0.4781 1.0000 1.0000 1.0000 1.0000 0.0016 0.0049 0.0155 0.0487 0.1530 0.4809 1.0000 1.0000 1.0000 1.0000 0.0018 0.0041 0.0018 1.0000 1.0000 1.0000 1.0000 0.4809 0.1530 0.0487 0.0155 0.0049 0.0016 1.0000 1.0000 1.0000 1.0000 0.4781 0.1519 0.0482 0.0153 0.0048 0.0015 1.0000 1.0000 1.0000 1.0000 0.4448 0.1397 0.0439 0.0138 0.0043 0.0014 1.0000 1.0000 1.0000 1.0000 0.3871 0.1216 0.0382 0.0120 0.0038 0.0012 1.0000 1.0000 1.0000 1.0000 0.3369 0.1060 0.0329 0.0113 0.0018
0.0056 0.0356 0.1032 0.3331 1.0000 1.0000 1.0000 1.0000 0.0012 0.0037 0.0118 0.0377 0.1200 0.3820 1.0000 1.0000 1.0000 1.0000 0.0013 0.0043 0.0136 0.0433 0.1378 0.4389 1.0000 1.0000 1.0000 1.0000 0.0015 0.0048 0.0154 0.0485 0.1530 0.4827 1.0000 1.0000 1.0000 1.0000 0.0016 0.0050 0.0157 0.0494 0.1551 0.4873 1.0000 1.0000 1.0000 1.0000 0.0016 0.0058 0.0130 0.0058 0.0016 1.0000 1.0000 1.0000 1.0000 0.4873 0.1551 0.0494 0.0157 0.0050 0.0016 1.0000 1.0000 1.0000 1.0000 0.4827 0.1530 0.0485 0.0154 0.0048 0.0015 1.0000 1.0000 1.0000 1.0000 0.4389 0.1378 0.0433 0.0136 0.0043 0.0013 1.0000 1.0000 1.0000 1.0000 0.3820 0.1200 0.0377 0.0118 0.0037 0.0012 1.0000 1.0000 1.0000 1.0000 0.3331 0.1032 0.0356 0.0056
0.0174 0.1118 0.3250 1.0000 1.0000 1.0000 1.0000 0.0012 0.0037 0.0117 0.0372 0.1184 0.3770 1.0000 1.0000 1.0000 1.0000 0.0013 0.0042 0.0134 0.0427 0.1360 0.4331 1.0000 1.0000 1.0000 1.0000 0.0015 0.0048 0.0153 0.0485 0.1536 0.4854 1.0000 1.0000 1.0000 1.0000 0.0016 0.0051 0.0159 0.0500 0.1572 0.4938 1.0000 1.0000 1.0000 1.0000 0.0016 0.0051 0.0185 0.0413 0.0185 0.0051 0.0016 1.0000 1.0000 1.0000 1.0000 0.4938 0.1572 0.0500 0.0159 0.0051 0.0016 1.0000 1.0000 1.0000 1.0000 0.4854 0.1536 0.0485 0.0153 0.0048 0.0015 1.0000 1.0000 1.0000 1.0000 0.4331 0.1360 0.0427 0.0134 0.0042 0.0013 1.0000 1.0000 1.0000 1.0000 0.3770 0.1184 0.0372 0.0117 0.0037 0.0012 1.0000 1.0000 1.0000 1.0000 0.3250 0.1118 0.0174
0.0548 0.3513 1.0000 1.0000 1.0000 1.0000 0.0011 0.0036 0.0115 0.0367 0.1168 0.3720 1.0000 1.0000 1.0000 1.0000 0.0013 0.0042 0.0132 0.0422 0.1342 0.4274 1.0000 1.0000 1.0000 1.0000 0.0015 0.0048 0.0152 0.0482 0.1530 0.4854 1.0000 1.0000 1.0000 1.0000 0.0016 0.0051 0.0161 0.0507 0.1593 0.5004 1.0000 1.0000 1.0000 1.0000 0.0016 0.0051 0.0163 0.0589 0.1314 0.0589 0.0163 0.0051 0.0016 1.0000 1.0000 1.0000 1.0000 0.5004 0.1593 0.0507 0.0161 0.0051 0.0016 1.0000 1.0000 1.0000 1.0000 0.4854 0.1530 0.0482 0.0152 0.0048 0.0015 1.0000 1.0000 1.0000 1.0000 0.4274 0.1342 0.0422 0.0132 0.0042 0.0013 1.0000 1.0000 1.0000 1.0000 0.3720 0.1168 0.0367 0.0115 0.0036 0.0011 1.0000 1.0000 1.0000 1.0000 0.3513 0.0548
0.1722 1.0000 1.0000 1.0000 1.0000 0.0011 0.0036 0.0114 0.0362 0.1153 0.3671 1.0000 1.0000 1.0000 1.0000 0.0013 0.0041 0.0131 0.0416 0.1324 0.4217 1.0000 1.0000 1.0000 1.0000 0.0015 0.0047 0.0150 0.0478 0.1519 0.4827 1.0000 1.0000 1.0000 1.0000 0.0016 0.0052 0.0163 0.0514 0.1614 0.5072 1.0000 1.0000 1.0000 1.0000 0.0017 0.0052 0.0164 0.0519 0.1876 0.4185 0.1876 0.0519 0.0164 0.0052 0.0017 1.0000 1.0000 1.0000 1.0000 0.5072 0.1614 0.0514 0.0163 0.0052 0.0016 1.0000 1.0000 1.0000 1.0000 0.4827 0.1519 0.0478 0.0150 0.0047 0.0015 1.0000 1.0000 1.0000 1.0000 0.4217 0.1324 0.0416 0.0131 0.0041 0.0013 1.0000 1.0000 1.0000 1.0000 0.3671 0.1153 0.0362 0.0114 0.0036 0.0011 1.0000 1.0000 1.0000 1.0000 0.1722
0.5410 1.0000 1.0000 1.0000 0.0011 0.0035 0.0112 0.0357 0.1137 0.3622 1.0000 1.0000 1.0000 1.0000 0.0013 0.0040 0.0129 0.0410 0.1307 0.4161 1.0000 1.0000 1.0000 1.0000 0.0015 0.0047 0.0148 0.0472 0.1502 0.4781 1.0000 1.0000 1.0000 1.0000 0.0016 0.0052 0.0164 0.0519 0.1633 0.5139 1.0000 1.0000 1.0000 1.0000 0.0017 0.0053 0.0167 0.0522 0.1651 0.5973 1.0000 0.5973 0.1651 0.0522 0.0167 0.0053 0.0017 1.0000 1.0000 1.0000 1.0000 0.5139 0.1633 0.0519 0.0164 0.0052 0.0016 1.0000 1.0000 1.0000 1.0000 0.4781 0.1502 0.0472 0.0148 0.0047 0.0015 1.0000 1.0000 1.0000 1.0000 0.4161 0.1307 0.0410 0.0129 0.0040 0.0013 1.0000 1.0000 1.0000 1.0000 0.3622 0.1137 0.0357 0.0112 0.0035 0.0011 1.0000 1.0000 1.0000 0.5410
1.0000 1.0000 1.0000 0.0011 0.0035 0.0111 0.0353 0.1122 0.3574 1.0000 1.0000 1.0000 1.0000 0.0013 0.0040 0.0127 0.0405 0.1290 0.4106 1.0000 1.0000 1.0000 1.0000 0.0014 0.0046 0.0146 0.0465 0.1482 0.4718 1.0000 1.0000 1.0000 1.0000 0.0016 0.0052 0.0165 0.0522 0.1645 0.5189 1.0000 1.0000 1.0000 1.0000 0.0017 0.0054 0.0169 0.0531 0.1661 0.5258 1.0000 1.0000 1.0000 0.5258 0.1661 0.0531 0.0169 0.0054 0.0017 1.0000 1.0000 1.0000 1.0000 0.5189 0.1645 0.0522 0.0165 0.0052 0.0016 1.0000 1.0000 1.0000 1.0000 0.4718 0.1482 0.0465 0.0146 0.0046 0.0014 1.0000 1.0000 1.0000 1.0000 0.4106 0.1290 0.0405 0.0127 0.0040 0.0013 1.0000 1.0000 1.0000 1.0000 0.3574 0.1122 0.0353 0.0111 0.0035 0.0011 1.0000 1.0000 1.0000
1.0000 1.0000 0.0011 0.0034 0.0109 0.0348 0.1108 0.3527 1.0000 1.0000 1.0000 1.0000 0.0012 0.0039 0.0126 0.0400 0.1273 0.4052 1.0000 1.0000 1.0000 1.0000 0.0014 0.0045 0.0144 0.0459 0.1462 0.4656 1.0000 1.0000 1.0000 1.0000 0.0016 0.0052 0.0164 0.0522 0.1651 0.5218 1.0000 1.0000 1.0000 1.0000 0.0017 0.0054 0.0171 0.0538 0.1689 0.5288 1.0000 1.0000 1.0000 1.0000 1.0000 0.5288 0.1689 0.0538 0.0171 0.0054 0.0017 1.0000 1.0000 1.0000 1.0000 0.5218 0.1651 0.0522 0.0164 0.0052 0.0016 1.0000 1.0000 1.0000 1.0000 0.4656 0.1462 0.0459 0.0144 0.0045 0.0014 1.0000 1.0000 1.0000 1.0000 0.4052 0.1273 0.0400 0.0126 0.0039 0.0012 1.0000 1.0000 1.0000 1.0000 0.3527 0.1108 0.0348 0.0109 0.0034 0.0011 1.0000 1.0000
1.0000 0.0012 0.0033 0.0108 0.0343 0.1093 0.3480 1.0000 1.0000 1.0000 1.0000 0.0012 0.0039 0.0124 0.0394 0.1256 0.3998 1.0000 1.0000 1.0000 1.0000 0.0014 0.0045 0.0142 0.0453 0.1443 0.4594 1.0000 1.0000 1.0000 1.0000 0.0016 0.0051 0.0163 0.0519 0.1645 0.5218 1.0000 1.0000 1.0000 1.0000 0.0018 0.0055 0.0173 0.0545 0.1712 0.5380 1.0000 1.0000 1.0000 1.0000 1.0000 1.0000 1.0000 0.5380 0.1712 0.0545 0.0173 0.0055 0.0018 1.0000 1.0000 1.0000 1.0000 0.5218 0.1645 0.0519 0.0163 0.0051 0.0016 1.0000 1.0000 1.0000 1.0000 0.4594 0.1443 0.0453 0.0142 0.0045 0.0014 1.0000 1.0000 1.0000 1.0000 0.3998 0.1256 0.0394 0.0124 0.0039 0.0012 1.0000 1.0000 1.0000 1.0000 0.3480 0.1093 0.0343 0.0108 0.0033 0.0012 1.0000
0.0006 0.0036 0.0105 0.0339 0.1078 0.3434 1.0000 1.0000 1.0000 1.0000 0.0012 0.0038 0.0122 0.0389 0.1239 0.3946 1.0000 1.0000 1.0000 1.0000 0.0014 0.0044 0.0140 0.0447 0.1424 0.4533 1.0000 1.0000 1.0000 1.0000 0.0016 0.0051 0.0161 0.0514 0.1633 0.5189 1.0000 1.0000 1.0000 1.0000 0.0018 0.0056 0.0175 0.0552 0.1735 0.5452 1.0000 1.0000 1.0000 1.0000 0.0015 1.0000 1.0000 1.0000 1.0000 0.5452 0.1735 0.0552 0.0175 0.0056 0.0018 1.0000 1.0000 1.0000 1.0000 0.5189 0.1633 0.0514 0.0161 0.0051 0.0016 1.0000 1.0000 1.0000 1.0000 0.4533 0.1424 0.0447 0.0140 0.0044 0.0014 1.0000 1.0000 1.0000 1.0000 0.3946 0.1239 0.0389 0.0122 0.0038 0.0012 1.0000 1.0000 1.0000 1.0000 0.3434 0.1078 0.0339 0.0105 0.0036 0.0006
0.0018 0.0114 0.0330 0.1066 0.3389 1.0000 1.0000 1.0000 1.0000 0.0012 0.0038 0.0121 0.0384 0.1223 0.3893 1.0000 1.0000 1.0000 1.0000 0.0014 0.0044 0.0139 0.0441 0.1405 0.4473 1.0000 1.0000 1.0000 1.0000 0.0016 0.0050 0.0159 0.0507 0.1614 0.5139 1.0000 1.0000 1.0000 1.0000 0.0018 0.0056 0.0177 0.0557 0.1755 0.5525 1.0000 1.0000 1.0000 1.0000 0.0021 0.0047 0.0021 1.0000 1.0000 1.0000 1.0000 0.5525 0.1755 0.0557 0.0177 0.0056 0.0018 1.0000 1.0000 1.0000 1.0000 0.5139 0.1614 0.0507 0.0159 0.0050 0.0016 1.0000 1.0000 1.0000 1.0000 0.4473 0.1405 0.0441 0.0139 0.0044 0.0014 1.0000 1.0000 1.0000 1.0000 0.3893 0.1223 0.0384 0.0121 0.0038 0.0012 1.0000 1.0000 1.0000 1.0000 0.3389 0.1066 0.0330 0.0114 0.0018
0.0056 0.0358 0.1040 0.3350 1.0000 1.0000 1.0000 1.0000 0.0012 0.0037 0.0119 0.0379 0.1207 0.3842 1.0000 1.0000 1.0000 1.0000 0.0013 0.0043 0.0137 0.0435 0.1386 0.4414 1.0000 1.0000 1.0000 1.0000 0.0015 0.0049 0.0157 0.0500 0.1593 0.5072 1.0000 1.0000 1.0000 1.0000 0.0018 0.0056 0.0177 0.0561 0.1768 0.5577 1.0000 1.0000 1.0000 1.0000 0.0018 0.0067 0.0149 0.0067 0.0018 1.0000 1.0000 1.0000 1.0000 0.5577 0.1768 0.0561 0.0177 0.0056 0.0018 1.0000 1.0000 1.0000 1.0000 0.5072 0.1593 0.0500 0.0157 0.0049 0.0015 1.0000 1.0000 1.0000 1.0000 0.4414 0.1386 0.0435 0.0137 0.0043 0.0013 1.0000 1.0000 1.0000 1.0000 0.3842 0.1207 0.0379 0.0119 0.0037 0.0012 1.0000 1.0000 1.0000 1.0000 0.3350 0.1040 0.0358 0.0056
0.0175 0.1125 0.3262 1.0000 1.0000 1.0000 1.0000 0.0012 0.0037 0.0117 0.0374 0.1191 0.3791 1.0000 1.0000 1.0000 1.0000 0.0013 0.0042 0.0135 0.0430 0.1368 0.4356 1.0000 1.0000 1.0000 1.0000 0.0015 0.0049 0.0155 0.0494 0.1572 0.5004 1.0000 1.0000 1.0000 1.0000 0.0018 0.0056 0.0177 0.0561 0.1775 0.5609 1.0000 1.0000 1.0000 1.0000 0.0019 0.0059 0.0213 0.0474 0.0213 0.0059 0.0019 1.0000 1.0000 1.0000 1.0000 0.5609 0.1775 0.0561 0.0177 0.0056 0.0018 1.0000 1.0000 1.0000 1.0000 0.5004 0.1572 0.0494 0.0155 0.0049 0.0015 1.0000 1.0000 1.0000 1.0000 0.4356 0.1368 0.0430 0.0135 0.0042 0.0013 1.0000 1.0000 1.0000 1.0000 0.3791 0.1191 0.0374 0.0117 0.0037 0.0012 1.0000 1.0000 1.0000 1.0000 0.3262 0.1125 0.0175
0.0551 0.3534 1.0000 1.0000 1.0000 1.0000 0.0011 0.0036 0.0116 0.0369 0.1175 0.3741 1.0000 1.0000 1.0000 1.0000 0.0013 0.0042 0.0133 0.0424 0.1350 0.4298 1.0000 1.0000 1.0000 1.0000 0.0015 0.0048 0.0153 0.0487 0.1551 0.4938 1.0000 1.0000 1.0000 1.0000 0.0017 0.0055 0.0175 0.0557 0.1768 0.5609 1.0000 1.0000 1.0000 1.0000 0.0019 0.0059 0.0187 0.0677 0.1510 0.0677 0.0187 0.0059 0.0019 1.0000 1.0000 1.0000 1.0000 0.5609 0.1768 0.0557 0.0175 0.0055 0.0017 1.0000 1.0000 1.0000 1.0000 0.4938 0.1551 0.0487 0.0153 0.0048 0.0015 1.0000 1.0000 1.0000 1.0000 0.4298 0.1350 0.0424 0.0133 0.0042 0.0013 1.0000 1.0000 1.0000 1.0000 0.3741 0.1175 0.0369 0.0116 0.0036 0.0011 1.0000 1.0000 1.0000 1.0000 0.3534 0.0551
0.1732 1.0000 1.0000 1.0000 1.0000 0.0011 0.0036 0.0114 0.0364 0.1159 0.3692 1.0000 1.0000 1.0000 1.0000 0.0013 0.0041 0.0131 0.0418 0.1332 0.4241 1.0000 1.0000 1.0000 1.0000 0.0015 0.0047 0.0151 0.0481 0.1530 0.4873 1.0000 1.0000 1.0000 1.0000 0.0017 0.0054 0.0173 0.0552 0.1755 0.5577 1.0000 1.0000 1.0000 1.0000 0.0019 0.0060 0.0188 0.0595 0.2155 0.4799 0.2155 0.0595 0.0188 0.0060 0.0019 1.0000 1.0000 1.0000 1.0000 0.5577 0.1755 0.0552 0.0173 0.0054 0.0017 1.0000 1.0000 1.0000 1.0000 0.4873 0.1530 0.0481 0.0151 0.0047 0.0015 1.0000 1.0000 1.0000 1.0000 0.4241 0.1332 0.0418 0.0131 0.0041 0.0013 1.0000 1.0000 1.0000 1.0000 0.3692 0.1159 0.0364 0.0114 0.0036 0.0011 1.0000 1.0000 1.0000 1.0000 0.1732
0.5441 1.0000 1.0000 1.0000 0.0011 0.0035 0.0113 0.0359 0.1144 0.3643 1.0000 1.0000 1.0000 1.0000 0.0013 0.0041 0.0130 0.0413 0.1314 0.4185 1.0000 1.0000 1.0000 1.0000 0.0015 0.0047 0.0149 0.0474 0.1510 0.4809 1.0000 1.0000 1.0000 1.0000 0.0017 0.0054 0.0171 0.0545 0.1735 0.5525 1.0000 1.0000 1.0000 1.0000 0.0019 0.0060 0.0190 0.0596 0.1890 0.6849 1.0000 0.6849 0.1890 0.0596 0.0190 0.0060 0.0019 1.0000 1.0000 1.0000 1.0000 0.5525 0.1735 0.0545 0.0171 0.0054 0.0017 1.0000 1.0000 1.0000 1.0000 0.4809 0.1510 0.0474 0.0149 0.0047 0.0015 1.0000 1.0000 1.0000 1.0000 0.4185 0.1314 0.0413 0.0130 0.0041 0.0013 1.0000 1.0000 1.0000 1.0000 0.3643 0.1144 0.0359 0.0113 0.0035 0.0011 1.0000 1.0000 1.0000 0.5441
1.0000 1.0000 1.0000 0.0011 0.0035 0.0111 0.0355 0.1129 0.3595 1.0000 1.0000 1.0000 1.0000 0.0013 0.0040 0.0128 0.0407 0.1297 0.4130 1.0000 1.0000 1.0000 1.0000 0.0014 0.0046 0.0147 0.0468 0.1490 0.4745 1.0000 1.0000 1.0000 1.0000 0.0017 0.0053 0.0169 0.0538 0.1712 0.5452 1.0000 1.0000 1.0000 1.0000 0.0019 0.0060 0.0191 0.0603 0.1894 0.6007 1.0000 1.0000 1.0000 0.5995 0.1897 0.0603 0.0191 0.0060 0.0019 1.0000 1.0000 1.0000 1.0000 0.5452 0.1712 0.0538 0.0169 0.0053 0.0017 1.0000 1.0000 1.0000 1.0000 0.4745 0.1490 0.0468 0.0147 0.0046 0.0014 1.0000 1.0000 1.0000 1.0000 0.4130 0.1297 0.0407 0.0128 0.0040 0.0013 1.0000 1.0000 1.0000 1.0000 0.3595 0.1129 0.0355 0.0111 0.0035 0.0011 1.0000 1.0000 1.0000
1.0000 1.0000 0.0011 0.0035 0.0110 0.0350 0.1114 0.3547 1.0000 1.0000 1.0000 1.0000 0.0012 0.0040 0.0126 0.0402 0.1280 0.4075 1.0000 1.0000 1.0000 1.0000 0.0014 0.0046 0.0145 0.0462 0.1470 0.4682 1.0000 1.0000 1.0000 1.0000 0.0016 0.0052 0.0167 0.0531 0.1689 0.5380 1.0000 1.0000 1.0000 1.0000 0.0019 0.0060 0.0190 0.0603 0.1908 0.5995 1.0000 1.0000 1.0000 1.0000 1.0000 0.5995 0.1912 0.0603 0.0190 0.0060 0.0019 1.0000 1.0000 1.0000 1.0000 0.5380 0.1689 0.0531 0.0167 0.0052 0.0016 1.0000 1.0000 1.0000 1.0000 0.4682 0.1470 0.0462 0.0145 0.0046 0.0014 1.0000 1.0000 1.0000 1.0000 0.4075 0.1280 0.0402 0.0126 0.0040 0.0012 1.0000 1.0000 1.0000 1.0000 0.3547 0.1114 0.0350 0.0110 0.0035 0.0011 1.0000 1.0000
1.0000 0.0012 0.0034 0.0109 0.0345 0.1099 0.3500 1.0000 1.0000 1.0000 1.0000 0.0012 0.0039 0.0125 0.0397 0.1263 0.4021 1.0000 1.0000 1.0000 1.0000 0.0014 0.0045 0.0143 0.0456 0.1451 0.4620 1.0000 1.0000 1.0000 1.0000 0.0016 0.0052 0.0164 0.0524 0.1667 0.5308 1.0000 1.0000 1.0000 1.0000 0.0019 0.0059 0.0189 0.0599 0.1904 0.6030 1.0000 1.0000 1.0000 1.0000 1.0000 1.0000 1.0000 0.5995 0.1894 0.0596 0.0188 0.0059 0.0019 1.0000 1.0000 1.0000 1.0000 0.5288 0.1661 0.0522 0.0164 0.0051 0.0016 1.0000 1.0000 1.0000 1.0000 0.4603 0.1445 0.0454 0.0143 0.0045 0.0014 1.0000 1.0000 1.0000 1.0000 0.4006 0.1258 0.0395 0.0124 0.0039 0.0012 1.0000 1.0000 1.0000 1.0000 0.3487 0.1095 0.0344 0.0108 0.0034 0.0012 1.0000
0.0006 0.0036 0.0106 0.0341 0.1085 0.3454 1.0000 1.0000 1.0000 1.0000 0.0012 0.0039 0.0123 0.0391 0.1246 0.3968 1.0000 1.0000 1.0000 1.0000 0.0014 0.0044 0.0141 0.0450 0.1432 0.4559 1.0000 1.0000 1.0000 1.0000 0.0016 0.0051 0.0162 0.0517 0.1645 0.5238 1.0000 1.0000 1.0000 1.0000 0.0018 0.0059 0.0186 0.0594 0.1886 0.5995 1.0000 1.0000 1.0000 0.0007 0.0017 0.0008 1.0000 1.0000 1.0000 0.6007 0.1890 0.0595 0.0187 0.0059 0.0018 1.0000 1.0000 1.0000 1.0000 0.5258 0.1651 0.0519 0.0163 0.0051 0.0016 1.0000 1.0000 1.0000 1.0000 0.4577 0.1437 0.0451 0.0142 0.0045 0.0014 1.0000 1.0000 1.0000 1.0000 0.3983 0.1251 0.0393 0.0123 0.0039 0.0012 1.0000 1.0000 1.0000 1.0000 0.3467 0.1089 0.0342 0.0106 0.0037 0.0006
0.0018 0.0115 0.0333 0.1072 0.3408 1.0000 1.0000 1.0000 1.0000 0.0012 0.0038 0.0121 0.0386 0.1230 0.3916 1.0000 1.0000 1.0000 1.0000 0.0014 0.0044 0.0139 0.0444 0.1413 0.4499 1.0000 1.0000 1.0000 1.0000 0.0016 0.0050 0.0160 0.0510 0.1623 0.5169 1.0000 1.0000 1.0000 1.0000 0.0018 0.0058 0.0184 0.0586 0.1865 0.5939 1.0000 1.0000 1.0000 0.0006 0.0023 0.0056 0.0029 0.0008 1.0000 1.0000 1.0000 0.6849 0.2155 0.0677 0.0213 0.0067 0.0021 1.0000 1.0000 1.0000 1.0000 0.5973 0.1876 0.0589 0.0185 0.0058 0.0018 1.0000 1.0000 1.0000 1.0000 0.5198 0.1633 0.0513 0.0161 0.0051 0.0016 1.0000 1.0000 1.0000 1.0000 0.4525 0.1421 0.0446 0.0140 0.0044 0.0014 1.0000 1.0000 1.0000 1.0000 0.3931 0.1239 0.0385 0.0133 0.0021
0.0056 0.0360 0.1044 0.3369 1.0000 1.0000 1.0000 1.0000 0.0012 0.0038 0.0120 0.0381 0.1213 0.3864 1.0000 1.0000 1.0000 1.0000 0.0014 0.0043 0.0138 0.0438 0.1394 0.4439 1.0000 1.0000 1.0000 1.0000 0.0016 0.0050 0.0158 0.0503 0.1602 0.5101 1.0000 1.0000 1.0000 1.0000 0.0018 0.0057 0.0182 0.0578 0.1840 0.5860 1.0000 1.0000 1.0000 0.0006 0.0020 0.0084 0.0158 0.0039 0.0017 1.0000 1.0000 1.0000 1.0000 0.4799 0.1510 0.0474 0.0149 0.0047 0.0015 1.0000 1.0000 1.0000 1.0000 0.4185 0.1314 0.0413 0.0130 0.0041 0.0013 1.0000 1.0000 1.0000 1.0000 0.3643 0.1144 0.0359 0.0113 0.0035 0.0011 1.0000 1.0000 1.0000 1.0000 0.3171 0.0996 0.0313 0.0098 0.0031 0.0010 1.0000 1.0000 1.0000 0.8787 0.2770 0.0863 0.0300 0.0050
0.0176 0.1131 0.3281 1.0000 1.0000 1.0000 1.0000 0.0012 0.0037 0.0118 0.0376 0.1197 0.3813 1.0000 1.0000 1.0000 1.0000 0.0013 0.0043 0.0136 0.0432 0.1376 0.4381 1.0000 1.0000 1.0000 1.0000 0.0015 0.0049 0.0156 0.0496 0.1581 0.5033 1.0000 1.0000 1.0000 1.0000 0.0018 0.0056 0.0179 0.0570 0.1816 0.5783 1.0000 1.0000 1.0000 0.0006 0.0020 0.0068 0.0256 0.0082 0.0005 1.0000 1.0000 1.0000 1.0000 0.6849 0.2151 0.0677 0.0213 0.0067 0.0021 1.0000 1.0000 1.0000 1.0000 0.5973 0.1876 0.0589 0.0185 0.0058 0.0018 1.0000 1.0000 1.0000 1.0000 0.5198 0.1633 0.0513 0.0161 0.0051 0.0016 1.0000 1.0000 1.0000 1.0000 0.4525 0.1421 0.0446 0.0140 0.0044 0.0014 1.0000 1.0000 1.0000 1.0000 0.3931 0.1239 0.0385 0.0133 0.0021
0.0552 0.3534 1.0000 1.0000 1.0000 1.0000 0.0011 0.0036 0.0116 0.0370 0.1177 0.3748 1.0000 1.0000 1.0000 1.0000 0.0013 0.0042 0.0133 0.0425 0.1352 0.4306 1.0000 1.0000 1.0000 1.0000 0.0015 0.0048 0.0153 0.0488 0.1554 0.4948 1.0000 1.0000 1.0000 1.0000 0.0017 0.0055 0.0176 0.0561 0.1785 0.5685 1.0000 1.0000 1.0000 0.0006 0.0020 0.0063 0.0209 0.0676 0.0888 1.0000 1.0000 1.0000 1.0000 0.5984 0.1890 0.0596 0.0187 0.0059 0.0018 1.0000 1.0000 1.0000 1.0000 0.5258 0.1651 0.0519 0.0163 0.0051 0.0016 1.0000 1.0000 1.0000 1.0000 0.4577 0.1437 0.0451 0.0142 0.0045 0.0014 1.0000 1.0000 1.0000 1.0000 0.3983 0.1251 0.0393 0.0123 0.0039 0.0012 1.0000 1.0000 1.0000 1.0000 0.3467 0.1089 0.0342 0.0106 0.0037 0.0006
0.1765 1.0000 1.0000 1.0000 1.0000 0.0011 0.0036 0.0115 0.0368 0.1170 0.3727 1.0000 1.0000 1.0000 1.0000 0.0013 0.0042 0.0133 0.0422 0.1345 0.4282 1.0000 1.0000 1.0000 1.0000 0.0015 0.0048 0.0152 0.0485 0.1545 0.4920 1.0000 1.0000 1.0000 1.0000 0.0017 0.0055 0.0175 0.0557 0.1775 0.5652 1.0000 1.0000 1.0000 0.0006 0.0020 0.0063 0.0201 0.0655 0.2020 0.3629 1.0000 1.0000 1.0000 0.5905 0.1890 0.0598 0.0188 0.0059 0.0019 1.0000 1.0000 1.0000 1.0000 0.5288 0.1661 0.0522 0.0164 0.0051 0.0016 1.0000 1.0000 1.0000 1.0000 0.4603 0.1445 0.0454 0.0143 0.0045 0.0014 1.0000 1.0000 1.0000 1.0000 0.4006 0.1258 0.0395 0.0124 0.0039 0.0012 1.0000 1.0000 1.0000 1.0000 0.3487 0.1095 0.0344 0.0108 0.0034 0.0012 1.0000
0.6384 1.0000 1.0000 1.0000 0.0013 0.0041 0.0131 0.0418 0.1329 0.4233 1.0000 1.0000 1.0000 1.0000 0.0015 0.0047 0.0151 0.0480 0.1527 0.4864 1.0000 1.0000 1.0000 1.0000 0.0017 0.0054 0.0173 0.0551 0.1755 0.5588 1.0000 1.0000 1.0000 1.0000 0.0020 0.0062 0.0199 0.0633 0.2016 0.6420 1.0000 1.0000 1.0000 0.0007 0.0023 0.0072 0.0229 0.0732 0.2343 0.7321 1.0000 1.0000 1.0000 0.5849 0.1901 0.0604 0.0190 0.0060 0.0019 1.0000 1.0000 1.0000 1.0000 0.5380 0.1689 0.0531 0.0167 0.0052 0.0016 1.0000 1.0000 1.0000 1.0000 0.4682 0.1470 0.0462 0.0145 0.0046 0.0014 1.0000 1.0000 1.0000 1.0000 0.4075 0.1280 0.0402 0.0126 0.0040 0.0012 1.0000 1.0000 1.0000 1.0000 0.3547 0.1114 0.0350 0.0110 0.0035 0.0011 1.0000 1.0000
1.0000 1.0000 1.0000 0.0009 0.0029 0.0092 0.0292 0.0930 0.2961 0.9427 1.0000 1.0000 1.0000 0.0010 0.0033 0.0105 0.0335 0.1068 0.3402 1.0000 1.0000 1.0000 1.0000 0.0012 0.0038 0.0121 0.0385 0.1227 0.3908 1.0000 1.0000 1.0000 1.0000 0.0014 0.0044 0.0139 0.0443 0.1410 0.4482 1.0000 1.0000 1.0000 1.0000 0.0016 0.0050 0.0157 0.0499 0.1581 0.5033 1.0000 1.0000 1.0000 0.5894 0.1872 0.0605 0.0191 0.0060 0.0019 1.0000 1.0000 1.0000 1.0000 0.5452 0.1712 0.0538 0.0169 0.0053 0.0017 1.0000 1.0000 1.0000 1.0000 0.4745 0.1490 0.0468 0.0147 0.0046 0.0014 1.0000 1.0000 1.0000 1.0000 0.4130 0.1297 0.0407 0.0128 0.0040 0.0013 1.0000 1.0000 1.0000 1.0000 0.3595 0.1129 0.0355 0.0111 0.0035 0.0011 1.0000 1.0000 1.0000
