-0.1300 -0.2035 -0.1326 -0.0593 -0.0208 0.0170 0.0698 0.1183 -0.0891 -0.1932 -0.2150 -0.2038 -0.1323 -0.0591 -0.0207 0.0172 0.0702 0.1177 -0.0899 -0.1934 -0.2151 -0.2036 -0.1319 -0.0588 -0.0205 0.0174 0.0706 0.1171 -0.0907 -0.1935 -0.2151 -0.2034 -0.1314 -0.0586 -0.0203 0.0176 0.0710 0.1165 -0.0916 -0.1937 -0.2152 -0.2032 -0.1309 -0.0584 -0.0201 0.0178 0.0713 0.1158 -0.0947 -0.1954 -0.2073 -0.1954 -0.0947 0.1158 0.0713 0.0178 -0.0201 -0.0584 -0.1309 -0.2032 -0.2152 -0.1937 -0.0916 0.1165 0.0710 0.0176 -0.0203 -0.0586 -0.1314 -0.2034 -0.2151 -0.1935 -0.0907 0.1171 0.0706 0.0174 -0.0205 -0.0588 -0.1319 -0.2036 -0.2151 -0.1934 -0.0899 0.1177 0.0702 0.0172 -0.0207 -0.0591 -0.1323 -0.2038 -0.2150 -0.1932 -0.0891 0.1183 0.0698 0.0170 -0.0208 -0.0593 -0.1326 -0.2035 -0.1300
-0.2035 -0.1711 -0.0467 0.0027 0.0356 0.0881 0.1533 -0.1317 -0.3285 -0.3346 -0.2956 -0.1669 -0.0463 0.0029 0.0358 0.0885 0.1525 -0.1331 -0.3286 -0.3345 -0.2952 -0.1661 -0.0460 0.0030 0.0360 0.0890 0.1519 -0.1344 -0.3287 -0.3344 -0.2949 -0.1652 -0.0457 0.0032 0.0362 0.0894 0.1512 -0.1356 -0.3288 -0.3344 -0.2944 -0.1645 -0.0454 0.0034 0.0363 0.0898 0.1505 -0.1369 -0.3289 -0.3362 -0.3288 -0.3362 -0.3289 -0.1369 0.1505 0.0898 0.0363 0.0034 -0.0454 -0.1645 -0.2944 -0.3344 -0.3288 -0.1356 0.1512 0.0894 0.0362 0.0032 -0.0457 -0.1652 -0.2949 -0.3344 -0.3287 -0.1344 0.1519 0.0890 0.0360 0.0030 -0.0460 -0.1661 -0.2952 -0.3345 -0.3286 -0.1331 0.1525 0.0885 0.0358 0.0029 -0.0463 -0.1669 -0.2956 -0.3346 -0.3285 -0.1317 0.1533 0.0881 0.0356 0.0027 -0.0467 -0.1711 -0.2035
-0.1326 -0.0467 -0.0005 0.0326 0.0888 0.1519 -0.1346 -0.3289 -0.3346 -0.2942 -0.1622 -0.0444 0.0002 0.0330 0.0895 0.1509 -0.1362 -0.3290 -0.3345 -0.2936 -0.1612 -0.0441 0.0004 0.0332 0.0899 0.1502 -0.1375 -0.3291 -0.3344 -0.2933 -0.1603 -0.0438 0.0006 0.0335 0.0904 0.1495 -0.1387 -0.3292 -0.3344 -0.2928 -0.1595 -0.0436 0.0007 0.0337 0.0908 0.1488 -0.1400 -0.3292 -0.3327 -0.2919 -0.2377 -0.2919 -0.3327 -0.3292 -0.1400 0.1488 0.0908 0.0337 0.0007 -0.0436 -0.1595 -0.2928 -0.3344 -0.3292 -0.1387 0.1495 0.0904 0.0335 0.0006 -0.0438 -0.1603 -0.2933 -0.3344 -0.3291 -0.1375 0.1502 0.0899 0.0332 0.0004 -0.0441 -0.1612 -0.2936 -0.3345 -0.3290 -0.1362 0.1509 0.0895 0.0330 0.0002 -0.0444 -0.1622 -0.2942 -0.3346 -0.3289 -0.1346 0.1519 0.0888 0.0326 -0.0005 -0.0467 -0.1326
-0.0593 0.0027 0.0326 0.0891 0.1510 -0.1368 -0.3290 -0.3345 -0.2934 -0.1606 -0.0439 0.0010 0.0335 0.0905 0.1493 -0.1392 -0.3292 -0.3344 -0.2928 -0.1595 -0.0435 0.0012 0.0337 0.0909 0.1485 -0.1405 -0.3293 -0.3343 -0.2924 -0.1586 -0.0433 0.0013 0.0340 0.0914 0.1478 -0.1418 -0.3294 -0.3343 -0.2920 -0.1578 -0.0430 0.0015 0.0342 0.0918 0.1470 -0.1431 -0.3294 -0.3342 -0.2868 -0.1506 -0.0724 -0.1506 -0.2868 -0.3342 -0.3294 -0.1431 0.1470 0.0918 0.0342 0.0015 -0.0430 -0.1578 -0.2920 -0.3343 -0.3294 -0.1418 0.1478 0.0914 0.0340 0.0013 -0.0433 -0.1586 -0.2924 -0.3343 -0.3293 -0.1405 0.1485 0.0909 0.0337 0.0012 -0.0435 -0.1595 -0.2928 -0.3344 -0.3292 -0.1392 0.1493 0.0905 0.0335 0.0010 -0.0439 -0.1606 -0.2934 -0.3345 -0.3290 -0.1368 0.1510 0.0891 0.0326 0.0027 -0.0593
-0.0208 0.0356 0.0888 0.1510 -0.1377 -0.3292 -0.3344 -0.2925 -0.1586 -0.0433 0.0013 0.0340 0.0915 0.1475 -0.1422 -0.3294 -0.3342 -0.2919 -0.1575 -0.0429 0.0015 0.0343 0.0919 0.1467 -0.1435 -0.3295 -0.3342 -0.2915 -0.1567 -0.0426 0.0017 0.0345 0.0924 0.1460 -0.1448 -0.3296 -0.3341 -0.2911 -0.1558 -0.0423 0.0019 0.0347 0.0928 0.1451 -0.1461 -0.3297 -0.3341 -0.2907 -0.1489 -0.0357 -0.0040 -0.0357 -0.1489 -0.2907 -0.3341 -0.3297 -0.1461 0.1451 0.0928 0.0347 0.0019 -0.0423 -0.1558 -0.2911 -0.3341 -0.3296 -0.1448 0.1460 0.0924 0.0345 0.0017 -0.0426 -0.1567 -0.2915 -0.3342 -0.3295 -0.1435 0.1467 0.0919 0.0343 0.0015 -0.0429 -0.1575 -0.2919 -0.3342 -0.3294 -0.1422 0.1475 0.0915 0.0340 0.0013 -0.0433 -0.1586 -0.2925 -0.3344 -0.3292 -0.1377 0.1510 0.0888 0.0356 -0.0208
0.0170 0.0881 0.1519 -0.1368 -0.3292 -0.3343 -0.2920 -0.1571 -0.0426 0.0017 0.0345 0.0925 0.1457 -0.1452 -0.3296 -0.3341 -0.2909 -0.1555 -0.0422 0.0019 0.0348 0.0930 0.1449 -0.1465 -0.3297 -0.3340 -0.2905 -0.1547 -0.0419 0.0021 0.0350 0.0934 0.1440 -0.1479 -0.3298 -0.3340 -0.2901 -0.1539 -0.0417 0.0023 0.0352 0.0939 0.1432 -0.1492 -0.3299 -0.3339 -0.2898 -0.1533 -0.0413 0.0065 0.0274 0.0065 -0.0413 -0.1533 -0.2898 -0.3339 -0.3299 -0.1492 0.1432 0.0939 0.0352 0.0023 -0.0417 -0.1539 -0.2901 -0.3340 -0.3298 -0.1479 0.1440 0.0934 0.0350 0.0021 -0.0419 -0.1547 -0.2905 -0.3340 -0.3297 -0.1465 0.1449 0.0930 0.0348 0.0019 -0.0422 -0.1555 -0.2909 -0.3341 -0.3296 -0.1452 0.1457 0.0925 0.0345 0.0017 -0.0426 -0.1571 -0.2920 -0.3343 -0.3292 -0.1368 0.1519 0.0881 0.0170
0.0698 0.1533 -0.1346 -0.3290 -0.3344 -0.2920 -0.1565 -0.0422 0.0020 0.0349 0.0934 0.1439 -0.1483 -0.3298 -0.3340 -0.2900 -0.1536 -0.0416 0.0023 0.0353 0.0940 0.1429 -0.1496 -0.3299 -0.3339 -0.2896 -0.1527 -0.0413 0.0025 0.0355 0.0945 0.1420 -0.1509 -0.3300 -0.3338 -0.2891 -0.1519 -0.0410 0.0026 0.0357 0.0949 0.1412 -0.1523 -0.3300 -0.3337 -0.2887 -0.1512 -0.0409 0.0029 0.0395 0.0730 0.0395 0.0029 -0.0409 -0.1512 -0.2887 -0.3337 -0.3300 -0.1523 0.1412 0.0949 0.0357 0.0026 -0.0410 -0.1519 -0.2891 -0.3338 -0.3300 -0.1509 0.1420 0.0945 0.0355 0.0025 -0.0413 -0.1527 -0.2896 -0.3339 -0.3299 -0.1496 0.1429 0.0940 0.0353 0.0023 -0.0416 -0.1536 -0.2900 -0.3340 -0.3298 -0.1483 0.1439 0.0934 0.0349 0.0020 -0.0422 -0.1565 -0.2920 -0.3344 -0.3290 -0.1346 0.1533 0.0698
0.1183 -0.1317 -0.3289 -0.3345 -0.2925 -0.1571 -0.0422 0.0020 0.0352 0.0941 0.1423 -0.1509 -0.3300 -0.3338 -0.2890 -0.1516 -0.0409 0.0027 0.0358 0.0951 0.1409 -0.1527 -0.3301 -0.3337 -0.2886 -0.1508 -0.0407 0.0029 0.0360 0.0955 0.1400 -0.1540 -0.3302 -0.3337 -0.2881 -0.1499 -0.0404 0.0030 0.0362 0.0960 0.1390 -0.1553 -0.3302 -0.3336 -0.2877 -0.1491 -0.0401 0.0031 0.0366 0.0944 0.1441 0.0944 0.0366 0.0031 -0.0401 -0.1491 -0.2877 -0.3336 -0.3302 -0.1553 0.1390 0.0960 0.0362 0.0030 -0.0404 -0.1499 -0.2881 -0.3337 -0.3302 -0.1540 0.1400 0.0955 0.0360 0.0029 -0.0407 -0.1508 -0.2886 -0.3337 -0.3301 -0.1527 0.1409 0.0951 0.0358 0.0027 -0.0409 -0.1516 -0.2890 -0.3338 -0.3300 -0.1509 0.1423 0.0941 0.0352 0.0020 -0.0422 -0.1571 -0.2925 -0.3345 -0.3289 -0.1317 0.1183
-0.0891 -0.3285 -0.3346 -0.2934 -0.1586 -0.0426 0.0020 0.0352 0.0944 0.1413 -0.1529 -0.3301 -0.3337 -0.2881 -0.1497 -0.0403 0.0031 0.0363 0.0962 0.1387 -0.1558 -0.3303 -0.3336 -0.2876 -0.1488 -0.0400 0.0032 0.0365 0.0966 0.1378 -0.1571 -0.3304 -0.3335 -0.2871 -0.1480 -0.0397 0.0034 0.0367 0.0971 0.1368 -0.1585 -0.3304 -0.3334 -0.2867 -0.1471 -0.0395 0.0036 0.0369 0.0985 0.1316 -0.0626 0.1316 0.0985 0.0369 0.0036 -0.0395 -0.1471 -0.2867 -0.3334 -0.3304 -0.1585 0.1368 0.0971 0.0367 0.0034 -0.0397 -0.1480 -0.2871 -0.3335 -0.3304 -0.1571 0.1378 0.0966 0.0365 0.0032 -0.0400 -0.1488 -0.2876 -0.3336 -0.3303 -0.1558 0.1387 0.0962 0.0363 0.0031 -0.0403 -0.1497 -0.2881 -0.3337 -0.3301 -0.1529 0.1413 0.0944 0.0352 0.0020 -0.0426 -0.1586 -0.2934 -0.3346 -0.3285 -0.0891
-0.1932 -0.3346 -0.2942 -0.1606 -0.0433 0.0017 0.0349 0.0941 0.1413 -0.1538 -0.3302 -0.3335 -0.2873 -0.1480 -0.0397 0.0035 0.0368 0.0973 0.1365 -0.1589 -0.3305 -0.3334 -0.2865 -0.1469 -0.0394 0.0036 0.0370 0.0977 0.1355 -0.1603 -0.3305 -0.3333 -0.2861 -0.1460 -0.0391 0.0038 0.0373 0.0982 0.1345 -0.1616 -0.3306 -0.3332 -0.2856 -0.1452 -0.0388 0.0040 0.0375 0.0990 0.1304 -0.1680 -0.3230 -0.1680 0.1304 0.0990 0.0375 0.0040 -0.0388 -0.1452 -0.2856 -0.3332 -0.3306 -0.1616 0.1345 0.0982 0.0373 0.0038 -0.0391 -0.1460 -0.2861 -0.3333 -0.3305 -0.1603 0.1355 0.0977 0.0370 0.0036 -0.0394 -0.1469 -0.2865 -0.3334 -0.3305 -0.1589 0.1365 0.0973 0.0368 0.0035 -0.0397 -0.1480 -0.2873 -0.3335 -0.3302 -0.1538 0.1413 0.0941 0.0349 0.0017 -0.0433 -0.1606 -0.2942 -0.3346 -0.1932
-0.2150 -0.2956 -0.1622 -0.0439 0.0013 0.0345 0.0934 0.1423 -0.1529 -0.3302 -0.3335 -0.2868 -0.1467 -0.0392 0.0038 0.0373 0.0984 0.1342 -0.1621 -0.3307 -0.3332 -0.2855 -0.1449 -0.0388 0.0040 0.0376 0.0989 0.1331 -0.1634 -0.3307 -0.3331 -0.2851 -0.1441 -0.0385 0.0042 0.0378 0.0994 0.1321 -0.1648 -0.3308 -0.3331 -0.2846 -0.1433 -0.0382 0.0043 0.0380 0.0999 0.1311 -0.1683 -0.3325 -0.3398 -0.3325 -0.1683 0.1311 0.0999 0.0380 0.0043 -0.0382 -0.1433 -0.2846 -0.3331 -0.3308 -0.1648 0.1321 0.0994 0.0378 0.0042 -0.0385 -0.1441 -0.2851 -0.3331 -0.3307 -0.1634 0.1331 0.0989 0.0376 0.0040 -0.0388 -0.1449 -0.2855 -0.3332 -0.3307 -0.1621 0.1342 0.0984 0.0373 0.0038 -0.0392 -0.1467 -0.2868 -0.3335 -0.3302 -0.1529 0.1423 0.0934 0.0345 0.0013 -0.0439 -0.1622 -0.2956 -0.2150
-0.2038 -0.1669 -0.0444 0.0010 0.0340 0.0925 0.1439 -0.1509 -0.3301 -0.3335 -0.2868 -0.1462 -0.0389 0.0040 0.0377 0.0994 0.1319 -0.1652 -0.3308 -0.3330 -0.2844 -0.1430 -0.0381 0.0044 0.0381 0.1000 0.1307 -0.1666 -0.3309 -0.3329 -0.2840 -0.1422 -0.0379 0.0045 0.0383 0.1005 0.1296 -0.1680 -0.3310 -0.3329 -0.2835 -0.1413 -0.0376 0.0047 0.0385 0.1010 0.1286 -0.1693 -0.3310 -0.3342 -0.3220 -0.3342 -0.3310 -0.1693 0.1286 0.1010 0.0385 0.0047 -0.0376 -0.1413 -0.2835 -0.3329 -0.3310 -0.1680 0.1296 0.1005 0.0383 0.0045 -0.0379 -0.1422 -0.2840 -0.3329 -0.3309 -0.1666 0.1307 0.1000 0.0381 0.0044 -0.0381 -0.1430 -0.2844 -0.3330 -0.3308 -0.1652 0.1319 0.0994 0.0377 0.0040 -0.0389 -0.1462 -0.2868 -0.3335 -0.3301 -0.1509 0.1439 0.0925 0.0340 0.0010 -0.0444 -0.1669 -0.2038
-0.1323 -0.0463 0.0002 0.0335 0.0915 0.1457 -0.1483 -0.3300 -0.3337 -0.2873 -0.1467 -0.0389 0.0041 0.0380 0.1001 0.1300 -0.1680 -0.3310 -0.3328 -0.2834 -0.1411 -0.0375 0.0048 0.0386 0.1012 0.1281 -0.1698 -0.3311 -0.3327 -0.2829 -0.1402 -0.0372 0.0049 0.0388 0.1017 0.1270 -0.1712 -0.3312 -0.3327 -0.2825 -0.1394 -0.0370 0.0051 0.0391 0.1022 0.1259 -0.1725 -0.3312 -0.3307 -0.2813 -0.2199 -0.2813 -0.3307 -0.3312 -0.1725 0.1259 0.1022 0.0391 0.0051 -0.0370 -0.1394 -0.2825 -0.3327 -0.3312 -0.1712 0.1270 0.1017 0.0388 0.0049 -0.0372 -0.1402 -0.2829 -0.3327 -0.3311 -0.1698 0.1281 0.1012 0.0386 0.0048 -0.0375 -0.1411 -0.2834 -0.3328 -0.3310 -0.1680 0.1300 0.1001 0.0380 0.0041 -0.0389 -0.1467 -0.2873 -0.3337 -0.3300 -0.1483 0.1457 0.0915 0.0335 0.0002 -0.0463 -0.1323
-0.0591 0.0029 0.0330 0.0905 0.1475 -0.1452 -0.3298 -0.3338 -0.2881 -0.1480 -0.0392 0.0040 0.0380 0.1004 0.1287 -0.1700 -0.3312 -0.3327 -0.2824 -0.1391 -0.0369 0.0051 0.0391 0.1024 0.1255 -0.1730 -0.3313 -0.3325 -0.2818 -0.1383 -0.0366 0.0053 0.0394 0.1029 0.1243 -0.1744 -0.3314 -0.3325 -0.2814 -0.1375 -0.0363 0.0055 0.0396 0.1035 0.1232 -0.1758 -0.3314 -0.3323 -0.2756 -0.1300 -0.0596 -0.1300 -0.2756 -0.3323 -0.3314 -0.1758 0.1232 0.1035 0.0396 0.0055 -0.0363 -0.1375 -0.2814 -0.3325 -0.3314 -0.1744 0.1243 0.1029 0.0394 0.0053 -0.0366 -0.1383 -0.2818 -0.3325 -0.3313 -0.1730 0.1255 0.1024 0.0391 0.0051 -0.0369 -0.1391 -0.2824 -0.3327 -0.3312 -0.1700 0.1287 0.1004 0.0380 0.0040 -0.0392 -0.1480 -0.2881 -0.3338 -0.3298 -0.1452 0.1475 0.0905 0.0330 0.0029 -0.0591
-0.0207 0.0358 0.0895 0.1493 -0.1422 -0.3296 -0.3340 -0.2890 -0.1497 -0.0397 0.0038 0.0377 0.1001 0.1287 -0.1709 -0.3312 -0.3325 -0.2815 -0.1375 -0.0363 0.0055 0.0397 0.1037 0.1228 -0.1763 -0.3315 -0.3323 -0.2807 -0.1364 -0.0360 0.0057 0.0399 0.1042 0.1216 -0.1777 -0.3315 -0.3323 -0.2803 -0.1356 -0.0357 0.0058 0.0401 0.1047 0.1203 -0.1791 -0.3316 -0.3322 -0.2798 -0.1293 -0.0293 0.0002 -0.0293 -0.1293 -0.2798 -0.3322 -0.3316 -0.1791 0.1203 0.1047 0.0401 0.0058 -0.0357 -0.1356 -0.2803 -0.3323 -0.3315 -0.1777 0.1216 0.1042 0.0399 0.0057 -0.0360 -0.1364 -0.2807 -0.3323 -0.3315 -0.1763 0.1228 0.1037 0.0397 0.0055 -0.0363 -0.1375 -0.2815 -0.3325 -0.3312 -0.1709 0.1287 0.1001 0.0377 0.0038 -0.0397 -0.1497 -0.2890 -0.3340 -0.3296 -0.1422 0.1493 0.0895 0.0358 -0.0207
0.0172 0.0885 0.1509 -0.1392 -0.3294 -0.3341 -0.2900 -0.1516 -0.0403 0.0035 0.0373 0.0994 0.1300 -0.1700 -0.3312 -0.3325 -0.2810 -0.1363 -0.0358 0.0058 0.0401 0.1049 0.1199 -0.1796 -0.3316 -0.3321 -0.2796 -0.1345 -0.0354 0.0060 0.0404 0.1055 0.1187 -0.1810 -0.3317 -0.3320 -0.2791 -0.1337 -0.0351 0.0062 0.0406 0.1060 0.1174 -0.1825 -0.3318 -0.3319 -0.2788 -0.1332 -0.0348 0.0102 0.0321 0.0102 -0.0348 -0.1332 -0.2788 -0.3319 -0.3318 -0.1825 0.1174 0.1060 0.0406 0.0062 -0.0351 -0.1337 -0.2791 -0.3320 -0.3317 -0.1810 0.1187 0.1055 0.0404 0.0060 -0.0354 -0.1345 -0.2796 -0.3321 -0.3316 -0.1796 0.1199 0.1049 0.0401 0.0058 -0.0358 -0.1363 -0.2810 -0.3325 -0.3312 -0.1700 0.1300 0.0994 0.0373 0.0035 -0.0403 -0.1516 -0.2900 -0.3341 -0.3294 -0.1392 0.1509 0.0885 0.0172
0.0702 0.1525 -0.1362 -0.3292 -0.3342 -0.2909 -0.1536 -0.0409 0.0031 0.0368 0.0984 0.1319 -0.1680 -0.3312 -0.3325 -0.2810 -0.1357 -0.0355 0.0061 0.0406 0.1060 0.1172 -0.1829 -0.3318 -0.3319 -0.2785 -0.1326 -0.0348 0.0064 0.0409 0.1068 0.1157 -0.1844 -0.3319 -0.3318 -0.2780 -0.1318 -0.0345 0.0066 0.0412 0.1073 0.1144 -0.1858 -0.3320 -0.3317 -0.2775 -0.1312 -0.0344 0.0068 0.0448 0.0797 0.0448 0.0068 -0.0344 -0.1312 -0.2775 -0.3317 -0.3320 -0.1858 0.1144 0.1073 0.0412 0.0066 -0.0345 -0.1318 -0.2780 -0.3318 -0.3319 -0.1844 0.1157 0.1068 0.0409 0.0064 -0.0348 -0.1326 -0.2785 -0.3319 -0.3318 -0.1829 0.1172 0.1060 0.0406 0.0061 -0.0355 -0.1357 -0.2810 -0.3325 -0.3312 -0.1680 0.1319 0.0984 0.0368 0.0031 -0.0409 -0.1536 -0.2909 -0.3342 -0.3292 -0.1362 0.1525 0.0702
0.1177 -0.1331 -0.3290 -0.3344 -0.2919 -0.1555 -0.0416 0.0027 0.0363 0.0973 0.1342 -0.1652 -0.3310 -0.3327 -0.2815 -0.1363 -0.0355 0.0062 0.0408 0.1069 0.1149 -0.1858 -0.3320 -0.3317 -0.2774 -0.1308 -0.0341 0.0068 0.0415 0.1081 0.1127 -0.1878 -0.3320 -0.3316 -0.2769 -0.1300 -0.0339 0.0069 0.0417 0.1087 0.1113 -0.1892 -0.3321 -0.3315 -0.2764 -0.1292 -0.0336 0.0070 0.0421 0.1044 0.1436 0.1044 0.0421 0.0070 -0.0336 -0.1292 -0.2764 -0.3315 -0.3321 -0.1892 0.1113 0.1087 0.0417 0.0069 -0.0339 -0.1300 -0.2769 -0.3316 -0.3320 -0.1878 0.1127 0.1081 0.0415 0.0068 -0.0341 -0.1308 -0.2774 -0.3317 -0.3320 -0.1858 0.1149 0.1069 0.0408 0.0062 -0.0355 -0.1363 -0.2815 -0.3327 -0.3310 -0.1652 0.1342 0.0973 0.0363 0.0027 -0.0416 -0.1555 -0.2919 -0.3344 -0.3290 -0.1331 0.1177
-0.0899 -0.3286 -0.3345 -0.2928 -0.1575 -0.0422 0.0023 0.0358 0.0962 0.1365 -0.1621 -0.3308 -0.3328 -0.2824 -0.1375 -0.0358 0.0061 0.0408 0.1072 0.1133 -0.1880 -0.3321 -0.3315 -0.2763 -0.1289 -0.0335 0.0071 0.0420 0.1095 0.1095 -0.1912 -0.3322 -0.3313 -0.2757 -0.1281 -0.0333 0.0073 0.0423 0.1101 0.1081 -0.1927 -0.3323 -0.3312 -0.2752 -0.1273 -0.0330 0.0075 0.0424 0.1120 0.1010 -0.1050 0.1010 0.1120 0.0424 0.0075 -0.0330 -0.1273 -0.2752 -0.3312 -0.3323 -0.1927 0.1081 0.1101 0.0423 0.0073 -0.0333 -0.1281 -0.2757 -0.3313 -0.3322 -0.1912 0.1095 0.1095 0.0420 0.0071 -0.0335 -0.1289 -0.2763 -0.3315 -0.3321 -0.1880 0.1133 0.1072 0.0408 0.0061 -0.0358 -0.1375 -0.2824 -0.3328 -0.3308 -0.1621 0.1365 0.0962 0.0358 0.0023 -0.0422 -0.1575 -0.2928 -0.3345 -0.3286 -0.0899
-0.1934 -0.3345 -0.2936 -0.1595 -0.0429 0.0019 0.0353 0.0951 0.1387 -0.1589 -0.3307 -0.3330 -0.2834 -0.1391 -0.0363 0.0058 0.0406 0.1069 0.1133 -0.1890 -0.3322 -0.3313 -0.2754 -0.1273 -0.0330 0.0075 0.0426 0.1109 0.1063 -0.1947 -0.3324 -0.3311 -0.2745 -0.1263 -0.0327 0.0077 0.0428 0.1115 0.1049 -0.1962 -0.3324 -0.3310 -0.2740 -0.1255 -0.0324 0.0078 0.0430 0.1125 0.0996 -0.2034 -0.3260 -0.2034 0.0996 0.1125 0.0430 0.0078 -0.0324 -0.1255 -0.2740 -0.3310 -0.3324 -0.1962 0.1049 0.1115 0.0428 0.0077 -0.0327 -0.1263 -0.2745 -0.3311 -0.3324 -0.1947 0.1063 0.1109 0.0426 0.0075 -0.0330 -0.1273 -0.2754 -0.3313 -0.3322 -0.1890 0.1133 0.1069 0.0406 0.0058 -0.0363 -0.1391 -0.2834 -0.3330 -0.3307 -0.1589 0.1387 0.0951 0.0353 0.0019 -0.0429 -0.1595 -0.2936 -0.3345 -0.1934
-0.2151 -0.2952 -0.1612 -0.0435 0.0015 0.0348 0.0940 0.1409 -0.1558 -0.3305 -0.3332 -0.2844 -0.1411 -0.0369 0.0055 0.0401 0.1060 0.1149 -0.1880 -0.3322 -0.3313 -0.2748 -0.1262 -0.0325 0.0078 0.0431 0.1123 0.1030 -0.1982 -0.3325 -0.3308 -0.2733 -0.1245 -0.0321 0.0080 0.0433 0.1129 0.1015 -0.1998 -0.3326 -0.3307 -0.2728 -0.1237 -0.0318 0.0082 0.0436 0.1136 0.1001 -0.2036 -0.3343 -0.3401 -0.3343 -0.2036 0.1001 0.1136 0.0436 0.0082 -0.0318 -0.1237 -0.2728 -0.3307 -0.3326 -0.1998 0.1015 0.1129 0.0433 0.0080 -0.0321 -0.1245 -0.2733 -0.3308 -0.3325 -0.1982 0.1030 0.1123 0.0431 0.0078 -0.0325 -0.1262 -0.2748 -0.3313 -0.3322 -0.1880 0.1149 0.1060 0.0401 0.0055 -0.0369 -0.1411 -0.2844 -0.3332 -0.3305 -0.1558 0.1409 0.0940 0.0348 0.0015 -0.0435 -0.1612 -0.2952 -0.2151
-0.2036 -0.1661 -0.0441 0.0012 0.0343 0.0930 0.1429 -0.1527 -0.3303 -0.3334 -0.2855 -0.1430 -0.0375 0.0051 0.0397 0.1049 0.1172 -0.1858 -0.3321 -0.3313 -0.2748 -0.1256 -0.0322 0.0081 0.0435 0.1136 0.0998 -0.2018 -0.3327 -0.3306 -0.2721 -0.1226 -0.0315 0.0084 0.0439 0.1144 0.0981 -0.2034 -0.3328 -0.3305 -0.2716 -0.1219 -0.0312 0.0085 0.0441 0.1151 0.0966 -0.2049 -0.3326 -0.3317 -0.3156 -0.3317 -0.3326 -0.2049 0.0966 0.1151 0.0441 0.0085 -0.0312 -0.1219 -0.2716 -0.3305 -0.3328 -0.2034 0.0981 0.1144 0.0439 0.0084 -0.0315 -0.1226 -0.2721 -0.3306 -0.3327 -0.2018 0.0998 0.1136 0.0435 0.0081 -0.0322 -0.1256 -0.2748 -0.3313 -0.3321 -0.1858 0.1172 0.1049 0.0397 0.0051 -0.0375 -0.1430 -0.2855 -0.3334 -0.3303 -0.1527 0.1429 0.0930 0.0343 0.0012 -0.0441 -0.1661 -0.2036
-0.1319 -0.0460 0.0004 0.0337 0.0919 0.1449 -0.1496 -0.3301 -0.3336 -0.2865 -0.1449 -0.0381 0.0048 0.0391 0.1037 0.1199 -0.1829 -0.3320 -0.3315 -0.2754 -0.1262 -0.0322 0.0082 0.0438 0.1145 0.0971 -0.2049 -0.3328 -0.3303 -0.2709 -0.1209 -0.0309 0.0087 0.0444 0.1159 0.0946 -0.2070 -0.3329 -0.3302 -0.2704 -0.1201 -0.0306 0.0089 0.0447 0.1166 0.0930 -0.2086 -0.3329 -0.3278 -0.2685 -0.1994 -0.2685 -0.3278 -0.3329 -0.2086 0.0930 0.1166 0.0447 0.0089 -0.0306 -0.1201 -0.2704 -0.3302 -0.3329 -0.2070 0.0946 0.1159 0.0444 0.0087 -0.0309 -0.1209 -0.2709 -0.3303 -0.3328 -0.2049 0.0971 0.1144 0.0438 0.0082 -0.0322 -0.1262 -0.2754 -0.3315 -0.3320 -0.1829 0.1199 0.1037 0.0391 0.0048 -0.0381 -0.1449 -0.2865 -0.3336 -0.3301 -0.1496 0.1449 0.0919 0.0337 0.0004 -0.0460 -0.1319
-0.0588 0.0030 0.0332 0.0909 0.1467 -0.1465 -0.3299 -0.3337 -0.2876 -0.1469 -0.0388 0.0044 0.0386 0.1024 0.1228 -0.1796 -0.3318 -0.3317 -0.2763 -0.1273 -0.0325 0.0081 0.0438 0.1149 0.0953 -0.2073 -0.3330 -0.3301 -0.2697 -0.1191 -0.0303 0.0091 0.0450 0.1175 0.0910 -0.2107 -0.3331 -0.3299 -0.2691 -0.1183 -0.0301 0.0093 0.0452 0.1182 0.0894 -0.2123 -0.3331 -0.3298 -0.2628 -0.1106 -0.0484 -0.1106 -0.2628 -0.3298 -0.3331 -0.2123 0.0894 0.1182 0.0452 0.0093 -0.0301 -0.1183 -0.2691 -0.3299 -0.3331 -0.2107 0.0910 0.1175 0.0450 0.0091 -0.0303 -0.1191 -0.2697 -0.3301 -0.3329 -0.2070 0.0956 0.1148 0.0438 0.0081 -0.0325 -0.1273 -0.2763 -0.3317 -0.3318 -0.1796 0.1228 0.1024 0.0386 0.0044 -0.0388 -0.1469 -0.2876 -0.3337 -0.3299 -0.1465 0.1467 0.0909 0.0332 0.0030 -0.0588
-0.0205 0.0360 0.0899 0.1485 -0.1435 -0.3297 -0.3339 -0.2886 -0.1488 -0.0394 0.0040 0.0381 0.1012 0.1255 -0.1763 -0.3316 -0.3319 -0.2774 -0.1289 -0.0330 0.0078 0.0435 0.1145 0.0953 -0.2083 -0.3330 -0.3299 -0.2688 -0.1175 -0.0298 0.0095 0.0456 0.1191 0.0873 -0.2145 -0.3332 -0.3296 -0.2678 -0.1165 -0.0295 0.0096 0.0458 0.1198 0.0857 -0.2162 -0.3333 -0.3296 -0.2674 -0.1112 -0.0233 0.0041 -0.0233 -0.1112 -0.2674 -0.3296 -0.3333 -0.2162 0.0857 0.1198 0.0458 0.0096 -0.0295 -0.1165 -0.2678 -0.3296 -0.3332 -0.2145 0.0873 0.1191 0.0456 0.0095 -0.0298 -0.1176 -0.2688 -0.3299 -0.3330 -0.2078 0.0956 0.1144 0.0435 0.0078 -0.0330 -0.1289 -0.2774 -0.3319 -0.3316 -0.1763 0.1255 0.1012 0.0381 0.0040 -0.0394 -0.1488 -0.2886 -0.3339 -0.3297 -0.1435 0.1485 0.0899 0.0360 -0.0205
0.0174 0.0890 0.1502 -0.1405 -0.3295 -0.3340 -0.2896 -0.1508 -0.0400 0.0036 0.0376 0.1000 0.1281 -0.1730 -0.3315 -0.3321 -0.2785 -0.1308 -0.0335 0.0075 0.0431 0.1136 0.0971 -0.2073 -0.3330 -0.3298 -0.2683 -0.1165 -0.0293 0.0098 0.0461 0.1208 0.0836 -0.2184 -0.3333 -0.3294 -0.2666 -0.1148 -0.0289 0.0100 0.0464 0.1215 0.0819 -0.2200 -0.3334 -0.3292 -0.2662 -0.1143 -0.0286 0.0137 0.0371 0.0137 -0.0286 -0.1143 -0.2662 -0.3292 -0.3334 -0.2200 0.0819 0.1215 0.0464 0.0100 -0.0289 -0.1148 -0.2666 -0.3294 -0.3333 -0.2184 0.0836 0.1208 0.0461 0.0098 -0.0293 -0.1165 -0.2683 -0.3299 -0.3330 -0.2070 0.0971 0.1136 0.0431 0.0075 -0.0335 -0.1308 -0.2785 -0.3321 -0.3315 -0.1730 0.1281 0.1000 0.0376 0.0036 -0.0400 -0.1508 -0.2896 -0.3340 -0.3295 -0.1405 0.1502 0.0890 0.0174
0.0706 0.1519 -0.1375 -0.3293 -0.3342 -0.2905 -0.1527 -0.0407 0.0032 0.0370 0.0989 0.1307 -0.1698 -0.3313 -0.3323 -0.2796 -0.1326 -0.0341 0.0071 0.0426 0.1123 0.0998 -0.2049 -0.3330 -0.3299 -0.2683 -0.1162 -0.0291 0.0100 0.0465 0.1222 0.0800 -0.2223 -0.3335 -0.3291 -0.2653 -0.1131 -0.0283 0.0103 0.0469 0.1232 0.0781 -0.2240 -0.3335 -0.3289 -0.2647 -0.1125 -0.0282 0.0106 0.0504 0.0869 0.0504 0.0106 -0.0282 -0.1125 -0.2647 -0.3289 -0.3335 -0.2240 0.0781 0.1232 0.0469 0.0103 -0.0283 -0.1131 -0.2653 -0.3291 -0.3335 -0.2223 0.0800 0.1222 0.0465 0.0100 -0.0291 -0.1162 -0.2683 -0.3299 -0.3329 -0.2049 0.0998 0.1123 0.0426 0.0071 -0.0341 -0.1326 -0.2796 -0.3323 -0.3313 -0.1698 0.1307 0.0989 0.0370 0.0032 -0.0407 -0.1527 -0.2905 -0.3342 -0.3293 -0.1375 0.1519 0.0706
0.1171 -0.1344 -0.3291 -0.3343 -0.2915 -0.1547 -0.0413 0.0029 0.0365 0.0977 0.1331 -0.1666 -0.3311 -0.3325 -0.2807 -0.1345 -0.0348 0.0068 0.0420 0.1109 0.1030 -0.2018 -0.3328 -0.3301 -0.2688 -0.1165 -0.0291 0.0100 0.0467 0.1232 0.0773 -0.2257 -0.3336 -0.3287 -0.2640 -0.1114 -0.0277 0.0107 0.0475 0.1250 0.0742 -0.2280 -0.3337 -0.3286 -0.2634 -0.1106 -0.0275 0.0107 0.0479 0.1165 0.1387 0.1165 0.0479 0.0107 -0.0275 -0.1106 -0.2634 -0.3286 -0.3337 -0.2280 0.0742 0.1250 0.0475 0.0107 -0.0277 -0.1114 -0.2640 -0.3287 -0.3336 -0.2257 0.0773 0.1232 0.0467 0.0100 -0.0291 -0.1165 -0.2688 -0.3301 -0.3328 -0.2018 0.1030 0.1109 0.0420 0.0068 -0.0348 -0.1345 -0.2807 -0.3325 -0.3311 -0.1666 0.1331 0.0977 0.0365 0.0029 -0.0413 -0.1547 -0.2915 -0.3343 -0.3291 -0.1344 0.1171
-0.0907 -0.3287 -0.3344 -0.2924 -0.1567 -0.0419 0.0025 0.0360 0.0966 0.1355 -0.1634 -0.3309 -0.3327 -0.2818 -0.1364 -0.0354 0.0064 0.0415 0.1095 0.1063 -0.1982 -0.3327 -0.3303 -0.2697 -0.1176 -0.0293 0.0100 0.0467 0.1236 0.0756 -0.2280 -0.3337 -0.3285 -0.2627 -0.1097 -0.0272 0.0110 0.0481 0.1269 0.0703 -0.2320 -0.3338 -0.3283 -0.2621 -0.1090 -0.0269 0.0112 0.0482 0.1297 0.0617 -0.1497 0.0617 0.1297 0.0482 0.0112 -0.0269 -0.1090 -0.2621 -0.3283 -0.3338 -0.2320 0.0703 0.1269 0.0481 0.0110 -0.0272 -0.1097 -0.2627 -0.3285 -0.3337 -0.2280 0.0756 0.1236 0.0467 0.0100 -0.0293 -0.1176 -0.2697 -0.3303 -0.3327 -0.1982 0.1063 0.1095 0.0415 0.0064 -0.0354 -0.1364 -0.2818 -0.3327 -0.3309 -0.1634 0.1355 0.0966 0.0360 0.0025 -0.0419 -0.1567 -0.2924 -0.3344 -0.3287 -0.0907
-0.1935 -0.3344 -0.2933 -0.1586 -0.0426 0.0021 0.0355 0.0955 0.1378 -0.1603 -0.3307 -0.3329 -0.2829 -0.1383 -0.0360 0.0060 0.0409 0.1081 0.1095 -0.1947 -0.3325 -0.3306 -0.2709 -0.1191 -0.0298 0.0098 0.0465 0.1232 0.0756 -0.2288 -0.3338 -0.3283 -0.2618 -0.1082 -0.0266 0.0114 0.0486 0.1288 0.0663 -0.2362 -0.3339 -0.3280 -0.2607 -0.1073 -0.0264 0.0115 0.0489 0.1303 0.0602 -0.2447 -0.3288 -0.2447 0.0602 0.1303 0.0489 0.0115 -0.0264 -0.1073 -0.2607 -0.3280 -0.3339 -0.2362 0.0663 0.1288 0.0486 0.0114 -0.0266 -0.1082 -0.2618 -0.3283 -0.3338 -0.2288 0.0756 0.1232 0.0465 0.0098 -0.0298 -0.1191 -0.2709 -0.3306 -0.3325 -0.1947 0.1095 0.1081 0.0409 0.0060 -0.0360 -0.1383 -0.2829 -0.3329 -0.3307 -0.1603 0.1378 0.0955 0.0355 0.0021 -0.0426 -0.1586 -0.2933 -0.3344 -0.1935
-0.2151 -0.2949 -0.1603 -0.0433 0.0017 0.0350 0.0945 0.1400 -0.1571 -0.3305 -0.3331 -0.2840 -0.1402 -0.0366 0.0057 0.0404 0.1068 0.1127 -0.1912 -0.3324 -0.3308 -0.2721 -0.1209 -0.0303 0.0095 0.0461 0.1222 0.0773 -0.2280 -0.3338 -0.3282 -0.2612 -0.1073 -0.0262 0.0117 0.0492 0.1307 0.0622 -0.2404 -0.3341 -0.3276 -0.2594 -0.1056 -0.0258 0.0119 0.0494 0.1316 0.0606 -0.2449 -0.3358 -0.3399 -0.3358 -0.2449 0.0606 0.1316 0.0494 0.0119 -0.0258 -0.1056 -0.2594 -0.3276 -0.3341 -0.2404 0.0622 0.1307 0.0492 0.0117 -0.0262 -0.1073 -0.2612 -0.3282 -0.3338 -0.2280 0.0773 0.1222 0.0461 0.0095 -0.0303 -0.1209 -0.2721 -0.3308 -0.3324 -0.1912 0.1127 0.1068 0.0404 0.0057 -0.0366 -0.1402 -0.2840 -0.3331 -0.3305 -0.1571 0.1400 0.0945 0.0350 0.0017 -0.0433 -0.1603 -0.2949 -0.2151
-0.2034 -0.1652 -0.0438 0.0013 0.0345 0.0934 0.1420 -0.1540 -0.3304 -0.3333 -0.2851 -0.1422 -0.0372 0.0053 0.0399 0.1055 0.1157 -0.1878 -0.3322 -0.3311 -0.2733 -0.1226 -0.0309 0.0091 0.0456 0.1208 0.0800 -0.2257 -0.3337 -0.3283 -0.2612 -0.1069 -0.0260 0.0119 0.0496 0.1324 0.0584 -0.2448 -0.3342 -0.3273 -0.2580 -0.1040 -0.0252 0.0122 0.0500 0.1336 0.0565 -0.2466 -0.3338 -0.3283 -0.3079 -0.3283 -0.3338 -0.2466 0.0565 0.1336 0.0500 0.0122 -0.0252 -0.1040 -0.2580 -0.3273 -0.3342 -0.2448 0.0584 0.1324 0.0496 0.0119 -0.0260 -0.1069 -0.2612 -0.3283 -0.3337 -0.2257 0.0800 0.1208 0.0456 0.0091 -0.0309 -0.1226 -0.2733 -0.3311 -0.3322 -0.1878 0.1157 0.1055 0.0399 0.0053 -0.0372 -0.1422 -0.2851 -0.3333 -0.3304 -0.1540 0.1420 0.0934 0.0345 0.0013 -0.0438 -0.1652 -0.2034
-0.1314 -0.0457 0.0006 0.0340 0.0924 0.1440 -0.1509 -0.3302 -0.3335 -0.2861 -0.1441 -0.0379 0.0049 0.0394 0.1042 0.1187 -0.1844 -0.3320 -0.3313 -0.2745 -0.1245 -0.0315 0.0087 0.0450 0.1191 0.0836 -0.2223 -0.3336 -0.3285 -0.2618 -0.1073 -0.0260 0.0120 0.0498 0.1336 0.0555 -0.2485 -0.3343 -0.3269 -0.2566 -0.1024 -0.0247 0.0126 0.0506 0.1357 0.0523 -0.2511 -0.3343 -0.3242 -0.2540 -0.1775 -0.2540 -0.3242 -0.3343 -0.2511 0.0523 0.1357 0.0506 0.0126 -0.0247 -0.1024 -0.2566 -0.3269 -0.3343 -0.2485 0.0555 0.1336 0.0498 0.0120 -0.0260 -0.1073 -0.2618 -0.3285 -0.3336 -0.2223 0.0836 0.1191 0.0450 0.0087 -0.0315 -0.1245 -0.2745 -0.3313 -0.3320 -0.1844 0.1187 0.1042 0.0394 0.0049 -0.0379 -0.1441 -0.2861 -0.3335 -0.3302 -0.1509 0.1440 0.0924 0.0340 0.0006 -0.0457 -0.1314
-0.0586 0.0032 0.0335 0.0914 0.1460 -0.1479 -0.3300 -0.3337 -0.2871 -0.1460 -0.0385 0.0045 0.0388 0.1029 0.1216 -0.1810 -0.3319 -0.3316 -0.2757 -0.1263 -0.0321 0.0084 0.0444 0.1175 0.0873 -0.2184 -0.3335 -0.3287 -0.2627 -0.1082 -0.0262 0.0119 0.0498 0.1341 0.0538 -0.2511 -0.3344 -0.3266 -0.2553 -0.1008 -0.0241 0.0129 0.0512 0.1379 0.0481 -0.2556 -0.3345 -0.3264 -0.2484 -0.0933 -0.0386 -0.0933 -0.2484 -0.3264 -0.3345 -0.2556 0.0481 0.1379 0.0512 0.0129 -0.0241 -0.1008 -0.2553 -0.3266 -0.3344 -0.2511 0.0538 0.1341 0.0498 0.0119 -0.0262 -0.1082 -0.2627 -0.3287 -0.3335 -0.2184 0.0873 0.1175 0.0444 0.0084 -0.0321 -0.1263 -0.2757 -0.3316 -0.3319 -0.1810 0.1216 0.1029 0.0388 0.0045 -0.0385 -0.1460 -0.2871 -0.3337 -0.3300 -0.1479 0.1460 0.0914 0.0335 0.0032 -0.0586
-0.0203 0.0362 0.0904 0.1478 -0.1448 -0.3298 -0.3338 -0.2881 -0.1480 -0.0391 0.0042 0.0383 0.1017 0.1243 -0.1777 -0.3317 -0.3318 -0.2769 -0.1281 -0.0327 0.0080 0.0439 0.1159 0.0910 -0.2145 -0.3333 -0.3291 -0.2640 -0.1097 -0.0266 0.0117 0.0496 0.1336 0.0538 -0.2520 -0.3344 -0.3264 -0.2543 -0.0995 -0.0236 0.0133 0.0518 0.1402 0.0440 -0.2603 -0.3346 -0.3261 -0.2532 -0.0949 -0.0178 0.0076 -0.0178 -0.0949 -0.2532 -0.3261 -0.3346 -0.2603 0.0440 0.1402 0.0518 0.0133 -0.0236 -0.0995 -0.2543 -0.3264 -0.3344 -0.2520 0.0538 0.1336 0.0496 0.0117 -0.0266 -0.1097 -0.2640 -0.3291 -0.3333 -0.2145 0.0910 0.1159 0.0439 0.0080 -0.0327 -0.1281 -0.2769 -0.3318 -0.3317 -0.1777 0.1243 0.1017 0.0383 0.0042 -0.0391 -0.1480 -0.2881 -0.3338 -0.3298 -0.1448 0.1478 0.0904 0.0362 -0.0203
0.0176 0.0894 0.1495 -0.1418 -0.3296 -0.3340 -0.2891 -0.1499 -0.0397 0.0038 0.0378 0.1005 0.1270 -0.1744 -0.3315 -0.3320 -0.2780 -0.1300 -0.0333 0.0077 0.0433 0.1144 0.0946 -0.2107 -0.3332 -0.3294 -0.2653 -0.1114 -0.0272 0.0114 0.0492 0.1324 0.0555 -0.2511 -0.3344 -0.3264 -0.2536 -0.0986 -0.0232 0.0136 0.0523 0.1426 0.0398 -0.2650 -0.3347 -0.3257 -0.2518 -0.0973 -0.0227 0.0172 0.0422 0.0172 -0.0227 -0.0973 -0.2518 -0.3257 -0.3347 -0.2650 0.0398 0.1426 0.0523 0.0136 -0.0232 -0.0986 -0.2536 -0.3264 -0.3344 -0.2511 0.0555 0.1324 0.0492 0.0114 -0.0272 -0.1114 -0.2653 -0.3294 -0.3332 -0.2107 0.0946 0.1144 0.0433 0.0077 -0.0333 -0.1300 -0.2780 -0.3320 -0.3315 -0.1744 0.1270 0.1005 0.0378 0.0038 -0.0397 -0.1499 -0.2891 -0.3340 -0.3296 -0.1418 0.1495 0.0894 0.0176
0.0710 0.1512 -0.1387 -0.3294 -0.3341 -0.2901 -0.1519 -0.0404 0.0034 0.0373 0.0994 0.1296 -0.1712 -0.3314 -0.3323 -0.2791 -0.1318 -0.0339 0.0073 0.0428 0.1129 0.0981 -0.2070 -0.3331 -0.3296 -0.2666 -0.1131 -0.0277 0.0110 0.0486 0.1307 0.0584 -0.2485 -0.3344 -0.3264 -0.2536 -0.0982 -0.0230 0.0138 0.0528 0.1446 0.0359 -0.2699 -0.3348 -0.3253 -0.2502 -0.0956 -0.0224 0.0142 0.0562 0.0947 0.0562 0.0142 -0.0224 -0.0956 -0.2502 -0.3253 -0.3348 -0.2699 0.0359 0.1446 0.0528 0.0138 -0.0230 -0.0982 -0.2536 -0.3264 -0.3344 -0.2485 0.0584 0.1307 0.0486 0.0110 -0.0277 -0.1131 -0.2666 -0.3296 -0.3331 -0.2070 0.0981 0.1129 0.0428 0.0073 -0.0339 -0.1318 -0.2791 -0.3323 -0.3314 -0.1712 0.1296 0.0994 0.0373 0.0034 -0.0404 -0.1519 -0.2901 -0.3341 -0.3294 -0.1387 0.1512 0.0710
0.1165 -0.1356 -0.3292 -0.3343 -0.2911 -0.1539 -0.0410 0.0030 0.0367 0.0982 0.1321 -0.1680 -0.3312 -0.3325 -0.2803 -0.1337 -0.0345 0.0069 0.0423 0.1115 0.1015 -0.2034 -0.3329 -0.3299 -0.2678 -0.1148 -0.0283 0.0107 0.0481 0.1288 0.0622 -0.2448 -0.3343 -0.3266 -0.2543 -0.0986 -0.0230 0.0138 0.0530 0.1461 0.0329 -0.2741 -0.3349 -0.3249 -0.2487 -0.0940 -0.0217 0.0144 0.0541 0.1319 0.1273 0.1319 0.0541 0.0144 -0.0217 -0.0940 -0.2487 -0.3249 -0.3349 -0.2741 0.0329 0.1461 0.0530 0.0138 -0.0230 -0.0986 -0.2543 -0.3266 -0.3343 -0.2448 0.0622 0.1288 0.0481 0.0107 -0.0283 -0.1148 -0.2678 -0.3299 -0.3329 -0.2034 0.1015 0.1115 0.0423 0.0069 -0.0345 -0.1337 -0.2803 -0.3325 -0.3312 -0.1680 0.1321 0.0982 0.0367 0.0030 -0.0410 -0.1539 -0.2911 -0.3343 -0.3292 -0.1356 0.1165
-0.0916 -0.3288 -0.3344 -0.2920 -0.1558 -0.0417 0.0026 0.0362 0.0971 0.1345 -0.1648 -0.3310 -0.3327 -0.2814 -0.1356 -0.0351 0.0066 0.0417 0.1101 0.1049 -0.1998 -0.3328 -0.3302 -0.2691 -0.1165 -0.0289 0.0103 0.0475 0.1269 0.0663 -0.2404 -0.3342 -0.3269 -0.2553 -0.0995 -0.0232 0.0138 0.0530 0.1466 0.0312 -0.2770 -0.3349 -0.3246 -0.2473 -0.0925 -0.0212 0.0148 0.0544 0.1545 0.0184 -0.2017 0.0184 0.1545 0.0544 0.0148 -0.0212 -0.0925 -0.2473 -0.3246 -0.3349 -0.2770 0.0312 0.1466 0.0530 0.0138 -0.0232 -0.0995 -0.2553 -0.3269 -0.3342 -0.2404 0.0663 0.1269 0.0475 0.0103 -0.0289 -0.1165 -0.2691 -0.3302 -0.3328 -0.1998 0.1049 0.1101 0.0417 0.0066 -0.0351 -0.1356 -0.2814 -0.3327 -0.3310 -0.1648 0.1345 0.0971 0.0362 0.0026 -0.0417 -0.1558 -0.2920 -0.3344 -0.3288 -0.0916
-0.1937 -0.3344 -0.2928 -0.1578 -0.0423 0.0023 0.0357 0.0960 0.1368 -0.1616 -0.3308 -0.3329 -0.2825 -0.1375 -0.0357 0.0062 0.0412 0.1087 0.1081 -0.1962 -0.3326 -0.3305 -0.2704 -0.1183 -0.0295 0.0100 0.0469 0.1250 0.0703 -0.2362 -0.3341 -0.3273 -0.2566 -0.1008 -0.0236 0.0136 0.0528 0.1461 0.0312 -0.2781 -0.3350 -0.3243 -0.2463 -0.0913 -0.0207 0.0151 0.0550 0.1553 0.0171 -0.2958 -0.3313 -0.2958 0.0171 0.1553 0.0550 0.0151 -0.0207 -0.0913 -0.2463 -0.3243 -0.3350 -0.2781 0.0312 0.1461 0.0528 0.0136 -0.0236 -0.1008 -0.2566 -0.3273 -0.3341 -0.2362 0.0703 0.1250 0.0469 0.0100 -0.0295 -0.1183 -0.2704 -0.3305 -0.3326 -0.1962 0.1081 0.1087 0.0412 0.0062 -0.0357 -0.1375 -0.2825 -0.3329 -0.3308 -0.1616 0.1368 0.0960 0.0357 0.0023 -0.0423 -0.1578 -0.2928 -0.3344 -0.1937
-0.2152 -0.2944 -0.1595 -0.0430 0.0019 0.0352 0.0949 0.1390 -0.1585 -0.3306 -0.3331 -0.2835 -0.1394 -0.0363 0.0058 0.0406 0.1073 0.1113 -0.1927 -0.3324 -0.3307 -0.2716 -0.1201 -0.0301 0.0096 0.0464 0.1232 0.0742 -0.2320 -0.3339 -0.3276 -0.2580 -0.1024 -0.0241 0.0133 0.0523 0.1446 0.0329 -0.2770 -0.3350 -0.3242 -0.2456 -0.0904 -0.0203 0.0154 0.0556 0.1570 0.0172 -0.2959 -0.3368 -0.3391 -0.3368 -0.2959 0.0172 0.1570 0.0556 0.0154 -0.0203 -0.0904 -0.2456 -0.3242 -0.3350 -0.2770 0.0329 0.1446 0.0523 0.0133 -0.0241 -0.1024 -0.2580 -0.3276 -0.3339 -0.2320 0.0742 0.1232 0.0464 0.0096 -0.0301 -0.1201 -0.2716 -0.3307 -0.3324 -0.1927 0.1113 0.1073 0.0406 0.0058 -0.0363 -0.1394 -0.2835 -0.3331 -0.3306 -0.1585 0.1390 0.0949 0.0352 0.0019 -0.0430 -0.1595 -0.2944 -0.2152
-0.2032 -0.1645 -0.0436 0.0015 0.0347 0.0939 0.1412 -0.1553 -0.3304 -0.3332 -0.2846 -0.1413 -0.0370 0.0055 0.0401 0.1060 0.1144 -0.1892 -0.3323 -0.3310 -0.2728 -0.1219 -0.0306 0.0093 0.0458 0.1215 0.0781 -0.2280 -0.3338 -0.3280 -0.2594 -0.1040 -0.0247 0.0129 0.0518 0.1426 0.0359 -0.2741 -0.3349 -0.3243 -0.2456 -0.0901 -0.0201 0.0156 0.0560 0.1596 0.0133 -0.2982 -0.3347 -0.3241 -0.2988 -0.3241 -0.3347 -0.2982 0.0133 0.1596 0.0560 0.0156 -0.0201 -0.0901 -0.2456 -0.3243 -0.3349 -0.2741 0.0359 0.1426 0.0518 0.0129 -0.0247 -0.1040 -0.2594 -0.3280 -0.3338 -0.2280 0.0781 0.1215 0.0458 0.0093 -0.0306 -0.1219 -0.2728 -0.3310 -0.3323 -0.1892 0.1144 0.1060 0.0401 0.0055 -0.0370 -0.1413 -0.2846 -0.3332 -0.3304 -0.1553 0.1412 0.0939 0.0347 0.0015 -0.0436 -0.1645 -0.2032
-0.1309 -0.0454 0.0007 0.0342 0.0928 0.1432 -0.1523 -0.3302 -0.3334 -0.2856 -0.1433 -0.0376 0.0051 0.0396 0.1047 0.1174 -0.1858 -0.3321 -0.3312 -0.2740 -0.1237 -0.0312 0.0089 0.0452 0.1198 0.0819 -0.2240 -0.3337 -0.3283 -0.2607 -0.1056 -0.0252 0.0126 0.0512 0.1402 0.0398 -0.2699 -0.3349 -0.3246 -0.2463 -0.0904 -0.0201 0.0157 0.0563 0.1614 0.0104 -0.3031 -0.3353 -0.3197 -0.2377 -0.1552 -0.2377 -0.3197 -0.3353 -0.3031 0.0104 0.1614 0.0563 0.0157 -0.0201 -0.0904 -0.2463 -0.3246 -0.3349 -0.2699 0.0398 0.1402 0.0512 0.0126 -0.0252 -0.1056 -0.2607 -0.3283 -0.3337 -0.2240 0.0819 0.1198 0.0452 0.0089 -0.0312 -0.1237 -0.2740 -0.3312 -0.3321 -0.1858 0.1174 0.1047 0.0396 0.0051 -0.0376 -0.1433 -0.2856 -0.3334 -0.3302 -0.1523 0.1432 0.0928 0.0342 0.0007 -0.0454 -0.1309
-0.0584 0.0034 0.0337 0.0918 0.1451 -0.1492 -0.3300 -0.3336 -0.2867 -0.1452 -0.0382 0.0047 0.0391 0.1035 0.1203 -0.1825 -0.3320 -0.3315 -0.2752 -0.1255 -0.0318 0.0085 0.0447 0.1182 0.0857 -0.2200 -0.3335 -0.3286 -0.2621 -0.1073 -0.0258 0.0122 0.0506 0.1379 0.0440 -0.2650 -0.3348 -0.3249 -0.2473 -0.0913 -0.0203 0.0156 0.0563 0.1620 0.0087 -0.3064 -0.3354 -0.3223 -0.2325 -0.0782 -0.0301 -0.0782 -0.2325 -0.3223 -0.3354 -0.3064 0.0087 0.1620 0.0563 0.0156 -0.0203 -0.0913 -0.2473 -0.3249 -0.3348 -0.2650 0.0440 0.1379 0.0506 0.0122 -0.0258 -0.1073 -0.2621 -0.3286 -0.3335 -0.2200 0.0857 0.1182 0.0447 0.0085 -0.0318 -0.1255 -0.2752 -0.3315 -0.3320 -0.1825 0.1203 0.1035 0.0391 0.0047 -0.0382 -0.1452 -0.2867 -0.3336 -0.3300 -0.1492 0.1451 0.0918 0.0337 0.0034 -0.0584
-0.0201 0.0363 0.0908 0.1470 -0.1461 -0.3299 -0.3337 -0.2877 -0.1471 -0.0388 0.0043 0.0385 0.1022 0.1232 -0.1791 -0.3318 -0.3317 -0.2764 -0.1273 -0.0324 0.0082 0.0441 0.1166 0.0894 -0.2162 -0.3334 -0.3289 -0.2634 -0.1090 -0.0264 0.0119 0.0500 0.1357 0.0481 -0.2603 -0.3347 -0.3253 -0.2487 -0.0925 -0.0207 0.0154 0.0560 0.1614 0.0087 -0.3076 -0.3354 -0.3221 -0.2380 -0.0811 -0.0126 0.0109 -0.0126 -0.0812 -0.2379 -0.3221 -0.3354 -0.3076 0.0087 0.1614 0.0560 0.0154 -0.0207 -0.0925 -0.2487 -0.3253 -0.3347 -0.2603 0.0481 0.1357 0.0500 0.0119 -0.0264 -0.1090 -0.2634 -0.3289 -0.3334 -0.2162 0.0894 0.1166 0.0441 0.0082 -0.0324 -0.1273 -0.2764 -0.3317 -0.3318 -0.1791 0.1232 0.1022 0.0385 0.0043 -0.0388 -0.1471 -0.2877 -0.3337 -0.3299 -0.1461 0.1470 0.0908 0.0363 -0.0201
0.0178 0.0898 0.1488 -0.1431 -0.3297 -0.3339 -0.2887 -0.1491 -0.0395 0.0040 0.0380 0.1010 0.1259 -0.1758 -0.3316 -0.3319 -0.2775 -0.1292 -0.0330 0.0078 0.0436 0.1151 0.0930 -0.2123 -0.3333 -0.3292 -0.2647 -0.1106 -0.0269 0.0115 0.0494 0.1336 0.0523 -0.2556 -0.3346 -0.3257 -0.2502 -0.0940 -0.0212 0.0151 0.0556 0.1596 0.0104 -0.3064 -0.3354 -0.3219 -0.2373 -0.0833 -0.0174 0.0206 0.0473 0.0206 -0.0175 -0.0832 -0.2371 -0.3219 -0.3354 -0.3064 0.0104 0.1596 0.0556 0.0151 -0.0212 -0.0940 -0.2502 -0.3257 -0.3346 -0.2556 0.0523 0.1336 0.0494 0.0115 -0.0269 -0.1106 -0.2647 -0.3292 -0.3333 -0.2123 0.0930 0.1151 0.0436 0.0078 -0.0330 -0.1292 -0.2775 -0.3319 -0.3316 -0.1758 0.1259 0.1010 0.0380 0.0040 -0.0395 -0.1491 -0.2887 -0.3339 -0.3297 -0.1431 0.1488 0.0898 0.0178
0.0713 0.1505 -0.1401 -0.3294 -0.3341 -0.2897 -0.1511 -0.0401 0.0036 0.0375 0.0999 0.1285 -0.1726 -0.3314 -0.3322 -0.2787 -0.1310 -0.0336 0.0075 0.0430 0.1136 0.0966 -0.2086 -0.3331 -0.3295 -0.2660 -0.1123 -0.0275 0.0112 0.0489 0.1316 0.0564 -0.2511 -0.3345 -0.3261 -0.2517 -0.0955 -0.0217 0.0148 0.0550 0.1570 0.0133 -0.3031 -0.3354 -0.3220 -0.2370 -0.0827 -0.0175 0.0175 0.0619 0.1028 0.0619 0.0175 -0.0174 -0.0827 -0.2372 -0.3221 -0.3354 -0.3031 0.0133 0.1570 0.0550 0.0148 -0.0217 -0.0956 -0.2518 -0.3261 -0.3345 -0.2511 0.0565 0.1316 0.0489 0.0112 -0.0275 -0.1125 -0.2662 -0.3296 -0.3331 -0.2086 0.0966 0.1136 0.0430 0.0075 -0.0336 -0.1312 -0.2788 -0.3322 -0.3314 -0.1725 0.1286 0.0999 0.0375 0.0036 -0.0401 -0.1512 -0.2898 -0.3341 -0.3294 -0.1400 0.1505 0.0713
0.1158 -0.1370 -0.3292 -0.3342 -0.2907 -0.1530 -0.0408 0.0032 0.0370 0.0987 0.1310 -0.1693 -0.3313 -0.3324 -0.2798 -0.1329 -0.0342 0.0071 0.0425 0.1121 0.1001 -0.2049 -0.3330 -0.3298 -0.2673 -0.1141 -0.0281 0.0108 0.0483 0.1296 0.0605 -0.2466 -0.3343 -0.3264 -0.2531 -0.0970 -0.0222 0.0144 0.0544 0.1541 0.0172 -0.2983 -0.3353 -0.3222 -0.2377 -0.0829 -0.0173 0.0174 0.0599 0.1431 0.1095 0.1431 0.0598 0.0173 -0.0174 -0.0832 -0.2380 -0.3223 -0.3353 -0.2982 0.0172 0.1553 0.0544 0.0144 -0.0224 -0.0973 -0.2532 -0.3264 -0.3343 -0.2466 0.0606 0.1303 0.0482 0.0107 -0.0282 -0.1143 -0.2674 -0.3298 -0.3329 -0.2049 0.1001 0.1125 0.0424 0.0070 -0.0344 -0.1332 -0.2798 -0.3323 -0.3312 -0.1693 0.1311 0.0990 0.0369 0.0031 -0.0409 -0.1533 -0.2907 -0.3342 -0.3292 -0.1369 0.1158
-0.0924 -0.3289 -0.3343 -0.2916 -0.1550 -0.0414 0.0028 0.0364 0.0976 0.1335 -0.1661 -0.3311 -0.3326 -0.2809 -0.1348 -0.0348 0.0067 0.0419 0.1107 0.1034 -0.2013 -0.3328 -0.3301 -0.2686 -0.1158 -0.0286 0.0105 0.0477 0.1277 0.0645 -0.2423 -0.3342 -0.3268 -0.2546 -0.0986 -0.0228 0.0141 0.0538 0.1513 0.0213 -0.2928 -0.3353 -0.3226 -0.2390 -0.0837 -0.0175 0.0175 0.0596 0.1689 -0.0178 -0.2381 -0.0224 0.1684 0.0598 0.0176 -0.0174 -0.0812 -0.2325 -0.3197 -0.3347 -0.2959 0.0171 0.1545 0.0541 0.0142 -0.0227 -0.0949 -0.2484 -0.3242 -0.3338 -0.2449 0.0602 0.1297 0.0479 0.0106 -0.0286 -0.1112 -0.2628 -0.3278 -0.3326 -0.2036 0.0996 0.1120 0.0421 0.0068 -0.0348 -0.1293 -0.2756 -0.3307 -0.3310 -0.1683 0.1304 0.0985 0.0366 0.0029 -0.0413 -0.1489 -0.2868 -0.3327 -0.3289 -0.0947
-0.1938 -0.3343 -0.2925 -0.1569 -0.0420 0.0024 0.0359 0.0965 0.1358 -0.1630 -0.3309 -0.3328 -0.2820 -0.1367 -0.0355 0.0064 0.0414 0.1093 0.1068 -0.1977 -0.3327 -0.3304 -0.2698 -0.1176 -0.0292 0.0101 0.0472 0.1258 0.0686 -0.2380 -0.3341 -0.3271 -0.2560 -0.1001 -0.0233 0.0138 0.0532 0.1487 0.0255 -0.2874 -0.3352 -0.3231 -0.2404 -0.0848 -0.0178 0.0173 0.0594 0.1692 -0.0151 -0.3217 -0.3347 -0.3218 -0.0228 0.1432 0.0619 0.0206 -0.0126 -0.0782 -0.2377 -0.3241 -0.3368 -0.2958 0.0184 0.1319 0.0562 0.0172 -0.0178 -0.0933 -0.2540 -0.3283 -0.3358 -0.2447 0.0617 0.1165 0.0504 0.0137 -0.0233 -0.1106 -0.2685 -0.3317 -0.3343 -0.2034 0.1010 0.1044 0.0448 0.0102 -0.0293 -0.1300 -0.2813 -0.3342 -0.3325 -0.1680 0.1316 0.0944 0.0395 0.0065 -0.0357 -0.1506 -0.2919 -0.3362 -0.1954
-0.2152 -0.2941 -0.1587 -0.0427 0.0020 0.0354 0.0954 0.1381 -0.1598 -0.3307 -0.3330 -0.2831 -0.1386 -0.0361 0.0060 0.0409 0.1079 0.1100 -0.1942 -0.3325 -0.3306 -0.2711 -0.1193 -0.0298 0.0098 0.0466 0.1240 0.0725 -0.2338 -0.3340 -0.3275 -0.2574 -0.1017 -0.0239 0.0134 0.0526 0.1461 0.0297 -0.2821 -0.3351 -0.3235 -0.2420 -0.0862 -0.0183 0.0170 0.0590 0.1691 -0.0102 -0.3205 -0.3383 -0.3521 -0.3267 -0.2178 0.1081 0.1031 0.0473 0.0109 -0.0301 -0.1552 -0.2988 -0.3391 -0.3313 -0.2017 0.1273 0.0947 0.0422 0.0076 -0.0386 -0.1775 -0.3079 -0.3399 -0.3288 -0.1497 0.1387 0.0869 0.0371 0.0041 -0.0484 -0.1994 -0.3156 -0.3401 -0.3260 -0.1050 0.1436 0.0797 0.0321 0.0002 -0.0596 -0.2199 -0.3220 -0.3398 -0.3230 -0.0626 0.1441 0.0730 0.0274 -0.0040 -0.0724 -0.2377 -0.3288 -0.2073
-0.2030 -0.1639 -0.0433 0.0017 0.0349 0.0943 0.1403 -0.1567 -0.3305 -0.3332 -0.2843 -0.1407 -0.0367 0.0056 0.0403 0.1066 0.1132 -0.1907 -0.3324 -0.3309 -0.2724 -0.1212 -0.0304 0.0094 0.0460 0.1222 0.0765 -0.2297 -0.3339 -0.3279 -0.2589 -0.1034 -0.0244 0.0131 0.0520 0.1436 0.0339 -0.2770 -0.3350 -0.3240 -0.2437 -0.0877 -0.0188 0.0167 0.0584 0.1688 -0.0081 -0.3195 -0.3349 -0.3365 -0.3126 -0.0672 0.0412 0.1334 0.0620 0.0205 -0.0126 -0.0782 -0.2378 -0.3241 -0.3368 -0.2958 0.0184 0.1319 0.0562 0.0172 -0.0178 -0.0933 -0.2540 -0.3283 -0.3358 -0.2447 0.0617 0.1165 0.0504 0.0137 -0.0233 -0.1106 -0.2685 -0.3317 -0.3343 -0.2034 0.1010 0.1044 0.0448 0.0102 -0.0293 -0.1300 -0.2813 -0.3342 -0.3325 -0.1680 0.1316 0.0944 0.0395 0.0065 -0.0357 -0.1506 -0.2919 -0.3362 -0.1954
