0.0003 0.0020 0.0057 0.0180 0.0566 0.1778 0.5588 1.0000 1.0000 1.0000 0.0006 0.0018 0.0058 0.0181 0.0569 0.1789 0.5620 1.0000 1.0000 1.0000 0.0006 0.0018 0.0058 0.0182 0.0573 0.1799 0.5652 1.0000 1.0000 1.0000 0.0006 0.0019 0.0058 0.0183 0.0576 0.1809 0.5685 1.0000 1.0000 1.0000 0.0006 0.0019 0.0059 0.0184 0.0579 0.1820 0.5717 1.0000 1.0000 1.0000 0.0005 1.0000 1.0000 1.0000 0.5717 0.1820 0.0579 0.0184 0.0059 0.0019 0.0006 1.0000 1.0000 1.0000 0.5685 0.1809 0.0576 0.0183 0.0058 0.0019 0.0006 1.0000 1.0000 1.0000 0.5652 0.1799 0.0573 0.0182 0.0058 0.0018 0.0006 1.0000 1.0000 1.0000 0.5620 0.1789 0.0569 0.0181 0.0058 0.0018 0.0006 1.0000 1.0000 1.0000 0.5588 0.1778 0.0566 0.0180 0.0057 0.0020 0.0003
0.0020 0.0128 0.0361 0.1157 0.3629 1.0000 1.0000 1.0000 1.0000 0.0012 0.0037 0.0118 0.0370 0.1162 0.3650 1.0000 1.0000 1.0000 1.0000 0.0012 0.0038 0.0118 0.0372 0.1168 0.3671 1.0000 1.0000 1.0000 1.0000 0.0012 0.0038 0.0119 0.0374 0.1175 0.3692 1.0000 1.0000 1.0000 1.0000 0.0012 0.0038 0.0120 0.0376 0.1182 0.3713 1.0000 1.0000 1.0000 1.0000 0.0014 0.0032 0.0014 1.0000 1.0000 1.0000 1.0000 0.3713 0.1182 0.0376 0.0120 0.0038 0.0012 1.0000 1.0000 1.0000 1.0000 0.3692 0.1175 0.0374 0.0119 0.0038 0.0012 1.0000 1.0000 1.0000 1.0000 0.3671 0.1168 0.0372 0.0118 0.0038 0.0012 1.0000 1.0000 1.0000 1.0000 0.3650 0.1162 0.0370 0.0118 0.0037 0.0012 1.0000 1.0000 1.0000 1.0000 0.3629 0.1157 0.0361 0.0128 0.0020
0.0057 0.0361 0.1046 0.3344 1.0000 1.0000 1.0000 1.0000 0.0011 0.0035 0.0109 0.0342 0.1072 0.3376 1.0000 1.0000 1.0000 1.0000 0.0011 0.0035 0.0109 0.0344 0.1078 0.3395 1.0000 1.0000 1.0000 1.0000 0.0011 0.0035 0.0110 0.0345 0.1087 0.3408 1.0000 1.0000 1.0000 1.0000 0.0011 0.0035 0.0110 0.0348 0.1091 0.3434 1.0000 1.0000 1.0000 1.0000 0.0011 0.0041 0.0092 0.0041 0.0011 1.0000 1.0000 1.0000 1.0000 0.3434 0.1091 0.0348 0.0110 0.0035 0.0011 1.0000 1.0000 1.0000 1.0000 0.3408 0.1087 0.0345 0.0110 0.0035 0.0011 1.0000 1.0000 1.0000 1.0000 0.3395 0.1078 0.0344 0.0109 0.0035 0.0011 1.0000 1.0000 1.0000 1.0000 0.3376 0.1072 0.0342 0.0109 0.0035 0.0011 1.0000 1.0000 1.0000 1.0000 0.3344 0.1046 0.0361 0.0057
0.0180 0.1157 0.3344 1.0000 1.0000 1.0000 1.0000 0.0011 0.0036 0.0111 0.0350 0.1101 0.3460 1.0000 1.0000 1.0000 1.0000 0.0011 0.0036 0.0112 0.0353 0.1108 0.3480 1.0000 1.0000 1.0000 1.0000 0.0011 0.0036 0.0113 0.0355 0.1114 0.3500 1.0000 1.0000 1.0000 1.0000 0.0011 0.0036 0.0113 0.0357 0.1120 0.3520 1.0000 1.0000 1.0000 1.0000 0.0012 0.0036 0.0132 0.0295 0.0132 0.0036 0.0012 1.0000 1.0000 1.0000 1.0000 0.3520 0.1120 0.0357 0.0113 0.0036 0.0011 1.0000 1.0000 1.0000 1.0000 0.3500 0.1114 0.0355 0.0113 0.0036 0.0011 1.0000 1.0000 1.0000 1.0000 0.3480 0.1108 0.0353 0.0112 0.0036 0.0011 1.0000 1.0000 1.0000 1.0000 0.3460 0.1101 0.0350 0.0111 0.0036 0.0011 1.0000 1.0000 1.0000 1.0000 0.3344 0.1157 0.0180
0.0566 0.3629 1.0000 1.0000 1.0000 1.0000 0.0011 0.0036 0.0113 0.0354 0.1112 0.3500 1.0000 1.0000 1.0000 1.0000 0.0011 0.0036 0.0113 0.0357 0.1120 0.3520 1.0000 1.0000 1.0000 1.0000 0.0012 0.0036 0.0114 0.0359 0.1127 0.3540 1.0000 1.0000 1.0000 1.0000 0.0012 0.0037 0.0115 0.0361 0.1133 0.3561 1.0000 1.0000 1.0000 1.0000 0.0012 0.0037 0.0116 0.0418 0.0935 0.0418 0.0116 0.0037 0.0012 1.0000 1.0000 1.0000 1.0000 0.3561 0.1133 0.0361 0.0115 0.0037 0.0012 1.0000 1.0000 1.0000 1.0000 0.3540 0.1127 0.0359 0.0114 0.0036 0.0012 1.0000 1.0000 1.0000 1.0000 0.3520 0.1120 0.0357 0.0113 0.0036 0.0011 1.0000 1.0000 1.0000 1.0000 0.3500 0.1112 0.0354 0.0113 0.0036 0.0011 1.0000 1.0000 1.0000 1.0000 0.3629 0.0566
0.1778 1.0000 1.0000 1.0000 1.0000 0.0011 0.0036 0.0114 0.0359 0.1127 0.3547 1.0000 1.0000 1.0000 1.0000 0.0012 0.0037 0.0115 0.0361 0.1135 0.3567 1.0000 1.0000 1.0000 1.0000 0.0012 0.0037 0.0116 0.0363 0.1142 0.3588 1.0000 1.0000 1.0000 1.0000 0.0012 0.0037 0.0116 0.0365 0.1148 0.3608 1.0000 1.0000 1.0000 1.0000 0.0012 0.0037 0.0117 0.0369 0.1335 0.2978 0.1335 0.0369 0.0117 0.0037 0.0012 1.0000 1.0000 1.0000 1.0000 0.3608 0.1148 0.0365 0.0116 0.0037 0.0012 1.0000 1.0000 1.0000 1.0000 0.3588 0.1142 0.0363 0.0116 0.0037 0.0012 1.0000 1.0000 1.0000 1.0000 0.3567 0.1135 0.0361 0.0115 0.0037 0.0012 1.0000 1.0000 1.0000 1.0000 0.3547 0.1127 0.0359 0.0114 0.0036 0.0011 1.0000 1.0000 1.0000 1.0000 0.1778
0.5588 1.0000 1.0000 1.0000 0.0011 0.0036 0.0114 0.0361 0.1137 0.3581 1.0000 1.0000 1.0000 1.0000 0.0012 0.0037 0.0117 0.0366 0.1151 0.3615 1.0000 1.0000 1.0000 1.0000 0.0012 0.0037 0.0117 0.0368 0.1157 0.3636 1.0000 1.0000 1.0000 1.0000 0.0012 0.0038 0.0118 0.0370 0.1164 0.3657 1.0000 1.0000 1.0000 1.0000 0.0012 0.0038 0.0119 0.0371 0.1175 0.4249 0.9481 0.4249 0.1175 0.0371 0.0119 0.0038 0.0012 1.0000 1.0000 1.0000 1.0000 0.3657 0.1164 0.0370 0.0118 0.0038 0.0012 1.0000 1.0000 1.0000 1.0000 0.3636 0.1157 0.0368 0.0117 0.0037 0.0012 1.0000 1.0000 1.0000 1.0000 0.3615 0.1151 0.0366 0.0117 0.0037 0.0012 1.0000 1.0000 1.0000 1.0000 0.3581 0.1137 0.0361 0.0114 0.0036 0.0011 1.0000 1.0000 1.0000 0.5588
1.0000 1.0000 1.0000 0.0011 0.0036 0.0114 0.0361 0.1140 0.3608 1.0000 1.0000 1.0000 1.0000 0.0012 0.0038 0.0118 0.0371 0.1166 0.3664 1.0000 1.0000 1.0000 1.0000 0.0012 0.0038 0.0119 0.0373 0.1173 0.3685 1.0000 1.0000 1.0000 1.0000 0.0012 0.0038 0.0119 0.0375 0.1179 0.3706 1.0000 1.0000 1.0000 1.0000 0.0012 0.0038 0.0120 0.0377 0.1182 0.3741 1.0000 1.0000 1.0000 0.3741 0.1182 0.0377 0.0120 0.0038 0.0012 1.0000 1.0000 1.0000 1.0000 0.3706 0.1179 0.0375 0.0119 0.0038 0.0012 1.0000 1.0000 1.0000 1.0000 0.3685 0.1173 0.0373 0.0119 0.0038 0.0012 1.0000 1.0000 1.0000 1.0000 0.3664 0.1166 0.0371 0.0118 0.0038 0.0012 1.0000 1.0000 1.0000 1.0000 0.3608 0.1140 0.0361 0.0114 0.0036 0.0011 1.0000 1.0000 1.0000
1.0000 1.0000 0.0011 0.0036 0.0113 0.0359 0.1137 0.3608 1.0000 1.0000 1.0000 1.0000 0.0012 0.0038 0.0120 0.0376 0.1182 0.3713 1.0000 1.0000 1.0000 1.0000 0.0012 0.0038 0.0120 0.0378 0.1188 0.3734 1.0000 1.0000 1.0000 1.0000 0.0012 0.0039 0.0121 0.0380 0.1195 0.3755 1.0000 1.0000 1.0000 1.0000 0.0012 0.0039 0.0122 0.0383 0.1202 0.3762 1.0000 1.0000 1.0000 1.0000 1.0000 0.3762 0.1202 0.0383 0.0122 0.0039 0.0012 1.0000 1.0000 1.0000 1.0000 0.3755 0.1195 0.0380 0.0121 0.0039 0.0012 1.0000 1.0000 1.0000 1.0000 0.3734 0.1188 0.0378 0.0120 0.0038 0.0012 1.0000 1.0000 1.0000 1.0000 0.3713 0.1182 0.0376 0.0120 0.0038 0.0012 1.0000 1.0000 1.0000 1.0000 0.3608 0.1137 0.0359 0.0113 0.0036 0.0011 1.0000 1.0000
1.0000 0.0012 0.0035 0.0111 0.0354 0.1127 0.3581 1.0000 1.0000 1.0000 1.0000 0.0012 0.0038 0.0121 0.0381 0.1197 0.3762 1.0000 1.0000 1.0000 1.0000 0.0012 0.0039 0.0122 0.0383 0.1204 0.3784 1.0000 1.0000 1.0000 1.0000 0.0012 0.0039 0.0123 0.0385 0.1211 0.3806 1.0000 1.0000 1.0000 1.0000 0.0012 0.0039 0.0123 0.0388 0.1218 0.3827 1.0000 1.0000 1.0000 1.0000 1.0000 1.0000 1.0000 0.3827 0.1218 0.0388 0.0123 0.0039 0.0012 1.0000 1.0000 1.0000 1.0000 0.3806 0.1211 0.0385 0.0123 0.0039 0.0012 1.0000 1.0000 1.0000 1.0000 0.3784 0.1204 0.0383 0.0122 0.0039 0.0012 1.0000 1.0000 1.0000 1.0000 0.3762 0.1197 0.0381 0.0121 0.0038 0.0012 1.0000 1.0000 1.0000 1.0000 0.3581 0.1127 0.0354 0.0111 0.0035 0.0012 1.0000
0.0006 0.0037 0.0109 0.0350 0.1112 0.3547 1.0000 1.0000 1.0000 1.0000 0.0012 0.0039 0.0122 0.0385 0.1211 0.3813 1.0000 1.0000 1.0000 1.0000 0.0013 0.0039 0.0124 0.0388 0.1220 0.3835 1.0000 1.0000 1.0000 1.0000 0.0013 0.0040 0.0124 0.0391 0.1227 0.3857 1.0000 1.0000 1.0000 1.0000 0.0013 0.0040 0.0125 0.0393 0.1234 0.3879 1.0000 1.0000 1.0000 1.0000 0.0010 1.0000 1.0000 1.0000 1.0000 0.3879 0.1234 0.0393 0.0125 0.0040 0.0013 1.0000 1.0000 1.0000 1.0000 0.3857 0.1227 0.0391 0.0124 0.0040 0.0013 1.0000 1.0000 1.0000 1.0000 0.3835 0.1220 0.0388 0.0124 0.0039 0.0013 1.0000 1.0000 1.0000 1.0000 0.3813 0.1211 0.0385 0.0122 0.0039 0.0012 1.0000 1.0000 1.0000 1.0000 0.3547 0.1112 0.0350 0.0109 0.0037 0.0006
0.0018 0.0118 0.0342 0.1101 0.3500 1.0000 1.0000 1.0000 1.0000 0.0012 0.0039 0.0123 0.0388 0.1223 0.3849 1.0000 1.0000 1.0000 1.0000 0.0013 0.0040 0.0125 0.0394 0.1237 0.3886 1.0000 1.0000 1.0000 1.0000 0.0013 0.0040 0.0126 0.0396 0.1244 0.3908 1.0000 1.0000 1.0000 1.0000 0.0013 0.0040 0.0127 0.0398 0.1251 0.3931 1.0000 1.0000 1.0000 1.0000 0.0015 0.0033 0.0015 1.0000 1.0000 1.0000 1.0000 0.3931 0.1251 0.0398 0.0127 0.0040 0.0013 1.0000 1.0000 1.0000 1.0000 0.3908 0.1244 0.0396 0.0126 0.0040 0.0013 1.0000 1.0000 1.0000 1.0000 0.3886 0.1237 0.0394 0.0125 0.0040 0.0013 1.0000 1.0000 1.0000 1.0000 0.3849 0.1223 0.0388 0.0123 0.0039 0.0012 1.0000 1.0000 1.0000 1.0000 0.3500 0.1101 0.0342 0.0118 0.0018
0.0058 0.0370 0.1072 0.3460 1.0000 1.0000 1.0000 1.0000 0.0012 0.0038 0.0122 0.0388 0.1227 0.3879 1.0000 1.0000 1.0000 1.0000 0.0013 0.0040 0.0127 0.0399 0.1253 0.3938 1.0000 1.0000 1.0000 1.0000 0.0013 0.0041 0.0128 0.0401 0.1261 0.3961 1.0000 1.0000 1.0000 1.0000 0.0013 0.0041 0.0128 0.0403 0.1268 0.3983 1.0000 1.0000 1.0000 1.0000 0.0013 0.0047 0.0106 0.0047 0.0013 1.0000 1.0000 1.0000 1.0000 0.3983 0.1268 0.0403 0.0128 0.0041 0.0013 1.0000 1.0000 1.0000 1.0000 0.3961 0.1261 0.0401 0.0128 0.0041 0.0013 1.0000 1.0000 1.0000 1.0000 0.3938 0.1253 0.0399 0.0127 0.0040 0.0013 1.0000 1.0000 1.0000 1.0000 0.3879 0.1227 0.0388 0.0122 0.0038 0.0012 1.0000 1.0000 1.0000 1.0000 0.3460 0.1072 0.0370 0.0058
0.0181 0.1162 0.3376 1.0000 1.0000 1.0000 1.0000 0.0012 0.0038 0.0121 0.0385 0.1223 0.3879 1.0000 1.0000 1.0000 1.0000 0.0013 0.0041 0.0129 0.0404 0.1270 0.3991 1.0000 1.0000 1.0000 1.0000 0.0013 0.0041 0.0129 0.0407 0.1277 0.4014 1.0000 1.0000 1.0000 1.0000 0.0013 0.0041 0.0130 0.0409 0.1285 0.4037 1.0000 1.0000 1.0000 1.0000 0.0013 0.0042 0.0151 0.0337 0.0151 0.0042 0.0013 1.0000 1.0000 1.0000 1.0000 0.4037 0.1285 0.0409 0.0130 0.0041 0.0013 1.0000 1.0000 1.0000 1.0000 0.4014 0.1277 0.0407 0.0129 0.0041 0.0013 1.0000 1.0000 1.0000 1.0000 0.3991 0.1270 0.0404 0.0129 0.0041 0.0013 1.0000 1.0000 1.0000 1.0000 0.3879 0.1223 0.0385 0.0121 0.0038 0.0012 1.0000 1.0000 1.0000 1.0000 0.3376 0.1162 0.0181
0.0569 0.3650 1.0000 1.0000 1.0000 1.0000 0.0012 0.0038 0.0120 0.0381 0.1211 0.3849 1.0000 1.0000 1.0000 1.0000 0.0013 0.0041 0.0130 0.0410 0.1287 0.4044 1.0000 1.0000 1.0000 1.0000 0.0013 0.0042 0.0131 0.0412 0.1295 0.4068 1.0000 1.0000 1.0000 1.0000 0.0013 0.0042 0.0132 0.0414 0.1302 0.4091 1.0000 1.0000 1.0000 1.0000 0.0013 0.0042 0.0133 0.0482 0.1074 0.0482 0.0133 0.0042 0.0013 1.0000 1.0000 1.0000 1.0000 0.4091 0.1302 0.0414 0.0132 0.0042 0.0013 1.0000 1.0000 1.0000 1.0000 0.4068 0.1295 0.0412 0.0131 0.0042 0.0013 1.0000 1.0000 1.0000 1.0000 0.4044 0.1287 0.0410 0.0130 0.0041 0.0013 1.0000 1.0000 1.0000 1.0000 0.3849 0.1211 0.0381 0.0120 0.0038 0.0012 1.0000 1.0000 1.0000 1.0000 0.3650 0.0569
0.1789 1.0000 1.0000 1.0000 1.0000 0.0012 0.0037 0.0118 0.0376 0.1197 0.3813 1.0000 1.0000 1.0000 1.0000 0.0013 0.0042 0.0131 0.0414 0.1302 0.4099 1.0000 1.0000 1.0000 1.0000 0.0013 0.0042 0.0133 0.0418 0.1312 0.4122 1.0000 1.0000 1.0000 1.0000 0.0014 0.0043 0.0134 0.0420 0.1319 0.4146 1.0000 1.0000 1.0000 1.0000 0.0014 0.0043 0.0134 0.0424 0.1533 0.3421 0.1533 0.0424 0.0134 0.0043 0.0014 1.0000 1.0000 1.0000 1.0000 0.4146 0.1319 0.0420 0.0134 0.0043 0.0014 1.0000 1.0000 1.0000 1.0000 0.4122 0.1312 0.0418 0.0133 0.0042 0.0013 1.0000 1.0000 1.0000 1.0000 0.4099 0.1302 0.0414 0.0131 0.0042 0.0013 1.0000 1.0000 1.0000 1.0000 0.3813 0.1197 0.0376 0.0118 0.0037 0.0012 1.0000 1.0000 1.0000 1.0000 0.1789
0.5620 1.0000 1.0000 1.0000 0.0011 0.0037 0.0117 0.0371 0.1182 0.3762 1.0000 1.0000 1.0000 1.0000 0.0013 0.0042 0.0132 0.0417 0.1314 0.4138 1.0000 1.0000 1.0000 1.0000 0.0014 0.0043 0.0135 0.0423 0.1329 0.4177 1.0000 1.0000 1.0000 1.0000 0.0014 0.0043 0.0135 0.0426 0.1337 0.4201 1.0000 1.0000 1.0000 1.0000 0.0014 0.0043 0.0136 0.0426 0.1350 0.4882 1.0000 0.4882 0.1350 0.0426 0.0136 0.0043 0.0014 1.0000 1.0000 1.0000 1.0000 0.4201 0.1337 0.0426 0.0135 0.0043 0.0014 1.0000 1.0000 1.0000 1.0000 0.4177 0.1329 0.0423 0.0135 0.0043 0.0014 1.0000 1.0000 1.0000 1.0000 0.4138 0.1314 0.0417 0.0132 0.0042 0.0013 1.0000 1.0000 1.0000 1.0000 0.3762 0.1182 0.0371 0.0117 0.0037 0.0011 1.0000 1.0000 1.0000 0.5620
1.0000 1.0000 1.0000 0.0011 0.0036 0.0115 0.0366 0.1166 0.3713 1.0000 1.0000 1.0000 1.0000 0.0013 0.0041 0.0131 0.0417 0.1319 0.4169 1.0000 1.0000 1.0000 1.0000 0.0014 0.0043 0.0136 0.0429 0.1347 0.4233 1.0000 1.0000 1.0000 1.0000 0.0014 0.0044 0.0137 0.0431 0.1355 0.4257 1.0000 1.0000 1.0000 1.0000 0.0014 0.0044 0.0138 0.0434 0.1358 0.4298 1.0000 1.0000 1.0000 0.4298 0.1358 0.0434 0.0138 0.0044 0.0014 1.0000 1.0000 1.0000 1.0000 0.4257 0.1355 0.0431 0.0137 0.0044 0.0014 1.0000 1.0000 1.0000 1.0000 0.4233 0.1347 0.0429 0.0136 0.0043 0.0014 1.0000 1.0000 1.0000 1.0000 0.4169 0.1319 0.0417 0.0131 0.0041 0.0013 1.0000 1.0000 1.0000 1.0000 0.3713 0.1166 0.0366 0.0115 0.0036 0.0011 1.0000 1.0000 1.0000
1.0000 1.0000 0.0011 0.0036 0.0113 0.0361 0.1151 0.3664 1.0000 1.0000 1.0000 1.0000 0.0013 0.0041 0.0130 0.0414 0.1314 0.4169 1.0000 1.0000 1.0000 1.0000 0.0014 0.0044 0.0138 0.0435 0.1365 0.4290 1.0000 1.0000 1.0000 1.0000 0.0014 0.0044 0.0139 0.0437 0.1373 0.4315 1.0000 1.0000 1.0000 1.0000 0.0014 0.0045 0.0140 0.0440 0.1381 0.4323 1.0000 1.0000 1.0000 1.0000 1.0000 0.4323 0.1381 0.0440 0.0140 0.0045 0.0014 1.0000 1.0000 1.0000 1.0000 0.4315 0.1373 0.0437 0.0139 0.0044 0.0014 1.0000 1.0000 1.0000 1.0000 0.4290 0.1365 0.0435 0.0138 0.0044 0.0014 1.0000 1.0000 1.0000 1.0000 0.4169 0.1314 0.0414 0.0130 0.0041 0.0013 1.0000 1.0000 1.0000 1.0000 0.3664 0.1151 0.0361 0.0113 0.0036 0.0011 1.0000 1.0000
1.0000 0.0012 0.0035 0.0112 0.0357 0.1135 0.3615 1.0000 1.0000 1.0000 1.0000 0.0013 0.0040 0.0129 0.0410 0.1302 0.4138 1.0000 1.0000 1.0000 1.0000 0.0014 0.0044 0.0140 0.0440 0.1384 0.4347 1.0000 1.0000 1.0000 1.0000 0.0014 0.0045 0.0141 0.0443 0.1392 0.4372 1.0000 1.0000 1.0000 1.0000 0.0014 0.0045 0.0142 0.0445 0.1400 0.4397 1.0000 1.0000 1.0000 1.0000 1.0000 1.0000 1.0000 0.4397 0.1400 0.0445 0.0142 0.0045 0.0014 1.0000 1.0000 1.0000 1.0000 0.4372 0.1392 0.0443 0.0141 0.0045 0.0014 1.0000 1.0000 1.0000 1.0000 0.4347 0.1384 0.0440 0.0140 0.0044 0.0014 1.0000 1.0000 1.0000 1.0000 0.4138 0.1302 0.0410 0.0129 0.0040 0.0013 1.0000 1.0000 1.0000 1.0000 0.3615 0.1135 0.0357 0.0112 0.0035 0.0012 1.0000
0.0006 0.0038 0.0109 0.0353 0.1120 0.3567 1.0000 1.0000 1.0000 1.0000 0.0013 0.0040 0.0127 0.0404 0.1287 0.4099 1.0000 1.0000 1.0000 1.0000 0.0014 0.0045 0.0141 0.0445 0.1400 0.4406 1.0000 1.0000 1.0000 1.0000 0.0014 0.0045 0.0143 0.0449 0.1410 0.4431 1.0000 1.0000 1.0000 1.0000 0.0015 0.0046 0.0144 0.0451 0.1418 0.4456 1.0000 1.0000 1.0000 1.0000 0.0012 1.0000 1.0000 1.0000 1.0000 0.4456 0.1418 0.0451 0.0144 0.0046 0.0015 1.0000 1.0000 1.0000 1.0000 0.4431 0.1410 0.0449 0.0143 0.0045 0.0014 1.0000 1.0000 1.0000 1.0000 0.4406 0.1400 0.0445 0.0141 0.0045 0.0014 1.0000 1.0000 1.0000 1.0000 0.4099 0.1287 0.0404 0.0127 0.0040 0.0013 1.0000 1.0000 1.0000 1.0000 0.3567 0.1120 0.0353 0.0109 0.0038 0.0006
0.0018 0.0118 0.0344 0.1108 0.3520 1.0000 1.0000 1.0000 1.0000 0.0012 0.0039 0.0125 0.0399 0.1270 0.4044 1.0000 1.0000 1.0000 1.0000 0.0014 0.0045 0.0142 0.0448 0.1413 0.4448 1.0000 1.0000 1.0000 1.0000 0.0015 0.0046 0.0145 0.0455 0.1429 0.4490 1.0000 1.0000 1.0000 1.0000 0.0015 0.0046 0.0146 0.0457 0.1437 0.4516 1.0000 1.0000 1.0000 1.0000 0.0017 0.0038 0.0017 1.0000 1.0000 1.0000 1.0000 0.4516 0.1437 0.0457 0.0146 0.0046 0.0015 1.0000 1.0000 1.0000 1.0000 0.4490 0.1429 0.0455 0.0145 0.0046 0.0015 1.0000 1.0000 1.0000 1.0000 0.4448 0.1413 0.0448 0.0142 0.0045 0.0014 1.0000 1.0000 1.0000 1.0000 0.4044 0.1270 0.0399 0.0125 0.0039 0.0012 1.0000 1.0000 1.0000 1.0000 0.3520 0.1108 0.0344 0.0118 0.0018
0.0058 0.0372 0.1078 0.3480 1.0000 1.0000 1.0000 1.0000 0.0012 0.0039 0.0124 0.0394 0.1253 0.3991 1.0000 1.0000 1.0000 1.0000 0.0014 0.0044 0.0141 0.0448 0.1418 0.4482 1.0000 1.0000 1.0000 1.0000 0.0015 0.0047 0.0147 0.0461 0.1448 0.4550 1.0000 1.0000 1.0000 1.0000 0.0015 0.0047 0.0148 0.0464 0.1457 0.4577 1.0000 1.0000 1.0000 1.0000 0.0015 0.0055 0.0122 0.0055 0.0015 1.0000 1.0000 1.0000 1.0000 0.4577 0.1457 0.0464 0.0148 0.0047 0.0015 1.0000 1.0000 1.0000 1.0000 0.4550 0.1448 0.0461 0.0147 0.0047 0.0015 1.0000 1.0000 1.0000 1.0000 0.4482 0.1418 0.0448 0.0141 0.0044 0.0014 1.0000 1.0000 1.0000 1.0000 0.3991 0.1253 0.0394 0.0124 0.0039 0.0012 1.0000 1.0000 1.0000 1.0000 0.3480 0.1078 0.0372 0.0058
0.0182 0.1168 0.3395 1.0000 1.0000 1.0000 1.0000 0.0012 0.0038 0.0122 0.0388 0.1237 0.3938 1.0000 1.0000 1.0000 1.0000 0.0014 0.0044 0.0140 0.0445 0.1413 0.4482 1.0000 1.0000 1.0000 1.0000 0.0015 0.0047 0.0149 0.0467 0.1468 0.4611 1.0000 1.0000 1.0000 1.0000 0.0015 0.0048 0.0150 0.0470 0.1476 0.4638 1.0000 1.0000 1.0000 1.0000 0.0015 0.0048 0.0174 0.0388 0.0174 0.0048 0.0015 1.0000 1.0000 1.0000 1.0000 0.4638 0.1476 0.0470 0.0150 0.0048 0.0015 1.0000 1.0000 1.0000 1.0000 0.4611 0.1468 0.0467 0.0149 0.0047 0.0015 1.0000 1.0000 1.0000 1.0000 0.4482 0.1413 0.0445 0.0140 0.0044 0.0014 1.0000 1.0000 1.0000 1.0000 0.3938 0.1237 0.0388 0.0122 0.0038 0.0012 1.0000 1.0000 1.0000 1.0000 0.3395 0.1168 0.0182
0.0573 0.3671 1.0000 1.0000 1.0000 1.0000 0.0012 0.0038 0.0120 0.0383 0.1220 0.3886 1.0000 1.0000 1.0000 1.0000 0.0014 0.0043 0.0138 0.0440 0.1400 0.4448 1.0000 1.0000 1.0000 1.0000 0.0015 0.0048 0.0150 0.0473 0.1487 0.4673 1.0000 1.0000 1.0000 1.0000 0.0015 0.0048 0.0152 0.0476 0.1496 0.4700 1.0000 1.0000 1.0000 1.0000 0.0015 0.0048 0.0153 0.0553 0.1234 0.0553 0.0153 0.0048 0.0015 1.0000 1.0000 1.0000 1.0000 0.4700 0.1496 0.0476 0.0152 0.0048 0.0015 1.0000 1.0000 1.0000 1.0000 0.4673 0.1487 0.0473 0.0150 0.0048 0.0015 1.0000 1.0000 1.0000 1.0000 0.4448 0.1400 0.0440 0.0138 0.0043 0.0014 1.0000 1.0000 1.0000 1.0000 0.3886 0.1220 0.0383 0.0120 0.0038 0.0012 1.0000 1.0000 1.0000 1.0000 0.3671 0.0573
0.1799 1.0000 1.0000 1.0000 1.0000 0.0012 0.0037 0.0119 0.0378 0.1204 0.3835 1.0000 1.0000 1.0000 1.0000 0.0013 0.0043 0.0136 0.0435 0.1384 0.4406 1.0000 1.0000 1.0000 1.0000 0.0015 0.0048 0.0152 0.0478 0.1504 0.4736 1.0000 1.0000 1.0000 1.0000 0.0016 0.0049 0.0154 0.0482 0.1516 0.4763 1.0000 1.0000 1.0000 1.0000 0.0016 0.0049 0.0154 0.0487 0.1762 0.3931 0.1762 0.0487 0.0154 0.0049 0.0016 1.0000 1.0000 1.0000 1.0000 0.4763 0.1516 0.0482 0.0154 0.0049 0.0016 1.0000 1.0000 1.0000 1.0000 0.4736 0.1504 0.0478 0.0152 0.0048 0.0015 1.0000 1.0000 1.0000 1.0000 0.4406 0.1384 0.0435 0.0136 0.0043 0.0013 1.0000 1.0000 1.0000 1.0000 0.3835 0.1204 0.0378 0.0119 0.0037 0.0012 1.0000 1.0000 1.0000 1.0000 0.1799
0.5652 1.0000 1.0000 1.0000 0.0012 0.0037 0.0117 0.0373 0.1188 0.3784 1.0000 1.0000 1.0000 1.0000 0.0013 0.0042 0.0135 0.0429 0.1365 0.4347 1.0000 1.0000 1.0000 1.0000 0.0015 0.0048 0.0152 0.0481 0.1516 0.4781 1.0000 1.0000 1.0000 1.0000 0.0016 0.0050 0.0156 0.0489 0.1536 0.4827 1.0000 1.0000 1.0000 1.0000 0.0016 0.0050 0.0156 0.0490 0.1551 0.5609 1.0000 0.5609 0.1551 0.0490 0.0156 0.0050 0.0016 1.0000 1.0000 1.0000 1.0000 0.4827 0.1536 0.0489 0.0156 0.0050 0.0016 1.0000 1.0000 1.0000 1.0000 0.4781 0.1516 0.0481 0.0152 0.0048 0.0015 1.0000 1.0000 1.0000 1.0000 0.4347 0.1365 0.0429 0.0135 0.0042 0.0013 1.0000 1.0000 1.0000 1.0000 0.3784 0.1188 0.0373 0.0117 0.0037 0.0012 1.0000 1.0000 1.0000 0.5652
1.0000 1.0000 1.0000 0.0011 0.0036 0.0116 0.0368 0.1173 0.3734 1.0000 1.0000 1.0000 1.0000 0.0013 0.0042 0.0133 0.0423 0.1347 0.4290 1.0000 1.0000 1.0000 1.0000 0.0015 0.0048 0.0152 0.0481 0.1522 0.4809 1.0000 1.0000 1.0000 1.0000 0.0016 0.0050 0.0158 0.0495 0.1557 0.4892 1.0000 1.0000 1.0000 1.0000 0.0016 0.0050 0.0159 0.0498 0.1560 0.4938 1.0000 1.0000 1.0000 0.4938 0.1560 0.0498 0.0159 0.0050 0.0016 1.0000 1.0000 1.0000 1.0000 0.4892 0.1557 0.0495 0.0158 0.0050 0.0016 1.0000 1.0000 1.0000 1.0000 0.4809 0.1522 0.0481 0.0152 0.0048 0.0015 1.0000 1.0000 1.0000 1.0000 0.4290 0.1347 0.0423 0.0133 0.0042 0.0013 1.0000 1.0000 1.0000 1.0000 0.3734 0.1173 0.0368 0.0116 0.0036 0.0011 1.0000 1.0000 1.0000
1.0000 1.0000 0.0011 0.0036 0.0114 0.0363 0.1157 0.3685 1.0000 1.0000 1.0000 1.0000 0.0013 0.0041 0.0131 0.0418 0.1329 0.4233 1.0000 1.0000 1.0000 1.0000 0.0015 0.0047 0.0150 0.0478 0.1516 0.4809 1.0000 1.0000 1.0000 1.0000 0.0016 0.0051 0.0160 0.0502 0.1578 0.4957 1.0000 1.0000 1.0000 1.0000 0.0016 0.0051 0.0161 0.0505 0.1587 0.4967 1.0000 1.0000 1.0000 1.0000 1.0000 0.4967 0.1587 0.0505 0.0161 0.0051 0.0016 1.0000 1.0000 1.0000 1.0000 0.4957 0.1578 0.0502 0.0160 0.0051 0.0016 1.0000 1.0000 1.0000 1.0000 0.4809 0.1516 0.0478 0.0150 0.0047 0.0015 1.0000 1.0000 1.0000 1.0000 0.4233 0.1329 0.0418 0.0131 0.0041 0.0013 1.0000 1.0000 1.0000 1.0000 0.3685 0.1157 0.0363 0.0114 0.0036 0.0011 1.0000 1.0000
1.0000 0.0012 0.0035 0.0113 0.0359 0.1142 0.3636 1.0000 1.0000 1.0000 1.0000 0.0013 0.0041 0.0129 0.0412 0.1312 0.4177 1.0000 1.0000 1.0000 1.0000 0.0015 0.0047 0.0149 0.0473 0.1504 0.4781 1.0000 1.0000 1.0000 1.0000 0.0016 0.0051 0.0162 0.0509 0.1599 0.5024 1.0000 1.0000 1.0000 1.0000 0.0016 0.0052 0.0163 0.0512 0.1608 0.5052 1.0000 1.0000 1.0000 1.0000 1.0000 1.0000 1.0000 0.5052 0.1608 0.0512 0.0163 0.0052 0.0016 1.0000 1.0000 1.0000 1.0000 0.5024 0.1599 0.0509 0.0162 0.0051 0.0016 1.0000 1.0000 1.0000 1.0000 0.4781 0.1504 0.0473 0.0149 0.0047 0.0015 1.0000 1.0000 1.0000 1.0000 0.4177 0.1312 0.0412 0.0129 0.0041 0.0013 1.0000 1.0000 1.0000 1.0000 0.3636 0.1142 0.0359 0.0113 0.0035 0.0012 1.0000
0.0006 0.0038 0.0110 0.0355 0.1127 0.3588 1.0000 1.0000 1.0000 1.0000 0.0013 0.0040 0.0128 0.0407 0.1295 0.4122 1.0000 1.0000 1.0000 1.0000 0.0014 0.0046 0.0147 0.0467 0.1487 0.4736 1.0000 1.0000 1.0000 1.0000 0.0016 0.0052 0.0163 0.0514 0.1617 0.5091 1.0000 1.0000 1.0000 1.0000 0.0017 0.0053 0.0165 0.0519 0.1629 0.5120 1.0000 1.0000 1.0000 1.0000 0.0014 1.0000 1.0000 1.0000 1.0000 0.5120 0.1629 0.0519 0.0165 0.0053 0.0017 1.0000 1.0000 1.0000 1.0000 0.5091 0.1617 0.0514 0.0163 0.0052 0.0016 1.0000 1.0000 1.0000 1.0000 0.4736 0.1487 0.0467 0.0147 0.0046 0.0014 1.0000 1.0000 1.0000 1.0000 0.4122 0.1295 0.0407 0.0128 0.0040 0.0013 1.0000 1.0000 1.0000 1.0000 0.3588 0.1127 0.0355 0.0110 0.0038 0.0006
0.0019 0.0119 0.0345 0.1114 0.3540 1.0000 1.0000 1.0000 1.0000 0.0012 0.0040 0.0126 0.0401 0.1277 0.4068 1.0000 1.0000 1.0000 1.0000 0.0014 0.0045 0.0145 0.0461 0.1468 0.4673 1.0000 1.0000 1.0000 1.0000 0.0016 0.0052 0.0163 0.0517 0.1629 0.5139 1.0000 1.0000 1.0000 1.0000 0.0017 0.0053 0.0167 0.0526 0.1651 0.5189 1.0000 1.0000 1.0000 1.0000 0.0020 0.0044 0.0020 1.0000 1.0000 1.0000 1.0000 0.5189 0.1651 0.0526 0.0167 0.0053 0.0017 1.0000 1.0000 1.0000 1.0000 0.5139 0.1629 0.0517 0.0163 0.0052 0.0016 1.0000 1.0000 1.0000 1.0000 0.4673 0.1468 0.0461 0.0145 0.0045 0.0014 1.0000 1.0000 1.0000 1.0000 0.4068 0.1277 0.0401 0.0126 0.0040 0.0012 1.0000 1.0000 1.0000 1.0000 0.3540 0.1114 0.0345 0.0119 0.0019
0.0058 0.0374 0.1087 0.3500 1.0000 1.0000 1.0000 1.0000 0.0012 0.0039 0.0124 0.0396 0.1261 0.4014 1.0000 1.0000 1.0000 1.0000 0.0014 0.0045 0.0143 0.0455 0.1448 0.4611 1.0000 1.0000 1.0000 1.0000 0.0016 0.0051 0.0163 0.0517 0.1636 0.5169 1.0000 1.0000 1.0000 1.0000 0.0017 0.0054 0.0170 0.0533 0.1673 0.5258 1.0000 1.0000 1.0000 1.0000 0.0017 0.0063 0.0140 0.0063 0.0017 1.0000 1.0000 1.0000 1.0000 0.5258 0.1673 0.0533 0.0170 0.0054 0.0017 1.0000 1.0000 1.0000 1.0000 0.5169 0.1636 0.0517 0.0163 0.0051 0.0016 1.0000 1.0000 1.0000 1.0000 0.4611 0.1448 0.0455 0.0143 0.0045 0.0014 1.0000 1.0000 1.0000 1.0000 0.4014 0.1261 0.0396 0.0124 0.0039 0.0012 1.0000 1.0000 1.0000 1.0000 0.3500 0.1087 0.0374 0.0058
0.0183 0.1175 0.3408 1.0000 1.0000 1.0000 1.0000 0.0012 0.0039 0.0123 0.0391 0.1244 0.3961 1.0000 1.0000 1.0000 1.0000 0.0014 0.0044 0.0141 0.0449 0.1429 0.4550 1.0000 1.0000 1.0000 1.0000 0.0016 0.0051 0.0162 0.0514 0.1629 0.5169 1.0000 1.0000 1.0000 1.0000 0.0017 0.0055 0.0172 0.0540 0.1696 0.5329 1.0000 1.0000 1.0000 1.0000 0.0017 0.0055 0.0200 0.0445 0.0200 0.0055 0.0017 1.0000 1.0000 1.0000 1.0000 0.5329 0.1696 0.0540 0.0172 0.0055 0.0017 1.0000 1.0000 1.0000 1.0000 0.5169 0.1629 0.0514 0.0162 0.0051 0.0016 1.0000 1.0000 1.0000 1.0000 0.4550 0.1429 0.0449 0.0141 0.0044 0.0014 1.0000 1.0000 1.0000 1.0000 0.3961 0.1244 0.0391 0.0123 0.0039 0.0012 1.0000 1.0000 1.0000 1.0000 0.3408 0.1175 0.0183
0.0576 0.3692 1.0000 1.0000 1.0000 1.0000 0.0012 0.0038 0.0121 0.0385 0.1227 0.3908 1.0000 1.0000 1.0000 1.0000 0.0014 0.0044 0.0139 0.0443 0.1410 0.4490 1.0000 1.0000 1.0000 1.0000 0.0016 0.0050 0.0160 0.0509 0.1617 0.5139 1.0000 1.0000 1.0000 1.0000 0.0017 0.0055 0.0174 0.0547 0.1719 0.5400 1.0000 1.0000 1.0000 1.0000 0.0018 0.0056 0.0176 0.0636 0.1418 0.0636 0.0176 0.0056 0.0018 1.0000 1.0000 1.0000 1.0000 0.5400 0.1719 0.0547 0.0174 0.0055 0.0017 1.0000 1.0000 1.0000 1.0000 0.5139 0.1617 0.0509 0.0160 0.0050 0.0016 1.0000 1.0000 1.0000 1.0000 0.4490 0.1410 0.0443 0.0139 0.0044 0.0014 1.0000 1.0000 1.0000 1.0000 0.3908 0.1227 0.0385 0.0121 0.0038 0.0012 1.0000 1.0000 1.0000 1.0000 0.3692 0.0576
0.1809 1.0000 1.0000 1.0000 1.0000 0.0012 0.0038 0.0119 0.0380 0.1211 0.3857 1.0000 1.0000 1.0000 1.0000 0.0014 0.0043 0.0137 0.0437 0.1392 0.4431 1.0000 1.0000 1.0000 1.0000 0.0016 0.0050 0.0158 0.0502 0.1599 0.5091 1.0000 1.0000 1.0000 1.0000 0.0018 0.0056 0.0175 0.0552 0.1738 0.5472 1.0000 1.0000 1.0000 1.0000 0.0018 0.0056 0.0177 0.0560 0.2024 0.4516 0.2024 0.0560 0.0177 0.0056 0.0018 1.0000 1.0000 1.0000 1.0000 0.5472 0.1738 0.0552 0.0175 0.0056 0.0018 1.0000 1.0000 1.0000 1.0000 0.5091 0.1599 0.0502 0.0158 0.0050 0.0016 1.0000 1.0000 1.0000 1.0000 0.4431 0.1392 0.0437 0.0137 0.0043 0.0014 1.0000 1.0000 1.0000 1.0000 0.3857 0.1211 0.0380 0.0119 0.0038 0.0012 1.0000 1.0000 1.0000 1.0000 0.1809
0.5685 1.0000 1.0000 1.0000 0.0012 0.0037 0.0118 0.0375 0.1195 0.3806 1.0000 1.0000 1.0000 1.0000 0.0013 0.0043 0.0135 0.0431 0.1373 0.4372 1.0000 1.0000 1.0000 1.0000 0.0015 0.0049 0.0156 0.0495 0.1578 0.5024 1.0000 1.0000 1.0000 1.0000 0.0017 0.0056 0.0176 0.0555 0.1752 0.5525 1.0000 1.0000 1.0000 1.0000 0.0018 0.0057 0.0180 0.0563 0.1782 0.6445 1.0000 0.6445 0.1782 0.0563 0.0180 0.0057 0.0018 1.0000 1.0000 1.0000 1.0000 0.5525 0.1752 0.0555 0.0176 0.0056 0.0017 1.0000 1.0000 1.0000 1.0000 0.5024 0.1578 0.0495 0.0156 0.0049 0.0015 1.0000 1.0000 1.0000 1.0000 0.4372 0.1373 0.0431 0.0135 0.0043 0.0013 1.0000 1.0000 1.0000 1.0000 0.3806 0.1195 0.0375 0.0118 0.0037 0.0012 1.0000 1.0000 1.0000 0.5685
1.0000 1.0000 1.0000 0.0011 0.0037 0.0116 0.0370 0.1179 0.3755 1.0000 1.0000 1.0000 1.0000 0.0013 0.0042 0.0134 0.0426 0.1355 0.4315 1.0000 1.0000 1.0000 1.0000 0.0015 0.0048 0.0154 0.0489 0.1557 0.4957 1.0000 1.0000 1.0000 1.0000 0.0017 0.0055 0.0175 0.0555 0.1758 0.5556 1.0000 1.0000 1.0000 1.0000 0.0018 0.0058 0.0182 0.0573 0.1792 0.5674 1.0000 1.0000 1.0000 0.5674 0.1792 0.0573 0.0182 0.0058 0.0018 1.0000 1.0000 1.0000 1.0000 0.5556 0.1758 0.0555 0.0175 0.0055 0.0017 1.0000 1.0000 1.0000 1.0000 0.4957 0.1557 0.0489 0.0154 0.0048 0.0015 1.0000 1.0000 1.0000 1.0000 0.4315 0.1355 0.0426 0.0134 0.0042 0.0013 1.0000 1.0000 1.0000 1.0000 0.3755 0.1179 0.0370 0.0116 0.0037 0.0011 1.0000 1.0000 1.0000
1.0000 1.0000 0.0011 0.0036 0.0115 0.0365 0.1164 0.3706 1.0000 1.0000 1.0000 1.0000 0.0013 0.0041 0.0132 0.0420 0.1337 0.4257 1.0000 1.0000 1.0000 1.0000 0.0015 0.0048 0.0152 0.0482 0.1536 0.4892 1.0000 1.0000 1.0000 1.0000 0.0017 0.0055 0.0174 0.0552 0.1752 0.5556 1.0000 1.0000 1.0000 1.0000 0.0019 0.0059 0.0185 0.0580 0.1823 0.5706 1.0000 1.0000 1.0000 1.0000 1.0000 0.5706 0.1823 0.0580 0.0185 0.0059 0.0019 1.0000 1.0000 1.0000 1.0000 0.5556 0.1752 0.0552 0.0174 0.0055 0.0017 1.0000 1.0000 1.0000 1.0000 0.4892 0.1536 0.0482 0.0152 0.0048 0.0015 1.0000 1.0000 1.0000 1.0000 0.4257 0.1337 0.0420 0.0132 0.0041 0.0013 1.0000 1.0000 1.0000 1.0000 0.3706 0.1164 0.0365 0.0115 0.0036 0.0011 1.0000 1.0000
1.0000 0.0012 0.0035 0.0113 0.0361 0.1148 0.3657 1.0000 1.0000 1.0000 1.0000 0.0013 0.0041 0.0130 0.0414 0.1319 0.4201 1.0000 1.0000 1.0000 1.0000 0.0015 0.0047 0.0150 0.0476 0.1516 0.4827 1.0000 1.0000 1.0000 1.0000 0.0017 0.0054 0.0172 0.0547 0.1738 0.5525 1.0000 1.0000 1.0000 1.0000 0.0019 0.0059 0.0187 0.0588 0.1847 0.5805 1.0000 1.0000 1.0000 1.0000 1.0000 1.0000 1.0000 0.5805 0.1847 0.0588 0.0187 0.0059 0.0019 1.0000 1.0000 1.0000 1.0000 0.5525 0.1738 0.0547 0.0172 0.0054 0.0017 1.0000 1.0000 1.0000 1.0000 0.4827 0.1516 0.0476 0.0150 0.0047 0.0015 1.0000 1.0000 1.0000 1.0000 0.4201 0.1319 0.0414 0.0130 0.0041 0.0013 1.0000 1.0000 1.0000 1.0000 0.3657 0.1148 0.0361 0.0113 0.0035 0.0012 1.0000
0.0006 0.0038 0.0110 0.0357 0.1133 0.3608 1.0000 1.0000 1.0000 1.0000 0.0013 0.0040 0.0128 0.0409 0.1302 0.4146 1.0000 1.0000 1.0000 1.0000 0.0015 0.0046 0.0148 0.0470 0.1496 0.4763 1.0000 1.0000 1.0000 1.0000 0.0017 0.0053 0.0170 0.0540 0.1719 0.5472 1.0000 1.0000 1.0000 1.0000 0.0019 0.0060 0.0188 0.0594 0.1869 0.5882 1.0000 1.0000 1.0000 0.0007 0.0016 0.0007 1.0000 1.0000 1.0000 0.5882 0.1869 0.0594 0.0188 0.0060 0.0019 1.0000 1.0000 1.0000 1.0000 0.5472 0.1719 0.0540 0.0170 0.0053 0.0017 1.0000 1.0000 1.0000 1.0000 0.4763 0.1496 0.0470 0.0148 0.0046 0.0015 1.0000 1.0000 1.0000 1.0000 0.4146 0.1302 0.0409 0.0128 0.0040 0.0013 1.0000 1.0000 1.0000 1.0000 0.3608 0.1133 0.0357 0.0110 0.0038 0.0006
0.0019 0.0120 0.0348 0.1120 0.3561 1.0000 1.0000 1.0000 1.0000 0.0012 0.0040 0.0127 0.0403 0.1285 0.4091 1.0000 1.0000 1.0000 1.0000 0.0014 0.0046 0.0146 0.0464 0.1476 0.4700 1.0000 1.0000 1.0000 1.0000 0.0016 0.0053 0.0167 0.0533 0.1696 0.5400 1.0000 1.0000 1.0000 1.0000 0.0019 0.0060 0.0189 0.0597 0.1883 0.5939 1.0000 1.0000 1.0000 0.0006 0.0023 0.0050 0.0023 0.0006 1.0000 1.0000 1.0000 0.5939 0.1883 0.0597 0.0189 0.0060 0.0019 1.0000 1.0000 1.0000 1.0000 0.5400 0.1696 0.0533 0.0167 0.0053 0.0016 1.0000 1.0000 1.0000 1.0000 0.4700 0.1476 0.0464 0.0146 0.0046 0.0014 1.0000 1.0000 1.0000 1.0000 0.4091 0.1285 0.0403 0.0127 0.0040 0.0012 1.0000 1.0000 1.0000 1.0000 0.3561 0.1120 0.0348 0.0120 0.0019
0.0059 0.0376 0.1091 0.3520 1.0000 1.0000 1.0000 1.0000 0.0012 0.0039 0.0125 0.0398 0.1268 0.4037 1.0000 1.0000 1.0000 1.0000 0.0014 0.0045 0.0144 0.0457 0.1457 0.4638 1.0000 1.0000 1.0000 1.0000 0.0016 0.0052 0.0165 0.0526 0.1673 0.5329 1.0000 1.0000 1.0000 1.0000 0.0019 0.0059 0.0188 0.0597 0.1890 0.5973 1.0000 1.0000 1.0000 0.0006 0.0020 0.0072 0.0161 0.0072 0.0020 0.0006 1.0000 1.0000 1.0000 0.5973 0.1890 0.0597 0.0188 0.0059 0.0019 1.0000 1.0000 1.0000 1.0000 0.5329 0.1673 0.0526 0.0165 0.0052 0.0016 1.0000 1.0000 1.0000 1.0000 0.4638 0.1457 0.0457 0.0144 0.0045 0.0014 1.0000 1.0000 1.0000 1.0000 0.4037 0.1268 0.0398 0.0125 0.0039 0.0012 1.0000 1.0000 1.0000 1.0000 0.3520 0.1091 0.0376 0.0059
0.0184 0.1182 0.3434 1.0000 1.0000 1.0000 1.0000 0.0012 0.0039 0.0123 0.0393 0.1251 0.3983 1.0000 1.0000 1.0000 1.0000 0.0014 0.0045 0.0142 0.0451 0.1437 0.4577 1.0000 1.0000 1.0000 1.0000 0.0016 0.0051 0.0163 0.0519 0.1651 0.5258 1.0000 1.0000 1.0000 1.0000 0.0018 0.0059 0.0187 0.0594 0.1883 0.5973 1.0000 1.0000 1.0000 0.0006 0.0020 0.0063 0.0229 0.0511 0.0229 0.0063 0.0020 0.0006 1.0000 1.0000 1.0000 0.5973 0.1883 0.0594 0.0187 0.0059 0.0018 1.0000 1.0000 1.0000 1.0000 0.5258 0.1651 0.0519 0.0163 0.0051 0.0016 1.0000 1.0000 1.0000 1.0000 0.4577 0.1437 0.0451 0.0142 0.0045 0.0014 1.0000 1.0000 1.0000 1.0000 0.3983 0.1251 0.0393 0.0123 0.0039 0.0012 1.0000 1.0000 1.0000 1.0000 0.3434 0.1182 0.0184
0.0579 0.3713 1.0000 1.0000 1.0000 1.0000 0.0012 0.0038 0.0122 0.0388 0.1234 0.3931 1.0000 1.0000 1.0000 1.0000 0.0014 0.0044 0.0140 0.0445 0.1418 0.4516 1.0000 1.0000 1.0000 1.0000 0.0016 0.0050 0.0161 0.0512 0.1629 0.5189 1.0000 1.0000 1.0000 1.0000 0.0018 0.0058 0.0185 0.0588 0.1869 0.5939 1.0000 1.0000 1.0000 0.0006 0.0020 0.0063 0.0201 0.0729 0.1623 0.0729 0.0201 0.0063 0.0020 0.0006 1.0000 1.0000 1.0000 0.5939 0.1869 0.0588 0.0185 0.0058 0.0018 1.0000 1.0000 1.0000 1.0000 0.5189 0.1629 0.0512 0.0161 0.0050 0.0016 1.0000 1.0000 1.0000 1.0000 0.4516 0.1418 0.0445 0.0140 0.0044 0.0014 1.0000 1.0000 1.0000 1.0000 0.3931 0.1234 0.0388 0.0122 0.0038 0.0012 1.0000 1.0000 1.0000 1.0000 0.3713 0.0579
0.1820 1.0000 1.0000 1.0000 1.0000 0.0012 0.0038 0.0120 0.0383 0.1218 0.3879 1.0000 1.0000 1.0000 1.0000 0.0014 0.0043 0.0138 0.0440 0.1400 0.4456 1.0000 1.0000 1.0000 1.0000 0.0016 0.0050 0.0159 0.0505 0.1608 0.5120 1.0000 1.0000 1.0000 1.0000 0.0018 0.0057 0.0182 0.0580 0.1847 0.5882 1.0000 1.0000 1.0000 0.0006 0.0020 0.0064 0.0202 0.0639 0.2312 0.5169 0.2312 0.0638 0.0202 0.0064 0.0020 0.0006 1.0000 1.0000 1.0000 0.5882 0.1847 0.0580 0.0182 0.0057 0.0018 1.0000 1.0000 1.0000 1.0000 0.5120 0.1608 0.0505 0.0159 0.0050 0.0016 1.0000 1.0000 1.0000 1.0000 0.4456 0.1400 0.0440 0.0138 0.0043 0.0014 1.0000 1.0000 1.0000 1.0000 0.3879 0.1218 0.0383 0.0120 0.0038 0.0012 1.0000 1.0000 1.0000 1.0000 0.1820
0.5717 1.0000 1.0000 1.0000 0.0012 0.0037 0.0119 0.0377 0.1202 0.3827 1.0000 1.0000 1.0000 1.0000 0.0013 0.0043 0.0136 0.0434 0.1381 0.4397 1.0000 1.0000 1.0000 1.0000 0.0015 0.0049 0.0156 0.0498 0.1587 0.5052 1.0000 1.0000 1.0000 1.0000 0.0018 0.0056 0.0180 0.0573 0.1823 0.5805 1.0000 1.0000 1.0000 0.0006 0.0020 0.0064 0.0203 0.0638 0.2024 0.7348 1.0000 0.7348 0.2024 0.0638 0.0203 0.0064 0.0020 0.0006 1.0000 1.0000 1.0000 0.5805 0.1823 0.0573 0.0180 0.0056 0.0018 1.0000 1.0000 1.0000 1.0000 0.5052 0.1587 0.0498 0.0156 0.0049 0.0015 1.0000 1.0000 1.0000 1.0000 0.4397 0.1381 0.0434 0.0136 0.0043 0.0013 1.0000 1.0000 1.0000 1.0000 0.3827 0.1202 0.0377 0.0119 0.0037 0.0012 1.0000 1.0000 1.0000 0.5717
1.0000 1.0000 1.0000 0.0012 0.0037 0.0117 0.0372 0.1186 0.3777 1.0000 1.0000 1.0000 1.0000 0.0013 0.0042 0.0134 0.0428 0.1363 0.4339 1.0000 1.0000 1.0000 1.0000 0.0015 0.0048 0.0154 0.0492 0.1566 0.4985 1.0000 1.0000 1.0000 1.0000 0.0017 0.0056 0.0177 0.0565 0.1799 0.5728 1.0000 1.0000 1.0000 0.0006 0.0020 0.0064 0.0203 0.0642 0.2020 0.6420 1.0000 1.0000 1.0000 0.6384 0.2009 0.0638 0.0202 0.0063 0.0020 0.0006 1.0000 1.0000 1.0000 0.5706 0.1792 0.0563 0.0177 0.0056 0.0017 1.0000 1.0000 1.0000 1.0000 0.4967 0.1560 0.0490 0.0154 0.0048 0.0015 1.0000 1.0000 1.0000 1.0000 0.4323 0.1358 0.0426 0.0134 0.0042 0.0013 1.0000 1.0000 1.0000 1.0000 0.3762 0.1182 0.0371 0.0117 0.0037 0.0012 1.0000 1.0000 1.0000
1.0000 1.0000 0.0011 0.0036 0.0115 0.0368 0.1170 0.3727 1.0000 1.0000 1.0000 1.0000 0.0013 0.0042 0.0133 0.0422 0.1345 0.4282 1.0000 1.0000 1.0000 1.0000 0.0015 0.0048 0.0152 0.0485 0.1545 0.4920 1.0000 1.0000 1.0000 1.0000 0.0017 0.0055 0.0175 0.0557 0.1775 0.5652 1.0000 1.0000 1.0000 0.0006 0.0020 0.0063 0.0201 0.0638 0.2024 0.6384 1.0000 1.0000 1.0000 1.0000 1.0000 0.6372 0.2028 0.0639 0.0201 0.0063 0.0020 0.0006 1.0000 1.0000 1.0000 0.5674 0.1782 0.0560 0.0176 0.0055 0.0017 1.0000 1.0000 1.0000 1.0000 0.4938 0.1551 0.0487 0.0153 0.0048 0.0015 1.0000 1.0000 1.0000 1.0000 0.4298 0.1350 0.0424 0.0133 0.0042 0.0013 1.0000 1.0000 1.0000 1.0000 0.3741 0.1175 0.0369 0.0116 0.0036 0.0011 1.0000 1.0000
1.0000 0.0012 0.0035 0.0114 0.0363 0.1155 0.3678 1.0000 1.0000 1.0000 1.0000 0.0013 0.0041 0.0131 0.0417 0.1327 0.4225 1.0000 1.0000 1.0000 1.0000 0.0015 0.0047 0.0150 0.0479 0.1525 0.4854 1.0000 1.0000 1.0000 1.0000 0.0017 0.0054 0.0173 0.0550 0.1752 0.5577 1.0000 1.0000 1.0000 1.0000 0.0020 0.0062 0.0198 0.0632 0.2012 0.6384 1.0000 1.0000 1.0000 1.0000 1.0000 1.0000 1.0000 0.7335 0.2317 0.0729 0.0229 0.0072 0.0023 0.0007 1.0000 1.0000 1.0000 0.6445 0.2024 0.0636 0.0200 0.0063 0.0020 1.0000 1.0000 1.0000 1.0000 0.5609 0.1762 0.0553 0.0174 0.0055 0.0017 1.0000 1.0000 1.0000 1.0000 0.4882 0.1533 0.0482 0.0151 0.0047 0.0015 1.0000 1.0000 1.0000 1.0000 0.4249 0.1335 0.0418 0.0132 0.0041 0.0014 1.0000
0.0006 0.0038 0.0111 0.0359 0.1140 0.3629 1.0000 1.0000 1.0000 1.0000 0.0013 0.0041 0.0129 0.0411 0.1309 0.4169 1.0000 1.0000 1.0000 1.0000 0.0015 0.0047 0.0148 0.0472 0.1504 0.4790 1.0000 1.0000 1.0000 1.0000 0.0017 0.0054 0.0170 0.0543 0.1728 0.5504 1.0000 1.0000 1.0000 1.0000 0.0019 0.0062 0.0196 0.0624 0.1986 0.6323 1.0000 1.0000 1.0000 0.0009 0.0017 1.0000 1.0000 1.0000 1.0000 0.5159 0.1623 0.0511 0.0161 0.0050 0.0016 1.0000 1.0000 1.0000 1.0000 0.4516 0.1418 0.0445 0.0140 0.0044 0.0014 1.0000 1.0000 1.0000 1.0000 0.3931 0.1234 0.0388 0.0122 0.0038 0.0012 1.0000 1.0000 1.0000 1.0000 0.3421 0.1074 0.0337 0.0106 0.0033 0.0010 1.0000 1.0000 1.0000 0.9481 0.2978 0.0935 0.0295 0.0092 0.0032 0.0005
0.0019 0.0120 0.0349 0.1127 0.3581 1.0000 1.0000 1.0000 1.0000 0.0013 0.0040 0.0127 0.0406 0.1292 0.4114 1.0000 1.0000 1.0000 1.0000 0.0014 0.0046 0.0146 0.0466 0.1484 0.4727 1.0000 1.0000 1.0000 1.0000 0.0017 0.0053 0.0168 0.0536 0.1706 0.5431 1.0000 1.0000 1.0000 1.0000 0.0019 0.0061 0.0193 0.0615 0.1960 0.6240 1.0000 1.0000 1.0000 0.0007 0.0027 0.0009 1.0000 1.0000 1.0000 0.7362 0.2308 0.0729 0.0229 0.0072 0.0023 0.0007 1.0000 1.0000 1.0000 0.6445 0.2024 0.0636 0.0200 0.0063 0.0020 1.0000 1.0000 1.0000 1.0000 0.5609 0.1762 0.0553 0.0174 0.0055 0.0017 1.0000 1.0000 1.0000 1.0000 0.4882 0.1533 0.0482 0.0151 0.0047 0.0015 1.0000 1.0000 1.0000 1.0000 0.4249 0.1335 0.0418 0.0132 0.0041 0.0014 1.0000
0.0059 0.0376 0.1093 0.3527 1.0000 1.0000 1.0000 1.0000 0.0012 0.0039 0.0125 0.0399 0.1270 0.4044 1.0000 1.0000 1.0000 1.0000 0.0014 0.0045 0.0144 0.0458 0.1459 0.4647 1.0000 1.0000 1.0000 1.0000 0.0016 0.0052 0.0165 0.0527 0.1677 0.5339 1.0000 1.0000 1.0000 1.0000 0.0019 0.0060 0.0190 0.0605 0.1926 0.6134 1.0000 1.0000 1.0000 0.0007 0.0022 0.0072 0.0095 0.3238 1.0000 0.7405 0.2009 0.0637 0.0201 0.0063 0.0020 0.0006 1.0000 1.0000 1.0000 0.5674 0.1782 0.0560 0.0176 0.0055 0.0017 1.0000 1.0000 1.0000 1.0000 0.4938 0.1551 0.0487 0.0153 0.0048 0.0015 1.0000 1.0000 1.0000 1.0000 0.4298 0.1350 0.0424 0.0133 0.0042 0.0013 1.0000 1.0000 1.0000 1.0000 0.3741 0.1175 0.0369 0.0116 0.0036 0.0011 1.0000 1.0000
0.0188 0.1193 0.3467 1.0000 1.0000 1.0000 1.0000 0.0012 0.0039 0.0125 0.0397 0.1263 0.4021 1.0000 1.0000 1.0000 1.0000 0.0014 0.0045 0.0143 0.0456 0.1451 0.4620 1.0000 1.0000 1.0000 1.0000 0.0016 0.0052 0.0164 0.0524 0.1667 0.5308 1.0000 1.0000 1.0000 1.0000 0.0019 0.0059 0.0189 0.0602 0.1915 0.6099 1.0000 1.0000 1.0000 0.0007 0.0021 0.0070 0.0215 0.0386 0.6216 0.9110 0.2039 0.0628 0.0201 0.0064 0.0020 0.0006 1.0000 1.0000 1.0000 0.5706 0.1792 0.0563 0.0177 0.0056 0.0017 1.0000 1.0000 1.0000 1.0000 0.4967 0.1560 0.0490 0.0154 0.0048 0.0015 1.0000 1.0000 1.0000 1.0000 0.4323 0.1358 0.0426 0.0134 0.0042 0.0013 1.0000 1.0000 1.0000 1.0000 0.3762 0.1182 0.0371 0.0117 0.0037 0.0012 1.0000 1.0000 1.0000
0.0679 0.4347 1.0000 1.0000 1.0000 1.0000 0.0014 0.0044 0.0141 0.0451 0.1435 0.4568 1.0000 1.0000 1.0000 1.0000 0.0016 0.0051 0.0163 0.0518 0.1648 0.5248 1.0000 1.0000 1.0000 1.0000 0.0018 0.0059 0.0187 0.0595 0.1894 0.6030 1.0000 1.0000 1.0000 1.0000 0.0021 0.0067 0.0215 0.0683 0.2176 0.6941 1.0000 1.0000 1.0000 0.0008 0.0024 0.0078 0.0249 0.0779 0.2702 0.7547 0.2352 0.0622 0.0202 0.0064 0.0020 0.0006 1.0000 1.0000 1.0000 0.5805 0.1823 0.0573 0.0180 0.0056 0.0018 1.0000 1.0000 1.0000 1.0000 0.5052 0.1587 0.0498 0.0156 0.0049 0.0015 1.0000 1.0000 1.0000 1.0000 0.4397 0.1381 0.0434 0.0136 0.0043 0.0013 1.0000 1.0000 1.0000 1.0000 0.3827 0.1202 0.0377 0.0119 0.0037 0.0012 1.0000 1.0000 1.0000 0.5717
0.1614 0.9756 1.0000 1.0000 1.0000 0.0010 0.0031 0.0099 0.0315 0.1003 0.3195 1.0000 1.0000 1.0000 1.0000 0.0011 0.0036 0.0114 0.0362 0.1153 0.3671 1.0000 1.0000 1.0000 1.0000 0.0013 0.0041 0.0131 0.0416 0.1324 0.4217 1.0000 1.0000 1.0000 1.0000 0.0015 0.0047 0.0150 0.0477 0.1519 0.4836 1.0000 1.0000 1.0000 1.0000 0.0017 0.0053 0.0168 0.0536 0.1806 0.5024 0.2775 0.0627 0.0199 0.0064 0.0020 0.0006 1.0000 1.0000 1.0000 0.5882 0.1847 0.0580 0.0182 0.0057 0.0018 1.0000 1.0000 1.0000 1.0000 0.5120 0.1608 0.0505 0.0159 0.0050 0.0016 1.0000 1.0000 1.0000 1.0000 0.4456 0.1400 0.0440 0.0138 0.0043 0.0014 1.0000 1.0000 1.0000 1.0000 0.3879 0.1218 0.0383 0.0120 0.0038 0.0012 1.0000 1.0000 1.0000 1.0000 0.1820
