-0.0316 0.0274 0.0801 0.0996 -0.1092 -0.1970 -0.2160 -0.1984 -0.1208 -0.0535 -0.0160 0.0221 0.0806 0.0988 -0.1099 -0.1971 -0.2160 -0.1981 -0.1203 -0.0533 -0.0158 0.0223 0.0811 0.0979 -0.1107 -0.1973 -0.2161 -0.1979 -0.1198 -0.0531 -0.0156 0.0225 0.0816 0.0969 -0.1115 -0.1974 -0.2161 -0.1977 -0.1193 -0.0529 -0.0154 0.0227 0.0820 0.0960 -0.1123 -0.1976 -0.2161 -0.1974 -0.1138 -0.0492 -0.0204 -0.0492 -0.1138 -0.1974 -0.2161 -0.1976 -0.1123 0.0960 0.0820 0.0227 -0.0154 -0.0529 -0.1193 -0.1977 -0.2161 -0.1974 -0.1115 0.0969 0.0816 0.0225 -0.0156 -0.0531 -0.1198 -0.1979 -0.2161 -0.1973 -0.1107 0.0979 0.0811 0.0223 -0.0158 -0.0533 -0.1203 -0.1981 -0.2160 -0.1971 -0.1099 0.0988 0.0806 0.0221 -0.0160 -0.0535 -0.1208 -0.1984 -0.2160 -0.1970 -0.1092 0.0996 0.0801 0.0274 -0.0316
0.0274 0.0986 0.1326 -0.1643 -0.3307 -0.3330 -0.2855 -0.1462 -0.0388 0.0073 0.0404 0.0998 0.1311 -0.1661 -0.3307 -0.3328 -0.2849 -0.1452 -0.0385 0.0075 0.0405 0.1003 0.1300 -0.1674 -0.3308 -0.3328 -0.2844 -0.1444 -0.0382 0.0077 0.0407 0.1009 0.1289 -0.1688 -0.3309 -0.3327 -0.2840 -0.1435 -0.0379 0.0079 0.0409 0.1014 0.1278 -0.1702 -0.3310 -0.3326 -0.2837 -0.1430 -0.0374 0.0124 0.0339 0.0124 -0.0374 -0.1430 -0.2837 -0.3326 -0.3310 -0.1702 0.1278 0.1014 0.0409 0.0079 -0.0379 -0.1435 -0.2840 -0.3327 -0.3309 -0.1688 0.1289 0.1009 0.0407 0.0077 -0.0382 -0.1444 -0.2844 -0.3328 -0.3308 -0.1674 0.1300 0.1003 0.0405 0.0075 -0.0385 -0.1452 -0.2849 -0.3328 -0.3307 -0.1661 0.1311 0.0998 0.0404 0.0073 -0.0388 -0.1462 -0.2855 -0.3330 -0.3307 -0.1643 0.1326 0.0986 0.0274
0.0801 0.1326 -0.1655 -0.3309 -0.3329 -0.2837 -0.1413 -0.0377 0.0043 0.0385 0.1010 0.1285 -0.1693 -0.3311 -0.3327 -0.2830 -0.1402 -0.0373 0.0045 0.0388 0.1016 0.1273 -0.1707 -0.3312 -0.3327 -0.2824 -0.1394 -0.0371 0.0047 0.0390 0.1021 0.1262 -0.1721 -0.3312 -0.3326 -0.2820 -0.1385 -0.0368 0.0048 0.0392 0.1026 0.1251 -0.1735 -0.3313 -0.3325 -0.2816 -0.1379 -0.0367 0.0051 0.0430 0.0776 0.0430 0.0051 -0.0367 -0.1379 -0.2816 -0.3325 -0.3313 -0.1735 0.1251 0.1026 0.0392 0.0048 -0.0368 -0.1385 -0.2820 -0.3326 -0.3312 -0.1721 0.1262 0.1021 0.0390 0.0047 -0.0371 -0.1394 -0.2824 -0.3327 -0.3312 -0.1707 0.1273 0.1016 0.0388 0.0045 -0.0373 -0.1402 -0.2830 -0.3327 -0.3311 -0.1693 0.1285 0.1010 0.0385 0.0043 -0.0377 -0.1413 -0.2837 -0.3329 -0.3309 -0.1655 0.1326 0.0801
0.0996 -0.1643 -0.3309 -0.3329 -0.2832 -0.1401 -0.0371 0.0051 0.0390 0.1022 0.1259 -0.1726 -0.3313 -0.3326 -0.2820 -0.1386 -0.0367 0.0053 0.0393 0.1028 0.1247 -0.1740 -0.3313 -0.3325 -0.2815 -0.1378 -0.0364 0.0055 0.0395 0.1033 0.1235 -0.1754 -0.3314 -0.3324 -0.2811 -0.1370 -0.0362 0.0056 0.0397 0.1038 0.1223 -0.1768 -0.3315 -0.3323 -0.2806 -0.1361 -0.0359 0.0057 0.0401 0.1007 0.1442 0.1007 0.0401 0.0057 -0.0359 -0.1361 -0.2806 -0.3323 -0.3315 -0.1768 0.1223 0.1038 0.0397 0.0056 -0.0362 -0.1370 -0.2811 -0.3324 -0.3314 -0.1754 0.1235 0.1033 0.0395 0.0055 -0.0364 -0.1378 -0.2815 -0.3325 -0.3313 -0.1740 0.1247 0.1028 0.0393 0.0053 -0.0367 -0.1386 -0.2820 -0.3326 -0.3313 -0.1726 0.1259 0.1022 0.0390 0.0051 -0.0371 -0.1401 -0.2832 -0.3329 -0.3309 -0.1643 0.0996
-0.1092 -0.3307 -0.3329 -0.2832 -0.1395 -0.0367 0.0053 0.0395 0.1033 0.1233 -0.1758 -0.3314 -0.3324 -0.2809 -0.1367 -0.0361 0.0056 0.0398 0.1040 0.1220 -0.1772 -0.3315 -0.3323 -0.2804 -0.1359 -0.0358 0.0058 0.0400 0.1046 0.1207 -0.1787 -0.3316 -0.3322 -0.2799 -0.1351 -0.0355 0.0059 0.0403 0.1051 0.1195 -0.1801 -0.3317 -0.3321 -0.2795 -0.1342 -0.0353 0.0061 0.0404 0.1068 0.1130 -0.0899 0.1130 0.1068 0.0404 0.0061 -0.0353 -0.1342 -0.2795 -0.3321 -0.3317 -0.1801 0.1195 0.1051 0.0403 0.0059 -0.0355 -0.1351 -0.2799 -0.3322 -0.3316 -0.1787 0.1207 0.1046 0.0400 0.0058 -0.0358 -0.1359 -0.2804 -0.3323 -0.3315 -0.1772 0.1220 0.1040 0.0398 0.0056 -0.0361 -0.1367 -0.2809 -0.3324 -0.3314 -0.1758 0.1233 0.1033 0.0395 0.0053 -0.0367 -0.1395 -0.2832 -0.3329 -0.3307 -0.1092
-0.1970 -0.3330 -0.2837 -0.1401 -0.0367 0.0054 0.0398 0.1042 0.1209 -0.1789 -0.3316 -0.3322 -0.2798 -0.1348 -0.0355 0.0060 0.0403 0.1053 0.1191 -0.1805 -0.3317 -0.3321 -0.2793 -0.1340 -0.0352 0.0061 0.0406 0.1058 0.1178 -0.1820 -0.3318 -0.3320 -0.2788 -0.1332 -0.0349 0.0063 0.0408 0.1064 0.1166 -0.1834 -0.3318 -0.3319 -0.2783 -0.1324 -0.0347 0.0065 0.0410 0.1073 0.1117 -0.1903 -0.3249 -0.1903 0.1117 0.1073 0.0410 0.0065 -0.0347 -0.1324 -0.2783 -0.3319 -0.3318 -0.1834 0.1166 0.1064 0.0408 0.0063 -0.0349 -0.1332 -0.2788 -0.3320 -0.3318 -0.1820 0.1178 0.1058 0.0406 0.0061 -0.0352 -0.1340 -0.2793 -0.3321 -0.3317 -0.1805 0.1191 0.1053 0.0403 0.0060 -0.0355 -0.1348 -0.2798 -0.3322 -0.3316 -0.1789 0.1209 0.1042 0.0398 0.0054 -0.0367 -0.1401 -0.2837 -0.3330 -0.1970
-0.2160 -0.2855 -0.1413 -0.0371 0.0053 0.0398 0.1045 0.1194 -0.1810 -0.3317 -0.3320 -0.2787 -0.1329 -0.0348 0.0064 0.0409 0.1066 0.1161 -0.1839 -0.3319 -0.3318 -0.2782 -0.1321 -0.0346 0.0065 0.0411 0.1071 0.1149 -0.1853 -0.3319 -0.3317 -0.2777 -0.1313 -0.0343 0.0067 0.0413 0.1077 0.1135 -0.1868 -0.3320 -0.3316 -0.2772 -0.1305 -0.0341 0.0068 0.0416 0.1083 0.1123 -0.1905 -0.3337 -0.3400 -0.3337 -0.1905 0.1123 0.1083 0.0416 0.0068 -0.0341 -0.1305 -0.2772 -0.3316 -0.3320 -0.1868 0.1135 0.1077 0.0413 0.0067 -0.0343 -0.1313 -0.2777 -0.3317 -0.3319 -0.1853 0.1149 0.1071 0.0411 0.0065 -0.0346 -0.1321 -0.2782 -0.3318 -0.3319 -0.1839 0.1161 0.1066 0.0409 0.0064 -0.0348 -0.1329 -0.2787 -0.3320 -0.3317 -0.1810 0.1194 0.1045 0.0398 0.0053 -0.0371 -0.1413 -0.2855 -0.2160
-0.1984 -0.1462 -0.0377 0.0051 0.0395 0.1042 0.1194 -0.1817 -0.3318 -0.3318 -0.2778 -0.1313 -0.0343 0.0067 0.0414 0.1079 0.1131 -0.1873 -0.3320 -0.3316 -0.2770 -0.1302 -0.0340 0.0069 0.0416 0.1085 0.1118 -0.1888 -0.3321 -0.3315 -0.2765 -0.1294 -0.0337 0.0070 0.0419 0.1091 0.1104 -0.1902 -0.3322 -0.3314 -0.2760 -0.1287 -0.0335 0.0072 0.0421 0.1097 0.1091 -0.1917 -0.3321 -0.3327 -0.3180 -0.3327 -0.3321 -0.1917 0.1091 0.1097 0.0421 0.0072 -0.0335 -0.1287 -0.2760 -0.3314 -0.3322 -0.1902 0.1104 0.1091 0.0419 0.0070 -0.0337 -0.1294 -0.2765 -0.3315 -0.3321 -0.1888 0.1118 0.1085 0.0416 0.0069 -0.0340 -0.1302 -0.2770 -0.3316 -0.3320 -0.1873 0.1131 0.1079 0.0414 0.0067 -0.0343 -0.1313 -0.2778 -0.3318 -0.3318 -0.1817 0.1194 0.1042 0.0395 0.0051 -0.0377 -0.1462 -0.1984
-0.1208 -0.0388 0.0043 0.0390 0.1033 0.1209 -0.1810 -0.3318 -0.3318 -0.2773 -0.1301 -0.0338 0.0070 0.0419 0.1093 0.1100 -0.1907 -0.3322 -0.3314 -0.2759 -0.1284 -0.0334 0.0073 0.0422 0.1099 0.1086 -0.1922 -0.3323 -0.3313 -0.2754 -0.1276 -0.0331 0.0074 0.0424 0.1105 0.1072 -0.1937 -0.3323 -0.3312 -0.2749 -0.1268 -0.0329 0.0076 0.0426 0.1111 0.1058 -0.1952 -0.3323 -0.3289 -0.2733 -0.2069 -0.2733 -0.3289 -0.3323 -0.1952 0.1058 0.1111 0.0426 0.0076 -0.0329 -0.1268 -0.2749 -0.3312 -0.3323 -0.1937 0.1072 0.1105 0.0424 0.0074 -0.0331 -0.1276 -0.2754 -0.3313 -0.3323 -0.1922 0.1086 0.1099 0.0422 0.0073 -0.0334 -0.1284 -0.2759 -0.3314 -0.3322 -0.1907 0.1100 0.1093 0.0419 0.0070 -0.0338 -0.1301 -0.2773 -0.3318 -0.3318 -0.1810 0.1209 0.1033 0.0390 0.0043 -0.0388 -0.1208
-0.0535 0.0073 0.0385 0.1022 0.1233 -0.1789 -0.3317 -0.3318 -0.2773 -0.1296 -0.0335 0.0073 0.0423 0.1105 0.1070 -0.1942 -0.3324 -0.3311 -0.2747 -0.1265 -0.0328 0.0076 0.0427 0.1113 0.1053 -0.1957 -0.3324 -0.3310 -0.2742 -0.1258 -0.0325 0.0078 0.0430 0.1119 0.1039 -0.1972 -0.3325 -0.3309 -0.2737 -0.1250 -0.0323 0.0079 0.0432 0.1125 0.1025 -0.1987 -0.3326 -0.3308 -0.2676 -0.1173 -0.0523 -0.1173 -0.2676 -0.3308 -0.3326 -0.1987 0.1025 0.1125 0.0432 0.0079 -0.0323 -0.1250 -0.2737 -0.3309 -0.3325 -0.1972 0.1039 0.1119 0.0430 0.0078 -0.0325 -0.1258 -0.2742 -0.3310 -0.3324 -0.1957 0.1053 0.1113 0.0427 0.0076 -0.0328 -0.1265 -0.2747 -0.3311 -0.3324 -0.1942 0.1070 0.1105 0.0423 0.0073 -0.0335 -0.1296 -0.2773 -0.3318 -0.3317 -0.1789 0.1233 0.1022 0.0385 0.0073 -0.0535
-0.0160 0.0404 0.1010 0.1259 -0.1758 -0.3316 -0.3320 -0.2778 -0.1301 -0.0335 0.0074 0.0426 0.1114 0.1044 -0.1972 -0.3325 -0.3309 -0.2735 -0.1247 -0.0322 0.0080 0.0433 0.1127 0.1020 -0.1992 -0.3326 -0.3308 -0.2730 -0.1239 -0.0319 0.0081 0.0435 0.1133 0.1005 -0.2008 -0.3326 -0.3307 -0.2725 -0.1232 -0.0317 0.0083 0.0437 0.1140 0.0991 -0.2023 -0.3327 -0.3306 -0.2720 -0.1174 -0.0254 0.0027 -0.0254 -0.1174 -0.2720 -0.3306 -0.3327 -0.2023 0.0991 0.1140 0.0437 0.0083 -0.0317 -0.1232 -0.2725 -0.3307 -0.3326 -0.2008 0.1005 0.1133 0.0435 0.0081 -0.0319 -0.1239 -0.2730 -0.3308 -0.3326 -0.1992 0.1020 0.1127 0.0433 0.0080 -0.0322 -0.1247 -0.2735 -0.3309 -0.3325 -0.1972 0.1044 0.1114 0.0426 0.0074 -0.0335 -0.1301 -0.2778 -0.3320 -0.3316 -0.1758 0.1259 0.1010 0.0404 -0.0160
0.0221 0.0998 0.1285 -0.1726 -0.3314 -0.3322 -0.2787 -0.1313 -0.0338 0.0073 0.0426 0.1118 0.1027 -0.1995 -0.3326 -0.3307 -0.2724 -0.1229 -0.0316 0.0083 0.0438 0.1142 0.0986 -0.2028 -0.3327 -0.3305 -0.2718 -0.1221 -0.0313 0.0085 0.0441 0.1148 0.0971 -0.2044 -0.3328 -0.3304 -0.2712 -0.1214 -0.0311 0.0086 0.0443 0.1155 0.0956 -0.2060 -0.3329 -0.3303 -0.2709 -0.1209 -0.0307 0.0125 0.0353 0.0125 -0.0307 -0.1209 -0.2709 -0.3303 -0.3329 -0.2060 0.0956 0.1155 0.0443 0.0086 -0.0311 -0.1214 -0.2712 -0.3304 -0.3328 -0.2044 0.0971 0.1148 0.0441 0.0085 -0.0313 -0.1221 -0.2718 -0.3305 -0.3327 -0.2028 0.0986 0.1142 0.0438 0.0083 -0.0316 -0.1229 -0.2724 -0.3307 -0.3326 -0.1995 0.1027 0.1118 0.0426 0.0073 -0.0338 -0.1313 -0.2787 -0.3322 -0.3314 -0.1726 0.1285 0.0998 0.0221
0.0806 0.1311 -0.1693 -0.3313 -0.3324 -0.2798 -0.1329 -0.0343 0.0070 0.0423 0.1114 0.1027 -0.2005 -0.3327 -0.3305 -0.2714 -0.1214 -0.0310 0.0087 0.0444 0.1157 0.0951 -0.2065 -0.3329 -0.3302 -0.2705 -0.1203 -0.0307 0.0089 0.0446 0.1164 0.0935 -0.2081 -0.3330 -0.3301 -0.2700 -0.1196 -0.0305 0.0090 0.0448 0.1171 0.0920 -0.2097 -0.3330 -0.3300 -0.2695 -0.1189 -0.0304 0.0092 0.0484 0.0842 0.0484 0.0092 -0.0304 -0.1189 -0.2695 -0.3300 -0.3330 -0.2097 0.0920 0.1171 0.0448 0.0090 -0.0305 -0.1196 -0.2700 -0.3301 -0.3330 -0.2081 0.0935 0.1164 0.0446 0.0089 -0.0307 -0.1203 -0.2705 -0.3302 -0.3329 -0.2065 0.0951 0.1157 0.0444 0.0087 -0.0310 -0.1214 -0.2714 -0.3305 -0.3327 -0.2005 0.1027 0.1114 0.0423 0.0070 -0.0343 -0.1329 -0.2798 -0.3324 -0.3313 -0.1693 0.1311 0.0806
0.0988 -0.1661 -0.3311 -0.3326 -0.2809 -0.1348 -0.0348 0.0067 0.0419 0.1105 0.1044 -0.1995 -0.3327 -0.3304 -0.2708 -0.1202 -0.0306 0.0090 0.0449 0.1173 0.0915 -0.2102 -0.3330 -0.3300 -0.2693 -0.1186 -0.0301 0.0092 0.0452 0.1180 0.0899 -0.2118 -0.3331 -0.3298 -0.2688 -0.1178 -0.0299 0.0094 0.0454 0.1187 0.0883 -0.2134 -0.3332 -0.3297 -0.2682 -0.1170 -0.0296 0.0094 0.0458 0.1118 0.1411 0.1118 0.0458 0.0094 -0.0296 -0.1170 -0.2682 -0.3297 -0.3332 -0.2134 0.0883 0.1187 0.0454 0.0094 -0.0299 -0.1178 -0.2688 -0.3298 -0.3331 -0.2118 0.0899 0.1180 0.0452 0.0092 -0.0301 -0.1186 -0.2693 -0.3300 -0.3330 -0.2102 0.0915 0.1173 0.0449 0.0090 -0.0306 -0.1202 -0.2708 -0.3304 -0.3327 -0.1995 0.1044 0.1105 0.0419 0.0067 -0.0348 -0.1348 -0.2809 -0.3326 -0.3311 -0.1661 0.0988
-0.1099 -0.3307 -0.3327 -0.2820 -0.1367 -0.0355 0.0064 0.0414 0.1093 0.1070 -0.1972 -0.3326 -0.3305 -0.2708 -0.1197 -0.0303 0.0092 0.0453 0.1187 0.0881 -0.2140 -0.3332 -0.3297 -0.2680 -0.1168 -0.0296 0.0096 0.0457 0.1196 0.0862 -0.2156 -0.3332 -0.3296 -0.2675 -0.1160 -0.0293 0.0097 0.0460 0.1203 0.0846 -0.2172 -0.3333 -0.3294 -0.2669 -0.1153 -0.0291 0.0099 0.0461 0.1228 0.0764 -0.1332 0.0764 0.1228 0.0461 0.0099 -0.0291 -0.1153 -0.2669 -0.3294 -0.3333 -0.2172 0.0846 0.1203 0.0460 0.0097 -0.0293 -0.1160 -0.2675 -0.3296 -0.3332 -0.2156 0.0862 0.1196 0.0457 0.0096 -0.0296 -0.1168 -0.2680 -0.3297 -0.3332 -0.2140 0.0881 0.1187 0.0453 0.0092 -0.0303 -0.1197 -0.2708 -0.3305 -0.3326 -0.1972 0.1070 0.1093 0.0414 0.0064 -0.0355 -0.1367 -0.2820 -0.3327 -0.3307 -0.1099
-0.1971 -0.3328 -0.2830 -0.1386 -0.0361 0.0060 0.0409 0.1079 0.1100 -0.1942 -0.3325 -0.3307 -0.2714 -0.1202 -0.0303 0.0093 0.0456 0.1197 0.0852 -0.2172 -0.3333 -0.3294 -0.2668 -0.1151 -0.0290 0.0099 0.0463 0.1213 0.0825 -0.2195 -0.3334 -0.3293 -0.2662 -0.1143 -0.0287 0.0101 0.0465 0.1220 0.0808 -0.2211 -0.3334 -0.3291 -0.2656 -0.1136 -0.0285 0.0102 0.0468 0.1233 0.0749 -0.2291 -0.3278 -0.2291 0.0749 0.1233 0.0468 0.0102 -0.0285 -0.1136 -0.2656 -0.3291 -0.3334 -0.2211 0.0808 0.1220 0.0465 0.0101 -0.0287 -0.1143 -0.2662 -0.3293 -0.3334 -0.2195 0.0825 0.1213 0.0463 0.0099 -0.0290 -0.1151 -0.2668 -0.3294 -0.3333 -0.2172 0.0852 0.1197 0.0456 0.0093 -0.0303 -0.1202 -0.2714 -0.3307 -0.3325 -0.1942 0.1100 0.1079 0.0409 0.0060 -0.0361 -0.1386 -0.2830 -0.3328 -0.1971
-0.2160 -0.2849 -0.1402 -0.0367 0.0056 0.0403 0.1066 0.1131 -0.1907 -0.3324 -0.3309 -0.2724 -0.1214 -0.0306 0.0092 0.0456 0.1202 0.0833 -0.2197 -0.3334 -0.3291 -0.2656 -0.1133 -0.0284 0.0103 0.0468 0.1230 0.0786 -0.2234 -0.3335 -0.3290 -0.2649 -0.1126 -0.0281 0.0104 0.0471 0.1237 0.0770 -0.2251 -0.3336 -0.3288 -0.2643 -0.1119 -0.0279 0.0106 0.0473 0.1245 0.0754 -0.2293 -0.3353 -0.3400 -0.3353 -0.2293 0.0754 0.1245 0.0473 0.0106 -0.0279 -0.1119 -0.2643 -0.3288 -0.3336 -0.2251 0.0770 0.1237 0.0471 0.0104 -0.0281 -0.1126 -0.2649 -0.3290 -0.3335 -0.2234 0.0786 0.1230 0.0468 0.0103 -0.0284 -0.1133 -0.2656 -0.3291 -0.3334 -0.2197 0.0833 0.1202 0.0456 0.0092 -0.0306 -0.1214 -0.2724 -0.3309 -0.3324 -0.1907 0.1131 0.1066 0.0403 0.0056 -0.0367 -0.1402 -0.2849 -0.2160
-0.1981 -0.1452 -0.0373 0.0053 0.0398 0.1053 0.1161 -0.1873 -0.3322 -0.3311 -0.2735 -0.1229 -0.0310 0.0090 0.0453 0.1197 0.0833 -0.2208 -0.3335 -0.3289 -0.2645 -0.1119 -0.0279 0.0106 0.0474 0.1248 0.0748 -0.2274 -0.3337 -0.3287 -0.2636 -0.1109 -0.0276 0.0108 0.0476 0.1255 0.0731 -0.2291 -0.3337 -0.3285 -0.2630 -0.1102 -0.0273 0.0109 0.0479 0.1263 0.0715 -0.2308 -0.3334 -0.3296 -0.3108 -0.3296 -0.3334 -0.2308 0.0715 0.1263 0.0479 0.0109 -0.0273 -0.1102 -0.2630 -0.3285 -0.3337 -0.2291 0.0731 0.1255 0.0476 0.0108 -0.0276 -0.1109 -0.2636 -0.3287 -0.3337 -0.2274 0.0748 0.1248 0.0474 0.0106 -0.0279 -0.1119 -0.2645 -0.3289 -0.3335 -0.2208 0.0833 0.1197 0.0453 0.0090 -0.0310 -0.1229 -0.2735 -0.3311 -0.3322 -0.1873 0.1161 0.1053 0.0398 0.0053 -0.0373 -0.1452 -0.1981
-0.1203 -0.0385 0.0045 0.0393 0.1040 0.1191 -0.1839 -0.3320 -0.3314 -0.2747 -0.1247 -0.0316 0.0087 0.0449 0.1187 0.0852 -0.2197 -0.3335 -0.3289 -0.2639 -0.1108 -0.0274 0.0109 0.0479 0.1266 0.0708 -0.2314 -0.3338 -0.3283 -0.2623 -0.1092 -0.0270 0.0111 0.0482 0.1274 0.0691 -0.2332 -0.3338 -0.3282 -0.2617 -0.1085 -0.0268 0.0113 0.0485 0.1282 0.0674 -0.2350 -0.3338 -0.3256 -0.2594 -0.1854 -0.2594 -0.3256 -0.3338 -0.2350 0.0674 0.1282 0.0485 0.0113 -0.0268 -0.1085 -0.2617 -0.3282 -0.3338 -0.2332 0.0691 0.1274 0.0482 0.0111 -0.0270 -0.1092 -0.2623 -0.3283 -0.3338 -0.2314 0.0708 0.1266 0.0479 0.0109 -0.0274 -0.1108 -0.2639 -0.3289 -0.3335 -0.2197 0.0852 0.1187 0.0449 0.0087 -0.0316 -0.1247 -0.2747 -0.3314 -0.3320 -0.1839 0.1191 0.1040 0.0393 0.0045 -0.0385 -0.1203
-0.0533 0.0075 0.0388 0.1028 0.1220 -0.1805 -0.3319 -0.3316 -0.2759 -0.1265 -0.0322 0.0083 0.0444 0.1173 0.0881 -0.2172 -0.3334 -0.3289 -0.2639 -0.1103 -0.0271 0.0112 0.0484 0.1282 0.0671 -0.2356 -0.3339 -0.3280 -0.2609 -0.1075 -0.0264 0.0115 0.0488 0.1293 0.0651 -0.2374 -0.3340 -0.3279 -0.2603 -0.1068 -0.0262 0.0116 0.0490 0.1301 0.0634 -0.2392 -0.3340 -0.3277 -0.2537 -0.0992 -0.0420 -0.0992 -0.2537 -0.3277 -0.3340 -0.2392 0.0634 0.1301 0.0490 0.0116 -0.0262 -0.1068 -0.2603 -0.3279 -0.3340 -0.2374 0.0651 0.1293 0.0488 0.0115 -0.0264 -0.1075 -0.2609 -0.3280 -0.3339 -0.2356 0.0671 0.1282 0.0484 0.0112 -0.0271 -0.1103 -0.2639 -0.3289 -0.3334 -0.2172 0.0881 0.1173 0.0444 0.0083 -0.0322 -0.1265 -0.2759 -0.3316 -0.3319 -0.1805 0.1220 0.1028 0.0388 0.0075 -0.0533
-0.0158 0.0405 0.1016 0.1247 -0.1772 -0.3317 -0.3318 -0.2770 -0.1284 -0.0328 0.0080 0.0438 0.1157 0.0915 -0.2140 -0.3333 -0.3291 -0.2645 -0.1108 -0.0271 0.0113 0.0487 0.1294 0.0640 -0.2392 -0.3340 -0.3277 -0.2596 -0.1059 -0.0259 0.0118 0.0494 0.1313 0.0611 -0.2417 -0.3341 -0.3275 -0.2590 -0.1052 -0.0256 0.0120 0.0496 0.1321 0.0593 -0.2435 -0.3341 -0.3275 -0.2585 -0.1005 -0.0197 0.0064 -0.0197 -0.1005 -0.2585 -0.3275 -0.3341 -0.2435 0.0593 0.1321 0.0496 0.0120 -0.0256 -0.1052 -0.2590 -0.3275 -0.3341 -0.2417 0.0611 0.1313 0.0494 0.0118 -0.0259 -0.1059 -0.2596 -0.3277 -0.3340 -0.2392 0.0640 0.1294 0.0487 0.0113 -0.0271 -0.1108 -0.2645 -0.3291 -0.3333 -0.2140 0.0915 0.1157 0.0438 0.0080 -0.0328 -0.1284 -0.2770 -0.3318 -0.3317 -0.1772 0.1247 0.1016 0.0405 -0.0158
0.0223 0.1003 0.1273 -0.1740 -0.3315 -0.3321 -0.2782 -0.1302 -0.0334 0.0076 0.0433 0.1142 0.0951 -0.2102 -0.3332 -0.3294 -0.2656 -0.1119 -0.0274 0.0112 0.0487 0.1300 0.0619 -0.2420 -0.3341 -0.3274 -0.2583 -0.1042 -0.0253 0.0122 0.0499 0.1333 0.0570 -0.2460 -0.3342 -0.3272 -0.2576 -0.1036 -0.0251 0.0123 0.0502 0.1342 0.0552 -0.2479 -0.3343 -0.3270 -0.2571 -0.1031 -0.0248 0.0160 0.0404 0.0160 -0.0248 -0.1031 -0.2571 -0.3270 -0.3343 -0.2479 0.0552 0.1342 0.0502 0.0123 -0.0251 -0.1036 -0.2576 -0.3272 -0.3342 -0.2460 0.0570 0.1333 0.0499 0.0122 -0.0253 -0.1042 -0.2583 -0.3274 -0.3341 -0.2420 0.0619 0.1300 0.0487 0.0112 -0.0274 -0.1119 -0.2656 -0.3294 -0.3332 -0.2102 0.0951 0.1142 0.0433 0.0076 -0.0334 -0.1302 -0.2782 -0.3321 -0.3315 -0.1740 0.1273 0.1003 0.0223
0.0811 0.1300 -0.1707 -0.3313 -0.3323 -0.2793 -0.1321 -0.0340 0.0073 0.0427 0.1127 0.0986 -0.2065 -0.3330 -0.3297 -0.2668 -0.1133 -0.0279 0.0109 0.0484 0.1294 0.0619 -0.2432 -0.3342 -0.3272 -0.2572 -0.1029 -0.0248 0.0125 0.0505 0.1354 0.0529 -0.2504 -0.3343 -0.3268 -0.2562 -0.1020 -0.0245 0.0127 0.0508 0.1364 0.0511 -0.2524 -0.3344 -0.3267 -0.2556 -0.1014 -0.0244 0.0129 0.0541 0.0918 0.0541 0.0129 -0.0244 -0.1014 -0.2556 -0.3267 -0.3344 -0.2524 0.0511 0.1364 0.0508 0.0127 -0.0245 -0.1020 -0.2562 -0.3268 -0.3343 -0.2504 0.0529 0.1354 0.0505 0.0125 -0.0248 -0.1029 -0.2573 -0.3272 -0.3342 -0.2432 0.0619 0.1294 0.0484 0.0109 -0.0279 -0.1133 -0.2668 -0.3297 -0.3330 -0.2065 0.0986 0.1127 0.0427 0.0073 -0.0340 -0.1321 -0.2793 -0.3323 -0.3313 -0.1707 0.1300 0.0811
0.0979 -0.1674 -0.3312 -0.3325 -0.2804 -0.1340 -0.0346 0.0069 0.0422 0.1113 0.1020 -0.2028 -0.3329 -0.3300 -0.2680 -0.1151 -0.0284 0.0106 0.0479 0.1282 0.0640 -0.2420 -0.3342 -0.3271 -0.2565 -0.1018 -0.0244 0.0128 0.0511 0.1376 0.0487 -0.2550 -0.3344 -0.3265 -0.2548 -0.1004 -0.0240 0.0130 0.0514 0.1386 0.0469 -0.2569 -0.3345 -0.3263 -0.2542 -0.0997 -0.0237 0.0131 0.0519 0.1259 0.1323 0.1259 0.0519 0.0131 -0.0237 -0.0997 -0.2542 -0.3263 -0.3345 -0.2569 0.0469 0.1386 0.0514 0.0130 -0.0240 -0.1004 -0.2548 -0.3265 -0.3344 -0.2550 0.0487 0.1376 0.0511 0.0128 -0.0244 -0.1019 -0.2566 -0.3271 -0.3342 -0.2420 0.0640 0.1282 0.0479 0.0106 -0.0284 -0.1151 -0.2680 -0.3300 -0.3329 -0.2028 0.1020 0.1113 0.0422 0.0069 -0.0346 -0.1340 -0.2804 -0.3325 -0.3312 -0.1674 0.0979
-0.1107 -0.3308 -0.3327 -0.2815 -0.1359 -0.0352 0.0065 0.0416 0.1099 0.1053 -0.1992 -0.3327 -0.3302 -0.2693 -0.1168 -0.0290 0.0103 0.0474 0.1266 0.0671 -0.2392 -0.3341 -0.3272 -0.2565 -0.1014 -0.0241 0.0131 0.0515 0.1395 0.0449 -0.2596 -0.3346 -0.3261 -0.2533 -0.0988 -0.0234 0.0134 0.0520 0.1409 0.0428 -0.2616 -0.3346 -0.3260 -0.2527 -0.0981 -0.0232 0.0135 0.0522 0.1445 0.0339 -0.1820 0.0339 0.1445 0.0522 0.0135 -0.0232 -0.0981 -0.2527 -0.3260 -0.3346 -0.2616 0.0428 0.1409 0.0520 0.0134 -0.0234 -0.0988 -0.2533 -0.3261 -0.3346 -0.2596 0.0449 0.1395 0.0515 0.0130 -0.0242 -0.1016 -0.2566 -0.3272 -0.3341 -0.2392 0.0671 0.1266 0.0474 0.0103 -0.0290 -0.1168 -0.2693 -0.3302 -0.3327 -0.1992 0.1053 0.1099 0.0416 0.0065 -0.0352 -0.1359 -0.2815 -0.3327 -0.3308 -0.1107
-0.1973 -0.3328 -0.2824 -0.1378 -0.0358 0.0061 0.0411 0.1085 0.1086 -0.1957 -0.3326 -0.3305 -0.2705 -0.1186 -0.0296 0.0099 0.0468 0.1248 0.0708 -0.2356 -0.3340 -0.3274 -0.2572 -0.1018 -0.0240 0.0131 0.0518 0.1409 0.0419 -0.2636 -0.3347 -0.3257 -0.2519 -0.0973 -0.0229 0.0137 0.0525 0.1433 0.0386 -0.2664 -0.3347 -0.3256 -0.2513 -0.0966 -0.0226 0.0139 0.0528 0.1453 0.0325 -0.2762 -0.3304 -0.2762 0.0325 0.1453 0.0528 0.0139 -0.0226 -0.0966 -0.2513 -0.3256 -0.3347 -0.2664 0.0386 0.1433 0.0525 0.0137 -0.0229 -0.0973 -0.2519 -0.3257 -0.3347 -0.2636 0.0419 0.1409 0.0517 0.0131 -0.0242 -0.1019 -0.2573 -0.3274 -0.3340 -0.2356 0.0708 0.1248 0.0468 0.0099 -0.0296 -0.1186 -0.2705 -0.3305 -0.3326 -0.1957 0.1086 0.1085 0.0411 0.0061 -0.0358 -0.1378 -0.2824 -0.3328 -0.1973
-0.2161 -0.2844 -0.1394 -0.0364 0.0058 0.0406 0.1071 0.1118 -0.1922 -0.3324 -0.3308 -0.2718 -0.1203 -0.0301 0.0096 0.0463 0.1230 0.0748 -0.2314 -0.3339 -0.3277 -0.2583 -0.1028 -0.0243 0.0130 0.0517 0.1414 0.0401 -0.2664 -0.3347 -0.3254 -0.2505 -0.0957 -0.0223 0.0141 0.0531 0.1457 0.0344 -0.2713 -0.3348 -0.3252 -0.2498 -0.0951 -0.0221 0.0142 0.0534 0.1468 0.0327 -0.2763 -0.3365 -0.3395 -0.3365 -0.2763 0.0327 0.1468 0.0534 0.0142 -0.0221 -0.0951 -0.2498 -0.3252 -0.3348 -0.2713 0.0344 0.1457 0.0531 0.0141 -0.0223 -0.0957 -0.2505 -0.3254 -0.3347 -0.2664 0.0401 0.1414 0.0517 0.0130 -0.0244 -0.1029 -0.2583 -0.3277 -0.3339 -0.2314 0.0748 0.1230 0.0463 0.0096 -0.0301 -0.1203 -0.2718 -0.3308 -0.3324 -0.1922 0.1118 0.1071 0.0406 0.0058 -0.0364 -0.1394 -0.2844 -0.2161
-0.1979 -0.1444 -0.0371 0.0055 0.0400 0.1058 0.1149 -0.1888 -0.3323 -0.3310 -0.2730 -0.1221 -0.0307 0.0092 0.0457 0.1213 0.0786 -0.2274 -0.3338 -0.3280 -0.2596 -0.1042 -0.0248 0.0128 0.0515 0.1409 0.0401 -0.2674 -0.3348 -0.3252 -0.2495 -0.0944 -0.0218 0.0144 0.0537 0.1483 0.0302 -0.2763 -0.3349 -0.3248 -0.2483 -0.0936 -0.0216 0.0145 0.0540 0.1494 0.0285 -0.2784 -0.3344 -0.3257 -0.3022 -0.3257 -0.3344 -0.2784 0.0285 0.1494 0.0540 0.0145 -0.0216 -0.0936 -0.2483 -0.3248 -0.3349 -0.2763 0.0302 0.1483 0.0537 0.0144 -0.0218 -0.0944 -0.2495 -0.3252 -0.3348 -0.2674 0.0401 0.1409 0.0515 0.0128 -0.0248 -0.1042 -0.2596 -0.3280 -0.3338 -0.2274 0.0786 0.1213 0.0457 0.0092 -0.0307 -0.1221 -0.2730 -0.3310 -0.3323 -0.1888 0.1149 0.1058 0.0400 0.0055 -0.0371 -0.1444 -0.1979
-0.1198 -0.0382 0.0047 0.0395 0.1046 0.1178 -0.1853 -0.3321 -0.3313 -0.2742 -0.1239 -0.0313 0.0089 0.0452 0.1196 0.0825 -0.2234 -0.3337 -0.3283 -0.2609 -0.1059 -0.0253 0.0125 0.0511 0.1395 0.0419 -0.2664 -0.3348 -0.3251 -0.2488 -0.0936 -0.0214 0.0147 0.0543 0.1509 0.0261 -0.2814 -0.3350 -0.3244 -0.2468 -0.0921 -0.0210 0.0149 0.0546 0.1521 0.0243 -0.2836 -0.3350 -0.3214 -0.2437 -0.1632 -0.2437 -0.3214 -0.3350 -0.2836 0.0243 0.1521 0.0546 0.0149 -0.0210 -0.0921 -0.2468 -0.3244 -0.3350 -0.2814 0.0261 0.1509 0.0543 0.0147 -0.0214 -0.0936 -0.2488 -0.3251 -0.3348 -0.2664 0.0419 0.1395 0.0511 0.0125 -0.0253 -0.1059 -0.2609 -0.3283 -0.3337 -0.2234 0.0825 0.1196 0.0452 0.0089 -0.0313 -0.1239 -0.2742 -0.3313 -0.3321 -0.1853 0.1178 0.1046 0.0395 0.0047 -0.0382 -0.1198
-0.0531 0.0077 0.0390 0.1033 0.1207 -0.1820 -0.3319 -0.3315 -0.2754 -0.1258 -0.0319 0.0085 0.0446 0.1180 0.0862 -0.2195 -0.3335 -0.3287 -0.2623 -0.1075 -0.0259 0.0122 0.0505 0.1376 0.0449 -0.2636 -0.3347 -0.3252 -0.2488 -0.0933 -0.0212 0.0149 0.0547 0.1533 0.0222 -0.2866 -0.3351 -0.3240 -0.2453 -0.0907 -0.0205 0.0152 0.0552 0.1549 0.0201 -0.2889 -0.3351 -0.3238 -0.2382 -0.0833 -0.0330 -0.0833 -0.2382 -0.3238 -0.3351 -0.2889 0.0201 0.1549 0.0552 0.0152 -0.0205 -0.0907 -0.2453 -0.3240 -0.3351 -0.2866 0.0222 0.1533 0.0547 0.0149 -0.0212 -0.0933 -0.2488 -0.3252 -0.3347 -0.2636 0.0449 0.1376 0.0505 0.0122 -0.0259 -0.1075 -0.2623 -0.3287 -0.3335 -0.2195 0.0862 0.1180 0.0446 0.0085 -0.0319 -0.1258 -0.2754 -0.3315 -0.3319 -0.1820 0.1207 0.1033 0.0390 0.0077 -0.0531
-0.0156 0.0407 0.1021 0.1235 -0.1787 -0.3318 -0.3317 -0.2765 -0.1276 -0.0325 0.0081 0.0441 0.1164 0.0899 -0.2156 -0.3334 -0.3290 -0.2636 -0.1092 -0.0264 0.0118 0.0499 0.1354 0.0487 -0.2596 -0.3347 -0.3254 -0.2495 -0.0936 -0.0212 0.0150 0.0550 0.1549 0.0192 -0.2912 -0.3352 -0.3235 -0.2438 -0.0892 -0.0200 0.0156 0.0558 0.1579 0.0160 -0.2943 -0.3352 -0.3234 -0.2432 -0.0856 -0.0144 0.0097 -0.0144 -0.0856 -0.2432 -0.3234 -0.3352 -0.2943 0.0160 0.1579 0.0558 0.0156 -0.0200 -0.0892 -0.2438 -0.3235 -0.3352 -0.2912 0.0192 0.1549 0.0550 0.0150 -0.0212 -0.0936 -0.2495 -0.3254 -0.3347 -0.2596 0.0487 0.1354 0.0499 0.0118 -0.0264 -0.1092 -0.2636 -0.3290 -0.3334 -0.2156 0.0899 0.1164 0.0441 0.0081 -0.0325 -0.1276 -0.2765 -0.3317 -0.3318 -0.1787 0.1235 0.1021 0.0407 -0.0156
0.0225 0.1009 0.1262 -0.1754 -0.3316 -0.3320 -0.2777 -0.1294 -0.0331 0.0078 0.0435 0.1148 0.0935 -0.2118 -0.3332 -0.3293 -0.2649 -0.1109 -0.0270 0.0115 0.0494 0.1333 0.0529 -0.2550 -0.3346 -0.3257 -0.2505 -0.0944 -0.0214 0.0149 0.0550 0.1555 0.0175 -0.2943 -0.3352 -0.3232 -0.2423 -0.0878 -0.0194 0.0159 0.0564 0.1609 0.0119 -0.2999 -0.3353 -0.3229 -0.2417 -0.0874 -0.0191 0.0195 0.0456 0.0195 -0.0191 -0.0874 -0.2417 -0.3229 -0.3353 -0.2999 0.0119 0.1609 0.0564 0.0159 -0.0194 -0.0878 -0.2423 -0.3232 -0.3352 -0.2943 0.0175 0.1555 0.0550 0.0149 -0.0214 -0.0944 -0.2505 -0.3257 -0.3346 -0.2550 0.0529 0.1333 0.0494 0.0115 -0.0270 -0.1109 -0.2649 -0.3293 -0.3332 -0.2118 0.0935 0.1148 0.0435 0.0078 -0.0331 -0.1294 -0.2777 -0.3320 -0.3316 -0.1754 0.1262 0.1009 0.0225
0.0816 0.1289 -0.1721 -0.3314 -0.3322 -0.2788 -0.1313 -0.0337 0.0074 0.0430 0.1133 0.0971 -0.2081 -0.3331 -0.3296 -0.2662 -0.1126 -0.0276 0.0111 0.0488 0.1313 0.0570 -0.2504 -0.3344 -0.3261 -0.2519 -0.0957 -0.0218 0.0147 0.0547 0.1549 0.0175 -0.2955 -0.3353 -0.3229 -0.2412 -0.0866 -0.0190 0.0163 0.0571 0.1641 0.0078 -0.3056 -0.3354 -0.3225 -0.2400 -0.0859 -0.0189 0.0165 0.0601 0.1002 0.0601 0.0165 -0.0189 -0.0859 -0.2400 -0.3225 -0.3354 -0.3056 0.0078 0.1641 0.0571 0.0163 -0.0190 -0.0866 -0.2412 -0.3229 -0.3353 -0.2955 0.0175 0.1549 0.0547 0.0147 -0.0218 -0.0957 -0.2519 -0.3261 -0.3344 -0.2504 0.0570 0.1313 0.0488 0.0111 -0.0276 -0.1126 -0.2662 -0.3296 -0.3331 -0.2081 0.0971 0.1133 0.0430 0.0074 -0.0337 -0.1313 -0.2788 -0.3322 -0.3314 -0.1721 0.1289 0.0816
0.0969 -0.1688 -0.3312 -0.3324 -0.2799 -0.1332 -0.0343 0.0070 0.0424 0.1119 0.1005 -0.2044 -0.3330 -0.3298 -0.2675 -0.1143 -0.0281 0.0108 0.0482 0.1293 0.0611 -0.2460 -0.3343 -0.3265 -0.2533 -0.0973 -0.0223 0.0144 0.0543 0.1533 0.0192 -0.2943 -0.3353 -0.3228 -0.2405 -0.0858 -0.0186 0.0166 0.0576 0.1670 0.0037 -0.3114 -0.3354 -0.3220 -0.2384 -0.0845 -0.0182 0.0167 0.0583 0.1413 0.1156 0.1413 0.0583 0.0167 -0.0182 -0.0845 -0.2384 -0.3220 -0.3354 -0.3114 0.0037 0.1670 0.0576 0.0166 -0.0186 -0.0858 -0.2405 -0.3228 -0.3353 -0.2943 0.0192 0.1533 0.0543 0.0144 -0.0223 -0.0973 -0.2533 -0.3265 -0.3343 -0.2460 0.0611 0.1293 0.0482 0.0108 -0.0281 -0.1143 -0.2675 -0.3298 -0.3330 -0.2044 0.1005 0.1119 0.0424 0.0070 -0.0343 -0.1332 -0.2799 -0.3324 -0.3312 -0.1688 0.0969
-0.1115 -0.3309 -0.3326 -0.2811 -0.1351 -0.0349 0.0067 0.0419 0.1105 0.1039 -0.2008 -0.3328 -0.3301 -0.2688 -0.1160 -0.0287 0.0104 0.0476 0.1274 0.0651 -0.2417 -0.3342 -0.3268 -0.2548 -0.0988 -0.0229 0.0141 0.0537 0.1509 0.0222 -0.2912 -0.3352 -0.3229 -0.2405 -0.0855 -0.0184 0.0168 0.0581 0.1684 -0.0000 -0.3166 -0.3355 -0.3216 -0.2368 -0.0831 -0.0177 0.0171 0.0586 0.1683 -0.0087 -0.2318 -0.0087 0.1683 0.0586 0.0171 -0.0177 -0.0831 -0.2368 -0.3216 -0.3355 -0.3166 -0.0000 0.1684 0.0581 0.0168 -0.0184 -0.0855 -0.2405 -0.3229 -0.3352 -0.2912 0.0222 0.1509 0.0537 0.0141 -0.0229 -0.0988 -0.2548 -0.3268 -0.3342 -0.2417 0.0651 0.1274 0.0476 0.0104 -0.0287 -0.1160 -0.2688 -0.3301 -0.3328 -0.2008 0.1039 0.1105 0.0419 0.0067 -0.0349 -0.1351 -0.2811 -0.3326 -0.3309 -0.1115
-0.1974 -0.3327 -0.2820 -0.1370 -0.0355 0.0063 0.0413 0.1091 0.1072 -0.1972 -0.3326 -0.3304 -0.2700 -0.1178 -0.0293 0.0101 0.0471 0.1255 0.0691 -0.2374 -0.3341 -0.3272 -0.2562 -0.1004 -0.0234 0.0137 0.0531 0.1483 0.0261 -0.2866 -0.3352 -0.3232 -0.2412 -0.0858 -0.0184 0.0168 0.0584 0.1686 -0.0029 -0.3189 -0.3356 -0.3211 -0.2352 -0.0818 -0.0172 0.0174 0.0592 0.1689 -0.0099 -0.3206 -0.3328 -0.3206 -0.0099 0.1689 0.0592 0.0174 -0.0172 -0.0818 -0.2352 -0.3211 -0.3356 -0.3189 -0.0029 0.1686 0.0584 0.0168 -0.0184 -0.0858 -0.2412 -0.3232 -0.3352 -0.2866 0.0261 0.1483 0.0531 0.0137 -0.0234 -0.1004 -0.2562 -0.3272 -0.3341 -0.2374 0.0691 0.1255 0.0471 0.0101 -0.0293 -0.1178 -0.2700 -0.3304 -0.3326 -0.1972 0.1072 0.1091 0.0413 0.0063 -0.0355 -0.1370 -0.2820 -0.3327 -0.1974
-0.2161 -0.2840 -0.1385 -0.0362 0.0059 0.0408 0.1077 0.1104 -0.1937 -0.3325 -0.3307 -0.2712 -0.1196 -0.0299 0.0097 0.0465 0.1237 0.0731 -0.2332 -0.3340 -0.3275 -0.2576 -0.1020 -0.0240 0.0134 0.0525 0.1457 0.0302 -0.2814 -0.3351 -0.3235 -0.2423 -0.0866 -0.0186 0.0168 0.0584 0.1686 -0.0046 -0.3190 -0.3356 -0.3207 -0.2337 -0.0805 -0.0166 0.0178 0.0599 0.1692 -0.0099 -0.3199 -0.3373 -0.3383 -0.3373 -0.3199 -0.0099 0.1692 0.0599 0.0178 -0.0166 -0.0805 -0.2337 -0.3207 -0.3356 -0.3190 -0.0046 0.1686 0.0584 0.0168 -0.0186 -0.0866 -0.2423 -0.3235 -0.3351 -0.2814 0.0302 0.1457 0.0525 0.0134 -0.0240 -0.1020 -0.2576 -0.3275 -0.3340 -0.2332 0.0731 0.1237 0.0465 0.0097 -0.0299 -0.1196 -0.2712 -0.3307 -0.3325 -0.1937 0.1104 0.1077 0.0408 0.0059 -0.0362 -0.1385 -0.2840 -0.2161
-0.1977 -0.1435 -0.0368 0.0056 0.0403 0.1064 0.1135 -0.1902 -0.3323 -0.3309 -0.2725 -0.1214 -0.0305 0.0094 0.0460 0.1220 0.0770 -0.2291 -0.3338 -0.3279 -0.2590 -0.1036 -0.0245 0.0130 0.0520 0.1433 0.0344 -0.2763 -0.3350 -0.3240 -0.2438 -0.0878 -0.0190 0.0166 0.0581 0.1686 -0.0046 -0.3191 -0.3356 -0.3204 -0.2325 -0.0794 -0.0162 0.0181 0.0605 0.1695 -0.0138 -0.3196 -0.3350 -0.3208 -0.2921 -0.3208 -0.3350 -0.3196 -0.0138 0.1695 0.0605 0.0181 -0.0162 -0.0794 -0.2325 -0.3204 -0.3356 -0.3191 -0.0046 0.1686 0.0581 0.0166 -0.0190 -0.0878 -0.2438 -0.3240 -0.3350 -0.2763 0.0344 0.1433 0.0520 0.0130 -0.0245 -0.1036 -0.2590 -0.3279 -0.3338 -0.2291 0.0770 0.1220 0.0460 0.0094 -0.0305 -0.1214 -0.2725 -0.3309 -0.3323 -0.1902 0.1135 0.1064 0.0403 0.0056 -0.0368 -0.1435 -0.1977
-0.1193 -0.0379 0.0048 0.0397 0.1051 0.1166 -0.1868 -0.3322 -0.3312 -0.2737 -0.1232 -0.0311 0.0090 0.0454 0.1203 0.0808 -0.2251 -0.3337 -0.3282 -0.2603 -0.1052 -0.0251 0.0127 0.0514 0.1409 0.0386 -0.2713 -0.3349 -0.3244 -0.2453 -0.0892 -0.0194 0.0163 0.0576 0.1684 -0.0029 -0.3190 -0.3356 -0.3203 -0.2318 -0.0787 -0.0158 0.0184 0.0611 0.1697 -0.0177 -0.3199 -0.3357 -0.3162 -0.2262 -0.1410 -0.2262 -0.3162 -0.3357 -0.3199 -0.0177 0.1697 0.0611 0.0184 -0.0158 -0.0787 -0.2318 -0.3203 -0.3356 -0.3190 -0.0029 0.1684 0.0576 0.0163 -0.0194 -0.0892 -0.2453 -0.3244 -0.3349 -0.2713 0.0386 0.1409 0.0514 0.0127 -0.0251 -0.1052 -0.2603 -0.3282 -0.3337 -0.2251 0.0808 0.1203 0.0454 0.0090 -0.0311 -0.1232 -0.2737 -0.3312 -0.3322 -0.1868 0.1166 0.1051 0.0397 0.0048 -0.0379 -0.1193
-0.0529 0.0079 0.0392 0.1038 0.1195 -0.1834 -0.3320 -0.3314 -0.2749 -0.1250 -0.0317 0.0086 0.0448 0.1187 0.0846 -0.2211 -0.3336 -0.3285 -0.2617 -0.1068 -0.0256 0.0123 0.0508 0.1386 0.0428 -0.2664 -0.3348 -0.3248 -0.2468 -0.0907 -0.0200 0.0159 0.0571 0.1670 -0.0000 -0.3189 -0.3356 -0.3204 -0.2318 -0.0784 -0.0156 0.0186 0.0616 0.1699 -0.0213 -0.3202 -0.3358 -0.3189 -0.2211 -0.0696 -0.0252 -0.0696 -0.2211 -0.3189 -0.3358 -0.3202 -0.0213 0.1699 0.0616 0.0186 -0.0156 -0.0784 -0.2318 -0.3204 -0.3356 -0.3189 -0.0000 0.1670 0.0571 0.0159 -0.0200 -0.0907 -0.2468 -0.3248 -0.3348 -0.2664 0.0428 0.1386 0.0508 0.0123 -0.0256 -0.1068 -0.2617 -0.3285 -0.3336 -0.2211 0.0846 0.1187 0.0448 0.0086 -0.0317 -0.1250 -0.2749 -0.3314 -0.3320 -0.1834 0.1195 0.1038 0.0392 0.0079 -0.0529
-0.0154 0.0409 0.1026 0.1223 -0.1801 -0.3318 -0.3316 -0.2760 -0.1268 -0.0323 0.0083 0.0443 0.1171 0.0883 -0.2172 -0.3334 -0.3288 -0.2630 -0.1085 -0.0262 0.0120 0.0502 0.1364 0.0469 -0.2616 -0.3347 -0.3252 -0.2483 -0.0921 -0.0205 0.0156 0.0564 0.1641 0.0037 -0.3166 -0.3356 -0.3207 -0.2325 -0.0787 -0.0156 0.0187 0.0619 0.1700 -0.0240 -0.3204 -0.3359 -0.3184 -0.2262 -0.0729 -0.0094 0.0131 -0.0094 -0.0729 -0.2262 -0.3184 -0.3359 -0.3204 -0.0240 0.1700 0.0619 0.0187 -0.0156 -0.0787 -0.2325 -0.3207 -0.3356 -0.3166 0.0037 0.1641 0.0564 0.0156 -0.0205 -0.0921 -0.2483 -0.3252 -0.3347 -0.2616 0.0469 0.1364 0.0502 0.0120 -0.0262 -0.1085 -0.2630 -0.3288 -0.3334 -0.2172 0.0883 0.1171 0.0443 0.0083 -0.0323 -0.1268 -0.2760 -0.3316 -0.3318 -0.1801 0.1223 0.1026 0.0409 -0.0154
0.0227 0.1014 0.1251 -0.1768 -0.3317 -0.3319 -0.2772 -0.1287 -0.0329 0.0079 0.0437 0.1155 0.0920 -0.2134 -0.3333 -0.3291 -0.2643 -0.1102 -0.0268 0.0116 0.0496 0.1342 0.0511 -0.2569 -0.3346 -0.3256 -0.2498 -0.0936 -0.0210 0.0152 0.0558 0.1609 0.0078 -0.3114 -0.3355 -0.3211 -0.2337 -0.0794 -0.0158 0.0186 0.0619 0.1701 -0.0256 -0.3206 -0.3359 -0.3179 -0.2245 -0.0740 -0.0139 0.0230 0.0510 0.0230 -0.0139 -0.0740 -0.2245 -0.3179 -0.3359 -0.3206 -0.0256 0.1701 0.0619 0.0186 -0.0158 -0.0794 -0.2337 -0.3211 -0.3355 -0.3114 0.0078 0.1609 0.0558 0.0152 -0.0210 -0.0936 -0.2498 -0.3256 -0.3346 -0.2569 0.0511 0.1342 0.0496 0.0116 -0.0268 -0.1102 -0.2643 -0.3291 -0.3333 -0.2134 0.0920 0.1155 0.0437 0.0079 -0.0329 -0.1287 -0.2772 -0.3319 -0.3317 -0.1768 0.1251 0.1014 0.0227
0.0820 0.1278 -0.1735 -0.3315 -0.3321 -0.2783 -0.1305 -0.0335 0.0076 0.0432 0.1140 0.0956 -0.2097 -0.3332 -0.3294 -0.2656 -0.1119 -0.0273 0.0113 0.0490 0.1321 0.0552 -0.2524 -0.3345 -0.3260 -0.2513 -0.0951 -0.0216 0.0149 0.0552 0.1579 0.0119 -0.3056 -0.3354 -0.3216 -0.2352 -0.0805 -0.0162 0.0184 0.0616 0.1700 -0.0256 -0.3206 -0.3359 -0.3176 -0.2232 -0.0728 -0.0136 0.0201 0.0664 0.1098 0.0664 0.0201 -0.0136 -0.0728 -0.2232 -0.3176 -0.3359 -0.3206 -0.0256 0.1700 0.0616 0.0184 -0.0162 -0.0805 -0.2352 -0.3216 -0.3354 -0.3056 0.0119 0.1579 0.0552 0.0149 -0.0216 -0.0951 -0.2513 -0.3260 -0.3345 -0.2524 0.0552 0.1321 0.0490 0.0113 -0.0273 -0.1119 -0.2656 -0.3294 -0.3332 -0.2097 0.0956 0.1140 0.0432 0.0076 -0.0335 -0.1305 -0.2783 -0.3321 -0.3315 -0.1735 0.1278 0.0820
0.0960 -0.1702 -0.3313 -0.3323 -0.2795 -0.1324 -0.0341 0.0072 0.0426 0.1125 0.0991 -0.2060 -0.3330 -0.3297 -0.2669 -0.1136 -0.0279 0.0109 0.0485 0.1301 0.0593 -0.2479 -0.3344 -0.3263 -0.2527 -0.0966 -0.0221 0.0145 0.0546 0.1549 0.0160 -0.2999 -0.3354 -0.3220 -0.2368 -0.0818 -0.0166 0.0181 0.0611 0.1699 -0.0240 -0.3206 -0.3359 -0.3175 -0.2226 -0.0721 -0.0131 0.0202 0.0650 0.1478 0.0895 0.1478 0.0650 0.0202 -0.0131 -0.0721 -0.2226 -0.3175 -0.3359 -0.3206 -0.0240 0.1699 0.0611 0.0181 -0.0166 -0.0818 -0.2368 -0.3220 -0.3354 -0.2999 0.0160 0.1549 0.0546 0.0145 -0.0221 -0.0966 -0.2527 -0.3263 -0.3344 -0.2479 0.0593 0.1301 0.0485 0.0109 -0.0279 -0.1136 -0.2669 -0.3297 -0.3330 -0.2060 0.0991 0.1125 0.0426 0.0072 -0.0341 -0.1324 -0.2795 -0.3323 -0.3313 -0.1702 0.0960
-0.1123 -0.3310 -0.3325 -0.2806 -0.1342 -0.0347 0.0068 0.0421 0.1111 0.1025 -0.2023 -0.3329 -0.3300 -0.2682 -0.1153 -0.0285 0.0106 0.0479 0.1282 0.0634 -0.2435 -0.3343 -0.3267 -0.2542 -0.0981 -0.0226 0.0142 0.0540 0.1521 0.0201 -0.2943 -0.3353 -0.3225 -0.2384 -0.0831 -0.0172 0.0178 0.0605 0.1697 -0.0213 -0.3204 -0.3359 -0.3176 -0.2226 -0.0718 -0.0129 0.0206 0.0652 0.1701 -0.0467 -0.2545 -0.0467 0.1701 0.0652 0.0206 -0.0129 -0.0718 -0.2226 -0.3176 -0.3359 -0.3204 -0.0213 0.1697 0.0605 0.0178 -0.0172 -0.0831 -0.2384 -0.3225 -0.3353 -0.2943 0.0201 0.1521 0.0540 0.0142 -0.0226 -0.0981 -0.2542 -0.3267 -0.3343 -0.2435 0.0634 0.1282 0.0479 0.0106 -0.0285 -0.1153 -0.2682 -0.3300 -0.3329 -0.2023 0.1025 0.1111 0.0421 0.0068 -0.0347 -0.1342 -0.2806 -0.3325 -0.3310 -0.1123
-0.1976 -0.3326 -0.2816 -0.1361 -0.0353 0.0065 0.0416 0.1097 0.1058 -0.1987 -0.3327 -0.3303 -0.2695 -0.1170 -0.0291 0.0102 0.0473 0.1263 0.0674 -0.2392 -0.3341 -0.3270 -0.2556 -0.0997 -0.0232 0.0139 0.0534 0.1494 0.0243 -0.2889 -0.3352 -0.3229 -0.2400 -0.0845 -0.0177 0.0174 0.0599 0.1695 -0.0177 -0.3202 -0.3359 -0.3179 -0.2233 -0.0721 -0.0129 0.0206 0.0655 0.1707 -0.0466 -0.3235 -0.3349 -0.3235 -0.0466 0.1707 0.0655 0.0206 -0.0129 -0.0721 -0.2232 -0.3179 -0.3359 -0.3202 -0.0177 0.1695 0.0599 0.0174 -0.0177 -0.0845 -0.2400 -0.3229 -0.3352 -0.2889 0.0243 0.1494 0.0534 0.0139 -0.0232 -0.0997 -0.2556 -0.3270 -0.3341 -0.2392 0.0674 0.1263 0.0473 0.0102 -0.0291 -0.1170 -0.2695 -0.3303 -0.3327 -0.1987 0.1058 0.1097 0.0416 0.0065 -0.0353 -0.1361 -0.2816 -0.3326 -0.1976
-0.2161 -0.2835 -0.1377 -0.0359 0.0061 0.0410 0.1083 0.1091 -0.1952 -0.3326 -0.3305 -0.2707 -0.1188 -0.0296 0.0099 0.0468 0.1245 0.0714 -0.2350 -0.3340 -0.3274 -0.2570 -0.1013 -0.0237 0.0135 0.0528 0.1468 0.0285 -0.2836 -0.3351 -0.3234 -0.2415 -0.0858 -0.0182 0.0171 0.0592 0.1692 -0.0139 -0.3199 -0.3358 -0.3184 -0.2245 -0.0728 -0.0131 0.0205 0.0655 0.1707 -0.0448 -0.3225 -0.3377 -0.3366 -0.3377 -0.3224 -0.0448 0.1707 0.0655 0.0206 -0.0131 -0.0728 -0.2245 -0.3184 -0.3358 -0.3199 -0.0138 0.1692 0.0592 0.0171 -0.0182 -0.0859 -0.2417 -0.3234 -0.3351 -0.2836 0.0285 0.1468 0.0528 0.0135 -0.0237 -0.1014 -0.2571 -0.3275 -0.3340 -0.2350 0.0715 0.1245 0.0468 0.0099 -0.0296 -0.1189 -0.2709 -0.3306 -0.3326 -0.1952 0.1091 0.1083 0.0410 0.0061 -0.0359 -0.1379 -0.2837 -0.2161
-0.1974 -0.1427 -0.0365 0.0058 0.0405 0.1070 0.1122 -0.1917 -0.3324 -0.3308 -0.2719 -0.1206 -0.0302 0.0095 0.0462 0.1227 0.0753 -0.2309 -0.3339 -0.3277 -0.2584 -0.1029 -0.0243 0.0132 0.0522 0.1443 0.0326 -0.2784 -0.3350 -0.3238 -0.2431 -0.0872 -0.0187 0.0168 0.0586 0.1689 -0.0100 -0.3196 -0.3358 -0.3189 -0.2261 -0.0738 -0.0135 0.0203 0.0652 0.1707 -0.0451 -0.3220 -0.3352 -0.3156 -0.2813 -0.3152 -0.3351 -0.3220 -0.0448 0.1707 0.0652 0.0202 -0.0136 -0.0740 -0.2262 -0.3189 -0.3357 -0.3196 -0.0099 0.1689 0.0586 0.0167 -0.0189 -0.0874 -0.2432 -0.3238 -0.3350 -0.2784 0.0327 0.1453 0.0522 0.0131 -0.0244 -0.1031 -0.2585 -0.3277 -0.3338 -0.2308 0.0754 0.1233 0.0461 0.0094 -0.0304 -0.1209 -0.2720 -0.3308 -0.3323 -0.1917 0.1123 0.1073 0.0404 0.0057 -0.0367 -0.1430 -0.1974
-0.1189 -0.0376 0.0050 0.0400 0.1056 0.1153 -0.1883 -0.3322 -0.3311 -0.2732 -0.1224 -0.0308 0.0092 0.0456 0.1210 0.0792 -0.2268 -0.3338 -0.3281 -0.2597 -0.1045 -0.0248 0.0128 0.0516 0.1419 0.0368 -0.2734 -0.3349 -0.3242 -0.2446 -0.0886 -0.0192 0.0164 0.0580 0.1686 -0.0060 -0.3193 -0.3357 -0.3194 -0.2278 -0.0750 -0.0139 0.0200 0.0647 0.1706 -0.0439 -0.3221 -0.3360 -0.3113 -0.2101 -0.1200 -0.2001 -0.3066 -0.3351 -0.3225 -0.0467 0.1701 0.0650 0.0201 -0.0139 -0.0729 -0.2211 -0.3162 -0.3350 -0.3199 -0.0099 0.1683 0.0583 0.0165 -0.0191 -0.0856 -0.2382 -0.3214 -0.3344 -0.2763 0.0325 0.1445 0.0519 0.0129 -0.0248 -0.1005 -0.2537 -0.3256 -0.3334 -0.2293 0.0749 0.1228 0.0458 0.0092 -0.0307 -0.1174 -0.2676 -0.3289 -0.3321 -0.1905 0.1117 0.1068 0.0401 0.0051 -0.0374 -0.1138
-0.0527 0.0081 0.0394 0.1044 0.1183 -0.1849 -0.3321 -0.3313 -0.2743 -0.1242 -0.0314 0.0088 0.0451 0.1194 0.0830 -0.2228 -0.3336 -0.3284 -0.2611 -0.1061 -0.0254 0.0125 0.0510 0.1396 0.0410 -0.2685 -0.3348 -0.3246 -0.2462 -0.0900 -0.0197 0.0161 0.0573 0.1678 -0.0020 -0.3190 -0.3357 -0.3199 -0.2295 -0.0762 -0.0144 0.0197 0.0641 0.1706 -0.0414 -0.3219 -0.3360 -0.3149 -0.2077 -0.0590 -0.0163 -0.0561 -0.1999 -0.3143 -0.3377 -0.3235 -0.0467 0.1478 0.0664 0.0230 -0.0094 -0.0696 -0.2262 -0.3208 -0.3373 -0.3206 -0.0087 0.1413 0.0601 0.0195 -0.0144 -0.0833 -0.2437 -0.3257 -0.3365 -0.2762 0.0339 0.1259 0.0541 0.0160 -0.0197 -0.0992 -0.2594 -0.3296 -0.3353 -0.2291 0.0764 0.1118 0.0484 0.0125 -0.0254 -0.1173 -0.2733 -0.3327 -0.3337 -0.1903 0.1130 0.1007 0.0430 0.0124 -0.0492
-0.0152 0.0411 0.1031 0.1211 -0.1815 -0.3319 -0.3315 -0.2755 -0.1260 -0.0320 0.0084 0.0445 0.1177 0.0868 -0.2189 -0.3335 -0.3287 -0.2625 -0.1078 -0.0260 0.0121 0.0504 0.1373 0.0452 -0.2636 -0.3347 -0.3250 -0.2477 -0.0915 -0.0203 0.0157 0.0567 0.1655 0.0020 -0.3179 -0.3356 -0.3204 -0.2312 -0.0774 -0.0149 0.0193 0.0634 0.1705 -0.0380 -0.3217 -0.3360 -0.3151 -0.2151 -0.0644 -0.0020 0.0143 -0.0387 -0.1315 -0.2806 -0.3361 -0.3349 -0.2545 0.0895 0.1098 0.0510 0.0131 -0.0252 -0.1410 -0.2921 -0.3383 -0.3328 -0.2318 0.1156 0.1002 0.0456 0.0097 -0.0330 -0.1632 -0.3022 -0.3395 -0.3304 -0.1820 0.1323 0.0918 0.0404 0.0064 -0.0420 -0.1854 -0.3108 -0.3400 -0.3278 -0.1332 0.1411 0.0842 0.0353 0.0027 -0.0523 -0.2069 -0.3180 -0.3400 -0.3249 -0.0899 0.1442 0.0776 0.0339 -0.0204
0.0229 0.1019 0.1240 -0.1782 -0.3317 -0.3318 -0.2768 -0.1280 -0.0326 0.0081 0.0440 0.1162 0.0905 -0.2150 -0.3334 -0.3291 -0.2639 -0.1096 -0.0265 0.0118 0.0499 0.1351 0.0494 -0.2589 -0.3347 -0.3255 -0.2493 -0.0930 -0.0208 0.0154 0.0561 0.1623 0.0061 -0.3139 -0.3356 -0.3210 -0.2330 -0.0787 -0.0154 0.0190 0.0628 0.1704 -0.0343 -0.3214 -0.3360 -0.3155 -0.2157 -0.0669 -0.0089 0.0258 -0.0037 -0.1530 -0.2611 -0.3164 -0.3373 -0.3234 -0.0467 0.1478 0.0664 0.0230 -0.0094 -0.0696 -0.2262 -0.3208 -0.3373 -0.3206 -0.0087 0.1413 0.0601 0.0195 -0.0144 -0.0833 -0.2437 -0.3257 -0.3365 -0.2762 0.0339 0.1259 0.0541 0.0160 -0.0197 -0.0992 -0.2594 -0.3296 -0.3353 -0.2291 0.0764 0.1118 0.0484 0.0125 -0.0254 -0.1173 -0.2733 -0.3327 -0.3337 -0.1903 0.1130 0.1007 0.0430 0.0124 -0.0492
