-0.1301 -0.1625 -0.0752 -0.0322 0.0053 0.0491 0.1388 -0.0312 -0.1828 -0.2106 -0.2127 -0.1603 -0.0754 -0.0320 0.0054 0.0494 0.1387 -0.0323 -0.1830 -0.2107 -0.2126 -0.1599 -0.0750 -0.0318 0.0056 0.0497 0.1386 -0.0334 -0.1832 -0.2108 -0.2125 -0.1594 -0.0747 -0.0317 0.0058 0.0500 0.1385 -0.0345 -0.1834 -0.2109 -0.2124 -0.1590 -0.0744 -0.0315 0.0060 0.0503 0.1384 -0.0356 -0.1853 -0.2119 -0.2157 -0.2119 -0.1853 -0.0356 0.1384 0.0503 0.0060 -0.0315 -0.0744 -0.1590 -0.2124 -0.2109 -0.1834 -0.0345 0.1385 0.0500 0.0058 -0.0317 -0.0747 -0.1594 -0.2125 -0.2108 -0.1832 -0.0334 0.1386 0.0497 0.0056 -0.0318 -0.0750 -0.1599 -0.2126 -0.2107 -0.1830 -0.0323 0.1387 0.0494 0.0054 -0.0320 -0.0754 -0.1603 -0.2127 -0.2106 -0.1828 -0.0312 0.1388 0.0491 0.0053 -0.0322 -0.0752 -0.1625 -0.1301
-0.1625 -0.0715 -0.0104 0.0253 0.0667 0.1707 -0.0478 -0.3220 -0.3359 -0.3150 -0.2172 -0.0697 -0.0097 0.0255 0.0670 0.1707 -0.0496 -0.3222 -0.3359 -0.3148 -0.2163 -0.0693 -0.0095 0.0256 0.0673 0.1706 -0.0511 -0.3223 -0.3359 -0.3145 -0.2157 -0.0688 -0.0092 0.0258 0.0676 0.1706 -0.0526 -0.3224 -0.3359 -0.3142 -0.2149 -0.0683 -0.0090 0.0259 0.0679 0.1706 -0.0540 -0.3225 -0.3348 -0.3149 -0.2812 -0.3149 -0.3348 -0.3225 -0.0540 0.1706 0.0679 0.0259 -0.0090 -0.0683 -0.2149 -0.3142 -0.3359 -0.3224 -0.0526 0.1706 0.0676 0.0258 -0.0092 -0.0688 -0.2157 -0.3145 -0.3359 -0.3223 -0.0511 0.1706 0.0673 0.0256 -0.0095 -0.0693 -0.2163 -0.3148 -0.3359 -0.3222 -0.0496 0.1707 0.0670 0.0255 -0.0097 -0.0697 -0.2172 -0.3150 -0.3359 -0.3220 -0.0478 0.1707 0.0667 0.0253 -0.0104 -0.0715 -0.1625
-0.0752 -0.0104 0.0210 0.0671 0.1707 -0.0509 -0.3224 -0.3360 -0.3142 -0.2131 -0.0665 -0.0112 0.0216 0.0677 0.1706 -0.0532 -0.3226 -0.3360 -0.3139 -0.2123 -0.0661 -0.0110 0.0218 0.0680 0.1706 -0.0546 -0.3227 -0.3361 -0.3136 -0.2116 -0.0656 -0.0108 0.0220 0.0683 0.1706 -0.0561 -0.3228 -0.3361 -0.3134 -0.2108 -0.0652 -0.0106 0.0221 0.0687 0.1705 -0.0575 -0.3229 -0.3360 -0.3096 -0.2053 -0.1174 -0.2053 -0.3096 -0.3360 -0.3229 -0.0575 0.1705 0.0687 0.0221 -0.0106 -0.0652 -0.2108 -0.3134 -0.3361 -0.3228 -0.0561 0.1706 0.0683 0.0220 -0.0108 -0.0656 -0.2116 -0.3136 -0.3361 -0.3227 -0.0546 0.1706 0.0680 0.0218 -0.0110 -0.0661 -0.2123 -0.3139 -0.3360 -0.3226 -0.0532 0.1706 0.0677 0.0216 -0.0112 -0.0665 -0.2131 -0.3142 -0.3360 -0.3224 -0.0509 0.1707 0.0671 0.0210 -0.0104 -0.0752
-0.0322 0.0253 0.0671 0.1707 -0.0531 -0.3226 -0.3361 -0.3138 -0.2116 -0.0657 -0.0104 0.0223 0.0685 0.1705 -0.0566 -0.3229 -0.3361 -0.3134 -0.2107 -0.0652 -0.0102 0.0225 0.0688 0.1705 -0.0580 -0.3230 -0.3361 -0.3131 -0.2100 -0.0648 -0.0100 0.0226 0.0691 0.1704 -0.0595 -0.3231 -0.3361 -0.3128 -0.2092 -0.0643 -0.0098 0.0228 0.0694 0.1704 -0.0609 -0.3232 -0.3361 -0.3126 -0.2015 -0.0576 -0.0179 -0.0576 -0.2015 -0.3126 -0.3361 -0.3232 -0.0609 0.1704 0.0694 0.0228 -0.0098 -0.0643 -0.2092 -0.3128 -0.3361 -0.3231 -0.0595 0.1704 0.0691 0.0226 -0.0100 -0.0648 -0.2100 -0.3131 -0.3361 -0.3230 -0.0580 0.1705 0.0688 0.0225 -0.0102 -0.0652 -0.2107 -0.3134 -0.3361 -0.3229 -0.0566 0.1705 0.0685 0.0223 -0.0104 -0.0657 -0.2116 -0.3138 -0.3361 -0.3226 -0.0531 0.1707 0.0671 0.0253 -0.0322
0.0053 0.0667 0.1707 -0.0531 -0.3227 -0.3361 -0.3133 -0.2100 -0.0647 -0.0100 0.0226 0.0692 0.1704 -0.0599 -0.3231 -0.3361 -0.3127 -0.2089 -0.0642 -0.0098 0.0228 0.0695 0.1704 -0.0614 -0.3232 -0.3361 -0.3125 -0.2081 -0.0637 -0.0096 0.0230 0.0698 0.1703 -0.0628 -0.3233 -0.3361 -0.3122 -0.2073 -0.0633 -0.0094 0.0231 0.0701 0.1702 -0.0642 -0.3235 -0.3361 -0.3120 -0.2067 -0.0617 -0.0045 0.0167 -0.0045 -0.0617 -0.2067 -0.3120 -0.3361 -0.3235 -0.0642 0.1702 0.0701 0.0231 -0.0094 -0.0633 -0.2073 -0.3122 -0.3361 -0.3233 -0.0628 0.1703 0.0698 0.0230 -0.0096 -0.0637 -0.2081 -0.3125 -0.3361 -0.3232 -0.0614 0.1704 0.0695 0.0228 -0.0098 -0.0642 -0.2089 -0.3127 -0.3361 -0.3231 -0.0599 0.1704 0.0692 0.0226 -0.0100 -0.0647 -0.2100 -0.3133 -0.3361 -0.3227 -0.0531 0.1707 0.0667 0.0053
0.0491 0.1707 -0.0509 -0.3226 -0.3361 -0.3131 -0.2091 -0.0639 -0.0096 0.0230 0.0698 0.1703 -0.0633 -0.3234 -0.3361 -0.3121 -0.2071 -0.0632 -0.0093 0.0232 0.0702 0.1702 -0.0647 -0.3235 -0.3361 -0.3118 -0.2063 -0.0627 -0.0091 0.0233 0.0705 0.1701 -0.0661 -0.3236 -0.3361 -0.3116 -0.2055 -0.0623 -0.0089 0.0235 0.0708 0.1700 -0.0675 -0.3237 -0.3360 -0.3113 -0.2049 -0.0621 -0.0087 0.0270 0.0570 0.0270 -0.0087 -0.0621 -0.2049 -0.3113 -0.3360 -0.3237 -0.0675 0.1700 0.0708 0.0235 -0.0089 -0.0623 -0.2055 -0.3116 -0.3361 -0.3236 -0.0661 0.1701 0.0705 0.0233 -0.0091 -0.0627 -0.2063 -0.3118 -0.3361 -0.3235 -0.0647 0.1702 0.0702 0.0232 -0.0093 -0.0632 -0.2071 -0.3121 -0.3361 -0.3234 -0.0633 0.1703 0.0698 0.0230 -0.0096 -0.0639 -0.2091 -0.3131 -0.3361 -0.3226 -0.0509 0.1707 0.0491
0.1388 -0.0478 -0.3224 -0.3361 -0.3133 -0.2091 -0.0636 -0.0093 0.0232 0.0704 0.1701 -0.0664 -0.3236 -0.3361 -0.3115 -0.2052 -0.0622 -0.0089 0.0235 0.0709 0.1700 -0.0680 -0.3238 -0.3360 -0.3112 -0.2045 -0.0618 -0.0087 0.0237 0.0712 0.1699 -0.0694 -0.3239 -0.3360 -0.3109 -0.2037 -0.0613 -0.0085 0.0239 0.0716 0.1697 -0.0708 -0.3240 -0.3360 -0.3106 -0.2029 -0.0610 -0.0084 0.0241 0.0734 0.1220 0.0734 0.0241 -0.0084 -0.0610 -0.2029 -0.3106 -0.3360 -0.3240 -0.0708 0.1697 0.0716 0.0239 -0.0085 -0.0613 -0.2037 -0.3109 -0.3360 -0.3239 -0.0694 0.1699 0.0712 0.0237 -0.0087 -0.0618 -0.2045 -0.3112 -0.3360 -0.3238 -0.0680 0.1700 0.0709 0.0235 -0.0089 -0.0622 -0.2052 -0.3115 -0.3361 -0.3236 -0.0664 0.1701 0.0704 0.0232 -0.0093 -0.0636 -0.2091 -0.3133 -0.3361 -0.3224 -0.0478 0.1388
-0.0312 -0.3220 -0.3360 -0.3138 -0.2100 -0.0639 -0.0093 0.0233 0.0708 0.1700 -0.0689 -0.3239 -0.3360 -0.3108 -0.2034 -0.0612 -0.0084 0.0239 0.0717 0.1697 -0.0713 -0.3240 -0.3360 -0.3105 -0.2026 -0.0608 -0.0082 0.0241 0.0720 0.1696 -0.0727 -0.3241 -0.3360 -0.3102 -0.2018 -0.0604 -0.0080 0.0242 0.0723 0.1694 -0.0741 -0.3242 -0.3360 -0.3100 -0.2010 -0.0600 -0.0079 0.0243 0.0731 0.1540 0.0510 0.1540 0.0731 0.0243 -0.0079 -0.0600 -0.2010 -0.3100 -0.3360 -0.3242 -0.0741 0.1694 0.0723 0.0242 -0.0080 -0.0604 -0.2018 -0.3102 -0.3360 -0.3241 -0.0727 0.1696 0.0720 0.0241 -0.0082 -0.0608 -0.2026 -0.3105 -0.3360 -0.3240 -0.0713 0.1697 0.0717 0.0239 -0.0084 -0.0612 -0.2034 -0.3108 -0.3360 -0.3239 -0.0689 0.1700 0.0708 0.0233 -0.0093 -0.0639 -0.2100 -0.3138 -0.3360 -0.3220 -0.0312
-0.1828 -0.3359 -0.3142 -0.2116 -0.0647 -0.0096 0.0232 0.0708 0.1699 -0.0706 -0.3240 -0.3360 -0.3102 -0.2016 -0.0603 -0.0080 0.0243 0.0724 0.1694 -0.0745 -0.3243 -0.3360 -0.3099 -0.2007 -0.0599 -0.0078 0.0245 0.0727 0.1693 -0.0759 -0.3244 -0.3360 -0.3096 -0.1999 -0.0595 -0.0076 0.0246 0.0731 0.1691 -0.0773 -0.3245 -0.3360 -0.3093 -0.1991 -0.0591 -0.0074 0.0248 0.0734 0.1679 -0.0839 -0.2823 -0.0839 0.1679 0.0734 0.0248 -0.0074 -0.0591 -0.1991 -0.3093 -0.3360 -0.3245 -0.0773 0.1691 0.0731 0.0246 -0.0076 -0.0595 -0.1999 -0.3096 -0.3360 -0.3244 -0.0759 0.1693 0.0727 0.0245 -0.0078 -0.0599 -0.2007 -0.3099 -0.3360 -0.3243 -0.0745 0.1694 0.0724 0.0243 -0.0080 -0.0603 -0.2016 -0.3102 -0.3360 -0.3240 -0.0706 0.1699 0.0708 0.0232 -0.0096 -0.0647 -0.2116 -0.3142 -0.3359 -0.1828
-0.2106 -0.3150 -0.2131 -0.0657 -0.0100 0.0230 0.0704 0.1700 -0.0706 -0.3241 -0.3360 -0.3098 -0.2002 -0.0595 -0.0076 0.0247 0.0732 0.1690 -0.0777 -0.3245 -0.3360 -0.3092 -0.1988 -0.0589 -0.0073 0.0248 0.0735 0.1689 -0.0791 -0.3246 -0.3360 -0.3089 -0.1980 -0.0585 -0.0071 0.0250 0.0738 0.1687 -0.0805 -0.3247 -0.3360 -0.3086 -0.1972 -0.0581 -0.0070 0.0252 0.0742 0.1685 -0.0845 -0.3265 -0.3368 -0.3265 -0.0845 0.1685 0.0742 0.0252 -0.0070 -0.0581 -0.1972 -0.3086 -0.3360 -0.3247 -0.0805 0.1687 0.0738 0.0250 -0.0071 -0.0585 -0.1980 -0.3089 -0.3360 -0.3246 -0.0791 0.1689 0.0735 0.0248 -0.0073 -0.0589 -0.1988 -0.3092 -0.3360 -0.3245 -0.0777 0.1690 0.0732 0.0247 -0.0076 -0.0595 -0.2002 -0.3098 -0.3360 -0.3241 -0.0706 0.1700 0.0704 0.0230 -0.0100 -0.0657 -0.2131 -0.3150 -0.2106
-0.2127 -0.2172 -0.0665 -0.0104 0.0226 0.0698 0.1701 -0.0689 -0.3240 -0.3360 -0.3096 -0.1992 -0.0589 -0.0072 0.0250 0.0739 0.1686 -0.0809 -0.3248 -0.3360 -0.3085 -0.1969 -0.0580 -0.0069 0.0252 0.0743 0.1685 -0.0823 -0.3249 -0.3359 -0.3082 -0.1961 -0.0576 -0.0067 0.0254 0.0746 0.1683 -0.0836 -0.3250 -0.3359 -0.3079 -0.1953 -0.0572 -0.0065 0.0256 0.0749 0.1681 -0.0849 -0.3254 -0.3375 -0.3336 -0.3375 -0.3254 -0.0849 0.1681 0.0749 0.0256 -0.0065 -0.0572 -0.1953 -0.3079 -0.3359 -0.3250 -0.0836 0.1683 0.0746 0.0254 -0.0067 -0.0576 -0.1961 -0.3082 -0.3359 -0.3249 -0.0823 0.1685 0.0743 0.0252 -0.0069 -0.0580 -0.1969 -0.3085 -0.3360 -0.3248 -0.0809 0.1686 0.0739 0.0250 -0.0072 -0.0589 -0.1992 -0.3096 -0.3360 -0.3240 -0.0689 0.1701 0.0698 0.0226 -0.0104 -0.0665 -0.2172 -0.2127
-0.1603 -0.0697 -0.0112 0.0223 0.0692 0.1703 -0.0664 -0.3239 -0.3360 -0.3098 -0.1992 -0.0586 -0.0070 0.0253 0.0745 0.1683 -0.0839 -0.3250 -0.3359 -0.3078 -0.1950 -0.0571 -0.0064 0.0256 0.0750 0.1680 -0.0854 -0.3251 -0.3359 -0.3075 -0.1942 -0.0567 -0.0063 0.0258 0.0754 0.1678 -0.0868 -0.3252 -0.3359 -0.3072 -0.1934 -0.0564 -0.0061 0.0260 0.0757 0.1675 -0.0881 -0.3253 -0.3347 -0.3072 -0.2657 -0.3072 -0.3347 -0.3253 -0.0881 0.1675 0.0757 0.0260 -0.0061 -0.0564 -0.1934 -0.3072 -0.3359 -0.3252 -0.0868 0.1678 0.0754 0.0258 -0.0063 -0.0567 -0.1942 -0.3075 -0.3359 -0.3251 -0.0854 0.1680 0.0750 0.0256 -0.0064 -0.0571 -0.1950 -0.3078 -0.3359 -0.3250 -0.0839 0.1683 0.0745 0.0253 -0.0070 -0.0586 -0.1992 -0.3098 -0.3360 -0.3239 -0.0664 0.1703 0.0692 0.0223 -0.0112 -0.0697 -0.1603
-0.0754 -0.0097 0.0216 0.0685 0.1704 -0.0633 -0.3236 -0.3360 -0.3102 -0.2002 -0.0589 -0.0070 0.0254 0.0749 0.1679 -0.0863 -0.3252 -0.3359 -0.3071 -0.1931 -0.0562 -0.0060 0.0260 0.0758 0.1675 -0.0886 -0.3254 -0.3359 -0.3067 -0.1923 -0.0559 -0.0058 0.0262 0.0762 0.1672 -0.0899 -0.3255 -0.3358 -0.3064 -0.1915 -0.0555 -0.0056 0.0264 0.0765 0.1670 -0.0912 -0.3256 -0.3358 -0.3021 -0.1856 -0.0993 -0.1856 -0.3021 -0.3358 -0.3256 -0.0912 0.1670 0.0765 0.0264 -0.0056 -0.0555 -0.1915 -0.3064 -0.3358 -0.3255 -0.0899 0.1672 0.0762 0.0262 -0.0058 -0.0559 -0.1923 -0.3067 -0.3359 -0.3254 -0.0886 0.1675 0.0758 0.0260 -0.0060 -0.0562 -0.1931 -0.3071 -0.3359 -0.3252 -0.0863 0.1679 0.0749 0.0254 -0.0070 -0.0589 -0.2002 -0.3102 -0.3360 -0.3236 -0.0633 0.1704 0.0685 0.0216 -0.0097 -0.0754
-0.0320 0.0255 0.0677 0.1705 -0.0599 -0.3234 -0.3361 -0.3108 -0.2016 -0.0595 -0.0072 0.0253 0.0749 0.1678 -0.0879 -0.3254 -0.3359 -0.3064 -0.1913 -0.0554 -0.0056 0.0264 0.0766 0.1669 -0.0917 -0.3256 -0.3358 -0.3060 -0.1904 -0.0550 -0.0054 0.0266 0.0770 0.1666 -0.0930 -0.3257 -0.3358 -0.3057 -0.1895 -0.0547 -0.0052 0.0268 0.0773 0.1663 -0.0943 -0.3258 -0.3358 -0.3054 -0.1819 -0.0483 -0.0121 -0.0483 -0.1819 -0.3054 -0.3358 -0.3258 -0.0943 0.1663 0.0773 0.0268 -0.0052 -0.0547 -0.1895 -0.3057 -0.3358 -0.3257 -0.0930 0.1666 0.0770 0.0266 -0.0054 -0.0550 -0.1904 -0.3060 -0.3358 -0.3256 -0.0917 0.1669 0.0766 0.0264 -0.0056 -0.0554 -0.1913 -0.3064 -0.3359 -0.3254 -0.0879 0.1678 0.0749 0.0253 -0.0072 -0.0595 -0.2016 -0.3108 -0.3361 -0.3234 -0.0599 0.1705 0.0677 0.0255 -0.0320
0.0054 0.0670 0.1706 -0.0566 -0.3231 -0.3361 -0.3115 -0.2034 -0.0603 -0.0076 0.0250 0.0745 0.1679 -0.0879 -0.3255 -0.3358 -0.3060 -0.1898 -0.0547 -0.0052 0.0268 0.0774 0.1662 -0.0947 -0.3259 -0.3358 -0.3053 -0.1884 -0.0542 -0.0050 0.0270 0.0778 0.1659 -0.0961 -0.3260 -0.3357 -0.3049 -0.1876 -0.0538 -0.0048 0.0272 0.0781 0.1656 -0.0974 -0.3261 -0.3357 -0.3047 -0.1870 -0.0531 -0.0001 0.0204 -0.0001 -0.0531 -0.1870 -0.3047 -0.3357 -0.3261 -0.0974 0.1656 0.0781 0.0272 -0.0048 -0.0538 -0.1876 -0.3049 -0.3357 -0.3260 -0.0961 0.1659 0.0778 0.0270 -0.0050 -0.0542 -0.1884 -0.3053 -0.3358 -0.3259 -0.0947 0.1662 0.0774 0.0268 -0.0052 -0.0547 -0.1898 -0.3060 -0.3358 -0.3255 -0.0879 0.1679 0.0745 0.0250 -0.0076 -0.0603 -0.2034 -0.3115 -0.3361 -0.3231 -0.0566 0.1706 0.0670 0.0054
0.0494 0.1707 -0.0532 -0.3229 -0.3361 -0.3121 -0.2052 -0.0612 -0.0080 0.0247 0.0739 0.1683 -0.0863 -0.3254 -0.3358 -0.3057 -0.1888 -0.0541 -0.0048 0.0272 0.0782 0.1655 -0.0978 -0.3261 -0.3357 -0.3045 -0.1865 -0.0534 -0.0045 0.0274 0.0786 0.1652 -0.0991 -0.3262 -0.3357 -0.3042 -0.1857 -0.0530 -0.0043 0.0276 0.0789 0.1649 -0.1004 -0.3263 -0.3357 -0.3039 -0.1850 -0.0529 -0.0041 0.0313 0.0628 0.0313 -0.0041 -0.0529 -0.1850 -0.3039 -0.3357 -0.3263 -0.1004 0.1649 0.0789 0.0276 -0.0043 -0.0530 -0.1857 -0.3042 -0.3357 -0.3262 -0.0991 0.1652 0.0786 0.0274 -0.0045 -0.0534 -0.1865 -0.3045 -0.3357 -0.3261 -0.0978 0.1655 0.0782 0.0272 -0.0048 -0.0541 -0.1888 -0.3057 -0.3358 -0.3254 -0.0863 0.1683 0.0739 0.0247 -0.0080 -0.0612 -0.2052 -0.3121 -0.3361 -0.3229 -0.0532 0.1707 0.0494
0.1387 -0.0496 -0.3226 -0.3361 -0.3127 -0.2071 -0.0622 -0.0084 0.0243 0.0732 0.1686 -0.0839 -0.3252 -0.3359 -0.3060 -0.1888 -0.0539 -0.0046 0.0274 0.0788 0.1649 -0.1007 -0.3263 -0.3357 -0.3037 -0.1845 -0.0525 -0.0041 0.0278 0.0794 0.1645 -0.1022 -0.3264 -0.3356 -0.3034 -0.1837 -0.0522 -0.0039 0.0280 0.0798 0.1641 -0.1035 -0.3266 -0.3356 -0.3031 -0.1829 -0.0519 -0.0039 0.0283 0.0807 0.1366 0.0807 0.0283 -0.0039 -0.0519 -0.1829 -0.3031 -0.3356 -0.3266 -0.1035 0.1641 0.0798 0.0280 -0.0039 -0.0522 -0.1837 -0.3034 -0.3356 -0.3264 -0.1022 0.1645 0.0794 0.0278 -0.0041 -0.0525 -0.1845 -0.3037 -0.3357 -0.3263 -0.1007 0.1649 0.0788 0.0274 -0.0046 -0.0539 -0.1888 -0.3060 -0.3359 -0.3252 -0.0839 0.1686 0.0732 0.0243 -0.0084 -0.0622 -0.2071 -0.3127 -0.3361 -0.3226 -0.0496 0.1387
-0.0323 -0.3222 -0.3360 -0.3134 -0.2089 -0.0632 -0.0089 0.0239 0.0724 0.1690 -0.0809 -0.3250 -0.3359 -0.3064 -0.1898 -0.0541 -0.0046 0.0276 0.0792 0.1644 -0.1030 -0.3266 -0.3356 -0.3030 -0.1826 -0.0518 -0.0037 0.0283 0.0802 0.1636 -0.1052 -0.3267 -0.3356 -0.3026 -0.1818 -0.0514 -0.0035 0.0284 0.0806 0.1632 -0.1065 -0.3268 -0.3355 -0.3023 -0.1809 -0.0511 -0.0033 0.0285 0.0815 0.1584 0.0086 0.1584 0.0815 0.0285 -0.0033 -0.0511 -0.1809 -0.3023 -0.3355 -0.3268 -0.1065 0.1632 0.0806 0.0284 -0.0035 -0.0514 -0.1818 -0.3026 -0.3356 -0.3267 -0.1052 0.1636 0.0802 0.0283 -0.0037 -0.0518 -0.1826 -0.3030 -0.3356 -0.3266 -0.1030 0.1644 0.0792 0.0276 -0.0046 -0.0541 -0.1898 -0.3064 -0.3359 -0.3250 -0.0809 0.1690 0.0724 0.0239 -0.0089 -0.0632 -0.2089 -0.3134 -0.3360 -0.3222 -0.0323
-0.1830 -0.3359 -0.3139 -0.2107 -0.0642 -0.0093 0.0235 0.0717 0.1694 -0.0777 -0.3248 -0.3359 -0.3071 -0.1913 -0.0547 -0.0048 0.0274 0.0792 0.1642 -0.1046 -0.3267 -0.3355 -0.3023 -0.1808 -0.0510 -0.0032 0.0287 0.0811 0.1627 -0.1082 -0.3269 -0.3355 -0.3018 -0.1798 -0.0507 -0.0031 0.0289 0.0814 0.1623 -0.1095 -0.3270 -0.3354 -0.3015 -0.1790 -0.0503 -0.0029 0.0291 0.0819 0.1602 -0.1157 -0.3124 -0.1157 0.1602 0.0819 0.0291 -0.0029 -0.0503 -0.1790 -0.3015 -0.3354 -0.3270 -0.1095 0.1623 0.0814 0.0289 -0.0031 -0.0507 -0.1798 -0.3018 -0.3355 -0.3269 -0.1082 0.1627 0.0811 0.0287 -0.0032 -0.0510 -0.1808 -0.3023 -0.3355 -0.3267 -0.1046 0.1642 0.0792 0.0274 -0.0048 -0.0547 -0.1913 -0.3071 -0.3359 -0.3248 -0.0777 0.1694 0.0717 0.0235 -0.0093 -0.0642 -0.2107 -0.3139 -0.3359 -0.1830
-0.2107 -0.3148 -0.2123 -0.0652 -0.0098 0.0232 0.0709 0.1697 -0.0745 -0.3245 -0.3360 -0.3078 -0.1931 -0.0554 -0.0052 0.0272 0.0788 0.1644 -0.1046 -0.3268 -0.3355 -0.3018 -0.1792 -0.0503 -0.0029 0.0291 0.0819 0.1617 -0.1113 -0.3271 -0.3354 -0.3010 -0.1778 -0.0499 -0.0026 0.0293 0.0823 0.1613 -0.1125 -0.3272 -0.3354 -0.3007 -0.1770 -0.0496 -0.0025 0.0295 0.0827 0.1609 -0.1162 -0.3290 -0.3382 -0.3290 -0.1162 0.1609 0.0827 0.0295 -0.0025 -0.0496 -0.1770 -0.3007 -0.3354 -0.3272 -0.1125 0.1613 0.0823 0.0293 -0.0026 -0.0499 -0.1778 -0.3010 -0.3354 -0.3271 -0.1113 0.1617 0.0819 0.0291 -0.0029 -0.0503 -0.1792 -0.3018 -0.3355 -0.3268 -0.1046 0.1644 0.0788 0.0272 -0.0052 -0.0554 -0.1931 -0.3078 -0.3360 -0.3245 -0.0745 0.1697 0.0709 0.0232 -0.0098 -0.0652 -0.2123 -0.3148 -0.2107
-0.2126 -0.2163 -0.0661 -0.0102 0.0228 0.0702 0.1700 -0.0713 -0.3243 -0.3360 -0.3085 -0.1950 -0.0562 -0.0056 0.0268 0.0782 0.1649 -0.1030 -0.3267 -0.3355 -0.3015 -0.1783 -0.0498 -0.0025 0.0295 0.0827 0.1607 -0.1143 -0.3274 -0.3353 -0.3002 -0.1759 -0.0492 -0.0022 0.0298 0.0832 0.1602 -0.1156 -0.3275 -0.3353 -0.2998 -0.1750 -0.0489 -0.0021 0.0299 0.0836 0.1598 -0.1168 -0.3278 -0.3368 -0.3300 -0.3368 -0.3278 -0.1168 0.1598 0.0836 0.0299 -0.0021 -0.0489 -0.1750 -0.2998 -0.3353 -0.3275 -0.1156 0.1602 0.0832 0.0298 -0.0022 -0.0492 -0.1759 -0.3002 -0.3353 -0.3274 -0.1143 0.1607 0.0827 0.0295 -0.0025 -0.0498 -0.1783 -0.3015 -0.3355 -0.3267 -0.1030 0.1649 0.0782 0.0268 -0.0056 -0.0562 -0.1950 -0.3085 -0.3360 -0.3243 -0.0713 0.1700 0.0702 0.0228 -0.0102 -0.0661 -0.2163 -0.2126
-0.1599 -0.0693 -0.0110 0.0225 0.0695 0.1702 -0.0680 -0.3240 -0.3360 -0.3092 -0.1969 -0.0571 -0.0060 0.0264 0.0774 0.1655 -0.1007 -0.3266 -0.3355 -0.3018 -0.1783 -0.0496 -0.0023 0.0298 0.0834 0.1598 -0.1171 -0.3276 -0.3352 -0.2993 -0.1739 -0.0484 -0.0018 0.0302 0.0841 0.1591 -0.1186 -0.3277 -0.3352 -0.2990 -0.1730 -0.0481 -0.0016 0.0304 0.0844 0.1586 -0.1198 -0.3277 -0.3337 -0.2986 -0.2500 -0.2986 -0.3337 -0.3277 -0.1198 0.1586 0.0844 0.0304 -0.0016 -0.0481 -0.1730 -0.2990 -0.3352 -0.3277 -0.1186 0.1591 0.0841 0.0302 -0.0018 -0.0484 -0.1739 -0.2993 -0.3352 -0.3276 -0.1171 0.1597 0.0834 0.0298 -0.0023 -0.0496 -0.1783 -0.3018 -0.3355 -0.3266 -0.1007 0.1655 0.0774 0.0264 -0.0060 -0.0571 -0.1969 -0.3092 -0.3360 -0.3240 -0.0680 0.1702 0.0695 0.0225 -0.0110 -0.0693 -0.1599
-0.0750 -0.0095 0.0218 0.0688 0.1704 -0.0647 -0.3238 -0.3360 -0.3099 -0.1988 -0.0580 -0.0064 0.0260 0.0766 0.1662 -0.0978 -0.3263 -0.3356 -0.3023 -0.1792 -0.0498 -0.0023 0.0299 0.0839 0.1590 -0.1194 -0.3278 -0.3351 -0.2985 -0.1719 -0.0477 -0.0014 0.0307 0.0850 0.1579 -0.1216 -0.3279 -0.3351 -0.2981 -0.1711 -0.0474 -0.0012 0.0309 0.0854 0.1574 -0.1228 -0.3280 -0.3350 -0.2932 -0.1644 -0.0823 -0.1644 -0.2932 -0.3350 -0.3280 -0.1228 0.1574 0.0854 0.0309 -0.0012 -0.0474 -0.1711 -0.2981 -0.3351 -0.3279 -0.1216 0.1579 0.0850 0.0307 -0.0014 -0.0477 -0.1719 -0.2985 -0.3351 -0.3278 -0.1194 0.1590 0.0839 0.0299 -0.0023 -0.0498 -0.1792 -0.3023 -0.3356 -0.3263 -0.0978 0.1662 0.0766 0.0260 -0.0064 -0.0580 -0.1988 -0.3099 -0.3360 -0.3238 -0.0647 0.1704 0.0688 0.0218 -0.0095 -0.0750
-0.0318 0.0256 0.0680 0.1705 -0.0614 -0.3235 -0.3360 -0.3105 -0.2007 -0.0589 -0.0069 0.0256 0.0758 0.1669 -0.0947 -0.3261 -0.3357 -0.3030 -0.1808 -0.0503 -0.0025 0.0298 0.0839 0.1587 -0.1209 -0.3279 -0.3351 -0.2977 -0.1701 -0.0470 -0.0010 0.0311 0.0859 0.1566 -0.1246 -0.3281 -0.3350 -0.2973 -0.1691 -0.0467 -0.0008 0.0313 0.0863 0.1560 -0.1258 -0.3282 -0.3350 -0.2969 -0.1617 -0.0404 -0.0070 -0.0404 -0.1617 -0.2969 -0.3350 -0.3282 -0.1258 0.1560 0.0863 0.0313 -0.0008 -0.0467 -0.1691 -0.2973 -0.3350 -0.3281 -0.1246 0.1566 0.0859 0.0311 -0.0010 -0.0470 -0.1701 -0.2978 -0.3351 -0.3279 -0.1207 0.1587 0.0839 0.0298 -0.0025 -0.0503 -0.1808 -0.3030 -0.3357 -0.3261 -0.0947 0.1669 0.0758 0.0256 -0.0069 -0.0589 -0.2007 -0.3105 -0.3360 -0.3235 -0.0614 0.1705 0.0680 0.0256 -0.0318
0.0056 0.0673 0.1706 -0.0580 -0.3232 -0.3361 -0.3112 -0.2026 -0.0599 -0.0073 0.0252 0.0750 0.1675 -0.0917 -0.3259 -0.3357 -0.3037 -0.1826 -0.0510 -0.0029 0.0295 0.0834 0.1590 -0.1209 -0.3280 -0.3350 -0.2971 -0.1686 -0.0464 -0.0006 0.0316 0.0868 0.1553 -0.1276 -0.3284 -0.3349 -0.2964 -0.1671 -0.0461 -0.0004 0.0318 0.0872 0.1546 -0.1288 -0.3285 -0.3348 -0.2961 -0.1665 -0.0457 0.0040 0.0246 0.0040 -0.0457 -0.1665 -0.2961 -0.3348 -0.3285 -0.1288 0.1546 0.0872 0.0318 -0.0004 -0.0461 -0.1671 -0.2964 -0.3349 -0.3284 -0.1276 0.1553 0.0868 0.0316 -0.0006 -0.0465 -0.1687 -0.2973 -0.3350 -0.3280 -0.1207 0.1590 0.0834 0.0295 -0.0029 -0.0510 -0.1826 -0.3037 -0.3357 -0.3259 -0.0917 0.1675 0.0750 0.0252 -0.0073 -0.0599 -0.2026 -0.3112 -0.3361 -0.3232 -0.0580 0.1706 0.0673 0.0056
0.0497 0.1706 -0.0546 -0.3230 -0.3361 -0.3118 -0.2045 -0.0608 -0.0078 0.0248 0.0743 0.1680 -0.0886 -0.3256 -0.3358 -0.3045 -0.1845 -0.0518 -0.0032 0.0291 0.0827 0.1598 -0.1194 -0.3280 -0.3350 -0.2970 -0.1677 -0.0461 -0.0003 0.0320 0.0877 0.1538 -0.1306 -0.3286 -0.3348 -0.2955 -0.1651 -0.0454 -0.0000 0.0323 0.0881 0.1532 -0.1318 -0.3287 -0.3347 -0.2951 -0.1645 -0.0453 0.0002 0.0362 0.0689 0.0362 0.0002 -0.0453 -0.1645 -0.2951 -0.3347 -0.3287 -0.1318 0.1532 0.0881 0.0323 -0.0000 -0.0454 -0.1651 -0.2955 -0.3348 -0.3286 -0.1306 0.1538 0.0877 0.0320 -0.0003 -0.0461 -0.1678 -0.2971 -0.3350 -0.3279 -0.1194 0.1597 0.0827 0.0291 -0.0032 -0.0518 -0.1845 -0.3045 -0.3358 -0.3256 -0.0886 0.1680 0.0743 0.0248 -0.0078 -0.0608 -0.2045 -0.3118 -0.3361 -0.3230 -0.0546 0.1706 0.0497
0.1386 -0.0511 -0.3227 -0.3361 -0.3125 -0.2063 -0.0618 -0.0082 0.0245 0.0735 0.1685 -0.0854 -0.3254 -0.3358 -0.3053 -0.1865 -0.0525 -0.0037 0.0287 0.0819 0.1607 -0.1171 -0.3278 -0.3351 -0.2972 -0.1678 -0.0459 -0.0002 0.0323 0.0884 0.1525 -0.1333 -0.3288 -0.3346 -0.2946 -0.1632 -0.0447 0.0004 0.0328 0.0891 0.1516 -0.1349 -0.3289 -0.3346 -0.2942 -0.1623 -0.0445 0.0004 0.0332 0.0887 0.1427 0.0887 0.0332 0.0004 -0.0445 -0.1623 -0.2942 -0.3346 -0.3289 -0.1349 0.1516 0.0891 0.0328 0.0004 -0.0447 -0.1632 -0.2946 -0.3346 -0.3288 -0.1333 0.1525 0.0884 0.0323 -0.0002 -0.0459 -0.1678 -0.2973 -0.3351 -0.3278 -0.1171 0.1607 0.0819 0.0287 -0.0037 -0.0525 -0.1865 -0.3053 -0.3358 -0.3254 -0.0854 0.1685 0.0735 0.0245 -0.0082 -0.0618 -0.2063 -0.3125 -0.3361 -0.3227 -0.0511 0.1386
-0.0334 -0.3223 -0.3361 -0.3131 -0.2081 -0.0627 -0.0087 0.0241 0.0727 0.1689 -0.0823 -0.3251 -0.3359 -0.3060 -0.1884 -0.0534 -0.0041 0.0283 0.0811 0.1617 -0.1143 -0.3276 -0.3351 -0.2977 -0.1687 -0.0461 -0.0002 0.0324 0.0888 0.1516 -0.1355 -0.3290 -0.3345 -0.2937 -0.1612 -0.0441 0.0008 0.0333 0.0901 0.1500 -0.1379 -0.3291 -0.3344 -0.2933 -0.1603 -0.0438 0.0010 0.0334 0.0913 0.1461 -0.0350 0.1461 0.0913 0.0334 0.0010 -0.0438 -0.1603 -0.2933 -0.3344 -0.3291 -0.1379 0.1500 0.0901 0.0333 0.0008 -0.0441 -0.1612 -0.2937 -0.3345 -0.3290 -0.1355 0.1516 0.0888 0.0324 -0.0002 -0.0461 -0.1687 -0.2978 -0.3351 -0.3276 -0.1143 0.1617 0.0811 0.0283 -0.0041 -0.0534 -0.1884 -0.3060 -0.3359 -0.3251 -0.0823 0.1689 0.0727 0.0241 -0.0087 -0.0627 -0.2081 -0.3131 -0.3361 -0.3223 -0.0334
-0.1832 -0.3359 -0.3136 -0.2100 -0.0637 -0.0091 0.0237 0.0720 0.1693 -0.0791 -0.3249 -0.3359 -0.3067 -0.1904 -0.0542 -0.0045 0.0278 0.0802 0.1627 -0.1113 -0.3274 -0.3352 -0.2985 -0.1701 -0.0465 -0.0003 0.0323 0.0888 0.1513 -0.1368 -0.3291 -0.3344 -0.2929 -0.1593 -0.0434 0.0012 0.0338 0.0911 0.1483 -0.1409 -0.3293 -0.3343 -0.2923 -0.1584 -0.0432 0.0014 0.0340 0.0917 0.1450 -0.1471 -0.3210 -0.1471 0.1450 0.0917 0.0340 0.0014 -0.0432 -0.1584 -0.2923 -0.3343 -0.3293 -0.1409 0.1483 0.0911 0.0338 0.0012 -0.0434 -0.1593 -0.2929 -0.3344 -0.3291 -0.1368 0.1513 0.0888 0.0323 -0.0003 -0.0465 -0.1701 -0.2985 -0.3352 -0.3274 -0.1113 0.1627 0.0802 0.0278 -0.0045 -0.0542 -0.1904 -0.3067 -0.3359 -0.3249 -0.0791 0.1693 0.0720 0.0237 -0.0091 -0.0637 -0.2100 -0.3136 -0.3359 -0.1832
-0.2108 -0.3145 -0.2116 -0.0648 -0.0096 0.0233 0.0712 0.1696 -0.0759 -0.3246 -0.3359 -0.3075 -0.1923 -0.0550 -0.0050 0.0274 0.0794 0.1636 -0.1082 -0.3271 -0.3353 -0.2993 -0.1719 -0.0470 -0.0006 0.0320 0.0884 0.1516 -0.1368 -0.3291 -0.3344 -0.2923 -0.1579 -0.0429 0.0016 0.0343 0.0921 0.1465 -0.1439 -0.3295 -0.3342 -0.2914 -0.1564 -0.0425 0.0017 0.0345 0.0925 0.1457 -0.1475 -0.3312 -0.3393 -0.3312 -0.1475 0.1457 0.0925 0.0345 0.0017 -0.0425 -0.1564 -0.2914 -0.3342 -0.3295 -0.1439 0.1465 0.0921 0.0343 0.0016 -0.0429 -0.1579 -0.2923 -0.3344 -0.3291 -0.1368 0.1516 0.0884 0.0320 -0.0006 -0.0470 -0.1719 -0.2993 -0.3353 -0.3271 -0.1082 0.1636 0.0794 0.0274 -0.0050 -0.0550 -0.1923 -0.3075 -0.3359 -0.3246 -0.0759 0.1696 0.0712 0.0233 -0.0096 -0.0648 -0.2116 -0.3145 -0.2108
-0.2125 -0.2157 -0.0656 -0.0100 0.0230 0.0705 0.1699 -0.0727 -0.3244 -0.3360 -0.3082 -0.1942 -0.0559 -0.0054 0.0270 0.0786 0.1645 -0.1052 -0.3269 -0.3354 -0.3002 -0.1739 -0.0477 -0.0010 0.0316 0.0877 0.1525 -0.1355 -0.3291 -0.3344 -0.2921 -0.1571 -0.0425 0.0018 0.0348 0.0930 0.1446 -0.1470 -0.3297 -0.3340 -0.2904 -0.1544 -0.0419 0.0021 0.0350 0.0936 0.1438 -0.1483 -0.3298 -0.3354 -0.3255 -0.3354 -0.3298 -0.1483 0.1438 0.0936 0.0350 0.0021 -0.0419 -0.1544 -0.2904 -0.3340 -0.3297 -0.1470 0.1446 0.0930 0.0348 0.0018 -0.0425 -0.1571 -0.2921 -0.3344 -0.3291 -0.1355 0.1525 0.0877 0.0316 -0.0010 -0.0477 -0.1739 -0.3002 -0.3354 -0.3269 -0.1052 0.1645 0.0786 0.0270 -0.0054 -0.0559 -0.1942 -0.3082 -0.3360 -0.3244 -0.0727 0.1699 0.0705 0.0230 -0.0100 -0.0656 -0.2157 -0.2125
-0.1594 -0.0688 -0.0108 0.0226 0.0698 0.1701 -0.0694 -0.3241 -0.3360 -0.3089 -0.1961 -0.0567 -0.0058 0.0266 0.0778 0.1652 -0.1022 -0.3267 -0.3355 -0.3010 -0.1759 -0.0484 -0.0014 0.0311 0.0868 0.1538 -0.1333 -0.3290 -0.3344 -0.2923 -0.1571 -0.0424 0.0020 0.0350 0.0938 0.1429 -0.1498 -0.3299 -0.3339 -0.2894 -0.1525 -0.0412 0.0025 0.0356 0.0946 0.1418 -0.1513 -0.3299 -0.3321 -0.2886 -0.2323 -0.2886 -0.3321 -0.3299 -0.1513 0.1418 0.0946 0.0356 0.0025 -0.0412 -0.1525 -0.2894 -0.3339 -0.3299 -0.1498 0.1429 0.0938 0.0350 0.0020 -0.0424 -0.1571 -0.2923 -0.3344 -0.3290 -0.1333 0.1538 0.0868 0.0311 -0.0014 -0.0484 -0.1759 -0.3010 -0.3355 -0.3267 -0.1022 0.1652 0.0778 0.0266 -0.0058 -0.0567 -0.1961 -0.3089 -0.3360 -0.3241 -0.0694 0.1701 0.0698 0.0226 -0.0108 -0.0688 -0.1594
-0.0747 -0.0092 0.0220 0.0691 0.1703 -0.0661 -0.3239 -0.3360 -0.3096 -0.1980 -0.0576 -0.0063 0.0262 0.0770 0.1659 -0.0991 -0.3264 -0.3356 -0.3018 -0.1778 -0.0492 -0.0018 0.0307 0.0859 0.1553 -0.1306 -0.3288 -0.3345 -0.2929 -0.1579 -0.0425 0.0020 0.0352 0.0942 0.1418 -0.1520 -0.3301 -0.3337 -0.2884 -0.1505 -0.0406 0.0029 0.0361 0.0957 0.1396 -0.1545 -0.3302 -0.3336 -0.2830 -0.1432 -0.0677 -0.1432 -0.2830 -0.3336 -0.3302 -0.1545 0.1396 0.0957 0.0361 0.0029 -0.0406 -0.1505 -0.2884 -0.3337 -0.3301 -0.1520 0.1418 0.0942 0.0352 0.0020 -0.0425 -0.1579 -0.2929 -0.3345 -0.3288 -0.1306 0.1553 0.0859 0.0307 -0.0018 -0.0492 -0.1778 -0.3018 -0.3356 -0.3264 -0.0991 0.1659 0.0770 0.0262 -0.0063 -0.0576 -0.1980 -0.3096 -0.3360 -0.3239 -0.0661 0.1703 0.0691 0.0220 -0.0092 -0.0747
-0.0317 0.0258 0.0683 0.1704 -0.0628 -0.3236 -0.3360 -0.3102 -0.1999 -0.0585 -0.0067 0.0258 0.0762 0.1666 -0.0961 -0.3262 -0.3356 -0.3026 -0.1798 -0.0499 -0.0022 0.0302 0.0850 0.1566 -0.1276 -0.3286 -0.3346 -0.2937 -0.1593 -0.0429 0.0018 0.0350 0.0942 0.1413 -0.1534 -0.3302 -0.3336 -0.2876 -0.1487 -0.0399 0.0033 0.0366 0.0968 0.1375 -0.1576 -0.3304 -0.3335 -0.2870 -0.1417 -0.0333 -0.0024 -0.0333 -0.1417 -0.2870 -0.3335 -0.3304 -0.1576 0.1375 0.0968 0.0366 0.0033 -0.0399 -0.1487 -0.2876 -0.3336 -0.3302 -0.1534 0.1413 0.0942 0.0350 0.0018 -0.0429 -0.1593 -0.2937 -0.3346 -0.3286 -0.1276 0.1566 0.0850 0.0302 -0.0022 -0.0499 -0.1798 -0.3026 -0.3356 -0.3262 -0.0961 0.1666 0.0762 0.0258 -0.0067 -0.0585 -0.1999 -0.3102 -0.3360 -0.3236 -0.0628 0.1704 0.0683 0.0258 -0.0317
0.0058 0.0676 0.1706 -0.0595 -0.3233 -0.3361 -0.3109 -0.2018 -0.0595 -0.0071 0.0254 0.0754 0.1672 -0.0930 -0.3260 -0.3357 -0.3034 -0.1818 -0.0507 -0.0026 0.0298 0.0841 0.1579 -0.1246 -0.3284 -0.3348 -0.2946 -0.1612 -0.0434 0.0016 0.0348 0.0938 0.1418 -0.1534 -0.3302 -0.3335 -0.2870 -0.1473 -0.0394 0.0037 0.0371 0.0979 0.1352 -0.1607 -0.3306 -0.3333 -0.2861 -0.1460 -0.0390 0.0078 0.0290 0.0078 -0.0390 -0.1460 -0.2861 -0.3333 -0.3306 -0.1607 0.1352 0.0979 0.0371 0.0037 -0.0394 -0.1473 -0.2870 -0.3335 -0.3302 -0.1534 0.1418 0.0938 0.0348 0.0016 -0.0434 -0.1612 -0.2946 -0.3348 -0.3284 -0.1246 0.1579 0.0841 0.0298 -0.0026 -0.0507 -0.1818 -0.3034 -0.3357 -0.3260 -0.0930 0.1672 0.0754 0.0254 -0.0071 -0.0595 -0.2018 -0.3109 -0.3361 -0.3233 -0.0595 0.1706 0.0676 0.0058
0.0500 0.1706 -0.0561 -0.3231 -0.3361 -0.3116 -0.2037 -0.0604 -0.0076 0.0250 0.0746 0.1678 -0.0899 -0.3257 -0.3357 -0.3042 -0.1837 -0.0514 -0.0031 0.0293 0.0832 0.1591 -0.1216 -0.3281 -0.3349 -0.2955 -0.1632 -0.0441 0.0012 0.0343 0.0930 0.1429 -0.1520 -0.3302 -0.3335 -0.2868 -0.1465 -0.0390 0.0039 0.0376 0.0990 0.1328 -0.1639 -0.3308 -0.3331 -0.2849 -0.1440 -0.0386 0.0043 0.0414 0.0754 0.0414 0.0043 -0.0386 -0.1440 -0.2849 -0.3331 -0.3308 -0.1639 0.1328 0.0990 0.0376 0.0039 -0.0390 -0.1465 -0.2868 -0.3335 -0.3302 -0.1520 0.1429 0.0930 0.0343 0.0012 -0.0441 -0.1632 -0.2955 -0.3349 -0.3281 -0.1216 0.1591 0.0832 0.0293 -0.0031 -0.0514 -0.1837 -0.3042 -0.3357 -0.3257 -0.0899 0.1678 0.0746 0.0250 -0.0076 -0.0604 -0.2037 -0.3116 -0.3361 -0.3231 -0.0561 0.1706 0.0500
0.1385 -0.0526 -0.3228 -0.3361 -0.3122 -0.2055 -0.0613 -0.0080 0.0246 0.0738 0.1683 -0.0868 -0.3255 -0.3358 -0.3049 -0.1857 -0.0522 -0.0035 0.0289 0.0823 0.1602 -0.1186 -0.3279 -0.3350 -0.2964 -0.1651 -0.0447 0.0008 0.0338 0.0921 0.1446 -0.1498 -0.3301 -0.3336 -0.2870 -0.1465 -0.0389 0.0041 0.0379 0.0998 0.1307 -0.1668 -0.3309 -0.3329 -0.2838 -0.1419 -0.0378 0.0045 0.0385 0.0977 0.1443 0.0977 0.0385 0.0045 -0.0378 -0.1419 -0.2838 -0.3329 -0.3309 -0.1668 0.1307 0.0998 0.0379 0.0041 -0.0389 -0.1465 -0.2870 -0.3336 -0.3301 -0.1498 0.1446 0.0921 0.0338 0.0008 -0.0447 -0.1651 -0.2964 -0.3350 -0.3279 -0.1186 0.1602 0.0823 0.0289 -0.0035 -0.0522 -0.1857 -0.3049 -0.3358 -0.3255 -0.0868 0.1683 0.0738 0.0246 -0.0080 -0.0613 -0.2055 -0.3122 -0.3361 -0.3228 -0.0526 0.1385
-0.0345 -0.3224 -0.3361 -0.3128 -0.2073 -0.0623 -0.0085 0.0242 0.0731 0.1687 -0.0836 -0.3252 -0.3358 -0.3057 -0.1876 -0.0530 -0.0039 0.0284 0.0814 0.1613 -0.1156 -0.3277 -0.3351 -0.2973 -0.1671 -0.0454 0.0004 0.0333 0.0911 0.1465 -0.1470 -0.3299 -0.3337 -0.2876 -0.1473 -0.0390 0.0041 0.0380 0.1003 0.1292 -0.1691 -0.3311 -0.3327 -0.2828 -0.1400 -0.0371 0.0050 0.0388 0.1030 0.1218 -0.0776 0.1218 0.1030 0.0388 0.0050 -0.0371 -0.1400 -0.2828 -0.3327 -0.3311 -0.1691 0.1292 0.1003 0.0380 0.0041 -0.0390 -0.1473 -0.2876 -0.3337 -0.3299 -0.1470 0.1465 0.0911 0.0333 0.0004 -0.0454 -0.1671 -0.2973 -0.3351 -0.3277 -0.1156 0.1613 0.0814 0.0284 -0.0039 -0.0530 -0.1876 -0.3057 -0.3358 -0.3252 -0.0836 0.1687 0.0731 0.0242 -0.0085 -0.0623 -0.2073 -0.3128 -0.3361 -0.3224 -0.0345
-0.1834 -0.3359 -0.3134 -0.2092 -0.0633 -0.0089 0.0239 0.0723 0.1691 -0.0805 -0.3250 -0.3359 -0.3064 -0.1895 -0.0538 -0.0043 0.0280 0.0806 0.1623 -0.1125 -0.3275 -0.3352 -0.2981 -0.1691 -0.0461 -0.0000 0.0328 0.0901 0.1483 -0.1439 -0.3297 -0.3339 -0.2884 -0.1487 -0.0394 0.0039 0.0379 0.1003 0.1287 -0.1705 -0.3312 -0.3326 -0.2818 -0.1382 -0.0365 0.0054 0.0394 0.1034 0.1206 -0.1801 -0.3241 -0.1801 0.1206 0.1034 0.0394 0.0054 -0.0365 -0.1382 -0.2818 -0.3326 -0.3312 -0.1705 0.1287 0.1003 0.0379 0.0039 -0.0394 -0.1487 -0.2884 -0.3339 -0.3297 -0.1439 0.1483 0.0901 0.0328 -0.0000 -0.0461 -0.1691 -0.2981 -0.3352 -0.3275 -0.1125 0.1623 0.0806 0.0280 -0.0043 -0.0538 -0.1895 -0.3064 -0.3359 -0.3250 -0.0805 0.1691 0.0723 0.0239 -0.0089 -0.0633 -0.2092 -0.3134 -0.3359 -0.1834
-0.2109 -0.3142 -0.2108 -0.0643 -0.0094 0.0235 0.0716 0.1694 -0.0773 -0.3247 -0.3359 -0.3072 -0.1915 -0.0547 -0.0048 0.0276 0.0798 0.1632 -0.1095 -0.3272 -0.3353 -0.2990 -0.1711 -0.0467 -0.0004 0.0323 0.0891 0.1500 -0.1409 -0.3295 -0.3340 -0.2894 -0.1505 -0.0399 0.0037 0.0376 0.0998 0.1292 -0.1705 -0.3312 -0.3325 -0.2812 -0.1368 -0.0360 0.0057 0.0400 0.1044 0.1212 -0.1804 -0.3332 -0.3399 -0.3332 -0.1804 0.1212 0.1044 0.0400 0.0057 -0.0360 -0.1368 -0.2812 -0.3325 -0.3312 -0.1705 0.1292 0.0998 0.0376 0.0037 -0.0399 -0.1505 -0.2894 -0.3340 -0.3295 -0.1409 0.1500 0.0891 0.0323 -0.0004 -0.0467 -0.1711 -0.2990 -0.3353 -0.3272 -0.1095 0.1632 0.0798 0.0276 -0.0048 -0.0547 -0.1915 -0.3072 -0.3359 -0.3247 -0.0773 0.1694 0.0716 0.0235 -0.0094 -0.0643 -0.2108 -0.3142 -0.2109
-0.2124 -0.2149 -0.0652 -0.0098 0.0231 0.0708 0.1697 -0.0741 -0.3245 -0.3360 -0.3079 -0.1934 -0.0555 -0.0052 0.0272 0.0789 0.1641 -0.1065 -0.3270 -0.3354 -0.2998 -0.1730 -0.0474 -0.0008 0.0318 0.0881 0.1516 -0.1379 -0.3293 -0.3342 -0.2904 -0.1525 -0.0406 0.0033 0.0371 0.0990 0.1307 -0.1691 -0.3312 -0.3325 -0.2810 -0.1360 -0.0356 0.0060 0.0404 0.1056 0.1183 -0.1815 -0.3316 -0.3334 -0.3199 -0.3334 -0.3316 -0.1815 0.1183 0.1056 0.0404 0.0060 -0.0356 -0.1360 -0.2810 -0.3325 -0.3312 -0.1691 0.1307 0.0990 0.0371 0.0033 -0.0406 -0.1525 -0.2904 -0.3342 -0.3293 -0.1379 0.1516 0.0881 0.0318 -0.0008 -0.0474 -0.1730 -0.2998 -0.3354 -0.3270 -0.1065 0.1641 0.0789 0.0272 -0.0052 -0.0555 -0.1934 -0.3079 -0.3360 -0.3245 -0.0741 0.1697 0.0708 0.0231 -0.0098 -0.0652 -0.2149 -0.2124
-0.1590 -0.0683 -0.0106 0.0228 0.0701 0.1700 -0.0708 -0.3242 -0.3360 -0.3086 -0.1953 -0.0564 -0.0056 0.0268 0.0781 0.1649 -0.1035 -0.3268 -0.3354 -0.3007 -0.1750 -0.0481 -0.0012 0.0313 0.0872 0.1532 -0.1349 -0.3291 -0.3343 -0.2914 -0.1544 -0.0412 0.0029 0.0366 0.0979 0.1328 -0.1668 -0.3311 -0.3326 -0.2812 -0.1360 -0.0355 0.0061 0.0407 0.1065 0.1157 -0.1846 -0.3319 -0.3298 -0.2769 -0.2128 -0.2769 -0.3298 -0.3319 -0.1846 0.1157 0.1065 0.0407 0.0061 -0.0355 -0.1360 -0.2812 -0.3326 -0.3311 -0.1668 0.1328 0.0979 0.0366 0.0029 -0.0412 -0.1544 -0.2914 -0.3343 -0.3291 -0.1349 0.1532 0.0872 0.0313 -0.0012 -0.0481 -0.1750 -0.3007 -0.3354 -0.3268 -0.1035 0.1649 0.0781 0.0268 -0.0056 -0.0564 -0.1953 -0.3086 -0.3360 -0.3242 -0.0708 0.1700 0.0701 0.0228 -0.0106 -0.0683 -0.1590
-0.0744 -0.0090 0.0221 0.0694 0.1702 -0.0675 -0.3240 -0.3360 -0.3093 -0.1972 -0.0572 -0.0061 0.0264 0.0773 0.1656 -0.1004 -0.3266 -0.3355 -0.3015 -0.1770 -0.0489 -0.0016 0.0309 0.0863 0.1546 -0.1318 -0.3289 -0.3344 -0.2923 -0.1564 -0.0419 0.0025 0.0361 0.0968 0.1352 -0.1639 -0.3309 -0.3327 -0.2818 -0.1368 -0.0356 0.0061 0.0408 0.1070 0.1140 -0.1871 -0.3321 -0.3315 -0.2713 -0.1229 -0.0555 -0.1229 -0.2713 -0.3315 -0.3321 -0.1871 0.1140 0.1070 0.0408 0.0061 -0.0356 -0.1368 -0.2818 -0.3327 -0.3309 -0.1639 0.1352 0.0968 0.0361 0.0025 -0.0419 -0.1564 -0.2923 -0.3344 -0.3289 -0.1318 0.1546 0.0863 0.0309 -0.0016 -0.0489 -0.1770 -0.3015 -0.3355 -0.3266 -0.1004 0.1656 0.0773 0.0264 -0.0061 -0.0572 -0.1972 -0.3093 -0.3360 -0.3240 -0.0675 0.1702 0.0694 0.0221 -0.0090 -0.0744
-0.0315 0.0259 0.0687 0.1704 -0.0642 -0.3237 -0.3360 -0.3100 -0.1991 -0.0581 -0.0065 0.0260 0.0765 0.1663 -0.0974 -0.3263 -0.3356 -0.3023 -0.1790 -0.0496 -0.0021 0.0304 0.0854 0.1560 -0.1288 -0.3287 -0.3346 -0.2933 -0.1584 -0.0425 0.0021 0.0356 0.0957 0.1375 -0.1607 -0.3308 -0.3329 -0.2828 -0.1382 -0.0360 0.0060 0.0407 0.1070 0.1133 -0.1885 -0.3321 -0.3314 -0.2759 -0.1229 -0.0271 0.0016 -0.0271 -0.1229 -0.2759 -0.3314 -0.3321 -0.1885 0.1133 0.1070 0.0407 0.0060 -0.0360 -0.1382 -0.2828 -0.3329 -0.3308 -0.1607 0.1375 0.0957 0.0356 0.0021 -0.0425 -0.1584 -0.2933 -0.3346 -0.3287 -0.1288 0.1560 0.0854 0.0304 -0.0021 -0.0496 -0.1790 -0.3023 -0.3356 -0.3263 -0.0974 0.1663 0.0765 0.0260 -0.0065 -0.0581 -0.1991 -0.3100 -0.3360 -0.3237 -0.0642 0.1704 0.0687 0.0259 -0.0315
0.0060 0.0679 0.1705 -0.0609 -0.3235 -0.3360 -0.3106 -0.2010 -0.0591 -0.0070 0.0256 0.0757 0.1670 -0.0943 -0.3261 -0.3357 -0.3031 -0.1809 -0.0503 -0.0025 0.0299 0.0844 0.1574 -0.1258 -0.3285 -0.3347 -0.2942 -0.1603 -0.0432 0.0017 0.0350 0.0946 0.1396 -0.1576 -0.3306 -0.3331 -0.2838 -0.1400 -0.0365 0.0057 0.0404 0.1065 0.1140 -0.1885 -0.3322 -0.3313 -0.2752 -0.1270 -0.0327 0.0114 0.0337 0.0114 -0.0327 -0.1269 -0.2752 -0.3313 -0.3322 -0.1885 0.1140 0.1065 0.0404 0.0057 -0.0365 -0.1400 -0.2838 -0.3331 -0.3306 -0.1576 0.1396 0.0946 0.0350 0.0017 -0.0432 -0.1603 -0.2942 -0.3347 -0.3285 -0.1258 0.1574 0.0844 0.0299 -0.0025 -0.0503 -0.1809 -0.3031 -0.3357 -0.3261 -0.0943 0.1670 0.0757 0.0256 -0.0070 -0.0591 -0.2010 -0.3106 -0.3360 -0.3235 -0.0609 0.1705 0.0679 0.0060
0.0503 0.1706 -0.0575 -0.3232 -0.3361 -0.3113 -0.2029 -0.0600 -0.0074 0.0252 0.0749 0.1675 -0.0912 -0.3258 -0.3357 -0.3039 -0.1829 -0.0511 -0.0029 0.0295 0.0836 0.1586 -0.1228 -0.3282 -0.3348 -0.2951 -0.1623 -0.0438 0.0014 0.0345 0.0936 0.1418 -0.1545 -0.3304 -0.3333 -0.2849 -0.1419 -0.0371 0.0054 0.0400 0.1056 0.1157 -0.1870 -0.3321 -0.3313 -0.2748 -0.1260 -0.0326 0.0080 0.0466 0.0819 0.0466 0.0080 -0.0325 -0.1258 -0.2748 -0.3313 -0.3321 -0.1871 0.1157 0.1056 0.0400 0.0054 -0.0371 -0.1419 -0.2849 -0.3333 -0.3304 -0.1545 0.1418 0.0936 0.0345 0.0014 -0.0438 -0.1623 -0.2951 -0.3348 -0.3282 -0.1228 0.1586 0.0836 0.0295 -0.0029 -0.0511 -0.1829 -0.3039 -0.3357 -0.3258 -0.0912 0.1675 0.0749 0.0252 -0.0074 -0.0600 -0.2029 -0.3113 -0.3361 -0.3232 -0.0575 0.1706 0.0503
0.1384 -0.0541 -0.3229 -0.3361 -0.3119 -0.2047 -0.0609 -0.0078 0.0248 0.0742 0.1681 -0.0881 -0.3256 -0.3358 -0.3046 -0.1848 -0.0519 -0.0033 0.0291 0.0827 0.1598 -0.1198 -0.3280 -0.3349 -0.2960 -0.1643 -0.0445 0.0010 0.0340 0.0925 0.1438 -0.1514 -0.3302 -0.3335 -0.2859 -0.1438 -0.0378 0.0050 0.0394 0.1044 0.1183 -0.1846 -0.3320 -0.3314 -0.2750 -0.1258 -0.0322 0.0080 0.0437 0.1075 0.1427 0.1075 0.0437 0.0080 -0.0321 -0.1259 -0.2752 -0.3314 -0.3321 -0.1846 0.1183 0.1044 0.0394 0.0050 -0.0378 -0.1440 -0.2861 -0.3335 -0.3302 -0.1513 0.1438 0.0925 0.0340 0.0010 -0.0445 -0.1645 -0.2961 -0.3350 -0.3280 -0.1198 0.1598 0.0827 0.0291 -0.0033 -0.0519 -0.1850 -0.3047 -0.3358 -0.3256 -0.0881 0.1681 0.0742 0.0248 -0.0079 -0.0610 -0.2049 -0.3120 -0.3361 -0.3229 -0.0540 0.1384
-0.0355 -0.3225 -0.3361 -0.3126 -0.2066 -0.0619 -0.0083 0.0244 0.0734 0.1685 -0.0850 -0.3253 -0.3358 -0.3054 -0.1868 -0.0527 -0.0037 0.0286 0.0818 0.1609 -0.1168 -0.3278 -0.3350 -0.2969 -0.1663 -0.0451 0.0006 0.0335 0.0915 0.1457 -0.1483 -0.3300 -0.3336 -0.2870 -0.1458 -0.0384 0.0046 0.0389 0.1031 0.1211 -0.1815 -0.3319 -0.3316 -0.2757 -0.1266 -0.0323 0.0081 0.0436 0.1156 0.0915 -0.1167 0.0913 0.1161 0.0435 0.0080 -0.0325 -0.1270 -0.2759 -0.3315 -0.3319 -0.1815 0.1212 0.1034 0.0388 0.0045 -0.0386 -0.1460 -0.2870 -0.3336 -0.3299 -0.1483 0.1457 0.0917 0.0334 0.0004 -0.0453 -0.1665 -0.2969 -0.3350 -0.3277 -0.1168 0.1609 0.0819 0.0285 -0.0039 -0.0529 -0.1870 -0.3054 -0.3358 -0.3253 -0.0849 0.1685 0.0734 0.0243 -0.0084 -0.0621 -0.2067 -0.3126 -0.3360 -0.3225 -0.0356
-0.1836 -0.3359 -0.3132 -0.2084 -0.0629 -0.0088 0.0240 0.0726 0.1689 -0.0818 -0.3251 -0.3359 -0.3061 -0.1887 -0.0535 -0.0042 0.0282 0.0810 0.1619 -0.1138 -0.3276 -0.3351 -0.2978 -0.1682 -0.0458 0.0002 0.0330 0.0905 0.1475 -0.1452 -0.3298 -0.3338 -0.2880 -0.1477 -0.0390 0.0042 0.0384 0.1019 0.1239 -0.1782 -0.3317 -0.3318 -0.2767 -0.1280 -0.0327 0.0080 0.0436 0.1148 0.0927 -0.2121 -0.3267 -0.2147 0.0881 0.1162 0.0438 0.0080 -0.0327 -0.1229 -0.2713 -0.3298 -0.3316 -0.1804 0.1206 0.1030 0.0385 0.0043 -0.0390 -0.1417 -0.2830 -0.3321 -0.3298 -0.1475 0.1450 0.0913 0.0332 0.0002 -0.0457 -0.1617 -0.2932 -0.3337 -0.3278 -0.1162 0.1602 0.0815 0.0283 -0.0041 -0.0531 -0.1819 -0.3021 -0.3347 -0.3254 -0.0845 0.1679 0.0731 0.0241 -0.0087 -0.0617 -0.2015 -0.3096 -0.3348 -0.1853
-0.2110 -0.3140 -0.2099 -0.0639 -0.0092 0.0237 0.0719 0.1693 -0.0786 -0.3248 -0.3359 -0.3069 -0.1906 -0.0543 -0.0046 0.0278 0.0801 0.1628 -0.1108 -0.3273 -0.3352 -0.2986 -0.1702 -0.0465 -0.0002 0.0325 0.0895 0.1493 -0.1422 -0.3296 -0.3340 -0.2890 -0.1497 -0.0397 0.0038 0.0379 0.1007 0.1266 -0.1749 -0.3316 -0.3320 -0.2778 -0.1297 -0.0332 0.0077 0.0434 0.1138 0.0971 -0.2087 -0.3342 -0.3416 -0.3375 -0.2151 0.0906 0.1076 0.0466 0.0114 -0.0271 -0.1229 -0.2769 -0.3334 -0.3332 -0.1801 0.1218 0.0977 0.0414 0.0078 -0.0333 -0.1432 -0.2886 -0.3354 -0.3312 -0.1471 0.1461 0.0887 0.0362 0.0040 -0.0404 -0.1644 -0.2986 -0.3368 -0.3290 -0.1157 0.1584 0.0807 0.0313 -0.0001 -0.0483 -0.1856 -0.3072 -0.3375 -0.3265 -0.0839 0.1540 0.0734 0.0270 -0.0045 -0.0576 -0.2053 -0.3149 -0.2119
-0.2123 -0.2140 -0.0648 -0.0096 0.0233 0.0711 0.1696 -0.0754 -0.3246 -0.3359 -0.3076 -0.1926 -0.0551 -0.0050 0.0274 0.0793 0.1637 -0.1078 -0.3271 -0.3353 -0.2995 -0.1722 -0.0471 -0.0006 0.0320 0.0886 0.1509 -0.1392 -0.3294 -0.3341 -0.2900 -0.1516 -0.0403 0.0035 0.0373 0.0995 0.1292 -0.1716 -0.3314 -0.3322 -0.2790 -0.1316 -0.0338 0.0074 0.0429 0.1130 0.0985 -0.2053 -0.3322 -0.3314 -0.3491 -0.3357 -0.3265 -0.1190 0.1426 0.0819 0.0337 0.0016 -0.0555 -0.2128 -0.3199 -0.3399 -0.3241 -0.0776 0.1443 0.0754 0.0290 -0.0024 -0.0677 -0.2323 -0.3255 -0.3393 -0.3210 -0.0350 0.1427 0.0689 0.0246 -0.0070 -0.0823 -0.2500 -0.3300 -0.3382 -0.3124 0.0086 0.1366 0.0628 0.0204 -0.0121 -0.0993 -0.2657 -0.3336 -0.3368 -0.2823 0.0510 0.1220 0.0570 0.0167 -0.0179 -0.1174 -0.2812 -0.2157
