-0.1318 -0.1943 -0.1130 -0.0501 -0.0129 0.0254 0.0885 0.0829 -0.1226 -0.1994 -0.2164 -0.1940 -0.1128 -0.0499 -0.0127 0.0256 0.0891 0.0818 -0.1234 -0.1996 -0.2164 -0.1938 -0.1124 -0.0497 -0.0125 0.0258 0.0896 0.0807 -0.1242 -0.1997 -0.2164 -0.1935 -0.1119 -0.0494 -0.0123 0.0260 0.0901 0.0797 -0.1249 -0.1999 -0.2164 -0.1932 -0.1115 -0.0492 -0.0121 0.0262 0.0906 0.0785 -0.1277 -0.2014 -0.2112 -0.2014 -0.1277 0.0785 0.0906 0.0262 -0.0121 -0.0492 -0.1115 -0.1932 -0.2164 -0.1999 -0.1249 0.0797 0.0901 0.0260 -0.0123 -0.0494 -0.1119 -0.1935 -0.2164 -0.1997 -0.1242 0.0807 0.0896 0.0258 -0.0125 -0.0497 -0.1124 -0.1938 -0.2164 -0.1996 -0.1234 0.0818 0.0891 0.0256 -0.0127 -0.0499 -0.1128 -0.1940 -0.2164 -0.1994 -0.1226 0.0829 0.0885 0.0254 -0.0129 -0.0501 -0.1130 -0.1943 -0.1318
-0.1943 -0.1358 -0.0343 0.0102 0.0434 0.1085 0.1116 -0.1889 -0.3320 -0.3314 -0.2772 -0.1319 -0.0338 0.0103 0.0436 0.1092 0.1100 -0.1906 -0.3320 -0.3313 -0.2767 -0.1311 -0.0335 0.0105 0.0438 0.1098 0.1086 -0.1921 -0.3321 -0.3312 -0.2762 -0.1304 -0.0333 0.0107 0.0440 0.1104 0.1073 -0.1936 -0.3322 -0.3311 -0.2758 -0.1295 -0.0330 0.0108 0.0442 0.1110 0.1059 -0.1951 -0.3320 -0.3327 -0.3191 -0.3327 -0.3320 -0.1951 0.1059 0.1110 0.0442 0.0108 -0.0330 -0.1295 -0.2758 -0.3311 -0.3322 -0.1936 0.1073 0.1104 0.0440 0.0107 -0.0333 -0.1304 -0.2762 -0.3312 -0.3321 -0.1921 0.1086 0.1098 0.0438 0.0105 -0.0335 -0.1311 -0.2767 -0.3313 -0.3320 -0.1906 0.1100 0.1092 0.0436 0.0103 -0.0338 -0.1319 -0.2772 -0.3314 -0.3320 -0.1889 0.1116 0.1085 0.0434 0.0102 -0.0343 -0.1358 -0.1943
-0.1130 -0.0343 0.0064 0.0420 0.1096 0.1088 -0.1922 -0.3323 -0.3312 -0.2751 -0.1271 -0.0331 0.0071 0.0425 0.1107 0.1067 -0.1942 -0.3324 -0.3311 -0.2746 -0.1262 -0.0328 0.0072 0.0427 0.1113 0.1053 -0.1957 -0.3324 -0.3310 -0.2740 -0.1255 -0.0326 0.0074 0.0430 0.1119 0.1039 -0.1972 -0.3325 -0.3309 -0.2735 -0.1247 -0.0323 0.0076 0.0432 0.1125 0.1024 -0.1987 -0.3325 -0.3287 -0.2715 -0.2035 -0.2715 -0.3287 -0.3325 -0.1987 0.1024 0.1125 0.0432 0.0076 -0.0323 -0.1247 -0.2735 -0.3309 -0.3325 -0.1972 0.1039 0.1119 0.0430 0.0074 -0.0326 -0.1255 -0.2740 -0.3310 -0.3324 -0.1957 0.1053 0.1113 0.0427 0.0072 -0.0328 -0.1262 -0.2746 -0.3311 -0.3324 -0.1942 0.1067 0.1107 0.0425 0.0071 -0.0331 -0.1271 -0.2751 -0.3312 -0.3323 -0.1922 0.1088 0.1096 0.0420 0.0064 -0.0343 -0.1130
-0.0501 0.0102 0.0420 0.1100 0.1068 -0.1949 -0.3324 -0.3310 -0.2741 -0.1257 -0.0325 0.0079 0.0430 0.1121 0.1034 -0.1977 -0.3325 -0.3309 -0.2735 -0.1247 -0.0322 0.0080 0.0433 0.1127 0.1020 -0.1992 -0.3326 -0.3308 -0.2730 -0.1240 -0.0319 0.0082 0.0435 0.1133 0.1005 -0.2008 -0.3326 -0.3307 -0.2725 -0.1232 -0.0316 0.0083 0.0437 0.1140 0.0991 -0.2023 -0.3327 -0.3305 -0.2663 -0.1154 -0.0510 -0.1154 -0.2663 -0.3305 -0.3327 -0.2023 0.0991 0.1140 0.0437 0.0083 -0.0316 -0.1232 -0.2725 -0.3307 -0.3326 -0.2008 0.1005 0.1133 0.0435 0.0082 -0.0319 -0.1240 -0.2730 -0.3308 -0.3326 -0.1992 0.1020 0.1127 0.0433 0.0080 -0.0322 -0.1247 -0.2735 -0.3309 -0.3325 -0.1977 0.1034 0.1121 0.0430 0.0079 -0.0325 -0.1257 -0.2741 -0.3310 -0.3324 -0.1949 0.1068 0.1100 0.0420 0.0102 -0.0501
-0.0129 0.0434 0.1096 0.1068 -0.1960 -0.3325 -0.3309 -0.2730 -0.1239 -0.0319 0.0081 0.0436 0.1136 0.1001 -0.2013 -0.3327 -0.3306 -0.2723 -0.1229 -0.0316 0.0083 0.0438 0.1142 0.0986 -0.2028 -0.3327 -0.3305 -0.2718 -0.1221 -0.0313 0.0085 0.0441 0.1148 0.0971 -0.2044 -0.3328 -0.3304 -0.2712 -0.1213 -0.0311 0.0086 0.0443 0.1155 0.0956 -0.2060 -0.3329 -0.3303 -0.2708 -0.1158 -0.0248 0.0031 -0.0248 -0.1158 -0.2708 -0.3303 -0.3329 -0.2060 0.0956 0.1155 0.0443 0.0086 -0.0311 -0.1213 -0.2712 -0.3304 -0.3328 -0.2044 0.0971 0.1148 0.0441 0.0085 -0.0313 -0.1221 -0.2718 -0.3305 -0.3327 -0.2028 0.0986 0.1142 0.0438 0.0083 -0.0316 -0.1229 -0.2723 -0.3306 -0.3327 -0.2013 0.1001 0.1136 0.0436 0.0081 -0.0319 -0.1239 -0.2730 -0.3309 -0.3325 -0.1960 0.1068 0.1096 0.0434 -0.0129
0.0254 0.1085 0.1088 -0.1949 -0.3325 -0.3308 -0.2724 -0.1225 -0.0313 0.0085 0.0441 0.1151 0.0966 -0.2049 -0.3328 -0.3304 -0.2711 -0.1211 -0.0310 0.0087 0.0444 0.1157 0.0951 -0.2065 -0.3329 -0.3302 -0.2705 -0.1203 -0.0307 0.0089 0.0446 0.1164 0.0935 -0.2081 -0.3330 -0.3301 -0.2700 -0.1196 -0.0305 0.0090 0.0448 0.1171 0.0920 -0.2097 -0.3330 -0.3300 -0.2696 -0.1191 -0.0302 0.0128 0.0357 0.0128 -0.0302 -0.1191 -0.2696 -0.3300 -0.3330 -0.2097 0.0920 0.1171 0.0448 0.0090 -0.0305 -0.1196 -0.2700 -0.3301 -0.3330 -0.2081 0.0935 0.1164 0.0446 0.0089 -0.0307 -0.1203 -0.2705 -0.3302 -0.3329 -0.2065 0.0951 0.1157 0.0444 0.0087 -0.0310 -0.1211 -0.2711 -0.3304 -0.3328 -0.2049 0.0966 0.1151 0.0441 0.0085 -0.0313 -0.1225 -0.2724 -0.3308 -0.3325 -0.1949 0.1088 0.1085 0.0254
0.0885 0.1116 -0.1922 -0.3324 -0.3309 -0.2724 -0.1219 -0.0310 0.0088 0.0445 0.1164 0.0933 -0.2086 -0.3330 -0.3301 -0.2698 -0.1193 -0.0304 0.0091 0.0449 0.1173 0.0915 -0.2102 -0.3330 -0.3300 -0.2693 -0.1186 -0.0301 0.0092 0.0452 0.1180 0.0899 -0.2118 -0.3331 -0.3298 -0.2688 -0.1178 -0.0299 0.0094 0.0454 0.1187 0.0883 -0.2134 -0.3332 -0.3297 -0.2682 -0.1172 -0.0298 0.0096 0.0489 0.0849 0.0489 0.0096 -0.0298 -0.1172 -0.2682 -0.3297 -0.3332 -0.2134 0.0883 0.1187 0.0454 0.0094 -0.0299 -0.1178 -0.2688 -0.3298 -0.3331 -0.2118 0.0899 0.1180 0.0452 0.0092 -0.0301 -0.1186 -0.2693 -0.3300 -0.3330 -0.2102 0.0915 0.1173 0.0449 0.0091 -0.0304 -0.1193 -0.2698 -0.3301 -0.3330 -0.2086 0.0933 0.1164 0.0445 0.0088 -0.0310 -0.1219 -0.2724 -0.3309 -0.3324 -0.1922 0.1116 0.0885
0.0829 -0.1889 -0.3323 -0.3310 -0.2730 -0.1225 -0.0310 0.0088 0.0448 0.1174 0.0904 -0.2118 -0.3331 -0.3298 -0.2686 -0.1176 -0.0298 0.0094 0.0455 0.1189 0.0878 -0.2140 -0.3332 -0.3297 -0.2680 -0.1168 -0.0296 0.0096 0.0457 0.1196 0.0862 -0.2156 -0.3332 -0.3296 -0.2675 -0.1160 -0.0293 0.0097 0.0460 0.1203 0.0846 -0.2172 -0.3333 -0.3294 -0.2669 -0.1153 -0.0291 0.0098 0.0464 0.1131 0.1405 0.1131 0.0464 0.0098 -0.0291 -0.1153 -0.2669 -0.3294 -0.3333 -0.2172 0.0846 0.1203 0.0460 0.0097 -0.0293 -0.1160 -0.2675 -0.3296 -0.3332 -0.2156 0.0862 0.1196 0.0457 0.0096 -0.0296 -0.1168 -0.2680 -0.3297 -0.3332 -0.2140 0.0878 0.1189 0.0455 0.0094 -0.0298 -0.1176 -0.2686 -0.3298 -0.3331 -0.2118 0.0904 0.1174 0.0448 0.0088 -0.0310 -0.1225 -0.2730 -0.3310 -0.3323 -0.1889 0.0829
-0.1226 -0.3320 -0.3312 -0.2741 -0.1239 -0.0313 0.0088 0.0448 0.1178 0.0886 -0.2142 -0.3332 -0.3296 -0.2674 -0.1158 -0.0292 0.0098 0.0460 0.1205 0.0841 -0.2178 -0.3333 -0.3294 -0.2668 -0.1151 -0.0290 0.0099 0.0463 0.1213 0.0825 -0.2195 -0.3334 -0.3293 -0.2662 -0.1143 -0.0287 0.0101 0.0465 0.1220 0.0808 -0.2211 -0.3334 -0.3291 -0.2656 -0.1136 -0.0285 0.0102 0.0467 0.1245 0.0725 -0.1376 0.0725 0.1245 0.0467 0.0102 -0.0285 -0.1136 -0.2656 -0.3291 -0.3334 -0.2211 0.0808 0.1220 0.0465 0.0101 -0.0287 -0.1143 -0.2662 -0.3293 -0.3334 -0.2195 0.0825 0.1213 0.0463 0.0099 -0.0290 -0.1151 -0.2668 -0.3294 -0.3333 -0.2178 0.0841 0.1205 0.0460 0.0098 -0.0292 -0.1158 -0.2674 -0.3296 -0.3332 -0.2142 0.0886 0.1178 0.0448 0.0088 -0.0313 -0.1239 -0.2741 -0.3312 -0.3320 -0.1226
-0.1994 -0.3314 -0.2751 -0.1257 -0.0319 0.0085 0.0445 0.1174 0.0886 -0.2153 -0.3333 -0.3294 -0.2664 -0.1143 -0.0287 0.0101 0.0466 0.1222 0.0803 -0.2217 -0.3335 -0.3291 -0.2655 -0.1133 -0.0284 0.0103 0.0468 0.1230 0.0786 -0.2234 -0.3335 -0.3290 -0.2649 -0.1126 -0.0281 0.0104 0.0471 0.1237 0.0770 -0.2251 -0.3336 -0.3288 -0.2643 -0.1119 -0.0279 0.0106 0.0473 0.1251 0.0710 -0.2332 -0.3280 -0.2332 0.0710 0.1251 0.0473 0.0106 -0.0279 -0.1119 -0.2643 -0.3288 -0.3336 -0.2251 0.0770 0.1237 0.0471 0.0104 -0.0281 -0.1126 -0.2649 -0.3290 -0.3335 -0.2234 0.0786 0.1230 0.0468 0.0103 -0.0284 -0.1133 -0.2655 -0.3291 -0.3335 -0.2217 0.0803 0.1222 0.0466 0.0101 -0.0287 -0.1143 -0.2664 -0.3294 -0.3333 -0.2153 0.0886 0.1174 0.0445 0.0085 -0.0319 -0.1257 -0.2751 -0.3314 -0.1994
-0.2164 -0.2772 -0.1271 -0.0325 0.0081 0.0441 0.1164 0.0904 -0.2142 -0.3333 -0.3293 -0.2657 -0.1132 -0.0282 0.0104 0.0471 0.1240 0.0764 -0.2257 -0.3336 -0.3288 -0.2642 -0.1116 -0.0278 0.0106 0.0474 0.1248 0.0748 -0.2274 -0.3337 -0.3287 -0.2636 -0.1109 -0.0276 0.0108 0.0476 0.1255 0.0731 -0.2291 -0.3337 -0.3285 -0.2630 -0.1102 -0.0273 0.0109 0.0479 0.1263 0.0715 -0.2334 -0.3354 -0.3400 -0.3354 -0.2334 0.0715 0.1263 0.0479 0.0109 -0.0273 -0.1102 -0.2630 -0.3285 -0.3337 -0.2291 0.0731 0.1255 0.0476 0.0108 -0.0276 -0.1109 -0.2636 -0.3287 -0.3337 -0.2274 0.0748 0.1248 0.0474 0.0106 -0.0278 -0.1116 -0.2642 -0.3288 -0.3336 -0.2257 0.0764 0.1240 0.0471 0.0104 -0.0282 -0.1132 -0.2657 -0.3293 -0.3333 -0.2142 0.0904 0.1164 0.0441 0.0081 -0.0325 -0.1271 -0.2772 -0.2164
-0.1940 -0.1319 -0.0331 0.0079 0.0436 0.1151 0.0933 -0.2118 -0.3332 -0.3294 -0.2657 -0.1127 -0.0279 0.0107 0.0476 0.1255 0.0728 -0.2297 -0.3337 -0.3285 -0.2628 -0.1099 -0.0272 0.0110 0.0480 0.1266 0.0708 -0.2314 -0.3338 -0.3283 -0.2623 -0.1092 -0.0270 0.0111 0.0482 0.1274 0.0691 -0.2332 -0.3338 -0.3282 -0.2617 -0.1085 -0.0268 0.0113 0.0485 0.1282 0.0675 -0.2350 -0.3336 -0.3293 -0.3101 -0.3293 -0.3336 -0.2350 0.0675 0.1282 0.0485 0.0113 -0.0268 -0.1085 -0.2617 -0.3282 -0.3338 -0.2332 0.0691 0.1274 0.0482 0.0111 -0.0270 -0.1092 -0.2623 -0.3283 -0.3338 -0.2314 0.0708 0.1266 0.0480 0.0110 -0.0272 -0.1099 -0.2628 -0.3285 -0.3337 -0.2297 0.0728 0.1255 0.0476 0.0107 -0.0279 -0.1127 -0.2657 -0.3294 -0.3332 -0.2118 0.0933 0.1151 0.0436 0.0079 -0.0331 -0.1319 -0.1940
-0.1128 -0.0338 0.0071 0.0430 0.1136 0.0966 -0.2086 -0.3331 -0.3296 -0.2664 -0.1132 -0.0279 0.0108 0.0478 0.1267 0.0697 -0.2332 -0.3339 -0.3282 -0.2615 -0.1082 -0.0267 0.0113 0.0485 0.1285 0.0668 -0.2356 -0.3339 -0.3280 -0.2609 -0.1075 -0.0264 0.0115 0.0488 0.1293 0.0651 -0.2374 -0.3340 -0.3279 -0.2603 -0.1068 -0.0262 0.0116 0.0490 0.1301 0.0634 -0.2392 -0.3340 -0.3252 -0.2580 -0.1833 -0.2580 -0.3252 -0.3340 -0.2392 0.0634 0.1301 0.0490 0.0116 -0.0262 -0.1068 -0.2603 -0.3279 -0.3340 -0.2374 0.0651 0.1293 0.0488 0.0115 -0.0264 -0.1075 -0.2609 -0.3280 -0.3339 -0.2356 0.0668 0.1285 0.0485 0.0113 -0.0267 -0.1082 -0.2615 -0.3282 -0.3339 -0.2332 0.0697 0.1267 0.0478 0.0108 -0.0279 -0.1132 -0.2664 -0.3296 -0.3331 -0.2086 0.0966 0.1136 0.0430 0.0071 -0.0338 -0.1128
-0.0499 0.0103 0.0425 0.1121 0.1001 -0.2049 -0.3330 -0.3298 -0.2674 -0.1143 -0.0282 0.0107 0.0478 0.1273 0.0677 -0.2359 -0.3340 -0.3279 -0.2602 -0.1066 -0.0261 0.0117 0.0491 0.1304 0.0628 -0.2398 -0.3340 -0.3277 -0.2596 -0.1059 -0.0259 0.0118 0.0494 0.1313 0.0611 -0.2417 -0.3341 -0.3275 -0.2590 -0.1052 -0.0256 0.0120 0.0496 0.1321 0.0593 -0.2435 -0.3342 -0.3274 -0.2523 -0.0976 -0.0411 -0.0976 -0.2523 -0.3274 -0.3342 -0.2435 0.0593 0.1321 0.0496 0.0120 -0.0256 -0.1052 -0.2590 -0.3275 -0.3341 -0.2417 0.0611 0.1313 0.0494 0.0118 -0.0259 -0.1059 -0.2596 -0.3277 -0.3340 -0.2398 0.0628 0.1304 0.0491 0.0117 -0.0261 -0.1066 -0.2602 -0.3279 -0.3340 -0.2359 0.0677 0.1273 0.0478 0.0107 -0.0282 -0.1143 -0.2674 -0.3298 -0.3330 -0.2049 0.1001 0.1121 0.0425 0.0103 -0.0499
-0.0127 0.0436 0.1107 0.1034 -0.2013 -0.3328 -0.3301 -0.2686 -0.1158 -0.0287 0.0104 0.0476 0.1267 0.0677 -0.2371 -0.3340 -0.3277 -0.2592 -0.1052 -0.0256 0.0120 0.0497 0.1324 0.0587 -0.2441 -0.3342 -0.3273 -0.2582 -0.1042 -0.0253 0.0122 0.0499 0.1333 0.0570 -0.2460 -0.3342 -0.3272 -0.2576 -0.1036 -0.0251 0.0123 0.0502 0.1342 0.0552 -0.2479 -0.3343 -0.3271 -0.2571 -0.0990 -0.0192 0.0067 -0.0192 -0.0990 -0.2571 -0.3271 -0.3343 -0.2479 0.0552 0.1342 0.0502 0.0123 -0.0251 -0.1036 -0.2576 -0.3272 -0.3342 -0.2460 0.0570 0.1333 0.0499 0.0122 -0.0253 -0.1042 -0.2582 -0.3273 -0.3342 -0.2441 0.0587 0.1324 0.0497 0.0120 -0.0256 -0.1052 -0.2592 -0.3277 -0.3340 -0.2371 0.0677 0.1267 0.0476 0.0104 -0.0287 -0.1158 -0.2686 -0.3301 -0.3328 -0.2013 0.1034 0.1107 0.0436 -0.0127
0.0256 0.1092 0.1067 -0.1977 -0.3327 -0.3304 -0.2698 -0.1176 -0.0292 0.0101 0.0471 0.1255 0.0697 -0.2359 -0.3340 -0.3276 -0.2585 -0.1041 -0.0252 0.0123 0.0502 0.1345 0.0546 -0.2485 -0.3343 -0.3270 -0.2568 -0.1026 -0.0248 0.0125 0.0505 0.1354 0.0529 -0.2504 -0.3343 -0.3268 -0.2562 -0.1020 -0.0245 0.0127 0.0508 0.1364 0.0511 -0.2524 -0.3344 -0.3267 -0.2557 -0.1015 -0.0242 0.0163 0.0408 0.0163 -0.0242 -0.1015 -0.2557 -0.3267 -0.3344 -0.2524 0.0511 0.1364 0.0508 0.0127 -0.0245 -0.1020 -0.2562 -0.3268 -0.3343 -0.2504 0.0529 0.1354 0.0505 0.0125 -0.0248 -0.1026 -0.2568 -0.3270 -0.3343 -0.2485 0.0546 0.1345 0.0502 0.0123 -0.0252 -0.1041 -0.2585 -0.3276 -0.3340 -0.2359 0.0697 0.1255 0.0471 0.0101 -0.0292 -0.1176 -0.2698 -0.3304 -0.3327 -0.1977 0.1067 0.1092 0.0256
0.0891 0.1100 -0.1942 -0.3325 -0.3306 -0.2711 -0.1193 -0.0298 0.0098 0.0466 0.1240 0.0728 -0.2332 -0.3340 -0.3277 -0.2585 -0.1037 -0.0249 0.0125 0.0507 0.1364 0.0508 -0.2530 -0.3344 -0.3266 -0.2554 -0.1010 -0.0242 0.0129 0.0511 0.1376 0.0487 -0.2550 -0.3344 -0.3265 -0.2548 -0.1004 -0.0240 0.0130 0.0514 0.1386 0.0469 -0.2569 -0.3345 -0.3263 -0.2542 -0.0998 -0.0239 0.0133 0.0547 0.0926 0.0547 0.0133 -0.0239 -0.0998 -0.2542 -0.3263 -0.3345 -0.2569 0.0469 0.1386 0.0514 0.0130 -0.0240 -0.1004 -0.2548 -0.3265 -0.3344 -0.2550 0.0487 0.1376 0.0511 0.0129 -0.0242 -0.1010 -0.2554 -0.3266 -0.3344 -0.2530 0.0508 0.1364 0.0507 0.0125 -0.0249 -0.1037 -0.2585 -0.3277 -0.3340 -0.2332 0.0728 0.1240 0.0466 0.0098 -0.0298 -0.1193 -0.2711 -0.3306 -0.3325 -0.1942 0.1100 0.0891
0.0818 -0.1906 -0.3324 -0.3309 -0.2723 -0.1211 -0.0304 0.0094 0.0460 0.1222 0.0764 -0.2297 -0.3339 -0.3279 -0.2592 -0.1041 -0.0249 0.0126 0.0510 0.1378 0.0475 -0.2569 -0.3345 -0.3263 -0.2540 -0.0995 -0.0236 0.0132 0.0517 0.1399 0.0446 -0.2596 -0.3346 -0.3261 -0.2533 -0.0988 -0.0234 0.0134 0.0520 0.1409 0.0428 -0.2616 -0.3346 -0.3260 -0.2527 -0.0981 -0.0232 0.0134 0.0525 0.1274 0.1310 0.1274 0.0525 0.0134 -0.0232 -0.0981 -0.2527 -0.3260 -0.3346 -0.2616 0.0428 0.1409 0.0520 0.0134 -0.0234 -0.0988 -0.2533 -0.3261 -0.3346 -0.2596 0.0446 0.1399 0.0517 0.0132 -0.0236 -0.0995 -0.2540 -0.3263 -0.3345 -0.2569 0.0475 0.1378 0.0510 0.0126 -0.0249 -0.1041 -0.2592 -0.3279 -0.3339 -0.2297 0.0764 0.1222 0.0460 0.0094 -0.0304 -0.1211 -0.2723 -0.3309 -0.3324 -0.1906 0.0818
-0.1234 -0.3320 -0.3311 -0.2735 -0.1229 -0.0310 0.0091 0.0455 0.1205 0.0803 -0.2257 -0.3337 -0.3282 -0.2602 -0.1052 -0.0252 0.0125 0.0510 0.1384 0.0455 -0.2599 -0.3346 -0.3260 -0.2526 -0.0979 -0.0231 0.0136 0.0523 0.1422 0.0404 -0.2643 -0.3347 -0.3257 -0.2519 -0.0973 -0.0229 0.0137 0.0525 0.1433 0.0386 -0.2664 -0.3347 -0.3256 -0.2513 -0.0966 -0.0226 0.0139 0.0528 0.1471 0.0297 -0.1871 0.0297 0.1471 0.0528 0.0139 -0.0226 -0.0966 -0.2513 -0.3256 -0.3347 -0.2664 0.0386 0.1433 0.0525 0.0137 -0.0229 -0.0973 -0.2519 -0.3257 -0.3347 -0.2643 0.0404 0.1422 0.0523 0.0136 -0.0231 -0.0979 -0.2526 -0.3260 -0.3346 -0.2599 0.0455 0.1384 0.0510 0.0125 -0.0252 -0.1052 -0.2602 -0.3282 -0.3337 -0.2257 0.0803 0.1205 0.0455 0.0091 -0.0310 -0.1229 -0.2735 -0.3311 -0.3320 -0.1234
-0.1996 -0.3313 -0.2746 -0.1247 -0.0316 0.0087 0.0449 0.1189 0.0841 -0.2217 -0.3336 -0.3285 -0.2615 -0.1066 -0.0256 0.0123 0.0507 0.1378 0.0455 -0.2613 -0.3346 -0.3257 -0.2515 -0.0966 -0.0226 0.0139 0.0529 0.1447 0.0362 -0.2692 -0.3348 -0.3254 -0.2504 -0.0957 -0.0223 0.0141 0.0531 0.1457 0.0344 -0.2713 -0.3348 -0.3252 -0.2498 -0.0951 -0.0221 0.0142 0.0534 0.1479 0.0283 -0.2813 -0.3307 -0.2813 0.0283 0.1479 0.0534 0.0142 -0.0221 -0.0951 -0.2498 -0.3252 -0.3348 -0.2713 0.0344 0.1457 0.0531 0.0141 -0.0223 -0.0957 -0.2504 -0.3254 -0.3348 -0.2692 0.0362 0.1447 0.0529 0.0139 -0.0226 -0.0966 -0.2515 -0.3257 -0.3346 -0.2613 0.0455 0.1378 0.0507 0.0123 -0.0256 -0.1066 -0.2615 -0.3285 -0.3336 -0.2217 0.0841 0.1189 0.0449 0.0087 -0.0316 -0.1247 -0.2746 -0.3313 -0.1996
-0.2164 -0.2767 -0.1262 -0.0322 0.0083 0.0444 0.1173 0.0878 -0.2178 -0.3335 -0.3288 -0.2628 -0.1082 -0.0261 0.0120 0.0502 0.1364 0.0475 -0.2599 -0.3346 -0.3256 -0.2507 -0.0956 -0.0222 0.0142 0.0534 0.1472 0.0320 -0.2741 -0.3349 -0.3250 -0.2489 -0.0942 -0.0218 0.0144 0.0537 0.1483 0.0302 -0.2763 -0.3349 -0.3248 -0.2483 -0.0936 -0.0216 0.0145 0.0540 0.1494 0.0286 -0.2814 -0.3366 -0.3394 -0.3366 -0.2814 0.0286 0.1494 0.0540 0.0145 -0.0216 -0.0936 -0.2483 -0.3248 -0.3349 -0.2763 0.0302 0.1483 0.0537 0.0144 -0.0218 -0.0942 -0.2489 -0.3250 -0.3349 -0.2741 0.0320 0.1472 0.0534 0.0142 -0.0222 -0.0956 -0.2507 -0.3256 -0.3346 -0.2599 0.0475 0.1364 0.0502 0.0120 -0.0261 -0.1082 -0.2628 -0.3288 -0.3335 -0.2178 0.0878 0.1173 0.0444 0.0083 -0.0322 -0.1262 -0.2767 -0.2164
-0.1938 -0.1311 -0.0328 0.0080 0.0438 0.1157 0.0915 -0.2140 -0.3333 -0.3291 -0.2642 -0.1099 -0.0267 0.0117 0.0497 0.1345 0.0508 -0.2569 -0.3346 -0.3257 -0.2507 -0.0952 -0.0219 0.0144 0.0539 0.1494 0.0282 -0.2792 -0.3350 -0.3246 -0.2475 -0.0927 -0.0212 0.0147 0.0543 0.1509 0.0261 -0.2814 -0.3350 -0.3244 -0.2468 -0.0921 -0.0210 0.0149 0.0546 0.1521 0.0244 -0.2836 -0.3345 -0.3253 -0.3013 -0.3253 -0.3345 -0.2836 0.0244 0.1521 0.0546 0.0149 -0.0210 -0.0921 -0.2468 -0.3244 -0.3350 -0.2814 0.0261 0.1509 0.0543 0.0147 -0.0212 -0.0927 -0.2475 -0.3246 -0.3350 -0.2792 0.0282 0.1494 0.0539 0.0144 -0.0219 -0.0952 -0.2507 -0.3257 -0.3346 -0.2569 0.0508 0.1345 0.0497 0.0117 -0.0267 -0.1099 -0.2642 -0.3291 -0.3333 -0.2140 0.0915 0.1157 0.0438 0.0080 -0.0328 -0.1311 -0.1938
-0.1124 -0.0335 0.0072 0.0433 0.1142 0.0951 -0.2102 -0.3332 -0.3294 -0.2655 -0.1116 -0.0272 0.0113 0.0491 0.1324 0.0546 -0.2530 -0.3345 -0.3260 -0.2515 -0.0956 -0.0219 0.0145 0.0542 0.1511 0.0249 -0.2836 -0.3350 -0.3241 -0.2459 -0.0913 -0.0207 0.0151 0.0550 0.1537 0.0219 -0.2866 -0.3351 -0.3240 -0.2453 -0.0907 -0.0205 0.0152 0.0552 0.1549 0.0201 -0.2889 -0.3351 -0.3209 -0.2421 -0.1610 -0.2421 -0.3209 -0.3351 -0.2889 0.0201 0.1549 0.0552 0.0152 -0.0205 -0.0907 -0.2453 -0.3240 -0.3351 -0.2866 0.0219 0.1537 0.0550 0.0151 -0.0207 -0.0913 -0.2459 -0.3241 -0.3350 -0.2836 0.0249 0.1510 0.0542 0.0145 -0.0219 -0.0956 -0.2515 -0.3260 -0.3345 -0.2530 0.0546 0.1324 0.0491 0.0113 -0.0272 -0.1116 -0.2655 -0.3294 -0.3332 -0.2102 0.0951 0.1142 0.0433 0.0072 -0.0335 -0.1124
-0.0497 0.0105 0.0427 0.1127 0.0986 -0.2065 -0.3330 -0.3297 -0.2668 -0.1133 -0.0278 0.0110 0.0485 0.1304 0.0587 -0.2485 -0.3344 -0.3263 -0.2526 -0.0966 -0.0222 0.0144 0.0542 0.1519 0.0228 -0.2870 -0.3351 -0.3238 -0.2445 -0.0898 -0.0202 0.0154 0.0556 0.1566 0.0178 -0.2920 -0.3352 -0.3235 -0.2438 -0.0892 -0.0200 0.0156 0.0558 0.1579 0.0160 -0.2943 -0.3352 -0.3233 -0.2367 -0.0819 -0.0322 -0.0819 -0.2367 -0.3233 -0.3352 -0.2943 0.0160 0.1579 0.0558 0.0156 -0.0200 -0.0892 -0.2438 -0.3235 -0.3352 -0.2920 0.0178 0.1566 0.0556 0.0154 -0.0202 -0.0898 -0.2445 -0.3238 -0.3351 -0.2866 0.0231 0.1516 0.0542 0.0144 -0.0222 -0.0966 -0.2526 -0.3263 -0.3344 -0.2485 0.0587 0.1304 0.0485 0.0110 -0.0278 -0.1133 -0.2668 -0.3297 -0.3330 -0.2065 0.0986 0.1127 0.0427 0.0105 -0.0497
-0.0125 0.0438 0.1113 0.1020 -0.2028 -0.3329 -0.3300 -0.2680 -0.1151 -0.0284 0.0106 0.0480 0.1285 0.0628 -0.2441 -0.3343 -0.3266 -0.2540 -0.0979 -0.0226 0.0142 0.0539 0.1511 0.0228 -0.2885 -0.3352 -0.3235 -0.2434 -0.0886 -0.0197 0.0158 0.0562 0.1596 0.0136 -0.2975 -0.3353 -0.3231 -0.2422 -0.0878 -0.0194 0.0159 0.0564 0.1609 0.0119 -0.2999 -0.3353 -0.3230 -0.2417 -0.0843 -0.0139 0.0101 -0.0139 -0.0843 -0.2417 -0.3230 -0.3353 -0.2999 0.0119 0.1609 0.0564 0.0159 -0.0194 -0.0878 -0.2422 -0.3231 -0.3353 -0.2975 0.0136 0.1596 0.0562 0.0158 -0.0197 -0.0886 -0.2434 -0.3235 -0.3351 -0.2877 0.0231 0.1510 0.0539 0.0142 -0.0226 -0.0979 -0.2540 -0.3266 -0.3343 -0.2441 0.0628 0.1285 0.0480 0.0106 -0.0284 -0.1151 -0.2680 -0.3300 -0.3329 -0.2028 0.1020 0.1113 0.0438 -0.0125
0.0258 0.1098 0.1053 -0.1992 -0.3327 -0.3302 -0.2693 -0.1168 -0.0290 0.0103 0.0474 0.1266 0.0668 -0.2398 -0.3342 -0.3270 -0.2554 -0.0995 -0.0231 0.0139 0.0534 0.1494 0.0249 -0.2870 -0.3352 -0.3234 -0.2427 -0.0878 -0.0193 0.0161 0.0568 0.1627 0.0095 -0.3031 -0.3353 -0.3227 -0.2406 -0.0864 -0.0189 0.0163 0.0571 0.1641 0.0078 -0.3056 -0.3354 -0.3225 -0.2401 -0.0861 -0.0186 0.0198 0.0461 0.0198 -0.0186 -0.0861 -0.2401 -0.3225 -0.3354 -0.3056 0.0078 0.1641 0.0571 0.0163 -0.0189 -0.0864 -0.2406 -0.3227 -0.3353 -0.3031 0.0095 0.1627 0.0568 0.0161 -0.0193 -0.0878 -0.2428 -0.3235 -0.3351 -0.2866 0.0249 0.1494 0.0534 0.0139 -0.0231 -0.0995 -0.2554 -0.3270 -0.3342 -0.2398 0.0668 0.1266 0.0474 0.0103 -0.0290 -0.1168 -0.2693 -0.3302 -0.3327 -0.1992 0.1053 0.1098 0.0258
0.0896 0.1086 -0.1957 -0.3326 -0.3305 -0.2705 -0.1186 -0.0296 0.0099 0.0468 0.1248 0.0708 -0.2356 -0.3340 -0.3273 -0.2568 -0.1010 -0.0236 0.0136 0.0529 0.1472 0.0282 -0.2836 -0.3351 -0.3235 -0.2428 -0.0875 -0.0191 0.0163 0.0572 0.1655 0.0057 -0.3089 -0.3354 -0.3222 -0.2391 -0.0850 -0.0184 0.0166 0.0577 0.1670 0.0037 -0.3114 -0.3354 -0.3220 -0.2384 -0.0845 -0.0183 0.0169 0.0607 0.1011 0.0607 0.0169 -0.0183 -0.0845 -0.2384 -0.3220 -0.3354 -0.3114 0.0037 0.1670 0.0577 0.0166 -0.0184 -0.0850 -0.2391 -0.3222 -0.3354 -0.3089 0.0057 0.1655 0.0572 0.0163 -0.0191 -0.0875 -0.2428 -0.3235 -0.3351 -0.2836 0.0282 0.1472 0.0529 0.0136 -0.0236 -0.1010 -0.2568 -0.3273 -0.3340 -0.2356 0.0708 0.1248 0.0468 0.0099 -0.0296 -0.1186 -0.2705 -0.3305 -0.3326 -0.1957 0.1086 0.0896
0.0807 -0.1921 -0.3324 -0.3308 -0.2718 -0.1203 -0.0301 0.0096 0.0463 0.1230 0.0748 -0.2314 -0.3339 -0.3277 -0.2582 -0.1026 -0.0242 0.0132 0.0523 0.1447 0.0320 -0.2792 -0.3350 -0.3238 -0.2434 -0.0878 -0.0191 0.0163 0.0575 0.1674 0.0028 -0.3139 -0.3355 -0.3218 -0.2375 -0.0837 -0.0179 0.0170 0.0583 0.1684 -0.0003 -0.3166 -0.3355 -0.3216 -0.2368 -0.0831 -0.0177 0.0170 0.0589 0.1420 0.1135 0.1420 0.0589 0.0170 -0.0177 -0.0831 -0.2368 -0.3216 -0.3355 -0.3166 -0.0003 0.1684 0.0583 0.0170 -0.0179 -0.0837 -0.2375 -0.3218 -0.3355 -0.3139 0.0028 0.1674 0.0575 0.0163 -0.0191 -0.0878 -0.2434 -0.3238 -0.3350 -0.2792 0.0320 0.1447 0.0523 0.0132 -0.0242 -0.1026 -0.2582 -0.3277 -0.3339 -0.2314 0.0748 0.1230 0.0463 0.0096 -0.0301 -0.1203 -0.2718 -0.3308 -0.3324 -0.1921 0.0807
-0.1242 -0.3321 -0.3310 -0.2730 -0.1221 -0.0307 0.0092 0.0457 0.1213 0.0786 -0.2274 -0.3338 -0.3280 -0.2596 -0.1042 -0.0248 0.0129 0.0517 0.1422 0.0362 -0.2741 -0.3350 -0.3241 -0.2445 -0.0886 -0.0193 0.0163 0.0575 0.1681 0.0011 -0.3174 -0.3355 -0.3214 -0.2360 -0.0823 -0.0174 0.0173 0.0590 0.1687 -0.0043 -0.3189 -0.3356 -0.3211 -0.2352 -0.0818 -0.0172 0.0174 0.0592 0.1686 -0.0126 -0.2340 -0.0126 0.1686 0.0592 0.0174 -0.0172 -0.0818 -0.2352 -0.3211 -0.3356 -0.3189 -0.0043 0.1687 0.0590 0.0173 -0.0174 -0.0823 -0.2360 -0.3214 -0.3355 -0.3174 0.0011 0.1681 0.0575 0.0163 -0.0193 -0.0886 -0.2445 -0.3241 -0.3350 -0.2741 0.0362 0.1422 0.0517 0.0129 -0.0248 -0.1042 -0.2596 -0.3280 -0.3338 -0.2274 0.0786 0.1213 0.0457 0.0092 -0.0307 -0.1221 -0.2730 -0.3310 -0.3321 -0.1242
-0.1997 -0.3312 -0.2740 -0.1240 -0.0313 0.0089 0.0452 0.1196 0.0825 -0.2234 -0.3337 -0.3283 -0.2609 -0.1059 -0.0253 0.0125 0.0511 0.1399 0.0404 -0.2692 -0.3349 -0.3246 -0.2459 -0.0898 -0.0197 0.0161 0.0572 0.1674 0.0011 -0.3187 -0.3356 -0.3211 -0.2348 -0.0812 -0.0169 0.0176 0.0596 0.1691 -0.0083 -0.3192 -0.3356 -0.3206 -0.2335 -0.0805 -0.0166 0.0178 0.0599 0.1692 -0.0138 -0.3209 -0.3330 -0.3209 -0.0138 0.1692 0.0599 0.0178 -0.0166 -0.0805 -0.2335 -0.3206 -0.3356 -0.3192 -0.0083 0.1691 0.0596 0.0176 -0.0169 -0.0812 -0.2348 -0.3211 -0.3356 -0.3187 0.0011 0.1674 0.0572 0.0161 -0.0197 -0.0898 -0.2459 -0.3246 -0.3349 -0.2692 0.0404 0.1399 0.0511 0.0125 -0.0253 -0.1059 -0.2609 -0.3283 -0.3337 -0.2234 0.0825 0.1196 0.0452 0.0089 -0.0313 -0.1240 -0.2740 -0.3312 -0.1997
-0.2164 -0.2762 -0.1255 -0.0319 0.0085 0.0446 0.1180 0.0862 -0.2195 -0.3335 -0.3287 -0.2623 -0.1075 -0.0259 0.0122 0.0505 0.1376 0.0446 -0.2643 -0.3348 -0.3250 -0.2475 -0.0913 -0.0202 0.0158 0.0568 0.1655 0.0028 -0.3174 -0.3356 -0.3210 -0.2341 -0.0805 -0.0165 0.0179 0.0602 0.1693 -0.0122 -0.3195 -0.3357 -0.3201 -0.2319 -0.0792 -0.0161 0.0181 0.0605 0.1695 -0.0138 -0.3201 -0.3373 -0.3381 -0.3373 -0.3201 -0.0138 0.1695 0.0605 0.0181 -0.0161 -0.0792 -0.2319 -0.3201 -0.3357 -0.3195 -0.0122 0.1693 0.0602 0.0179 -0.0165 -0.0805 -0.2341 -0.3210 -0.3356 -0.3174 0.0028 0.1655 0.0568 0.0158 -0.0202 -0.0913 -0.2475 -0.3250 -0.3348 -0.2643 0.0446 0.1376 0.0505 0.0122 -0.0259 -0.1075 -0.2623 -0.3287 -0.3335 -0.2195 0.0862 0.1180 0.0446 0.0085 -0.0319 -0.1255 -0.2762 -0.2164
-0.1935 -0.1304 -0.0326 0.0082 0.0441 0.1164 0.0899 -0.2156 -0.3334 -0.3290 -0.2636 -0.1092 -0.0264 0.0118 0.0499 0.1354 0.0487 -0.2596 -0.3347 -0.3254 -0.2489 -0.0927 -0.0207 0.0154 0.0562 0.1627 0.0057 -0.3139 -0.3355 -0.3211 -0.2341 -0.0802 -0.0163 0.0181 0.0607 0.1696 -0.0158 -0.3198 -0.3358 -0.3196 -0.2302 -0.0779 -0.0156 0.0185 0.0612 0.1697 -0.0177 -0.3198 -0.3350 -0.3203 -0.2910 -0.3203 -0.3350 -0.3198 -0.0177 0.1697 0.0612 0.0185 -0.0156 -0.0779 -0.2302 -0.3196 -0.3358 -0.3198 -0.0158 0.1696 0.0607 0.0181 -0.0163 -0.0802 -0.2341 -0.3211 -0.3355 -0.3139 0.0057 0.1627 0.0562 0.0154 -0.0207 -0.0927 -0.2489 -0.3254 -0.3347 -0.2596 0.0487 0.1354 0.0499 0.0118 -0.0264 -0.1092 -0.2636 -0.3290 -0.3334 -0.2156 0.0899 0.1164 0.0441 0.0082 -0.0326 -0.1304 -0.1935
-0.1119 -0.0333 0.0074 0.0435 0.1148 0.0935 -0.2118 -0.3332 -0.3293 -0.2649 -0.1109 -0.0270 0.0115 0.0494 0.1333 0.0529 -0.2550 -0.3346 -0.3257 -0.2504 -0.0942 -0.0212 0.0151 0.0556 0.1596 0.0095 -0.3089 -0.3355 -0.3214 -0.2348 -0.0805 -0.0163 0.0182 0.0609 0.1697 -0.0186 -0.3200 -0.3358 -0.3191 -0.2286 -0.0767 -0.0151 0.0188 0.0618 0.1699 -0.0216 -0.3202 -0.3358 -0.3157 -0.2245 -0.1389 -0.2245 -0.3157 -0.3358 -0.3202 -0.0216 0.1699 0.0618 0.0188 -0.0151 -0.0767 -0.2286 -0.3191 -0.3358 -0.3200 -0.0186 0.1697 0.0609 0.0182 -0.0163 -0.0805 -0.2348 -0.3214 -0.3355 -0.3089 0.0095 0.1596 0.0556 0.0151 -0.0212 -0.0942 -0.2504 -0.3257 -0.3346 -0.2550 0.0529 0.1333 0.0494 0.0115 -0.0270 -0.1109 -0.2649 -0.3293 -0.3332 -0.2118 0.0935 0.1148 0.0435 0.0074 -0.0333 -0.1119
-0.0494 0.0107 0.0430 0.1133 0.0971 -0.2081 -0.3331 -0.3296 -0.2662 -0.1126 -0.0276 0.0111 0.0488 0.1313 0.0570 -0.2504 -0.3344 -0.3261 -0.2519 -0.0957 -0.0218 0.0147 0.0550 0.1566 0.0136 -0.3031 -0.3354 -0.3218 -0.2360 -0.0812 -0.0165 0.0181 0.0609 0.1698 -0.0202 -0.3202 -0.3358 -0.3187 -0.2270 -0.0755 -0.0146 0.0192 0.0625 0.1701 -0.0254 -0.3205 -0.3359 -0.3184 -0.2194 -0.0685 -0.0245 -0.0685 -0.2194 -0.3184 -0.3359 -0.3205 -0.0254 0.1701 0.0625 0.0192 -0.0146 -0.0755 -0.2270 -0.3187 -0.3358 -0.3202 -0.0202 0.1698 0.0609 0.0181 -0.0165 -0.0812 -0.2360 -0.3218 -0.3354 -0.3031 0.0136 0.1566 0.0550 0.0147 -0.0218 -0.0957 -0.2519 -0.3261 -0.3344 -0.2504 0.0570 0.1313 0.0488 0.0111 -0.0276 -0.1126 -0.2662 -0.3296 -0.3331 -0.2081 0.0971 0.1133 0.0430 0.0107 -0.0494
-0.0123 0.0440 0.1119 0.1005 -0.2044 -0.3330 -0.3298 -0.2675 -0.1143 -0.0281 0.0108 0.0482 0.1293 0.0611 -0.2460 -0.3343 -0.3265 -0.2533 -0.0973 -0.0223 0.0144 0.0543 0.1537 0.0178 -0.2975 -0.3353 -0.3222 -0.2375 -0.0823 -0.0169 0.0179 0.0607 0.1697 -0.0202 -0.3202 -0.3358 -0.3184 -0.2258 -0.0744 -0.0142 0.0195 0.0631 0.1703 -0.0291 -0.3207 -0.3359 -0.3179 -0.2246 -0.0718 -0.0089 0.0134 -0.0089 -0.0718 -0.2246 -0.3179 -0.3359 -0.3207 -0.0291 0.1703 0.0631 0.0195 -0.0142 -0.0744 -0.2258 -0.3184 -0.3358 -0.3202 -0.0202 0.1697 0.0607 0.0179 -0.0169 -0.0823 -0.2375 -0.3222 -0.3353 -0.2975 0.0178 0.1537 0.0543 0.0144 -0.0223 -0.0973 -0.2533 -0.3265 -0.3343 -0.2460 0.0611 0.1293 0.0482 0.0108 -0.0281 -0.1143 -0.2675 -0.3298 -0.3330 -0.2044 0.1005 0.1119 0.0440 -0.0123
0.0260 0.1104 0.1039 -0.2008 -0.3328 -0.3301 -0.2688 -0.1160 -0.0287 0.0104 0.0476 0.1274 0.0651 -0.2417 -0.3342 -0.3268 -0.2548 -0.0988 -0.0229 0.0141 0.0537 0.1509 0.0219 -0.2920 -0.3353 -0.3227 -0.2391 -0.0837 -0.0174 0.0176 0.0602 0.1696 -0.0186 -0.3202 -0.3358 -0.3183 -0.2250 -0.0738 -0.0138 0.0198 0.0638 0.1704 -0.0328 -0.3210 -0.3359 -0.3173 -0.2229 -0.0728 -0.0134 0.0234 0.0516 0.0234 -0.0134 -0.0728 -0.2229 -0.3173 -0.3359 -0.3210 -0.0328 0.1704 0.0638 0.0198 -0.0138 -0.0738 -0.2250 -0.3183 -0.3358 -0.3202 -0.0186 0.1696 0.0602 0.0176 -0.0174 -0.0837 -0.2391 -0.3227 -0.3353 -0.2920 0.0219 0.1509 0.0537 0.0141 -0.0229 -0.0988 -0.2548 -0.3268 -0.3342 -0.2417 0.0651 0.1274 0.0476 0.0104 -0.0287 -0.1160 -0.2688 -0.3301 -0.3328 -0.2008 0.1039 0.1104 0.0260
0.0901 0.1073 -0.1972 -0.3326 -0.3304 -0.2700 -0.1178 -0.0293 0.0101 0.0471 0.1255 0.0691 -0.2374 -0.3341 -0.3272 -0.2562 -0.1004 -0.0234 0.0137 0.0531 0.1483 0.0261 -0.2866 -0.3352 -0.3231 -0.2406 -0.0850 -0.0179 0.0173 0.0596 0.1693 -0.0158 -0.3200 -0.3358 -0.3184 -0.2250 -0.0735 -0.0136 0.0200 0.0642 0.1705 -0.0362 -0.3213 -0.3360 -0.3167 -0.2210 -0.0715 -0.0131 0.0205 0.0670 0.1108 0.0670 0.0205 -0.0131 -0.0715 -0.2210 -0.3167 -0.3360 -0.3213 -0.0362 0.1705 0.0642 0.0200 -0.0136 -0.0735 -0.2250 -0.3184 -0.3358 -0.3200 -0.0158 0.1693 0.0596 0.0173 -0.0179 -0.0850 -0.2406 -0.3231 -0.3352 -0.2866 0.0261 0.1483 0.0531 0.0137 -0.0234 -0.1004 -0.2562 -0.3272 -0.3341 -0.2374 0.0691 0.1255 0.0471 0.0101 -0.0293 -0.1178 -0.2700 -0.3304 -0.3326 -0.1972 0.1073 0.0901
0.0797 -0.1936 -0.3325 -0.3307 -0.2712 -0.1196 -0.0299 0.0097 0.0465 0.1237 0.0731 -0.2332 -0.3340 -0.3275 -0.2576 -0.1020 -0.0240 0.0134 0.0525 0.1457 0.0302 -0.2814 -0.3351 -0.3235 -0.2422 -0.0864 -0.0184 0.0170 0.0590 0.1691 -0.0122 -0.3198 -0.3358 -0.3187 -0.2258 -0.0738 -0.0136 0.0201 0.0645 0.1706 -0.0388 -0.3215 -0.3360 -0.3162 -0.2192 -0.0703 -0.0125 0.0207 0.0658 0.1485 0.0861 0.1485 0.0658 0.0207 -0.0125 -0.0703 -0.2192 -0.3162 -0.3360 -0.3215 -0.0388 0.1706 0.0645 0.0201 -0.0136 -0.0738 -0.2258 -0.3187 -0.3358 -0.3198 -0.0122 0.1691 0.0590 0.0170 -0.0184 -0.0864 -0.2422 -0.3235 -0.3351 -0.2814 0.0302 0.1457 0.0525 0.0134 -0.0240 -0.1020 -0.2576 -0.3275 -0.3340 -0.2332 0.0731 0.1237 0.0465 0.0097 -0.0299 -0.1196 -0.2712 -0.3307 -0.3325 -0.1936 0.0797
-0.1249 -0.3322 -0.3309 -0.2725 -0.1213 -0.0305 0.0094 0.0460 0.1220 0.0770 -0.2291 -0.3338 -0.3279 -0.2590 -0.1036 -0.0245 0.0130 0.0520 0.1433 0.0344 -0.2763 -0.3350 -0.3240 -0.2438 -0.0878 -0.0189 0.0166 0.0583 0.1687 -0.0083 -0.3195 -0.3358 -0.3191 -0.2270 -0.0744 -0.0138 0.0200 0.0645 0.1706 -0.0403 -0.3217 -0.3360 -0.3157 -0.2176 -0.0692 -0.0120 0.0211 0.0662 0.1701 -0.0510 -0.2572 -0.0510 0.1701 0.0662 0.0211 -0.0120 -0.0692 -0.2176 -0.3157 -0.3360 -0.3217 -0.0403 0.1706 0.0645 0.0200 -0.0138 -0.0744 -0.2270 -0.3191 -0.3358 -0.3195 -0.0083 0.1687 0.0583 0.0166 -0.0189 -0.0878 -0.2438 -0.3240 -0.3350 -0.2763 0.0344 0.1433 0.0520 0.0130 -0.0245 -0.1036 -0.2590 -0.3279 -0.3338 -0.2291 0.0770 0.1220 0.0460 0.0094 -0.0305 -0.1213 -0.2725 -0.3309 -0.3322 -0.1249
-0.1999 -0.3311 -0.2735 -0.1232 -0.0311 0.0090 0.0454 0.1203 0.0808 -0.2251 -0.3337 -0.3282 -0.2603 -0.1052 -0.0251 0.0127 0.0514 0.1409 0.0386 -0.2713 -0.3349 -0.3244 -0.2453 -0.0892 -0.0194 0.0163 0.0577 0.1684 -0.0043 -0.3192 -0.3357 -0.3196 -0.2286 -0.0755 -0.0142 0.0198 0.0642 0.1706 -0.0403 -0.3218 -0.3360 -0.3154 -0.2163 -0.0682 -0.0116 0.0215 0.0668 0.1707 -0.0518 -0.3238 -0.3351 -0.3238 -0.0518 0.1707 0.0668 0.0215 -0.0116 -0.0682 -0.2163 -0.3154 -0.3360 -0.3218 -0.0403 0.1706 0.0642 0.0198 -0.0142 -0.0755 -0.2286 -0.3196 -0.3357 -0.3192 -0.0043 0.1684 0.0577 0.0163 -0.0194 -0.0892 -0.2453 -0.3244 -0.3349 -0.2713 0.0386 0.1409 0.0514 0.0127 -0.0251 -0.1052 -0.2603 -0.3282 -0.3337 -0.2251 0.0808 0.1203 0.0454 0.0090 -0.0311 -0.1232 -0.2735 -0.3311 -0.1999
-0.2164 -0.2758 -0.1247 -0.0316 0.0086 0.0448 0.1187 0.0846 -0.2211 -0.3336 -0.3285 -0.2617 -0.1068 -0.0256 0.0123 0.0508 0.1386 0.0428 -0.2664 -0.3348 -0.3248 -0.2468 -0.0907 -0.0200 0.0159 0.0571 0.1670 -0.0003 -0.3189 -0.3356 -0.3201 -0.2302 -0.0767 -0.0146 0.0195 0.0638 0.1705 -0.0388 -0.3217 -0.3360 -0.3152 -0.2155 -0.0676 -0.0112 0.0218 0.0675 0.1707 -0.0521 -0.3229 -0.3377 -0.3362 -0.3377 -0.3229 -0.0521 0.1707 0.0675 0.0218 -0.0112 -0.0676 -0.2155 -0.3152 -0.3360 -0.3217 -0.0388 0.1705 0.0638 0.0195 -0.0146 -0.0767 -0.2302 -0.3201 -0.3356 -0.3189 -0.0003 0.1670 0.0571 0.0159 -0.0200 -0.0907 -0.2468 -0.3248 -0.3348 -0.2664 0.0428 0.1386 0.0508 0.0123 -0.0256 -0.1068 -0.2617 -0.3285 -0.3336 -0.2211 0.0846 0.1187 0.0448 0.0086 -0.0316 -0.1247 -0.2758 -0.2164
-0.1932 -0.1295 -0.0323 0.0083 0.0443 0.1171 0.0883 -0.2172 -0.3334 -0.3288 -0.2630 -0.1085 -0.0262 0.0120 0.0502 0.1364 0.0469 -0.2616 -0.3347 -0.3252 -0.2483 -0.0921 -0.0205 0.0156 0.0564 0.1641 0.0037 -0.3166 -0.3356 -0.3206 -0.2319 -0.0779 -0.0151 0.0192 0.0631 0.1704 -0.0362 -0.3215 -0.3360 -0.3154 -0.2155 -0.0674 -0.0110 0.0220 0.0680 0.1706 -0.0553 -0.3227 -0.3351 -0.3142 -0.2790 -0.3142 -0.3351 -0.3227 -0.0553 0.1706 0.0680 0.0220 -0.0110 -0.0674 -0.2155 -0.3154 -0.3360 -0.3215 -0.0362 0.1704 0.0631 0.0192 -0.0151 -0.0779 -0.2319 -0.3206 -0.3356 -0.3166 0.0037 0.1641 0.0564 0.0156 -0.0205 -0.0921 -0.2483 -0.3252 -0.3347 -0.2616 0.0469 0.1364 0.0502 0.0120 -0.0262 -0.1085 -0.2630 -0.3288 -0.3334 -0.2172 0.0883 0.1171 0.0443 0.0083 -0.0323 -0.1295 -0.1932
-0.1115 -0.0330 0.0076 0.0437 0.1155 0.0920 -0.2134 -0.3333 -0.3291 -0.2643 -0.1102 -0.0268 0.0116 0.0496 0.1342 0.0511 -0.2569 -0.3346 -0.3256 -0.2498 -0.0936 -0.0210 0.0152 0.0558 0.1609 0.0078 -0.3114 -0.3355 -0.3211 -0.2335 -0.0792 -0.0156 0.0188 0.0625 0.1703 -0.0328 -0.3213 -0.3360 -0.3157 -0.2163 -0.0676 -0.0110 0.0220 0.0683 0.1705 -0.0578 -0.3230 -0.3360 -0.3093 -0.2052 -0.1178 -0.2052 -0.3093 -0.3360 -0.3230 -0.0578 0.1705 0.0683 0.0220 -0.0110 -0.0676 -0.2163 -0.3157 -0.3360 -0.3213 -0.0328 0.1703 0.0625 0.0188 -0.0156 -0.0792 -0.2335 -0.3211 -0.3355 -0.3114 0.0078 0.1609 0.0558 0.0152 -0.0210 -0.0936 -0.2498 -0.3256 -0.3346 -0.2569 0.0511 0.1342 0.0496 0.0116 -0.0268 -0.1102 -0.2643 -0.3291 -0.3333 -0.2134 0.0920 0.1155 0.0437 0.0076 -0.0330 -0.1115
-0.0492 0.0108 0.0432 0.1140 0.0956 -0.2097 -0.3332 -0.3294 -0.2656 -0.1119 -0.0273 0.0113 0.0490 0.1321 0.0552 -0.2524 -0.3345 -0.3260 -0.2513 -0.0951 -0.0216 0.0149 0.0552 0.1579 0.0119 -0.3056 -0.3354 -0.3216 -0.2352 -0.0805 -0.0161 0.0185 0.0618 0.1701 -0.0291 -0.3210 -0.3360 -0.3162 -0.2176 -0.0682 -0.0112 0.0220 0.0683 0.1705 -0.0592 -0.3232 -0.3361 -0.3125 -0.2010 -0.0573 -0.0178 -0.0573 -0.2010 -0.3125 -0.3361 -0.3232 -0.0592 0.1705 0.0683 0.0220 -0.0112 -0.0682 -0.2176 -0.3162 -0.3360 -0.3210 -0.0291 0.1701 0.0618 0.0185 -0.0161 -0.0805 -0.2352 -0.3216 -0.3354 -0.3056 0.0119 0.1579 0.0552 0.0149 -0.0216 -0.0951 -0.2513 -0.3260 -0.3345 -0.2524 0.0552 0.1321 0.0490 0.0113 -0.0273 -0.1119 -0.2656 -0.3294 -0.3332 -0.2097 0.0956 0.1140 0.0432 0.0108 -0.0492
-0.0121 0.0442 0.1125 0.0991 -0.2060 -0.3330 -0.3297 -0.2669 -0.1136 -0.0279 0.0109 0.0485 0.1301 0.0593 -0.2479 -0.3344 -0.3263 -0.2527 -0.0966 -0.0221 0.0145 0.0546 0.1549 0.0160 -0.2999 -0.3354 -0.3220 -0.2368 -0.0818 -0.0166 0.0181 0.0612 0.1699 -0.0254 -0.3207 -0.3359 -0.3167 -0.2192 -0.0692 -0.0116 0.0218 0.0680 0.1705 -0.0592 -0.3232 -0.3361 -0.3122 -0.2067 -0.0615 -0.0043 0.0167 -0.0043 -0.0616 -0.2066 -0.3122 -0.3361 -0.3232 -0.0592 0.1705 0.0680 0.0218 -0.0116 -0.0692 -0.2192 -0.3167 -0.3359 -0.3207 -0.0254 0.1699 0.0612 0.0181 -0.0166 -0.0818 -0.2368 -0.3220 -0.3354 -0.2999 0.0160 0.1549 0.0546 0.0145 -0.0221 -0.0966 -0.2527 -0.3263 -0.3344 -0.2479 0.0593 0.1301 0.0485 0.0109 -0.0279 -0.1136 -0.2669 -0.3297 -0.3330 -0.2060 0.0991 0.1125 0.0442 -0.0121
0.0262 0.1110 0.1024 -0.2023 -0.3329 -0.3300 -0.2682 -0.1153 -0.0285 0.0106 0.0479 0.1282 0.0634 -0.2435 -0.3343 -0.3267 -0.2542 -0.0981 -0.0226 0.0142 0.0540 0.1521 0.0201 -0.2943 -0.3353 -0.3225 -0.2384 -0.0831 -0.0172 0.0178 0.0605 0.1697 -0.0216 -0.3205 -0.3359 -0.3173 -0.2210 -0.0703 -0.0120 0.0215 0.0675 0.1706 -0.0578 -0.3232 -0.3361 -0.3119 -0.2058 -0.0623 -0.0087 0.0270 0.0570 0.0270 -0.0087 -0.0623 -0.2056 -0.3119 -0.3361 -0.3232 -0.0578 0.1706 0.0675 0.0215 -0.0120 -0.0703 -0.2210 -0.3173 -0.3359 -0.3205 -0.0216 0.1697 0.0605 0.0178 -0.0172 -0.0831 -0.2384 -0.3225 -0.3353 -0.2943 0.0201 0.1521 0.0540 0.0142 -0.0226 -0.0981 -0.2542 -0.3267 -0.3343 -0.2435 0.0634 0.1282 0.0479 0.0106 -0.0285 -0.1153 -0.2682 -0.3300 -0.3329 -0.2023 0.1024 0.1110 0.0262
0.0906 0.1058 -0.1987 -0.3327 -0.3303 -0.2695 -0.1170 -0.0291 0.0102 0.0473 0.1263 0.0674 -0.2392 -0.3341 -0.3270 -0.2556 -0.0997 -0.0232 0.0139 0.0534 0.1494 0.0243 -0.2889 -0.3352 -0.3229 -0.2400 -0.0845 -0.0177 0.0174 0.0599 0.1695 -0.0177 -0.3202 -0.3359 -0.3178 -0.2227 -0.0714 -0.0125 0.0211 0.0668 0.1706 -0.0553 -0.3230 -0.3361 -0.3120 -0.2055 -0.0619 -0.0087 0.0240 0.0733 0.1216 0.0733 0.0240 -0.0087 -0.0618 -0.2057 -0.3122 -0.3361 -0.3230 -0.0553 0.1707 0.0668 0.0211 -0.0125 -0.0715 -0.2229 -0.3179 -0.3359 -0.3202 -0.0177 0.1695 0.0599 0.0174 -0.0177 -0.0845 -0.2401 -0.3230 -0.3352 -0.2889 0.0244 0.1494 0.0534 0.0139 -0.0232 -0.0998 -0.2557 -0.3271 -0.3342 -0.2392 0.0675 0.1263 0.0473 0.0102 -0.0291 -0.1172 -0.2696 -0.3303 -0.3327 -0.1987 0.1059 0.0906
0.0786 -0.1951 -0.3326 -0.3305 -0.2707 -0.1188 -0.0296 0.0099 0.0468 0.1245 0.0714 -0.2350 -0.3340 -0.3274 -0.2570 -0.1013 -0.0237 0.0135 0.0528 0.1468 0.0285 -0.2836 -0.3351 -0.3234 -0.2415 -0.0858 -0.0182 0.0171 0.0592 0.1692 -0.0139 -0.3199 -0.3358 -0.3184 -0.2244 -0.0726 -0.0130 0.0207 0.0661 0.1707 -0.0521 -0.3228 -0.3361 -0.3124 -0.2064 -0.0620 -0.0085 0.0239 0.0725 0.1539 0.0528 0.1538 0.0725 0.0238 -0.0087 -0.0623 -0.2067 -0.3125 -0.3360 -0.3227 -0.0521 0.1707 0.0662 0.0207 -0.0131 -0.0728 -0.2246 -0.3184 -0.3358 -0.3198 -0.0138 0.1692 0.0592 0.0170 -0.0183 -0.0861 -0.2417 -0.3233 -0.3351 -0.2836 0.0286 0.1479 0.0528 0.0134 -0.0239 -0.1015 -0.2571 -0.3274 -0.3340 -0.2350 0.0715 0.1251 0.0467 0.0098 -0.0298 -0.1191 -0.2708 -0.3305 -0.3325 -0.1951 0.0785
-0.1257 -0.3322 -0.3308 -0.2719 -0.1206 -0.0302 0.0095 0.0462 0.1227 0.0753 -0.2309 -0.3339 -0.3277 -0.2584 -0.1029 -0.0243 0.0132 0.0522 0.1443 0.0326 -0.2784 -0.3350 -0.3238 -0.2431 -0.0872 -0.0187 0.0168 0.0586 0.1689 -0.0100 -0.3196 -0.3358 -0.3189 -0.2261 -0.0738 -0.0135 0.0204 0.0655 0.1707 -0.0487 -0.3225 -0.3361 -0.3129 -0.2078 -0.0626 -0.0087 0.0240 0.0721 0.1685 -0.0809 -0.2813 -0.0842 0.1672 0.0725 0.0240 -0.0087 -0.0616 -0.2010 -0.3093 -0.3351 -0.3229 -0.0518 0.1701 0.0658 0.0205 -0.0134 -0.0718 -0.2194 -0.3157 -0.3350 -0.3201 -0.0138 0.1686 0.0589 0.0169 -0.0186 -0.0843 -0.2367 -0.3209 -0.3345 -0.2814 0.0283 0.1471 0.0525 0.0133 -0.0242 -0.0990 -0.2523 -0.3252 -0.3336 -0.2334 0.0710 0.1245 0.0464 0.0096 -0.0302 -0.1158 -0.2663 -0.3287 -0.3320 -0.1277
-0.2000 -0.3310 -0.2730 -0.1224 -0.0308 0.0092 0.0456 0.1210 0.0792 -0.2268 -0.3338 -0.3281 -0.2597 -0.1045 -0.0248 0.0128 0.0516 0.1419 0.0368 -0.2734 -0.3349 -0.3242 -0.2446 -0.0886 -0.0192 0.0164 0.0580 0.1686 -0.0060 -0.3193 -0.3357 -0.3194 -0.2278 -0.0750 -0.0139 0.0200 0.0648 0.1706 -0.0451 -0.3222 -0.3361 -0.3136 -0.2095 -0.0635 -0.0090 0.0238 0.0719 0.1695 -0.0785 -0.3264 -0.3381 -0.3273 -0.0845 0.1541 0.0733 0.0271 -0.0043 -0.0573 -0.2052 -0.3142 -0.3377 -0.3238 -0.0510 0.1485 0.0670 0.0234 -0.0089 -0.0685 -0.2245 -0.3203 -0.3373 -0.3209 -0.0126 0.1420 0.0607 0.0198 -0.0139 -0.0819 -0.2421 -0.3253 -0.3366 -0.2813 0.0297 0.1274 0.0547 0.0163 -0.0192 -0.0976 -0.2580 -0.3293 -0.3354 -0.2332 0.0725 0.1131 0.0489 0.0128 -0.0248 -0.1154 -0.2715 -0.3327 -0.2014
-0.2164 -0.2752 -0.1240 -0.0314 0.0088 0.0451 0.1194 0.0830 -0.2228 -0.3336 -0.3284 -0.2611 -0.1061 -0.0254 0.0125 0.0510 0.1396 0.0410 -0.2685 -0.3348 -0.3246 -0.2462 -0.0900 -0.0197 0.0161 0.0573 0.1678 -0.0020 -0.3190 -0.3357 -0.3199 -0.2295 -0.0762 -0.0144 0.0197 0.0641 0.1706 -0.0416 -0.3220 -0.3360 -0.3142 -0.2113 -0.0645 -0.0095 0.0234 0.0714 0.1696 -0.0747 -0.3250 -0.3383 -0.3534 -0.3305 -0.2813 0.0506 0.1220 0.0570 0.0167 -0.0178 -0.1178 -0.2790 -0.3362 -0.3351 -0.2572 0.0861 0.1108 0.0516 0.0134 -0.0245 -0.1389 -0.2910 -0.3381 -0.3330 -0.2340 0.1135 0.1011 0.0461 0.0101 -0.0322 -0.1610 -0.3013 -0.3394 -0.3307 -0.1871 0.1310 0.0926 0.0408 0.0067 -0.0411 -0.1833 -0.3101 -0.3400 -0.3280 -0.1376 0.1405 0.0849 0.0357 0.0031 -0.0510 -0.2035 -0.3191 -0.2112
