0.0655 0.0646 -0.1353 -0.2016 -0.2165 -0.1895 -0.1056 -0.0465 -0.0096 0.0291 0.0982 0.0635 -0.1360 -0.2018 -0.2165 -0.1891 -0.1052 -0.0463 -0.0094 0.0293 0.0988 0.0623 -0.1368 -0.2019 -0.2165 -0.1888 -0.1047 -0.0461 -0.0093 0.0295 0.0994 0.0611 -0.1376 -0.2020 -0.2164 -0.1885 -0.1043 -0.0459 -0.0091 0.0297 0.1001 0.0599 -0.1384 -0.2022 -0.2164 -0.1882 -0.1040 -0.0459 -0.0085 0.0332 0.0688 0.0332 -0.0085 -0.0459 -0.1040 -0.1882 -0.2164 -0.2022 -0.1384 0.0599 0.1001 0.0297 -0.0091 -0.0459 -0.1043 -0.1885 -0.2164 -0.2020 -0.1376 0.0611 0.0994 0.0295 -0.0093 -0.0461 -0.1047 -0.1888 -0.2165 -0.2019 -0.1368 0.0623 0.0988 0.0293 -0.0094 -0.0463 -0.1052 -0.1891 -0.2165 -0.2018 -0.1360 0.0635 0.0982 0.0291 -0.0096 -0.0465 -0.1056 -0.1895 -0.2165 -0.2016 -0.1353 0.0646 0.0655
0.0646 -0.2127 -0.3330 -0.3296 -0.2691 -0.1194 -0.0293 0.0130 0.0468 0.1198 0.0857 -0.2161 -0.3331 -0.3294 -0.2684 -0.1185 -0.0290 0.0132 0.0471 0.1205 0.0841 -0.2177 -0.3332 -0.3293 -0.2677 -0.1178 -0.0288 0.0134 0.0473 0.1212 0.0825 -0.2194 -0.3332 -0.3292 -0.2673 -0.1170 -0.0285 0.0135 0.0475 0.1220 0.0809 -0.2211 -0.3333 -0.3291 -0.2667 -0.1162 -0.0282 0.0135 0.0480 0.1147 0.1394 0.1147 0.0480 0.0135 -0.0282 -0.1162 -0.2667 -0.3291 -0.3333 -0.2211 0.0809 0.1220 0.0475 0.0135 -0.0285 -0.1170 -0.2673 -0.3292 -0.3332 -0.2194 0.0825 0.1212 0.0473 0.0134 -0.0288 -0.1178 -0.2677 -0.3293 -0.3332 -0.2177 0.0841 0.1205 0.0471 0.0132 -0.0290 -0.1185 -0.2684 -0.3294 -0.3331 -0.2161 0.0857 0.1198 0.0468 0.0130 -0.0293 -0.1194 -0.2691 -0.3296 -0.3330 -0.2127 0.0646
-0.1353 -0.3330 -0.3296 -0.2671 -0.1151 -0.0291 0.0095 0.0463 0.1213 0.0821 -0.2200 -0.3334 -0.3292 -0.2659 -0.1138 -0.0287 0.0097 0.0466 0.1222 0.0802 -0.2217 -0.3335 -0.3291 -0.2652 -0.1131 -0.0285 0.0099 0.0468 0.1230 0.0786 -0.2234 -0.3335 -0.3289 -0.2648 -0.1123 -0.0282 0.0100 0.0471 0.1237 0.0770 -0.2251 -0.3336 -0.3288 -0.2642 -0.1116 -0.0280 0.0102 0.0473 0.1265 0.0676 -0.1441 0.0676 0.1265 0.0473 0.0102 -0.0280 -0.1116 -0.2642 -0.3288 -0.3336 -0.2251 0.0770 0.1237 0.0471 0.0100 -0.0282 -0.1123 -0.2648 -0.3289 -0.3335 -0.2234 0.0786 0.1230 0.0468 0.0099 -0.0285 -0.1131 -0.2652 -0.3291 -0.3335 -0.2217 0.0802 0.1222 0.0466 0.0097 -0.0287 -0.1138 -0.2659 -0.3292 -0.3334 -0.2200 0.0821 0.1213 0.0463 0.0095 -0.0291 -0.1151 -0.2671 -0.3296 -0.3330 -0.1353
-0.2016 -0.3296 -0.2671 -0.1147 -0.0286 0.0102 0.0468 0.1230 0.0786 -0.2237 -0.3335 -0.3289 -0.2647 -0.1123 -0.0280 0.0105 0.0472 0.1240 0.0764 -0.2257 -0.3336 -0.3288 -0.2641 -0.1116 -0.0278 0.0107 0.0474 0.1248 0.0748 -0.2274 -0.3337 -0.3286 -0.2636 -0.1109 -0.0276 0.0108 0.0476 0.1255 0.0731 -0.2291 -0.3337 -0.3285 -0.2630 -0.1102 -0.0273 0.0110 0.0479 0.1270 0.0671 -0.2377 -0.3284 -0.2377 0.0671 0.1270 0.0479 0.0110 -0.0273 -0.1102 -0.2630 -0.3285 -0.3337 -0.2291 0.0731 0.1255 0.0476 0.0108 -0.0276 -0.1109 -0.2636 -0.3286 -0.3337 -0.2274 0.0748 0.1248 0.0474 0.0107 -0.0278 -0.1116 -0.2641 -0.3288 -0.3336 -0.2257 0.0764 0.1240 0.0472 0.0105 -0.0280 -0.1123 -0.2647 -0.3289 -0.3335 -0.2237 0.0786 0.1230 0.0468 0.0102 -0.0286 -0.1147 -0.2671 -0.3296 -0.2016
-0.2165 -0.2691 -0.1151 -0.0286 0.0103 0.0471 0.1244 0.0750 -0.2274 -0.3337 -0.3286 -0.2634 -0.1106 -0.0275 0.0108 0.0477 0.1258 0.0725 -0.2297 -0.3337 -0.3285 -0.2628 -0.1099 -0.0272 0.0110 0.0480 0.1266 0.0708 -0.2315 -0.3338 -0.3283 -0.2622 -0.1092 -0.0270 0.0111 0.0482 0.1274 0.0691 -0.2332 -0.3338 -0.3282 -0.2617 -0.1085 -0.0268 0.0113 0.0485 0.1282 0.0675 -0.2376 -0.3355 -0.3400 -0.3355 -0.2376 0.0675 0.1282 0.0485 0.0113 -0.0268 -0.1085 -0.2617 -0.3282 -0.3338 -0.2332 0.0691 0.1274 0.0482 0.0111 -0.0270 -0.1092 -0.2622 -0.3283 -0.3338 -0.2315 0.0708 0.1266 0.0480 0.0110 -0.0272 -0.1099 -0.2628 -0.3285 -0.3337 -0.2297 0.0725 0.1258 0.0477 0.0108 -0.0275 -0.1106 -0.2634 -0.3286 -0.3337 -0.2274 0.0750 0.1244 0.0471 0.0103 -0.0286 -0.1151 -0.2691 -0.2165
-0.1895 -0.1194 -0.0291 0.0102 0.0471 0.1249 0.0728 -0.2306 -0.3338 -0.3283 -0.2622 -0.1090 -0.0269 0.0112 0.0483 0.1277 0.0686 -0.2338 -0.3339 -0.3282 -0.2615 -0.1082 -0.0267 0.0113 0.0485 0.1285 0.0668 -0.2356 -0.3339 -0.3280 -0.2609 -0.1075 -0.0264 0.0115 0.0488 0.1293 0.0651 -0.2374 -0.3340 -0.3279 -0.2603 -0.1068 -0.0262 0.0116 0.0490 0.1301 0.0635 -0.2392 -0.3337 -0.3290 -0.3093 -0.3290 -0.3337 -0.2392 0.0635 0.1301 0.0490 0.0116 -0.0262 -0.1068 -0.2603 -0.3279 -0.3340 -0.2374 0.0651 0.1293 0.0488 0.0115 -0.0264 -0.1075 -0.2609 -0.3280 -0.3339 -0.2356 0.0668 0.1285 0.0485 0.0113 -0.0267 -0.1082 -0.2615 -0.3282 -0.3339 -0.2338 0.0686 0.1277 0.0483 0.0112 -0.0269 -0.1090 -0.2622 -0.3283 -0.3338 -0.2306 0.0728 0.1249 0.0471 0.0102 -0.0291 -0.1194 -0.1895
-0.1056 -0.0293 0.0095 0.0468 0.1244 0.0728 -0.2317 -0.3339 -0.3281 -0.2611 -0.1075 -0.0264 0.0115 0.0489 0.1296 0.0645 -0.2380 -0.3340 -0.3278 -0.2601 -0.1066 -0.0261 0.0117 0.0491 0.1304 0.0628 -0.2398 -0.3340 -0.3277 -0.2596 -0.1059 -0.0259 0.0118 0.0494 0.1313 0.0611 -0.2417 -0.3341 -0.3275 -0.2590 -0.1052 -0.0256 0.0120 0.0496 0.1321 0.0593 -0.2435 -0.3341 -0.3249 -0.2565 -0.1812 -0.2565 -0.3249 -0.3341 -0.2435 0.0593 0.1321 0.0496 0.0120 -0.0256 -0.1052 -0.2590 -0.3275 -0.3341 -0.2417 0.0611 0.1313 0.0494 0.0118 -0.0259 -0.1059 -0.2596 -0.3277 -0.3340 -0.2398 0.0628 0.1304 0.0491 0.0117 -0.0261 -0.1066 -0.2601 -0.3278 -0.3340 -0.2380 0.0645 0.1296 0.0489 0.0115 -0.0264 -0.1075 -0.2611 -0.3281 -0.3339 -0.2317 0.0728 0.1244 0.0468 0.0095 -0.0293 -0.1056
-0.0465 0.0130 0.0463 0.1230 0.0750 -0.2306 -0.3339 -0.3280 -0.2604 -0.1065 -0.0260 0.0118 0.0494 0.1316 0.0605 -0.2423 -0.3341 -0.3275 -0.2588 -0.1049 -0.0255 0.0120 0.0497 0.1324 0.0587 -0.2441 -0.3342 -0.3273 -0.2582 -0.1042 -0.0253 0.0122 0.0499 0.1333 0.0570 -0.2460 -0.3342 -0.3272 -0.2576 -0.1036 -0.0251 0.0123 0.0502 0.1342 0.0552 -0.2479 -0.3343 -0.3270 -0.2509 -0.0960 -0.0402 -0.0960 -0.2509 -0.3270 -0.3343 -0.2479 0.0552 0.1342 0.0502 0.0123 -0.0251 -0.1036 -0.2576 -0.3272 -0.3342 -0.2460 0.0570 0.1333 0.0499 0.0122 -0.0253 -0.1042 -0.2582 -0.3273 -0.3342 -0.2441 0.0587 0.1324 0.0497 0.0120 -0.0255 -0.1049 -0.2588 -0.3275 -0.3341 -0.2423 0.0605 0.1316 0.0494 0.0118 -0.0260 -0.1065 -0.2604 -0.3280 -0.3339 -0.2306 0.0750 0.1230 0.0463 0.0130 -0.0465
-0.0096 0.0468 0.1213 0.0786 -0.2274 -0.3338 -0.3281 -0.2604 -0.1060 -0.0257 0.0121 0.0499 0.1333 0.0567 -0.2466 -0.3342 -0.3271 -0.2574 -0.1033 -0.0250 0.0124 0.0503 0.1345 0.0546 -0.2485 -0.3343 -0.3270 -0.2568 -0.1026 -0.0248 0.0125 0.0505 0.1354 0.0529 -0.2504 -0.3343 -0.3268 -0.2562 -0.1020 -0.0245 0.0127 0.0508 0.1364 0.0511 -0.2524 -0.3344 -0.3268 -0.2557 -0.0975 -0.0186 0.0070 -0.0186 -0.0975 -0.2557 -0.3268 -0.3344 -0.2524 0.0511 0.1364 0.0508 0.0127 -0.0245 -0.1020 -0.2562 -0.3268 -0.3343 -0.2504 0.0529 0.1354 0.0505 0.0125 -0.0248 -0.1026 -0.2568 -0.3270 -0.3343 -0.2485 0.0546 0.1345 0.0503 0.0124 -0.0250 -0.1033 -0.2574 -0.3271 -0.3342 -0.2466 0.0567 0.1333 0.0499 0.0121 -0.0257 -0.1060 -0.2604 -0.3281 -0.3338 -0.2274 0.0786 0.1213 0.0468 -0.0096
0.0291 0.1198 0.0821 -0.2237 -0.3337 -0.3283 -0.2611 -0.1065 -0.0257 0.0121 0.0501 0.1347 0.0535 -0.2504 -0.3343 -0.3268 -0.2560 -0.1017 -0.0244 0.0127 0.0509 0.1367 0.0505 -0.2530 -0.3344 -0.3266 -0.2554 -0.1010 -0.0242 0.0129 0.0511 0.1376 0.0487 -0.2550 -0.3344 -0.3265 -0.2548 -0.1004 -0.0240 0.0130 0.0514 0.1386 0.0469 -0.2569 -0.3345 -0.3263 -0.2543 -0.0999 -0.0237 0.0167 0.0413 0.0167 -0.0237 -0.0999 -0.2543 -0.3263 -0.3345 -0.2569 0.0469 0.1386 0.0514 0.0130 -0.0240 -0.1004 -0.2548 -0.3265 -0.3344 -0.2550 0.0487 0.1376 0.0511 0.0129 -0.0242 -0.1010 -0.2554 -0.3266 -0.3344 -0.2530 0.0505 0.1367 0.0509 0.0127 -0.0244 -0.1017 -0.2560 -0.3268 -0.3343 -0.2504 0.0535 0.1347 0.0501 0.0121 -0.0257 -0.1065 -0.2611 -0.3283 -0.3337 -0.2237 0.0821 0.1198 0.0291
0.0982 0.0857 -0.2200 -0.3335 -0.3286 -0.2622 -0.1075 -0.0260 0.0121 0.0501 0.1353 0.0514 -0.2533 -0.3344 -0.3265 -0.2547 -0.1001 -0.0239 0.0131 0.0514 0.1389 0.0464 -0.2576 -0.3345 -0.3263 -0.2540 -0.0995 -0.0236 0.0132 0.0517 0.1399 0.0446 -0.2596 -0.3346 -0.3261 -0.2533 -0.0988 -0.0234 0.0134 0.0520 0.1409 0.0428 -0.2616 -0.3346 -0.3260 -0.2527 -0.0982 -0.0233 0.0136 0.0552 0.0933 0.0552 0.0136 -0.0233 -0.0982 -0.2527 -0.3260 -0.3346 -0.2616 0.0428 0.1409 0.0520 0.0134 -0.0234 -0.0988 -0.2533 -0.3261 -0.3346 -0.2596 0.0446 0.1399 0.0517 0.0132 -0.0236 -0.0995 -0.2540 -0.3263 -0.3345 -0.2576 0.0464 0.1389 0.0514 0.0131 -0.0239 -0.1001 -0.2547 -0.3265 -0.3344 -0.2533 0.0514 0.1353 0.0501 0.0121 -0.0260 -0.1075 -0.2622 -0.3286 -0.3335 -0.2200 0.0857 0.0982
0.0635 -0.2161 -0.3334 -0.3289 -0.2634 -0.1090 -0.0264 0.0118 0.0499 0.1347 0.0514 -0.2546 -0.3345 -0.3262 -0.2535 -0.0988 -0.0234 0.0134 0.0520 0.1412 0.0422 -0.2623 -0.3346 -0.3259 -0.2525 -0.0979 -0.0231 0.0136 0.0523 0.1422 0.0404 -0.2643 -0.3347 -0.3257 -0.2519 -0.0973 -0.0229 0.0137 0.0525 0.1433 0.0386 -0.2664 -0.3347 -0.3256 -0.2513 -0.0966 -0.0226 0.0138 0.0531 0.1290 0.1297 0.1290 0.0531 0.0138 -0.0226 -0.0966 -0.2513 -0.3256 -0.3347 -0.2664 0.0386 0.1433 0.0525 0.0137 -0.0229 -0.0973 -0.2519 -0.3257 -0.3347 -0.2643 0.0404 0.1422 0.0523 0.0136 -0.0231 -0.0979 -0.2525 -0.3259 -0.3346 -0.2623 0.0422 0.1412 0.0520 0.0134 -0.0234 -0.0988 -0.2535 -0.3262 -0.3345 -0.2546 0.0514 0.1347 0.0499 0.0118 -0.0264 -0.1090 -0.2634 -0.3289 -0.3334 -0.2161 0.0635
-0.1360 -0.3331 -0.3292 -0.2647 -0.1106 -0.0269 0.0115 0.0494 0.1333 0.0535 -0.2533 -0.3345 -0.3261 -0.2528 -0.0978 -0.0229 0.0137 0.0526 0.1436 0.0380 -0.2671 -0.3347 -0.3255 -0.2511 -0.0964 -0.0226 0.0139 0.0529 0.1447 0.0362 -0.2692 -0.3348 -0.3254 -0.2504 -0.0957 -0.0223 0.0141 0.0531 0.1457 0.0344 -0.2713 -0.3348 -0.3252 -0.2498 -0.0951 -0.0221 0.0142 0.0534 0.1497 0.0255 -0.1924 0.0255 0.1497 0.0534 0.0142 -0.0221 -0.0951 -0.2498 -0.3252 -0.3348 -0.2713 0.0344 0.1457 0.0531 0.0141 -0.0223 -0.0957 -0.2504 -0.3254 -0.3348 -0.2692 0.0362 0.1447 0.0529 0.0139 -0.0226 -0.0964 -0.2511 -0.3255 -0.3347 -0.2671 0.0380 0.1436 0.0526 0.0137 -0.0229 -0.0978 -0.2528 -0.3261 -0.3345 -0.2533 0.0535 0.1333 0.0494 0.0115 -0.0269 -0.1106 -0.2647 -0.3292 -0.3331 -0.1360
-0.2018 -0.3294 -0.2659 -0.1123 -0.0275 0.0112 0.0489 0.1316 0.0567 -0.2504 -0.3344 -0.3262 -0.2528 -0.0974 -0.0227 0.0139 0.0531 0.1457 0.0341 -0.2720 -0.3348 -0.3251 -0.2496 -0.0949 -0.0220 0.0143 0.0535 0.1472 0.0320 -0.2741 -0.3349 -0.3250 -0.2489 -0.0942 -0.0218 0.0144 0.0537 0.1483 0.0302 -0.2763 -0.3349 -0.3248 -0.2483 -0.0936 -0.0216 0.0145 0.0540 0.1505 0.0242 -0.2865 -0.3309 -0.2865 0.0242 0.1505 0.0540 0.0145 -0.0216 -0.0936 -0.2483 -0.3248 -0.3349 -0.2763 0.0302 0.1483 0.0537 0.0144 -0.0218 -0.0942 -0.2489 -0.3250 -0.3349 -0.2741 0.0320 0.1472 0.0535 0.0143 -0.0220 -0.0949 -0.2496 -0.3251 -0.3348 -0.2720 0.0341 0.1457 0.0531 0.0139 -0.0227 -0.0974 -0.2528 -0.3262 -0.3344 -0.2504 0.0567 0.1316 0.0489 0.0112 -0.0275 -0.1123 -0.2659 -0.3294 -0.2018
-0.2165 -0.2684 -0.1138 -0.0280 0.0108 0.0483 0.1296 0.0605 -0.2466 -0.3343 -0.3265 -0.2535 -0.0978 -0.0227 0.0140 0.0534 0.1474 0.0308 -0.2763 -0.3349 -0.3247 -0.2481 -0.0934 -0.0215 0.0146 0.0541 0.1498 0.0279 -0.2792 -0.3350 -0.3246 -0.2475 -0.0927 -0.0212 0.0147 0.0543 0.1509 0.0261 -0.2814 -0.3350 -0.3244 -0.2468 -0.0921 -0.0210 0.0149 0.0546 0.1521 0.0244 -0.2867 -0.3367 -0.3393 -0.3367 -0.2867 0.0244 0.1521 0.0546 0.0149 -0.0210 -0.0921 -0.2468 -0.3244 -0.3350 -0.2814 0.0261 0.1509 0.0543 0.0147 -0.0212 -0.0927 -0.2475 -0.3246 -0.3350 -0.2792 0.0279 0.1498 0.0541 0.0146 -0.0215 -0.0934 -0.2481 -0.3247 -0.3349 -0.2763 0.0308 0.1474 0.0534 0.0140 -0.0227 -0.0978 -0.2535 -0.3265 -0.3343 -0.2466 0.0605 0.1296 0.0483 0.0108 -0.0280 -0.1138 -0.2684 -0.2165
-0.1891 -0.1185 -0.0287 0.0105 0.0477 0.1277 0.0645 -0.2423 -0.3342 -0.3268 -0.2547 -0.0988 -0.0229 0.0139 0.0534 0.1481 0.0288 -0.2795 -0.3350 -0.3244 -0.2467 -0.0919 -0.0209 0.0149 0.0547 0.1525 0.0237 -0.2844 -0.3351 -0.3241 -0.2459 -0.0913 -0.0207 0.0151 0.0550 0.1537 0.0219 -0.2866 -0.3351 -0.3240 -0.2453 -0.0907 -0.0205 0.0152 0.0552 0.1549 0.0202 -0.2888 -0.3346 -0.3249 -0.3004 -0.3249 -0.3346 -0.2888 0.0202 0.1549 0.0552 0.0152 -0.0205 -0.0907 -0.2453 -0.3240 -0.3351 -0.2866 0.0219 0.1537 0.0550 0.0151 -0.0207 -0.0913 -0.2459 -0.3241 -0.3351 -0.2844 0.0237 0.1525 0.0547 0.0149 -0.0209 -0.0919 -0.2467 -0.3244 -0.3350 -0.2795 0.0288 0.1481 0.0534 0.0139 -0.0229 -0.0988 -0.2547 -0.3268 -0.3342 -0.2423 0.0645 0.1277 0.0477 0.0105 -0.0287 -0.1185 -0.1891
-0.1052 -0.0290 0.0097 0.0472 0.1258 0.0686 -0.2380 -0.3341 -0.3271 -0.2560 -0.1001 -0.0234 0.0137 0.0531 0.1474 0.0288 -0.2810 -0.3350 -0.3241 -0.2455 -0.0907 -0.0205 0.0153 0.0553 0.1553 0.0195 -0.2897 -0.3351 -0.3237 -0.2444 -0.0898 -0.0202 0.0154 0.0556 0.1566 0.0178 -0.2920 -0.3352 -0.3235 -0.2438 -0.0892 -0.0200 0.0156 0.0558 0.1579 0.0160 -0.2943 -0.3352 -0.3205 -0.2405 -0.1589 -0.2405 -0.3205 -0.3352 -0.2943 0.0160 0.1579 0.0558 0.0156 -0.0200 -0.0892 -0.2438 -0.3235 -0.3352 -0.2920 0.0178 0.1566 0.0556 0.0154 -0.0202 -0.0898 -0.2444 -0.3237 -0.3351 -0.2897 0.0195 0.1553 0.0553 0.0153 -0.0205 -0.0907 -0.2455 -0.3241 -0.3350 -0.2810 0.0288 0.1474 0.0531 0.0137 -0.0234 -0.1001 -0.2560 -0.3271 -0.3341 -0.2380 0.0686 0.1258 0.0472 0.0097 -0.0290 -0.1052
-0.0463 0.0132 0.0466 0.1240 0.0725 -0.2338 -0.3340 -0.3275 -0.2574 -0.1017 -0.0239 0.0134 0.0526 0.1457 0.0308 -0.2795 -0.3350 -0.3240 -0.2447 -0.0897 -0.0200 0.0156 0.0559 0.1583 0.0154 -0.2951 -0.3352 -0.3233 -0.2429 -0.0884 -0.0197 0.0158 0.0562 0.1596 0.0136 -0.2975 -0.3353 -0.3231 -0.2422 -0.0878 -0.0194 0.0159 0.0564 0.1609 0.0119 -0.2999 -0.3353 -0.3229 -0.2351 -0.0805 -0.0314 -0.0805 -0.2351 -0.3229 -0.3353 -0.2999 0.0119 0.1609 0.0564 0.0159 -0.0194 -0.0878 -0.2422 -0.3231 -0.3353 -0.2975 0.0136 0.1596 0.0562 0.0158 -0.0197 -0.0884 -0.2429 -0.3233 -0.3352 -0.2951 0.0154 0.1583 0.0559 0.0156 -0.0200 -0.0897 -0.2447 -0.3240 -0.3350 -0.2795 0.0308 0.1457 0.0526 0.0134 -0.0239 -0.1017 -0.2574 -0.3275 -0.3340 -0.2338 0.0725 0.1240 0.0466 0.0132 -0.0463
-0.0094 0.0471 0.1222 0.0764 -0.2297 -0.3339 -0.3278 -0.2588 -0.1033 -0.0244 0.0131 0.0520 0.1436 0.0341 -0.2763 -0.3350 -0.3241 -0.2447 -0.0893 -0.0198 0.0158 0.0564 0.1609 0.0116 -0.3007 -0.3353 -0.3229 -0.2413 -0.0870 -0.0191 0.0161 0.0568 0.1627 0.0095 -0.3031 -0.3353 -0.3227 -0.2406 -0.0864 -0.0189 0.0163 0.0571 0.1641 0.0078 -0.3056 -0.3354 -0.3226 -0.2401 -0.0830 -0.0134 0.0104 -0.0134 -0.0830 -0.2401 -0.3226 -0.3354 -0.3056 0.0078 0.1641 0.0571 0.0163 -0.0189 -0.0864 -0.2406 -0.3227 -0.3353 -0.3031 0.0095 0.1627 0.0568 0.0161 -0.0191 -0.0870 -0.2413 -0.3229 -0.3353 -0.3007 0.0116 0.1609 0.0564 0.0158 -0.0198 -0.0893 -0.2447 -0.3241 -0.3350 -0.2763 0.0341 0.1436 0.0520 0.0131 -0.0244 -0.1033 -0.2588 -0.3278 -0.3339 -0.2297 0.0764 0.1222 0.0471 -0.0094
0.0293 0.1205 0.0802 -0.2257 -0.3337 -0.3282 -0.2601 -0.1049 -0.0250 0.0127 0.0514 0.1412 0.0380 -0.2720 -0.3349 -0.3244 -0.2455 -0.0897 -0.0198 0.0159 0.0567 0.1629 0.0084 -0.3056 -0.3354 -0.3224 -0.2397 -0.0856 -0.0186 0.0165 0.0574 0.1660 0.0055 -0.3089 -0.3354 -0.3222 -0.2391 -0.0850 -0.0184 0.0166 0.0577 0.1670 0.0037 -0.3114 -0.3354 -0.3220 -0.2386 -0.0847 -0.0181 0.0201 0.0466 0.0201 -0.0181 -0.0847 -0.2386 -0.3220 -0.3354 -0.3114 0.0037 0.1670 0.0577 0.0166 -0.0184 -0.0850 -0.2391 -0.3222 -0.3354 -0.3089 0.0055 0.1660 0.0574 0.0165 -0.0186 -0.0856 -0.2397 -0.3224 -0.3354 -0.3056 0.0084 0.1629 0.0567 0.0159 -0.0198 -0.0897 -0.2455 -0.3244 -0.3349 -0.2720 0.0380 0.1412 0.0514 0.0127 -0.0250 -0.1049 -0.2601 -0.3282 -0.3337 -0.2257 0.0802 0.1205 0.0293
0.0988 0.0841 -0.2217 -0.3336 -0.3285 -0.2615 -0.1066 -0.0255 0.0124 0.0509 0.1389 0.0422 -0.2671 -0.3348 -0.3247 -0.2467 -0.0907 -0.0200 0.0158 0.0567 0.1639 0.0063 -0.3093 -0.3354 -0.3220 -0.2383 -0.0843 -0.0181 0.0168 0.0581 0.1681 0.0014 -0.3148 -0.3355 -0.3218 -0.2375 -0.0837 -0.0179 0.0170 0.0583 0.1684 -0.0003 -0.3166 -0.3355 -0.3216 -0.2368 -0.0832 -0.0178 0.0172 0.0613 0.1019 0.0613 0.0172 -0.0178 -0.0832 -0.2368 -0.3216 -0.3355 -0.3166 -0.0003 0.1684 0.0583 0.0170 -0.0179 -0.0837 -0.2375 -0.3218 -0.3355 -0.3148 0.0014 0.1681 0.0581 0.0168 -0.0181 -0.0843 -0.2383 -0.3220 -0.3354 -0.3093 0.0063 0.1639 0.0567 0.0158 -0.0200 -0.0907 -0.2467 -0.3247 -0.3348 -0.2671 0.0422 0.1389 0.0509 0.0124 -0.0255 -0.1066 -0.2615 -0.3285 -0.3336 -0.2217 0.0841 0.0988
0.0623 -0.2177 -0.3335 -0.3288 -0.2628 -0.1082 -0.0261 0.0120 0.0503 0.1367 0.0464 -0.2623 -0.3347 -0.3251 -0.2481 -0.0919 -0.0205 0.0156 0.0564 0.1629 0.0063 -0.3110 -0.3355 -0.3217 -0.2370 -0.0831 -0.0176 0.0172 0.0587 0.1686 -0.0026 -0.3184 -0.3356 -0.3213 -0.2359 -0.0823 -0.0174 0.0173 0.0590 0.1687 -0.0043 -0.3189 -0.3356 -0.3211 -0.2352 -0.0818 -0.0172 0.0174 0.0595 0.1426 0.1113 0.1426 0.0595 0.0174 -0.0172 -0.0818 -0.2352 -0.3211 -0.3356 -0.3189 -0.0043 0.1687 0.0590 0.0173 -0.0174 -0.0823 -0.2359 -0.3213 -0.3356 -0.3184 -0.0026 0.1686 0.0587 0.0172 -0.0176 -0.0831 -0.2370 -0.3217 -0.3355 -0.3110 0.0063 0.1629 0.0564 0.0156 -0.0205 -0.0919 -0.2481 -0.3251 -0.3347 -0.2623 0.0464 0.1367 0.0503 0.0120 -0.0261 -0.1082 -0.2628 -0.3288 -0.3335 -0.2177 0.0623
-0.1368 -0.3332 -0.3291 -0.2641 -0.1099 -0.0267 0.0117 0.0497 0.1345 0.0505 -0.2576 -0.3346 -0.3255 -0.2496 -0.0934 -0.0209 0.0153 0.0559 0.1609 0.0084 -0.3093 -0.3355 -0.3216 -0.2362 -0.0823 -0.0172 0.0174 0.0593 0.1689 -0.0066 -0.3191 -0.3356 -0.3208 -0.2342 -0.0810 -0.0169 0.0176 0.0596 0.1691 -0.0083 -0.3192 -0.3356 -0.3206 -0.2335 -0.0805 -0.0166 0.0178 0.0599 0.1689 -0.0165 -0.2361 -0.0165 0.1689 0.0599 0.0178 -0.0166 -0.0805 -0.2335 -0.3206 -0.3356 -0.3192 -0.0083 0.1691 0.0596 0.0176 -0.0169 -0.0810 -0.2342 -0.3208 -0.3356 -0.3191 -0.0066 0.1689 0.0593 0.0174 -0.0172 -0.0822 -0.2362 -0.3216 -0.3355 -0.3093 0.0084 0.1609 0.0559 0.0153 -0.0209 -0.0934 -0.2496 -0.3255 -0.3346 -0.2576 0.0505 0.1345 0.0497 0.0117 -0.0267 -0.1099 -0.2641 -0.3291 -0.3332 -0.1368
-0.2019 -0.3293 -0.2652 -0.1116 -0.0272 0.0113 0.0491 0.1324 0.0546 -0.2530 -0.3345 -0.3259 -0.2511 -0.0949 -0.0215 0.0149 0.0553 0.1583 0.0116 -0.3056 -0.3354 -0.3217 -0.2362 -0.0819 -0.0170 0.0177 0.0598 0.1692 -0.0103 -0.3194 -0.3357 -0.3203 -0.2326 -0.0797 -0.0164 0.0180 0.0602 0.1693 -0.0122 -0.3195 -0.3357 -0.3201 -0.2319 -0.0792 -0.0161 0.0181 0.0605 0.1695 -0.0176 -0.3212 -0.3332 -0.3212 -0.0176 0.1695 0.0605 0.0181 -0.0161 -0.0792 -0.2319 -0.3201 -0.3357 -0.3195 -0.0122 0.1693 0.0602 0.0180 -0.0164 -0.0797 -0.2326 -0.3203 -0.3357 -0.3194 -0.0103 0.1692 0.0597 0.0176 -0.0170 -0.0819 -0.2362 -0.3217 -0.3354 -0.3056 0.0116 0.1583 0.0553 0.0149 -0.0215 -0.0949 -0.2511 -0.3259 -0.3345 -0.2530 0.0546 0.1324 0.0491 0.0113 -0.0272 -0.1116 -0.2652 -0.3293 -0.2019
-0.2165 -0.2677 -0.1131 -0.0278 0.0110 0.0485 0.1304 0.0587 -0.2485 -0.3344 -0.3263 -0.2525 -0.0964 -0.0220 0.0146 0.0547 0.1553 0.0154 -0.3007 -0.3354 -0.3220 -0.2370 -0.0823 -0.0170 0.0178 0.0601 0.1694 -0.0133 -0.3196 -0.3357 -0.3198 -0.2309 -0.0785 -0.0159 0.0183 0.0609 0.1696 -0.0161 -0.3198 -0.3358 -0.3196 -0.2302 -0.0779 -0.0156 0.0185 0.0612 0.1697 -0.0177 -0.3204 -0.3374 -0.3380 -0.3374 -0.3204 -0.0177 0.1697 0.0612 0.0185 -0.0156 -0.0779 -0.2302 -0.3196 -0.3358 -0.3198 -0.0161 0.1696 0.0609 0.0183 -0.0159 -0.0785 -0.2309 -0.3198 -0.3357 -0.3196 -0.0130 0.1693 0.0600 0.0177 -0.0170 -0.0822 -0.2370 -0.3220 -0.3354 -0.3007 0.0154 0.1553 0.0547 0.0146 -0.0220 -0.0964 -0.2525 -0.3263 -0.3344 -0.2485 0.0587 0.1304 0.0485 0.0110 -0.0278 -0.1131 -0.2677 -0.2165
-0.1888 -0.1178 -0.0285 0.0107 0.0480 0.1285 0.0628 -0.2441 -0.3343 -0.3266 -0.2540 -0.0979 -0.0226 0.0143 0.0541 0.1525 0.0195 -0.2951 -0.3353 -0.3224 -0.2383 -0.0831 -0.0172 0.0177 0.0601 0.1694 -0.0150 -0.3198 -0.3358 -0.3194 -0.2294 -0.0772 -0.0154 0.0187 0.0615 0.1698 -0.0199 -0.3201 -0.3358 -0.3191 -0.2286 -0.0767 -0.0151 0.0188 0.0618 0.1699 -0.0215 -0.3201 -0.3351 -0.3198 -0.2899 -0.3198 -0.3351 -0.3201 -0.0215 0.1699 0.0618 0.0188 -0.0151 -0.0767 -0.2286 -0.3191 -0.3358 -0.3201 -0.0199 0.1698 0.0615 0.0187 -0.0154 -0.0772 -0.2294 -0.3194 -0.3358 -0.3198 -0.0147 0.1694 0.0600 0.0176 -0.0172 -0.0831 -0.2383 -0.3224 -0.3353 -0.2951 0.0195 0.1525 0.0541 0.0143 -0.0226 -0.0979 -0.2540 -0.3266 -0.3343 -0.2441 0.0628 0.1285 0.0480 0.0107 -0.0285 -0.1178 -0.1888
-0.1047 -0.0288 0.0099 0.0474 0.1266 0.0668 -0.2398 -0.3342 -0.3270 -0.2554 -0.0995 -0.0231 0.0139 0.0535 0.1498 0.0237 -0.2897 -0.3352 -0.3229 -0.2397 -0.0843 -0.0176 0.0174 0.0598 0.1693 -0.0147 -0.3198 -0.3358 -0.3191 -0.2282 -0.0762 -0.0149 0.0190 0.0622 0.1700 -0.0237 -0.3203 -0.3358 -0.3186 -0.2269 -0.0755 -0.0146 0.0192 0.0625 0.1701 -0.0254 -0.3205 -0.3358 -0.3151 -0.2227 -0.1368 -0.2227 -0.3151 -0.3358 -0.3205 -0.0254 0.1701 0.0625 0.0192 -0.0146 -0.0755 -0.2269 -0.3186 -0.3358 -0.3203 -0.0237 0.1700 0.0622 0.0190 -0.0149 -0.0762 -0.2282 -0.3191 -0.3358 -0.3198 -0.0147 0.1693 0.0597 0.0174 -0.0176 -0.0843 -0.2397 -0.3229 -0.3352 -0.2897 0.0237 0.1498 0.0535 0.0139 -0.0231 -0.0995 -0.2554 -0.3270 -0.3342 -0.2398 0.0668 0.1266 0.0474 0.0099 -0.0288 -0.1047
-0.0461 0.0134 0.0468 0.1248 0.0708 -0.2356 -0.3340 -0.3273 -0.2568 -0.1010 -0.0236 0.0136 0.0529 0.1472 0.0279 -0.2844 -0.3351 -0.3233 -0.2413 -0.0856 -0.0181 0.0172 0.0593 0.1692 -0.0130 -0.3198 -0.3358 -0.3190 -0.2275 -0.0755 -0.0145 0.0193 0.0628 0.1702 -0.0275 -0.3206 -0.3359 -0.3181 -0.2252 -0.0743 -0.0142 0.0195 0.0631 0.1703 -0.0291 -0.3207 -0.3359 -0.3178 -0.2177 -0.0673 -0.0238 -0.0673 -0.2177 -0.3178 -0.3359 -0.3207 -0.0291 0.1703 0.0631 0.0195 -0.0142 -0.0743 -0.2252 -0.3181 -0.3359 -0.3206 -0.0275 0.1702 0.0628 0.0193 -0.0145 -0.0755 -0.2275 -0.3190 -0.3358 -0.3198 -0.0130 0.1692 0.0593 0.0172 -0.0181 -0.0856 -0.2413 -0.3233 -0.3351 -0.2844 0.0279 0.1472 0.0529 0.0136 -0.0236 -0.1010 -0.2568 -0.3273 -0.3340 -0.2356 0.0708 0.1248 0.0468 0.0134 -0.0461
-0.0093 0.0473 0.1230 0.0748 -0.2315 -0.3339 -0.3277 -0.2582 -0.1026 -0.0242 0.0132 0.0523 0.1447 0.0320 -0.2792 -0.3351 -0.3237 -0.2429 -0.0870 -0.0186 0.0168 0.0587 0.1689 -0.0103 -0.3196 -0.3358 -0.3191 -0.2275 -0.0752 -0.0143 0.0195 0.0633 0.1704 -0.0309 -0.3209 -0.3359 -0.3175 -0.2234 -0.0731 -0.0137 0.0199 0.0638 0.1704 -0.0328 -0.3210 -0.3359 -0.3174 -0.2228 -0.0707 -0.0084 0.0137 -0.0084 -0.0707 -0.2228 -0.3174 -0.3359 -0.3210 -0.0328 0.1704 0.0638 0.0199 -0.0137 -0.0731 -0.2234 -0.3175 -0.3359 -0.3209 -0.0309 0.1704 0.0633 0.0195 -0.0143 -0.0752 -0.2275 -0.3191 -0.3358 -0.3196 -0.0103 0.1689 0.0587 0.0168 -0.0186 -0.0870 -0.2429 -0.3237 -0.3351 -0.2792 0.0320 0.1447 0.0523 0.0132 -0.0242 -0.1026 -0.2582 -0.3277 -0.3339 -0.2315 0.0748 0.1230 0.0473 -0.0093
0.0295 0.1212 0.0786 -0.2274 -0.3338 -0.3280 -0.2596 -0.1042 -0.0248 0.0129 0.0517 0.1422 0.0362 -0.2741 -0.3350 -0.3241 -0.2444 -0.0884 -0.0191 0.0165 0.0581 0.1686 -0.0066 -0.3194 -0.3357 -0.3194 -0.2282 -0.0755 -0.0143 0.0196 0.0636 0.1704 -0.0336 -0.3211 -0.3360 -0.3170 -0.2217 -0.0719 -0.0132 0.0202 0.0645 0.1705 -0.0364 -0.3213 -0.3360 -0.3167 -0.2211 -0.0717 -0.0129 0.0237 0.0521 0.0237 -0.0129 -0.0717 -0.2211 -0.3167 -0.3360 -0.3213 -0.0364 0.1705 0.0645 0.0202 -0.0132 -0.0719 -0.2217 -0.3170 -0.3360 -0.3211 -0.0336 0.1704 0.0636 0.0196 -0.0143 -0.0755 -0.2282 -0.3194 -0.3357 -0.3194 -0.0066 0.1686 0.0581 0.0165 -0.0191 -0.0884 -0.2444 -0.3241 -0.3350 -0.2741 0.0362 0.1422 0.0517 0.0129 -0.0248 -0.1042 -0.2596 -0.3280 -0.3338 -0.2274 0.0786 0.1212 0.0295
0.0994 0.0825 -0.2234 -0.3337 -0.3283 -0.2609 -0.1059 -0.0253 0.0125 0.0511 0.1399 0.0404 -0.2692 -0.3349 -0.3246 -0.2459 -0.0898 -0.0197 0.0161 0.0574 0.1681 -0.0026 -0.3191 -0.3357 -0.3198 -0.2294 -0.0762 -0.0145 0.0195 0.0636 0.1705 -0.0351 -0.3213 -0.3360 -0.3165 -0.2201 -0.0708 -0.0127 0.0206 0.0652 0.1706 -0.0401 -0.3216 -0.3360 -0.3162 -0.2192 -0.0703 -0.0126 0.0208 0.0676 0.1118 0.0676 0.0208 -0.0126 -0.0703 -0.2192 -0.3162 -0.3360 -0.3216 -0.0401 0.1706 0.0652 0.0206 -0.0127 -0.0708 -0.2201 -0.3165 -0.3360 -0.3213 -0.0351 0.1705 0.0636 0.0195 -0.0145 -0.0762 -0.2294 -0.3198 -0.3357 -0.3191 -0.0026 0.1681 0.0574 0.0161 -0.0197 -0.0898 -0.2459 -0.3246 -0.3349 -0.2692 0.0404 0.1399 0.0511 0.0125 -0.0253 -0.1059 -0.2609 -0.3283 -0.3337 -0.2234 0.0825 0.0994
0.0611 -0.2194 -0.3335 -0.3286 -0.2622 -0.1075 -0.0259 0.0122 0.0505 0.1376 0.0446 -0.2643 -0.3348 -0.3250 -0.2475 -0.0913 -0.0202 0.0158 0.0568 0.1660 0.0014 -0.3184 -0.3356 -0.3203 -0.2309 -0.0772 -0.0149 0.0193 0.0633 0.1704 -0.0351 -0.3214 -0.3360 -0.3162 -0.2188 -0.0698 -0.0123 0.0209 0.0658 0.1707 -0.0436 -0.3219 -0.3360 -0.3156 -0.2174 -0.0692 -0.0120 0.0210 0.0665 0.1491 0.0830 0.1491 0.0665 0.0210 -0.0120 -0.0692 -0.2174 -0.3156 -0.3360 -0.3219 -0.0436 0.1707 0.0658 0.0209 -0.0123 -0.0698 -0.2188 -0.3162 -0.3360 -0.3214 -0.0351 0.1704 0.0633 0.0193 -0.0149 -0.0772 -0.2309 -0.3203 -0.3356 -0.3184 0.0014 0.1660 0.0568 0.0158 -0.0202 -0.0913 -0.2475 -0.3250 -0.3348 -0.2643 0.0446 0.1376 0.0505 0.0122 -0.0259 -0.1075 -0.2622 -0.3286 -0.3335 -0.2194 0.0611
-0.1376 -0.3332 -0.3289 -0.2636 -0.1092 -0.0264 0.0118 0.0499 0.1354 0.0487 -0.2596 -0.3347 -0.3254 -0.2489 -0.0927 -0.0207 0.0154 0.0562 0.1627 0.0055 -0.3148 -0.3356 -0.3208 -0.2326 -0.0785 -0.0154 0.0190 0.0628 0.1704 -0.0336 -0.3213 -0.3360 -0.3161 -0.2181 -0.0692 -0.0119 0.0213 0.0665 0.1707 -0.0472 -0.3221 -0.3360 -0.3150 -0.2157 -0.0681 -0.0115 0.0215 0.0669 0.1700 -0.0544 -0.2596 -0.0544 0.1700 0.0669 0.0215 -0.0115 -0.0681 -0.2157 -0.3150 -0.3360 -0.3221 -0.0472 0.1707 0.0665 0.0213 -0.0119 -0.0692 -0.2181 -0.3161 -0.3360 -0.3213 -0.0336 0.1704 0.0628 0.0190 -0.0154 -0.0785 -0.2326 -0.3208 -0.3356 -0.3148 0.0055 0.1627 0.0562 0.0154 -0.0207 -0.0927 -0.2489 -0.3254 -0.3347 -0.2596 0.0487 0.1354 0.0499 0.0118 -0.0264 -0.1092 -0.2636 -0.3289 -0.3332 -0.1376
-0.2020 -0.3292 -0.2648 -0.1109 -0.0270 0.0115 0.0494 0.1333 0.0529 -0.2550 -0.3346 -0.3257 -0.2504 -0.0942 -0.0212 0.0151 0.0556 0.1596 0.0095 -0.3089 -0.3355 -0.3213 -0.2342 -0.0797 -0.0159 0.0187 0.0622 0.1702 -0.0309 -0.3211 -0.3360 -0.3162 -0.2181 -0.0689 -0.0117 0.0215 0.0670 0.1707 -0.0504 -0.3224 -0.3361 -0.3144 -0.2139 -0.0670 -0.0111 0.0218 0.0675 0.1707 -0.0553 -0.3241 -0.3353 -0.3241 -0.0553 0.1707 0.0675 0.0218 -0.0111 -0.0670 -0.2139 -0.3144 -0.3361 -0.3224 -0.0504 0.1707 0.0670 0.0215 -0.0117 -0.0689 -0.2181 -0.3162 -0.3360 -0.3211 -0.0309 0.1702 0.0622 0.0187 -0.0159 -0.0797 -0.2342 -0.3213 -0.3355 -0.3089 0.0095 0.1596 0.0556 0.0151 -0.0212 -0.0942 -0.2504 -0.3257 -0.3346 -0.2550 0.0529 0.1333 0.0494 0.0115 -0.0270 -0.1109 -0.2648 -0.3292 -0.2020
-0.2164 -0.2673 -0.1123 -0.0276 0.0111 0.0488 0.1313 0.0570 -0.2504 -0.3344 -0.3261 -0.2519 -0.0957 -0.0218 0.0147 0.0550 0.1566 0.0136 -0.3031 -0.3354 -0.3218 -0.2359 -0.0810 -0.0164 0.0183 0.0615 0.1700 -0.0275 -0.3209 -0.3360 -0.3165 -0.2188 -0.0692 -0.0117 0.0215 0.0673 0.1706 -0.0529 -0.3226 -0.3361 -0.3138 -0.2121 -0.0659 -0.0106 0.0222 0.0682 0.1706 -0.0555 -0.3232 -0.3377 -0.3360 -0.3377 -0.3232 -0.0555 0.1706 0.0682 0.0222 -0.0106 -0.0659 -0.2121 -0.3138 -0.3361 -0.3226 -0.0529 0.1706 0.0673 0.0215 -0.0117 -0.0692 -0.2188 -0.3165 -0.3360 -0.3209 -0.0275 0.1700 0.0615 0.0183 -0.0164 -0.0810 -0.2359 -0.3218 -0.3354 -0.3031 0.0136 0.1566 0.0550 0.0147 -0.0218 -0.0957 -0.2519 -0.3261 -0.3344 -0.2504 0.0570 0.1313 0.0488 0.0111 -0.0276 -0.1123 -0.2673 -0.2164
-0.1885 -0.1170 -0.0282 0.0108 0.0482 0.1293 0.0611 -0.2460 -0.3343 -0.3265 -0.2533 -0.0973 -0.0223 0.0144 0.0543 0.1537 0.0178 -0.2975 -0.3353 -0.3222 -0.2375 -0.0823 -0.0169 0.0180 0.0609 0.1698 -0.0237 -0.3206 -0.3359 -0.3170 -0.2201 -0.0698 -0.0119 0.0215 0.0673 0.1706 -0.0543 -0.3228 -0.3361 -0.3133 -0.2104 -0.0649 -0.0101 0.0225 0.0690 0.1705 -0.0589 -0.3230 -0.3351 -0.3136 -0.2777 -0.3136 -0.3351 -0.3230 -0.0589 0.1705 0.0690 0.0225 -0.0101 -0.0649 -0.2104 -0.3133 -0.3361 -0.3228 -0.0543 0.1706 0.0673 0.0215 -0.0119 -0.0698 -0.2201 -0.3170 -0.3359 -0.3206 -0.0237 0.1698 0.0609 0.0180 -0.0169 -0.0823 -0.2375 -0.3222 -0.3353 -0.2975 0.0178 0.1537 0.0543 0.0144 -0.0223 -0.0973 -0.2533 -0.3265 -0.3343 -0.2460 0.0611 0.1293 0.0482 0.0108 -0.0282 -0.1170 -0.1885
-0.1043 -0.0285 0.0100 0.0476 0.1274 0.0651 -0.2417 -0.3342 -0.3268 -0.2548 -0.0988 -0.0229 0.0141 0.0537 0.1509 0.0219 -0.2920 -0.3353 -0.3227 -0.2391 -0.0837 -0.0174 0.0176 0.0602 0.1696 -0.0199 -0.3203 -0.3359 -0.3175 -0.2217 -0.0708 -0.0123 0.0213 0.0670 0.1706 -0.0543 -0.3228 -0.3361 -0.3129 -0.2091 -0.0640 -0.0097 0.0229 0.0697 0.1703 -0.0623 -0.3233 -0.3360 -0.3086 -0.2033 -0.1158 -0.2033 -0.3086 -0.3360 -0.3233 -0.0623 0.1703 0.0697 0.0229 -0.0097 -0.0640 -0.2091 -0.3129 -0.3361 -0.3228 -0.0543 0.1706 0.0670 0.0213 -0.0123 -0.0708 -0.2217 -0.3175 -0.3359 -0.3203 -0.0199 0.1696 0.0602 0.0176 -0.0174 -0.0837 -0.2391 -0.3227 -0.3353 -0.2920 0.0219 0.1509 0.0537 0.0141 -0.0229 -0.0988 -0.2548 -0.3268 -0.3342 -0.2417 0.0651 0.1274 0.0476 0.0100 -0.0285 -0.1043
-0.0459 0.0135 0.0471 0.1255 0.0691 -0.2374 -0.3341 -0.3272 -0.2562 -0.1004 -0.0234 0.0137 0.0531 0.1483 0.0261 -0.2866 -0.3352 -0.3231 -0.2406 -0.0850 -0.0179 0.0173 0.0596 0.1693 -0.0161 -0.3201 -0.3358 -0.3181 -0.2234 -0.0719 -0.0127 0.0209 0.0665 0.1707 -0.0529 -0.3228 -0.3361 -0.3128 -0.2083 -0.0635 -0.0094 0.0232 0.0704 0.1701 -0.0657 -0.3236 -0.3361 -0.3117 -0.1989 -0.0563 -0.0172 -0.0563 -0.1989 -0.3117 -0.3361 -0.3236 -0.0657 0.1701 0.0704 0.0232 -0.0094 -0.0635 -0.2083 -0.3128 -0.3361 -0.3228 -0.0529 0.1707 0.0665 0.0209 -0.0127 -0.0719 -0.2234 -0.3181 -0.3358 -0.3201 -0.0161 0.1693 0.0596 0.0173 -0.0179 -0.0850 -0.2406 -0.3231 -0.3352 -0.2866 0.0261 0.1483 0.0531 0.0137 -0.0234 -0.1004 -0.2562 -0.3272 -0.3341 -0.2374 0.0691 0.1255 0.0471 0.0135 -0.0459
-0.0091 0.0475 0.1237 0.0731 -0.2332 -0.3340 -0.3275 -0.2576 -0.1020 -0.0240 0.0134 0.0525 0.1457 0.0302 -0.2814 -0.3351 -0.3235 -0.2422 -0.0864 -0.0184 0.0170 0.0590 0.1691 -0.0122 -0.3198 -0.3358 -0.3186 -0.2252 -0.0731 -0.0132 0.0206 0.0658 0.1707 -0.0504 -0.3226 -0.3361 -0.3129 -0.2083 -0.0632 -0.0092 0.0234 0.0709 0.1699 -0.0687 -0.3238 -0.3360 -0.3111 -0.2041 -0.0604 -0.0038 0.0171 -0.0038 -0.0604 -0.2041 -0.3111 -0.3360 -0.3238 -0.0687 0.1699 0.0709 0.0234 -0.0092 -0.0632 -0.2083 -0.3129 -0.3361 -0.3226 -0.0504 0.1707 0.0658 0.0206 -0.0132 -0.0731 -0.2252 -0.3186 -0.3358 -0.3198 -0.0122 0.1691 0.0590 0.0170 -0.0184 -0.0864 -0.2422 -0.3235 -0.3351 -0.2814 0.0302 0.1457 0.0525 0.0134 -0.0240 -0.1020 -0.2576 -0.3275 -0.3340 -0.2332 0.0731 0.1237 0.0475 -0.0091
0.0297 0.1220 0.0770 -0.2291 -0.3338 -0.3279 -0.2590 -0.1036 -0.0245 0.0130 0.0520 0.1433 0.0344 -0.2763 -0.3350 -0.3240 -0.2438 -0.0878 -0.0189 0.0166 0.0583 0.1687 -0.0083 -0.3195 -0.3358 -0.3191 -0.2269 -0.0743 -0.0137 0.0202 0.0652 0.1707 -0.0472 -0.3224 -0.3361 -0.3133 -0.2091 -0.0635 -0.0092 0.0235 0.0712 0.1698 -0.0710 -0.3241 -0.3360 -0.3103 -0.2022 -0.0607 -0.0080 0.0276 0.0578 0.0276 -0.0080 -0.0607 -0.2022 -0.3103 -0.3360 -0.3241 -0.0710 0.1698 0.0712 0.0235 -0.0092 -0.0635 -0.2091 -0.3133 -0.3361 -0.3224 -0.0472 0.1707 0.0652 0.0202 -0.0137 -0.0743 -0.2269 -0.3191 -0.3358 -0.3195 -0.0083 0.1687 0.0583 0.0166 -0.0189 -0.0878 -0.2438 -0.3240 -0.3350 -0.2763 0.0344 0.1433 0.0520 0.0130 -0.0245 -0.1036 -0.2590 -0.3279 -0.3338 -0.2291 0.0770 0.1220 0.0297
0.1001 0.0809 -0.2251 -0.3337 -0.3282 -0.2603 -0.1052 -0.0251 0.0127 0.0514 0.1409 0.0386 -0.2713 -0.3349 -0.3244 -0.2453 -0.0892 -0.0194 0.0163 0.0577 0.1684 -0.0043 -0.3192 -0.3357 -0.3196 -0.2286 -0.0755 -0.0142 0.0199 0.0645 0.1706 -0.0436 -0.3221 -0.3361 -0.3138 -0.2104 -0.0640 -0.0094 0.0234 0.0712 0.1697 -0.0724 -0.3242 -0.3360 -0.3098 -0.2003 -0.0596 -0.0078 0.0247 0.0744 0.1238 0.0744 0.0247 -0.0078 -0.0596 -0.2003 -0.3098 -0.3360 -0.3242 -0.0724 0.1697 0.0712 0.0234 -0.0094 -0.0640 -0.2104 -0.3138 -0.3361 -0.3221 -0.0436 0.1706 0.0645 0.0199 -0.0142 -0.0755 -0.2286 -0.3196 -0.3357 -0.3192 -0.0043 0.1684 0.0577 0.0163 -0.0194 -0.0892 -0.2453 -0.3244 -0.3349 -0.2713 0.0386 0.1409 0.0514 0.0127 -0.0251 -0.1052 -0.2603 -0.3282 -0.3337 -0.2251 0.0809 0.1001
0.0599 -0.2211 -0.3336 -0.3285 -0.2617 -0.1068 -0.0256 0.0123 0.0508 0.1386 0.0428 -0.2664 -0.3348 -0.3248 -0.2468 -0.0907 -0.0200 0.0159 0.0571 0.1670 -0.0003 -0.3189 -0.3356 -0.3201 -0.2302 -0.0767 -0.0146 0.0195 0.0638 0.1705 -0.0401 -0.3219 -0.3360 -0.3144 -0.2121 -0.0649 -0.0097 0.0232 0.0709 0.1698 -0.0724 -0.3243 -0.3360 -0.3094 -0.1990 -0.0588 -0.0072 0.0249 0.0742 0.1547 0.0455 0.1547 0.0742 0.0249 -0.0072 -0.0588 -0.1990 -0.3094 -0.3360 -0.3243 -0.0724 0.1698 0.0709 0.0232 -0.0097 -0.0649 -0.2121 -0.3144 -0.3360 -0.3219 -0.0401 0.1705 0.0638 0.0195 -0.0146 -0.0767 -0.2302 -0.3201 -0.3356 -0.3189 -0.0003 0.1670 0.0571 0.0159 -0.0200 -0.0907 -0.2468 -0.3248 -0.3348 -0.2664 0.0428 0.1386 0.0508 0.0123 -0.0256 -0.1068 -0.2617 -0.3285 -0.3336 -0.2211 0.0599
-0.1384 -0.3333 -0.3288 -0.2630 -0.1085 -0.0262 0.0120 0.0502 0.1364 0.0469 -0.2616 -0.3347 -0.3252 -0.2483 -0.0921 -0.0205 0.0156 0.0564 0.1641 0.0037 -0.3166 -0.3356 -0.3206 -0.2319 -0.0779 -0.0151 0.0192 0.0631 0.1704 -0.0364 -0.3216 -0.3360 -0.3150 -0.2139 -0.0659 -0.0101 0.0229 0.0704 0.1699 -0.0710 -0.3242 -0.3360 -0.3092 -0.1981 -0.0583 -0.0069 0.0253 0.0745 0.1672 -0.0883 -0.2862 -0.0883 0.1672 0.0745 0.0253 -0.0069 -0.0583 -0.1981 -0.3092 -0.3360 -0.3242 -0.0710 0.1699 0.0704 0.0229 -0.0101 -0.0659 -0.2139 -0.3150 -0.3360 -0.3216 -0.0364 0.1704 0.0631 0.0192 -0.0151 -0.0779 -0.2319 -0.3206 -0.3356 -0.3166 0.0037 0.1641 0.0564 0.0156 -0.0205 -0.0921 -0.2483 -0.3252 -0.3347 -0.2616 0.0469 0.1364 0.0502 0.0120 -0.0262 -0.1085 -0.2630 -0.3288 -0.3333 -0.1384
-0.2022 -0.3291 -0.2642 -0.1102 -0.0268 0.0116 0.0496 0.1342 0.0511 -0.2569 -0.3346 -0.3256 -0.2498 -0.0936 -0.0210 0.0152 0.0558 0.1609 0.0078 -0.3114 -0.3355 -0.3211 -0.2335 -0.0792 -0.0156 0.0188 0.0625 0.1703 -0.0328 -0.3213 -0.3360 -0.3156 -0.2157 -0.0670 -0.0106 0.0225 0.0697 0.1701 -0.0687 -0.3241 -0.3360 -0.3094 -0.1981 -0.0581 -0.0067 0.0255 0.0750 0.1680 -0.0885 -0.3268 -0.3370 -0.3268 -0.0885 0.1680 0.0750 0.0255 -0.0067 -0.0581 -0.1981 -0.3094 -0.3360 -0.3241 -0.0687 0.1701 0.0697 0.0225 -0.0106 -0.0670 -0.2157 -0.3156 -0.3360 -0.3213 -0.0328 0.1703 0.0625 0.0188 -0.0156 -0.0792 -0.2335 -0.3211 -0.3355 -0.3114 0.0078 0.1609 0.0558 0.0152 -0.0210 -0.0936 -0.2498 -0.3256 -0.3346 -0.2569 0.0511 0.1342 0.0496 0.0116 -0.0268 -0.1102 -0.2642 -0.3291 -0.2022
-0.2164 -0.2667 -0.1116 -0.0273 0.0113 0.0490 0.1321 0.0552 -0.2524 -0.3345 -0.3260 -0.2513 -0.0951 -0.0216 0.0149 0.0552 0.1579 0.0119 -0.3056 -0.3354 -0.3216 -0.2352 -0.0805 -0.0161 0.0185 0.0618 0.1701 -0.0291 -0.3210 -0.3360 -0.3162 -0.2174 -0.0681 -0.0111 0.0222 0.0690 0.1703 -0.0657 -0.3238 -0.3360 -0.3098 -0.1990 -0.0583 -0.0067 0.0256 0.0753 0.1676 -0.0881 -0.3257 -0.3375 -0.3333 -0.3375 -0.3257 -0.0881 0.1676 0.0753 0.0256 -0.0067 -0.0583 -0.1990 -0.3098 -0.3360 -0.3238 -0.0657 0.1703 0.0690 0.0222 -0.0111 -0.0681 -0.2174 -0.3162 -0.3360 -0.3210 -0.0291 0.1701 0.0618 0.0185 -0.0161 -0.0805 -0.2352 -0.3216 -0.3354 -0.3056 0.0119 0.1579 0.0552 0.0149 -0.0216 -0.0951 -0.2513 -0.3260 -0.3345 -0.2524 0.0552 0.1321 0.0490 0.0113 -0.0273 -0.1116 -0.2667 -0.2164
-0.1882 -0.1162 -0.0280 0.0110 0.0485 0.1301 0.0593 -0.2479 -0.3344 -0.3263 -0.2527 -0.0966 -0.0221 0.0145 0.0546 0.1549 0.0160 -0.2999 -0.3354 -0.3220 -0.2368 -0.0818 -0.0166 0.0181 0.0612 0.1699 -0.0254 -0.3207 -0.3359 -0.3167 -0.2192 -0.0692 -0.0115 0.0218 0.0682 0.1705 -0.0623 -0.3236 -0.3360 -0.3103 -0.2003 -0.0588 -0.0069 0.0255 0.0753 0.1675 -0.0896 -0.3255 -0.3347 -0.3065 -0.2643 -0.3065 -0.3347 -0.3255 -0.0897 0.1675 0.0753 0.0255 -0.0069 -0.0588 -0.2003 -0.3103 -0.3360 -0.3236 -0.0623 0.1705 0.0682 0.0218 -0.0115 -0.0692 -0.2192 -0.3167 -0.3359 -0.3207 -0.0254 0.1699 0.0612 0.0181 -0.0166 -0.0818 -0.2368 -0.3220 -0.3354 -0.2999 0.0160 0.1549 0.0546 0.0145 -0.0221 -0.0966 -0.2527 -0.3263 -0.3344 -0.2479 0.0593 0.1301 0.0485 0.0110 -0.0280 -0.1162 -0.1882
-0.1039 -0.0282 0.0102 0.0479 0.1282 0.0634 -0.2435 -0.3343 -0.3267 -0.2542 -0.0981 -0.0226 0.0142 0.0540 0.1521 0.0201 -0.2943 -0.3353 -0.3225 -0.2384 -0.0831 -0.0172 0.0178 0.0605 0.1697 -0.0216 -0.3205 -0.3359 -0.3173 -0.2210 -0.0703 -0.0120 0.0215 0.0675 0.1706 -0.0590 -0.3233 -0.3361 -0.3110 -0.2021 -0.0596 -0.0072 0.0253 0.0750 0.1676 -0.0897 -0.3256 -0.3358 -0.3016 -0.1841 -0.0978 -0.1843 -0.3017 -0.3358 -0.3256 -0.0897 0.1676 0.0750 0.0253 -0.0072 -0.0596 -0.2022 -0.3111 -0.3361 -0.3233 -0.0589 0.1706 0.0675 0.0215 -0.0120 -0.0703 -0.2211 -0.3174 -0.3359 -0.3205 -0.0215 0.1697 0.0605 0.0178 -0.0172 -0.0832 -0.2386 -0.3226 -0.3353 -0.2943 0.0202 0.1521 0.0540 0.0142 -0.0226 -0.0982 -0.2543 -0.3268 -0.3343 -0.2435 0.0635 0.1282 0.0479 0.0102 -0.0282 -0.1040
-0.0457 0.0137 0.0473 0.1263 0.0674 -0.2392 -0.3341 -0.3270 -0.2556 -0.0997 -0.0232 0.0139 0.0534 0.1494 0.0243 -0.2889 -0.3352 -0.3229 -0.2400 -0.0845 -0.0177 0.0174 0.0599 0.1695 -0.0177 -0.3202 -0.3359 -0.3178 -0.2227 -0.0714 -0.0125 0.0211 0.0668 0.1706 -0.0556 -0.3230 -0.3361 -0.3117 -0.2039 -0.0605 -0.0077 0.0250 0.0744 0.1679 -0.0883 -0.3256 -0.3358 -0.3055 -0.1816 -0.0479 -0.0119 -0.0481 -0.1820 -0.3057 -0.3358 -0.3255 -0.0881 0.1680 0.0745 0.0249 -0.0078 -0.0607 -0.2041 -0.3117 -0.3360 -0.3230 -0.0555 0.1707 0.0669 0.0210 -0.0126 -0.0717 -0.2228 -0.3178 -0.3358 -0.3201 -0.0177 0.1695 0.0599 0.0174 -0.0178 -0.0847 -0.2401 -0.3229 -0.3352 -0.2888 0.0244 0.1505 0.0534 0.0138 -0.0233 -0.0999 -0.2557 -0.3270 -0.3341 -0.2392 0.0675 0.1270 0.0473 0.0135 -0.0459
-0.0089 0.0477 0.1245 0.0714 -0.2350 -0.3340 -0.3274 -0.2570 -0.1013 -0.0237 0.0135 0.0528 0.1468 0.0285 -0.2836 -0.3351 -0.3234 -0.2415 -0.0858 -0.0182 0.0171 0.0592 0.1692 -0.0139 -0.3199 -0.3358 -0.3184 -0.2244 -0.0726 -0.0130 0.0207 0.0661 0.1707 -0.0521 -0.3228 -0.3361 -0.3123 -0.2058 -0.0615 -0.0081 0.0246 0.0737 0.1683 -0.0861 -0.3254 -0.3358 -0.3056 -0.1883 -0.0532 -0.0002 0.0206 0.0003 -0.0530 -0.1821 -0.3018 -0.3346 -0.3257 -0.0885 0.1672 0.0742 0.0247 -0.0080 -0.0604 -0.1989 -0.3086 -0.3351 -0.3232 -0.0553 0.1700 0.0665 0.0208 -0.0129 -0.0707 -0.2177 -0.3151 -0.3351 -0.3204 -0.0176 0.1689 0.0595 0.0172 -0.0181 -0.0830 -0.2351 -0.3205 -0.3346 -0.2867 0.0242 0.1497 0.0531 0.0136 -0.0237 -0.0975 -0.2509 -0.3249 -0.3337 -0.2376 0.0671 0.1265 0.0480 -0.0085
0.0299 0.1227 0.0753 -0.2309 -0.3339 -0.3277 -0.2584 -0.1029 -0.0243 0.0132 0.0522 0.1443 0.0326 -0.2784 -0.3350 -0.3238 -0.2431 -0.0872 -0.0187 0.0168 0.0586 0.1689 -0.0100 -0.3196 -0.3358 -0.3189 -0.2261 -0.0738 -0.0135 0.0204 0.0655 0.1707 -0.0487 -0.3225 -0.3361 -0.3129 -0.2076 -0.0625 -0.0086 0.0242 0.0730 0.1688 -0.0832 -0.3252 -0.3358 -0.3059 -0.1886 -0.0539 -0.0046 0.0310 0.0639 0.0361 0.0009 -0.0480 -0.1844 -0.3066 -0.3375 -0.3268 -0.0883 0.1547 0.0744 0.0276 -0.0038 -0.0563 -0.2033 -0.3136 -0.3377 -0.3241 -0.0544 0.1491 0.0676 0.0237 -0.0084 -0.0673 -0.2227 -0.3198 -0.3374 -0.3212 -0.0165 0.1426 0.0613 0.0201 -0.0134 -0.0805 -0.2405 -0.3249 -0.3367 -0.2865 0.0255 0.1290 0.0552 0.0167 -0.0186 -0.0960 -0.2565 -0.3290 -0.3355 -0.2377 0.0676 0.1147 0.0332
0.1007 0.0792 -0.2268 -0.3338 -0.3281 -0.2597 -0.1045 -0.0248 0.0128 0.0516 0.1419 0.0368 -0.2734 -0.3349 -0.3242 -0.2446 -0.0886 -0.0192 0.0164 0.0580 0.1686 -0.0060 -0.3193 -0.3357 -0.3194 -0.2278 -0.0750 -0.0139 0.0200 0.0648 0.1706 -0.0451 -0.3222 -0.3361 -0.3136 -0.2095 -0.0635 -0.0090 0.0238 0.0722 0.1691 -0.0800 -0.3250 -0.3359 -0.3065 -0.1897 -0.0541 -0.0049 0.0275 0.0806 0.1040 0.0499 0.0202 -0.0109 -0.0974 -0.2643 -0.3333 -0.3370 -0.2862 0.0455 0.1238 0.0578 0.0171 -0.0172 -0.1158 -0.2777 -0.3360 -0.3353 -0.2596 0.0830 0.1118 0.0521 0.0137 -0.0238 -0.1368 -0.2899 -0.3380 -0.3332 -0.2361 0.1113 0.1019 0.0466 0.0104 -0.0314 -0.1589 -0.3004 -0.3393 -0.3309 -0.1924 0.1297 0.0933 0.0413 0.0070 -0.0402 -0.1812 -0.3093 -0.3400 -0.3284 -0.1441 0.1394 0.0688
