1.0000 1.0000 0.0008 0.0024 0.0077 0.0241 0.0757 0.2379 0.7475 1.0000 1.0000 1.0000 0.0008 0.0025 0.0077 0.0242 0.0762 0.2393 0.7518 1.0000 1.0000 1.0000 0.0008 0.0025 0.0078 0.0244 0.0766 0.2406 0.7561 1.0000 1.0000 1.0000 0.0008 0.0025 0.0078 0.0245 0.0770 0.2420 0.7604 1.0000 1.0000 1.0000 0.0008 0.0025 0.0078 0.0247 0.0775 0.2425 0.7750 1.0000 1.0000 1.0000 0.7750 0.2425 0.0775 0.0247 0.0078 0.0025 0.0008 1.0000 1.0000 1.0000 0.7604 0.2420 0.0770 0.0245 0.0078 0.0025 0.0008 1.0000 1.0000 1.0000 0.7561 0.2406 0.0766 0.0244 0.0078 0.0025 0.0008 1.0000 1.0000 1.0000 0.7518 0.2393 0.0762 0.0242 0.0077 0.0025 0.0008 1.0000 1.0000 1.0000 0.7475 0.2379 0.0757 0.0241 0.0077 0.0024 0.0008 1.0000 1.0000
1.0000 0.0017 0.0049 0.0157 0.0492 0.1542 0.4854 1.0000 1.0000 1.0000 1.0000 0.0016 0.0050 0.0157 0.0495 0.1554 0.4882 1.0000 1.0000 1.0000 1.0000 0.0016 0.0050 0.0158 0.0497 0.1563 0.4910 1.0000 1.0000 1.0000 1.0000 0.0016 0.0051 0.0159 0.0500 0.1572 0.4938 1.0000 1.0000 1.0000 1.0000 0.0016 0.0051 0.0160 0.0503 0.1581 0.4967 1.0000 1.0000 1.0000 1.0000 1.0000 1.0000 1.0000 0.4967 0.1581 0.0503 0.0160 0.0051 0.0016 1.0000 1.0000 1.0000 1.0000 0.4938 0.1572 0.0500 0.0159 0.0051 0.0016 1.0000 1.0000 1.0000 1.0000 0.4910 0.1563 0.0497 0.0158 0.0050 0.0016 1.0000 1.0000 1.0000 1.0000 0.4882 0.1554 0.0495 0.0157 0.0050 0.0016 1.0000 1.0000 1.0000 1.0000 0.4854 0.1542 0.0492 0.0157 0.0049 0.0017 1.0000
0.0008 0.0049 0.0142 0.0453 0.1421 0.4473 1.0000 1.0000 1.0000 1.0000 0.0015 0.0046 0.0145 0.0457 0.1435 0.4516 1.0000 1.0000 1.0000 1.0000 0.0015 0.0047 0.0146 0.0459 0.1445 0.4533 1.0000 1.0000 1.0000 1.0000 0.0015 0.0047 0.0147 0.0463 0.1451 0.4568 1.0000 1.0000 1.0000 1.0000 0.0015 0.0047 0.0148 0.0465 0.1459 0.4594 1.0000 1.0000 1.0000 1.0000 0.0012 1.0000 1.0000 1.0000 1.0000 0.4594 0.1459 0.0465 0.0148 0.0047 0.0015 1.0000 1.0000 1.0000 1.0000 0.4568 0.1451 0.0463 0.0147 0.0047 0.0015 1.0000 1.0000 1.0000 1.0000 0.4533 0.1445 0.0459 0.0146 0.0047 0.0015 1.0000 1.0000 1.0000 1.0000 0.4516 0.1435 0.0457 0.0145 0.0046 0.0015 1.0000 1.0000 1.0000 1.0000 0.4473 0.1421 0.0453 0.0142 0.0049 0.0008
0.0024 0.0157 0.0453 0.1451 0.4568 1.0000 1.0000 1.0000 1.0000 0.0015 0.0047 0.0149 0.0469 0.1473 0.4629 1.0000 1.0000 1.0000 1.0000 0.0015 0.0048 0.0150 0.0472 0.1482 0.4656 1.0000 1.0000 1.0000 1.0000 0.0015 0.0048 0.0151 0.0474 0.1490 0.4682 1.0000 1.0000 1.0000 1.0000 0.0015 0.0048 0.0152 0.0477 0.1499 0.4709 1.0000 1.0000 1.0000 1.0000 0.0018 0.0040 0.0018 1.0000 1.0000 1.0000 1.0000 0.4709 0.1499 0.0477 0.0152 0.0048 0.0015 1.0000 1.0000 1.0000 1.0000 0.4682 0.1490 0.0474 0.0151 0.0048 0.0015 1.0000 1.0000 1.0000 1.0000 0.4656 0.1482 0.0472 0.0150 0.0048 0.0015 1.0000 1.0000 1.0000 1.0000 0.4629 0.1473 0.0469 0.0149 0.0047 0.0015 1.0000 1.0000 1.0000 1.0000 0.4568 0.1451 0.0453 0.0157 0.0024
0.0077 0.0492 0.1421 0.4568 1.0000 1.0000 1.0000 1.0000 0.0015 0.0048 0.0151 0.0474 0.1490 0.4682 1.0000 1.0000 1.0000 1.0000 0.0015 0.0048 0.0152 0.0477 0.1499 0.4709 1.0000 1.0000 1.0000 1.0000 0.0015 0.0049 0.0153 0.0480 0.1507 0.4736 1.0000 1.0000 1.0000 1.0000 0.0016 0.0049 0.0154 0.0482 0.1516 0.4763 1.0000 1.0000 1.0000 1.0000 0.0016 0.0057 0.0127 0.0057 0.0016 1.0000 1.0000 1.0000 1.0000 0.4763 0.1516 0.0482 0.0154 0.0049 0.0016 1.0000 1.0000 1.0000 1.0000 0.4736 0.1507 0.0480 0.0153 0.0049 0.0015 1.0000 1.0000 1.0000 1.0000 0.4709 0.1499 0.0477 0.0152 0.0048 0.0015 1.0000 1.0000 1.0000 1.0000 0.4682 0.1490 0.0474 0.0151 0.0048 0.0015 1.0000 1.0000 1.0000 1.0000 0.4568 0.1421 0.0492 0.0077
0.0241 0.1542 0.4473 1.0000 1.0000 1.0000 1.0000 0.0015 0.0049 0.0153 0.0481 0.1510 0.4745 1.0000 1.0000 1.0000 1.0000 0.0016 0.0049 0.0154 0.0483 0.1519 0.4772 1.0000 1.0000 1.0000 1.0000 0.0016 0.0049 0.0155 0.0486 0.1527 0.4799 1.0000 1.0000 1.0000 1.0000 0.0016 0.0050 0.0156 0.0489 0.1536 0.4827 1.0000 1.0000 1.0000 1.0000 0.0016 0.0050 0.0181 0.0403 0.0181 0.0050 0.0016 1.0000 1.0000 1.0000 1.0000 0.4827 0.1536 0.0489 0.0156 0.0050 0.0016 1.0000 1.0000 1.0000 1.0000 0.4799 0.1527 0.0486 0.0155 0.0049 0.0016 1.0000 1.0000 1.0000 1.0000 0.4772 0.1519 0.0483 0.0154 0.0049 0.0016 1.0000 1.0000 1.0000 1.0000 0.4745 0.1510 0.0481 0.0153 0.0049 0.0015 1.0000 1.0000 1.0000 1.0000 0.4473 0.1542 0.0241
0.0757 0.4854 1.0000 1.0000 1.0000 1.0000 0.0015 0.0049 0.0154 0.0485 0.1527 0.4809 1.0000 1.0000 1.0000 1.0000 0.0016 0.0050 0.0156 0.0490 0.1539 0.4836 1.0000 1.0000 1.0000 1.0000 0.0016 0.0050 0.0157 0.0493 0.1548 0.4864 1.0000 1.0000 1.0000 1.0000 0.0016 0.0050 0.0158 0.0495 0.1557 0.4892 1.0000 1.0000 1.0000 1.0000 0.0016 0.0050 0.0159 0.0576 0.1285 0.0576 0.0159 0.0050 0.0016 1.0000 1.0000 1.0000 1.0000 0.4892 0.1557 0.0495 0.0158 0.0050 0.0016 1.0000 1.0000 1.0000 1.0000 0.4864 0.1548 0.0493 0.0157 0.0050 0.0016 1.0000 1.0000 1.0000 1.0000 0.4836 0.1539 0.0490 0.0156 0.0050 0.0016 1.0000 1.0000 1.0000 1.0000 0.4809 0.1527 0.0485 0.0154 0.0049 0.0015 1.0000 1.0000 1.0000 1.0000 0.4854 0.0757
0.2379 1.0000 1.0000 1.0000 1.0000 0.0015 0.0049 0.0154 0.0489 0.1542 0.4854 1.0000 1.0000 1.0000 1.0000 0.0016 0.0050 0.0158 0.0496 0.1560 0.4901 1.0000 1.0000 1.0000 1.0000 0.0016 0.0051 0.0159 0.0499 0.1569 0.4929 1.0000 1.0000 1.0000 1.0000 0.0016 0.0051 0.0160 0.0502 0.1578 0.4957 1.0000 1.0000 1.0000 1.0000 0.0016 0.0051 0.0160 0.0507 0.1833 0.4091 0.1833 0.0507 0.0160 0.0051 0.0016 1.0000 1.0000 1.0000 1.0000 0.4957 0.1578 0.0502 0.0160 0.0051 0.0016 1.0000 1.0000 1.0000 1.0000 0.4929 0.1569 0.0499 0.0159 0.0051 0.0016 1.0000 1.0000 1.0000 1.0000 0.4901 0.1560 0.0496 0.0158 0.0050 0.0016 1.0000 1.0000 1.0000 1.0000 0.4854 0.1542 0.0489 0.0154 0.0049 0.0015 1.0000 1.0000 1.0000 1.0000 0.2379
0.7475 1.0000 1.0000 1.0000 0.0015 0.0049 0.0154 0.0489 0.1548 0.4892 1.0000 1.0000 1.0000 1.0000 0.0016 0.0051 0.0160 0.0503 0.1581 0.4967 1.0000 1.0000 1.0000 1.0000 0.0016 0.0051 0.0161 0.0506 0.1590 0.4995 1.0000 1.0000 1.0000 1.0000 0.0016 0.0052 0.0162 0.0509 0.1599 0.5024 1.0000 1.0000 1.0000 1.0000 0.0016 0.0052 0.0163 0.0510 0.1614 0.5838 1.0000 0.5838 0.1614 0.0510 0.0163 0.0052 0.0016 1.0000 1.0000 1.0000 1.0000 0.5024 0.1599 0.0509 0.0162 0.0052 0.0016 1.0000 1.0000 1.0000 1.0000 0.4995 0.1590 0.0506 0.0161 0.0051 0.0016 1.0000 1.0000 1.0000 1.0000 0.4967 0.1581 0.0503 0.0160 0.0051 0.0016 1.0000 1.0000 1.0000 1.0000 0.4892 0.1548 0.0489 0.0154 0.0049 0.0015 1.0000 1.0000 1.0000 0.7475
1.0000 1.0000 1.0000 0.0015 0.0048 0.0153 0.0485 0.1542 0.4892 1.0000 1.0000 1.0000 1.0000 0.0016 0.0052 0.0162 0.0510 0.1602 0.5033 1.0000 1.0000 1.0000 1.0000 0.0017 0.0052 0.0163 0.0513 0.1611 0.5062 1.0000 1.0000 1.0000 1.0000 0.0017 0.0052 0.0164 0.0516 0.1620 0.5091 1.0000 1.0000 1.0000 1.0000 0.0017 0.0053 0.0165 0.0519 0.1623 0.5139 1.0000 1.0000 1.0000 0.5139 0.1623 0.0519 0.0165 0.0053 0.0017 1.0000 1.0000 1.0000 1.0000 0.5091 0.1620 0.0516 0.0164 0.0052 0.0017 1.0000 1.0000 1.0000 1.0000 0.5062 0.1611 0.0513 0.0163 0.0052 0.0017 1.0000 1.0000 1.0000 1.0000 0.5033 0.1602 0.0510 0.0162 0.0052 0.0016 1.0000 1.0000 1.0000 1.0000 0.4892 0.1542 0.0485 0.0153 0.0048 0.0015 1.0000 1.0000 1.0000
1.0000 1.0000 0.0015 0.0047 0.0151 0.0481 0.1527 0.4854 1.0000 1.0000 1.0000 1.0000 0.0017 0.0052 0.0164 0.0517 0.1623 0.5101 1.0000 1.0000 1.0000 1.0000 0.0017 0.0053 0.0165 0.0520 0.1633 0.5130 1.0000 1.0000 1.0000 1.0000 0.0017 0.0053 0.0166 0.0523 0.1642 0.5159 1.0000 1.0000 1.0000 1.0000 0.0017 0.0053 0.0167 0.0526 0.1651 0.5169 1.0000 1.0000 1.0000 1.0000 1.0000 0.5169 0.1651 0.0526 0.0167 0.0053 0.0017 1.0000 1.0000 1.0000 1.0000 0.5159 0.1642 0.0523 0.0166 0.0053 0.0017 1.0000 1.0000 1.0000 1.0000 0.5130 0.1633 0.0520 0.0165 0.0053 0.0017 1.0000 1.0000 1.0000 1.0000 0.5101 0.1623 0.0517 0.0164 0.0052 0.0017 1.0000 1.0000 1.0000 1.0000 0.4854 0.1527 0.0481 0.0151 0.0047 0.0015 1.0000 1.0000
1.0000 0.0016 0.0046 0.0149 0.0474 0.1510 0.4809 1.0000 1.0000 1.0000 1.0000 0.0017 0.0053 0.0166 0.0522 0.1642 0.5169 1.0000 1.0000 1.0000 1.0000 0.0017 0.0053 0.0168 0.0527 0.1654 0.5198 1.0000 1.0000 1.0000 1.0000 0.0017 0.0054 0.0169 0.0530 0.1664 0.5228 1.0000 1.0000 1.0000 1.0000 0.0017 0.0054 0.0170 0.0533 0.1673 0.5258 1.0000 1.0000 1.0000 1.0000 1.0000 1.0000 1.0000 0.5258 0.1673 0.0533 0.0170 0.0054 0.0017 1.0000 1.0000 1.0000 1.0000 0.5228 0.1664 0.0530 0.0169 0.0054 0.0017 1.0000 1.0000 1.0000 1.0000 0.5198 0.1654 0.0527 0.0168 0.0053 0.0017 1.0000 1.0000 1.0000 1.0000 0.5169 0.1642 0.0522 0.0166 0.0053 0.0017 1.0000 1.0000 1.0000 1.0000 0.4809 0.1510 0.0474 0.0149 0.0046 0.0016 1.0000
0.0008 0.0050 0.0145 0.0469 0.1490 0.4745 1.0000 1.0000 1.0000 1.0000 0.0017 0.0053 0.0166 0.0526 0.1658 0.5218 1.0000 1.0000 1.0000 1.0000 0.0017 0.0054 0.0170 0.0534 0.1677 0.5268 1.0000 1.0000 1.0000 1.0000 0.0017 0.0054 0.0171 0.0537 0.1686 0.5298 1.0000 1.0000 1.0000 1.0000 0.0017 0.0055 0.0172 0.0540 0.1696 0.5329 1.0000 1.0000 1.0000 1.0000 0.0014 1.0000 1.0000 1.0000 1.0000 0.5329 0.1696 0.0540 0.0172 0.0055 0.0017 1.0000 1.0000 1.0000 1.0000 0.5298 0.1686 0.0537 0.0171 0.0054 0.0017 1.0000 1.0000 1.0000 1.0000 0.5268 0.1677 0.0534 0.0170 0.0054 0.0017 1.0000 1.0000 1.0000 1.0000 0.5218 0.1658 0.0526 0.0166 0.0053 0.0017 1.0000 1.0000 1.0000 1.0000 0.4745 0.1490 0.0469 0.0145 0.0050 0.0008
0.0025 0.0157 0.0457 0.1473 0.4682 1.0000 1.0000 1.0000 1.0000 0.0016 0.0052 0.0166 0.0526 0.1664 0.5258 1.0000 1.0000 1.0000 1.0000 0.0017 0.0055 0.0172 0.0541 0.1699 0.5339 1.0000 1.0000 1.0000 1.0000 0.0018 0.0055 0.0173 0.0544 0.1709 0.5369 1.0000 1.0000 1.0000 1.0000 0.0018 0.0055 0.0174 0.0547 0.1719 0.5400 1.0000 1.0000 1.0000 1.0000 0.0020 0.0046 0.0020 1.0000 1.0000 1.0000 1.0000 0.5400 0.1719 0.0547 0.0174 0.0055 0.0018 1.0000 1.0000 1.0000 1.0000 0.5369 0.1709 0.0544 0.0173 0.0055 0.0018 1.0000 1.0000 1.0000 1.0000 0.5339 0.1699 0.0541 0.0172 0.0055 0.0017 1.0000 1.0000 1.0000 1.0000 0.5258 0.1664 0.0526 0.0166 0.0052 0.0016 1.0000 1.0000 1.0000 1.0000 0.4682 0.1473 0.0457 0.0157 0.0025
0.0077 0.0495 0.1435 0.4629 1.0000 1.0000 1.0000 1.0000 0.0016 0.0052 0.0164 0.0522 0.1658 0.5258 1.0000 1.0000 1.0000 1.0000 0.0018 0.0056 0.0174 0.0548 0.1722 0.5410 1.0000 1.0000 1.0000 1.0000 0.0018 0.0056 0.0175 0.0551 0.1732 0.5441 1.0000 1.0000 1.0000 1.0000 0.0018 0.0056 0.0176 0.0554 0.1742 0.5472 1.0000 1.0000 1.0000 1.0000 0.0018 0.0065 0.0146 0.0065 0.0018 1.0000 1.0000 1.0000 1.0000 0.5472 0.1742 0.0554 0.0176 0.0056 0.0018 1.0000 1.0000 1.0000 1.0000 0.5441 0.1732 0.0551 0.0175 0.0056 0.0018 1.0000 1.0000 1.0000 1.0000 0.5410 0.1722 0.0548 0.0174 0.0056 0.0018 1.0000 1.0000 1.0000 1.0000 0.5258 0.1658 0.0522 0.0164 0.0052 0.0016 1.0000 1.0000 1.0000 1.0000 0.4629 0.1435 0.0495 0.0077
0.0242 0.1554 0.4516 1.0000 1.0000 1.0000 1.0000 0.0016 0.0051 0.0162 0.0517 0.1642 0.5218 1.0000 1.0000 1.0000 1.0000 0.0018 0.0056 0.0176 0.0555 0.1745 0.5483 1.0000 1.0000 1.0000 1.0000 0.0018 0.0057 0.0178 0.0559 0.1755 0.5514 1.0000 1.0000 1.0000 1.0000 0.0018 0.0057 0.0179 0.0562 0.1765 0.5546 1.0000 1.0000 1.0000 1.0000 0.0018 0.0057 0.0208 0.0464 0.0208 0.0057 0.0018 1.0000 1.0000 1.0000 1.0000 0.5546 0.1765 0.0562 0.0179 0.0057 0.0018 1.0000 1.0000 1.0000 1.0000 0.5514 0.1755 0.0559 0.0178 0.0057 0.0018 1.0000 1.0000 1.0000 1.0000 0.5483 0.1745 0.0555 0.0176 0.0056 0.0018 1.0000 1.0000 1.0000 1.0000 0.5218 0.1642 0.0517 0.0162 0.0051 0.0016 1.0000 1.0000 1.0000 1.0000 0.4516 0.1554 0.0242
0.0762 0.4882 1.0000 1.0000 1.0000 1.0000 0.0016 0.0050 0.0160 0.0510 0.1623 0.5169 1.0000 1.0000 1.0000 1.0000 0.0018 0.0056 0.0178 0.0561 0.1765 0.5556 1.0000 1.0000 1.0000 1.0000 0.0018 0.0057 0.0180 0.0566 0.1778 0.5588 1.0000 1.0000 1.0000 1.0000 0.0018 0.0058 0.0181 0.0569 0.1789 0.5620 1.0000 1.0000 1.0000 1.0000 0.0018 0.0058 0.0183 0.0662 0.1476 0.0662 0.0183 0.0058 0.0018 1.0000 1.0000 1.0000 1.0000 0.5620 0.1789 0.0569 0.0181 0.0058 0.0018 1.0000 1.0000 1.0000 1.0000 0.5588 0.1778 0.0566 0.0180 0.0057 0.0018 1.0000 1.0000 1.0000 1.0000 0.5556 0.1765 0.0561 0.0178 0.0056 0.0018 1.0000 1.0000 1.0000 1.0000 0.5169 0.1623 0.0510 0.0160 0.0050 0.0016 1.0000 1.0000 1.0000 1.0000 0.4882 0.0762
0.2393 1.0000 1.0000 1.0000 1.0000 0.0016 0.0050 0.0158 0.0503 0.1602 0.5101 1.0000 1.0000 1.0000 1.0000 0.0018 0.0056 0.0179 0.0565 0.1782 0.5609 1.0000 1.0000 1.0000 1.0000 0.0018 0.0058 0.0183 0.0574 0.1802 0.5663 1.0000 1.0000 1.0000 1.0000 0.0019 0.0058 0.0184 0.0577 0.1813 0.5695 1.0000 1.0000 1.0000 1.0000 0.0019 0.0059 0.0184 0.0582 0.2106 0.4700 0.2106 0.0582 0.0184 0.0059 0.0019 1.0000 1.0000 1.0000 1.0000 0.5695 0.1813 0.0577 0.0184 0.0058 0.0019 1.0000 1.0000 1.0000 1.0000 0.5663 0.1802 0.0574 0.0183 0.0058 0.0018 1.0000 1.0000 1.0000 1.0000 0.5609 0.1782 0.0565 0.0179 0.0056 0.0018 1.0000 1.0000 1.0000 1.0000 0.5101 0.1602 0.0503 0.0158 0.0050 0.0016 1.0000 1.0000 1.0000 1.0000 0.2393
0.7518 1.0000 1.0000 1.0000 0.0015 0.0049 0.0156 0.0496 0.1581 0.5033 1.0000 1.0000 1.0000 1.0000 0.0018 0.0056 0.0178 0.0565 0.1789 0.5652 1.0000 1.0000 1.0000 1.0000 0.0019 0.0059 0.0185 0.0581 0.1826 0.5739 1.0000 1.0000 1.0000 1.0000 0.0019 0.0059 0.0186 0.0585 0.1837 0.5772 1.0000 1.0000 1.0000 1.0000 0.0019 0.0060 0.0187 0.0586 0.1854 0.6707 1.0000 0.6707 0.1854 0.0586 0.0187 0.0060 0.0019 1.0000 1.0000 1.0000 1.0000 0.5772 0.1837 0.0585 0.0186 0.0059 0.0019 1.0000 1.0000 1.0000 1.0000 0.5739 0.1826 0.0581 0.0185 0.0059 0.0019 1.0000 1.0000 1.0000 1.0000 0.5652 0.1789 0.0565 0.0178 0.0056 0.0018 1.0000 1.0000 1.0000 1.0000 0.5033 0.1581 0.0496 0.0156 0.0049 0.0015 1.0000 1.0000 1.0000 0.7518
1.0000 1.0000 1.0000 0.0015 0.0048 0.0154 0.0490 0.1560 0.4967 1.0000 1.0000 1.0000 1.0000 0.0017 0.0056 0.0176 0.0561 0.1782 0.5652 1.0000 1.0000 1.0000 1.0000 0.0019 0.0060 0.0187 0.0589 0.1851 0.5816 1.0000 1.0000 1.0000 1.0000 0.0019 0.0060 0.0189 0.0592 0.1862 0.5849 1.0000 1.0000 1.0000 1.0000 0.0019 0.0060 0.0190 0.0596 0.1865 0.5905 1.0000 1.0000 1.0000 0.5905 0.1865 0.0596 0.0190 0.0060 0.0019 1.0000 1.0000 1.0000 1.0000 0.5849 0.1862 0.0592 0.0189 0.0060 0.0019 1.0000 1.0000 1.0000 1.0000 0.5816 0.1851 0.0589 0.0187 0.0060 0.0019 1.0000 1.0000 1.0000 1.0000 0.5652 0.1782 0.0561 0.0176 0.0056 0.0017 1.0000 1.0000 1.0000 1.0000 0.4967 0.1560 0.0490 0.0154 0.0048 0.0015 1.0000 1.0000 1.0000
1.0000 1.0000 0.0015 0.0048 0.0152 0.0483 0.1539 0.4901 1.0000 1.0000 1.0000 1.0000 0.0017 0.0055 0.0174 0.0555 0.1765 0.5609 1.0000 1.0000 1.0000 1.0000 0.0019 0.0060 0.0190 0.0597 0.1876 0.5894 1.0000 1.0000 1.0000 1.0000 0.0019 0.0061 0.0191 0.0600 0.1886 0.5927 1.0000 1.0000 1.0000 0.0006 0.0019 0.0061 0.0192 0.0604 0.1897 0.5939 1.0000 1.0000 1.0000 1.0000 1.0000 0.5939 0.1897 0.0604 0.0192 0.0061 0.0019 0.0006 1.0000 1.0000 1.0000 0.5927 0.1886 0.0600 0.0191 0.0061 0.0019 1.0000 1.0000 1.0000 1.0000 0.5894 0.1876 0.0597 0.0190 0.0060 0.0019 1.0000 1.0000 1.0000 1.0000 0.5609 0.1765 0.0555 0.0174 0.0055 0.0017 1.0000 1.0000 1.0000 1.0000 0.4901 0.1539 0.0483 0.0152 0.0048 0.0015 1.0000 1.0000
1.0000 0.0016 0.0047 0.0150 0.0477 0.1519 0.4836 1.0000 1.0000 1.0000 1.0000 0.0017 0.0054 0.0172 0.0548 0.1745 0.5556 1.0000 1.0000 1.0000 1.0000 0.0019 0.0061 0.0191 0.0603 0.1897 0.5973 1.0000 1.0000 1.0000 0.0006 0.0020 0.0062 0.0194 0.0608 0.1912 0.6007 1.0000 1.0000 1.0000 0.0006 0.0020 0.0062 0.0195 0.0612 0.1923 0.6041 1.0000 1.0000 1.0000 1.0000 1.0000 1.0000 1.0000 0.6041 0.1923 0.0612 0.0195 0.0062 0.0020 0.0006 1.0000 1.0000 1.0000 0.6007 0.1912 0.0608 0.0194 0.0062 0.0020 0.0006 1.0000 1.0000 1.0000 0.5973 0.1897 0.0603 0.0191 0.0061 0.0019 1.0000 1.0000 1.0000 1.0000 0.5556 0.1745 0.0548 0.0172 0.0054 0.0017 1.0000 1.0000 1.0000 1.0000 0.4836 0.1519 0.0477 0.0150 0.0047 0.0016 1.0000
0.0008 0.0050 0.0146 0.0472 0.1499 0.4772 1.0000 1.0000 1.0000 1.0000 0.0017 0.0053 0.0170 0.0541 0.1722 0.5483 1.0000 1.0000 1.0000 1.0000 0.0019 0.0061 0.0192 0.0607 0.1915 0.6030 1.0000 1.0000 1.0000 0.0006 0.0020 0.0062 0.0196 0.0617 0.1937 0.6087 1.0000 1.0000 1.0000 0.0006 0.0020 0.0063 0.0197 0.0620 0.1948 0.6122 1.0000 1.0000 1.0000 0.0007 0.0016 0.0007 1.0000 1.0000 1.0000 0.6122 0.1948 0.0620 0.0197 0.0063 0.0020 0.0006 1.0000 1.0000 1.0000 0.6087 0.1937 0.0617 0.0196 0.0062 0.0020 0.0006 1.0000 1.0000 1.0000 0.6041 0.1915 0.0607 0.0192 0.0061 0.0019 1.0000 1.0000 1.0000 1.0000 0.5483 0.1722 0.0541 0.0170 0.0053 0.0017 1.0000 1.0000 1.0000 1.0000 0.4772 0.1499 0.0472 0.0146 0.0050 0.0008
0.0025 0.0158 0.0459 0.1482 0.4709 1.0000 1.0000 1.0000 1.0000 0.0017 0.0053 0.0168 0.0534 0.1699 0.5410 1.0000 1.0000 1.0000 1.0000 0.0019 0.0060 0.0191 0.0607 0.1923 0.6076 1.0000 1.0000 1.0000 0.0006 0.0020 0.0063 0.0199 0.0625 0.1963 0.6169 1.0000 1.0000 1.0000 0.0006 0.0020 0.0064 0.0200 0.0628 0.1975 0.6204 1.0000 1.0000 1.0000 0.0007 0.0024 0.0053 0.0024 0.0007 1.0000 1.0000 1.0000 0.6204 0.1975 0.0628 0.0200 0.0064 0.0020 0.0006 1.0000 1.0000 1.0000 0.6169 0.1963 0.0625 0.0199 0.0063 0.0020 0.0006 1.0000 1.0000 1.0000 0.6064 0.1923 0.0607 0.0191 0.0060 0.0019 1.0000 1.0000 1.0000 1.0000 0.5410 0.1699 0.0534 0.0168 0.0053 0.0017 1.0000 1.0000 1.0000 1.0000 0.4709 0.1482 0.0459 0.0158 0.0025
0.0078 0.0497 0.1445 0.4656 1.0000 1.0000 1.0000 1.0000 0.0016 0.0052 0.0165 0.0527 0.1677 0.5339 1.0000 1.0000 1.0000 1.0000 0.0019 0.0060 0.0190 0.0603 0.1915 0.6076 1.0000 1.0000 1.0000 0.0006 0.0020 0.0064 0.0202 0.0633 0.1990 0.6252 1.0000 1.0000 1.0000 0.0007 0.0021 0.0065 0.0203 0.0637 0.2001 0.6287 1.0000 1.0000 1.0000 0.0007 0.0021 0.0075 0.0167 0.0075 0.0021 0.0007 1.0000 1.0000 1.0000 0.6287 0.2001 0.0637 0.0203 0.0065 0.0021 0.0007 1.0000 1.0000 1.0000 0.6252 0.1990 0.0633 0.0202 0.0064 0.0020 0.0006 1.0000 1.0000 1.0000 0.6064 0.1915 0.0603 0.0190 0.0060 0.0019 1.0000 1.0000 1.0000 1.0000 0.5339 0.1677 0.0527 0.0165 0.0052 0.0016 1.0000 1.0000 1.0000 1.0000 0.4656 0.1445 0.0497 0.0078
0.0244 0.1563 0.4533 1.0000 1.0000 1.0000 1.0000 0.0016 0.0051 0.0163 0.0520 0.1654 0.5268 1.0000 1.0000 1.0000 1.0000 0.0018 0.0059 0.0187 0.0597 0.1897 0.6030 1.0000 1.0000 1.0000 0.0007 0.0021 0.0065 0.0204 0.0642 0.2016 0.6335 1.0000 1.0000 1.0000 0.0007 0.0021 0.0065 0.0205 0.0645 0.2028 0.6372 1.0000 1.0000 1.0000 0.0007 0.0021 0.0066 0.0239 0.0533 0.0239 0.0066 0.0021 0.0007 1.0000 1.0000 1.0000 0.6372 0.2028 0.0645 0.0205 0.0065 0.0021 0.0007 1.0000 1.0000 1.0000 0.6335 0.2016 0.0642 0.0204 0.0065 0.0021 0.0007 1.0000 1.0000 1.0000 0.6041 0.1897 0.0597 0.0187 0.0059 0.0018 1.0000 1.0000 1.0000 1.0000 0.5268 0.1654 0.0520 0.0163 0.0051 0.0016 1.0000 1.0000 1.0000 1.0000 0.4533 0.1563 0.0244
0.0766 0.4910 1.0000 1.0000 1.0000 1.0000 0.0016 0.0051 0.0161 0.0513 0.1633 0.5198 1.0000 1.0000 1.0000 1.0000 0.0018 0.0058 0.0185 0.0589 0.1876 0.5973 1.0000 1.0000 1.0000 0.0007 0.0021 0.0065 0.0205 0.0648 0.2039 0.6420 1.0000 1.0000 1.0000 0.0007 0.0021 0.0066 0.0208 0.0654 0.2055 0.6457 1.0000 1.0000 1.0000 0.0007 0.0021 0.0066 0.0210 0.0760 0.1696 0.0760 0.0210 0.0066 0.0021 0.0007 1.0000 1.0000 1.0000 0.6457 0.2055 0.0654 0.0208 0.0066 0.0021 0.0007 1.0000 1.0000 1.0000 0.6420 0.2039 0.0648 0.0205 0.0065 0.0021 0.0007 1.0000 1.0000 1.0000 0.5973 0.1876 0.0589 0.0185 0.0058 0.0018 1.0000 1.0000 1.0000 1.0000 0.5198 0.1633 0.0513 0.0161 0.0051 0.0016 1.0000 1.0000 1.0000 1.0000 0.4910 0.0766
0.2406 1.0000 1.0000 1.0000 1.0000 0.0016 0.0050 0.0159 0.0506 0.1611 0.5130 1.0000 1.0000 1.0000 1.0000 0.0018 0.0057 0.0183 0.0581 0.1851 0.5894 1.0000 1.0000 1.0000 0.0006 0.0021 0.0065 0.0206 0.0652 0.2055 0.6482 1.0000 1.0000 1.0000 0.0007 0.0021 0.0067 0.0211 0.0663 0.2083 0.6544 1.0000 1.0000 1.0000 0.0007 0.0021 0.0068 0.0211 0.0669 0.2420 0.5400 0.2420 0.0669 0.0211 0.0068 0.0021 0.0007 1.0000 1.0000 1.0000 0.6544 0.2083 0.0663 0.0211 0.0067 0.0021 0.0007 1.0000 1.0000 1.0000 0.6482 0.2055 0.0652 0.0206 0.0065 0.0021 0.0006 1.0000 1.0000 1.0000 0.5894 0.1851 0.0581 0.0183 0.0057 0.0018 1.0000 1.0000 1.0000 1.0000 0.5130 0.1611 0.0506 0.0159 0.0050 0.0016 1.0000 1.0000 1.0000 1.0000 0.2406
0.7561 1.0000 1.0000 1.0000 0.0015 0.0049 0.0157 0.0499 0.1590 0.5062 1.0000 1.0000 1.0000 1.0000 0.0018 0.0057 0.0180 0.0574 0.1826 0.5816 1.0000 1.0000 1.0000 0.0006 0.0020 0.0065 0.0205 0.0652 0.2063 0.6519 1.0000 1.0000 1.0000 0.0007 0.0022 0.0068 0.0214 0.0672 0.2110 0.6631 1.0000 1.0000 1.0000 0.0007 0.0022 0.0068 0.0215 0.0673 0.2131 0.7706 1.0000 0.7706 0.2131 0.0673 0.0215 0.0068 0.0022 0.0007 1.0000 1.0000 1.0000 0.6631 0.2110 0.0672 0.0214 0.0068 0.0022 0.0007 1.0000 1.0000 1.0000 0.6519 0.2063 0.0652 0.0205 0.0065 0.0020 0.0006 1.0000 1.0000 1.0000 0.5816 0.1826 0.0574 0.0180 0.0057 0.0018 1.0000 1.0000 1.0000 1.0000 0.5062 0.1590 0.0499 0.0157 0.0049 0.0015 1.0000 1.0000 1.0000 0.7561
1.0000 1.0000 1.0000 0.0015 0.0049 0.0155 0.0493 0.1569 0.4995 1.0000 1.0000 1.0000 1.0000 0.0018 0.0056 0.0178 0.0566 0.1802 0.5739 1.0000 1.0000 1.0000 0.0006 0.0020 0.0064 0.0204 0.0648 0.2055 0.6519 1.0000 1.0000 1.0000 0.0007 0.0022 0.0069 0.0217 0.0681 0.2139 0.6720 1.0000 1.0000 1.0000 0.0007 0.0022 0.0069 0.0218 0.0685 0.2143 0.6784 1.0000 1.0000 1.0000 0.6784 0.2143 0.0685 0.0218 0.0069 0.0022 0.0007 1.0000 1.0000 1.0000 0.6720 0.2139 0.0681 0.0217 0.0069 0.0022 0.0007 1.0000 1.0000 1.0000 0.6519 0.2055 0.0648 0.0204 0.0064 0.0020 0.0006 1.0000 1.0000 1.0000 0.5739 0.1802 0.0566 0.0178 0.0056 0.0018 1.0000 1.0000 1.0000 1.0000 0.4995 0.1569 0.0493 0.0155 0.0049 0.0015 1.0000 1.0000 1.0000
1.0000 1.0000 0.0015 0.0048 0.0153 0.0486 0.1548 0.4929 1.0000 1.0000 1.0000 1.0000 0.0017 0.0055 0.0175 0.0559 0.1778 0.5663 1.0000 1.0000 1.0000 0.0006 0.0020 0.0063 0.0202 0.0642 0.2039 0.6482 1.0000 1.0000 1.0000 0.0007 0.0022 0.0070 0.0219 0.0690 0.2167 0.6810 1.0000 1.0000 1.0000 0.0007 0.0022 0.0070 0.0221 0.0694 0.2180 0.6823 1.0000 1.0000 1.0000 1.0000 1.0000 0.6823 0.2180 0.0694 0.0221 0.0070 0.0022 0.0007 1.0000 1.0000 1.0000 0.6810 0.2167 0.0690 0.0219 0.0070 0.0022 0.0007 1.0000 1.0000 1.0000 0.6482 0.2039 0.0642 0.0202 0.0063 0.0020 0.0006 1.0000 1.0000 1.0000 0.5663 0.1778 0.0559 0.0175 0.0055 0.0017 1.0000 1.0000 1.0000 1.0000 0.4929 0.1548 0.0486 0.0153 0.0048 0.0015 1.0000 1.0000
1.0000 0.0016 0.0047 0.0151 0.0480 0.1527 0.4864 1.0000 1.0000 1.0000 1.0000 0.0017 0.0054 0.0173 0.0551 0.1755 0.5588 1.0000 1.0000 1.0000 1.0000 0.0020 0.0062 0.0199 0.0633 0.2016 0.6420 1.0000 1.0000 1.0000 0.0007 0.0022 0.0070 0.0221 0.0696 0.2192 0.6901 1.0000 1.0000 1.0000 0.0007 0.0023 0.0071 0.0224 0.0703 0.2209 0.6941 1.0000 1.0000 1.0000 1.0000 1.0000 1.0000 1.0000 0.6941 0.2209 0.0703 0.0224 0.0071 0.0023 0.0007 1.0000 1.0000 1.0000 0.6901 0.2192 0.0696 0.0221 0.0070 0.0022 0.0007 1.0000 1.0000 1.0000 0.6420 0.2016 0.0633 0.0199 0.0062 0.0020 1.0000 1.0000 1.0000 1.0000 0.5588 0.1755 0.0551 0.0173 0.0054 0.0017 1.0000 1.0000 1.0000 1.0000 0.4864 0.1527 0.0480 0.0151 0.0047 0.0016 1.0000
0.0008 0.0051 0.0147 0.0474 0.1507 0.4799 1.0000 1.0000 1.0000 1.0000 0.0017 0.0054 0.0171 0.0544 0.1732 0.5514 1.0000 1.0000 1.0000 1.0000 0.0019 0.0062 0.0196 0.0625 0.1990 0.6335 1.0000 1.0000 1.0000 0.0007 0.0022 0.0070 0.0222 0.0700 0.2209 0.6967 1.0000 1.0000 1.0000 0.0007 0.0023 0.0072 0.0227 0.0712 0.2239 0.7034 1.0000 1.0000 1.0000 0.0008 0.0019 0.0008 1.0000 1.0000 1.0000 0.7034 0.2239 0.0712 0.0227 0.0072 0.0023 0.0007 1.0000 1.0000 1.0000 0.6967 0.2209 0.0700 0.0222 0.0070 0.0022 0.0007 1.0000 1.0000 1.0000 0.6335 0.1990 0.0625 0.0196 0.0062 0.0019 1.0000 1.0000 1.0000 1.0000 0.5514 0.1732 0.0544 0.0171 0.0054 0.0017 1.0000 1.0000 1.0000 1.0000 0.4799 0.1507 0.0474 0.0147 0.0051 0.0008
0.0025 0.0159 0.0463 0.1490 0.4736 1.0000 1.0000 1.0000 1.0000 0.0017 0.0053 0.0169 0.0537 0.1709 0.5441 1.0000 1.0000 1.0000 1.0000 0.0019 0.0061 0.0194 0.0617 0.1963 0.6252 1.0000 1.0000 1.0000 0.0007 0.0022 0.0070 0.0221 0.0700 0.2217 0.7007 1.0000 1.0000 1.0000 0.0007 0.0023 0.0073 0.0230 0.0722 0.2269 0.7128 1.0000 1.0000 1.0000 0.0007 0.0027 0.0060 0.0027 0.0007 1.0000 1.0000 1.0000 0.7128 0.2269 0.0722 0.0230 0.0073 0.0023 0.0007 1.0000 1.0000 1.0000 0.7007 0.2217 0.0700 0.0221 0.0070 0.0022 0.0007 1.0000 1.0000 1.0000 0.6252 0.1963 0.0617 0.0194 0.0061 0.0019 1.0000 1.0000 1.0000 1.0000 0.5441 0.1709 0.0537 0.0169 0.0053 0.0017 1.0000 1.0000 1.0000 1.0000 0.4736 0.1490 0.0463 0.0159 0.0025
0.0078 0.0500 0.1451 0.4682 1.0000 1.0000 1.0000 1.0000 0.0016 0.0052 0.0166 0.0530 0.1686 0.5369 1.0000 1.0000 1.0000 1.0000 0.0019 0.0060 0.0191 0.0608 0.1937 0.6169 1.0000 1.0000 1.0000 0.0007 0.0022 0.0069 0.0219 0.0696 0.2209 0.7007 1.0000 1.0000 1.0000 0.0007 0.0024 0.0074 0.0233 0.0732 0.2299 0.7224 1.0000 1.0000 1.0000 0.0008 0.0024 0.0086 0.0192 0.0086 0.0024 0.0008 1.0000 1.0000 1.0000 0.7224 0.2299 0.0732 0.0233 0.0074 0.0024 0.0007 1.0000 1.0000 1.0000 0.7007 0.2209 0.0696 0.0219 0.0069 0.0022 0.0007 1.0000 1.0000 1.0000 0.6169 0.1937 0.0608 0.0191 0.0060 0.0019 1.0000 1.0000 1.0000 1.0000 0.5369 0.1686 0.0530 0.0166 0.0052 0.0016 1.0000 1.0000 1.0000 1.0000 0.4682 0.1451 0.0500 0.0078
0.0245 0.1572 0.4568 1.0000 1.0000 1.0000 1.0000 0.0016 0.0052 0.0164 0.0523 0.1664 0.5298 1.0000 1.0000 1.0000 1.0000 0.0019 0.0059 0.0189 0.0600 0.1912 0.6087 1.0000 1.0000 1.0000 0.0007 0.0021 0.0068 0.0217 0.0690 0.2192 0.6967 1.0000 1.0000 1.0000 0.0008 0.0024 0.0075 0.0236 0.0741 0.2330 0.7321 1.0000 1.0000 1.0000 0.0008 0.0024 0.0076 0.0274 0.0612 0.0274 0.0076 0.0024 0.0008 1.0000 1.0000 1.0000 0.7321 0.2330 0.0741 0.0236 0.0075 0.0024 0.0008 1.0000 1.0000 1.0000 0.6967 0.2192 0.0690 0.0217 0.0068 0.0021 0.0007 1.0000 1.0000 1.0000 0.6087 0.1912 0.0600 0.0189 0.0059 0.0019 1.0000 1.0000 1.0000 1.0000 0.5298 0.1664 0.0523 0.0164 0.0052 0.0016 1.0000 1.0000 1.0000 1.0000 0.4568 0.1572 0.0245
0.0770 0.4938 1.0000 1.0000 1.0000 1.0000 0.0016 0.0051 0.0162 0.0516 0.1642 0.5228 1.0000 1.0000 1.0000 1.0000 0.0018 0.0058 0.0186 0.0592 0.1886 0.6007 1.0000 1.0000 1.0000 0.0007 0.0021 0.0067 0.0214 0.0681 0.2167 0.6901 1.0000 1.0000 1.0000 0.0008 0.0024 0.0075 0.0237 0.0749 0.2357 0.7419 1.0000 1.0000 1.0000 0.0008 0.0024 0.0076 0.0241 0.0873 0.1948 0.0873 0.0241 0.0076 0.0024 0.0008 1.0000 1.0000 1.0000 0.7419 0.2357 0.0749 0.0237 0.0075 0.0024 0.0008 1.0000 1.0000 1.0000 0.6901 0.2167 0.0681 0.0214 0.0067 0.0021 0.0007 1.0000 1.0000 1.0000 0.6007 0.1886 0.0592 0.0186 0.0058 0.0018 1.0000 1.0000 1.0000 1.0000 0.5228 0.1642 0.0516 0.0162 0.0051 0.0016 1.0000 1.0000 1.0000 1.0000 0.4938 0.0770
0.2420 1.0000 1.0000 1.0000 1.0000 0.0016 0.0050 0.0160 0.0509 0.1620 0.5159 1.0000 1.0000 1.0000 1.0000 0.0018 0.0058 0.0184 0.0585 0.1862 0.5927 1.0000 1.0000 1.0000 0.0007 0.0021 0.0066 0.0211 0.0672 0.2139 0.6810 1.0000 1.0000 1.0000 0.0007 0.0024 0.0075 0.0238 0.0753 0.2375 0.7490 1.0000 1.0000 1.0000 0.0008 0.0025 0.0078 0.0243 0.0769 0.2781 0.6204 0.2781 0.0769 0.0243 0.0078 0.0025 0.0008 1.0000 1.0000 1.0000 0.7490 0.2375 0.0753 0.0238 0.0075 0.0024 0.0007 1.0000 1.0000 1.0000 0.6810 0.2139 0.0672 0.0211 0.0066 0.0021 0.0007 1.0000 1.0000 1.0000 0.5927 0.1862 0.0585 0.0184 0.0058 0.0018 1.0000 1.0000 1.0000 1.0000 0.5159 0.1620 0.0509 0.0160 0.0050 0.0016 1.0000 1.0000 1.0000 1.0000 0.2420
0.7604 1.0000 1.0000 1.0000 0.0016 0.0050 0.0158 0.0502 0.1599 0.5091 1.0000 1.0000 1.0000 1.0000 0.0018 0.0057 0.0181 0.0577 0.1837 0.5849 1.0000 1.0000 1.0000 0.0006 0.0021 0.0065 0.0208 0.0663 0.2110 0.6720 1.0000 1.0000 1.0000 0.0007 0.0024 0.0075 0.0237 0.0753 0.2384 0.7532 1.0000 1.0000 1.0000 0.0008 0.0025 0.0079 0.0247 0.0773 0.2448 0.8854 1.0000 0.8854 0.2448 0.0773 0.0247 0.0079 0.0025 0.0008 1.0000 1.0000 1.0000 0.7532 0.2384 0.0753 0.0237 0.0075 0.0024 0.0007 1.0000 1.0000 1.0000 0.6720 0.2110 0.0663 0.0208 0.0065 0.0021 0.0006 1.0000 1.0000 1.0000 0.5849 0.1837 0.0577 0.0181 0.0057 0.0018 1.0000 1.0000 1.0000 1.0000 0.5091 0.1599 0.0502 0.0158 0.0050 0.0016 1.0000 1.0000 1.0000 0.7604
1.0000 1.0000 1.0000 0.0015 0.0049 0.0156 0.0495 0.1578 0.5024 1.0000 1.0000 1.0000 1.0000 0.0018 0.0056 0.0179 0.0569 0.1813 0.5772 1.0000 1.0000 1.0000 0.0006 0.0020 0.0065 0.0205 0.0654 0.2083 0.6631 1.0000 1.0000 1.0000 0.0007 0.0023 0.0074 0.0236 0.0749 0.2375 0.7532 1.0000 1.0000 1.0000 0.0008 0.0025 0.0080 0.0250 0.0787 0.2462 0.7795 1.0000 1.0000 1.0000 0.7795 0.2462 0.0787 0.0250 0.0080 0.0025 0.0008 1.0000 1.0000 1.0000 0.7532 0.2375 0.0749 0.0236 0.0074 0.0023 0.0007 1.0000 1.0000 1.0000 0.6631 0.2083 0.0654 0.0205 0.0065 0.0020 0.0006 1.0000 1.0000 1.0000 0.5772 0.1813 0.0569 0.0179 0.0056 0.0018 1.0000 1.0000 1.0000 1.0000 0.5024 0.1578 0.0495 0.0156 0.0049 0.0015 1.0000 1.0000 1.0000
1.0000 1.0000 0.0015 0.0048 0.0154 0.0489 0.1557 0.4957 1.0000 1.0000 1.0000 1.0000 0.0017 0.0055 0.0176 0.0562 0.1789 0.5695 1.0000 1.0000 1.0000 0.0006 0.0020 0.0064 0.0203 0.0645 0.2055 0.6544 1.0000 1.0000 1.0000 0.0007 0.0023 0.0073 0.0233 0.0741 0.2357 0.7490 1.0000 1.0000 1.0000 0.0008 0.0025 0.0080 0.0253 0.0797 0.2504 0.7839 1.0000 1.0000 1.0000 1.0000 1.0000 0.7839 0.2504 0.0797 0.0253 0.0080 0.0025 0.0008 1.0000 1.0000 1.0000 0.7490 0.2357 0.0741 0.0233 0.0073 0.0023 0.0007 1.0000 1.0000 1.0000 0.6544 0.2055 0.0645 0.0203 0.0064 0.0020 0.0006 1.0000 1.0000 1.0000 0.5695 0.1789 0.0562 0.0176 0.0055 0.0017 1.0000 1.0000 1.0000 1.0000 0.4957 0.1557 0.0489 0.0154 0.0048 0.0015 1.0000 1.0000
1.0000 0.0016 0.0047 0.0152 0.0482 0.1536 0.4892 1.0000 1.0000 1.0000 1.0000 0.0017 0.0055 0.0174 0.0554 0.1765 0.5620 1.0000 1.0000 1.0000 0.0006 0.0020 0.0063 0.0200 0.0637 0.2028 0.6457 1.0000 1.0000 1.0000 0.0007 0.0023 0.0072 0.0230 0.0732 0.2330 0.7419 1.0000 1.0000 1.0000 0.0008 0.0026 0.0081 0.0255 0.0805 0.2533 0.7975 1.0000 1.0000 1.0000 1.0000 1.0000 1.0000 1.0000 0.7975 0.2533 0.0805 0.0255 0.0081 0.0026 0.0008 1.0000 1.0000 1.0000 0.7419 0.2330 0.0732 0.0230 0.0072 0.0023 0.0007 1.0000 1.0000 1.0000 0.6457 0.2028 0.0637 0.0200 0.0063 0.0020 0.0006 1.0000 1.0000 1.0000 0.5620 0.1765 0.0554 0.0174 0.0055 0.0017 1.0000 1.0000 1.0000 1.0000 0.4892 0.1536 0.0482 0.0152 0.0047 0.0016 1.0000
0.0008 0.0051 0.0148 0.0477 0.1516 0.4827 1.0000 1.0000 1.0000 1.0000 0.0017 0.0054 0.0172 0.0547 0.1742 0.5546 1.0000 1.0000 1.0000 1.0000 0.0019 0.0062 0.0197 0.0628 0.2001 0.6372 1.0000 1.0000 1.0000 0.0007 0.0022 0.0071 0.0227 0.0722 0.2299 0.7321 1.0000 1.0000 1.0000 0.0008 0.0025 0.0081 0.0256 0.0809 0.2553 0.8051 1.0000 1.0000 1.0000 0.0010 0.0022 0.0010 1.0000 1.0000 1.0000 0.8051 0.2553 0.0809 0.0256 0.0081 0.0025 0.0008 1.0000 1.0000 1.0000 0.7321 0.2299 0.0722 0.0227 0.0071 0.0022 0.0007 1.0000 1.0000 1.0000 0.6372 0.2001 0.0628 0.0197 0.0062 0.0019 1.0000 1.0000 1.0000 1.0000 0.5546 0.1742 0.0547 0.0172 0.0054 0.0017 1.0000 1.0000 1.0000 1.0000 0.4827 0.1516 0.0477 0.0148 0.0051 0.0008
0.0025 0.0160 0.0465 0.1499 0.4763 1.0000 1.0000 1.0000 1.0000 0.0017 0.0053 0.0170 0.0540 0.1719 0.5472 1.0000 1.0000 1.0000 1.0000 0.0019 0.0061 0.0195 0.0620 0.1975 0.6287 1.0000 1.0000 1.0000 0.0007 0.0022 0.0070 0.0224 0.0712 0.2269 0.7224 1.0000 1.0000 1.0000 0.0008 0.0025 0.0080 0.0255 0.0809 0.2562 0.8097 1.0000 1.0000 1.0000 0.0009 0.0031 0.0069 0.0031 0.0009 1.0000 1.0000 1.0000 0.8097 0.2562 0.0809 0.0255 0.0080 0.0025 0.0008 1.0000 1.0000 1.0000 0.7224 0.2269 0.0712 0.0224 0.0070 0.0022 0.0007 1.0000 1.0000 1.0000 0.6287 0.1975 0.0620 0.0195 0.0061 0.0019 1.0000 1.0000 1.0000 1.0000 0.5472 0.1719 0.0540 0.0170 0.0053 0.0017 1.0000 1.0000 1.0000 1.0000 0.4763 0.1499 0.0465 0.0160 0.0025
0.0078 0.0503 0.1459 0.4709 1.0000 1.0000 1.0000 1.0000 0.0016 0.0053 0.0167 0.0533 0.1696 0.5400 1.0000 1.0000 1.0000 1.0000 0.0019 0.0060 0.0192 0.0612 0.1948 0.6204 1.0000 1.0000 1.0000 0.0007 0.0022 0.0069 0.0221 0.0703 0.2239 0.7128 1.0000 1.0000 1.0000 0.0008 0.0025 0.0080 0.0253 0.0805 0.2553 0.8097 1.0000 1.0000 1.0000 0.0009 0.0027 0.0099 0.0220 0.0099 0.0027 0.0009 1.0000 1.0000 1.0000 0.8097 0.2553 0.0805 0.0253 0.0080 0.0025 0.0008 1.0000 1.0000 1.0000 0.7128 0.2239 0.0703 0.0221 0.0069 0.0022 0.0007 1.0000 1.0000 1.0000 0.6204 0.1948 0.0612 0.0192 0.0060 0.0019 1.0000 1.0000 1.0000 1.0000 0.5400 0.1696 0.0533 0.0167 0.0053 0.0016 1.0000 1.0000 1.0000 1.0000 0.4709 0.1459 0.0503 0.0078
0.0247 0.1581 0.4594 1.0000 1.0000 1.0000 1.0000 0.0016 0.0052 0.0165 0.0526 0.1673 0.5329 1.0000 1.0000 1.0000 1.0000 0.0019 0.0060 0.0190 0.0604 0.1923 0.6122 1.0000 1.0000 1.0000 0.0007 0.0021 0.0068 0.0218 0.0694 0.2209 0.7034 1.0000 1.0000 1.0000 0.0008 0.0025 0.0079 0.0250 0.0797 0.2533 0.8051 1.0000 1.0000 1.0000 0.0009 0.0027 0.0087 0.0313 0.0699 0.0313 0.0086 0.0027 0.0009 1.0000 1.0000 1.0000 0.8051 0.2533 0.0797 0.0250 0.0079 0.0025 0.0008 1.0000 1.0000 1.0000 0.7034 0.2209 0.0694 0.0218 0.0068 0.0021 0.0007 1.0000 1.0000 1.0000 0.6122 0.1923 0.0604 0.0190 0.0060 0.0019 1.0000 1.0000 1.0000 1.0000 0.5329 0.1673 0.0526 0.0165 0.0052 0.0016 1.0000 1.0000 1.0000 1.0000 0.4594 0.1581 0.0247
0.0775 0.4967 1.0000 1.0000 1.0000 1.0000 0.0016 0.0051 0.0163 0.0519 0.1651 0.5258 1.0000 1.0000 1.0000 1.0000 0.0018 0.0059 0.0187 0.0596 0.1897 0.6041 1.0000 1.0000 1.0000 0.0007 0.0021 0.0068 0.0215 0.0685 0.2180 0.6941 1.0000 1.0000 1.0000 0.0008 0.0024 0.0078 0.0247 0.0787 0.2504 0.7975 1.0000 1.0000 1.0000 0.0009 0.0028 0.0086 0.0274 0.0996 0.2222 0.0996 0.0274 0.0086 0.0028 0.0009 1.0000 1.0000 1.0000 0.7975 0.2504 0.0787 0.0247 0.0078 0.0024 0.0008 1.0000 1.0000 1.0000 0.6941 0.2180 0.0685 0.0215 0.0068 0.0021 0.0007 1.0000 1.0000 1.0000 0.6041 0.1897 0.0596 0.0187 0.0059 0.0018 1.0000 1.0000 1.0000 1.0000 0.5258 0.1651 0.0519 0.0163 0.0051 0.0016 1.0000 1.0000 1.0000 1.0000 0.4967 0.0775
0.2434 1.0000 1.0000 1.0000 1.0000 0.0016 0.0050 0.0161 0.0512 0.1629 0.5189 1.0000 1.0000 1.0000 1.0000 0.0018 0.0058 0.0185 0.0588 0.1872 0.5961 1.0000 1.0000 1.0000 0.0007 0.0021 0.0067 0.0212 0.0676 0.2151 0.6849 1.0000 1.0000 1.0000 0.0008 0.0024 0.0077 0.0244 0.0776 0.2471 0.7869 1.0000 1.0000 1.0000 0.0009 0.0027 0.0087 0.0274 0.0870 0.3152 0.7047 0.3141 0.0865 0.0272 0.0086 0.0027 0.0009 1.0000 1.0000 1.0000 0.7839 0.2462 0.0773 0.0243 0.0076 0.0024 0.0008 1.0000 1.0000 1.0000 0.6823 0.2143 0.0673 0.0211 0.0066 0.0021 0.0007 1.0000 1.0000 1.0000 0.5939 0.1865 0.0586 0.0184 0.0058 0.0018 1.0000 1.0000 1.0000 1.0000 0.5169 0.1623 0.0510 0.0160 0.0050 0.0016 1.0000 1.0000 1.0000 1.0000 0.2425
0.7648 1.0000 1.0000 1.0000 0.0016 0.0050 0.0159 0.0505 0.1608 0.5120 1.0000 1.0000 1.0000 1.0000 0.0018 0.0057 0.0182 0.0580 0.1847 0.5882 1.0000 1.0000 1.0000 0.0006 0.0021 0.0066 0.0209 0.0667 0.2123 0.6759 1.0000 1.0000 1.0000 0.0007 0.0024 0.0076 0.0241 0.0766 0.2439 0.7765 1.0000 1.0000 1.0000 0.0009 0.0027 0.0086 0.0274 0.0865 0.2749 0.9962 1.0000 1.0000 0.2749 0.0863 0.0275 0.0087 0.0027 0.0009 1.0000 1.0000 1.0000 0.7795 0.2448 0.0769 0.0241 0.0076 0.0024 0.0007 1.0000 1.0000 1.0000 0.6784 0.2131 0.0669 0.0210 0.0066 0.0021 0.0007 1.0000 1.0000 1.0000 0.5905 0.1854 0.0582 0.0183 0.0057 0.0018 1.0000 1.0000 1.0000 1.0000 0.5139 0.1614 0.0507 0.0159 0.0050 0.0016 1.0000 1.0000 1.0000 0.7750
1.0000 1.0000 1.0000 0.0015 0.0049 0.0156 0.0498 0.1587 0.5052 1.0000 1.0000 1.0000 1.0000 0.0018 0.0056 0.0180 0.0573 0.1823 0.5805 1.0000 1.0000 1.0000 0.0006 0.0020 0.0065 0.0207 0.0658 0.2094 0.6669 1.0000 1.0000 1.0000 0.0007 0.0023 0.0075 0.0237 0.0756 0.2406 0.7662 1.0000 1.0000 1.0000 0.0008 0.0027 0.0086 0.0273 0.0865 0.2733 0.8638 1.0000 1.0000 1.0000 1.0000 0.3135 0.0994 0.0314 0.0099 0.0031 0.0010 1.0000 1.0000 1.0000 0.8854 0.2781 0.0873 0.0274 0.0086 0.0027 0.0008 1.0000 1.0000 1.0000 0.7706 0.2420 0.0760 0.0239 0.0075 0.0024 0.0007 1.0000 1.0000 1.0000 0.6707 0.2106 0.0662 0.0208 0.0065 0.0020 1.0000 1.0000 1.0000 1.0000 0.5838 0.1833 0.0576 0.0181 0.0057 0.0018 1.0000 1.0000 1.0000
1.0000 1.0000 0.0015 0.0049 0.0154 0.0492 0.1566 0.4985 1.0000 1.0000 1.0000 1.0000 0.0017 0.0056 0.0177 0.0565 0.1799 0.5728 1.0000 1.0000 1.0000 0.0006 0.0020 0.0064 0.0204 0.0649 0.2067 0.6581 1.0000 1.0000 1.0000 0.0007 0.0023 0.0074 0.0234 0.0746 0.2375 0.7561 1.0000 1.0000 1.0000 0.0008 0.0027 0.0085 0.0269 0.0857 0.2728 0.8556 1.0000 1.0000 1.0000 1.0000 1.0000 0.7224 0.2222 0.0699 0.0220 0.0069 0.0022 1.0000 1.0000 1.0000 1.0000 0.6204 0.1948 0.0612 0.0192 0.0060 0.0019 1.0000 1.0000 1.0000 1.0000 0.5400 0.1696 0.0533 0.0167 0.0053 0.0016 1.0000 1.0000 1.0000 1.0000 0.4700 0.1476 0.0464 0.0146 0.0046 0.0014 1.0000 1.0000 1.0000 1.0000 0.4091 0.1285 0.0403 0.0127 0.0040 0.0012 1.0000 1.0000
1.0000 0.0016 0.0047 0.0153 0.0485 0.1545 0.4920 1.0000 1.0000 1.0000 1.0000 0.0017 0.0055 0.0175 0.0557 0.1775 0.5652 1.0000 1.0000 1.0000 0.0006 0.0020 0.0063 0.0201 0.0640 0.2039 0.6494 1.0000 1.0000 1.0000 0.0007 0.0023 0.0073 0.0231 0.0736 0.2343 0.7461 1.0000 1.0000 1.0000 0.0008 0.0026 0.0083 0.0266 0.0845 0.2697 0.8556 1.0000 1.0000 1.0000 1.0000 0.7088 0.9374 0.3338 0.0998 0.0313 0.0099 0.0031 0.0010 1.0000 1.0000 1.0000 0.8854 0.2781 0.0873 0.0274 0.0086 0.0027 0.0008 1.0000 1.0000 1.0000 0.7706 0.2420 0.0760 0.0239 0.0075 0.0024 0.0007 1.0000 1.0000 1.0000 0.6707 0.2106 0.0662 0.0208 0.0065 0.0020 1.0000 1.0000 1.0000 1.0000 0.5838 0.1833 0.0576 0.0181 0.0057 0.0018 1.0000 1.0000 1.0000
0.0008 0.0051 0.0148 0.0478 0.1519 0.4836 1.0000 1.0000 1.0000 1.0000 0.0017 0.0054 0.0172 0.0548 0.1745 0.5556 1.0000 1.0000 1.0000 1.0000 0.0020 0.0062 0.0198 0.0630 0.2005 0.6384 1.0000 1.0000 1.0000 0.0007 0.0022 0.0071 0.0227 0.0723 0.2303 0.7335 1.0000 1.0000 1.0000 0.0008 0.0026 0.0082 0.0261 0.0831 0.2646 0.8427 1.0000 1.0000 1.0000 0.0010 0.0013 0.0439 0.2651 0.1003 0.0272 0.0086 0.0027 0.0009 1.0000 1.0000 1.0000 0.7795 0.2448 0.0769 0.0241 0.0076 0.0024 0.0007 1.0000 1.0000 1.0000 0.6784 0.2131 0.0669 0.0210 0.0066 0.0021 0.0007 1.0000 1.0000 1.0000 0.5905 0.1854 0.0582 0.0183 0.0057 0.0018 1.0000 1.0000 1.0000 1.0000 0.5139 0.1614 0.0507 0.0159 0.0050 0.0016 1.0000 1.0000 1.0000 0.7750
0.0025 0.0162 0.0470 0.1513 0.4809 1.0000 1.0000 1.0000 1.0000 0.0017 0.0054 0.0171 0.0545 0.1735 0.5525 1.0000 1.0000 1.0000 1.0000 0.0019 0.0062 0.0197 0.0626 0.1993 0.6347 1.0000 1.0000 1.0000 0.0007 0.0022 0.0071 0.0226 0.0719 0.2290 0.7293 1.0000 1.0000 1.0000 0.0008 0.0026 0.0082 0.0260 0.0826 0.2631 0.8379 1.0000 1.0000 1.0000 0.0009 0.0029 0.0052 0.0842 0.1234 0.0276 0.0085 0.0027 0.0009 1.0000 1.0000 1.0000 0.7839 0.2462 0.0773 0.0243 0.0076 0.0024 0.0008 1.0000 1.0000 1.0000 0.6823 0.2143 0.0673 0.0211 0.0066 0.0021 0.0007 1.0000 1.0000 1.0000 0.5939 0.1865 0.0586 0.0184 0.0058 0.0018 1.0000 1.0000 1.0000 1.0000 0.5169 0.1623 0.0510 0.0160 0.0050 0.0016 1.0000 1.0000 1.0000 1.0000 0.2425
0.0092 0.0589 0.1702 0.5493 1.0000 1.0000 1.0000 1.0000 0.0019 0.0061 0.0194 0.0619 0.1971 0.6275 1.0000 1.0000 1.0000 1.0000 0.0022 0.0070 0.0223 0.0711 0.2264 0.7210 1.0000 1.0000 1.0000 0.0008 0.0025 0.0081 0.0257 0.0817 0.2602 0.8284 1.0000 1.0000 1.0000 0.0009 0.0029 0.0093 0.0295 0.0940 0.2995 0.9536 1.0000 1.0000 1.0000 0.0011 0.0034 0.0106 0.0366 0.1023 0.0319 0.0084 0.0027 0.0009 1.0000 1.0000 1.0000 0.7975 0.2504 0.0787 0.0247 0.0078 0.0024 0.0008 1.0000 1.0000 1.0000 0.6941 0.2180 0.0685 0.0215 0.0068 0.0021 0.0007 1.0000 1.0000 1.0000 0.6041 0.1897 0.0596 0.0187 0.0059 0.0018 1.0000 1.0000 1.0000 1.0000 0.5258 0.1651 0.0519 0.0163 0.0051 0.0016 1.0000 1.0000 1.0000 1.0000 0.4967 0.0775
0.0219 0.1322 0.3813 1.0000 1.0000 1.0000 1.0000 0.0013 0.0043 0.0136 0.0433 0.1378 0.4389 1.0000 1.0000 1.0000 1.0000 0.0015 0.0049 0.0156 0.0497 0.1584 0.5043 1.0000 1.0000 1.0000 1.0000 0.0018 0.0056 0.0179 0.0571 0.1820 0.5794 1.0000 1.0000 1.0000 1.0000 0.0020 0.0065 0.0206 0.0655 0.2079 0.6619 1.0000 1.0000 1.0000 1.0000 0.0023 0.0073 0.0245 0.0681 0.0376 0.0085 0.0027 0.0009 1.0000 1.0000 1.0000 0.8051 0.2533 0.0797 0.0250 0.0079 0.0025 0.0008 1.0000 1.0000 1.0000 0.7034 0.2209 0.0694 0.0218 0.0068 0.0021 0.0007 1.0000 1.0000 1.0000 0.6122 0.1923 0.0604 0.0190 0.0060 0.0019 1.0000 1.0000 1.0000 1.0000 0.5329 0.1673 0.0526 0.0165 0.0052 0.0016 1.0000 1.0000 1.0000 1.0000 0.4594 0.1581 0.0247
