-0.0270 0.0363 0.1029 0.0542 -0.1420 -0.2028 -0.2164 -0.1868 -0.1019 -0.0448 -0.0080 0.0310 0.1037 0.0530 -0.1428 -0.2029 -0.2164 -0.1865 -0.1015 -0.0446 -0.0078 0.0312 0.1044 0.0518 -0.1436 -0.2030 -0.2164 -0.1861 -0.1010 -0.0444 -0.0076 0.0314 0.1050 0.0506 -0.1444 -0.2032 -0.2164 -0.1858 -0.1006 -0.0443 -0.0074 0.0316 0.1057 0.0494 -0.1451 -0.2033 -0.2163 -0.1854 -0.0956 -0.0398 -0.0113 -0.0398 -0.0956 -0.1854 -0.2163 -0.2033 -0.1451 0.0494 0.1057 0.0316 -0.0074 -0.0443 -0.1006 -0.1858 -0.2164 -0.2032 -0.1444 0.0506 0.1050 0.0314 -0.0076 -0.0444 -0.1010 -0.1861 -0.2164 -0.2030 -0.1436 0.0518 0.1044 0.0312 -0.0078 -0.0446 -0.1015 -0.1865 -0.2164 -0.2029 -0.1428 0.0530 0.1037 0.0310 -0.0080 -0.0448 -0.1019 -0.1868 -0.2164 -0.2028 -0.1420 0.0542 0.1029 0.0363 -0.0270
0.0363 0.1242 0.0739 -0.2285 -0.3336 -0.3285 -0.2642 -0.1130 -0.0270 0.0144 0.0486 0.1263 0.0714 -0.2308 -0.3336 -0.3284 -0.2635 -0.1121 -0.0267 0.0146 0.0489 0.1271 0.0697 -0.2325 -0.3337 -0.3282 -0.2630 -0.1114 -0.0264 0.0147 0.0491 0.1279 0.0680 -0.2343 -0.3337 -0.3281 -0.2624 -0.1107 -0.0262 0.0149 0.0493 0.1287 0.0663 -0.2361 -0.3338 -0.3279 -0.2621 -0.1102 -0.0257 0.0189 0.0411 0.0189 -0.0257 -0.1102 -0.2621 -0.3279 -0.3338 -0.2361 0.0663 0.1287 0.0493 0.0149 -0.0262 -0.1107 -0.2624 -0.3281 -0.3337 -0.2343 0.0680 0.1279 0.0491 0.0147 -0.0264 -0.1114 -0.2630 -0.3282 -0.3337 -0.2325 0.0697 0.1271 0.0489 0.0146 -0.0267 -0.1121 -0.2635 -0.3284 -0.3336 -0.2308 0.0714 0.1263 0.0486 0.0144 -0.0270 -0.1130 -0.2642 -0.3285 -0.3336 -0.2285 0.0739 0.1242 0.0363
0.1029 0.0739 -0.2300 -0.3338 -0.3283 -0.2618 -0.1085 -0.0269 0.0109 0.0484 0.1282 0.0674 -0.2350 -0.3339 -0.3280 -0.2609 -0.1075 -0.0266 0.0111 0.0487 0.1290 0.0657 -0.2368 -0.3340 -0.3279 -0.2604 -0.1068 -0.0264 0.0112 0.0490 0.1299 0.0639 -0.2386 -0.3340 -0.3278 -0.2597 -0.1061 -0.0261 0.0114 0.0492 0.1307 0.0622 -0.2404 -0.3341 -0.3276 -0.2592 -0.1055 -0.0261 0.0116 0.0527 0.0901 0.0527 0.0116 -0.0261 -0.1055 -0.2592 -0.3276 -0.3341 -0.2404 0.0622 0.1307 0.0492 0.0114 -0.0261 -0.1061 -0.2597 -0.3278 -0.3340 -0.2386 0.0639 0.1299 0.0490 0.0112 -0.0264 -0.1068 -0.2604 -0.3279 -0.3340 -0.2368 0.0657 0.1290 0.0487 0.0111 -0.0266 -0.1075 -0.2609 -0.3280 -0.3339 -0.2350 0.0674 0.1282 0.0484 0.0109 -0.0269 -0.1085 -0.2618 -0.3283 -0.3338 -0.2300 0.0739 0.1029
0.0542 -0.2285 -0.3338 -0.3282 -0.2612 -0.1075 -0.0263 0.0116 0.0490 0.1300 0.0636 -0.2392 -0.3340 -0.3277 -0.2597 -0.1061 -0.0259 0.0118 0.0493 0.1310 0.0616 -0.2410 -0.3341 -0.3276 -0.2592 -0.1054 -0.0257 0.0120 0.0495 0.1319 0.0599 -0.2429 -0.3341 -0.3274 -0.2586 -0.1047 -0.0255 0.0121 0.0498 0.1327 0.0581 -0.2448 -0.3342 -0.3273 -0.2580 -0.1040 -0.0252 0.0122 0.0503 0.1219 0.1352 0.1219 0.0503 0.0122 -0.0252 -0.1040 -0.2580 -0.3273 -0.3342 -0.2448 0.0581 0.1327 0.0498 0.0121 -0.0255 -0.1047 -0.2586 -0.3274 -0.3341 -0.2429 0.0599 0.1319 0.0495 0.0120 -0.0257 -0.1054 -0.2592 -0.3276 -0.3341 -0.2410 0.0616 0.1310 0.0493 0.0118 -0.0259 -0.1061 -0.2597 -0.3277 -0.3340 -0.2392 0.0636 0.1300 0.0490 0.0116 -0.0263 -0.1075 -0.2612 -0.3282 -0.3338 -0.2285 0.0542
-0.1420 -0.3336 -0.3283 -0.2612 -0.1069 -0.0260 0.0119 0.0495 0.1319 0.0598 -0.2432 -0.3341 -0.3274 -0.2584 -0.1045 -0.0254 0.0121 0.0499 0.1330 0.0576 -0.2454 -0.3342 -0.3272 -0.2578 -0.1038 -0.0252 0.0123 0.0501 0.1339 0.0558 -0.2473 -0.3342 -0.3271 -0.2572 -0.1031 -0.0249 0.0124 0.0504 0.1348 0.0540 -0.2492 -0.3343 -0.3269 -0.2566 -0.1024 -0.0247 0.0126 0.0506 0.1381 0.0452 -0.1687 0.0452 0.1381 0.0506 0.0126 -0.0247 -0.1024 -0.2566 -0.3269 -0.3343 -0.2492 0.0540 0.1348 0.0504 0.0124 -0.0249 -0.1031 -0.2572 -0.3271 -0.3342 -0.2473 0.0558 0.1339 0.0501 0.0123 -0.0252 -0.1038 -0.2578 -0.3272 -0.3342 -0.2454 0.0576 0.1330 0.0499 0.0121 -0.0254 -0.1045 -0.2584 -0.3274 -0.3341 -0.2432 0.0598 0.1319 0.0495 0.0119 -0.0260 -0.1069 -0.2612 -0.3283 -0.3336 -0.1420
-0.2028 -0.3285 -0.2618 -0.1075 -0.0260 0.0120 0.0498 0.1334 0.0561 -0.2473 -0.3343 -0.3270 -0.2570 -0.1029 -0.0248 0.0125 0.0504 0.1351 0.0535 -0.2498 -0.3343 -0.3269 -0.2564 -0.1022 -0.0246 0.0126 0.0507 0.1361 0.0517 -0.2517 -0.3344 -0.3267 -0.2558 -0.1015 -0.0244 0.0128 0.0509 0.1370 0.0499 -0.2537 -0.3344 -0.3266 -0.2552 -0.1008 -0.0241 0.0129 0.0512 0.1388 0.0438 -0.2629 -0.3298 -0.2629 0.0438 0.1388 0.0512 0.0129 -0.0241 -0.1008 -0.2552 -0.3266 -0.3344 -0.2537 0.0499 0.1370 0.0509 0.0128 -0.0244 -0.1015 -0.2558 -0.3267 -0.3344 -0.2517 0.0517 0.1361 0.0507 0.0126 -0.0246 -0.1022 -0.2564 -0.3269 -0.3343 -0.2498 0.0535 0.1351 0.0504 0.0125 -0.0248 -0.1029 -0.2570 -0.3270 -0.3343 -0.2473 0.0561 0.1334 0.0498 0.0120 -0.0260 -0.1075 -0.2618 -0.3285 -0.2028
-0.2164 -0.2642 -0.1085 -0.0263 0.0119 0.0498 0.1338 0.0538 -0.2504 -0.3344 -0.3267 -0.2557 -0.1013 -0.0243 0.0128 0.0510 0.1373 0.0493 -0.2543 -0.3344 -0.3265 -0.2550 -0.1006 -0.0240 0.0130 0.0513 0.1383 0.0475 -0.2563 -0.3345 -0.3264 -0.2544 -0.0999 -0.0238 0.0131 0.0515 0.1392 0.0458 -0.2583 -0.3345 -0.3262 -0.2537 -0.0992 -0.0236 0.0133 0.0518 0.1402 0.0441 -0.2631 -0.3362 -0.3397 -0.3362 -0.2631 0.0441 0.1402 0.0518 0.0133 -0.0236 -0.0992 -0.2537 -0.3262 -0.3345 -0.2583 0.0458 0.1392 0.0515 0.0131 -0.0238 -0.0999 -0.2544 -0.3264 -0.3345 -0.2563 0.0475 0.1383 0.0513 0.0130 -0.0240 -0.1006 -0.2550 -0.3265 -0.3344 -0.2543 0.0493 0.1373 0.0510 0.0128 -0.0243 -0.1013 -0.2557 -0.3267 -0.3344 -0.2504 0.0538 0.1338 0.0498 0.0119 -0.0263 -0.1085 -0.2642 -0.2164
-0.1868 -0.1130 -0.0269 0.0116 0.0495 0.1334 0.0538 -0.2514 -0.3344 -0.3265 -0.2546 -0.0999 -0.0238 0.0132 0.0516 0.1396 0.0452 -0.2589 -0.3345 -0.3262 -0.2535 -0.0990 -0.0235 0.0133 0.0519 0.1405 0.0434 -0.2609 -0.3346 -0.3260 -0.2529 -0.0984 -0.0233 0.0135 0.0521 0.1415 0.0416 -0.2630 -0.3346 -0.3258 -0.2523 -0.0977 -0.0230 0.0136 0.0524 0.1426 0.0399 -0.2650 -0.3342 -0.3268 -0.3046 -0.3268 -0.3342 -0.2650 0.0399 0.1426 0.0524 0.0136 -0.0230 -0.0977 -0.2523 -0.3258 -0.3346 -0.2630 0.0416 0.1415 0.0521 0.0135 -0.0233 -0.0984 -0.2529 -0.3260 -0.3346 -0.2609 0.0434 0.1405 0.0519 0.0133 -0.0235 -0.0990 -0.2535 -0.3262 -0.3345 -0.2589 0.0452 0.1396 0.0516 0.0132 -0.0238 -0.0999 -0.2546 -0.3265 -0.3344 -0.2514 0.0538 0.1334 0.0495 0.0116 -0.0269 -0.1130 -0.1868
-0.1019 -0.0270 0.0109 0.0490 0.1319 0.0561 -0.2504 -0.3344 -0.3264 -0.2539 -0.0989 -0.0233 0.0135 0.0522 0.1419 0.0410 -0.2636 -0.3346 -0.3258 -0.2521 -0.0975 -0.0229 0.0137 0.0525 0.1429 0.0392 -0.2657 -0.3347 -0.3256 -0.2515 -0.0968 -0.0227 0.0138 0.0527 0.1439 0.0374 -0.2678 -0.3347 -0.3255 -0.2508 -0.0962 -0.0225 0.0140 0.0530 0.1450 0.0356 -0.2699 -0.3347 -0.3226 -0.2480 -0.1690 -0.2480 -0.3226 -0.3347 -0.2699 0.0356 0.1450 0.0530 0.0140 -0.0225 -0.0962 -0.2508 -0.3255 -0.3347 -0.2678 0.0374 0.1439 0.0527 0.0138 -0.0227 -0.0968 -0.2515 -0.3256 -0.3347 -0.2657 0.0392 0.1429 0.0525 0.0137 -0.0229 -0.0975 -0.2521 -0.3258 -0.3346 -0.2636 0.0410 0.1419 0.0522 0.0135 -0.0233 -0.0989 -0.2539 -0.3264 -0.3344 -0.2504 0.0561 0.1319 0.0490 0.0109 -0.0270 -0.1019
-0.0448 0.0144 0.0484 0.1300 0.0598 -0.2473 -0.3344 -0.3265 -0.2539 -0.0985 -0.0231 0.0137 0.0526 0.1439 0.0371 -0.2685 -0.3347 -0.3254 -0.2506 -0.0959 -0.0224 0.0140 0.0531 0.1454 0.0350 -0.2706 -0.3348 -0.3252 -0.2500 -0.0953 -0.0222 0.0142 0.0533 0.1464 0.0332 -0.2727 -0.3348 -0.3251 -0.2494 -0.0947 -0.0219 0.0143 0.0536 0.1475 0.0314 -0.2748 -0.3349 -0.3249 -0.2424 -0.0872 -0.0352 -0.0872 -0.2424 -0.3249 -0.3349 -0.2748 0.0314 0.1475 0.0536 0.0143 -0.0219 -0.0947 -0.2494 -0.3251 -0.3348 -0.2727 0.0332 0.1464 0.0533 0.0142 -0.0222 -0.0953 -0.2500 -0.3252 -0.3348 -0.2706 0.0350 0.1454 0.0531 0.0140 -0.0224 -0.0959 -0.2506 -0.3254 -0.3347 -0.2685 0.0371 0.1439 0.0526 0.0137 -0.0231 -0.0985 -0.2539 -0.3265 -0.3344 -0.2473 0.0598 0.1300 0.0484 0.0144 -0.0448
-0.0080 0.0486 0.1282 0.0636 -0.2432 -0.3343 -0.3267 -0.2546 -0.0989 -0.0231 0.0138 0.0529 0.1455 0.0338 -0.2727 -0.3348 -0.3250 -0.2492 -0.0944 -0.0219 0.0143 0.0537 0.1479 0.0308 -0.2755 -0.3349 -0.3248 -0.2485 -0.0938 -0.0216 0.0145 0.0539 0.1490 0.0291 -0.2777 -0.3349 -0.3247 -0.2479 -0.0932 -0.0214 0.0146 0.0542 0.1502 0.0273 -0.2799 -0.3350 -0.3246 -0.2473 -0.0893 -0.0157 0.0089 -0.0157 -0.0893 -0.2473 -0.3246 -0.3350 -0.2799 0.0273 0.1502 0.0542 0.0146 -0.0214 -0.0932 -0.2479 -0.3247 -0.3349 -0.2777 0.0291 0.1490 0.0539 0.0145 -0.0216 -0.0938 -0.2485 -0.3248 -0.3349 -0.2755 0.0308 0.1479 0.0537 0.0143 -0.0219 -0.0944 -0.2492 -0.3250 -0.3348 -0.2727 0.0338 0.1455 0.0529 0.0138 -0.0231 -0.0989 -0.2546 -0.3267 -0.3343 -0.2432 0.0636 0.1282 0.0486 -0.0080
0.0310 0.1263 0.0674 -0.2392 -0.3341 -0.3270 -0.2557 -0.0999 -0.0233 0.0137 0.0529 0.1463 0.0317 -0.2759 -0.3349 -0.3247 -0.2478 -0.0930 -0.0213 0.0147 0.0543 0.1506 0.0267 -0.2806 -0.3350 -0.3244 -0.2470 -0.0923 -0.0211 0.0148 0.0545 0.1517 0.0249 -0.2829 -0.3350 -0.3243 -0.2464 -0.0917 -0.0209 0.0150 0.0548 0.1529 0.0231 -0.2851 -0.3351 -0.3241 -0.2459 -0.0913 -0.0206 0.0186 0.0442 0.0186 -0.0206 -0.0913 -0.2459 -0.3241 -0.3351 -0.2851 0.0231 0.1529 0.0548 0.0150 -0.0209 -0.0917 -0.2464 -0.3243 -0.3350 -0.2829 0.0249 0.1517 0.0545 0.0148 -0.0211 -0.0923 -0.2470 -0.3244 -0.3350 -0.2806 0.0267 0.1506 0.0543 0.0147 -0.0213 -0.0930 -0.2478 -0.3247 -0.3349 -0.2759 0.0317 0.1463 0.0529 0.0137 -0.0233 -0.0999 -0.2557 -0.3270 -0.3341 -0.2392 0.0674 0.1263 0.0310
0.1037 0.0714 -0.2350 -0.3340 -0.3274 -0.2570 -0.1013 -0.0238 0.0135 0.0526 0.1455 0.0317 -0.2773 -0.3350 -0.3244 -0.2466 -0.0917 -0.0208 0.0150 0.0549 0.1533 0.0225 -0.2859 -0.3351 -0.3240 -0.2455 -0.0909 -0.0206 0.0152 0.0551 0.1545 0.0207 -0.2881 -0.3351 -0.3239 -0.2449 -0.0902 -0.0203 0.0153 0.0554 0.1558 0.0189 -0.2904 -0.3352 -0.3237 -0.2442 -0.0897 -0.0203 0.0156 0.0585 0.0979 0.0585 0.0156 -0.0203 -0.0897 -0.2442 -0.3237 -0.3352 -0.2904 0.0189 0.1558 0.0554 0.0153 -0.0203 -0.0902 -0.2449 -0.3239 -0.3351 -0.2881 0.0207 0.1545 0.0551 0.0152 -0.0206 -0.0909 -0.2455 -0.3240 -0.3351 -0.2859 0.0225 0.1533 0.0549 0.0150 -0.0208 -0.0917 -0.2466 -0.3244 -0.3350 -0.2773 0.0317 0.1455 0.0526 0.0135 -0.0238 -0.1013 -0.2570 -0.3274 -0.3340 -0.2350 0.0714 0.1037
0.0530 -0.2308 -0.3339 -0.3277 -0.2584 -0.1029 -0.0243 0.0132 0.0522 0.1439 0.0338 -0.2759 -0.3350 -0.3243 -0.2458 -0.0908 -0.0204 0.0153 0.0554 0.1562 0.0184 -0.2912 -0.3352 -0.3236 -0.2440 -0.0894 -0.0200 0.0155 0.0557 0.1574 0.0166 -0.2935 -0.3352 -0.3234 -0.2433 -0.0888 -0.0198 0.0157 0.0560 0.1587 0.0148 -0.2959 -0.3352 -0.3232 -0.2427 -0.0882 -0.0196 0.0157 0.0565 0.1391 0.1208 0.1391 0.0565 0.0157 -0.0196 -0.0882 -0.2427 -0.3232 -0.3352 -0.2959 0.0148 0.1587 0.0560 0.0157 -0.0198 -0.0888 -0.2433 -0.3234 -0.3352 -0.2935 0.0166 0.1574 0.0557 0.0155 -0.0200 -0.0894 -0.2440 -0.3236 -0.3352 -0.2912 0.0184 0.1562 0.0554 0.0153 -0.0204 -0.0908 -0.2458 -0.3243 -0.3350 -0.2759 0.0338 0.1439 0.0522 0.0132 -0.0243 -0.1029 -0.2584 -0.3277 -0.3339 -0.2308 0.0530
-0.1428 -0.3336 -0.3280 -0.2597 -0.1045 -0.0248 0.0128 0.0516 0.1419 0.0371 -0.2727 -0.3349 -0.3244 -0.2458 -0.0903 -0.0202 0.0156 0.0559 0.1587 0.0145 -0.2967 -0.3352 -0.3232 -0.2424 -0.0880 -0.0195 0.0159 0.0564 0.1605 0.0125 -0.2991 -0.3353 -0.3230 -0.2418 -0.0874 -0.0193 0.0160 0.0566 0.1618 0.0107 -0.3015 -0.3353 -0.3228 -0.2411 -0.0868 -0.0191 0.0162 0.0569 0.1670 0.0021 -0.2251 0.0021 0.1670 0.0569 0.0162 -0.0191 -0.0868 -0.2411 -0.3228 -0.3353 -0.3015 0.0107 0.1618 0.0566 0.0160 -0.0193 -0.0874 -0.2418 -0.3230 -0.3353 -0.2991 0.0125 0.1605 0.0564 0.0159 -0.0195 -0.0880 -0.2424 -0.3232 -0.3352 -0.2967 0.0145 0.1587 0.0559 0.0156 -0.0202 -0.0903 -0.2458 -0.3244 -0.3349 -0.2727 0.0371 0.1419 0.0516 0.0128 -0.0248 -0.1045 -0.2597 -0.3280 -0.3336 -0.1428
-0.2029 -0.3284 -0.2609 -0.1061 -0.0254 0.0125 0.0510 0.1396 0.0410 -0.2685 -0.3348 -0.3247 -0.2466 -0.0908 -0.0202 0.0157 0.0562 0.1607 0.0113 -0.3015 -0.3353 -0.3227 -0.2409 -0.0866 -0.0190 0.0162 0.0570 0.1636 0.0084 -0.3047 -0.3354 -0.3225 -0.2402 -0.0860 -0.0188 0.0164 0.0572 0.1650 0.0066 -0.3072 -0.3354 -0.3224 -0.2395 -0.0854 -0.0185 0.0165 0.0575 0.1680 0.0009 -0.3190 -0.3322 -0.3190 0.0009 0.1680 0.0575 0.0165 -0.0185 -0.0854 -0.2395 -0.3224 -0.3354 -0.3072 0.0066 0.1650 0.0572 0.0164 -0.0188 -0.0860 -0.2402 -0.3225 -0.3354 -0.3047 0.0084 0.1636 0.0570 0.0162 -0.0190 -0.0866 -0.2409 -0.3227 -0.3353 -0.3015 0.0113 0.1607 0.0562 0.0157 -0.0202 -0.0908 -0.2466 -0.3247 -0.3348 -0.2685 0.0410 0.1396 0.0510 0.0125 -0.0254 -0.1061 -0.2609 -0.3284 -0.2029
-0.2164 -0.2635 -0.1075 -0.0259 0.0121 0.0504 0.1373 0.0452 -0.2636 -0.3347 -0.3250 -0.2478 -0.0917 -0.0204 0.0156 0.0562 0.1616 0.0092 -0.3051 -0.3354 -0.3224 -0.2394 -0.0852 -0.0185 0.0166 0.0576 0.1667 0.0043 -0.3106 -0.3354 -0.3221 -0.2386 -0.0846 -0.0182 0.0167 0.0579 0.1675 0.0026 -0.3131 -0.3355 -0.3219 -0.2379 -0.0841 -0.0180 0.0169 0.0581 0.1683 0.0009 -0.3191 -0.3371 -0.3387 -0.3371 -0.3191 0.0009 0.1683 0.0581 0.0169 -0.0180 -0.0841 -0.2379 -0.3219 -0.3355 -0.3131 0.0026 0.1675 0.0579 0.0167 -0.0182 -0.0846 -0.2386 -0.3221 -0.3354 -0.3106 0.0043 0.1667 0.0576 0.0166 -0.0185 -0.0852 -0.2394 -0.3224 -0.3354 -0.3051 0.0092 0.1616 0.0562 0.0156 -0.0204 -0.0917 -0.2478 -0.3250 -0.3347 -0.2636 0.0452 0.1373 0.0504 0.0121 -0.0259 -0.1075 -0.2635 -0.2164
-0.1865 -0.1121 -0.0266 0.0118 0.0499 0.1351 0.0493 -0.2589 -0.3346 -0.3254 -0.2492 -0.0930 -0.0208 0.0153 0.0559 0.1607 0.0092 -0.3068 -0.3354 -0.3221 -0.2382 -0.0841 -0.0180 0.0169 0.0582 0.1684 0.0003 -0.3161 -0.3355 -0.3216 -0.2370 -0.0833 -0.0177 0.0171 0.0585 0.1685 -0.0015 -0.3175 -0.3355 -0.3214 -0.2363 -0.0827 -0.0175 0.0172 0.0588 0.1687 -0.0031 -0.3188 -0.3349 -0.3222 -0.2949 -0.3222 -0.3349 -0.3188 -0.0031 0.1687 0.0588 0.0172 -0.0175 -0.0827 -0.2363 -0.3214 -0.3355 -0.3175 -0.0015 0.1685 0.0585 0.0171 -0.0177 -0.0833 -0.2370 -0.3216 -0.3355 -0.3161 0.0003 0.1684 0.0582 0.0169 -0.0180 -0.0841 -0.2382 -0.3221 -0.3354 -0.3068 0.0092 0.1607 0.0559 0.0153 -0.0208 -0.0930 -0.2492 -0.3254 -0.3346 -0.2589 0.0493 0.1351 0.0499 0.0118 -0.0266 -0.1121 -0.1865
-0.1015 -0.0267 0.0111 0.0493 0.1330 0.0535 -0.2543 -0.3345 -0.3258 -0.2506 -0.0944 -0.0213 0.0150 0.0554 0.1587 0.0113 -0.3051 -0.3354 -0.3219 -0.2374 -0.0832 -0.0176 0.0172 0.0588 0.1687 -0.0038 -0.3189 -0.3356 -0.3212 -0.2354 -0.0820 -0.0172 0.0174 0.0591 0.1688 -0.0055 -0.3190 -0.3356 -0.3210 -0.2347 -0.0814 -0.0170 0.0175 0.0594 0.1690 -0.0072 -0.3191 -0.3356 -0.3177 -0.2310 -0.1467 -0.2310 -0.3177 -0.3356 -0.3191 -0.0072 0.1690 0.0594 0.0175 -0.0170 -0.0814 -0.2347 -0.3210 -0.3356 -0.3190 -0.0055 0.1688 0.0591 0.0174 -0.0172 -0.0820 -0.2354 -0.3212 -0.3356 -0.3189 -0.0038 0.1687 0.0588 0.0172 -0.0176 -0.0832 -0.2374 -0.3219 -0.3354 -0.3051 0.0113 0.1587 0.0554 0.0150 -0.0213 -0.0944 -0.2506 -0.3258 -0.3345 -0.2543 0.0535 0.1330 0.0493 0.0111 -0.0267 -0.1015
-0.0446 0.0146 0.0487 0.1310 0.0576 -0.2498 -0.3344 -0.3262 -0.2521 -0.0959 -0.0219 0.0147 0.0549 0.1562 0.0145 -0.3015 -0.3354 -0.3221 -0.2374 -0.0828 -0.0173 0.0174 0.0593 0.1690 -0.0074 -0.3192 -0.3356 -0.3207 -0.2338 -0.0807 -0.0167 0.0177 0.0598 0.1691 -0.0094 -0.3193 -0.3357 -0.3205 -0.2331 -0.0801 -0.0165 0.0179 0.0601 0.1693 -0.0111 -0.3194 -0.3357 -0.3202 -0.2257 -0.0730 -0.0271 -0.0730 -0.2257 -0.3202 -0.3357 -0.3194 -0.0111 0.1693 0.0601 0.0179 -0.0165 -0.0801 -0.2331 -0.3205 -0.3357 -0.3193 -0.0094 0.1691 0.0598 0.0177 -0.0167 -0.0807 -0.2338 -0.3207 -0.3356 -0.3192 -0.0074 0.1690 0.0593 0.0174 -0.0173 -0.0828 -0.2374 -0.3221 -0.3354 -0.3015 0.0145 0.1562 0.0549 0.0147 -0.0219 -0.0959 -0.2521 -0.3262 -0.3344 -0.2498 0.0576 0.1310 0.0487 0.0146 -0.0446
-0.0078 0.0489 0.1290 0.0616 -0.2454 -0.3343 -0.3265 -0.2535 -0.0975 -0.0224 0.0143 0.0543 0.1533 0.0184 -0.2967 -0.3353 -0.3224 -0.2382 -0.0832 -0.0173 0.0175 0.0596 0.1692 -0.0105 -0.3194 -0.3357 -0.3202 -0.2321 -0.0794 -0.0162 0.0181 0.0604 0.1694 -0.0133 -0.3196 -0.3357 -0.3200 -0.2314 -0.0788 -0.0160 0.0182 0.0607 0.1695 -0.0150 -0.3197 -0.3357 -0.3198 -0.2308 -0.0760 -0.0106 0.0122 -0.0106 -0.0760 -0.2308 -0.3198 -0.3357 -0.3197 -0.0150 0.1695 0.0607 0.0182 -0.0160 -0.0788 -0.2314 -0.3200 -0.3357 -0.3196 -0.0133 0.1694 0.0604 0.0181 -0.0162 -0.0794 -0.2321 -0.3202 -0.3357 -0.3194 -0.0105 0.1692 0.0596 0.0175 -0.0173 -0.0832 -0.2382 -0.3224 -0.3353 -0.2967 0.0184 0.1533 0.0543 0.0143 -0.0224 -0.0975 -0.2535 -0.3265 -0.3343 -0.2454 0.0616 0.1290 0.0489 -0.0078
0.0312 0.1271 0.0657 -0.2410 -0.3342 -0.3269 -0.2550 -0.0990 -0.0229 0.0140 0.0537 0.1506 0.0225 -0.2912 -0.3352 -0.3227 -0.2394 -0.0841 -0.0176 0.0174 0.0596 0.1692 -0.0125 -0.3196 -0.3357 -0.3198 -0.2306 -0.0781 -0.0157 0.0184 0.0611 0.1697 -0.0172 -0.3199 -0.3358 -0.3195 -0.2298 -0.0776 -0.0155 0.0186 0.0613 0.1698 -0.0188 -0.3200 -0.3358 -0.3193 -0.2292 -0.0773 -0.0152 0.0221 0.0496 0.0221 -0.0152 -0.0773 -0.2292 -0.3193 -0.3358 -0.3200 -0.0188 0.1698 0.0613 0.0186 -0.0155 -0.0776 -0.2298 -0.3195 -0.3358 -0.3199 -0.0172 0.1697 0.0611 0.0184 -0.0157 -0.0781 -0.2306 -0.3197 -0.3357 -0.3196 -0.0125 0.1692 0.0596 0.0174 -0.0176 -0.0841 -0.2394 -0.3227 -0.3352 -0.2912 0.0225 0.1506 0.0537 0.0140 -0.0229 -0.0990 -0.2550 -0.3269 -0.3342 -0.2410 0.0657 0.1271 0.0312
0.1044 0.0697 -0.2368 -0.3341 -0.3272 -0.2564 -0.1006 -0.0235 0.0137 0.0531 0.1479 0.0267 -0.2859 -0.3352 -0.3232 -0.2409 -0.0852 -0.0180 0.0172 0.0593 0.1692 -0.0125 -0.3197 -0.3358 -0.3194 -0.2293 -0.0770 -0.0152 0.0188 0.0617 0.1699 -0.0210 -0.3201 -0.3358 -0.3190 -0.2281 -0.0763 -0.0150 0.0189 0.0620 0.1700 -0.0227 -0.3203 -0.3358 -0.3187 -0.2273 -0.0759 -0.0149 0.0192 0.0647 0.1072 0.0647 0.0192 -0.0149 -0.0759 -0.2273 -0.3187 -0.3358 -0.3203 -0.0227 0.1700 0.0620 0.0189 -0.0150 -0.0763 -0.2281 -0.3190 -0.3358 -0.3201 -0.0210 0.1699 0.0617 0.0188 -0.0152 -0.0770 -0.2293 -0.3194 -0.3358 -0.3197 -0.0125 0.1692 0.0593 0.0172 -0.0180 -0.0852 -0.2409 -0.3232 -0.3352 -0.2859 0.0267 0.1479 0.0531 0.0137 -0.0235 -0.1006 -0.2564 -0.3272 -0.3341 -0.2368 0.0697 0.1044
0.0518 -0.2325 -0.3340 -0.3276 -0.2578 -0.1022 -0.0240 0.0133 0.0525 0.1454 0.0308 -0.2806 -0.3351 -0.3236 -0.2424 -0.0866 -0.0185 0.0169 0.0588 0.1690 -0.0105 -0.3196 -0.3358 -0.3193 -0.2284 -0.0763 -0.0149 0.0191 0.0623 0.1701 -0.0248 -0.3204 -0.3359 -0.3184 -0.2264 -0.0751 -0.0145 0.0193 0.0627 0.1702 -0.0264 -0.3205 -0.3359 -0.3182 -0.2256 -0.0746 -0.0143 0.0193 0.0633 0.1463 0.0970 0.1463 0.0633 0.0193 -0.0143 -0.0746 -0.2256 -0.3182 -0.3359 -0.3205 -0.0264 0.1702 0.0627 0.0193 -0.0145 -0.0751 -0.2264 -0.3184 -0.3359 -0.3204 -0.0248 0.1701 0.0623 0.0191 -0.0149 -0.0763 -0.2286 -0.3194 -0.3358 -0.3196 -0.0105 0.1690 0.0588 0.0169 -0.0185 -0.0866 -0.2424 -0.3236 -0.3351 -0.2806 0.0308 0.1454 0.0525 0.0133 -0.0240 -0.1022 -0.2578 -0.3276 -0.3340 -0.2325 0.0518
-0.1436 -0.3337 -0.3279 -0.2592 -0.1038 -0.0246 0.0130 0.0519 0.1429 0.0350 -0.2755 -0.3350 -0.3240 -0.2440 -0.0880 -0.0190 0.0166 0.0582 0.1687 -0.0074 -0.3194 -0.3357 -0.3194 -0.2284 -0.0759 -0.0146 0.0193 0.0629 0.1702 -0.0283 -0.3207 -0.3359 -0.3179 -0.2247 -0.0739 -0.0140 0.0196 0.0633 0.1703 -0.0302 -0.3208 -0.3359 -0.3177 -0.2239 -0.0734 -0.0138 0.0198 0.0636 0.1699 -0.0378 -0.2486 -0.0378 0.1699 0.0636 0.0198 -0.0138 -0.0734 -0.2239 -0.3177 -0.3359 -0.3208 -0.0302 0.1703 0.0633 0.0196 -0.0140 -0.0739 -0.2247 -0.3179 -0.3359 -0.3207 -0.0283 0.1702 0.0628 0.0193 -0.0147 -0.0761 -0.2286 -0.3194 -0.3357 -0.3194 -0.0074 0.1687 0.0582 0.0166 -0.0190 -0.0880 -0.2440 -0.3240 -0.3350 -0.2755 0.0350 0.1429 0.0519 0.0130 -0.0246 -0.1038 -0.2592 -0.3279 -0.3337 -0.1436
-0.2030 -0.3282 -0.2604 -0.1054 -0.0252 0.0126 0.0513 0.1405 0.0392 -0.2706 -0.3349 -0.3244 -0.2455 -0.0894 -0.0195 0.0162 0.0576 0.1684 -0.0038 -0.3192 -0.3357 -0.3198 -0.2293 -0.0762 -0.0146 0.0194 0.0631 0.1703 -0.0309 -0.3209 -0.3359 -0.3174 -0.2229 -0.0728 -0.0135 0.0200 0.0640 0.1705 -0.0338 -0.3211 -0.3359 -0.3171 -0.2222 -0.0723 -0.0133 0.0201 0.0643 0.1705 -0.0388 -0.3228 -0.3344 -0.3228 -0.0388 0.1705 0.0643 0.0201 -0.0133 -0.0723 -0.2222 -0.3171 -0.3359 -0.3211 -0.0338 0.1705 0.0640 0.0200 -0.0135 -0.0728 -0.2229 -0.3174 -0.3359 -0.3209 -0.0309 0.1703 0.0631 0.0194 -0.0147 -0.0763 -0.2293 -0.3197 -0.3357 -0.3192 -0.0038 0.1684 0.0576 0.0162 -0.0195 -0.0894 -0.2455 -0.3244 -0.3349 -0.2706 0.0392 0.1405 0.0513 0.0126 -0.0252 -0.1054 -0.2604 -0.3282 -0.2030
-0.2164 -0.2630 -0.1068 -0.0257 0.0123 0.0507 0.1383 0.0434 -0.2657 -0.3348 -0.3248 -0.2470 -0.0909 -0.0200 0.0159 0.0570 0.1667 0.0003 -0.3189 -0.3356 -0.3202 -0.2306 -0.0770 -0.0148 0.0193 0.0631 0.1704 -0.0325 -0.3211 -0.3360 -0.3169 -0.2213 -0.0716 -0.0130 0.0203 0.0647 0.1706 -0.0375 -0.3214 -0.3360 -0.3166 -0.2205 -0.0711 -0.0128 0.0205 0.0650 0.1706 -0.0390 -0.3220 -0.3376 -0.3370 -0.3376 -0.3220 -0.0390 0.1706 0.0650 0.0205 -0.0128 -0.0711 -0.2205 -0.3166 -0.3360 -0.3214 -0.0375 0.1706 0.0647 0.0203 -0.0130 -0.0716 -0.2213 -0.3169 -0.3360 -0.3211 -0.0325 0.1704 0.0631 0.0193 -0.0149 -0.0770 -0.2306 -0.3202 -0.3356 -0.3189 0.0003 0.1667 0.0570 0.0159 -0.0200 -0.0909 -0.2470 -0.3248 -0.3348 -0.2657 0.0434 0.1383 0.0507 0.0123 -0.0257 -0.1068 -0.2630 -0.2164
-0.1861 -0.1114 -0.0264 0.0120 0.0501 0.1361 0.0475 -0.2609 -0.3347 -0.3252 -0.2485 -0.0923 -0.0206 0.0155 0.0564 0.1636 0.0043 -0.3161 -0.3356 -0.3207 -0.2321 -0.0781 -0.0152 0.0191 0.0628 0.1703 -0.0325 -0.3212 -0.3360 -0.3166 -0.2201 -0.0706 -0.0126 0.0207 0.0654 0.1706 -0.0411 -0.3217 -0.3360 -0.3160 -0.2187 -0.0700 -0.0124 0.0208 0.0657 0.1707 -0.0426 -0.3217 -0.3351 -0.3165 -0.2835 -0.3165 -0.3351 -0.3217 -0.0426 0.1707 0.0657 0.0208 -0.0124 -0.0700 -0.2187 -0.3160 -0.3360 -0.3217 -0.0411 0.1706 0.0654 0.0207 -0.0126 -0.0706 -0.2201 -0.3166 -0.3360 -0.3212 -0.0325 0.1703 0.0628 0.0191 -0.0152 -0.0781 -0.2321 -0.3207 -0.3356 -0.3161 0.0043 0.1636 0.0564 0.0155 -0.0206 -0.0923 -0.2485 -0.3252 -0.3347 -0.2609 0.0475 0.1361 0.0501 0.0120 -0.0264 -0.1114 -0.1861
-0.1010 -0.0264 0.0112 0.0495 0.1339 0.0517 -0.2563 -0.3346 -0.3256 -0.2500 -0.0938 -0.0211 0.0152 0.0557 0.1605 0.0084 -0.3106 -0.3355 -0.3212 -0.2338 -0.0794 -0.0157 0.0188 0.0623 0.1702 -0.0309 -0.3211 -0.3360 -0.3165 -0.2193 -0.0700 -0.0123 0.0210 0.0660 0.1707 -0.0446 -0.3219 -0.3360 -0.3154 -0.2169 -0.0689 -0.0119 0.0212 0.0663 0.1707 -0.0462 -0.3220 -0.3360 -0.3117 -0.2122 -0.1251 -0.2122 -0.3117 -0.3360 -0.3220 -0.0462 0.1707 0.0663 0.0212 -0.0119 -0.0689 -0.2169 -0.3154 -0.3360 -0.3219 -0.0446 0.1707 0.0660 0.0210 -0.0123 -0.0700 -0.2193 -0.3165 -0.3360 -0.3211 -0.0309 0.1702 0.0623 0.0188 -0.0157 -0.0794 -0.2338 -0.3212 -0.3355 -0.3106 0.0084 0.1605 0.0557 0.0152 -0.0211 -0.0938 -0.2500 -0.3256 -0.3346 -0.2563 0.0517 0.1339 0.0495 0.0112 -0.0264 -0.1010
-0.0444 0.0147 0.0490 0.1319 0.0558 -0.2517 -0.3345 -0.3260 -0.2515 -0.0953 -0.0216 0.0148 0.0551 0.1574 0.0125 -0.3047 -0.3354 -0.3216 -0.2354 -0.0807 -0.0162 0.0184 0.0617 0.1701 -0.0283 -0.3209 -0.3360 -0.3166 -0.2193 -0.0697 -0.0121 0.0212 0.0665 0.1707 -0.0479 -0.3222 -0.3360 -0.3148 -0.2151 -0.0678 -0.0114 0.0216 0.0670 0.1707 -0.0497 -0.3223 -0.3361 -0.3146 -0.2075 -0.0610 -0.0201 -0.0610 -0.2075 -0.3146 -0.3361 -0.3223 -0.0497 0.1707 0.0670 0.0216 -0.0114 -0.0678 -0.2151 -0.3148 -0.3360 -0.3222 -0.0479 0.1707 0.0665 0.0212 -0.0121 -0.0697 -0.2193 -0.3166 -0.3360 -0.3209 -0.0283 0.1701 0.0617 0.0184 -0.0162 -0.0807 -0.2354 -0.3216 -0.3354 -0.3047 0.0125 0.1574 0.0551 0.0148 -0.0216 -0.0953 -0.2515 -0.3260 -0.3345 -0.2517 0.0558 0.1319 0.0490 0.0147 -0.0444
-0.0076 0.0491 0.1299 0.0599 -0.2473 -0.3344 -0.3264 -0.2529 -0.0968 -0.0222 0.0145 0.0545 0.1545 0.0166 -0.2991 -0.3354 -0.3221 -0.2370 -0.0820 -0.0167 0.0181 0.0611 0.1699 -0.0248 -0.3207 -0.3359 -0.3169 -0.2201 -0.0700 -0.0121 0.0213 0.0668 0.1707 -0.0504 -0.3224 -0.3361 -0.3142 -0.2134 -0.0667 -0.0109 0.0219 0.0677 0.1706 -0.0531 -0.3226 -0.3361 -0.3141 -0.2127 -0.0648 -0.0059 0.0156 -0.0059 -0.0648 -0.2127 -0.3141 -0.3361 -0.3226 -0.0531 0.1706 0.0677 0.0219 -0.0109 -0.0667 -0.2134 -0.3142 -0.3361 -0.3224 -0.0504 0.1707 0.0668 0.0213 -0.0121 -0.0700 -0.2201 -0.3169 -0.3359 -0.3207 -0.0248 0.1699 0.0611 0.0181 -0.0167 -0.0820 -0.2370 -0.3221 -0.3354 -0.2991 0.0166 0.1545 0.0545 0.0145 -0.0222 -0.0968 -0.2529 -0.3264 -0.3344 -0.2473 0.0599 0.1299 0.0491 -0.0076
0.0314 0.1279 0.0639 -0.2429 -0.3342 -0.3267 -0.2544 -0.0984 -0.0227 0.0142 0.0539 0.1517 0.0207 -0.2935 -0.3353 -0.3225 -0.2386 -0.0833 -0.0172 0.0177 0.0604 0.1697 -0.0210 -0.3204 -0.3359 -0.3174 -0.2213 -0.0706 -0.0123 0.0212 0.0668 0.1707 -0.0519 -0.3226 -0.3361 -0.3137 -0.2117 -0.0657 -0.0105 0.0223 0.0685 0.1705 -0.0565 -0.3229 -0.3361 -0.3134 -0.2109 -0.0654 -0.0102 0.0258 0.0552 0.0258 -0.0102 -0.0654 -0.2109 -0.3134 -0.3361 -0.3229 -0.0565 0.1705 0.0685 0.0223 -0.0105 -0.0657 -0.2117 -0.3137 -0.3361 -0.3226 -0.0519 0.1707 0.0668 0.0212 -0.0123 -0.0706 -0.2213 -0.3174 -0.3359 -0.3204 -0.0210 0.1697 0.0604 0.0177 -0.0172 -0.0833 -0.2386 -0.3225 -0.3353 -0.2935 0.0207 0.1517 0.0539 0.0142 -0.0227 -0.0984 -0.2544 -0.3267 -0.3342 -0.2429 0.0639 0.1279 0.0314
0.1050 0.0680 -0.2386 -0.3341 -0.3271 -0.2558 -0.0999 -0.0233 0.0138 0.0533 0.1490 0.0249 -0.2881 -0.3352 -0.3230 -0.2402 -0.0846 -0.0177 0.0174 0.0598 0.1694 -0.0172 -0.3201 -0.3359 -0.3179 -0.2229 -0.0716 -0.0126 0.0210 0.0665 0.1707 -0.0519 -0.3226 -0.3361 -0.3134 -0.2104 -0.0648 -0.0100 0.0226 0.0692 0.1704 -0.0599 -0.3231 -0.3361 -0.3128 -0.2089 -0.0642 -0.0099 0.0229 0.0713 0.1181 0.0713 0.0229 -0.0099 -0.0642 -0.2089 -0.3128 -0.3361 -0.3231 -0.0599 0.1704 0.0692 0.0226 -0.0100 -0.0648 -0.2104 -0.3134 -0.3361 -0.3226 -0.0519 0.1707 0.0665 0.0210 -0.0126 -0.0716 -0.2229 -0.3179 -0.3359 -0.3201 -0.0172 0.1694 0.0598 0.0174 -0.0177 -0.0846 -0.2402 -0.3230 -0.3352 -0.2881 0.0249 0.1490 0.0533 0.0138 -0.0233 -0.0999 -0.2558 -0.3271 -0.3341 -0.2386 0.0680 0.1050
0.0506 -0.2343 -0.3340 -0.3274 -0.2572 -0.1015 -0.0238 0.0135 0.0527 0.1464 0.0291 -0.2829 -0.3351 -0.3234 -0.2418 -0.0860 -0.0182 0.0171 0.0591 0.1691 -0.0133 -0.3199 -0.3358 -0.3184 -0.2247 -0.0728 -0.0130 0.0207 0.0660 0.1707 -0.0504 -0.3226 -0.3361 -0.3132 -0.2096 -0.0642 -0.0097 0.0230 0.0698 0.1703 -0.0633 -0.3234 -0.3361 -0.3121 -0.2071 -0.0632 -0.0093 0.0231 0.0706 0.1523 0.0634 0.1523 0.0706 0.0231 -0.0093 -0.0632 -0.2071 -0.3121 -0.3361 -0.3234 -0.0633 0.1703 0.0698 0.0230 -0.0097 -0.0642 -0.2096 -0.3132 -0.3361 -0.3226 -0.0504 0.1707 0.0660 0.0207 -0.0130 -0.0728 -0.2247 -0.3184 -0.3358 -0.3199 -0.0133 0.1691 0.0591 0.0171 -0.0182 -0.0860 -0.2418 -0.3234 -0.3351 -0.2829 0.0291 0.1464 0.0527 0.0135 -0.0238 -0.1015 -0.2572 -0.3274 -0.3340 -0.2343 0.0506
-0.1444 -0.3337 -0.3278 -0.2586 -0.1031 -0.0244 0.0131 0.0521 0.1439 0.0332 -0.2777 -0.3350 -0.3239 -0.2433 -0.0874 -0.0188 0.0167 0.0585 0.1688 -0.0094 -0.3196 -0.3358 -0.3190 -0.2264 -0.0739 -0.0135 0.0203 0.0654 0.1707 -0.0479 -0.3224 -0.3361 -0.3134 -0.2096 -0.0640 -0.0095 0.0232 0.0704 0.1701 -0.0664 -0.3236 -0.3361 -0.3115 -0.2052 -0.0622 -0.0089 0.0235 0.0710 0.1691 -0.0734 -0.2737 -0.0734 0.1691 0.0710 0.0235 -0.0089 -0.0622 -0.2052 -0.3115 -0.3361 -0.3236 -0.0664 0.1701 0.0704 0.0232 -0.0095 -0.0640 -0.2096 -0.3134 -0.3361 -0.3224 -0.0479 0.1707 0.0654 0.0203 -0.0135 -0.0739 -0.2264 -0.3190 -0.3358 -0.3196 -0.0094 0.1688 0.0585 0.0167 -0.0188 -0.0874 -0.2433 -0.3239 -0.3350 -0.2777 0.0332 0.1439 0.0521 0.0131 -0.0244 -0.1031 -0.2586 -0.3278 -0.3337 -0.1444
-0.2032 -0.3281 -0.2597 -0.1047 -0.0249 0.0128 0.0515 0.1415 0.0374 -0.2727 -0.3349 -0.3243 -0.2449 -0.0888 -0.0193 0.0164 0.0579 0.1685 -0.0055 -0.3193 -0.3357 -0.3195 -0.2281 -0.0751 -0.0140 0.0200 0.0647 0.1706 -0.0446 -0.3222 -0.3361 -0.3137 -0.2104 -0.0642 -0.0095 0.0233 0.0707 0.1700 -0.0687 -0.3239 -0.3360 -0.3108 -0.2034 -0.0612 -0.0084 0.0239 0.0717 0.1697 -0.0741 -0.3256 -0.3363 -0.3256 -0.0741 0.1697 0.0717 0.0239 -0.0084 -0.0612 -0.2034 -0.3108 -0.3360 -0.3239 -0.0687 0.1700 0.0707 0.0233 -0.0095 -0.0642 -0.2104 -0.3137 -0.3361 -0.3222 -0.0446 0.1706 0.0647 0.0200 -0.0140 -0.0751 -0.2281 -0.3195 -0.3357 -0.3193 -0.0055 0.1685 0.0579 0.0164 -0.0193 -0.0888 -0.2449 -0.3243 -0.3349 -0.2727 0.0374 0.1415 0.0515 0.0128 -0.0249 -0.1047 -0.2597 -0.3281 -0.2032
-0.2164 -0.2624 -0.1061 -0.0255 0.0124 0.0509 0.1392 0.0416 -0.2678 -0.3348 -0.3247 -0.2464 -0.0902 -0.0198 0.0160 0.0572 0.1675 -0.0015 -0.3190 -0.3357 -0.3200 -0.2298 -0.0763 -0.0145 0.0196 0.0640 0.1706 -0.0411 -0.3219 -0.3360 -0.3142 -0.2117 -0.0648 -0.0097 0.0232 0.0707 0.1699 -0.0701 -0.3240 -0.3360 -0.3102 -0.2016 -0.0603 -0.0080 0.0243 0.0724 0.1694 -0.0745 -0.3246 -0.3376 -0.3345 -0.3376 -0.3246 -0.0745 0.1694 0.0724 0.0243 -0.0080 -0.0603 -0.2016 -0.3102 -0.3360 -0.3240 -0.0701 0.1699 0.0707 0.0232 -0.0097 -0.0648 -0.2117 -0.3142 -0.3360 -0.3219 -0.0411 0.1706 0.0640 0.0196 -0.0145 -0.0763 -0.2298 -0.3200 -0.3357 -0.3190 -0.0015 0.1675 0.0572 0.0160 -0.0198 -0.0902 -0.2464 -0.3247 -0.3348 -0.2678 0.0416 0.1392 0.0509 0.0124 -0.0255 -0.1061 -0.2624 -0.2164
-0.1858 -0.1107 -0.0261 0.0121 0.0504 0.1370 0.0458 -0.2630 -0.3347 -0.3251 -0.2479 -0.0917 -0.0203 0.0157 0.0566 0.1650 0.0026 -0.3175 -0.3356 -0.3205 -0.2314 -0.0776 -0.0150 0.0193 0.0633 0.1705 -0.0375 -0.3217 -0.3360 -0.3148 -0.2134 -0.0657 -0.0100 0.0230 0.0704 0.1700 -0.0701 -0.3241 -0.3360 -0.3099 -0.2003 -0.0595 -0.0076 0.0247 0.0732 0.1690 -0.0777 -0.3245 -0.3349 -0.3097 -0.2703 -0.3097 -0.3349 -0.3245 -0.0777 0.1690 0.0732 0.0247 -0.0076 -0.0595 -0.2003 -0.3099 -0.3360 -0.3241 -0.0701 0.1700 0.0704 0.0230 -0.0100 -0.0657 -0.2134 -0.3148 -0.3360 -0.3217 -0.0375 0.1705 0.0633 0.0193 -0.0150 -0.0776 -0.2314 -0.3205 -0.3356 -0.3175 0.0026 0.1650 0.0566 0.0157 -0.0203 -0.0917 -0.2479 -0.3251 -0.3347 -0.2630 0.0458 0.1370 0.0504 0.0121 -0.0261 -0.1107 -0.1858
-0.1006 -0.0262 0.0114 0.0498 0.1348 0.0499 -0.2583 -0.3346 -0.3255 -0.2494 -0.0932 -0.0209 0.0153 0.0560 0.1618 0.0066 -0.3131 -0.3355 -0.3210 -0.2331 -0.0788 -0.0155 0.0189 0.0627 0.1703 -0.0338 -0.3214 -0.3360 -0.3154 -0.2151 -0.0667 -0.0105 0.0226 0.0698 0.1701 -0.0687 -0.3240 -0.3360 -0.3097 -0.1995 -0.0589 -0.0072 0.0250 0.0739 0.1686 -0.0809 -0.3248 -0.3359 -0.3046 -0.1921 -0.1051 -0.1921 -0.3046 -0.3359 -0.3248 -0.0809 0.1686 0.0739 0.0250 -0.0072 -0.0589 -0.1995 -0.3097 -0.3360 -0.3240 -0.0687 0.1701 0.0698 0.0226 -0.0105 -0.0667 -0.2151 -0.3154 -0.3360 -0.3214 -0.0338 0.1703 0.0627 0.0189 -0.0155 -0.0788 -0.2331 -0.3210 -0.3355 -0.3131 0.0066 0.1618 0.0560 0.0153 -0.0209 -0.0932 -0.2494 -0.3255 -0.3346 -0.2583 0.0499 0.1348 0.0498 0.0114 -0.0262 -0.1006
-0.0443 0.0149 0.0492 0.1327 0.0540 -0.2537 -0.3345 -0.3258 -0.2508 -0.0947 -0.0214 0.0150 0.0554 0.1587 0.0107 -0.3072 -0.3355 -0.3214 -0.2347 -0.0801 -0.0160 0.0186 0.0620 0.1702 -0.0302 -0.3211 -0.3360 -0.3160 -0.2169 -0.0678 -0.0109 0.0223 0.0692 0.1703 -0.0664 -0.3239 -0.3360 -0.3099 -0.1995 -0.0587 -0.0071 0.0252 0.0744 0.1683 -0.0839 -0.3250 -0.3360 -0.3078 -0.1882 -0.0511 -0.0139 -0.0511 -0.1882 -0.3078 -0.3360 -0.3250 -0.0839 0.1683 0.0744 0.0252 -0.0071 -0.0587 -0.1995 -0.3099 -0.3360 -0.3239 -0.0664 0.1703 0.0692 0.0223 -0.0109 -0.0678 -0.2169 -0.3160 -0.3360 -0.3211 -0.0302 0.1702 0.0620 0.0186 -0.0160 -0.0801 -0.2347 -0.3214 -0.3355 -0.3072 0.0107 0.1587 0.0554 0.0150 -0.0214 -0.0947 -0.2508 -0.3258 -0.3345 -0.2537 0.0540 0.1327 0.0492 0.0149 -0.0443
-0.0074 0.0493 0.1307 0.0581 -0.2492 -0.3344 -0.3262 -0.2523 -0.0962 -0.0219 0.0146 0.0548 0.1558 0.0148 -0.3015 -0.3354 -0.3219 -0.2363 -0.0814 -0.0165 0.0182 0.0613 0.1700 -0.0264 -0.3208 -0.3359 -0.3166 -0.2187 -0.0689 -0.0114 0.0219 0.0685 0.1704 -0.0633 -0.3236 -0.3360 -0.3102 -0.2003 -0.0589 -0.0071 0.0253 0.0748 0.1680 -0.0861 -0.3252 -0.3359 -0.3072 -0.1932 -0.0556 -0.0014 0.0192 -0.0014 -0.0556 -0.1932 -0.3072 -0.3359 -0.3252 -0.0861 0.1680 0.0748 0.0253 -0.0071 -0.0589 -0.2003 -0.3102 -0.3360 -0.3236 -0.0633 0.1704 0.0685 0.0219 -0.0114 -0.0689 -0.2187 -0.3166 -0.3359 -0.3208 -0.0264 0.1700 0.0613 0.0182 -0.0165 -0.0814 -0.2363 -0.3219 -0.3354 -0.3015 0.0148 0.1558 0.0548 0.0146 -0.0219 -0.0962 -0.2523 -0.3262 -0.3344 -0.2492 0.0581 0.1307 0.0493 -0.0074
0.0316 0.1287 0.0622 -0.2448 -0.3343 -0.3266 -0.2537 -0.0977 -0.0225 0.0143 0.0542 0.1529 0.0189 -0.2959 -0.3353 -0.3224 -0.2379 -0.0827 -0.0170 0.0179 0.0607 0.1698 -0.0227 -0.3205 -0.3359 -0.3171 -0.2205 -0.0700 -0.0119 0.0216 0.0677 0.1705 -0.0599 -0.3234 -0.3361 -0.3108 -0.2016 -0.0595 -0.0072 0.0252 0.0748 0.1679 -0.0874 -0.3254 -0.3359 -0.3064 -0.1913 -0.0556 -0.0055 0.0299 0.0610 0.0299 -0.0055 -0.0556 -0.1913 -0.3064 -0.3359 -0.3254 -0.0874 0.1679 0.0748 0.0252 -0.0072 -0.0595 -0.2016 -0.3108 -0.3361 -0.3234 -0.0599 0.1705 0.0677 0.0216 -0.0119 -0.0700 -0.2205 -0.3171 -0.3359 -0.3205 -0.0227 0.1698 0.0607 0.0179 -0.0170 -0.0827 -0.2379 -0.3224 -0.3353 -0.2959 0.0189 0.1529 0.0542 0.0143 -0.0225 -0.0977 -0.2537 -0.3266 -0.3343 -0.2448 0.0622 0.1287 0.0316
0.1057 0.0663 -0.2404 -0.3342 -0.3269 -0.2552 -0.0992 -0.0230 0.0140 0.0536 0.1502 0.0231 -0.2904 -0.3352 -0.3228 -0.2395 -0.0841 -0.0175 0.0175 0.0601 0.1695 -0.0188 -0.3203 -0.3359 -0.3177 -0.2222 -0.0711 -0.0124 0.0212 0.0670 0.1706 -0.0565 -0.3231 -0.3361 -0.3115 -0.2034 -0.0603 -0.0076 0.0250 0.0744 0.1680 -0.0874 -0.3254 -0.3358 -0.3060 -0.1899 -0.0546 -0.0053 0.0269 0.0783 0.1314 0.0783 0.0269 -0.0053 -0.0546 -0.1899 -0.3060 -0.3358 -0.3254 -0.0874 0.1680 0.0744 0.0250 -0.0076 -0.0603 -0.2034 -0.3115 -0.3361 -0.3231 -0.0565 0.1706 0.0670 0.0212 -0.0124 -0.0711 -0.2222 -0.3177 -0.3359 -0.3203 -0.0188 0.1695 0.0601 0.0175 -0.0175 -0.0841 -0.2395 -0.3228 -0.3352 -0.2904 0.0231 0.1502 0.0536 0.0140 -0.0230 -0.0992 -0.2552 -0.3269 -0.3342 -0.2404 0.0663 0.1057
0.0494 -0.2361 -0.3341 -0.3273 -0.2566 -0.1008 -0.0236 0.0136 0.0530 0.1475 0.0273 -0.2851 -0.3352 -0.3232 -0.2411 -0.0854 -0.0180 0.0172 0.0594 0.1693 -0.0150 -0.3200 -0.3358 -0.3182 -0.2239 -0.0723 -0.0128 0.0208 0.0663 0.1707 -0.0531 -0.3229 -0.3361 -0.3121 -0.2052 -0.0612 -0.0080 0.0247 0.0739 0.1683 -0.0861 -0.3254 -0.3358 -0.3059 -0.1891 -0.0542 -0.0048 0.0271 0.0786 0.1571 0.0227 0.1571 0.0786 0.0271 -0.0048 -0.0542 -0.1891 -0.3059 -0.3358 -0.3254 -0.0861 0.1683 0.0739 0.0247 -0.0080 -0.0612 -0.2052 -0.3121 -0.3361 -0.3229 -0.0531 0.1707 0.0663 0.0208 -0.0128 -0.0723 -0.2239 -0.3182 -0.3358 -0.3200 -0.0150 0.1693 0.0594 0.0172 -0.0180 -0.0854 -0.2411 -0.3232 -0.3352 -0.2851 0.0273 0.1475 0.0530 0.0136 -0.0236 -0.1008 -0.2566 -0.3273 -0.3341 -0.2361 0.0494
-0.1451 -0.3338 -0.3276 -0.2580 -0.1024 -0.0241 0.0133 0.0524 0.1450 0.0314 -0.2799 -0.3351 -0.3237 -0.2427 -0.0868 -0.0185 0.0169 0.0588 0.1690 -0.0111 -0.3197 -0.3358 -0.3187 -0.2256 -0.0734 -0.0133 0.0205 0.0657 0.1707 -0.0497 -0.3226 -0.3361 -0.3128 -0.2071 -0.0622 -0.0084 0.0243 0.0732 0.1686 -0.0839 -0.3252 -0.3359 -0.3060 -0.1891 -0.0540 -0.0047 0.0274 0.0788 0.1636 -0.1052 -0.3020 -0.1052 0.1636 0.0788 0.0274 -0.0047 -0.0540 -0.1891 -0.3060 -0.3359 -0.3252 -0.0839 0.1686 0.0732 0.0243 -0.0084 -0.0622 -0.2071 -0.3128 -0.3361 -0.3226 -0.0497 0.1707 0.0657 0.0205 -0.0133 -0.0734 -0.2256 -0.3187 -0.3358 -0.3197 -0.0111 0.1690 0.0588 0.0169 -0.0185 -0.0868 -0.2427 -0.3237 -0.3351 -0.2799 0.0314 0.1450 0.0524 0.0133 -0.0241 -0.1024 -0.2580 -0.3276 -0.3338 -0.1451
-0.2033 -0.3279 -0.2592 -0.1040 -0.0247 0.0129 0.0518 0.1426 0.0356 -0.2748 -0.3350 -0.3241 -0.2442 -0.0882 -0.0191 0.0165 0.0581 0.1687 -0.0072 -0.3194 -0.3357 -0.3193 -0.2273 -0.0746 -0.0138 0.0201 0.0650 0.1707 -0.0462 -0.3223 -0.3361 -0.3134 -0.2089 -0.0632 -0.0089 0.0239 0.0724 0.1690 -0.0809 -0.3250 -0.3359 -0.3064 -0.1899 -0.0542 -0.0047 0.0275 0.0791 0.1646 -0.1049 -0.3281 -0.3378 -0.3281 -0.1049 0.1646 0.0791 0.0275 -0.0047 -0.0542 -0.1899 -0.3064 -0.3359 -0.3250 -0.0809 0.1690 0.0724 0.0239 -0.0089 -0.0632 -0.2089 -0.3134 -0.3361 -0.3223 -0.0462 0.1707 0.0650 0.0201 -0.0138 -0.0746 -0.2273 -0.3193 -0.3357 -0.3194 -0.0072 0.1687 0.0581 0.0165 -0.0191 -0.0882 -0.2442 -0.3241 -0.3350 -0.2748 0.0356 0.1426 0.0518 0.0129 -0.0247 -0.1040 -0.2592 -0.3279 -0.2033
-0.2163 -0.2619 -0.1054 -0.0252 0.0126 0.0512 0.1402 0.0398 -0.2699 -0.3349 -0.3245 -0.2457 -0.0896 -0.0196 0.0162 0.0575 0.1683 -0.0032 -0.3191 -0.3357 -0.3198 -0.2290 -0.0758 -0.0143 0.0198 0.0643 0.1706 -0.0426 -0.3220 -0.3360 -0.3140 -0.2108 -0.0642 -0.0093 0.0235 0.0717 0.1694 -0.0777 -0.3248 -0.3359 -0.3071 -0.1913 -0.0547 -0.0049 0.0274 0.0791 0.1644 -0.1036 -0.3269 -0.3372 -0.3315 -0.3372 -0.3268 -0.1036 0.1644 0.0791 0.0274 -0.0048 -0.0546 -0.1913 -0.3072 -0.3360 -0.3248 -0.0777 0.1694 0.0717 0.0235 -0.0093 -0.0642 -0.2109 -0.3141 -0.3361 -0.3220 -0.0426 0.1706 0.0643 0.0198 -0.0143 -0.0759 -0.2292 -0.3198 -0.3357 -0.3191 -0.0031 0.1683 0.0575 0.0162 -0.0196 -0.0897 -0.2459 -0.3246 -0.3349 -0.2699 0.0399 0.1402 0.0512 0.0126 -0.0252 -0.1055 -0.2621 -0.2163
-0.1855 -0.1099 -0.0259 0.0123 0.0506 0.1379 0.0440 -0.2650 -0.3348 -0.3249 -0.2472 -0.0911 -0.0201 0.0158 0.0569 0.1665 0.0008 -0.3188 -0.3356 -0.3203 -0.2307 -0.0770 -0.0148 0.0194 0.0636 0.1705 -0.0390 -0.3218 -0.3360 -0.3146 -0.2126 -0.0652 -0.0098 0.0232 0.0709 0.1697 -0.0745 -0.3245 -0.3360 -0.3078 -0.1931 -0.0554 -0.0052 0.0272 0.0787 0.1644 -0.1039 -0.3266 -0.3342 -0.3025 -0.2565 -0.3021 -0.3342 -0.3266 -0.1036 0.1646 0.0788 0.0271 -0.0053 -0.0556 -0.1932 -0.3078 -0.3359 -0.3245 -0.0745 0.1697 0.0710 0.0231 -0.0099 -0.0654 -0.2127 -0.3146 -0.3360 -0.3217 -0.0390 0.1705 0.0636 0.0193 -0.0149 -0.0773 -0.2308 -0.3202 -0.3356 -0.3188 0.0009 0.1680 0.0569 0.0157 -0.0203 -0.0913 -0.2473 -0.3249 -0.3347 -0.2650 0.0441 0.1388 0.0506 0.0122 -0.0261 -0.1102 -0.1854
-0.1002 -0.0259 0.0115 0.0500 0.1357 0.0481 -0.2603 -0.3347 -0.3253 -0.2487 -0.0925 -0.0206 0.0155 0.0563 0.1632 0.0049 -0.3157 -0.3356 -0.3208 -0.2324 -0.0783 -0.0153 0.0191 0.0629 0.1704 -0.0354 -0.3215 -0.3360 -0.3152 -0.2144 -0.0662 -0.0103 0.0228 0.0702 0.1700 -0.0713 -0.3243 -0.3360 -0.3085 -0.1950 -0.0562 -0.0056 0.0268 0.0782 0.1649 -0.1028 -0.3267 -0.3355 -0.2979 -0.1742 -0.0881 -0.1648 -0.2923 -0.3342 -0.3269 -0.1049 0.1636 0.0786 0.0269 -0.0055 -0.0556 -0.1882 -0.3046 -0.3349 -0.3246 -0.0741 0.1691 0.0706 0.0229 -0.0102 -0.0648 -0.2075 -0.3117 -0.3351 -0.3220 -0.0388 0.1699 0.0633 0.0192 -0.0152 -0.0760 -0.2257 -0.3177 -0.3349 -0.3191 0.0009 0.1670 0.0565 0.0156 -0.0206 -0.0893 -0.2424 -0.3226 -0.3342 -0.2631 0.0438 0.1381 0.0503 0.0116 -0.0257 -0.0956
-0.0441 0.0151 0.0494 0.1336 0.0523 -0.2556 -0.3346 -0.3257 -0.2502 -0.0940 -0.0212 0.0151 0.0557 0.1600 0.0089 -0.3097 -0.3355 -0.3212 -0.2340 -0.0796 -0.0158 0.0187 0.0623 0.1702 -0.0317 -0.3212 -0.3360 -0.3158 -0.2162 -0.0673 -0.0107 0.0224 0.0695 0.1702 -0.0680 -0.3240 -0.3360 -0.3092 -0.1969 -0.0571 -0.0060 0.0264 0.0774 0.1655 -0.1007 -0.3266 -0.3356 -0.3024 -0.1735 -0.0440 -0.0069 -0.0376 -0.1644 -0.3009 -0.3372 -0.3281 -0.1052 0.1571 0.0783 0.0299 -0.0014 -0.0511 -0.1921 -0.3097 -0.3376 -0.3256 -0.0734 0.1523 0.0713 0.0258 -0.0059 -0.0610 -0.2122 -0.3165 -0.3376 -0.3228 -0.0378 0.1463 0.0647 0.0221 -0.0106 -0.0730 -0.2310 -0.3222 -0.3371 -0.3190 0.0021 0.1391 0.0585 0.0186 -0.0157 -0.0872 -0.2480 -0.3268 -0.3362 -0.2629 0.0452 0.1219 0.0527 0.0189 -0.0398
-0.0072 0.0495 0.1316 0.0564 -0.2511 -0.3345 -0.3261 -0.2517 -0.0955 -0.0217 0.0148 0.0550 0.1570 0.0130 -0.3039 -0.3354 -0.3217 -0.2356 -0.0809 -0.0163 0.0184 0.0616 0.1701 -0.0280 -0.3209 -0.3360 -0.3163 -0.2179 -0.0684 -0.0112 0.0221 0.0688 0.1704 -0.0647 -0.3238 -0.3360 -0.3099 -0.1988 -0.0580 -0.0064 0.0260 0.0766 0.1662 -0.0978 -0.3263 -0.3356 -0.3026 -0.1808 -0.0504 0.0053 0.0203 -0.0241 -0.0947 -0.2554 -0.3309 -0.3378 -0.3020 0.0227 0.1314 0.0610 0.0192 -0.0139 -0.1051 -0.2703 -0.3345 -0.3363 -0.2737 0.0634 0.1181 0.0552 0.0156 -0.0201 -0.1251 -0.2835 -0.3370 -0.3344 -0.2486 0.0970 0.1072 0.0496 0.0122 -0.0271 -0.1467 -0.2949 -0.3387 -0.3322 -0.2251 0.1208 0.0979 0.0442 0.0089 -0.0352 -0.1690 -0.3046 -0.3397 -0.3298 -0.1687 0.1352 0.0901 0.0411 -0.0113
