0.0005 0.0032 0.0092 0.0293 0.0918 0.2883 0.9058 1.0000 1.0000 1.0000 0.0009 0.0030 0.0093 0.0294 0.0923 0.2899 0.9110 1.0000 1.0000 1.0000 0.0010 0.0030 0.0094 0.0295 0.0928 0.2916 0.9162 1.0000 1.0000 1.0000 0.0010 0.0030 0.0095 0.0297 0.0933 0.2933 0.9215 1.0000 1.0000 1.0000 0.0010 0.0030 0.0095 0.0299 0.0939 0.2949 0.9267 1.0000 1.0000 1.0000 0.0009 1.0000 1.0000 1.0000 0.9267 0.2949 0.0939 0.0299 0.0095 0.0030 0.0010 1.0000 1.0000 1.0000 0.9215 0.2933 0.0933 0.0297 0.0095 0.0030 0.0010 1.0000 1.0000 1.0000 0.9162 0.2916 0.0928 0.0295 0.0094 0.0030 0.0010 1.0000 1.0000 1.0000 0.9110 0.2899 0.0923 0.0294 0.0093 0.0030 0.0009 1.0000 1.0000 1.0000 0.9058 0.2883 0.0918 0.0293 0.0092 0.0032 0.0005
0.0032 0.0208 0.0586 0.1876 0.5882 1.0000 1.0000 1.0000 1.0000 0.0019 0.0061 0.0191 0.0599 0.1883 0.5916 1.0000 1.0000 1.0000 1.0000 0.0019 0.0061 0.0192 0.0603 0.1894 0.5950 1.0000 1.0000 1.0000 1.0000 0.0020 0.0061 0.0193 0.0606 0.1904 0.5984 1.0000 1.0000 1.0000 1.0000 0.0020 0.0062 0.0194 0.0610 0.1915 0.6018 1.0000 1.0000 1.0000 1.0000 0.0023 0.0052 0.0023 1.0000 1.0000 1.0000 1.0000 0.6018 0.1915 0.0610 0.0194 0.0062 0.0020 1.0000 1.0000 1.0000 1.0000 0.5984 0.1904 0.0606 0.0193 0.0061 0.0020 1.0000 1.0000 1.0000 1.0000 0.5950 0.1894 0.0603 0.0192 0.0061 0.0019 1.0000 1.0000 1.0000 1.0000 0.5916 0.1883 0.0599 0.0191 0.0061 0.0019 1.0000 1.0000 1.0000 1.0000 0.5882 0.1876 0.0586 0.0208 0.0032
0.0092 0.0586 0.1696 0.5421 1.0000 1.0000 1.0000 1.0000 0.0018 0.0056 0.0176 0.0554 0.1738 0.5472 1.0000 1.0000 1.0000 1.0000 0.0018 0.0056 0.0177 0.0556 0.1752 0.5493 1.0000 1.0000 1.0000 1.0000 0.0018 0.0057 0.0178 0.0561 0.1758 0.5535 1.0000 1.0000 1.0000 1.0000 0.0018 0.0057 0.0179 0.0564 0.1768 0.5567 1.0000 1.0000 1.0000 1.0000 0.0018 0.0066 0.0149 0.0066 0.0018 1.0000 1.0000 1.0000 1.0000 0.5567 0.1768 0.0564 0.0179 0.0057 0.0018 1.0000 1.0000 1.0000 1.0000 0.5535 0.1758 0.0561 0.0178 0.0057 0.0018 1.0000 1.0000 1.0000 1.0000 0.5493 0.1752 0.0556 0.0177 0.0056 0.0018 1.0000 1.0000 1.0000 1.0000 0.5472 0.1738 0.0554 0.0176 0.0056 0.0018 1.0000 1.0000 1.0000 1.0000 0.5421 0.1696 0.0586 0.0092
0.0293 0.1876 0.5421 1.0000 1.0000 1.0000 1.0000 0.0018 0.0057 0.0181 0.0568 0.1785 0.5609 1.0000 1.0000 1.0000 1.0000 0.0018 0.0058 0.0182 0.0571 0.1795 0.5641 1.0000 1.0000 1.0000 1.0000 0.0019 0.0058 0.0183 0.0575 0.1806 0.5674 1.0000 1.0000 1.0000 1.0000 0.0019 0.0059 0.0184 0.0578 0.1816 0.5706 1.0000 1.0000 1.0000 1.0000 0.0019 0.0059 0.0214 0.0478 0.0214 0.0059 0.0019 1.0000 1.0000 1.0000 1.0000 0.5706 0.1816 0.0578 0.0184 0.0059 0.0019 1.0000 1.0000 1.0000 1.0000 0.5674 0.1806 0.0575 0.0183 0.0058 0.0019 1.0000 1.0000 1.0000 1.0000 0.5641 0.1795 0.0571 0.0182 0.0058 0.0018 1.0000 1.0000 1.0000 1.0000 0.5609 0.1785 0.0568 0.0181 0.0057 0.0018 1.0000 1.0000 1.0000 1.0000 0.5421 0.1876 0.0293
0.0918 0.5882 1.0000 1.0000 1.0000 1.0000 0.0018 0.0058 0.0183 0.0575 0.1806 0.5674 1.0000 1.0000 1.0000 1.0000 0.0019 0.0059 0.0184 0.0578 0.1816 0.5706 1.0000 1.0000 1.0000 1.0000 0.0019 0.0059 0.0185 0.0581 0.1826 0.5739 1.0000 1.0000 1.0000 1.0000 0.0019 0.0059 0.0186 0.0585 0.1837 0.5772 1.0000 1.0000 1.0000 1.0000 0.0019 0.0059 0.0188 0.0678 0.1516 0.0678 0.0188 0.0059 0.0019 1.0000 1.0000 1.0000 1.0000 0.5772 0.1837 0.0585 0.0186 0.0059 0.0019 1.0000 1.0000 1.0000 1.0000 0.5739 0.1826 0.0581 0.0185 0.0059 0.0019 1.0000 1.0000 1.0000 1.0000 0.5706 0.1816 0.0578 0.0184 0.0059 0.0019 1.0000 1.0000 1.0000 1.0000 0.5674 0.1806 0.0575 0.0183 0.0058 0.0018 1.0000 1.0000 1.0000 1.0000 0.5882 0.0918
0.2883 1.0000 1.0000 1.0000 1.0000 0.0019 0.0059 0.0185 0.0582 0.1830 0.5750 1.0000 1.0000 1.0000 1.0000 0.0019 0.0059 0.0186 0.0586 0.1840 0.5783 1.0000 1.0000 1.0000 1.0000 0.0019 0.0060 0.0187 0.0589 0.1851 0.5816 1.0000 1.0000 1.0000 1.0000 0.0019 0.0060 0.0189 0.0592 0.1862 0.5849 1.0000 1.0000 1.0000 1.0000 0.0019 0.0060 0.0189 0.0598 0.2163 0.4827 0.2163 0.0598 0.0189 0.0060 0.0019 1.0000 1.0000 1.0000 1.0000 0.5849 0.1862 0.0592 0.0189 0.0060 0.0019 1.0000 1.0000 1.0000 1.0000 0.5816 0.1851 0.0589 0.0187 0.0060 0.0019 1.0000 1.0000 1.0000 1.0000 0.5783 0.1840 0.0586 0.0186 0.0059 0.0019 1.0000 1.0000 1.0000 1.0000 0.5750 0.1830 0.0582 0.0185 0.0059 0.0019 1.0000 1.0000 1.0000 1.0000 0.2883
0.9058 1.0000 1.0000 1.0000 0.0018 0.0059 0.0185 0.0586 0.1844 0.5805 1.0000 1.0000 1.0000 1.0000 0.0019 0.0060 0.0189 0.0594 0.1865 0.5860 1.0000 1.0000 1.0000 1.0000 0.0019 0.0060 0.0190 0.0597 0.1876 0.5894 1.0000 1.0000 1.0000 1.0000 0.0019 0.0061 0.0191 0.0600 0.1886 0.5927 1.0000 1.0000 1.0000 0.0006 0.0019 0.0061 0.0192 0.0602 0.1904 0.6888 1.0000 0.6888 0.1904 0.0602 0.0192 0.0061 0.0019 0.0006 1.0000 1.0000 1.0000 0.5927 0.1886 0.0600 0.0191 0.0061 0.0019 1.0000 1.0000 1.0000 1.0000 0.5894 0.1876 0.0597 0.0190 0.0060 0.0019 1.0000 1.0000 1.0000 1.0000 0.5860 0.1865 0.0594 0.0189 0.0060 0.0019 1.0000 1.0000 1.0000 1.0000 0.5805 0.1844 0.0586 0.0185 0.0059 0.0018 1.0000 1.0000 1.0000 0.9058
1.0000 1.0000 1.0000 0.0018 0.0058 0.0185 0.0586 0.1847 0.5849 1.0000 1.0000 1.0000 1.0000 0.0019 0.0061 0.0191 0.0602 0.1890 0.5939 1.0000 1.0000 1.0000 0.0006 0.0020 0.0061 0.0193 0.0605 0.1901 0.5973 1.0000 1.0000 1.0000 0.0006 0.0020 0.0062 0.0194 0.0608 0.1912 0.6007 1.0000 1.0000 1.0000 0.0006 0.0020 0.0062 0.0195 0.0612 0.1915 0.6064 1.0000 1.0000 1.0000 0.6064 0.1915 0.0612 0.0195 0.0062 0.0020 0.0006 1.0000 1.0000 1.0000 0.6007 0.1912 0.0608 0.0194 0.0062 0.0020 0.0006 1.0000 1.0000 1.0000 0.5973 0.1901 0.0605 0.0193 0.0061 0.0020 0.0006 1.0000 1.0000 1.0000 0.5939 0.1890 0.0602 0.0191 0.0061 0.0019 1.0000 1.0000 1.0000 1.0000 0.5849 0.1847 0.0586 0.0185 0.0058 0.0018 1.0000 1.0000 1.0000
1.0000 1.0000 0.0018 0.0057 0.0183 0.0582 0.1844 0.5849 1.0000 1.0000 1.0000 0.0006 0.0020 0.0062 0.0194 0.0610 0.1915 0.6018 1.0000 1.0000 1.0000 0.0006 0.0020 0.0062 0.0195 0.0613 0.1926 0.6053 1.0000 1.0000 1.0000 0.0006 0.0020 0.0062 0.0196 0.0617 0.1937 0.6087 1.0000 1.0000 1.0000 0.0006 0.0020 0.0063 0.0197 0.0620 0.1948 0.6099 1.0000 1.0000 1.0000 1.0000 1.0000 0.6099 0.1948 0.0620 0.0197 0.0063 0.0020 0.0006 1.0000 1.0000 1.0000 0.6087 0.1937 0.0617 0.0196 0.0062 0.0020 0.0006 1.0000 1.0000 1.0000 0.6053 0.1926 0.0613 0.0195 0.0062 0.0020 0.0006 1.0000 1.0000 1.0000 0.6018 0.1915 0.0610 0.0194 0.0062 0.0020 0.0006 1.0000 1.0000 1.0000 0.5849 0.1844 0.0582 0.0183 0.0057 0.0018 1.0000 1.0000
1.0000 0.0019 0.0056 0.0181 0.0575 0.1830 0.5805 1.0000 1.0000 1.0000 0.0006 0.0020 0.0062 0.0196 0.0618 0.1941 0.6099 1.0000 1.0000 1.0000 0.0006 0.0020 0.0063 0.0198 0.0621 0.1952 0.6134 1.0000 1.0000 1.0000 0.0006 0.0020 0.0063 0.0199 0.0625 0.1963 0.6169 1.0000 1.0000 1.0000 0.0006 0.0020 0.0064 0.0200 0.0628 0.1975 0.6204 1.0000 1.0000 1.0000 1.0000 1.0000 1.0000 1.0000 0.6204 0.1975 0.0628 0.0200 0.0064 0.0020 0.0006 1.0000 1.0000 1.0000 0.6169 0.1963 0.0625 0.0199 0.0063 0.0020 0.0006 1.0000 1.0000 1.0000 0.6134 0.1952 0.0621 0.0198 0.0063 0.0020 0.0006 1.0000 1.0000 1.0000 0.6099 0.1941 0.0618 0.0196 0.0062 0.0020 0.0006 1.0000 1.0000 1.0000 0.5805 0.1830 0.0575 0.0181 0.0056 0.0019 1.0000
0.0009 0.0061 0.0176 0.0568 0.1806 0.5750 1.0000 1.0000 1.0000 0.0006 0.0020 0.0063 0.0198 0.0624 0.1963 0.6181 1.0000 1.0000 1.0000 0.0006 0.0020 0.0064 0.0200 0.0630 0.1978 0.6216 1.0000 1.0000 1.0000 0.0006 0.0020 0.0064 0.0202 0.0633 0.1990 0.6252 1.0000 1.0000 1.0000 0.0007 0.0021 0.0065 0.0203 0.0637 0.2001 0.6287 1.0000 1.0000 1.0000 0.0008 0.0017 0.0008 1.0000 1.0000 1.0000 0.6287 0.2001 0.0637 0.0203 0.0065 0.0021 0.0007 1.0000 1.0000 1.0000 0.6252 0.1990 0.0633 0.0202 0.0064 0.0020 0.0006 1.0000 1.0000 1.0000 0.6216 0.1978 0.0630 0.0200 0.0064 0.0020 0.0006 1.0000 1.0000 1.0000 0.6181 0.1963 0.0624 0.0198 0.0063 0.0020 0.0006 1.0000 1.0000 1.0000 0.5750 0.1806 0.0568 0.0176 0.0061 0.0009
0.0030 0.0191 0.0554 0.1785 0.5674 1.0000 1.0000 1.0000 0.0006 0.0020 0.0063 0.0199 0.0628 0.1982 0.6240 1.0000 1.0000 1.0000 0.0007 0.0021 0.0065 0.0203 0.0638 0.2005 0.6299 1.0000 1.0000 1.0000 0.0007 0.0021 0.0065 0.0204 0.0642 0.2016 0.6335 1.0000 1.0000 1.0000 0.0007 0.0021 0.0065 0.0205 0.0645 0.2028 0.6372 1.0000 1.0000 1.0000 0.0007 0.0024 0.0054 0.0024 0.0007 1.0000 1.0000 1.0000 0.6372 0.2028 0.0645 0.0205 0.0065 0.0021 0.0007 1.0000 1.0000 1.0000 0.6335 0.2016 0.0642 0.0204 0.0065 0.0021 0.0007 1.0000 1.0000 1.0000 0.6299 0.2005 0.0638 0.0203 0.0065 0.0021 0.0007 1.0000 1.0000 1.0000 0.6240 0.1982 0.0628 0.0199 0.0063 0.0020 0.0006 1.0000 1.0000 1.0000 0.5674 0.1785 0.0554 0.0191 0.0030
0.0093 0.0599 0.1738 0.5609 1.0000 1.0000 1.0000 1.0000 0.0020 0.0062 0.0198 0.0628 0.1990 0.6287 1.0000 1.0000 1.0000 0.0007 0.0021 0.0065 0.0206 0.0647 0.2032 0.6384 1.0000 1.0000 1.0000 0.0007 0.0021 0.0066 0.0207 0.0650 0.2043 0.6420 1.0000 1.0000 1.0000 0.0007 0.0021 0.0066 0.0208 0.0654 0.2055 0.6457 1.0000 1.0000 1.0000 0.0007 0.0021 0.0077 0.0172 0.0077 0.0021 0.0007 1.0000 1.0000 1.0000 0.6457 0.2055 0.0654 0.0208 0.0066 0.0021 0.0007 1.0000 1.0000 1.0000 0.6420 0.2043 0.0650 0.0207 0.0066 0.0021 0.0007 1.0000 1.0000 1.0000 0.6384 0.2032 0.0647 0.0206 0.0065 0.0021 0.0007 1.0000 1.0000 1.0000 0.6287 0.1990 0.0628 0.0198 0.0062 0.0020 1.0000 1.0000 1.0000 1.0000 0.5609 0.1738 0.0599 0.0093
0.0294 0.1883 0.5472 1.0000 1.0000 1.0000 1.0000 0.0019 0.0062 0.0196 0.0624 0.1982 0.6287 1.0000 1.0000 1.0000 0.0007 0.0021 0.0066 0.0209 0.0655 0.2059 0.6469 1.0000 1.0000 1.0000 0.0007 0.0021 0.0067 0.0210 0.0659 0.2071 0.6506 1.0000 1.0000 1.0000 0.0007 0.0021 0.0067 0.0211 0.0663 0.2083 0.6544 1.0000 1.0000 1.0000 0.0007 0.0021 0.0068 0.0245 0.0547 0.0245 0.0068 0.0021 0.0007 1.0000 1.0000 1.0000 0.6544 0.2083 0.0663 0.0211 0.0067 0.0021 0.0007 1.0000 1.0000 1.0000 0.6506 0.2071 0.0659 0.0210 0.0067 0.0021 0.0007 1.0000 1.0000 1.0000 0.6469 0.2059 0.0655 0.0209 0.0066 0.0021 0.0007 1.0000 1.0000 1.0000 0.6287 0.1982 0.0624 0.0196 0.0062 0.0019 1.0000 1.0000 1.0000 1.0000 0.5472 0.1883 0.0294
0.0923 0.5916 1.0000 1.0000 1.0000 1.0000 0.0019 0.0061 0.0194 0.0618 0.1963 0.6240 1.0000 1.0000 1.0000 0.0007 0.0021 0.0067 0.0211 0.0664 0.2087 0.6556 1.0000 1.0000 1.0000 0.0007 0.0022 0.0068 0.0213 0.0668 0.2098 0.6594 1.0000 1.0000 1.0000 0.0007 0.0022 0.0068 0.0214 0.0672 0.2110 0.6631 1.0000 1.0000 1.0000 0.0007 0.0022 0.0068 0.0216 0.0781 0.1742 0.0781 0.0216 0.0068 0.0022 0.0007 1.0000 1.0000 1.0000 0.6631 0.2110 0.0672 0.0214 0.0068 0.0022 0.0007 1.0000 1.0000 1.0000 0.6594 0.2098 0.0668 0.0213 0.0068 0.0022 0.0007 1.0000 1.0000 1.0000 0.6556 0.2087 0.0664 0.0211 0.0067 0.0021 0.0007 1.0000 1.0000 1.0000 0.6240 0.1963 0.0618 0.0194 0.0061 0.0019 1.0000 1.0000 1.0000 1.0000 0.5916 0.0923
0.2899 1.0000 1.0000 1.0000 1.0000 0.0019 0.0060 0.0191 0.0610 0.1941 0.6181 1.0000 1.0000 1.0000 0.0007 0.0021 0.0068 0.0213 0.0670 0.2110 0.6644 1.0000 1.0000 1.0000 0.0007 0.0022 0.0069 0.0215 0.0677 0.2127 0.6682 1.0000 1.0000 1.0000 0.0007 0.0022 0.0069 0.0217 0.0681 0.2139 0.6720 1.0000 1.0000 1.0000 0.0007 0.0022 0.0069 0.0217 0.0687 0.2485 0.5546 0.2485 0.0687 0.0217 0.0069 0.0022 0.0007 1.0000 1.0000 1.0000 0.6720 0.2139 0.0681 0.0217 0.0069 0.0022 0.0007 1.0000 1.0000 1.0000 0.6682 0.2127 0.0677 0.0215 0.0069 0.0022 0.0007 1.0000 1.0000 1.0000 0.6644 0.2110 0.0670 0.0213 0.0068 0.0021 0.0007 1.0000 1.0000 1.0000 0.6181 0.1941 0.0610 0.0191 0.0060 0.0019 1.0000 1.0000 1.0000 1.0000 0.2899
0.9110 1.0000 1.0000 1.0000 0.0019 0.0059 0.0189 0.0602 0.1915 0.6099 1.0000 1.0000 1.0000 0.0007 0.0021 0.0068 0.0214 0.0676 0.2131 0.6707 1.0000 1.0000 1.0000 0.0007 0.0022 0.0069 0.0218 0.0686 0.2155 0.6771 1.0000 1.0000 1.0000 0.0007 0.0022 0.0070 0.0220 0.0690 0.2167 0.6810 1.0000 1.0000 1.0000 0.0007 0.0022 0.0070 0.0221 0.0691 0.2188 0.7914 1.0000 0.7914 0.2188 0.0691 0.0221 0.0070 0.0022 0.0007 1.0000 1.0000 1.0000 0.6810 0.2167 0.0690 0.0220 0.0070 0.0022 0.0007 1.0000 1.0000 1.0000 0.6771 0.2155 0.0686 0.0218 0.0069 0.0022 0.0007 1.0000 1.0000 1.0000 0.6707 0.2131 0.0676 0.0214 0.0068 0.0021 0.0007 1.0000 1.0000 1.0000 0.6099 0.1915 0.0602 0.0189 0.0059 0.0019 1.0000 1.0000 1.0000 0.9110
1.0000 1.0000 1.0000 0.0018 0.0059 0.0186 0.0594 0.1890 0.6018 1.0000 1.0000 1.0000 0.0007 0.0021 0.0067 0.0213 0.0676 0.2139 0.6759 1.0000 1.0000 1.0000 0.0007 0.0022 0.0070 0.0221 0.0695 0.2184 0.6862 1.0000 1.0000 1.0000 0.0007 0.0023 0.0071 0.0222 0.0699 0.2196 0.6901 1.0000 1.0000 1.0000 0.0007 0.0023 0.0071 0.0224 0.0703 0.2201 0.6967 1.0000 1.0000 1.0000 0.6967 0.2201 0.0703 0.0224 0.0071 0.0023 0.0007 1.0000 1.0000 1.0000 0.6901 0.2196 0.0699 0.0222 0.0071 0.0023 0.0007 1.0000 1.0000 1.0000 0.6862 0.2184 0.0695 0.0221 0.0070 0.0022 0.0007 1.0000 1.0000 1.0000 0.6759 0.2139 0.0676 0.0213 0.0067 0.0021 0.0007 1.0000 1.0000 1.0000 0.6018 0.1890 0.0594 0.0186 0.0059 0.0018 1.0000 1.0000 1.0000
1.0000 1.0000 0.0018 0.0058 0.0184 0.0586 0.1865 0.5939 1.0000 1.0000 1.0000 0.0007 0.0021 0.0066 0.0211 0.0670 0.2131 0.6759 1.0000 1.0000 1.0000 0.0007 0.0023 0.0071 0.0224 0.0704 0.2213 0.6954 1.0000 1.0000 1.0000 0.0007 0.0023 0.0072 0.0225 0.0708 0.2226 0.6994 1.0000 1.0000 1.0000 0.0007 0.0023 0.0072 0.0227 0.0712 0.2239 0.7007 1.0000 1.0000 1.0000 1.0000 1.0000 0.7007 0.2239 0.0712 0.0227 0.0072 0.0023 0.0007 1.0000 1.0000 1.0000 0.6994 0.2226 0.0708 0.0225 0.0072 0.0023 0.0007 1.0000 1.0000 1.0000 0.6954 0.2213 0.0704 0.0224 0.0071 0.0023 0.0007 1.0000 1.0000 1.0000 0.6759 0.2131 0.0670 0.0211 0.0066 0.0021 0.0007 1.0000 1.0000 1.0000 0.5939 0.1865 0.0586 0.0184 0.0058 0.0018 1.0000 1.0000
1.0000 0.0019 0.0056 0.0182 0.0578 0.1840 0.5860 1.0000 1.0000 1.0000 0.0006 0.0021 0.0065 0.0209 0.0664 0.2110 0.6707 1.0000 1.0000 1.0000 0.0007 0.0023 0.0072 0.0227 0.0714 0.2243 0.7047 1.0000 1.0000 1.0000 0.0007 0.0023 0.0073 0.0228 0.0718 0.2256 0.7088 1.0000 1.0000 1.0000 0.0007 0.0023 0.0073 0.0230 0.0722 0.2269 0.7128 1.0000 1.0000 1.0000 1.0000 1.0000 1.0000 1.0000 0.7128 0.2269 0.0722 0.0230 0.0073 0.0023 0.0007 1.0000 1.0000 1.0000 0.7088 0.2256 0.0718 0.0228 0.0073 0.0023 0.0007 1.0000 1.0000 1.0000 0.7047 0.2243 0.0714 0.0227 0.0072 0.0023 0.0007 1.0000 1.0000 1.0000 0.6707 0.2110 0.0664 0.0209 0.0065 0.0021 0.0006 1.0000 1.0000 1.0000 0.5860 0.1840 0.0578 0.0182 0.0056 0.0019 1.0000
0.0010 0.0061 0.0177 0.0571 0.1816 0.5783 1.0000 1.0000 1.0000 0.0006 0.0020 0.0065 0.0206 0.0655 0.2087 0.6644 1.0000 1.0000 1.0000 0.0007 0.0023 0.0073 0.0229 0.0721 0.2269 0.7142 1.0000 1.0000 1.0000 0.0007 0.0023 0.0074 0.0232 0.0728 0.2286 0.7183 1.0000 1.0000 1.0000 0.0008 0.0024 0.0074 0.0233 0.0732 0.2299 0.7224 1.0000 1.0000 1.0000 0.0009 0.0019 0.0009 1.0000 1.0000 1.0000 0.7224 0.2299 0.0732 0.0233 0.0074 0.0024 0.0008 1.0000 1.0000 1.0000 0.7183 0.2286 0.0728 0.0232 0.0074 0.0023 0.0007 1.0000 1.0000 1.0000 0.7142 0.2269 0.0721 0.0229 0.0073 0.0023 0.0007 1.0000 1.0000 1.0000 0.6644 0.2087 0.0655 0.0206 0.0065 0.0020 0.0006 1.0000 1.0000 1.0000 0.5783 0.1816 0.0571 0.0177 0.0061 0.0010
0.0030 0.0192 0.0556 0.1795 0.5706 1.0000 1.0000 1.0000 0.0006 0.0020 0.0064 0.0203 0.0647 0.2059 0.6556 1.0000 1.0000 1.0000 0.0007 0.0023 0.0073 0.0230 0.0726 0.2290 0.7210 1.0000 1.0000 1.0000 0.0008 0.0024 0.0075 0.0235 0.0737 0.2317 0.7279 1.0000 1.0000 1.0000 0.0008 0.0024 0.0075 0.0236 0.0741 0.2330 0.7321 1.0000 1.0000 1.0000 0.0008 0.0028 0.0062 0.0028 0.0008 1.0000 1.0000 1.0000 0.7321 0.2330 0.0741 0.0236 0.0075 0.0024 0.0008 1.0000 1.0000 1.0000 0.7279 0.2317 0.0737 0.0235 0.0075 0.0024 0.0008 1.0000 1.0000 1.0000 0.7210 0.2290 0.0726 0.0230 0.0073 0.0023 0.0007 1.0000 1.0000 1.0000 0.6556 0.2059 0.0647 0.0203 0.0064 0.0020 0.0006 1.0000 1.0000 1.0000 0.5706 0.1795 0.0556 0.0192 0.0030
0.0094 0.0603 0.1752 0.5641 1.0000 1.0000 1.0000 0.0006 0.0020 0.0063 0.0200 0.0638 0.2032 0.6469 1.0000 1.0000 1.0000 0.0007 0.0023 0.0072 0.0229 0.0726 0.2299 0.7265 1.0000 1.0000 1.0000 0.0008 0.0024 0.0076 0.0238 0.0747 0.2348 0.7376 1.0000 1.0000 1.0000 0.0008 0.0024 0.0076 0.0239 0.0751 0.2361 0.7419 1.0000 1.0000 1.0000 0.0008 0.0024 0.0088 0.0197 0.0088 0.0024 0.0008 1.0000 1.0000 1.0000 0.7419 0.2361 0.0751 0.0239 0.0076 0.0024 0.0008 1.0000 1.0000 1.0000 0.7376 0.2348 0.0747 0.0238 0.0076 0.0024 0.0008 1.0000 1.0000 1.0000 0.7265 0.2299 0.0726 0.0229 0.0072 0.0023 0.0007 1.0000 1.0000 1.0000 0.6469 0.2032 0.0638 0.0200 0.0063 0.0020 0.0006 1.0000 1.0000 1.0000 0.5641 0.1752 0.0603 0.0094
0.0295 0.1894 0.5493 1.0000 1.0000 1.0000 1.0000 0.0020 0.0062 0.0198 0.0630 0.2005 0.6384 1.0000 1.0000 1.0000 0.0007 0.0022 0.0071 0.0227 0.0721 0.2290 0.7265 1.0000 1.0000 1.0000 0.0008 0.0024 0.0077 0.0241 0.0757 0.2379 0.7475 1.0000 1.0000 1.0000 0.0008 0.0025 0.0077 0.0242 0.0762 0.2393 0.7518 1.0000 1.0000 1.0000 0.0008 0.0025 0.0078 0.0282 0.0628 0.0282 0.0078 0.0025 0.0008 1.0000 1.0000 1.0000 0.7518 0.2393 0.0762 0.0242 0.0077 0.0025 0.0008 1.0000 1.0000 1.0000 0.7475 0.2379 0.0757 0.0241 0.0077 0.0024 0.0008 1.0000 1.0000 1.0000 0.7265 0.2290 0.0721 0.0227 0.0071 0.0022 0.0007 1.0000 1.0000 1.0000 0.6384 0.2005 0.0630 0.0198 0.0062 0.0020 1.0000 1.0000 1.0000 1.0000 0.5493 0.1894 0.0295
0.0928 0.5950 1.0000 1.0000 1.0000 1.0000 0.0019 0.0061 0.0195 0.0621 0.1978 0.6299 1.0000 1.0000 1.0000 0.0007 0.0022 0.0070 0.0224 0.0714 0.2269 0.7210 1.0000 1.0000 1.0000 0.0008 0.0025 0.0078 0.0244 0.0767 0.2411 0.7576 1.0000 1.0000 1.0000 0.0008 0.0025 0.0078 0.0246 0.0772 0.2425 0.7619 1.0000 1.0000 1.0000 0.0008 0.0025 0.0078 0.0248 0.0897 0.2001 0.0897 0.0248 0.0078 0.0025 0.0008 1.0000 1.0000 1.0000 0.7619 0.2425 0.0772 0.0246 0.0078 0.0025 0.0008 1.0000 1.0000 1.0000 0.7576 0.2411 0.0767 0.0244 0.0077 0.0025 0.0008 1.0000 1.0000 1.0000 0.7210 0.2269 0.0714 0.0224 0.0070 0.0022 0.0007 1.0000 1.0000 1.0000 0.6299 0.1978 0.0621 0.0195 0.0061 0.0019 1.0000 1.0000 1.0000 1.0000 0.5950 0.0928
0.2916 1.0000 1.0000 1.0000 1.0000 0.0019 0.0060 0.0193 0.0613 0.1952 0.6216 1.0000 1.0000 1.0000 0.0007 0.0022 0.0069 0.0221 0.0704 0.2243 0.7142 1.0000 1.0000 1.0000 0.0008 0.0025 0.0078 0.0246 0.0775 0.2439 0.7677 1.0000 1.0000 1.0000 0.0008 0.0025 0.0079 0.0249 0.0782 0.2457 0.7721 1.0000 1.0000 1.0000 0.0008 0.0025 0.0080 0.0249 0.0790 0.2856 0.6372 0.2856 0.0790 0.0249 0.0080 0.0025 0.0008 1.0000 1.0000 1.0000 0.7721 0.2457 0.0782 0.0249 0.0079 0.0025 0.0008 1.0000 1.0000 1.0000 0.7677 0.2439 0.0775 0.0246 0.0078 0.0025 0.0008 1.0000 1.0000 1.0000 0.7142 0.2243 0.0704 0.0221 0.0069 0.0022 0.0007 1.0000 1.0000 1.0000 0.6216 0.1952 0.0613 0.0193 0.0060 0.0019 1.0000 1.0000 1.0000 1.0000 0.2916
0.9162 1.0000 1.0000 1.0000 0.0019 0.0060 0.0190 0.0605 0.1926 0.6134 1.0000 1.0000 1.0000 0.0007 0.0022 0.0069 0.0218 0.0695 0.2213 0.7047 1.0000 1.0000 1.0000 0.0008 0.0025 0.0078 0.0247 0.0779 0.2457 0.7750 1.0000 1.0000 1.0000 0.0008 0.0026 0.0080 0.0252 0.0793 0.2490 0.7824 1.0000 1.0000 1.0000 0.0008 0.0026 0.0081 0.0254 0.0794 0.2514 0.9093 1.0000 0.9093 0.2514 0.0794 0.0254 0.0081 0.0026 0.0008 1.0000 1.0000 1.0000 0.7824 0.2490 0.0793 0.0252 0.0080 0.0026 0.0008 1.0000 1.0000 1.0000 0.7750 0.2457 0.0779 0.0247 0.0078 0.0025 0.0008 1.0000 1.0000 1.0000 0.7047 0.2213 0.0695 0.0218 0.0069 0.0022 0.0007 1.0000 1.0000 1.0000 0.6134 0.1926 0.0605 0.0190 0.0060 0.0019 1.0000 1.0000 1.0000 0.9162
1.0000 1.0000 1.0000 0.0019 0.0059 0.0187 0.0597 0.1901 0.6053 1.0000 1.0000 1.0000 0.0007 0.0021 0.0068 0.0215 0.0686 0.2184 0.6954 1.0000 1.0000 1.0000 0.0008 0.0024 0.0077 0.0246 0.0779 0.2467 0.7795 1.0000 1.0000 1.0000 0.0008 0.0026 0.0081 0.0256 0.0803 0.2524 0.7929 1.0000 1.0000 1.0000 0.0008 0.0026 0.0082 0.0257 0.0808 0.2528 0.8005 1.0000 1.0000 1.0000 0.8005 0.2528 0.0808 0.0257 0.0082 0.0026 0.0008 1.0000 1.0000 1.0000 0.7929 0.2524 0.0803 0.0256 0.0081 0.0026 0.0008 1.0000 1.0000 1.0000 0.7795 0.2467 0.0779 0.0246 0.0077 0.0024 0.0008 1.0000 1.0000 1.0000 0.6954 0.2184 0.0686 0.0215 0.0068 0.0021 0.0007 1.0000 1.0000 1.0000 0.6053 0.1901 0.0597 0.0187 0.0059 0.0019 1.0000 1.0000 1.0000
1.0000 1.0000 0.0018 0.0058 0.0185 0.0589 0.1876 0.5973 1.0000 1.0000 1.0000 0.0007 0.0021 0.0067 0.0213 0.0677 0.2155 0.6862 1.0000 1.0000 1.0000 0.0008 0.0024 0.0077 0.0244 0.0775 0.2457 0.7795 1.0000 1.0000 1.0000 0.0008 0.0026 0.0082 0.0259 0.0814 0.2557 0.8036 1.0000 1.0000 1.0000 0.0008 0.0026 0.0083 0.0261 0.0819 0.2572 0.8051 1.0000 1.0000 1.0000 1.0000 1.0000 0.8051 0.2572 0.0819 0.0261 0.0083 0.0026 0.0008 1.0000 1.0000 1.0000 0.8036 0.2557 0.0814 0.0259 0.0082 0.0026 0.0008 1.0000 1.0000 1.0000 0.7795 0.2457 0.0775 0.0244 0.0077 0.0024 0.0008 1.0000 1.0000 1.0000 0.6862 0.2155 0.0677 0.0213 0.0067 0.0021 0.0007 1.0000 1.0000 1.0000 0.5973 0.1876 0.0589 0.0185 0.0058 0.0018 1.0000 1.0000
1.0000 0.0020 0.0057 0.0183 0.0581 0.1851 0.5894 1.0000 1.0000 1.0000 0.0006 0.0021 0.0066 0.0210 0.0668 0.2127 0.6771 1.0000 1.0000 1.0000 0.0007 0.0024 0.0076 0.0241 0.0767 0.2439 0.7750 1.0000 1.0000 1.0000 0.0008 0.0026 0.0083 0.0262 0.0825 0.2592 0.8143 1.0000 1.0000 1.0000 0.0009 0.0027 0.0084 0.0264 0.0830 0.2606 0.8190 1.0000 1.0000 1.0000 1.0000 1.0000 1.0000 1.0000 0.8190 0.2606 0.0830 0.0264 0.0084 0.0027 0.0009 1.0000 1.0000 1.0000 0.8143 0.2592 0.0825 0.0262 0.0083 0.0026 0.0008 1.0000 1.0000 1.0000 0.7750 0.2439 0.0767 0.0241 0.0076 0.0024 0.0007 1.0000 1.0000 1.0000 0.6771 0.2127 0.0668 0.0210 0.0066 0.0021 0.0006 1.0000 1.0000 1.0000 0.5894 0.1851 0.0581 0.0183 0.0057 0.0020 1.0000
0.0010 0.0061 0.0178 0.0575 0.1826 0.5816 1.0000 1.0000 1.0000 0.0006 0.0020 0.0065 0.0207 0.0659 0.2098 0.6682 1.0000 1.0000 1.0000 0.0007 0.0023 0.0075 0.0238 0.0757 0.2411 0.7677 1.0000 1.0000 1.0000 0.0008 0.0026 0.0084 0.0264 0.0833 0.2621 0.8252 1.0000 1.0000 1.0000 0.0009 0.0027 0.0085 0.0268 0.0841 0.2641 0.8300 1.0000 1.0000 1.0000 0.0010 0.0022 0.0010 1.0000 1.0000 1.0000 0.8300 0.2641 0.0841 0.0268 0.0085 0.0027 0.0009 1.0000 1.0000 1.0000 0.8252 0.2621 0.0833 0.0264 0.0084 0.0026 0.0008 1.0000 1.0000 1.0000 0.7677 0.2411 0.0757 0.0238 0.0075 0.0023 0.0007 1.0000 1.0000 1.0000 0.6682 0.2098 0.0659 0.0207 0.0065 0.0020 0.0006 1.0000 1.0000 1.0000 0.5816 0.1826 0.0575 0.0178 0.0061 0.0010
0.0030 0.0193 0.0561 0.1806 0.5739 1.0000 1.0000 1.0000 0.0006 0.0020 0.0064 0.0204 0.0650 0.2071 0.6594 1.0000 1.0000 1.0000 0.0007 0.0023 0.0074 0.0235 0.0747 0.2379 0.7576 1.0000 1.0000 1.0000 0.0008 0.0026 0.0084 0.0265 0.0837 0.2641 0.8331 1.0000 1.0000 1.0000 0.0009 0.0027 0.0086 0.0271 0.0852 0.2677 0.8411 1.0000 1.0000 1.0000 0.0009 0.0032 0.0071 0.0032 0.0009 1.0000 1.0000 1.0000 0.8411 0.2677 0.0852 0.0271 0.0086 0.0027 0.0009 1.0000 1.0000 1.0000 0.8331 0.2641 0.0837 0.0265 0.0084 0.0026 0.0008 1.0000 1.0000 1.0000 0.7576 0.2379 0.0747 0.0235 0.0074 0.0023 0.0007 1.0000 1.0000 1.0000 0.6594 0.2071 0.0650 0.0204 0.0064 0.0020 0.0006 1.0000 1.0000 1.0000 0.5739 0.1806 0.0561 0.0193 0.0030
0.0095 0.0606 0.1758 0.5674 1.0000 1.0000 1.0000 0.0006 0.0020 0.0063 0.0202 0.0642 0.2043 0.6506 1.0000 1.0000 1.0000 0.0007 0.0023 0.0073 0.0232 0.0737 0.2348 0.7475 1.0000 1.0000 1.0000 0.0008 0.0026 0.0083 0.0264 0.0837 0.2651 0.8379 1.0000 1.0000 1.0000 0.0009 0.0028 0.0087 0.0275 0.0863 0.2713 0.8524 1.0000 1.0000 1.0000 0.0009 0.0028 0.0102 0.0227 0.0102 0.0028 0.0009 1.0000 1.0000 1.0000 0.8524 0.2713 0.0863 0.0275 0.0087 0.0028 0.0009 1.0000 1.0000 1.0000 0.8379 0.2651 0.0837 0.0264 0.0083 0.0026 0.0008 1.0000 1.0000 1.0000 0.7475 0.2348 0.0737 0.0232 0.0073 0.0023 0.0007 1.0000 1.0000 1.0000 0.6506 0.2043 0.0642 0.0202 0.0063 0.0020 0.0006 1.0000 1.0000 1.0000 0.5674 0.1758 0.0606 0.0095
0.0297 0.1904 0.5535 1.0000 1.0000 1.0000 1.0000 0.0020 0.0062 0.0199 0.0633 0.2016 0.6420 1.0000 1.0000 1.0000 0.0007 0.0023 0.0072 0.0228 0.0728 0.2317 0.7376 1.0000 1.0000 1.0000 0.0008 0.0026 0.0082 0.0262 0.0833 0.2641 0.8379 1.0000 1.0000 1.0000 0.0009 0.0028 0.0089 0.0278 0.0875 0.2749 0.8638 1.0000 1.0000 1.0000 0.0009 0.0028 0.0089 0.0324 0.0722 0.0324 0.0089 0.0028 0.0009 1.0000 1.0000 1.0000 0.8638 0.2749 0.0875 0.0278 0.0089 0.0028 0.0009 1.0000 1.0000 1.0000 0.8379 0.2641 0.0833 0.0262 0.0082 0.0026 0.0008 1.0000 1.0000 1.0000 0.7376 0.2317 0.0728 0.0228 0.0072 0.0023 0.0007 1.0000 1.0000 1.0000 0.6420 0.2016 0.0633 0.0199 0.0062 0.0020 1.0000 1.0000 1.0000 1.0000 0.5535 0.1904 0.0297
0.0933 0.5984 1.0000 1.0000 1.0000 1.0000 0.0019 0.0062 0.0196 0.0625 0.1990 0.6335 1.0000 1.0000 1.0000 0.0007 0.0022 0.0071 0.0225 0.0718 0.2286 0.7279 1.0000 1.0000 1.0000 0.0008 0.0026 0.0081 0.0259 0.0825 0.2621 0.8331 1.0000 1.0000 1.0000 0.0009 0.0028 0.0089 0.0282 0.0887 0.2786 0.8754 1.0000 1.0000 1.0000 0.0009 0.0029 0.0090 0.0285 0.1030 0.2299 0.1030 0.0285 0.0090 0.0029 0.0009 1.0000 1.0000 1.0000 0.8754 0.2786 0.0887 0.0282 0.0089 0.0028 0.0009 1.0000 1.0000 1.0000 0.8331 0.2621 0.0825 0.0259 0.0081 0.0026 0.0008 1.0000 1.0000 1.0000 0.7279 0.2286 0.0718 0.0225 0.0071 0.0022 0.0007 1.0000 1.0000 1.0000 0.6335 0.1990 0.0625 0.0196 0.0062 0.0019 1.0000 1.0000 1.0000 1.0000 0.5984 0.0933
0.2933 1.0000 1.0000 1.0000 1.0000 0.0019 0.0061 0.0194 0.0617 0.1963 0.6252 1.0000 1.0000 1.0000 0.0007 0.0022 0.0070 0.0222 0.0708 0.2256 0.7183 1.0000 1.0000 1.0000 0.0008 0.0025 0.0080 0.0256 0.0814 0.2592 0.8252 1.0000 1.0000 1.0000 0.0009 0.0028 0.0090 0.0284 0.0895 0.2818 0.8871 1.0000 1.0000 1.0000 0.0009 0.0029 0.0092 0.0287 0.0907 0.3281 0.7321 0.3281 0.0907 0.0287 0.0092 0.0029 0.0009 1.0000 1.0000 1.0000 0.8871 0.2818 0.0895 0.0284 0.0090 0.0028 0.0009 1.0000 1.0000 1.0000 0.8252 0.2592 0.0814 0.0256 0.0080 0.0025 0.0008 1.0000 1.0000 1.0000 0.7183 0.2256 0.0708 0.0222 0.0070 0.0022 0.0007 1.0000 1.0000 1.0000 0.6252 0.1963 0.0617 0.0194 0.0061 0.0019 1.0000 1.0000 1.0000 1.0000 0.2933
0.9215 1.0000 1.0000 1.0000 0.0019 0.0060 0.0191 0.0608 0.1937 0.6169 1.0000 1.0000 1.0000 0.0007 0.0022 0.0069 0.0220 0.0699 0.2226 0.7088 1.0000 1.0000 1.0000 0.0008 0.0025 0.0079 0.0252 0.0803 0.2557 0.8143 1.0000 1.0000 1.0000 0.0009 0.0028 0.0090 0.0285 0.0900 0.2839 0.8956 1.0000 1.0000 1.0000 0.0009 0.0030 0.0093 0.0291 0.0912 0.2888 1.0000 1.0000 1.0000 0.2888 0.0912 0.0291 0.0093 0.0030 0.0009 1.0000 1.0000 1.0000 0.8956 0.2839 0.0900 0.0285 0.0090 0.0028 0.0009 1.0000 1.0000 1.0000 0.8143 0.2557 0.0803 0.0252 0.0079 0.0025 0.0008 1.0000 1.0000 1.0000 0.7088 0.2226 0.0699 0.0220 0.0069 0.0022 0.0007 1.0000 1.0000 1.0000 0.6169 0.1937 0.0608 0.0191 0.0060 0.0019 1.0000 1.0000 1.0000 0.9215
1.0000 1.0000 1.0000 0.0019 0.0059 0.0189 0.0600 0.1912 0.6087 1.0000 1.0000 1.0000 0.0007 0.0021 0.0068 0.0217 0.0690 0.2196 0.6994 1.0000 1.0000 1.0000 0.0008 0.0025 0.0078 0.0249 0.0793 0.2524 0.8036 1.0000 1.0000 1.0000 0.0009 0.0028 0.0089 0.0284 0.0900 0.2850 0.9007 1.0000 1.0000 1.0000 0.0010 0.0030 0.0094 0.0295 0.0928 0.2905 0.9197 1.0000 1.0000 1.0000 0.9197 0.2905 0.0928 0.0295 0.0094 0.0030 0.0010 1.0000 1.0000 1.0000 0.9007 0.2850 0.0900 0.0284 0.0089 0.0028 0.0009 1.0000 1.0000 1.0000 0.8036 0.2524 0.0793 0.0249 0.0078 0.0025 0.0008 1.0000 1.0000 1.0000 0.6994 0.2196 0.0690 0.0217 0.0068 0.0021 0.0007 1.0000 1.0000 1.0000 0.6087 0.1912 0.0600 0.0189 0.0059 0.0019 1.0000 1.0000 1.0000
1.0000 1.0000 0.0018 0.0059 0.0186 0.0592 0.1886 0.6007 1.0000 1.0000 1.0000 0.0007 0.0021 0.0067 0.0214 0.0681 0.2167 0.6901 1.0000 1.0000 1.0000 0.0008 0.0024 0.0077 0.0246 0.0782 0.2490 0.7929 1.0000 1.0000 1.0000 0.0009 0.0028 0.0089 0.0282 0.0895 0.2839 0.9007 1.0000 1.0000 1.0000 0.0010 0.0030 0.0095 0.0299 0.0940 0.2955 0.9250 1.0000 1.0000 1.0000 1.0000 1.0000 0.9250 0.2955 0.0940 0.0299 0.0095 0.0030 0.0010 1.0000 1.0000 1.0000 0.9007 0.2839 0.0895 0.0282 0.0089 0.0028 0.0009 1.0000 1.0000 1.0000 0.7929 0.2490 0.0782 0.0246 0.0077 0.0024 0.0008 1.0000 1.0000 1.0000 0.6901 0.2167 0.0681 0.0214 0.0067 0.0021 0.0007 1.0000 1.0000 1.0000 0.6007 0.1886 0.0592 0.0186 0.0059 0.0018 1.0000 1.0000
1.0000 0.0020 0.0057 0.0184 0.0585 0.1862 0.5927 1.0000 1.0000 1.0000 0.0007 0.0021 0.0066 0.0211 0.0672 0.2139 0.6810 1.0000 1.0000 1.0000 0.0008 0.0024 0.0076 0.0242 0.0772 0.2457 0.7824 1.0000 1.0000 1.0000 0.0009 0.0027 0.0087 0.0278 0.0887 0.2818 0.8956 1.0000 1.0000 1.0000 0.0010 0.0030 0.0096 0.0303 0.0953 0.2995 0.9410 1.0000 1.0000 1.0000 0.0008 1.0000 1.0000 1.0000 0.9410 0.2995 0.0953 0.0303 0.0096 0.0030 0.0010 1.0000 1.0000 1.0000 0.8956 0.2818 0.0887 0.0278 0.0087 0.0027 0.0009 1.0000 1.0000 1.0000 0.7824 0.2457 0.0772 0.0242 0.0076 0.0024 0.0008 1.0000 1.0000 1.0000 0.6810 0.2139 0.0672 0.0211 0.0066 0.0021 0.0007 1.0000 1.0000 1.0000 0.5927 0.1862 0.0585 0.0184 0.0057 0.0020 1.0000
0.0010 0.0062 0.0179 0.0578 0.1837 0.5849 1.0000 1.0000 1.0000 0.0006 0.0021 0.0065 0.0208 0.0663 0.2110 0.6720 1.0000 1.0000 1.0000 0.0007 0.0024 0.0075 0.0239 0.0762 0.2425 0.7721 1.0000 1.0000 1.0000 0.0009 0.0027 0.0086 0.0275 0.0875 0.2786 0.8871 1.0000 1.0000 1.0000 0.0010 0.0031 0.0097 0.0305 0.0962 0.3029 0.9536 1.0000 1.0000 1.0000 0.0012 0.0026 0.0012 1.0000 1.0000 1.0000 0.9536 0.3029 0.0962 0.0305 0.0097 0.0031 0.0010 1.0000 1.0000 1.0000 0.8871 0.2786 0.0875 0.0275 0.0086 0.0027 0.0009 1.0000 1.0000 1.0000 0.7721 0.2425 0.0762 0.0239 0.0075 0.0024 0.0007 1.0000 1.0000 1.0000 0.6720 0.2110 0.0663 0.0208 0.0065 0.0021 0.0006 1.0000 1.0000 1.0000 0.5849 0.1837 0.0578 0.0179 0.0062 0.0010
0.0030 0.0194 0.0564 0.1816 0.5772 1.0000 1.0000 1.0000 0.0006 0.0020 0.0065 0.0205 0.0654 0.2083 0.6631 1.0000 1.0000 1.0000 0.0007 0.0023 0.0074 0.0236 0.0751 0.2393 0.7619 1.0000 1.0000 1.0000 0.0008 0.0027 0.0085 0.0271 0.0863 0.2749 0.8754 1.0000 1.0000 1.0000 0.0010 0.0030 0.0097 0.0306 0.0968 0.3052 0.9627 1.0000 1.0000 1.0000 0.0010 0.0037 0.0082 0.0037 0.0010 1.0000 1.0000 1.0000 0.9627 0.3052 0.0968 0.0306 0.0097 0.0030 0.0010 1.0000 1.0000 1.0000 0.8754 0.2749 0.0863 0.0271 0.0085 0.0027 0.0008 1.0000 1.0000 1.0000 0.7619 0.2393 0.0751 0.0236 0.0074 0.0023 0.0007 1.0000 1.0000 1.0000 0.6631 0.2083 0.0654 0.0205 0.0065 0.0020 0.0006 1.0000 1.0000 1.0000 0.5772 0.1816 0.0564 0.0194 0.0030
0.0095 0.0610 0.1768 0.5706 1.0000 1.0000 1.0000 0.0006 0.0020 0.0064 0.0203 0.0645 0.2055 0.6544 1.0000 1.0000 1.0000 0.0007 0.0023 0.0073 0.0233 0.0741 0.2361 0.7518 1.0000 1.0000 1.0000 0.0008 0.0026 0.0084 0.0268 0.0852 0.2713 0.8638 1.0000 1.0000 1.0000 0.0010 0.0030 0.0096 0.0305 0.0968 0.3064 0.9682 1.0000 1.0000 1.0000 0.0010 0.0032 0.0117 0.0261 0.0117 0.0032 0.0010 1.0000 1.0000 1.0000 0.9682 0.3064 0.0968 0.0305 0.0096 0.0030 0.0010 1.0000 1.0000 1.0000 0.8638 0.2713 0.0852 0.0268 0.0084 0.0026 0.0008 1.0000 1.0000 1.0000 0.7518 0.2361 0.0741 0.0233 0.0073 0.0023 0.0007 1.0000 1.0000 1.0000 0.6544 0.2055 0.0645 0.0203 0.0064 0.0020 0.0006 1.0000 1.0000 1.0000 0.5706 0.1768 0.0610 0.0095
0.0299 0.1915 0.5567 1.0000 1.0000 1.0000 0.0006 0.0020 0.0063 0.0200 0.0637 0.2028 0.6457 1.0000 1.0000 1.0000 0.0007 0.0023 0.0072 0.0230 0.0732 0.2330 0.7419 1.0000 1.0000 1.0000 0.0008 0.0026 0.0083 0.0264 0.0841 0.2677 0.8524 1.0000 1.0000 1.0000 0.0009 0.0030 0.0095 0.0303 0.0962 0.3052 0.9682 1.0000 1.0000 1.0000 0.0010 0.0032 0.0103 0.0372 0.0828 0.0372 0.0103 0.0032 0.0010 1.0000 1.0000 1.0000 0.9682 0.3052 0.0962 0.0303 0.0095 0.0030 0.0009 1.0000 1.0000 1.0000 0.8524 0.2677 0.0841 0.0264 0.0083 0.0026 0.0008 1.0000 1.0000 1.0000 0.7419 0.2330 0.0732 0.0230 0.0072 0.0023 0.0007 1.0000 1.0000 1.0000 0.6457 0.2028 0.0637 0.0200 0.0063 0.0020 0.0006 1.0000 1.0000 1.0000 0.5567 0.1915 0.0299
0.0939 0.6018 1.0000 1.0000 1.0000 1.0000 0.0019 0.0062 0.0197 0.0628 0.2001 0.6372 1.0000 1.0000 1.0000 0.0007 0.0022 0.0071 0.0227 0.0722 0.2299 0.7321 1.0000 1.0000 1.0000 0.0008 0.0026 0.0082 0.0261 0.0830 0.2641 0.8411 1.0000 1.0000 1.0000 0.0009 0.0030 0.0094 0.0299 0.0953 0.3029 0.9627 1.0000 1.0000 1.0000 0.0010 0.0033 0.0103 0.0326 0.1182 0.2631 0.1182 0.0326 0.0103 0.0033 0.0010 1.0000 1.0000 1.0000 0.9627 0.3029 0.0953 0.0299 0.0094 0.0030 0.0009 1.0000 1.0000 1.0000 0.8411 0.2641 0.0830 0.0261 0.0082 0.0026 0.0008 1.0000 1.0000 1.0000 0.7321 0.2299 0.0722 0.0227 0.0071 0.0022 0.0007 1.0000 1.0000 1.0000 0.6372 0.2001 0.0628 0.0197 0.0062 0.0019 1.0000 1.0000 1.0000 1.0000 0.6018 0.0939
0.2949 1.0000 1.0000 1.0000 1.0000 0.0019 0.0061 0.0195 0.0620 0.1975 0.6287 1.0000 1.0000 1.0000 0.0007 0.0022 0.0070 0.0224 0.0712 0.2269 0.7224 1.0000 1.0000 1.0000 0.0008 0.0025 0.0081 0.0257 0.0819 0.2606 0.8300 1.0000 1.0000 1.0000 0.0009 0.0029 0.0093 0.0295 0.0940 0.2995 0.9536 1.0000 1.0000 1.0000 0.0010 0.0033 0.0104 0.0327 0.1036 0.3748 0.8379 0.3748 0.1034 0.0327 0.0104 0.0033 0.0010 1.0000 1.0000 1.0000 0.9536 0.2995 0.0940 0.0295 0.0093 0.0029 0.0009 1.0000 1.0000 1.0000 0.8300 0.2606 0.0819 0.0257 0.0081 0.0025 0.0008 1.0000 1.0000 1.0000 0.7224 0.2269 0.0712 0.0224 0.0070 0.0022 0.0007 1.0000 1.0000 1.0000 0.6287 0.1975 0.0620 0.0195 0.0061 0.0019 1.0000 1.0000 1.0000 1.0000 0.2949
0.9267 1.0000 1.0000 1.0000 0.0019 0.0060 0.0192 0.0612 0.1948 0.6204 1.0000 1.0000 1.0000 0.0007 0.0022 0.0069 0.0221 0.0703 0.2239 0.7128 1.0000 1.0000 1.0000 0.0008 0.0025 0.0080 0.0254 0.0808 0.2572 0.8190 1.0000 1.0000 1.0000 0.0009 0.0029 0.0092 0.0291 0.0928 0.2955 0.9410 1.0000 1.0000 1.0000 0.0010 0.0033 0.0104 0.0329 0.1034 0.3281 1.0000 1.0000 1.0000 0.3281 0.1034 0.0330 0.0104 0.0033 0.0010 1.0000 1.0000 1.0000 0.9410 0.2955 0.0928 0.0291 0.0092 0.0029 0.0009 1.0000 1.0000 1.0000 0.8190 0.2572 0.0808 0.0254 0.0080 0.0025 0.0008 1.0000 1.0000 1.0000 0.7128 0.2239 0.0703 0.0221 0.0069 0.0022 0.0007 1.0000 1.0000 1.0000 0.6204 0.1948 0.0612 0.0192 0.0060 0.0019 1.0000 1.0000 1.0000 0.9267
1.0000 1.0000 1.0000 0.0019 0.0060 0.0190 0.0604 0.1923 0.6122 1.0000 1.0000 1.0000 0.0007 0.0021 0.0068 0.0218 0.0694 0.2209 0.7034 1.0000 1.0000 1.0000 0.0008 0.0025 0.0079 0.0250 0.0797 0.2538 0.8082 1.0000 1.0000 1.0000 0.0009 0.0028 0.0090 0.0288 0.0916 0.2916 0.9285 1.0000 1.0000 1.0000 0.0010 0.0033 0.0103 0.0329 0.1040 0.3275 1.0000 1.0000 1.0000 1.0000 1.0000 0.3256 0.1034 0.0327 0.0103 0.0032 0.0010 1.0000 1.0000 1.0000 0.9250 0.2905 0.0912 0.0287 0.0090 0.0028 0.0009 1.0000 1.0000 1.0000 0.8051 0.2528 0.0794 0.0249 0.0078 0.0025 0.0008 1.0000 1.0000 1.0000 0.7007 0.2201 0.0691 0.0217 0.0068 0.0021 0.0007 1.0000 1.0000 1.0000 0.6099 0.1915 0.0602 0.0189 0.0059 0.0019 1.0000 1.0000 1.0000
1.0000 1.0000 0.0018 0.0059 0.0187 0.0596 0.1897 0.6041 1.0000 1.0000 1.0000 0.0007 0.0021 0.0068 0.0215 0.0685 0.2180 0.6941 1.0000 1.0000 1.0000 0.0008 0.0024 0.0078 0.0247 0.0787 0.2504 0.7975 1.0000 1.0000 1.0000 0.0009 0.0028 0.0089 0.0284 0.0904 0.2877 0.9162 1.0000 1.0000 1.0000 0.0010 0.0032 0.0102 0.0325 0.1034 0.3281 1.0000 1.0000 1.0000 1.0000 1.0000 1.0000 1.0000 0.3287 0.1036 0.0326 0.0103 0.0032 0.0010 1.0000 1.0000 1.0000 0.9197 0.2888 0.0907 0.0285 0.0089 0.0028 0.0009 1.0000 1.0000 1.0000 0.8005 0.2514 0.0790 0.0248 0.0078 0.0024 0.0008 1.0000 1.0000 1.0000 0.6967 0.2188 0.0687 0.0216 0.0068 0.0021 0.0007 1.0000 1.0000 1.0000 0.6064 0.1904 0.0598 0.0188 0.0059 0.0018 1.0000 1.0000
1.0000 0.0020 0.0057 0.0185 0.0588 0.1872 0.5961 1.0000 1.0000 1.0000 0.0007 0.0021 0.0067 0.0212 0.0676 0.2151 0.6849 1.0000 1.0000 1.0000 0.0008 0.0024 0.0077 0.0244 0.0776 0.2471 0.7869 1.0000 1.0000 1.0000 0.0009 0.0028 0.0088 0.0280 0.0892 0.2839 0.9041 1.0000 1.0000 1.0000 0.0010 0.0032 0.0101 0.0322 0.1025 0.3262 1.0000 1.0000 1.0000 1.0000 0.0010 1.0000 1.0000 1.0000 1.0000 0.3755 0.1182 0.0372 0.0117 0.0037 0.0012 1.0000 1.0000 1.0000 1.0000 0.3281 0.1030 0.0324 0.0102 0.0032 0.0010 1.0000 1.0000 1.0000 0.9093 0.2856 0.0897 0.0282 0.0088 0.0028 0.0009 1.0000 1.0000 1.0000 0.7914 0.2485 0.0781 0.0245 0.0077 0.0024 0.0008 1.0000 1.0000 1.0000 0.6888 0.2163 0.0678 0.0214 0.0066 0.0023 1.0000
0.0010 0.0062 0.0180 0.0581 0.1847 0.5882 1.0000 1.0000 1.0000 0.0006 0.0021 0.0066 0.0209 0.0667 0.2123 0.6759 1.0000 1.0000 1.0000 0.0007 0.0024 0.0076 0.0241 0.0766 0.2439 0.7765 1.0000 1.0000 1.0000 0.0009 0.0027 0.0087 0.0276 0.0880 0.2802 0.8922 1.0000 1.0000 1.0000 0.0010 0.0031 0.0100 0.0317 0.1011 0.3219 1.0000 1.0000 1.0000 1.0000 0.0014 0.0027 1.0000 1.0000 1.0000 1.0000 0.8363 0.2631 0.0828 0.0261 0.0082 0.0026 0.0008 1.0000 1.0000 1.0000 0.7321 0.2299 0.0722 0.0227 0.0071 0.0022 1.0000 1.0000 1.0000 1.0000 0.6372 0.2001 0.0628 0.0197 0.0062 0.0019 1.0000 1.0000 1.0000 1.0000 0.5546 0.1742 0.0547 0.0172 0.0054 0.0017 1.0000 1.0000 1.0000 1.0000 0.4827 0.1516 0.0478 0.0149 0.0052 0.0009
0.0030 0.0195 0.0566 0.1826 0.5805 1.0000 1.0000 1.0000 0.0006 0.0020 0.0065 0.0207 0.0658 0.2094 0.6669 1.0000 1.0000 1.0000 0.0007 0.0023 0.0075 0.0237 0.0756 0.2406 0.7662 1.0000 1.0000 1.0000 0.0008 0.0027 0.0086 0.0273 0.0868 0.2765 0.8804 1.0000 1.0000 1.0000 0.0010 0.0031 0.0098 0.0313 0.0998 0.3177 1.0000 1.0000 1.0000 1.0000 0.0012 0.0044 0.0014 1.0000 1.0000 1.0000 1.0000 0.3741 0.1182 0.0371 0.0117 0.0037 0.0012 1.0000 1.0000 1.0000 1.0000 0.3281 0.1030 0.0324 0.0102 0.0032 0.0010 1.0000 1.0000 1.0000 0.9093 0.2856 0.0897 0.0282 0.0088 0.0028 0.0009 1.0000 1.0000 1.0000 0.7914 0.2485 0.0781 0.0245 0.0077 0.0024 0.0008 1.0000 1.0000 1.0000 0.6888 0.2163 0.0678 0.0214 0.0066 0.0023 1.0000
0.0095 0.0610 0.1772 0.5717 1.0000 1.0000 1.0000 0.0006 0.0020 0.0064 0.0203 0.0647 0.2059 0.6556 1.0000 1.0000 1.0000 0.0007 0.0023 0.0073 0.0233 0.0743 0.2366 0.7532 1.0000 1.0000 1.0000 0.0008 0.0026 0.0084 0.0268 0.0854 0.2718 0.8654 1.0000 1.0000 1.0000 0.0010 0.0030 0.0097 0.0308 0.0981 0.3123 0.9943 1.0000 1.0000 1.0000 0.0011 0.0036 0.0117 0.0153 0.5248 1.0000 1.0000 0.3256 0.1032 0.0326 0.0103 0.0032 0.0010 1.0000 1.0000 1.0000 0.9197 0.2888 0.0907 0.0285 0.0089 0.0028 0.0009 1.0000 1.0000 1.0000 0.8005 0.2514 0.0790 0.0248 0.0078 0.0024 0.0008 1.0000 1.0000 1.0000 0.6967 0.2188 0.0687 0.0216 0.0068 0.0021 0.0007 1.0000 1.0000 1.0000 0.6064 0.1904 0.0598 0.0188 0.0059 0.0018 1.0000 1.0000
0.0304 0.1934 0.5620 1.0000 1.0000 1.0000 0.0006 0.0020 0.0063 0.0202 0.0643 0.2047 0.6519 1.0000 1.0000 1.0000 0.0007 0.0023 0.0073 0.0232 0.0739 0.2352 0.7490 1.0000 1.0000 1.0000 0.0008 0.0026 0.0084 0.0267 0.0849 0.2702 0.8605 1.0000 1.0000 1.0000 0.0009 0.0030 0.0096 0.0306 0.0975 0.3105 0.9887 1.0000 1.0000 1.0000 0.0011 0.0035 0.0113 0.0349 0.0626 1.0000 1.0000 0.3306 0.1019 0.0326 0.0103 0.0032 0.0010 1.0000 1.0000 1.0000 0.9250 0.2905 0.0912 0.0287 0.0090 0.0028 0.0009 1.0000 1.0000 1.0000 0.8051 0.2528 0.0794 0.0249 0.0078 0.0025 0.0008 1.0000 1.0000 1.0000 0.7007 0.2201 0.0691 0.0217 0.0068 0.0021 0.0007 1.0000 1.0000 1.0000 0.6099 0.1915 0.0602 0.0189 0.0059 0.0019 1.0000 1.0000 1.0000
0.1101 0.7047 1.0000 1.0000 1.0000 0.0007 0.0023 0.0072 0.0229 0.0730 0.2325 0.7405 1.0000 1.0000 1.0000 0.0008 0.0026 0.0083 0.0264 0.0839 0.2672 0.8507 1.0000 1.0000 1.0000 0.0009 0.0030 0.0095 0.0303 0.0964 0.3070 0.9774 1.0000 1.0000 1.0000 0.0011 0.0034 0.0109 0.0348 0.1108 0.3527 1.0000 1.0000 1.0000 1.0000 0.0012 0.0040 0.0126 0.0404 0.1263 0.4381 1.0000 0.3813 0.1009 0.0328 0.0104 0.0033 0.0010 1.0000 1.0000 1.0000 0.9410 0.2955 0.0928 0.0291 0.0092 0.0029 0.0009 1.0000 1.0000 1.0000 0.8190 0.2572 0.0808 0.0254 0.0080 0.0025 0.0008 1.0000 1.0000 1.0000 0.7128 0.2239 0.0703 0.0221 0.0069 0.0022 0.0007 1.0000 1.0000 1.0000 0.6204 0.1948 0.0612 0.0192 0.0060 0.0019 1.0000 1.0000 1.0000 0.9267
0.2616 1.0000 1.0000 1.0000 1.0000 0.0016 0.0050 0.0160 0.0511 0.1626 0.5179 1.0000 1.0000 1.0000 1.0000 0.0018 0.0058 0.0184 0.0587 0.1869 0.5950 1.0000 1.0000 1.0000 1.0000 0.0021 0.0066 0.0212 0.0674 0.2147 0.6836 1.0000 1.0000 1.0000 1.0000 0.0024 0.0076 0.0243 0.0773 0.2462 0.7839 1.0000 1.0000 1.0000 0.0009 0.0027 0.0086 0.0273 0.0868 0.2927 0.8143 0.4499 0.1017 0.0323 0.0104 0.0033 0.0010 1.0000 1.0000 1.0000 0.9536 0.2995 0.0940 0.0295 0.0093 0.0029 0.0009 1.0000 1.0000 1.0000 0.8300 0.2606 0.0819 0.0257 0.0081 0.0025 0.0008 1.0000 1.0000 1.0000 0.7224 0.2269 0.0712 0.0224 0.0070 0.0022 0.0007 1.0000 1.0000 1.0000 0.6287 0.1975 0.0620 0.0195 0.0061 0.0019 1.0000 1.0000 1.0000 1.0000 0.2949
