0.3192 0.2744 0.3168 0.3681 0.4086 0.4261 0.4273 0.4083 0.3548 0.2660 0.2485 0.2749 0.3170 0.3684 0.4088 0.4262 0.4273 0.4081 0.3544 0.2657 0.2486 0.2751 0.3172 0.3686 0.4089 0.4262 0.4272 0.4080 0.3539 0.2655 0.2487 0.2752 0.3175 0.3689 0.4090 0.4263 0.4272 0.4078 0.3535 0.2652 0.2488 0.2754 0.3177 0.3691 0.4092 0.4263 0.4271 0.4078 0.3520 0.2638 0.2423 0.2638 0.3520 0.4078 0.4271 0.4263 0.4092 0.3691 0.3177 0.2754 0.2488 0.2652 0.3535 0.4078 0.4272 0.4263 0.4090 0.3689 0.3175 0.2752 0.2487 0.2655 0.3539 0.4080 0.4272 0.4262 0.4089 0.3686 0.3172 0.2751 0.2486 0.2657 0.3544 0.4081 0.4273 0.4262 0.4088 0.3684 0.3170 0.2749 0.2485 0.2660 0.3548 0.4083 0.4273 0.4261 0.4086 0.3681 0.3168 0.2744 0.3192
0.2744 0.2898 0.3613 0.4153 0.4292 0.4192 0.3876 0.3182 0.2044 0.1859 0.2294 0.2902 0.3619 0.4154 0.4293 0.4191 0.3873 0.3176 0.2040 0.1860 0.2297 0.2905 0.3623 0.4156 0.4293 0.4190 0.3871 0.3171 0.2036 0.1862 0.2299 0.2909 0.3626 0.4157 0.4293 0.4189 0.3869 0.3165 0.2032 0.1863 0.2302 0.2912 0.3629 0.4159 0.4293 0.4188 0.3866 0.3160 0.2030 0.1876 0.2073 0.1876 0.2030 0.3160 0.3866 0.4188 0.4293 0.4159 0.3629 0.2912 0.2302 0.1863 0.2032 0.3165 0.3869 0.4189 0.4293 0.4157 0.3626 0.2909 0.2299 0.1862 0.2036 0.3171 0.3871 0.4190 0.4293 0.4156 0.3623 0.2905 0.2297 0.1860 0.2040 0.3176 0.3873 0.4191 0.4293 0.4154 0.3619 0.2902 0.2294 0.1859 0.2044 0.3182 0.3876 0.4192 0.4292 0.4153 0.3613 0.2898 0.2744
0.3168 0.3613 0.4140 0.4271 0.4177 0.3871 0.3170 0.2036 0.1862 0.2300 0.2910 0.3625 0.4145 0.4271 0.4175 0.3868 0.3163 0.2031 0.1863 0.2303 0.2913 0.3629 0.4147 0.4271 0.4175 0.3865 0.3158 0.2027 0.1865 0.2305 0.2917 0.3632 0.4148 0.4271 0.4174 0.3863 0.3152 0.2023 0.1866 0.2308 0.2920 0.3636 0.4149 0.4271 0.4173 0.3861 0.3147 0.2020 0.1883 0.2330 0.2619 0.2330 0.1883 0.2020 0.3147 0.3861 0.4173 0.4271 0.4149 0.3636 0.2920 0.2308 0.1866 0.2023 0.3152 0.3863 0.4174 0.4271 0.4148 0.3632 0.2917 0.2305 0.1865 0.2027 0.3158 0.3865 0.4175 0.4271 0.4147 0.3629 0.2913 0.2303 0.1863 0.2031 0.3163 0.3868 0.4175 0.4271 0.4145 0.3625 0.2910 0.2300 0.1862 0.2036 0.3170 0.3871 0.4177 0.4271 0.4140 0.3613 0.3168
0.3681 0.4153 0.4271 0.4177 0.3867 0.3161 0.2028 0.1864 0.2306 0.2918 0.3634 0.4150 0.4273 0.4174 0.3862 0.3150 0.2022 0.1867 0.2309 0.2921 0.3637 0.4151 0.4273 0.4173 0.3860 0.3145 0.2019 0.1868 0.2312 0.2925 0.3641 0.4153 0.4273 0.4172 0.3858 0.3139 0.2015 0.1870 0.2314 0.2928 0.3644 0.4154 0.4273 0.4171 0.3855 0.3134 0.2012 0.1871 0.2338 0.2959 0.3326 0.2959 0.2338 0.1871 0.2012 0.3134 0.3855 0.4171 0.4273 0.4154 0.3644 0.2928 0.2314 0.1870 0.2015 0.3139 0.3858 0.4172 0.4273 0.4153 0.3641 0.2925 0.2312 0.1868 0.2019 0.3145 0.3860 0.4173 0.4273 0.4151 0.3637 0.2921 0.2309 0.1867 0.2022 0.3150 0.3862 0.4174 0.4273 0.4150 0.3634 0.2918 0.2306 0.1864 0.2028 0.3161 0.3867 0.4177 0.4271 0.4153 0.3681
0.4086 0.4292 0.4177 0.3867 0.3157 0.2023 0.1867 0.2311 0.2925 0.3642 0.4153 0.4272 0.4172 0.3857 0.3138 0.2014 0.1870 0.2315 0.2929 0.3645 0.4154 0.4272 0.4171 0.3855 0.3132 0.2011 0.1872 0.2318 0.2933 0.3649 0.4156 0.4272 0.4170 0.3852 0.3126 0.2007 0.1874 0.2320 0.2936 0.3652 0.4157 0.4272 0.4169 0.3850 0.3121 0.2004 0.1875 0.2322 0.2964 0.3691 0.4011 0.3691 0.2964 0.2322 0.1875 0.2004 0.3121 0.3850 0.4169 0.4272 0.4157 0.3652 0.2936 0.2320 0.1874 0.2007 0.3126 0.3852 0.4170 0.4272 0.4156 0.3649 0.2933 0.2318 0.1872 0.2011 0.3132 0.3855 0.4171 0.4272 0.4154 0.3645 0.2929 0.2315 0.1870 0.2014 0.3138 0.3857 0.4172 0.4272 0.4153 0.3642 0.2925 0.2311 0.1867 0.2023 0.3157 0.3867 0.4177 0.4292 0.4086
0.4261 0.4192 0.3871 0.3161 0.2023 0.1869 0.2315 0.2931 0.3649 0.4156 0.4272 0.4169 0.3851 0.3124 0.2006 0.1874 0.2321 0.2937 0.3653 0.4157 0.4272 0.4168 0.3849 0.3119 0.2003 0.1876 0.2324 0.2941 0.3657 0.4159 0.4272 0.4167 0.3847 0.3113 0.1999 0.1878 0.2327 0.2944 0.3660 0.4160 0.4272 0.4166 0.3844 0.3107 0.1996 0.1880 0.2329 0.2947 0.3683 0.4184 0.4261 0.4184 0.3683 0.2947 0.2329 0.1880 0.1996 0.3107 0.3844 0.4166 0.4272 0.4160 0.3660 0.2944 0.2327 0.1878 0.1999 0.3113 0.3847 0.4167 0.4272 0.4159 0.3657 0.2941 0.2324 0.1876 0.2003 0.3119 0.3849 0.4168 0.4272 0.4157 0.3653 0.2937 0.2321 0.1874 0.2006 0.3124 0.3851 0.4169 0.4272 0.4156 0.3649 0.2931 0.2315 0.1869 0.2023 0.3161 0.3871 0.4192 0.4261
0.4273 0.3876 0.3170 0.2028 0.1867 0.2315 0.2933 0.3652 0.4158 0.4272 0.4167 0.3846 0.3111 0.1998 0.1878 0.2327 0.2945 0.3661 0.4161 0.4272 0.4166 0.3844 0.3105 0.1995 0.1880 0.2330 0.2949 0.3665 0.4162 0.4272 0.4165 0.3841 0.3100 0.1992 0.1882 0.2333 0.2952 0.3668 0.4163 0.4272 0.4164 0.3839 0.3094 0.1988 0.1884 0.2335 0.2955 0.3670 0.4167 0.4269 0.4188 0.4269 0.4167 0.3670 0.2955 0.2335 0.1884 0.1988 0.3094 0.3839 0.4164 0.4272 0.4163 0.3668 0.2952 0.2333 0.1882 0.1992 0.3100 0.3841 0.4165 0.4272 0.4162 0.3665 0.2949 0.2330 0.1880 0.1995 0.3105 0.3844 0.4166 0.4272 0.4161 0.3661 0.2945 0.2327 0.1878 0.1998 0.3111 0.3846 0.4167 0.4272 0.4158 0.3652 0.2933 0.2315 0.1867 0.2028 0.3170 0.3876 0.4273
0.4083 0.3182 0.2036 0.1864 0.2311 0.2931 0.3652 0.4158 0.4272 0.4166 0.3842 0.3100 0.1991 0.1883 0.2334 0.2953 0.3669 0.4164 0.4272 0.4164 0.3838 0.3092 0.1987 0.1884 0.2336 0.2957 0.3673 0.4165 0.4272 0.4163 0.3836 0.3086 0.1984 0.1886 0.2339 0.2960 0.3676 0.4166 0.4272 0.4162 0.3833 0.3080 0.1981 0.1888 0.2342 0.2964 0.3679 0.4167 0.4272 0.4134 0.3907 0.4134 0.4272 0.4167 0.3679 0.2964 0.2342 0.1888 0.1981 0.3080 0.3833 0.4162 0.4272 0.4166 0.3676 0.2960 0.2339 0.1886 0.1984 0.3086 0.3836 0.4163 0.4272 0.4165 0.3673 0.2957 0.2336 0.1884 0.1987 0.3092 0.3838 0.4164 0.4272 0.4164 0.3669 0.2953 0.2334 0.1883 0.1991 0.3100 0.3842 0.4166 0.4272 0.4158 0.3652 0.2931 0.2311 0.1864 0.2036 0.3182 0.4083
0.3548 0.2044 0.1862 0.2306 0.2925 0.3649 0.4158 0.4272 0.4165 0.3839 0.3091 0.1985 0.1886 0.2339 0.2961 0.3677 0.4167 0.4272 0.4161 0.3832 0.3078 0.1980 0.1889 0.2343 0.2965 0.3681 0.4168 0.4272 0.4160 0.3830 0.3073 0.1977 0.1890 0.2345 0.2968 0.3684 0.4169 0.4272 0.4159 0.3828 0.3067 0.1974 0.1892 0.2348 0.2972 0.3687 0.4170 0.4272 0.4158 0.3773 0.3300 0.3773 0.4158 0.4272 0.4170 0.3687 0.2972 0.2348 0.1892 0.1974 0.3067 0.3828 0.4159 0.4272 0.4169 0.3684 0.2968 0.2345 0.1890 0.1977 0.3073 0.3830 0.4160 0.4272 0.4168 0.3681 0.2965 0.2343 0.1889 0.1980 0.3078 0.3832 0.4161 0.4272 0.4167 0.3677 0.2961 0.2339 0.1886 0.1985 0.3091 0.3839 0.4165 0.4272 0.4158 0.3649 0.2925 0.2306 0.1862 0.2044 0.3548
0.2660 0.1859 0.2300 0.2918 0.3642 0.4156 0.4272 0.4166 0.3839 0.3087 0.1982 0.1889 0.2344 0.2968 0.3684 0.4170 0.4272 0.4159 0.3827 0.3065 0.1973 0.1893 0.2349 0.2973 0.3688 0.4171 0.4272 0.4158 0.3824 0.3059 0.1970 0.1895 0.2352 0.2976 0.3692 0.4172 0.4272 0.4157 0.3822 0.3053 0.1967 0.1897 0.2354 0.2980 0.3695 0.4173 0.4272 0.4157 0.3818 0.3004 0.2214 0.3004 0.3818 0.4157 0.4272 0.4173 0.3695 0.2980 0.2354 0.1897 0.1967 0.3053 0.3822 0.4157 0.4272 0.4172 0.3692 0.2976 0.2352 0.1895 0.1970 0.3059 0.3824 0.4158 0.4272 0.4171 0.3688 0.2973 0.2349 0.1893 0.1973 0.3065 0.3827 0.4159 0.4272 0.4170 0.3684 0.2968 0.2344 0.1889 0.1982 0.3087 0.3839 0.4166 0.4272 0.4156 0.3642 0.2918 0.2300 0.1859 0.2660
0.2485 0.2294 0.2910 0.3634 0.4153 0.4272 0.4167 0.3842 0.3091 0.1982 0.1890 0.2348 0.2974 0.3691 0.4172 0.4272 0.4156 0.3821 0.3051 0.1966 0.1897 0.2355 0.2981 0.3696 0.4174 0.4272 0.4155 0.3819 0.3045 0.1963 0.1899 0.2358 0.2985 0.3700 0.4175 0.4272 0.4154 0.3816 0.3039 0.1960 0.1901 0.2361 0.2988 0.3703 0.4176 0.4271 0.4153 0.3815 0.3027 0.1950 0.1760 0.1950 0.3027 0.3815 0.4153 0.4271 0.4176 0.3703 0.2988 0.2361 0.1901 0.1960 0.3039 0.3816 0.4154 0.4272 0.4175 0.3700 0.2985 0.2358 0.1899 0.1963 0.3045 0.3819 0.4155 0.4272 0.4174 0.3696 0.2981 0.2355 0.1897 0.1966 0.3051 0.3821 0.4156 0.4272 0.4172 0.3691 0.2974 0.2348 0.1890 0.1982 0.3091 0.3842 0.4167 0.4272 0.4153 0.3634 0.2910 0.2294 0.2485
0.2749 0.2902 0.3625 0.4150 0.4272 0.4169 0.3846 0.3100 0.1985 0.1889 0.2348 0.2976 0.3695 0.4174 0.4272 0.4154 0.3816 0.3037 0.1959 0.1902 0.2362 0.2989 0.3704 0.4177 0.4271 0.4153 0.3813 0.3031 0.1956 0.1904 0.2364 0.2993 0.3707 0.4178 0.4271 0.4152 0.3810 0.3026 0.1954 0.1905 0.2367 0.2996 0.3711 0.4179 0.4271 0.4151 0.3808 0.3020 0.1956 0.1918 0.2126 0.1918 0.1956 0.3020 0.3808 0.4151 0.4271 0.4179 0.3711 0.2996 0.2367 0.1905 0.1954 0.3026 0.3810 0.4152 0.4271 0.4178 0.3707 0.2993 0.2364 0.1904 0.1956 0.3031 0.3813 0.4153 0.4271 0.4177 0.3704 0.2989 0.2362 0.1902 0.1959 0.3037 0.3816 0.4154 0.4272 0.4174 0.3695 0.2976 0.2348 0.1889 0.1985 0.3100 0.3846 0.4169 0.4272 0.4150 0.3625 0.2902 0.2749
0.3170 0.3619 0.4145 0.4273 0.4172 0.3851 0.3111 0.1991 0.1886 0.2344 0.2974 0.3695 0.4175 0.4272 0.4153 0.3811 0.3026 0.1953 0.1906 0.2368 0.2997 0.3712 0.4179 0.4271 0.4150 0.3807 0.3018 0.1950 0.1908 0.2371 0.3001 0.3715 0.4180 0.4271 0.4149 0.3804 0.3012 0.1947 0.1910 0.2373 0.3004 0.3719 0.4182 0.4271 0.4148 0.3802 0.3006 0.1944 0.1928 0.2395 0.2693 0.2395 0.1928 0.1944 0.3006 0.3802 0.4148 0.4271 0.4182 0.3719 0.3004 0.2373 0.1910 0.1947 0.3012 0.3804 0.4149 0.4271 0.4180 0.3715 0.3001 0.2371 0.1908 0.1950 0.3018 0.3807 0.4150 0.4271 0.4179 0.3712 0.2997 0.2368 0.1906 0.1953 0.3026 0.3811 0.4153 0.4272 0.4175 0.3695 0.2974 0.2344 0.1886 0.1991 0.3111 0.3851 0.4172 0.4273 0.4145 0.3619 0.3170
0.3684 0.4154 0.4271 0.4174 0.3857 0.3124 0.1998 0.1883 0.2339 0.2968 0.3691 0.4174 0.4272 0.4152 0.3808 0.3017 0.1948 0.1910 0.2374 0.3005 0.3720 0.4182 0.4271 0.4148 0.3801 0.3004 0.1944 0.1912 0.2377 0.3009 0.3723 0.4183 0.4271 0.4147 0.3798 0.2998 0.1941 0.1914 0.2380 0.3012 0.3726 0.4184 0.4271 0.4146 0.3796 0.2992 0.1938 0.1916 0.2405 0.3045 0.3416 0.3045 0.2405 0.1916 0.1938 0.2992 0.3796 0.4146 0.4271 0.4184 0.3726 0.3012 0.2380 0.1914 0.1941 0.2998 0.3798 0.4147 0.4271 0.4183 0.3723 0.3009 0.2377 0.1912 0.1944 0.3004 0.3801 0.4148 0.4271 0.4182 0.3720 0.3005 0.2374 0.1910 0.1948 0.3017 0.3808 0.4152 0.4272 0.4174 0.3691 0.2968 0.2339 0.1883 0.1998 0.3124 0.3857 0.4174 0.4271 0.4154 0.3684
0.4088 0.4293 0.4175 0.3862 0.3138 0.2006 0.1878 0.2334 0.2961 0.3684 0.4172 0.4272 0.4153 0.3808 0.3013 0.1945 0.1913 0.2379 0.3012 0.3727 0.4185 0.4271 0.4145 0.3795 0.2990 0.1937 0.1917 0.2383 0.3017 0.3731 0.4186 0.4270 0.4144 0.3792 0.2984 0.1935 0.1919 0.2386 0.3021 0.3734 0.4187 0.4270 0.4143 0.3790 0.2978 0.1932 0.1920 0.2388 0.3049 0.3773 0.4068 0.3773 0.3049 0.2388 0.1920 0.1932 0.2978 0.3790 0.4143 0.4270 0.4187 0.3734 0.3021 0.2386 0.1919 0.1935 0.2984 0.3792 0.4144 0.4270 0.4186 0.3731 0.3017 0.2383 0.1917 0.1937 0.2990 0.3795 0.4145 0.4271 0.4185 0.3727 0.3012 0.2379 0.1913 0.1945 0.3013 0.3808 0.4153 0.4272 0.4172 0.3684 0.2961 0.2334 0.1878 0.2006 0.3138 0.3862 0.4175 0.4293 0.4088
0.4262 0.4191 0.3868 0.3150 0.2014 0.1874 0.2327 0.2953 0.3677 0.4170 0.4272 0.4154 0.3811 0.3017 0.1945 0.1914 0.2382 0.3018 0.3733 0.4187 0.4270 0.4143 0.3789 0.2976 0.1932 0.1921 0.2390 0.3025 0.3738 0.4188 0.4270 0.4142 0.3786 0.2970 0.1929 0.1923 0.2393 0.3029 0.3742 0.4189 0.4270 0.4141 0.3784 0.2964 0.1927 0.1925 0.2395 0.3031 0.3763 0.4210 0.4265 0.4210 0.3763 0.3031 0.2395 0.1925 0.1927 0.2964 0.3784 0.4141 0.4270 0.4189 0.3742 0.3029 0.2393 0.1923 0.1929 0.2970 0.3786 0.4142 0.4270 0.4188 0.3738 0.3025 0.2390 0.1921 0.1932 0.2976 0.3789 0.4143 0.4270 0.4187 0.3733 0.3018 0.2382 0.1914 0.1945 0.3017 0.3811 0.4154 0.4272 0.4170 0.3677 0.2953 0.2327 0.1874 0.2014 0.3150 0.3868 0.4191 0.4262
0.4273 0.3873 0.3163 0.2022 0.1870 0.2321 0.2945 0.3669 0.4167 0.4272 0.4156 0.3816 0.3026 0.1948 0.1913 0.2382 0.3020 0.3737 0.4189 0.4270 0.4141 0.3783 0.2962 0.1926 0.1926 0.2396 0.3034 0.3746 0.4191 0.4270 0.4139 0.3780 0.2956 0.1923 0.1928 0.2399 0.3037 0.3749 0.4192 0.4270 0.4138 0.3778 0.2950 0.1921 0.1930 0.2402 0.3040 0.3751 0.4194 0.4263 0.4166 0.4263 0.4194 0.3751 0.3040 0.2402 0.1930 0.1921 0.2950 0.3778 0.4138 0.4270 0.4192 0.3749 0.3037 0.2399 0.1928 0.1923 0.2956 0.3780 0.4139 0.4270 0.4191 0.3746 0.3034 0.2396 0.1926 0.1926 0.2962 0.3783 0.4141 0.4270 0.4189 0.3737 0.3020 0.2382 0.1913 0.1948 0.3026 0.3816 0.4156 0.4272 0.4167 0.3669 0.2945 0.2321 0.1870 0.2022 0.3163 0.3873 0.4273
0.4081 0.3176 0.2031 0.1867 0.2315 0.2937 0.3661 0.4164 0.4272 0.4159 0.3821 0.3037 0.1953 0.1910 0.2379 0.3018 0.3737 0.4189 0.4270 0.4139 0.3779 0.2950 0.1921 0.1930 0.2403 0.3042 0.3754 0.4193 0.4269 0.4136 0.3774 0.2942 0.1918 0.1932 0.2406 0.3045 0.3757 0.4194 0.4269 0.4135 0.3772 0.2936 0.1916 0.1934 0.2408 0.3049 0.3760 0.4195 0.4269 0.4105 0.3854 0.4105 0.4269 0.4195 0.3760 0.3049 0.2408 0.1934 0.1916 0.2936 0.3772 0.4135 0.4269 0.4194 0.3757 0.3045 0.2406 0.1932 0.1918 0.2942 0.3774 0.4136 0.4269 0.4193 0.3754 0.3042 0.2403 0.1930 0.1921 0.2950 0.3779 0.4139 0.4270 0.4189 0.3737 0.3018 0.2379 0.1910 0.1953 0.3037 0.3821 0.4159 0.4272 0.4164 0.3661 0.2937 0.2315 0.1867 0.2031 0.3176 0.4081
0.3544 0.2040 0.1863 0.2309 0.2929 0.3653 0.4161 0.4272 0.4161 0.3827 0.3051 0.1959 0.1906 0.2374 0.3012 0.3733 0.4189 0.4270 0.4138 0.3776 0.2941 0.1916 0.1934 0.2409 0.3050 0.3761 0.4196 0.4269 0.4134 0.3768 0.2928 0.1912 0.1937 0.2412 0.3054 0.3764 0.4197 0.4269 0.4133 0.3765 0.2922 0.1910 0.1939 0.2415 0.3057 0.3768 0.4198 0.4269 0.4131 0.3707 0.3196 0.3707 0.4131 0.4269 0.4198 0.3768 0.3057 0.2415 0.1939 0.1910 0.2922 0.3765 0.4133 0.4269 0.4197 0.3764 0.3054 0.2412 0.1937 0.1912 0.2928 0.3768 0.4134 0.4269 0.4196 0.3761 0.3050 0.2409 0.1934 0.1916 0.2941 0.3776 0.4138 0.4270 0.4189 0.3733 0.3012 0.2374 0.1906 0.1959 0.3051 0.3827 0.4161 0.4272 0.4161 0.3653 0.2929 0.2309 0.1863 0.2040 0.3544
0.2657 0.1860 0.2303 0.2921 0.3645 0.4157 0.4272 0.4164 0.3832 0.3065 0.1966 0.1902 0.2368 0.3005 0.3727 0.4187 0.4270 0.4139 0.3776 0.2937 0.1914 0.1937 0.2414 0.3057 0.3768 0.4198 0.4268 0.4131 0.3762 0.2914 0.1907 0.1941 0.2419 0.3062 0.3772 0.4199 0.4268 0.4130 0.3759 0.2908 0.1905 0.1943 0.2421 0.3065 0.3775 0.4200 0.4268 0.4130 0.3755 0.2869 0.2086 0.2869 0.3755 0.4130 0.4268 0.4200 0.3775 0.3065 0.2421 0.1943 0.1905 0.2908 0.3759 0.4130 0.4268 0.4199 0.3772 0.3062 0.2419 0.1941 0.1907 0.2914 0.3762 0.4131 0.4268 0.4198 0.3768 0.3057 0.2414 0.1937 0.1914 0.2937 0.3776 0.4139 0.4270 0.4187 0.3727 0.3005 0.2368 0.1902 0.1966 0.3065 0.3832 0.4164 0.4272 0.4157 0.3645 0.2921 0.2303 0.1860 0.2657
0.2486 0.2297 0.2913 0.3637 0.4154 0.4272 0.4166 0.3838 0.3078 0.1973 0.1897 0.2362 0.2997 0.3720 0.4185 0.4270 0.4141 0.3779 0.2941 0.1914 0.1938 0.2417 0.3062 0.3774 0.4200 0.4268 0.4128 0.3755 0.2899 0.1902 0.1946 0.2425 0.3070 0.3779 0.4201 0.4268 0.4127 0.3753 0.2893 0.1900 0.1948 0.2428 0.3074 0.3783 0.4202 0.4267 0.4126 0.3751 0.2881 0.1894 0.1784 0.1894 0.2881 0.3751 0.4126 0.4267 0.4202 0.3783 0.3074 0.2428 0.1948 0.1900 0.2893 0.3753 0.4127 0.4268 0.4201 0.3779 0.3070 0.2425 0.1946 0.1902 0.2899 0.3755 0.4128 0.4268 0.4200 0.3774 0.3062 0.2417 0.1938 0.1914 0.2941 0.3779 0.4141 0.4270 0.4185 0.3720 0.2997 0.2362 0.1897 0.1973 0.3078 0.3838 0.4166 0.4272 0.4154 0.3637 0.2913 0.2297 0.2486
0.2751 0.2905 0.3629 0.4151 0.4272 0.4168 0.3844 0.3092 0.1980 0.1893 0.2355 0.2989 0.3712 0.4182 0.4271 0.4143 0.3783 0.2950 0.1916 0.1937 0.2417 0.3065 0.3778 0.4202 0.4268 0.4126 0.3750 0.2885 0.1897 0.1951 0.2432 0.3078 0.3787 0.4204 0.4267 0.4124 0.3746 0.2879 0.1895 0.1953 0.2435 0.3082 0.3790 0.4205 0.4267 0.4123 0.3744 0.2873 0.1900 0.1966 0.2184 0.1966 0.1900 0.2873 0.3744 0.4123 0.4267 0.4205 0.3790 0.3082 0.2435 0.1953 0.1895 0.2879 0.3746 0.4124 0.4267 0.4204 0.3787 0.3078 0.2432 0.1951 0.1897 0.2885 0.3750 0.4126 0.4268 0.4202 0.3778 0.3065 0.2417 0.1937 0.1916 0.2950 0.3783 0.4143 0.4271 0.4182 0.3712 0.2989 0.2355 0.1893 0.1980 0.3092 0.3844 0.4168 0.4272 0.4151 0.3629 0.2905 0.2751
0.3172 0.3623 0.4147 0.4273 0.4171 0.3849 0.3105 0.1987 0.1889 0.2349 0.2981 0.3704 0.4179 0.4271 0.4145 0.3789 0.2962 0.1921 0.1934 0.2414 0.3062 0.3778 0.4202 0.4267 0.4124 0.3745 0.2873 0.1893 0.1955 0.2438 0.3087 0.3794 0.4206 0.4267 0.4122 0.3740 0.2865 0.1891 0.1957 0.2441 0.3090 0.3797 0.4207 0.4266 0.4120 0.3737 0.2859 0.1889 0.1976 0.2464 0.2773 0.2464 0.1976 0.1889 0.2859 0.3737 0.4120 0.4266 0.4207 0.3797 0.3090 0.2441 0.1957 0.1891 0.2865 0.3740 0.4122 0.4267 0.4206 0.3794 0.3087 0.2438 0.1955 0.1893 0.2873 0.3744 0.4124 0.4267 0.4202 0.3778 0.3062 0.2414 0.1934 0.1921 0.2962 0.3789 0.4145 0.4271 0.4179 0.3704 0.2981 0.2349 0.1889 0.1987 0.3105 0.3849 0.4171 0.4273 0.4147 0.3623 0.3172
0.3686 0.4156 0.4271 0.4173 0.3855 0.3119 0.1995 0.1884 0.2343 0.2973 0.3696 0.4177 0.4271 0.4148 0.3795 0.2976 0.1926 0.1930 0.2409 0.3057 0.3774 0.4202 0.4267 0.4123 0.3741 0.2864 0.1890 0.1959 0.2445 0.3095 0.3802 0.4208 0.4266 0.4119 0.3733 0.2851 0.1886 0.1962 0.2448 0.3099 0.3805 0.4209 0.4266 0.4118 0.3731 0.2844 0.1884 0.1963 0.2473 0.3132 0.3507 0.3132 0.2473 0.1963 0.1884 0.2844 0.3731 0.4118 0.4266 0.4209 0.3805 0.3099 0.2448 0.1962 0.1886 0.2851 0.3733 0.4119 0.4266 0.4208 0.3802 0.3095 0.2445 0.1959 0.1890 0.2865 0.3742 0.4123 0.4267 0.4202 0.3774 0.3057 0.2409 0.1930 0.1926 0.2976 0.3795 0.4148 0.4271 0.4177 0.3696 0.2973 0.2343 0.1884 0.1995 0.3119 0.3855 0.4173 0.4271 0.4156 0.3686
0.4089 0.4293 0.4175 0.3860 0.3132 0.2003 0.1880 0.2336 0.2965 0.3688 0.4174 0.4271 0.4150 0.3801 0.2990 0.1932 0.1926 0.2403 0.3050 0.3768 0.4200 0.4268 0.4124 0.3741 0.2860 0.1887 0.1962 0.2450 0.3102 0.3808 0.4210 0.4265 0.4116 0.3727 0.2836 0.1882 0.1967 0.2455 0.3107 0.3812 0.4211 0.4265 0.4115 0.3724 0.2830 0.1880 0.1968 0.2457 0.3135 0.3851 0.4117 0.3851 0.3135 0.2457 0.1968 0.1880 0.2830 0.3724 0.4115 0.4265 0.4211 0.3812 0.3107 0.2455 0.1967 0.1882 0.2836 0.3727 0.4116 0.4265 0.4210 0.3808 0.3102 0.2449 0.1962 0.1888 0.2862 0.3742 0.4124 0.4268 0.4200 0.3768 0.3050 0.2403 0.1926 0.1932 0.2990 0.3801 0.4150 0.4271 0.4174 0.3688 0.2965 0.2336 0.1880 0.2003 0.3132 0.3860 0.4175 0.4293 0.4089
0.4262 0.4190 0.3865 0.3145 0.2011 0.1876 0.2330 0.2957 0.3681 0.4171 0.4272 0.4153 0.3807 0.3004 0.1937 0.1921 0.2396 0.3042 0.3761 0.4198 0.4268 0.4126 0.3745 0.2864 0.1887 0.1963 0.2452 0.3107 0.3814 0.4212 0.4265 0.4113 0.3720 0.2822 0.1878 0.1971 0.2461 0.3115 0.3819 0.4213 0.4264 0.4112 0.3717 0.2816 0.1876 0.1973 0.2463 0.3118 0.3838 0.4231 0.4264 0.4231 0.3838 0.3118 0.2463 0.1973 0.1876 0.2816 0.3717 0.4112 0.4264 0.4213 0.3819 0.3115 0.2461 0.1971 0.1878 0.2822 0.3720 0.4113 0.4265 0.4212 0.3814 0.3107 0.2452 0.1963 0.1888 0.2865 0.3744 0.4126 0.4268 0.4198 0.3761 0.3042 0.2396 0.1921 0.1937 0.3004 0.3807 0.4153 0.4272 0.4171 0.3681 0.2957 0.2330 0.1876 0.2011 0.3145 0.3865 0.4190 0.4262
0.4272 0.3871 0.3158 0.2019 0.1872 0.2324 0.2949 0.3673 0.4168 0.4272 0.4155 0.3813 0.3018 0.1944 0.1917 0.2390 0.3034 0.3754 0.4196 0.4268 0.4128 0.3750 0.2873 0.1889 0.1962 0.2452 0.3109 0.3817 0.4213 0.4264 0.4111 0.3714 0.2807 0.1874 0.1976 0.2468 0.3124 0.3826 0.4215 0.4264 0.4109 0.3711 0.2801 0.1872 0.1978 0.2471 0.3126 0.3828 0.4217 0.4255 0.4142 0.4255 0.4217 0.3828 0.3126 0.2471 0.1978 0.1872 0.2801 0.3711 0.4109 0.4264 0.4215 0.3826 0.3124 0.2468 0.1976 0.1874 0.2807 0.3714 0.4111 0.4264 0.4213 0.3817 0.3109 0.2452 0.1962 0.1890 0.2873 0.3750 0.4128 0.4268 0.4196 0.3754 0.3034 0.2390 0.1917 0.1944 0.3018 0.3813 0.4155 0.4272 0.4168 0.3673 0.2949 0.2324 0.1872 0.2019 0.3158 0.3871 0.4272
0.4080 0.3171 0.2027 0.1868 0.2318 0.2941 0.3665 0.4165 0.4272 0.4158 0.3819 0.3031 0.1950 0.1912 0.2383 0.3025 0.3746 0.4193 0.4269 0.4131 0.3755 0.2885 0.1893 0.1959 0.2449 0.3107 0.3817 0.4214 0.4264 0.4109 0.3709 0.2795 0.1870 0.1981 0.2475 0.3132 0.3834 0.4217 0.4263 0.4106 0.3704 0.2787 0.1868 0.1983 0.2478 0.3135 0.3836 0.4217 0.4263 0.4073 0.3797 0.4073 0.4263 0.4217 0.3836 0.3135 0.2478 0.1983 0.1868 0.2787 0.3704 0.4106 0.4263 0.4217 0.3834 0.3132 0.2475 0.1981 0.1870 0.2795 0.3709 0.4109 0.4264 0.4214 0.3817 0.3107 0.2449 0.1959 0.1893 0.2885 0.3755 0.4131 0.4269 0.4193 0.3746 0.3025 0.2383 0.1912 0.1950 0.3031 0.3819 0.4158 0.4272 0.4165 0.3665 0.2941 0.2318 0.1868 0.2027 0.3171 0.4080
0.3539 0.2036 0.1865 0.2312 0.2933 0.3657 0.4162 0.4272 0.4160 0.3824 0.3045 0.1956 0.1908 0.2377 0.3017 0.3738 0.4191 0.4269 0.4134 0.3762 0.2899 0.1897 0.1955 0.2445 0.3102 0.3814 0.4213 0.4264 0.4108 0.3706 0.2787 0.1868 0.1985 0.2481 0.3140 0.3841 0.4219 0.4262 0.4103 0.3697 0.2772 0.1865 0.1988 0.2484 0.3144 0.3844 0.4220 0.4262 0.4102 0.3636 0.3082 0.3636 0.4102 0.4262 0.4220 0.3844 0.3144 0.2484 0.1988 0.1865 0.2772 0.3697 0.4103 0.4262 0.4219 0.3841 0.3140 0.2481 0.1985 0.1868 0.2787 0.3706 0.4108 0.4264 0.4213 0.3814 0.3102 0.2445 0.1955 0.1897 0.2899 0.3762 0.4134 0.4269 0.4191 0.3738 0.3017 0.2377 0.1908 0.1956 0.3045 0.3824 0.4160 0.4272 0.4162 0.3657 0.2933 0.2312 0.1865 0.2036 0.3539
0.2655 0.1862 0.2305 0.2925 0.3649 0.4159 0.4272 0.4163 0.3830 0.3059 0.1963 0.1904 0.2371 0.3009 0.3731 0.4188 0.4270 0.4136 0.3768 0.2914 0.1902 0.1951 0.2438 0.3095 0.3808 0.4212 0.4264 0.4109 0.3706 0.2784 0.1866 0.1988 0.2486 0.3147 0.3847 0.4221 0.4262 0.4100 0.3690 0.2758 0.1861 0.1992 0.2491 0.3152 0.3851 0.4222 0.4261 0.4100 0.3686 0.2727 0.1975 0.2727 0.3686 0.4100 0.4261 0.4222 0.3851 0.3152 0.2491 0.1992 0.1861 0.2758 0.3690 0.4100 0.4262 0.4221 0.3847 0.3147 0.2486 0.1988 0.1866 0.2784 0.3706 0.4109 0.4264 0.4212 0.3808 0.3095 0.2438 0.1951 0.1902 0.2914 0.3768 0.4136 0.4270 0.4188 0.3731 0.3009 0.2371 0.1904 0.1963 0.3059 0.3830 0.4163 0.4272 0.4159 0.3649 0.2925 0.2305 0.1862 0.2655
0.2487 0.2299 0.2917 0.3641 0.4156 0.4272 0.4165 0.3836 0.3073 0.1970 0.1899 0.2364 0.3001 0.3723 0.4186 0.4270 0.4139 0.3774 0.2928 0.1907 0.1946 0.2432 0.3087 0.3802 0.4210 0.4265 0.4111 0.3709 0.2787 0.1866 0.1989 0.2489 0.3152 0.3852 0.4223 0.4261 0.4097 0.3683 0.2743 0.1858 0.1997 0.2498 0.3161 0.3858 0.4224 0.4260 0.4096 0.3682 0.2731 0.1855 0.1817 0.1855 0.2731 0.3682 0.4096 0.4260 0.4224 0.3858 0.3161 0.2498 0.1997 0.1858 0.2743 0.3683 0.4097 0.4261 0.4223 0.3852 0.3152 0.2489 0.1989 0.1866 0.2787 0.3709 0.4111 0.4265 0.4210 0.3802 0.3087 0.2432 0.1946 0.1907 0.2928 0.3774 0.4139 0.4270 0.4186 0.3723 0.3001 0.2364 0.1899 0.1970 0.3073 0.3836 0.4165 0.4272 0.4156 0.3641 0.2917 0.2299 0.2487
0.2752 0.2909 0.3632 0.4153 0.4272 0.4167 0.3841 0.3086 0.1977 0.1895 0.2358 0.2993 0.3715 0.4183 0.4270 0.4142 0.3780 0.2942 0.1912 0.1941 0.2425 0.3078 0.3794 0.4208 0.4265 0.4113 0.3714 0.2795 0.1868 0.1988 0.2489 0.3154 0.3855 0.4224 0.4260 0.4094 0.3677 0.2729 0.1855 0.2002 0.2505 0.3169 0.3865 0.4225 0.4260 0.4093 0.3673 0.2723 0.1862 0.2017 0.2245 0.2017 0.1862 0.2723 0.3673 0.4093 0.4260 0.4225 0.3865 0.3169 0.2505 0.2002 0.1855 0.2729 0.3677 0.4094 0.4260 0.4224 0.3855 0.3154 0.2489 0.1988 0.1868 0.2795 0.3714 0.4113 0.4265 0.4208 0.3794 0.3078 0.2425 0.1941 0.1912 0.2942 0.3780 0.4142 0.4270 0.4183 0.3715 0.2993 0.2358 0.1895 0.1977 0.3086 0.3841 0.4167 0.4272 0.4153 0.3632 0.2909 0.2752
0.3175 0.3626 0.4148 0.4273 0.4170 0.3847 0.3100 0.1984 0.1890 0.2352 0.2985 0.3707 0.4180 0.4271 0.4144 0.3786 0.2956 0.1918 0.1937 0.2419 0.3070 0.3787 0.4206 0.4266 0.4116 0.3720 0.2807 0.1870 0.1985 0.2486 0.3152 0.3855 0.4224 0.4260 0.4093 0.3672 0.2716 0.1852 0.2007 0.2512 0.3177 0.3871 0.4227 0.4259 0.4089 0.3666 0.2708 0.1850 0.2027 0.2536 0.2855 0.2536 0.2027 0.1850 0.2708 0.3666 0.4089 0.4259 0.4227 0.3871 0.3177 0.2512 0.2007 0.1852 0.2716 0.3672 0.4093 0.4260 0.4224 0.3855 0.3152 0.2486 0.1985 0.1870 0.2807 0.3720 0.4116 0.4266 0.4206 0.3787 0.3070 0.2419 0.1937 0.1918 0.2956 0.3786 0.4144 0.4271 0.4180 0.3707 0.2985 0.2352 0.1890 0.1984 0.3100 0.3847 0.4170 0.4273 0.4148 0.3626 0.3175
0.3689 0.4157 0.4271 0.4172 0.3852 0.3113 0.1992 0.1886 0.2345 0.2976 0.3700 0.4178 0.4271 0.4147 0.3792 0.2970 0.1923 0.1932 0.2412 0.3062 0.3779 0.4204 0.4267 0.4119 0.3727 0.2822 0.1874 0.1981 0.2481 0.3147 0.3852 0.4224 0.4260 0.4092 0.3669 0.2708 0.1850 0.2011 0.2518 0.3186 0.3878 0.4229 0.4258 0.4086 0.3659 0.2694 0.1847 0.2013 0.2545 0.3221 0.3596 0.3221 0.2545 0.2013 0.1847 0.2694 0.3659 0.4086 0.4258 0.4229 0.3878 0.3186 0.2518 0.2011 0.1850 0.2708 0.3669 0.4092 0.4260 0.4224 0.3852 0.3147 0.2481 0.1981 0.1874 0.2822 0.3727 0.4119 0.4267 0.4204 0.3779 0.3062 0.2412 0.1932 0.1923 0.2970 0.3792 0.4147 0.4271 0.4178 0.3700 0.2976 0.2345 0.1886 0.1992 0.3113 0.3852 0.4172 0.4271 0.4157 0.3689
0.4090 0.4293 0.4174 0.3858 0.3126 0.1999 0.1882 0.2339 0.2968 0.3692 0.4175 0.4271 0.4149 0.3798 0.2984 0.1929 0.1928 0.2406 0.3054 0.3772 0.4201 0.4267 0.4122 0.3733 0.2836 0.1878 0.1976 0.2475 0.3140 0.3847 0.4223 0.4260 0.4093 0.3669 0.2705 0.1848 0.2014 0.2523 0.3193 0.3885 0.4230 0.4257 0.4083 0.3652 0.2679 0.1845 0.2018 0.2528 0.3223 0.3922 0.4157 0.3922 0.3223 0.2528 0.2018 0.1845 0.2679 0.3652 0.4083 0.4257 0.4230 0.3885 0.3193 0.2523 0.2014 0.1848 0.2705 0.3669 0.4093 0.4260 0.4223 0.3847 0.3140 0.2475 0.1976 0.1878 0.2836 0.3733 0.4122 0.4267 0.4201 0.3772 0.3054 0.2406 0.1928 0.1929 0.2984 0.3798 0.4149 0.4271 0.4175 0.3692 0.2968 0.2339 0.1882 0.1999 0.3126 0.3858 0.4174 0.4293 0.4090
0.4263 0.4189 0.3863 0.3139 0.2007 0.1878 0.2333 0.2960 0.3684 0.4172 0.4272 0.4152 0.3804 0.2998 0.1935 0.1923 0.2399 0.3045 0.3764 0.4199 0.4268 0.4124 0.3740 0.2851 0.1882 0.1971 0.2468 0.3132 0.3841 0.4221 0.4261 0.4094 0.3672 0.2708 0.1848 0.2015 0.2526 0.3198 0.3889 0.4232 0.4256 0.4080 0.3644 0.2664 0.1842 0.2024 0.2535 0.3205 0.3908 0.4247 0.4260 0.4247 0.3908 0.3205 0.2535 0.2024 0.1842 0.2664 0.3644 0.4080 0.4256 0.4232 0.3889 0.3198 0.2526 0.2015 0.1848 0.2708 0.3672 0.4094 0.4261 0.4221 0.3841 0.3132 0.2468 0.1971 0.1882 0.2851 0.3740 0.4124 0.4268 0.4199 0.3764 0.3045 0.2399 0.1923 0.1935 0.2998 0.3804 0.4152 0.4272 0.4172 0.3684 0.2960 0.2333 0.1878 0.2007 0.3139 0.3863 0.4189 0.4263
0.4272 0.3869 0.3152 0.2015 0.1874 0.2327 0.2952 0.3676 0.4169 0.4272 0.4154 0.3810 0.3012 0.1941 0.1919 0.2393 0.3037 0.3757 0.4197 0.4268 0.4127 0.3746 0.2865 0.1886 0.1967 0.2461 0.3124 0.3834 0.4219 0.4262 0.4097 0.3677 0.2716 0.1850 0.2014 0.2526 0.3200 0.3892 0.4233 0.4255 0.4077 0.3638 0.2650 0.1839 0.2029 0.2542 0.3214 0.3900 0.4235 0.4243 0.4114 0.4243 0.4235 0.3900 0.3214 0.2542 0.2029 0.1839 0.2650 0.3638 0.4077 0.4255 0.4233 0.3892 0.3200 0.2526 0.2014 0.1850 0.2716 0.3677 0.4097 0.4262 0.4219 0.3834 0.3124 0.2461 0.1967 0.1886 0.2865 0.3746 0.4127 0.4268 0.4197 0.3757 0.3037 0.2393 0.1919 0.1941 0.3012 0.3810 0.4154 0.4272 0.4169 0.3676 0.2952 0.2327 0.1874 0.2015 0.3152 0.3869 0.4272
0.4078 0.3165 0.2023 0.1870 0.2320 0.2944 0.3668 0.4166 0.4272 0.4157 0.3816 0.3026 0.1947 0.1914 0.2386 0.3029 0.3749 0.4194 0.4269 0.4130 0.3753 0.2879 0.1891 0.1962 0.2455 0.3115 0.3826 0.4217 0.4262 0.4100 0.3683 0.2729 0.1852 0.2011 0.2523 0.3198 0.3892 0.4233 0.4255 0.4075 0.3632 0.2637 0.1837 0.2034 0.2549 0.3223 0.3907 0.4235 0.4254 0.4037 0.3735 0.4037 0.4254 0.4235 0.3907 0.3223 0.2549 0.2034 0.1837 0.2637 0.3632 0.4075 0.4255 0.4233 0.3892 0.3198 0.2523 0.2011 0.1852 0.2729 0.3683 0.4100 0.4262 0.4217 0.3826 0.3115 0.2455 0.1962 0.1891 0.2879 0.3753 0.4130 0.4269 0.4194 0.3749 0.3029 0.2386 0.1914 0.1947 0.3026 0.3816 0.4157 0.4272 0.4166 0.3668 0.2944 0.2320 0.1870 0.2023 0.3165 0.4078
0.3535 0.2032 0.1866 0.2314 0.2936 0.3660 0.4163 0.4272 0.4159 0.3822 0.3039 0.1954 0.1910 0.2380 0.3021 0.3742 0.4192 0.4269 0.4133 0.3759 0.2893 0.1895 0.1957 0.2448 0.3107 0.3819 0.4215 0.4263 0.4103 0.3690 0.2743 0.1855 0.2007 0.2518 0.3193 0.3889 0.4233 0.4255 0.4075 0.3629 0.2629 0.1835 0.2038 0.2556 0.3232 0.3914 0.4237 0.4253 0.4068 0.3559 0.2957 0.3559 0.4068 0.4253 0.4237 0.3914 0.3232 0.2556 0.2038 0.1835 0.2629 0.3629 0.4075 0.4255 0.4233 0.3889 0.3193 0.2518 0.2007 0.1855 0.2743 0.3690 0.4103 0.4263 0.4215 0.3819 0.3107 0.2448 0.1957 0.1895 0.2893 0.3759 0.4133 0.4269 0.4192 0.3742 0.3021 0.2380 0.1910 0.1954 0.3039 0.3822 0.4159 0.4272 0.4163 0.3660 0.2936 0.2314 0.1866 0.2032 0.3535
0.2652 0.1863 0.2308 0.2928 0.3652 0.4160 0.4272 0.4162 0.3828 0.3053 0.1960 0.1905 0.2373 0.3012 0.3734 0.4189 0.4270 0.4135 0.3765 0.2908 0.1900 0.1953 0.2441 0.3099 0.3812 0.4213 0.4264 0.4106 0.3697 0.2758 0.1858 0.2002 0.2512 0.3186 0.3885 0.4232 0.4255 0.4075 0.3629 0.2626 0.1834 0.2041 0.2561 0.3239 0.3920 0.4239 0.4252 0.4066 0.3609 0.2578 0.1886 0.2578 0.3609 0.4066 0.4252 0.4239 0.3920 0.3239 0.2561 0.2041 0.1834 0.2626 0.3629 0.4075 0.4255 0.4232 0.3885 0.3186 0.2512 0.2002 0.1858 0.2758 0.3697 0.4106 0.4264 0.4213 0.3812 0.3099 0.2441 0.1953 0.1900 0.2908 0.3765 0.4135 0.4270 0.4189 0.3734 0.3012 0.2373 0.1905 0.1960 0.3053 0.3828 0.4162 0.4272 0.4160 0.3652 0.2928 0.2308 0.1863 0.2652
0.2488 0.2302 0.2920 0.3644 0.4157 0.4272 0.4164 0.3833 0.3067 0.1967 0.1901 0.2367 0.3004 0.3726 0.4187 0.4270 0.4138 0.3772 0.2922 0.1905 0.1948 0.2435 0.3090 0.3805 0.4211 0.4264 0.4109 0.3704 0.2772 0.1861 0.1997 0.2505 0.3177 0.3878 0.4230 0.4256 0.4077 0.3632 0.2629 0.1834 0.2042 0.2564 0.3244 0.3925 0.4240 0.4251 0.4062 0.3605 0.2580 0.1830 0.1857 0.1830 0.2580 0.3605 0.4062 0.4251 0.4240 0.3925 0.3244 0.2564 0.2042 0.1834 0.2629 0.3632 0.4077 0.4256 0.4230 0.3878 0.3177 0.2505 0.1997 0.1861 0.2772 0.3704 0.4109 0.4264 0.4211 0.3805 0.3090 0.2435 0.1948 0.1905 0.2922 0.3772 0.4138 0.4270 0.4187 0.3726 0.3004 0.2367 0.1901 0.1967 0.3067 0.3833 0.4164 0.4272 0.4157 0.3644 0.2920 0.2302 0.2488
0.2754 0.2912 0.3636 0.4154 0.4272 0.4166 0.3839 0.3080 0.1974 0.1897 0.2361 0.2996 0.3719 0.4184 0.4270 0.4141 0.3778 0.2936 0.1910 0.1943 0.2428 0.3082 0.3797 0.4209 0.4265 0.4112 0.3711 0.2787 0.1865 0.1992 0.2498 0.3169 0.3871 0.4229 0.4257 0.4080 0.3638 0.2637 0.1835 0.2041 0.2564 0.3245 0.3928 0.4241 0.4250 0.4059 0.3596 0.2571 0.1838 0.2070 0.2309 0.2070 0.1838 0.2571 0.3596 0.4059 0.4250 0.4241 0.3928 0.3245 0.2564 0.2041 0.1835 0.2637 0.3638 0.4080 0.4257 0.4229 0.3871 0.3169 0.2498 0.1992 0.1865 0.2787 0.3711 0.4112 0.4265 0.4209 0.3797 0.3082 0.2428 0.1943 0.1910 0.2936 0.3778 0.4141 0.4270 0.4184 0.3719 0.2996 0.2361 0.1897 0.1974 0.3080 0.3839 0.4166 0.4272 0.4154 0.3636 0.2912 0.2754
0.3177 0.3629 0.4149 0.4273 0.4169 0.3844 0.3094 0.1981 0.1892 0.2354 0.2988 0.3711 0.4182 0.4271 0.4143 0.3784 0.2950 0.1916 0.1939 0.2421 0.3074 0.3790 0.4207 0.4266 0.4115 0.3717 0.2801 0.1868 0.1988 0.2491 0.3161 0.3865 0.4227 0.4258 0.4083 0.3644 0.2650 0.1837 0.2038 0.2561 0.3244 0.3928 0.4241 0.4249 0.4057 0.3591 0.2559 0.1826 0.2079 0.2610 0.2939 0.2610 0.2079 0.1826 0.2559 0.3591 0.4057 0.4249 0.4241 0.3928 0.3244 0.2561 0.2038 0.1837 0.2650 0.3644 0.4083 0.4258 0.4227 0.3865 0.3161 0.2491 0.1988 0.1868 0.2801 0.3717 0.4115 0.4266 0.4207 0.3790 0.3074 0.2421 0.1939 0.1916 0.2950 0.3784 0.4143 0.4271 0.4182 0.3711 0.2988 0.2354 0.1892 0.1981 0.3094 0.3844 0.4169 0.4273 0.4149 0.3629 0.3177
0.3691 0.4159 0.4271 0.4171 0.3850 0.3107 0.1988 0.1888 0.2348 0.2980 0.3703 0.4179 0.4271 0.4146 0.3790 0.2964 0.1921 0.1934 0.2415 0.3065 0.3783 0.4205 0.4266 0.4118 0.3724 0.2816 0.1872 0.1983 0.2484 0.3152 0.3858 0.4225 0.4259 0.4086 0.3652 0.2664 0.1839 0.2034 0.2556 0.3239 0.3925 0.4241 0.4249 0.4056 0.3587 0.2550 0.1825 0.2065 0.2618 0.3309 0.3682 0.3309 0.2618 0.2065 0.1825 0.2550 0.3587 0.4056 0.4249 0.4241 0.3925 0.3239 0.2556 0.2034 0.1839 0.2664 0.3652 0.4086 0.4259 0.4225 0.3858 0.3152 0.2484 0.1983 0.1872 0.2816 0.3724 0.4118 0.4266 0.4205 0.3783 0.3065 0.2415 0.1934 0.1921 0.2964 0.3790 0.4146 0.4271 0.4179 0.3703 0.2980 0.2348 0.1888 0.1988 0.3107 0.3850 0.4171 0.4271 0.4159 0.3691
0.4092 0.4293 0.4173 0.3855 0.3121 0.1996 0.1884 0.2342 0.2972 0.3695 0.4176 0.4271 0.4148 0.3796 0.2978 0.1927 0.1930 0.2408 0.3057 0.3775 0.4202 0.4267 0.4120 0.3731 0.2830 0.1876 0.1978 0.2478 0.3144 0.3851 0.4224 0.4260 0.4089 0.3659 0.2679 0.1842 0.2029 0.2549 0.3232 0.3920 0.4240 0.4250 0.4057 0.3587 0.2547 0.1824 0.2068 0.2598 0.3308 0.3987 0.4190 0.3987 0.3308 0.2598 0.2068 0.1824 0.2547 0.3587 0.4057 0.4250 0.4240 0.3920 0.3232 0.2549 0.2029 0.1842 0.2679 0.3659 0.4089 0.4260 0.4224 0.3851 0.3144 0.2478 0.1978 0.1876 0.2830 0.3731 0.4120 0.4267 0.4202 0.3775 0.3057 0.2408 0.1930 0.1927 0.2978 0.3796 0.4148 0.4271 0.4176 0.3695 0.2972 0.2342 0.1884 0.1996 0.3121 0.3855 0.4173 0.4293 0.4092
0.4263 0.4188 0.3861 0.3134 0.2004 0.1880 0.2335 0.2964 0.3687 0.4173 0.4271 0.4151 0.3802 0.2992 0.1932 0.1925 0.2402 0.3049 0.3768 0.4200 0.4267 0.4123 0.3737 0.2844 0.1880 0.1973 0.2471 0.3135 0.3844 0.4222 0.4260 0.4093 0.3666 0.2694 0.1845 0.2024 0.2542 0.3223 0.3914 0.4239 0.4251 0.4059 0.3591 0.2550 0.1824 0.2070 0.2602 0.3288 0.3969 0.4258 0.4252 0.4258 0.3969 0.3288 0.2603 0.2070 0.1824 0.2550 0.3591 0.4059 0.4251 0.4239 0.3914 0.3223 0.2542 0.2024 0.1845 0.2694 0.3666 0.4093 0.4260 0.4222 0.3844 0.3135 0.2471 0.1973 0.1880 0.2844 0.3737 0.4123 0.4267 0.4200 0.3768 0.3049 0.2402 0.1925 0.1932 0.2992 0.3802 0.4151 0.4271 0.4173 0.3687 0.2964 0.2335 0.1880 0.2004 0.3134 0.3861 0.4188 0.4263
0.4271 0.3866 0.3147 0.2012 0.1875 0.2329 0.2956 0.3679 0.4170 0.4272 0.4153 0.3808 0.3006 0.1938 0.1921 0.2395 0.3041 0.3760 0.4198 0.4268 0.4126 0.3744 0.2859 0.1885 0.1969 0.2464 0.3127 0.3837 0.4220 0.4261 0.4096 0.3673 0.2708 0.1847 0.2019 0.2535 0.3215 0.3908 0.4237 0.4252 0.4062 0.3596 0.2559 0.1825 0.2068 0.2603 0.3290 0.3959 0.4248 0.4229 0.4085 0.4229 0.4248 0.3959 0.3290 0.2602 0.2068 0.1825 0.2559 0.3596 0.4062 0.4252 0.4237 0.3907 0.3214 0.2535 0.2018 0.1847 0.2708 0.3673 0.4096 0.4261 0.4220 0.3836 0.3126 0.2463 0.1968 0.1884 0.2859 0.3744 0.4126 0.4268 0.4198 0.3760 0.3040 0.2395 0.1920 0.1938 0.3006 0.3808 0.4153 0.4272 0.4170 0.3679 0.2955 0.2329 0.1875 0.2012 0.3147 0.3866 0.4271
0.4076 0.3160 0.2020 0.1872 0.2323 0.2948 0.3671 0.4167 0.4272 0.4156 0.3814 0.3020 0.1944 0.1916 0.2389 0.3032 0.3753 0.4195 0.4268 0.4129 0.3750 0.2873 0.1889 0.1964 0.2457 0.3119 0.3830 0.4218 0.4262 0.4099 0.3680 0.2723 0.1850 0.2014 0.2528 0.3206 0.3901 0.4236 0.4253 0.4065 0.3604 0.2571 0.1826 0.2066 0.2600 0.3290 0.3961 0.4248 0.4243 0.4001 0.3673 0.4002 0.4244 0.4247 0.3959 0.3288 0.2598 0.2065 0.1826 0.2571 0.3605 0.4066 0.4253 0.4235 0.3900 0.3205 0.2528 0.2013 0.1850 0.2723 0.3682 0.4100 0.4262 0.4217 0.3828 0.3118 0.2457 0.1963 0.1889 0.2873 0.3751 0.4130 0.4269 0.4195 0.3751 0.3031 0.2388 0.1916 0.1944 0.3020 0.3815 0.4157 0.4272 0.4167 0.3670 0.2947 0.2322 0.1871 0.2020 0.3160 0.4078
0.3531 0.2029 0.1868 0.2317 0.2940 0.3664 0.4164 0.4272 0.4158 0.3819 0.3033 0.1951 0.1912 0.2382 0.3024 0.3745 0.4193 0.4269 0.4131 0.3756 0.2887 0.1893 0.1959 0.2451 0.3110 0.3822 0.4216 0.4263 0.4102 0.3687 0.2737 0.1853 0.2009 0.2521 0.3198 0.3895 0.4234 0.4254 0.4069 0.3611 0.2586 0.1828 0.2061 0.2594 0.3285 0.3959 0.4248 0.4243 0.4037 0.3487 0.2836 0.3481 0.4038 0.4244 0.4248 0.3969 0.3308 0.2618 0.2079 0.1838 0.2580 0.3609 0.4068 0.4254 0.4235 0.3908 0.3223 0.2545 0.2027 0.1862 0.2731 0.3686 0.4102 0.4263 0.4217 0.3838 0.3135 0.2473 0.1976 0.1900 0.2881 0.3755 0.4131 0.4269 0.4194 0.3763 0.3049 0.2405 0.1928 0.1956 0.3027 0.3818 0.4158 0.4272 0.4167 0.3683 0.2964 0.2338 0.1883 0.2030 0.3520
0.2649 0.1864 0.2311 0.2932 0.3656 0.4161 0.4272 0.4161 0.3825 0.3047 0.1957 0.1907 0.2376 0.3016 0.3737 0.4191 0.4269 0.4134 0.3763 0.2901 0.1898 0.1955 0.2444 0.3102 0.3815 0.4214 0.4263 0.4105 0.3694 0.2752 0.1856 0.2004 0.2515 0.3189 0.3888 0.4233 0.4255 0.4072 0.3619 0.2600 0.1830 0.2056 0.2588 0.3277 0.3954 0.4247 0.4243 0.4039 0.3546 0.2459 0.1828 0.2419 0.3473 0.4003 0.4229 0.4258 0.3987 0.3309 0.2610 0.2070 0.1830 0.2578 0.3559 0.4037 0.4243 0.4247 0.3922 0.3221 0.2536 0.2017 0.1855 0.2727 0.3636 0.4073 0.4255 0.4231 0.3851 0.3132 0.2464 0.1966 0.1894 0.2869 0.3707 0.4105 0.4263 0.4210 0.3773 0.3045 0.2395 0.1918 0.1950 0.3004 0.3773 0.4134 0.4269 0.4184 0.3691 0.2959 0.2330 0.1876 0.2638
0.2488 0.2305 0.2923 0.3648 0.4158 0.4272 0.4163 0.3831 0.3061 0.1964 0.1903 0.2370 0.3008 0.3730 0.4188 0.4270 0.4137 0.3769 0.2916 0.1903 0.1950 0.2437 0.3094 0.3808 0.4212 0.4264 0.4108 0.3701 0.2766 0.1860 0.1999 0.2508 0.3181 0.3881 0.4231 0.4256 0.4075 0.3626 0.2615 0.1832 0.2051 0.2580 0.3269 0.3949 0.4246 0.4244 0.4040 0.3551 0.2478 0.1829 0.1734 0.2071 0.2885 0.3663 0.4085 0.4252 0.4190 0.3682 0.2939 0.2309 0.1857 0.1886 0.2957 0.3735 0.4114 0.4260 0.4157 0.3596 0.2855 0.2245 0.1817 0.1975 0.3082 0.3797 0.4142 0.4264 0.4117 0.3507 0.2773 0.2184 0.1784 0.2086 0.3196 0.3854 0.4166 0.4265 0.4068 0.3416 0.2693 0.2126 0.1760 0.2214 0.3300 0.3907 0.4188 0.4261 0.4011 0.3326 0.2619 0.2073 0.2423
0.2755 0.2914 0.3639 0.4155 0.4272 0.4165 0.3836 0.3075 0.1971 0.1898 0.2363 0.2999 0.3721 0.4185 0.4270 0.4139 0.3775 0.2930 0.1908 0.1945 0.2430 0.3085 0.3800 0.4210 0.4265 0.4111 0.3708 0.2781 0.1863 0.1994 0.2500 0.3172 0.3874 0.4229 0.4257 0.4079 0.3634 0.2629 0.1833 0.2045 0.2573 0.3260 0.3942 0.4245 0.4245 0.4043 0.3554 0.2486 0.1841 0.1993 0.2203 0.3606 0.3527 0.3982 0.4230 0.4258 0.3986 0.3309 0.2609 0.2070 0.1830 0.2578 0.3559 0.4037 0.4243 0.4247 0.3922 0.3221 0.2536 0.2017 0.1855 0.2727 0.3636 0.4073 0.4255 0.4231 0.3851 0.3132 0.2464 0.1966 0.1894 0.2869 0.3707 0.4105 0.4263 0.4210 0.3773 0.3045 0.2395 0.1918 0.1950 0.3004 0.3773 0.4134 0.4269 0.4184 0.3691 0.2959 0.2330 0.1876 0.2638
0.3180 0.3631 0.4150 0.4273 0.4168 0.3843 0.3088 0.1978 0.1894 0.2356 0.2990 0.3713 0.4182 0.4271 0.4143 0.3783 0.2944 0.1913 0.1940 0.2423 0.3076 0.3792 0.4207 0.4266 0.4114 0.3716 0.2795 0.1867 0.1989 0.2493 0.3163 0.3866 0.4227 0.4258 0.4083 0.3643 0.2644 0.1836 0.2040 0.2565 0.3251 0.3935 0.4243 0.4247 0.4048 0.3562 0.2494 0.1821 0.2107 0.2544 0.3103 0.4454 0.4069 0.4233 0.4248 0.3967 0.3308 0.2617 0.2079 0.1838 0.2580 0.3609 0.4068 0.4254 0.4235 0.3908 0.3223 0.2545 0.2027 0.1862 0.2731 0.3686 0.4102 0.4263 0.4217 0.3838 0.3135 0.2473 0.1976 0.1900 0.2881 0.3755 0.4131 0.4269 0.4194 0.3763 0.3049 0.2405 0.1928 0.1956 0.3027 0.3818 0.4158 0.4272 0.4167 0.3683 0.2964 0.2338 0.1883 0.2030 0.3520
0.3718 0.4163 0.4271 0.4170 0.3846 0.3095 0.1989 0.1906 0.2372 0.3009 0.3725 0.4182 0.4271 0.4145 0.3786 0.2951 0.1925 0.1953 0.2440 0.3094 0.3803 0.4207 0.4266 0.4116 0.3720 0.2803 0.1878 0.2002 0.2510 0.3181 0.3875 0.4227 0.4259 0.4085 0.3647 0.2652 0.1848 0.2054 0.2583 0.3268 0.3942 0.4243 0.4248 0.4050 0.3567 0.2502 0.1831 0.2111 0.2663 0.3266 0.3848 0.4298 0.4212 0.4249 0.3955 0.3285 0.2598 0.2065 0.1826 0.2571 0.3605 0.4066 0.4253 0.4235 0.3900 0.3205 0.2528 0.2013 0.1850 0.2723 0.3682 0.4100 0.4262 0.4217 0.3828 0.3118 0.2457 0.1963 0.1889 0.2873 0.3751 0.4130 0.4269 0.4195 0.3751 0.3031 0.2388 0.1916 0.1944 0.3020 0.3815 0.4157 0.4272 0.4167 0.3670 0.2947 0.2322 0.1871 0.2020 0.3160 0.4078
0.4111 0.4291 0.4146 0.3800 0.3064 0.1983 0.1896 0.2362 0.3003 0.3734 0.4199 0.4267 0.4119 0.3739 0.2934 0.1918 0.1943 0.2430 0.3090 0.3814 0.4222 0.4259 0.4088 0.3671 0.2796 0.1871 0.1992 0.2501 0.3178 0.3889 0.4240 0.4249 0.4054 0.3597 0.2650 0.1840 0.2044 0.2574 0.3267 0.3957 0.4254 0.4236 0.4016 0.3515 0.2500 0.1822 0.2097 0.2648 0.3355 0.4024 0.4282 0.4223 0.4262 0.3964 0.3283 0.2601 0.2069 0.1825 0.2559 0.3596 0.4062 0.4252 0.4237 0.3907 0.3214 0.2535 0.2018 0.1847 0.2708 0.3673 0.4096 0.4261 0.4220 0.3836 0.3126 0.2463 0.1968 0.1884 0.2859 0.3744 0.4126 0.4268 0.4198 0.3760 0.3040 0.2395 0.1920 0.1938 0.3006 0.3808 0.4153 0.4272 0.4170 0.3679 0.2955 0.2329 0.1875 0.2012 0.3147 0.3866 0.4271
0.4221 0.4206 0.3928 0.3347 0.2281 0.1750 0.2098 0.2654 0.3371 0.4040 0.4263 0.4177 0.3881 0.3249 0.2148 0.1771 0.2155 0.2733 0.3462 0.4093 0.4265 0.4154 0.3826 0.3140 0.2028 0.1799 0.2214 0.2814 0.3552 0.4138 0.4262 0.4128 0.3767 0.3021 0.1928 0.1836 0.2277 0.2897 0.3640 0.4175 0.4256 0.4100 0.3704 0.2899 0.1855 0.1874 0.2332 0.2968 0.3717 0.4210 0.4253 0.4274 0.3986 0.3278 0.2600 0.2070 0.1825 0.2550 0.3591 0.4059 0.4251 0.4239 0.3914 0.3223 0.2542 0.2024 0.1845 0.2694 0.3666 0.4093 0.4260 0.4222 0.3844 0.3135 0.2471 0.1973 0.1880 0.2844 0.3737 0.4123 0.4267 0.4200 0.3768 0.3049 0.2402 0.1925 0.1932 0.2992 0.3802 0.4151 0.4271 0.4173 0.3687 0.2964 0.2335 0.1880 0.2004 0.3134 0.3861 0.4188 0.4263
