0.3879 0.2639 0.2491 0.2762 0.3189 0.3703 0.4098 0.4265 0.4269 0.4069 0.3510 0.2636 0.2492 0.2764 0.3191 0.3705 0.4099 0.4266 0.4269 0.4067 0.3506 0.2633 0.2493 0.2766 0.3193 0.3708 0.4101 0.4266 0.4268 0.4066 0.3501 0.2631 0.2494 0.2767 0.3196 0.3710 0.4102 0.4266 0.4268 0.4064 0.3497 0.2628 0.2495 0.2769 0.3198 0.3713 0.4103 0.4267 0.4267 0.4014 0.3638 0.4014 0.4267 0.4267 0.4103 0.3713 0.3198 0.2769 0.2495 0.2628 0.3497 0.4064 0.4268 0.4266 0.4102 0.3710 0.3196 0.2767 0.2494 0.2631 0.3501 0.4066 0.4268 0.4266 0.4101 0.3708 0.3193 0.2766 0.2493 0.2633 0.3506 0.4067 0.4269 0.4266 0.4099 0.3705 0.3191 0.2764 0.2492 0.2636 0.3510 0.4069 0.4269 0.4265 0.4098 0.3703 0.3189 0.2762 0.2491 0.2639 0.3879
0.2639 0.1869 0.2313 0.2927 0.3645 0.4165 0.4293 0.4183 0.3856 0.3135 0.2013 0.1872 0.2317 0.2931 0.3649 0.4167 0.4293 0.4182 0.3853 0.3129 0.2009 0.1874 0.2320 0.2935 0.3653 0.4169 0.4293 0.4181 0.3851 0.3123 0.2005 0.1875 0.2323 0.2938 0.3656 0.4170 0.4293 0.4179 0.3849 0.3117 0.2002 0.1877 0.2325 0.2942 0.3660 0.4171 0.4293 0.4179 0.3844 0.3058 0.2254 0.3058 0.3844 0.4179 0.4293 0.4171 0.3660 0.2942 0.2325 0.1877 0.2002 0.3117 0.3849 0.4179 0.4293 0.4170 0.3656 0.2938 0.2323 0.1875 0.2005 0.3123 0.3851 0.4181 0.4293 0.4169 0.3653 0.2935 0.2320 0.1874 0.2009 0.3129 0.3853 0.4182 0.4293 0.4167 0.3649 0.2931 0.2317 0.1872 0.2013 0.3135 0.3856 0.4183 0.4293 0.4165 0.3645 0.2927 0.2313 0.1869 0.2639
0.2491 0.2313 0.2930 0.3648 0.4155 0.4271 0.4168 0.3851 0.3123 0.2005 0.1875 0.2323 0.2940 0.3656 0.4157 0.4271 0.4167 0.3848 0.3115 0.2000 0.1877 0.2326 0.2943 0.3659 0.4158 0.4271 0.4166 0.3845 0.3109 0.1997 0.1879 0.2329 0.2946 0.3662 0.4160 0.4271 0.4165 0.3843 0.3103 0.1994 0.1881 0.2331 0.2950 0.3666 0.4161 0.4271 0.4164 0.3842 0.3090 0.1980 0.1751 0.1980 0.3090 0.3842 0.4164 0.4271 0.4161 0.3666 0.2950 0.2331 0.1881 0.1994 0.3103 0.3843 0.4165 0.4271 0.4160 0.3662 0.2946 0.2329 0.1879 0.1997 0.3109 0.3845 0.4166 0.4271 0.4158 0.3659 0.2943 0.2326 0.1877 0.2000 0.3115 0.3848 0.4167 0.4271 0.4157 0.3656 0.2940 0.2323 0.1875 0.2005 0.3123 0.3851 0.4168 0.4271 0.4155 0.3648 0.2930 0.2313 0.2491
0.2762 0.2927 0.3648 0.4158 0.4273 0.4167 0.3846 0.3109 0.1997 0.1879 0.2329 0.2948 0.3664 0.4162 0.4273 0.4165 0.3842 0.3102 0.1993 0.1881 0.2332 0.2951 0.3667 0.4163 0.4273 0.4164 0.3840 0.3096 0.1990 0.1883 0.2335 0.2955 0.3670 0.4164 0.4272 0.4163 0.3837 0.3090 0.1986 0.1885 0.2337 0.2958 0.3674 0.4166 0.4272 0.4162 0.3835 0.3084 0.1987 0.1898 0.2101 0.1898 0.1987 0.3084 0.3835 0.4162 0.4272 0.4166 0.3674 0.2958 0.2337 0.1885 0.1986 0.3090 0.3837 0.4163 0.4272 0.4164 0.3670 0.2955 0.2335 0.1883 0.1990 0.3096 0.3840 0.4164 0.4273 0.4163 0.3667 0.2951 0.2332 0.1881 0.1993 0.3102 0.3842 0.4165 0.4273 0.4162 0.3664 0.2948 0.2329 0.1879 0.1997 0.3109 0.3846 0.4167 0.4273 0.4158 0.3648 0.2927 0.2762
0.3189 0.3645 0.4155 0.4273 0.4166 0.3842 0.3099 0.1990 0.1883 0.2335 0.2956 0.3671 0.4164 0.4272 0.4163 0.3836 0.3088 0.1985 0.1886 0.2338 0.2959 0.3675 0.4166 0.4272 0.4162 0.3834 0.3082 0.1982 0.1887 0.2341 0.2963 0.3678 0.4167 0.4272 0.4161 0.3832 0.3076 0.1979 0.1889 0.2344 0.2966 0.3682 0.4168 0.4272 0.4160 0.3829 0.3071 0.1976 0.1907 0.2364 0.2658 0.2364 0.1907 0.1976 0.3071 0.3829 0.4160 0.4272 0.4168 0.3682 0.2966 0.2344 0.1889 0.1979 0.3076 0.3832 0.4161 0.4272 0.4167 0.3678 0.2963 0.2341 0.1887 0.1982 0.3082 0.3834 0.4162 0.4272 0.4166 0.3675 0.2959 0.2338 0.1886 0.1985 0.3088 0.3836 0.4163 0.4272 0.4164 0.3671 0.2956 0.2335 0.1883 0.1990 0.3099 0.3842 0.4166 0.4273 0.4155 0.3645 0.3189
0.3703 0.4165 0.4271 0.4167 0.3842 0.3095 0.1986 0.1887 0.2340 0.2964 0.3679 0.4167 0.4272 0.4161 0.3831 0.3075 0.1978 0.1890 0.2344 0.2967 0.3683 0.4169 0.4272 0.4160 0.3828 0.3069 0.1975 0.1892 0.2347 0.2971 0.3686 0.4170 0.4272 0.4158 0.3826 0.3063 0.1972 0.1894 0.2350 0.2974 0.3690 0.4171 0.4272 0.4157 0.3823 0.3057 0.1969 0.1895 0.2374 0.3006 0.3375 0.3006 0.2374 0.1895 0.1969 0.3057 0.3823 0.4157 0.4272 0.4171 0.3690 0.2974 0.2350 0.1894 0.1972 0.3063 0.3826 0.4158 0.4272 0.4170 0.3686 0.2971 0.2347 0.1892 0.1975 0.3069 0.3828 0.4160 0.4272 0.4169 0.3683 0.2967 0.2344 0.1890 0.1978 0.3075 0.3831 0.4161 0.4272 0.4167 0.3679 0.2964 0.2340 0.1887 0.1986 0.3095 0.3842 0.4167 0.4271 0.4165 0.3703
0.4098 0.4293 0.4168 0.3846 0.3099 0.1986 0.1888 0.2343 0.2968 0.3685 0.4170 0.4272 0.4158 0.3825 0.3061 0.1971 0.1894 0.2351 0.2975 0.3691 0.4172 0.4272 0.4157 0.3823 0.3055 0.1968 0.1896 0.2353 0.2979 0.3694 0.4173 0.4272 0.4156 0.3820 0.3049 0.1965 0.1898 0.2356 0.2982 0.3697 0.4174 0.4272 0.4155 0.3818 0.3043 0.1962 0.1899 0.2358 0.3011 0.3737 0.4043 0.3737 0.3011 0.2358 0.1899 0.1962 0.3043 0.3818 0.4155 0.4272 0.4174 0.3697 0.2982 0.2356 0.1898 0.1965 0.3049 0.3820 0.4156 0.4272 0.4173 0.3694 0.2979 0.2353 0.1896 0.1968 0.3055 0.3823 0.4157 0.4272 0.4172 0.3691 0.2975 0.2351 0.1894 0.1971 0.3061 0.3825 0.4158 0.4272 0.4170 0.3685 0.2968 0.2343 0.1888 0.1986 0.3099 0.3846 0.4168 0.4293 0.4098
0.4265 0.4183 0.3851 0.3109 0.1990 0.1887 0.2343 0.2970 0.3689 0.4172 0.4272 0.4156 0.3820 0.3047 0.1964 0.1899 0.2357 0.2983 0.3699 0.4175 0.4272 0.4155 0.3817 0.3041 0.1961 0.1900 0.2360 0.2987 0.3702 0.4176 0.4272 0.4154 0.3814 0.3035 0.1958 0.1902 0.2362 0.2990 0.3705 0.4177 0.4271 0.4153 0.3812 0.3029 0.1955 0.1904 0.2365 0.2993 0.3727 0.4199 0.4264 0.4199 0.3727 0.2993 0.2365 0.1904 0.1955 0.3029 0.3812 0.4153 0.4271 0.4177 0.3705 0.2990 0.2362 0.1902 0.1958 0.3035 0.3814 0.4154 0.4272 0.4176 0.3702 0.2987 0.2360 0.1900 0.1961 0.3041 0.3817 0.4155 0.4272 0.4175 0.3699 0.2983 0.2357 0.1899 0.1964 0.3047 0.3820 0.4156 0.4272 0.4172 0.3689 0.2970 0.2343 0.1887 0.1990 0.3109 0.3851 0.4183 0.4265
0.4269 0.3856 0.3123 0.1997 0.1883 0.2340 0.2968 0.3689 0.4173 0.4272 0.4154 0.3815 0.3035 0.1958 0.1903 0.2363 0.2992 0.3706 0.4177 0.4271 0.4152 0.3811 0.3028 0.1954 0.1905 0.2366 0.2995 0.3710 0.4179 0.4271 0.4151 0.3809 0.3022 0.1952 0.1907 0.2369 0.2998 0.3713 0.4180 0.4271 0.4150 0.3806 0.3016 0.1949 0.1909 0.2372 0.3001 0.3715 0.4183 0.4267 0.4176 0.4267 0.4183 0.3715 0.3001 0.2372 0.1909 0.1949 0.3016 0.3806 0.4150 0.4271 0.4180 0.3713 0.2998 0.2369 0.1907 0.1952 0.3022 0.3809 0.4151 0.4271 0.4179 0.3710 0.2995 0.2366 0.1905 0.1954 0.3028 0.3811 0.4152 0.4271 0.4177 0.3706 0.2992 0.2363 0.1903 0.1958 0.3035 0.3815 0.4154 0.4272 0.4173 0.3689 0.2968 0.2340 0.1883 0.1997 0.3123 0.3856 0.4269
0.4069 0.3135 0.2005 0.1879 0.2335 0.2964 0.3685 0.4172 0.4272 0.4154 0.3812 0.3027 0.1953 0.1907 0.2369 0.3000 0.3714 0.4180 0.4271 0.4150 0.3805 0.3014 0.1948 0.1909 0.2372 0.3003 0.3717 0.4181 0.4271 0.4149 0.3803 0.3008 0.1945 0.1911 0.2375 0.3007 0.3721 0.4182 0.4271 0.4148 0.3800 0.3002 0.1943 0.1913 0.2378 0.3010 0.3724 0.4183 0.4271 0.4118 0.3879 0.4118 0.4271 0.4183 0.3724 0.3010 0.2378 0.1913 0.1943 0.3002 0.3800 0.4148 0.4271 0.4182 0.3721 0.3007 0.2375 0.1911 0.1945 0.3008 0.3803 0.4149 0.4271 0.4181 0.3717 0.3003 0.2372 0.1909 0.1948 0.3014 0.3805 0.4150 0.4271 0.4180 0.3714 0.3000 0.2369 0.1907 0.1953 0.3027 0.3812 0.4154 0.4272 0.4172 0.3685 0.2964 0.2335 0.1879 0.2005 0.3135 0.4069
0.3510 0.2013 0.1875 0.2329 0.2956 0.3679 0.4170 0.4272 0.4154 0.3812 0.3023 0.1949 0.1910 0.2374 0.3007 0.3721 0.4183 0.4271 0.4147 0.3799 0.3000 0.1942 0.1914 0.2379 0.3011 0.3725 0.4184 0.4271 0.4146 0.3797 0.2994 0.1939 0.1916 0.2382 0.3015 0.3729 0.4185 0.4271 0.4145 0.3794 0.2988 0.1937 0.1917 0.2384 0.3018 0.3732 0.4186 0.4271 0.4144 0.3738 0.3244 0.3738 0.4144 0.4271 0.4186 0.3732 0.3018 0.2384 0.1917 0.1937 0.2988 0.3794 0.4145 0.4271 0.4185 0.3729 0.3015 0.2382 0.1916 0.1939 0.2994 0.3797 0.4146 0.4271 0.4184 0.3725 0.3011 0.2379 0.1914 0.1942 0.3000 0.3799 0.4147 0.4271 0.4183 0.3721 0.3007 0.2374 0.1910 0.1949 0.3023 0.3812 0.4154 0.4272 0.4170 0.3679 0.2956 0.2329 0.1875 0.2013 0.3510
0.2636 0.1872 0.2323 0.2948 0.3671 0.4167 0.4272 0.4156 0.3815 0.3027 0.1949 0.1911 0.2377 0.3012 0.3727 0.4185 0.4271 0.4145 0.3793 0.2986 0.1936 0.1918 0.2385 0.3020 0.3733 0.4187 0.4270 0.4144 0.3791 0.2980 0.1933 0.1920 0.2388 0.3023 0.3736 0.4188 0.4270 0.4142 0.3788 0.2974 0.1931 0.1922 0.2391 0.3027 0.3739 0.4189 0.4270 0.4142 0.3784 0.2931 0.2142 0.2931 0.3784 0.4142 0.4270 0.4189 0.3739 0.3027 0.2391 0.1922 0.1931 0.2974 0.3788 0.4142 0.4270 0.4188 0.3736 0.3023 0.2388 0.1920 0.1933 0.2980 0.3791 0.4144 0.4270 0.4187 0.3733 0.3020 0.2385 0.1918 0.1936 0.2986 0.3793 0.4145 0.4271 0.4185 0.3727 0.3012 0.2377 0.1911 0.1949 0.3027 0.3815 0.4156 0.4272 0.4167 0.3671 0.2948 0.2323 0.1872 0.2636
0.2492 0.2317 0.2940 0.3664 0.4164 0.4272 0.4158 0.3820 0.3035 0.1953 0.1910 0.2377 0.3014 0.3731 0.4187 0.4270 0.4142 0.3788 0.2972 0.1930 0.1923 0.2392 0.3028 0.3741 0.4189 0.4270 0.4141 0.3785 0.2966 0.1927 0.1925 0.2394 0.3031 0.3744 0.4190 0.4270 0.4140 0.3782 0.2960 0.1925 0.1926 0.2397 0.3035 0.3747 0.4191 0.4270 0.4139 0.3781 0.2947 0.1917 0.1772 0.1917 0.2947 0.3781 0.4139 0.4270 0.4191 0.3747 0.3035 0.2397 0.1926 0.1925 0.2960 0.3782 0.4140 0.4270 0.4190 0.3744 0.3031 0.2394 0.1925 0.1927 0.2966 0.3785 0.4141 0.4270 0.4189 0.3741 0.3028 0.2392 0.1923 0.1930 0.2972 0.3788 0.4142 0.4270 0.4187 0.3731 0.3014 0.2377 0.1910 0.1953 0.3035 0.3820 0.4158 0.4272 0.4164 0.3664 0.2940 0.2317 0.2492
0.2764 0.2931 0.3656 0.4162 0.4272 0.4161 0.3825 0.3047 0.1958 0.1907 0.2374 0.3012 0.3731 0.4187 0.4270 0.4141 0.3783 0.2960 0.1925 0.1927 0.2398 0.3036 0.3748 0.4192 0.4270 0.4138 0.3779 0.2952 0.1922 0.1929 0.2401 0.3039 0.3751 0.4193 0.4269 0.4137 0.3776 0.2946 0.1919 0.1931 0.2404 0.3043 0.3755 0.4194 0.4269 0.4136 0.3773 0.2940 0.1923 0.1944 0.2157 0.1944 0.1923 0.2940 0.3773 0.4136 0.4269 0.4194 0.3755 0.3043 0.2404 0.1931 0.1919 0.2946 0.3776 0.4137 0.4269 0.4193 0.3751 0.3039 0.2401 0.1929 0.1922 0.2952 0.3779 0.4138 0.4270 0.4192 0.3748 0.3036 0.2398 0.1927 0.1925 0.2960 0.3783 0.4141 0.4270 0.4187 0.3731 0.3012 0.2374 0.1907 0.1958 0.3047 0.3825 0.4161 0.4272 0.4162 0.3656 0.2931 0.2764
0.3191 0.3649 0.4157 0.4273 0.4163 0.3831 0.3061 0.1964 0.1903 0.2369 0.3007 0.3727 0.4187 0.4270 0.4140 0.3780 0.2951 0.1920 0.1931 0.2404 0.3044 0.3756 0.4194 0.4269 0.4136 0.3772 0.2938 0.1916 0.1934 0.2407 0.3048 0.3759 0.4195 0.4269 0.4135 0.3770 0.2932 0.1914 0.1935 0.2410 0.3051 0.3762 0.4196 0.4269 0.4133 0.3767 0.2926 0.1912 0.1954 0.2432 0.2736 0.2432 0.1954 0.1912 0.2926 0.3767 0.4133 0.4269 0.4196 0.3762 0.3051 0.2410 0.1935 0.1914 0.2932 0.3770 0.4135 0.4269 0.4195 0.3759 0.3048 0.2407 0.1934 0.1916 0.2938 0.3772 0.4136 0.4269 0.4194 0.3756 0.3044 0.2404 0.1931 0.1920 0.2951 0.3780 0.4140 0.4270 0.4187 0.3727 0.3007 0.2369 0.1903 0.1964 0.3061 0.3831 0.4163 0.4273 0.4157 0.3649 0.3191
0.3705 0.4167 0.4271 0.4165 0.3836 0.3075 0.1971 0.1899 0.2363 0.3000 0.3721 0.4185 0.4270 0.4141 0.3780 0.2947 0.1917 0.1934 0.2409 0.3051 0.3763 0.4196 0.4269 0.4133 0.3766 0.2924 0.1911 0.1938 0.2414 0.3056 0.3767 0.4197 0.4269 0.4132 0.3764 0.2918 0.1909 0.1940 0.2417 0.3059 0.3770 0.4199 0.4268 0.4131 0.3761 0.2912 0.1906 0.1942 0.2442 0.3093 0.3466 0.3093 0.2442 0.1942 0.1906 0.2912 0.3761 0.4131 0.4268 0.4199 0.3770 0.3059 0.2417 0.1940 0.1909 0.2918 0.3764 0.4132 0.4269 0.4197 0.3767 0.3056 0.2414 0.1938 0.1911 0.2924 0.3766 0.4133 0.4269 0.4196 0.3763 0.3051 0.2409 0.1934 0.1917 0.2947 0.3780 0.4141 0.4270 0.4185 0.3721 0.3000 0.2363 0.1899 0.1971 0.3075 0.3836 0.4165 0.4271 0.4167 0.3705
0.4099 0.4293 0.4167 0.3842 0.3088 0.1978 0.1894 0.2357 0.2992 0.3714 0.4183 0.4271 0.4142 0.3783 0.2951 0.1917 0.1935 0.2413 0.3057 0.3769 0.4198 0.4268 0.4130 0.3760 0.2910 0.1906 0.1943 0.2420 0.3064 0.3774 0.4200 0.4268 0.4129 0.3757 0.2904 0.1904 0.1945 0.2423 0.3068 0.3777 0.4201 0.4268 0.4128 0.3755 0.2897 0.1902 0.1946 0.2425 0.3096 0.3816 0.4096 0.3816 0.3096 0.2425 0.1946 0.1902 0.2897 0.3755 0.4128 0.4268 0.4201 0.3777 0.3068 0.2423 0.1945 0.1904 0.2904 0.3757 0.4129 0.4268 0.4200 0.3774 0.3064 0.2420 0.1943 0.1906 0.2910 0.3760 0.4130 0.4268 0.4198 0.3769 0.3057 0.2413 0.1935 0.1917 0.2951 0.3783 0.4142 0.4271 0.4183 0.3714 0.2992 0.2357 0.1894 0.1978 0.3088 0.3842 0.4167 0.4293 0.4099
0.4266 0.4182 0.3848 0.3102 0.1985 0.1890 0.2351 0.2983 0.3706 0.4180 0.4271 0.4145 0.3788 0.2960 0.1920 0.1934 0.2413 0.3059 0.3772 0.4200 0.4268 0.4128 0.3754 0.2895 0.1901 0.1947 0.2427 0.3072 0.3782 0.4202 0.4268 0.4126 0.3751 0.2889 0.1899 0.1949 0.2430 0.3076 0.3785 0.4203 0.4267 0.4125 0.3748 0.2883 0.1897 0.1951 0.2432 0.3078 0.3805 0.4222 0.4265 0.4222 0.3805 0.3078 0.2432 0.1951 0.1897 0.2883 0.3748 0.4125 0.4267 0.4203 0.3785 0.3076 0.2430 0.1949 0.1899 0.2889 0.3751 0.4126 0.4268 0.4202 0.3782 0.3072 0.2427 0.1947 0.1901 0.2895 0.3754 0.4128 0.4268 0.4200 0.3772 0.3059 0.2413 0.1934 0.1920 0.2960 0.3788 0.4145 0.4271 0.4180 0.3706 0.2983 0.2351 0.1890 0.1985 0.3102 0.3848 0.4182 0.4266
0.4269 0.3853 0.3115 0.1993 0.1886 0.2344 0.2975 0.3699 0.4177 0.4271 0.4147 0.3793 0.2972 0.1925 0.1931 0.2409 0.3057 0.3772 0.4201 0.4268 0.4126 0.3749 0.2883 0.1896 0.1952 0.2434 0.3081 0.3789 0.4204 0.4267 0.4124 0.3745 0.2875 0.1894 0.1954 0.2436 0.3084 0.3792 0.4205 0.4267 0.4122 0.3742 0.2869 0.1892 0.1956 0.2439 0.3087 0.3794 0.4207 0.4259 0.4153 0.4259 0.4207 0.3794 0.3087 0.2439 0.1956 0.1892 0.2869 0.3742 0.4122 0.4267 0.4205 0.3792 0.3084 0.2436 0.1954 0.1894 0.2875 0.3745 0.4124 0.4267 0.4204 0.3789 0.3081 0.2434 0.1952 0.1896 0.2883 0.3749 0.4126 0.4268 0.4201 0.3772 0.3057 0.2409 0.1931 0.1925 0.2972 0.3793 0.4147 0.4271 0.4177 0.3699 0.2975 0.2344 0.1886 0.1993 0.3115 0.3853 0.4269
0.4067 0.3129 0.2000 0.1881 0.2338 0.2967 0.3691 0.4175 0.4271 0.4150 0.3799 0.2986 0.1930 0.1927 0.2404 0.3051 0.3769 0.4200 0.4268 0.4125 0.3746 0.2874 0.1893 0.1956 0.2440 0.3089 0.3796 0.4207 0.4266 0.4121 0.3738 0.2861 0.1890 0.1959 0.2443 0.3093 0.3800 0.4207 0.4266 0.4120 0.3735 0.2855 0.1888 0.1961 0.2446 0.3096 0.3802 0.4208 0.4266 0.4088 0.3824 0.4088 0.4266 0.4208 0.3802 0.3096 0.2446 0.1961 0.1888 0.2855 0.3735 0.4120 0.4266 0.4207 0.3800 0.3093 0.2443 0.1959 0.1890 0.2861 0.3738 0.4121 0.4266 0.4207 0.3796 0.3089 0.2440 0.1956 0.1893 0.2874 0.3746 0.4125 0.4268 0.4200 0.3769 0.3051 0.2404 0.1927 0.1930 0.2986 0.3799 0.4150 0.4271 0.4175 0.3691 0.2967 0.2338 0.1881 0.2000 0.3129 0.4067
0.3506 0.2009 0.1877 0.2332 0.2959 0.3683 0.4172 0.4272 0.4152 0.3805 0.3000 0.1936 0.1923 0.2398 0.3044 0.3763 0.4198 0.4268 0.4126 0.3746 0.2870 0.1890 0.1959 0.2445 0.3096 0.3803 0.4209 0.4266 0.4118 0.3732 0.2846 0.1885 0.1963 0.2450 0.3101 0.3807 0.4210 0.4266 0.4117 0.3729 0.2840 0.1883 0.1965 0.2453 0.3104 0.3810 0.4210 0.4266 0.4115 0.3669 0.3135 0.3669 0.4115 0.4266 0.4210 0.3810 0.3104 0.2453 0.1965 0.1883 0.2840 0.3729 0.4117 0.4266 0.4210 0.3807 0.3101 0.2450 0.1963 0.1885 0.2846 0.3732 0.4118 0.4266 0.4209 0.3803 0.3096 0.2445 0.1959 0.1890 0.2870 0.3746 0.4126 0.4268 0.4198 0.3763 0.3044 0.2398 0.1923 0.1936 0.3000 0.3805 0.4152 0.4272 0.4172 0.3683 0.2959 0.2332 0.1877 0.2009 0.3506
0.2633 0.1874 0.2326 0.2951 0.3675 0.4169 0.4272 0.4155 0.3811 0.3014 0.1942 0.1918 0.2392 0.3036 0.3756 0.4196 0.4268 0.4128 0.3749 0.2874 0.1890 0.1960 0.2448 0.3101 0.3809 0.4211 0.4265 0.4115 0.3725 0.2832 0.1881 0.1968 0.2456 0.3109 0.3814 0.4212 0.4265 0.4114 0.3722 0.2826 0.1879 0.1970 0.2459 0.3113 0.3817 0.4213 0.4265 0.4114 0.3718 0.2792 0.2023 0.2792 0.3718 0.4114 0.4265 0.4213 0.3817 0.3113 0.2459 0.1970 0.1879 0.2826 0.3722 0.4114 0.4265 0.4212 0.3814 0.3109 0.2456 0.1968 0.1881 0.2832 0.3725 0.4115 0.4265 0.4211 0.3809 0.3101 0.2448 0.1960 0.1890 0.2874 0.3749 0.4128 0.4268 0.4196 0.3756 0.3036 0.2392 0.1918 0.1942 0.3014 0.3811 0.4155 0.4272 0.4169 0.3675 0.2951 0.2326 0.1874 0.2633
0.2493 0.2320 0.2943 0.3667 0.4166 0.4272 0.4157 0.3817 0.3028 0.1948 0.1914 0.2385 0.3028 0.3748 0.4194 0.4269 0.4130 0.3754 0.2883 0.1893 0.1959 0.2448 0.3104 0.3813 0.4212 0.4265 0.4113 0.3719 0.2818 0.1877 0.1973 0.2463 0.3118 0.3821 0.4214 0.4264 0.4111 0.3715 0.2812 0.1875 0.1975 0.2466 0.3121 0.3824 0.4215 0.4264 0.4110 0.3714 0.2799 0.1870 0.1801 0.1870 0.2799 0.3714 0.4110 0.4264 0.4215 0.3824 0.3121 0.2466 0.1975 0.1875 0.2812 0.3715 0.4111 0.4264 0.4214 0.3821 0.3118 0.2463 0.1973 0.1877 0.2818 0.3719 0.4113 0.4265 0.4212 0.3813 0.3104 0.2448 0.1959 0.1893 0.2883 0.3754 0.4130 0.4269 0.4194 0.3748 0.3028 0.2385 0.1914 0.1948 0.3028 0.3817 0.4157 0.4272 0.4166 0.3667 0.2943 0.2320 0.2493
0.2766 0.2935 0.3659 0.4163 0.4272 0.4160 0.3823 0.3041 0.1954 0.1909 0.2379 0.3020 0.3741 0.4192 0.4269 0.4133 0.3760 0.2895 0.1896 0.1956 0.2445 0.3101 0.3813 0.4212 0.4264 0.4111 0.3714 0.2805 0.1873 0.1977 0.2470 0.3126 0.3828 0.4216 0.4264 0.4108 0.3709 0.2797 0.1871 0.1979 0.2473 0.3129 0.3832 0.4217 0.4263 0.4107 0.3706 0.2791 0.1877 0.1994 0.2217 0.1994 0.1877 0.2791 0.3706 0.4107 0.4263 0.4217 0.3832 0.3129 0.2473 0.1979 0.1871 0.2797 0.3709 0.4108 0.4264 0.4216 0.3828 0.3126 0.2470 0.1977 0.1873 0.2805 0.3714 0.4111 0.4264 0.4213 0.3813 0.3101 0.2445 0.1956 0.1896 0.2895 0.3760 0.4133 0.4269 0.4192 0.3741 0.3020 0.2379 0.1909 0.1954 0.3041 0.3823 0.4160 0.4272 0.4163 0.3659 0.2935 0.2766
0.3193 0.3653 0.4158 0.4273 0.4162 0.3828 0.3055 0.1961 0.1905 0.2372 0.3011 0.3733 0.4189 0.4270 0.4136 0.3766 0.2910 0.1901 0.1952 0.2440 0.3096 0.3809 0.4212 0.4264 0.4110 0.3710 0.2796 0.1870 0.1981 0.2476 0.3134 0.3836 0.4218 0.4263 0.4105 0.3702 0.2783 0.1867 0.1984 0.2479 0.3138 0.3839 0.4219 0.4263 0.4104 0.3699 0.2776 0.1866 0.2004 0.2503 0.2818 0.2503 0.2004 0.1866 0.2776 0.3699 0.4104 0.4263 0.4219 0.3839 0.3138 0.2479 0.1984 0.1867 0.2783 0.3702 0.4105 0.4263 0.4218 0.3836 0.3134 0.2476 0.1981 0.1870 0.2797 0.3711 0.4110 0.4264 0.4212 0.3809 0.3096 0.2440 0.1952 0.1901 0.2910 0.3766 0.4136 0.4270 0.4189 0.3733 0.3011 0.2372 0.1905 0.1961 0.3055 0.3828 0.4162 0.4273 0.4158 0.3653 0.3193
0.3708 0.4169 0.4271 0.4164 0.3834 0.3069 0.1968 0.1900 0.2366 0.3003 0.3725 0.4187 0.4270 0.4138 0.3772 0.2924 0.1906 0.1947 0.2434 0.3089 0.3803 0.4211 0.4265 0.4111 0.3710 0.2793 0.1868 0.1984 0.2481 0.3141 0.3842 0.4220 0.4262 0.4102 0.3695 0.2768 0.1864 0.1989 0.2486 0.3146 0.3846 0.4220 0.4262 0.4101 0.3692 0.2762 0.1862 0.1990 0.2512 0.3181 0.3556 0.3181 0.2512 0.1990 0.1862 0.2762 0.3692 0.4101 0.4262 0.4220 0.3846 0.3146 0.2486 0.1989 0.1864 0.2768 0.3695 0.4102 0.4262 0.4220 0.3842 0.3141 0.2481 0.1984 0.1869 0.2794 0.3711 0.4111 0.4265 0.4211 0.3803 0.3089 0.2434 0.1947 0.1906 0.2924 0.3772 0.4138 0.4270 0.4187 0.3725 0.3003 0.2366 0.1900 0.1968 0.3069 0.3834 0.4164 0.4271 0.4169 0.3708
0.4101 0.4293 0.4166 0.3840 0.3082 0.1975 0.1896 0.2360 0.2995 0.3717 0.4184 0.4270 0.4141 0.3779 0.2938 0.1911 0.1943 0.2427 0.3081 0.3796 0.4209 0.4265 0.4113 0.3713 0.2797 0.1869 0.1985 0.2484 0.3146 0.3847 0.4221 0.4261 0.4099 0.3688 0.2754 0.1860 0.1994 0.2493 0.3155 0.3853 0.4222 0.4261 0.4098 0.3685 0.2747 0.1859 0.1995 0.2495 0.3183 0.3891 0.4140 0.3891 0.3183 0.2495 0.1995 0.1859 0.2747 0.3685 0.4098 0.4261 0.4222 0.3853 0.3155 0.2493 0.1994 0.1860 0.2754 0.3688 0.4099 0.4261 0.4221 0.3847 0.3146 0.2484 0.1985 0.1869 0.2797 0.3714 0.4113 0.4265 0.4209 0.3796 0.3081 0.2427 0.1943 0.1911 0.2938 0.3779 0.4141 0.4270 0.4184 0.3717 0.2995 0.2360 0.1896 0.1975 0.3082 0.3840 0.4166 0.4293 0.4101
0.4266 0.4181 0.3845 0.3096 0.1982 0.1892 0.2353 0.2987 0.3710 0.4181 0.4271 0.4144 0.3785 0.2952 0.1916 0.1938 0.2420 0.3072 0.3789 0.4207 0.4266 0.4115 0.3719 0.2805 0.1870 0.1984 0.2484 0.3148 0.3850 0.4222 0.4261 0.4097 0.3682 0.2739 0.1857 0.1999 0.2500 0.3163 0.3860 0.4224 0.4260 0.4095 0.3678 0.2733 0.1856 0.2001 0.2502 0.3165 0.3877 0.4240 0.4262 0.4240 0.3877 0.3165 0.2502 0.2001 0.1856 0.2733 0.3678 0.4095 0.4260 0.4224 0.3860 0.3163 0.2500 0.1999 0.1857 0.2739 0.3682 0.4097 0.4261 0.4222 0.3850 0.3148 0.2484 0.1984 0.1870 0.2805 0.3719 0.4115 0.4266 0.4207 0.3789 0.3072 0.2420 0.1938 0.1916 0.2952 0.3785 0.4144 0.4271 0.4181 0.3710 0.2987 0.2353 0.1892 0.1982 0.3096 0.3845 0.4181 0.4266
0.4268 0.3851 0.3109 0.1990 0.1887 0.2347 0.2979 0.3702 0.4179 0.4271 0.4146 0.3791 0.2966 0.1922 0.1934 0.2414 0.3064 0.3782 0.4204 0.4266 0.4118 0.3725 0.2818 0.1873 0.1981 0.2481 0.3146 0.3850 0.4223 0.4260 0.4095 0.3677 0.2727 0.1854 0.2003 0.2507 0.3171 0.3867 0.4226 0.4259 0.4092 0.3671 0.2718 0.1852 0.2005 0.2510 0.3174 0.3868 0.4227 0.4249 0.4127 0.4249 0.4227 0.3868 0.3174 0.2510 0.2005 0.1852 0.2718 0.3671 0.4092 0.4259 0.4226 0.3867 0.3171 0.2507 0.2003 0.1854 0.2727 0.3677 0.4095 0.4260 0.4223 0.3850 0.3146 0.2481 0.1981 0.1873 0.2818 0.3725 0.4118 0.4266 0.4204 0.3782 0.3064 0.2414 0.1934 0.1922 0.2966 0.3791 0.4146 0.4271 0.4179 0.3702 0.2979 0.2347 0.1887 0.1990 0.3109 0.3851 0.4268
0.4066 0.3123 0.1997 0.1883 0.2341 0.2971 0.3694 0.4176 0.4271 0.4149 0.3797 0.2980 0.1927 0.1929 0.2407 0.3056 0.3774 0.4202 0.4267 0.4121 0.3732 0.2832 0.1877 0.1977 0.2476 0.3141 0.3847 0.4222 0.4260 0.4094 0.3674 0.2718 0.1852 0.2008 0.2513 0.3180 0.3873 0.4228 0.4259 0.4089 0.3664 0.2704 0.1849 0.2010 0.2517 0.3183 0.3876 0.4228 0.4258 0.4053 0.3764 0.4053 0.4258 0.4228 0.3876 0.3183 0.2517 0.2010 0.1849 0.2704 0.3664 0.4089 0.4259 0.4228 0.3873 0.3180 0.2513 0.2008 0.1852 0.2718 0.3674 0.4094 0.4260 0.4222 0.3847 0.3141 0.2476 0.1977 0.1877 0.2832 0.3732 0.4121 0.4267 0.4202 0.3774 0.3056 0.2407 0.1929 0.1927 0.2980 0.3797 0.4149 0.4271 0.4176 0.3694 0.2971 0.2341 0.1883 0.1997 0.3123 0.4066
0.3501 0.2005 0.1879 0.2335 0.2963 0.3686 0.4173 0.4272 0.4151 0.3803 0.2994 0.1933 0.1925 0.2401 0.3048 0.3767 0.4200 0.4268 0.4124 0.3738 0.2846 0.1881 0.1973 0.2470 0.3134 0.3842 0.4221 0.4261 0.4095 0.3674 0.2715 0.1850 0.2010 0.2518 0.3187 0.3880 0.4229 0.4258 0.4085 0.3657 0.2689 0.1846 0.2015 0.2523 0.3192 0.3883 0.4230 0.4258 0.4084 0.3595 0.3015 0.3595 0.4084 0.4258 0.4230 0.3883 0.3192 0.2523 0.2015 0.1846 0.2689 0.3657 0.4085 0.4258 0.4229 0.3880 0.3187 0.2518 0.2010 0.1850 0.2715 0.3674 0.4095 0.4261 0.4221 0.3842 0.3134 0.2470 0.1973 0.1881 0.2846 0.3738 0.4124 0.4268 0.4200 0.3767 0.3048 0.2401 0.1925 0.1933 0.2994 0.3803 0.4151 0.4272 0.4173 0.3686 0.2963 0.2335 0.1879 0.2005 0.3501
0.2631 0.1875 0.2329 0.2955 0.3678 0.4170 0.4272 0.4154 0.3809 0.3008 0.1939 0.1920 0.2394 0.3039 0.3759 0.4197 0.4268 0.4126 0.3745 0.2861 0.1885 0.1968 0.2463 0.3126 0.3836 0.4220 0.4261 0.4097 0.3677 0.2718 0.1850 0.2011 0.2521 0.3192 0.3885 0.4231 0.4257 0.4082 0.3650 0.2675 0.1844 0.2020 0.2530 0.3200 0.3890 0.4232 0.4256 0.4082 0.3645 0.2646 0.1924 0.2646 0.3645 0.4082 0.4256 0.4232 0.3890 0.3200 0.2530 0.2020 0.1844 0.2675 0.3650 0.4082 0.4257 0.4231 0.3885 0.3192 0.2521 0.2011 0.1850 0.2718 0.3677 0.4097 0.4261 0.4220 0.3836 0.3126 0.2463 0.1968 0.1885 0.2861 0.3745 0.4126 0.4268 0.4197 0.3759 0.3039 0.2394 0.1920 0.1939 0.3008 0.3809 0.4154 0.4272 0.4170 0.3678 0.2955 0.2329 0.1875 0.2631
0.2494 0.2323 0.2946 0.3670 0.4167 0.4272 0.4156 0.3814 0.3022 0.1945 0.1916 0.2388 0.3031 0.3751 0.4195 0.4269 0.4129 0.3751 0.2875 0.1890 0.1963 0.2456 0.3118 0.3828 0.4218 0.4262 0.4099 0.3682 0.2727 0.1852 0.2010 0.2521 0.3194 0.3887 0.4232 0.4256 0.4080 0.3643 0.2660 0.1841 0.2025 0.2537 0.3209 0.3896 0.4233 0.4255 0.4078 0.3641 0.2648 0.1839 0.1838 0.1839 0.2648 0.3641 0.4078 0.4255 0.4233 0.3896 0.3209 0.2537 0.2025 0.1841 0.2660 0.3643 0.4080 0.4256 0.4232 0.3887 0.3194 0.2521 0.2010 0.1852 0.2727 0.3682 0.4099 0.4262 0.4218 0.3828 0.3118 0.2456 0.1963 0.1890 0.2875 0.3751 0.4129 0.4269 0.4195 0.3751 0.3031 0.2388 0.1916 0.1945 0.3022 0.3814 0.4156 0.4272 0.4167 0.3670 0.2946 0.2323 0.2494
0.2767 0.2938 0.3662 0.4164 0.4272 0.4158 0.3820 0.3035 0.1952 0.1911 0.2382 0.3023 0.3744 0.4193 0.4269 0.4132 0.3757 0.2889 0.1894 0.1959 0.2450 0.3109 0.3821 0.4216 0.4263 0.4102 0.3688 0.2739 0.1854 0.2008 0.2518 0.3192 0.3887 0.4232 0.4256 0.4078 0.3638 0.2648 0.1839 0.2030 0.2544 0.3217 0.3903 0.4235 0.4254 0.4074 0.3632 0.2640 0.1847 0.2045 0.2279 0.2045 0.1847 0.2640 0.3632 0.4074 0.4254 0.4235 0.3903 0.3217 0.2544 0.2030 0.1839 0.2648 0.3638 0.4078 0.4256 0.4232 0.3887 0.3192 0.2518 0.2008 0.1854 0.2739 0.3688 0.4102 0.4263 0.4216 0.3821 0.3109 0.2450 0.1959 0.1894 0.2889 0.3757 0.4132 0.4269 0.4193 0.3744 0.3023 0.2382 0.1911 0.1952 0.3035 0.3820 0.4158 0.4272 0.4164 0.3662 0.2938 0.2767
0.3196 0.3656 0.4160 0.4272 0.4161 0.3826 0.3049 0.1958 0.1907 0.2375 0.3015 0.3736 0.4190 0.4269 0.4135 0.3764 0.2904 0.1899 0.1954 0.2443 0.3101 0.3814 0.4214 0.4264 0.4105 0.3695 0.2754 0.1857 0.2003 0.2513 0.3187 0.3885 0.4232 0.4256 0.4077 0.3634 0.2640 0.1837 0.2034 0.2551 0.3225 0.3910 0.4236 0.4253 0.4071 0.3624 0.2625 0.1835 0.2055 0.2576 0.2901 0.2576 0.2055 0.1835 0.2625 0.3624 0.4071 0.4253 0.4236 0.3910 0.3225 0.2551 0.2034 0.1837 0.2640 0.3634 0.4077 0.4256 0.4232 0.3885 0.3187 0.2513 0.2003 0.1857 0.2754 0.3695 0.4105 0.4264 0.4214 0.3814 0.3101 0.2443 0.1954 0.1899 0.2904 0.3764 0.4135 0.4269 0.4190 0.3736 0.3015 0.2375 0.1907 0.1958 0.3049 0.3826 0.4161 0.4272 0.4160 0.3656 0.3196
0.3710 0.4170 0.4271 0.4163 0.3832 0.3063 0.1965 0.1902 0.2369 0.3007 0.3729 0.4188 0.4270 0.4137 0.3770 0.2918 0.1904 0.1949 0.2436 0.3093 0.3807 0.4212 0.4264 0.4108 0.3702 0.2768 0.1860 0.1999 0.2507 0.3180 0.3880 0.4231 0.4256 0.4078 0.3634 0.2636 0.1836 0.2037 0.2556 0.3233 0.3916 0.4238 0.4252 0.4068 0.3617 0.2610 0.1833 0.2042 0.2585 0.3270 0.3644 0.3270 0.2585 0.2042 0.1833 0.2610 0.3617 0.4068 0.4252 0.4238 0.3916 0.3233 0.2556 0.2037 0.1836 0.2636 0.3634 0.4078 0.4256 0.4231 0.3880 0.3180 0.2507 0.1999 0.1860 0.2768 0.3702 0.4108 0.4264 0.4212 0.3807 0.3093 0.2436 0.1949 0.1904 0.2918 0.3770 0.4137 0.4270 0.4188 0.3729 0.3007 0.2369 0.1902 0.1965 0.3063 0.3832 0.4163 0.4271 0.4170 0.3710
0.4102 0.4293 0.4165 0.3837 0.3076 0.1972 0.1898 0.2362 0.2998 0.3721 0.4185 0.4270 0.4140 0.3776 0.2932 0.1909 0.1945 0.2430 0.3084 0.3800 0.4210 0.4265 0.4111 0.3709 0.2783 0.1864 0.1994 0.2500 0.3171 0.3873 0.4229 0.4257 0.4080 0.3638 0.2640 0.1836 0.2038 0.2559 0.3238 0.3920 0.4239 0.4251 0.4064 0.3609 0.2596 0.1831 0.2047 0.2568 0.3271 0.3959 0.4176 0.3959 0.3271 0.2568 0.2047 0.1831 0.2596 0.3609 0.4064 0.4251 0.4239 0.3920 0.3238 0.2559 0.2038 0.1836 0.2640 0.3638 0.4080 0.4257 0.4229 0.3873 0.3171 0.2500 0.1994 0.1864 0.2783 0.3709 0.4111 0.4265 0.4210 0.3800 0.3084 0.2430 0.1945 0.1909 0.2932 0.3776 0.4140 0.4270 0.4185 0.3721 0.2998 0.2362 0.1898 0.1972 0.3076 0.3837 0.4165 0.4293 0.4102
0.4266 0.4179 0.3843 0.3090 0.1979 0.1894 0.2356 0.2990 0.3713 0.4182 0.4271 0.4142 0.3782 0.2946 0.1914 0.1940 0.2423 0.3076 0.3792 0.4207 0.4266 0.4114 0.3715 0.2797 0.1867 0.1989 0.2493 0.3163 0.3867 0.4228 0.4258 0.4082 0.3643 0.2648 0.1837 0.2037 0.2559 0.3239 0.3923 0.4240 0.4251 0.4061 0.3602 0.2581 0.1829 0.2052 0.2575 0.3253 0.3944 0.4254 0.4256 0.4254 0.3944 0.3253 0.2575 0.2052 0.1829 0.2581 0.3602 0.4061 0.4251 0.4240 0.3923 0.3239 0.2559 0.2037 0.1837 0.2648 0.3643 0.4082 0.4258 0.4228 0.3867 0.3163 0.2493 0.1989 0.1867 0.2797 0.3715 0.4114 0.4266 0.4207 0.3792 0.3076 0.2423 0.1940 0.1914 0.2946 0.3782 0.4142 0.4271 0.4182 0.3713 0.2990 0.2356 0.1894 0.1979 0.3090 0.3843 0.4179 0.4266
0.4268 0.3849 0.3103 0.1986 0.1889 0.2350 0.2982 0.3705 0.4180 0.4271 0.4145 0.3788 0.2960 0.1919 0.1935 0.2417 0.3068 0.3785 0.4205 0.4266 0.4117 0.3722 0.2812 0.1871 0.1984 0.2486 0.3155 0.3860 0.4226 0.4259 0.4085 0.3650 0.2660 0.1839 0.2034 0.2556 0.3238 0.3923 0.4240 0.4250 0.4060 0.3596 0.2569 0.1827 0.2058 0.2582 0.3262 0.3937 0.4243 0.4235 0.4098 0.4235 0.4243 0.3937 0.3262 0.2582 0.2058 0.1827 0.2569 0.3596 0.4060 0.4250 0.4240 0.3923 0.3238 0.2556 0.2034 0.1839 0.2660 0.3650 0.4085 0.4259 0.4226 0.3860 0.3155 0.2486 0.1984 0.1871 0.2812 0.3722 0.4117 0.4266 0.4205 0.3785 0.3068 0.2417 0.1935 0.1919 0.2960 0.3788 0.4145 0.4271 0.4180 0.3705 0.2982 0.2350 0.1889 0.1986 0.3103 0.3849 0.4268
0.4064 0.3117 0.1994 0.1885 0.2344 0.2974 0.3697 0.4177 0.4271 0.4148 0.3794 0.2974 0.1925 0.1931 0.2410 0.3059 0.3777 0.4203 0.4267 0.4120 0.3729 0.2826 0.1875 0.1979 0.2479 0.3146 0.3853 0.4224 0.4259 0.4089 0.3657 0.2675 0.1841 0.2030 0.2551 0.3233 0.3920 0.4240 0.4250 0.4059 0.3593 0.2561 0.1826 0.2062 0.2589 0.3271 0.3944 0.4244 0.4248 0.4016 0.3698 0.4016 0.4248 0.4244 0.3944 0.3271 0.2589 0.2062 0.1826 0.2561 0.3593 0.4059 0.4250 0.4240 0.3920 0.3233 0.2551 0.2030 0.1841 0.2675 0.3657 0.4089 0.4259 0.4224 0.3853 0.3146 0.2479 0.1979 0.1875 0.2826 0.3729 0.4120 0.4267 0.4203 0.3777 0.3059 0.2410 0.1931 0.1925 0.2974 0.3794 0.4148 0.4271 0.4177 0.3697 0.2974 0.2344 0.1885 0.1994 0.3117 0.4064
0.3497 0.2002 0.1881 0.2337 0.2966 0.3690 0.4174 0.4271 0.4150 0.3800 0.2988 0.1931 0.1926 0.2404 0.3051 0.3770 0.4201 0.4267 0.4122 0.3735 0.2840 0.1879 0.1975 0.2473 0.3138 0.3846 0.4222 0.4260 0.4092 0.3664 0.2689 0.1844 0.2025 0.2544 0.3225 0.3916 0.4239 0.4251 0.4060 0.3593 0.2558 0.1825 0.2065 0.2594 0.3279 0.3950 0.4245 0.4247 0.4049 0.3514 0.2885 0.3514 0.4049 0.4247 0.4245 0.3950 0.3279 0.2594 0.2065 0.1825 0.2558 0.3593 0.4060 0.4251 0.4239 0.3916 0.3225 0.2544 0.2025 0.1844 0.2689 0.3664 0.4092 0.4260 0.4222 0.3846 0.3138 0.2473 0.1975 0.1879 0.2840 0.3735 0.4122 0.4267 0.4201 0.3770 0.3051 0.2404 0.1926 0.1931 0.2988 0.3800 0.4150 0.4271 0.4174 0.3690 0.2966 0.2337 0.1881 0.2002 0.3497
0.2628 0.1877 0.2331 0.2958 0.3682 0.4171 0.4272 0.4153 0.3806 0.3002 0.1937 0.1922 0.2397 0.3043 0.3762 0.4199 0.4268 0.4125 0.3742 0.2855 0.1883 0.1970 0.2466 0.3129 0.3839 0.4220 0.4261 0.4095 0.3671 0.2704 0.1846 0.2020 0.2537 0.3217 0.3910 0.4238 0.4251 0.4061 0.3596 0.2561 0.1825 0.2066 0.2597 0.3284 0.3954 0.4246 0.4245 0.4046 0.3564 0.2496 0.1847 0.2496 0.3564 0.4046 0.4245 0.4246 0.3954 0.3284 0.2597 0.2066 0.1825 0.2561 0.3596 0.4061 0.4251 0.4238 0.3910 0.3217 0.2537 0.2020 0.1846 0.2704 0.3671 0.4095 0.4261 0.4220 0.3839 0.3129 0.2466 0.1970 0.1883 0.2855 0.3742 0.4125 0.4268 0.4199 0.3762 0.3043 0.2397 0.1922 0.1937 0.3002 0.3806 0.4153 0.4272 0.4171 0.3682 0.2958 0.2331 0.1877 0.2628
0.2495 0.2325 0.2950 0.3674 0.4168 0.4272 0.4155 0.3812 0.3016 0.1943 0.1917 0.2391 0.3035 0.3755 0.4196 0.4268 0.4128 0.3748 0.2869 0.1888 0.1965 0.2459 0.3121 0.3832 0.4219 0.4262 0.4098 0.3678 0.2718 0.1849 0.2015 0.2530 0.3209 0.3903 0.4236 0.4252 0.4064 0.3602 0.2569 0.1826 0.2065 0.2597 0.3285 0.3957 0.4247 0.4244 0.4042 0.3560 0.2499 0.1822 0.1881 0.1822 0.2499 0.3560 0.4042 0.4244 0.4247 0.3957 0.3285 0.2597 0.2065 0.1826 0.2569 0.3602 0.4064 0.4252 0.4236 0.3903 0.3209 0.2530 0.2015 0.1849 0.2718 0.3678 0.4098 0.4262 0.4219 0.3832 0.3121 0.2459 0.1965 0.1888 0.2869 0.3748 0.4128 0.4268 0.4196 0.3755 0.3035 0.2391 0.1917 0.1943 0.3016 0.3812 0.4155 0.4272 0.4168 0.3674 0.2950 0.2325 0.2495
0.2769 0.2942 0.3666 0.4166 0.4272 0.4157 0.3818 0.3029 0.1949 0.1913 0.2384 0.3027 0.3747 0.4194 0.4269 0.4131 0.3755 0.2883 0.1892 0.1961 0.2453 0.3113 0.3824 0.4217 0.4263 0.4101 0.3685 0.2733 0.1852 0.2010 0.2523 0.3200 0.3896 0.4235 0.4253 0.4068 0.3609 0.2581 0.1827 0.2062 0.2594 0.3284 0.3957 0.4247 0.4244 0.4040 0.3553 0.2492 0.1830 0.2099 0.2344 0.2099 0.1830 0.2492 0.3553 0.4040 0.4244 0.4247 0.3957 0.3284 0.2594 0.2062 0.1827 0.2581 0.3609 0.4068 0.4253 0.4235 0.3896 0.3200 0.2523 0.2010 0.1852 0.2733 0.3685 0.4101 0.4263 0.4217 0.3824 0.3113 0.2453 0.1961 0.1892 0.2883 0.3755 0.4131 0.4269 0.4194 0.3747 0.3027 0.2384 0.1913 0.1949 0.3029 0.3818 0.4157 0.4272 0.4166 0.3666 0.2942 0.2769
0.3198 0.3660 0.4161 0.4272 0.4160 0.3823 0.3043 0.1955 0.1909 0.2378 0.3018 0.3739 0.4191 0.4269 0.4133 0.3761 0.2897 0.1897 0.1956 0.2446 0.3104 0.3817 0.4215 0.4263 0.4104 0.3692 0.2747 0.1856 0.2005 0.2517 0.3192 0.3890 0.4233 0.4254 0.4071 0.3617 0.2596 0.1829 0.2058 0.2589 0.3279 0.3954 0.4247 0.4244 0.4040 0.3550 0.2483 0.1819 0.2108 0.2649 0.2985 0.2649 0.2108 0.1819 0.2483 0.3550 0.4040 0.4244 0.4247 0.3954 0.3279 0.2589 0.2058 0.1829 0.2596 0.3617 0.4071 0.4254 0.4233 0.3890 0.3192 0.2517 0.2005 0.1856 0.2747 0.3692 0.4104 0.4263 0.4215 0.3817 0.3104 0.2446 0.1956 0.1897 0.2897 0.3761 0.4133 0.4269 0.4191 0.3739 0.3018 0.2378 0.1909 0.1955 0.3043 0.3823 0.4160 0.4272 0.4161 0.3660 0.3198
0.3713 0.4171 0.4271 0.4162 0.3829 0.3057 0.1962 0.1904 0.2372 0.3010 0.3732 0.4189 0.4270 0.4136 0.3767 0.2912 0.1902 0.1951 0.2439 0.3096 0.3810 0.4213 0.4264 0.4107 0.3699 0.2762 0.1859 0.2001 0.2510 0.3183 0.3883 0.4232 0.4255 0.4074 0.3624 0.2610 0.1831 0.2052 0.2582 0.3271 0.3950 0.4246 0.4244 0.4040 0.3550 0.2480 0.1818 0.2092 0.2656 0.3356 0.3727 0.3356 0.2656 0.2092 0.1818 0.2480 0.3550 0.4040 0.4244 0.4246 0.3950 0.3271 0.2582 0.2052 0.1831 0.2610 0.3624 0.4074 0.4255 0.4232 0.3883 0.3183 0.2510 0.2001 0.1859 0.2762 0.3699 0.4107 0.4264 0.4213 0.3810 0.3096 0.2439 0.1951 0.1902 0.2912 0.3767 0.4136 0.4270 0.4189 0.3732 0.3010 0.2372 0.1904 0.1962 0.3057 0.3829 0.4162 0.4271 0.4171 0.3713
0.4103 0.4293 0.4164 0.3835 0.3071 0.1969 0.1900 0.2365 0.3002 0.3724 0.4186 0.4270 0.4139 0.3773 0.2926 0.1907 0.1947 0.2433 0.3088 0.3803 0.4211 0.4265 0.4110 0.3706 0.2776 0.1862 0.1996 0.2503 0.3175 0.3876 0.4230 0.4256 0.4078 0.3632 0.2625 0.1833 0.2047 0.2575 0.3263 0.3944 0.4245 0.4245 0.4042 0.3553 0.2483 0.1818 0.2093 0.2634 0.3352 0.4017 0.4204 0.4017 0.3351 0.2634 0.2093 0.1818 0.2483 0.3553 0.4042 0.4245 0.4245 0.3944 0.3262 0.2575 0.2047 0.1833 0.2625 0.3632 0.4078 0.4256 0.4230 0.3876 0.3174 0.2502 0.1995 0.1862 0.2776 0.3706 0.4110 0.4265 0.4210 0.3802 0.3087 0.2432 0.1946 0.1906 0.2926 0.3773 0.4139 0.4270 0.4186 0.3724 0.3001 0.2365 0.1899 0.1969 0.3071 0.3835 0.4164 0.4293 0.4103
0.4267 0.4178 0.3840 0.3084 0.1976 0.1895 0.2359 0.2994 0.3716 0.4184 0.4270 0.4141 0.3780 0.2940 0.1912 0.1942 0.2426 0.3080 0.3795 0.4208 0.4265 0.4113 0.3713 0.2791 0.1866 0.1991 0.2496 0.3167 0.3870 0.4228 0.4257 0.4081 0.3639 0.2640 0.1835 0.2042 0.2568 0.3254 0.3938 0.4244 0.4246 0.4046 0.3559 0.2491 0.1819 0.2093 0.2636 0.3329 0.3997 0.4263 0.4248 0.4263 0.3996 0.3326 0.2634 0.2092 0.1819 0.2492 0.3560 0.4046 0.4247 0.4244 0.3937 0.3253 0.2568 0.2042 0.1835 0.2640 0.3641 0.4082 0.4258 0.4228 0.3868 0.3165 0.2495 0.1990 0.1866 0.2791 0.3714 0.4114 0.4266 0.4208 0.3794 0.3078 0.2425 0.1942 0.1912 0.2940 0.3781 0.4142 0.4271 0.4183 0.3715 0.2993 0.2358 0.1895 0.1976 0.3084 0.3842 0.4179 0.4267
0.4267 0.3846 0.3098 0.1983 0.1891 0.2352 0.2986 0.3709 0.4181 0.4271 0.4144 0.3786 0.2954 0.1917 0.1937 0.2420 0.3071 0.3788 0.4206 0.4266 0.4116 0.3719 0.2805 0.1869 0.1986 0.2489 0.3158 0.3863 0.4227 0.4258 0.4084 0.3646 0.2654 0.1838 0.2037 0.2561 0.3246 0.3932 0.4243 0.4247 0.4049 0.3566 0.2503 0.1820 0.2090 0.2634 0.3329 0.3987 0.4254 0.4222 0.4068 0.4221 0.4254 0.3995 0.3350 0.2656 0.2108 0.1830 0.2499 0.3564 0.4049 0.4248 0.4243 0.3944 0.3271 0.2585 0.2055 0.1847 0.2648 0.3645 0.4084 0.4258 0.4227 0.3877 0.3183 0.2512 0.2004 0.1877 0.2799 0.3718 0.4115 0.4266 0.4207 0.3805 0.3096 0.2442 0.1954 0.1923 0.2947 0.3784 0.4144 0.4271 0.4183 0.3727 0.3011 0.2374 0.1907 0.1987 0.3090 0.3844 0.4267
0.4062 0.3112 0.1991 0.1887 0.2346 0.2978 0.3701 0.4178 0.4271 0.4146 0.3792 0.2968 0.1923 0.1933 0.2413 0.3063 0.3781 0.4204 0.4267 0.4118 0.3726 0.2820 0.1873 0.1981 0.2482 0.3150 0.3856 0.4225 0.4259 0.4087 0.3654 0.2669 0.1840 0.2032 0.2554 0.3238 0.3925 0.4241 0.4249 0.4053 0.3574 0.2518 0.1821 0.2086 0.2628 0.3325 0.3986 0.4253 0.4238 0.3983 0.3610 0.3925 0.4219 0.4263 0.4017 0.3355 0.2650 0.2099 0.1822 0.2496 0.3514 0.4016 0.4235 0.4254 0.3959 0.3270 0.2576 0.2045 0.1839 0.2646 0.3595 0.4053 0.4249 0.4240 0.3891 0.3181 0.2503 0.1994 0.1870 0.2792 0.3669 0.4088 0.4259 0.4222 0.3816 0.3093 0.2432 0.1944 0.1917 0.2931 0.3738 0.4118 0.4267 0.4199 0.3737 0.3006 0.2364 0.1898 0.1980 0.3058 0.4014
0.3492 0.1999 0.1883 0.2340 0.2970 0.3693 0.4175 0.4271 0.4149 0.3798 0.2982 0.1928 0.1928 0.2406 0.3055 0.3773 0.4202 0.4267 0.4121 0.3733 0.2834 0.1877 0.1977 0.2476 0.3141 0.3849 0.4223 0.4260 0.4090 0.3661 0.2683 0.1843 0.2027 0.2547 0.3229 0.3919 0.4240 0.4250 0.4056 0.3582 0.2532 0.1822 0.2080 0.2621 0.3317 0.3983 0.4253 0.4238 0.4023 0.3401 0.2945 0.3807 0.4069 0.4246 0.4204 0.3726 0.2985 0.2344 0.1881 0.1847 0.2885 0.3698 0.4098 0.4256 0.4176 0.3644 0.2901 0.2279 0.1838 0.1924 0.3015 0.3764 0.4127 0.4262 0.4140 0.3556 0.2818 0.2217 0.1801 0.2023 0.3135 0.3824 0.4153 0.4265 0.4096 0.3466 0.2736 0.2157 0.1772 0.2142 0.3244 0.3879 0.4176 0.4264 0.4043 0.3375 0.2658 0.2101 0.1751 0.2254 0.3638
0.2625 0.1878 0.2333 0.2961 0.3685 0.4172 0.4272 0.4151 0.3804 0.2996 0.1934 0.1923 0.2399 0.3046 0.3765 0.4199 0.4268 0.4124 0.3739 0.2848 0.1881 0.1971 0.2468 0.3132 0.3841 0.4221 0.4261 0.4093 0.3668 0.2698 0.1845 0.2022 0.2540 0.3220 0.3912 0.4238 0.4251 0.4060 0.3590 0.2546 0.1823 0.2075 0.2614 0.3308 0.3977 0.4252 0.4238 0.4025 0.3491 0.2421 0.3210 0.4447 0.4223 0.4264 0.4021 0.3355 0.2649 0.2099 0.1822 0.2496 0.3514 0.4016 0.4235 0.4254 0.3959 0.3270 0.2576 0.2045 0.1839 0.2646 0.3595 0.4053 0.4249 0.4240 0.3891 0.3181 0.2503 0.1994 0.1870 0.2792 0.3669 0.4088 0.4259 0.4222 0.3816 0.3093 0.2432 0.1944 0.1917 0.2931 0.3738 0.4118 0.4267 0.4199 0.3737 0.3006 0.2364 0.1898 0.1980 0.3058 0.4014
0.2496 0.2327 0.2953 0.3676 0.4169 0.4272 0.4155 0.3811 0.3010 0.1940 0.1919 0.2393 0.3037 0.3757 0.4197 0.4268 0.4128 0.3747 0.2863 0.1886 0.1967 0.2461 0.3124 0.3833 0.4219 0.4262 0.4098 0.3677 0.2712 0.1848 0.2017 0.2533 0.3211 0.3905 0.4237 0.4252 0.4064 0.3599 0.2561 0.1825 0.2069 0.2606 0.3299 0.3970 0.4250 0.4240 0.4027 0.3518 0.2405 0.1779 0.2324 0.3810 0.4239 0.4031 0.3372 0.2654 0.2108 0.1830 0.2499 0.3564 0.4049 0.4248 0.4243 0.3944 0.3271 0.2585 0.2055 0.1847 0.2648 0.3645 0.4084 0.4258 0.4227 0.3877 0.3183 0.2512 0.2004 0.1877 0.2799 0.3718 0.4115 0.4266 0.4207 0.3805 0.3096 0.2442 0.1954 0.1923 0.2947 0.3784 0.4144 0.4271 0.4183 0.3727 0.3011 0.2374 0.1907 0.1987 0.3090 0.3844 0.4267
0.2789 0.2972 0.3690 0.4169 0.4272 0.4156 0.3814 0.3017 0.1951 0.1931 0.2409 0.3055 0.3768 0.4196 0.4269 0.4129 0.3751 0.2870 0.1897 0.1980 0.2478 0.3141 0.3843 0.4218 0.4262 0.4099 0.3681 0.2720 0.1860 0.2030 0.2550 0.3229 0.3913 0.4236 0.4253 0.4066 0.3604 0.2570 0.1837 0.2083 0.2624 0.3317 0.3976 0.4250 0.4241 0.4029 0.3520 0.2423 0.1827 0.2074 0.2759 0.3766 0.3993 0.3408 0.2632 0.2090 0.1818 0.2492 0.3560 0.4046 0.4247 0.4244 0.3937 0.3253 0.2568 0.2042 0.1835 0.2640 0.3641 0.4082 0.4258 0.4228 0.3868 0.3165 0.2495 0.1990 0.1866 0.2791 0.3714 0.4114 0.4266 0.4208 0.3794 0.3078 0.2425 0.1942 0.1912 0.2940 0.3781 0.4142 0.4271 0.4183 0.3715 0.2993 0.2358 0.1895 0.1976 0.3084 0.3842 0.4179 0.4267
0.3227 0.3706 0.4186 0.4269 0.4132 0.3768 0.2995 0.1945 0.1922 0.2399 0.3051 0.3778 0.4212 0.4263 0.4103 0.3703 0.2859 0.1890 0.1970 0.2469 0.3138 0.3856 0.4232 0.4254 0.4070 0.3631 0.2717 0.1852 0.2020 0.2540 0.3227 0.3927 0.4248 0.4242 0.4034 0.3553 0.2568 0.1829 0.2073 0.2615 0.3316 0.3992 0.4260 0.4227 0.3994 0.3467 0.2419 0.1818 0.2127 0.2708 0.3371 0.3796 0.3443 0.2655 0.2088 0.1818 0.2483 0.3553 0.4042 0.4245 0.4245 0.3944 0.3262 0.2575 0.2047 0.1833 0.2625 0.3632 0.4078 0.4256 0.4230 0.3876 0.3174 0.2502 0.1995 0.1862 0.2776 0.3706 0.4110 0.4265 0.4210 0.3802 0.3087 0.2432 0.1946 0.1906 0.2926 0.3773 0.4139 0.4270 0.4186 0.3724 0.3001 0.2365 0.1899 0.1969 0.3071 0.3835 0.4164 0.4293 0.4103
0.3471 0.4034 0.4260 0.4186 0.3904 0.3295 0.2207 0.1761 0.2129 0.2697 0.3421 0.4070 0.4265 0.4165 0.3852 0.3191 0.2080 0.1786 0.2187 0.2777 0.3511 0.4119 0.4264 0.4140 0.3794 0.3076 0.1970 0.1818 0.2248 0.2859 0.3600 0.4159 0.4259 0.4113 0.3732 0.2951 0.1882 0.1859 0.2311 0.2943 0.3686 0.4191 0.4252 0.4084 0.3669 0.2831 0.1824 0.1896 0.2375 0.3025 0.3520 0.3399 0.2706 0.2086 0.1817 0.2480 0.3550 0.4040 0.4244 0.4246 0.3950 0.3271 0.2582 0.2052 0.1831 0.2610 0.3624 0.4074 0.4255 0.4232 0.3883 0.3183 0.2510 0.2001 0.1859 0.2762 0.3699 0.4107 0.4264 0.4213 0.3810 0.3096 0.2439 0.1951 0.1902 0.2912 0.3767 0.4136 0.4270 0.4189 0.3732 0.3010 0.2372 0.1904 0.1962 0.3057 0.3829 0.4162 0.4271 0.4171 0.3713
