-0.0213 0.0456 0.1388 0.0018 -0.1768 -0.2078 -0.2150 -0.1720 -0.0852 -0.0371 -0.0000 0.0412 0.1394 0.0006 -0.1777 -0.2079 -0.2149 -0.1716 -0.0848 -0.0369 0.0002 0.0415 0.1394 -0.0006 -0.1779 -0.2080 -0.2148 -0.1712 -0.0845 -0.0368 0.0004 0.0418 0.1395 -0.0018 -0.1781 -0.2081 -0.2148 -0.1709 -0.0841 -0.0366 0.0005 0.0420 0.1395 -0.0030 -0.1782 -0.2082 -0.2147 -0.1704 -0.0798 -0.0313 -0.0032 -0.0313 -0.0798 -0.1704 -0.2147 -0.2082 -0.1782 -0.0030 0.1395 0.0420 0.0005 -0.0366 -0.0841 -0.1709 -0.2148 -0.2081 -0.1781 -0.0018 0.1395 0.0418 0.0004 -0.0368 -0.0845 -0.1712 -0.2148 -0.2080 -0.1779 -0.0006 0.1394 0.0415 0.0002 -0.0369 -0.0848 -0.1716 -0.2149 -0.2079 -0.1777 0.0006 0.1394 0.0412 -0.0000 -0.0371 -0.0852 -0.1720 -0.2150 -0.2078 -0.1768 0.0018 0.1388 0.0456 -0.0213
0.0456 0.1683 -0.0006 -0.3173 -0.3354 -0.3216 -0.2380 -0.0851 -0.0163 0.0210 0.0588 0.1686 -0.0031 -0.3187 -0.3354 -0.3213 -0.2373 -0.0844 -0.0161 0.0212 0.0590 0.1688 -0.0049 -0.3188 -0.3354 -0.3211 -0.2365 -0.0839 -0.0158 0.0213 0.0593 0.1689 -0.0065 -0.3190 -0.3354 -0.3209 -0.2359 -0.0833 -0.0156 0.0215 0.0596 0.1690 -0.0082 -0.3191 -0.3355 -0.3207 -0.2354 -0.0831 -0.0152 0.0250 0.0492 0.0250 -0.0152 -0.0831 -0.2354 -0.3207 -0.3355 -0.3191 -0.0082 0.1690 0.0596 0.0215 -0.0156 -0.0833 -0.2359 -0.3209 -0.3354 -0.3190 -0.0065 0.1689 0.0593 0.0213 -0.0158 -0.0839 -0.2365 -0.3211 -0.3354 -0.3188 -0.0049 0.1688 0.0590 0.0212 -0.0161 -0.0844 -0.2373 -0.3213 -0.3354 -0.3187 -0.0031 0.1686 0.0588 0.0210 -0.0163 -0.0851 -0.2380 -0.3216 -0.3354 -0.3173 -0.0006 0.1683 0.0456
0.1388 -0.0006 -0.3188 -0.3356 -0.3211 -0.2348 -0.0814 -0.0172 0.0172 0.0594 0.1690 -0.0072 -0.3191 -0.3356 -0.3207 -0.2338 -0.0806 -0.0170 0.0173 0.0597 0.1691 -0.0089 -0.3193 -0.3356 -0.3205 -0.2330 -0.0801 -0.0168 0.0175 0.0600 0.1692 -0.0105 -0.3194 -0.3357 -0.3203 -0.2324 -0.0795 -0.0166 0.0176 0.0602 0.1693 -0.0123 -0.3195 -0.3357 -0.3201 -0.2316 -0.0791 -0.0165 0.0179 0.0632 0.1050 0.0632 0.0179 -0.0165 -0.0791 -0.2316 -0.3201 -0.3357 -0.3195 -0.0123 0.1693 0.0602 0.0176 -0.0166 -0.0795 -0.2324 -0.3203 -0.3357 -0.3194 -0.0105 0.1692 0.0600 0.0175 -0.0168 -0.0801 -0.2330 -0.3205 -0.3356 -0.3193 -0.0089 0.1691 0.0597 0.0173 -0.0170 -0.0806 -0.2338 -0.3207 -0.3356 -0.3191 -0.0072 0.1690 0.0594 0.0172 -0.0172 -0.0814 -0.2348 -0.3211 -0.3356 -0.3188 -0.0006 0.1388
0.0018 -0.3173 -0.3356 -0.3210 -0.2341 -0.0806 -0.0166 0.0179 0.0600 0.1692 -0.0108 -0.3194 -0.3357 -0.3203 -0.2324 -0.0796 -0.0163 0.0181 0.0603 0.1694 -0.0128 -0.3195 -0.3357 -0.3200 -0.2316 -0.0790 -0.0160 0.0182 0.0606 0.1695 -0.0144 -0.3197 -0.3357 -0.3198 -0.2309 -0.0785 -0.0158 0.0184 0.0609 0.1696 -0.0161 -0.3198 -0.3357 -0.3196 -0.2302 -0.0779 -0.0156 0.0184 0.0615 0.1446 0.1039 0.1446 0.0615 0.0184 -0.0156 -0.0779 -0.2302 -0.3196 -0.3357 -0.3198 -0.0161 0.1696 0.0609 0.0184 -0.0158 -0.0785 -0.2309 -0.3198 -0.3357 -0.3197 -0.0144 0.1695 0.0606 0.0182 -0.0160 -0.0790 -0.2316 -0.3200 -0.3357 -0.3195 -0.0128 0.1694 0.0603 0.0181 -0.0163 -0.0796 -0.2324 -0.3203 -0.3357 -0.3194 -0.0108 0.1692 0.0600 0.0179 -0.0166 -0.0806 -0.2341 -0.3210 -0.3356 -0.3173 0.0018
-0.1768 -0.3354 -0.3211 -0.2341 -0.0802 -0.0163 0.0181 0.0606 0.1695 -0.0145 -0.3197 -0.3357 -0.3198 -0.2307 -0.0783 -0.0158 0.0184 0.0610 0.1696 -0.0166 -0.3198 -0.3358 -0.3195 -0.2300 -0.0777 -0.0156 0.0185 0.0613 0.1697 -0.0183 -0.3199 -0.3358 -0.3193 -0.2293 -0.0772 -0.0154 0.0187 0.0615 0.1698 -0.0199 -0.3201 -0.3358 -0.3191 -0.2285 -0.0767 -0.0151 0.0188 0.0618 0.1695 -0.0279 -0.2429 -0.0279 0.1695 0.0618 0.0188 -0.0151 -0.0767 -0.2285 -0.3191 -0.3358 -0.3201 -0.0199 0.1698 0.0615 0.0187 -0.0154 -0.0772 -0.2293 -0.3193 -0.3358 -0.3199 -0.0183 0.1697 0.0613 0.0185 -0.0156 -0.0777 -0.2300 -0.3195 -0.3358 -0.3198 -0.0166 0.1696 0.0610 0.0184 -0.0158 -0.0783 -0.2307 -0.3198 -0.3357 -0.3197 -0.0145 0.1695 0.0606 0.0181 -0.0163 -0.0802 -0.2341 -0.3211 -0.3354 -0.1768
-0.2078 -0.3216 -0.2348 -0.0806 -0.0163 0.0182 0.0609 0.1697 -0.0180 -0.3199 -0.3358 -0.3193 -0.2290 -0.0770 -0.0153 0.0187 0.0616 0.1699 -0.0205 -0.3201 -0.3358 -0.3190 -0.2283 -0.0765 -0.0151 0.0189 0.0619 0.1700 -0.0221 -0.3202 -0.3358 -0.3188 -0.2276 -0.0760 -0.0149 0.0190 0.0622 0.1700 -0.0237 -0.3203 -0.3358 -0.3186 -0.2269 -0.0755 -0.0146 0.0192 0.0625 0.1701 -0.0289 -0.3221 -0.3339 -0.3221 -0.0289 0.1701 0.0625 0.0192 -0.0146 -0.0755 -0.2269 -0.3186 -0.3358 -0.3203 -0.0237 0.1700 0.0622 0.0190 -0.0149 -0.0760 -0.2276 -0.3188 -0.3358 -0.3202 -0.0221 0.1700 0.0619 0.0189 -0.0151 -0.0765 -0.2283 -0.3190 -0.3358 -0.3201 -0.0205 0.1699 0.0616 0.0187 -0.0153 -0.0770 -0.2290 -0.3193 -0.3358 -0.3199 -0.0180 0.1697 0.0609 0.0182 -0.0163 -0.0806 -0.2348 -0.3216 -0.2078
-0.2150 -0.2380 -0.0814 -0.0166 0.0181 0.0609 0.1697 -0.0201 -0.3201 -0.3358 -0.3188 -0.2275 -0.0758 -0.0148 0.0191 0.0623 0.1701 -0.0243 -0.3204 -0.3359 -0.3185 -0.2266 -0.0753 -0.0146 0.0192 0.0626 0.1701 -0.0259 -0.3205 -0.3359 -0.3183 -0.2259 -0.0748 -0.0144 0.0194 0.0629 0.1702 -0.0275 -0.3206 -0.3359 -0.3181 -0.2252 -0.0743 -0.0142 0.0195 0.0631 0.1703 -0.0290 -0.3212 -0.3375 -0.3375 -0.3375 -0.3212 -0.0290 0.1703 0.0631 0.0195 -0.0142 -0.0743 -0.2252 -0.3181 -0.3359 -0.3206 -0.0275 0.1702 0.0629 0.0194 -0.0144 -0.0748 -0.2259 -0.3183 -0.3359 -0.3205 -0.0259 0.1701 0.0626 0.0192 -0.0146 -0.0753 -0.2266 -0.3185 -0.3359 -0.3204 -0.0243 0.1701 0.0623 0.0191 -0.0148 -0.0758 -0.2275 -0.3188 -0.3358 -0.3201 -0.0201 0.1697 0.0609 0.0181 -0.0166 -0.0814 -0.2380 -0.2150
-0.1720 -0.0851 -0.0172 0.0179 0.0606 0.1697 -0.0201 -0.3202 -0.3358 -0.3185 -0.2261 -0.0748 -0.0143 0.0194 0.0629 0.1702 -0.0280 -0.3207 -0.3359 -0.3180 -0.2249 -0.0741 -0.0141 0.0196 0.0632 0.1703 -0.0296 -0.3208 -0.3359 -0.3178 -0.2242 -0.0736 -0.0139 0.0197 0.0635 0.1704 -0.0312 -0.3209 -0.3359 -0.3175 -0.2234 -0.0731 -0.0137 0.0199 0.0638 0.1704 -0.0327 -0.3210 -0.3351 -0.3181 -0.2866 -0.3181 -0.3351 -0.3210 -0.0327 0.1704 0.0638 0.0199 -0.0137 -0.0731 -0.2234 -0.3175 -0.3359 -0.3209 -0.0312 0.1704 0.0635 0.0197 -0.0139 -0.0736 -0.2242 -0.3178 -0.3359 -0.3208 -0.0296 0.1703 0.0632 0.0196 -0.0141 -0.0741 -0.2249 -0.3180 -0.3359 -0.3207 -0.0280 0.1702 0.0629 0.0194 -0.0143 -0.0748 -0.2261 -0.3185 -0.3358 -0.3202 -0.0201 0.1697 0.0606 0.0179 -0.0172 -0.0851 -0.1720
-0.0852 -0.0163 0.0172 0.0600 0.1695 -0.0180 -0.3201 -0.3358 -0.3183 -0.2253 -0.0740 -0.0139 0.0197 0.0636 0.1704 -0.0317 -0.3209 -0.3359 -0.3174 -0.2232 -0.0729 -0.0136 0.0199 0.0639 0.1704 -0.0333 -0.3211 -0.3359 -0.3172 -0.2224 -0.0724 -0.0134 0.0201 0.0642 0.1705 -0.0349 -0.3212 -0.3360 -0.3170 -0.2217 -0.0719 -0.0132 0.0202 0.0645 0.1705 -0.0364 -0.3213 -0.3359 -0.3133 -0.2173 -0.1306 -0.2173 -0.3133 -0.3359 -0.3213 -0.0364 0.1705 0.0645 0.0202 -0.0132 -0.0719 -0.2217 -0.3170 -0.3360 -0.3212 -0.0349 0.1705 0.0642 0.0201 -0.0134 -0.0724 -0.2224 -0.3172 -0.3359 -0.3211 -0.0333 0.1704 0.0639 0.0199 -0.0136 -0.0729 -0.2232 -0.3174 -0.3359 -0.3209 -0.0317 0.1704 0.0636 0.0197 -0.0139 -0.0740 -0.2253 -0.3183 -0.3358 -0.3201 -0.0180 0.1695 0.0600 0.0172 -0.0163 -0.0852
-0.0371 0.0210 0.0594 0.1692 -0.0145 -0.3199 -0.3358 -0.3185 -0.2253 -0.0737 -0.0137 0.0200 0.0641 0.1705 -0.0351 -0.3212 -0.3360 -0.3169 -0.2215 -0.0718 -0.0131 0.0203 0.0646 0.1706 -0.0370 -0.3213 -0.3360 -0.3167 -0.2207 -0.0713 -0.0129 0.0204 0.0649 0.1706 -0.0385 -0.3215 -0.3360 -0.3164 -0.2200 -0.0708 -0.0127 0.0206 0.0652 0.1706 -0.0401 -0.3216 -0.3360 -0.3162 -0.2124 -0.0639 -0.0218 -0.0639 -0.2124 -0.3162 -0.3360 -0.3216 -0.0401 0.1706 0.0652 0.0206 -0.0127 -0.0708 -0.2200 -0.3164 -0.3360 -0.3215 -0.0385 0.1706 0.0649 0.0204 -0.0129 -0.0713 -0.2207 -0.3167 -0.3360 -0.3213 -0.0370 0.1706 0.0646 0.0203 -0.0131 -0.0718 -0.2215 -0.3169 -0.3360 -0.3212 -0.0351 0.1705 0.0641 0.0200 -0.0137 -0.0737 -0.2253 -0.3185 -0.3358 -0.3199 -0.0145 0.1692 0.0594 0.0210 -0.0371
-0.0000 0.0588 0.1690 -0.0108 -0.3197 -0.3358 -0.3188 -0.2261 -0.0740 -0.0137 0.0201 0.0644 0.1706 -0.0380 -0.3215 -0.3360 -0.3163 -0.2197 -0.0706 -0.0126 0.0206 0.0653 0.1706 -0.0406 -0.3216 -0.3360 -0.3161 -0.2190 -0.0701 -0.0124 0.0208 0.0656 0.1707 -0.0421 -0.3217 -0.3360 -0.3158 -0.2182 -0.0697 -0.0122 0.0209 0.0658 0.1707 -0.0436 -0.3219 -0.3360 -0.3157 -0.2176 -0.0675 -0.0071 0.0147 -0.0071 -0.0675 -0.2176 -0.3157 -0.3360 -0.3219 -0.0436 0.1707 0.0658 0.0209 -0.0122 -0.0697 -0.2182 -0.3158 -0.3360 -0.3217 -0.0421 0.1707 0.0656 0.0208 -0.0124 -0.0701 -0.2190 -0.3161 -0.3360 -0.3216 -0.0406 0.1706 0.0653 0.0206 -0.0126 -0.0706 -0.2197 -0.3163 -0.3360 -0.3215 -0.0380 0.1706 0.0644 0.0201 -0.0137 -0.0740 -0.2261 -0.3188 -0.3358 -0.3197 -0.0108 0.1690 0.0588 -0.0000
0.0412 0.1686 -0.0072 -0.3194 -0.3357 -0.3193 -0.2275 -0.0748 -0.0139 0.0200 0.0644 0.1706 -0.0398 -0.3216 -0.3360 -0.3158 -0.2181 -0.0695 -0.0122 0.0210 0.0659 0.1707 -0.0441 -0.3219 -0.3360 -0.3155 -0.2172 -0.0690 -0.0119 0.0211 0.0662 0.1707 -0.0457 -0.3220 -0.3360 -0.3153 -0.2164 -0.0686 -0.0117 0.0213 0.0665 0.1707 -0.0472 -0.3221 -0.3360 -0.3150 -0.2158 -0.0683 -0.0115 0.0248 0.0537 0.0248 -0.0115 -0.0683 -0.2158 -0.3150 -0.3360 -0.3221 -0.0472 0.1707 0.0665 0.0213 -0.0117 -0.0686 -0.2164 -0.3153 -0.3360 -0.3220 -0.0457 0.1707 0.0662 0.0211 -0.0119 -0.0690 -0.2172 -0.3155 -0.3360 -0.3219 -0.0441 0.1707 0.0659 0.0210 -0.0122 -0.0695 -0.2181 -0.3158 -0.3360 -0.3216 -0.0398 0.1706 0.0644 0.0200 -0.0139 -0.0748 -0.2275 -0.3193 -0.3357 -0.3194 -0.0072 0.1686 0.0412
0.1394 -0.0031 -0.3191 -0.3357 -0.3198 -0.2290 -0.0758 -0.0143 0.0197 0.0641 0.1706 -0.0398 -0.3217 -0.3360 -0.3155 -0.2167 -0.0686 -0.0117 0.0214 0.0666 0.1707 -0.0477 -0.3222 -0.3360 -0.3149 -0.2154 -0.0679 -0.0115 0.0215 0.0669 0.1707 -0.0492 -0.3223 -0.3360 -0.3147 -0.2146 -0.0675 -0.0113 0.0217 0.0672 0.1707 -0.0507 -0.3224 -0.3361 -0.3144 -0.2139 -0.0671 -0.0112 0.0219 0.0695 0.1150 0.0695 0.0219 -0.0112 -0.0671 -0.2139 -0.3144 -0.3361 -0.3224 -0.0507 0.1707 0.0672 0.0217 -0.0113 -0.0675 -0.2146 -0.3147 -0.3360 -0.3223 -0.0492 0.1707 0.0669 0.0215 -0.0115 -0.0679 -0.2154 -0.3149 -0.3360 -0.3222 -0.0477 0.1707 0.0666 0.0214 -0.0117 -0.0686 -0.2167 -0.3155 -0.3360 -0.3217 -0.0398 0.1706 0.0641 0.0197 -0.0143 -0.0758 -0.2290 -0.3198 -0.3357 -0.3191 -0.0031 0.1394
0.0006 -0.3187 -0.3356 -0.3203 -0.2307 -0.0770 -0.0148 0.0194 0.0636 0.1705 -0.0380 -0.3216 -0.3360 -0.3153 -0.2158 -0.0679 -0.0113 0.0217 0.0673 0.1707 -0.0511 -0.3224 -0.3361 -0.3143 -0.2136 -0.0669 -0.0110 0.0219 0.0676 0.1706 -0.0526 -0.3225 -0.3361 -0.3141 -0.2128 -0.0664 -0.0108 0.0220 0.0679 0.1706 -0.0541 -0.3227 -0.3361 -0.3138 -0.2121 -0.0659 -0.0106 0.0221 0.0686 0.1508 0.0730 0.1508 0.0686 0.0221 -0.0106 -0.0659 -0.2121 -0.3138 -0.3361 -0.3227 -0.0541 0.1706 0.0679 0.0220 -0.0108 -0.0664 -0.2128 -0.3141 -0.3361 -0.3225 -0.0526 0.1706 0.0676 0.0219 -0.0110 -0.0669 -0.2136 -0.3143 -0.3361 -0.3224 -0.0511 0.1707 0.0673 0.0217 -0.0113 -0.0679 -0.2158 -0.3153 -0.3360 -0.3216 -0.0380 0.1705 0.0636 0.0194 -0.0148 -0.0770 -0.2307 -0.3203 -0.3356 -0.3187 0.0006
-0.1777 -0.3354 -0.3207 -0.2324 -0.0783 -0.0153 0.0191 0.0629 0.1704 -0.0351 -0.3215 -0.3360 -0.3155 -0.2158 -0.0675 -0.0111 0.0219 0.0678 0.1706 -0.0543 -0.3227 -0.3361 -0.3137 -0.2118 -0.0658 -0.0105 0.0222 0.0683 0.1706 -0.0561 -0.3228 -0.3361 -0.3135 -0.2110 -0.0654 -0.0103 0.0224 0.0687 0.1705 -0.0575 -0.3229 -0.3361 -0.3132 -0.2102 -0.0649 -0.0101 0.0225 0.0690 0.1697 -0.0645 -0.2669 -0.0645 0.1697 0.0690 0.0225 -0.0101 -0.0649 -0.2102 -0.3132 -0.3361 -0.3229 -0.0575 0.1705 0.0687 0.0224 -0.0103 -0.0654 -0.2110 -0.3135 -0.3361 -0.3228 -0.0561 0.1706 0.0683 0.0222 -0.0105 -0.0658 -0.2118 -0.3137 -0.3361 -0.3227 -0.0543 0.1706 0.0678 0.0219 -0.0111 -0.0675 -0.2158 -0.3155 -0.3360 -0.3215 -0.0351 0.1704 0.0629 0.0191 -0.0153 -0.0783 -0.2324 -0.3207 -0.3354 -0.1777
-0.2079 -0.3213 -0.2338 -0.0796 -0.0158 0.0187 0.0623 0.1702 -0.0317 -0.3212 -0.3360 -0.3158 -0.2167 -0.0679 -0.0111 0.0220 0.0682 0.1706 -0.0570 -0.3229 -0.3361 -0.3131 -0.2100 -0.0648 -0.0101 0.0226 0.0691 0.1704 -0.0594 -0.3231 -0.3361 -0.3128 -0.2092 -0.0643 -0.0099 0.0228 0.0694 0.1704 -0.0609 -0.3232 -0.3361 -0.3126 -0.2084 -0.0639 -0.0097 0.0229 0.0697 0.1703 -0.0653 -0.3249 -0.3358 -0.3249 -0.0653 0.1703 0.0697 0.0229 -0.0097 -0.0639 -0.2084 -0.3126 -0.3361 -0.3232 -0.0609 0.1704 0.0694 0.0228 -0.0099 -0.0643 -0.2092 -0.3128 -0.3361 -0.3231 -0.0594 0.1704 0.0691 0.0226 -0.0101 -0.0648 -0.2100 -0.3131 -0.3361 -0.3229 -0.0570 0.1706 0.0682 0.0220 -0.0111 -0.0679 -0.2167 -0.3158 -0.3360 -0.3212 -0.0317 0.1702 0.0623 0.0187 -0.0158 -0.0796 -0.2338 -0.3213 -0.2079
-0.2149 -0.2373 -0.0806 -0.0163 0.0184 0.0616 0.1701 -0.0280 -0.3209 -0.3360 -0.3163 -0.2181 -0.0686 -0.0113 0.0219 0.0682 0.1705 -0.0587 -0.3231 -0.3361 -0.3126 -0.2083 -0.0637 -0.0096 0.0230 0.0698 0.1703 -0.0628 -0.3233 -0.3361 -0.3122 -0.2074 -0.0633 -0.0094 0.0231 0.0701 0.1702 -0.0642 -0.3235 -0.3361 -0.3119 -0.2066 -0.0629 -0.0092 0.0233 0.0704 0.1701 -0.0656 -0.3239 -0.3376 -0.3352 -0.3376 -0.3239 -0.0656 0.1701 0.0704 0.0233 -0.0092 -0.0629 -0.2066 -0.3119 -0.3361 -0.3235 -0.0642 0.1702 0.0701 0.0231 -0.0094 -0.0633 -0.2074 -0.3122 -0.3361 -0.3233 -0.0628 0.1703 0.0698 0.0230 -0.0096 -0.0637 -0.2083 -0.3126 -0.3361 -0.3231 -0.0587 0.1705 0.0682 0.0219 -0.0113 -0.0686 -0.2181 -0.3163 -0.3360 -0.3209 -0.0280 0.1701 0.0616 0.0184 -0.0163 -0.0806 -0.2373 -0.2149
-0.1716 -0.0844 -0.0170 0.0181 0.0610 0.1699 -0.0243 -0.3207 -0.3359 -0.3169 -0.2197 -0.0695 -0.0117 0.0217 0.0678 0.1706 -0.0587 -0.3232 -0.3361 -0.3122 -0.2068 -0.0629 -0.0092 0.0233 0.0705 0.1701 -0.0661 -0.3236 -0.3361 -0.3116 -0.2055 -0.0623 -0.0089 0.0235 0.0708 0.1700 -0.0675 -0.3237 -0.3360 -0.3113 -0.2047 -0.0619 -0.0088 0.0237 0.0711 0.1699 -0.0689 -0.3238 -0.3350 -0.3116 -0.2739 -0.3116 -0.3350 -0.3238 -0.0689 0.1699 0.0711 0.0237 -0.0088 -0.0619 -0.2047 -0.3113 -0.3360 -0.3237 -0.0675 0.1700 0.0708 0.0235 -0.0089 -0.0623 -0.2055 -0.3116 -0.3361 -0.3236 -0.0661 0.1701 0.0705 0.0233 -0.0092 -0.0629 -0.2068 -0.3122 -0.3361 -0.3232 -0.0587 0.1706 0.0678 0.0217 -0.0117 -0.0695 -0.2197 -0.3169 -0.3359 -0.3207 -0.0243 0.1699 0.0610 0.0181 -0.0170 -0.0844 -0.1716
-0.0848 -0.0161 0.0173 0.0603 0.1696 -0.0205 -0.3204 -0.3359 -0.3174 -0.2215 -0.0706 -0.0122 0.0214 0.0673 0.1706 -0.0570 -0.3231 -0.3361 -0.3120 -0.2059 -0.0623 -0.0088 0.0237 0.0712 0.1699 -0.0694 -0.3239 -0.3360 -0.3109 -0.2037 -0.0613 -0.0085 0.0239 0.0716 0.1697 -0.0708 -0.3240 -0.3360 -0.3106 -0.2029 -0.0609 -0.0083 0.0240 0.0719 0.1696 -0.0722 -0.3241 -0.3360 -0.3065 -0.1975 -0.1101 -0.1975 -0.3065 -0.3360 -0.3241 -0.0722 0.1696 0.0719 0.0240 -0.0083 -0.0609 -0.2029 -0.3106 -0.3360 -0.3240 -0.0708 0.1697 0.0716 0.0239 -0.0085 -0.0613 -0.2037 -0.3109 -0.3360 -0.3239 -0.0694 0.1699 0.0712 0.0237 -0.0088 -0.0623 -0.2059 -0.3120 -0.3361 -0.3231 -0.0570 0.1706 0.0673 0.0214 -0.0122 -0.0706 -0.2215 -0.3174 -0.3359 -0.3204 -0.0205 0.1696 0.0603 0.0173 -0.0161 -0.0848
-0.0369 0.0212 0.0597 0.1694 -0.0166 -0.3201 -0.3359 -0.3180 -0.2232 -0.0718 -0.0126 0.0210 0.0666 0.1707 -0.0543 -0.3229 -0.3361 -0.3122 -0.2059 -0.0620 -0.0086 0.0239 0.0718 0.1696 -0.0724 -0.3241 -0.3360 -0.3102 -0.2018 -0.0604 -0.0080 0.0242 0.0723 0.1694 -0.0741 -0.3242 -0.3360 -0.3100 -0.2010 -0.0600 -0.0078 0.0244 0.0726 0.1693 -0.0754 -0.3243 -0.3360 -0.3097 -0.1933 -0.0535 -0.0154 -0.0535 -0.1933 -0.3097 -0.3360 -0.3243 -0.0754 0.1693 0.0726 0.0244 -0.0078 -0.0600 -0.2010 -0.3100 -0.3360 -0.3242 -0.0741 0.1694 0.0723 0.0242 -0.0080 -0.0604 -0.2018 -0.3102 -0.3360 -0.3241 -0.0724 0.1696 0.0718 0.0239 -0.0086 -0.0620 -0.2059 -0.3122 -0.3361 -0.3229 -0.0543 0.1707 0.0666 0.0210 -0.0126 -0.0718 -0.2232 -0.3180 -0.3359 -0.3201 -0.0166 0.1694 0.0597 0.0212 -0.0369
0.0002 0.0590 0.1691 -0.0128 -0.3198 -0.3358 -0.3185 -0.2249 -0.0729 -0.0131 0.0206 0.0659 0.1707 -0.0511 -0.3227 -0.3361 -0.3126 -0.2068 -0.0623 -0.0086 0.0240 0.0721 0.1694 -0.0750 -0.3243 -0.3360 -0.3096 -0.1999 -0.0595 -0.0076 0.0246 0.0731 0.1691 -0.0773 -0.3245 -0.3360 -0.3093 -0.1991 -0.0591 -0.0074 0.0248 0.0734 0.1689 -0.0786 -0.3246 -0.3360 -0.3091 -0.1985 -0.0578 -0.0026 0.0182 -0.0026 -0.0578 -0.1985 -0.3091 -0.3360 -0.3246 -0.0786 0.1689 0.0734 0.0248 -0.0074 -0.0591 -0.1991 -0.3093 -0.3360 -0.3245 -0.0773 0.1691 0.0731 0.0246 -0.0076 -0.0595 -0.1999 -0.3096 -0.3360 -0.3243 -0.0750 0.1694 0.0721 0.0240 -0.0086 -0.0623 -0.2068 -0.3126 -0.3361 -0.3227 -0.0511 0.1707 0.0659 0.0206 -0.0131 -0.0729 -0.2249 -0.3185 -0.3358 -0.3198 -0.0128 0.1691 0.0590 0.0002
0.0415 0.1688 -0.0089 -0.3195 -0.3358 -0.3190 -0.2266 -0.0741 -0.0136 0.0203 0.0653 0.1707 -0.0477 -0.3224 -0.3361 -0.3131 -0.2083 -0.0629 -0.0088 0.0239 0.0721 0.1693 -0.0766 -0.3245 -0.3360 -0.3090 -0.1981 -0.0585 -0.0071 0.0250 0.0738 0.1687 -0.0805 -0.3247 -0.3360 -0.3086 -0.1972 -0.0581 -0.0070 0.0252 0.0742 0.1685 -0.0818 -0.3248 -0.3359 -0.3083 -0.1966 -0.0580 -0.0067 0.0287 0.0594 0.0287 -0.0067 -0.0580 -0.1966 -0.3083 -0.3359 -0.3248 -0.0818 0.1685 0.0742 0.0252 -0.0070 -0.0581 -0.1972 -0.3086 -0.3360 -0.3247 -0.0805 0.1687 0.0738 0.0250 -0.0071 -0.0585 -0.1981 -0.3089 -0.3360 -0.3245 -0.0766 0.1693 0.0721 0.0239 -0.0088 -0.0629 -0.2083 -0.3131 -0.3361 -0.3224 -0.0477 0.1707 0.0653 0.0203 -0.0136 -0.0741 -0.2266 -0.3190 -0.3358 -0.3195 -0.0089 0.1688 0.0415
0.1394 -0.0049 -0.3193 -0.3357 -0.3195 -0.2283 -0.0753 -0.0141 0.0199 0.0646 0.1706 -0.0441 -0.3222 -0.3361 -0.3137 -0.2100 -0.0637 -0.0092 0.0237 0.0718 0.1694 -0.0766 -0.3246 -0.3360 -0.3085 -0.1967 -0.0578 -0.0067 0.0254 0.0746 0.1683 -0.0836 -0.3250 -0.3359 -0.3079 -0.1953 -0.0572 -0.0065 0.0256 0.0749 0.1681 -0.0850 -0.3251 -0.3359 -0.3076 -0.1945 -0.0569 -0.0065 0.0259 0.0764 0.1277 0.0764 0.0259 -0.0065 -0.0569 -0.1945 -0.3076 -0.3359 -0.3251 -0.0850 0.1681 0.0749 0.0256 -0.0065 -0.0572 -0.1953 -0.3079 -0.3359 -0.3250 -0.0836 0.1683 0.0746 0.0254 -0.0067 -0.0577 -0.1967 -0.3085 -0.3360 -0.3246 -0.0766 0.1694 0.0718 0.0237 -0.0092 -0.0637 -0.2100 -0.3137 -0.3361 -0.3222 -0.0441 0.1706 0.0646 0.0199 -0.0141 -0.0753 -0.2283 -0.3195 -0.3357 -0.3193 -0.0049 0.1394
-0.0006 -0.3188 -0.3356 -0.3200 -0.2300 -0.0765 -0.0146 0.0196 0.0639 0.1706 -0.0406 -0.3219 -0.3360 -0.3143 -0.2118 -0.0648 -0.0096 0.0233 0.0712 0.1696 -0.0750 -0.3245 -0.3360 -0.3083 -0.1957 -0.0572 -0.0064 0.0257 0.0753 0.1678 -0.0868 -0.3252 -0.3359 -0.3072 -0.1934 -0.0564 -0.0061 0.0260 0.0757 0.1675 -0.0881 -0.3253 -0.3359 -0.3069 -0.1926 -0.0560 -0.0059 0.0261 0.0766 0.1561 0.0334 0.1561 0.0766 0.0261 -0.0059 -0.0560 -0.1926 -0.3069 -0.3359 -0.3253 -0.0881 0.1675 0.0757 0.0260 -0.0061 -0.0564 -0.1934 -0.3072 -0.3359 -0.3252 -0.0868 0.1678 0.0753 0.0257 -0.0064 -0.0572 -0.1959 -0.3084 -0.3360 -0.3245 -0.0750 0.1696 0.0712 0.0233 -0.0096 -0.0648 -0.2118 -0.3143 -0.3360 -0.3219 -0.0406 0.1706 0.0639 0.0196 -0.0146 -0.0765 -0.2300 -0.3200 -0.3356 -0.3188 -0.0006
-0.1779 -0.3354 -0.3205 -0.2316 -0.0777 -0.0151 0.0192 0.0632 0.1704 -0.0370 -0.3216 -0.3360 -0.3149 -0.2136 -0.0658 -0.0101 0.0230 0.0705 0.1699 -0.0724 -0.3243 -0.3360 -0.3085 -0.1957 -0.0569 -0.0061 0.0260 0.0759 0.1673 -0.0897 -0.3255 -0.3358 -0.3064 -0.1915 -0.0555 -0.0056 0.0264 0.0765 0.1670 -0.0912 -0.3256 -0.3358 -0.3061 -0.1906 -0.0551 -0.0054 0.0265 0.0769 0.1654 -0.0976 -0.2945 -0.0976 0.1654 0.0769 0.0265 -0.0054 -0.0551 -0.1906 -0.3061 -0.3358 -0.3256 -0.0912 0.1670 0.0765 0.0264 -0.0056 -0.0555 -0.1915 -0.3064 -0.3358 -0.3255 -0.0897 0.1673 0.0759 0.0260 -0.0062 -0.0571 -0.1959 -0.3085 -0.3360 -0.3243 -0.0724 0.1699 0.0705 0.0230 -0.0101 -0.0658 -0.2136 -0.3149 -0.3360 -0.3216 -0.0370 0.1704 0.0632 0.0192 -0.0151 -0.0777 -0.2316 -0.3205 -0.3354 -0.1779
-0.2080 -0.3211 -0.2330 -0.0790 -0.0156 0.0189 0.0626 0.1703 -0.0333 -0.3213 -0.3360 -0.3155 -0.2154 -0.0669 -0.0105 0.0226 0.0698 0.1701 -0.0694 -0.3241 -0.3360 -0.3090 -0.1967 -0.0571 -0.0061 0.0261 0.0763 0.1670 -0.0919 -0.3257 -0.3358 -0.3057 -0.1895 -0.0547 -0.0052 0.0268 0.0773 0.1663 -0.0943 -0.3258 -0.3358 -0.3054 -0.1887 -0.0543 -0.0050 0.0269 0.0776 0.1661 -0.0982 -0.3276 -0.3375 -0.3276 -0.0982 0.1661 0.0776 0.0269 -0.0050 -0.0543 -0.1887 -0.3054 -0.3358 -0.3258 -0.0943 0.1663 0.0773 0.0268 -0.0052 -0.0547 -0.1895 -0.3057 -0.3358 -0.3257 -0.0919 0.1670 0.0762 0.0260 -0.0062 -0.0572 -0.1967 -0.3089 -0.3360 -0.3241 -0.0694 0.1701 0.0698 0.0226 -0.0105 -0.0669 -0.2154 -0.3155 -0.3360 -0.3213 -0.0333 0.1703 0.0626 0.0189 -0.0156 -0.0790 -0.2330 -0.3211 -0.2080
-0.2148 -0.2365 -0.0801 -0.0160 0.0185 0.0619 0.1701 -0.0296 -0.3211 -0.3360 -0.3161 -0.2172 -0.0679 -0.0110 0.0222 0.0691 0.1703 -0.0661 -0.3239 -0.3360 -0.3096 -0.1981 -0.0577 -0.0064 0.0260 0.0762 0.1668 -0.0932 -0.3258 -0.3358 -0.3051 -0.1877 -0.0538 -0.0048 0.0272 0.0781 0.1656 -0.0974 -0.3261 -0.3357 -0.3046 -0.1868 -0.0535 -0.0046 0.0274 0.0785 0.1654 -0.0986 -0.3264 -0.3373 -0.3322 -0.3373 -0.3264 -0.0986 0.1654 0.0785 0.0274 -0.0046 -0.0535 -0.1868 -0.3046 -0.3357 -0.3261 -0.0974 0.1656 0.0781 0.0272 -0.0048 -0.0538 -0.1877 -0.3051 -0.3358 -0.3258 -0.0932 0.1668 0.0762 0.0260 -0.0064 -0.0577 -0.1981 -0.3096 -0.3360 -0.3239 -0.0661 0.1703 0.0691 0.0222 -0.0110 -0.0679 -0.2172 -0.3161 -0.3360 -0.3211 -0.0296 0.1701 0.0619 0.0185 -0.0160 -0.0801 -0.2365 -0.2148
-0.1712 -0.0839 -0.0168 0.0182 0.0613 0.1700 -0.0259 -0.3208 -0.3359 -0.3167 -0.2190 -0.0690 -0.0115 0.0219 0.0683 0.1704 -0.0628 -0.3236 -0.3360 -0.3102 -0.1999 -0.0585 -0.0067 0.0257 0.0759 0.1670 -0.0932 -0.3259 -0.3357 -0.3046 -0.1864 -0.0531 -0.0044 0.0276 0.0789 0.1649 -0.1004 -0.3263 -0.3357 -0.3039 -0.1848 -0.0527 -0.0042 0.0278 0.0793 0.1646 -0.1017 -0.3264 -0.3343 -0.3038 -0.2593 -0.3038 -0.3343 -0.3264 -0.1017 0.1646 0.0793 0.0278 -0.0042 -0.0527 -0.1848 -0.3039 -0.3357 -0.3263 -0.1004 0.1649 0.0789 0.0276 -0.0044 -0.0531 -0.1864 -0.3046 -0.3357 -0.3259 -0.0932 0.1670 0.0759 0.0257 -0.0067 -0.0585 -0.1999 -0.3102 -0.3360 -0.3236 -0.0628 0.1704 0.0683 0.0219 -0.0115 -0.0690 -0.2190 -0.3167 -0.3359 -0.3208 -0.0259 0.1700 0.0613 0.0182 -0.0168 -0.0839 -0.1712
-0.0845 -0.0158 0.0175 0.0606 0.1697 -0.0221 -0.3205 -0.3359 -0.3172 -0.2207 -0.0701 -0.0119 0.0215 0.0676 0.1706 -0.0594 -0.3233 -0.3361 -0.3109 -0.2018 -0.0595 -0.0071 0.0254 0.0753 0.1673 -0.0919 -0.3258 -0.3357 -0.3045 -0.1855 -0.0527 -0.0041 0.0280 0.0797 0.1641 -0.1035 -0.3266 -0.3356 -0.3031 -0.1829 -0.0519 -0.0037 0.0282 0.0801 0.1637 -0.1048 -0.3266 -0.3355 -0.2985 -0.1766 -0.0917 -0.1766 -0.2985 -0.3355 -0.3266 -0.1048 0.1637 0.0801 0.0282 -0.0037 -0.0519 -0.1829 -0.3031 -0.3356 -0.3266 -0.1035 0.1641 0.0797 0.0280 -0.0041 -0.0527 -0.1855 -0.3045 -0.3357 -0.3258 -0.0919 0.1673 0.0753 0.0254 -0.0071 -0.0595 -0.2018 -0.3109 -0.3361 -0.3233 -0.0594 0.1706 0.0676 0.0215 -0.0119 -0.0701 -0.2207 -0.3172 -0.3359 -0.3205 -0.0221 0.1697 0.0606 0.0175 -0.0158 -0.0845
-0.0368 0.0213 0.0600 0.1695 -0.0183 -0.3202 -0.3359 -0.3178 -0.2224 -0.0713 -0.0124 0.0211 0.0669 0.1706 -0.0561 -0.3231 -0.3361 -0.3116 -0.2037 -0.0604 -0.0076 0.0250 0.0746 0.1678 -0.0897 -0.3257 -0.3358 -0.3046 -0.1855 -0.0525 -0.0039 0.0282 0.0803 0.1634 -0.1063 -0.3268 -0.3355 -0.3023 -0.1809 -0.0511 -0.0033 0.0286 0.0810 0.1628 -0.1078 -0.3269 -0.3355 -0.3019 -0.1733 -0.0448 -0.0099 -0.0448 -0.1733 -0.3019 -0.3355 -0.3269 -0.1078 0.1628 0.0810 0.0286 -0.0033 -0.0511 -0.1809 -0.3023 -0.3355 -0.3268 -0.1063 0.1634 0.0803 0.0282 -0.0039 -0.0525 -0.1855 -0.3046 -0.3358 -0.3257 -0.0897 0.1678 0.0746 0.0250 -0.0076 -0.0604 -0.2037 -0.3116 -0.3361 -0.3231 -0.0561 0.1706 0.0669 0.0211 -0.0124 -0.0713 -0.2224 -0.3178 -0.3359 -0.3202 -0.0183 0.1695 0.0600 0.0213 -0.0368
0.0004 0.0593 0.1692 -0.0144 -0.3199 -0.3358 -0.3183 -0.2242 -0.0724 -0.0129 0.0208 0.0662 0.1707 -0.0526 -0.3228 -0.3361 -0.3122 -0.2055 -0.0613 -0.0080 0.0246 0.0738 0.1683 -0.0868 -0.3255 -0.3358 -0.3051 -0.1864 -0.0527 -0.0039 0.0283 0.0807 0.1628 -0.1085 -0.3270 -0.3355 -0.3015 -0.1790 -0.0503 -0.0029 0.0291 0.0818 0.1619 -0.1108 -0.3271 -0.3354 -0.3012 -0.1783 -0.0498 0.0017 0.0222 0.0017 -0.0498 -0.1783 -0.3012 -0.3354 -0.3271 -0.1108 0.1619 0.0818 0.0291 -0.0029 -0.0503 -0.1790 -0.3015 -0.3355 -0.3270 -0.1085 0.1628 0.0807 0.0283 -0.0039 -0.0527 -0.1864 -0.3051 -0.3358 -0.3255 -0.0868 0.1683 0.0738 0.0246 -0.0080 -0.0613 -0.2055 -0.3122 -0.3361 -0.3228 -0.0526 0.1707 0.0662 0.0208 -0.0129 -0.0724 -0.2242 -0.3183 -0.3358 -0.3199 -0.0144 0.1692 0.0593 0.0004
0.0418 0.1689 -0.0105 -0.3197 -0.3358 -0.3188 -0.2259 -0.0736 -0.0134 0.0204 0.0656 0.1707 -0.0492 -0.3225 -0.3361 -0.3128 -0.2074 -0.0623 -0.0085 0.0242 0.0731 0.1687 -0.0836 -0.3252 -0.3358 -0.3057 -0.1877 -0.0531 -0.0041 0.0282 0.0807 0.1626 -0.1097 -0.3271 -0.3354 -0.3008 -0.1771 -0.0496 -0.0025 0.0295 0.0827 0.1609 -0.1138 -0.3273 -0.3353 -0.3003 -0.1763 -0.0495 -0.0022 0.0333 0.0654 0.0333 -0.0022 -0.0495 -0.1763 -0.3003 -0.3353 -0.3273 -0.1138 0.1609 0.0827 0.0295 -0.0025 -0.0496 -0.1771 -0.3008 -0.3354 -0.3271 -0.1097 0.1626 0.0807 0.0282 -0.0041 -0.0531 -0.1877 -0.3057 -0.3358 -0.3252 -0.0836 0.1687 0.0731 0.0242 -0.0085 -0.0623 -0.2074 -0.3128 -0.3361 -0.3225 -0.0492 0.1707 0.0656 0.0204 -0.0134 -0.0736 -0.2259 -0.3188 -0.3358 -0.3197 -0.0105 0.1689 0.0418
0.1395 -0.0065 -0.3194 -0.3357 -0.3193 -0.2276 -0.0748 -0.0139 0.0201 0.0649 0.1707 -0.0457 -0.3223 -0.3361 -0.3135 -0.2092 -0.0633 -0.0089 0.0239 0.0723 0.1691 -0.0805 -0.3250 -0.3359 -0.3064 -0.1895 -0.0538 -0.0044 0.0280 0.0803 0.1628 -0.1097 -0.3272 -0.3354 -0.3003 -0.1757 -0.0490 -0.0021 0.0299 0.0836 0.1598 -0.1168 -0.3276 -0.3352 -0.2995 -0.1742 -0.0486 -0.0020 0.0303 0.0840 0.1407 0.0840 0.0303 -0.0020 -0.0486 -0.1742 -0.2995 -0.3352 -0.3276 -0.1168 0.1598 0.0836 0.0299 -0.0021 -0.0490 -0.1757 -0.3003 -0.3354 -0.3272 -0.1097 0.1628 0.0803 0.0280 -0.0044 -0.0538 -0.1895 -0.3064 -0.3359 -0.3250 -0.0805 0.1691 0.0723 0.0239 -0.0089 -0.0633 -0.2092 -0.3135 -0.3361 -0.3223 -0.0457 0.1707 0.0649 0.0201 -0.0139 -0.0748 -0.2276 -0.3193 -0.3357 -0.3194 -0.0065 0.1395
-0.0018 -0.3190 -0.3357 -0.3198 -0.2293 -0.0760 -0.0144 0.0197 0.0642 0.1706 -0.0421 -0.3220 -0.3360 -0.3141 -0.2110 -0.0643 -0.0094 0.0235 0.0716 0.1694 -0.0773 -0.3247 -0.3359 -0.3072 -0.1915 -0.0547 -0.0048 0.0276 0.0797 0.1634 -0.1085 -0.3271 -0.3354 -0.3001 -0.1749 -0.0485 -0.0018 0.0303 0.0844 0.1586 -0.1198 -0.3278 -0.3351 -0.2986 -0.1722 -0.0478 -0.0015 0.0305 0.0855 0.1557 -0.0100 0.1557 0.0855 0.0305 -0.0015 -0.0478 -0.1722 -0.2986 -0.3351 -0.3278 -0.1198 0.1586 0.0844 0.0303 -0.0018 -0.0485 -0.1749 -0.3001 -0.3354 -0.3271 -0.1085 0.1634 0.0797 0.0276 -0.0048 -0.0547 -0.1915 -0.3072 -0.3359 -0.3247 -0.0773 0.1694 0.0716 0.0235 -0.0094 -0.0643 -0.2110 -0.3141 -0.3360 -0.3220 -0.0421 0.1706 0.0642 0.0197 -0.0144 -0.0760 -0.2293 -0.3198 -0.3357 -0.3190 -0.0018
-0.1781 -0.3354 -0.3203 -0.2309 -0.0772 -0.0149 0.0194 0.0635 0.1705 -0.0385 -0.3217 -0.3360 -0.3147 -0.2128 -0.0654 -0.0099 0.0231 0.0708 0.1697 -0.0741 -0.3245 -0.3360 -0.3079 -0.1934 -0.0555 -0.0052 0.0272 0.0789 0.1641 -0.1063 -0.3270 -0.3354 -0.3003 -0.1749 -0.0484 -0.0016 0.0306 0.0850 0.1575 -0.1226 -0.3280 -0.3350 -0.2978 -0.1702 -0.0471 -0.0011 0.0311 0.0859 0.1548 -0.1290 -0.3191 -0.1290 0.1548 0.0859 0.0311 -0.0011 -0.0471 -0.1702 -0.2978 -0.3350 -0.3280 -0.1226 0.1575 0.0850 0.0306 -0.0016 -0.0484 -0.1749 -0.3003 -0.3354 -0.3270 -0.1063 0.1641 0.0789 0.0272 -0.0052 -0.0555 -0.1934 -0.3079 -0.3360 -0.3245 -0.0741 0.1697 0.0708 0.0231 -0.0099 -0.0654 -0.2128 -0.3147 -0.3360 -0.3217 -0.0385 0.1705 0.0635 0.0194 -0.0149 -0.0772 -0.2309 -0.3203 -0.3354 -0.1781
-0.2081 -0.3209 -0.2324 -0.0785 -0.0154 0.0190 0.0629 0.1704 -0.0349 -0.3215 -0.3360 -0.3153 -0.2146 -0.0664 -0.0103 0.0228 0.0701 0.1700 -0.0708 -0.3242 -0.3360 -0.3086 -0.1953 -0.0564 -0.0056 0.0268 0.0781 0.1649 -0.1035 -0.3268 -0.3355 -0.3008 -0.1757 -0.0485 -0.0016 0.0307 0.0854 0.1568 -0.1248 -0.3282 -0.3349 -0.2969 -0.1682 -0.0465 -0.0006 0.0315 0.0867 0.1555 -0.1294 -0.3300 -0.3387 -0.3300 -0.1294 0.1555 0.0867 0.0315 -0.0006 -0.0465 -0.1682 -0.2969 -0.3349 -0.3282 -0.1248 0.1568 0.0854 0.0307 -0.0016 -0.0485 -0.1757 -0.3008 -0.3355 -0.3268 -0.1035 0.1649 0.0781 0.0268 -0.0056 -0.0564 -0.1953 -0.3086 -0.3360 -0.3242 -0.0708 0.1700 0.0701 0.0228 -0.0103 -0.0664 -0.2146 -0.3153 -0.3360 -0.3215 -0.0349 0.1704 0.0629 0.0190 -0.0154 -0.0785 -0.2324 -0.3209 -0.2081
-0.2148 -0.2359 -0.0795 -0.0158 0.0187 0.0622 0.1702 -0.0312 -0.3212 -0.3360 -0.3158 -0.2164 -0.0675 -0.0108 0.0224 0.0694 0.1702 -0.0675 -0.3240 -0.3360 -0.3093 -0.1972 -0.0572 -0.0061 0.0264 0.0773 0.1656 -0.1004 -0.3266 -0.3355 -0.3015 -0.1771 -0.0490 -0.0018 0.0306 0.0854 0.1565 -0.1261 -0.3283 -0.3349 -0.2961 -0.1664 -0.0458 -0.0002 0.0320 0.0876 0.1541 -0.1301 -0.3287 -0.3363 -0.3282 -0.3363 -0.3287 -0.1301 0.1541 0.0876 0.0320 -0.0002 -0.0458 -0.1664 -0.2961 -0.3349 -0.3283 -0.1261 0.1565 0.0854 0.0306 -0.0018 -0.0490 -0.1771 -0.3015 -0.3355 -0.3266 -0.1004 0.1656 0.0773 0.0264 -0.0061 -0.0572 -0.1972 -0.3093 -0.3360 -0.3240 -0.0675 0.1702 0.0694 0.0224 -0.0108 -0.0675 -0.2164 -0.3158 -0.3360 -0.3212 -0.0312 0.1702 0.0622 0.0187 -0.0158 -0.0795 -0.2359 -0.2148
-0.1709 -0.0833 -0.0166 0.0184 0.0615 0.1700 -0.0275 -0.3209 -0.3360 -0.3164 -0.2182 -0.0686 -0.0113 0.0220 0.0687 0.1704 -0.0642 -0.3237 -0.3360 -0.3100 -0.1991 -0.0581 -0.0065 0.0260 0.0765 0.1663 -0.0974 -0.3263 -0.3356 -0.3023 -0.1790 -0.0496 -0.0021 0.0303 0.0850 0.1568 -0.1261 -0.3284 -0.3348 -0.2956 -0.1650 -0.0452 0.0001 0.0325 0.0886 0.1525 -0.1331 -0.3287 -0.3331 -0.2946 -0.2427 -0.2946 -0.3331 -0.3287 -0.1331 0.1525 0.0886 0.0325 0.0001 -0.0452 -0.1650 -0.2956 -0.3348 -0.3284 -0.1261 0.1568 0.0850 0.0303 -0.0021 -0.0496 -0.1790 -0.3023 -0.3356 -0.3263 -0.0974 0.1663 0.0765 0.0260 -0.0065 -0.0581 -0.1991 -0.3100 -0.3360 -0.3237 -0.0642 0.1704 0.0687 0.0220 -0.0113 -0.0686 -0.2182 -0.3164 -0.3360 -0.3209 -0.0275 0.1700 0.0615 0.0184 -0.0166 -0.0833 -0.1709
-0.0841 -0.0156 0.0176 0.0609 0.1698 -0.0237 -0.3206 -0.3359 -0.3170 -0.2200 -0.0697 -0.0117 0.0217 0.0679 0.1705 -0.0609 -0.3235 -0.3360 -0.3106 -0.2010 -0.0591 -0.0070 0.0256 0.0757 0.1670 -0.0943 -0.3261 -0.3357 -0.3031 -0.1809 -0.0503 -0.0025 0.0299 0.0844 0.1575 -0.1248 -0.3283 -0.3348 -0.2954 -0.1641 -0.0448 0.0004 0.0330 0.0895 0.1509 -0.1361 -0.3290 -0.3345 -0.2891 -0.1553 -0.0758 -0.1553 -0.2891 -0.3345 -0.3290 -0.1361 0.1509 0.0895 0.0330 0.0004 -0.0448 -0.1641 -0.2954 -0.3348 -0.3283 -0.1248 0.1575 0.0844 0.0299 -0.0025 -0.0503 -0.1809 -0.3031 -0.3357 -0.3261 -0.0943 0.1670 0.0757 0.0256 -0.0070 -0.0591 -0.2010 -0.3106 -0.3360 -0.3235 -0.0609 0.1705 0.0679 0.0217 -0.0117 -0.0697 -0.2200 -0.3170 -0.3359 -0.3206 -0.0237 0.1698 0.0609 0.0176 -0.0156 -0.0841
-0.0366 0.0215 0.0602 0.1696 -0.0199 -0.3203 -0.3359 -0.3175 -0.2217 -0.0708 -0.0122 0.0213 0.0672 0.1706 -0.0575 -0.3232 -0.3361 -0.3113 -0.2029 -0.0600 -0.0074 0.0252 0.0749 0.1675 -0.0912 -0.3258 -0.3357 -0.3039 -0.1829 -0.0511 -0.0029 0.0295 0.0836 0.1586 -0.1226 -0.3282 -0.3349 -0.2956 -0.1641 -0.0447 0.0006 0.0332 0.0902 0.1495 -0.1390 -0.3292 -0.3344 -0.2929 -0.1532 -0.0373 -0.0050 -0.0373 -0.1532 -0.2929 -0.3344 -0.3292 -0.1390 0.1495 0.0902 0.0332 0.0006 -0.0447 -0.1641 -0.2956 -0.3349 -0.3282 -0.1226 0.1586 0.0836 0.0295 -0.0029 -0.0511 -0.1829 -0.3039 -0.3357 -0.3258 -0.0912 0.1675 0.0749 0.0252 -0.0074 -0.0600 -0.2029 -0.3113 -0.3361 -0.3232 -0.0575 0.1706 0.0672 0.0213 -0.0122 -0.0708 -0.2217 -0.3175 -0.3359 -0.3203 -0.0199 0.1696 0.0602 0.0215 -0.0366
0.0005 0.0596 0.1693 -0.0161 -0.3201 -0.3358 -0.3181 -0.2234 -0.0719 -0.0127 0.0209 0.0665 0.1707 -0.0541 -0.3229 -0.3361 -0.3119 -0.2047 -0.0609 -0.0078 0.0248 0.0742 0.1681 -0.0881 -0.3256 -0.3358 -0.3046 -0.1848 -0.0519 -0.0033 0.0291 0.0827 0.1598 -0.1198 -0.3280 -0.3349 -0.2961 -0.1650 -0.0448 0.0006 0.0333 0.0906 0.1485 -0.1411 -0.3294 -0.3343 -0.2920 -0.1577 -0.0428 0.0056 0.0264 0.0056 -0.0428 -0.1577 -0.2920 -0.3343 -0.3294 -0.1411 0.1485 0.0906 0.0333 0.0006 -0.0448 -0.1650 -0.2961 -0.3349 -0.3280 -0.1198 0.1598 0.0827 0.0291 -0.0033 -0.0519 -0.1848 -0.3046 -0.3358 -0.3256 -0.0881 0.1681 0.0742 0.0248 -0.0078 -0.0609 -0.2047 -0.3119 -0.3361 -0.3229 -0.0541 0.1707 0.0665 0.0209 -0.0127 -0.0719 -0.2234 -0.3181 -0.3358 -0.3201 -0.0161 0.1693 0.0596 0.0005
0.0420 0.1690 -0.0123 -0.3198 -0.3358 -0.3186 -0.2252 -0.0731 -0.0132 0.0206 0.0658 0.1707 -0.0507 -0.3227 -0.3361 -0.3126 -0.2066 -0.0619 -0.0083 0.0244 0.0734 0.1685 -0.0850 -0.3253 -0.3358 -0.3054 -0.1868 -0.0527 -0.0037 0.0286 0.0818 0.1609 -0.1168 -0.3278 -0.3350 -0.2969 -0.1664 -0.0452 0.0004 0.0332 0.0906 0.1482 -0.1424 -0.3295 -0.3342 -0.2911 -0.1557 -0.0424 0.0020 0.0384 0.0716 0.0384 0.0020 -0.0424 -0.1557 -0.2911 -0.3342 -0.3295 -0.1424 0.1482 0.0906 0.0332 0.0004 -0.0452 -0.1664 -0.2969 -0.3350 -0.3278 -0.1168 0.1609 0.0818 0.0286 -0.0037 -0.0527 -0.1868 -0.3054 -0.3358 -0.3253 -0.0850 0.1685 0.0734 0.0244 -0.0083 -0.0619 -0.2066 -0.3126 -0.3361 -0.3227 -0.0507 0.1707 0.0658 0.0206 -0.0132 -0.0731 -0.2252 -0.3186 -0.3358 -0.3198 -0.0123 0.1690 0.0420
0.1395 -0.0082 -0.3195 -0.3357 -0.3191 -0.2269 -0.0743 -0.0137 0.0202 0.0652 0.1707 -0.0472 -0.3224 -0.3361 -0.3132 -0.2084 -0.0629 -0.0088 0.0240 0.0726 0.1689 -0.0818 -0.3251 -0.3359 -0.3061 -0.1887 -0.0535 -0.0042 0.0282 0.0810 0.1619 -0.1138 -0.3276 -0.3351 -0.2978 -0.1682 -0.0458 0.0001 0.0330 0.0902 0.1485 -0.1424 -0.3295 -0.3341 -0.2905 -0.1542 -0.0416 0.0022 0.0354 0.0923 0.1437 0.0923 0.0354 0.0022 -0.0416 -0.1542 -0.2905 -0.3341 -0.3295 -0.1424 0.1485 0.0902 0.0330 0.0001 -0.0458 -0.1682 -0.2978 -0.3351 -0.3276 -0.1138 0.1619 0.0810 0.0282 -0.0042 -0.0535 -0.1887 -0.3061 -0.3359 -0.3251 -0.0818 0.1689 0.0726 0.0240 -0.0088 -0.0629 -0.2084 -0.3132 -0.3361 -0.3224 -0.0472 0.1707 0.0652 0.0202 -0.0137 -0.0743 -0.2269 -0.3191 -0.3357 -0.3195 -0.0082 0.1395
-0.0030 -0.3191 -0.3357 -0.3196 -0.2285 -0.0755 -0.0142 0.0199 0.0645 0.1706 -0.0436 -0.3221 -0.3361 -0.3138 -0.2102 -0.0639 -0.0092 0.0237 0.0719 0.1693 -0.0786 -0.3248 -0.3359 -0.3069 -0.1906 -0.0543 -0.0046 0.0278 0.0801 0.1628 -0.1108 -0.3273 -0.3352 -0.2986 -0.1702 -0.0465 -0.0002 0.0325 0.0895 0.1495 -0.1411 -0.3295 -0.3341 -0.2903 -0.1534 -0.0413 0.0026 0.0356 0.0958 0.1372 -0.0528 0.1372 0.0958 0.0356 0.0026 -0.0413 -0.1534 -0.2903 -0.3341 -0.3295 -0.1411 0.1495 0.0895 0.0325 -0.0002 -0.0465 -0.1702 -0.2986 -0.3352 -0.3273 -0.1108 0.1628 0.0801 0.0278 -0.0046 -0.0543 -0.1906 -0.3069 -0.3359 -0.3248 -0.0786 0.1693 0.0719 0.0237 -0.0092 -0.0639 -0.2102 -0.3138 -0.3361 -0.3221 -0.0436 0.1706 0.0645 0.0199 -0.0142 -0.0755 -0.2285 -0.3196 -0.3357 -0.3191 -0.0030
-0.1782 -0.3355 -0.3201 -0.2302 -0.0767 -0.0146 0.0195 0.0638 0.1705 -0.0401 -0.3219 -0.3360 -0.3144 -0.2121 -0.0649 -0.0097 0.0233 0.0711 0.1696 -0.0754 -0.3246 -0.3359 -0.3076 -0.1926 -0.0551 -0.0050 0.0274 0.0793 0.1637 -0.1078 -0.3271 -0.3353 -0.2995 -0.1722 -0.0471 -0.0006 0.0320 0.0886 0.1509 -0.1390 -0.3294 -0.3342 -0.2905 -0.1534 -0.0412 0.0027 0.0360 0.0959 0.1365 -0.1601 -0.3223 -0.1601 0.1365 0.0959 0.0360 0.0027 -0.0412 -0.1534 -0.2905 -0.3342 -0.3294 -0.1390 0.1509 0.0886 0.0320 -0.0006 -0.0471 -0.1722 -0.2995 -0.3353 -0.3271 -0.1078 0.1637 0.0793 0.0274 -0.0050 -0.0551 -0.1926 -0.3076 -0.3359 -0.3246 -0.0754 0.1696 0.0711 0.0233 -0.0097 -0.0649 -0.2121 -0.3144 -0.3360 -0.3219 -0.0401 0.1705 0.0638 0.0195 -0.0146 -0.0767 -0.2302 -0.3201 -0.3355 -0.1782
-0.2082 -0.3207 -0.2316 -0.0779 -0.0151 0.0192 0.0631 0.1704 -0.0364 -0.3216 -0.3360 -0.3150 -0.2139 -0.0659 -0.0101 0.0229 0.0704 0.1699 -0.0722 -0.3243 -0.3360 -0.3083 -0.1945 -0.0560 -0.0054 0.0269 0.0785 0.1646 -0.1048 -0.3269 -0.3354 -0.3003 -0.1742 -0.0478 -0.0011 0.0315 0.0876 0.1525 -0.1361 -0.3292 -0.3343 -0.2911 -0.1543 -0.0413 0.0027 0.0361 0.0962 0.1381 -0.1596 -0.3320 -0.3396 -0.3320 -0.1596 0.1380 0.0962 0.0361 0.0027 -0.0413 -0.1542 -0.2911 -0.3343 -0.3292 -0.1361 0.1525 0.0876 0.0315 -0.0011 -0.0478 -0.1742 -0.3003 -0.3354 -0.3269 -0.1048 0.1646 0.0785 0.0269 -0.0054 -0.0560 -0.1945 -0.3083 -0.3360 -0.3243 -0.0722 0.1699 0.0704 0.0229 -0.0101 -0.0659 -0.2139 -0.3150 -0.3360 -0.3216 -0.0364 0.1704 0.0631 0.0192 -0.0151 -0.0779 -0.2316 -0.3207 -0.2082
-0.2147 -0.2351 -0.0790 -0.0156 0.0188 0.0625 0.1703 -0.0328 -0.3213 -0.3360 -0.3156 -0.2157 -0.0670 -0.0106 0.0225 0.0697 0.1701 -0.0689 -0.3241 -0.3360 -0.3090 -0.1964 -0.0569 -0.0059 0.0265 0.0776 0.1653 -0.1017 -0.3267 -0.3355 -0.3011 -0.1761 -0.0485 -0.0015 0.0311 0.0867 0.1540 -0.1331 -0.3290 -0.3344 -0.2919 -0.1557 -0.0417 0.0026 0.0360 0.0962 0.1375 -0.1586 -0.3305 -0.3348 -0.3236 -0.3349 -0.3305 -0.1586 0.1374 0.0962 0.0360 0.0026 -0.0416 -0.1557 -0.2920 -0.3344 -0.3290 -0.1331 0.1541 0.0867 0.0311 -0.0015 -0.0486 -0.1763 -0.3012 -0.3355 -0.3266 -0.1017 0.1654 0.0776 0.0265 -0.0059 -0.0569 -0.1966 -0.3091 -0.3360 -0.3241 -0.0689 0.1701 0.0697 0.0225 -0.0106 -0.0671 -0.2158 -0.3157 -0.3360 -0.3213 -0.0327 0.1703 0.0625 0.0188 -0.0156 -0.0791 -0.2354 -0.2147
-0.1705 -0.0828 -0.0163 0.0185 0.0618 0.1701 -0.0291 -0.3210 -0.3360 -0.3162 -0.2174 -0.0681 -0.0111 0.0222 0.0690 0.1703 -0.0657 -0.3238 -0.3360 -0.3097 -0.1983 -0.0578 -0.0063 0.0261 0.0768 0.1660 -0.0987 -0.3264 -0.3356 -0.3019 -0.1781 -0.0493 -0.0019 0.0306 0.0857 0.1555 -0.1301 -0.3288 -0.3345 -0.2929 -0.1575 -0.0422 0.0023 0.0357 0.0958 0.1378 -0.1589 -0.3305 -0.3315 -0.2851 -0.2259 -0.2846 -0.3315 -0.3304 -0.1586 0.1380 0.0959 0.0356 0.0022 -0.0424 -0.1577 -0.2929 -0.3345 -0.3287 -0.1301 0.1555 0.0859 0.0305 -0.0020 -0.0495 -0.1783 -0.3019 -0.3355 -0.3264 -0.0986 0.1661 0.0769 0.0261 -0.0065 -0.0580 -0.1985 -0.3097 -0.3360 -0.3238 -0.0656 0.1703 0.0690 0.0221 -0.0112 -0.0683 -0.2176 -0.3162 -0.3359 -0.3210 -0.0290 0.1701 0.0618 0.0184 -0.0165 -0.0831 -0.1704
-0.0837 -0.0154 0.0178 0.0612 0.1699 -0.0254 -0.3207 -0.3359 -0.3167 -0.2192 -0.0692 -0.0115 0.0218 0.0682 0.1705 -0.0623 -0.3236 -0.3360 -0.3103 -0.2002 -0.0587 -0.0068 0.0257 0.0760 0.1667 -0.0956 -0.3262 -0.3356 -0.3027 -0.1801 -0.0500 -0.0023 0.0301 0.0848 0.1568 -0.1271 -0.3285 -0.3346 -0.2938 -0.1595 -0.0429 0.0019 0.0353 0.0950 0.1390 -0.1578 -0.3305 -0.3332 -0.2804 -0.1374 -0.0633 -0.1297 -0.2738 -0.3315 -0.3305 -0.1596 0.1365 0.0958 0.0354 0.0020 -0.0428 -0.1532 -0.2891 -0.3331 -0.3287 -0.1294 0.1548 0.0855 0.0303 -0.0022 -0.0498 -0.1733 -0.2985 -0.3343 -0.3264 -0.0982 0.1654 0.0766 0.0259 -0.0067 -0.0578 -0.1933 -0.3065 -0.3350 -0.3239 -0.0653 0.1697 0.0686 0.0219 -0.0115 -0.0675 -0.2124 -0.3133 -0.3351 -0.3212 -0.0289 0.1695 0.0615 0.0179 -0.0152 -0.0798
-0.0364 0.0216 0.0605 0.1697 -0.0216 -0.3205 -0.3359 -0.3173 -0.2210 -0.0703 -0.0120 0.0215 0.0675 0.1706 -0.0590 -0.3233 -0.3361 -0.3110 -0.2021 -0.0596 -0.0072 0.0253 0.0753 0.1673 -0.0925 -0.3259 -0.3357 -0.3035 -0.1820 -0.0508 -0.0027 0.0297 0.0839 0.1581 -0.1241 -0.3283 -0.3348 -0.2947 -0.1615 -0.0435 0.0015 0.0348 0.0940 0.1409 -0.1556 -0.3304 -0.3333 -0.2857 -0.1386 -0.0319 0.0006 -0.0243 -0.1291 -0.2833 -0.3349 -0.3321 -0.1601 0.1372 0.0923 0.0384 0.0056 -0.0373 -0.1553 -0.2946 -0.3363 -0.3300 -0.1290 0.1557 0.0840 0.0333 0.0017 -0.0448 -0.1766 -0.3038 -0.3373 -0.3276 -0.0976 0.1561 0.0764 0.0287 -0.0026 -0.0535 -0.1975 -0.3116 -0.3376 -0.3249 -0.0645 0.1508 0.0695 0.0248 -0.0071 -0.0639 -0.2173 -0.3181 -0.3375 -0.3221 -0.0279 0.1446 0.0632 0.0250 -0.0313
0.0007 0.0598 0.1695 -0.0178 -0.3202 -0.3359 -0.3178 -0.2227 -0.0714 -0.0125 0.0211 0.0668 0.1706 -0.0556 -0.3230 -0.3361 -0.3117 -0.2039 -0.0605 -0.0077 0.0250 0.0745 0.1678 -0.0894 -0.3257 -0.3358 -0.3043 -0.1840 -0.0515 -0.0031 0.0292 0.0831 0.1593 -0.1211 -0.3281 -0.3349 -0.2956 -0.1634 -0.0442 0.0011 0.0343 0.0930 0.1429 -0.1527 -0.3303 -0.3334 -0.2861 -0.1451 -0.0384 0.0119 0.0268 -0.0125 -0.0656 -0.2242 -0.3229 -0.3396 -0.3223 -0.0528 0.1437 0.0716 0.0264 -0.0050 -0.0758 -0.2427 -0.3282 -0.3387 -0.3191 -0.0100 0.1407 0.0654 0.0222 -0.0099 -0.0917 -0.2593 -0.3322 -0.3375 -0.2945 0.0334 0.1277 0.0594 0.0182 -0.0154 -0.1101 -0.2739 -0.3352 -0.3358 -0.2669 0.0730 0.1150 0.0537 0.0147 -0.0218 -0.1306 -0.2866 -0.3375 -0.3339 -0.2429 0.1039 0.1050 0.0492 -0.0032
