0.5062 1.0000 1.0000 1.0000 0.0010 0.0033 0.0103 0.0322 0.1013 0.3183 1.0000 1.0000 1.0000 1.0000 0.0010 0.0033 0.0103 0.0324 0.1019 0.3201 1.0000 1.0000 1.0000 0.0003 0.0011 0.0033 0.0104 0.0326 0.1025 0.3219 1.0000 1.0000 1.0000 0.0003 0.0011 0.0033 0.0104 0.0328 0.1030 0.3238 1.0000 1.0000 1.0000 0.0003 0.0011 0.0033 0.0105 0.0329 0.1050 0.3798 0.9041 0.3798 0.1050 0.0329 0.0105 0.0033 0.0011 0.0003 1.0000 1.0000 1.0000 0.3238 0.1030 0.0328 0.0104 0.0033 0.0011 0.0003 1.0000 1.0000 1.0000 0.3219 0.1025 0.0326 0.0104 0.0033 0.0011 0.0003 1.0000 1.0000 1.0000 0.3201 0.1019 0.0324 0.0103 0.0033 0.0010 1.0000 1.0000 1.0000 1.0000 0.3183 0.1013 0.0322 0.0103 0.0033 0.0010 1.0000 1.0000 1.0000 0.5062
1.0000 1.0000 0.0007 0.0021 0.0067 0.0209 0.0657 0.2067 0.6494 1.0000 1.0000 1.0000 0.0007 0.0021 0.0067 0.0211 0.0662 0.2079 0.6531 1.0000 1.0000 1.0000 0.0007 0.0021 0.0067 0.0212 0.0665 0.2090 0.6569 1.0000 1.0000 1.0000 0.0007 0.0022 0.0068 0.0213 0.0669 0.2102 0.6606 1.0000 1.0000 1.0000 0.0007 0.0022 0.0068 0.0214 0.0673 0.2102 0.6669 1.0000 1.0000 1.0000 0.6669 0.2102 0.0673 0.0214 0.0068 0.0022 0.0007 1.0000 1.0000 1.0000 0.6606 0.2102 0.0669 0.0213 0.0068 0.0022 0.0007 1.0000 1.0000 1.0000 0.6569 0.2090 0.0665 0.0212 0.0067 0.0021 0.0007 1.0000 1.0000 1.0000 0.6531 0.2079 0.0662 0.0211 0.0067 0.0021 0.0007 1.0000 1.0000 1.0000 0.6494 0.2067 0.0657 0.0209 0.0067 0.0021 0.0007 1.0000 1.0000
1.0000 0.0007 0.0019 0.0061 0.0193 0.0606 0.1908 0.5995 1.0000 1.0000 1.0000 0.0006 0.0020 0.0062 0.0194 0.0612 0.1919 0.6041 1.0000 1.0000 1.0000 0.0006 0.0020 0.0062 0.0196 0.0614 0.1934 0.6064 1.0000 1.0000 1.0000 0.0006 0.0020 0.0063 0.0197 0.0619 0.1941 0.6111 1.0000 1.0000 1.0000 0.0006 0.0020 0.0063 0.0198 0.0621 0.1956 0.6111 1.0000 1.0000 1.0000 1.0000 1.0000 0.6111 0.1956 0.0621 0.0198 0.0063 0.0020 0.0006 1.0000 1.0000 1.0000 0.6111 0.1941 0.0619 0.0197 0.0063 0.0020 0.0006 1.0000 1.0000 1.0000 0.6064 0.1934 0.0614 0.0196 0.0062 0.0020 0.0006 1.0000 1.0000 1.0000 0.6041 0.1919 0.0612 0.0194 0.0062 0.0020 0.0006 1.0000 1.0000 1.0000 0.5995 0.1908 0.0606 0.0193 0.0061 0.0019 0.0007 1.0000
1.0000 0.0021 0.0061 0.0197 0.0619 0.1952 0.6134 1.0000 1.0000 1.0000 0.0006 0.0020 0.0064 0.0200 0.0627 0.1971 0.6192 1.0000 1.0000 1.0000 0.0006 0.0020 0.0064 0.0201 0.0631 0.1982 0.6228 1.0000 1.0000 1.0000 0.0007 0.0020 0.0064 0.0202 0.0634 0.1993 0.6264 1.0000 1.0000 1.0000 0.0007 0.0021 0.0065 0.0203 0.0638 0.2005 0.6299 1.0000 1.0000 1.0000 1.0000 1.0000 1.0000 1.0000 0.6299 0.2005 0.0638 0.0203 0.0065 0.0021 0.0007 1.0000 1.0000 1.0000 0.6264 0.1993 0.0634 0.0202 0.0064 0.0020 0.0007 1.0000 1.0000 1.0000 0.6228 0.1982 0.0631 0.0201 0.0064 0.0020 0.0006 1.0000 1.0000 1.0000 0.6192 0.1971 0.0627 0.0200 0.0064 0.0020 0.0006 1.0000 1.0000 1.0000 0.6134 0.1952 0.0619 0.0197 0.0061 0.0021 1.0000
0.0010 0.0067 0.0193 0.0619 0.1952 0.6181 1.0000 1.0000 1.0000 0.0006 0.0020 0.0064 0.0202 0.0634 0.1993 0.6264 1.0000 1.0000 1.0000 0.0007 0.0021 0.0065 0.0203 0.0638 0.2005 0.6299 1.0000 1.0000 1.0000 0.0007 0.0021 0.0065 0.0204 0.0642 0.2016 0.6335 1.0000 1.0000 1.0000 0.0007 0.0021 0.0065 0.0205 0.0645 0.2028 0.6372 1.0000 1.0000 1.0000 0.0008 0.0017 0.0008 1.0000 1.0000 1.0000 0.6372 0.2028 0.0645 0.0205 0.0065 0.0021 0.0007 1.0000 1.0000 1.0000 0.6335 0.2016 0.0642 0.0204 0.0065 0.0021 0.0007 1.0000 1.0000 1.0000 0.6299 0.2005 0.0638 0.0203 0.0065 0.0021 0.0007 1.0000 1.0000 1.0000 0.6264 0.1993 0.0634 0.0202 0.0064 0.0020 0.0006 1.0000 1.0000 1.0000 0.6181 0.1952 0.0619 0.0193 0.0067 0.0010
0.0033 0.0209 0.0606 0.1952 0.6181 1.0000 1.0000 1.0000 0.0007 0.0021 0.0065 0.0205 0.0643 0.2020 0.6347 1.0000 1.0000 1.0000 0.0007 0.0021 0.0065 0.0206 0.0647 0.2032 0.6384 1.0000 1.0000 1.0000 0.0007 0.0021 0.0066 0.0207 0.0650 0.2043 0.6420 1.0000 1.0000 1.0000 0.0007 0.0021 0.0066 0.0208 0.0654 0.2055 0.6457 1.0000 1.0000 1.0000 0.0007 0.0025 0.0055 0.0025 0.0007 1.0000 1.0000 1.0000 0.6457 0.2055 0.0654 0.0208 0.0066 0.0021 0.0007 1.0000 1.0000 1.0000 0.6420 0.2043 0.0650 0.0207 0.0066 0.0021 0.0007 1.0000 1.0000 1.0000 0.6384 0.2032 0.0647 0.0206 0.0065 0.0021 0.0007 1.0000 1.0000 1.0000 0.6347 0.2020 0.0643 0.0205 0.0065 0.0021 0.0007 1.0000 1.0000 1.0000 0.6181 0.1952 0.0606 0.0209 0.0033
0.0103 0.0657 0.1908 0.6134 1.0000 1.0000 1.0000 0.0007 0.0021 0.0066 0.0207 0.0652 0.2047 0.6433 1.0000 1.0000 1.0000 0.0007 0.0021 0.0066 0.0209 0.0655 0.2059 0.6469 1.0000 1.0000 1.0000 0.0007 0.0021 0.0067 0.0210 0.0659 0.2071 0.6506 1.0000 1.0000 1.0000 0.0007 0.0021 0.0067 0.0211 0.0663 0.2083 0.6544 1.0000 1.0000 1.0000 0.0007 0.0022 0.0078 0.0174 0.0078 0.0022 0.0007 1.0000 1.0000 1.0000 0.6544 0.2083 0.0663 0.0211 0.0067 0.0021 0.0007 1.0000 1.0000 1.0000 0.6506 0.2071 0.0659 0.0210 0.0067 0.0021 0.0007 1.0000 1.0000 1.0000 0.6469 0.2059 0.0655 0.0209 0.0066 0.0021 0.0007 1.0000 1.0000 1.0000 0.6433 0.2047 0.0652 0.0207 0.0066 0.0021 0.0007 1.0000 1.0000 1.0000 0.6134 0.1908 0.0657 0.0103
0.0322 0.2067 0.5995 1.0000 1.0000 1.0000 0.0007 0.0021 0.0066 0.0209 0.0658 0.2071 0.6519 1.0000 1.0000 1.0000 0.0007 0.0021 0.0067 0.0211 0.0664 0.2087 0.6556 1.0000 1.0000 1.0000 0.0007 0.0022 0.0068 0.0213 0.0668 0.2098 0.6594 1.0000 1.0000 1.0000 0.0007 0.0022 0.0068 0.0214 0.0672 0.2110 0.6631 1.0000 1.0000 1.0000 0.0007 0.0022 0.0069 0.0248 0.0554 0.0248 0.0069 0.0022 0.0007 1.0000 1.0000 1.0000 0.6631 0.2110 0.0672 0.0214 0.0068 0.0022 0.0007 1.0000 1.0000 1.0000 0.6594 0.2098 0.0668 0.0213 0.0068 0.0022 0.0007 1.0000 1.0000 1.0000 0.6556 0.2087 0.0664 0.0211 0.0067 0.0021 0.0007 1.0000 1.0000 1.0000 0.6519 0.2071 0.0658 0.0209 0.0066 0.0021 0.0007 1.0000 1.0000 1.0000 0.5995 0.2067 0.0322
0.1013 0.6494 1.0000 1.0000 1.0000 0.0007 0.0021 0.0066 0.0210 0.0663 0.2090 0.6581 1.0000 1.0000 1.0000 0.0007 0.0022 0.0068 0.0214 0.0673 0.2114 0.6644 1.0000 1.0000 1.0000 0.0007 0.0022 0.0069 0.0215 0.0677 0.2127 0.6682 1.0000 1.0000 1.0000 0.0007 0.0022 0.0069 0.0217 0.0681 0.2139 0.6720 1.0000 1.0000 1.0000 0.0007 0.0022 0.0069 0.0219 0.0791 0.1765 0.0791 0.0219 0.0069 0.0022 0.0007 1.0000 1.0000 1.0000 0.6720 0.2139 0.0681 0.0217 0.0069 0.0022 0.0007 1.0000 1.0000 1.0000 0.6682 0.2127 0.0677 0.0215 0.0069 0.0022 0.0007 1.0000 1.0000 1.0000 0.6644 0.2114 0.0673 0.0214 0.0068 0.0022 0.0007 1.0000 1.0000 1.0000 0.6581 0.2090 0.0663 0.0210 0.0066 0.0021 0.0007 1.0000 1.0000 1.0000 0.6494 0.1013
0.3183 1.0000 1.0000 1.0000 0.0006 0.0021 0.0066 0.0209 0.0663 0.2098 0.6631 1.0000 1.0000 1.0000 0.0007 0.0022 0.0069 0.0217 0.0682 0.2143 0.6733 1.0000 1.0000 1.0000 0.0007 0.0022 0.0069 0.0218 0.0686 0.2155 0.6771 1.0000 1.0000 1.0000 0.0007 0.0022 0.0070 0.0220 0.0690 0.2167 0.6810 1.0000 1.0000 1.0000 0.0007 0.0022 0.0070 0.0220 0.0696 0.2519 0.5620 0.2519 0.0696 0.0220 0.0070 0.0022 0.0007 1.0000 1.0000 1.0000 0.6810 0.2167 0.0690 0.0220 0.0070 0.0022 0.0007 1.0000 1.0000 1.0000 0.6771 0.2155 0.0686 0.0218 0.0069 0.0022 0.0007 1.0000 1.0000 1.0000 0.6733 0.2143 0.0682 0.0217 0.0069 0.0022 0.0007 1.0000 1.0000 1.0000 0.6631 0.2098 0.0663 0.0209 0.0066 0.0021 0.0006 1.0000 1.0000 1.0000 0.3183
1.0000 1.0000 1.0000 0.0006 0.0020 0.0065 0.0207 0.0658 0.2090 0.6631 1.0000 1.0000 1.0000 0.0007 0.0022 0.0070 0.0220 0.0691 0.2172 0.6823 1.0000 1.0000 1.0000 0.0007 0.0022 0.0070 0.0221 0.0695 0.2184 0.6862 1.0000 1.0000 1.0000 0.0007 0.0023 0.0071 0.0222 0.0699 0.2196 0.6901 1.0000 1.0000 1.0000 0.0007 0.0023 0.0071 0.0224 0.0700 0.2217 0.8020 1.0000 0.8020 0.2217 0.0700 0.0224 0.0071 0.0023 0.0007 1.0000 1.0000 1.0000 0.6901 0.2196 0.0699 0.0222 0.0071 0.0023 0.0007 1.0000 1.0000 1.0000 0.6862 0.2184 0.0695 0.0221 0.0070 0.0022 0.0007 1.0000 1.0000 1.0000 0.6823 0.2172 0.0691 0.0220 0.0070 0.0022 0.0007 1.0000 1.0000 1.0000 0.6631 0.2090 0.0658 0.0207 0.0065 0.0020 0.0006 1.0000 1.0000 1.0000
1.0000 1.0000 0.0006 0.0020 0.0064 0.0205 0.0652 0.2071 0.6581 1.0000 1.0000 1.0000 0.0007 0.0022 0.0071 0.0222 0.0700 0.2201 0.6915 1.0000 1.0000 1.0000 0.0007 0.0023 0.0071 0.0224 0.0704 0.2213 0.6954 1.0000 1.0000 1.0000 0.0007 0.0023 0.0072 0.0225 0.0708 0.2226 0.6994 1.0000 1.0000 1.0000 0.0007 0.0023 0.0072 0.0227 0.0712 0.2230 0.7061 1.0000 1.0000 1.0000 0.7061 0.2230 0.0712 0.0227 0.0072 0.0023 0.0007 1.0000 1.0000 1.0000 0.6994 0.2226 0.0708 0.0225 0.0072 0.0023 0.0007 1.0000 1.0000 1.0000 0.6954 0.2213 0.0704 0.0224 0.0071 0.0023 0.0007 1.0000 1.0000 1.0000 0.6915 0.2201 0.0700 0.0222 0.0071 0.0022 0.0007 1.0000 1.0000 1.0000 0.6581 0.2071 0.0652 0.0205 0.0064 0.0020 0.0006 1.0000 1.0000
1.0000 0.0007 0.0020 0.0064 0.0202 0.0643 0.2047 0.6519 1.0000 1.0000 1.0000 0.0007 0.0023 0.0071 0.0225 0.0707 0.2226 0.7007 1.0000 1.0000 1.0000 0.0007 0.0023 0.0072 0.0227 0.0714 0.2243 0.7047 1.0000 1.0000 1.0000 0.0007 0.0023 0.0073 0.0228 0.0718 0.2256 0.7088 1.0000 1.0000 1.0000 0.0007 0.0023 0.0073 0.0230 0.0722 0.2269 0.7101 1.0000 1.0000 1.0000 1.0000 1.0000 0.7101 0.2269 0.0722 0.0230 0.0073 0.0023 0.0007 1.0000 1.0000 1.0000 0.7088 0.2256 0.0718 0.0228 0.0073 0.0023 0.0007 1.0000 1.0000 1.0000 0.7047 0.2243 0.0714 0.0227 0.0072 0.0023 0.0007 1.0000 1.0000 1.0000 0.7007 0.2226 0.0707 0.0225 0.0071 0.0023 0.0007 1.0000 1.0000 1.0000 0.6519 0.2047 0.0643 0.0202 0.0064 0.0020 0.0007 1.0000
1.0000 0.0021 0.0062 0.0200 0.0634 0.2020 0.6433 1.0000 1.0000 1.0000 0.0007 0.0022 0.0071 0.0225 0.0712 0.2247 0.7074 1.0000 1.0000 1.0000 0.0007 0.0023 0.0073 0.0230 0.0723 0.2273 0.7142 1.0000 1.0000 1.0000 0.0007 0.0023 0.0074 0.0232 0.0728 0.2286 0.7183 1.0000 1.0000 1.0000 0.0008 0.0024 0.0074 0.0233 0.0732 0.2299 0.7224 1.0000 1.0000 1.0000 1.0000 1.0000 1.0000 1.0000 0.7224 0.2299 0.0732 0.0233 0.0074 0.0024 0.0008 1.0000 1.0000 1.0000 0.7183 0.2286 0.0728 0.0232 0.0074 0.0023 0.0007 1.0000 1.0000 1.0000 0.7142 0.2273 0.0723 0.0230 0.0073 0.0023 0.0007 1.0000 1.0000 1.0000 0.7074 0.2247 0.0712 0.0225 0.0071 0.0022 0.0007 1.0000 1.0000 1.0000 0.6433 0.2020 0.0634 0.0200 0.0062 0.0021 1.0000
0.0010 0.0067 0.0194 0.0627 0.1993 0.6347 1.0000 1.0000 1.0000 0.0007 0.0022 0.0071 0.0225 0.0712 0.2256 0.7128 1.0000 1.0000 1.0000 0.0008 0.0024 0.0074 0.0233 0.0733 0.2303 0.7238 1.0000 1.0000 1.0000 0.0008 0.0024 0.0075 0.0235 0.0737 0.2317 0.7279 1.0000 1.0000 1.0000 0.0008 0.0024 0.0075 0.0236 0.0741 0.2330 0.7321 1.0000 1.0000 1.0000 0.0009 0.0020 0.0009 1.0000 1.0000 1.0000 0.7321 0.2330 0.0741 0.0236 0.0075 0.0024 0.0008 1.0000 1.0000 1.0000 0.7279 0.2317 0.0737 0.0235 0.0075 0.0024 0.0008 1.0000 1.0000 1.0000 0.7238 0.2303 0.0733 0.0233 0.0074 0.0024 0.0008 1.0000 1.0000 1.0000 0.7128 0.2256 0.0712 0.0225 0.0071 0.0022 0.0007 1.0000 1.0000 1.0000 0.6347 0.1993 0.0627 0.0194 0.0067 0.0010
0.0033 0.0211 0.0612 0.1971 0.6264 1.0000 1.0000 1.0000 0.0007 0.0022 0.0070 0.0222 0.0707 0.2247 0.7128 1.0000 1.0000 1.0000 0.0008 0.0024 0.0075 0.0236 0.0743 0.2334 0.7335 1.0000 1.0000 1.0000 0.0008 0.0024 0.0076 0.0238 0.0747 0.2348 0.7376 1.0000 1.0000 1.0000 0.0008 0.0024 0.0076 0.0239 0.0751 0.2361 0.7419 1.0000 1.0000 1.0000 0.0008 0.0028 0.0063 0.0028 0.0008 1.0000 1.0000 1.0000 0.7419 0.2361 0.0751 0.0239 0.0076 0.0024 0.0008 1.0000 1.0000 1.0000 0.7376 0.2348 0.0747 0.0238 0.0076 0.0024 0.0008 1.0000 1.0000 1.0000 0.7335 0.2334 0.0743 0.0236 0.0075 0.0024 0.0008 1.0000 1.0000 1.0000 0.7128 0.2247 0.0707 0.0222 0.0070 0.0022 0.0007 1.0000 1.0000 1.0000 0.6264 0.1971 0.0612 0.0211 0.0033
0.0103 0.0662 0.1919 0.6192 1.0000 1.0000 1.0000 0.0007 0.0022 0.0069 0.0220 0.0700 0.2226 0.7074 1.0000 1.0000 1.0000 0.0008 0.0024 0.0076 0.0239 0.0753 0.2366 0.7433 1.0000 1.0000 1.0000 0.0008 0.0024 0.0077 0.0241 0.0757 0.2379 0.7475 1.0000 1.0000 1.0000 0.0008 0.0025 0.0077 0.0242 0.0762 0.2393 0.7518 1.0000 1.0000 1.0000 0.0008 0.0025 0.0090 0.0200 0.0090 0.0025 0.0008 1.0000 1.0000 1.0000 0.7518 0.2393 0.0762 0.0242 0.0077 0.0025 0.0008 1.0000 1.0000 1.0000 0.7475 0.2379 0.0757 0.0241 0.0077 0.0024 0.0008 1.0000 1.0000 1.0000 0.7433 0.2366 0.0753 0.0239 0.0076 0.0024 0.0008 1.0000 1.0000 1.0000 0.7074 0.2226 0.0700 0.0220 0.0069 0.0022 0.0007 1.0000 1.0000 1.0000 0.6192 0.1919 0.0662 0.0103
0.0324 0.2079 0.6041 1.0000 1.0000 1.0000 0.0007 0.0021 0.0068 0.0217 0.0691 0.2201 0.7007 1.0000 1.0000 1.0000 0.0008 0.0024 0.0077 0.0241 0.0760 0.2393 0.7532 1.0000 1.0000 1.0000 0.0008 0.0025 0.0078 0.0244 0.0767 0.2411 0.7576 1.0000 1.0000 1.0000 0.0008 0.0025 0.0078 0.0246 0.0772 0.2425 0.7619 1.0000 1.0000 1.0000 0.0008 0.0025 0.0079 0.0285 0.0637 0.0285 0.0079 0.0025 0.0008 1.0000 1.0000 1.0000 0.7619 0.2425 0.0772 0.0246 0.0078 0.0025 0.0008 1.0000 1.0000 1.0000 0.7576 0.2411 0.0767 0.0244 0.0078 0.0025 0.0008 1.0000 1.0000 1.0000 0.7532 0.2393 0.0760 0.0241 0.0077 0.0024 0.0008 1.0000 1.0000 1.0000 0.7007 0.2201 0.0691 0.0217 0.0068 0.0021 0.0007 1.0000 1.0000 1.0000 0.6041 0.2079 0.0324
0.1019 0.6531 1.0000 1.0000 1.0000 0.0007 0.0021 0.0067 0.0214 0.0682 0.2172 0.6915 1.0000 1.0000 1.0000 0.0008 0.0024 0.0077 0.0242 0.0766 0.2416 0.7604 1.0000 1.0000 1.0000 0.0008 0.0025 0.0079 0.0247 0.0778 0.2443 0.7677 1.0000 1.0000 1.0000 0.0008 0.0025 0.0079 0.0249 0.0782 0.2457 0.7721 1.0000 1.0000 1.0000 0.0008 0.0025 0.0079 0.0251 0.0909 0.2028 0.0909 0.0251 0.0079 0.0025 0.0008 1.0000 1.0000 1.0000 0.7721 0.2457 0.0782 0.0249 0.0079 0.0025 0.0008 1.0000 1.0000 1.0000 0.7677 0.2443 0.0778 0.0247 0.0079 0.0025 0.0008 1.0000 1.0000 1.0000 0.7604 0.2416 0.0766 0.0242 0.0077 0.0024 0.0008 1.0000 1.0000 1.0000 0.6915 0.2172 0.0682 0.0214 0.0067 0.0021 0.0007 1.0000 1.0000 1.0000 0.6531 0.1019
0.3201 1.0000 1.0000 1.0000 0.0007 0.0021 0.0066 0.0211 0.0673 0.2143 0.6823 1.0000 1.0000 1.0000 0.0008 0.0024 0.0076 0.0241 0.0766 0.2425 0.7662 1.0000 1.0000 1.0000 0.0008 0.0025 0.0080 0.0251 0.0788 0.2476 0.7780 1.0000 1.0000 1.0000 0.0008 0.0026 0.0080 0.0252 0.0793 0.2490 0.7824 1.0000 1.0000 1.0000 0.0008 0.0026 0.0081 0.0253 0.0800 0.2894 0.6457 0.2894 0.0800 0.0253 0.0081 0.0026 0.0008 1.0000 1.0000 1.0000 0.7824 0.2490 0.0793 0.0252 0.0080 0.0026 0.0008 1.0000 1.0000 1.0000 0.7780 0.2476 0.0788 0.0251 0.0080 0.0025 0.0008 1.0000 1.0000 1.0000 0.7662 0.2425 0.0766 0.0241 0.0076 0.0024 0.0008 1.0000 1.0000 1.0000 0.6823 0.2143 0.0673 0.0211 0.0066 0.0021 0.0007 1.0000 1.0000 1.0000 0.3201
1.0000 1.0000 1.0000 0.0006 0.0021 0.0065 0.0209 0.0664 0.2114 0.6733 1.0000 1.0000 1.0000 0.0007 0.0024 0.0075 0.0239 0.0760 0.2416 0.7662 1.0000 1.0000 1.0000 0.0008 0.0026 0.0081 0.0254 0.0799 0.2509 0.7884 1.0000 1.0000 1.0000 0.0008 0.0026 0.0081 0.0256 0.0803 0.2524 0.7929 1.0000 1.0000 1.0000 0.0008 0.0026 0.0082 0.0257 0.0805 0.2548 0.9215 1.0000 0.9215 0.2548 0.0805 0.0257 0.0082 0.0026 0.0008 1.0000 1.0000 1.0000 0.7929 0.2524 0.0803 0.0256 0.0081 0.0026 0.0008 1.0000 1.0000 1.0000 0.7884 0.2509 0.0799 0.0254 0.0081 0.0026 0.0008 1.0000 1.0000 1.0000 0.7662 0.2416 0.0760 0.0239 0.0075 0.0024 0.0007 1.0000 1.0000 1.0000 0.6733 0.2114 0.0664 0.0209 0.0065 0.0021 0.0006 1.0000 1.0000 1.0000
1.0000 1.0000 0.0006 0.0020 0.0065 0.0206 0.0655 0.2087 0.6644 1.0000 1.0000 1.0000 0.0007 0.0023 0.0074 0.0236 0.0753 0.2393 0.7604 1.0000 1.0000 1.0000 0.0008 0.0026 0.0082 0.0257 0.0809 0.2543 0.7990 1.0000 1.0000 1.0000 0.0008 0.0026 0.0082 0.0259 0.0814 0.2557 0.8036 1.0000 1.0000 1.0000 0.0008 0.0026 0.0083 0.0261 0.0819 0.2562 0.8112 1.0000 1.0000 1.0000 0.8112 0.2562 0.0819 0.0261 0.0083 0.0026 0.0008 1.0000 1.0000 1.0000 0.8036 0.2557 0.0814 0.0259 0.0082 0.0026 0.0008 1.0000 1.0000 1.0000 0.7990 0.2543 0.0809 0.0257 0.0082 0.0026 0.0008 1.0000 1.0000 1.0000 0.7604 0.2393 0.0753 0.0236 0.0074 0.0023 0.0007 1.0000 1.0000 1.0000 0.6644 0.2087 0.0655 0.0206 0.0065 0.0020 0.0006 1.0000 1.0000
1.0000 0.0007 0.0020 0.0064 0.0203 0.0647 0.2059 0.6556 1.0000 1.0000 1.0000 0.0007 0.0023 0.0073 0.0233 0.0743 0.2366 0.7532 1.0000 1.0000 1.0000 0.0008 0.0026 0.0082 0.0260 0.0817 0.2572 0.8097 1.0000 1.0000 1.0000 0.0008 0.0027 0.0084 0.0263 0.0825 0.2592 0.8143 1.0000 1.0000 1.0000 0.0009 0.0027 0.0084 0.0264 0.0830 0.2606 0.8159 1.0000 1.0000 1.0000 1.0000 1.0000 0.8159 0.2606 0.0830 0.0264 0.0084 0.0027 0.0009 1.0000 1.0000 1.0000 0.8143 0.2592 0.0825 0.0263 0.0084 0.0027 0.0008 1.0000 1.0000 1.0000 0.8097 0.2572 0.0819 0.0260 0.0082 0.0026 0.0008 1.0000 1.0000 1.0000 0.7532 0.2366 0.0743 0.0233 0.0073 0.0023 0.0007 1.0000 1.0000 1.0000 0.6556 0.2059 0.0647 0.0203 0.0064 0.0020 0.0007 1.0000
0.0003 0.0021 0.0062 0.0201 0.0638 0.2032 0.6469 1.0000 1.0000 1.0000 0.0007 0.0023 0.0072 0.0230 0.0733 0.2334 0.7433 1.0000 1.0000 1.0000 0.0008 0.0026 0.0082 0.0261 0.0823 0.2597 0.8174 1.0000 1.0000 1.0000 0.0009 0.0027 0.0085 0.0266 0.0836 0.2626 0.8252 1.0000 1.0000 1.0000 0.0009 0.0027 0.0085 0.0268 0.0841 0.2641 0.8300 1.0000 1.0000 1.0000 1.0000 1.0000 1.0000 1.0000 0.8300 0.2641 0.0841 0.0268 0.0085 0.0027 0.0009 1.0000 1.0000 1.0000 0.8252 0.2626 0.0836 0.0266 0.0085 0.0027 0.0009 1.0000 1.0000 1.0000 0.8174 0.2592 0.0822 0.0261 0.0082 0.0026 0.0008 1.0000 1.0000 1.0000 0.7433 0.2334 0.0733 0.0230 0.0072 0.0023 0.0007 1.0000 1.0000 1.0000 0.6469 0.2032 0.0638 0.0201 0.0062 0.0021 0.0003
0.0011 0.0067 0.0196 0.0631 0.2005 0.6384 1.0000 1.0000 1.0000 0.0007 0.0022 0.0071 0.0227 0.0723 0.2303 0.7335 1.0000 1.0000 1.0000 0.0008 0.0026 0.0082 0.0260 0.0823 0.2606 0.8237 1.0000 1.0000 1.0000 0.0009 0.0027 0.0086 0.0270 0.0847 0.2662 0.8363 1.0000 1.0000 1.0000 0.0009 0.0027 0.0086 0.0271 0.0852 0.2677 0.8411 1.0000 1.0000 1.0000 0.0010 0.0023 0.0010 1.0000 1.0000 1.0000 0.8411 0.2677 0.0852 0.0271 0.0086 0.0027 0.0009 1.0000 1.0000 1.0000 0.8363 0.2662 0.0847 0.0270 0.0086 0.0027 0.0009 1.0000 1.0000 1.0000 0.8221 0.2602 0.0822 0.0260 0.0082 0.0026 0.0008 1.0000 1.0000 1.0000 0.7335 0.2303 0.0723 0.0227 0.0071 0.0022 0.0007 1.0000 1.0000 1.0000 0.6384 0.2005 0.0631 0.0196 0.0067 0.0011
0.0033 0.0212 0.0614 0.1982 0.6299 1.0000 1.0000 1.0000 0.0007 0.0022 0.0070 0.0224 0.0714 0.2273 0.7238 1.0000 1.0000 1.0000 0.0008 0.0025 0.0081 0.0257 0.0817 0.2597 0.8237 1.0000 1.0000 1.0000 0.0009 0.0028 0.0087 0.0273 0.0858 0.2697 0.8475 1.0000 1.0000 1.0000 0.0009 0.0028 0.0087 0.0275 0.0863 0.2713 0.8524 1.0000 1.0000 1.0000 0.0009 0.0032 0.0072 0.0032 0.0009 1.0000 1.0000 1.0000 0.8524 0.2713 0.0863 0.0275 0.0087 0.0028 0.0009 1.0000 1.0000 1.0000 0.8475 0.2697 0.0858 0.0273 0.0087 0.0028 0.0009 1.0000 1.0000 1.0000 0.8221 0.2592 0.0819 0.0257 0.0081 0.0025 0.0008 1.0000 1.0000 1.0000 0.7238 0.2273 0.0714 0.0224 0.0070 0.0022 0.0007 1.0000 1.0000 1.0000 0.6299 0.1982 0.0614 0.0212 0.0033
0.0104 0.0665 0.1934 0.6228 1.0000 1.0000 1.0000 0.0007 0.0022 0.0069 0.0221 0.0704 0.2243 0.7142 1.0000 1.0000 1.0000 0.0008 0.0025 0.0080 0.0254 0.0809 0.2572 0.8190 1.0000 1.0000 1.0000 0.0009 0.0028 0.0088 0.0276 0.0870 0.2733 0.8589 1.0000 1.0000 1.0000 0.0009 0.0028 0.0089 0.0278 0.0875 0.2749 0.8638 1.0000 1.0000 1.0000 0.0009 0.0028 0.0103 0.0230 0.0103 0.0028 0.0009 1.0000 1.0000 1.0000 0.8638 0.2749 0.0875 0.0278 0.0089 0.0028 0.0009 1.0000 1.0000 1.0000 0.8589 0.2733 0.0870 0.0276 0.0088 0.0028 0.0009 1.0000 1.0000 1.0000 0.8174 0.2572 0.0809 0.0254 0.0080 0.0025 0.0008 1.0000 1.0000 1.0000 0.7142 0.2243 0.0704 0.0221 0.0069 0.0022 0.0007 1.0000 1.0000 1.0000 0.6228 0.1934 0.0665 0.0104
0.0326 0.2090 0.6064 1.0000 1.0000 1.0000 0.0007 0.0022 0.0069 0.0218 0.0695 0.2213 0.7047 1.0000 1.0000 1.0000 0.0008 0.0025 0.0079 0.0251 0.0799 0.2543 0.8097 1.0000 1.0000 1.0000 0.0009 0.0028 0.0088 0.0278 0.0878 0.2765 0.8704 1.0000 1.0000 1.0000 0.0009 0.0029 0.0090 0.0282 0.0887 0.2786 0.8754 1.0000 1.0000 1.0000 0.0009 0.0029 0.0091 0.0328 0.0732 0.0328 0.0091 0.0029 0.0009 1.0000 1.0000 1.0000 0.8754 0.2786 0.0887 0.0282 0.0090 0.0029 0.0009 1.0000 1.0000 1.0000 0.8704 0.2765 0.0878 0.0278 0.0088 0.0028 0.0009 1.0000 1.0000 1.0000 0.8097 0.2543 0.0799 0.0251 0.0079 0.0025 0.0008 1.0000 1.0000 1.0000 0.7047 0.2213 0.0695 0.0218 0.0069 0.0022 0.0007 1.0000 1.0000 1.0000 0.6064 0.2090 0.0326
0.1025 0.6569 1.0000 1.0000 1.0000 0.0007 0.0021 0.0068 0.0215 0.0686 0.2184 0.6954 1.0000 1.0000 1.0000 0.0008 0.0024 0.0078 0.0247 0.0788 0.2509 0.7990 1.0000 1.0000 1.0000 0.0009 0.0028 0.0088 0.0280 0.0883 0.2786 0.8787 1.0000 1.0000 1.0000 0.0009 0.0029 0.0091 0.0286 0.0899 0.2823 0.8871 1.0000 1.0000 1.0000 0.0009 0.0029 0.0091 0.0289 0.1044 0.2330 0.1044 0.0289 0.0091 0.0029 0.0009 1.0000 1.0000 1.0000 0.8871 0.2823 0.0899 0.0286 0.0091 0.0029 0.0009 1.0000 1.0000 1.0000 0.8787 0.2786 0.0883 0.0280 0.0088 0.0028 0.0009 1.0000 1.0000 1.0000 0.7990 0.2509 0.0788 0.0247 0.0078 0.0024 0.0008 1.0000 1.0000 1.0000 0.6954 0.2184 0.0686 0.0215 0.0068 0.0021 0.0007 1.0000 1.0000 1.0000 0.6569 0.1025
0.3219 1.0000 1.0000 1.0000 0.0007 0.0021 0.0067 0.0213 0.0677 0.2155 0.6862 1.0000 1.0000 1.0000 0.0008 0.0024 0.0077 0.0244 0.0778 0.2476 0.7884 1.0000 1.0000 1.0000 0.0009 0.0028 0.0088 0.0278 0.0883 0.2797 0.8837 1.0000 1.0000 1.0000 0.0009 0.0029 0.0092 0.0290 0.0911 0.2861 0.8990 1.0000 1.0000 1.0000 0.0009 0.0030 0.0093 0.0290 0.0919 0.3325 0.7419 0.3325 0.0919 0.0290 0.0093 0.0030 0.0009 1.0000 1.0000 1.0000 0.8990 0.2861 0.0911 0.0290 0.0092 0.0029 0.0009 1.0000 1.0000 1.0000 0.8837 0.2797 0.0883 0.0278 0.0088 0.0028 0.0009 1.0000 1.0000 1.0000 0.7884 0.2476 0.0778 0.0244 0.0077 0.0024 0.0008 1.0000 1.0000 1.0000 0.6862 0.2155 0.0677 0.0213 0.0067 0.0021 0.0007 1.0000 1.0000 1.0000 0.3219
1.0000 1.0000 1.0000 0.0007 0.0021 0.0066 0.0210 0.0668 0.2127 0.6771 1.0000 1.0000 1.0000 0.0007 0.0024 0.0076 0.0241 0.0767 0.2443 0.7780 1.0000 1.0000 1.0000 0.0009 0.0027 0.0087 0.0276 0.0878 0.2786 0.8837 1.0000 1.0000 1.0000 0.0009 0.0030 0.0093 0.0294 0.0923 0.2899 0.9110 1.0000 1.0000 1.0000 0.0010 0.0030 0.0094 0.0295 0.0925 0.2927 1.0000 1.0000 1.0000 0.2927 0.0925 0.0295 0.0094 0.0030 0.0010 1.0000 1.0000 1.0000 0.9110 0.2899 0.0923 0.0294 0.0093 0.0030 0.0009 1.0000 1.0000 1.0000 0.8837 0.2786 0.0878 0.0276 0.0087 0.0027 0.0009 1.0000 1.0000 1.0000 0.7780 0.2443 0.0767 0.0241 0.0076 0.0024 0.0007 1.0000 1.0000 1.0000 0.6771 0.2127 0.0668 0.0210 0.0066 0.0021 0.0007 1.0000 1.0000 1.0000
1.0000 1.0000 0.0006 0.0020 0.0065 0.0207 0.0659 0.2098 0.6682 1.0000 1.0000 1.0000 0.0007 0.0023 0.0075 0.0238 0.0757 0.2411 0.7677 1.0000 1.0000 1.0000 0.0008 0.0027 0.0086 0.0273 0.0870 0.2765 0.8787 1.0000 1.0000 1.0000 0.0009 0.0030 0.0094 0.0297 0.0935 0.2938 0.9232 1.0000 1.0000 1.0000 0.0010 0.0030 0.0095 0.0299 0.0940 0.2944 0.9321 1.0000 1.0000 1.0000 0.9321 0.2944 0.0940 0.0299 0.0095 0.0030 0.0010 1.0000 1.0000 1.0000 0.9232 0.2938 0.0935 0.0297 0.0094 0.0030 0.0009 1.0000 1.0000 1.0000 0.8787 0.2765 0.0870 0.0273 0.0086 0.0027 0.0008 1.0000 1.0000 1.0000 0.7677 0.2411 0.0757 0.0238 0.0075 0.0023 0.0007 1.0000 1.0000 1.0000 0.6682 0.2098 0.0659 0.0207 0.0065 0.0020 0.0006 1.0000 1.0000
1.0000 0.0007 0.0020 0.0064 0.0204 0.0650 0.2071 0.6594 1.0000 1.0000 1.0000 0.0007 0.0023 0.0074 0.0235 0.0747 0.2379 0.7576 1.0000 1.0000 1.0000 0.0008 0.0027 0.0085 0.0270 0.0858 0.2733 0.8704 1.0000 1.0000 1.0000 0.0009 0.0030 0.0095 0.0299 0.0944 0.2972 0.9356 1.0000 1.0000 1.0000 0.0010 0.0031 0.0097 0.0303 0.0953 0.2995 0.9374 1.0000 1.0000 1.0000 1.0000 1.0000 0.9374 0.2995 0.0953 0.0303 0.0097 0.0031 0.0010 1.0000 1.0000 1.0000 0.9356 0.2972 0.0944 0.0299 0.0095 0.0030 0.0009 1.0000 1.0000 1.0000 0.8704 0.2733 0.0858 0.0270 0.0085 0.0027 0.0008 1.0000 1.0000 1.0000 0.7576 0.2379 0.0747 0.0235 0.0074 0.0023 0.0007 1.0000 1.0000 1.0000 0.6594 0.2071 0.0650 0.0204 0.0064 0.0020 0.0007 1.0000
0.0003 0.0022 0.0063 0.0202 0.0642 0.2043 0.6506 1.0000 1.0000 1.0000 0.0007 0.0023 0.0073 0.0232 0.0737 0.2348 0.7475 1.0000 1.0000 1.0000 0.0008 0.0026 0.0084 0.0266 0.0847 0.2697 0.8589 1.0000 1.0000 1.0000 0.0009 0.0030 0.0095 0.0300 0.0949 0.2995 0.9445 1.0000 1.0000 1.0000 0.0010 0.0031 0.0098 0.0307 0.0966 0.3035 0.9536 1.0000 1.0000 1.0000 0.0008 1.0000 1.0000 1.0000 0.9536 0.3035 0.0966 0.0307 0.0098 0.0031 0.0010 1.0000 1.0000 1.0000 0.9445 0.2995 0.0949 0.0300 0.0095 0.0030 0.0009 1.0000 1.0000 1.0000 0.8589 0.2697 0.0847 0.0266 0.0084 0.0026 0.0008 1.0000 1.0000 1.0000 0.7475 0.2348 0.0737 0.0232 0.0073 0.0023 0.0007 1.0000 1.0000 1.0000 0.6506 0.2043 0.0642 0.0202 0.0063 0.0022 0.0003
0.0011 0.0068 0.0197 0.0634 0.2016 0.6420 1.0000 1.0000 1.0000 0.0007 0.0023 0.0072 0.0228 0.0728 0.2317 0.7376 1.0000 1.0000 1.0000 0.0008 0.0026 0.0082 0.0263 0.0836 0.2662 0.8475 1.0000 1.0000 1.0000 0.0009 0.0030 0.0094 0.0299 0.0949 0.3006 0.9499 1.0000 1.0000 1.0000 0.0010 0.0032 0.0099 0.0312 0.0979 0.3075 0.9663 1.0000 1.0000 1.0000 0.0012 0.0026 0.0012 1.0000 1.0000 1.0000 0.9663 0.3075 0.0979 0.0312 0.0099 0.0032 0.0010 1.0000 1.0000 1.0000 0.9499 0.3006 0.0949 0.0299 0.0094 0.0030 0.0009 1.0000 1.0000 1.0000 0.8475 0.2662 0.0836 0.0263 0.0082 0.0026 0.0008 1.0000 1.0000 1.0000 0.7376 0.2317 0.0728 0.0228 0.0072 0.0023 0.0007 1.0000 1.0000 1.0000 0.6420 0.2016 0.0634 0.0197 0.0068 0.0011
0.0033 0.0213 0.0619 0.1993 0.6335 1.0000 1.0000 1.0000 0.0007 0.0022 0.0071 0.0225 0.0718 0.2286 0.7279 1.0000 1.0000 1.0000 0.0008 0.0026 0.0081 0.0259 0.0825 0.2626 0.8363 1.0000 1.0000 1.0000 0.0009 0.0029 0.0093 0.0297 0.0944 0.2995 0.9499 1.0000 1.0000 1.0000 0.0010 0.0032 0.0100 0.0316 0.0992 0.3117 0.9793 1.0000 1.0000 1.0000 0.0010 0.0037 0.0083 0.0037 0.0010 1.0000 1.0000 1.0000 0.9793 0.3117 0.0992 0.0316 0.0100 0.0032 0.0010 1.0000 1.0000 1.0000 0.9499 0.2995 0.0944 0.0297 0.0093 0.0029 0.0009 1.0000 1.0000 1.0000 0.8363 0.2626 0.0825 0.0259 0.0081 0.0026 0.0008 1.0000 1.0000 1.0000 0.7279 0.2286 0.0718 0.0225 0.0071 0.0022 0.0007 1.0000 1.0000 1.0000 0.6335 0.1993 0.0619 0.0213 0.0033
0.0104 0.0669 0.1941 0.6264 1.0000 1.0000 1.0000 0.0007 0.0022 0.0070 0.0222 0.0708 0.2256 0.7183 1.0000 1.0000 1.0000 0.0008 0.0025 0.0080 0.0256 0.0814 0.2592 0.8252 1.0000 1.0000 1.0000 0.0009 0.0029 0.0092 0.0294 0.0935 0.2972 0.9445 1.0000 1.0000 1.0000 0.0010 0.0032 0.0101 0.0319 0.1005 0.3158 0.9924 1.0000 1.0000 1.0000 0.0010 0.0033 0.0118 0.0264 0.0118 0.0033 0.0010 1.0000 1.0000 1.0000 0.9924 0.3158 0.1005 0.0319 0.0101 0.0032 0.0010 1.0000 1.0000 1.0000 0.9445 0.2972 0.0935 0.0294 0.0092 0.0029 0.0009 1.0000 1.0000 1.0000 0.8252 0.2592 0.0814 0.0256 0.0080 0.0025 0.0008 1.0000 1.0000 1.0000 0.7183 0.2256 0.0708 0.0222 0.0070 0.0022 0.0007 1.0000 1.0000 1.0000 0.6264 0.1941 0.0669 0.0104
0.0328 0.2102 0.6111 1.0000 1.0000 1.0000 0.0007 0.0022 0.0069 0.0220 0.0699 0.2226 0.7088 1.0000 1.0000 1.0000 0.0008 0.0025 0.0079 0.0252 0.0803 0.2557 0.8143 1.0000 1.0000 1.0000 0.0009 0.0029 0.0091 0.0290 0.0923 0.2938 0.9356 1.0000 1.0000 1.0000 0.0010 0.0032 0.0102 0.0322 0.1015 0.3195 1.0000 1.0000 1.0000 1.0000 0.0011 0.0033 0.0104 0.0377 0.0841 0.0377 0.0104 0.0033 0.0011 1.0000 1.0000 1.0000 1.0000 0.3195 0.1015 0.0322 0.0102 0.0032 0.0010 1.0000 1.0000 1.0000 0.9356 0.2938 0.0923 0.0290 0.0091 0.0029 0.0009 1.0000 1.0000 1.0000 0.8143 0.2557 0.0803 0.0252 0.0079 0.0025 0.0008 1.0000 1.0000 1.0000 0.7088 0.2226 0.0699 0.0220 0.0069 0.0022 0.0007 1.0000 1.0000 1.0000 0.6111 0.2102 0.0328
0.1030 0.6606 1.0000 1.0000 1.0000 0.0007 0.0021 0.0068 0.0217 0.0690 0.2196 0.6994 1.0000 1.0000 1.0000 0.0008 0.0025 0.0078 0.0249 0.0793 0.2524 0.8036 1.0000 1.0000 1.0000 0.0009 0.0028 0.0090 0.0286 0.0911 0.2899 0.9232 1.0000 1.0000 1.0000 0.0010 0.0032 0.0102 0.0323 0.1021 0.3219 1.0000 1.0000 1.0000 1.0000 0.0011 0.0033 0.0105 0.0332 0.1200 0.2677 0.1200 0.0332 0.0105 0.0033 0.0011 1.0000 1.0000 1.0000 1.0000 0.3219 0.1021 0.0323 0.0102 0.0032 0.0010 1.0000 1.0000 1.0000 0.9232 0.2899 0.0911 0.0286 0.0090 0.0028 0.0009 1.0000 1.0000 1.0000 0.8036 0.2524 0.0793 0.0249 0.0078 0.0025 0.0008 1.0000 1.0000 1.0000 0.6994 0.2196 0.0690 0.0217 0.0068 0.0021 0.0007 1.0000 1.0000 1.0000 0.6606 0.1030
0.3238 1.0000 1.0000 1.0000 0.0007 0.0021 0.0067 0.0214 0.0681 0.2167 0.6901 1.0000 1.0000 1.0000 0.0008 0.0024 0.0077 0.0246 0.0782 0.2490 0.7929 1.0000 1.0000 1.0000 0.0009 0.0028 0.0089 0.0282 0.0899 0.2861 0.9110 1.0000 1.0000 1.0000 0.0010 0.0032 0.0101 0.0322 0.1021 0.3231 1.0000 1.0000 1.0000 1.0000 0.0011 0.0034 0.0107 0.0334 0.1056 0.3820 0.8524 0.3820 0.1056 0.0334 0.0107 0.0034 0.0011 1.0000 1.0000 1.0000 1.0000 0.3231 0.1021 0.0322 0.0101 0.0032 0.0010 1.0000 1.0000 1.0000 0.9110 0.2861 0.0899 0.0282 0.0089 0.0028 0.0009 1.0000 1.0000 1.0000 0.7929 0.2490 0.0782 0.0246 0.0077 0.0024 0.0008 1.0000 1.0000 1.0000 0.6901 0.2167 0.0681 0.0214 0.0067 0.0021 0.0007 1.0000 1.0000 1.0000 0.3238
1.0000 1.0000 1.0000 0.0007 0.0021 0.0066 0.0211 0.0672 0.2139 0.6810 1.0000 1.0000 1.0000 0.0008 0.0024 0.0076 0.0242 0.0772 0.2457 0.7824 1.0000 1.0000 1.0000 0.0009 0.0027 0.0087 0.0278 0.0887 0.2823 0.8990 1.0000 1.0000 1.0000 0.0010 0.0032 0.0100 0.0319 0.1015 0.3219 1.0000 1.0000 1.0000 1.0000 0.0011 0.0034 0.0108 0.0339 0.1062 0.3363 1.0000 1.0000 1.0000 0.3363 0.1062 0.0339 0.0108 0.0034 0.0011 1.0000 1.0000 1.0000 1.0000 0.3219 0.1015 0.0319 0.0100 0.0032 0.0010 1.0000 1.0000 1.0000 0.8990 0.2823 0.0887 0.0278 0.0087 0.0027 0.0009 1.0000 1.0000 1.0000 0.7824 0.2457 0.0772 0.0242 0.0076 0.0024 0.0008 1.0000 1.0000 1.0000 0.6810 0.2139 0.0672 0.0211 0.0066 0.0021 0.0007 1.0000 1.0000 1.0000
1.0000 1.0000 0.0006 0.0021 0.0065 0.0208 0.0663 0.2110 0.6720 1.0000 1.0000 1.0000 0.0007 0.0024 0.0075 0.0239 0.0762 0.2425 0.7721 1.0000 1.0000 1.0000 0.0009 0.0027 0.0086 0.0275 0.0875 0.2786 0.8871 1.0000 1.0000 1.0000 0.0010 0.0031 0.0099 0.0316 0.1005 0.3195 1.0000 1.0000 1.0000 1.0000 0.0011 0.0035 0.0109 0.0343 0.1081 0.3389 1.0000 1.0000 1.0000 1.0000 1.0000 0.3389 0.1081 0.0343 0.0109 0.0035 0.0011 1.0000 1.0000 1.0000 1.0000 0.3195 0.1005 0.0316 0.0099 0.0031 0.0010 1.0000 1.0000 1.0000 0.8871 0.2786 0.0875 0.0275 0.0086 0.0027 0.0009 1.0000 1.0000 1.0000 0.7721 0.2425 0.0762 0.0239 0.0075 0.0024 0.0007 1.0000 1.0000 1.0000 0.6720 0.2110 0.0663 0.0208 0.0065 0.0021 0.0006 1.0000 1.0000
1.0000 0.0007 0.0020 0.0065 0.0205 0.0654 0.2083 0.6631 1.0000 1.0000 1.0000 0.0007 0.0023 0.0074 0.0236 0.0751 0.2393 0.7619 1.0000 1.0000 1.0000 0.0008 0.0027 0.0085 0.0271 0.0863 0.2749 0.8754 1.0000 1.0000 1.0000 0.0010 0.0031 0.0098 0.0312 0.0992 0.3158 1.0000 1.0000 1.0000 1.0000 0.0011 0.0035 0.0110 0.0346 0.1091 0.3441 1.0000 1.0000 1.0000 1.0000 1.0000 1.0000 1.0000 0.3441 0.1091 0.0346 0.0110 0.0035 0.0011 1.0000 1.0000 1.0000 1.0000 0.3158 0.0992 0.0312 0.0098 0.0031 0.0010 1.0000 1.0000 1.0000 0.8754 0.2749 0.0863 0.0271 0.0085 0.0027 0.0008 1.0000 1.0000 1.0000 0.7619 0.2393 0.0751 0.0236 0.0074 0.0023 0.0007 1.0000 1.0000 1.0000 0.6631 0.2083 0.0654 0.0205 0.0065 0.0020 0.0007 1.0000
0.0003 0.0022 0.0063 0.0203 0.0645 0.2055 0.6544 1.0000 1.0000 1.0000 0.0007 0.0023 0.0073 0.0233 0.0741 0.2361 0.7518 1.0000 1.0000 1.0000 0.0008 0.0026 0.0084 0.0268 0.0852 0.2713 0.8638 1.0000 1.0000 1.0000 0.0010 0.0030 0.0097 0.0307 0.0979 0.3117 0.9924 1.0000 1.0000 1.0000 0.0011 0.0035 0.0110 0.0347 0.1097 0.3460 1.0000 1.0000 1.0000 1.0000 0.0009 1.0000 1.0000 1.0000 1.0000 0.3460 0.1097 0.0347 0.0110 0.0035 0.0011 1.0000 1.0000 1.0000 0.9924 0.3117 0.0979 0.0307 0.0097 0.0030 0.0010 1.0000 1.0000 1.0000 0.8638 0.2713 0.0852 0.0268 0.0084 0.0026 0.0008 1.0000 1.0000 1.0000 0.7518 0.2361 0.0741 0.0233 0.0073 0.0023 0.0007 1.0000 1.0000 1.0000 0.6544 0.2055 0.0645 0.0203 0.0063 0.0022 0.0003
0.0011 0.0068 0.0198 0.0638 0.2028 0.6457 1.0000 1.0000 1.0000 0.0007 0.0023 0.0072 0.0230 0.0732 0.2330 0.7419 1.0000 1.0000 1.0000 0.0008 0.0026 0.0083 0.0264 0.0841 0.2677 0.8524 1.0000 1.0000 1.0000 0.0009 0.0030 0.0095 0.0303 0.0966 0.3075 0.9793 1.0000 1.0000 1.0000 0.0011 0.0034 0.0109 0.0346 0.1097 0.3474 1.0000 1.0000 1.0000 1.0000 0.0013 0.0030 0.0013 1.0000 1.0000 1.0000 1.0000 0.3474 0.1097 0.0346 0.0109 0.0034 0.0011 1.0000 1.0000 1.0000 0.9793 0.3075 0.0966 0.0303 0.0095 0.0030 0.0009 1.0000 1.0000 1.0000 0.8524 0.2677 0.0841 0.0264 0.0083 0.0026 0.0008 1.0000 1.0000 1.0000 0.7419 0.2330 0.0732 0.0230 0.0072 0.0023 0.0007 1.0000 1.0000 1.0000 0.6457 0.2028 0.0638 0.0198 0.0068 0.0011
0.0033 0.0214 0.0621 0.2005 0.6372 1.0000 1.0000 1.0000 0.0007 0.0022 0.0071 0.0227 0.0722 0.2299 0.7321 1.0000 1.0000 1.0000 0.0008 0.0026 0.0082 0.0261 0.0830 0.2641 0.8411 1.0000 1.0000 1.0000 0.0009 0.0030 0.0094 0.0299 0.0953 0.3035 0.9663 1.0000 1.0000 1.0000 0.0011 0.0034 0.0108 0.0343 0.1091 0.3460 1.0000 1.0000 1.0000 1.0000 0.0012 0.0042 0.0095 0.0042 0.0012 1.0000 1.0000 1.0000 1.0000 0.3460 0.1091 0.0343 0.0108 0.0034 0.0011 1.0000 1.0000 1.0000 0.9663 0.3035 0.0953 0.0299 0.0094 0.0030 0.0009 1.0000 1.0000 1.0000 0.8411 0.2641 0.0830 0.0261 0.0082 0.0026 0.0008 1.0000 1.0000 1.0000 0.7321 0.2299 0.0722 0.0227 0.0071 0.0022 0.0007 1.0000 1.0000 1.0000 0.6372 0.2005 0.0621 0.0214 0.0033
0.0105 0.0673 0.1956 0.6299 1.0000 1.0000 1.0000 0.0007 0.0022 0.0070 0.0224 0.0712 0.2269 0.7224 1.0000 1.0000 1.0000 0.0008 0.0025 0.0081 0.0257 0.0819 0.2606 0.8300 1.0000 1.0000 1.0000 0.0009 0.0029 0.0093 0.0295 0.0940 0.2995 0.9536 1.0000 1.0000 1.0000 0.0011 0.0033 0.0107 0.0339 0.1081 0.3434 1.0000 1.0000 1.0000 1.0000 0.0012 0.0037 0.0135 0.0301 0.0135 0.0037 0.0012 1.0000 1.0000 1.0000 1.0000 0.3441 0.1081 0.0339 0.0107 0.0033 0.0011 1.0000 1.0000 1.0000 0.9536 0.2995 0.0940 0.0295 0.0093 0.0029 0.0009 1.0000 1.0000 1.0000 0.8300 0.2606 0.0819 0.0257 0.0081 0.0025 0.0008 1.0000 1.0000 1.0000 0.7224 0.2269 0.0712 0.0224 0.0070 0.0022 0.0007 1.0000 1.0000 1.0000 0.6299 0.1956 0.0673 0.0105
0.0330 0.2114 0.6134 1.0000 1.0000 1.0000 0.0007 0.0022 0.0069 0.0221 0.0703 0.2239 0.7128 1.0000 1.0000 1.0000 0.0008 0.0025 0.0080 0.0254 0.0808 0.2572 0.8190 1.0000 1.0000 1.0000 0.0009 0.0029 0.0092 0.0291 0.0928 0.2955 0.9410 1.0000 1.0000 1.0000 0.0010 0.0033 0.0105 0.0335 0.1066 0.3395 1.0000 1.0000 1.0000 1.0000 0.0012 0.0037 0.0118 0.0427 0.0955 0.0426 0.0117 0.0037 0.0012 1.0000 1.0000 1.0000 1.0000 0.3389 0.1062 0.0334 0.0105 0.0033 0.0010 1.0000 1.0000 1.0000 0.9374 0.2944 0.0925 0.0290 0.0091 0.0029 0.0009 1.0000 1.0000 1.0000 0.8159 0.2562 0.0805 0.0253 0.0079 0.0025 0.0008 1.0000 1.0000 1.0000 0.7101 0.2230 0.0700 0.0220 0.0069 0.0022 0.0007 1.0000 1.0000 1.0000 0.6111 0.2102 0.0329
0.1036 0.6644 1.0000 1.0000 1.0000 0.0007 0.0021 0.0068 0.0218 0.0694 0.2209 0.7034 1.0000 1.0000 1.0000 0.0008 0.0025 0.0079 0.0250 0.0797 0.2538 0.8082 1.0000 1.0000 1.0000 0.0009 0.0028 0.0090 0.0288 0.0916 0.2916 0.9285 1.0000 1.0000 1.0000 0.0010 0.0033 0.0104 0.0330 0.1052 0.3350 1.0000 1.0000 1.0000 1.0000 0.0012 0.0037 0.0117 0.0372 0.1350 0.3041 0.1371 0.0372 0.0117 0.0037 0.0012 1.0000 1.0000 1.0000 1.0000 0.3363 0.1056 0.0332 0.0104 0.0033 0.0010 1.0000 1.0000 1.0000 0.9321 0.2927 0.0919 0.0289 0.0091 0.0028 0.0009 1.0000 1.0000 1.0000 0.8112 0.2548 0.0800 0.0251 0.0079 0.0025 0.0008 1.0000 1.0000 1.0000 0.7061 0.2217 0.0696 0.0219 0.0069 0.0022 0.0007 1.0000 1.0000 1.0000 0.6669 0.1050
0.3256 1.0000 1.0000 1.0000 0.0007 0.0021 0.0068 0.0215 0.0685 0.2180 0.6941 1.0000 1.0000 1.0000 0.0008 0.0024 0.0078 0.0247 0.0787 0.2504 0.7975 1.0000 1.0000 1.0000 0.0009 0.0028 0.0089 0.0284 0.0904 0.2877 0.9162 1.0000 1.0000 1.0000 0.0010 0.0032 0.0102 0.0326 0.1038 0.3306 1.0000 1.0000 1.0000 1.0000 0.0012 0.0037 0.0117 0.0370 0.1170 0.4257 1.0000 0.5208 0.1397 0.0425 0.0135 0.0043 0.0013 1.0000 1.0000 1.0000 1.0000 0.3820 0.1200 0.0377 0.0118 0.0037 0.0012 1.0000 1.0000 1.0000 1.0000 0.3325 0.1044 0.0328 0.0103 0.0032 0.0010 1.0000 1.0000 1.0000 0.9215 0.2894 0.0909 0.0285 0.0090 0.0028 0.0009 1.0000 1.0000 1.0000 0.8020 0.2519 0.0791 0.0248 0.0078 0.0025 0.0008 1.0000 1.0000 1.0000 0.3798
1.0000 1.0000 1.0000 0.0007 0.0021 0.0067 0.0212 0.0676 0.2151 0.6849 1.0000 1.0000 1.0000 0.0008 0.0024 0.0077 0.0244 0.0776 0.2471 0.7869 1.0000 1.0000 1.0000 0.0009 0.0028 0.0088 0.0280 0.0892 0.2839 0.9041 1.0000 1.0000 1.0000 0.0010 0.0032 0.0101 0.0322 0.1025 0.3262 1.0000 1.0000 1.0000 1.0000 0.0011 0.0036 0.0116 0.0370 0.1159 0.3678 1.0000 1.0000 0.7183 0.3018 0.0979 0.0301 0.0095 0.0030 0.0009 1.0000 1.0000 1.0000 0.8524 0.2677 0.0841 0.0264 0.0083 0.0026 0.0008 1.0000 1.0000 1.0000 0.7419 0.2330 0.0732 0.0230 0.0072 0.0023 1.0000 1.0000 1.0000 1.0000 0.6457 0.2028 0.0637 0.0200 0.0063 0.0020 1.0000 1.0000 1.0000 1.0000 0.5620 0.1765 0.0554 0.0174 0.0055 0.0017 1.0000 1.0000 1.0000 0.9041
1.0000 1.0000 0.0006 0.0021 0.0066 0.0209 0.0667 0.2123 0.6759 1.0000 1.0000 1.0000 0.0007 0.0024 0.0076 0.0241 0.0766 0.2439 0.7765 1.0000 1.0000 1.0000 0.0009 0.0027 0.0087 0.0276 0.0880 0.2802 0.8922 1.0000 1.0000 1.0000 0.0010 0.0031 0.0100 0.0317 0.1011 0.3219 1.0000 1.0000 1.0000 1.0000 0.0011 0.0036 0.0115 0.0365 0.1159 0.3650 1.0000 1.0000 1.0000 0.0960 0.1270 0.0452 0.0135 0.0042 0.0013 1.0000 1.0000 1.0000 1.0000 0.3820 0.1200 0.0377 0.0118 0.0037 0.0012 1.0000 1.0000 1.0000 1.0000 0.3325 0.1044 0.0328 0.0103 0.0032 0.0010 1.0000 1.0000 1.0000 0.9215 0.2894 0.0909 0.0285 0.0090 0.0028 0.0009 1.0000 1.0000 1.0000 0.8020 0.2519 0.0791 0.0248 0.0078 0.0025 0.0008 1.0000 1.0000 1.0000 0.3798
1.0000 0.0007 0.0020 0.0065 0.0206 0.0655 0.2087 0.6644 1.0000 1.0000 1.0000 0.0007 0.0023 0.0074 0.0236 0.0753 0.2397 0.7633 1.0000 1.0000 1.0000 0.0008 0.0027 0.0085 0.0272 0.0865 0.2754 0.8770 1.0000 1.0000 1.0000 0.0010 0.0031 0.0098 0.0312 0.0994 0.3164 1.0000 1.0000 1.0000 1.0000 0.0011 0.0035 0.0113 0.0359 0.1142 0.3636 1.0000 1.0000 1.0000 1.0000 0.0059 0.0359 0.0136 0.0037 0.0012 1.0000 1.0000 1.0000 1.0000 0.3363 0.1056 0.0332 0.0104 0.0033 0.0010 1.0000 1.0000 1.0000 0.9321 0.2927 0.0919 0.0289 0.0091 0.0028 0.0009 1.0000 1.0000 1.0000 0.8112 0.2548 0.0800 0.0251 0.0079 0.0025 0.0008 1.0000 1.0000 1.0000 0.7061 0.2217 0.0696 0.0219 0.0069 0.0022 0.0007 1.0000 1.0000 1.0000 0.6669 0.1050
0.0003 0.0022 0.0064 0.0205 0.0652 0.2075 0.6606 1.0000 1.0000 1.0000 0.0007 0.0023 0.0074 0.0235 0.0749 0.2384 0.7590 1.0000 1.0000 1.0000 0.0008 0.0027 0.0085 0.0270 0.0860 0.2739 0.8720 1.0000 1.0000 1.0000 0.0010 0.0031 0.0097 0.0310 0.0988 0.3146 1.0000 1.0000 1.0000 1.0000 0.0011 0.0035 0.0112 0.0357 0.1135 0.3615 1.0000 1.0000 1.0000 1.0000 0.0007 0.0114 0.0167 0.0037 0.0012 1.0000 1.0000 1.0000 1.0000 0.3389 0.1062 0.0334 0.0105 0.0033 0.0010 1.0000 1.0000 1.0000 0.9374 0.2944 0.0925 0.0290 0.0091 0.0029 0.0009 1.0000 1.0000 1.0000 0.8159 0.2562 0.0805 0.0253 0.0079 0.0025 0.0008 1.0000 1.0000 1.0000 0.7101 0.2230 0.0700 0.0220 0.0069 0.0022 0.0007 1.0000 1.0000 1.0000 0.6111 0.2102 0.0329
0.0012 0.0080 0.0231 0.0744 0.2357 0.7504 1.0000 1.0000 1.0000 0.0008 0.0026 0.0084 0.0267 0.0850 0.2708 0.8621 1.0000 1.0000 1.0000 0.0010 0.0030 0.0096 0.0307 0.0977 0.3111 0.9905 1.0000 1.0000 1.0000 0.0011 0.0035 0.0111 0.0353 0.1122 0.3574 1.0000 1.0000 1.0000 1.0000 0.0013 0.0040 0.0127 0.0406 0.1292 0.4114 1.0000 1.0000 1.0000 1.0000 0.0014 0.0050 0.0139 0.0043 0.0011 1.0000 1.0000 1.0000 1.0000 0.3441 0.1081 0.0339 0.0107 0.0033 0.0011 1.0000 1.0000 1.0000 0.9536 0.2995 0.0940 0.0295 0.0093 0.0029 0.0009 1.0000 1.0000 1.0000 0.8300 0.2606 0.0819 0.0257 0.0081 0.0025 0.0008 1.0000 1.0000 1.0000 0.7224 0.2269 0.0712 0.0224 0.0070 0.0022 0.0007 1.0000 1.0000 1.0000 0.6299 0.1956 0.0673 0.0105
0.0030 0.0179 0.0517 0.1654 0.5248 1.0000 1.0000 1.0000 1.0000 0.0018 0.0059 0.0187 0.0595 0.1894 0.6030 1.0000 1.0000 1.0000 1.0000 0.0021 0.0067 0.0215 0.0683 0.2176 0.6928 1.0000 1.0000 1.0000 1.0000 0.0024 0.0077 0.0247 0.0785 0.2500 0.7960 1.0000 1.0000 1.0000 0.0009 0.0028 0.0089 0.0282 0.0897 0.2845 0.9041 1.0000 1.0000 1.0000 0.0010 0.0033 0.0092 0.0051 0.0012 1.0000 1.0000 1.0000 1.0000 0.3460 0.1091 0.0343 0.0108 0.0034 0.0011 1.0000 1.0000 1.0000 0.9663 0.3035 0.0953 0.0299 0.0094 0.0030 0.0009 1.0000 1.0000 1.0000 0.8411 0.2641 0.0830 0.0261 0.0082 0.0026 0.0008 1.0000 1.0000 1.0000 0.7321 0.2299 0.0722 0.0227 0.0071 0.0022 0.0007 1.0000 1.0000 1.0000 0.6372 0.2005 0.0621 0.0214 0.0033
