0.0057 0.0385 0.1101 0.3500 1.0000 1.0000 1.0000 0.0004 0.0011 0.0036 0.0113 0.0356 0.1118 0.3513 1.0000 1.0000 1.0000 0.0004 0.0012 0.0036 0.0114 0.0358 0.1125 0.3534 1.0000 1.0000 1.0000 0.0004 0.0012 0.0036 0.0115 0.0360 0.1131 0.3554 1.0000 1.0000 1.0000 0.0004 0.0012 0.0037 0.0115 0.0362 0.1137 0.3574 1.0000 1.0000 1.0000 0.0004 0.0012 0.0043 0.0102 0.0043 0.0012 0.0004 1.0000 1.0000 1.0000 0.3574 0.1137 0.0362 0.0115 0.0037 0.0012 0.0004 1.0000 1.0000 1.0000 0.3554 0.1131 0.0360 0.0115 0.0036 0.0012 0.0004 1.0000 1.0000 1.0000 0.3534 0.1125 0.0358 0.0114 0.0036 0.0012 0.0004 1.0000 1.0000 1.0000 0.3513 0.1118 0.0356 0.0113 0.0036 0.0011 0.0004 1.0000 1.0000 1.0000 0.3500 0.1101 0.0385 0.0057
0.0385 0.2490 0.7007 1.0000 1.0000 1.0000 0.0007 0.0023 0.0073 0.0231 0.0726 0.2282 0.7169 1.0000 1.0000 1.0000 0.0007 0.0024 0.0074 0.0232 0.0730 0.2295 0.7210 1.0000 1.0000 1.0000 0.0008 0.0024 0.0074 0.0234 0.0734 0.2308 0.7251 1.0000 1.0000 1.0000 0.0008 0.0024 0.0075 0.0235 0.0739 0.2321 0.7293 1.0000 1.0000 1.0000 0.0008 0.0024 0.0076 0.0275 0.0620 0.0275 0.0076 0.0024 0.0008 1.0000 1.0000 1.0000 0.7293 0.2321 0.0739 0.0235 0.0075 0.0024 0.0008 1.0000 1.0000 1.0000 0.7251 0.2308 0.0734 0.0234 0.0074 0.0024 0.0008 1.0000 1.0000 1.0000 0.7210 0.2295 0.0730 0.0232 0.0074 0.0024 0.0007 1.0000 1.0000 1.0000 0.7169 0.2282 0.0726 0.0231 0.0073 0.0023 0.0007 1.0000 1.0000 1.0000 0.7007 0.2490 0.0385
0.1101 0.7007 1.0000 1.0000 1.0000 0.0007 0.0022 0.0068 0.0213 0.0672 0.2106 0.6631 1.0000 1.0000 1.0000 0.0007 0.0022 0.0068 0.0215 0.0674 0.2123 0.6657 1.0000 1.0000 1.0000 0.0007 0.0022 0.0069 0.0216 0.0679 0.2131 0.6707 1.0000 1.0000 1.0000 0.0007 0.0022 0.0069 0.0217 0.0683 0.2143 0.6746 1.0000 1.0000 1.0000 0.0007 0.0022 0.0069 0.0220 0.0794 0.1782 0.0794 0.0220 0.0069 0.0022 0.0007 1.0000 1.0000 1.0000 0.6746 0.2143 0.0683 0.0217 0.0069 0.0022 0.0007 1.0000 1.0000 1.0000 0.6707 0.2131 0.0679 0.0216 0.0069 0.0022 0.0007 1.0000 1.0000 1.0000 0.6657 0.2123 0.0674 0.0215 0.0068 0.0022 0.0007 1.0000 1.0000 1.0000 0.6631 0.2106 0.0672 0.0213 0.0068 0.0022 0.0007 1.0000 1.0000 1.0000 0.7007 0.1101
0.3500 1.0000 1.0000 1.0000 0.0007 0.0022 0.0070 0.0219 0.0687 0.2163 0.6797 1.0000 1.0000 1.0000 0.0007 0.0022 0.0070 0.0220 0.0692 0.2176 0.6836 1.0000 1.0000 1.0000 0.0007 0.0022 0.0071 0.0222 0.0696 0.2188 0.6875 1.0000 1.0000 1.0000 0.0007 0.0023 0.0071 0.0223 0.0700 0.2201 0.6915 1.0000 1.0000 1.0000 0.0007 0.0023 0.0071 0.0223 0.0706 0.2557 0.5717 0.2557 0.0706 0.0223 0.0071 0.0023 0.0007 1.0000 1.0000 1.0000 0.6915 0.2201 0.0700 0.0223 0.0071 0.0023 0.0007 1.0000 1.0000 1.0000 0.6875 0.2188 0.0696 0.0222 0.0071 0.0022 0.0007 1.0000 1.0000 1.0000 0.6836 0.2176 0.0692 0.0220 0.0070 0.0022 0.0007 1.0000 1.0000 1.0000 0.6797 0.2163 0.0687 0.0219 0.0070 0.0022 0.0007 1.0000 1.0000 1.0000 0.3500
1.0000 1.0000 1.0000 0.0007 0.0022 0.0070 0.0221 0.0694 0.2188 0.6875 1.0000 1.0000 1.0000 0.0007 0.0023 0.0071 0.0223 0.0700 0.2201 0.6915 1.0000 1.0000 1.0000 0.0007 0.0023 0.0071 0.0224 0.0704 0.2213 0.6954 1.0000 1.0000 1.0000 0.0007 0.0023 0.0072 0.0225 0.0708 0.2226 0.6994 1.0000 1.0000 1.0000 0.0007 0.0023 0.0072 0.0227 0.0710 0.2247 0.8112 1.0000 0.8112 0.2247 0.0710 0.0227 0.0072 0.0023 0.0007 1.0000 1.0000 1.0000 0.6994 0.2226 0.0708 0.0225 0.0072 0.0023 0.0007 1.0000 1.0000 1.0000 0.6954 0.2213 0.0704 0.0224 0.0071 0.0023 0.0007 1.0000 1.0000 1.0000 0.6915 0.2201 0.0700 0.0223 0.0071 0.0023 0.0007 1.0000 1.0000 1.0000 0.6875 0.2188 0.0694 0.0221 0.0070 0.0022 0.0007 1.0000 1.0000 1.0000
1.0000 1.0000 0.0007 0.0022 0.0070 0.0222 0.0700 0.2209 0.6967 1.0000 1.0000 1.0000 0.0007 0.0023 0.0072 0.0226 0.0710 0.2230 0.7007 1.0000 1.0000 1.0000 0.0007 0.0023 0.0072 0.0227 0.0714 0.2243 0.7047 1.0000 1.0000 1.0000 0.0007 0.0023 0.0073 0.0228 0.0718 0.2256 0.7088 1.0000 1.0000 1.0000 0.0007 0.0023 0.0073 0.0230 0.0722 0.2260 0.7155 1.0000 1.0000 1.0000 0.7155 0.2260 0.0722 0.0230 0.0073 0.0023 0.0007 1.0000 1.0000 1.0000 0.7088 0.2256 0.0718 0.0228 0.0073 0.0023 0.0007 1.0000 1.0000 1.0000 0.7047 0.2243 0.0714 0.0227 0.0072 0.0023 0.0007 1.0000 1.0000 1.0000 0.7007 0.2230 0.0710 0.0226 0.0072 0.0023 0.0007 1.0000 1.0000 1.0000 0.6967 0.2209 0.0700 0.0222 0.0070 0.0022 0.0007 1.0000 1.0000
1.0000 0.0007 0.0022 0.0070 0.0221 0.0700 0.2217 0.7007 1.0000 1.0000 1.0000 0.0007 0.0023 0.0073 0.0229 0.0719 0.2260 0.7101 1.0000 1.0000 1.0000 0.0007 0.0023 0.0073 0.0230 0.0723 0.2273 0.7142 1.0000 1.0000 1.0000 0.0007 0.0023 0.0074 0.0232 0.0728 0.2286 0.7183 1.0000 1.0000 1.0000 0.0008 0.0024 0.0074 0.0233 0.0732 0.2299 0.7196 1.0000 1.0000 1.0000 1.0000 1.0000 0.7196 0.2299 0.0732 0.0233 0.0074 0.0024 0.0008 1.0000 1.0000 1.0000 0.7183 0.2286 0.0728 0.0232 0.0074 0.0023 0.0007 1.0000 1.0000 1.0000 0.7142 0.2273 0.0723 0.0230 0.0073 0.0023 0.0007 1.0000 1.0000 1.0000 0.7101 0.2260 0.0719 0.0229 0.0073 0.0023 0.0007 1.0000 1.0000 1.0000 0.7007 0.2217 0.0700 0.0221 0.0070 0.0022 0.0007 1.0000
0.0004 0.0023 0.0068 0.0219 0.0694 0.2209 0.7007 1.0000 1.0000 1.0000 0.0007 0.0023 0.0074 0.0232 0.0729 0.2290 0.7196 1.0000 1.0000 1.0000 0.0008 0.0024 0.0074 0.0233 0.0733 0.2303 0.7238 1.0000 1.0000 1.0000 0.0008 0.0024 0.0075 0.0235 0.0737 0.2317 0.7279 1.0000 1.0000 1.0000 0.0008 0.0024 0.0075 0.0236 0.0741 0.2330 0.7321 1.0000 1.0000 1.0000 1.0000 1.0000 1.0000 1.0000 0.7321 0.2330 0.0741 0.0236 0.0075 0.0024 0.0008 1.0000 1.0000 1.0000 0.7279 0.2317 0.0737 0.0235 0.0075 0.0024 0.0008 1.0000 1.0000 1.0000 0.7238 0.2303 0.0733 0.0233 0.0074 0.0024 0.0008 1.0000 1.0000 1.0000 0.7196 0.2290 0.0729 0.0232 0.0074 0.0023 0.0007 1.0000 1.0000 1.0000 0.7007 0.2209 0.0694 0.0219 0.0068 0.0023 0.0004
0.0011 0.0073 0.0213 0.0687 0.2188 0.6967 1.0000 1.0000 1.0000 0.0008 0.0024 0.0075 0.0235 0.0739 0.2321 0.7293 1.0000 1.0000 1.0000 0.0008 0.0024 0.0075 0.0236 0.0743 0.2334 0.7335 1.0000 1.0000 1.0000 0.0008 0.0024 0.0076 0.0238 0.0747 0.2348 0.7376 1.0000 1.0000 1.0000 0.0008 0.0024 0.0076 0.0239 0.0751 0.2361 0.7419 1.0000 1.0000 1.0000 0.0009 0.0020 0.0009 1.0000 1.0000 1.0000 0.7419 0.2361 0.0751 0.0239 0.0076 0.0024 0.0008 1.0000 1.0000 1.0000 0.7376 0.2348 0.0747 0.0238 0.0076 0.0024 0.0008 1.0000 1.0000 1.0000 0.7335 0.2334 0.0743 0.0236 0.0075 0.0024 0.0008 1.0000 1.0000 1.0000 0.7293 0.2321 0.0739 0.0235 0.0075 0.0024 0.0008 1.0000 1.0000 1.0000 0.6967 0.2188 0.0687 0.0213 0.0073 0.0011
0.0036 0.0231 0.0672 0.2163 0.6875 1.0000 1.0000 1.0000 0.0008 0.0024 0.0075 0.0237 0.0746 0.2348 0.7391 1.0000 1.0000 1.0000 0.0008 0.0024 0.0076 0.0240 0.0753 0.2366 0.7433 1.0000 1.0000 1.0000 0.0008 0.0024 0.0077 0.0241 0.0757 0.2379 0.7475 1.0000 1.0000 1.0000 0.0008 0.0025 0.0077 0.0242 0.0762 0.2393 0.7518 1.0000 1.0000 1.0000 0.0008 0.0029 0.0064 0.0029 0.0008 1.0000 1.0000 1.0000 0.7518 0.2393 0.0762 0.0242 0.0077 0.0025 0.0008 1.0000 1.0000 1.0000 0.7475 0.2379 0.0757 0.0241 0.0077 0.0024 0.0008 1.0000 1.0000 1.0000 0.7433 0.2366 0.0753 0.0240 0.0076 0.0024 0.0008 1.0000 1.0000 1.0000 0.7391 0.2348 0.0746 0.0237 0.0075 0.0024 0.0008 1.0000 1.0000 1.0000 0.6875 0.2163 0.0672 0.0231 0.0036
0.0113 0.0726 0.2106 0.6797 1.0000 1.0000 1.0000 0.0007 0.0024 0.0075 0.0238 0.0751 0.2370 0.7461 1.0000 1.0000 1.0000 0.0008 0.0025 0.0077 0.0243 0.0763 0.2397 0.7532 1.0000 1.0000 1.0000 0.0008 0.0025 0.0078 0.0244 0.0767 0.2411 0.7576 1.0000 1.0000 1.0000 0.0008 0.0025 0.0078 0.0246 0.0772 0.2425 0.7619 1.0000 1.0000 1.0000 0.0008 0.0025 0.0091 0.0203 0.0091 0.0025 0.0008 1.0000 1.0000 1.0000 0.7619 0.2425 0.0772 0.0246 0.0078 0.0025 0.0008 1.0000 1.0000 1.0000 0.7576 0.2411 0.0767 0.0244 0.0078 0.0025 0.0008 1.0000 1.0000 1.0000 0.7532 0.2397 0.0763 0.0243 0.0077 0.0025 0.0008 1.0000 1.0000 1.0000 0.7461 0.2370 0.0751 0.0238 0.0075 0.0024 0.0007 1.0000 1.0000 1.0000 0.6797 0.2106 0.0726 0.0113
0.0356 0.2282 0.6631 1.0000 1.0000 1.0000 0.0007 0.0023 0.0075 0.0237 0.0751 0.2379 0.7518 1.0000 1.0000 1.0000 0.0008 0.0025 0.0078 0.0246 0.0773 0.2429 0.7633 1.0000 1.0000 1.0000 0.0008 0.0025 0.0079 0.0247 0.0778 0.2443 0.7677 1.0000 1.0000 1.0000 0.0008 0.0025 0.0079 0.0249 0.0782 0.2457 0.7721 1.0000 1.0000 1.0000 0.0008 0.0025 0.0080 0.0289 0.0645 0.0289 0.0080 0.0025 0.0008 1.0000 1.0000 1.0000 0.7721 0.2457 0.0782 0.0249 0.0079 0.0025 0.0008 1.0000 1.0000 1.0000 0.7677 0.2443 0.0778 0.0247 0.0079 0.0025 0.0008 1.0000 1.0000 1.0000 0.7633 0.2429 0.0773 0.0246 0.0078 0.0025 0.0008 1.0000 1.0000 1.0000 0.7518 0.2379 0.0751 0.0237 0.0075 0.0023 0.0007 1.0000 1.0000 1.0000 0.6631 0.2282 0.0356
0.1118 0.7169 1.0000 1.0000 1.0000 0.0007 0.0023 0.0074 0.0235 0.0746 0.2370 0.7518 1.0000 1.0000 1.0000 0.0008 0.0025 0.0079 0.0249 0.0784 0.2462 0.7736 1.0000 1.0000 1.0000 0.0008 0.0025 0.0080 0.0251 0.0788 0.2476 0.7780 1.0000 1.0000 1.0000 0.0008 0.0026 0.0080 0.0252 0.0793 0.2490 0.7824 1.0000 1.0000 1.0000 0.0008 0.0026 0.0080 0.0255 0.0921 0.2055 0.0921 0.0255 0.0080 0.0026 0.0008 1.0000 1.0000 1.0000 0.7824 0.2490 0.0793 0.0252 0.0080 0.0026 0.0008 1.0000 1.0000 1.0000 0.7780 0.2476 0.0788 0.0251 0.0080 0.0025 0.0008 1.0000 1.0000 1.0000 0.7736 0.2462 0.0784 0.0249 0.0079 0.0025 0.0008 1.0000 1.0000 1.0000 0.7518 0.2370 0.0746 0.0235 0.0074 0.0023 0.0007 1.0000 1.0000 1.0000 0.7169 0.1118
0.3513 1.0000 1.0000 1.0000 0.0007 0.0023 0.0073 0.0232 0.0739 0.2348 0.7461 1.0000 1.0000 1.0000 0.0008 0.0025 0.0080 0.0252 0.0794 0.2495 0.7839 1.0000 1.0000 1.0000 0.0008 0.0026 0.0081 0.0254 0.0799 0.2509 0.7884 1.0000 1.0000 1.0000 0.0008 0.0026 0.0081 0.0256 0.0803 0.2524 0.7929 1.0000 1.0000 1.0000 0.0008 0.0026 0.0082 0.0256 0.0811 0.2933 0.6544 0.2933 0.0811 0.0256 0.0082 0.0026 0.0008 1.0000 1.0000 1.0000 0.7929 0.2524 0.0803 0.0256 0.0081 0.0026 0.0008 1.0000 1.0000 1.0000 0.7884 0.2509 0.0799 0.0254 0.0081 0.0026 0.0008 1.0000 1.0000 1.0000 0.7839 0.2495 0.0794 0.0252 0.0080 0.0025 0.0008 1.0000 1.0000 1.0000 0.7461 0.2348 0.0739 0.0232 0.0073 0.0023 0.0007 1.0000 1.0000 1.0000 0.3513
1.0000 1.0000 1.0000 0.0007 0.0023 0.0072 0.0229 0.0729 0.2321 0.7391 1.0000 1.0000 1.0000 0.0008 0.0026 0.0081 0.0255 0.0802 0.2524 0.7944 1.0000 1.0000 1.0000 0.0008 0.0026 0.0082 0.0258 0.0809 0.2543 0.7990 1.0000 1.0000 1.0000 0.0008 0.0026 0.0082 0.0259 0.0814 0.2557 0.8036 1.0000 1.0000 1.0000 0.0008 0.0026 0.0083 0.0261 0.0815 0.2582 0.9338 1.0000 0.9338 0.2582 0.0815 0.0261 0.0083 0.0026 0.0008 1.0000 1.0000 1.0000 0.8036 0.2557 0.0814 0.0259 0.0082 0.0026 0.0008 1.0000 1.0000 1.0000 0.7990 0.2543 0.0809 0.0258 0.0082 0.0026 0.0008 1.0000 1.0000 1.0000 0.7944 0.2524 0.0802 0.0255 0.0081 0.0026 0.0008 1.0000 1.0000 1.0000 0.7391 0.2321 0.0729 0.0229 0.0072 0.0023 0.0007 1.0000 1.0000 1.0000
1.0000 1.0000 0.0007 0.0022 0.0071 0.0226 0.0719 0.2290 0.7293 1.0000 1.0000 1.0000 0.0008 0.0025 0.0081 0.0256 0.0808 0.2548 0.8020 1.0000 1.0000 1.0000 0.0008 0.0026 0.0083 0.0261 0.0820 0.2577 0.8097 1.0000 1.0000 1.0000 0.0008 0.0027 0.0084 0.0263 0.0825 0.2592 0.8143 1.0000 1.0000 1.0000 0.0009 0.0027 0.0084 0.0264 0.0830 0.2597 0.8221 1.0000 1.0000 1.0000 0.8221 0.2597 0.0830 0.0264 0.0084 0.0027 0.0009 1.0000 1.0000 1.0000 0.8143 0.2592 0.0825 0.0263 0.0084 0.0027 0.0008 1.0000 1.0000 1.0000 0.8097 0.2577 0.0820 0.0261 0.0083 0.0026 0.0008 1.0000 1.0000 1.0000 0.8020 0.2548 0.0808 0.0256 0.0081 0.0025 0.0008 1.0000 1.0000 1.0000 0.7293 0.2290 0.0719 0.0226 0.0071 0.0022 0.0007 1.0000 1.0000
1.0000 0.0007 0.0022 0.0070 0.0223 0.0710 0.2260 0.7196 1.0000 1.0000 1.0000 0.0008 0.0025 0.0080 0.0255 0.0808 0.2557 0.8082 1.0000 1.0000 1.0000 0.0009 0.0027 0.0084 0.0265 0.0831 0.2611 0.8205 1.0000 1.0000 1.0000 0.0009 0.0027 0.0085 0.0266 0.0836 0.2626 0.8252 1.0000 1.0000 1.0000 0.0009 0.0027 0.0085 0.0268 0.0841 0.2641 0.8268 1.0000 1.0000 1.0000 1.0000 1.0000 0.8268 0.2641 0.0841 0.0268 0.0085 0.0027 0.0009 1.0000 1.0000 1.0000 0.8252 0.2626 0.0836 0.0266 0.0085 0.0027 0.0009 1.0000 1.0000 1.0000 0.8205 0.2611 0.0831 0.0265 0.0084 0.0027 0.0009 1.0000 1.0000 1.0000 0.8082 0.2557 0.0808 0.0255 0.0080 0.0025 0.0008 1.0000 1.0000 1.0000 0.7196 0.2260 0.0710 0.0223 0.0070 0.0022 0.0007 1.0000
0.0004 0.0024 0.0068 0.0220 0.0700 0.2230 0.7101 1.0000 1.0000 1.0000 0.0008 0.0025 0.0079 0.0252 0.0802 0.2548 0.8082 1.0000 1.0000 1.0000 0.0009 0.0027 0.0085 0.0268 0.0842 0.2646 0.8315 1.0000 1.0000 1.0000 0.0009 0.0027 0.0086 0.0270 0.0847 0.2662 0.8363 1.0000 1.0000 1.0000 0.0009 0.0027 0.0086 0.0271 0.0852 0.2677 0.8411 1.0000 1.0000 1.0000 1.0000 1.0000 1.0000 1.0000 0.8411 0.2677 0.0852 0.0271 0.0086 0.0027 0.0009 1.0000 1.0000 1.0000 0.8363 0.2662 0.0847 0.0270 0.0086 0.0027 0.0009 1.0000 1.0000 1.0000 0.8315 0.2646 0.0842 0.0268 0.0085 0.0027 0.0009 1.0000 1.0000 1.0000 0.8082 0.2548 0.0802 0.0252 0.0079 0.0025 0.0008 1.0000 1.0000 1.0000 0.7101 0.2230 0.0700 0.0220 0.0068 0.0024 0.0004
0.0012 0.0074 0.0215 0.0692 0.2201 0.7007 1.0000 1.0000 1.0000 0.0008 0.0025 0.0078 0.0249 0.0794 0.2524 0.8020 1.0000 1.0000 1.0000 0.0009 0.0027 0.0086 0.0271 0.0854 0.2682 0.8427 1.0000 1.0000 1.0000 0.0009 0.0028 0.0087 0.0273 0.0858 0.2697 0.8475 1.0000 1.0000 1.0000 0.0009 0.0028 0.0087 0.0275 0.0863 0.2713 0.8524 1.0000 1.0000 1.0000 0.0010 0.0023 0.0010 1.0000 1.0000 1.0000 0.8524 0.2713 0.0863 0.0275 0.0087 0.0028 0.0009 1.0000 1.0000 1.0000 0.8475 0.2697 0.0858 0.0273 0.0087 0.0028 0.0009 1.0000 1.0000 1.0000 0.8427 0.2682 0.0854 0.0271 0.0086 0.0027 0.0009 1.0000 1.0000 1.0000 0.8020 0.2524 0.0794 0.0249 0.0078 0.0025 0.0008 1.0000 1.0000 1.0000 0.7007 0.2201 0.0692 0.0215 0.0074 0.0012
0.0036 0.0232 0.0674 0.2176 0.6915 1.0000 1.0000 1.0000 0.0008 0.0024 0.0077 0.0246 0.0784 0.2495 0.7944 1.0000 1.0000 1.0000 0.0009 0.0027 0.0087 0.0274 0.0862 0.2713 0.8540 1.0000 1.0000 1.0000 0.0009 0.0028 0.0088 0.0277 0.0870 0.2733 0.8589 1.0000 1.0000 1.0000 0.0009 0.0028 0.0089 0.0278 0.0875 0.2749 0.8638 1.0000 1.0000 1.0000 0.0009 0.0033 0.0073 0.0033 0.0009 1.0000 1.0000 1.0000 0.8638 0.2749 0.0875 0.0278 0.0089 0.0028 0.0009 1.0000 1.0000 1.0000 0.8589 0.2733 0.0870 0.0277 0.0088 0.0028 0.0009 1.0000 1.0000 1.0000 0.8540 0.2713 0.0862 0.0274 0.0087 0.0027 0.0009 1.0000 1.0000 1.0000 0.7944 0.2495 0.0784 0.0246 0.0077 0.0024 0.0008 1.0000 1.0000 1.0000 0.6915 0.2176 0.0674 0.0232 0.0036
0.0114 0.0730 0.2123 0.6836 1.0000 1.0000 1.0000 0.0008 0.0024 0.0076 0.0243 0.0773 0.2462 0.7839 1.0000 1.0000 1.0000 0.0009 0.0027 0.0087 0.0275 0.0868 0.2739 0.8621 1.0000 1.0000 1.0000 0.0009 0.0028 0.0089 0.0281 0.0882 0.2770 0.8704 1.0000 1.0000 1.0000 0.0009 0.0029 0.0090 0.0282 0.0887 0.2786 0.8754 1.0000 1.0000 1.0000 0.0009 0.0029 0.0104 0.0233 0.0104 0.0029 0.0009 1.0000 1.0000 1.0000 0.8754 0.2786 0.0887 0.0282 0.0090 0.0029 0.0009 1.0000 1.0000 1.0000 0.8704 0.2770 0.0882 0.0281 0.0089 0.0028 0.0009 1.0000 1.0000 1.0000 0.8621 0.2739 0.0868 0.0275 0.0087 0.0027 0.0009 1.0000 1.0000 1.0000 0.7839 0.2462 0.0773 0.0243 0.0076 0.0024 0.0008 1.0000 1.0000 1.0000 0.6836 0.2123 0.0730 0.0114
0.0358 0.2295 0.6657 1.0000 1.0000 1.0000 0.0007 0.0024 0.0075 0.0240 0.0763 0.2429 0.7736 1.0000 1.0000 1.0000 0.0009 0.0027 0.0086 0.0274 0.0868 0.2749 0.8687 1.0000 1.0000 1.0000 0.0009 0.0029 0.0090 0.0284 0.0893 0.2807 0.8820 1.0000 1.0000 1.0000 0.0009 0.0029 0.0091 0.0286 0.0899 0.2823 0.8871 1.0000 1.0000 1.0000 0.0009 0.0029 0.0092 0.0332 0.0741 0.0332 0.0092 0.0029 0.0009 1.0000 1.0000 1.0000 0.8871 0.2823 0.0899 0.0286 0.0091 0.0029 0.0009 1.0000 1.0000 1.0000 0.8820 0.2807 0.0893 0.0284 0.0090 0.0029 0.0009 1.0000 1.0000 1.0000 0.8687 0.2749 0.0868 0.0274 0.0086 0.0027 0.0009 1.0000 1.0000 1.0000 0.7736 0.2429 0.0763 0.0240 0.0075 0.0024 0.0007 1.0000 1.0000 1.0000 0.6657 0.2295 0.0358
0.1125 0.7210 1.0000 1.0000 1.0000 0.0007 0.0023 0.0074 0.0236 0.0753 0.2397 0.7633 1.0000 1.0000 1.0000 0.0008 0.0027 0.0085 0.0271 0.0862 0.2739 0.8687 1.0000 1.0000 1.0000 0.0009 0.0029 0.0092 0.0288 0.0905 0.2845 0.8939 1.0000 1.0000 1.0000 0.0009 0.0029 0.0092 0.0290 0.0911 0.2861 0.8990 1.0000 1.0000 1.0000 0.0009 0.0030 0.0092 0.0293 0.1058 0.2361 0.1058 0.0293 0.0092 0.0030 0.0009 1.0000 1.0000 1.0000 0.8990 0.2861 0.0911 0.0290 0.0092 0.0029 0.0009 1.0000 1.0000 1.0000 0.8939 0.2845 0.0905 0.0288 0.0092 0.0029 0.0009 1.0000 1.0000 1.0000 0.8687 0.2739 0.0862 0.0271 0.0085 0.0027 0.0008 1.0000 1.0000 1.0000 0.7633 0.2397 0.0753 0.0236 0.0074 0.0023 0.0007 1.0000 1.0000 1.0000 0.7210 0.1125
0.3534 1.0000 1.0000 1.0000 0.0007 0.0023 0.0073 0.0233 0.0743 0.2366 0.7532 1.0000 1.0000 1.0000 0.0008 0.0026 0.0084 0.0268 0.0854 0.2713 0.8621 1.0000 1.0000 1.0000 0.0009 0.0029 0.0093 0.0291 0.0918 0.2883 0.9058 1.0000 1.0000 1.0000 0.0009 0.0030 0.0093 0.0294 0.0923 0.2899 0.9110 1.0000 1.0000 1.0000 0.0010 0.0030 0.0094 0.0294 0.0932 0.3369 0.7518 0.3369 0.0932 0.0294 0.0094 0.0030 0.0010 1.0000 1.0000 1.0000 0.9110 0.2899 0.0923 0.0294 0.0093 0.0030 0.0009 1.0000 1.0000 1.0000 0.9058 0.2883 0.0918 0.0291 0.0093 0.0029 0.0009 1.0000 1.0000 1.0000 0.8621 0.2713 0.0854 0.0268 0.0084 0.0026 0.0008 1.0000 1.0000 1.0000 0.7532 0.2366 0.0743 0.0233 0.0073 0.0023 0.0007 1.0000 1.0000 1.0000 0.3534
1.0000 1.0000 1.0000 0.0007 0.0023 0.0072 0.0230 0.0733 0.2334 0.7433 1.0000 1.0000 1.0000 0.0008 0.0026 0.0083 0.0265 0.0842 0.2682 0.8540 1.0000 1.0000 1.0000 0.0009 0.0030 0.0093 0.0294 0.0928 0.2916 0.9180 1.0000 1.0000 1.0000 0.0010 0.0030 0.0095 0.0298 0.0935 0.2938 0.9232 1.0000 1.0000 1.0000 0.0010 0.0030 0.0095 0.0299 0.0937 0.2966 1.0000 1.0000 1.0000 0.2966 0.0937 0.0299 0.0095 0.0030 0.0010 1.0000 1.0000 1.0000 0.9232 0.2938 0.0935 0.0298 0.0095 0.0030 0.0010 1.0000 1.0000 1.0000 0.9180 0.2916 0.0926 0.0294 0.0093 0.0029 0.0009 1.0000 1.0000 1.0000 0.8540 0.2682 0.0842 0.0265 0.0083 0.0026 0.0008 1.0000 1.0000 1.0000 0.7433 0.2334 0.0733 0.0230 0.0072 0.0023 0.0007 1.0000 1.0000 1.0000
1.0000 1.0000 0.0007 0.0022 0.0071 0.0227 0.0723 0.2303 0.7335 1.0000 1.0000 1.0000 0.0008 0.0026 0.0082 0.0261 0.0831 0.2646 0.8427 1.0000 1.0000 1.0000 0.0009 0.0029 0.0093 0.0295 0.0933 0.2938 0.9267 1.0000 1.0000 1.0000 0.0010 0.0031 0.0096 0.0302 0.0948 0.2978 0.9356 1.0000 1.0000 1.0000 0.0010 0.0031 0.0097 0.0303 0.0953 0.2983 0.9445 1.0000 1.0000 1.0000 0.9445 0.2983 0.0953 0.0303 0.0097 0.0031 0.0010 1.0000 1.0000 1.0000 0.9356 0.2978 0.0948 0.0302 0.0096 0.0031 0.0010 1.0000 1.0000 1.0000 0.9267 0.2938 0.0932 0.0295 0.0093 0.0029 0.0009 1.0000 1.0000 1.0000 0.8427 0.2646 0.0831 0.0261 0.0082 0.0026 0.0008 1.0000 1.0000 1.0000 0.7335 0.2303 0.0723 0.0227 0.0071 0.0022 0.0007 1.0000 1.0000
1.0000 0.0008 0.0022 0.0071 0.0224 0.0714 0.2273 0.7238 1.0000 1.0000 1.0000 0.0008 0.0025 0.0081 0.0258 0.0820 0.2611 0.8315 1.0000 1.0000 1.0000 0.0009 0.0029 0.0093 0.0294 0.0932 0.2949 0.9321 1.0000 1.0000 1.0000 0.0010 0.0031 0.0097 0.0306 0.0960 0.3018 0.9481 1.0000 1.0000 1.0000 0.0010 0.0031 0.0098 0.0307 0.0966 0.3035 0.9499 1.0000 1.0000 1.0000 1.0000 1.0000 0.9499 0.3035 0.0966 0.0307 0.0098 0.0031 0.0010 1.0000 1.0000 1.0000 0.9481 0.3018 0.0960 0.0306 0.0097 0.0031 0.0010 1.0000 1.0000 1.0000 0.9321 0.2949 0.0932 0.0294 0.0093 0.0029 0.0009 1.0000 1.0000 1.0000 0.8315 0.2611 0.0820 0.0258 0.0081 0.0025 0.0008 1.0000 1.0000 1.0000 0.7238 0.2273 0.0714 0.0224 0.0071 0.0022 0.0008 1.0000
0.0004 0.0024 0.0069 0.0222 0.0704 0.2243 0.7142 1.0000 1.0000 1.0000 0.0008 0.0025 0.0080 0.0254 0.0809 0.2577 0.8205 1.0000 1.0000 1.0000 0.0009 0.0029 0.0092 0.0291 0.0926 0.2938 0.9321 1.0000 1.0000 1.0000 0.0010 0.0031 0.0099 0.0310 0.0973 0.3058 0.9608 1.0000 1.0000 1.0000 0.0010 0.0032 0.0099 0.0312 0.0979 0.3075 0.9663 1.0000 1.0000 1.0000 0.0008 1.0000 1.0000 1.0000 0.9663 0.3075 0.0979 0.0312 0.0099 0.0032 0.0010 1.0000 1.0000 1.0000 0.9608 0.3058 0.0973 0.0310 0.0099 0.0031 0.0010 1.0000 1.0000 1.0000 0.9321 0.2938 0.0926 0.0291 0.0092 0.0029 0.0009 1.0000 1.0000 1.0000 0.8205 0.2577 0.0809 0.0254 0.0080 0.0025 0.0008 1.0000 1.0000 1.0000 0.7142 0.2243 0.0704 0.0222 0.0069 0.0024 0.0004
0.0012 0.0074 0.0216 0.0696 0.2213 0.7047 1.0000 1.0000 1.0000 0.0008 0.0025 0.0079 0.0251 0.0799 0.2543 0.8097 1.0000 1.0000 1.0000 0.0009 0.0028 0.0090 0.0288 0.0918 0.2916 0.9267 1.0000 1.0000 1.0000 0.0010 0.0032 0.0100 0.0313 0.0986 0.3099 0.9737 1.0000 1.0000 1.0000 0.0010 0.0032 0.0100 0.0316 0.0992 0.3117 0.9793 1.0000 1.0000 1.0000 0.0012 0.0026 0.0012 1.0000 1.0000 1.0000 0.9793 0.3117 0.0992 0.0316 0.0100 0.0032 0.0010 1.0000 1.0000 1.0000 0.9737 0.3099 0.0986 0.0313 0.0100 0.0032 0.0010 1.0000 1.0000 1.0000 0.9267 0.2916 0.0918 0.0288 0.0090 0.0028 0.0009 1.0000 1.0000 1.0000 0.8097 0.2543 0.0799 0.0251 0.0079 0.0025 0.0008 1.0000 1.0000 1.0000 0.7047 0.2213 0.0696 0.0216 0.0074 0.0012
0.0036 0.0234 0.0679 0.2188 0.6954 1.0000 1.0000 1.0000 0.0008 0.0024 0.0078 0.0247 0.0788 0.2509 0.7990 1.0000 1.0000 1.0000 0.0009 0.0028 0.0089 0.0284 0.0905 0.2883 0.9180 1.0000 1.0000 1.0000 0.0010 0.0032 0.0100 0.0316 0.0996 0.3135 0.9868 1.0000 1.0000 1.0000 0.0010 0.0032 0.0102 0.0320 0.1005 0.3158 0.9924 1.0000 1.0000 1.0000 0.0010 0.0038 0.0084 0.0038 0.0010 1.0000 1.0000 1.0000 0.9924 0.3158 0.1005 0.0320 0.0102 0.0032 0.0010 1.0000 1.0000 1.0000 0.9868 0.3135 0.0996 0.0316 0.0100 0.0032 0.0010 1.0000 1.0000 1.0000 0.9180 0.2883 0.0905 0.0284 0.0089 0.0028 0.0009 1.0000 1.0000 1.0000 0.7990 0.2509 0.0788 0.0247 0.0078 0.0024 0.0008 1.0000 1.0000 1.0000 0.6954 0.2188 0.0679 0.0234 0.0036
0.0115 0.0734 0.2131 0.6875 1.0000 1.0000 1.0000 0.0008 0.0024 0.0077 0.0244 0.0778 0.2476 0.7884 1.0000 1.0000 1.0000 0.0009 0.0028 0.0088 0.0281 0.0893 0.2845 0.9058 1.0000 1.0000 1.0000 0.0010 0.0032 0.0100 0.0317 0.1001 0.3158 0.9962 1.0000 1.0000 1.0000 0.0010 0.0033 0.0103 0.0324 0.1019 0.3201 1.0000 1.0000 1.0000 1.0000 0.0010 0.0033 0.0120 0.0268 0.0120 0.0033 0.0010 1.0000 1.0000 1.0000 1.0000 0.3201 0.1019 0.0324 0.0103 0.0033 0.0010 1.0000 1.0000 1.0000 0.9962 0.3158 0.1001 0.0317 0.0100 0.0032 0.0010 1.0000 1.0000 1.0000 0.9058 0.2845 0.0893 0.0281 0.0088 0.0028 0.0009 1.0000 1.0000 1.0000 0.7884 0.2476 0.0778 0.0244 0.0077 0.0024 0.0008 1.0000 1.0000 1.0000 0.6875 0.2131 0.0734 0.0115
0.0360 0.2308 0.6707 1.0000 1.0000 1.0000 0.0007 0.0024 0.0076 0.0241 0.0767 0.2443 0.7780 1.0000 1.0000 1.0000 0.0009 0.0027 0.0087 0.0277 0.0882 0.2807 0.8939 1.0000 1.0000 1.0000 0.0010 0.0031 0.0100 0.0316 0.1001 0.3171 1.0000 1.0000 1.0000 1.0000 0.0011 0.0033 0.0105 0.0329 0.1032 0.3244 1.0000 1.0000 1.0000 1.0000 0.0011 0.0033 0.0106 0.0382 0.0852 0.0382 0.0106 0.0033 0.0011 1.0000 1.0000 1.0000 1.0000 0.3244 0.1032 0.0329 0.0105 0.0033 0.0011 1.0000 1.0000 1.0000 1.0000 0.3171 0.1001 0.0316 0.0100 0.0031 0.0010 1.0000 1.0000 1.0000 0.8939 0.2807 0.0882 0.0277 0.0087 0.0027 0.0009 1.0000 1.0000 1.0000 0.7780 0.2443 0.0767 0.0241 0.0076 0.0024 0.0007 1.0000 1.0000 1.0000 0.6707 0.2308 0.0360
0.1131 0.7251 1.0000 1.0000 1.0000 0.0007 0.0023 0.0075 0.0238 0.0757 0.2411 0.7677 1.0000 1.0000 1.0000 0.0008 0.0027 0.0086 0.0273 0.0870 0.2770 0.8820 1.0000 1.0000 1.0000 0.0010 0.0031 0.0099 0.0313 0.0996 0.3158 1.0000 1.0000 1.0000 1.0000 0.0011 0.0034 0.0106 0.0333 0.1046 0.3287 1.0000 1.0000 1.0000 1.0000 0.0011 0.0034 0.0106 0.0336 0.1216 0.2713 0.1216 0.0336 0.0106 0.0034 0.0011 1.0000 1.0000 1.0000 1.0000 0.3287 0.1046 0.0333 0.0106 0.0034 0.0011 1.0000 1.0000 1.0000 1.0000 0.3158 0.0996 0.0313 0.0099 0.0031 0.0010 1.0000 1.0000 1.0000 0.8820 0.2770 0.0870 0.0273 0.0086 0.0027 0.0008 1.0000 1.0000 1.0000 0.7677 0.2411 0.0757 0.0238 0.0075 0.0023 0.0007 1.0000 1.0000 1.0000 0.7251 0.1131
0.3554 1.0000 1.0000 1.0000 0.0007 0.0023 0.0074 0.0235 0.0747 0.2379 0.7576 1.0000 1.0000 1.0000 0.0008 0.0027 0.0085 0.0270 0.0858 0.2733 0.8704 1.0000 1.0000 1.0000 0.0010 0.0031 0.0097 0.0310 0.0986 0.3135 0.9962 1.0000 1.0000 1.0000 0.0011 0.0034 0.0107 0.0337 0.1060 0.3331 1.0000 1.0000 1.0000 1.0000 0.0011 0.0034 0.0108 0.0338 0.1070 0.3871 0.8638 0.3871 0.1070 0.0338 0.0108 0.0034 0.0011 1.0000 1.0000 1.0000 1.0000 0.3331 0.1060 0.0337 0.0107 0.0034 0.0011 1.0000 1.0000 1.0000 0.9962 0.3135 0.0986 0.0310 0.0097 0.0031 0.0010 1.0000 1.0000 1.0000 0.8704 0.2733 0.0858 0.0270 0.0085 0.0027 0.0008 1.0000 1.0000 1.0000 0.7576 0.2379 0.0747 0.0235 0.0074 0.0023 0.0007 1.0000 1.0000 1.0000 0.3554
1.0000 1.0000 1.0000 0.0007 0.0023 0.0073 0.0232 0.0737 0.2348 0.7475 1.0000 1.0000 1.0000 0.0008 0.0026 0.0084 0.0266 0.0847 0.2697 0.8589 1.0000 1.0000 1.0000 0.0009 0.0030 0.0096 0.0306 0.0973 0.3099 0.9868 1.0000 1.0000 1.0000 0.0011 0.0034 0.0108 0.0339 0.1070 0.3369 1.0000 1.0000 1.0000 1.0000 0.0011 0.0035 0.0109 0.0344 0.1076 0.3408 1.0000 1.0000 1.0000 0.3408 0.1076 0.0344 0.0109 0.0035 0.0011 1.0000 1.0000 1.0000 1.0000 0.3369 0.1070 0.0339 0.0108 0.0034 0.0011 1.0000 1.0000 1.0000 0.9868 0.3099 0.0973 0.0306 0.0096 0.0030 0.0009 1.0000 1.0000 1.0000 0.8589 0.2697 0.0847 0.0266 0.0084 0.0026 0.0008 1.0000 1.0000 1.0000 0.7475 0.2348 0.0737 0.0232 0.0073 0.0023 0.0007 1.0000 1.0000 1.0000
1.0000 1.0000 0.0007 0.0023 0.0072 0.0228 0.0728 0.2317 0.7376 1.0000 1.0000 1.0000 0.0008 0.0026 0.0082 0.0263 0.0836 0.2662 0.8475 1.0000 1.0000 1.0000 0.0009 0.0030 0.0095 0.0302 0.0960 0.3058 0.9737 1.0000 1.0000 1.0000 0.0011 0.0034 0.0108 0.0341 0.1076 0.3395 1.0000 1.0000 1.0000 1.0000 0.0011 0.0035 0.0111 0.0349 0.1095 0.3428 1.0000 1.0000 1.0000 1.0000 1.0000 0.3428 0.1095 0.0349 0.0111 0.0035 0.0011 1.0000 1.0000 1.0000 1.0000 0.3395 0.1076 0.0341 0.0108 0.0034 0.0011 1.0000 1.0000 1.0000 0.9737 0.3058 0.0960 0.0302 0.0095 0.0030 0.0009 1.0000 1.0000 1.0000 0.8475 0.2662 0.0836 0.0263 0.0082 0.0026 0.0008 1.0000 1.0000 1.0000 0.7376 0.2317 0.0728 0.0228 0.0072 0.0023 0.0007 1.0000 1.0000
1.0000 0.0008 0.0022 0.0071 0.0225 0.0718 0.2286 0.7279 1.0000 1.0000 1.0000 0.0008 0.0026 0.0081 0.0259 0.0825 0.2626 0.8363 1.0000 1.0000 1.0000 0.0009 0.0029 0.0093 0.0298 0.0948 0.3018 0.9608 1.0000 1.0000 1.0000 0.0011 0.0034 0.0107 0.0339 0.1076 0.3408 1.0000 1.0000 1.0000 1.0000 0.0011 0.0036 0.0112 0.0353 0.1110 0.3487 1.0000 1.0000 1.0000 1.0000 1.0000 1.0000 1.0000 0.3487 0.1110 0.0353 0.0112 0.0036 0.0011 1.0000 1.0000 1.0000 1.0000 0.3408 0.1076 0.0339 0.0107 0.0034 0.0011 1.0000 1.0000 1.0000 0.9608 0.3018 0.0948 0.0298 0.0093 0.0029 0.0009 1.0000 1.0000 1.0000 0.8363 0.2626 0.0825 0.0259 0.0081 0.0026 0.0008 1.0000 1.0000 1.0000 0.7279 0.2286 0.0718 0.0225 0.0071 0.0022 0.0008 1.0000
0.0004 0.0024 0.0069 0.0223 0.0708 0.2256 0.7183 1.0000 1.0000 1.0000 0.0008 0.0025 0.0080 0.0256 0.0814 0.2592 0.8252 1.0000 1.0000 1.0000 0.0009 0.0029 0.0092 0.0294 0.0935 0.2978 0.9481 1.0000 1.0000 1.0000 0.0010 0.0033 0.0106 0.0337 0.1070 0.3395 1.0000 1.0000 1.0000 1.0000 0.0011 0.0036 0.0114 0.0358 0.1125 0.3534 1.0000 1.0000 1.0000 1.0000 0.0010 1.0000 1.0000 1.0000 1.0000 0.3534 0.1125 0.0358 0.0114 0.0036 0.0011 1.0000 1.0000 1.0000 1.0000 0.3395 0.1070 0.0337 0.0106 0.0033 0.0010 1.0000 1.0000 1.0000 0.9481 0.2978 0.0935 0.0294 0.0092 0.0029 0.0009 1.0000 1.0000 1.0000 0.8252 0.2592 0.0814 0.0256 0.0080 0.0025 0.0008 1.0000 1.0000 1.0000 0.7183 0.2256 0.0708 0.0223 0.0069 0.0024 0.0004
0.0012 0.0075 0.0217 0.0700 0.2226 0.7088 1.0000 1.0000 1.0000 0.0008 0.0025 0.0079 0.0252 0.0803 0.2557 0.8143 1.0000 1.0000 1.0000 0.0009 0.0029 0.0091 0.0290 0.0923 0.2938 0.9356 1.0000 1.0000 1.0000 0.0010 0.0033 0.0105 0.0333 0.1060 0.3369 1.0000 1.0000 1.0000 1.0000 0.0012 0.0036 0.0115 0.0362 0.1140 0.3581 1.0000 1.0000 1.0000 1.0000 0.0014 0.0030 0.0014 1.0000 1.0000 1.0000 1.0000 0.3581 0.1140 0.0362 0.0115 0.0036 0.0012 1.0000 1.0000 1.0000 1.0000 0.3369 0.1060 0.0333 0.0105 0.0033 0.0010 1.0000 1.0000 1.0000 0.9356 0.2938 0.0923 0.0290 0.0091 0.0029 0.0009 1.0000 1.0000 1.0000 0.8143 0.2557 0.0803 0.0252 0.0079 0.0025 0.0008 1.0000 1.0000 1.0000 0.7088 0.2226 0.0700 0.0217 0.0075 0.0012
0.0037 0.0235 0.0683 0.2201 0.6994 1.0000 1.0000 1.0000 0.0008 0.0025 0.0078 0.0249 0.0793 0.2524 0.8036 1.0000 1.0000 1.0000 0.0009 0.0028 0.0090 0.0286 0.0911 0.2899 0.9232 1.0000 1.0000 1.0000 0.0010 0.0032 0.0103 0.0329 0.1046 0.3331 1.0000 1.0000 1.0000 1.0000 0.0012 0.0037 0.0116 0.0365 0.1151 0.3622 1.0000 1.0000 1.0000 1.0000 0.0012 0.0043 0.0097 0.0043 0.0012 1.0000 1.0000 1.0000 1.0000 0.3622 0.1151 0.0365 0.0116 0.0037 0.0012 1.0000 1.0000 1.0000 1.0000 0.3331 0.1046 0.0329 0.0103 0.0032 0.0010 1.0000 1.0000 1.0000 0.9232 0.2899 0.0911 0.0286 0.0090 0.0028 0.0009 1.0000 1.0000 1.0000 0.8036 0.2524 0.0793 0.0249 0.0078 0.0025 0.0008 1.0000 1.0000 1.0000 0.6994 0.2201 0.0683 0.0235 0.0037
0.0115 0.0739 0.2143 0.6915 1.0000 1.0000 1.0000 0.0008 0.0024 0.0077 0.0246 0.0782 0.2490 0.7929 1.0000 1.0000 1.0000 0.0009 0.0028 0.0089 0.0282 0.0899 0.2861 0.9110 1.0000 1.0000 1.0000 0.0010 0.0032 0.0102 0.0324 0.1032 0.3287 1.0000 1.0000 1.0000 1.0000 0.0011 0.0036 0.0116 0.0366 0.1157 0.3650 1.0000 1.0000 1.0000 1.0000 0.0012 0.0038 0.0138 0.0307 0.0138 0.0038 0.0012 1.0000 1.0000 1.0000 1.0000 0.3650 0.1157 0.0366 0.0116 0.0036 0.0011 1.0000 1.0000 1.0000 1.0000 0.3287 0.1032 0.0324 0.0102 0.0032 0.0010 1.0000 1.0000 1.0000 0.9110 0.2861 0.0899 0.0282 0.0089 0.0028 0.0009 1.0000 1.0000 1.0000 0.7929 0.2490 0.0782 0.0246 0.0077 0.0024 0.0008 1.0000 1.0000 1.0000 0.6915 0.2143 0.0739 0.0115
0.0362 0.2321 0.6746 1.0000 1.0000 1.0000 0.0008 0.0024 0.0076 0.0242 0.0772 0.2457 0.7824 1.0000 1.0000 1.0000 0.0009 0.0027 0.0087 0.0278 0.0887 0.2823 0.8990 1.0000 1.0000 1.0000 0.0010 0.0032 0.0100 0.0320 0.1019 0.3244 1.0000 1.0000 1.0000 1.0000 0.0011 0.0036 0.0115 0.0365 0.1157 0.3664 1.0000 1.0000 1.0000 1.0000 0.0012 0.0038 0.0121 0.0439 0.0979 0.0439 0.0121 0.0038 0.0012 1.0000 1.0000 1.0000 1.0000 0.3664 0.1157 0.0365 0.0115 0.0036 0.0011 1.0000 1.0000 1.0000 1.0000 0.3244 0.1019 0.0320 0.0100 0.0032 0.0010 1.0000 1.0000 1.0000 0.8990 0.2823 0.0887 0.0278 0.0087 0.0027 0.0009 1.0000 1.0000 1.0000 0.7824 0.2457 0.0772 0.0242 0.0076 0.0024 0.0008 1.0000 1.0000 1.0000 0.6746 0.2321 0.0362
0.1137 0.7293 1.0000 1.0000 1.0000 0.0007 0.0024 0.0075 0.0239 0.0762 0.2425 0.7721 1.0000 1.0000 1.0000 0.0009 0.0027 0.0086 0.0275 0.0875 0.2786 0.8871 1.0000 1.0000 1.0000 0.0010 0.0031 0.0099 0.0316 0.1005 0.3201 1.0000 1.0000 1.0000 1.0000 0.0011 0.0036 0.0114 0.0362 0.1151 0.3650 1.0000 1.0000 1.0000 1.0000 0.0012 0.0039 0.0122 0.0385 0.1397 0.3117 0.1397 0.0385 0.0122 0.0039 0.0012 1.0000 1.0000 1.0000 1.0000 0.3650 0.1151 0.0362 0.0114 0.0036 0.0011 1.0000 1.0000 1.0000 1.0000 0.3201 0.1005 0.0316 0.0099 0.0031 0.0010 1.0000 1.0000 1.0000 0.8871 0.2786 0.0875 0.0275 0.0086 0.0027 0.0009 1.0000 1.0000 1.0000 0.7721 0.2425 0.0762 0.0239 0.0075 0.0024 0.0007 1.0000 1.0000 1.0000 0.7293 0.1137
0.3574 1.0000 1.0000 1.0000 0.0007 0.0023 0.0074 0.0236 0.0751 0.2393 0.7619 1.0000 1.0000 1.0000 0.0008 0.0027 0.0085 0.0271 0.0863 0.2749 0.8754 1.0000 1.0000 1.0000 0.0010 0.0031 0.0098 0.0312 0.0992 0.3158 1.0000 1.0000 1.0000 1.0000 0.0011 0.0035 0.0112 0.0358 0.1140 0.3622 1.0000 1.0000 1.0000 1.0000 0.0012 0.0039 0.0124 0.0388 0.1227 0.4448 0.9905 0.4448 0.1227 0.0388 0.0124 0.0039 0.0012 1.0000 1.0000 1.0000 1.0000 0.3622 0.1140 0.0358 0.0112 0.0035 0.0011 1.0000 1.0000 1.0000 1.0000 0.3158 0.0992 0.0312 0.0098 0.0031 0.0010 1.0000 1.0000 1.0000 0.8754 0.2749 0.0863 0.0271 0.0085 0.0027 0.0008 1.0000 1.0000 1.0000 0.7619 0.2393 0.0751 0.0236 0.0074 0.0023 0.0007 1.0000 1.0000 1.0000 0.3574
1.0000 1.0000 1.0000 0.0007 0.0023 0.0073 0.0233 0.0741 0.2361 0.7518 1.0000 1.0000 1.0000 0.0008 0.0026 0.0084 0.0268 0.0852 0.2713 0.8638 1.0000 1.0000 1.0000 0.0010 0.0030 0.0097 0.0307 0.0979 0.3117 0.9924 1.0000 1.0000 1.0000 0.0011 0.0035 0.0111 0.0353 0.1125 0.3581 1.0000 1.0000 1.0000 1.0000 0.0012 0.0039 0.0124 0.0393 0.1230 0.3901 1.0000 1.0000 1.0000 0.3901 0.1230 0.0393 0.0124 0.0039 0.0012 1.0000 1.0000 1.0000 1.0000 0.3581 0.1125 0.0353 0.0111 0.0035 0.0011 1.0000 1.0000 1.0000 0.9924 0.3117 0.0979 0.0307 0.0097 0.0030 0.0010 1.0000 1.0000 1.0000 0.8638 0.2713 0.0852 0.0268 0.0084 0.0026 0.0008 1.0000 1.0000 1.0000 0.7518 0.2361 0.0741 0.0233 0.0073 0.0023 0.0007 1.0000 1.0000 1.0000
1.0000 1.0000 0.0007 0.0023 0.0072 0.0230 0.0732 0.2330 0.7419 1.0000 1.0000 1.0000 0.0008 0.0026 0.0083 0.0264 0.0841 0.2677 0.8524 1.0000 1.0000 1.0000 0.0009 0.0030 0.0095 0.0303 0.0966 0.3075 0.9793 1.0000 1.0000 1.0000 0.0011 0.0034 0.0109 0.0349 0.1110 0.3534 1.0000 1.0000 1.0000 1.0000 0.0012 0.0039 0.0124 0.0394 0.1244 0.3908 1.0000 1.0000 1.0000 1.0000 1.0000 0.3916 0.1244 0.0394 0.0124 0.0039 0.0012 1.0000 1.0000 1.0000 1.0000 0.3534 0.1110 0.0349 0.0109 0.0034 0.0011 1.0000 1.0000 1.0000 0.9793 0.3075 0.0966 0.0303 0.0095 0.0030 0.0009 1.0000 1.0000 1.0000 0.8524 0.2677 0.0841 0.0264 0.0083 0.0026 0.0008 1.0000 1.0000 1.0000 0.7419 0.2330 0.0732 0.0230 0.0072 0.0023 0.0007 1.0000 1.0000
1.0000 0.0008 0.0022 0.0071 0.0227 0.0722 0.2299 0.7321 1.0000 1.0000 1.0000 0.0008 0.0026 0.0082 0.0261 0.0830 0.2641 0.8411 1.0000 1.0000 1.0000 0.0009 0.0030 0.0094 0.0299 0.0953 0.3035 0.9663 1.0000 1.0000 1.0000 0.0011 0.0034 0.0108 0.0344 0.1095 0.3487 1.0000 1.0000 1.0000 1.0000 0.0012 0.0039 0.0124 0.0392 0.1244 0.3938 1.0000 1.0000 1.0000 1.0000 1.0000 1.0000 1.0000 0.3946 0.1244 0.0393 0.0124 0.0039 0.0012 1.0000 1.0000 1.0000 1.0000 0.3487 0.1095 0.0344 0.0108 0.0034 0.0011 1.0000 1.0000 1.0000 0.9663 0.3035 0.0953 0.0299 0.0094 0.0030 0.0009 1.0000 1.0000 1.0000 0.8411 0.2641 0.0830 0.0261 0.0082 0.0026 0.0008 1.0000 1.0000 1.0000 0.7321 0.2299 0.0722 0.0227 0.0071 0.0022 0.0008 1.0000
0.0004 0.0024 0.0069 0.0224 0.0712 0.2269 0.7224 1.0000 1.0000 1.0000 0.0008 0.0025 0.0081 0.0257 0.0819 0.2606 0.8300 1.0000 1.0000 1.0000 0.0009 0.0029 0.0093 0.0295 0.0940 0.2995 0.9536 1.0000 1.0000 1.0000 0.0011 0.0033 0.0107 0.0339 0.1081 0.3441 1.0000 1.0000 1.0000 1.0000 0.0012 0.0038 0.0122 0.0389 0.1237 0.3931 1.0000 1.0000 1.0000 1.0000 0.0011 1.0000 1.0000 1.0000 1.0000 0.3908 0.1230 0.0388 0.0122 0.0038 0.0012 1.0000 1.0000 1.0000 1.0000 0.3428 0.1076 0.0338 0.0106 0.0033 0.0010 1.0000 1.0000 1.0000 0.9499 0.2983 0.0937 0.0294 0.0092 0.0029 0.0009 1.0000 1.0000 1.0000 0.8268 0.2597 0.0815 0.0256 0.0080 0.0025 0.0008 1.0000 1.0000 1.0000 0.7196 0.2260 0.0710 0.0223 0.0069 0.0024 0.0004
0.0012 0.0075 0.0219 0.0704 0.2239 0.7128 1.0000 1.0000 1.0000 0.0008 0.0025 0.0080 0.0254 0.0808 0.2572 0.8190 1.0000 1.0000 1.0000 0.0009 0.0029 0.0092 0.0291 0.0928 0.2955 0.9410 1.0000 1.0000 1.0000 0.0010 0.0033 0.0105 0.0335 0.1066 0.3395 1.0000 1.0000 1.0000 1.0000 0.0012 0.0038 0.0121 0.0385 0.1225 0.3893 1.0000 1.0000 1.0000 1.0000 0.0015 0.0034 0.0016 1.0000 1.0000 1.0000 1.0000 0.3901 0.1227 0.0385 0.0121 0.0038 0.0012 1.0000 1.0000 1.0000 1.0000 0.3408 0.1070 0.0336 0.0106 0.0033 0.0010 1.0000 1.0000 1.0000 0.9445 0.2966 0.0932 0.0293 0.0092 0.0029 0.0009 1.0000 1.0000 1.0000 0.8221 0.2582 0.0811 0.0255 0.0080 0.0025 0.0008 1.0000 1.0000 1.0000 0.7155 0.2247 0.0706 0.0220 0.0076 0.0012
0.0037 0.0236 0.0686 0.2213 0.7034 1.0000 1.0000 1.0000 0.0008 0.0025 0.0079 0.0250 0.0797 0.2538 0.8082 1.0000 1.0000 1.0000 0.0009 0.0028 0.0090 0.0288 0.0916 0.2916 0.9285 1.0000 1.0000 1.0000 0.0010 0.0033 0.0104 0.0330 0.1052 0.3350 1.0000 1.0000 1.0000 1.0000 0.0012 0.0037 0.0119 0.0380 0.1209 0.3849 1.0000 1.0000 1.0000 1.0000 0.0013 0.0048 0.0116 0.0059 0.0016 1.0000 1.0000 1.0000 1.0000 0.4448 0.1397 0.0439 0.0138 0.0043 0.0014 1.0000 1.0000 1.0000 1.0000 0.3871 0.1216 0.0382 0.0120 0.0038 0.0012 1.0000 1.0000 1.0000 1.0000 0.3369 0.1058 0.0332 0.0104 0.0033 0.0010 1.0000 1.0000 1.0000 0.9338 0.2933 0.0921 0.0289 0.0091 0.0029 0.0009 1.0000 1.0000 1.0000 0.8112 0.2557 0.0794 0.0275 0.0043
0.0116 0.0743 0.2159 0.6954 1.0000 1.0000 1.0000 0.0008 0.0024 0.0078 0.0247 0.0787 0.2504 0.7975 1.0000 1.0000 1.0000 0.0009 0.0028 0.0089 0.0284 0.0904 0.2877 0.9162 1.0000 1.0000 1.0000 0.0010 0.0032 0.0102 0.0326 0.1038 0.3306 1.0000 1.0000 1.0000 1.0000 0.0012 0.0037 0.0118 0.0375 0.1193 0.3798 1.0000 1.0000 1.0000 1.0000 0.0013 0.0042 0.0173 0.0327 0.0081 0.0034 0.0011 1.0000 1.0000 1.0000 0.9905 0.3117 0.0979 0.0307 0.0097 0.0030 0.0010 1.0000 1.0000 1.0000 0.8638 0.2713 0.0852 0.0268 0.0084 0.0026 0.0008 1.0000 1.0000 1.0000 0.7518 0.2361 0.0741 0.0233 0.0073 0.0023 1.0000 1.0000 1.0000 1.0000 0.6544 0.2055 0.0645 0.0203 0.0064 0.0020 1.0000 1.0000 1.0000 1.0000 0.5717 0.1782 0.0620 0.0102
0.0364 0.2334 0.6771 1.0000 1.0000 1.0000 0.0008 0.0024 0.0077 0.0244 0.0776 0.2471 0.7869 1.0000 1.0000 1.0000 0.0009 0.0028 0.0088 0.0280 0.0892 0.2839 0.9041 1.0000 1.0000 1.0000 0.0010 0.0032 0.0101 0.0322 0.1025 0.3262 1.0000 1.0000 1.0000 1.0000 0.0011 0.0036 0.0116 0.0370 0.1177 0.3748 1.0000 1.0000 1.0000 1.0000 0.0013 0.0041 0.0140 0.0529 0.0170 0.0011 0.0014 1.0000 1.0000 1.0000 1.0000 0.4439 0.1397 0.0439 0.0138 0.0043 0.0014 1.0000 1.0000 1.0000 1.0000 0.3871 0.1216 0.0382 0.0120 0.0038 0.0012 1.0000 1.0000 1.0000 1.0000 0.3369 0.1058 0.0332 0.0104 0.0033 0.0010 1.0000 1.0000 1.0000 0.9338 0.2933 0.0921 0.0289 0.0091 0.0029 0.0009 1.0000 1.0000 1.0000 0.8112 0.2557 0.0794 0.0275 0.0043
0.1140 0.7293 1.0000 1.0000 1.0000 0.0007 0.0024 0.0075 0.0240 0.0763 0.2429 0.7736 1.0000 1.0000 1.0000 0.0009 0.0027 0.0086 0.0275 0.0877 0.2791 0.8888 1.0000 1.0000 1.0000 0.0010 0.0031 0.0099 0.0316 0.1007 0.3207 1.0000 1.0000 1.0000 1.0000 0.0011 0.0036 0.0114 0.0363 0.1157 0.3685 1.0000 1.0000 1.0000 1.0000 0.0013 0.0041 0.0130 0.0431 0.1394 0.1833 1.0000 1.0000 1.0000 1.0000 1.0000 0.3901 0.1230 0.0385 0.0121 0.0038 0.0012 1.0000 1.0000 1.0000 1.0000 0.3408 0.1070 0.0336 0.0106 0.0033 0.0010 1.0000 1.0000 1.0000 0.9445 0.2966 0.0932 0.0293 0.0092 0.0029 0.0009 1.0000 1.0000 1.0000 0.8221 0.2582 0.0811 0.0255 0.0080 0.0025 0.0008 1.0000 1.0000 1.0000 0.7155 0.2247 0.0706 0.0220 0.0076 0.0012
0.3643 1.0000 1.0000 1.0000 0.0007 0.0023 0.0075 0.0238 0.0759 0.2416 0.7692 1.0000 1.0000 1.0000 0.0008 0.0027 0.0086 0.0274 0.0872 0.2775 0.8837 1.0000 1.0000 1.0000 0.0010 0.0031 0.0099 0.0314 0.1001 0.3189 1.0000 1.0000 1.0000 1.0000 0.0011 0.0036 0.0113 0.0361 0.1151 0.3664 1.0000 1.0000 1.0000 1.0000 0.0013 0.0041 0.0130 0.0414 0.1352 0.4169 0.7490 1.0000 1.0000 1.0000 1.0000 0.3901 0.1234 0.0388 0.0122 0.0038 0.0012 1.0000 1.0000 1.0000 1.0000 0.3428 0.1076 0.0338 0.0106 0.0033 0.0010 1.0000 1.0000 1.0000 0.9499 0.2983 0.0937 0.0294 0.0092 0.0029 0.0009 1.0000 1.0000 1.0000 0.8268 0.2597 0.0815 0.0256 0.0080 0.0025 0.0008 1.0000 1.0000 1.0000 0.7196 0.2260 0.0710 0.0223 0.0069 0.0024 0.0004
1.0000 1.0000 1.0000 0.0008 0.0027 0.0085 0.0271 0.0862 0.2744 0.8737 1.0000 1.0000 1.0000 0.0010 0.0031 0.0098 0.0311 0.0990 0.3152 1.0000 1.0000 1.0000 1.0000 0.0011 0.0035 0.0112 0.0357 0.1137 0.3622 1.0000 1.0000 1.0000 1.0000 0.0013 0.0040 0.0129 0.0410 0.1307 0.4161 1.0000 1.0000 1.0000 1.0000 0.0015 0.0047 0.0149 0.0473 0.1510 0.4836 1.0000 1.0000 1.0000 1.0000 1.0000 0.3923 0.1246 0.0393 0.0124 0.0039 0.0012 1.0000 1.0000 1.0000 1.0000 0.3487 0.1095 0.0344 0.0108 0.0034 0.0011 1.0000 1.0000 1.0000 0.9663 0.3035 0.0953 0.0299 0.0094 0.0030 0.0009 1.0000 1.0000 1.0000 0.8411 0.2641 0.0830 0.0261 0.0082 0.0026 0.0008 1.0000 1.0000 1.0000 0.7321 0.2299 0.0722 0.0227 0.0071 0.0022 0.0008 1.0000
1.0000 1.0000 1.0000 0.0019 0.0059 0.0189 0.0603 0.1919 0.6111 1.0000 1.0000 1.0000 1.0000 0.0021 0.0068 0.0217 0.0692 0.2205 0.7021 1.0000 1.0000 1.0000 1.0000 0.0025 0.0078 0.0250 0.0796 0.2533 0.8066 1.0000 1.0000 1.0000 0.0009 0.0028 0.0090 0.0287 0.0914 0.2910 0.9250 1.0000 1.0000 1.0000 0.0010 0.0032 0.0102 0.0325 0.1030 0.3262 1.0000 1.0000 1.0000 1.0000 1.0000 0.3864 0.1249 0.0394 0.0124 0.0039 0.0012 1.0000 1.0000 1.0000 1.0000 0.3534 0.1110 0.0349 0.0109 0.0034 0.0011 1.0000 1.0000 1.0000 0.9793 0.3075 0.0966 0.0303 0.0095 0.0030 0.0009 1.0000 1.0000 1.0000 0.8524 0.2677 0.0841 0.0264 0.0083 0.0026 0.0008 1.0000 1.0000 1.0000 0.7419 0.2330 0.0732 0.0230 0.0072 0.0023 0.0007 1.0000 1.0000
