0.3198 0.2820 0.3273 0.3785 0.4139 0.4278 0.4252 0.4008 0.3351 0.2559 0.2526 0.2825 0.3275 0.3787 0.4141 0.4278 0.4251 0.4006 0.3346 0.2558 0.2527 0.2827 0.3277 0.3789 0.4142 0.4278 0.4250 0.4004 0.3341 0.2556 0.2528 0.2829 0.3280 0.3792 0.4143 0.4278 0.4250 0.4002 0.3336 0.2554 0.2529 0.2831 0.3282 0.3794 0.4144 0.4279 0.4249 0.4002 0.3319 0.2547 0.2448 0.2547 0.3319 0.4002 0.4249 0.4279 0.4144 0.3794 0.3282 0.2831 0.2529 0.2554 0.3336 0.4002 0.4250 0.4278 0.4143 0.3792 0.3280 0.2829 0.2528 0.2556 0.3341 0.4004 0.4250 0.4278 0.4142 0.3789 0.3277 0.2827 0.2527 0.2558 0.3346 0.4006 0.4251 0.4278 0.4141 0.3787 0.3275 0.2825 0.2526 0.2559 0.3351 0.4008 0.4252 0.4278 0.4139 0.3785 0.3273 0.2820 0.3198
0.2820 0.3045 0.3757 0.4209 0.4289 0.4144 0.3772 0.2937 0.1916 0.1934 0.2409 0.3049 0.3763 0.4210 0.4289 0.4143 0.3769 0.2930 0.1914 0.1937 0.2411 0.3053 0.3766 0.4211 0.4289 0.4142 0.3767 0.2924 0.1912 0.1938 0.2414 0.3056 0.3770 0.4212 0.4288 0.4141 0.3764 0.2918 0.1909 0.1941 0.2417 0.3060 0.3773 0.4213 0.4288 0.4139 0.3761 0.2912 0.1913 0.1956 0.2172 0.1956 0.1913 0.2912 0.3761 0.4139 0.4288 0.4213 0.3773 0.3060 0.2417 0.1941 0.1909 0.2918 0.3764 0.4141 0.4288 0.4212 0.3770 0.3056 0.2414 0.1938 0.1912 0.2924 0.3767 0.4142 0.4289 0.4211 0.3766 0.3053 0.2411 0.1937 0.1914 0.2930 0.3769 0.4143 0.4289 0.4210 0.3763 0.3049 0.2409 0.1934 0.1916 0.2937 0.3772 0.4144 0.4289 0.4209 0.3757 0.3045 0.2820
0.3273 0.3757 0.4193 0.4267 0.4133 0.3767 0.2924 0.1911 0.1938 0.2415 0.3057 0.3768 0.4196 0.4267 0.4131 0.3763 0.2916 0.1908 0.1941 0.2418 0.3061 0.3771 0.4197 0.4267 0.4130 0.3760 0.2910 0.1906 0.1943 0.2421 0.3064 0.3774 0.4198 0.4266 0.4129 0.3757 0.2903 0.1904 0.1945 0.2423 0.3068 0.3777 0.4199 0.4266 0.4128 0.3755 0.2897 0.1901 0.1964 0.2447 0.2756 0.2447 0.1964 0.1901 0.2897 0.3755 0.4128 0.4266 0.4199 0.3777 0.3068 0.2423 0.1945 0.1904 0.2903 0.3757 0.4129 0.4266 0.4198 0.3774 0.3064 0.2421 0.1943 0.1906 0.2910 0.3760 0.4130 0.4267 0.4197 0.3771 0.3061 0.2418 0.1941 0.1908 0.2916 0.3763 0.4131 0.4267 0.4196 0.3768 0.3057 0.2415 0.1938 0.1911 0.2924 0.3767 0.4133 0.4267 0.4193 0.3757 0.3273
0.3785 0.4209 0.4267 0.4132 0.3763 0.2913 0.1906 0.1943 0.2420 0.3065 0.3775 0.4200 0.4268 0.4129 0.3756 0.2901 0.1903 0.1945 0.2424 0.3069 0.3779 0.4201 0.4268 0.4128 0.3754 0.2895 0.1901 0.1947 0.2427 0.3073 0.3782 0.4202 0.4268 0.4126 0.3751 0.2889 0.1899 0.1949 0.2430 0.3076 0.3785 0.4203 0.4268 0.4125 0.3748 0.2883 0.1897 0.1951 0.2455 0.3110 0.3484 0.3110 0.2455 0.1951 0.1897 0.2883 0.3748 0.4125 0.4268 0.4203 0.3785 0.3076 0.2430 0.1949 0.1899 0.2889 0.3751 0.4126 0.4268 0.4202 0.3782 0.3073 0.2427 0.1947 0.1901 0.2895 0.3754 0.4128 0.4268 0.4201 0.3779 0.3069 0.2424 0.1945 0.1903 0.2901 0.3756 0.4129 0.4268 0.4200 0.3775 0.3065 0.2420 0.1943 0.1906 0.2913 0.3763 0.4132 0.4267 0.4209 0.3785
0.4139 0.4289 0.4133 0.3763 0.2909 0.1903 0.1946 0.2427 0.3073 0.3782 0.4202 0.4267 0.4126 0.3750 0.2887 0.1898 0.1950 0.2431 0.3077 0.3786 0.4203 0.4267 0.4125 0.3747 0.2881 0.1896 0.1952 0.2434 0.3081 0.3789 0.4204 0.4267 0.4124 0.3745 0.2875 0.1894 0.1954 0.2437 0.3084 0.3792 0.4205 0.4267 0.4122 0.3742 0.2869 0.1892 0.1955 0.2439 0.3113 0.3831 0.4105 0.3831 0.3113 0.2439 0.1955 0.1892 0.2869 0.3742 0.4122 0.4267 0.4205 0.3792 0.3084 0.2437 0.1954 0.1894 0.2875 0.3745 0.4124 0.4267 0.4204 0.3789 0.3081 0.2434 0.1952 0.1896 0.2881 0.3747 0.4125 0.4267 0.4203 0.3786 0.3077 0.2431 0.1950 0.1898 0.2887 0.3750 0.4126 0.4267 0.4202 0.3782 0.3073 0.2427 0.1946 0.1903 0.2909 0.3763 0.4133 0.4289 0.4139
0.4278 0.4144 0.3767 0.2913 0.1903 0.1948 0.2430 0.3079 0.3788 0.4205 0.4267 0.4123 0.3744 0.2873 0.1893 0.1955 0.2437 0.3085 0.3793 0.4206 0.4267 0.4122 0.3741 0.2867 0.1891 0.1957 0.2440 0.3089 0.3796 0.4207 0.4266 0.4121 0.3738 0.2861 0.1890 0.1959 0.2443 0.3093 0.3800 0.4207 0.4266 0.4120 0.3735 0.2855 0.1888 0.1961 0.2445 0.3095 0.3819 0.4226 0.4264 0.4226 0.3819 0.3095 0.2445 0.1961 0.1888 0.2855 0.3735 0.4120 0.4266 0.4207 0.3800 0.3093 0.2443 0.1959 0.1890 0.2861 0.3738 0.4121 0.4266 0.4207 0.3796 0.3089 0.2440 0.1957 0.1891 0.2867 0.3741 0.4122 0.4267 0.4206 0.3793 0.3085 0.2437 0.1955 0.1893 0.2873 0.3744 0.4123 0.4267 0.4205 0.3788 0.3079 0.2430 0.1948 0.1903 0.2913 0.3767 0.4144 0.4278
0.4252 0.3772 0.2924 0.1906 0.1946 0.2430 0.3082 0.3792 0.4206 0.4266 0.4121 0.3738 0.2859 0.1889 0.1959 0.2444 0.3094 0.3801 0.4208 0.4266 0.4119 0.3734 0.2853 0.1887 0.1961 0.2447 0.3097 0.3804 0.4209 0.4266 0.4118 0.3732 0.2846 0.1885 0.1963 0.2450 0.3101 0.3807 0.4210 0.4266 0.4117 0.3729 0.2840 0.1883 0.1965 0.2453 0.3104 0.3809 0.4211 0.4257 0.4148 0.4257 0.4211 0.3809 0.3104 0.2453 0.1965 0.1883 0.2840 0.3729 0.4117 0.4266 0.4210 0.3807 0.3101 0.2450 0.1963 0.1885 0.2846 0.3732 0.4118 0.4266 0.4209 0.3804 0.3097 0.2447 0.1961 0.1887 0.2853 0.3734 0.4119 0.4266 0.4208 0.3801 0.3094 0.2444 0.1959 0.1889 0.2859 0.3738 0.4121 0.4266 0.4206 0.3792 0.3082 0.2430 0.1946 0.1906 0.2924 0.3772 0.4252
0.4008 0.2937 0.1911 0.1943 0.2427 0.3079 0.3792 0.4206 0.4266 0.4119 0.3733 0.2846 0.1885 0.1964 0.2451 0.3102 0.3808 0.4210 0.4265 0.4116 0.3728 0.2838 0.1883 0.1966 0.2454 0.3106 0.3811 0.4211 0.4265 0.4115 0.3725 0.2832 0.1881 0.1968 0.2456 0.3109 0.3814 0.4212 0.4265 0.4114 0.3722 0.2826 0.1879 0.1970 0.2459 0.3113 0.3817 0.4212 0.4265 0.4081 0.3813 0.4081 0.4265 0.4212 0.3817 0.3113 0.2459 0.1970 0.1879 0.2826 0.3722 0.4114 0.4265 0.4212 0.3814 0.3109 0.2456 0.1968 0.1881 0.2832 0.3725 0.4115 0.4265 0.4211 0.3811 0.3106 0.2454 0.1966 0.1883 0.2838 0.3728 0.4116 0.4265 0.4210 0.3808 0.3102 0.2451 0.1964 0.1885 0.2846 0.3733 0.4119 0.4266 0.4206 0.3792 0.3079 0.2427 0.1943 0.1911 0.2937 0.4008
0.3351 0.1916 0.1938 0.2420 0.3073 0.3788 0.4206 0.4266 0.4118 0.3729 0.2837 0.1881 0.1968 0.2457 0.3110 0.3815 0.4212 0.4265 0.4114 0.3721 0.2824 0.1878 0.1971 0.2460 0.3114 0.3818 0.4213 0.4265 0.4112 0.3718 0.2818 0.1877 0.1973 0.2463 0.3118 0.3821 0.4214 0.4264 0.4111 0.3715 0.2812 0.1875 0.1975 0.2466 0.3121 0.3824 0.4215 0.4264 0.4110 0.3655 0.3113 0.3655 0.4110 0.4264 0.4215 0.3824 0.3121 0.2466 0.1975 0.1875 0.2812 0.3715 0.4111 0.4264 0.4214 0.3821 0.3118 0.2463 0.1973 0.1877 0.2818 0.3718 0.4112 0.4265 0.4213 0.3818 0.3114 0.2460 0.1971 0.1878 0.2824 0.3721 0.4114 0.4265 0.4212 0.3815 0.3110 0.2457 0.1968 0.1881 0.2837 0.3729 0.4118 0.4266 0.4206 0.3788 0.3073 0.2420 0.1938 0.1916 0.3351
0.2559 0.1934 0.2415 0.3065 0.3782 0.4205 0.4266 0.4119 0.3729 0.2833 0.1879 0.1971 0.2462 0.3118 0.3822 0.4214 0.4264 0.4111 0.3715 0.2809 0.1874 0.1975 0.2467 0.3122 0.3825 0.4215 0.4264 0.4109 0.3712 0.2803 0.1873 0.1977 0.2470 0.3126 0.3828 0.4216 0.4264 0.4108 0.3709 0.2797 0.1871 0.1979 0.2473 0.3129 0.3832 0.4217 0.4263 0.4108 0.3704 0.2765 0.2002 0.2765 0.3704 0.4108 0.4263 0.4217 0.3832 0.3129 0.2473 0.1979 0.1871 0.2797 0.3709 0.4108 0.4264 0.4216 0.3828 0.3126 0.2470 0.1977 0.1873 0.2803 0.3712 0.4109 0.4264 0.4215 0.3825 0.3122 0.2467 0.1975 0.1874 0.2809 0.3715 0.4111 0.4264 0.4214 0.3822 0.3118 0.2462 0.1971 0.1879 0.2833 0.3729 0.4119 0.4266 0.4205 0.3782 0.3065 0.2415 0.1934 0.2559
0.2526 0.2409 0.3057 0.3775 0.4202 0.4267 0.4121 0.3733 0.2837 0.1879 0.1972 0.2466 0.3123 0.3827 0.4216 0.4264 0.4108 0.3708 0.2795 0.1871 0.1980 0.2474 0.3131 0.3833 0.4217 0.4263 0.4106 0.3705 0.2789 0.1869 0.1982 0.2477 0.3134 0.3836 0.4218 0.4263 0.4105 0.3702 0.2783 0.1867 0.1984 0.2479 0.3138 0.3839 0.4219 0.4263 0.4104 0.3700 0.2770 0.1863 0.1807 0.1863 0.2770 0.3700 0.4104 0.4263 0.4219 0.3839 0.3138 0.2479 0.1984 0.1867 0.2783 0.3702 0.4105 0.4263 0.4218 0.3836 0.3134 0.2477 0.1982 0.1869 0.2789 0.3705 0.4106 0.4263 0.4217 0.3833 0.3131 0.2474 0.1980 0.1871 0.2795 0.3708 0.4108 0.4264 0.4216 0.3827 0.3123 0.2466 0.1972 0.1879 0.2837 0.3733 0.4121 0.4267 0.4202 0.3775 0.3057 0.2409 0.2526
0.2825 0.3049 0.3768 0.4200 0.4267 0.4123 0.3738 0.2846 0.1881 0.1971 0.2466 0.3125 0.3831 0.4217 0.4263 0.4105 0.3701 0.2781 0.1867 0.1985 0.2480 0.3139 0.3840 0.4219 0.4262 0.4103 0.3698 0.2774 0.1865 0.1987 0.2483 0.3143 0.3843 0.4220 0.4262 0.4102 0.3695 0.2768 0.1864 0.1989 0.2486 0.3146 0.3846 0.4220 0.4262 0.4101 0.3692 0.2762 0.1870 0.2003 0.2229 0.2003 0.1870 0.2762 0.3692 0.4101 0.4262 0.4220 0.3846 0.3146 0.2486 0.1989 0.1864 0.2768 0.3695 0.4102 0.4262 0.4220 0.3843 0.3143 0.2483 0.1987 0.1865 0.2774 0.3698 0.4103 0.4262 0.4219 0.3840 0.3139 0.2480 0.1985 0.1867 0.2781 0.3701 0.4105 0.4263 0.4217 0.3831 0.3125 0.2466 0.1971 0.1881 0.2846 0.3738 0.4123 0.4267 0.4200 0.3768 0.3049 0.2825
0.3275 0.3763 0.4196 0.4268 0.4126 0.3744 0.2859 0.1885 0.1968 0.2462 0.3123 0.3831 0.4218 0.4263 0.4103 0.3696 0.2768 0.1863 0.1990 0.2487 0.3147 0.3847 0.4221 0.4262 0.4100 0.3691 0.2760 0.1862 0.1992 0.2490 0.3151 0.3850 0.4221 0.4261 0.4099 0.3688 0.2754 0.1860 0.1994 0.2493 0.3155 0.3853 0.4222 0.4261 0.4098 0.3685 0.2747 0.1859 0.2013 0.2517 0.2833 0.2517 0.2013 0.1859 0.2747 0.3685 0.4098 0.4261 0.4222 0.3853 0.3155 0.2493 0.1994 0.1860 0.2754 0.3688 0.4099 0.4261 0.4221 0.3850 0.3151 0.2490 0.1992 0.1862 0.2760 0.3691 0.4100 0.4262 0.4221 0.3847 0.3147 0.2487 0.1990 0.1863 0.2768 0.3696 0.4103 0.4263 0.4218 0.3831 0.3123 0.2462 0.1968 0.1885 0.2859 0.3744 0.4126 0.4268 0.4196 0.3763 0.3275
0.3787 0.4210 0.4267 0.4129 0.3750 0.2873 0.1889 0.1964 0.2457 0.3118 0.3827 0.4217 0.4263 0.4102 0.3693 0.2759 0.1861 0.1994 0.2494 0.3156 0.3854 0.4223 0.4261 0.4097 0.3684 0.2745 0.1858 0.1996 0.2497 0.3159 0.3857 0.4223 0.4261 0.4096 0.3681 0.2739 0.1857 0.1999 0.2500 0.3163 0.3860 0.4224 0.4260 0.4095 0.3678 0.2733 0.1855 0.2000 0.2526 0.3198 0.3573 0.3198 0.2526 0.2000 0.1855 0.2733 0.3678 0.4095 0.4260 0.4224 0.3860 0.3163 0.2500 0.1999 0.1857 0.2739 0.3681 0.4096 0.4261 0.4223 0.3857 0.3159 0.2497 0.1996 0.1858 0.2745 0.3684 0.4097 0.4261 0.4223 0.3854 0.3156 0.2494 0.1994 0.1861 0.2759 0.3693 0.4102 0.4263 0.4217 0.3827 0.3118 0.2457 0.1964 0.1889 0.2873 0.3750 0.4129 0.4267 0.4210 0.3787
0.4141 0.4289 0.4131 0.3756 0.2887 0.1893 0.1959 0.2451 0.3110 0.3822 0.4216 0.4263 0.4103 0.3693 0.2755 0.1859 0.1997 0.2499 0.3163 0.3860 0.4224 0.4260 0.4094 0.3677 0.2731 0.1855 0.2001 0.2504 0.3168 0.3864 0.4225 0.4260 0.4093 0.3674 0.2725 0.1854 0.2003 0.2507 0.3171 0.3867 0.4226 0.4259 0.4092 0.3671 0.2718 0.1852 0.2005 0.2509 0.3200 0.3904 0.4148 0.3904 0.3200 0.2509 0.2005 0.1852 0.2718 0.3671 0.4092 0.4259 0.4226 0.3867 0.3171 0.2507 0.2003 0.1854 0.2725 0.3674 0.4093 0.4260 0.4225 0.3864 0.3168 0.2504 0.2001 0.1855 0.2731 0.3677 0.4094 0.4260 0.4224 0.3860 0.3163 0.2499 0.1997 0.1859 0.2755 0.3693 0.4103 0.4263 0.4216 0.3822 0.3110 0.2451 0.1959 0.1893 0.2887 0.3756 0.4131 0.4289 0.4141
0.4278 0.4143 0.3763 0.2901 0.1898 0.1955 0.2444 0.3102 0.3815 0.4214 0.4264 0.4105 0.3696 0.2759 0.1859 0.1998 0.2502 0.3168 0.3866 0.4226 0.4259 0.4091 0.3670 0.2716 0.1852 0.2006 0.2511 0.3176 0.3870 0.4227 0.4259 0.4090 0.3667 0.2710 0.1851 0.2008 0.2514 0.3180 0.3873 0.4228 0.4259 0.4089 0.3664 0.2704 0.1849 0.2010 0.2516 0.3182 0.3891 0.4243 0.4261 0.4243 0.3891 0.3182 0.2516 0.2010 0.1849 0.2704 0.3664 0.4089 0.4259 0.4228 0.3873 0.3180 0.2514 0.2008 0.1851 0.2710 0.3667 0.4090 0.4259 0.4227 0.3870 0.3176 0.2511 0.2006 0.1852 0.2716 0.3670 0.4091 0.4259 0.4226 0.3866 0.3168 0.2502 0.1998 0.1859 0.2759 0.3696 0.4105 0.4264 0.4214 0.3815 0.3102 0.2444 0.1955 0.1898 0.2901 0.3763 0.4143 0.4278
0.4251 0.3769 0.2916 0.1903 0.1950 0.2437 0.3094 0.3808 0.4212 0.4264 0.4108 0.3701 0.2768 0.1861 0.1997 0.2502 0.3171 0.3869 0.4227 0.4259 0.4089 0.3664 0.2702 0.1849 0.2011 0.2518 0.3185 0.3877 0.4229 0.4258 0.4087 0.3660 0.2696 0.1848 0.2013 0.2520 0.3188 0.3880 0.4229 0.4258 0.4085 0.3657 0.2689 0.1846 0.2015 0.2523 0.3191 0.3882 0.4230 0.4246 0.4122 0.4246 0.4230 0.3882 0.3191 0.2523 0.2015 0.1846 0.2689 0.3657 0.4085 0.4258 0.4229 0.3880 0.3188 0.2520 0.2013 0.1848 0.2696 0.3660 0.4087 0.4258 0.4229 0.3877 0.3185 0.2518 0.2011 0.1849 0.2702 0.3664 0.4089 0.4259 0.4227 0.3869 0.3171 0.2502 0.1997 0.1861 0.2768 0.3701 0.4108 0.4264 0.4212 0.3808 0.3094 0.2437 0.1950 0.1903 0.2916 0.3769 0.4251
0.4006 0.2930 0.1908 0.1945 0.2431 0.3085 0.3801 0.4210 0.4265 0.4111 0.3708 0.2781 0.1863 0.1994 0.2499 0.3168 0.3869 0.4227 0.4258 0.4087 0.3658 0.2689 0.1846 0.2016 0.2524 0.3193 0.3884 0.4230 0.4257 0.4084 0.3653 0.2681 0.1845 0.2018 0.2527 0.3197 0.3887 0.4231 0.4257 0.4082 0.3650 0.2675 0.1844 0.2020 0.2530 0.3200 0.3889 0.4231 0.4257 0.4046 0.3752 0.4046 0.4257 0.4231 0.3889 0.3200 0.2530 0.2020 0.1844 0.2675 0.3650 0.4082 0.4257 0.4231 0.3887 0.3197 0.2527 0.2018 0.1845 0.2681 0.3653 0.4084 0.4257 0.4230 0.3884 0.3193 0.2524 0.2016 0.1846 0.2689 0.3658 0.4087 0.4258 0.4227 0.3869 0.3168 0.2499 0.1994 0.1863 0.2781 0.3708 0.4111 0.4265 0.4210 0.3801 0.3085 0.2431 0.1945 0.1908 0.2930 0.4006
0.3346 0.1914 0.1941 0.2424 0.3077 0.3793 0.4208 0.4265 0.4114 0.3715 0.2795 0.1867 0.1990 0.2494 0.3163 0.3866 0.4227 0.4258 0.4086 0.3654 0.2680 0.1844 0.2020 0.2531 0.3201 0.3891 0.4232 0.4256 0.4080 0.3645 0.2667 0.1842 0.2023 0.2534 0.3205 0.3894 0.4233 0.4256 0.4079 0.3642 0.2660 0.1841 0.2025 0.2537 0.3209 0.3896 0.4233 0.4256 0.4077 0.3580 0.2991 0.3580 0.4077 0.4256 0.4233 0.3896 0.3209 0.2537 0.2025 0.1841 0.2660 0.3642 0.4079 0.4256 0.4233 0.3894 0.3205 0.2534 0.2023 0.1842 0.2667 0.3645 0.4080 0.4256 0.4232 0.3891 0.3201 0.2531 0.2020 0.1844 0.2680 0.3654 0.4086 0.4258 0.4227 0.3866 0.3163 0.2494 0.1990 0.1867 0.2795 0.3715 0.4114 0.4265 0.4208 0.3793 0.3077 0.2424 0.1941 0.1914 0.3346
0.2558 0.1937 0.2418 0.3069 0.3786 0.4206 0.4266 0.4116 0.3721 0.2809 0.1871 0.1985 0.2487 0.3156 0.3860 0.4226 0.4259 0.4087 0.3654 0.2676 0.1843 0.2023 0.2536 0.3209 0.3897 0.4233 0.4255 0.4077 0.3638 0.2652 0.1840 0.2028 0.2541 0.3213 0.3900 0.4234 0.4255 0.4076 0.3635 0.2646 0.1839 0.2030 0.2544 0.3217 0.3903 0.4235 0.4254 0.4075 0.3630 0.2617 0.1907 0.2617 0.3630 0.4075 0.4254 0.4235 0.3903 0.3217 0.2544 0.2030 0.1839 0.2646 0.3635 0.4076 0.4255 0.4234 0.3900 0.3213 0.2541 0.2028 0.1840 0.2652 0.3638 0.4077 0.4255 0.4233 0.3897 0.3209 0.2536 0.2023 0.1843 0.2676 0.3654 0.4087 0.4259 0.4226 0.3860 0.3156 0.2487 0.1985 0.1871 0.2809 0.3721 0.4116 0.4266 0.4206 0.3786 0.3069 0.2418 0.1937 0.2558
0.2527 0.2411 0.3061 0.3779 0.4203 0.4267 0.4119 0.3728 0.2824 0.1874 0.1980 0.2480 0.3147 0.3854 0.4224 0.4259 0.4089 0.3658 0.2680 0.1843 0.2025 0.2540 0.3214 0.3902 0.4235 0.4254 0.4074 0.3631 0.2637 0.1837 0.2033 0.2548 0.3222 0.3907 0.4236 0.4254 0.4073 0.3627 0.2631 0.1836 0.2035 0.2551 0.3225 0.3910 0.4236 0.4253 0.4071 0.3626 0.2619 0.1835 0.1846 0.1835 0.2619 0.3626 0.4071 0.4253 0.4236 0.3910 0.3225 0.2551 0.2035 0.1836 0.2631 0.3627 0.4073 0.4254 0.4236 0.3907 0.3222 0.2548 0.2033 0.1837 0.2637 0.3631 0.4074 0.4254 0.4235 0.3902 0.3214 0.2540 0.2025 0.1843 0.2680 0.3658 0.4089 0.4259 0.4224 0.3854 0.3147 0.2480 0.1980 0.1874 0.2824 0.3728 0.4119 0.4267 0.4203 0.3779 0.3061 0.2411 0.2527
0.2827 0.3053 0.3771 0.4201 0.4267 0.4122 0.3734 0.2838 0.1878 0.1975 0.2474 0.3139 0.3847 0.4223 0.4260 0.4091 0.3664 0.2689 0.1844 0.2023 0.2540 0.3216 0.3905 0.4236 0.4254 0.4071 0.3624 0.2623 0.1835 0.2038 0.2555 0.3230 0.3913 0.4237 0.4253 0.4069 0.3620 0.2617 0.1834 0.2040 0.2558 0.3234 0.3916 0.4238 0.4252 0.4068 0.3617 0.2611 0.1843 0.2056 0.2292 0.2056 0.1843 0.2611 0.3617 0.4068 0.4252 0.4238 0.3916 0.3234 0.2558 0.2040 0.1834 0.2617 0.3620 0.4069 0.4253 0.4237 0.3913 0.3230 0.2555 0.2038 0.1835 0.2623 0.3624 0.4071 0.4254 0.4236 0.3905 0.3216 0.2540 0.2023 0.1844 0.2689 0.3664 0.4091 0.4260 0.4223 0.3847 0.3139 0.2474 0.1975 0.1878 0.2838 0.3734 0.4122 0.4267 0.4201 0.3771 0.3053 0.2827
0.3277 0.3766 0.4197 0.4268 0.4125 0.3741 0.2853 0.1883 0.1971 0.2467 0.3131 0.3840 0.4221 0.4261 0.4094 0.3670 0.2702 0.1846 0.2020 0.2536 0.3214 0.3905 0.4236 0.4253 0.4069 0.3618 0.2610 0.1833 0.2043 0.2562 0.3239 0.3920 0.4239 0.4252 0.4066 0.3612 0.2602 0.1832 0.2045 0.2565 0.3242 0.3923 0.4239 0.4251 0.4064 0.3609 0.2596 0.1831 0.2066 0.2590 0.2917 0.2590 0.2066 0.1831 0.2596 0.3609 0.4064 0.4251 0.4239 0.3923 0.3242 0.2565 0.2045 0.1832 0.2602 0.3612 0.4066 0.4252 0.4239 0.3920 0.3239 0.2562 0.2043 0.1833 0.2610 0.3618 0.4069 0.4253 0.4236 0.3905 0.3214 0.2536 0.2020 0.1846 0.2702 0.3670 0.4094 0.4261 0.4221 0.3840 0.3131 0.2467 0.1971 0.1883 0.2853 0.3741 0.4125 0.4268 0.4197 0.3766 0.3277
0.3789 0.4211 0.4267 0.4128 0.3747 0.2867 0.1887 0.1966 0.2460 0.3122 0.3833 0.4219 0.4262 0.4097 0.3677 0.2716 0.1849 0.2016 0.2531 0.3209 0.3902 0.4236 0.4253 0.4068 0.3614 0.2601 0.1831 0.2048 0.2569 0.3247 0.3926 0.4240 0.4251 0.4062 0.3605 0.2588 0.1830 0.2050 0.2572 0.3251 0.3929 0.4241 0.4250 0.4061 0.3601 0.2581 0.1829 0.2052 0.2599 0.3287 0.3661 0.3287 0.2599 0.2052 0.1829 0.2581 0.3601 0.4061 0.4250 0.4241 0.3929 0.3251 0.2572 0.2050 0.1830 0.2588 0.3605 0.4062 0.4251 0.4240 0.3926 0.3247 0.2569 0.2047 0.1831 0.2602 0.3614 0.4068 0.4253 0.4236 0.3902 0.3209 0.2531 0.2016 0.1849 0.2716 0.3677 0.4097 0.4262 0.4219 0.3833 0.3122 0.2460 0.1966 0.1887 0.2867 0.3747 0.4128 0.4267 0.4211 0.3789
0.4142 0.4289 0.4130 0.3754 0.2881 0.1891 0.1961 0.2454 0.3114 0.3825 0.4217 0.4262 0.4100 0.3684 0.2731 0.1852 0.2011 0.2524 0.3201 0.3897 0.4235 0.4254 0.4069 0.3614 0.2597 0.1830 0.2051 0.2574 0.3255 0.3932 0.4241 0.4250 0.4059 0.3597 0.2573 0.1828 0.2055 0.2579 0.3259 0.3935 0.4242 0.4249 0.4058 0.3594 0.2567 0.1827 0.2057 0.2582 0.3287 0.3972 0.4182 0.3972 0.3287 0.2582 0.2057 0.1827 0.2567 0.3594 0.4058 0.4249 0.4242 0.3935 0.3259 0.2579 0.2055 0.1828 0.2573 0.3597 0.4059 0.4250 0.4241 0.3932 0.3254 0.2574 0.2050 0.1831 0.2599 0.3614 0.4069 0.4254 0.4235 0.3897 0.3201 0.2524 0.2011 0.1852 0.2731 0.3684 0.4100 0.4262 0.4217 0.3825 0.3114 0.2454 0.1961 0.1891 0.2881 0.3754 0.4130 0.4289 0.4142
0.4278 0.4142 0.3760 0.2895 0.1896 0.1957 0.2447 0.3106 0.3818 0.4215 0.4263 0.4103 0.3691 0.2745 0.1855 0.2006 0.2518 0.3193 0.3891 0.4233 0.4254 0.4071 0.3618 0.2601 0.1830 0.2052 0.2577 0.3259 0.3937 0.4243 0.4249 0.4056 0.3589 0.2559 0.1826 0.2060 0.2587 0.3268 0.3942 0.4243 0.4248 0.4054 0.3586 0.2553 0.1826 0.2063 0.2589 0.3270 0.3956 0.4256 0.4254 0.4256 0.3956 0.3270 0.2589 0.2063 0.1826 0.2553 0.3586 0.4054 0.4248 0.4243 0.3942 0.3268 0.2587 0.2060 0.1826 0.2559 0.3589 0.4056 0.4249 0.4243 0.3937 0.3259 0.2577 0.2051 0.1831 0.2602 0.3618 0.4071 0.4254 0.4233 0.3891 0.3193 0.2518 0.2006 0.1855 0.2745 0.3691 0.4103 0.4263 0.4215 0.3818 0.3106 0.2447 0.1957 0.1896 0.2895 0.3760 0.4142 0.4278
0.4250 0.3767 0.2910 0.1901 0.1952 0.2440 0.3097 0.3811 0.4213 0.4264 0.4106 0.3698 0.2760 0.1858 0.2001 0.2511 0.3185 0.3884 0.4232 0.4255 0.4074 0.3624 0.2610 0.1831 0.2050 0.2577 0.3261 0.3939 0.4243 0.4248 0.4053 0.3582 0.2544 0.1825 0.2066 0.2594 0.3276 0.3948 0.4245 0.4247 0.4051 0.3578 0.2538 0.1824 0.2068 0.2597 0.3279 0.3949 0.4246 0.4232 0.4092 0.4232 0.4246 0.3949 0.3279 0.2597 0.2068 0.1824 0.2538 0.3578 0.4051 0.4247 0.4245 0.3948 0.3276 0.2594 0.2066 0.1825 0.2544 0.3582 0.4053 0.4248 0.4243 0.3939 0.3261 0.2577 0.2050 0.1831 0.2610 0.3624 0.4074 0.4255 0.4232 0.3884 0.3185 0.2511 0.2001 0.1858 0.2760 0.3698 0.4106 0.4264 0.4213 0.3811 0.3097 0.2440 0.1952 0.1901 0.2910 0.3767 0.4250
0.4004 0.2924 0.1906 0.1947 0.2434 0.3089 0.3804 0.4211 0.4265 0.4109 0.3705 0.2774 0.1862 0.1996 0.2504 0.3176 0.3877 0.4230 0.4256 0.4077 0.3631 0.2623 0.1833 0.2047 0.2574 0.3259 0.3939 0.4244 0.4247 0.4051 0.3576 0.2532 0.1823 0.2071 0.2601 0.3285 0.3954 0.4246 0.4246 0.4047 0.3570 0.2524 0.1822 0.2073 0.2604 0.3288 0.3956 0.4246 0.4245 0.4008 0.3685 0.4008 0.4245 0.4246 0.3956 0.3288 0.2604 0.2073 0.1822 0.2524 0.3570 0.4047 0.4246 0.4246 0.3954 0.3285 0.2601 0.2071 0.1823 0.2532 0.3576 0.4051 0.4247 0.4244 0.3939 0.3259 0.2574 0.2047 0.1833 0.2623 0.3631 0.4077 0.4256 0.4230 0.3877 0.3176 0.2504 0.1996 0.1862 0.2774 0.3705 0.4109 0.4265 0.4211 0.3804 0.3089 0.2434 0.1947 0.1906 0.2924 0.4004
0.3341 0.1912 0.1943 0.2427 0.3081 0.3796 0.4209 0.4265 0.4112 0.3712 0.2789 0.1865 0.1992 0.2497 0.3168 0.3870 0.4229 0.4257 0.4080 0.3638 0.2637 0.1835 0.2043 0.2569 0.3254 0.3937 0.4243 0.4247 0.4050 0.3573 0.2524 0.1822 0.2075 0.2607 0.3293 0.3960 0.4247 0.4244 0.4043 0.3562 0.2509 0.1821 0.2078 0.2611 0.3297 0.3962 0.4248 0.4244 0.4042 0.3497 0.2859 0.3497 0.4042 0.4244 0.4248 0.3962 0.3297 0.2611 0.2078 0.1821 0.2509 0.3562 0.4043 0.4244 0.4247 0.3960 0.3293 0.2607 0.2075 0.1822 0.2524 0.3573 0.4050 0.4247 0.4243 0.3937 0.3254 0.2569 0.2043 0.1835 0.2637 0.3638 0.4080 0.4257 0.4229 0.3870 0.3168 0.2497 0.1992 0.1865 0.2789 0.3712 0.4112 0.4265 0.4209 0.3796 0.3081 0.2427 0.1943 0.1912 0.3341
0.2556 0.1938 0.2421 0.3073 0.3789 0.4207 0.4266 0.4115 0.3718 0.2803 0.1869 0.1987 0.2490 0.3159 0.3864 0.4227 0.4258 0.4084 0.3645 0.2652 0.1837 0.2038 0.2562 0.3247 0.3932 0.4243 0.4248 0.4051 0.3573 0.2521 0.1822 0.2078 0.2613 0.3300 0.3965 0.4249 0.4243 0.4040 0.3554 0.2495 0.1820 0.2083 0.2618 0.3305 0.3968 0.4249 0.4243 0.4039 0.3548 0.2468 0.1835 0.2468 0.3548 0.4039 0.4243 0.4249 0.3968 0.3305 0.2618 0.2083 0.1820 0.2495 0.3554 0.4040 0.4243 0.4249 0.3965 0.3300 0.2613 0.2078 0.1822 0.2521 0.3573 0.4051 0.4248 0.4243 0.3932 0.3247 0.2562 0.2038 0.1837 0.2652 0.3645 0.4084 0.4258 0.4227 0.3864 0.3159 0.2490 0.1987 0.1869 0.2803 0.3718 0.4115 0.4266 0.4207 0.3789 0.3073 0.2421 0.1938 0.2556
0.2528 0.2414 0.3064 0.3782 0.4204 0.4266 0.4118 0.3725 0.2818 0.1873 0.1982 0.2483 0.3151 0.3857 0.4225 0.4259 0.4087 0.3653 0.2667 0.1840 0.2033 0.2555 0.3239 0.3926 0.4241 0.4249 0.4053 0.3576 0.2524 0.1822 0.2079 0.2616 0.3305 0.3970 0.4250 0.4242 0.4036 0.3545 0.2481 0.1819 0.2089 0.2626 0.3314 0.3974 0.4250 0.4241 0.4035 0.3543 0.2470 0.1820 0.1890 0.1820 0.2470 0.3543 0.4035 0.4241 0.4250 0.3974 0.3314 0.2626 0.2089 0.1819 0.2481 0.3545 0.4036 0.4242 0.4250 0.3970 0.3305 0.2616 0.2079 0.1822 0.2524 0.3576 0.4053 0.4249 0.4241 0.3926 0.3239 0.2555 0.2033 0.1840 0.2667 0.3653 0.4087 0.4259 0.4225 0.3857 0.3151 0.2483 0.1982 0.1873 0.2818 0.3725 0.4118 0.4266 0.4204 0.3782 0.3064 0.2414 0.2528
0.2829 0.3056 0.3774 0.4202 0.4267 0.4121 0.3732 0.2832 0.1877 0.1977 0.2477 0.3143 0.3850 0.4223 0.4260 0.4090 0.3660 0.2681 0.1842 0.2028 0.2548 0.3230 0.3920 0.4240 0.4250 0.4056 0.3582 0.2532 0.1822 0.2078 0.2616 0.3307 0.3972 0.4250 0.4241 0.4033 0.3538 0.2467 0.1818 0.2094 0.2633 0.3322 0.3980 0.4251 0.4240 0.4031 0.3534 0.2461 0.1828 0.2110 0.2357 0.2110 0.1828 0.2461 0.3534 0.4031 0.4240 0.4251 0.3980 0.3322 0.2633 0.2094 0.1818 0.2467 0.3538 0.4033 0.4241 0.4250 0.3972 0.3307 0.2616 0.2078 0.1822 0.2532 0.3582 0.4056 0.4250 0.4240 0.3920 0.3230 0.2548 0.2028 0.1842 0.2681 0.3660 0.4090 0.4260 0.4223 0.3850 0.3143 0.2477 0.1977 0.1877 0.2832 0.3732 0.4121 0.4267 0.4202 0.3774 0.3056 0.2829
0.3280 0.3770 0.4198 0.4268 0.4124 0.3738 0.2846 0.1881 0.1973 0.2470 0.3134 0.3843 0.4221 0.4261 0.4093 0.3667 0.2696 0.1845 0.2023 0.2541 0.3222 0.3913 0.4239 0.4251 0.4059 0.3589 0.2544 0.1823 0.2075 0.2613 0.3305 0.3972 0.4251 0.4241 0.4031 0.3532 0.2455 0.1817 0.2099 0.2640 0.3331 0.3986 0.4253 0.4239 0.4027 0.3525 0.2446 0.1816 0.2120 0.2666 0.3003 0.2666 0.2120 0.1816 0.2446 0.3525 0.4027 0.4239 0.4253 0.3986 0.3331 0.2640 0.2099 0.1817 0.2455 0.3532 0.4031 0.4241 0.4251 0.3972 0.3305 0.2613 0.2075 0.1823 0.2544 0.3589 0.4059 0.4251 0.4239 0.3913 0.3222 0.2541 0.2023 0.1845 0.2696 0.3667 0.4093 0.4261 0.4221 0.3843 0.3134 0.2470 0.1973 0.1881 0.2846 0.3738 0.4124 0.4268 0.4198 0.3770 0.3280
0.3792 0.4212 0.4266 0.4126 0.3745 0.2861 0.1885 0.1968 0.2463 0.3126 0.3836 0.4220 0.4261 0.4096 0.3674 0.2710 0.1848 0.2018 0.2534 0.3213 0.3907 0.4237 0.4252 0.4062 0.3597 0.2559 0.1825 0.2071 0.2607 0.3300 0.3970 0.4250 0.4241 0.4030 0.3528 0.2447 0.1816 0.2104 0.2647 0.3339 0.3992 0.4254 0.4237 0.4023 0.3517 0.2432 0.1816 0.2106 0.2675 0.3376 0.3746 0.3376 0.2675 0.2106 0.1816 0.2432 0.3517 0.4023 0.4237 0.4254 0.3992 0.3339 0.2647 0.2104 0.1816 0.2447 0.3528 0.4030 0.4241 0.4250 0.3970 0.3300 0.2607 0.2071 0.1825 0.2559 0.3597 0.4062 0.4252 0.4237 0.3907 0.3213 0.2534 0.2018 0.1848 0.2710 0.3674 0.4096 0.4261 0.4220 0.3836 0.3126 0.2463 0.1968 0.1885 0.2861 0.3745 0.4126 0.4266 0.4212 0.3792
0.4143 0.4288 0.4129 0.3751 0.2875 0.1890 0.1963 0.2456 0.3118 0.3828 0.4218 0.4262 0.4099 0.3681 0.2725 0.1851 0.2013 0.2527 0.3205 0.3900 0.4236 0.4253 0.4066 0.3605 0.2573 0.1826 0.2066 0.2601 0.3293 0.3965 0.4250 0.4241 0.4031 0.3528 0.2444 0.1816 0.2107 0.2652 0.3346 0.3997 0.4255 0.4236 0.4019 0.3508 0.2418 0.1815 0.2112 0.2657 0.3375 0.4032 0.4210 0.4032 0.3375 0.2657 0.2112 0.1815 0.2418 0.3508 0.4019 0.4236 0.4255 0.3997 0.3346 0.2652 0.2107 0.1816 0.2444 0.3528 0.4031 0.4241 0.4250 0.3965 0.3293 0.2601 0.2066 0.1826 0.2573 0.3605 0.4066 0.4253 0.4236 0.3900 0.3205 0.2527 0.2013 0.1851 0.2725 0.3681 0.4099 0.4262 0.4218 0.3828 0.3118 0.2456 0.1963 0.1890 0.2875 0.3751 0.4129 0.4288 0.4143
0.4278 0.4141 0.3757 0.2889 0.1894 0.1959 0.2450 0.3109 0.3821 0.4216 0.4263 0.4102 0.3688 0.2739 0.1854 0.2008 0.2520 0.3197 0.3894 0.4234 0.4254 0.4069 0.3612 0.2588 0.1828 0.2060 0.2594 0.3285 0.3960 0.4249 0.4242 0.4033 0.3532 0.2447 0.1816 0.2108 0.2655 0.3351 0.4001 0.4256 0.4235 0.4016 0.3499 0.2405 0.1815 0.2117 0.2664 0.3359 0.4015 0.4265 0.4245 0.4265 0.4015 0.3359 0.2664 0.2117 0.1815 0.2405 0.3499 0.4016 0.4235 0.4256 0.4001 0.3351 0.2655 0.2108 0.1816 0.2447 0.3532 0.4033 0.4242 0.4249 0.3960 0.3285 0.2594 0.2060 0.1828 0.2588 0.3612 0.4069 0.4254 0.4234 0.3894 0.3197 0.2520 0.2008 0.1854 0.2739 0.3688 0.4102 0.4263 0.4216 0.3821 0.3109 0.2450 0.1959 0.1894 0.2889 0.3757 0.4141 0.4278
0.4250 0.3764 0.2903 0.1899 0.1954 0.2443 0.3101 0.3814 0.4214 0.4264 0.4105 0.3695 0.2754 0.1857 0.2003 0.2514 0.3188 0.3887 0.4233 0.4255 0.4073 0.3620 0.2602 0.1830 0.2055 0.2587 0.3276 0.3954 0.4247 0.4243 0.4036 0.3538 0.2455 0.1816 0.2107 0.2655 0.3353 0.4003 0.4256 0.4234 0.4012 0.3491 0.2391 0.1814 0.2123 0.2672 0.3368 0.4010 0.4258 0.4216 0.4059 0.4216 0.4258 0.4010 0.3368 0.2672 0.2123 0.1814 0.2391 0.3491 0.4012 0.4234 0.4256 0.4003 0.3353 0.2655 0.2107 0.1816 0.2455 0.3538 0.4036 0.4243 0.4247 0.3954 0.3276 0.2587 0.2055 0.1830 0.2602 0.3620 0.4073 0.4255 0.4233 0.3887 0.3188 0.2514 0.2003 0.1857 0.2754 0.3695 0.4105 0.4264 0.4214 0.3814 0.3101 0.2443 0.1954 0.1899 0.2903 0.3764 0.4250
0.4002 0.2918 0.1904 0.1949 0.2437 0.3093 0.3807 0.4212 0.4264 0.4108 0.3702 0.2768 0.1860 0.1999 0.2507 0.3180 0.3880 0.4231 0.4256 0.4076 0.3627 0.2617 0.1832 0.2050 0.2579 0.3268 0.3948 0.4246 0.4244 0.4040 0.3545 0.2467 0.1817 0.2104 0.2652 0.3351 0.4003 0.4256 0.4233 0.4010 0.3485 0.2379 0.1814 0.2128 0.2680 0.3377 0.4016 0.4258 0.4231 0.3965 0.3613 0.3965 0.4231 0.4258 0.4016 0.3377 0.2680 0.2128 0.1814 0.2379 0.3485 0.4010 0.4233 0.4256 0.4003 0.3351 0.2652 0.2104 0.1817 0.2467 0.3545 0.4040 0.4244 0.4246 0.3948 0.3268 0.2579 0.2050 0.1832 0.2617 0.3627 0.4076 0.4256 0.4231 0.3880 0.3180 0.2507 0.1999 0.1860 0.2768 0.3702 0.4108 0.4264 0.4212 0.3807 0.3093 0.2437 0.1949 0.1904 0.2918 0.4002
0.3336 0.1909 0.1945 0.2430 0.3084 0.3800 0.4210 0.4265 0.4111 0.3709 0.2783 0.1864 0.1994 0.2500 0.3171 0.3873 0.4229 0.4257 0.4079 0.3635 0.2631 0.1834 0.2045 0.2572 0.3259 0.3942 0.4245 0.4246 0.4043 0.3554 0.2481 0.1818 0.2099 0.2647 0.3346 0.4001 0.4256 0.4233 0.4009 0.3481 0.2371 0.1814 0.2133 0.2687 0.3385 0.4021 0.4259 0.4230 0.4002 0.3407 0.2722 0.3407 0.4002 0.4230 0.4259 0.4021 0.3385 0.2687 0.2133 0.1814 0.2371 0.3481 0.4009 0.4233 0.4256 0.4001 0.3346 0.2647 0.2099 0.1818 0.2481 0.3554 0.4043 0.4246 0.4245 0.3942 0.3259 0.2572 0.2045 0.1834 0.2631 0.3635 0.4079 0.4257 0.4229 0.3873 0.3171 0.2500 0.1994 0.1864 0.2783 0.3709 0.4111 0.4265 0.4210 0.3800 0.3084 0.2430 0.1945 0.1909 0.3336
0.2554 0.1941 0.2423 0.3076 0.3792 0.4207 0.4266 0.4114 0.3715 0.2797 0.1867 0.1989 0.2493 0.3163 0.3867 0.4228 0.4258 0.4082 0.3642 0.2646 0.1836 0.2040 0.2565 0.3251 0.3935 0.4243 0.4247 0.4047 0.3562 0.2495 0.1819 0.2094 0.2640 0.3339 0.3997 0.4256 0.4234 0.4010 0.3481 0.2368 0.1814 0.2136 0.2692 0.3392 0.4026 0.4260 0.4228 0.3999 0.3457 0.2324 0.1784 0.2324 0.3457 0.3999 0.4228 0.4260 0.4026 0.3392 0.2692 0.2136 0.1814 0.2368 0.3481 0.4010 0.4234 0.4256 0.3997 0.3339 0.2640 0.2094 0.1819 0.2495 0.3562 0.4047 0.4247 0.4243 0.3935 0.3251 0.2565 0.2040 0.1836 0.2646 0.3642 0.4082 0.4258 0.4228 0.3867 0.3163 0.2493 0.1989 0.1867 0.2797 0.3715 0.4114 0.4266 0.4207 0.3792 0.3076 0.2423 0.1941 0.2554
0.2529 0.2417 0.3068 0.3785 0.4205 0.4266 0.4117 0.3722 0.2812 0.1871 0.1984 0.2486 0.3155 0.3860 0.4226 0.4259 0.4085 0.3650 0.2660 0.1839 0.2035 0.2558 0.3242 0.3929 0.4242 0.4248 0.4051 0.3570 0.2509 0.1820 0.2089 0.2633 0.3331 0.3992 0.4255 0.4235 0.4012 0.3485 0.2371 0.1814 0.2137 0.2695 0.3397 0.4030 0.4261 0.4227 0.3994 0.3452 0.2327 0.1818 0.1937 0.1818 0.2327 0.3452 0.3994 0.4227 0.4261 0.4030 0.3397 0.2695 0.2137 0.1814 0.2371 0.3485 0.4012 0.4235 0.4255 0.3992 0.3331 0.2633 0.2089 0.1820 0.2509 0.3570 0.4051 0.4248 0.4242 0.3929 0.3242 0.2558 0.2035 0.1839 0.2660 0.3650 0.4085 0.4259 0.4226 0.3860 0.3155 0.2486 0.1984 0.1871 0.2812 0.3722 0.4117 0.4266 0.4205 0.3785 0.3068 0.2417 0.2529
0.2831 0.3060 0.3777 0.4203 0.4267 0.4120 0.3729 0.2826 0.1875 0.1979 0.2479 0.3146 0.3853 0.4224 0.4259 0.4089 0.3657 0.2675 0.1841 0.2030 0.2551 0.3234 0.3923 0.4241 0.4249 0.4054 0.3578 0.2524 0.1821 0.2083 0.2626 0.3322 0.3986 0.4254 0.4236 0.4016 0.3491 0.2379 0.1814 0.2136 0.2695 0.3399 0.4032 0.4261 0.4226 0.3990 0.3442 0.2317 0.1827 0.2167 0.2425 0.2167 0.1827 0.2317 0.3442 0.3990 0.4226 0.4261 0.4032 0.3399 0.2695 0.2136 0.1814 0.2379 0.3491 0.4016 0.4236 0.4254 0.3986 0.3322 0.2626 0.2083 0.1821 0.2524 0.3578 0.4054 0.4249 0.4241 0.3923 0.3234 0.2551 0.2030 0.1841 0.2675 0.3657 0.4089 0.4259 0.4224 0.3853 0.3146 0.2479 0.1979 0.1875 0.2826 0.3729 0.4120 0.4267 0.4203 0.3777 0.3060 0.2831
0.3282 0.3773 0.4199 0.4268 0.4122 0.3735 0.2840 0.1879 0.1975 0.2473 0.3138 0.3846 0.4222 0.4260 0.4092 0.3664 0.2689 0.1844 0.2025 0.2544 0.3225 0.3916 0.4239 0.4250 0.4058 0.3586 0.2538 0.1822 0.2078 0.2618 0.3314 0.3980 0.4253 0.4237 0.4019 0.3499 0.2391 0.1814 0.2133 0.2692 0.3397 0.4032 0.4261 0.4225 0.3988 0.3436 0.2306 0.1814 0.2177 0.2745 0.3091 0.2745 0.2177 0.1814 0.2306 0.3436 0.3988 0.4225 0.4261 0.4032 0.3397 0.2692 0.2133 0.1814 0.2391 0.3499 0.4019 0.4237 0.4253 0.3980 0.3314 0.2618 0.2078 0.1822 0.2538 0.3586 0.4058 0.4250 0.4239 0.3916 0.3225 0.2544 0.2025 0.1844 0.2689 0.3664 0.4092 0.4260 0.4222 0.3846 0.3138 0.2473 0.1975 0.1879 0.2840 0.3735 0.4122 0.4268 0.4199 0.3773 0.3282
0.3794 0.4213 0.4266 0.4125 0.3742 0.2855 0.1883 0.1970 0.2466 0.3129 0.3839 0.4220 0.4261 0.4095 0.3671 0.2704 0.1846 0.2020 0.2537 0.3217 0.3910 0.4238 0.4251 0.4061 0.3594 0.2553 0.1824 0.2073 0.2611 0.3305 0.3974 0.4251 0.4239 0.4023 0.3508 0.2405 0.1814 0.2128 0.2687 0.3392 0.4030 0.4261 0.4225 0.3987 0.3432 0.2299 0.1815 0.2161 0.2751 0.3464 0.3826 0.3464 0.2751 0.2161 0.1815 0.2299 0.3432 0.3987 0.4225 0.4261 0.4030 0.3392 0.2687 0.2128 0.1814 0.2405 0.3508 0.4023 0.4239 0.4251 0.3974 0.3305 0.2611 0.2073 0.1824 0.2553 0.3594 0.4061 0.4251 0.4238 0.3910 0.3217 0.2537 0.2020 0.1846 0.2704 0.3671 0.4095 0.4261 0.4220 0.3839 0.3129 0.2466 0.1970 0.1883 0.2855 0.3742 0.4125 0.4266 0.4213 0.3794
0.4144 0.4288 0.4128 0.3748 0.2869 0.1888 0.1965 0.2459 0.3121 0.3832 0.4219 0.4262 0.4098 0.3678 0.2718 0.1849 0.2015 0.2530 0.3209 0.3903 0.4236 0.4252 0.4064 0.3601 0.2567 0.1826 0.2068 0.2604 0.3297 0.3968 0.4250 0.4240 0.4027 0.3517 0.2418 0.1815 0.2123 0.2680 0.3385 0.4026 0.4261 0.4226 0.3988 0.3432 0.2296 0.1816 0.2165 0.2731 0.3460 0.4083 0.4231 0.4083 0.3460 0.2732 0.2165 0.1816 0.2296 0.3432 0.3988 0.4226 0.4261 0.4026 0.3385 0.2680 0.2123 0.1815 0.2418 0.3517 0.4027 0.4240 0.4250 0.3968 0.3297 0.2604 0.2068 0.1826 0.2567 0.3601 0.4064 0.4252 0.4236 0.3903 0.3209 0.2530 0.2015 0.1849 0.2718 0.3678 0.4098 0.4262 0.4219 0.3832 0.3121 0.2459 0.1965 0.1888 0.2869 0.3748 0.4128 0.4288 0.4144
0.4279 0.4139 0.3755 0.2883 0.1892 0.1961 0.2453 0.3113 0.3824 0.4217 0.4263 0.4101 0.3685 0.2733 0.1852 0.2010 0.2523 0.3200 0.3896 0.4235 0.4253 0.4068 0.3609 0.2581 0.1827 0.2063 0.2597 0.3288 0.3962 0.4249 0.4241 0.4031 0.3525 0.2432 0.1815 0.2117 0.2672 0.3377 0.4021 0.4260 0.4227 0.3990 0.3436 0.2299 0.1815 0.2167 0.2736 0.3441 0.4064 0.4270 0.4233 0.4270 0.4064 0.3441 0.2736 0.2167 0.1816 0.2299 0.3436 0.3990 0.4227 0.4260 0.4021 0.3377 0.2672 0.2117 0.1815 0.2432 0.3525 0.4031 0.4241 0.4249 0.3962 0.3288 0.2597 0.2063 0.1827 0.2581 0.3609 0.4068 0.4253 0.4235 0.3896 0.3200 0.2523 0.2010 0.1852 0.2733 0.3685 0.4101 0.4263 0.4217 0.3824 0.3113 0.2453 0.1961 0.1892 0.2883 0.3755 0.4139 0.4279
0.4249 0.3761 0.2897 0.1897 0.1956 0.2446 0.3104 0.3817 0.4215 0.4263 0.4104 0.3692 0.2747 0.1856 0.2005 0.2517 0.3192 0.3890 0.4233 0.4254 0.4071 0.3617 0.2596 0.1829 0.2058 0.2590 0.3280 0.3956 0.4248 0.4243 0.4035 0.3534 0.2447 0.1816 0.2112 0.2665 0.3368 0.4016 0.4259 0.4228 0.3994 0.3442 0.2306 0.1815 0.2166 0.2736 0.3444 0.4058 0.4265 0.4198 0.4024 0.4198 0.4265 0.4058 0.3444 0.2736 0.2165 0.1815 0.2306 0.3442 0.3994 0.4228 0.4259 0.4016 0.3368 0.2664 0.2112 0.1816 0.2446 0.3534 0.4035 0.4243 0.4248 0.3956 0.3279 0.2589 0.2057 0.1829 0.2596 0.3617 0.4071 0.4254 0.4233 0.3889 0.3191 0.2516 0.2005 0.1855 0.2747 0.3692 0.4104 0.4263 0.4215 0.3817 0.3104 0.2445 0.1955 0.1897 0.2897 0.3761 0.4249
0.4000 0.2912 0.1902 0.1951 0.2439 0.3096 0.3810 0.4213 0.4264 0.4107 0.3699 0.2762 0.1859 0.2001 0.2510 0.3183 0.3883 0.4232 0.4255 0.4074 0.3624 0.2610 0.1831 0.2052 0.2582 0.3271 0.3950 0.4247 0.4244 0.4038 0.3542 0.2461 0.1817 0.2107 0.2658 0.3360 0.4011 0.4258 0.4230 0.3998 0.3451 0.2317 0.1815 0.2163 0.2733 0.3443 0.4059 0.4265 0.4216 0.3922 0.3542 0.3924 0.4217 0.4265 0.4058 0.3441 0.2731 0.2161 0.1814 0.2317 0.3452 0.3999 0.4230 0.4258 0.4010 0.3359 0.2657 0.2106 0.1816 0.2461 0.3543 0.4039 0.4244 0.4246 0.3949 0.3270 0.2582 0.2052 0.1831 0.2611 0.3626 0.4075 0.4256 0.4231 0.3882 0.3182 0.2509 0.2000 0.1859 0.2762 0.3700 0.4108 0.4264 0.4212 0.3809 0.3095 0.2439 0.1951 0.1901 0.2912 0.4002
0.3331 0.1907 0.1947 0.2433 0.3088 0.3803 0.4211 0.4265 0.4110 0.3706 0.2776 0.1862 0.1996 0.2503 0.3175 0.3876 0.4230 0.4256 0.4078 0.3632 0.2625 0.1833 0.2047 0.2575 0.3263 0.3944 0.4245 0.4245 0.4042 0.3550 0.2475 0.1817 0.2101 0.2650 0.3351 0.4005 0.4257 0.4231 0.4002 0.3460 0.2331 0.1814 0.2158 0.2727 0.3438 0.4058 0.4265 0.4217 0.3964 0.3323 0.2593 0.3317 0.3965 0.4217 0.4265 0.4064 0.3460 0.2751 0.2177 0.1827 0.2327 0.3457 0.4002 0.4231 0.4258 0.4015 0.3375 0.2675 0.2120 0.1828 0.2470 0.3548 0.4042 0.4245 0.4246 0.3956 0.3287 0.2599 0.2066 0.1843 0.2619 0.3630 0.4077 0.4257 0.4230 0.3891 0.3200 0.2526 0.2013 0.1870 0.2770 0.3704 0.4110 0.4265 0.4211 0.3819 0.3113 0.2455 0.1964 0.1913 0.3319
0.2552 0.1943 0.2426 0.3080 0.3795 0.4208 0.4265 0.4113 0.3713 0.2791 0.1866 0.1991 0.2496 0.3167 0.3870 0.4228 0.4257 0.4081 0.3639 0.2640 0.1835 0.2042 0.2568 0.3254 0.3938 0.4244 0.4246 0.4046 0.3558 0.2489 0.1818 0.2096 0.2643 0.3343 0.4000 0.4256 0.4233 0.4006 0.3469 0.2344 0.1814 0.2152 0.2720 0.3431 0.4054 0.4265 0.4217 0.3966 0.3380 0.2223 0.1759 0.2181 0.3309 0.3924 0.4198 0.4270 0.4083 0.3465 0.2745 0.2167 0.1818 0.2324 0.3407 0.3965 0.4216 0.4265 0.4032 0.3376 0.2666 0.2110 0.1820 0.2468 0.3497 0.4008 0.4232 0.4256 0.3972 0.3287 0.2590 0.2056 0.1835 0.2617 0.3580 0.4046 0.4246 0.4243 0.3904 0.3198 0.2517 0.2003 0.1863 0.2765 0.3655 0.4081 0.4257 0.4226 0.3831 0.3110 0.2447 0.1956 0.2547
0.2530 0.2420 0.3072 0.3788 0.4206 0.4266 0.4116 0.3719 0.2805 0.1869 0.1986 0.2489 0.3158 0.3863 0.4227 0.4258 0.4084 0.3646 0.2654 0.1838 0.2037 0.2561 0.3246 0.3932 0.4243 0.4247 0.4049 0.3566 0.2503 0.1819 0.2091 0.2636 0.3334 0.3994 0.4255 0.4234 0.4010 0.3478 0.2358 0.1814 0.2147 0.2713 0.3423 0.4049 0.4264 0.4218 0.3967 0.3387 0.2240 0.1836 0.1800 0.1920 0.2649 0.3531 0.4024 0.4233 0.4231 0.3826 0.3091 0.2425 0.1937 0.1784 0.2722 0.3613 0.4059 0.4245 0.4210 0.3746 0.3003 0.2357 0.1890 0.1835 0.2859 0.3685 0.4092 0.4254 0.4182 0.3661 0.2917 0.2292 0.1846 0.1907 0.2991 0.3752 0.4122 0.4261 0.4148 0.3573 0.2833 0.2229 0.1807 0.2002 0.3113 0.3813 0.4148 0.4264 0.4105 0.3484 0.2756 0.2172 0.2448
0.2833 0.3062 0.3780 0.4204 0.4266 0.4118 0.3726 0.2820 0.1873 0.1981 0.2482 0.3149 0.3855 0.4225 0.4259 0.4087 0.3654 0.2669 0.1840 0.2032 0.2554 0.3237 0.3925 0.4241 0.4249 0.4053 0.3574 0.2518 0.1820 0.2085 0.2628 0.3325 0.3988 0.4254 0.4235 0.4014 0.3487 0.2371 0.1814 0.2141 0.2705 0.3414 0.4044 0.4263 0.4220 0.3971 0.3391 0.2242 0.1846 0.2086 0.2221 0.3406 0.3378 0.3901 0.4198 0.4270 0.4083 0.3465 0.2744 0.2167 0.1818 0.2324 0.3407 0.3965 0.4216 0.4265 0.4032 0.3376 0.2666 0.2110 0.1820 0.2468 0.3497 0.4008 0.4232 0.4256 0.3972 0.3287 0.2590 0.2056 0.1835 0.2617 0.3580 0.4046 0.4246 0.4243 0.3904 0.3198 0.2517 0.2003 0.1863 0.2765 0.3655 0.4081 0.4257 0.4226 0.3831 0.3110 0.2447 0.1956 0.2547
0.3285 0.3774 0.4200 0.4268 0.4122 0.3734 0.2834 0.1877 0.1976 0.2475 0.3140 0.3848 0.4223 0.4260 0.4091 0.3662 0.2683 0.1842 0.2027 0.2546 0.3228 0.3918 0.4240 0.4250 0.4057 0.3584 0.2532 0.1822 0.2080 0.2621 0.3316 0.3982 0.4253 0.4237 0.4019 0.3497 0.2385 0.1814 0.2135 0.2697 0.3405 0.4038 0.4263 0.4222 0.3976 0.3401 0.2248 0.1821 0.2208 0.2676 0.3207 0.4476 0.4001 0.4201 0.4265 0.4063 0.3460 0.2751 0.2177 0.1827 0.2327 0.3457 0.4002 0.4231 0.4258 0.4015 0.3375 0.2675 0.2120 0.1828 0.2470 0.3548 0.4042 0.4245 0.4246 0.3956 0.3287 0.2599 0.2066 0.1843 0.2619 0.3630 0.4077 0.4257 0.4230 0.3891 0.3200 0.2526 0.2013 0.1870 0.2770 0.3704 0.4110 0.4265 0.4211 0.3819 0.3113 0.2455 0.1964 0.1913 0.3319
0.3819 0.4215 0.4266 0.4124 0.3737 0.2842 0.1889 0.1989 0.2492 0.3158 0.3857 0.4222 0.4261 0.4093 0.3666 0.2691 0.1854 0.2040 0.2564 0.3245 0.3926 0.4239 0.4251 0.4059 0.3588 0.2541 0.1834 0.2094 0.2638 0.3333 0.3988 0.4252 0.4238 0.4021 0.3502 0.2394 0.1826 0.2150 0.2715 0.3421 0.4042 0.4262 0.4223 0.3979 0.3406 0.2258 0.1831 0.2212 0.2800 0.3421 0.3934 0.4274 0.4174 0.4266 0.4054 0.3438 0.2732 0.2162 0.1814 0.2317 0.3452 0.3999 0.4230 0.4258 0.4010 0.3359 0.2657 0.2106 0.1816 0.2461 0.3543 0.4039 0.4244 0.4246 0.3949 0.3270 0.2582 0.2052 0.1831 0.2611 0.3626 0.4075 0.4256 0.4231 0.3882 0.3182 0.2509 0.2000 0.1859 0.2762 0.3700 0.4108 0.4264 0.4212 0.3809 0.3095 0.2439 0.1951 0.1901 0.2912 0.4002
0.4161 0.4280 0.4096 0.3688 0.2832 0.1882 0.1979 0.2482 0.3155 0.3870 0.4236 0.4252 0.4063 0.3617 0.2689 0.1847 0.2030 0.2554 0.3244 0.3940 0.4250 0.4239 0.4027 0.3537 0.2539 0.1826 0.2084 0.2629 0.3333 0.4004 0.4261 0.4224 0.3986 0.3451 0.2392 0.1818 0.2140 0.2707 0.3422 0.4060 0.4268 0.4206 0.3941 0.3356 0.2254 0.1821 0.2197 0.2785 0.3511 0.4111 0.4292 0.4191 0.4275 0.4059 0.3437 0.2735 0.2166 0.1815 0.2306 0.3442 0.3994 0.4228 0.4259 0.4016 0.3368 0.2664 0.2112 0.1816 0.2446 0.3534 0.4035 0.4243 0.4248 0.3956 0.3279 0.2589 0.2057 0.1829 0.2596 0.3617 0.4071 0.4254 0.4233 0.3889 0.3191 0.2516 0.2005 0.1855 0.2747 0.3692 0.4104 0.4263 0.4215 0.3817 0.3104 0.2445 0.1955 0.1897 0.2897 0.3761 0.4249
0.4250 0.4166 0.3838 0.3167 0.2057 0.1791 0.2199 0.2792 0.3528 0.4127 0.4263 0.4135 0.3783 0.3053 0.1952 0.1826 0.2260 0.2875 0.3617 0.4166 0.4258 0.4107 0.3719 0.2925 0.1868 0.1868 0.2324 0.2960 0.3704 0.4197 0.4250 0.4076 0.3650 0.2791 0.1807 0.1913 0.2391 0.3047 0.3787 0.4221 0.4239 0.4042 0.3578 0.2660 0.1769 0.1956 0.2450 0.3120 0.3857 0.4243 0.4234 0.4280 0.4072 0.3432 0.2734 0.2168 0.1816 0.2299 0.3436 0.3990 0.4227 0.4260 0.4021 0.3377 0.2672 0.2117 0.1815 0.2432 0.3525 0.4031 0.4241 0.4249 0.3962 0.3288 0.2597 0.2063 0.1827 0.2581 0.3609 0.4068 0.4253 0.4235 0.3896 0.3200 0.2523 0.2010 0.1852 0.2733 0.3685 0.4101 0.4263 0.4217 0.3824 0.3113 0.2453 0.1961 0.1892 0.2883 0.3755 0.4139 0.4279
