-0.0908 -0.2091 -0.2133 -0.1619 -0.0766 -0.0327 0.0047 0.0482 0.1391 -0.0280 -0.1823 -0.2103 -0.2130 -0.1615 -0.0763 -0.0326 0.0049 0.0485 0.1390 -0.0291 -0.1825 -0.2104 -0.2129 -0.1611 -0.0760 -0.0324 0.0051 0.0488 0.1389 -0.0302 -0.1827 -0.2105 -0.2128 -0.1607 -0.0757 -0.0322 0.0052 0.0491 0.1388 -0.0313 -0.1828 -0.2106 -0.2127 -0.1603 -0.0754 -0.0320 0.0054 0.0495 0.1379 -0.0382 -0.1643 -0.0382 0.1379 0.0495 0.0054 -0.0320 -0.0754 -0.1603 -0.2127 -0.2106 -0.1828 -0.0313 0.1388 0.0491 0.0052 -0.0322 -0.0757 -0.1607 -0.2128 -0.2105 -0.1827 -0.0302 0.1389 0.0488 0.0051 -0.0324 -0.0760 -0.1611 -0.2129 -0.2104 -0.1825 -0.0291 0.1390 0.0485 0.0049 -0.0326 -0.0763 -0.1615 -0.2130 -0.2103 -0.1823 -0.0280 0.1391 0.0482 0.0047 -0.0327 -0.0766 -0.1619 -0.2133 -0.2091 -0.0908
-0.2091 -0.3172 -0.2202 -0.0718 -0.0106 0.0248 0.0658 0.1706 -0.0433 -0.3217 -0.3358 -0.3158 -0.2193 -0.0712 -0.0103 0.0250 0.0661 0.1707 -0.0451 -0.3218 -0.3359 -0.3155 -0.2187 -0.0707 -0.0101 0.0251 0.0664 0.1707 -0.0466 -0.3220 -0.3359 -0.3153 -0.2178 -0.0702 -0.0099 0.0253 0.0667 0.1707 -0.0481 -0.3221 -0.3359 -0.3150 -0.2172 -0.0697 -0.0097 0.0255 0.0670 0.1707 -0.0535 -0.3241 -0.3361 -0.3241 -0.0535 0.1707 0.0670 0.0255 -0.0097 -0.0697 -0.2172 -0.3150 -0.3359 -0.3221 -0.0481 0.1707 0.0667 0.0253 -0.0099 -0.0702 -0.2178 -0.3153 -0.3359 -0.3220 -0.0466 0.1707 0.0664 0.0251 -0.0101 -0.0707 -0.2187 -0.3155 -0.3359 -0.3218 -0.0451 0.1707 0.0661 0.0250 -0.0103 -0.0712 -0.2193 -0.3158 -0.3358 -0.3217 -0.0433 0.1706 0.0658 0.0248 -0.0106 -0.0718 -0.2202 -0.3172 -0.2091
-0.2133 -0.2202 -0.0691 -0.0121 0.0209 0.0664 0.1707 -0.0467 -0.3221 -0.3360 -0.3150 -0.2153 -0.0679 -0.0118 0.0212 0.0668 0.1707 -0.0487 -0.3223 -0.3360 -0.3147 -0.2147 -0.0674 -0.0116 0.0213 0.0671 0.1707 -0.0502 -0.3224 -0.3360 -0.3145 -0.2138 -0.0670 -0.0114 0.0215 0.0674 0.1706 -0.0517 -0.3225 -0.3361 -0.3142 -0.2131 -0.0665 -0.0112 0.0216 0.0677 0.1706 -0.0531 -0.3230 -0.3376 -0.3359 -0.3376 -0.3230 -0.0531 0.1706 0.0677 0.0216 -0.0112 -0.0665 -0.2131 -0.3142 -0.3361 -0.3225 -0.0517 0.1706 0.0674 0.0215 -0.0114 -0.0670 -0.2138 -0.3145 -0.3360 -0.3224 -0.0502 0.1707 0.0671 0.0213 -0.0116 -0.0674 -0.2147 -0.3147 -0.3360 -0.3223 -0.0487 0.1707 0.0668 0.0212 -0.0118 -0.0679 -0.2153 -0.3150 -0.3360 -0.3221 -0.0467 0.1707 0.0664 0.0209 -0.0121 -0.0691 -0.2202 -0.2133
-0.1619 -0.0718 -0.0121 0.0214 0.0668 0.1707 -0.0499 -0.3224 -0.3360 -0.3144 -0.2139 -0.0670 -0.0110 0.0219 0.0675 0.1706 -0.0521 -0.3225 -0.3361 -0.3141 -0.2131 -0.0666 -0.0108 0.0220 0.0678 0.1706 -0.0536 -0.3226 -0.3361 -0.3139 -0.2123 -0.0661 -0.0106 0.0222 0.0681 0.1706 -0.0551 -0.3227 -0.3361 -0.3136 -0.2115 -0.0657 -0.0104 0.0223 0.0684 0.1705 -0.0565 -0.3228 -0.3351 -0.3141 -0.2786 -0.3141 -0.3351 -0.3228 -0.0565 0.1705 0.0684 0.0223 -0.0104 -0.0657 -0.2115 -0.3136 -0.3361 -0.3227 -0.0551 0.1706 0.0681 0.0222 -0.0106 -0.0661 -0.2123 -0.3139 -0.3361 -0.3226 -0.0536 0.1706 0.0678 0.0220 -0.0108 -0.0666 -0.2131 -0.3141 -0.3361 -0.3225 -0.0521 0.1706 0.0675 0.0219 -0.0110 -0.0670 -0.2139 -0.3144 -0.3360 -0.3224 -0.0499 0.1707 0.0668 0.0214 -0.0121 -0.0718 -0.1619
-0.0766 -0.0106 0.0209 0.0668 0.1707 -0.0519 -0.3226 -0.3361 -0.3138 -0.2121 -0.0659 -0.0106 0.0222 0.0682 0.1706 -0.0556 -0.3228 -0.3361 -0.3135 -0.2113 -0.0655 -0.0104 0.0223 0.0686 0.1705 -0.0570 -0.3229 -0.3361 -0.3133 -0.2105 -0.0651 -0.0102 0.0225 0.0689 0.1705 -0.0585 -0.3230 -0.3361 -0.3130 -0.2097 -0.0646 -0.0100 0.0226 0.0692 0.1704 -0.0599 -0.3231 -0.3360 -0.3091 -0.2047 -0.1171 -0.2047 -0.3091 -0.3360 -0.3231 -0.0599 0.1704 0.0692 0.0226 -0.0100 -0.0646 -0.2097 -0.3130 -0.3361 -0.3230 -0.0585 0.1705 0.0689 0.0225 -0.0102 -0.0651 -0.2105 -0.3133 -0.3361 -0.3229 -0.0570 0.1705 0.0686 0.0223 -0.0104 -0.0655 -0.2113 -0.3135 -0.3361 -0.3228 -0.0556 0.1706 0.0682 0.0222 -0.0106 -0.0659 -0.2121 -0.3138 -0.3361 -0.3226 -0.0519 0.1707 0.0668 0.0209 -0.0106 -0.0766
-0.0327 0.0248 0.0664 0.1707 -0.0519 -0.3226 -0.3361 -0.3134 -0.2106 -0.0649 -0.0101 0.0225 0.0690 0.1705 -0.0590 -0.3230 -0.3361 -0.3129 -0.2095 -0.0645 -0.0099 0.0227 0.0693 0.1704 -0.0604 -0.3232 -0.3361 -0.3127 -0.2087 -0.0640 -0.0097 0.0229 0.0696 0.1703 -0.0618 -0.3233 -0.3361 -0.3124 -0.2079 -0.0636 -0.0095 0.0230 0.0699 0.1703 -0.0633 -0.3234 -0.3361 -0.3121 -0.2002 -0.0570 -0.0176 -0.0570 -0.2002 -0.3121 -0.3361 -0.3234 -0.0633 0.1703 0.0699 0.0230 -0.0095 -0.0636 -0.2079 -0.3124 -0.3361 -0.3233 -0.0618 0.1703 0.0696 0.0229 -0.0097 -0.0640 -0.2087 -0.3127 -0.3361 -0.3232 -0.0604 0.1704 0.0693 0.0227 -0.0099 -0.0645 -0.2095 -0.3129 -0.3361 -0.3230 -0.0590 0.1705 0.0690 0.0225 -0.0101 -0.0649 -0.2106 -0.3134 -0.3361 -0.3226 -0.0519 0.1707 0.0664 0.0248 -0.0327
0.0047 0.0658 0.1707 -0.0499 -0.3226 -0.3361 -0.3133 -0.2098 -0.0643 -0.0098 0.0228 0.0696 0.1703 -0.0623 -0.3233 -0.3361 -0.3123 -0.2076 -0.0635 -0.0095 0.0231 0.0700 0.1702 -0.0638 -0.3234 -0.3361 -0.3120 -0.2068 -0.0630 -0.0093 0.0232 0.0703 0.1702 -0.0652 -0.3235 -0.3361 -0.3118 -0.2060 -0.0626 -0.0091 0.0234 0.0706 0.1701 -0.0666 -0.3236 -0.3361 -0.3116 -0.2054 -0.0611 -0.0042 0.0169 -0.0042 -0.0611 -0.2054 -0.3116 -0.3361 -0.3236 -0.0666 0.1701 0.0706 0.0234 -0.0091 -0.0626 -0.2060 -0.3118 -0.3361 -0.3235 -0.0652 0.1702 0.0703 0.0232 -0.0093 -0.0630 -0.2068 -0.3120 -0.3361 -0.3234 -0.0638 0.1702 0.0700 0.0231 -0.0095 -0.0635 -0.2076 -0.3123 -0.3361 -0.3233 -0.0623 0.1703 0.0696 0.0228 -0.0098 -0.0643 -0.2098 -0.3133 -0.3361 -0.3226 -0.0499 0.1707 0.0658 0.0047
0.0482 0.1706 -0.0467 -0.3224 -0.3361 -0.3134 -0.2098 -0.0641 -0.0096 0.0231 0.0702 0.1702 -0.0654 -0.3236 -0.3361 -0.3117 -0.2058 -0.0625 -0.0090 0.0234 0.0707 0.1700 -0.0671 -0.3237 -0.3361 -0.3114 -0.2050 -0.0620 -0.0088 0.0236 0.0710 0.1699 -0.0685 -0.3238 -0.3360 -0.3111 -0.2042 -0.0616 -0.0086 0.0238 0.0714 0.1698 -0.0699 -0.3239 -0.3360 -0.3108 -0.2036 -0.0614 -0.0084 0.0273 0.0574 0.0273 -0.0084 -0.0614 -0.2036 -0.3108 -0.3360 -0.3239 -0.0699 0.1698 0.0714 0.0238 -0.0086 -0.0616 -0.2042 -0.3111 -0.3360 -0.3238 -0.0685 0.1699 0.0710 0.0236 -0.0088 -0.0620 -0.2050 -0.3114 -0.3361 -0.3237 -0.0671 0.1700 0.0707 0.0234 -0.0090 -0.0625 -0.2058 -0.3117 -0.3361 -0.3236 -0.0654 0.1702 0.0702 0.0231 -0.0096 -0.0641 -0.2098 -0.3134 -0.3361 -0.3224 -0.0467 0.1706 0.0482
0.1391 -0.0433 -0.3221 -0.3360 -0.3138 -0.2106 -0.0643 -0.0096 0.0232 0.0706 0.1700 -0.0680 -0.3238 -0.3360 -0.3110 -0.2039 -0.0615 -0.0086 0.0238 0.0715 0.1698 -0.0703 -0.3239 -0.3360 -0.3107 -0.2031 -0.0611 -0.0084 0.0240 0.0718 0.1697 -0.0717 -0.3241 -0.3360 -0.3104 -0.2023 -0.0607 -0.0082 0.0241 0.0721 0.1695 -0.0731 -0.3242 -0.3360 -0.3101 -0.2015 -0.0603 -0.0081 0.0244 0.0739 0.1229 0.0739 0.0244 -0.0081 -0.0603 -0.2015 -0.3101 -0.3360 -0.3242 -0.0731 0.1695 0.0721 0.0241 -0.0082 -0.0607 -0.2023 -0.3104 -0.3360 -0.3241 -0.0717 0.1697 0.0718 0.0240 -0.0084 -0.0611 -0.2031 -0.3107 -0.3360 -0.3239 -0.0703 0.1698 0.0715 0.0238 -0.0086 -0.0615 -0.2039 -0.3110 -0.3360 -0.3238 -0.0680 0.1700 0.0706 0.0232 -0.0096 -0.0643 -0.2106 -0.3138 -0.3360 -0.3221 -0.0433 0.1391
-0.0280 -0.3217 -0.3360 -0.3144 -0.2121 -0.0649 -0.0098 0.0231 0.0706 0.1700 -0.0696 -0.3240 -0.3360 -0.3104 -0.2022 -0.0605 -0.0081 0.0242 0.0722 0.1695 -0.0736 -0.3242 -0.3360 -0.3101 -0.2012 -0.0601 -0.0079 0.0244 0.0725 0.1693 -0.0750 -0.3243 -0.3360 -0.3098 -0.2004 -0.0597 -0.0077 0.0245 0.0728 0.1692 -0.0764 -0.3244 -0.3360 -0.3095 -0.1996 -0.0593 -0.0075 0.0246 0.0736 0.1544 0.0483 0.1544 0.0736 0.0246 -0.0075 -0.0593 -0.1996 -0.3095 -0.3360 -0.3244 -0.0764 0.1692 0.0728 0.0245 -0.0077 -0.0597 -0.2004 -0.3098 -0.3360 -0.3243 -0.0750 0.1693 0.0725 0.0244 -0.0079 -0.0601 -0.2012 -0.3101 -0.3360 -0.3242 -0.0736 0.1695 0.0722 0.0242 -0.0081 -0.0605 -0.2022 -0.3104 -0.3360 -0.3240 -0.0696 0.1700 0.0706 0.0231 -0.0098 -0.0649 -0.2121 -0.3144 -0.3360 -0.3217 -0.0280
-0.1823 -0.3358 -0.3150 -0.2139 -0.0659 -0.0101 0.0228 0.0702 0.1700 -0.0696 -0.3240 -0.3360 -0.3100 -0.2007 -0.0597 -0.0077 0.0246 0.0730 0.1691 -0.0768 -0.3245 -0.3360 -0.3094 -0.1994 -0.0592 -0.0075 0.0247 0.0733 0.1690 -0.0782 -0.3246 -0.3360 -0.3091 -0.1986 -0.0588 -0.0073 0.0249 0.0736 0.1688 -0.0796 -0.3247 -0.3360 -0.3088 -0.1977 -0.0584 -0.0071 0.0251 0.0740 0.1675 -0.0861 -0.2842 -0.0861 0.1675 0.0740 0.0251 -0.0071 -0.0584 -0.1977 -0.3088 -0.3360 -0.3247 -0.0796 0.1688 0.0736 0.0249 -0.0073 -0.0588 -0.1986 -0.3091 -0.3360 -0.3246 -0.0782 0.1690 0.0733 0.0247 -0.0075 -0.0592 -0.1994 -0.3094 -0.3360 -0.3245 -0.0768 0.1691 0.0730 0.0246 -0.0077 -0.0597 -0.2007 -0.3100 -0.3360 -0.3240 -0.0696 0.1700 0.0702 0.0228 -0.0101 -0.0659 -0.2139 -0.3150 -0.3358 -0.1823
-0.2103 -0.3158 -0.2153 -0.0670 -0.0106 0.0225 0.0696 0.1702 -0.0680 -0.3240 -0.3360 -0.3098 -0.1998 -0.0591 -0.0073 0.0249 0.0737 0.1688 -0.0800 -0.3247 -0.3360 -0.3087 -0.1975 -0.0583 -0.0070 0.0251 0.0740 0.1686 -0.0814 -0.3248 -0.3360 -0.3084 -0.1967 -0.0579 -0.0068 0.0253 0.0744 0.1684 -0.0827 -0.3249 -0.3359 -0.3081 -0.1958 -0.0575 -0.0066 0.0255 0.0747 0.1682 -0.0867 -0.3266 -0.3369 -0.3266 -0.0867 0.1682 0.0747 0.0255 -0.0066 -0.0575 -0.1958 -0.3081 -0.3359 -0.3249 -0.0827 0.1684 0.0744 0.0253 -0.0068 -0.0579 -0.1967 -0.3084 -0.3360 -0.3248 -0.0814 0.1686 0.0740 0.0251 -0.0070 -0.0583 -0.1975 -0.3087 -0.3360 -0.3247 -0.0800 0.1688 0.0737 0.0249 -0.0073 -0.0591 -0.1998 -0.3098 -0.3360 -0.3240 -0.0680 0.1702 0.0696 0.0225 -0.0106 -0.0670 -0.2153 -0.3158 -0.2103
-0.2130 -0.2193 -0.0679 -0.0110 0.0222 0.0690 0.1703 -0.0654 -0.3238 -0.3360 -0.3100 -0.1998 -0.0589 -0.0071 0.0251 0.0743 0.1684 -0.0829 -0.3250 -0.3359 -0.3080 -0.1956 -0.0574 -0.0066 0.0255 0.0748 0.1681 -0.0845 -0.3251 -0.3359 -0.3077 -0.1948 -0.0570 -0.0064 0.0257 0.0751 0.1679 -0.0859 -0.3252 -0.3359 -0.3074 -0.1939 -0.0566 -0.0062 0.0259 0.0755 0.1677 -0.0872 -0.3256 -0.3375 -0.3334 -0.3375 -0.3256 -0.0872 0.1677 0.0755 0.0259 -0.0062 -0.0566 -0.1939 -0.3074 -0.3359 -0.3252 -0.0859 0.1679 0.0751 0.0257 -0.0064 -0.0570 -0.1948 -0.3077 -0.3359 -0.3251 -0.0845 0.1681 0.0748 0.0255 -0.0066 -0.0574 -0.1956 -0.3080 -0.3359 -0.3250 -0.0829 0.1684 0.0743 0.0251 -0.0071 -0.0589 -0.1998 -0.3100 -0.3360 -0.3238 -0.0654 0.1703 0.0690 0.0222 -0.0110 -0.0679 -0.2193 -0.2130
-0.1615 -0.0712 -0.0118 0.0219 0.0682 0.1705 -0.0623 -0.3236 -0.3360 -0.3104 -0.2007 -0.0591 -0.0071 0.0253 0.0746 0.1681 -0.0854 -0.3252 -0.3359 -0.3073 -0.1937 -0.0565 -0.0061 0.0259 0.0756 0.1676 -0.0877 -0.3253 -0.3359 -0.3070 -0.1928 -0.0561 -0.0059 0.0261 0.0759 0.1674 -0.0890 -0.3254 -0.3359 -0.3066 -0.1920 -0.0557 -0.0058 0.0262 0.0763 0.1671 -0.0903 -0.3255 -0.3346 -0.3067 -0.2647 -0.3067 -0.3346 -0.3255 -0.0903 0.1671 0.0763 0.0262 -0.0058 -0.0557 -0.1920 -0.3066 -0.3359 -0.3254 -0.0890 0.1674 0.0759 0.0261 -0.0059 -0.0561 -0.1928 -0.3070 -0.3359 -0.3253 -0.0877 0.1676 0.0756 0.0259 -0.0061 -0.0565 -0.1937 -0.3073 -0.3359 -0.3252 -0.0854 0.1681 0.0746 0.0253 -0.0071 -0.0591 -0.2007 -0.3104 -0.3360 -0.3236 -0.0623 0.1705 0.0682 0.0219 -0.0118 -0.0712 -0.1615
-0.0763 -0.0103 0.0212 0.0675 0.1706 -0.0590 -0.3233 -0.3361 -0.3110 -0.2022 -0.0597 -0.0073 0.0251 0.0746 0.1679 -0.0870 -0.3253 -0.3359 -0.3066 -0.1919 -0.0556 -0.0057 0.0263 0.0764 0.1670 -0.0908 -0.3256 -0.3358 -0.3062 -0.1909 -0.0553 -0.0055 0.0265 0.0767 0.1668 -0.0921 -0.3257 -0.3358 -0.3059 -0.1901 -0.0549 -0.0053 0.0267 0.0771 0.1665 -0.0934 -0.3258 -0.3357 -0.3015 -0.1841 -0.0980 -0.1841 -0.3015 -0.3357 -0.3258 -0.0934 0.1665 0.0771 0.0267 -0.0053 -0.0549 -0.1901 -0.3059 -0.3358 -0.3257 -0.0921 0.1668 0.0767 0.0265 -0.0055 -0.0553 -0.1909 -0.3062 -0.3358 -0.3256 -0.0908 0.1670 0.0764 0.0263 -0.0057 -0.0556 -0.1919 -0.3066 -0.3359 -0.3253 -0.0870 0.1679 0.0746 0.0251 -0.0073 -0.0597 -0.2022 -0.3110 -0.3361 -0.3233 -0.0590 0.1706 0.0675 0.0212 -0.0103 -0.0763
-0.0326 0.0250 0.0668 0.1706 -0.0556 -0.3230 -0.3361 -0.3117 -0.2039 -0.0605 -0.0077 0.0249 0.0743 0.1681 -0.0870 -0.3254 -0.3358 -0.3062 -0.1904 -0.0549 -0.0053 0.0267 0.0772 0.1664 -0.0939 -0.3258 -0.3358 -0.3055 -0.1890 -0.0544 -0.0051 0.0269 0.0775 0.1661 -0.0952 -0.3259 -0.3358 -0.3052 -0.1882 -0.0541 -0.0049 0.0271 0.0779 0.1658 -0.0965 -0.3260 -0.3358 -0.3048 -0.1805 -0.0477 -0.0118 -0.0477 -0.1805 -0.3048 -0.3358 -0.3260 -0.0965 0.1658 0.0779 0.0271 -0.0049 -0.0541 -0.1882 -0.3052 -0.3358 -0.3259 -0.0952 0.1661 0.0775 0.0269 -0.0051 -0.0544 -0.1890 -0.3055 -0.3358 -0.3258 -0.0939 0.1664 0.0772 0.0267 -0.0053 -0.0549 -0.1904 -0.3062 -0.3358 -0.3254 -0.0870 0.1681 0.0743 0.0249 -0.0077 -0.0605 -0.2039 -0.3117 -0.3361 -0.3230 -0.0556 0.1706 0.0668 0.0250 -0.0326
0.0049 0.0661 0.1707 -0.0521 -0.3228 -0.3361 -0.3123 -0.2058 -0.0615 -0.0081 0.0246 0.0737 0.1684 -0.0854 -0.3253 -0.3358 -0.3060 -0.1894 -0.0544 -0.0050 0.0271 0.0779 0.1657 -0.0969 -0.3260 -0.3357 -0.3047 -0.1870 -0.0536 -0.0046 0.0273 0.0783 0.1654 -0.0983 -0.3261 -0.3357 -0.3044 -0.1862 -0.0532 -0.0045 0.0275 0.0787 0.1651 -0.0996 -0.3262 -0.3357 -0.3042 -0.1856 -0.0525 0.0002 0.0207 0.0002 -0.0525 -0.1856 -0.3042 -0.3357 -0.3262 -0.0996 0.1651 0.0787 0.0275 -0.0045 -0.0532 -0.1862 -0.3044 -0.3357 -0.3261 -0.0983 0.1654 0.0783 0.0273 -0.0046 -0.0536 -0.1870 -0.3047 -0.3357 -0.3260 -0.0969 0.1657 0.0779 0.0271 -0.0050 -0.0544 -0.1894 -0.3060 -0.3358 -0.3253 -0.0854 0.1684 0.0737 0.0246 -0.0081 -0.0615 -0.2058 -0.3123 -0.3361 -0.3228 -0.0521 0.1707 0.0661 0.0049
0.0485 0.1707 -0.0487 -0.3225 -0.3361 -0.3129 -0.2076 -0.0625 -0.0086 0.0242 0.0730 0.1688 -0.0829 -0.3252 -0.3359 -0.3062 -0.1894 -0.0541 -0.0047 0.0273 0.0786 0.1651 -0.0998 -0.3263 -0.3357 -0.3040 -0.1851 -0.0528 -0.0042 0.0277 0.0792 0.1647 -0.1013 -0.3264 -0.3356 -0.3036 -0.1843 -0.0524 -0.0040 0.0279 0.0795 0.1643 -0.1026 -0.3265 -0.3356 -0.3033 -0.1836 -0.0523 -0.0038 0.0316 0.0632 0.0316 -0.0038 -0.0523 -0.1836 -0.3033 -0.3356 -0.3265 -0.1026 0.1643 0.0795 0.0279 -0.0040 -0.0524 -0.1843 -0.3036 -0.3356 -0.3264 -0.1013 0.1647 0.0792 0.0277 -0.0042 -0.0528 -0.1851 -0.3040 -0.3357 -0.3263 -0.0998 0.1651 0.0786 0.0273 -0.0047 -0.0541 -0.1894 -0.3062 -0.3359 -0.3252 -0.0829 0.1688 0.0730 0.0242 -0.0086 -0.0625 -0.2076 -0.3129 -0.3361 -0.3225 -0.0487 0.1707 0.0485
0.1390 -0.0451 -0.3223 -0.3361 -0.3135 -0.2095 -0.0635 -0.0090 0.0238 0.0722 0.1691 -0.0800 -0.3250 -0.3359 -0.3066 -0.1904 -0.0544 -0.0047 0.0274 0.0790 0.1646 -0.1022 -0.3265 -0.3356 -0.3032 -0.1832 -0.0520 -0.0038 0.0281 0.0800 0.1639 -0.1043 -0.3266 -0.3356 -0.3028 -0.1823 -0.0516 -0.0036 0.0283 0.0804 0.1635 -0.1056 -0.3267 -0.3355 -0.3025 -0.1815 -0.0513 -0.0036 0.0286 0.0812 0.1378 0.0812 0.0286 -0.0036 -0.0513 -0.1815 -0.3025 -0.3355 -0.3267 -0.1056 0.1635 0.0804 0.0283 -0.0036 -0.0516 -0.1823 -0.3028 -0.3356 -0.3266 -0.1043 0.1639 0.0800 0.0281 -0.0038 -0.0520 -0.1832 -0.3032 -0.3356 -0.3265 -0.1022 0.1646 0.0790 0.0274 -0.0047 -0.0544 -0.1904 -0.3066 -0.3359 -0.3250 -0.0800 0.1691 0.0722 0.0238 -0.0090 -0.0635 -0.2095 -0.3135 -0.3361 -0.3223 -0.0451 0.1390
-0.0291 -0.3218 -0.3360 -0.3141 -0.2113 -0.0645 -0.0095 0.0234 0.0715 0.1695 -0.0768 -0.3247 -0.3359 -0.3073 -0.1919 -0.0549 -0.0050 0.0273 0.0790 0.1644 -0.1037 -0.3266 -0.3356 -0.3025 -0.1813 -0.0512 -0.0034 0.0286 0.0808 0.1630 -0.1074 -0.3269 -0.3355 -0.3020 -0.1804 -0.0509 -0.0032 0.0287 0.0812 0.1626 -0.1087 -0.3270 -0.3355 -0.3017 -0.1795 -0.0505 -0.0030 0.0289 0.0822 0.1586 0.0056 0.1586 0.0822 0.0289 -0.0030 -0.0505 -0.1795 -0.3017 -0.3355 -0.3270 -0.1087 0.1626 0.0812 0.0287 -0.0032 -0.0509 -0.1804 -0.3020 -0.3355 -0.3269 -0.1074 0.1630 0.0808 0.0286 -0.0034 -0.0512 -0.1813 -0.3025 -0.3356 -0.3266 -0.1037 0.1644 0.0790 0.0273 -0.0050 -0.0549 -0.1919 -0.3073 -0.3359 -0.3247 -0.0768 0.1695 0.0715 0.0234 -0.0095 -0.0645 -0.2113 -0.3141 -0.3360 -0.3218 -0.0291
-0.1825 -0.3359 -0.3147 -0.2131 -0.0655 -0.0099 0.0231 0.0707 0.1698 -0.0736 -0.3245 -0.3360 -0.3080 -0.1937 -0.0556 -0.0053 0.0271 0.0786 0.1646 -0.1037 -0.3267 -0.3355 -0.3020 -0.1798 -0.0505 -0.0030 0.0290 0.0817 0.1620 -0.1104 -0.3271 -0.3354 -0.3012 -0.1784 -0.0501 -0.0028 0.0292 0.0821 0.1616 -0.1117 -0.3272 -0.3354 -0.3009 -0.1775 -0.0498 -0.0026 0.0294 0.0825 0.1594 -0.1179 -0.3147 -0.1179 0.1594 0.0825 0.0294 -0.0026 -0.0498 -0.1775 -0.3009 -0.3354 -0.3272 -0.1117 0.1616 0.0821 0.0292 -0.0028 -0.0501 -0.1784 -0.3012 -0.3354 -0.3271 -0.1104 0.1620 0.0817 0.0290 -0.0030 -0.0505 -0.1798 -0.3020 -0.3355 -0.3267 -0.1037 0.1646 0.0786 0.0271 -0.0053 -0.0556 -0.1937 -0.3080 -0.3360 -0.3245 -0.0736 0.1698 0.0707 0.0231 -0.0099 -0.0655 -0.2131 -0.3147 -0.3359 -0.1825
-0.2104 -0.3155 -0.2147 -0.0666 -0.0104 0.0227 0.0700 0.1700 -0.0703 -0.3242 -0.3360 -0.3087 -0.1956 -0.0565 -0.0057 0.0267 0.0779 0.1651 -0.1022 -0.3266 -0.3355 -0.3018 -0.1788 -0.0501 -0.0026 0.0294 0.0825 0.1610 -0.1134 -0.3273 -0.3353 -0.3004 -0.1764 -0.0494 -0.0023 0.0296 0.0829 0.1605 -0.1147 -0.3274 -0.3353 -0.3001 -0.1756 -0.0491 -0.0022 0.0298 0.0833 0.1601 -0.1183 -0.3291 -0.3383 -0.3291 -0.1183 0.1601 0.0833 0.0298 -0.0022 -0.0491 -0.1756 -0.3001 -0.3353 -0.3274 -0.1147 0.1605 0.0829 0.0296 -0.0023 -0.0494 -0.1764 -0.3004 -0.3353 -0.3273 -0.1134 0.1610 0.0825 0.0294 -0.0026 -0.0501 -0.1788 -0.3018 -0.3355 -0.3266 -0.1022 0.1651 0.0779 0.0267 -0.0057 -0.0565 -0.1956 -0.3087 -0.3360 -0.3242 -0.0703 0.1700 0.0700 0.0227 -0.0104 -0.0666 -0.2147 -0.3155 -0.2104
-0.2129 -0.2187 -0.0674 -0.0108 0.0223 0.0693 0.1702 -0.0671 -0.3239 -0.3360 -0.3094 -0.1975 -0.0574 -0.0061 0.0263 0.0772 0.1657 -0.0998 -0.3265 -0.3356 -0.3020 -0.1788 -0.0498 -0.0024 0.0297 0.0832 0.1601 -0.1162 -0.3275 -0.3352 -0.2996 -0.1745 -0.0486 -0.0019 0.0301 0.0838 0.1594 -0.1177 -0.3276 -0.3352 -0.2992 -0.1736 -0.0483 -0.0018 0.0303 0.0842 0.1590 -0.1189 -0.3279 -0.3367 -0.3298 -0.3367 -0.3279 -0.1189 0.1590 0.0842 0.0303 -0.0018 -0.0483 -0.1736 -0.2992 -0.3352 -0.3276 -0.1177 0.1594 0.0838 0.0301 -0.0019 -0.0486 -0.1745 -0.2996 -0.3352 -0.3275 -0.1162 0.1601 0.0832 0.0297 -0.0024 -0.0498 -0.1788 -0.3020 -0.3356 -0.3265 -0.0998 0.1657 0.0772 0.0263 -0.0061 -0.0574 -0.1975 -0.3094 -0.3360 -0.3239 -0.0671 0.1702 0.0693 0.0223 -0.0108 -0.0674 -0.2187 -0.2129
-0.1611 -0.0707 -0.0116 0.0220 0.0686 0.1704 -0.0638 -0.3237 -0.3360 -0.3101 -0.1994 -0.0583 -0.0066 0.0259 0.0764 0.1664 -0.0969 -0.3263 -0.3356 -0.3025 -0.1798 -0.0501 -0.0024 0.0298 0.0836 0.1594 -0.1186 -0.3277 -0.3352 -0.2987 -0.1725 -0.0479 -0.0015 0.0305 0.0847 0.1582 -0.1207 -0.3279 -0.3351 -0.2984 -0.1716 -0.0476 -0.0013 0.0307 0.0851 0.1577 -0.1220 -0.3279 -0.3336 -0.2980 -0.2489 -0.2980 -0.3336 -0.3279 -0.1220 0.1577 0.0851 0.0307 -0.0013 -0.0476 -0.1716 -0.2984 -0.3351 -0.3279 -0.1207 0.1582 0.0847 0.0305 -0.0015 -0.0479 -0.1725 -0.2987 -0.3352 -0.3277 -0.1183 0.1594 0.0835 0.0298 -0.0024 -0.0501 -0.1798 -0.3025 -0.3356 -0.3263 -0.0969 0.1664 0.0764 0.0259 -0.0066 -0.0583 -0.1994 -0.3101 -0.3360 -0.3237 -0.0638 0.1704 0.0686 0.0220 -0.0116 -0.0707 -0.1611
-0.0760 -0.0101 0.0213 0.0678 0.1705 -0.0604 -0.3234 -0.3361 -0.3107 -0.2012 -0.0592 -0.0070 0.0255 0.0756 0.1670 -0.0939 -0.3260 -0.3357 -0.3032 -0.1813 -0.0505 -0.0026 0.0297 0.0836 0.1590 -0.1200 -0.3279 -0.3351 -0.2980 -0.1706 -0.0472 -0.0011 0.0310 0.0856 0.1570 -0.1237 -0.3281 -0.3350 -0.2975 -0.1697 -0.0469 -0.0009 0.0312 0.0860 0.1564 -0.1250 -0.3282 -0.3349 -0.2926 -0.1629 -0.0812 -0.1629 -0.2926 -0.3349 -0.3282 -0.1250 0.1564 0.0860 0.0312 -0.0009 -0.0469 -0.1697 -0.2975 -0.3350 -0.3281 -0.1237 0.1570 0.0856 0.0310 -0.0011 -0.0472 -0.1706 -0.2980 -0.3351 -0.3279 -0.1196 0.1592 0.0835 0.0297 -0.0026 -0.0505 -0.1813 -0.3032 -0.3357 -0.3260 -0.0939 0.1670 0.0756 0.0255 -0.0070 -0.0592 -0.2012 -0.3107 -0.3361 -0.3234 -0.0604 0.1705 0.0678 0.0213 -0.0101 -0.0760
-0.0324 0.0251 0.0671 0.1706 -0.0570 -0.3232 -0.3361 -0.3114 -0.2031 -0.0601 -0.0075 0.0251 0.0748 0.1676 -0.0908 -0.3258 -0.3357 -0.3040 -0.1832 -0.0512 -0.0030 0.0294 0.0832 0.1593 -0.1200 -0.3279 -0.3351 -0.2975 -0.1692 -0.0466 -0.0007 0.0315 0.0865 0.1556 -0.1267 -0.3283 -0.3349 -0.2966 -0.1677 -0.0463 -0.0005 0.0317 0.0869 0.1551 -0.1280 -0.3284 -0.3349 -0.2963 -0.1603 -0.0398 -0.0067 -0.0398 -0.1603 -0.2963 -0.3349 -0.3284 -0.1280 0.1551 0.0869 0.0317 -0.0005 -0.0463 -0.1677 -0.2966 -0.3349 -0.3283 -0.1267 0.1556 0.0865 0.0315 -0.0007 -0.0466 -0.1692 -0.2975 -0.3350 -0.3279 -0.1196 0.1594 0.0832 0.0294 -0.0030 -0.0512 -0.1832 -0.3040 -0.3357 -0.3258 -0.0908 0.1676 0.0748 0.0251 -0.0075 -0.0601 -0.2031 -0.3114 -0.3361 -0.3232 -0.0570 0.1706 0.0671 0.0251 -0.0324
0.0051 0.0664 0.1707 -0.0536 -0.3229 -0.3361 -0.3120 -0.2050 -0.0611 -0.0079 0.0247 0.0740 0.1681 -0.0877 -0.3256 -0.3358 -0.3047 -0.1851 -0.0520 -0.0034 0.0290 0.0825 0.1601 -0.1185 -0.3279 -0.3350 -0.2973 -0.1684 -0.0463 -0.0004 0.0319 0.0874 0.1542 -0.1297 -0.3285 -0.3348 -0.2957 -0.1657 -0.0456 -0.0001 0.0322 0.0879 0.1536 -0.1310 -0.3286 -0.3347 -0.2955 -0.1651 -0.0453 0.0042 0.0249 0.0042 -0.0453 -0.1651 -0.2955 -0.3347 -0.3286 -0.1310 0.1536 0.0879 0.0322 -0.0001 -0.0456 -0.1657 -0.2957 -0.3348 -0.3285 -0.1297 0.1542 0.0874 0.0319 -0.0004 -0.0463 -0.1684 -0.2973 -0.3350 -0.3279 -0.1183 0.1601 0.0825 0.0290 -0.0034 -0.0520 -0.1851 -0.3047 -0.3358 -0.3256 -0.0877 0.1681 0.0740 0.0247 -0.0079 -0.0611 -0.2050 -0.3120 -0.3361 -0.3229 -0.0536 0.1707 0.0664 0.0051
0.0488 0.1707 -0.0502 -0.3226 -0.3361 -0.3127 -0.2068 -0.0620 -0.0084 0.0244 0.0733 0.1686 -0.0845 -0.3253 -0.3358 -0.3055 -0.1870 -0.0528 -0.0038 0.0286 0.0817 0.1610 -0.1162 -0.3277 -0.3351 -0.2975 -0.1684 -0.0461 -0.0003 0.0322 0.0881 0.1530 -0.1325 -0.3287 -0.3347 -0.2948 -0.1637 -0.0449 0.0003 0.0327 0.0888 0.1521 -0.1340 -0.3288 -0.3346 -0.2944 -0.1630 -0.0448 0.0005 0.0365 0.0694 0.0365 0.0005 -0.0448 -0.1630 -0.2944 -0.3346 -0.3288 -0.1340 0.1521 0.0888 0.0327 0.0003 -0.0449 -0.1637 -0.2948 -0.3347 -0.3287 -0.1325 0.1530 0.0881 0.0322 -0.0003 -0.0461 -0.1684 -0.2975 -0.3351 -0.3277 -0.1162 0.1610 0.0817 0.0286 -0.0038 -0.0528 -0.1870 -0.3055 -0.3358 -0.3253 -0.0845 0.1686 0.0733 0.0244 -0.0084 -0.0620 -0.2068 -0.3127 -0.3361 -0.3226 -0.0502 0.1707 0.0488
0.1389 -0.0466 -0.3224 -0.3361 -0.3133 -0.2087 -0.0630 -0.0088 0.0240 0.0725 0.1690 -0.0814 -0.3251 -0.3359 -0.3062 -0.1890 -0.0536 -0.0042 0.0281 0.0808 0.1620 -0.1134 -0.3275 -0.3352 -0.2980 -0.1692 -0.0463 -0.0003 0.0323 0.0885 0.1521 -0.1346 -0.3289 -0.3345 -0.2939 -0.1617 -0.0443 0.0007 0.0332 0.0898 0.1505 -0.1370 -0.3290 -0.3345 -0.2935 -0.1609 -0.0440 0.0007 0.0335 0.0893 0.1429 0.0893 0.0335 0.0007 -0.0440 -0.1609 -0.2935 -0.3345 -0.3290 -0.1370 0.1505 0.0898 0.0332 0.0007 -0.0443 -0.1617 -0.2939 -0.3345 -0.3289 -0.1346 0.1521 0.0885 0.0323 -0.0003 -0.0463 -0.1692 -0.2980 -0.3352 -0.3275 -0.1134 0.1620 0.0808 0.0281 -0.0042 -0.0536 -0.1890 -0.3062 -0.3359 -0.3251 -0.0814 0.1690 0.0725 0.0240 -0.0088 -0.0630 -0.2087 -0.3133 -0.3361 -0.3224 -0.0466 0.1389
-0.0302 -0.3220 -0.3360 -0.3139 -0.2105 -0.0640 -0.0093 0.0236 0.0718 0.1693 -0.0782 -0.3248 -0.3359 -0.3070 -0.1909 -0.0544 -0.0046 0.0277 0.0800 0.1630 -0.1104 -0.3273 -0.3352 -0.2987 -0.1706 -0.0466 -0.0004 0.0322 0.0885 0.1517 -0.1359 -0.3290 -0.3345 -0.2931 -0.1599 -0.0436 0.0011 0.0337 0.0908 0.1488 -0.1400 -0.3292 -0.3343 -0.2926 -0.1589 -0.0433 0.0012 0.0338 0.0920 0.1447 -0.0380 0.1447 0.0920 0.0338 0.0012 -0.0433 -0.1589 -0.2926 -0.3343 -0.3292 -0.1400 0.1488 0.0908 0.0337 0.0011 -0.0436 -0.1599 -0.2931 -0.3345 -0.3290 -0.1359 0.1517 0.0885 0.0322 -0.0004 -0.0466 -0.1706 -0.2987 -0.3352 -0.3273 -0.1104 0.1630 0.0800 0.0277 -0.0046 -0.0544 -0.1909 -0.3070 -0.3359 -0.3248 -0.0782 0.1693 0.0718 0.0236 -0.0093 -0.0640 -0.2105 -0.3139 -0.3360 -0.3220 -0.0302
-0.1827 -0.3359 -0.3145 -0.2123 -0.0651 -0.0097 0.0232 0.0710 0.1697 -0.0750 -0.3246 -0.3360 -0.3077 -0.1928 -0.0553 -0.0051 0.0273 0.0792 0.1639 -0.1074 -0.3271 -0.3353 -0.2996 -0.1725 -0.0472 -0.0007 0.0319 0.0881 0.1521 -0.1359 -0.3291 -0.3344 -0.2926 -0.1585 -0.0431 0.0014 0.0342 0.0918 0.1470 -0.1431 -0.3294 -0.3342 -0.2916 -0.1570 -0.0427 0.0016 0.0344 0.0924 0.1437 -0.1493 -0.3212 -0.1493 0.1437 0.0924 0.0344 0.0016 -0.0427 -0.1570 -0.2916 -0.3342 -0.3294 -0.1431 0.1470 0.0918 0.0342 0.0014 -0.0431 -0.1585 -0.2926 -0.3344 -0.3291 -0.1359 0.1521 0.0881 0.0319 -0.0007 -0.0472 -0.1725 -0.2996 -0.3353 -0.3271 -0.1074 0.1639 0.0792 0.0273 -0.0051 -0.0553 -0.1928 -0.3077 -0.3360 -0.3246 -0.0750 0.1697 0.0710 0.0232 -0.0097 -0.0651 -0.2123 -0.3145 -0.3359 -0.1827
-0.2105 -0.3153 -0.2138 -0.0661 -0.0102 0.0229 0.0703 0.1699 -0.0717 -0.3243 -0.3360 -0.3084 -0.1948 -0.0561 -0.0055 0.0269 0.0783 0.1647 -0.1043 -0.3269 -0.3354 -0.3004 -0.1745 -0.0479 -0.0011 0.0315 0.0874 0.1530 -0.1346 -0.3290 -0.3344 -0.2924 -0.1577 -0.0427 0.0017 0.0346 0.0927 0.1451 -0.1461 -0.3297 -0.3341 -0.2907 -0.1550 -0.0420 0.0020 0.0349 0.0933 0.1444 -0.1497 -0.3314 -0.3394 -0.3314 -0.1497 0.1444 0.0933 0.0349 0.0020 -0.0420 -0.1550 -0.2907 -0.3341 -0.3297 -0.1461 0.1451 0.0927 0.0346 0.0017 -0.0427 -0.1577 -0.2924 -0.3344 -0.3290 -0.1346 0.1530 0.0874 0.0315 -0.0011 -0.0479 -0.1745 -0.3004 -0.3354 -0.3269 -0.1043 0.1647 0.0783 0.0269 -0.0055 -0.0561 -0.1948 -0.3084 -0.3360 -0.3243 -0.0717 0.1699 0.0703 0.0229 -0.0102 -0.0661 -0.2138 -0.3153 -0.2105
-0.2128 -0.2178 -0.0670 -0.0106 0.0225 0.0696 0.1702 -0.0685 -0.3241 -0.3360 -0.3091 -0.1967 -0.0570 -0.0059 0.0265 0.0775 0.1654 -0.1013 -0.3266 -0.3355 -0.3012 -0.1764 -0.0486 -0.0015 0.0310 0.0865 0.1542 -0.1325 -0.3289 -0.3345 -0.2926 -0.1577 -0.0425 0.0019 0.0349 0.0935 0.1435 -0.1490 -0.3299 -0.3339 -0.2897 -0.1530 -0.0414 0.0024 0.0354 0.0943 0.1424 -0.1504 -0.3300 -0.3353 -0.3251 -0.3353 -0.3300 -0.1504 0.1424 0.0943 0.0354 0.0024 -0.0414 -0.1530 -0.2897 -0.3339 -0.3299 -0.1490 0.1435 0.0935 0.0349 0.0019 -0.0425 -0.1577 -0.2926 -0.3345 -0.3289 -0.1325 0.1542 0.0865 0.0310 -0.0015 -0.0486 -0.1764 -0.3012 -0.3355 -0.3266 -0.1013 0.1654 0.0775 0.0265 -0.0059 -0.0570 -0.1967 -0.3091 -0.3360 -0.3241 -0.0685 0.1702 0.0696 0.0225 -0.0106 -0.0670 -0.2178 -0.2128
-0.1607 -0.0702 -0.0114 0.0222 0.0689 0.1703 -0.0652 -0.3238 -0.3360 -0.3098 -0.1986 -0.0579 -0.0064 0.0261 0.0767 0.1661 -0.0983 -0.3264 -0.3356 -0.3020 -0.1784 -0.0494 -0.0019 0.0305 0.0856 0.1556 -0.1297 -0.3287 -0.3345 -0.2931 -0.1585 -0.0427 0.0019 0.0350 0.0939 0.1423 -0.1511 -0.3300 -0.3338 -0.2887 -0.1511 -0.0408 0.0028 0.0359 0.0954 0.1403 -0.1536 -0.3301 -0.3319 -0.2878 -0.2310 -0.2878 -0.3319 -0.3301 -0.1536 0.1403 0.0954 0.0359 0.0028 -0.0408 -0.1511 -0.2887 -0.3338 -0.3300 -0.1511 0.1423 0.0939 0.0350 0.0019 -0.0427 -0.1585 -0.2931 -0.3345 -0.3287 -0.1297 0.1556 0.0856 0.0305 -0.0019 -0.0494 -0.1784 -0.3020 -0.3356 -0.3264 -0.0983 0.1661 0.0767 0.0261 -0.0064 -0.0579 -0.1986 -0.3098 -0.3360 -0.3238 -0.0652 0.1703 0.0689 0.0222 -0.0114 -0.0702 -0.1607
-0.0757 -0.0099 0.0215 0.0681 0.1705 -0.0618 -0.3235 -0.3360 -0.3104 -0.2004 -0.0588 -0.0068 0.0257 0.0759 0.1668 -0.0952 -0.3261 -0.3356 -0.3028 -0.1804 -0.0501 -0.0023 0.0301 0.0847 0.1570 -0.1267 -0.3285 -0.3347 -0.2939 -0.1599 -0.0431 0.0017 0.0349 0.0939 0.1419 -0.1525 -0.3301 -0.3336 -0.2878 -0.1492 -0.0401 0.0032 0.0364 0.0965 0.1381 -0.1567 -0.3303 -0.3335 -0.2823 -0.1418 -0.0668 -0.1418 -0.2823 -0.3335 -0.3303 -0.1567 0.1381 0.0965 0.0364 0.0032 -0.0401 -0.1492 -0.2878 -0.3336 -0.3301 -0.1525 0.1419 0.0939 0.0349 0.0017 -0.0431 -0.1599 -0.2939 -0.3347 -0.3285 -0.1267 0.1570 0.0847 0.0301 -0.0023 -0.0501 -0.1804 -0.3028 -0.3356 -0.3261 -0.0952 0.1668 0.0759 0.0257 -0.0068 -0.0588 -0.2004 -0.3104 -0.3360 -0.3235 -0.0618 0.1705 0.0681 0.0215 -0.0099 -0.0757
-0.0322 0.0253 0.0674 0.1706 -0.0585 -0.3233 -0.3361 -0.3111 -0.2023 -0.0597 -0.0073 0.0253 0.0751 0.1674 -0.0921 -0.3259 -0.3357 -0.3036 -0.1823 -0.0509 -0.0028 0.0296 0.0838 0.1582 -0.1237 -0.3283 -0.3348 -0.2948 -0.1617 -0.0436 0.0014 0.0346 0.0935 0.1423 -0.1525 -0.3302 -0.3336 -0.2873 -0.1478 -0.0396 0.0035 0.0370 0.0976 0.1358 -0.1598 -0.3305 -0.3334 -0.2863 -0.1404 -0.0329 -0.0021 -0.0329 -0.1404 -0.2863 -0.3334 -0.3305 -0.1598 0.1358 0.0976 0.0370 0.0035 -0.0396 -0.1478 -0.2873 -0.3336 -0.3302 -0.1525 0.1423 0.0935 0.0346 0.0014 -0.0436 -0.1617 -0.2948 -0.3348 -0.3283 -0.1237 0.1582 0.0838 0.0296 -0.0028 -0.0509 -0.1823 -0.3036 -0.3357 -0.3259 -0.0921 0.1674 0.0751 0.0253 -0.0073 -0.0597 -0.2023 -0.3111 -0.3361 -0.3233 -0.0585 0.1706 0.0674 0.0253 -0.0322
0.0052 0.0667 0.1706 -0.0551 -0.3230 -0.3361 -0.3118 -0.2042 -0.0607 -0.0077 0.0249 0.0744 0.1679 -0.0890 -0.3257 -0.3358 -0.3044 -0.1843 -0.0516 -0.0032 0.0292 0.0829 0.1594 -0.1207 -0.3281 -0.3349 -0.2957 -0.1637 -0.0443 0.0011 0.0342 0.0927 0.1435 -0.1511 -0.3301 -0.3336 -0.2870 -0.1470 -0.0392 0.0038 0.0374 0.0986 0.1335 -0.1630 -0.3307 -0.3332 -0.2853 -0.1446 -0.0385 0.0081 0.0293 0.0081 -0.0385 -0.1446 -0.2853 -0.3332 -0.3307 -0.1630 0.1335 0.0986 0.0374 0.0038 -0.0392 -0.1470 -0.2870 -0.3336 -0.3301 -0.1511 0.1435 0.0927 0.0342 0.0011 -0.0443 -0.1637 -0.2957 -0.3349 -0.3281 -0.1207 0.1594 0.0829 0.0292 -0.0032 -0.0516 -0.1843 -0.3044 -0.3358 -0.3257 -0.0890 0.1679 0.0744 0.0249 -0.0077 -0.0607 -0.2042 -0.3118 -0.3361 -0.3230 -0.0551 0.1706 0.0667 0.0052
0.0491 0.1707 -0.0517 -0.3227 -0.3361 -0.3124 -0.2060 -0.0616 -0.0082 0.0245 0.0736 0.1684 -0.0859 -0.3254 -0.3358 -0.3052 -0.1862 -0.0524 -0.0036 0.0287 0.0821 0.1605 -0.1177 -0.3279 -0.3350 -0.2966 -0.1657 -0.0449 0.0007 0.0337 0.0918 0.1451 -0.1490 -0.3300 -0.3336 -0.2873 -0.1470 -0.0391 0.0040 0.0377 0.0995 0.1314 -0.1659 -0.3309 -0.3330 -0.2841 -0.1426 -0.0381 0.0046 0.0417 0.0758 0.0417 0.0046 -0.0381 -0.1426 -0.2841 -0.3330 -0.3309 -0.1659 0.1314 0.0995 0.0377 0.0040 -0.0391 -0.1470 -0.2873 -0.3336 -0.3300 -0.1490 0.1451 0.0918 0.0337 0.0007 -0.0449 -0.1657 -0.2966 -0.3350 -0.3279 -0.1177 0.1605 0.0821 0.0287 -0.0036 -0.0524 -0.1862 -0.3052 -0.3358 -0.3254 -0.0859 0.1684 0.0736 0.0245 -0.0082 -0.0616 -0.2060 -0.3124 -0.3361 -0.3227 -0.0517 0.1707 0.0491
0.1388 -0.0481 -0.3225 -0.3361 -0.3130 -0.2079 -0.0626 -0.0086 0.0241 0.0728 0.1688 -0.0827 -0.3252 -0.3359 -0.3059 -0.1882 -0.0532 -0.0040 0.0283 0.0812 0.1616 -0.1147 -0.3276 -0.3351 -0.2975 -0.1677 -0.0456 0.0003 0.0332 0.0908 0.1470 -0.1461 -0.3299 -0.3338 -0.2878 -0.1478 -0.0392 0.0040 0.0378 0.0999 0.1300 -0.1682 -0.3311 -0.3328 -0.2831 -0.1405 -0.0373 0.0048 0.0389 0.0984 0.1443 0.0984 0.0389 0.0048 -0.0373 -0.1405 -0.2831 -0.3328 -0.3311 -0.1682 0.1300 0.0999 0.0378 0.0040 -0.0392 -0.1478 -0.2878 -0.3338 -0.3299 -0.1461 0.1470 0.0908 0.0332 0.0003 -0.0456 -0.1677 -0.2975 -0.3351 -0.3276 -0.1147 0.1616 0.0812 0.0283 -0.0040 -0.0532 -0.1882 -0.3059 -0.3359 -0.3252 -0.0827 0.1688 0.0728 0.0241 -0.0086 -0.0626 -0.2079 -0.3130 -0.3361 -0.3225 -0.0481 0.1388
-0.0313 -0.3221 -0.3361 -0.3136 -0.2097 -0.0636 -0.0091 0.0238 0.0721 0.1692 -0.0796 -0.3249 -0.3359 -0.3066 -0.1901 -0.0541 -0.0045 0.0279 0.0804 0.1626 -0.1117 -0.3274 -0.3352 -0.2984 -0.1697 -0.0463 -0.0001 0.0327 0.0898 0.1488 -0.1431 -0.3297 -0.3339 -0.2887 -0.1492 -0.0396 0.0038 0.0377 0.0999 0.1294 -0.1696 -0.3312 -0.3327 -0.2822 -0.1387 -0.0367 0.0052 0.0392 0.1039 0.1198 -0.0805 0.1198 0.1039 0.0392 0.0052 -0.0367 -0.1387 -0.2822 -0.3327 -0.3312 -0.1696 0.1294 0.0999 0.0377 0.0038 -0.0396 -0.1492 -0.2887 -0.3339 -0.3297 -0.1431 0.1488 0.0898 0.0327 -0.0001 -0.0463 -0.1697 -0.2984 -0.3352 -0.3274 -0.1117 0.1626 0.0804 0.0279 -0.0045 -0.0541 -0.1901 -0.3066 -0.3359 -0.3249 -0.0796 0.1692 0.0721 0.0238 -0.0091 -0.0636 -0.2097 -0.3136 -0.3361 -0.3221 -0.0313
-0.1828 -0.3359 -0.3142 -0.2115 -0.0646 -0.0095 0.0234 0.0714 0.1695 -0.0764 -0.3247 -0.3359 -0.3074 -0.1920 -0.0549 -0.0049 0.0275 0.0795 0.1635 -0.1087 -0.3272 -0.3353 -0.2992 -0.1716 -0.0469 -0.0005 0.0322 0.0888 0.1505 -0.1400 -0.3294 -0.3341 -0.2897 -0.1511 -0.0401 0.0035 0.0374 0.0995 0.1300 -0.1696 -0.3312 -0.3326 -0.2815 -0.1374 -0.0362 0.0056 0.0398 0.1043 0.1186 -0.1825 -0.3243 -0.1825 0.1186 0.1043 0.0398 0.0056 -0.0362 -0.1374 -0.2815 -0.3326 -0.3312 -0.1696 0.1300 0.0995 0.0374 0.0035 -0.0401 -0.1511 -0.2897 -0.3341 -0.3294 -0.1400 0.1505 0.0888 0.0322 -0.0005 -0.0469 -0.1716 -0.2992 -0.3353 -0.3272 -0.1087 0.1635 0.0795 0.0275 -0.0049 -0.0549 -0.1920 -0.3074 -0.3359 -0.3247 -0.0764 0.1695 0.0714 0.0234 -0.0095 -0.0646 -0.2115 -0.3142 -0.3359 -0.1828
-0.2106 -0.3150 -0.2131 -0.0657 -0.0100 0.0230 0.0706 0.1698 -0.0731 -0.3244 -0.3360 -0.3081 -0.1939 -0.0557 -0.0053 0.0271 0.0787 0.1643 -0.1056 -0.3270 -0.3354 -0.3001 -0.1736 -0.0476 -0.0009 0.0317 0.0879 0.1521 -0.1370 -0.3292 -0.3342 -0.2907 -0.1530 -0.0408 0.0032 0.0370 0.0986 0.1314 -0.1682 -0.3312 -0.3326 -0.2813 -0.1366 -0.0358 0.0059 0.0403 0.1052 0.1192 -0.1828 -0.3333 -0.3400 -0.3333 -0.1828 0.1192 0.1052 0.0403 0.0059 -0.0358 -0.1366 -0.2813 -0.3326 -0.3312 -0.1682 0.1314 0.0986 0.0370 0.0032 -0.0408 -0.1530 -0.2907 -0.3342 -0.3292 -0.1370 0.1521 0.0879 0.0317 -0.0009 -0.0476 -0.1736 -0.3001 -0.3354 -0.3270 -0.1056 0.1643 0.0787 0.0271 -0.0053 -0.0557 -0.1939 -0.3081 -0.3360 -0.3244 -0.0731 0.1698 0.0706 0.0230 -0.0100 -0.0657 -0.2131 -0.3150 -0.2106
-0.2127 -0.2172 -0.0665 -0.0104 0.0226 0.0699 0.1701 -0.0699 -0.3242 -0.3360 -0.3088 -0.1958 -0.0566 -0.0058 0.0267 0.0779 0.1651 -0.1026 -0.3267 -0.3355 -0.3009 -0.1756 -0.0483 -0.0013 0.0312 0.0869 0.1536 -0.1340 -0.3290 -0.3343 -0.2916 -0.1550 -0.0414 0.0028 0.0364 0.0976 0.1335 -0.1659 -0.3311 -0.3327 -0.2815 -0.1366 -0.0357 0.0060 0.0406 0.1061 0.1166 -0.1836 -0.3317 -0.3332 -0.3195 -0.3332 -0.3317 -0.1836 0.1166 0.1061 0.0406 0.0060 -0.0357 -0.1366 -0.2815 -0.3327 -0.3311 -0.1659 0.1335 0.0976 0.0364 0.0028 -0.0414 -0.1550 -0.2916 -0.3343 -0.3290 -0.1340 0.1536 0.0869 0.0312 -0.0013 -0.0483 -0.1756 -0.3009 -0.3355 -0.3267 -0.1026 0.1651 0.0779 0.0267 -0.0058 -0.0566 -0.1958 -0.3088 -0.3360 -0.3242 -0.0699 0.1701 0.0699 0.0226 -0.0104 -0.0665 -0.2172 -0.2127
-0.1603 -0.0697 -0.0112 0.0223 0.0692 0.1703 -0.0666 -0.3239 -0.3360 -0.3095 -0.1977 -0.0575 -0.0062 0.0262 0.0771 0.1658 -0.0996 -0.3265 -0.3355 -0.3017 -0.1775 -0.0491 -0.0018 0.0307 0.0860 0.1551 -0.1310 -0.3288 -0.3345 -0.2926 -0.1570 -0.0420 0.0024 0.0359 0.0965 0.1358 -0.1630 -0.3309 -0.3328 -0.2822 -0.1374 -0.0358 0.0060 0.0407 0.1067 0.1149 -0.1861 -0.3319 -0.3296 -0.2763 -0.2115 -0.2763 -0.3296 -0.3319 -0.1861 0.1149 0.1067 0.0407 0.0060 -0.0358 -0.1374 -0.2822 -0.3328 -0.3309 -0.1630 0.1358 0.0965 0.0359 0.0024 -0.0420 -0.1570 -0.2926 -0.3345 -0.3288 -0.1310 0.1551 0.0860 0.0307 -0.0018 -0.0491 -0.1775 -0.3017 -0.3355 -0.3265 -0.0996 0.1658 0.0771 0.0262 -0.0062 -0.0575 -0.1977 -0.3095 -0.3360 -0.3239 -0.0666 0.1703 0.0692 0.0223 -0.0112 -0.0697 -0.1603
-0.0754 -0.0097 0.0216 0.0684 0.1704 -0.0633 -0.3236 -0.3360 -0.3101 -0.1996 -0.0584 -0.0066 0.0259 0.0763 0.1665 -0.0965 -0.3262 -0.3356 -0.3025 -0.1795 -0.0498 -0.0022 0.0303 0.0851 0.1564 -0.1280 -0.3286 -0.3346 -0.2935 -0.1589 -0.0427 0.0020 0.0354 0.0954 0.1381 -0.1598 -0.3307 -0.3330 -0.2831 -0.1387 -0.0362 0.0059 0.0406 0.1067 0.1142 -0.1875 -0.3321 -0.3314 -0.2708 -0.1219 -0.0549 -0.1219 -0.2709 -0.3314 -0.3321 -0.1875 0.1142 0.1067 0.0406 0.0059 -0.0362 -0.1387 -0.2831 -0.3330 -0.3307 -0.1598 0.1381 0.0954 0.0354 0.0020 -0.0427 -0.1589 -0.2935 -0.3346 -0.3286 -0.1280 0.1564 0.0851 0.0303 -0.0022 -0.0498 -0.1795 -0.3025 -0.3356 -0.3262 -0.0965 0.1665 0.0763 0.0259 -0.0066 -0.0584 -0.1996 -0.3101 -0.3360 -0.3236 -0.0633 0.1704 0.0684 0.0216 -0.0097 -0.0754
-0.0320 0.0255 0.0677 0.1705 -0.0599 -0.3234 -0.3361 -0.3108 -0.2015 -0.0593 -0.0071 0.0255 0.0755 0.1671 -0.0934 -0.3260 -0.3357 -0.3033 -0.1815 -0.0505 -0.0026 0.0298 0.0842 0.1577 -0.1250 -0.3284 -0.3347 -0.2944 -0.1609 -0.0433 0.0016 0.0349 0.0943 0.1403 -0.1567 -0.3305 -0.3332 -0.2841 -0.1405 -0.0367 0.0056 0.0403 0.1061 0.1149 -0.1875 -0.3321 -0.3314 -0.2756 -0.1223 -0.0269 0.0018 -0.0269 -0.1223 -0.2756 -0.3314 -0.3321 -0.1875 0.1149 0.1061 0.0403 0.0056 -0.0367 -0.1405 -0.2841 -0.3332 -0.3305 -0.1567 0.1403 0.0943 0.0349 0.0016 -0.0433 -0.1609 -0.2944 -0.3347 -0.3284 -0.1250 0.1577 0.0842 0.0298 -0.0026 -0.0505 -0.1815 -0.3033 -0.3357 -0.3260 -0.0934 0.1671 0.0755 0.0255 -0.0071 -0.0593 -0.2015 -0.3108 -0.3361 -0.3234 -0.0599 0.1705 0.0677 0.0255 -0.0320
0.0054 0.0670 0.1706 -0.0565 -0.3231 -0.3361 -0.3115 -0.2034 -0.0603 -0.0075 0.0251 0.0747 0.1677 -0.0903 -0.3258 -0.3357 -0.3041 -0.1834 -0.0513 -0.0030 0.0294 0.0833 0.1589 -0.1220 -0.3282 -0.3349 -0.2954 -0.1629 -0.0440 0.0012 0.0344 0.0933 0.1423 -0.1536 -0.3303 -0.3333 -0.2852 -0.1424 -0.0373 0.0052 0.0398 0.1052 0.1166 -0.1861 -0.3321 -0.3313 -0.2753 -0.1269 -0.0326 0.0115 0.0339 0.0115 -0.0326 -0.1271 -0.2755 -0.3314 -0.3321 -0.1861 0.1166 0.1052 0.0398 0.0052 -0.0373 -0.1426 -0.2853 -0.3334 -0.3303 -0.1536 0.1424 0.0933 0.0344 0.0012 -0.0440 -0.1630 -0.2955 -0.3349 -0.3282 -0.1220 0.1590 0.0833 0.0294 -0.0030 -0.0513 -0.1836 -0.3042 -0.3358 -0.3258 -0.0903 0.1677 0.0747 0.0251 -0.0075 -0.0603 -0.2036 -0.3116 -0.3361 -0.3231 -0.0565 0.1706 0.0670 0.0054
0.0494 0.1706 -0.0531 -0.3229 -0.3361 -0.3121 -0.2052 -0.0612 -0.0080 0.0247 0.0739 0.1682 -0.0872 -0.3255 -0.3358 -0.3048 -0.1854 -0.0521 -0.0034 0.0289 0.0824 0.1601 -0.1190 -0.3280 -0.3350 -0.2963 -0.1649 -0.0446 0.0008 0.0339 0.0922 0.1443 -0.1505 -0.3301 -0.3335 -0.2862 -0.1444 -0.0379 0.0049 0.0393 0.1040 0.1191 -0.1837 -0.3320 -0.3314 -0.2754 -0.1266 -0.0326 0.0080 0.0467 0.0821 0.0466 0.0079 -0.0329 -0.1270 -0.2756 -0.3314 -0.3319 -0.1836 0.1192 0.1043 0.0392 0.0048 -0.0381 -0.1446 -0.2863 -0.3335 -0.3301 -0.1504 0.1444 0.0924 0.0338 0.0007 -0.0448 -0.1651 -0.2963 -0.3349 -0.3279 -0.1189 0.1601 0.0825 0.0289 -0.0036 -0.0523 -0.1856 -0.3048 -0.3357 -0.3255 -0.0872 0.1682 0.0740 0.0246 -0.0081 -0.0614 -0.2054 -0.3121 -0.3360 -0.3228 -0.0531 0.1707 0.0495
0.1387 -0.0496 -0.3226 -0.3361 -0.3127 -0.2071 -0.0622 -0.0084 0.0243 0.0732 0.1686 -0.0841 -0.3253 -0.3358 -0.3056 -0.1873 -0.0529 -0.0038 0.0285 0.0816 0.1612 -0.1160 -0.3277 -0.3351 -0.2971 -0.1668 -0.0453 0.0004 0.0334 0.0912 0.1462 -0.1474 -0.3299 -0.3337 -0.2873 -0.1463 -0.0386 0.0045 0.0387 0.1028 0.1220 -0.1805 -0.3319 -0.3316 -0.2760 -0.1271 -0.0325 0.0078 0.0436 0.1078 0.1422 0.1078 0.0438 0.0078 -0.0325 -0.1222 -0.2707 -0.3296 -0.3317 -0.1828 0.1186 0.1039 0.0389 0.0046 -0.0385 -0.1404 -0.2823 -0.3319 -0.3300 -0.1497 0.1437 0.0920 0.0335 0.0005 -0.0453 -0.1603 -0.2926 -0.3336 -0.3279 -0.1183 0.1594 0.0822 0.0286 -0.0038 -0.0525 -0.1805 -0.3015 -0.3346 -0.3256 -0.0867 0.1675 0.0736 0.0244 -0.0084 -0.0611 -0.2002 -0.3091 -0.3351 -0.3230 -0.0535 0.1379
-0.0323 -0.3222 -0.3361 -0.3134 -0.2089 -0.0632 -0.0089 0.0239 0.0724 0.1690 -0.0809 -0.3250 -0.3359 -0.3063 -0.1893 -0.0537 -0.0043 0.0281 0.0807 0.1622 -0.1130 -0.3275 -0.3352 -0.2980 -0.1688 -0.0460 0.0000 0.0329 0.0902 0.1480 -0.1444 -0.3297 -0.3338 -0.2883 -0.1483 -0.0392 0.0041 0.0382 0.1016 0.1247 -0.1772 -0.3317 -0.3318 -0.2770 -0.1285 -0.0328 0.0078 0.0434 0.1157 0.0891 -0.1192 0.0918 0.1075 0.0465 0.0115 -0.0268 -0.1219 -0.2762 -0.3332 -0.3333 -0.1825 0.1198 0.0984 0.0417 0.0081 -0.0329 -0.1418 -0.2878 -0.3353 -0.3314 -0.1493 0.1447 0.0893 0.0365 0.0042 -0.0398 -0.1629 -0.2980 -0.3367 -0.3291 -0.1179 0.1586 0.0812 0.0316 0.0002 -0.0477 -0.1841 -0.3067 -0.3375 -0.3266 -0.0861 0.1544 0.0739 0.0273 -0.0042 -0.0570 -0.2047 -0.3141 -0.3376 -0.3241 -0.0382
-0.1830 -0.3359 -0.3139 -0.2108 -0.0642 -0.0093 0.0235 0.0717 0.1694 -0.0777 -0.3248 -0.3359 -0.3071 -0.1912 -0.0545 -0.0047 0.0277 0.0799 0.1631 -0.1100 -0.3273 -0.3353 -0.2989 -0.1708 -0.0466 -0.0004 0.0324 0.0892 0.1498 -0.1413 -0.3295 -0.3340 -0.2893 -0.1502 -0.0398 0.0037 0.0377 0.1004 0.1274 -0.1740 -0.3315 -0.3321 -0.2782 -0.1302 -0.0334 0.0076 0.0432 0.1140 0.0918 -0.2139 -0.3206 -0.0215 0.1448 0.0821 0.0339 0.0018 -0.0549 -0.2116 -0.3195 -0.3400 -0.3243 -0.0805 0.1443 0.0758 0.0293 -0.0021 -0.0668 -0.2310 -0.3251 -0.3394 -0.3212 -0.0380 0.1429 0.0694 0.0249 -0.0067 -0.0812 -0.2489 -0.3298 -0.3383 -0.3147 0.0056 0.1378 0.0632 0.0207 -0.0118 -0.0980 -0.2647 -0.3334 -0.3369 -0.2842 0.0483 0.1229 0.0574 0.0169 -0.0176 -0.1171 -0.2786 -0.3359 -0.3361 -0.1643
