0.4309 0.3977 0.3271 0.2532 0.2544 0.2857 0.3316 0.3825 0.4158 0.4282 0.4240 0.3973 0.3266 0.2530 0.2545 0.2859 0.3319 0.3827 0.4159 0.4283 0.4240 0.3971 0.3261 0.2529 0.2546 0.2861 0.3322 0.3830 0.4160 0.4283 0.4239 0.3969 0.3256 0.2527 0.2548 0.2863 0.3324 0.3832 0.4161 0.4283 0.4238 0.3967 0.3252 0.2526 0.2549 0.2865 0.3326 0.3834 0.4168 0.4283 0.4234 0.4283 0.4168 0.3834 0.3326 0.2865 0.2549 0.2526 0.3252 0.3967 0.4238 0.4283 0.4161 0.3832 0.3324 0.2863 0.2548 0.2527 0.3256 0.3969 0.4239 0.4283 0.4160 0.3830 0.3322 0.2861 0.2546 0.2529 0.3261 0.3971 0.4240 0.4283 0.4159 0.3827 0.3319 0.2859 0.2545 0.2530 0.3266 0.3973 0.4240 0.4282 0.4158 0.3825 0.3316 0.2857 0.2544 0.2532 0.3271 0.3977 0.4309
0.3977 0.2844 0.1884 0.1966 0.2454 0.3106 0.3814 0.4226 0.4285 0.4122 0.3724 0.2831 0.1881 0.1969 0.2457 0.3111 0.3818 0.4227 0.4284 0.4121 0.3721 0.2824 0.1879 0.1971 0.2460 0.3114 0.3821 0.4228 0.4284 0.4120 0.3719 0.2818 0.1877 0.1973 0.2463 0.3118 0.3825 0.4229 0.4284 0.4118 0.3716 0.2812 0.1875 0.1975 0.2466 0.3121 0.3827 0.4229 0.4283 0.4082 0.3797 0.4082 0.4283 0.4229 0.3827 0.3121 0.2466 0.1975 0.1875 0.2812 0.3716 0.4118 0.4284 0.4229 0.3825 0.3118 0.2463 0.1973 0.1877 0.2818 0.3719 0.4120 0.4284 0.4228 0.3821 0.3114 0.2460 0.1971 0.1879 0.2824 0.3721 0.4121 0.4284 0.4227 0.3818 0.3111 0.2457 0.1969 0.1881 0.2831 0.3724 0.4122 0.4285 0.4226 0.3814 0.3106 0.2454 0.1966 0.1884 0.2844 0.3977
0.3271 0.1884 0.1968 0.2458 0.3113 0.3817 0.4211 0.4263 0.4112 0.3717 0.2816 0.1876 0.1974 0.2464 0.3119 0.3822 0.4213 0.4263 0.4110 0.3715 0.2809 0.1874 0.1976 0.2467 0.3123 0.3825 0.4213 0.4262 0.4109 0.3712 0.2803 0.1873 0.1977 0.2470 0.3126 0.3828 0.4214 0.4262 0.4108 0.3709 0.2797 0.1871 0.1980 0.2473 0.3130 0.3831 0.4215 0.4262 0.4106 0.3647 0.3096 0.3647 0.4106 0.4262 0.4215 0.3831 0.3130 0.2473 0.1980 0.1871 0.2797 0.3709 0.4108 0.4262 0.4214 0.3828 0.3126 0.2470 0.1977 0.1873 0.2803 0.3712 0.4109 0.4262 0.4213 0.3825 0.3123 0.2467 0.1976 0.1874 0.2809 0.3715 0.4110 0.4263 0.4213 0.3822 0.3119 0.2464 0.1974 0.1876 0.2816 0.3717 0.4112 0.4263 0.4211 0.3817 0.3113 0.2458 0.1968 0.1884 0.3271
0.2532 0.1966 0.2458 0.3116 0.3822 0.4215 0.4264 0.4109 0.3711 0.2801 0.1872 0.1978 0.2471 0.3127 0.3830 0.4216 0.4264 0.4108 0.3708 0.2795 0.1871 0.1980 0.2474 0.3131 0.3833 0.4217 0.4263 0.4106 0.3705 0.2789 0.1869 0.1982 0.2477 0.3134 0.3836 0.4218 0.4263 0.4105 0.3702 0.2783 0.1867 0.1984 0.2480 0.3138 0.3839 0.4219 0.4263 0.4105 0.3698 0.2750 0.1990 0.2750 0.3698 0.4105 0.4263 0.4219 0.3839 0.3138 0.2480 0.1984 0.1867 0.2783 0.3702 0.4105 0.4263 0.4218 0.3836 0.3134 0.2477 0.1982 0.1869 0.2789 0.3705 0.4106 0.4263 0.4217 0.3833 0.3131 0.2474 0.1980 0.1871 0.2795 0.3708 0.4108 0.4264 0.4216 0.3830 0.3127 0.2471 0.1978 0.1872 0.2801 0.3711 0.4109 0.4264 0.4215 0.3822 0.3116 0.2458 0.1966 0.2532
0.2544 0.2454 0.3113 0.3822 0.4215 0.4264 0.4107 0.3705 0.2788 0.1868 0.1983 0.2478 0.3135 0.3837 0.4218 0.4263 0.4105 0.3701 0.2781 0.1867 0.1985 0.2480 0.3139 0.3840 0.4219 0.4262 0.4103 0.3698 0.2774 0.1865 0.1987 0.2483 0.3143 0.3843 0.4220 0.4262 0.4102 0.3695 0.2768 0.1864 0.1989 0.2486 0.3146 0.3846 0.4220 0.4262 0.4101 0.3694 0.2755 0.1860 0.1811 0.1860 0.2755 0.3694 0.4101 0.4262 0.4220 0.3846 0.3146 0.2486 0.1989 0.1864 0.2768 0.3695 0.4102 0.4262 0.4220 0.3843 0.3143 0.2483 0.1987 0.1865 0.2774 0.3698 0.4103 0.4262 0.4219 0.3840 0.3139 0.2480 0.1985 0.1867 0.2781 0.3701 0.4105 0.4263 0.4218 0.3837 0.3135 0.2478 0.1983 0.1868 0.2788 0.3705 0.4107 0.4264 0.4215 0.3822 0.3113 0.2454 0.2544
0.2857 0.3106 0.3817 0.4215 0.4264 0.4106 0.3702 0.2777 0.1865 0.1987 0.2484 0.3144 0.3844 0.4220 0.4262 0.4102 0.3694 0.2766 0.1863 0.1990 0.2487 0.3147 0.3847 0.4221 0.4262 0.4100 0.3691 0.2760 0.1862 0.1992 0.2490 0.3151 0.3850 0.4221 0.4261 0.4099 0.3688 0.2754 0.1860 0.1994 0.2493 0.3155 0.3853 0.4222 0.4261 0.4098 0.3685 0.2748 0.1867 0.2008 0.2235 0.2008 0.1867 0.2748 0.3685 0.4098 0.4261 0.4222 0.3853 0.3155 0.2493 0.1994 0.1860 0.2754 0.3688 0.4099 0.4261 0.4221 0.3850 0.3151 0.2490 0.1992 0.1862 0.2760 0.3691 0.4100 0.4262 0.4221 0.3847 0.3147 0.2487 0.1990 0.1863 0.2766 0.3694 0.4102 0.4262 0.4220 0.3844 0.3144 0.2484 0.1987 0.1865 0.2777 0.3702 0.4106 0.4264 0.4215 0.3817 0.3106 0.2857
0.3316 0.3814 0.4211 0.4264 0.4107 0.3702 0.2773 0.1863 0.1990 0.2489 0.3151 0.3850 0.4222 0.4261 0.4099 0.3687 0.2752 0.1860 0.1994 0.2494 0.3156 0.3854 0.4223 0.4261 0.4097 0.3684 0.2745 0.1858 0.1996 0.2497 0.3159 0.3857 0.4223 0.4261 0.4096 0.3681 0.2739 0.1857 0.1999 0.2500 0.3163 0.3860 0.4224 0.4260 0.4095 0.3678 0.2733 0.1855 0.2018 0.2524 0.2841 0.2524 0.2018 0.1855 0.2733 0.3678 0.4095 0.4260 0.4224 0.3860 0.3163 0.2500 0.1999 0.1857 0.2739 0.3681 0.4096 0.4261 0.4223 0.3857 0.3159 0.2497 0.1996 0.1858 0.2745 0.3684 0.4097 0.4261 0.4223 0.3854 0.3156 0.2494 0.1994 0.1860 0.2752 0.3687 0.4099 0.4261 0.4222 0.3850 0.3151 0.2489 0.1990 0.1863 0.2773 0.3702 0.4107 0.4264 0.4211 0.3814 0.3316
0.3825 0.4226 0.4263 0.4109 0.3705 0.2777 0.1863 0.1991 0.2493 0.3156 0.3856 0.4223 0.4261 0.4096 0.3680 0.2737 0.1856 0.1999 0.2501 0.3164 0.3861 0.4224 0.4260 0.4094 0.3677 0.2731 0.1855 0.2001 0.2504 0.3168 0.3864 0.4225 0.4260 0.4093 0.3674 0.2725 0.1854 0.2003 0.2507 0.3171 0.3867 0.4226 0.4259 0.4092 0.3671 0.2718 0.1852 0.2005 0.2533 0.3206 0.3581 0.3206 0.2533 0.2005 0.1852 0.2718 0.3671 0.4092 0.4259 0.4226 0.3867 0.3171 0.2507 0.2003 0.1854 0.2725 0.3674 0.4093 0.4260 0.4225 0.3864 0.3168 0.2504 0.2001 0.1855 0.2731 0.3677 0.4094 0.4260 0.4224 0.3861 0.3164 0.2501 0.1999 0.1856 0.2737 0.3680 0.4096 0.4261 0.4223 0.3856 0.3156 0.2493 0.1991 0.1863 0.2777 0.3705 0.4109 0.4263 0.4226 0.3825
0.4158 0.4285 0.4112 0.3711 0.2788 0.1865 0.1990 0.2493 0.3159 0.3859 0.4224 0.4260 0.4093 0.3674 0.2723 0.1853 0.2004 0.2508 0.3173 0.3868 0.4226 0.4259 0.4091 0.3670 0.2716 0.1852 0.2006 0.2511 0.3176 0.3870 0.4227 0.4259 0.4090 0.3667 0.2710 0.1851 0.2008 0.2514 0.3180 0.3873 0.4228 0.4259 0.4089 0.3664 0.2704 0.1849 0.2010 0.2516 0.3208 0.3911 0.4151 0.3911 0.3208 0.2516 0.2010 0.1849 0.2704 0.3664 0.4089 0.4259 0.4228 0.3873 0.3180 0.2514 0.2008 0.1851 0.2710 0.3667 0.4090 0.4259 0.4227 0.3870 0.3176 0.2511 0.2006 0.1852 0.2716 0.3670 0.4091 0.4259 0.4226 0.3868 0.3173 0.2508 0.2004 0.1853 0.2723 0.3674 0.4093 0.4260 0.4224 0.3859 0.3159 0.2493 0.1990 0.1865 0.2788 0.3711 0.4112 0.4285 0.4158
0.4282 0.4122 0.3717 0.2801 0.1868 0.1987 0.2489 0.3156 0.3859 0.4225 0.4259 0.4091 0.3668 0.2710 0.1850 0.2009 0.2515 0.3181 0.3874 0.4228 0.4258 0.4088 0.3663 0.2702 0.1849 0.2011 0.2518 0.3185 0.3877 0.4229 0.4258 0.4087 0.3660 0.2696 0.1848 0.2013 0.2520 0.3188 0.3880 0.4229 0.4258 0.4085 0.3657 0.2689 0.1846 0.2015 0.2523 0.3191 0.3897 0.4245 0.4260 0.4245 0.3897 0.3191 0.2523 0.2015 0.1846 0.2689 0.3657 0.4085 0.4258 0.4229 0.3880 0.3188 0.2520 0.2013 0.1848 0.2696 0.3660 0.4087 0.4258 0.4229 0.3877 0.3185 0.2518 0.2011 0.1849 0.2702 0.3663 0.4088 0.4258 0.4228 0.3874 0.3181 0.2515 0.2009 0.1850 0.2710 0.3668 0.4091 0.4259 0.4225 0.3859 0.3156 0.2489 0.1987 0.1868 0.2801 0.3717 0.4122 0.4282
0.4240 0.3724 0.2816 0.1872 0.1983 0.2484 0.3151 0.3856 0.4224 0.4259 0.4090 0.3665 0.2701 0.1848 0.2013 0.2521 0.3189 0.3881 0.4230 0.4258 0.4085 0.3656 0.2687 0.1846 0.2016 0.2524 0.3193 0.3884 0.4230 0.4257 0.4084 0.3653 0.2681 0.1845 0.2018 0.2527 0.3197 0.3887 0.4231 0.4257 0.4082 0.3650 0.2675 0.1844 0.2020 0.2530 0.3200 0.3889 0.4232 0.4245 0.4119 0.4245 0.4232 0.3889 0.3200 0.2530 0.2020 0.1844 0.2675 0.3650 0.4082 0.4257 0.4231 0.3887 0.3197 0.2527 0.2018 0.1845 0.2681 0.3653 0.4084 0.4257 0.4230 0.3884 0.3193 0.2524 0.2016 0.1846 0.2687 0.3656 0.4085 0.4258 0.4230 0.3881 0.3189 0.2521 0.2013 0.1848 0.2701 0.3665 0.4090 0.4259 0.4224 0.3856 0.3151 0.2484 0.1983 0.1872 0.2816 0.3724 0.4240
0.3973 0.2831 0.1876 0.1978 0.2478 0.3144 0.3850 0.4223 0.4260 0.4091 0.3665 0.2697 0.1847 0.2016 0.2526 0.3197 0.3887 0.4231 0.4257 0.4082 0.3649 0.2673 0.1843 0.2021 0.2531 0.3201 0.3891 0.4232 0.4256 0.4080 0.3645 0.2667 0.1842 0.2023 0.2534 0.3205 0.3894 0.4233 0.4256 0.4079 0.3642 0.2660 0.1841 0.2025 0.2537 0.3209 0.3896 0.4233 0.4256 0.4043 0.3745 0.4043 0.4256 0.4233 0.3896 0.3209 0.2537 0.2025 0.1841 0.2660 0.3642 0.4079 0.4256 0.4233 0.3894 0.3205 0.2534 0.2023 0.1842 0.2667 0.3645 0.4080 0.4256 0.4232 0.3891 0.3201 0.2531 0.2021 0.1843 0.2673 0.3649 0.4082 0.4257 0.4231 0.3887 0.3197 0.2526 0.2016 0.1847 0.2697 0.3665 0.4091 0.4260 0.4223 0.3850 0.3144 0.2478 0.1978 0.1876 0.2831 0.3973
0.3266 0.1881 0.1974 0.2471 0.3135 0.3844 0.4222 0.4261 0.4093 0.3668 0.2701 0.1847 0.2018 0.2530 0.3202 0.3893 0.4233 0.4256 0.4079 0.3641 0.2658 0.1841 0.2026 0.2538 0.3210 0.3897 0.4233 0.4255 0.4077 0.3638 0.2652 0.1840 0.2028 0.2541 0.3213 0.3900 0.4234 0.4255 0.4076 0.3635 0.2646 0.1839 0.2030 0.2544 0.3217 0.3903 0.4235 0.4255 0.4074 0.3572 0.2979 0.3572 0.4074 0.4255 0.4235 0.3903 0.3217 0.2544 0.2030 0.1839 0.2646 0.3635 0.4076 0.4255 0.4234 0.3900 0.3213 0.2541 0.2028 0.1840 0.2652 0.3638 0.4077 0.4255 0.4233 0.3897 0.3210 0.2538 0.2026 0.1841 0.2658 0.3641 0.4079 0.4256 0.4233 0.3893 0.3202 0.2530 0.2018 0.1847 0.2701 0.3668 0.4093 0.4261 0.4222 0.3844 0.3135 0.2471 0.1974 0.1881 0.3266
0.2530 0.1969 0.2464 0.3127 0.3837 0.4220 0.4261 0.4096 0.3674 0.2710 0.1848 0.2016 0.2530 0.3204 0.3896 0.4234 0.4255 0.4076 0.3634 0.2644 0.1838 0.2031 0.2545 0.3218 0.3904 0.4235 0.4254 0.4074 0.3631 0.2637 0.1837 0.2033 0.2548 0.3222 0.3907 0.4236 0.4254 0.4073 0.3627 0.2631 0.1836 0.2035 0.2551 0.3225 0.3910 0.4236 0.4253 0.4072 0.3622 0.2603 0.1899 0.2603 0.3622 0.4072 0.4253 0.4236 0.3910 0.3225 0.2551 0.2035 0.1836 0.2631 0.3627 0.4073 0.4254 0.4236 0.3907 0.3222 0.2548 0.2033 0.1837 0.2637 0.3631 0.4074 0.4254 0.4235 0.3904 0.3218 0.2545 0.2031 0.1838 0.2644 0.3634 0.4076 0.4255 0.4234 0.3896 0.3204 0.2530 0.2016 0.1848 0.2710 0.3674 0.4096 0.4261 0.4220 0.3837 0.3127 0.2464 0.1969 0.2530
0.2545 0.2457 0.3119 0.3830 0.4218 0.4262 0.4099 0.3680 0.2723 0.1850 0.2013 0.2526 0.3202 0.3896 0.4234 0.4254 0.4074 0.3629 0.2631 0.1836 0.2036 0.2552 0.3227 0.3911 0.4237 0.4253 0.4071 0.3623 0.2623 0.1835 0.2038 0.2555 0.3230 0.3913 0.4237 0.4253 0.4069 0.3620 0.2617 0.1834 0.2040 0.2558 0.3234 0.3916 0.4238 0.4252 0.4068 0.3618 0.2605 0.1833 0.1850 0.1833 0.2605 0.3618 0.4068 0.4252 0.4238 0.3916 0.3234 0.2558 0.2040 0.1834 0.2617 0.3620 0.4069 0.4253 0.4237 0.3913 0.3230 0.2555 0.2038 0.1835 0.2623 0.3623 0.4071 0.4253 0.4237 0.3911 0.3227 0.2552 0.2036 0.1836 0.2631 0.3629 0.4074 0.4254 0.4234 0.3896 0.3202 0.2526 0.2013 0.1850 0.2723 0.3680 0.4099 0.4262 0.4218 0.3830 0.3119 0.2457 0.2545
0.2859 0.3111 0.3822 0.4216 0.4263 0.4102 0.3687 0.2737 0.1853 0.2009 0.2521 0.3197 0.3893 0.4234 0.4254 0.4073 0.3625 0.2622 0.1834 0.2040 0.2559 0.3235 0.3917 0.4238 0.4252 0.4067 0.3616 0.2608 0.1833 0.2043 0.2562 0.3239 0.3920 0.4239 0.4252 0.4066 0.3612 0.2602 0.1832 0.2045 0.2565 0.3242 0.3923 0.4239 0.4251 0.4064 0.3609 0.2596 0.1841 0.2061 0.2298 0.2061 0.1841 0.2596 0.3609 0.4064 0.4251 0.4239 0.3923 0.3242 0.2565 0.2045 0.1832 0.2602 0.3612 0.4066 0.4252 0.4239 0.3920 0.3239 0.2562 0.2043 0.1833 0.2608 0.3616 0.4067 0.4252 0.4238 0.3917 0.3235 0.2559 0.2040 0.1834 0.2622 0.3625 0.4073 0.4254 0.4234 0.3893 0.3197 0.2521 0.2009 0.1853 0.2737 0.3687 0.4102 0.4263 0.4216 0.3822 0.3111 0.2859
0.3319 0.3818 0.4213 0.4264 0.4105 0.3694 0.2752 0.1856 0.2004 0.2515 0.3189 0.3887 0.4233 0.4255 0.4074 0.3625 0.2618 0.1833 0.2043 0.2564 0.3242 0.3923 0.4239 0.4251 0.4064 0.3608 0.2594 0.1831 0.2048 0.2569 0.3247 0.3926 0.4240 0.4251 0.4062 0.3605 0.2588 0.1830 0.2050 0.2572 0.3251 0.3929 0.4241 0.4250 0.4061 0.3601 0.2581 0.1829 0.2071 0.2597 0.2926 0.2597 0.2071 0.1829 0.2581 0.3601 0.4061 0.4250 0.4241 0.3929 0.3251 0.2572 0.2050 0.1830 0.2588 0.3605 0.4062 0.4251 0.4240 0.3926 0.3247 0.2569 0.2048 0.1831 0.2594 0.3608 0.4064 0.4251 0.4239 0.3923 0.3242 0.2564 0.2043 0.1833 0.2618 0.3625 0.4074 0.4255 0.4233 0.3887 0.3189 0.2515 0.2004 0.1856 0.2752 0.3694 0.4105 0.4264 0.4213 0.3818 0.3319
0.3827 0.4227 0.4263 0.4108 0.3701 0.2766 0.1860 0.1999 0.2508 0.3181 0.3881 0.4231 0.4256 0.4076 0.3629 0.2622 0.1833 0.2045 0.2568 0.3248 0.3928 0.4241 0.4250 0.4061 0.3600 0.2579 0.1829 0.2053 0.2576 0.3256 0.3933 0.4241 0.4250 0.4059 0.3597 0.2573 0.1828 0.2055 0.2579 0.3259 0.3935 0.4242 0.4249 0.4058 0.3594 0.2567 0.1827 0.2057 0.2606 0.3295 0.3669 0.3295 0.2606 0.2057 0.1827 0.2567 0.3594 0.4058 0.4249 0.4242 0.3935 0.3259 0.2579 0.2055 0.1828 0.2573 0.3597 0.4059 0.4250 0.4241 0.3933 0.3256 0.2576 0.2053 0.1829 0.2579 0.3600 0.4061 0.4250 0.4241 0.3928 0.3248 0.2568 0.2045 0.1833 0.2622 0.3629 0.4076 0.4256 0.4231 0.3881 0.3181 0.2508 0.1999 0.1860 0.2766 0.3701 0.4108 0.4263 0.4227 0.3827
0.4159 0.4284 0.4110 0.3708 0.2781 0.1863 0.1994 0.2501 0.3173 0.3874 0.4230 0.4257 0.4079 0.3634 0.2631 0.1834 0.2043 0.2568 0.3250 0.3931 0.4242 0.4249 0.4058 0.3593 0.2565 0.1827 0.2058 0.2584 0.3264 0.3939 0.4243 0.4248 0.4056 0.3589 0.2559 0.1826 0.2060 0.2587 0.3268 0.3942 0.4243 0.4248 0.4054 0.3586 0.2553 0.1826 0.2062 0.2589 0.3296 0.3978 0.4185 0.3978 0.3296 0.2589 0.2062 0.1826 0.2553 0.3586 0.4054 0.4248 0.4243 0.3942 0.3268 0.2587 0.2060 0.1826 0.2559 0.3589 0.4056 0.4248 0.4243 0.3939 0.3264 0.2584 0.2058 0.1827 0.2565 0.3593 0.4058 0.4249 0.4242 0.3931 0.3250 0.2568 0.2043 0.1834 0.2631 0.3634 0.4079 0.4257 0.4230 0.3874 0.3173 0.2501 0.1994 0.1863 0.2781 0.3708 0.4110 0.4284 0.4159
0.4283 0.4121 0.3715 0.2795 0.1867 0.1990 0.2494 0.3164 0.3868 0.4228 0.4258 0.4082 0.3641 0.2644 0.1836 0.2040 0.2564 0.3248 0.3931 0.4242 0.4249 0.4055 0.3587 0.2553 0.1825 0.2063 0.2591 0.3273 0.3945 0.4244 0.4247 0.4052 0.3581 0.2544 0.1825 0.2066 0.2594 0.3276 0.3948 0.4245 0.4247 0.4051 0.3578 0.2538 0.1824 0.2068 0.2596 0.3279 0.3962 0.4257 0.4254 0.4257 0.3962 0.3279 0.2596 0.2068 0.1824 0.2538 0.3578 0.4051 0.4247 0.4245 0.3948 0.3276 0.2594 0.2066 0.1825 0.2544 0.3581 0.4052 0.4247 0.4244 0.3945 0.3273 0.2591 0.2063 0.1825 0.2553 0.3587 0.4055 0.4249 0.4242 0.3931 0.3248 0.2564 0.2040 0.1836 0.2644 0.3641 0.4082 0.4258 0.4228 0.3868 0.3164 0.2494 0.1990 0.1867 0.2795 0.3715 0.4121 0.4283
0.4240 0.3721 0.2809 0.1871 0.1985 0.2487 0.3156 0.3861 0.4226 0.4258 0.4085 0.3649 0.2658 0.1838 0.2036 0.2559 0.3242 0.3928 0.4242 0.4249 0.4054 0.3583 0.2543 0.1824 0.2068 0.2597 0.3281 0.3951 0.4246 0.4246 0.4049 0.3573 0.2530 0.1823 0.2071 0.2601 0.3285 0.3954 0.4246 0.4246 0.4047 0.3570 0.2524 0.1822 0.2073 0.2604 0.3288 0.3955 0.4247 0.4231 0.4089 0.4231 0.4247 0.3955 0.3288 0.2604 0.2073 0.1822 0.2524 0.3570 0.4047 0.4246 0.4246 0.3954 0.3285 0.2601 0.2071 0.1823 0.2530 0.3573 0.4049 0.4246 0.4246 0.3951 0.3281 0.2597 0.2068 0.1824 0.2543 0.3583 0.4054 0.4249 0.4242 0.3928 0.3242 0.2559 0.2036 0.1838 0.2658 0.3649 0.4085 0.4258 0.4226 0.3861 0.3156 0.2487 0.1985 0.1871 0.2809 0.3721 0.4240
0.3971 0.2824 0.1874 0.1980 0.2480 0.3147 0.3854 0.4224 0.4259 0.4088 0.3656 0.2673 0.1841 0.2031 0.2552 0.3235 0.3923 0.4241 0.4249 0.4055 0.3583 0.2539 0.1823 0.2071 0.2603 0.3288 0.3957 0.4247 0.4245 0.4045 0.3565 0.2516 0.1822 0.2076 0.2608 0.3293 0.3960 0.4247 0.4244 0.4043 0.3562 0.2509 0.1821 0.2078 0.2611 0.3297 0.3962 0.4248 0.4244 0.4004 0.3679 0.4004 0.4244 0.4248 0.3962 0.3297 0.2611 0.2078 0.1821 0.2509 0.3562 0.4043 0.4244 0.4247 0.3960 0.3293 0.2608 0.2076 0.1822 0.2516 0.3565 0.4045 0.4245 0.4247 0.3957 0.3289 0.2603 0.2071 0.1823 0.2539 0.3583 0.4055 0.4249 0.4241 0.3923 0.3235 0.2552 0.2031 0.1841 0.2673 0.3656 0.4088 0.4259 0.4224 0.3854 0.3147 0.2480 0.1980 0.1874 0.2824 0.3971
0.3261 0.1879 0.1976 0.2474 0.3139 0.3847 0.4223 0.4260 0.4091 0.3663 0.2687 0.1843 0.2026 0.2545 0.3227 0.3917 0.4239 0.4250 0.4058 0.3587 0.2543 0.1823 0.2073 0.2606 0.3294 0.3962 0.4248 0.4244 0.4041 0.3557 0.2501 0.1820 0.2081 0.2615 0.3302 0.3966 0.4249 0.4243 0.4040 0.3554 0.2495 0.1820 0.2083 0.2618 0.3305 0.3968 0.4249 0.4243 0.4038 0.3489 0.2846 0.3489 0.4038 0.4243 0.4249 0.3968 0.3305 0.2618 0.2083 0.1820 0.2495 0.3554 0.4040 0.4243 0.4249 0.3966 0.3302 0.2615 0.2081 0.1820 0.2501 0.3557 0.4041 0.4244 0.4248 0.3962 0.3294 0.2607 0.2073 0.1823 0.2543 0.3587 0.4058 0.4250 0.4239 0.3917 0.3227 0.2545 0.2026 0.1843 0.2687 0.3663 0.4091 0.4260 0.4223 0.3847 0.3139 0.2474 0.1976 0.1879 0.3261
0.2529 0.1971 0.2467 0.3131 0.3840 0.4221 0.4261 0.4094 0.3670 0.2702 0.1846 0.2021 0.2538 0.3218 0.3911 0.4238 0.4251 0.4061 0.3593 0.2553 0.1824 0.2071 0.2606 0.3296 0.3965 0.4249 0.4243 0.4038 0.3550 0.2487 0.1819 0.2086 0.2622 0.3310 0.3972 0.4250 0.4242 0.4036 0.3545 0.2481 0.1819 0.2089 0.2626 0.3314 0.3974 0.4250 0.4241 0.4036 0.3540 0.2454 0.1829 0.2454 0.3540 0.4036 0.4241 0.4250 0.3974 0.3314 0.2626 0.2089 0.1819 0.2481 0.3545 0.4036 0.4242 0.4250 0.3972 0.3310 0.2622 0.2086 0.1819 0.2487 0.3550 0.4038 0.4243 0.4249 0.3964 0.3296 0.2607 0.2071 0.1824 0.2553 0.3593 0.4061 0.4251 0.4238 0.3911 0.3218 0.2538 0.2021 0.1846 0.2702 0.3670 0.4094 0.4261 0.4221 0.3840 0.3131 0.2467 0.1971 0.2529
0.2546 0.2460 0.3123 0.3833 0.4219 0.4262 0.4097 0.3677 0.2716 0.1849 0.2016 0.2531 0.3210 0.3904 0.4237 0.4252 0.4064 0.3600 0.2565 0.1825 0.2068 0.2603 0.3294 0.3965 0.4249 0.4242 0.4036 0.3543 0.2475 0.1818 0.2092 0.2630 0.3319 0.3978 0.4251 0.4241 0.4032 0.3537 0.2467 0.1818 0.2094 0.2633 0.3322 0.3980 0.4251 0.4240 0.4031 0.3535 0.2456 0.1820 0.1894 0.1820 0.2456 0.3535 0.4031 0.4240 0.4251 0.3980 0.3322 0.2633 0.2094 0.1818 0.2467 0.3537 0.4032 0.4241 0.4251 0.3978 0.3319 0.2630 0.2092 0.1818 0.2475 0.3544 0.4036 0.4242 0.4249 0.3964 0.3294 0.2603 0.2068 0.1825 0.2565 0.3600 0.4064 0.4252 0.4237 0.3904 0.3210 0.2531 0.2016 0.1849 0.2716 0.3677 0.4097 0.4262 0.4219 0.3833 0.3123 0.2460 0.2546
0.2861 0.3114 0.3825 0.4217 0.4262 0.4100 0.3684 0.2731 0.1852 0.2011 0.2524 0.3201 0.3897 0.4235 0.4253 0.4067 0.3608 0.2579 0.1827 0.2063 0.2597 0.3288 0.3962 0.4249 0.4242 0.4035 0.3539 0.2467 0.1818 0.2096 0.2636 0.3327 0.3983 0.4252 0.4239 0.4029 0.3529 0.2453 0.1817 0.2099 0.2640 0.3331 0.3986 0.4253 0.4239 0.4027 0.3525 0.2447 0.1828 0.2116 0.2364 0.2116 0.1828 0.2447 0.3525 0.4027 0.4239 0.4253 0.3986 0.3331 0.2640 0.2099 0.1817 0.2453 0.3529 0.4029 0.4239 0.4252 0.3983 0.3327 0.2636 0.2096 0.1818 0.2467 0.3540 0.4035 0.4242 0.4249 0.3962 0.3289 0.2597 0.2063 0.1827 0.2579 0.3608 0.4067 0.4253 0.4235 0.3897 0.3201 0.2524 0.2011 0.1852 0.2731 0.3684 0.4100 0.4262 0.4217 0.3825 0.3114 0.2861
0.3322 0.3821 0.4213 0.4263 0.4103 0.3691 0.2745 0.1855 0.2006 0.2518 0.3193 0.3891 0.4233 0.4254 0.4071 0.3616 0.2594 0.1829 0.2058 0.2591 0.3281 0.3957 0.4248 0.4243 0.4036 0.3540 0.2464 0.1817 0.2099 0.2642 0.3334 0.3989 0.4253 0.4238 0.4025 0.3520 0.2438 0.1816 0.2104 0.2647 0.3339 0.3992 0.4254 0.4237 0.4023 0.3517 0.2432 0.1816 0.2126 0.2674 0.3012 0.2674 0.2126 0.1816 0.2432 0.3517 0.4023 0.4237 0.4254 0.3992 0.3339 0.2647 0.2104 0.1816 0.2438 0.3520 0.4025 0.4238 0.4253 0.3989 0.3334 0.2642 0.2099 0.1817 0.2464 0.3540 0.4036 0.4243 0.4248 0.3957 0.3281 0.2591 0.2058 0.1829 0.2594 0.3616 0.4071 0.4254 0.4233 0.3891 0.3193 0.2518 0.2006 0.1855 0.2745 0.3691 0.4103 0.4263 0.4213 0.3821 0.3322
0.3830 0.4228 0.4262 0.4106 0.3698 0.2760 0.1858 0.2001 0.2511 0.3185 0.3884 0.4232 0.4255 0.4074 0.3623 0.2608 0.1831 0.2053 0.2584 0.3273 0.3951 0.4247 0.4244 0.4038 0.3544 0.2467 0.1817 0.2100 0.2645 0.3339 0.3993 0.4254 0.4237 0.4021 0.3512 0.2424 0.1816 0.2110 0.2655 0.3348 0.3997 0.4255 0.4236 0.4019 0.3508 0.2418 0.1815 0.2111 0.2682 0.3385 0.3754 0.3385 0.2682 0.2111 0.1815 0.2418 0.3508 0.4019 0.4236 0.4255 0.3997 0.3348 0.2655 0.2110 0.1816 0.2424 0.3512 0.4021 0.4237 0.4254 0.3993 0.3339 0.2645 0.2100 0.1817 0.2467 0.3544 0.4038 0.4244 0.4247 0.3951 0.3273 0.2584 0.2053 0.1831 0.2608 0.3623 0.4074 0.4255 0.4232 0.3884 0.3185 0.2511 0.2001 0.1858 0.2760 0.3698 0.4106 0.4262 0.4228 0.3830
0.4160 0.4284 0.4109 0.3705 0.2774 0.1862 0.1996 0.2504 0.3176 0.3877 0.4230 0.4256 0.4077 0.3631 0.2623 0.1833 0.2048 0.2576 0.3264 0.3945 0.4246 0.4245 0.4041 0.3550 0.2475 0.1818 0.2099 0.2645 0.3341 0.3995 0.4255 0.4236 0.4018 0.3504 0.2411 0.1815 0.2115 0.2662 0.3356 0.4003 0.4256 0.4235 0.4016 0.3499 0.2405 0.1815 0.2117 0.2664 0.3384 0.4037 0.4212 0.4037 0.3384 0.2664 0.2117 0.1815 0.2405 0.3499 0.4016 0.4235 0.4256 0.4003 0.3356 0.2662 0.2115 0.1815 0.2411 0.3504 0.4018 0.4236 0.4255 0.3995 0.3341 0.2645 0.2099 0.1818 0.2475 0.3550 0.4041 0.4245 0.4246 0.3945 0.3264 0.2576 0.2048 0.1833 0.2623 0.3631 0.4077 0.4256 0.4230 0.3877 0.3176 0.2504 0.1996 0.1862 0.2774 0.3705 0.4109 0.4284 0.4160
0.4283 0.4120 0.3712 0.2789 0.1865 0.1992 0.2497 0.3168 0.3870 0.4229 0.4257 0.4080 0.3638 0.2637 0.1835 0.2043 0.2569 0.3256 0.3939 0.4244 0.4246 0.4045 0.3557 0.2487 0.1818 0.2096 0.2642 0.3339 0.3995 0.4255 0.4235 0.4016 0.3498 0.2399 0.1815 0.2120 0.2669 0.3365 0.4008 0.4257 0.4233 0.4012 0.3491 0.2391 0.1814 0.2123 0.2672 0.3367 0.4020 0.4266 0.4244 0.4266 0.4020 0.3367 0.2672 0.2123 0.1814 0.2391 0.3491 0.4012 0.4233 0.4257 0.4008 0.3365 0.2669 0.2120 0.1815 0.2399 0.3498 0.4016 0.4235 0.4255 0.3995 0.3339 0.2642 0.2096 0.1818 0.2487 0.3557 0.4045 0.4246 0.4244 0.3939 0.3256 0.2569 0.2043 0.1835 0.2637 0.3638 0.4080 0.4257 0.4229 0.3870 0.3168 0.2497 0.1992 0.1865 0.2789 0.3712 0.4120 0.4283
0.4239 0.3719 0.2803 0.1869 0.1987 0.2490 0.3159 0.3864 0.4227 0.4258 0.4084 0.3645 0.2652 0.1837 0.2038 0.2562 0.3247 0.3933 0.4243 0.4247 0.4049 0.3565 0.2501 0.1819 0.2092 0.2636 0.3334 0.3993 0.4255 0.4235 0.4015 0.3494 0.2391 0.1814 0.2125 0.2676 0.3373 0.4014 0.4258 0.4232 0.4008 0.3482 0.2377 0.1814 0.2128 0.2680 0.3376 0.4015 0.4258 0.4214 0.4056 0.4214 0.4258 0.4015 0.3376 0.2680 0.2128 0.1814 0.2377 0.3482 0.4008 0.4232 0.4258 0.4014 0.3373 0.2676 0.2125 0.1814 0.2391 0.3494 0.4015 0.4235 0.4255 0.3993 0.3334 0.2636 0.2092 0.1819 0.2501 0.3565 0.4049 0.4247 0.4243 0.3933 0.3247 0.2562 0.2038 0.1837 0.2652 0.3645 0.4084 0.4258 0.4227 0.3864 0.3159 0.2490 0.1987 0.1869 0.2803 0.3719 0.4239
0.3969 0.2818 0.1873 0.1982 0.2483 0.3151 0.3857 0.4225 0.4259 0.4087 0.3653 0.2667 0.1840 0.2033 0.2555 0.3239 0.3926 0.4241 0.4248 0.4052 0.3573 0.2516 0.1820 0.2086 0.2630 0.3327 0.3989 0.4254 0.4236 0.4016 0.3494 0.2388 0.1814 0.2128 0.2681 0.3380 0.4019 0.4259 0.4230 0.4004 0.3473 0.2363 0.1814 0.2134 0.2687 0.3385 0.4021 0.4259 0.4230 0.3961 0.3606 0.3961 0.4230 0.4259 0.4021 0.3385 0.2687 0.2134 0.1814 0.2363 0.3473 0.4004 0.4230 0.4259 0.4019 0.3380 0.2681 0.2128 0.1814 0.2388 0.3494 0.4016 0.4236 0.4254 0.3989 0.3327 0.2630 0.2086 0.1820 0.2516 0.3573 0.4052 0.4248 0.4241 0.3926 0.3239 0.2555 0.2033 0.1840 0.2667 0.3653 0.4087 0.4259 0.4225 0.3857 0.3151 0.2483 0.1982 0.1873 0.2818 0.3969
0.3256 0.1877 0.1977 0.2477 0.3143 0.3850 0.4223 0.4260 0.4090 0.3660 0.2681 0.1842 0.2028 0.2548 0.3230 0.3920 0.4240 0.4250 0.4056 0.3581 0.2530 0.1822 0.2081 0.2622 0.3319 0.3983 0.4253 0.4237 0.4018 0.3498 0.2391 0.1814 0.2129 0.2685 0.3385 0.4023 0.4259 0.4229 0.4000 0.3464 0.2350 0.1814 0.2139 0.2695 0.3394 0.4027 0.4260 0.4229 0.3998 0.3398 0.2708 0.3398 0.3998 0.4229 0.4260 0.4027 0.3394 0.2695 0.2139 0.1814 0.2350 0.3464 0.4000 0.4229 0.4259 0.4023 0.3385 0.2685 0.2129 0.1814 0.2391 0.3498 0.4018 0.4237 0.4253 0.3983 0.3319 0.2622 0.2081 0.1822 0.2530 0.3581 0.4056 0.4250 0.4240 0.3920 0.3230 0.2548 0.2028 0.1842 0.2681 0.3660 0.4090 0.4260 0.4223 0.3850 0.3143 0.2477 0.1977 0.1877 0.3256
0.2527 0.1973 0.2470 0.3134 0.3843 0.4221 0.4261 0.4093 0.3667 0.2696 0.1845 0.2023 0.2541 0.3222 0.3913 0.4239 0.4251 0.4059 0.3589 0.2544 0.1823 0.2076 0.2615 0.3310 0.3978 0.4252 0.4238 0.4021 0.3504 0.2399 0.1814 0.2128 0.2685 0.3387 0.4025 0.4260 0.4228 0.3996 0.3456 0.2336 0.1814 0.2144 0.2702 0.3402 0.4032 0.4261 0.4227 0.3995 0.3448 0.2311 0.1781 0.2311 0.3448 0.3995 0.4227 0.4261 0.4032 0.3402 0.2702 0.2144 0.1814 0.2336 0.3456 0.3996 0.4228 0.4260 0.4025 0.3387 0.2685 0.2128 0.1814 0.2399 0.3504 0.4021 0.4238 0.4252 0.3978 0.3310 0.2615 0.2076 0.1823 0.2544 0.3589 0.4059 0.4251 0.4239 0.3913 0.3222 0.2541 0.2023 0.1845 0.2696 0.3667 0.4093 0.4261 0.4221 0.3843 0.3134 0.2470 0.1973 0.2527
0.2548 0.2463 0.3126 0.3836 0.4220 0.4261 0.4096 0.3674 0.2710 0.1848 0.2018 0.2534 0.3213 0.3907 0.4237 0.4252 0.4062 0.3597 0.2559 0.1825 0.2071 0.2608 0.3302 0.3972 0.4251 0.4239 0.4025 0.3512 0.2411 0.1815 0.2125 0.2681 0.3385 0.4025 0.4260 0.4227 0.3994 0.3449 0.2325 0.1814 0.2150 0.2710 0.3411 0.4037 0.4262 0.4225 0.3990 0.3443 0.2314 0.1819 0.1941 0.1819 0.2314 0.3443 0.3990 0.4225 0.4262 0.4037 0.3411 0.2710 0.2150 0.1814 0.2325 0.3449 0.3994 0.4227 0.4260 0.4025 0.3385 0.2681 0.2125 0.1815 0.2411 0.3512 0.4025 0.4239 0.4251 0.3972 0.3302 0.2608 0.2071 0.1825 0.2559 0.3597 0.4062 0.4252 0.4237 0.3907 0.3213 0.2534 0.2018 0.1848 0.2710 0.3674 0.4096 0.4261 0.4220 0.3836 0.3126 0.2463 0.2548
0.2863 0.3118 0.3828 0.4218 0.4262 0.4099 0.3681 0.2725 0.1851 0.2013 0.2527 0.3205 0.3900 0.4236 0.4253 0.4066 0.3605 0.2573 0.1826 0.2066 0.2601 0.3293 0.3966 0.4250 0.4241 0.4029 0.3520 0.2424 0.1815 0.2120 0.2676 0.3380 0.4023 0.4260 0.4227 0.3993 0.3445 0.2317 0.1815 0.2155 0.2717 0.3419 0.4042 0.4262 0.4223 0.3986 0.3432 0.2304 0.1827 0.2173 0.2432 0.2173 0.1827 0.2304 0.3432 0.3986 0.4223 0.4262 0.4042 0.3419 0.2717 0.2155 0.1815 0.2317 0.3445 0.3993 0.4227 0.4260 0.4023 0.3380 0.2676 0.2120 0.1815 0.2424 0.3520 0.4029 0.4241 0.4250 0.3966 0.3293 0.2601 0.2066 0.1826 0.2573 0.3605 0.4066 0.4253 0.4236 0.3900 0.3205 0.2527 0.2013 0.1851 0.2725 0.3681 0.4099 0.4262 0.4218 0.3828 0.3118 0.2863
0.3324 0.3825 0.4214 0.4263 0.4102 0.3688 0.2739 0.1854 0.2008 0.2520 0.3197 0.3894 0.4234 0.4254 0.4069 0.3612 0.2588 0.1828 0.2060 0.2594 0.3285 0.3960 0.4249 0.4242 0.4032 0.3529 0.2438 0.1816 0.2115 0.2669 0.3373 0.4019 0.4259 0.4228 0.3994 0.3445 0.2315 0.1815 0.2158 0.2722 0.3426 0.4047 0.4263 0.4222 0.3981 0.3423 0.2291 0.1815 0.2183 0.2752 0.3100 0.2752 0.2183 0.1815 0.2291 0.3423 0.3981 0.4222 0.4263 0.4047 0.3426 0.2722 0.2158 0.1815 0.2315 0.3445 0.3994 0.4228 0.4259 0.4019 0.3373 0.2669 0.2115 0.1816 0.2438 0.3529 0.4032 0.4242 0.4249 0.3960 0.3285 0.2594 0.2060 0.1828 0.2588 0.3612 0.4069 0.4254 0.4234 0.3894 0.3197 0.2520 0.2008 0.1854 0.2739 0.3688 0.4102 0.4263 0.4214 0.3825 0.3324
0.3832 0.4229 0.4262 0.4105 0.3695 0.2754 0.1857 0.2003 0.2514 0.3188 0.3887 0.4233 0.4255 0.4073 0.3620 0.2602 0.1830 0.2055 0.2587 0.3276 0.3954 0.4247 0.4243 0.4036 0.3537 0.2453 0.1816 0.2110 0.2662 0.3365 0.4014 0.4259 0.4229 0.3996 0.3449 0.2317 0.1815 0.2159 0.2725 0.3431 0.4050 0.4264 0.4220 0.3977 0.3413 0.2278 0.1816 0.2168 0.2760 0.3474 0.3834 0.3474 0.2760 0.2168 0.1816 0.2278 0.3413 0.3977 0.4220 0.4264 0.4050 0.3431 0.2725 0.2159 0.1815 0.2317 0.3449 0.3996 0.4229 0.4259 0.4014 0.3365 0.2662 0.2110 0.1816 0.2453 0.3537 0.4036 0.4243 0.4247 0.3954 0.3276 0.2587 0.2055 0.1830 0.2602 0.3620 0.4073 0.4255 0.4233 0.3887 0.3188 0.2514 0.2003 0.1857 0.2754 0.3695 0.4105 0.4262 0.4229 0.3832
0.4161 0.4284 0.4108 0.3702 0.2768 0.1860 0.1999 0.2507 0.3180 0.3880 0.4231 0.4256 0.4076 0.3627 0.2617 0.1832 0.2050 0.2579 0.3268 0.3948 0.4246 0.4244 0.4040 0.3545 0.2467 0.1817 0.2104 0.2655 0.3356 0.4008 0.4258 0.4230 0.4000 0.3456 0.2325 0.1815 0.2158 0.2725 0.3433 0.4052 0.4264 0.4219 0.3973 0.3405 0.2266 0.1817 0.2174 0.2742 0.3471 0.4089 0.4233 0.4089 0.3471 0.2742 0.2174 0.1817 0.2266 0.3405 0.3973 0.4219 0.4264 0.4052 0.3433 0.2725 0.2158 0.1815 0.2325 0.3456 0.4000 0.4230 0.4258 0.4008 0.3356 0.2655 0.2104 0.1817 0.2467 0.3545 0.4040 0.4244 0.4246 0.3948 0.3268 0.2579 0.2050 0.1832 0.2617 0.3627 0.4076 0.4256 0.4231 0.3880 0.3180 0.2507 0.1999 0.1860 0.2768 0.3702 0.4108 0.4284 0.4161
0.4283 0.4118 0.3709 0.2783 0.1864 0.1994 0.2500 0.3171 0.3873 0.4229 0.4257 0.4079 0.3635 0.2631 0.1834 0.2045 0.2572 0.3259 0.3942 0.4245 0.4246 0.4043 0.3554 0.2481 0.1818 0.2099 0.2647 0.3348 0.4003 0.4257 0.4232 0.4004 0.3464 0.2336 0.1814 0.2155 0.2722 0.3431 0.4052 0.4264 0.4218 0.3971 0.3398 0.2255 0.1817 0.2180 0.2750 0.3455 0.4071 0.4271 0.4231 0.4271 0.4071 0.3455 0.2750 0.2180 0.1817 0.2255 0.3398 0.3971 0.4218 0.4264 0.4052 0.3431 0.2722 0.2155 0.1814 0.2336 0.3464 0.4004 0.4232 0.4257 0.4003 0.3348 0.2647 0.2099 0.1818 0.2481 0.3554 0.4043 0.4246 0.4245 0.3942 0.3259 0.2572 0.2045 0.1834 0.2631 0.3635 0.4079 0.4257 0.4229 0.3873 0.3171 0.2500 0.1994 0.1864 0.2783 0.3709 0.4118 0.4283
0.4238 0.3716 0.2797 0.1867 0.1989 0.2493 0.3163 0.3867 0.4228 0.4258 0.4082 0.3642 0.2646 0.1836 0.2040 0.2565 0.3251 0.3935 0.4243 0.4247 0.4047 0.3562 0.2495 0.1819 0.2094 0.2640 0.3339 0.3997 0.4256 0.4233 0.4008 0.3473 0.2350 0.1814 0.2150 0.2717 0.3426 0.4050 0.4264 0.4218 0.3970 0.3393 0.2248 0.1818 0.2185 0.2758 0.3464 0.4068 0.4267 0.4195 0.4018 0.4195 0.4267 0.4068 0.3464 0.2758 0.2185 0.1818 0.2248 0.3393 0.3970 0.4218 0.4264 0.4050 0.3426 0.2717 0.2150 0.1814 0.2350 0.3473 0.4008 0.4233 0.4256 0.3997 0.3339 0.2640 0.2094 0.1819 0.2495 0.3562 0.4047 0.4247 0.4243 0.3935 0.3251 0.2565 0.2040 0.1836 0.2646 0.3642 0.4082 0.4258 0.4228 0.3867 0.3163 0.2493 0.1989 0.1867 0.2797 0.3716 0.4238
0.3967 0.2812 0.1871 0.1984 0.2486 0.3155 0.3860 0.4226 0.4259 0.4085 0.3650 0.2660 0.1839 0.2035 0.2558 0.3242 0.3929 0.4242 0.4248 0.4051 0.3570 0.2509 0.1820 0.2089 0.2633 0.3331 0.3992 0.4255 0.4235 0.4012 0.3482 0.2363 0.1814 0.2144 0.2710 0.3419 0.4047 0.4264 0.4219 0.3971 0.3393 0.2245 0.1819 0.2188 0.2763 0.3472 0.4073 0.4267 0.4213 0.3913 0.3527 0.3913 0.4213 0.4267 0.4073 0.3472 0.2763 0.2188 0.1819 0.2245 0.3393 0.3971 0.4219 0.4264 0.4047 0.3419 0.2710 0.2144 0.1814 0.2363 0.3482 0.4012 0.4235 0.4255 0.3992 0.3331 0.2633 0.2089 0.1820 0.2509 0.3570 0.4051 0.4248 0.4242 0.3929 0.3242 0.2558 0.2035 0.1839 0.2660 0.3650 0.4085 0.4259 0.4226 0.3860 0.3155 0.2486 0.1984 0.1871 0.2812 0.3967
0.3252 0.1875 0.1980 0.2480 0.3146 0.3853 0.4224 0.4259 0.4089 0.3657 0.2675 0.1841 0.2030 0.2551 0.3234 0.3923 0.4241 0.4249 0.4054 0.3578 0.2524 0.1821 0.2083 0.2626 0.3322 0.3986 0.4254 0.4236 0.4016 0.3491 0.2377 0.1814 0.2139 0.2702 0.3411 0.4042 0.4263 0.4220 0.3973 0.3398 0.2248 0.1819 0.2189 0.2766 0.3477 0.4076 0.4267 0.4212 0.3953 0.3299 0.2567 0.3299 0.3953 0.4212 0.4267 0.4076 0.3477 0.2766 0.2189 0.1819 0.2248 0.3398 0.3973 0.4220 0.4263 0.4042 0.3411 0.2702 0.2139 0.1814 0.2377 0.3491 0.4016 0.4236 0.4254 0.3986 0.3322 0.2626 0.2083 0.1821 0.2524 0.3578 0.4054 0.4249 0.4241 0.3923 0.3234 0.2551 0.2030 0.1841 0.2675 0.3657 0.4089 0.4259 0.4224 0.3853 0.3146 0.2480 0.1980 0.1875 0.3252
0.2526 0.1975 0.2473 0.3138 0.3846 0.4222 0.4260 0.4092 0.3664 0.2689 0.1844 0.2025 0.2544 0.3225 0.3916 0.4239 0.4250 0.4058 0.3586 0.2538 0.1822 0.2078 0.2618 0.3314 0.3980 0.4253 0.4237 0.4019 0.3499 0.2391 0.1814 0.2134 0.2695 0.3402 0.4037 0.4262 0.4222 0.3977 0.3405 0.2255 0.1818 0.2188 0.2766 0.3479 0.4078 0.4268 0.4210 0.3951 0.3347 0.2183 0.1752 0.2183 0.3347 0.3951 0.4210 0.4268 0.4078 0.3479 0.2766 0.2188 0.1818 0.2255 0.3405 0.3977 0.4222 0.4262 0.4037 0.3402 0.2695 0.2134 0.1814 0.2391 0.3499 0.4019 0.4237 0.4253 0.3980 0.3314 0.2618 0.2078 0.1822 0.2538 0.3586 0.4058 0.4250 0.4239 0.3916 0.3225 0.2544 0.2025 0.1844 0.2689 0.3664 0.4092 0.4260 0.4222 0.3846 0.3138 0.2473 0.1975 0.2526
0.2549 0.2466 0.3130 0.3839 0.4220 0.4261 0.4095 0.3671 0.2704 0.1846 0.2020 0.2537 0.3217 0.3910 0.4238 0.4251 0.4061 0.3594 0.2553 0.1824 0.2073 0.2611 0.3305 0.3974 0.4251 0.4239 0.4023 0.3508 0.2405 0.1814 0.2128 0.2687 0.3394 0.4032 0.4262 0.4223 0.3981 0.3413 0.2266 0.1817 0.2185 0.2763 0.3477 0.4078 0.4268 0.4209 0.3946 0.3345 0.2189 0.1830 0.1989 0.1830 0.2189 0.3345 0.3947 0.4209 0.4268 0.4078 0.3477 0.2763 0.2185 0.1817 0.2266 0.3413 0.3981 0.4223 0.4262 0.4032 0.3394 0.2687 0.2128 0.1814 0.2405 0.3508 0.4023 0.4239 0.4251 0.3974 0.3305 0.2611 0.2073 0.1824 0.2553 0.3594 0.4061 0.4251 0.4238 0.3910 0.3217 0.2537 0.2020 0.1846 0.2704 0.3671 0.4095 0.4261 0.4220 0.3839 0.3130 0.2466 0.2549
0.2865 0.3121 0.3831 0.4219 0.4262 0.4098 0.3678 0.2718 0.1849 0.2015 0.2530 0.3209 0.3903 0.4236 0.4252 0.4064 0.3601 0.2567 0.1826 0.2068 0.2604 0.3297 0.3968 0.4250 0.4240 0.4027 0.3517 0.2418 0.1815 0.2123 0.2680 0.3385 0.4027 0.4261 0.4225 0.3986 0.3423 0.2278 0.1817 0.2180 0.2758 0.3472 0.4076 0.4268 0.4209 0.3946 0.3338 0.2184 0.1838 0.2230 0.2500 0.2230 0.1838 0.2183 0.3338 0.3946 0.4209 0.4268 0.4076 0.3472 0.2758 0.2180 0.1817 0.2278 0.3423 0.3986 0.4225 0.4261 0.4027 0.3385 0.2680 0.2123 0.1815 0.2418 0.3517 0.4027 0.4240 0.4250 0.3968 0.3297 0.2604 0.2068 0.1826 0.2567 0.3601 0.4064 0.4252 0.4236 0.3903 0.3209 0.2530 0.2015 0.1849 0.2718 0.3678 0.4098 0.4262 0.4219 0.3831 0.3121 0.2865
0.3327 0.3828 0.4215 0.4263 0.4101 0.3685 0.2733 0.1852 0.2010 0.2523 0.3200 0.3896 0.4235 0.4253 0.4068 0.3609 0.2581 0.1827 0.2063 0.2597 0.3288 0.3962 0.4249 0.4241 0.4031 0.3525 0.2432 0.1815 0.2117 0.2672 0.3377 0.4021 0.4260 0.4227 0.3990 0.3432 0.2291 0.1816 0.2175 0.2751 0.3465 0.4073 0.4267 0.4210 0.3947 0.3339 0.2181 0.1825 0.2238 0.2828 0.3183 0.2827 0.2238 0.1825 0.2180 0.3338 0.3947 0.4210 0.4267 0.4073 0.3464 0.2750 0.2174 0.1816 0.2291 0.3432 0.3990 0.4227 0.4260 0.4021 0.3376 0.2672 0.2117 0.1815 0.2432 0.3525 0.4031 0.4241 0.4249 0.3962 0.3288 0.2596 0.2062 0.1827 0.2581 0.3609 0.4068 0.4253 0.4235 0.3896 0.3200 0.2523 0.2010 0.1852 0.2733 0.3685 0.4101 0.4263 0.4215 0.3827 0.3326
0.3834 0.4230 0.4262 0.4104 0.3692 0.2747 0.1856 0.2005 0.2517 0.3192 0.3890 0.4233 0.4254 0.4071 0.3617 0.2596 0.1829 0.2058 0.2590 0.3280 0.3956 0.4248 0.4243 0.4035 0.3534 0.2447 0.1816 0.2112 0.2665 0.3368 0.4016 0.4259 0.4228 0.3994 0.3442 0.2304 0.1815 0.2169 0.2743 0.3456 0.4068 0.4267 0.4211 0.3949 0.3343 0.2182 0.1826 0.2219 0.2830 0.3553 0.3903 0.3554 0.2828 0.2217 0.1825 0.2183 0.3345 0.3951 0.4212 0.4267 0.4068 0.3455 0.2742 0.2168 0.1815 0.2304 0.3443 0.3995 0.4229 0.4259 0.4015 0.3367 0.2664 0.2111 0.1816 0.2447 0.3535 0.4036 0.4243 0.4248 0.3955 0.3279 0.2589 0.2057 0.1829 0.2596 0.3618 0.4072 0.4255 0.4233 0.3889 0.3191 0.2516 0.2005 0.1855 0.2748 0.3694 0.4105 0.4262 0.4229 0.3834
0.4162 0.4283 0.4107 0.3699 0.2762 0.1859 0.2001 0.2510 0.3183 0.3883 0.4232 0.4255 0.4074 0.3624 0.2610 0.1831 0.2052 0.2582 0.3271 0.3950 0.4247 0.4244 0.4038 0.3542 0.2461 0.1817 0.2107 0.2658 0.3360 0.4011 0.4258 0.4230 0.3998 0.3451 0.2317 0.1815 0.2163 0.2735 0.3448 0.4064 0.4266 0.4213 0.3953 0.3350 0.2189 0.1825 0.2219 0.2806 0.3542 0.4126 0.4247 0.4133 0.3569 0.2828 0.2237 0.1839 0.2189 0.3347 0.3953 0.4213 0.4267 0.4071 0.3471 0.2760 0.2183 0.1827 0.2314 0.3448 0.3998 0.4230 0.4258 0.4020 0.3384 0.2682 0.2126 0.1828 0.2456 0.3540 0.4038 0.4244 0.4247 0.3962 0.3296 0.2606 0.2071 0.1841 0.2605 0.3622 0.4074 0.4256 0.4232 0.3897 0.3208 0.2533 0.2018 0.1867 0.2755 0.3698 0.4106 0.4283 0.4168
0.4283 0.4117 0.3706 0.2776 0.1862 0.1996 0.2503 0.3175 0.3876 0.4230 0.4256 0.4078 0.3632 0.2625 0.1833 0.2047 0.2575 0.3263 0.3944 0.4245 0.4245 0.4042 0.3550 0.2475 0.1817 0.2101 0.2650 0.3351 0.4005 0.4257 0.4231 0.4002 0.3460 0.2331 0.1814 0.2158 0.2728 0.3440 0.4059 0.4266 0.4214 0.3958 0.3360 0.2199 0.1824 0.2216 0.2805 0.3518 0.4104 0.4273 0.4210 0.4273 0.4137 0.3560 0.2827 0.2230 0.1830 0.2183 0.3299 0.3913 0.4195 0.4271 0.4089 0.3474 0.2752 0.2173 0.1819 0.2311 0.3398 0.3961 0.4214 0.4266 0.4037 0.3385 0.2674 0.2116 0.1820 0.2454 0.3489 0.4004 0.4231 0.4257 0.3978 0.3295 0.2597 0.2061 0.1833 0.2603 0.3572 0.4043 0.4245 0.4245 0.3911 0.3206 0.2524 0.2008 0.1860 0.2750 0.3647 0.4082 0.4283
0.4237 0.3713 0.2791 0.1866 0.1991 0.2496 0.3167 0.3870 0.4228 0.4257 0.4081 0.3639 0.2640 0.1835 0.2042 0.2568 0.3254 0.3938 0.4244 0.4246 0.4046 0.3558 0.2489 0.1818 0.2096 0.2643 0.3343 0.4000 0.4256 0.4233 0.4006 0.3469 0.2344 0.1814 0.2152 0.2720 0.3431 0.4054 0.4265 0.4216 0.3962 0.3370 0.2211 0.1823 0.2211 0.2800 0.3516 0.4097 0.4270 0.4163 0.4016 0.4275 0.4246 0.3913 0.3187 0.2500 0.1990 0.1751 0.2567 0.3527 0.4018 0.4231 0.4233 0.3834 0.3100 0.2432 0.1941 0.1781 0.2708 0.3606 0.4056 0.4244 0.4212 0.3754 0.3012 0.2364 0.1894 0.1829 0.2846 0.3679 0.4089 0.4254 0.4185 0.3669 0.2926 0.2298 0.1850 0.1899 0.2979 0.3745 0.4119 0.4260 0.4151 0.3581 0.2841 0.2235 0.1811 0.1990 0.3096 0.3797 0.4234
0.3965 0.2806 0.1869 0.1986 0.2489 0.3158 0.3862 0.4227 0.4258 0.4084 0.3647 0.2654 0.1837 0.2037 0.2561 0.3245 0.3931 0.4243 0.4248 0.4049 0.3566 0.2503 0.1819 0.2090 0.2635 0.3334 0.3994 0.4255 0.4234 0.4010 0.3478 0.2358 0.1814 0.2146 0.2712 0.3422 0.4049 0.4264 0.4218 0.3967 0.3380 0.2223 0.1821 0.2205 0.2792 0.3510 0.4096 0.4270 0.4194 0.3868 0.4285 0.4082 0.4035 0.3571 0.2837 0.2231 0.1830 0.2183 0.3299 0.3913 0.4195 0.4271 0.4089 0.3474 0.2752 0.2173 0.1819 0.2311 0.3398 0.3961 0.4214 0.4266 0.4037 0.3385 0.2674 0.2116 0.1820 0.2454 0.3489 0.4004 0.4231 0.4257 0.3978 0.3295 0.2597 0.2061 0.1833 0.2603 0.3572 0.4043 0.4245 0.4245 0.3911 0.3206 0.2524 0.2008 0.1860 0.2750 0.3647 0.4082 0.4283
0.3246 0.1873 0.1981 0.2482 0.3149 0.3854 0.4224 0.4259 0.4088 0.3655 0.2669 0.1840 0.2032 0.2553 0.3236 0.3924 0.4241 0.4249 0.4054 0.3576 0.2518 0.1820 0.2085 0.2628 0.3325 0.3987 0.4254 0.4236 0.4015 0.3488 0.2371 0.1814 0.2141 0.2704 0.3413 0.4043 0.4263 0.4220 0.3972 0.3391 0.2235 0.1820 0.2199 0.2783 0.3501 0.4092 0.4269 0.4203 0.3914 0.3274 0.3023 0.2893 0.3270 0.2860 0.2257 0.1837 0.2189 0.3346 0.3953 0.4213 0.4267 0.4071 0.3471 0.2760 0.2183 0.1827 0.2314 0.3448 0.3998 0.4230 0.4258 0.4020 0.3384 0.2682 0.2126 0.1828 0.2456 0.3540 0.4038 0.4244 0.4247 0.3962 0.3296 0.2606 0.2071 0.1841 0.2605 0.3622 0.4074 0.4256 0.4232 0.3897 0.3208 0.2533 0.2018 0.1867 0.2755 0.3698 0.4106 0.4283 0.4168
0.2527 0.1996 0.2499 0.3167 0.3864 0.4224 0.4260 0.4090 0.3659 0.2677 0.1852 0.2045 0.2571 0.3254 0.3932 0.4240 0.4250 0.4056 0.3580 0.2527 0.1832 0.2099 0.2645 0.3342 0.3993 0.4253 0.4237 0.4017 0.3493 0.2381 0.1826 0.2155 0.2722 0.3429 0.4047 0.4263 0.4221 0.3975 0.3396 0.2245 0.1832 0.2214 0.2802 0.3516 0.4094 0.4269 0.4203 0.3928 0.3279 0.2139 0.2013 0.2502 0.2734 0.2288 0.1825 0.2183 0.3344 0.3951 0.4212 0.4267 0.4068 0.3455 0.2742 0.2168 0.1815 0.2304 0.3443 0.3995 0.4229 0.4259 0.4015 0.3367 0.2664 0.2111 0.1816 0.2447 0.3535 0.4036 0.4243 0.4248 0.3955 0.3279 0.2589 0.2057 0.1829 0.2596 0.3618 0.4072 0.4255 0.4233 0.3889 0.3191 0.2516 0.2005 0.1855 0.2748 0.3694 0.4105 0.4262 0.4229 0.3834
0.2563 0.2493 0.3167 0.3878 0.4237 0.4251 0.4060 0.3609 0.2675 0.1844 0.2035 0.2561 0.3252 0.3946 0.4252 0.4238 0.4023 0.3529 0.2525 0.1824 0.2089 0.2637 0.3342 0.4009 0.4262 0.4223 0.3982 0.3442 0.2378 0.1817 0.2145 0.2714 0.3431 0.4065 0.4269 0.4204 0.3937 0.3348 0.2242 0.1823 0.2204 0.2794 0.3520 0.4112 0.4272 0.4183 0.3885 0.3241 0.2119 0.1856 0.2236 0.2499 0.2307 0.1840 0.2180 0.3338 0.3946 0.4210 0.4267 0.4073 0.3464 0.2750 0.2174 0.1816 0.2291 0.3432 0.3990 0.4227 0.4260 0.4021 0.3376 0.2672 0.2117 0.1815 0.2432 0.3525 0.4031 0.4241 0.4249 0.3962 0.3288 0.2596 0.2062 0.1827 0.2581 0.3609 0.4068 0.4253 0.4235 0.3896 0.3200 0.2523 0.2010 0.1852 0.2733 0.3685 0.4101 0.4263 0.4215 0.3827 0.3326
0.2699 0.2808 0.3541 0.4133 0.4263 0.4133 0.3777 0.3041 0.1943 0.1829 0.2266 0.2883 0.3626 0.4169 0.4257 0.4104 0.3713 0.2913 0.1861 0.1872 0.2331 0.2969 0.3712 0.4200 0.4249 0.4073 0.3643 0.2778 0.1802 0.1918 0.2398 0.3056 0.3795 0.4223 0.4238 0.4037 0.3567 0.2638 0.1764 0.1965 0.2466 0.3142 0.3869 0.4240 0.4225 0.4002 0.3497 0.2519 0.1752 0.2009 0.2290 0.2253 0.1871 0.2183 0.3338 0.3945 0.4209 0.4268 0.4076 0.3472 0.2758 0.2180 0.1817 0.2278 0.3423 0.3986 0.4225 0.4261 0.4027 0.3385 0.2680 0.2123 0.1815 0.2418 0.3517 0.4027 0.4240 0.4250 0.3968 0.3297 0.2604 0.2068 0.1826 0.2567 0.3601 0.4064 0.4252 0.4236 0.3903 0.3209 0.2530 0.2015 0.1849 0.2718 0.3678 0.4098 0.4262 0.4219 0.3831 0.3121 0.2865
