-0.0146 0.0558 0.1371 -0.0451 -0.1852 -0.2118 -0.2113 -0.1546 -0.0713 -0.0296 0.0079 0.0534 0.1368 -0.0461 -0.1854 -0.2119 -0.2111 -0.1541 -0.0710 -0.0294 0.0081 0.0537 0.1366 -0.0471 -0.1855 -0.2119 -0.2110 -0.1536 -0.0707 -0.0293 0.0083 0.0540 0.1365 -0.0481 -0.1857 -0.2120 -0.2109 -0.1532 -0.0705 -0.0291 0.0085 0.0544 0.1362 -0.0491 -0.1859 -0.2121 -0.2108 -0.1527 -0.0671 -0.0236 0.0042 -0.0236 -0.0671 -0.1527 -0.2108 -0.2121 -0.1859 -0.0491 0.1362 0.0544 0.0085 -0.0291 -0.0705 -0.1532 -0.2109 -0.2120 -0.1857 -0.0481 0.1365 0.0540 0.0083 -0.0293 -0.0707 -0.1536 -0.2110 -0.2119 -0.1855 -0.0471 0.1366 0.0537 0.0081 -0.0294 -0.0710 -0.1541 -0.2111 -0.2119 -0.1854 -0.0461 0.1368 0.0534 0.0079 -0.0296 -0.0713 -0.1546 -0.2113 -0.2118 -0.1852 -0.0451 0.1371 0.0558 -0.0146
0.0558 0.1700 -0.0668 -0.3236 -0.3359 -0.3116 -0.2071 -0.0638 -0.0068 0.0275 0.0711 0.1699 -0.0689 -0.3237 -0.3359 -0.3112 -0.2061 -0.0633 -0.0066 0.0277 0.0714 0.1698 -0.0703 -0.3238 -0.3359 -0.3109 -0.2053 -0.0629 -0.0064 0.0279 0.0718 0.1696 -0.0717 -0.3239 -0.3359 -0.3107 -0.2045 -0.0625 -0.0062 0.0280 0.0721 0.1695 -0.0731 -0.3240 -0.3359 -0.3104 -0.2040 -0.0623 -0.0058 0.0311 0.0588 0.0311 -0.0058 -0.0623 -0.2040 -0.3104 -0.3359 -0.3240 -0.0731 0.1695 0.0721 0.0280 -0.0062 -0.0625 -0.2045 -0.3107 -0.3359 -0.3239 -0.0717 0.1696 0.0718 0.0279 -0.0064 -0.0629 -0.2053 -0.3109 -0.3359 -0.3238 -0.0703 0.1698 0.0714 0.0277 -0.0066 -0.0633 -0.2061 -0.3112 -0.3359 -0.3237 -0.0689 0.1699 0.0711 0.0275 -0.0068 -0.0638 -0.2071 -0.3116 -0.3359 -0.3236 -0.0668 0.1700 0.0558
0.1371 -0.0668 -0.3238 -0.3361 -0.3108 -0.2030 -0.0610 -0.0086 0.0238 0.0719 0.1696 -0.0722 -0.3241 -0.3360 -0.3102 -0.2018 -0.0604 -0.0084 0.0240 0.0722 0.1695 -0.0736 -0.3242 -0.3360 -0.3099 -0.2010 -0.0600 -0.0082 0.0241 0.0725 0.1693 -0.0750 -0.3243 -0.3360 -0.3097 -0.2001 -0.0596 -0.0080 0.0243 0.0728 0.1692 -0.0764 -0.3244 -0.3360 -0.3094 -0.1994 -0.0592 -0.0079 0.0246 0.0747 0.1245 0.0747 0.0246 -0.0079 -0.0592 -0.1994 -0.3094 -0.3360 -0.3244 -0.0764 0.1692 0.0728 0.0243 -0.0080 -0.0596 -0.2001 -0.3097 -0.3360 -0.3243 -0.0750 0.1693 0.0725 0.0241 -0.0082 -0.0600 -0.2010 -0.3099 -0.3360 -0.3242 -0.0736 0.1695 0.0722 0.0240 -0.0084 -0.0604 -0.2018 -0.3102 -0.3360 -0.3241 -0.0722 0.1696 0.0719 0.0238 -0.0086 -0.0610 -0.2030 -0.3108 -0.3361 -0.3238 -0.0668 0.1371
-0.0451 -0.3236 -0.3361 -0.3106 -0.2022 -0.0604 -0.0079 0.0244 0.0726 0.1693 -0.0754 -0.3243 -0.3360 -0.3097 -0.2002 -0.0596 -0.0076 0.0246 0.0730 0.1691 -0.0768 -0.3245 -0.3360 -0.3094 -0.1994 -0.0592 -0.0074 0.0248 0.0733 0.1690 -0.0782 -0.3246 -0.3360 -0.3091 -0.1985 -0.0588 -0.0072 0.0249 0.0736 0.1688 -0.0796 -0.3247 -0.3360 -0.3088 -0.1977 -0.0584 -0.0070 0.0250 0.0744 0.1550 0.0439 0.1550 0.0744 0.0250 -0.0070 -0.0584 -0.1977 -0.3088 -0.3360 -0.3247 -0.0796 0.1688 0.0736 0.0249 -0.0072 -0.0588 -0.1985 -0.3091 -0.3360 -0.3246 -0.0782 0.1690 0.0733 0.0248 -0.0074 -0.0592 -0.1994 -0.3094 -0.3360 -0.3245 -0.0768 0.1691 0.0730 0.0246 -0.0076 -0.0596 -0.2002 -0.3097 -0.3360 -0.3243 -0.0754 0.1693 0.0726 0.0244 -0.0079 -0.0604 -0.2022 -0.3106 -0.3361 -0.3236 -0.0451
-0.1852 -0.3359 -0.3108 -0.2022 -0.0600 -0.0077 0.0247 0.0733 0.1690 -0.0784 -0.3246 -0.3360 -0.3090 -0.1983 -0.0587 -0.0072 0.0250 0.0737 0.1688 -0.0800 -0.3247 -0.3360 -0.3087 -0.1975 -0.0583 -0.0070 0.0251 0.0740 0.1686 -0.0814 -0.3248 -0.3360 -0.3084 -0.1966 -0.0579 -0.0068 0.0253 0.0744 0.1684 -0.0827 -0.3249 -0.3359 -0.3081 -0.1958 -0.0575 -0.0066 0.0254 0.0748 0.1671 -0.0892 -0.2873 -0.0892 0.1671 0.0748 0.0254 -0.0066 -0.0575 -0.1958 -0.3081 -0.3359 -0.3249 -0.0827 0.1684 0.0744 0.0253 -0.0068 -0.0579 -0.1966 -0.3084 -0.3360 -0.3248 -0.0814 0.1686 0.0740 0.0251 -0.0070 -0.0583 -0.1975 -0.3087 -0.3360 -0.3247 -0.0800 0.1688 0.0737 0.0250 -0.0072 -0.0587 -0.1983 -0.3090 -0.3360 -0.3246 -0.0784 0.1690 0.0733 0.0247 -0.0077 -0.0600 -0.2022 -0.3108 -0.3359 -0.1852
-0.2118 -0.3116 -0.2030 -0.0604 -0.0077 0.0248 0.0737 0.1687 -0.0811 -0.3248 -0.3360 -0.3083 -0.1964 -0.0578 -0.0068 0.0253 0.0745 0.1683 -0.0832 -0.3250 -0.3359 -0.3080 -0.1956 -0.0574 -0.0066 0.0255 0.0748 0.1681 -0.0845 -0.3251 -0.3359 -0.3077 -0.1948 -0.0570 -0.0064 0.0257 0.0751 0.1679 -0.0859 -0.3252 -0.3359 -0.3074 -0.1939 -0.0566 -0.0062 0.0259 0.0755 0.1677 -0.0898 -0.3269 -0.3371 -0.3269 -0.0898 0.1677 0.0755 0.0259 -0.0062 -0.0566 -0.1939 -0.3074 -0.3359 -0.3252 -0.0859 0.1679 0.0751 0.0257 -0.0064 -0.0570 -0.1948 -0.3077 -0.3359 -0.3251 -0.0845 0.1681 0.0748 0.0255 -0.0066 -0.0574 -0.1956 -0.3080 -0.3359 -0.3250 -0.0832 0.1683 0.0745 0.0253 -0.0068 -0.0578 -0.1964 -0.3083 -0.3360 -0.3248 -0.0811 0.1687 0.0737 0.0248 -0.0077 -0.0604 -0.2030 -0.3116 -0.2118
-0.2113 -0.2071 -0.0610 -0.0079 0.0247 0.0737 0.1685 -0.0829 -0.3250 -0.3359 -0.3077 -0.1946 -0.0569 -0.0063 0.0257 0.0753 0.1678 -0.0863 -0.3252 -0.3359 -0.3073 -0.1937 -0.0565 -0.0061 0.0259 0.0756 0.1676 -0.0877 -0.3253 -0.3359 -0.3070 -0.1928 -0.0561 -0.0059 0.0261 0.0759 0.1674 -0.0890 -0.3254 -0.3359 -0.3066 -0.1920 -0.0557 -0.0058 0.0262 0.0763 0.1672 -0.0903 -0.3258 -0.3374 -0.3331 -0.3374 -0.3258 -0.0903 0.1672 0.0763 0.0262 -0.0058 -0.0557 -0.1920 -0.3066 -0.3359 -0.3254 -0.0890 0.1674 0.0759 0.0261 -0.0059 -0.0561 -0.1928 -0.3070 -0.3359 -0.3253 -0.0877 0.1676 0.0756 0.0259 -0.0061 -0.0565 -0.1937 -0.3073 -0.3359 -0.3252 -0.0863 0.1678 0.0753 0.0257 -0.0063 -0.0569 -0.1946 -0.3077 -0.3359 -0.3250 -0.0829 0.1685 0.0737 0.0247 -0.0079 -0.0610 -0.2071 -0.2113
-0.1546 -0.0638 -0.0086 0.0244 0.0733 0.1687 -0.0829 -0.3250 -0.3359 -0.3072 -0.1931 -0.0561 -0.0059 0.0261 0.0760 0.1673 -0.0894 -0.3255 -0.3359 -0.3065 -0.1917 -0.0556 -0.0057 0.0263 0.0764 0.1670 -0.0908 -0.3256 -0.3358 -0.3062 -0.1909 -0.0553 -0.0055 0.0265 0.0767 0.1668 -0.0921 -0.3257 -0.3358 -0.3059 -0.1901 -0.0549 -0.0053 0.0267 0.0771 0.1665 -0.0934 -0.3257 -0.3346 -0.3059 -0.2633 -0.3059 -0.3346 -0.3257 -0.0934 0.1665 0.0771 0.0267 -0.0053 -0.0549 -0.1901 -0.3059 -0.3358 -0.3257 -0.0921 0.1668 0.0767 0.0265 -0.0055 -0.0553 -0.1909 -0.3062 -0.3358 -0.3256 -0.0908 0.1670 0.0764 0.0263 -0.0057 -0.0556 -0.1917 -0.3065 -0.3359 -0.3255 -0.0894 0.1673 0.0760 0.0261 -0.0059 -0.0561 -0.1931 -0.3072 -0.3359 -0.3250 -0.0829 0.1687 0.0733 0.0244 -0.0086 -0.0638 -0.1546
-0.0713 -0.0068 0.0238 0.0726 0.1690 -0.0811 -0.3250 -0.3359 -0.3070 -0.1922 -0.0556 -0.0056 0.0265 0.0768 0.1667 -0.0925 -0.3257 -0.3358 -0.3058 -0.1898 -0.0548 -0.0053 0.0267 0.0772 0.1664 -0.0939 -0.3258 -0.3358 -0.3055 -0.1890 -0.0544 -0.0051 0.0269 0.0775 0.1661 -0.0952 -0.3259 -0.3358 -0.3052 -0.1882 -0.0541 -0.0049 0.0271 0.0779 0.1658 -0.0965 -0.3260 -0.3357 -0.3007 -0.1821 -0.0963 -0.1821 -0.3007 -0.3357 -0.3260 -0.0965 0.1658 0.0779 0.0271 -0.0049 -0.0541 -0.1882 -0.3052 -0.3358 -0.3259 -0.0952 0.1661 0.0775 0.0269 -0.0051 -0.0544 -0.1890 -0.3055 -0.3358 -0.3258 -0.0939 0.1664 0.0772 0.0267 -0.0053 -0.0548 -0.1898 -0.3058 -0.3358 -0.3257 -0.0925 0.1667 0.0768 0.0265 -0.0056 -0.0556 -0.1922 -0.3070 -0.3359 -0.3250 -0.0811 0.1690 0.0726 0.0238 -0.0068 -0.0713
-0.0296 0.0275 0.0719 0.1693 -0.0784 -0.3248 -0.3359 -0.3072 -0.1922 -0.0553 -0.0054 0.0267 0.0774 0.1661 -0.0954 -0.3259 -0.3358 -0.3051 -0.1879 -0.0539 -0.0048 0.0271 0.0780 0.1657 -0.0969 -0.3260 -0.3357 -0.3047 -0.1870 -0.0536 -0.0046 0.0273 0.0783 0.1654 -0.0983 -0.3261 -0.3357 -0.3044 -0.1862 -0.0532 -0.0045 0.0275 0.0787 0.1651 -0.0996 -0.3262 -0.3357 -0.3041 -0.1786 -0.0469 -0.0113 -0.0469 -0.1786 -0.3041 -0.3357 -0.3262 -0.0996 0.1651 0.0787 0.0275 -0.0045 -0.0532 -0.1862 -0.3044 -0.3357 -0.3261 -0.0983 0.1654 0.0783 0.0273 -0.0046 -0.0536 -0.1870 -0.3047 -0.3357 -0.3260 -0.0969 0.1657 0.0780 0.0271 -0.0048 -0.0539 -0.1879 -0.3051 -0.3358 -0.3259 -0.0954 0.1661 0.0774 0.0267 -0.0054 -0.0553 -0.1922 -0.3072 -0.3359 -0.3248 -0.0784 0.1693 0.0719 0.0275 -0.0296
0.0079 0.0711 0.1696 -0.0754 -0.3246 -0.3360 -0.3077 -0.1931 -0.0556 -0.0054 0.0269 0.0778 0.1657 -0.0978 -0.3261 -0.3357 -0.3043 -0.1859 -0.0531 -0.0044 0.0275 0.0788 0.1650 -0.1000 -0.3263 -0.3357 -0.3040 -0.1851 -0.0528 -0.0042 0.0277 0.0792 0.1647 -0.1013 -0.3264 -0.3356 -0.3036 -0.1843 -0.0524 -0.0040 0.0279 0.0795 0.1643 -0.1026 -0.3265 -0.3356 -0.3034 -0.1836 -0.0518 0.0006 0.0211 0.0006 -0.0518 -0.1836 -0.3034 -0.3356 -0.3265 -0.1026 0.1643 0.0795 0.0279 -0.0040 -0.0524 -0.1843 -0.3036 -0.3356 -0.3264 -0.1013 0.1647 0.0792 0.0277 -0.0042 -0.0528 -0.1851 -0.3040 -0.3357 -0.3263 -0.1000 0.1650 0.0788 0.0275 -0.0044 -0.0531 -0.1859 -0.3043 -0.3357 -0.3261 -0.0978 0.1657 0.0778 0.0269 -0.0054 -0.0556 -0.1931 -0.3077 -0.3360 -0.3246 -0.0754 0.1696 0.0711 0.0079
0.0534 0.1699 -0.0722 -0.3243 -0.3360 -0.3083 -0.1946 -0.0561 -0.0056 0.0267 0.0778 0.1655 -0.0993 -0.3263 -0.3357 -0.3036 -0.1841 -0.0523 -0.0040 0.0280 0.0796 0.1642 -0.1030 -0.3265 -0.3356 -0.3032 -0.1832 -0.0520 -0.0038 0.0281 0.0800 0.1639 -0.1043 -0.3266 -0.3356 -0.3028 -0.1823 -0.0516 -0.0036 0.0283 0.0804 0.1635 -0.1056 -0.3267 -0.3355 -0.3025 -0.1816 -0.0515 -0.0034 0.0320 0.0638 0.0320 -0.0034 -0.0515 -0.1816 -0.3025 -0.3355 -0.3267 -0.1056 0.1635 0.0804 0.0283 -0.0036 -0.0516 -0.1823 -0.3028 -0.3356 -0.3266 -0.1043 0.1639 0.0800 0.0281 -0.0038 -0.0520 -0.1832 -0.3032 -0.3356 -0.3265 -0.1030 0.1642 0.0796 0.0280 -0.0040 -0.0523 -0.1841 -0.3036 -0.3357 -0.3263 -0.0993 0.1655 0.0778 0.0267 -0.0056 -0.0561 -0.1946 -0.3083 -0.3360 -0.3243 -0.0722 0.1699 0.0534
0.1368 -0.0689 -0.3241 -0.3360 -0.3090 -0.1964 -0.0569 -0.0059 0.0265 0.0774 0.1657 -0.0993 -0.3264 -0.3356 -0.3031 -0.1826 -0.0516 -0.0036 0.0284 0.0805 0.1634 -0.1061 -0.3268 -0.3355 -0.3024 -0.1812 -0.0512 -0.0034 0.0286 0.0808 0.1630 -0.1074 -0.3269 -0.3355 -0.3020 -0.1804 -0.0509 -0.0032 0.0287 0.0812 0.1626 -0.1087 -0.3270 -0.3355 -0.3017 -0.1795 -0.0506 -0.0031 0.0291 0.0819 0.1394 0.0819 0.0291 -0.0031 -0.0506 -0.1795 -0.3017 -0.3355 -0.3270 -0.1087 0.1626 0.0812 0.0287 -0.0032 -0.0509 -0.1804 -0.3020 -0.3355 -0.3269 -0.1074 0.1630 0.0808 0.0286 -0.0034 -0.0512 -0.1812 -0.3024 -0.3355 -0.3268 -0.1061 0.1634 0.0805 0.0284 -0.0036 -0.0516 -0.1826 -0.3031 -0.3356 -0.3264 -0.0993 0.1657 0.0774 0.0265 -0.0059 -0.0569 -0.1964 -0.3090 -0.3360 -0.3241 -0.0689 0.1368
-0.0461 -0.3237 -0.3360 -0.3097 -0.1983 -0.0578 -0.0063 0.0261 0.0768 0.1661 -0.0978 -0.3263 -0.3356 -0.3029 -0.1816 -0.0511 -0.0032 0.0287 0.0813 0.1624 -0.1091 -0.3270 -0.3355 -0.3016 -0.1792 -0.0504 -0.0029 0.0290 0.0817 0.1620 -0.1104 -0.3271 -0.3354 -0.3012 -0.1784 -0.0501 -0.0028 0.0292 0.0821 0.1616 -0.1117 -0.3272 -0.3354 -0.3009 -0.1775 -0.0498 -0.0026 0.0293 0.0830 0.1589 0.0014 0.1589 0.0830 0.0293 -0.0026 -0.0498 -0.1775 -0.3009 -0.3354 -0.3272 -0.1117 0.1616 0.0821 0.0292 -0.0028 -0.0501 -0.1784 -0.3012 -0.3354 -0.3271 -0.1104 0.1620 0.0817 0.0290 -0.0029 -0.0504 -0.1792 -0.3016 -0.3355 -0.3270 -0.1091 0.1624 0.0813 0.0287 -0.0032 -0.0511 -0.1816 -0.3029 -0.3356 -0.3263 -0.0978 0.1661 0.0768 0.0261 -0.0063 -0.0578 -0.1983 -0.3097 -0.3360 -0.3237 -0.0461
-0.1854 -0.3359 -0.3102 -0.2002 -0.0587 -0.0068 0.0257 0.0760 0.1667 -0.0954 -0.3261 -0.3357 -0.3031 -0.1816 -0.0509 -0.0030 0.0290 0.0819 0.1616 -0.1119 -0.3272 -0.3354 -0.3008 -0.1773 -0.0497 -0.0025 0.0294 0.0826 0.1610 -0.1134 -0.3273 -0.3353 -0.3004 -0.1764 -0.0494 -0.0023 0.0296 0.0829 0.1605 -0.1147 -0.3274 -0.3353 -0.3001 -0.1756 -0.0491 -0.0022 0.0298 0.0834 0.1583 -0.1209 -0.3178 -0.1209 0.1583 0.0834 0.0298 -0.0022 -0.0491 -0.1756 -0.3001 -0.3353 -0.3274 -0.1147 0.1605 0.0829 0.0296 -0.0023 -0.0494 -0.1764 -0.3004 -0.3353 -0.3273 -0.1134 0.1610 0.0826 0.0294 -0.0025 -0.0497 -0.1773 -0.3008 -0.3354 -0.3272 -0.1119 0.1616 0.0819 0.0290 -0.0030 -0.0509 -0.1816 -0.3031 -0.3357 -0.3261 -0.0954 0.1667 0.0760 0.0257 -0.0068 -0.0587 -0.2002 -0.3102 -0.3359 -0.1854
-0.2119 -0.3112 -0.2018 -0.0596 -0.0072 0.0253 0.0753 0.1673 -0.0925 -0.3259 -0.3357 -0.3036 -0.1826 -0.0511 -0.0030 0.0291 0.0824 0.1609 -0.1143 -0.3274 -0.3353 -0.2999 -0.1753 -0.0490 -0.0021 0.0299 0.0834 0.1599 -0.1164 -0.3275 -0.3352 -0.2996 -0.1745 -0.0486 -0.0019 0.0301 0.0838 0.1594 -0.1177 -0.3276 -0.3352 -0.2992 -0.1736 -0.0483 -0.0018 0.0303 0.0842 0.1590 -0.1213 -0.3294 -0.3385 -0.3294 -0.1213 0.1590 0.0842 0.0303 -0.0018 -0.0483 -0.1736 -0.2992 -0.3352 -0.3276 -0.1177 0.1594 0.0838 0.0301 -0.0019 -0.0486 -0.1745 -0.2996 -0.3352 -0.3275 -0.1164 0.1599 0.0834 0.0299 -0.0021 -0.0490 -0.1753 -0.2999 -0.3353 -0.3274 -0.1143 0.1609 0.0824 0.0291 -0.0030 -0.0511 -0.1826 -0.3036 -0.3357 -0.3259 -0.0925 0.1673 0.0753 0.0253 -0.0072 -0.0596 -0.2018 -0.3112 -0.2119
-0.2111 -0.2061 -0.0604 -0.0076 0.0250 0.0745 0.1678 -0.0894 -0.3257 -0.3358 -0.3043 -0.1841 -0.0516 -0.0032 0.0290 0.0824 0.1606 -0.1158 -0.3276 -0.3352 -0.2992 -0.1735 -0.0482 -0.0017 0.0303 0.0843 0.1588 -0.1194 -0.3278 -0.3352 -0.2987 -0.1725 -0.0479 -0.0015 0.0305 0.0847 0.1582 -0.1207 -0.3279 -0.3351 -0.2984 -0.1716 -0.0476 -0.0013 0.0307 0.0851 0.1578 -0.1219 -0.3281 -0.3366 -0.3294 -0.3366 -0.3281 -0.1219 0.1578 0.0851 0.0307 -0.0013 -0.0476 -0.1716 -0.2984 -0.3351 -0.3279 -0.1207 0.1582 0.0847 0.0305 -0.0015 -0.0479 -0.1725 -0.2987 -0.3352 -0.3278 -0.1194 0.1588 0.0843 0.0303 -0.0017 -0.0482 -0.1735 -0.2992 -0.3352 -0.3276 -0.1158 0.1606 0.0824 0.0290 -0.0032 -0.0516 -0.1841 -0.3043 -0.3358 -0.3257 -0.0894 0.1678 0.0745 0.0250 -0.0076 -0.0604 -0.2061 -0.2111
-0.1541 -0.0633 -0.0084 0.0246 0.0737 0.1683 -0.0863 -0.3255 -0.3358 -0.3051 -0.1859 -0.0523 -0.0036 0.0287 0.0819 0.1609 -0.1158 -0.3276 -0.3352 -0.2987 -0.1719 -0.0476 -0.0013 0.0308 0.0852 0.1575 -0.1224 -0.3280 -0.3351 -0.2979 -0.1705 -0.0472 -0.0011 0.0310 0.0856 0.1570 -0.1237 -0.3281 -0.3350 -0.2975 -0.1697 -0.0469 -0.0009 0.0312 0.0860 0.1564 -0.1250 -0.3281 -0.3335 -0.2971 -0.2472 -0.2971 -0.3335 -0.3281 -0.1250 0.1564 0.0860 0.0312 -0.0009 -0.0469 -0.1697 -0.2975 -0.3350 -0.3281 -0.1237 0.1570 0.0856 0.0310 -0.0011 -0.0472 -0.1705 -0.2979 -0.3351 -0.3280 -0.1224 0.1575 0.0852 0.0308 -0.0013 -0.0476 -0.1719 -0.2987 -0.3352 -0.3276 -0.1158 0.1609 0.0819 0.0287 -0.0036 -0.0523 -0.1859 -0.3051 -0.3358 -0.3255 -0.0863 0.1683 0.0737 0.0246 -0.0084 -0.0633 -0.1541
-0.0710 -0.0066 0.0240 0.0730 0.1688 -0.0832 -0.3252 -0.3359 -0.3058 -0.1879 -0.0531 -0.0040 0.0284 0.0813 0.1616 -0.1143 -0.3276 -0.3352 -0.2984 -0.1709 -0.0472 -0.0010 0.0312 0.0861 0.1562 -0.1254 -0.3282 -0.3349 -0.2970 -0.1685 -0.0465 -0.0007 0.0315 0.0865 0.1556 -0.1267 -0.3283 -0.3349 -0.2966 -0.1677 -0.0463 -0.0005 0.0317 0.0869 0.1551 -0.1280 -0.3284 -0.3348 -0.2917 -0.1609 -0.0797 -0.1609 -0.2917 -0.3348 -0.3284 -0.1280 0.1551 0.0869 0.0317 -0.0005 -0.0463 -0.1677 -0.2966 -0.3349 -0.3283 -0.1267 0.1556 0.0865 0.0315 -0.0007 -0.0465 -0.1685 -0.2970 -0.3349 -0.3282 -0.1254 0.1562 0.0861 0.0312 -0.0010 -0.0472 -0.1709 -0.2984 -0.3352 -0.3276 -0.1143 0.1616 0.0813 0.0284 -0.0040 -0.0531 -0.1879 -0.3058 -0.3359 -0.3252 -0.0832 0.1688 0.0730 0.0240 -0.0066 -0.0710
-0.0294 0.0277 0.0722 0.1691 -0.0800 -0.3250 -0.3359 -0.3065 -0.1898 -0.0539 -0.0044 0.0280 0.0805 0.1624 -0.1119 -0.3274 -0.3352 -0.2987 -0.1709 -0.0470 -0.0008 0.0315 0.0868 0.1551 -0.1282 -0.3284 -0.3348 -0.2961 -0.1665 -0.0459 -0.0003 0.0320 0.0875 0.1542 -0.1297 -0.3285 -0.3348 -0.2957 -0.1657 -0.0456 -0.0001 0.0322 0.0879 0.1536 -0.1310 -0.3286 -0.3348 -0.2954 -0.1584 -0.0391 -0.0062 -0.0391 -0.1584 -0.2954 -0.3348 -0.3286 -0.1310 0.1536 0.0879 0.0322 -0.0001 -0.0456 -0.1657 -0.2957 -0.3348 -0.3285 -0.1297 0.1542 0.0875 0.0320 -0.0003 -0.0459 -0.1665 -0.2961 -0.3348 -0.3284 -0.1282 0.1551 0.0868 0.0315 -0.0008 -0.0470 -0.1709 -0.2987 -0.3352 -0.3274 -0.1119 0.1624 0.0805 0.0280 -0.0044 -0.0539 -0.1898 -0.3065 -0.3359 -0.3250 -0.0800 0.1691 0.0722 0.0277 -0.0294
0.0081 0.0714 0.1695 -0.0768 -0.3247 -0.3359 -0.3073 -0.1917 -0.0548 -0.0048 0.0275 0.0796 0.1634 -0.1091 -0.3272 -0.3353 -0.2992 -0.1719 -0.0472 -0.0008 0.0316 0.0873 0.1541 -0.1306 -0.3286 -0.3347 -0.2952 -0.1646 -0.0452 0.0001 0.0325 0.0884 0.1527 -0.1327 -0.3287 -0.3347 -0.2948 -0.1637 -0.0449 0.0003 0.0327 0.0888 0.1521 -0.1340 -0.3288 -0.3346 -0.2946 -0.1631 -0.0446 0.0046 0.0253 0.0046 -0.0446 -0.1631 -0.2946 -0.3346 -0.3288 -0.1340 0.1521 0.0888 0.0327 0.0003 -0.0449 -0.1637 -0.2948 -0.3347 -0.3287 -0.1327 0.1527 0.0884 0.0325 0.0001 -0.0452 -0.1646 -0.2952 -0.3347 -0.3286 -0.1306 0.1541 0.0873 0.0316 -0.0008 -0.0472 -0.1719 -0.2992 -0.3353 -0.3272 -0.1091 0.1634 0.0796 0.0275 -0.0048 -0.0548 -0.1917 -0.3073 -0.3359 -0.3247 -0.0768 0.1695 0.0714 0.0081
0.0537 0.1698 -0.0736 -0.3245 -0.3360 -0.3080 -0.1937 -0.0556 -0.0053 0.0271 0.0788 0.1642 -0.1061 -0.3270 -0.3354 -0.2999 -0.1735 -0.0476 -0.0010 0.0315 0.0873 0.1537 -0.1321 -0.3287 -0.3346 -0.2944 -0.1627 -0.0446 0.0005 0.0330 0.0894 0.1512 -0.1357 -0.3289 -0.3345 -0.2939 -0.1617 -0.0443 0.0007 0.0332 0.0898 0.1505 -0.1370 -0.3290 -0.3345 -0.2935 -0.1611 -0.0442 0.0009 0.0370 0.0700 0.0370 0.0009 -0.0442 -0.1611 -0.2935 -0.3345 -0.3290 -0.1370 0.1505 0.0898 0.0332 0.0007 -0.0443 -0.1617 -0.2939 -0.3345 -0.3289 -0.1357 0.1512 0.0894 0.0330 0.0005 -0.0446 -0.1627 -0.2944 -0.3346 -0.3287 -0.1321 0.1537 0.0873 0.0315 -0.0010 -0.0476 -0.1735 -0.2999 -0.3354 -0.3270 -0.1061 0.1642 0.0788 0.0271 -0.0053 -0.0556 -0.1937 -0.3080 -0.3360 -0.3245 -0.0736 0.1698 0.0537
0.1366 -0.0703 -0.3242 -0.3360 -0.3087 -0.1956 -0.0565 -0.0057 0.0267 0.0780 0.1650 -0.1030 -0.3268 -0.3355 -0.3008 -0.1753 -0.0482 -0.0013 0.0312 0.0868 0.1541 -0.1321 -0.3288 -0.3346 -0.2939 -0.1612 -0.0440 0.0009 0.0335 0.0904 0.1495 -0.1387 -0.3292 -0.3344 -0.2930 -0.1598 -0.0436 0.0011 0.0337 0.0908 0.1488 -0.1400 -0.3292 -0.3343 -0.2926 -0.1589 -0.0433 0.0011 0.0340 0.0901 0.1431 0.0901 0.0340 0.0011 -0.0433 -0.1589 -0.2926 -0.3343 -0.3292 -0.1400 0.1488 0.0908 0.0337 0.0011 -0.0436 -0.1598 -0.2930 -0.3344 -0.3292 -0.1387 0.1495 0.0904 0.0335 0.0009 -0.0440 -0.1612 -0.2939 -0.3346 -0.3288 -0.1321 0.1541 0.0868 0.0312 -0.0013 -0.0482 -0.1753 -0.3008 -0.3355 -0.3268 -0.1030 0.1650 0.0780 0.0267 -0.0057 -0.0565 -0.1956 -0.3087 -0.3360 -0.3242 -0.0703 0.1366
-0.0471 -0.3238 -0.3360 -0.3094 -0.1975 -0.0574 -0.0061 0.0263 0.0772 0.1657 -0.1000 -0.3265 -0.3355 -0.3016 -0.1773 -0.0490 -0.0017 0.0308 0.0861 0.1551 -0.1306 -0.3287 -0.3346 -0.2936 -0.1602 -0.0436 0.0012 0.0339 0.0913 0.1478 -0.1418 -0.3294 -0.3343 -0.2920 -0.1578 -0.0430 0.0015 0.0342 0.0918 0.1470 -0.1431 -0.3294 -0.3342 -0.2916 -0.1570 -0.0427 0.0016 0.0343 0.0931 0.1428 -0.0421 0.1428 0.0931 0.0343 0.0016 -0.0427 -0.1570 -0.2916 -0.3342 -0.3294 -0.1431 0.1470 0.0918 0.0342 0.0015 -0.0430 -0.1578 -0.2920 -0.3343 -0.3294 -0.1418 0.1478 0.0913 0.0339 0.0012 -0.0436 -0.1604 -0.2937 -0.3346 -0.3287 -0.1306 0.1551 0.0861 0.0308 -0.0017 -0.0490 -0.1773 -0.3016 -0.3355 -0.3265 -0.1000 0.1657 0.0772 0.0263 -0.0061 -0.0574 -0.1975 -0.3094 -0.3360 -0.3238 -0.0471
-0.1855 -0.3359 -0.3099 -0.1994 -0.0583 -0.0066 0.0259 0.0764 0.1664 -0.0969 -0.3263 -0.3356 -0.3024 -0.1792 -0.0497 -0.0021 0.0303 0.0852 0.1562 -0.1282 -0.3286 -0.3346 -0.2939 -0.1602 -0.0434 0.0014 0.0342 0.0921 0.1462 -0.1446 -0.3296 -0.3341 -0.2911 -0.1558 -0.0423 0.0019 0.0347 0.0928 0.1451 -0.1461 -0.3297 -0.3341 -0.2907 -0.1550 -0.0420 0.0020 0.0349 0.0935 0.1417 -0.1524 -0.3215 -0.1524 0.1417 0.0935 0.0349 0.0020 -0.0420 -0.1550 -0.2907 -0.3341 -0.3297 -0.1461 0.1451 0.0928 0.0347 0.0019 -0.0423 -0.1558 -0.2911 -0.3341 -0.3296 -0.1446 0.1462 0.0920 0.0342 0.0013 -0.0435 -0.1604 -0.2939 -0.3346 -0.3286 -0.1282 0.1562 0.0852 0.0303 -0.0021 -0.0497 -0.1792 -0.3024 -0.3356 -0.3263 -0.0969 0.1664 0.0764 0.0259 -0.0066 -0.0583 -0.1994 -0.3099 -0.3359 -0.1855
-0.2119 -0.3109 -0.2010 -0.0592 -0.0070 0.0255 0.0756 0.1670 -0.0939 -0.3260 -0.3357 -0.3032 -0.1812 -0.0504 -0.0025 0.0299 0.0843 0.1575 -0.1254 -0.3284 -0.3347 -0.2944 -0.1612 -0.0435 0.0014 0.0343 0.0925 0.1451 -0.1468 -0.3297 -0.3340 -0.2901 -0.1539 -0.0417 0.0023 0.0352 0.0939 0.1432 -0.1492 -0.3299 -0.3339 -0.2897 -0.1530 -0.0414 0.0024 0.0354 0.0943 0.1424 -0.1527 -0.3316 -0.3394 -0.3316 -0.1527 0.1424 0.0943 0.0354 0.0024 -0.0414 -0.1530 -0.2897 -0.3339 -0.3299 -0.1492 0.1432 0.0939 0.0352 0.0023 -0.0417 -0.1539 -0.2901 -0.3340 -0.3297 -0.1468 0.1451 0.0925 0.0343 0.0013 -0.0436 -0.1612 -0.2944 -0.3347 -0.3284 -0.1254 0.1575 0.0843 0.0299 -0.0025 -0.0504 -0.1812 -0.3032 -0.3357 -0.3260 -0.0939 0.1670 0.0756 0.0255 -0.0070 -0.0592 -0.2010 -0.3109 -0.2119
-0.2110 -0.2053 -0.0600 -0.0074 0.0251 0.0748 0.1676 -0.0908 -0.3258 -0.3357 -0.3040 -0.1832 -0.0512 -0.0029 0.0294 0.0834 0.1588 -0.1224 -0.3282 -0.3348 -0.2952 -0.1627 -0.0440 0.0012 0.0342 0.0925 0.1447 -0.1481 -0.3299 -0.3339 -0.2893 -0.1520 -0.0410 0.0026 0.0357 0.0949 0.1412 -0.1523 -0.3300 -0.3337 -0.2887 -0.1511 -0.0408 0.0028 0.0359 0.0954 0.1403 -0.1535 -0.3301 -0.3351 -0.3246 -0.3351 -0.3301 -0.1535 0.1403 0.0954 0.0359 0.0028 -0.0408 -0.1511 -0.2887 -0.3337 -0.3300 -0.1523 0.1412 0.0949 0.0357 0.0026 -0.0410 -0.1520 -0.2893 -0.3339 -0.3299 -0.1481 0.1447 0.0925 0.0342 0.0012 -0.0440 -0.1627 -0.2952 -0.3348 -0.3282 -0.1224 0.1588 0.0834 0.0294 -0.0029 -0.0512 -0.1832 -0.3040 -0.3357 -0.3258 -0.0908 0.1676 0.0748 0.0251 -0.0074 -0.0600 -0.2053 -0.2110
-0.1536 -0.0629 -0.0082 0.0248 0.0740 0.1681 -0.0877 -0.3256 -0.3358 -0.3047 -0.1851 -0.0520 -0.0034 0.0290 0.0826 0.1599 -0.1194 -0.3280 -0.3349 -0.2961 -0.1646 -0.0446 0.0009 0.0339 0.0920 0.1451 -0.1481 -0.3299 -0.3338 -0.2887 -0.1506 -0.0405 0.0030 0.0362 0.0960 0.1390 -0.1553 -0.3302 -0.3336 -0.2877 -0.1491 -0.0401 0.0032 0.0364 0.0965 0.1381 -0.1567 -0.3303 -0.3317 -0.2868 -0.2292 -0.2868 -0.3317 -0.3303 -0.1567 0.1381 0.0965 0.0364 0.0032 -0.0401 -0.1491 -0.2877 -0.3336 -0.3302 -0.1553 0.1390 0.0960 0.0362 0.0030 -0.0405 -0.1506 -0.2887 -0.3338 -0.3299 -0.1481 0.1451 0.0920 0.0339 0.0009 -0.0446 -0.1646 -0.2961 -0.3349 -0.3280 -0.1194 0.1599 0.0826 0.0290 -0.0034 -0.0520 -0.1851 -0.3047 -0.3358 -0.3256 -0.0877 0.1681 0.0740 0.0248 -0.0082 -0.0629 -0.1536
-0.0707 -0.0064 0.0241 0.0733 0.1686 -0.0845 -0.3253 -0.3358 -0.3055 -0.1870 -0.0528 -0.0038 0.0286 0.0817 0.1610 -0.1164 -0.3278 -0.3351 -0.2970 -0.1665 -0.0452 0.0005 0.0335 0.0913 0.1462 -0.1468 -0.3299 -0.3338 -0.2885 -0.1498 -0.0401 0.0033 0.0367 0.0970 0.1368 -0.1585 -0.3304 -0.3334 -0.2867 -0.1471 -0.0395 0.0036 0.0370 0.0976 0.1358 -0.1598 -0.3305 -0.3333 -0.2812 -0.1398 -0.0656 -0.1398 -0.2812 -0.3333 -0.3305 -0.1598 0.1358 0.0976 0.0370 0.0036 -0.0395 -0.1471 -0.2867 -0.3334 -0.3304 -0.1585 0.1368 0.0970 0.0367 0.0033 -0.0401 -0.1498 -0.2885 -0.3338 -0.3299 -0.1468 0.1462 0.0913 0.0335 0.0005 -0.0452 -0.1665 -0.2970 -0.3351 -0.3278 -0.1164 0.1610 0.0817 0.0286 -0.0038 -0.0528 -0.1870 -0.3055 -0.3358 -0.3253 -0.0845 0.1686 0.0733 0.0241 -0.0064 -0.0707
-0.0293 0.0279 0.0725 0.1690 -0.0814 -0.3251 -0.3359 -0.3062 -0.1890 -0.0536 -0.0042 0.0281 0.0808 0.1620 -0.1134 -0.3275 -0.3352 -0.2979 -0.1685 -0.0459 0.0001 0.0330 0.0904 0.1478 -0.1446 -0.3297 -0.3339 -0.2887 -0.1498 -0.0400 0.0034 0.0370 0.0978 0.1348 -0.1614 -0.3306 -0.3332 -0.2856 -0.1452 -0.0388 0.0040 0.0375 0.0987 0.1335 -0.1630 -0.3307 -0.3332 -0.2852 -0.1385 -0.0323 -0.0017 -0.0323 -0.1385 -0.2852 -0.3332 -0.3307 -0.1630 0.1335 0.0987 0.0375 0.0040 -0.0388 -0.1452 -0.2856 -0.3332 -0.3306 -0.1614 0.1348 0.0978 0.0370 0.0034 -0.0400 -0.1498 -0.2887 -0.3339 -0.3297 -0.1446 0.1478 0.0904 0.0330 0.0001 -0.0459 -0.1685 -0.2979 -0.3352 -0.3275 -0.1134 0.1620 0.0808 0.0281 -0.0042 -0.0536 -0.1890 -0.3062 -0.3359 -0.3251 -0.0814 0.1690 0.0725 0.0279 -0.0293
0.0083 0.0718 0.1693 -0.0782 -0.3248 -0.3359 -0.3070 -0.1909 -0.0544 -0.0046 0.0277 0.0800 0.1630 -0.1104 -0.3273 -0.3352 -0.2987 -0.1705 -0.0465 -0.0003 0.0325 0.0894 0.1495 -0.1418 -0.3296 -0.3340 -0.2893 -0.1506 -0.0401 0.0034 0.0371 0.0983 0.1335 -0.1636 -0.3308 -0.3331 -0.2846 -0.1433 -0.0382 0.0043 0.0380 0.0999 0.1310 -0.1661 -0.3309 -0.3330 -0.2843 -0.1427 -0.0379 0.0084 0.0298 0.0084 -0.0379 -0.1427 -0.2843 -0.3330 -0.3309 -0.1661 0.1310 0.0999 0.0380 0.0043 -0.0382 -0.1433 -0.2846 -0.3331 -0.3308 -0.1636 0.1335 0.0983 0.0371 0.0034 -0.0401 -0.1506 -0.2893 -0.3340 -0.3296 -0.1418 0.1495 0.0894 0.0325 -0.0003 -0.0465 -0.1705 -0.2987 -0.3352 -0.3273 -0.1104 0.1630 0.0800 0.0277 -0.0046 -0.0544 -0.1909 -0.3070 -0.3359 -0.3248 -0.0782 0.1693 0.0718 0.0083
0.0540 0.1696 -0.0750 -0.3246 -0.3360 -0.3077 -0.1928 -0.0553 -0.0051 0.0273 0.0792 0.1639 -0.1074 -0.3271 -0.3353 -0.2996 -0.1725 -0.0472 -0.0007 0.0320 0.0884 0.1512 -0.1387 -0.3294 -0.3341 -0.2901 -0.1520 -0.0405 0.0033 0.0370 0.0983 0.1330 -0.1650 -0.3309 -0.3329 -0.2837 -0.1415 -0.0376 0.0047 0.0385 0.1010 0.1285 -0.1693 -0.3311 -0.3328 -0.2831 -0.1407 -0.0375 0.0050 0.0423 0.0764 0.0423 0.0050 -0.0375 -0.1407 -0.2831 -0.3328 -0.3311 -0.1693 0.1285 0.1010 0.0385 0.0047 -0.0376 -0.1415 -0.2837 -0.3329 -0.3309 -0.1650 0.1330 0.0983 0.0370 0.0033 -0.0405 -0.1520 -0.2901 -0.3341 -0.3294 -0.1387 0.1512 0.0884 0.0320 -0.0007 -0.0472 -0.1725 -0.2996 -0.3353 -0.3271 -0.1074 0.1639 0.0792 0.0273 -0.0051 -0.0553 -0.1928 -0.3077 -0.3360 -0.3246 -0.0750 0.1696 0.0540
0.1365 -0.0717 -0.3243 -0.3360 -0.3084 -0.1948 -0.0561 -0.0055 0.0269 0.0783 0.1647 -0.1043 -0.3269 -0.3354 -0.3004 -0.1745 -0.0479 -0.0011 0.0315 0.0875 0.1527 -0.1357 -0.3292 -0.3343 -0.2911 -0.1539 -0.0410 0.0030 0.0367 0.0978 0.1335 -0.1650 -0.3309 -0.3328 -0.2831 -0.1401 -0.0371 0.0051 0.0391 0.1022 0.1259 -0.1726 -0.3313 -0.3326 -0.2820 -0.1386 -0.0367 0.0051 0.0394 0.0994 0.1443 0.0994 0.0394 0.0051 -0.0367 -0.1386 -0.2820 -0.3326 -0.3313 -0.1726 0.1259 0.1022 0.0391 0.0051 -0.0371 -0.1401 -0.2831 -0.3328 -0.3309 -0.1650 0.1335 0.0978 0.0367 0.0030 -0.0410 -0.1539 -0.2911 -0.3343 -0.3292 -0.1357 0.1527 0.0875 0.0315 -0.0011 -0.0479 -0.1745 -0.3004 -0.3354 -0.3269 -0.1043 0.1647 0.0783 0.0269 -0.0055 -0.0561 -0.1948 -0.3084 -0.3360 -0.3243 -0.0717 0.1365
-0.0481 -0.3239 -0.3360 -0.3091 -0.1966 -0.0570 -0.0059 0.0265 0.0775 0.1654 -0.1013 -0.3266 -0.3355 -0.3012 -0.1764 -0.0486 -0.0015 0.0310 0.0865 0.1542 -0.1327 -0.3289 -0.3344 -0.2920 -0.1558 -0.0417 0.0026 0.0362 0.0970 0.1348 -0.1636 -0.3309 -0.3328 -0.2828 -0.1393 -0.0367 0.0053 0.0395 0.1034 0.1232 -0.1758 -0.3314 -0.3324 -0.2809 -0.1367 -0.0361 0.0056 0.0397 0.1052 0.1169 -0.0846 0.1169 0.1052 0.0397 0.0056 -0.0361 -0.1367 -0.2809 -0.3324 -0.3314 -0.1758 0.1232 0.1034 0.0395 0.0053 -0.0367 -0.1393 -0.2828 -0.3328 -0.3309 -0.1636 0.1348 0.0970 0.0362 0.0026 -0.0417 -0.1558 -0.2920 -0.3344 -0.3289 -0.1327 0.1542 0.0865 0.0310 -0.0015 -0.0486 -0.1764 -0.3012 -0.3355 -0.3266 -0.1013 0.1654 0.0775 0.0265 -0.0059 -0.0570 -0.1966 -0.3091 -0.3360 -0.3239 -0.0481
-0.1857 -0.3359 -0.3097 -0.1985 -0.0579 -0.0064 0.0261 0.0767 0.1661 -0.0983 -0.3264 -0.3356 -0.3020 -0.1784 -0.0494 -0.0019 0.0305 0.0856 0.1556 -0.1297 -0.3287 -0.3345 -0.2930 -0.1578 -0.0423 0.0023 0.0357 0.0960 0.1368 -0.1614 -0.3308 -0.3329 -0.2831 -0.1393 -0.0366 0.0055 0.0398 0.1043 0.1207 -0.1789 -0.3316 -0.3322 -0.2798 -0.1348 -0.0355 0.0060 0.0403 0.1056 0.1156 -0.1859 -0.3246 -0.1859 0.1156 0.1056 0.0403 0.0060 -0.0355 -0.1348 -0.2798 -0.3322 -0.3316 -0.1789 0.1207 0.1043 0.0398 0.0055 -0.0366 -0.1393 -0.2831 -0.3329 -0.3308 -0.1614 0.1368 0.0960 0.0357 0.0023 -0.0423 -0.1578 -0.2930 -0.3345 -0.3287 -0.1297 0.1556 0.0856 0.0305 -0.0019 -0.0494 -0.1784 -0.3020 -0.3356 -0.3264 -0.0983 0.1661 0.0767 0.0261 -0.0064 -0.0579 -0.1985 -0.3097 -0.3359 -0.1857
-0.2120 -0.3107 -0.2001 -0.0588 -0.0068 0.0257 0.0759 0.1668 -0.0952 -0.3261 -0.3356 -0.3028 -0.1804 -0.0501 -0.0023 0.0301 0.0847 0.1570 -0.1267 -0.3285 -0.3347 -0.2939 -0.1598 -0.0430 0.0019 0.0352 0.0949 0.1390 -0.1585 -0.3306 -0.3331 -0.2837 -0.1401 -0.0367 0.0055 0.0399 0.1048 0.1191 -0.1813 -0.3318 -0.3320 -0.2787 -0.1329 -0.0348 0.0064 0.0409 0.1066 0.1162 -0.1862 -0.3335 -0.3400 -0.3335 -0.1862 0.1162 0.1066 0.0409 0.0064 -0.0348 -0.1329 -0.2787 -0.3320 -0.3318 -0.1813 0.1191 0.1048 0.0399 0.0055 -0.0367 -0.1401 -0.2837 -0.3331 -0.3306 -0.1585 0.1390 0.0949 0.0352 0.0019 -0.0430 -0.1598 -0.2939 -0.3347 -0.3285 -0.1267 0.1570 0.0847 0.0301 -0.0023 -0.0501 -0.1804 -0.3028 -0.3356 -0.3261 -0.0952 0.1668 0.0759 0.0257 -0.0068 -0.0588 -0.2001 -0.3107 -0.2120
-0.2109 -0.2045 -0.0596 -0.0072 0.0253 0.0751 0.1674 -0.0921 -0.3259 -0.3357 -0.3036 -0.1823 -0.0509 -0.0028 0.0296 0.0838 0.1582 -0.1237 -0.3283 -0.3348 -0.2948 -0.1617 -0.0436 0.0015 0.0347 0.0939 0.1412 -0.1553 -0.3304 -0.3332 -0.2846 -0.1415 -0.0371 0.0053 0.0398 0.1048 0.1185 -0.1827 -0.3319 -0.3318 -0.2777 -0.1312 -0.0342 0.0067 0.0414 0.1079 0.1132 -0.1872 -0.3319 -0.3330 -0.3188 -0.3330 -0.3319 -0.1872 0.1132 0.1079 0.0414 0.0067 -0.0342 -0.1312 -0.2777 -0.3318 -0.3319 -0.1827 0.1185 0.1048 0.0398 0.0053 -0.0371 -0.1415 -0.2846 -0.3332 -0.3304 -0.1553 0.1412 0.0939 0.0347 0.0015 -0.0436 -0.1617 -0.2948 -0.3348 -0.3283 -0.1237 0.1582 0.0838 0.0296 -0.0028 -0.0509 -0.1823 -0.3036 -0.3357 -0.3259 -0.0921 0.1674 0.0751 0.0253 -0.0072 -0.0596 -0.2045 -0.2109
-0.1532 -0.0625 -0.0080 0.0249 0.0744 0.1679 -0.0890 -0.3257 -0.3358 -0.3044 -0.1843 -0.0516 -0.0032 0.0292 0.0829 0.1594 -0.1207 -0.3281 -0.3349 -0.2957 -0.1637 -0.0443 0.0011 0.0342 0.0928 0.1432 -0.1523 -0.3302 -0.3334 -0.2856 -0.1433 -0.0376 0.0051 0.0395 0.1043 0.1191 -0.1827 -0.3319 -0.3317 -0.2770 -0.1298 -0.0337 0.0071 0.0419 0.1093 0.1100 -0.1907 -0.3321 -0.3293 -0.2749 -0.2094 -0.2749 -0.3293 -0.3321 -0.1907 0.1100 0.1093 0.0419 0.0071 -0.0337 -0.1298 -0.2770 -0.3317 -0.3319 -0.1827 0.1191 0.1043 0.0395 0.0051 -0.0376 -0.1433 -0.2856 -0.3334 -0.3302 -0.1523 0.1432 0.0928 0.0342 0.0011 -0.0443 -0.1637 -0.2957 -0.3349 -0.3281 -0.1207 0.1594 0.0829 0.0292 -0.0032 -0.0516 -0.1843 -0.3044 -0.3358 -0.3257 -0.0890 0.1679 0.0744 0.0249 -0.0080 -0.0625 -0.1532
-0.0705 -0.0062 0.0243 0.0736 0.1684 -0.0859 -0.3254 -0.3358 -0.3052 -0.1862 -0.0524 -0.0036 0.0287 0.0821 0.1605 -0.1177 -0.3279 -0.3350 -0.2966 -0.1657 -0.0449 0.0007 0.0337 0.0918 0.1451 -0.1492 -0.3300 -0.3336 -0.2867 -0.1452 -0.0382 0.0047 0.0391 0.1034 0.1207 -0.1813 -0.3319 -0.3317 -0.2768 -0.1291 -0.0334 0.0073 0.0424 0.1106 0.1068 -0.1942 -0.3324 -0.3311 -0.2692 -0.1197 -0.0536 -0.1197 -0.2692 -0.3311 -0.3324 -0.1942 0.1068 0.1106 0.0424 0.0073 -0.0334 -0.1291 -0.2768 -0.3317 -0.3319 -0.1813 0.1207 0.1034 0.0391 0.0047 -0.0382 -0.1452 -0.2867 -0.3336 -0.3300 -0.1492 0.1451 0.0918 0.0337 0.0007 -0.0449 -0.1657 -0.2966 -0.3350 -0.3279 -0.1177 0.1605 0.0821 0.0287 -0.0036 -0.0524 -0.1862 -0.3052 -0.3358 -0.3254 -0.0859 0.1684 0.0736 0.0243 -0.0062 -0.0705
-0.0291 0.0280 0.0728 0.1688 -0.0827 -0.3252 -0.3359 -0.3059 -0.1882 -0.0532 -0.0040 0.0283 0.0812 0.1616 -0.1147 -0.3276 -0.3351 -0.2975 -0.1677 -0.0456 0.0003 0.0332 0.0908 0.1470 -0.1461 -0.3299 -0.3337 -0.2877 -0.1471 -0.0388 0.0043 0.0385 0.1022 0.1232 -0.1789 -0.3318 -0.3318 -0.2770 -0.1291 -0.0332 0.0075 0.0427 0.1116 0.1039 -0.1975 -0.3325 -0.3309 -0.2736 -0.1197 -0.0261 0.0023 -0.0261 -0.1197 -0.2736 -0.3309 -0.3325 -0.1975 0.1039 0.1116 0.0427 0.0075 -0.0332 -0.1291 -0.2770 -0.3318 -0.3318 -0.1789 0.1232 0.1022 0.0385 0.0043 -0.0388 -0.1471 -0.2877 -0.3337 -0.3299 -0.1461 0.1470 0.0908 0.0332 0.0003 -0.0456 -0.1677 -0.2975 -0.3351 -0.3276 -0.1147 0.1616 0.0812 0.0283 -0.0040 -0.0532 -0.1882 -0.3059 -0.3359 -0.3252 -0.0827 0.1688 0.0728 0.0280 -0.0291
0.0085 0.0721 0.1692 -0.0796 -0.3249 -0.3359 -0.3066 -0.1901 -0.0541 -0.0045 0.0279 0.0804 0.1626 -0.1117 -0.3274 -0.3352 -0.2984 -0.1697 -0.0463 -0.0001 0.0327 0.0898 0.1488 -0.1431 -0.3297 -0.3339 -0.2887 -0.1491 -0.0395 0.0040 0.0380 0.1010 0.1259 -0.1758 -0.3316 -0.3320 -0.2777 -0.1298 -0.0334 0.0075 0.0428 0.1122 0.1020 -0.2000 -0.3326 -0.3306 -0.2724 -0.1231 -0.0315 0.0121 0.0346 0.0121 -0.0315 -0.1231 -0.2724 -0.3306 -0.3326 -0.2000 0.1020 0.1122 0.0428 0.0075 -0.0334 -0.1298 -0.2777 -0.3320 -0.3316 -0.1758 0.1259 0.1010 0.0380 0.0040 -0.0395 -0.1491 -0.2887 -0.3339 -0.3297 -0.1431 0.1488 0.0898 0.0327 -0.0001 -0.0463 -0.1697 -0.2984 -0.3352 -0.3274 -0.1117 0.1626 0.0804 0.0279 -0.0045 -0.0541 -0.1901 -0.3066 -0.3359 -0.3249 -0.0796 0.1692 0.0721 0.0085
0.0544 0.1695 -0.0764 -0.3247 -0.3359 -0.3074 -0.1920 -0.0549 -0.0049 0.0275 0.0795 0.1635 -0.1087 -0.3272 -0.3353 -0.2992 -0.1716 -0.0469 -0.0005 0.0322 0.0888 0.1505 -0.1400 -0.3294 -0.3341 -0.2897 -0.1511 -0.0401 0.0036 0.0375 0.0999 0.1285 -0.1726 -0.3314 -0.3322 -0.2787 -0.1312 -0.0337 0.0073 0.0427 0.1122 0.1013 -0.2015 -0.3327 -0.3305 -0.2712 -0.1212 -0.0311 0.0088 0.0477 0.0834 0.0477 0.0088 -0.0311 -0.1212 -0.2712 -0.3305 -0.3327 -0.2015 0.1013 0.1122 0.0427 0.0073 -0.0337 -0.1312 -0.2787 -0.3322 -0.3314 -0.1726 0.1285 0.0999 0.0375 0.0036 -0.0401 -0.1511 -0.2897 -0.3341 -0.3294 -0.1400 0.1505 0.0888 0.0322 -0.0005 -0.0469 -0.1716 -0.2992 -0.3353 -0.3272 -0.1087 0.1635 0.0795 0.0275 -0.0049 -0.0549 -0.1920 -0.3074 -0.3359 -0.3247 -0.0764 0.1695 0.0544
0.1362 -0.0731 -0.3244 -0.3360 -0.3081 -0.1939 -0.0557 -0.0053 0.0271 0.0787 0.1643 -0.1056 -0.3270 -0.3354 -0.3001 -0.1736 -0.0476 -0.0009 0.0317 0.0879 0.1521 -0.1370 -0.3292 -0.3342 -0.2907 -0.1530 -0.0408 0.0032 0.0370 0.0987 0.1310 -0.1693 -0.3313 -0.3324 -0.2798 -0.1329 -0.0342 0.0071 0.0424 0.1116 0.1020 -0.2015 -0.3328 -0.3303 -0.2705 -0.1199 -0.0304 0.0089 0.0451 0.1103 0.1417 0.1103 0.0451 0.0089 -0.0304 -0.1199 -0.2705 -0.3303 -0.3328 -0.2015 0.1020 0.1116 0.0424 0.0071 -0.0342 -0.1329 -0.2798 -0.3324 -0.3313 -0.1693 0.1310 0.0987 0.0370 0.0032 -0.0408 -0.1530 -0.2907 -0.3342 -0.3292 -0.1370 0.1521 0.0879 0.0317 -0.0009 -0.0476 -0.1736 -0.3001 -0.3354 -0.3270 -0.1056 0.1643 0.0787 0.0271 -0.0053 -0.0557 -0.1939 -0.3081 -0.3360 -0.3244 -0.0731 0.1362
-0.0491 -0.3240 -0.3360 -0.3088 -0.1958 -0.0566 -0.0058 0.0267 0.0779 0.1651 -0.1026 -0.3267 -0.3355 -0.3009 -0.1756 -0.0483 -0.0013 0.0312 0.0869 0.1536 -0.1340 -0.3290 -0.3343 -0.2916 -0.1550 -0.0414 0.0028 0.0364 0.0976 0.1335 -0.1661 -0.3311 -0.3326 -0.2809 -0.1348 -0.0348 0.0067 0.0419 0.1106 0.1039 -0.2000 -0.3327 -0.3303 -0.2703 -0.1192 -0.0301 0.0093 0.0453 0.1202 0.0817 -0.1273 0.0817 0.1202 0.0453 0.0093 -0.0301 -0.1192 -0.2703 -0.3303 -0.3327 -0.2000 0.1039 0.1106 0.0419 0.0067 -0.0348 -0.1348 -0.2809 -0.3326 -0.3311 -0.1661 0.1335 0.0976 0.0364 0.0028 -0.0414 -0.1550 -0.2916 -0.3343 -0.3290 -0.1340 0.1536 0.0869 0.0312 -0.0013 -0.0483 -0.1756 -0.3009 -0.3355 -0.3267 -0.1026 0.1651 0.0779 0.0267 -0.0058 -0.0566 -0.1958 -0.3088 -0.3360 -0.3240 -0.0491
-0.1859 -0.3359 -0.3094 -0.1977 -0.0575 -0.0062 0.0262 0.0771 0.1658 -0.0996 -0.3265 -0.3355 -0.3017 -0.1775 -0.0491 -0.0018 0.0307 0.0860 0.1551 -0.1310 -0.3288 -0.3345 -0.2926 -0.1570 -0.0420 0.0024 0.0359 0.0965 0.1358 -0.1630 -0.3309 -0.3328 -0.2820 -0.1367 -0.0355 0.0064 0.0414 0.1093 0.1068 -0.1975 -0.3326 -0.3305 -0.2705 -0.1192 -0.0300 0.0094 0.0457 0.1203 0.0810 -0.2231 -0.3274 -0.2231 0.0810 0.1203 0.0457 0.0094 -0.0300 -0.1192 -0.2705 -0.3305 -0.3326 -0.1975 0.1068 0.1093 0.0414 0.0064 -0.0355 -0.1367 -0.2820 -0.3328 -0.3309 -0.1630 0.1358 0.0965 0.0359 0.0024 -0.0420 -0.1570 -0.2926 -0.3345 -0.3288 -0.1310 0.1551 0.0860 0.0307 -0.0018 -0.0491 -0.1775 -0.3017 -0.3355 -0.3265 -0.0996 0.1658 0.0771 0.0262 -0.0062 -0.0575 -0.1977 -0.3094 -0.3359 -0.1859
-0.2121 -0.3104 -0.1994 -0.0584 -0.0066 0.0259 0.0763 0.1665 -0.0965 -0.3262 -0.3356 -0.3025 -0.1795 -0.0498 -0.0022 0.0303 0.0851 0.1564 -0.1280 -0.3286 -0.3346 -0.2935 -0.1589 -0.0427 0.0020 0.0354 0.0954 0.1381 -0.1598 -0.3307 -0.3330 -0.2831 -0.1386 -0.0361 0.0060 0.0409 0.1079 0.1100 -0.1942 -0.3325 -0.3306 -0.2712 -0.1200 -0.0301 0.0094 0.0458 0.1205 0.0831 -0.2222 -0.3351 -0.3401 -0.3351 -0.2222 0.0829 0.1205 0.0458 0.0094 -0.0301 -0.1199 -0.2712 -0.3306 -0.3325 -0.1942 0.1100 0.1079 0.0409 0.0060 -0.0361 -0.1386 -0.2831 -0.3330 -0.3307 -0.1598 0.1381 0.0954 0.0354 0.0020 -0.0427 -0.1589 -0.2935 -0.3346 -0.3286 -0.1280 0.1564 0.0851 0.0303 -0.0022 -0.0498 -0.1795 -0.3025 -0.3356 -0.3262 -0.0965 0.1665 0.0763 0.0259 -0.0066 -0.0584 -0.1994 -0.3104 -0.2121
-0.2108 -0.2038 -0.0592 -0.0070 0.0255 0.0755 0.1671 -0.0934 -0.3260 -0.3357 -0.3033 -0.1815 -0.0505 -0.0026 0.0298 0.0842 0.1577 -0.1250 -0.3284 -0.3347 -0.2944 -0.1609 -0.0433 0.0016 0.0349 0.0943 0.1403 -0.1567 -0.3305 -0.3332 -0.2841 -0.1405 -0.0367 0.0056 0.0403 0.1066 0.1131 -0.1907 -0.3324 -0.3309 -0.2723 -0.1212 -0.0305 0.0093 0.0457 0.1206 0.0820 -0.2214 -0.3332 -0.3303 -0.3123 -0.3304 -0.3332 -0.2214 0.0818 0.1205 0.0457 0.0093 -0.0304 -0.1212 -0.2724 -0.3309 -0.3324 -0.1907 0.1132 0.1066 0.0403 0.0056 -0.0367 -0.1407 -0.2843 -0.3332 -0.3305 -0.1567 0.1403 0.0943 0.0349 0.0016 -0.0433 -0.1611 -0.2946 -0.3348 -0.3284 -0.1250 0.1578 0.0842 0.0298 -0.0026 -0.0506 -0.1816 -0.3034 -0.3357 -0.3260 -0.0934 0.1672 0.0755 0.0254 -0.0070 -0.0592 -0.2040 -0.2108
-0.1528 -0.0620 -0.0078 0.0251 0.0747 0.1677 -0.0903 -0.3258 -0.3357 -0.3041 -0.1834 -0.0513 -0.0030 0.0294 0.0833 0.1589 -0.1220 -0.3282 -0.3349 -0.2954 -0.1629 -0.0440 0.0012 0.0344 0.0933 0.1423 -0.1536 -0.3303 -0.3333 -0.2852 -0.1424 -0.0373 0.0052 0.0398 0.1053 0.1161 -0.1873 -0.3322 -0.3311 -0.2735 -0.1229 -0.0310 0.0090 0.0454 0.1199 0.0825 -0.2217 -0.3335 -0.3265 -0.2628 -0.1900 -0.2623 -0.3266 -0.3334 -0.2214 0.0829 0.1203 0.0453 0.0089 -0.0311 -0.1231 -0.2736 -0.3311 -0.3321 -0.1872 0.1162 0.1056 0.0397 0.0051 -0.0375 -0.1427 -0.2852 -0.3333 -0.3303 -0.1535 0.1424 0.0935 0.0343 0.0011 -0.0442 -0.1631 -0.2954 -0.3348 -0.3281 -0.1219 0.1590 0.0834 0.0293 -0.0031 -0.0515 -0.1836 -0.3041 -0.3357 -0.3257 -0.0903 0.1677 0.0748 0.0250 -0.0079 -0.0623 -0.1527
-0.0702 -0.0060 0.0245 0.0739 0.1682 -0.0872 -0.3255 -0.3358 -0.3048 -0.1854 -0.0521 -0.0034 0.0289 0.0824 0.1601 -0.1190 -0.3280 -0.3350 -0.2963 -0.1649 -0.0446 0.0008 0.0339 0.0922 0.1443 -0.1505 -0.3301 -0.3335 -0.2862 -0.1444 -0.0379 0.0049 0.0393 0.1040 0.1191 -0.1839 -0.3320 -0.3314 -0.2747 -0.1247 -0.0316 0.0087 0.0449 0.1188 0.0846 -0.2203 -0.3335 -0.3288 -0.2583 -0.1038 -0.0440 -0.0985 -0.2506 -0.3266 -0.3332 -0.2222 0.0810 0.1202 0.0451 0.0088 -0.0315 -0.1197 -0.2692 -0.3293 -0.3319 -0.1862 0.1156 0.1052 0.0394 0.0050 -0.0379 -0.1385 -0.2812 -0.3317 -0.3301 -0.1527 0.1417 0.0931 0.0340 0.0009 -0.0446 -0.1584 -0.2917 -0.3335 -0.3281 -0.1213 0.1583 0.0830 0.0291 -0.0034 -0.0518 -0.1786 -0.3007 -0.3346 -0.3258 -0.0898 0.1671 0.0744 0.0246 -0.0058 -0.0671
-0.0289 0.0282 0.0732 0.1686 -0.0841 -0.3253 -0.3358 -0.3056 -0.1873 -0.0529 -0.0038 0.0285 0.0816 0.1612 -0.1160 -0.3277 -0.3351 -0.2971 -0.1668 -0.0453 0.0004 0.0334 0.0912 0.1462 -0.1474 -0.3299 -0.3337 -0.2873 -0.1463 -0.0386 0.0045 0.0387 0.1028 0.1220 -0.1805 -0.3319 -0.3316 -0.2759 -0.1265 -0.0322 0.0083 0.0444 0.1173 0.0878 -0.2175 -0.3335 -0.3289 -0.2644 -0.1068 -0.0216 0.0070 -0.0140 -0.0978 -0.2607 -0.3304 -0.3351 -0.2231 0.0816 0.1103 0.0477 0.0121 -0.0261 -0.1197 -0.2749 -0.3330 -0.3335 -0.1859 0.1169 0.0994 0.0423 0.0084 -0.0323 -0.1398 -0.2868 -0.3351 -0.3316 -0.1524 0.1428 0.0901 0.0370 0.0046 -0.0391 -0.1609 -0.2971 -0.3366 -0.3294 -0.1209 0.1589 0.0819 0.0320 0.0006 -0.0469 -0.1821 -0.3059 -0.3374 -0.3269 -0.0892 0.1550 0.0747 0.0311 -0.0236
0.0087 0.0724 0.1690 -0.0809 -0.3250 -0.3359 -0.3063 -0.1893 -0.0537 -0.0043 0.0281 0.0807 0.1622 -0.1130 -0.3275 -0.3352 -0.2980 -0.1688 -0.0460 0.0000 0.0329 0.0902 0.1480 -0.1444 -0.3297 -0.3338 -0.2883 -0.1483 -0.0392 0.0041 0.0382 0.1016 0.1247 -0.1772 -0.3317 -0.3318 -0.2770 -0.1284 -0.0328 0.0080 0.0438 0.1157 0.0915 -0.2140 -0.3333 -0.3291 -0.2648 -0.1117 -0.0275 0.0179 0.0343 -0.0031 -0.0444 -0.1878 -0.3114 -0.3401 -0.3274 -0.1273 0.1417 0.0834 0.0346 0.0023 -0.0536 -0.2094 -0.3188 -0.3400 -0.3246 -0.0846 0.1443 0.0764 0.0298 -0.0017 -0.0656 -0.2292 -0.3246 -0.3394 -0.3215 -0.0421 0.1431 0.0700 0.0253 -0.0062 -0.0797 -0.2472 -0.3294 -0.3385 -0.3178 0.0014 0.1394 0.0638 0.0211 -0.0113 -0.0963 -0.2633 -0.3331 -0.3371 -0.2873 0.0439 0.1245 0.0588 0.0042
