0.0073 0.0491 0.1402 0.4456 1.0000 1.0000 1.0000 0.0005 0.0015 0.0046 0.0144 0.0453 0.1424 0.4473 1.0000 1.0000 1.0000 0.0005 0.0015 0.0046 0.0145 0.0456 0.1432 0.4499 1.0000 1.0000 1.0000 0.0005 0.0015 0.0046 0.0146 0.0458 0.1440 0.4525 1.0000 1.0000 1.0000 0.0005 0.0015 0.0047 0.0147 0.0461 0.1448 0.4550 1.0000 1.0000 1.0000 0.0005 0.0015 0.0055 0.0130 0.0055 0.0015 0.0005 1.0000 1.0000 1.0000 0.4550 0.1448 0.0461 0.0147 0.0047 0.0015 0.0005 1.0000 1.0000 1.0000 0.4525 0.1440 0.0458 0.0146 0.0046 0.0015 0.0005 1.0000 1.0000 1.0000 0.4499 0.1432 0.0456 0.0145 0.0046 0.0015 0.0005 1.0000 1.0000 1.0000 0.4473 0.1424 0.0453 0.0144 0.0046 0.0015 0.0005 1.0000 1.0000 1.0000 0.4456 0.1402 0.0491 0.0073
0.0491 0.3171 0.8922 1.0000 1.0000 1.0000 0.0009 0.0030 0.0093 0.0294 0.0925 0.2905 0.9128 1.0000 1.0000 1.0000 0.0010 0.0030 0.0094 0.0296 0.0930 0.2922 0.9180 1.0000 1.0000 1.0000 0.0010 0.0030 0.0095 0.0298 0.0935 0.2938 0.9232 1.0000 1.0000 1.0000 0.0010 0.0030 0.0095 0.0299 0.0940 0.2955 0.9285 1.0000 1.0000 1.0000 0.0010 0.0030 0.0096 0.0350 0.0790 0.0350 0.0096 0.0030 0.0010 1.0000 1.0000 1.0000 0.9285 0.2955 0.0940 0.0299 0.0095 0.0030 0.0010 1.0000 1.0000 1.0000 0.9232 0.2938 0.0935 0.0298 0.0095 0.0030 0.0010 1.0000 1.0000 1.0000 0.9180 0.2922 0.0930 0.0296 0.0094 0.0030 0.0010 1.0000 1.0000 1.0000 0.9128 0.2905 0.0925 0.0294 0.0093 0.0030 0.0009 1.0000 1.0000 1.0000 0.8922 0.3171 0.0491
0.1402 0.8922 1.0000 1.0000 1.0000 0.0009 0.0027 0.0086 0.0271 0.0854 0.2687 0.8427 1.0000 1.0000 1.0000 0.0009 0.0028 0.0087 0.0273 0.0860 0.2697 0.8491 1.0000 1.0000 1.0000 0.0009 0.0028 0.0087 0.0275 0.0863 0.2718 0.8524 1.0000 1.0000 1.0000 0.0009 0.0028 0.0088 0.0276 0.0870 0.2728 0.8589 1.0000 1.0000 1.0000 0.0009 0.0028 0.0088 0.0279 0.1011 0.2269 0.1011 0.0279 0.0088 0.0028 0.0009 1.0000 1.0000 1.0000 0.8589 0.2728 0.0870 0.0276 0.0088 0.0028 0.0009 1.0000 1.0000 1.0000 0.8524 0.2718 0.0863 0.0275 0.0087 0.0028 0.0009 1.0000 1.0000 1.0000 0.8491 0.2697 0.0860 0.0273 0.0087 0.0028 0.0009 1.0000 1.0000 1.0000 0.8427 0.2687 0.0854 0.0271 0.0086 0.0027 0.0009 1.0000 1.0000 1.0000 0.8922 0.1402
0.4456 1.0000 1.0000 1.0000 0.0009 0.0028 0.0089 0.0278 0.0875 0.2749 0.8654 1.0000 1.0000 1.0000 0.0009 0.0028 0.0089 0.0281 0.0882 0.2770 0.8704 1.0000 1.0000 1.0000 0.0009 0.0029 0.0090 0.0282 0.0887 0.2786 0.8754 1.0000 1.0000 1.0000 0.0009 0.0029 0.0090 0.0284 0.0892 0.2802 0.8804 1.0000 1.0000 1.0000 0.0009 0.0029 0.0091 0.0284 0.0899 0.3256 0.7279 0.3256 0.0899 0.0284 0.0091 0.0029 0.0009 1.0000 1.0000 1.0000 0.8804 0.2802 0.0892 0.0284 0.0090 0.0029 0.0009 1.0000 1.0000 1.0000 0.8754 0.2786 0.0887 0.0282 0.0090 0.0029 0.0009 1.0000 1.0000 1.0000 0.8704 0.2770 0.0882 0.0281 0.0089 0.0028 0.0009 1.0000 1.0000 1.0000 0.8654 0.2749 0.0875 0.0278 0.0089 0.0028 0.0009 1.0000 1.0000 1.0000 0.4456
1.0000 1.0000 1.0000 0.0009 0.0028 0.0089 0.0281 0.0885 0.2781 0.8754 1.0000 1.0000 1.0000 0.0009 0.0029 0.0090 0.0284 0.0892 0.2802 0.8804 1.0000 1.0000 1.0000 0.0009 0.0029 0.0091 0.0285 0.0897 0.2818 0.8854 1.0000 1.0000 1.0000 0.0009 0.0029 0.0091 0.0287 0.0902 0.2834 0.8905 1.0000 1.0000 1.0000 0.0009 0.0029 0.0092 0.0289 0.0904 0.2861 1.0000 1.0000 1.0000 0.2861 0.0904 0.0289 0.0092 0.0029 0.0009 1.0000 1.0000 1.0000 0.8905 0.2834 0.0902 0.0287 0.0091 0.0029 0.0009 1.0000 1.0000 1.0000 0.8854 0.2818 0.0897 0.0285 0.0091 0.0029 0.0009 1.0000 1.0000 1.0000 0.8804 0.2802 0.0892 0.0284 0.0090 0.0029 0.0009 1.0000 1.0000 1.0000 0.8754 0.2781 0.0885 0.0281 0.0089 0.0028 0.0009 1.0000 1.0000 1.0000
1.0000 1.0000 0.0009 0.0028 0.0089 0.0282 0.0892 0.2813 0.8854 1.0000 1.0000 1.0000 0.0009 0.0029 0.0092 0.0288 0.0904 0.2839 0.8922 1.0000 1.0000 1.0000 0.0009 0.0029 0.0092 0.0289 0.0909 0.2856 0.8973 1.0000 1.0000 1.0000 0.0009 0.0029 0.0093 0.0291 0.0914 0.2872 0.9024 1.0000 1.0000 1.0000 0.0009 0.0030 0.0093 0.0293 0.0919 0.2877 0.9110 1.0000 1.0000 1.0000 0.9110 0.2877 0.0919 0.0293 0.0093 0.0030 0.0009 1.0000 1.0000 1.0000 0.9024 0.2872 0.0914 0.0291 0.0093 0.0029 0.0009 1.0000 1.0000 1.0000 0.8973 0.2856 0.0909 0.0289 0.0092 0.0029 0.0009 1.0000 1.0000 1.0000 0.8922 0.2839 0.0904 0.0288 0.0092 0.0029 0.0009 1.0000 1.0000 1.0000 0.8854 0.2813 0.0892 0.0282 0.0089 0.0028 0.0009 1.0000 1.0000
1.0000 0.0009 0.0027 0.0089 0.0281 0.0892 0.2823 0.8922 1.0000 1.0000 1.0000 0.0009 0.0030 0.0093 0.0291 0.0916 0.2877 0.9041 1.0000 1.0000 1.0000 0.0009 0.0030 0.0093 0.0293 0.0921 0.2894 0.9093 1.0000 1.0000 1.0000 0.0010 0.0030 0.0094 0.0295 0.0926 0.2910 0.9145 1.0000 1.0000 1.0000 0.0010 0.0030 0.0094 0.0296 0.0932 0.2927 0.9162 1.0000 1.0000 1.0000 1.0000 1.0000 0.9162 0.2927 0.0932 0.0296 0.0094 0.0030 0.0010 1.0000 1.0000 1.0000 0.9145 0.2910 0.0926 0.0295 0.0094 0.0030 0.0010 1.0000 1.0000 1.0000 0.9093 0.2894 0.0921 0.0293 0.0093 0.0030 0.0009 1.0000 1.0000 1.0000 0.9041 0.2877 0.0916 0.0291 0.0093 0.0030 0.0009 1.0000 1.0000 1.0000 0.8922 0.2823 0.0892 0.0281 0.0089 0.0027 0.0009 1.0000
0.0005 0.0030 0.0086 0.0278 0.0885 0.2813 0.8922 1.0000 1.0000 1.0000 0.0009 0.0030 0.0094 0.0295 0.0928 0.2916 0.9162 1.0000 1.0000 1.0000 0.0010 0.0030 0.0095 0.0297 0.0933 0.2933 0.9215 1.0000 1.0000 1.0000 0.0010 0.0030 0.0095 0.0299 0.0939 0.2949 0.9267 1.0000 1.0000 1.0000 0.0010 0.0030 0.0096 0.0300 0.0944 0.2966 0.9321 1.0000 1.0000 1.0000 0.0008 1.0000 1.0000 1.0000 0.9321 0.2966 0.0944 0.0300 0.0096 0.0030 0.0010 1.0000 1.0000 1.0000 0.9267 0.2949 0.0939 0.0299 0.0095 0.0030 0.0010 1.0000 1.0000 1.0000 0.9215 0.2933 0.0933 0.0297 0.0095 0.0030 0.0010 1.0000 1.0000 1.0000 0.9162 0.2916 0.0928 0.0295 0.0094 0.0030 0.0009 1.0000 1.0000 1.0000 0.8922 0.2813 0.0885 0.0278 0.0086 0.0030 0.0005
0.0015 0.0093 0.0271 0.0875 0.2781 0.8854 1.0000 1.0000 1.0000 0.0010 0.0030 0.0095 0.0299 0.0940 0.2955 0.9285 1.0000 1.0000 1.0000 0.0010 0.0030 0.0096 0.0301 0.0946 0.2972 0.9338 1.0000 1.0000 1.0000 0.0010 0.0031 0.0096 0.0303 0.0951 0.2989 0.9392 1.0000 1.0000 1.0000 0.0010 0.0031 0.0097 0.0304 0.0957 0.3006 0.9445 1.0000 1.0000 1.0000 0.0011 0.0025 0.0011 1.0000 1.0000 1.0000 0.9445 0.3006 0.0957 0.0304 0.0097 0.0031 0.0010 1.0000 1.0000 1.0000 0.9392 0.2989 0.0951 0.0303 0.0096 0.0031 0.0010 1.0000 1.0000 1.0000 0.9338 0.2972 0.0946 0.0301 0.0096 0.0030 0.0010 1.0000 1.0000 1.0000 0.9285 0.2955 0.0940 0.0299 0.0095 0.0030 0.0010 1.0000 1.0000 1.0000 0.8854 0.2781 0.0875 0.0271 0.0093 0.0015
0.0046 0.0294 0.0854 0.2749 0.8754 1.0000 1.0000 1.0000 0.0010 0.0030 0.0096 0.0302 0.0949 0.2989 0.9410 1.0000 1.0000 1.0000 0.0010 0.0031 0.0097 0.0305 0.0959 0.3012 0.9463 1.0000 1.0000 1.0000 0.0010 0.0031 0.0098 0.0307 0.0964 0.3029 0.9518 1.0000 1.0000 1.0000 0.0010 0.0031 0.0098 0.0309 0.0970 0.3046 0.9572 1.0000 1.0000 1.0000 0.0010 0.0036 0.0081 0.0036 0.0010 1.0000 1.0000 1.0000 0.9572 0.3046 0.0970 0.0309 0.0098 0.0031 0.0010 1.0000 1.0000 1.0000 0.9518 0.3029 0.0964 0.0307 0.0098 0.0031 0.0010 1.0000 1.0000 1.0000 0.9463 0.3012 0.0959 0.0305 0.0097 0.0031 0.0010 1.0000 1.0000 1.0000 0.9410 0.2989 0.0949 0.0302 0.0096 0.0030 0.0010 1.0000 1.0000 1.0000 0.8754 0.2749 0.0854 0.0294 0.0046
0.0144 0.0925 0.2687 0.8654 1.0000 1.0000 1.0000 0.0009 0.0030 0.0096 0.0303 0.0957 0.3018 0.9499 1.0000 1.0000 1.0000 0.0010 0.0031 0.0098 0.0309 0.0971 0.3052 0.9590 1.0000 1.0000 1.0000 0.0010 0.0031 0.0099 0.0311 0.0977 0.3070 0.9645 1.0000 1.0000 1.0000 0.0010 0.0032 0.0100 0.0313 0.0983 0.3087 0.9700 1.0000 1.0000 1.0000 0.0010 0.0032 0.0116 0.0258 0.0116 0.0032 0.0010 1.0000 1.0000 1.0000 0.9700 0.3087 0.0983 0.0313 0.0100 0.0032 0.0010 1.0000 1.0000 1.0000 0.9645 0.3070 0.0977 0.0311 0.0099 0.0031 0.0010 1.0000 1.0000 1.0000 0.9590 0.3052 0.0971 0.0309 0.0098 0.0031 0.0010 1.0000 1.0000 1.0000 0.9499 0.3018 0.0957 0.0303 0.0096 0.0030 0.0009 1.0000 1.0000 1.0000 0.8654 0.2687 0.0925 0.0144
0.0453 0.2905 0.8427 1.0000 1.0000 1.0000 0.0009 0.0030 0.0095 0.0302 0.0957 0.3029 0.9572 1.0000 1.0000 1.0000 0.0010 0.0032 0.0100 0.0313 0.0984 0.3093 0.9719 1.0000 1.0000 1.0000 0.0010 0.0032 0.0100 0.0315 0.0990 0.3111 0.9774 1.0000 1.0000 1.0000 0.0010 0.0032 0.0101 0.0317 0.0996 0.3129 0.9830 1.0000 1.0000 1.0000 0.0010 0.0032 0.0102 0.0368 0.0822 0.0368 0.0102 0.0032 0.0010 1.0000 1.0000 1.0000 0.9830 0.3129 0.0996 0.0317 0.0101 0.0032 0.0010 1.0000 1.0000 1.0000 0.9774 0.3111 0.0990 0.0315 0.0100 0.0032 0.0010 1.0000 1.0000 1.0000 0.9719 0.3093 0.0984 0.0313 0.0100 0.0032 0.0010 1.0000 1.0000 1.0000 0.9572 0.3029 0.0957 0.0302 0.0095 0.0030 0.0009 1.0000 1.0000 1.0000 0.8427 0.2905 0.0453
0.1424 0.9128 1.0000 1.0000 1.0000 0.0009 0.0030 0.0094 0.0299 0.0949 0.3018 0.9572 1.0000 1.0000 1.0000 0.0010 0.0032 0.0101 0.0317 0.0998 0.3135 0.9849 1.0000 1.0000 1.0000 0.0010 0.0032 0.0102 0.0319 0.1003 0.3152 0.9905 1.0000 1.0000 1.0000 0.0010 0.0033 0.0102 0.0321 0.1009 0.3171 0.9962 1.0000 1.0000 1.0000 0.0010 0.0033 0.0102 0.0324 0.1173 0.2616 0.1173 0.0324 0.0102 0.0033 0.0010 1.0000 1.0000 1.0000 0.9962 0.3171 0.1009 0.0321 0.0102 0.0033 0.0010 1.0000 1.0000 1.0000 0.9905 0.3152 0.1003 0.0319 0.0102 0.0032 0.0010 1.0000 1.0000 1.0000 0.9849 0.3135 0.0998 0.0317 0.0101 0.0032 0.0010 1.0000 1.0000 1.0000 0.9572 0.3018 0.0949 0.0299 0.0094 0.0030 0.0009 1.0000 1.0000 1.0000 0.9128 0.1424
0.4473 1.0000 1.0000 1.0000 0.0009 0.0029 0.0093 0.0295 0.0940 0.2989 0.9499 1.0000 1.0000 1.0000 0.0010 0.0032 0.0102 0.0321 0.1011 0.3177 0.9981 1.0000 1.0000 1.0000 0.0010 0.0033 0.0103 0.0324 0.1017 0.3195 1.0000 1.0000 1.0000 1.0000 0.0010 0.0033 0.0104 0.0325 0.1023 0.3213 1.0000 1.0000 1.0000 1.0000 0.0011 0.0033 0.0104 0.0326 0.1032 0.3734 0.8331 0.3734 0.1032 0.0326 0.0104 0.0033 0.0011 1.0000 1.0000 1.0000 1.0000 0.3213 0.1023 0.0325 0.0104 0.0033 0.0010 1.0000 1.0000 1.0000 1.0000 0.3195 0.1017 0.0324 0.0103 0.0033 0.0010 1.0000 1.0000 1.0000 0.9981 0.3177 0.1011 0.0321 0.0102 0.0032 0.0010 1.0000 1.0000 1.0000 0.9499 0.2989 0.0940 0.0295 0.0093 0.0029 0.0009 1.0000 1.0000 1.0000 0.4473
1.0000 1.0000 1.0000 0.0009 0.0029 0.0092 0.0291 0.0928 0.2955 0.9410 1.0000 1.0000 1.0000 0.0010 0.0033 0.0103 0.0324 0.1021 0.3213 1.0000 1.0000 1.0000 1.0000 0.0011 0.0033 0.0104 0.0328 0.1030 0.3238 1.0000 1.0000 1.0000 1.0000 0.0011 0.0033 0.0105 0.0330 0.1036 0.3256 1.0000 1.0000 1.0000 1.0000 0.0011 0.0034 0.0106 0.0332 0.1038 0.3287 1.0000 1.0000 1.0000 0.3287 0.1038 0.0332 0.0106 0.0034 0.0011 1.0000 1.0000 1.0000 1.0000 0.3256 0.1036 0.0330 0.0105 0.0033 0.0011 1.0000 1.0000 1.0000 1.0000 0.3238 0.1030 0.0328 0.0104 0.0033 0.0011 1.0000 1.0000 1.0000 1.0000 0.3213 0.1021 0.0324 0.0103 0.0033 0.0010 1.0000 1.0000 1.0000 0.9410 0.2955 0.0928 0.0291 0.0092 0.0029 0.0009 1.0000 1.0000 1.0000
1.0000 1.0000 0.0009 0.0028 0.0090 0.0288 0.0916 0.2916 0.9285 1.0000 1.0000 1.0000 0.0010 0.0032 0.0103 0.0325 0.1028 0.3244 1.0000 1.0000 1.0000 1.0000 0.0011 0.0034 0.0106 0.0332 0.1044 0.3281 1.0000 1.0000 1.0000 1.0000 0.0011 0.0034 0.0106 0.0334 0.1050 0.3300 1.0000 1.0000 1.0000 1.0000 0.0011 0.0034 0.0107 0.0336 0.1056 0.3306 1.0000 1.0000 1.0000 1.0000 1.0000 0.3306 0.1056 0.0336 0.0107 0.0034 0.0011 1.0000 1.0000 1.0000 1.0000 0.3300 0.1050 0.0334 0.0106 0.0034 0.0011 1.0000 1.0000 1.0000 1.0000 0.3281 0.1044 0.0332 0.0106 0.0034 0.0011 1.0000 1.0000 1.0000 1.0000 0.3244 0.1028 0.0325 0.0103 0.0032 0.0010 1.0000 1.0000 1.0000 0.9285 0.2916 0.0916 0.0288 0.0090 0.0028 0.0009 1.0000 1.0000
1.0000 0.0010 0.0028 0.0089 0.0284 0.0904 0.2877 0.9162 1.0000 1.0000 1.0000 0.0010 0.0032 0.0102 0.0324 0.1028 0.3256 1.0000 1.0000 1.0000 1.0000 0.0011 0.0034 0.0107 0.0337 0.1058 0.3325 1.0000 1.0000 1.0000 1.0000 0.0011 0.0034 0.0108 0.0339 0.1064 0.3344 1.0000 1.0000 1.0000 1.0000 0.0011 0.0035 0.0108 0.0341 0.1070 0.3363 1.0000 1.0000 1.0000 1.0000 1.0000 1.0000 1.0000 0.3363 0.1070 0.0341 0.0108 0.0035 0.0011 1.0000 1.0000 1.0000 1.0000 0.3344 0.1064 0.0339 0.0108 0.0034 0.0011 1.0000 1.0000 1.0000 1.0000 0.3325 0.1058 0.0337 0.0107 0.0034 0.0011 1.0000 1.0000 1.0000 1.0000 0.3256 0.1028 0.0324 0.0102 0.0032 0.0010 1.0000 1.0000 1.0000 0.9162 0.2877 0.0904 0.0284 0.0089 0.0028 0.0010 1.0000
0.0005 0.0030 0.0087 0.0281 0.0892 0.2839 0.9041 1.0000 1.0000 1.0000 0.0010 0.0032 0.0101 0.0321 0.1021 0.3244 1.0000 1.0000 1.0000 1.0000 0.0011 0.0035 0.0109 0.0341 0.1072 0.3369 1.0000 1.0000 1.0000 1.0000 0.0011 0.0035 0.0109 0.0343 0.1078 0.3389 1.0000 1.0000 1.0000 1.0000 0.0011 0.0035 0.0110 0.0345 0.1085 0.3408 1.0000 1.0000 1.0000 1.0000 0.0009 1.0000 1.0000 1.0000 1.0000 0.3408 0.1085 0.0345 0.0110 0.0035 0.0011 1.0000 1.0000 1.0000 1.0000 0.3389 0.1078 0.0343 0.0109 0.0035 0.0011 1.0000 1.0000 1.0000 1.0000 0.3369 0.1072 0.0341 0.0109 0.0035 0.0011 1.0000 1.0000 1.0000 1.0000 0.3244 0.1021 0.0321 0.0101 0.0032 0.0010 1.0000 1.0000 1.0000 0.9041 0.2839 0.0892 0.0281 0.0087 0.0030 0.0005
0.0015 0.0094 0.0273 0.0882 0.2802 0.8922 1.0000 1.0000 1.0000 0.0010 0.0031 0.0100 0.0317 0.1011 0.3213 1.0000 1.0000 1.0000 1.0000 0.0011 0.0035 0.0110 0.0345 0.1087 0.3415 1.0000 1.0000 1.0000 1.0000 0.0011 0.0035 0.0111 0.0348 0.1093 0.3434 1.0000 1.0000 1.0000 1.0000 0.0011 0.0035 0.0111 0.0350 0.1099 0.3454 1.0000 1.0000 1.0000 1.0000 0.0013 0.0029 0.0013 1.0000 1.0000 1.0000 1.0000 0.3454 0.1099 0.0350 0.0111 0.0035 0.0011 1.0000 1.0000 1.0000 1.0000 0.3434 0.1093 0.0348 0.0111 0.0035 0.0011 1.0000 1.0000 1.0000 1.0000 0.3415 0.1087 0.0345 0.0110 0.0035 0.0011 1.0000 1.0000 1.0000 1.0000 0.3213 0.1011 0.0317 0.0100 0.0031 0.0010 1.0000 1.0000 1.0000 0.8922 0.2802 0.0882 0.0273 0.0094 0.0015
0.0046 0.0296 0.0860 0.2770 0.8804 1.0000 1.0000 1.0000 0.0010 0.0031 0.0098 0.0313 0.0998 0.3177 1.0000 1.0000 1.0000 1.0000 0.0011 0.0035 0.0110 0.0349 0.1097 0.3454 1.0000 1.0000 1.0000 1.0000 0.0011 0.0036 0.0112 0.0353 0.1108 0.3480 1.0000 1.0000 1.0000 1.0000 0.0011 0.0036 0.0113 0.0355 0.1114 0.3500 1.0000 1.0000 1.0000 1.0000 0.0012 0.0042 0.0093 0.0042 0.0012 1.0000 1.0000 1.0000 1.0000 0.3500 0.1114 0.0355 0.0113 0.0036 0.0011 1.0000 1.0000 1.0000 1.0000 0.3480 0.1108 0.0353 0.0112 0.0036 0.0011 1.0000 1.0000 1.0000 1.0000 0.3454 0.1097 0.0349 0.0110 0.0035 0.0011 1.0000 1.0000 1.0000 1.0000 0.3177 0.0998 0.0313 0.0098 0.0031 0.0010 1.0000 1.0000 1.0000 0.8804 0.2770 0.0860 0.0296 0.0046
0.0145 0.0930 0.2697 0.8704 1.0000 1.0000 1.0000 0.0010 0.0030 0.0097 0.0309 0.0984 0.3135 0.9981 1.0000 1.0000 1.0000 0.0011 0.0035 0.0110 0.0350 0.1105 0.3487 1.0000 1.0000 1.0000 1.0000 0.0012 0.0036 0.0114 0.0357 0.1122 0.3527 1.0000 1.0000 1.0000 1.0000 0.0012 0.0036 0.0114 0.0359 0.1129 0.3547 1.0000 1.0000 1.0000 1.0000 0.0012 0.0037 0.0133 0.0296 0.0133 0.0037 0.0012 1.0000 1.0000 1.0000 1.0000 0.3547 0.1129 0.0359 0.0114 0.0036 0.0012 1.0000 1.0000 1.0000 1.0000 0.3527 0.1122 0.0357 0.0114 0.0036 0.0012 1.0000 1.0000 1.0000 1.0000 0.3487 0.1105 0.0350 0.0110 0.0035 0.0011 1.0000 1.0000 1.0000 0.9981 0.3135 0.0984 0.0309 0.0097 0.0030 0.0010 1.0000 1.0000 1.0000 0.8704 0.2697 0.0930 0.0145
0.0456 0.2922 0.8491 1.0000 1.0000 1.0000 0.0009 0.0030 0.0096 0.0305 0.0971 0.3093 0.9849 1.0000 1.0000 1.0000 0.0011 0.0035 0.0110 0.0349 0.1105 0.3500 1.0000 1.0000 1.0000 1.0000 0.0012 0.0037 0.0115 0.0362 0.1137 0.3574 1.0000 1.0000 1.0000 1.0000 0.0012 0.0037 0.0116 0.0364 0.1144 0.3595 1.0000 1.0000 1.0000 1.0000 0.0012 0.0037 0.0117 0.0423 0.0944 0.0423 0.0117 0.0037 0.0012 1.0000 1.0000 1.0000 1.0000 0.3595 0.1144 0.0364 0.0116 0.0037 0.0012 1.0000 1.0000 1.0000 1.0000 0.3574 0.1137 0.0362 0.0115 0.0037 0.0012 1.0000 1.0000 1.0000 1.0000 0.3500 0.1105 0.0349 0.0110 0.0035 0.0011 1.0000 1.0000 1.0000 0.9849 0.3093 0.0971 0.0305 0.0096 0.0030 0.0009 1.0000 1.0000 1.0000 0.8491 0.2922 0.0456
0.1432 0.9180 1.0000 1.0000 1.0000 0.0009 0.0030 0.0095 0.0301 0.0959 0.3052 0.9719 1.0000 1.0000 1.0000 0.0011 0.0034 0.0109 0.0345 0.1097 0.3487 1.0000 1.0000 1.0000 1.0000 0.0012 0.0037 0.0117 0.0367 0.1153 0.3622 1.0000 1.0000 1.0000 1.0000 0.0012 0.0037 0.0117 0.0369 0.1159 0.3643 1.0000 1.0000 1.0000 1.0000 0.0012 0.0038 0.0118 0.0372 0.1347 0.3006 0.1347 0.0372 0.0118 0.0038 0.0012 1.0000 1.0000 1.0000 1.0000 0.3643 0.1159 0.0369 0.0117 0.0037 0.0012 1.0000 1.0000 1.0000 1.0000 0.3622 0.1153 0.0367 0.0117 0.0037 0.0012 1.0000 1.0000 1.0000 1.0000 0.3487 0.1097 0.0345 0.0109 0.0034 0.0011 1.0000 1.0000 1.0000 0.9719 0.3052 0.0959 0.0301 0.0095 0.0030 0.0009 1.0000 1.0000 1.0000 0.9180 0.1432
0.4499 1.0000 1.0000 1.0000 0.0009 0.0029 0.0093 0.0297 0.0946 0.3012 0.9590 1.0000 1.0000 1.0000 0.0011 0.0034 0.0107 0.0341 0.1087 0.3454 1.0000 1.0000 1.0000 1.0000 0.0012 0.0037 0.0118 0.0371 0.1168 0.3671 1.0000 1.0000 1.0000 1.0000 0.0012 0.0038 0.0119 0.0374 0.1175 0.3692 1.0000 1.0000 1.0000 1.0000 0.0012 0.0038 0.0120 0.0375 0.1186 0.4290 0.9572 0.4290 0.1186 0.0375 0.0120 0.0038 0.0012 1.0000 1.0000 1.0000 1.0000 0.3692 0.1175 0.0374 0.0119 0.0038 0.0012 1.0000 1.0000 1.0000 1.0000 0.3671 0.1168 0.0371 0.0118 0.0037 0.0012 1.0000 1.0000 1.0000 1.0000 0.3454 0.1087 0.0341 0.0107 0.0034 0.0011 1.0000 1.0000 1.0000 0.9590 0.3012 0.0946 0.0297 0.0093 0.0029 0.0009 1.0000 1.0000 1.0000 0.4499
1.0000 1.0000 1.0000 0.0009 0.0029 0.0092 0.0293 0.0933 0.2972 0.9463 1.0000 1.0000 1.0000 0.0010 0.0033 0.0106 0.0337 0.1072 0.3415 1.0000 1.0000 1.0000 1.0000 0.0012 0.0038 0.0119 0.0375 0.1182 0.3713 1.0000 1.0000 1.0000 1.0000 0.0012 0.0038 0.0121 0.0379 0.1191 0.3741 1.0000 1.0000 1.0000 1.0000 0.0012 0.0039 0.0121 0.0381 0.1193 0.3777 1.0000 1.0000 1.0000 0.3777 0.1193 0.0381 0.0121 0.0039 0.0012 1.0000 1.0000 1.0000 1.0000 0.3741 0.1191 0.0379 0.0121 0.0038 0.0012 1.0000 1.0000 1.0000 1.0000 0.3713 0.1179 0.0374 0.0119 0.0038 0.0012 1.0000 1.0000 1.0000 1.0000 0.3415 0.1072 0.0337 0.0106 0.0033 0.0010 1.0000 1.0000 1.0000 0.9463 0.2972 0.0933 0.0293 0.0092 0.0029 0.0009 1.0000 1.0000 1.0000
1.0000 1.0000 0.0009 0.0029 0.0091 0.0289 0.0921 0.2933 0.9338 1.0000 1.0000 1.0000 0.0010 0.0033 0.0104 0.0332 0.1058 0.3369 1.0000 1.0000 1.0000 1.0000 0.0012 0.0037 0.0119 0.0375 0.1188 0.3741 1.0000 1.0000 1.0000 1.0000 0.0012 0.0039 0.0122 0.0384 0.1207 0.3791 1.0000 1.0000 1.0000 1.0000 0.0012 0.0039 0.0123 0.0386 0.1213 0.3798 1.0000 1.0000 1.0000 1.0000 1.0000 0.3798 0.1213 0.0386 0.0123 0.0039 0.0012 1.0000 1.0000 1.0000 1.0000 0.3791 0.1207 0.0384 0.0122 0.0039 0.0012 1.0000 1.0000 1.0000 1.0000 0.3741 0.1186 0.0375 0.0119 0.0037 0.0012 1.0000 1.0000 1.0000 1.0000 0.3369 0.1058 0.0332 0.0104 0.0033 0.0010 1.0000 1.0000 1.0000 0.9338 0.2933 0.0921 0.0289 0.0091 0.0029 0.0009 1.0000 1.0000
1.0000 0.0010 0.0028 0.0090 0.0285 0.0909 0.2894 0.9215 1.0000 1.0000 1.0000 0.0010 0.0032 0.0103 0.0328 0.1044 0.3325 1.0000 1.0000 1.0000 1.0000 0.0012 0.0037 0.0118 0.0374 0.1186 0.3755 1.0000 1.0000 1.0000 1.0000 0.0013 0.0039 0.0124 0.0389 0.1223 0.3842 1.0000 1.0000 1.0000 1.0000 0.0013 0.0040 0.0125 0.0391 0.1230 0.3864 1.0000 1.0000 1.0000 1.0000 1.0000 1.0000 1.0000 0.3864 0.1230 0.0391 0.0125 0.0040 0.0013 1.0000 1.0000 1.0000 1.0000 0.3842 0.1223 0.0389 0.0124 0.0039 0.0013 1.0000 1.0000 1.0000 1.0000 0.3755 0.1186 0.0374 0.0118 0.0037 0.0012 1.0000 1.0000 1.0000 1.0000 0.3325 0.1044 0.0328 0.0103 0.0032 0.0010 1.0000 1.0000 1.0000 0.9215 0.2894 0.0909 0.0285 0.0090 0.0028 0.0010 1.0000
0.0005 0.0030 0.0087 0.0282 0.0897 0.2856 0.9093 1.0000 1.0000 1.0000 0.0010 0.0032 0.0102 0.0324 0.1030 0.3281 1.0000 1.0000 1.0000 1.0000 0.0012 0.0037 0.0117 0.0371 0.1179 0.3741 1.0000 1.0000 1.0000 1.0000 0.0013 0.0040 0.0126 0.0394 0.1239 0.3893 1.0000 1.0000 1.0000 1.0000 0.0013 0.0040 0.0126 0.0397 0.1246 0.3916 1.0000 1.0000 1.0000 1.0000 0.0011 1.0000 1.0000 1.0000 1.0000 0.3916 0.1246 0.0397 0.0126 0.0040 0.0013 1.0000 1.0000 1.0000 1.0000 0.3893 0.1239 0.0394 0.0126 0.0040 0.0013 1.0000 1.0000 1.0000 1.0000 0.3741 0.1179 0.0371 0.0117 0.0037 0.0012 1.0000 1.0000 1.0000 1.0000 0.3281 0.1030 0.0324 0.0102 0.0032 0.0010 1.0000 1.0000 1.0000 0.9093 0.2856 0.0897 0.0282 0.0087 0.0030 0.0005
0.0015 0.0095 0.0275 0.0887 0.2818 0.8973 1.0000 1.0000 1.0000 0.0010 0.0031 0.0100 0.0319 0.1017 0.3238 1.0000 1.0000 1.0000 1.0000 0.0011 0.0036 0.0115 0.0367 0.1168 0.3713 1.0000 1.0000 1.0000 1.0000 0.0013 0.0040 0.0127 0.0399 0.1256 0.3946 1.0000 1.0000 1.0000 1.0000 0.0013 0.0041 0.0128 0.0402 0.1263 0.3968 1.0000 1.0000 1.0000 1.0000 0.0015 0.0034 0.0015 1.0000 1.0000 1.0000 1.0000 0.3968 0.1263 0.0402 0.0128 0.0041 0.0013 1.0000 1.0000 1.0000 1.0000 0.3946 0.1256 0.0399 0.0127 0.0040 0.0013 1.0000 1.0000 1.0000 1.0000 0.3713 0.1168 0.0367 0.0115 0.0036 0.0011 1.0000 1.0000 1.0000 1.0000 0.3238 0.1017 0.0319 0.0100 0.0031 0.0010 1.0000 1.0000 1.0000 0.8973 0.2818 0.0887 0.0275 0.0095 0.0015
0.0046 0.0298 0.0863 0.2786 0.8854 1.0000 1.0000 1.0000 0.0010 0.0031 0.0099 0.0315 0.1003 0.3195 1.0000 1.0000 1.0000 1.0000 0.0011 0.0036 0.0114 0.0362 0.1153 0.3671 1.0000 1.0000 1.0000 1.0000 0.0013 0.0040 0.0127 0.0402 0.1268 0.3991 1.0000 1.0000 1.0000 1.0000 0.0013 0.0041 0.0130 0.0407 0.1280 0.4021 1.0000 1.0000 1.0000 1.0000 0.0013 0.0048 0.0107 0.0048 0.0013 1.0000 1.0000 1.0000 1.0000 0.4021 0.1280 0.0407 0.0130 0.0041 0.0013 1.0000 1.0000 1.0000 1.0000 0.3991 0.1268 0.0402 0.0127 0.0040 0.0013 1.0000 1.0000 1.0000 1.0000 0.3671 0.1153 0.0362 0.0114 0.0036 0.0011 1.0000 1.0000 1.0000 1.0000 0.3195 0.1003 0.0315 0.0099 0.0031 0.0010 1.0000 1.0000 1.0000 0.8854 0.2786 0.0863 0.0298 0.0046
0.0146 0.0935 0.2718 0.8754 1.0000 1.0000 1.0000 0.0010 0.0031 0.0098 0.0311 0.0990 0.3152 1.0000 1.0000 1.0000 1.0000 0.0011 0.0035 0.0112 0.0357 0.1137 0.3622 1.0000 1.0000 1.0000 1.0000 0.0013 0.0040 0.0127 0.0403 0.1275 0.4021 1.0000 1.0000 1.0000 1.0000 0.0013 0.0042 0.0131 0.0413 0.1297 0.4075 1.0000 1.0000 1.0000 1.0000 0.0013 0.0042 0.0153 0.0341 0.0153 0.0042 0.0013 1.0000 1.0000 1.0000 1.0000 0.4075 0.1297 0.0413 0.0131 0.0042 0.0013 1.0000 1.0000 1.0000 1.0000 0.4021 0.1275 0.0403 0.0127 0.0040 0.0013 1.0000 1.0000 1.0000 1.0000 0.3622 0.1137 0.0357 0.0112 0.0035 0.0011 1.0000 1.0000 1.0000 1.0000 0.3152 0.0990 0.0311 0.0098 0.0031 0.0010 1.0000 1.0000 1.0000 0.8754 0.2718 0.0935 0.0146
0.0458 0.2938 0.8524 1.0000 1.0000 1.0000 0.0010 0.0030 0.0096 0.0307 0.0977 0.3111 0.9905 1.0000 1.0000 1.0000 0.0011 0.0035 0.0111 0.0353 0.1122 0.3574 1.0000 1.0000 1.0000 1.0000 0.0013 0.0040 0.0127 0.0402 0.1275 0.4037 1.0000 1.0000 1.0000 1.0000 0.0013 0.0042 0.0133 0.0418 0.1314 0.4130 1.0000 1.0000 1.0000 1.0000 0.0014 0.0042 0.0134 0.0486 0.1085 0.0486 0.0134 0.0042 0.0014 1.0000 1.0000 1.0000 1.0000 0.4130 0.1314 0.0418 0.0133 0.0042 0.0013 1.0000 1.0000 1.0000 1.0000 0.4037 0.1275 0.0402 0.0127 0.0040 0.0013 1.0000 1.0000 1.0000 1.0000 0.3574 0.1122 0.0353 0.0111 0.0035 0.0011 1.0000 1.0000 1.0000 0.9905 0.3111 0.0977 0.0307 0.0096 0.0030 0.0010 1.0000 1.0000 1.0000 0.8524 0.2938 0.0458
0.1440 0.9232 1.0000 1.0000 1.0000 0.0009 0.0030 0.0095 0.0303 0.0964 0.3070 0.9774 1.0000 1.0000 1.0000 0.0011 0.0034 0.0109 0.0348 0.1108 0.3527 1.0000 1.0000 1.0000 1.0000 0.0012 0.0039 0.0126 0.0399 0.1268 0.4021 1.0000 1.0000 1.0000 1.0000 0.0014 0.0043 0.0135 0.0424 0.1332 0.4185 1.0000 1.0000 1.0000 1.0000 0.0014 0.0043 0.0135 0.0428 0.1548 0.3454 0.1548 0.0428 0.0135 0.0043 0.0014 1.0000 1.0000 1.0000 1.0000 0.4185 0.1332 0.0424 0.0135 0.0043 0.0014 1.0000 1.0000 1.0000 1.0000 0.4021 0.1268 0.0399 0.0126 0.0039 0.0012 1.0000 1.0000 1.0000 1.0000 0.3527 0.1108 0.0348 0.0109 0.0034 0.0011 1.0000 1.0000 1.0000 0.9774 0.3070 0.0964 0.0303 0.0095 0.0030 0.0009 1.0000 1.0000 1.0000 0.9232 0.1440
0.4525 1.0000 1.0000 1.0000 0.0009 0.0029 0.0094 0.0299 0.0951 0.3029 0.9645 1.0000 1.0000 1.0000 0.0011 0.0034 0.0108 0.0343 0.1093 0.3480 1.0000 1.0000 1.0000 1.0000 0.0012 0.0039 0.0124 0.0394 0.1256 0.3991 1.0000 1.0000 1.0000 1.0000 0.0014 0.0043 0.0136 0.0429 0.1350 0.4241 1.0000 1.0000 1.0000 1.0000 0.0014 0.0044 0.0138 0.0430 0.1363 0.4929 1.0000 0.4929 0.1363 0.0430 0.0138 0.0044 0.0014 1.0000 1.0000 1.0000 1.0000 0.4241 0.1350 0.0429 0.0136 0.0043 0.0014 1.0000 1.0000 1.0000 1.0000 0.3991 0.1256 0.0394 0.0124 0.0039 0.0012 1.0000 1.0000 1.0000 1.0000 0.3480 0.1093 0.0343 0.0108 0.0034 0.0011 1.0000 1.0000 1.0000 0.9645 0.3029 0.0951 0.0299 0.0094 0.0029 0.0009 1.0000 1.0000 1.0000 0.4525
1.0000 1.0000 1.0000 0.0009 0.0029 0.0093 0.0295 0.0939 0.2989 0.9518 1.0000 1.0000 1.0000 0.0010 0.0033 0.0106 0.0339 0.1078 0.3434 1.0000 1.0000 1.0000 1.0000 0.0012 0.0038 0.0122 0.0389 0.1239 0.3946 1.0000 1.0000 1.0000 1.0000 0.0014 0.0043 0.0137 0.0432 0.1363 0.4290 1.0000 1.0000 1.0000 1.0000 0.0014 0.0044 0.0139 0.0438 0.1371 0.4339 1.0000 1.0000 1.0000 0.4339 0.1371 0.0438 0.0139 0.0044 0.0014 1.0000 1.0000 1.0000 1.0000 0.4290 0.1363 0.0432 0.0137 0.0043 0.0014 1.0000 1.0000 1.0000 1.0000 0.3946 0.1239 0.0389 0.0122 0.0038 0.0012 1.0000 1.0000 1.0000 1.0000 0.3434 0.1078 0.0339 0.0106 0.0033 0.0010 1.0000 1.0000 1.0000 0.9518 0.2989 0.0939 0.0295 0.0093 0.0029 0.0009 1.0000 1.0000 1.0000
1.0000 1.0000 0.0009 0.0029 0.0091 0.0291 0.0926 0.2949 0.9392 1.0000 1.0000 1.0000 0.0010 0.0033 0.0105 0.0334 0.1064 0.3389 1.0000 1.0000 1.0000 1.0000 0.0012 0.0038 0.0121 0.0384 0.1223 0.3893 1.0000 1.0000 1.0000 1.0000 0.0014 0.0043 0.0137 0.0434 0.1371 0.4323 1.0000 1.0000 1.0000 1.0000 0.0014 0.0045 0.0141 0.0444 0.1394 0.4364 1.0000 1.0000 1.0000 1.0000 1.0000 0.4364 0.1394 0.0444 0.0141 0.0045 0.0014 1.0000 1.0000 1.0000 1.0000 0.4323 0.1371 0.0434 0.0137 0.0043 0.0014 1.0000 1.0000 1.0000 1.0000 0.3893 0.1223 0.0384 0.0121 0.0038 0.0012 1.0000 1.0000 1.0000 1.0000 0.3389 0.1064 0.0334 0.0105 0.0033 0.0010 1.0000 1.0000 1.0000 0.9392 0.2949 0.0926 0.0291 0.0091 0.0029 0.0009 1.0000 1.0000
1.0000 0.0010 0.0028 0.0090 0.0287 0.0914 0.2910 0.9267 1.0000 1.0000 1.0000 0.0010 0.0033 0.0104 0.0330 0.1050 0.3344 1.0000 1.0000 1.0000 1.0000 0.0012 0.0037 0.0119 0.0379 0.1207 0.3842 1.0000 1.0000 1.0000 1.0000 0.0013 0.0043 0.0136 0.0432 0.1371 0.4339 1.0000 1.0000 1.0000 1.0000 0.0014 0.0046 0.0143 0.0450 0.1413 0.4439 1.0000 1.0000 1.0000 1.0000 1.0000 1.0000 1.0000 0.4439 0.1413 0.0450 0.0143 0.0046 0.0014 1.0000 1.0000 1.0000 1.0000 0.4339 0.1371 0.0432 0.0136 0.0043 0.0013 1.0000 1.0000 1.0000 1.0000 0.3842 0.1207 0.0379 0.0119 0.0037 0.0012 1.0000 1.0000 1.0000 1.0000 0.3344 0.1050 0.0330 0.0104 0.0033 0.0010 1.0000 1.0000 1.0000 0.9267 0.2910 0.0914 0.0287 0.0090 0.0028 0.0010 1.0000
0.0005 0.0030 0.0088 0.0284 0.0902 0.2872 0.9145 1.0000 1.0000 1.0000 0.0010 0.0032 0.0102 0.0325 0.1036 0.3300 1.0000 1.0000 1.0000 1.0000 0.0012 0.0037 0.0117 0.0374 0.1191 0.3791 1.0000 1.0000 1.0000 1.0000 0.0013 0.0042 0.0135 0.0429 0.1363 0.4323 1.0000 1.0000 1.0000 1.0000 0.0015 0.0046 0.0145 0.0456 0.1432 0.4499 1.0000 1.0000 1.0000 1.0000 0.0012 1.0000 1.0000 1.0000 1.0000 0.4499 0.1432 0.0456 0.0145 0.0046 0.0015 1.0000 1.0000 1.0000 1.0000 0.4323 0.1363 0.0429 0.0135 0.0042 0.0013 1.0000 1.0000 1.0000 1.0000 0.3791 0.1191 0.0374 0.0117 0.0037 0.0012 1.0000 1.0000 1.0000 1.0000 0.3300 0.1036 0.0325 0.0102 0.0032 0.0010 1.0000 1.0000 1.0000 0.9145 0.2872 0.0902 0.0284 0.0088 0.0030 0.0005
0.0015 0.0095 0.0276 0.0892 0.2834 0.9024 1.0000 1.0000 1.0000 0.0010 0.0032 0.0101 0.0321 0.1023 0.3256 1.0000 1.0000 1.0000 1.0000 0.0011 0.0036 0.0116 0.0369 0.1175 0.3741 1.0000 1.0000 1.0000 1.0000 0.0013 0.0042 0.0133 0.0424 0.1350 0.4290 1.0000 1.0000 1.0000 1.0000 0.0015 0.0046 0.0146 0.0461 0.1451 0.4559 1.0000 1.0000 1.0000 1.0000 0.0017 0.0039 0.0017 1.0000 1.0000 1.0000 1.0000 0.4559 0.1451 0.0461 0.0146 0.0046 0.0015 1.0000 1.0000 1.0000 1.0000 0.4290 0.1350 0.0424 0.0133 0.0042 0.0013 1.0000 1.0000 1.0000 1.0000 0.3741 0.1175 0.0369 0.0116 0.0036 0.0011 1.0000 1.0000 1.0000 1.0000 0.3256 0.1023 0.0321 0.0101 0.0032 0.0010 1.0000 1.0000 1.0000 0.9024 0.2834 0.0892 0.0276 0.0095 0.0015
0.0047 0.0299 0.0870 0.2802 0.8905 1.0000 1.0000 1.0000 0.0010 0.0031 0.0100 0.0317 0.1009 0.3213 1.0000 1.0000 1.0000 1.0000 0.0011 0.0036 0.0114 0.0364 0.1159 0.3692 1.0000 1.0000 1.0000 1.0000 0.0013 0.0041 0.0131 0.0418 0.1332 0.4241 1.0000 1.0000 1.0000 1.0000 0.0015 0.0047 0.0147 0.0464 0.1465 0.4611 1.0000 1.0000 1.0000 1.0000 0.0015 0.0055 0.0123 0.0055 0.0015 1.0000 1.0000 1.0000 1.0000 0.4611 0.1465 0.0464 0.0147 0.0047 0.0015 1.0000 1.0000 1.0000 1.0000 0.4241 0.1332 0.0418 0.0131 0.0041 0.0013 1.0000 1.0000 1.0000 1.0000 0.3692 0.1159 0.0364 0.0114 0.0036 0.0011 1.0000 1.0000 1.0000 1.0000 0.3213 0.1009 0.0317 0.0100 0.0031 0.0010 1.0000 1.0000 1.0000 0.8905 0.2802 0.0870 0.0299 0.0047
0.0147 0.0940 0.2728 0.8804 1.0000 1.0000 1.0000 0.0010 0.0031 0.0098 0.0313 0.0996 0.3171 1.0000 1.0000 1.0000 1.0000 0.0011 0.0035 0.0113 0.0359 0.1144 0.3643 1.0000 1.0000 1.0000 1.0000 0.0013 0.0041 0.0130 0.0413 0.1314 0.4185 1.0000 1.0000 1.0000 1.0000 0.0015 0.0046 0.0147 0.0466 0.1473 0.4647 1.0000 1.0000 1.0000 1.0000 0.0015 0.0048 0.0175 0.0391 0.0175 0.0048 0.0015 1.0000 1.0000 1.0000 1.0000 0.4647 0.1473 0.0466 0.0147 0.0046 0.0015 1.0000 1.0000 1.0000 1.0000 0.4185 0.1314 0.0413 0.0130 0.0041 0.0013 1.0000 1.0000 1.0000 1.0000 0.3643 0.1144 0.0359 0.0113 0.0035 0.0011 1.0000 1.0000 1.0000 1.0000 0.3171 0.0996 0.0313 0.0098 0.0031 0.0010 1.0000 1.0000 1.0000 0.8804 0.2728 0.0940 0.0147
0.0461 0.2955 0.8589 1.0000 1.0000 1.0000 0.0010 0.0030 0.0097 0.0309 0.0983 0.3129 0.9962 1.0000 1.0000 1.0000 0.0011 0.0035 0.0111 0.0355 0.1129 0.3595 1.0000 1.0000 1.0000 1.0000 0.0013 0.0040 0.0128 0.0407 0.1297 0.4130 1.0000 1.0000 1.0000 1.0000 0.0014 0.0046 0.0146 0.0464 0.1473 0.4664 1.0000 1.0000 1.0000 1.0000 0.0016 0.0049 0.0154 0.0559 0.1246 0.0559 0.0154 0.0049 0.0016 1.0000 1.0000 1.0000 1.0000 0.4664 0.1473 0.0464 0.0146 0.0046 0.0014 1.0000 1.0000 1.0000 1.0000 0.4130 0.1297 0.0407 0.0128 0.0040 0.0013 1.0000 1.0000 1.0000 1.0000 0.3595 0.1129 0.0355 0.0111 0.0035 0.0011 1.0000 1.0000 1.0000 0.9962 0.3129 0.0983 0.0309 0.0097 0.0030 0.0010 1.0000 1.0000 1.0000 0.8589 0.2955 0.0461
0.1448 0.9285 1.0000 1.0000 1.0000 0.0009 0.0030 0.0096 0.0304 0.0970 0.3087 0.9830 1.0000 1.0000 1.0000 0.0011 0.0035 0.0110 0.0350 0.1114 0.3547 1.0000 1.0000 1.0000 1.0000 0.0012 0.0040 0.0126 0.0402 0.1280 0.4075 1.0000 1.0000 1.0000 1.0000 0.0014 0.0046 0.0145 0.0461 0.1465 0.4647 1.0000 1.0000 1.0000 1.0000 0.0016 0.0050 0.0155 0.0491 0.1778 0.3968 0.1778 0.0491 0.0155 0.0050 0.0016 1.0000 1.0000 1.0000 1.0000 0.4647 0.1465 0.0461 0.0145 0.0046 0.0014 1.0000 1.0000 1.0000 1.0000 0.4075 0.1280 0.0402 0.0126 0.0040 0.0012 1.0000 1.0000 1.0000 1.0000 0.3547 0.1114 0.0350 0.0110 0.0035 0.0011 1.0000 1.0000 1.0000 0.9830 0.3087 0.0970 0.0304 0.0096 0.0030 0.0009 1.0000 1.0000 1.0000 0.9285 0.1448
0.4550 1.0000 1.0000 1.0000 0.0009 0.0030 0.0094 0.0300 0.0957 0.3046 0.9700 1.0000 1.0000 1.0000 0.0011 0.0034 0.0108 0.0345 0.1099 0.3500 1.0000 1.0000 1.0000 1.0000 0.0012 0.0039 0.0125 0.0397 0.1263 0.4021 1.0000 1.0000 1.0000 1.0000 0.0014 0.0045 0.0143 0.0456 0.1451 0.4611 1.0000 1.0000 1.0000 1.0000 0.0016 0.0050 0.0157 0.0494 0.1563 0.5663 1.0000 0.5663 0.1563 0.0494 0.0157 0.0050 0.0016 1.0000 1.0000 1.0000 1.0000 0.4611 0.1451 0.0456 0.0143 0.0045 0.0014 1.0000 1.0000 1.0000 1.0000 0.4021 0.1263 0.0397 0.0125 0.0039 0.0012 1.0000 1.0000 1.0000 1.0000 0.3500 0.1099 0.0345 0.0108 0.0034 0.0011 1.0000 1.0000 1.0000 0.9700 0.3046 0.0957 0.0300 0.0094 0.0030 0.0009 1.0000 1.0000 1.0000 0.4550
1.0000 1.0000 1.0000 0.0009 0.0029 0.0093 0.0296 0.0944 0.3006 0.9572 1.0000 1.0000 1.0000 0.0011 0.0034 0.0107 0.0341 0.1085 0.3454 1.0000 1.0000 1.0000 1.0000 0.0012 0.0039 0.0123 0.0391 0.1246 0.3968 1.0000 1.0000 1.0000 1.0000 0.0014 0.0044 0.0141 0.0450 0.1432 0.4559 1.0000 1.0000 1.0000 1.0000 0.0016 0.0050 0.0158 0.0500 0.1566 0.4967 1.0000 1.0000 1.0000 0.4967 0.1566 0.0500 0.0158 0.0050 0.0016 1.0000 1.0000 1.0000 1.0000 0.4559 0.1432 0.0450 0.0141 0.0044 0.0014 1.0000 1.0000 1.0000 1.0000 0.3968 0.1246 0.0391 0.0123 0.0039 0.0012 1.0000 1.0000 1.0000 1.0000 0.3454 0.1085 0.0341 0.0107 0.0034 0.0011 1.0000 1.0000 1.0000 0.9572 0.3006 0.0944 0.0296 0.0093 0.0029 0.0009 1.0000 1.0000 1.0000
1.0000 1.0000 0.0009 0.0029 0.0092 0.0293 0.0932 0.2966 0.9445 1.0000 1.0000 1.0000 0.0010 0.0033 0.0106 0.0336 0.1070 0.3408 1.0000 1.0000 1.0000 1.0000 0.0012 0.0038 0.0121 0.0386 0.1230 0.3916 1.0000 1.0000 1.0000 1.0000 0.0014 0.0044 0.0139 0.0444 0.1413 0.4499 1.0000 1.0000 1.0000 1.0000 0.0016 0.0050 0.0158 0.0501 0.1584 0.4976 1.0000 1.0000 1.0000 1.0000 1.0000 0.4985 0.1584 0.0501 0.0158 0.0050 0.0016 1.0000 1.0000 1.0000 1.0000 0.4499 0.1413 0.0444 0.0139 0.0044 0.0014 1.0000 1.0000 1.0000 1.0000 0.3916 0.1230 0.0386 0.0121 0.0038 0.0012 1.0000 1.0000 1.0000 1.0000 0.3408 0.1070 0.0336 0.0106 0.0033 0.0010 1.0000 1.0000 1.0000 0.9445 0.2966 0.0932 0.0293 0.0092 0.0029 0.0009 1.0000 1.0000
1.0000 0.0010 0.0028 0.0091 0.0289 0.0919 0.2927 0.9321 1.0000 1.0000 1.0000 0.0010 0.0033 0.0104 0.0332 0.1056 0.3363 1.0000 1.0000 1.0000 1.0000 0.0012 0.0038 0.0120 0.0381 0.1213 0.3864 1.0000 1.0000 1.0000 1.0000 0.0014 0.0043 0.0138 0.0438 0.1394 0.4439 1.0000 1.0000 1.0000 1.0000 0.0016 0.0050 0.0157 0.0499 0.1584 0.5014 1.0000 1.0000 1.0000 1.0000 1.0000 1.0000 1.0000 0.5024 0.1584 0.0500 0.0157 0.0050 0.0016 1.0000 1.0000 1.0000 1.0000 0.4439 0.1394 0.0438 0.0138 0.0043 0.0014 1.0000 1.0000 1.0000 1.0000 0.3864 0.1213 0.0381 0.0120 0.0038 0.0012 1.0000 1.0000 1.0000 1.0000 0.3363 0.1056 0.0332 0.0104 0.0033 0.0010 1.0000 1.0000 1.0000 0.9321 0.2927 0.0919 0.0289 0.0091 0.0028 0.0010 1.0000
0.0005 0.0030 0.0089 0.0285 0.0907 0.2888 0.9197 1.0000 1.0000 1.0000 0.0010 0.0032 0.0103 0.0327 0.1042 0.3319 1.0000 1.0000 1.0000 1.0000 0.0012 0.0037 0.0118 0.0376 0.1197 0.3813 1.0000 1.0000 1.0000 1.0000 0.0013 0.0043 0.0136 0.0432 0.1376 0.4381 1.0000 1.0000 1.0000 1.0000 0.0015 0.0049 0.0156 0.0495 0.1575 0.5004 1.0000 1.0000 1.0000 1.0000 0.0014 1.0000 1.0000 1.0000 1.0000 0.4976 0.1566 0.0494 0.0155 0.0049 0.0015 1.0000 1.0000 1.0000 1.0000 0.4364 0.1371 0.0430 0.0135 0.0042 0.0013 1.0000 1.0000 1.0000 1.0000 0.3798 0.1193 0.0375 0.0118 0.0037 0.0012 1.0000 1.0000 1.0000 1.0000 0.3306 0.1038 0.0326 0.0102 0.0032 0.0010 1.0000 1.0000 1.0000 0.9162 0.2877 0.0904 0.0284 0.0088 0.0030 0.0005
0.0015 0.0096 0.0278 0.0897 0.2850 0.9076 1.0000 1.0000 1.0000 0.0010 0.0032 0.0101 0.0323 0.1028 0.3275 1.0000 1.0000 1.0000 1.0000 0.0011 0.0037 0.0117 0.0371 0.1182 0.3762 1.0000 1.0000 1.0000 1.0000 0.0013 0.0042 0.0134 0.0426 0.1358 0.4323 1.0000 1.0000 1.0000 1.0000 0.0015 0.0048 0.0154 0.0490 0.1560 0.4957 1.0000 1.0000 1.0000 1.0000 0.0019 0.0044 0.0020 1.0000 1.0000 1.0000 1.0000 0.4967 0.1563 0.0491 0.0154 0.0048 0.0015 1.0000 1.0000 1.0000 1.0000 0.4339 0.1363 0.0428 0.0134 0.0042 0.0013 1.0000 1.0000 1.0000 1.0000 0.3777 0.1186 0.0372 0.0117 0.0037 0.0012 1.0000 1.0000 1.0000 1.0000 0.3287 0.1032 0.0324 0.0102 0.0032 0.0010 1.0000 1.0000 1.0000 0.9110 0.2861 0.0899 0.0279 0.0096 0.0015
0.0047 0.0301 0.0875 0.2818 0.8956 1.0000 1.0000 1.0000 0.0010 0.0031 0.0100 0.0319 0.1015 0.3231 1.0000 1.0000 1.0000 1.0000 0.0011 0.0036 0.0115 0.0366 0.1166 0.3713 1.0000 1.0000 1.0000 1.0000 0.0013 0.0041 0.0132 0.0421 0.1340 0.4266 1.0000 1.0000 1.0000 1.0000 0.0015 0.0048 0.0152 0.0483 0.1539 0.4901 1.0000 1.0000 1.0000 1.0000 0.0017 0.0061 0.0148 0.0075 0.0020 1.0000 1.0000 1.0000 1.0000 0.5663 0.1778 0.0559 0.0175 0.0055 0.0017 1.0000 1.0000 1.0000 1.0000 0.4929 0.1548 0.0486 0.0153 0.0048 0.0015 1.0000 1.0000 1.0000 1.0000 0.4290 0.1347 0.0423 0.0133 0.0042 0.0013 1.0000 1.0000 1.0000 1.0000 0.3734 0.1173 0.0368 0.0116 0.0036 0.0011 1.0000 1.0000 1.0000 1.0000 0.3256 0.1011 0.0350 0.0055
0.0148 0.0946 0.2744 0.8854 1.0000 1.0000 1.0000 0.0010 0.0031 0.0099 0.0314 0.1001 0.3189 1.0000 1.0000 1.0000 1.0000 0.0011 0.0036 0.0113 0.0361 0.1151 0.3664 1.0000 1.0000 1.0000 1.0000 0.0013 0.0041 0.0130 0.0415 0.1322 0.4209 1.0000 1.0000 1.0000 1.0000 0.0015 0.0047 0.0150 0.0477 0.1519 0.4836 1.0000 1.0000 1.0000 1.0000 0.0017 0.0053 0.0220 0.0416 0.0104 0.0044 0.0014 1.0000 1.0000 1.0000 1.0000 0.3968 0.1246 0.0391 0.0123 0.0039 0.0012 1.0000 1.0000 1.0000 1.0000 0.3454 0.1085 0.0341 0.0107 0.0034 0.0011 1.0000 1.0000 1.0000 0.9572 0.3006 0.0944 0.0296 0.0093 0.0029 0.0009 1.0000 1.0000 1.0000 0.8331 0.2616 0.0822 0.0258 0.0081 0.0025 0.0008 1.0000 1.0000 1.0000 0.7279 0.2269 0.0790 0.0130
0.0464 0.2972 0.8638 1.0000 1.0000 1.0000 0.0010 0.0031 0.0097 0.0310 0.0988 0.3146 1.0000 1.0000 1.0000 1.0000 0.0011 0.0035 0.0112 0.0357 0.1135 0.3615 1.0000 1.0000 1.0000 1.0000 0.0013 0.0040 0.0129 0.0410 0.1304 0.4153 1.0000 1.0000 1.0000 1.0000 0.0015 0.0046 0.0148 0.0471 0.1499 0.4772 1.0000 1.0000 1.0000 1.0000 0.0017 0.0053 0.0178 0.0673 0.0217 0.0014 0.0018 1.0000 1.0000 1.0000 1.0000 0.5652 0.1778 0.0559 0.0175 0.0055 0.0017 1.0000 1.0000 1.0000 1.0000 0.4929 0.1548 0.0486 0.0153 0.0048 0.0015 1.0000 1.0000 1.0000 1.0000 0.4290 0.1347 0.0423 0.0133 0.0042 0.0013 1.0000 1.0000 1.0000 1.0000 0.3734 0.1173 0.0368 0.0116 0.0036 0.0011 1.0000 1.0000 1.0000 1.0000 0.3256 0.1011 0.0350 0.0055
0.1451 0.9285 1.0000 1.0000 1.0000 0.0009 0.0030 0.0096 0.0305 0.0971 0.3093 0.9849 1.0000 1.0000 1.0000 0.0011 0.0035 0.0110 0.0350 0.1116 0.3554 1.0000 1.0000 1.0000 1.0000 0.0012 0.0040 0.0126 0.0403 0.1282 0.4083 1.0000 1.0000 1.0000 1.0000 0.0014 0.0046 0.0145 0.0463 0.1473 0.4691 1.0000 1.0000 1.0000 1.0000 0.0016 0.0052 0.0166 0.0549 0.1775 0.2334 1.0000 1.0000 1.0000 1.0000 1.0000 0.4967 0.1566 0.0491 0.0154 0.0048 0.0015 1.0000 1.0000 1.0000 1.0000 0.4339 0.1363 0.0428 0.0134 0.0042 0.0013 1.0000 1.0000 1.0000 1.0000 0.3777 0.1186 0.0372 0.0117 0.0037 0.0012 1.0000 1.0000 1.0000 1.0000 0.3287 0.1032 0.0324 0.0102 0.0032 0.0010 1.0000 1.0000 1.0000 0.9110 0.2861 0.0899 0.0279 0.0096 0.0015
0.4638 1.0000 1.0000 1.0000 0.0009 0.0030 0.0095 0.0303 0.0966 0.3075 0.9793 1.0000 1.0000 1.0000 0.0011 0.0034 0.0109 0.0349 0.1110 0.3534 1.0000 1.0000 1.0000 1.0000 0.0012 0.0039 0.0126 0.0400 0.1275 0.4060 1.0000 1.0000 1.0000 1.0000 0.0014 0.0045 0.0144 0.0460 0.1465 0.4664 1.0000 1.0000 1.0000 1.0000 0.0016 0.0052 0.0166 0.0528 0.1722 0.5308 0.9536 1.0000 1.0000 1.0000 1.0000 0.4967 0.1572 0.0494 0.0155 0.0049 0.0015 1.0000 1.0000 1.0000 1.0000 0.4364 0.1371 0.0430 0.0135 0.0042 0.0013 1.0000 1.0000 1.0000 1.0000 0.3798 0.1193 0.0375 0.0118 0.0037 0.0012 1.0000 1.0000 1.0000 1.0000 0.3306 0.1038 0.0326 0.0102 0.0032 0.0010 1.0000 1.0000 1.0000 0.9162 0.2877 0.0904 0.0284 0.0088 0.0030 0.0005
1.0000 1.0000 1.0000 0.0011 0.0034 0.0108 0.0345 0.1097 0.3493 1.0000 1.0000 1.0000 1.0000 0.0012 0.0039 0.0124 0.0396 0.1261 0.4014 1.0000 1.0000 1.0000 1.0000 0.0014 0.0045 0.0143 0.0455 0.1448 0.4611 1.0000 1.0000 1.0000 1.0000 0.0016 0.0052 0.0164 0.0523 0.1664 0.5298 1.0000 1.0000 1.0000 1.0000 0.0019 0.0059 0.0189 0.0603 0.1923 0.6157 1.0000 1.0000 1.0000 1.0000 1.0000 0.4995 0.1587 0.0500 0.0157 0.0050 0.0016 1.0000 1.0000 1.0000 1.0000 0.4439 0.1394 0.0438 0.0138 0.0043 0.0014 1.0000 1.0000 1.0000 1.0000 0.3864 0.1213 0.0381 0.0120 0.0038 0.0012 1.0000 1.0000 1.0000 1.0000 0.3363 0.1056 0.0332 0.0104 0.0033 0.0010 1.0000 1.0000 1.0000 0.9321 0.2927 0.0919 0.0289 0.0091 0.0028 0.0010 1.0000
1.0000 1.0000 1.0000 0.0024 0.0076 0.0241 0.0767 0.2443 0.7780 1.0000 1.0000 1.0000 0.0009 0.0027 0.0087 0.0277 0.0882 0.2807 0.8939 1.0000 1.0000 1.0000 0.0010 0.0031 0.0100 0.0318 0.1013 0.3225 1.0000 1.0000 1.0000 1.0000 0.0011 0.0036 0.0115 0.0365 0.1164 0.3706 1.0000 1.0000 1.0000 1.0000 0.0013 0.0041 0.0130 0.0414 0.1312 0.4153 1.0000 1.0000 1.0000 1.0000 1.0000 0.4920 0.1590 0.0502 0.0158 0.0050 0.0016 1.0000 1.0000 1.0000 1.0000 0.4499 0.1413 0.0444 0.0139 0.0044 0.0014 1.0000 1.0000 1.0000 1.0000 0.3916 0.1230 0.0386 0.0121 0.0038 0.0012 1.0000 1.0000 1.0000 1.0000 0.3408 0.1070 0.0336 0.0106 0.0033 0.0010 1.0000 1.0000 1.0000 0.9445 0.2966 0.0932 0.0293 0.0092 0.0029 0.0009 1.0000 1.0000
