0.3215 0.2902 0.3381 0.3881 0.4182 0.4287 0.4221 0.3917 0.3144 0.2499 0.2575 0.2909 0.3383 0.3883 0.4183 0.4287 0.4220 0.3915 0.3139 0.2498 0.2577 0.2911 0.3386 0.3885 0.4184 0.4287 0.4219 0.3912 0.3134 0.2497 0.2578 0.2913 0.3389 0.3887 0.4185 0.4287 0.4218 0.3910 0.3129 0.2496 0.2579 0.2915 0.3391 0.3889 0.4186 0.4287 0.4218 0.3909 0.3113 0.2495 0.2481 0.2495 0.3113 0.3909 0.4218 0.4287 0.4186 0.3889 0.3391 0.2915 0.2579 0.2496 0.3129 0.3910 0.4218 0.4287 0.4185 0.3887 0.3389 0.2913 0.2578 0.2497 0.3134 0.3912 0.4219 0.4287 0.4184 0.3885 0.3386 0.2911 0.2577 0.2498 0.3139 0.3915 0.4220 0.4287 0.4183 0.3883 0.3383 0.2909 0.2575 0.2499 0.3144 0.3917 0.4221 0.4287 0.4182 0.3881 0.3381 0.2902 0.3215
0.2902 0.3197 0.3889 0.4248 0.4275 0.4088 0.3650 0.2675 0.1844 0.2020 0.2530 0.3201 0.3894 0.4248 0.4275 0.4086 0.3647 0.2669 0.1843 0.2023 0.2534 0.3204 0.3897 0.4249 0.4275 0.4085 0.3644 0.2663 0.1842 0.2025 0.2536 0.3208 0.3900 0.4250 0.4274 0.4083 0.3640 0.2657 0.1841 0.2027 0.2540 0.3211 0.3903 0.4250 0.4274 0.4082 0.3637 0.2651 0.1849 0.2044 0.2279 0.2044 0.1849 0.2651 0.3637 0.4082 0.4274 0.4250 0.3903 0.3211 0.2540 0.2027 0.1841 0.2657 0.3640 0.4083 0.4274 0.4250 0.3900 0.3208 0.2536 0.2025 0.1842 0.2663 0.3644 0.4085 0.4275 0.4249 0.3897 0.3204 0.2534 0.2023 0.1843 0.2669 0.3647 0.4086 0.4275 0.4248 0.3894 0.3201 0.2530 0.2020 0.1844 0.2675 0.3650 0.4088 0.4275 0.4248 0.3889 0.3197 0.2902
0.3381 0.3889 0.4228 0.4255 0.4080 0.3644 0.2661 0.1841 0.2024 0.2537 0.3208 0.3896 0.4232 0.4254 0.4078 0.3639 0.2654 0.1840 0.2027 0.2541 0.3212 0.3899 0.4232 0.4254 0.4076 0.3636 0.2648 0.1839 0.2030 0.2543 0.3216 0.3902 0.4233 0.4253 0.4075 0.3633 0.2642 0.1838 0.2032 0.2547 0.3219 0.3905 0.4234 0.4253 0.4073 0.3630 0.2635 0.1837 0.2052 0.2573 0.2900 0.2573 0.2052 0.1837 0.2635 0.3630 0.4073 0.4253 0.4234 0.3905 0.3219 0.2547 0.2032 0.1838 0.2642 0.3633 0.4075 0.4253 0.4233 0.3902 0.3216 0.2543 0.2030 0.1839 0.2648 0.3636 0.4076 0.4254 0.4232 0.3899 0.3212 0.2541 0.2027 0.1840 0.2654 0.3639 0.4078 0.4254 0.4232 0.3896 0.3208 0.2537 0.2024 0.1841 0.2661 0.3644 0.4080 0.4255 0.4228 0.3889 0.3381
0.3881 0.4248 0.4255 0.4079 0.3639 0.2651 0.1839 0.2029 0.2543 0.3216 0.3903 0.4235 0.4255 0.4074 0.3632 0.2640 0.1838 0.2032 0.2547 0.3221 0.3906 0.4236 0.4254 0.4073 0.3629 0.2633 0.1837 0.2034 0.2550 0.3224 0.3909 0.4236 0.4254 0.4072 0.3625 0.2627 0.1836 0.2037 0.2553 0.3228 0.3912 0.4237 0.4253 0.4070 0.3622 0.2621 0.1834 0.2038 0.2580 0.3264 0.3639 0.3264 0.2580 0.2038 0.1834 0.2621 0.3622 0.4070 0.4253 0.4237 0.3912 0.3228 0.2553 0.2037 0.1836 0.2627 0.3625 0.4072 0.4254 0.4236 0.3909 0.3224 0.2550 0.2034 0.1837 0.2633 0.3629 0.4073 0.4254 0.4236 0.3906 0.3221 0.2547 0.2032 0.1838 0.2640 0.3632 0.4074 0.4255 0.4235 0.3903 0.3216 0.2543 0.2029 0.1839 0.2651 0.3639 0.4079 0.4255 0.4248 0.3881
0.4182 0.4275 0.4080 0.3639 0.2647 0.1838 0.2033 0.2550 0.3224 0.3909 0.4236 0.4253 0.4071 0.3624 0.2625 0.1835 0.2037 0.2554 0.3229 0.3912 0.4237 0.4253 0.4070 0.3621 0.2619 0.1834 0.2039 0.2557 0.3233 0.3915 0.4238 0.4252 0.4068 0.3618 0.2613 0.1833 0.2042 0.2560 0.3236 0.3918 0.4238 0.4252 0.4067 0.3615 0.2606 0.1832 0.2043 0.2563 0.3264 0.3955 0.4174 0.3955 0.3264 0.2563 0.2043 0.1832 0.2606 0.3615 0.4067 0.4252 0.4238 0.3918 0.3236 0.2560 0.2042 0.1833 0.2613 0.3618 0.4068 0.4252 0.4238 0.3915 0.3233 0.2557 0.2039 0.1834 0.2619 0.3621 0.4070 0.4253 0.4237 0.3912 0.3229 0.2554 0.2037 0.1835 0.2625 0.3624 0.4071 0.4253 0.4236 0.3909 0.3224 0.2550 0.2033 0.1838 0.2647 0.3639 0.4080 0.4275 0.4182
0.4287 0.4088 0.3644 0.2651 0.1838 0.2035 0.2554 0.3231 0.3915 0.4238 0.4252 0.4068 0.3617 0.2610 0.1833 0.2042 0.2561 0.3238 0.3919 0.4238 0.4252 0.4066 0.3613 0.2604 0.1832 0.2044 0.2564 0.3241 0.3922 0.4239 0.4251 0.4065 0.3610 0.2598 0.1831 0.2047 0.2567 0.3245 0.3924 0.4240 0.4251 0.4063 0.3607 0.2592 0.1830 0.2049 0.2570 0.3247 0.3940 0.4253 0.4256 0.4253 0.3940 0.3247 0.2570 0.2049 0.1830 0.2592 0.3607 0.4063 0.4251 0.4240 0.3924 0.3245 0.2567 0.2047 0.1831 0.2598 0.3610 0.4065 0.4251 0.4239 0.3922 0.3241 0.2564 0.2044 0.1832 0.2604 0.3613 0.4066 0.4252 0.4238 0.3919 0.3238 0.2561 0.2042 0.1833 0.2610 0.3617 0.4068 0.4252 0.4238 0.3915 0.3231 0.2554 0.2035 0.1838 0.2651 0.3644 0.4088 0.4287
0.4221 0.3650 0.2661 0.1839 0.2033 0.2554 0.3234 0.3918 0.4239 0.4252 0.4065 0.3610 0.2596 0.1831 0.2047 0.2568 0.3246 0.3925 0.4240 0.4251 0.4063 0.3606 0.2590 0.1830 0.2050 0.2571 0.3250 0.3928 0.4240 0.4250 0.4061 0.3602 0.2584 0.1829 0.2052 0.2574 0.3253 0.3931 0.4241 0.4250 0.4060 0.3599 0.2577 0.1829 0.2054 0.2577 0.3256 0.3932 0.4242 0.4236 0.4100 0.4236 0.4242 0.3932 0.3256 0.2577 0.2054 0.1829 0.2577 0.3599 0.4060 0.4250 0.4241 0.3931 0.3253 0.2574 0.2052 0.1829 0.2584 0.3602 0.4061 0.4250 0.4240 0.3928 0.3250 0.2571 0.2050 0.1830 0.2590 0.3606 0.4063 0.4251 0.4240 0.3925 0.3246 0.2568 0.2047 0.1831 0.2596 0.3610 0.4065 0.4252 0.4239 0.3918 0.3234 0.2554 0.2033 0.1839 0.2661 0.3650 0.4221
0.3917 0.2675 0.1841 0.2029 0.2550 0.3231 0.3918 0.4239 0.4251 0.4063 0.3604 0.2584 0.1829 0.2052 0.2575 0.3254 0.3932 0.4241 0.4250 0.4060 0.3598 0.2575 0.1828 0.2055 0.2578 0.3258 0.3934 0.4242 0.4249 0.4058 0.3595 0.2569 0.1827 0.2057 0.2581 0.3262 0.3937 0.4242 0.4249 0.4057 0.3591 0.2563 0.1827 0.2059 0.2585 0.3265 0.3939 0.4243 0.4248 0.4018 0.3703 0.4018 0.4248 0.4243 0.3939 0.3265 0.2585 0.2059 0.1827 0.2563 0.3591 0.4057 0.4249 0.4242 0.3937 0.3262 0.2581 0.2057 0.1827 0.2569 0.3595 0.4058 0.4249 0.4242 0.3934 0.3258 0.2578 0.2055 0.1828 0.2575 0.3598 0.4060 0.4250 0.4241 0.3932 0.3254 0.2575 0.2052 0.1829 0.2584 0.3604 0.4063 0.4251 0.4239 0.3918 0.3231 0.2550 0.2029 0.1841 0.2675 0.3917
0.3144 0.1844 0.2024 0.2543 0.3224 0.3915 0.4239 0.4251 0.4062 0.3600 0.2574 0.1828 0.2057 0.2582 0.3263 0.3938 0.4243 0.4249 0.4056 0.3590 0.2561 0.1826 0.2060 0.2586 0.3267 0.3941 0.4243 0.4248 0.4055 0.3587 0.2555 0.1826 0.2062 0.2589 0.3270 0.3943 0.4244 0.4248 0.4053 0.3583 0.2548 0.1825 0.2064 0.2592 0.3274 0.3946 0.4244 0.4248 0.4051 0.3519 0.2894 0.3519 0.4051 0.4248 0.4244 0.3946 0.3274 0.2592 0.2064 0.1825 0.2548 0.3583 0.4053 0.4248 0.4244 0.3943 0.3270 0.2589 0.2062 0.1826 0.2555 0.3587 0.4055 0.4248 0.4243 0.3941 0.3267 0.2586 0.2060 0.1826 0.2561 0.3590 0.4056 0.4249 0.4243 0.3938 0.3263 0.2582 0.2057 0.1828 0.2574 0.3600 0.4062 0.4251 0.4239 0.3915 0.3224 0.2543 0.2024 0.1844 0.3144
0.2499 0.2020 0.2537 0.3216 0.3909 0.4238 0.4252 0.4063 0.3600 0.2570 0.1827 0.2060 0.2588 0.3270 0.3944 0.4244 0.4247 0.4053 0.3582 0.2546 0.1825 0.2065 0.2593 0.3275 0.3947 0.4245 0.4247 0.4051 0.3579 0.2540 0.1824 0.2067 0.2596 0.3279 0.3949 0.4245 0.4246 0.4050 0.3576 0.2534 0.1824 0.2069 0.2599 0.3282 0.3952 0.4246 0.4246 0.4049 0.3570 0.2506 0.1852 0.2506 0.3570 0.4049 0.4246 0.4246 0.3952 0.3282 0.2599 0.2069 0.1824 0.2534 0.3576 0.4050 0.4246 0.4245 0.3949 0.3279 0.2596 0.2067 0.1824 0.2540 0.3579 0.4051 0.4247 0.4245 0.3947 0.3275 0.2593 0.2065 0.1825 0.2546 0.3582 0.4053 0.4247 0.4244 0.3944 0.3270 0.2588 0.2060 0.1827 0.2570 0.3600 0.4063 0.4252 0.4238 0.3909 0.3216 0.2537 0.2020 0.2499
0.2575 0.2530 0.3208 0.3903 0.4236 0.4252 0.4065 0.3604 0.2574 0.1827 0.2062 0.2591 0.3276 0.3949 0.4245 0.4246 0.4049 0.3574 0.2532 0.1823 0.2070 0.2600 0.3284 0.3953 0.4246 0.4246 0.4048 0.3571 0.2526 0.1823 0.2072 0.2603 0.3287 0.3956 0.4246 0.4245 0.4046 0.3568 0.2520 0.1822 0.2074 0.2606 0.3291 0.3958 0.4247 0.4245 0.4044 0.3566 0.2508 0.1823 0.1878 0.1823 0.2508 0.3566 0.4044 0.4245 0.4247 0.3958 0.3291 0.2606 0.2074 0.1822 0.2520 0.3568 0.4046 0.4245 0.4246 0.3956 0.3287 0.2603 0.2072 0.1823 0.2526 0.3571 0.4048 0.4246 0.4246 0.3953 0.3284 0.2600 0.2070 0.1823 0.2532 0.3574 0.4049 0.4246 0.4245 0.3949 0.3276 0.2591 0.2062 0.1827 0.2574 0.3604 0.4065 0.4252 0.4236 0.3903 0.3208 0.2530 0.2575
0.2909 0.3201 0.3896 0.4235 0.4253 0.4068 0.3610 0.2584 0.1828 0.2060 0.2591 0.3278 0.3952 0.4246 0.4245 0.4046 0.3567 0.2518 0.1822 0.2075 0.2607 0.3292 0.3959 0.4247 0.4245 0.4044 0.3563 0.2511 0.1821 0.2077 0.2610 0.3296 0.3962 0.4248 0.4244 0.4042 0.3559 0.2505 0.1821 0.2080 0.2613 0.3299 0.3964 0.4248 0.4244 0.4041 0.3556 0.2499 0.1831 0.2096 0.2340 0.2096 0.1831 0.2499 0.3556 0.4041 0.4244 0.4248 0.3964 0.3299 0.2613 0.2080 0.1821 0.2505 0.3559 0.4042 0.4244 0.4248 0.3962 0.3296 0.2610 0.2077 0.1821 0.2511 0.3563 0.4044 0.4245 0.4247 0.3959 0.3292 0.2607 0.2075 0.1822 0.2518 0.3567 0.4046 0.4245 0.4246 0.3952 0.3278 0.2591 0.2060 0.1828 0.2584 0.3610 0.4068 0.4253 0.4235 0.3896 0.3201 0.2909
0.3383 0.3894 0.4232 0.4255 0.4071 0.3617 0.2596 0.1829 0.2057 0.2588 0.3276 0.3952 0.4246 0.4245 0.4044 0.3561 0.2505 0.1821 0.2080 0.2614 0.3300 0.3965 0.4248 0.4243 0.4040 0.3555 0.2497 0.1820 0.2083 0.2617 0.3304 0.3968 0.4249 0.4243 0.4039 0.3551 0.2491 0.1820 0.2085 0.2620 0.3308 0.3970 0.4249 0.4242 0.4037 0.3548 0.2485 0.1819 0.2106 0.2646 0.2981 0.2646 0.2106 0.1819 0.2485 0.3548 0.4037 0.4242 0.4249 0.3970 0.3308 0.2620 0.2085 0.1820 0.2491 0.3551 0.4039 0.4243 0.4249 0.3968 0.3304 0.2617 0.2083 0.1820 0.2497 0.3555 0.4040 0.4243 0.4248 0.3965 0.3300 0.2614 0.2080 0.1821 0.2505 0.3561 0.4044 0.4245 0.4246 0.3952 0.3276 0.2588 0.2057 0.1829 0.2596 0.3617 0.4071 0.4255 0.4232 0.3894 0.3383
0.3883 0.4248 0.4254 0.4074 0.3624 0.2610 0.1831 0.2052 0.2582 0.3270 0.3949 0.4246 0.4245 0.4043 0.3557 0.2496 0.1820 0.2085 0.2621 0.3309 0.3971 0.4250 0.4242 0.4037 0.3547 0.2483 0.1819 0.2088 0.2624 0.3313 0.3973 0.4250 0.4242 0.4035 0.3543 0.2477 0.1819 0.2090 0.2628 0.3316 0.3976 0.4251 0.4241 0.4034 0.3540 0.2471 0.1818 0.2092 0.2655 0.3353 0.3724 0.3353 0.2655 0.2092 0.1818 0.2471 0.3540 0.4034 0.4241 0.4251 0.3976 0.3316 0.2628 0.2090 0.1819 0.2477 0.3543 0.4035 0.4242 0.4250 0.3973 0.3313 0.2624 0.2088 0.1819 0.2483 0.3547 0.4037 0.4242 0.4250 0.3971 0.3309 0.2621 0.2085 0.1820 0.2496 0.3557 0.4043 0.4245 0.4246 0.3949 0.3270 0.2582 0.2052 0.1831 0.2610 0.3624 0.4074 0.4254 0.4248 0.3883
0.4183 0.4275 0.4078 0.3632 0.2625 0.1833 0.2047 0.2575 0.3263 0.3944 0.4245 0.4245 0.4044 0.3557 0.2492 0.1819 0.2088 0.2627 0.3316 0.3976 0.4251 0.4241 0.4033 0.3538 0.2469 0.1818 0.2093 0.2632 0.3321 0.3979 0.4251 0.4240 0.4031 0.3535 0.2463 0.1818 0.2095 0.2635 0.3325 0.3982 0.4252 0.4240 0.4030 0.3531 0.2457 0.1817 0.2097 0.2637 0.3352 0.4017 0.4204 0.4017 0.3352 0.2637 0.2097 0.1817 0.2457 0.3531 0.4030 0.4240 0.4252 0.3982 0.3325 0.2635 0.2095 0.1818 0.2463 0.3535 0.4031 0.4240 0.4251 0.3979 0.3321 0.2632 0.2093 0.1818 0.2469 0.3538 0.4033 0.4241 0.4251 0.3976 0.3316 0.2627 0.2088 0.1819 0.2492 0.3557 0.4044 0.4245 0.4245 0.3944 0.3263 0.2575 0.2047 0.1833 0.2625 0.3632 0.4078 0.4275 0.4183
0.4287 0.4086 0.3639 0.2640 0.1835 0.2042 0.2568 0.3254 0.3938 0.4244 0.4246 0.4046 0.3561 0.2496 0.1819 0.2090 0.2630 0.3322 0.3981 0.4252 0.4240 0.4029 0.3530 0.2455 0.1817 0.2098 0.2639 0.3330 0.3985 0.4252 0.4239 0.4028 0.3526 0.2449 0.1817 0.2101 0.2642 0.3333 0.3988 0.4253 0.4238 0.4026 0.3523 0.2442 0.1816 0.2103 0.2645 0.3336 0.4000 0.4263 0.4247 0.4263 0.4000 0.3336 0.2645 0.2103 0.1816 0.2442 0.3523 0.4026 0.4238 0.4253 0.3988 0.3333 0.2642 0.2101 0.1817 0.2449 0.3526 0.4028 0.4239 0.4252 0.3985 0.3330 0.2639 0.2098 0.1817 0.2455 0.3530 0.4029 0.4240 0.4252 0.3981 0.3322 0.2630 0.2090 0.1819 0.2496 0.3561 0.4046 0.4246 0.4244 0.3938 0.3254 0.2568 0.2042 0.1835 0.2640 0.3639 0.4086 0.4287
0.4220 0.3647 0.2654 0.1838 0.2037 0.2561 0.3246 0.3932 0.4243 0.4247 0.4049 0.3567 0.2505 0.1820 0.2088 0.2630 0.3324 0.3984 0.4252 0.4239 0.4026 0.3522 0.2440 0.1816 0.2104 0.2646 0.3338 0.3991 0.4253 0.4238 0.4024 0.3518 0.2434 0.1816 0.2106 0.2649 0.3342 0.3993 0.4254 0.4237 0.4022 0.3514 0.2428 0.1816 0.2108 0.2653 0.3345 0.3995 0.4255 0.4220 0.4068 0.4220 0.4255 0.3995 0.3345 0.2653 0.2108 0.1816 0.2428 0.3514 0.4022 0.4237 0.4254 0.3993 0.3342 0.2649 0.2106 0.1816 0.2434 0.3518 0.4024 0.4238 0.4253 0.3991 0.3338 0.2646 0.2104 0.1816 0.2440 0.3522 0.4026 0.4239 0.4252 0.3984 0.3324 0.2630 0.2088 0.1820 0.2505 0.3567 0.4049 0.4247 0.4243 0.3932 0.3246 0.2561 0.2037 0.1838 0.2654 0.3647 0.4220
0.3915 0.2669 0.1840 0.2032 0.2554 0.3238 0.3925 0.4241 0.4249 0.4053 0.3574 0.2518 0.1821 0.2085 0.2627 0.3322 0.3984 0.4253 0.4238 0.4024 0.3515 0.2428 0.1816 0.2109 0.2654 0.3346 0.3997 0.4255 0.4236 0.4020 0.3509 0.2420 0.1815 0.2111 0.2657 0.3350 0.3999 0.4255 0.4236 0.4018 0.3506 0.2415 0.1815 0.2114 0.2660 0.3354 0.4001 0.4255 0.4235 0.3977 0.3633 0.3977 0.4235 0.4255 0.4001 0.3354 0.2660 0.2114 0.1815 0.2415 0.3506 0.4018 0.4236 0.4255 0.3999 0.3350 0.2657 0.2111 0.1815 0.2420 0.3509 0.4020 0.4236 0.4255 0.3997 0.3346 0.2654 0.2109 0.1816 0.2428 0.3515 0.4024 0.4238 0.4253 0.3984 0.3322 0.2627 0.2085 0.1821 0.2518 0.3574 0.4053 0.4249 0.4241 0.3925 0.3238 0.2554 0.2032 0.1840 0.2669 0.3915
0.3139 0.1843 0.2027 0.2547 0.3229 0.3919 0.4240 0.4250 0.4056 0.3582 0.2532 0.1822 0.2080 0.2621 0.3316 0.3981 0.4252 0.4238 0.4023 0.3511 0.2419 0.1815 0.2114 0.2660 0.3355 0.4002 0.4256 0.4235 0.4016 0.3501 0.2407 0.1815 0.2117 0.2664 0.3359 0.4004 0.4256 0.4234 0.4014 0.3497 0.2401 0.1815 0.2119 0.2667 0.3362 0.4007 0.4256 0.4234 0.4012 0.3431 0.2758 0.3431 0.4012 0.4234 0.4256 0.4007 0.3362 0.2667 0.2119 0.1815 0.2401 0.3497 0.4014 0.4234 0.4256 0.4004 0.3359 0.2664 0.2117 0.1815 0.2407 0.3501 0.4016 0.4235 0.4256 0.4002 0.3355 0.2660 0.2114 0.1815 0.2419 0.3511 0.4023 0.4238 0.4252 0.3981 0.3316 0.2621 0.2080 0.1822 0.2532 0.3582 0.4056 0.4250 0.4240 0.3919 0.3229 0.2547 0.2027 0.1843 0.3139
0.2498 0.2023 0.2541 0.3221 0.3912 0.4238 0.4251 0.4060 0.3590 0.2546 0.1823 0.2075 0.2614 0.3309 0.3976 0.4252 0.4239 0.4024 0.3511 0.2416 0.1815 0.2117 0.2666 0.3362 0.4007 0.4257 0.4233 0.4012 0.3492 0.2393 0.1815 0.2122 0.2671 0.3367 0.4010 0.4257 0.4233 0.4011 0.3488 0.2387 0.1814 0.2124 0.2675 0.3371 0.4012 0.4257 0.4232 0.4010 0.3482 0.2361 0.1795 0.2361 0.3482 0.4010 0.4232 0.4257 0.4012 0.3371 0.2675 0.2124 0.1814 0.2387 0.3488 0.4011 0.4233 0.4257 0.4010 0.3367 0.2671 0.2122 0.1815 0.2393 0.3492 0.4012 0.4233 0.4257 0.4007 0.3362 0.2666 0.2117 0.1815 0.2416 0.3511 0.4024 0.4239 0.4252 0.3976 0.3309 0.2614 0.2075 0.1823 0.2546 0.3590 0.4060 0.4251 0.4238 0.3912 0.3221 0.2541 0.2023 0.2498
0.2577 0.2534 0.3212 0.3906 0.4237 0.4252 0.4063 0.3598 0.2561 0.1825 0.2070 0.2607 0.3300 0.3971 0.4251 0.4240 0.4026 0.3515 0.2419 0.1815 0.2119 0.2670 0.3368 0.4012 0.4257 0.4232 0.4008 0.3483 0.2379 0.1814 0.2127 0.2679 0.3376 0.4015 0.4258 0.4231 0.4007 0.3479 0.2373 0.1814 0.2130 0.2682 0.3379 0.4018 0.4258 0.4231 0.4005 0.3477 0.2363 0.1818 0.1924 0.1818 0.2363 0.3477 0.4005 0.4231 0.4258 0.4018 0.3379 0.2682 0.2130 0.1814 0.2373 0.3479 0.4007 0.4231 0.4258 0.4015 0.3376 0.2679 0.2127 0.1814 0.2379 0.3483 0.4008 0.4232 0.4257 0.4012 0.3368 0.2670 0.2119 0.1815 0.2419 0.3515 0.4026 0.4240 0.4251 0.3971 0.3300 0.2607 0.2070 0.1825 0.2561 0.3598 0.4063 0.4252 0.4237 0.3906 0.3212 0.2534 0.2577
0.2911 0.3204 0.3899 0.4236 0.4253 0.4066 0.3606 0.2575 0.1826 0.2065 0.2600 0.3292 0.3965 0.4250 0.4241 0.4029 0.3522 0.2428 0.1815 0.2117 0.2670 0.3370 0.4014 0.4258 0.4231 0.4005 0.3475 0.2365 0.1814 0.2133 0.2686 0.3384 0.4021 0.4259 0.4230 0.4003 0.3470 0.2360 0.1814 0.2135 0.2689 0.3388 0.4023 0.4259 0.4229 0.4001 0.3467 0.2354 0.1826 0.2152 0.2407 0.2152 0.1826 0.2354 0.3467 0.4001 0.4229 0.4259 0.4023 0.3388 0.2689 0.2135 0.1814 0.2360 0.3470 0.4003 0.4230 0.4259 0.4021 0.3384 0.2686 0.2133 0.1814 0.2365 0.3475 0.4005 0.4231 0.4258 0.4014 0.3370 0.2670 0.2117 0.1815 0.2428 0.3522 0.4029 0.4241 0.4250 0.3965 0.3292 0.2600 0.2065 0.1826 0.2575 0.3606 0.4066 0.4253 0.4236 0.3899 0.3204 0.2911
0.3386 0.3897 0.4232 0.4254 0.4070 0.3613 0.2590 0.1828 0.2060 0.2593 0.3284 0.3959 0.4248 0.4242 0.4033 0.3530 0.2440 0.1816 0.2114 0.2666 0.3368 0.4014 0.4258 0.4230 0.4002 0.3468 0.2354 0.1814 0.2138 0.2694 0.3392 0.4026 0.4260 0.4228 0.3999 0.3461 0.2346 0.1814 0.2141 0.2697 0.3396 0.4028 0.4260 0.4228 0.3997 0.3457 0.2340 0.1814 0.2162 0.2724 0.3068 0.2724 0.2162 0.1814 0.2340 0.3457 0.3997 0.4228 0.4260 0.4028 0.3396 0.2697 0.2141 0.1814 0.2346 0.3461 0.3999 0.4228 0.4260 0.4026 0.3392 0.2694 0.2138 0.1814 0.2354 0.3468 0.4002 0.4230 0.4258 0.4014 0.3368 0.2666 0.2114 0.1816 0.2440 0.3530 0.4033 0.4242 0.4248 0.3959 0.3284 0.2593 0.2060 0.1828 0.2590 0.3613 0.4070 0.4254 0.4232 0.3897 0.3386
0.3885 0.4249 0.4254 0.4073 0.3621 0.2604 0.1830 0.2055 0.2586 0.3275 0.3953 0.4247 0.4243 0.4037 0.3538 0.2455 0.1816 0.2109 0.2660 0.3362 0.4012 0.4258 0.4230 0.4001 0.3463 0.2345 0.1814 0.2143 0.2701 0.3401 0.4031 0.4261 0.4227 0.3994 0.3452 0.2333 0.1814 0.2146 0.2704 0.3405 0.4033 0.4261 0.4226 0.3993 0.3448 0.2327 0.1814 0.2148 0.2732 0.3442 0.3806 0.3442 0.2732 0.2148 0.1814 0.2327 0.3448 0.3993 0.4226 0.4261 0.4033 0.3405 0.2704 0.2146 0.1814 0.2333 0.3452 0.3994 0.4227 0.4261 0.4031 0.3401 0.2701 0.2143 0.1814 0.2346 0.3464 0.4001 0.4230 0.4258 0.4012 0.3362 0.2660 0.2109 0.1816 0.2455 0.3538 0.4037 0.4243 0.4247 0.3953 0.3275 0.2586 0.2055 0.1830 0.2604 0.3621 0.4073 0.4254 0.4249 0.3885
0.4184 0.4275 0.4076 0.3629 0.2619 0.1832 0.2050 0.2578 0.3267 0.3947 0.4246 0.4245 0.4040 0.3547 0.2469 0.1817 0.2104 0.2654 0.3355 0.4007 0.4257 0.4231 0.4002 0.3463 0.2341 0.1814 0.2147 0.2706 0.3408 0.4036 0.4261 0.4225 0.3990 0.3443 0.2319 0.1814 0.2152 0.2712 0.3413 0.4039 0.4262 0.4225 0.3989 0.3439 0.2314 0.1815 0.2153 0.2714 0.3440 0.4071 0.4226 0.4071 0.3440 0.2714 0.2153 0.1815 0.2314 0.3439 0.3989 0.4225 0.4262 0.4039 0.3413 0.2712 0.2152 0.1814 0.2319 0.3443 0.3990 0.4225 0.4261 0.4036 0.3408 0.2706 0.2146 0.1814 0.2343 0.3464 0.4002 0.4231 0.4257 0.4007 0.3355 0.2654 0.2104 0.1817 0.2469 0.3547 0.4040 0.4245 0.4246 0.3947 0.3267 0.2578 0.2050 0.1832 0.2619 0.3629 0.4076 0.4275 0.4184
0.4287 0.4085 0.3636 0.2633 0.1834 0.2044 0.2571 0.3258 0.3941 0.4245 0.4246 0.4044 0.3555 0.2483 0.1818 0.2098 0.2646 0.3346 0.4002 0.4257 0.4232 0.4005 0.3468 0.2345 0.1814 0.2148 0.2709 0.3413 0.4040 0.4262 0.4224 0.3986 0.3434 0.2306 0.1815 0.2157 0.2719 0.3421 0.4044 0.4263 0.4223 0.3984 0.3430 0.2301 0.1815 0.2159 0.2722 0.3424 0.4054 0.4269 0.4236 0.4269 0.4054 0.3424 0.2722 0.2159 0.1815 0.2301 0.3430 0.3984 0.4223 0.4263 0.4044 0.3421 0.2719 0.2157 0.1815 0.2306 0.3434 0.3986 0.4224 0.4262 0.4040 0.3413 0.2709 0.2147 0.1814 0.2346 0.3468 0.4005 0.4232 0.4257 0.4002 0.3346 0.2646 0.2098 0.1818 0.2483 0.3555 0.4044 0.4246 0.4245 0.3941 0.3258 0.2571 0.2044 0.1834 0.2633 0.3636 0.4085 0.4287
0.4219 0.3644 0.2648 0.1837 0.2039 0.2564 0.3250 0.3934 0.4243 0.4247 0.4048 0.3563 0.2497 0.1819 0.2093 0.2639 0.3338 0.3997 0.4256 0.4233 0.4008 0.3475 0.2354 0.1814 0.2146 0.2709 0.3415 0.4042 0.4263 0.4223 0.3983 0.3425 0.2293 0.1815 0.2163 0.2727 0.3430 0.4049 0.4263 0.4221 0.3980 0.3420 0.2288 0.1816 0.2165 0.2730 0.3433 0.4050 0.4264 0.4202 0.4032 0.4202 0.4264 0.4050 0.3433 0.2730 0.2165 0.1816 0.2288 0.3420 0.3980 0.4221 0.4263 0.4049 0.3430 0.2727 0.2163 0.1815 0.2293 0.3425 0.3983 0.4223 0.4263 0.4042 0.3415 0.2709 0.2146 0.1814 0.2354 0.3475 0.4008 0.4233 0.4256 0.3997 0.3338 0.2639 0.2093 0.1819 0.2497 0.3563 0.4048 0.4247 0.4243 0.3934 0.3250 0.2564 0.2039 0.1837 0.2648 0.3644 0.4219
0.3912 0.2663 0.1839 0.2034 0.2557 0.3241 0.3928 0.4242 0.4248 0.4051 0.3571 0.2511 0.1820 0.2088 0.2632 0.3330 0.3991 0.4255 0.4235 0.4012 0.3483 0.2365 0.1814 0.2143 0.2706 0.3413 0.4042 0.4263 0.4222 0.3980 0.3418 0.2282 0.1816 0.2168 0.2734 0.3438 0.4054 0.4264 0.4220 0.3976 0.3411 0.2275 0.1816 0.2171 0.2738 0.3442 0.4055 0.4264 0.4219 0.3931 0.3556 0.3931 0.4219 0.4264 0.4055 0.3442 0.2738 0.2171 0.1816 0.2275 0.3411 0.3976 0.4220 0.4264 0.4054 0.3438 0.2734 0.2168 0.1816 0.2282 0.3418 0.3980 0.4222 0.4263 0.4042 0.3413 0.2706 0.2143 0.1814 0.2365 0.3483 0.4012 0.4235 0.4255 0.3991 0.3330 0.2632 0.2088 0.1820 0.2511 0.3571 0.4051 0.4248 0.4242 0.3928 0.3241 0.2557 0.2034 0.1839 0.2663 0.3912
0.3134 0.1842 0.2030 0.2550 0.3233 0.3922 0.4240 0.4249 0.4055 0.3579 0.2526 0.1821 0.2083 0.2624 0.3321 0.3985 0.4253 0.4236 0.4016 0.3492 0.2379 0.1814 0.2138 0.2701 0.3408 0.4040 0.4263 0.4222 0.3979 0.3414 0.2275 0.1816 0.2173 0.2741 0.3447 0.4058 0.4265 0.4218 0.3972 0.3401 0.2262 0.1817 0.2176 0.2745 0.3450 0.4060 0.4265 0.4218 0.3969 0.3335 0.2617 0.3335 0.3969 0.4218 0.4265 0.4060 0.3450 0.2745 0.2176 0.1817 0.2262 0.3401 0.3972 0.4218 0.4265 0.4058 0.3447 0.2741 0.2173 0.1816 0.2275 0.3414 0.3979 0.4222 0.4263 0.4040 0.3408 0.2701 0.2138 0.1814 0.2379 0.3492 0.4016 0.4236 0.4253 0.3985 0.3321 0.2624 0.2083 0.1821 0.2526 0.3579 0.4055 0.4249 0.4240 0.3922 0.3233 0.2550 0.2030 0.1842 0.3134
0.2497 0.2025 0.2543 0.3224 0.3915 0.4239 0.4250 0.4058 0.3587 0.2540 0.1823 0.2077 0.2617 0.3313 0.3979 0.4252 0.4238 0.4020 0.3501 0.2393 0.1814 0.2133 0.2694 0.3401 0.4036 0.4262 0.4223 0.3980 0.3414 0.2272 0.1817 0.2176 0.2747 0.3454 0.4063 0.4265 0.4216 0.3967 0.3391 0.2249 0.1818 0.2182 0.2753 0.3459 0.4065 0.4266 0.4216 0.3967 0.3384 0.2226 0.1760 0.2226 0.3384 0.3967 0.4216 0.4266 0.4065 0.3459 0.2753 0.2182 0.1818 0.2249 0.3391 0.3967 0.4216 0.4265 0.4063 0.3454 0.2747 0.2176 0.1817 0.2272 0.3414 0.3980 0.4223 0.4262 0.4036 0.3401 0.2694 0.2133 0.1814 0.2393 0.3501 0.4020 0.4238 0.4252 0.3979 0.3313 0.2617 0.2077 0.1823 0.2540 0.3587 0.4058 0.4250 0.4239 0.3915 0.3224 0.2543 0.2025 0.2497
0.2578 0.2536 0.3216 0.3909 0.4238 0.4251 0.4061 0.3595 0.2555 0.1824 0.2072 0.2610 0.3304 0.3973 0.4251 0.4239 0.4024 0.3509 0.2407 0.1815 0.2127 0.2686 0.3392 0.4031 0.4261 0.4224 0.3983 0.3418 0.2275 0.1817 0.2177 0.2750 0.3459 0.4066 0.4266 0.4215 0.3963 0.3381 0.2237 0.1819 0.2187 0.2760 0.3467 0.4070 0.4266 0.4214 0.3961 0.3378 0.2230 0.1825 0.1973 0.1825 0.2230 0.3378 0.3961 0.4214 0.4266 0.4070 0.3467 0.2760 0.2187 0.1819 0.2237 0.3381 0.3963 0.4215 0.4266 0.4066 0.3459 0.2750 0.2177 0.1817 0.2275 0.3418 0.3983 0.4224 0.4261 0.4031 0.3392 0.2686 0.2127 0.1815 0.2407 0.3509 0.4024 0.4239 0.4251 0.3973 0.3304 0.2610 0.2072 0.1824 0.2555 0.3595 0.4061 0.4251 0.4238 0.3909 0.3216 0.2536 0.2578
0.2913 0.3208 0.3902 0.4236 0.4252 0.4065 0.3602 0.2569 0.1826 0.2067 0.2603 0.3296 0.3968 0.4250 0.4240 0.4028 0.3518 0.2420 0.1815 0.2122 0.2679 0.3384 0.4026 0.4261 0.4225 0.3986 0.3425 0.2282 0.1816 0.2176 0.2750 0.3461 0.4068 0.4266 0.4214 0.3959 0.3372 0.2225 0.1820 0.2193 0.2768 0.3476 0.4074 0.4267 0.4212 0.3956 0.3367 0.2220 0.1834 0.2211 0.2478 0.2211 0.1834 0.2220 0.3367 0.3956 0.4212 0.4267 0.4074 0.3476 0.2768 0.2193 0.1820 0.2225 0.3372 0.3959 0.4214 0.4266 0.4068 0.3461 0.2750 0.2176 0.1816 0.2282 0.3425 0.3986 0.4225 0.4261 0.4026 0.3384 0.2679 0.2122 0.1815 0.2420 0.3518 0.4028 0.4240 0.4250 0.3968 0.3296 0.2603 0.2067 0.1826 0.2569 0.3602 0.4065 0.4252 0.4236 0.3902 0.3208 0.2913
0.3389 0.3900 0.4233 0.4254 0.4068 0.3610 0.2584 0.1827 0.2062 0.2596 0.3287 0.3962 0.4249 0.4242 0.4031 0.3526 0.2434 0.1815 0.2117 0.2671 0.3376 0.4021 0.4260 0.4227 0.3990 0.3434 0.2293 0.1816 0.2173 0.2747 0.3459 0.4068 0.4266 0.4213 0.3956 0.3365 0.2214 0.1821 0.2199 0.2776 0.3484 0.4079 0.4268 0.4210 0.3952 0.3357 0.2207 0.1821 0.2221 0.2804 0.3157 0.2804 0.2221 0.1821 0.2207 0.3357 0.3952 0.4210 0.4268 0.4079 0.3484 0.2776 0.2199 0.1821 0.2214 0.3365 0.3956 0.4213 0.4266 0.4068 0.3459 0.2747 0.2173 0.1816 0.2293 0.3434 0.3990 0.4227 0.4260 0.4021 0.3376 0.2671 0.2117 0.1815 0.2434 0.3526 0.4031 0.4242 0.4249 0.3962 0.3287 0.2596 0.2062 0.1827 0.2584 0.3610 0.4068 0.4254 0.4233 0.3900 0.3389
0.3887 0.4250 0.4253 0.4072 0.3618 0.2598 0.1829 0.2057 0.2589 0.3279 0.3956 0.4248 0.4243 0.4035 0.3535 0.2449 0.1816 0.2111 0.2664 0.3367 0.4015 0.4259 0.4228 0.3994 0.3443 0.2306 0.1815 0.2168 0.2741 0.3454 0.4066 0.4266 0.4213 0.3955 0.3361 0.2208 0.1822 0.2204 0.2783 0.3492 0.4083 0.4268 0.4209 0.3947 0.3347 0.2196 0.1823 0.2206 0.2811 0.3531 0.3883 0.3531 0.2811 0.2206 0.1823 0.2196 0.3347 0.3947 0.4209 0.4268 0.4083 0.3492 0.2783 0.2204 0.1822 0.2208 0.3361 0.3955 0.4213 0.4266 0.4066 0.3454 0.2741 0.2168 0.1815 0.2306 0.3443 0.3994 0.4228 0.4259 0.4015 0.3367 0.2664 0.2111 0.1816 0.2449 0.3535 0.4035 0.4243 0.4248 0.3956 0.3279 0.2589 0.2057 0.1829 0.2598 0.3618 0.4072 0.4253 0.4250 0.3887
0.4185 0.4274 0.4075 0.3625 0.2613 0.1831 0.2052 0.2581 0.3270 0.3949 0.4246 0.4244 0.4039 0.3543 0.2463 0.1817 0.2106 0.2657 0.3359 0.4010 0.4258 0.4230 0.3999 0.3452 0.2319 0.1815 0.2163 0.2734 0.3447 0.4063 0.4266 0.4214 0.3956 0.3361 0.2205 0.1823 0.2207 0.2788 0.3500 0.4088 0.4269 0.4207 0.3943 0.3336 0.2184 0.1825 0.2212 0.2793 0.3527 0.4118 0.4243 0.4118 0.3527 0.2793 0.2212 0.1825 0.2184 0.3336 0.3943 0.4207 0.4269 0.4088 0.3500 0.2788 0.2207 0.1823 0.2205 0.3361 0.3956 0.4214 0.4266 0.4063 0.3447 0.2734 0.2163 0.1815 0.2319 0.3452 0.3999 0.4230 0.4258 0.4010 0.3359 0.2657 0.2106 0.1817 0.2463 0.3543 0.4039 0.4244 0.4246 0.3949 0.3270 0.2581 0.2052 0.1831 0.2613 0.3625 0.4075 0.4274 0.4185
0.4287 0.4083 0.3633 0.2627 0.1833 0.2047 0.2574 0.3262 0.3943 0.4245 0.4245 0.4042 0.3551 0.2477 0.1818 0.2101 0.2649 0.3350 0.4004 0.4257 0.4231 0.4003 0.3461 0.2333 0.1814 0.2157 0.2727 0.3438 0.4058 0.4265 0.4215 0.3959 0.3365 0.2208 0.1823 0.2208 0.2792 0.3504 0.4091 0.4269 0.4205 0.3938 0.3326 0.2172 0.1826 0.2219 0.2801 0.3511 0.4100 0.4272 0.4221 0.4272 0.4100 0.3511 0.2801 0.2219 0.1826 0.2172 0.3326 0.3938 0.4205 0.4269 0.4091 0.3504 0.2792 0.2208 0.1823 0.2208 0.3365 0.3959 0.4215 0.4265 0.4058 0.3438 0.2727 0.2157 0.1814 0.2333 0.3461 0.4003 0.4231 0.4257 0.4004 0.3350 0.2649 0.2101 0.1818 0.2477 0.3551 0.4042 0.4245 0.4245 0.3943 0.3262 0.2574 0.2047 0.1833 0.2627 0.3633 0.4083 0.4287
0.4218 0.3640 0.2642 0.1836 0.2042 0.2567 0.3253 0.3937 0.4244 0.4246 0.4046 0.3559 0.2491 0.1819 0.2095 0.2642 0.3342 0.3999 0.4256 0.4233 0.4007 0.3470 0.2346 0.1814 0.2152 0.2719 0.3430 0.4054 0.4265 0.4216 0.3963 0.3372 0.2214 0.1822 0.2207 0.2792 0.3506 0.4092 0.4269 0.4204 0.3934 0.3316 0.2161 0.1828 0.2224 0.2810 0.3520 0.4097 0.4270 0.4181 0.3992 0.4181 0.4270 0.4097 0.3520 0.2810 0.2224 0.1828 0.2161 0.3316 0.3934 0.4204 0.4269 0.4092 0.3506 0.2792 0.2207 0.1822 0.2214 0.3372 0.3963 0.4216 0.4265 0.4054 0.3430 0.2719 0.2152 0.1814 0.2346 0.3470 0.4007 0.4233 0.4256 0.3999 0.3342 0.2642 0.2095 0.1819 0.2491 0.3559 0.4046 0.4246 0.4244 0.3937 0.3253 0.2567 0.2042 0.1836 0.2642 0.3640 0.4218
0.3910 0.2657 0.1838 0.2037 0.2560 0.3245 0.3931 0.4242 0.4248 0.4050 0.3568 0.2505 0.1820 0.2090 0.2635 0.3333 0.3993 0.4255 0.4234 0.4011 0.3479 0.2360 0.1814 0.2146 0.2712 0.3421 0.4049 0.4264 0.4218 0.3967 0.3381 0.2225 0.1821 0.2204 0.2788 0.3504 0.4092 0.4269 0.4203 0.3931 0.3309 0.2152 0.1830 0.2230 0.2817 0.3529 0.4102 0.4270 0.4200 0.3880 0.3473 0.3880 0.4200 0.4270 0.4102 0.3529 0.2817 0.2230 0.1830 0.2152 0.3309 0.3931 0.4203 0.4269 0.4092 0.3504 0.2788 0.2204 0.1821 0.2225 0.3381 0.3967 0.4218 0.4264 0.4049 0.3421 0.2712 0.2146 0.1814 0.2360 0.3479 0.4011 0.4234 0.4255 0.3993 0.3333 0.2635 0.2090 0.1820 0.2505 0.3568 0.4050 0.4248 0.4242 0.3931 0.3245 0.2560 0.2037 0.1838 0.2657 0.3910
0.3129 0.1841 0.2032 0.2553 0.3236 0.3924 0.4241 0.4249 0.4053 0.3576 0.2520 0.1821 0.2085 0.2628 0.3325 0.3988 0.4254 0.4236 0.4014 0.3488 0.2373 0.1814 0.2141 0.2704 0.3413 0.4044 0.4263 0.4220 0.3972 0.3391 0.2237 0.1820 0.2199 0.2783 0.3500 0.4091 0.4269 0.4203 0.3930 0.3304 0.2145 0.1831 0.2235 0.2825 0.3538 0.4106 0.4270 0.4199 0.3921 0.3230 0.2474 0.3230 0.3921 0.4199 0.4270 0.4106 0.3538 0.2825 0.2235 0.1831 0.2145 0.3304 0.3930 0.4203 0.4269 0.4091 0.3500 0.2783 0.2199 0.1820 0.2237 0.3391 0.3972 0.4220 0.4263 0.4044 0.3413 0.2704 0.2141 0.1814 0.2373 0.3488 0.4014 0.4236 0.4254 0.3988 0.3325 0.2628 0.2085 0.1821 0.2520 0.3576 0.4053 0.4249 0.4241 0.3924 0.3236 0.2553 0.2032 0.1841 0.3129
0.2496 0.2027 0.2547 0.3228 0.3918 0.4240 0.4250 0.4057 0.3583 0.2534 0.1822 0.2080 0.2620 0.3316 0.3982 0.4253 0.4237 0.4018 0.3497 0.2387 0.1814 0.2135 0.2697 0.3405 0.4039 0.4263 0.4221 0.3976 0.3401 0.2249 0.1819 0.2193 0.2776 0.3492 0.4088 0.4269 0.4204 0.3931 0.3304 0.2143 0.1832 0.2239 0.2830 0.3545 0.4110 0.4271 0.4196 0.3918 0.3274 0.2109 0.1743 0.2109 0.3274 0.3918 0.4196 0.4271 0.4110 0.3545 0.2830 0.2239 0.1832 0.2143 0.3304 0.3931 0.4204 0.4269 0.4088 0.3492 0.2776 0.2193 0.1819 0.2249 0.3401 0.3976 0.4221 0.4263 0.4039 0.3405 0.2697 0.2135 0.1814 0.2387 0.3497 0.4018 0.4237 0.4253 0.3982 0.3316 0.2620 0.2080 0.1822 0.2534 0.3583 0.4057 0.4250 0.4240 0.3918 0.3228 0.2547 0.2027 0.2496
0.2579 0.2540 0.3219 0.3912 0.4238 0.4251 0.4060 0.3591 0.2548 0.1824 0.2074 0.2613 0.3308 0.3976 0.4252 0.4238 0.4022 0.3506 0.2401 0.1814 0.2130 0.2689 0.3396 0.4033 0.4262 0.4223 0.3980 0.3411 0.2262 0.1818 0.2187 0.2768 0.3484 0.4083 0.4269 0.4205 0.3934 0.3309 0.2145 0.1832 0.2240 0.2834 0.3550 0.4113 0.4271 0.4195 0.3912 0.3268 0.2114 0.1845 0.2024 0.1845 0.2114 0.3268 0.3912 0.4195 0.4271 0.4113 0.3550 0.2834 0.2240 0.1832 0.2145 0.3309 0.3934 0.4205 0.4269 0.4083 0.3484 0.2768 0.2187 0.1818 0.2262 0.3411 0.3980 0.4223 0.4262 0.4033 0.3396 0.2689 0.2130 0.1814 0.2401 0.3506 0.4022 0.4238 0.4252 0.3976 0.3308 0.2613 0.2074 0.1824 0.2548 0.3591 0.4060 0.4251 0.4238 0.3912 0.3219 0.2540 0.2579
0.2915 0.3211 0.3905 0.4237 0.4252 0.4063 0.3599 0.2563 0.1825 0.2069 0.2606 0.3299 0.3970 0.4251 0.4240 0.4026 0.3514 0.2415 0.1815 0.2124 0.2682 0.3388 0.4028 0.4261 0.4225 0.3984 0.3420 0.2275 0.1817 0.2182 0.2760 0.3476 0.4079 0.4268 0.4207 0.3938 0.3316 0.2152 0.1831 0.2239 0.2834 0.3551 0.4115 0.4271 0.4193 0.3908 0.3256 0.2103 0.1854 0.2273 0.2550 0.2273 0.1854 0.2103 0.3256 0.3908 0.4193 0.4271 0.4115 0.3551 0.2834 0.2239 0.1831 0.2152 0.3316 0.3938 0.4207 0.4268 0.4079 0.3476 0.2760 0.2182 0.1817 0.2275 0.3420 0.3984 0.4225 0.4261 0.4028 0.3388 0.2682 0.2124 0.1815 0.2415 0.3514 0.4026 0.4240 0.4251 0.3970 0.3299 0.2606 0.2069 0.1825 0.2563 0.3599 0.4063 0.4252 0.4237 0.3905 0.3211 0.2915
0.3391 0.3903 0.4234 0.4253 0.4067 0.3607 0.2577 0.1827 0.2064 0.2599 0.3291 0.3964 0.4249 0.4241 0.4030 0.3523 0.2428 0.1815 0.2119 0.2675 0.3379 0.4023 0.4260 0.4226 0.3989 0.3430 0.2288 0.1816 0.2176 0.2753 0.3467 0.4074 0.4268 0.4209 0.3943 0.3326 0.2161 0.1830 0.2235 0.2830 0.3550 0.4115 0.4271 0.4192 0.3905 0.3248 0.2094 0.1842 0.2283 0.2886 0.3247 0.2886 0.2283 0.1842 0.2094 0.3248 0.3905 0.4192 0.4271 0.4115 0.3550 0.2830 0.2235 0.1830 0.2161 0.3326 0.3943 0.4209 0.4268 0.4074 0.3467 0.2753 0.2176 0.1816 0.2288 0.3430 0.3989 0.4226 0.4260 0.4023 0.3379 0.2675 0.2119 0.1815 0.2428 0.3523 0.4030 0.4241 0.4249 0.3964 0.3291 0.2599 0.2064 0.1827 0.2577 0.3607 0.4067 0.4253 0.4234 0.3903 0.3391
0.3889 0.4250 0.4253 0.4070 0.3615 0.2592 0.1829 0.2059 0.2592 0.3282 0.3958 0.4248 0.4242 0.4034 0.3531 0.2442 0.1816 0.2114 0.2667 0.3371 0.4018 0.4259 0.4228 0.3993 0.3439 0.2301 0.1816 0.2171 0.2745 0.3459 0.4070 0.4267 0.4210 0.3947 0.3336 0.2172 0.1828 0.2230 0.2825 0.3545 0.4113 0.4271 0.4192 0.3904 0.3243 0.2089 0.1844 0.2266 0.2892 0.3617 0.3954 0.3617 0.2892 0.2266 0.1844 0.2089 0.3243 0.3904 0.4192 0.4271 0.4113 0.3545 0.2825 0.2230 0.1828 0.2172 0.3336 0.3947 0.4210 0.4267 0.4070 0.3459 0.2745 0.2171 0.1816 0.2301 0.3439 0.3993 0.4228 0.4259 0.4018 0.3371 0.2667 0.2114 0.1816 0.2442 0.3531 0.4034 0.4242 0.4248 0.3958 0.3282 0.2592 0.2059 0.1829 0.2592 0.3615 0.4070 0.4253 0.4250 0.3889
0.4186 0.4274 0.4073 0.3622 0.2606 0.1830 0.2054 0.2585 0.3274 0.3952 0.4247 0.4244 0.4037 0.3540 0.2457 0.1816 0.2108 0.2660 0.3362 0.4012 0.4258 0.4229 0.3997 0.3448 0.2314 0.1815 0.2165 0.2738 0.3450 0.4065 0.4266 0.4212 0.3952 0.3347 0.2184 0.1826 0.2224 0.2817 0.3538 0.4110 0.4271 0.4193 0.3905 0.3243 0.2087 0.1846 0.2270 0.2872 0.3610 0.4156 0.4255 0.4156 0.3610 0.2872 0.2270 0.1846 0.2087 0.3243 0.3905 0.4193 0.4271 0.4110 0.3538 0.2817 0.2224 0.1826 0.2184 0.3347 0.3952 0.4212 0.4266 0.4065 0.3450 0.2738 0.2165 0.1815 0.2314 0.3448 0.3997 0.4229 0.4258 0.4012 0.3362 0.2660 0.2108 0.1816 0.2457 0.3540 0.4037 0.4244 0.4247 0.3952 0.3274 0.2585 0.2054 0.1830 0.2606 0.3622 0.4073 0.4274 0.4186
0.4287 0.4082 0.3630 0.2621 0.1832 0.2049 0.2577 0.3265 0.3946 0.4246 0.4245 0.4041 0.3548 0.2471 0.1817 0.2103 0.2653 0.3354 0.4007 0.4257 0.4231 0.4001 0.3457 0.2327 0.1815 0.2159 0.2730 0.3442 0.4060 0.4266 0.4214 0.3956 0.3357 0.2196 0.1825 0.2219 0.2810 0.3529 0.4106 0.4271 0.4195 0.3908 0.3248 0.2089 0.1845 0.2272 0.2876 0.3592 0.4137 0.4272 0.4205 0.4272 0.4137 0.3592 0.2877 0.2272 0.1846 0.2089 0.3248 0.3908 0.4195 0.4271 0.4106 0.3529 0.2810 0.2219 0.1825 0.2196 0.3357 0.3956 0.4214 0.4266 0.4060 0.3442 0.2730 0.2159 0.1815 0.2327 0.3457 0.4001 0.4231 0.4257 0.4007 0.3354 0.2653 0.2103 0.1817 0.2471 0.3548 0.4041 0.4245 0.4246 0.3946 0.3265 0.2577 0.2049 0.1832 0.2621 0.3630 0.4082 0.4287
0.4218 0.3637 0.2635 0.1835 0.2044 0.2570 0.3257 0.3940 0.4244 0.4246 0.4044 0.3556 0.2485 0.1818 0.2098 0.2645 0.3345 0.4001 0.4256 0.4232 0.4005 0.3467 0.2340 0.1814 0.2154 0.2722 0.3434 0.4056 0.4265 0.4216 0.3961 0.3367 0.2208 0.1823 0.2213 0.2802 0.3521 0.4102 0.4270 0.4196 0.3912 0.3256 0.2094 0.1844 0.2271 0.2877 0.3595 0.4134 0.4272 0.4158 0.3951 0.4158 0.4273 0.4134 0.3595 0.2876 0.2270 0.1844 0.2094 0.3256 0.3912 0.4196 0.4270 0.4102 0.3520 0.2801 0.2212 0.1823 0.2207 0.3367 0.3961 0.4216 0.4265 0.4055 0.3433 0.2722 0.2153 0.1814 0.2340 0.3467 0.4005 0.4232 0.4256 0.4001 0.3345 0.2645 0.2097 0.1818 0.2485 0.3556 0.4044 0.4246 0.4244 0.3939 0.3256 0.2570 0.2043 0.1834 0.2635 0.3637 0.4218
0.3907 0.2650 0.1837 0.2039 0.2563 0.3248 0.3933 0.4243 0.4247 0.4048 0.3564 0.2499 0.1819 0.2092 0.2638 0.3337 0.3996 0.4255 0.4234 0.4009 0.3476 0.2354 0.1814 0.2148 0.2715 0.3425 0.4051 0.4264 0.4217 0.3965 0.3377 0.2220 0.1822 0.2207 0.2794 0.3513 0.4098 0.4270 0.4198 0.3917 0.3267 0.2103 0.1842 0.2267 0.2873 0.3594 0.4135 0.4272 0.4181 0.3830 0.3392 0.3832 0.4182 0.4272 0.4134 0.3592 0.2872 0.2266 0.1842 0.2103 0.3268 0.3918 0.4199 0.4270 0.4097 0.3511 0.2793 0.2206 0.1821 0.2220 0.3378 0.3967 0.4218 0.4264 0.4050 0.3424 0.2714 0.2148 0.1814 0.2354 0.3477 0.4010 0.4234 0.4255 0.3995 0.3336 0.2637 0.2092 0.1819 0.2499 0.3566 0.4049 0.4248 0.4243 0.3932 0.3247 0.2563 0.2038 0.1837 0.2651 0.3909
0.3124 0.1840 0.2034 0.2556 0.3240 0.3927 0.4242 0.4248 0.4052 0.3572 0.2514 0.1820 0.2087 0.2631 0.3328 0.3990 0.4254 0.4235 0.4013 0.3484 0.2367 0.1814 0.2143 0.2707 0.3417 0.4046 0.4264 0.4219 0.3970 0.3387 0.2232 0.1820 0.2201 0.2787 0.3504 0.4094 0.4270 0.4200 0.3922 0.3278 0.2113 0.1840 0.2262 0.2867 0.3590 0.4134 0.4272 0.4182 0.3877 0.3130 0.2345 0.3124 0.3877 0.4182 0.4273 0.4137 0.3610 0.2892 0.2283 0.1854 0.2114 0.3274 0.3921 0.4200 0.4270 0.4100 0.3527 0.2811 0.2221 0.1834 0.2230 0.3384 0.3969 0.4219 0.4264 0.4054 0.3440 0.2732 0.2162 0.1826 0.2363 0.3482 0.4012 0.4235 0.4255 0.4000 0.3352 0.2655 0.2106 0.1831 0.2508 0.3570 0.4051 0.4248 0.4242 0.3940 0.3264 0.2580 0.2052 0.1849 0.3113
0.2495 0.2029 0.2549 0.3232 0.3921 0.4240 0.4249 0.4055 0.3580 0.2528 0.1822 0.2082 0.2623 0.3320 0.3984 0.4253 0.4236 0.4017 0.3493 0.2381 0.1814 0.2137 0.2700 0.3408 0.4041 0.4263 0.4221 0.3974 0.3397 0.2244 0.1819 0.2196 0.2779 0.3496 0.4090 0.4269 0.4202 0.3927 0.3289 0.2124 0.1837 0.2256 0.2860 0.3583 0.4131 0.4272 0.4182 0.3879 0.3177 0.2039 0.1747 0.1994 0.3116 0.3832 0.4158 0.4272 0.4156 0.3617 0.2886 0.2273 0.1845 0.2109 0.3230 0.3880 0.4181 0.4272 0.4118 0.3531 0.2804 0.2211 0.1825 0.2226 0.3335 0.3931 0.4202 0.4269 0.4071 0.3442 0.2724 0.2152 0.1818 0.2361 0.3431 0.3977 0.4220 0.4263 0.4017 0.3353 0.2646 0.2096 0.1823 0.2506 0.3519 0.4018 0.4236 0.4253 0.3955 0.3264 0.2573 0.2044 0.2495
0.2581 0.2542 0.3223 0.3914 0.4239 0.4251 0.4059 0.3588 0.2542 0.1823 0.2077 0.2616 0.3311 0.3979 0.4252 0.4238 0.4021 0.3502 0.2395 0.1814 0.2132 0.2693 0.3400 0.4036 0.4262 0.4222 0.3978 0.3407 0.2257 0.1818 0.2190 0.2771 0.3488 0.4085 0.4269 0.4204 0.3931 0.3300 0.2134 0.1835 0.2250 0.2852 0.3574 0.4128 0.4272 0.4183 0.3880 0.3187 0.2054 0.1883 0.1877 0.1833 0.2399 0.3381 0.3951 0.4205 0.4255 0.3954 0.3247 0.2550 0.2024 0.1743 0.2474 0.3473 0.3992 0.4221 0.4243 0.3883 0.3157 0.2478 0.1973 0.1760 0.2617 0.3556 0.4032 0.4236 0.4226 0.3806 0.3068 0.2407 0.1924 0.1795 0.2758 0.3633 0.4068 0.4247 0.4204 0.3724 0.2981 0.2340 0.1878 0.1852 0.2894 0.3703 0.4100 0.4256 0.4174 0.3639 0.2900 0.2279 0.2481
0.2917 0.3214 0.3907 0.4238 0.4252 0.4062 0.3596 0.2557 0.1824 0.2071 0.2608 0.3302 0.3972 0.4251 0.4239 0.4024 0.3511 0.2409 0.1814 0.2126 0.2685 0.3391 0.4030 0.4261 0.4224 0.3983 0.3416 0.2269 0.1817 0.2184 0.2763 0.3479 0.4081 0.4268 0.4206 0.3936 0.3311 0.2145 0.1833 0.2244 0.2844 0.3566 0.4124 0.4272 0.4185 0.3885 0.3193 0.2048 0.1891 0.2187 0.2253 0.3190 0.3209 0.3805 0.4158 0.4272 0.4156 0.3617 0.2886 0.2273 0.1845 0.2109 0.3230 0.3880 0.4181 0.4272 0.4118 0.3531 0.2804 0.2211 0.1825 0.2226 0.3335 0.3931 0.4202 0.4269 0.4071 0.3442 0.2724 0.2152 0.1818 0.2361 0.3431 0.3977 0.4220 0.4263 0.4017 0.3353 0.2646 0.2096 0.1823 0.2506 0.3519 0.4018 0.4236 0.4253 0.3955 0.3264 0.2573 0.2044 0.2495
0.3394 0.3904 0.4234 0.4253 0.4066 0.3605 0.2571 0.1826 0.2066 0.2601 0.3293 0.3966 0.4250 0.4241 0.4029 0.3520 0.2423 0.1815 0.2121 0.2677 0.3382 0.4024 0.4260 0.4226 0.3988 0.3427 0.2282 0.1816 0.2178 0.2755 0.3470 0.4075 0.4268 0.4208 0.3942 0.3322 0.2156 0.1830 0.2238 0.2835 0.3557 0.4119 0.4272 0.4188 0.3891 0.3204 0.2051 0.1861 0.2316 0.2815 0.3311 0.4484 0.3921 0.4162 0.4273 0.4136 0.3609 0.2892 0.2283 0.1854 0.2114 0.3274 0.3921 0.4200 0.4270 0.4100 0.3527 0.2811 0.2221 0.1834 0.2230 0.3384 0.3969 0.4219 0.4264 0.4054 0.3440 0.2732 0.2162 0.1826 0.2363 0.3482 0.4012 0.4235 0.4255 0.4000 0.3352 0.2655 0.2106 0.1831 0.2508 0.3570 0.4051 0.4248 0.4242 0.3940 0.3264 0.2580 0.2052 0.1849 0.3113
0.3911 0.4252 0.4252 0.4068 0.3609 0.2580 0.1838 0.2080 0.2618 0.3310 0.3972 0.4249 0.4242 0.4032 0.3525 0.2432 0.1827 0.2135 0.2695 0.3398 0.4029 0.4260 0.4227 0.3990 0.3432 0.2292 0.1828 0.2193 0.2773 0.3485 0.4078 0.4268 0.4210 0.3945 0.3328 0.2167 0.1843 0.2253 0.2853 0.3571 0.4121 0.4272 0.4190 0.3894 0.3210 0.2062 0.1870 0.2320 0.2942 0.3574 0.4013 0.4240 0.4127 0.4274 0.4131 0.3590 0.2872 0.2267 0.1842 0.2103 0.3268 0.3918 0.4199 0.4270 0.4097 0.3511 0.2793 0.2206 0.1821 0.2220 0.3378 0.3967 0.4218 0.4264 0.4050 0.3424 0.2714 0.2148 0.1814 0.2354 0.3477 0.4010 0.4234 0.4255 0.3995 0.3336 0.2637 0.2092 0.1819 0.2499 0.3566 0.4049 0.4248 0.4243 0.3932 0.3247 0.2563 0.2038 0.1837 0.2651 0.3909
0.4202 0.4259 0.4036 0.3557 0.2577 0.1830 0.2069 0.2610 0.3310 0.3988 0.4259 0.4228 0.3997 0.3474 0.2430 0.1818 0.2125 0.2686 0.3399 0.4046 0.4267 0.4211 0.3953 0.3382 0.2289 0.1820 0.2183 0.2765 0.3488 0.4096 0.4271 0.4191 0.3905 0.3282 0.2163 0.1834 0.2243 0.2846 0.3576 0.4139 0.4273 0.4168 0.3851 0.3170 0.2057 0.1860 0.2305 0.2929 0.3662 0.4174 0.4291 0.4152 0.4277 0.4133 0.3588 0.2875 0.2271 0.1844 0.2094 0.3256 0.3912 0.4196 0.4270 0.4102 0.3520 0.2801 0.2212 0.1823 0.2207 0.3367 0.3961 0.4216 0.4265 0.4055 0.3433 0.2722 0.2153 0.1814 0.2340 0.3467 0.4005 0.4232 0.4256 0.4001 0.3345 0.2645 0.2097 0.1818 0.2485 0.3556 0.4044 0.4246 0.4244 0.3939 0.3256 0.2570 0.2043 0.1834 0.2635 0.3637 0.4218
0.4267 0.4116 0.3732 0.2957 0.1887 0.1856 0.2307 0.2938 0.3681 0.4190 0.4252 0.4084 0.3668 0.2826 0.1821 0.1901 0.2373 0.3024 0.3766 0.4216 0.4242 0.4050 0.3595 0.2688 0.1775 0.1949 0.2442 0.3112 0.3846 0.4236 0.4229 0.4013 0.3515 0.2546 0.1749 0.1998 0.2514 0.3202 0.3920 0.4250 0.4213 0.3972 0.3433 0.2412 0.1741 0.2045 0.2577 0.3277 0.3980 0.4261 0.4207 0.4275 0.4139 0.3584 0.2874 0.2273 0.1846 0.2089 0.3248 0.3908 0.4195 0.4271 0.4106 0.3529 0.2810 0.2219 0.1825 0.2196 0.3357 0.3956 0.4214 0.4266 0.4060 0.3442 0.2730 0.2159 0.1815 0.2327 0.3457 0.4001 0.4231 0.4257 0.4007 0.3354 0.2653 0.2103 0.1817 0.2471 0.3548 0.4041 0.4245 0.4246 0.3946 0.3265 0.2577 0.2049 0.1832 0.2621 0.3630 0.4082 0.4287
