-0.0070 0.0681 0.1221 -0.0838 -0.1922 -0.2147 -0.2049 -0.1353 -0.0605 -0.0218 0.0160 0.0678 0.1215 -0.0847 -0.1924 -0.2147 -0.2048 -0.1348 -0.0603 -0.0217 0.0162 0.0681 0.1209 -0.0855 -0.1925 -0.2148 -0.2046 -0.1343 -0.0601 -0.0215 0.0164 0.0685 0.1203 -0.0863 -0.1927 -0.2149 -0.2044 -0.1339 -0.0598 -0.0213 0.0166 0.0689 0.1197 -0.0872 -0.1929 -0.2149 -0.2042 -0.1333 -0.0573 -0.0158 0.0110 -0.0158 -0.0573 -0.1333 -0.2042 -0.2149 -0.1929 -0.0872 0.1197 0.0689 0.0166 -0.0213 -0.0598 -0.1339 -0.2044 -0.2149 -0.1927 -0.0863 0.1203 0.0685 0.0164 -0.0215 -0.0601 -0.1343 -0.2046 -0.2148 -0.1925 -0.0855 0.1209 0.0681 0.0162 -0.0217 -0.0603 -0.1348 -0.2048 -0.2147 -0.1924 -0.0847 0.1215 0.0678 0.0160 -0.0218 -0.0605 -0.1353 -0.2049 -0.2147 -0.1922 -0.0838 0.1221 0.0681 -0.0070
0.0681 0.1575 -0.1230 -0.3279 -0.3349 -0.2980 -0.1725 -0.0483 0.0016 0.0347 0.0860 0.1564 -0.1249 -0.3280 -0.3348 -0.2976 -0.1714 -0.0479 0.0019 0.0348 0.0864 0.1558 -0.1262 -0.3281 -0.3348 -0.2972 -0.1706 -0.0476 0.0020 0.0350 0.0868 0.1552 -0.1275 -0.3282 -0.3347 -0.2968 -0.1698 -0.0473 0.0022 0.0352 0.0872 0.1546 -0.1288 -0.3283 -0.3347 -0.2965 -0.1691 -0.0472 0.0026 0.0381 0.0692 0.0381 0.0026 -0.0472 -0.1691 -0.2965 -0.3347 -0.3283 -0.1288 0.1546 0.0872 0.0352 0.0022 -0.0473 -0.1698 -0.2968 -0.3347 -0.3282 -0.1275 0.1552 0.0868 0.0350 0.0020 -0.0476 -0.1706 -0.2972 -0.3348 -0.3281 -0.1262 0.1558 0.0864 0.0348 0.0019 -0.0479 -0.1714 -0.2976 -0.3348 -0.3280 -0.1249 0.1564 0.0860 0.0347 0.0016 -0.0483 -0.1725 -0.2980 -0.3349 -0.3279 -0.1230 0.1575 0.0681
0.1221 -0.1230 -0.3282 -0.3350 -0.2968 -0.1679 -0.0463 -0.0009 0.0316 0.0869 0.1550 -0.1280 -0.3284 -0.3348 -0.2962 -0.1665 -0.0459 -0.0007 0.0319 0.0873 0.1544 -0.1293 -0.3285 -0.3348 -0.2957 -0.1657 -0.0456 -0.0005 0.0321 0.0877 0.1538 -0.1306 -0.3286 -0.3347 -0.2953 -0.1649 -0.0453 -0.0003 0.0323 0.0882 0.1532 -0.1319 -0.3287 -0.3347 -0.2950 -0.1639 -0.0450 -0.0003 0.0327 0.0880 0.1426 0.0880 0.0327 -0.0003 -0.0450 -0.1639 -0.2950 -0.3347 -0.3287 -0.1319 0.1532 0.0882 0.0323 -0.0003 -0.0453 -0.1649 -0.2953 -0.3347 -0.3286 -0.1306 0.1538 0.0877 0.0321 -0.0005 -0.0456 -0.1657 -0.2957 -0.3348 -0.3285 -0.1293 0.1544 0.0873 0.0319 -0.0007 -0.0459 -0.1665 -0.2962 -0.3348 -0.3284 -0.1280 0.1550 0.0869 0.0316 -0.0009 -0.0463 -0.1679 -0.2968 -0.3350 -0.3282 -0.1230 0.1221
-0.0838 -0.3279 -0.3350 -0.2966 -0.1670 -0.0458 -0.0002 0.0321 0.0878 0.1536 -0.1310 -0.3286 -0.3347 -0.2953 -0.1648 -0.0453 0.0001 0.0324 0.0883 0.1530 -0.1323 -0.3287 -0.3347 -0.2949 -0.1640 -0.0450 0.0003 0.0326 0.0887 0.1523 -0.1336 -0.3288 -0.3346 -0.2946 -0.1632 -0.0447 0.0004 0.0328 0.0891 0.1516 -0.1349 -0.3289 -0.3346 -0.2942 -0.1623 -0.0445 0.0006 0.0329 0.0903 0.1478 -0.0314 0.1478 0.0903 0.0329 0.0006 -0.0445 -0.1623 -0.2942 -0.3346 -0.3289 -0.1349 0.1516 0.0891 0.0328 0.0004 -0.0447 -0.1632 -0.2946 -0.3346 -0.3288 -0.1336 0.1523 0.0887 0.0326 0.0003 -0.0450 -0.1640 -0.2949 -0.3347 -0.3287 -0.1323 0.1530 0.0883 0.0324 0.0001 -0.0453 -0.1648 -0.2953 -0.3347 -0.3286 -0.1310 0.1536 0.0878 0.0321 -0.0002 -0.0458 -0.1670 -0.2966 -0.3350 -0.3279 -0.0838
-0.1922 -0.3349 -0.2968 -0.1670 -0.0456 0.0000 0.0325 0.0887 0.1522 -0.1340 -0.3288 -0.3346 -0.2944 -0.1629 -0.0446 0.0004 0.0329 0.0892 0.1514 -0.1353 -0.3289 -0.3346 -0.2940 -0.1620 -0.0444 0.0006 0.0331 0.0897 0.1507 -0.1366 -0.3290 -0.3345 -0.2936 -0.1612 -0.0441 0.0008 0.0333 0.0901 0.1500 -0.1379 -0.3291 -0.3344 -0.2932 -0.1603 -0.0438 0.0009 0.0335 0.0907 0.1469 -0.1441 -0.3207 -0.1441 0.1469 0.0907 0.0335 0.0009 -0.0438 -0.1603 -0.2932 -0.3344 -0.3291 -0.1379 0.1500 0.0901 0.0333 0.0008 -0.0441 -0.1612 -0.2936 -0.3345 -0.3290 -0.1366 0.1507 0.0897 0.0331 0.0006 -0.0444 -0.1620 -0.2940 -0.3346 -0.3289 -0.1353 0.1514 0.0892 0.0329 0.0004 -0.0446 -0.1629 -0.2944 -0.3346 -0.3288 -0.1340 0.1522 0.0887 0.0325 0.0000 -0.0456 -0.1670 -0.2968 -0.3349 -0.1922
-0.2147 -0.2980 -0.1679 -0.0458 0.0000 0.0326 0.0892 0.1511 -0.1365 -0.3290 -0.3345 -0.2935 -0.1609 -0.0440 0.0008 0.0334 0.0902 0.1498 -0.1383 -0.3291 -0.3344 -0.2931 -0.1601 -0.0437 0.0010 0.0336 0.0907 0.1490 -0.1396 -0.3292 -0.3344 -0.2927 -0.1592 -0.0434 0.0012 0.0338 0.0911 0.1483 -0.1409 -0.3293 -0.3343 -0.2923 -0.1584 -0.0432 0.0014 0.0340 0.0915 0.1476 -0.1444 -0.3310 -0.3392 -0.3310 -0.1444 0.1476 0.0915 0.0340 0.0014 -0.0432 -0.1584 -0.2923 -0.3343 -0.3293 -0.1409 0.1483 0.0911 0.0338 0.0012 -0.0434 -0.1592 -0.2927 -0.3344 -0.3292 -0.1396 0.1490 0.0907 0.0336 0.0010 -0.0437 -0.1601 -0.2931 -0.3344 -0.3291 -0.1383 0.1498 0.0902 0.0334 0.0008 -0.0440 -0.1609 -0.2935 -0.3345 -0.3290 -0.1365 0.1511 0.0892 0.0326 0.0000 -0.0458 -0.1679 -0.2980 -0.2147
-0.2049 -0.1725 -0.0463 -0.0002 0.0325 0.0892 0.1506 -0.1381 -0.3292 -0.3344 -0.2927 -0.1591 -0.0433 0.0012 0.0339 0.0912 0.1480 -0.1413 -0.3293 -0.3343 -0.2922 -0.1581 -0.0431 0.0014 0.0341 0.0917 0.1473 -0.1426 -0.3294 -0.3342 -0.2918 -0.1572 -0.0428 0.0016 0.0343 0.0921 0.1465 -0.1439 -0.3295 -0.3342 -0.2914 -0.1564 -0.0425 0.0017 0.0345 0.0925 0.1457 -0.1452 -0.3296 -0.3356 -0.3260 -0.3356 -0.3296 -0.1452 0.1457 0.0925 0.0345 0.0017 -0.0425 -0.1564 -0.2914 -0.3342 -0.3295 -0.1439 0.1465 0.0921 0.0343 0.0016 -0.0428 -0.1572 -0.2918 -0.3342 -0.3294 -0.1426 0.1473 0.0917 0.0341 0.0014 -0.0431 -0.1581 -0.2922 -0.3343 -0.3293 -0.1413 0.1480 0.0912 0.0339 0.0012 -0.0433 -0.1591 -0.2927 -0.3344 -0.3292 -0.1381 0.1506 0.0892 0.0325 -0.0002 -0.0463 -0.1725 -0.2049
-0.1353 -0.0483 -0.0009 0.0321 0.0887 0.1511 -0.1381 -0.3292 -0.3343 -0.2921 -0.1575 -0.0428 0.0016 0.0344 0.0922 0.1462 -0.1444 -0.3295 -0.3341 -0.2912 -0.1561 -0.0424 0.0018 0.0346 0.0927 0.1454 -0.1457 -0.3296 -0.3341 -0.2908 -0.1553 -0.0421 0.0020 0.0348 0.0931 0.1446 -0.1470 -0.3297 -0.3340 -0.2904 -0.1544 -0.0419 0.0021 0.0350 0.0936 0.1438 -0.1483 -0.3297 -0.3323 -0.2896 -0.2341 -0.2896 -0.3323 -0.3297 -0.1483 0.1438 0.0936 0.0350 0.0021 -0.0419 -0.1544 -0.2904 -0.3340 -0.3297 -0.1470 0.1446 0.0931 0.0348 0.0020 -0.0421 -0.1553 -0.2908 -0.3341 -0.3296 -0.1457 0.1454 0.0927 0.0346 0.0018 -0.0424 -0.1561 -0.2912 -0.3341 -0.3295 -0.1444 0.1462 0.0922 0.0344 0.0016 -0.0428 -0.1575 -0.2921 -0.3343 -0.3292 -0.1381 0.1511 0.0887 0.0321 -0.0009 -0.0483 -0.1353
-0.0605 0.0016 0.0316 0.0878 0.1522 -0.1365 -0.3292 -0.3343 -0.2918 -0.1565 -0.0424 0.0019 0.0348 0.0932 0.1443 -0.1474 -0.3297 -0.3340 -0.2903 -0.1541 -0.0418 0.0022 0.0351 0.0937 0.1435 -0.1487 -0.3298 -0.3339 -0.2898 -0.1533 -0.0415 0.0024 0.0353 0.0942 0.1426 -0.1501 -0.3299 -0.3339 -0.2894 -0.1525 -0.0412 0.0025 0.0356 0.0946 0.1418 -0.1514 -0.3300 -0.3338 -0.2841 -0.1452 -0.0690 -0.1452 -0.2841 -0.3338 -0.3300 -0.1514 0.1418 0.0946 0.0356 0.0025 -0.0412 -0.1525 -0.2894 -0.3339 -0.3299 -0.1501 0.1426 0.0942 0.0353 0.0024 -0.0415 -0.1533 -0.2898 -0.3339 -0.3298 -0.1487 0.1435 0.0937 0.0351 0.0022 -0.0418 -0.1541 -0.2903 -0.3340 -0.3297 -0.1474 0.1443 0.0932 0.0348 0.0019 -0.0424 -0.1565 -0.2918 -0.3343 -0.3292 -0.1365 0.1522 0.0878 0.0316 0.0016 -0.0605
-0.0218 0.0347 0.0869 0.1536 -0.1340 -0.3290 -0.3344 -0.2921 -0.1565 -0.0422 0.0021 0.0352 0.0940 0.1426 -0.1503 -0.3299 -0.3338 -0.2893 -0.1522 -0.0411 0.0026 0.0356 0.0948 0.1415 -0.1518 -0.3300 -0.3338 -0.2888 -0.1513 -0.0408 0.0027 0.0359 0.0952 0.1406 -0.1531 -0.3301 -0.3337 -0.2884 -0.1505 -0.0406 0.0029 0.0361 0.0957 0.1396 -0.1545 -0.3302 -0.3337 -0.2880 -0.1436 -0.0340 -0.0028 -0.0340 -0.1436 -0.2880 -0.3337 -0.3302 -0.1545 0.1396 0.0957 0.0361 0.0029 -0.0406 -0.1505 -0.2884 -0.3337 -0.3301 -0.1531 0.1406 0.0952 0.0359 0.0027 -0.0408 -0.1513 -0.2888 -0.3338 -0.3300 -0.1518 0.1415 0.0948 0.0356 0.0026 -0.0411 -0.1522 -0.2893 -0.3338 -0.3299 -0.1503 0.1426 0.0940 0.0352 0.0021 -0.0422 -0.1565 -0.2921 -0.3344 -0.3290 -0.1340 0.1536 0.0869 0.0347 -0.0218
0.0160 0.0860 0.1550 -0.1310 -0.3288 -0.3345 -0.2927 -0.1575 -0.0424 0.0021 0.0353 0.0945 0.1413 -0.1527 -0.3301 -0.3337 -0.2883 -0.1502 -0.0405 0.0030 0.0361 0.0958 0.1393 -0.1549 -0.3302 -0.3336 -0.2878 -0.1494 -0.0402 0.0031 0.0364 0.0963 0.1384 -0.1562 -0.3303 -0.3335 -0.2874 -0.1485 -0.0399 0.0033 0.0366 0.0968 0.1375 -0.1576 -0.3304 -0.3335 -0.2871 -0.1480 -0.0396 0.0074 0.0286 0.0074 -0.0396 -0.1480 -0.2871 -0.3335 -0.3304 -0.1576 0.1375 0.0968 0.0366 0.0033 -0.0399 -0.1485 -0.2874 -0.3335 -0.3303 -0.1562 0.1384 0.0963 0.0364 0.0031 -0.0402 -0.1494 -0.2878 -0.3336 -0.3302 -0.1549 0.1393 0.0958 0.0361 0.0030 -0.0405 -0.1502 -0.2883 -0.3337 -0.3301 -0.1527 0.1413 0.0945 0.0353 0.0021 -0.0424 -0.1575 -0.2927 -0.3345 -0.3288 -0.1310 0.1550 0.0860 0.0160
0.0678 0.1564 -0.1280 -0.3286 -0.3346 -0.2935 -0.1591 -0.0428 0.0019 0.0352 0.0945 0.1407 -0.1542 -0.3302 -0.3336 -0.2874 -0.1484 -0.0398 0.0034 0.0367 0.0969 0.1371 -0.1580 -0.3304 -0.3334 -0.2868 -0.1474 -0.0396 0.0035 0.0369 0.0974 0.1362 -0.1594 -0.3305 -0.3334 -0.2864 -0.1466 -0.0393 0.0037 0.0371 0.0979 0.1352 -0.1607 -0.3306 -0.3333 -0.2859 -0.1459 -0.0392 0.0039 0.0409 0.0747 0.0409 0.0039 -0.0392 -0.1459 -0.2859 -0.3333 -0.3306 -0.1607 0.1352 0.0979 0.0371 0.0037 -0.0393 -0.1466 -0.2864 -0.3334 -0.3305 -0.1594 0.1362 0.0974 0.0369 0.0035 -0.0396 -0.1474 -0.2868 -0.3334 -0.3304 -0.1580 0.1371 0.0969 0.0367 0.0034 -0.0398 -0.1484 -0.2874 -0.3336 -0.3302 -0.1542 0.1407 0.0945 0.0352 0.0019 -0.0428 -0.1591 -0.2935 -0.3346 -0.3286 -0.1280 0.1564 0.0678
0.1215 -0.1249 -0.3284 -0.3347 -0.2944 -0.1609 -0.0433 0.0016 0.0348 0.0940 0.1413 -0.1542 -0.3303 -0.3335 -0.2868 -0.1469 -0.0393 0.0037 0.0372 0.0981 0.1348 -0.1612 -0.3306 -0.3333 -0.2858 -0.1455 -0.0389 0.0039 0.0374 0.0986 0.1338 -0.1625 -0.3307 -0.3332 -0.2853 -0.1447 -0.0387 0.0041 0.0376 0.0990 0.1328 -0.1639 -0.3308 -0.3331 -0.2849 -0.1438 -0.0384 0.0041 0.0380 0.0968 0.1443 0.0968 0.0380 0.0041 -0.0384 -0.1438 -0.2849 -0.3331 -0.3308 -0.1639 0.1328 0.0990 0.0376 0.0041 -0.0387 -0.1447 -0.2853 -0.3332 -0.3307 -0.1625 0.1338 0.0986 0.0374 0.0039 -0.0389 -0.1455 -0.2858 -0.3333 -0.3306 -0.1612 0.1348 0.0981 0.0372 0.0037 -0.0393 -0.1469 -0.2868 -0.3335 -0.3303 -0.1542 0.1413 0.0940 0.0348 0.0016 -0.0433 -0.1609 -0.2944 -0.3347 -0.3284 -0.1249 0.1215
-0.0847 -0.3280 -0.3348 -0.2953 -0.1629 -0.0440 0.0012 0.0344 0.0932 0.1426 -0.1527 -0.3302 -0.3335 -0.2865 -0.1459 -0.0389 0.0040 0.0376 0.0991 0.1324 -0.1643 -0.3308 -0.3331 -0.2848 -0.1435 -0.0383 0.0043 0.0379 0.0997 0.1314 -0.1657 -0.3309 -0.3330 -0.2843 -0.1427 -0.0380 0.0044 0.0381 0.1002 0.1303 -0.1670 -0.3309 -0.3329 -0.2838 -0.1419 -0.0378 0.0046 0.0383 0.1018 0.1246 -0.0736 0.1246 0.1018 0.0383 0.0046 -0.0378 -0.1419 -0.2838 -0.3329 -0.3309 -0.1670 0.1303 0.1002 0.0381 0.0044 -0.0380 -0.1427 -0.2843 -0.3330 -0.3309 -0.1657 0.1314 0.0997 0.0379 0.0043 -0.0383 -0.1435 -0.2848 -0.3331 -0.3308 -0.1643 0.1324 0.0991 0.0376 0.0040 -0.0389 -0.1459 -0.2865 -0.3335 -0.3302 -0.1527 0.1426 0.0932 0.0344 0.0012 -0.0440 -0.1629 -0.2953 -0.3348 -0.3280 -0.0847
-0.1924 -0.3348 -0.2962 -0.1648 -0.0446 0.0008 0.0339 0.0922 0.1443 -0.1503 -0.3301 -0.3336 -0.2868 -0.1459 -0.0387 0.0042 0.0380 0.1000 0.1303 -0.1673 -0.3310 -0.3329 -0.2837 -0.1416 -0.0377 0.0047 0.0384 0.1009 0.1289 -0.1689 -0.3311 -0.3328 -0.2832 -0.1408 -0.0374 0.0048 0.0387 0.1014 0.1278 -0.1703 -0.3311 -0.3327 -0.2828 -0.1400 -0.0371 0.0050 0.0389 0.1022 0.1233 -0.1768 -0.3238 -0.1768 0.1233 0.1022 0.0389 0.0050 -0.0371 -0.1400 -0.2828 -0.3327 -0.3311 -0.1703 0.1278 0.1014 0.0387 0.0048 -0.0374 -0.1408 -0.2832 -0.3328 -0.3311 -0.1689 0.1289 0.1009 0.0384 0.0047 -0.0377 -0.1416 -0.2837 -0.3329 -0.3310 -0.1673 0.1303 0.1000 0.0380 0.0042 -0.0387 -0.1459 -0.2868 -0.3336 -0.3301 -0.1503 0.1443 0.0922 0.0339 0.0008 -0.0446 -0.1648 -0.2962 -0.3348 -0.1924
-0.2147 -0.2976 -0.1665 -0.0453 0.0004 0.0334 0.0912 0.1462 -0.1474 -0.3299 -0.3337 -0.2874 -0.1469 -0.0389 0.0042 0.0381 0.1006 0.1287 -0.1698 -0.3311 -0.3327 -0.2826 -0.1397 -0.0371 0.0050 0.0390 0.1021 0.1263 -0.1721 -0.3312 -0.3326 -0.2822 -0.1389 -0.0368 0.0052 0.0392 0.1026 0.1251 -0.1735 -0.3313 -0.3325 -0.2817 -0.1381 -0.0365 0.0054 0.0394 0.1031 0.1240 -0.1771 -0.3330 -0.3399 -0.3330 -0.1771 0.1240 0.1031 0.0394 0.0054 -0.0365 -0.1381 -0.2817 -0.3325 -0.3313 -0.1735 0.1251 0.1026 0.0392 0.0052 -0.0368 -0.1389 -0.2822 -0.3326 -0.3312 -0.1721 0.1263 0.1021 0.0390 0.0050 -0.0371 -0.1397 -0.2826 -0.3327 -0.3311 -0.1698 0.1287 0.1006 0.0381 0.0042 -0.0389 -0.1469 -0.2874 -0.3337 -0.3299 -0.1474 0.1462 0.0912 0.0334 0.0004 -0.0453 -0.1665 -0.2976 -0.2147
-0.2048 -0.1714 -0.0459 0.0001 0.0329 0.0902 0.1480 -0.1444 -0.3297 -0.3338 -0.2883 -0.1484 -0.0393 0.0040 0.0380 0.1006 0.1280 -0.1714 -0.3312 -0.3325 -0.2817 -0.1379 -0.0364 0.0054 0.0395 0.1033 0.1235 -0.1754 -0.3314 -0.3324 -0.2811 -0.1370 -0.0362 0.0056 0.0397 0.1038 0.1224 -0.1768 -0.3315 -0.3323 -0.2806 -0.1362 -0.0359 0.0057 0.0400 0.1044 0.1212 -0.1781 -0.3315 -0.3336 -0.3205 -0.3336 -0.3315 -0.1781 0.1212 0.1044 0.0400 0.0057 -0.0359 -0.1362 -0.2806 -0.3323 -0.3315 -0.1768 0.1224 0.1038 0.0397 0.0056 -0.0362 -0.1370 -0.2811 -0.3324 -0.3314 -0.1754 0.1235 0.1033 0.0395 0.0054 -0.0364 -0.1379 -0.2817 -0.3325 -0.3312 -0.1714 0.1280 0.1006 0.0380 0.0040 -0.0393 -0.1484 -0.2883 -0.3338 -0.3297 -0.1444 0.1480 0.0902 0.0329 0.0001 -0.0459 -0.1714 -0.2048
-0.1348 -0.0479 -0.0007 0.0324 0.0892 0.1498 -0.1413 -0.3295 -0.3340 -0.2893 -0.1502 -0.0398 0.0037 0.0376 0.1000 0.1287 -0.1714 -0.3313 -0.3324 -0.2810 -0.1364 -0.0359 0.0058 0.0400 0.1046 0.1207 -0.1786 -0.3316 -0.3322 -0.2799 -0.1351 -0.0355 0.0059 0.0403 0.1051 0.1195 -0.1801 -0.3317 -0.3321 -0.2795 -0.1343 -0.0353 0.0061 0.0405 0.1056 0.1183 -0.1815 -0.3317 -0.3300 -0.2781 -0.2147 -0.2781 -0.3300 -0.3317 -0.1815 0.1183 0.1056 0.0405 0.0061 -0.0353 -0.1343 -0.2795 -0.3321 -0.3317 -0.1801 0.1195 0.1051 0.0403 0.0059 -0.0355 -0.1351 -0.2799 -0.3322 -0.3316 -0.1786 0.1207 0.1046 0.0400 0.0058 -0.0359 -0.1364 -0.2810 -0.3324 -0.3313 -0.1714 0.1287 0.1000 0.0376 0.0037 -0.0398 -0.1502 -0.2893 -0.3340 -0.3295 -0.1413 0.1498 0.0892 0.0324 -0.0007 -0.0479 -0.1348
-0.0603 0.0019 0.0319 0.0883 0.1514 -0.1383 -0.3293 -0.3341 -0.2903 -0.1522 -0.0405 0.0034 0.0372 0.0991 0.1303 -0.1698 -0.3312 -0.3324 -0.2807 -0.1355 -0.0355 0.0060 0.0405 0.1057 0.1178 -0.1820 -0.3318 -0.3320 -0.2788 -0.1332 -0.0349 0.0063 0.0408 0.1064 0.1166 -0.1834 -0.3318 -0.3319 -0.2783 -0.1324 -0.0347 0.0065 0.0410 0.1070 0.1153 -0.1849 -0.3319 -0.3317 -0.2724 -0.1248 -0.0566 -0.1248 -0.2724 -0.3317 -0.3319 -0.1849 0.1153 0.1070 0.0410 0.0065 -0.0347 -0.1324 -0.2783 -0.3319 -0.3318 -0.1834 0.1166 0.1064 0.0408 0.0063 -0.0349 -0.1332 -0.2788 -0.3320 -0.3318 -0.1820 0.1178 0.1057 0.0405 0.0060 -0.0355 -0.1355 -0.2807 -0.3324 -0.3312 -0.1698 0.1303 0.0991 0.0372 0.0034 -0.0405 -0.1522 -0.2903 -0.3341 -0.3293 -0.1383 0.1514 0.0883 0.0319 0.0019 -0.0603
-0.0217 0.0348 0.0873 0.1530 -0.1353 -0.3291 -0.3343 -0.2912 -0.1541 -0.0411 0.0030 0.0367 0.0981 0.1324 -0.1673 -0.3311 -0.3325 -0.2810 -0.1355 -0.0353 0.0062 0.0408 0.1068 0.1153 -0.1851 -0.3319 -0.3317 -0.2777 -0.1313 -0.0343 0.0067 0.0413 0.1077 0.1135 -0.1868 -0.3320 -0.3316 -0.2772 -0.1305 -0.0341 0.0068 0.0416 0.1083 0.1122 -0.1883 -0.3321 -0.3316 -0.2768 -0.1244 -0.0277 0.0013 -0.0277 -0.1244 -0.2768 -0.3316 -0.3321 -0.1883 0.1122 0.1083 0.0416 0.0068 -0.0341 -0.1305 -0.2772 -0.3316 -0.3320 -0.1868 0.1135 0.1077 0.0413 0.0067 -0.0343 -0.1313 -0.2777 -0.3317 -0.3319 -0.1851 0.1153 0.1068 0.0408 0.0062 -0.0353 -0.1355 -0.2810 -0.3325 -0.3311 -0.1673 0.1324 0.0981 0.0367 0.0030 -0.0411 -0.1541 -0.2912 -0.3343 -0.3291 -0.1353 0.1530 0.0873 0.0348 -0.0217
0.0162 0.0864 0.1544 -0.1323 -0.3289 -0.3344 -0.2922 -0.1561 -0.0418 0.0026 0.0361 0.0969 0.1348 -0.1643 -0.3310 -0.3327 -0.2817 -0.1364 -0.0355 0.0062 0.0410 0.1074 0.1133 -0.1878 -0.3321 -0.3315 -0.2765 -0.1294 -0.0337 0.0070 0.0419 0.1091 0.1104 -0.1902 -0.3322 -0.3314 -0.2760 -0.1287 -0.0335 0.0072 0.0421 0.1097 0.1091 -0.1917 -0.3322 -0.3313 -0.2757 -0.1281 -0.0331 0.0111 0.0333 0.0111 -0.0331 -0.1281 -0.2757 -0.3313 -0.3322 -0.1917 0.1091 0.1097 0.0421 0.0072 -0.0335 -0.1287 -0.2760 -0.3314 -0.3322 -0.1902 0.1104 0.1091 0.0419 0.0070 -0.0337 -0.1294 -0.2765 -0.3315 -0.3321 -0.1878 0.1133 0.1074 0.0410 0.0062 -0.0355 -0.1364 -0.2817 -0.3327 -0.3310 -0.1643 0.1348 0.0969 0.0361 0.0026 -0.0418 -0.1561 -0.2922 -0.3344 -0.3289 -0.1323 0.1544 0.0864 0.0162
0.0681 0.1558 -0.1293 -0.3287 -0.3346 -0.2931 -0.1581 -0.0424 0.0022 0.0356 0.0958 0.1371 -0.1612 -0.3308 -0.3329 -0.2826 -0.1379 -0.0359 0.0060 0.0408 0.1074 0.1125 -0.1895 -0.3322 -0.3313 -0.2755 -0.1277 -0.0331 0.0074 0.0424 0.1105 0.1072 -0.1937 -0.3323 -0.3312 -0.2749 -0.1268 -0.0329 0.0076 0.0426 0.1111 0.1058 -0.1952 -0.3324 -0.3311 -0.2743 -0.1262 -0.0328 0.0078 0.0463 0.0815 0.0463 0.0078 -0.0328 -0.1262 -0.2743 -0.3311 -0.3324 -0.1952 0.1058 0.1111 0.0426 0.0076 -0.0329 -0.1268 -0.2749 -0.3312 -0.3323 -0.1937 0.1072 0.1105 0.0424 0.0074 -0.0331 -0.1277 -0.2755 -0.3313 -0.3322 -0.1895 0.1125 0.1074 0.0408 0.0060 -0.0359 -0.1379 -0.2826 -0.3329 -0.3308 -0.1612 0.1371 0.0958 0.0356 0.0022 -0.0424 -0.1581 -0.2931 -0.3346 -0.3287 -0.1293 0.1558 0.0681
0.1209 -0.1262 -0.3285 -0.3347 -0.2940 -0.1601 -0.0431 0.0018 0.0351 0.0948 0.1393 -0.1580 -0.3306 -0.3331 -0.2837 -0.1397 -0.0364 0.0058 0.0405 0.1068 0.1133 -0.1895 -0.3322 -0.3312 -0.2748 -0.1263 -0.0326 0.0077 0.0430 0.1119 0.1039 -0.1972 -0.3325 -0.3309 -0.2737 -0.1250 -0.0323 0.0079 0.0432 0.1125 0.1025 -0.1987 -0.3326 -0.3308 -0.2732 -0.1242 -0.0320 0.0080 0.0436 0.1073 0.1428 0.1073 0.0436 0.0080 -0.0320 -0.1242 -0.2732 -0.3308 -0.3326 -0.1987 0.1025 0.1125 0.0432 0.0079 -0.0323 -0.1250 -0.2737 -0.3309 -0.3325 -0.1972 0.1039 0.1119 0.0430 0.0077 -0.0326 -0.1263 -0.2748 -0.3312 -0.3322 -0.1895 0.1133 0.1068 0.0405 0.0058 -0.0364 -0.1397 -0.2837 -0.3331 -0.3306 -0.1580 0.1393 0.0948 0.0351 0.0018 -0.0431 -0.1601 -0.2940 -0.3347 -0.3285 -0.1262 0.1209
-0.0855 -0.3281 -0.3348 -0.2949 -0.1620 -0.0437 0.0014 0.0346 0.0937 0.1415 -0.1549 -0.3304 -0.3333 -0.2848 -0.1416 -0.0371 0.0054 0.0400 0.1057 0.1153 -0.1878 -0.3322 -0.3312 -0.2744 -0.1254 -0.0322 0.0080 0.0434 0.1132 0.1005 -0.2008 -0.3326 -0.3307 -0.2725 -0.1232 -0.0317 0.0083 0.0437 0.1140 0.0991 -0.2023 -0.3327 -0.3305 -0.2719 -0.1224 -0.0314 0.0084 0.0439 0.1161 0.0914 -0.1162 0.0914 0.1161 0.0439 0.0084 -0.0314 -0.1224 -0.2719 -0.3305 -0.3327 -0.2023 0.0991 0.1140 0.0437 0.0083 -0.0317 -0.1232 -0.2725 -0.3307 -0.3326 -0.2008 0.1005 0.1132 0.0434 0.0080 -0.0323 -0.1255 -0.2746 -0.3312 -0.3322 -0.1878 0.1153 0.1057 0.0400 0.0054 -0.0371 -0.1416 -0.2848 -0.3333 -0.3304 -0.1549 0.1415 0.0937 0.0346 0.0014 -0.0437 -0.1620 -0.2949 -0.3348 -0.3281 -0.0855
-0.1925 -0.3348 -0.2957 -0.1640 -0.0444 0.0010 0.0341 0.0927 0.1435 -0.1518 -0.3302 -0.3334 -0.2858 -0.1435 -0.0377 0.0050 0.0395 0.1046 0.1178 -0.1851 -0.3321 -0.3313 -0.2748 -0.1254 -0.0320 0.0082 0.0438 0.1143 0.0976 -0.2041 -0.3328 -0.3304 -0.2712 -0.1214 -0.0311 0.0086 0.0443 0.1155 0.0956 -0.2060 -0.3329 -0.3303 -0.2707 -0.1206 -0.0308 0.0088 0.0445 0.1167 0.0900 -0.2134 -0.3267 -0.2134 0.0900 0.1167 0.0445 0.0088 -0.0308 -0.1206 -0.2707 -0.3303 -0.3329 -0.2060 0.0956 0.1155 0.0443 0.0086 -0.0311 -0.1214 -0.2712 -0.3304 -0.3328 -0.2041 0.0976 0.1143 0.0437 0.0082 -0.0321 -0.1255 -0.2748 -0.3313 -0.3321 -0.1851 0.1178 0.1046 0.0395 0.0050 -0.0377 -0.1435 -0.2858 -0.3334 -0.3302 -0.1518 0.1435 0.0927 0.0341 0.0010 -0.0444 -0.1640 -0.2957 -0.3348 -0.1925
-0.2148 -0.2972 -0.1657 -0.0450 0.0006 0.0336 0.0917 0.1454 -0.1487 -0.3300 -0.3336 -0.2868 -0.1455 -0.0383 0.0047 0.0390 0.1033 0.1207 -0.1820 -0.3319 -0.3315 -0.2755 -0.1263 -0.0322 0.0082 0.0439 0.1150 0.0956 -0.2068 -0.3329 -0.3301 -0.2700 -0.1196 -0.0305 0.0090 0.0448 0.1171 0.0920 -0.2097 -0.3330 -0.3300 -0.2695 -0.1188 -0.0302 0.0092 0.0451 0.1177 0.0905 -0.2137 -0.3347 -0.3401 -0.3347 -0.2137 0.0905 0.1177 0.0451 0.0092 -0.0302 -0.1188 -0.2695 -0.3300 -0.3330 -0.2097 0.0920 0.1171 0.0448 0.0090 -0.0305 -0.1196 -0.2700 -0.3301 -0.3329 -0.2068 0.0956 0.1149 0.0439 0.0082 -0.0323 -0.1263 -0.2755 -0.3315 -0.3319 -0.1820 0.1207 0.1033 0.0390 0.0047 -0.0383 -0.1455 -0.2868 -0.3336 -0.3300 -0.1487 0.1454 0.0917 0.0336 0.0006 -0.0450 -0.1657 -0.2972 -0.2148
-0.2046 -0.1706 -0.0456 0.0003 0.0331 0.0907 0.1473 -0.1457 -0.3298 -0.3338 -0.2878 -0.1474 -0.0389 0.0043 0.0384 0.1021 0.1235 -0.1786 -0.3318 -0.3317 -0.2765 -0.1277 -0.0326 0.0080 0.0437 0.1149 0.0948 -0.2083 -0.3330 -0.3299 -0.2689 -0.1179 -0.0299 0.0094 0.0454 0.1187 0.0883 -0.2134 -0.3332 -0.3297 -0.2682 -0.1170 -0.0296 0.0095 0.0456 0.1194 0.0868 -0.2150 -0.3330 -0.3309 -0.3137 -0.3309 -0.3330 -0.2150 0.0868 0.1194 0.0456 0.0095 -0.0296 -0.1170 -0.2682 -0.3297 -0.3332 -0.2134 0.0883 0.1187 0.0454 0.0094 -0.0299 -0.1179 -0.2689 -0.3299 -0.3330 -0.2083 0.0948 0.1149 0.0437 0.0080 -0.0326 -0.1277 -0.2765 -0.3317 -0.3318 -0.1786 0.1235 0.1021 0.0384 0.0043 -0.0389 -0.1474 -0.2878 -0.3338 -0.3298 -0.1457 0.1473 0.0907 0.0331 0.0003 -0.0456 -0.1706 -0.2046
-0.1343 -0.0476 -0.0005 0.0326 0.0897 0.1490 -0.1426 -0.3296 -0.3339 -0.2888 -0.1494 -0.0396 0.0039 0.0379 0.1009 0.1263 -0.1754 -0.3316 -0.3320 -0.2777 -0.1294 -0.0331 0.0077 0.0434 0.1143 0.0956 -0.2083 -0.3330 -0.3298 -0.2682 -0.1167 -0.0294 0.0097 0.0460 0.1203 0.0846 -0.2172 -0.3333 -0.3294 -0.2669 -0.1153 -0.0291 0.0099 0.0462 0.1210 0.0830 -0.2189 -0.3333 -0.3270 -0.2649 -0.1938 -0.2649 -0.3270 -0.3333 -0.2189 0.0830 0.1210 0.0462 0.0099 -0.0291 -0.1153 -0.2669 -0.3294 -0.3333 -0.2172 0.0846 0.1203 0.0460 0.0097 -0.0294 -0.1167 -0.2682 -0.3298 -0.3330 -0.2083 0.0956 0.1143 0.0434 0.0077 -0.0331 -0.1294 -0.2777 -0.3320 -0.3316 -0.1754 0.1263 0.1009 0.0379 0.0039 -0.0396 -0.1494 -0.2888 -0.3339 -0.3296 -0.1426 0.1490 0.0897 0.0326 -0.0005 -0.0476 -0.1343
-0.0601 0.0020 0.0321 0.0887 0.1507 -0.1396 -0.3294 -0.3341 -0.2898 -0.1513 -0.0402 0.0035 0.0374 0.0997 0.1289 -0.1721 -0.3314 -0.3322 -0.2788 -0.1313 -0.0337 0.0074 0.0430 0.1132 0.0976 -0.2068 -0.3330 -0.3298 -0.2679 -0.1159 -0.0291 0.0099 0.0464 0.1219 0.0808 -0.2211 -0.3334 -0.3291 -0.2656 -0.1136 -0.0285 0.0102 0.0468 0.1227 0.0792 -0.2228 -0.3335 -0.3290 -0.2592 -0.1059 -0.0458 -0.1059 -0.2592 -0.3290 -0.3335 -0.2228 0.0792 0.1227 0.0468 0.0102 -0.0285 -0.1136 -0.2656 -0.3291 -0.3334 -0.2211 0.0808 0.1219 0.0464 0.0099 -0.0291 -0.1159 -0.2679 -0.3298 -0.3330 -0.2068 0.0976 0.1132 0.0430 0.0074 -0.0337 -0.1313 -0.2788 -0.3322 -0.3314 -0.1721 0.1289 0.0997 0.0374 0.0035 -0.0402 -0.1513 -0.2898 -0.3341 -0.3294 -0.1396 0.1507 0.0887 0.0321 0.0020 -0.0601
-0.0215 0.0350 0.0877 0.1523 -0.1366 -0.3292 -0.3342 -0.2908 -0.1533 -0.0408 0.0031 0.0369 0.0986 0.1314 -0.1689 -0.3312 -0.3324 -0.2799 -0.1332 -0.0343 0.0070 0.0424 0.1119 0.1005 -0.2041 -0.3329 -0.3299 -0.2682 -0.1159 -0.0289 0.0101 0.0468 0.1231 0.0775 -0.2248 -0.3336 -0.3288 -0.2643 -0.1119 -0.0279 0.0106 0.0473 0.1245 0.0753 -0.2268 -0.3336 -0.3288 -0.2639 -0.1068 -0.0218 0.0050 -0.0218 -0.1068 -0.2639 -0.3288 -0.3336 -0.2268 0.0753 0.1245 0.0473 0.0106 -0.0279 -0.1119 -0.2643 -0.3288 -0.3336 -0.2248 0.0775 0.1231 0.0468 0.0101 -0.0289 -0.1159 -0.2682 -0.3299 -0.3329 -0.2041 0.1005 0.1119 0.0424 0.0070 -0.0343 -0.1332 -0.2799 -0.3324 -0.3312 -0.1689 0.1314 0.0986 0.0369 0.0031 -0.0408 -0.1533 -0.2908 -0.3342 -0.3292 -0.1366 0.1523 0.0877 0.0350 -0.0215
0.0164 0.0868 0.1538 -0.1336 -0.3290 -0.3344 -0.2918 -0.1553 -0.0415 0.0027 0.0364 0.0974 0.1338 -0.1657 -0.3311 -0.3326 -0.2811 -0.1351 -0.0349 0.0067 0.0419 0.1105 0.1039 -0.2008 -0.3328 -0.3301 -0.2689 -0.1167 -0.0291 0.0101 0.0469 0.1239 0.0753 -0.2277 -0.3337 -0.3285 -0.2630 -0.1102 -0.0273 0.0109 0.0479 0.1263 0.0714 -0.2309 -0.3338 -0.3284 -0.2626 -0.1097 -0.0270 0.0147 0.0384 0.0147 -0.0270 -0.1097 -0.2626 -0.3284 -0.3338 -0.2309 0.0714 0.1263 0.0479 0.0109 -0.0273 -0.1102 -0.2630 -0.3285 -0.3337 -0.2277 0.0753 0.1239 0.0469 0.0101 -0.0291 -0.1167 -0.2689 -0.3301 -0.3328 -0.2008 0.1039 0.1105 0.0419 0.0067 -0.0349 -0.1351 -0.2811 -0.3326 -0.3311 -0.1657 0.1338 0.0974 0.0364 0.0027 -0.0415 -0.1553 -0.2918 -0.3344 -0.3290 -0.1336 0.1538 0.0868 0.0164
0.0685 0.1552 -0.1306 -0.3288 -0.3345 -0.2927 -0.1572 -0.0421 0.0024 0.0359 0.0963 0.1362 -0.1625 -0.3309 -0.3328 -0.2822 -0.1370 -0.0355 0.0063 0.0413 0.1091 0.1072 -0.1972 -0.3326 -0.3304 -0.2700 -0.1179 -0.0294 0.0099 0.0468 0.1239 0.0745 -0.2294 -0.3338 -0.3283 -0.2619 -0.1086 -0.0268 0.0113 0.0485 0.1282 0.0674 -0.2350 -0.3339 -0.3281 -0.2611 -0.1079 -0.0267 0.0115 0.0519 0.0888 0.0519 0.0115 -0.0267 -0.1079 -0.2611 -0.3281 -0.3339 -0.2350 0.0674 0.1282 0.0485 0.0113 -0.0268 -0.1086 -0.2619 -0.3283 -0.3338 -0.2294 0.0745 0.1239 0.0468 0.0099 -0.0294 -0.1179 -0.2700 -0.3304 -0.3326 -0.1972 0.1072 0.1091 0.0413 0.0063 -0.0355 -0.1370 -0.2822 -0.3328 -0.3309 -0.1625 0.1362 0.0963 0.0359 0.0024 -0.0421 -0.1572 -0.2927 -0.3345 -0.3288 -0.1306 0.1552 0.0685
0.1203 -0.1275 -0.3286 -0.3346 -0.2936 -0.1592 -0.0428 0.0020 0.0353 0.0952 0.1384 -0.1594 -0.3307 -0.3330 -0.2832 -0.1389 -0.0362 0.0059 0.0408 0.1077 0.1104 -0.1937 -0.3325 -0.3307 -0.2712 -0.1196 -0.0299 0.0097 0.0464 0.1231 0.0753 -0.2294 -0.3338 -0.3282 -0.2611 -0.1074 -0.0263 0.0116 0.0490 0.1301 0.0634 -0.2392 -0.3340 -0.3277 -0.2597 -0.1061 -0.0260 0.0117 0.0495 0.1201 0.1365 0.1201 0.0495 0.0117 -0.0260 -0.1061 -0.2597 -0.3277 -0.3340 -0.2392 0.0634 0.1301 0.0490 0.0116 -0.0263 -0.1074 -0.2611 -0.3282 -0.3338 -0.2294 0.0753 0.1231 0.0464 0.0097 -0.0299 -0.1196 -0.2712 -0.3307 -0.3325 -0.1937 0.1104 0.1077 0.0408 0.0059 -0.0362 -0.1389 -0.2832 -0.3330 -0.3307 -0.1594 0.1384 0.0952 0.0353 0.0020 -0.0428 -0.1592 -0.2936 -0.3346 -0.3286 -0.1275 0.1203
-0.0863 -0.3282 -0.3347 -0.2946 -0.1612 -0.0434 0.0016 0.0348 0.0942 0.1406 -0.1562 -0.3305 -0.3332 -0.2843 -0.1408 -0.0368 0.0056 0.0403 0.1064 0.1135 -0.1902 -0.3323 -0.3309 -0.2725 -0.1214 -0.0305 0.0094 0.0460 0.1219 0.0775 -0.2277 -0.3338 -0.3282 -0.2608 -0.1067 -0.0260 0.0119 0.0495 0.1320 0.0593 -0.2435 -0.3341 -0.3274 -0.2584 -0.1045 -0.0254 0.0121 0.0498 0.1353 0.0505 -0.1623 0.0505 0.1353 0.0498 0.0121 -0.0254 -0.1045 -0.2584 -0.3274 -0.3341 -0.2435 0.0593 0.1320 0.0495 0.0119 -0.0260 -0.1067 -0.2608 -0.3282 -0.3338 -0.2277 0.0775 0.1219 0.0460 0.0094 -0.0305 -0.1214 -0.2725 -0.3309 -0.3323 -0.1902 0.1135 0.1064 0.0403 0.0056 -0.0368 -0.1408 -0.2843 -0.3332 -0.3305 -0.1562 0.1406 0.0942 0.0348 0.0016 -0.0434 -0.1612 -0.2946 -0.3347 -0.3282 -0.0863
-0.1927 -0.3347 -0.2953 -0.1632 -0.0441 0.0012 0.0343 0.0931 0.1426 -0.1531 -0.3303 -0.3334 -0.2853 -0.1427 -0.0374 0.0052 0.0397 0.1051 0.1166 -0.1868 -0.3322 -0.3312 -0.2737 -0.1232 -0.0311 0.0090 0.0454 0.1203 0.0808 -0.2248 -0.3337 -0.3283 -0.2611 -0.1067 -0.0258 0.0120 0.0499 0.1335 0.0558 -0.2476 -0.3343 -0.3270 -0.2570 -0.1029 -0.0248 0.0125 0.0504 0.1360 0.0491 -0.2569 -0.3294 -0.2569 0.0491 0.1360 0.0504 0.0125 -0.0248 -0.1029 -0.2570 -0.3270 -0.3343 -0.2476 0.0558 0.1335 0.0499 0.0120 -0.0258 -0.1067 -0.2611 -0.3283 -0.3337 -0.2248 0.0808 0.1203 0.0454 0.0090 -0.0311 -0.1232 -0.2737 -0.3312 -0.3322 -0.1868 0.1166 0.1051 0.0397 0.0052 -0.0374 -0.1427 -0.2853 -0.3334 -0.3303 -0.1531 0.1426 0.0931 0.0343 0.0012 -0.0441 -0.1632 -0.2953 -0.3347 -0.1927
-0.2149 -0.2968 -0.1649 -0.0447 0.0008 0.0338 0.0921 0.1446 -0.1501 -0.3301 -0.3335 -0.2864 -0.1447 -0.0380 0.0048 0.0392 0.1038 0.1195 -0.1834 -0.3320 -0.3314 -0.2749 -0.1250 -0.0317 0.0086 0.0448 0.1187 0.0846 -0.2211 -0.3336 -0.3285 -0.2619 -0.1074 -0.0260 0.0120 0.0500 0.1344 0.0535 -0.2508 -0.3344 -0.3267 -0.2556 -0.1013 -0.0243 0.0128 0.0510 0.1373 0.0494 -0.2571 -0.3361 -0.3397 -0.3361 -0.2571 0.0494 0.1373 0.0510 0.0128 -0.0243 -0.1013 -0.2556 -0.3267 -0.3344 -0.2508 0.0535 0.1344 0.0500 0.0120 -0.0260 -0.1074 -0.2619 -0.3285 -0.3336 -0.2211 0.0846 0.1187 0.0448 0.0086 -0.0317 -0.1250 -0.2749 -0.3314 -0.3320 -0.1834 0.1195 0.1038 0.0392 0.0048 -0.0380 -0.1447 -0.2864 -0.3335 -0.3301 -0.1501 0.1446 0.0921 0.0338 0.0008 -0.0447 -0.1649 -0.2968 -0.2149
-0.2044 -0.1698 -0.0453 0.0004 0.0333 0.0911 0.1465 -0.1470 -0.3299 -0.3337 -0.2874 -0.1466 -0.0387 0.0044 0.0387 0.1026 0.1224 -0.1801 -0.3318 -0.3316 -0.2760 -0.1268 -0.0323 0.0083 0.0443 0.1171 0.0883 -0.2172 -0.3334 -0.3288 -0.2630 -0.1086 -0.0263 0.0119 0.0499 0.1344 0.0526 -0.2527 -0.3344 -0.3265 -0.2544 -0.0998 -0.0237 0.0132 0.0516 0.1396 0.0452 -0.2589 -0.3341 -0.3273 -0.3057 -0.3273 -0.3341 -0.2589 0.0452 0.1396 0.0516 0.0132 -0.0237 -0.0998 -0.2544 -0.3265 -0.3344 -0.2527 0.0526 0.1344 0.0499 0.0119 -0.0263 -0.1086 -0.2630 -0.3288 -0.3334 -0.2172 0.0883 0.1171 0.0443 0.0083 -0.0323 -0.1268 -0.2760 -0.3316 -0.3318 -0.1801 0.1224 0.1026 0.0387 0.0044 -0.0387 -0.1466 -0.2874 -0.3337 -0.3299 -0.1470 0.1465 0.0911 0.0333 0.0004 -0.0453 -0.1698 -0.2044
-0.1339 -0.0473 -0.0003 0.0328 0.0901 0.1483 -0.1439 -0.3297 -0.3339 -0.2884 -0.1485 -0.0393 0.0041 0.0381 0.1014 0.1251 -0.1768 -0.3317 -0.3319 -0.2772 -0.1287 -0.0329 0.0079 0.0437 0.1155 0.0920 -0.2134 -0.3333 -0.3291 -0.2643 -0.1102 -0.0268 0.0116 0.0495 0.1335 0.0535 -0.2527 -0.3345 -0.3263 -0.2535 -0.0987 -0.0233 0.0135 0.0522 0.1419 0.0410 -0.2636 -0.3346 -0.3231 -0.2499 -0.1717 -0.2499 -0.3231 -0.3346 -0.2636 0.0410 0.1419 0.0522 0.0135 -0.0233 -0.0987 -0.2535 -0.3263 -0.3345 -0.2527 0.0535 0.1335 0.0495 0.0116 -0.0268 -0.1102 -0.2643 -0.3291 -0.3333 -0.2134 0.0920 0.1155 0.0437 0.0079 -0.0329 -0.1287 -0.2772 -0.3319 -0.3317 -0.1768 0.1251 0.1014 0.0381 0.0041 -0.0393 -0.1485 -0.2884 -0.3339 -0.3297 -0.1439 0.1483 0.0901 0.0328 -0.0003 -0.0473 -0.1339
-0.0598 0.0022 0.0323 0.0891 0.1500 -0.1409 -0.3295 -0.3340 -0.2894 -0.1505 -0.0399 0.0037 0.0376 0.1002 0.1278 -0.1735 -0.3315 -0.3321 -0.2783 -0.1305 -0.0335 0.0076 0.0432 0.1140 0.0956 -0.2097 -0.3332 -0.3294 -0.2656 -0.1119 -0.0273 0.0113 0.0490 0.1320 0.0558 -0.2508 -0.3344 -0.3263 -0.2532 -0.0980 -0.0229 0.0137 0.0527 0.1441 0.0368 -0.2685 -0.3348 -0.3254 -0.2444 -0.0891 -0.0363 -0.0891 -0.2444 -0.3254 -0.3348 -0.2685 0.0368 0.1441 0.0527 0.0137 -0.0229 -0.0980 -0.2532 -0.3263 -0.3344 -0.2508 0.0558 0.1320 0.0490 0.0113 -0.0273 -0.1119 -0.2656 -0.3294 -0.3332 -0.2097 0.0956 0.1140 0.0432 0.0076 -0.0335 -0.1305 -0.2783 -0.3321 -0.3315 -0.1735 0.1278 0.1002 0.0376 0.0037 -0.0399 -0.1505 -0.2894 -0.3340 -0.3295 -0.1409 0.1500 0.0891 0.0323 0.0022 -0.0598
-0.0213 0.0352 0.0882 0.1516 -0.1379 -0.3293 -0.3342 -0.2904 -0.1525 -0.0406 0.0033 0.0371 0.0990 0.1303 -0.1703 -0.3313 -0.3323 -0.2795 -0.1324 -0.0341 0.0072 0.0426 0.1125 0.0991 -0.2060 -0.3330 -0.3297 -0.2669 -0.1136 -0.0279 0.0109 0.0485 0.1301 0.0593 -0.2476 -0.3344 -0.3265 -0.2535 -0.0980 -0.0228 0.0139 0.0531 0.1459 0.0332 -0.2730 -0.3348 -0.3251 -0.2493 -0.0911 -0.0164 0.0085 -0.0164 -0.0911 -0.2493 -0.3251 -0.3348 -0.2730 0.0332 0.1459 0.0531 0.0139 -0.0228 -0.0980 -0.2535 -0.3265 -0.3344 -0.2476 0.0593 0.1301 0.0485 0.0109 -0.0279 -0.1136 -0.2669 -0.3297 -0.3330 -0.2060 0.0991 0.1125 0.0426 0.0072 -0.0341 -0.1324 -0.2795 -0.3323 -0.3313 -0.1703 0.1303 0.0990 0.0371 0.0033 -0.0406 -0.1525 -0.2904 -0.3342 -0.3293 -0.1379 0.1516 0.0882 0.0352 -0.0213
0.0166 0.0872 0.1532 -0.1349 -0.3291 -0.3343 -0.2914 -0.1544 -0.0412 0.0029 0.0366 0.0979 0.1328 -0.1670 -0.3311 -0.3325 -0.2806 -0.1343 -0.0347 0.0068 0.0421 0.1111 0.1025 -0.2023 -0.3329 -0.3300 -0.2682 -0.1153 -0.0285 0.0106 0.0479 0.1282 0.0634 -0.2435 -0.3343 -0.3267 -0.2544 -0.0987 -0.0229 0.0139 0.0532 0.1470 0.0309 -0.2766 -0.3349 -0.3246 -0.2478 -0.0932 -0.0213 0.0181 0.0436 0.0181 -0.0213 -0.0932 -0.2478 -0.3246 -0.3349 -0.2766 0.0309 0.1470 0.0532 0.0139 -0.0229 -0.0987 -0.2544 -0.3267 -0.3343 -0.2435 0.0634 0.1282 0.0479 0.0106 -0.0285 -0.1153 -0.2682 -0.3300 -0.3329 -0.2023 0.1025 0.1111 0.0421 0.0068 -0.0347 -0.1343 -0.2806 -0.3325 -0.3311 -0.1670 0.1328 0.0979 0.0366 0.0029 -0.0412 -0.1544 -0.2914 -0.3343 -0.3291 -0.1349 0.1532 0.0872 0.0166
0.0689 0.1546 -0.1319 -0.3289 -0.3344 -0.2923 -0.1564 -0.0419 0.0025 0.0361 0.0968 0.1352 -0.1639 -0.3309 -0.3327 -0.2817 -0.1362 -0.0353 0.0065 0.0416 0.1097 0.1058 -0.1987 -0.3327 -0.3303 -0.2695 -0.1170 -0.0291 0.0102 0.0473 0.1263 0.0674 -0.2392 -0.3341 -0.3270 -0.2556 -0.0998 -0.0233 0.0137 0.0531 0.1470 0.0300 -0.2788 -0.3350 -0.3244 -0.2464 -0.0916 -0.0209 0.0151 0.0578 0.0969 0.0578 0.0151 -0.0209 -0.0916 -0.2464 -0.3244 -0.3350 -0.2788 0.0300 0.1470 0.0531 0.0137 -0.0233 -0.0998 -0.2556 -0.3270 -0.3341 -0.2392 0.0674 0.1263 0.0473 0.0102 -0.0291 -0.1170 -0.2695 -0.3303 -0.3327 -0.1987 0.1058 0.1097 0.0416 0.0065 -0.0353 -0.1362 -0.2817 -0.3327 -0.3309 -0.1639 0.1352 0.0968 0.0361 0.0025 -0.0419 -0.1564 -0.2923 -0.3344 -0.3289 -0.1319 0.1546 0.0689
0.1197 -0.1288 -0.3287 -0.3346 -0.2932 -0.1584 -0.0425 0.0021 0.0356 0.0957 0.1375 -0.1607 -0.3308 -0.3329 -0.2828 -0.1381 -0.0359 0.0061 0.0410 0.1083 0.1091 -0.1952 -0.3326 -0.3305 -0.2707 -0.1188 -0.0296 0.0099 0.0468 0.1245 0.0714 -0.2350 -0.3340 -0.3274 -0.2570 -0.1013 -0.0237 0.0135 0.0527 0.1459 0.0309 -0.2788 -0.3350 -0.3242 -0.2455 -0.0905 -0.0203 0.0153 0.0557 0.1365 0.1231 0.1365 0.0557 0.0153 -0.0203 -0.0905 -0.2455 -0.3242 -0.3350 -0.2788 0.0309 0.1459 0.0527 0.0135 -0.0237 -0.1013 -0.2570 -0.3274 -0.3340 -0.2350 0.0714 0.1245 0.0468 0.0099 -0.0296 -0.1188 -0.2707 -0.3305 -0.3326 -0.1952 0.1091 0.1083 0.0410 0.0061 -0.0359 -0.1381 -0.2828 -0.3329 -0.3308 -0.1607 0.1375 0.0957 0.0356 0.0021 -0.0425 -0.1584 -0.2932 -0.3346 -0.3287 -0.1288 0.1197
-0.0872 -0.3283 -0.3347 -0.2942 -0.1603 -0.0432 0.0017 0.0350 0.0946 0.1396 -0.1576 -0.3306 -0.3331 -0.2838 -0.1400 -0.0365 0.0057 0.0405 0.1070 0.1122 -0.1917 -0.3324 -0.3308 -0.2719 -0.1206 -0.0302 0.0095 0.0462 0.1227 0.0753 -0.2309 -0.3339 -0.3277 -0.2584 -0.1029 -0.0243 0.0132 0.0522 0.1441 0.0332 -0.2766 -0.3350 -0.3242 -0.2452 -0.0899 -0.0200 0.0156 0.0559 0.1621 0.0076 -0.2167 0.0076 0.1621 0.0559 0.0156 -0.0200 -0.0899 -0.2452 -0.3242 -0.3350 -0.2766 0.0332 0.1441 0.0522 0.0132 -0.0243 -0.1029 -0.2584 -0.3277 -0.3339 -0.2309 0.0753 0.1227 0.0462 0.0095 -0.0302 -0.1206 -0.2719 -0.3308 -0.3324 -0.1917 0.1122 0.1070 0.0405 0.0057 -0.0365 -0.1400 -0.2838 -0.3331 -0.3306 -0.1576 0.1396 0.0946 0.0350 0.0017 -0.0432 -0.1603 -0.2942 -0.3347 -0.3283 -0.0872
-0.1929 -0.3347 -0.2950 -0.1623 -0.0438 0.0014 0.0345 0.0936 0.1418 -0.1545 -0.3304 -0.3333 -0.2849 -0.1419 -0.0371 0.0054 0.0400 0.1056 0.1153 -0.1883 -0.3322 -0.3311 -0.2732 -0.1224 -0.0308 0.0092 0.0456 0.1210 0.0792 -0.2268 -0.3338 -0.3281 -0.2597 -0.1045 -0.0248 0.0128 0.0516 0.1419 0.0368 -0.2730 -0.3349 -0.3244 -0.2455 -0.0899 -0.0199 0.0158 0.0564 0.1621 0.0072 -0.3100 -0.3319 -0.3100 0.0072 0.1621 0.0564 0.0158 -0.0199 -0.0899 -0.2455 -0.3244 -0.3349 -0.2730 0.0368 0.1419 0.0516 0.0128 -0.0248 -0.1045 -0.2597 -0.3281 -0.3338 -0.2268 0.0792 0.1210 0.0456 0.0092 -0.0308 -0.1224 -0.2732 -0.3311 -0.3322 -0.1883 0.1153 0.1056 0.0400 0.0054 -0.0371 -0.1419 -0.2849 -0.3333 -0.3304 -0.1545 0.1418 0.0936 0.0345 0.0014 -0.0438 -0.1623 -0.2950 -0.3347 -0.1929
-0.2149 -0.2965 -0.1639 -0.0445 0.0009 0.0340 0.0925 0.1438 -0.1514 -0.3302 -0.3335 -0.2859 -0.1438 -0.0378 0.0050 0.0394 0.1044 0.1183 -0.1849 -0.3321 -0.3313 -0.2743 -0.1242 -0.0314 0.0088 0.0451 0.1194 0.0830 -0.2228 -0.3336 -0.3284 -0.2611 -0.1061 -0.0254 0.0125 0.0510 0.1396 0.0410 -0.2685 -0.3348 -0.3246 -0.2464 -0.0906 -0.0200 0.0157 0.0565 0.1621 0.0090 -0.3085 -0.3370 -0.3389 -0.3370 -0.3085 0.0088 0.1621 0.0565 0.0158 -0.0200 -0.0905 -0.2464 -0.3246 -0.3348 -0.2685 0.0410 0.1396 0.0510 0.0125 -0.0254 -0.1061 -0.2611 -0.3284 -0.3336 -0.2228 0.0830 0.1194 0.0451 0.0088 -0.0314 -0.1242 -0.2743 -0.3313 -0.3321 -0.1849 0.1183 0.1044 0.0394 0.0050 -0.0378 -0.1438 -0.2859 -0.3335 -0.3302 -0.1514 0.1438 0.0925 0.0340 0.0009 -0.0445 -0.1639 -0.2965 -0.2149
-0.2042 -0.1689 -0.0450 0.0006 0.0335 0.0915 0.1457 -0.1483 -0.3300 -0.3336 -0.2870 -0.1458 -0.0384 0.0046 0.0389 0.1031 0.1211 -0.1815 -0.3319 -0.3315 -0.2755 -0.1260 -0.0320 0.0084 0.0445 0.1177 0.0868 -0.2189 -0.3335 -0.3287 -0.2625 -0.1078 -0.0260 0.0121 0.0504 0.1373 0.0452 -0.2636 -0.3347 -0.3250 -0.2477 -0.0916 -0.0203 0.0156 0.0564 0.1623 0.0078 -0.3076 -0.3348 -0.3232 -0.2968 -0.3233 -0.3348 -0.3076 0.0076 0.1621 0.0564 0.0156 -0.0203 -0.0916 -0.2478 -0.3251 -0.3348 -0.2636 0.0452 0.1373 0.0504 0.0121 -0.0260 -0.1079 -0.2626 -0.3288 -0.3335 -0.2189 0.0868 0.1177 0.0445 0.0084 -0.0320 -0.1262 -0.2757 -0.3316 -0.3319 -0.1815 0.1212 0.1031 0.0389 0.0046 -0.0384 -0.1459 -0.2871 -0.3337 -0.3300 -0.1483 0.1457 0.0915 0.0335 0.0006 -0.0450 -0.1691 -0.2042
-0.1334 -0.0470 -0.0002 0.0330 0.0905 0.1475 -0.1452 -0.3298 -0.3338 -0.2880 -0.1477 -0.0390 0.0042 0.0384 0.1019 0.1239 -0.1782 -0.3317 -0.3318 -0.2767 -0.1279 -0.0326 0.0081 0.0440 0.1162 0.0904 -0.2151 -0.3334 -0.3290 -0.2638 -0.1094 -0.0265 0.0118 0.0499 0.1351 0.0493 -0.2589 -0.3346 -0.3254 -0.2492 -0.0930 -0.0208 0.0154 0.0560 0.1611 0.0084 -0.3080 -0.3354 -0.3190 -0.2350 -0.1513 -0.2345 -0.3190 -0.3354 -0.3076 0.0088 0.1621 0.0559 0.0153 -0.0209 -0.0932 -0.2493 -0.3254 -0.3346 -0.2589 0.0494 0.1360 0.0498 0.0117 -0.0267 -0.1097 -0.2639 -0.3290 -0.3333 -0.2150 0.0905 0.1167 0.0439 0.0080 -0.0328 -0.1281 -0.2768 -0.3317 -0.3317 -0.1781 0.1240 0.1022 0.0383 0.0041 -0.0392 -0.1480 -0.2880 -0.3338 -0.3297 -0.1452 0.1476 0.0907 0.0329 -0.0003 -0.0472 -0.1333
-0.0596 0.0024 0.0325 0.0895 0.1493 -0.1422 -0.3296 -0.3340 -0.2890 -0.1497 -0.0397 0.0038 0.0379 0.1007 0.1266 -0.1749 -0.3316 -0.3320 -0.2778 -0.1297 -0.0332 0.0077 0.0434 0.1146 0.0941 -0.2113 -0.3332 -0.3293 -0.2651 -0.1111 -0.0271 0.0114 0.0493 0.1330 0.0535 -0.2543 -0.3345 -0.3258 -0.2506 -0.0944 -0.0213 0.0150 0.0555 0.1589 0.0107 -0.3060 -0.3355 -0.3219 -0.2311 -0.0765 -0.0287 -0.0737 -0.2227 -0.3191 -0.3349 -0.3085 0.0072 0.1621 0.0557 0.0151 -0.0213 -0.0911 -0.2444 -0.3231 -0.3341 -0.2571 0.0491 0.1353 0.0495 0.0115 -0.0270 -0.1068 -0.2592 -0.3270 -0.3330 -0.2137 0.0900 0.1161 0.0436 0.0078 -0.0331 -0.1244 -0.2724 -0.3300 -0.3315 -0.1771 0.1233 0.1018 0.0380 0.0039 -0.0396 -0.1436 -0.2841 -0.3323 -0.3296 -0.1444 0.1469 0.0903 0.0327 0.0026 -0.0573
-0.0211 0.0354 0.0886 0.1509 -0.1392 -0.3294 -0.3341 -0.2900 -0.1516 -0.0403 0.0035 0.0373 0.0995 0.1292 -0.1716 -0.3314 -0.3322 -0.2790 -0.1316 -0.0338 0.0074 0.0429 0.1131 0.0976 -0.2075 -0.3331 -0.3296 -0.2664 -0.1128 -0.0277 0.0111 0.0487 0.1310 0.0576 -0.2498 -0.3344 -0.3262 -0.2521 -0.0959 -0.0219 0.0147 0.0549 0.1562 0.0142 -0.3019 -0.3354 -0.3220 -0.2380 -0.0808 -0.0123 0.0129 -0.0054 -0.0730 -0.2328 -0.3233 -0.3371 -0.3100 0.0076 0.1365 0.0578 0.0181 -0.0164 -0.0891 -0.2499 -0.3273 -0.3361 -0.2569 0.0505 0.1201 0.0519 0.0147 -0.0218 -0.1059 -0.2649 -0.3309 -0.3347 -0.2134 0.0914 0.1073 0.0463 0.0111 -0.0277 -0.1248 -0.2781 -0.3336 -0.3330 -0.1768 0.1246 0.0968 0.0409 0.0074 -0.0340 -0.1452 -0.2896 -0.3356 -0.3310 -0.1441 0.1478 0.0880 0.0381 -0.0158
0.0168 0.0876 0.1525 -0.1361 -0.3292 -0.3342 -0.2909 -0.1536 -0.0409 0.0031 0.0368 0.0984 0.1318 -0.1684 -0.3312 -0.3324 -0.2801 -0.1335 -0.0344 0.0070 0.0423 0.1117 0.1010 -0.2039 -0.3329 -0.3299 -0.2677 -0.1146 -0.0282 0.0107 0.0481 0.1290 0.0616 -0.2454 -0.3343 -0.3265 -0.2535 -0.0975 -0.0224 0.0143 0.0543 0.1533 0.0184 -0.2967 -0.3353 -0.3222 -0.2385 -0.0839 -0.0177 0.0237 0.0429 0.0049 -0.0289 -0.1488 -0.2958 -0.3389 -0.3319 -0.2167 0.1231 0.0969 0.0436 0.0085 -0.0363 -0.1717 -0.3057 -0.3397 -0.3294 -0.1623 0.1365 0.0888 0.0384 0.0050 -0.0458 -0.1938 -0.3137 -0.3401 -0.3267 -0.1162 0.1428 0.0815 0.0333 0.0013 -0.0566 -0.2147 -0.3205 -0.3399 -0.3238 -0.0736 0.1443 0.0747 0.0286 -0.0028 -0.0690 -0.2341 -0.3260 -0.3392 -0.3207 -0.0314 0.1426 0.0692 0.0110
0.0693 0.1541 -0.1331 -0.3290 -0.3344 -0.2920 -0.1557 -0.0416 0.0027 0.0363 0.0973 0.1342 -0.1652 -0.3310 -0.3327 -0.2813 -0.1355 -0.0350 0.0066 0.0418 0.1103 0.1045 -0.2003 -0.3328 -0.3302 -0.2691 -0.1164 -0.0288 0.0104 0.0476 0.1271 0.0658 -0.2410 -0.3342 -0.3270 -0.2551 -0.0991 -0.0229 0.0140 0.0537 0.1506 0.0226 -0.2912 -0.3353 -0.3228 -0.2395 -0.0843 -0.0180 0.0188 0.0619 0.0474 -0.1065 -0.1121 -0.2336 -0.3220 -0.3370 -0.3100 0.0076 0.1365 0.0578 0.0181 -0.0164 -0.0891 -0.2499 -0.3273 -0.3361 -0.2569 0.0505 0.1201 0.0519 0.0147 -0.0218 -0.1059 -0.2649 -0.3309 -0.3347 -0.2134 0.0914 0.1073 0.0463 0.0111 -0.0277 -0.1248 -0.2781 -0.3336 -0.3330 -0.1768 0.1246 0.0968 0.0409 0.0074 -0.0340 -0.1452 -0.2896 -0.3356 -0.3310 -0.1441 0.1478 0.0880 0.0381 -0.0158
