0.8205 1.0000 1.0000 0.0005 0.0017 0.0053 0.0166 0.0523 0.1642 0.5159 1.0000 1.0000 1.0000 0.0005 0.0017 0.0053 0.0167 0.0526 0.1651 0.5189 1.0000 1.0000 1.0000 0.0005 0.0017 0.0054 0.0168 0.0529 0.1661 0.5218 1.0000 1.0000 1.0000 0.0005 0.0017 0.0054 0.0169 0.0532 0.1670 0.5248 1.0000 1.0000 1.0000 0.0005 0.0017 0.0054 0.0170 0.0533 0.1702 0.6157 1.0000 0.6157 0.1702 0.0533 0.0170 0.0054 0.0017 0.0005 1.0000 1.0000 1.0000 0.5248 0.1670 0.0532 0.0169 0.0054 0.0017 0.0005 1.0000 1.0000 1.0000 0.5218 0.1661 0.0529 0.0168 0.0054 0.0017 0.0005 1.0000 1.0000 1.0000 0.5189 0.1651 0.0526 0.0167 0.0053 0.0017 0.0005 1.0000 1.0000 1.0000 0.5159 0.1642 0.0523 0.0166 0.0053 0.0017 0.0005 1.0000 1.0000 0.8205
1.0000 1.0000 0.0011 0.0034 0.0108 0.0339 0.1066 0.3344 1.0000 1.0000 1.0000 1.0000 0.0011 0.0035 0.0109 0.0341 0.1072 0.3369 1.0000 1.0000 1.0000 1.0000 0.0011 0.0035 0.0109 0.0343 0.1078 0.3389 1.0000 1.0000 1.0000 1.0000 0.0011 0.0035 0.0110 0.0345 0.1085 0.3408 1.0000 1.0000 1.0000 1.0000 0.0011 0.0035 0.0110 0.0347 0.1091 0.3408 1.0000 1.0000 1.0000 1.0000 1.0000 0.3408 0.1091 0.0347 0.0110 0.0035 0.0011 1.0000 1.0000 1.0000 1.0000 0.3408 0.1085 0.0345 0.0110 0.0035 0.0011 1.0000 1.0000 1.0000 1.0000 0.3389 0.1078 0.0343 0.0109 0.0035 0.0011 1.0000 1.0000 1.0000 1.0000 0.3369 0.1072 0.0341 0.0109 0.0035 0.0011 1.0000 1.0000 1.0000 1.0000 0.3344 0.1066 0.0339 0.0108 0.0034 0.0011 1.0000 1.0000
1.0000 0.0011 0.0031 0.0100 0.0312 0.0983 0.3087 0.9700 1.0000 1.0000 1.0000 0.0010 0.0032 0.0100 0.0316 0.0990 0.3117 0.9774 1.0000 1.0000 1.0000 0.0010 0.0032 0.0101 0.0317 0.0998 0.3129 0.9849 1.0000 1.0000 1.0000 0.0010 0.0032 0.0102 0.0319 0.1003 0.3146 0.9905 1.0000 1.0000 1.0000 0.0010 0.0033 0.0102 0.0321 0.1007 0.3171 0.9905 1.0000 1.0000 1.0000 1.0000 1.0000 0.9905 0.3171 0.1007 0.0321 0.0102 0.0033 0.0010 1.0000 1.0000 1.0000 0.9905 0.3146 0.1003 0.0319 0.0102 0.0032 0.0010 1.0000 1.0000 1.0000 0.9849 0.3129 0.0998 0.0317 0.0101 0.0032 0.0010 1.0000 1.0000 1.0000 0.9774 0.3117 0.0990 0.0316 0.0100 0.0032 0.0010 1.0000 1.0000 1.0000 0.9700 0.3087 0.0983 0.0312 0.0100 0.0031 0.0011 1.0000
0.0005 0.0034 0.0100 0.0319 0.1003 0.3164 0.9962 1.0000 1.0000 1.0000 0.0010 0.0033 0.0103 0.0324 0.1017 0.3195 1.0000 1.0000 1.0000 1.0000 0.0010 0.0033 0.0104 0.0325 0.1023 0.3213 1.0000 1.0000 1.0000 1.0000 0.0011 0.0033 0.0104 0.0327 0.1028 0.3231 1.0000 1.0000 1.0000 1.0000 0.0011 0.0033 0.0105 0.0329 0.1034 0.3250 1.0000 1.0000 1.0000 1.0000 0.0009 1.0000 1.0000 1.0000 1.0000 0.3250 0.1034 0.0329 0.0105 0.0033 0.0011 1.0000 1.0000 1.0000 1.0000 0.3231 0.1028 0.0327 0.0104 0.0033 0.0011 1.0000 1.0000 1.0000 1.0000 0.3213 0.1023 0.0325 0.0104 0.0033 0.0010 1.0000 1.0000 1.0000 1.0000 0.3195 0.1017 0.0324 0.0103 0.0033 0.0010 1.0000 1.0000 1.0000 0.9962 0.3164 0.1003 0.0319 0.0100 0.0034 0.0005
0.0017 0.0108 0.0312 0.1003 0.3164 1.0000 1.0000 1.0000 1.0000 0.0011 0.0033 0.0104 0.0327 0.1028 0.3231 1.0000 1.0000 1.0000 1.0000 0.0011 0.0033 0.0105 0.0329 0.1034 0.3250 1.0000 1.0000 1.0000 1.0000 0.0011 0.0034 0.0105 0.0331 0.1040 0.3268 1.0000 1.0000 1.0000 1.0000 0.0011 0.0034 0.0106 0.0333 0.1046 0.3287 1.0000 1.0000 1.0000 1.0000 0.0012 0.0028 0.0012 1.0000 1.0000 1.0000 1.0000 0.3287 0.1046 0.0333 0.0106 0.0034 0.0011 1.0000 1.0000 1.0000 1.0000 0.3268 0.1040 0.0331 0.0105 0.0034 0.0011 1.0000 1.0000 1.0000 1.0000 0.3250 0.1034 0.0329 0.0105 0.0033 0.0011 1.0000 1.0000 1.0000 1.0000 0.3231 0.1028 0.0327 0.0104 0.0033 0.0011 1.0000 1.0000 1.0000 1.0000 0.3164 0.1003 0.0312 0.0108 0.0017
0.0053 0.0339 0.0983 0.3164 1.0000 1.0000 1.0000 1.0000 0.0011 0.0034 0.0106 0.0332 0.1042 0.3275 1.0000 1.0000 1.0000 1.0000 0.0011 0.0034 0.0106 0.0334 0.1048 0.3293 1.0000 1.0000 1.0000 1.0000 0.0011 0.0034 0.0107 0.0335 0.1054 0.3312 1.0000 1.0000 1.0000 1.0000 0.0011 0.0034 0.0107 0.0337 0.1060 0.3331 1.0000 1.0000 1.0000 1.0000 0.0011 0.0040 0.0089 0.0040 0.0011 1.0000 1.0000 1.0000 1.0000 0.3331 0.1060 0.0337 0.0107 0.0034 0.0011 1.0000 1.0000 1.0000 1.0000 0.3312 0.1054 0.0335 0.0107 0.0034 0.0011 1.0000 1.0000 1.0000 1.0000 0.3293 0.1048 0.0334 0.0106 0.0034 0.0011 1.0000 1.0000 1.0000 1.0000 0.3275 0.1042 0.0332 0.0106 0.0034 0.0011 1.0000 1.0000 1.0000 1.0000 0.3164 0.0983 0.0339 0.0053
0.0166 0.1066 0.3087 0.9962 1.0000 1.0000 1.0000 0.0011 0.0034 0.0107 0.0335 0.1056 0.3319 1.0000 1.0000 1.0000 1.0000 0.0011 0.0034 0.0108 0.0338 0.1062 0.3338 1.0000 1.0000 1.0000 1.0000 0.0011 0.0034 0.0108 0.0340 0.1068 0.3357 1.0000 1.0000 1.0000 1.0000 0.0011 0.0035 0.0109 0.0342 0.1074 0.3376 1.0000 1.0000 1.0000 1.0000 0.0011 0.0035 0.0126 0.0282 0.0126 0.0035 0.0011 1.0000 1.0000 1.0000 1.0000 0.3376 0.1074 0.0342 0.0109 0.0035 0.0011 1.0000 1.0000 1.0000 1.0000 0.3357 0.1068 0.0340 0.0108 0.0034 0.0011 1.0000 1.0000 1.0000 1.0000 0.3338 0.1062 0.0338 0.0108 0.0034 0.0011 1.0000 1.0000 1.0000 1.0000 0.3319 0.1056 0.0335 0.0107 0.0034 0.0011 1.0000 1.0000 1.0000 0.9962 0.3087 0.1066 0.0166
0.0523 0.3344 0.9700 1.0000 1.0000 1.0000 0.0011 0.0034 0.0107 0.0339 0.1066 0.3357 1.0000 1.0000 1.0000 1.0000 0.0011 0.0035 0.0109 0.0343 0.1076 0.3382 1.0000 1.0000 1.0000 1.0000 0.0011 0.0035 0.0110 0.0345 0.1083 0.3402 1.0000 1.0000 1.0000 1.0000 0.0011 0.0035 0.0110 0.0347 0.1089 0.3421 1.0000 1.0000 1.0000 1.0000 0.0011 0.0035 0.0111 0.0403 0.0899 0.0403 0.0111 0.0035 0.0011 1.0000 1.0000 1.0000 1.0000 0.3421 0.1089 0.0347 0.0110 0.0035 0.0011 1.0000 1.0000 1.0000 1.0000 0.3402 0.1083 0.0345 0.0110 0.0035 0.0011 1.0000 1.0000 1.0000 1.0000 0.3382 0.1076 0.0343 0.0109 0.0035 0.0011 1.0000 1.0000 1.0000 1.0000 0.3357 0.1066 0.0339 0.0107 0.0034 0.0011 1.0000 1.0000 1.0000 0.9700 0.3344 0.0523
0.1642 1.0000 1.0000 1.0000 1.0000 0.0011 0.0034 0.0107 0.0340 0.1074 0.3389 1.0000 1.0000 1.0000 1.0000 0.0011 0.0035 0.0110 0.0347 0.1091 0.3428 1.0000 1.0000 1.0000 1.0000 0.0011 0.0035 0.0111 0.0349 0.1097 0.3447 1.0000 1.0000 1.0000 1.0000 0.0011 0.0036 0.0112 0.0351 0.1103 0.3467 1.0000 1.0000 1.0000 1.0000 0.0011 0.0036 0.0112 0.0355 0.1282 0.2861 0.1282 0.0355 0.0112 0.0036 0.0011 1.0000 1.0000 1.0000 1.0000 0.3467 0.1103 0.0351 0.0112 0.0036 0.0011 1.0000 1.0000 1.0000 1.0000 0.3447 0.1097 0.0349 0.0111 0.0035 0.0011 1.0000 1.0000 1.0000 1.0000 0.3428 0.1091 0.0347 0.0110 0.0035 0.0011 1.0000 1.0000 1.0000 1.0000 0.3389 0.1074 0.0340 0.0107 0.0034 0.0011 1.0000 1.0000 1.0000 1.0000 0.1642
0.5159 1.0000 1.0000 1.0000 0.0011 0.0034 0.0107 0.0339 0.1074 0.3402 1.0000 1.0000 1.0000 1.0000 0.0011 0.0036 0.0112 0.0352 0.1105 0.3474 1.0000 1.0000 1.0000 1.0000 0.0011 0.0036 0.0113 0.0354 0.1112 0.3493 1.0000 1.0000 1.0000 1.0000 0.0011 0.0036 0.0113 0.0356 0.1118 0.3513 1.0000 1.0000 1.0000 1.0000 0.0012 0.0036 0.0114 0.0357 0.1129 0.4083 0.9110 0.4083 0.1129 0.0357 0.0114 0.0036 0.0012 1.0000 1.0000 1.0000 1.0000 0.3513 0.1118 0.0356 0.0113 0.0036 0.0011 1.0000 1.0000 1.0000 1.0000 0.3493 0.1112 0.0354 0.0113 0.0036 0.0011 1.0000 1.0000 1.0000 1.0000 0.3474 0.1105 0.0352 0.0112 0.0036 0.0011 1.0000 1.0000 1.0000 1.0000 0.3402 0.1074 0.0339 0.0107 0.0034 0.0011 1.0000 1.0000 1.0000 0.5159
1.0000 1.0000 1.0000 0.0010 0.0033 0.0106 0.0335 0.1066 0.3389 1.0000 1.0000 1.0000 1.0000 0.0011 0.0036 0.0113 0.0357 0.1120 0.3520 1.0000 1.0000 1.0000 1.0000 0.0012 0.0036 0.0114 0.0359 0.1127 0.3540 1.0000 1.0000 1.0000 1.0000 0.0012 0.0037 0.0115 0.0361 0.1133 0.3561 1.0000 1.0000 1.0000 1.0000 0.0012 0.0037 0.0115 0.0363 0.1135 0.3595 1.0000 1.0000 1.0000 0.3595 0.1135 0.0363 0.0115 0.0037 0.0012 1.0000 1.0000 1.0000 1.0000 0.3561 0.1133 0.0361 0.0115 0.0037 0.0012 1.0000 1.0000 1.0000 1.0000 0.3540 0.1127 0.0359 0.0114 0.0036 0.0012 1.0000 1.0000 1.0000 1.0000 0.3520 0.1120 0.0357 0.0113 0.0036 0.0011 1.0000 1.0000 1.0000 1.0000 0.3389 0.1066 0.0335 0.0106 0.0033 0.0010 1.0000 1.0000 1.0000
1.0000 1.0000 0.0010 0.0033 0.0104 0.0332 0.1056 0.3357 1.0000 1.0000 1.0000 1.0000 0.0012 0.0036 0.0115 0.0361 0.1135 0.3567 1.0000 1.0000 1.0000 1.0000 0.0012 0.0037 0.0116 0.0363 0.1142 0.3588 1.0000 1.0000 1.0000 1.0000 0.0012 0.0037 0.0116 0.0365 0.1148 0.3608 1.0000 1.0000 1.0000 1.0000 0.0012 0.0037 0.0117 0.0368 0.1155 0.3615 1.0000 1.0000 1.0000 1.0000 1.0000 0.3615 0.1155 0.0368 0.0117 0.0037 0.0012 1.0000 1.0000 1.0000 1.0000 0.3608 0.1148 0.0365 0.0116 0.0037 0.0012 1.0000 1.0000 1.0000 1.0000 0.3588 0.1142 0.0363 0.0116 0.0037 0.0012 1.0000 1.0000 1.0000 1.0000 0.3567 0.1135 0.0361 0.0115 0.0036 0.0012 1.0000 1.0000 1.0000 1.0000 0.3357 0.1056 0.0332 0.0104 0.0033 0.0010 1.0000 1.0000
1.0000 0.0011 0.0032 0.0103 0.0327 0.1042 0.3319 1.0000 1.0000 1.0000 1.0000 0.0012 0.0037 0.0115 0.0364 0.1146 0.3608 1.0000 1.0000 1.0000 1.0000 0.0012 0.0037 0.0117 0.0368 0.1157 0.3636 1.0000 1.0000 1.0000 1.0000 0.0012 0.0038 0.0118 0.0370 0.1164 0.3657 1.0000 1.0000 1.0000 1.0000 0.0012 0.0038 0.0119 0.0372 0.1170 0.3678 1.0000 1.0000 1.0000 1.0000 1.0000 1.0000 1.0000 0.3678 0.1170 0.0372 0.0119 0.0038 0.0012 1.0000 1.0000 1.0000 1.0000 0.3657 0.1164 0.0370 0.0118 0.0038 0.0012 1.0000 1.0000 1.0000 1.0000 0.3636 0.1157 0.0368 0.0117 0.0037 0.0012 1.0000 1.0000 1.0000 1.0000 0.3608 0.1146 0.0364 0.0115 0.0037 0.0012 1.0000 1.0000 1.0000 1.0000 0.3319 0.1042 0.0327 0.0103 0.0032 0.0011 1.0000
0.0005 0.0035 0.0100 0.0324 0.1028 0.3275 1.0000 1.0000 1.0000 1.0000 0.0011 0.0036 0.0115 0.0365 0.1155 0.3643 1.0000 1.0000 1.0000 1.0000 0.0012 0.0038 0.0119 0.0373 0.1173 0.3685 1.0000 1.0000 1.0000 1.0000 0.0012 0.0038 0.0119 0.0375 0.1179 0.3706 1.0000 1.0000 1.0000 1.0000 0.0012 0.0038 0.0120 0.0377 0.1186 0.3727 1.0000 1.0000 1.0000 1.0000 0.0010 1.0000 1.0000 1.0000 1.0000 0.3727 0.1186 0.0377 0.0120 0.0038 0.0012 1.0000 1.0000 1.0000 1.0000 0.3706 0.1179 0.0375 0.0119 0.0038 0.0012 1.0000 1.0000 1.0000 1.0000 0.3685 0.1173 0.0373 0.0119 0.0038 0.0012 1.0000 1.0000 1.0000 1.0000 0.3643 0.1155 0.0365 0.0115 0.0036 0.0011 1.0000 1.0000 1.0000 1.0000 0.3275 0.1028 0.0324 0.0100 0.0035 0.0005
0.0017 0.0109 0.0316 0.1017 0.3231 1.0000 1.0000 1.0000 1.0000 0.0011 0.0036 0.0115 0.0364 0.1155 0.3657 1.0000 1.0000 1.0000 1.0000 0.0012 0.0038 0.0120 0.0378 0.1188 0.3734 1.0000 1.0000 1.0000 1.0000 0.0012 0.0039 0.0121 0.0380 0.1195 0.3755 1.0000 1.0000 1.0000 1.0000 0.0012 0.0039 0.0122 0.0383 0.1202 0.3777 1.0000 1.0000 1.0000 1.0000 0.0014 0.0032 0.0014 1.0000 1.0000 1.0000 1.0000 0.3777 0.1202 0.0383 0.0122 0.0039 0.0012 1.0000 1.0000 1.0000 1.0000 0.3755 0.1195 0.0380 0.0121 0.0039 0.0012 1.0000 1.0000 1.0000 1.0000 0.3734 0.1188 0.0378 0.0120 0.0038 0.0012 1.0000 1.0000 1.0000 1.0000 0.3657 0.1155 0.0364 0.0115 0.0036 0.0011 1.0000 1.0000 1.0000 1.0000 0.3231 0.1017 0.0316 0.0109 0.0017
0.0053 0.0341 0.0990 0.3195 1.0000 1.0000 1.0000 1.0000 0.0011 0.0036 0.0113 0.0361 0.1146 0.3643 1.0000 1.0000 1.0000 1.0000 0.0012 0.0039 0.0122 0.0383 0.1204 0.3784 1.0000 1.0000 1.0000 1.0000 0.0012 0.0039 0.0123 0.0385 0.1211 0.3806 1.0000 1.0000 1.0000 1.0000 0.0012 0.0039 0.0123 0.0388 0.1218 0.3827 1.0000 1.0000 1.0000 1.0000 0.0013 0.0046 0.0102 0.0046 0.0013 1.0000 1.0000 1.0000 1.0000 0.3827 0.1218 0.0388 0.0123 0.0039 0.0012 1.0000 1.0000 1.0000 1.0000 0.3806 0.1211 0.0385 0.0123 0.0039 0.0012 1.0000 1.0000 1.0000 1.0000 0.3784 0.1204 0.0383 0.0122 0.0039 0.0012 1.0000 1.0000 1.0000 1.0000 0.3643 0.1146 0.0361 0.0113 0.0036 0.0011 1.0000 1.0000 1.0000 1.0000 0.3195 0.0990 0.0341 0.0053
0.0167 0.1072 0.3117 1.0000 1.0000 1.0000 1.0000 0.0011 0.0035 0.0112 0.0357 0.1135 0.3608 1.0000 1.0000 1.0000 1.0000 0.0012 0.0039 0.0123 0.0388 0.1220 0.3835 1.0000 1.0000 1.0000 1.0000 0.0013 0.0040 0.0124 0.0391 0.1227 0.3857 1.0000 1.0000 1.0000 1.0000 0.0013 0.0040 0.0125 0.0393 0.1234 0.3879 1.0000 1.0000 1.0000 1.0000 0.0013 0.0040 0.0145 0.0324 0.0145 0.0040 0.0013 1.0000 1.0000 1.0000 1.0000 0.3879 0.1234 0.0393 0.0125 0.0040 0.0013 1.0000 1.0000 1.0000 1.0000 0.3857 0.1227 0.0391 0.0124 0.0040 0.0013 1.0000 1.0000 1.0000 1.0000 0.3835 0.1220 0.0388 0.0123 0.0039 0.0012 1.0000 1.0000 1.0000 1.0000 0.3608 0.1135 0.0357 0.0112 0.0035 0.0011 1.0000 1.0000 1.0000 1.0000 0.3117 0.1072 0.0167
0.0526 0.3369 0.9774 1.0000 1.0000 1.0000 0.0011 0.0035 0.0110 0.0352 0.1120 0.3567 1.0000 1.0000 1.0000 1.0000 0.0012 0.0039 0.0124 0.0391 0.1232 0.3879 1.0000 1.0000 1.0000 1.0000 0.0013 0.0040 0.0126 0.0396 0.1244 0.3908 1.0000 1.0000 1.0000 1.0000 0.0013 0.0040 0.0127 0.0398 0.1251 0.3931 1.0000 1.0000 1.0000 1.0000 0.0013 0.0040 0.0128 0.0463 0.1032 0.0463 0.0128 0.0040 0.0013 1.0000 1.0000 1.0000 1.0000 0.3931 0.1251 0.0398 0.0127 0.0040 0.0013 1.0000 1.0000 1.0000 1.0000 0.3908 0.1244 0.0396 0.0126 0.0040 0.0013 1.0000 1.0000 1.0000 1.0000 0.3879 0.1232 0.0391 0.0124 0.0039 0.0012 1.0000 1.0000 1.0000 1.0000 0.3567 0.1120 0.0352 0.0110 0.0035 0.0011 1.0000 1.0000 1.0000 0.9774 0.3369 0.0526
0.1651 1.0000 1.0000 1.0000 1.0000 0.0011 0.0034 0.0109 0.0347 0.1105 0.3520 1.0000 1.0000 1.0000 1.0000 0.0012 0.0039 0.0124 0.0393 0.1241 0.3916 1.0000 1.0000 1.0000 1.0000 0.0013 0.0041 0.0128 0.0401 0.1261 0.3961 1.0000 1.0000 1.0000 1.0000 0.0013 0.0041 0.0128 0.0403 0.1268 0.3983 1.0000 1.0000 1.0000 1.0000 0.0013 0.0041 0.0129 0.0407 0.1473 0.3287 0.1473 0.0407 0.0129 0.0041 0.0013 1.0000 1.0000 1.0000 1.0000 0.3983 0.1268 0.0403 0.0128 0.0041 0.0013 1.0000 1.0000 1.0000 1.0000 0.3961 0.1261 0.0401 0.0128 0.0041 0.0013 1.0000 1.0000 1.0000 1.0000 0.3916 0.1241 0.0393 0.0124 0.0039 0.0012 1.0000 1.0000 1.0000 1.0000 0.3520 0.1105 0.0347 0.0109 0.0034 0.0011 1.0000 1.0000 1.0000 1.0000 0.1651
0.5189 1.0000 1.0000 1.0000 0.0011 0.0034 0.0108 0.0343 0.1091 0.3474 1.0000 1.0000 1.0000 1.0000 0.0012 0.0039 0.0123 0.0391 0.1241 0.3931 1.0000 1.0000 1.0000 1.0000 0.0013 0.0041 0.0129 0.0407 0.1277 0.4014 1.0000 1.0000 1.0000 1.0000 0.0013 0.0041 0.0130 0.0409 0.1285 0.4037 1.0000 1.0000 1.0000 1.0000 0.0013 0.0042 0.0131 0.0410 0.1297 0.4691 1.0000 0.4691 0.1297 0.0410 0.0131 0.0042 0.0013 1.0000 1.0000 1.0000 1.0000 0.4037 0.1285 0.0409 0.0130 0.0041 0.0013 1.0000 1.0000 1.0000 1.0000 0.4014 0.1277 0.0407 0.0129 0.0041 0.0013 1.0000 1.0000 1.0000 1.0000 0.3931 0.1241 0.0391 0.0123 0.0039 0.0012 1.0000 1.0000 1.0000 1.0000 0.3474 0.1091 0.0343 0.0108 0.0034 0.0011 1.0000 1.0000 1.0000 0.5189
1.0000 1.0000 1.0000 0.0010 0.0033 0.0106 0.0338 0.1076 0.3428 1.0000 1.0000 1.0000 1.0000 0.0012 0.0038 0.0122 0.0388 0.1232 0.3916 1.0000 1.0000 1.0000 1.0000 0.0013 0.0042 0.0131 0.0412 0.1295 0.4068 1.0000 1.0000 1.0000 1.0000 0.0013 0.0042 0.0132 0.0414 0.1302 0.4091 1.0000 1.0000 1.0000 1.0000 0.0013 0.0042 0.0133 0.0417 0.1304 0.4130 1.0000 1.0000 1.0000 0.4130 0.1304 0.0417 0.0133 0.0042 0.0013 1.0000 1.0000 1.0000 1.0000 0.4091 0.1302 0.0414 0.0132 0.0042 0.0013 1.0000 1.0000 1.0000 1.0000 0.4068 0.1295 0.0412 0.0131 0.0042 0.0013 1.0000 1.0000 1.0000 1.0000 0.3916 0.1232 0.0388 0.0122 0.0038 0.0012 1.0000 1.0000 1.0000 1.0000 0.3428 0.1076 0.0338 0.0106 0.0033 0.0010 1.0000 1.0000 1.0000
1.0000 1.0000 0.0010 0.0033 0.0105 0.0334 0.1062 0.3382 1.0000 1.0000 1.0000 1.0000 0.0012 0.0038 0.0120 0.0383 0.1220 0.3879 1.0000 1.0000 1.0000 1.0000 0.0013 0.0042 0.0132 0.0417 0.1312 0.4122 1.0000 1.0000 1.0000 1.0000 0.0014 0.0043 0.0134 0.0420 0.1319 0.4146 1.0000 1.0000 1.0000 1.0000 0.0014 0.0043 0.0134 0.0422 0.1327 0.4153 1.0000 1.0000 1.0000 1.0000 1.0000 0.4153 0.1327 0.0422 0.0134 0.0043 0.0014 1.0000 1.0000 1.0000 1.0000 0.4146 0.1319 0.0420 0.0134 0.0043 0.0014 1.0000 1.0000 1.0000 1.0000 0.4122 0.1312 0.0417 0.0132 0.0042 0.0013 1.0000 1.0000 1.0000 1.0000 0.3879 0.1220 0.0383 0.0120 0.0038 0.0012 1.0000 1.0000 1.0000 1.0000 0.3382 0.1062 0.0334 0.0105 0.0033 0.0010 1.0000 1.0000
1.0000 0.0011 0.0032 0.0104 0.0329 0.1048 0.3338 1.0000 1.0000 1.0000 1.0000 0.0012 0.0037 0.0119 0.0378 0.1204 0.3835 1.0000 1.0000 1.0000 1.0000 0.0013 0.0042 0.0133 0.0421 0.1324 0.4169 1.0000 1.0000 1.0000 1.0000 0.0014 0.0043 0.0135 0.0426 0.1337 0.4201 1.0000 1.0000 1.0000 1.0000 0.0014 0.0043 0.0136 0.0428 0.1345 0.4225 1.0000 1.0000 1.0000 1.0000 1.0000 1.0000 1.0000 0.4225 0.1345 0.0428 0.0136 0.0043 0.0014 1.0000 1.0000 1.0000 1.0000 0.4201 0.1337 0.0426 0.0135 0.0043 0.0014 1.0000 1.0000 1.0000 1.0000 0.4169 0.1327 0.0421 0.0133 0.0042 0.0013 1.0000 1.0000 1.0000 1.0000 0.3835 0.1204 0.0378 0.0119 0.0037 0.0012 1.0000 1.0000 1.0000 1.0000 0.3338 0.1048 0.0329 0.0104 0.0032 0.0011 1.0000
0.0005 0.0035 0.0101 0.0325 0.1034 0.3293 1.0000 1.0000 1.0000 1.0000 0.0012 0.0037 0.0117 0.0373 0.1188 0.3784 1.0000 1.0000 1.0000 1.0000 0.0013 0.0042 0.0133 0.0422 0.1335 0.4209 1.0000 1.0000 1.0000 1.0000 0.0014 0.0044 0.0137 0.0431 0.1355 0.4257 1.0000 1.0000 1.0000 1.0000 0.0014 0.0044 0.0138 0.0434 0.1363 0.4282 1.0000 1.0000 1.0000 1.0000 0.0012 1.0000 1.0000 1.0000 1.0000 0.4282 0.1363 0.0434 0.0138 0.0044 0.0014 1.0000 1.0000 1.0000 1.0000 0.4257 0.1355 0.0431 0.0137 0.0044 0.0014 1.0000 1.0000 1.0000 1.0000 0.4201 0.1332 0.0422 0.0133 0.0042 0.0013 1.0000 1.0000 1.0000 1.0000 0.3784 0.1188 0.0373 0.0117 0.0037 0.0012 1.0000 1.0000 1.0000 1.0000 0.3293 0.1034 0.0325 0.0101 0.0035 0.0005
0.0017 0.0109 0.0317 0.1023 0.3250 1.0000 1.0000 1.0000 1.0000 0.0011 0.0036 0.0116 0.0368 0.1173 0.3734 1.0000 1.0000 1.0000 1.0000 0.0013 0.0042 0.0132 0.0421 0.1335 0.4225 1.0000 1.0000 1.0000 1.0000 0.0014 0.0044 0.0139 0.0437 0.1373 0.4315 1.0000 1.0000 1.0000 1.0000 0.0014 0.0045 0.0140 0.0440 0.1381 0.4339 1.0000 1.0000 1.0000 1.0000 0.0016 0.0037 0.0016 1.0000 1.0000 1.0000 1.0000 0.4339 0.1381 0.0440 0.0140 0.0045 0.0014 1.0000 1.0000 1.0000 1.0000 0.4315 0.1373 0.0437 0.0139 0.0044 0.0014 1.0000 1.0000 1.0000 1.0000 0.4217 0.1332 0.0421 0.0132 0.0042 0.0013 1.0000 1.0000 1.0000 1.0000 0.3734 0.1173 0.0368 0.0116 0.0036 0.0011 1.0000 1.0000 1.0000 1.0000 0.3250 0.1023 0.0317 0.0109 0.0017
0.0054 0.0343 0.0998 0.3213 1.0000 1.0000 1.0000 1.0000 0.0011 0.0036 0.0114 0.0363 0.1157 0.3685 1.0000 1.0000 1.0000 1.0000 0.0013 0.0041 0.0131 0.0417 0.1324 0.4209 1.0000 1.0000 1.0000 1.0000 0.0014 0.0045 0.0141 0.0443 0.1392 0.4372 1.0000 1.0000 1.0000 1.0000 0.0014 0.0045 0.0142 0.0445 0.1400 0.4397 1.0000 1.0000 1.0000 1.0000 0.0014 0.0052 0.0117 0.0052 0.0014 1.0000 1.0000 1.0000 1.0000 0.4397 0.1400 0.0445 0.0142 0.0045 0.0014 1.0000 1.0000 1.0000 1.0000 0.4372 0.1392 0.0443 0.0141 0.0045 0.0014 1.0000 1.0000 1.0000 1.0000 0.4201 0.1327 0.0417 0.0131 0.0041 0.0013 1.0000 1.0000 1.0000 1.0000 0.3685 0.1157 0.0363 0.0114 0.0036 0.0011 1.0000 1.0000 1.0000 1.0000 0.3213 0.0998 0.0343 0.0054
0.0168 0.1078 0.3129 1.0000 1.0000 1.0000 1.0000 0.0011 0.0035 0.0113 0.0359 0.1142 0.3636 1.0000 1.0000 1.0000 1.0000 0.0013 0.0041 0.0129 0.0412 0.1312 0.4169 1.0000 1.0000 1.0000 1.0000 0.0014 0.0045 0.0142 0.0448 0.1410 0.4431 1.0000 1.0000 1.0000 1.0000 0.0015 0.0046 0.0144 0.0451 0.1418 0.4456 1.0000 1.0000 1.0000 1.0000 0.0015 0.0046 0.0167 0.0372 0.0167 0.0046 0.0015 1.0000 1.0000 1.0000 1.0000 0.4456 0.1418 0.0451 0.0144 0.0046 0.0015 1.0000 1.0000 1.0000 1.0000 0.4431 0.1410 0.0448 0.0142 0.0045 0.0014 1.0000 1.0000 1.0000 1.0000 0.4169 0.1312 0.0412 0.0129 0.0041 0.0013 1.0000 1.0000 1.0000 1.0000 0.3636 0.1142 0.0359 0.0113 0.0035 0.0011 1.0000 1.0000 1.0000 1.0000 0.3129 0.1078 0.0168
0.0529 0.3389 0.9849 1.0000 1.0000 1.0000 0.0011 0.0035 0.0111 0.0354 0.1127 0.3588 1.0000 1.0000 1.0000 1.0000 0.0013 0.0040 0.0128 0.0407 0.1295 0.4122 1.0000 1.0000 1.0000 1.0000 0.0014 0.0045 0.0143 0.0451 0.1424 0.4482 1.0000 1.0000 1.0000 1.0000 0.0015 0.0046 0.0146 0.0457 0.1437 0.4516 1.0000 1.0000 1.0000 1.0000 0.0015 0.0046 0.0147 0.0532 0.1186 0.0532 0.0147 0.0046 0.0015 1.0000 1.0000 1.0000 1.0000 0.4516 0.1437 0.0457 0.0146 0.0046 0.0015 1.0000 1.0000 1.0000 1.0000 0.4482 0.1424 0.0451 0.0143 0.0045 0.0014 1.0000 1.0000 1.0000 1.0000 0.4122 0.1295 0.0407 0.0128 0.0040 0.0013 1.0000 1.0000 1.0000 1.0000 0.3588 0.1127 0.0354 0.0111 0.0035 0.0011 1.0000 1.0000 1.0000 0.9849 0.3389 0.0529
0.1661 1.0000 1.0000 1.0000 1.0000 0.0011 0.0034 0.0110 0.0349 0.1112 0.3540 1.0000 1.0000 1.0000 1.0000 0.0012 0.0040 0.0126 0.0401 0.1277 0.4068 1.0000 1.0000 1.0000 1.0000 0.0014 0.0045 0.0143 0.0453 0.1432 0.4516 1.0000 1.0000 1.0000 1.0000 0.0015 0.0047 0.0148 0.0464 0.1457 0.4577 1.0000 1.0000 1.0000 1.0000 0.0015 0.0047 0.0148 0.0468 0.1693 0.3777 0.1693 0.0468 0.0148 0.0047 0.0015 1.0000 1.0000 1.0000 1.0000 0.4577 0.1457 0.0464 0.0148 0.0047 0.0015 1.0000 1.0000 1.0000 1.0000 0.4516 0.1432 0.0453 0.0143 0.0045 0.0014 1.0000 1.0000 1.0000 1.0000 0.4068 0.1277 0.0401 0.0126 0.0040 0.0012 1.0000 1.0000 1.0000 1.0000 0.3540 0.1112 0.0349 0.0110 0.0034 0.0011 1.0000 1.0000 1.0000 1.0000 0.1661
0.5218 1.0000 1.0000 1.0000 0.0011 0.0034 0.0108 0.0345 0.1097 0.3493 1.0000 1.0000 1.0000 1.0000 0.0012 0.0039 0.0124 0.0396 0.1261 0.4014 1.0000 1.0000 1.0000 1.0000 0.0014 0.0045 0.0142 0.0451 0.1432 0.4533 1.0000 1.0000 1.0000 1.0000 0.0015 0.0048 0.0150 0.0470 0.1476 0.4638 1.0000 1.0000 1.0000 1.0000 0.0015 0.0048 0.0150 0.0471 0.1490 0.5390 1.0000 0.5390 0.1490 0.0471 0.0150 0.0048 0.0015 1.0000 1.0000 1.0000 1.0000 0.4638 0.1476 0.0470 0.0150 0.0048 0.0015 1.0000 1.0000 1.0000 1.0000 0.4533 0.1432 0.0451 0.0142 0.0045 0.0014 1.0000 1.0000 1.0000 1.0000 0.4014 0.1261 0.0396 0.0124 0.0039 0.0012 1.0000 1.0000 1.0000 1.0000 0.3493 0.1097 0.0345 0.0108 0.0034 0.0011 1.0000 1.0000 1.0000 0.5218
1.0000 1.0000 1.0000 0.0011 0.0034 0.0107 0.0340 0.1083 0.3447 1.0000 1.0000 1.0000 1.0000 0.0012 0.0039 0.0123 0.0391 0.1244 0.3961 1.0000 1.0000 1.0000 1.0000 0.0014 0.0044 0.0141 0.0448 0.1424 0.4516 1.0000 1.0000 1.0000 1.0000 0.0015 0.0048 0.0152 0.0476 0.1496 0.4700 1.0000 1.0000 1.0000 1.0000 0.0015 0.0048 0.0152 0.0479 0.1499 0.4745 1.0000 1.0000 1.0000 0.4745 0.1499 0.0479 0.0152 0.0048 0.0015 1.0000 1.0000 1.0000 1.0000 0.4700 0.1496 0.0476 0.0152 0.0048 0.0015 1.0000 1.0000 1.0000 1.0000 0.4516 0.1424 0.0448 0.0141 0.0044 0.0014 1.0000 1.0000 1.0000 1.0000 0.3961 0.1244 0.0391 0.0123 0.0039 0.0012 1.0000 1.0000 1.0000 1.0000 0.3447 0.1083 0.0340 0.0107 0.0034 0.0011 1.0000 1.0000 1.0000
1.0000 1.0000 0.0010 0.0033 0.0105 0.0335 0.1068 0.3402 1.0000 1.0000 1.0000 1.0000 0.0012 0.0038 0.0121 0.0385 0.1227 0.3908 1.0000 1.0000 1.0000 1.0000 0.0014 0.0044 0.0139 0.0443 0.1410 0.4482 1.0000 1.0000 1.0000 1.0000 0.0015 0.0048 0.0153 0.0482 0.1516 0.4763 1.0000 1.0000 1.0000 1.0000 0.0016 0.0049 0.0154 0.0485 0.1525 0.4772 1.0000 1.0000 1.0000 1.0000 1.0000 0.4772 0.1525 0.0485 0.0154 0.0049 0.0016 1.0000 1.0000 1.0000 1.0000 0.4763 0.1516 0.0482 0.0153 0.0048 0.0015 1.0000 1.0000 1.0000 1.0000 0.4482 0.1410 0.0443 0.0139 0.0044 0.0014 1.0000 1.0000 1.0000 1.0000 0.3908 0.1227 0.0385 0.0121 0.0038 0.0012 1.0000 1.0000 1.0000 1.0000 0.3402 0.1068 0.0335 0.0105 0.0033 0.0010 1.0000 1.0000
1.0000 0.0011 0.0032 0.0104 0.0331 0.1054 0.3357 1.0000 1.0000 1.0000 1.0000 0.0012 0.0038 0.0119 0.0380 0.1211 0.3857 1.0000 1.0000 1.0000 1.0000 0.0014 0.0043 0.0137 0.0437 0.1392 0.4431 1.0000 1.0000 1.0000 1.0000 0.0015 0.0049 0.0154 0.0485 0.1530 0.4818 1.0000 1.0000 1.0000 1.0000 0.0016 0.0050 0.0156 0.0492 0.1545 0.4854 1.0000 1.0000 1.0000 1.0000 1.0000 1.0000 1.0000 0.4854 0.1545 0.0492 0.0156 0.0050 0.0016 1.0000 1.0000 1.0000 1.0000 0.4818 0.1530 0.0485 0.0154 0.0049 0.0015 1.0000 1.0000 1.0000 1.0000 0.4431 0.1392 0.0437 0.0137 0.0043 0.0014 1.0000 1.0000 1.0000 1.0000 0.3857 0.1211 0.0380 0.0119 0.0038 0.0012 1.0000 1.0000 1.0000 1.0000 0.3357 0.1054 0.0331 0.0104 0.0032 0.0011 1.0000
0.0005 0.0035 0.0102 0.0327 0.1040 0.3312 1.0000 1.0000 1.0000 1.0000 0.0012 0.0037 0.0118 0.0375 0.1195 0.3806 1.0000 1.0000 1.0000 1.0000 0.0013 0.0043 0.0135 0.0431 0.1373 0.4372 1.0000 1.0000 1.0000 1.0000 0.0015 0.0048 0.0154 0.0487 0.1539 0.4854 1.0000 1.0000 1.0000 1.0000 0.0016 0.0050 0.0159 0.0498 0.1566 0.4920 1.0000 1.0000 1.0000 1.0000 0.0013 1.0000 1.0000 1.0000 1.0000 0.4920 0.1566 0.0498 0.0159 0.0050 0.0016 1.0000 1.0000 1.0000 1.0000 0.4854 0.1539 0.0487 0.0154 0.0048 0.0015 1.0000 1.0000 1.0000 1.0000 0.4372 0.1373 0.0431 0.0135 0.0043 0.0013 1.0000 1.0000 1.0000 1.0000 0.3806 0.1195 0.0375 0.0118 0.0037 0.0012 1.0000 1.0000 1.0000 1.0000 0.3312 0.1040 0.0327 0.0102 0.0035 0.0005
0.0017 0.0110 0.0319 0.1028 0.3268 1.0000 1.0000 1.0000 1.0000 0.0011 0.0037 0.0116 0.0370 0.1179 0.3755 1.0000 1.0000 1.0000 1.0000 0.0013 0.0042 0.0134 0.0426 0.1355 0.4315 1.0000 1.0000 1.0000 1.0000 0.0015 0.0048 0.0153 0.0485 0.1539 0.4873 1.0000 1.0000 1.0000 1.0000 0.0016 0.0051 0.0161 0.0505 0.1587 0.4985 1.0000 1.0000 1.0000 1.0000 0.0019 0.0042 0.0019 1.0000 1.0000 1.0000 1.0000 0.4985 0.1587 0.0505 0.0161 0.0051 0.0016 1.0000 1.0000 1.0000 1.0000 0.4873 0.1539 0.0485 0.0153 0.0048 0.0015 1.0000 1.0000 1.0000 1.0000 0.4315 0.1355 0.0426 0.0134 0.0042 0.0013 1.0000 1.0000 1.0000 1.0000 0.3755 0.1179 0.0370 0.0116 0.0037 0.0011 1.0000 1.0000 1.0000 1.0000 0.3268 0.1028 0.0319 0.0110 0.0017
0.0054 0.0345 0.1003 0.3231 1.0000 1.0000 1.0000 1.0000 0.0011 0.0036 0.0115 0.0365 0.1164 0.3706 1.0000 1.0000 1.0000 1.0000 0.0013 0.0041 0.0132 0.0420 0.1337 0.4257 1.0000 1.0000 1.0000 1.0000 0.0015 0.0048 0.0152 0.0482 0.1530 0.4854 1.0000 1.0000 1.0000 1.0000 0.0016 0.0052 0.0163 0.0512 0.1608 0.5052 1.0000 1.0000 1.0000 1.0000 0.0017 0.0060 0.0134 0.0060 0.0017 1.0000 1.0000 1.0000 1.0000 0.5052 0.1608 0.0512 0.0163 0.0052 0.0016 1.0000 1.0000 1.0000 1.0000 0.4854 0.1530 0.0482 0.0152 0.0048 0.0015 1.0000 1.0000 1.0000 1.0000 0.4257 0.1337 0.0420 0.0132 0.0041 0.0013 1.0000 1.0000 1.0000 1.0000 0.3706 0.1164 0.0365 0.0115 0.0036 0.0011 1.0000 1.0000 1.0000 1.0000 0.3231 0.1003 0.0345 0.0054
0.0169 0.1085 0.3146 1.0000 1.0000 1.0000 1.0000 0.0011 0.0036 0.0113 0.0361 0.1148 0.3657 1.0000 1.0000 1.0000 1.0000 0.0013 0.0041 0.0130 0.0414 0.1319 0.4201 1.0000 1.0000 1.0000 1.0000 0.0015 0.0047 0.0150 0.0476 0.1516 0.4818 1.0000 1.0000 1.0000 1.0000 0.0017 0.0052 0.0164 0.0518 0.1629 0.5120 1.0000 1.0000 1.0000 1.0000 0.0017 0.0053 0.0192 0.0428 0.0192 0.0053 0.0017 1.0000 1.0000 1.0000 1.0000 0.5120 0.1629 0.0518 0.0164 0.0052 0.0017 1.0000 1.0000 1.0000 1.0000 0.4818 0.1516 0.0476 0.0150 0.0047 0.0015 1.0000 1.0000 1.0000 1.0000 0.4201 0.1319 0.0414 0.0130 0.0041 0.0013 1.0000 1.0000 1.0000 1.0000 0.3657 0.1148 0.0361 0.0113 0.0036 0.0011 1.0000 1.0000 1.0000 1.0000 0.3146 0.1085 0.0169
0.0532 0.3408 0.9905 1.0000 1.0000 1.0000 0.0011 0.0035 0.0112 0.0356 0.1133 0.3608 1.0000 1.0000 1.0000 1.0000 0.0013 0.0040 0.0128 0.0409 0.1302 0.4146 1.0000 1.0000 1.0000 1.0000 0.0015 0.0046 0.0148 0.0470 0.1496 0.4763 1.0000 1.0000 1.0000 1.0000 0.0017 0.0052 0.0165 0.0522 0.1645 0.5179 1.0000 1.0000 1.0000 1.0000 0.0017 0.0053 0.0169 0.0611 0.1363 0.0611 0.0169 0.0053 0.0017 1.0000 1.0000 1.0000 1.0000 0.5179 0.1645 0.0522 0.0165 0.0052 0.0017 1.0000 1.0000 1.0000 1.0000 0.4763 0.1496 0.0470 0.0148 0.0046 0.0015 1.0000 1.0000 1.0000 1.0000 0.4146 0.1302 0.0409 0.0128 0.0040 0.0013 1.0000 1.0000 1.0000 1.0000 0.3608 0.1133 0.0356 0.0112 0.0035 0.0011 1.0000 1.0000 1.0000 0.9905 0.3408 0.0532
0.1670 1.0000 1.0000 1.0000 1.0000 0.0011 0.0035 0.0110 0.0351 0.1118 0.3561 1.0000 1.0000 1.0000 1.0000 0.0012 0.0040 0.0127 0.0403 0.1285 0.4091 1.0000 1.0000 1.0000 1.0000 0.0014 0.0046 0.0146 0.0464 0.1476 0.4700 1.0000 1.0000 1.0000 1.0000 0.0016 0.0052 0.0165 0.0524 0.1654 0.5218 1.0000 1.0000 1.0000 1.0000 0.0017 0.0054 0.0170 0.0538 0.1945 0.4339 0.1945 0.0538 0.0170 0.0054 0.0017 1.0000 1.0000 1.0000 1.0000 0.5218 0.1654 0.0524 0.0165 0.0052 0.0016 1.0000 1.0000 1.0000 1.0000 0.4700 0.1476 0.0464 0.0146 0.0046 0.0014 1.0000 1.0000 1.0000 1.0000 0.4091 0.1285 0.0403 0.0127 0.0040 0.0012 1.0000 1.0000 1.0000 1.0000 0.3561 0.1118 0.0351 0.0110 0.0035 0.0011 1.0000 1.0000 1.0000 1.0000 0.1670
0.5248 1.0000 1.0000 1.0000 0.0011 0.0034 0.0109 0.0347 0.1103 0.3513 1.0000 1.0000 1.0000 1.0000 0.0012 0.0039 0.0125 0.0398 0.1268 0.4037 1.0000 1.0000 1.0000 1.0000 0.0014 0.0045 0.0144 0.0457 0.1457 0.4638 1.0000 1.0000 1.0000 1.0000 0.0016 0.0052 0.0164 0.0522 0.1654 0.5238 1.0000 1.0000 1.0000 1.0000 0.0017 0.0055 0.0173 0.0541 0.1712 0.6192 1.0000 0.6192 0.1712 0.0541 0.0173 0.0055 0.0017 1.0000 1.0000 1.0000 1.0000 0.5238 0.1654 0.0522 0.0164 0.0052 0.0016 1.0000 1.0000 1.0000 1.0000 0.4638 0.1457 0.0457 0.0144 0.0045 0.0014 1.0000 1.0000 1.0000 1.0000 0.4037 0.1268 0.0398 0.0125 0.0039 0.0012 1.0000 1.0000 1.0000 1.0000 0.3513 0.1103 0.0347 0.0109 0.0034 0.0011 1.0000 1.0000 1.0000 0.5248
1.0000 1.0000 1.0000 0.0011 0.0034 0.0107 0.0342 0.1089 0.3467 1.0000 1.0000 1.0000 1.0000 0.0012 0.0039 0.0123 0.0393 0.1251 0.3983 1.0000 1.0000 1.0000 1.0000 0.0014 0.0045 0.0142 0.0451 0.1437 0.4577 1.0000 1.0000 1.0000 1.0000 0.0016 0.0051 0.0163 0.0518 0.1645 0.5218 1.0000 1.0000 1.0000 1.0000 0.0018 0.0056 0.0175 0.0550 0.1722 0.5452 1.0000 1.0000 1.0000 0.5452 0.1722 0.0550 0.0175 0.0056 0.0018 1.0000 1.0000 1.0000 1.0000 0.5218 0.1645 0.0518 0.0163 0.0051 0.0016 1.0000 1.0000 1.0000 1.0000 0.4577 0.1437 0.0451 0.0142 0.0045 0.0014 1.0000 1.0000 1.0000 1.0000 0.3983 0.1251 0.0393 0.0123 0.0039 0.0012 1.0000 1.0000 1.0000 1.0000 0.3467 0.1089 0.0342 0.0107 0.0034 0.0011 1.0000 1.0000 1.0000
1.0000 1.0000 0.0010 0.0033 0.0106 0.0337 0.1074 0.3421 1.0000 1.0000 1.0000 1.0000 0.0012 0.0038 0.0122 0.0388 0.1234 0.3931 1.0000 1.0000 1.0000 1.0000 0.0014 0.0044 0.0140 0.0445 0.1418 0.4516 1.0000 1.0000 1.0000 1.0000 0.0016 0.0050 0.0161 0.0512 0.1629 0.5179 1.0000 1.0000 1.0000 1.0000 0.0018 0.0056 0.0177 0.0556 0.1752 0.5493 1.0000 1.0000 1.0000 1.0000 1.0000 0.5493 0.1752 0.0556 0.0177 0.0056 0.0018 1.0000 1.0000 1.0000 1.0000 0.5179 0.1629 0.0512 0.0161 0.0050 0.0016 1.0000 1.0000 1.0000 1.0000 0.4516 0.1418 0.0445 0.0140 0.0044 0.0014 1.0000 1.0000 1.0000 1.0000 0.3931 0.1234 0.0388 0.0122 0.0038 0.0012 1.0000 1.0000 1.0000 1.0000 0.3421 0.1074 0.0337 0.0106 0.0033 0.0010 1.0000 1.0000
1.0000 0.0011 0.0033 0.0105 0.0333 0.1060 0.3376 1.0000 1.0000 1.0000 1.0000 0.0012 0.0038 0.0120 0.0383 0.1218 0.3879 1.0000 1.0000 1.0000 1.0000 0.0014 0.0043 0.0138 0.0440 0.1400 0.4456 1.0000 1.0000 1.0000 1.0000 0.0016 0.0050 0.0159 0.0505 0.1608 0.5120 1.0000 1.0000 1.0000 1.0000 0.0018 0.0056 0.0178 0.0561 0.1768 0.5577 1.0000 1.0000 1.0000 1.0000 1.0000 1.0000 1.0000 0.5577 0.1768 0.0561 0.0178 0.0056 0.0018 1.0000 1.0000 1.0000 1.0000 0.5120 0.1608 0.0505 0.0159 0.0050 0.0016 1.0000 1.0000 1.0000 1.0000 0.4456 0.1400 0.0440 0.0138 0.0043 0.0014 1.0000 1.0000 1.0000 1.0000 0.3879 0.1218 0.0383 0.0120 0.0038 0.0012 1.0000 1.0000 1.0000 1.0000 0.3376 0.1060 0.0333 0.0105 0.0033 0.0011 1.0000
0.0005 0.0035 0.0102 0.0329 0.1046 0.3331 1.0000 1.0000 1.0000 1.0000 0.0012 0.0037 0.0119 0.0377 0.1202 0.3827 1.0000 1.0000 1.0000 1.0000 0.0013 0.0043 0.0136 0.0434 0.1381 0.4397 1.0000 1.0000 1.0000 1.0000 0.0015 0.0049 0.0156 0.0498 0.1587 0.5052 1.0000 1.0000 1.0000 1.0000 0.0018 0.0056 0.0178 0.0563 0.1778 0.5609 1.0000 1.0000 1.0000 1.0000 0.0015 1.0000 1.0000 1.0000 1.0000 0.5609 0.1778 0.0563 0.0178 0.0056 0.0018 1.0000 1.0000 1.0000 1.0000 0.5052 0.1587 0.0498 0.0156 0.0049 0.0015 1.0000 1.0000 1.0000 1.0000 0.4397 0.1381 0.0434 0.0136 0.0043 0.0013 1.0000 1.0000 1.0000 1.0000 0.3827 0.1202 0.0377 0.0119 0.0037 0.0012 1.0000 1.0000 1.0000 1.0000 0.3331 0.1046 0.0329 0.0102 0.0035 0.0005
0.0017 0.0110 0.0321 0.1034 0.3287 1.0000 1.0000 1.0000 1.0000 0.0012 0.0037 0.0117 0.0372 0.1186 0.3777 1.0000 1.0000 1.0000 1.0000 0.0013 0.0042 0.0134 0.0428 0.1363 0.4339 1.0000 1.0000 1.0000 1.0000 0.0015 0.0048 0.0154 0.0492 0.1566 0.4985 1.0000 1.0000 1.0000 1.0000 0.0017 0.0056 0.0177 0.0561 0.1778 0.5631 1.0000 1.0000 1.0000 1.0000 0.0022 0.0048 0.0022 1.0000 1.0000 1.0000 1.0000 0.5631 0.1778 0.0561 0.0177 0.0056 0.0017 1.0000 1.0000 1.0000 1.0000 0.4985 0.1566 0.0492 0.0154 0.0048 0.0015 1.0000 1.0000 1.0000 1.0000 0.4339 0.1363 0.0428 0.0134 0.0042 0.0013 1.0000 1.0000 1.0000 1.0000 0.3777 0.1186 0.0372 0.0117 0.0037 0.0012 1.0000 1.0000 1.0000 1.0000 0.3287 0.1034 0.0321 0.0110 0.0017
0.0054 0.0347 0.1007 0.3250 1.0000 1.0000 1.0000 1.0000 0.0011 0.0036 0.0115 0.0368 0.1170 0.3727 1.0000 1.0000 1.0000 1.0000 0.0013 0.0042 0.0133 0.0422 0.1345 0.4282 1.0000 1.0000 1.0000 1.0000 0.0015 0.0048 0.0152 0.0485 0.1545 0.4920 1.0000 1.0000 1.0000 1.0000 0.0017 0.0055 0.0175 0.0556 0.1768 0.5609 1.0000 1.0000 1.0000 1.0000 0.0019 0.0069 0.0154 0.0069 0.0019 1.0000 1.0000 1.0000 1.0000 0.5609 0.1768 0.0556 0.0175 0.0055 0.0017 1.0000 1.0000 1.0000 1.0000 0.4920 0.1545 0.0485 0.0152 0.0048 0.0015 1.0000 1.0000 1.0000 1.0000 0.4282 0.1345 0.0422 0.0133 0.0042 0.0013 1.0000 1.0000 1.0000 1.0000 0.3727 0.1170 0.0368 0.0115 0.0036 0.0011 1.0000 1.0000 1.0000 1.0000 0.3250 0.1007 0.0347 0.0054
0.0170 0.1091 0.3171 1.0000 1.0000 1.0000 1.0000 0.0011 0.0036 0.0114 0.0363 0.1155 0.3678 1.0000 1.0000 1.0000 1.0000 0.0013 0.0041 0.0131 0.0417 0.1327 0.4225 1.0000 1.0000 1.0000 1.0000 0.0015 0.0047 0.0150 0.0479 0.1525 0.4854 1.0000 1.0000 1.0000 1.0000 0.0017 0.0054 0.0173 0.0550 0.1752 0.5567 1.0000 1.0000 1.0000 1.0000 0.0019 0.0060 0.0219 0.0488 0.0219 0.0060 0.0019 1.0000 1.0000 1.0000 1.0000 0.5577 0.1752 0.0550 0.0173 0.0054 0.0017 1.0000 1.0000 1.0000 1.0000 0.4854 0.1525 0.0479 0.0150 0.0047 0.0015 1.0000 1.0000 1.0000 1.0000 0.4225 0.1327 0.0417 0.0131 0.0041 0.0013 1.0000 1.0000 1.0000 1.0000 0.3678 0.1155 0.0363 0.0114 0.0036 0.0011 1.0000 1.0000 1.0000 1.0000 0.3171 0.1091 0.0170
0.0535 0.3428 0.9943 1.0000 1.0000 1.0000 0.0011 0.0035 0.0112 0.0358 0.1140 0.3629 1.0000 1.0000 1.0000 1.0000 0.0013 0.0041 0.0129 0.0411 0.1309 0.4169 1.0000 1.0000 1.0000 1.0000 0.0015 0.0047 0.0148 0.0472 0.1504 0.4790 1.0000 1.0000 1.0000 1.0000 0.0017 0.0054 0.0170 0.0543 0.1728 0.5504 1.0000 1.0000 1.0000 1.0000 0.0019 0.0060 0.0191 0.0692 0.1548 0.0690 0.0190 0.0060 0.0019 1.0000 1.0000 1.0000 1.0000 0.5493 0.1722 0.0541 0.0170 0.0053 0.0017 1.0000 1.0000 1.0000 1.0000 0.4772 0.1499 0.0471 0.0148 0.0046 0.0015 1.0000 1.0000 1.0000 1.0000 0.4153 0.1304 0.0410 0.0129 0.0040 0.0013 1.0000 1.0000 1.0000 1.0000 0.3615 0.1135 0.0357 0.0112 0.0035 0.0011 1.0000 1.0000 1.0000 0.9905 0.3408 0.0533
0.1680 1.0000 1.0000 1.0000 1.0000 0.0011 0.0035 0.0111 0.0353 0.1125 0.3581 1.0000 1.0000 1.0000 1.0000 0.0013 0.0040 0.0127 0.0406 0.1292 0.4114 1.0000 1.0000 1.0000 1.0000 0.0014 0.0046 0.0146 0.0466 0.1484 0.4727 1.0000 1.0000 1.0000 1.0000 0.0017 0.0053 0.0168 0.0536 0.1706 0.5431 1.0000 1.0000 1.0000 1.0000 0.0019 0.0060 0.0190 0.0604 0.2188 0.4929 0.2222 0.0604 0.0190 0.0060 0.0019 1.0000 1.0000 1.0000 1.0000 0.5452 0.1712 0.0538 0.0169 0.0053 0.0017 1.0000 1.0000 1.0000 1.0000 0.4745 0.1490 0.0468 0.0147 0.0046 0.0014 1.0000 1.0000 1.0000 1.0000 0.4130 0.1297 0.0407 0.0128 0.0040 0.0013 1.0000 1.0000 1.0000 1.0000 0.3595 0.1129 0.0355 0.0111 0.0035 0.0011 1.0000 1.0000 1.0000 1.0000 0.1702
0.5278 1.0000 1.0000 1.0000 0.0011 0.0034 0.0109 0.0349 0.1110 0.3534 1.0000 1.0000 1.0000 1.0000 0.0012 0.0039 0.0126 0.0400 0.1275 0.4060 1.0000 1.0000 1.0000 1.0000 0.0014 0.0045 0.0144 0.0460 0.1465 0.4664 1.0000 1.0000 1.0000 1.0000 0.0016 0.0052 0.0166 0.0529 0.1683 0.5359 1.0000 1.0000 1.0000 1.0000 0.0019 0.0060 0.0190 0.0600 0.1897 0.6901 1.0000 0.8443 0.2264 0.0688 0.0218 0.0069 0.0022 1.0000 1.0000 1.0000 1.0000 0.6192 0.1945 0.0611 0.0192 0.0060 0.0019 1.0000 1.0000 1.0000 1.0000 0.5390 0.1693 0.0532 0.0167 0.0052 0.0016 1.0000 1.0000 1.0000 1.0000 0.4691 0.1473 0.0463 0.0145 0.0046 0.0014 1.0000 1.0000 1.0000 1.0000 0.4083 0.1282 0.0403 0.0126 0.0040 0.0012 1.0000 1.0000 1.0000 0.6157
1.0000 1.0000 1.0000 0.0011 0.0034 0.0108 0.0344 0.1095 0.3487 1.0000 1.0000 1.0000 1.0000 0.0012 0.0039 0.0124 0.0395 0.1258 0.4006 1.0000 1.0000 1.0000 1.0000 0.0014 0.0045 0.0143 0.0454 0.1445 0.4603 1.0000 1.0000 1.0000 1.0000 0.0016 0.0051 0.0164 0.0522 0.1661 0.5288 1.0000 1.0000 1.0000 1.0000 0.0019 0.0059 0.0188 0.0599 0.1879 0.5961 1.0000 1.0000 1.0000 0.4892 0.1587 0.0488 0.0154 0.0048 0.0015 1.0000 1.0000 1.0000 1.0000 0.4339 0.1363 0.0428 0.0134 0.0042 0.0013 1.0000 1.0000 1.0000 1.0000 0.3777 0.1186 0.0372 0.0117 0.0037 0.0012 1.0000 1.0000 1.0000 1.0000 0.3287 0.1032 0.0324 0.0102 0.0032 0.0010 1.0000 1.0000 1.0000 0.9110 0.2861 0.0899 0.0282 0.0089 0.0028 0.0009 1.0000 1.0000 1.0000
1.0000 1.0000 0.0010 0.0034 0.0107 0.0339 0.1081 0.3441 1.0000 1.0000 1.0000 1.0000 0.0012 0.0038 0.0122 0.0390 0.1241 0.3953 1.0000 1.0000 1.0000 1.0000 0.0014 0.0044 0.0141 0.0448 0.1426 0.4542 1.0000 1.0000 1.0000 1.0000 0.0016 0.0051 0.0162 0.0515 0.1639 0.5218 1.0000 1.0000 1.0000 1.0000 0.0018 0.0058 0.0186 0.0592 0.1879 0.5916 1.0000 1.0000 1.0000 0.1557 0.2059 0.0733 0.0219 0.0069 0.0022 1.0000 1.0000 1.0000 1.0000 0.6192 0.1945 0.0611 0.0192 0.0060 0.0019 1.0000 1.0000 1.0000 1.0000 0.5390 0.1693 0.0532 0.0167 0.0052 0.0016 1.0000 1.0000 1.0000 1.0000 0.4691 0.1473 0.0463 0.0145 0.0046 0.0014 1.0000 1.0000 1.0000 1.0000 0.4083 0.1282 0.0403 0.0126 0.0040 0.0012 1.0000 1.0000 1.0000 0.6157
1.0000 0.0011 0.0033 0.0105 0.0334 0.1062 0.3382 1.0000 1.0000 1.0000 1.0000 0.0012 0.0038 0.0120 0.0383 0.1220 0.3886 1.0000 1.0000 1.0000 1.0000 0.0014 0.0043 0.0138 0.0440 0.1402 0.4465 1.0000 1.0000 1.0000 1.0000 0.0016 0.0050 0.0159 0.0506 0.1611 0.5130 1.0000 1.0000 1.0000 1.0000 0.0018 0.0057 0.0183 0.0581 0.1851 0.5894 1.0000 1.0000 1.0000 1.0000 0.0096 0.0582 0.0220 0.0060 0.0019 1.0000 1.0000 1.0000 1.0000 0.5452 0.1712 0.0538 0.0169 0.0053 0.0017 1.0000 1.0000 1.0000 1.0000 0.4745 0.1490 0.0468 0.0147 0.0046 0.0014 1.0000 1.0000 1.0000 1.0000 0.4130 0.1297 0.0407 0.0128 0.0040 0.0013 1.0000 1.0000 1.0000 1.0000 0.3595 0.1129 0.0355 0.0111 0.0035 0.0011 1.0000 1.0000 1.0000 1.0000 0.1702
0.0006 0.0036 0.0103 0.0332 0.1056 0.3363 1.0000 1.0000 1.0000 1.0000 0.0012 0.0038 0.0120 0.0381 0.1213 0.3864 1.0000 1.0000 1.0000 1.0000 0.0014 0.0043 0.0138 0.0438 0.1394 0.4439 1.0000 1.0000 1.0000 1.0000 0.0016 0.0050 0.0158 0.0503 0.1602 0.5101 1.0000 1.0000 1.0000 1.0000 0.0018 0.0057 0.0182 0.0578 0.1840 0.5860 1.0000 1.0000 1.0000 0.0006 0.0011 0.0185 0.0271 0.0061 0.0019 1.0000 1.0000 1.0000 1.0000 0.5493 0.1722 0.0541 0.0170 0.0053 0.0017 1.0000 1.0000 1.0000 1.0000 0.4772 0.1499 0.0471 0.0148 0.0046 0.0015 1.0000 1.0000 1.0000 1.0000 0.4153 0.1304 0.0410 0.0129 0.0040 0.0013 1.0000 1.0000 1.0000 1.0000 0.3615 0.1135 0.0357 0.0112 0.0035 0.0011 1.0000 1.0000 1.0000 0.9905 0.3408 0.0533
0.0020 0.0129 0.0374 0.1207 0.3820 1.0000 1.0000 1.0000 1.0000 0.0013 0.0043 0.0136 0.0433 0.1378 0.4389 1.0000 1.0000 1.0000 1.0000 0.0015 0.0049 0.0156 0.0497 0.1584 0.5043 1.0000 1.0000 1.0000 1.0000 0.0018 0.0056 0.0179 0.0571 0.1820 0.5794 1.0000 1.0000 1.0000 1.0000 0.0020 0.0065 0.0207 0.0658 0.2094 0.6669 1.0000 1.0000 1.0000 0.0007 0.0023 0.0080 0.0225 0.0070 0.0019 1.0000 1.0000 1.0000 1.0000 0.5577 0.1752 0.0550 0.0173 0.0054 0.0017 1.0000 1.0000 1.0000 1.0000 0.4854 0.1525 0.0479 0.0150 0.0047 0.0015 1.0000 1.0000 1.0000 1.0000 0.4225 0.1327 0.0417 0.0131 0.0041 0.0013 1.0000 1.0000 1.0000 1.0000 0.3678 0.1155 0.0363 0.0114 0.0036 0.0011 1.0000 1.0000 1.0000 1.0000 0.3171 0.1091 0.0170
0.0048 0.0290 0.0837 0.2682 0.8507 1.0000 1.0000 1.0000 0.0009 0.0030 0.0095 0.0303 0.0964 0.3070 0.9774 1.0000 1.0000 1.0000 0.0011 0.0034 0.0109 0.0348 0.1108 0.3527 1.0000 1.0000 1.0000 1.0000 0.0012 0.0039 0.0126 0.0400 0.1273 0.4052 1.0000 1.0000 1.0000 1.0000 0.0014 0.0045 0.0144 0.0457 0.1454 0.4611 1.0000 1.0000 1.0000 1.0000 0.0016 0.0054 0.0150 0.0083 0.0019 1.0000 1.0000 1.0000 1.0000 0.5609 0.1768 0.0556 0.0175 0.0055 0.0017 1.0000 1.0000 1.0000 1.0000 0.4920 0.1545 0.0485 0.0152 0.0048 0.0015 1.0000 1.0000 1.0000 1.0000 0.4282 0.1345 0.0422 0.0133 0.0042 0.0013 1.0000 1.0000 1.0000 1.0000 0.3727 0.1170 0.0368 0.0115 0.0036 0.0011 1.0000 1.0000 1.0000 1.0000 0.3250 0.1007 0.0347 0.0054
