0.4302 0.3877 0.3064 0.2485 0.2597 0.2943 0.3426 0.3917 0.4198 0.4289 0.4206 0.3874 0.3059 0.2484 0.2598 0.2945 0.3428 0.3919 0.4198 0.4289 0.4205 0.3872 0.3055 0.2483 0.2599 0.2947 0.3431 0.3921 0.4199 0.4289 0.4204 0.3869 0.3050 0.2483 0.2601 0.2949 0.3434 0.3923 0.4200 0.4289 0.4203 0.3866 0.3045 0.2482 0.2602 0.2951 0.3436 0.3925 0.4205 0.4283 0.4204 0.4283 0.4205 0.3925 0.3436 0.2951 0.2602 0.2482 0.3045 0.3866 0.4203 0.4289 0.4200 0.3923 0.3434 0.2949 0.2601 0.2483 0.3050 0.3869 0.4204 0.4289 0.4199 0.3921 0.3431 0.2947 0.2599 0.2483 0.3055 0.3872 0.4205 0.4289 0.4198 0.3919 0.3428 0.2945 0.2598 0.2484 0.3059 0.3874 0.4206 0.4289 0.4198 0.3917 0.3426 0.2943 0.2597 0.2485 0.3064 0.3877 0.4302
0.3877 0.2581 0.1829 0.2055 0.2579 0.3259 0.3940 0.4259 0.4267 0.4062 0.3594 0.2567 0.1828 0.2058 0.2583 0.3263 0.3943 0.4260 0.4267 0.4060 0.3591 0.2561 0.1827 0.2060 0.2586 0.3267 0.3946 0.4261 0.4266 0.4059 0.3587 0.2555 0.1826 0.2062 0.2589 0.3271 0.3949 0.4261 0.4266 0.4057 0.3584 0.2549 0.1826 0.2064 0.2592 0.3274 0.3951 0.4262 0.4265 0.4015 0.3685 0.4015 0.4265 0.4262 0.3951 0.3274 0.2592 0.2064 0.1826 0.2549 0.3584 0.4057 0.4266 0.4261 0.3949 0.3271 0.2589 0.2062 0.1826 0.2555 0.3587 0.4059 0.4266 0.4261 0.3946 0.3267 0.2586 0.2060 0.1827 0.2561 0.3591 0.4060 0.4267 0.4260 0.3943 0.3263 0.2583 0.2058 0.1828 0.2567 0.3594 0.4062 0.4267 0.4259 0.3940 0.3259 0.2579 0.2055 0.1829 0.2581 0.3877
0.3064 0.1829 0.2057 0.2583 0.3265 0.3940 0.4242 0.4247 0.4054 0.3586 0.2553 0.1826 0.2063 0.2590 0.3271 0.3944 0.4242 0.4246 0.4053 0.3582 0.2546 0.1825 0.2065 0.2593 0.3275 0.3946 0.4243 0.4246 0.4051 0.3579 0.2540 0.1824 0.2067 0.2596 0.3279 0.3949 0.4243 0.4245 0.4050 0.3576 0.2534 0.1824 0.2069 0.2599 0.3282 0.3952 0.4244 0.4245 0.4047 0.3509 0.2875 0.3509 0.4047 0.4245 0.4244 0.3952 0.3282 0.2599 0.2069 0.1824 0.2534 0.3576 0.4050 0.4245 0.4243 0.3949 0.3279 0.2596 0.2067 0.1824 0.2540 0.3579 0.4051 0.4246 0.4243 0.3946 0.3275 0.2593 0.2065 0.1825 0.2546 0.3582 0.4053 0.4246 0.4242 0.3944 0.3271 0.2590 0.2063 0.1826 0.2553 0.3586 0.4054 0.4247 0.4242 0.3940 0.3265 0.2583 0.2057 0.1829 0.3064
0.2485 0.2055 0.2583 0.3268 0.3944 0.4245 0.4247 0.4051 0.3579 0.2538 0.1824 0.2068 0.2597 0.3280 0.3950 0.4246 0.4246 0.4049 0.3574 0.2532 0.1823 0.2070 0.2600 0.3284 0.3953 0.4246 0.4246 0.4048 0.3571 0.2526 0.1823 0.2072 0.2603 0.3287 0.3956 0.4247 0.4245 0.4046 0.3568 0.2520 0.1822 0.2074 0.2606 0.3291 0.3958 0.4247 0.4245 0.4046 0.3562 0.2491 0.1844 0.2491 0.3562 0.4046 0.4245 0.4247 0.3958 0.3291 0.2606 0.2074 0.1822 0.2520 0.3568 0.4046 0.4245 0.4247 0.3956 0.3287 0.2603 0.2072 0.1823 0.2526 0.3571 0.4048 0.4246 0.4246 0.3953 0.3284 0.2600 0.2070 0.1823 0.2532 0.3574 0.4049 0.4246 0.4246 0.3950 0.3280 0.2597 0.2068 0.1824 0.2538 0.3579 0.4051 0.4247 0.4245 0.3944 0.3268 0.2583 0.2055 0.2485
0.2597 0.2579 0.3265 0.3944 0.4245 0.4246 0.4048 0.3572 0.2525 0.1822 0.2073 0.2604 0.3288 0.3956 0.4247 0.4245 0.4046 0.3566 0.2518 0.1822 0.2075 0.2607 0.3292 0.3959 0.4247 0.4245 0.4044 0.3563 0.2511 0.1821 0.2077 0.2610 0.3296 0.3962 0.4248 0.4244 0.4042 0.3559 0.2505 0.1821 0.2080 0.2613 0.3299 0.3964 0.4248 0.4244 0.4041 0.3557 0.2494 0.1822 0.1883 0.1822 0.2494 0.3557 0.4041 0.4244 0.4248 0.3964 0.3299 0.2613 0.2080 0.1821 0.2505 0.3559 0.4042 0.4244 0.4248 0.3962 0.3296 0.2610 0.2077 0.1821 0.2511 0.3563 0.4044 0.4245 0.4247 0.3959 0.3292 0.2607 0.2075 0.1822 0.2518 0.3566 0.4046 0.4245 0.4247 0.3956 0.3288 0.2604 0.2073 0.1822 0.2525 0.3572 0.4048 0.4246 0.4245 0.3944 0.3265 0.2579 0.2597
0.2943 0.3259 0.3940 0.4245 0.4246 0.4047 0.3567 0.2515 0.1821 0.2077 0.2611 0.3297 0.3962 0.4248 0.4244 0.4042 0.3558 0.2503 0.1821 0.2080 0.2614 0.3300 0.3965 0.4248 0.4243 0.4040 0.3555 0.2497 0.1820 0.2083 0.2617 0.3304 0.3968 0.4249 0.4243 0.4039 0.3551 0.2491 0.1820 0.2085 0.2620 0.3308 0.3970 0.4249 0.4242 0.4037 0.3548 0.2485 0.1830 0.2101 0.2346 0.2101 0.1830 0.2485 0.3548 0.4037 0.4242 0.4249 0.3970 0.3308 0.2620 0.2085 0.1820 0.2491 0.3551 0.4039 0.4243 0.4249 0.3968 0.3304 0.2617 0.2083 0.1820 0.2497 0.3555 0.4040 0.4243 0.4248 0.3965 0.3300 0.2614 0.2080 0.1821 0.2503 0.3558 0.4042 0.4244 0.4248 0.3962 0.3297 0.2611 0.2077 0.1821 0.2515 0.3567 0.4047 0.4246 0.4245 0.3940 0.3259 0.2943
0.3426 0.3940 0.4242 0.4247 0.4048 0.3567 0.2510 0.1820 0.2081 0.2616 0.3304 0.3968 0.4249 0.4243 0.4038 0.3550 0.2489 0.1819 0.2086 0.2621 0.3309 0.3971 0.4250 0.4242 0.4037 0.3547 0.2483 0.1819 0.2088 0.2624 0.3313 0.3973 0.4250 0.4242 0.4035 0.3543 0.2477 0.1819 0.2090 0.2628 0.3316 0.3976 0.4251 0.4241 0.4034 0.3540 0.2471 0.1818 0.2111 0.2654 0.2989 0.2654 0.2111 0.1818 0.2471 0.3540 0.4034 0.4241 0.4251 0.3976 0.3316 0.2628 0.2090 0.1819 0.2477 0.3543 0.4035 0.4242 0.4250 0.3973 0.3313 0.2624 0.2088 0.1819 0.2483 0.3547 0.4037 0.4242 0.4250 0.3971 0.3309 0.2621 0.2086 0.1819 0.2489 0.3550 0.4038 0.4243 0.4249 0.3968 0.3304 0.2616 0.2081 0.1820 0.2510 0.3567 0.4048 0.4247 0.4242 0.3940 0.3426
0.3917 0.4259 0.4247 0.4051 0.3572 0.2515 0.1820 0.2082 0.2620 0.3310 0.3973 0.4250 0.4241 0.4035 0.3542 0.2475 0.1818 0.2091 0.2629 0.3317 0.3977 0.4251 0.4241 0.4033 0.3538 0.2469 0.1818 0.2093 0.2632 0.3321 0.3979 0.4251 0.4240 0.4031 0.3535 0.2463 0.1818 0.2095 0.2635 0.3325 0.3982 0.4252 0.4240 0.4030 0.3531 0.2457 0.1817 0.2097 0.2662 0.3361 0.3732 0.3361 0.2662 0.2097 0.1817 0.2457 0.3531 0.4030 0.4240 0.4252 0.3982 0.3325 0.2635 0.2095 0.1818 0.2463 0.3535 0.4031 0.4240 0.4251 0.3979 0.3321 0.2632 0.2093 0.1818 0.2469 0.3538 0.4033 0.4241 0.4251 0.3977 0.3317 0.2629 0.2091 0.1818 0.2475 0.3542 0.4035 0.4241 0.4250 0.3973 0.3310 0.2620 0.2082 0.1820 0.2515 0.3572 0.4051 0.4247 0.4259 0.3917
0.4198 0.4267 0.4054 0.3579 0.2525 0.1821 0.2081 0.2620 0.3312 0.3976 0.4251 0.4240 0.4031 0.3534 0.2461 0.1817 0.2096 0.2636 0.3326 0.3983 0.4252 0.4240 0.4029 0.3530 0.2455 0.1817 0.2098 0.2639 0.3330 0.3985 0.4252 0.4239 0.4028 0.3526 0.2449 0.1817 0.2101 0.2642 0.3333 0.3988 0.4253 0.4238 0.4026 0.3523 0.2442 0.1816 0.2102 0.2644 0.3361 0.4022 0.4206 0.4022 0.3361 0.2644 0.2102 0.1816 0.2442 0.3523 0.4026 0.4238 0.4253 0.3988 0.3333 0.2642 0.2101 0.1817 0.2449 0.3526 0.4028 0.4239 0.4252 0.3985 0.3330 0.2639 0.2098 0.1817 0.2455 0.3530 0.4029 0.4240 0.4252 0.3983 0.3326 0.2636 0.2096 0.1817 0.2461 0.3534 0.4031 0.4240 0.4251 0.3976 0.3312 0.2620 0.2081 0.1821 0.2525 0.3579 0.4054 0.4267 0.4198
0.4289 0.4062 0.3586 0.2538 0.1822 0.2077 0.2616 0.3310 0.3976 0.4251 0.4240 0.4029 0.3528 0.2449 0.1817 0.2101 0.2643 0.3334 0.3988 0.4253 0.4238 0.4025 0.3522 0.2440 0.1816 0.2104 0.2646 0.3338 0.3991 0.4253 0.4238 0.4024 0.3518 0.2434 0.1816 0.2106 0.2649 0.3342 0.3993 0.4254 0.4237 0.4022 0.3514 0.2428 0.1816 0.2108 0.2652 0.3344 0.4006 0.4264 0.4246 0.4264 0.4006 0.3344 0.2652 0.2108 0.1816 0.2428 0.3514 0.4022 0.4237 0.4254 0.3993 0.3342 0.2649 0.2106 0.1816 0.2434 0.3518 0.4024 0.4238 0.4253 0.3991 0.3338 0.2646 0.2104 0.1816 0.2440 0.3522 0.4025 0.4238 0.4253 0.3988 0.3334 0.2643 0.2101 0.1817 0.2449 0.3528 0.4029 0.4240 0.4251 0.3976 0.3310 0.2616 0.2077 0.1822 0.2538 0.3586 0.4062 0.4289
0.4206 0.3594 0.2553 0.1824 0.2073 0.2611 0.3304 0.3973 0.4251 0.4240 0.4028 0.3523 0.2439 0.1816 0.2106 0.2650 0.3343 0.3994 0.4254 0.4237 0.4022 0.3513 0.2426 0.1816 0.2109 0.2654 0.3346 0.3997 0.4255 0.4236 0.4020 0.3509 0.2420 0.1815 0.2111 0.2657 0.3350 0.3999 0.4255 0.4236 0.4018 0.3506 0.2415 0.1815 0.2114 0.2660 0.3353 0.4000 0.4256 0.4219 0.4065 0.4219 0.4256 0.4000 0.3353 0.2660 0.2114 0.1815 0.2415 0.3506 0.4018 0.4236 0.4255 0.3999 0.3350 0.2657 0.2111 0.1815 0.2420 0.3509 0.4020 0.4236 0.4255 0.3997 0.3346 0.2654 0.2109 0.1816 0.2426 0.3513 0.4022 0.4237 0.4254 0.3994 0.3343 0.2650 0.2106 0.1816 0.2439 0.3523 0.4028 0.4240 0.4251 0.3973 0.3304 0.2611 0.2073 0.1824 0.2553 0.3594 0.4206
0.3874 0.2567 0.1826 0.2068 0.2604 0.3297 0.3968 0.4250 0.4240 0.4029 0.3523 0.2435 0.1816 0.2109 0.2656 0.3350 0.3999 0.4255 0.4235 0.4018 0.3504 0.2413 0.1815 0.2114 0.2661 0.3355 0.4002 0.4256 0.4235 0.4016 0.3501 0.2407 0.1815 0.2117 0.2664 0.3359 0.4004 0.4256 0.4234 0.4014 0.3497 0.2401 0.1815 0.2119 0.2667 0.3362 0.4007 0.4256 0.4234 0.3973 0.3625 0.3973 0.4234 0.4256 0.4007 0.3362 0.2667 0.2119 0.1815 0.2401 0.3497 0.4014 0.4234 0.4256 0.4004 0.3359 0.2664 0.2117 0.1815 0.2407 0.3501 0.4016 0.4235 0.4256 0.4002 0.3355 0.2661 0.2114 0.1815 0.2413 0.3504 0.4018 0.4235 0.4255 0.3999 0.3350 0.2656 0.2109 0.1816 0.2435 0.3523 0.4029 0.4240 0.4250 0.3968 0.3297 0.2604 0.2068 0.1826 0.2567 0.3874
0.3059 0.1828 0.2063 0.2597 0.3288 0.3962 0.4249 0.4241 0.4031 0.3528 0.2439 0.1816 0.2111 0.2659 0.3356 0.4004 0.4256 0.4234 0.4014 0.3496 0.2399 0.1815 0.2120 0.2668 0.3363 0.4008 0.4257 0.4233 0.4012 0.3492 0.2393 0.1815 0.2122 0.2671 0.3367 0.4010 0.4257 0.4233 0.4011 0.3488 0.2387 0.1814 0.2124 0.2675 0.3371 0.4012 0.4257 0.4233 0.4008 0.3423 0.2745 0.3423 0.4008 0.4233 0.4257 0.4012 0.3371 0.2675 0.2124 0.1814 0.2387 0.3488 0.4011 0.4233 0.4257 0.4010 0.3367 0.2671 0.2122 0.1815 0.2393 0.3492 0.4012 0.4233 0.4257 0.4008 0.3363 0.2668 0.2120 0.1815 0.2399 0.3496 0.4014 0.4234 0.4256 0.4004 0.3356 0.2659 0.2111 0.1816 0.2439 0.3528 0.4031 0.4241 0.4249 0.3962 0.3288 0.2597 0.2063 0.1828 0.3059
0.2484 0.2058 0.2590 0.3280 0.3956 0.4248 0.4243 0.4035 0.3534 0.2449 0.1816 0.2109 0.2659 0.3358 0.4006 0.4257 0.4233 0.4011 0.3488 0.2385 0.1814 0.2125 0.2676 0.3372 0.4013 0.4258 0.4232 0.4008 0.3483 0.2379 0.1814 0.2127 0.2679 0.3376 0.4015 0.4258 0.4231 0.4007 0.3479 0.2373 0.1814 0.2130 0.2682 0.3379 0.4018 0.4258 0.4231 0.4006 0.3473 0.2347 0.1791 0.2347 0.3473 0.4006 0.4231 0.4258 0.4018 0.3379 0.2682 0.2130 0.1814 0.2373 0.3479 0.4007 0.4231 0.4258 0.4015 0.3376 0.2679 0.2127 0.1814 0.2379 0.3483 0.4008 0.4232 0.4258 0.4013 0.3372 0.2676 0.2125 0.1814 0.2385 0.3488 0.4011 0.4233 0.4257 0.4006 0.3358 0.2659 0.2109 0.1816 0.2449 0.3534 0.4035 0.4243 0.4248 0.3956 0.3280 0.2590 0.2058 0.2484
0.2598 0.2583 0.3271 0.3950 0.4247 0.4244 0.4038 0.3542 0.2461 0.1817 0.2106 0.2656 0.3356 0.4006 0.4257 0.4232 0.4008 0.3481 0.2373 0.1814 0.2130 0.2683 0.3380 0.4018 0.4258 0.4231 0.4004 0.3474 0.2365 0.1814 0.2133 0.2686 0.3384 0.4021 0.4259 0.4230 0.4003 0.3470 0.2360 0.1814 0.2135 0.2689 0.3388 0.4023 0.4259 0.4229 0.4001 0.3468 0.2350 0.1818 0.1929 0.1818 0.2350 0.3468 0.4001 0.4229 0.4259 0.4023 0.3388 0.2689 0.2135 0.1814 0.2360 0.3470 0.4003 0.4230 0.4259 0.4021 0.3384 0.2686 0.2133 0.1814 0.2365 0.3474 0.4004 0.4231 0.4258 0.4018 0.3380 0.2683 0.2130 0.1814 0.2373 0.3481 0.4008 0.4232 0.4257 0.4006 0.3356 0.2656 0.2106 0.1817 0.2461 0.3542 0.4038 0.4244 0.4247 0.3950 0.3271 0.2583 0.2598
0.2945 0.3263 0.3944 0.4246 0.4245 0.4042 0.3550 0.2475 0.1817 0.2101 0.2650 0.3350 0.4004 0.4257 0.4232 0.4007 0.3476 0.2364 0.1814 0.2135 0.2690 0.3389 0.4024 0.4259 0.4229 0.4000 0.3465 0.2352 0.1814 0.2138 0.2694 0.3392 0.4026 0.4260 0.4228 0.3999 0.3461 0.2346 0.1814 0.2141 0.2697 0.3396 0.4028 0.4260 0.4228 0.3997 0.3457 0.2340 0.1826 0.2158 0.2414 0.2158 0.1826 0.2340 0.3457 0.3997 0.4228 0.4260 0.4028 0.3396 0.2697 0.2141 0.1814 0.2346 0.3461 0.3999 0.4228 0.4260 0.4026 0.3392 0.2694 0.2138 0.1814 0.2352 0.3465 0.4000 0.4229 0.4259 0.4024 0.3389 0.2690 0.2135 0.1814 0.2364 0.3476 0.4007 0.4232 0.4257 0.4004 0.3350 0.2650 0.2101 0.1817 0.2475 0.3550 0.4042 0.4245 0.4246 0.3944 0.3263 0.2945
0.3428 0.3943 0.4242 0.4246 0.4046 0.3558 0.2489 0.1818 0.2096 0.2643 0.3343 0.3999 0.4256 0.4233 0.4008 0.3476 0.2361 0.1814 0.2139 0.2696 0.3396 0.4029 0.4260 0.4228 0.3996 0.3456 0.2338 0.1814 0.2144 0.2701 0.3401 0.4031 0.4261 0.4227 0.3994 0.3452 0.2333 0.1814 0.2146 0.2704 0.3405 0.4033 0.4261 0.4226 0.3993 0.3448 0.2327 0.1814 0.2168 0.2732 0.3077 0.2732 0.2168 0.1814 0.2327 0.3448 0.3993 0.4226 0.4261 0.4033 0.3405 0.2704 0.2146 0.1814 0.2333 0.3452 0.3994 0.4227 0.4261 0.4031 0.3401 0.2701 0.2144 0.1814 0.2338 0.3456 0.3996 0.4228 0.4260 0.4029 0.3396 0.2696 0.2139 0.1814 0.2361 0.3476 0.4008 0.4233 0.4256 0.3999 0.3343 0.2643 0.2096 0.1818 0.2489 0.3558 0.4046 0.4246 0.4242 0.3943 0.3428
0.3919 0.4260 0.4246 0.4049 0.3566 0.2503 0.1819 0.2091 0.2636 0.3334 0.3994 0.4255 0.4234 0.4011 0.3481 0.2364 0.1814 0.2140 0.2699 0.3402 0.4033 0.4261 0.4226 0.3992 0.3447 0.2325 0.1814 0.2149 0.2709 0.3409 0.4036 0.4261 0.4225 0.3990 0.3443 0.2319 0.1814 0.2152 0.2712 0.3413 0.4039 0.4262 0.4225 0.3989 0.3439 0.2314 0.1814 0.2153 0.2739 0.3451 0.3814 0.3451 0.2739 0.2153 0.1814 0.2314 0.3439 0.3989 0.4225 0.4262 0.4039 0.3413 0.2712 0.2152 0.1814 0.2319 0.3443 0.3990 0.4225 0.4261 0.4036 0.3409 0.2709 0.2149 0.1814 0.2325 0.3447 0.3992 0.4226 0.4261 0.4033 0.3402 0.2699 0.2140 0.1814 0.2364 0.3481 0.4011 0.4234 0.4255 0.3994 0.3334 0.2636 0.2091 0.1819 0.2503 0.3566 0.4049 0.4246 0.4260 0.3919
0.4198 0.4267 0.4053 0.3574 0.2518 0.1821 0.2086 0.2629 0.3326 0.3988 0.4254 0.4235 0.4014 0.3488 0.2373 0.1814 0.2139 0.2699 0.3404 0.4035 0.4262 0.4225 0.3989 0.3438 0.2312 0.1815 0.2155 0.2716 0.3418 0.4041 0.4262 0.4224 0.3986 0.3434 0.2306 0.1815 0.2157 0.2719 0.3421 0.4044 0.4263 0.4223 0.3984 0.3430 0.2301 0.1815 0.2159 0.2722 0.3448 0.4076 0.4228 0.4076 0.3448 0.2722 0.2159 0.1815 0.2301 0.3430 0.3984 0.4223 0.4263 0.4044 0.3421 0.2719 0.2157 0.1815 0.2306 0.3434 0.3986 0.4224 0.4262 0.4041 0.3418 0.2716 0.2155 0.1815 0.2312 0.3438 0.3989 0.4225 0.4262 0.4035 0.3404 0.2699 0.2139 0.1814 0.2373 0.3488 0.4014 0.4235 0.4254 0.3988 0.3326 0.2629 0.2086 0.1821 0.2518 0.3574 0.4053 0.4267 0.4198
0.4289 0.4060 0.3582 0.2532 0.1822 0.2080 0.2621 0.3317 0.3983 0.4253 0.4237 0.4018 0.3496 0.2385 0.1814 0.2135 0.2696 0.3402 0.4035 0.4262 0.4224 0.3986 0.3431 0.2301 0.1815 0.2160 0.2724 0.3426 0.4046 0.4263 0.4222 0.3982 0.3424 0.2293 0.1815 0.2163 0.2727 0.3430 0.4049 0.4263 0.4221 0.3980 0.3420 0.2288 0.1816 0.2165 0.2729 0.3432 0.4058 0.4270 0.4234 0.4270 0.4058 0.3432 0.2729 0.2165 0.1816 0.2288 0.3420 0.3980 0.4221 0.4263 0.4049 0.3430 0.2727 0.2163 0.1815 0.2293 0.3424 0.3982 0.4222 0.4263 0.4046 0.3426 0.2724 0.2160 0.1815 0.2301 0.3431 0.3986 0.4224 0.4262 0.4035 0.3402 0.2696 0.2135 0.1814 0.2385 0.3496 0.4018 0.4237 0.4253 0.3983 0.3317 0.2621 0.2080 0.1822 0.2532 0.3582 0.4060 0.4289
0.4205 0.3591 0.2546 0.1823 0.2075 0.2614 0.3309 0.3977 0.4252 0.4238 0.4022 0.3504 0.2399 0.1814 0.2130 0.2690 0.3396 0.4033 0.4262 0.4224 0.3985 0.3426 0.2292 0.1815 0.2165 0.2731 0.3435 0.4051 0.4264 0.4220 0.3978 0.3415 0.2280 0.1816 0.2168 0.2734 0.3438 0.4054 0.4264 0.4220 0.3976 0.3411 0.2275 0.1816 0.2171 0.2738 0.3441 0.4055 0.4265 0.4200 0.4028 0.4200 0.4265 0.4055 0.3441 0.2738 0.2171 0.1816 0.2275 0.3411 0.3976 0.4220 0.4264 0.4054 0.3438 0.2734 0.2168 0.1816 0.2280 0.3415 0.3978 0.4220 0.4264 0.4051 0.3435 0.2731 0.2165 0.1815 0.2292 0.3426 0.3985 0.4224 0.4262 0.4033 0.3396 0.2690 0.2130 0.1814 0.2399 0.3504 0.4022 0.4238 0.4252 0.3977 0.3309 0.2614 0.2075 0.1823 0.2546 0.3591 0.4205
0.3872 0.2561 0.1825 0.2070 0.2607 0.3300 0.3971 0.4251 0.4240 0.4025 0.3513 0.2413 0.1815 0.2125 0.2683 0.3389 0.4029 0.4261 0.4225 0.3986 0.3426 0.2289 0.1816 0.2169 0.2736 0.3442 0.4056 0.4265 0.4219 0.3973 0.3405 0.2267 0.1817 0.2174 0.2742 0.3447 0.4058 0.4265 0.4218 0.3972 0.3401 0.2262 0.1817 0.2176 0.2745 0.3450 0.4060 0.4265 0.4217 0.3926 0.3548 0.3926 0.4217 0.4265 0.4060 0.3450 0.2745 0.2176 0.1817 0.2262 0.3401 0.3972 0.4218 0.4265 0.4058 0.3447 0.2742 0.2174 0.1817 0.2267 0.3405 0.3973 0.4219 0.4265 0.4056 0.3442 0.2736 0.2169 0.1816 0.2289 0.3426 0.3986 0.4225 0.4261 0.4029 0.3389 0.2683 0.2125 0.1815 0.2413 0.3513 0.4025 0.4240 0.4251 0.3971 0.3300 0.2607 0.2070 0.1825 0.2561 0.3872
0.3055 0.1827 0.2065 0.2600 0.3292 0.3965 0.4250 0.4241 0.4029 0.3522 0.2426 0.1815 0.2120 0.2676 0.3380 0.4024 0.4260 0.4226 0.3989 0.3431 0.2292 0.1816 0.2170 0.2740 0.3447 0.4060 0.4265 0.4217 0.3969 0.3395 0.2255 0.1817 0.2179 0.2749 0.3455 0.4063 0.4265 0.4216 0.3967 0.3391 0.2249 0.1818 0.2182 0.2753 0.3459 0.4065 0.4266 0.4216 0.3965 0.3326 0.2604 0.3326 0.3965 0.4216 0.4266 0.4065 0.3459 0.2753 0.2182 0.1818 0.2249 0.3391 0.3967 0.4216 0.4265 0.4063 0.3455 0.2749 0.2179 0.1817 0.2255 0.3395 0.3969 0.4217 0.4265 0.4060 0.3448 0.2740 0.2170 0.1816 0.2292 0.3431 0.3989 0.4226 0.4260 0.4024 0.3380 0.2676 0.2120 0.1815 0.2426 0.3522 0.4029 0.4241 0.4250 0.3965 0.3292 0.2600 0.2065 0.1827 0.3055
0.2483 0.2060 0.2593 0.3284 0.3959 0.4248 0.4242 0.4033 0.3530 0.2440 0.1816 0.2114 0.2668 0.3372 0.4018 0.4259 0.4228 0.3992 0.3438 0.2301 0.1815 0.2169 0.2740 0.3450 0.4062 0.4266 0.4216 0.3965 0.3386 0.2242 0.1818 0.2185 0.2757 0.3464 0.4068 0.4266 0.4215 0.3963 0.3381 0.2237 0.1819 0.2187 0.2760 0.3467 0.4070 0.4266 0.4214 0.3962 0.3374 0.2214 0.1757 0.2214 0.3374 0.3962 0.4214 0.4266 0.4070 0.3467 0.2760 0.2187 0.1819 0.2237 0.3381 0.3963 0.4215 0.4266 0.4068 0.3464 0.2757 0.2185 0.1818 0.2242 0.3386 0.3965 0.4216 0.4265 0.4062 0.3450 0.2740 0.2169 0.1815 0.2301 0.3438 0.3992 0.4228 0.4259 0.4018 0.3372 0.2668 0.2114 0.1816 0.2440 0.3530 0.4033 0.4242 0.4248 0.3959 0.3284 0.2593 0.2060 0.2483
0.2599 0.2586 0.3275 0.3953 0.4247 0.4243 0.4037 0.3538 0.2455 0.1816 0.2109 0.2661 0.3363 0.4013 0.4258 0.4229 0.3996 0.3447 0.2312 0.1815 0.2165 0.2736 0.3447 0.4062 0.4266 0.4215 0.3962 0.3378 0.2232 0.1819 0.2191 0.2765 0.3472 0.4072 0.4267 0.4213 0.3958 0.3371 0.2225 0.1820 0.2193 0.2768 0.3476 0.4074 0.4267 0.4212 0.3956 0.3368 0.2218 0.1826 0.1978 0.1826 0.2218 0.3368 0.3956 0.4212 0.4267 0.4074 0.3476 0.2768 0.2193 0.1820 0.2225 0.3371 0.3958 0.4213 0.4267 0.4072 0.3472 0.2765 0.2191 0.1819 0.2232 0.3379 0.3963 0.4215 0.4266 0.4062 0.3448 0.2736 0.2165 0.1815 0.2312 0.3447 0.3996 0.4229 0.4258 0.4013 0.3363 0.2661 0.2109 0.1816 0.2455 0.3538 0.4037 0.4243 0.4247 0.3953 0.3275 0.2586 0.2599
0.2947 0.3267 0.3946 0.4246 0.4245 0.4040 0.3547 0.2469 0.1817 0.2104 0.2654 0.3355 0.4008 0.4258 0.4231 0.4000 0.3456 0.2325 0.1815 0.2160 0.2731 0.3442 0.4060 0.4266 0.4215 0.3961 0.3374 0.2225 0.1820 0.2196 0.2772 0.3480 0.4077 0.4267 0.4211 0.3954 0.3361 0.2213 0.1821 0.2199 0.2776 0.3484 0.4079 0.4268 0.4210 0.3952 0.3357 0.2208 0.1835 0.2217 0.2484 0.2217 0.1835 0.2208 0.3357 0.3952 0.4210 0.4268 0.4079 0.3484 0.2776 0.2199 0.1821 0.2213 0.3361 0.3954 0.4211 0.4267 0.4077 0.3480 0.2772 0.2196 0.1820 0.2225 0.3375 0.3962 0.4215 0.4265 0.4060 0.3442 0.2731 0.2160 0.1815 0.2325 0.3456 0.4000 0.4231 0.4258 0.4008 0.3355 0.2654 0.2104 0.1817 0.2469 0.3547 0.4040 0.4245 0.4246 0.3946 0.3267 0.2947
0.3431 0.3946 0.4243 0.4246 0.4044 0.3555 0.2483 0.1818 0.2098 0.2646 0.3346 0.4002 0.4257 0.4232 0.4004 0.3465 0.2338 0.1814 0.2155 0.2724 0.3435 0.4056 0.4265 0.4216 0.3963 0.3375 0.2222 0.1821 0.2199 0.2777 0.3488 0.4081 0.4268 0.4209 0.3949 0.3351 0.2201 0.1823 0.2205 0.2783 0.3492 0.4083 0.4268 0.4209 0.3947 0.3347 0.2196 0.1823 0.2227 0.2812 0.3165 0.2812 0.2227 0.1823 0.2196 0.3347 0.3947 0.4209 0.4268 0.4083 0.3492 0.2783 0.2205 0.1823 0.2201 0.3351 0.3949 0.4209 0.4268 0.4081 0.3488 0.2777 0.2199 0.1821 0.2222 0.3375 0.3963 0.4216 0.4265 0.4056 0.3435 0.2724 0.2155 0.1814 0.2338 0.3465 0.4004 0.4232 0.4257 0.4002 0.3346 0.2646 0.2098 0.1818 0.2483 0.3555 0.4044 0.4246 0.4243 0.3946 0.3431
0.3921 0.4261 0.4246 0.4048 0.3563 0.2497 0.1819 0.2093 0.2639 0.3338 0.3997 0.4256 0.4233 0.4008 0.3474 0.2352 0.1814 0.2149 0.2716 0.3426 0.4051 0.4265 0.4217 0.3965 0.3379 0.2225 0.1821 0.2200 0.2781 0.3492 0.4084 0.4268 0.4208 0.3945 0.3341 0.2189 0.1824 0.2210 0.2791 0.3501 0.4088 0.4269 0.4207 0.3943 0.3336 0.2184 0.1824 0.2212 0.2819 0.3539 0.3891 0.3539 0.2819 0.2212 0.1824 0.2184 0.3336 0.3943 0.4207 0.4269 0.4088 0.3501 0.2791 0.2210 0.1824 0.2189 0.3341 0.3945 0.4208 0.4268 0.4084 0.3492 0.2781 0.2200 0.1821 0.2225 0.3379 0.3965 0.4217 0.4265 0.4051 0.3426 0.2716 0.2149 0.1814 0.2352 0.3474 0.4008 0.4233 0.4256 0.3997 0.3338 0.2639 0.2093 0.1819 0.2497 0.3563 0.4048 0.4246 0.4261 0.3921
0.4199 0.4266 0.4051 0.3571 0.2511 0.1820 0.2088 0.2632 0.3330 0.3991 0.4255 0.4235 0.4012 0.3483 0.2365 0.1814 0.2144 0.2709 0.3418 0.4046 0.4264 0.4219 0.3969 0.3386 0.2232 0.1820 0.2199 0.2781 0.3494 0.4086 0.4269 0.4206 0.3941 0.3331 0.2177 0.1826 0.2216 0.2799 0.3509 0.4092 0.4269 0.4205 0.3938 0.3326 0.2172 0.1826 0.2218 0.2801 0.3535 0.4122 0.4245 0.4122 0.3535 0.2801 0.2218 0.1826 0.2172 0.3326 0.3938 0.4205 0.4269 0.4092 0.3509 0.2799 0.2216 0.1826 0.2177 0.3331 0.3941 0.4206 0.4269 0.4086 0.3494 0.2781 0.2199 0.1820 0.2232 0.3386 0.3969 0.4219 0.4264 0.4046 0.3418 0.2709 0.2144 0.1814 0.2365 0.3483 0.4012 0.4235 0.4255 0.3991 0.3330 0.2632 0.2088 0.1820 0.2511 0.3571 0.4051 0.4266 0.4199
0.4289 0.4059 0.3579 0.2526 0.1821 0.2083 0.2624 0.3321 0.3985 0.4253 0.4236 0.4016 0.3492 0.2379 0.1814 0.2138 0.2701 0.3409 0.4041 0.4263 0.4220 0.3973 0.3395 0.2242 0.1819 0.2196 0.2777 0.3492 0.4086 0.4269 0.4206 0.3938 0.3324 0.2168 0.1827 0.2222 0.2806 0.3517 0.4096 0.4269 0.4203 0.3933 0.3315 0.2161 0.1828 0.2224 0.2809 0.3520 0.4104 0.4272 0.4220 0.4272 0.4104 0.3520 0.2809 0.2224 0.1828 0.2161 0.3315 0.3933 0.4203 0.4269 0.4096 0.3517 0.2806 0.2222 0.1827 0.2168 0.3324 0.3938 0.4206 0.4269 0.4086 0.3492 0.2777 0.2196 0.1819 0.2242 0.3395 0.3973 0.4220 0.4263 0.4041 0.3409 0.2701 0.2138 0.1814 0.2379 0.3492 0.4016 0.4236 0.4253 0.3985 0.3321 0.2624 0.2083 0.1821 0.2526 0.3579 0.4059 0.4289
0.4204 0.3587 0.2540 0.1823 0.2077 0.2617 0.3313 0.3979 0.4252 0.4238 0.4020 0.3501 0.2393 0.1814 0.2133 0.2694 0.3401 0.4036 0.4262 0.4222 0.3978 0.3405 0.2255 0.1818 0.2191 0.2772 0.3488 0.4084 0.4269 0.4206 0.3937 0.3319 0.2161 0.1828 0.2227 0.2814 0.3526 0.4101 0.4270 0.4201 0.3929 0.3305 0.2150 0.1830 0.2230 0.2817 0.3529 0.4101 0.4270 0.4179 0.3988 0.4179 0.4270 0.4101 0.3529 0.2817 0.2230 0.1830 0.2150 0.3305 0.3929 0.4201 0.4270 0.4101 0.3526 0.2814 0.2227 0.1828 0.2161 0.3319 0.3937 0.4206 0.4269 0.4084 0.3488 0.2772 0.2191 0.1818 0.2255 0.3405 0.3978 0.4222 0.4262 0.4036 0.3401 0.2694 0.2133 0.1814 0.2393 0.3501 0.4020 0.4238 0.4252 0.3979 0.3313 0.2617 0.2077 0.1823 0.2540 0.3587 0.4204
0.3869 0.2555 0.1824 0.2072 0.2610 0.3304 0.3973 0.4251 0.4239 0.4024 0.3509 0.2407 0.1815 0.2127 0.2686 0.3392 0.4031 0.4261 0.4224 0.3982 0.3415 0.2267 0.1817 0.2185 0.2765 0.3480 0.4081 0.4268 0.4206 0.3938 0.3319 0.2159 0.1829 0.2230 0.2819 0.3533 0.4104 0.4270 0.4199 0.3924 0.3294 0.2139 0.1832 0.2236 0.2825 0.3538 0.4106 0.4270 0.4198 0.3875 0.3465 0.3875 0.4198 0.4270 0.4106 0.3538 0.2825 0.2236 0.1832 0.2139 0.3294 0.3924 0.4199 0.4270 0.4104 0.3533 0.2819 0.2230 0.1829 0.2159 0.3319 0.3938 0.4206 0.4268 0.4081 0.3480 0.2765 0.2185 0.1817 0.2267 0.3415 0.3982 0.4224 0.4261 0.4031 0.3392 0.2686 0.2127 0.1815 0.2407 0.3509 0.4024 0.4239 0.4251 0.3973 0.3304 0.2610 0.2072 0.1824 0.2555 0.3869
0.3050 0.1826 0.2067 0.2603 0.3296 0.3968 0.4250 0.4240 0.4028 0.3518 0.2420 0.1815 0.2122 0.2679 0.3384 0.4026 0.4261 0.4225 0.3986 0.3424 0.2280 0.1817 0.2179 0.2757 0.3472 0.4077 0.4268 0.4208 0.3941 0.3324 0.2161 0.1829 0.2231 0.2822 0.3538 0.4107 0.4271 0.4197 0.3919 0.3283 0.2128 0.1834 0.2242 0.2833 0.3546 0.4110 0.4271 0.4197 0.3916 0.3219 0.2461 0.3219 0.3916 0.4197 0.4271 0.4110 0.3546 0.2833 0.2242 0.1834 0.2128 0.3283 0.3919 0.4197 0.4271 0.4107 0.3538 0.2822 0.2231 0.1829 0.2161 0.3324 0.3941 0.4208 0.4268 0.4077 0.3472 0.2757 0.2179 0.1817 0.2280 0.3424 0.3986 0.4225 0.4261 0.4026 0.3384 0.2679 0.2122 0.1815 0.2420 0.3518 0.4028 0.4240 0.4250 0.3968 0.3296 0.2603 0.2067 0.1826 0.3050
0.2483 0.2062 0.2596 0.3287 0.3962 0.4249 0.4242 0.4031 0.3526 0.2434 0.1815 0.2117 0.2671 0.3376 0.4021 0.4260 0.4227 0.3990 0.3434 0.2293 0.1816 0.2174 0.2749 0.3464 0.4072 0.4267 0.4209 0.3945 0.3331 0.2168 0.1828 0.2230 0.2822 0.3539 0.4109 0.4271 0.4196 0.3915 0.3273 0.2118 0.1836 0.2248 0.2841 0.3554 0.4114 0.4271 0.4194 0.3913 0.3262 0.2099 0.1742 0.2099 0.3262 0.3913 0.4194 0.4271 0.4114 0.3554 0.2841 0.2248 0.1836 0.2118 0.3273 0.3915 0.4196 0.4271 0.4109 0.3539 0.2822 0.2230 0.1828 0.2168 0.3331 0.3945 0.4209 0.4267 0.4072 0.3464 0.2749 0.2174 0.1816 0.2293 0.3434 0.3990 0.4227 0.4260 0.4021 0.3376 0.2671 0.2117 0.1815 0.2434 0.3526 0.4031 0.4242 0.4249 0.3962 0.3287 0.2596 0.2062 0.2483
0.2601 0.2589 0.3279 0.3956 0.4248 0.4243 0.4035 0.3535 0.2449 0.1816 0.2111 0.2664 0.3367 0.4015 0.4259 0.4228 0.3994 0.3443 0.2306 0.1815 0.2168 0.2742 0.3455 0.4068 0.4267 0.4211 0.3949 0.3341 0.2177 0.1827 0.2227 0.2819 0.3538 0.4109 0.4271 0.4195 0.3912 0.3265 0.2109 0.1839 0.2254 0.2849 0.3563 0.4118 0.4271 0.4192 0.3907 0.3256 0.2104 0.1848 0.2029 0.1848 0.2104 0.3256 0.3907 0.4192 0.4271 0.4118 0.3563 0.2849 0.2254 0.1839 0.2109 0.3265 0.3912 0.4195 0.4271 0.4109 0.3538 0.2819 0.2227 0.1827 0.2177 0.3341 0.3949 0.4211 0.4267 0.4068 0.3455 0.2742 0.2168 0.1815 0.2306 0.3443 0.3994 0.4228 0.4259 0.4015 0.3367 0.2664 0.2111 0.1816 0.2449 0.3535 0.4035 0.4243 0.4248 0.3956 0.3279 0.2589 0.2601
0.2949 0.3271 0.3949 0.4247 0.4244 0.4039 0.3543 0.2463 0.1817 0.2106 0.2657 0.3359 0.4010 0.4258 0.4230 0.3999 0.3452 0.2319 0.1815 0.2163 0.2734 0.3447 0.4063 0.4266 0.4213 0.3954 0.3351 0.2189 0.1826 0.2222 0.2814 0.3533 0.4107 0.4271 0.4195 0.3911 0.3260 0.2103 0.1840 0.2259 0.2856 0.3571 0.4122 0.4272 0.4190 0.3902 0.3244 0.2093 0.1857 0.2279 0.2557 0.2279 0.1857 0.2093 0.3244 0.3902 0.4190 0.4272 0.4122 0.3571 0.2856 0.2259 0.1840 0.2103 0.3260 0.3911 0.4195 0.4271 0.4107 0.3533 0.2814 0.2222 0.1826 0.2189 0.3351 0.3954 0.4213 0.4266 0.4063 0.3447 0.2734 0.2163 0.1815 0.2319 0.3452 0.3999 0.4230 0.4258 0.4010 0.3359 0.2657 0.2106 0.1817 0.2463 0.3543 0.4039 0.4244 0.4247 0.3949 0.3271 0.2949
0.3434 0.3949 0.4243 0.4245 0.4042 0.3551 0.2477 0.1818 0.2101 0.2649 0.3350 0.4004 0.4257 0.4231 0.4003 0.3461 0.2333 0.1814 0.2157 0.2727 0.3438 0.4058 0.4265 0.4215 0.3958 0.3361 0.2201 0.1824 0.2216 0.2806 0.3526 0.4104 0.4271 0.4196 0.3912 0.3260 0.2101 0.1841 0.2262 0.2862 0.3578 0.4126 0.4272 0.4188 0.3897 0.3233 0.2083 0.1845 0.2289 0.2894 0.3256 0.2894 0.2289 0.1845 0.2083 0.3233 0.3897 0.4188 0.4272 0.4126 0.3578 0.2862 0.2262 0.1841 0.2101 0.3260 0.3912 0.4196 0.4271 0.4104 0.3526 0.2806 0.2216 0.1824 0.2201 0.3361 0.3958 0.4215 0.4265 0.4058 0.3438 0.2727 0.2157 0.1814 0.2333 0.3461 0.4003 0.4231 0.4257 0.4004 0.3350 0.2649 0.2101 0.1818 0.2477 0.3551 0.4042 0.4245 0.4243 0.3949 0.3434
0.3923 0.4261 0.4245 0.4046 0.3559 0.2491 0.1819 0.2095 0.2642 0.3342 0.3999 0.4256 0.4233 0.4007 0.3470 0.2346 0.1814 0.2152 0.2719 0.3430 0.4054 0.4265 0.4216 0.3963 0.3371 0.2213 0.1823 0.2210 0.2799 0.3517 0.4101 0.4270 0.4197 0.3915 0.3265 0.2103 0.1841 0.2263 0.2865 0.3583 0.4128 0.4272 0.4186 0.3892 0.3221 0.2073 0.1848 0.2274 0.2901 0.3626 0.3961 0.3626 0.2901 0.2274 0.1848 0.2073 0.3221 0.3892 0.4186 0.4272 0.4128 0.3583 0.2865 0.2263 0.1841 0.2103 0.3265 0.3915 0.4197 0.4270 0.4101 0.3517 0.2799 0.2210 0.1823 0.2213 0.3371 0.3963 0.4216 0.4265 0.4054 0.3430 0.2719 0.2152 0.1814 0.2346 0.3470 0.4007 0.4233 0.4256 0.3999 0.3342 0.2642 0.2095 0.1819 0.2491 0.3559 0.4046 0.4245 0.4261 0.3923
0.4200 0.4266 0.4050 0.3568 0.2505 0.1820 0.2090 0.2635 0.3333 0.3993 0.4255 0.4234 0.4011 0.3479 0.2360 0.1814 0.2146 0.2712 0.3421 0.4049 0.4264 0.4218 0.3967 0.3381 0.2225 0.1821 0.2205 0.2791 0.3509 0.4096 0.4270 0.4199 0.3919 0.3273 0.2109 0.1840 0.2262 0.2865 0.3584 0.4130 0.4272 0.4185 0.3888 0.3210 0.2064 0.1851 0.2280 0.2883 0.3620 0.4160 0.4256 0.4160 0.3620 0.2883 0.2280 0.1851 0.2064 0.3210 0.3888 0.4185 0.4272 0.4130 0.3584 0.2865 0.2262 0.1840 0.2109 0.3273 0.3919 0.4199 0.4270 0.4096 0.3509 0.2791 0.2205 0.1821 0.2225 0.3381 0.3967 0.4218 0.4264 0.4049 0.3421 0.2712 0.2146 0.1814 0.2360 0.3479 0.4011 0.4234 0.4255 0.3993 0.3333 0.2635 0.2090 0.1820 0.2505 0.3568 0.4050 0.4266 0.4200
0.4289 0.4057 0.3576 0.2520 0.1821 0.2085 0.2628 0.3325 0.3988 0.4254 0.4236 0.4014 0.3488 0.2373 0.1814 0.2141 0.2704 0.3413 0.4044 0.4263 0.4220 0.3972 0.3391 0.2237 0.1820 0.2199 0.2783 0.3501 0.4092 0.4269 0.4201 0.3924 0.3283 0.2118 0.1839 0.2259 0.2862 0.3583 0.4130 0.4272 0.4184 0.3885 0.3201 0.2056 0.1854 0.2286 0.2891 0.3606 0.4142 0.4272 0.4202 0.4272 0.4142 0.3606 0.2891 0.2286 0.1854 0.2056 0.3201 0.3885 0.4184 0.4272 0.4130 0.3583 0.2862 0.2259 0.1839 0.2118 0.3283 0.3924 0.4201 0.4269 0.4092 0.3501 0.2783 0.2199 0.1820 0.2237 0.3391 0.3972 0.4220 0.4263 0.4044 0.3413 0.2704 0.2141 0.1814 0.2373 0.3488 0.4014 0.4236 0.4254 0.3988 0.3325 0.2628 0.2085 0.1821 0.2520 0.3576 0.4057 0.4289
0.4203 0.3584 0.2534 0.1822 0.2080 0.2620 0.3316 0.3982 0.4253 0.4237 0.4018 0.3497 0.2387 0.1814 0.2135 0.2697 0.3405 0.4039 0.4263 0.4221 0.3976 0.3401 0.2249 0.1819 0.2193 0.2776 0.3492 0.4088 0.4269 0.4203 0.3929 0.3294 0.2128 0.1836 0.2254 0.2856 0.3578 0.4128 0.4272 0.4184 0.3884 0.3196 0.2051 0.1856 0.2291 0.2899 0.3615 0.4141 0.4273 0.4154 0.3944 0.4154 0.4273 0.4141 0.3615 0.2899 0.2291 0.1856 0.2051 0.3196 0.3884 0.4184 0.4272 0.4128 0.3578 0.2856 0.2254 0.1836 0.2128 0.3294 0.3929 0.4203 0.4269 0.4088 0.3492 0.2776 0.2193 0.1819 0.2249 0.3401 0.3976 0.4221 0.4263 0.4039 0.3405 0.2697 0.2135 0.1814 0.2387 0.3497 0.4018 0.4237 0.4253 0.3982 0.3316 0.2620 0.2080 0.1822 0.2534 0.3584 0.4203
0.3866 0.2549 0.1824 0.2074 0.2613 0.3308 0.3976 0.4252 0.4238 0.4022 0.3506 0.2401 0.1814 0.2130 0.2689 0.3396 0.4033 0.4262 0.4223 0.3980 0.3411 0.2262 0.1818 0.2187 0.2768 0.3484 0.4083 0.4269 0.4205 0.3933 0.3305 0.2139 0.1834 0.2248 0.2849 0.3571 0.4126 0.4272 0.4185 0.3885 0.3196 0.2049 0.1857 0.2295 0.2905 0.3622 0.4145 0.4273 0.4177 0.3819 0.3375 0.3819 0.4177 0.4273 0.4145 0.3622 0.2905 0.2295 0.1857 0.2049 0.3196 0.3885 0.4185 0.4272 0.4126 0.3571 0.2849 0.2248 0.1834 0.2139 0.3305 0.3933 0.4205 0.4269 0.4083 0.3484 0.2768 0.2187 0.1818 0.2262 0.3411 0.3980 0.4223 0.4262 0.4033 0.3396 0.2689 0.2130 0.1814 0.2401 0.3506 0.4022 0.4238 0.4252 0.3976 0.3308 0.2613 0.2074 0.1824 0.2549 0.3866
0.3045 0.1826 0.2069 0.2606 0.3299 0.3970 0.4251 0.4240 0.4026 0.3514 0.2415 0.1815 0.2124 0.2682 0.3388 0.4028 0.4261 0.4225 0.3984 0.3420 0.2275 0.1817 0.2182 0.2760 0.3476 0.4079 0.4268 0.4207 0.3938 0.3315 0.2150 0.1832 0.2242 0.2841 0.3563 0.4122 0.4272 0.4186 0.3888 0.3201 0.2051 0.1857 0.2296 0.2908 0.3627 0.4147 0.4273 0.4175 0.3863 0.3102 0.2319 0.3102 0.3863 0.4175 0.4273 0.4147 0.3627 0.2908 0.2296 0.1857 0.2051 0.3201 0.3888 0.4186 0.4272 0.4122 0.3563 0.2841 0.2242 0.1832 0.2150 0.3315 0.3938 0.4207 0.4268 0.4079 0.3476 0.2760 0.2182 0.1817 0.2275 0.3420 0.3984 0.4225 0.4261 0.4028 0.3388 0.2682 0.2124 0.1815 0.2415 0.3514 0.4026 0.4240 0.4251 0.3970 0.3299 0.2606 0.2069 0.1826 0.3045
0.2482 0.2064 0.2599 0.3291 0.3964 0.4249 0.4241 0.4030 0.3523 0.2428 0.1815 0.2119 0.2675 0.3379 0.4023 0.4260 0.4226 0.3989 0.3430 0.2288 0.1816 0.2176 0.2753 0.3467 0.4074 0.4268 0.4209 0.3943 0.3326 0.2161 0.1830 0.2236 0.2833 0.3554 0.4118 0.4272 0.4188 0.3892 0.3210 0.2056 0.1856 0.2295 0.2908 0.3629 0.4149 0.4273 0.4173 0.3861 0.3137 0.2007 0.1746 0.2007 0.3137 0.3861 0.4173 0.4273 0.4149 0.3629 0.2908 0.2295 0.1856 0.2056 0.3210 0.3892 0.4188 0.4272 0.4118 0.3554 0.2833 0.2236 0.1830 0.2161 0.3326 0.3943 0.4209 0.4268 0.4074 0.3467 0.2753 0.2176 0.1816 0.2288 0.3430 0.3989 0.4226 0.4260 0.4023 0.3379 0.2675 0.2119 0.1815 0.2428 0.3523 0.4030 0.4241 0.4249 0.3964 0.3291 0.2599 0.2064 0.2482
0.2602 0.2592 0.3282 0.3958 0.4248 0.4242 0.4034 0.3531 0.2442 0.1816 0.2114 0.2667 0.3371 0.4018 0.4259 0.4228 0.3993 0.3439 0.2301 0.1816 0.2171 0.2745 0.3459 0.4070 0.4267 0.4210 0.3947 0.3336 0.2172 0.1828 0.2230 0.2825 0.3546 0.4114 0.4271 0.4190 0.3897 0.3221 0.2064 0.1854 0.2291 0.2905 0.3627 0.4149 0.4273 0.4172 0.3856 0.3134 0.2014 0.1882 0.2082 0.1882 0.2014 0.3134 0.3856 0.4172 0.4273 0.4149 0.3627 0.2905 0.2291 0.1854 0.2064 0.3221 0.3897 0.4190 0.4271 0.4114 0.3546 0.2825 0.2230 0.1828 0.2172 0.3336 0.3947 0.4210 0.4267 0.4070 0.3459 0.2745 0.2171 0.1816 0.2301 0.3439 0.3993 0.4228 0.4259 0.4018 0.3371 0.2667 0.2114 0.1816 0.2442 0.3531 0.4034 0.4242 0.4248 0.3958 0.3282 0.2592 0.2602
0.2951 0.3274 0.3952 0.4247 0.4244 0.4037 0.3540 0.2457 0.1816 0.2108 0.2660 0.3362 0.4012 0.4258 0.4229 0.3997 0.3448 0.2314 0.1815 0.2165 0.2738 0.3450 0.4065 0.4266 0.4212 0.3952 0.3347 0.2184 0.1826 0.2224 0.2817 0.3538 0.4110 0.4271 0.4192 0.3902 0.3233 0.2073 0.1851 0.2286 0.2899 0.3622 0.4147 0.4273 0.4172 0.3855 0.3127 0.2006 0.1891 0.2341 0.2630 0.2341 0.1891 0.2005 0.3127 0.3855 0.4172 0.4273 0.4147 0.3622 0.2899 0.2286 0.1851 0.2073 0.3233 0.3902 0.4192 0.4271 0.4110 0.3538 0.2817 0.2224 0.1826 0.2184 0.3347 0.3952 0.4212 0.4266 0.4065 0.3450 0.2738 0.2165 0.1815 0.2314 0.3448 0.3997 0.4229 0.4258 0.4012 0.3362 0.2660 0.2108 0.1816 0.2457 0.3540 0.4037 0.4244 0.4247 0.3952 0.3274 0.2951
0.3436 0.3951 0.4244 0.4245 0.4041 0.3548 0.2471 0.1817 0.2103 0.2653 0.3354 0.4007 0.4257 0.4231 0.4001 0.3457 0.2327 0.1815 0.2159 0.2730 0.3442 0.4060 0.4266 0.4214 0.3956 0.3357 0.2196 0.1825 0.2219 0.2810 0.3529 0.4106 0.4271 0.4194 0.3907 0.3244 0.2083 0.1848 0.2280 0.2892 0.3615 0.4145 0.4273 0.4173 0.3856 0.3127 0.2004 0.1876 0.2348 0.2973 0.3341 0.2973 0.2347 0.1876 0.2003 0.3127 0.3856 0.4173 0.4273 0.4145 0.3615 0.2891 0.2280 0.1848 0.2083 0.3244 0.3907 0.4194 0.4271 0.4106 0.3529 0.2809 0.2218 0.1824 0.2196 0.3357 0.3956 0.4214 0.4266 0.4060 0.3441 0.2729 0.2159 0.1814 0.2327 0.3457 0.4001 0.4231 0.4257 0.4007 0.3353 0.2652 0.2102 0.1817 0.2471 0.3548 0.4041 0.4245 0.4244 0.3951 0.3436
0.3925 0.4262 0.4245 0.4044 0.3556 0.2485 0.1818 0.2098 0.2645 0.3345 0.4001 0.4256 0.4232 0.4005 0.3467 0.2340 0.1814 0.2154 0.2722 0.3434 0.4056 0.4265 0.4216 0.3961 0.3367 0.2208 0.1823 0.2213 0.2802 0.3521 0.4102 0.4270 0.4196 0.3912 0.3256 0.2093 0.1845 0.2274 0.2884 0.3607 0.4142 0.4272 0.4175 0.3859 0.3133 0.2005 0.1877 0.2328 0.2974 0.3702 0.4019 0.3703 0.2972 0.2326 0.1876 0.2005 0.3134 0.3861 0.4175 0.4273 0.4141 0.3606 0.2883 0.2274 0.1845 0.2093 0.3256 0.3913 0.4197 0.4270 0.4101 0.3520 0.2801 0.2212 0.1823 0.2208 0.3368 0.3962 0.4216 0.4265 0.4055 0.3432 0.2722 0.2153 0.1814 0.2340 0.3468 0.4006 0.4233 0.4256 0.4000 0.3344 0.2644 0.2097 0.1818 0.2485 0.3557 0.4046 0.4245 0.4262 0.3925
0.4201 0.4265 0.4048 0.3564 0.2499 0.1819 0.2092 0.2638 0.3337 0.3996 0.4255 0.4234 0.4009 0.3476 0.2354 0.1814 0.2148 0.2715 0.3425 0.4051 0.4264 0.4217 0.3965 0.3377 0.2220 0.1822 0.2207 0.2794 0.3513 0.4098 0.4270 0.4198 0.3917 0.3267 0.2103 0.1842 0.2268 0.2876 0.3599 0.4138 0.4272 0.4177 0.3864 0.3142 0.2009 0.1876 0.2328 0.2949 0.3688 0.4187 0.4262 0.4190 0.3712 0.2972 0.2347 0.1891 0.2014 0.3137 0.3863 0.4177 0.4273 0.4142 0.3620 0.2901 0.2289 0.1857 0.2104 0.3262 0.3916 0.4198 0.4270 0.4104 0.3535 0.2819 0.2227 0.1835 0.2218 0.3374 0.3965 0.4217 0.4265 0.4058 0.3448 0.2739 0.2168 0.1826 0.2350 0.3473 0.4008 0.4234 0.4256 0.4006 0.3361 0.2662 0.2111 0.1830 0.2494 0.3562 0.4047 0.4265 0.4205
0.4289 0.4055 0.3572 0.2514 0.1820 0.2087 0.2631 0.3328 0.3990 0.4254 0.4235 0.4013 0.3484 0.2367 0.1814 0.2143 0.2707 0.3417 0.4046 0.4264 0.4219 0.3970 0.3387 0.2232 0.1820 0.2201 0.2787 0.3504 0.4094 0.4270 0.4200 0.3922 0.3278 0.2113 0.1840 0.2262 0.2868 0.3591 0.4135 0.4272 0.4179 0.3869 0.3154 0.2016 0.1873 0.2325 0.2948 0.3666 0.4166 0.4269 0.4176 0.4262 0.4193 0.3708 0.2972 0.2341 0.1882 0.2007 0.3102 0.3819 0.4154 0.4272 0.4160 0.3626 0.2894 0.2279 0.1848 0.2099 0.3219 0.3875 0.4179 0.4272 0.4122 0.3539 0.2812 0.2217 0.1826 0.2214 0.3326 0.3926 0.4200 0.4270 0.4076 0.3451 0.2732 0.2158 0.1818 0.2347 0.3423 0.3973 0.4219 0.4264 0.4022 0.3361 0.2654 0.2101 0.1822 0.2491 0.3509 0.4015 0.4283
0.4202 0.3580 0.2528 0.1822 0.2082 0.2623 0.3320 0.3984 0.4253 0.4236 0.4017 0.3493 0.2381 0.1814 0.2137 0.2700 0.3408 0.4041 0.4263 0.4221 0.3974 0.3397 0.2244 0.1819 0.2196 0.2779 0.3496 0.4090 0.4269 0.4202 0.3927 0.3289 0.2124 0.1837 0.2256 0.2860 0.3583 0.4131 0.4272 0.4181 0.3874 0.3167 0.2025 0.1869 0.2319 0.2943 0.3664 0.4163 0.4273 0.4115 0.3942 0.4254 0.4261 0.4028 0.3345 0.2630 0.2081 0.1746 0.2319 0.3375 0.3944 0.4202 0.4256 0.3961 0.3256 0.2557 0.2029 0.1742 0.2461 0.3465 0.3988 0.4220 0.4245 0.3891 0.3165 0.2484 0.1978 0.1757 0.2604 0.3548 0.4028 0.4234 0.4228 0.3814 0.3077 0.2414 0.1929 0.1791 0.2745 0.3625 0.4065 0.4246 0.4206 0.3732 0.2989 0.2346 0.1883 0.1844 0.2875 0.3685 0.4204
0.3864 0.2543 0.1823 0.2076 0.2616 0.3311 0.3978 0.4252 0.4238 0.4021 0.3502 0.2395 0.1814 0.2132 0.2692 0.3399 0.4035 0.4262 0.4222 0.3978 0.3407 0.2257 0.1818 0.2189 0.2771 0.3487 0.4085 0.4269 0.4204 0.3931 0.3300 0.2134 0.1835 0.2250 0.2851 0.3574 0.4127 0.4272 0.4183 0.3880 0.3179 0.2033 0.1865 0.2313 0.2935 0.3658 0.4162 0.4272 0.4153 0.3767 0.4223 0.4160 0.4127 0.3720 0.2983 0.2341 0.1882 0.2007 0.3102 0.3819 0.4154 0.4272 0.4160 0.3626 0.2894 0.2279 0.1848 0.2099 0.3219 0.3875 0.4179 0.4272 0.4122 0.3539 0.2812 0.2217 0.1826 0.2214 0.3326 0.3926 0.4200 0.4270 0.4076 0.3451 0.2732 0.2158 0.1818 0.2347 0.3423 0.3973 0.4219 0.4264 0.4022 0.3361 0.2654 0.2101 0.1822 0.2491 0.3509 0.4015 0.4283
0.3040 0.1824 0.2071 0.2608 0.3302 0.3972 0.4251 0.4240 0.4026 0.3512 0.2409 0.1814 0.2126 0.2684 0.3390 0.4029 0.4261 0.4224 0.3984 0.3417 0.2269 0.1817 0.2184 0.2763 0.3478 0.4080 0.4268 0.4207 0.3937 0.3312 0.2145 0.1833 0.2244 0.2843 0.3565 0.4123 0.4272 0.4186 0.3886 0.3192 0.2042 0.1862 0.2306 0.2926 0.3650 0.4159 0.4272 0.4164 0.3818 0.3073 0.2807 0.2978 0.3427 0.3006 0.2368 0.1889 0.2014 0.3136 0.3863 0.4177 0.4273 0.4142 0.3620 0.2901 0.2289 0.1857 0.2104 0.3262 0.3916 0.4198 0.4270 0.4104 0.3535 0.2819 0.2227 0.1835 0.2218 0.3374 0.3965 0.4217 0.4265 0.4058 0.3448 0.2739 0.2168 0.1826 0.2350 0.3473 0.4008 0.4234 0.4256 0.4006 0.3361 0.2662 0.2111 0.1830 0.2494 0.3562 0.4047 0.4265 0.4205
0.2486 0.2087 0.2627 0.3320 0.3978 0.4250 0.4241 0.4028 0.3517 0.2418 0.1826 0.2140 0.2702 0.3406 0.4034 0.4261 0.4226 0.3986 0.3423 0.2279 0.1829 0.2199 0.2781 0.3494 0.4083 0.4268 0.4208 0.3940 0.3317 0.2156 0.1845 0.2259 0.2861 0.3579 0.4124 0.4272 0.4187 0.3889 0.3198 0.2053 0.1874 0.2323 0.2944 0.3663 0.4159 0.4273 0.4164 0.3834 0.3056 0.1967 0.2041 0.2634 0.2879 0.2401 0.1875 0.2005 0.3133 0.3861 0.4175 0.4273 0.4141 0.3606 0.2883 0.2274 0.1845 0.2093 0.3256 0.3913 0.4197 0.4270 0.4101 0.3520 0.2801 0.2212 0.1823 0.2208 0.3368 0.3962 0.4216 0.4265 0.4055 0.3432 0.2722 0.2153 0.1814 0.2340 0.3468 0.4006 0.4233 0.4256 0.4000 0.3344 0.2644 0.2097 0.1818 0.2485 0.3557 0.4046 0.4245 0.4262 0.3925
0.2618 0.2621 0.3322 0.3995 0.4260 0.4227 0.3993 0.3466 0.2416 0.1818 0.2130 0.2694 0.3408 0.4051 0.4267 0.4209 0.3949 0.3373 0.2276 0.1820 0.2188 0.2773 0.3497 0.4101 0.4272 0.4189 0.3900 0.3272 0.2152 0.1836 0.2249 0.2854 0.3585 0.4142 0.4273 0.4166 0.3847 0.3160 0.2048 0.1864 0.2312 0.2938 0.3670 0.4177 0.4270 0.4140 0.3786 0.3033 0.1963 0.1918 0.2347 0.2634 0.2421 0.1891 0.2002 0.3127 0.3856 0.4173 0.4273 0.4145 0.3615 0.2891 0.2280 0.1848 0.2083 0.3244 0.3907 0.4194 0.4271 0.4106 0.3529 0.2809 0.2218 0.1824 0.2196 0.3357 0.3956 0.4214 0.4266 0.4060 0.3441 0.2729 0.2159 0.1814 0.2327 0.3457 0.4001 0.4231 0.4257 0.4007 0.3353 0.2652 0.2102 0.1817 0.2471 0.3548 0.4041 0.4245 0.4244 0.3951 0.3436
0.2770 0.2955 0.3694 0.4193 0.4251 0.4081 0.3662 0.2813 0.1815 0.1906 0.2380 0.3033 0.3774 0.4218 0.4241 0.4047 0.3588 0.2674 0.1772 0.1953 0.2449 0.3121 0.3853 0.4237 0.4227 0.4009 0.3507 0.2532 0.1747 0.2003 0.2521 0.3211 0.3927 0.4251 0.4211 0.3967 0.3421 0.2389 0.1742 0.2055 0.2593 0.3298 0.3991 0.4259 0.4194 0.3925 0.3340 0.2272 0.1757 0.2103 0.2410 0.2365 0.1925 0.2004 0.3127 0.3855 0.4172 0.4273 0.4147 0.3622 0.2899 0.2286 0.1851 0.2073 0.3233 0.3902 0.4192 0.4271 0.4110 0.3538 0.2817 0.2224 0.1826 0.2184 0.3347 0.3952 0.4212 0.4266 0.4065 0.3450 0.2738 0.2165 0.1815 0.2314 0.3448 0.3997 0.4229 0.4258 0.4012 0.3362 0.2660 0.2108 0.1816 0.2457 0.3540 0.4037 0.4244 0.4247 0.3952 0.3274 0.2951
