0.3751 0.3941 0.4210 0.4289 0.4189 0.3830 0.2982 0.2474 0.2620 0.2980 0.3471 0.3951 0.4212 0.4289 0.4188 0.3828 0.2977 0.2474 0.2622 0.2982 0.3474 0.3953 0.4212 0.4289 0.4187 0.3825 0.2973 0.2473 0.2623 0.2984 0.3476 0.3955 0.4213 0.4289 0.4186 0.3822 0.2968 0.2473 0.2624 0.2987 0.3479 0.3957 0.4214 0.4289 0.4185 0.3819 0.2964 0.2473 0.2640 0.3012 0.3239 0.3012 0.2640 0.2473 0.2964 0.3819 0.4185 0.4289 0.4214 0.3957 0.3479 0.2987 0.2624 0.2473 0.2968 0.3822 0.4186 0.4289 0.4213 0.3955 0.3476 0.2984 0.2623 0.2473 0.2973 0.3825 0.4187 0.4289 0.4212 0.3953 0.3474 0.2982 0.2622 0.2474 0.2977 0.3828 0.4188 0.4289 0.4212 0.3951 0.3471 0.2980 0.2620 0.2474 0.2982 0.3830 0.4189 0.4289 0.4210 0.3941 0.3751
0.3941 0.4291 0.4257 0.4036 0.3538 0.2468 0.1819 0.2094 0.2632 0.3322 0.3986 0.4270 0.4257 0.4034 0.3534 0.2461 0.1818 0.2096 0.2636 0.3326 0.3989 0.4270 0.4257 0.4032 0.3530 0.2455 0.1817 0.2099 0.2639 0.3330 0.3991 0.4271 0.4256 0.4030 0.3527 0.2449 0.1817 0.2101 0.2642 0.3333 0.3994 0.4271 0.4256 0.4029 0.3523 0.2443 0.1816 0.2103 0.2671 0.3377 0.3757 0.3377 0.2671 0.2103 0.1816 0.2443 0.3523 0.4029 0.4256 0.4271 0.3994 0.3333 0.2642 0.2101 0.1817 0.2449 0.3527 0.4030 0.4256 0.4271 0.3991 0.3330 0.2639 0.2099 0.1817 0.2455 0.3530 0.4032 0.4257 0.4270 0.3989 0.3326 0.2636 0.2096 0.1818 0.2461 0.3534 0.4034 0.4257 0.4270 0.3986 0.3322 0.2632 0.2094 0.1819 0.2468 0.3538 0.4036 0.4257 0.4291 0.3941
0.4210 0.4257 0.4031 0.3532 0.2457 0.1817 0.2098 0.2639 0.3330 0.3984 0.4251 0.4238 0.4027 0.3525 0.2446 0.1817 0.2101 0.2644 0.3334 0.3988 0.4251 0.4237 0.4025 0.3522 0.2440 0.1816 0.2104 0.2646 0.3338 0.3990 0.4252 0.4236 0.4024 0.3518 0.2434 0.1816 0.2106 0.2650 0.3342 0.3993 0.4252 0.4236 0.4022 0.3514 0.2428 0.1816 0.2108 0.2652 0.3370 0.4028 0.4208 0.4028 0.3370 0.2652 0.2108 0.1816 0.2428 0.3514 0.4022 0.4236 0.4252 0.3993 0.3342 0.2650 0.2106 0.1816 0.2434 0.3518 0.4024 0.4236 0.4252 0.3990 0.3338 0.2646 0.2104 0.1816 0.2440 0.3522 0.4025 0.4237 0.4251 0.3988 0.3334 0.2644 0.2101 0.1817 0.2446 0.3525 0.4027 0.4238 0.4251 0.3984 0.3330 0.2639 0.2098 0.1817 0.2457 0.3532 0.4031 0.4257 0.4210
0.4289 0.4036 0.3532 0.2452 0.1816 0.2102 0.2646 0.3338 0.3991 0.4254 0.4238 0.4023 0.3517 0.2432 0.1816 0.2107 0.2651 0.3343 0.3994 0.4254 0.4237 0.4022 0.3513 0.2426 0.1816 0.2109 0.2654 0.3347 0.3997 0.4255 0.4236 0.4020 0.3509 0.2420 0.1815 0.2111 0.2657 0.3350 0.3999 0.4255 0.4236 0.4018 0.3506 0.2415 0.1815 0.2114 0.2659 0.3352 0.4011 0.4265 0.4245 0.4265 0.4011 0.3352 0.2659 0.2114 0.1815 0.2415 0.3506 0.4018 0.4236 0.4255 0.3999 0.3350 0.2657 0.2111 0.1815 0.2420 0.3509 0.4020 0.4236 0.4255 0.3997 0.3347 0.2654 0.2109 0.1816 0.2426 0.3513 0.4022 0.4237 0.4254 0.3994 0.3343 0.2651 0.2107 0.1816 0.2432 0.3517 0.4023 0.4238 0.4254 0.3991 0.3338 0.2646 0.2102 0.1816 0.2452 0.3532 0.4036 0.4289
0.4189 0.3538 0.2457 0.1816 0.2104 0.2650 0.3345 0.3996 0.4255 0.4236 0.4020 0.3508 0.2418 0.1815 0.2112 0.2658 0.3351 0.4000 0.4255 0.4235 0.4018 0.3504 0.2413 0.1815 0.2114 0.2661 0.3355 0.4002 0.4256 0.4235 0.4016 0.3501 0.2407 0.1815 0.2117 0.2664 0.3359 0.4004 0.4256 0.4234 0.4014 0.3497 0.2401 0.1815 0.2119 0.2667 0.3362 0.4006 0.4257 0.4217 0.4061 0.4217 0.4257 0.4006 0.3362 0.2667 0.2119 0.1815 0.2401 0.3497 0.4014 0.4234 0.4256 0.4004 0.3359 0.2664 0.2117 0.1815 0.2407 0.3501 0.4016 0.4235 0.4256 0.4002 0.3355 0.2661 0.2114 0.1815 0.2413 0.3504 0.4018 0.4235 0.4255 0.4000 0.3351 0.2658 0.2112 0.1815 0.2418 0.3508 0.4020 0.4236 0.4255 0.3996 0.3345 0.2650 0.2104 0.1816 0.2457 0.3538 0.4189
0.3830 0.2468 0.1817 0.2102 0.2650 0.3347 0.3999 0.4255 0.4235 0.4016 0.3500 0.2405 0.1815 0.2117 0.2665 0.3360 0.4005 0.4256 0.4234 0.4014 0.3496 0.2399 0.1815 0.2120 0.2668 0.3363 0.4008 0.4257 0.4233 0.4012 0.3492 0.2393 0.1815 0.2122 0.2671 0.3367 0.4010 0.4257 0.4233 0.4011 0.3488 0.2387 0.1814 0.2124 0.2675 0.3371 0.4012 0.4257 0.4232 0.3968 0.3618 0.3968 0.4232 0.4257 0.4012 0.3371 0.2675 0.2124 0.1814 0.2387 0.3488 0.4011 0.4233 0.4257 0.4010 0.3367 0.2671 0.2122 0.1815 0.2393 0.3492 0.4012 0.4233 0.4257 0.4008 0.3363 0.2668 0.2120 0.1815 0.2399 0.3496 0.4014 0.4234 0.4256 0.4005 0.3360 0.2665 0.2117 0.1815 0.2405 0.3500 0.4016 0.4235 0.4255 0.3999 0.3347 0.2650 0.2102 0.1817 0.2468 0.3830
0.2982 0.1819 0.2098 0.2646 0.3345 0.3999 0.4256 0.4234 0.4013 0.3493 0.2393 0.1814 0.2123 0.2672 0.3368 0.4011 0.4257 0.4233 0.4010 0.3487 0.2385 0.1814 0.2125 0.2676 0.3372 0.4013 0.4258 0.4232 0.4008 0.3483 0.2379 0.1814 0.2127 0.2679 0.3376 0.4015 0.4258 0.4231 0.4007 0.3479 0.2373 0.1814 0.2130 0.2682 0.3379 0.4018 0.4258 0.4231 0.4004 0.3414 0.2731 0.3414 0.4004 0.4231 0.4258 0.4018 0.3379 0.2682 0.2130 0.1814 0.2373 0.3479 0.4007 0.4231 0.4258 0.4015 0.3376 0.2679 0.2127 0.1814 0.2379 0.3483 0.4008 0.4232 0.4258 0.4013 0.3372 0.2676 0.2125 0.1814 0.2385 0.3487 0.4010 0.4233 0.4257 0.4011 0.3368 0.2672 0.2123 0.1814 0.2393 0.3493 0.4013 0.4234 0.4256 0.3999 0.3345 0.2646 0.2098 0.1819 0.2982
0.2474 0.2094 0.2639 0.3338 0.3996 0.4255 0.4234 0.4013 0.3489 0.2384 0.1814 0.2127 0.2679 0.3377 0.4016 0.4258 0.4231 0.4006 0.3478 0.2371 0.1814 0.2130 0.2683 0.3380 0.4018 0.4258 0.4231 0.4004 0.3474 0.2365 0.1814 0.2133 0.2686 0.3384 0.4021 0.4259 0.4230 0.4003 0.3470 0.2360 0.1814 0.2135 0.2689 0.3388 0.4023 0.4259 0.4229 0.4002 0.3464 0.2334 0.1787 0.2334 0.3464 0.4002 0.4229 0.4259 0.4023 0.3388 0.2689 0.2135 0.1814 0.2360 0.3470 0.4003 0.4230 0.4259 0.4021 0.3384 0.2686 0.2133 0.1814 0.2365 0.3474 0.4004 0.4231 0.4258 0.4018 0.3380 0.2683 0.2130 0.1814 0.2371 0.3478 0.4006 0.4231 0.4258 0.4016 0.3377 0.2679 0.2127 0.1814 0.2384 0.3489 0.4013 0.4234 0.4255 0.3996 0.3338 0.2639 0.2094 0.2474
0.2620 0.2632 0.3330 0.3991 0.4255 0.4235 0.4013 0.3489 0.2380 0.1814 0.2131 0.2685 0.3384 0.4021 0.4259 0.4230 0.4002 0.3469 0.2358 0.1814 0.2136 0.2690 0.3389 0.4024 0.4259 0.4229 0.4000 0.3465 0.2352 0.1814 0.2138 0.2694 0.3392 0.4026 0.4260 0.4228 0.3999 0.3461 0.2346 0.1814 0.2141 0.2697 0.3396 0.4028 0.4260 0.4228 0.3997 0.3459 0.2337 0.1818 0.1934 0.1818 0.2337 0.3459 0.3997 0.4228 0.4260 0.4028 0.3396 0.2697 0.2141 0.1814 0.2346 0.3461 0.3999 0.4228 0.4260 0.4026 0.3392 0.2694 0.2138 0.1814 0.2352 0.3465 0.4000 0.4229 0.4259 0.4024 0.3389 0.2690 0.2136 0.1814 0.2358 0.3469 0.4002 0.4230 0.4259 0.4021 0.3384 0.2685 0.2131 0.1814 0.2380 0.3489 0.4013 0.4235 0.4255 0.3991 0.3330 0.2632 0.2620
0.2980 0.3322 0.3984 0.4254 0.4236 0.4016 0.3493 0.2384 0.1814 0.2132 0.2689 0.3389 0.4025 0.4260 0.4228 0.3998 0.3460 0.2344 0.1814 0.2141 0.2698 0.3397 0.4029 0.4260 0.4228 0.3996 0.3456 0.2338 0.1814 0.2144 0.2701 0.3401 0.4031 0.4261 0.4227 0.3994 0.3452 0.2333 0.1814 0.2146 0.2704 0.3405 0.4033 0.4261 0.4226 0.3993 0.3448 0.2327 0.1826 0.2163 0.2421 0.2163 0.1826 0.2327 0.3448 0.3993 0.4226 0.4261 0.4033 0.3405 0.2704 0.2146 0.1814 0.2333 0.3452 0.3994 0.4227 0.4261 0.4031 0.3401 0.2701 0.2144 0.1814 0.2338 0.3456 0.3996 0.4228 0.4260 0.4029 0.3397 0.2698 0.2141 0.1814 0.2344 0.3460 0.3998 0.4228 0.4260 0.4025 0.3389 0.2689 0.2132 0.1814 0.2384 0.3493 0.4016 0.4236 0.4254 0.3984 0.3322 0.2980
0.3471 0.3986 0.4251 0.4238 0.4020 0.3500 0.2393 0.1814 0.2131 0.2689 0.3392 0.4028 0.4260 0.4227 0.3994 0.3452 0.2331 0.1814 0.2147 0.2705 0.3406 0.4034 0.4261 0.4226 0.3992 0.3447 0.2325 0.1814 0.2149 0.2709 0.3409 0.4036 0.4261 0.4225 0.3990 0.3443 0.2319 0.1814 0.2152 0.2712 0.3413 0.4039 0.4262 0.4225 0.3989 0.3439 0.2314 0.1814 0.2174 0.2739 0.3085 0.2739 0.2174 0.1814 0.2314 0.3439 0.3989 0.4225 0.4262 0.4039 0.3413 0.2712 0.2152 0.1814 0.2319 0.3443 0.3990 0.4225 0.4261 0.4036 0.3409 0.2709 0.2149 0.1814 0.2325 0.3447 0.3992 0.4226 0.4261 0.4034 0.3406 0.2705 0.2147 0.1814 0.2331 0.3452 0.3994 0.4227 0.4260 0.4028 0.3392 0.2689 0.2131 0.1814 0.2393 0.3500 0.4020 0.4238 0.4251 0.3986 0.3471
0.3951 0.4270 0.4238 0.4023 0.3508 0.2405 0.1814 0.2127 0.2685 0.3389 0.4028 0.4261 0.4226 0.3992 0.3444 0.2319 0.1814 0.2152 0.2713 0.3414 0.4039 0.4262 0.4224 0.3988 0.3438 0.2312 0.1815 0.2155 0.2716 0.3418 0.4041 0.4262 0.4224 0.3986 0.3434 0.2306 0.1815 0.2157 0.2719 0.3421 0.4044 0.4263 0.4223 0.3984 0.3430 0.2301 0.1815 0.2159 0.2747 0.3459 0.3821 0.3459 0.2747 0.2159 0.1815 0.2301 0.3430 0.3984 0.4223 0.4263 0.4044 0.3421 0.2719 0.2157 0.1815 0.2306 0.3434 0.3986 0.4224 0.4262 0.4041 0.3418 0.2716 0.2155 0.1815 0.2312 0.3438 0.3988 0.4224 0.4262 0.4039 0.3414 0.2713 0.2152 0.1814 0.2319 0.3444 0.3992 0.4226 0.4261 0.4028 0.3389 0.2685 0.2127 0.1814 0.2405 0.3508 0.4023 0.4238 0.4270 0.3951
0.4212 0.4257 0.4027 0.3517 0.2418 0.1815 0.2123 0.2679 0.3384 0.4025 0.4260 0.4226 0.3991 0.3440 0.2311 0.1815 0.2157 0.2720 0.3423 0.4044 0.4263 0.4223 0.3984 0.3428 0.2299 0.1815 0.2160 0.2724 0.3426 0.4046 0.4263 0.4222 0.3982 0.3424 0.2293 0.1815 0.2163 0.2727 0.3430 0.4049 0.4263 0.4221 0.3980 0.3420 0.2288 0.1816 0.2165 0.2729 0.3457 0.4081 0.4230 0.4081 0.3457 0.2729 0.2165 0.1816 0.2288 0.3420 0.3980 0.4221 0.4263 0.4049 0.3430 0.2727 0.2163 0.1815 0.2293 0.3424 0.3982 0.4222 0.4263 0.4046 0.3426 0.2724 0.2160 0.1815 0.2299 0.3428 0.3984 0.4223 0.4263 0.4044 0.3423 0.2720 0.2157 0.1815 0.2311 0.3440 0.3991 0.4226 0.4260 0.4025 0.3384 0.2679 0.2123 0.1815 0.2418 0.3517 0.4027 0.4257 0.4212
0.4289 0.4034 0.3525 0.2432 0.1815 0.2117 0.2672 0.3377 0.4021 0.4260 0.4227 0.3992 0.3440 0.2307 0.1815 0.2161 0.2726 0.3430 0.4049 0.4263 0.4221 0.3980 0.3419 0.2286 0.1816 0.2166 0.2731 0.3435 0.4051 0.4264 0.4220 0.3978 0.3415 0.2280 0.1816 0.2168 0.2734 0.3438 0.4054 0.4264 0.4220 0.3976 0.3411 0.2275 0.1816 0.2171 0.2737 0.3441 0.4063 0.4270 0.4233 0.4270 0.4063 0.3441 0.2737 0.2171 0.1816 0.2275 0.3411 0.3976 0.4220 0.4264 0.4054 0.3438 0.2734 0.2168 0.1816 0.2280 0.3415 0.3978 0.4220 0.4264 0.4051 0.3435 0.2731 0.2166 0.1816 0.2286 0.3419 0.3980 0.4221 0.4263 0.4049 0.3430 0.2726 0.2161 0.1815 0.2307 0.3440 0.3992 0.4227 0.4260 0.4021 0.3377 0.2672 0.2117 0.1815 0.2432 0.3525 0.4034 0.4289
0.4188 0.3534 0.2446 0.1816 0.2112 0.2665 0.3368 0.4016 0.4259 0.4228 0.3994 0.3444 0.2311 0.1815 0.2162 0.2729 0.3435 0.4053 0.4264 0.4220 0.3975 0.3409 0.2273 0.1816 0.2171 0.2739 0.3443 0.4056 0.4265 0.4219 0.3973 0.3405 0.2267 0.1817 0.2174 0.2742 0.3447 0.4058 0.4265 0.4218 0.3972 0.3401 0.2262 0.1817 0.2176 0.2745 0.3450 0.4059 0.4265 0.4198 0.4025 0.4198 0.4265 0.4059 0.3450 0.2745 0.2176 0.1817 0.2262 0.3401 0.3972 0.4218 0.4265 0.4058 0.3447 0.2742 0.2174 0.1817 0.2267 0.3405 0.3973 0.4219 0.4265 0.4056 0.3443 0.2739 0.2171 0.1816 0.2273 0.3409 0.3975 0.4220 0.4264 0.4053 0.3435 0.2729 0.2162 0.1815 0.2311 0.3444 0.3994 0.4228 0.4259 0.4016 0.3368 0.2665 0.2112 0.1816 0.2446 0.3534 0.4188
0.3828 0.2461 0.1817 0.2107 0.2658 0.3360 0.4011 0.4258 0.4230 0.3998 0.3452 0.2319 0.1815 0.2161 0.2729 0.3438 0.4055 0.4265 0.4218 0.3972 0.3400 0.2260 0.1817 0.2177 0.2746 0.3452 0.4061 0.4265 0.4217 0.3969 0.3395 0.2255 0.1817 0.2179 0.2749 0.3455 0.4063 0.4265 0.4216 0.3967 0.3391 0.2249 0.1818 0.2182 0.2753 0.3459 0.4065 0.4266 0.4216 0.3921 0.3541 0.3921 0.4216 0.4266 0.4065 0.3459 0.2753 0.2182 0.1818 0.2249 0.3391 0.3967 0.4216 0.4265 0.4063 0.3455 0.2749 0.2179 0.1817 0.2255 0.3395 0.3969 0.4217 0.4265 0.4061 0.3452 0.2746 0.2177 0.1817 0.2260 0.3400 0.3972 0.4218 0.4265 0.4055 0.3438 0.2729 0.2161 0.1815 0.2319 0.3452 0.3998 0.4230 0.4258 0.4011 0.3360 0.2658 0.2107 0.1817 0.2461 0.3828
0.2977 0.1818 0.2101 0.2651 0.3351 0.4005 0.4257 0.4231 0.4002 0.3460 0.2331 0.1814 0.2157 0.2726 0.3435 0.4055 0.4265 0.4217 0.3969 0.3393 0.2249 0.1818 0.2183 0.2754 0.3460 0.4066 0.4266 0.4215 0.3965 0.3386 0.2242 0.1818 0.2185 0.2757 0.3464 0.4068 0.4266 0.4215 0.3963 0.3381 0.2237 0.1819 0.2187 0.2760 0.3467 0.4070 0.4266 0.4215 0.3960 0.3316 0.2590 0.3316 0.3960 0.4215 0.4266 0.4070 0.3467 0.2760 0.2187 0.1819 0.2237 0.3381 0.3963 0.4215 0.4266 0.4068 0.3464 0.2757 0.2185 0.1818 0.2242 0.3386 0.3965 0.4215 0.4266 0.4066 0.3460 0.2754 0.2183 0.1818 0.2249 0.3393 0.3969 0.4217 0.4265 0.4055 0.3435 0.2726 0.2157 0.1814 0.2331 0.3460 0.4002 0.4231 0.4257 0.4005 0.3351 0.2651 0.2101 0.1818 0.2977
0.2474 0.2096 0.2644 0.3343 0.4000 0.4256 0.4233 0.4006 0.3469 0.2344 0.1814 0.2152 0.2720 0.3430 0.4053 0.4265 0.4217 0.3968 0.3388 0.2241 0.1819 0.2187 0.2761 0.3468 0.4070 0.4266 0.4214 0.3960 0.3376 0.2230 0.1819 0.2191 0.2765 0.3472 0.4072 0.4267 0.4213 0.3958 0.3371 0.2225 0.1820 0.2193 0.2768 0.3476 0.4074 0.4267 0.4212 0.3958 0.3364 0.2202 0.1755 0.2202 0.3364 0.3958 0.4212 0.4267 0.4074 0.3476 0.2768 0.2193 0.1820 0.2225 0.3371 0.3958 0.4213 0.4267 0.4072 0.3472 0.2765 0.2191 0.1819 0.2230 0.3376 0.3960 0.4214 0.4266 0.4070 0.3468 0.2761 0.2187 0.1819 0.2241 0.3388 0.3968 0.4217 0.4265 0.4053 0.3430 0.2720 0.2152 0.1814 0.2344 0.3469 0.4006 0.4233 0.4256 0.4000 0.3343 0.2644 0.2096 0.2474
0.2622 0.2636 0.3334 0.3994 0.4255 0.4234 0.4010 0.3478 0.2358 0.1814 0.2147 0.2713 0.3423 0.4049 0.4264 0.4218 0.3969 0.3388 0.2238 0.1819 0.2191 0.2767 0.3476 0.4075 0.4267 0.4212 0.3956 0.3366 0.2218 0.1821 0.2196 0.2772 0.3480 0.4077 0.4267 0.4211 0.3954 0.3361 0.2213 0.1821 0.2199 0.2776 0.3484 0.4079 0.4268 0.4210 0.3952 0.3358 0.2206 0.1828 0.1983 0.1828 0.2206 0.3358 0.3952 0.4210 0.4268 0.4079 0.3484 0.2776 0.2199 0.1821 0.2213 0.3361 0.3954 0.4211 0.4267 0.4077 0.3480 0.2772 0.2196 0.1821 0.2218 0.3366 0.3956 0.4212 0.4267 0.4075 0.3476 0.2767 0.2191 0.1819 0.2238 0.3388 0.3969 0.4218 0.4264 0.4049 0.3423 0.2713 0.2147 0.1814 0.2358 0.3478 0.4010 0.4234 0.4255 0.3994 0.3334 0.2636 0.2622
0.2982 0.3326 0.3988 0.4254 0.4235 0.4014 0.3487 0.2371 0.1814 0.2141 0.2705 0.3414 0.4044 0.4263 0.4220 0.3972 0.3393 0.2241 0.1819 0.2193 0.2771 0.3481 0.4078 0.4268 0.4210 0.3951 0.3356 0.2206 0.1822 0.2202 0.2780 0.3489 0.4082 0.4268 0.4209 0.3949 0.3351 0.2201 0.1823 0.2205 0.2783 0.3492 0.4083 0.4268 0.4209 0.3947 0.3347 0.2196 0.1836 0.2223 0.2491 0.2223 0.1836 0.2196 0.3347 0.3947 0.4209 0.4268 0.4083 0.3492 0.2783 0.2205 0.1823 0.2201 0.3351 0.3949 0.4209 0.4268 0.4082 0.3489 0.2780 0.2202 0.1822 0.2206 0.3356 0.3951 0.4210 0.4268 0.4078 0.3481 0.2771 0.2193 0.1819 0.2241 0.3393 0.3972 0.4220 0.4263 0.4044 0.3414 0.2705 0.2141 0.1814 0.2371 0.3487 0.4014 0.4235 0.4254 0.3988 0.3326 0.2982
0.3474 0.3989 0.4251 0.4237 0.4018 0.3496 0.2385 0.1814 0.2136 0.2698 0.3406 0.4039 0.4263 0.4221 0.3975 0.3400 0.2249 0.1819 0.2191 0.2771 0.3483 0.4081 0.4268 0.4209 0.3947 0.3346 0.2194 0.1823 0.2208 0.2788 0.3497 0.4086 0.4268 0.4208 0.3945 0.3341 0.2189 0.1824 0.2210 0.2791 0.3501 0.4088 0.4269 0.4207 0.3943 0.3336 0.2184 0.1824 0.2233 0.2820 0.3174 0.2820 0.2233 0.1824 0.2184 0.3336 0.3943 0.4207 0.4269 0.4088 0.3501 0.2791 0.2210 0.1824 0.2189 0.3341 0.3945 0.4208 0.4268 0.4086 0.3497 0.2788 0.2208 0.1823 0.2194 0.3346 0.3947 0.4209 0.4268 0.4081 0.3483 0.2771 0.2191 0.1819 0.2249 0.3400 0.3975 0.4221 0.4263 0.4039 0.3406 0.2698 0.2136 0.1814 0.2385 0.3496 0.4018 0.4237 0.4251 0.3989 0.3474
0.3953 0.4270 0.4237 0.4022 0.3504 0.2399 0.1814 0.2130 0.2690 0.3397 0.4034 0.4262 0.4223 0.3980 0.3409 0.2260 0.1818 0.2187 0.2767 0.3481 0.4081 0.4268 0.4208 0.3944 0.3338 0.2184 0.1825 0.2214 0.2795 0.3506 0.4090 0.4269 0.4206 0.3940 0.3330 0.2177 0.1826 0.2216 0.2799 0.3509 0.4092 0.4269 0.4205 0.3938 0.3326 0.2172 0.1826 0.2218 0.2827 0.3548 0.3898 0.3548 0.2827 0.2218 0.1826 0.2172 0.3326 0.3938 0.4205 0.4269 0.4092 0.3509 0.2799 0.2216 0.1826 0.2177 0.3330 0.3940 0.4206 0.4269 0.4090 0.3506 0.2795 0.2214 0.1825 0.2184 0.3338 0.3944 0.4208 0.4268 0.4081 0.3481 0.2767 0.2187 0.1818 0.2260 0.3409 0.3980 0.4223 0.4262 0.4034 0.3397 0.2690 0.2130 0.1814 0.2399 0.3504 0.4022 0.4237 0.4270 0.3953
0.4212 0.4257 0.4025 0.3513 0.2413 0.1815 0.2125 0.2683 0.3389 0.4029 0.4261 0.4224 0.3984 0.3419 0.2273 0.1817 0.2183 0.2761 0.3476 0.4078 0.4268 0.4208 0.3943 0.3333 0.2177 0.1826 0.2219 0.2803 0.3514 0.4095 0.4269 0.4204 0.3935 0.3320 0.2166 0.1827 0.2222 0.2806 0.3517 0.4096 0.4269 0.4203 0.3933 0.3315 0.2161 0.1828 0.2224 0.2809 0.3543 0.4126 0.4246 0.4126 0.3543 0.2809 0.2224 0.1828 0.2161 0.3315 0.3933 0.4203 0.4269 0.4096 0.3517 0.2806 0.2222 0.1827 0.2166 0.3320 0.3935 0.4204 0.4269 0.4095 0.3514 0.2803 0.2219 0.1826 0.2177 0.3333 0.3943 0.4208 0.4268 0.4078 0.3476 0.2761 0.2183 0.1817 0.2273 0.3419 0.3984 0.4224 0.4261 0.4029 0.3389 0.2683 0.2125 0.1815 0.2413 0.3513 0.4025 0.4257 0.4212
0.4289 0.4032 0.3522 0.2426 0.1815 0.2120 0.2676 0.3380 0.4024 0.4260 0.4226 0.3988 0.3428 0.2286 0.1816 0.2177 0.2754 0.3468 0.4075 0.4268 0.4209 0.3944 0.3333 0.2173 0.1827 0.2222 0.2809 0.3521 0.4099 0.4270 0.4202 0.3931 0.3309 0.2155 0.1829 0.2228 0.2814 0.3526 0.4101 0.4270 0.4201 0.3929 0.3305 0.2150 0.1830 0.2230 0.2817 0.3528 0.4108 0.4273 0.4218 0.4273 0.4108 0.3528 0.2817 0.2230 0.1830 0.2150 0.3305 0.3929 0.4201 0.4270 0.4101 0.3526 0.2814 0.2228 0.1829 0.2155 0.3309 0.3931 0.4202 0.4270 0.4099 0.3521 0.2808 0.2222 0.1827 0.2173 0.3333 0.3944 0.4209 0.4268 0.4075 0.3468 0.2754 0.2177 0.1816 0.2286 0.3428 0.3988 0.4226 0.4260 0.4024 0.3380 0.2676 0.2120 0.1815 0.2426 0.3522 0.4032 0.4289
0.4187 0.3530 0.2440 0.1816 0.2114 0.2668 0.3372 0.4018 0.4259 0.4228 0.3992 0.3438 0.2299 0.1816 0.2171 0.2746 0.3460 0.4070 0.4267 0.4210 0.3947 0.3338 0.2177 0.1827 0.2224 0.2812 0.3527 0.4102 0.4270 0.4200 0.3926 0.3298 0.2144 0.1831 0.2234 0.2822 0.3534 0.4105 0.4270 0.4199 0.3924 0.3294 0.2139 0.1832 0.2236 0.2825 0.3537 0.4106 0.4271 0.4176 0.3984 0.4176 0.4271 0.4106 0.3537 0.2825 0.2236 0.1832 0.2139 0.3294 0.3924 0.4199 0.4270 0.4105 0.3534 0.2822 0.2234 0.1831 0.2144 0.3298 0.3926 0.4200 0.4270 0.4101 0.3526 0.2811 0.2223 0.1827 0.2177 0.3338 0.3947 0.4210 0.4267 0.4070 0.3460 0.2746 0.2171 0.1816 0.2299 0.3438 0.3992 0.4228 0.4259 0.4018 0.3372 0.2668 0.2114 0.1816 0.2440 0.3530 0.4187
0.3825 0.2455 0.1816 0.2109 0.2661 0.3363 0.4013 0.4258 0.4229 0.3996 0.3447 0.2312 0.1815 0.2166 0.2739 0.3452 0.4066 0.4266 0.4212 0.3951 0.3346 0.2184 0.1826 0.2223 0.2812 0.3528 0.4104 0.4270 0.4199 0.3922 0.3288 0.2133 0.1833 0.2239 0.2830 0.3542 0.4109 0.4271 0.4197 0.3919 0.3283 0.2128 0.1834 0.2242 0.2833 0.3546 0.4110 0.4271 0.4196 0.3870 0.3457 0.3870 0.4196 0.4271 0.4110 0.3546 0.2833 0.2242 0.1834 0.2128 0.3283 0.3919 0.4197 0.4271 0.4109 0.3542 0.2830 0.2239 0.1833 0.2133 0.3288 0.3922 0.4199 0.4270 0.4103 0.3528 0.2811 0.2222 0.1826 0.2184 0.3346 0.3951 0.4212 0.4266 0.4066 0.3452 0.2739 0.2166 0.1815 0.2312 0.3447 0.3996 0.4229 0.4258 0.4013 0.3363 0.2661 0.2109 0.1816 0.2455 0.3825
0.2973 0.1817 0.2104 0.2654 0.3355 0.4008 0.4258 0.4231 0.4000 0.3456 0.2325 0.1815 0.2160 0.2731 0.3443 0.4061 0.4266 0.4214 0.3956 0.3356 0.2194 0.1825 0.2219 0.2808 0.3526 0.4103 0.4270 0.4198 0.3919 0.3280 0.2124 0.1835 0.2245 0.2838 0.3551 0.4113 0.4271 0.4195 0.3914 0.3272 0.2118 0.1836 0.2248 0.2841 0.3554 0.4114 0.4271 0.4195 0.3911 0.3209 0.2447 0.3209 0.3911 0.4195 0.4271 0.4114 0.3554 0.2841 0.2248 0.1836 0.2118 0.3272 0.3914 0.4195 0.4271 0.4113 0.3551 0.2838 0.2245 0.1835 0.2124 0.3280 0.3919 0.4198 0.4270 0.4103 0.3526 0.2808 0.2219 0.1825 0.2194 0.3356 0.3956 0.4214 0.4266 0.4061 0.3443 0.2731 0.2160 0.1815 0.2325 0.3456 0.4000 0.4231 0.4258 0.4008 0.3355 0.2654 0.2104 0.1817 0.2973
0.2473 0.2099 0.2646 0.3347 0.4002 0.4257 0.4232 0.4004 0.3465 0.2338 0.1814 0.2155 0.2724 0.3435 0.4056 0.4265 0.4215 0.3960 0.3366 0.2206 0.1823 0.2214 0.2803 0.3521 0.4101 0.4270 0.4198 0.3918 0.3276 0.2118 0.1837 0.2250 0.2845 0.3559 0.4117 0.4271 0.4193 0.3909 0.3260 0.2107 0.1839 0.2254 0.2849 0.3563 0.4118 0.4271 0.4192 0.3909 0.3251 0.2089 0.1742 0.2089 0.3251 0.3909 0.4192 0.4271 0.4118 0.3563 0.2849 0.2254 0.1839 0.2107 0.3260 0.3909 0.4193 0.4271 0.4117 0.3559 0.2845 0.2250 0.1837 0.2118 0.3276 0.3918 0.4198 0.4270 0.4101 0.3521 0.2803 0.2214 0.1823 0.2206 0.3366 0.3960 0.4215 0.4265 0.4056 0.3435 0.2724 0.2155 0.1814 0.2338 0.3465 0.4004 0.4232 0.4257 0.4002 0.3347 0.2646 0.2099 0.2473
0.2623 0.2639 0.3338 0.3997 0.4256 0.4233 0.4008 0.3474 0.2352 0.1814 0.2149 0.2716 0.3426 0.4051 0.4265 0.4217 0.3965 0.3376 0.2218 0.1822 0.2208 0.2795 0.3514 0.4099 0.4270 0.4199 0.3919 0.3276 0.2116 0.1838 0.2254 0.2850 0.3566 0.4120 0.4271 0.4191 0.3904 0.3249 0.2097 0.1841 0.2260 0.2857 0.3571 0.4122 0.4272 0.4190 0.3902 0.3245 0.2094 0.1851 0.2034 0.1851 0.2094 0.3245 0.3902 0.4190 0.4272 0.4122 0.3571 0.2857 0.2260 0.1841 0.2097 0.3249 0.3904 0.4191 0.4271 0.4120 0.3566 0.2850 0.2254 0.1838 0.2116 0.3276 0.3919 0.4199 0.4270 0.4099 0.3514 0.2795 0.2208 0.1822 0.2218 0.3376 0.3965 0.4217 0.4265 0.4051 0.3426 0.2716 0.2149 0.1814 0.2352 0.3474 0.4008 0.4233 0.4256 0.3997 0.3338 0.2639 0.2623
0.2984 0.3330 0.3990 0.4255 0.4235 0.4012 0.3483 0.2365 0.1814 0.2144 0.2709 0.3418 0.4046 0.4264 0.4219 0.3969 0.3386 0.2230 0.1821 0.2202 0.2788 0.3506 0.4095 0.4270 0.4200 0.3922 0.3280 0.2118 0.1838 0.2255 0.2854 0.3571 0.4123 0.4272 0.4189 0.3899 0.3238 0.2087 0.1844 0.2266 0.2864 0.3579 0.4126 0.4272 0.4188 0.3897 0.3233 0.2083 0.1860 0.2285 0.2565 0.2285 0.1860 0.2083 0.3233 0.3897 0.4188 0.4272 0.4126 0.3579 0.2864 0.2266 0.1844 0.2087 0.3238 0.3899 0.4189 0.4272 0.4123 0.3571 0.2854 0.2255 0.1838 0.2118 0.3280 0.3922 0.4200 0.4270 0.4095 0.3506 0.2788 0.2202 0.1821 0.2230 0.3386 0.3969 0.4219 0.4264 0.4046 0.3418 0.2709 0.2144 0.1814 0.2365 0.3483 0.4012 0.4235 0.4255 0.3990 0.3330 0.2984
0.3476 0.3991 0.4252 0.4236 0.4016 0.3492 0.2379 0.1814 0.2138 0.2701 0.3409 0.4041 0.4263 0.4220 0.3973 0.3395 0.2242 0.1819 0.2196 0.2780 0.3497 0.4090 0.4269 0.4202 0.3926 0.3288 0.2124 0.1837 0.2254 0.2854 0.3573 0.4125 0.4272 0.4188 0.3895 0.3227 0.2078 0.1847 0.2272 0.2872 0.3587 0.4130 0.4272 0.4186 0.3892 0.3221 0.2073 0.1848 0.2295 0.2902 0.3264 0.2902 0.2295 0.1848 0.2073 0.3221 0.3892 0.4186 0.4272 0.4130 0.3587 0.2872 0.2272 0.1847 0.2078 0.3227 0.3895 0.4188 0.4272 0.4125 0.3573 0.2854 0.2254 0.1837 0.2124 0.3288 0.3926 0.4202 0.4269 0.4090 0.3497 0.2780 0.2196 0.1819 0.2242 0.3395 0.3973 0.4220 0.4263 0.4041 0.3409 0.2701 0.2138 0.1814 0.2379 0.3492 0.4016 0.4236 0.4252 0.3991 0.3476
0.3955 0.4271 0.4236 0.4020 0.3501 0.2393 0.1814 0.2133 0.2694 0.3401 0.4036 0.4262 0.4222 0.3978 0.3405 0.2255 0.1818 0.2191 0.2772 0.3489 0.4086 0.4269 0.4204 0.3931 0.3298 0.2133 0.1835 0.2250 0.2850 0.3571 0.4125 0.4272 0.4187 0.3892 0.3218 0.2069 0.1849 0.2278 0.2880 0.3595 0.4133 0.4272 0.4184 0.3887 0.3209 0.2064 0.1851 0.2280 0.2909 0.3634 0.3968 0.3634 0.2909 0.2280 0.1851 0.2064 0.3209 0.3887 0.4184 0.4272 0.4133 0.3595 0.2880 0.2278 0.1849 0.2069 0.3218 0.3892 0.4187 0.4272 0.4125 0.3571 0.2850 0.2250 0.1835 0.2133 0.3298 0.3931 0.4204 0.4269 0.4086 0.3489 0.2772 0.2191 0.1818 0.2255 0.3405 0.3978 0.4222 0.4262 0.4036 0.3401 0.2694 0.2133 0.1814 0.2393 0.3501 0.4020 0.4236 0.4271 0.3955
0.4213 0.4256 0.4024 0.3509 0.2407 0.1815 0.2127 0.2686 0.3392 0.4031 0.4261 0.4224 0.3982 0.3415 0.2267 0.1817 0.2185 0.2765 0.3480 0.4082 0.4268 0.4206 0.3935 0.3309 0.2144 0.1833 0.2245 0.2845 0.3566 0.4123 0.4272 0.4187 0.3891 0.3213 0.2064 0.1852 0.2283 0.2888 0.3604 0.4137 0.4272 0.4182 0.3882 0.3197 0.2055 0.1854 0.2286 0.2891 0.3628 0.4163 0.4257 0.4163 0.3628 0.2891 0.2286 0.1854 0.2055 0.3197 0.3882 0.4182 0.4272 0.4137 0.3604 0.2888 0.2283 0.1852 0.2064 0.3213 0.3891 0.4187 0.4272 0.4123 0.3566 0.2845 0.2245 0.1833 0.2144 0.3309 0.3935 0.4206 0.4268 0.4082 0.3480 0.2765 0.2185 0.1817 0.2267 0.3415 0.3982 0.4224 0.4261 0.4031 0.3392 0.2686 0.2127 0.1815 0.2407 0.3509 0.4024 0.4256 0.4213
0.4289 0.4030 0.3518 0.2420 0.1815 0.2122 0.2679 0.3384 0.4026 0.4261 0.4225 0.3986 0.3424 0.2280 0.1817 0.2179 0.2757 0.3472 0.4077 0.4268 0.4208 0.3940 0.3320 0.2155 0.1831 0.2239 0.2838 0.3559 0.4120 0.4272 0.4188 0.3892 0.3213 0.2062 0.1853 0.2286 0.2893 0.3611 0.4140 0.4272 0.4180 0.3877 0.3185 0.2046 0.1857 0.2292 0.2899 0.3614 0.4145 0.4272 0.4201 0.4272 0.4145 0.3614 0.2899 0.2292 0.1857 0.2046 0.3185 0.3877 0.4180 0.4272 0.4140 0.3611 0.2893 0.2286 0.1853 0.2062 0.3213 0.3892 0.4188 0.4272 0.4120 0.3559 0.2838 0.2239 0.1831 0.2155 0.3320 0.3940 0.4208 0.4268 0.4077 0.3472 0.2757 0.2179 0.1817 0.2280 0.3424 0.3986 0.4225 0.4261 0.4026 0.3384 0.2679 0.2122 0.1815 0.2420 0.3518 0.4030 0.4289
0.4186 0.3527 0.2434 0.1815 0.2117 0.2671 0.3376 0.4021 0.4260 0.4227 0.3990 0.3434 0.2293 0.1816 0.2174 0.2749 0.3464 0.4072 0.4267 0.4209 0.3945 0.3330 0.2166 0.1829 0.2234 0.2830 0.3551 0.4117 0.4271 0.4189 0.3895 0.3218 0.2064 0.1853 0.2288 0.2897 0.3615 0.4143 0.4272 0.4178 0.3871 0.3172 0.2037 0.1861 0.2298 0.2907 0.3623 0.4144 0.4273 0.4152 0.3939 0.4152 0.4273 0.4144 0.3623 0.2907 0.2298 0.1861 0.2037 0.3172 0.3871 0.4178 0.4272 0.4143 0.3615 0.2897 0.2288 0.1853 0.2064 0.3218 0.3895 0.4189 0.4271 0.4117 0.3551 0.2830 0.2234 0.1829 0.2166 0.3330 0.3945 0.4209 0.4267 0.4072 0.3464 0.2749 0.2174 0.1816 0.2293 0.3434 0.3990 0.4227 0.4260 0.4021 0.3376 0.2671 0.2117 0.1815 0.2434 0.3527 0.4186
0.3822 0.2449 0.1816 0.2111 0.2664 0.3367 0.4015 0.4259 0.4228 0.3994 0.3443 0.2306 0.1815 0.2168 0.2742 0.3455 0.4068 0.4267 0.4211 0.3949 0.3341 0.2177 0.1827 0.2228 0.2822 0.3542 0.4113 0.4271 0.4191 0.3899 0.3227 0.2069 0.1852 0.2286 0.2897 0.3617 0.4144 0.4272 0.4176 0.3867 0.3160 0.2028 0.1864 0.2305 0.2915 0.3631 0.4149 0.4273 0.4174 0.3814 0.3366 0.3814 0.4174 0.4273 0.4149 0.3631 0.2915 0.2305 0.1864 0.2028 0.3160 0.3867 0.4176 0.4272 0.4144 0.3617 0.2897 0.2286 0.1852 0.2069 0.3227 0.3899 0.4191 0.4271 0.4113 0.3542 0.2822 0.2228 0.1827 0.2177 0.3341 0.3949 0.4211 0.4267 0.4068 0.3455 0.2742 0.2168 0.1815 0.2306 0.3443 0.3994 0.4228 0.4259 0.4015 0.3367 0.2664 0.2111 0.1816 0.2449 0.3822
0.2968 0.1817 0.2106 0.2657 0.3359 0.4010 0.4258 0.4230 0.3999 0.3452 0.2319 0.1815 0.2163 0.2734 0.3447 0.4063 0.4266 0.4213 0.3954 0.3351 0.2189 0.1826 0.2222 0.2814 0.3534 0.4109 0.4271 0.4193 0.3904 0.3238 0.2078 0.1849 0.2283 0.2893 0.3615 0.4144 0.4272 0.4175 0.3864 0.3151 0.2021 0.1867 0.2311 0.2923 0.3639 0.4152 0.4273 0.4173 0.3858 0.3090 0.2305 0.3090 0.3858 0.4173 0.4273 0.4152 0.3639 0.2923 0.2311 0.1867 0.2021 0.3151 0.3864 0.4175 0.4272 0.4144 0.3615 0.2893 0.2283 0.1849 0.2078 0.3238 0.3904 0.4193 0.4271 0.4109 0.3534 0.2814 0.2222 0.1826 0.2189 0.3351 0.3954 0.4213 0.4266 0.4063 0.3447 0.2734 0.2163 0.1815 0.2319 0.3452 0.3999 0.4230 0.4258 0.4010 0.3359 0.2657 0.2106 0.1817 0.2968
0.2473 0.2101 0.2650 0.3350 0.4004 0.4257 0.4231 0.4003 0.3461 0.2333 0.1814 0.2157 0.2727 0.3438 0.4058 0.4265 0.4215 0.3958 0.3361 0.2201 0.1824 0.2216 0.2806 0.3526 0.4105 0.4271 0.4195 0.3909 0.3249 0.2087 0.1847 0.2278 0.2888 0.3611 0.4143 0.4272 0.4175 0.3863 0.3146 0.2016 0.1870 0.2316 0.2931 0.3648 0.4155 0.4272 0.4170 0.3854 0.3122 0.1998 0.1748 0.1998 0.3122 0.3854 0.4170 0.4272 0.4155 0.3648 0.2931 0.2316 0.1870 0.2016 0.3146 0.3863 0.4175 0.4272 0.4143 0.3611 0.2888 0.2278 0.1847 0.2087 0.3249 0.3909 0.4195 0.4271 0.4105 0.3526 0.2806 0.2216 0.1824 0.2201 0.3361 0.3958 0.4215 0.4265 0.4058 0.3438 0.2727 0.2157 0.1814 0.2333 0.3461 0.4003 0.4231 0.4257 0.4004 0.3350 0.2650 0.2101 0.2473
0.2624 0.2642 0.3342 0.3999 0.4256 0.4233 0.4007 0.3470 0.2346 0.1814 0.2152 0.2719 0.3430 0.4054 0.4265 0.4216 0.3963 0.3371 0.2213 0.1823 0.2210 0.2799 0.3517 0.4101 0.4270 0.4197 0.3914 0.3260 0.2097 0.1844 0.2272 0.2880 0.3604 0.4140 0.4272 0.4176 0.3864 0.3146 0.2015 0.1872 0.2319 0.2937 0.3654 0.4158 0.4272 0.4168 0.3848 0.3115 0.2004 0.1888 0.2088 0.1888 0.2004 0.3115 0.3848 0.4168 0.4272 0.4158 0.3654 0.2937 0.2319 0.1872 0.2015 0.3146 0.3864 0.4176 0.4272 0.4140 0.3604 0.2880 0.2272 0.1844 0.2097 0.3260 0.3914 0.4197 0.4270 0.4101 0.3517 0.2799 0.2210 0.1823 0.2213 0.3371 0.3963 0.4216 0.4265 0.4054 0.3430 0.2719 0.2152 0.1814 0.2346 0.3470 0.4007 0.4233 0.4256 0.3999 0.3342 0.2642 0.2624
0.2987 0.3333 0.3993 0.4255 0.4234 0.4011 0.3479 0.2360 0.1814 0.2146 0.2712 0.3421 0.4049 0.4264 0.4218 0.3967 0.3381 0.2225 0.1821 0.2205 0.2791 0.3509 0.4096 0.4270 0.4199 0.3919 0.3272 0.2107 0.1841 0.2266 0.2872 0.3595 0.4137 0.4272 0.4178 0.3867 0.3151 0.2016 0.1872 0.2321 0.2940 0.3659 0.4160 0.4272 0.4165 0.3842 0.3102 0.1993 0.1897 0.2350 0.2640 0.2350 0.1897 0.1993 0.3102 0.3842 0.4165 0.4272 0.4160 0.3659 0.2940 0.2321 0.1872 0.2016 0.3151 0.3867 0.4178 0.4272 0.4137 0.3595 0.2872 0.2266 0.1841 0.2107 0.3272 0.3919 0.4199 0.4270 0.4096 0.3509 0.2791 0.2205 0.1821 0.2225 0.3381 0.3967 0.4218 0.4264 0.4049 0.3421 0.2712 0.2146 0.1814 0.2360 0.3479 0.4011 0.4234 0.4255 0.3993 0.3333 0.2987
0.3479 0.3994 0.4252 0.4236 0.4014 0.3488 0.2373 0.1814 0.2141 0.2704 0.3413 0.4044 0.4263 0.4220 0.3972 0.3391 0.2237 0.1820 0.2199 0.2783 0.3501 0.4092 0.4269 0.4201 0.3924 0.3283 0.2118 0.1839 0.2260 0.2864 0.3587 0.4133 0.4272 0.4180 0.3871 0.3160 0.2021 0.1870 0.2319 0.2940 0.3661 0.4162 0.4272 0.4164 0.3837 0.3089 0.1985 0.1885 0.2359 0.2987 0.3355 0.2987 0.2359 0.1885 0.1985 0.3089 0.3837 0.4164 0.4272 0.4162 0.3661 0.2940 0.2319 0.1870 0.2021 0.3160 0.3871 0.4180 0.4272 0.4133 0.3587 0.2864 0.2260 0.1839 0.2118 0.3283 0.3924 0.4201 0.4269 0.4092 0.3501 0.2783 0.2199 0.1820 0.2237 0.3391 0.3972 0.4220 0.4263 0.4044 0.3413 0.2704 0.2141 0.1814 0.2373 0.3488 0.4014 0.4236 0.4252 0.3994 0.3479
0.3957 0.4271 0.4236 0.4018 0.3497 0.2387 0.1814 0.2135 0.2697 0.3405 0.4039 0.4263 0.4221 0.3976 0.3401 0.2249 0.1819 0.2193 0.2776 0.3492 0.4088 0.4269 0.4203 0.3929 0.3294 0.2128 0.1836 0.2254 0.2857 0.3579 0.4130 0.4272 0.4182 0.3877 0.3172 0.2028 0.1867 0.2316 0.2937 0.3659 0.4162 0.4272 0.4163 0.3834 0.3079 0.1979 0.1890 0.2344 0.2992 0.3719 0.4030 0.3719 0.2992 0.2344 0.1890 0.1979 0.3079 0.3834 0.4163 0.4272 0.4162 0.3659 0.2937 0.2316 0.1867 0.2028 0.3172 0.3877 0.4182 0.4272 0.4130 0.3579 0.2857 0.2254 0.1836 0.2128 0.3294 0.3929 0.4203 0.4269 0.4088 0.3492 0.2776 0.2193 0.1819 0.2249 0.3401 0.3976 0.4221 0.4263 0.4039 0.3405 0.2697 0.2135 0.1814 0.2387 0.3497 0.4018 0.4236 0.4271 0.3957
0.4214 0.4256 0.4022 0.3506 0.2401 0.1814 0.2130 0.2689 0.3396 0.4033 0.4262 0.4223 0.3980 0.3411 0.2262 0.1818 0.2187 0.2768 0.3484 0.4083 0.4269 0.4205 0.3933 0.3305 0.2139 0.1834 0.2248 0.2849 0.3571 0.4126 0.4272 0.4184 0.3882 0.3185 0.2037 0.1864 0.2311 0.2931 0.3654 0.4160 0.4272 0.4163 0.3833 0.3074 0.1975 0.1893 0.2349 0.2974 0.3709 0.4194 0.4263 0.4194 0.3709 0.2974 0.2349 0.1893 0.1975 0.3074 0.3833 0.4163 0.4272 0.4160 0.3654 0.2931 0.2311 0.1864 0.2037 0.3185 0.3882 0.4184 0.4272 0.4126 0.3571 0.2849 0.2248 0.1834 0.2139 0.3305 0.3933 0.4205 0.4269 0.4083 0.3484 0.2768 0.2187 0.1818 0.2262 0.3411 0.3980 0.4223 0.4262 0.4033 0.3396 0.2689 0.2130 0.1814 0.2401 0.3506 0.4022 0.4256 0.4214
0.4289 0.4029 0.3514 0.2415 0.1815 0.2124 0.2682 0.3388 0.4028 0.4261 0.4225 0.3984 0.3420 0.2275 0.1817 0.2182 0.2760 0.3476 0.4079 0.4268 0.4207 0.3938 0.3315 0.2150 0.1832 0.2242 0.2841 0.3563 0.4122 0.4272 0.4186 0.3887 0.3197 0.2046 0.1861 0.2305 0.2923 0.3648 0.4158 0.4272 0.4164 0.3834 0.3074 0.1973 0.1895 0.2353 0.2980 0.3696 0.4176 0.4268 0.4181 0.4268 0.4176 0.3696 0.2980 0.2353 0.1895 0.1973 0.3074 0.3834 0.4164 0.4272 0.4158 0.3648 0.2923 0.2305 0.1861 0.2046 0.3197 0.3887 0.4186 0.4272 0.4122 0.3563 0.2841 0.2242 0.1832 0.2150 0.3315 0.3938 0.4207 0.4268 0.4079 0.3476 0.2760 0.2182 0.1817 0.2275 0.3420 0.3984 0.4225 0.4261 0.4028 0.3388 0.2682 0.2124 0.1815 0.2415 0.3514 0.4029 0.4289
0.4185 0.3523 0.2428 0.1815 0.2119 0.2675 0.3379 0.4023 0.4260 0.4226 0.3989 0.3430 0.2288 0.1816 0.2176 0.2753 0.3467 0.4074 0.4268 0.4209 0.3943 0.3326 0.2161 0.1830 0.2236 0.2833 0.3554 0.4118 0.4272 0.4188 0.3892 0.3209 0.2055 0.1857 0.2298 0.2915 0.3639 0.4155 0.4272 0.4165 0.3837 0.3079 0.1975 0.1895 0.2355 0.2984 0.3701 0.4175 0.4272 0.4125 0.3891 0.4125 0.4272 0.4176 0.3701 0.2984 0.2355 0.1895 0.1975 0.3079 0.3837 0.4165 0.4272 0.4155 0.3639 0.2915 0.2298 0.1857 0.2055 0.3209 0.3892 0.4188 0.4272 0.4118 0.3554 0.2833 0.2236 0.1830 0.2161 0.3326 0.3943 0.4209 0.4268 0.4074 0.3467 0.2753 0.2176 0.1816 0.2288 0.3430 0.3989 0.4226 0.4260 0.4023 0.3379 0.2675 0.2119 0.1815 0.2428 0.3523 0.4185
0.3819 0.2443 0.1816 0.2114 0.2667 0.3371 0.4018 0.4259 0.4228 0.3993 0.3439 0.2301 0.1816 0.2171 0.2745 0.3459 0.4070 0.4267 0.4210 0.3947 0.3336 0.2172 0.1828 0.2230 0.2825 0.3546 0.4114 0.4271 0.4190 0.3897 0.3221 0.2064 0.1854 0.2292 0.2907 0.3631 0.4152 0.4272 0.4168 0.3842 0.3089 0.1979 0.1893 0.2353 0.2984 0.3704 0.4178 0.4271 0.4151 0.3754 0.3271 0.3754 0.4151 0.4271 0.4178 0.3704 0.2984 0.2353 0.1893 0.1979 0.3089 0.3842 0.4168 0.4272 0.4152 0.3631 0.2907 0.2292 0.1854 0.2064 0.3221 0.3897 0.4190 0.4271 0.4114 0.3546 0.2825 0.2230 0.1828 0.2172 0.3336 0.3947 0.4210 0.4267 0.4070 0.3459 0.2745 0.2171 0.1816 0.2301 0.3439 0.3993 0.4228 0.4259 0.4018 0.3371 0.2667 0.2114 0.1816 0.2443 0.3819
0.2963 0.1817 0.2109 0.2660 0.3362 0.4012 0.4258 0.4229 0.3997 0.3448 0.2314 0.1815 0.2165 0.2738 0.3450 0.4065 0.4266 0.4212 0.3952 0.3347 0.2184 0.1826 0.2224 0.2817 0.3538 0.4110 0.4271 0.4192 0.3902 0.3233 0.2073 0.1851 0.2286 0.2899 0.3623 0.4149 0.4273 0.4170 0.3848 0.3102 0.1985 0.1890 0.2350 0.2980 0.3702 0.4178 0.4271 0.4150 0.3803 0.2969 0.2178 0.2968 0.3803 0.4150 0.4271 0.4178 0.3701 0.2980 0.2349 0.1890 0.1985 0.3102 0.3848 0.4170 0.4273 0.4149 0.3623 0.2899 0.2286 0.1851 0.2073 0.3233 0.3902 0.4192 0.4271 0.4110 0.3537 0.2817 0.2224 0.1826 0.2184 0.3347 0.3952 0.4212 0.4266 0.4065 0.3450 0.2737 0.2165 0.1815 0.2314 0.3448 0.3997 0.4229 0.4258 0.4012 0.3362 0.2659 0.2108 0.1816 0.2964
0.2472 0.2103 0.2653 0.3354 0.4007 0.4257 0.4231 0.4001 0.3457 0.2327 0.1815 0.2159 0.2730 0.3442 0.4060 0.4266 0.4214 0.3956 0.3357 0.2196 0.1825 0.2219 0.2810 0.3529 0.4106 0.4271 0.4194 0.3907 0.3244 0.2083 0.1848 0.2280 0.2892 0.3615 0.4145 0.4273 0.4172 0.3853 0.3115 0.1993 0.1886 0.2344 0.2975 0.3697 0.4176 0.4271 0.4149 0.3804 0.2996 0.1935 0.1765 0.1936 0.2997 0.3806 0.4150 0.4271 0.4175 0.3696 0.2974 0.2344 0.1885 0.1993 0.3115 0.3854 0.4173 0.4273 0.4144 0.3614 0.2891 0.2280 0.1848 0.2083 0.3245 0.3909 0.4195 0.4271 0.4106 0.3528 0.2809 0.2218 0.1824 0.2196 0.3358 0.3958 0.4215 0.4266 0.4059 0.3441 0.2729 0.2159 0.1814 0.2327 0.3459 0.4002 0.4231 0.4257 0.4006 0.3352 0.2652 0.2103 0.2473
0.2626 0.2645 0.3346 0.4001 0.4256 0.4232 0.4005 0.3467 0.2340 0.1814 0.2154 0.2722 0.3434 0.4056 0.4265 0.4216 0.3961 0.3367 0.2208 0.1823 0.2213 0.2802 0.3521 0.4102 0.4270 0.4196 0.3912 0.3256 0.2093 0.1845 0.2274 0.2884 0.3607 0.4142 0.4272 0.4174 0.3858 0.3128 0.2000 0.1881 0.2338 0.2967 0.3691 0.4174 0.4271 0.4150 0.3803 0.3002 0.1945 0.1927 0.2148 0.1951 0.1954 0.2997 0.3802 0.4151 0.4272 0.4176 0.3709 0.2992 0.2359 0.1897 0.2004 0.3122 0.3858 0.4174 0.4273 0.4145 0.3628 0.2909 0.2295 0.1860 0.2094 0.3251 0.3911 0.4196 0.4271 0.4108 0.3543 0.2827 0.2233 0.1836 0.2206 0.3364 0.3960 0.4216 0.4265 0.4063 0.3457 0.2747 0.2174 0.1826 0.2337 0.3464 0.4004 0.4232 0.4257 0.4011 0.3370 0.2671 0.2640
0.2989 0.3337 0.3995 0.4256 0.4234 0.4009 0.3476 0.2354 0.1814 0.2148 0.2715 0.3425 0.4051 0.4264 0.4217 0.3965 0.3377 0.2220 0.1822 0.2207 0.2794 0.3513 0.4098 0.4270 0.4198 0.3917 0.3267 0.2103 0.1842 0.2268 0.2876 0.3599 0.4138 0.4272 0.4177 0.3864 0.3141 0.2008 0.1877 0.2332 0.2959 0.3683 0.4172 0.4272 0.4152 0.3806 0.3006 0.1940 0.1931 0.2431 0.2725 0.2366 0.1952 0.1938 0.2969 0.3754 0.4125 0.4268 0.4194 0.3719 0.2987 0.2350 0.1888 0.1998 0.3090 0.3814 0.4152 0.4272 0.4163 0.3634 0.2902 0.2285 0.1851 0.2089 0.3209 0.3870 0.4176 0.4273 0.4126 0.3548 0.2820 0.2223 0.1828 0.2202 0.3316 0.3921 0.4198 0.4270 0.4081 0.3459 0.2739 0.2163 0.1818 0.2334 0.3414 0.3968 0.4217 0.4265 0.4028 0.3377 0.3012
0.3482 0.3996 0.4253 0.4235 0.4013 0.3484 0.2367 0.1814 0.2143 0.2707 0.3417 0.4046 0.4264 0.4219 0.3970 0.3387 0.2232 0.1820 0.2201 0.2787 0.3504 0.4094 0.4270 0.4200 0.3922 0.3278 0.2113 0.1840 0.2262 0.2868 0.3591 0.4135 0.4272 0.4179 0.3869 0.3154 0.2016 0.1873 0.2326 0.2951 0.3675 0.4169 0.4272 0.4155 0.3811 0.3015 0.1942 0.1913 0.2432 0.3084 0.3151 0.2573 0.2098 0.1768 0.2177 0.3271 0.3891 0.4181 0.4263 0.4030 0.3355 0.2640 0.2088 0.1748 0.2305 0.3366 0.3939 0.4201 0.4257 0.3968 0.3264 0.2565 0.2034 0.1742 0.2447 0.3457 0.3984 0.4218 0.4246 0.3898 0.3174 0.2491 0.1983 0.1755 0.2590 0.3541 0.4025 0.4233 0.4230 0.3821 0.3085 0.2421 0.1934 0.1787 0.2731 0.3618 0.4061 0.4245 0.4208 0.3757 0.3239
0.3959 0.4272 0.4235 0.4017 0.3493 0.2381 0.1814 0.2137 0.2699 0.3408 0.4041 0.4263 0.4221 0.3974 0.3397 0.2244 0.1819 0.2195 0.2778 0.3495 0.4090 0.4269 0.4202 0.3927 0.3289 0.2124 0.1837 0.2256 0.2859 0.3582 0.4131 0.4272 0.4181 0.3874 0.3167 0.2025 0.1869 0.2319 0.2942 0.3666 0.4166 0.4272 0.4157 0.3817 0.3028 0.1948 0.1912 0.2388 0.3077 0.3637 0.3394 0.2314 0.1815 0.1927 0.2966 0.3755 0.4125 0.4268 0.4194 0.3719 0.2987 0.2350 0.1888 0.1998 0.3090 0.3814 0.4152 0.4272 0.4163 0.3634 0.2902 0.2285 0.1851 0.2089 0.3209 0.3870 0.4176 0.4273 0.4126 0.3548 0.2820 0.2223 0.1828 0.2202 0.3316 0.3921 0.4198 0.4270 0.4081 0.3459 0.2739 0.2163 0.1818 0.2334 0.3414 0.3968 0.4217 0.4265 0.4028 0.3377 0.3012
0.4214 0.4256 0.4022 0.3503 0.2395 0.1814 0.2131 0.2692 0.3399 0.4035 0.4262 0.4223 0.3979 0.3408 0.2257 0.1818 0.2189 0.2770 0.3486 0.4084 0.4269 0.4205 0.3933 0.3301 0.2134 0.1835 0.2250 0.2851 0.3573 0.4127 0.4272 0.4184 0.3881 0.3180 0.2033 0.1865 0.2313 0.2934 0.3658 0.4162 0.4272 0.4160 0.3824 0.3041 0.1954 0.1909 0.2377 0.3021 0.3758 0.4179 0.4333 0.3523 0.2062 0.2967 0.3806 0.4151 0.4272 0.4177 0.3710 0.2992 0.2359 0.1897 0.2004 0.3122 0.3858 0.4174 0.4273 0.4145 0.3628 0.2909 0.2295 0.1860 0.2094 0.3251 0.3911 0.4196 0.4271 0.4108 0.3543 0.2827 0.2233 0.1836 0.2206 0.3364 0.3960 0.4216 0.4265 0.4063 0.3457 0.2747 0.2174 0.1826 0.2337 0.3464 0.4004 0.4232 0.4257 0.4011 0.3370 0.2671 0.2640
0.4290 0.4026 0.3507 0.2403 0.1826 0.2146 0.2709 0.3415 0.4039 0.4262 0.4224 0.3982 0.3413 0.2267 0.1830 0.2204 0.2788 0.3502 0.4087 0.4269 0.4206 0.3936 0.3307 0.2145 0.1847 0.2265 0.2869 0.3588 0.4128 0.4272 0.4185 0.3884 0.3186 0.2044 0.1877 0.2328 0.2952 0.3671 0.4162 0.4273 0.4162 0.3827 0.3048 0.1966 0.1921 0.2395 0.3036 0.3754 0.4194 0.4267 0.4281 0.3191 0.2902 0.3803 0.4153 0.4271 0.4176 0.3696 0.2973 0.2343 0.1885 0.1993 0.3115 0.3854 0.4173 0.4273 0.4144 0.3614 0.2891 0.2280 0.1848 0.2083 0.3245 0.3909 0.4195 0.4271 0.4106 0.3528 0.2809 0.2218 0.1824 0.2196 0.3358 0.3958 0.4215 0.4266 0.4059 0.3441 0.2729 0.2159 0.1814 0.2327 0.3459 0.4002 0.4231 0.4257 0.4006 0.3352 0.2652 0.2103 0.2473
0.4148 0.3454 0.2398 0.1817 0.2136 0.2701 0.3416 0.4056 0.4268 0.4207 0.3944 0.3364 0.2263 0.1821 0.2194 0.2781 0.3505 0.4105 0.4272 0.4187 0.3895 0.3261 0.2141 0.1838 0.2255 0.2862 0.3593 0.4146 0.4273 0.4164 0.3841 0.3148 0.2039 0.1868 0.2318 0.2946 0.3678 0.4180 0.4270 0.4138 0.3782 0.3023 0.1960 0.1911 0.2384 0.3031 0.3760 0.4207 0.4264 0.4110 0.3725 0.3043 0.3758 0.4155 0.4271 0.4178 0.3702 0.2980 0.2349 0.1890 0.1985 0.3102 0.3848 0.4170 0.4273 0.4149 0.3623 0.2899 0.2286 0.1851 0.2073 0.3233 0.3902 0.4192 0.4271 0.4110 0.3537 0.2817 0.2224 0.1826 0.2184 0.3347 0.3952 0.4212 0.4266 0.4065 0.3450 0.2737 0.2165 0.1815 0.2314 0.3448 0.3997 0.4229 0.4258 0.4012 0.3362 0.2659 0.2108 0.1816 0.2964
0.3883 0.2781 0.1807 0.1911 0.2387 0.3041 0.3781 0.4220 0.4240 0.4043 0.3580 0.2661 0.1769 0.1958 0.2456 0.3130 0.3860 0.4239 0.4226 0.4005 0.3499 0.2518 0.1746 0.2008 0.2528 0.3219 0.3934 0.4252 0.4210 0.3962 0.3412 0.2375 0.1742 0.2061 0.2602 0.3310 0.4000 0.4260 0.4191 0.3916 0.3319 0.2241 0.1755 0.2112 0.2673 0.3391 0.4051 0.4264 0.4174 0.3855 0.3317 0.3695 0.4154 0.4271 0.4178 0.3705 0.2985 0.2353 0.1893 0.1979 0.3089 0.3842 0.4168 0.4272 0.4152 0.3631 0.2907 0.2292 0.1854 0.2064 0.3221 0.3897 0.4190 0.4271 0.4114 0.3546 0.2825 0.2230 0.1828 0.2172 0.3336 0.3947 0.4210 0.4267 0.4070 0.3459 0.2745 0.2171 0.1816 0.2301 0.3439 0.3993 0.4228 0.4259 0.4018 0.3371 0.2667 0.2114 0.1816 0.2443 0.3819
