0.0010 0.0066 0.0190 0.0604 0.1894 0.5950 1.0000 1.0000 1.0000 0.0006 0.0020 0.0061 0.0193 0.0606 0.1904 0.5984 1.0000 1.0000 1.0000 0.0006 0.0020 0.0062 0.0194 0.0610 0.1915 0.6018 1.0000 1.0000 1.0000 0.0006 0.0020 0.0062 0.0195 0.0613 0.1926 0.6053 1.0000 1.0000 1.0000 0.0006 0.0020 0.0062 0.0196 0.0617 0.1937 0.6087 1.0000 1.0000 1.0000 0.0007 0.0018 0.0007 1.0000 1.0000 1.0000 0.6087 0.1937 0.0617 0.0196 0.0062 0.0020 0.0006 1.0000 1.0000 1.0000 0.6053 0.1926 0.0613 0.0195 0.0062 0.0020 0.0006 1.0000 1.0000 1.0000 0.6018 0.1915 0.0610 0.0194 0.0062 0.0020 0.0006 1.0000 1.0000 1.0000 0.5984 0.1904 0.0606 0.0193 0.0061 0.0020 0.0006 1.0000 1.0000 1.0000 0.5950 0.1894 0.0604 0.0190 0.0066 0.0010
0.0066 0.0430 0.1209 0.3871 1.0000 1.0000 1.0000 1.0000 0.0013 0.0040 0.0125 0.0394 0.1237 0.3886 1.0000 1.0000 1.0000 1.0000 0.0013 0.0040 0.0126 0.0396 0.1244 0.3908 1.0000 1.0000 1.0000 1.0000 0.0013 0.0040 0.0127 0.0398 0.1251 0.3931 1.0000 1.0000 1.0000 1.0000 0.0013 0.0041 0.0127 0.0400 0.1258 0.3953 1.0000 1.0000 1.0000 1.0000 0.0013 0.0047 0.0107 0.0047 0.0013 1.0000 1.0000 1.0000 1.0000 0.3953 0.1258 0.0400 0.0127 0.0041 0.0013 1.0000 1.0000 1.0000 1.0000 0.3931 0.1251 0.0398 0.0127 0.0040 0.0013 1.0000 1.0000 1.0000 1.0000 0.3908 0.1244 0.0396 0.0126 0.0040 0.0013 1.0000 1.0000 1.0000 1.0000 0.3886 0.1237 0.0394 0.0125 0.0040 0.0013 1.0000 1.0000 1.0000 1.0000 0.3871 0.1209 0.0430 0.0066
0.0190 0.1209 0.3500 1.0000 1.0000 1.0000 1.0000 0.0012 0.0037 0.0116 0.0363 0.1144 0.3588 1.0000 1.0000 1.0000 1.0000 0.0012 0.0037 0.0117 0.0365 0.1151 0.3608 1.0000 1.0000 1.0000 1.0000 0.0012 0.0037 0.0117 0.0368 0.1155 0.3636 1.0000 1.0000 1.0000 1.0000 0.0012 0.0037 0.0118 0.0370 0.1164 0.3650 1.0000 1.0000 1.0000 1.0000 0.0012 0.0038 0.0137 0.0307 0.0137 0.0038 0.0012 1.0000 1.0000 1.0000 1.0000 0.3650 0.1164 0.0370 0.0118 0.0037 0.0012 1.0000 1.0000 1.0000 1.0000 0.3636 0.1155 0.0368 0.0117 0.0037 0.0012 1.0000 1.0000 1.0000 1.0000 0.3608 0.1151 0.0365 0.0117 0.0037 0.0012 1.0000 1.0000 1.0000 1.0000 0.3588 0.1144 0.0363 0.0116 0.0037 0.0012 1.0000 1.0000 1.0000 1.0000 0.3500 0.1209 0.0190
0.0604 0.3871 1.0000 1.0000 1.0000 1.0000 0.0012 0.0038 0.0119 0.0372 0.1170 0.3685 1.0000 1.0000 1.0000 1.0000 0.0012 0.0038 0.0119 0.0375 0.1179 0.3706 1.0000 1.0000 1.0000 1.0000 0.0012 0.0038 0.0120 0.0377 0.1186 0.3727 1.0000 1.0000 1.0000 1.0000 0.0012 0.0038 0.0121 0.0380 0.1193 0.3748 1.0000 1.0000 1.0000 1.0000 0.0012 0.0039 0.0122 0.0441 0.0986 0.0441 0.0122 0.0039 0.0012 1.0000 1.0000 1.0000 1.0000 0.3748 0.1193 0.0380 0.0121 0.0038 0.0012 1.0000 1.0000 1.0000 1.0000 0.3727 0.1186 0.0377 0.0120 0.0038 0.0012 1.0000 1.0000 1.0000 1.0000 0.3706 0.1179 0.0375 0.0119 0.0038 0.0012 1.0000 1.0000 1.0000 1.0000 0.3685 0.1170 0.0372 0.0119 0.0038 0.0012 1.0000 1.0000 1.0000 1.0000 0.3871 0.0604
0.1894 1.0000 1.0000 1.0000 1.0000 0.0012 0.0038 0.0120 0.0377 0.1184 0.3720 1.0000 1.0000 1.0000 1.0000 0.0012 0.0038 0.0121 0.0380 0.1193 0.3748 1.0000 1.0000 1.0000 1.0000 0.0012 0.0039 0.0122 0.0382 0.1200 0.3770 1.0000 1.0000 1.0000 1.0000 0.0012 0.0039 0.0122 0.0384 0.1207 0.3791 1.0000 1.0000 1.0000 1.0000 0.0012 0.0039 0.0122 0.0388 0.1400 0.3129 0.1400 0.0388 0.0122 0.0039 0.0012 1.0000 1.0000 1.0000 1.0000 0.3791 0.1207 0.0384 0.0122 0.0039 0.0012 1.0000 1.0000 1.0000 1.0000 0.3770 0.1200 0.0382 0.0122 0.0039 0.0012 1.0000 1.0000 1.0000 1.0000 0.3748 0.1193 0.0380 0.0121 0.0038 0.0012 1.0000 1.0000 1.0000 1.0000 0.3720 0.1184 0.0377 0.0120 0.0038 0.0012 1.0000 1.0000 1.0000 1.0000 0.1894
0.5950 1.0000 1.0000 1.0000 0.0012 0.0038 0.0121 0.0381 0.1200 0.3770 1.0000 1.0000 1.0000 1.0000 0.0012 0.0039 0.0122 0.0385 0.1209 0.3798 1.0000 1.0000 1.0000 1.0000 0.0012 0.0039 0.0123 0.0387 0.1216 0.3820 1.0000 1.0000 1.0000 1.0000 0.0013 0.0039 0.0124 0.0389 0.1223 0.3842 1.0000 1.0000 1.0000 1.0000 0.0013 0.0040 0.0125 0.0390 0.1234 0.4465 0.9962 0.4465 0.1234 0.0390 0.0125 0.0040 0.0013 1.0000 1.0000 1.0000 1.0000 0.3842 0.1223 0.0389 0.0124 0.0039 0.0013 1.0000 1.0000 1.0000 1.0000 0.3820 0.1216 0.0387 0.0123 0.0039 0.0012 1.0000 1.0000 1.0000 1.0000 0.3798 0.1209 0.0385 0.0122 0.0039 0.0012 1.0000 1.0000 1.0000 1.0000 0.3770 0.1200 0.0381 0.0121 0.0038 0.0012 1.0000 1.0000 1.0000 0.5950
1.0000 1.0000 1.0000 0.0012 0.0038 0.0121 0.0383 0.1209 0.3806 1.0000 1.0000 1.0000 1.0000 0.0013 0.0039 0.0124 0.0390 0.1225 0.3849 1.0000 1.0000 1.0000 1.0000 0.0013 0.0040 0.0125 0.0392 0.1232 0.3871 1.0000 1.0000 1.0000 1.0000 0.0013 0.0040 0.0126 0.0394 0.1239 0.3893 1.0000 1.0000 1.0000 1.0000 0.0013 0.0040 0.0126 0.0397 0.1241 0.3931 1.0000 1.0000 1.0000 0.3931 0.1241 0.0397 0.0126 0.0040 0.0013 1.0000 1.0000 1.0000 1.0000 0.3893 0.1239 0.0394 0.0126 0.0040 0.0013 1.0000 1.0000 1.0000 1.0000 0.3871 0.1232 0.0392 0.0125 0.0040 0.0013 1.0000 1.0000 1.0000 1.0000 0.3849 0.1225 0.0390 0.0124 0.0039 0.0013 1.0000 1.0000 1.0000 1.0000 0.3806 0.1209 0.0383 0.0121 0.0038 0.0012 1.0000 1.0000 1.0000
1.0000 1.0000 0.0012 0.0038 0.0120 0.0381 0.1209 0.3813 1.0000 1.0000 1.0000 1.0000 0.0013 0.0040 0.0126 0.0395 0.1241 0.3901 1.0000 1.0000 1.0000 1.0000 0.0013 0.0040 0.0126 0.0397 0.1249 0.3923 1.0000 1.0000 1.0000 1.0000 0.0013 0.0040 0.0127 0.0400 0.1256 0.3946 1.0000 1.0000 1.0000 1.0000 0.0013 0.0041 0.0128 0.0402 0.1263 0.3953 1.0000 1.0000 1.0000 1.0000 1.0000 0.3953 0.1263 0.0402 0.0128 0.0041 0.0013 1.0000 1.0000 1.0000 1.0000 0.3946 0.1256 0.0400 0.0127 0.0040 0.0013 1.0000 1.0000 1.0000 1.0000 0.3923 0.1249 0.0397 0.0126 0.0040 0.0013 1.0000 1.0000 1.0000 1.0000 0.3901 0.1241 0.0395 0.0126 0.0040 0.0013 1.0000 1.0000 1.0000 1.0000 0.3813 0.1209 0.0381 0.0120 0.0038 0.0012 1.0000 1.0000
1.0000 0.0013 0.0037 0.0119 0.0377 0.1200 0.3806 1.0000 1.0000 1.0000 1.0000 0.0013 0.0040 0.0127 0.0400 0.1258 0.3953 1.0000 1.0000 1.0000 1.0000 0.0013 0.0041 0.0128 0.0403 0.1265 0.3976 1.0000 1.0000 1.0000 1.0000 0.0013 0.0041 0.0129 0.0405 0.1273 0.3998 1.0000 1.0000 1.0000 1.0000 0.0013 0.0041 0.0130 0.0407 0.1280 0.4021 1.0000 1.0000 1.0000 1.0000 1.0000 1.0000 1.0000 0.4021 0.1280 0.0407 0.0130 0.0041 0.0013 1.0000 1.0000 1.0000 1.0000 0.3998 0.1273 0.0405 0.0129 0.0041 0.0013 1.0000 1.0000 1.0000 1.0000 0.3976 0.1265 0.0403 0.0128 0.0041 0.0013 1.0000 1.0000 1.0000 1.0000 0.3953 0.1258 0.0400 0.0127 0.0040 0.0013 1.0000 1.0000 1.0000 1.0000 0.3806 0.1200 0.0377 0.0119 0.0037 0.0013 1.0000
0.0006 0.0040 0.0116 0.0372 0.1184 0.3770 1.0000 1.0000 1.0000 1.0000 0.0013 0.0041 0.0129 0.0405 0.1275 0.4006 1.0000 1.0000 1.0000 1.0000 0.0013 0.0041 0.0130 0.0408 0.1282 0.4029 1.0000 1.0000 1.0000 1.0000 0.0013 0.0042 0.0131 0.0410 0.1290 0.4052 1.0000 1.0000 1.0000 1.0000 0.0013 0.0042 0.0131 0.0413 0.1297 0.4075 1.0000 1.0000 1.0000 1.0000 0.0011 1.0000 1.0000 1.0000 1.0000 0.4075 0.1297 0.0413 0.0131 0.0042 0.0013 1.0000 1.0000 1.0000 1.0000 0.4052 0.1290 0.0410 0.0131 0.0042 0.0013 1.0000 1.0000 1.0000 1.0000 0.4029 0.1282 0.0408 0.0130 0.0041 0.0013 1.0000 1.0000 1.0000 1.0000 0.4006 0.1275 0.0405 0.0129 0.0041 0.0013 1.0000 1.0000 1.0000 1.0000 0.3770 0.1184 0.0372 0.0116 0.0040 0.0006
0.0020 0.0125 0.0363 0.1170 0.3720 1.0000 1.0000 1.0000 1.0000 0.0013 0.0041 0.0130 0.0409 0.1287 0.4052 1.0000 1.0000 1.0000 1.0000 0.0013 0.0042 0.0132 0.0414 0.1299 0.4083 1.0000 1.0000 1.0000 1.0000 0.0013 0.0042 0.0132 0.0416 0.1307 0.4106 1.0000 1.0000 1.0000 1.0000 0.0013 0.0042 0.0133 0.0418 0.1314 0.4130 1.0000 1.0000 1.0000 1.0000 0.0016 0.0035 0.0016 1.0000 1.0000 1.0000 1.0000 0.4130 0.1314 0.0418 0.0133 0.0042 0.0013 1.0000 1.0000 1.0000 1.0000 0.4106 0.1307 0.0416 0.0132 0.0042 0.0013 1.0000 1.0000 1.0000 1.0000 0.4083 0.1299 0.0414 0.0132 0.0042 0.0013 1.0000 1.0000 1.0000 1.0000 0.4052 0.1287 0.0409 0.0130 0.0041 0.0013 1.0000 1.0000 1.0000 1.0000 0.3720 0.1170 0.0363 0.0125 0.0020
0.0061 0.0394 0.1144 0.3685 1.0000 1.0000 1.0000 1.0000 0.0013 0.0041 0.0130 0.0410 0.1297 0.4091 1.0000 1.0000 1.0000 1.0000 0.0014 0.0042 0.0133 0.0419 0.1317 0.4138 1.0000 1.0000 1.0000 1.0000 0.0014 0.0043 0.0134 0.0422 0.1324 0.4161 1.0000 1.0000 1.0000 1.0000 0.0014 0.0043 0.0135 0.0424 0.1332 0.4185 1.0000 1.0000 1.0000 1.0000 0.0014 0.0050 0.0111 0.0050 0.0014 1.0000 1.0000 1.0000 1.0000 0.4185 0.1332 0.0424 0.0135 0.0043 0.0014 1.0000 1.0000 1.0000 1.0000 0.4161 0.1324 0.0422 0.0134 0.0043 0.0014 1.0000 1.0000 1.0000 1.0000 0.4138 0.1317 0.0419 0.0133 0.0042 0.0014 1.0000 1.0000 1.0000 1.0000 0.4091 0.1297 0.0410 0.0130 0.0041 0.0013 1.0000 1.0000 1.0000 1.0000 0.3685 0.1144 0.0394 0.0061
0.0193 0.1237 0.3588 1.0000 1.0000 1.0000 1.0000 0.0013 0.0040 0.0129 0.0409 0.1297 0.4106 1.0000 1.0000 1.0000 1.0000 0.0014 0.0043 0.0135 0.0425 0.1335 0.4193 1.0000 1.0000 1.0000 1.0000 0.0014 0.0043 0.0136 0.0427 0.1342 0.4217 1.0000 1.0000 1.0000 1.0000 0.0014 0.0044 0.0137 0.0430 0.1350 0.4241 1.0000 1.0000 1.0000 1.0000 0.0014 0.0044 0.0159 0.0355 0.0159 0.0044 0.0014 1.0000 1.0000 1.0000 1.0000 0.4241 0.1350 0.0430 0.0137 0.0044 0.0014 1.0000 1.0000 1.0000 1.0000 0.4217 0.1342 0.0427 0.0136 0.0043 0.0014 1.0000 1.0000 1.0000 1.0000 0.4193 0.1335 0.0425 0.0135 0.0043 0.0014 1.0000 1.0000 1.0000 1.0000 0.4106 0.1297 0.0409 0.0129 0.0040 0.0013 1.0000 1.0000 1.0000 1.0000 0.3588 0.1237 0.0193
0.0606 0.3886 1.0000 1.0000 1.0000 1.0000 0.0013 0.0040 0.0127 0.0405 0.1287 0.4091 1.0000 1.0000 1.0000 1.0000 0.0014 0.0044 0.0137 0.0430 0.1352 0.4249 1.0000 1.0000 1.0000 1.0000 0.0014 0.0044 0.0138 0.0433 0.1360 0.4274 1.0000 1.0000 1.0000 1.0000 0.0014 0.0044 0.0139 0.0435 0.1368 0.4298 1.0000 1.0000 1.0000 1.0000 0.0014 0.0044 0.0140 0.0506 0.1129 0.0506 0.0140 0.0044 0.0014 1.0000 1.0000 1.0000 1.0000 0.4298 0.1368 0.0435 0.0139 0.0044 0.0014 1.0000 1.0000 1.0000 1.0000 0.4274 0.1360 0.0433 0.0138 0.0044 0.0014 1.0000 1.0000 1.0000 1.0000 0.4249 0.1352 0.0430 0.0137 0.0044 0.0014 1.0000 1.0000 1.0000 1.0000 0.4091 0.1287 0.0405 0.0127 0.0040 0.0013 1.0000 1.0000 1.0000 1.0000 0.3886 0.0606
0.1904 1.0000 1.0000 1.0000 1.0000 0.0012 0.0039 0.0126 0.0400 0.1275 0.4052 1.0000 1.0000 1.0000 1.0000 0.0014 0.0044 0.0138 0.0435 0.1371 0.4306 1.0000 1.0000 1.0000 1.0000 0.0014 0.0044 0.0140 0.0439 0.1378 0.4331 1.0000 1.0000 1.0000 1.0000 0.0014 0.0045 0.0140 0.0441 0.1386 0.4356 1.0000 1.0000 1.0000 1.0000 0.0014 0.0045 0.0141 0.0445 0.1611 0.3595 0.1611 0.0445 0.0141 0.0045 0.0014 1.0000 1.0000 1.0000 1.0000 0.4356 0.1386 0.0441 0.0140 0.0045 0.0014 1.0000 1.0000 1.0000 1.0000 0.4331 0.1378 0.0439 0.0140 0.0044 0.0014 1.0000 1.0000 1.0000 1.0000 0.4306 0.1371 0.0435 0.0138 0.0044 0.0014 1.0000 1.0000 1.0000 1.0000 0.4052 0.1275 0.0400 0.0126 0.0039 0.0012 1.0000 1.0000 1.0000 1.0000 0.1904
0.5984 1.0000 1.0000 1.0000 0.0012 0.0039 0.0124 0.0395 0.1258 0.4006 1.0000 1.0000 1.0000 1.0000 0.0014 0.0044 0.0139 0.0440 0.1384 0.4356 1.0000 1.0000 1.0000 1.0000 0.0014 0.0045 0.0141 0.0445 0.1397 0.4389 1.0000 1.0000 1.0000 1.0000 0.0014 0.0045 0.0142 0.0447 0.1405 0.4414 1.0000 1.0000 1.0000 1.0000 0.0014 0.0046 0.0143 0.0448 0.1418 0.5130 1.0000 0.5130 0.1418 0.0448 0.0143 0.0046 0.0014 1.0000 1.0000 1.0000 1.0000 0.4414 0.1405 0.0447 0.0142 0.0045 0.0014 1.0000 1.0000 1.0000 1.0000 0.4389 0.1397 0.0445 0.0141 0.0045 0.0014 1.0000 1.0000 1.0000 1.0000 0.4356 0.1384 0.0440 0.0139 0.0044 0.0014 1.0000 1.0000 1.0000 1.0000 0.4006 0.1258 0.0395 0.0124 0.0039 0.0012 1.0000 1.0000 1.0000 0.5984
1.0000 1.0000 1.0000 0.0012 0.0038 0.0122 0.0390 0.1241 0.3953 1.0000 1.0000 1.0000 1.0000 0.0014 0.0044 0.0139 0.0441 0.1394 0.4397 1.0000 1.0000 1.0000 1.0000 0.0015 0.0046 0.0143 0.0451 0.1416 0.4448 1.0000 1.0000 1.0000 1.0000 0.0015 0.0046 0.0144 0.0453 0.1424 0.4473 1.0000 1.0000 1.0000 1.0000 0.0015 0.0046 0.0145 0.0456 0.1426 0.4516 1.0000 1.0000 1.0000 0.4516 0.1426 0.0456 0.0145 0.0046 0.0015 1.0000 1.0000 1.0000 1.0000 0.4473 0.1424 0.0453 0.0144 0.0046 0.0015 1.0000 1.0000 1.0000 1.0000 0.4448 0.1416 0.0451 0.0143 0.0046 0.0015 1.0000 1.0000 1.0000 1.0000 0.4397 0.1394 0.0441 0.0139 0.0044 0.0014 1.0000 1.0000 1.0000 1.0000 0.3953 0.1241 0.0390 0.0122 0.0038 0.0012 1.0000 1.0000 1.0000
1.0000 1.0000 0.0012 0.0038 0.0121 0.0385 0.1225 0.3901 1.0000 1.0000 1.0000 1.0000 0.0014 0.0044 0.0138 0.0440 0.1394 0.4414 1.0000 1.0000 1.0000 1.0000 0.0015 0.0046 0.0145 0.0457 0.1435 0.4507 1.0000 1.0000 1.0000 1.0000 0.0015 0.0047 0.0146 0.0459 0.1443 0.4533 1.0000 1.0000 1.0000 1.0000 0.0015 0.0047 0.0147 0.0462 0.1451 0.4542 1.0000 1.0000 1.0000 1.0000 1.0000 0.4542 0.1451 0.0462 0.0147 0.0047 0.0015 1.0000 1.0000 1.0000 1.0000 0.4533 0.1443 0.0459 0.0146 0.0047 0.0015 1.0000 1.0000 1.0000 1.0000 0.4507 0.1435 0.0457 0.0145 0.0046 0.0015 1.0000 1.0000 1.0000 1.0000 0.4414 0.1394 0.0440 0.0138 0.0044 0.0014 1.0000 1.0000 1.0000 1.0000 0.3901 0.1225 0.0385 0.0121 0.0038 0.0012 1.0000 1.0000
1.0000 0.0013 0.0037 0.0119 0.0380 0.1209 0.3849 1.0000 1.0000 1.0000 1.0000 0.0014 0.0043 0.0137 0.0435 0.1384 0.4397 1.0000 1.0000 1.0000 1.0000 0.0015 0.0047 0.0147 0.0463 0.1454 0.4568 1.0000 1.0000 1.0000 1.0000 0.0015 0.0047 0.0148 0.0465 0.1462 0.4594 1.0000 1.0000 1.0000 1.0000 0.0015 0.0047 0.0149 0.0468 0.1470 0.4620 1.0000 1.0000 1.0000 1.0000 1.0000 1.0000 1.0000 0.4620 0.1470 0.0468 0.0149 0.0047 0.0015 1.0000 1.0000 1.0000 1.0000 0.4594 0.1462 0.0465 0.0148 0.0047 0.0015 1.0000 1.0000 1.0000 1.0000 0.4568 0.1454 0.0463 0.0147 0.0047 0.0015 1.0000 1.0000 1.0000 1.0000 0.4397 0.1384 0.0435 0.0137 0.0043 0.0014 1.0000 1.0000 1.0000 1.0000 0.3849 0.1209 0.0380 0.0119 0.0037 0.0013 1.0000
0.0006 0.0040 0.0117 0.0375 0.1193 0.3798 1.0000 1.0000 1.0000 1.0000 0.0013 0.0042 0.0135 0.0430 0.1371 0.4356 1.0000 1.0000 1.0000 1.0000 0.0015 0.0047 0.0149 0.0468 0.1473 0.4629 1.0000 1.0000 1.0000 1.0000 0.0015 0.0048 0.0150 0.0472 0.1482 0.4656 1.0000 1.0000 1.0000 1.0000 0.0015 0.0048 0.0151 0.0474 0.1490 0.4682 1.0000 1.0000 1.0000 1.0000 0.0013 1.0000 1.0000 1.0000 1.0000 0.4682 0.1490 0.0474 0.0151 0.0048 0.0015 1.0000 1.0000 1.0000 1.0000 0.4656 0.1482 0.0472 0.0150 0.0048 0.0015 1.0000 1.0000 1.0000 1.0000 0.4629 0.1473 0.0468 0.0149 0.0047 0.0015 1.0000 1.0000 1.0000 1.0000 0.4356 0.1371 0.0430 0.0135 0.0042 0.0013 1.0000 1.0000 1.0000 1.0000 0.3798 0.1193 0.0375 0.0117 0.0040 0.0006
0.0020 0.0126 0.0365 0.1179 0.3748 1.0000 1.0000 1.0000 1.0000 0.0013 0.0042 0.0133 0.0425 0.1352 0.4306 1.0000 1.0000 1.0000 1.0000 0.0015 0.0047 0.0150 0.0472 0.1487 0.4682 1.0000 1.0000 1.0000 1.0000 0.0015 0.0048 0.0152 0.0478 0.1502 0.4718 1.0000 1.0000 1.0000 1.0000 0.0015 0.0049 0.0153 0.0481 0.1510 0.4745 1.0000 1.0000 1.0000 1.0000 0.0018 0.0040 0.0018 1.0000 1.0000 1.0000 1.0000 0.4745 0.1510 0.0481 0.0153 0.0049 0.0015 1.0000 1.0000 1.0000 1.0000 0.4718 0.1502 0.0478 0.0152 0.0048 0.0015 1.0000 1.0000 1.0000 1.0000 0.4682 0.1487 0.0472 0.0150 0.0047 0.0015 1.0000 1.0000 1.0000 1.0000 0.4306 0.1352 0.0425 0.0133 0.0042 0.0013 1.0000 1.0000 1.0000 1.0000 0.3748 0.1179 0.0365 0.0126 0.0020
0.0062 0.0396 0.1151 0.3706 1.0000 1.0000 1.0000 1.0000 0.0013 0.0041 0.0132 0.0419 0.1335 0.4249 1.0000 1.0000 1.0000 1.0000 0.0015 0.0047 0.0150 0.0474 0.1499 0.4727 1.0000 1.0000 1.0000 1.0000 0.0016 0.0049 0.0154 0.0484 0.1522 0.4781 1.0000 1.0000 1.0000 1.0000 0.0016 0.0049 0.0155 0.0487 0.1530 0.4809 1.0000 1.0000 1.0000 1.0000 0.0016 0.0057 0.0128 0.0057 0.0016 1.0000 1.0000 1.0000 1.0000 0.4809 0.1530 0.0487 0.0155 0.0049 0.0016 1.0000 1.0000 1.0000 1.0000 0.4781 0.1522 0.0484 0.0154 0.0049 0.0016 1.0000 1.0000 1.0000 1.0000 0.4727 0.1499 0.0474 0.0150 0.0047 0.0015 1.0000 1.0000 1.0000 1.0000 0.4249 0.1335 0.0419 0.0132 0.0041 0.0013 1.0000 1.0000 1.0000 1.0000 0.3706 0.1151 0.0396 0.0062
0.0194 0.1244 0.3608 1.0000 1.0000 1.0000 1.0000 0.0013 0.0041 0.0130 0.0414 0.1317 0.4193 1.0000 1.0000 1.0000 1.0000 0.0015 0.0047 0.0149 0.0472 0.1499 0.4745 1.0000 1.0000 1.0000 1.0000 0.0016 0.0050 0.0156 0.0491 0.1542 0.4845 1.0000 1.0000 1.0000 1.0000 0.0016 0.0050 0.0157 0.0494 0.1551 0.4873 1.0000 1.0000 1.0000 1.0000 0.0016 0.0050 0.0183 0.0407 0.0183 0.0050 0.0016 1.0000 1.0000 1.0000 1.0000 0.4873 0.1551 0.0494 0.0157 0.0050 0.0016 1.0000 1.0000 1.0000 1.0000 0.4845 0.1542 0.0491 0.0156 0.0050 0.0016 1.0000 1.0000 1.0000 1.0000 0.4745 0.1499 0.0472 0.0149 0.0047 0.0015 1.0000 1.0000 1.0000 1.0000 0.4193 0.1317 0.0414 0.0130 0.0041 0.0013 1.0000 1.0000 1.0000 1.0000 0.3608 0.1244 0.0194
0.0610 0.3908 1.0000 1.0000 1.0000 1.0000 0.0013 0.0040 0.0128 0.0408 0.1299 0.4138 1.0000 1.0000 1.0000 1.0000 0.0015 0.0046 0.0147 0.0468 0.1487 0.4727 1.0000 1.0000 1.0000 1.0000 0.0016 0.0050 0.0158 0.0497 0.1563 0.4910 1.0000 1.0000 1.0000 1.0000 0.0016 0.0051 0.0159 0.0500 0.1572 0.4938 1.0000 1.0000 1.0000 1.0000 0.0016 0.0051 0.0161 0.0581 0.1297 0.0581 0.0161 0.0051 0.0016 1.0000 1.0000 1.0000 1.0000 0.4938 0.1572 0.0500 0.0159 0.0051 0.0016 1.0000 1.0000 1.0000 1.0000 0.4910 0.1563 0.0497 0.0158 0.0050 0.0016 1.0000 1.0000 1.0000 1.0000 0.4727 0.1487 0.0468 0.0147 0.0046 0.0015 1.0000 1.0000 1.0000 1.0000 0.4138 0.1299 0.0408 0.0128 0.0040 0.0013 1.0000 1.0000 1.0000 1.0000 0.3908 0.0610
0.1915 1.0000 1.0000 1.0000 1.0000 0.0012 0.0040 0.0126 0.0403 0.1282 0.4083 1.0000 1.0000 1.0000 1.0000 0.0014 0.0046 0.0145 0.0463 0.1473 0.4682 1.0000 1.0000 1.0000 1.0000 0.0016 0.0051 0.0160 0.0503 0.1584 0.4976 1.0000 1.0000 1.0000 1.0000 0.0016 0.0051 0.0161 0.0507 0.1593 0.5004 1.0000 1.0000 1.0000 1.0000 0.0016 0.0052 0.0162 0.0512 0.1851 0.4130 0.1851 0.0512 0.0162 0.0052 0.0016 1.0000 1.0000 1.0000 1.0000 0.5004 0.1593 0.0507 0.0161 0.0051 0.0016 1.0000 1.0000 1.0000 1.0000 0.4976 0.1584 0.0503 0.0160 0.0051 0.0016 1.0000 1.0000 1.0000 1.0000 0.4682 0.1473 0.0463 0.0145 0.0046 0.0014 1.0000 1.0000 1.0000 1.0000 0.4083 0.1282 0.0403 0.0126 0.0040 0.0012 1.0000 1.0000 1.0000 1.0000 0.1915
0.6018 1.0000 1.0000 1.0000 0.0012 0.0039 0.0125 0.0397 0.1265 0.4029 1.0000 1.0000 1.0000 1.0000 0.0014 0.0045 0.0143 0.0457 0.1454 0.4629 1.0000 1.0000 1.0000 1.0000 0.0016 0.0051 0.0161 0.0507 0.1599 0.5033 1.0000 1.0000 1.0000 1.0000 0.0017 0.0052 0.0163 0.0514 0.1614 0.5072 1.0000 1.0000 1.0000 1.0000 0.0017 0.0052 0.0164 0.0515 0.1629 0.5894 1.0000 0.5894 0.1629 0.0515 0.0164 0.0052 0.0017 1.0000 1.0000 1.0000 1.0000 0.5072 0.1614 0.0514 0.0163 0.0052 0.0017 1.0000 1.0000 1.0000 1.0000 0.5033 0.1599 0.0507 0.0161 0.0051 0.0016 1.0000 1.0000 1.0000 1.0000 0.4629 0.1454 0.0457 0.0143 0.0045 0.0014 1.0000 1.0000 1.0000 1.0000 0.4029 0.1265 0.0397 0.0125 0.0039 0.0012 1.0000 1.0000 1.0000 0.6018
1.0000 1.0000 1.0000 0.0012 0.0039 0.0123 0.0392 0.1249 0.3976 1.0000 1.0000 1.0000 1.0000 0.0014 0.0044 0.0141 0.0451 0.1435 0.4568 1.0000 1.0000 1.0000 1.0000 0.0016 0.0051 0.0161 0.0509 0.1608 0.5072 1.0000 1.0000 1.0000 1.0000 0.0017 0.0053 0.0166 0.0521 0.1636 0.5139 1.0000 1.0000 1.0000 1.0000 0.0017 0.0053 0.0167 0.0524 0.1639 0.5189 1.0000 1.0000 1.0000 0.5189 0.1639 0.0524 0.0167 0.0053 0.0017 1.0000 1.0000 1.0000 1.0000 0.5139 0.1636 0.0521 0.0166 0.0053 0.0017 1.0000 1.0000 1.0000 1.0000 0.5072 0.1608 0.0509 0.0161 0.0051 0.0016 1.0000 1.0000 1.0000 1.0000 0.4568 0.1435 0.0451 0.0141 0.0044 0.0014 1.0000 1.0000 1.0000 1.0000 0.3976 0.1249 0.0392 0.0123 0.0039 0.0012 1.0000 1.0000 1.0000
1.0000 1.0000 0.0012 0.0038 0.0122 0.0387 0.1232 0.3923 1.0000 1.0000 1.0000 1.0000 0.0014 0.0044 0.0140 0.0445 0.1416 0.4507 1.0000 1.0000 1.0000 1.0000 0.0016 0.0050 0.0160 0.0507 0.1608 0.5091 1.0000 1.0000 1.0000 1.0000 0.0017 0.0053 0.0168 0.0528 0.1658 0.5208 1.0000 1.0000 1.0000 1.0000 0.0017 0.0054 0.0169 0.0531 0.1667 0.5218 1.0000 1.0000 1.0000 1.0000 1.0000 0.5218 0.1667 0.0531 0.0169 0.0054 0.0017 1.0000 1.0000 1.0000 1.0000 0.5208 0.1658 0.0528 0.0168 0.0053 0.0017 1.0000 1.0000 1.0000 1.0000 0.5091 0.1608 0.0507 0.0160 0.0050 0.0016 1.0000 1.0000 1.0000 1.0000 0.4507 0.1416 0.0445 0.0140 0.0044 0.0014 1.0000 1.0000 1.0000 1.0000 0.3923 0.1232 0.0387 0.0122 0.0038 0.0012 1.0000 1.0000
1.0000 0.0013 0.0037 0.0120 0.0382 0.1216 0.3871 1.0000 1.0000 1.0000 1.0000 0.0014 0.0043 0.0138 0.0439 0.1397 0.4448 1.0000 1.0000 1.0000 1.0000 0.0016 0.0050 0.0158 0.0503 0.1599 0.5072 1.0000 1.0000 1.0000 1.0000 0.0017 0.0054 0.0170 0.0535 0.1680 0.5278 1.0000 1.0000 1.0000 1.0000 0.0017 0.0054 0.0171 0.0538 0.1689 0.5308 1.0000 1.0000 1.0000 1.0000 1.0000 1.0000 1.0000 0.5308 0.1689 0.0538 0.0171 0.0054 0.0017 1.0000 1.0000 1.0000 1.0000 0.5278 0.1680 0.0535 0.0170 0.0054 0.0017 1.0000 1.0000 1.0000 1.0000 0.5072 0.1599 0.0503 0.0158 0.0050 0.0016 1.0000 1.0000 1.0000 1.0000 0.4448 0.1397 0.0439 0.0138 0.0043 0.0014 1.0000 1.0000 1.0000 1.0000 0.3871 0.1216 0.0382 0.0120 0.0037 0.0013 1.0000
0.0006 0.0040 0.0117 0.0377 0.1200 0.3820 1.0000 1.0000 1.0000 1.0000 0.0013 0.0043 0.0136 0.0433 0.1378 0.4389 1.0000 1.0000 1.0000 1.0000 0.0015 0.0049 0.0156 0.0497 0.1584 0.5033 1.0000 1.0000 1.0000 1.0000 0.0017 0.0054 0.0172 0.0541 0.1702 0.5349 1.0000 1.0000 1.0000 1.0000 0.0018 0.0055 0.0173 0.0545 0.1712 0.5380 1.0000 1.0000 1.0000 1.0000 0.0014 1.0000 1.0000 1.0000 1.0000 0.5380 0.1712 0.0545 0.0173 0.0055 0.0018 1.0000 1.0000 1.0000 1.0000 0.5349 0.1702 0.0541 0.0172 0.0054 0.0017 1.0000 1.0000 1.0000 1.0000 0.5033 0.1584 0.0497 0.0156 0.0049 0.0015 1.0000 1.0000 1.0000 1.0000 0.4389 0.1378 0.0433 0.0136 0.0043 0.0013 1.0000 1.0000 1.0000 1.0000 0.3820 0.1200 0.0377 0.0117 0.0040 0.0006
0.0020 0.0127 0.0368 0.1186 0.3770 1.0000 1.0000 1.0000 1.0000 0.0013 0.0042 0.0134 0.0427 0.1360 0.4331 1.0000 1.0000 1.0000 1.0000 0.0015 0.0048 0.0154 0.0491 0.1563 0.4976 1.0000 1.0000 1.0000 1.0000 0.0017 0.0055 0.0173 0.0545 0.1719 0.5410 1.0000 1.0000 1.0000 1.0000 0.0018 0.0056 0.0176 0.0552 0.1735 0.5452 1.0000 1.0000 1.0000 1.0000 0.0021 0.0046 0.0021 1.0000 1.0000 1.0000 1.0000 0.5452 0.1735 0.0552 0.0176 0.0056 0.0018 1.0000 1.0000 1.0000 1.0000 0.5410 0.1719 0.0545 0.0173 0.0055 0.0017 1.0000 1.0000 1.0000 1.0000 0.4976 0.1563 0.0491 0.0154 0.0048 0.0015 1.0000 1.0000 1.0000 1.0000 0.4331 0.1360 0.0427 0.0134 0.0042 0.0013 1.0000 1.0000 1.0000 1.0000 0.3770 0.1186 0.0368 0.0127 0.0020
0.0062 0.0398 0.1155 0.3727 1.0000 1.0000 1.0000 1.0000 0.0013 0.0042 0.0132 0.0422 0.1342 0.4274 1.0000 1.0000 1.0000 1.0000 0.0015 0.0048 0.0152 0.0484 0.1542 0.4910 1.0000 1.0000 1.0000 1.0000 0.0017 0.0054 0.0173 0.0547 0.1728 0.5452 1.0000 1.0000 1.0000 1.0000 0.0018 0.0057 0.0178 0.0560 0.1758 0.5525 1.0000 1.0000 1.0000 1.0000 0.0018 0.0066 0.0147 0.0066 0.0018 1.0000 1.0000 1.0000 1.0000 0.5525 0.1758 0.0560 0.0178 0.0057 0.0018 1.0000 1.0000 1.0000 1.0000 0.5452 0.1728 0.0547 0.0173 0.0054 0.0017 1.0000 1.0000 1.0000 1.0000 0.4910 0.1542 0.0484 0.0152 0.0048 0.0015 1.0000 1.0000 1.0000 1.0000 0.4274 0.1342 0.0422 0.0132 0.0042 0.0013 1.0000 1.0000 1.0000 1.0000 0.3727 0.1155 0.0398 0.0062
0.0195 0.1251 0.3636 1.0000 1.0000 1.0000 1.0000 0.0013 0.0041 0.0131 0.0416 0.1324 0.4217 1.0000 1.0000 1.0000 1.0000 0.0015 0.0047 0.0150 0.0478 0.1522 0.4845 1.0000 1.0000 1.0000 1.0000 0.0017 0.0054 0.0172 0.0545 0.1728 0.5472 1.0000 1.0000 1.0000 1.0000 0.0018 0.0057 0.0180 0.0567 0.1782 0.5599 1.0000 1.0000 1.0000 1.0000 0.0018 0.0058 0.0210 0.0468 0.0210 0.0058 0.0018 1.0000 1.0000 1.0000 1.0000 0.5599 0.1782 0.0567 0.0180 0.0057 0.0018 1.0000 1.0000 1.0000 1.0000 0.5472 0.1728 0.0545 0.0172 0.0054 0.0017 1.0000 1.0000 1.0000 1.0000 0.4845 0.1522 0.0478 0.0150 0.0047 0.0015 1.0000 1.0000 1.0000 1.0000 0.4217 0.1324 0.0416 0.0131 0.0041 0.0013 1.0000 1.0000 1.0000 1.0000 0.3636 0.1251 0.0195
0.0613 0.3931 1.0000 1.0000 1.0000 1.0000 0.0013 0.0040 0.0129 0.0410 0.1307 0.4161 1.0000 1.0000 1.0000 1.0000 0.0015 0.0047 0.0148 0.0472 0.1502 0.4781 1.0000 1.0000 1.0000 1.0000 0.0017 0.0053 0.0170 0.0541 0.1719 0.5452 1.0000 1.0000 1.0000 1.0000 0.0018 0.0058 0.0183 0.0575 0.1806 0.5674 1.0000 1.0000 1.0000 1.0000 0.0019 0.0058 0.0185 0.0668 0.1490 0.0668 0.0185 0.0058 0.0019 1.0000 1.0000 1.0000 1.0000 0.5674 0.1806 0.0575 0.0183 0.0058 0.0018 1.0000 1.0000 1.0000 1.0000 0.5452 0.1719 0.0541 0.0170 0.0053 0.0017 1.0000 1.0000 1.0000 1.0000 0.4781 0.1502 0.0472 0.0148 0.0047 0.0015 1.0000 1.0000 1.0000 1.0000 0.4161 0.1307 0.0410 0.0129 0.0040 0.0013 1.0000 1.0000 1.0000 1.0000 0.3931 0.0613
0.1926 1.0000 1.0000 1.0000 1.0000 0.0013 0.0040 0.0127 0.0405 0.1290 0.4106 1.0000 1.0000 1.0000 1.0000 0.0014 0.0046 0.0146 0.0465 0.1482 0.4718 1.0000 1.0000 1.0000 1.0000 0.0017 0.0053 0.0168 0.0535 0.1702 0.5410 1.0000 1.0000 1.0000 1.0000 0.0019 0.0059 0.0185 0.0581 0.1830 0.5750 1.0000 1.0000 1.0000 1.0000 0.0019 0.0059 0.0186 0.0588 0.2127 0.4745 0.2127 0.0588 0.0186 0.0059 0.0019 1.0000 1.0000 1.0000 1.0000 0.5750 0.1830 0.0581 0.0185 0.0059 0.0019 1.0000 1.0000 1.0000 1.0000 0.5410 0.1702 0.0535 0.0168 0.0053 0.0017 1.0000 1.0000 1.0000 1.0000 0.4718 0.1482 0.0465 0.0146 0.0046 0.0014 1.0000 1.0000 1.0000 1.0000 0.4106 0.1290 0.0405 0.0127 0.0040 0.0013 1.0000 1.0000 1.0000 1.0000 0.1926
0.6053 1.0000 1.0000 1.0000 0.0012 0.0039 0.0126 0.0400 0.1273 0.4052 1.0000 1.0000 1.0000 1.0000 0.0014 0.0045 0.0144 0.0459 0.1462 0.4656 1.0000 1.0000 1.0000 1.0000 0.0016 0.0052 0.0166 0.0528 0.1680 0.5349 1.0000 1.0000 1.0000 1.0000 0.0019 0.0059 0.0186 0.0586 0.1847 0.5816 1.0000 1.0000 1.0000 1.0000 0.0019 0.0060 0.0189 0.0591 0.1872 0.6771 1.0000 0.6771 0.1872 0.0591 0.0189 0.0060 0.0019 1.0000 1.0000 1.0000 1.0000 0.5816 0.1847 0.0586 0.0186 0.0059 0.0019 1.0000 1.0000 1.0000 1.0000 0.5349 0.1680 0.0528 0.0166 0.0052 0.0016 1.0000 1.0000 1.0000 1.0000 0.4656 0.1462 0.0459 0.0144 0.0045 0.0014 1.0000 1.0000 1.0000 1.0000 0.4052 0.1273 0.0400 0.0126 0.0039 0.0012 1.0000 1.0000 1.0000 0.6053
1.0000 1.0000 1.0000 0.0012 0.0039 0.0124 0.0394 0.1256 0.3998 1.0000 1.0000 1.0000 1.0000 0.0014 0.0045 0.0142 0.0453 0.1443 0.4594 1.0000 1.0000 1.0000 1.0000 0.0016 0.0051 0.0163 0.0521 0.1658 0.5278 1.0000 1.0000 1.0000 1.0000 0.0018 0.0059 0.0186 0.0588 0.1858 0.5860 1.0000 1.0000 1.0000 1.0000 0.0019 0.0061 0.0191 0.0602 0.1883 0.5961 1.0000 1.0000 1.0000 0.5961 0.1883 0.0602 0.0191 0.0061 0.0019 1.0000 1.0000 1.0000 1.0000 0.5860 0.1858 0.0588 0.0186 0.0059 0.0018 1.0000 1.0000 1.0000 1.0000 0.5278 0.1658 0.0521 0.0163 0.0051 0.0016 1.0000 1.0000 1.0000 1.0000 0.4594 0.1443 0.0453 0.0142 0.0045 0.0014 1.0000 1.0000 1.0000 1.0000 0.3998 0.1256 0.0394 0.0124 0.0039 0.0012 1.0000 1.0000 1.0000
1.0000 1.0000 0.0012 0.0038 0.0122 0.0389 0.1239 0.3946 1.0000 1.0000 1.0000 1.0000 0.0014 0.0044 0.0140 0.0447 0.1424 0.4533 1.0000 1.0000 1.0000 1.0000 0.0016 0.0051 0.0161 0.0514 0.1636 0.5208 1.0000 1.0000 1.0000 1.0000 0.0018 0.0058 0.0185 0.0586 0.1858 0.5882 1.0000 1.0000 1.0000 0.0006 0.0020 0.0062 0.0194 0.0610 0.1915 0.5995 1.0000 1.0000 1.0000 1.0000 1.0000 0.5995 0.1915 0.0610 0.0194 0.0062 0.0020 0.0006 1.0000 1.0000 1.0000 0.5882 0.1858 0.0586 0.0185 0.0058 0.0018 1.0000 1.0000 1.0000 1.0000 0.5208 0.1636 0.0514 0.0161 0.0051 0.0016 1.0000 1.0000 1.0000 1.0000 0.4533 0.1424 0.0447 0.0140 0.0044 0.0014 1.0000 1.0000 1.0000 1.0000 0.3946 0.1239 0.0389 0.0122 0.0038 0.0012 1.0000 1.0000
1.0000 0.0013 0.0037 0.0121 0.0384 0.1223 0.3893 1.0000 1.0000 1.0000 1.0000 0.0014 0.0044 0.0139 0.0441 0.1405 0.4473 1.0000 1.0000 1.0000 1.0000 0.0016 0.0050 0.0159 0.0507 0.1614 0.5139 1.0000 1.0000 1.0000 1.0000 0.0018 0.0057 0.0183 0.0581 0.1847 0.5860 1.0000 1.0000 1.0000 0.0006 0.0020 0.0062 0.0197 0.0618 0.1941 0.6099 1.0000 1.0000 1.0000 1.0000 1.0000 1.0000 1.0000 0.6099 0.1941 0.0618 0.0197 0.0062 0.0020 0.0006 1.0000 1.0000 1.0000 0.5860 0.1847 0.0581 0.0183 0.0057 0.0018 1.0000 1.0000 1.0000 1.0000 0.5139 0.1614 0.0507 0.0159 0.0050 0.0016 1.0000 1.0000 1.0000 1.0000 0.4473 0.1405 0.0441 0.0139 0.0044 0.0014 1.0000 1.0000 1.0000 1.0000 0.3893 0.1223 0.0384 0.0121 0.0037 0.0013 1.0000
0.0006 0.0041 0.0118 0.0380 0.1207 0.3842 1.0000 1.0000 1.0000 1.0000 0.0013 0.0043 0.0137 0.0435 0.1386 0.4414 1.0000 1.0000 1.0000 1.0000 0.0015 0.0049 0.0157 0.0500 0.1593 0.5072 1.0000 1.0000 1.0000 1.0000 0.0018 0.0057 0.0180 0.0575 0.1830 0.5816 1.0000 1.0000 1.0000 0.0006 0.0020 0.0063 0.0198 0.0625 0.1967 0.6181 1.0000 1.0000 1.0000 0.0007 0.0017 0.0007 1.0000 1.0000 1.0000 0.6181 0.1967 0.0625 0.0198 0.0063 0.0020 0.0006 1.0000 1.0000 1.0000 0.5816 0.1830 0.0575 0.0180 0.0057 0.0018 1.0000 1.0000 1.0000 1.0000 0.5072 0.1593 0.0500 0.0157 0.0049 0.0015 1.0000 1.0000 1.0000 1.0000 0.4414 0.1386 0.0435 0.0137 0.0043 0.0013 1.0000 1.0000 1.0000 1.0000 0.3842 0.1207 0.0380 0.0118 0.0041 0.0006
0.0020 0.0127 0.0370 0.1193 0.3791 1.0000 1.0000 1.0000 1.0000 0.0013 0.0042 0.0135 0.0430 0.1368 0.4356 1.0000 1.0000 1.0000 1.0000 0.0015 0.0049 0.0155 0.0494 0.1572 0.5004 1.0000 1.0000 1.0000 1.0000 0.0018 0.0056 0.0178 0.0567 0.1806 0.5750 1.0000 1.0000 1.0000 0.0006 0.0020 0.0063 0.0200 0.0630 0.1986 0.6252 1.0000 1.0000 1.0000 0.0007 0.0024 0.0053 0.0024 0.0007 1.0000 1.0000 1.0000 0.6252 0.1986 0.0630 0.0200 0.0063 0.0020 0.0006 1.0000 1.0000 1.0000 0.5750 0.1806 0.0567 0.0178 0.0056 0.0018 1.0000 1.0000 1.0000 1.0000 0.5004 0.1572 0.0494 0.0155 0.0049 0.0015 1.0000 1.0000 1.0000 1.0000 0.4356 0.1368 0.0430 0.0135 0.0042 0.0013 1.0000 1.0000 1.0000 1.0000 0.3791 0.1193 0.0370 0.0127 0.0020
0.0062 0.0400 0.1164 0.3748 1.0000 1.0000 1.0000 1.0000 0.0013 0.0042 0.0133 0.0424 0.1350 0.4298 1.0000 1.0000 1.0000 1.0000 0.0015 0.0048 0.0153 0.0487 0.1551 0.4938 1.0000 1.0000 1.0000 1.0000 0.0017 0.0055 0.0176 0.0560 0.1782 0.5674 1.0000 1.0000 1.0000 0.0006 0.0020 0.0063 0.0200 0.0632 0.1997 0.6299 1.0000 1.0000 1.0000 0.0007 0.0021 0.0076 0.0169 0.0076 0.0021 0.0007 1.0000 1.0000 1.0000 0.6299 0.1997 0.0632 0.0200 0.0063 0.0020 0.0006 1.0000 1.0000 1.0000 0.5674 0.1782 0.0560 0.0176 0.0055 0.0017 1.0000 1.0000 1.0000 1.0000 0.4938 0.1551 0.0487 0.0153 0.0048 0.0015 1.0000 1.0000 1.0000 1.0000 0.4298 0.1350 0.0424 0.0133 0.0042 0.0013 1.0000 1.0000 1.0000 1.0000 0.3748 0.1164 0.0400 0.0062
0.0196 0.1258 0.3650 1.0000 1.0000 1.0000 1.0000 0.0013 0.0041 0.0131 0.0418 0.1332 0.4241 1.0000 1.0000 1.0000 1.0000 0.0015 0.0047 0.0151 0.0481 0.1530 0.4873 1.0000 1.0000 1.0000 1.0000 0.0017 0.0054 0.0173 0.0552 0.1758 0.5599 1.0000 1.0000 1.0000 1.0000 0.0020 0.0062 0.0198 0.0630 0.1997 0.6323 1.0000 1.0000 1.0000 0.0007 0.0021 0.0066 0.0241 0.0538 0.0241 0.0066 0.0021 0.0007 1.0000 1.0000 1.0000 0.6323 0.1997 0.0630 0.0198 0.0062 0.0020 1.0000 1.0000 1.0000 1.0000 0.5599 0.1758 0.0552 0.0173 0.0054 0.0017 1.0000 1.0000 1.0000 1.0000 0.4873 0.1530 0.0481 0.0151 0.0047 0.0015 1.0000 1.0000 1.0000 1.0000 0.4241 0.1332 0.0418 0.0131 0.0041 0.0013 1.0000 1.0000 1.0000 1.0000 0.3650 0.1258 0.0196
0.0617 0.3953 1.0000 1.0000 1.0000 1.0000 0.0013 0.0041 0.0130 0.0413 0.1314 0.4185 1.0000 1.0000 1.0000 1.0000 0.0015 0.0047 0.0149 0.0474 0.1510 0.4809 1.0000 1.0000 1.0000 1.0000 0.0017 0.0054 0.0171 0.0545 0.1735 0.5525 1.0000 1.0000 1.0000 1.0000 0.0019 0.0062 0.0197 0.0625 0.1986 0.6299 1.0000 1.0000 1.0000 0.0007 0.0021 0.0067 0.0212 0.0767 0.1709 0.0767 0.0212 0.0067 0.0021 0.0007 1.0000 1.0000 1.0000 0.6299 0.1986 0.0625 0.0197 0.0062 0.0019 1.0000 1.0000 1.0000 1.0000 0.5525 0.1735 0.0545 0.0171 0.0054 0.0017 1.0000 1.0000 1.0000 1.0000 0.4809 0.1510 0.0474 0.0149 0.0047 0.0015 1.0000 1.0000 1.0000 1.0000 0.4185 0.1314 0.0413 0.0130 0.0041 0.0013 1.0000 1.0000 1.0000 1.0000 0.3953 0.0617
0.1937 1.0000 1.0000 1.0000 1.0000 0.0013 0.0040 0.0128 0.0407 0.1297 0.4130 1.0000 1.0000 1.0000 1.0000 0.0014 0.0046 0.0147 0.0468 0.1490 0.4745 1.0000 1.0000 1.0000 1.0000 0.0017 0.0053 0.0169 0.0538 0.1712 0.5452 1.0000 1.0000 1.0000 1.0000 0.0019 0.0061 0.0194 0.0618 0.1967 0.6252 1.0000 1.0000 1.0000 0.0007 0.0021 0.0068 0.0212 0.0673 0.2434 0.5441 0.2434 0.0673 0.0212 0.0068 0.0021 0.0007 1.0000 1.0000 1.0000 0.6252 0.1967 0.0618 0.0194 0.0061 0.0019 1.0000 1.0000 1.0000 1.0000 0.5452 0.1712 0.0538 0.0169 0.0053 0.0017 1.0000 1.0000 1.0000 1.0000 0.4745 0.1490 0.0468 0.0147 0.0046 0.0014 1.0000 1.0000 1.0000 1.0000 0.4130 0.1297 0.0407 0.0128 0.0040 0.0013 1.0000 1.0000 1.0000 1.0000 0.1937
0.6087 1.0000 1.0000 1.0000 0.0012 0.0040 0.0126 0.0402 0.1280 0.4075 1.0000 1.0000 1.0000 1.0000 0.0014 0.0046 0.0145 0.0462 0.1470 0.4682 1.0000 1.0000 1.0000 1.0000 0.0016 0.0052 0.0167 0.0531 0.1689 0.5380 1.0000 1.0000 1.0000 1.0000 0.0019 0.0060 0.0191 0.0610 0.1941 0.6181 1.0000 1.0000 1.0000 0.0007 0.0021 0.0068 0.0215 0.0674 0.2139 0.7736 1.0000 0.7736 0.2135 0.0676 0.0215 0.0068 0.0021 0.0007 1.0000 1.0000 1.0000 0.6181 0.1941 0.0610 0.0191 0.0060 0.0019 1.0000 1.0000 1.0000 1.0000 0.5380 0.1689 0.0531 0.0167 0.0052 0.0016 1.0000 1.0000 1.0000 1.0000 0.4682 0.1470 0.0462 0.0145 0.0046 0.0014 1.0000 1.0000 1.0000 1.0000 0.4075 0.1280 0.0402 0.0126 0.0040 0.0012 1.0000 1.0000 1.0000 0.6087
1.0000 1.0000 1.0000 0.0012 0.0039 0.0125 0.0397 0.1263 0.4021 1.0000 1.0000 1.0000 1.0000 0.0014 0.0045 0.0143 0.0456 0.1451 0.4620 1.0000 1.0000 1.0000 1.0000 0.0016 0.0052 0.0164 0.0524 0.1667 0.5308 1.0000 1.0000 1.0000 1.0000 0.0019 0.0059 0.0189 0.0602 0.1915 0.6099 1.0000 1.0000 1.0000 0.0007 0.0021 0.0068 0.0215 0.0679 0.2135 0.6771 1.0000 1.0000 1.0000 0.6771 0.2135 0.0681 0.0215 0.0068 0.0021 0.0007 1.0000 1.0000 1.0000 0.6099 0.1915 0.0602 0.0189 0.0059 0.0019 1.0000 1.0000 1.0000 1.0000 0.5308 0.1667 0.0524 0.0164 0.0052 0.0016 1.0000 1.0000 1.0000 1.0000 0.4620 0.1451 0.0456 0.0143 0.0045 0.0014 1.0000 1.0000 1.0000 1.0000 0.4021 0.1263 0.0397 0.0125 0.0039 0.0012 1.0000 1.0000 1.0000
1.0000 1.0000 0.0012 0.0039 0.0123 0.0391 0.1246 0.3968 1.0000 1.0000 1.0000 1.0000 0.0014 0.0044 0.0141 0.0450 0.1432 0.4559 1.0000 1.0000 1.0000 1.0000 0.0016 0.0051 0.0162 0.0517 0.1645 0.5238 1.0000 1.0000 1.0000 1.0000 0.0018 0.0059 0.0186 0.0594 0.1890 0.6018 1.0000 1.0000 1.0000 0.0007 0.0021 0.0067 0.0213 0.0678 0.2147 0.6759 1.0000 1.0000 1.0000 1.0000 1.0000 0.6720 0.2135 0.0674 0.0212 0.0067 0.0021 0.0007 1.0000 1.0000 1.0000 0.5995 0.1883 0.0591 0.0186 0.0058 0.0018 1.0000 1.0000 1.0000 1.0000 0.5218 0.1639 0.0515 0.0162 0.0051 0.0016 1.0000 1.0000 1.0000 1.0000 0.4542 0.1426 0.0448 0.0141 0.0044 0.0014 1.0000 1.0000 1.0000 1.0000 0.3953 0.1241 0.0390 0.0122 0.0039 0.0012 1.0000 1.0000
1.0000 0.0013 0.0038 0.0122 0.0386 0.1230 0.3916 1.0000 1.0000 1.0000 1.0000 0.0014 0.0044 0.0139 0.0444 0.1413 0.4499 1.0000 1.0000 1.0000 1.0000 0.0016 0.0050 0.0160 0.0510 0.1623 0.5169 1.0000 1.0000 1.0000 1.0000 0.0018 0.0058 0.0184 0.0586 0.1865 0.5939 1.0000 1.0000 1.0000 0.0007 0.0021 0.0066 0.0211 0.0672 0.2135 0.6771 1.0000 1.0000 1.0000 1.0000 1.0000 1.0000 1.0000 0.6784 0.2139 0.0673 0.0212 0.0066 0.0021 0.0007 1.0000 1.0000 1.0000 0.5961 0.1872 0.0588 0.0185 0.0058 0.0018 1.0000 1.0000 1.0000 1.0000 0.5189 0.1629 0.0512 0.0161 0.0050 0.0016 1.0000 1.0000 1.0000 1.0000 0.4516 0.1418 0.0445 0.0140 0.0044 0.0014 1.0000 1.0000 1.0000 1.0000 0.3931 0.1234 0.0388 0.0122 0.0038 0.0013 1.0000
0.0006 0.0041 0.0118 0.0382 0.1213 0.3864 1.0000 1.0000 1.0000 1.0000 0.0014 0.0043 0.0138 0.0438 0.1394 0.4439 1.0000 1.0000 1.0000 1.0000 0.0016 0.0050 0.0158 0.0503 0.1602 0.5101 1.0000 1.0000 1.0000 1.0000 0.0018 0.0057 0.0182 0.0578 0.1840 0.5860 1.0000 1.0000 1.0000 0.0006 0.0021 0.0065 0.0209 0.0664 0.2114 0.6733 1.0000 1.0000 1.0000 0.0008 0.0020 0.0010 1.0000 1.0000 1.0000 0.7750 0.2439 0.0767 0.0241 0.0076 0.0024 0.0007 1.0000 1.0000 1.0000 0.6771 0.2127 0.0668 0.0210 0.0066 0.0021 1.0000 1.0000 1.0000 1.0000 0.5894 0.1851 0.0581 0.0183 0.0057 0.0018 1.0000 1.0000 1.0000 1.0000 0.5130 0.1611 0.0506 0.0159 0.0050 0.0016 1.0000 1.0000 1.0000 1.0000 0.4465 0.1400 0.0441 0.0137 0.0047 0.0007
0.0020 0.0128 0.0372 0.1200 0.3813 1.0000 1.0000 1.0000 1.0000 0.0013 0.0043 0.0136 0.0432 0.1376 0.4381 1.0000 1.0000 1.0000 1.0000 0.0015 0.0049 0.0156 0.0496 0.1581 0.5033 1.0000 1.0000 1.0000 1.0000 0.0018 0.0056 0.0179 0.0570 0.1816 0.5783 1.0000 1.0000 1.0000 0.0006 0.0020 0.0065 0.0206 0.0655 0.2087 0.6644 1.0000 1.0000 1.0000 0.0007 0.0030 0.0056 0.0014 1.0000 1.0000 1.0000 1.0000 0.5431 0.1709 0.0538 0.0169 0.0053 0.0017 1.0000 1.0000 1.0000 1.0000 0.4745 0.1490 0.0468 0.0147 0.0046 0.0014 1.0000 1.0000 1.0000 1.0000 0.4130 0.1297 0.0407 0.0128 0.0040 0.0013 1.0000 1.0000 1.0000 1.0000 0.3595 0.1129 0.0355 0.0111 0.0035 0.0011 1.0000 1.0000 1.0000 0.9962 0.3129 0.0986 0.0307 0.0107 0.0018
0.0063 0.0403 0.1168 0.3770 1.0000 1.0000 1.0000 1.0000 0.0013 0.0042 0.0134 0.0426 0.1358 0.4323 1.0000 1.0000 1.0000 1.0000 0.0015 0.0048 0.0154 0.0490 0.1560 0.4967 1.0000 1.0000 1.0000 1.0000 0.0017 0.0056 0.0177 0.0563 0.1792 0.5706 1.0000 1.0000 1.0000 0.0006 0.0020 0.0064 0.0203 0.0647 0.2059 0.6556 1.0000 1.0000 1.0000 0.0007 0.0024 0.0091 0.0029 1.0000 1.0000 1.0000 1.0000 0.7721 0.2439 0.0766 0.0241 0.0076 0.0024 0.0007 1.0000 1.0000 1.0000 0.6771 0.2127 0.0668 0.0210 0.0066 0.0021 1.0000 1.0000 1.0000 1.0000 0.5894 0.1851 0.0581 0.0183 0.0057 0.0018 1.0000 1.0000 1.0000 1.0000 0.5130 0.1611 0.0506 0.0159 0.0050 0.0016 1.0000 1.0000 1.0000 1.0000 0.4465 0.1400 0.0441 0.0137 0.0047 0.0007
0.0197 0.1258 0.3657 1.0000 1.0000 1.0000 1.0000 0.0013 0.0041 0.0132 0.0419 0.1335 0.4249 1.0000 1.0000 1.0000 1.0000 0.0015 0.0047 0.0151 0.0482 0.1533 0.4882 1.0000 1.0000 1.0000 1.0000 0.0017 0.0055 0.0174 0.0553 0.1762 0.5609 1.0000 1.0000 1.0000 0.0006 0.0020 0.0063 0.0200 0.0636 0.2024 0.6445 1.0000 1.0000 1.0000 0.0007 0.0022 0.0074 0.0241 0.0316 1.0000 1.0000 1.0000 0.6720 0.2131 0.0673 0.0212 0.0066 0.0021 0.0007 1.0000 1.0000 1.0000 0.5961 0.1872 0.0588 0.0185 0.0058 0.0018 1.0000 1.0000 1.0000 1.0000 0.5189 0.1629 0.0512 0.0161 0.0050 0.0016 1.0000 1.0000 1.0000 1.0000 0.4516 0.1418 0.0445 0.0140 0.0044 0.0014 1.0000 1.0000 1.0000 1.0000 0.3931 0.1234 0.0388 0.0122 0.0038 0.0013 1.0000
0.0628 0.3991 1.0000 1.0000 1.0000 1.0000 0.0013 0.0041 0.0131 0.0417 0.1327 0.4225 1.0000 1.0000 1.0000 1.0000 0.0015 0.0047 0.0150 0.0479 0.1525 0.4854 1.0000 1.0000 1.0000 1.0000 0.0017 0.0054 0.0173 0.0550 0.1752 0.5577 1.0000 1.0000 1.0000 0.0006 0.0020 0.0062 0.0198 0.0632 0.2012 0.6408 1.0000 1.0000 1.0000 0.0007 0.0022 0.0071 0.0233 0.0719 0.1292 1.0000 1.0000 0.6823 0.2102 0.0673 0.0213 0.0067 0.0021 0.0007 1.0000 1.0000 1.0000 0.5995 0.1883 0.0591 0.0186 0.0058 0.0018 1.0000 1.0000 1.0000 1.0000 0.5218 0.1639 0.0515 0.0162 0.0051 0.0016 1.0000 1.0000 1.0000 1.0000 0.4542 0.1426 0.0448 0.0141 0.0044 0.0014 1.0000 1.0000 1.0000 1.0000 0.3953 0.1241 0.0390 0.0122 0.0039 0.0012 1.0000 1.0000
0.2273 1.0000 1.0000 1.0000 1.0000 0.0015 0.0047 0.0149 0.0473 0.1507 0.4799 1.0000 1.0000 1.0000 1.0000 0.0017 0.0054 0.0171 0.0544 0.1732 0.5514 1.0000 1.0000 1.0000 1.0000 0.0019 0.0062 0.0196 0.0625 0.1990 0.6335 1.0000 1.0000 1.0000 0.0007 0.0022 0.0071 0.0225 0.0718 0.2286 0.7279 1.0000 1.0000 1.0000 0.0008 0.0026 0.0082 0.0261 0.0834 0.2606 0.9041 1.0000 0.7869 0.2083 0.0677 0.0215 0.0068 0.0021 0.0007 1.0000 1.0000 1.0000 0.6099 0.1915 0.0602 0.0189 0.0059 0.0019 1.0000 1.0000 1.0000 1.0000 0.5308 0.1667 0.0524 0.0164 0.0052 0.0016 1.0000 1.0000 1.0000 1.0000 0.4620 0.1451 0.0456 0.0143 0.0045 0.0014 1.0000 1.0000 1.0000 1.0000 0.4021 0.1263 0.0397 0.0125 0.0039 0.0012 1.0000 1.0000 1.0000
0.5400 1.0000 1.0000 1.0000 0.0010 0.0033 0.0104 0.0331 0.1054 0.3357 1.0000 1.0000 1.0000 1.0000 0.0012 0.0038 0.0119 0.0380 0.1211 0.3857 1.0000 1.0000 1.0000 1.0000 0.0014 0.0043 0.0137 0.0437 0.1392 0.4431 1.0000 1.0000 1.0000 1.0000 0.0016 0.0050 0.0158 0.0502 0.1596 0.5081 1.0000 1.0000 1.0000 1.0000 0.0018 0.0056 0.0178 0.0563 0.1792 0.6041 1.0000 0.9285 0.2098 0.0667 0.0215 0.0068 0.0021 0.0007 1.0000 1.0000 1.0000 0.6181 0.1941 0.0610 0.0191 0.0060 0.0019 1.0000 1.0000 1.0000 1.0000 0.5380 0.1689 0.0531 0.0167 0.0052 0.0016 1.0000 1.0000 1.0000 1.0000 0.4682 0.1470 0.0462 0.0145 0.0046 0.0014 1.0000 1.0000 1.0000 1.0000 0.4075 0.1280 0.0402 0.0126 0.0040 0.0012 1.0000 1.0000 1.0000 0.6087
