0.3495 0.2469 0.2643 0.3016 0.3514 0.3982 0.4224 0.4288 0.4171 0.3780 0.2903 0.2468 0.2645 0.3018 0.3516 0.3984 0.4224 0.4288 0.4170 0.3777 0.2899 0.2468 0.2646 0.3020 0.3519 0.3986 0.4225 0.4288 0.4168 0.3774 0.2894 0.2468 0.2648 0.3023 0.3522 0.3988 0.4226 0.4288 0.4167 0.3771 0.2890 0.2468 0.2649 0.3025 0.3524 0.3989 0.4226 0.4289 0.4165 0.3711 0.3133 0.3711 0.4165 0.4289 0.4226 0.3989 0.3524 0.3025 0.2649 0.2468 0.2890 0.3771 0.4167 0.4288 0.4226 0.3988 0.3522 0.3023 0.2648 0.2468 0.2894 0.3774 0.4168 0.4288 0.4225 0.3986 0.3519 0.3020 0.2646 0.2468 0.2899 0.3777 0.4170 0.4288 0.4224 0.3984 0.3516 0.3018 0.2645 0.2468 0.2903 0.3780 0.4171 0.4288 0.4224 0.3982 0.3514 0.3016 0.2643 0.2469 0.3495
0.2469 0.2130 0.2683 0.3381 0.4026 0.4277 0.4247 0.4006 0.3474 0.2364 0.1815 0.2134 0.2688 0.3386 0.4029 0.4278 0.4246 0.4004 0.3469 0.2358 0.1814 0.2136 0.2690 0.3390 0.4031 0.4278 0.4245 0.4002 0.3466 0.2352 0.1814 0.2139 0.2694 0.3393 0.4033 0.4279 0.4245 0.4000 0.3462 0.2347 0.1815 0.2141 0.2697 0.3397 0.4036 0.4279 0.4244 0.4000 0.3453 0.2315 0.1772 0.2315 0.3453 0.4000 0.4244 0.4279 0.4036 0.3397 0.2697 0.2141 0.1815 0.2347 0.3462 0.4000 0.4245 0.4279 0.4033 0.3393 0.2694 0.2139 0.1814 0.2352 0.3466 0.4002 0.4245 0.4278 0.4031 0.3390 0.2690 0.2136 0.1814 0.2358 0.3469 0.4004 0.4246 0.4278 0.4029 0.3386 0.2688 0.2134 0.1815 0.2364 0.3474 0.4006 0.4247 0.4277 0.4026 0.3381 0.2683 0.2130 0.2469
0.2643 0.2683 0.3384 0.4022 0.4257 0.4228 0.4000 0.3465 0.2351 0.1814 0.2139 0.2695 0.3394 0.4026 0.4258 0.4227 0.3998 0.3460 0.2344 0.1814 0.2142 0.2698 0.3398 0.4028 0.4259 0.4226 0.3996 0.3456 0.2338 0.1814 0.2144 0.2701 0.3401 0.4030 0.4259 0.4226 0.3994 0.3452 0.2333 0.1814 0.2146 0.2705 0.3405 0.4033 0.4259 0.4225 0.3993 0.3450 0.2322 0.1819 0.1941 0.1819 0.2322 0.3450 0.3993 0.4225 0.4259 0.4033 0.3405 0.2705 0.2146 0.1814 0.2333 0.3452 0.3994 0.4226 0.4259 0.4030 0.3401 0.2701 0.2144 0.1814 0.2338 0.3456 0.3996 0.4226 0.4259 0.4028 0.3398 0.2698 0.2142 0.1814 0.2344 0.3460 0.3998 0.4227 0.4258 0.4026 0.3394 0.2695 0.2139 0.1814 0.2351 0.3465 0.4000 0.4228 0.4257 0.4022 0.3384 0.2683 0.2643
0.3016 0.3381 0.4022 0.4260 0.4228 0.3997 0.3457 0.2338 0.1815 0.2144 0.2702 0.3402 0.4032 0.4261 0.4227 0.3994 0.3451 0.2331 0.1814 0.2147 0.2705 0.3406 0.4034 0.4261 0.4226 0.3992 0.3447 0.2325 0.1814 0.2149 0.2709 0.3410 0.4037 0.4262 0.4225 0.3990 0.3443 0.2319 0.1815 0.2152 0.2712 0.3413 0.4039 0.4262 0.4225 0.3989 0.3439 0.2314 0.1827 0.2169 0.2428 0.2169 0.1827 0.2314 0.3439 0.3989 0.4225 0.4262 0.4039 0.3413 0.2712 0.2152 0.1815 0.2319 0.3443 0.3990 0.4225 0.4262 0.4037 0.3410 0.2709 0.2149 0.1814 0.2325 0.3447 0.3992 0.4226 0.4261 0.4034 0.3406 0.2705 0.2147 0.1814 0.2331 0.3451 0.3994 0.4227 0.4261 0.4032 0.3402 0.2702 0.2144 0.1815 0.2338 0.3457 0.3997 0.4228 0.4260 0.4022 0.3381 0.3016
0.3514 0.4026 0.4257 0.4228 0.3996 0.3452 0.2328 0.1815 0.2149 0.2709 0.3410 0.4037 0.4262 0.4225 0.3990 0.3442 0.2317 0.1815 0.2152 0.2713 0.3414 0.4039 0.4262 0.4224 0.3988 0.3438 0.2312 0.1815 0.2155 0.2716 0.3418 0.4041 0.4262 0.4224 0.3986 0.3434 0.2306 0.1815 0.2157 0.2719 0.3422 0.4044 0.4263 0.4223 0.3984 0.3430 0.2301 0.1815 0.2179 0.2747 0.3094 0.2747 0.2179 0.1815 0.2301 0.3430 0.3984 0.4223 0.4263 0.4044 0.3422 0.2719 0.2157 0.1815 0.2306 0.3434 0.3986 0.4224 0.4262 0.4041 0.3418 0.2716 0.2155 0.1815 0.2312 0.3438 0.3988 0.4224 0.4262 0.4039 0.3414 0.2713 0.2152 0.1815 0.2317 0.3442 0.3990 0.4225 0.4262 0.4037 0.3410 0.2709 0.2149 0.1815 0.2328 0.3452 0.3996 0.4228 0.4257 0.4026 0.3514
0.3982 0.4277 0.4228 0.3997 0.3452 0.2324 0.1814 0.2154 0.2715 0.3418 0.4042 0.4262 0.4223 0.3986 0.3432 0.2304 0.1815 0.2158 0.2720 0.3423 0.4044 0.4263 0.4223 0.3984 0.3428 0.2299 0.1815 0.2160 0.2724 0.3426 0.4046 0.4263 0.4222 0.3982 0.3424 0.2293 0.1815 0.2163 0.2727 0.3430 0.4049 0.4263 0.4221 0.3980 0.3420 0.2288 0.1815 0.2164 0.2754 0.3468 0.3829 0.3468 0.2754 0.2164 0.1815 0.2288 0.3420 0.3980 0.4221 0.4263 0.4049 0.3430 0.2727 0.2163 0.1815 0.2293 0.3424 0.3982 0.4222 0.4263 0.4046 0.3426 0.2724 0.2160 0.1815 0.2299 0.3428 0.3984 0.4223 0.4263 0.4044 0.3423 0.2720 0.2158 0.1815 0.2304 0.3432 0.3986 0.4223 0.4262 0.4042 0.3418 0.2715 0.2154 0.1814 0.2324 0.3452 0.3997 0.4228 0.4277 0.3982
0.4224 0.4247 0.4000 0.3457 0.2328 0.1814 0.2155 0.2719 0.3424 0.4046 0.4263 0.4222 0.3981 0.3423 0.2291 0.1815 0.2163 0.2728 0.3431 0.4049 0.4263 0.4221 0.3980 0.3419 0.2286 0.1816 0.2166 0.2731 0.3435 0.4051 0.4264 0.4220 0.3978 0.3415 0.2280 0.1816 0.2168 0.2734 0.3438 0.4054 0.4264 0.4220 0.3976 0.3411 0.2275 0.1816 0.2170 0.2737 0.3465 0.4085 0.4232 0.4085 0.3465 0.2737 0.2170 0.1816 0.2275 0.3411 0.3976 0.4220 0.4264 0.4054 0.3438 0.2734 0.2168 0.1816 0.2280 0.3415 0.3978 0.4220 0.4264 0.4051 0.3435 0.2731 0.2166 0.1816 0.2286 0.3419 0.3980 0.4221 0.4263 0.4049 0.3431 0.2728 0.2163 0.1815 0.2291 0.3423 0.3981 0.4222 0.4263 0.4046 0.3424 0.2719 0.2155 0.1814 0.2328 0.3457 0.4000 0.4247 0.4224
0.4288 0.4006 0.3465 0.2338 0.1815 0.2154 0.2719 0.3426 0.4048 0.4264 0.4221 0.3978 0.3414 0.2278 0.1816 0.2169 0.2735 0.3440 0.4054 0.4264 0.4220 0.3975 0.3409 0.2273 0.1816 0.2171 0.2739 0.3443 0.4056 0.4265 0.4219 0.3973 0.3405 0.2267 0.1817 0.2174 0.2742 0.3447 0.4058 0.4265 0.4218 0.3972 0.3401 0.2262 0.1817 0.2176 0.2744 0.3449 0.4068 0.4271 0.4232 0.4271 0.4068 0.3449 0.2744 0.2176 0.1817 0.2262 0.3401 0.3972 0.4218 0.4265 0.4058 0.3447 0.2742 0.2174 0.1817 0.2267 0.3405 0.3973 0.4219 0.4265 0.4056 0.3443 0.2739 0.2171 0.1816 0.2273 0.3409 0.3975 0.4220 0.4264 0.4054 0.3440 0.2735 0.2169 0.1816 0.2278 0.3414 0.3978 0.4221 0.4264 0.4048 0.3426 0.2719 0.2154 0.1815 0.2338 0.3465 0.4006 0.4288
0.4171 0.3474 0.2351 0.1815 0.2149 0.2715 0.3424 0.4048 0.4264 0.4220 0.3975 0.3407 0.2267 0.1817 0.2175 0.2743 0.3448 0.4059 0.4265 0.4218 0.3971 0.3400 0.2260 0.1817 0.2177 0.2746 0.3452 0.4061 0.4265 0.4217 0.3969 0.3395 0.2255 0.1817 0.2179 0.2749 0.3455 0.4063 0.4265 0.4216 0.3967 0.3391 0.2249 0.1818 0.2182 0.2753 0.3458 0.4064 0.4266 0.4196 0.4021 0.4196 0.4266 0.4064 0.3458 0.2753 0.2182 0.1818 0.2249 0.3391 0.3967 0.4216 0.4265 0.4063 0.3455 0.2749 0.2179 0.1817 0.2255 0.3395 0.3969 0.4217 0.4265 0.4061 0.3452 0.2746 0.2177 0.1817 0.2260 0.3400 0.3971 0.4218 0.4265 0.4059 0.3448 0.2743 0.2175 0.1817 0.2267 0.3407 0.3975 0.4220 0.4264 0.4048 0.3424 0.2715 0.2149 0.1815 0.2351 0.3474 0.4171
0.3780 0.2364 0.1814 0.2144 0.2709 0.3418 0.4046 0.4264 0.4220 0.3974 0.3402 0.2259 0.1817 0.2179 0.2750 0.3456 0.4064 0.4266 0.4216 0.3967 0.3390 0.2248 0.1818 0.2183 0.2754 0.3460 0.4066 0.4266 0.4215 0.3965 0.3386 0.2242 0.1818 0.2185 0.2757 0.3464 0.4068 0.4266 0.4215 0.3963 0.3381 0.2237 0.1819 0.2187 0.2760 0.3467 0.4070 0.4266 0.4214 0.3917 0.3533 0.3917 0.4214 0.4266 0.4070 0.3467 0.2760 0.2187 0.1819 0.2237 0.3381 0.3963 0.4215 0.4266 0.4068 0.3464 0.2757 0.2185 0.1818 0.2242 0.3386 0.3965 0.4215 0.4266 0.4066 0.3460 0.2754 0.2183 0.1818 0.2248 0.3390 0.3967 0.4216 0.4266 0.4064 0.3456 0.2750 0.2179 0.1817 0.2259 0.3402 0.3974 0.4220 0.4264 0.4046 0.3418 0.2709 0.2144 0.1814 0.2364 0.3780
0.2903 0.1815 0.2139 0.2702 0.3410 0.4042 0.4263 0.4221 0.3975 0.3402 0.2256 0.1818 0.2183 0.2756 0.3464 0.4068 0.4266 0.4214 0.3962 0.3380 0.2235 0.1819 0.2188 0.2761 0.3468 0.4070 0.4266 0.4214 0.3960 0.3376 0.2230 0.1819 0.2191 0.2765 0.3472 0.4072 0.4267 0.4213 0.3958 0.3371 0.2225 0.1820 0.2193 0.2768 0.3476 0.4074 0.4267 0.4213 0.3956 0.3306 0.2576 0.3306 0.3956 0.4213 0.4267 0.4074 0.3476 0.2768 0.2193 0.1820 0.2225 0.3371 0.3958 0.4213 0.4267 0.4072 0.3472 0.2765 0.2191 0.1819 0.2230 0.3376 0.3960 0.4214 0.4266 0.4070 0.3468 0.2761 0.2188 0.1819 0.2235 0.3380 0.3962 0.4214 0.4266 0.4068 0.3464 0.2756 0.2183 0.1818 0.2256 0.3402 0.3975 0.4221 0.4263 0.4042 0.3410 0.2702 0.2139 0.1815 0.2903
0.2468 0.2134 0.2695 0.3402 0.4037 0.4262 0.4222 0.3978 0.3407 0.2259 0.1818 0.2185 0.2760 0.3469 0.4072 0.4267 0.4213 0.3958 0.3370 0.2223 0.1820 0.2194 0.2769 0.3477 0.4075 0.4267 0.4212 0.3956 0.3366 0.2218 0.1821 0.2196 0.2772 0.3480 0.4077 0.4267 0.4211 0.3954 0.3361 0.2213 0.1821 0.2199 0.2776 0.3484 0.4079 0.4268 0.4210 0.3953 0.3353 0.2191 0.1753 0.2191 0.3353 0.3953 0.4210 0.4268 0.4079 0.3484 0.2776 0.2199 0.1821 0.2213 0.3361 0.3954 0.4211 0.4267 0.4077 0.3480 0.2772 0.2196 0.1821 0.2218 0.3366 0.3956 0.4212 0.4267 0.4075 0.3477 0.2769 0.2194 0.1820 0.2223 0.3370 0.3958 0.4213 0.4267 0.4072 0.3469 0.2760 0.2185 0.1818 0.2259 0.3407 0.3978 0.4222 0.4262 0.4037 0.3402 0.2695 0.2134 0.2468
0.2645 0.2688 0.3394 0.4032 0.4262 0.4223 0.3981 0.3414 0.2267 0.1817 0.2183 0.2760 0.3471 0.4074 0.4267 0.4211 0.3954 0.3361 0.2211 0.1821 0.2200 0.2777 0.3485 0.4080 0.4268 0.4210 0.3951 0.3356 0.2206 0.1822 0.2202 0.2780 0.3489 0.4082 0.4268 0.4209 0.3949 0.3351 0.2201 0.1823 0.2205 0.2783 0.3492 0.4083 0.4268 0.4209 0.3947 0.3348 0.2194 0.1829 0.1987 0.1829 0.2194 0.3348 0.3947 0.4209 0.4268 0.4083 0.3492 0.2783 0.2205 0.1823 0.2201 0.3351 0.3949 0.4209 0.4268 0.4082 0.3489 0.2780 0.2202 0.1822 0.2206 0.3356 0.3951 0.4210 0.4268 0.4080 0.3485 0.2777 0.2200 0.1821 0.2211 0.3361 0.3954 0.4211 0.4267 0.4074 0.3471 0.2760 0.2183 0.1817 0.2267 0.3414 0.3981 0.4223 0.4262 0.4032 0.3394 0.2688 0.2645
0.3018 0.3386 0.4026 0.4261 0.4225 0.3986 0.3423 0.2278 0.1817 0.2179 0.2756 0.3469 0.4074 0.4267 0.4211 0.3951 0.3353 0.2201 0.1823 0.2205 0.2784 0.3494 0.4084 0.4268 0.4208 0.3947 0.3345 0.2194 0.1823 0.2208 0.2788 0.3497 0.4086 0.4268 0.4208 0.3945 0.3341 0.2189 0.1824 0.2210 0.2791 0.3501 0.4088 0.4269 0.4207 0.3943 0.3336 0.2184 0.1838 0.2229 0.2498 0.2229 0.1838 0.2184 0.3336 0.3943 0.4207 0.4269 0.4088 0.3501 0.2791 0.2210 0.1824 0.2189 0.3341 0.3945 0.4208 0.4268 0.4086 0.3497 0.2788 0.2208 0.1823 0.2194 0.3345 0.3947 0.4208 0.4268 0.4084 0.3494 0.2784 0.2205 0.1823 0.2201 0.3353 0.3951 0.4211 0.4267 0.4074 0.3469 0.2756 0.2179 0.1817 0.2278 0.3423 0.3986 0.4225 0.4261 0.4026 0.3386 0.3018
0.3516 0.4029 0.4258 0.4227 0.3990 0.3432 0.2291 0.1816 0.2175 0.2750 0.3464 0.4072 0.4267 0.4211 0.3950 0.3348 0.2193 0.1824 0.2210 0.2792 0.3502 0.4088 0.4269 0.4207 0.3942 0.3335 0.2182 0.1825 0.2214 0.2795 0.3506 0.4090 0.4269 0.4206 0.3940 0.3330 0.2177 0.1826 0.2216 0.2799 0.3509 0.4092 0.4269 0.4205 0.3938 0.3326 0.2172 0.1826 0.2239 0.2828 0.3183 0.2828 0.2239 0.1826 0.2172 0.3326 0.3938 0.4205 0.4269 0.4092 0.3509 0.2799 0.2216 0.1826 0.2177 0.3330 0.3940 0.4206 0.4269 0.4090 0.3506 0.2795 0.2214 0.1825 0.2182 0.3335 0.3942 0.4207 0.4269 0.4088 0.3502 0.2792 0.2210 0.1824 0.2193 0.3348 0.3950 0.4211 0.4267 0.4072 0.3464 0.2750 0.2175 0.1816 0.2291 0.3432 0.3990 0.4227 0.4258 0.4029 0.3516
0.3984 0.4278 0.4227 0.3994 0.3442 0.2304 0.1815 0.2169 0.2743 0.3456 0.4068 0.4267 0.4211 0.3951 0.3348 0.2190 0.1825 0.2214 0.2798 0.3509 0.4092 0.4269 0.4205 0.3937 0.3324 0.2171 0.1827 0.2219 0.2803 0.3514 0.4095 0.4269 0.4204 0.3935 0.3320 0.2166 0.1827 0.2222 0.2806 0.3517 0.4096 0.4269 0.4203 0.3933 0.3315 0.2161 0.1828 0.2224 0.2835 0.3556 0.3905 0.3556 0.2835 0.2224 0.1828 0.2161 0.3315 0.3933 0.4203 0.4269 0.4096 0.3517 0.2806 0.2222 0.1827 0.2166 0.3320 0.3935 0.4204 0.4269 0.4095 0.3514 0.2803 0.2219 0.1827 0.2171 0.3324 0.3937 0.4205 0.4269 0.4092 0.3509 0.2798 0.2214 0.1825 0.2190 0.3348 0.3951 0.4211 0.4267 0.4068 0.3456 0.2743 0.2169 0.1815 0.2304 0.3442 0.3994 0.4227 0.4278 0.3984
0.4224 0.4246 0.3998 0.3451 0.2317 0.1815 0.2163 0.2735 0.3448 0.4064 0.4266 0.4213 0.3954 0.3353 0.2193 0.1825 0.2216 0.2801 0.3515 0.4096 0.4269 0.4203 0.3933 0.3314 0.2160 0.1828 0.2225 0.2811 0.3522 0.4099 0.4270 0.4202 0.3931 0.3309 0.2155 0.1829 0.2228 0.2814 0.3526 0.4101 0.4270 0.4201 0.3929 0.3305 0.2150 0.1830 0.2230 0.2817 0.3551 0.4130 0.4247 0.4130 0.3551 0.2817 0.2230 0.1830 0.2150 0.3305 0.3929 0.4201 0.4270 0.4101 0.3526 0.2814 0.2228 0.1829 0.2155 0.3309 0.3931 0.4202 0.4270 0.4099 0.3522 0.2811 0.2225 0.1828 0.2160 0.3314 0.3933 0.4203 0.4269 0.4096 0.3515 0.2801 0.2216 0.1825 0.2193 0.3353 0.3954 0.4213 0.4266 0.4064 0.3448 0.2735 0.2163 0.1815 0.2317 0.3451 0.3998 0.4246 0.4224
0.4288 0.4004 0.3460 0.2331 0.1815 0.2158 0.2728 0.3440 0.4059 0.4266 0.4214 0.3958 0.3361 0.2201 0.1824 0.2214 0.2801 0.3517 0.4098 0.4270 0.4201 0.3929 0.3304 0.2148 0.1830 0.2231 0.2819 0.3531 0.4103 0.4270 0.4200 0.3926 0.3298 0.2144 0.1831 0.2234 0.2822 0.3534 0.4105 0.4270 0.4199 0.3924 0.3294 0.2139 0.1832 0.2236 0.2825 0.3536 0.4112 0.4273 0.4217 0.4273 0.4112 0.3536 0.2825 0.2236 0.1832 0.2139 0.3294 0.3924 0.4199 0.4270 0.4105 0.3534 0.2822 0.2234 0.1831 0.2144 0.3298 0.3926 0.4200 0.4270 0.4103 0.3531 0.2819 0.2231 0.1830 0.2148 0.3304 0.3929 0.4201 0.4270 0.4098 0.3517 0.2801 0.2214 0.1824 0.2201 0.3361 0.3958 0.4214 0.4266 0.4059 0.3440 0.2728 0.2158 0.1815 0.2331 0.3460 0.4004 0.4288
0.4170 0.3469 0.2344 0.1814 0.2152 0.2720 0.3431 0.4054 0.4265 0.4216 0.3962 0.3370 0.2211 0.1823 0.2210 0.2798 0.3515 0.4098 0.4270 0.4200 0.3926 0.3295 0.2139 0.1832 0.2237 0.2826 0.3539 0.4107 0.4270 0.4198 0.3921 0.3288 0.2133 0.1833 0.2239 0.2830 0.3542 0.4109 0.4271 0.4197 0.3919 0.3283 0.2128 0.1834 0.2242 0.2833 0.3545 0.4110 0.4271 0.4174 0.3980 0.4174 0.4271 0.4110 0.3545 0.2833 0.2242 0.1834 0.2128 0.3283 0.3919 0.4197 0.4271 0.4109 0.3542 0.2830 0.2239 0.1833 0.2133 0.3288 0.3921 0.4198 0.4270 0.4107 0.3539 0.2826 0.2237 0.1832 0.2139 0.3295 0.3926 0.4200 0.4270 0.4098 0.3515 0.2798 0.2210 0.1823 0.2211 0.3370 0.3962 0.4216 0.4265 0.4054 0.3431 0.2720 0.2152 0.1814 0.2344 0.3469 0.4170
0.3777 0.2358 0.1814 0.2147 0.2713 0.3423 0.4049 0.4264 0.4218 0.3967 0.3380 0.2223 0.1821 0.2205 0.2792 0.3509 0.4096 0.4270 0.4200 0.3924 0.3290 0.2132 0.1834 0.2242 0.2834 0.3547 0.4111 0.4271 0.4196 0.3916 0.3276 0.2122 0.1835 0.2245 0.2838 0.3551 0.4113 0.4271 0.4195 0.3914 0.3272 0.2118 0.1836 0.2248 0.2841 0.3554 0.4114 0.4271 0.4194 0.3865 0.3448 0.3865 0.4194 0.4271 0.4114 0.3554 0.2841 0.2248 0.1836 0.2118 0.3272 0.3914 0.4195 0.4271 0.4113 0.3551 0.2838 0.2245 0.1835 0.2122 0.3276 0.3916 0.4196 0.4271 0.4111 0.3547 0.2834 0.2242 0.1834 0.2132 0.3290 0.3924 0.4200 0.4270 0.4096 0.3509 0.2792 0.2205 0.1821 0.2223 0.3380 0.3967 0.4218 0.4264 0.4049 0.3423 0.2713 0.2147 0.1814 0.2358 0.3777
0.2899 0.1814 0.2142 0.2705 0.3414 0.4044 0.4263 0.4220 0.3971 0.3390 0.2235 0.1820 0.2200 0.2784 0.3502 0.4092 0.4269 0.4201 0.3926 0.3290 0.2129 0.1835 0.2246 0.2840 0.3554 0.4115 0.4271 0.4194 0.3911 0.3265 0.2112 0.1838 0.2251 0.2845 0.3559 0.4117 0.4271 0.4193 0.3909 0.3260 0.2107 0.1839 0.2254 0.2849 0.3563 0.4118 0.4271 0.4193 0.3907 0.3198 0.2433 0.3198 0.3907 0.4193 0.4271 0.4118 0.3563 0.2849 0.2254 0.1839 0.2107 0.3260 0.3909 0.4193 0.4271 0.4117 0.3559 0.2845 0.2251 0.1838 0.2112 0.3265 0.3911 0.4194 0.4271 0.4115 0.3554 0.2840 0.2246 0.1835 0.2129 0.3290 0.3926 0.4201 0.4269 0.4092 0.3502 0.2784 0.2200 0.1820 0.2235 0.3390 0.3971 0.4220 0.4263 0.4044 0.3414 0.2705 0.2142 0.1814 0.2899
0.2468 0.2136 0.2698 0.3406 0.4039 0.4263 0.4221 0.3975 0.3400 0.2248 0.1819 0.2194 0.2777 0.3494 0.4088 0.4269 0.4203 0.3929 0.3295 0.2132 0.1835 0.2247 0.2844 0.3560 0.4118 0.4271 0.4192 0.3907 0.3254 0.2102 0.1840 0.2257 0.2853 0.3567 0.4121 0.4271 0.4191 0.3904 0.3249 0.2097 0.1841 0.2260 0.2857 0.3571 0.4122 0.4272 0.4190 0.3904 0.3239 0.2080 0.1742 0.2080 0.3239 0.3904 0.4190 0.4272 0.4122 0.3571 0.2857 0.2260 0.1841 0.2097 0.3249 0.3904 0.4191 0.4271 0.4121 0.3567 0.2853 0.2257 0.1840 0.2102 0.3254 0.3907 0.4192 0.4271 0.4118 0.3560 0.2844 0.2247 0.1835 0.2132 0.3295 0.3929 0.4203 0.4269 0.4088 0.3494 0.2777 0.2194 0.1819 0.2248 0.3400 0.3975 0.4221 0.4263 0.4039 0.3406 0.2698 0.2136 0.2468
0.2646 0.2690 0.3398 0.4034 0.4262 0.4223 0.3980 0.3409 0.2260 0.1818 0.2188 0.2769 0.3485 0.4084 0.4269 0.4205 0.3933 0.3304 0.2139 0.1834 0.2246 0.2844 0.3562 0.4120 0.4271 0.4191 0.3902 0.3243 0.2092 0.1843 0.2263 0.2861 0.3575 0.4124 0.4272 0.4189 0.3899 0.3238 0.2087 0.1844 0.2266 0.2864 0.3579 0.4126 0.4272 0.4188 0.3897 0.3233 0.2084 0.1853 0.2039 0.1853 0.2084 0.3233 0.3897 0.4188 0.4272 0.4126 0.3579 0.2864 0.2266 0.1844 0.2087 0.3238 0.3899 0.4189 0.4272 0.4124 0.3575 0.2861 0.2263 0.1843 0.2092 0.3243 0.3902 0.4191 0.4272 0.4120 0.3562 0.2844 0.2246 0.1834 0.2139 0.3304 0.3933 0.4205 0.4269 0.4084 0.3485 0.2769 0.2188 0.1818 0.2260 0.3409 0.3980 0.4223 0.4262 0.4034 0.3398 0.2690 0.2646
0.3020 0.3390 0.4028 0.4261 0.4224 0.3984 0.3419 0.2273 0.1817 0.2183 0.2761 0.3477 0.4080 0.4268 0.4207 0.3937 0.3314 0.2148 0.1832 0.2242 0.2840 0.3560 0.4120 0.4272 0.4190 0.3899 0.3234 0.2083 0.1845 0.2269 0.2869 0.3584 0.4128 0.4272 0.4187 0.3894 0.3226 0.2078 0.1847 0.2272 0.2872 0.3587 0.4130 0.4272 0.4186 0.3892 0.3221 0.2073 0.1863 0.2291 0.2572 0.2291 0.1863 0.2073 0.3221 0.3892 0.4186 0.4272 0.4130 0.3587 0.2872 0.2272 0.1847 0.2078 0.3226 0.3894 0.4187 0.4272 0.4128 0.3584 0.2869 0.2269 0.1845 0.2083 0.3235 0.3899 0.4190 0.4272 0.4120 0.3560 0.2840 0.2242 0.1832 0.2148 0.3314 0.3937 0.4207 0.4268 0.4080 0.3477 0.2761 0.2183 0.1817 0.2273 0.3419 0.3984 0.4224 0.4261 0.4028 0.3390 0.3020
0.3519 0.4031 0.4259 0.4226 0.3988 0.3428 0.2286 0.1816 0.2177 0.2754 0.3468 0.4075 0.4268 0.4208 0.3942 0.3324 0.2160 0.1830 0.2237 0.2834 0.3554 0.4118 0.4271 0.4190 0.3897 0.3228 0.2077 0.1847 0.2274 0.2876 0.3592 0.4132 0.4272 0.4185 0.3889 0.3214 0.2068 0.1850 0.2278 0.2880 0.3595 0.4133 0.4272 0.4184 0.3887 0.3209 0.2064 0.1851 0.2301 0.2910 0.3273 0.2910 0.2301 0.1851 0.2064 0.3209 0.3887 0.4184 0.4272 0.4133 0.3595 0.2880 0.2278 0.1850 0.2068 0.3214 0.3889 0.4185 0.4272 0.4132 0.3592 0.2876 0.2274 0.1847 0.2078 0.3230 0.3898 0.4190 0.4272 0.4118 0.3554 0.2834 0.2237 0.1830 0.2160 0.3324 0.3942 0.4208 0.4268 0.4075 0.3468 0.2754 0.2177 0.1816 0.2286 0.3428 0.3988 0.4226 0.4259 0.4031 0.3519
0.3986 0.4278 0.4226 0.3992 0.3438 0.2299 0.1816 0.2171 0.2746 0.3460 0.4070 0.4267 0.4210 0.3947 0.3335 0.2171 0.1828 0.2231 0.2826 0.3547 0.4115 0.4271 0.4191 0.3899 0.3228 0.2075 0.1849 0.2278 0.2882 0.3599 0.4135 0.4272 0.4183 0.3884 0.3202 0.2059 0.1853 0.2284 0.2888 0.3604 0.4137 0.4272 0.4182 0.3882 0.3197 0.2055 0.1854 0.2286 0.2917 0.3643 0.3974 0.3643 0.2917 0.2286 0.1854 0.2055 0.3197 0.3882 0.4182 0.4272 0.4137 0.3604 0.2888 0.2284 0.1853 0.2059 0.3202 0.3884 0.4183 0.4272 0.4135 0.3599 0.2882 0.2278 0.1849 0.2075 0.3230 0.3899 0.4191 0.4271 0.4115 0.3547 0.2826 0.2231 0.1828 0.2171 0.3335 0.3947 0.4210 0.4267 0.4070 0.3460 0.2746 0.2171 0.1816 0.2299 0.3438 0.3992 0.4226 0.4278 0.3986
0.4225 0.4245 0.3996 0.3447 0.2312 0.1815 0.2166 0.2739 0.3452 0.4066 0.4266 0.4212 0.3951 0.3345 0.2182 0.1827 0.2225 0.2819 0.3539 0.4111 0.4271 0.4192 0.3902 0.3234 0.2078 0.1849 0.2279 0.2885 0.3604 0.4138 0.4272 0.4181 0.3879 0.3190 0.2050 0.1856 0.2290 0.2896 0.3612 0.4140 0.4272 0.4180 0.3877 0.3185 0.2046 0.1857 0.2292 0.2898 0.3636 0.4166 0.4258 0.4166 0.3636 0.2898 0.2292 0.1857 0.2046 0.3185 0.3877 0.4180 0.4272 0.4140 0.3612 0.2896 0.2290 0.1856 0.2050 0.3190 0.3879 0.4181 0.4272 0.4138 0.3604 0.2885 0.2279 0.1849 0.2078 0.3235 0.3902 0.4192 0.4271 0.4111 0.3539 0.2819 0.2225 0.1827 0.2182 0.3345 0.3951 0.4212 0.4266 0.4066 0.3452 0.2739 0.2166 0.1815 0.2312 0.3447 0.3996 0.4245 0.4225
0.4288 0.4002 0.3456 0.2325 0.1815 0.2160 0.2731 0.3443 0.4061 0.4266 0.4214 0.3956 0.3356 0.2194 0.1825 0.2219 0.2811 0.3531 0.4107 0.4271 0.4194 0.3907 0.3243 0.2083 0.1847 0.2278 0.2885 0.3605 0.4139 0.4272 0.4179 0.3874 0.3178 0.2041 0.1859 0.2296 0.2904 0.3620 0.4144 0.4272 0.4178 0.3871 0.3172 0.2037 0.1861 0.2298 0.2907 0.3622 0.4149 0.4271 0.4199 0.4271 0.4149 0.3622 0.2907 0.2298 0.1861 0.2037 0.3172 0.3871 0.4178 0.4272 0.4144 0.3620 0.2904 0.2296 0.1859 0.2041 0.3178 0.3874 0.4179 0.4272 0.4139 0.3605 0.2885 0.2278 0.1847 0.2083 0.3243 0.3907 0.4194 0.4271 0.4107 0.3531 0.2811 0.2219 0.1825 0.2194 0.3356 0.3956 0.4214 0.4266 0.4061 0.3443 0.2731 0.2160 0.1815 0.2325 0.3456 0.4002 0.4288
0.4168 0.3466 0.2338 0.1814 0.2155 0.2724 0.3435 0.4056 0.4265 0.4215 0.3960 0.3366 0.2206 0.1823 0.2214 0.2803 0.3522 0.4103 0.4270 0.4196 0.3911 0.3254 0.2092 0.1845 0.2274 0.2882 0.3604 0.4139 0.4272 0.4178 0.3871 0.3169 0.2033 0.1862 0.2302 0.2912 0.3628 0.4147 0.4273 0.4175 0.3866 0.3160 0.2028 0.1864 0.2305 0.2915 0.3631 0.4148 0.4273 0.4149 0.3935 0.4149 0.4273 0.4148 0.3631 0.2915 0.2305 0.1864 0.2028 0.3160 0.3866 0.4175 0.4273 0.4147 0.3628 0.2912 0.2302 0.1862 0.2033 0.3169 0.3871 0.4178 0.4272 0.4139 0.3604 0.2882 0.2274 0.1845 0.2092 0.3254 0.3911 0.4196 0.4270 0.4103 0.3522 0.2803 0.2214 0.1823 0.2206 0.3366 0.3960 0.4215 0.4265 0.4056 0.3435 0.2724 0.2155 0.1814 0.2338 0.3466 0.4168
0.3774 0.2352 0.1814 0.2149 0.2716 0.3426 0.4051 0.4265 0.4217 0.3965 0.3376 0.2218 0.1822 0.2208 0.2795 0.3514 0.4099 0.4270 0.4198 0.3916 0.3265 0.2102 0.1843 0.2269 0.2876 0.3599 0.4138 0.4272 0.4178 0.3870 0.3164 0.2028 0.1865 0.2307 0.2919 0.3636 0.4151 0.4273 0.4173 0.3861 0.3147 0.2020 0.1868 0.2311 0.2923 0.3639 0.4152 0.4273 0.4172 0.3808 0.3357 0.3808 0.4172 0.4273 0.4152 0.3639 0.2923 0.2311 0.1868 0.2020 0.3147 0.3861 0.4173 0.4273 0.4151 0.3636 0.2919 0.2307 0.1865 0.2028 0.3164 0.3870 0.4178 0.4272 0.4138 0.3599 0.2876 0.2269 0.1843 0.2102 0.3265 0.3916 0.4198 0.4270 0.4099 0.3514 0.2795 0.2208 0.1822 0.2218 0.3376 0.3965 0.4217 0.4265 0.4051 0.3426 0.2716 0.2149 0.1814 0.2352 0.3774
0.2894 0.1814 0.2144 0.2709 0.3418 0.4046 0.4264 0.4219 0.3969 0.3386 0.2230 0.1821 0.2202 0.2788 0.3506 0.4095 0.4270 0.4200 0.3921 0.3276 0.2112 0.1840 0.2263 0.2869 0.3592 0.4135 0.4272 0.4179 0.3871 0.3164 0.2027 0.1866 0.2311 0.2925 0.3643 0.4154 0.4272 0.4171 0.3855 0.3134 0.2012 0.1872 0.2317 0.2931 0.3648 0.4155 0.4272 0.4171 0.3852 0.3078 0.2292 0.3078 0.3852 0.4171 0.4272 0.4155 0.3648 0.2931 0.2317 0.1872 0.2012 0.3134 0.3855 0.4171 0.4272 0.4154 0.3643 0.2925 0.2311 0.1866 0.2027 0.3164 0.3871 0.4179 0.4272 0.4135 0.3592 0.2869 0.2263 0.1840 0.2112 0.3276 0.3921 0.4200 0.4270 0.4095 0.3506 0.2788 0.2202 0.1821 0.2230 0.3386 0.3969 0.4219 0.4264 0.4046 0.3418 0.2709 0.2144 0.1814 0.2894
0.2468 0.2139 0.2701 0.3410 0.4041 0.4263 0.4220 0.3973 0.3395 0.2242 0.1819 0.2196 0.2780 0.3497 0.4090 0.4269 0.4202 0.3926 0.3288 0.2122 0.1838 0.2257 0.2861 0.3584 0.4132 0.4272 0.4181 0.3874 0.3169 0.2028 0.1866 0.2312 0.2929 0.3647 0.4156 0.4272 0.4169 0.3850 0.3121 0.2004 0.1875 0.2323 0.2939 0.3656 0.4158 0.4272 0.4168 0.3849 0.3108 0.1991 0.1749 0.1991 0.3108 0.3849 0.4168 0.4272 0.4158 0.3656 0.2939 0.2323 0.1875 0.2004 0.3121 0.3850 0.4169 0.4272 0.4156 0.3647 0.2929 0.2312 0.1866 0.2028 0.3169 0.3874 0.4181 0.4272 0.4132 0.3584 0.2861 0.2257 0.1838 0.2122 0.3288 0.3926 0.4202 0.4269 0.4090 0.3497 0.2780 0.2196 0.1819 0.2242 0.3395 0.3973 0.4220 0.4263 0.4041 0.3410 0.2701 0.2139 0.2468
0.2648 0.2694 0.3401 0.4037 0.4262 0.4222 0.3978 0.3405 0.2255 0.1818 0.2191 0.2772 0.3489 0.4086 0.4269 0.4204 0.3931 0.3298 0.2133 0.1835 0.2251 0.2853 0.3575 0.4128 0.4272 0.4183 0.3879 0.3178 0.2033 0.1865 0.2311 0.2929 0.3649 0.4157 0.4272 0.4167 0.3845 0.3108 0.1996 0.1880 0.2329 0.2948 0.3664 0.4161 0.4272 0.4165 0.3842 0.3102 0.1996 0.1892 0.2093 0.1892 0.1996 0.3102 0.3842 0.4165 0.4272 0.4161 0.3664 0.2948 0.2329 0.1880 0.1996 0.3108 0.3845 0.4167 0.4272 0.4157 0.3649 0.2929 0.2311 0.1865 0.2033 0.3178 0.3879 0.4183 0.4272 0.4128 0.3575 0.2853 0.2251 0.1835 0.2133 0.3298 0.3931 0.4204 0.4269 0.4086 0.3489 0.2772 0.2191 0.1818 0.2255 0.3405 0.3978 0.4222 0.4262 0.4037 0.3401 0.2694 0.2648
0.3023 0.3393 0.4030 0.4262 0.4224 0.3982 0.3415 0.2267 0.1817 0.2185 0.2765 0.3480 0.4082 0.4268 0.4206 0.3935 0.3309 0.2144 0.1833 0.2245 0.2845 0.3567 0.4124 0.4272 0.4185 0.3884 0.3190 0.2041 0.1862 0.2307 0.2925 0.3647 0.4157 0.4272 0.4166 0.3842 0.3099 0.1989 0.1883 0.2335 0.2956 0.3671 0.4164 0.4272 0.4163 0.3836 0.3088 0.1985 0.1901 0.2356 0.2648 0.2356 0.1901 0.1985 0.3088 0.3836 0.4163 0.4272 0.4164 0.3671 0.2956 0.2335 0.1883 0.1989 0.3099 0.3842 0.4166 0.4272 0.4157 0.3647 0.2925 0.2307 0.1862 0.2041 0.3190 0.3884 0.4185 0.4272 0.4124 0.3567 0.2845 0.2245 0.1833 0.2144 0.3309 0.3935 0.4206 0.4268 0.4082 0.3480 0.2765 0.2185 0.1817 0.2267 0.3415 0.3982 0.4224 0.4262 0.4030 0.3393 0.3023
0.3522 0.4033 0.4259 0.4225 0.3986 0.3424 0.2280 0.1817 0.2179 0.2757 0.3472 0.4077 0.4268 0.4208 0.3940 0.3320 0.2155 0.1831 0.2239 0.2838 0.3559 0.4121 0.4272 0.4187 0.3889 0.3202 0.2050 0.1859 0.2302 0.2919 0.3643 0.4156 0.4272 0.4166 0.3841 0.3093 0.1985 0.1886 0.2341 0.2963 0.3679 0.4167 0.4272 0.4161 0.3831 0.3075 0.1978 0.1889 0.2366 0.2995 0.3364 0.2995 0.2366 0.1889 0.1978 0.3075 0.3831 0.4161 0.4272 0.4167 0.3679 0.2963 0.2341 0.1886 0.1985 0.3093 0.3841 0.4166 0.4272 0.4156 0.3643 0.2919 0.2302 0.1859 0.2050 0.3202 0.3889 0.4187 0.4272 0.4121 0.3559 0.2838 0.2239 0.1831 0.2155 0.3320 0.3940 0.4208 0.4268 0.4077 0.3472 0.2757 0.2179 0.1817 0.2280 0.3424 0.3986 0.4225 0.4259 0.4033 0.3522
0.3988 0.4279 0.4226 0.3990 0.3434 0.2293 0.1816 0.2174 0.2749 0.3464 0.4072 0.4267 0.4209 0.3945 0.3330 0.2166 0.1829 0.2234 0.2830 0.3551 0.4117 0.4271 0.4189 0.3894 0.3214 0.2059 0.1856 0.2296 0.2912 0.3636 0.4154 0.4272 0.4167 0.3842 0.3093 0.1984 0.1888 0.2344 0.2969 0.3686 0.4170 0.4272 0.4158 0.3825 0.3061 0.1971 0.1894 0.2350 0.3000 0.3726 0.4036 0.3726 0.3000 0.2350 0.1894 0.1971 0.3061 0.3825 0.4158 0.4272 0.4170 0.3686 0.2969 0.2344 0.1888 0.1984 0.3093 0.3842 0.4167 0.4272 0.4154 0.3636 0.2912 0.2296 0.1856 0.2059 0.3214 0.3894 0.4189 0.4271 0.4117 0.3551 0.2830 0.2234 0.1829 0.2166 0.3330 0.3945 0.4209 0.4267 0.4072 0.3464 0.2749 0.2174 0.1816 0.2293 0.3434 0.3990 0.4226 0.4279 0.3988
0.4226 0.4245 0.3994 0.3443 0.2306 0.1815 0.2168 0.2742 0.3455 0.4068 0.4267 0.4211 0.3949 0.3341 0.2177 0.1827 0.2228 0.2822 0.3542 0.4113 0.4271 0.4191 0.3899 0.3226 0.2068 0.1853 0.2290 0.2904 0.3628 0.4151 0.4272 0.4169 0.3845 0.3099 0.1985 0.1888 0.2346 0.2972 0.3691 0.4172 0.4272 0.4156 0.3819 0.3047 0.1964 0.1899 0.2356 0.2982 0.3718 0.4196 0.4263 0.4196 0.3718 0.2982 0.2356 0.1899 0.1964 0.3047 0.3819 0.4156 0.4272 0.4172 0.3691 0.2972 0.2346 0.1888 0.1985 0.3099 0.3845 0.4169 0.4272 0.4151 0.3628 0.2904 0.2290 0.1853 0.2068 0.3226 0.3899 0.4191 0.4271 0.4113 0.3542 0.2822 0.2228 0.1827 0.2177 0.3341 0.3949 0.4211 0.4267 0.4068 0.3455 0.2742 0.2168 0.1815 0.2306 0.3443 0.3994 0.4245 0.4226
0.4288 0.4000 0.3452 0.2319 0.1815 0.2163 0.2734 0.3447 0.4063 0.4266 0.4213 0.3954 0.3351 0.2189 0.1826 0.2222 0.2814 0.3534 0.4109 0.4271 0.4193 0.3904 0.3238 0.2078 0.1850 0.2284 0.2896 0.3620 0.4147 0.4273 0.4171 0.3850 0.3108 0.1989 0.1886 0.2344 0.2972 0.3692 0.4174 0.4272 0.4154 0.3814 0.3034 0.1957 0.1903 0.2363 0.2991 0.3705 0.4179 0.4267 0.4179 0.4267 0.4179 0.3705 0.2991 0.2363 0.1903 0.1957 0.3034 0.3814 0.4154 0.4272 0.4174 0.3692 0.2972 0.2344 0.1886 0.1989 0.3108 0.3850 0.4171 0.4273 0.4147 0.3620 0.2896 0.2284 0.1850 0.2078 0.3238 0.3904 0.4193 0.4271 0.4109 0.3534 0.2814 0.2222 0.1826 0.2189 0.3351 0.3954 0.4213 0.4266 0.4063 0.3447 0.2734 0.2163 0.1815 0.2319 0.3452 0.4000 0.4288
0.4167 0.3462 0.2333 0.1815 0.2157 0.2727 0.3438 0.4058 0.4265 0.4215 0.3958 0.3361 0.2201 0.1824 0.2216 0.2806 0.3526 0.4105 0.4271 0.4195 0.3909 0.3249 0.2087 0.1847 0.2278 0.2888 0.3612 0.4144 0.4273 0.4173 0.3855 0.3121 0.1996 0.1883 0.2341 0.2969 0.3691 0.4174 0.4272 0.4153 0.3811 0.3025 0.1952 0.1907 0.2370 0.3000 0.3714 0.4179 0.4271 0.4122 0.3885 0.4122 0.4271 0.4179 0.3714 0.3000 0.2370 0.1907 0.1952 0.3025 0.3811 0.4153 0.4272 0.4174 0.3691 0.2969 0.2341 0.1883 0.1996 0.3121 0.3855 0.4173 0.4273 0.4144 0.3612 0.2888 0.2278 0.1847 0.2087 0.3249 0.3909 0.4195 0.4271 0.4105 0.3526 0.2806 0.2216 0.1824 0.2201 0.3361 0.3958 0.4215 0.4265 0.4058 0.3438 0.2727 0.2157 0.1815 0.2333 0.3462 0.4167
0.3771 0.2347 0.1814 0.2152 0.2719 0.3430 0.4054 0.4265 0.4216 0.3963 0.3371 0.2213 0.1823 0.2210 0.2799 0.3517 0.4101 0.4270 0.4197 0.3914 0.3260 0.2097 0.1844 0.2272 0.2880 0.3604 0.4140 0.4272 0.4175 0.3861 0.3134 0.2004 0.1880 0.2335 0.2963 0.3686 0.4172 0.4272 0.4153 0.3810 0.3019 0.1948 0.1910 0.2375 0.3007 0.3722 0.4183 0.4271 0.4147 0.3746 0.3257 0.3746 0.4147 0.4271 0.4183 0.3722 0.3007 0.2375 0.1910 0.1948 0.3019 0.3810 0.4153 0.4272 0.4172 0.3686 0.2963 0.2335 0.1880 0.2004 0.3134 0.3861 0.4175 0.4272 0.4140 0.3604 0.2880 0.2272 0.1844 0.2097 0.3260 0.3914 0.4197 0.4270 0.4101 0.3517 0.2799 0.2210 0.1823 0.2213 0.3371 0.3963 0.4216 0.4265 0.4054 0.3430 0.2719 0.2152 0.1814 0.2347 0.3771
0.2890 0.1815 0.2146 0.2712 0.3422 0.4049 0.4264 0.4218 0.3967 0.3381 0.2225 0.1821 0.2205 0.2791 0.3509 0.4096 0.4270 0.4199 0.3919 0.3272 0.2107 0.1841 0.2266 0.2872 0.3595 0.4137 0.4272 0.4178 0.3866 0.3147 0.2012 0.1875 0.2329 0.2956 0.3679 0.4170 0.4272 0.4154 0.3811 0.3019 0.1947 0.1912 0.2379 0.3013 0.3729 0.4185 0.4270 0.4145 0.3792 0.2947 0.2158 0.2947 0.3792 0.4145 0.4270 0.4185 0.3729 0.3013 0.2379 0.1912 0.1947 0.3019 0.3811 0.4154 0.4272 0.4170 0.3679 0.2956 0.2329 0.1875 0.2012 0.3147 0.3866 0.4178 0.4272 0.4137 0.3595 0.2872 0.2266 0.1841 0.2107 0.3272 0.3919 0.4199 0.4270 0.4096 0.3509 0.2791 0.2205 0.1821 0.2225 0.3381 0.3967 0.4218 0.4264 0.4049 0.3422 0.2712 0.2146 0.1815 0.2890
0.2468 0.2141 0.2705 0.3413 0.4044 0.4263 0.4220 0.3972 0.3391 0.2237 0.1820 0.2199 0.2783 0.3501 0.4092 0.4269 0.4201 0.3924 0.3283 0.2118 0.1839 0.2260 0.2864 0.3587 0.4133 0.4272 0.4180 0.3871 0.3160 0.2020 0.1872 0.2323 0.2948 0.3671 0.4167 0.4272 0.4156 0.3814 0.3025 0.1948 0.1912 0.2380 0.3017 0.3733 0.4187 0.4270 0.4142 0.3789 0.2965 0.1924 0.1769 0.1924 0.2965 0.3789 0.4142 0.4270 0.4187 0.3733 0.3017 0.2380 0.1912 0.1948 0.3025 0.3814 0.4156 0.4272 0.4167 0.3671 0.2948 0.2323 0.1872 0.2020 0.3160 0.3871 0.4180 0.4272 0.4133 0.3587 0.2864 0.2260 0.1839 0.2118 0.3283 0.3924 0.4201 0.4269 0.4092 0.3501 0.2783 0.2199 0.1820 0.2237 0.3391 0.3972 0.4220 0.4263 0.4044 0.3413 0.2705 0.2141 0.2468
0.2649 0.2697 0.3405 0.4039 0.4263 0.4221 0.3976 0.3401 0.2249 0.1819 0.2193 0.2776 0.3492 0.4088 0.4269 0.4203 0.3929 0.3294 0.2128 0.1836 0.2254 0.2857 0.3579 0.4130 0.4272 0.4182 0.3877 0.3172 0.2028 0.1868 0.2317 0.2939 0.3664 0.4164 0.4272 0.4158 0.3819 0.3034 0.1952 0.1910 0.2379 0.3017 0.3735 0.4188 0.4270 0.4140 0.3782 0.2959 0.1930 0.1939 0.2150 0.1939 0.1930 0.2959 0.3782 0.4140 0.4270 0.4188 0.3735 0.3017 0.2379 0.1910 0.1952 0.3034 0.3819 0.4158 0.4272 0.4164 0.3664 0.2939 0.2317 0.1868 0.2028 0.3172 0.3877 0.4182 0.4272 0.4130 0.3579 0.2857 0.2254 0.1836 0.2128 0.3294 0.3929 0.4203 0.4269 0.4088 0.3492 0.2776 0.2193 0.1819 0.2249 0.3401 0.3976 0.4221 0.4263 0.4039 0.3405 0.2697 0.2649
0.3025 0.3397 0.4033 0.4262 0.4223 0.3980 0.3411 0.2262 0.1818 0.2187 0.2768 0.3484 0.4083 0.4269 0.4205 0.3933 0.3305 0.2139 0.1834 0.2248 0.2849 0.3571 0.4126 0.4272 0.4184 0.3882 0.3185 0.2037 0.1864 0.2311 0.2931 0.3656 0.4161 0.4272 0.4161 0.3825 0.3047 0.1957 0.1907 0.2375 0.3013 0.3733 0.4188 0.4270 0.4139 0.3779 0.2949 0.1919 0.1948 0.2423 0.2726 0.2423 0.1948 0.1919 0.2949 0.3779 0.4139 0.4270 0.4188 0.3733 0.3013 0.2375 0.1907 0.1957 0.3047 0.3825 0.4161 0.4272 0.4161 0.3656 0.2931 0.2311 0.1864 0.2037 0.3185 0.3882 0.4184 0.4272 0.4126 0.3571 0.2849 0.2248 0.1834 0.2139 0.3305 0.3933 0.4205 0.4269 0.4083 0.3484 0.2768 0.2187 0.1818 0.2262 0.3411 0.3980 0.4223 0.4262 0.4033 0.3397 0.3025
0.3524 0.4036 0.4259 0.4225 0.3984 0.3420 0.2275 0.1817 0.2182 0.2760 0.3476 0.4079 0.4268 0.4207 0.3938 0.3315 0.2150 0.1832 0.2242 0.2841 0.3563 0.4122 0.4272 0.4186 0.3887 0.3197 0.2046 0.1861 0.2305 0.2923 0.3648 0.4158 0.4272 0.4163 0.3831 0.3061 0.1964 0.1903 0.2370 0.3007 0.3729 0.4187 0.4270 0.4139 0.3777 0.2943 0.1916 0.1934 0.2431 0.3080 0.3452 0.3080 0.2431 0.1934 0.1916 0.2943 0.3777 0.4139 0.4270 0.4187 0.3729 0.3007 0.2370 0.1903 0.1964 0.3061 0.3831 0.4163 0.4272 0.4158 0.3648 0.2923 0.2305 0.1861 0.2046 0.3197 0.3887 0.4186 0.4272 0.4122 0.3563 0.2841 0.2242 0.1832 0.2150 0.3315 0.3938 0.4207 0.4268 0.4079 0.3476 0.2760 0.2182 0.1817 0.2275 0.3420 0.3984 0.4225 0.4259 0.4036 0.3524
0.3989 0.4279 0.4225 0.3989 0.3430 0.2288 0.1816 0.2176 0.2753 0.3467 0.4074 0.4268 0.4209 0.3943 0.3326 0.2161 0.1830 0.2236 0.2833 0.3554 0.4118 0.4272 0.4188 0.3892 0.3209 0.2055 0.1857 0.2298 0.2915 0.3639 0.4155 0.4272 0.4165 0.3836 0.3075 0.1971 0.1899 0.2363 0.3000 0.3722 0.4185 0.4270 0.4140 0.3779 0.2943 0.1915 0.1936 0.2412 0.3081 0.3803 0.4088 0.3803 0.3081 0.2412 0.1937 0.1915 0.2943 0.3779 0.4140 0.4270 0.4185 0.3722 0.3000 0.2363 0.1899 0.1971 0.3075 0.3836 0.4165 0.4272 0.4155 0.3639 0.2915 0.2298 0.1857 0.2055 0.3209 0.3892 0.4188 0.4272 0.4118 0.3554 0.2833 0.2236 0.1830 0.2161 0.3326 0.3943 0.4209 0.4268 0.4074 0.3467 0.2753 0.2176 0.1816 0.2288 0.3430 0.3989 0.4225 0.4279 0.3989
0.4227 0.4244 0.3993 0.3439 0.2301 0.1816 0.2171 0.2745 0.3459 0.4070 0.4267 0.4210 0.3947 0.3336 0.2172 0.1828 0.2230 0.2825 0.3546 0.4114 0.4271 0.4190 0.3897 0.3221 0.2064 0.1854 0.2292 0.2907 0.3631 0.4152 0.4272 0.4168 0.3842 0.3088 0.1978 0.1894 0.2357 0.2992 0.3714 0.4183 0.4270 0.4142 0.3782 0.2949 0.1916 0.1937 0.2415 0.3059 0.3790 0.4219 0.4265 0.4219 0.3789 0.3058 0.2414 0.1936 0.1916 0.2949 0.3782 0.4142 0.4270 0.4183 0.3714 0.2991 0.2356 0.1894 0.1978 0.3088 0.3842 0.4168 0.4272 0.4152 0.3631 0.2907 0.2292 0.1854 0.2064 0.3221 0.3897 0.4190 0.4271 0.4114 0.3545 0.2825 0.2230 0.1828 0.2172 0.3336 0.3947 0.4210 0.4267 0.4070 0.3458 0.2744 0.2170 0.1815 0.2301 0.3439 0.3993 0.4244 0.4226
0.4288 0.3998 0.3448 0.2314 0.1815 0.2165 0.2738 0.3450 0.4065 0.4266 0.4212 0.3952 0.3347 0.2184 0.1826 0.2224 0.2817 0.3538 0.4110 0.4271 0.4192 0.3902 0.3233 0.2073 0.1851 0.2286 0.2899 0.3623 0.4149 0.4273 0.4170 0.3848 0.3102 0.1985 0.1890 0.2351 0.2983 0.3706 0.4180 0.4271 0.4145 0.3787 0.2959 0.1919 0.1935 0.2414 0.3060 0.3773 0.4202 0.4261 0.4158 0.4261 0.4201 0.3771 0.3059 0.2413 0.1934 0.1919 0.2959 0.3789 0.4145 0.4271 0.4179 0.3705 0.2982 0.2350 0.1889 0.1985 0.3102 0.3849 0.4171 0.4273 0.4148 0.3622 0.2898 0.2286 0.1851 0.2073 0.3233 0.3904 0.4193 0.4271 0.4110 0.3536 0.2817 0.2224 0.1826 0.2184 0.3348 0.3953 0.4213 0.4266 0.4064 0.3449 0.2737 0.2164 0.1815 0.2314 0.3450 0.4000 0.4289
0.4166 0.3458 0.2327 0.1815 0.2159 0.2730 0.3442 0.4060 0.4266 0.4214 0.3956 0.3357 0.2196 0.1825 0.2219 0.2810 0.3529 0.4106 0.4271 0.4194 0.3907 0.3244 0.2083 0.1848 0.2280 0.2892 0.3615 0.4145 0.4273 0.4172 0.3853 0.3115 0.1993 0.1886 0.2344 0.2975 0.3699 0.4177 0.4271 0.4147 0.3793 0.2972 0.1924 0.1931 0.2410 0.3058 0.3773 0.4200 0.4268 0.4096 0.3836 0.4094 0.4268 0.4201 0.3789 0.3082 0.2432 0.1948 0.1930 0.2965 0.3792 0.4147 0.4271 0.4179 0.3718 0.3000 0.2366 0.1901 0.1996 0.3108 0.3852 0.4172 0.4273 0.4149 0.3636 0.2917 0.2301 0.1863 0.2084 0.3239 0.3907 0.4194 0.4271 0.4112 0.3551 0.2835 0.2239 0.1838 0.2194 0.3353 0.3956 0.4214 0.4266 0.4068 0.3465 0.2754 0.2179 0.1827 0.2322 0.3453 0.4165
0.3768 0.2341 0.1814 0.2154 0.2723 0.3434 0.4056 0.4265 0.4216 0.3961 0.3367 0.2208 0.1823 0.2213 0.2802 0.3521 0.4102 0.4270 0.4196 0.3912 0.3256 0.2093 0.1845 0.2274 0.2884 0.3607 0.4142 0.4272 0.4174 0.3858 0.3128 0.2000 0.1881 0.2338 0.2967 0.3691 0.4175 0.4271 0.4150 0.3799 0.2986 0.1930 0.1927 0.2405 0.3052 0.3770 0.4200 0.4268 0.4126 0.3692 0.3139 0.3610 0.4090 0.4261 0.4218 0.3804 0.3080 0.2423 0.1939 0.1924 0.2947 0.3746 0.4122 0.4267 0.4196 0.3726 0.2995 0.2356 0.1892 0.1991 0.3078 0.3808 0.4149 0.4271 0.4166 0.3643 0.2910 0.2291 0.1853 0.2080 0.3198 0.3865 0.4174 0.4273 0.4130 0.3556 0.2828 0.2229 0.1829 0.2191 0.3306 0.3917 0.4196 0.4271 0.4085 0.3468 0.2747 0.2169 0.1819 0.2315 0.3711
0.2886 0.1815 0.2149 0.2715 0.3425 0.4051 0.4264 0.4217 0.3965 0.3377 0.2220 0.1822 0.2207 0.2794 0.3513 0.4098 0.4270 0.4198 0.3917 0.3267 0.2103 0.1842 0.2268 0.2876 0.3599 0.4138 0.4272 0.4177 0.3864 0.3141 0.2008 0.1877 0.2332 0.2959 0.3683 0.4172 0.4272 0.4152 0.3805 0.3000 0.1936 0.1923 0.2398 0.3044 0.3763 0.4199 0.4268 0.4128 0.3749 0.2811 0.2272 0.3421 0.3839 0.4154 0.4265 0.4088 0.3452 0.2725 0.2150 0.1769 0.2158 0.3257 0.3885 0.4179 0.4263 0.4036 0.3364 0.2648 0.2093 0.1749 0.2292 0.3357 0.3935 0.4199 0.4258 0.3974 0.3273 0.2572 0.2039 0.1742 0.2433 0.3448 0.3980 0.4217 0.4247 0.3905 0.3183 0.2498 0.1987 0.1753 0.2576 0.3533 0.4021 0.4232 0.4232 0.3829 0.3094 0.2428 0.1941 0.1772 0.3133
0.2468 0.2143 0.2707 0.3416 0.4046 0.4264 0.4219 0.3970 0.3387 0.2232 0.1820 0.2201 0.2786 0.3504 0.4094 0.4270 0.4200 0.3922 0.3278 0.2113 0.1839 0.2262 0.2867 0.3590 0.4135 0.4272 0.4179 0.3869 0.3154 0.2016 0.1873 0.2325 0.2950 0.3674 0.4169 0.4272 0.4155 0.3811 0.3014 0.1942 0.1918 0.2391 0.3035 0.3755 0.4196 0.4268 0.4128 0.3753 0.2865 0.1832 0.2596 0.4360 0.4104 0.4255 0.4219 0.3803 0.3079 0.2423 0.1938 0.1924 0.2947 0.3746 0.4122 0.4267 0.4196 0.3726 0.2995 0.2356 0.1892 0.1991 0.3078 0.3808 0.4149 0.4271 0.4166 0.3643 0.2910 0.2291 0.1853 0.2080 0.3198 0.3865 0.4174 0.4273 0.4130 0.3556 0.2828 0.2229 0.1829 0.2191 0.3306 0.3917 0.4196 0.4271 0.4085 0.3468 0.2747 0.2169 0.1819 0.2315 0.3711
0.2651 0.2699 0.3407 0.4040 0.4263 0.4221 0.3975 0.3398 0.2244 0.1819 0.2195 0.2778 0.3495 0.4089 0.4269 0.4203 0.3928 0.3290 0.2124 0.1837 0.2256 0.2859 0.3581 0.4130 0.4272 0.4182 0.3876 0.3167 0.2025 0.1869 0.2319 0.2942 0.3666 0.4165 0.4272 0.4158 0.3818 0.3028 0.1948 0.1913 0.2385 0.3027 0.3747 0.4193 0.4269 0.4131 0.3756 0.2884 0.1894 0.1894 0.2471 0.4089 0.4284 0.4222 0.3803 0.3079 0.2431 0.1948 0.1931 0.2965 0.3792 0.4147 0.4271 0.4179 0.3718 0.3000 0.2366 0.1901 0.1996 0.3108 0.3852 0.4172 0.4273 0.4149 0.3636 0.2917 0.2301 0.1863 0.2084 0.3239 0.3907 0.4194 0.4271 0.4112 0.3551 0.2835 0.2239 0.1838 0.2194 0.3353 0.3956 0.4214 0.4266 0.4068 0.3465 0.2754 0.2179 0.1827 0.2322 0.3453 0.4165
0.3050 0.3426 0.4044 0.4263 0.4222 0.3978 0.3403 0.2254 0.1831 0.2210 0.2796 0.3510 0.4091 0.4269 0.4204 0.3931 0.3296 0.2134 0.1849 0.2271 0.2877 0.3596 0.4132 0.4272 0.4183 0.3879 0.3173 0.2036 0.1881 0.2335 0.2960 0.3679 0.4165 0.4272 0.4159 0.3822 0.3034 0.1959 0.1926 0.2401 0.3045 0.3759 0.4193 0.4269 0.4133 0.3759 0.2890 0.1905 0.1977 0.2392 0.3140 0.4146 0.4231 0.3827 0.3056 0.2410 0.1934 0.1920 0.2959 0.3789 0.4145 0.4271 0.4179 0.3705 0.2982 0.2350 0.1889 0.1985 0.3102 0.3849 0.4171 0.4273 0.4148 0.3622 0.2898 0.2286 0.1851 0.2073 0.3233 0.3904 0.4193 0.4271 0.4110 0.3536 0.2817 0.2224 0.1826 0.2184 0.3348 0.3953 0.4213 0.4266 0.4064 0.3449 0.2737 0.2164 0.1815 0.2314 0.3450 0.4000 0.4289
0.3555 0.4075 0.4267 0.4205 0.3939 0.3354 0.2251 0.1822 0.2200 0.2788 0.3514 0.4109 0.4272 0.4185 0.3890 0.3251 0.2130 0.1840 0.2261 0.2870 0.3601 0.4150 0.4272 0.4162 0.3836 0.3137 0.2031 0.1871 0.2325 0.2954 0.3687 0.4183 0.4270 0.4135 0.3776 0.3011 0.1953 0.1916 0.2391 0.3040 0.3769 0.4209 0.4264 0.4106 0.3710 0.2875 0.1896 0.1963 0.2458 0.3144 0.3826 0.4157 0.3864 0.3080 0.2408 0.1936 0.1916 0.2949 0.3782 0.4142 0.4270 0.4183 0.3714 0.2991 0.2356 0.1894 0.1978 0.3088 0.3842 0.4168 0.4272 0.4152 0.3631 0.2907 0.2292 0.1854 0.2064 0.3221 0.3897 0.4190 0.4271 0.4114 0.3545 0.2825 0.2230 0.1828 0.2172 0.3336 0.3947 0.4210 0.4267 0.4070 0.3458 0.2744 0.2170 0.1815 0.2301 0.3439 0.3993 0.4244 0.4226
0.3794 0.4243 0.4236 0.4039 0.3572 0.2647 0.1766 0.1963 0.2463 0.3138 0.3868 0.4240 0.4225 0.4001 0.3491 0.2505 0.1745 0.2013 0.2535 0.3228 0.3940 0.4253 0.4208 0.3958 0.3403 0.2362 0.1743 0.2066 0.2610 0.3319 0.4006 0.4261 0.4189 0.3911 0.3308 0.2223 0.1758 0.2122 0.2687 0.3408 0.4063 0.4264 0.4168 0.3862 0.3213 0.2107 0.1778 0.2170 0.2762 0.3499 0.3982 0.3850 0.3132 0.2405 0.1935 0.1916 0.2943 0.3779 0.4140 0.4270 0.4185 0.3722 0.3000 0.2363 0.1899 0.1971 0.3075 0.3836 0.4165 0.4272 0.4155 0.3639 0.2915 0.2298 0.1857 0.2055 0.3209 0.3892 0.4188 0.4272 0.4118 0.3554 0.2833 0.2236 0.1830 0.2161 0.3326 0.3943 0.4209 0.4268 0.4074 0.3467 0.2753 0.2176 0.1816 0.2288 0.3430 0.3989 0.4225 0.4279 0.3989
