0.4285 0.3756 0.2869 0.2467 0.2656 0.3035 0.3536 0.3998 0.4230 0.4287 0.4161 0.3754 0.2865 0.2467 0.2658 0.3038 0.3539 0.3999 0.4230 0.4287 0.4159 0.3750 0.2861 0.2467 0.2659 0.3040 0.3542 0.4001 0.4231 0.4287 0.4158 0.3747 0.2857 0.2467 0.2661 0.3042 0.3544 0.4003 0.4232 0.4287 0.4157 0.3744 0.2853 0.2467 0.2662 0.3045 0.3546 0.4005 0.4235 0.4276 0.4165 0.4276 0.4235 0.4005 0.3546 0.3045 0.2662 0.2467 0.2853 0.3744 0.4157 0.4287 0.4232 0.4003 0.3544 0.3042 0.2661 0.2467 0.2857 0.3747 0.4158 0.4287 0.4231 0.4001 0.3542 0.3040 0.2659 0.2467 0.2861 0.3750 0.4159 0.4287 0.4230 0.3999 0.3539 0.3038 0.2658 0.2467 0.2865 0.3754 0.4161 0.4287 0.4230 0.3998 0.3536 0.3035 0.2656 0.2467 0.2869 0.3756 0.4285
0.3756 0.2326 0.1815 0.2151 0.2711 0.3413 0.4046 0.4281 0.4241 0.3990 0.3439 0.2314 0.1815 0.2154 0.2715 0.3417 0.4048 0.4281 0.4240 0.3988 0.3435 0.2309 0.1815 0.2157 0.2718 0.3421 0.4051 0.4282 0.4239 0.3986 0.3431 0.2303 0.1815 0.2159 0.2721 0.3425 0.4053 0.4282 0.4238 0.3985 0.3427 0.2297 0.1816 0.2161 0.2725 0.3428 0.4055 0.4282 0.4237 0.3937 0.3556 0.3937 0.4237 0.4282 0.4055 0.3428 0.2725 0.2161 0.1816 0.2297 0.3427 0.3985 0.4238 0.4282 0.4053 0.3425 0.2721 0.2159 0.1815 0.2303 0.3431 0.3986 0.4239 0.4282 0.4051 0.3421 0.2718 0.2157 0.1815 0.2309 0.3435 0.3988 0.4240 0.4281 0.4048 0.3417 0.2715 0.2154 0.1815 0.2314 0.3439 0.3990 0.4241 0.4281 0.4046 0.3413 0.2711 0.2151 0.1815 0.2326 0.3756
0.2869 0.1815 0.2153 0.2716 0.3419 0.4042 0.4261 0.4222 0.3985 0.3430 0.2301 0.1815 0.2160 0.2723 0.3425 0.4045 0.4261 0.4221 0.3983 0.3426 0.2295 0.1815 0.2162 0.2726 0.3429 0.4047 0.4262 0.4221 0.3981 0.3422 0.2289 0.1815 0.2165 0.2729 0.3433 0.4049 0.4262 0.4220 0.3979 0.3418 0.2284 0.1816 0.2167 0.2732 0.3436 0.4051 0.4262 0.4220 0.3976 0.3350 0.2634 0.3350 0.3976 0.4220 0.4262 0.4051 0.3436 0.2732 0.2167 0.1816 0.2284 0.3418 0.3979 0.4220 0.4262 0.4049 0.3433 0.2729 0.2165 0.1815 0.2289 0.3422 0.3981 0.4221 0.4262 0.4047 0.3429 0.2726 0.2162 0.1815 0.2295 0.3426 0.3983 0.4221 0.4261 0.4045 0.3425 0.2723 0.2160 0.1815 0.2301 0.3430 0.3985 0.4222 0.4261 0.4042 0.3419 0.2716 0.2153 0.1815 0.2869
0.2467 0.2151 0.2716 0.3422 0.4046 0.4263 0.4222 0.3981 0.3422 0.2289 0.1816 0.2165 0.2730 0.3434 0.4051 0.4264 0.4221 0.3978 0.3416 0.2282 0.1816 0.2167 0.2733 0.3437 0.4053 0.4264 0.4220 0.3976 0.3412 0.2277 0.1816 0.2170 0.2737 0.3441 0.4055 0.4265 0.4219 0.3975 0.3408 0.2271 0.1816 0.2172 0.2740 0.3445 0.4057 0.4265 0.4219 0.3974 0.3400 0.2246 0.1763 0.2246 0.3400 0.3974 0.4219 0.4265 0.4057 0.3445 0.2740 0.2172 0.1816 0.2271 0.3408 0.3975 0.4219 0.4265 0.4055 0.3441 0.2737 0.2170 0.1816 0.2277 0.3412 0.3976 0.4220 0.4264 0.4053 0.3437 0.2733 0.2167 0.1816 0.2282 0.3416 0.3978 0.4221 0.4264 0.4051 0.3434 0.2730 0.2165 0.1816 0.2289 0.3422 0.3981 0.4222 0.4263 0.4046 0.3422 0.2716 0.2151 0.2467
0.2656 0.2711 0.3419 0.4046 0.4263 0.4221 0.3977 0.3413 0.2277 0.1816 0.2171 0.2738 0.3442 0.4056 0.4264 0.4219 0.3974 0.3407 0.2269 0.1817 0.2173 0.2741 0.3446 0.4058 0.4265 0.4218 0.3972 0.3402 0.2264 0.1817 0.2175 0.2744 0.3449 0.4060 0.4265 0.4218 0.3970 0.3398 0.2258 0.1817 0.2178 0.2747 0.3453 0.4062 0.4265 0.4217 0.3968 0.3395 0.2251 0.1823 0.1965 0.1823 0.2251 0.3395 0.3968 0.4217 0.4265 0.4062 0.3453 0.2747 0.2178 0.1817 0.2258 0.3398 0.3970 0.4218 0.4265 0.4060 0.3449 0.2744 0.2175 0.1817 0.2264 0.3402 0.3972 0.4218 0.4265 0.4058 0.3446 0.2741 0.2173 0.1817 0.2269 0.3407 0.3974 0.4219 0.4264 0.4056 0.3442 0.2738 0.2171 0.1816 0.2277 0.3413 0.3977 0.4221 0.4263 0.4046 0.3419 0.2711 0.2656
0.3035 0.3413 0.4042 0.4263 0.4221 0.3976 0.3407 0.2267 0.1817 0.2176 0.2745 0.3450 0.4060 0.4265 0.4217 0.3970 0.3397 0.2257 0.1817 0.2179 0.2748 0.3454 0.4062 0.4265 0.4217 0.3968 0.3393 0.2251 0.1818 0.2181 0.2752 0.3458 0.4064 0.4266 0.4216 0.3966 0.3388 0.2246 0.1818 0.2183 0.2755 0.3461 0.4066 0.4266 0.4215 0.3964 0.3384 0.2241 0.1831 0.2202 0.2466 0.2202 0.1831 0.2241 0.3384 0.3964 0.4215 0.4266 0.4066 0.3461 0.2755 0.2183 0.1818 0.2246 0.3388 0.3966 0.4216 0.4266 0.4064 0.3458 0.2752 0.2181 0.1818 0.2251 0.3393 0.3968 0.4217 0.4265 0.4062 0.3454 0.2748 0.2179 0.1817 0.2257 0.3397 0.3970 0.4217 0.4265 0.4060 0.3450 0.2745 0.2176 0.1817 0.2267 0.3407 0.3976 0.4221 0.4263 0.4042 0.3413 0.3035
0.3536 0.4046 0.4261 0.4222 0.3977 0.3407 0.2263 0.1817 0.2179 0.2751 0.3458 0.4065 0.4266 0.4216 0.3965 0.3387 0.2244 0.1818 0.2184 0.2756 0.3462 0.4067 0.4266 0.4215 0.3963 0.3383 0.2239 0.1819 0.2187 0.2759 0.3466 0.4069 0.4266 0.4214 0.3962 0.3379 0.2234 0.1819 0.2189 0.2762 0.3470 0.4071 0.4267 0.4213 0.3960 0.3374 0.2228 0.1819 0.2212 0.2791 0.3142 0.2791 0.2212 0.1819 0.2228 0.3374 0.3960 0.4213 0.4267 0.4071 0.3470 0.2762 0.2189 0.1819 0.2234 0.3379 0.3962 0.4214 0.4266 0.4069 0.3466 0.2759 0.2187 0.1819 0.2239 0.3383 0.3963 0.4215 0.4266 0.4067 0.3462 0.2756 0.2184 0.1818 0.2244 0.3387 0.3965 0.4216 0.4266 0.4065 0.3458 0.2751 0.2179 0.1817 0.2263 0.3407 0.3977 0.4222 0.4261 0.4046 0.3536
0.3998 0.4281 0.4222 0.3981 0.3413 0.2267 0.1817 0.2181 0.2754 0.3463 0.4068 0.4266 0.4214 0.3961 0.3377 0.2232 0.1819 0.2190 0.2764 0.3471 0.4072 0.4267 0.4213 0.3959 0.3373 0.2227 0.1820 0.2192 0.2767 0.3474 0.4074 0.4267 0.4212 0.3957 0.3369 0.2221 0.1820 0.2195 0.2770 0.3478 0.4076 0.4267 0.4212 0.3955 0.3364 0.2216 0.1820 0.2197 0.2798 0.3516 0.3871 0.3516 0.2798 0.2197 0.1820 0.2216 0.3364 0.3955 0.4212 0.4267 0.4076 0.3478 0.2770 0.2195 0.1820 0.2221 0.3369 0.3957 0.4212 0.4267 0.4074 0.3474 0.2767 0.2192 0.1820 0.2227 0.3373 0.3959 0.4213 0.4267 0.4072 0.3471 0.2764 0.2190 0.1819 0.2232 0.3377 0.3961 0.4214 0.4266 0.4068 0.3463 0.2754 0.2181 0.1817 0.2267 0.3413 0.3981 0.4222 0.4281 0.3998
0.4230 0.4241 0.3985 0.3422 0.2277 0.1817 0.2179 0.2754 0.3465 0.4071 0.4267 0.4213 0.3957 0.3368 0.2220 0.1820 0.2196 0.2771 0.3479 0.4076 0.4267 0.4211 0.3955 0.3363 0.2214 0.1821 0.2198 0.2775 0.3483 0.4078 0.4267 0.4211 0.3953 0.3358 0.2209 0.1822 0.2200 0.2778 0.3486 0.4080 0.4268 0.4210 0.3951 0.3354 0.2204 0.1822 0.2202 0.2780 0.3513 0.4110 0.4241 0.4110 0.3513 0.2780 0.2202 0.1822 0.2204 0.3354 0.3951 0.4210 0.4268 0.4080 0.3486 0.2778 0.2200 0.1822 0.2209 0.3358 0.3953 0.4211 0.4267 0.4078 0.3483 0.2775 0.2198 0.1821 0.2214 0.3363 0.3955 0.4211 0.4267 0.4076 0.3479 0.2771 0.2196 0.1820 0.2220 0.3368 0.3957 0.4213 0.4267 0.4071 0.3465 0.2754 0.2179 0.1817 0.2277 0.3422 0.3985 0.4241 0.4230
0.4287 0.3990 0.3430 0.2289 0.1816 0.2176 0.2751 0.3463 0.4071 0.4267 0.4212 0.3954 0.3360 0.2209 0.1822 0.2201 0.2779 0.3488 0.4081 0.4268 0.4210 0.3950 0.3353 0.2202 0.1822 0.2204 0.2782 0.3491 0.4083 0.4268 0.4209 0.3948 0.3348 0.2197 0.1823 0.2206 0.2785 0.3495 0.4085 0.4268 0.4208 0.3946 0.3344 0.2192 0.1824 0.2209 0.2788 0.3497 0.4093 0.4272 0.4224 0.4272 0.4093 0.3497 0.2788 0.2209 0.1824 0.2192 0.3344 0.3946 0.4208 0.4268 0.4085 0.3495 0.2785 0.2206 0.1823 0.2197 0.3348 0.3948 0.4209 0.4268 0.4083 0.3491 0.2782 0.2204 0.1822 0.2202 0.3353 0.3950 0.4210 0.4268 0.4081 0.3488 0.2779 0.2201 0.1822 0.2209 0.3360 0.3954 0.4212 0.4267 0.4071 0.3463 0.2751 0.2176 0.1816 0.2289 0.3430 0.3990 0.4287
0.4161 0.3439 0.2301 0.1816 0.2171 0.2745 0.3458 0.4068 0.4267 0.4212 0.3953 0.3355 0.2202 0.1823 0.2206 0.2786 0.3496 0.4085 0.4268 0.4208 0.3945 0.3342 0.2191 0.1824 0.2209 0.2790 0.3500 0.4087 0.4268 0.4207 0.3943 0.3338 0.2186 0.1824 0.2212 0.2793 0.3503 0.4089 0.4269 0.4206 0.3941 0.3333 0.2181 0.1825 0.2214 0.2796 0.3506 0.4090 0.4269 0.4184 0.3999 0.4184 0.4269 0.4090 0.3506 0.2796 0.2214 0.1825 0.2181 0.3333 0.3941 0.4206 0.4269 0.4089 0.3503 0.2793 0.2212 0.1824 0.2186 0.3338 0.3943 0.4207 0.4268 0.4087 0.3500 0.2790 0.2209 0.1824 0.2191 0.3342 0.3945 0.4208 0.4268 0.4085 0.3496 0.2786 0.2206 0.1823 0.2202 0.3355 0.3953 0.4212 0.4267 0.4068 0.3458 0.2745 0.2171 0.1816 0.2301 0.3439 0.4161
0.3754 0.2314 0.1815 0.2165 0.2738 0.3450 0.4065 0.4266 0.4213 0.3954 0.3355 0.2198 0.1823 0.2210 0.2792 0.3503 0.4089 0.4269 0.4206 0.3941 0.3332 0.2179 0.1825 0.2215 0.2798 0.3508 0.4092 0.4269 0.4205 0.3939 0.3327 0.2174 0.1826 0.2218 0.2801 0.3512 0.4093 0.4269 0.4204 0.3937 0.3323 0.2169 0.1827 0.2220 0.2804 0.3515 0.4095 0.4269 0.4204 0.3889 0.3487 0.3889 0.4204 0.4269 0.4095 0.3515 0.2804 0.2220 0.1827 0.2169 0.3323 0.3937 0.4204 0.4269 0.4093 0.3512 0.2801 0.2218 0.1826 0.2174 0.3327 0.3939 0.4205 0.4269 0.4092 0.3508 0.2798 0.2215 0.1825 0.2179 0.3332 0.3941 0.4206 0.4269 0.4089 0.3503 0.2792 0.2210 0.1823 0.2198 0.3355 0.3954 0.4213 0.4266 0.4065 0.3450 0.2738 0.2165 0.1815 0.2314 0.3754
0.2865 0.1815 0.2160 0.2730 0.3442 0.4060 0.4266 0.4214 0.3957 0.3360 0.2202 0.1823 0.2212 0.2796 0.3509 0.4093 0.4269 0.4204 0.3936 0.3321 0.2168 0.1827 0.2221 0.2805 0.3516 0.4096 0.4269 0.4203 0.3934 0.3317 0.2163 0.1828 0.2224 0.2809 0.3520 0.4098 0.4270 0.4203 0.3932 0.3312 0.2158 0.1829 0.2226 0.2812 0.3523 0.4099 0.4270 0.4202 0.3929 0.3248 0.2498 0.3248 0.3929 0.4202 0.4270 0.4099 0.3523 0.2812 0.2226 0.1829 0.2158 0.3312 0.3932 0.4203 0.4270 0.4098 0.3520 0.2809 0.2224 0.1828 0.2163 0.3317 0.3934 0.4203 0.4269 0.4096 0.3516 0.2805 0.2221 0.1827 0.2168 0.3321 0.3936 0.4204 0.4269 0.4093 0.3509 0.2796 0.2212 0.1823 0.2202 0.3360 0.3957 0.4214 0.4266 0.4060 0.3442 0.2730 0.2160 0.1815 0.2865
0.2467 0.2154 0.2723 0.3434 0.4056 0.4265 0.4216 0.3961 0.3368 0.2209 0.1823 0.2210 0.2796 0.3511 0.4095 0.4269 0.4203 0.3932 0.3312 0.2156 0.1829 0.2227 0.2813 0.3525 0.4100 0.4270 0.4201 0.3929 0.3306 0.2152 0.1830 0.2229 0.2816 0.3528 0.4102 0.4270 0.4201 0.3927 0.3302 0.2147 0.1831 0.2232 0.2820 0.3532 0.4104 0.4270 0.4200 0.3927 0.3293 0.2127 0.1744 0.2127 0.3293 0.3927 0.4200 0.4270 0.4104 0.3532 0.2820 0.2232 0.1831 0.2147 0.3302 0.3927 0.4201 0.4270 0.4102 0.3528 0.2816 0.2229 0.1830 0.2152 0.3306 0.3929 0.4201 0.4270 0.4100 0.3525 0.2813 0.2227 0.1829 0.2156 0.3312 0.3932 0.4203 0.4269 0.4095 0.3511 0.2796 0.2210 0.1823 0.2209 0.3368 0.3961 0.4216 0.4265 0.4056 0.3434 0.2723 0.2154 0.2467
0.2658 0.2715 0.3425 0.4051 0.4264 0.4217 0.3965 0.3377 0.2220 0.1822 0.2206 0.2792 0.3509 0.4095 0.4270 0.4202 0.3929 0.3303 0.2147 0.1831 0.2233 0.2821 0.3533 0.4104 0.4270 0.4199 0.3925 0.3295 0.2141 0.1832 0.2235 0.2824 0.3537 0.4106 0.4270 0.4199 0.3923 0.3291 0.2136 0.1833 0.2238 0.2827 0.3540 0.4108 0.4271 0.4198 0.3921 0.3287 0.2131 0.1841 0.2015 0.1841 0.2131 0.3287 0.3921 0.4198 0.4271 0.4108 0.3540 0.2827 0.2238 0.1833 0.2136 0.3291 0.3923 0.4199 0.4270 0.4106 0.3537 0.2824 0.2235 0.1832 0.2141 0.3295 0.3925 0.4199 0.4270 0.4104 0.3533 0.2821 0.2233 0.1831 0.2147 0.3303 0.3929 0.4202 0.4270 0.4095 0.3509 0.2792 0.2206 0.1822 0.2220 0.3377 0.3965 0.4217 0.4264 0.4051 0.3425 0.2715 0.2658
0.3038 0.3417 0.4045 0.4264 0.4219 0.3970 0.3387 0.2232 0.1820 0.2201 0.2786 0.3503 0.4093 0.4269 0.4202 0.3928 0.3298 0.2140 0.1832 0.2238 0.2828 0.3541 0.4108 0.4271 0.4198 0.3920 0.3284 0.2130 0.1834 0.2241 0.2832 0.3545 0.4110 0.4271 0.4197 0.3918 0.3280 0.2125 0.1835 0.2244 0.2835 0.3548 0.4112 0.4271 0.4196 0.3916 0.3275 0.2121 0.1850 0.2263 0.2538 0.2263 0.1850 0.2121 0.3275 0.3916 0.4196 0.4271 0.4112 0.3548 0.2835 0.2244 0.1835 0.2125 0.3280 0.3918 0.4197 0.4271 0.4110 0.3545 0.2832 0.2241 0.1834 0.2130 0.3284 0.3920 0.4198 0.4271 0.4108 0.3541 0.2828 0.2238 0.1832 0.2140 0.3298 0.3928 0.4202 0.4269 0.4093 0.3503 0.2786 0.2201 0.1820 0.2232 0.3387 0.3970 0.4219 0.4264 0.4045 0.3417 0.3038
0.3539 0.4048 0.4261 0.4221 0.3974 0.3397 0.2244 0.1819 0.2196 0.2779 0.3496 0.4089 0.4269 0.4203 0.3929 0.3298 0.2137 0.1833 0.2241 0.2834 0.3548 0.4112 0.4271 0.4196 0.3915 0.3273 0.2119 0.1836 0.2247 0.2840 0.3553 0.4114 0.4271 0.4195 0.3913 0.3269 0.2115 0.1837 0.2249 0.2843 0.3557 0.4116 0.4271 0.4194 0.3911 0.3264 0.2110 0.1838 0.2273 0.2873 0.3232 0.2873 0.2273 0.1838 0.2110 0.3264 0.3911 0.4194 0.4271 0.4116 0.3557 0.2843 0.2249 0.1837 0.2115 0.3269 0.3913 0.4195 0.4271 0.4114 0.3553 0.2840 0.2247 0.1836 0.2119 0.3273 0.3915 0.4196 0.4271 0.4112 0.3548 0.2834 0.2241 0.1833 0.2137 0.3298 0.3929 0.4203 0.4269 0.4089 0.3496 0.2779 0.2196 0.1819 0.2244 0.3397 0.3974 0.4221 0.4261 0.4048 0.3539
0.3999 0.4281 0.4221 0.3978 0.3407 0.2257 0.1818 0.2190 0.2771 0.3488 0.4085 0.4269 0.4204 0.3932 0.3303 0.2140 0.1833 0.2243 0.2838 0.3554 0.4115 0.4271 0.4194 0.3910 0.3262 0.2109 0.1838 0.2253 0.2848 0.3561 0.4118 0.4271 0.4193 0.3908 0.3257 0.2104 0.1839 0.2255 0.2851 0.3565 0.4119 0.4271 0.4192 0.3906 0.3252 0.2100 0.1840 0.2257 0.2879 0.3604 0.3944 0.3604 0.2879 0.2257 0.1840 0.2100 0.3252 0.3906 0.4192 0.4271 0.4119 0.3565 0.2851 0.2255 0.1839 0.2104 0.3257 0.3908 0.4193 0.4271 0.4118 0.3561 0.2848 0.2253 0.1838 0.2109 0.3262 0.3910 0.4194 0.4271 0.4115 0.3554 0.2838 0.2243 0.1833 0.2140 0.3303 0.3932 0.4204 0.4269 0.4085 0.3488 0.2771 0.2190 0.1818 0.2257 0.3407 0.3978 0.4221 0.4281 0.3999
0.4230 0.4240 0.3983 0.3416 0.2269 0.1817 0.2184 0.2764 0.3479 0.4081 0.4268 0.4206 0.3936 0.3312 0.2147 0.1832 0.2241 0.2838 0.3556 0.4117 0.4271 0.4192 0.3906 0.3252 0.2099 0.1841 0.2259 0.2855 0.3570 0.4122 0.4272 0.4191 0.3903 0.3246 0.2094 0.1842 0.2261 0.2859 0.3573 0.4123 0.4272 0.4190 0.3901 0.3241 0.2090 0.1843 0.2263 0.2861 0.3598 0.4151 0.4253 0.4151 0.3598 0.2861 0.2263 0.1843 0.2090 0.3241 0.3901 0.4190 0.4272 0.4123 0.3573 0.2859 0.2261 0.1842 0.2094 0.3246 0.3903 0.4191 0.4272 0.4122 0.3570 0.2855 0.2259 0.1841 0.2099 0.3252 0.3906 0.4192 0.4271 0.4117 0.3556 0.2838 0.2241 0.1832 0.2147 0.3312 0.3936 0.4206 0.4268 0.4081 0.3479 0.2764 0.2184 0.1817 0.2269 0.3416 0.3983 0.4240 0.4230
0.4287 0.3988 0.3426 0.2282 0.1817 0.2179 0.2756 0.3471 0.4076 0.4268 0.4208 0.3941 0.3321 0.2156 0.1831 0.2238 0.2834 0.3554 0.4117 0.4271 0.4191 0.3903 0.3243 0.2090 0.1843 0.2265 0.2863 0.3578 0.4125 0.4272 0.4189 0.3898 0.3234 0.2084 0.1845 0.2267 0.2867 0.3581 0.4127 0.4272 0.4188 0.3896 0.3229 0.2080 0.1846 0.2270 0.2869 0.3584 0.4133 0.4272 0.4207 0.4272 0.4133 0.3584 0.2869 0.2270 0.1846 0.2080 0.3229 0.3896 0.4188 0.4272 0.4127 0.3581 0.2867 0.2267 0.1845 0.2084 0.3234 0.3898 0.4189 0.4272 0.4125 0.3578 0.2863 0.2265 0.1843 0.2090 0.3243 0.3903 0.4191 0.4271 0.4117 0.3554 0.2834 0.2238 0.1831 0.2156 0.3321 0.3941 0.4208 0.4268 0.4076 0.3471 0.2756 0.2179 0.1817 0.2282 0.3426 0.3988 0.4287
0.4159 0.3435 0.2295 0.1816 0.2173 0.2748 0.3462 0.4072 0.4267 0.4210 0.3945 0.3332 0.2168 0.1829 0.2233 0.2828 0.3548 0.4115 0.4271 0.4191 0.3901 0.3237 0.2084 0.1846 0.2270 0.2871 0.3586 0.4129 0.4272 0.4187 0.3893 0.3222 0.2075 0.1848 0.2273 0.2875 0.3590 0.4131 0.4272 0.4186 0.3891 0.3217 0.2071 0.1849 0.2276 0.2878 0.3593 0.4131 0.4272 0.4161 0.3956 0.4161 0.4272 0.4131 0.3593 0.2878 0.2276 0.1849 0.2071 0.3217 0.3891 0.4186 0.4272 0.4131 0.3590 0.2875 0.2273 0.1848 0.2075 0.3222 0.3893 0.4187 0.4272 0.4129 0.3586 0.2871 0.2270 0.1846 0.2084 0.3237 0.3901 0.4191 0.4271 0.4115 0.3548 0.2828 0.2233 0.1829 0.2168 0.3332 0.3945 0.4210 0.4267 0.4072 0.3462 0.2748 0.2173 0.1816 0.2295 0.3435 0.4159
0.3750 0.2309 0.1815 0.2167 0.2741 0.3454 0.4067 0.4267 0.4211 0.3950 0.3342 0.2179 0.1827 0.2227 0.2821 0.3541 0.4112 0.4271 0.4192 0.3903 0.3237 0.2081 0.1847 0.2274 0.2877 0.3593 0.4133 0.4272 0.4184 0.3888 0.3211 0.2065 0.1850 0.2279 0.2882 0.3598 0.4134 0.4272 0.4184 0.3886 0.3205 0.2061 0.1852 0.2282 0.2886 0.3601 0.4136 0.4272 0.4183 0.3834 0.3399 0.3834 0.4183 0.4272 0.4136 0.3601 0.2886 0.2282 0.1852 0.2061 0.3205 0.3886 0.4184 0.4272 0.4134 0.3598 0.2882 0.2279 0.1850 0.2065 0.3211 0.3888 0.4184 0.4272 0.4133 0.3593 0.2877 0.2274 0.1847 0.2081 0.3237 0.3903 0.4192 0.4271 0.4112 0.3541 0.2821 0.2227 0.1827 0.2179 0.3342 0.3950 0.4211 0.4267 0.4067 0.3454 0.2741 0.2167 0.1815 0.2309 0.3750
0.2861 0.1815 0.2162 0.2733 0.3446 0.4062 0.4266 0.4213 0.3955 0.3353 0.2191 0.1825 0.2221 0.2813 0.3533 0.4108 0.4271 0.4194 0.3906 0.3243 0.2084 0.1847 0.2275 0.2881 0.3598 0.4135 0.4272 0.4182 0.3883 0.3199 0.2056 0.1854 0.2285 0.2890 0.3606 0.4138 0.4272 0.4181 0.3880 0.3193 0.2052 0.1855 0.2288 0.2894 0.3609 0.4139 0.4272 0.4181 0.3877 0.3134 0.2355 0.3134 0.3877 0.4181 0.4272 0.4139 0.3609 0.2894 0.2288 0.1855 0.2052 0.3193 0.3880 0.4181 0.4272 0.4138 0.3606 0.2890 0.2285 0.1854 0.2056 0.3199 0.3883 0.4182 0.4272 0.4135 0.3598 0.2881 0.2275 0.1847 0.2084 0.3243 0.3906 0.4194 0.4271 0.4108 0.3533 0.2813 0.2221 0.1825 0.2191 0.3353 0.3955 0.4213 0.4266 0.4062 0.3446 0.2733 0.2162 0.1815 0.2861
0.2467 0.2157 0.2726 0.3437 0.4058 0.4265 0.4215 0.3959 0.3363 0.2202 0.1824 0.2215 0.2805 0.3525 0.4104 0.4271 0.4196 0.3910 0.3252 0.2090 0.1846 0.2274 0.2881 0.3601 0.4137 0.4272 0.4181 0.3878 0.3187 0.2047 0.1857 0.2291 0.2898 0.3614 0.4141 0.4272 0.4179 0.3875 0.3181 0.2043 0.1858 0.2294 0.2902 0.3618 0.4143 0.4272 0.4178 0.3874 0.3170 0.2028 0.1743 0.2028 0.3170 0.3874 0.4178 0.4272 0.4143 0.3618 0.2902 0.2294 0.1858 0.2043 0.3181 0.3875 0.4179 0.4272 0.4141 0.3614 0.2898 0.2291 0.1857 0.2047 0.3187 0.3878 0.4181 0.4272 0.4137 0.3600 0.2881 0.2274 0.1846 0.2090 0.3252 0.3910 0.4196 0.4271 0.4104 0.3525 0.2805 0.2215 0.1824 0.2202 0.3363 0.3959 0.4215 0.4265 0.4058 0.3437 0.2726 0.2157 0.2467
0.2659 0.2718 0.3429 0.4053 0.4265 0.4217 0.3963 0.3373 0.2214 0.1822 0.2209 0.2798 0.3516 0.4100 0.4270 0.4198 0.3915 0.3262 0.2099 0.1843 0.2270 0.2877 0.3598 0.4137 0.4272 0.4180 0.3875 0.3177 0.2039 0.1860 0.2298 0.2906 0.3622 0.4145 0.4272 0.4177 0.3870 0.3169 0.2034 0.1862 0.2300 0.2910 0.3626 0.4146 0.4272 0.4176 0.3868 0.3164 0.2033 0.1873 0.2069 0.1873 0.2033 0.3164 0.3868 0.4176 0.4272 0.4146 0.3626 0.2910 0.2300 0.1862 0.2034 0.3169 0.3870 0.4177 0.4272 0.4145 0.3622 0.2906 0.2298 0.1860 0.2039 0.3178 0.3875 0.4180 0.4272 0.4137 0.3598 0.2877 0.2270 0.1843 0.2099 0.3262 0.3915 0.4198 0.4270 0.4100 0.3516 0.2798 0.2209 0.1822 0.2214 0.3373 0.3963 0.4217 0.4265 0.4053 0.3429 0.2718 0.2659
0.3040 0.3421 0.4047 0.4264 0.4218 0.3968 0.3383 0.2227 0.1821 0.2204 0.2790 0.3508 0.4096 0.4270 0.4199 0.3920 0.3273 0.2109 0.1841 0.2265 0.2871 0.3593 0.4135 0.4272 0.4179 0.3874 0.3172 0.2034 0.1862 0.2303 0.2914 0.3630 0.4148 0.4273 0.4175 0.3865 0.3156 0.2026 0.1865 0.2306 0.2918 0.3634 0.4150 0.4273 0.4174 0.3862 0.3150 0.2022 0.1882 0.2327 0.2613 0.2327 0.1882 0.2022 0.3150 0.3862 0.4174 0.4273 0.4150 0.3634 0.2918 0.2306 0.1865 0.2026 0.3156 0.3865 0.4175 0.4273 0.4148 0.3630 0.2914 0.2303 0.1862 0.2034 0.3173 0.3874 0.4180 0.4272 0.4135 0.3593 0.2871 0.2265 0.1841 0.2109 0.3273 0.3920 0.4199 0.4270 0.4096 0.3508 0.2790 0.2204 0.1821 0.2227 0.3383 0.3968 0.4218 0.4264 0.4047 0.3421 0.3040
0.3542 0.4051 0.4262 0.4220 0.3972 0.3393 0.2239 0.1820 0.2198 0.2782 0.3500 0.4092 0.4269 0.4201 0.3925 0.3284 0.2119 0.1838 0.2259 0.2863 0.3586 0.4133 0.4272 0.4181 0.3875 0.3173 0.2033 0.1864 0.2306 0.2919 0.3637 0.4151 0.4273 0.4173 0.3859 0.3143 0.2018 0.1869 0.2312 0.2926 0.3642 0.4153 0.4273 0.4172 0.3857 0.3138 0.2014 0.1870 0.2336 0.2957 0.3323 0.2957 0.2336 0.1870 0.2014 0.3138 0.3857 0.4172 0.4273 0.4153 0.3642 0.2926 0.2312 0.1869 0.2018 0.3143 0.3859 0.4173 0.4273 0.4151 0.3637 0.2919 0.2306 0.1864 0.2033 0.3173 0.3875 0.4181 0.4272 0.4133 0.3586 0.2863 0.2259 0.1838 0.2119 0.3284 0.3925 0.4201 0.4269 0.4092 0.3500 0.2782 0.2198 0.1820 0.2239 0.3393 0.3972 0.4220 0.4262 0.4051 0.3542
0.4001 0.4282 0.4221 0.3976 0.3402 0.2251 0.1819 0.2192 0.2775 0.3491 0.4087 0.4269 0.4203 0.3929 0.3295 0.2130 0.1836 0.2253 0.2855 0.3578 0.4129 0.4272 0.4182 0.3878 0.3178 0.2034 0.1864 0.2308 0.2923 0.3642 0.4154 0.4272 0.4170 0.3854 0.3130 0.2009 0.1873 0.2319 0.2934 0.3650 0.4156 0.4272 0.4169 0.3851 0.3124 0.2006 0.1874 0.2321 0.2962 0.3689 0.4009 0.3689 0.2962 0.2321 0.1874 0.2006 0.3124 0.3851 0.4169 0.4272 0.4156 0.3650 0.2934 0.2319 0.1873 0.2009 0.3130 0.3854 0.4170 0.4272 0.4154 0.3642 0.2923 0.2308 0.1864 0.2034 0.3178 0.3878 0.4182 0.4272 0.4129 0.3578 0.2855 0.2253 0.1836 0.2130 0.3295 0.3929 0.4203 0.4269 0.4087 0.3491 0.2775 0.2192 0.1819 0.2251 0.3402 0.3976 0.4221 0.4282 0.4001
0.4231 0.4239 0.3981 0.3412 0.2264 0.1818 0.2187 0.2767 0.3483 0.4083 0.4268 0.4205 0.3934 0.3306 0.2141 0.1834 0.2247 0.2848 0.3570 0.4125 0.4272 0.4184 0.3883 0.3187 0.2039 0.1862 0.2306 0.2923 0.3643 0.4155 0.4272 0.4169 0.3849 0.3118 0.2002 0.1877 0.2325 0.2942 0.3658 0.4159 0.4272 0.4167 0.3846 0.3111 0.1998 0.1878 0.2327 0.2944 0.3681 0.4183 0.4261 0.4183 0.3681 0.2944 0.2327 0.1878 0.1998 0.3111 0.3846 0.4167 0.4272 0.4159 0.3658 0.2942 0.2325 0.1877 0.2002 0.3118 0.3849 0.4169 0.4272 0.4155 0.3643 0.2923 0.2306 0.1862 0.2039 0.3187 0.3883 0.4184 0.4272 0.4125 0.3570 0.2848 0.2247 0.1834 0.2141 0.3306 0.3934 0.4205 0.4268 0.4083 0.3483 0.2767 0.2187 0.1818 0.2264 0.3412 0.3981 0.4239 0.4231
0.4287 0.3986 0.3422 0.2277 0.1817 0.2181 0.2759 0.3474 0.4078 0.4268 0.4207 0.3939 0.3317 0.2152 0.1832 0.2241 0.2840 0.3561 0.4122 0.4272 0.4187 0.3888 0.3199 0.2047 0.1860 0.2303 0.2919 0.3642 0.4155 0.4272 0.4168 0.3846 0.3108 0.1995 0.1880 0.2331 0.2950 0.3666 0.4162 0.4272 0.4165 0.3840 0.3098 0.1991 0.1883 0.2334 0.2953 0.3668 0.4166 0.4270 0.4188 0.4270 0.4166 0.3668 0.2953 0.2334 0.1883 0.1991 0.3098 0.3840 0.4165 0.4272 0.4162 0.3666 0.2950 0.2331 0.1880 0.1995 0.3108 0.3846 0.4168 0.4272 0.4155 0.3642 0.2919 0.2303 0.1860 0.2047 0.3199 0.3888 0.4187 0.4272 0.4122 0.3561 0.2840 0.2241 0.1832 0.2152 0.3317 0.3939 0.4207 0.4268 0.4078 0.3474 0.2759 0.2181 0.1817 0.2277 0.3422 0.3986 0.4287
0.4158 0.3431 0.2289 0.1816 0.2175 0.2752 0.3466 0.4074 0.4267 0.4209 0.3943 0.3327 0.2163 0.1830 0.2235 0.2832 0.3553 0.4118 0.4272 0.4189 0.3893 0.3211 0.2056 0.1857 0.2298 0.2914 0.3637 0.4154 0.4272 0.4168 0.3845 0.3103 0.1991 0.1883 0.2336 0.2957 0.3674 0.4165 0.4272 0.4162 0.3835 0.3084 0.1983 0.1887 0.2340 0.2961 0.3677 0.4166 0.4272 0.4135 0.3908 0.4135 0.4272 0.4166 0.3677 0.2961 0.2340 0.1887 0.1983 0.3084 0.3835 0.4162 0.4272 0.4165 0.3674 0.2957 0.2336 0.1883 0.1991 0.3103 0.3845 0.4168 0.4272 0.4154 0.3637 0.2914 0.2298 0.1857 0.2056 0.3211 0.3893 0.4189 0.4272 0.4118 0.3553 0.2832 0.2235 0.1830 0.2163 0.3327 0.3943 0.4209 0.4267 0.4074 0.3466 0.2752 0.2175 0.1816 0.2289 0.3431 0.4158
0.3747 0.2303 0.1815 0.2170 0.2744 0.3458 0.4069 0.4267 0.4211 0.3948 0.3338 0.2174 0.1828 0.2229 0.2824 0.3545 0.4114 0.4271 0.4191 0.3898 0.3222 0.2065 0.1854 0.2291 0.2906 0.3630 0.4151 0.4272 0.4169 0.3846 0.3103 0.1989 0.1885 0.2340 0.2963 0.3681 0.4168 0.4272 0.4160 0.3829 0.3071 0.1976 0.1891 0.2346 0.2969 0.3685 0.4170 0.4272 0.4159 0.3775 0.3303 0.3775 0.4159 0.4272 0.4170 0.3685 0.2969 0.2346 0.1891 0.1976 0.3071 0.3829 0.4160 0.4272 0.4168 0.3681 0.2963 0.2340 0.1885 0.1989 0.3103 0.3846 0.4169 0.4272 0.4151 0.3630 0.2906 0.2291 0.1854 0.2065 0.3222 0.3898 0.4191 0.4271 0.4114 0.3545 0.2824 0.2229 0.1828 0.2174 0.3338 0.3948 0.4211 0.4267 0.4069 0.3458 0.2744 0.2170 0.1815 0.2303 0.3747
0.2857 0.1815 0.2165 0.2737 0.3449 0.4064 0.4266 0.4212 0.3953 0.3348 0.2186 0.1826 0.2224 0.2816 0.3537 0.4110 0.4271 0.4193 0.3903 0.3234 0.2075 0.1850 0.2285 0.2898 0.3622 0.4148 0.4273 0.4170 0.3849 0.3108 0.1991 0.1885 0.2341 0.2967 0.3685 0.4170 0.4272 0.4158 0.3823 0.3057 0.1969 0.1895 0.2352 0.2978 0.3693 0.4172 0.4272 0.4157 0.3820 0.3007 0.2217 0.3007 0.3820 0.4157 0.4272 0.4172 0.3693 0.2978 0.2352 0.1895 0.1969 0.3057 0.3823 0.4158 0.4272 0.4170 0.3685 0.2967 0.2341 0.1885 0.1991 0.3108 0.3849 0.4170 0.4273 0.4148 0.3622 0.2898 0.2285 0.1850 0.2075 0.3234 0.3903 0.4193 0.4271 0.4110 0.3537 0.2816 0.2224 0.1826 0.2186 0.3348 0.3953 0.4212 0.4266 0.4064 0.3449 0.2737 0.2165 0.1815 0.2857
0.2467 0.2159 0.2729 0.3441 0.4060 0.4266 0.4214 0.3957 0.3358 0.2197 0.1824 0.2218 0.2809 0.3528 0.4106 0.4271 0.4195 0.3908 0.3246 0.2084 0.1848 0.2279 0.2890 0.3614 0.4145 0.4273 0.4173 0.3854 0.3118 0.1995 0.1883 0.2340 0.2967 0.3687 0.4171 0.4272 0.4156 0.3819 0.3044 0.1962 0.1900 0.2359 0.2986 0.3701 0.4175 0.4272 0.4154 0.3817 0.3031 0.1952 0.1759 0.1952 0.3031 0.3817 0.4154 0.4272 0.4175 0.3701 0.2986 0.2359 0.1900 0.1962 0.3044 0.3819 0.4156 0.4272 0.4171 0.3687 0.2967 0.2340 0.1883 0.1995 0.3118 0.3854 0.4173 0.4273 0.4145 0.3614 0.2890 0.2279 0.1848 0.2084 0.3246 0.3908 0.4195 0.4271 0.4106 0.3528 0.2809 0.2218 0.1824 0.2197 0.3358 0.3957 0.4214 0.4266 0.4060 0.3441 0.2729 0.2159 0.2467
0.2661 0.2721 0.3433 0.4055 0.4265 0.4216 0.3962 0.3369 0.2209 0.1823 0.2212 0.2801 0.3520 0.4102 0.4270 0.4197 0.3913 0.3257 0.2094 0.1845 0.2273 0.2882 0.3606 0.4141 0.4272 0.4175 0.3859 0.3130 0.2002 0.1880 0.2336 0.2963 0.3685 0.4171 0.4272 0.4155 0.3815 0.3034 0.1956 0.1904 0.2365 0.2994 0.3709 0.4178 0.4271 0.4151 0.3809 0.3024 0.1958 0.1917 0.2124 0.1917 0.1958 0.3024 0.3809 0.4151 0.4271 0.4178 0.3709 0.2994 0.2365 0.1904 0.1956 0.3034 0.3815 0.4155 0.4272 0.4171 0.3685 0.2963 0.2336 0.1880 0.2002 0.3130 0.3859 0.4175 0.4272 0.4141 0.3606 0.2882 0.2273 0.1845 0.2094 0.3257 0.3913 0.4197 0.4270 0.4102 0.3520 0.2801 0.2212 0.1823 0.2209 0.3369 0.3962 0.4216 0.4265 0.4055 0.3433 0.2721 0.2661
0.3042 0.3425 0.4049 0.4265 0.4218 0.3966 0.3379 0.2221 0.1822 0.2206 0.2793 0.3512 0.4098 0.4270 0.4199 0.3918 0.3269 0.2104 0.1842 0.2267 0.2875 0.3598 0.4138 0.4272 0.4177 0.3865 0.3143 0.2009 0.1877 0.2331 0.2957 0.3681 0.4170 0.4272 0.4155 0.3814 0.3029 0.1953 0.1907 0.2371 0.3001 0.3716 0.4181 0.4271 0.4149 0.3804 0.3010 0.1946 0.1927 0.2393 0.2691 0.2393 0.1927 0.1946 0.3010 0.3804 0.4149 0.4271 0.4181 0.3716 0.3001 0.2371 0.1907 0.1953 0.3029 0.3814 0.4155 0.4272 0.4170 0.3681 0.2957 0.2331 0.1877 0.2009 0.3143 0.3865 0.4177 0.4272 0.4138 0.3598 0.2875 0.2267 0.1842 0.2104 0.3269 0.3918 0.4199 0.4270 0.4098 0.3512 0.2793 0.2206 0.1822 0.2221 0.3379 0.3966 0.4218 0.4265 0.4049 0.3425 0.3042
0.3544 0.4053 0.4262 0.4219 0.3970 0.3388 0.2234 0.1820 0.2200 0.2785 0.3503 0.4093 0.4270 0.4201 0.3923 0.3280 0.2115 0.1839 0.2261 0.2867 0.3590 0.4134 0.4272 0.4179 0.3870 0.3156 0.2018 0.1873 0.2325 0.2950 0.3674 0.4168 0.4272 0.4156 0.3815 0.3029 0.1951 0.1909 0.2374 0.3007 0.3723 0.4183 0.4271 0.4146 0.3798 0.2996 0.1940 0.1914 0.2403 0.3042 0.3414 0.3042 0.2403 0.1914 0.1940 0.2996 0.3798 0.4146 0.4271 0.4183 0.3723 0.3007 0.2374 0.1909 0.1951 0.3029 0.3815 0.4156 0.4272 0.4168 0.3674 0.2950 0.2325 0.1873 0.2018 0.3156 0.3870 0.4179 0.4272 0.4134 0.3590 0.2867 0.2261 0.1839 0.2115 0.3280 0.3923 0.4201 0.4270 0.4093 0.3503 0.2785 0.2200 0.1820 0.2234 0.3388 0.3970 0.4219 0.4262 0.4053 0.3544
0.4003 0.4282 0.4220 0.3975 0.3398 0.2246 0.1819 0.2195 0.2778 0.3495 0.4089 0.4269 0.4203 0.3927 0.3291 0.2125 0.1837 0.2255 0.2859 0.3581 0.4131 0.4272 0.4181 0.3875 0.3169 0.2026 0.1869 0.2319 0.2942 0.3666 0.4165 0.4272 0.4158 0.3819 0.3034 0.1953 0.1909 0.2376 0.3011 0.3727 0.4185 0.4270 0.4144 0.3792 0.2982 0.1934 0.1919 0.2386 0.3047 0.3771 0.4066 0.3771 0.3047 0.2386 0.1919 0.1934 0.2982 0.3792 0.4144 0.4270 0.4185 0.3727 0.3011 0.2376 0.1909 0.1953 0.3034 0.3819 0.4158 0.4272 0.4165 0.3666 0.2942 0.2319 0.1869 0.2026 0.3169 0.3875 0.4181 0.4272 0.4131 0.3581 0.2859 0.2255 0.1837 0.2125 0.3291 0.3927 0.4203 0.4269 0.4089 0.3495 0.2778 0.2195 0.1819 0.2246 0.3398 0.3975 0.4220 0.4282 0.4003
0.4232 0.4238 0.3979 0.3408 0.2258 0.1818 0.2189 0.2770 0.3486 0.4085 0.4269 0.4204 0.3932 0.3302 0.2136 0.1835 0.2249 0.2851 0.3573 0.4127 0.4272 0.4184 0.3880 0.3181 0.2034 0.1865 0.2312 0.2934 0.3658 0.4162 0.4272 0.4160 0.3823 0.3044 0.1956 0.1907 0.2374 0.3011 0.3729 0.4186 0.4270 0.4142 0.3786 0.2969 0.1928 0.1924 0.2393 0.3029 0.3761 0.4210 0.4264 0.4210 0.3761 0.3029 0.2393 0.1924 0.1928 0.2969 0.3786 0.4142 0.4270 0.4186 0.3729 0.3011 0.2374 0.1907 0.1956 0.3044 0.3823 0.4160 0.4272 0.4162 0.3658 0.2934 0.2312 0.1865 0.2034 0.3181 0.3880 0.4184 0.4272 0.4127 0.3573 0.2851 0.2249 0.1835 0.2136 0.3302 0.3932 0.4204 0.4269 0.4085 0.3486 0.2770 0.2189 0.1818 0.2258 0.3408 0.3979 0.4238 0.4232
0.4287 0.3985 0.3418 0.2271 0.1817 0.2183 0.2762 0.3478 0.4080 0.4268 0.4206 0.3937 0.3312 0.2147 0.1833 0.2244 0.2843 0.3565 0.4123 0.4272 0.4186 0.3886 0.3193 0.2043 0.1862 0.2306 0.2926 0.3650 0.4159 0.4272 0.4162 0.3829 0.3057 0.1962 0.1904 0.2371 0.3007 0.3727 0.4186 0.4270 0.4141 0.3783 0.2959 0.1923 0.1928 0.2400 0.3038 0.3749 0.4194 0.4264 0.4166 0.4264 0.4194 0.3749 0.3038 0.2400 0.1928 0.1923 0.2959 0.3783 0.4141 0.4270 0.4186 0.3727 0.3007 0.2371 0.1904 0.1962 0.3057 0.3829 0.4162 0.4272 0.4159 0.3650 0.2926 0.2306 0.1862 0.2043 0.3193 0.3886 0.4186 0.4272 0.4123 0.3565 0.2843 0.2244 0.1833 0.2147 0.3312 0.3937 0.4206 0.4268 0.4080 0.3478 0.2762 0.2183 0.1817 0.2271 0.3418 0.3985 0.4287
0.4157 0.3427 0.2284 0.1816 0.2178 0.2755 0.3470 0.4076 0.4268 0.4208 0.3941 0.3323 0.2158 0.1831 0.2238 0.2835 0.3557 0.4119 0.4272 0.4188 0.3891 0.3205 0.2052 0.1858 0.2300 0.2918 0.3642 0.4156 0.4272 0.4165 0.3835 0.3071 0.1969 0.1900 0.2365 0.3001 0.3723 0.4185 0.4270 0.4141 0.3782 0.2953 0.1920 0.1931 0.2406 0.3046 0.3758 0.4194 0.4269 0.4106 0.3856 0.4106 0.4269 0.4194 0.3758 0.3046 0.2406 0.1931 0.1920 0.2953 0.3782 0.4141 0.4270 0.4185 0.3723 0.3001 0.2365 0.1900 0.1969 0.3071 0.3835 0.4165 0.4272 0.4156 0.3642 0.2918 0.2300 0.1858 0.2052 0.3205 0.3891 0.4188 0.4272 0.4119 0.3557 0.2835 0.2238 0.1831 0.2158 0.3323 0.3941 0.4208 0.4268 0.4076 0.3470 0.2755 0.2178 0.1816 0.2284 0.3427 0.4157
0.3744 0.2297 0.1816 0.2172 0.2747 0.3461 0.4071 0.4267 0.4210 0.3946 0.3333 0.2169 0.1829 0.2232 0.2827 0.3548 0.4116 0.4271 0.4190 0.3896 0.3217 0.2061 0.1855 0.2294 0.2910 0.3634 0.4153 0.4272 0.4167 0.3840 0.3084 0.1976 0.1895 0.2359 0.2994 0.3716 0.4183 0.4270 0.4142 0.3783 0.2953 0.1919 0.1933 0.2409 0.3052 0.3764 0.4197 0.4269 0.4132 0.3709 0.3199 0.3709 0.4132 0.4269 0.4197 0.3764 0.3052 0.2409 0.1933 0.1919 0.2953 0.3783 0.4142 0.4270 0.4183 0.3716 0.2994 0.2359 0.1895 0.1976 0.3084 0.3840 0.4167 0.4272 0.4153 0.3634 0.2910 0.2294 0.1855 0.2061 0.3217 0.3896 0.4190 0.4271 0.4116 0.3548 0.2827 0.2232 0.1829 0.2169 0.3333 0.3946 0.4210 0.4267 0.4071 0.3461 0.2747 0.2172 0.1816 0.2297 0.3744
0.2853 0.1816 0.2167 0.2740 0.3453 0.4066 0.4267 0.4212 0.3951 0.3344 0.2181 0.1827 0.2226 0.2820 0.3540 0.4112 0.4271 0.4192 0.3901 0.3229 0.2071 0.1852 0.2288 0.2902 0.3626 0.4150 0.4273 0.4169 0.3846 0.3098 0.1983 0.1891 0.2352 0.2986 0.3709 0.4181 0.4271 0.4144 0.3786 0.2959 0.1920 0.1933 0.2411 0.3055 0.3769 0.4199 0.4268 0.4130 0.3757 0.2873 0.2089 0.2873 0.3757 0.4130 0.4268 0.4199 0.3769 0.3055 0.2411 0.1933 0.1920 0.2959 0.3786 0.4144 0.4271 0.4181 0.3709 0.2986 0.2352 0.1891 0.1983 0.3098 0.3846 0.4169 0.4273 0.4150 0.3626 0.2902 0.2288 0.1852 0.2071 0.3229 0.3901 0.4192 0.4271 0.4112 0.3540 0.2820 0.2226 0.1827 0.2181 0.3344 0.3951 0.4212 0.4267 0.4066 0.3453 0.2740 0.2167 0.1816 0.2853
0.2467 0.2161 0.2732 0.3445 0.4062 0.4266 0.4213 0.3955 0.3354 0.2192 0.1825 0.2220 0.2812 0.3532 0.4108 0.4271 0.4194 0.3906 0.3241 0.2080 0.1849 0.2282 0.2894 0.3618 0.4146 0.4273 0.4172 0.3851 0.3111 0.1991 0.1887 0.2346 0.2978 0.3701 0.4178 0.4271 0.4146 0.3792 0.2969 0.1923 0.1931 0.2409 0.3055 0.3770 0.4200 0.4268 0.4128 0.3754 0.2887 0.1895 0.1783 0.1895 0.2887 0.3754 0.4128 0.4268 0.4200 0.3770 0.3055 0.2409 0.1931 0.1923 0.2969 0.3792 0.4146 0.4271 0.4178 0.3701 0.2978 0.2346 0.1887 0.1991 0.3111 0.3851 0.4172 0.4273 0.4146 0.3618 0.2894 0.2282 0.1849 0.2080 0.3241 0.3906 0.4194 0.4271 0.4108 0.3532 0.2812 0.2220 0.1825 0.2192 0.3354 0.3955 0.4213 0.4266 0.4062 0.3445 0.2732 0.2161 0.2467
0.2662 0.2725 0.3436 0.4057 0.4265 0.4215 0.3960 0.3364 0.2204 0.1824 0.2214 0.2804 0.3523 0.4104 0.4271 0.4196 0.3911 0.3252 0.2090 0.1846 0.2276 0.2886 0.3609 0.4143 0.4272 0.4174 0.3857 0.3124 0.1998 0.1883 0.2340 0.2969 0.3693 0.4175 0.4271 0.4149 0.3798 0.2982 0.1928 0.1928 0.2406 0.3052 0.3769 0.4200 0.4268 0.4127 0.3749 0.2883 0.1903 0.1964 0.2181 0.1964 0.1903 0.2883 0.3749 0.4127 0.4268 0.4200 0.3769 0.3052 0.2406 0.1928 0.1928 0.2982 0.3798 0.4149 0.4271 0.4175 0.3693 0.2969 0.2340 0.1883 0.1998 0.3124 0.3857 0.4174 0.4272 0.4143 0.3609 0.2886 0.2276 0.1846 0.2090 0.3252 0.3911 0.4196 0.4271 0.4104 0.3523 0.2804 0.2214 0.1824 0.2204 0.3364 0.3960 0.4215 0.4265 0.4057 0.3436 0.2725 0.2662
0.3045 0.3428 0.4051 0.4265 0.4217 0.3964 0.3374 0.2216 0.1822 0.2209 0.2796 0.3515 0.4099 0.4270 0.4198 0.3916 0.3264 0.2100 0.1843 0.2270 0.2878 0.3601 0.4139 0.4272 0.4176 0.3862 0.3138 0.2006 0.1878 0.2334 0.2961 0.3685 0.4172 0.4272 0.4151 0.3804 0.2996 0.1934 0.1924 0.2400 0.3046 0.3764 0.4199 0.4268 0.4127 0.3748 0.2876 0.1893 0.1972 0.2459 0.2767 0.2459 0.1972 0.1893 0.2876 0.3748 0.4127 0.4268 0.4199 0.3764 0.3046 0.2400 0.1924 0.1934 0.2996 0.3804 0.4151 0.4272 0.4172 0.3685 0.2961 0.2334 0.1878 0.2006 0.3138 0.3862 0.4176 0.4272 0.4139 0.3601 0.2878 0.2270 0.1843 0.2100 0.3264 0.3916 0.4198 0.4270 0.4099 0.3515 0.2796 0.2209 0.1822 0.2216 0.3374 0.3964 0.4217 0.4265 0.4051 0.3428 0.3045
0.3547 0.4055 0.4262 0.4219 0.3968 0.3384 0.2228 0.1821 0.2203 0.2789 0.3507 0.4095 0.4270 0.4200 0.3921 0.3275 0.2110 0.1841 0.2264 0.2870 0.3593 0.4136 0.4272 0.4178 0.3868 0.3150 0.2014 0.1874 0.2327 0.2953 0.3677 0.4170 0.4272 0.4154 0.3809 0.3010 0.1940 0.1919 0.2394 0.3038 0.3758 0.4197 0.4268 0.4128 0.3749 0.2876 0.1892 0.1957 0.2466 0.3124 0.3499 0.3123 0.2465 0.1956 0.1891 0.2876 0.3749 0.4128 0.4268 0.4197 0.3758 0.3038 0.2393 0.1919 0.1940 0.3010 0.3809 0.4154 0.4272 0.4170 0.3677 0.2953 0.2327 0.1874 0.2014 0.3150 0.3868 0.4178 0.4272 0.4136 0.3593 0.2869 0.2263 0.1840 0.2110 0.3275 0.3921 0.4200 0.4270 0.4095 0.3506 0.2788 0.2202 0.1820 0.2228 0.3384 0.3968 0.4219 0.4262 0.4055 0.3546
0.4005 0.4282 0.4219 0.3973 0.3394 0.2241 0.1820 0.2197 0.2781 0.3498 0.4091 0.4269 0.4202 0.3925 0.3286 0.2121 0.1838 0.2258 0.2862 0.3585 0.4132 0.4272 0.4180 0.3873 0.3163 0.2022 0.1870 0.2321 0.2945 0.3669 0.4167 0.4272 0.4156 0.3815 0.3024 0.1946 0.1915 0.2387 0.3030 0.3750 0.4195 0.4269 0.4130 0.3753 0.2882 0.1893 0.1958 0.2445 0.3123 0.3841 0.4112 0.3841 0.3121 0.2442 0.1957 0.1893 0.2883 0.3754 0.4130 0.4269 0.4194 0.3749 0.3029 0.2386 0.1914 0.1946 0.3024 0.3817 0.4157 0.4272 0.4166 0.3668 0.2944 0.2321 0.1870 0.2022 0.3164 0.3874 0.4181 0.4272 0.4131 0.3584 0.2861 0.2257 0.1838 0.2121 0.3287 0.3927 0.4202 0.4269 0.4090 0.3497 0.2780 0.2197 0.1819 0.2241 0.3395 0.3974 0.4220 0.4282 0.4005
0.4232 0.4238 0.3977 0.3404 0.2253 0.1819 0.2192 0.2773 0.3490 0.4087 0.4269 0.4204 0.3930 0.3297 0.2131 0.1836 0.2252 0.2854 0.3577 0.4129 0.4272 0.4183 0.3878 0.3176 0.2031 0.1867 0.2315 0.2937 0.3661 0.4164 0.4272 0.4159 0.3821 0.3037 0.1953 0.1910 0.2381 0.3022 0.3743 0.4192 0.4269 0.4132 0.3758 0.2892 0.1895 0.1956 0.2444 0.3098 0.3823 0.4228 0.4264 0.4230 0.3843 0.3120 0.2465 0.1973 0.1903 0.2887 0.3757 0.4132 0.4269 0.4194 0.3761 0.3047 0.2403 0.1927 0.1958 0.3031 0.3820 0.4159 0.4272 0.4166 0.3681 0.2962 0.2336 0.1882 0.2033 0.3170 0.3877 0.4183 0.4272 0.4133 0.3598 0.2879 0.2273 0.1850 0.2131 0.3293 0.3929 0.4204 0.4269 0.4093 0.3513 0.2798 0.2212 0.1831 0.2251 0.3400 0.3976 0.4237 0.4235
0.4287 0.3983 0.3413 0.2266 0.1818 0.2186 0.2766 0.3482 0.4082 0.4268 0.4205 0.3935 0.3308 0.2142 0.1834 0.2246 0.2846 0.3568 0.4125 0.4272 0.4185 0.3883 0.3188 0.2039 0.1863 0.2309 0.2929 0.3653 0.4161 0.4272 0.4161 0.3827 0.3051 0.1959 0.1906 0.2374 0.3014 0.3735 0.4190 0.4269 0.4135 0.3764 0.2906 0.1900 0.1953 0.2441 0.3097 0.3805 0.4211 0.4257 0.4134 0.4243 0.4232 0.3845 0.3123 0.2459 0.1964 0.1895 0.2873 0.3709 0.4106 0.4264 0.4210 0.3771 0.3042 0.2393 0.1917 0.1952 0.3007 0.3775 0.4135 0.4270 0.4183 0.3689 0.2957 0.2327 0.1873 0.2028 0.3134 0.3834 0.4161 0.4272 0.4151 0.3604 0.2873 0.2263 0.1841 0.2127 0.3248 0.3889 0.4184 0.4272 0.4110 0.3516 0.2791 0.2202 0.1823 0.2246 0.3350 0.3937 0.4276
0.4156 0.3423 0.2278 0.1817 0.2180 0.2758 0.3473 0.4078 0.4268 0.4207 0.3939 0.3318 0.2153 0.1831 0.2240 0.2839 0.3560 0.4121 0.4272 0.4187 0.3889 0.3200 0.2048 0.1860 0.2303 0.2921 0.3645 0.4157 0.4272 0.4164 0.3832 0.3065 0.1966 0.1902 0.2368 0.3005 0.3727 0.4187 0.4270 0.4138 0.3771 0.2920 0.1904 0.1949 0.2436 0.3092 0.3803 0.4209 0.4266 0.4059 0.3855 0.4224 0.4263 0.4119 0.3502 0.2767 0.2181 0.1783 0.2089 0.3199 0.3856 0.4166 0.4264 0.4066 0.3414 0.2691 0.2124 0.1759 0.2217 0.3303 0.3908 0.4188 0.4261 0.4009 0.3323 0.2613 0.2069 0.1743 0.2355 0.3399 0.3956 0.4207 0.4253 0.3944 0.3232 0.2538 0.2015 0.1744 0.2498 0.3487 0.3999 0.4224 0.4241 0.3871 0.3142 0.2466 0.1965 0.1763 0.2634 0.3556 0.4165
0.3741 0.2292 0.1816 0.2174 0.2750 0.3464 0.4073 0.4267 0.4209 0.3944 0.3329 0.2164 0.1829 0.2234 0.2830 0.3551 0.4117 0.4272 0.4189 0.3894 0.3212 0.2057 0.1856 0.2296 0.2913 0.3637 0.4154 0.4272 0.4166 0.3838 0.3078 0.1973 0.1897 0.2361 0.2997 0.3719 0.4185 0.4270 0.4140 0.3777 0.2934 0.1909 0.1944 0.2428 0.3083 0.3798 0.4209 0.4266 0.4103 0.3650 0.4142 0.4232 0.4192 0.3859 0.3133 0.2459 0.1964 0.1895 0.2873 0.3709 0.4106 0.4264 0.4210 0.3771 0.3042 0.2393 0.1917 0.1952 0.3007 0.3775 0.4135 0.4270 0.4183 0.3689 0.2957 0.2327 0.1873 0.2028 0.3134 0.3834 0.4161 0.4272 0.4151 0.3604 0.2873 0.2263 0.1841 0.2127 0.3248 0.3889 0.4184 0.4272 0.4110 0.3516 0.2791 0.2202 0.1823 0.2246 0.3350 0.3937 0.4276
0.2848 0.1815 0.2169 0.2742 0.3455 0.4068 0.4267 0.4212 0.3950 0.3340 0.2176 0.1827 0.2228 0.2822 0.3542 0.4112 0.4271 0.4192 0.3900 0.3225 0.2067 0.1853 0.2290 0.2904 0.3628 0.4150 0.4273 0.4169 0.3845 0.3092 0.1980 0.1893 0.2354 0.2988 0.3711 0.4181 0.4271 0.4144 0.3784 0.2948 0.1915 0.1939 0.2422 0.3074 0.3790 0.4207 0.4266 0.4117 0.3705 0.2841 0.2615 0.3077 0.3583 0.3156 0.2486 0.1971 0.1903 0.2886 0.3757 0.4132 0.4269 0.4194 0.3761 0.3047 0.2403 0.1927 0.1958 0.3031 0.3820 0.4159 0.4272 0.4166 0.3681 0.2962 0.2336 0.1882 0.2033 0.3170 0.3877 0.4183 0.4272 0.4133 0.3598 0.2879 0.2273 0.1850 0.2131 0.3293 0.3929 0.4204 0.4269 0.4093 0.3513 0.2798 0.2212 0.1831 0.2251 0.3400 0.3976 0.4237 0.4235
0.2474 0.2185 0.2761 0.3472 0.4071 0.4267 0.4213 0.3953 0.3346 0.2186 0.1839 0.2243 0.2840 0.3557 0.4114 0.4271 0.4193 0.3903 0.3231 0.2078 0.1865 0.2306 0.2922 0.3642 0.4151 0.4273 0.4171 0.3848 0.3099 0.1991 0.1905 0.2371 0.3006 0.3723 0.4181 0.4271 0.4145 0.3788 0.2955 0.1926 0.1952 0.2438 0.3092 0.3801 0.4206 0.4266 0.4117 0.3723 0.2800 0.1861 0.2098 0.2774 0.3031 0.2521 0.1956 0.1892 0.2882 0.3754 0.4131 0.4269 0.4194 0.3749 0.3029 0.2386 0.1914 0.1946 0.3024 0.3817 0.4157 0.4272 0.4166 0.3668 0.2944 0.2321 0.1870 0.2022 0.3164 0.3874 0.4181 0.4272 0.4131 0.3584 0.2861 0.2257 0.1838 0.2121 0.3287 0.3927 0.4202 0.4269 0.4090 0.3497 0.2780 0.2197 0.1819 0.2241 0.3395 0.3974 0.4220 0.4282 0.4005
0.2680 0.2757 0.3477 0.4090 0.4271 0.4195 0.3913 0.3299 0.2182 0.1830 0.2233 0.2833 0.3562 0.4132 0.4273 0.4172 0.3861 0.3190 0.2073 0.1855 0.2295 0.2916 0.3648 0.4169 0.4271 0.4148 0.3804 0.3069 0.1986 0.1895 0.2361 0.3001 0.3732 0.4198 0.4267 0.4120 0.3741 0.2938 0.1920 0.1942 0.2429 0.3087 0.3812 0.4222 0.4259 0.4088 0.3671 0.2798 0.1870 0.2003 0.2466 0.2778 0.2543 0.1973 0.1889 0.2876 0.3749 0.4128 0.4268 0.4197 0.3758 0.3038 0.2393 0.1919 0.1940 0.3010 0.3809 0.4154 0.4272 0.4170 0.3677 0.2953 0.2327 0.1874 0.2014 0.3150 0.3868 0.4178 0.4272 0.4136 0.3593 0.2869 0.2263 0.1840 0.2110 0.3275 0.3921 0.4200 0.4270 0.4095 0.3506 0.2788 0.2202 0.1820 0.2228 0.3384 0.3968 0.4219 0.4262 0.4055 0.3546
0.2849 0.3108 0.3836 0.4233 0.4231 0.4019 0.3529 0.2569 0.1752 0.1990 0.2502 0.3187 0.3908 0.4248 0.4216 0.3978 0.3444 0.2426 0.1741 0.2042 0.2575 0.3277 0.3977 0.4258 0.4198 0.3933 0.3352 0.2285 0.1750 0.2096 0.2652 0.3368 0.4039 0.4263 0.4178 0.3883 0.3252 0.2151 0.1770 0.2152 0.2729 0.3456 0.4090 0.4265 0.4156 0.3834 0.3158 0.2050 0.1799 0.2205 0.2539 0.2486 0.2009 0.1890 0.2876 0.3747 0.4127 0.4268 0.4199 0.3764 0.3046 0.2400 0.1924 0.1934 0.2996 0.3804 0.4151 0.4272 0.4172 0.3685 0.2961 0.2334 0.1878 0.2006 0.3138 0.3862 0.4176 0.4272 0.4139 0.3601 0.2878 0.2270 0.1843 0.2100 0.3264 0.3916 0.4198 0.4270 0.4099 0.3515 0.2796 0.2209 0.1822 0.2216 0.3374 0.3964 0.4217 0.4265 0.4051 0.3428 0.3045
