0.1112 0.7475 1.0000 1.0000 1.0000 0.0007 0.0023 0.0071 0.0222 0.0699 0.2196 0.6901 1.0000 1.0000 1.0000 0.0007 0.0023 0.0071 0.0224 0.0703 0.2209 0.6941 1.0000 1.0000 1.0000 0.0007 0.0023 0.0072 0.0225 0.0707 0.2222 0.6981 1.0000 1.0000 1.0000 0.0007 0.0023 0.0072 0.0226 0.0711 0.2234 0.7021 1.0000 1.0000 1.0000 0.0007 0.0023 0.0072 0.0231 0.0834 0.1986 0.0834 0.0231 0.0072 0.0023 0.0007 1.0000 1.0000 1.0000 0.7021 0.2234 0.0711 0.0226 0.0072 0.0023 0.0007 1.0000 1.0000 1.0000 0.6981 0.2222 0.0707 0.0225 0.0072 0.0023 0.0007 1.0000 1.0000 1.0000 0.6941 0.2209 0.0703 0.0224 0.0071 0.0023 0.0007 1.0000 1.0000 1.0000 0.6901 0.2196 0.0699 0.0222 0.0071 0.0023 0.0007 1.0000 1.0000 1.0000 0.7475 0.1112
0.7475 1.0000 1.0000 1.0000 0.0015 0.0046 0.0144 0.0454 0.1424 0.4473 1.0000 1.0000 1.0000 1.0000 0.0015 0.0046 0.0145 0.0457 0.1435 0.4507 1.0000 1.0000 1.0000 1.0000 0.0015 0.0047 0.0146 0.0459 0.1443 0.4533 1.0000 1.0000 1.0000 1.0000 0.0015 0.0047 0.0147 0.0462 0.1451 0.4559 1.0000 1.0000 1.0000 1.0000 0.0015 0.0047 0.0148 0.0462 0.1465 0.5329 1.0000 0.5329 0.1465 0.0462 0.0148 0.0047 0.0015 1.0000 1.0000 1.0000 1.0000 0.4559 0.1451 0.0462 0.0147 0.0047 0.0015 1.0000 1.0000 1.0000 1.0000 0.4533 0.1443 0.0459 0.0146 0.0047 0.0015 1.0000 1.0000 1.0000 1.0000 0.4507 0.1435 0.0457 0.0145 0.0046 0.0015 1.0000 1.0000 1.0000 1.0000 0.4473 0.1424 0.0454 0.0144 0.0046 0.0015 1.0000 1.0000 1.0000 0.7475
1.0000 1.0000 1.0000 0.0013 0.0042 0.0133 0.0419 0.1314 0.4138 1.0000 1.0000 1.0000 1.0000 0.0014 0.0043 0.0134 0.0422 0.1324 0.4169 1.0000 1.0000 1.0000 1.0000 0.0014 0.0043 0.0135 0.0424 0.1335 0.4185 1.0000 1.0000 1.0000 1.0000 0.0014 0.0043 0.0136 0.0427 0.1340 0.4217 1.0000 1.0000 1.0000 1.0000 0.0014 0.0043 0.0137 0.0429 0.1345 0.4249 1.0000 1.0000 1.0000 0.4249 0.1345 0.0429 0.0137 0.0043 0.0014 1.0000 1.0000 1.0000 1.0000 0.4217 0.1340 0.0427 0.0136 0.0043 0.0014 1.0000 1.0000 1.0000 1.0000 0.4185 0.1335 0.0424 0.0135 0.0043 0.0014 1.0000 1.0000 1.0000 1.0000 0.4169 0.1324 0.0422 0.0134 0.0043 0.0014 1.0000 1.0000 1.0000 1.0000 0.4138 0.1314 0.0419 0.0133 0.0042 0.0013 1.0000 1.0000 1.0000
1.0000 1.0000 0.0013 0.0043 0.0136 0.0429 0.1347 0.4241 1.0000 1.0000 1.0000 1.0000 0.0014 0.0044 0.0138 0.0433 0.1360 0.4274 1.0000 1.0000 1.0000 1.0000 0.0014 0.0044 0.0139 0.0435 0.1368 0.4298 1.0000 1.0000 1.0000 1.0000 0.0014 0.0044 0.0139 0.0438 0.1376 0.4323 1.0000 1.0000 1.0000 1.0000 0.0014 0.0045 0.0140 0.0440 0.1384 0.4331 1.0000 1.0000 1.0000 1.0000 1.0000 0.4331 0.1384 0.0440 0.0140 0.0045 0.0014 1.0000 1.0000 1.0000 1.0000 0.4323 0.1376 0.0438 0.0139 0.0044 0.0014 1.0000 1.0000 1.0000 1.0000 0.4298 0.1368 0.0435 0.0139 0.0044 0.0014 1.0000 1.0000 1.0000 1.0000 0.4274 0.1360 0.0433 0.0138 0.0044 0.0014 1.0000 1.0000 1.0000 1.0000 0.4241 0.1347 0.0429 0.0136 0.0043 0.0013 1.0000 1.0000
1.0000 0.0015 0.0042 0.0136 0.0429 0.1358 0.4282 1.0000 1.0000 1.0000 1.0000 0.0014 0.0044 0.0139 0.0438 0.1376 0.4323 1.0000 1.0000 1.0000 1.0000 0.0014 0.0045 0.0140 0.0440 0.1384 0.4347 1.0000 1.0000 1.0000 1.0000 0.0014 0.0045 0.0141 0.0443 0.1392 0.4372 1.0000 1.0000 1.0000 1.0000 0.0014 0.0045 0.0142 0.0445 0.1400 0.4397 1.0000 1.0000 1.0000 1.0000 1.0000 1.0000 1.0000 0.4397 0.1400 0.0445 0.0142 0.0045 0.0014 1.0000 1.0000 1.0000 1.0000 0.4372 0.1392 0.0443 0.0141 0.0045 0.0014 1.0000 1.0000 1.0000 1.0000 0.4347 0.1384 0.0440 0.0140 0.0045 0.0014 1.0000 1.0000 1.0000 1.0000 0.4323 0.1376 0.0438 0.0139 0.0044 0.0014 1.0000 1.0000 1.0000 1.0000 0.4282 0.1358 0.0429 0.0136 0.0042 0.0015 1.0000
0.0007 0.0046 0.0133 0.0429 0.1358 0.4298 1.0000 1.0000 1.0000 1.0000 0.0014 0.0045 0.0141 0.0444 0.1394 0.4381 1.0000 1.0000 1.0000 1.0000 0.0014 0.0045 0.0142 0.0446 0.1402 0.4406 1.0000 1.0000 1.0000 1.0000 0.0014 0.0045 0.0143 0.0449 0.1410 0.4431 1.0000 1.0000 1.0000 1.0000 0.0015 0.0046 0.0144 0.0451 0.1418 0.4456 1.0000 1.0000 1.0000 1.0000 0.0012 1.0000 1.0000 1.0000 1.0000 0.4456 0.1418 0.0451 0.0144 0.0046 0.0015 1.0000 1.0000 1.0000 1.0000 0.4431 0.1410 0.0449 0.0143 0.0045 0.0014 1.0000 1.0000 1.0000 1.0000 0.4406 0.1402 0.0446 0.0142 0.0045 0.0014 1.0000 1.0000 1.0000 1.0000 0.4381 0.1394 0.0444 0.0141 0.0045 0.0014 1.0000 1.0000 1.0000 1.0000 0.4298 0.1358 0.0429 0.0133 0.0046 0.0007
0.0023 0.0144 0.0419 0.1347 0.4282 1.0000 1.0000 1.0000 1.0000 0.0014 0.0045 0.0143 0.0450 0.1413 0.4439 1.0000 1.0000 1.0000 1.0000 0.0015 0.0046 0.0144 0.0452 0.1421 0.4465 1.0000 1.0000 1.0000 1.0000 0.0015 0.0046 0.0145 0.0455 0.1429 0.4490 1.0000 1.0000 1.0000 1.0000 0.0015 0.0046 0.0146 0.0457 0.1437 0.4516 1.0000 1.0000 1.0000 1.0000 0.0017 0.0038 0.0017 1.0000 1.0000 1.0000 1.0000 0.4516 0.1437 0.0457 0.0146 0.0046 0.0015 1.0000 1.0000 1.0000 1.0000 0.4490 0.1429 0.0455 0.0145 0.0046 0.0015 1.0000 1.0000 1.0000 1.0000 0.4465 0.1421 0.0452 0.0144 0.0046 0.0015 1.0000 1.0000 1.0000 1.0000 0.4439 0.1413 0.0450 0.0143 0.0045 0.0014 1.0000 1.0000 1.0000 1.0000 0.4282 0.1347 0.0419 0.0144 0.0023
0.0071 0.0454 0.1314 0.4241 1.0000 1.0000 1.0000 1.0000 0.0015 0.0046 0.0144 0.0455 0.1432 0.4499 1.0000 1.0000 1.0000 1.0000 0.0015 0.0046 0.0146 0.0458 0.1440 0.4525 1.0000 1.0000 1.0000 1.0000 0.0015 0.0047 0.0147 0.0461 0.1448 0.4550 1.0000 1.0000 1.0000 1.0000 0.0015 0.0047 0.0148 0.0464 0.1457 0.4577 1.0000 1.0000 1.0000 1.0000 0.0015 0.0055 0.0122 0.0055 0.0015 1.0000 1.0000 1.0000 1.0000 0.4577 0.1457 0.0464 0.0148 0.0047 0.0015 1.0000 1.0000 1.0000 1.0000 0.4550 0.1448 0.0461 0.0147 0.0047 0.0015 1.0000 1.0000 1.0000 1.0000 0.4525 0.1440 0.0458 0.0146 0.0046 0.0015 1.0000 1.0000 1.0000 1.0000 0.4499 0.1432 0.0455 0.0144 0.0046 0.0015 1.0000 1.0000 1.0000 1.0000 0.4241 0.1314 0.0454 0.0071
0.0222 0.1424 0.4138 1.0000 1.0000 1.0000 1.0000 0.0015 0.0046 0.0146 0.0459 0.1445 0.4550 1.0000 1.0000 1.0000 1.0000 0.0015 0.0047 0.0148 0.0464 0.1459 0.4585 1.0000 1.0000 1.0000 1.0000 0.0015 0.0047 0.0149 0.0467 0.1468 0.4611 1.0000 1.0000 1.0000 1.0000 0.0015 0.0048 0.0150 0.0470 0.1476 0.4638 1.0000 1.0000 1.0000 1.0000 0.0015 0.0048 0.0174 0.0388 0.0174 0.0048 0.0015 1.0000 1.0000 1.0000 1.0000 0.4638 0.1476 0.0470 0.0150 0.0048 0.0015 1.0000 1.0000 1.0000 1.0000 0.4611 0.1468 0.0467 0.0149 0.0047 0.0015 1.0000 1.0000 1.0000 1.0000 0.4585 0.1459 0.0464 0.0148 0.0047 0.0015 1.0000 1.0000 1.0000 1.0000 0.4550 0.1445 0.0459 0.0146 0.0046 0.0015 1.0000 1.0000 1.0000 1.0000 0.4138 0.1424 0.0222
0.0699 0.4473 1.0000 1.0000 1.0000 1.0000 0.0014 0.0046 0.0146 0.0461 0.1457 0.4594 1.0000 1.0000 1.0000 1.0000 0.0015 0.0048 0.0150 0.0471 0.1479 0.4647 1.0000 1.0000 1.0000 1.0000 0.0015 0.0048 0.0151 0.0473 0.1487 0.4673 1.0000 1.0000 1.0000 1.0000 0.0015 0.0048 0.0152 0.0476 0.1496 0.4700 1.0000 1.0000 1.0000 1.0000 0.0015 0.0048 0.0153 0.0553 0.1234 0.0553 0.0153 0.0048 0.0015 1.0000 1.0000 1.0000 1.0000 0.4700 0.1496 0.0476 0.0152 0.0048 0.0015 1.0000 1.0000 1.0000 1.0000 0.4673 0.1487 0.0473 0.0151 0.0048 0.0015 1.0000 1.0000 1.0000 1.0000 0.4647 0.1479 0.0471 0.0150 0.0048 0.0015 1.0000 1.0000 1.0000 1.0000 0.4594 0.1457 0.0461 0.0146 0.0046 0.0014 1.0000 1.0000 1.0000 1.0000 0.4473 0.0699
0.2196 1.0000 1.0000 1.0000 1.0000 0.0014 0.0045 0.0144 0.0459 0.1457 0.4611 1.0000 1.0000 1.0000 1.0000 0.0015 0.0048 0.0152 0.0477 0.1499 0.4709 1.0000 1.0000 1.0000 1.0000 0.0015 0.0049 0.0153 0.0480 0.1507 0.4736 1.0000 1.0000 1.0000 1.0000 0.0016 0.0049 0.0154 0.0482 0.1516 0.4763 1.0000 1.0000 1.0000 1.0000 0.0016 0.0049 0.0154 0.0487 0.1762 0.3931 0.1762 0.0487 0.0154 0.0049 0.0016 1.0000 1.0000 1.0000 1.0000 0.4763 0.1516 0.0482 0.0154 0.0049 0.0016 1.0000 1.0000 1.0000 1.0000 0.4736 0.1507 0.0480 0.0153 0.0049 0.0015 1.0000 1.0000 1.0000 1.0000 0.4709 0.1499 0.0477 0.0152 0.0048 0.0015 1.0000 1.0000 1.0000 1.0000 0.4611 0.1457 0.0459 0.0144 0.0045 0.0014 1.0000 1.0000 1.0000 1.0000 0.2196
0.6901 1.0000 1.0000 1.0000 0.0014 0.0045 0.0143 0.0455 0.1445 0.4594 1.0000 1.0000 1.0000 1.0000 0.0016 0.0049 0.0154 0.0483 0.1519 0.4772 1.0000 1.0000 1.0000 1.0000 0.0016 0.0049 0.0155 0.0486 0.1527 0.4799 1.0000 1.0000 1.0000 1.0000 0.0016 0.0050 0.0156 0.0489 0.1536 0.4827 1.0000 1.0000 1.0000 1.0000 0.0016 0.0050 0.0156 0.0490 0.1551 0.5609 1.0000 0.5609 0.1551 0.0490 0.0156 0.0050 0.0016 1.0000 1.0000 1.0000 1.0000 0.4827 0.1536 0.0489 0.0156 0.0050 0.0016 1.0000 1.0000 1.0000 1.0000 0.4799 0.1527 0.0486 0.0155 0.0049 0.0016 1.0000 1.0000 1.0000 1.0000 0.4772 0.1519 0.0483 0.0154 0.0049 0.0016 1.0000 1.0000 1.0000 1.0000 0.4594 0.1445 0.0455 0.0143 0.0045 0.0014 1.0000 1.0000 1.0000 0.6901
1.0000 1.0000 1.0000 0.0014 0.0044 0.0141 0.0450 0.1432 0.4550 1.0000 1.0000 1.0000 1.0000 0.0016 0.0049 0.0155 0.0489 0.1539 0.4836 1.0000 1.0000 1.0000 1.0000 0.0016 0.0050 0.0157 0.0493 0.1548 0.4864 1.0000 1.0000 1.0000 1.0000 0.0016 0.0050 0.0158 0.0495 0.1557 0.4892 1.0000 1.0000 1.0000 1.0000 0.0016 0.0050 0.0159 0.0498 0.1560 0.4938 1.0000 1.0000 1.0000 0.4938 0.1560 0.0498 0.0159 0.0050 0.0016 1.0000 1.0000 1.0000 1.0000 0.4892 0.1557 0.0495 0.0158 0.0050 0.0016 1.0000 1.0000 1.0000 1.0000 0.4864 0.1548 0.0493 0.0157 0.0050 0.0016 1.0000 1.0000 1.0000 1.0000 0.4836 0.1539 0.0489 0.0155 0.0049 0.0016 1.0000 1.0000 1.0000 1.0000 0.4550 0.1432 0.0450 0.0141 0.0044 0.0014 1.0000 1.0000 1.0000
1.0000 1.0000 0.0014 0.0044 0.0139 0.0444 0.1413 0.4499 1.0000 1.0000 1.0000 1.0000 0.0016 0.0050 0.0156 0.0494 0.1554 0.4892 1.0000 1.0000 1.0000 1.0000 0.0016 0.0051 0.0159 0.0499 0.1569 0.4929 1.0000 1.0000 1.0000 1.0000 0.0016 0.0051 0.0160 0.0502 0.1578 0.4957 1.0000 1.0000 1.0000 1.0000 0.0016 0.0051 0.0161 0.0505 0.1587 0.4967 1.0000 1.0000 1.0000 1.0000 1.0000 0.4967 0.1587 0.0505 0.0161 0.0051 0.0016 1.0000 1.0000 1.0000 1.0000 0.4957 0.1578 0.0502 0.0160 0.0051 0.0016 1.0000 1.0000 1.0000 1.0000 0.4929 0.1569 0.0499 0.0159 0.0051 0.0016 1.0000 1.0000 1.0000 1.0000 0.4892 0.1554 0.0494 0.0156 0.0050 0.0016 1.0000 1.0000 1.0000 1.0000 0.4499 0.1413 0.0444 0.0139 0.0044 0.0014 1.0000 1.0000
1.0000 0.0015 0.0043 0.0138 0.0438 0.1394 0.4439 1.0000 1.0000 1.0000 1.0000 0.0016 0.0049 0.0156 0.0495 0.1566 0.4938 1.0000 1.0000 1.0000 1.0000 0.0016 0.0051 0.0161 0.0506 0.1590 0.4995 1.0000 1.0000 1.0000 1.0000 0.0016 0.0052 0.0162 0.0509 0.1599 0.5024 1.0000 1.0000 1.0000 1.0000 0.0016 0.0052 0.0163 0.0512 0.1608 0.5052 1.0000 1.0000 1.0000 1.0000 1.0000 1.0000 1.0000 0.5052 0.1608 0.0512 0.0163 0.0052 0.0016 1.0000 1.0000 1.0000 1.0000 0.5024 0.1599 0.0509 0.0162 0.0052 0.0016 1.0000 1.0000 1.0000 1.0000 0.4995 0.1590 0.0506 0.0161 0.0051 0.0016 1.0000 1.0000 1.0000 1.0000 0.4938 0.1566 0.0495 0.0156 0.0049 0.0016 1.0000 1.0000 1.0000 1.0000 0.4439 0.1394 0.0438 0.0138 0.0043 0.0015 1.0000
0.0007 0.0046 0.0134 0.0433 0.1376 0.4381 1.0000 1.0000 1.0000 1.0000 0.0015 0.0049 0.0155 0.0494 0.1566 0.4957 1.0000 1.0000 1.0000 1.0000 0.0017 0.0052 0.0163 0.0513 0.1611 0.5062 1.0000 1.0000 1.0000 1.0000 0.0017 0.0052 0.0164 0.0516 0.1620 0.5091 1.0000 1.0000 1.0000 1.0000 0.0017 0.0053 0.0165 0.0519 0.1629 0.5120 1.0000 1.0000 1.0000 1.0000 0.0014 1.0000 1.0000 1.0000 1.0000 0.5120 0.1629 0.0519 0.0165 0.0053 0.0017 1.0000 1.0000 1.0000 1.0000 0.5091 0.1620 0.0516 0.0164 0.0052 0.0017 1.0000 1.0000 1.0000 1.0000 0.5062 0.1611 0.0513 0.0163 0.0052 0.0017 1.0000 1.0000 1.0000 1.0000 0.4957 0.1566 0.0494 0.0155 0.0049 0.0015 1.0000 1.0000 1.0000 1.0000 0.4381 0.1376 0.0433 0.0134 0.0046 0.0007
0.0023 0.0145 0.0422 0.1360 0.4323 1.0000 1.0000 1.0000 1.0000 0.0015 0.0048 0.0154 0.0489 0.1554 0.4938 1.0000 1.0000 1.0000 1.0000 0.0017 0.0053 0.0165 0.0520 0.1633 0.5130 1.0000 1.0000 1.0000 1.0000 0.0017 0.0053 0.0166 0.0523 0.1642 0.5159 1.0000 1.0000 1.0000 1.0000 0.0017 0.0053 0.0167 0.0526 0.1651 0.5189 1.0000 1.0000 1.0000 1.0000 0.0020 0.0044 0.0020 1.0000 1.0000 1.0000 1.0000 0.5189 0.1651 0.0526 0.0167 0.0053 0.0017 1.0000 1.0000 1.0000 1.0000 0.5159 0.1642 0.0523 0.0166 0.0053 0.0017 1.0000 1.0000 1.0000 1.0000 0.5130 0.1633 0.0520 0.0165 0.0053 0.0017 1.0000 1.0000 1.0000 1.0000 0.4938 0.1554 0.0489 0.0154 0.0048 0.0015 1.0000 1.0000 1.0000 1.0000 0.4323 0.1360 0.0422 0.0145 0.0023
0.0071 0.0457 0.1324 0.4274 1.0000 1.0000 1.0000 1.0000 0.0015 0.0048 0.0152 0.0483 0.1539 0.4892 1.0000 1.0000 1.0000 1.0000 0.0017 0.0053 0.0167 0.0526 0.1654 0.5198 1.0000 1.0000 1.0000 1.0000 0.0017 0.0054 0.0169 0.0530 0.1664 0.5228 1.0000 1.0000 1.0000 1.0000 0.0017 0.0054 0.0170 0.0533 0.1673 0.5258 1.0000 1.0000 1.0000 1.0000 0.0017 0.0063 0.0140 0.0063 0.0017 1.0000 1.0000 1.0000 1.0000 0.5258 0.1673 0.0533 0.0170 0.0054 0.0017 1.0000 1.0000 1.0000 1.0000 0.5228 0.1664 0.0530 0.0169 0.0054 0.0017 1.0000 1.0000 1.0000 1.0000 0.5198 0.1654 0.0526 0.0167 0.0053 0.0017 1.0000 1.0000 1.0000 1.0000 0.4892 0.1539 0.0483 0.0152 0.0048 0.0015 1.0000 1.0000 1.0000 1.0000 0.4274 0.1324 0.0457 0.0071
0.0224 0.1435 0.4169 1.0000 1.0000 1.0000 1.0000 0.0015 0.0047 0.0150 0.0477 0.1519 0.4836 1.0000 1.0000 1.0000 1.0000 0.0017 0.0053 0.0168 0.0531 0.1670 0.5258 1.0000 1.0000 1.0000 1.0000 0.0017 0.0054 0.0171 0.0537 0.1686 0.5298 1.0000 1.0000 1.0000 1.0000 0.0017 0.0055 0.0172 0.0540 0.1696 0.5329 1.0000 1.0000 1.0000 1.0000 0.0017 0.0055 0.0200 0.0445 0.0200 0.0055 0.0017 1.0000 1.0000 1.0000 1.0000 0.5329 0.1696 0.0540 0.0172 0.0055 0.0017 1.0000 1.0000 1.0000 1.0000 0.5298 0.1686 0.0537 0.0171 0.0054 0.0017 1.0000 1.0000 1.0000 1.0000 0.5258 0.1670 0.0531 0.0168 0.0053 0.0017 1.0000 1.0000 1.0000 1.0000 0.4836 0.1519 0.0477 0.0150 0.0047 0.0015 1.0000 1.0000 1.0000 1.0000 0.4169 0.1435 0.0224
0.0703 0.4507 1.0000 1.0000 1.0000 1.0000 0.0015 0.0046 0.0148 0.0471 0.1499 0.4772 1.0000 1.0000 1.0000 1.0000 0.0017 0.0053 0.0168 0.0533 0.1683 0.5308 1.0000 1.0000 1.0000 1.0000 0.0018 0.0055 0.0173 0.0544 0.1709 0.5369 1.0000 1.0000 1.0000 1.0000 0.0018 0.0055 0.0174 0.0547 0.1719 0.5400 1.0000 1.0000 1.0000 1.0000 0.0018 0.0056 0.0176 0.0636 0.1418 0.0636 0.0176 0.0056 0.0018 1.0000 1.0000 1.0000 1.0000 0.5400 0.1719 0.0547 0.0174 0.0055 0.0018 1.0000 1.0000 1.0000 1.0000 0.5369 0.1709 0.0544 0.0173 0.0055 0.0018 1.0000 1.0000 1.0000 1.0000 0.5308 0.1683 0.0533 0.0168 0.0053 0.0017 1.0000 1.0000 1.0000 1.0000 0.4772 0.1499 0.0471 0.0148 0.0046 0.0015 1.0000 1.0000 1.0000 1.0000 0.4507 0.0703
0.2209 1.0000 1.0000 1.0000 1.0000 0.0014 0.0046 0.0146 0.0464 0.1479 0.4709 1.0000 1.0000 1.0000 1.0000 0.0017 0.0053 0.0167 0.0531 0.1683 0.5329 1.0000 1.0000 1.0000 1.0000 0.0018 0.0056 0.0175 0.0551 0.1732 0.5441 1.0000 1.0000 1.0000 1.0000 0.0018 0.0056 0.0176 0.0554 0.1742 0.5472 1.0000 1.0000 1.0000 1.0000 0.0018 0.0056 0.0177 0.0560 0.2024 0.4516 0.2024 0.0560 0.0177 0.0056 0.0018 1.0000 1.0000 1.0000 1.0000 0.5472 0.1742 0.0554 0.0176 0.0056 0.0018 1.0000 1.0000 1.0000 1.0000 0.5441 0.1732 0.0551 0.0175 0.0056 0.0018 1.0000 1.0000 1.0000 1.0000 0.5329 0.1683 0.0531 0.0167 0.0053 0.0017 1.0000 1.0000 1.0000 1.0000 0.4709 0.1479 0.0464 0.0146 0.0046 0.0014 1.0000 1.0000 1.0000 1.0000 0.2209
0.6941 1.0000 1.0000 1.0000 0.0014 0.0045 0.0144 0.0458 0.1459 0.4647 1.0000 1.0000 1.0000 1.0000 0.0016 0.0052 0.0165 0.0526 0.1670 0.5308 1.0000 1.0000 1.0000 1.0000 0.0018 0.0056 0.0178 0.0559 0.1755 0.5514 1.0000 1.0000 1.0000 1.0000 0.0018 0.0057 0.0179 0.0562 0.1765 0.5546 1.0000 1.0000 1.0000 1.0000 0.0018 0.0057 0.0180 0.0563 0.1782 0.6445 1.0000 0.6445 0.1782 0.0563 0.0180 0.0057 0.0018 1.0000 1.0000 1.0000 1.0000 0.5546 0.1765 0.0562 0.0179 0.0057 0.0018 1.0000 1.0000 1.0000 1.0000 0.5514 0.1755 0.0559 0.0178 0.0056 0.0018 1.0000 1.0000 1.0000 1.0000 0.5308 0.1670 0.0526 0.0165 0.0052 0.0016 1.0000 1.0000 1.0000 1.0000 0.4647 0.1459 0.0458 0.0144 0.0045 0.0014 1.0000 1.0000 1.0000 0.6941
1.0000 1.0000 1.0000 0.0014 0.0045 0.0142 0.0452 0.1440 0.4585 1.0000 1.0000 1.0000 1.0000 0.0016 0.0051 0.0163 0.0520 0.1654 0.5258 1.0000 1.0000 1.0000 1.0000 0.0018 0.0057 0.0179 0.0565 0.1778 0.5588 1.0000 1.0000 1.0000 1.0000 0.0018 0.0058 0.0181 0.0569 0.1789 0.5620 1.0000 1.0000 1.0000 1.0000 0.0018 0.0058 0.0182 0.0573 0.1792 0.5674 1.0000 1.0000 1.0000 0.5674 0.1792 0.0573 0.0182 0.0058 0.0018 1.0000 1.0000 1.0000 1.0000 0.5620 0.1789 0.0569 0.0181 0.0058 0.0018 1.0000 1.0000 1.0000 1.0000 0.5588 0.1778 0.0565 0.0180 0.0057 0.0018 1.0000 1.0000 1.0000 1.0000 0.5258 0.1654 0.0520 0.0163 0.0051 0.0016 1.0000 1.0000 1.0000 1.0000 0.4585 0.1440 0.0452 0.0142 0.0045 0.0014 1.0000 1.0000 1.0000
1.0000 1.0000 0.0014 0.0044 0.0140 0.0446 0.1421 0.4525 1.0000 1.0000 1.0000 1.0000 0.0016 0.0051 0.0161 0.0513 0.1633 0.5198 1.0000 1.0000 1.0000 1.0000 0.0018 0.0057 0.0181 0.0570 0.1795 0.5652 1.0000 1.0000 1.0000 1.0000 0.0019 0.0058 0.0184 0.0577 0.1813 0.5695 1.0000 1.0000 1.0000 1.0000 0.0019 0.0059 0.0185 0.0580 0.1823 0.5706 1.0000 1.0000 1.0000 1.0000 1.0000 0.5706 0.1823 0.0580 0.0185 0.0059 0.0019 1.0000 1.0000 1.0000 1.0000 0.5695 0.1813 0.0577 0.0184 0.0058 0.0019 1.0000 1.0000 1.0000 1.0000 0.5652 0.1795 0.0569 0.0180 0.0057 0.0018 1.0000 1.0000 1.0000 1.0000 0.5198 0.1633 0.0513 0.0161 0.0051 0.0016 1.0000 1.0000 1.0000 1.0000 0.4525 0.1421 0.0446 0.0140 0.0044 0.0014 1.0000 1.0000
1.0000 0.0015 0.0043 0.0139 0.0440 0.1402 0.4465 1.0000 1.0000 1.0000 1.0000 0.0016 0.0050 0.0159 0.0506 0.1611 0.5130 1.0000 1.0000 1.0000 1.0000 0.0018 0.0057 0.0181 0.0573 0.1809 0.5706 1.0000 1.0000 1.0000 1.0000 0.0019 0.0059 0.0186 0.0585 0.1837 0.5772 1.0000 1.0000 1.0000 1.0000 0.0019 0.0060 0.0187 0.0588 0.1847 0.5805 1.0000 1.0000 1.0000 1.0000 1.0000 1.0000 1.0000 0.5805 0.1847 0.0588 0.0187 0.0060 0.0019 1.0000 1.0000 1.0000 1.0000 0.5772 0.1837 0.0585 0.0186 0.0059 0.0019 1.0000 1.0000 1.0000 1.0000 0.5695 0.1806 0.0571 0.0180 0.0057 0.0018 1.0000 1.0000 1.0000 1.0000 0.5130 0.1611 0.0506 0.0159 0.0050 0.0016 1.0000 1.0000 1.0000 1.0000 0.4465 0.1402 0.0440 0.0139 0.0043 0.0015 1.0000
0.0007 0.0047 0.0135 0.0435 0.1384 0.4406 1.0000 1.0000 1.0000 1.0000 0.0015 0.0049 0.0157 0.0499 0.1590 0.5062 1.0000 1.0000 1.0000 1.0000 0.0018 0.0056 0.0179 0.0570 0.1809 0.5717 1.0000 1.0000 1.0000 1.0000 0.0019 0.0060 0.0189 0.0592 0.1862 0.5849 1.0000 1.0000 1.0000 1.0000 0.0019 0.0060 0.0190 0.0596 0.1872 0.5882 1.0000 1.0000 1.0000 0.0007 0.0016 0.0007 1.0000 1.0000 1.0000 0.5882 0.1872 0.0596 0.0190 0.0060 0.0019 1.0000 1.0000 1.0000 1.0000 0.5849 0.1862 0.0592 0.0189 0.0060 0.0019 1.0000 1.0000 1.0000 1.0000 0.5717 0.1806 0.0569 0.0180 0.0056 0.0018 1.0000 1.0000 1.0000 1.0000 0.5062 0.1590 0.0499 0.0157 0.0049 0.0015 1.0000 1.0000 1.0000 1.0000 0.4406 0.1384 0.0435 0.0135 0.0047 0.0007
0.0023 0.0146 0.0424 0.1368 0.4347 1.0000 1.0000 1.0000 1.0000 0.0015 0.0049 0.0155 0.0493 0.1569 0.4995 1.0000 1.0000 1.0000 1.0000 0.0018 0.0056 0.0178 0.0565 0.1799 0.5695 1.0000 1.0000 1.0000 1.0000 0.0019 0.0061 0.0191 0.0600 0.1886 0.5927 1.0000 1.0000 1.0000 0.0006 0.0019 0.0061 0.0192 0.0604 0.1897 0.5961 1.0000 1.0000 1.0000 0.0006 0.0023 0.0050 0.0023 0.0006 1.0000 1.0000 1.0000 0.5961 0.1897 0.0604 0.0192 0.0061 0.0019 0.0006 1.0000 1.0000 1.0000 0.5927 0.1886 0.0600 0.0191 0.0061 0.0019 1.0000 1.0000 1.0000 1.0000 0.5695 0.1795 0.0565 0.0178 0.0056 0.0018 1.0000 1.0000 1.0000 1.0000 0.4995 0.1569 0.0493 0.0155 0.0049 0.0015 1.0000 1.0000 1.0000 1.0000 0.4347 0.1368 0.0424 0.0146 0.0023
0.0072 0.0459 0.1335 0.4298 1.0000 1.0000 1.0000 1.0000 0.0015 0.0048 0.0153 0.0486 0.1548 0.4929 1.0000 1.0000 1.0000 1.0000 0.0017 0.0055 0.0175 0.0559 0.1778 0.5652 1.0000 1.0000 1.0000 1.0000 0.0019 0.0061 0.0193 0.0607 0.1912 0.6007 1.0000 1.0000 1.0000 0.0006 0.0020 0.0062 0.0195 0.0612 0.1923 0.6041 1.0000 1.0000 1.0000 0.0006 0.0020 0.0072 0.0161 0.0072 0.0020 0.0006 1.0000 1.0000 1.0000 0.6041 0.1923 0.0612 0.0195 0.0062 0.0020 0.0006 1.0000 1.0000 1.0000 0.6007 0.1912 0.0607 0.0193 0.0061 0.0019 1.0000 1.0000 1.0000 1.0000 0.5652 0.1778 0.0559 0.0175 0.0055 0.0017 1.0000 1.0000 1.0000 1.0000 0.4929 0.1548 0.0486 0.0153 0.0048 0.0015 1.0000 1.0000 1.0000 1.0000 0.4298 0.1335 0.0459 0.0072
0.0225 0.1443 0.4185 1.0000 1.0000 1.0000 1.0000 0.0015 0.0047 0.0151 0.0480 0.1527 0.4864 1.0000 1.0000 1.0000 1.0000 0.0017 0.0054 0.0173 0.0551 0.1755 0.5588 1.0000 1.0000 1.0000 1.0000 0.0019 0.0061 0.0194 0.0612 0.1930 0.6076 1.0000 1.0000 1.0000 0.0006 0.0020 0.0063 0.0197 0.0620 0.1948 0.6122 1.0000 1.0000 1.0000 0.0006 0.0020 0.0063 0.0229 0.0512 0.0229 0.0063 0.0020 0.0006 1.0000 1.0000 1.0000 0.6122 0.1948 0.0620 0.0197 0.0063 0.0020 0.0006 1.0000 1.0000 1.0000 0.6076 0.1930 0.0612 0.0194 0.0061 0.0019 1.0000 1.0000 1.0000 1.0000 0.5588 0.1755 0.0551 0.0173 0.0054 0.0017 1.0000 1.0000 1.0000 1.0000 0.4864 0.1527 0.0480 0.0151 0.0047 0.0015 1.0000 1.0000 1.0000 1.0000 0.4185 0.1443 0.0225
0.0707 0.4533 1.0000 1.0000 1.0000 1.0000 0.0015 0.0047 0.0149 0.0473 0.1507 0.4799 1.0000 1.0000 1.0000 1.0000 0.0017 0.0054 0.0171 0.0544 0.1732 0.5514 1.0000 1.0000 1.0000 1.0000 0.0019 0.0061 0.0194 0.0614 0.1941 0.6122 1.0000 1.0000 1.0000 0.0006 0.0020 0.0064 0.0200 0.0628 0.1975 0.6204 1.0000 1.0000 1.0000 0.0006 0.0020 0.0064 0.0202 0.0730 0.1629 0.0730 0.0202 0.0064 0.0020 0.0006 1.0000 1.0000 1.0000 0.6204 0.1975 0.0628 0.0200 0.0064 0.0020 0.0006 1.0000 1.0000 1.0000 0.6122 0.1941 0.0614 0.0194 0.0061 0.0019 1.0000 1.0000 1.0000 1.0000 0.5514 0.1732 0.0544 0.0171 0.0054 0.0017 1.0000 1.0000 1.0000 1.0000 0.4799 0.1507 0.0473 0.0149 0.0047 0.0015 1.0000 1.0000 1.0000 1.0000 0.4533 0.0707
0.2222 1.0000 1.0000 1.0000 1.0000 0.0014 0.0046 0.0147 0.0467 0.1487 0.4736 1.0000 1.0000 1.0000 1.0000 0.0017 0.0053 0.0169 0.0537 0.1709 0.5441 1.0000 1.0000 1.0000 1.0000 0.0019 0.0061 0.0193 0.0612 0.1941 0.6146 1.0000 1.0000 1.0000 0.0007 0.0021 0.0065 0.0203 0.0637 0.2001 0.6287 1.0000 1.0000 1.0000 0.0007 0.0021 0.0065 0.0203 0.0643 0.2325 0.5189 0.2325 0.0643 0.0203 0.0065 0.0021 0.0007 1.0000 1.0000 1.0000 0.6287 0.2001 0.0637 0.0203 0.0065 0.0021 0.0007 1.0000 1.0000 1.0000 0.6146 0.1941 0.0612 0.0193 0.0061 0.0019 1.0000 1.0000 1.0000 1.0000 0.5441 0.1709 0.0537 0.0169 0.0053 0.0017 1.0000 1.0000 1.0000 1.0000 0.4736 0.1487 0.0467 0.0147 0.0046 0.0014 1.0000 1.0000 1.0000 1.0000 0.2222
0.6981 1.0000 1.0000 1.0000 0.0014 0.0045 0.0145 0.0461 0.1468 0.4673 1.0000 1.0000 1.0000 1.0000 0.0016 0.0052 0.0166 0.0530 0.1686 0.5369 1.0000 1.0000 1.0000 1.0000 0.0019 0.0060 0.0191 0.0607 0.1930 0.6122 1.0000 1.0000 1.0000 0.0007 0.0021 0.0065 0.0205 0.0645 0.2028 0.6372 1.0000 1.0000 1.0000 0.0007 0.0021 0.0066 0.0207 0.0647 0.2047 0.7405 1.0000 0.7405 0.2047 0.0647 0.0207 0.0066 0.0021 0.0007 1.0000 1.0000 1.0000 0.6372 0.2028 0.0645 0.0205 0.0065 0.0021 0.0007 1.0000 1.0000 1.0000 0.6122 0.1930 0.0607 0.0191 0.0060 0.0019 1.0000 1.0000 1.0000 1.0000 0.5369 0.1686 0.0530 0.0166 0.0052 0.0016 1.0000 1.0000 1.0000 1.0000 0.4673 0.1468 0.0461 0.0145 0.0045 0.0014 1.0000 1.0000 1.0000 0.6981
1.0000 1.0000 1.0000 0.0014 0.0045 0.0143 0.0455 0.1448 0.4611 1.0000 1.0000 1.0000 1.0000 0.0016 0.0052 0.0164 0.0523 0.1664 0.5298 1.0000 1.0000 1.0000 1.0000 0.0019 0.0059 0.0189 0.0600 0.1912 0.6076 1.0000 1.0000 1.0000 0.0007 0.0021 0.0066 0.0207 0.0653 0.2055 0.6457 1.0000 1.0000 1.0000 0.0007 0.0021 0.0067 0.0209 0.0658 0.2059 0.6519 1.0000 1.0000 1.0000 0.6519 0.2059 0.0658 0.0209 0.0067 0.0021 0.0007 1.0000 1.0000 1.0000 0.6457 0.2055 0.0653 0.0207 0.0066 0.0021 0.0007 1.0000 1.0000 1.0000 0.6076 0.1912 0.0600 0.0189 0.0059 0.0019 1.0000 1.0000 1.0000 1.0000 0.5298 0.1664 0.0523 0.0164 0.0052 0.0016 1.0000 1.0000 1.0000 1.0000 0.4611 0.1448 0.0455 0.0143 0.0045 0.0014 1.0000 1.0000 1.0000
1.0000 1.0000 0.0014 0.0044 0.0141 0.0449 0.1429 0.4550 1.0000 1.0000 1.0000 1.0000 0.0016 0.0051 0.0162 0.0516 0.1642 0.5228 1.0000 1.0000 1.0000 1.0000 0.0018 0.0058 0.0186 0.0592 0.1886 0.6007 1.0000 1.0000 1.0000 0.0007 0.0021 0.0066 0.0209 0.0658 0.2075 0.6531 1.0000 1.0000 1.0000 0.0007 0.0021 0.0068 0.0212 0.0667 0.2094 0.6556 1.0000 1.0000 1.0000 1.0000 1.0000 0.6556 0.2094 0.0667 0.0212 0.0068 0.0021 0.0007 1.0000 1.0000 1.0000 0.6531 0.2075 0.0658 0.0209 0.0066 0.0021 0.0007 1.0000 1.0000 1.0000 0.6007 0.1886 0.0592 0.0186 0.0058 0.0018 1.0000 1.0000 1.0000 1.0000 0.5228 0.1642 0.0516 0.0162 0.0051 0.0016 1.0000 1.0000 1.0000 1.0000 0.4550 0.1429 0.0449 0.0141 0.0044 0.0014 1.0000 1.0000
1.0000 0.0015 0.0043 0.0139 0.0443 0.1410 0.4490 1.0000 1.0000 1.0000 1.0000 0.0016 0.0050 0.0160 0.0509 0.1620 0.5159 1.0000 1.0000 1.0000 1.0000 0.0018 0.0058 0.0184 0.0585 0.1862 0.5927 1.0000 1.0000 1.0000 0.0007 0.0021 0.0066 0.0209 0.0660 0.2087 0.6581 1.0000 1.0000 1.0000 0.0007 0.0022 0.0068 0.0215 0.0676 0.2123 0.6669 1.0000 1.0000 1.0000 1.0000 1.0000 1.0000 1.0000 0.6669 0.2123 0.0676 0.0215 0.0068 0.0022 0.0007 1.0000 1.0000 1.0000 0.6581 0.2087 0.0660 0.0209 0.0066 0.0021 0.0007 1.0000 1.0000 1.0000 0.5927 0.1862 0.0585 0.0184 0.0058 0.0018 1.0000 1.0000 1.0000 1.0000 0.5159 0.1620 0.0509 0.0160 0.0050 0.0016 1.0000 1.0000 1.0000 1.0000 0.4490 0.1410 0.0443 0.0139 0.0043 0.0015 1.0000
0.0007 0.0047 0.0136 0.0438 0.1392 0.4431 1.0000 1.0000 1.0000 1.0000 0.0016 0.0050 0.0158 0.0502 0.1599 0.5091 1.0000 1.0000 1.0000 1.0000 0.0018 0.0057 0.0181 0.0577 0.1837 0.5849 1.0000 1.0000 1.0000 0.0006 0.0021 0.0065 0.0207 0.0658 0.2087 0.6606 1.0000 1.0000 1.0000 0.0007 0.0022 0.0069 0.0218 0.0685 0.2151 0.6759 1.0000 1.0000 1.0000 0.0008 0.0018 0.0008 1.0000 1.0000 1.0000 0.6759 0.2151 0.0685 0.0218 0.0069 0.0022 0.0007 1.0000 1.0000 1.0000 0.6606 0.2087 0.0658 0.0207 0.0065 0.0021 0.0006 1.0000 1.0000 1.0000 0.5849 0.1837 0.0577 0.0181 0.0057 0.0018 1.0000 1.0000 1.0000 1.0000 0.5091 0.1599 0.0502 0.0158 0.0050 0.0016 1.0000 1.0000 1.0000 1.0000 0.4431 0.1392 0.0438 0.0136 0.0047 0.0007
0.0023 0.0147 0.0427 0.1376 0.4372 1.0000 1.0000 1.0000 1.0000 0.0015 0.0049 0.0156 0.0495 0.1578 0.5024 1.0000 1.0000 1.0000 1.0000 0.0018 0.0056 0.0179 0.0569 0.1813 0.5772 1.0000 1.0000 1.0000 0.0006 0.0020 0.0065 0.0205 0.0653 0.2075 0.6581 1.0000 1.0000 1.0000 0.0007 0.0022 0.0070 0.0221 0.0694 0.2180 0.6849 1.0000 1.0000 1.0000 0.0007 0.0026 0.0058 0.0026 0.0007 1.0000 1.0000 1.0000 0.6849 0.2180 0.0694 0.0221 0.0070 0.0022 0.0007 1.0000 1.0000 1.0000 0.6581 0.2075 0.0653 0.0205 0.0065 0.0020 0.0006 1.0000 1.0000 1.0000 0.5772 0.1813 0.0569 0.0179 0.0056 0.0018 1.0000 1.0000 1.0000 1.0000 0.5024 0.1578 0.0495 0.0156 0.0049 0.0015 1.0000 1.0000 1.0000 1.0000 0.4372 0.1376 0.0427 0.0147 0.0023
0.0072 0.0462 0.1340 0.4323 1.0000 1.0000 1.0000 1.0000 0.0015 0.0048 0.0154 0.0489 0.1557 0.4957 1.0000 1.0000 1.0000 1.0000 0.0017 0.0055 0.0176 0.0562 0.1789 0.5695 1.0000 1.0000 1.0000 0.0006 0.0020 0.0064 0.0203 0.0645 0.2055 0.6531 1.0000 1.0000 1.0000 0.0007 0.0022 0.0071 0.0223 0.0702 0.2209 0.6941 1.0000 1.0000 1.0000 0.0007 0.0023 0.0083 0.0185 0.0083 0.0023 0.0007 1.0000 1.0000 1.0000 0.6941 0.2209 0.0702 0.0223 0.0071 0.0022 0.0007 1.0000 1.0000 1.0000 0.6531 0.2055 0.0645 0.0203 0.0064 0.0020 0.0006 1.0000 1.0000 1.0000 0.5695 0.1789 0.0562 0.0176 0.0055 0.0017 1.0000 1.0000 1.0000 1.0000 0.4957 0.1557 0.0489 0.0154 0.0048 0.0015 1.0000 1.0000 1.0000 1.0000 0.4323 0.1340 0.0462 0.0072
0.0226 0.1451 0.4217 1.0000 1.0000 1.0000 1.0000 0.0015 0.0048 0.0152 0.0482 0.1536 0.4892 1.0000 1.0000 1.0000 1.0000 0.0017 0.0055 0.0174 0.0554 0.1765 0.5620 1.0000 1.0000 1.0000 0.0006 0.0020 0.0063 0.0200 0.0637 0.2028 0.6457 1.0000 1.0000 1.0000 0.0007 0.0022 0.0071 0.0224 0.0707 0.2230 0.7021 1.0000 1.0000 1.0000 0.0007 0.0023 0.0073 0.0264 0.0588 0.0264 0.0073 0.0023 0.0007 1.0000 1.0000 1.0000 0.7021 0.2230 0.0707 0.0224 0.0071 0.0022 0.0007 1.0000 1.0000 1.0000 0.6457 0.2028 0.0637 0.0200 0.0063 0.0020 0.0006 1.0000 1.0000 1.0000 0.5620 0.1765 0.0554 0.0174 0.0055 0.0017 1.0000 1.0000 1.0000 1.0000 0.4892 0.1536 0.0482 0.0152 0.0048 0.0015 1.0000 1.0000 1.0000 1.0000 0.4217 0.1451 0.0226
0.0711 0.4559 1.0000 1.0000 1.0000 1.0000 0.0015 0.0047 0.0150 0.0476 0.1516 0.4827 1.0000 1.0000 1.0000 1.0000 0.0017 0.0054 0.0172 0.0547 0.1742 0.5546 1.0000 1.0000 1.0000 1.0000 0.0019 0.0062 0.0197 0.0628 0.2001 0.6372 1.0000 1.0000 1.0000 0.0007 0.0022 0.0071 0.0224 0.0710 0.2243 0.7074 1.0000 1.0000 1.0000 0.0007 0.0023 0.0073 0.0232 0.0839 0.1872 0.0839 0.0232 0.0073 0.0023 0.0007 1.0000 1.0000 1.0000 0.7074 0.2243 0.0710 0.0224 0.0071 0.0022 0.0007 1.0000 1.0000 1.0000 0.6372 0.2001 0.0628 0.0197 0.0062 0.0019 1.0000 1.0000 1.0000 1.0000 0.5546 0.1742 0.0547 0.0172 0.0054 0.0017 1.0000 1.0000 1.0000 1.0000 0.4827 0.1516 0.0476 0.0150 0.0047 0.0015 1.0000 1.0000 1.0000 1.0000 0.4559 0.0711
0.2234 1.0000 1.0000 1.0000 1.0000 0.0015 0.0046 0.0148 0.0470 0.1496 0.4763 1.0000 1.0000 1.0000 1.0000 0.0017 0.0053 0.0170 0.0540 0.1719 0.5472 1.0000 1.0000 1.0000 1.0000 0.0019 0.0061 0.0195 0.0620 0.1975 0.6287 1.0000 1.0000 1.0000 0.0007 0.0022 0.0070 0.0223 0.0707 0.2243 0.7101 1.0000 1.0000 1.0000 0.0008 0.0024 0.0075 0.0233 0.0739 0.2672 0.5961 0.2672 0.0739 0.0233 0.0075 0.0024 0.0008 1.0000 1.0000 1.0000 0.7101 0.2243 0.0707 0.0223 0.0070 0.0022 0.0007 1.0000 1.0000 1.0000 0.6287 0.1975 0.0620 0.0195 0.0061 0.0019 1.0000 1.0000 1.0000 1.0000 0.5472 0.1719 0.0540 0.0170 0.0053 0.0017 1.0000 1.0000 1.0000 1.0000 0.4763 0.1496 0.0470 0.0148 0.0046 0.0015 1.0000 1.0000 1.0000 1.0000 0.2234
0.7021 1.0000 1.0000 1.0000 0.0014 0.0046 0.0146 0.0464 0.1476 0.4700 1.0000 1.0000 1.0000 1.0000 0.0016 0.0053 0.0167 0.0533 0.1696 0.5400 1.0000 1.0000 1.0000 1.0000 0.0019 0.0060 0.0192 0.0612 0.1948 0.6204 1.0000 1.0000 1.0000 0.0007 0.0022 0.0069 0.0221 0.0702 0.2230 0.7074 1.0000 1.0000 1.0000 0.0008 0.0024 0.0075 0.0237 0.0744 0.2348 0.8507 1.0000 0.8507 0.2348 0.0744 0.0237 0.0075 0.0024 0.0008 1.0000 1.0000 1.0000 0.7074 0.2230 0.0702 0.0221 0.0069 0.0022 0.0007 1.0000 1.0000 1.0000 0.6204 0.1948 0.0612 0.0192 0.0060 0.0019 1.0000 1.0000 1.0000 1.0000 0.5400 0.1696 0.0533 0.0167 0.0053 0.0016 1.0000 1.0000 1.0000 1.0000 0.4700 0.1476 0.0464 0.0146 0.0046 0.0014 1.0000 1.0000 1.0000 0.7021
1.0000 1.0000 1.0000 0.0014 0.0045 0.0144 0.0457 0.1457 0.4638 1.0000 1.0000 1.0000 1.0000 0.0016 0.0052 0.0165 0.0526 0.1673 0.5329 1.0000 1.0000 1.0000 1.0000 0.0019 0.0060 0.0190 0.0604 0.1923 0.6122 1.0000 1.0000 1.0000 0.0007 0.0021 0.0068 0.0218 0.0694 0.2209 0.7021 1.0000 1.0000 1.0000 0.0008 0.0024 0.0076 0.0240 0.0756 0.2366 0.7475 1.0000 1.0000 1.0000 0.7475 0.2366 0.0756 0.0240 0.0076 0.0024 0.0008 1.0000 1.0000 1.0000 0.7021 0.2209 0.0694 0.0218 0.0068 0.0021 0.0007 1.0000 1.0000 1.0000 0.6122 0.1923 0.0604 0.0190 0.0060 0.0019 1.0000 1.0000 1.0000 1.0000 0.5329 0.1673 0.0526 0.0165 0.0052 0.0016 1.0000 1.0000 1.0000 1.0000 0.4638 0.1457 0.0457 0.0144 0.0045 0.0014 1.0000 1.0000 1.0000
1.0000 1.0000 0.0014 0.0045 0.0142 0.0451 0.1437 0.4577 1.0000 1.0000 1.0000 1.0000 0.0016 0.0051 0.0163 0.0519 0.1651 0.5258 1.0000 1.0000 1.0000 1.0000 0.0018 0.0059 0.0187 0.0596 0.1897 0.6041 1.0000 1.0000 1.0000 0.0007 0.0021 0.0068 0.0215 0.0685 0.2180 0.6941 1.0000 1.0000 1.0000 0.0008 0.0024 0.0076 0.0241 0.0760 0.2397 0.7518 1.0000 1.0000 1.0000 1.0000 1.0000 0.7518 0.2397 0.0760 0.0241 0.0076 0.0024 0.0008 1.0000 1.0000 1.0000 0.6941 0.2180 0.0685 0.0215 0.0068 0.0021 0.0007 1.0000 1.0000 1.0000 0.6041 0.1897 0.0596 0.0187 0.0059 0.0018 1.0000 1.0000 1.0000 1.0000 0.5258 0.1651 0.0519 0.0163 0.0051 0.0016 1.0000 1.0000 1.0000 1.0000 0.4577 0.1437 0.0451 0.0142 0.0045 0.0014 1.0000 1.0000
1.0000 0.0015 0.0043 0.0140 0.0445 0.1418 0.4516 1.0000 1.0000 1.0000 1.0000 0.0016 0.0050 0.0161 0.0512 0.1629 0.5189 1.0000 1.0000 1.0000 1.0000 0.0018 0.0058 0.0185 0.0588 0.1872 0.5961 1.0000 1.0000 1.0000 0.0007 0.0021 0.0067 0.0212 0.0676 0.2151 0.6849 1.0000 1.0000 1.0000 0.0008 0.0024 0.0076 0.0241 0.0763 0.2411 0.7619 1.0000 1.0000 1.0000 1.0000 1.0000 1.0000 1.0000 0.7619 0.2411 0.0763 0.0241 0.0076 0.0024 0.0008 1.0000 1.0000 1.0000 0.6849 0.2151 0.0676 0.0212 0.0067 0.0021 0.0007 1.0000 1.0000 1.0000 0.5961 0.1872 0.0588 0.0185 0.0058 0.0018 1.0000 1.0000 1.0000 1.0000 0.5189 0.1629 0.0512 0.0161 0.0050 0.0016 1.0000 1.0000 1.0000 1.0000 0.4516 0.1418 0.0445 0.0140 0.0043 0.0015 1.0000
0.0007 0.0047 0.0137 0.0440 0.1400 0.4456 1.0000 1.0000 1.0000 1.0000 0.0016 0.0050 0.0159 0.0505 0.1608 0.5120 1.0000 1.0000 1.0000 1.0000 0.0018 0.0057 0.0182 0.0580 0.1847 0.5882 1.0000 1.0000 1.0000 0.0006 0.0021 0.0066 0.0209 0.0667 0.2123 0.6759 1.0000 1.0000 1.0000 0.0007 0.0024 0.0075 0.0240 0.0760 0.2411 0.7633 1.0000 1.0000 1.0000 0.0009 0.0021 0.0009 1.0000 1.0000 1.0000 0.7633 0.2411 0.0760 0.0240 0.0075 0.0024 0.0007 1.0000 1.0000 1.0000 0.6759 0.2123 0.0667 0.0209 0.0066 0.0021 0.0006 1.0000 1.0000 1.0000 0.5882 0.1847 0.0580 0.0182 0.0057 0.0018 1.0000 1.0000 1.0000 1.0000 0.5120 0.1608 0.0505 0.0159 0.0050 0.0016 1.0000 1.0000 1.0000 1.0000 0.4456 0.1400 0.0440 0.0137 0.0047 0.0007
0.0023 0.0148 0.0429 0.1384 0.4397 1.0000 1.0000 1.0000 1.0000 0.0015 0.0049 0.0156 0.0498 0.1587 0.5052 1.0000 1.0000 1.0000 1.0000 0.0018 0.0056 0.0180 0.0573 0.1823 0.5805 1.0000 1.0000 1.0000 0.0006 0.0020 0.0065 0.0207 0.0658 0.2094 0.6669 1.0000 1.0000 1.0000 0.0007 0.0023 0.0075 0.0237 0.0754 0.2397 0.7604 1.0000 1.0000 1.0000 0.0008 0.0030 0.0066 0.0030 0.0008 1.0000 1.0000 1.0000 0.7619 0.2397 0.0756 0.0237 0.0075 0.0023 0.0007 1.0000 1.0000 1.0000 0.6669 0.2094 0.0658 0.0207 0.0065 0.0020 0.0006 1.0000 1.0000 1.0000 0.5805 0.1823 0.0573 0.0180 0.0056 0.0018 1.0000 1.0000 1.0000 1.0000 0.5052 0.1587 0.0498 0.0156 0.0049 0.0015 1.0000 1.0000 1.0000 1.0000 0.4397 0.1384 0.0429 0.0148 0.0023
0.0072 0.0464 0.1350 0.4347 1.0000 1.0000 1.0000 1.0000 0.0015 0.0048 0.0154 0.0492 0.1566 0.4985 1.0000 1.0000 1.0000 1.0000 0.0017 0.0056 0.0177 0.0565 0.1799 0.5728 1.0000 1.0000 1.0000 0.0006 0.0020 0.0064 0.0204 0.0649 0.2067 0.6581 1.0000 1.0000 1.0000 0.0007 0.0023 0.0074 0.0234 0.0746 0.2375 0.7547 1.0000 1.0000 1.0000 0.0008 0.0026 0.0094 0.0210 0.0093 0.0026 0.0008 1.0000 1.0000 1.0000 0.7518 0.2366 0.0744 0.0233 0.0073 0.0023 0.0007 1.0000 1.0000 1.0000 0.6556 0.2059 0.0647 0.0203 0.0064 0.0020 0.0006 1.0000 1.0000 1.0000 0.5706 0.1792 0.0563 0.0177 0.0056 0.0017 1.0000 1.0000 1.0000 1.0000 0.4967 0.1560 0.0490 0.0154 0.0048 0.0015 1.0000 1.0000 1.0000 1.0000 0.4331 0.1345 0.0462 0.0072
0.0228 0.1459 0.4233 1.0000 1.0000 1.0000 1.0000 0.0015 0.0048 0.0152 0.0485 0.1545 0.4920 1.0000 1.0000 1.0000 1.0000 0.0017 0.0055 0.0175 0.0557 0.1775 0.5652 1.0000 1.0000 1.0000 0.0006 0.0020 0.0063 0.0201 0.0640 0.2039 0.6494 1.0000 1.0000 1.0000 0.0007 0.0023 0.0073 0.0231 0.0736 0.2343 0.7461 1.0000 1.0000 1.0000 0.0008 0.0026 0.0082 0.0296 0.0668 0.0301 0.0082 0.0026 0.0008 1.0000 1.0000 1.0000 0.7475 0.2348 0.0739 0.0232 0.0073 0.0023 0.0007 1.0000 1.0000 1.0000 0.6519 0.2047 0.0643 0.0202 0.0063 0.0020 0.0006 1.0000 1.0000 1.0000 0.5674 0.1782 0.0560 0.0176 0.0055 0.0017 1.0000 1.0000 1.0000 1.0000 0.4938 0.1551 0.0487 0.0153 0.0048 0.0015 1.0000 1.0000 1.0000 1.0000 0.4249 0.1465 0.0231
0.0715 0.4585 1.0000 1.0000 1.0000 1.0000 0.0015 0.0047 0.0150 0.0479 0.1525 0.4854 1.0000 1.0000 1.0000 1.0000 0.0017 0.0054 0.0173 0.0550 0.1752 0.5577 1.0000 1.0000 1.0000 1.0000 0.0020 0.0062 0.0198 0.0632 0.2012 0.6408 1.0000 1.0000 1.0000 0.0007 0.0022 0.0072 0.0228 0.0726 0.2312 0.7362 1.0000 1.0000 1.0000 0.0008 0.0026 0.0081 0.0257 0.0935 0.2247 0.1144 0.0307 0.0093 0.0030 0.0009 1.0000 1.0000 1.0000 0.8507 0.2672 0.0839 0.0264 0.0083 0.0026 0.0008 1.0000 1.0000 1.0000 0.7405 0.2325 0.0730 0.0229 0.0072 0.0023 0.0007 1.0000 1.0000 1.0000 0.6445 0.2024 0.0636 0.0200 0.0063 0.0020 1.0000 1.0000 1.0000 1.0000 0.5609 0.1762 0.0553 0.0174 0.0055 0.0017 1.0000 1.0000 1.0000 1.0000 0.5329 0.0834
0.2247 1.0000 1.0000 1.0000 1.0000 0.0015 0.0047 0.0148 0.0472 0.1504 0.4790 1.0000 1.0000 1.0000 1.0000 0.0017 0.0054 0.0170 0.0543 0.1728 0.5504 1.0000 1.0000 1.0000 1.0000 0.0019 0.0062 0.0196 0.0624 0.1986 0.6323 1.0000 1.0000 1.0000 0.0007 0.0022 0.0071 0.0225 0.0717 0.2282 0.7265 1.0000 1.0000 1.0000 0.0008 0.0025 0.0081 0.0255 0.0808 0.3350 0.6335 0.1578 0.0663 0.0215 0.0066 0.0021 1.0000 1.0000 1.0000 1.0000 0.5961 0.1872 0.0588 0.0185 0.0058 0.0018 1.0000 1.0000 1.0000 1.0000 0.5189 0.1629 0.0512 0.0161 0.0050 0.0016 1.0000 1.0000 1.0000 1.0000 0.4516 0.1418 0.0445 0.0140 0.0044 0.0014 1.0000 1.0000 1.0000 1.0000 0.3931 0.1234 0.0388 0.0122 0.0038 0.0012 1.0000 1.0000 1.0000 1.0000 0.1986
0.7061 1.0000 1.0000 1.0000 0.0014 0.0046 0.0146 0.0466 0.1484 0.4727 1.0000 1.0000 1.0000 1.0000 0.0017 0.0053 0.0168 0.0536 0.1706 0.5431 1.0000 1.0000 1.0000 1.0000 0.0019 0.0061 0.0193 0.0615 0.1960 0.6240 1.0000 1.0000 1.0000 0.0007 0.0022 0.0070 0.0222 0.0707 0.2251 0.7169 1.0000 1.0000 1.0000 0.0008 0.0025 0.0080 0.0255 0.0802 0.2713 1.0000 0.3300 0.0211 0.0279 0.0099 0.0030 0.0009 1.0000 1.0000 1.0000 0.8507 0.2672 0.0839 0.0264 0.0083 0.0026 0.0008 1.0000 1.0000 1.0000 0.7405 0.2325 0.0730 0.0229 0.0072 0.0023 0.0007 1.0000 1.0000 1.0000 0.6445 0.2024 0.0636 0.0200 0.0063 0.0020 1.0000 1.0000 1.0000 1.0000 0.5609 0.1762 0.0553 0.0174 0.0055 0.0017 1.0000 1.0000 1.0000 1.0000 0.5329 0.0834
1.0000 1.0000 1.0000 0.0014 0.0045 0.0144 0.0458 0.1459 0.4647 1.0000 1.0000 1.0000 1.0000 0.0016 0.0052 0.0165 0.0527 0.1677 0.5339 1.0000 1.0000 1.0000 1.0000 0.0019 0.0060 0.0190 0.0605 0.1926 0.6134 1.0000 1.0000 1.0000 0.0007 0.0022 0.0069 0.0218 0.0695 0.2213 0.7047 1.0000 1.0000 1.0000 0.0008 0.0025 0.0079 0.0251 0.0799 0.2524 0.8363 1.0000 1.0000 0.0013 0.0079 0.0030 0.0008 1.0000 1.0000 1.0000 0.7475 0.2348 0.0739 0.0232 0.0073 0.0023 0.0007 1.0000 1.0000 1.0000 0.6519 0.2047 0.0643 0.0202 0.0063 0.0020 0.0006 1.0000 1.0000 1.0000 0.5674 0.1782 0.0560 0.0176 0.0055 0.0017 1.0000 1.0000 1.0000 1.0000 0.4938 0.1551 0.0487 0.0153 0.0048 0.0015 1.0000 1.0000 1.0000 1.0000 0.4249 0.1465 0.0231
1.0000 1.0000 0.0014 0.0045 0.0143 0.0456 0.1451 0.4620 1.0000 1.0000 1.0000 1.0000 0.0016 0.0052 0.0164 0.0524 0.1667 0.5308 1.0000 1.0000 1.0000 1.0000 0.0019 0.0059 0.0189 0.0602 0.1915 0.6099 1.0000 1.0000 1.0000 0.0007 0.0021 0.0068 0.0217 0.0691 0.2201 0.7007 1.0000 1.0000 1.0000 0.0008 0.0025 0.0078 0.0249 0.0794 0.2524 0.8036 1.0000 1.0000 1.0000 0.0025 0.0037 0.0008 1.0000 1.0000 1.0000 0.7518 0.2361 0.0744 0.0233 0.0073 0.0023 0.0007 1.0000 1.0000 1.0000 0.6556 0.2059 0.0647 0.0203 0.0064 0.0020 0.0006 1.0000 1.0000 1.0000 0.5706 0.1792 0.0563 0.0177 0.0056 0.0017 1.0000 1.0000 1.0000 1.0000 0.4967 0.1560 0.0490 0.0154 0.0048 0.0015 1.0000 1.0000 1.0000 1.0000 0.4331 0.1345 0.0462 0.0072
1.0000 0.0018 0.0051 0.0163 0.0518 0.1648 0.5248 1.0000 1.0000 1.0000 1.0000 0.0018 0.0059 0.0187 0.0595 0.1894 0.6030 1.0000 1.0000 1.0000 1.0000 0.0021 0.0067 0.0215 0.0683 0.2176 0.6928 1.0000 1.0000 1.0000 0.0008 0.0024 0.0077 0.0247 0.0785 0.2500 0.7960 1.0000 1.0000 1.0000 0.0009 0.0028 0.0089 0.0284 0.0904 0.2883 0.9180 1.0000 1.0000 1.0000 0.0011 0.0030 0.0009 1.0000 1.0000 1.0000 0.7619 0.2397 0.0756 0.0237 0.0075 0.0023 0.0007 1.0000 1.0000 1.0000 0.6669 0.2094 0.0658 0.0207 0.0065 0.0020 0.0006 1.0000 1.0000 1.0000 0.5805 0.1823 0.0573 0.0180 0.0056 0.0018 1.0000 1.0000 1.0000 1.0000 0.5052 0.1587 0.0498 0.0156 0.0049 0.0015 1.0000 1.0000 1.0000 1.0000 0.4397 0.1384 0.0429 0.0148 0.0023
0.0007 0.0039 0.0113 0.0363 0.1153 0.3671 1.0000 1.0000 1.0000 1.0000 0.0013 0.0041 0.0131 0.0416 0.1324 0.4217 1.0000 1.0000 1.0000 1.0000 0.0015 0.0047 0.0150 0.0478 0.1522 0.4845 1.0000 1.0000 1.0000 1.0000 0.0017 0.0054 0.0172 0.0549 0.1748 0.5567 1.0000 1.0000 1.0000 1.0000 0.0020 0.0062 0.0197 0.0625 0.1986 0.6299 1.0000 1.0000 1.0000 1.0000 0.0020 0.0011 1.0000 1.0000 1.0000 0.7648 0.2411 0.0760 0.0240 0.0075 0.0024 0.0007 1.0000 1.0000 1.0000 0.6759 0.2123 0.0667 0.0209 0.0066 0.0021 0.0006 1.0000 1.0000 1.0000 0.5882 0.1847 0.0580 0.0182 0.0057 0.0018 1.0000 1.0000 1.0000 1.0000 0.5120 0.1608 0.0505 0.0159 0.0050 0.0016 1.0000 1.0000 1.0000 1.0000 0.4456 0.1400 0.0440 0.0137 0.0047 0.0007
