-0.1155 -0.2153 -0.1889 -0.1046 -0.0460 -0.0092 0.0296 0.0996 0.0607 -0.1378 -0.2021 -0.2164 -0.1884 -0.1042 -0.0459 -0.0090 0.0298 0.1003 0.0595 -0.1386 -0.2022 -0.2164 -0.1881 -0.1037 -0.0457 -0.0088 0.0300 0.1009 0.0583 -0.1394 -0.2023 -0.2164 -0.1878 -0.1033 -0.0455 -0.0086 0.0302 0.1015 0.0571 -0.1402 -0.2025 -0.2164 -0.1875 -0.1029 -0.0453 -0.0084 0.0304 0.1030 0.0516 -0.1449 -0.1883 -0.1449 0.0516 0.1030 0.0304 -0.0084 -0.0453 -0.1029 -0.1875 -0.2164 -0.2025 -0.1402 0.0571 0.1015 0.0302 -0.0086 -0.0455 -0.1033 -0.1878 -0.2164 -0.2023 -0.1394 0.0583 0.1009 0.0300 -0.0088 -0.0457 -0.1037 -0.1881 -0.2164 -0.2022 -0.1386 0.0595 0.1003 0.0298 -0.0090 -0.0459 -0.1042 -0.1884 -0.2164 -0.2021 -0.1378 0.0607 0.0996 0.0296 -0.0092 -0.0460 -0.1046 -0.1889 -0.2153 -0.1155
-0.2153 -0.2699 -0.1176 -0.0287 0.0134 0.0473 0.1213 0.0822 -0.2197 -0.3332 -0.3291 -0.2671 -0.1167 -0.0284 0.0136 0.0476 0.1222 0.0803 -0.2216 -0.3333 -0.3290 -0.2665 -0.1161 -0.0281 0.0137 0.0478 0.1230 0.0787 -0.2233 -0.3333 -0.3289 -0.2659 -0.1153 -0.0279 0.0139 0.0480 0.1237 0.0770 -0.2250 -0.3334 -0.3288 -0.2654 -0.1145 -0.0276 0.0140 0.0482 0.1245 0.0754 -0.2300 -0.3355 -0.3412 -0.3355 -0.2300 0.0754 0.1245 0.0482 0.0140 -0.0276 -0.1145 -0.2654 -0.3288 -0.3334 -0.2250 0.0770 0.1237 0.0480 0.0139 -0.0279 -0.1153 -0.2659 -0.3289 -0.3333 -0.2233 0.0787 0.1230 0.0478 0.0137 -0.0281 -0.1161 -0.2665 -0.3290 -0.3333 -0.2216 0.0803 0.1222 0.0476 0.0136 -0.0284 -0.1167 -0.2671 -0.3291 -0.3332 -0.2197 0.0822 0.1213 0.0473 0.0134 -0.0287 -0.1176 -0.2699 -0.2153
-0.1889 -0.1176 -0.0289 0.0099 0.0468 0.1229 0.0786 -0.2234 -0.3335 -0.3289 -0.2646 -0.1120 -0.0282 0.0101 0.0472 0.1240 0.0764 -0.2257 -0.3336 -0.3288 -0.2639 -0.1114 -0.0279 0.0103 0.0474 0.1248 0.0747 -0.2274 -0.3337 -0.3286 -0.2634 -0.1107 -0.0277 0.0104 0.0476 0.1255 0.0731 -0.2291 -0.3337 -0.3285 -0.2629 -0.1099 -0.0274 0.0105 0.0479 0.1263 0.0714 -0.2308 -0.3335 -0.3295 -0.3102 -0.3295 -0.3335 -0.2308 0.0714 0.1263 0.0479 0.0105 -0.0274 -0.1099 -0.2629 -0.3285 -0.3337 -0.2291 0.0731 0.1255 0.0476 0.0104 -0.0277 -0.1107 -0.2634 -0.3286 -0.3337 -0.2274 0.0747 0.1248 0.0474 0.0103 -0.0279 -0.1114 -0.2639 -0.3288 -0.3336 -0.2257 0.0764 0.1240 0.0472 0.0101 -0.0282 -0.1120 -0.2646 -0.3289 -0.3335 -0.2234 0.0786 0.1229 0.0468 0.0099 -0.0289 -0.1176 -0.1889
-0.1046 -0.0287 0.0099 0.0470 0.1239 0.0756 -0.2271 -0.3337 -0.3286 -0.2635 -0.1107 -0.0275 0.0109 0.0477 0.1258 0.0725 -0.2297 -0.3337 -0.3285 -0.2628 -0.1099 -0.0272 0.0110 0.0480 0.1266 0.0708 -0.2315 -0.3338 -0.3283 -0.2622 -0.1092 -0.0270 0.0112 0.0482 0.1274 0.0691 -0.2332 -0.3338 -0.3282 -0.2617 -0.1085 -0.0267 0.0113 0.0485 0.1282 0.0674 -0.2350 -0.3338 -0.3256 -0.2594 -0.1852 -0.2594 -0.3256 -0.3338 -0.2350 0.0674 0.1282 0.0485 0.0113 -0.0267 -0.1085 -0.2617 -0.3282 -0.3338 -0.2332 0.0691 0.1274 0.0482 0.0112 -0.0270 -0.1092 -0.2622 -0.3283 -0.3338 -0.2315 0.0708 0.1266 0.0480 0.0110 -0.0272 -0.1099 -0.2628 -0.3285 -0.3337 -0.2297 0.0725 0.1258 0.0477 0.0109 -0.0275 -0.1107 -0.2635 -0.3286 -0.3337 -0.2271 0.0756 0.1239 0.0470 0.0099 -0.0287 -0.1046
-0.0460 0.0134 0.0468 0.1239 0.0745 -0.2294 -0.3338 -0.3283 -0.2622 -0.1091 -0.0270 0.0112 0.0483 0.1277 0.0685 -0.2338 -0.3339 -0.3282 -0.2615 -0.1082 -0.0267 0.0113 0.0485 0.1285 0.0668 -0.2356 -0.3339 -0.3280 -0.2609 -0.1075 -0.0264 0.0115 0.0488 0.1293 0.0651 -0.2374 -0.3340 -0.3279 -0.2603 -0.1068 -0.0262 0.0116 0.0490 0.1301 0.0634 -0.2392 -0.3340 -0.3277 -0.2538 -0.0992 -0.0419 -0.0992 -0.2538 -0.3277 -0.3340 -0.2392 0.0634 0.1301 0.0490 0.0116 -0.0262 -0.1068 -0.2603 -0.3279 -0.3340 -0.2374 0.0651 0.1293 0.0488 0.0115 -0.0264 -0.1075 -0.2609 -0.3280 -0.3339 -0.2356 0.0668 0.1285 0.0485 0.0113 -0.0267 -0.1082 -0.2615 -0.3282 -0.3339 -0.2338 0.0685 0.1277 0.0483 0.0112 -0.0270 -0.1091 -0.2622 -0.3283 -0.3338 -0.2294 0.0745 0.1239 0.0468 0.0134 -0.0460
-0.0092 0.0473 0.1229 0.0756 -0.2294 -0.3338 -0.3282 -0.2612 -0.1077 -0.0264 0.0115 0.0489 0.1296 0.0645 -0.2380 -0.3340 -0.3278 -0.2601 -0.1066 -0.0261 0.0117 0.0491 0.1304 0.0628 -0.2398 -0.3340 -0.3277 -0.2596 -0.1059 -0.0259 0.0118 0.0494 0.1313 0.0611 -0.2417 -0.3341 -0.3275 -0.2590 -0.1052 -0.0256 0.0120 0.0496 0.1321 0.0593 -0.2435 -0.3341 -0.3275 -0.2585 -0.1005 -0.0197 0.0064 -0.0197 -0.1005 -0.2585 -0.3275 -0.3341 -0.2435 0.0593 0.1321 0.0496 0.0120 -0.0256 -0.1052 -0.2590 -0.3275 -0.3341 -0.2417 0.0611 0.1313 0.0494 0.0118 -0.0259 -0.1059 -0.2596 -0.3277 -0.3340 -0.2398 0.0628 0.1304 0.0491 0.0117 -0.0261 -0.1066 -0.2601 -0.3278 -0.3340 -0.2380 0.0645 0.1296 0.0489 0.0115 -0.0264 -0.1077 -0.2612 -0.3282 -0.3338 -0.2294 0.0756 0.1229 0.0473 -0.0092
0.0296 0.1213 0.0786 -0.2271 -0.3338 -0.3282 -0.2608 -0.1068 -0.0260 0.0118 0.0494 0.1314 0.0605 -0.2423 -0.3341 -0.3275 -0.2588 -0.1049 -0.0255 0.0120 0.0497 0.1324 0.0587 -0.2441 -0.3342 -0.3273 -0.2582 -0.1042 -0.0253 0.0122 0.0499 0.1333 0.0570 -0.2460 -0.3342 -0.3272 -0.2576 -0.1036 -0.0251 0.0123 0.0502 0.1342 0.0552 -0.2479 -0.3343 -0.3270 -0.2571 -0.1031 -0.0248 0.0160 0.0404 0.0160 -0.0248 -0.1031 -0.2571 -0.3270 -0.3343 -0.2479 0.0552 0.1342 0.0502 0.0123 -0.0251 -0.1036 -0.2576 -0.3272 -0.3342 -0.2460 0.0570 0.1333 0.0499 0.0122 -0.0253 -0.1042 -0.2582 -0.3273 -0.3342 -0.2441 0.0587 0.1324 0.0497 0.0120 -0.0255 -0.1049 -0.2588 -0.3275 -0.3341 -0.2423 0.0605 0.1314 0.0494 0.0118 -0.0260 -0.1068 -0.2608 -0.3282 -0.3338 -0.2271 0.0786 0.1213 0.0296
0.0996 0.0822 -0.2234 -0.3337 -0.3283 -0.2612 -0.1068 -0.0259 0.0120 0.0497 0.1330 0.0570 -0.2463 -0.3342 -0.3271 -0.2574 -0.1033 -0.0250 0.0124 0.0503 0.1345 0.0546 -0.2485 -0.3343 -0.3270 -0.2568 -0.1026 -0.0248 0.0125 0.0505 0.1354 0.0529 -0.2504 -0.3343 -0.3268 -0.2562 -0.1020 -0.0245 0.0127 0.0508 0.1364 0.0511 -0.2524 -0.3344 -0.3267 -0.2556 -0.1014 -0.0244 0.0129 0.0541 0.0918 0.0541 0.0129 -0.0244 -0.1014 -0.2556 -0.3267 -0.3344 -0.2524 0.0511 0.1364 0.0508 0.0127 -0.0245 -0.1020 -0.2562 -0.3268 -0.3343 -0.2504 0.0529 0.1354 0.0505 0.0125 -0.0248 -0.1026 -0.2568 -0.3270 -0.3343 -0.2485 0.0546 0.1345 0.0503 0.0124 -0.0250 -0.1033 -0.2574 -0.3271 -0.3342 -0.2463 0.0570 0.1330 0.0497 0.0120 -0.0259 -0.1068 -0.2612 -0.3283 -0.3337 -0.2234 0.0822 0.0996
0.0607 -0.2197 -0.3335 -0.3286 -0.2622 -0.1077 -0.0260 0.0120 0.0499 0.1341 0.0543 -0.2498 -0.3343 -0.3268 -0.2560 -0.1017 -0.0244 0.0127 0.0509 0.1367 0.0505 -0.2530 -0.3344 -0.3266 -0.2554 -0.1010 -0.0242 0.0129 0.0511 0.1376 0.0487 -0.2550 -0.3344 -0.3265 -0.2548 -0.1004 -0.0240 0.0130 0.0514 0.1386 0.0469 -0.2569 -0.3345 -0.3263 -0.2542 -0.0997 -0.0237 0.0131 0.0519 0.1259 0.1323 0.1259 0.0519 0.0131 -0.0237 -0.0997 -0.2542 -0.3263 -0.3345 -0.2569 0.0469 0.1386 0.0514 0.0130 -0.0240 -0.1004 -0.2548 -0.3265 -0.3344 -0.2550 0.0487 0.1376 0.0511 0.0129 -0.0242 -0.1010 -0.2554 -0.3266 -0.3344 -0.2530 0.0505 0.1367 0.0509 0.0127 -0.0244 -0.1017 -0.2560 -0.3268 -0.3343 -0.2498 0.0543 0.1341 0.0499 0.0120 -0.0260 -0.1077 -0.2622 -0.3286 -0.3335 -0.2197 0.0607
-0.1378 -0.3332 -0.3289 -0.2635 -0.1091 -0.0264 0.0118 0.0497 0.1341 0.0532 -0.2520 -0.3344 -0.3265 -0.2548 -0.1003 -0.0239 0.0131 0.0514 0.1389 0.0464 -0.2576 -0.3345 -0.3263 -0.2540 -0.0995 -0.0236 0.0132 0.0517 0.1399 0.0446 -0.2596 -0.3346 -0.3261 -0.2533 -0.0988 -0.0234 0.0134 0.0520 0.1409 0.0428 -0.2616 -0.3346 -0.3260 -0.2527 -0.0981 -0.0232 0.0135 0.0522 0.1445 0.0339 -0.1820 0.0339 0.1445 0.0522 0.0135 -0.0232 -0.0981 -0.2527 -0.3260 -0.3346 -0.2616 0.0428 0.1409 0.0520 0.0134 -0.0234 -0.0988 -0.2533 -0.3261 -0.3346 -0.2596 0.0446 0.1399 0.0517 0.0132 -0.0236 -0.0995 -0.2540 -0.3263 -0.3345 -0.2576 0.0464 0.1389 0.0514 0.0131 -0.0239 -0.1003 -0.2548 -0.3265 -0.3344 -0.2520 0.0532 0.1341 0.0497 0.0118 -0.0264 -0.1091 -0.2635 -0.3289 -0.3332 -0.1378
-0.2021 -0.3291 -0.2646 -0.1107 -0.0270 0.0115 0.0494 0.1330 0.0543 -0.2520 -0.3344 -0.3264 -0.2539 -0.0990 -0.0234 0.0134 0.0520 0.1412 0.0422 -0.2623 -0.3346 -0.3259 -0.2525 -0.0979 -0.0231 0.0136 0.0523 0.1422 0.0404 -0.2643 -0.3347 -0.3257 -0.2519 -0.0973 -0.0229 0.0137 0.0525 0.1433 0.0386 -0.2664 -0.3347 -0.3256 -0.2513 -0.0966 -0.0226 0.0139 0.0528 0.1453 0.0325 -0.2762 -0.3304 -0.2762 0.0325 0.1453 0.0528 0.0139 -0.0226 -0.0966 -0.2513 -0.3256 -0.3347 -0.2664 0.0386 0.1433 0.0525 0.0137 -0.0229 -0.0973 -0.2519 -0.3257 -0.3347 -0.2643 0.0404 0.1422 0.0523 0.0136 -0.0231 -0.0979 -0.2525 -0.3259 -0.3346 -0.2623 0.0422 0.1412 0.0520 0.0134 -0.0234 -0.0990 -0.2539 -0.3264 -0.3344 -0.2520 0.0543 0.1330 0.0494 0.0115 -0.0270 -0.1107 -0.2646 -0.3291 -0.2021
-0.2164 -0.2671 -0.1120 -0.0275 0.0112 0.0489 0.1314 0.0570 -0.2498 -0.3344 -0.3264 -0.2534 -0.0982 -0.0231 0.0137 0.0525 0.1434 0.0380 -0.2671 -0.3347 -0.3255 -0.2511 -0.0964 -0.0226 0.0139 0.0529 0.1447 0.0362 -0.2692 -0.3348 -0.3254 -0.2504 -0.0957 -0.0223 0.0141 0.0531 0.1457 0.0344 -0.2713 -0.3348 -0.3252 -0.2498 -0.0951 -0.0221 0.0142 0.0534 0.1468 0.0327 -0.2763 -0.3365 -0.3395 -0.3365 -0.2763 0.0327 0.1468 0.0534 0.0142 -0.0221 -0.0951 -0.2498 -0.3252 -0.3348 -0.2713 0.0344 0.1457 0.0531 0.0141 -0.0223 -0.0957 -0.2504 -0.3254 -0.3348 -0.2692 0.0362 0.1447 0.0529 0.0139 -0.0226 -0.0964 -0.2511 -0.3255 -0.3347 -0.2671 0.0380 0.1434 0.0525 0.0137 -0.0231 -0.0982 -0.2534 -0.3264 -0.3344 -0.2498 0.0570 0.1314 0.0489 0.0112 -0.0275 -0.1120 -0.2671 -0.2164
-0.1884 -0.1167 -0.0282 0.0109 0.0483 0.1296 0.0605 -0.2463 -0.3343 -0.3265 -0.2539 -0.0982 -0.0229 0.0138 0.0529 0.1454 0.0344 -0.2716 -0.3348 -0.3251 -0.2496 -0.0949 -0.0220 0.0143 0.0535 0.1472 0.0320 -0.2741 -0.3349 -0.3250 -0.2489 -0.0942 -0.0218 0.0144 0.0537 0.1483 0.0302 -0.2763 -0.3349 -0.3248 -0.2483 -0.0936 -0.0216 0.0145 0.0540 0.1494 0.0285 -0.2784 -0.3344 -0.3257 -0.3022 -0.3257 -0.3344 -0.2784 0.0285 0.1494 0.0540 0.0145 -0.0216 -0.0936 -0.2483 -0.3248 -0.3349 -0.2763 0.0302 0.1483 0.0537 0.0144 -0.0218 -0.0942 -0.2489 -0.3250 -0.3349 -0.2741 0.0320 0.1472 0.0535 0.0143 -0.0220 -0.0949 -0.2496 -0.3251 -0.3348 -0.2716 0.0344 0.1454 0.0529 0.0138 -0.0229 -0.0982 -0.2539 -0.3265 -0.3343 -0.2463 0.0605 0.1296 0.0483 0.0109 -0.0282 -0.1167 -0.1884
-0.1042 -0.0284 0.0101 0.0477 0.1277 0.0645 -0.2423 -0.3342 -0.3268 -0.2548 -0.0990 -0.0231 0.0138 0.0531 0.1466 0.0317 -0.2755 -0.3349 -0.3248 -0.2481 -0.0934 -0.0215 0.0146 0.0541 0.1498 0.0279 -0.2792 -0.3350 -0.3246 -0.2475 -0.0927 -0.0212 0.0147 0.0543 0.1509 0.0261 -0.2814 -0.3350 -0.3244 -0.2468 -0.0921 -0.0210 0.0149 0.0546 0.1521 0.0243 -0.2836 -0.3350 -0.3214 -0.2437 -0.1632 -0.2437 -0.3214 -0.3350 -0.2836 0.0243 0.1521 0.0546 0.0149 -0.0210 -0.0921 -0.2468 -0.3244 -0.3350 -0.2814 0.0261 0.1509 0.0543 0.0147 -0.0212 -0.0927 -0.2475 -0.3246 -0.3350 -0.2792 0.0279 0.1498 0.0541 0.0146 -0.0215 -0.0934 -0.2481 -0.3248 -0.3349 -0.2755 0.0317 0.1466 0.0531 0.0138 -0.0231 -0.0990 -0.2548 -0.3268 -0.3342 -0.2423 0.0645 0.1277 0.0477 0.0101 -0.0284 -0.1042
-0.0459 0.0136 0.0472 0.1258 0.0685 -0.2380 -0.3341 -0.3271 -0.2560 -0.1003 -0.0234 0.0137 0.0529 0.1466 0.0306 -0.2781 -0.3350 -0.3244 -0.2468 -0.0920 -0.0209 0.0149 0.0547 0.1525 0.0237 -0.2844 -0.3351 -0.3241 -0.2459 -0.0913 -0.0207 0.0151 0.0550 0.1537 0.0219 -0.2866 -0.3351 -0.3240 -0.2453 -0.0907 -0.0205 0.0152 0.0552 0.1549 0.0201 -0.2889 -0.3351 -0.3238 -0.2382 -0.0833 -0.0330 -0.0833 -0.2382 -0.3238 -0.3351 -0.2889 0.0201 0.1549 0.0552 0.0152 -0.0205 -0.0907 -0.2453 -0.3240 -0.3351 -0.2866 0.0219 0.1537 0.0550 0.0151 -0.0207 -0.0913 -0.2459 -0.3241 -0.3351 -0.2844 0.0237 0.1525 0.0547 0.0149 -0.0209 -0.0920 -0.2468 -0.3244 -0.3350 -0.2781 0.0306 0.1466 0.0529 0.0137 -0.0234 -0.1003 -0.2560 -0.3271 -0.3341 -0.2380 0.0685 0.1258 0.0472 0.0136 -0.0459
-0.0090 0.0476 0.1240 0.0725 -0.2338 -0.3340 -0.3275 -0.2574 -0.1017 -0.0239 0.0134 0.0525 0.1454 0.0317 -0.2781 -0.3350 -0.3242 -0.2458 -0.0909 -0.0205 0.0153 0.0553 0.1553 0.0195 -0.2897 -0.3351 -0.3237 -0.2444 -0.0898 -0.0202 0.0154 0.0556 0.1566 0.0178 -0.2920 -0.3352 -0.3235 -0.2438 -0.0892 -0.0200 0.0156 0.0558 0.1579 0.0160 -0.2943 -0.3352 -0.3234 -0.2432 -0.0856 -0.0144 0.0097 -0.0144 -0.0856 -0.2432 -0.3234 -0.3352 -0.2943 0.0160 0.1579 0.0558 0.0156 -0.0200 -0.0892 -0.2438 -0.3235 -0.3352 -0.2920 0.0178 0.1566 0.0556 0.0154 -0.0202 -0.0898 -0.2444 -0.3237 -0.3351 -0.2897 0.0195 0.1553 0.0553 0.0153 -0.0205 -0.0909 -0.2458 -0.3242 -0.3350 -0.2781 0.0317 0.1454 0.0525 0.0134 -0.0239 -0.1017 -0.2574 -0.3275 -0.3340 -0.2338 0.0725 0.1240 0.0476 -0.0090
0.0298 0.1222 0.0764 -0.2297 -0.3339 -0.3278 -0.2588 -0.1033 -0.0244 0.0131 0.0520 0.1434 0.0344 -0.2755 -0.3350 -0.3242 -0.2454 -0.0901 -0.0202 0.0155 0.0558 0.1581 0.0154 -0.2951 -0.3352 -0.3233 -0.2429 -0.0884 -0.0197 0.0158 0.0562 0.1596 0.0136 -0.2975 -0.3353 -0.3231 -0.2422 -0.0878 -0.0194 0.0159 0.0564 0.1609 0.0119 -0.2999 -0.3353 -0.3229 -0.2417 -0.0874 -0.0191 0.0195 0.0456 0.0195 -0.0191 -0.0874 -0.2417 -0.3229 -0.3353 -0.2999 0.0119 0.1609 0.0564 0.0159 -0.0194 -0.0878 -0.2422 -0.3231 -0.3353 -0.2975 0.0136 0.1596 0.0562 0.0158 -0.0197 -0.0884 -0.2429 -0.3233 -0.3352 -0.2951 0.0154 0.1581 0.0558 0.0155 -0.0202 -0.0901 -0.2454 -0.3242 -0.3350 -0.2755 0.0344 0.1434 0.0520 0.0131 -0.0244 -0.1033 -0.2588 -0.3278 -0.3339 -0.2297 0.0764 0.1222 0.0298
0.1003 0.0803 -0.2257 -0.3337 -0.3282 -0.2601 -0.1049 -0.0250 0.0127 0.0514 0.1412 0.0380 -0.2716 -0.3349 -0.3244 -0.2458 -0.0901 -0.0200 0.0157 0.0562 0.1605 0.0119 -0.3003 -0.3353 -0.3229 -0.2413 -0.0870 -0.0191 0.0161 0.0568 0.1627 0.0095 -0.3031 -0.3353 -0.3227 -0.2406 -0.0864 -0.0189 0.0163 0.0571 0.1641 0.0078 -0.3056 -0.3354 -0.3225 -0.2400 -0.0859 -0.0189 0.0165 0.0601 0.1002 0.0601 0.0165 -0.0189 -0.0859 -0.2400 -0.3225 -0.3354 -0.3056 0.0078 0.1641 0.0571 0.0163 -0.0189 -0.0864 -0.2406 -0.3227 -0.3353 -0.3031 0.0095 0.1627 0.0568 0.0161 -0.0191 -0.0870 -0.2413 -0.3229 -0.3353 -0.3003 0.0119 0.1605 0.0562 0.0157 -0.0200 -0.0901 -0.2458 -0.3244 -0.3349 -0.2716 0.0380 0.1412 0.0514 0.0127 -0.0250 -0.1049 -0.2601 -0.3282 -0.3337 -0.2257 0.0803 0.1003
0.0595 -0.2216 -0.3336 -0.3285 -0.2615 -0.1066 -0.0255 0.0124 0.0509 0.1389 0.0422 -0.2671 -0.3348 -0.3248 -0.2468 -0.0909 -0.0202 0.0157 0.0564 0.1620 0.0092 -0.3047 -0.3354 -0.3225 -0.2397 -0.0856 -0.0186 0.0165 0.0574 0.1660 0.0055 -0.3089 -0.3354 -0.3222 -0.2391 -0.0850 -0.0184 0.0166 0.0577 0.1670 0.0037 -0.3114 -0.3354 -0.3220 -0.2384 -0.0845 -0.0182 0.0167 0.0583 0.1413 0.1156 0.1413 0.0583 0.0167 -0.0182 -0.0845 -0.2384 -0.3220 -0.3354 -0.3114 0.0037 0.1670 0.0577 0.0166 -0.0184 -0.0850 -0.2391 -0.3222 -0.3354 -0.3089 0.0055 0.1660 0.0574 0.0165 -0.0186 -0.0856 -0.2397 -0.3225 -0.3354 -0.3047 0.0092 0.1620 0.0564 0.0157 -0.0202 -0.0909 -0.2468 -0.3248 -0.3348 -0.2671 0.0422 0.1389 0.0509 0.0124 -0.0255 -0.1066 -0.2615 -0.3285 -0.3336 -0.2216 0.0595
-0.1386 -0.3333 -0.3288 -0.2628 -0.1082 -0.0261 0.0120 0.0503 0.1367 0.0464 -0.2623 -0.3347 -0.3251 -0.2481 -0.0920 -0.0205 0.0155 0.0562 0.1620 0.0081 -0.3076 -0.3354 -0.3221 -0.2384 -0.0844 -0.0181 0.0168 0.0581 0.1681 0.0014 -0.3148 -0.3355 -0.3218 -0.2375 -0.0837 -0.0179 0.0170 0.0583 0.1684 -0.0003 -0.3166 -0.3355 -0.3216 -0.2368 -0.0831 -0.0177 0.0171 0.0586 0.1683 -0.0087 -0.2318 -0.0087 0.1683 0.0586 0.0171 -0.0177 -0.0831 -0.2368 -0.3216 -0.3355 -0.3166 -0.0003 0.1684 0.0583 0.0170 -0.0179 -0.0837 -0.2375 -0.3218 -0.3355 -0.3148 0.0014 0.1681 0.0581 0.0168 -0.0181 -0.0844 -0.2384 -0.3221 -0.3354 -0.3076 0.0081 0.1620 0.0562 0.0155 -0.0205 -0.0920 -0.2481 -0.3251 -0.3347 -0.2623 0.0464 0.1367 0.0503 0.0120 -0.0261 -0.1082 -0.2628 -0.3288 -0.3333 -0.1386
-0.2022 -0.3290 -0.2639 -0.1099 -0.0267 0.0117 0.0497 0.1345 0.0505 -0.2576 -0.3346 -0.3255 -0.2496 -0.0934 -0.0209 0.0153 0.0558 0.1605 0.0092 -0.3076 -0.3354 -0.3219 -0.2374 -0.0833 -0.0177 0.0171 0.0587 0.1686 -0.0026 -0.3184 -0.3356 -0.3213 -0.2359 -0.0823 -0.0174 0.0173 0.0590 0.1687 -0.0043 -0.3189 -0.3356 -0.3211 -0.2352 -0.0818 -0.0172 0.0174 0.0592 0.1689 -0.0099 -0.3206 -0.3328 -0.3206 -0.0099 0.1689 0.0592 0.0174 -0.0172 -0.0818 -0.2352 -0.3211 -0.3356 -0.3189 -0.0043 0.1687 0.0590 0.0173 -0.0174 -0.0823 -0.2359 -0.3213 -0.3356 -0.3184 -0.0026 0.1686 0.0587 0.0171 -0.0177 -0.0833 -0.2374 -0.3219 -0.3354 -0.3076 0.0092 0.1605 0.0558 0.0153 -0.0209 -0.0934 -0.2496 -0.3255 -0.3346 -0.2576 0.0505 0.1345 0.0497 0.0117 -0.0267 -0.1099 -0.2639 -0.3290 -0.2022
-0.2164 -0.2665 -0.1114 -0.0272 0.0113 0.0491 0.1324 0.0546 -0.2530 -0.3345 -0.3259 -0.2511 -0.0949 -0.0215 0.0149 0.0553 0.1581 0.0119 -0.3047 -0.3354 -0.3219 -0.2369 -0.0826 -0.0173 0.0174 0.0592 0.1689 -0.0066 -0.3191 -0.3356 -0.3208 -0.2342 -0.0810 -0.0169 0.0176 0.0596 0.1691 -0.0083 -0.3192 -0.3356 -0.3206 -0.2335 -0.0805 -0.0166 0.0178 0.0599 0.1692 -0.0099 -0.3199 -0.3373 -0.3383 -0.3373 -0.3199 -0.0099 0.1692 0.0599 0.0178 -0.0166 -0.0805 -0.2335 -0.3206 -0.3356 -0.3192 -0.0083 0.1691 0.0596 0.0176 -0.0169 -0.0810 -0.2342 -0.3208 -0.3356 -0.3191 -0.0066 0.1689 0.0592 0.0174 -0.0173 -0.0826 -0.2369 -0.3219 -0.3354 -0.3047 0.0119 0.1581 0.0553 0.0149 -0.0215 -0.0949 -0.2511 -0.3259 -0.3345 -0.2530 0.0546 0.1324 0.0491 0.0113 -0.0272 -0.1114 -0.2665 -0.2164
-0.1881 -0.1161 -0.0279 0.0110 0.0485 0.1304 0.0587 -0.2485 -0.3344 -0.3263 -0.2525 -0.0964 -0.0220 0.0146 0.0547 0.1553 0.0154 -0.3003 -0.3354 -0.3221 -0.2374 -0.0826 -0.0172 0.0176 0.0596 0.1691 -0.0100 -0.3193 -0.3357 -0.3203 -0.2326 -0.0797 -0.0164 0.0180 0.0602 0.1693 -0.0122 -0.3195 -0.3357 -0.3201 -0.2319 -0.0792 -0.0161 0.0181 0.0605 0.1695 -0.0138 -0.3196 -0.3350 -0.3208 -0.2921 -0.3208 -0.3350 -0.3196 -0.0138 0.1695 0.0605 0.0181 -0.0161 -0.0792 -0.2319 -0.3201 -0.3357 -0.3195 -0.0122 0.1693 0.0602 0.0180 -0.0164 -0.0797 -0.2326 -0.3203 -0.3357 -0.3193 -0.0100 0.1691 0.0596 0.0176 -0.0172 -0.0826 -0.2374 -0.3221 -0.3354 -0.3003 0.0154 0.1553 0.0547 0.0146 -0.0220 -0.0964 -0.2525 -0.3263 -0.3344 -0.2485 0.0587 0.1304 0.0485 0.0110 -0.0279 -0.1161 -0.1881
-0.1037 -0.0281 0.0103 0.0480 0.1285 0.0628 -0.2441 -0.3343 -0.3266 -0.2540 -0.0979 -0.0226 0.0143 0.0541 0.1525 0.0195 -0.2951 -0.3353 -0.3225 -0.2384 -0.0833 -0.0173 0.0176 0.0598 0.1693 -0.0125 -0.3196 -0.3357 -0.3199 -0.2309 -0.0785 -0.0159 0.0183 0.0609 0.1696 -0.0161 -0.3198 -0.3358 -0.3196 -0.2302 -0.0779 -0.0156 0.0185 0.0612 0.1697 -0.0177 -0.3199 -0.3357 -0.3162 -0.2262 -0.1410 -0.2262 -0.3162 -0.3357 -0.3199 -0.0177 0.1697 0.0612 0.0185 -0.0156 -0.0779 -0.2302 -0.3196 -0.3358 -0.3198 -0.0161 0.1696 0.0609 0.0183 -0.0159 -0.0785 -0.2309 -0.3199 -0.3357 -0.3196 -0.0122 0.1693 0.0598 0.0176 -0.0173 -0.0833 -0.2384 -0.3225 -0.3353 -0.2951 0.0195 0.1525 0.0541 0.0143 -0.0226 -0.0979 -0.2540 -0.3266 -0.3343 -0.2441 0.0628 0.1285 0.0480 0.0103 -0.0281 -0.1037
-0.0457 0.0137 0.0474 0.1266 0.0668 -0.2398 -0.3342 -0.3270 -0.2554 -0.0995 -0.0231 0.0139 0.0535 0.1498 0.0237 -0.2897 -0.3352 -0.3229 -0.2397 -0.0844 -0.0177 0.0174 0.0596 0.1693 -0.0136 -0.3197 -0.3358 -0.3195 -0.2295 -0.0773 -0.0154 0.0187 0.0615 0.1698 -0.0199 -0.3201 -0.3358 -0.3191 -0.2286 -0.0767 -0.0151 0.0188 0.0618 0.1699 -0.0216 -0.3202 -0.3358 -0.3189 -0.2211 -0.0696 -0.0252 -0.0696 -0.2211 -0.3189 -0.3358 -0.3202 -0.0216 0.1699 0.0618 0.0188 -0.0151 -0.0767 -0.2286 -0.3191 -0.3358 -0.3201 -0.0199 0.1698 0.0615 0.0187 -0.0154 -0.0773 -0.2295 -0.3195 -0.3358 -0.3197 -0.0130 0.1693 0.0596 0.0174 -0.0177 -0.0844 -0.2397 -0.3229 -0.3352 -0.2897 0.0237 0.1498 0.0535 0.0139 -0.0231 -0.0995 -0.2554 -0.3270 -0.3342 -0.2398 0.0668 0.1266 0.0474 0.0137 -0.0457
-0.0088 0.0478 0.1248 0.0708 -0.2356 -0.3340 -0.3273 -0.2568 -0.1010 -0.0236 0.0136 0.0529 0.1472 0.0279 -0.2844 -0.3351 -0.3233 -0.2413 -0.0856 -0.0181 0.0171 0.0592 0.1691 -0.0125 -0.3197 -0.3358 -0.3193 -0.2285 -0.0764 -0.0149 0.0190 0.0622 0.1700 -0.0237 -0.3203 -0.3358 -0.3186 -0.2269 -0.0755 -0.0146 0.0192 0.0625 0.1701 -0.0254 -0.3205 -0.3359 -0.3184 -0.2263 -0.0729 -0.0094 0.0131 -0.0094 -0.0729 -0.2263 -0.3184 -0.3359 -0.3205 -0.0254 0.1701 0.0625 0.0192 -0.0146 -0.0755 -0.2269 -0.3186 -0.3358 -0.3203 -0.0237 0.1700 0.0622 0.0190 -0.0149 -0.0764 -0.2286 -0.3193 -0.3358 -0.3197 -0.0122 0.1691 0.0592 0.0171 -0.0181 -0.0856 -0.2413 -0.3233 -0.3351 -0.2844 0.0279 0.1472 0.0529 0.0136 -0.0236 -0.1010 -0.2568 -0.3273 -0.3340 -0.2356 0.0708 0.1248 0.0478 -0.0088
0.0300 0.1230 0.0747 -0.2315 -0.3339 -0.3277 -0.2582 -0.1026 -0.0242 0.0132 0.0523 0.1447 0.0320 -0.2792 -0.3351 -0.3237 -0.2429 -0.0870 -0.0186 0.0168 0.0587 0.1689 -0.0100 -0.3196 -0.3357 -0.3193 -0.2282 -0.0759 -0.0146 0.0193 0.0628 0.1702 -0.0275 -0.3206 -0.3359 -0.3181 -0.2252 -0.0743 -0.0142 0.0195 0.0631 0.1703 -0.0291 -0.3207 -0.3359 -0.3178 -0.2246 -0.0740 -0.0139 0.0230 0.0510 0.0230 -0.0139 -0.0740 -0.2246 -0.3178 -0.3359 -0.3207 -0.0291 0.1703 0.0631 0.0195 -0.0142 -0.0743 -0.2252 -0.3181 -0.3359 -0.3206 -0.0275 0.1702 0.0628 0.0193 -0.0146 -0.0759 -0.2282 -0.3193 -0.3358 -0.3196 -0.0100 0.1689 0.0587 0.0168 -0.0186 -0.0870 -0.2429 -0.3237 -0.3351 -0.2792 0.0320 0.1447 0.0523 0.0132 -0.0242 -0.1026 -0.2582 -0.3277 -0.3339 -0.2315 0.0747 0.1230 0.0300
0.1009 0.0787 -0.2274 -0.3338 -0.3280 -0.2596 -0.1042 -0.0248 0.0129 0.0517 0.1422 0.0362 -0.2741 -0.3350 -0.3241 -0.2444 -0.0884 -0.0191 0.0165 0.0581 0.1686 -0.0066 -0.3193 -0.3357 -0.3195 -0.2286 -0.0759 -0.0145 0.0194 0.0631 0.1703 -0.0307 -0.3209 -0.3359 -0.3175 -0.2234 -0.0731 -0.0137 0.0199 0.0638 0.1704 -0.0328 -0.3210 -0.3359 -0.3173 -0.2227 -0.0726 -0.0136 0.0201 0.0664 0.1098 0.0664 0.0201 -0.0136 -0.0726 -0.2227 -0.3173 -0.3359 -0.3210 -0.0328 0.1704 0.0638 0.0199 -0.0137 -0.0731 -0.2234 -0.3175 -0.3359 -0.3209 -0.0307 0.1703 0.0631 0.0194 -0.0145 -0.0759 -0.2286 -0.3195 -0.3357 -0.3193 -0.0066 0.1686 0.0581 0.0165 -0.0191 -0.0884 -0.2444 -0.3241 -0.3350 -0.2741 0.0362 0.1422 0.0517 0.0129 -0.0248 -0.1042 -0.2596 -0.3280 -0.3338 -0.2274 0.0787 0.1009
0.0583 -0.2233 -0.3337 -0.3283 -0.2609 -0.1059 -0.0253 0.0125 0.0511 0.1399 0.0404 -0.2692 -0.3349 -0.3246 -0.2459 -0.0898 -0.0197 0.0161 0.0574 0.1681 -0.0026 -0.3191 -0.3357 -0.3199 -0.2295 -0.0764 -0.0146 0.0194 0.0633 0.1704 -0.0328 -0.3211 -0.3360 -0.3170 -0.2217 -0.0719 -0.0132 0.0202 0.0645 0.1705 -0.0364 -0.3213 -0.3360 -0.3167 -0.2210 -0.0714 -0.0130 0.0203 0.0651 0.1479 0.0892 0.1479 0.0651 0.0203 -0.0130 -0.0714 -0.2210 -0.3167 -0.3360 -0.3213 -0.0364 0.1705 0.0645 0.0202 -0.0132 -0.0719 -0.2217 -0.3170 -0.3360 -0.3211 -0.0328 0.1704 0.0633 0.0194 -0.0146 -0.0764 -0.2295 -0.3199 -0.3357 -0.3191 -0.0026 0.1681 0.0574 0.0161 -0.0197 -0.0898 -0.2459 -0.3246 -0.3349 -0.2692 0.0404 0.1399 0.0511 0.0125 -0.0253 -0.1059 -0.2609 -0.3283 -0.3337 -0.2233 0.0583
-0.1394 -0.3333 -0.3286 -0.2622 -0.1075 -0.0259 0.0122 0.0505 0.1376 0.0446 -0.2643 -0.3348 -0.3250 -0.2475 -0.0913 -0.0202 0.0158 0.0568 0.1660 0.0014 -0.3184 -0.3356 -0.3203 -0.2309 -0.0773 -0.0149 0.0193 0.0631 0.1704 -0.0336 -0.3212 -0.3360 -0.3166 -0.2202 -0.0709 -0.0127 0.0206 0.0652 0.1706 -0.0401 -0.3216 -0.3360 -0.3162 -0.2192 -0.0703 -0.0125 0.0207 0.0655 0.1701 -0.0475 -0.2549 -0.0475 0.1701 0.0655 0.0207 -0.0125 -0.0703 -0.2192 -0.3162 -0.3360 -0.3216 -0.0401 0.1706 0.0652 0.0206 -0.0127 -0.0709 -0.2202 -0.3166 -0.3360 -0.3212 -0.0336 0.1704 0.0631 0.0193 -0.0149 -0.0773 -0.2309 -0.3203 -0.3356 -0.3184 0.0014 0.1660 0.0568 0.0158 -0.0202 -0.0913 -0.2475 -0.3250 -0.3348 -0.2643 0.0446 0.1376 0.0505 0.0122 -0.0259 -0.1075 -0.2622 -0.3286 -0.3333 -0.1394
-0.2023 -0.3289 -0.2634 -0.1092 -0.0264 0.0118 0.0499 0.1354 0.0487 -0.2596 -0.3347 -0.3254 -0.2489 -0.0927 -0.0207 0.0154 0.0562 0.1627 0.0055 -0.3148 -0.3356 -0.3208 -0.2326 -0.0785 -0.0154 0.0190 0.0628 0.1703 -0.0328 -0.3212 -0.3360 -0.3164 -0.2192 -0.0701 -0.0123 0.0209 0.0658 0.1707 -0.0436 -0.3219 -0.3360 -0.3156 -0.2174 -0.0692 -0.0120 0.0211 0.0661 0.1707 -0.0484 -0.3236 -0.3349 -0.3236 -0.0484 0.1707 0.0661 0.0211 -0.0120 -0.0692 -0.2174 -0.3156 -0.3360 -0.3219 -0.0436 0.1707 0.0658 0.0209 -0.0123 -0.0701 -0.2192 -0.3164 -0.3360 -0.3212 -0.0328 0.1703 0.0628 0.0190 -0.0154 -0.0785 -0.2326 -0.3208 -0.3356 -0.3148 0.0055 0.1627 0.0562 0.0154 -0.0207 -0.0927 -0.2489 -0.3254 -0.3347 -0.2596 0.0487 0.1354 0.0499 0.0118 -0.0264 -0.1092 -0.2634 -0.3289 -0.2023
-0.2164 -0.2659 -0.1107 -0.0270 0.0115 0.0494 0.1333 0.0529 -0.2550 -0.3346 -0.3257 -0.2504 -0.0942 -0.0212 0.0151 0.0556 0.1596 0.0095 -0.3089 -0.3355 -0.3213 -0.2342 -0.0797 -0.0159 0.0187 0.0622 0.1702 -0.0307 -0.3211 -0.3360 -0.3164 -0.2188 -0.0696 -0.0120 0.0212 0.0664 0.1707 -0.0472 -0.3221 -0.3360 -0.3150 -0.2157 -0.0681 -0.0115 0.0215 0.0668 0.1707 -0.0486 -0.3227 -0.3377 -0.3364 -0.3377 -0.3227 -0.0486 0.1707 0.0668 0.0215 -0.0115 -0.0681 -0.2157 -0.3150 -0.3360 -0.3221 -0.0472 0.1707 0.0664 0.0212 -0.0120 -0.0696 -0.2188 -0.3164 -0.3360 -0.3211 -0.0307 0.1702 0.0622 0.0187 -0.0159 -0.0797 -0.2342 -0.3213 -0.3355 -0.3089 0.0095 0.1596 0.0556 0.0151 -0.0212 -0.0942 -0.2504 -0.3257 -0.3346 -0.2550 0.0529 0.1333 0.0494 0.0115 -0.0270 -0.1107 -0.2659 -0.2164
-0.1878 -0.1153 -0.0277 0.0112 0.0488 0.1313 0.0570 -0.2504 -0.3344 -0.3261 -0.2519 -0.0957 -0.0218 0.0147 0.0550 0.1566 0.0136 -0.3031 -0.3354 -0.3218 -0.2359 -0.0810 -0.0164 0.0183 0.0615 0.1700 -0.0275 -0.3209 -0.3360 -0.3166 -0.2192 -0.0696 -0.0119 0.0213 0.0668 0.1707 -0.0502 -0.3224 -0.3361 -0.3144 -0.2139 -0.0670 -0.0111 0.0218 0.0675 0.1706 -0.0521 -0.3225 -0.3351 -0.3148 -0.2802 -0.3148 -0.3351 -0.3225 -0.0521 0.1706 0.0675 0.0218 -0.0111 -0.0670 -0.2139 -0.3144 -0.3361 -0.3224 -0.0502 0.1707 0.0668 0.0213 -0.0119 -0.0696 -0.2192 -0.3166 -0.3360 -0.3209 -0.0275 0.1700 0.0615 0.0183 -0.0164 -0.0810 -0.2359 -0.3218 -0.3354 -0.3031 0.0136 0.1566 0.0550 0.0147 -0.0218 -0.0957 -0.2519 -0.3261 -0.3344 -0.2504 0.0570 0.1313 0.0488 0.0112 -0.0277 -0.1153 -0.1878
-0.1033 -0.0279 0.0104 0.0482 0.1293 0.0611 -0.2460 -0.3343 -0.3265 -0.2533 -0.0973 -0.0223 0.0144 0.0543 0.1537 0.0178 -0.2975 -0.3353 -0.3222 -0.2375 -0.0823 -0.0169 0.0180 0.0609 0.1698 -0.0237 -0.3206 -0.3359 -0.3170 -0.2202 -0.0701 -0.0120 0.0213 0.0670 0.1707 -0.0521 -0.3226 -0.3361 -0.3139 -0.2121 -0.0659 -0.0106 0.0222 0.0682 0.1706 -0.0556 -0.3228 -0.3360 -0.3099 -0.2071 -0.1197 -0.2071 -0.3099 -0.3360 -0.3228 -0.0556 0.1706 0.0682 0.0222 -0.0106 -0.0659 -0.2121 -0.3139 -0.3361 -0.3226 -0.0521 0.1707 0.0670 0.0213 -0.0120 -0.0701 -0.2202 -0.3170 -0.3359 -0.3206 -0.0237 0.1698 0.0609 0.0180 -0.0169 -0.0823 -0.2375 -0.3222 -0.3353 -0.2975 0.0178 0.1537 0.0543 0.0144 -0.0223 -0.0973 -0.2533 -0.3265 -0.3343 -0.2460 0.0611 0.1293 0.0482 0.0104 -0.0279 -0.1033
-0.0455 0.0139 0.0476 0.1274 0.0651 -0.2417 -0.3342 -0.3268 -0.2548 -0.0988 -0.0229 0.0141 0.0537 0.1509 0.0219 -0.2920 -0.3353 -0.3227 -0.2391 -0.0837 -0.0174 0.0176 0.0602 0.1696 -0.0199 -0.3203 -0.3359 -0.3175 -0.2217 -0.0709 -0.0123 0.0212 0.0668 0.1707 -0.0529 -0.3227 -0.3361 -0.3134 -0.2105 -0.0650 -0.0101 0.0225 0.0690 0.1705 -0.0590 -0.3230 -0.3361 -0.3129 -0.2026 -0.0582 -0.0184 -0.0582 -0.2026 -0.3129 -0.3361 -0.3230 -0.0590 0.1705 0.0690 0.0225 -0.0101 -0.0650 -0.2105 -0.3134 -0.3361 -0.3227 -0.0529 0.1707 0.0668 0.0212 -0.0123 -0.0709 -0.2217 -0.3175 -0.3359 -0.3203 -0.0199 0.1696 0.0602 0.0176 -0.0174 -0.0837 -0.2391 -0.3227 -0.3353 -0.2920 0.0219 0.1509 0.0537 0.0141 -0.0229 -0.0988 -0.2548 -0.3268 -0.3342 -0.2417 0.0651 0.1274 0.0476 0.0139 -0.0455
-0.0086 0.0480 0.1255 0.0691 -0.2374 -0.3341 -0.3272 -0.2562 -0.1004 -0.0234 0.0137 0.0531 0.1483 0.0261 -0.2866 -0.3352 -0.3231 -0.2406 -0.0850 -0.0179 0.0173 0.0596 0.1693 -0.0161 -0.3201 -0.3358 -0.3181 -0.2234 -0.0719 -0.0127 0.0209 0.0664 0.1707 -0.0521 -0.3227 -0.3361 -0.3132 -0.2095 -0.0643 -0.0097 0.0229 0.0697 0.1703 -0.0623 -0.3233 -0.3361 -0.3124 -0.2078 -0.0622 -0.0047 0.0165 -0.0047 -0.0622 -0.2078 -0.3124 -0.3361 -0.3233 -0.0623 0.1703 0.0697 0.0229 -0.0097 -0.0643 -0.2095 -0.3132 -0.3361 -0.3227 -0.0521 0.1707 0.0664 0.0209 -0.0127 -0.0719 -0.2234 -0.3181 -0.3358 -0.3201 -0.0161 0.1693 0.0596 0.0173 -0.0179 -0.0850 -0.2406 -0.3231 -0.3352 -0.2866 0.0261 0.1483 0.0531 0.0137 -0.0234 -0.1004 -0.2562 -0.3272 -0.3341 -0.2374 0.0691 0.1255 0.0480 -0.0086
0.0302 0.1237 0.0731 -0.2332 -0.3340 -0.3275 -0.2576 -0.1020 -0.0240 0.0134 0.0525 0.1457 0.0302 -0.2814 -0.3351 -0.3235 -0.2422 -0.0864 -0.0184 0.0170 0.0590 0.1691 -0.0122 -0.3198 -0.3358 -0.3186 -0.2252 -0.0731 -0.0132 0.0206 0.0658 0.1707 -0.0502 -0.3226 -0.3361 -0.3132 -0.2091 -0.0638 -0.0095 0.0231 0.0703 0.1701 -0.0657 -0.3236 -0.3361 -0.3117 -0.2060 -0.0627 -0.0089 0.0268 0.0567 0.0268 -0.0089 -0.0627 -0.2060 -0.3117 -0.3361 -0.3236 -0.0657 0.1701 0.0703 0.0231 -0.0095 -0.0638 -0.2091 -0.3132 -0.3361 -0.3226 -0.0502 0.1707 0.0658 0.0206 -0.0132 -0.0731 -0.2252 -0.3186 -0.3358 -0.3198 -0.0122 0.1691 0.0590 0.0170 -0.0184 -0.0864 -0.2422 -0.3235 -0.3351 -0.2814 0.0302 0.1457 0.0525 0.0134 -0.0240 -0.1020 -0.2576 -0.3275 -0.3340 -0.2332 0.0731 0.1237 0.0302
0.1015 0.0770 -0.2291 -0.3338 -0.3279 -0.2590 -0.1036 -0.0245 0.0130 0.0520 0.1433 0.0344 -0.2763 -0.3350 -0.3240 -0.2438 -0.0878 -0.0189 0.0166 0.0583 0.1687 -0.0083 -0.3195 -0.3358 -0.3191 -0.2269 -0.0743 -0.0137 0.0202 0.0652 0.1707 -0.0472 -0.3224 -0.3361 -0.3134 -0.2095 -0.0638 -0.0094 0.0233 0.0707 0.1700 -0.0685 -0.3238 -0.3360 -0.3110 -0.2039 -0.0615 -0.0087 0.0239 0.0731 0.1213 0.0731 0.0239 -0.0087 -0.0615 -0.2039 -0.3110 -0.3360 -0.3238 -0.0685 0.1700 0.0707 0.0233 -0.0094 -0.0638 -0.2095 -0.3134 -0.3361 -0.3224 -0.0472 0.1707 0.0652 0.0202 -0.0137 -0.0743 -0.2269 -0.3191 -0.3358 -0.3195 -0.0083 0.1687 0.0583 0.0166 -0.0189 -0.0878 -0.2438 -0.3240 -0.3350 -0.2763 0.0344 0.1433 0.0520 0.0130 -0.0245 -0.1036 -0.2590 -0.3279 -0.3338 -0.2291 0.0770 0.1015
0.0571 -0.2250 -0.3337 -0.3282 -0.2603 -0.1052 -0.0251 0.0127 0.0514 0.1409 0.0386 -0.2713 -0.3349 -0.3244 -0.2453 -0.0892 -0.0194 0.0163 0.0577 0.1684 -0.0043 -0.3192 -0.3357 -0.3196 -0.2286 -0.0755 -0.0142 0.0199 0.0645 0.1706 -0.0436 -0.3221 -0.3361 -0.3139 -0.2105 -0.0643 -0.0095 0.0233 0.0709 0.1699 -0.0703 -0.3240 -0.3360 -0.3104 -0.2021 -0.0605 -0.0081 0.0241 0.0727 0.1538 0.0532 0.1538 0.0727 0.0241 -0.0081 -0.0605 -0.2021 -0.3104 -0.3360 -0.3240 -0.0703 0.1699 0.0709 0.0233 -0.0095 -0.0643 -0.2105 -0.3139 -0.3361 -0.3221 -0.0436 0.1706 0.0645 0.0199 -0.0142 -0.0755 -0.2286 -0.3196 -0.3357 -0.3192 -0.0043 0.1684 0.0577 0.0163 -0.0194 -0.0892 -0.2453 -0.3244 -0.3349 -0.2713 0.0386 0.1409 0.0514 0.0127 -0.0251 -0.1052 -0.2603 -0.3282 -0.3337 -0.2250 0.0571
-0.1402 -0.3334 -0.3285 -0.2617 -0.1068 -0.0256 0.0123 0.0508 0.1386 0.0428 -0.2664 -0.3348 -0.3248 -0.2468 -0.0907 -0.0200 0.0159 0.0571 0.1670 -0.0003 -0.3189 -0.3356 -0.3201 -0.2302 -0.0767 -0.0146 0.0195 0.0638 0.1705 -0.0401 -0.3219 -0.3360 -0.3144 -0.2121 -0.0650 -0.0097 0.0231 0.0707 0.1699 -0.0710 -0.3241 -0.3360 -0.3099 -0.2004 -0.0597 -0.0077 0.0246 0.0730 0.1681 -0.0821 -0.2808 -0.0821 0.1681 0.0730 0.0246 -0.0077 -0.0597 -0.2004 -0.3099 -0.3360 -0.3241 -0.0710 0.1699 0.0707 0.0231 -0.0097 -0.0650 -0.2121 -0.3144 -0.3360 -0.3219 -0.0401 0.1705 0.0638 0.0195 -0.0146 -0.0767 -0.2302 -0.3201 -0.3356 -0.3189 -0.0003 0.1670 0.0571 0.0159 -0.0200 -0.0907 -0.2468 -0.3248 -0.3348 -0.2664 0.0428 0.1386 0.0508 0.0123 -0.0256 -0.1068 -0.2617 -0.3285 -0.3334 -0.1402
-0.2025 -0.3288 -0.2629 -0.1085 -0.0262 0.0120 0.0502 0.1364 0.0469 -0.2616 -0.3347 -0.3252 -0.2483 -0.0921 -0.0205 0.0156 0.0564 0.1641 0.0037 -0.3166 -0.3356 -0.3206 -0.2319 -0.0779 -0.0151 0.0192 0.0631 0.1704 -0.0364 -0.3216 -0.3360 -0.3150 -0.2139 -0.0659 -0.0101 0.0229 0.0703 0.1700 -0.0703 -0.3241 -0.3360 -0.3096 -0.1994 -0.0590 -0.0073 0.0249 0.0737 0.1688 -0.0827 -0.3263 -0.3367 -0.3263 -0.0827 0.1688 0.0737 0.0249 -0.0073 -0.0590 -0.1994 -0.3096 -0.3360 -0.3241 -0.0703 0.1700 0.0703 0.0229 -0.0101 -0.0659 -0.2139 -0.3150 -0.3360 -0.3216 -0.0364 0.1704 0.0631 0.0192 -0.0151 -0.0779 -0.2319 -0.3206 -0.3356 -0.3166 0.0037 0.1641 0.0564 0.0156 -0.0205 -0.0921 -0.2483 -0.3252 -0.3347 -0.2616 0.0469 0.1364 0.0502 0.0120 -0.0262 -0.1085 -0.2629 -0.3288 -0.2025
-0.2164 -0.2654 -0.1099 -0.0267 0.0116 0.0496 0.1342 0.0511 -0.2569 -0.3346 -0.3256 -0.2498 -0.0936 -0.0210 0.0152 0.0558 0.1609 0.0078 -0.3114 -0.3355 -0.3211 -0.2335 -0.0792 -0.0156 0.0188 0.0625 0.1703 -0.0328 -0.3213 -0.3360 -0.3156 -0.2157 -0.0670 -0.0106 0.0225 0.0697 0.1701 -0.0685 -0.3240 -0.3360 -0.3096 -0.1990 -0.0586 -0.0070 0.0252 0.0744 0.1684 -0.0831 -0.3253 -0.3375 -0.3338 -0.3375 -0.3253 -0.0831 0.1684 0.0744 0.0252 -0.0070 -0.0586 -0.1990 -0.3096 -0.3360 -0.3240 -0.0685 0.1701 0.0697 0.0225 -0.0106 -0.0670 -0.2157 -0.3156 -0.3360 -0.3213 -0.0328 0.1703 0.0625 0.0188 -0.0156 -0.0792 -0.2335 -0.3211 -0.3355 -0.3114 0.0078 0.1609 0.0558 0.0152 -0.0210 -0.0936 -0.2498 -0.3256 -0.3346 -0.2569 0.0511 0.1342 0.0496 0.0116 -0.0267 -0.1099 -0.2654 -0.2164
-0.1875 -0.1145 -0.0274 0.0113 0.0490 0.1321 0.0552 -0.2524 -0.3345 -0.3260 -0.2513 -0.0951 -0.0216 0.0149 0.0552 0.1579 0.0119 -0.3056 -0.3354 -0.3216 -0.2352 -0.0805 -0.0161 0.0185 0.0618 0.1701 -0.0291 -0.3210 -0.3360 -0.3162 -0.2174 -0.0681 -0.0111 0.0222 0.0690 0.1703 -0.0657 -0.3238 -0.3360 -0.3099 -0.1994 -0.0586 -0.0069 0.0254 0.0748 0.1680 -0.0858 -0.3251 -0.3347 -0.3077 -0.2666 -0.3077 -0.3347 -0.3251 -0.0858 0.1680 0.0748 0.0254 -0.0069 -0.0586 -0.1994 -0.3099 -0.3360 -0.3238 -0.0657 0.1703 0.0690 0.0222 -0.0111 -0.0681 -0.2174 -0.3162 -0.3360 -0.3210 -0.0291 0.1701 0.0618 0.0185 -0.0161 -0.0805 -0.2352 -0.3216 -0.3354 -0.3056 0.0119 0.1579 0.0552 0.0149 -0.0216 -0.0951 -0.2513 -0.3260 -0.3345 -0.2524 0.0552 0.1321 0.0490 0.0113 -0.0274 -0.1145 -0.1875
-0.1029 -0.0276 0.0105 0.0485 0.1301 0.0593 -0.2479 -0.3344 -0.3263 -0.2527 -0.0966 -0.0221 0.0145 0.0546 0.1549 0.0160 -0.2999 -0.3354 -0.3220 -0.2368 -0.0818 -0.0166 0.0181 0.0612 0.1699 -0.0254 -0.3207 -0.3359 -0.3167 -0.2192 -0.0692 -0.0115 0.0218 0.0682 0.1705 -0.0623 -0.3236 -0.3360 -0.3104 -0.2004 -0.0590 -0.0070 0.0254 0.0750 0.1678 -0.0877 -0.3254 -0.3358 -0.3026 -0.1869 -0.1004 -0.1869 -0.3026 -0.3358 -0.3254 -0.0877 0.1678 0.0750 0.0254 -0.0070 -0.0590 -0.2004 -0.3104 -0.3360 -0.3236 -0.0623 0.1705 0.0682 0.0218 -0.0115 -0.0692 -0.2192 -0.3167 -0.3359 -0.3207 -0.0254 0.1699 0.0612 0.0181 -0.0166 -0.0818 -0.2368 -0.3220 -0.3354 -0.2999 0.0160 0.1549 0.0546 0.0145 -0.0221 -0.0966 -0.2527 -0.3263 -0.3344 -0.2479 0.0593 0.1301 0.0485 0.0105 -0.0276 -0.1029
-0.0453 0.0140 0.0479 0.1282 0.0634 -0.2435 -0.3343 -0.3267 -0.2542 -0.0981 -0.0226 0.0142 0.0540 0.1521 0.0201 -0.2943 -0.3353 -0.3225 -0.2384 -0.0831 -0.0172 0.0178 0.0605 0.1697 -0.0216 -0.3205 -0.3359 -0.3173 -0.2210 -0.0703 -0.0120 0.0215 0.0675 0.1706 -0.0590 -0.3233 -0.3361 -0.3110 -0.2021 -0.0597 -0.0073 0.0252 0.0748 0.1678 -0.0883 -0.3255 -0.3359 -0.3061 -0.1835 -0.0489 -0.0126 -0.0489 -0.1836 -0.3061 -0.3359 -0.3255 -0.0883 0.1678 0.0748 0.0252 -0.0073 -0.0597 -0.2021 -0.3110 -0.3361 -0.3233 -0.0590 0.1706 0.0675 0.0215 -0.0120 -0.0703 -0.2210 -0.3173 -0.3359 -0.3205 -0.0216 0.1697 0.0605 0.0178 -0.0172 -0.0831 -0.2384 -0.3225 -0.3353 -0.2943 0.0201 0.1521 0.0540 0.0142 -0.0226 -0.0981 -0.2542 -0.3267 -0.3343 -0.2435 0.0634 0.1282 0.0479 0.0140 -0.0453
-0.0084 0.0482 0.1263 0.0674 -0.2392 -0.3341 -0.3270 -0.2556 -0.0997 -0.0232 0.0139 0.0534 0.1494 0.0243 -0.2889 -0.3352 -0.3229 -0.2400 -0.0845 -0.0177 0.0174 0.0599 0.1695 -0.0177 -0.3202 -0.3359 -0.3178 -0.2227 -0.0714 -0.0125 0.0211 0.0668 0.1706 -0.0556 -0.3230 -0.3361 -0.3117 -0.2039 -0.0605 -0.0077 0.0249 0.0744 0.1680 -0.0877 -0.3255 -0.3358 -0.3058 -0.1894 -0.0538 -0.0005 0.0201 -0.0005 -0.0538 -0.1894 -0.3057 -0.3358 -0.3255 -0.0877 0.1680 0.0744 0.0249 -0.0077 -0.0605 -0.2039 -0.3117 -0.3361 -0.3230 -0.0556 0.1706 0.0668 0.0211 -0.0125 -0.0714 -0.2227 -0.3178 -0.3359 -0.3202 -0.0177 0.1695 0.0599 0.0174 -0.0177 -0.0845 -0.2400 -0.3229 -0.3352 -0.2889 0.0243 0.1494 0.0534 0.0139 -0.0232 -0.0997 -0.2556 -0.3270 -0.3341 -0.2392 0.0674 0.1263 0.0482 -0.0084
0.0304 0.1245 0.0713 -0.2350 -0.3340 -0.3274 -0.2570 -0.1013 -0.0237 0.0135 0.0528 0.1468 0.0285 -0.2836 -0.3351 -0.3234 -0.2415 -0.0858 -0.0182 0.0171 0.0592 0.1692 -0.0139 -0.3199 -0.3358 -0.3184 -0.2244 -0.0726 -0.0130 0.0207 0.0661 0.1707 -0.0521 -0.3228 -0.3361 -0.3123 -0.2058 -0.0615 -0.0081 0.0246 0.0737 0.1684 -0.0859 -0.3254 -0.3358 -0.3057 -0.1888 -0.0542 -0.0047 0.0308 0.0621 0.0308 -0.0047 -0.0541 -0.1890 -0.3058 -0.3359 -0.3254 -0.0858 0.1684 0.0737 0.0246 -0.0081 -0.0615 -0.2060 -0.3124 -0.3361 -0.3228 -0.0521 0.1707 0.0661 0.0207 -0.0130 -0.0726 -0.2246 -0.3184 -0.3358 -0.3199 -0.0138 0.1692 0.0592 0.0171 -0.0182 -0.0859 -0.2417 -0.3234 -0.3351 -0.2836 0.0285 0.1468 0.0528 0.0135 -0.0237 -0.1014 -0.2571 -0.3275 -0.3340 -0.2350 0.0714 0.1245 0.0304
0.1022 0.0753 -0.2309 -0.3339 -0.3277 -0.2584 -0.1029 -0.0243 0.0132 0.0522 0.1443 0.0326 -0.2784 -0.3350 -0.3238 -0.2431 -0.0872 -0.0187 0.0168 0.0586 0.1689 -0.0100 -0.3196 -0.3358 -0.3189 -0.2261 -0.0738 -0.0135 0.0204 0.0655 0.1707 -0.0487 -0.3225 -0.3361 -0.3129 -0.2076 -0.0625 -0.0086 0.0242 0.0730 0.1688 -0.0832 -0.3252 -0.3359 -0.3060 -0.1890 -0.0539 -0.0047 0.0276 0.0795 0.1345 0.0796 0.0275 -0.0049 -0.0541 -0.1894 -0.3061 -0.3358 -0.3251 -0.0831 0.1688 0.0730 0.0241 -0.0087 -0.0627 -0.2078 -0.3129 -0.3360 -0.3225 -0.0486 0.1707 0.0655 0.0203 -0.0136 -0.0740 -0.2263 -0.3189 -0.3357 -0.3196 -0.0099 0.1689 0.0586 0.0167 -0.0189 -0.0874 -0.2432 -0.3238 -0.3350 -0.2784 0.0327 0.1453 0.0522 0.0131 -0.0244 -0.1031 -0.2585 -0.3277 -0.3338 -0.2308 0.0754 0.1030
0.0559 -0.2267 -0.3338 -0.3281 -0.2597 -0.1045 -0.0248 0.0128 0.0516 0.1419 0.0368 -0.2734 -0.3349 -0.3242 -0.2446 -0.0886 -0.0192 0.0164 0.0580 0.1686 -0.0060 -0.3193 -0.3357 -0.3194 -0.2278 -0.0750 -0.0139 0.0200 0.0648 0.1706 -0.0451 -0.3222 -0.3361 -0.3136 -0.2095 -0.0635 -0.0090 0.0238 0.0722 0.1691 -0.0800 -0.3250 -0.3359 -0.3066 -0.1901 -0.0542 -0.0046 0.0274 0.0796 0.1586 0.0138 0.1564 0.0802 0.0274 -0.0046 -0.0538 -0.1835 -0.3026 -0.3347 -0.3253 -0.0827 0.1681 0.0727 0.0239 -0.0089 -0.0622 -0.2026 -0.3099 -0.3351 -0.3227 -0.0484 0.1701 0.0651 0.0201 -0.0139 -0.0729 -0.2211 -0.3162 -0.3350 -0.3199 -0.0099 0.1683 0.0583 0.0165 -0.0191 -0.0856 -0.2382 -0.3214 -0.3344 -0.2763 0.0325 0.1445 0.0519 0.0129 -0.0248 -0.1005 -0.2538 -0.3256 -0.3335 -0.2300 0.0516
-0.1410 -0.3335 -0.3284 -0.2611 -0.1061 -0.0254 0.0125 0.0510 0.1396 0.0410 -0.2685 -0.3348 -0.3246 -0.2462 -0.0900 -0.0197 0.0161 0.0573 0.1678 -0.0020 -0.3190 -0.3357 -0.3199 -0.2295 -0.0762 -0.0144 0.0197 0.0641 0.1706 -0.0416 -0.3220 -0.3360 -0.3142 -0.2113 -0.0645 -0.0095 0.0234 0.0715 0.1695 -0.0768 -0.3247 -0.3359 -0.3073 -0.1917 -0.0548 -0.0049 0.0274 0.0790 0.1631 -0.1095 -0.3095 -0.1113 0.1505 0.0796 0.0307 -0.0004 -0.0489 -0.1869 -0.3077 -0.3375 -0.3263 -0.0821 0.1538 0.0731 0.0268 -0.0047 -0.0582 -0.2071 -0.3148 -0.3377 -0.3236 -0.0475 0.1479 0.0664 0.0230 -0.0094 -0.0696 -0.2262 -0.3208 -0.3373 -0.3206 -0.0087 0.1413 0.0601 0.0195 -0.0144 -0.0833 -0.2437 -0.3257 -0.3365 -0.2762 0.0339 0.1259 0.0541 0.0160 -0.0197 -0.0992 -0.2594 -0.3295 -0.3355 -0.1449
-0.2026 -0.3287 -0.2622 -0.1078 -0.0260 0.0121 0.0504 0.1373 0.0452 -0.2636 -0.3347 -0.3250 -0.2477 -0.0915 -0.0203 0.0157 0.0567 0.1655 0.0020 -0.3179 -0.3356 -0.3204 -0.2312 -0.0774 -0.0149 0.0193 0.0634 0.1705 -0.0380 -0.3217 -0.3360 -0.3148 -0.2131 -0.0655 -0.0099 0.0231 0.0707 0.1698 -0.0736 -0.3245 -0.3360 -0.3080 -0.1937 -0.0556 -0.0053 0.0271 0.0786 0.1649 -0.1065 -0.3295 -0.3391 -0.2147 0.0357 0.1297 0.0622 0.0201 -0.0126 -0.1004 -0.2666 -0.3338 -0.3367 -0.2808 0.0532 0.1213 0.0567 0.0165 -0.0184 -0.1197 -0.2802 -0.3364 -0.3349 -0.2549 0.0892 0.1098 0.0510 0.0131 -0.0252 -0.1410 -0.2921 -0.3383 -0.3328 -0.2318 0.1156 0.1002 0.0456 0.0097 -0.0330 -0.1632 -0.3022 -0.3395 -0.3304 -0.1820 0.1323 0.0918 0.0404 0.0064 -0.0419 -0.1852 -0.3102 -0.3412 -0.1883
