1.0000 1.0000 1.0000 0.0009 0.0027 0.0086 0.0270 0.0847 0.2662 0.8363 1.0000 1.0000 1.0000 0.0009 0.0027 0.0086 0.0271 0.0852 0.2677 0.8411 1.0000 1.0000 1.0000 0.0009 0.0028 0.0087 0.0273 0.0857 0.2692 0.8459 1.0000 1.0000 1.0000 0.0009 0.0028 0.0087 0.0274 0.0862 0.2708 0.8507 1.0000 1.0000 1.0000 0.0009 0.0028 0.0088 0.0276 0.0863 0.2760 0.9981 1.0000 0.9981 0.2760 0.0863 0.0276 0.0088 0.0028 0.0009 1.0000 1.0000 1.0000 0.8507 0.2708 0.0862 0.0274 0.0087 0.0028 0.0009 1.0000 1.0000 1.0000 0.8459 0.2692 0.0857 0.0273 0.0087 0.0028 0.0009 1.0000 1.0000 1.0000 0.8411 0.2677 0.0852 0.0271 0.0086 0.0027 0.0009 1.0000 1.0000 1.0000 0.8363 0.2662 0.0847 0.0270 0.0086 0.0027 0.0009 1.0000 1.0000 1.0000
1.0000 1.0000 0.0017 0.0056 0.0175 0.0549 0.1725 0.5431 1.0000 1.0000 1.0000 1.0000 0.0018 0.0056 0.0176 0.0553 0.1738 0.5462 1.0000 1.0000 1.0000 1.0000 0.0018 0.0056 0.0177 0.0556 0.1748 0.5493 1.0000 1.0000 1.0000 1.0000 0.0018 0.0057 0.0178 0.0560 0.1758 0.5525 1.0000 1.0000 1.0000 1.0000 0.0018 0.0057 0.0179 0.0563 0.1768 0.5525 1.0000 1.0000 1.0000 1.0000 1.0000 0.5525 0.1768 0.0563 0.0179 0.0057 0.0018 1.0000 1.0000 1.0000 1.0000 0.5525 0.1758 0.0560 0.0178 0.0057 0.0018 1.0000 1.0000 1.0000 1.0000 0.5493 0.1748 0.0556 0.0177 0.0056 0.0018 1.0000 1.0000 1.0000 1.0000 0.5462 0.1738 0.0553 0.0176 0.0056 0.0018 1.0000 1.0000 1.0000 1.0000 0.5431 0.1725 0.0549 0.0175 0.0056 0.0017 1.0000 1.0000
1.0000 0.0017 0.0050 0.0161 0.0506 0.1593 0.5014 1.0000 1.0000 1.0000 1.0000 0.0016 0.0052 0.0163 0.0512 0.1605 0.5052 1.0000 1.0000 1.0000 1.0000 0.0017 0.0052 0.0164 0.0514 0.1617 0.5072 1.0000 1.0000 1.0000 1.0000 0.0017 0.0052 0.0164 0.0518 0.1623 0.5110 1.0000 1.0000 1.0000 1.0000 0.0017 0.0053 0.0166 0.0520 0.1636 0.5130 1.0000 1.0000 1.0000 1.0000 1.0000 1.0000 1.0000 0.5130 0.1636 0.0520 0.0166 0.0053 0.0017 1.0000 1.0000 1.0000 1.0000 0.5110 0.1623 0.0518 0.0164 0.0052 0.0017 1.0000 1.0000 1.0000 1.0000 0.5072 0.1617 0.0514 0.0164 0.0052 0.0017 1.0000 1.0000 1.0000 1.0000 0.5052 0.1605 0.0512 0.0163 0.0052 0.0016 1.0000 1.0000 1.0000 1.0000 0.5014 0.1593 0.0506 0.0161 0.0050 0.0017 1.0000
0.0009 0.0056 0.0161 0.0517 0.1626 0.5130 1.0000 1.0000 1.0000 1.0000 0.0017 0.0053 0.0167 0.0525 0.1648 0.5179 1.0000 1.0000 1.0000 1.0000 0.0017 0.0053 0.0168 0.0528 0.1658 0.5208 1.0000 1.0000 1.0000 1.0000 0.0017 0.0054 0.0169 0.0531 0.1667 0.5238 1.0000 1.0000 1.0000 1.0000 0.0017 0.0054 0.0170 0.0534 0.1677 0.5268 1.0000 1.0000 1.0000 1.0000 0.0014 1.0000 1.0000 1.0000 1.0000 0.5268 0.1677 0.0534 0.0170 0.0054 0.0017 1.0000 1.0000 1.0000 1.0000 0.5238 0.1667 0.0531 0.0169 0.0054 0.0017 1.0000 1.0000 1.0000 1.0000 0.5208 0.1658 0.0528 0.0168 0.0053 0.0017 1.0000 1.0000 1.0000 1.0000 0.5179 0.1648 0.0525 0.0167 0.0053 0.0017 1.0000 1.0000 1.0000 1.0000 0.5130 0.1626 0.0517 0.0161 0.0056 0.0009
0.0027 0.0175 0.0506 0.1626 0.5130 1.0000 1.0000 1.0000 1.0000 0.0017 0.0054 0.0169 0.0531 0.1667 0.5238 1.0000 1.0000 1.0000 1.0000 0.0017 0.0054 0.0170 0.0534 0.1677 0.5268 1.0000 1.0000 1.0000 1.0000 0.0017 0.0054 0.0171 0.0537 0.1686 0.5298 1.0000 1.0000 1.0000 1.0000 0.0017 0.0055 0.0172 0.0540 0.1696 0.5329 1.0000 1.0000 1.0000 1.0000 0.0020 0.0045 0.0020 1.0000 1.0000 1.0000 1.0000 0.5329 0.1696 0.0540 0.0172 0.0055 0.0017 1.0000 1.0000 1.0000 1.0000 0.5298 0.1686 0.0537 0.0171 0.0054 0.0017 1.0000 1.0000 1.0000 1.0000 0.5268 0.1677 0.0534 0.0170 0.0054 0.0017 1.0000 1.0000 1.0000 1.0000 0.5238 0.1667 0.0531 0.0169 0.0054 0.0017 1.0000 1.0000 1.0000 1.0000 0.5130 0.1626 0.0506 0.0175 0.0027
0.0086 0.0549 0.1593 0.5130 1.0000 1.0000 1.0000 1.0000 0.0017 0.0054 0.0171 0.0538 0.1689 0.5308 1.0000 1.0000 1.0000 1.0000 0.0017 0.0055 0.0172 0.0541 0.1699 0.5339 1.0000 1.0000 1.0000 1.0000 0.0018 0.0055 0.0173 0.0544 0.1709 0.5369 1.0000 1.0000 1.0000 1.0000 0.0018 0.0055 0.0174 0.0547 0.1719 0.5400 1.0000 1.0000 1.0000 1.0000 0.0018 0.0064 0.0144 0.0064 0.0018 1.0000 1.0000 1.0000 1.0000 0.5400 0.1719 0.0547 0.0174 0.0055 0.0018 1.0000 1.0000 1.0000 1.0000 0.5369 0.1709 0.0544 0.0173 0.0055 0.0018 1.0000 1.0000 1.0000 1.0000 0.5339 0.1699 0.0541 0.0172 0.0055 0.0017 1.0000 1.0000 1.0000 1.0000 0.5308 0.1689 0.0538 0.0171 0.0054 0.0017 1.0000 1.0000 1.0000 1.0000 0.5130 0.1593 0.0549 0.0086
0.0270 0.1725 0.5014 1.0000 1.0000 1.0000 1.0000 0.0017 0.0055 0.0173 0.0544 0.1712 0.5380 1.0000 1.0000 1.0000 1.0000 0.0018 0.0056 0.0174 0.0548 0.1722 0.5410 1.0000 1.0000 1.0000 1.0000 0.0018 0.0056 0.0175 0.0551 0.1732 0.5441 1.0000 1.0000 1.0000 1.0000 0.0018 0.0056 0.0176 0.0554 0.1742 0.5472 1.0000 1.0000 1.0000 1.0000 0.0018 0.0057 0.0205 0.0457 0.0205 0.0057 0.0018 1.0000 1.0000 1.0000 1.0000 0.5472 0.1742 0.0554 0.0176 0.0056 0.0018 1.0000 1.0000 1.0000 1.0000 0.5441 0.1732 0.0551 0.0175 0.0056 0.0018 1.0000 1.0000 1.0000 1.0000 0.5410 0.1722 0.0548 0.0174 0.0056 0.0018 1.0000 1.0000 1.0000 1.0000 0.5380 0.1712 0.0544 0.0173 0.0055 0.0017 1.0000 1.0000 1.0000 1.0000 0.5014 0.1725 0.0270
0.0847 0.5431 1.0000 1.0000 1.0000 1.0000 0.0017 0.0055 0.0174 0.0549 0.1728 0.5441 1.0000 1.0000 1.0000 1.0000 0.0018 0.0056 0.0177 0.0555 0.1745 0.5483 1.0000 1.0000 1.0000 1.0000 0.0018 0.0057 0.0178 0.0559 0.1755 0.5514 1.0000 1.0000 1.0000 1.0000 0.0018 0.0057 0.0179 0.0562 0.1765 0.5546 1.0000 1.0000 1.0000 1.0000 0.0018 0.0057 0.0180 0.0653 0.1457 0.0653 0.0180 0.0057 0.0018 1.0000 1.0000 1.0000 1.0000 0.5546 0.1765 0.0562 0.0179 0.0057 0.0018 1.0000 1.0000 1.0000 1.0000 0.5514 0.1755 0.0559 0.0178 0.0057 0.0018 1.0000 1.0000 1.0000 1.0000 0.5483 0.1745 0.0555 0.0177 0.0056 0.0018 1.0000 1.0000 1.0000 1.0000 0.5441 0.1728 0.0549 0.0174 0.0055 0.0017 1.0000 1.0000 1.0000 1.0000 0.5431 0.0847
0.2662 1.0000 1.0000 1.0000 1.0000 0.0017 0.0055 0.0174 0.0551 0.1742 0.5493 1.0000 1.0000 1.0000 1.0000 0.0018 0.0057 0.0179 0.0563 0.1768 0.5556 1.0000 1.0000 1.0000 1.0000 0.0018 0.0057 0.0180 0.0566 0.1778 0.5588 1.0000 1.0000 1.0000 1.0000 0.0018 0.0058 0.0181 0.0569 0.1789 0.5620 1.0000 1.0000 1.0000 1.0000 0.0018 0.0058 0.0182 0.0575 0.2079 0.4638 0.2079 0.0575 0.0182 0.0058 0.0018 1.0000 1.0000 1.0000 1.0000 0.5620 0.1789 0.0569 0.0181 0.0058 0.0018 1.0000 1.0000 1.0000 1.0000 0.5588 0.1778 0.0566 0.0180 0.0057 0.0018 1.0000 1.0000 1.0000 1.0000 0.5556 0.1768 0.0563 0.0179 0.0057 0.0018 1.0000 1.0000 1.0000 1.0000 0.5493 0.1742 0.0551 0.0174 0.0055 0.0017 1.0000 1.0000 1.0000 1.0000 0.2662
0.8363 1.0000 1.0000 1.0000 0.0017 0.0054 0.0173 0.0549 0.1742 0.5514 1.0000 1.0000 1.0000 1.0000 0.0018 0.0058 0.0182 0.0570 0.1792 0.5631 1.0000 1.0000 1.0000 1.0000 0.0018 0.0058 0.0183 0.0574 0.1802 0.5663 1.0000 1.0000 1.0000 1.0000 0.0019 0.0058 0.0184 0.0577 0.1813 0.5695 1.0000 1.0000 1.0000 1.0000 0.0019 0.0059 0.0185 0.0578 0.1830 0.6619 1.0000 0.6619 0.1830 0.0578 0.0185 0.0059 0.0019 1.0000 1.0000 1.0000 1.0000 0.5695 0.1813 0.0577 0.0184 0.0058 0.0019 1.0000 1.0000 1.0000 1.0000 0.5663 0.1802 0.0574 0.0183 0.0058 0.0018 1.0000 1.0000 1.0000 1.0000 0.5631 0.1792 0.0570 0.0182 0.0058 0.0018 1.0000 1.0000 1.0000 1.0000 0.5514 0.1742 0.0549 0.0173 0.0054 0.0017 1.0000 1.0000 1.0000 0.8363
1.0000 1.0000 1.0000 0.0017 0.0054 0.0171 0.0544 0.1728 0.5493 1.0000 1.0000 1.0000 1.0000 0.0019 0.0058 0.0184 0.0578 0.1816 0.5706 1.0000 1.0000 1.0000 1.0000 0.0019 0.0059 0.0185 0.0581 0.1826 0.5739 1.0000 1.0000 1.0000 1.0000 0.0019 0.0059 0.0186 0.0585 0.1837 0.5772 1.0000 1.0000 1.0000 1.0000 0.0019 0.0060 0.0187 0.0588 0.1840 0.5827 1.0000 1.0000 1.0000 0.5827 0.1840 0.0588 0.0187 0.0060 0.0019 1.0000 1.0000 1.0000 1.0000 0.5772 0.1837 0.0585 0.0186 0.0059 0.0019 1.0000 1.0000 1.0000 1.0000 0.5739 0.1826 0.0581 0.0185 0.0059 0.0019 1.0000 1.0000 1.0000 1.0000 0.5706 0.1816 0.0578 0.0184 0.0058 0.0019 1.0000 1.0000 1.0000 1.0000 0.5493 0.1728 0.0544 0.0171 0.0054 0.0017 1.0000 1.0000 1.0000
1.0000 1.0000 0.0016 0.0053 0.0169 0.0538 0.1712 0.5441 1.0000 1.0000 1.0000 1.0000 0.0019 0.0059 0.0186 0.0585 0.1840 0.5783 1.0000 1.0000 1.0000 1.0000 0.0019 0.0060 0.0187 0.0589 0.1851 0.5816 1.0000 1.0000 1.0000 1.0000 0.0019 0.0060 0.0189 0.0592 0.1862 0.5849 1.0000 1.0000 1.0000 1.0000 0.0019 0.0060 0.0190 0.0596 0.1872 0.5860 1.0000 1.0000 1.0000 1.0000 1.0000 0.5860 0.1872 0.0596 0.0190 0.0060 0.0019 1.0000 1.0000 1.0000 1.0000 0.5849 0.1862 0.0592 0.0189 0.0060 0.0019 1.0000 1.0000 1.0000 1.0000 0.5816 0.1851 0.0589 0.0187 0.0060 0.0019 1.0000 1.0000 1.0000 1.0000 0.5783 0.1840 0.0585 0.0186 0.0059 0.0019 1.0000 1.0000 1.0000 1.0000 0.5441 0.1712 0.0538 0.0169 0.0053 0.0016 1.0000 1.0000
1.0000 0.0018 0.0052 0.0167 0.0531 0.1689 0.5380 1.0000 1.0000 1.0000 1.0000 0.0019 0.0059 0.0187 0.0590 0.1858 0.5849 1.0000 1.0000 1.0000 1.0000 0.0019 0.0060 0.0190 0.0597 0.1876 0.5894 1.0000 1.0000 1.0000 1.0000 0.0019 0.0061 0.0191 0.0600 0.1886 0.5927 1.0000 1.0000 1.0000 0.0006 0.0019 0.0061 0.0192 0.0604 0.1897 0.5961 1.0000 1.0000 1.0000 1.0000 1.0000 1.0000 1.0000 0.5961 0.1897 0.0604 0.0192 0.0061 0.0019 0.0006 1.0000 1.0000 1.0000 0.5927 0.1886 0.0600 0.0191 0.0061 0.0019 1.0000 1.0000 1.0000 1.0000 0.5894 0.1876 0.0597 0.0190 0.0060 0.0019 1.0000 1.0000 1.0000 1.0000 0.5849 0.1858 0.0590 0.0187 0.0059 0.0019 1.0000 1.0000 1.0000 1.0000 0.5380 0.1689 0.0531 0.0167 0.0052 0.0018 1.0000
0.0009 0.0056 0.0163 0.0525 0.1667 0.5308 1.0000 1.0000 1.0000 1.0000 0.0019 0.0059 0.0187 0.0592 0.1872 0.5905 1.0000 1.0000 1.0000 0.0006 0.0020 0.0061 0.0193 0.0605 0.1901 0.5973 1.0000 1.0000 1.0000 0.0006 0.0020 0.0062 0.0194 0.0608 0.1912 0.6007 1.0000 1.0000 1.0000 0.0006 0.0020 0.0062 0.0195 0.0612 0.1923 0.6041 1.0000 1.0000 1.0000 0.0007 0.0016 0.0007 1.0000 1.0000 1.0000 0.6041 0.1923 0.0612 0.0195 0.0062 0.0020 0.0006 1.0000 1.0000 1.0000 0.6007 0.1912 0.0608 0.0194 0.0062 0.0020 0.0006 1.0000 1.0000 1.0000 0.5973 0.1901 0.0605 0.0193 0.0061 0.0020 0.0006 1.0000 1.0000 1.0000 0.5905 0.1872 0.0592 0.0187 0.0059 0.0019 1.0000 1.0000 1.0000 1.0000 0.5308 0.1667 0.0525 0.0163 0.0056 0.0009
0.0027 0.0176 0.0512 0.1648 0.5238 1.0000 1.0000 1.0000 1.0000 0.0018 0.0058 0.0186 0.0590 0.1872 0.5927 1.0000 1.0000 1.0000 0.0006 0.0020 0.0062 0.0195 0.0613 0.1926 0.6053 1.0000 1.0000 1.0000 0.0006 0.0020 0.0062 0.0196 0.0617 0.1937 0.6087 1.0000 1.0000 1.0000 0.0006 0.0020 0.0063 0.0197 0.0620 0.1948 0.6122 1.0000 1.0000 1.0000 0.0006 0.0023 0.0052 0.0023 0.0006 1.0000 1.0000 1.0000 0.6122 0.1948 0.0620 0.0197 0.0063 0.0020 0.0006 1.0000 1.0000 1.0000 0.6087 0.1937 0.0617 0.0196 0.0062 0.0020 0.0006 1.0000 1.0000 1.0000 0.6053 0.1926 0.0613 0.0195 0.0062 0.0020 0.0006 1.0000 1.0000 1.0000 0.5927 0.1872 0.0590 0.0186 0.0058 0.0018 1.0000 1.0000 1.0000 1.0000 0.5238 0.1648 0.0512 0.0176 0.0027
0.0086 0.0553 0.1605 0.5179 1.0000 1.0000 1.0000 1.0000 0.0018 0.0058 0.0184 0.0585 0.1858 0.5905 1.0000 1.0000 1.0000 0.0006 0.0020 0.0063 0.0198 0.0621 0.1952 0.6134 1.0000 1.0000 1.0000 0.0006 0.0020 0.0063 0.0199 0.0625 0.1963 0.6169 1.0000 1.0000 1.0000 0.0006 0.0020 0.0064 0.0200 0.0628 0.1975 0.6204 1.0000 1.0000 1.0000 0.0006 0.0020 0.0074 0.0165 0.0074 0.0020 0.0006 1.0000 1.0000 1.0000 0.6204 0.1975 0.0628 0.0200 0.0064 0.0020 0.0006 1.0000 1.0000 1.0000 0.6169 0.1963 0.0625 0.0199 0.0063 0.0020 0.0006 1.0000 1.0000 1.0000 0.6134 0.1952 0.0621 0.0198 0.0063 0.0020 0.0006 1.0000 1.0000 1.0000 0.5905 0.1858 0.0585 0.0184 0.0058 0.0018 1.0000 1.0000 1.0000 1.0000 0.5179 0.1605 0.0553 0.0086
0.0271 0.1738 0.5052 1.0000 1.0000 1.0000 1.0000 0.0018 0.0057 0.0182 0.0578 0.1840 0.5849 1.0000 1.0000 1.0000 0.0006 0.0020 0.0063 0.0200 0.0628 0.1978 0.6216 1.0000 1.0000 1.0000 0.0006 0.0020 0.0064 0.0202 0.0633 0.1990 0.6252 1.0000 1.0000 1.0000 0.0007 0.0021 0.0065 0.0203 0.0637 0.2001 0.6287 1.0000 1.0000 1.0000 0.0007 0.0021 0.0065 0.0236 0.0526 0.0236 0.0065 0.0021 0.0007 1.0000 1.0000 1.0000 0.6287 0.2001 0.0637 0.0203 0.0065 0.0021 0.0007 1.0000 1.0000 1.0000 0.6252 0.1990 0.0633 0.0202 0.0064 0.0020 0.0006 1.0000 1.0000 1.0000 0.6216 0.1978 0.0628 0.0200 0.0063 0.0020 0.0006 1.0000 1.0000 1.0000 0.5849 0.1840 0.0578 0.0182 0.0057 0.0018 1.0000 1.0000 1.0000 1.0000 0.5052 0.1738 0.0271
0.0852 0.5462 1.0000 1.0000 1.0000 1.0000 0.0018 0.0056 0.0179 0.0570 0.1816 0.5783 1.0000 1.0000 1.0000 0.0006 0.0020 0.0064 0.0201 0.0634 0.1997 0.6287 1.0000 1.0000 1.0000 0.0007 0.0021 0.0065 0.0204 0.0642 0.2016 0.6335 1.0000 1.0000 1.0000 0.0007 0.0021 0.0065 0.0205 0.0645 0.2028 0.6372 1.0000 1.0000 1.0000 0.0007 0.0021 0.0065 0.0207 0.0750 0.1673 0.0750 0.0207 0.0065 0.0021 0.0007 1.0000 1.0000 1.0000 0.6372 0.2028 0.0645 0.0205 0.0065 0.0021 0.0007 1.0000 1.0000 1.0000 0.6335 0.2016 0.0642 0.0204 0.0065 0.0021 0.0007 1.0000 1.0000 1.0000 0.6287 0.1997 0.0634 0.0201 0.0064 0.0020 0.0006 1.0000 1.0000 1.0000 0.5783 0.1816 0.0570 0.0179 0.0056 0.0018 1.0000 1.0000 1.0000 1.0000 0.5462 0.0852
0.2677 1.0000 1.0000 1.0000 1.0000 0.0017 0.0056 0.0177 0.0563 0.1792 0.5706 1.0000 1.0000 1.0000 0.0006 0.0020 0.0063 0.0201 0.0637 0.2012 0.6347 1.0000 1.0000 1.0000 0.0007 0.0021 0.0066 0.0207 0.0650 0.2043 0.6420 1.0000 1.0000 1.0000 0.0007 0.0021 0.0066 0.0208 0.0654 0.2055 0.6457 1.0000 1.0000 1.0000 0.0007 0.0021 0.0067 0.0209 0.0660 0.2388 0.5329 0.2388 0.0660 0.0209 0.0067 0.0021 0.0007 1.0000 1.0000 1.0000 0.6457 0.2055 0.0654 0.0208 0.0066 0.0021 0.0007 1.0000 1.0000 1.0000 0.6420 0.2043 0.0650 0.0207 0.0066 0.0021 0.0007 1.0000 1.0000 1.0000 0.6347 0.2012 0.0637 0.0201 0.0063 0.0020 0.0006 1.0000 1.0000 1.0000 0.5706 0.1792 0.0563 0.0177 0.0056 0.0017 1.0000 1.0000 1.0000 1.0000 0.2677
0.8411 1.0000 1.0000 1.0000 0.0017 0.0055 0.0174 0.0555 0.1768 0.5631 1.0000 1.0000 1.0000 0.0006 0.0020 0.0063 0.0200 0.0634 0.2012 0.6372 1.0000 1.0000 1.0000 0.0007 0.0021 0.0067 0.0210 0.0659 0.2071 0.6506 1.0000 1.0000 1.0000 0.0007 0.0021 0.0067 0.0211 0.0663 0.2083 0.6544 1.0000 1.0000 1.0000 0.0007 0.0021 0.0068 0.0212 0.0664 0.2102 0.7604 1.0000 0.7604 0.2102 0.0664 0.0212 0.0068 0.0021 0.0007 1.0000 1.0000 1.0000 0.6544 0.2083 0.0663 0.0211 0.0067 0.0021 0.0007 1.0000 1.0000 1.0000 0.6506 0.2071 0.0659 0.0210 0.0067 0.0021 0.0007 1.0000 1.0000 1.0000 0.6372 0.2012 0.0634 0.0200 0.0063 0.0020 0.0006 1.0000 1.0000 1.0000 0.5631 0.1768 0.0555 0.0174 0.0055 0.0017 1.0000 1.0000 1.0000 0.8411
1.0000 1.0000 1.0000 0.0017 0.0054 0.0172 0.0548 0.1745 0.5556 1.0000 1.0000 1.0000 1.0000 0.0020 0.0062 0.0198 0.0628 0.1997 0.6347 1.0000 1.0000 1.0000 0.0007 0.0021 0.0068 0.0213 0.0668 0.2098 0.6594 1.0000 1.0000 1.0000 0.0007 0.0022 0.0068 0.0214 0.0672 0.2110 0.6631 1.0000 1.0000 1.0000 0.0007 0.0022 0.0068 0.0215 0.0676 0.2114 0.6695 1.0000 1.0000 1.0000 0.6695 0.2114 0.0676 0.0215 0.0068 0.0022 0.0007 1.0000 1.0000 1.0000 0.6631 0.2110 0.0672 0.0214 0.0068 0.0022 0.0007 1.0000 1.0000 1.0000 0.6594 0.2098 0.0668 0.0213 0.0068 0.0021 0.0007 1.0000 1.0000 1.0000 0.6347 0.1997 0.0628 0.0198 0.0062 0.0020 1.0000 1.0000 1.0000 1.0000 0.5556 0.1745 0.0548 0.0172 0.0054 0.0017 1.0000 1.0000 1.0000
1.0000 1.0000 0.0017 0.0053 0.0170 0.0541 0.1722 0.5483 1.0000 1.0000 1.0000 1.0000 0.0019 0.0061 0.0195 0.0621 0.1978 0.6287 1.0000 1.0000 1.0000 0.0007 0.0022 0.0068 0.0215 0.0676 0.2127 0.6682 1.0000 1.0000 1.0000 0.0007 0.0022 0.0069 0.0217 0.0681 0.2139 0.6720 1.0000 1.0000 1.0000 0.0007 0.0022 0.0069 0.0218 0.0685 0.2151 0.6733 1.0000 1.0000 1.0000 1.0000 1.0000 0.6733 0.2151 0.0685 0.0218 0.0069 0.0022 0.0007 1.0000 1.0000 1.0000 0.6720 0.2139 0.0681 0.0217 0.0069 0.0022 0.0007 1.0000 1.0000 1.0000 0.6682 0.2127 0.0676 0.0215 0.0068 0.0022 0.0007 1.0000 1.0000 1.0000 0.6287 0.1978 0.0621 0.0195 0.0061 0.0019 1.0000 1.0000 1.0000 1.0000 0.5483 0.1722 0.0541 0.0170 0.0053 0.0017 1.0000 1.0000
1.0000 0.0018 0.0052 0.0168 0.0534 0.1699 0.5410 1.0000 1.0000 1.0000 1.0000 0.0019 0.0060 0.0193 0.0613 0.1952 0.6216 1.0000 1.0000 1.0000 0.0007 0.0022 0.0068 0.0216 0.0682 0.2147 0.6759 1.0000 1.0000 1.0000 0.0007 0.0022 0.0070 0.0220 0.0690 0.2167 0.6810 1.0000 1.0000 1.0000 0.0007 0.0022 0.0070 0.0221 0.0694 0.2180 0.6849 1.0000 1.0000 1.0000 1.0000 1.0000 1.0000 1.0000 0.6849 0.2180 0.0694 0.0221 0.0070 0.0022 0.0007 1.0000 1.0000 1.0000 0.6810 0.2167 0.0690 0.0220 0.0070 0.0022 0.0007 1.0000 1.0000 1.0000 0.6759 0.2151 0.0682 0.0216 0.0068 0.0022 0.0007 1.0000 1.0000 1.0000 0.6216 0.1952 0.0613 0.0193 0.0060 0.0019 1.0000 1.0000 1.0000 1.0000 0.5410 0.1699 0.0534 0.0168 0.0052 0.0018 1.0000
0.0009 0.0056 0.0164 0.0528 0.1677 0.5339 1.0000 1.0000 1.0000 1.0000 0.0019 0.0060 0.0190 0.0605 0.1926 0.6134 1.0000 1.0000 1.0000 0.0007 0.0021 0.0068 0.0216 0.0685 0.2163 0.6823 1.0000 1.0000 1.0000 0.0007 0.0023 0.0071 0.0222 0.0699 0.2196 0.6901 1.0000 1.0000 1.0000 0.0007 0.0023 0.0071 0.0224 0.0703 0.2209 0.6941 1.0000 1.0000 1.0000 0.0008 0.0019 0.0008 1.0000 1.0000 1.0000 0.6941 0.2209 0.0703 0.0224 0.0071 0.0023 0.0007 1.0000 1.0000 1.0000 0.6901 0.2196 0.0699 0.0222 0.0071 0.0023 0.0007 1.0000 1.0000 1.0000 0.6810 0.2159 0.0685 0.0216 0.0068 0.0021 0.0007 1.0000 1.0000 1.0000 0.6134 0.1926 0.0605 0.0190 0.0060 0.0019 1.0000 1.0000 1.0000 1.0000 0.5339 0.1677 0.0528 0.0164 0.0056 0.0009
0.0028 0.0177 0.0514 0.1658 0.5268 1.0000 1.0000 1.0000 1.0000 0.0018 0.0059 0.0187 0.0597 0.1901 0.6053 1.0000 1.0000 1.0000 0.0007 0.0021 0.0068 0.0215 0.0682 0.2163 0.6849 1.0000 1.0000 1.0000 0.0007 0.0023 0.0072 0.0225 0.0708 0.2226 0.6994 1.0000 1.0000 1.0000 0.0007 0.0023 0.0072 0.0227 0.0712 0.2239 0.7034 1.0000 1.0000 1.0000 0.0007 0.0027 0.0060 0.0027 0.0007 1.0000 1.0000 1.0000 0.7034 0.2239 0.0712 0.0227 0.0072 0.0023 0.0007 1.0000 1.0000 1.0000 0.6994 0.2226 0.0708 0.0225 0.0072 0.0023 0.0007 1.0000 1.0000 1.0000 0.6836 0.2159 0.0682 0.0215 0.0068 0.0021 0.0007 1.0000 1.0000 1.0000 0.6053 0.1901 0.0597 0.0187 0.0059 0.0018 1.0000 1.0000 1.0000 1.0000 0.5268 0.1658 0.0514 0.0177 0.0028
0.0087 0.0556 0.1617 0.5208 1.0000 1.0000 1.0000 1.0000 0.0018 0.0058 0.0185 0.0589 0.1876 0.5973 1.0000 1.0000 1.0000 0.0007 0.0021 0.0067 0.0213 0.0676 0.2147 0.6823 1.0000 1.0000 1.0000 0.0007 0.0023 0.0073 0.0228 0.0718 0.2256 0.7088 1.0000 1.0000 1.0000 0.0007 0.0023 0.0073 0.0230 0.0722 0.2269 0.7128 1.0000 1.0000 1.0000 0.0007 0.0023 0.0085 0.0190 0.0085 0.0023 0.0007 1.0000 1.0000 1.0000 0.7128 0.2269 0.0722 0.0230 0.0073 0.0023 0.0007 1.0000 1.0000 1.0000 0.7088 0.2256 0.0718 0.0228 0.0073 0.0023 0.0007 1.0000 1.0000 1.0000 0.6810 0.2151 0.0676 0.0213 0.0067 0.0021 0.0007 1.0000 1.0000 1.0000 0.5973 0.1876 0.0589 0.0185 0.0058 0.0018 1.0000 1.0000 1.0000 1.0000 0.5208 0.1617 0.0556 0.0087
0.0273 0.1748 0.5072 1.0000 1.0000 1.0000 1.0000 0.0018 0.0057 0.0183 0.0581 0.1851 0.5894 1.0000 1.0000 1.0000 0.0006 0.0021 0.0066 0.0210 0.0668 0.2127 0.6759 1.0000 1.0000 1.0000 0.0007 0.0023 0.0073 0.0231 0.0726 0.2286 0.7183 1.0000 1.0000 1.0000 0.0008 0.0024 0.0074 0.0233 0.0732 0.2299 0.7224 1.0000 1.0000 1.0000 0.0008 0.0024 0.0075 0.0271 0.0604 0.0271 0.0075 0.0024 0.0008 1.0000 1.0000 1.0000 0.7224 0.2299 0.0732 0.0233 0.0074 0.0024 0.0008 1.0000 1.0000 1.0000 0.7183 0.2286 0.0726 0.0231 0.0073 0.0023 0.0007 1.0000 1.0000 1.0000 0.6759 0.2127 0.0668 0.0210 0.0066 0.0021 0.0006 1.0000 1.0000 1.0000 0.5894 0.1851 0.0581 0.0183 0.0057 0.0018 1.0000 1.0000 1.0000 1.0000 0.5072 0.1748 0.0273
0.0857 0.5493 1.0000 1.0000 1.0000 1.0000 0.0018 0.0057 0.0180 0.0574 0.1826 0.5816 1.0000 1.0000 1.0000 0.0006 0.0020 0.0065 0.0207 0.0659 0.2098 0.6682 1.0000 1.0000 1.0000 0.0007 0.0023 0.0073 0.0232 0.0732 0.2308 0.7265 1.0000 1.0000 1.0000 0.0008 0.0024 0.0075 0.0236 0.0741 0.2330 0.7321 1.0000 1.0000 1.0000 0.0008 0.0024 0.0075 0.0238 0.0862 0.1923 0.0862 0.0238 0.0075 0.0024 0.0008 1.0000 1.0000 1.0000 0.7321 0.2330 0.0741 0.0236 0.0075 0.0024 0.0008 1.0000 1.0000 1.0000 0.7265 0.2308 0.0732 0.0232 0.0073 0.0023 0.0007 1.0000 1.0000 1.0000 0.6682 0.2098 0.0659 0.0207 0.0065 0.0020 0.0006 1.0000 1.0000 1.0000 0.5816 0.1826 0.0574 0.0180 0.0057 0.0018 1.0000 1.0000 1.0000 1.0000 0.5493 0.0857
0.2692 1.0000 1.0000 1.0000 1.0000 0.0018 0.0056 0.0178 0.0566 0.1802 0.5739 1.0000 1.0000 1.0000 0.0006 0.0020 0.0064 0.0204 0.0650 0.2071 0.6594 1.0000 1.0000 1.0000 0.0007 0.0023 0.0073 0.0232 0.0734 0.2321 0.7321 1.0000 1.0000 1.0000 0.0008 0.0024 0.0076 0.0239 0.0751 0.2361 0.7419 1.0000 1.0000 1.0000 0.0008 0.0024 0.0077 0.0240 0.0759 0.2744 0.6122 0.2744 0.0759 0.0240 0.0077 0.0024 0.0008 1.0000 1.0000 1.0000 0.7419 0.2361 0.0751 0.0239 0.0076 0.0024 0.0008 1.0000 1.0000 1.0000 0.7321 0.2321 0.0734 0.0232 0.0073 0.0023 0.0007 1.0000 1.0000 1.0000 0.6594 0.2071 0.0650 0.0204 0.0064 0.0020 0.0006 1.0000 1.0000 1.0000 0.5739 0.1802 0.0566 0.0178 0.0056 0.0018 1.0000 1.0000 1.0000 1.0000 0.2692
0.8459 1.0000 1.0000 1.0000 0.0017 0.0055 0.0175 0.0559 0.1778 0.5663 1.0000 1.0000 1.0000 0.0006 0.0020 0.0063 0.0202 0.0642 0.2043 0.6506 1.0000 1.0000 1.0000 0.0007 0.0023 0.0073 0.0231 0.0732 0.2321 0.7348 1.0000 1.0000 1.0000 0.0008 0.0025 0.0077 0.0242 0.0762 0.2393 0.7518 1.0000 1.0000 1.0000 0.0008 0.0025 0.0078 0.0244 0.0763 0.2416 0.8737 1.0000 0.8737 0.2416 0.0763 0.0244 0.0078 0.0025 0.0008 1.0000 1.0000 1.0000 0.7518 0.2393 0.0762 0.0242 0.0077 0.0025 0.0008 1.0000 1.0000 1.0000 0.7348 0.2321 0.0732 0.0231 0.0073 0.0023 0.0007 1.0000 1.0000 1.0000 0.6506 0.2043 0.0642 0.0202 0.0063 0.0020 0.0006 1.0000 1.0000 1.0000 0.5663 0.1778 0.0559 0.0175 0.0055 0.0017 1.0000 1.0000 1.0000 0.8459
1.0000 1.0000 1.0000 0.0017 0.0054 0.0173 0.0551 0.1755 0.5588 1.0000 1.0000 1.0000 1.0000 0.0020 0.0062 0.0199 0.0633 0.2016 0.6420 1.0000 1.0000 1.0000 0.0007 0.0023 0.0072 0.0228 0.0726 0.2308 0.7321 1.0000 1.0000 1.0000 0.0008 0.0025 0.0078 0.0246 0.0772 0.2425 0.7619 1.0000 1.0000 1.0000 0.0008 0.0025 0.0079 0.0247 0.0776 0.2429 0.7692 1.0000 1.0000 1.0000 0.7692 0.2429 0.0776 0.0247 0.0079 0.0025 0.0008 1.0000 1.0000 1.0000 0.7619 0.2425 0.0772 0.0246 0.0078 0.0025 0.0008 1.0000 1.0000 1.0000 0.7321 0.2308 0.0726 0.0228 0.0072 0.0023 0.0007 1.0000 1.0000 1.0000 0.6420 0.2016 0.0633 0.0199 0.0062 0.0020 1.0000 1.0000 1.0000 1.0000 0.5588 0.1755 0.0551 0.0173 0.0054 0.0017 1.0000 1.0000 1.0000
1.0000 1.0000 0.0017 0.0054 0.0171 0.0544 0.1732 0.5514 1.0000 1.0000 1.0000 1.0000 0.0019 0.0062 0.0196 0.0625 0.1990 0.6335 1.0000 1.0000 1.0000 0.0007 0.0022 0.0071 0.0225 0.0718 0.2286 0.7265 1.0000 1.0000 1.0000 0.0008 0.0025 0.0079 0.0248 0.0781 0.2457 0.7721 1.0000 1.0000 1.0000 0.0008 0.0025 0.0080 0.0250 0.0787 0.2471 0.7736 1.0000 1.0000 1.0000 1.0000 1.0000 0.7736 0.2471 0.0787 0.0250 0.0080 0.0025 0.0008 1.0000 1.0000 1.0000 0.7721 0.2457 0.0781 0.0248 0.0079 0.0025 0.0008 1.0000 1.0000 1.0000 0.7265 0.2286 0.0718 0.0225 0.0071 0.0022 0.0007 1.0000 1.0000 1.0000 0.6335 0.1990 0.0625 0.0196 0.0062 0.0019 1.0000 1.0000 1.0000 1.0000 0.5514 0.1732 0.0544 0.0171 0.0054 0.0017 1.0000 1.0000
1.0000 0.0018 0.0052 0.0169 0.0537 0.1709 0.5441 1.0000 1.0000 1.0000 1.0000 0.0019 0.0061 0.0194 0.0617 0.1963 0.6252 1.0000 1.0000 1.0000 0.0007 0.0022 0.0070 0.0222 0.0708 0.2256 0.7183 1.0000 1.0000 1.0000 0.0008 0.0025 0.0079 0.0249 0.0787 0.2481 0.7810 1.0000 1.0000 1.0000 0.0008 0.0026 0.0081 0.0254 0.0797 0.2504 0.7869 1.0000 1.0000 1.0000 1.0000 1.0000 1.0000 1.0000 0.7869 0.2504 0.0797 0.0254 0.0081 0.0026 0.0008 1.0000 1.0000 1.0000 0.7810 0.2481 0.0787 0.0249 0.0079 0.0025 0.0008 1.0000 1.0000 1.0000 0.7183 0.2256 0.0708 0.0222 0.0070 0.0022 0.0007 1.0000 1.0000 1.0000 0.6252 0.1963 0.0617 0.0194 0.0061 0.0019 1.0000 1.0000 1.0000 1.0000 0.5441 0.1709 0.0537 0.0169 0.0052 0.0018 1.0000
0.0009 0.0057 0.0164 0.0531 0.1686 0.5369 1.0000 1.0000 1.0000 1.0000 0.0019 0.0060 0.0191 0.0608 0.1937 0.6169 1.0000 1.0000 1.0000 0.0007 0.0022 0.0069 0.0220 0.0699 0.2226 0.7088 1.0000 1.0000 1.0000 0.0008 0.0025 0.0079 0.0249 0.0790 0.2495 0.7869 1.0000 1.0000 1.0000 0.0008 0.0026 0.0082 0.0257 0.0808 0.2538 0.7975 1.0000 1.0000 1.0000 0.0010 0.0021 0.0010 1.0000 1.0000 1.0000 0.7975 0.2538 0.0808 0.0257 0.0082 0.0026 0.0008 1.0000 1.0000 1.0000 0.7869 0.2495 0.0790 0.0249 0.0079 0.0025 0.0008 1.0000 1.0000 1.0000 0.7088 0.2226 0.0699 0.0220 0.0069 0.0022 0.0007 1.0000 1.0000 1.0000 0.6169 0.1937 0.0608 0.0191 0.0060 0.0019 1.0000 1.0000 1.0000 1.0000 0.5369 0.1686 0.0531 0.0164 0.0057 0.0009
0.0028 0.0178 0.0518 0.1667 0.5298 1.0000 1.0000 1.0000 1.0000 0.0019 0.0059 0.0189 0.0600 0.1912 0.6087 1.0000 1.0000 1.0000 0.0007 0.0021 0.0068 0.0217 0.0690 0.2196 0.6994 1.0000 1.0000 1.0000 0.0008 0.0025 0.0078 0.0248 0.0787 0.2495 0.7899 1.0000 1.0000 1.0000 0.0008 0.0026 0.0083 0.0261 0.0819 0.2572 0.8082 1.0000 1.0000 1.0000 0.0008 0.0031 0.0068 0.0031 0.0008 1.0000 1.0000 1.0000 0.8082 0.2572 0.0819 0.0261 0.0083 0.0026 0.0008 1.0000 1.0000 1.0000 0.7899 0.2495 0.0787 0.0248 0.0078 0.0025 0.0008 1.0000 1.0000 1.0000 0.6994 0.2196 0.0690 0.0217 0.0068 0.0021 0.0007 1.0000 1.0000 1.0000 0.6087 0.1912 0.0600 0.0189 0.0059 0.0019 1.0000 1.0000 1.0000 1.0000 0.5298 0.1667 0.0518 0.0178 0.0028
0.0087 0.0560 0.1623 0.5238 1.0000 1.0000 1.0000 1.0000 0.0018 0.0058 0.0186 0.0592 0.1886 0.6007 1.0000 1.0000 1.0000 0.0007 0.0021 0.0067 0.0214 0.0681 0.2167 0.6901 1.0000 1.0000 1.0000 0.0008 0.0024 0.0077 0.0246 0.0781 0.2481 0.7869 1.0000 1.0000 1.0000 0.0008 0.0027 0.0084 0.0264 0.0830 0.2606 0.8190 1.0000 1.0000 1.0000 0.0009 0.0027 0.0098 0.0218 0.0098 0.0027 0.0009 1.0000 1.0000 1.0000 0.8190 0.2606 0.0830 0.0264 0.0084 0.0027 0.0008 1.0000 1.0000 1.0000 0.7869 0.2481 0.0781 0.0246 0.0077 0.0024 0.0008 1.0000 1.0000 1.0000 0.6901 0.2167 0.0681 0.0214 0.0067 0.0021 0.0007 1.0000 1.0000 1.0000 0.6007 0.1886 0.0592 0.0186 0.0058 0.0018 1.0000 1.0000 1.0000 1.0000 0.5238 0.1623 0.0560 0.0087
0.0274 0.1758 0.5110 1.0000 1.0000 1.0000 1.0000 0.0018 0.0058 0.0184 0.0585 0.1862 0.5927 1.0000 1.0000 1.0000 0.0007 0.0021 0.0066 0.0211 0.0672 0.2139 0.6810 1.0000 1.0000 1.0000 0.0008 0.0024 0.0076 0.0242 0.0772 0.2457 0.7810 1.0000 1.0000 1.0000 0.0008 0.0027 0.0085 0.0267 0.0839 0.2641 0.8300 1.0000 1.0000 1.0000 0.0009 0.0027 0.0086 0.0311 0.0694 0.0311 0.0086 0.0027 0.0009 1.0000 1.0000 1.0000 0.8300 0.2641 0.0839 0.0267 0.0085 0.0027 0.0008 1.0000 1.0000 1.0000 0.7810 0.2457 0.0772 0.0242 0.0076 0.0024 0.0008 1.0000 1.0000 1.0000 0.6810 0.2139 0.0672 0.0211 0.0066 0.0021 0.0007 1.0000 1.0000 1.0000 0.5927 0.1862 0.0585 0.0184 0.0058 0.0018 1.0000 1.0000 1.0000 1.0000 0.5110 0.1758 0.0274
0.0862 0.5525 1.0000 1.0000 1.0000 1.0000 0.0018 0.0057 0.0181 0.0577 0.1837 0.5849 1.0000 1.0000 1.0000 0.0006 0.0021 0.0065 0.0208 0.0663 0.2110 0.6720 1.0000 1.0000 1.0000 0.0007 0.0024 0.0075 0.0239 0.0762 0.2425 0.7721 1.0000 1.0000 1.0000 0.0008 0.0027 0.0085 0.0268 0.0845 0.2667 0.8395 1.0000 1.0000 1.0000 0.0009 0.0028 0.0086 0.0274 0.0990 0.2209 0.0990 0.0274 0.0086 0.0028 0.0009 1.0000 1.0000 1.0000 0.8395 0.2667 0.0845 0.0268 0.0085 0.0027 0.0008 1.0000 1.0000 1.0000 0.7721 0.2425 0.0762 0.0239 0.0075 0.0024 0.0007 1.0000 1.0000 1.0000 0.6720 0.2110 0.0663 0.0208 0.0065 0.0021 0.0006 1.0000 1.0000 1.0000 0.5849 0.1837 0.0577 0.0181 0.0057 0.0018 1.0000 1.0000 1.0000 1.0000 0.5525 0.0862
0.2708 1.0000 1.0000 1.0000 1.0000 0.0018 0.0056 0.0179 0.0569 0.1813 0.5772 1.0000 1.0000 1.0000 0.0006 0.0020 0.0065 0.0205 0.0654 0.2083 0.6631 1.0000 1.0000 1.0000 0.0007 0.0023 0.0074 0.0236 0.0751 0.2393 0.7619 1.0000 1.0000 1.0000 0.0008 0.0027 0.0085 0.0268 0.0849 0.2682 0.8459 1.0000 1.0000 1.0000 0.0009 0.0028 0.0088 0.0275 0.0872 0.3152 0.7034 0.3152 0.0872 0.0275 0.0088 0.0028 0.0009 1.0000 1.0000 1.0000 0.8459 0.2682 0.0849 0.0268 0.0085 0.0027 0.0008 1.0000 1.0000 1.0000 0.7619 0.2393 0.0751 0.0236 0.0074 0.0023 0.0007 1.0000 1.0000 1.0000 0.6631 0.2083 0.0654 0.0205 0.0065 0.0020 0.0006 1.0000 1.0000 1.0000 0.5772 0.1813 0.0569 0.0179 0.0056 0.0018 1.0000 1.0000 1.0000 1.0000 0.2708
0.8507 1.0000 1.0000 1.0000 0.0017 0.0055 0.0176 0.0562 0.1789 0.5695 1.0000 1.0000 1.0000 0.0006 0.0020 0.0064 0.0203 0.0645 0.2055 0.6544 1.0000 1.0000 1.0000 0.0007 0.0023 0.0073 0.0233 0.0741 0.2361 0.7518 1.0000 1.0000 1.0000 0.0008 0.0026 0.0084 0.0267 0.0845 0.2682 0.8491 1.0000 1.0000 1.0000 0.0009 0.0028 0.0089 0.0280 0.0877 0.2775 1.0000 1.0000 1.0000 0.2775 0.0877 0.0280 0.0089 0.0028 0.0009 1.0000 1.0000 1.0000 0.8491 0.2682 0.0845 0.0267 0.0084 0.0026 0.0008 1.0000 1.0000 1.0000 0.7518 0.2361 0.0741 0.0233 0.0073 0.0023 0.0007 1.0000 1.0000 1.0000 0.6544 0.2055 0.0645 0.0203 0.0064 0.0020 0.0006 1.0000 1.0000 1.0000 0.5695 0.1789 0.0562 0.0176 0.0055 0.0017 1.0000 1.0000 1.0000 0.8507
1.0000 1.0000 1.0000 0.0017 0.0055 0.0174 0.0554 0.1765 0.5620 1.0000 1.0000 1.0000 0.0006 0.0020 0.0063 0.0200 0.0637 0.2028 0.6457 1.0000 1.0000 1.0000 0.0007 0.0023 0.0072 0.0230 0.0732 0.2330 0.7419 1.0000 1.0000 1.0000 0.0008 0.0026 0.0083 0.0264 0.0839 0.2667 0.8459 1.0000 1.0000 1.0000 0.0009 0.0029 0.0090 0.0284 0.0892 0.2791 0.8837 1.0000 1.0000 1.0000 0.8837 0.2791 0.0892 0.0284 0.0090 0.0029 0.0009 1.0000 1.0000 1.0000 0.8459 0.2667 0.0839 0.0264 0.0083 0.0026 0.0008 1.0000 1.0000 1.0000 0.7419 0.2330 0.0732 0.0230 0.0072 0.0023 0.0007 1.0000 1.0000 1.0000 0.6457 0.2028 0.0637 0.0200 0.0063 0.0020 0.0006 1.0000 1.0000 1.0000 0.5620 0.1765 0.0554 0.0174 0.0055 0.0017 1.0000 1.0000 1.0000
1.0000 1.0000 0.0017 0.0054 0.0172 0.0547 0.1742 0.5546 1.0000 1.0000 1.0000 1.0000 0.0019 0.0062 0.0197 0.0628 0.2001 0.6372 1.0000 1.0000 1.0000 0.0007 0.0022 0.0071 0.0227 0.0722 0.2299 0.7321 1.0000 1.0000 1.0000 0.0008 0.0026 0.0082 0.0261 0.0830 0.2641 0.8395 1.0000 1.0000 1.0000 0.0009 0.0029 0.0091 0.0287 0.0902 0.2839 0.8905 1.0000 1.0000 1.0000 1.0000 1.0000 0.8905 0.2839 0.0902 0.0287 0.0091 0.0029 0.0009 1.0000 1.0000 1.0000 0.8395 0.2641 0.0830 0.0261 0.0082 0.0026 0.0008 1.0000 1.0000 1.0000 0.7321 0.2299 0.0722 0.0227 0.0071 0.0022 0.0007 1.0000 1.0000 1.0000 0.6372 0.2001 0.0628 0.0197 0.0062 0.0019 1.0000 1.0000 1.0000 1.0000 0.5546 0.1742 0.0547 0.0172 0.0054 0.0017 1.0000 1.0000
1.0000 0.0018 0.0053 0.0170 0.0540 0.1719 0.5472 1.0000 1.0000 1.0000 1.0000 0.0019 0.0061 0.0195 0.0620 0.1975 0.6287 1.0000 1.0000 1.0000 0.0007 0.0022 0.0070 0.0224 0.0712 0.2269 0.7224 1.0000 1.0000 1.0000 0.0008 0.0025 0.0081 0.0257 0.0819 0.2606 0.8300 1.0000 1.0000 1.0000 0.0009 0.0029 0.0091 0.0288 0.0909 0.2867 0.9041 1.0000 1.0000 1.0000 1.0000 1.0000 1.0000 1.0000 0.9041 0.2867 0.0909 0.0288 0.0091 0.0029 0.0009 1.0000 1.0000 1.0000 0.8300 0.2606 0.0819 0.0257 0.0081 0.0025 0.0008 1.0000 1.0000 1.0000 0.7224 0.2269 0.0712 0.0224 0.0070 0.0022 0.0007 1.0000 1.0000 1.0000 0.6287 0.1975 0.0620 0.0195 0.0061 0.0019 1.0000 1.0000 1.0000 1.0000 0.5472 0.1719 0.0540 0.0170 0.0053 0.0018 1.0000
0.0009 0.0057 0.0166 0.0534 0.1696 0.5400 1.0000 1.0000 1.0000 1.0000 0.0019 0.0060 0.0192 0.0612 0.1948 0.6204 1.0000 1.0000 1.0000 0.0007 0.0022 0.0069 0.0221 0.0703 0.2239 0.7128 1.0000 1.0000 1.0000 0.0008 0.0025 0.0080 0.0254 0.0808 0.2572 0.8190 1.0000 1.0000 1.0000 0.0009 0.0029 0.0091 0.0288 0.0912 0.2883 0.9093 1.0000 1.0000 1.0000 0.0011 0.0025 0.0011 1.0000 1.0000 1.0000 0.9093 0.2883 0.0912 0.0288 0.0091 0.0029 0.0009 1.0000 1.0000 1.0000 0.8190 0.2572 0.0808 0.0254 0.0080 0.0025 0.0008 1.0000 1.0000 1.0000 0.7128 0.2239 0.0703 0.0221 0.0069 0.0022 0.0007 1.0000 1.0000 1.0000 0.6204 0.1948 0.0612 0.0192 0.0060 0.0019 1.0000 1.0000 1.0000 1.0000 0.5400 0.1696 0.0534 0.0166 0.0057 0.0009
0.0028 0.0179 0.0520 0.1677 0.5329 1.0000 1.0000 1.0000 1.0000 0.0019 0.0060 0.0190 0.0604 0.1923 0.6122 1.0000 1.0000 1.0000 0.0007 0.0021 0.0068 0.0218 0.0694 0.2209 0.7034 1.0000 1.0000 1.0000 0.0008 0.0025 0.0079 0.0250 0.0797 0.2538 0.8082 1.0000 1.0000 1.0000 0.0009 0.0028 0.0090 0.0287 0.0909 0.2883 0.9128 1.0000 1.0000 1.0000 0.0010 0.0035 0.0078 0.0035 0.0010 1.0000 1.0000 1.0000 0.9128 0.2883 0.0909 0.0287 0.0090 0.0028 0.0009 1.0000 1.0000 1.0000 0.8082 0.2538 0.0797 0.0250 0.0079 0.0025 0.0008 1.0000 1.0000 1.0000 0.7034 0.2209 0.0694 0.0218 0.0068 0.0021 0.0007 1.0000 1.0000 1.0000 0.6122 0.1923 0.0604 0.0190 0.0060 0.0019 1.0000 1.0000 1.0000 1.0000 0.5329 0.1677 0.0520 0.0179 0.0028
0.0088 0.0563 0.1636 0.5268 1.0000 1.0000 1.0000 1.0000 0.0018 0.0059 0.0187 0.0596 0.1897 0.6041 1.0000 1.0000 1.0000 0.0007 0.0021 0.0068 0.0215 0.0685 0.2180 0.6941 1.0000 1.0000 1.0000 0.0008 0.0024 0.0078 0.0247 0.0787 0.2504 0.7975 1.0000 1.0000 1.0000 0.0009 0.0028 0.0089 0.0284 0.0902 0.2867 0.9093 1.0000 1.0000 1.0000 0.0010 0.0031 0.0112 0.0249 0.0112 0.0031 0.0010 1.0000 1.0000 1.0000 0.9093 0.2867 0.0902 0.0284 0.0089 0.0028 0.0009 1.0000 1.0000 1.0000 0.7975 0.2504 0.0787 0.0247 0.0078 0.0024 0.0008 1.0000 1.0000 1.0000 0.6941 0.2180 0.0685 0.0215 0.0068 0.0021 0.0007 1.0000 1.0000 1.0000 0.6041 0.1897 0.0596 0.0187 0.0059 0.0018 1.0000 1.0000 1.0000 1.0000 0.5268 0.1636 0.0563 0.0088
0.0276 0.1768 0.5130 1.0000 1.0000 1.0000 1.0000 0.0018 0.0058 0.0185 0.0588 0.1872 0.5961 1.0000 1.0000 1.0000 0.0007 0.0021 0.0067 0.0212 0.0676 0.2151 0.6849 1.0000 1.0000 1.0000 0.0008 0.0024 0.0077 0.0244 0.0776 0.2471 0.7869 1.0000 1.0000 1.0000 0.0009 0.0028 0.0088 0.0280 0.0892 0.2839 0.9024 1.0000 1.0000 1.0000 0.0010 0.0031 0.0098 0.0355 0.0791 0.0355 0.0098 0.0031 0.0010 1.0000 1.0000 1.0000 0.9041 0.2839 0.0892 0.0280 0.0088 0.0028 0.0009 1.0000 1.0000 1.0000 0.7869 0.2471 0.0776 0.0244 0.0077 0.0024 0.0008 1.0000 1.0000 1.0000 0.6849 0.2151 0.0676 0.0212 0.0067 0.0021 0.0007 1.0000 1.0000 1.0000 0.5961 0.1872 0.0588 0.0185 0.0058 0.0018 1.0000 1.0000 1.0000 1.0000 0.5130 0.1768 0.0276
0.0867 0.5556 1.0000 1.0000 1.0000 1.0000 0.0018 0.0057 0.0182 0.0580 0.1847 0.5882 1.0000 1.0000 1.0000 0.0006 0.0021 0.0066 0.0209 0.0667 0.2123 0.6759 1.0000 1.0000 1.0000 0.0007 0.0024 0.0076 0.0241 0.0766 0.2439 0.7765 1.0000 1.0000 1.0000 0.0009 0.0027 0.0087 0.0276 0.0880 0.2802 0.8922 1.0000 1.0000 1.0000 0.0010 0.0031 0.0097 0.0310 0.1122 0.2509 0.1118 0.0308 0.0097 0.0031 0.0010 1.0000 1.0000 1.0000 0.8905 0.2791 0.0877 0.0275 0.0086 0.0027 0.0009 1.0000 1.0000 1.0000 0.7736 0.2429 0.0763 0.0240 0.0075 0.0024 0.0007 1.0000 1.0000 1.0000 0.6733 0.2114 0.0664 0.0209 0.0065 0.0021 0.0006 1.0000 1.0000 1.0000 0.5860 0.1840 0.0578 0.0182 0.0057 0.0018 1.0000 1.0000 1.0000 1.0000 0.5525 0.0863
0.2723 1.0000 1.0000 1.0000 1.0000 0.0018 0.0056 0.0180 0.0573 0.1823 0.5805 1.0000 1.0000 1.0000 0.0006 0.0020 0.0065 0.0207 0.0658 0.2094 0.6669 1.0000 1.0000 1.0000 0.0007 0.0023 0.0075 0.0237 0.0756 0.2406 0.7662 1.0000 1.0000 1.0000 0.0008 0.0027 0.0086 0.0273 0.0868 0.2765 0.8804 1.0000 1.0000 1.0000 0.0010 0.0031 0.0098 0.0308 0.0979 0.3547 0.7990 0.3601 0.0979 0.0307 0.0098 0.0031 0.0010 1.0000 1.0000 1.0000 0.8837 0.2775 0.0872 0.0274 0.0086 0.0027 0.0008 1.0000 1.0000 1.0000 0.7692 0.2416 0.0759 0.0238 0.0075 0.0023 0.0007 1.0000 1.0000 1.0000 0.6695 0.2102 0.0660 0.0207 0.0065 0.0020 0.0006 1.0000 1.0000 1.0000 0.5827 0.1830 0.0575 0.0180 0.0057 0.0018 1.0000 1.0000 1.0000 1.0000 0.2760
0.8556 1.0000 1.0000 1.0000 0.0017 0.0056 0.0177 0.0565 0.1799 0.5728 1.0000 1.0000 1.0000 0.0006 0.0020 0.0064 0.0204 0.0649 0.2067 0.6581 1.0000 1.0000 1.0000 0.0007 0.0023 0.0074 0.0234 0.0746 0.2375 0.7561 1.0000 1.0000 1.0000 0.0008 0.0027 0.0085 0.0269 0.0857 0.2728 0.8687 1.0000 1.0000 1.0000 0.0010 0.0030 0.0097 0.0308 0.0973 0.3075 1.0000 1.0000 1.0000 0.3671 0.1116 0.0354 0.0112 0.0035 0.0011 1.0000 1.0000 1.0000 1.0000 0.3152 0.0990 0.0311 0.0098 0.0031 0.0010 1.0000 1.0000 1.0000 0.8737 0.2744 0.0862 0.0271 0.0085 0.0027 0.0008 1.0000 1.0000 1.0000 0.7604 0.2388 0.0750 0.0236 0.0074 0.0023 0.0007 1.0000 1.0000 1.0000 0.6619 0.2079 0.0653 0.0205 0.0064 0.0020 1.0000 1.0000 1.0000 0.9981
1.0000 1.0000 1.0000 0.0017 0.0055 0.0175 0.0557 0.1775 0.5652 1.0000 1.0000 1.0000 0.0006 0.0020 0.0063 0.0201 0.0640 0.2039 0.6494 1.0000 1.0000 1.0000 0.0007 0.0023 0.0073 0.0231 0.0736 0.2343 0.7461 1.0000 1.0000 1.0000 0.0008 0.0026 0.0083 0.0266 0.0845 0.2692 0.8572 1.0000 1.0000 1.0000 0.0009 0.0030 0.0096 0.0305 0.0971 0.3046 0.9663 1.0000 1.0000 1.0000 0.7929 0.2572 0.0791 0.0249 0.0078 0.0025 1.0000 1.0000 1.0000 1.0000 0.7034 0.2209 0.0694 0.0218 0.0068 0.0021 1.0000 1.0000 1.0000 1.0000 0.6122 0.1923 0.0604 0.0190 0.0060 0.0019 1.0000 1.0000 1.0000 1.0000 0.5329 0.1673 0.0526 0.0165 0.0052 0.0016 1.0000 1.0000 1.0000 1.0000 0.4638 0.1457 0.0457 0.0144 0.0045 0.0014 1.0000 1.0000 1.0000
1.0000 1.0000 0.0017 0.0054 0.0173 0.0550 0.1752 0.5577 1.0000 1.0000 1.0000 1.0000 0.0020 0.0062 0.0198 0.0632 0.2012 0.6408 1.0000 1.0000 1.0000 0.0007 0.0022 0.0072 0.0228 0.0726 0.2312 0.7362 1.0000 1.0000 1.0000 0.0008 0.0026 0.0082 0.0262 0.0834 0.2657 0.8459 1.0000 1.0000 1.0000 0.0009 0.0030 0.0095 0.0301 0.0960 0.3046 0.9590 1.0000 1.0000 1.0000 0.2524 0.3338 0.1188 0.0355 0.0111 0.0035 0.0011 1.0000 1.0000 1.0000 1.0000 0.3152 0.0990 0.0311 0.0098 0.0031 0.0010 1.0000 1.0000 1.0000 0.8737 0.2744 0.0862 0.0271 0.0085 0.0027 0.0008 1.0000 1.0000 1.0000 0.7604 0.2388 0.0750 0.0236 0.0074 0.0023 0.0007 1.0000 1.0000 1.0000 0.6619 0.2079 0.0653 0.0205 0.0064 0.0020 1.0000 1.0000 1.0000 0.9981
1.0000 0.0018 0.0053 0.0170 0.0541 0.1722 0.5483 1.0000 1.0000 1.0000 1.0000 0.0019 0.0061 0.0195 0.0621 0.1978 0.6299 1.0000 1.0000 1.0000 0.0007 0.0022 0.0070 0.0224 0.0714 0.2273 0.7238 1.0000 1.0000 1.0000 0.0008 0.0025 0.0081 0.0258 0.0820 0.2611 0.8315 1.0000 1.0000 1.0000 0.0009 0.0029 0.0093 0.0296 0.0942 0.3000 0.9554 1.0000 1.0000 1.0000 1.0000 0.0156 0.0944 0.0357 0.0097 0.0031 0.0010 1.0000 1.0000 1.0000 0.8837 0.2775 0.0872 0.0274 0.0086 0.0027 0.0008 1.0000 1.0000 1.0000 0.7692 0.2416 0.0759 0.0238 0.0075 0.0023 0.0007 1.0000 1.0000 1.0000 0.6695 0.2102 0.0660 0.0207 0.0065 0.0020 0.0006 1.0000 1.0000 1.0000 0.5827 0.1830 0.0575 0.0180 0.0057 0.0018 1.0000 1.0000 1.0000 1.0000 0.2760
0.0009 0.0058 0.0167 0.0539 0.1712 0.5452 1.0000 1.0000 1.0000 1.0000 0.0019 0.0061 0.0194 0.0618 0.1967 0.6264 1.0000 1.0000 1.0000 0.0007 0.0022 0.0070 0.0223 0.0710 0.2260 0.7196 1.0000 1.0000 1.0000 0.0008 0.0025 0.0080 0.0256 0.0815 0.2597 0.8268 1.0000 1.0000 1.0000 0.0009 0.0029 0.0092 0.0294 0.0937 0.2983 0.9499 1.0000 1.0000 1.0000 0.0010 0.0019 0.0300 0.0440 0.0098 0.0030 0.0010 1.0000 1.0000 1.0000 0.8905 0.2791 0.0877 0.0275 0.0086 0.0027 0.0009 1.0000 1.0000 1.0000 0.7736 0.2429 0.0763 0.0240 0.0075 0.0024 0.0007 1.0000 1.0000 1.0000 0.6733 0.2114 0.0664 0.0209 0.0065 0.0021 0.0006 1.0000 1.0000 1.0000 0.5860 0.1840 0.0578 0.0182 0.0057 0.0018 1.0000 1.0000 1.0000 1.0000 0.5525 0.0863
0.0033 0.0210 0.0606 0.1956 0.6192 1.0000 1.0000 1.0000 1.0000 0.0022 0.0069 0.0220 0.0702 0.2234 0.7115 1.0000 1.0000 1.0000 0.0008 0.0025 0.0080 0.0253 0.0806 0.2567 0.8174 1.0000 1.0000 1.0000 0.0009 0.0029 0.0091 0.0291 0.0926 0.2949 0.9392 1.0000 1.0000 1.0000 0.0010 0.0033 0.0105 0.0335 0.1066 0.3395 1.0000 1.0000 1.0000 1.0000 0.0012 0.0038 0.0130 0.0364 0.0113 0.0030 0.0010 1.0000 1.0000 1.0000 0.9041 0.2839 0.0892 0.0280 0.0088 0.0028 0.0009 1.0000 1.0000 1.0000 0.7869 0.2471 0.0776 0.0244 0.0077 0.0024 0.0008 1.0000 1.0000 1.0000 0.6849 0.2151 0.0676 0.0212 0.0067 0.0021 0.0007 1.0000 1.0000 1.0000 0.5961 0.1872 0.0588 0.0185 0.0058 0.0018 1.0000 1.0000 1.0000 1.0000 0.5130 0.1768 0.0276
0.0078 0.0471 0.1358 0.4347 1.0000 1.0000 1.0000 1.0000 0.0015 0.0048 0.0154 0.0491 0.1563 0.4976 1.0000 1.0000 1.0000 1.0000 0.0017 0.0056 0.0177 0.0564 0.1795 0.5717 1.0000 1.0000 1.0000 1.0000 0.0020 0.0064 0.0203 0.0648 0.2063 0.6569 1.0000 1.0000 1.0000 1.0000 0.0023 0.0073 0.0233 0.0740 0.2357 0.7475 1.0000 1.0000 1.0000 0.0008 0.0026 0.0087 0.0242 0.0134 0.0030 0.0010 1.0000 1.0000 1.0000 0.9093 0.2867 0.0902 0.0284 0.0089 0.0028 0.0009 1.0000 1.0000 1.0000 0.7975 0.2504 0.0787 0.0247 0.0078 0.0024 0.0008 1.0000 1.0000 1.0000 0.6941 0.2180 0.0685 0.0215 0.0068 0.0021 0.0007 1.0000 1.0000 1.0000 0.6041 0.1897 0.0596 0.0187 0.0059 0.0018 1.0000 1.0000 1.0000 1.0000 0.5268 0.1636 0.0563 0.0088
