-0.0404 -0.0019 0.0351 0.1174 0.0298 -0.1577 -0.2052 -0.2160 -0.1803 -0.0938 -0.0411 -0.0043 0.0355 0.1183 0.0286 -0.1585 -0.2053 -0.2159 -0.1800 -0.0934 -0.0409 -0.0041 0.0357 0.1192 0.0273 -0.1593 -0.2054 -0.2159 -0.1796 -0.0930 -0.0408 -0.0039 0.0360 0.1200 0.0261 -0.1601 -0.2055 -0.2159 -0.1793 -0.0926 -0.0406 -0.0037 0.0362 0.1209 0.0248 -0.1609 -0.2056 -0.2158 -0.1748 -0.0887 -0.0592 -0.0887 -0.1748 -0.2158 -0.2056 -0.1609 0.0248 0.1209 0.0362 -0.0037 -0.0406 -0.0926 -0.1793 -0.2159 -0.2055 -0.1601 0.0261 0.1200 0.0360 -0.0039 -0.0408 -0.0930 -0.1796 -0.2159 -0.2054 -0.1593 0.0273 0.1192 0.0357 -0.0041 -0.0409 -0.0934 -0.1800 -0.2159 -0.2053 -0.1585 0.0286 0.1183 0.0355 -0.0043 -0.0411 -0.0938 -0.1803 -0.2160 -0.2052 -0.1577 0.0298 0.1174 0.0351 -0.0019 -0.0404
-0.0019 0.0523 0.1423 0.0392 -0.2659 -0.3345 -0.3256 -0.2526 -0.0991 -0.0219 0.0175 0.0531 0.1443 0.0368 -0.2684 -0.3346 -0.3254 -0.2519 -0.0985 -0.0216 0.0177 0.0533 0.1453 0.0351 -0.2705 -0.3346 -0.3252 -0.2514 -0.0978 -0.0214 0.0178 0.0535 0.1464 0.0333 -0.2726 -0.3347 -0.3251 -0.2507 -0.0972 -0.0211 0.0180 0.0538 0.1475 0.0315 -0.2747 -0.3347 -0.3250 -0.2502 -0.0930 -0.0145 0.0120 -0.0145 -0.0930 -0.2502 -0.3250 -0.3347 -0.2747 0.0315 0.1475 0.0538 0.0180 -0.0211 -0.0972 -0.2507 -0.3251 -0.3347 -0.2726 0.0333 0.1464 0.0535 0.0178 -0.0214 -0.0978 -0.2514 -0.3252 -0.3346 -0.2705 0.0351 0.1453 0.0533 0.0177 -0.0216 -0.0985 -0.2519 -0.3254 -0.3346 -0.2684 0.0368 0.1443 0.0531 0.0175 -0.0219 -0.0991 -0.2526 -0.3256 -0.3345 -0.2659 0.0392 0.1423 0.0523 -0.0019
0.0351 0.1423 0.0377 -0.2692 -0.3348 -0.3252 -0.2498 -0.0949 -0.0222 0.0138 0.0534 0.1468 0.0326 -0.2734 -0.3348 -0.3250 -0.2489 -0.0942 -0.0220 0.0140 0.0537 0.1479 0.0308 -0.2756 -0.3349 -0.3248 -0.2484 -0.0935 -0.0218 0.0141 0.0539 0.1490 0.0290 -0.2777 -0.3349 -0.3246 -0.2476 -0.0930 -0.0216 0.0143 0.0542 0.1502 0.0273 -0.2799 -0.3350 -0.3244 -0.2472 -0.0925 -0.0212 0.0180 0.0440 0.0180 -0.0212 -0.0925 -0.2472 -0.3244 -0.3350 -0.2799 0.0273 0.1502 0.0542 0.0143 -0.0216 -0.0930 -0.2476 -0.3246 -0.3349 -0.2777 0.0290 0.1490 0.0539 0.0141 -0.0218 -0.0935 -0.2484 -0.3248 -0.3349 -0.2756 0.0308 0.1479 0.0537 0.0140 -0.0220 -0.0942 -0.2489 -0.3250 -0.3348 -0.2734 0.0326 0.1468 0.0534 0.0138 -0.0222 -0.0949 -0.2498 -0.3252 -0.3348 -0.2692 0.0377 0.1423 0.0351
0.1174 0.0392 -0.2692 -0.3348 -0.3251 -0.2489 -0.0939 -0.0215 0.0146 0.0540 0.1494 0.0284 -0.2784 -0.3349 -0.3246 -0.2476 -0.0930 -0.0213 0.0147 0.0543 0.1506 0.0267 -0.2806 -0.3350 -0.3244 -0.2470 -0.0923 -0.0211 0.0149 0.0545 0.1517 0.0249 -0.2829 -0.3350 -0.3243 -0.2464 -0.0917 -0.0209 0.0150 0.0548 0.1529 0.0231 -0.2851 -0.3351 -0.3241 -0.2457 -0.0912 -0.0208 0.0153 0.0580 0.0972 0.0580 0.0153 -0.0208 -0.0912 -0.2457 -0.3241 -0.3351 -0.2851 0.0231 0.1529 0.0548 0.0150 -0.0209 -0.0917 -0.2464 -0.3243 -0.3350 -0.2829 0.0249 0.1517 0.0545 0.0149 -0.0211 -0.0923 -0.2470 -0.3244 -0.3350 -0.2806 0.0267 0.1506 0.0543 0.0147 -0.0213 -0.0930 -0.2476 -0.3246 -0.3349 -0.2784 0.0284 0.1494 0.0540 0.0146 -0.0215 -0.0939 -0.2489 -0.3251 -0.3348 -0.2692 0.0392 0.1174
0.0298 -0.2659 -0.3348 -0.3251 -0.2484 -0.0931 -0.0212 0.0148 0.0545 0.1519 0.0246 -0.2836 -0.3350 -0.3242 -0.2461 -0.0915 -0.0208 0.0150 0.0549 0.1533 0.0225 -0.2859 -0.3351 -0.3240 -0.2455 -0.0908 -0.0206 0.0152 0.0551 0.1545 0.0207 -0.2881 -0.3351 -0.3238 -0.2448 -0.0902 -0.0203 0.0153 0.0554 0.1558 0.0189 -0.2904 -0.3351 -0.3237 -0.2442 -0.0896 -0.0201 0.0154 0.0559 0.1372 0.1225 0.1372 0.0559 0.0154 -0.0201 -0.0896 -0.2442 -0.3237 -0.3351 -0.2904 0.0189 0.1558 0.0554 0.0153 -0.0203 -0.0902 -0.2448 -0.3238 -0.3351 -0.2881 0.0207 0.1545 0.0551 0.0152 -0.0206 -0.0908 -0.2455 -0.3240 -0.3351 -0.2859 0.0225 0.1533 0.0549 0.0150 -0.0208 -0.0915 -0.2461 -0.3242 -0.3350 -0.2836 0.0246 0.1519 0.0545 0.0148 -0.0212 -0.0931 -0.2484 -0.3251 -0.3348 -0.2659 0.0298
-0.1577 -0.3345 -0.3252 -0.2489 -0.0931 -0.0211 0.0150 0.0550 0.1541 0.0207 -0.2885 -0.3351 -0.3238 -0.2446 -0.0900 -0.0203 0.0154 0.0555 0.1562 0.0184 -0.2912 -0.3352 -0.3236 -0.2440 -0.0894 -0.0200 0.0155 0.0557 0.1574 0.0166 -0.2935 -0.3352 -0.3234 -0.2433 -0.0888 -0.0198 0.0157 0.0560 0.1587 0.0148 -0.2959 -0.3352 -0.3232 -0.2427 -0.0882 -0.0196 0.0158 0.0562 0.1636 0.0061 -0.2190 0.0061 0.1636 0.0562 0.0158 -0.0196 -0.0882 -0.2427 -0.3232 -0.3352 -0.2959 0.0148 0.1587 0.0560 0.0157 -0.0198 -0.0888 -0.2433 -0.3234 -0.3352 -0.2935 0.0166 0.1574 0.0557 0.0155 -0.0200 -0.0894 -0.2440 -0.3236 -0.3352 -0.2912 0.0184 0.1562 0.0555 0.0154 -0.0203 -0.0900 -0.2446 -0.3238 -0.3351 -0.2885 0.0207 0.1541 0.0550 0.0150 -0.0211 -0.0931 -0.2489 -0.3252 -0.3345 -0.1577
-0.2052 -0.3256 -0.2498 -0.0939 -0.0212 0.0150 0.0552 0.1556 0.0178 -0.2928 -0.3352 -0.3234 -0.2431 -0.0886 -0.0197 0.0157 0.0561 0.1592 0.0142 -0.2967 -0.3352 -0.3232 -0.2424 -0.0880 -0.0195 0.0159 0.0564 0.1605 0.0125 -0.2991 -0.3353 -0.3230 -0.2418 -0.0874 -0.0193 0.0160 0.0566 0.1618 0.0107 -0.3015 -0.3353 -0.3228 -0.2411 -0.0868 -0.0191 0.0162 0.0569 0.1646 0.0049 -0.3130 -0.3320 -0.3130 0.0049 0.1646 0.0569 0.0162 -0.0191 -0.0868 -0.2411 -0.3228 -0.3353 -0.3015 0.0107 0.1618 0.0566 0.0160 -0.0193 -0.0874 -0.2418 -0.3230 -0.3353 -0.2991 0.0125 0.1605 0.0564 0.0159 -0.0195 -0.0880 -0.2424 -0.3232 -0.3352 -0.2967 0.0142 0.1592 0.0561 0.0157 -0.0197 -0.0886 -0.2431 -0.3234 -0.3352 -0.2928 0.0178 0.1556 0.0552 0.0150 -0.0212 -0.0939 -0.2498 -0.3256 -0.2052
-0.2160 -0.2526 -0.0949 -0.0215 0.0148 0.0550 0.1556 0.0169 -0.2955 -0.3353 -0.3231 -0.2418 -0.0873 -0.0192 0.0161 0.0567 0.1623 0.0101 -0.3023 -0.3353 -0.3227 -0.2409 -0.0866 -0.0190 0.0162 0.0570 0.1636 0.0084 -0.3047 -0.3354 -0.3225 -0.2402 -0.0860 -0.0188 0.0164 0.0572 0.1650 0.0066 -0.3072 -0.3354 -0.3224 -0.2395 -0.0854 -0.0185 0.0165 0.0575 0.1665 0.0050 -0.3131 -0.3371 -0.3388 -0.3371 -0.3131 0.0050 0.1665 0.0575 0.0165 -0.0185 -0.0854 -0.2395 -0.3224 -0.3354 -0.3072 0.0066 0.1650 0.0572 0.0164 -0.0188 -0.0860 -0.2402 -0.3225 -0.3354 -0.3047 0.0084 0.1636 0.0570 0.0162 -0.0190 -0.0866 -0.2409 -0.3227 -0.3353 -0.3023 0.0101 0.1623 0.0567 0.0161 -0.0192 -0.0873 -0.2418 -0.3231 -0.3353 -0.2955 0.0169 0.1556 0.0550 0.0148 -0.0215 -0.0949 -0.2526 -0.2160
-0.1803 -0.0991 -0.0222 0.0146 0.0545 0.1541 0.0178 -0.2955 -0.3353 -0.3228 -0.2408 -0.0862 -0.0188 0.0164 0.0573 0.1655 0.0060 -0.3080 -0.3354 -0.3223 -0.2393 -0.0852 -0.0185 0.0166 0.0576 0.1667 0.0043 -0.3106 -0.3354 -0.3221 -0.2386 -0.0846 -0.0182 0.0167 0.0579 0.1675 0.0026 -0.3131 -0.3355 -0.3219 -0.2379 -0.0841 -0.0180 0.0169 0.0581 0.1683 0.0009 -0.3156 -0.3349 -0.3227 -0.2959 -0.3227 -0.3349 -0.3156 0.0009 0.1683 0.0581 0.0169 -0.0180 -0.0841 -0.2379 -0.3219 -0.3355 -0.3131 0.0026 0.1675 0.0579 0.0167 -0.0182 -0.0846 -0.2386 -0.3221 -0.3354 -0.3106 0.0043 0.1667 0.0576 0.0166 -0.0185 -0.0852 -0.2393 -0.3223 -0.3354 -0.3080 0.0060 0.1655 0.0573 0.0164 -0.0188 -0.0862 -0.2408 -0.3228 -0.3353 -0.2955 0.0178 0.1541 0.0545 0.0146 -0.0222 -0.0991 -0.1803
-0.0938 -0.0219 0.0138 0.0540 0.1519 0.0207 -0.2928 -0.3353 -0.3228 -0.2403 -0.0855 -0.0184 0.0167 0.0579 0.1678 0.0020 -0.3139 -0.3355 -0.3218 -0.2377 -0.0839 -0.0180 0.0169 0.0582 0.1684 0.0003 -0.3161 -0.3355 -0.3216 -0.2370 -0.0833 -0.0177 0.0171 0.0585 0.1685 -0.0015 -0.3175 -0.3355 -0.3214 -0.2363 -0.0827 -0.0175 0.0172 0.0588 0.1687 -0.0032 -0.3188 -0.3355 -0.3182 -0.2327 -0.1488 -0.2327 -0.3182 -0.3355 -0.3188 -0.0032 0.1687 0.0588 0.0172 -0.0175 -0.0827 -0.2363 -0.3214 -0.3355 -0.3175 -0.0015 0.1685 0.0585 0.0171 -0.0177 -0.0833 -0.2370 -0.3216 -0.3355 -0.3161 0.0003 0.1684 0.0582 0.0169 -0.0180 -0.0839 -0.2377 -0.3218 -0.3355 -0.3139 0.0020 0.1678 0.0579 0.0167 -0.0184 -0.0855 -0.2403 -0.3228 -0.3353 -0.2928 0.0207 0.1519 0.0540 0.0138 -0.0219 -0.0938
-0.0411 0.0175 0.0534 0.1494 0.0246 -0.2885 -0.3352 -0.3231 -0.2408 -0.0855 -0.0183 0.0168 0.0583 0.1685 -0.0015 -0.3179 -0.3355 -0.3214 -0.2361 -0.0825 -0.0174 0.0173 0.0589 0.1687 -0.0038 -0.3189 -0.3356 -0.3212 -0.2354 -0.0820 -0.0172 0.0174 0.0591 0.1688 -0.0055 -0.3190 -0.3356 -0.3210 -0.2347 -0.0814 -0.0170 0.0175 0.0594 0.1690 -0.0072 -0.3191 -0.3356 -0.3207 -0.2274 -0.0742 -0.0278 -0.0742 -0.2274 -0.3207 -0.3356 -0.3191 -0.0072 0.1690 0.0594 0.0175 -0.0170 -0.0814 -0.2347 -0.3210 -0.3356 -0.3190 -0.0055 0.1688 0.0591 0.0174 -0.0172 -0.0820 -0.2354 -0.3212 -0.3356 -0.3189 -0.0038 0.1687 0.0589 0.0173 -0.0174 -0.0825 -0.2361 -0.3214 -0.3355 -0.3179 -0.0015 0.1685 0.0583 0.0168 -0.0183 -0.0855 -0.2408 -0.3231 -0.3352 -0.2885 0.0246 0.1494 0.0534 0.0175 -0.0411
-0.0043 0.0531 0.1468 0.0284 -0.2836 -0.3351 -0.3234 -0.2418 -0.0862 -0.0184 0.0168 0.0585 0.1686 -0.0040 -0.3190 -0.3356 -0.3209 -0.2345 -0.0812 -0.0169 0.0176 0.0595 0.1690 -0.0077 -0.3192 -0.3356 -0.3207 -0.2338 -0.0807 -0.0167 0.0177 0.0598 0.1691 -0.0094 -0.3193 -0.3357 -0.3205 -0.2331 -0.0801 -0.0165 0.0179 0.0601 0.1693 -0.0111 -0.3194 -0.3357 -0.3203 -0.2325 -0.0772 -0.0111 0.0119 -0.0111 -0.0772 -0.2325 -0.3203 -0.3357 -0.3194 -0.0111 0.1693 0.0601 0.0179 -0.0165 -0.0801 -0.2331 -0.3205 -0.3357 -0.3193 -0.0094 0.1691 0.0598 0.0177 -0.0167 -0.0807 -0.2338 -0.3207 -0.3356 -0.3192 -0.0077 0.1690 0.0595 0.0176 -0.0169 -0.0812 -0.2345 -0.3209 -0.3356 -0.3190 -0.0040 0.1686 0.0585 0.0168 -0.0184 -0.0862 -0.2418 -0.3234 -0.3351 -0.2836 0.0284 0.1468 0.0531 -0.0043
0.0355 0.1443 0.0326 -0.2784 -0.3350 -0.3238 -0.2431 -0.0873 -0.0188 0.0167 0.0583 0.1686 -0.0052 -0.3191 -0.3356 -0.3205 -0.2331 -0.0800 -0.0164 0.0179 0.0601 0.1693 -0.0117 -0.3195 -0.3357 -0.3202 -0.2321 -0.0794 -0.0162 0.0181 0.0604 0.1694 -0.0133 -0.3196 -0.3357 -0.3200 -0.2314 -0.0788 -0.0160 0.0182 0.0607 0.1695 -0.0150 -0.3197 -0.3357 -0.3198 -0.2309 -0.0785 -0.0157 0.0217 0.0491 0.0217 -0.0157 -0.0785 -0.2309 -0.3198 -0.3357 -0.3197 -0.0150 0.1695 0.0607 0.0182 -0.0160 -0.0788 -0.2314 -0.3200 -0.3357 -0.3196 -0.0133 0.1694 0.0604 0.0181 -0.0162 -0.0794 -0.2321 -0.3202 -0.3357 -0.3195 -0.0117 0.1693 0.0601 0.0179 -0.0164 -0.0800 -0.2331 -0.3205 -0.3356 -0.3191 -0.0052 0.1686 0.0583 0.0167 -0.0188 -0.0873 -0.2431 -0.3238 -0.3350 -0.2784 0.0326 0.1443 0.0355
0.1183 0.0368 -0.2734 -0.3349 -0.3242 -0.2446 -0.0886 -0.0192 0.0164 0.0579 0.1685 -0.0040 -0.3191 -0.3357 -0.3203 -0.2320 -0.0790 -0.0160 0.0183 0.0608 0.1696 -0.0155 -0.3197 -0.3357 -0.3197 -0.2305 -0.0781 -0.0157 0.0184 0.0611 0.1697 -0.0172 -0.3199 -0.3358 -0.3195 -0.2298 -0.0776 -0.0155 0.0186 0.0613 0.1698 -0.0188 -0.3200 -0.3358 -0.3193 -0.2290 -0.0771 -0.0154 0.0188 0.0641 0.1062 0.0641 0.0188 -0.0154 -0.0771 -0.2290 -0.3193 -0.3358 -0.3200 -0.0188 0.1698 0.0613 0.0186 -0.0155 -0.0776 -0.2298 -0.3195 -0.3358 -0.3199 -0.0172 0.1697 0.0611 0.0184 -0.0157 -0.0781 -0.2305 -0.3197 -0.3357 -0.3197 -0.0155 0.1696 0.0608 0.0183 -0.0160 -0.0790 -0.2320 -0.3203 -0.3357 -0.3191 -0.0040 0.1685 0.0579 0.0164 -0.0192 -0.0886 -0.2446 -0.3242 -0.3349 -0.2734 0.0368 0.1183
0.0286 -0.2684 -0.3348 -0.3246 -0.2461 -0.0900 -0.0197 0.0161 0.0573 0.1678 -0.0015 -0.3190 -0.3356 -0.3203 -0.2315 -0.0784 -0.0157 0.0185 0.0613 0.1698 -0.0194 -0.3200 -0.3358 -0.3192 -0.2288 -0.0769 -0.0152 0.0188 0.0617 0.1699 -0.0210 -0.3201 -0.3358 -0.3190 -0.2281 -0.0763 -0.0150 0.0189 0.0620 0.1700 -0.0227 -0.3203 -0.3358 -0.3187 -0.2273 -0.0758 -0.0148 0.0190 0.0626 0.1456 0.0998 0.1456 0.0626 0.0190 -0.0148 -0.0758 -0.2273 -0.3187 -0.3358 -0.3203 -0.0227 0.1700 0.0620 0.0189 -0.0150 -0.0763 -0.2281 -0.3190 -0.3358 -0.3201 -0.0210 0.1699 0.0617 0.0188 -0.0152 -0.0769 -0.2288 -0.3192 -0.3358 -0.3200 -0.0194 0.1698 0.0613 0.0185 -0.0157 -0.0784 -0.2315 -0.3203 -0.3356 -0.3190 -0.0015 0.1678 0.0573 0.0161 -0.0197 -0.0900 -0.2461 -0.3246 -0.3348 -0.2684 0.0286
-0.1585 -0.3346 -0.3250 -0.2476 -0.0915 -0.0203 0.0157 0.0567 0.1655 0.0020 -0.3179 -0.3356 -0.3205 -0.2320 -0.0784 -0.0155 0.0187 0.0618 0.1700 -0.0227 -0.3203 -0.3358 -0.3187 -0.2271 -0.0756 -0.0147 0.0191 0.0624 0.1701 -0.0248 -0.3204 -0.3359 -0.3184 -0.2264 -0.0751 -0.0145 0.0193 0.0627 0.1702 -0.0264 -0.3205 -0.3359 -0.3182 -0.2256 -0.0746 -0.0143 0.0194 0.0629 0.1698 -0.0342 -0.2464 -0.0342 0.1698 0.0629 0.0194 -0.0143 -0.0746 -0.2256 -0.3182 -0.3359 -0.3205 -0.0264 0.1702 0.0627 0.0193 -0.0145 -0.0751 -0.2264 -0.3184 -0.3359 -0.3204 -0.0248 0.1701 0.0624 0.0191 -0.0147 -0.0756 -0.2271 -0.3187 -0.3358 -0.3203 -0.0227 0.1700 0.0618 0.0187 -0.0155 -0.0784 -0.2320 -0.3205 -0.3356 -0.3179 0.0020 0.1655 0.0567 0.0157 -0.0203 -0.0915 -0.2476 -0.3250 -0.3346 -0.1585
-0.2053 -0.3254 -0.2489 -0.0930 -0.0208 0.0154 0.0561 0.1623 0.0060 -0.3139 -0.3355 -0.3209 -0.2331 -0.0790 -0.0157 0.0187 0.0620 0.1701 -0.0251 -0.3205 -0.3359 -0.3182 -0.2254 -0.0744 -0.0142 0.0195 0.0630 0.1703 -0.0286 -0.3207 -0.3359 -0.3179 -0.2247 -0.0739 -0.0140 0.0196 0.0633 0.1703 -0.0302 -0.3208 -0.3359 -0.3177 -0.2239 -0.0734 -0.0138 0.0198 0.0636 0.1704 -0.0352 -0.3225 -0.3342 -0.3225 -0.0352 0.1704 0.0636 0.0198 -0.0138 -0.0734 -0.2239 -0.3177 -0.3359 -0.3208 -0.0302 0.1703 0.0633 0.0196 -0.0140 -0.0739 -0.2247 -0.3179 -0.3359 -0.3207 -0.0286 0.1703 0.0630 0.0195 -0.0142 -0.0744 -0.2254 -0.3182 -0.3359 -0.3205 -0.0251 0.1701 0.0620 0.0187 -0.0157 -0.0790 -0.2331 -0.3209 -0.3355 -0.3139 0.0060 0.1623 0.0561 0.0154 -0.0208 -0.0930 -0.2489 -0.3254 -0.2053
-0.2159 -0.2519 -0.0942 -0.0213 0.0150 0.0555 0.1592 0.0101 -0.3080 -0.3355 -0.3214 -0.2345 -0.0800 -0.0160 0.0185 0.0618 0.1701 -0.0262 -0.3206 -0.3359 -0.3178 -0.2239 -0.0733 -0.0137 0.0198 0.0637 0.1704 -0.0323 -0.3210 -0.3359 -0.3174 -0.2229 -0.0728 -0.0135 0.0200 0.0640 0.1705 -0.0338 -0.3211 -0.3359 -0.3171 -0.2222 -0.0723 -0.0133 0.0201 0.0643 0.1705 -0.0353 -0.3217 -0.3376 -0.3372 -0.3376 -0.3217 -0.0353 0.1705 0.0643 0.0201 -0.0133 -0.0723 -0.2222 -0.3171 -0.3359 -0.3211 -0.0338 0.1705 0.0640 0.0200 -0.0135 -0.0728 -0.2229 -0.3174 -0.3359 -0.3210 -0.0323 0.1704 0.0637 0.0198 -0.0137 -0.0733 -0.2239 -0.3178 -0.3359 -0.3206 -0.0262 0.1701 0.0618 0.0185 -0.0160 -0.0800 -0.2345 -0.3214 -0.3355 -0.3080 0.0101 0.1592 0.0555 0.0150 -0.0213 -0.0942 -0.2519 -0.2159
-0.1800 -0.0985 -0.0220 0.0147 0.0549 0.1562 0.0142 -0.3023 -0.3354 -0.3218 -0.2361 -0.0812 -0.0164 0.0183 0.0613 0.1700 -0.0251 -0.3206 -0.3359 -0.3175 -0.2228 -0.0724 -0.0133 0.0202 0.0644 0.1705 -0.0359 -0.3213 -0.3360 -0.3168 -0.2212 -0.0716 -0.0130 0.0203 0.0647 0.1706 -0.0375 -0.3214 -0.3360 -0.3166 -0.2205 -0.0711 -0.0128 0.0205 0.0650 0.1706 -0.0390 -0.3214 -0.3351 -0.3171 -0.2846 -0.3171 -0.3351 -0.3214 -0.0390 0.1706 0.0650 0.0205 -0.0128 -0.0711 -0.2205 -0.3166 -0.3360 -0.3214 -0.0375 0.1706 0.0647 0.0203 -0.0130 -0.0716 -0.2212 -0.3168 -0.3360 -0.3213 -0.0359 0.1705 0.0644 0.0202 -0.0133 -0.0724 -0.2228 -0.3175 -0.3359 -0.3206 -0.0251 0.1700 0.0613 0.0183 -0.0164 -0.0812 -0.2361 -0.3218 -0.3354 -0.3023 0.0142 0.1562 0.0549 0.0147 -0.0220 -0.0985 -0.1800
-0.0934 -0.0216 0.0140 0.0543 0.1533 0.0184 -0.2967 -0.3353 -0.3223 -0.2377 -0.0825 -0.0169 0.0179 0.0608 0.1698 -0.0227 -0.3205 -0.3359 -0.3175 -0.2223 -0.0718 -0.0130 0.0204 0.0650 0.1706 -0.0395 -0.3215 -0.3360 -0.3163 -0.2195 -0.0705 -0.0126 0.0207 0.0654 0.1706 -0.0411 -0.3217 -0.3360 -0.3160 -0.2187 -0.0700 -0.0124 0.0208 0.0657 0.1707 -0.0426 -0.3218 -0.3360 -0.3123 -0.2141 -0.1271 -0.2141 -0.3123 -0.3360 -0.3218 -0.0426 0.1707 0.0657 0.0208 -0.0124 -0.0700 -0.2187 -0.3160 -0.3360 -0.3217 -0.0411 0.1706 0.0654 0.0207 -0.0126 -0.0705 -0.2195 -0.3163 -0.3360 -0.3215 -0.0395 0.1706 0.0650 0.0204 -0.0130 -0.0718 -0.2223 -0.3175 -0.3359 -0.3205 -0.0227 0.1698 0.0608 0.0179 -0.0169 -0.0825 -0.2377 -0.3223 -0.3353 -0.2967 0.0184 0.1533 0.0543 0.0140 -0.0216 -0.0934
-0.0409 0.0177 0.0537 0.1506 0.0225 -0.2912 -0.3352 -0.3227 -0.2393 -0.0839 -0.0174 0.0176 0.0601 0.1696 -0.0194 -0.3203 -0.3359 -0.3178 -0.2228 -0.0718 -0.0129 0.0206 0.0654 0.1707 -0.0426 -0.3218 -0.3360 -0.3157 -0.2177 -0.0693 -0.0121 0.0210 0.0660 0.1707 -0.0446 -0.3219 -0.3360 -0.3154 -0.2169 -0.0689 -0.0119 0.0212 0.0663 0.1707 -0.0462 -0.3220 -0.3361 -0.3152 -0.2093 -0.0621 -0.0207 -0.0621 -0.2093 -0.3152 -0.3361 -0.3220 -0.0462 0.1707 0.0663 0.0212 -0.0119 -0.0689 -0.2169 -0.3154 -0.3360 -0.3219 -0.0446 0.1707 0.0660 0.0210 -0.0121 -0.0693 -0.2177 -0.3157 -0.3360 -0.3218 -0.0426 0.1707 0.0654 0.0206 -0.0129 -0.0718 -0.2228 -0.3178 -0.3359 -0.3203 -0.0194 0.1696 0.0601 0.0176 -0.0174 -0.0839 -0.2393 -0.3227 -0.3352 -0.2912 0.0225 0.1506 0.0537 0.0177 -0.0409
-0.0041 0.0533 0.1479 0.0267 -0.2859 -0.3352 -0.3232 -0.2409 -0.0852 -0.0180 0.0173 0.0595 0.1693 -0.0155 -0.3200 -0.3358 -0.3182 -0.2239 -0.0724 -0.0130 0.0206 0.0656 0.1707 -0.0449 -0.3220 -0.3360 -0.3151 -0.2159 -0.0682 -0.0116 0.0214 0.0667 0.1707 -0.0482 -0.3222 -0.3360 -0.3148 -0.2151 -0.0678 -0.0114 0.0216 0.0670 0.1707 -0.0497 -0.3223 -0.3360 -0.3147 -0.2145 -0.0658 -0.0063 0.0152 -0.0063 -0.0658 -0.2145 -0.3147 -0.3360 -0.3223 -0.0497 0.1707 0.0670 0.0216 -0.0114 -0.0678 -0.2151 -0.3148 -0.3360 -0.3222 -0.0482 0.1707 0.0667 0.0214 -0.0116 -0.0682 -0.2159 -0.3151 -0.3360 -0.3220 -0.0449 0.1707 0.0656 0.0206 -0.0130 -0.0724 -0.2239 -0.3182 -0.3358 -0.3200 -0.0155 0.1693 0.0595 0.0173 -0.0180 -0.0852 -0.2409 -0.3232 -0.3352 -0.2859 0.0267 0.1479 0.0533 -0.0041
0.0357 0.1453 0.0308 -0.2806 -0.3351 -0.3236 -0.2424 -0.0866 -0.0185 0.0169 0.0589 0.1690 -0.0117 -0.3197 -0.3358 -0.3187 -0.2254 -0.0733 -0.0133 0.0204 0.0654 0.1707 -0.0459 -0.3221 -0.3360 -0.3147 -0.2144 -0.0672 -0.0111 0.0218 0.0674 0.1707 -0.0516 -0.3225 -0.3361 -0.3142 -0.2134 -0.0667 -0.0109 0.0219 0.0677 0.1706 -0.0531 -0.3226 -0.3361 -0.3140 -0.2128 -0.0665 -0.0107 0.0254 0.0546 0.0254 -0.0107 -0.0665 -0.2128 -0.3140 -0.3361 -0.3226 -0.0531 0.1706 0.0677 0.0219 -0.0109 -0.0667 -0.2134 -0.3142 -0.3361 -0.3225 -0.0516 0.1707 0.0674 0.0218 -0.0111 -0.0672 -0.2144 -0.3147 -0.3361 -0.3222 -0.0459 0.1707 0.0654 0.0204 -0.0133 -0.0733 -0.2254 -0.3187 -0.3358 -0.3197 -0.0117 0.1690 0.0589 0.0169 -0.0185 -0.0866 -0.2424 -0.3236 -0.3351 -0.2806 0.0308 0.1453 0.0357
0.1192 0.0351 -0.2756 -0.3350 -0.3240 -0.2440 -0.0880 -0.0190 0.0166 0.0582 0.1687 -0.0077 -0.3195 -0.3357 -0.3192 -0.2271 -0.0744 -0.0137 0.0202 0.0650 0.1707 -0.0449 -0.3221 -0.3360 -0.3144 -0.2132 -0.0664 -0.0107 0.0221 0.0681 0.1706 -0.0551 -0.3227 -0.3361 -0.3136 -0.2115 -0.0657 -0.0105 0.0223 0.0685 0.1705 -0.0565 -0.3229 -0.3361 -0.3134 -0.2108 -0.0652 -0.0104 0.0225 0.0706 0.1169 0.0706 0.0225 -0.0104 -0.0652 -0.2108 -0.3134 -0.3361 -0.3229 -0.0565 0.1705 0.0685 0.0223 -0.0105 -0.0657 -0.2115 -0.3136 -0.3361 -0.3227 -0.0551 0.1706 0.0681 0.0221 -0.0107 -0.0665 -0.2133 -0.3145 -0.3361 -0.3222 -0.0449 0.1707 0.0650 0.0202 -0.0137 -0.0744 -0.2271 -0.3192 -0.3357 -0.3195 -0.0077 0.1687 0.0582 0.0166 -0.0190 -0.0880 -0.2440 -0.3240 -0.3350 -0.2756 0.0351 0.1192
0.0273 -0.2705 -0.3349 -0.3244 -0.2455 -0.0894 -0.0195 0.0162 0.0576 0.1684 -0.0038 -0.3192 -0.3357 -0.3197 -0.2288 -0.0756 -0.0142 0.0198 0.0644 0.1706 -0.0426 -0.3220 -0.3360 -0.3144 -0.2127 -0.0659 -0.0104 0.0224 0.0688 0.1705 -0.0585 -0.3230 -0.3361 -0.3130 -0.2097 -0.0646 -0.0100 0.0226 0.0692 0.1704 -0.0599 -0.3231 -0.3361 -0.3128 -0.2089 -0.0642 -0.0098 0.0227 0.0699 0.1518 0.0670 0.1518 0.0699 0.0227 -0.0098 -0.0642 -0.2089 -0.3128 -0.3361 -0.3231 -0.0599 0.1704 0.0692 0.0226 -0.0100 -0.0646 -0.2097 -0.3130 -0.3361 -0.3230 -0.0585 0.1705 0.0688 0.0224 -0.0105 -0.0660 -0.2130 -0.3145 -0.3361 -0.3220 -0.0426 0.1706 0.0644 0.0198 -0.0142 -0.0756 -0.2288 -0.3197 -0.3357 -0.3192 -0.0038 0.1684 0.0576 0.0162 -0.0195 -0.0894 -0.2455 -0.3244 -0.3349 -0.2705 0.0273
-0.1593 -0.3346 -0.3248 -0.2470 -0.0908 -0.0200 0.0159 0.0570 0.1667 0.0003 -0.3189 -0.3356 -0.3202 -0.2305 -0.0769 -0.0147 0.0195 0.0637 0.1705 -0.0395 -0.3218 -0.3360 -0.3147 -0.2131 -0.0659 -0.0103 0.0226 0.0692 0.1704 -0.0614 -0.3233 -0.3361 -0.3124 -0.2079 -0.0636 -0.0095 0.0230 0.0699 0.1703 -0.0633 -0.3234 -0.3361 -0.3121 -0.2071 -0.0632 -0.0093 0.0232 0.0702 0.1693 -0.0702 -0.2711 -0.0702 0.1693 0.0702 0.0232 -0.0093 -0.0632 -0.2071 -0.3121 -0.3361 -0.3234 -0.0633 0.1703 0.0699 0.0230 -0.0095 -0.0636 -0.2079 -0.3124 -0.3361 -0.3233 -0.0614 0.1704 0.0692 0.0225 -0.0104 -0.0660 -0.2133 -0.3147 -0.3360 -0.3218 -0.0395 0.1705 0.0637 0.0195 -0.0147 -0.0769 -0.2305 -0.3202 -0.3356 -0.3189 0.0003 0.1667 0.0570 0.0159 -0.0200 -0.0908 -0.2470 -0.3248 -0.3346 -0.1593
-0.2054 -0.3252 -0.2484 -0.0923 -0.0206 0.0155 0.0564 0.1636 0.0043 -0.3161 -0.3356 -0.3207 -0.2321 -0.0781 -0.0152 0.0191 0.0630 0.1704 -0.0359 -0.3215 -0.3360 -0.3151 -0.2143 -0.0664 -0.0105 0.0225 0.0693 0.1703 -0.0633 -0.3234 -0.3361 -0.3118 -0.2060 -0.0626 -0.0091 0.0234 0.0706 0.1701 -0.0666 -0.3236 -0.3361 -0.3115 -0.2052 -0.0622 -0.0089 0.0235 0.0709 0.1700 -0.0709 -0.3254 -0.3361 -0.3254 -0.0709 0.1700 0.0709 0.0235 -0.0089 -0.0622 -0.2052 -0.3115 -0.3361 -0.3236 -0.0666 0.1701 0.0706 0.0234 -0.0091 -0.0626 -0.2060 -0.3118 -0.3361 -0.3234 -0.0633 0.1703 0.0693 0.0225 -0.0105 -0.0665 -0.2144 -0.3151 -0.3360 -0.3215 -0.0359 0.1704 0.0630 0.0191 -0.0152 -0.0781 -0.2321 -0.3207 -0.3356 -0.3161 0.0043 0.1636 0.0564 0.0155 -0.0206 -0.0923 -0.2484 -0.3252 -0.2054
-0.2159 -0.2514 -0.0935 -0.0211 0.0152 0.0557 0.1605 0.0084 -0.3106 -0.3355 -0.3212 -0.2338 -0.0794 -0.0157 0.0188 0.0624 0.1703 -0.0323 -0.3213 -0.3360 -0.3157 -0.2159 -0.0672 -0.0107 0.0224 0.0692 0.1703 -0.0640 -0.3236 -0.3361 -0.3113 -0.2045 -0.0617 -0.0086 0.0238 0.0714 0.1698 -0.0699 -0.3239 -0.3360 -0.3108 -0.2034 -0.0612 -0.0084 0.0239 0.0717 0.1697 -0.0712 -0.3244 -0.3376 -0.3348 -0.3376 -0.3244 -0.0712 0.1697 0.0717 0.0239 -0.0084 -0.0612 -0.2034 -0.3108 -0.3360 -0.3239 -0.0699 0.1698 0.0714 0.0238 -0.0086 -0.0617 -0.2045 -0.3113 -0.3361 -0.3236 -0.0640 0.1703 0.0692 0.0224 -0.0107 -0.0672 -0.2159 -0.3157 -0.3360 -0.3213 -0.0323 0.1703 0.0624 0.0188 -0.0157 -0.0794 -0.2338 -0.3212 -0.3355 -0.3106 0.0084 0.1605 0.0557 0.0152 -0.0211 -0.0935 -0.2514 -0.2159
-0.1796 -0.0978 -0.0218 0.0149 0.0551 0.1574 0.0125 -0.3047 -0.3354 -0.3216 -0.2354 -0.0807 -0.0162 0.0184 0.0617 0.1701 -0.0286 -0.3210 -0.3360 -0.3163 -0.2177 -0.0682 -0.0111 0.0221 0.0688 0.1704 -0.0633 -0.3236 -0.3361 -0.3111 -0.2034 -0.0610 -0.0082 0.0241 0.0721 0.1695 -0.0731 -0.3242 -0.3360 -0.3101 -0.2015 -0.0603 -0.0080 0.0243 0.0724 0.1694 -0.0745 -0.3242 -0.3349 -0.3104 -0.2716 -0.3104 -0.3349 -0.3242 -0.0745 0.1694 0.0724 0.0243 -0.0080 -0.0603 -0.2015 -0.3101 -0.3360 -0.3242 -0.0731 0.1695 0.0721 0.0241 -0.0082 -0.0610 -0.2034 -0.3111 -0.3361 -0.3236 -0.0633 0.1704 0.0688 0.0221 -0.0111 -0.0682 -0.2177 -0.3163 -0.3360 -0.3210 -0.0286 0.1701 0.0617 0.0184 -0.0162 -0.0807 -0.2354 -0.3216 -0.3354 -0.3047 0.0125 0.1574 0.0551 0.0149 -0.0218 -0.0978 -0.1796
-0.0930 -0.0214 0.0141 0.0545 0.1545 0.0166 -0.2991 -0.3354 -0.3221 -0.2370 -0.0820 -0.0167 0.0181 0.0611 0.1699 -0.0248 -0.3207 -0.3359 -0.3168 -0.2195 -0.0693 -0.0116 0.0218 0.0681 0.1705 -0.0614 -0.3234 -0.3361 -0.3111 -0.2030 -0.0606 -0.0080 0.0244 0.0727 0.1692 -0.0764 -0.3244 -0.3360 -0.3095 -0.1996 -0.0593 -0.0075 0.0247 0.0732 0.1690 -0.0777 -0.3245 -0.3359 -0.3053 -0.1941 -0.1069 -0.1941 -0.3053 -0.3359 -0.3245 -0.0777 0.1690 0.0732 0.0247 -0.0075 -0.0593 -0.1996 -0.3095 -0.3360 -0.3244 -0.0764 0.1692 0.0727 0.0244 -0.0080 -0.0606 -0.2030 -0.3111 -0.3361 -0.3234 -0.0614 0.1705 0.0681 0.0218 -0.0116 -0.0693 -0.2195 -0.3168 -0.3359 -0.3207 -0.0248 0.1699 0.0611 0.0181 -0.0167 -0.0820 -0.2370 -0.3221 -0.3354 -0.2991 0.0166 0.1545 0.0545 0.0141 -0.0214 -0.0930
-0.0408 0.0178 0.0539 0.1517 0.0207 -0.2935 -0.3353 -0.3225 -0.2386 -0.0833 -0.0172 0.0177 0.0604 0.1697 -0.0210 -0.3204 -0.3359 -0.3174 -0.2212 -0.0705 -0.0121 0.0214 0.0674 0.1706 -0.0585 -0.3233 -0.3361 -0.3113 -0.2034 -0.0606 -0.0079 0.0245 0.0732 0.1690 -0.0791 -0.3247 -0.3360 -0.3088 -0.1977 -0.0584 -0.0071 0.0251 0.0739 0.1686 -0.0809 -0.3248 -0.3360 -0.3085 -0.1901 -0.0519 -0.0145 -0.0519 -0.1901 -0.3085 -0.3360 -0.3248 -0.0809 0.1686 0.0739 0.0251 -0.0071 -0.0584 -0.1977 -0.3088 -0.3360 -0.3247 -0.0791 0.1690 0.0732 0.0245 -0.0079 -0.0606 -0.2034 -0.3113 -0.3361 -0.3233 -0.0585 0.1706 0.0674 0.0214 -0.0121 -0.0705 -0.2212 -0.3174 -0.3359 -0.3204 -0.0210 0.1697 0.0604 0.0177 -0.0172 -0.0833 -0.2386 -0.3225 -0.3353 -0.2935 0.0207 0.1517 0.0539 0.0178 -0.0408
-0.0039 0.0535 0.1490 0.0249 -0.2881 -0.3352 -0.3230 -0.2402 -0.0846 -0.0177 0.0174 0.0598 0.1694 -0.0172 -0.3201 -0.3359 -0.3179 -0.2229 -0.0716 -0.0126 0.0210 0.0667 0.1707 -0.0551 -0.3230 -0.3361 -0.3118 -0.2045 -0.0610 -0.0080 0.0245 0.0733 0.1688 -0.0809 -0.3248 -0.3359 -0.3081 -0.1958 -0.0575 -0.0066 0.0255 0.0747 0.1682 -0.0841 -0.3250 -0.3359 -0.3079 -0.1952 -0.0564 -0.0019 0.0188 -0.0019 -0.0564 -0.1952 -0.3079 -0.3359 -0.3250 -0.0841 0.1682 0.0747 0.0255 -0.0066 -0.0575 -0.1958 -0.3081 -0.3359 -0.3248 -0.0809 0.1688 0.0733 0.0245 -0.0080 -0.0610 -0.2045 -0.3118 -0.3361 -0.3230 -0.0551 0.1707 0.0667 0.0210 -0.0126 -0.0716 -0.2229 -0.3179 -0.3359 -0.3201 -0.0172 0.1694 0.0598 0.0174 -0.0177 -0.0846 -0.2402 -0.3230 -0.3352 -0.2881 0.0249 0.1490 0.0535 -0.0039
0.0360 0.1464 0.0290 -0.2829 -0.3351 -0.3234 -0.2418 -0.0860 -0.0182 0.0171 0.0591 0.1691 -0.0133 -0.3199 -0.3358 -0.3184 -0.2247 -0.0728 -0.0130 0.0207 0.0660 0.1707 -0.0516 -0.3227 -0.3361 -0.3124 -0.2060 -0.0617 -0.0082 0.0244 0.0732 0.1688 -0.0816 -0.3249 -0.3359 -0.3076 -0.1942 -0.0567 -0.0062 0.0259 0.0755 0.1677 -0.0872 -0.3253 -0.3359 -0.3071 -0.1933 -0.0565 -0.0059 0.0294 0.0604 0.0294 -0.0059 -0.0565 -0.1933 -0.3071 -0.3359 -0.3253 -0.0872 0.1677 0.0755 0.0259 -0.0062 -0.0567 -0.1942 -0.3076 -0.3359 -0.3249 -0.0816 0.1688 0.0732 0.0244 -0.0082 -0.0617 -0.2060 -0.3124 -0.3361 -0.3227 -0.0516 0.1707 0.0660 0.0207 -0.0130 -0.0728 -0.2247 -0.3184 -0.3358 -0.3199 -0.0133 0.1691 0.0591 0.0171 -0.0182 -0.0860 -0.2418 -0.3234 -0.3351 -0.2829 0.0290 0.1464 0.0360
0.1200 0.0333 -0.2777 -0.3350 -0.3238 -0.2433 -0.0874 -0.0188 0.0167 0.0585 0.1688 -0.0094 -0.3196 -0.3358 -0.3190 -0.2264 -0.0739 -0.0135 0.0203 0.0654 0.1707 -0.0482 -0.3225 -0.3361 -0.3130 -0.2079 -0.0626 -0.0086 0.0241 0.0727 0.1690 -0.0809 -0.3249 -0.3359 -0.3073 -0.1931 -0.0561 -0.0058 0.0262 0.0763 0.1671 -0.0903 -0.3255 -0.3358 -0.3063 -0.1912 -0.0554 -0.0057 0.0265 0.0776 0.1301 0.0776 0.0265 -0.0057 -0.0554 -0.1912 -0.3063 -0.3358 -0.3255 -0.0903 0.1671 0.0763 0.0262 -0.0058 -0.0561 -0.1931 -0.3073 -0.3359 -0.3249 -0.0809 0.1690 0.0727 0.0241 -0.0086 -0.0626 -0.2079 -0.3130 -0.3361 -0.3225 -0.0482 0.1707 0.0654 0.0203 -0.0135 -0.0739 -0.2264 -0.3190 -0.3358 -0.3196 -0.0094 0.1688 0.0585 0.0167 -0.0188 -0.0874 -0.2433 -0.3238 -0.3350 -0.2777 0.0333 0.1200
0.0261 -0.2726 -0.3349 -0.3243 -0.2448 -0.0888 -0.0193 0.0164 0.0579 0.1685 -0.0055 -0.3193 -0.3357 -0.3195 -0.2281 -0.0751 -0.0140 0.0200 0.0647 0.1706 -0.0446 -0.3222 -0.3361 -0.3136 -0.2097 -0.0636 -0.0091 0.0238 0.0721 0.1692 -0.0791 -0.3248 -0.3359 -0.3073 -0.1927 -0.0557 -0.0056 0.0265 0.0770 0.1666 -0.0934 -0.3258 -0.3358 -0.3056 -0.1893 -0.0545 -0.0051 0.0267 0.0779 0.1568 0.0264 0.1568 0.0779 0.0267 -0.0051 -0.0545 -0.1893 -0.3056 -0.3358 -0.3258 -0.0934 0.1666 0.0770 0.0265 -0.0056 -0.0557 -0.1927 -0.3073 -0.3359 -0.3248 -0.0791 0.1692 0.0721 0.0238 -0.0091 -0.0636 -0.2097 -0.3136 -0.3361 -0.3222 -0.0446 0.1706 0.0647 0.0200 -0.0140 -0.0751 -0.2281 -0.3195 -0.3357 -0.3193 -0.0055 0.1685 0.0579 0.0164 -0.0193 -0.0888 -0.2448 -0.3243 -0.3349 -0.2726 0.0261
-0.1601 -0.3347 -0.3246 -0.2464 -0.0902 -0.0198 0.0160 0.0572 0.1675 -0.0015 -0.3190 -0.3357 -0.3200 -0.2298 -0.0763 -0.0145 0.0196 0.0640 0.1706 -0.0411 -0.3219 -0.3360 -0.3142 -0.2115 -0.0646 -0.0095 0.0234 0.0714 0.1695 -0.0764 -0.3247 -0.3359 -0.3076 -0.1931 -0.0557 -0.0055 0.0267 0.0774 0.1661 -0.0961 -0.3260 -0.3357 -0.3048 -0.1873 -0.0537 -0.0047 0.0272 0.0783 0.1641 -0.1028 -0.2995 -0.1028 0.1641 0.0783 0.0272 -0.0047 -0.0537 -0.1873 -0.3048 -0.3357 -0.3260 -0.0961 0.1661 0.0774 0.0267 -0.0055 -0.0557 -0.1931 -0.3076 -0.3359 -0.3247 -0.0764 0.1695 0.0714 0.0234 -0.0095 -0.0646 -0.2115 -0.3142 -0.3360 -0.3219 -0.0411 0.1706 0.0640 0.0196 -0.0145 -0.0763 -0.2298 -0.3200 -0.3357 -0.3190 -0.0015 0.1675 0.0572 0.0160 -0.0198 -0.0902 -0.2464 -0.3246 -0.3347 -0.1601
-0.2055 -0.3251 -0.2476 -0.0917 -0.0203 0.0157 0.0566 0.1650 0.0026 -0.3175 -0.3356 -0.3205 -0.2314 -0.0776 -0.0150 0.0193 0.0633 0.1705 -0.0375 -0.3217 -0.3360 -0.3148 -0.2134 -0.0657 -0.0100 0.0230 0.0706 0.1698 -0.0731 -0.3244 -0.3360 -0.3081 -0.1942 -0.0561 -0.0056 0.0267 0.0776 0.1658 -0.0978 -0.3262 -0.3357 -0.3041 -0.1854 -0.0529 -0.0043 0.0277 0.0790 0.1648 -0.1034 -0.3280 -0.3377 -0.3280 -0.1034 0.1648 0.0790 0.0277 -0.0043 -0.0529 -0.1854 -0.3041 -0.3357 -0.3262 -0.0978 0.1658 0.0776 0.0267 -0.0056 -0.0561 -0.1942 -0.3081 -0.3360 -0.3244 -0.0731 0.1698 0.0706 0.0230 -0.0100 -0.0657 -0.2134 -0.3148 -0.3360 -0.3217 -0.0375 0.1705 0.0633 0.0193 -0.0150 -0.0776 -0.2314 -0.3205 -0.3356 -0.3175 0.0026 0.1650 0.0566 0.0157 -0.0203 -0.0917 -0.2476 -0.3251 -0.2055
-0.2159 -0.2507 -0.0930 -0.0209 0.0153 0.0560 0.1618 0.0066 -0.3131 -0.3355 -0.3210 -0.2331 -0.0788 -0.0155 0.0189 0.0627 0.1703 -0.0338 -0.3214 -0.3360 -0.3154 -0.2151 -0.0667 -0.0105 0.0226 0.0699 0.1701 -0.0699 -0.3242 -0.3360 -0.3088 -0.1958 -0.0567 -0.0058 0.0265 0.0774 0.1658 -0.0985 -0.3263 -0.3357 -0.3036 -0.1837 -0.0522 -0.0038 0.0281 0.0799 0.1640 -0.1039 -0.3268 -0.3371 -0.3316 -0.3371 -0.3268 -0.1039 0.1640 0.0799 0.0281 -0.0038 -0.0522 -0.1837 -0.3036 -0.3357 -0.3263 -0.0985 0.1658 0.0774 0.0265 -0.0058 -0.0567 -0.1958 -0.3088 -0.3360 -0.3242 -0.0699 0.1701 0.0699 0.0226 -0.0105 -0.0667 -0.2151 -0.3154 -0.3360 -0.3214 -0.0338 0.1703 0.0627 0.0189 -0.0155 -0.0788 -0.2331 -0.3210 -0.3355 -0.3131 0.0066 0.1618 0.0560 0.0153 -0.0209 -0.0930 -0.2507 -0.2159
-0.1793 -0.0972 -0.0216 0.0150 0.0554 0.1587 0.0107 -0.3072 -0.3355 -0.3214 -0.2347 -0.0801 -0.0160 0.0186 0.0620 0.1702 -0.0302 -0.3211 -0.3360 -0.3160 -0.2169 -0.0678 -0.0109 0.0223 0.0692 0.1703 -0.0666 -0.3239 -0.3360 -0.3095 -0.1977 -0.0575 -0.0062 0.0262 0.0770 0.1661 -0.0978 -0.3263 -0.3356 -0.3032 -0.1826 -0.0516 -0.0035 0.0285 0.0807 0.1631 -0.1069 -0.3268 -0.3342 -0.3023 -0.2567 -0.3023 -0.3342 -0.3268 -0.1069 0.1631 0.0807 0.0285 -0.0035 -0.0516 -0.1826 -0.3032 -0.3356 -0.3263 -0.0978 0.1661 0.0770 0.0262 -0.0062 -0.0575 -0.1977 -0.3095 -0.3360 -0.3239 -0.0666 0.1703 0.0692 0.0223 -0.0109 -0.0678 -0.2169 -0.3160 -0.3360 -0.3211 -0.0302 0.1702 0.0620 0.0186 -0.0160 -0.0801 -0.2347 -0.3214 -0.3355 -0.3072 0.0107 0.1587 0.0554 0.0150 -0.0216 -0.0972 -0.1793
-0.0926 -0.0211 0.0143 0.0548 0.1558 0.0148 -0.3015 -0.3354 -0.3219 -0.2363 -0.0814 -0.0165 0.0182 0.0613 0.1700 -0.0264 -0.3208 -0.3359 -0.3166 -0.2187 -0.0689 -0.0114 0.0219 0.0685 0.1704 -0.0633 -0.3236 -0.3360 -0.3101 -0.1996 -0.0584 -0.0066 0.0259 0.0763 0.1666 -0.0961 -0.3262 -0.3357 -0.3032 -0.1822 -0.0513 -0.0032 0.0288 0.0814 0.1622 -0.1100 -0.3270 -0.3354 -0.2970 -0.1731 -0.0889 -0.1731 -0.2970 -0.3354 -0.3270 -0.1100 0.1622 0.0814 0.0288 -0.0032 -0.0513 -0.1822 -0.3032 -0.3357 -0.3262 -0.0961 0.1666 0.0763 0.0259 -0.0066 -0.0584 -0.1996 -0.3101 -0.3360 -0.3236 -0.0633 0.1704 0.0685 0.0219 -0.0114 -0.0689 -0.2187 -0.3166 -0.3359 -0.3208 -0.0264 0.1700 0.0613 0.0182 -0.0165 -0.0814 -0.2363 -0.3219 -0.3354 -0.3015 0.0148 0.1558 0.0548 0.0143 -0.0211 -0.0926
-0.0406 0.0180 0.0542 0.1529 0.0189 -0.2959 -0.3353 -0.3224 -0.2379 -0.0827 -0.0170 0.0179 0.0607 0.1698 -0.0227 -0.3205 -0.3359 -0.3171 -0.2205 -0.0700 -0.0119 0.0216 0.0677 0.1705 -0.0599 -0.3234 -0.3361 -0.3108 -0.2015 -0.0593 -0.0071 0.0255 0.0755 0.1671 -0.0934 -0.3260 -0.3357 -0.3036 -0.1826 -0.0513 -0.0032 0.0290 0.0819 0.1615 -0.1125 -0.3273 -0.3354 -0.3005 -0.1701 -0.0435 -0.0090 -0.0435 -0.1701 -0.3005 -0.3354 -0.3273 -0.1125 0.1615 0.0819 0.0290 -0.0032 -0.0513 -0.1826 -0.3036 -0.3357 -0.3260 -0.0934 0.1671 0.0755 0.0255 -0.0071 -0.0593 -0.2015 -0.3108 -0.3361 -0.3234 -0.0599 0.1705 0.0677 0.0216 -0.0119 -0.0700 -0.2205 -0.3171 -0.3359 -0.3205 -0.0227 0.1698 0.0607 0.0179 -0.0170 -0.0827 -0.2379 -0.3224 -0.3353 -0.2959 0.0189 0.1529 0.0542 0.0180 -0.0406
-0.0037 0.0538 0.1502 0.0231 -0.2904 -0.3352 -0.3228 -0.2395 -0.0841 -0.0175 0.0175 0.0601 0.1695 -0.0188 -0.3203 -0.3359 -0.3177 -0.2222 -0.0711 -0.0124 0.0212 0.0670 0.1706 -0.0565 -0.3231 -0.3361 -0.3115 -0.2034 -0.0603 -0.0075 0.0251 0.0747 0.1677 -0.0903 -0.3258 -0.3357 -0.3041 -0.1837 -0.0516 -0.0032 0.0290 0.0821 0.1611 -0.1143 -0.3274 -0.3353 -0.2998 -0.1750 -0.0486 0.0023 0.0228 0.0023 -0.0486 -0.1750 -0.2998 -0.3353 -0.3274 -0.1143 0.1611 0.0821 0.0290 -0.0032 -0.0516 -0.1837 -0.3041 -0.3357 -0.3258 -0.0903 0.1677 0.0747 0.0251 -0.0075 -0.0603 -0.2034 -0.3115 -0.3361 -0.3231 -0.0565 0.1706 0.0670 0.0212 -0.0124 -0.0711 -0.2222 -0.3177 -0.3359 -0.3203 -0.0188 0.1695 0.0601 0.0175 -0.0175 -0.0841 -0.2395 -0.3228 -0.3352 -0.2904 0.0231 0.1502 0.0538 -0.0037
0.0362 0.1475 0.0273 -0.2851 -0.3351 -0.3232 -0.2411 -0.0854 -0.0180 0.0172 0.0594 0.1693 -0.0150 -0.3200 -0.3358 -0.3182 -0.2239 -0.0723 -0.0128 0.0208 0.0663 0.1707 -0.0531 -0.3229 -0.3361 -0.3121 -0.2052 -0.0612 -0.0080 0.0247 0.0739 0.1682 -0.0872 -0.3255 -0.3358 -0.3048 -0.1854 -0.0522 -0.0035 0.0288 0.0819 0.1611 -0.1149 -0.3275 -0.3352 -0.2991 -0.1732 -0.0483 -0.0015 0.0341 0.0664 0.0341 -0.0015 -0.0483 -0.1732 -0.2991 -0.3352 -0.3275 -0.1149 0.1611 0.0819 0.0288 -0.0035 -0.0522 -0.1854 -0.3048 -0.3358 -0.3255 -0.0872 0.1682 0.0739 0.0247 -0.0080 -0.0612 -0.2052 -0.3121 -0.3361 -0.3229 -0.0531 0.1707 0.0663 0.0208 -0.0128 -0.0723 -0.2239 -0.3182 -0.3358 -0.3200 -0.0150 0.1693 0.0594 0.0172 -0.0180 -0.0854 -0.2411 -0.3232 -0.3351 -0.2851 0.0273 0.1475 0.0362
0.1209 0.0315 -0.2799 -0.3351 -0.3237 -0.2427 -0.0868 -0.0185 0.0169 0.0588 0.1690 -0.0111 -0.3197 -0.3358 -0.3187 -0.2256 -0.0734 -0.0133 0.0205 0.0657 0.1707 -0.0497 -0.3226 -0.3361 -0.3128 -0.2071 -0.0622 -0.0084 0.0243 0.0732 0.1686 -0.0841 -0.3253 -0.3358 -0.3056 -0.1873 -0.0529 -0.0038 0.0285 0.0814 0.1615 -0.1143 -0.3275 -0.3352 -0.2988 -0.1719 -0.0476 -0.0014 0.0310 0.0852 0.1413 0.0852 0.0310 -0.0014 -0.0476 -0.1719 -0.2988 -0.3352 -0.3275 -0.1143 0.1615 0.0814 0.0285 -0.0038 -0.0529 -0.1873 -0.3056 -0.3358 -0.3253 -0.0841 0.1686 0.0732 0.0243 -0.0084 -0.0622 -0.2071 -0.3128 -0.3361 -0.3226 -0.0497 0.1707 0.0657 0.0205 -0.0133 -0.0734 -0.2256 -0.3187 -0.3358 -0.3197 -0.0111 0.1690 0.0588 0.0169 -0.0185 -0.0868 -0.2427 -0.3237 -0.3351 -0.2799 0.0315 0.1209
0.0248 -0.2747 -0.3350 -0.3241 -0.2442 -0.0882 -0.0191 0.0165 0.0581 0.1687 -0.0072 -0.3194 -0.3357 -0.3193 -0.2273 -0.0746 -0.0138 0.0201 0.0650 0.1707 -0.0462 -0.3223 -0.3361 -0.3134 -0.2089 -0.0632 -0.0089 0.0239 0.0724 0.1690 -0.0809 -0.3250 -0.3359 -0.3063 -0.1893 -0.0537 -0.0043 0.0281 0.0807 0.1622 -0.1125 -0.3274 -0.3352 -0.2988 -0.1715 -0.0473 -0.0010 0.0311 0.0868 0.1536 -0.0162 0.1536 0.0868 0.0311 -0.0010 -0.0473 -0.1715 -0.2988 -0.3352 -0.3274 -0.1125 0.1622 0.0807 0.0281 -0.0043 -0.0537 -0.1893 -0.3063 -0.3359 -0.3250 -0.0809 0.1690 0.0724 0.0239 -0.0089 -0.0632 -0.2089 -0.3134 -0.3361 -0.3223 -0.0462 0.1707 0.0650 0.0201 -0.0138 -0.0746 -0.2273 -0.3193 -0.3357 -0.3194 -0.0072 0.1687 0.0581 0.0165 -0.0191 -0.0882 -0.2442 -0.3241 -0.3350 -0.2747 0.0248
-0.1609 -0.3347 -0.3244 -0.2457 -0.0896 -0.0196 0.0162 0.0575 0.1683 -0.0032 -0.3191 -0.3357 -0.3198 -0.2290 -0.0758 -0.0143 0.0198 0.0643 0.1706 -0.0426 -0.3220 -0.3360 -0.3140 -0.2108 -0.0642 -0.0093 0.0235 0.0717 0.1694 -0.0777 -0.3248 -0.3359 -0.3071 -0.1912 -0.0545 -0.0047 0.0277 0.0799 0.1631 -0.1100 -0.3273 -0.3353 -0.2992 -0.1719 -0.0473 -0.0009 0.0315 0.0868 0.1531 -0.1329 -0.3195 -0.1329 0.1531 0.0868 0.0315 -0.0009 -0.0473 -0.1719 -0.2991 -0.3353 -0.3273 -0.1100 0.1631 0.0799 0.0277 -0.0047 -0.0545 -0.1912 -0.3071 -0.3359 -0.3248 -0.0777 0.1694 0.0717 0.0235 -0.0093 -0.0642 -0.2108 -0.3140 -0.3360 -0.3220 -0.0426 0.1706 0.0643 0.0198 -0.0143 -0.0758 -0.2290 -0.3198 -0.3357 -0.3191 -0.0032 0.1683 0.0575 0.0162 -0.0196 -0.0896 -0.2457 -0.3244 -0.3347 -0.1609
-0.2057 -0.3249 -0.2471 -0.0911 -0.0201 0.0158 0.0569 0.1665 0.0008 -0.3188 -0.3356 -0.3203 -0.2307 -0.0770 -0.0148 0.0194 0.0636 0.1705 -0.0390 -0.3218 -0.3360 -0.3146 -0.2126 -0.0652 -0.0098 0.0232 0.0709 0.1697 -0.0745 -0.3245 -0.3360 -0.3078 -0.1931 -0.0554 -0.0051 0.0272 0.0790 0.1640 -0.1069 -0.3271 -0.3353 -0.2998 -0.1730 -0.0476 -0.0010 0.0315 0.0869 0.1546 -0.1320 -0.3302 -0.3389 -0.3302 -0.1320 0.1546 0.0869 0.0315 -0.0010 -0.0476 -0.1732 -0.2998 -0.3354 -0.3270 -0.1069 0.1640 0.0790 0.0272 -0.0051 -0.0554 -0.1933 -0.3079 -0.3360 -0.3245 -0.0745 0.1697 0.0709 0.0232 -0.0098 -0.0652 -0.2128 -0.3147 -0.3361 -0.3218 -0.0390 0.1705 0.0636 0.0194 -0.0148 -0.0771 -0.2309 -0.3203 -0.3356 -0.3188 0.0009 0.1665 0.0569 0.0158 -0.0201 -0.0912 -0.2472 -0.3250 -0.2056
-0.2158 -0.2501 -0.0923 -0.0206 0.0155 0.0563 0.1632 0.0049 -0.3157 -0.3356 -0.3208 -0.2324 -0.0783 -0.0153 0.0191 0.0629 0.1704 -0.0354 -0.3215 -0.3360 -0.3152 -0.2144 -0.0662 -0.0103 0.0228 0.0702 0.1700 -0.0713 -0.3243 -0.3360 -0.3085 -0.1950 -0.0562 -0.0056 0.0268 0.0782 0.1648 -0.1039 -0.3268 -0.3354 -0.3005 -0.1747 -0.0481 -0.0012 0.0312 0.0868 0.1545 -0.1305 -0.3288 -0.3363 -0.3279 -0.3360 -0.3287 -0.1302 0.1546 0.0868 0.0311 -0.0014 -0.0483 -0.1750 -0.3005 -0.3354 -0.3268 -0.1039 0.1648 0.0783 0.0267 -0.0057 -0.0565 -0.1952 -0.3085 -0.3359 -0.3242 -0.0712 0.1700 0.0702 0.0227 -0.0104 -0.0665 -0.2145 -0.3152 -0.3360 -0.3214 -0.0353 0.1704 0.0629 0.0190 -0.0154 -0.0785 -0.2325 -0.3207 -0.3355 -0.3156 0.0050 0.1646 0.0562 0.0154 -0.0208 -0.0925 -0.2502 -0.2158
-0.1789 -0.0965 -0.0213 0.0152 0.0557 0.1600 0.0089 -0.3097 -0.3355 -0.3212 -0.2340 -0.0796 -0.0158 0.0187 0.0623 0.1702 -0.0317 -0.3212 -0.3360 -0.3158 -0.2162 -0.0673 -0.0107 0.0224 0.0695 0.1702 -0.0680 -0.3240 -0.3360 -0.3092 -0.1969 -0.0571 -0.0060 0.0264 0.0774 0.1655 -0.1009 -0.3266 -0.3355 -0.3014 -0.1767 -0.0487 -0.0016 0.0309 0.0863 0.1549 -0.1303 -0.3286 -0.3332 -0.2945 -0.2386 -0.2872 -0.3311 -0.3287 -0.1321 0.1530 0.0868 0.0310 -0.0015 -0.0486 -0.1701 -0.2970 -0.3342 -0.3268 -0.1034 0.1641 0.0779 0.0265 -0.0059 -0.0564 -0.1901 -0.3053 -0.3349 -0.3244 -0.0709 0.1693 0.0699 0.0225 -0.0107 -0.0658 -0.2093 -0.3123 -0.3351 -0.3217 -0.0352 0.1698 0.0626 0.0188 -0.0157 -0.0772 -0.2274 -0.3182 -0.3349 -0.3131 0.0049 0.1636 0.0559 0.0153 -0.0212 -0.0930 -0.1748
-0.0922 -0.0209 0.0144 0.0550 0.1570 0.0130 -0.3039 -0.3354 -0.3217 -0.2356 -0.0809 -0.0163 0.0184 0.0616 0.1701 -0.0280 -0.3209 -0.3360 -0.3163 -0.2179 -0.0684 -0.0112 0.0221 0.0688 0.1704 -0.0647 -0.3238 -0.3360 -0.3099 -0.1988 -0.0580 -0.0064 0.0260 0.0766 0.1662 -0.0978 -0.3263 -0.3356 -0.3022 -0.1787 -0.0495 -0.0020 0.0305 0.0855 0.1559 -0.1288 -0.3286 -0.3348 -0.2902 -0.1485 -0.0695 -0.1659 -0.2874 -0.3356 -0.3302 -0.1330 0.1536 0.0852 0.0341 0.0023 -0.0435 -0.1731 -0.3023 -0.3371 -0.3280 -0.1028 0.1568 0.0776 0.0294 -0.0019 -0.0519 -0.1941 -0.3104 -0.3376 -0.3254 -0.0702 0.1518 0.0706 0.0254 -0.0063 -0.0621 -0.2141 -0.3171 -0.3376 -0.3225 -0.0342 0.1456 0.0641 0.0217 -0.0111 -0.0742 -0.2327 -0.3227 -0.3371 -0.3130 0.0061 0.1372 0.0580 0.0180 -0.0145 -0.0887
-0.0404 0.0181 0.0544 0.1541 0.0172 -0.2983 -0.3353 -0.3222 -0.2372 -0.0822 -0.0168 0.0180 0.0610 0.1699 -0.0243 -0.3207 -0.3359 -0.3169 -0.2197 -0.0695 -0.0117 0.0217 0.0680 0.1705 -0.0614 -0.3235 -0.3360 -0.3105 -0.2007 -0.0589 -0.0069 0.0256 0.0758 0.1669 -0.0947 -0.3261 -0.3357 -0.3030 -0.1806 -0.0502 -0.0024 0.0300 0.0846 0.1572 -0.1263 -0.3285 -0.3348 -0.2951 -0.1490 -0.0334 -0.0074 -0.1147 -0.2558 -0.3280 -0.3387 -0.3195 -0.0162 0.1413 0.0664 0.0228 -0.0090 -0.0889 -0.2567 -0.3316 -0.3377 -0.2995 0.0264 0.1301 0.0604 0.0188 -0.0145 -0.1069 -0.2716 -0.3348 -0.3361 -0.2711 0.0670 0.1169 0.0546 0.0152 -0.0207 -0.1271 -0.2846 -0.3372 -0.3342 -0.2464 0.0998 0.1062 0.0491 0.0119 -0.0278 -0.1488 -0.2959 -0.3388 -0.3320 -0.2190 0.1225 0.0972 0.0440 0.0120 -0.0592
