0.3313 0.3187 0.3710 0.4101 0.4266 0.4268 0.4065 0.3500 0.2630 0.2494 0.2768 0.3197 0.3711 0.4103 0.4267 0.4268 0.4063 0.3495 0.2627 0.2495 0.2770 0.3199 0.3714 0.4104 0.4267 0.4267 0.4062 0.3490 0.2625 0.2496 0.2772 0.3202 0.3716 0.4105 0.4267 0.4267 0.4060 0.3486 0.2622 0.2497 0.2773 0.3204 0.3719 0.4106 0.4268 0.4266 0.4058 0.3481 0.2618 0.2508 0.2627 0.2508 0.2618 0.3481 0.4058 0.4266 0.4268 0.4106 0.3719 0.3204 0.2773 0.2497 0.2622 0.3486 0.4060 0.4267 0.4267 0.4105 0.3716 0.3202 0.2772 0.2496 0.2625 0.3490 0.4062 0.4267 0.4267 0.4104 0.3714 0.3199 0.2770 0.2495 0.2627 0.3495 0.4063 0.4268 0.4267 0.4103 0.3711 0.3197 0.2768 0.2494 0.2630 0.3500 0.4065 0.4268 0.4266 0.4101 0.3710 0.3187 0.3313
0.3187 0.3658 0.4166 0.4293 0.4180 0.3850 0.3122 0.2005 0.1876 0.2323 0.2939 0.3657 0.4170 0.4293 0.4179 0.3848 0.3115 0.2001 0.1878 0.2326 0.2943 0.3661 0.4172 0.4292 0.4178 0.3845 0.3110 0.1998 0.1879 0.2329 0.2946 0.3664 0.4173 0.4292 0.4177 0.3843 0.3104 0.1994 0.1881 0.2331 0.2950 0.3668 0.4175 0.4292 0.4176 0.3841 0.3098 0.1991 0.1900 0.2355 0.2649 0.2355 0.1900 0.1991 0.3098 0.3841 0.4176 0.4292 0.4175 0.3668 0.2950 0.2331 0.1881 0.1994 0.3104 0.3843 0.4177 0.4292 0.4173 0.3664 0.2946 0.2329 0.1879 0.1998 0.3110 0.3845 0.4178 0.4292 0.4172 0.3661 0.2943 0.2326 0.1878 0.2001 0.3115 0.3848 0.4179 0.4293 0.4170 0.3657 0.2939 0.2323 0.1876 0.2005 0.3122 0.3850 0.4180 0.4293 0.4166 0.3658 0.3187
0.3710 0.4166 0.4269 0.4167 0.3846 0.3110 0.1997 0.1879 0.2329 0.2948 0.3664 0.4160 0.4271 0.4165 0.3842 0.3102 0.1993 0.1882 0.2332 0.2951 0.3667 0.4162 0.4271 0.4164 0.3840 0.3096 0.1990 0.1883 0.2335 0.2954 0.3670 0.4163 0.4271 0.4163 0.3837 0.3090 0.1986 0.1885 0.2338 0.2958 0.3674 0.4164 0.4270 0.4162 0.3835 0.3084 0.1983 0.1887 0.2362 0.2992 0.3362 0.2992 0.2362 0.1887 0.1983 0.3084 0.3835 0.4162 0.4270 0.4164 0.3674 0.2958 0.2338 0.1885 0.1986 0.3090 0.3837 0.4163 0.4271 0.4163 0.3670 0.2954 0.2335 0.1883 0.1990 0.3096 0.3840 0.4164 0.4271 0.4162 0.3667 0.2951 0.2332 0.1882 0.1993 0.3102 0.3842 0.4165 0.4271 0.4160 0.3664 0.2948 0.2329 0.1879 0.1997 0.3110 0.3846 0.4167 0.4269 0.4166 0.3710
0.4101 0.4293 0.4167 0.3844 0.3102 0.1991 0.1883 0.2334 0.2955 0.3672 0.4165 0.4272 0.4163 0.3836 0.3088 0.1985 0.1886 0.2338 0.2959 0.3675 0.4166 0.4272 0.4162 0.3834 0.3082 0.1982 0.1887 0.2341 0.2963 0.3678 0.4167 0.4272 0.4161 0.3832 0.3076 0.1979 0.1889 0.2344 0.2966 0.3682 0.4169 0.4272 0.4160 0.3829 0.3071 0.1976 0.1891 0.2345 0.2995 0.3721 0.4033 0.3721 0.2995 0.2345 0.1891 0.1976 0.3071 0.3829 0.4160 0.4272 0.4169 0.3682 0.2966 0.2344 0.1889 0.1979 0.3076 0.3832 0.4161 0.4272 0.4167 0.3678 0.2963 0.2341 0.1887 0.1982 0.3082 0.3834 0.4162 0.4272 0.4166 0.3675 0.2959 0.2338 0.1886 0.1985 0.3088 0.3836 0.4163 0.4272 0.4165 0.3672 0.2955 0.2334 0.1883 0.1991 0.3102 0.3844 0.4167 0.4293 0.4101
0.4266 0.4180 0.3846 0.3102 0.1989 0.1885 0.2339 0.2962 0.3679 0.4168 0.4272 0.4161 0.3831 0.3074 0.1978 0.1890 0.2344 0.2967 0.3683 0.4169 0.4272 0.4160 0.3828 0.3069 0.1975 0.1892 0.2347 0.2971 0.3686 0.4170 0.4272 0.4158 0.3826 0.3063 0.1972 0.1894 0.2350 0.2974 0.3690 0.4171 0.4272 0.4157 0.3823 0.3057 0.1969 0.1895 0.2352 0.2977 0.3712 0.4194 0.4263 0.4194 0.3712 0.2977 0.2352 0.1895 0.1969 0.3057 0.3823 0.4157 0.4272 0.4171 0.3690 0.2974 0.2350 0.1894 0.1972 0.3063 0.3826 0.4158 0.4272 0.4170 0.3686 0.2971 0.2347 0.1892 0.1975 0.3069 0.3828 0.4160 0.4272 0.4169 0.3683 0.2967 0.2344 0.1890 0.1978 0.3074 0.3831 0.4161 0.4272 0.4168 0.3679 0.2962 0.2339 0.1885 0.1989 0.3102 0.3846 0.4180 0.4266
0.4268 0.3850 0.3110 0.1991 0.1885 0.2341 0.2967 0.3685 0.4170 0.4272 0.4158 0.3825 0.3061 0.1971 0.1894 0.2351 0.2975 0.3691 0.4172 0.4272 0.4157 0.3823 0.3055 0.1968 0.1896 0.2353 0.2979 0.3694 0.4173 0.4272 0.4156 0.3820 0.3049 0.1965 0.1898 0.2356 0.2982 0.3697 0.4174 0.4272 0.4155 0.3818 0.3043 0.1962 0.1900 0.2359 0.2985 0.3700 0.4177 0.4268 0.4180 0.4268 0.4177 0.3700 0.2985 0.2359 0.1900 0.1962 0.3043 0.3818 0.4155 0.4272 0.4174 0.3697 0.2982 0.2356 0.1898 0.1965 0.3049 0.3820 0.4156 0.4272 0.4173 0.3694 0.2979 0.2353 0.1896 0.1968 0.3055 0.3823 0.4157 0.4272 0.4172 0.3691 0.2975 0.2351 0.1894 0.1971 0.3061 0.3825 0.4158 0.4272 0.4170 0.3685 0.2967 0.2341 0.1885 0.1991 0.3110 0.3850 0.4268
0.4065 0.3122 0.1997 0.1883 0.2339 0.2967 0.3687 0.4172 0.4272 0.4156 0.3820 0.3048 0.1964 0.1899 0.2357 0.2983 0.3699 0.4175 0.4272 0.4155 0.3817 0.3041 0.1961 0.1900 0.2360 0.2987 0.3702 0.4176 0.4272 0.4154 0.3814 0.3035 0.1958 0.1902 0.2362 0.2990 0.3705 0.4177 0.4271 0.4153 0.3812 0.3029 0.1955 0.1904 0.2365 0.2994 0.3708 0.4177 0.4272 0.4124 0.3889 0.4124 0.4272 0.4177 0.3708 0.2994 0.2365 0.1904 0.1955 0.3029 0.3812 0.4153 0.4271 0.4177 0.3705 0.2990 0.2362 0.1902 0.1958 0.3035 0.3814 0.4154 0.4272 0.4176 0.3702 0.2987 0.2360 0.1900 0.1961 0.3041 0.3817 0.4155 0.4272 0.4175 0.3699 0.2983 0.2357 0.1899 0.1964 0.3048 0.3820 0.4156 0.4272 0.4172 0.3687 0.2967 0.2339 0.1883 0.1997 0.3122 0.4065
0.3500 0.2005 0.1879 0.2334 0.2962 0.3685 0.4172 0.4272 0.4155 0.3817 0.3037 0.1958 0.1903 0.2363 0.2992 0.3706 0.4177 0.4271 0.4152 0.3811 0.3028 0.1954 0.1905 0.2366 0.2995 0.3710 0.4179 0.4271 0.4151 0.3809 0.3022 0.1952 0.1907 0.2369 0.2998 0.3713 0.4180 0.4271 0.4150 0.3806 0.3016 0.1949 0.1909 0.2372 0.3002 0.3716 0.4181 0.4271 0.4149 0.3750 0.3264 0.3750 0.4149 0.4271 0.4181 0.3716 0.3002 0.2372 0.1909 0.1949 0.3016 0.3806 0.4150 0.4271 0.4180 0.3713 0.2998 0.2369 0.1907 0.1952 0.3022 0.3809 0.4151 0.4271 0.4179 0.3710 0.2995 0.2366 0.1905 0.1954 0.3028 0.3811 0.4152 0.4271 0.4177 0.3706 0.2992 0.2363 0.1903 0.1958 0.3037 0.3817 0.4155 0.4272 0.4172 0.3685 0.2962 0.2334 0.1879 0.2005 0.3500
0.2630 0.1876 0.2329 0.2955 0.3679 0.4170 0.4272 0.4155 0.3815 0.3030 0.1954 0.1906 0.2369 0.2999 0.3714 0.4180 0.4271 0.4150 0.3805 0.3014 0.1948 0.1909 0.2372 0.3003 0.3717 0.4181 0.4271 0.4149 0.3803 0.3008 0.1945 0.1911 0.2375 0.3007 0.3721 0.4182 0.4271 0.4148 0.3800 0.3002 0.1943 0.1913 0.2378 0.3010 0.3724 0.4184 0.4271 0.4147 0.3797 0.2957 0.2167 0.2957 0.3797 0.4147 0.4271 0.4184 0.3724 0.3010 0.2378 0.1913 0.1943 0.3002 0.3800 0.4148 0.4271 0.4182 0.3721 0.3007 0.2375 0.1911 0.1945 0.3008 0.3803 0.4149 0.4271 0.4181 0.3717 0.3003 0.2372 0.1909 0.1948 0.3014 0.3805 0.4150 0.4271 0.4180 0.3714 0.2999 0.2369 0.1906 0.1954 0.3030 0.3815 0.4155 0.4272 0.4170 0.3679 0.2955 0.2329 0.1876 0.2630
0.2494 0.2323 0.2948 0.3672 0.4168 0.4272 0.4156 0.3817 0.3030 0.1952 0.1908 0.2373 0.3005 0.3721 0.4183 0.4271 0.4147 0.3799 0.3000 0.1942 0.1914 0.2379 0.3011 0.3725 0.4184 0.4271 0.4146 0.3797 0.2994 0.1939 0.1916 0.2382 0.3015 0.3729 0.4185 0.4271 0.4145 0.3794 0.2988 0.1937 0.1917 0.2384 0.3018 0.3732 0.4186 0.4270 0.4144 0.3793 0.2975 0.1928 0.1768 0.1928 0.2975 0.3793 0.4144 0.4270 0.4186 0.3732 0.3018 0.2384 0.1917 0.1937 0.2988 0.3794 0.4145 0.4271 0.4185 0.3729 0.3015 0.2382 0.1916 0.1939 0.2994 0.3797 0.4146 0.4271 0.4184 0.3725 0.3011 0.2379 0.1914 0.1942 0.3000 0.3799 0.4147 0.4271 0.4183 0.3721 0.3005 0.2373 0.1908 0.1952 0.3030 0.3817 0.4156 0.4272 0.4168 0.3672 0.2948 0.2323 0.2494
0.2768 0.2939 0.3664 0.4165 0.4272 0.4158 0.3820 0.3037 0.1954 0.1908 0.2375 0.3010 0.3726 0.4185 0.4271 0.4145 0.3793 0.2986 0.1936 0.1918 0.2385 0.3020 0.3733 0.4187 0.4270 0.4144 0.3791 0.2980 0.1933 0.1920 0.2388 0.3023 0.3736 0.4188 0.4270 0.4142 0.3788 0.2974 0.1931 0.1922 0.2391 0.3027 0.3739 0.4189 0.4270 0.4141 0.3786 0.2968 0.1934 0.1935 0.2146 0.1935 0.1934 0.2968 0.3786 0.4141 0.4270 0.4189 0.3739 0.3027 0.2391 0.1922 0.1931 0.2974 0.3788 0.4142 0.4270 0.4188 0.3736 0.3023 0.2388 0.1920 0.1933 0.2980 0.3791 0.4144 0.4270 0.4187 0.3733 0.3020 0.2385 0.1918 0.1936 0.2986 0.3793 0.4145 0.4271 0.4185 0.3726 0.3010 0.2375 0.1908 0.1954 0.3037 0.3820 0.4158 0.4272 0.4165 0.3664 0.2939 0.2768
0.3197 0.3657 0.4160 0.4272 0.4161 0.3825 0.3048 0.1958 0.1906 0.2373 0.3010 0.3728 0.4186 0.4270 0.4143 0.3788 0.2973 0.1930 0.1923 0.2392 0.3028 0.3741 0.4189 0.4270 0.4141 0.3785 0.2966 0.1927 0.1925 0.2394 0.3031 0.3744 0.4190 0.4270 0.4140 0.3782 0.2960 0.1925 0.1926 0.2397 0.3035 0.3747 0.4191 0.4270 0.4139 0.3780 0.2954 0.1922 0.1945 0.2419 0.2721 0.2419 0.1945 0.1922 0.2954 0.3780 0.4139 0.4270 0.4191 0.3747 0.3035 0.2397 0.1926 0.1925 0.2960 0.3782 0.4140 0.4270 0.4190 0.3744 0.3031 0.2394 0.1925 0.1927 0.2966 0.3785 0.4141 0.4270 0.4189 0.3741 0.3028 0.2392 0.1923 0.1930 0.2973 0.3788 0.4143 0.4270 0.4186 0.3728 0.3010 0.2373 0.1906 0.1958 0.3048 0.3825 0.4161 0.4272 0.4160 0.3657 0.3197
0.3711 0.4170 0.4271 0.4163 0.3831 0.3061 0.1964 0.1903 0.2369 0.3005 0.3726 0.4186 0.4270 0.4141 0.3784 0.2962 0.1925 0.1927 0.2398 0.3036 0.3748 0.4192 0.4270 0.4138 0.3779 0.2952 0.1922 0.1929 0.2401 0.3039 0.3751 0.4193 0.4269 0.4137 0.3776 0.2946 0.1919 0.1931 0.2404 0.3043 0.3755 0.4194 0.4269 0.4136 0.3773 0.2940 0.1917 0.1932 0.2429 0.3076 0.3448 0.3076 0.2429 0.1932 0.1917 0.2940 0.3773 0.4136 0.4269 0.4194 0.3755 0.3043 0.2404 0.1931 0.1919 0.2946 0.3776 0.4137 0.4269 0.4193 0.3751 0.3039 0.2401 0.1929 0.1922 0.2952 0.3779 0.4138 0.4270 0.4192 0.3748 0.3036 0.2398 0.1927 0.1925 0.2962 0.3784 0.4141 0.4270 0.4186 0.3726 0.3005 0.2369 0.1903 0.1964 0.3061 0.3831 0.4163 0.4271 0.4170 0.3711
0.4103 0.4293 0.4165 0.3836 0.3074 0.1971 0.1899 0.2363 0.2999 0.3721 0.4185 0.4270 0.4141 0.3783 0.2955 0.1921 0.1930 0.2404 0.3044 0.3756 0.4194 0.4269 0.4136 0.3772 0.2938 0.1916 0.1934 0.2407 0.3048 0.3759 0.4195 0.4269 0.4135 0.3770 0.2932 0.1914 0.1935 0.2410 0.3051 0.3762 0.4196 0.4269 0.4133 0.3767 0.2926 0.1912 0.1937 0.2412 0.3080 0.3801 0.4086 0.3801 0.3080 0.2412 0.1937 0.1912 0.2926 0.3767 0.4133 0.4269 0.4196 0.3762 0.3051 0.2410 0.1935 0.1914 0.2932 0.3770 0.4135 0.4269 0.4195 0.3759 0.3048 0.2407 0.1934 0.1916 0.2938 0.3772 0.4136 0.4269 0.4194 0.3756 0.3044 0.2404 0.1930 0.1921 0.2955 0.3783 0.4141 0.4270 0.4185 0.3721 0.2999 0.2363 0.1899 0.1971 0.3074 0.3836 0.4165 0.4293 0.4103
0.4267 0.4179 0.3842 0.3088 0.1978 0.1894 0.2357 0.2992 0.3714 0.4183 0.4271 0.4143 0.3784 0.2955 0.1920 0.1933 0.2408 0.3050 0.3762 0.4196 0.4269 0.4133 0.3766 0.2924 0.1911 0.1938 0.2414 0.3056 0.3767 0.4197 0.4269 0.4132 0.3764 0.2918 0.1909 0.1940 0.2417 0.3059 0.3770 0.4199 0.4268 0.4131 0.3761 0.2912 0.1907 0.1942 0.2419 0.3062 0.3790 0.4218 0.4265 0.4218 0.3790 0.3062 0.2419 0.1942 0.1907 0.2912 0.3761 0.4131 0.4268 0.4199 0.3770 0.3059 0.2417 0.1940 0.1909 0.2918 0.3764 0.4132 0.4269 0.4197 0.3767 0.3056 0.2414 0.1938 0.1911 0.2924 0.3766 0.4133 0.4269 0.4196 0.3762 0.3050 0.2408 0.1933 0.1920 0.2955 0.3784 0.4143 0.4271 0.4183 0.3714 0.2992 0.2357 0.1894 0.1978 0.3088 0.3842 0.4179 0.4267
0.4268 0.3848 0.3102 0.1985 0.1890 0.2351 0.2983 0.3706 0.4180 0.4271 0.4145 0.3788 0.2962 0.1921 0.1933 0.2410 0.3054 0.3767 0.4198 0.4268 0.4130 0.3760 0.2910 0.1906 0.1943 0.2420 0.3064 0.3774 0.4200 0.4268 0.4129 0.3757 0.2904 0.1904 0.1945 0.2423 0.3068 0.3777 0.4201 0.4268 0.4128 0.3755 0.2897 0.1902 0.1947 0.2426 0.3071 0.3779 0.4203 0.4261 0.4158 0.4261 0.4203 0.3779 0.3071 0.2426 0.1947 0.1902 0.2897 0.3755 0.4128 0.4268 0.4201 0.3777 0.3068 0.2423 0.1945 0.1904 0.2904 0.3757 0.4129 0.4268 0.4200 0.3774 0.3064 0.2420 0.1943 0.1906 0.2910 0.3760 0.4130 0.4268 0.4198 0.3767 0.3054 0.2410 0.1933 0.1921 0.2962 0.3788 0.4145 0.4271 0.4180 0.3706 0.2983 0.2351 0.1890 0.1985 0.3102 0.3848 0.4268
0.4063 0.3115 0.1993 0.1886 0.2344 0.2975 0.3699 0.4177 0.4271 0.4147 0.3793 0.2973 0.1925 0.1930 0.2408 0.3054 0.3769 0.4199 0.4268 0.4128 0.3755 0.2896 0.1901 0.1947 0.2427 0.3072 0.3782 0.4202 0.4268 0.4126 0.3751 0.2889 0.1899 0.1949 0.2430 0.3076 0.3785 0.4203 0.4267 0.4125 0.3748 0.2883 0.1897 0.1951 0.2433 0.3080 0.3787 0.4203 0.4267 0.4094 0.3835 0.4094 0.4267 0.4203 0.3787 0.3080 0.2433 0.1951 0.1897 0.2883 0.3748 0.4125 0.4267 0.4203 0.3785 0.3076 0.2430 0.1949 0.1899 0.2889 0.3751 0.4126 0.4268 0.4202 0.3782 0.3072 0.2427 0.1947 0.1901 0.2896 0.3755 0.4128 0.4268 0.4199 0.3769 0.3054 0.2408 0.1930 0.1925 0.2973 0.3793 0.4147 0.4271 0.4177 0.3699 0.2975 0.2344 0.1886 0.1993 0.3115 0.4063
0.3495 0.2001 0.1882 0.2338 0.2967 0.3691 0.4175 0.4271 0.4150 0.3799 0.2986 0.1930 0.1927 0.2404 0.3050 0.3767 0.4199 0.4268 0.4127 0.3751 0.2885 0.1897 0.1952 0.2434 0.3081 0.3789 0.4204 0.4267 0.4124 0.3745 0.2875 0.1894 0.1954 0.2436 0.3084 0.3792 0.4205 0.4267 0.4122 0.3742 0.2869 0.1892 0.1956 0.2439 0.3088 0.3795 0.4206 0.4267 0.4121 0.3683 0.3157 0.3683 0.4121 0.4267 0.4206 0.3795 0.3088 0.2439 0.1956 0.1892 0.2869 0.3742 0.4122 0.4267 0.4205 0.3792 0.3084 0.2436 0.1954 0.1894 0.2875 0.3745 0.4124 0.4267 0.4204 0.3789 0.3081 0.2434 0.1952 0.1897 0.2885 0.3751 0.4127 0.4268 0.4199 0.3767 0.3050 0.2404 0.1927 0.1930 0.2986 0.3799 0.4150 0.4271 0.4175 0.3691 0.2967 0.2338 0.1882 0.2001 0.3495
0.2627 0.1878 0.2332 0.2959 0.3683 0.4172 0.4272 0.4152 0.3805 0.3000 0.1936 0.1923 0.2398 0.3044 0.3762 0.4198 0.4268 0.4127 0.3749 0.2878 0.1894 0.1955 0.2439 0.3088 0.3796 0.4207 0.4266 0.4121 0.3738 0.2861 0.1890 0.1959 0.2443 0.3093 0.3800 0.4207 0.4266 0.4120 0.3735 0.2855 0.1888 0.1961 0.2446 0.3096 0.3803 0.4208 0.4266 0.4119 0.3731 0.2819 0.2044 0.2819 0.3731 0.4119 0.4266 0.4208 0.3803 0.3096 0.2446 0.1961 0.1888 0.2855 0.3735 0.4120 0.4266 0.4207 0.3800 0.3093 0.2443 0.1959 0.1890 0.2861 0.3738 0.4121 0.4266 0.4207 0.3796 0.3088 0.2439 0.1955 0.1894 0.2878 0.3749 0.4127 0.4268 0.4198 0.3762 0.3044 0.2398 0.1923 0.1936 0.3000 0.3805 0.4152 0.4272 0.4172 0.3683 0.2959 0.2332 0.1878 0.2627
0.2495 0.2326 0.2951 0.3675 0.4169 0.4272 0.4155 0.3811 0.3014 0.1942 0.1918 0.2392 0.3036 0.3756 0.4196 0.4268 0.4128 0.3751 0.2878 0.1892 0.1958 0.2444 0.3095 0.3803 0.4209 0.4266 0.4118 0.3732 0.2846 0.1885 0.1963 0.2450 0.3101 0.3807 0.4210 0.4266 0.4117 0.3729 0.2840 0.1883 0.1965 0.2453 0.3104 0.3810 0.4211 0.4265 0.4116 0.3727 0.2827 0.1878 0.1795 0.1878 0.2827 0.3727 0.4116 0.4265 0.4211 0.3810 0.3104 0.2453 0.1965 0.1883 0.2840 0.3729 0.4117 0.4266 0.4210 0.3807 0.3101 0.2450 0.1963 0.1885 0.2846 0.3732 0.4118 0.4266 0.4209 0.3803 0.3095 0.2444 0.1958 0.1892 0.2878 0.3751 0.4128 0.4268 0.4196 0.3756 0.3036 0.2392 0.1918 0.1942 0.3014 0.3811 0.4155 0.4272 0.4169 0.3675 0.2951 0.2326 0.2495
0.2770 0.2943 0.3667 0.4166 0.4272 0.4157 0.3817 0.3028 0.1948 0.1914 0.2385 0.3028 0.3748 0.4194 0.4269 0.4130 0.3755 0.2885 0.1894 0.1958 0.2445 0.3099 0.3807 0.4210 0.4265 0.4115 0.3725 0.2832 0.1881 0.1968 0.2456 0.3109 0.3814 0.4212 0.4265 0.4114 0.3722 0.2826 0.1879 0.1970 0.2459 0.3113 0.3817 0.4213 0.4265 0.4113 0.3719 0.2820 0.1885 0.1984 0.2205 0.1984 0.1885 0.2820 0.3719 0.4113 0.4265 0.4213 0.3817 0.3113 0.2459 0.1970 0.1879 0.2826 0.3722 0.4114 0.4265 0.4212 0.3814 0.3109 0.2456 0.1968 0.1881 0.2832 0.3725 0.4115 0.4265 0.4210 0.3807 0.3099 0.2445 0.1958 0.1894 0.2885 0.3755 0.4130 0.4269 0.4194 0.3748 0.3028 0.2385 0.1914 0.1948 0.3028 0.3817 0.4157 0.4272 0.4166 0.3667 0.2943 0.2770
0.3199 0.3661 0.4162 0.4272 0.4160 0.3823 0.3041 0.1954 0.1909 0.2379 0.3020 0.3741 0.4192 0.4269 0.4133 0.3760 0.2896 0.1897 0.1955 0.2444 0.3099 0.3809 0.4211 0.4265 0.4113 0.3719 0.2819 0.1877 0.1973 0.2463 0.3118 0.3821 0.4214 0.4264 0.4111 0.3715 0.2812 0.1875 0.1975 0.2466 0.3121 0.3824 0.4215 0.4264 0.4110 0.3713 0.2805 0.1873 0.1994 0.2489 0.2802 0.2489 0.1994 0.1873 0.2805 0.3713 0.4110 0.4264 0.4215 0.3824 0.3121 0.2466 0.1975 0.1875 0.2812 0.3715 0.4111 0.4264 0.4214 0.3821 0.3118 0.2463 0.1973 0.1877 0.2819 0.3719 0.4113 0.4265 0.4211 0.3809 0.3099 0.2444 0.1955 0.1897 0.2896 0.3760 0.4133 0.4269 0.4192 0.3741 0.3020 0.2379 0.1909 0.1954 0.3041 0.3823 0.4160 0.4272 0.4162 0.3661 0.3199
0.3714 0.4172 0.4271 0.4162 0.3828 0.3055 0.1961 0.1905 0.2372 0.3011 0.3733 0.4189 0.4270 0.4136 0.3766 0.2910 0.1901 0.1952 0.2439 0.3095 0.3807 0.4211 0.4265 0.4112 0.3715 0.2807 0.1873 0.1977 0.2470 0.3126 0.3828 0.4216 0.4264 0.4108 0.3709 0.2797 0.1871 0.1979 0.2473 0.3129 0.3832 0.4217 0.4263 0.4107 0.3706 0.2791 0.1869 0.1981 0.2498 0.3164 0.3539 0.3164 0.2498 0.1981 0.1869 0.2791 0.3706 0.4107 0.4263 0.4217 0.3832 0.3129 0.2473 0.1979 0.1871 0.2797 0.3709 0.4108 0.4264 0.4216 0.3828 0.3126 0.2470 0.1977 0.1873 0.2807 0.3715 0.4112 0.4265 0.4211 0.3807 0.3095 0.2439 0.1952 0.1901 0.2910 0.3766 0.4136 0.4270 0.4189 0.3733 0.3011 0.2372 0.1905 0.1961 0.3055 0.3828 0.4162 0.4271 0.4172 0.3714
0.4104 0.4292 0.4164 0.3834 0.3069 0.1968 0.1900 0.2366 0.3003 0.3725 0.4187 0.4270 0.4138 0.3772 0.2924 0.1906 0.1947 0.2434 0.3088 0.3803 0.4210 0.4265 0.4112 0.3713 0.2800 0.1871 0.1981 0.2476 0.3134 0.3836 0.4218 0.4263 0.4105 0.3702 0.2783 0.1867 0.1984 0.2479 0.3138 0.3839 0.4219 0.4263 0.4104 0.3699 0.2776 0.1866 0.1986 0.2482 0.3166 0.3877 0.4132 0.3877 0.3166 0.2482 0.1986 0.1866 0.2776 0.3699 0.4104 0.4263 0.4219 0.3839 0.3138 0.2479 0.1984 0.1867 0.2783 0.3702 0.4105 0.4263 0.4218 0.3836 0.3134 0.2476 0.1980 0.1871 0.2801 0.3713 0.4112 0.4265 0.4210 0.3803 0.3088 0.2434 0.1947 0.1906 0.2924 0.3772 0.4138 0.4270 0.4187 0.3725 0.3003 0.2366 0.1900 0.1968 0.3069 0.3834 0.4164 0.4292 0.4104
0.4267 0.4178 0.3840 0.3082 0.1975 0.1896 0.2360 0.2995 0.3717 0.4184 0.4270 0.4141 0.3779 0.2938 0.1911 0.1943 0.2427 0.3081 0.3796 0.4209 0.4265 0.4113 0.3715 0.2800 0.1870 0.1983 0.2480 0.3140 0.3842 0.4219 0.4262 0.4102 0.3695 0.2768 0.1864 0.1989 0.2486 0.3146 0.3846 0.4220 0.4262 0.4101 0.3692 0.2762 0.1862 0.1991 0.2489 0.3149 0.3864 0.4237 0.4263 0.4237 0.3864 0.3149 0.2489 0.1991 0.1862 0.2762 0.3692 0.4101 0.4262 0.4220 0.3846 0.3146 0.2486 0.1989 0.1864 0.2768 0.3695 0.4102 0.4262 0.4219 0.3842 0.3140 0.2479 0.1982 0.1870 0.2801 0.3715 0.4113 0.4265 0.4209 0.3796 0.3081 0.2427 0.1943 0.1911 0.2938 0.3779 0.4141 0.4270 0.4184 0.3717 0.2995 0.2360 0.1896 0.1975 0.3082 0.3840 0.4178 0.4267
0.4267 0.3845 0.3096 0.1982 0.1892 0.2353 0.2987 0.3710 0.4181 0.4271 0.4144 0.3785 0.2952 0.1916 0.1938 0.2420 0.3072 0.3789 0.4207 0.4266 0.4115 0.3719 0.2807 0.1871 0.1983 0.2482 0.3144 0.3846 0.4221 0.4261 0.4099 0.3688 0.2754 0.1860 0.1994 0.2493 0.3155 0.3853 0.4222 0.4261 0.4098 0.3685 0.2747 0.1859 0.1996 0.2496 0.3158 0.3854 0.4224 0.4251 0.4132 0.4251 0.4224 0.3854 0.3158 0.2496 0.1996 0.1859 0.2747 0.3685 0.4098 0.4261 0.4222 0.3853 0.3155 0.2493 0.1994 0.1860 0.2754 0.3688 0.4099 0.4261 0.4221 0.3846 0.3143 0.2481 0.1982 0.1871 0.2807 0.3719 0.4115 0.4266 0.4207 0.3789 0.3072 0.2420 0.1938 0.1916 0.2952 0.3785 0.4144 0.4271 0.4181 0.3710 0.2987 0.2353 0.1892 0.1982 0.3096 0.3845 0.4267
0.4062 0.3110 0.1990 0.1887 0.2347 0.2979 0.3702 0.4179 0.4271 0.4146 0.3791 0.2966 0.1922 0.1934 0.2414 0.3064 0.3782 0.4204 0.4266 0.4118 0.3725 0.2819 0.1873 0.1981 0.2480 0.3143 0.3847 0.4222 0.4261 0.4097 0.3682 0.2740 0.1857 0.1999 0.2500 0.3163 0.3860 0.4224 0.4260 0.4095 0.3678 0.2733 0.1856 0.2001 0.2503 0.3167 0.3862 0.4224 0.4260 0.4060 0.3776 0.4060 0.4260 0.4224 0.3862 0.3167 0.2503 0.2001 0.1856 0.2733 0.3678 0.4095 0.4260 0.4224 0.3860 0.3163 0.2500 0.1999 0.1857 0.2740 0.3682 0.4097 0.4261 0.4222 0.3847 0.3143 0.2479 0.1980 0.1873 0.2819 0.3725 0.4118 0.4266 0.4204 0.3782 0.3064 0.2414 0.1934 0.1922 0.2966 0.3791 0.4146 0.4271 0.4179 0.3702 0.2979 0.2347 0.1887 0.1990 0.3110 0.4062
0.3490 0.1998 0.1883 0.2341 0.2971 0.3694 0.4176 0.4271 0.4149 0.3797 0.2980 0.1927 0.1929 0.2407 0.3056 0.3774 0.4202 0.4267 0.4121 0.3732 0.2832 0.1877 0.1977 0.2476 0.3140 0.3846 0.4222 0.4261 0.4096 0.3678 0.2730 0.1854 0.2003 0.2507 0.3171 0.3867 0.4226 0.4259 0.4092 0.3671 0.2718 0.1852 0.2005 0.2510 0.3175 0.3870 0.4227 0.4259 0.4090 0.3609 0.3039 0.3609 0.4090 0.4259 0.4227 0.3870 0.3175 0.2510 0.2005 0.1852 0.2718 0.3671 0.4092 0.4259 0.4226 0.3867 0.3171 0.2507 0.2003 0.1854 0.2730 0.3678 0.4096 0.4261 0.4222 0.3846 0.3140 0.2476 0.1977 0.1877 0.2832 0.3732 0.4121 0.4267 0.4202 0.3774 0.3056 0.2407 0.1929 0.1927 0.2980 0.3797 0.4149 0.4271 0.4176 0.3694 0.2971 0.2341 0.1883 0.1998 0.3490
0.2625 0.1879 0.2335 0.2963 0.3686 0.4173 0.4272 0.4151 0.3803 0.2994 0.1933 0.1925 0.2401 0.3048 0.3767 0.4200 0.4268 0.4124 0.3738 0.2846 0.1881 0.1973 0.2470 0.3134 0.3842 0.4221 0.4261 0.4096 0.3677 0.2724 0.1852 0.2007 0.2513 0.3179 0.3873 0.4228 0.4259 0.4089 0.3664 0.2704 0.1849 0.2010 0.2517 0.3183 0.3876 0.4228 0.4258 0.4088 0.3659 0.2675 0.1941 0.2675 0.3659 0.4088 0.4258 0.4228 0.3876 0.3183 0.2517 0.2010 0.1849 0.2704 0.3664 0.4089 0.4259 0.4228 0.3873 0.3179 0.2513 0.2007 0.1852 0.2724 0.3677 0.4096 0.4261 0.4221 0.3842 0.3134 0.2470 0.1973 0.1881 0.2846 0.3738 0.4124 0.4268 0.4200 0.3767 0.3048 0.2401 0.1925 0.1933 0.2994 0.3803 0.4151 0.4272 0.4173 0.3686 0.2963 0.2335 0.1879 0.2625
0.2496 0.2329 0.2954 0.3678 0.4170 0.4272 0.4154 0.3809 0.3008 0.1939 0.1920 0.2394 0.3039 0.3759 0.4197 0.4268 0.4126 0.3745 0.2861 0.1885 0.1968 0.2463 0.3126 0.3836 0.4219 0.4261 0.4097 0.3678 0.2724 0.1852 0.2009 0.2517 0.3185 0.3879 0.4229 0.4258 0.4085 0.3657 0.2689 0.1846 0.2015 0.2523 0.3192 0.3883 0.4230 0.4257 0.4084 0.3655 0.2677 0.1844 0.1830 0.1844 0.2677 0.3655 0.4084 0.4257 0.4230 0.3883 0.3192 0.2523 0.2015 0.1846 0.2689 0.3657 0.4085 0.4258 0.4229 0.3879 0.3185 0.2517 0.2009 0.1852 0.2724 0.3678 0.4097 0.4261 0.4219 0.3836 0.3126 0.2463 0.1968 0.1885 0.2861 0.3745 0.4126 0.4268 0.4197 0.3759 0.3039 0.2394 0.1920 0.1939 0.3008 0.3809 0.4154 0.4272 0.4170 0.3678 0.2954 0.2329 0.2496
0.2772 0.2946 0.3670 0.4167 0.4272 0.4156 0.3814 0.3022 0.1945 0.1916 0.2388 0.3031 0.3751 0.4195 0.4269 0.4129 0.3751 0.2875 0.1890 0.1963 0.2456 0.3118 0.3828 0.4218 0.4262 0.4099 0.3682 0.2730 0.1852 0.2009 0.2518 0.3189 0.3883 0.4230 0.4257 0.4082 0.3650 0.2675 0.1844 0.2020 0.2530 0.3200 0.3890 0.4232 0.4256 0.4081 0.3647 0.2669 0.1852 0.2035 0.2267 0.2035 0.1852 0.2669 0.3647 0.4081 0.4256 0.4232 0.3890 0.3200 0.2530 0.2020 0.1844 0.2675 0.3650 0.4082 0.4257 0.4230 0.3883 0.3189 0.2518 0.2009 0.1852 0.2730 0.3682 0.4099 0.4262 0.4218 0.3828 0.3118 0.2456 0.1963 0.1890 0.2875 0.3751 0.4129 0.4269 0.4195 0.3751 0.3031 0.2388 0.1916 0.1945 0.3022 0.3814 0.4156 0.4272 0.4167 0.3670 0.2946 0.2772
0.3202 0.3664 0.4163 0.4272 0.4158 0.3820 0.3035 0.1952 0.1911 0.2382 0.3023 0.3744 0.4193 0.4269 0.4132 0.3757 0.2889 0.1894 0.1959 0.2450 0.3109 0.3821 0.4216 0.4263 0.4102 0.3688 0.2740 0.1854 0.2007 0.2517 0.3189 0.3885 0.4231 0.4256 0.4080 0.3643 0.2661 0.1841 0.2025 0.2537 0.3209 0.3896 0.4233 0.4255 0.4078 0.3639 0.2654 0.1840 0.2045 0.2562 0.2885 0.2562 0.2045 0.1840 0.2654 0.3639 0.4078 0.4255 0.4233 0.3896 0.3209 0.2537 0.2025 0.1841 0.2661 0.3643 0.4080 0.4256 0.4231 0.3885 0.3189 0.2517 0.2007 0.1854 0.2740 0.3688 0.4102 0.4263 0.4216 0.3821 0.3109 0.2450 0.1959 0.1894 0.2889 0.3757 0.4132 0.4269 0.4193 0.3744 0.3023 0.2382 0.1911 0.1952 0.3035 0.3820 0.4158 0.4272 0.4163 0.3664 0.3202
0.3716 0.4173 0.4271 0.4161 0.3826 0.3049 0.1958 0.1907 0.2375 0.3015 0.3736 0.4190 0.4269 0.4135 0.3764 0.2904 0.1899 0.1954 0.2443 0.3101 0.3814 0.4214 0.4264 0.4105 0.3695 0.2754 0.1857 0.2003 0.2513 0.3185 0.3883 0.4231 0.4256 0.4079 0.3639 0.2651 0.1839 0.2030 0.2544 0.3217 0.3903 0.4235 0.4254 0.4074 0.3632 0.2640 0.1837 0.2032 0.2571 0.3252 0.3627 0.3252 0.2571 0.2032 0.1837 0.2640 0.3632 0.4074 0.4254 0.4235 0.3903 0.3217 0.2544 0.2030 0.1839 0.2651 0.3639 0.4079 0.4256 0.4231 0.3883 0.3185 0.2513 0.2003 0.1857 0.2754 0.3695 0.4105 0.4264 0.4214 0.3814 0.3101 0.2443 0.1954 0.1899 0.2904 0.3764 0.4135 0.4269 0.4190 0.3736 0.3015 0.2375 0.1907 0.1958 0.3049 0.3826 0.4161 0.4271 0.4173 0.3716
0.4105 0.4292 0.4163 0.3832 0.3063 0.1965 0.1902 0.2369 0.3007 0.3729 0.4188 0.4270 0.4137 0.3770 0.2918 0.1904 0.1949 0.2436 0.3093 0.3807 0.4212 0.4264 0.4108 0.3702 0.2768 0.1860 0.1999 0.2507 0.3179 0.3879 0.4230 0.4256 0.4079 0.3638 0.2645 0.1838 0.2033 0.2550 0.3225 0.3910 0.4236 0.4253 0.4071 0.3624 0.2625 0.1835 0.2037 0.2553 0.3254 0.3947 0.4170 0.3947 0.3254 0.2553 0.2037 0.1835 0.2625 0.3624 0.4071 0.4253 0.4236 0.3910 0.3225 0.2550 0.2033 0.1838 0.2645 0.3638 0.4079 0.4256 0.4230 0.3879 0.3179 0.2507 0.1999 0.1860 0.2768 0.3702 0.4108 0.4264 0.4212 0.3807 0.3093 0.2436 0.1949 0.1904 0.2918 0.3770 0.4137 0.4270 0.4188 0.3729 0.3007 0.2369 0.1902 0.1965 0.3063 0.3832 0.4163 0.4292 0.4105
0.4267 0.4177 0.3837 0.3076 0.1972 0.1898 0.2362 0.2998 0.3721 0.4185 0.4270 0.4140 0.3776 0.2932 0.1909 0.1945 0.2430 0.3084 0.3800 0.4210 0.4265 0.4111 0.3709 0.2783 0.1864 0.1994 0.2500 0.3171 0.3873 0.4229 0.4257 0.4080 0.3639 0.2645 0.1837 0.2035 0.2554 0.3231 0.3915 0.4238 0.4252 0.4068 0.3617 0.2610 0.1833 0.2042 0.2561 0.3236 0.3932 0.4252 0.4257 0.4252 0.3932 0.3236 0.2561 0.2042 0.1833 0.2610 0.3617 0.4068 0.4252 0.4238 0.3915 0.3231 0.2554 0.2035 0.1837 0.2645 0.3639 0.4080 0.4257 0.4229 0.3873 0.3171 0.2500 0.1994 0.1864 0.2783 0.3709 0.4111 0.4265 0.4210 0.3800 0.3084 0.2430 0.1945 0.1909 0.2932 0.3776 0.4140 0.4270 0.4185 0.3721 0.2998 0.2362 0.1898 0.1972 0.3076 0.3837 0.4177 0.4267
0.4267 0.3843 0.3090 0.1979 0.1894 0.2356 0.2990 0.3713 0.4182 0.4271 0.4142 0.3782 0.2946 0.1914 0.1940 0.2423 0.3076 0.3792 0.4207 0.4266 0.4114 0.3715 0.2797 0.1867 0.1989 0.2493 0.3163 0.3867 0.4228 0.4258 0.4082 0.3643 0.2651 0.1838 0.2035 0.2556 0.3235 0.3919 0.4239 0.4251 0.4065 0.3609 0.2596 0.1831 0.2047 0.2568 0.3245 0.3924 0.4240 0.4238 0.4104 0.4238 0.4240 0.3924 0.3245 0.2568 0.2047 0.1831 0.2596 0.3609 0.4065 0.4251 0.4239 0.3919 0.3235 0.2556 0.2035 0.1838 0.2651 0.3643 0.4082 0.4258 0.4228 0.3867 0.3163 0.2493 0.1989 0.1867 0.2797 0.3715 0.4114 0.4266 0.4207 0.3792 0.3076 0.2423 0.1940 0.1914 0.2946 0.3782 0.4142 0.4271 0.4182 0.3713 0.2990 0.2356 0.1894 0.1979 0.3090 0.3843 0.4267
0.4060 0.3104 0.1986 0.1889 0.2350 0.2982 0.3705 0.4180 0.4271 0.4145 0.3788 0.2960 0.1919 0.1935 0.2417 0.3068 0.3785 0.4205 0.4266 0.4117 0.3722 0.2812 0.1871 0.1984 0.2486 0.3155 0.3860 0.4226 0.4259 0.4085 0.3650 0.2661 0.1839 0.2033 0.2554 0.3235 0.3920 0.4239 0.4251 0.4062 0.3602 0.2582 0.1829 0.2052 0.2575 0.3254 0.3931 0.4241 0.4250 0.4023 0.3711 0.4023 0.4250 0.4241 0.3931 0.3254 0.2575 0.2052 0.1829 0.2582 0.3602 0.4062 0.4251 0.4239 0.3920 0.3235 0.2554 0.2033 0.1839 0.2661 0.3650 0.4085 0.4259 0.4226 0.3860 0.3155 0.2486 0.1984 0.1871 0.2812 0.3722 0.4117 0.4266 0.4205 0.3785 0.3068 0.2417 0.1935 0.1919 0.2960 0.3788 0.4145 0.4271 0.4180 0.3705 0.2982 0.2350 0.1889 0.1986 0.3104 0.4060
0.3486 0.1994 0.1885 0.2344 0.2974 0.3697 0.4177 0.4271 0.4148 0.3794 0.2974 0.1925 0.1931 0.2410 0.3059 0.3777 0.4203 0.4267 0.4120 0.3729 0.2826 0.1875 0.1979 0.2479 0.3146 0.3853 0.4224 0.4259 0.4089 0.3657 0.2675 0.1841 0.2030 0.2550 0.3231 0.3919 0.4239 0.4251 0.4061 0.3598 0.2572 0.1827 0.2057 0.2582 0.3263 0.3938 0.4243 0.4249 0.4056 0.3530 0.2910 0.3530 0.4056 0.4249 0.4243 0.3938 0.3263 0.2582 0.2057 0.1827 0.2572 0.3598 0.4061 0.4251 0.4239 0.3919 0.3231 0.2550 0.2030 0.1841 0.2675 0.3657 0.4089 0.4259 0.4224 0.3853 0.3146 0.2479 0.1979 0.1875 0.2826 0.3729 0.4120 0.4267 0.4203 0.3777 0.3059 0.2410 0.1931 0.1925 0.2974 0.3794 0.4148 0.4271 0.4177 0.3697 0.2974 0.2344 0.1885 0.1994 0.3486
0.2622 0.1881 0.2338 0.2966 0.3690 0.4174 0.4271 0.4150 0.3800 0.2988 0.1931 0.1926 0.2404 0.3051 0.3770 0.4201 0.4267 0.4122 0.3735 0.2840 0.1879 0.1975 0.2473 0.3138 0.3846 0.4222 0.4260 0.4092 0.3664 0.2689 0.1844 0.2025 0.2544 0.3225 0.3915 0.4239 0.4251 0.4061 0.3596 0.2566 0.1826 0.2061 0.2589 0.3271 0.3944 0.4244 0.4248 0.4054 0.3580 0.2525 0.1860 0.2525 0.3580 0.4054 0.4248 0.4244 0.3944 0.3271 0.2589 0.2061 0.1826 0.2566 0.3596 0.4061 0.4251 0.4239 0.3915 0.3225 0.2544 0.2025 0.1844 0.2689 0.3664 0.4092 0.4260 0.4222 0.3846 0.3138 0.2473 0.1975 0.1879 0.2840 0.3735 0.4122 0.4267 0.4201 0.3770 0.3051 0.2404 0.1926 0.1931 0.2988 0.3800 0.4150 0.4271 0.4174 0.3690 0.2966 0.2338 0.1881 0.2622
0.2497 0.2331 0.2958 0.3682 0.4171 0.4272 0.4153 0.3806 0.3002 0.1937 0.1922 0.2397 0.3043 0.3762 0.4199 0.4268 0.4125 0.3742 0.2855 0.1883 0.1970 0.2466 0.3129 0.3839 0.4220 0.4261 0.4095 0.3671 0.2704 0.1846 0.2020 0.2537 0.3217 0.3910 0.4238 0.4251 0.4062 0.3598 0.2566 0.1826 0.2063 0.2593 0.3277 0.3949 0.4245 0.4246 0.4049 0.3576 0.2527 0.1825 0.1873 0.1825 0.2527 0.3576 0.4049 0.4246 0.4245 0.3949 0.3277 0.2593 0.2063 0.1826 0.2566 0.3598 0.4062 0.4251 0.4238 0.3910 0.3217 0.2537 0.2020 0.1846 0.2704 0.3671 0.4095 0.4261 0.4220 0.3839 0.3129 0.2466 0.1970 0.1883 0.2855 0.3742 0.4125 0.4268 0.4199 0.3762 0.3043 0.2397 0.1922 0.1937 0.3002 0.3806 0.4153 0.4272 0.4171 0.3682 0.2958 0.2331 0.2497
0.2773 0.2950 0.3674 0.4169 0.4272 0.4155 0.3812 0.3016 0.1943 0.1917 0.2391 0.3035 0.3755 0.4196 0.4268 0.4128 0.3748 0.2869 0.1888 0.1965 0.2459 0.3121 0.3832 0.4219 0.4262 0.4098 0.3678 0.2718 0.1849 0.2015 0.2530 0.3209 0.3903 0.4236 0.4252 0.4065 0.3602 0.2572 0.1826 0.2063 0.2594 0.3280 0.3953 0.4246 0.4245 0.4046 0.3566 0.2518 0.1832 0.2089 0.2332 0.2089 0.1832 0.2518 0.3566 0.4046 0.4245 0.4246 0.3953 0.3280 0.2594 0.2063 0.1826 0.2572 0.3602 0.4065 0.4252 0.4236 0.3903 0.3209 0.2530 0.2015 0.1849 0.2718 0.3678 0.4098 0.4262 0.4219 0.3832 0.3121 0.2459 0.1965 0.1888 0.2869 0.3748 0.4128 0.4268 0.4196 0.3755 0.3035 0.2391 0.1917 0.1943 0.3016 0.3812 0.4155 0.4272 0.4169 0.3674 0.2950 0.2773
0.3204 0.3668 0.4164 0.4272 0.4157 0.3818 0.3029 0.1949 0.1913 0.2384 0.3027 0.3747 0.4194 0.4269 0.4131 0.3755 0.2883 0.1892 0.1961 0.2453 0.3113 0.3824 0.4217 0.4263 0.4101 0.3685 0.2733 0.1852 0.2010 0.2523 0.3200 0.3896 0.4235 0.4253 0.4068 0.3609 0.2582 0.1827 0.2061 0.2593 0.3280 0.3954 0.4247 0.4245 0.4043 0.3559 0.2504 0.1820 0.2099 0.2637 0.2970 0.2637 0.2099 0.1820 0.2504 0.3559 0.4043 0.4245 0.4247 0.3954 0.3280 0.2593 0.2061 0.1827 0.2582 0.3609 0.4068 0.4253 0.4235 0.3896 0.3200 0.2523 0.2010 0.1852 0.2733 0.3685 0.4101 0.4263 0.4217 0.3824 0.3113 0.2453 0.1961 0.1892 0.2883 0.3755 0.4131 0.4269 0.4194 0.3747 0.3027 0.2384 0.1913 0.1949 0.3029 0.3818 0.4157 0.4272 0.4164 0.3668 0.3204
0.3719 0.4175 0.4270 0.4160 0.3823 0.3043 0.1955 0.1909 0.2378 0.3018 0.3739 0.4191 0.4269 0.4133 0.3761 0.2897 0.1897 0.1956 0.2446 0.3104 0.3817 0.4215 0.4263 0.4104 0.3692 0.2747 0.1856 0.2005 0.2517 0.3192 0.3890 0.4233 0.4254 0.4071 0.3617 0.2596 0.1829 0.2057 0.2589 0.3277 0.3953 0.4247 0.4244 0.4042 0.3555 0.2494 0.1819 0.2085 0.2645 0.3342 0.3713 0.3342 0.2645 0.2085 0.1819 0.2494 0.3555 0.4042 0.4244 0.4247 0.3953 0.3277 0.2589 0.2057 0.1829 0.2596 0.3617 0.4071 0.4254 0.4233 0.3890 0.3192 0.2517 0.2005 0.1856 0.2747 0.3692 0.4104 0.4263 0.4215 0.3817 0.3104 0.2446 0.1956 0.1897 0.2897 0.3761 0.4133 0.4269 0.4191 0.3739 0.3018 0.2378 0.1909 0.1955 0.3043 0.3823 0.4160 0.4270 0.4175 0.3719
0.4106 0.4292 0.4162 0.3829 0.3057 0.1962 0.1904 0.2372 0.3010 0.3732 0.4189 0.4270 0.4136 0.3767 0.2912 0.1902 0.1951 0.2439 0.3096 0.3810 0.4213 0.4264 0.4107 0.3699 0.2762 0.1859 0.2001 0.2510 0.3183 0.3883 0.4232 0.4255 0.4074 0.3624 0.2610 0.1831 0.2052 0.2582 0.3271 0.3949 0.4246 0.4245 0.4042 0.3553 0.2488 0.1819 0.2089 0.2626 0.3341 0.4009 0.4200 0.4009 0.3341 0.2626 0.2089 0.1819 0.2488 0.3553 0.4042 0.4245 0.4246 0.3949 0.3271 0.2582 0.2052 0.1831 0.2610 0.3624 0.4074 0.4255 0.4232 0.3883 0.3183 0.2510 0.2001 0.1859 0.2762 0.3699 0.4107 0.4264 0.4213 0.3810 0.3096 0.2439 0.1951 0.1902 0.2912 0.3767 0.4136 0.4270 0.4189 0.3732 0.3010 0.2372 0.1904 0.1962 0.3057 0.3829 0.4162 0.4292 0.4106
0.4268 0.4176 0.3835 0.3071 0.1969 0.1900 0.2365 0.3002 0.3724 0.4186 0.4270 0.4139 0.3773 0.2926 0.1907 0.1947 0.2433 0.3088 0.3803 0.4211 0.4265 0.4110 0.3706 0.2776 0.1862 0.1996 0.2503 0.3175 0.3876 0.4230 0.4256 0.4078 0.3632 0.2625 0.1833 0.2047 0.2575 0.3263 0.3944 0.4245 0.4245 0.4043 0.3555 0.2488 0.1819 0.2091 0.2631 0.3321 0.3992 0.4262 0.4249 0.4262 0.3992 0.3322 0.2631 0.2091 0.1819 0.2488 0.3555 0.4043 0.4245 0.4245 0.3944 0.3263 0.2575 0.2047 0.1833 0.2625 0.3632 0.4078 0.4256 0.4230 0.3876 0.3175 0.2503 0.1996 0.1862 0.2776 0.3706 0.4110 0.4265 0.4211 0.3803 0.3088 0.2433 0.1947 0.1907 0.2926 0.3773 0.4139 0.4270 0.4186 0.3724 0.3002 0.2365 0.1900 0.1969 0.3071 0.3835 0.4176 0.4268
0.4266 0.3841 0.3084 0.1976 0.1895 0.2359 0.2994 0.3716 0.4184 0.4270 0.4141 0.3780 0.2940 0.1912 0.1942 0.2426 0.3080 0.3795 0.4208 0.4265 0.4113 0.3713 0.2791 0.1866 0.1991 0.2496 0.3167 0.3870 0.4228 0.4257 0.4081 0.3639 0.2640 0.1835 0.2042 0.2568 0.3254 0.3938 0.4244 0.4246 0.4046 0.3559 0.2494 0.1819 0.2091 0.2633 0.3326 0.3984 0.4253 0.4223 0.4073 0.4223 0.4253 0.3984 0.3327 0.2633 0.2091 0.1819 0.2494 0.3559 0.4046 0.4246 0.4244 0.3938 0.3254 0.2568 0.2042 0.1835 0.2640 0.3639 0.4081 0.4257 0.4228 0.3870 0.3167 0.2496 0.1991 0.1866 0.2791 0.3713 0.4113 0.4265 0.4208 0.3795 0.3080 0.2426 0.1942 0.1912 0.2940 0.3780 0.4141 0.4270 0.4184 0.3716 0.2994 0.2359 0.1895 0.1976 0.3084 0.3841 0.4266
0.4058 0.3098 0.1983 0.1891 0.2353 0.2986 0.3709 0.4181 0.4271 0.4144 0.3786 0.2954 0.1917 0.1937 0.2420 0.3071 0.3788 0.4206 0.4266 0.4116 0.3719 0.2805 0.1869 0.1986 0.2489 0.3158 0.3863 0.4227 0.4258 0.4084 0.3646 0.2654 0.1838 0.2037 0.2561 0.3246 0.3932 0.4243 0.4247 0.4049 0.3566 0.2504 0.1820 0.2089 0.2632 0.3327 0.3986 0.4253 0.4238 0.3984 0.3646 0.3984 0.4238 0.4253 0.3986 0.3327 0.2631 0.2089 0.1819 0.2504 0.3566 0.4049 0.4248 0.4243 0.3931 0.3245 0.2561 0.2037 0.1837 0.2654 0.3647 0.4084 0.4258 0.4227 0.3862 0.3158 0.2489 0.1986 0.1869 0.2805 0.3719 0.4116 0.4266 0.4206 0.3787 0.3071 0.2419 0.1937 0.1917 0.2954 0.3786 0.4144 0.4271 0.4181 0.3708 0.2985 0.2352 0.1891 0.1983 0.3098 0.4058
0.3481 0.1991 0.1887 0.2346 0.2978 0.3701 0.4178 0.4271 0.4146 0.3792 0.2968 0.1923 0.1933 0.2413 0.3063 0.3781 0.4204 0.4267 0.4118 0.3726 0.2820 0.1873 0.1981 0.2482 0.3150 0.3856 0.4225 0.4259 0.4087 0.3654 0.2669 0.1840 0.2032 0.2554 0.3238 0.3925 0.4241 0.4249 0.4053 0.3574 0.2518 0.1821 0.2085 0.2628 0.3323 0.3985 0.4253 0.4238 0.4022 0.3451 0.2786 0.3453 0.4023 0.4239 0.4253 0.3984 0.3321 0.2626 0.2085 0.1820 0.2518 0.3576 0.4054 0.4249 0.4241 0.3924 0.3236 0.2553 0.2032 0.1840 0.2669 0.3655 0.4088 0.4259 0.4224 0.3854 0.3149 0.2482 0.1981 0.1873 0.2820 0.3727 0.4119 0.4267 0.4203 0.3779 0.3062 0.2412 0.1932 0.1922 0.2968 0.3793 0.4147 0.4271 0.4177 0.3700 0.2977 0.2345 0.1887 0.1991 0.3481
0.2619 0.1883 0.2340 0.2970 0.3693 0.4175 0.4271 0.4149 0.3798 0.2982 0.1928 0.1928 0.2406 0.3055 0.3773 0.4202 0.4267 0.4121 0.3733 0.2834 0.1877 0.1977 0.2476 0.3141 0.3849 0.4223 0.4260 0.4090 0.3661 0.2683 0.1843 0.2027 0.2547 0.3229 0.3919 0.4240 0.4250 0.4056 0.3582 0.2532 0.1822 0.2080 0.2621 0.3317 0.3982 0.4253 0.4238 0.4023 0.3507 0.2397 0.1810 0.2394 0.3506 0.4024 0.4238 0.4253 0.3992 0.3341 0.2645 0.2099 0.1832 0.2527 0.3580 0.4056 0.4250 0.4240 0.3932 0.3254 0.2571 0.2045 0.1852 0.2677 0.3659 0.4090 0.4260 0.4224 0.3864 0.3166 0.2498 0.1994 0.1885 0.2827 0.3731 0.4121 0.4267 0.4203 0.3790 0.3080 0.2429 0.1945 0.1934 0.2975 0.3797 0.4149 0.4272 0.4177 0.3712 0.2995 0.2362 0.1900 0.2618
0.2498 0.2334 0.2962 0.3685 0.4172 0.4272 0.4151 0.3804 0.2996 0.1934 0.1924 0.2400 0.3047 0.3766 0.4200 0.4268 0.4124 0.3739 0.2848 0.1881 0.1972 0.2469 0.3133 0.3842 0.4221 0.4261 0.4093 0.3668 0.2698 0.1845 0.2022 0.2540 0.3221 0.3912 0.4238 0.4251 0.4060 0.3590 0.2546 0.1823 0.2075 0.2614 0.3309 0.3977 0.4252 0.4238 0.4023 0.3512 0.2412 0.1834 0.1920 0.1783 0.2393 0.3453 0.3985 0.4223 0.4262 0.4009 0.3342 0.2637 0.2089 0.1825 0.2525 0.3530 0.4023 0.4238 0.4252 0.3947 0.3252 0.2562 0.2035 0.1844 0.2675 0.3609 0.4060 0.4251 0.4237 0.3877 0.3164 0.2489 0.1984 0.1878 0.2819 0.3683 0.4094 0.4261 0.4218 0.3801 0.3076 0.2419 0.1935 0.1928 0.2957 0.3750 0.4124 0.4268 0.4194 0.3721 0.2992 0.2355 0.2508
0.2775 0.2954 0.3677 0.4170 0.4272 0.4154 0.3809 0.3010 0.1940 0.1919 0.2394 0.3038 0.3758 0.4197 0.4268 0.4127 0.3745 0.2863 0.1886 0.1967 0.2462 0.3125 0.3835 0.4219 0.4261 0.4097 0.3675 0.2712 0.1848 0.2017 0.2533 0.3212 0.3906 0.4237 0.4252 0.4063 0.3598 0.2561 0.1825 0.2070 0.2607 0.3300 0.3971 0.4251 0.4240 0.4026 0.3514 0.2420 0.1842 0.2150 0.2155 0.1849 0.1815 0.2780 0.3645 0.4073 0.4249 0.4200 0.3713 0.2970 0.2332 0.1873 0.1860 0.2910 0.3711 0.4104 0.4257 0.4170 0.3627 0.2885 0.2267 0.1830 0.1941 0.3039 0.3776 0.4132 0.4263 0.4132 0.3539 0.2802 0.2205 0.1795 0.2044 0.3157 0.3835 0.4158 0.4265 0.4086 0.3448 0.2721 0.2146 0.1768 0.2167 0.3264 0.3889 0.4180 0.4263 0.4033 0.3362 0.2649 0.2627
0.3206 0.3670 0.4165 0.4272 0.4156 0.3815 0.3024 0.1946 0.1915 0.2387 0.3029 0.3750 0.4195 0.4269 0.4130 0.3752 0.2877 0.1890 0.1962 0.2455 0.3116 0.3827 0.4217 0.4262 0.4100 0.3682 0.2727 0.1851 0.2012 0.2526 0.3203 0.3899 0.4235 0.4253 0.4066 0.3606 0.2575 0.1826 0.2064 0.2599 0.3291 0.3965 0.4250 0.4241 0.4029 0.3521 0.2428 0.1819 0.2156 0.2537 0.2451 0.2569 0.2557 0.3422 0.3984 0.4223 0.4262 0.4009 0.3342 0.2637 0.2089 0.1825 0.2525 0.3530 0.4023 0.4238 0.4252 0.3947 0.3252 0.2562 0.2035 0.1844 0.2675 0.3609 0.4060 0.4251 0.4237 0.3877 0.3164 0.2489 0.1984 0.1878 0.2819 0.3683 0.4094 0.4261 0.4218 0.3801 0.3076 0.2419 0.1935 0.1928 0.2957 0.3750 0.4124 0.4268 0.4194 0.3721 0.2992 0.2355 0.2508
0.3721 0.4175 0.4271 0.4160 0.3822 0.3037 0.1952 0.1910 0.2380 0.3021 0.3742 0.4192 0.4269 0.4133 0.3760 0.2891 0.1895 0.1957 0.2448 0.3107 0.3819 0.4215 0.4263 0.4104 0.3691 0.2741 0.1854 0.2007 0.2519 0.3194 0.3892 0.4233 0.4254 0.4071 0.3615 0.2590 0.1828 0.2059 0.2592 0.3282 0.3958 0.4248 0.4243 0.4034 0.3531 0.2441 0.1815 0.2116 0.2686 0.3270 0.3639 0.4411 0.3594 0.3988 0.4239 0.4253 0.3992 0.3341 0.2645 0.2099 0.1832 0.2527 0.3580 0.4056 0.4250 0.4240 0.3932 0.3254 0.2571 0.2045 0.1852 0.2677 0.3659 0.4090 0.4260 0.4224 0.3864 0.3166 0.2498 0.1994 0.1885 0.2827 0.3731 0.4121 0.4267 0.4203 0.3790 0.3080 0.2429 0.1945 0.1934 0.2975 0.3797 0.4149 0.4272 0.4177 0.3712 0.2995 0.2362 0.1900 0.2618
0.4117 0.4292 0.4161 0.3825 0.3043 0.1964 0.1922 0.2396 0.3039 0.3753 0.4191 0.4270 0.4135 0.3763 0.2899 0.1906 0.1970 0.2465 0.3125 0.3829 0.4214 0.4264 0.4105 0.3695 0.2749 0.1866 0.2020 0.2536 0.3212 0.3900 0.4233 0.4255 0.4073 0.3619 0.2598 0.1840 0.2073 0.2609 0.3299 0.3965 0.4248 0.4244 0.4036 0.3536 0.2450 0.1828 0.2128 0.2689 0.3395 0.3977 0.4200 0.4071 0.3932 0.4238 0.4251 0.3982 0.3322 0.2627 0.2084 0.1820 0.2518 0.3576 0.4054 0.4249 0.4241 0.3924 0.3236 0.2553 0.2032 0.1840 0.2669 0.3655 0.4088 0.4259 0.4224 0.3854 0.3149 0.2482 0.1981 0.1873 0.2820 0.3727 0.4119 0.4267 0.4203 0.3779 0.3062 0.2412 0.1932 0.1922 0.2968 0.3793 0.4147 0.4271 0.4177 0.3700 0.2977 0.2345 0.1887 0.1991 0.3481
0.4274 0.4144 0.3779 0.3017 0.1957 0.1913 0.2386 0.3034 0.3763 0.4208 0.4264 0.4108 0.3716 0.2886 0.1900 0.1960 0.2455 0.3121 0.3841 0.4229 0.4256 0.4077 0.3645 0.2745 0.1859 0.2010 0.2526 0.3210 0.3914 0.4245 0.4244 0.4041 0.3569 0.2597 0.1832 0.2063 0.2600 0.3299 0.3980 0.4258 0.4230 0.4002 0.3484 0.2447 0.1819 0.2117 0.2676 0.3387 0.4040 0.4265 0.4229 0.3981 0.4227 0.4251 0.3982 0.3326 0.2632 0.2089 0.1819 0.2504 0.3566 0.4049 0.4248 0.4243 0.3931 0.3245 0.2561 0.2037 0.1837 0.2654 0.3647 0.4084 0.4258 0.4227 0.3862 0.3158 0.2489 0.1986 0.1869 0.2805 0.3719 0.4116 0.4266 0.4206 0.3787 0.3071 0.2419 0.1937 0.1917 0.2954 0.3786 0.4144 0.4271 0.4181 0.3708 0.2985 0.2352 0.1891 0.1983 0.3098 0.4058
0.4259 0.3906 0.3309 0.2229 0.1757 0.2118 0.2682 0.3403 0.4060 0.4264 0.4169 0.3862 0.3211 0.2103 0.1780 0.2176 0.2761 0.3494 0.4110 0.4264 0.4145 0.3806 0.3099 0.1990 0.1811 0.2236 0.2843 0.3583 0.4152 0.4260 0.4118 0.3744 0.2976 0.1897 0.1851 0.2299 0.2927 0.3671 0.4186 0.4253 0.4089 0.3679 0.2849 0.1831 0.1891 0.2358 0.3001 0.3741 0.4209 0.4241 0.4080 0.4208 0.4252 0.3978 0.3324 0.2634 0.2092 0.1819 0.2494 0.3559 0.4046 0.4246 0.4244 0.3938 0.3254 0.2568 0.2042 0.1835 0.2640 0.3639 0.4081 0.4257 0.4228 0.3870 0.3167 0.2496 0.1991 0.1866 0.2791 0.3713 0.4113 0.4265 0.4208 0.3795 0.3080 0.2426 0.1942 0.1912 0.2940 0.3780 0.4141 0.4270 0.4184 0.3716 0.2994 0.2359 0.1895 0.1976 0.3084 0.3841 0.4266
