0.0020 0.0137 0.0392 0.1246 0.3908 1.0000 1.0000 1.0000 0.0004 0.0013 0.0040 0.0127 0.0398 0.1251 0.3931 1.0000 1.0000 1.0000 0.0004 0.0013 0.0041 0.0127 0.0400 0.1258 0.3953 1.0000 1.0000 1.0000 0.0004 0.0013 0.0041 0.0128 0.0403 0.1265 0.3976 1.0000 1.0000 1.0000 0.0004 0.0013 0.0041 0.0129 0.0405 0.1273 0.3998 1.0000 1.0000 1.0000 0.0004 0.0015 0.0036 0.0015 0.0004 1.0000 1.0000 1.0000 0.3998 0.1273 0.0405 0.0129 0.0041 0.0013 0.0004 1.0000 1.0000 1.0000 0.3976 0.1265 0.0403 0.0128 0.0041 0.0013 0.0004 1.0000 1.0000 1.0000 0.3953 0.1258 0.0400 0.0127 0.0041 0.0013 0.0004 1.0000 1.0000 1.0000 0.3931 0.1251 0.0398 0.0127 0.0040 0.0013 0.0004 1.0000 1.0000 1.0000 0.3908 0.1246 0.0392 0.0137 0.0020
0.0137 0.0887 0.2495 0.7990 1.0000 1.0000 1.0000 0.0008 0.0026 0.0082 0.0259 0.0812 0.2553 0.8020 1.0000 1.0000 1.0000 0.0008 0.0026 0.0083 0.0260 0.0817 0.2567 0.8066 1.0000 1.0000 1.0000 0.0008 0.0026 0.0083 0.0262 0.0822 0.2582 0.8112 1.0000 1.0000 1.0000 0.0008 0.0027 0.0084 0.0263 0.0826 0.2597 0.8159 1.0000 1.0000 1.0000 0.0008 0.0027 0.0098 0.0221 0.0098 0.0027 0.0008 1.0000 1.0000 1.0000 0.8159 0.2597 0.0826 0.0263 0.0084 0.0027 0.0008 1.0000 1.0000 1.0000 0.8112 0.2582 0.0822 0.0262 0.0083 0.0026 0.0008 1.0000 1.0000 1.0000 0.8066 0.2567 0.0817 0.0260 0.0083 0.0026 0.0008 1.0000 1.0000 1.0000 0.8020 0.2553 0.0812 0.0259 0.0082 0.0026 0.0008 1.0000 1.0000 1.0000 0.7990 0.2495 0.0887 0.0137
0.0392 0.2495 0.7224 1.0000 1.0000 1.0000 0.0008 0.0024 0.0076 0.0239 0.0751 0.2357 0.7419 1.0000 1.0000 1.0000 0.0008 0.0024 0.0076 0.0241 0.0754 0.2375 0.7447 1.0000 1.0000 1.0000 0.0008 0.0024 0.0077 0.0241 0.0760 0.2384 0.7504 1.0000 1.0000 1.0000 0.0008 0.0025 0.0077 0.0243 0.0763 0.2402 0.7532 1.0000 1.0000 1.0000 0.0008 0.0025 0.0078 0.0283 0.0634 0.0283 0.0078 0.0025 0.0008 1.0000 1.0000 1.0000 0.7532 0.2402 0.0763 0.0243 0.0077 0.0025 0.0008 1.0000 1.0000 1.0000 0.7504 0.2384 0.0760 0.0241 0.0077 0.0024 0.0008 1.0000 1.0000 1.0000 0.7447 0.2375 0.0754 0.0241 0.0076 0.0024 0.0008 1.0000 1.0000 1.0000 0.7419 0.2357 0.0751 0.0239 0.0076 0.0024 0.0008 1.0000 1.0000 1.0000 0.7224 0.2495 0.0392
0.1246 0.7990 1.0000 1.0000 1.0000 0.0008 0.0025 0.0078 0.0245 0.0769 0.2420 0.7604 1.0000 1.0000 1.0000 0.0008 0.0025 0.0078 0.0247 0.0775 0.2434 0.7648 1.0000 1.0000 1.0000 0.0008 0.0025 0.0079 0.0248 0.0779 0.2448 0.7692 1.0000 1.0000 1.0000 0.0008 0.0025 0.0079 0.0249 0.0784 0.2462 0.7736 1.0000 1.0000 1.0000 0.0008 0.0025 0.0080 0.0251 0.0911 0.2036 0.0911 0.0251 0.0080 0.0025 0.0008 1.0000 1.0000 1.0000 0.7736 0.2462 0.0784 0.0249 0.0079 0.0025 0.0008 1.0000 1.0000 1.0000 0.7692 0.2448 0.0779 0.0248 0.0079 0.0025 0.0008 1.0000 1.0000 1.0000 0.7648 0.2434 0.0775 0.0247 0.0078 0.0025 0.0008 1.0000 1.0000 1.0000 0.7604 0.2420 0.0769 0.0245 0.0078 0.0025 0.0008 1.0000 1.0000 1.0000 0.7990 0.1246
0.3908 1.0000 1.0000 1.0000 0.0008 0.0025 0.0079 0.0247 0.0778 0.2448 0.7692 1.0000 1.0000 1.0000 0.0008 0.0025 0.0079 0.0249 0.0784 0.2462 0.7736 1.0000 1.0000 1.0000 0.0008 0.0025 0.0080 0.0251 0.0788 0.2476 0.7780 1.0000 1.0000 1.0000 0.0008 0.0026 0.0080 0.0252 0.0793 0.2490 0.7824 1.0000 1.0000 1.0000 0.0008 0.0026 0.0081 0.0253 0.0800 0.2888 0.6457 0.2888 0.0800 0.0253 0.0081 0.0026 0.0008 1.0000 1.0000 1.0000 0.7824 0.2490 0.0793 0.0252 0.0080 0.0026 0.0008 1.0000 1.0000 1.0000 0.7780 0.2476 0.0788 0.0251 0.0080 0.0025 0.0008 1.0000 1.0000 1.0000 0.7736 0.2462 0.0784 0.0249 0.0079 0.0025 0.0008 1.0000 1.0000 1.0000 0.7692 0.2448 0.0778 0.0247 0.0079 0.0025 0.0008 1.0000 1.0000 1.0000 0.3908
1.0000 1.0000 1.0000 0.0008 0.0025 0.0079 0.0249 0.0787 0.2476 0.7795 1.0000 1.0000 1.0000 0.0008 0.0026 0.0080 0.0253 0.0794 0.2495 0.7839 1.0000 1.0000 1.0000 0.0008 0.0026 0.0081 0.0254 0.0799 0.2509 0.7884 1.0000 1.0000 1.0000 0.0008 0.0026 0.0081 0.0256 0.0803 0.2524 0.7929 1.0000 1.0000 1.0000 0.0008 0.0026 0.0082 0.0257 0.0805 0.2548 0.9215 1.0000 0.9215 0.2548 0.0805 0.0257 0.0082 0.0026 0.0008 1.0000 1.0000 1.0000 0.7929 0.2524 0.0803 0.0256 0.0081 0.0026 0.0008 1.0000 1.0000 1.0000 0.7884 0.2509 0.0799 0.0254 0.0081 0.0026 0.0008 1.0000 1.0000 1.0000 0.7839 0.2495 0.0794 0.0253 0.0080 0.0026 0.0008 1.0000 1.0000 1.0000 0.7795 0.2476 0.0787 0.0249 0.0079 0.0025 0.0008 1.0000 1.0000 1.0000
1.0000 1.0000 0.0008 0.0025 0.0079 0.0249 0.0790 0.2495 0.7854 1.0000 1.0000 1.0000 0.0008 0.0026 0.0082 0.0256 0.0805 0.2528 0.7944 1.0000 1.0000 1.0000 0.0008 0.0026 0.0082 0.0258 0.0809 0.2543 0.7990 1.0000 1.0000 1.0000 0.0008 0.0026 0.0082 0.0259 0.0814 0.2557 0.8036 1.0000 1.0000 1.0000 0.0008 0.0026 0.0083 0.0261 0.0819 0.2562 0.8112 1.0000 1.0000 1.0000 0.8112 0.2562 0.0819 0.0261 0.0083 0.0026 0.0008 1.0000 1.0000 1.0000 0.8036 0.2557 0.0814 0.0259 0.0082 0.0026 0.0008 1.0000 1.0000 1.0000 0.7990 0.2543 0.0809 0.0258 0.0082 0.0026 0.0008 1.0000 1.0000 1.0000 0.7944 0.2528 0.0805 0.0256 0.0082 0.0026 0.0008 1.0000 1.0000 1.0000 0.7854 0.2495 0.0790 0.0249 0.0079 0.0025 0.0008 1.0000 1.0000
1.0000 0.0008 0.0024 0.0078 0.0247 0.0787 0.2495 0.7869 1.0000 1.0000 1.0000 0.0008 0.0026 0.0083 0.0260 0.0815 0.2562 0.8051 1.0000 1.0000 1.0000 0.0008 0.0026 0.0083 0.0261 0.0820 0.2577 0.8097 1.0000 1.0000 1.0000 0.0008 0.0027 0.0084 0.0263 0.0825 0.2592 0.8143 1.0000 1.0000 1.0000 0.0009 0.0027 0.0084 0.0264 0.0830 0.2606 0.8159 1.0000 1.0000 1.0000 1.0000 1.0000 0.8159 0.2606 0.0830 0.0264 0.0084 0.0027 0.0009 1.0000 1.0000 1.0000 0.8143 0.2592 0.0825 0.0263 0.0084 0.0027 0.0008 1.0000 1.0000 1.0000 0.8097 0.2577 0.0820 0.0261 0.0083 0.0026 0.0008 1.0000 1.0000 1.0000 0.8051 0.2562 0.0815 0.0260 0.0083 0.0026 0.0008 1.0000 1.0000 1.0000 0.7869 0.2495 0.0787 0.0247 0.0078 0.0024 0.0008 1.0000
0.0004 0.0026 0.0076 0.0245 0.0778 0.2476 0.7854 1.0000 1.0000 1.0000 0.0008 0.0027 0.0084 0.0263 0.0826 0.2597 0.8159 1.0000 1.0000 1.0000 0.0009 0.0027 0.0084 0.0265 0.0831 0.2611 0.8205 1.0000 1.0000 1.0000 0.0009 0.0027 0.0085 0.0266 0.0836 0.2626 0.8252 1.0000 1.0000 1.0000 0.0009 0.0027 0.0085 0.0268 0.0841 0.2641 0.8300 1.0000 1.0000 1.0000 1.0000 1.0000 1.0000 1.0000 0.8300 0.2641 0.0841 0.0268 0.0085 0.0027 0.0009 1.0000 1.0000 1.0000 0.8252 0.2626 0.0836 0.0266 0.0085 0.0027 0.0009 1.0000 1.0000 1.0000 0.8205 0.2611 0.0831 0.0265 0.0084 0.0027 0.0009 1.0000 1.0000 1.0000 0.8159 0.2597 0.0826 0.0263 0.0084 0.0027 0.0008 1.0000 1.0000 1.0000 0.7854 0.2476 0.0778 0.0245 0.0076 0.0026 0.0004
0.0013 0.0082 0.0239 0.0769 0.2448 0.7795 1.0000 1.0000 1.0000 0.0008 0.0027 0.0084 0.0266 0.0836 0.2631 0.8268 1.0000 1.0000 1.0000 0.0009 0.0027 0.0085 0.0268 0.0842 0.2646 0.8315 1.0000 1.0000 1.0000 0.0009 0.0027 0.0086 0.0270 0.0847 0.2662 0.8363 1.0000 1.0000 1.0000 0.0009 0.0027 0.0086 0.0271 0.0852 0.2677 0.8411 1.0000 1.0000 1.0000 0.0010 0.0023 0.0010 1.0000 1.0000 1.0000 0.8411 0.2677 0.0852 0.0271 0.0086 0.0027 0.0009 1.0000 1.0000 1.0000 0.8363 0.2662 0.0847 0.0270 0.0086 0.0027 0.0009 1.0000 1.0000 1.0000 0.8315 0.2646 0.0842 0.0268 0.0085 0.0027 0.0009 1.0000 1.0000 1.0000 0.8268 0.2631 0.0836 0.0266 0.0084 0.0027 0.0008 1.0000 1.0000 1.0000 0.7795 0.2448 0.0769 0.0239 0.0082 0.0013
0.0040 0.0259 0.0751 0.2420 0.7692 1.0000 1.0000 1.0000 0.0008 0.0027 0.0085 0.0268 0.0844 0.2657 0.8363 1.0000 1.0000 1.0000 0.0009 0.0028 0.0086 0.0272 0.0854 0.2682 0.8427 1.0000 1.0000 1.0000 0.0009 0.0028 0.0087 0.0273 0.0858 0.2697 0.8475 1.0000 1.0000 1.0000 0.0009 0.0028 0.0087 0.0275 0.0863 0.2713 0.8524 1.0000 1.0000 1.0000 0.0009 0.0032 0.0072 0.0032 0.0009 1.0000 1.0000 1.0000 0.8524 0.2713 0.0863 0.0275 0.0087 0.0028 0.0009 1.0000 1.0000 1.0000 0.8475 0.2697 0.0858 0.0273 0.0087 0.0028 0.0009 1.0000 1.0000 1.0000 0.8427 0.2682 0.0854 0.0272 0.0086 0.0028 0.0009 1.0000 1.0000 1.0000 0.8363 0.2657 0.0844 0.0268 0.0085 0.0027 0.0008 1.0000 1.0000 1.0000 0.7692 0.2420 0.0751 0.0259 0.0040
0.0127 0.0812 0.2357 0.7604 1.0000 1.0000 1.0000 0.0008 0.0027 0.0084 0.0268 0.0847 0.2677 0.8443 1.0000 1.0000 1.0000 0.0009 0.0028 0.0088 0.0275 0.0865 0.2718 0.8540 1.0000 1.0000 1.0000 0.0009 0.0028 0.0088 0.0277 0.0870 0.2733 0.8589 1.0000 1.0000 1.0000 0.0009 0.0028 0.0089 0.0278 0.0875 0.2749 0.8638 1.0000 1.0000 1.0000 0.0009 0.0028 0.0103 0.0230 0.0103 0.0028 0.0009 1.0000 1.0000 1.0000 0.8638 0.2749 0.0875 0.0278 0.0089 0.0028 0.0009 1.0000 1.0000 1.0000 0.8589 0.2733 0.0870 0.0277 0.0088 0.0028 0.0009 1.0000 1.0000 1.0000 0.8540 0.2718 0.0865 0.0275 0.0088 0.0028 0.0009 1.0000 1.0000 1.0000 0.8443 0.2677 0.0847 0.0268 0.0084 0.0027 0.0008 1.0000 1.0000 1.0000 0.7604 0.2357 0.0812 0.0127
0.0398 0.2553 0.7419 1.0000 1.0000 1.0000 0.0008 0.0026 0.0084 0.0266 0.0844 0.2677 0.8475 1.0000 1.0000 1.0000 0.0009 0.0028 0.0089 0.0279 0.0877 0.2754 0.8654 1.0000 1.0000 1.0000 0.0009 0.0028 0.0089 0.0281 0.0882 0.2770 0.8704 1.0000 1.0000 1.0000 0.0009 0.0029 0.0090 0.0282 0.0887 0.2786 0.8754 1.0000 1.0000 1.0000 0.0009 0.0029 0.0091 0.0328 0.0732 0.0328 0.0091 0.0029 0.0009 1.0000 1.0000 1.0000 0.8754 0.2786 0.0887 0.0282 0.0090 0.0029 0.0009 1.0000 1.0000 1.0000 0.8704 0.2770 0.0882 0.0281 0.0089 0.0028 0.0009 1.0000 1.0000 1.0000 0.8654 0.2754 0.0877 0.0279 0.0089 0.0028 0.0009 1.0000 1.0000 1.0000 0.8475 0.2677 0.0844 0.0266 0.0084 0.0026 0.0008 1.0000 1.0000 1.0000 0.7419 0.2553 0.0398
0.1251 0.8020 1.0000 1.0000 1.0000 0.0008 0.0026 0.0083 0.0263 0.0836 0.2657 0.8443 1.0000 1.0000 1.0000 0.0009 0.0029 0.0090 0.0283 0.0888 0.2791 0.8770 1.0000 1.0000 1.0000 0.0009 0.0029 0.0090 0.0284 0.0893 0.2807 0.8820 1.0000 1.0000 1.0000 0.0009 0.0029 0.0091 0.0286 0.0899 0.2823 0.8871 1.0000 1.0000 1.0000 0.0009 0.0029 0.0091 0.0289 0.1044 0.2330 0.1044 0.0289 0.0091 0.0029 0.0009 1.0000 1.0000 1.0000 0.8871 0.2823 0.0899 0.0286 0.0091 0.0029 0.0009 1.0000 1.0000 1.0000 0.8820 0.2807 0.0893 0.0284 0.0090 0.0029 0.0009 1.0000 1.0000 1.0000 0.8770 0.2791 0.0888 0.0283 0.0090 0.0029 0.0009 1.0000 1.0000 1.0000 0.8443 0.2657 0.0836 0.0263 0.0083 0.0026 0.0008 1.0000 1.0000 1.0000 0.8020 0.1251
0.3931 1.0000 1.0000 1.0000 0.0008 0.0026 0.0082 0.0260 0.0826 0.2631 0.8363 1.0000 1.0000 1.0000 0.0009 0.0029 0.0091 0.0285 0.0899 0.2829 0.8888 1.0000 1.0000 1.0000 0.0009 0.0029 0.0092 0.0288 0.0905 0.2845 0.8939 1.0000 1.0000 1.0000 0.0009 0.0029 0.0092 0.0290 0.0911 0.2861 0.8990 1.0000 1.0000 1.0000 0.0009 0.0030 0.0093 0.0290 0.0919 0.3325 0.7419 0.3325 0.0919 0.0290 0.0093 0.0030 0.0009 1.0000 1.0000 1.0000 0.8990 0.2861 0.0911 0.0290 0.0092 0.0029 0.0009 1.0000 1.0000 1.0000 0.8939 0.2845 0.0905 0.0288 0.0092 0.0029 0.0009 1.0000 1.0000 1.0000 0.8888 0.2829 0.0899 0.0285 0.0091 0.0029 0.0009 1.0000 1.0000 1.0000 0.8363 0.2631 0.0826 0.0260 0.0082 0.0026 0.0008 1.0000 1.0000 1.0000 0.3931
1.0000 1.0000 1.0000 0.0008 0.0025 0.0080 0.0256 0.0815 0.2597 0.8268 1.0000 1.0000 1.0000 0.0009 0.0029 0.0091 0.0288 0.0907 0.2856 0.8990 1.0000 1.0000 1.0000 0.0009 0.0030 0.0093 0.0292 0.0918 0.2883 0.9058 1.0000 1.0000 1.0000 0.0009 0.0030 0.0093 0.0294 0.0923 0.2899 0.9110 1.0000 1.0000 1.0000 0.0010 0.0030 0.0094 0.0295 0.0925 0.2927 1.0000 1.0000 1.0000 0.2927 0.0925 0.0295 0.0094 0.0030 0.0010 1.0000 1.0000 1.0000 0.9110 0.2899 0.0923 0.0294 0.0093 0.0030 0.0009 1.0000 1.0000 1.0000 0.9058 0.2883 0.0918 0.0292 0.0093 0.0030 0.0009 1.0000 1.0000 1.0000 0.8990 0.2856 0.0907 0.0288 0.0091 0.0029 0.0009 1.0000 1.0000 1.0000 0.8268 0.2597 0.0815 0.0256 0.0080 0.0025 0.0008 1.0000 1.0000 1.0000
1.0000 1.0000 0.0008 0.0025 0.0079 0.0253 0.0805 0.2562 0.8159 1.0000 1.0000 1.0000 0.0009 0.0029 0.0091 0.0288 0.0911 0.2877 0.9076 1.0000 1.0000 1.0000 0.0010 0.0030 0.0094 0.0296 0.0930 0.2922 0.9180 1.0000 1.0000 1.0000 0.0010 0.0030 0.0095 0.0298 0.0935 0.2938 0.9232 1.0000 1.0000 1.0000 0.0010 0.0030 0.0095 0.0299 0.0940 0.2944 0.9321 1.0000 1.0000 1.0000 0.9321 0.2944 0.0940 0.0299 0.0095 0.0030 0.0010 1.0000 1.0000 1.0000 0.9232 0.2938 0.0935 0.0298 0.0095 0.0030 0.0010 1.0000 1.0000 1.0000 0.9180 0.2922 0.0930 0.0296 0.0094 0.0030 0.0010 1.0000 1.0000 1.0000 0.9076 0.2877 0.0911 0.0288 0.0091 0.0029 0.0009 1.0000 1.0000 1.0000 0.8159 0.2562 0.0805 0.0253 0.0079 0.0025 0.0008 1.0000 1.0000
1.0000 0.0008 0.0024 0.0078 0.0249 0.0794 0.2528 0.8051 1.0000 1.0000 1.0000 0.0009 0.0028 0.0090 0.0285 0.0907 0.2877 0.9110 1.0000 1.0000 1.0000 0.0010 0.0030 0.0095 0.0300 0.0942 0.2961 0.9303 1.0000 1.0000 1.0000 0.0010 0.0031 0.0096 0.0302 0.0948 0.2978 0.9356 1.0000 1.0000 1.0000 0.0010 0.0031 0.0097 0.0303 0.0953 0.2995 0.9374 1.0000 1.0000 1.0000 1.0000 1.0000 0.9374 0.2995 0.0953 0.0303 0.0097 0.0031 0.0010 1.0000 1.0000 1.0000 0.9356 0.2978 0.0948 0.0302 0.0096 0.0031 0.0010 1.0000 1.0000 1.0000 0.9303 0.2961 0.0942 0.0300 0.0095 0.0030 0.0010 1.0000 1.0000 1.0000 0.9110 0.2877 0.0907 0.0285 0.0090 0.0028 0.0009 1.0000 1.0000 1.0000 0.8051 0.2528 0.0794 0.0249 0.0078 0.0024 0.0008 1.0000
0.0004 0.0026 0.0076 0.0247 0.0784 0.2495 0.7944 1.0000 1.0000 1.0000 0.0009 0.0028 0.0089 0.0283 0.0899 0.2856 0.9076 1.0000 1.0000 1.0000 0.0010 0.0031 0.0097 0.0304 0.0955 0.3000 0.9427 1.0000 1.0000 1.0000 0.0010 0.0031 0.0097 0.0306 0.0960 0.3018 0.9481 1.0000 1.0000 1.0000 0.0010 0.0031 0.0098 0.0307 0.0966 0.3035 0.9536 1.0000 1.0000 1.0000 0.0008 1.0000 1.0000 1.0000 0.9536 0.3035 0.0966 0.0307 0.0098 0.0031 0.0010 1.0000 1.0000 1.0000 0.9481 0.3018 0.0960 0.0306 0.0097 0.0031 0.0010 1.0000 1.0000 1.0000 0.9427 0.3000 0.0955 0.0304 0.0097 0.0031 0.0010 1.0000 1.0000 1.0000 0.9076 0.2856 0.0899 0.0283 0.0089 0.0028 0.0009 1.0000 1.0000 1.0000 0.7944 0.2495 0.0784 0.0247 0.0076 0.0026 0.0004
0.0013 0.0083 0.0241 0.0775 0.2462 0.7839 1.0000 1.0000 1.0000 0.0009 0.0028 0.0088 0.0279 0.0888 0.2829 0.8990 1.0000 1.0000 1.0000 0.0010 0.0031 0.0097 0.0307 0.0966 0.3041 0.9554 1.0000 1.0000 1.0000 0.0010 0.0031 0.0099 0.0310 0.0973 0.3058 0.9608 1.0000 1.0000 1.0000 0.0010 0.0032 0.0099 0.0312 0.0979 0.3075 0.9663 1.0000 1.0000 1.0000 0.0012 0.0026 0.0012 1.0000 1.0000 1.0000 0.9663 0.3075 0.0979 0.0312 0.0099 0.0032 0.0010 1.0000 1.0000 1.0000 0.9608 0.3058 0.0973 0.0310 0.0099 0.0031 0.0010 1.0000 1.0000 1.0000 0.9554 0.3041 0.0966 0.0307 0.0097 0.0031 0.0010 1.0000 1.0000 1.0000 0.8990 0.2829 0.0888 0.0279 0.0088 0.0028 0.0009 1.0000 1.0000 1.0000 0.7839 0.2462 0.0775 0.0241 0.0083 0.0013
0.0041 0.0260 0.0754 0.2434 0.7736 1.0000 1.0000 1.0000 0.0009 0.0027 0.0086 0.0275 0.0877 0.2791 0.8888 1.0000 1.0000 1.0000 0.0010 0.0031 0.0098 0.0309 0.0975 0.3070 0.9663 1.0000 1.0000 1.0000 0.0010 0.0032 0.0100 0.0314 0.0986 0.3099 0.9737 1.0000 1.0000 1.0000 0.0010 0.0032 0.0100 0.0316 0.0992 0.3117 0.9793 1.0000 1.0000 1.0000 0.0010 0.0037 0.0083 0.0037 0.0010 1.0000 1.0000 1.0000 0.9793 0.3117 0.0992 0.0316 0.0100 0.0032 0.0010 1.0000 1.0000 1.0000 0.9737 0.3099 0.0986 0.0314 0.0100 0.0032 0.0010 1.0000 1.0000 1.0000 0.9663 0.3070 0.0975 0.0309 0.0098 0.0031 0.0010 1.0000 1.0000 1.0000 0.8888 0.2791 0.0877 0.0275 0.0086 0.0027 0.0009 1.0000 1.0000 1.0000 0.7736 0.2434 0.0754 0.0260 0.0041
0.0127 0.0817 0.2375 0.7648 1.0000 1.0000 1.0000 0.0008 0.0027 0.0085 0.0272 0.0865 0.2754 0.8770 1.0000 1.0000 1.0000 0.0010 0.0031 0.0097 0.0309 0.0979 0.3093 0.9756 1.0000 1.0000 1.0000 0.0010 0.0032 0.0101 0.0318 0.0999 0.3141 0.9868 1.0000 1.0000 1.0000 0.0010 0.0032 0.0102 0.0320 0.1005 0.3158 0.9924 1.0000 1.0000 1.0000 0.0010 0.0033 0.0118 0.0264 0.0118 0.0033 0.0010 1.0000 1.0000 1.0000 0.9924 0.3158 0.1005 0.0320 0.0102 0.0032 0.0010 1.0000 1.0000 1.0000 0.9868 0.3141 0.0999 0.0318 0.0101 0.0032 0.0010 1.0000 1.0000 1.0000 0.9756 0.3093 0.0979 0.0309 0.0097 0.0031 0.0010 1.0000 1.0000 1.0000 0.8770 0.2754 0.0865 0.0272 0.0085 0.0027 0.0008 1.0000 1.0000 1.0000 0.7648 0.2375 0.0817 0.0127
0.0400 0.2567 0.7447 1.0000 1.0000 1.0000 0.0008 0.0026 0.0084 0.0268 0.0854 0.2718 0.8654 1.0000 1.0000 1.0000 0.0010 0.0030 0.0097 0.0307 0.0975 0.3093 0.9793 1.0000 1.0000 1.0000 0.0010 0.0033 0.0103 0.0322 0.1013 0.3183 1.0000 1.0000 1.0000 1.0000 0.0010 0.0033 0.0103 0.0324 0.1019 0.3201 1.0000 1.0000 1.0000 1.0000 0.0011 0.0033 0.0104 0.0377 0.0841 0.0377 0.0104 0.0033 0.0011 1.0000 1.0000 1.0000 1.0000 0.3201 0.1019 0.0324 0.0103 0.0033 0.0010 1.0000 1.0000 1.0000 1.0000 0.3183 0.1013 0.0322 0.0103 0.0033 0.0010 1.0000 1.0000 1.0000 0.9793 0.3093 0.0975 0.0307 0.0097 0.0030 0.0010 1.0000 1.0000 1.0000 0.8654 0.2718 0.0854 0.0268 0.0084 0.0026 0.0008 1.0000 1.0000 1.0000 0.7447 0.2567 0.0400
0.1258 0.8066 1.0000 1.0000 1.0000 0.0008 0.0026 0.0083 0.0265 0.0842 0.2682 0.8540 1.0000 1.0000 1.0000 0.0009 0.0030 0.0095 0.0304 0.0966 0.3070 0.9756 1.0000 1.0000 1.0000 0.0010 0.0033 0.0104 0.0327 0.1026 0.3225 1.0000 1.0000 1.0000 1.0000 0.0011 0.0033 0.0105 0.0329 0.1032 0.3244 1.0000 1.0000 1.0000 1.0000 0.0011 0.0033 0.0105 0.0332 0.1200 0.2677 0.1200 0.0332 0.0105 0.0033 0.0011 1.0000 1.0000 1.0000 1.0000 0.3244 0.1032 0.0329 0.0105 0.0033 0.0011 1.0000 1.0000 1.0000 1.0000 0.3225 0.1026 0.0327 0.0104 0.0033 0.0010 1.0000 1.0000 1.0000 0.9756 0.3070 0.0966 0.0304 0.0095 0.0030 0.0009 1.0000 1.0000 1.0000 0.8540 0.2682 0.0842 0.0265 0.0083 0.0026 0.0008 1.0000 1.0000 1.0000 0.8066 0.1258
0.3953 1.0000 1.0000 1.0000 0.0008 0.0026 0.0082 0.0261 0.0831 0.2646 0.8427 1.0000 1.0000 1.0000 0.0009 0.0030 0.0094 0.0300 0.0955 0.3041 0.9663 1.0000 1.0000 1.0000 0.0011 0.0033 0.0105 0.0330 0.1038 0.3268 1.0000 1.0000 1.0000 1.0000 0.0011 0.0034 0.0106 0.0333 0.1046 0.3287 1.0000 1.0000 1.0000 1.0000 0.0011 0.0034 0.0107 0.0334 0.1056 0.3820 0.8524 0.3820 0.1056 0.0334 0.0107 0.0034 0.0011 1.0000 1.0000 1.0000 1.0000 0.3287 0.1046 0.0333 0.0106 0.0034 0.0011 1.0000 1.0000 1.0000 1.0000 0.3268 0.1038 0.0330 0.0105 0.0033 0.0010 1.0000 1.0000 1.0000 0.9663 0.3041 0.0955 0.0300 0.0094 0.0030 0.0009 1.0000 1.0000 1.0000 0.8427 0.2646 0.0831 0.0261 0.0082 0.0026 0.0008 1.0000 1.0000 1.0000 0.3953
1.0000 1.0000 1.0000 0.0008 0.0025 0.0081 0.0258 0.0820 0.2611 0.8315 1.0000 1.0000 1.0000 0.0009 0.0029 0.0093 0.0296 0.0942 0.3000 0.9554 1.0000 1.0000 1.0000 0.0010 0.0033 0.0105 0.0332 0.1046 0.3300 1.0000 1.0000 1.0000 1.0000 0.0011 0.0034 0.0107 0.0337 0.1060 0.3331 1.0000 1.0000 1.0000 1.0000 0.0011 0.0034 0.0108 0.0339 0.1062 0.3363 1.0000 1.0000 1.0000 0.3363 0.1062 0.0339 0.0108 0.0034 0.0011 1.0000 1.0000 1.0000 1.0000 0.3331 0.1060 0.0337 0.0107 0.0034 0.0011 1.0000 1.0000 1.0000 1.0000 0.3300 0.1046 0.0332 0.0105 0.0033 0.0010 1.0000 1.0000 1.0000 0.9554 0.3000 0.0942 0.0296 0.0093 0.0029 0.0009 1.0000 1.0000 1.0000 0.8315 0.2611 0.0820 0.0258 0.0081 0.0025 0.0008 1.0000 1.0000 1.0000
1.0000 1.0000 0.0008 0.0025 0.0080 0.0254 0.0809 0.2577 0.8205 1.0000 1.0000 1.0000 0.0009 0.0029 0.0092 0.0292 0.0930 0.2961 0.9427 1.0000 1.0000 1.0000 0.0010 0.0033 0.0105 0.0332 0.1050 0.3319 1.0000 1.0000 1.0000 1.0000 0.0011 0.0035 0.0109 0.0342 0.1074 0.3376 1.0000 1.0000 1.0000 1.0000 0.0011 0.0035 0.0109 0.0344 0.1081 0.3382 1.0000 1.0000 1.0000 1.0000 1.0000 0.3382 0.1081 0.0344 0.0109 0.0035 0.0011 1.0000 1.0000 1.0000 1.0000 0.3376 0.1074 0.0342 0.0109 0.0035 0.0011 1.0000 1.0000 1.0000 1.0000 0.3319 0.1050 0.0332 0.0105 0.0033 0.0010 1.0000 1.0000 1.0000 0.9427 0.2961 0.0930 0.0292 0.0092 0.0029 0.0009 1.0000 1.0000 1.0000 0.8205 0.2577 0.0809 0.0254 0.0080 0.0025 0.0008 1.0000 1.0000
1.0000 0.0008 0.0024 0.0079 0.0251 0.0799 0.2543 0.8097 1.0000 1.0000 1.0000 0.0009 0.0028 0.0090 0.0288 0.0918 0.2922 0.9303 1.0000 1.0000 1.0000 0.0010 0.0033 0.0104 0.0330 0.1046 0.3319 1.0000 1.0000 1.0000 1.0000 0.0011 0.0035 0.0110 0.0347 0.1089 0.3421 1.0000 1.0000 1.0000 1.0000 0.0011 0.0035 0.0111 0.0349 0.1095 0.3441 1.0000 1.0000 1.0000 1.0000 1.0000 1.0000 1.0000 0.3441 0.1095 0.0349 0.0111 0.0035 0.0011 1.0000 1.0000 1.0000 1.0000 0.3421 0.1089 0.0347 0.0110 0.0035 0.0011 1.0000 1.0000 1.0000 1.0000 0.3319 0.1046 0.0330 0.0104 0.0033 0.0010 1.0000 1.0000 1.0000 0.9303 0.2922 0.0918 0.0288 0.0090 0.0028 0.0009 1.0000 1.0000 1.0000 0.8097 0.2543 0.0799 0.0251 0.0079 0.0024 0.0008 1.0000
0.0004 0.0026 0.0077 0.0248 0.0788 0.2509 0.7990 1.0000 1.0000 1.0000 0.0009 0.0028 0.0089 0.0284 0.0905 0.2883 0.9180 1.0000 1.0000 1.0000 0.0010 0.0032 0.0103 0.0327 0.1038 0.3300 1.0000 1.0000 1.0000 1.0000 0.0011 0.0035 0.0112 0.0351 0.1103 0.3467 1.0000 1.0000 1.0000 1.0000 0.0011 0.0036 0.0112 0.0353 0.1110 0.3487 1.0000 1.0000 1.0000 1.0000 0.0009 1.0000 1.0000 1.0000 1.0000 0.3487 0.1110 0.0353 0.0112 0.0036 0.0011 1.0000 1.0000 1.0000 1.0000 0.3467 0.1103 0.0351 0.0112 0.0035 0.0011 1.0000 1.0000 1.0000 1.0000 0.3300 0.1038 0.0327 0.0103 0.0032 0.0010 1.0000 1.0000 1.0000 0.9180 0.2883 0.0905 0.0284 0.0089 0.0028 0.0009 1.0000 1.0000 1.0000 0.7990 0.2509 0.0788 0.0248 0.0077 0.0026 0.0004
0.0013 0.0083 0.0241 0.0779 0.2476 0.7884 1.0000 1.0000 1.0000 0.0009 0.0028 0.0088 0.0281 0.0893 0.2845 0.9058 1.0000 1.0000 1.0000 0.0010 0.0032 0.0101 0.0322 0.1026 0.3268 1.0000 1.0000 1.0000 1.0000 0.0011 0.0036 0.0112 0.0355 0.1116 0.3513 1.0000 1.0000 1.0000 1.0000 0.0012 0.0036 0.0114 0.0358 0.1125 0.3534 1.0000 1.0000 1.0000 1.0000 0.0013 0.0030 0.0013 1.0000 1.0000 1.0000 1.0000 0.3534 0.1125 0.0358 0.0114 0.0036 0.0012 1.0000 1.0000 1.0000 1.0000 0.3513 0.1116 0.0355 0.0112 0.0036 0.0011 1.0000 1.0000 1.0000 1.0000 0.3268 0.1026 0.0322 0.0101 0.0032 0.0010 1.0000 1.0000 1.0000 0.9058 0.2845 0.0893 0.0281 0.0088 0.0028 0.0009 1.0000 1.0000 1.0000 0.7884 0.2476 0.0779 0.0241 0.0083 0.0013
0.0041 0.0262 0.0760 0.2448 0.7780 1.0000 1.0000 1.0000 0.0009 0.0027 0.0087 0.0277 0.0882 0.2807 0.8939 1.0000 1.0000 1.0000 0.0010 0.0031 0.0100 0.0318 0.1013 0.3225 1.0000 1.0000 1.0000 1.0000 0.0011 0.0036 0.0113 0.0357 0.1125 0.3547 1.0000 1.0000 1.0000 1.0000 0.0012 0.0037 0.0115 0.0363 0.1140 0.3581 1.0000 1.0000 1.0000 1.0000 0.0012 0.0043 0.0095 0.0043 0.0012 1.0000 1.0000 1.0000 1.0000 0.3581 0.1140 0.0363 0.0115 0.0037 0.0012 1.0000 1.0000 1.0000 1.0000 0.3547 0.1125 0.0357 0.0113 0.0036 0.0011 1.0000 1.0000 1.0000 1.0000 0.3225 0.1013 0.0318 0.0100 0.0031 0.0010 1.0000 1.0000 1.0000 0.8939 0.2807 0.0882 0.0277 0.0087 0.0027 0.0009 1.0000 1.0000 1.0000 0.7780 0.2448 0.0760 0.0262 0.0041
0.0128 0.0822 0.2384 0.7692 1.0000 1.0000 1.0000 0.0008 0.0027 0.0086 0.0273 0.0870 0.2770 0.8820 1.0000 1.0000 1.0000 0.0010 0.0031 0.0099 0.0314 0.0999 0.3183 1.0000 1.0000 1.0000 1.0000 0.0011 0.0035 0.0112 0.0357 0.1129 0.3567 1.0000 1.0000 1.0000 1.0000 0.0012 0.0037 0.0117 0.0368 0.1155 0.3629 1.0000 1.0000 1.0000 1.0000 0.0012 0.0038 0.0136 0.0303 0.0136 0.0038 0.0012 1.0000 1.0000 1.0000 1.0000 0.3629 0.1155 0.0368 0.0117 0.0037 0.0012 1.0000 1.0000 1.0000 1.0000 0.3567 0.1129 0.0357 0.0112 0.0035 0.0011 1.0000 1.0000 1.0000 1.0000 0.3183 0.0999 0.0314 0.0099 0.0031 0.0010 1.0000 1.0000 1.0000 0.8820 0.2770 0.0870 0.0273 0.0086 0.0027 0.0008 1.0000 1.0000 1.0000 0.7692 0.2384 0.0822 0.0128
0.0403 0.2582 0.7504 1.0000 1.0000 1.0000 0.0008 0.0027 0.0085 0.0270 0.0858 0.2733 0.8704 1.0000 1.0000 1.0000 0.0010 0.0031 0.0097 0.0310 0.0986 0.3141 1.0000 1.0000 1.0000 1.0000 0.0011 0.0035 0.0112 0.0355 0.1125 0.3567 1.0000 1.0000 1.0000 1.0000 0.0012 0.0038 0.0119 0.0372 0.1170 0.3678 1.0000 1.0000 1.0000 1.0000 0.0012 0.0038 0.0120 0.0433 0.0966 0.0433 0.0120 0.0038 0.0012 1.0000 1.0000 1.0000 1.0000 0.3678 0.1170 0.0372 0.0119 0.0038 0.0012 1.0000 1.0000 1.0000 1.0000 0.3567 0.1125 0.0355 0.0112 0.0035 0.0011 1.0000 1.0000 1.0000 1.0000 0.3141 0.0986 0.0310 0.0097 0.0031 0.0010 1.0000 1.0000 1.0000 0.8704 0.2733 0.0858 0.0270 0.0085 0.0027 0.0008 1.0000 1.0000 1.0000 0.7504 0.2582 0.0403
0.1265 0.8112 1.0000 1.0000 1.0000 0.0008 0.0026 0.0084 0.0266 0.0847 0.2697 0.8589 1.0000 1.0000 1.0000 0.0009 0.0030 0.0096 0.0306 0.0973 0.3099 0.9868 1.0000 1.0000 1.0000 0.0011 0.0035 0.0110 0.0351 0.1116 0.3547 1.0000 1.0000 1.0000 1.0000 0.0012 0.0038 0.0120 0.0377 0.1186 0.3727 1.0000 1.0000 1.0000 1.0000 0.0012 0.0038 0.0120 0.0381 0.1378 0.3075 0.1378 0.0381 0.0120 0.0038 0.0012 1.0000 1.0000 1.0000 1.0000 0.3727 0.1186 0.0377 0.0120 0.0038 0.0012 1.0000 1.0000 1.0000 1.0000 0.3547 0.1116 0.0351 0.0110 0.0035 0.0011 1.0000 1.0000 1.0000 0.9868 0.3099 0.0973 0.0306 0.0096 0.0030 0.0009 1.0000 1.0000 1.0000 0.8589 0.2697 0.0847 0.0266 0.0084 0.0026 0.0008 1.0000 1.0000 1.0000 0.8112 0.1265
0.3976 1.0000 1.0000 1.0000 0.0008 0.0026 0.0082 0.0263 0.0836 0.2662 0.8475 1.0000 1.0000 1.0000 0.0009 0.0030 0.0095 0.0302 0.0960 0.3058 0.9737 1.0000 1.0000 1.0000 0.0011 0.0034 0.0109 0.0347 0.1103 0.3513 1.0000 1.0000 1.0000 1.0000 0.0012 0.0038 0.0121 0.0381 0.1200 0.3777 1.0000 1.0000 1.0000 1.0000 0.0012 0.0039 0.0122 0.0383 0.1213 0.4389 0.9793 0.4389 0.1213 0.0383 0.0122 0.0039 0.0012 1.0000 1.0000 1.0000 1.0000 0.3777 0.1200 0.0381 0.0121 0.0038 0.0012 1.0000 1.0000 1.0000 1.0000 0.3513 0.1103 0.0347 0.0109 0.0034 0.0011 1.0000 1.0000 1.0000 0.9737 0.3058 0.0960 0.0302 0.0095 0.0030 0.0009 1.0000 1.0000 1.0000 0.8475 0.2662 0.0836 0.0263 0.0082 0.0026 0.0008 1.0000 1.0000 1.0000 0.3976
1.0000 1.0000 1.0000 0.0008 0.0026 0.0081 0.0259 0.0825 0.2626 0.8363 1.0000 1.0000 1.0000 0.0009 0.0029 0.0093 0.0298 0.0948 0.3018 0.9608 1.0000 1.0000 1.0000 0.0011 0.0034 0.0107 0.0342 0.1089 0.3467 1.0000 1.0000 1.0000 1.0000 0.0012 0.0038 0.0121 0.0383 0.1209 0.3813 1.0000 1.0000 1.0000 1.0000 0.0013 0.0039 0.0124 0.0390 0.1220 0.3864 1.0000 1.0000 1.0000 0.3864 0.1220 0.0390 0.0124 0.0039 0.0013 1.0000 1.0000 1.0000 1.0000 0.3813 0.1209 0.0383 0.0121 0.0038 0.0012 1.0000 1.0000 1.0000 1.0000 0.3467 0.1089 0.0342 0.0107 0.0034 0.0011 1.0000 1.0000 1.0000 0.9608 0.3018 0.0948 0.0298 0.0093 0.0029 0.0009 1.0000 1.0000 1.0000 0.8363 0.2626 0.0825 0.0259 0.0081 0.0026 0.0008 1.0000 1.0000 1.0000
1.0000 1.0000 0.0008 0.0025 0.0080 0.0256 0.0814 0.2592 0.8252 1.0000 1.0000 1.0000 0.0009 0.0029 0.0092 0.0294 0.0935 0.2978 0.9481 1.0000 1.0000 1.0000 0.0010 0.0033 0.0106 0.0337 0.1074 0.3421 1.0000 1.0000 1.0000 1.0000 0.0012 0.0038 0.0121 0.0383 0.1213 0.3835 1.0000 1.0000 1.0000 1.0000 0.0013 0.0040 0.0126 0.0395 0.1241 0.3886 1.0000 1.0000 1.0000 1.0000 1.0000 0.3886 0.1241 0.0395 0.0126 0.0040 0.0013 1.0000 1.0000 1.0000 1.0000 0.3835 0.1213 0.0383 0.0121 0.0038 0.0012 1.0000 1.0000 1.0000 1.0000 0.3421 0.1074 0.0337 0.0106 0.0033 0.0010 1.0000 1.0000 1.0000 0.9481 0.2978 0.0935 0.0294 0.0092 0.0029 0.0009 1.0000 1.0000 1.0000 0.8252 0.2592 0.0814 0.0256 0.0080 0.0025 0.0008 1.0000 1.0000
1.0000 0.0008 0.0025 0.0079 0.0252 0.0803 0.2557 0.8143 1.0000 1.0000 1.0000 0.0009 0.0029 0.0091 0.0290 0.0923 0.2938 0.9356 1.0000 1.0000 1.0000 0.0010 0.0033 0.0105 0.0333 0.1060 0.3376 1.0000 1.0000 1.0000 1.0000 0.0012 0.0038 0.0120 0.0381 0.1209 0.3835 1.0000 1.0000 1.0000 1.0000 0.0013 0.0041 0.0127 0.0400 0.1258 0.3953 1.0000 1.0000 1.0000 1.0000 1.0000 1.0000 1.0000 0.3953 0.1258 0.0400 0.0127 0.0041 0.0013 1.0000 1.0000 1.0000 1.0000 0.3835 0.1209 0.0381 0.0120 0.0038 0.0012 1.0000 1.0000 1.0000 1.0000 0.3376 0.1060 0.0333 0.0105 0.0033 0.0010 1.0000 1.0000 1.0000 0.9356 0.2938 0.0923 0.0290 0.0091 0.0029 0.0009 1.0000 1.0000 1.0000 0.8143 0.2557 0.0803 0.0252 0.0079 0.0025 0.0008 1.0000
0.0004 0.0027 0.0077 0.0249 0.0793 0.2524 0.8036 1.0000 1.0000 1.0000 0.0009 0.0028 0.0090 0.0286 0.0911 0.2899 0.9232 1.0000 1.0000 1.0000 0.0010 0.0032 0.0103 0.0329 0.1046 0.3331 1.0000 1.0000 1.0000 1.0000 0.0012 0.0037 0.0119 0.0377 0.1200 0.3813 1.0000 1.0000 1.0000 1.0000 0.0013 0.0041 0.0129 0.0406 0.1275 0.4006 1.0000 1.0000 1.0000 1.0000 0.0011 1.0000 1.0000 1.0000 1.0000 0.4006 0.1275 0.0406 0.0129 0.0041 0.0013 1.0000 1.0000 1.0000 1.0000 0.3813 0.1200 0.0377 0.0119 0.0037 0.0012 1.0000 1.0000 1.0000 1.0000 0.3331 0.1046 0.0329 0.0103 0.0032 0.0010 1.0000 1.0000 1.0000 0.9232 0.2899 0.0911 0.0286 0.0090 0.0028 0.0009 1.0000 1.0000 1.0000 0.8036 0.2524 0.0793 0.0249 0.0077 0.0027 0.0004
0.0013 0.0084 0.0243 0.0784 0.2490 0.7929 1.0000 1.0000 1.0000 0.0009 0.0028 0.0089 0.0282 0.0899 0.2861 0.9110 1.0000 1.0000 1.0000 0.0010 0.0032 0.0102 0.0324 0.1032 0.3287 1.0000 1.0000 1.0000 1.0000 0.0012 0.0037 0.0117 0.0372 0.1186 0.3777 1.0000 1.0000 1.0000 1.0000 0.0013 0.0041 0.0130 0.0410 0.1290 0.4060 1.0000 1.0000 1.0000 1.0000 0.0015 0.0034 0.0015 1.0000 1.0000 1.0000 1.0000 0.4060 0.1290 0.0410 0.0130 0.0041 0.0013 1.0000 1.0000 1.0000 1.0000 0.3777 0.1186 0.0372 0.0117 0.0037 0.0012 1.0000 1.0000 1.0000 1.0000 0.3287 0.1032 0.0324 0.0102 0.0032 0.0010 1.0000 1.0000 1.0000 0.9110 0.2861 0.0899 0.0282 0.0089 0.0028 0.0009 1.0000 1.0000 1.0000 0.7929 0.2490 0.0784 0.0243 0.0084 0.0013
0.0041 0.0263 0.0763 0.2462 0.7824 1.0000 1.0000 1.0000 0.0009 0.0027 0.0087 0.0278 0.0887 0.2823 0.8990 1.0000 1.0000 1.0000 0.0010 0.0032 0.0100 0.0320 0.1019 0.3244 1.0000 1.0000 1.0000 1.0000 0.0011 0.0036 0.0115 0.0368 0.1170 0.3727 1.0000 1.0000 1.0000 1.0000 0.0013 0.0041 0.0130 0.0412 0.1299 0.4099 1.0000 1.0000 1.0000 1.0000 0.0014 0.0049 0.0109 0.0049 0.0014 1.0000 1.0000 1.0000 1.0000 0.4099 0.1299 0.0412 0.0130 0.0041 0.0013 1.0000 1.0000 1.0000 1.0000 0.3727 0.1170 0.0368 0.0115 0.0036 0.0011 1.0000 1.0000 1.0000 1.0000 0.3244 0.1019 0.0320 0.0100 0.0032 0.0010 1.0000 1.0000 1.0000 0.8990 0.2823 0.0887 0.0278 0.0087 0.0027 0.0009 1.0000 1.0000 1.0000 0.7824 0.2462 0.0763 0.0263 0.0041
0.0129 0.0826 0.2402 0.7736 1.0000 1.0000 1.0000 0.0009 0.0027 0.0086 0.0275 0.0875 0.2786 0.8871 1.0000 1.0000 1.0000 0.0010 0.0031 0.0099 0.0316 0.1005 0.3201 1.0000 1.0000 1.0000 1.0000 0.0011 0.0036 0.0114 0.0363 0.1155 0.3678 1.0000 1.0000 1.0000 1.0000 0.0013 0.0041 0.0130 0.0412 0.1304 0.4122 1.0000 1.0000 1.0000 1.0000 0.0014 0.0043 0.0156 0.0349 0.0156 0.0043 0.0014 1.0000 1.0000 1.0000 1.0000 0.4122 0.1304 0.0412 0.0130 0.0041 0.0013 1.0000 1.0000 1.0000 1.0000 0.3678 0.1155 0.0363 0.0114 0.0036 0.0011 1.0000 1.0000 1.0000 1.0000 0.3201 0.1005 0.0316 0.0099 0.0031 0.0010 1.0000 1.0000 1.0000 0.8871 0.2786 0.0875 0.0275 0.0086 0.0027 0.0009 1.0000 1.0000 1.0000 0.7736 0.2402 0.0826 0.0129
0.0405 0.2597 0.7532 1.0000 1.0000 1.0000 0.0008 0.0027 0.0085 0.0271 0.0863 0.2749 0.8754 1.0000 1.0000 1.0000 0.0010 0.0031 0.0098 0.0312 0.0992 0.3158 1.0000 1.0000 1.0000 1.0000 0.0011 0.0035 0.0112 0.0358 0.1140 0.3629 1.0000 1.0000 1.0000 1.0000 0.0013 0.0041 0.0129 0.0410 0.1299 0.4122 1.0000 1.0000 1.0000 1.0000 0.0014 0.0043 0.0137 0.0497 0.1110 0.0497 0.0137 0.0043 0.0014 1.0000 1.0000 1.0000 1.0000 0.4122 0.1299 0.0410 0.0129 0.0041 0.0013 1.0000 1.0000 1.0000 1.0000 0.3629 0.1140 0.0358 0.0112 0.0035 0.0011 1.0000 1.0000 1.0000 1.0000 0.3158 0.0992 0.0312 0.0098 0.0031 0.0010 1.0000 1.0000 1.0000 0.8754 0.2749 0.0863 0.0271 0.0085 0.0027 0.0008 1.0000 1.0000 1.0000 0.7532 0.2597 0.0405
0.1273 0.8159 1.0000 1.0000 1.0000 0.0008 0.0026 0.0084 0.0268 0.0852 0.2713 0.8638 1.0000 1.0000 1.0000 0.0010 0.0030 0.0097 0.0307 0.0979 0.3117 0.9924 1.0000 1.0000 1.0000 0.0011 0.0035 0.0111 0.0353 0.1125 0.3581 1.0000 1.0000 1.0000 1.0000 0.0013 0.0040 0.0127 0.0406 0.1290 0.4099 1.0000 1.0000 1.0000 1.0000 0.0014 0.0044 0.0138 0.0437 0.1584 0.3527 0.1584 0.0437 0.0138 0.0044 0.0014 1.0000 1.0000 1.0000 1.0000 0.4099 0.1290 0.0406 0.0127 0.0040 0.0013 1.0000 1.0000 1.0000 1.0000 0.3581 0.1125 0.0353 0.0111 0.0035 0.0011 1.0000 1.0000 1.0000 0.9924 0.3117 0.0979 0.0307 0.0097 0.0030 0.0010 1.0000 1.0000 1.0000 0.8638 0.2713 0.0852 0.0268 0.0084 0.0026 0.0008 1.0000 1.0000 1.0000 0.8159 0.1273
0.3998 1.0000 1.0000 1.0000 0.0008 0.0026 0.0083 0.0264 0.0841 0.2677 0.8524 1.0000 1.0000 1.0000 0.0009 0.0030 0.0095 0.0303 0.0966 0.3075 0.9793 1.0000 1.0000 1.0000 0.0011 0.0034 0.0109 0.0349 0.1110 0.3534 1.0000 1.0000 1.0000 1.0000 0.0012 0.0039 0.0126 0.0400 0.1275 0.4060 1.0000 1.0000 1.0000 1.0000 0.0014 0.0044 0.0140 0.0438 0.1389 0.5033 1.0000 0.5033 0.1389 0.0438 0.0140 0.0044 0.0014 1.0000 1.0000 1.0000 1.0000 0.4060 0.1275 0.0400 0.0126 0.0039 0.0012 1.0000 1.0000 1.0000 1.0000 0.3534 0.1110 0.0349 0.0109 0.0034 0.0011 1.0000 1.0000 1.0000 0.9793 0.3075 0.0966 0.0303 0.0095 0.0030 0.0009 1.0000 1.0000 1.0000 0.8524 0.2677 0.0841 0.0264 0.0083 0.0026 0.0008 1.0000 1.0000 1.0000 0.3998
1.0000 1.0000 1.0000 0.0008 0.0026 0.0082 0.0261 0.0830 0.2641 0.8411 1.0000 1.0000 1.0000 0.0009 0.0030 0.0094 0.0299 0.0953 0.3035 0.9663 1.0000 1.0000 1.0000 0.0011 0.0034 0.0108 0.0344 0.1095 0.3487 1.0000 1.0000 1.0000 1.0000 0.0012 0.0039 0.0124 0.0395 0.1258 0.4006 1.0000 1.0000 1.0000 1.0000 0.0014 0.0044 0.0140 0.0443 0.1392 0.4414 1.0000 1.0000 1.0000 0.4406 0.1394 0.0443 0.0140 0.0044 0.0014 1.0000 1.0000 1.0000 1.0000 0.4006 0.1258 0.0395 0.0124 0.0039 0.0012 1.0000 1.0000 1.0000 1.0000 0.3487 0.1095 0.0344 0.0108 0.0034 0.0011 1.0000 1.0000 1.0000 0.9663 0.3035 0.0953 0.0299 0.0094 0.0030 0.0009 1.0000 1.0000 1.0000 0.8411 0.2641 0.0830 0.0261 0.0082 0.0026 0.0008 1.0000 1.0000 1.0000
1.0000 1.0000 0.0008 0.0025 0.0081 0.0257 0.0819 0.2606 0.8300 1.0000 1.0000 1.0000 0.0009 0.0029 0.0093 0.0295 0.0940 0.2995 0.9536 1.0000 1.0000 1.0000 0.0011 0.0033 0.0107 0.0339 0.1081 0.3441 1.0000 1.0000 1.0000 1.0000 0.0012 0.0038 0.0122 0.0390 0.1241 0.3953 1.0000 1.0000 1.0000 1.0000 0.0014 0.0044 0.0140 0.0443 0.1402 0.4406 1.0000 1.0000 1.0000 1.0000 1.0000 0.4406 0.1405 0.0443 0.0140 0.0044 0.0014 1.0000 1.0000 1.0000 1.0000 0.3953 0.1241 0.0390 0.0122 0.0038 0.0012 1.0000 1.0000 1.0000 1.0000 0.3441 0.1081 0.0339 0.0107 0.0033 0.0011 1.0000 1.0000 1.0000 0.9536 0.2995 0.0940 0.0295 0.0093 0.0029 0.0009 1.0000 1.0000 1.0000 0.8300 0.2606 0.0819 0.0257 0.0081 0.0025 0.0008 1.0000 1.0000
1.0000 0.0009 0.0025 0.0080 0.0254 0.0808 0.2572 0.8190 1.0000 1.0000 1.0000 0.0009 0.0029 0.0092 0.0291 0.0928 0.2955 0.9410 1.0000 1.0000 1.0000 0.0010 0.0033 0.0105 0.0335 0.1066 0.3395 1.0000 1.0000 1.0000 1.0000 0.0012 0.0038 0.0121 0.0385 0.1225 0.3901 1.0000 1.0000 1.0000 1.0000 0.0014 0.0044 0.0139 0.0440 0.1400 0.4431 1.0000 1.0000 1.0000 1.0000 1.0000 1.0000 1.0000 0.4406 0.1392 0.0438 0.0138 0.0043 0.0014 1.0000 1.0000 1.0000 1.0000 0.3886 0.1220 0.0383 0.0120 0.0038 0.0012 1.0000 1.0000 1.0000 1.0000 0.3382 0.1062 0.0334 0.0105 0.0033 0.0010 1.0000 1.0000 1.0000 0.9374 0.2944 0.0925 0.0290 0.0091 0.0029 0.0009 1.0000 1.0000 1.0000 0.8159 0.2562 0.0805 0.0253 0.0080 0.0025 0.0008 1.0000
0.0004 0.0027 0.0078 0.0251 0.0797 0.2538 0.8082 1.0000 1.0000 1.0000 0.0009 0.0028 0.0090 0.0288 0.0916 0.2916 0.9285 1.0000 1.0000 1.0000 0.0010 0.0033 0.0104 0.0330 0.1052 0.3350 1.0000 1.0000 1.0000 1.0000 0.0012 0.0037 0.0119 0.0380 0.1209 0.3849 1.0000 1.0000 1.0000 1.0000 0.0014 0.0043 0.0137 0.0436 0.1386 0.4406 1.0000 1.0000 1.0000 1.0000 0.0012 1.0000 1.0000 1.0000 1.0000 0.4414 0.1389 0.0437 0.0137 0.0043 0.0014 1.0000 1.0000 1.0000 1.0000 0.3864 0.1213 0.0381 0.0120 0.0038 0.0012 1.0000 1.0000 1.0000 1.0000 0.3363 0.1056 0.0332 0.0104 0.0033 0.0010 1.0000 1.0000 1.0000 0.9321 0.2927 0.0919 0.0289 0.0091 0.0028 0.0009 1.0000 1.0000 1.0000 0.8112 0.2548 0.0800 0.0251 0.0078 0.0027 0.0004
0.0013 0.0084 0.0245 0.0788 0.2504 0.7975 1.0000 1.0000 1.0000 0.0009 0.0028 0.0089 0.0284 0.0904 0.2877 0.9162 1.0000 1.0000 1.0000 0.0010 0.0032 0.0102 0.0326 0.1038 0.3306 1.0000 1.0000 1.0000 1.0000 0.0012 0.0037 0.0118 0.0375 0.1193 0.3798 1.0000 1.0000 1.0000 1.0000 0.0013 0.0042 0.0135 0.0430 0.1371 0.4364 1.0000 1.0000 1.0000 1.0000 0.0017 0.0041 0.0021 1.0000 1.0000 1.0000 1.0000 0.5033 0.1584 0.0497 0.0156 0.0049 0.0015 1.0000 1.0000 1.0000 1.0000 0.4389 0.1378 0.0433 0.0136 0.0043 0.0013 1.0000 1.0000 1.0000 1.0000 0.3820 0.1200 0.0377 0.0118 0.0037 0.0012 1.0000 1.0000 1.0000 1.0000 0.3325 0.1044 0.0328 0.0103 0.0032 0.0010 1.0000 1.0000 1.0000 0.9215 0.2888 0.0911 0.0283 0.0098 0.0015
0.0041 0.0265 0.0767 0.2476 0.7869 1.0000 1.0000 1.0000 0.0009 0.0028 0.0088 0.0280 0.0892 0.2839 0.9041 1.0000 1.0000 1.0000 0.0010 0.0032 0.0101 0.0322 0.1025 0.3262 1.0000 1.0000 1.0000 1.0000 0.0011 0.0036 0.0116 0.0370 0.1177 0.3748 1.0000 1.0000 1.0000 1.0000 0.0013 0.0042 0.0133 0.0425 0.1352 0.4306 1.0000 1.0000 1.0000 1.0000 0.0015 0.0062 0.0116 0.0029 0.0012 1.0000 1.0000 1.0000 1.0000 0.3527 0.1110 0.0349 0.0109 0.0034 0.0011 1.0000 1.0000 1.0000 0.9793 0.3075 0.0966 0.0303 0.0095 0.0030 0.0009 1.0000 1.0000 1.0000 0.8524 0.2677 0.0841 0.0264 0.0083 0.0026 0.0008 1.0000 1.0000 1.0000 0.7419 0.2330 0.0732 0.0230 0.0072 0.0023 1.0000 1.0000 1.0000 1.0000 0.6457 0.2036 0.0634 0.0221 0.0036
0.0130 0.0831 0.2416 0.7780 1.0000 1.0000 1.0000 0.0009 0.0027 0.0087 0.0276 0.0880 0.2802 0.8922 1.0000 1.0000 1.0000 0.0010 0.0031 0.0100 0.0317 0.1011 0.3219 1.0000 1.0000 1.0000 1.0000 0.0011 0.0036 0.0115 0.0365 0.1162 0.3699 1.0000 1.0000 1.0000 1.0000 0.0013 0.0041 0.0132 0.0419 0.1335 0.4249 1.0000 1.0000 1.0000 1.0000 0.0015 0.0050 0.0188 0.0061 0.0004 1.0000 1.0000 1.0000 1.0000 0.5033 0.1581 0.0497 0.0156 0.0049 0.0015 1.0000 1.0000 1.0000 1.0000 0.4389 0.1378 0.0433 0.0136 0.0043 0.0013 1.0000 1.0000 1.0000 1.0000 0.3820 0.1200 0.0377 0.0118 0.0037 0.0012 1.0000 1.0000 1.0000 1.0000 0.3325 0.1044 0.0328 0.0103 0.0032 0.0010 1.0000 1.0000 1.0000 0.9215 0.2888 0.0911 0.0283 0.0098 0.0015
0.0406 0.2597 0.7547 1.0000 1.0000 1.0000 0.0008 0.0027 0.0085 0.0272 0.0865 0.2754 0.8770 1.0000 1.0000 1.0000 0.0010 0.0031 0.0098 0.0312 0.0994 0.3164 1.0000 1.0000 1.0000 1.0000 0.0011 0.0035 0.0113 0.0359 0.1142 0.3636 1.0000 1.0000 1.0000 1.0000 0.0013 0.0041 0.0129 0.0412 0.1312 0.4177 1.0000 1.0000 1.0000 1.0000 0.0015 0.0046 0.0154 0.0496 0.0653 1.0000 1.0000 1.0000 1.0000 0.4397 0.1389 0.0438 0.0137 0.0043 0.0014 1.0000 1.0000 1.0000 1.0000 0.3864 0.1213 0.0381 0.0120 0.0038 0.0012 1.0000 1.0000 1.0000 1.0000 0.3363 0.1056 0.0332 0.0104 0.0033 0.0010 1.0000 1.0000 1.0000 0.9321 0.2927 0.0919 0.0289 0.0091 0.0028 0.0009 1.0000 1.0000 1.0000 0.8112 0.2548 0.0800 0.0251 0.0078 0.0027 0.0004
0.1297 0.8237 1.0000 1.0000 1.0000 0.0008 0.0027 0.0085 0.0270 0.0860 0.2739 0.8720 1.0000 1.0000 1.0000 0.0010 0.0031 0.0097 0.0310 0.0988 0.3146 1.0000 1.0000 1.0000 1.0000 0.0011 0.0035 0.0112 0.0357 0.1135 0.3615 1.0000 1.0000 1.0000 1.0000 0.0013 0.0040 0.0129 0.0410 0.1304 0.4153 1.0000 1.0000 1.0000 1.0000 0.0015 0.0046 0.0148 0.0482 0.1484 0.2667 1.0000 1.0000 1.0000 0.4339 0.1389 0.0440 0.0138 0.0043 0.0014 1.0000 1.0000 1.0000 1.0000 0.3886 0.1220 0.0383 0.0120 0.0038 0.0012 1.0000 1.0000 1.0000 1.0000 0.3382 0.1062 0.0334 0.0105 0.0033 0.0010 1.0000 1.0000 1.0000 0.9374 0.2944 0.0925 0.0290 0.0091 0.0029 0.0009 1.0000 1.0000 1.0000 0.8159 0.2562 0.0805 0.0253 0.0080 0.0025 0.0008 1.0000
0.4691 1.0000 1.0000 1.0000 0.0010 0.0030 0.0096 0.0307 0.0977 0.3111 0.9905 1.0000 1.0000 1.0000 0.0011 0.0035 0.0111 0.0353 0.1122 0.3574 1.0000 1.0000 1.0000 1.0000 0.0013 0.0040 0.0127 0.0405 0.1290 0.4106 1.0000 1.0000 1.0000 1.0000 0.0014 0.0046 0.0146 0.0465 0.1482 0.4718 1.0000 1.0000 1.0000 1.0000 0.0017 0.0053 0.0169 0.0538 0.1722 0.5380 1.0000 1.0000 1.0000 0.4298 0.1397 0.0444 0.0140 0.0044 0.0014 1.0000 1.0000 1.0000 1.0000 0.3953 0.1241 0.0390 0.0122 0.0038 0.0012 1.0000 1.0000 1.0000 1.0000 0.3441 0.1081 0.0339 0.0107 0.0033 0.0011 1.0000 1.0000 1.0000 0.9536 0.2995 0.0940 0.0295 0.0093 0.0029 0.0009 1.0000 1.0000 1.0000 0.8300 0.2606 0.0819 0.0257 0.0081 0.0025 0.0008 1.0000 1.0000
1.0000 1.0000 1.0000 1.0000 0.0021 0.0067 0.0215 0.0683 0.2176 0.6928 1.0000 1.0000 1.0000 1.0000 0.0024 0.0077 0.0247 0.0785 0.2500 0.7960 1.0000 1.0000 1.0000 0.0009 0.0028 0.0089 0.0283 0.0902 0.2872 0.9145 1.0000 1.0000 1.0000 0.0010 0.0032 0.0102 0.0325 0.1036 0.3293 1.0000 1.0000 1.0000 1.0000 0.0011 0.0036 0.0116 0.0367 0.1162 0.3699 1.0000 1.0000 1.0000 0.4331 0.1376 0.0445 0.0140 0.0044 0.0014 1.0000 1.0000 1.0000 1.0000 0.4006 0.1258 0.0395 0.0124 0.0039 0.0012 1.0000 1.0000 1.0000 1.0000 0.3487 0.1095 0.0344 0.0108 0.0034 0.0011 1.0000 1.0000 1.0000 0.9663 0.3035 0.0953 0.0299 0.0094 0.0030 0.0009 1.0000 1.0000 1.0000 0.8411 0.2641 0.0830 0.0261 0.0082 0.0026 0.0008 1.0000 1.0000 1.0000
