0.3359 0.3291 0.3811 0.4152 0.4281 0.4245 0.3986 0.3297 0.2540 0.2538 0.2847 0.3303 0.3813 0.4153 0.4281 0.4244 0.3984 0.3292 0.2539 0.2539 0.2848 0.3305 0.3815 0.4154 0.4281 0.4243 0.3982 0.3287 0.2537 0.2540 0.2850 0.3308 0.3817 0.4155 0.4281 0.4243 0.3980 0.3283 0.2535 0.2541 0.2852 0.3310 0.3820 0.4156 0.4282 0.4242 0.3978 0.3277 0.2536 0.2555 0.2690 0.2555 0.2536 0.3277 0.3978 0.4242 0.4282 0.4156 0.3820 0.3310 0.2852 0.2541 0.2535 0.3283 0.3980 0.4243 0.4281 0.4155 0.3817 0.3308 0.2850 0.2540 0.2537 0.3287 0.3982 0.4243 0.4281 0.4154 0.3815 0.3305 0.2848 0.2539 0.2539 0.3292 0.3984 0.4244 0.4281 0.4153 0.3813 0.3303 0.2847 0.2538 0.2540 0.3297 0.3986 0.4245 0.4281 0.4152 0.3811 0.3291 0.3359
0.3291 0.3802 0.4217 0.4287 0.4131 0.3742 0.2870 0.1893 0.1956 0.2439 0.3088 0.3798 0.4221 0.4286 0.4129 0.3739 0.2863 0.1891 0.1958 0.2442 0.3091 0.3802 0.4222 0.4286 0.4128 0.3737 0.2857 0.1889 0.1960 0.2445 0.3095 0.3805 0.4223 0.4286 0.4127 0.3734 0.2851 0.1887 0.1962 0.2448 0.3098 0.3808 0.4224 0.4285 0.4125 0.3731 0.2845 0.1885 0.1983 0.2474 0.2788 0.2474 0.1983 0.1885 0.2845 0.3731 0.4125 0.4285 0.4224 0.3808 0.3098 0.2448 0.1962 0.1887 0.2851 0.3734 0.4127 0.4286 0.4223 0.3805 0.3095 0.2445 0.1960 0.1889 0.2857 0.3737 0.4128 0.4286 0.4222 0.3802 0.3091 0.2442 0.1958 0.1891 0.2863 0.3739 0.4129 0.4286 0.4221 0.3798 0.3088 0.2439 0.1956 0.1893 0.2870 0.3742 0.4131 0.4287 0.4217 0.3802 0.3291
0.3811 0.4217 0.4264 0.4120 0.3737 0.2858 0.1888 0.1960 0.2445 0.3096 0.3802 0.4207 0.4264 0.4118 0.3732 0.2848 0.1886 0.1963 0.2449 0.3100 0.3806 0.4208 0.4264 0.4117 0.3730 0.2842 0.1884 0.1965 0.2452 0.3104 0.3809 0.4209 0.4264 0.4116 0.3727 0.2836 0.1882 0.1967 0.2455 0.3107 0.3812 0.4210 0.4264 0.4115 0.3724 0.2830 0.1880 0.1968 0.2480 0.3143 0.3519 0.3143 0.2480 0.1968 0.1880 0.2830 0.3724 0.4115 0.4264 0.4210 0.3812 0.3107 0.2455 0.1967 0.1882 0.2836 0.3727 0.4116 0.4264 0.4209 0.3809 0.3104 0.2452 0.1965 0.1884 0.2842 0.3730 0.4117 0.4264 0.4208 0.3806 0.3100 0.2449 0.1963 0.1886 0.2848 0.3732 0.4118 0.4264 0.4207 0.3802 0.3096 0.2445 0.1960 0.1888 0.2858 0.3737 0.4120 0.4264 0.4217 0.3811
0.4152 0.4287 0.4120 0.3734 0.2848 0.1885 0.1964 0.2452 0.3103 0.3810 0.4211 0.4266 0.4116 0.3726 0.2834 0.1882 0.1967 0.2456 0.3108 0.3813 0.4212 0.4265 0.4114 0.3723 0.2828 0.1880 0.1969 0.2458 0.3112 0.3816 0.4212 0.4265 0.4113 0.3720 0.2822 0.1878 0.1971 0.2461 0.3115 0.3819 0.4213 0.4265 0.4112 0.3717 0.2816 0.1876 0.1973 0.2463 0.3144 0.3858 0.4122 0.3858 0.3144 0.2463 0.1973 0.1876 0.2816 0.3717 0.4112 0.4265 0.4213 0.3819 0.3115 0.2461 0.1971 0.1878 0.2822 0.3720 0.4113 0.4265 0.4212 0.3816 0.3112 0.2458 0.1969 0.1880 0.2828 0.3723 0.4114 0.4265 0.4212 0.3813 0.3108 0.2456 0.1967 0.1882 0.2834 0.3726 0.4116 0.4266 0.4211 0.3810 0.3103 0.2452 0.1964 0.1885 0.2848 0.3734 0.4120 0.4287 0.4152
0.4281 0.4131 0.3737 0.2848 0.1884 0.1967 0.2457 0.3111 0.3816 0.4212 0.4265 0.4113 0.3719 0.2820 0.1877 0.1972 0.2462 0.3116 0.3820 0.4213 0.4264 0.4111 0.3716 0.2814 0.1876 0.1974 0.2465 0.3120 0.3823 0.4214 0.4264 0.4110 0.3714 0.2807 0.1874 0.1976 0.2468 0.3124 0.3826 0.4215 0.4264 0.4109 0.3711 0.2801 0.1872 0.1978 0.2470 0.3126 0.3845 0.4233 0.4264 0.4233 0.3845 0.3126 0.2470 0.1978 0.1872 0.2801 0.3711 0.4109 0.4264 0.4215 0.3826 0.3124 0.2468 0.1976 0.1874 0.2807 0.3714 0.4110 0.4264 0.4214 0.3823 0.3120 0.2465 0.1974 0.1876 0.2814 0.3716 0.4111 0.4264 0.4213 0.3820 0.3116 0.2462 0.1972 0.1877 0.2820 0.3719 0.4113 0.4265 0.4212 0.3816 0.3111 0.2457 0.1967 0.1884 0.2848 0.3737 0.4131 0.4281
0.4245 0.3742 0.2858 0.1885 0.1967 0.2459 0.3116 0.3822 0.4214 0.4264 0.4110 0.3713 0.2805 0.1873 0.1977 0.2469 0.3125 0.3827 0.4215 0.4264 0.4109 0.3710 0.2799 0.1872 0.1979 0.2472 0.3128 0.3831 0.4216 0.4263 0.4107 0.3707 0.2793 0.1870 0.1981 0.2475 0.3132 0.3834 0.4217 0.4263 0.4106 0.3704 0.2787 0.1868 0.1983 0.2478 0.3135 0.3835 0.4219 0.4254 0.4139 0.4254 0.4219 0.3835 0.3135 0.2478 0.1983 0.1868 0.2787 0.3704 0.4106 0.4263 0.4217 0.3834 0.3132 0.2475 0.1981 0.1870 0.2793 0.3707 0.4107 0.4263 0.4216 0.3831 0.3128 0.2472 0.1979 0.1872 0.2799 0.3710 0.4109 0.4264 0.4215 0.3827 0.3125 0.2469 0.1977 0.1873 0.2805 0.3713 0.4110 0.4264 0.4214 0.3822 0.3116 0.2459 0.1967 0.1885 0.2858 0.3742 0.4245
0.3986 0.2870 0.1888 0.1964 0.2457 0.3116 0.3824 0.4215 0.4264 0.4107 0.3707 0.2792 0.1869 0.1981 0.2476 0.3133 0.3835 0.4217 0.4263 0.4106 0.3703 0.2785 0.1868 0.1983 0.2479 0.3137 0.3838 0.4218 0.4263 0.4104 0.3700 0.2779 0.1866 0.1985 0.2481 0.3140 0.3841 0.4219 0.4262 0.4103 0.3697 0.2772 0.1865 0.1988 0.2484 0.3144 0.3843 0.4219 0.4262 0.4069 0.3791 0.4069 0.4262 0.4219 0.3843 0.3144 0.2484 0.1988 0.1865 0.2772 0.3697 0.4103 0.4262 0.4219 0.3841 0.3140 0.2481 0.1985 0.1866 0.2779 0.3700 0.4104 0.4263 0.4218 0.3838 0.3137 0.2479 0.1983 0.1868 0.2785 0.3703 0.4106 0.4263 0.4217 0.3835 0.3133 0.2476 0.1981 0.1869 0.2792 0.3707 0.4107 0.4264 0.4215 0.3824 0.3116 0.2457 0.1964 0.1888 0.2870 0.3986
0.3297 0.1893 0.1960 0.2452 0.3111 0.3822 0.4215 0.4263 0.4106 0.3702 0.2781 0.1866 0.1986 0.2482 0.3141 0.3842 0.4219 0.4262 0.4103 0.3696 0.2770 0.1864 0.1988 0.2485 0.3145 0.3845 0.4220 0.4262 0.4101 0.3693 0.2764 0.1863 0.1990 0.2488 0.3149 0.3848 0.4221 0.4262 0.4100 0.3690 0.2758 0.1861 0.1992 0.2491 0.3152 0.3851 0.4222 0.4262 0.4099 0.3629 0.3071 0.3629 0.4099 0.4262 0.4222 0.3851 0.3152 0.2491 0.1992 0.1861 0.2758 0.3690 0.4100 0.4262 0.4221 0.3848 0.3149 0.2488 0.1990 0.1863 0.2764 0.3693 0.4101 0.4262 0.4220 0.3845 0.3145 0.2485 0.1988 0.1864 0.2770 0.3696 0.4103 0.4262 0.4219 0.3842 0.3141 0.2482 0.1986 0.1866 0.2781 0.3702 0.4106 0.4263 0.4215 0.3822 0.3111 0.2452 0.1960 0.1893 0.3297
0.2540 0.1956 0.2445 0.3103 0.3816 0.4214 0.4264 0.4106 0.3701 0.2773 0.1864 0.1990 0.2488 0.3149 0.3849 0.4221 0.4261 0.4100 0.3689 0.2756 0.1861 0.1993 0.2492 0.3153 0.3852 0.4222 0.4261 0.4098 0.3686 0.2750 0.1859 0.1995 0.2495 0.3157 0.3855 0.4223 0.4261 0.4097 0.3683 0.2743 0.1858 0.1997 0.2498 0.3161 0.3858 0.4224 0.4260 0.4097 0.3679 0.2713 0.1966 0.2713 0.3679 0.4097 0.4260 0.4224 0.3858 0.3161 0.2498 0.1997 0.1858 0.2743 0.3683 0.4097 0.4261 0.4223 0.3855 0.3157 0.2495 0.1995 0.1859 0.2750 0.3686 0.4098 0.4261 0.4222 0.3852 0.3153 0.2492 0.1993 0.1861 0.2756 0.3689 0.4100 0.4261 0.4221 0.3849 0.3149 0.2488 0.1990 0.1864 0.2773 0.3701 0.4106 0.4264 0.4214 0.3816 0.3103 0.2445 0.1956 0.2540
0.2538 0.2439 0.3096 0.3810 0.4212 0.4264 0.4107 0.3702 0.2773 0.1863 0.1992 0.2493 0.3156 0.3855 0.4223 0.4261 0.4097 0.3682 0.2741 0.1857 0.1998 0.2499 0.3162 0.3859 0.4224 0.4260 0.4095 0.3679 0.2735 0.1856 0.2000 0.2502 0.3165 0.3862 0.4225 0.4260 0.4094 0.3676 0.2729 0.1855 0.2002 0.2505 0.3169 0.3865 0.4225 0.4260 0.4093 0.3675 0.2716 0.1852 0.1820 0.1852 0.2716 0.3675 0.4093 0.4260 0.4225 0.3865 0.3169 0.2505 0.2002 0.1855 0.2729 0.3676 0.4094 0.4260 0.4225 0.3862 0.3165 0.2502 0.2000 0.1856 0.2735 0.3679 0.4095 0.4260 0.4224 0.3859 0.3162 0.2499 0.1998 0.1857 0.2741 0.3682 0.4097 0.4261 0.4223 0.3855 0.3156 0.2493 0.1992 0.1863 0.2773 0.3702 0.4107 0.4264 0.4212 0.3810 0.3096 0.2439 0.2538
0.2847 0.3088 0.3802 0.4211 0.4265 0.4110 0.3707 0.2781 0.1864 0.1992 0.2494 0.3160 0.3859 0.4224 0.4260 0.4094 0.3675 0.2727 0.1854 0.2003 0.2506 0.3170 0.3866 0.4226 0.4259 0.4092 0.3672 0.2721 0.1853 0.2005 0.2509 0.3174 0.3869 0.4226 0.4259 0.4091 0.3669 0.2714 0.1852 0.2007 0.2512 0.3177 0.3871 0.4227 0.4259 0.4089 0.3666 0.2708 0.1859 0.2022 0.2251 0.2022 0.1859 0.2708 0.3666 0.4089 0.4259 0.4227 0.3871 0.3177 0.2512 0.2007 0.1852 0.2714 0.3669 0.4091 0.4259 0.4226 0.3869 0.3174 0.2509 0.2005 0.1853 0.2721 0.3672 0.4092 0.4259 0.4226 0.3866 0.3170 0.2506 0.2003 0.1854 0.2727 0.3675 0.4094 0.4260 0.4224 0.3859 0.3160 0.2494 0.1992 0.1864 0.2781 0.3707 0.4110 0.4265 0.4211 0.3802 0.3088 0.2847
0.3303 0.3798 0.4207 0.4266 0.4113 0.3713 0.2792 0.1866 0.1990 0.2493 0.3160 0.3861 0.4225 0.4259 0.4091 0.3669 0.2713 0.1851 0.2008 0.2513 0.3179 0.3872 0.4227 0.4259 0.4089 0.3665 0.2706 0.1850 0.2010 0.2516 0.3182 0.3875 0.4228 0.4258 0.4088 0.3662 0.2700 0.1849 0.2012 0.2518 0.3186 0.3878 0.4229 0.4258 0.4086 0.3659 0.2694 0.1847 0.2032 0.2543 0.2863 0.2543 0.2032 0.1847 0.2694 0.3659 0.4086 0.4258 0.4229 0.3878 0.3186 0.2518 0.2012 0.1849 0.2700 0.3662 0.4088 0.4258 0.4228 0.3875 0.3182 0.2516 0.2010 0.1850 0.2706 0.3665 0.4089 0.4259 0.4227 0.3872 0.3179 0.2513 0.2008 0.1851 0.2713 0.3669 0.4091 0.4259 0.4225 0.3861 0.3160 0.2493 0.1990 0.1866 0.2792 0.3713 0.4113 0.4266 0.4207 0.3798 0.3303
0.3813 0.4221 0.4264 0.4116 0.3719 0.2805 0.1869 0.1986 0.2488 0.3156 0.3859 0.4225 0.4259 0.4090 0.3665 0.2702 0.1849 0.2012 0.2519 0.3187 0.3879 0.4229 0.4258 0.4086 0.3658 0.2691 0.1847 0.2015 0.2522 0.3191 0.3882 0.4230 0.4257 0.4085 0.3655 0.2685 0.1846 0.2017 0.2525 0.3194 0.3885 0.4230 0.4257 0.4083 0.3652 0.2679 0.1844 0.2018 0.2552 0.3229 0.3604 0.3229 0.2552 0.2018 0.1844 0.2679 0.3652 0.4083 0.4257 0.4230 0.3885 0.3194 0.2525 0.2017 0.1846 0.2685 0.3655 0.4085 0.4257 0.4230 0.3882 0.3191 0.2522 0.2015 0.1847 0.2691 0.3658 0.4086 0.4258 0.4229 0.3879 0.3187 0.2519 0.2012 0.1849 0.2702 0.3665 0.4090 0.4259 0.4225 0.3859 0.3156 0.2488 0.1986 0.1869 0.2805 0.3719 0.4116 0.4264 0.4221 0.3813
0.4153 0.4286 0.4118 0.3726 0.2820 0.1873 0.1981 0.2482 0.3149 0.3855 0.4224 0.4259 0.4090 0.3663 0.2695 0.1847 0.2016 0.2525 0.3195 0.3886 0.4231 0.4257 0.4083 0.3651 0.2677 0.1844 0.2019 0.2529 0.3199 0.3889 0.4231 0.4256 0.4081 0.3648 0.2671 0.1843 0.2022 0.2532 0.3203 0.3892 0.4232 0.4256 0.4080 0.3644 0.2664 0.1842 0.2023 0.2535 0.3231 0.3929 0.4161 0.3929 0.3231 0.2535 0.2023 0.1842 0.2664 0.3644 0.4080 0.4256 0.4232 0.3892 0.3203 0.2532 0.2022 0.1843 0.2671 0.3648 0.4081 0.4256 0.4231 0.3889 0.3199 0.2529 0.2019 0.1844 0.2677 0.3651 0.4083 0.4257 0.4231 0.3886 0.3195 0.2525 0.2016 0.1847 0.2695 0.3663 0.4090 0.4259 0.4224 0.3855 0.3149 0.2482 0.1981 0.1873 0.2820 0.3726 0.4118 0.4286 0.4153
0.4281 0.4129 0.3732 0.2834 0.1877 0.1977 0.2476 0.3141 0.3849 0.4223 0.4260 0.4091 0.3665 0.2695 0.1846 0.2018 0.2530 0.3201 0.3892 0.4232 0.4256 0.4080 0.3643 0.2662 0.1841 0.2024 0.2536 0.3207 0.3896 0.4233 0.4256 0.4078 0.3640 0.2656 0.1840 0.2027 0.2539 0.3211 0.3898 0.4234 0.4255 0.4077 0.3637 0.2650 0.1839 0.2029 0.2542 0.3214 0.3915 0.4248 0.4259 0.4248 0.3915 0.3214 0.2542 0.2029 0.1839 0.2650 0.3637 0.4077 0.4255 0.4234 0.3898 0.3211 0.2539 0.2027 0.1840 0.2656 0.3640 0.4078 0.4256 0.4233 0.3896 0.3207 0.2536 0.2024 0.1841 0.2662 0.3643 0.4080 0.4256 0.4232 0.3892 0.3201 0.2530 0.2018 0.1846 0.2695 0.3665 0.4091 0.4260 0.4223 0.3849 0.3141 0.2476 0.1977 0.1877 0.2834 0.3732 0.4129 0.4281
0.4244 0.3739 0.2848 0.1882 0.1972 0.2469 0.3133 0.3842 0.4221 0.4261 0.4094 0.3669 0.2702 0.1847 0.2018 0.2532 0.3206 0.3896 0.4233 0.4255 0.4077 0.3636 0.2648 0.1839 0.2029 0.2543 0.3216 0.3902 0.4235 0.4255 0.4075 0.3633 0.2642 0.1838 0.2032 0.2546 0.3219 0.3905 0.4235 0.4254 0.4073 0.3630 0.2635 0.1837 0.2034 0.2549 0.3222 0.3907 0.4236 0.4242 0.4111 0.4242 0.4236 0.3907 0.3222 0.2549 0.2034 0.1837 0.2635 0.3630 0.4073 0.4254 0.4235 0.3905 0.3219 0.2546 0.2032 0.1838 0.2642 0.3633 0.4075 0.4255 0.4235 0.3902 0.3216 0.2543 0.2029 0.1839 0.2648 0.3636 0.4077 0.4255 0.4233 0.3896 0.3206 0.2532 0.2018 0.1847 0.2702 0.3669 0.4094 0.4261 0.4221 0.3842 0.3133 0.2469 0.1972 0.1882 0.2848 0.3739 0.4244
0.3984 0.2863 0.1886 0.1967 0.2462 0.3125 0.3835 0.4219 0.4261 0.4097 0.3675 0.2713 0.1849 0.2016 0.2530 0.3206 0.3898 0.4234 0.4254 0.4074 0.3630 0.2634 0.1837 0.2034 0.2550 0.3224 0.3909 0.4236 0.4254 0.4072 0.3625 0.2627 0.1836 0.2037 0.2553 0.3228 0.3912 0.4237 0.4253 0.4070 0.3622 0.2621 0.1835 0.2039 0.2556 0.3232 0.3914 0.4237 0.4253 0.4033 0.3729 0.4033 0.4253 0.4237 0.3914 0.3232 0.2556 0.2039 0.1835 0.2621 0.3622 0.4070 0.4253 0.4237 0.3912 0.3228 0.2553 0.2037 0.1836 0.2627 0.3625 0.4072 0.4254 0.4236 0.3909 0.3224 0.2550 0.2034 0.1837 0.2634 0.3630 0.4074 0.4254 0.4234 0.3898 0.3206 0.2530 0.2016 0.1849 0.2713 0.3675 0.4097 0.4261 0.4219 0.3835 0.3125 0.2462 0.1967 0.1886 0.2863 0.3984
0.3292 0.1891 0.1963 0.2456 0.3116 0.3827 0.4217 0.4262 0.4100 0.3682 0.2727 0.1851 0.2012 0.2525 0.3201 0.3896 0.4234 0.4254 0.4072 0.3625 0.2623 0.1835 0.2039 0.2557 0.3233 0.3915 0.4238 0.4253 0.4068 0.3618 0.2613 0.1833 0.2042 0.2560 0.3236 0.3918 0.4238 0.4252 0.4067 0.3615 0.2606 0.1832 0.2044 0.2563 0.3240 0.3921 0.4239 0.4252 0.4065 0.3551 0.2945 0.3551 0.4065 0.4252 0.4239 0.3921 0.3240 0.2563 0.2044 0.1832 0.2606 0.3615 0.4067 0.4252 0.4238 0.3918 0.3236 0.2560 0.2042 0.1833 0.2613 0.3618 0.4068 0.4253 0.4238 0.3915 0.3233 0.2557 0.2039 0.1835 0.2623 0.3625 0.4072 0.4254 0.4234 0.3896 0.3201 0.2525 0.2012 0.1851 0.2727 0.3682 0.4100 0.4262 0.4217 0.3827 0.3116 0.2456 0.1963 0.1891 0.3292
0.2539 0.1958 0.2449 0.3108 0.3820 0.4215 0.4263 0.4103 0.3689 0.2741 0.1854 0.2008 0.2519 0.3195 0.3892 0.4233 0.4254 0.4072 0.3623 0.2616 0.1833 0.2043 0.2563 0.3241 0.3922 0.4239 0.4251 0.4065 0.3610 0.2598 0.1831 0.2047 0.2567 0.3245 0.3924 0.4240 0.4251 0.4063 0.3607 0.2592 0.1830 0.2049 0.2570 0.3248 0.3927 0.4240 0.4251 0.4063 0.3602 0.2564 0.1879 0.2564 0.3602 0.4063 0.4251 0.4240 0.3927 0.3248 0.2570 0.2049 0.1830 0.2592 0.3607 0.4063 0.4251 0.4240 0.3924 0.3245 0.2567 0.2047 0.1831 0.2598 0.3610 0.4065 0.4251 0.4239 0.3922 0.3241 0.2563 0.2043 0.1833 0.2616 0.3623 0.4072 0.4254 0.4233 0.3892 0.3195 0.2519 0.2008 0.1854 0.2741 0.3689 0.4103 0.4263 0.4215 0.3820 0.3108 0.2449 0.1958 0.2539
0.2539 0.2442 0.3100 0.3813 0.4213 0.4264 0.4106 0.3696 0.2756 0.1857 0.2003 0.2513 0.3187 0.3886 0.4232 0.4255 0.4074 0.3625 0.2616 0.1833 0.2046 0.2568 0.3247 0.3927 0.4240 0.4250 0.4061 0.3602 0.2584 0.1829 0.2052 0.2574 0.3253 0.3931 0.4241 0.4250 0.4060 0.3599 0.2577 0.1829 0.2054 0.2577 0.3257 0.3933 0.4242 0.4249 0.4059 0.3597 0.2565 0.1828 0.1861 0.1828 0.2565 0.3597 0.4059 0.4249 0.4242 0.3933 0.3257 0.2577 0.2054 0.1829 0.2577 0.3599 0.4060 0.4250 0.4241 0.3931 0.3253 0.2574 0.2052 0.1829 0.2584 0.3602 0.4061 0.4250 0.4240 0.3927 0.3247 0.2568 0.2046 0.1833 0.2616 0.3625 0.4074 0.4255 0.4232 0.3886 0.3187 0.2513 0.2003 0.1857 0.2756 0.3696 0.4106 0.4264 0.4213 0.3813 0.3100 0.2442 0.2539
0.2848 0.3091 0.3806 0.4212 0.4264 0.4109 0.3703 0.2770 0.1861 0.1998 0.2506 0.3179 0.3879 0.4231 0.4256 0.4077 0.3630 0.2623 0.1833 0.2046 0.2570 0.3251 0.3931 0.4241 0.4249 0.4058 0.3595 0.2569 0.1827 0.2057 0.2581 0.3262 0.3937 0.4242 0.4249 0.4057 0.3591 0.2563 0.1827 0.2059 0.2585 0.3265 0.3940 0.4243 0.4248 0.4055 0.3588 0.2557 0.1836 0.2075 0.2315 0.2075 0.1836 0.2557 0.3588 0.4055 0.4248 0.4243 0.3940 0.3265 0.2585 0.2059 0.1827 0.2563 0.3591 0.4057 0.4249 0.4242 0.3937 0.3262 0.2581 0.2057 0.1827 0.2569 0.3595 0.4058 0.4249 0.4241 0.3931 0.3251 0.2570 0.2046 0.1833 0.2623 0.3630 0.4077 0.4256 0.4231 0.3879 0.3179 0.2506 0.1998 0.1861 0.2770 0.3703 0.4109 0.4264 0.4212 0.3806 0.3091 0.2848
0.3305 0.3802 0.4208 0.4265 0.4111 0.3710 0.2785 0.1864 0.1993 0.2499 0.3170 0.3872 0.4229 0.4257 0.4080 0.3636 0.2634 0.1835 0.2043 0.2568 0.3251 0.3933 0.4242 0.4249 0.4056 0.3588 0.2556 0.1826 0.2062 0.2589 0.3270 0.3943 0.4244 0.4248 0.4053 0.3583 0.2548 0.1825 0.2064 0.2592 0.3274 0.3946 0.4244 0.4247 0.4052 0.3580 0.2542 0.1824 0.2085 0.2617 0.2948 0.2617 0.2085 0.1824 0.2542 0.3580 0.4052 0.4247 0.4244 0.3946 0.3274 0.2592 0.2064 0.1825 0.2548 0.3583 0.4053 0.4248 0.4244 0.3943 0.3270 0.2589 0.2062 0.1826 0.2556 0.3588 0.4056 0.4249 0.4242 0.3933 0.3251 0.2568 0.2043 0.1835 0.2634 0.3636 0.4080 0.4257 0.4229 0.3872 0.3170 0.2499 0.1993 0.1864 0.2785 0.3710 0.4111 0.4265 0.4208 0.3802 0.3305
0.3815 0.4222 0.4264 0.4114 0.3716 0.2799 0.1868 0.1988 0.2492 0.3162 0.3866 0.4227 0.4258 0.4083 0.3643 0.2648 0.1837 0.2039 0.2563 0.3247 0.3931 0.4242 0.4248 0.4054 0.3583 0.2544 0.1824 0.2067 0.2596 0.3279 0.3949 0.4245 0.4246 0.4050 0.3576 0.2534 0.1824 0.2069 0.2599 0.3282 0.3952 0.4246 0.4246 0.4048 0.3572 0.2528 0.1823 0.2071 0.2626 0.3318 0.3691 0.3318 0.2626 0.2071 0.1823 0.2528 0.3572 0.4048 0.4246 0.4246 0.3952 0.3282 0.2599 0.2069 0.1824 0.2534 0.3576 0.4050 0.4246 0.4245 0.3949 0.3279 0.2596 0.2067 0.1824 0.2544 0.3583 0.4054 0.4248 0.4242 0.3931 0.3247 0.2563 0.2039 0.1837 0.2648 0.3643 0.4083 0.4258 0.4227 0.3866 0.3162 0.2492 0.1988 0.1868 0.2799 0.3716 0.4114 0.4264 0.4222 0.3815
0.4154 0.4286 0.4117 0.3723 0.2814 0.1872 0.1983 0.2485 0.3153 0.3859 0.4226 0.4259 0.4086 0.3651 0.2662 0.1839 0.2034 0.2557 0.3241 0.3927 0.4241 0.4249 0.4054 0.3581 0.2537 0.1823 0.2071 0.2602 0.3287 0.3956 0.4246 0.4245 0.4046 0.3568 0.2520 0.1822 0.2074 0.2606 0.3291 0.3958 0.4247 0.4245 0.4044 0.3564 0.2514 0.1822 0.2076 0.2608 0.3319 0.3994 0.4193 0.3994 0.3319 0.2608 0.2076 0.1822 0.2514 0.3564 0.4044 0.4245 0.4247 0.3958 0.3291 0.2606 0.2074 0.1822 0.2520 0.3568 0.4046 0.4245 0.4246 0.3956 0.3287 0.2602 0.2070 0.1824 0.2538 0.3580 0.4054 0.4249 0.4241 0.3927 0.3241 0.2557 0.2034 0.1839 0.2662 0.3651 0.4086 0.4259 0.4226 0.3859 0.3153 0.2485 0.1983 0.1872 0.2814 0.3723 0.4117 0.4286 0.4154
0.4281 0.4128 0.3730 0.2828 0.1876 0.1979 0.2479 0.3145 0.3852 0.4224 0.4259 0.4089 0.3658 0.2677 0.1841 0.2029 0.2550 0.3233 0.3922 0.4240 0.4249 0.4056 0.3583 0.2537 0.1823 0.2073 0.2607 0.3293 0.3961 0.4248 0.4244 0.4042 0.3559 0.2505 0.1821 0.2080 0.2613 0.3299 0.3964 0.4248 0.4244 0.4041 0.3556 0.2499 0.1820 0.2082 0.2616 0.3302 0.3978 0.4260 0.4251 0.4260 0.3978 0.3302 0.2616 0.2082 0.1820 0.2499 0.3556 0.4041 0.4244 0.4248 0.3964 0.3299 0.2613 0.2080 0.1821 0.2505 0.3559 0.4042 0.4244 0.4248 0.3961 0.3293 0.2606 0.2073 0.1823 0.2538 0.3583 0.4056 0.4249 0.4240 0.3922 0.3233 0.2550 0.2029 0.1841 0.2677 0.3658 0.4089 0.4259 0.4224 0.3852 0.3145 0.2479 0.1979 0.1876 0.2828 0.3730 0.4128 0.4281
0.4243 0.3737 0.2842 0.1880 0.1974 0.2472 0.3137 0.3845 0.4222 0.4260 0.4092 0.3665 0.2691 0.1844 0.2024 0.2543 0.3224 0.3915 0.4239 0.4250 0.4058 0.3588 0.2544 0.1824 0.2073 0.2608 0.3297 0.3964 0.4248 0.4243 0.4039 0.3551 0.2491 0.1820 0.2085 0.2620 0.3308 0.3970 0.4249 0.4242 0.4037 0.3548 0.2485 0.1819 0.2087 0.2623 0.3311 0.3972 0.4250 0.4227 0.4081 0.4227 0.4250 0.3972 0.3311 0.2623 0.2087 0.1819 0.2485 0.3548 0.4037 0.4242 0.4249 0.3970 0.3308 0.2620 0.2085 0.1820 0.2491 0.3551 0.4039 0.4243 0.4248 0.3964 0.3296 0.2607 0.2073 0.1824 0.2544 0.3588 0.4058 0.4250 0.4239 0.3915 0.3224 0.2543 0.2024 0.1844 0.2691 0.3665 0.4092 0.4260 0.4222 0.3845 0.3137 0.2472 0.1974 0.1880 0.2842 0.3737 0.4243
0.3982 0.2857 0.1884 0.1969 0.2465 0.3128 0.3838 0.4220 0.4261 0.4095 0.3672 0.2706 0.1847 0.2019 0.2536 0.3216 0.3909 0.4238 0.4251 0.4061 0.3595 0.2556 0.1825 0.2071 0.2606 0.3296 0.3965 0.4249 0.4242 0.4036 0.3544 0.2478 0.1819 0.2090 0.2628 0.3316 0.3976 0.4251 0.4241 0.4034 0.3540 0.2471 0.1818 0.2092 0.2631 0.3320 0.3978 0.4251 0.4241 0.3993 0.3660 0.3993 0.4241 0.4251 0.3978 0.3320 0.2631 0.2092 0.1818 0.2471 0.3540 0.4034 0.4241 0.4251 0.3976 0.3316 0.2628 0.2090 0.1819 0.2478 0.3544 0.4036 0.4242 0.4249 0.3965 0.3296 0.2606 0.2070 0.1824 0.2556 0.3595 0.4061 0.4251 0.4238 0.3909 0.3216 0.2536 0.2019 0.1847 0.2706 0.3672 0.4095 0.4261 0.4220 0.3838 0.3128 0.2465 0.1969 0.1884 0.2857 0.3982
0.3287 0.1889 0.1965 0.2458 0.3120 0.3831 0.4218 0.4262 0.4098 0.3679 0.2721 0.1850 0.2015 0.2529 0.3207 0.3902 0.4236 0.4253 0.4065 0.3602 0.2569 0.1826 0.2067 0.2602 0.3293 0.3964 0.4249 0.4242 0.4035 0.3540 0.2468 0.1818 0.2095 0.2635 0.3325 0.3982 0.4252 0.4240 0.4030 0.3531 0.2457 0.1817 0.2098 0.2638 0.3328 0.3984 0.4252 0.4240 0.4028 0.3466 0.2811 0.3466 0.4028 0.4240 0.4252 0.3984 0.3328 0.2638 0.2098 0.1817 0.2457 0.3531 0.4030 0.4240 0.4252 0.3982 0.3325 0.2635 0.2095 0.1818 0.2468 0.3540 0.4035 0.4242 0.4249 0.3964 0.3293 0.2602 0.2067 0.1826 0.2569 0.3602 0.4065 0.4253 0.4236 0.3902 0.3207 0.2529 0.2015 0.1850 0.2721 0.3679 0.4098 0.4262 0.4218 0.3831 0.3120 0.2458 0.1965 0.1889 0.3287
0.2537 0.1960 0.2452 0.3112 0.3823 0.4216 0.4263 0.4101 0.3686 0.2735 0.1853 0.2010 0.2522 0.3199 0.3896 0.4235 0.4254 0.4068 0.3610 0.2584 0.1827 0.2062 0.2596 0.3287 0.3961 0.4248 0.4242 0.4035 0.3538 0.2462 0.1817 0.2099 0.2641 0.3333 0.3988 0.4253 0.4238 0.4026 0.3523 0.2442 0.1816 0.2103 0.2645 0.3337 0.3990 0.4253 0.4238 0.4026 0.3517 0.2416 0.1815 0.2416 0.3517 0.4026 0.4238 0.4253 0.3990 0.3337 0.2645 0.2103 0.1816 0.2442 0.3523 0.4026 0.4238 0.4253 0.3988 0.3333 0.2641 0.2099 0.1817 0.2462 0.3538 0.4035 0.4242 0.4248 0.3961 0.3287 0.2596 0.2062 0.1827 0.2584 0.3610 0.4068 0.4254 0.4235 0.3896 0.3199 0.2522 0.2010 0.1853 0.2735 0.3686 0.4101 0.4263 0.4216 0.3823 0.3112 0.2452 0.1960 0.2537
0.2540 0.2445 0.3104 0.3816 0.4214 0.4263 0.4104 0.3693 0.2750 0.1856 0.2005 0.2516 0.3191 0.3889 0.4233 0.4255 0.4072 0.3618 0.2598 0.1829 0.2057 0.2589 0.3279 0.3956 0.4248 0.4243 0.4036 0.3540 0.2462 0.1817 0.2101 0.2645 0.3339 0.3992 0.4254 0.4237 0.4022 0.3514 0.2428 0.1816 0.2108 0.2653 0.3345 0.3996 0.4254 0.4236 0.4021 0.3512 0.2418 0.1818 0.1906 0.1818 0.2418 0.3512 0.4021 0.4236 0.4254 0.3996 0.3345 0.2653 0.2108 0.1816 0.2428 0.3514 0.4022 0.4237 0.4254 0.3992 0.3339 0.2645 0.2101 0.1817 0.2462 0.3540 0.4036 0.4243 0.4248 0.3956 0.3279 0.2589 0.2057 0.1829 0.2598 0.3618 0.4072 0.4255 0.4233 0.3889 0.3191 0.2516 0.2005 0.1856 0.2750 0.3693 0.4104 0.4263 0.4214 0.3816 0.3104 0.2445 0.2540
0.2850 0.3095 0.3809 0.4212 0.4264 0.4107 0.3700 0.2764 0.1859 0.2000 0.2509 0.3182 0.3882 0.4231 0.4256 0.4075 0.3625 0.2613 0.1831 0.2052 0.2581 0.3270 0.3949 0.4246 0.4244 0.4039 0.3544 0.2468 0.1817 0.2101 0.2647 0.3342 0.3996 0.4255 0.4236 0.4019 0.3506 0.2415 0.1815 0.2114 0.2660 0.3354 0.4001 0.4255 0.4235 0.4017 0.3502 0.2409 0.1826 0.2130 0.2381 0.2130 0.1826 0.2409 0.3502 0.4017 0.4235 0.4255 0.4001 0.3354 0.2660 0.2114 0.1815 0.2415 0.3506 0.4019 0.4236 0.4255 0.3996 0.3342 0.2647 0.2101 0.1817 0.2468 0.3544 0.4039 0.4244 0.4246 0.3949 0.3270 0.2581 0.2052 0.1831 0.2613 0.3625 0.4075 0.4256 0.4231 0.3882 0.3182 0.2509 0.2000 0.1859 0.2764 0.3700 0.4107 0.4264 0.4212 0.3809 0.3095 0.2850
0.3308 0.3805 0.4209 0.4265 0.4110 0.3707 0.2779 0.1863 0.1995 0.2502 0.3174 0.3875 0.4230 0.4256 0.4078 0.3633 0.2627 0.1833 0.2047 0.2574 0.3262 0.3943 0.4245 0.4245 0.4042 0.3551 0.2478 0.1818 0.2099 0.2645 0.3342 0.3997 0.4255 0.4235 0.4016 0.3498 0.2402 0.1815 0.2119 0.2667 0.3362 0.4007 0.4256 0.4234 0.4013 0.3493 0.2395 0.1814 0.2140 0.2694 0.3034 0.2694 0.2140 0.1814 0.2395 0.3493 0.4013 0.4234 0.4256 0.4007 0.3362 0.2667 0.2119 0.1815 0.2402 0.3498 0.4016 0.4235 0.4255 0.3997 0.3342 0.2645 0.2099 0.1818 0.2478 0.3551 0.4042 0.4245 0.4245 0.3943 0.3262 0.2574 0.2047 0.1833 0.2627 0.3633 0.4078 0.4256 0.4230 0.3875 0.3174 0.2502 0.1995 0.1863 0.2779 0.3707 0.4110 0.4265 0.4209 0.3805 0.3308
0.3817 0.4223 0.4264 0.4113 0.3714 0.2793 0.1866 0.1990 0.2495 0.3165 0.3869 0.4228 0.4257 0.4081 0.3640 0.2642 0.1836 0.2042 0.2567 0.3253 0.3937 0.4244 0.4246 0.4046 0.3559 0.2491 0.1819 0.2095 0.2641 0.3339 0.3996 0.4255 0.4235 0.4014 0.3493 0.2392 0.1814 0.2124 0.2675 0.3371 0.4012 0.4257 0.4232 0.4009 0.3484 0.2381 0.1814 0.2126 0.2702 0.3408 0.3775 0.3408 0.2702 0.2126 0.1814 0.2381 0.3484 0.4009 0.4232 0.4257 0.4012 0.3371 0.2675 0.2124 0.1814 0.2392 0.3493 0.4014 0.4235 0.4255 0.3996 0.3339 0.2641 0.2095 0.1819 0.2491 0.3559 0.4046 0.4246 0.4244 0.3937 0.3253 0.2567 0.2042 0.1836 0.2642 0.3640 0.4081 0.4257 0.4228 0.3869 0.3165 0.2495 0.1990 0.1866 0.2793 0.3714 0.4113 0.4264 0.4223 0.3817
0.4155 0.4286 0.4116 0.3720 0.2807 0.1870 0.1985 0.2488 0.3157 0.3862 0.4226 0.4258 0.4085 0.3648 0.2656 0.1838 0.2037 0.2560 0.3245 0.3931 0.4242 0.4248 0.4050 0.3568 0.2505 0.1820 0.2090 0.2635 0.3333 0.3992 0.4255 0.4235 0.4014 0.3491 0.2386 0.1814 0.2128 0.2681 0.3379 0.4018 0.4258 0.4231 0.4005 0.3476 0.2367 0.1814 0.2132 0.2684 0.3406 0.4051 0.4218 0.4051 0.3406 0.2684 0.2132 0.1814 0.2367 0.3476 0.4005 0.4231 0.4258 0.4018 0.3379 0.2681 0.2128 0.1814 0.2386 0.3491 0.4014 0.4235 0.4255 0.3992 0.3333 0.2635 0.2090 0.1820 0.2505 0.3568 0.4050 0.4248 0.4242 0.3931 0.3245 0.2560 0.2037 0.1838 0.2656 0.3648 0.4085 0.4258 0.4226 0.3862 0.3157 0.2488 0.1985 0.1870 0.2807 0.3720 0.4116 0.4286 0.4155
0.4281 0.4127 0.3727 0.2822 0.1874 0.1981 0.2481 0.3149 0.3855 0.4225 0.4259 0.4088 0.3655 0.2671 0.1840 0.2032 0.2553 0.3236 0.3924 0.4241 0.4249 0.4053 0.3576 0.2520 0.1821 0.2085 0.2628 0.3325 0.3988 0.4254 0.4236 0.4016 0.3493 0.2386 0.1814 0.2130 0.2685 0.3385 0.4022 0.4259 0.4229 0.4001 0.3467 0.2354 0.1814 0.2137 0.2692 0.3390 0.4034 0.4267 0.4241 0.4267 0.4034 0.3390 0.2692 0.2137 0.1814 0.2354 0.3467 0.4001 0.4229 0.4259 0.4022 0.3385 0.2685 0.2130 0.1814 0.2386 0.3493 0.4016 0.4236 0.4254 0.3988 0.3325 0.2628 0.2085 0.1821 0.2520 0.3576 0.4053 0.4249 0.4241 0.3924 0.3236 0.2553 0.2032 0.1840 0.2671 0.3655 0.4088 0.4259 0.4225 0.3855 0.3149 0.2481 0.1981 0.1874 0.2822 0.3727 0.4127 0.4281
0.4243 0.3734 0.2836 0.1878 0.1976 0.2475 0.3140 0.3848 0.4223 0.4260 0.4091 0.3662 0.2685 0.1843 0.2027 0.2546 0.3228 0.3918 0.4240 0.4250 0.4057 0.3583 0.2534 0.1822 0.2080 0.2620 0.3316 0.3982 0.4253 0.4237 0.4019 0.3498 0.2392 0.1814 0.2130 0.2687 0.3388 0.4025 0.4260 0.4228 0.3997 0.3457 0.2340 0.1814 0.2143 0.2700 0.3399 0.4029 0.4261 0.4209 0.4046 0.4209 0.4261 0.4029 0.3399 0.2700 0.2143 0.1814 0.2340 0.3457 0.3997 0.4228 0.4260 0.4025 0.3388 0.2687 0.2130 0.1814 0.2392 0.3498 0.4019 0.4237 0.4253 0.3982 0.3316 0.2620 0.2080 0.1822 0.2534 0.3583 0.4057 0.4250 0.4240 0.3918 0.3228 0.2546 0.2027 0.1843 0.2685 0.3662 0.4091 0.4260 0.4223 0.3848 0.3140 0.2475 0.1976 0.1878 0.2836 0.3734 0.4243
0.3980 0.2851 0.1882 0.1971 0.2468 0.3132 0.3841 0.4221 0.4261 0.4094 0.3669 0.2700 0.1846 0.2022 0.2539 0.3219 0.3912 0.4238 0.4251 0.4060 0.3591 0.2548 0.1824 0.2074 0.2613 0.3308 0.3976 0.4252 0.4238 0.4022 0.3506 0.2402 0.1814 0.2128 0.2685 0.3388 0.4026 0.4260 0.4227 0.3994 0.3450 0.2328 0.1814 0.2148 0.2707 0.3408 0.4035 0.4261 0.4226 0.3949 0.3586 0.3949 0.4226 0.4261 0.4035 0.3408 0.2707 0.2148 0.1814 0.2328 0.3450 0.3994 0.4227 0.4260 0.4026 0.3388 0.2685 0.2128 0.1814 0.2402 0.3506 0.4022 0.4238 0.4252 0.3976 0.3308 0.2613 0.2074 0.1824 0.2548 0.3591 0.4060 0.4251 0.4238 0.3912 0.3219 0.2539 0.2022 0.1846 0.2700 0.3669 0.4094 0.4261 0.4221 0.3841 0.3132 0.2468 0.1971 0.1882 0.2851 0.3980
0.3283 0.1887 0.1967 0.2461 0.3124 0.3834 0.4219 0.4262 0.4097 0.3676 0.2714 0.1849 0.2017 0.2532 0.3211 0.3905 0.4237 0.4252 0.4063 0.3599 0.2563 0.1825 0.2069 0.2606 0.3299 0.3970 0.4251 0.4240 0.4026 0.3514 0.2415 0.1815 0.2124 0.2681 0.3385 0.4025 0.4260 0.4227 0.3992 0.3444 0.2318 0.1815 0.2154 0.2715 0.3417 0.4041 0.4262 0.4224 0.3986 0.3373 0.2672 0.3373 0.3986 0.4224 0.4262 0.4041 0.3417 0.2715 0.2154 0.1815 0.2318 0.3444 0.3992 0.4227 0.4260 0.4025 0.3385 0.2681 0.2124 0.1815 0.2415 0.3514 0.4026 0.4240 0.4251 0.3970 0.3299 0.2606 0.2069 0.1825 0.2563 0.3599 0.4063 0.4252 0.4237 0.3905 0.3211 0.2532 0.2017 0.1849 0.2714 0.3676 0.4097 0.4262 0.4219 0.3834 0.3124 0.2461 0.1967 0.1887 0.3283
0.2535 0.1962 0.2455 0.3115 0.3826 0.4217 0.4262 0.4100 0.3683 0.2729 0.1852 0.2012 0.2525 0.3203 0.3898 0.4235 0.4253 0.4067 0.3607 0.2577 0.1827 0.2064 0.2599 0.3291 0.3964 0.4249 0.4241 0.4030 0.3523 0.2428 0.1815 0.2119 0.2675 0.3379 0.4022 0.4260 0.4227 0.3992 0.3442 0.2313 0.1815 0.2157 0.2721 0.3425 0.4046 0.4263 0.4222 0.3984 0.3423 0.2276 0.1771 0.2276 0.3423 0.3984 0.4222 0.4263 0.4046 0.3425 0.2721 0.2157 0.1815 0.2313 0.3442 0.3992 0.4227 0.4260 0.4022 0.3379 0.2675 0.2119 0.1815 0.2428 0.3523 0.4030 0.4241 0.4249 0.3964 0.3291 0.2599 0.2064 0.1827 0.2577 0.3607 0.4067 0.4253 0.4235 0.3898 0.3203 0.2525 0.2012 0.1852 0.2729 0.3683 0.4100 0.4262 0.4217 0.3826 0.3115 0.2455 0.1962 0.2535
0.2541 0.2448 0.3107 0.3819 0.4215 0.4263 0.4103 0.3690 0.2743 0.1855 0.2007 0.2518 0.3194 0.3892 0.4234 0.4254 0.4070 0.3615 0.2592 0.1829 0.2059 0.2592 0.3282 0.3958 0.4248 0.4242 0.4034 0.3531 0.2442 0.1816 0.2114 0.2667 0.3371 0.4018 0.4259 0.4228 0.3994 0.3444 0.2313 0.1815 0.2160 0.2726 0.3431 0.4050 0.4264 0.4221 0.3978 0.3417 0.2279 0.1821 0.1954 0.1821 0.2279 0.3417 0.3978 0.4221 0.4264 0.4050 0.3431 0.2726 0.2160 0.1815 0.2313 0.3444 0.3994 0.4228 0.4259 0.4018 0.3371 0.2667 0.2114 0.1816 0.2442 0.3531 0.4034 0.4242 0.4248 0.3958 0.3282 0.2592 0.2059 0.1829 0.2592 0.3615 0.4070 0.4254 0.4234 0.3892 0.3194 0.2518 0.2007 0.1855 0.2743 0.3690 0.4103 0.4263 0.4215 0.3819 0.3107 0.2448 0.2541
0.2852 0.3098 0.3812 0.4213 0.4264 0.4106 0.3697 0.2758 0.1858 0.2002 0.2512 0.3186 0.3885 0.4232 0.4255 0.4073 0.3622 0.2606 0.1830 0.2054 0.2585 0.3274 0.3952 0.4247 0.4244 0.4037 0.3540 0.2457 0.1816 0.2108 0.2660 0.3362 0.4012 0.4258 0.4229 0.3997 0.3450 0.2318 0.1815 0.2160 0.2727 0.3434 0.4053 0.4264 0.4219 0.3974 0.3407 0.2269 0.1829 0.2188 0.2450 0.2188 0.1829 0.2269 0.3407 0.3974 0.4219 0.4264 0.4053 0.3434 0.2727 0.2160 0.1815 0.2318 0.3450 0.3997 0.4229 0.4258 0.4012 0.3362 0.2660 0.2108 0.1816 0.2457 0.3540 0.4037 0.4244 0.4247 0.3952 0.3274 0.2585 0.2054 0.1830 0.2606 0.3622 0.4073 0.4255 0.4232 0.3885 0.3186 0.2512 0.2002 0.1858 0.2758 0.3697 0.4106 0.4264 0.4213 0.3812 0.3098 0.2852
0.3310 0.3808 0.4210 0.4265 0.4109 0.3704 0.2772 0.1861 0.1997 0.2505 0.3177 0.3878 0.4230 0.4256 0.4077 0.3630 0.2621 0.1832 0.2049 0.2577 0.3265 0.3946 0.4246 0.4245 0.4041 0.3548 0.2471 0.1817 0.2103 0.2653 0.3354 0.4007 0.4257 0.4231 0.4001 0.3457 0.2328 0.1815 0.2157 0.2726 0.3434 0.4054 0.4264 0.4218 0.3971 0.3398 0.2258 0.1817 0.2198 0.2773 0.3123 0.2773 0.2198 0.1817 0.2258 0.3398 0.3971 0.4218 0.4264 0.4054 0.3434 0.2726 0.2157 0.1815 0.2328 0.3457 0.4001 0.4231 0.4257 0.4007 0.3354 0.2653 0.2103 0.1817 0.2471 0.3548 0.4041 0.4245 0.4246 0.3946 0.3265 0.2577 0.2049 0.1832 0.2621 0.3630 0.4077 0.4256 0.4230 0.3878 0.3177 0.2505 0.1997 0.1861 0.2772 0.3704 0.4109 0.4265 0.4210 0.3808 0.3310
0.3820 0.4224 0.4264 0.4112 0.3711 0.2787 0.1865 0.1992 0.2498 0.3169 0.3871 0.4229 0.4257 0.4080 0.3637 0.2635 0.1835 0.2044 0.2570 0.3257 0.3940 0.4244 0.4246 0.4044 0.3556 0.2485 0.1818 0.2098 0.2645 0.3345 0.4001 0.4256 0.4232 0.4005 0.3467 0.2340 0.1814 0.2154 0.2721 0.3431 0.4053 0.4264 0.4218 0.3969 0.3393 0.2249 0.1818 0.2183 0.2780 0.3497 0.3855 0.3497 0.2780 0.2183 0.1818 0.2249 0.3393 0.3969 0.4218 0.4264 0.4053 0.3431 0.2721 0.2154 0.1814 0.2340 0.3467 0.4005 0.4232 0.4256 0.4001 0.3345 0.2645 0.2098 0.1818 0.2485 0.3556 0.4044 0.4246 0.4244 0.3940 0.3257 0.2570 0.2044 0.1835 0.2635 0.3637 0.4080 0.4257 0.4229 0.3871 0.3169 0.2498 0.1992 0.1865 0.2787 0.3711 0.4112 0.4264 0.4224 0.3820
0.4156 0.4285 0.4115 0.3717 0.2801 0.1868 0.1988 0.2491 0.3161 0.3865 0.4227 0.4258 0.4083 0.3644 0.2650 0.1837 0.2039 0.2563 0.3248 0.3933 0.4243 0.4247 0.4048 0.3564 0.2499 0.1819 0.2092 0.2638 0.3337 0.3996 0.4255 0.4234 0.4009 0.3476 0.2354 0.1814 0.2148 0.2715 0.3425 0.4050 0.4264 0.4218 0.3969 0.3391 0.2243 0.1819 0.2188 0.2761 0.3493 0.4100 0.4237 0.4100 0.3493 0.2761 0.2188 0.1819 0.2243 0.3391 0.3969 0.4218 0.4264 0.4050 0.3425 0.2715 0.2148 0.1814 0.2354 0.3476 0.4009 0.4234 0.4255 0.3996 0.3337 0.2638 0.2092 0.1819 0.2499 0.3564 0.4048 0.4247 0.4243 0.3933 0.3248 0.2563 0.2039 0.1837 0.2650 0.3644 0.4083 0.4258 0.4227 0.3865 0.3161 0.2491 0.1988 0.1868 0.2801 0.3717 0.4115 0.4285 0.4156
0.4282 0.4125 0.3724 0.2816 0.1872 0.1983 0.2484 0.3152 0.3858 0.4225 0.4259 0.4086 0.3652 0.2664 0.1839 0.2034 0.2556 0.3240 0.3927 0.4242 0.4248 0.4052 0.3572 0.2514 0.1820 0.2087 0.2631 0.3328 0.3990 0.4254 0.4235 0.4013 0.3484 0.2367 0.1814 0.2143 0.2707 0.3417 0.4046 0.4264 0.4219 0.3971 0.3393 0.2243 0.1819 0.2191 0.2766 0.3475 0.4082 0.4272 0.4227 0.4272 0.4082 0.3475 0.2766 0.2191 0.1819 0.2243 0.3393 0.3971 0.4219 0.4264 0.4046 0.3417 0.2707 0.2143 0.1814 0.2367 0.3484 0.4013 0.4235 0.4254 0.3990 0.3328 0.2631 0.2087 0.1820 0.2514 0.3572 0.4052 0.4248 0.4242 0.3927 0.3240 0.2556 0.2034 0.1839 0.2664 0.3652 0.4086 0.4259 0.4225 0.3858 0.3152 0.2484 0.1983 0.1872 0.2816 0.3724 0.4125 0.4282
0.4242 0.3731 0.2830 0.1876 0.1978 0.2478 0.3144 0.3851 0.4224 0.4260 0.4089 0.3659 0.2679 0.1842 0.2029 0.2549 0.3232 0.3921 0.4240 0.4249 0.4055 0.3580 0.2528 0.1822 0.2082 0.2623 0.3320 0.3984 0.4253 0.4236 0.4017 0.3493 0.2381 0.1814 0.2137 0.2700 0.3408 0.4041 0.4263 0.4221 0.3974 0.3398 0.2249 0.1819 0.2190 0.2769 0.3480 0.4077 0.4268 0.4190 0.4009 0.4190 0.4268 0.4077 0.3480 0.2768 0.2191 0.1819 0.2249 0.3398 0.3974 0.4221 0.4263 0.4041 0.3408 0.2700 0.2137 0.1814 0.2381 0.3493 0.4017 0.4236 0.4253 0.3984 0.3320 0.2623 0.2082 0.1822 0.2528 0.3580 0.4055 0.4249 0.4240 0.3921 0.3232 0.2549 0.2029 0.1842 0.2679 0.3659 0.4089 0.4260 0.4224 0.3851 0.3144 0.2478 0.1978 0.1876 0.2830 0.3731 0.4242
0.3978 0.2845 0.1880 0.1973 0.2471 0.3135 0.3844 0.4222 0.4260 0.4093 0.3666 0.2694 0.1845 0.2024 0.2542 0.3223 0.3914 0.4239 0.4251 0.4059 0.3588 0.2542 0.1823 0.2077 0.2616 0.3311 0.3979 0.4252 0.4238 0.4021 0.3502 0.2395 0.1814 0.2132 0.2693 0.3400 0.4036 0.4262 0.4222 0.3978 0.3407 0.2258 0.1818 0.2188 0.2767 0.3480 0.4079 0.4268 0.4209 0.3903 0.3511 0.3903 0.4209 0.4267 0.4079 0.3480 0.2766 0.2188 0.1818 0.2258 0.3407 0.3978 0.4222 0.4262 0.4035 0.3399 0.2692 0.2132 0.1814 0.2395 0.3502 0.4021 0.4238 0.4252 0.3978 0.3311 0.2616 0.2076 0.1823 0.2542 0.3588 0.4059 0.4251 0.4239 0.3914 0.3222 0.2542 0.2023 0.1844 0.2694 0.3666 0.4093 0.4260 0.4222 0.3843 0.3135 0.2470 0.1973 0.1880 0.2845 0.3978
0.3278 0.1885 0.1969 0.2464 0.3127 0.3837 0.4220 0.4261 0.4096 0.3673 0.2708 0.1847 0.2019 0.2535 0.3215 0.3908 0.4237 0.4252 0.4062 0.3596 0.2557 0.1824 0.2071 0.2609 0.3303 0.3973 0.4251 0.4239 0.4024 0.3511 0.2409 0.1815 0.2127 0.2685 0.3391 0.4030 0.4261 0.4224 0.3983 0.3416 0.2269 0.1817 0.2184 0.2762 0.3477 0.4078 0.4268 0.4209 0.3945 0.3282 0.2541 0.3283 0.3947 0.4210 0.4268 0.4077 0.3475 0.2761 0.2183 0.1817 0.2269 0.3417 0.3984 0.4224 0.4261 0.4029 0.3390 0.2684 0.2126 0.1814 0.2409 0.3512 0.4026 0.4240 0.4251 0.3972 0.3302 0.2608 0.2071 0.1824 0.2557 0.3597 0.4063 0.4252 0.4237 0.3907 0.3214 0.2535 0.2018 0.1847 0.2708 0.3675 0.4097 0.4262 0.4219 0.3835 0.3126 0.2463 0.1968 0.1885 0.3277
0.2534 0.1964 0.2458 0.3119 0.3830 0.4218 0.4262 0.4099 0.3680 0.2723 0.1850 0.2014 0.2528 0.3206 0.3901 0.4236 0.4253 0.4065 0.3604 0.2571 0.1826 0.2066 0.2602 0.3294 0.3967 0.4250 0.4240 0.4028 0.3519 0.2422 0.1815 0.2121 0.2678 0.3383 0.4025 0.4261 0.4226 0.3987 0.3426 0.2282 0.1816 0.2179 0.2756 0.3470 0.4076 0.4268 0.4209 0.3947 0.3335 0.2167 0.1753 0.2169 0.3332 0.3947 0.4209 0.4268 0.4082 0.3493 0.2780 0.2198 0.1829 0.2279 0.3423 0.3986 0.4226 0.4261 0.4034 0.3406 0.2702 0.2140 0.1826 0.2418 0.3517 0.4028 0.4241 0.4250 0.3978 0.3319 0.2626 0.2085 0.1836 0.2565 0.3602 0.4065 0.4253 0.4236 0.3915 0.3231 0.2552 0.2032 0.1859 0.2716 0.3679 0.4099 0.4262 0.4219 0.3845 0.3144 0.2480 0.1983 0.2536
0.2543 0.2451 0.3110 0.3822 0.4216 0.4263 0.4102 0.3687 0.2737 0.1853 0.2009 0.2521 0.3198 0.3895 0.4234 0.4254 0.4069 0.3611 0.2586 0.1828 0.2061 0.2595 0.3286 0.3961 0.4249 0.4242 0.4032 0.3528 0.2436 0.1815 0.2116 0.2670 0.3374 0.4020 0.4260 0.4227 0.3991 0.3435 0.2295 0.1816 0.2173 0.2748 0.3462 0.4072 0.4267 0.4210 0.3947 0.3341 0.2181 0.1849 0.2006 0.1799 0.2168 0.3284 0.3903 0.4190 0.4272 0.4100 0.3497 0.2773 0.2188 0.1821 0.2276 0.3373 0.3949 0.4209 0.4267 0.4051 0.3408 0.2694 0.2130 0.1818 0.2416 0.3466 0.3993 0.4227 0.4260 0.3994 0.3318 0.2617 0.2075 0.1828 0.2564 0.3551 0.4033 0.4242 0.4248 0.3929 0.3229 0.2543 0.2022 0.1852 0.2713 0.3629 0.4069 0.4254 0.4233 0.3858 0.3143 0.2474 0.2555
0.2854 0.3102 0.3815 0.4214 0.4263 0.4105 0.3694 0.2752 0.1856 0.2004 0.2515 0.3189 0.3888 0.4233 0.4255 0.4072 0.3619 0.2600 0.1830 0.2056 0.2588 0.3277 0.3955 0.4248 0.4243 0.4036 0.3536 0.2451 0.1816 0.2110 0.2663 0.3366 0.4015 0.4259 0.4229 0.3995 0.3444 0.2308 0.1815 0.2167 0.2741 0.3454 0.4067 0.4267 0.4211 0.3950 0.3344 0.2185 0.1856 0.2255 0.2265 0.1918 0.1741 0.2535 0.3510 0.4009 0.4227 0.4237 0.3855 0.3123 0.2450 0.1954 0.1771 0.2672 0.3586 0.4046 0.4241 0.4218 0.3775 0.3034 0.2381 0.1906 0.1815 0.2811 0.3660 0.4081 0.4251 0.4193 0.3691 0.2948 0.2315 0.1861 0.1879 0.2945 0.3729 0.4111 0.4259 0.4161 0.3604 0.2863 0.2251 0.1820 0.1966 0.3071 0.3791 0.4139 0.4264 0.4122 0.3519 0.2788 0.2690
0.3312 0.3811 0.4211 0.4264 0.4108 0.3701 0.2766 0.1859 0.1999 0.2507 0.3180 0.3881 0.4231 0.4256 0.4075 0.3626 0.2615 0.1831 0.2050 0.2580 0.3268 0.3948 0.4246 0.4244 0.4039 0.3544 0.2465 0.1816 0.2105 0.2655 0.3357 0.4009 0.4258 0.4230 0.3999 0.3454 0.2321 0.1814 0.2161 0.2733 0.3445 0.4062 0.4266 0.4213 0.3955 0.3353 0.2192 0.1829 0.2260 0.2671 0.2558 0.2431 0.2305 0.3254 0.3903 0.4190 0.4272 0.4100 0.3497 0.2773 0.2188 0.1821 0.2276 0.3373 0.3949 0.4209 0.4267 0.4051 0.3408 0.2694 0.2130 0.1818 0.2416 0.3466 0.3993 0.4227 0.4260 0.3994 0.3318 0.2617 0.2075 0.1828 0.2564 0.3551 0.4033 0.4242 0.4248 0.3929 0.3229 0.2543 0.2022 0.1852 0.2713 0.3629 0.4069 0.4254 0.4233 0.3858 0.3143 0.2474 0.2555
0.3822 0.4224 0.4264 0.4112 0.3709 0.2781 0.1863 0.1994 0.2500 0.3171 0.3873 0.4229 0.4257 0.4080 0.3635 0.2629 0.1833 0.2045 0.2573 0.3259 0.3941 0.4245 0.4246 0.4044 0.3554 0.2479 0.1817 0.2099 0.2647 0.3348 0.4003 0.4257 0.4232 0.4004 0.3464 0.2335 0.1814 0.2156 0.2725 0.3436 0.4057 0.4265 0.4216 0.3960 0.3364 0.2202 0.1823 0.2217 0.2824 0.3427 0.3752 0.4346 0.3448 0.3907 0.4211 0.4268 0.4082 0.3493 0.2780 0.2198 0.1829 0.2279 0.3423 0.3986 0.4226 0.4261 0.4034 0.3406 0.2702 0.2140 0.1826 0.2418 0.3517 0.4028 0.4241 0.4250 0.3978 0.3319 0.2626 0.2085 0.1836 0.2565 0.3602 0.4065 0.4253 0.4236 0.3915 0.3231 0.2552 0.2032 0.1859 0.2716 0.3679 0.4099 0.4262 0.4219 0.3845 0.3144 0.2480 0.1983 0.2536
0.4163 0.4285 0.4113 0.3713 0.2787 0.1875 0.2007 0.2517 0.3189 0.3882 0.4228 0.4258 0.4082 0.3639 0.2638 0.1845 0.2059 0.2590 0.3277 0.3948 0.4244 0.4247 0.4046 0.3558 0.2488 0.1830 0.2113 0.2665 0.3364 0.4008 0.4256 0.4233 0.4007 0.3469 0.2344 0.1826 0.2170 0.2743 0.3452 0.4060 0.4265 0.4217 0.3963 0.3369 0.2213 0.1836 0.2230 0.2826 0.3546 0.4074 0.4245 0.3991 0.3843 0.4209 0.4267 0.4076 0.3475 0.2762 0.2183 0.1817 0.2269 0.3417 0.3984 0.4224 0.4261 0.4029 0.3390 0.2684 0.2126 0.1814 0.2409 0.3512 0.4026 0.4240 0.4251 0.3972 0.3302 0.2608 0.2071 0.1824 0.2557 0.3597 0.4063 0.4252 0.4237 0.3907 0.3214 0.2535 0.2018 0.1847 0.2708 0.3675 0.4097 0.4262 0.4219 0.3835 0.3126 0.2463 0.1968 0.1885 0.3277
0.4282 0.4089 0.3662 0.2779 0.1867 0.1997 0.2508 0.3186 0.3896 0.4241 0.4248 0.4051 0.3589 0.2636 0.1838 0.2049 0.2581 0.3275 0.3964 0.4255 0.4234 0.4013 0.3508 0.2486 0.1821 0.2103 0.2656 0.3365 0.4025 0.4264 0.4218 0.3971 0.3419 0.2342 0.1818 0.2160 0.2735 0.3454 0.4078 0.4270 0.4199 0.3924 0.3321 0.2209 0.1826 0.2219 0.2814 0.3542 0.4125 0.4272 0.4190 0.3900 0.4193 0.4267 0.4076 0.3479 0.2767 0.2188 0.1818 0.2258 0.3407 0.3978 0.4222 0.4262 0.4035 0.3399 0.2692 0.2132 0.1814 0.2395 0.3502 0.4021 0.4238 0.4252 0.3978 0.3311 0.2616 0.2076 0.1823 0.2542 0.3588 0.4059 0.4251 0.4239 0.3914 0.3222 0.2542 0.2023 0.1844 0.2694 0.3666 0.4093 0.4260 0.4222 0.3843 0.3135 0.2470 0.1973 0.1880 0.2845 0.3978
0.4238 0.3812 0.3123 0.2015 0.1803 0.2220 0.2822 0.3560 0.4142 0.4262 0.4126 0.3761 0.3009 0.1919 0.1840 0.2283 0.2905 0.3648 0.4178 0.4255 0.4096 0.3695 0.2878 0.1844 0.1884 0.2348 0.2991 0.3734 0.4207 0.4246 0.4064 0.3624 0.2741 0.1790 0.1930 0.2416 0.3079 0.3816 0.4229 0.4234 0.4028 0.3549 0.2607 0.1758 0.1975 0.2478 0.3155 0.3879 0.4243 0.4216 0.4019 0.4169 0.4267 0.4073 0.3478 0.2770 0.2191 0.1819 0.2249 0.3398 0.3974 0.4221 0.4263 0.4041 0.3408 0.2700 0.2137 0.1814 0.2381 0.3493 0.4017 0.4236 0.4253 0.3984 0.3320 0.2623 0.2082 0.1822 0.2528 0.3580 0.4055 0.4249 0.4240 0.3921 0.3232 0.2549 0.2029 0.1842 0.2679 0.3659 0.4089 0.4260 0.4224 0.3851 0.3144 0.2478 0.1978 0.1876 0.2830 0.3731 0.4242
