0.2295 1.0000 1.0000 1.0000 0.0005 0.0015 0.0047 0.0146 0.0459 0.1443 0.4533 1.0000 1.0000 1.0000 0.0005 0.0015 0.0047 0.0147 0.0462 0.1451 0.4559 1.0000 1.0000 1.0000 0.0005 0.0015 0.0047 0.0148 0.0464 0.1459 0.4585 1.0000 1.0000 1.0000 0.0005 0.0015 0.0047 0.0149 0.0467 0.1468 0.4611 1.0000 1.0000 1.0000 0.0005 0.0015 0.0048 0.0149 0.0476 0.1722 0.4099 0.1722 0.0476 0.0149 0.0048 0.0015 0.0005 1.0000 1.0000 1.0000 0.4611 0.1468 0.0467 0.0149 0.0047 0.0015 0.0005 1.0000 1.0000 1.0000 0.4585 0.1459 0.0464 0.0148 0.0047 0.0015 0.0005 1.0000 1.0000 1.0000 0.4559 0.1451 0.0462 0.0147 0.0047 0.0015 0.0005 1.0000 1.0000 1.0000 0.4533 0.1443 0.0459 0.0146 0.0047 0.0015 0.0005 1.0000 1.0000 1.0000 0.2295
1.0000 1.0000 1.0000 0.0010 0.0030 0.0095 0.0298 0.0935 0.2938 0.9250 1.0000 1.0000 1.0000 0.0010 0.0030 0.0095 0.0300 0.0942 0.2961 0.9303 1.0000 1.0000 1.0000 0.0010 0.0031 0.0096 0.0302 0.0948 0.2978 0.9356 1.0000 1.0000 1.0000 0.0010 0.0031 0.0097 0.0303 0.0953 0.2995 0.9410 1.0000 1.0000 1.0000 0.0010 0.0031 0.0097 0.0305 0.0953 0.3023 1.0000 1.0000 1.0000 0.3023 0.0953 0.0305 0.0097 0.0031 0.0010 1.0000 1.0000 1.0000 0.9410 0.2995 0.0953 0.0303 0.0097 0.0031 0.0010 1.0000 1.0000 1.0000 0.9356 0.2978 0.0948 0.0302 0.0096 0.0031 0.0010 1.0000 1.0000 1.0000 0.9303 0.2961 0.0942 0.0300 0.0095 0.0030 0.0010 1.0000 1.0000 1.0000 0.9250 0.2938 0.0935 0.0298 0.0095 0.0030 0.0010 1.0000 1.0000 1.0000
1.0000 1.0000 0.0009 0.0028 0.0087 0.0275 0.0863 0.2713 0.8540 1.0000 1.0000 1.0000 0.0009 0.0028 0.0088 0.0277 0.0872 0.2733 0.8605 1.0000 1.0000 1.0000 0.0009 0.0028 0.0089 0.0279 0.0875 0.2754 0.8638 1.0000 1.0000 1.0000 0.0009 0.0028 0.0089 0.0281 0.0880 0.2770 0.8687 1.0000 1.0000 1.0000 0.0009 0.0029 0.0090 0.0282 0.0887 0.2770 0.8787 1.0000 1.0000 1.0000 0.8787 0.2770 0.0887 0.0282 0.0090 0.0029 0.0009 1.0000 1.0000 1.0000 0.8687 0.2770 0.0880 0.0281 0.0089 0.0028 0.0009 1.0000 1.0000 1.0000 0.8638 0.2754 0.0875 0.0279 0.0089 0.0028 0.0009 1.0000 1.0000 1.0000 0.8605 0.2733 0.0872 0.0277 0.0088 0.0028 0.0009 1.0000 1.0000 1.0000 0.8540 0.2713 0.0863 0.0275 0.0087 0.0028 0.0009 1.0000 1.0000
1.0000 0.0010 0.0028 0.0089 0.0281 0.0885 0.2786 0.8754 1.0000 1.0000 1.0000 0.0009 0.0029 0.0090 0.0284 0.0893 0.2807 0.8820 1.0000 1.0000 1.0000 0.0009 0.0029 0.0091 0.0286 0.0899 0.2823 0.8871 1.0000 1.0000 1.0000 0.0009 0.0029 0.0092 0.0288 0.0904 0.2839 0.8922 1.0000 1.0000 1.0000 0.0009 0.0029 0.0092 0.0289 0.0909 0.2856 0.8939 1.0000 1.0000 1.0000 1.0000 1.0000 0.8939 0.2856 0.0909 0.0289 0.0092 0.0029 0.0009 1.0000 1.0000 1.0000 0.8922 0.2839 0.0904 0.0288 0.0092 0.0029 0.0009 1.0000 1.0000 1.0000 0.8871 0.2823 0.0899 0.0286 0.0091 0.0029 0.0009 1.0000 1.0000 1.0000 0.8820 0.2807 0.0893 0.0284 0.0090 0.0029 0.0009 1.0000 1.0000 1.0000 0.8754 0.2786 0.0885 0.0281 0.0089 0.0028 0.0010 1.0000
0.0005 0.0030 0.0087 0.0281 0.0885 0.2802 0.8837 1.0000 1.0000 1.0000 0.0009 0.0029 0.0092 0.0288 0.0904 0.2839 0.8922 1.0000 1.0000 1.0000 0.0009 0.0029 0.0092 0.0289 0.0909 0.2856 0.8973 1.0000 1.0000 1.0000 0.0009 0.0029 0.0093 0.0291 0.0914 0.2872 0.9024 1.0000 1.0000 1.0000 0.0009 0.0030 0.0093 0.0293 0.0919 0.2888 0.9076 1.0000 1.0000 1.0000 1.0000 1.0000 1.0000 1.0000 0.9076 0.2888 0.0919 0.0293 0.0093 0.0030 0.0009 1.0000 1.0000 1.0000 0.9024 0.2872 0.0914 0.0291 0.0093 0.0029 0.0009 1.0000 1.0000 1.0000 0.8973 0.2856 0.0909 0.0289 0.0092 0.0029 0.0009 1.0000 1.0000 1.0000 0.8922 0.2839 0.0904 0.0288 0.0092 0.0029 0.0009 1.0000 1.0000 1.0000 0.8837 0.2802 0.0885 0.0281 0.0087 0.0030 0.0005
0.0015 0.0095 0.0275 0.0885 0.2802 0.8871 1.0000 1.0000 1.0000 0.0009 0.0030 0.0093 0.0291 0.0916 0.2877 0.9041 1.0000 1.0000 1.0000 0.0009 0.0030 0.0093 0.0293 0.0921 0.2894 0.9093 1.0000 1.0000 1.0000 0.0010 0.0030 0.0094 0.0295 0.0926 0.2910 0.9145 1.0000 1.0000 1.0000 0.0010 0.0030 0.0094 0.0296 0.0932 0.2927 0.9197 1.0000 1.0000 1.0000 0.0011 0.0025 0.0011 1.0000 1.0000 1.0000 0.9197 0.2927 0.0932 0.0296 0.0094 0.0030 0.0010 1.0000 1.0000 1.0000 0.9145 0.2910 0.0926 0.0295 0.0094 0.0030 0.0010 1.0000 1.0000 1.0000 0.9093 0.2894 0.0921 0.0293 0.0093 0.0030 0.0009 1.0000 1.0000 1.0000 0.9041 0.2877 0.0916 0.0291 0.0093 0.0030 0.0009 1.0000 1.0000 1.0000 0.8871 0.2802 0.0885 0.0275 0.0095 0.0015
0.0047 0.0298 0.0863 0.2786 0.8837 1.0000 1.0000 1.0000 0.0009 0.0030 0.0094 0.0295 0.0928 0.2916 0.9162 1.0000 1.0000 1.0000 0.0010 0.0030 0.0095 0.0297 0.0933 0.2933 0.9215 1.0000 1.0000 1.0000 0.0010 0.0030 0.0095 0.0299 0.0939 0.2949 0.9267 1.0000 1.0000 1.0000 0.0010 0.0030 0.0096 0.0300 0.0944 0.2966 0.9321 1.0000 1.0000 1.0000 0.0010 0.0035 0.0079 0.0035 0.0010 1.0000 1.0000 1.0000 0.9321 0.2966 0.0944 0.0300 0.0096 0.0030 0.0010 1.0000 1.0000 1.0000 0.9267 0.2949 0.0939 0.0299 0.0095 0.0030 0.0010 1.0000 1.0000 1.0000 0.9215 0.2933 0.0933 0.0297 0.0095 0.0030 0.0010 1.0000 1.0000 1.0000 0.9162 0.2916 0.0928 0.0295 0.0094 0.0030 0.0009 1.0000 1.0000 1.0000 0.8837 0.2786 0.0863 0.0298 0.0047
0.0146 0.0935 0.2713 0.8754 1.0000 1.0000 1.0000 0.0009 0.0030 0.0095 0.0298 0.0939 0.2955 0.9285 1.0000 1.0000 1.0000 0.0010 0.0030 0.0096 0.0301 0.0946 0.2972 0.9338 1.0000 1.0000 1.0000 0.0010 0.0031 0.0096 0.0303 0.0951 0.2989 0.9392 1.0000 1.0000 1.0000 0.0010 0.0031 0.0097 0.0304 0.0957 0.3006 0.9445 1.0000 1.0000 1.0000 0.0010 0.0031 0.0113 0.0251 0.0113 0.0031 0.0010 1.0000 1.0000 1.0000 0.9445 0.3006 0.0957 0.0304 0.0097 0.0031 0.0010 1.0000 1.0000 1.0000 0.9392 0.2989 0.0951 0.0303 0.0096 0.0031 0.0010 1.0000 1.0000 1.0000 0.9338 0.2972 0.0946 0.0301 0.0096 0.0030 0.0010 1.0000 1.0000 1.0000 0.9285 0.2955 0.0939 0.0298 0.0095 0.0030 0.0009 1.0000 1.0000 1.0000 0.8754 0.2713 0.0935 0.0146
0.0459 0.2938 0.8540 1.0000 1.0000 1.0000 0.0009 0.0030 0.0095 0.0300 0.0948 0.2983 0.9392 1.0000 1.0000 1.0000 0.0010 0.0031 0.0097 0.0305 0.0959 0.3012 0.9463 1.0000 1.0000 1.0000 0.0010 0.0031 0.0098 0.0307 0.0964 0.3029 0.9518 1.0000 1.0000 1.0000 0.0010 0.0031 0.0098 0.0309 0.0970 0.3046 0.9572 1.0000 1.0000 1.0000 0.0010 0.0031 0.0099 0.0359 0.0800 0.0359 0.0099 0.0031 0.0010 1.0000 1.0000 1.0000 0.9572 0.3046 0.0970 0.0309 0.0098 0.0031 0.0010 1.0000 1.0000 1.0000 0.9518 0.3029 0.0964 0.0307 0.0098 0.0031 0.0010 1.0000 1.0000 1.0000 0.9463 0.3012 0.0959 0.0305 0.0097 0.0031 0.0010 1.0000 1.0000 1.0000 0.9392 0.2983 0.0948 0.0300 0.0095 0.0030 0.0009 1.0000 1.0000 1.0000 0.8540 0.2938 0.0459
0.1443 0.9250 1.0000 1.0000 1.0000 0.0009 0.0030 0.0095 0.0300 0.0951 0.3006 0.9481 1.0000 1.0000 1.0000 0.0010 0.0031 0.0098 0.0309 0.0971 0.3052 0.9590 1.0000 1.0000 1.0000 0.0010 0.0031 0.0099 0.0311 0.0977 0.3070 0.9645 1.0000 1.0000 1.0000 0.0010 0.0032 0.0100 0.0313 0.0983 0.3087 0.9700 1.0000 1.0000 1.0000 0.0010 0.0032 0.0100 0.0316 0.1142 0.2548 0.1142 0.0316 0.0100 0.0032 0.0010 1.0000 1.0000 1.0000 0.9700 0.3087 0.0983 0.0313 0.0100 0.0032 0.0010 1.0000 1.0000 1.0000 0.9645 0.3070 0.0977 0.0311 0.0099 0.0031 0.0010 1.0000 1.0000 1.0000 0.9590 0.3052 0.0971 0.0309 0.0098 0.0031 0.0010 1.0000 1.0000 1.0000 0.9481 0.3006 0.0951 0.0300 0.0095 0.0030 0.0009 1.0000 1.0000 1.0000 0.9250 0.1443
0.4533 1.0000 1.0000 1.0000 0.0009 0.0030 0.0094 0.0298 0.0948 0.3006 0.9518 1.0000 1.0000 1.0000 0.0010 0.0032 0.0100 0.0313 0.0984 0.3093 0.9719 1.0000 1.0000 1.0000 0.0010 0.0032 0.0100 0.0315 0.0990 0.3111 0.9774 1.0000 1.0000 1.0000 0.0010 0.0032 0.0101 0.0317 0.0996 0.3129 0.9830 1.0000 1.0000 1.0000 0.0010 0.0032 0.0101 0.0317 0.1005 0.3636 0.8112 0.3636 0.1005 0.0317 0.0101 0.0032 0.0010 1.0000 1.0000 1.0000 0.9830 0.3129 0.0996 0.0317 0.0101 0.0032 0.0010 1.0000 1.0000 1.0000 0.9774 0.3111 0.0990 0.0315 0.0100 0.0032 0.0010 1.0000 1.0000 1.0000 0.9719 0.3093 0.0984 0.0313 0.0100 0.0032 0.0010 1.0000 1.0000 1.0000 0.9518 0.3006 0.0948 0.0298 0.0094 0.0030 0.0009 1.0000 1.0000 1.0000 0.4533
1.0000 1.0000 1.0000 0.0009 0.0029 0.0093 0.0295 0.0939 0.2983 0.9481 1.0000 1.0000 1.0000 0.0010 0.0032 0.0101 0.0317 0.0998 0.3135 0.9849 1.0000 1.0000 1.0000 0.0010 0.0032 0.0102 0.0319 0.1003 0.3152 0.9905 1.0000 1.0000 1.0000 0.0010 0.0033 0.0102 0.0321 0.1009 0.3171 0.9962 1.0000 1.0000 1.0000 0.0010 0.0033 0.0103 0.0323 0.1011 0.3201 1.0000 1.0000 1.0000 0.3201 0.1011 0.0323 0.0103 0.0033 0.0010 1.0000 1.0000 1.0000 0.9962 0.3171 0.1009 0.0321 0.0102 0.0033 0.0010 1.0000 1.0000 1.0000 0.9905 0.3152 0.1003 0.0319 0.0102 0.0032 0.0010 1.0000 1.0000 1.0000 0.9849 0.3135 0.0998 0.0317 0.0101 0.0032 0.0010 1.0000 1.0000 1.0000 0.9481 0.2983 0.0939 0.0295 0.0093 0.0029 0.0009 1.0000 1.0000 1.0000
1.0000 1.0000 0.0009 0.0029 0.0092 0.0291 0.0928 0.2955 0.9392 1.0000 1.0000 1.0000 0.0010 0.0032 0.0102 0.0321 0.1009 0.3177 0.9981 1.0000 1.0000 1.0000 0.0010 0.0033 0.0103 0.0324 0.1017 0.3195 1.0000 1.0000 1.0000 1.0000 0.0010 0.0033 0.0104 0.0325 0.1023 0.3213 1.0000 1.0000 1.0000 1.0000 0.0011 0.0033 0.0104 0.0327 0.1028 0.3219 1.0000 1.0000 1.0000 1.0000 1.0000 0.3219 0.1028 0.0327 0.0104 0.0033 0.0011 1.0000 1.0000 1.0000 1.0000 0.3213 0.1023 0.0325 0.0104 0.0033 0.0010 1.0000 1.0000 1.0000 1.0000 0.3195 0.1017 0.0324 0.0103 0.0033 0.0010 1.0000 1.0000 1.0000 0.9981 0.3177 0.1009 0.0321 0.0102 0.0032 0.0010 1.0000 1.0000 1.0000 0.9392 0.2955 0.0928 0.0291 0.0092 0.0029 0.0009 1.0000 1.0000
1.0000 0.0010 0.0028 0.0090 0.0288 0.0916 0.2916 0.9285 1.0000 1.0000 1.0000 0.0010 0.0032 0.0102 0.0323 0.1019 0.3207 1.0000 1.0000 1.0000 1.0000 0.0011 0.0033 0.0104 0.0328 0.1030 0.3238 1.0000 1.0000 1.0000 1.0000 0.0011 0.0033 0.0105 0.0330 0.1036 0.3256 1.0000 1.0000 1.0000 1.0000 0.0011 0.0034 0.0106 0.0332 0.1042 0.3275 1.0000 1.0000 1.0000 1.0000 1.0000 1.0000 1.0000 0.3275 0.1042 0.0332 0.0106 0.0034 0.0011 1.0000 1.0000 1.0000 1.0000 0.3256 0.1036 0.0330 0.0105 0.0033 0.0011 1.0000 1.0000 1.0000 1.0000 0.3238 0.1030 0.0328 0.0104 0.0033 0.0011 1.0000 1.0000 1.0000 1.0000 0.3207 0.1019 0.0323 0.0102 0.0032 0.0010 1.0000 1.0000 1.0000 0.9285 0.2916 0.0916 0.0288 0.0090 0.0028 0.0010 1.0000
0.0005 0.0030 0.0088 0.0284 0.0904 0.2877 0.9162 1.0000 1.0000 1.0000 0.0010 0.0032 0.0102 0.0323 0.1023 0.3231 1.0000 1.0000 1.0000 1.0000 0.0011 0.0034 0.0106 0.0332 0.1044 0.3281 1.0000 1.0000 1.0000 1.0000 0.0011 0.0034 0.0106 0.0334 0.1050 0.3300 1.0000 1.0000 1.0000 1.0000 0.0011 0.0034 0.0107 0.0336 0.1056 0.3319 1.0000 1.0000 1.0000 1.0000 0.0009 1.0000 1.0000 1.0000 1.0000 0.3319 0.1056 0.0336 0.0107 0.0034 0.0011 1.0000 1.0000 1.0000 1.0000 0.3300 0.1050 0.0334 0.0106 0.0034 0.0011 1.0000 1.0000 1.0000 1.0000 0.3281 0.1044 0.0332 0.0106 0.0034 0.0011 1.0000 1.0000 1.0000 1.0000 0.3231 0.1023 0.0323 0.0102 0.0032 0.0010 1.0000 1.0000 1.0000 0.9162 0.2877 0.0904 0.0284 0.0088 0.0030 0.0005
0.0015 0.0095 0.0277 0.0893 0.2839 0.9041 1.0000 1.0000 1.0000 0.0010 0.0032 0.0101 0.0321 0.1019 0.3231 1.0000 1.0000 1.0000 1.0000 0.0011 0.0034 0.0107 0.0337 0.1058 0.3325 1.0000 1.0000 1.0000 1.0000 0.0011 0.0034 0.0108 0.0339 0.1064 0.3344 1.0000 1.0000 1.0000 1.0000 0.0011 0.0035 0.0108 0.0341 0.1070 0.3363 1.0000 1.0000 1.0000 1.0000 0.0013 0.0028 0.0013 1.0000 1.0000 1.0000 1.0000 0.3363 0.1070 0.0341 0.0108 0.0035 0.0011 1.0000 1.0000 1.0000 1.0000 0.3344 0.1064 0.0339 0.0108 0.0034 0.0011 1.0000 1.0000 1.0000 1.0000 0.3325 0.1058 0.0337 0.0107 0.0034 0.0011 1.0000 1.0000 1.0000 1.0000 0.3231 0.1019 0.0321 0.0101 0.0032 0.0010 1.0000 1.0000 1.0000 0.9041 0.2839 0.0893 0.0277 0.0095 0.0015
0.0047 0.0300 0.0872 0.2807 0.8922 1.0000 1.0000 1.0000 0.0010 0.0031 0.0100 0.0317 0.1009 0.3207 1.0000 1.0000 1.0000 1.0000 0.0011 0.0034 0.0108 0.0341 0.1072 0.3369 1.0000 1.0000 1.0000 1.0000 0.0011 0.0035 0.0109 0.0343 0.1078 0.3389 1.0000 1.0000 1.0000 1.0000 0.0011 0.0035 0.0110 0.0345 0.1085 0.3408 1.0000 1.0000 1.0000 1.0000 0.0011 0.0041 0.0091 0.0041 0.0011 1.0000 1.0000 1.0000 1.0000 0.3408 0.1085 0.0345 0.0110 0.0035 0.0011 1.0000 1.0000 1.0000 1.0000 0.3389 0.1078 0.0343 0.0109 0.0035 0.0011 1.0000 1.0000 1.0000 1.0000 0.3369 0.1072 0.0341 0.0108 0.0034 0.0011 1.0000 1.0000 1.0000 1.0000 0.3207 0.1009 0.0317 0.0100 0.0031 0.0010 1.0000 1.0000 1.0000 0.8922 0.2807 0.0872 0.0300 0.0047
0.0147 0.0942 0.2733 0.8820 1.0000 1.0000 1.0000 0.0010 0.0031 0.0098 0.0313 0.0998 0.3177 1.0000 1.0000 1.0000 1.0000 0.0011 0.0035 0.0109 0.0345 0.1085 0.3415 1.0000 1.0000 1.0000 1.0000 0.0011 0.0035 0.0111 0.0348 0.1093 0.3434 1.0000 1.0000 1.0000 1.0000 0.0011 0.0035 0.0111 0.0350 0.1099 0.3454 1.0000 1.0000 1.0000 1.0000 0.0011 0.0036 0.0129 0.0289 0.0129 0.0036 0.0011 1.0000 1.0000 1.0000 1.0000 0.3454 0.1099 0.0350 0.0111 0.0035 0.0011 1.0000 1.0000 1.0000 1.0000 0.3434 0.1093 0.0348 0.0111 0.0035 0.0011 1.0000 1.0000 1.0000 1.0000 0.3415 0.1085 0.0345 0.0109 0.0035 0.0011 1.0000 1.0000 1.0000 1.0000 0.3177 0.0998 0.0313 0.0098 0.0031 0.0010 1.0000 1.0000 1.0000 0.8820 0.2733 0.0942 0.0147
0.0462 0.2961 0.8605 1.0000 1.0000 1.0000 0.0010 0.0030 0.0097 0.0309 0.0984 0.3135 0.9981 1.0000 1.0000 1.0000 0.0011 0.0035 0.0110 0.0347 0.1095 0.3447 1.0000 1.0000 1.0000 1.0000 0.0011 0.0036 0.0112 0.0353 0.1108 0.3480 1.0000 1.0000 1.0000 1.0000 0.0011 0.0036 0.0113 0.0355 0.1114 0.3500 1.0000 1.0000 1.0000 1.0000 0.0011 0.0036 0.0114 0.0412 0.0919 0.0412 0.0114 0.0036 0.0011 1.0000 1.0000 1.0000 1.0000 0.3500 0.1114 0.0355 0.0113 0.0036 0.0011 1.0000 1.0000 1.0000 1.0000 0.3480 0.1108 0.0353 0.0112 0.0036 0.0011 1.0000 1.0000 1.0000 1.0000 0.3447 0.1095 0.0347 0.0110 0.0035 0.0011 1.0000 1.0000 1.0000 0.9981 0.3135 0.0984 0.0309 0.0097 0.0030 0.0010 1.0000 1.0000 1.0000 0.8605 0.2961 0.0462
0.1451 0.9303 1.0000 1.0000 1.0000 0.0009 0.0030 0.0096 0.0305 0.0971 0.3093 0.9849 1.0000 1.0000 1.0000 0.0011 0.0034 0.0109 0.0347 0.1099 0.3474 1.0000 1.0000 1.0000 1.0000 0.0012 0.0036 0.0114 0.0357 0.1122 0.3527 1.0000 1.0000 1.0000 1.0000 0.0012 0.0036 0.0114 0.0359 0.1129 0.3547 1.0000 1.0000 1.0000 1.0000 0.0012 0.0037 0.0115 0.0363 0.1312 0.2927 0.1312 0.0363 0.0115 0.0037 0.0012 1.0000 1.0000 1.0000 1.0000 0.3547 0.1129 0.0359 0.0114 0.0036 0.0012 1.0000 1.0000 1.0000 1.0000 0.3527 0.1122 0.0357 0.0114 0.0036 0.0012 1.0000 1.0000 1.0000 1.0000 0.3474 0.1099 0.0347 0.0109 0.0034 0.0011 1.0000 1.0000 1.0000 0.9849 0.3093 0.0971 0.0305 0.0096 0.0030 0.0009 1.0000 1.0000 1.0000 0.9303 0.1451
0.4559 1.0000 1.0000 1.0000 0.0009 0.0030 0.0095 0.0301 0.0959 0.3052 0.9719 1.0000 1.0000 1.0000 0.0011 0.0034 0.0108 0.0345 0.1095 0.3474 1.0000 1.0000 1.0000 1.0000 0.0012 0.0037 0.0115 0.0362 0.1137 0.3574 1.0000 1.0000 1.0000 1.0000 0.0012 0.0037 0.0116 0.0364 0.1144 0.3595 1.0000 1.0000 1.0000 1.0000 0.0012 0.0037 0.0117 0.0365 0.1155 0.4177 0.9321 0.4177 0.1155 0.0365 0.0117 0.0037 0.0012 1.0000 1.0000 1.0000 1.0000 0.3595 0.1144 0.0364 0.0116 0.0037 0.0012 1.0000 1.0000 1.0000 1.0000 0.3574 0.1137 0.0362 0.0115 0.0037 0.0012 1.0000 1.0000 1.0000 1.0000 0.3474 0.1095 0.0345 0.0108 0.0034 0.0011 1.0000 1.0000 1.0000 0.9719 0.3052 0.0959 0.0301 0.0095 0.0030 0.0009 1.0000 1.0000 1.0000 0.4559
1.0000 1.0000 1.0000 0.0009 0.0029 0.0093 0.0297 0.0946 0.3012 0.9590 1.0000 1.0000 1.0000 0.0011 0.0034 0.0107 0.0341 0.1085 0.3447 1.0000 1.0000 1.0000 1.0000 0.0012 0.0037 0.0117 0.0367 0.1153 0.3622 1.0000 1.0000 1.0000 1.0000 0.0012 0.0037 0.0117 0.0369 0.1159 0.3643 1.0000 1.0000 1.0000 1.0000 0.0012 0.0038 0.0118 0.0371 0.1162 0.3678 1.0000 1.0000 1.0000 0.3678 0.1162 0.0371 0.0118 0.0038 0.0012 1.0000 1.0000 1.0000 1.0000 0.3643 0.1159 0.0369 0.0117 0.0037 0.0012 1.0000 1.0000 1.0000 1.0000 0.3622 0.1153 0.0367 0.0117 0.0037 0.0012 1.0000 1.0000 1.0000 1.0000 0.3447 0.1085 0.0341 0.0107 0.0034 0.0011 1.0000 1.0000 1.0000 0.9590 0.3012 0.0946 0.0297 0.0093 0.0029 0.0009 1.0000 1.0000 1.0000
1.0000 1.0000 0.0009 0.0029 0.0092 0.0293 0.0933 0.2972 0.9463 1.0000 1.0000 1.0000 0.0010 0.0033 0.0106 0.0337 0.1072 0.3415 1.0000 1.0000 1.0000 1.0000 0.0012 0.0037 0.0118 0.0370 0.1166 0.3671 1.0000 1.0000 1.0000 1.0000 0.0012 0.0038 0.0119 0.0374 0.1175 0.3692 1.0000 1.0000 1.0000 1.0000 0.0012 0.0038 0.0120 0.0376 0.1182 0.3699 1.0000 1.0000 1.0000 1.0000 1.0000 0.3699 0.1182 0.0376 0.0120 0.0038 0.0012 1.0000 1.0000 1.0000 1.0000 0.3692 0.1175 0.0374 0.0119 0.0038 0.0012 1.0000 1.0000 1.0000 1.0000 0.3671 0.1166 0.0371 0.0118 0.0037 0.0012 1.0000 1.0000 1.0000 1.0000 0.3415 0.1072 0.0337 0.0106 0.0033 0.0010 1.0000 1.0000 1.0000 0.9463 0.2972 0.0933 0.0293 0.0092 0.0029 0.0009 1.0000 1.0000
1.0000 0.0010 0.0028 0.0091 0.0289 0.0921 0.2933 0.9338 1.0000 1.0000 1.0000 0.0010 0.0033 0.0104 0.0332 0.1058 0.3369 1.0000 1.0000 1.0000 1.0000 0.0012 0.0037 0.0118 0.0373 0.1177 0.3706 1.0000 1.0000 1.0000 1.0000 0.0012 0.0038 0.0121 0.0379 0.1191 0.3741 1.0000 1.0000 1.0000 1.0000 0.0012 0.0039 0.0121 0.0381 0.1197 0.3762 1.0000 1.0000 1.0000 1.0000 1.0000 1.0000 1.0000 0.3762 0.1197 0.0381 0.0121 0.0039 0.0012 1.0000 1.0000 1.0000 1.0000 0.3741 0.1191 0.0379 0.0121 0.0038 0.0012 1.0000 1.0000 1.0000 1.0000 0.3706 0.1175 0.0372 0.0118 0.0037 0.0012 1.0000 1.0000 1.0000 1.0000 0.3369 0.1058 0.0332 0.0104 0.0033 0.0010 1.0000 1.0000 1.0000 0.9338 0.2933 0.0921 0.0289 0.0091 0.0028 0.0010 1.0000
0.0005 0.0031 0.0089 0.0286 0.0909 0.2894 0.9215 1.0000 1.0000 1.0000 0.0010 0.0032 0.0103 0.0328 0.1044 0.3325 1.0000 1.0000 1.0000 1.0000 0.0012 0.0037 0.0118 0.0373 0.1182 0.3734 1.0000 1.0000 1.0000 1.0000 0.0012 0.0039 0.0122 0.0384 0.1207 0.3791 1.0000 1.0000 1.0000 1.0000 0.0012 0.0039 0.0123 0.0386 0.1213 0.3813 1.0000 1.0000 1.0000 1.0000 0.0010 1.0000 1.0000 1.0000 1.0000 0.3813 0.1213 0.0386 0.0123 0.0039 0.0012 1.0000 1.0000 1.0000 1.0000 0.3791 0.1207 0.0384 0.0122 0.0039 0.0012 1.0000 1.0000 1.0000 1.0000 0.3727 0.1179 0.0372 0.0118 0.0037 0.0012 1.0000 1.0000 1.0000 1.0000 0.3325 0.1044 0.0328 0.0103 0.0032 0.0010 1.0000 1.0000 1.0000 0.9215 0.2894 0.0909 0.0286 0.0089 0.0031 0.0005
0.0015 0.0096 0.0279 0.0899 0.2856 0.9093 1.0000 1.0000 1.0000 0.0010 0.0032 0.0102 0.0324 0.1030 0.3281 1.0000 1.0000 1.0000 1.0000 0.0012 0.0037 0.0117 0.0370 0.1177 0.3734 1.0000 1.0000 1.0000 1.0000 0.0013 0.0039 0.0124 0.0389 0.1223 0.3842 1.0000 1.0000 1.0000 1.0000 0.0013 0.0040 0.0125 0.0391 0.1230 0.3864 1.0000 1.0000 1.0000 1.0000 0.0015 0.0033 0.0015 1.0000 1.0000 1.0000 1.0000 0.3864 0.1230 0.0391 0.0125 0.0040 0.0013 1.0000 1.0000 1.0000 1.0000 0.3842 0.1223 0.0389 0.0124 0.0039 0.0013 1.0000 1.0000 1.0000 1.0000 0.3727 0.1175 0.0371 0.0117 0.0037 0.0012 1.0000 1.0000 1.0000 1.0000 0.3281 0.1030 0.0324 0.0102 0.0032 0.0010 1.0000 1.0000 1.0000 0.9093 0.2856 0.0899 0.0279 0.0096 0.0015
0.0047 0.0302 0.0875 0.2823 0.8973 1.0000 1.0000 1.0000 0.0010 0.0031 0.0100 0.0319 0.1017 0.3238 1.0000 1.0000 1.0000 1.0000 0.0011 0.0036 0.0115 0.0367 0.1166 0.3713 1.0000 1.0000 1.0000 1.0000 0.0013 0.0040 0.0125 0.0394 0.1239 0.3893 1.0000 1.0000 1.0000 1.0000 0.0013 0.0040 0.0126 0.0397 0.1246 0.3916 1.0000 1.0000 1.0000 1.0000 0.0013 0.0047 0.0104 0.0047 0.0013 1.0000 1.0000 1.0000 1.0000 0.3916 0.1246 0.0397 0.0126 0.0040 0.0013 1.0000 1.0000 1.0000 1.0000 0.3893 0.1239 0.0394 0.0125 0.0040 0.0013 1.0000 1.0000 1.0000 1.0000 0.3706 0.1166 0.0367 0.0115 0.0036 0.0011 1.0000 1.0000 1.0000 1.0000 0.3238 0.1017 0.0319 0.0100 0.0031 0.0010 1.0000 1.0000 1.0000 0.8973 0.2823 0.0875 0.0302 0.0047
0.0148 0.0948 0.2754 0.8871 1.0000 1.0000 1.0000 0.0010 0.0031 0.0099 0.0315 0.1003 0.3195 1.0000 1.0000 1.0000 1.0000 0.0011 0.0036 0.0114 0.0362 0.1153 0.3671 1.0000 1.0000 1.0000 1.0000 0.0013 0.0040 0.0126 0.0398 0.1253 0.3946 1.0000 1.0000 1.0000 1.0000 0.0013 0.0041 0.0128 0.0402 0.1263 0.3968 1.0000 1.0000 1.0000 1.0000 0.0013 0.0041 0.0149 0.0332 0.0149 0.0041 0.0013 1.0000 1.0000 1.0000 1.0000 0.3968 0.1263 0.0402 0.0128 0.0041 0.0013 1.0000 1.0000 1.0000 1.0000 0.3946 0.1253 0.0398 0.0126 0.0040 0.0013 1.0000 1.0000 1.0000 1.0000 0.3671 0.1153 0.0362 0.0114 0.0036 0.0011 1.0000 1.0000 1.0000 1.0000 0.3195 0.1003 0.0315 0.0099 0.0031 0.0010 1.0000 1.0000 1.0000 0.8871 0.2754 0.0948 0.0148
0.0464 0.2978 0.8638 1.0000 1.0000 1.0000 0.0010 0.0031 0.0098 0.0311 0.0990 0.3152 1.0000 1.0000 1.0000 1.0000 0.0011 0.0035 0.0112 0.0357 0.1137 0.3622 1.0000 1.0000 1.0000 1.0000 0.0013 0.0040 0.0127 0.0400 0.1263 0.3983 1.0000 1.0000 1.0000 1.0000 0.0013 0.0041 0.0130 0.0407 0.1280 0.4021 1.0000 1.0000 1.0000 1.0000 0.0013 0.0041 0.0131 0.0473 0.1056 0.0473 0.0131 0.0041 0.0013 1.0000 1.0000 1.0000 1.0000 0.4021 0.1280 0.0407 0.0130 0.0041 0.0013 1.0000 1.0000 1.0000 1.0000 0.3983 0.1263 0.0400 0.0127 0.0040 0.0013 1.0000 1.0000 1.0000 1.0000 0.3622 0.1137 0.0357 0.0112 0.0035 0.0011 1.0000 1.0000 1.0000 1.0000 0.3152 0.0990 0.0311 0.0098 0.0031 0.0010 1.0000 1.0000 1.0000 0.8638 0.2978 0.0464
0.1459 0.9356 1.0000 1.0000 1.0000 0.0010 0.0030 0.0096 0.0307 0.0977 0.3111 0.9905 1.0000 1.0000 1.0000 0.0011 0.0035 0.0111 0.0353 0.1122 0.3574 1.0000 1.0000 1.0000 1.0000 0.0013 0.0040 0.0126 0.0400 0.1268 0.4006 1.0000 1.0000 1.0000 1.0000 0.0013 0.0042 0.0131 0.0413 0.1297 0.4075 1.0000 1.0000 1.0000 1.0000 0.0013 0.0042 0.0132 0.0417 0.1507 0.3363 0.1507 0.0417 0.0132 0.0042 0.0013 1.0000 1.0000 1.0000 1.0000 0.4075 0.1297 0.0413 0.0131 0.0042 0.0013 1.0000 1.0000 1.0000 1.0000 0.4006 0.1268 0.0400 0.0126 0.0040 0.0013 1.0000 1.0000 1.0000 1.0000 0.3574 0.1122 0.0353 0.0111 0.0035 0.0011 1.0000 1.0000 1.0000 0.9905 0.3111 0.0977 0.0307 0.0096 0.0030 0.0010 1.0000 1.0000 1.0000 0.9356 0.1459
0.4585 1.0000 1.0000 1.0000 0.0009 0.0030 0.0095 0.0303 0.0964 0.3070 0.9774 1.0000 1.0000 1.0000 0.0011 0.0034 0.0109 0.0348 0.1108 0.3527 1.0000 1.0000 1.0000 1.0000 0.0012 0.0039 0.0125 0.0398 0.1263 0.4006 1.0000 1.0000 1.0000 1.0000 0.0013 0.0042 0.0133 0.0418 0.1314 0.4130 1.0000 1.0000 1.0000 1.0000 0.0014 0.0043 0.0134 0.0419 0.1327 0.4799 1.0000 0.4799 0.1327 0.0419 0.0134 0.0043 0.0014 1.0000 1.0000 1.0000 1.0000 0.4130 0.1314 0.0418 0.0133 0.0042 0.0013 1.0000 1.0000 1.0000 1.0000 0.4006 0.1263 0.0398 0.0125 0.0039 0.0012 1.0000 1.0000 1.0000 1.0000 0.3527 0.1108 0.0348 0.0109 0.0034 0.0011 1.0000 1.0000 1.0000 0.9774 0.3070 0.0964 0.0303 0.0095 0.0030 0.0009 1.0000 1.0000 1.0000 0.4585
1.0000 1.0000 1.0000 0.0009 0.0029 0.0094 0.0299 0.0951 0.3029 0.9645 1.0000 1.0000 1.0000 0.0011 0.0034 0.0108 0.0343 0.1093 0.3480 1.0000 1.0000 1.0000 1.0000 0.0012 0.0039 0.0124 0.0394 0.1253 0.3983 1.0000 1.0000 1.0000 1.0000 0.0014 0.0043 0.0135 0.0424 0.1332 0.4185 1.0000 1.0000 1.0000 1.0000 0.0014 0.0043 0.0136 0.0426 0.1335 0.4225 1.0000 1.0000 1.0000 0.4225 0.1335 0.0426 0.0136 0.0043 0.0014 1.0000 1.0000 1.0000 1.0000 0.4185 0.1332 0.0424 0.0135 0.0043 0.0014 1.0000 1.0000 1.0000 1.0000 0.3983 0.1253 0.0394 0.0124 0.0039 0.0012 1.0000 1.0000 1.0000 1.0000 0.3480 0.1093 0.0343 0.0108 0.0034 0.0011 1.0000 1.0000 1.0000 0.9645 0.3029 0.0951 0.0299 0.0094 0.0029 0.0009 1.0000 1.0000 1.0000
1.0000 1.0000 0.0009 0.0029 0.0093 0.0295 0.0939 0.2989 0.9518 1.0000 1.0000 1.0000 0.0010 0.0033 0.0106 0.0339 0.1078 0.3434 1.0000 1.0000 1.0000 1.0000 0.0012 0.0038 0.0122 0.0389 0.1239 0.3946 1.0000 1.0000 1.0000 1.0000 0.0014 0.0043 0.0136 0.0428 0.1347 0.4241 1.0000 1.0000 1.0000 1.0000 0.0014 0.0044 0.0138 0.0432 0.1358 0.4249 1.0000 1.0000 1.0000 1.0000 1.0000 0.4249 0.1358 0.0432 0.0138 0.0044 0.0014 1.0000 1.0000 1.0000 1.0000 0.4241 0.1347 0.0428 0.0136 0.0043 0.0014 1.0000 1.0000 1.0000 1.0000 0.3946 0.1239 0.0389 0.0122 0.0038 0.0012 1.0000 1.0000 1.0000 1.0000 0.3434 0.1078 0.0339 0.0106 0.0033 0.0010 1.0000 1.0000 1.0000 0.9518 0.2989 0.0939 0.0295 0.0093 0.0029 0.0009 1.0000 1.0000
1.0000 0.0010 0.0028 0.0092 0.0291 0.0926 0.2949 0.9392 1.0000 1.0000 1.0000 0.0010 0.0033 0.0105 0.0334 0.1064 0.3389 1.0000 1.0000 1.0000 1.0000 0.0012 0.0038 0.0121 0.0384 0.1223 0.3893 1.0000 1.0000 1.0000 1.0000 0.0014 0.0043 0.0136 0.0430 0.1358 0.4282 1.0000 1.0000 1.0000 1.0000 0.0014 0.0044 0.0139 0.0438 0.1376 0.4323 1.0000 1.0000 1.0000 1.0000 1.0000 1.0000 1.0000 0.4323 0.1376 0.0438 0.0139 0.0044 0.0014 1.0000 1.0000 1.0000 1.0000 0.4282 0.1358 0.0430 0.0136 0.0043 0.0014 1.0000 1.0000 1.0000 1.0000 0.3893 0.1223 0.0384 0.0121 0.0038 0.0012 1.0000 1.0000 1.0000 1.0000 0.3389 0.1064 0.0334 0.0105 0.0033 0.0010 1.0000 1.0000 1.0000 0.9392 0.2949 0.0926 0.0291 0.0092 0.0028 0.0010 1.0000
0.0005 0.0031 0.0089 0.0288 0.0914 0.2910 0.9267 1.0000 1.0000 1.0000 0.0010 0.0033 0.0104 0.0330 0.1050 0.3344 1.0000 1.0000 1.0000 1.0000 0.0012 0.0037 0.0119 0.0379 0.1207 0.3842 1.0000 1.0000 1.0000 1.0000 0.0013 0.0043 0.0136 0.0430 0.1363 0.4306 1.0000 1.0000 1.0000 1.0000 0.0014 0.0045 0.0141 0.0444 0.1394 0.4381 1.0000 1.0000 1.0000 1.0000 0.0012 1.0000 1.0000 1.0000 1.0000 0.4381 0.1394 0.0444 0.0141 0.0045 0.0014 1.0000 1.0000 1.0000 1.0000 0.4306 0.1363 0.0430 0.0136 0.0043 0.0013 1.0000 1.0000 1.0000 1.0000 0.3842 0.1207 0.0379 0.0119 0.0037 0.0012 1.0000 1.0000 1.0000 1.0000 0.3344 0.1050 0.0330 0.0104 0.0033 0.0010 1.0000 1.0000 1.0000 0.9267 0.2910 0.0914 0.0288 0.0089 0.0031 0.0005
0.0015 0.0097 0.0281 0.0904 0.2872 0.9145 1.0000 1.0000 1.0000 0.0010 0.0032 0.0102 0.0325 0.1036 0.3300 1.0000 1.0000 1.0000 1.0000 0.0012 0.0037 0.0117 0.0374 0.1191 0.3791 1.0000 1.0000 1.0000 1.0000 0.0013 0.0042 0.0135 0.0428 0.1358 0.4306 1.0000 1.0000 1.0000 1.0000 0.0014 0.0046 0.0143 0.0450 0.1413 0.4439 1.0000 1.0000 1.0000 1.0000 0.0017 0.0038 0.0017 1.0000 1.0000 1.0000 1.0000 0.4439 0.1413 0.0450 0.0143 0.0046 0.0014 1.0000 1.0000 1.0000 1.0000 0.4306 0.1358 0.0428 0.0135 0.0042 0.0013 1.0000 1.0000 1.0000 1.0000 0.3791 0.1191 0.0374 0.0117 0.0037 0.0012 1.0000 1.0000 1.0000 1.0000 0.3300 0.1036 0.0325 0.0102 0.0032 0.0010 1.0000 1.0000 1.0000 0.9145 0.2872 0.0904 0.0281 0.0097 0.0015
0.0047 0.0303 0.0880 0.2839 0.9024 1.0000 1.0000 1.0000 0.0010 0.0032 0.0101 0.0321 0.1023 0.3256 1.0000 1.0000 1.0000 1.0000 0.0011 0.0036 0.0116 0.0369 0.1175 0.3741 1.0000 1.0000 1.0000 1.0000 0.0013 0.0042 0.0133 0.0424 0.1347 0.4282 1.0000 1.0000 1.0000 1.0000 0.0015 0.0046 0.0145 0.0456 0.1432 0.4499 1.0000 1.0000 1.0000 1.0000 0.0015 0.0054 0.0120 0.0054 0.0015 1.0000 1.0000 1.0000 1.0000 0.4499 0.1432 0.0456 0.0145 0.0046 0.0015 1.0000 1.0000 1.0000 1.0000 0.4282 0.1347 0.0424 0.0133 0.0042 0.0013 1.0000 1.0000 1.0000 1.0000 0.3741 0.1175 0.0369 0.0116 0.0036 0.0011 1.0000 1.0000 1.0000 1.0000 0.3256 0.1023 0.0321 0.0101 0.0032 0.0010 1.0000 1.0000 1.0000 0.9024 0.2839 0.0880 0.0303 0.0047
0.0149 0.0953 0.2770 0.8922 1.0000 1.0000 1.0000 0.0010 0.0031 0.0100 0.0317 0.1009 0.3213 1.0000 1.0000 1.0000 1.0000 0.0011 0.0036 0.0114 0.0364 0.1159 0.3692 1.0000 1.0000 1.0000 1.0000 0.0013 0.0041 0.0131 0.0418 0.1332 0.4241 1.0000 1.0000 1.0000 1.0000 0.0015 0.0046 0.0146 0.0460 0.1448 0.4559 1.0000 1.0000 1.0000 1.0000 0.0015 0.0047 0.0171 0.0381 0.0171 0.0047 0.0015 1.0000 1.0000 1.0000 1.0000 0.4559 0.1448 0.0460 0.0146 0.0046 0.0015 1.0000 1.0000 1.0000 1.0000 0.4241 0.1332 0.0418 0.0131 0.0041 0.0013 1.0000 1.0000 1.0000 1.0000 0.3692 0.1159 0.0364 0.0114 0.0036 0.0011 1.0000 1.0000 1.0000 1.0000 0.3213 0.1009 0.0317 0.0100 0.0031 0.0010 1.0000 1.0000 1.0000 0.8922 0.2770 0.0953 0.0149
0.0467 0.2995 0.8687 1.0000 1.0000 1.0000 0.0010 0.0031 0.0098 0.0313 0.0996 0.3171 1.0000 1.0000 1.0000 1.0000 0.0011 0.0035 0.0113 0.0359 0.1144 0.3643 1.0000 1.0000 1.0000 1.0000 0.0013 0.0041 0.0130 0.0413 0.1314 0.4185 1.0000 1.0000 1.0000 1.0000 0.0015 0.0046 0.0146 0.0463 0.1459 0.4603 1.0000 1.0000 1.0000 1.0000 0.0015 0.0047 0.0150 0.0544 0.1213 0.0544 0.0150 0.0047 0.0015 1.0000 1.0000 1.0000 1.0000 0.4603 0.1459 0.0463 0.0146 0.0046 0.0015 1.0000 1.0000 1.0000 1.0000 0.4185 0.1314 0.0413 0.0130 0.0041 0.0013 1.0000 1.0000 1.0000 1.0000 0.3643 0.1144 0.0359 0.0113 0.0035 0.0011 1.0000 1.0000 1.0000 1.0000 0.3171 0.0996 0.0313 0.0098 0.0031 0.0010 1.0000 1.0000 1.0000 0.8687 0.2995 0.0467
0.1468 0.9410 1.0000 1.0000 1.0000 0.0010 0.0030 0.0097 0.0309 0.0983 0.3129 0.9962 1.0000 1.0000 1.0000 0.0011 0.0035 0.0111 0.0355 0.1129 0.3595 1.0000 1.0000 1.0000 1.0000 0.0013 0.0040 0.0128 0.0407 0.1297 0.4130 1.0000 1.0000 1.0000 1.0000 0.0014 0.0046 0.0146 0.0463 0.1465 0.4629 1.0000 1.0000 1.0000 1.0000 0.0015 0.0048 0.0151 0.0479 0.1732 0.3864 0.1732 0.0479 0.0151 0.0048 0.0015 1.0000 1.0000 1.0000 1.0000 0.4629 0.1465 0.0463 0.0146 0.0046 0.0014 1.0000 1.0000 1.0000 1.0000 0.4130 0.1297 0.0407 0.0128 0.0040 0.0013 1.0000 1.0000 1.0000 1.0000 0.3595 0.1129 0.0355 0.0111 0.0035 0.0011 1.0000 1.0000 1.0000 0.9962 0.3129 0.0983 0.0309 0.0097 0.0030 0.0010 1.0000 1.0000 1.0000 0.9410 0.1468
0.4611 1.0000 1.0000 1.0000 0.0009 0.0030 0.0096 0.0304 0.0970 0.3087 0.9830 1.0000 1.0000 1.0000 0.0011 0.0035 0.0110 0.0350 0.1114 0.3547 1.0000 1.0000 1.0000 1.0000 0.0012 0.0040 0.0126 0.0402 0.1280 0.4075 1.0000 1.0000 1.0000 1.0000 0.0014 0.0046 0.0145 0.0460 0.1459 0.4629 1.0000 1.0000 1.0000 1.0000 0.0016 0.0049 0.0154 0.0482 0.1525 0.5514 1.0000 0.5514 0.1525 0.0482 0.0154 0.0049 0.0016 1.0000 1.0000 1.0000 1.0000 0.4629 0.1459 0.0460 0.0145 0.0046 0.0014 1.0000 1.0000 1.0000 1.0000 0.4075 0.1280 0.0402 0.0126 0.0040 0.0012 1.0000 1.0000 1.0000 1.0000 0.3547 0.1114 0.0350 0.0110 0.0035 0.0011 1.0000 1.0000 1.0000 0.9830 0.3087 0.0970 0.0304 0.0096 0.0030 0.0009 1.0000 1.0000 1.0000 0.4611
1.0000 1.0000 1.0000 0.0009 0.0030 0.0094 0.0300 0.0957 0.3046 0.9700 1.0000 1.0000 1.0000 0.0011 0.0034 0.0108 0.0345 0.1099 0.3500 1.0000 1.0000 1.0000 1.0000 0.0012 0.0039 0.0125 0.0397 0.1263 0.4021 1.0000 1.0000 1.0000 1.0000 0.0014 0.0045 0.0143 0.0456 0.1448 0.4603 1.0000 1.0000 1.0000 1.0000 0.0016 0.0049 0.0156 0.0490 0.1536 0.4845 1.0000 1.0000 1.0000 0.4845 0.1536 0.0490 0.0156 0.0049 0.0016 1.0000 1.0000 1.0000 1.0000 0.4603 0.1448 0.0456 0.0143 0.0045 0.0014 1.0000 1.0000 1.0000 1.0000 0.4021 0.1263 0.0397 0.0125 0.0039 0.0012 1.0000 1.0000 1.0000 1.0000 0.3500 0.1099 0.0345 0.0108 0.0034 0.0011 1.0000 1.0000 1.0000 0.9700 0.3046 0.0957 0.0300 0.0094 0.0030 0.0009 1.0000 1.0000 1.0000
1.0000 1.0000 0.0009 0.0029 0.0093 0.0296 0.0944 0.3006 0.9572 1.0000 1.0000 1.0000 0.0011 0.0034 0.0107 0.0341 0.1085 0.3454 1.0000 1.0000 1.0000 1.0000 0.0012 0.0039 0.0123 0.0391 0.1246 0.3968 1.0000 1.0000 1.0000 1.0000 0.0014 0.0044 0.0141 0.0450 0.1432 0.4559 1.0000 1.0000 1.0000 1.0000 0.0016 0.0050 0.0157 0.0495 0.1560 0.4882 1.0000 1.0000 1.0000 1.0000 1.0000 0.4882 0.1560 0.0495 0.0157 0.0050 0.0016 1.0000 1.0000 1.0000 1.0000 0.4559 0.1432 0.0450 0.0141 0.0044 0.0014 1.0000 1.0000 1.0000 1.0000 0.3968 0.1246 0.0391 0.0123 0.0039 0.0012 1.0000 1.0000 1.0000 1.0000 0.3454 0.1085 0.0341 0.0107 0.0034 0.0011 1.0000 1.0000 1.0000 0.9572 0.3006 0.0944 0.0296 0.0093 0.0029 0.0009 1.0000 1.0000
1.0000 0.0010 0.0029 0.0092 0.0293 0.0932 0.2966 0.9445 1.0000 1.0000 1.0000 0.0010 0.0033 0.0106 0.0336 0.1070 0.3408 1.0000 1.0000 1.0000 1.0000 0.0012 0.0038 0.0121 0.0386 0.1230 0.3916 1.0000 1.0000 1.0000 1.0000 0.0014 0.0044 0.0139 0.0444 0.1413 0.4499 1.0000 1.0000 1.0000 1.0000 0.0016 0.0050 0.0157 0.0497 0.1569 0.4948 1.0000 1.0000 1.0000 1.0000 1.0000 1.0000 1.0000 0.4948 0.1569 0.0497 0.0157 0.0050 0.0016 1.0000 1.0000 1.0000 1.0000 0.4499 0.1413 0.0444 0.0139 0.0044 0.0014 1.0000 1.0000 1.0000 1.0000 0.3916 0.1230 0.0386 0.0121 0.0038 0.0012 1.0000 1.0000 1.0000 1.0000 0.3408 0.1070 0.0336 0.0106 0.0033 0.0010 1.0000 1.0000 1.0000 0.9445 0.2966 0.0932 0.0293 0.0092 0.0029 0.0010 1.0000
0.0005 0.0031 0.0090 0.0289 0.0919 0.2927 0.9321 1.0000 1.0000 1.0000 0.0010 0.0033 0.0104 0.0332 0.1056 0.3363 1.0000 1.0000 1.0000 1.0000 0.0012 0.0038 0.0120 0.0381 0.1213 0.3864 1.0000 1.0000 1.0000 1.0000 0.0014 0.0043 0.0138 0.0438 0.1394 0.4439 1.0000 1.0000 1.0000 1.0000 0.0016 0.0049 0.0157 0.0497 0.1575 0.4976 1.0000 1.0000 1.0000 1.0000 0.0014 1.0000 1.0000 1.0000 1.0000 0.4976 0.1575 0.0497 0.0157 0.0049 0.0016 1.0000 1.0000 1.0000 1.0000 0.4439 0.1394 0.0438 0.0138 0.0043 0.0014 1.0000 1.0000 1.0000 1.0000 0.3864 0.1213 0.0381 0.0120 0.0038 0.0012 1.0000 1.0000 1.0000 1.0000 0.3363 0.1056 0.0332 0.0104 0.0033 0.0010 1.0000 1.0000 1.0000 0.9321 0.2927 0.0919 0.0289 0.0090 0.0031 0.0005
0.0015 0.0097 0.0282 0.0909 0.2888 0.9197 1.0000 1.0000 1.0000 0.0010 0.0032 0.0103 0.0327 0.1042 0.3319 1.0000 1.0000 1.0000 1.0000 0.0012 0.0037 0.0118 0.0376 0.1197 0.3813 1.0000 1.0000 1.0000 1.0000 0.0013 0.0043 0.0136 0.0432 0.1376 0.4381 1.0000 1.0000 1.0000 1.0000 0.0015 0.0049 0.0156 0.0495 0.1569 0.4976 1.0000 1.0000 1.0000 1.0000 0.0019 0.0043 0.0019 1.0000 1.0000 1.0000 1.0000 0.4976 0.1569 0.0495 0.0156 0.0049 0.0015 1.0000 1.0000 1.0000 1.0000 0.4381 0.1376 0.0432 0.0136 0.0043 0.0013 1.0000 1.0000 1.0000 1.0000 0.3813 0.1197 0.0376 0.0118 0.0037 0.0012 1.0000 1.0000 1.0000 1.0000 0.3319 0.1042 0.0327 0.0103 0.0032 0.0010 1.0000 1.0000 1.0000 0.9197 0.2888 0.0909 0.0282 0.0097 0.0015
0.0048 0.0305 0.0887 0.2856 0.9076 1.0000 1.0000 1.0000 0.0010 0.0032 0.0101 0.0323 0.1028 0.3275 1.0000 1.0000 1.0000 1.0000 0.0011 0.0037 0.0117 0.0371 0.1182 0.3762 1.0000 1.0000 1.0000 1.0000 0.0013 0.0042 0.0134 0.0426 0.1358 0.4323 1.0000 1.0000 1.0000 1.0000 0.0015 0.0048 0.0154 0.0490 0.1557 0.4948 1.0000 1.0000 1.0000 1.0000 0.0017 0.0061 0.0136 0.0061 0.0017 1.0000 1.0000 1.0000 1.0000 0.4948 0.1560 0.0490 0.0154 0.0048 0.0015 1.0000 1.0000 1.0000 1.0000 0.4323 0.1358 0.0426 0.0134 0.0042 0.0013 1.0000 1.0000 1.0000 1.0000 0.3762 0.1182 0.0371 0.0117 0.0037 0.0011 1.0000 1.0000 1.0000 1.0000 0.3275 0.1028 0.0323 0.0101 0.0032 0.0010 1.0000 1.0000 1.0000 0.9076 0.2856 0.0887 0.0305 0.0048
0.0150 0.0959 0.2781 0.8973 1.0000 1.0000 1.0000 0.0010 0.0031 0.0100 0.0319 0.1015 0.3231 1.0000 1.0000 1.0000 1.0000 0.0011 0.0036 0.0115 0.0366 0.1166 0.3713 1.0000 1.0000 1.0000 1.0000 0.0013 0.0041 0.0132 0.0421 0.1340 0.4266 1.0000 1.0000 1.0000 1.0000 0.0015 0.0048 0.0152 0.0483 0.1539 0.4901 1.0000 1.0000 1.0000 1.0000 0.0017 0.0053 0.0194 0.0433 0.0193 0.0053 0.0017 1.0000 1.0000 1.0000 1.0000 0.4882 0.1536 0.0482 0.0151 0.0047 0.0015 1.0000 1.0000 1.0000 1.0000 0.4249 0.1335 0.0419 0.0132 0.0041 0.0013 1.0000 1.0000 1.0000 1.0000 0.3699 0.1162 0.0365 0.0115 0.0036 0.0011 1.0000 1.0000 1.0000 1.0000 0.3219 0.1011 0.0317 0.0100 0.0031 0.0010 1.0000 1.0000 1.0000 0.8939 0.2770 0.0953 0.0149
0.0470 0.3012 0.8754 1.0000 1.0000 1.0000 0.0010 0.0031 0.0099 0.0314 0.1001 0.3189 1.0000 1.0000 1.0000 1.0000 0.0011 0.0036 0.0113 0.0361 0.1151 0.3664 1.0000 1.0000 1.0000 1.0000 0.0013 0.0041 0.0130 0.0415 0.1322 0.4209 1.0000 1.0000 1.0000 1.0000 0.0015 0.0047 0.0150 0.0477 0.1519 0.4836 1.0000 1.0000 1.0000 1.0000 0.0017 0.0053 0.0169 0.0612 0.1378 0.0621 0.0169 0.0053 0.0017 1.0000 1.0000 1.0000 1.0000 0.4845 0.1525 0.0479 0.0150 0.0047 0.0015 1.0000 1.0000 1.0000 1.0000 0.4225 0.1327 0.0417 0.0131 0.0041 0.0013 1.0000 1.0000 1.0000 1.0000 0.3678 0.1155 0.0363 0.0114 0.0036 0.0011 1.0000 1.0000 1.0000 1.0000 0.3201 0.1005 0.0316 0.0099 0.0031 0.0010 1.0000 1.0000 1.0000 0.8787 0.3023 0.0476
0.1476 0.9463 1.0000 1.0000 1.0000 0.0010 0.0031 0.0097 0.0310 0.0988 0.3146 1.0000 1.0000 1.0000 1.0000 0.0011 0.0035 0.0112 0.0357 0.1135 0.3615 1.0000 1.0000 1.0000 1.0000 0.0013 0.0040 0.0129 0.0410 0.1304 0.4153 1.0000 1.0000 1.0000 1.0000 0.0015 0.0046 0.0148 0.0471 0.1499 0.4772 1.0000 1.0000 1.0000 1.0000 0.0017 0.0053 0.0168 0.0531 0.1930 0.4638 0.2361 0.0633 0.0193 0.0061 0.0019 1.0000 1.0000 1.0000 1.0000 0.5514 0.1732 0.0544 0.0171 0.0054 0.0017 1.0000 1.0000 1.0000 1.0000 0.4799 0.1507 0.0473 0.0149 0.0047 0.0015 1.0000 1.0000 1.0000 1.0000 0.4177 0.1312 0.0412 0.0129 0.0041 0.0013 1.0000 1.0000 1.0000 1.0000 0.3636 0.1142 0.0359 0.0113 0.0035 0.0011 1.0000 1.0000 1.0000 1.0000 0.1722
0.4638 1.0000 1.0000 1.0000 0.0009 0.0030 0.0096 0.0306 0.0975 0.3105 0.9887 1.0000 1.0000 1.0000 0.0011 0.0035 0.0110 0.0352 0.1120 0.3567 1.0000 1.0000 1.0000 1.0000 0.0013 0.0040 0.0127 0.0404 0.1287 0.4099 1.0000 1.0000 1.0000 1.0000 0.0014 0.0046 0.0146 0.0464 0.1479 0.4709 1.0000 1.0000 1.0000 1.0000 0.0017 0.0053 0.0168 0.0526 0.1667 0.6915 1.0000 0.3256 0.1368 0.0444 0.0136 0.0043 0.0014 1.0000 1.0000 1.0000 1.0000 0.3864 0.1213 0.0381 0.0120 0.0038 0.0012 1.0000 1.0000 1.0000 1.0000 0.3363 0.1056 0.0332 0.0104 0.0033 0.0010 1.0000 1.0000 1.0000 0.9321 0.2927 0.0919 0.0289 0.0091 0.0028 0.0009 1.0000 1.0000 1.0000 0.8112 0.2548 0.0800 0.0251 0.0079 0.0025 1.0000 1.0000 1.0000 1.0000 0.4099
1.0000 1.0000 1.0000 0.0009 0.0030 0.0095 0.0302 0.0962 0.3064 0.9756 1.0000 1.0000 1.0000 0.0011 0.0034 0.0109 0.0347 0.1105 0.3520 1.0000 1.0000 1.0000 1.0000 0.0012 0.0039 0.0125 0.0399 0.1270 0.4044 1.0000 1.0000 1.0000 1.0000 0.0014 0.0045 0.0144 0.0458 0.1459 0.4647 1.0000 1.0000 1.0000 1.0000 0.0016 0.0052 0.0166 0.0526 0.1654 0.5599 1.0000 0.6810 0.0435 0.0576 0.0205 0.0061 0.0019 1.0000 1.0000 1.0000 1.0000 0.5514 0.1732 0.0544 0.0171 0.0054 0.0017 1.0000 1.0000 1.0000 1.0000 0.4799 0.1507 0.0473 0.0149 0.0047 0.0015 1.0000 1.0000 1.0000 1.0000 0.4177 0.1312 0.0412 0.0129 0.0041 0.0013 1.0000 1.0000 1.0000 1.0000 0.3636 0.1142 0.0359 0.0113 0.0035 0.0011 1.0000 1.0000 1.0000 1.0000 0.1722
1.0000 1.0000 0.0009 0.0029 0.0093 0.0297 0.0946 0.3012 0.9590 1.0000 1.0000 1.0000 0.0011 0.0034 0.0107 0.0341 0.1087 0.3460 1.0000 1.0000 1.0000 1.0000 0.0012 0.0039 0.0123 0.0392 0.1249 0.3976 1.0000 1.0000 1.0000 1.0000 0.0014 0.0044 0.0141 0.0451 0.1435 0.4568 1.0000 1.0000 1.0000 1.0000 0.0016 0.0051 0.0163 0.0518 0.1648 0.5208 1.0000 1.0000 1.0000 0.0027 0.0163 0.0062 0.0017 1.0000 1.0000 1.0000 1.0000 0.4845 0.1525 0.0479 0.0150 0.0047 0.0015 1.0000 1.0000 1.0000 1.0000 0.4225 0.1327 0.0417 0.0131 0.0041 0.0013 1.0000 1.0000 1.0000 1.0000 0.3678 0.1155 0.0363 0.0114 0.0036 0.0011 1.0000 1.0000 1.0000 1.0000 0.3201 0.1005 0.0316 0.0099 0.0031 0.0010 1.0000 1.0000 1.0000 0.8787 0.3023 0.0476
1.0000 0.0010 0.0029 0.0093 0.0295 0.0940 0.2995 0.9536 1.0000 1.0000 1.0000 0.0011 0.0033 0.0107 0.0339 0.1081 0.3441 1.0000 1.0000 1.0000 1.0000 0.0012 0.0038 0.0122 0.0390 0.1241 0.3953 1.0000 1.0000 1.0000 1.0000 0.0014 0.0044 0.0141 0.0448 0.1426 0.4542 1.0000 1.0000 1.0000 1.0000 0.0016 0.0051 0.0162 0.0515 0.1639 0.5208 1.0000 1.0000 1.0000 1.0000 0.0052 0.0076 0.0017 1.0000 1.0000 1.0000 1.0000 0.4873 0.1536 0.0482 0.0151 0.0047 0.0015 1.0000 1.0000 1.0000 1.0000 0.4249 0.1335 0.0419 0.0132 0.0041 0.0013 1.0000 1.0000 1.0000 1.0000 0.3699 0.1162 0.0365 0.0115 0.0036 0.0011 1.0000 1.0000 1.0000 1.0000 0.3219 0.1011 0.0317 0.0100 0.0031 0.0010 1.0000 1.0000 1.0000 0.8939 0.2770 0.0953 0.0149
0.0006 0.0036 0.0105 0.0337 0.1068 0.3402 1.0000 1.0000 1.0000 1.0000 0.0012 0.0038 0.0121 0.0385 0.1227 0.3908 1.0000 1.0000 1.0000 1.0000 0.0014 0.0044 0.0139 0.0443 0.1410 0.4490 1.0000 1.0000 1.0000 1.0000 0.0016 0.0050 0.0160 0.0509 0.1620 0.5159 1.0000 1.0000 1.0000 1.0000 0.0018 0.0058 0.0184 0.0586 0.1865 0.5950 1.0000 1.0000 1.0000 1.0000 0.0022 0.0063 0.0020 1.0000 1.0000 1.0000 1.0000 0.4948 0.1560 0.0490 0.0154 0.0048 0.0015 1.0000 1.0000 1.0000 1.0000 0.4323 0.1358 0.0426 0.0134 0.0042 0.0013 1.0000 1.0000 1.0000 1.0000 0.3762 0.1182 0.0371 0.0117 0.0037 0.0011 1.0000 1.0000 1.0000 1.0000 0.3275 0.1028 0.0323 0.0101 0.0032 0.0010 1.0000 1.0000 1.0000 0.9076 0.2856 0.0887 0.0305 0.0048
0.0013 0.0081 0.0234 0.0750 0.2379 0.7576 1.0000 1.0000 1.0000 0.0008 0.0027 0.0085 0.0270 0.0858 0.2733 0.8704 1.0000 1.0000 1.0000 0.0010 0.0031 0.0097 0.0310 0.0986 0.3141 1.0000 1.0000 1.0000 1.0000 0.0011 0.0035 0.0112 0.0356 0.1133 0.3608 1.0000 1.0000 1.0000 1.0000 0.0013 0.0040 0.0128 0.0407 0.1290 0.4099 1.0000 1.0000 1.0000 1.0000 0.0015 0.0042 0.0023 1.0000 1.0000 1.0000 1.0000 0.4976 0.1569 0.0495 0.0156 0.0049 0.0015 1.0000 1.0000 1.0000 1.0000 0.4381 0.1376 0.0432 0.0136 0.0043 0.0013 1.0000 1.0000 1.0000 1.0000 0.3813 0.1197 0.0376 0.0118 0.0037 0.0012 1.0000 1.0000 1.0000 1.0000 0.3319 0.1042 0.0327 0.0103 0.0032 0.0010 1.0000 1.0000 1.0000 0.9197 0.2888 0.0909 0.0282 0.0097 0.0015
