0.0003 0.0019 0.0053 0.0169 0.0530 0.1664 0.5228 1.0000 1.0000 1.0000 0.0005 0.0017 0.0054 0.0170 0.0533 0.1673 0.5258 1.0000 1.0000 1.0000 0.0005 0.0017 0.0054 0.0170 0.0536 0.1683 0.5288 1.0000 1.0000 1.0000 0.0006 0.0017 0.0055 0.0171 0.0539 0.1693 0.5318 1.0000 1.0000 1.0000 0.0006 0.0017 0.0055 0.0172 0.0542 0.1702 0.5349 1.0000 1.0000 1.0000 0.0005 1.0000 1.0000 1.0000 0.5349 0.1702 0.0542 0.0172 0.0055 0.0017 0.0006 1.0000 1.0000 1.0000 0.5318 0.1693 0.0539 0.0171 0.0055 0.0017 0.0006 1.0000 1.0000 1.0000 0.5288 0.1683 0.0536 0.0170 0.0054 0.0017 0.0005 1.0000 1.0000 1.0000 0.5258 0.1673 0.0533 0.0170 0.0054 0.0017 0.0005 1.0000 1.0000 1.0000 0.5228 0.1664 0.0530 0.0169 0.0053 0.0019 0.0003
0.0019 0.0120 0.0338 0.1083 0.3395 1.0000 1.0000 1.0000 1.0000 0.0011 0.0035 0.0110 0.0346 0.1087 0.3415 1.0000 1.0000 1.0000 1.0000 0.0011 0.0035 0.0111 0.0348 0.1093 0.3434 1.0000 1.0000 1.0000 1.0000 0.0011 0.0035 0.0111 0.0350 0.1099 0.3454 1.0000 1.0000 1.0000 1.0000 0.0011 0.0036 0.0112 0.0352 0.1105 0.3474 1.0000 1.0000 1.0000 1.0000 0.0013 0.0030 0.0013 1.0000 1.0000 1.0000 1.0000 0.3474 0.1105 0.0352 0.0112 0.0036 0.0011 1.0000 1.0000 1.0000 1.0000 0.3454 0.1099 0.0350 0.0111 0.0035 0.0011 1.0000 1.0000 1.0000 1.0000 0.3434 0.1093 0.0348 0.0111 0.0035 0.0011 1.0000 1.0000 1.0000 1.0000 0.3415 0.1087 0.0346 0.0110 0.0035 0.0011 1.0000 1.0000 1.0000 1.0000 0.3395 0.1083 0.0338 0.0120 0.0019
0.0053 0.0338 0.0979 0.3129 0.9812 1.0000 1.0000 1.0000 0.0010 0.0032 0.0102 0.0320 0.1003 0.3158 0.9905 1.0000 1.0000 1.0000 0.0010 0.0033 0.0102 0.0322 0.1009 0.3177 0.9962 1.0000 1.0000 1.0000 0.0010 0.0033 0.0103 0.0323 0.1017 0.3189 1.0000 1.0000 1.0000 1.0000 0.0010 0.0033 0.0103 0.0325 0.1021 0.3213 1.0000 1.0000 1.0000 1.0000 0.0011 0.0038 0.0086 0.0038 0.0011 1.0000 1.0000 1.0000 1.0000 0.3213 0.1021 0.0325 0.0103 0.0033 0.0010 1.0000 1.0000 1.0000 1.0000 0.3189 0.1017 0.0323 0.0103 0.0033 0.0010 1.0000 1.0000 1.0000 0.9962 0.3177 0.1009 0.0322 0.0102 0.0033 0.0010 1.0000 1.0000 1.0000 0.9905 0.3158 0.1003 0.0320 0.0102 0.0032 0.0010 1.0000 1.0000 1.0000 0.9812 0.3129 0.0979 0.0338 0.0053
0.0169 0.1083 0.3129 1.0000 1.0000 1.0000 1.0000 0.0011 0.0033 0.0104 0.0327 0.1030 0.3238 1.0000 1.0000 1.0000 1.0000 0.0011 0.0033 0.0105 0.0330 0.1036 0.3256 1.0000 1.0000 1.0000 1.0000 0.0011 0.0034 0.0106 0.0332 0.1042 0.3275 1.0000 1.0000 1.0000 1.0000 0.0011 0.0034 0.0106 0.0334 0.1048 0.3293 1.0000 1.0000 1.0000 1.0000 0.0011 0.0034 0.0123 0.0276 0.0123 0.0034 0.0011 1.0000 1.0000 1.0000 1.0000 0.3293 0.1048 0.0334 0.0106 0.0034 0.0011 1.0000 1.0000 1.0000 1.0000 0.3275 0.1042 0.0332 0.0106 0.0034 0.0011 1.0000 1.0000 1.0000 1.0000 0.3256 0.1036 0.0330 0.0105 0.0033 0.0011 1.0000 1.0000 1.0000 1.0000 0.3238 0.1030 0.0327 0.0104 0.0033 0.0011 1.0000 1.0000 1.0000 1.0000 0.3129 0.1083 0.0169
0.0530 0.3395 0.9812 1.0000 1.0000 1.0000 0.0011 0.0033 0.0105 0.0331 0.1040 0.3275 1.0000 1.0000 1.0000 1.0000 0.0011 0.0034 0.0106 0.0334 0.1048 0.3293 1.0000 1.0000 1.0000 1.0000 0.0011 0.0034 0.0107 0.0335 0.1054 0.3312 1.0000 1.0000 1.0000 1.0000 0.0011 0.0034 0.0107 0.0337 0.1060 0.3331 1.0000 1.0000 1.0000 1.0000 0.0011 0.0034 0.0108 0.0391 0.0875 0.0391 0.0108 0.0034 0.0011 1.0000 1.0000 1.0000 1.0000 0.3331 0.1060 0.0337 0.0107 0.0034 0.0011 1.0000 1.0000 1.0000 1.0000 0.3312 0.1054 0.0335 0.0107 0.0034 0.0011 1.0000 1.0000 1.0000 1.0000 0.3293 0.1048 0.0334 0.0106 0.0034 0.0011 1.0000 1.0000 1.0000 1.0000 0.3275 0.1040 0.0331 0.0105 0.0033 0.0011 1.0000 1.0000 1.0000 0.9812 0.3395 0.0530
0.1664 1.0000 1.0000 1.0000 1.0000 0.0011 0.0034 0.0107 0.0335 0.1054 0.3319 1.0000 1.0000 1.0000 1.0000 0.0011 0.0034 0.0108 0.0338 0.1062 0.3338 1.0000 1.0000 1.0000 1.0000 0.0011 0.0034 0.0108 0.0340 0.1068 0.3357 1.0000 1.0000 1.0000 1.0000 0.0011 0.0035 0.0109 0.0342 0.1074 0.3376 1.0000 1.0000 1.0000 1.0000 0.0011 0.0035 0.0109 0.0345 0.1249 0.2786 0.1249 0.0345 0.0109 0.0035 0.0011 1.0000 1.0000 1.0000 1.0000 0.3376 0.1074 0.0342 0.0109 0.0035 0.0011 1.0000 1.0000 1.0000 1.0000 0.3357 0.1068 0.0340 0.0108 0.0034 0.0011 1.0000 1.0000 1.0000 1.0000 0.3338 0.1062 0.0338 0.0108 0.0034 0.0011 1.0000 1.0000 1.0000 1.0000 0.3319 0.1054 0.0335 0.0107 0.0034 0.0011 1.0000 1.0000 1.0000 1.0000 0.1664
0.5228 1.0000 1.0000 1.0000 0.0011 0.0034 0.0107 0.0338 0.1064 0.3350 1.0000 1.0000 1.0000 1.0000 0.0011 0.0035 0.0109 0.0343 0.1076 0.3382 1.0000 1.0000 1.0000 1.0000 0.0011 0.0035 0.0110 0.0345 0.1083 0.3402 1.0000 1.0000 1.0000 1.0000 0.0011 0.0035 0.0110 0.0347 0.1089 0.3421 1.0000 1.0000 1.0000 1.0000 0.0011 0.0035 0.0111 0.0347 0.1099 0.3976 0.8871 0.3976 0.1099 0.0347 0.0111 0.0035 0.0011 1.0000 1.0000 1.0000 1.0000 0.3421 0.1089 0.0347 0.0110 0.0035 0.0011 1.0000 1.0000 1.0000 1.0000 0.3402 0.1083 0.0345 0.0110 0.0035 0.0011 1.0000 1.0000 1.0000 1.0000 0.3382 0.1076 0.0343 0.0109 0.0035 0.0011 1.0000 1.0000 1.0000 1.0000 0.3350 0.1064 0.0338 0.0107 0.0034 0.0011 1.0000 1.0000 1.0000 0.5228
1.0000 1.0000 1.0000 0.0011 0.0033 0.0107 0.0338 0.1066 0.3376 1.0000 1.0000 1.0000 1.0000 0.0011 0.0035 0.0110 0.0347 0.1091 0.3428 1.0000 1.0000 1.0000 1.0000 0.0011 0.0035 0.0111 0.0349 0.1097 0.3447 1.0000 1.0000 1.0000 1.0000 0.0011 0.0036 0.0112 0.0351 0.1103 0.3467 1.0000 1.0000 1.0000 1.0000 0.0011 0.0036 0.0112 0.0353 0.1105 0.3500 1.0000 1.0000 1.0000 0.3500 0.1105 0.0353 0.0112 0.0036 0.0011 1.0000 1.0000 1.0000 1.0000 0.3467 0.1103 0.0351 0.0112 0.0036 0.0011 1.0000 1.0000 1.0000 1.0000 0.3447 0.1097 0.0349 0.0111 0.0035 0.0011 1.0000 1.0000 1.0000 1.0000 0.3428 0.1091 0.0347 0.0110 0.0035 0.0011 1.0000 1.0000 1.0000 1.0000 0.3376 0.1066 0.0338 0.0107 0.0033 0.0011 1.0000 1.0000 1.0000
1.0000 1.0000 0.0010 0.0033 0.0105 0.0335 0.1064 0.3376 1.0000 1.0000 1.0000 1.0000 0.0011 0.0036 0.0112 0.0352 0.1105 0.3474 1.0000 1.0000 1.0000 1.0000 0.0011 0.0036 0.0113 0.0354 0.1112 0.3493 1.0000 1.0000 1.0000 1.0000 0.0011 0.0036 0.0113 0.0356 0.1118 0.3513 1.0000 1.0000 1.0000 1.0000 0.0012 0.0036 0.0114 0.0358 0.1125 0.3520 1.0000 1.0000 1.0000 1.0000 1.0000 0.3520 0.1125 0.0358 0.0114 0.0036 0.0012 1.0000 1.0000 1.0000 1.0000 0.3513 0.1118 0.0356 0.0113 0.0036 0.0011 1.0000 1.0000 1.0000 1.0000 0.3493 0.1112 0.0354 0.0113 0.0036 0.0011 1.0000 1.0000 1.0000 1.0000 0.3474 0.1105 0.0352 0.0112 0.0036 0.0011 1.0000 1.0000 1.0000 1.0000 0.3376 0.1064 0.0335 0.0105 0.0033 0.0010 1.0000 1.0000
1.0000 0.0011 0.0032 0.0104 0.0331 0.1054 0.3350 1.0000 1.0000 1.0000 1.0000 0.0011 0.0036 0.0113 0.0357 0.1120 0.3520 1.0000 1.0000 1.0000 1.0000 0.0012 0.0036 0.0114 0.0359 0.1127 0.3540 1.0000 1.0000 1.0000 1.0000 0.0012 0.0037 0.0115 0.0361 0.1133 0.3561 1.0000 1.0000 1.0000 1.0000 0.0012 0.0037 0.0115 0.0363 0.1140 0.3581 1.0000 1.0000 1.0000 1.0000 1.0000 1.0000 1.0000 0.3581 0.1140 0.0363 0.0115 0.0037 0.0012 1.0000 1.0000 1.0000 1.0000 0.3561 0.1133 0.0361 0.0115 0.0037 0.0012 1.0000 1.0000 1.0000 1.0000 0.3540 0.1127 0.0359 0.0114 0.0036 0.0012 1.0000 1.0000 1.0000 1.0000 0.3520 0.1120 0.0357 0.0113 0.0036 0.0011 1.0000 1.0000 1.0000 1.0000 0.3350 0.1054 0.0331 0.0104 0.0032 0.0011 1.0000
0.0005 0.0035 0.0102 0.0327 0.1040 0.3319 1.0000 1.0000 1.0000 1.0000 0.0011 0.0036 0.0114 0.0360 0.1133 0.3567 1.0000 1.0000 1.0000 1.0000 0.0012 0.0037 0.0116 0.0363 0.1142 0.3588 1.0000 1.0000 1.0000 1.0000 0.0012 0.0037 0.0116 0.0365 0.1148 0.3608 1.0000 1.0000 1.0000 1.0000 0.0012 0.0037 0.0117 0.0368 0.1155 0.3629 1.0000 1.0000 1.0000 1.0000 0.0010 1.0000 1.0000 1.0000 1.0000 0.3629 0.1155 0.0368 0.0117 0.0037 0.0012 1.0000 1.0000 1.0000 1.0000 0.3608 0.1148 0.0365 0.0116 0.0037 0.0012 1.0000 1.0000 1.0000 1.0000 0.3588 0.1142 0.0363 0.0116 0.0037 0.0012 1.0000 1.0000 1.0000 1.0000 0.3567 0.1133 0.0360 0.0114 0.0036 0.0011 1.0000 1.0000 1.0000 1.0000 0.3319 0.1040 0.0327 0.0102 0.0035 0.0005
0.0017 0.0110 0.0320 0.1030 0.3275 1.0000 1.0000 1.0000 1.0000 0.0011 0.0036 0.0115 0.0363 0.1144 0.3601 1.0000 1.0000 1.0000 1.0000 0.0012 0.0037 0.0117 0.0368 0.1157 0.3636 1.0000 1.0000 1.0000 1.0000 0.0012 0.0038 0.0118 0.0370 0.1164 0.3657 1.0000 1.0000 1.0000 1.0000 0.0012 0.0038 0.0119 0.0372 0.1170 0.3678 1.0000 1.0000 1.0000 1.0000 0.0014 0.0031 0.0014 1.0000 1.0000 1.0000 1.0000 0.3678 0.1170 0.0372 0.0119 0.0038 0.0012 1.0000 1.0000 1.0000 1.0000 0.3657 0.1164 0.0370 0.0118 0.0038 0.0012 1.0000 1.0000 1.0000 1.0000 0.3636 0.1157 0.0368 0.0117 0.0037 0.0012 1.0000 1.0000 1.0000 1.0000 0.3601 0.1144 0.0363 0.0115 0.0036 0.0011 1.0000 1.0000 1.0000 1.0000 0.3275 0.1030 0.0320 0.0110 0.0017
0.0054 0.0346 0.1003 0.3238 1.0000 1.0000 1.0000 1.0000 0.0011 0.0036 0.0114 0.0363 0.1148 0.3629 1.0000 1.0000 1.0000 1.0000 0.0012 0.0038 0.0119 0.0373 0.1173 0.3685 1.0000 1.0000 1.0000 1.0000 0.0012 0.0038 0.0119 0.0375 0.1179 0.3706 1.0000 1.0000 1.0000 1.0000 0.0012 0.0038 0.0120 0.0377 0.1186 0.3727 1.0000 1.0000 1.0000 1.0000 0.0012 0.0044 0.0099 0.0044 0.0012 1.0000 1.0000 1.0000 1.0000 0.3727 0.1186 0.0377 0.0120 0.0038 0.0012 1.0000 1.0000 1.0000 1.0000 0.3706 0.1179 0.0375 0.0119 0.0038 0.0012 1.0000 1.0000 1.0000 1.0000 0.3685 0.1173 0.0373 0.0119 0.0038 0.0012 1.0000 1.0000 1.0000 1.0000 0.3629 0.1148 0.0363 0.0114 0.0036 0.0011 1.0000 1.0000 1.0000 1.0000 0.3238 0.1003 0.0346 0.0054
0.0170 0.1087 0.3158 1.0000 1.0000 1.0000 1.0000 0.0011 0.0036 0.0113 0.0360 0.1144 0.3629 1.0000 1.0000 1.0000 1.0000 0.0012 0.0038 0.0120 0.0378 0.1188 0.3734 1.0000 1.0000 1.0000 1.0000 0.0012 0.0039 0.0121 0.0380 0.1195 0.3755 1.0000 1.0000 1.0000 1.0000 0.0012 0.0039 0.0122 0.0383 0.1202 0.3777 1.0000 1.0000 1.0000 1.0000 0.0012 0.0039 0.0141 0.0316 0.0141 0.0039 0.0012 1.0000 1.0000 1.0000 1.0000 0.3777 0.1202 0.0383 0.0122 0.0039 0.0012 1.0000 1.0000 1.0000 1.0000 0.3755 0.1195 0.0380 0.0121 0.0039 0.0012 1.0000 1.0000 1.0000 1.0000 0.3734 0.1188 0.0378 0.0120 0.0038 0.0012 1.0000 1.0000 1.0000 1.0000 0.3629 0.1144 0.0360 0.0113 0.0036 0.0011 1.0000 1.0000 1.0000 1.0000 0.3158 0.1087 0.0170
0.0533 0.3415 0.9905 1.0000 1.0000 1.0000 0.0011 0.0035 0.0112 0.0357 0.1133 0.3601 1.0000 1.0000 1.0000 1.0000 0.0012 0.0039 0.0122 0.0383 0.1204 0.3784 1.0000 1.0000 1.0000 1.0000 0.0012 0.0039 0.0123 0.0385 0.1211 0.3806 1.0000 1.0000 1.0000 1.0000 0.0012 0.0039 0.0123 0.0388 0.1218 0.3827 1.0000 1.0000 1.0000 1.0000 0.0013 0.0039 0.0125 0.0451 0.1005 0.0451 0.0125 0.0039 0.0013 1.0000 1.0000 1.0000 1.0000 0.3827 0.1218 0.0388 0.0123 0.0039 0.0012 1.0000 1.0000 1.0000 1.0000 0.3806 0.1211 0.0385 0.0123 0.0039 0.0012 1.0000 1.0000 1.0000 1.0000 0.3784 0.1204 0.0383 0.0122 0.0039 0.0012 1.0000 1.0000 1.0000 1.0000 0.3601 0.1133 0.0357 0.0112 0.0035 0.0011 1.0000 1.0000 1.0000 0.9905 0.3415 0.0533
0.1673 1.0000 1.0000 1.0000 1.0000 0.0011 0.0035 0.0110 0.0352 0.1120 0.3567 1.0000 1.0000 1.0000 1.0000 0.0012 0.0039 0.0123 0.0387 0.1218 0.3835 1.0000 1.0000 1.0000 1.0000 0.0013 0.0040 0.0124 0.0391 0.1227 0.3857 1.0000 1.0000 1.0000 1.0000 0.0013 0.0040 0.0125 0.0393 0.1234 0.3879 1.0000 1.0000 1.0000 1.0000 0.0013 0.0040 0.0125 0.0397 0.1435 0.3201 0.1435 0.0397 0.0125 0.0040 0.0013 1.0000 1.0000 1.0000 1.0000 0.3879 0.1234 0.0393 0.0125 0.0040 0.0013 1.0000 1.0000 1.0000 1.0000 0.3857 0.1227 0.0391 0.0124 0.0040 0.0013 1.0000 1.0000 1.0000 1.0000 0.3835 0.1218 0.0387 0.0123 0.0039 0.0012 1.0000 1.0000 1.0000 1.0000 0.3567 0.1120 0.0352 0.0110 0.0035 0.0011 1.0000 1.0000 1.0000 1.0000 0.1673
0.5258 1.0000 1.0000 1.0000 0.0011 0.0034 0.0109 0.0347 0.1105 0.3520 1.0000 1.0000 1.0000 1.0000 0.0012 0.0039 0.0123 0.0390 0.1230 0.3871 1.0000 1.0000 1.0000 1.0000 0.0013 0.0040 0.0126 0.0396 0.1244 0.3908 1.0000 1.0000 1.0000 1.0000 0.0013 0.0040 0.0127 0.0398 0.1251 0.3931 1.0000 1.0000 1.0000 1.0000 0.0013 0.0041 0.0127 0.0399 0.1263 0.4568 1.0000 0.4568 0.1263 0.0399 0.0127 0.0041 0.0013 1.0000 1.0000 1.0000 1.0000 0.3931 0.1251 0.0398 0.0127 0.0040 0.0013 1.0000 1.0000 1.0000 1.0000 0.3908 0.1244 0.0396 0.0126 0.0040 0.0013 1.0000 1.0000 1.0000 1.0000 0.3871 0.1230 0.0390 0.0123 0.0039 0.0012 1.0000 1.0000 1.0000 1.0000 0.3520 0.1105 0.0347 0.0109 0.0034 0.0011 1.0000 1.0000 1.0000 0.5258
1.0000 1.0000 1.0000 0.0011 0.0034 0.0108 0.0343 0.1091 0.3474 1.0000 1.0000 1.0000 1.0000 0.0012 0.0039 0.0123 0.0390 0.1234 0.3901 1.0000 1.0000 1.0000 1.0000 0.0013 0.0041 0.0128 0.0401 0.1261 0.3961 1.0000 1.0000 1.0000 1.0000 0.0013 0.0041 0.0128 0.0403 0.1268 0.3983 1.0000 1.0000 1.0000 1.0000 0.0013 0.0041 0.0129 0.0406 0.1270 0.4021 1.0000 1.0000 1.0000 0.4021 0.1270 0.0406 0.0129 0.0041 0.0013 1.0000 1.0000 1.0000 1.0000 0.3983 0.1268 0.0403 0.0128 0.0041 0.0013 1.0000 1.0000 1.0000 1.0000 0.3961 0.1261 0.0401 0.0128 0.0041 0.0013 1.0000 1.0000 1.0000 1.0000 0.3901 0.1234 0.0390 0.0123 0.0039 0.0012 1.0000 1.0000 1.0000 1.0000 0.3474 0.1091 0.0343 0.0108 0.0034 0.0011 1.0000 1.0000 1.0000
1.0000 1.0000 0.0010 0.0033 0.0106 0.0338 0.1076 0.3428 1.0000 1.0000 1.0000 1.0000 0.0012 0.0038 0.0122 0.0387 0.1230 0.3901 1.0000 1.0000 1.0000 1.0000 0.0013 0.0041 0.0129 0.0407 0.1277 0.4014 1.0000 1.0000 1.0000 1.0000 0.0013 0.0041 0.0130 0.0409 0.1285 0.4037 1.0000 1.0000 1.0000 1.0000 0.0013 0.0042 0.0131 0.0411 0.1292 0.4044 1.0000 1.0000 1.0000 1.0000 1.0000 0.4044 0.1292 0.0411 0.0131 0.0042 0.0013 1.0000 1.0000 1.0000 1.0000 0.4037 0.1285 0.0409 0.0130 0.0041 0.0013 1.0000 1.0000 1.0000 1.0000 0.4014 0.1277 0.0407 0.0129 0.0041 0.0013 1.0000 1.0000 1.0000 1.0000 0.3901 0.1230 0.0387 0.0122 0.0038 0.0012 1.0000 1.0000 1.0000 1.0000 0.3428 0.1076 0.0338 0.0106 0.0033 0.0010 1.0000 1.0000
1.0000 0.0011 0.0033 0.0105 0.0334 0.1062 0.3382 1.0000 1.0000 1.0000 1.0000 0.0012 0.0038 0.0120 0.0383 0.1218 0.3871 1.0000 1.0000 1.0000 1.0000 0.0013 0.0042 0.0131 0.0412 0.1295 0.4068 1.0000 1.0000 1.0000 1.0000 0.0013 0.0042 0.0132 0.0414 0.1302 0.4091 1.0000 1.0000 1.0000 1.0000 0.0013 0.0042 0.0133 0.0417 0.1309 0.4114 1.0000 1.0000 1.0000 1.0000 1.0000 1.0000 1.0000 0.4114 0.1309 0.0417 0.0133 0.0042 0.0013 1.0000 1.0000 1.0000 1.0000 0.4091 0.1302 0.0414 0.0132 0.0042 0.0013 1.0000 1.0000 1.0000 1.0000 0.4068 0.1295 0.0412 0.0131 0.0042 0.0013 1.0000 1.0000 1.0000 1.0000 0.3871 0.1218 0.0383 0.0120 0.0038 0.0012 1.0000 1.0000 1.0000 1.0000 0.3382 0.1062 0.0334 0.0105 0.0033 0.0011 1.0000
0.0005 0.0035 0.0102 0.0330 0.1048 0.3338 1.0000 1.0000 1.0000 1.0000 0.0012 0.0037 0.0119 0.0378 0.1204 0.3835 1.0000 1.0000 1.0000 1.0000 0.0013 0.0042 0.0132 0.0416 0.1309 0.4122 1.0000 1.0000 1.0000 1.0000 0.0014 0.0043 0.0134 0.0420 0.1319 0.4146 1.0000 1.0000 1.0000 1.0000 0.0014 0.0043 0.0134 0.0422 0.1327 0.4169 1.0000 1.0000 1.0000 1.0000 0.0011 1.0000 1.0000 1.0000 1.0000 0.4169 0.1327 0.0422 0.0134 0.0043 0.0014 1.0000 1.0000 1.0000 1.0000 0.4146 0.1319 0.0420 0.0134 0.0043 0.0014 1.0000 1.0000 1.0000 1.0000 0.4122 0.1309 0.0416 0.0132 0.0042 0.0013 1.0000 1.0000 1.0000 1.0000 0.3835 0.1204 0.0378 0.0119 0.0037 0.0012 1.0000 1.0000 1.0000 1.0000 0.3338 0.1048 0.0330 0.0102 0.0035 0.0005
0.0017 0.0111 0.0322 0.1036 0.3293 1.0000 1.0000 1.0000 1.0000 0.0012 0.0037 0.0117 0.0373 0.1188 0.3784 1.0000 1.0000 1.0000 1.0000 0.0013 0.0042 0.0133 0.0419 0.1322 0.4161 1.0000 1.0000 1.0000 1.0000 0.0014 0.0043 0.0135 0.0426 0.1337 0.4201 1.0000 1.0000 1.0000 1.0000 0.0014 0.0043 0.0136 0.0428 0.1345 0.4225 1.0000 1.0000 1.0000 1.0000 0.0016 0.0036 0.0016 1.0000 1.0000 1.0000 1.0000 0.4225 0.1345 0.0428 0.0136 0.0043 0.0014 1.0000 1.0000 1.0000 1.0000 0.4201 0.1337 0.0426 0.0135 0.0043 0.0014 1.0000 1.0000 1.0000 1.0000 0.4161 0.1322 0.0419 0.0133 0.0042 0.0013 1.0000 1.0000 1.0000 1.0000 0.3784 0.1188 0.0373 0.0117 0.0037 0.0012 1.0000 1.0000 1.0000 1.0000 0.3293 0.1036 0.0322 0.0111 0.0017
0.0054 0.0348 0.1009 0.3256 1.0000 1.0000 1.0000 1.0000 0.0011 0.0036 0.0116 0.0368 0.1173 0.3734 1.0000 1.0000 1.0000 1.0000 0.0013 0.0042 0.0132 0.0419 0.1327 0.4193 1.0000 1.0000 1.0000 1.0000 0.0014 0.0044 0.0137 0.0431 0.1355 0.4257 1.0000 1.0000 1.0000 1.0000 0.0014 0.0044 0.0138 0.0434 0.1363 0.4282 1.0000 1.0000 1.0000 1.0000 0.0014 0.0051 0.0114 0.0051 0.0014 1.0000 1.0000 1.0000 1.0000 0.4282 0.1363 0.0434 0.0138 0.0044 0.0014 1.0000 1.0000 1.0000 1.0000 0.4257 0.1355 0.0431 0.0137 0.0044 0.0014 1.0000 1.0000 1.0000 1.0000 0.4193 0.1327 0.0419 0.0132 0.0042 0.0013 1.0000 1.0000 1.0000 1.0000 0.3734 0.1173 0.0368 0.0116 0.0036 0.0011 1.0000 1.0000 1.0000 1.0000 0.3256 0.1009 0.0348 0.0054
0.0170 0.1093 0.3177 1.0000 1.0000 1.0000 1.0000 0.0011 0.0036 0.0114 0.0363 0.1157 0.3685 1.0000 1.0000 1.0000 1.0000 0.0013 0.0041 0.0131 0.0416 0.1322 0.4193 1.0000 1.0000 1.0000 1.0000 0.0014 0.0044 0.0139 0.0437 0.1373 0.4315 1.0000 1.0000 1.0000 1.0000 0.0014 0.0045 0.0140 0.0440 0.1381 0.4339 1.0000 1.0000 1.0000 1.0000 0.0014 0.0045 0.0163 0.0363 0.0163 0.0045 0.0014 1.0000 1.0000 1.0000 1.0000 0.4339 0.1381 0.0440 0.0140 0.0045 0.0014 1.0000 1.0000 1.0000 1.0000 0.4315 0.1373 0.0437 0.0139 0.0044 0.0014 1.0000 1.0000 1.0000 1.0000 0.4193 0.1322 0.0416 0.0131 0.0041 0.0013 1.0000 1.0000 1.0000 1.0000 0.3685 0.1157 0.0363 0.0114 0.0036 0.0011 1.0000 1.0000 1.0000 1.0000 0.3177 0.1093 0.0170
0.0536 0.3434 0.9962 1.0000 1.0000 1.0000 0.0011 0.0035 0.0113 0.0359 0.1142 0.3636 1.0000 1.0000 1.0000 1.0000 0.0013 0.0041 0.0129 0.0412 0.1309 0.4161 1.0000 1.0000 1.0000 1.0000 0.0014 0.0045 0.0141 0.0443 0.1392 0.4372 1.0000 1.0000 1.0000 1.0000 0.0014 0.0045 0.0142 0.0445 0.1400 0.4397 1.0000 1.0000 1.0000 1.0000 0.0014 0.0045 0.0143 0.0518 0.1155 0.0518 0.0143 0.0045 0.0014 1.0000 1.0000 1.0000 1.0000 0.4397 0.1400 0.0445 0.0142 0.0045 0.0014 1.0000 1.0000 1.0000 1.0000 0.4372 0.1392 0.0443 0.0141 0.0045 0.0014 1.0000 1.0000 1.0000 1.0000 0.4161 0.1309 0.0412 0.0129 0.0041 0.0013 1.0000 1.0000 1.0000 1.0000 0.3636 0.1142 0.0359 0.0113 0.0035 0.0011 1.0000 1.0000 1.0000 0.9962 0.3434 0.0536
0.1683 1.0000 1.0000 1.0000 1.0000 0.0011 0.0035 0.0111 0.0354 0.1127 0.3588 1.0000 1.0000 1.0000 1.0000 0.0013 0.0040 0.0128 0.0407 0.1295 0.4122 1.0000 1.0000 1.0000 1.0000 0.0014 0.0045 0.0142 0.0447 0.1408 0.4431 1.0000 1.0000 1.0000 1.0000 0.0015 0.0046 0.0144 0.0451 0.1418 0.4456 1.0000 1.0000 1.0000 1.0000 0.0015 0.0046 0.0144 0.0456 0.1648 0.3678 0.1648 0.0456 0.0144 0.0046 0.0015 1.0000 1.0000 1.0000 1.0000 0.4456 0.1418 0.0451 0.0144 0.0046 0.0015 1.0000 1.0000 1.0000 1.0000 0.4431 0.1408 0.0447 0.0142 0.0045 0.0014 1.0000 1.0000 1.0000 1.0000 0.4122 0.1295 0.0407 0.0128 0.0040 0.0013 1.0000 1.0000 1.0000 1.0000 0.3588 0.1127 0.0354 0.0111 0.0035 0.0011 1.0000 1.0000 1.0000 1.0000 0.1683
0.5288 1.0000 1.0000 1.0000 0.0011 0.0034 0.0110 0.0349 0.1112 0.3540 1.0000 1.0000 1.0000 1.0000 0.0012 0.0040 0.0126 0.0401 0.1277 0.4068 1.0000 1.0000 1.0000 1.0000 0.0014 0.0045 0.0142 0.0450 0.1418 0.4473 1.0000 1.0000 1.0000 1.0000 0.0015 0.0046 0.0146 0.0457 0.1437 0.4516 1.0000 1.0000 1.0000 1.0000 0.0015 0.0047 0.0146 0.0458 0.1451 0.5248 1.0000 0.5248 0.1451 0.0458 0.0146 0.0047 0.0015 1.0000 1.0000 1.0000 1.0000 0.4516 0.1437 0.0457 0.0146 0.0046 0.0015 1.0000 1.0000 1.0000 1.0000 0.4473 0.1418 0.0450 0.0142 0.0045 0.0014 1.0000 1.0000 1.0000 1.0000 0.4068 0.1277 0.0401 0.0126 0.0040 0.0012 1.0000 1.0000 1.0000 1.0000 0.3540 0.1112 0.0349 0.0110 0.0034 0.0011 1.0000 1.0000 1.0000 0.5288
1.0000 1.0000 1.0000 0.0011 0.0034 0.0108 0.0345 0.1097 0.3493 1.0000 1.0000 1.0000 1.0000 0.0012 0.0039 0.0124 0.0396 0.1261 0.4014 1.0000 1.0000 1.0000 1.0000 0.0014 0.0045 0.0142 0.0450 0.1424 0.4499 1.0000 1.0000 1.0000 1.0000 0.0015 0.0047 0.0148 0.0464 0.1457 0.4577 1.0000 1.0000 1.0000 1.0000 0.0015 0.0047 0.0148 0.0466 0.1459 0.4620 1.0000 1.0000 1.0000 0.4620 0.1459 0.0466 0.0148 0.0047 0.0015 1.0000 1.0000 1.0000 1.0000 0.4577 0.1457 0.0464 0.0148 0.0047 0.0015 1.0000 1.0000 1.0000 1.0000 0.4499 0.1424 0.0450 0.0142 0.0045 0.0014 1.0000 1.0000 1.0000 1.0000 0.4014 0.1261 0.0396 0.0124 0.0039 0.0012 1.0000 1.0000 1.0000 1.0000 0.3493 0.1097 0.0345 0.0108 0.0034 0.0011 1.0000 1.0000 1.0000
1.0000 1.0000 0.0010 0.0034 0.0107 0.0340 0.1083 0.3447 1.0000 1.0000 1.0000 1.0000 0.0012 0.0039 0.0123 0.0391 0.1244 0.3961 1.0000 1.0000 1.0000 1.0000 0.0014 0.0044 0.0141 0.0447 0.1418 0.4499 1.0000 1.0000 1.0000 1.0000 0.0015 0.0048 0.0150 0.0470 0.1476 0.4638 1.0000 1.0000 1.0000 1.0000 0.0015 0.0048 0.0150 0.0472 0.1484 0.4647 1.0000 1.0000 1.0000 1.0000 1.0000 0.4647 0.1484 0.0472 0.0150 0.0048 0.0015 1.0000 1.0000 1.0000 1.0000 0.4638 0.1476 0.0470 0.0150 0.0048 0.0015 1.0000 1.0000 1.0000 1.0000 0.4499 0.1418 0.0447 0.0141 0.0044 0.0014 1.0000 1.0000 1.0000 1.0000 0.3961 0.1244 0.0391 0.0123 0.0039 0.0012 1.0000 1.0000 1.0000 1.0000 0.3447 0.1083 0.0340 0.0107 0.0034 0.0010 1.0000 1.0000
1.0000 0.0011 0.0033 0.0106 0.0335 0.1068 0.3402 1.0000 1.0000 1.0000 1.0000 0.0012 0.0038 0.0121 0.0385 0.1227 0.3908 1.0000 1.0000 1.0000 1.0000 0.0014 0.0044 0.0139 0.0443 0.1408 0.4473 1.0000 1.0000 1.0000 1.0000 0.0015 0.0048 0.0151 0.0476 0.1496 0.4700 1.0000 1.0000 1.0000 1.0000 0.0015 0.0048 0.0152 0.0479 0.1504 0.4727 1.0000 1.0000 1.0000 1.0000 1.0000 1.0000 1.0000 0.4727 0.1504 0.0479 0.0152 0.0048 0.0015 1.0000 1.0000 1.0000 1.0000 0.4700 0.1496 0.0476 0.0151 0.0048 0.0015 1.0000 1.0000 1.0000 1.0000 0.4473 0.1408 0.0443 0.0139 0.0044 0.0014 1.0000 1.0000 1.0000 1.0000 0.3908 0.1227 0.0385 0.0121 0.0038 0.0012 1.0000 1.0000 1.0000 1.0000 0.3402 0.1068 0.0335 0.0106 0.0033 0.0011 1.0000
0.0006 0.0035 0.0103 0.0332 0.1054 0.3357 1.0000 1.0000 1.0000 1.0000 0.0012 0.0038 0.0119 0.0380 0.1211 0.3857 1.0000 1.0000 1.0000 1.0000 0.0014 0.0043 0.0137 0.0437 0.1392 0.4431 1.0000 1.0000 1.0000 1.0000 0.0015 0.0048 0.0152 0.0481 0.1513 0.4763 1.0000 1.0000 1.0000 1.0000 0.0016 0.0049 0.0154 0.0485 0.1525 0.4790 1.0000 1.0000 1.0000 1.0000 0.0013 1.0000 1.0000 1.0000 1.0000 0.4790 0.1525 0.0485 0.0154 0.0049 0.0016 1.0000 1.0000 1.0000 1.0000 0.4763 0.1513 0.0481 0.0152 0.0048 0.0015 1.0000 1.0000 1.0000 1.0000 0.4431 0.1392 0.0437 0.0137 0.0043 0.0014 1.0000 1.0000 1.0000 1.0000 0.3857 0.1211 0.0380 0.0119 0.0038 0.0012 1.0000 1.0000 1.0000 1.0000 0.3357 0.1054 0.0332 0.0103 0.0035 0.0006
0.0017 0.0111 0.0323 0.1042 0.3312 1.0000 1.0000 1.0000 1.0000 0.0012 0.0037 0.0118 0.0375 0.1195 0.3806 1.0000 1.0000 1.0000 1.0000 0.0013 0.0043 0.0135 0.0431 0.1373 0.4372 1.0000 1.0000 1.0000 1.0000 0.0015 0.0048 0.0153 0.0483 0.1525 0.4809 1.0000 1.0000 1.0000 1.0000 0.0016 0.0050 0.0156 0.0492 0.1545 0.4854 1.0000 1.0000 1.0000 1.0000 0.0018 0.0041 0.0018 1.0000 1.0000 1.0000 1.0000 0.4854 0.1545 0.0492 0.0156 0.0050 0.0016 1.0000 1.0000 1.0000 1.0000 0.4809 0.1525 0.0483 0.0153 0.0048 0.0015 1.0000 1.0000 1.0000 1.0000 0.4372 0.1373 0.0431 0.0135 0.0043 0.0013 1.0000 1.0000 1.0000 1.0000 0.3806 0.1195 0.0375 0.0118 0.0037 0.0012 1.0000 1.0000 1.0000 1.0000 0.3312 0.1042 0.0323 0.0111 0.0017
0.0055 0.0350 0.1017 0.3275 1.0000 1.0000 1.0000 1.0000 0.0011 0.0037 0.0116 0.0370 0.1179 0.3755 1.0000 1.0000 1.0000 1.0000 0.0013 0.0042 0.0134 0.0426 0.1355 0.4315 1.0000 1.0000 1.0000 1.0000 0.0015 0.0048 0.0152 0.0483 0.1530 0.4836 1.0000 1.0000 1.0000 1.0000 0.0016 0.0050 0.0159 0.0498 0.1566 0.4920 1.0000 1.0000 1.0000 1.0000 0.0016 0.0059 0.0131 0.0059 0.0016 1.0000 1.0000 1.0000 1.0000 0.4920 0.1566 0.0498 0.0159 0.0050 0.0016 1.0000 1.0000 1.0000 1.0000 0.4836 0.1530 0.0483 0.0152 0.0048 0.0015 1.0000 1.0000 1.0000 1.0000 0.4315 0.1355 0.0426 0.0134 0.0042 0.0013 1.0000 1.0000 1.0000 1.0000 0.3755 0.1179 0.0370 0.0116 0.0037 0.0011 1.0000 1.0000 1.0000 1.0000 0.3275 0.1017 0.0350 0.0055
0.0171 0.1099 0.3189 1.0000 1.0000 1.0000 1.0000 0.0011 0.0036 0.0115 0.0365 0.1164 0.3706 1.0000 1.0000 1.0000 1.0000 0.0013 0.0041 0.0132 0.0420 0.1337 0.4257 1.0000 1.0000 1.0000 1.0000 0.0015 0.0048 0.0151 0.0481 0.1525 0.4836 1.0000 1.0000 1.0000 1.0000 0.0016 0.0051 0.0161 0.0505 0.1587 0.4985 1.0000 1.0000 1.0000 1.0000 0.0016 0.0052 0.0187 0.0417 0.0187 0.0052 0.0016 1.0000 1.0000 1.0000 1.0000 0.4985 0.1587 0.0505 0.0161 0.0051 0.0016 1.0000 1.0000 1.0000 1.0000 0.4836 0.1525 0.0481 0.0151 0.0048 0.0015 1.0000 1.0000 1.0000 1.0000 0.4257 0.1337 0.0420 0.0132 0.0041 0.0013 1.0000 1.0000 1.0000 1.0000 0.3706 0.1164 0.0365 0.0115 0.0036 0.0011 1.0000 1.0000 1.0000 1.0000 0.3189 0.1099 0.0171
0.0539 0.3454 1.0000 1.0000 1.0000 1.0000 0.0011 0.0036 0.0113 0.0361 0.1148 0.3657 1.0000 1.0000 1.0000 1.0000 0.0013 0.0041 0.0130 0.0414 0.1319 0.4201 1.0000 1.0000 1.0000 1.0000 0.0015 0.0047 0.0150 0.0476 0.1513 0.4809 1.0000 1.0000 1.0000 1.0000 0.0016 0.0052 0.0163 0.0512 0.1608 0.5052 1.0000 1.0000 1.0000 1.0000 0.0017 0.0052 0.0164 0.0595 0.1327 0.0595 0.0164 0.0052 0.0017 1.0000 1.0000 1.0000 1.0000 0.5052 0.1608 0.0512 0.0163 0.0052 0.0016 1.0000 1.0000 1.0000 1.0000 0.4809 0.1513 0.0476 0.0150 0.0047 0.0015 1.0000 1.0000 1.0000 1.0000 0.4201 0.1319 0.0414 0.0130 0.0041 0.0013 1.0000 1.0000 1.0000 1.0000 0.3657 0.1148 0.0361 0.0113 0.0036 0.0011 1.0000 1.0000 1.0000 1.0000 0.3454 0.0539
0.1693 1.0000 1.0000 1.0000 1.0000 0.0011 0.0035 0.0112 0.0356 0.1133 0.3608 1.0000 1.0000 1.0000 1.0000 0.0013 0.0040 0.0128 0.0409 0.1302 0.4146 1.0000 1.0000 1.0000 1.0000 0.0015 0.0046 0.0148 0.0470 0.1496 0.4763 1.0000 1.0000 1.0000 1.0000 0.0016 0.0052 0.0164 0.0517 0.1626 0.5120 1.0000 1.0000 1.0000 1.0000 0.0017 0.0053 0.0165 0.0524 0.1894 0.4225 0.1894 0.0524 0.0165 0.0053 0.0017 1.0000 1.0000 1.0000 1.0000 0.5120 0.1626 0.0517 0.0164 0.0052 0.0016 1.0000 1.0000 1.0000 1.0000 0.4763 0.1496 0.0470 0.0148 0.0046 0.0015 1.0000 1.0000 1.0000 1.0000 0.4146 0.1302 0.0409 0.0128 0.0040 0.0013 1.0000 1.0000 1.0000 1.0000 0.3608 0.1133 0.0356 0.0112 0.0035 0.0011 1.0000 1.0000 1.0000 1.0000 0.1693
0.5318 1.0000 1.0000 1.0000 0.0011 0.0035 0.0110 0.0351 0.1118 0.3561 1.0000 1.0000 1.0000 1.0000 0.0012 0.0040 0.0127 0.0403 0.1285 0.4091 1.0000 1.0000 1.0000 1.0000 0.0014 0.0046 0.0146 0.0464 0.1476 0.4700 1.0000 1.0000 1.0000 1.0000 0.0016 0.0052 0.0164 0.0520 0.1639 0.5169 1.0000 1.0000 1.0000 1.0000 0.0017 0.0054 0.0168 0.0527 0.1667 0.6030 1.0000 0.6030 0.1667 0.0527 0.0168 0.0054 0.0017 1.0000 1.0000 1.0000 1.0000 0.5169 0.1639 0.0520 0.0164 0.0052 0.0016 1.0000 1.0000 1.0000 1.0000 0.4700 0.1476 0.0464 0.0146 0.0046 0.0014 1.0000 1.0000 1.0000 1.0000 0.4091 0.1285 0.0403 0.0127 0.0040 0.0012 1.0000 1.0000 1.0000 1.0000 0.3561 0.1118 0.0351 0.0110 0.0035 0.0011 1.0000 1.0000 1.0000 0.5318
1.0000 1.0000 1.0000 0.0011 0.0034 0.0109 0.0347 0.1103 0.3513 1.0000 1.0000 1.0000 1.0000 0.0012 0.0039 0.0125 0.0398 0.1268 0.4037 1.0000 1.0000 1.0000 1.0000 0.0014 0.0045 0.0144 0.0457 0.1457 0.4638 1.0000 1.0000 1.0000 1.0000 0.0016 0.0052 0.0164 0.0520 0.1645 0.5198 1.0000 1.0000 1.0000 1.0000 0.0017 0.0054 0.0170 0.0536 0.1677 0.5308 1.0000 1.0000 1.0000 0.5308 0.1677 0.0536 0.0170 0.0054 0.0017 1.0000 1.0000 1.0000 1.0000 0.5198 0.1645 0.0520 0.0164 0.0052 0.0016 1.0000 1.0000 1.0000 1.0000 0.4638 0.1457 0.0457 0.0144 0.0045 0.0014 1.0000 1.0000 1.0000 1.0000 0.4037 0.1268 0.0398 0.0125 0.0039 0.0012 1.0000 1.0000 1.0000 1.0000 0.3513 0.1103 0.0347 0.0109 0.0034 0.0011 1.0000 1.0000 1.0000
1.0000 1.0000 0.0010 0.0034 0.0107 0.0342 0.1089 0.3467 1.0000 1.0000 1.0000 1.0000 0.0012 0.0039 0.0123 0.0393 0.1251 0.3983 1.0000 1.0000 1.0000 1.0000 0.0014 0.0045 0.0142 0.0451 0.1437 0.4577 1.0000 1.0000 1.0000 1.0000 0.0016 0.0051 0.0163 0.0517 0.1639 0.5198 1.0000 1.0000 1.0000 1.0000 0.0017 0.0055 0.0173 0.0543 0.1706 0.5339 1.0000 1.0000 1.0000 1.0000 1.0000 0.5339 0.1706 0.0543 0.0173 0.0055 0.0017 1.0000 1.0000 1.0000 1.0000 0.5198 0.1639 0.0517 0.0163 0.0051 0.0016 1.0000 1.0000 1.0000 1.0000 0.4577 0.1437 0.0451 0.0142 0.0045 0.0014 1.0000 1.0000 1.0000 1.0000 0.3983 0.1251 0.0393 0.0123 0.0039 0.0012 1.0000 1.0000 1.0000 1.0000 0.3467 0.1089 0.0342 0.0107 0.0034 0.0010 1.0000 1.0000
1.0000 0.0011 0.0033 0.0106 0.0337 0.1074 0.3421 1.0000 1.0000 1.0000 1.0000 0.0012 0.0038 0.0122 0.0388 0.1234 0.3931 1.0000 1.0000 1.0000 1.0000 0.0014 0.0044 0.0140 0.0445 0.1418 0.4516 1.0000 1.0000 1.0000 1.0000 0.0016 0.0050 0.0161 0.0512 0.1626 0.5169 1.0000 1.0000 1.0000 1.0000 0.0018 0.0056 0.0175 0.0550 0.1728 0.5431 1.0000 1.0000 1.0000 1.0000 1.0000 1.0000 1.0000 0.5431 0.1728 0.0550 0.0175 0.0056 0.0018 1.0000 1.0000 1.0000 1.0000 0.5169 0.1626 0.0512 0.0161 0.0050 0.0016 1.0000 1.0000 1.0000 1.0000 0.4516 0.1418 0.0445 0.0140 0.0044 0.0014 1.0000 1.0000 1.0000 1.0000 0.3931 0.1234 0.0388 0.0122 0.0038 0.0012 1.0000 1.0000 1.0000 1.0000 0.3421 0.1074 0.0337 0.0106 0.0033 0.0011 1.0000
0.0006 0.0036 0.0103 0.0334 0.1060 0.3376 1.0000 1.0000 1.0000 1.0000 0.0012 0.0038 0.0120 0.0383 0.1218 0.3879 1.0000 1.0000 1.0000 1.0000 0.0014 0.0043 0.0138 0.0440 0.1400 0.4456 1.0000 1.0000 1.0000 1.0000 0.0016 0.0050 0.0159 0.0505 0.1608 0.5120 1.0000 1.0000 1.0000 1.0000 0.0018 0.0056 0.0176 0.0555 0.1748 0.5504 1.0000 1.0000 1.0000 1.0000 0.0015 1.0000 1.0000 1.0000 1.0000 0.5504 0.1748 0.0555 0.0176 0.0056 0.0018 1.0000 1.0000 1.0000 1.0000 0.5120 0.1608 0.0505 0.0159 0.0050 0.0016 1.0000 1.0000 1.0000 1.0000 0.4456 0.1400 0.0440 0.0138 0.0043 0.0014 1.0000 1.0000 1.0000 1.0000 0.3879 0.1218 0.0383 0.0120 0.0038 0.0012 1.0000 1.0000 1.0000 1.0000 0.3376 0.1060 0.0334 0.0103 0.0036 0.0006
0.0017 0.0112 0.0325 0.1048 0.3331 1.0000 1.0000 1.0000 1.0000 0.0012 0.0037 0.0119 0.0377 0.1202 0.3827 1.0000 1.0000 1.0000 1.0000 0.0013 0.0043 0.0136 0.0434 0.1381 0.4397 1.0000 1.0000 1.0000 1.0000 0.0015 0.0049 0.0156 0.0498 0.1587 0.5052 1.0000 1.0000 1.0000 1.0000 0.0018 0.0056 0.0177 0.0559 0.1762 0.5556 1.0000 1.0000 1.0000 1.0000 0.0021 0.0047 0.0021 1.0000 1.0000 1.0000 1.0000 0.5556 0.1762 0.0559 0.0177 0.0056 0.0018 1.0000 1.0000 1.0000 1.0000 0.5052 0.1587 0.0498 0.0156 0.0049 0.0015 1.0000 1.0000 1.0000 1.0000 0.4397 0.1381 0.0434 0.0136 0.0043 0.0013 1.0000 1.0000 1.0000 1.0000 0.3827 0.1202 0.0377 0.0119 0.0037 0.0012 1.0000 1.0000 1.0000 1.0000 0.3331 0.1048 0.0325 0.0112 0.0017
0.0055 0.0352 0.1021 0.3293 1.0000 1.0000 1.0000 1.0000 0.0012 0.0037 0.0117 0.0372 0.1186 0.3777 1.0000 1.0000 1.0000 1.0000 0.0013 0.0042 0.0134 0.0428 0.1363 0.4339 1.0000 1.0000 1.0000 1.0000 0.0015 0.0048 0.0154 0.0492 0.1566 0.4985 1.0000 1.0000 1.0000 1.0000 0.0017 0.0056 0.0176 0.0559 0.1768 0.5588 1.0000 1.0000 1.0000 1.0000 0.0019 0.0067 0.0150 0.0067 0.0019 1.0000 1.0000 1.0000 1.0000 0.5588 0.1768 0.0559 0.0176 0.0056 0.0017 1.0000 1.0000 1.0000 1.0000 0.4985 0.1566 0.0492 0.0154 0.0048 0.0015 1.0000 1.0000 1.0000 1.0000 0.4339 0.1363 0.0428 0.0134 0.0042 0.0013 1.0000 1.0000 1.0000 1.0000 0.3777 0.1186 0.0372 0.0117 0.0037 0.0012 1.0000 1.0000 1.0000 1.0000 0.3293 0.1021 0.0352 0.0055
0.0172 0.1105 0.3213 1.0000 1.0000 1.0000 1.0000 0.0011 0.0036 0.0115 0.0368 0.1170 0.3727 1.0000 1.0000 1.0000 1.0000 0.0013 0.0042 0.0133 0.0422 0.1345 0.4282 1.0000 1.0000 1.0000 1.0000 0.0015 0.0048 0.0152 0.0485 0.1545 0.4920 1.0000 1.0000 1.0000 1.0000 0.0017 0.0055 0.0175 0.0555 0.1762 0.5588 1.0000 1.0000 1.0000 1.0000 0.0019 0.0059 0.0215 0.0478 0.0215 0.0059 0.0019 1.0000 1.0000 1.0000 1.0000 0.5588 0.1762 0.0555 0.0175 0.0055 0.0017 1.0000 1.0000 1.0000 1.0000 0.4920 0.1545 0.0485 0.0152 0.0048 0.0015 1.0000 1.0000 1.0000 1.0000 0.4282 0.1345 0.0422 0.0133 0.0042 0.0013 1.0000 1.0000 1.0000 1.0000 0.3727 0.1170 0.0368 0.0115 0.0036 0.0011 1.0000 1.0000 1.0000 1.0000 0.3213 0.1105 0.0172
0.0542 0.3474 1.0000 1.0000 1.0000 1.0000 0.0011 0.0036 0.0114 0.0363 0.1155 0.3678 1.0000 1.0000 1.0000 1.0000 0.0013 0.0041 0.0131 0.0417 0.1327 0.4225 1.0000 1.0000 1.0000 1.0000 0.0015 0.0047 0.0150 0.0479 0.1525 0.4854 1.0000 1.0000 1.0000 1.0000 0.0017 0.0054 0.0173 0.0550 0.1748 0.5556 1.0000 1.0000 1.0000 1.0000 0.0019 0.0059 0.0188 0.0681 0.1522 0.0681 0.0188 0.0059 0.0019 1.0000 1.0000 1.0000 1.0000 0.5556 0.1748 0.0550 0.0173 0.0054 0.0017 1.0000 1.0000 1.0000 1.0000 0.4854 0.1525 0.0479 0.0150 0.0047 0.0015 1.0000 1.0000 1.0000 1.0000 0.4225 0.1327 0.0417 0.0131 0.0041 0.0013 1.0000 1.0000 1.0000 1.0000 0.3678 0.1155 0.0363 0.0114 0.0036 0.0011 1.0000 1.0000 1.0000 1.0000 0.3474 0.0542
0.1702 1.0000 1.0000 1.0000 1.0000 0.0011 0.0035 0.0112 0.0358 0.1140 0.3629 1.0000 1.0000 1.0000 1.0000 0.0013 0.0041 0.0129 0.0411 0.1309 0.4169 1.0000 1.0000 1.0000 1.0000 0.0015 0.0047 0.0148 0.0472 0.1504 0.4790 1.0000 1.0000 1.0000 1.0000 0.0017 0.0054 0.0170 0.0543 0.1728 0.5504 1.0000 1.0000 1.0000 1.0000 0.0019 0.0060 0.0189 0.0598 0.2163 0.4827 0.2163 0.0597 0.0189 0.0060 0.0019 1.0000 1.0000 1.0000 1.0000 0.5504 0.1728 0.0543 0.0170 0.0054 0.0017 1.0000 1.0000 1.0000 1.0000 0.4790 0.1504 0.0472 0.0148 0.0047 0.0015 1.0000 1.0000 1.0000 1.0000 0.4169 0.1309 0.0411 0.0129 0.0041 0.0013 1.0000 1.0000 1.0000 1.0000 0.3629 0.1140 0.0358 0.0112 0.0035 0.0011 1.0000 1.0000 1.0000 1.0000 0.1702
0.5349 1.0000 1.0000 1.0000 0.0011 0.0035 0.0111 0.0353 0.1125 0.3581 1.0000 1.0000 1.0000 1.0000 0.0013 0.0040 0.0127 0.0406 0.1292 0.4114 1.0000 1.0000 1.0000 1.0000 0.0014 0.0046 0.0146 0.0466 0.1484 0.4727 1.0000 1.0000 1.0000 1.0000 0.0017 0.0053 0.0168 0.0536 0.1706 0.5431 1.0000 1.0000 1.0000 1.0000 0.0019 0.0060 0.0190 0.0597 0.1894 0.6875 1.0000 0.6875 0.1894 0.0597 0.0190 0.0060 0.0019 1.0000 1.0000 1.0000 1.0000 0.5431 0.1706 0.0536 0.0168 0.0053 0.0017 1.0000 1.0000 1.0000 1.0000 0.4727 0.1484 0.0466 0.0146 0.0046 0.0014 1.0000 1.0000 1.0000 1.0000 0.4114 0.1292 0.0406 0.0127 0.0040 0.0013 1.0000 1.0000 1.0000 1.0000 0.3581 0.1125 0.0353 0.0111 0.0035 0.0011 1.0000 1.0000 1.0000 0.5349
1.0000 1.0000 1.0000 0.0011 0.0034 0.0109 0.0349 0.1110 0.3534 1.0000 1.0000 1.0000 1.0000 0.0012 0.0039 0.0126 0.0400 0.1275 0.4060 1.0000 1.0000 1.0000 1.0000 0.0014 0.0045 0.0144 0.0460 0.1465 0.4664 1.0000 1.0000 1.0000 1.0000 0.0016 0.0052 0.0166 0.0529 0.1683 0.5359 1.0000 1.0000 1.0000 1.0000 0.0019 0.0060 0.0190 0.0600 0.1890 0.6007 1.0000 1.0000 1.0000 0.5973 0.1879 0.0597 0.0189 0.0059 0.0019 1.0000 1.0000 1.0000 1.0000 0.5339 0.1677 0.0527 0.0165 0.0052 0.0016 1.0000 1.0000 1.0000 1.0000 0.4647 0.1459 0.0458 0.0144 0.0045 0.0014 1.0000 1.0000 1.0000 1.0000 0.4044 0.1270 0.0399 0.0125 0.0039 0.0012 1.0000 1.0000 1.0000 1.0000 0.3520 0.1105 0.0347 0.0109 0.0034 0.0011 1.0000 1.0000 1.0000
1.0000 1.0000 0.0011 0.0034 0.0108 0.0344 0.1095 0.3487 1.0000 1.0000 1.0000 1.0000 0.0012 0.0039 0.0124 0.0395 0.1258 0.4006 1.0000 1.0000 1.0000 1.0000 0.0014 0.0045 0.0143 0.0454 0.1445 0.4603 1.0000 1.0000 1.0000 1.0000 0.0016 0.0051 0.0164 0.0522 0.1661 0.5288 1.0000 1.0000 1.0000 1.0000 0.0019 0.0059 0.0188 0.0597 0.1894 0.5973 1.0000 1.0000 1.0000 1.0000 1.0000 0.5961 0.1897 0.0598 0.0188 0.0059 0.0019 1.0000 1.0000 1.0000 1.0000 0.5308 0.1667 0.0524 0.0164 0.0052 0.0016 1.0000 1.0000 1.0000 1.0000 0.4620 0.1451 0.0456 0.0143 0.0045 0.0014 1.0000 1.0000 1.0000 1.0000 0.4021 0.1263 0.0397 0.0125 0.0039 0.0012 1.0000 1.0000 1.0000 1.0000 0.3500 0.1099 0.0345 0.0108 0.0034 0.0011 1.0000 1.0000
1.0000 0.0011 0.0033 0.0107 0.0339 0.1081 0.3441 1.0000 1.0000 1.0000 1.0000 0.0012 0.0038 0.0122 0.0390 0.1241 0.3953 1.0000 1.0000 1.0000 1.0000 0.0014 0.0044 0.0141 0.0448 0.1426 0.4542 1.0000 1.0000 1.0000 1.0000 0.0016 0.0051 0.0162 0.0515 0.1639 0.5218 1.0000 1.0000 1.0000 1.0000 0.0018 0.0058 0.0186 0.0591 0.1883 0.5973 1.0000 1.0000 1.0000 1.0000 1.0000 1.0000 1.0000 0.6862 0.2167 0.0682 0.0215 0.0067 0.0021 1.0000 1.0000 1.0000 1.0000 0.6030 0.1894 0.0595 0.0187 0.0059 0.0018 1.0000 1.0000 1.0000 1.0000 0.5248 0.1648 0.0518 0.0163 0.0051 0.0016 1.0000 1.0000 1.0000 1.0000 0.4568 0.1435 0.0451 0.0141 0.0044 0.0014 1.0000 1.0000 1.0000 1.0000 0.3976 0.1249 0.0391 0.0123 0.0038 0.0013 1.0000
0.0006 0.0036 0.0104 0.0335 0.1066 0.3395 1.0000 1.0000 1.0000 1.0000 0.0012 0.0038 0.0121 0.0385 0.1225 0.3901 1.0000 1.0000 1.0000 1.0000 0.0014 0.0044 0.0139 0.0442 0.1408 0.4482 1.0000 1.0000 1.0000 1.0000 0.0016 0.0050 0.0159 0.0508 0.1617 0.5149 1.0000 1.0000 1.0000 1.0000 0.0018 0.0058 0.0183 0.0583 0.1858 0.5916 1.0000 1.0000 1.0000 0.0008 0.0016 1.0000 1.0000 1.0000 1.0000 0.4827 0.1519 0.0478 0.0150 0.0047 0.0015 1.0000 1.0000 1.0000 1.0000 0.4225 0.1327 0.0417 0.0131 0.0041 0.0013 1.0000 1.0000 1.0000 1.0000 0.3678 0.1155 0.0363 0.0114 0.0036 0.0011 1.0000 1.0000 1.0000 1.0000 0.3201 0.1005 0.0316 0.0099 0.0031 0.0010 1.0000 1.0000 1.0000 0.8871 0.2786 0.0875 0.0276 0.0086 0.0030 0.0005
0.0018 0.0113 0.0327 0.1054 0.3350 1.0000 1.0000 1.0000 1.0000 0.0012 0.0037 0.0119 0.0380 0.1209 0.3849 1.0000 1.0000 1.0000 1.0000 0.0014 0.0043 0.0137 0.0436 0.1389 0.4423 1.0000 1.0000 1.0000 1.0000 0.0016 0.0049 0.0157 0.0501 0.1596 0.5081 1.0000 1.0000 1.0000 1.0000 0.0018 0.0057 0.0181 0.0576 0.1833 0.5838 1.0000 1.0000 1.0000 0.0007 0.0025 0.0008 1.0000 1.0000 1.0000 0.6888 0.2159 0.0682 0.0214 0.0067 0.0021 1.0000 1.0000 1.0000 1.0000 0.6030 0.1894 0.0595 0.0187 0.0059 0.0018 1.0000 1.0000 1.0000 1.0000 0.5248 0.1648 0.0518 0.0163 0.0051 0.0016 1.0000 1.0000 1.0000 1.0000 0.4568 0.1435 0.0451 0.0141 0.0044 0.0014 1.0000 1.0000 1.0000 1.0000 0.3976 0.1249 0.0391 0.0123 0.0038 0.0013 1.0000
0.0055 0.0352 0.1023 0.3300 1.0000 1.0000 1.0000 1.0000 0.0012 0.0037 0.0117 0.0373 0.1188 0.3784 1.0000 1.0000 1.0000 1.0000 0.0013 0.0042 0.0135 0.0429 0.1365 0.4347 1.0000 1.0000 1.0000 1.0000 0.0015 0.0049 0.0155 0.0493 0.1569 0.4995 1.0000 1.0000 1.0000 1.0000 0.0018 0.0056 0.0178 0.0566 0.1802 0.5739 1.0000 1.0000 1.0000 0.0006 0.0021 0.0067 0.0088 0.3029 1.0000 0.6928 0.1879 0.0596 0.0188 0.0059 0.0019 1.0000 1.0000 1.0000 1.0000 0.5308 0.1667 0.0524 0.0164 0.0052 0.0016 1.0000 1.0000 1.0000 1.0000 0.4620 0.1451 0.0456 0.0143 0.0045 0.0014 1.0000 1.0000 1.0000 1.0000 0.4021 0.1263 0.0397 0.0125 0.0039 0.0012 1.0000 1.0000 1.0000 1.0000 0.3500 0.1099 0.0345 0.0108 0.0034 0.0011 1.0000 1.0000
0.0176 0.1116 0.3244 1.0000 1.0000 1.0000 1.0000 0.0011 0.0037 0.0117 0.0371 0.1182 0.3762 1.0000 1.0000 1.0000 1.0000 0.0013 0.0042 0.0134 0.0426 0.1358 0.4323 1.0000 1.0000 1.0000 1.0000 0.0015 0.0048 0.0154 0.0490 0.1560 0.4967 1.0000 1.0000 1.0000 1.0000 0.0017 0.0056 0.0177 0.0563 0.1792 0.5706 1.0000 1.0000 1.0000 0.0006 0.0020 0.0065 0.0201 0.0361 0.5816 0.8524 0.1908 0.0588 0.0188 0.0060 0.0019 1.0000 1.0000 1.0000 1.0000 0.5339 0.1677 0.0527 0.0165 0.0052 0.0016 1.0000 1.0000 1.0000 1.0000 0.4647 0.1459 0.0458 0.0144 0.0045 0.0014 1.0000 1.0000 1.0000 1.0000 0.4044 0.1270 0.0399 0.0125 0.0039 0.0012 1.0000 1.0000 1.0000 1.0000 0.3520 0.1105 0.0347 0.0109 0.0034 0.0011 1.0000 1.0000 1.0000
0.0636 0.4068 1.0000 1.0000 1.0000 1.0000 0.0013 0.0042 0.0132 0.0422 0.1342 0.4274 1.0000 1.0000 1.0000 1.0000 0.0015 0.0048 0.0152 0.0484 0.1542 0.4910 1.0000 1.0000 1.0000 1.0000 0.0017 0.0055 0.0175 0.0556 0.1772 0.5641 1.0000 1.0000 1.0000 1.0000 0.0020 0.0063 0.0201 0.0639 0.2036 0.6494 1.0000 1.0000 1.0000 0.0007 0.0023 0.0073 0.0233 0.0729 0.2528 0.7061 0.2201 0.0582 0.0189 0.0060 0.0019 1.0000 1.0000 1.0000 1.0000 0.5431 0.1706 0.0536 0.0168 0.0053 0.0017 1.0000 1.0000 1.0000 1.0000 0.4727 0.1484 0.0466 0.0146 0.0046 0.0014 1.0000 1.0000 1.0000 1.0000 0.4114 0.1292 0.0406 0.0127 0.0040 0.0013 1.0000 1.0000 1.0000 1.0000 0.3581 0.1125 0.0353 0.0111 0.0035 0.0011 1.0000 1.0000 1.0000 0.5349
0.1510 0.9128 1.0000 1.0000 1.0000 0.0009 0.0029 0.0093 0.0295 0.0939 0.2989 0.9518 1.0000 1.0000 1.0000 0.0010 0.0033 0.0106 0.0339 0.1078 0.3434 1.0000 1.0000 1.0000 1.0000 0.0012 0.0038 0.0122 0.0389 0.1239 0.3946 1.0000 1.0000 1.0000 1.0000 0.0014 0.0044 0.0140 0.0446 0.1421 0.4525 1.0000 1.0000 1.0000 1.0000 0.0016 0.0050 0.0157 0.0501 0.1689 0.4700 0.2597 0.0587 0.0186 0.0060 0.0019 1.0000 1.0000 1.0000 1.0000 0.5504 0.1728 0.0543 0.0170 0.0054 0.0017 1.0000 1.0000 1.0000 1.0000 0.4790 0.1504 0.0472 0.0148 0.0047 0.0015 1.0000 1.0000 1.0000 1.0000 0.4169 0.1309 0.0411 0.0129 0.0041 0.0013 1.0000 1.0000 1.0000 1.0000 0.3629 0.1140 0.0358 0.0112 0.0035 0.0011 1.0000 1.0000 1.0000 1.0000 0.1702
