30.0268 -24.2979 -36.2813 -43.9030 -4.6390 27.4402 -16.0955 -31.9971 -41.5116 -38.3755 15.3404 21.4774 -25.6139 -36.3351 -43.7153 -33.6331 6.3737 12.0382 12.4317 12.4427 12.4427 12.4427 12.4427 12.4427 12.4427 12.4427 12.4427 12.4427 12.4427 12.4427 12.4427 12.4427 12.4427 12.4427 12.4427 12.4427 12.4427 12.4427 12.4427 12.4427 12.4427 12.4427 12.4427 12.4427 12.4427 12.4427 12.4427 12.4427 12.4427 12.4427 12.4427 12.4427 12.4427 12.4427 12.4427 12.4427 12.4427 12.4427 12.4427 12.4427 12.4427 12.4427 12.4427 12.4427 12.4427 12.4427 12.4427 12.4427 12.4427 12.4427 12.4427 12.4427 12.4427 12.4427 12.4427 12.4427 12.4427 12.4427 12.4427 12.4427 12.4427 12.4427 12.4317 12.0382 6.3737 -33.6331 -43.7153 -36.3351 -25.6139 21.4774 15.3404 -38.3755 -41.5116 -31.9971 -16.0955 27.4402 -4.6390 -43.9030 -36.2813 -24.2979 30.0268
-24.2979 -37.9530 -45.2051 -4.8098 27.1944 -15.9723 -33.6597 -42.9996 -38.9988 15.6105 21.7014 -27.4165 -38.6144 -45.3681 -15.5773 17.8284 32.5862 26.5505 24.8853 24.8342 24.8338 24.8338 24.8338 24.8338 24.8338 24.8338 24.8338 24.8338 24.8338 24.8338 24.8338 24.8338 24.8338 24.8338 24.8338 24.8338 24.8338 24.8338 24.8338 24.8338 24.8338 24.8338 24.8338 24.8338 24.8338 24.8338 24.8338 24.8338 24.8338 24.8338 24.8338 24.8338 24.8338 24.8338 24.8338 24.8338 24.8338 24.8338 24.8338 24.8338 24.8338 24.8338 24.8338 24.8338 24.8338 24.8338 24.8338 24.8338 24.8338 24.8338 24.8338 24.8338 24.8338 24.8338 24.8338 24.8338 24.8338 24.8338 24.8338 24.8338 24.8338 24.8342 24.8853 26.5505 32.5862 17.8284 -15.5773 -45.3681 -38.6144 -27.4165 21.7014 15.6105 -38.9988 -42.9996 -33.6597 -15.9723 27.1944 -4.8098 -45.2051 -37.9530 -24.2979
-36.2813 -45.2051 -5.4390 26.7986 -15.4018 -33.4576 -42.8536 -39.7192 15.2396 22.5445 -27.4421 -38.7973 -45.4152 -6.7483 23.1711 8.8487 -22.6899 -26.4282 -26.7155 -26.7252 -26.7255 -26.7255 -26.7255 -26.7255 -26.7255 -26.7255 -26.7255 -26.7255 -26.7255 -26.7255 -26.7255 -26.7255 -26.7255 -26.7255 -26.7255 -26.7255 -26.7255 -26.7255 -26.7255 -26.7255 -26.7255 -26.7255 -26.7255 -26.7255 -26.7255 -26.7255 -26.7255 -26.7255 -26.7255 -26.7255 -26.7255 -26.7255 -26.7255 -26.7255 -26.7255 -26.7255 -26.7255 -26.7255 -26.7255 -26.7255 -26.7255 -26.7255 -26.7255 -26.7255 -26.7255 -26.7255 -26.7255 -26.7255 -26.7255 -26.7255 -26.7255 -26.7255 -26.7255 -26.7255 -26.7255 -26.7255 -26.7255 -26.7255 -26.7255 -26.7255 -26.7255 -26.7252 -26.7155 -26.4282 -22.6899 8.8487 23.1711 -6.7483 -45.4152 -38.7973 -27.4421 22.5445 15.2396 -39.7192 -42.8536 -33.4576 -15.4018 26.7986 -5.4390 -45.2051 -36.2813
-43.9030 -4.8098 26.7986 -15.1707 -33.3317 -42.7388 -40.3398 14.8407 23.8174 -27.3057 -38.8229 -45.4303 -3.3104 25.8939 -9.2464 -29.2312 -36.0344 -38.6026 -38.8189 -38.8250 -38.8250 -38.8250 -38.8250 -38.8250 -38.8250 -38.8250 -38.8250 -38.8250 -38.8250 -38.8250 -38.8250 -38.8250 -38.8250 -38.8250 -38.8250 -38.8250 -38.8250 -38.8250 -38.8250 -38.8250 -38.8250 -38.8250 -38.8250 -38.8250 -38.8250 -38.8250 -38.8250 -38.8250 -38.8250 -38.8250 -38.8250 -38.8250 -38.8250 -38.8250 -38.8250 -38.8250 -38.8250 -38.8250 -38.8250 -38.8250 -38.8250 -38.8250 -38.8250 -38.8250 -38.8250 -38.8250 -38.8250 -38.8250 -38.8250 -38.8250 -38.8250 -38.8250 -38.8250 -38.8250 -38.8250 -38.8250 -38.8250 -38.8250 -38.8250 -38.8250 -38.8250 -38.8250 -38.8189 -38.6026 -36.0344 -29.2312 -9.2464 25.8939 -3.3104 -45.4303 -38.8229 -27.3057 23.8174 14.8407 -40.3398 -42.7388 -33.3317 -15.1707 26.7986 -4.8098 -43.9030
-4.6390 27.1944 -15.4018 -33.3317 -42.6937 -40.7005 14.5242 24.9863 -27.1122 -38.7687 -45.4268 -2.0020 27.2002 -13.6623 -31.5871 -39.9798 -45.3527 -46.5443 -46.5079 -46.4958 -46.4954 -46.4954 -46.4954 -46.4954 -46.4954 -46.4954 -46.4954 -46.4954 -46.4954 -46.4954 -46.4954 -46.4954 -46.4954 -46.4954 -46.4954 -46.4954 -46.4954 -46.4954 -46.4954 -46.4954 -46.4954 -46.4954 -46.4954 -46.4954 -46.4954 -46.4954 -46.4954 -46.4954 -46.4954 -46.4954 -46.4954 -46.4954 -46.4954 -46.4954 -46.4954 -46.4954 -46.4954 -46.4954 -46.4954 -46.4954 -46.4954 -46.4954 -46.4954 -46.4954 -46.4954 -46.4954 -46.4954 -46.4954 -46.4954 -46.4954 -46.4954 -46.4954 -46.4954 -46.4954 -46.4954 -46.4954 -46.4954 -46.4954 -46.4954 -46.4954 -46.4954 -46.4958 -46.5079 -46.5443 -45.3527 -39.9798 -31.5871 -13.6623 27.2002 -2.0020 -45.4268 -38.7687 -27.1122 24.9863 14.5242 -40.7005 -42.6937 -33.3317 -15.4018 27.1944 -4.6390
27.4402 -15.9723 -33.4576 -42.7388 -40.7005 14.4021 25.6713 -26.9468 -38.6930 -45.4119 -1.6450 27.7830 -15.3594 -32.6570 -41.5901 -45.8990 -20.6655 2.1792 3.5506 3.5865 3.5869 3.5869 3.5869 3.5869 3.5869 3.5869 3.5869 3.5869 3.5869 3.5869 3.5869 3.5869 3.5869 3.5869 3.5869 3.5869 3.5869 3.5869 3.5869 3.5869 3.5869 3.5869 3.5869 3.5869 3.5869 3.5869 3.5869 3.5869 3.5869 3.5869 3.5869 3.5869 3.5869 3.5869 3.5869 3.5869 3.5869 3.5869 3.5869 3.5869 3.5869 3.5869 3.5869 3.5869 3.5869 3.5869 3.5869 3.5869 3.5869 3.5869 3.5869 3.5869 3.5869 3.5869 3.5869 3.5869 3.5869 3.5869 3.5869 3.5869 3.5869 3.5865 3.5506 2.1792 -20.6655 -45.8990 -41.5901 -32.6570 -15.3594 27.7830 -1.6450 -45.4119 -38.6930 -26.9468 25.6713 14.4021 -40.7005 -42.7388 -33.4576 -15.9723 27.4402
-16.0955 -33.6597 -42.8536 -40.3398 14.5242 25.6713 -26.8812 -38.6405 -45.3973 -1.6787 27.9847 -16.0716 -33.2001 -42.3089 -44.5758 3.9328 21.8918 30.6524 31.5159 31.5368 31.5374 31.5374 31.5374 31.5374 31.5374 31.5374 31.5374 31.5374 31.5374 31.5374 31.5374 31.5374 31.5374 31.5374 31.5374 31.5374 31.5374 31.5374 31.5374 31.5374 31.5374 31.5374 31.5374 31.5374 31.5374 31.5374 31.5374 31.5374 31.5374 31.5374 31.5374 31.5374 31.5374 31.5374 31.5374 31.5374 31.5374 31.5374 31.5374 31.5374 31.5374 31.5374 31.5374 31.5374 31.5374 31.5374 31.5374 31.5374 31.5374 31.5374 31.5374 31.5374 31.5374 31.5374 31.5374 31.5374 31.5374 31.5374 31.5374 31.5374 31.5374 31.5368 31.5159 30.6524 21.8918 3.9328 -44.5758 -42.3089 -33.2001 -16.0716 27.9847 -1.6787 -45.3973 -38.6405 -26.8812 25.6713 14.5242 -40.3398 -42.8536 -33.6597 -16.0955
-31.9971 -42.9996 -39.7192 14.8407 24.9863 -26.9468 -38.6405 -45.3916 -1.7790 28.0261 -16.3422 -33.4616 -42.6433 -43.0222 9.4166 31.2332 -8.4996 -20.5899 -21.3718 -21.3979 -21.3982 -21.3982 -21.3982 -21.3982 -21.3982 -21.3982 -21.3982 -21.3982 -21.3982 -21.3982 -21.3982 -21.3982 -21.3982 -21.3982 -21.3982 -21.3982 -21.3982 -21.3982 -21.3982 -21.3982 -21.3982 -21.3982 -21.3982 -21.3982 -21.3982 -21.3982 -21.3982 -21.3982 -21.3982 -21.3982 -21.3982 -21.3982 -21.3982 -21.3982 -21.3982 -21.3982 -21.3982 -21.3982 -21.3982 -21.3982 -21.3982 -21.3982 -21.3982 -21.3982 -21.3982 -21.3982 -21.3982 -21.3982 -21.3982 -21.3982 -21.3982 -21.3982 -21.3982 -21.3982 -21.3982 -21.3982 -21.3982 -21.3982 -21.3982 -21.3982 -21.3982 -21.3979 -21.3718 -20.5899 -8.4996 31.2332 9.4166 -43.0222 -42.6433 -33.4616 -16.3422 28.0261 -1.7790 -45.3916 -38.6405 -26.9468 24.9863 14.8407 -39.7192 -42.9996 -31.9971
-41.5116 -38.9988 15.2396 23.8174 -27.1122 -38.6930 -45.3973 -1.7790 28.0270 -16.4244 -33.5724 -42.7945 -41.7813 11.8814 33.2285 -19.9262 -31.2257 -34.8853 -35.3726 -35.3897 -35.3900 -35.3900 -35.3900 -35.3900 -35.3900 -35.3900 -35.3900 -35.3900 -35.3900 -35.3900 -35.3900 -35.3900 -35.3900 -35.3900 -35.3900 -35.3900 -35.3900 -35.3900 -35.3900 -35.3900 -35.3900 -35.3900 -35.3900 -35.3900 -35.3900 -35.3900 -35.3900 -35.3900 -35.3900 -35.3900 -35.3900 -35.3900 -35.3900 -35.3900 -35.3900 -35.3900 -35.3900 -35.3900 -35.3900 -35.3900 -35.3900 -35.3900 -35.3900 -35.3900 -35.3900 -35.3900 -35.3900 -35.3900 -35.3900 -35.3900 -35.3900 -35.3900 -35.3900 -35.3900 -35.3900 -35.3900 -35.3900 -35.3900 -35.3900 -35.3900 -35.3900 -35.3897 -35.3726 -34.8853 -31.2257 -19.9262 33.2285 11.8814 -41.7813 -42.7945 -33.5724 -16.4244 28.0270 -1.7790 -45.3973 -38.6930 -27.1122 23.8174 15.2396 -38.9988 -41.5116
-38.3755 15.6105 22.5445 -27.3057 -38.7687 -45.4119 -1.6787 28.0261 -16.4244 -33.6019 -42.8529 -41.0626 13.1247 31.7654 -23.2726 -34.8181 -41.7455 -44.8165 -45.1268 -45.1247 -45.1247 -45.1247 -45.1247 -45.1247 -45.1247 -45.1247 -45.1247 -45.1247 -45.1247 -45.1247 -45.1247 -45.1247 -45.1247 -45.1247 -45.1247 -45.1247 -45.1247 -45.1247 -45.1247 -45.1247 -45.1247 -45.1247 -45.1247 -45.1247 -45.1247 -45.1247 -45.1247 -45.1247 -45.1247 -45.1247 -45.1247 -45.1247 -45.1247 -45.1247 -45.1247 -45.1247 -45.1247 -45.1247 -45.1247 -45.1247 -45.1247 -45.1247 -45.1247 -45.1247 -45.1247 -45.1247 -45.1247 -45.1247 -45.1247 -45.1247 -45.1247 -45.1247 -45.1247 -45.1247 -45.1247 -45.1247 -45.1247 -45.1247 -45.1247 -45.1247 -45.1247 -45.1247 -45.1268 -44.8165 -41.7455 -34.8181 -23.2726 31.7654 13.1247 -41.0626 -42.8529 -33.6019 -16.4244 28.0261 -1.6787 -45.4119 -38.7687 -27.3057 22.5445 15.6105 -38.3755
15.3404 21.7014 -27.4421 -38.8229 -45.4268 -1.6450 27.9847 -16.3422 -33.5724 -42.8529 -40.8333 13.6533 30.0076 -24.7888 -36.4722 -44.1090 -44.9680 -28.1649 -22.2017 -21.9664 -21.9621 -21.9623 -21.9623 -21.9623 -21.9623 -21.9623 -21.9623 -21.9623 -21.9623 -21.9623 -21.9623 -21.9623 -21.9623 -21.9623 -21.9623 -21.9623 -21.9623 -21.9623 -21.9623 -21.9623 -21.9623 -21.9623 -21.9623 -21.9623 -21.9623 -21.9623 -21.9623 -21.9623 -21.9623 -21.9623 -21.9623 -21.9623 -21.9623 -21.9623 -21.9623 -21.9623 -21.9623 -21.9623 -21.9623 -21.9623 -21.9623 -21.9623 -21.9623 -21.9623 -21.9623 -21.9623 -21.9623 -21.9623 -21.9623 -21.9623 -21.9623 -21.9623 -21.9623 -21.9623 -21.9623 -21.9623 -21.9623 -21.9623 -21.9623 -21.9623 -21.9621 -21.9664 -22.2017 -28.1649 -44.9680 -44.1090 -36.4722 -24.7888 30.0076 13.6533 -40.8333 -42.8529 -33.5724 -16.3422 27.9847 -1.6450 -45.4268 -38.8229 -27.4421 21.7014 15.3404
21.4774 -27.4165 -38.7973 -45.4303 -2.0020 27.7830 -16.0716 -33.4616 -42.7945 -41.0626 13.6533 29.3132 -25.4125 -37.2264 -44.8049 -35.4707 9.2749 19.9230 21.9220 21.9922 21.9967 21.9967 21.9967 21.9967 21.9967 21.9967 21.9967 21.9967 21.9967 21.9967 21.9967 21.9967 21.9967 21.9967 21.9967 21.9967 21.9967 21.9967 21.9967 21.9967 21.9967 21.9967 21.9967 21.9967 21.9967 21.9967 21.9967 21.9967 21.9967 21.9967 21.9967 21.9967 21.9967 21.9967 21.9967 21.9967 21.9967 21.9967 21.9967 21.9967 21.9967 21.9967 21.9967 21.9967 21.9967 21.9967 21.9967 21.9967 21.9967 21.9967 21.9967 21.9967 21.9967 21.9967 21.9967 21.9967 21.9967 21.9967 21.9967 21.9967 21.9967 21.9922 21.9220 19.9230 9.2749 -35.4707 -44.8049 -37.2264 -25.4125 29.3132 13.6533 -41.0626 -42.7945 -33.4616 -16.0716 27.7830 -2.0020 -45.4303 -38.7973 -27.4165 21.4774
-25.6139 -38.6144 -45.4152 -3.3104 27.2002 -15.3594 -33.2001 -42.6433 -41.7813 13.1247 30.0076 -25.4125 -37.4467 -45.0059 -25.9082 16.0669 33.3156 -0.9486 -8.1798 -8.3738 -8.3770 -8.3770 -8.3770 -8.3770 -8.3770 -8.3770 -8.3770 -8.3770 -8.3770 -8.3770 -8.3770 -8.3770 -8.3770 -8.3770 -8.3770 -8.3770 -8.3770 -8.3770 -8.3770 -8.3770 -8.3770 -8.3770 -8.3770 -8.3770 -8.3770 -8.3770 -8.3770 -8.3770 -8.3770 -8.3770 -8.3770 -8.3770 -8.3770 -8.3770 -8.3770 -8.3770 -8.3770 -8.3770 -8.3770 -8.3770 -8.3770 -8.3770 -8.3770 -8.3770 -8.3770 -8.3770 -8.3770 -8.3770 -8.3770 -8.3770 -8.3770 -8.3770 -8.3770 -8.3770 -8.3770 -8.3770 -8.3770 -8.3770 -8.3770 -8.3770 -8.3770 -8.3738 -8.1798 -0.9486 33.3156 16.0669 -25.9082 -45.0059 -37.4467 -25.4125 30.0076 13.1247 -41.7813 -42.6433 -33.2001 -15.3594 27.2002 -3.3104 -45.4152 -38.6144 -25.6139
-36.3351 -45.3681 -6.7483 25.8939 -13.6623 -32.6570 -42.3089 -43.0222 11.8814 31.7654 -24.7888 -37.2264 -45.0059 -22.3953 18.8586 23.7223 -22.2400 -29.0967 -29.9272 -29.9660 -29.9668 -29.9668 -29.9668 -29.9668 -29.9668 -29.9668 -29.9668 -29.9668 -29.9668 -29.9668 -29.9668 -29.9668 -29.9668 -29.9668 -29.9668 -29.9668 -29.9668 -29.9668 -29.9668 -29.9668 -29.9668 -29.9668 -29.9668 -29.9668 -29.9668 -29.9668 -29.9668 -29.9668 -29.9668 -29.9668 -29.9668 -29.9668 -29.9668 -29.9668 -29.9668 -29.9668 -29.9668 -29.9668 -29.9668 -29.9668 -29.9668 -29.9668 -29.9668 -29.9668 -29.9668 -29.9668 -29.9668 -29.9668 -29.9668 -29.9668 -29.9668 -29.9668 -29.9668 -29.9668 -29.9668 -29.9668 -29.9668 -29.9668 -29.9668 -29.9668 -29.9668 -29.9660 -29.9272 -29.0967 -22.2400 23.7223 18.8586 -22.3953 -45.0059 -37.2264 -24.7888 31.7654 11.8814 -43.0222 -42.3089 -32.6570 -13.6623 25.8939 -6.7483 -45.3681 -36.3351
-43.7153 -15.5773 23.1711 -9.2464 -31.5871 -41.5901 -44.5758 9.4166 33.2285 -23.2726 -36.4722 -44.8049 -25.9082 18.8586 16.0531 -25.9712 -34.7657 -39.2384 -40.0543 -40.0859 -40.0864 -40.0864 -40.0864 -40.0864 -40.0864 -40.0864 -40.0864 -40.0864 -40.0864 -40.0864 -40.0864 -40.0864 -40.0864 -40.0864 -40.0864 -40.0864 -40.0864 -40.0864 -40.0864 -40.0864 -40.0864 -40.0864 -40.0864 -40.0864 -40.0864 -40.0864 -40.0864 -40.0864 -40.0864 -40.0864 -40.0864 -40.0864 -40.0864 -40.0864 -40.0864 -40.0864 -40.0864 -40.0864 -40.0864 -40.0864 -40.0864 -40.0864 -40.0864 -40.0864 -40.0864 -40.0864 -40.0864 -40.0864 -40.0864 -40.0864 -40.0864 -40.0864 -40.0864 -40.0864 -40.0864 -40.0864 -40.0864 -40.0864 -40.0864 -40.0864 -40.0864 -40.0859 -40.0543 -39.2384 -34.7657 -25.9712 16.0531 18.8586 -25.9082 -44.8049 -36.4722 -23.2726 33.2285 9.4166 -44.5758 -41.5901 -31.5871 -9.2464 23.1711 -15.5773 -43.7153
-33.6331 17.8284 8.8487 -29.2312 -39.9798 -45.8990 3.9328 31.2332 -19.9262 -34.8181 -44.1090 -35.4707 16.0669 23.7223 -25.9712 -36.2210 -43.4881 -46.6612 -46.8988 -46.8751 -46.8741 -46.8741 -46.8741 -46.8741 -46.8741 -46.8741 -46.8741 -46.8741 -46.8741 -46.8741 -46.8741 -46.8741 -46.8741 -46.8741 -46.8741 -46.8741 -46.8741 -46.8741 -46.8741 -46.8741 -46.8741 -46.8741 -46.8741 -46.8741 -46.8741 -46.8741 -46.8741 -46.8741 -46.8741 -46.8741 -46.8741 -46.8741 -46.8741 -46.8741 -46.8741 -46.8741 -46.8741 -46.8741 -46.8741 -46.8741 -46.8741 -46.8741 -46.8741 -46.8741 -46.8741 -46.8741 -46.8741 -46.8741 -46.8741 -46.8741 -46.8741 -46.8741 -46.8741 -46.8741 -46.8741 -46.8741 -46.8741 -46.8741 -46.8741 -46.8741 -46.8741 -46.8751 -46.8988 -46.6612 -43.4881 -36.2210 -25.9712 23.7223 16.0669 -35.4707 -44.1090 -34.8181 -19.9262 31.2332 3.9328 -45.8990 -39.9798 -29.2312 8.8487 17.8284 -33.6331
6.3737 32.5862 -22.6899 -36.0344 -45.3527 -20.6655 21.8918 -8.4996 -31.2257 -41.7455 -44.9680 9.2749 33.3156 -22.2400 -34.7657 -43.4881 -46.8861 -38.1109 -33.8547 -33.6467 -33.6425 -33.6425 -33.6425 -33.6425 -33.6425 -33.6425 -33.6425 -33.6425 -33.6425 -33.6425 -33.6425 -33.6425 -33.6425 -33.6425 -33.6425 -33.6425 -33.6425 -33.6425 -33.6425 -33.6425 -33.6425 -33.6425 -33.6425 -33.6425 -33.6425 -33.6425 -33.6425 -33.6425 -33.6425 -33.6425 -33.6425 -33.6425 -33.6425 -33.6425 -33.6425 -33.6425 -33.6425 -33.6425 -33.6425 -33.6425 -33.6425 -33.6425 -33.6425 -33.6425 -33.6425 -33.6425 -33.6425 -33.6425 -33.6425 -33.6425 -33.6425 -33.6425 -33.6425 -33.6425 -33.6425 -33.6425 -33.6425 -33.6425 -33.6425 -33.6425 -33.6425 -33.6467 -33.8547 -38.1109 -46.8861 -43.4881 -34.7657 -22.2400 33.3156 9.2749 -44.9680 -41.7455 -31.2257 -8.4996 21.8918 -20.6655 -45.3527 -36.0344 -22.6899 32.5862 6.3737
12.0382 26.5505 -26.4282 -38.6026 -46.5443 2.1792 30.6524 -20.5899 -34.8853 -44.8165 -28.1649 19.9230 -0.9486 -29.0967 -39.2384 -46.6612 -38.1109 -12.4159 -9.2278 -9.1293 -9.1276 -9.1276 -9.1276 -9.1276 -9.1276 -9.1276 -9.1276 -9.1276 -9.1276 -9.1276 -9.1276 -9.1276 -9.1276 -9.1276 -9.1276 -9.1276 -9.1276 -9.1276 -9.1276 -9.1276 -9.1276 -9.1276 -9.1276 -9.1276 -9.1276 -9.1276 -9.1276 -9.1276 -9.1276 -9.1276 -9.1276 -9.1276 -9.1276 -9.1276 -9.1276 -9.1276 -9.1276 -9.1276 -9.1276 -9.1276 -9.1276 -9.1276 -9.1276 -9.1276 -9.1276 -9.1276 -9.1276 -9.1276 -9.1276 -9.1276 -9.1276 -9.1276 -9.1276 -9.1276 -9.1276 -9.1276 -9.1276 -9.1276 -9.1276 -9.1276 -9.1276 -9.1293 -9.2278 -12.4159 -38.1109 -46.6612 -39.2384 -29.0967 -0.9486 19.9230 -28.1649 -44.8165 -34.8853 -20.5899 30.6524 2.1792 -46.5443 -38.6026 -26.4282 26.5505 12.0382
12.4317 24.8853 -26.7155 -38.8189 -46.5079 3.5506 31.5159 -21.3718 -35.3726 -45.1268 -22.2017 21.9220 -8.1798 -29.9272 -40.0543 -46.8988 -33.8547 -9.2278 -7.1916 -7.1302 -7.1276 -7.1276 -7.1276 -7.1276 -7.1276 -7.1276 -7.1276 -7.1276 -7.1276 -7.1276 -7.1276 -7.1276 -7.1276 -7.1276 -7.1276 -7.1276 -7.1276 -7.1276 -7.1276 -7.1276 -7.1276 -7.1276 -7.1276 -7.1276 -7.1276 -7.1276 -7.1276 -7.1276 -7.1276 -7.1276 -7.1276 -7.1276 -7.1276 -7.1276 -7.1276 -7.1276 -7.1276 -7.1276 -7.1276 -7.1276 -7.1276 -7.1276 -7.1276 -7.1276 -7.1276 -7.1276 -7.1276 -7.1276 -7.1276 -7.1276 -7.1276 -7.1276 -7.1276 -7.1276 -7.1276 -7.1276 -7.1276 -7.1276 -7.1276 -7.1276 -7.1276 -7.1302 -7.1916 -9.2278 -33.8547 -46.8988 -40.0543 -29.9272 -8.1798 21.9220 -22.2017 -45.1268 -35.3726 -21.3718 31.5159 3.5506 -46.5079 -38.8189 -26.7155 24.8853 12.4317
12.4427 24.8342 -26.7252 -38.8250 -46.4958 3.5865 31.5368 -21.3979 -35.3897 -45.1247 -21.9664 21.9922 -8.3738 -29.9660 -40.0859 -46.8751 -33.6467 -9.1293 -7.1302 -7.0675 -7.0659 -7.0659 -7.0659 -7.0659 -7.0659 -7.0659 -7.0659 -7.0659 -7.0659 -7.0659 -7.0659 -7.0659 -7.0659 -7.0659 -7.0659 -7.0659 -7.0659 -7.0659 -7.0659 -7.0659 -7.0659 -7.0659 -7.0659 -7.0659 -7.0659 -7.0659 -7.0659 -7.0659 -7.0659 -7.0659 -7.0659 -7.0659 -7.0659 -7.0659 -7.0659 -7.0659 -7.0659 -7.0659 -7.0659 -7.0659 -7.0659 -7.0659 -7.0659 -7.0659 -7.0659 -7.0659 -7.0659 -7.0659 -7.0659 -7.0659 -7.0659 -7.0659 -7.0659 -7.0659 -7.0659 -7.0659 -7.0659 -7.0659 -7.0659 -7.0659 -7.0659 -7.0675 -7.1302 -9.1293 -33.6467 -46.8751 -40.0859 -29.9660 -8.3738 21.9922 -21.9664 -45.1247 -35.3897 -21.3979 31.5368 3.5865 -46.4958 -38.8250 -26.7252 24.8342 12.4427
12.4427 24.8338 -26.7255 -38.8250 -46.4954 3.5869 31.5374 -21.3982 -35.3900 -45.1247 -21.9621 21.9967 -8.3770 -29.9668 -40.0864 -46.8741 -33.6425 -9.1276 -7.1276 -7.0659 -7.0642 -7.0642 -7.0642 -7.0642 -7.0642 -7.0642 -7.0642 -7.0642 -7.0642 -7.0642 -7.0642 -7.0642 -7.0642 -7.0642 -7.0642 -7.0642 -7.0642 -7.0642 -7.0642 -7.0642 -7.0642 -7.0642 -7.0642 -7.0642 -7.0642 -7.0642 -7.0642 -7.0642 -7.0642 -7.0642 -7.0642 -7.0642 -7.0642 -7.0642 -7.0642 -7.0642 -7.0642 -7.0642 -7.0642 -7.0642 -7.0642 -7.0642 -7.0642 -7.0642 -7.0642 -7.0642 -7.0642 -7.0642 -7.0642 -7.0642 -7.0642 -7.0642 -7.0642 -7.0642 -7.0642 -7.0642 -7.0642 -7.0642 -7.0642 -7.0642 -7.0642 -7.0659 -7.1276 -9.1276 -33.6425 -46.8741 -40.0864 -29.9668 -8.3770 21.9967 -21.9621 -45.1247 -35.3900 -21.3982 31.5374 3.5869 -46.4954 -38.8250 -26.7255 24.8338 12.4427
12.4427 24.8338 -26.7255 -38.8250 -46.4954 3.5869 31.5374 -21.3982 -35.3900 -45.1247 -21.9623 21.9967 -8.3770 -29.9668 -40.0864 -46.8741 -33.6425 -9.1276 -7.1276 -7.0659 -7.0642 -7.0642 -7.0642 -7.0642 -7.0642 -7.0642 -7.0642 -7.0642 -7.0642 -7.0642 -7.0642 -7.0642 -7.0642 -7.0642 -7.0642 -7.0642 -7.0642 -7.0642 -7.0642 -7.0642 -7.0642 -7.0642 -7.0642 -7.0642 -7.0642 -7.0642 -7.0642 -7.0642 -7.0642 -7.0642 -7.0642 -7.0642 -7.0642 -7.0642 -7.0642 -7.0642 -7.0642 -7.0642 -7.0642 -7.0642 -7.0642 -7.0642 -7.0642 -7.0642 -7.0642 -7.0642 -7.0642 -7.0642 -7.0642 -7.0642 -7.0642 -7.0642 -7.0642 -7.0642 -7.0642 -7.0642 -7.0642 -7.0642 -7.0642 -7.0642 -7.0642 -7.0659 -7.1276 -9.1276 -33.6425 -46.8741 -40.0864 -29.9668 -8.3770 21.9967 -21.9623 -45.1247 -35.3900 -21.3982 31.5374 3.5869 -46.4954 -38.8250 -26.7255 24.8338 12.4427
12.4427 24.8338 -26.7255 -38.8250 -46.4954 3.5869 31.5374 -21.3982 -35.3900 -45.1247 -21.9623 21.9967 -8.3770 -29.9668 -40.0864 -46.8741 -33.6425 -9.1276 -7.1276 -7.0659 -7.0642 -7.0642 -7.0642 -7.0642 -7.0642 -7.0642 -7.0642 -7.0642 -7.0642 -7.0642 -7.0642 -7.0642 -7.0642 -7.0642 -7.0642 -7.0642 -7.0642 -7.0642 -7.0642 -7.0642 -7.0642 -7.0642 -7.0642 -7.0642 -7.0642 -7.0642 -7.0642 -7.0642 -7.0642 -7.0642 -7.0642 -7.0642 -7.0642 -7.0642 -7.0642 -7.0642 -7.0642 -7.0642 -7.0642 -7.0642 -7.0642 -7.0642 -7.0642 -7.0642 -7.0642 -7.0642 -7.0642 -7.0642 -7.0642 -7.0642 -7.0642 -7.0642 -7.0642 -7.0642 -7.0642 -7.0642 -7.0642 -7.0642 -7.0642 -7.0642 -7.0642 -7.0659 -7.1276 -9.1276 -33.6425 -46.8741 -40.0864 -29.9668 -8.3770 21.9967 -21.9623 -45.1247 -35.3900 -21.3982 31.5374 3.5869 -46.4954 -38.8250 -26.7255 24.8338 12.4427
12.4427 24.8338 -26.7255 -38.8250 -46.4954 3.5869 31.5374 -21.3982 -35.3900 -45.1247 -21.9623 21.9967 -8.3770 -29.9668 -40.0864 -46.8741 -33.6425 -9.1276 -7.1276 -7.0659 -7.0642 -7.0642 -7.0642 -7.0642 -7.0642 -7.0642 -7.0642 -7.0642 -7.0642 -7.0642 -7.0642 -7.0642 -7.0642 -7.0642 -7.0642 -7.0642 -7.0642 -7.0642 -7.0642 -7.0642 -7.0642 -7.0642 -7.0642 -7.0642 -7.0642 -7.0642 -7.0642 -7.0642 -7.0642 -7.0642 -7.0642 -7.0642 -7.0642 -7.0642 -7.0642 -7.0642 -7.0642 -7.0642 -7.0642 -7.0642 -7.0642 -7.0642 -7.0642 -7.0642 -7.0642 -7.0642 -7.0642 -7.0642 -7.0642 -7.0642 -7.0642 -7.0642 -7.0642 -7.0642 -7.0642 -7.0642 -7.0642 -7.0642 -7.0642 -7.0642 -7.0642 -7.0659 -7.1276 -9.1276 -33.6425 -46.8741 -40.0864 -29.9668 -8.3770 21.9967 -21.9623 -45.1247 -35.3900 -21.3982 31.5374 3.5869 -46.4954 -38.8250 -26.7255 24.8338 12.4427
12.4427 24.8338 -26.7255 -38.8250 -46.4954 3.5869 31.5374 -21.3982 -35.3900 -45.1247 -21.9623 21.9967 -8.3770 -29.9668 -40.0864 -46.8741 -33.6425 -9.1276 -7.1276 -7.0659 -7.0642 -7.0642 -7.0642 -7.0642 -7.0642 -7.0642 -7.0642 -7.0642 -7.0642 -7.0642 -7.0642 -7.0642 -7.0642 -7.0642 -7.0642 -7.0642 -7.0642 -7.0642 -7.0642 -7.0642 -7.0642 -7.0642 -7.0642 -7.0642 -7.0642 -7.0642 -7.0642 -7.0642 -7.0642 -7.0642 -7.0642 -7.0642 -7.0642 -7.0642 -7.0642 -7.0642 -7.0642 -7.0642 -7.0642 -7.0642 -7.0642 -7.0642 -7.0642 -7.0642 -7.0642 -7.0642 -7.0642 -7.0642 -7.0642 -7.0642 -7.0642 -7.0642 -7.0642 -7.0642 -7.0642 -7.0642 -7.0642 -7.0642 -7.0642 -7.0642 -7.0642 -7.0659 -7.1276 -9.1276 -33.6425 -46.8741 -40.0864 -29.9668 -8.3770 21.9967 -21.9623 -45.1247 -35.3900 -21.3982 31.5374 3.5869 -46.4954 -38.8250 -26.7255 24.8338 12.4427
12.4427 24.8338 -26.7255 -38.8250 -46.4954 3.5869 31.5374 -21.3982 -35.3900 -45.1247 -21.9623 21.9967 -8.3770 -29.9668 -40.0864 -46.8741 -33.6425 -9.1276 -7.1276 -7.0659 -7.0642 -7.0642 -7.0642 -7.0642 -7.0642 -7.0642 -7.0642 -7.0642 -7.0642 -7.0642 -7.0642 -7.0642 -7.0642 -7.0642 -7.0642 -7.0642 -7.0642 -7.0642 -7.0642 -7.0642 -7.0642 -7.0642 -7.0642 -7.0642 -7.0642 -7.0642 -7.0642 -7.0642 -7.0642 -7.0642 -7.0642 -7.0642 -7.0642 -7.0642 -7.0642 -7.0642 -7.0642 -7.0642 -7.0642 -7.0642 -7.0642 -7.0642 -7.0642 -7.0642 -7.0642 -7.0642 -7.0642 -7.0642 -7.0642 -7.0642 -7.0642 -7.0642 -7.0642 -7.0642 -7.0642 -7.0642 -7.0642 -7.0642 -7.0642 -7.0642 -7.0642 -7.0659 -7.1276 -9.1276 -33.6425 -46.8741 -40.0864 -29.9668 -8.3770 21.9967 -21.9623 -45.1247 -35.3900 -21.3982 31.5374 3.5869 -46.4954 -38.8250 -26.7255 24.8338 12.4427
12.4427 24.8338 -26.7255 -38.8250 -46.4954 3.5869 31.5374 -21.3982 -35.3900 -45.1247 -21.9623 21.9967 -8.3770 -29.9668 -40.0864 -46.8741 -33.6425 -9.1276 -7.1276 -7.0659 -7.0642 -7.0642 -7.0642 -7.0642 -7.0642 -7.0642 -7.0642 -7.0642 -7.0642 -7.0642 -7.0642 -7.0642 -7.0642 -7.0642 -7.0642 -7.0642 -7.0642 -7.0642 -7.0642 -7.0642 -7.0642 -7.0642 -7.0642 -7.0642 -7.0642 -7.0642 -7.0642 -7.0642 -7.0642 -7.0642 -7.0642 -7.0642 -7.0642 -7.0642 -7.0642 -7.0642 -7.0642 -7.0642 -7.0642 -7.0642 -7.0642 -7.0642 -7.0642 -7.0642 -7.0642 -7.0642 -7.0642 -7.0642 -7.0642 -7.0642 -7.0642 -7.0642 -7.0642 -7.0642 -7.0642 -7.0642 -7.0642 -7.0642 -7.0642 -7.0642 -7.0642 -7.0659 -7.1276 -9.1276 -33.6425 -46.8741 -40.0864 -29.9668 -8.3770 21.9967 -21.9623 -45.1247 -35.3900 -21.3982 31.5374 3.5869 -46.4954 -38.8250 -26.7255 24.8338 12.4427
12.4427 24.8338 -26.7255 -38.8250 -46.4954 3.5869 31.5374 -21.3982 -35.3900 -45.1247 -21.9623 21.9967 -8.3770 -29.9668 -40.0864 -46.8741 -33.6425 -9.1276 -7.1276 -7.0659 -7.0642 -7.0642 -7.0642 -7.0642 -7.0642 -7.0642 -7.0642 -7.0642 -7.0642 -7.0642 -7.0642 -7.0642 -7.0642 -7.0642 -7.0642 -7.0642 -7.0642 -7.0642 -7.0642 -7.0642 -7.0642 -7.0642 -7.0642 -7.0642 -7.0642 -7.0642 -7.0642 -7.0642 -7.0642 -7.0642 -7.0642 -7.0642 -7.0642 -7.0642 -7.0642 -7.0642 -7.0642 -7.0642 -7.0642 -7.0642 -7.0642 -7.0642 -7.0642 -7.0642 -7.0642 -7.0642 -7.0642 -7.0642 -7.0642 -7.0642 -7.0642 -7.0642 -7.0642 -7.0642 -7.0642 -7.0642 -7.0642 -7.0642 -7.0642 -7.0642 -7.0642 -7.0659 -7.1276 -9.1276 -33.6425 -46.8741 -40.0864 -29.9668 -8.3770 21.9967 -21.9623 -45.1247 -35.3900 -21.3982 31.5374 3.5869 -46.4954 -38.8250 -26.7255 24.8338 12.4427
12.4427 24.8338 -26.7255 -38.8250 -46.4954 3.5869 31.5374 -21.3982 -35.3900 -45.1247 -21.9623 21.9967 -8.3770 -29.9668 -40.0864 -46.8741 -33.6425 -9.1276 -7.1276 -7.0659 -7.0642 -7.0642 -7.0642 -7.0642 -7.0642 -7.0642 -7.0642 -7.0642 -7.0642 -7.0642 -7.0642 -7.0642 -7.0642 -7.0642 -7.0642 -7.0642 -7.0642 -7.0642 -7.0642 -7.0642 -7.0642 -7.0642 -7.0642 -7.0642 -7.0642 -7.0642 -7.0642 -7.0642 -7.0642 -7.0642 -7.0642 -7.0642 -7.0642 -7.0642 -7.0642 -7.0642 -7.0642 -7.0642 -7.0642 -7.0642 -7.0642 -7.0642 -7.0642 -7.0642 -7.0642 -7.0642 -7.0642 -7.0642 -7.0642 -7.0642 -7.0642 -7.0642 -7.0642 -7.0642 -7.0642 -7.0642 -7.0642 -7.0642 -7.0642 -7.0642 -7.0642 -7.0659 -7.1276 -9.1276 -33.6425 -46.8741 -40.0864 -29.9668 -8.3770 21.9967 -21.9623 -45.1247 -35.3900 -21.3982 31.5374 3.5869 -46.4954 -38.8250 -26.7255 24.8338 12.4427
12.4427 24.8338 -26.7255 -38.8250 -46.4954 3.5869 31.5374 -21.3982 -35.3900 -45.1247 -21.9623 21.9967 -8.3770 -29.9668 -40.0864 -46.8741 -33.6425 -9.1276 -7.1276 -7.0659 -7.0642 -7.0642 -7.0642 -7.0642 -7.0642 -7.0642 -7.0642 -7.0642 -7.0642 -7.0642 -7.0642 -7.0642 -7.0642 -7.0642 -7.0642 -7.0642 -7.0642 -7.0642 -7.0642 -7.0642 -7.0642 -7.0642 -7.0642 -7.0642 -7.0642 -7.0642 -7.0642 -7.0642 -7.0642 -7.0642 -7.0642 -7.0642 -7.0642 -7.0642 -7.0642 -7.0642 -7.0642 -7.0642 -7.0642 -7.0642 -7.0642 -7.0642 -7.0642 -7.0642 -7.0642 -7.0642 -7.0642 -7.0642 -7.0642 -7.0642 -7.0642 -7.0642 -7.0642 -7.0642 -7.0642 -7.0642 -7.0642 -7.0642 -7.0642 -7.0642 -7.0642 -7.0659 -7.1276 -9.1276 -33.6425 -46.8741 -40.0864 -29.9668 -8.3770 21.9967 -21.9623 -45.1247 -35.3900 -21.3982 31.5374 3.5869 -46.4954 -38.8250 -26.7255 24.8338 12.4427
12.4427 24.8338 -26.7255 -38.8250 -46.4954 3.5869 31.5374 -21.3982 -35.3900 -45.1247 -21.9623 21.9967 -8.3770 -29.9668 -40.0864 -46.8741 -33.6425 -9.1276 -7.1277 -7.0653 -7.0636 -7.0636 -7.0636 -7.0636 -7.0636 -7.0636 -7.0636 -7.0636 -7.0636 -7.0636 -7.0636 -7.0636 -7.0636 -7.0636 -7.0636 -7.0636 -7.0636 -7.0636 -7.0636 -7.0636 -7.0636 -7.0636 -7.0636 -7.0636 -7.0636 -7.0636 -7.0636 -7.0636 -7.0636 -7.0636 -7.0636 -7.0636 -7.0642 -7.0642 -7.0642 -7.0642 -7.0642 -7.0642 -7.0642 -7.0642 -7.0642 -7.0642 -7.0642 -7.0642 -7.0642 -7.0642 -7.0642 -7.0642 -7.0642 -7.0642 -7.0642 -7.0642 -7.0642 -7.0642 -7.0642 -7.0642 -7.0642 -7.0642 -7.0642 -7.0642 -7.0642 -7.0659 -7.1276 -9.1276 -33.6425 -46.8741 -40.0864 -29.9668 -8.3770 21.9967 -21.9623 -45.1247 -35.3900 -21.3982 31.5374 3.5869 -46.4954 -38.8250 -26.7255 24.8338 12.4427
12.4427 24.8338 -26.7255 -38.8250 -46.4954 3.5869 31.5374 -21.3982 -35.3900 -45.1247 -21.9623 21.9967 -8.3770 -29.9668 -40.0864 -46.8741 -33.6422 -9.1263 -7.1257 -7.0640 -7.0616 -7.0616 -7.0616 -7.0616 -7.0616 -7.0616 -7.0616 -7.0616 -7.0616 -7.0616 -7.0616 -7.0616 -7.0616 -7.0616 -7.0616 -7.0616 -7.0616 -7.0616 -7.0616 -7.0616 -7.0616 -7.0616 -7.0616 -7.0616 -7.0616 -7.0616 -7.0616 -7.0616 -7.0620 -7.0619 -7.0619 -7.0625 -7.0630 -7.0636 -7.0642 -7.0642 -7.0642 -7.0642 -7.0642 -7.0642 -7.0642 -7.0642 -7.0642 -7.0642 -7.0642 -7.0642 -7.0642 -7.0642 -7.0642 -7.0642 -7.0642 -7.0642 -7.0642 -7.0642 -7.0642 -7.0642 -7.0642 -7.0642 -7.0642 -7.0642 -7.0642 -7.0659 -7.1276 -9.1276 -33.6425 -46.8741 -40.0864 -29.9668 -8.3770 21.9967 -21.9623 -45.1247 -35.3900 -21.3982 31.5374 3.5869 -46.4954 -38.8250 -26.7255 24.8338 12.4427
12.4443 24.8323 -26.7255 -38.8252 -46.4954 3.5875 31.5374 -21.3987 -35.3903 -45.1247 -21.9615 21.9976 -8.3781 -29.9670 -40.0865 -46.8740 -33.6292 -9.1176 -7.1175 -7.0549 -7.0532 -7.0532 -7.0532 -7.0532 -7.0532 -7.0532 -7.0532 -7.0532 -7.0532 -7.0532 -7.0532 -7.0532 -7.0532 -7.0532 -7.0532 -7.0532 -7.0532 -7.0532 -7.0532 -7.0532 -7.0532 -7.0532 -7.0532 -7.0532 -7.0532 -7.0532 -7.0532 -7.0536 -7.0553 -7.0562 -7.0576 -7.0587 -7.0611 -7.0625 -7.0630 -7.0636 -7.0642 -7.0642 -7.0642 -7.0642 -7.0642 -7.0642 -7.0642 -7.0642 -7.0642 -7.0642 -7.0642 -7.0642 -7.0642 -7.0642 -7.0642 -7.0642 -7.0642 -7.0642 -7.0642 -7.0642 -7.0642 -7.0642 -7.0642 -7.0642 -7.0642 -7.0659 -7.1276 -9.1276 -33.6425 -46.8741 -40.0864 -29.9668 -8.3770 21.9967 -21.9623 -45.1247 -35.3900 -21.3982 31.5374 3.5869 -46.4954 -38.8250 -26.7255 24.8338 12.4427
12.4514 24.8095 -26.7298 -38.8278 -46.4952 3.5973 31.5442 -21.4049 -35.3946 -45.1256 -21.9092 22.0084 -8.3993 -29.9714 -40.0909 -46.8749 -33.5947 -9.0756 -7.0825 -7.0211 -7.0193 -7.0193 -7.0193 -7.0193 -7.0193 -7.0193 -7.0193 -7.0193 -7.0193 -7.0193 -7.0193 -7.0193 -7.0193 -7.0193 -7.0193 -7.0193 -7.0193 -7.0193 -7.0193 -7.0193 -7.0193 -7.0193 -7.0193 -7.0193 -7.0193 -7.0193 -7.0192 -7.0217 -7.0262 -7.0330 -7.0386 -7.0469 -7.0535 -7.0585 -7.0611 -7.0626 -7.0630 -7.0642 -7.0642 -7.0642 -7.0642 -7.0642 -7.0642 -7.0642 -7.0642 -7.0642 -7.0642 -7.0642 -7.0642 -7.0642 -7.0642 -7.0642 -7.0642 -7.0642 -7.0642 -7.0642 -7.0642 -7.0642 -7.0642 -7.0642 -7.0642 -7.0659 -7.1276 -9.1276 -33.6425 -46.8741 -40.0864 -29.9668 -8.3770 21.9967 -21.9623 -45.1247 -35.3900 -21.3982 31.5374 3.5869 -46.4954 -38.8250 -26.7255 24.8338 12.4427
12.4891 24.6851 -26.7513 -38.8416 -46.4954 3.6504 31.5674 -21.4298 -35.4065 -45.1333 -21.8121 22.0379 -8.4728 -29.9854 -40.1027 -46.8761 -33.4965 -8.9543 -6.9684 -6.9066 -6.9049 -6.9049 -6.9049 -6.9049 -6.9049 -6.9049 -6.9049 -6.9049 -6.9049 -6.9049 -6.9049 -6.9049 -6.9049 -6.9049 -6.9049 -6.9049 -6.9049 -6.9049 -6.9049 -6.9049 -6.9049 -6.9049 -6.9049 -6.9049 -6.9049 -6.9048 -6.9059 -6.9122 -6.9252 -6.9454 -6.9734 -7.0034 -7.0281 -7.0469 -7.0555 -7.0603 -7.0621 -7.0630 -7.0642 -7.0642 -7.0642 -7.0642 -7.0642 -7.0642 -7.0642 -7.0642 -7.0642 -7.0642 -7.0642 -7.0642 -7.0642 -7.0642 -7.0642 -7.0642 -7.0642 -7.0642 -7.0642 -7.0642 -7.0642 -7.0642 -7.0642 -7.0659 -7.1276 -9.1276 -33.6425 -46.8741 -40.0864 -29.9668 -8.3770 21.9967 -21.9623 -45.1247 -35.3900 -21.3982 31.5374 3.5869 -46.4954 -38.8250 -26.7255 24.8338 12.4427
12.6014 24.3002 -26.8186 -38.8861 -46.4956 3.8176 31.6453 -21.5134 -35.4555 -45.1593 -21.3621 22.1513 -8.7392 -30.0344 -40.1485 -46.8817 -33.1857 -8.5757 -6.6215 -6.5614 -6.5591 -6.5591 -6.5591 -6.5591 -6.5591 -6.5591 -6.5591 -6.5591 -6.5591 -6.5591 -6.5591 -6.5591 -6.5591 -6.5591 -6.5591 -6.5591 -6.5591 -6.5591 -6.5591 -6.5591 -6.5591 -6.5591 -6.5591 -6.5591 -6.5591 -6.5605 -6.5653 -6.5823 -6.6203 -6.6871 -6.7705 -6.8681 -6.9555 -7.0097 -7.0415 -7.0544 -7.0603 -7.0626 -7.0636 -7.0642 -7.0642 -7.0642 -7.0642 -7.0642 -7.0642 -7.0642 -7.0642 -7.0642 -7.0642 -7.0642 -7.0642 -7.0642 -7.0642 -7.0642 -7.0642 -7.0642 -7.0642 -7.0642 -7.0642 -7.0642 -7.0642 -7.0659 -7.1276 -9.1276 -33.6425 -46.8741 -40.0864 -29.9668 -8.3770 21.9967 -21.9623 -45.1247 -35.3900 -21.3982 31.5374 3.5869 -46.4954 -38.8250 -26.7255 24.8338 12.4427
12.9058 23.1944 -26.9963 -39.0040 -46.4938 4.2462 31.8391 -21.7292 -35.5782 -45.2296 -20.2331 22.4529 -9.3816 -30.1654 -40.2668 -46.8972 -32.3275 -7.5895 -5.7188 -5.6636 -5.6620 -5.6620 -5.6620 -5.6620 -5.6620 -5.6620 -5.6620 -5.6620 -5.6620 -5.6620 -5.6620 -5.6620 -5.6620 -5.6620 -5.6620 -5.6620 -5.6620 -5.6620 -5.6620 -5.6620 -5.6620 -5.6620 -5.6620 -5.6622 -5.6627 -5.6676 -5.6843 -5.7299 -5.8318 -6.0030 -6.2530 -6.5195 -6.7556 -6.9166 -7.0027 -7.0415 -7.0555 -7.0611 -7.0630 -7.0642 -7.0642 -7.0642 -7.0642 -7.0642 -7.0642 -7.0642 -7.0642 -7.0642 -7.0642 -7.0642 -7.0642 -7.0642 -7.0642 -7.0642 -7.0642 -7.0642 -7.0642 -7.0642 -7.0642 -7.0642 -7.0642 -7.0659 -7.1276 -9.1276 -33.6425 -46.8741 -40.0864 -29.9668 -8.3770 21.9967 -21.9623 -45.1247 -35.3900 -21.3982 31.5374 3.5869 -46.4954 -38.8250 -26.7255 24.8338 12.4427
13.6021 20.3801 -27.4011 -39.2756 -46.4726 5.1928 32.2144 -22.2098 -35.8595 -45.3849 -17.5892 23.1425 -10.7629 -30.4638 -40.5363 -46.9202 -30.2546 -5.5043 -3.8274 -3.7757 -3.7752 -3.7752 -3.7752 -3.7752 -3.7752 -3.7752 -3.7752 -3.7752 -3.7752 -3.7752 -3.7752 -3.7752 -3.7752 -3.7752 -3.7752 -3.7752 -3.7752 -3.7752 -3.7752 -3.7752 -3.7752 -3.7752 -3.7763 -3.7777 -3.7815 -3.7917 -3.8328 -3.9361 -4.1623 -4.5641 -5.1242 -5.7641 -6.3218 -6.7056 -6.9147 -7.0098 -7.0466 -7.0573 -7.0619 -7.0630 -7.0642 -7.0642 -7.0642 -7.0642 -7.0642 -7.0642 -7.0642 -7.0642 -7.0642 -7.0642 -7.0642 -7.0642 -7.0642 -7.0642 -7.0642 -7.0642 -7.0642 -7.0642 -7.0642 -7.0642 -7.0642 -7.0659 -7.1276 -9.1276 -33.6425 -46.8741 -40.0864 -29.9668 -8.3770 21.9967 -21.9623 -45.1247 -35.3900 -21.3982 31.5374 3.5869 -46.4954 -38.8250 -26.7255 24.8338 12.4427
14.9396 13.9626 -28.1781 -39.7913 -46.3430 6.8605 32.6289 -23.1057 -36.3998 -45.6628 -12.6345 24.4843 -12.9688 -31.0315 -41.0480 -46.9017 -25.8534 -2.1378 -0.7690 -0.7284 -0.7268 -0.7268 -0.7268 -0.7268 -0.7268 -0.7268 -0.7268 -0.7268 -0.7268 -0.7268 -0.7268 -0.7268 -0.7268 -0.7268 -0.7268 -0.7268 -0.7268 -0.7268 -0.7268 -0.7268 -0.7268 -0.7274 -0.7286 -0.7307 -0.7379 -0.7625 -0.8339 -1.0259 -1.4334 -2.1624 -3.2193 -4.4344 -5.5368 -6.3209 -6.7530 -6.9507 -7.0258 -7.0505 -7.0579 -7.0619 -7.0630 -7.0642 -7.0642 -7.0642 -7.0642 -7.0642 -7.0642 -7.0642 -7.0642 -7.0642 -7.0642 -7.0642 -7.0642 -7.0642 -7.0642 -7.0642 -7.0642 -7.0642 -7.0642 -7.0642 -7.0642 -7.0659 -7.1276 -9.1276 -33.6425 -46.8741 -40.0864 -29.9668 -8.3770 21.9967 -21.9623 -45.1247 -35.3900 -21.3982 31.5374 3.5869 -46.4954 -38.8250 -26.7255 24.8338 12.4427
17.1227 2.9486 -29.4144 -40.6018 -45.8287 9.2524 32.0635 -24.4552 -37.2525 -46.0341 -5.9070 26.6179 -15.7111 -31.9206 -41.8364 -46.6700 -17.9579 1.9575 3.0045 3.0370 3.0374 3.0374 3.0374 3.0374 3.0374 3.0374 3.0374 3.0374 3.0374 3.0374 3.0374 3.0374 3.0374 3.0374 3.0374 3.0374 3.0374 3.0374 3.0374 3.0374 3.0374 3.0374 3.0360 3.0326 3.0216 2.9850 2.8730 2.5920 1.9802 0.8922 -0.7018 -2.6064 -4.4192 -5.7447 -6.5105 -6.8594 -6.9934 -7.0372 -7.0522 -7.0588 -7.0619 -7.0630 -7.0642 -7.0642 -7.0642 -7.0642 -7.0642 -7.0642 -7.0642 -7.0642 -7.0642 -7.0642 -7.0642 -7.0642 -7.0642 -7.0642 -7.0642 -7.0642 -7.0642 -7.0642 -7.0642 -7.0659 -7.1276 -9.1276 -33.6425 -46.8741 -40.0864 -29.9668 -8.3770 21.9967 -21.9623 -45.1247 -35.3900 -21.3982 31.5374 3.5869 -46.4954 -38.8250 -26.7255 24.8338 12.4427
19.9733 -7.3401 -30.6919 -41.6634 -44.3088 12.2055 27.4590 -26.1910 -38.3937 -46.3760 0.5711 29.4433 -18.5827 -33.1197 -42.8706 -45.8359 -7.8028 6.0454 6.8846 6.9106 6.9113 6.9113 6.9113 6.9113 6.9113 6.9113 6.9113 6.9113 6.9113 6.9113 6.9113 6.9113 6.9113 6.9113 6.9113 6.9113 6.9113 6.9113 6.9113 6.9113 6.9113 6.9110 6.9105 6.9070 6.8915 6.8381 6.6801 6.2871 5.4563 4.0085 1.9114 -0.6287 -3.1476 -5.0853 -6.2201 -6.7531 -6.9561 -7.0198 -7.0444 -7.0545 -7.0598 -7.0625 -7.0636 -7.0642 -7.0642 -7.0642 -7.0642 -7.0642 -7.0642 -7.0642 -7.0642 -7.0642 -7.0642 -7.0642 -7.0642 -7.0642 -7.0642 -7.0642 -7.0642 -7.0642 -7.0642 -7.0659 -7.1276 -9.1276 -33.6425 -46.8741 -40.0864 -29.9668 -8.3770 21.9967 -21.9623 -45.1247 -35.3900 -21.3982 31.5374 3.5869 -46.4954 -38.8250 -26.7255 24.8338 12.4427
23.5595 -13.9035 -32.1896 -42.8841 -40.5281 15.6628 13.1677 -28.2227 -39.7527 -46.3746 5.7896 32.1456 -21.3445 -34.5654 -44.0375 -43.6523 0.4581 9.9163 10.6643 10.6866 10.6875 10.6874 10.6874 10.6874 10.6874 10.6874 10.6874 10.6874 10.6874 10.6874 10.6874 10.6874 10.6874 10.6874 10.6874 10.6874 10.6874 10.6874 10.6874 10.6874 10.6878 10.6881 10.6906 10.6907 10.6634 10.5778 10.3435 9.7859 8.6414 6.7674 4.1898 1.1207 -2.0052 -4.4747 -5.9681 -6.6726 -6.9446 -7.0205 -7.0458 -7.0541 -7.0575 -7.0610 -7.0630 -7.0642 -7.0642 -7.0642 -7.0642 -7.0642 -7.0642 -7.0642 -7.0642 -7.0642 -7.0642 -7.0642 -7.0642 -7.0642 -7.0642 -7.0642 -7.0642 -7.0642 -7.0642 -7.0659 -7.1276 -9.1276 -33.6425 -46.8741 -40.0864 -29.9668 -8.3770 21.9967 -21.9623 -45.1247 -35.3900 -21.3982 31.5374 3.5869 -46.4954 -38.8250 -26.7255 24.8338 12.4427
27.6447 -18.2858 -33.8403 -44.1224 -32.3598 19.5435 -4.5335 -30.2275 -41.2241 -45.2413 10.1891 31.9580 -23.9740 -36.1796 -45.1799 -38.6844 6.1244 13.7143 14.4264 14.4485 14.4495 14.4495 14.4495 14.4495 14.4495 14.4495 14.4495 14.4495 14.4495 14.4495 14.4495 14.4495 14.4495 14.4495 14.4495 14.4495 14.4495 14.4495 14.4495 14.4495 14.4499 14.4532 14.4657 14.4908 14.4159 14.2471 13.8679 13.0617 11.4167 9.0142 5.9581 2.4895 -1.1416 -3.9484 -5.7931 -6.6700 -7.0412 -7.1116 -7.0497 -7.0784 -7.0640 -7.0618 -7.0631 -7.0646 -7.0650 -7.0642 -7.0642 -7.0642 -7.0642 -7.0642 -7.0642 -7.0642 -7.0642 -7.0642 -7.0642 -7.0642 -7.0642 -7.0642 -7.0642 -7.0642 -7.0642 -7.0659 -7.1276 -9.1276 -33.6425 -46.8741 -40.0864 -29.9668 -8.3770 21.9967 -21.9623 -45.1247 -35.3900 -21.3982 31.5374 3.5869 -46.4954 -38.8250 -26.7255 24.8338 12.4427
31.2309 -21.5924 -35.5453 -45.2246 -18.2160 23.6406 -13.3545 -31.9805 -42.6816 -41.8017 14.2796 22.8131 -26.4757 -37.8577 -46.1037 -28.6297 10.4843 17.5526 18.2793 18.3018 18.3024 18.3024 18.3024 18.3024 18.3024 18.3024 18.3024 18.3024 18.3024 18.3024 18.3024 18.3024 18.3024 18.3024 18.3024 18.3024 18.3024 18.3024 18.3023 18.3027 18.3037 18.3127 18.3557 18.3923 18.2281 17.7540 17.1289 16.1252 13.7567 10.8788 7.1906 3.6040 -0.3231 -2.9630 -5.6760 -7.1854 -7.3320 -7.2500 -6.3844 -7.0992 -7.0872 -7.0676 -7.0655 -7.0660 -7.0660 -7.0650 -7.0642 -7.0642 -7.0642 -7.0642 -7.0642 -7.0642 -7.0642 -7.0642 -7.0642 -7.0642 -7.0642 -7.0642 -7.0642 -7.0642 -7.0642 -7.0659 -7.1276 -9.1276 -33.6425 -46.8741 -40.0864 -29.9668 -8.3770 21.9967 -21.9623 -45.1247 -35.3900 -21.3982 31.5374 3.5869 -46.4954 -38.8250 -26.7255 24.8338 12.4427
31.8280 -24.1883 -37.1371 -46.0333 -4.9088 27.6577 -17.8829 -33.6229 -43.9541 -34.8172 18.2087 3.5219 -28.7589 -39.4339 -46.5898 -14.3989 14.1479 21.3310 22.0871 22.1104 22.1113 22.1113 22.1113 22.1113 22.1113 22.1113 22.1113 22.1113 22.1113 22.1113 22.1113 22.1113 22.1113 22.1113 22.1113 22.1113 22.1113 22.1113 22.1115 22.1111 22.1126 22.1223 22.1406 21.9511 22.0654 21.3786 20.5048 18.9665 15.5482 12.1340 8.5706 4.5356 0.6282 -2.6747 -5.4092 -5.9091 -6.5664 -6.7587 -7.2338 -7.2368 -7.1071 -7.0718 -7.0658 -7.0662 -7.0660 -7.0650 -7.0642 -7.0642 -7.0642 -7.0642 -7.0642 -7.0642 -7.0642 -7.0642 -7.0642 -7.0642 -7.0642 -7.0642 -7.0642 -7.0642 -7.0642 -7.0659 -7.1276 -9.1276 -33.6425 -46.8741 -40.0864 -29.9668 -8.3770 21.9967 -21.9623 -45.1247 -35.3900 -21.3982 31.5374 3.5869 -46.4954 -38.8250 -26.7255 24.8338 12.4427
28.4263 -25.8243 -38.2251 -46.4444 1.0718 30.2865 -20.2158 -34.7573 -44.7700 -26.8354 20.8975 -6.5638 -29.9907 -40.5120 -46.6223 -5.4058 16.7223 24.1990 24.9774 25.0013 25.0018 25.0021 25.0021 25.0021 25.0021 25.0021 25.0021 25.0021 25.0021 25.0021 25.0021 25.0021 25.0021 25.0021 25.0021 25.0021 25.0021 25.0022 25.0016 25.0009 24.9999 25.0017 24.9894 24.9302 24.8720 24.0375 22.9460 20.5817 17.2454 13.1223 9.3302 5.2629 1.0837 -2.0161 -4.7750 -5.9778 -6.1299 -6.8041 -6.0045 -6.9691 -7.0630 -7.0613 -7.0619 -7.0639 -7.0650 -7.0642 -7.0642 -7.0642 -7.0642 -7.0642 -7.0642 -7.0642 -7.0642 -7.0642 -7.0642 -7.0642 -7.0642 -7.0642 -7.0642 -7.0642 -7.0642 -7.0659 -7.1276 -9.1276 -33.6425 -46.8741 -40.0864 -29.9668 -8.3770 21.9967 -21.9623 -45.1247 -35.3900 -21.3982 31.5374 3.5869 -46.4954 -38.8250 -26.7255 24.8338 12.4427
29.4520 -25.5100 -38.0082 -46.3778 -0.0189 29.7319 -19.7236 -34.4924 -44.5842 -29.0758 20.2103 -4.4658 -29.6900 -40.2417 -46.6476 -7.0738 16.3538 24.1344 24.9964 25.0235 25.0247 25.0247 25.0247 25.0247 25.0247 25.0247 25.0247 25.0247 25.0247 25.0247 25.0247 25.0247 25.0247 25.0247 25.0247 25.0247 25.0247 25.0247 25.0245 25.0225 25.0182 25.0083 24.9722 24.6425 24.4197 24.0362 23.0270 21.0274 17.6635 13.8424 9.6760 5.4046 1.0586 -2.5751 -5.3568 -6.3434 -6.2962 -6.6797 -6.1721 -6.9008 -7.0255 -7.0446 -7.0550 -7.0616 -7.0629 -7.0642 -7.0642 -7.0642 -7.0642 -7.0642 -7.0642 -7.0642 -7.0642 -7.0642 -7.0642 -7.0642 -7.0642 -7.0642 -7.0642 -7.0642 -7.0642 -7.0659 -7.1276 -9.1276 -33.6425 -46.8741 -40.0864 -29.9668 -8.3770 21.9967 -21.9623 -45.1247 -35.3900 -21.3982 31.5374 3.5869 -46.4954 -38.8250 -26.7255 24.8338 12.4427
