-38.6983 -42.3012 12.3628 28.5293 -24.9166 -36.6499 -44.0394 -2.3560 28.3856 -17.0939 -32.4288 -41.8306 -35.7714 17.3555 9.0746 -27.6978 -38.3979 -44.3961 5.6977 32.2320 -21.0212 -34.3277 -42.9883 -22.0771 22.2546 -8.4245 -29.9307 -40.0165 -43.0653 11.0988 30.8171 -24.1464 -36.1657 -43.8557 -5.6018 27.0854 -15.7438 -31.8981 -41.4682 -38.1469 15.9685 15.7432 -26.9496 -37.9302 -44.4006 3.8912 31.4157 -19.9587 -33.6231 -42.7242 -45.0261 -42.7242 -33.6231 -19.9587 31.4157 3.8912 -44.4006 -37.9302 -26.9496 15.7432 15.9685 -38.1469 -41.4682 -31.8981 -15.7438 27.0854 -5.6018 -43.8557 -36.1657 -24.1464 30.8171 11.0988 -43.0653 -40.0165 -29.9307 -8.4245 22.2546 -22.0771 -42.9883 -34.3277 -21.0212 32.2320 5.6977 -44.3961 -38.3979 -27.6978 9.0746 17.3555 -35.7714 -41.8306 -32.4288 -17.0939 28.3856 -2.3560 -44.0394 -36.6499 -24.9166 28.5293 12.3628 -42.3012 -38.6983
-42.3012 12.5521 30.0934 -25.8906 -38.2192 -45.3100 -2.6524 28.0913 -17.0175 -34.0453 -43.2729 -36.8042 17.1244 12.7069 -29.1334 -39.9259 -45.5655 5.5583 32.3104 -21.3970 -35.9151 -44.3723 -23.0243 22.0145 -7.1341 -31.6004 -41.5132 -44.1610 10.9738 32.1368 -24.9438 -37.7270 -45.1543 -6.0614 26.7706 -15.5014 -33.5233 -42.9234 -39.1891 15.7727 19.2468 -28.2307 -39.4669 -45.5895 3.7364 31.3431 -20.2880 -35.3606 -44.0978 -33.4504 8.3256 -33.4504 -44.0978 -35.3606 -20.2880 31.3431 3.7364 -45.5895 -39.4669 -28.2307 19.2468 15.7727 -39.1891 -42.9234 -33.5233 -15.5014 26.7706 -6.0614 -45.1543 -37.7270 -24.9438 32.1368 10.9738 -44.1610 -41.5132 -31.6004 -7.1341 22.0145 -23.0243 -44.3723 -35.9151 -21.3970 32.3104 5.5583 -45.5655 -39.9259 -29.1334 12.7069 17.1244 -36.8042 -43.2729 -34.0453 -17.0175 28.0913 -2.6524 -45.3100 -38.2192 -25.8906 30.0934 12.5521 -42.3012
12.3628 30.0934 -25.7248 -38.0732 -45.2478 -3.9739 27.4981 -16.3412 -33.7981 -43.1054 -38.0225 16.4531 16.0100 -28.6885 -39.7003 -45.5892 4.6896 31.8685 -20.8729 -35.6638 -44.2382 -25.3491 21.3713 -5.3439 -31.3356 -41.3054 -44.5042 10.2979 32.6781 -24.4858 -37.4849 -45.0663 -7.9906 26.1029 -14.6744 -33.2658 -42.7451 -40.1639 15.1128 22.0532 -27.7893 -39.2357 -45.5583 2.7442 30.7931 -19.7461 -35.1404 -43.9520 -31.1247 17.4608 32.6253 17.4608 -31.1247 -43.9520 -35.1404 -19.7461 30.7931 2.7442 -45.5583 -39.2357 -27.7893 22.0532 15.1128 -40.1639 -42.7451 -33.2658 -14.6744 26.1029 -7.9906 -45.0663 -37.4849 -24.4858 32.6781 10.2979 -44.5042 -41.3054 -31.3356 -5.3439 21.3713 -25.3491 -44.2382 -35.6638 -20.8729 31.8685 4.6896 -45.5892 -39.7003 -28.6885 16.0100 16.4531 -38.0225 -43.1054 -33.7981 -16.3412 27.4981 -3.9739 -45.2478 -38.0732 -25.7248 30.0934 12.3628
28.5293 -25.8906 -38.0732 -45.2229 -4.8329 27.0647 -15.7526 -33.5794 -42.9458 -39.0597 15.8249 19.0341 -28.2547 -39.4743 -45.5874 3.7693 31.3668 -20.3330 -35.4119 -44.0999 -27.5554 20.7474 -3.2898 -31.0708 -41.0971 -44.7934 9.6164 33.0130 -24.0238 -37.2432 -44.9750 -10.0845 25.4537 -13.7856 -33.0075 -42.5621 -41.0333 14.4659 24.5198 -27.3483 -39.0030 -45.5124 1.6765 30.2011 -19.1690 -34.8959 -43.8044 -31.9361 18.7643 12.6419 -22.8245 12.6419 18.7643 -31.9361 -43.8044 -34.8959 -19.1690 30.2011 1.6765 -45.5124 -39.0030 -27.3483 24.5198 14.4659 -41.0333 -42.5621 -33.0075 -13.7856 25.4537 -10.0845 -44.9750 -37.2432 -24.0238 33.0130 9.6164 -44.7934 -41.0971 -31.0708 -3.2898 20.7474 -27.5554 -44.0999 -35.4119 -20.3330 31.3668 3.7693 -45.5874 -39.4743 -28.2547 19.0341 15.8249 -39.0597 -42.9458 -33.5794 -15.7526 27.0647 -4.8329 -45.2229 -38.0732 -25.8906 28.5293
-24.9166 -38.2192 -45.2478 -4.8329 26.8991 -15.3951 -33.4234 -42.8143 -39.8693 15.2637 21.6077 -27.8434 -39.2541 -45.5610 2.7977 30.8204 -19.7750 -35.1605 -43.9583 -29.6120 20.1299 -0.9362 -30.8060 -40.8869 -45.0297 8.9215 33.1692 -23.5575 -36.9991 -44.8757 -12.3381 24.8050 -12.8160 -32.7474 -42.3740 -41.8027 13.8190 26.6418 -26.9049 -38.7700 -45.4588 0.5194 29.5836 -18.5637 -34.6452 -43.6527 -33.4070 18.5623 7.3677 -28.8857 -36.1268 -28.8857 7.3677 18.5623 -33.4070 -43.6527 -34.6452 -18.5637 29.5836 0.5194 -45.4588 -38.7700 -26.9049 26.6418 13.8190 -41.8027 -42.3740 -32.7474 -12.8160 24.8050 -12.3381 -44.8757 -36.9991 -23.5575 33.1692 8.9215 -45.0297 -40.8869 -30.8060 -0.9362 20.1299 -29.6120 -43.9583 -35.1605 -19.7750 30.8204 2.7977 -45.5610 -39.2541 -27.8434 21.6077 15.2637 -39.8693 -42.8143 -33.4234 -15.3951 26.8991 -4.8329 -45.2478 -38.2192 -24.9166
-36.6499 -45.3100 -3.9739 27.0647 -15.3951 -33.3664 -42.7390 -40.3877 14.8283 23.5578 -27.4788 -39.0518 -45.5199 1.8051 30.2561 -19.2106 -34.9127 -43.8123 -31.5028 19.4706 1.7356 -30.5395 -40.6723 -45.2190 8.2046 33.1722 -23.0828 -36.7527 -44.7693 -14.7230 24.1562 -11.7472 -32.4873 -42.1840 -42.4757 13.1750 28.4120 -26.4615 -38.5364 -45.4001 -0.7397 28.9539 -17.9320 -34.3916 -43.4955 -34.9149 17.9928 8.7988 -29.4334 -39.7768 -45.4955 -39.7768 -29.4334 8.7988 17.9928 -34.9149 -43.4955 -34.3916 -17.9320 28.9539 -0.7397 -45.4001 -38.5364 -26.4615 28.4120 13.1750 -42.4757 -42.1840 -32.4873 -11.7472 24.1562 -14.7230 -44.7693 -36.7527 -23.0828 33.1722 8.2046 -45.2190 -40.6723 -30.5395 1.7356 19.4706 -31.5028 -43.8123 -34.9127 -19.2106 30.2561 1.8051 -45.5199 -39.0518 -27.4788 23.5578 14.8283 -40.3877 -42.7390 -33.3664 -15.3951 27.0647 -3.9739 -45.3100 -36.6499
-44.0394 -2.6524 27.4981 -15.7526 -33.4234 -42.7390 -40.5640 14.5869 24.7773 -27.1970 -38.8828 -45.4771 0.8436 29.7081 -18.6563 -34.6745 -43.6640 -33.2059 18.7746 4.7069 -30.1931 -40.4540 -45.3656 7.4604 33.0424 -22.5973 -36.5063 -44.6587 -17.1778 23.5130 -10.5662 -32.2274 -41.9914 -43.0603 12.5321 29.8505 -26.0184 -38.2997 -45.3344 -2.1260 28.3134 -17.2658 -34.1358 -43.3315 -36.3285 17.3428 11.6874 -29.2104 -39.8917 -45.9914 -26.0071 -45.9914 -39.8917 -29.2104 11.6874 17.3428 -36.3285 -43.3315 -34.1358 -17.2658 28.3134 -2.1260 -45.3344 -38.2997 -26.0184 29.8505 12.5321 -43.0603 -41.9914 -32.2274 -10.5662 23.5130 -17.1778 -44.6587 -36.5063 -22.5973 33.0424 7.4604 -45.3656 -40.4540 -30.1931 4.7069 18.7746 -33.2059 -43.6640 -34.6745 -18.6563 29.7081 0.8436 -45.4771 -38.8828 -27.1970 24.7773 14.5869 -40.5640 -42.7390 -33.4234 -15.7526 27.4981 -2.6524 -44.0394
-2.3560 28.0913 -16.3412 -33.5794 -42.8143 -40.3877 14.5869 25.1946 -27.0421 -38.7689 -45.4425 0.0029 29.2252 -18.1384 -34.4532 -43.5203 -34.6919 18.1103 7.8509 -29.7641 -40.2371 -45.4719 6.6895 32.8003 -22.1030 -36.2600 -44.5430 -19.6444 22.8774 -9.2516 -31.9660 -41.7934 -43.5678 11.8833 30.9925 -25.5717 -38.0604 -45.2622 -3.6610 27.6635 -16.5584 -33.8800 -43.1630 -37.6145 16.6809 14.9046 -28.8244 -39.7496 -45.5799 1.9279 19.6035 1.9279 -45.5799 -39.7496 -28.8244 14.9046 16.6809 -37.6145 -43.1630 -33.8800 -16.5584 27.6635 -3.6610 -45.2622 -38.0604 -25.5717 30.9925 11.8833 -43.5678 -41.7934 -31.9660 -9.2516 22.8774 -19.6444 -44.5430 -36.2600 -22.1030 32.8003 6.6895 -45.4719 -40.2371 -29.7641 7.8509 18.1103 -34.6919 -43.5203 -34.4532 -18.1384 29.2252 0.0029 -45.4425 -38.7689 -27.0421 25.1946 14.5869 -40.3877 -42.8143 -33.5794 -16.3412 28.0913 -2.3560
28.3856 -17.0175 -33.7981 -42.9458 -39.8693 14.8283 24.7773 -27.0421 -38.7285 -45.4227 -0.5806 28.8640 -17.7056 -34.2635 -43.3889 -35.9322 17.5034 10.9475 -29.3458 -40.0241 -45.5419 5.8981 32.4669 -21.6000 -36.0116 -44.4193 -22.0853 22.2450 -7.7655 -31.7026 -41.5908 -44.0049 11.2257 31.8656 -25.1198 -37.8209 -45.1849 -5.3518 27.0117 -15.8080 -33.6244 -42.9923 -38.7638 16.0220 18.0659 -28.4000 -39.5454 -45.5866 3.3508 29.6757 1.8717 29.6757 3.3508 -45.5866 -39.5454 -28.4000 18.0659 16.0220 -38.7638 -42.9923 -33.6244 -15.8080 27.0117 -5.3518 -45.1849 -37.8209 -25.1198 31.8656 11.2257 -44.0049 -41.5908 -31.7026 -7.7655 22.2450 -22.0853 -44.4193 -36.0116 -21.6000 32.4669 5.8981 -45.5419 -40.0241 -29.3458 10.9475 17.5034 -35.9322 -43.3889 -34.2635 -17.7056 28.8640 -0.5806 -45.4227 -38.7285 -27.0421 24.7773 14.8283 -39.8693 -42.9458 -33.7981 -17.0175 28.3856
-17.0939 -34.0453 -43.1054 -39.0597 15.2637 23.5578 -27.1970 -38.7689 -45.4227 -0.7862 28.6700 -17.4170 -34.1242 -43.2828 -36.9021 16.9754 13.7670 -28.9576 -39.8207 -45.5798 5.0958 32.0676 -21.0917 -35.7641 -44.2901 -24.4558 21.6142 -6.0674 -31.4391 -41.3868 -44.3756 10.5612 32.4927 -24.6650 -37.5811 -45.1022 -7.2062 26.3616 -15.0084 -33.3672 -42.8151 -39.7915 15.3683 20.9908 -27.9625 -39.3230 -45.5697 2.9294 30.5828 -18.0439 -30.2212 -18.0439 30.5828 2.9294 -45.5697 -39.3230 -27.9625 20.9908 15.3683 -39.7915 -42.8151 -33.3672 -15.0084 26.3616 -7.2062 -45.1022 -37.5811 -24.6650 32.4927 10.5612 -44.3756 -41.3868 -31.4391 -6.0674 21.6142 -24.4558 -44.2901 -35.7641 -21.0917 32.0676 5.0958 -45.5798 -39.8207 -28.9576 13.7670 16.9754 -36.9021 -43.2828 -34.1242 -17.4170 28.6700 -0.7862 -45.4227 -38.7689 -27.1970 23.5578 15.2637 -39.0597 -43.1054 -34.0453 -17.0939
-32.4288 -43.2729 -38.0225 15.8249 21.6077 -27.4788 -38.8828 -45.4425 -0.5806 28.6700 -17.3154 -34.0503 -43.2122 -37.5676 16.5629 16.0758 -28.6177 -39.6356 -45.5919 4.2999 31.6319 -20.5906 -35.5239 -44.1596 -26.6739 20.9957 -4.1399 -31.1758 -41.1808 -44.6857 9.8880 32.9033 -24.2072 -37.3387 -45.0116 -9.2386 25.7102 -14.1451 -33.1081 -42.6327 -40.7071 14.7170 23.6003 -27.5200 -39.0945 -45.5311 2.0433 30.3172 -18.9571 -34.2258 -40.8233 -34.2258 -18.9571 30.3172 2.0433 -45.5311 -39.0945 -27.5200 23.6003 14.7170 -40.7071 -42.6327 -33.1081 -14.1451 25.7102 -9.2386 -45.0116 -37.3387 -24.2072 32.9033 9.8880 -44.6857 -41.1808 -31.1758 -4.1399 20.9957 -26.6739 -44.1596 -35.5239 -20.5906 31.6319 4.2999 -45.5919 -39.6356 -28.6177 16.0758 16.5629 -37.5676 -43.2122 -34.0503 -17.3154 28.6700 -0.5806 -45.4425 -38.8828 -27.4788 21.6077 15.8249 -38.0225 -43.2729 -32.4288
-41.8306 -36.8042 16.4531 19.0341 -27.8434 -39.0518 -45.4771 0.0029 28.8640 -17.4170 -34.0503 -43.1861 -37.9056 16.2978 17.6916 -28.3531 -39.4814 -45.5859 3.5491 31.1929 -20.1118 -35.2970 -44.0294 -28.6819 20.3990 -1.9628 -30.9143 -40.9710 -44.9421 9.1979 33.1272 -23.7425 -37.0939 -44.9139 -11.4432 25.0572 -13.2042 -32.8491 -42.4481 -41.5139 14.0715 25.8550 -27.0780 -38.8629 -45.4807 0.9733 29.7942 -18.6855 -34.5635 -43.7451 -46.6812 -43.7451 -34.5635 -18.6855 29.7942 0.9733 -45.4807 -38.8629 -27.0780 25.8550 14.0715 -41.5139 -42.4481 -32.8491 -13.2042 25.0572 -11.4432 -44.9139 -37.0939 -23.7425 33.1272 9.1979 -44.9421 -40.9710 -30.9143 -1.9628 20.3990 -28.6819 -44.0294 -35.2970 -20.1118 31.1929 3.5491 -45.5859 -39.4814 -28.3531 17.6916 16.2978 -37.9056 -43.1861 -34.0503 -17.4170 28.8640 0.0029 -45.4771 -39.0518 -27.8434 19.0341 16.4531 -36.8042 -41.8306
-35.7714 17.1244 16.0100 -28.2547 -39.2541 -45.5199 0.8436 29.2252 -17.7056 -34.1242 -43.2122 -37.9056 16.2041 18.5118 -28.1827 -39.3690 -45.5714 2.8975 30.7864 -19.6699 -35.0893 -43.9030 -30.4528 19.8190 0.4285 -30.6586 -40.7623 -45.1475 8.4944 33.1879 -23.2690 -36.8491 -44.8118 -13.7796 24.4087 -12.1771 -32.5904 -42.2607 -42.2204 13.4302 27.7523 -26.6371 -38.6287 -45.4236 -0.2320 29.1936 -18.1497 -34.4424 -43.5391 -38.3639 5.5813 -38.3639 -43.5391 -34.4424 -18.1497 29.1936 -0.2320 -45.4236 -38.6287 -26.6371 27.7523 13.4302 -42.2204 -42.2607 -32.5904 -12.1771 24.4087 -13.7796 -44.8118 -36.8491 -23.2690 33.1879 8.4944 -45.1475 -40.7623 -30.6586 0.4285 19.8190 -30.4528 -43.9030 -35.0893 -19.6699 30.7864 2.8975 -45.5714 -39.3690 -28.1827 18.5118 16.2041 -37.9056 -43.2122 -34.1242 -17.7056 29.2252 0.8436 -45.5199 -39.2541 -28.2547 16.0100 17.1244 -35.7714
17.3555 12.7069 -28.6885 -39.4743 -45.5610 1.8051 29.7081 -18.1384 -34.2635 -43.2828 -37.5676 16.2978 18.5118 -28.1239 -39.3087 -45.5576 2.4069 30.4547 -19.2935 -34.9083 -43.7874 -31.9592 19.2373 2.9367 -30.3902 -40.5604 -45.3038 7.7895 33.1112 -22.7938 -36.6045 -44.7032 -16.2014 23.7671 -11.0484 -32.3301 -42.0677 -42.8394 12.7861 29.3200 -26.1936 -38.3915 -45.3601 -1.5703 28.5624 -17.5207 -34.2227 -43.3883 -36.8057 15.2003 31.1854 15.2003 -36.8057 -43.3883 -34.2227 -17.5207 28.5624 -1.5703 -45.3601 -38.3915 -26.1936 29.3200 12.7861 -42.8394 -42.0677 -32.3301 -11.0484 23.7671 -16.2014 -44.7032 -36.6045 -22.7938 33.1112 7.7895 -45.3038 -40.5604 -30.3902 2.9367 19.2373 -31.9592 -43.7874 -34.9083 -19.2935 30.4547 2.4069 -45.5576 -39.3087 -28.1239 18.5118 16.2978 -37.5676 -43.2828 -34.2635 -18.1384 29.7081 1.8051 -45.5610 -39.4743 -28.6885 12.7069 17.3555
9.0746 -29.1334 -39.7003 -45.5874 2.7977 30.2561 -18.6563 -34.4532 -43.3889 -36.9021 16.5629 17.6916 -28.1827 -39.3087 -45.5518 2.1417 30.2376 -19.0195 -34.7684 -43.6903 -33.1618 18.7014 5.4102 -30.0671 -40.3692 -45.4177 7.0880 32.9287 -22.3228 -36.3629 -44.5896 -18.6530 23.1293 -9.7892 -32.0679 -41.8698 -43.3788 12.1363 30.5814 -25.7461 -38.1541 -45.2913 -3.0433 27.9173 -16.8385 -33.9782 -43.2275 -37.3738 16.3405 23.4929 -20.6947 23.4929 16.3405 -37.3738 -43.2275 -33.9782 -16.8385 27.9173 -3.0433 -45.2913 -38.1541 -25.7461 30.5814 12.1363 -43.3788 -41.8698 -32.0679 -9.7892 23.1293 -18.6530 -44.5896 -36.3629 -22.3228 32.9287 7.0880 -45.4177 -40.3692 -30.0671 5.4102 18.7014 -33.1618 -43.6903 -34.7684 -19.0195 30.2376 2.1417 -45.5518 -39.3087 -28.1827 17.6916 16.5629 -36.9021 -43.3889 -34.4532 -18.6563 30.2561 2.7977 -45.5874 -39.7003 -29.1334 9.0746
-27.6978 -39.9259 -45.5892 3.7693 30.8204 -19.2106 -34.6745 -43.5203 -35.9322 16.9754 16.0758 -28.3531 -39.3690 -45.5576 2.1417 30.1613 -18.8754 -34.6801 -43.6192 -34.0411 18.2711 7.6367 -29.7344 -40.1961 -45.4952 6.4075 32.6708 -21.8660 -36.1310 -44.4747 -21.0458 22.5045 -8.3865 -31.8073 -41.6708 -43.8423 11.4834 31.5553 -25.2966 -37.9163 -45.2171 -4.6631 27.2700 -16.1101 -33.7248 -43.0596 -38.3887 16.1251 19.2346 -27.2668 -35.1657 -27.2668 19.2346 16.1251 -38.3887 -43.0596 -33.7248 -16.1101 27.2700 -4.6631 -45.2171 -37.9163 -25.2966 31.5553 11.4834 -43.8423 -41.6708 -31.8073 -8.3865 22.5045 -21.0458 -44.4747 -36.1310 -21.8660 32.6708 6.4075 -45.4952 -40.1961 -29.7344 7.6367 18.2711 -34.0411 -43.6192 -34.6801 -18.8754 30.1613 2.1417 -45.5576 -39.3690 -28.3531 16.0758 16.9754 -35.9322 -43.5203 -34.6745 -19.2106 30.8204 3.7693 -45.5892 -39.9259 -27.6978
-38.3979 -45.5655 4.6896 31.3668 -19.7750 -34.9127 -43.6640 -34.6919 17.5034 13.7670 -28.6177 -39.4814 -45.5714 2.4069 30.2376 -18.8754 -34.6498 -43.5811 -34.5729 17.9668 9.4080 -29.4639 -40.0466 -45.5438 5.7776 32.3725 -21.4332 -35.9122 -44.3594 -23.2900 21.9069 -6.8447 -31.5504 -41.4712 -44.2348 10.8266 32.2720 -24.8455 -37.6758 -45.1353 -6.4537 26.6186 -15.3308 -33.4674 -42.8843 -39.4186 15.5816 20.4738 -27.8296 -38.8944 -44.8656 -38.8944 -27.8296 20.4738 15.5816 -39.4186 -42.8843 -33.4674 -15.3308 26.6186 -6.4537 -45.1353 -37.6758 -24.8455 32.2720 10.8266 -44.2348 -41.4712 -31.5504 -6.8447 21.9069 -23.2900 -44.3594 -35.9122 -21.4332 32.3725 5.7776 -45.5438 -40.0466 -29.4639 9.4080 17.9668 -34.5729 -43.5811 -34.6498 -18.8754 30.2376 2.4069 -45.5714 -39.4814 -28.6177 13.7670 17.5034 -34.6919 -43.6640 -34.9127 -19.7750 31.3668 4.6896 -45.5655 -38.3979
-44.3961 5.5583 31.8685 -20.3330 -35.1605 -43.8123 -33.2059 18.1103 10.9475 -28.9576 -39.6356 -45.5859 2.8975 30.4547 -19.0195 -34.6801 -43.5811 -34.7452 17.8116 10.5384 -29.2727 -39.9304 -45.5708 5.2236 32.0711 -21.0325 -35.7096 -44.2475 -25.3169 21.3422 -5.1646 -31.3015 -41.2732 -44.5600 10.1682 32.7600 -24.3898 -37.4330 -45.0465 -8.4263 25.9636 -14.4895 -33.2094 -42.7045 -40.3643 14.9623 22.7644 -27.6115 -39.0585 -45.9518 -33.3203 -45.9518 -39.0585 -27.6115 22.7644 14.9623 -40.3643 -42.7045 -33.2094 -14.4895 25.9636 -8.4263 -45.0465 -37.4330 -24.3898 32.7600 10.1682 -44.5600 -41.2732 -31.3015 -5.1646 21.3422 -25.3169 -44.2475 -35.7096 -21.0325 32.0711 5.2236 -45.5708 -39.9304 -29.2727 10.5384 17.8116 -34.7452 -43.5811 -34.6801 -19.0195 30.4547 2.8975 -45.5859 -39.6356 -28.9576 10.9475 18.1103 -33.2059 -43.8123 -35.1605 -20.3330 31.8685 5.5583 -44.3961
5.6977 32.3104 -20.8729 -35.4119 -43.9583 -31.5028 18.7746 7.8509 -29.3458 -39.8207 -45.5919 3.5491 30.7864 -19.2935 -34.7684 -43.6192 -34.5729 17.8116 10.9253 -29.1740 -39.8568 -45.5830 4.7781 31.8001 -20.6871 -35.5322 -44.1439 -27.0854 20.8218 -3.3866 -31.0658 -41.0814 -44.8235 9.5130 33.0513 -23.9373 -37.1926 -44.9530 -10.5613 25.3115 -13.5813 -32.9518 -42.5228 -41.2076 14.3248 25.0356 -27.2290 -38.9190 -45.4926 -2.6333 17.2765 -2.6333 -45.4926 -38.9190 -27.2290 25.0356 14.3248 -41.2076 -42.5228 -32.9518 -13.5813 25.3115 -10.5613 -44.9530 -37.1926 -23.9373 33.0513 9.5130 -44.8235 -41.0814 -31.0658 -3.3866 20.8218 -27.0854 -44.1439 -35.5322 -20.6871 31.8001 4.7781 -45.5830 -39.8568 -29.1740 10.9253 17.8116 -34.5729 -43.6192 -34.7684 -19.2935 30.7864 3.5491 -45.5919 -39.8207 -29.3458 7.8509 18.7746 -31.5028 -43.9583 -35.4119 -20.8729 32.3104 5.6977
32.2320 -21.3970 -35.6638 -44.0999 -29.6120 19.4706 4.7069 -29.7641 -40.0241 -45.5798 4.2999 31.1929 -19.6699 -34.9083 -43.6903 -34.0411 17.9668 10.5384 -29.1740 -39.8315 -45.5873 4.4901 31.5956 -20.4190 -35.3890 -44.0539 -28.5512 20.3625 -1.5740 -30.8471 -40.8997 -45.0307 8.8749 33.1764 -23.4924 -36.9574 -44.8553 -12.8038 24.6678 -12.5965 -32.6926 -42.3350 -41.9527 13.6826 27.0487 -26.8048 -38.7104 -45.4410 -0.7277 27.0839 13.6524 27.0839 -0.7277 -45.4410 -38.7104 -26.8048 27.0487 13.6826 -41.9527 -42.3350 -32.6926 -12.5965 24.6678 -12.8038 -44.8553 -36.9574 -23.4924 33.1764 8.8749 -45.0307 -40.8997 -30.8471 -1.5740 20.3625 -28.5512 -44.0539 -35.3890 -20.4190 31.5956 4.4901 -45.5873 -39.8315 -29.1740 10.5384 17.9668 -34.0411 -43.6903 -34.9083 -19.6699 31.1929 4.2999 -45.5798 -40.0241 -29.7641 4.7069 19.4706 -29.6120 -44.0999 -35.6638 -21.3970 32.2320
-21.0212 -35.9151 -44.2382 -27.5554 20.1299 1.7356 -30.1931 -40.2371 -45.5419 5.0958 31.6319 -20.1118 -35.0893 -43.7874 -33.1618 18.2711 9.4080 -29.2727 -39.8568 -45.5873 4.3917 31.4856 -20.2475 -35.2879 -43.9848 -29.6721 19.9780 0.1651 -30.6519 -40.7328 -45.1878 8.2697 33.1729 -23.0600 -36.7310 -44.7556 -15.0964 24.0411 -11.5293 -32.4346 -42.1433 -42.6078 13.0368 28.7478 -26.3661 -38.4827 -45.3847 -1.3111 28.3206 -15.4382 -28.8995 -15.4382 28.3206 -1.3111 -45.3847 -38.4827 -26.3661 28.7478 13.0368 -42.6078 -42.1433 -32.4346 -11.5293 24.0411 -15.0964 -44.7556 -36.7310 -23.0600 33.1729 8.2697 -45.1878 -40.7328 -30.6519 0.1651 19.9780 -29.6721 -43.9848 -35.2879 -20.2475 31.4856 4.3917 -45.5873 -39.8568 -29.2727 9.4080 18.2711 -33.1618 -43.7874 -35.0893 -20.1118 31.6319 5.0958 -45.5419 -40.2371 -30.1931 1.7356 20.1299 -27.5554 -44.2382 -35.9151 -21.0212
-34.3277 -44.3723 -25.3491 20.7474 -0.9362 -30.5395 -40.4540 -45.4719 5.8981 32.0676 -20.5906 -35.2970 -43.9030 -31.9592 18.7014 7.6367 -29.4639 -39.9304 -45.5830 4.4901 31.4856 -20.1894 -35.2350 -43.9412 -30.4409 19.6729 1.6772 -30.4881 -40.5871 -45.3034 7.7088 33.0801 -22.6549 -36.5166 -44.6557 -17.3555 23.4394 -10.3757 -32.1816 -41.9528 -43.1710 12.3949 30.1226 -25.9209 -38.2481 -45.3196 -2.5313 28.0421 -16.5798 -33.2743 -39.9237 -33.2743 -16.5798 28.0421 -2.5313 -45.3196 -38.2481 -25.9209 30.1226 12.3949 -43.1710 -41.9528 -32.1816 -10.3757 23.4394 -17.3555 -44.6557 -36.5166 -22.6549 33.0801 7.7088 -45.3034 -40.5871 -30.4881 1.6772 19.6729 -30.4409 -43.9412 -35.2350 -20.1894 31.4856 4.4901 -45.5830 -39.9304 -29.4639 7.6367 18.7014 -31.9592 -43.9030 -35.2970 -20.5906 32.0676 5.8981 -45.4719 -40.4540 -30.5395 -0.9362 20.7474 -25.3491 -44.3723 -34.3277
-42.9883 -23.0243 21.3713 -3.2898 -30.8060 -40.6723 -45.3656 6.6895 32.4669 -21.0917 -35.5239 -44.0294 -30.4528 19.2373 5.4102 -29.7344 -40.0466 -45.5708 4.7781 31.5956 -20.2475 -35.2350 -43.9261 -30.8333 19.4651 2.8008 -30.3400 -40.4685 -45.3840 7.2065 32.9345 -22.2819 -36.3187 -44.5583 -19.4949 22.8728 -9.1506 -31.9355 -41.7634 -43.6477 11.7602 31.1868 -25.4769 -38.0107 -45.2465 -4.0314 27.4891 -16.2548 -33.6367 -43.0497 -46.8741 -43.0497 -33.6367 -16.2548 27.4891 -4.0314 -45.2465 -38.0107 -25.4769 31.1868 11.7602 -43.6477 -41.7634 -31.9355 -9.1506 22.8728 -19.4949 -44.5583 -36.3187 -22.2819 32.9345 7.2065 -45.3840 -40.4685 -30.3400 2.8008 19.4651 -30.8333 -43.9261 -35.2350 -20.2475 31.5956 4.7781 -45.5708 -40.0466 -29.7344 5.4102 19.2373 -30.4528 -44.0294 -35.5239 -21.0917 32.4669 6.6895 -45.3656 -40.6723 -30.8060 -3.2898 21.3713 -23.0243 -42.9883
-22.0771 22.0145 -5.3439 -31.0708 -40.8869 -45.2190 7.4604 32.8003 -21.6000 -35.7641 -44.1596 -28.6819 19.8190 2.9367 -30.0671 -40.1961 -45.5438 5.2236 31.8001 -20.4190 -35.2879 -43.9412 -30.8333 19.3900 3.4086 -30.2197 -40.3847 -45.4354 6.7931 32.7721 -21.9538 -36.1425 -44.4654 -21.4464 22.3494 -7.8816 -31.7039 -41.5787 -44.0454 11.1389 31.9770 -25.0391 -37.7746 -45.1678 -5.7310 26.8634 -15.5997 -33.5181 -42.9148 -41.6752 2.2898 -41.6752 -42.9148 -33.5181 -15.5997 26.8634 -5.7310 -45.1678 -37.7746 -25.0391 31.9770 11.1389 -44.0454 -41.5787 -31.7039 -7.8816 22.3494 -21.4464 -44.4654 -36.1425 -21.9538 32.7721 6.7931 -45.4354 -40.3847 -30.2197 3.4086 19.3900 -30.8333 -43.9412 -35.2879 -20.4190 31.8001 5.2236 -45.5438 -40.1961 -30.0671 2.9367 19.8190 -28.6819 -44.1596 -35.7641 -21.6000 32.8003 7.4604 -45.2190 -40.8869 -31.0708 -5.3439 22.0145 -22.0771
22.2546 -7.1341 -31.3356 -41.0971 -45.0297 8.2046 33.0424 -22.1030 -36.0116 -44.2901 -26.6739 20.3990 0.4285 -30.3902 -40.3692 -45.4952 5.7776 32.0711 -20.6871 -35.3890 -43.9848 -30.4409 19.4651 3.4086 -30.1743 -40.3408 -45.4640 6.4976 32.6250 -21.6895 -35.9958 -44.3826 -23.1270 21.8773 -6.5872 -31.4898 -41.4061 -44.3676 10.5390 32.5332 -24.6122 -37.5437 -45.0858 -7.5819 26.2252 -14.8228 -33.2970 -42.7625 -40.6721 12.9684 29.0766 12.9684 -40.6721 -42.7625 -33.2970 -14.8228 26.2252 -7.5819 -45.0858 -37.5437 -24.6122 32.5332 10.5390 -44.3676 -41.4061 -31.4898 -6.5872 21.8773 -23.1270 -44.3826 -35.9958 -21.6895 32.6250 6.4976 -45.4640 -40.3408 -30.1743 3.4086 19.4651 -30.4409 -43.9848 -35.3890 -20.6871 32.0711 5.7776 -45.4952 -40.3692 -30.3902 0.4285 20.3990 -26.6739 -44.2901 -36.0116 -22.1030 33.0424 8.2046 -45.0297 -41.0971 -31.3356 -7.1341 22.2546
-8.4245 -31.6004 -41.3054 -44.7934 8.9215 33.1722 -22.5973 -36.2600 -44.4193 -24.4558 20.9957 -1.9628 -30.6586 -40.5604 -45.4177 6.4075 32.3725 -21.0325 -35.5322 -44.0539 -29.6721 19.6729 2.8008 -30.2197 -40.3408 -45.4733 6.3360 32.5220 -21.5004 -35.8851 -44.3164 -24.4800 21.4790 -5.3346 -31.2958 -41.2470 -44.6232 9.9703 32.8885 -24.1993 -37.3212 -45.0007 -9.5506 25.5969 -13.9717 -33.0530 -42.5919 -41.0479 14.0191 30.1021 -18.3342 30.1021 14.0191 -41.0479 -42.5919 -33.0530 -13.9717 25.5969 -9.5506 -45.0007 -37.3212 -24.1993 32.8885 9.9703 -44.6232 -41.2470 -31.2958 -5.3346 21.4790 -24.4800 -44.3164 -35.8851 -21.5004 32.5220 6.3360 -45.4733 -40.3408 -30.2197 2.8008 19.6729 -29.6721 -44.0539 -35.5322 -21.0325 32.3725 6.4075 -45.4177 -40.5604 -30.6586 -1.9628 20.9957 -24.4558 -44.4193 -36.2600 -22.5973 33.1722 8.9215 -44.7934 -41.3054 -31.6004 -8.4245
-29.9307 -41.5132 -44.5042 9.6164 33.1692 -23.0828 -36.5063 -44.5430 -22.0853 21.6142 -4.1399 -30.9143 -40.7623 -45.3038 7.0880 32.6708 -21.4332 -35.7096 -44.1439 -28.5512 19.9780 1.6772 -30.3400 -40.3847 -45.4640 6.3360 32.4846 -21.3984 -35.8147 -44.2678 -25.4847 21.1645 -4.2114 -31.1302 -41.1044 -44.8224 9.4487 33.0884 -23.8094 -37.1105 -44.9134 -11.5816 24.9896 -13.0658 -32.8072 -42.4146 -41.6972 13.7982 27.7253 -25.6438 -34.2036 -25.6438 27.7253 13.7982 -41.6972 -42.4146 -32.8072 -13.0658 24.9896 -11.5816 -44.9134 -37.1105 -23.8094 33.0884 9.4487 -44.8224 -41.1044 -31.1302 -4.2114 21.1645 -25.4847 -44.2678 -35.8147 -21.3984 32.4846 6.3360 -45.4640 -40.3847 -30.3400 1.6772 19.9780 -28.5512 -44.1439 -35.7096 -21.4332 32.6708 7.0880 -45.3038 -40.7623 -30.9143 -4.1399 21.6142 -22.0853 -44.5430 -36.5063 -23.0828 33.1692 9.6164 -44.5042 -41.5132 -29.9307
-40.0165 -44.1610 10.2979 33.0130 -23.5575 -36.7527 -44.6587 -19.6444 22.2450 -6.0674 -31.1758 -40.9710 -45.1475 7.7895 32.9287 -21.8660 -35.9122 -44.2475 -27.0854 20.3625 0.1651 -30.4881 -40.4685 -45.4354 6.4976 32.5220 -21.3984 -35.7908 -44.2408 -26.1130 20.9389 -3.2817 -30.9970 -40.9858 -44.9719 8.9818 33.1746 -23.4532 -36.9148 -44.8277 -13.5776 24.4160 -12.1272 -32.5660 -42.2344 -42.3317 13.2792 28.3994 -26.2402 -37.9997 -44.1667 -37.9997 -26.2402 28.3994 13.2792 -42.3317 -42.2344 -32.5660 -12.1272 24.4160 -13.5776 -44.8277 -36.9148 -23.4532 33.1746 8.9818 -44.9719 -40.9858 -30.9970 -3.2817 20.9389 -26.1130 -44.2408 -35.7908 -21.3984 32.5220 6.4976 -45.4354 -40.4685 -30.4881 0.1651 20.3625 -27.0854 -44.2475 -35.9122 -21.8660 32.9287 7.7895 -45.1475 -40.9710 -31.1758 -6.0674 22.2450 -19.6444 -44.6587 -36.7527 -23.5575 33.0130 10.2979 -44.1610 -40.0165
-43.0653 10.9738 32.6781 -24.0238 -36.9991 -44.7693 -17.1778 22.8774 -7.7655 -31.4391 -41.1808 -44.9421 8.4944 33.1112 -22.3228 -36.1310 -44.3594 -25.3169 20.8218 -1.5740 -30.6519 -40.5871 -45.3840 6.7931 32.6250 -21.5004 -35.8147 -44.2408 -26.3235 20.8212 -2.6603 -30.9023 -40.8949 -45.0784 8.5837 33.1860 -23.1383 -36.7405 -44.7473 -15.4760 23.8899 -11.1700 -32.3370 -42.0599 -42.8877 12.7001 29.5963 -26.0394 -38.2113 -45.7506 -38.6072 -45.7506 -38.2113 -26.0394 29.5963 12.7001 -42.8877 -42.0599 -32.3370 -11.1700 23.8899 -15.4760 -44.7473 -36.7405 -23.1383 33.1860 8.5837 -45.0784 -40.8949 -30.9023 -2.6603 20.8212 -26.3235 -44.2408 -35.8147 -21.5004 32.6250 6.7931 -45.3840 -40.5871 -30.6519 -1.5740 20.8218 -25.3169 -44.3594 -36.1310 -22.3228 33.1112 8.4944 -44.9421 -41.1808 -31.4391 -7.7655 22.8774 -17.1778 -44.7693 -36.9991 -24.0238 32.6781 10.9738 -43.0653
11.0988 32.1368 -24.4858 -37.2432 -44.8757 -14.7230 23.5130 -9.2516 -31.7026 -41.3868 -44.6857 9.1979 33.1879 -22.7938 -36.3629 -44.4747 -23.2900 21.3422 -3.3866 -30.8471 -40.7328 -45.3034 7.2065 32.7721 -21.6895 -35.8851 -44.2678 -26.1130 20.8212 -2.4467 -30.8540 -40.8374 -45.1462 8.2778 33.1575 -22.8745 -36.5923 -44.6739 -17.2134 23.4130 -10.2063 -32.1247 -41.8944 -43.3536 12.1281 30.6626 -25.6801 -38.0870 -45.2968 -8.9723 15.1126 -8.9723 -45.2968 -38.0870 -25.6801 30.6626 12.1281 -43.3536 -41.8944 -32.1247 -10.2063 23.4130 -17.2134 -44.6739 -36.5923 -22.8745 33.1575 8.2778 -45.1462 -40.8374 -30.8540 -2.4467 20.8212 -26.1130 -44.2678 -35.8851 -21.6895 32.7721 7.2065 -45.3034 -40.7328 -30.8471 -3.3866 21.3422 -23.2900 -44.4747 -36.3629 -22.7938 33.1879 9.1979 -44.6857 -41.3868 -31.7026 -9.2516 23.5130 -14.7230 -44.8757 -37.2432 -24.4858 32.1368 11.0988
30.8171 -24.9438 -37.4849 -44.9750 -12.3381 24.1562 -10.5662 -31.9660 -41.5908 -44.3756 9.8880 33.1272 -23.2690 -36.6045 -44.5896 -21.0458 21.9069 -5.1646 -31.0658 -40.8997 -45.1878 7.7088 32.9345 -21.9538 -35.9958 -44.3164 -25.4847 20.9389 -2.6603 -30.8540 -40.8181 -45.1789 8.0839 33.1181 -22.6717 -36.4726 -44.6108 -18.7063 22.9938 -9.2689 -31.9300 -41.7390 -43.7377 11.5810 31.4950 -25.2968 -37.8947 -45.2095 -6.2330 24.6444 23.9435 24.6444 -6.2330 -45.2095 -37.8947 -25.2968 31.4950 11.5810 -43.7377 -41.7390 -31.9300 -9.2689 22.9938 -18.7063 -44.6108 -36.4726 -22.6717 33.1181 8.0839 -45.1789 -40.8181 -30.8540 -2.6603 20.9389 -25.4847 -44.3164 -35.9958 -21.9538 32.9345 7.7088 -45.1878 -40.8997 -31.0658 -5.1646 21.9069 -21.0458 -44.5896 -36.6045 -23.2690 33.1272 9.8880 -44.3756 -41.5908 -31.9660 -10.5662 24.1562 -12.3381 -44.9750 -37.4849 -24.9438 30.8171
-24.1464 -37.7270 -45.0663 -10.0845 24.8050 -11.7472 -32.2274 -41.7934 -44.0049 10.5612 32.9033 -23.7425 -36.8491 -44.7032 -18.6530 22.5045 -6.8447 -31.3015 -41.0814 -45.0307 8.2697 33.0801 -22.2819 -36.1425 -44.3826 -24.4800 21.1645 -3.2817 -30.9023 -40.8374 -45.1789 8.0171 33.0926 -22.5436 -36.3890 -44.5617 -19.8773 22.6512 -8.4097 -31.7596 -41.5993 -44.0458 11.0730 32.1081 -24.9200 -37.6934 -45.1361 -6.8861 26.0691 -12.1992 -27.6073 -12.1992 26.0691 -6.8861 -45.1361 -37.6934 -24.9200 32.1081 11.0730 -44.0458 -41.5993 -31.7596 -8.4097 22.6512 -19.8773 -44.5617 -36.3890 -22.5436 33.0926 8.0171 -45.1789 -40.8374 -30.9023 -3.2817 21.1645 -24.4800 -44.3826 -36.1425 -22.2819 33.0801 8.2697 -45.0307 -41.0814 -31.3015 -6.8447 22.5045 -18.6530 -44.7032 -36.8491 -23.7425 32.9033 10.5612 -44.0049 -41.7934 -32.2274 -11.7472 24.8050 -10.0845 -45.0663 -37.7270 -24.1464
-36.1657 -45.1543 -7.9906 25.4537 -12.8160 -32.4873 -41.9914 -43.5678 11.2257 32.4927 -24.2072 -37.0939 -44.8118 -16.2014 23.1293 -8.3865 -31.5504 -41.2732 -44.8235 8.8749 33.1729 -22.6549 -36.3187 -44.4654 -23.1270 21.4790 -4.2114 -30.9970 -40.8949 -45.1462 8.0839 33.0926 -22.5000 -36.3468 -44.5316 -20.6843 22.3985 -7.6908 -31.6220 -41.4794 -44.2861 10.6164 32.5311 -24.5703 -37.5018 -45.0634 -8.3123 25.8611 -13.8055 -32.3604 -39.0432 -32.3604 -13.8055 25.8611 -8.3123 -45.0634 -37.5018 -24.5703 32.5311 10.6164 -44.2861 -41.4794 -31.6220 -7.6908 22.3985 -20.6843 -44.5316 -36.3468 -22.5000 33.0926 8.0839 -45.1462 -40.8949 -30.9970 -4.2114 21.4790 -23.1270 -44.4654 -36.3187 -22.6549 33.1729 8.8749 -44.8235 -41.2732 -31.5504 -8.3865 23.1293 -16.2014 -44.8118 -37.0939 -24.2072 32.4927 11.2257 -43.5678 -41.9914 -32.4873 -12.8160 25.4537 -7.9906 -45.1543 -36.1657
-43.8557 -6.0614 26.1029 -13.7856 -32.7474 -42.1840 -43.0603 11.8833 31.8656 -24.6650 -37.3387 -44.9139 -13.7796 23.7671 -9.7892 -31.8073 -41.4712 -44.5600 9.5130 33.1764 -23.0600 -36.5166 -44.5583 -21.4464 21.8773 -5.3346 -31.1302 -40.9858 -45.0784 8.2778 33.1181 -22.5436 -36.3468 -44.5222 -21.0967 22.2437 -7.1652 -31.5194 -41.3857 -44.4642 10.2250 32.8045 -24.2576 -37.3275 -44.9924 -9.9103 25.4138 -13.5224 -32.7737 -42.3491 -46.7755 -42.3491 -32.7737 -13.5224 25.4138 -9.9103 -44.9924 -37.3275 -24.2576 32.8045 10.2250 -44.4642 -41.3857 -31.5194 -7.1652 22.2437 -21.0967 -44.5222 -36.3468 -22.5436 33.1181 8.2778 -45.0784 -40.9858 -31.1302 -5.3346 21.8773 -21.4464 -44.5583 -36.5166 -23.0600 33.1764 9.5130 -44.5600 -41.4712 -31.8073 -9.7892 23.7671 -13.7796 -44.9139 -37.3387 -24.6650 31.8656 11.8833 -43.0603 -42.1840 -32.7474 -13.7856 26.1029 -6.0614 -43.8557
-5.6018 26.7706 -14.6744 -33.0075 -42.3740 -42.4757 12.5321 30.9925 -25.1198 -37.5811 -45.0116 -11.4432 24.4087 -11.0484 -32.0679 -41.6708 -44.2348 10.1682 33.0513 -23.4924 -36.7310 -44.6557 -19.4949 22.3494 -6.5872 -31.2958 -41.1044 -44.9719 8.5837 33.1575 -22.6717 -36.3890 -44.5316 -21.0967 22.1918 -6.8817 -31.4544 -41.3190 -44.5847 9.9181 32.9691 -23.9914 -37.1748 -44.9274 -11.4765 24.9494 -12.8828 -32.7024 -42.3079 -43.6353 -1.6960 -43.6353 -42.3079 -32.7024 -12.8828 24.9494 -11.4765 -44.9274 -37.1748 -23.9914 32.9691 9.9181 -44.5847 -41.3190 -31.4544 -6.8817 22.1918 -21.0967 -44.5316 -36.3890 -22.6717 33.1575 8.5837 -44.9719 -41.1044 -31.2958 -6.5872 22.3494 -19.4949 -44.6557 -36.7310 -23.4924 33.0513 10.1682 -44.2348 -41.6708 -32.0679 -11.0484 24.4087 -11.4432 -45.0116 -37.5811 -25.1198 30.9925 12.5321 -42.4757 -42.3740 -33.0075 -14.6744 26.7706 -5.6018
27.0854 -15.5014 -33.2658 -42.5621 -41.8027 13.1750 29.8505 -25.5717 -37.8209 -45.1022 -9.2386 25.0572 -12.1771 -32.3301 -41.8698 -43.8423 10.8266 32.7600 -23.9373 -36.9574 -44.7556 -17.3555 22.8728 -7.8816 -31.4898 -41.2470 -44.8224 8.9818 33.1860 -22.8745 -36.4726 -44.5617 -20.6843 22.2437 -6.8817 -31.4321 -41.2839 -44.6560 9.7028 33.0604 -23.7824 -37.0498 -44.8702 -12.9018 24.5280 -12.1809 -32.5444 -42.1960 -42.8822 10.9580 26.9720 10.9580 -42.8822 -42.1960 -32.5444 -12.1809 24.5280 -12.9018 -44.8702 -37.0498 -23.7824 33.0604 9.7028 -44.6560 -41.2839 -31.4321 -6.8817 22.2437 -20.6843 -44.5617 -36.4726 -22.8745 33.1860 8.9818 -44.8224 -41.2470 -31.4898 -7.8816 22.8728 -17.3555 -44.7556 -36.9574 -23.9373 32.7600 10.8266 -43.8423 -41.8698 -32.3301 -12.1771 25.0572 -9.2386 -45.1022 -37.8209 -25.5717 29.8505 13.1750 -41.8027 -42.5621 -33.2658 -15.5014 27.0854
-15.7438 -33.5233 -42.7451 -41.0333 13.8190 28.4120 -26.0184 -38.0604 -45.1849 -7.2062 25.7102 -13.2042 -32.5904 -42.0677 -43.3788 11.4834 32.2720 -24.3898 -37.1926 -44.8553 -15.0964 23.4394 -9.1506 -31.7039 -41.4061 -44.6232 9.4487 33.1746 -23.1383 -36.5923 -44.6108 -19.8773 22.3985 -7.1652 -31.4544 -41.2839 -44.6803 9.5911 33.1040 -23.6368 -36.9569 -44.8235 -14.1036 24.1671 -11.5188 -32.3820 -42.0708 -42.9999 12.1064 32.6681 -15.9487 32.6681 12.1064 -42.9999 -42.0708 -32.3820 -11.5188 24.1671 -14.1036 -44.8235 -36.9569 -23.6368 33.1040 9.5911 -44.6803 -41.2839 -31.4544 -7.1652 22.3985 -19.8773 -44.6108 -36.5923 -23.1383 33.1746 9.4487 -44.6232 -41.4061 -31.7039 -9.1506 23.4394 -15.0964 -44.8553 -37.1926 -24.3898 32.2720 11.4834 -43.3788 -42.0677 -32.5904 -13.2042 25.7102 -7.2062 -45.1849 -38.0604 -26.0184 28.4120 13.8190 -41.0333 -42.7451 -33.5233 -15.7438
-31.8981 -42.9234 -40.1639 14.4659 26.6418 -26.4615 -38.2997 -45.2622 -5.3518 26.3616 -14.1451 -32.8491 -42.2607 -42.8394 12.1363 31.5553 -24.8455 -37.4330 -44.9530 -12.8038 24.0411 -10.3757 -31.9355 -41.5787 -44.3676 9.9703 33.0884 -23.4532 -36.7405 -44.6739 -18.7063 22.6512 -7.6908 -31.5194 -41.3190 -44.6560 9.5911 33.1163 -23.5620 -36.8994 -44.7900 -15.0229 23.8824 -10.9387 -32.2404 -41.9554 -43.2761 12.0519 31.4151 -24.2852 -33.3962 -24.2852 31.4151 12.0519 -43.2761 -41.9554 -32.2404 -10.9387 23.8824 -15.0229 -44.7900 -36.8994 -23.5620 33.1163 9.5911 -44.6560 -41.3190 -31.5194 -7.6908 22.6512 -18.7063 -44.6739 -36.7405 -23.4532 33.0884 9.9703 -44.3676 -41.5787 -31.9355 -10.3757 24.0411 -12.8038 -44.9530 -37.4330 -24.8455 31.5553 12.1363 -42.8394 -42.2607 -32.8491 -14.1451 26.3616 -5.3518 -45.2622 -38.2997 -26.4615 26.6418 14.4659 -40.1639 -42.9234 -31.8981
-41.4682 -39.1891 15.1128 24.5198 -26.9049 -38.5364 -45.3344 -3.6610 27.0117 -15.0084 -33.1081 -42.4481 -42.2204 12.7861 30.5814 -25.2966 -37.6758 -45.0465 -10.5613 24.6678 -11.5293 -32.1816 -41.7634 -44.0454 10.5390 32.8885 -23.8094 -36.9148 -44.7473 -17.2134 22.9938 -8.4097 -31.6220 -41.3857 -44.5847 9.7028 33.1040 -23.5620 -36.8794 -44.7733 -15.5850 23.6871 -10.4772 -32.1275 -41.8583 -43.5302 11.7644 31.4819 -25.0347 -37.2899 -43.5621 -37.2899 -25.0347 31.4819 11.7644 -43.5302 -41.8583 -32.1275 -10.4772 23.6871 -15.5841 -44.7735 -36.8794 -23.5620 33.1040 9.7028 -44.5847 -41.3857 -31.6220 -8.4097 22.9938 -17.2134 -44.7473 -36.9148 -23.8094 32.8885 10.5390 -44.0454 -41.7634 -32.1816 -11.5293 24.6678 -10.5613 -45.0465 -37.6758 -25.2966 30.5814 12.7861 -42.2204 -42.4481 -33.1081 -15.0084 27.0117 -3.6610 -45.3344 -38.5364 -26.9049 24.5198 15.1128 -39.1891 -41.4682
-38.1469 15.7727 22.0532 -27.3483 -38.7700 -45.4001 -2.1260 27.6635 -15.8080 -33.3672 -42.6327 -41.5139 13.4302 29.3200 -25.7461 -37.9163 -45.1353 -8.4263 25.3115 -12.5965 -32.4346 -41.9528 -43.6477 11.1389 32.5332 -24.1993 -37.1105 -44.8277 -15.4760 23.4130 -9.2689 -31.7596 -41.4794 -44.4642 9.9181 33.0604 -23.6368 -36.8994 -44.7733 -15.7677 23.5904 -10.1853 -32.0496 -41.7855 -43.7255 11.4709 31.8027 -24.9978 -37.6077 -45.5104 -41.4528 -45.5104 -37.6077 -24.9978 31.8027 11.4709 -43.7250 -41.7856 -32.0497 -10.1858 23.5911 -15.7658 -44.7735 -36.8994 -23.6368 33.0604 9.9181 -44.4642 -41.4794 -31.7596 -9.2689 23.4130 -15.4760 -44.8277 -37.1105 -24.1993 32.5332 11.1389 -43.6477 -41.9528 -32.4346 -12.5965 25.3115 -8.4263 -45.1353 -37.9163 -25.7461 29.3200 13.4302 -41.5139 -42.6327 -33.3672 -15.8080 27.6635 -2.1260 -45.4001 -38.7700 -27.3483 22.0532 15.7727 -38.1469
15.9685 19.2468 -27.7893 -39.0030 -45.4588 -0.7397 28.3134 -16.5584 -33.6244 -42.8151 -40.7071 14.0715 27.7523 -26.1936 -38.1541 -45.2171 -6.4537 25.9636 -13.5813 -32.6926 -42.1433 -43.1710 11.7602 31.9770 -24.6122 -37.3212 -44.9134 -13.5776 23.8899 -10.2063 -31.9300 -41.5993 -44.2861 10.2250 32.9691 -23.7824 -36.9569 -44.7900 -15.5850 23.5904 -10.0889 -32.0102 -41.7408 -43.8542 11.2376 32.0788 -24.8381 -37.5834 -45.1168 -14.4587 13.6289 -14.4587 -45.1179 -37.5833 -24.8381 32.0787 11.2411 -43.8514 -41.7412 -32.0103 -10.0900 23.5911 -15.5841 -44.7900 -36.9569 -23.7824 32.9691 10.2250 -44.2861 -41.5993 -31.9300 -10.2063 23.8899 -13.5776 -44.9134 -37.3212 -24.6122 31.9770 11.7602 -43.1710 -42.1433 -32.6926 -13.5813 25.9636 -6.4537 -45.2171 -38.1541 -26.1936 27.7523 14.0715 -40.7071 -42.8151 -33.6244 -16.5584 28.3134 -0.7397 -45.4588 -39.0030 -27.7893 19.2468 15.9685
15.7432 -28.2307 -39.2357 -45.5124 0.5194 28.9539 -17.2658 -33.8800 -42.9923 -39.7915 14.7170 25.8550 -26.6371 -38.3915 -45.2913 -4.6631 26.6186 -14.4895 -32.9518 -42.3350 -42.6078 12.3949 31.1868 -25.0391 -37.5437 -45.0007 -11.5816 24.4160 -11.1700 -32.1247 -41.7390 -44.0458 10.6164 32.8045 -23.9914 -37.0498 -44.8235 -15.0229 23.6871 -10.1853 -32.0102 -41.7259 -43.9164 11.0944 32.2556 -24.6955 -37.5115 -45.0525 -10.3507 23.1738 28.3623 23.1725 -10.3687 -45.0544 -37.5109 -24.6952 32.2546 11.1016 -43.9137 -41.7265 -32.0103 -10.1858 23.6871 -15.0229 -44.8235 -37.0498 -23.9914 32.8045 10.6164 -44.0458 -41.7390 -32.1247 -11.1700 24.4160 -11.5816 -45.0007 -37.5437 -25.0391 31.1868 12.3949 -42.6078 -42.3350 -32.9518 -14.4895 26.6186 -4.6631 -45.2913 -38.3915 -26.6371 25.8550 14.7170 -39.7915 -42.9923 -33.8800 -17.2658 28.9539 0.5194 -45.5124 -39.2357 -28.2307 15.7432
-26.9496 -39.4669 -45.5583 1.6765 29.5836 -17.9320 -34.1358 -43.1630 -38.7638 15.3683 23.6003 -27.0780 -38.6287 -45.3601 -3.0433 27.2700 -15.3308 -33.2094 -42.5228 -41.9527 13.0368 30.1226 -25.4769 -37.7746 -45.0858 -9.5506 24.9896 -12.1272 -32.3370 -41.8944 -43.7377 11.0730 32.5311 -24.2576 -37.1748 -44.8702 -14.1036 23.8824 -10.4772 -32.0496 -41.7408 -43.9164 11.0464 32.3434 -24.6136 -37.4518 -45.0215 -9.9875 24.9459 -9.9290 -26.8307 -9.8707 24.9275 -10.0199 -45.0245 -37.4659 -24.6064 32.3342 11.0270 -43.9133 -41.7413 -32.0497 -10.4772 23.8824 -14.1036 -44.8702 -37.1748 -24.2576 32.5311 11.0730 -43.7377 -41.8944 -32.3370 -12.1272 24.9896 -9.5506 -45.0858 -37.7746 -25.4769 30.1226 13.0368 -41.9527 -42.5228 -33.2094 -15.3308 27.2700 -3.0433 -45.3601 -38.6287 -27.0780 23.6003 15.3683 -38.7638 -43.1630 -34.1358 -17.9320 29.5836 1.6765 -45.5583 -39.4669 -26.9496
-37.9302 -45.5895 2.7442 30.2011 -18.5637 -34.3916 -43.3315 -37.6145 16.0220 20.9908 -27.5200 -38.8629 -45.4236 -1.5703 27.9173 -16.1101 -33.4674 -42.7045 -41.2076 13.6826 28.7478 -25.9209 -38.0107 -45.1678 -7.5819 25.5969 -13.0658 -32.5660 -42.0599 -43.3536 11.5810 32.1081 -24.5703 -37.3275 -44.9274 -12.9018 24.1671 -10.9387 -32.1275 -41.7855 -43.8542 11.0931 32.3472 -24.4159 -37.4377 -45.1858 -10.4264 25.0970 -12.6018 -32.0431 -38.5900 -31.9153 -12.6127 25.0769 -10.5141 -44.8654 -37.4773 -24.6902 32.5482 11.0746 -43.8511 -41.7858 -32.1275 -10.9387 24.1671 -12.9018 -44.9274 -37.3275 -24.5703 32.1081 11.5810 -43.3536 -42.0599 -32.5660 -13.0658 25.5969 -7.5819 -45.1678 -38.0107 -25.9209 28.7478 13.6826 -41.2076 -42.7045 -33.4674 -16.1101 27.9173 -1.5703 -45.4236 -38.8629 -27.5200 20.9908 16.0220 -37.6145 -43.3315 -34.3916 -18.5637 30.2011 2.7442 -45.5895 -37.9302
-44.4006 3.7364 30.7931 -19.1690 -34.6452 -43.4955 -36.3285 16.6809 18.0659 -27.9625 -39.0945 -45.4807 -0.2320 28.5624 -16.8385 -33.7248 -42.8843 -40.3643 14.3248 27.0487 -26.3661 -38.2481 -45.2465 -5.7310 26.2252 -13.9717 -32.8072 -42.2344 -42.8877 12.1281 31.4950 -24.9200 -37.5018 -44.9924 -11.4765 24.5280 -11.5188 -32.2404 -41.8583 -43.7255 11.2370 32.2596 -24.5821 -37.2048 -44.9608 -11.5723 25.1175 -12.7802 -32.4786 -42.1752 -46.5902 -42.1508 -32.4512 -12.0324 24.8435 -9.7297 -44.8276 -37.4655 -24.6822 32.2551 11.2422 -43.7250 -41.8583 -32.2404 -11.5188 24.5280 -11.4765 -44.9924 -37.5018 -24.9200 31.4950 12.1281 -42.8877 -42.2344 -32.8072 -13.9717 26.2252 -5.7310 -45.2465 -38.2481 -26.3661 27.0487 14.3248 -40.3643 -42.8843 -33.7248 -16.8385 28.5624 -0.2320 -45.4807 -39.0945 -27.9625 18.0659 16.6809 -36.3285 -43.4955 -34.6452 -19.1690 30.7931 3.7364 -44.4006
3.8912 31.3431 -19.7461 -34.8959 -43.6527 -34.9149 17.3428 14.9046 -28.4000 -39.3230 -45.5311 0.9733 29.1936 -17.5207 -33.9782 -43.0596 -39.4186 14.9623 25.0356 -26.8048 -38.4827 -45.3196 -4.0314 26.8634 -14.8228 -33.0530 -42.4146 -42.3317 12.7001 30.6626 -25.2968 -37.6934 -45.0634 -9.9103 24.9494 -12.1809 -32.3820 -41.9554 -43.5302 11.4709 32.0788 -24.6926 -37.4619 -44.8852 -10.3046 25.0828 -12.9467 -32.6471 -42.1204 -44.3364 -2.9920 -44.0842 -41.9326 -32.4144 -12.8379 25.2298 -8.9076 -45.0293 -37.6476 -24.7133 32.0758 11.4723 -43.5302 -41.9554 -32.3820 -12.1809 24.9494 -9.9103 -45.0634 -37.6934 -25.2968 30.6626 12.7001 -42.3317 -42.4146 -33.0530 -14.8228 26.8634 -4.0314 -45.3196 -38.4827 -26.8048 25.0356 14.9623 -39.4186 -43.0596 -33.9782 -17.5207 29.1936 0.9733 -45.5311 -39.3230 -28.4000 14.9046 17.3428 -34.9149 -43.6527 -34.8959 -19.7461 31.3431 3.8912
