0.2741 0.4927 0.4366 0.1614 0.1506 0.2190 0.3987 0.4996 0.2508 0.1440 0.1808 0.3078 0.5121 0.3908 0.1511 0.1572 0.2415 0.4441 0.4779 0.1934 0.1454 0.1956 0.3448 0.5135 0.3345 0.1460 0.1660 0.2678 0.4847 0.4463 0.1655 0.1492 0.2135 0.3867 0.5039 0.2691 0.1440 0.1773 0.2985 0.5090 0.4043 0.1533 0.1551 0.2349 0.4317 0.4849 0.2069 0.1446 0.1894 0.3173 0.4663 0.3173 0.1894 0.1446 0.2069 0.4849 0.4317 0.2349 0.1551 0.1533 0.4043 0.5090 0.2985 0.1773 0.1440 0.2691 0.5039 0.3867 0.2135 0.1492 0.1655 0.4463 0.4847 0.2678 0.1660 0.1460 0.3345 0.5135 0.3448 0.1956 0.1454 0.1934 0.4779 0.4441 0.2415 0.1572 0.1511 0.3908 0.5121 0.3078 0.1808 0.1440 0.2508 0.4996 0.3987 0.2190 0.1506 0.1614 0.4366 0.4927 0.2741
0.4927 0.4371 0.1555 0.1440 0.2145 0.3969 0.5014 0.2545 0.1366 0.1754 0.3045 0.5130 0.3947 0.1445 0.1509 0.2371 0.4428 0.4802 0.1930 0.1381 0.1905 0.3420 0.5149 0.3391 0.1388 0.1601 0.2638 0.4844 0.4492 0.1607 0.1424 0.2087 0.3844 0.5056 0.2734 0.1366 0.1717 0.2951 0.5097 0.4080 0.1469 0.1488 0.2305 0.4301 0.4870 0.2078 0.1374 0.1856 0.3270 0.5138 0.4655 0.5138 0.3270 0.1856 0.1374 0.2078 0.4870 0.4301 0.2305 0.1488 0.1469 0.4080 0.5097 0.2951 0.1717 0.1366 0.2734 0.5056 0.3844 0.2087 0.1424 0.1607 0.4492 0.4844 0.2638 0.1601 0.1388 0.3391 0.5149 0.3420 0.1905 0.1381 0.1930 0.4802 0.4428 0.2371 0.1509 0.1445 0.3947 0.5130 0.3045 0.1754 0.1366 0.2545 0.5014 0.3969 0.2145 0.1440 0.1555 0.4371 0.4927
0.4366 0.1555 0.1438 0.2128 0.3923 0.5032 0.2629 0.1366 0.1736 0.2999 0.5115 0.4013 0.1457 0.1498 0.2338 0.4366 0.4836 0.1999 0.1378 0.1883 0.3366 0.5153 0.3473 0.1394 0.1587 0.2600 0.4794 0.4540 0.1635 0.1417 0.2061 0.3784 0.5074 0.2826 0.1368 0.1700 0.2905 0.5075 0.4142 0.1483 0.1478 0.2273 0.4239 0.4900 0.2158 0.1371 0.1838 0.3249 0.5152 0.3874 0.1784 0.3874 0.5152 0.3249 0.1838 0.1371 0.2158 0.4900 0.4239 0.2273 0.1478 0.1483 0.4142 0.5075 0.2905 0.1700 0.1368 0.2826 0.5074 0.3784 0.2061 0.1417 0.1635 0.4540 0.4794 0.2600 0.1587 0.1394 0.3473 0.5153 0.3366 0.1883 0.1378 0.1999 0.4836 0.4366 0.2338 0.1498 0.1457 0.4013 0.5115 0.2999 0.1736 0.1366 0.2629 0.5032 0.3923 0.2128 0.1438 0.1555 0.4366
0.1614 0.1440 0.2128 0.3905 0.5042 0.2690 0.1366 0.1721 0.2958 0.5099 0.4074 0.1469 0.1488 0.2306 0.4304 0.4869 0.2075 0.1374 0.1861 0.3313 0.5156 0.3553 0.1400 0.1574 0.2562 0.4741 0.4586 0.1666 0.1410 0.2035 0.3725 0.5090 0.2918 0.1369 0.1683 0.2861 0.5050 0.4202 0.1498 0.1468 0.2242 0.4176 0.4929 0.2243 0.1369 0.1818 0.3206 0.5153 0.3766 0.1436 0.1371 0.1436 0.3766 0.5153 0.3206 0.1818 0.1369 0.2243 0.4929 0.4176 0.2242 0.1468 0.1498 0.4202 0.5050 0.2861 0.1683 0.1369 0.2918 0.5090 0.3725 0.2035 0.1410 0.1666 0.4586 0.4741 0.2562 0.1574 0.1400 0.3553 0.5156 0.3313 0.1861 0.1374 0.2075 0.4869 0.4304 0.2306 0.1488 0.1469 0.4074 0.5099 0.2958 0.1721 0.1366 0.2690 0.5042 0.3905 0.2128 0.1440 0.1614
0.1506 0.2145 0.3923 0.5042 0.2713 0.1367 0.1710 0.2925 0.5083 0.4128 0.1481 0.1479 0.2276 0.4243 0.4899 0.2154 0.1372 0.1840 0.3261 0.5156 0.3631 0.1407 0.1561 0.2525 0.4687 0.4630 0.1702 0.1404 0.2009 0.3666 0.5105 0.3009 0.1372 0.1667 0.2818 0.5020 0.4260 0.1514 0.1459 0.2212 0.4114 0.4956 0.2330 0.1368 0.1799 0.3158 0.5150 0.3797 0.1428 0.1488 0.1886 0.1488 0.1428 0.3797 0.5150 0.3158 0.1799 0.1368 0.2330 0.4956 0.4114 0.2212 0.1459 0.1514 0.4260 0.5020 0.2818 0.1667 0.1372 0.3009 0.5105 0.3666 0.2009 0.1404 0.1702 0.4630 0.4687 0.2525 0.1561 0.1407 0.3631 0.5156 0.3261 0.1840 0.1372 0.2154 0.4899 0.4243 0.2276 0.1479 0.1481 0.4128 0.5083 0.2925 0.1710 0.1367 0.2713 0.5042 0.3923 0.2145 0.1506
0.2190 0.3969 0.5032 0.2690 0.1367 0.1707 0.2907 0.5070 0.4169 0.1492 0.1471 0.2249 0.4186 0.4926 0.2235 0.1369 0.1820 0.3211 0.5155 0.3706 0.1414 0.1548 0.2488 0.4630 0.4673 0.1744 0.1398 0.1984 0.3609 0.5118 0.3099 0.1374 0.1651 0.2776 0.4987 0.4316 0.1531 0.1451 0.2182 0.4052 0.4982 0.2420 0.1366 0.1779 0.3109 0.5143 0.3858 0.1433 0.1513 0.2298 0.3381 0.2298 0.1513 0.1433 0.3858 0.5143 0.3109 0.1779 0.1366 0.2420 0.4982 0.4052 0.2182 0.1451 0.1531 0.4316 0.4987 0.2776 0.1651 0.1374 0.3099 0.5118 0.3609 0.1984 0.1398 0.1744 0.4673 0.4630 0.2488 0.1548 0.1414 0.3706 0.5155 0.3211 0.1820 0.1369 0.2235 0.4926 0.4186 0.2249 0.1471 0.1492 0.4169 0.5070 0.2907 0.1707 0.1367 0.2690 0.5032 0.3969 0.2190
0.3987 0.5014 0.2629 0.1366 0.1710 0.2907 0.5065 0.4191 0.1500 0.1465 0.2227 0.4137 0.4949 0.2312 0.1368 0.1801 0.3163 0.5151 0.3779 0.1422 0.1536 0.2453 0.4571 0.4713 0.1791 0.1393 0.1960 0.3552 0.5129 0.3187 0.1378 0.1636 0.2734 0.4949 0.4370 0.1551 0.1442 0.2154 0.3990 0.5005 0.2512 0.1366 0.1760 0.3061 0.5133 0.3924 0.1442 0.1510 0.2355 0.4249 0.5137 0.4249 0.2355 0.1510 0.1442 0.3924 0.5133 0.3061 0.1760 0.1366 0.2512 0.5005 0.3990 0.2154 0.1442 0.1551 0.4370 0.4949 0.2734 0.1636 0.1378 0.3187 0.5129 0.3552 0.1960 0.1393 0.1791 0.4713 0.4571 0.2453 0.1536 0.1422 0.3779 0.5151 0.3163 0.1801 0.1368 0.2312 0.4949 0.4137 0.2227 0.1465 0.1500 0.4191 0.5065 0.2907 0.1710 0.1366 0.2629 0.5014 0.3987
0.4996 0.2545 0.1366 0.1721 0.2925 0.5070 0.4191 0.1502 0.1462 0.2212 0.4099 0.4967 0.2381 0.1367 0.1784 0.3118 0.5144 0.3847 0.1431 0.1525 0.2419 0.4512 0.4751 0.1844 0.1387 0.1937 0.3496 0.5138 0.3273 0.1382 0.1621 0.2694 0.4907 0.4423 0.1573 0.1434 0.2125 0.3928 0.5028 0.2605 0.1366 0.1742 0.3014 0.5121 0.3990 0.1453 0.1501 0.2342 0.4338 0.4913 0.3608 0.4913 0.4338 0.2342 0.1501 0.1453 0.3990 0.5121 0.3014 0.1742 0.1366 0.2605 0.5028 0.3928 0.2125 0.1434 0.1573 0.4423 0.4907 0.2694 0.1621 0.1382 0.3273 0.5138 0.3496 0.1937 0.1387 0.1844 0.4751 0.4512 0.2419 0.1525 0.1431 0.3847 0.5144 0.3118 0.1784 0.1367 0.2381 0.4967 0.4099 0.2212 0.1462 0.1502 0.4191 0.5070 0.2925 0.1721 0.1366 0.2545 0.4996
0.2508 0.1366 0.1736 0.2958 0.5083 0.4169 0.1500 0.1462 0.2207 0.4079 0.4979 0.2433 0.1366 0.1770 0.3079 0.5137 0.3908 0.1440 0.1514 0.2386 0.4453 0.4787 0.1904 0.1383 0.1914 0.3441 0.5146 0.3358 0.1386 0.1606 0.2654 0.4862 0.4473 0.1597 0.1427 0.2098 0.3868 0.5048 0.2697 0.1366 0.1724 0.2968 0.5104 0.4055 0.1464 0.1491 0.2315 0.4312 0.4880 0.2317 0.1387 0.2317 0.4880 0.4312 0.2315 0.1491 0.1464 0.4055 0.5104 0.2968 0.1724 0.1366 0.2697 0.5048 0.3868 0.2098 0.1427 0.1597 0.4473 0.4862 0.2654 0.1606 0.1386 0.3358 0.5146 0.3441 0.1914 0.1383 0.1904 0.4787 0.4453 0.2386 0.1514 0.1440 0.3908 0.5137 0.3079 0.1770 0.1366 0.2433 0.4979 0.4079 0.2207 0.1462 0.1500 0.4169 0.5083 0.2958 0.1736 0.1366 0.2508
0.1440 0.1754 0.2999 0.5099 0.4128 0.1492 0.1465 0.2212 0.4079 0.4983 0.2461 0.1366 0.1760 0.3049 0.5128 0.3961 0.1449 0.1505 0.2356 0.4396 0.4821 0.1969 0.1379 0.1892 0.3387 0.5151 0.3441 0.1391 0.1592 0.2615 0.4814 0.4521 0.1623 0.1420 0.2071 0.3808 0.5067 0.2790 0.1367 0.1706 0.2923 0.5084 0.4118 0.1478 0.1482 0.2285 0.4259 0.4894 0.2189 0.1358 0.1518 0.1358 0.2189 0.4894 0.4259 0.2285 0.1482 0.1478 0.4118 0.5084 0.2923 0.1706 0.1367 0.2790 0.5067 0.3808 0.2071 0.1420 0.1623 0.4521 0.4814 0.2615 0.1592 0.1391 0.3441 0.5151 0.3387 0.1892 0.1379 0.1969 0.4821 0.4396 0.2356 0.1505 0.1449 0.3961 0.5128 0.3049 0.1760 0.1366 0.2461 0.4983 0.4079 0.2212 0.1465 0.1492 0.4128 0.5099 0.2999 0.1754 0.1440
0.1808 0.3045 0.5115 0.4074 0.1481 0.1471 0.2227 0.4099 0.4979 0.2461 0.1366 0.1754 0.3029 0.5121 0.4002 0.1457 0.1497 0.2329 0.4343 0.4850 0.2035 0.1376 0.1871 0.3335 0.5155 0.3521 0.1397 0.1579 0.2577 0.4762 0.4568 0.1653 0.1413 0.2045 0.3748 0.5084 0.2883 0.1369 0.1689 0.2878 0.5060 0.4179 0.1492 0.1472 0.2254 0.4200 0.4919 0.2226 0.1367 0.1750 0.2406 0.1750 0.1367 0.2226 0.4919 0.4200 0.2254 0.1472 0.1492 0.4179 0.5060 0.2878 0.1689 0.1369 0.2883 0.5084 0.3748 0.2045 0.1413 0.1653 0.4568 0.4762 0.2577 0.1579 0.1397 0.3521 0.5155 0.3335 0.1871 0.1376 0.2035 0.4850 0.4343 0.2329 0.1497 0.1457 0.4002 0.5121 0.3029 0.1754 0.1366 0.2461 0.4979 0.4099 0.2227 0.1471 0.1481 0.4074 0.5115 0.3045 0.1808
0.3078 0.5130 0.4013 0.1469 0.1479 0.2249 0.4137 0.4967 0.2433 0.1366 0.1754 0.3023 0.5117 0.4029 0.1463 0.1491 0.2307 0.4297 0.4876 0.2100 0.1373 0.1851 0.3287 0.5156 0.3597 0.1404 0.1566 0.2539 0.4708 0.4613 0.1688 0.1406 0.2019 0.3689 0.5099 0.2974 0.1371 0.1673 0.2835 0.5033 0.4238 0.1507 0.1463 0.2224 0.4138 0.4946 0.2300 0.1367 0.1789 0.3019 0.4484 0.3019 0.1789 0.1367 0.2300 0.4946 0.4138 0.2224 0.1463 0.1507 0.4238 0.5033 0.2835 0.1673 0.1371 0.2974 0.5099 0.3689 0.2019 0.1406 0.1688 0.4613 0.4708 0.2539 0.1566 0.1404 0.3597 0.5156 0.3287 0.1851 0.1373 0.2100 0.4876 0.4297 0.2307 0.1491 0.1463 0.4029 0.5117 0.3023 0.1754 0.1366 0.2433 0.4967 0.4137 0.2249 0.1479 0.1469 0.4013 0.5130 0.3078
0.5121 0.3947 0.1457 0.1488 0.2276 0.4186 0.4949 0.2381 0.1366 0.1760 0.3029 0.5117 0.4038 0.1466 0.1487 0.2292 0.4261 0.4896 0.2159 0.1371 0.1834 0.3242 0.5156 0.3668 0.1410 0.1554 0.2504 0.4653 0.4656 0.1727 0.1400 0.1994 0.3631 0.5113 0.3064 0.1373 0.1657 0.2792 0.5001 0.4294 0.1524 0.1454 0.2194 0.4076 0.4972 0.2386 0.1367 0.1782 0.3090 0.5098 0.4791 0.5098 0.3090 0.1782 0.1367 0.2386 0.4972 0.4076 0.2194 0.1454 0.1524 0.4294 0.5001 0.2792 0.1657 0.1373 0.3064 0.5113 0.3631 0.1994 0.1400 0.1727 0.4656 0.4653 0.2504 0.1554 0.1410 0.3668 0.5156 0.3242 0.1834 0.1371 0.2159 0.4896 0.4261 0.2292 0.1487 0.1466 0.4038 0.5117 0.3029 0.1760 0.1366 0.2381 0.4949 0.4186 0.2276 0.1488 0.1457 0.3947 0.5121
0.3908 0.1445 0.1498 0.2306 0.4243 0.4926 0.2312 0.1367 0.1770 0.3049 0.5121 0.4029 0.1466 0.1485 0.2284 0.4237 0.4910 0.2207 0.1370 0.1820 0.3203 0.5154 0.3731 0.1417 0.1543 0.2470 0.4598 0.4696 0.1770 0.1395 0.1970 0.3574 0.5125 0.3153 0.1376 0.1641 0.2750 0.4964 0.4349 0.1543 0.1446 0.2165 0.4014 0.4996 0.2476 0.1366 0.1766 0.3070 0.5126 0.4109 0.2022 0.4109 0.5126 0.3070 0.1766 0.1366 0.2476 0.4996 0.4014 0.2165 0.1446 0.1543 0.4349 0.4964 0.2750 0.1641 0.1376 0.3153 0.5125 0.3574 0.1970 0.1395 0.1770 0.4696 0.4598 0.2470 0.1543 0.1417 0.3731 0.5154 0.3203 0.1820 0.1370 0.2207 0.4910 0.4237 0.2284 0.1485 0.1466 0.4029 0.5121 0.3049 0.1770 0.1367 0.2312 0.4926 0.4243 0.2306 0.1498 0.1445 0.3908
0.1511 0.1509 0.2338 0.4304 0.4899 0.2235 0.1368 0.1784 0.3079 0.5128 0.4002 0.1463 0.1487 0.2284 0.4229 0.4917 0.2237 0.1369 0.1808 0.3172 0.5151 0.3787 0.1424 0.1533 0.2440 0.4545 0.4732 0.1818 0.1390 0.1947 0.3519 0.5135 0.3240 0.1380 0.1626 0.2709 0.4924 0.4402 0.1564 0.1437 0.2136 0.3953 0.5019 0.2568 0.1366 0.1749 0.3030 0.5123 0.4015 0.1482 0.1358 0.1482 0.4015 0.5123 0.3030 0.1749 0.1366 0.2568 0.5019 0.3953 0.2136 0.1437 0.1564 0.4402 0.4924 0.2709 0.1626 0.1380 0.3240 0.5135 0.3519 0.1947 0.1390 0.1818 0.4732 0.4545 0.2440 0.1533 0.1424 0.3787 0.5151 0.3172 0.1808 0.1369 0.2237 0.4917 0.4229 0.2284 0.1487 0.1463 0.4002 0.5128 0.3079 0.1784 0.1368 0.2235 0.4899 0.4304 0.2338 0.1509 0.1511
0.1572 0.2371 0.4366 0.4869 0.2154 0.1369 0.1801 0.3118 0.5137 0.3961 0.1457 0.1491 0.2292 0.4237 0.4917 0.2248 0.1368 0.1801 0.3150 0.5148 0.3831 0.1430 0.1524 0.2412 0.4496 0.4765 0.1869 0.1385 0.1925 0.3466 0.5143 0.3323 0.1384 0.1612 0.2669 0.4880 0.4453 0.1587 0.1430 0.2109 0.3892 0.5040 0.2661 0.1366 0.1731 0.2986 0.5110 0.4043 0.1467 0.1454 0.1808 0.1454 0.1467 0.4043 0.5110 0.2986 0.1731 0.1366 0.2661 0.5040 0.3892 0.2109 0.1430 0.1587 0.4453 0.4880 0.2669 0.1612 0.1384 0.3323 0.5143 0.3466 0.1925 0.1385 0.1869 0.4765 0.4496 0.2412 0.1524 0.1430 0.3831 0.5148 0.3150 0.1801 0.1368 0.2248 0.4917 0.4237 0.2292 0.1491 0.1457 0.3961 0.5137 0.3118 0.1801 0.1369 0.2154 0.4869 0.4366 0.2371 0.1572
0.2415 0.4428 0.4836 0.2075 0.1372 0.1820 0.3163 0.5144 0.3908 0.1449 0.1497 0.2307 0.4261 0.4910 0.2237 0.1368 0.1799 0.3138 0.5145 0.3862 0.1436 0.1517 0.2390 0.4451 0.4793 0.1919 0.1382 0.1905 0.3416 0.5149 0.3403 0.1389 0.1598 0.2631 0.4833 0.4502 0.1612 0.1422 0.2081 0.3831 0.5060 0.2754 0.1367 0.1713 0.2940 0.5092 0.4097 0.1475 0.1476 0.2187 0.3190 0.2187 0.1476 0.1475 0.4097 0.5092 0.2940 0.1713 0.1367 0.2754 0.5060 0.3831 0.2081 0.1422 0.1612 0.4502 0.4833 0.2631 0.1598 0.1389 0.3403 0.5149 0.3416 0.1905 0.1382 0.1919 0.4793 0.4451 0.2390 0.1517 0.1436 0.3862 0.5145 0.3138 0.1799 0.1368 0.2237 0.4910 0.4261 0.2307 0.1497 0.1449 0.3908 0.5144 0.3163 0.1820 0.1372 0.2075 0.4836 0.4428 0.2415
0.4441 0.4802 0.1999 0.1374 0.1840 0.3211 0.5151 0.3847 0.1440 0.1505 0.2329 0.4297 0.4896 0.2207 0.1369 0.1801 0.3138 0.5144 0.3878 0.1439 0.1512 0.2372 0.4415 0.4816 0.1968 0.1379 0.1887 0.3371 0.5153 0.3476 0.1394 0.1585 0.2594 0.4784 0.4549 0.1641 0.1416 0.2055 0.3771 0.5077 0.2846 0.1368 0.1696 0.2896 0.5070 0.4156 0.1487 0.1473 0.2240 0.4025 0.5135 0.4025 0.2240 0.1473 0.1487 0.4156 0.5070 0.2896 0.1696 0.1368 0.2846 0.5077 0.3771 0.2055 0.1416 0.1641 0.4549 0.4784 0.2594 0.1585 0.1394 0.3476 0.5153 0.3371 0.1887 0.1379 0.1968 0.4816 0.4415 0.2372 0.1512 0.1439 0.3878 0.5144 0.3138 0.1801 0.1369 0.2207 0.4896 0.4297 0.2329 0.1505 0.1440 0.3847 0.5151 0.3211 0.1840 0.1374 0.1999 0.4802 0.4441
0.4779 0.1930 0.1378 0.1861 0.3261 0.5155 0.3779 0.1431 0.1514 0.2356 0.4343 0.4876 0.2159 0.1370 0.1808 0.3150 0.5145 0.3878 0.1440 0.1510 0.2361 0.4389 0.4833 0.2010 0.1376 0.1871 0.3331 0.5155 0.3543 0.1399 0.1573 0.2559 0.4735 0.4593 0.1672 0.1409 0.2029 0.3712 0.5093 0.2938 0.1370 0.1679 0.2852 0.5044 0.4215 0.1501 0.1466 0.2229 0.4113 0.5003 0.3870 0.5003 0.4113 0.2229 0.1466 0.1501 0.4215 0.5044 0.2852 0.1679 0.1370 0.2938 0.5093 0.3712 0.2029 0.1409 0.1672 0.4593 0.4735 0.2559 0.1573 0.1399 0.3543 0.5155 0.3331 0.1871 0.1376 0.2010 0.4833 0.4389 0.2361 0.1510 0.1440 0.3878 0.5145 0.3150 0.1808 0.1370 0.2159 0.4876 0.4343 0.2356 0.1514 0.1431 0.3779 0.5155 0.3261 0.1861 0.1378 0.1930 0.4779
0.1934 0.1381 0.1883 0.3313 0.5156 0.3706 0.1422 0.1525 0.2386 0.4396 0.4850 0.2100 0.1371 0.1820 0.3172 0.5148 0.3862 0.1439 0.1510 0.2358 0.4376 0.4843 0.2041 0.1375 0.1859 0.3298 0.5156 0.3602 0.1405 0.1563 0.2527 0.4686 0.4633 0.1707 0.1403 0.2005 0.3655 0.5107 0.3028 0.1372 0.1663 0.2809 0.5013 0.4272 0.1517 0.1457 0.2204 0.4087 0.4979 0.2649 0.1419 0.2649 0.4979 0.4087 0.2204 0.1457 0.1517 0.4272 0.5013 0.2809 0.1663 0.1372 0.3028 0.5107 0.3655 0.2005 0.1403 0.1707 0.4633 0.4686 0.2527 0.1563 0.1405 0.3602 0.5156 0.3298 0.1859 0.1375 0.2041 0.4843 0.4376 0.2358 0.1510 0.1439 0.3862 0.5148 0.3172 0.1820 0.1371 0.2100 0.4850 0.4396 0.2386 0.1525 0.1422 0.3706 0.5156 0.3313 0.1883 0.1381 0.1934
0.1454 0.1905 0.3366 0.5156 0.3631 0.1414 0.1536 0.2419 0.4453 0.4821 0.2035 0.1373 0.1834 0.3203 0.5151 0.3831 0.1436 0.1512 0.2361 0.4376 0.4847 0.2057 0.1374 0.1851 0.3272 0.5156 0.3650 0.1410 0.1554 0.2499 0.4640 0.4669 0.1743 0.1398 0.1982 0.3601 0.5120 0.3115 0.1375 0.1648 0.2767 0.4979 0.4328 0.1535 0.1449 0.2176 0.4035 0.4991 0.2510 0.1358 0.1479 0.1358 0.2510 0.4991 0.4035 0.2176 0.1449 0.1535 0.4328 0.4979 0.2767 0.1648 0.1375 0.3115 0.5120 0.3601 0.1982 0.1398 0.1743 0.4669 0.4640 0.2499 0.1554 0.1410 0.3650 0.5156 0.3272 0.1851 0.1374 0.2057 0.4847 0.4376 0.2361 0.1512 0.1436 0.3831 0.5151 0.3203 0.1834 0.1373 0.2035 0.4821 0.4453 0.2419 0.1536 0.1414 0.3631 0.5156 0.3366 0.1905 0.1454
0.1956 0.3420 0.5153 0.3553 0.1407 0.1548 0.2453 0.4512 0.4787 0.1969 0.1376 0.1851 0.3242 0.5154 0.3787 0.1430 0.1517 0.2372 0.4389 0.4843 0.2057 0.1374 0.1846 0.3257 0.5156 0.3686 0.1414 0.1546 0.2475 0.4599 0.4700 0.1780 0.1393 0.1961 0.3551 0.5130 0.3198 0.1378 0.1633 0.2727 0.4941 0.4382 0.1555 0.1441 0.2147 0.3976 0.5011 0.2550 0.1364 0.1686 0.2284 0.1686 0.1364 0.2550 0.5011 0.3976 0.2147 0.1441 0.1555 0.4382 0.4941 0.2727 0.1633 0.1378 0.3198 0.5130 0.3551 0.1961 0.1393 0.1780 0.4700 0.4599 0.2475 0.1546 0.1414 0.3686 0.5156 0.3257 0.1846 0.1374 0.2057 0.4843 0.4389 0.2372 0.1517 0.1430 0.3787 0.5154 0.3242 0.1851 0.1376 0.1969 0.4787 0.4512 0.2453 0.1548 0.1407 0.3553 0.5153 0.3420 0.1956
0.3448 0.5149 0.3473 0.1400 0.1561 0.2488 0.4571 0.4751 0.1904 0.1379 0.1871 0.3287 0.5156 0.3731 0.1424 0.1524 0.2390 0.4415 0.4833 0.2041 0.1374 0.1846 0.3251 0.5156 0.3708 0.1417 0.1540 0.2456 0.4563 0.4726 0.1817 0.1389 0.1942 0.3504 0.5138 0.3274 0.1382 0.1619 0.2688 0.4900 0.4432 0.1577 0.1433 0.2119 0.3915 0.5032 0.2629 0.1365 0.1722 0.2854 0.4260 0.2854 0.1722 0.1365 0.2629 0.5032 0.3915 0.2119 0.1433 0.1577 0.4432 0.4900 0.2688 0.1619 0.1382 0.3274 0.5138 0.3504 0.1942 0.1389 0.1817 0.4726 0.4563 0.2456 0.1540 0.1417 0.3708 0.5156 0.3251 0.1846 0.1374 0.2041 0.4833 0.4415 0.2390 0.1524 0.1424 0.3731 0.5156 0.3287 0.1871 0.1379 0.1904 0.4751 0.4571 0.2488 0.1561 0.1400 0.3473 0.5149 0.3448
0.5135 0.3391 0.1394 0.1574 0.2525 0.4630 0.4713 0.1844 0.1383 0.1892 0.3335 0.5156 0.3668 0.1417 0.1533 0.2412 0.4451 0.4816 0.2010 0.1375 0.1851 0.3257 0.5156 0.3716 0.1419 0.1537 0.2442 0.4535 0.4747 0.1850 0.1386 0.1926 0.3462 0.5144 0.3345 0.1386 0.1606 0.2652 0.4857 0.4480 0.1601 0.1426 0.2093 0.3855 0.5052 0.2718 0.1366 0.1716 0.2923 0.5012 0.4902 0.5012 0.2923 0.1716 0.1366 0.2718 0.5052 0.3855 0.2093 0.1426 0.1601 0.4480 0.4857 0.2652 0.1606 0.1386 0.3345 0.5144 0.3462 0.1926 0.1386 0.1850 0.4747 0.4535 0.2442 0.1537 0.1419 0.3716 0.5156 0.3257 0.1851 0.1375 0.2010 0.4816 0.4451 0.2412 0.1533 0.1417 0.3668 0.5156 0.3335 0.1892 0.1383 0.1844 0.4713 0.4630 0.2525 0.1574 0.1394 0.3391 0.5135
0.3345 0.1388 0.1587 0.2562 0.4687 0.4673 0.1791 0.1387 0.1914 0.3387 0.5155 0.3597 0.1410 0.1543 0.2440 0.4496 0.4793 0.1968 0.1376 0.1859 0.3272 0.5156 0.3708 0.1419 0.1536 0.2435 0.4518 0.4761 0.1877 0.1384 0.1913 0.3427 0.5149 0.3407 0.1390 0.1595 0.2619 0.4815 0.4523 0.1626 0.1419 0.2067 0.3797 0.5070 0.2809 0.1367 0.1702 0.2904 0.5058 0.4318 0.2325 0.4318 0.5058 0.2904 0.1702 0.1367 0.2809 0.5070 0.3797 0.2067 0.1419 0.1626 0.4523 0.4815 0.2619 0.1595 0.1390 0.3407 0.5149 0.3427 0.1913 0.1384 0.1877 0.4761 0.4518 0.2435 0.1536 0.1419 0.3708 0.5156 0.3272 0.1859 0.1376 0.1968 0.4793 0.4496 0.2440 0.1543 0.1410 0.3597 0.5155 0.3387 0.1914 0.1387 0.1791 0.4673 0.4687 0.2562 0.1587 0.1388 0.3345
0.1460 0.1601 0.2600 0.4741 0.4630 0.1744 0.1393 0.1937 0.3441 0.5151 0.3521 0.1404 0.1554 0.2470 0.4545 0.4765 0.1919 0.1379 0.1871 0.3298 0.5156 0.3686 0.1417 0.1537 0.2435 0.4512 0.4768 0.1895 0.1382 0.1902 0.3399 0.5152 0.3459 0.1394 0.1585 0.2589 0.4774 0.4563 0.1652 0.1413 0.2043 0.3741 0.5086 0.2898 0.1369 0.1686 0.2867 0.5049 0.4236 0.1545 0.1350 0.1545 0.4236 0.5049 0.2867 0.1686 0.1369 0.2898 0.5086 0.3741 0.2043 0.1413 0.1652 0.4563 0.4774 0.2589 0.1585 0.1394 0.3459 0.5152 0.3399 0.1902 0.1382 0.1895 0.4768 0.4512 0.2435 0.1537 0.1417 0.3686 0.5156 0.3298 0.1871 0.1379 0.1919 0.4765 0.4545 0.2470 0.1554 0.1404 0.3521 0.5151 0.3441 0.1937 0.1393 0.1744 0.4630 0.4741 0.2600 0.1601 0.1460
0.1660 0.2638 0.4794 0.4586 0.1702 0.1398 0.1960 0.3496 0.5146 0.3441 0.1397 0.1566 0.2504 0.4598 0.4732 0.1869 0.1382 0.1887 0.3331 0.5156 0.3650 0.1414 0.1540 0.2442 0.4518 0.4768 0.1901 0.1381 0.1896 0.3379 0.5153 0.3500 0.1397 0.1577 0.2563 0.4735 0.4597 0.1679 0.1407 0.2021 0.3689 0.5100 0.2984 0.1371 0.1670 0.2826 0.5025 0.4261 0.1522 0.1424 0.1737 0.1424 0.1522 0.4261 0.5025 0.2826 0.1670 0.1371 0.2984 0.5100 0.3689 0.2021 0.1407 0.1679 0.4597 0.4735 0.2563 0.1577 0.1397 0.3500 0.5153 0.3379 0.1896 0.1381 0.1901 0.4768 0.4518 0.2442 0.1540 0.1414 0.3650 0.5156 0.3331 0.1887 0.1382 0.1869 0.4732 0.4598 0.2504 0.1566 0.1397 0.3441 0.5146 0.3496 0.1960 0.1398 0.1702 0.4586 0.4794 0.2638 0.1660
0.2678 0.4844 0.4540 0.1666 0.1404 0.1984 0.3552 0.5138 0.3358 0.1391 0.1579 0.2539 0.4653 0.4696 0.1818 0.1385 0.1905 0.3371 0.5155 0.3602 0.1410 0.1546 0.2456 0.4535 0.4761 0.1895 0.1381 0.1894 0.3369 0.5154 0.3528 0.1400 0.1570 0.2542 0.4701 0.4627 0.1706 0.1403 0.2001 0.3641 0.5112 0.3063 0.1373 0.1656 0.2787 0.4995 0.4307 0.1531 0.1444 0.2085 0.3011 0.2085 0.1444 0.1531 0.4307 0.4995 0.2787 0.1656 0.1373 0.3063 0.5112 0.3641 0.2001 0.1403 0.1706 0.4627 0.4701 0.2542 0.1570 0.1400 0.3528 0.5154 0.3369 0.1894 0.1381 0.1895 0.4761 0.4535 0.2456 0.1546 0.1410 0.3602 0.5155 0.3371 0.1905 0.1385 0.1818 0.4696 0.4653 0.2539 0.1579 0.1391 0.3358 0.5138 0.3552 0.1984 0.1404 0.1666 0.4540 0.4844 0.2678
0.4847 0.4492 0.1635 0.1410 0.2009 0.3609 0.5129 0.3273 0.1386 0.1592 0.2577 0.4708 0.4656 0.1770 0.1390 0.1925 0.3416 0.5153 0.3543 0.1405 0.1554 0.2475 0.4563 0.4747 0.1877 0.1382 0.1896 0.3369 0.5155 0.3543 0.1402 0.1565 0.2527 0.4674 0.4651 0.1730 0.1399 0.1983 0.3598 0.5121 0.3136 0.1376 0.1642 0.2749 0.4961 0.4356 0.1547 0.1442 0.2136 0.3808 0.5100 0.3808 0.2136 0.1442 0.1547 0.4356 0.4961 0.2749 0.1642 0.1376 0.3136 0.5121 0.3598 0.1983 0.1399 0.1730 0.4651 0.4674 0.2527 0.1565 0.1402 0.3543 0.5155 0.3369 0.1896 0.1382 0.1877 0.4747 0.4563 0.2475 0.1554 0.1405 0.3543 0.5153 0.3416 0.1925 0.1390 0.1770 0.4656 0.4708 0.2577 0.1592 0.1386 0.3273 0.5129 0.3609 0.2009 0.1410 0.1635 0.4492 0.4847
0.4463 0.1607 0.1417 0.2035 0.3666 0.5118 0.3187 0.1382 0.1606 0.2615 0.4762 0.4613 0.1727 0.1395 0.1947 0.3466 0.5149 0.3476 0.1399 0.1563 0.2499 0.4599 0.4726 0.1850 0.1384 0.1902 0.3379 0.5154 0.3543 0.1402 0.1563 0.2517 0.4654 0.4668 0.1752 0.1396 0.1969 0.3561 0.5129 0.3201 0.1379 0.1630 0.2715 0.4926 0.4403 0.1565 0.1436 0.2127 0.3895 0.5071 0.4101 0.5071 0.3895 0.2127 0.1436 0.1565 0.4403 0.4926 0.2715 0.1630 0.1379 0.3201 0.5129 0.3561 0.1969 0.1396 0.1752 0.4668 0.4654 0.2517 0.1563 0.1402 0.3543 0.5154 0.3379 0.1902 0.1384 0.1850 0.4726 0.4599 0.2499 0.1563 0.1399 0.3476 0.5149 0.3466 0.1947 0.1395 0.1727 0.4613 0.4762 0.2615 0.1606 0.1382 0.3187 0.5118 0.3666 0.2035 0.1417 0.1607 0.4463
0.1655 0.1424 0.2061 0.3725 0.5105 0.3099 0.1378 0.1621 0.2654 0.4814 0.4568 0.1688 0.1400 0.1970 0.3519 0.5143 0.3403 0.1394 0.1573 0.2527 0.4640 0.4700 0.1817 0.1386 0.1913 0.3399 0.5153 0.3528 0.1402 0.1563 0.2513 0.4643 0.4679 0.1768 0.1393 0.1957 0.3530 0.5135 0.3258 0.1382 0.1619 0.2683 0.4891 0.4446 0.1585 0.1430 0.2106 0.3874 0.5055 0.2974 0.1464 0.2974 0.5055 0.3874 0.2106 0.1430 0.1585 0.4446 0.4891 0.2683 0.1619 0.1382 0.3258 0.5135 0.3530 0.1957 0.1393 0.1768 0.4679 0.4643 0.2513 0.1563 0.1402 0.3528 0.5153 0.3399 0.1913 0.1386 0.1817 0.4700 0.4640 0.2527 0.1573 0.1394 0.3403 0.5143 0.3519 0.1970 0.1400 0.1688 0.4568 0.4814 0.2654 0.1621 0.1378 0.3099 0.5105 0.3725 0.2061 0.1424 0.1655
0.1492 0.2087 0.3784 0.5090 0.3009 0.1374 0.1636 0.2694 0.4862 0.4521 0.1653 0.1406 0.1994 0.3574 0.5135 0.3323 0.1389 0.1585 0.2559 0.4686 0.4669 0.1780 0.1389 0.1926 0.3427 0.5152 0.3500 0.1400 0.1565 0.2517 0.4643 0.4683 0.1776 0.1392 0.1949 0.3507 0.5139 0.3304 0.1384 0.1609 0.2656 0.4857 0.4484 0.1605 0.1424 0.2084 0.3830 0.5063 0.2830 0.1364 0.1445 0.1364 0.2830 0.5063 0.3830 0.2084 0.1424 0.1605 0.4484 0.4857 0.2656 0.1609 0.1384 0.3304 0.5139 0.3507 0.1949 0.1392 0.1776 0.4683 0.4643 0.2517 0.1565 0.1400 0.3500 0.5152 0.3427 0.1926 0.1389 0.1780 0.4669 0.4686 0.2559 0.1585 0.1389 0.3323 0.5135 0.3574 0.1994 0.1406 0.1653 0.4521 0.4862 0.2694 0.1636 0.1374 0.3009 0.5090 0.3784 0.2087 0.1492
0.2135 0.3844 0.5074 0.2918 0.1372 0.1651 0.2734 0.4907 0.4473 0.1623 0.1413 0.2019 0.3631 0.5125 0.3240 0.1384 0.1598 0.2594 0.4735 0.4633 0.1743 0.1393 0.1942 0.3462 0.5149 0.3459 0.1397 0.1570 0.2527 0.4654 0.4679 0.1776 0.1392 0.1945 0.3493 0.5142 0.3337 0.1386 0.1602 0.2633 0.4826 0.4518 0.1626 0.1418 0.2062 0.3782 0.5076 0.2861 0.1367 0.1631 0.2177 0.1631 0.1367 0.2861 0.5076 0.3782 0.2062 0.1418 0.1626 0.4518 0.4826 0.2633 0.1602 0.1386 0.3337 0.5142 0.3493 0.1945 0.1392 0.1776 0.4679 0.4654 0.2527 0.1570 0.1397 0.3459 0.5149 0.3462 0.1942 0.1393 0.1743 0.4633 0.4735 0.2594 0.1598 0.1384 0.3240 0.5125 0.3631 0.2019 0.1413 0.1623 0.4473 0.4907 0.2734 0.1651 0.1372 0.2918 0.5074 0.3844 0.2135
0.3867 0.5056 0.2826 0.1369 0.1667 0.2776 0.4949 0.4423 0.1597 0.1420 0.2045 0.3689 0.5113 0.3153 0.1380 0.1612 0.2631 0.4784 0.4593 0.1707 0.1398 0.1961 0.3504 0.5144 0.3407 0.1394 0.1577 0.2542 0.4674 0.4668 0.1768 0.1392 0.1945 0.3488 0.5143 0.3358 0.1388 0.1596 0.2615 0.4800 0.4545 0.1644 0.1414 0.2044 0.3737 0.5089 0.2924 0.1369 0.1666 0.2710 0.4047 0.2710 0.1666 0.1369 0.2924 0.5089 0.3737 0.2044 0.1414 0.1644 0.4545 0.4800 0.2615 0.1596 0.1388 0.3358 0.5143 0.3488 0.1945 0.1392 0.1768 0.4668 0.4674 0.2542 0.1577 0.1394 0.3407 0.5144 0.3504 0.1961 0.1398 0.1707 0.4593 0.4784 0.2631 0.1612 0.1380 0.3153 0.5113 0.3689 0.2045 0.1420 0.1597 0.4423 0.4949 0.2776 0.1667 0.1369 0.2826 0.5056 0.3867
0.5039 0.2734 0.1368 0.1683 0.2818 0.4987 0.4370 0.1573 0.1427 0.2071 0.3748 0.5099 0.3064 0.1376 0.1626 0.2669 0.4833 0.4549 0.1672 0.1403 0.1982 0.3551 0.5138 0.3345 0.1390 0.1585 0.2563 0.4701 0.4651 0.1752 0.1393 0.1949 0.3493 0.5143 0.3365 0.1389 0.1593 0.2603 0.4780 0.4566 0.1661 0.1410 0.2028 0.3698 0.5099 0.2989 0.1371 0.1663 0.2782 0.4888 0.4986 0.4888 0.2782 0.1663 0.1371 0.2989 0.5099 0.3698 0.2028 0.1410 0.1661 0.4566 0.4780 0.2603 0.1593 0.1389 0.3365 0.5143 0.3493 0.1949 0.1393 0.1752 0.4651 0.4701 0.2563 0.1585 0.1390 0.3345 0.5138 0.3551 0.1982 0.1403 0.1672 0.4549 0.4833 0.2669 0.1626 0.1376 0.3064 0.5099 0.3748 0.2071 0.1427 0.1573 0.4370 0.4987 0.2818 0.1683 0.1368 0.2734 0.5039
0.2691 0.1366 0.1700 0.2861 0.5020 0.4316 0.1551 0.1434 0.2098 0.3808 0.5084 0.2974 0.1373 0.1641 0.2709 0.4880 0.4502 0.1641 0.1409 0.2005 0.3601 0.5130 0.3274 0.1386 0.1595 0.2589 0.4735 0.4627 0.1730 0.1396 0.1957 0.3507 0.5142 0.3358 0.1389 0.1592 0.2596 0.4768 0.4580 0.1674 0.1407 0.2015 0.3665 0.5108 0.3048 0.1373 0.1654 0.2773 0.4958 0.4481 0.2621 0.4481 0.4958 0.2773 0.1654 0.1373 0.3048 0.5108 0.3665 0.2015 0.1407 0.1674 0.4580 0.4768 0.2596 0.1592 0.1389 0.3358 0.5142 0.3507 0.1957 0.1396 0.1730 0.4627 0.4735 0.2589 0.1595 0.1386 0.3274 0.5130 0.3601 0.2005 0.1409 0.1641 0.4502 0.4880 0.2709 0.1641 0.1373 0.2974 0.5084 0.3808 0.2098 0.1434 0.1551 0.4316 0.5020 0.2861 0.1700 0.1366 0.2691
0.1440 0.1717 0.2905 0.5050 0.4260 0.1531 0.1442 0.2125 0.3868 0.5067 0.2883 0.1371 0.1657 0.2750 0.4924 0.4453 0.1612 0.1416 0.2029 0.3655 0.5120 0.3198 0.1382 0.1606 0.2619 0.4774 0.4597 0.1706 0.1399 0.1969 0.3530 0.5139 0.3337 0.1388 0.1593 0.2596 0.4763 0.4588 0.1682 0.1405 0.2005 0.3639 0.5115 0.3098 0.1375 0.1645 0.2750 0.4953 0.4401 0.1621 0.1348 0.1621 0.4401 0.4953 0.2750 0.1645 0.1375 0.3098 0.5115 0.3639 0.2005 0.1405 0.1682 0.4588 0.4763 0.2596 0.1593 0.1388 0.3337 0.5139 0.3530 0.1969 0.1399 0.1706 0.4597 0.4774 0.2619 0.1606 0.1382 0.3198 0.5120 0.3655 0.2029 0.1416 0.1612 0.4453 0.4924 0.2750 0.1657 0.1371 0.2883 0.5067 0.3868 0.2125 0.1442 0.1531 0.4260 0.5050 0.2905 0.1717 0.1440
0.1773 0.2951 0.5075 0.4202 0.1514 0.1451 0.2154 0.3928 0.5048 0.2790 0.1369 0.1673 0.2792 0.4964 0.4402 0.1587 0.1422 0.2055 0.3712 0.5107 0.3115 0.1378 0.1619 0.2652 0.4815 0.4563 0.1679 0.1403 0.1983 0.3561 0.5135 0.3304 0.1386 0.1596 0.2603 0.4768 0.4588 0.1685 0.1404 0.1999 0.3621 0.5119 0.3137 0.1377 0.1636 0.2727 0.4932 0.4408 0.1581 0.1403 0.1684 0.1403 0.1581 0.4408 0.4932 0.2727 0.1636 0.1377 0.3137 0.5119 0.3621 0.1999 0.1404 0.1685 0.4588 0.4768 0.2603 0.1596 0.1386 0.3304 0.5135 0.3561 0.1983 0.1403 0.1679 0.4563 0.4815 0.2652 0.1619 0.1378 0.3115 0.5107 0.3712 0.2055 0.1422 0.1587 0.4402 0.4964 0.2792 0.1673 0.1369 0.2790 0.5048 0.3928 0.2154 0.1451 0.1514 0.4202 0.5075 0.2951 0.1773
0.2985 0.5097 0.4142 0.1498 0.1459 0.2182 0.3990 0.5028 0.2697 0.1367 0.1689 0.2835 0.5001 0.4349 0.1564 0.1430 0.2081 0.3771 0.5093 0.3028 0.1375 0.1633 0.2688 0.4857 0.4523 0.1652 0.1407 0.2001 0.3598 0.5129 0.3258 0.1384 0.1602 0.2615 0.4780 0.4580 0.1682 0.1404 0.1997 0.3613 0.5122 0.3164 0.1378 0.1630 0.2708 0.4911 0.4432 0.1584 0.1423 0.2011 0.2879 0.2011 0.1423 0.1584 0.4432 0.4911 0.2708 0.1630 0.1378 0.3164 0.5122 0.3613 0.1997 0.1404 0.1682 0.4580 0.4780 0.2615 0.1602 0.1384 0.3258 0.5129 0.3598 0.2001 0.1407 0.1652 0.4523 0.4857 0.2688 0.1633 0.1375 0.3028 0.5093 0.3771 0.2081 0.1430 0.1564 0.4349 0.5001 0.2835 0.1689 0.1367 0.2697 0.5028 0.3990 0.2182 0.1459 0.1498 0.4142 0.5097 0.2985
0.5090 0.4080 0.1483 0.1468 0.2212 0.4052 0.5005 0.2605 0.1366 0.1706 0.2878 0.5033 0.4294 0.1543 0.1437 0.2109 0.3831 0.5077 0.2938 0.1372 0.1648 0.2727 0.4900 0.4480 0.1626 0.1413 0.2021 0.3641 0.5121 0.3201 0.1382 0.1609 0.2633 0.4800 0.4566 0.1674 0.1405 0.1999 0.3613 0.5123 0.3177 0.1379 0.1625 0.2693 0.4892 0.4454 0.1594 0.1424 0.2068 0.3654 0.5045 0.3654 0.2068 0.1424 0.1594 0.4454 0.4892 0.2693 0.1625 0.1379 0.3177 0.5123 0.3613 0.1999 0.1405 0.1674 0.4566 0.4800 0.2633 0.1609 0.1382 0.3201 0.5121 0.3641 0.2021 0.1413 0.1626 0.4480 0.4900 0.2727 0.1648 0.1372 0.2938 0.5077 0.3831 0.2109 0.1437 0.1543 0.4294 0.5033 0.2878 0.1706 0.1366 0.2605 0.5005 0.4052 0.2212 0.1468 0.1483 0.4080 0.5090
0.4043 0.1469 0.1478 0.2242 0.4114 0.4982 0.2512 0.1366 0.1724 0.2923 0.5060 0.4238 0.1524 0.1446 0.2136 0.3892 0.5060 0.2846 0.1370 0.1663 0.2767 0.4941 0.4432 0.1601 0.1419 0.2043 0.3689 0.5112 0.3136 0.1379 0.1619 0.2656 0.4826 0.4545 0.1661 0.1407 0.2005 0.3621 0.5122 0.3177 0.1379 0.1623 0.2684 0.4879 0.4472 0.1604 0.1422 0.2070 0.3759 0.5105 0.4247 0.5105 0.3759 0.2070 0.1422 0.1604 0.4472 0.4879 0.2684 0.1623 0.1379 0.3177 0.5122 0.3621 0.2005 0.1407 0.1661 0.4545 0.4826 0.2656 0.1619 0.1379 0.3136 0.5112 0.3689 0.2043 0.1419 0.1601 0.4432 0.4941 0.2767 0.1663 0.1370 0.2846 0.5060 0.3892 0.2136 0.1446 0.1524 0.4238 0.5060 0.2923 0.1724 0.1366 0.2512 0.4982 0.4114 0.2242 0.1478 0.1469 0.4043
0.1533 0.1488 0.2273 0.4176 0.4956 0.2420 0.1366 0.1742 0.2968 0.5084 0.4179 0.1507 0.1454 0.2165 0.3953 0.5040 0.2754 0.1368 0.1679 0.2809 0.4979 0.4382 0.1577 0.1426 0.2067 0.3741 0.5100 0.3063 0.1376 0.1630 0.2683 0.4857 0.4518 0.1644 0.1410 0.2015 0.3639 0.5119 0.3164 0.1379 0.1623 0.2681 0.4872 0.4483 0.1612 0.1420 0.2063 0.3764 0.5090 0.3172 0.1502 0.3172 0.5090 0.3764 0.2063 0.1420 0.1612 0.4483 0.4872 0.2681 0.1623 0.1379 0.3164 0.5119 0.3639 0.2015 0.1410 0.1644 0.4518 0.4857 0.2683 0.1630 0.1376 0.3063 0.5100 0.3741 0.2067 0.1426 0.1577 0.4382 0.4979 0.2809 0.1679 0.1368 0.2754 0.5040 0.3953 0.2165 0.1454 0.1507 0.4179 0.5084 0.2968 0.1742 0.1366 0.2420 0.4956 0.4176 0.2273 0.1488 0.1533
0.1551 0.2305 0.4239 0.4929 0.2330 0.1366 0.1760 0.3014 0.5104 0.4118 0.1492 0.1463 0.2194 0.4014 0.5019 0.2661 0.1367 0.1696 0.2852 0.5013 0.4328 0.1555 0.1433 0.2093 0.3797 0.5086 0.2984 0.1373 0.1642 0.2715 0.4891 0.4484 0.1626 0.1414 0.2028 0.3665 0.5115 0.3137 0.1378 0.1625 0.2684 0.4872 0.4487 0.1617 0.1418 0.2056 0.3750 0.5090 0.2994 0.1371 0.1428 0.1371 0.2994 0.5090 0.3750 0.2055 0.1418 0.1616 0.4487 0.4872 0.2684 0.1625 0.1378 0.3137 0.5115 0.3665 0.2028 0.1414 0.1626 0.4484 0.4891 0.2715 0.1642 0.1373 0.2984 0.5086 0.3797 0.2093 0.1433 0.1555 0.4328 0.5013 0.2852 0.1696 0.1367 0.2661 0.5019 0.4014 0.2194 0.1463 0.1492 0.4118 0.5104 0.3014 0.1760 0.1366 0.2330 0.4929 0.4239 0.2305 0.1551
0.2349 0.4301 0.4900 0.2243 0.1368 0.1779 0.3061 0.5121 0.4055 0.1478 0.1472 0.2224 0.4076 0.4996 0.2568 0.1366 0.1713 0.2896 0.5044 0.4272 0.1535 0.1441 0.2119 0.3855 0.5070 0.2898 0.1371 0.1656 0.2749 0.4926 0.4446 0.1605 0.1418 0.2044 0.3698 0.5108 0.3098 0.1377 0.1630 0.2693 0.4879 0.4483 0.1617 0.1417 0.2043 0.3763 0.5087 0.2968 0.1372 0.1603 0.2121 0.1605 0.1370 0.2953 0.5091 0.3724 0.2030 0.1418 0.1618 0.4483 0.4879 0.2693 0.1630 0.1377 0.3098 0.5108 0.3698 0.2044 0.1418 0.1605 0.4446 0.4926 0.2749 0.1656 0.1371 0.2898 0.5070 0.3855 0.2119 0.1441 0.1535 0.4272 0.5044 0.2896 0.1713 0.1366 0.2568 0.4996 0.4076 0.2224 0.1472 0.1478 0.4055 0.5121 0.3061 0.1779 0.1368 0.2243 0.4900 0.4301 0.2349
0.4317 0.4870 0.2158 0.1369 0.1799 0.3109 0.5133 0.3990 0.1464 0.1482 0.2254 0.4138 0.4972 0.2476 0.1366 0.1731 0.2940 0.5070 0.4215 0.1517 0.1449 0.2147 0.3915 0.5052 0.2809 0.1369 0.1670 0.2787 0.4961 0.4403 0.1585 0.1424 0.2062 0.3737 0.5099 0.3048 0.1375 0.1636 0.2708 0.4892 0.4472 0.1612 0.1419 0.2060 0.3750 0.5091 0.2995 0.1372 0.1646 0.2654 0.3945 0.2640 0.1647 0.1372 0.2986 0.5095 0.3732 0.2063 0.1417 0.1612 0.4472 0.4892 0.2708 0.1636 0.1375 0.3048 0.5099 0.3737 0.2062 0.1424 0.1585 0.4403 0.4961 0.2787 0.1670 0.1369 0.2809 0.5052 0.3915 0.2147 0.1449 0.1517 0.4215 0.5070 0.2940 0.1731 0.1366 0.2476 0.4972 0.4138 0.2254 0.1482 0.1464 0.3990 0.5133 0.3109 0.1799 0.1369 0.2158 0.4870 0.4317
0.4849 0.2078 0.1371 0.1818 0.3158 0.5143 0.3924 0.1453 0.1491 0.2285 0.4200 0.4946 0.2386 0.1366 0.1749 0.2986 0.5092 0.4156 0.1501 0.1457 0.2176 0.3976 0.5032 0.2718 0.1367 0.1686 0.2826 0.4995 0.4356 0.1565 0.1430 0.2084 0.3782 0.5089 0.2989 0.1373 0.1645 0.2727 0.4911 0.4454 0.1604 0.1420 0.2057 0.3758 0.5089 0.3006 0.1373 0.1648 0.2726 0.4838 0.5015 0.4823 0.2758 0.1657 0.1372 0.2959 0.5086 0.3763 0.2058 0.1420 0.1604 0.4454 0.4911 0.2727 0.1645 0.1373 0.2989 0.5089 0.3782 0.2084 0.1430 0.1565 0.4356 0.4995 0.2826 0.1686 0.1367 0.2718 0.5032 0.3976 0.2176 0.1457 0.1501 0.4156 0.5092 0.2986 0.1749 0.1366 0.2386 0.4946 0.4200 0.2285 0.1491 0.1453 0.3924 0.5143 0.3158 0.1818 0.1371 0.2078 0.4849
0.2069 0.1374 0.1838 0.3206 0.5150 0.3858 0.1442 0.1501 0.2315 0.4259 0.4919 0.2300 0.1367 0.1766 0.3030 0.5110 0.4097 0.1487 0.1466 0.2204 0.4035 0.5011 0.2629 0.1366 0.1702 0.2867 0.5025 0.4307 0.1547 0.1436 0.2106 0.3830 0.5076 0.2924 0.1371 0.1654 0.2750 0.4932 0.4432 0.1594 0.1422 0.2063 0.3752 0.5079 0.2959 0.1373 0.1649 0.2768 0.4940 0.4522 0.2739 0.4530 0.4943 0.2777 0.1662 0.1370 0.2911 0.5086 0.3781 0.2063 0.1422 0.1594 0.4432 0.4932 0.2750 0.1654 0.1371 0.2924 0.5076 0.3830 0.2106 0.1436 0.1547 0.4307 0.5025 0.2867 0.1702 0.1366 0.2629 0.5011 0.4035 0.2204 0.1466 0.1487 0.4097 0.5110 0.3030 0.1766 0.1367 0.2300 0.4919 0.4259 0.2315 0.1501 0.1442 0.3858 0.5150 0.3206 0.1838 0.1374 0.2069
0.1446 0.1856 0.3249 0.5153 0.3797 0.1433 0.1510 0.2342 0.4312 0.4894 0.2226 0.1367 0.1782 0.3070 0.5123 0.4043 0.1475 0.1473 0.2229 0.4087 0.4991 0.2550 0.1365 0.1716 0.2904 0.5049 0.4261 0.1531 0.1442 0.2127 0.3874 0.5063 0.2861 0.1369 0.1663 0.2773 0.4953 0.4408 0.1584 0.1424 0.2070 0.3764 0.5090 0.2931 0.1371 0.1648 0.2761 0.4964 0.4376 0.1634 0.1348 0.1636 0.4395 0.4968 0.2789 0.1656 0.1370 0.2949 0.5087 0.3764 0.2070 0.1424 0.1584 0.4408 0.4953 0.2773 0.1663 0.1369 0.2861 0.5063 0.3874 0.2127 0.1442 0.1531 0.4261 0.5049 0.2904 0.1716 0.1365 0.2550 0.4991 0.4087 0.2229 0.1473 0.1475 0.4043 0.5123 0.3070 0.1782 0.1367 0.2226 0.4894 0.4312 0.2342 0.1510 0.1433 0.3797 0.5153 0.3249 0.1856 0.1446
0.1894 0.3270 0.5152 0.3766 0.1428 0.1513 0.2355 0.4338 0.4880 0.2189 0.1367 0.1789 0.3090 0.5126 0.4015 0.1467 0.1476 0.2240 0.4113 0.4979 0.2510 0.1364 0.1722 0.2923 0.5058 0.4236 0.1522 0.1444 0.2136 0.3895 0.5055 0.2830 0.1367 0.1666 0.2782 0.4958 0.4401 0.1581 0.1423 0.2068 0.3759 0.5090 0.2994 0.1368 0.1635 0.2718 0.4930 0.4406 0.1581 0.1398 0.1667 0.1397 0.1597 0.4419 0.4950 0.2735 0.1649 0.1371 0.3008 0.5089 0.3759 0.2068 0.1423 0.1581 0.4401 0.4958 0.2782 0.1666 0.1367 0.2830 0.5055 0.3895 0.2136 0.1444 0.1522 0.4236 0.5058 0.2923 0.1722 0.1364 0.2510 0.4979 0.4113 0.2240 0.1476 0.1467 0.4015 0.5126 0.3090 0.1789 0.1367 0.2189 0.4880 0.4338 0.2355 0.1513 0.1428 0.3766 0.5152 0.3270 0.1894
0.3173 0.5138 0.3874 0.1436 0.1488 0.2298 0.4249 0.4913 0.2317 0.1358 0.1750 0.3019 0.5098 0.4109 0.1482 0.1454 0.2187 0.4025 0.5003 0.2649 0.1358 0.1686 0.2854 0.5012 0.4318 0.1545 0.1424 0.2085 0.3808 0.5071 0.2974 0.1364 0.1631 0.2710 0.4888 0.4481 0.1621 0.1403 0.2011 0.3654 0.5105 0.3172 0.1371 0.1605 0.2636 0.4819 0.4522 0.1612 0.1398 0.1946 0.2762 0.1930 0.1393 0.1638 0.4528 0.4815 0.2655 0.1607 0.1371 0.3173 0.5105 0.3654 0.2011 0.1403 0.1621 0.4481 0.4888 0.2710 0.1631 0.1364 0.2974 0.5071 0.3808 0.2085 0.1424 0.1545 0.4318 0.5012 0.2854 0.1686 0.1358 0.2649 0.5003 0.4025 0.2187 0.1454 0.1482 0.4109 0.5098 0.3019 0.1750 0.1358 0.2317 0.4913 0.4249 0.2298 0.1488 0.1436 0.3874 0.5138 0.3173
0.4663 0.4655 0.1784 0.1371 0.1886 0.3381 0.5137 0.3608 0.1387 0.1518 0.2406 0.4484 0.4791 0.2022 0.1358 0.1808 0.3190 0.5135 0.3870 0.1419 0.1479 0.2284 0.4260 0.4902 0.2325 0.1350 0.1737 0.3011 0.5100 0.4101 0.1464 0.1445 0.2177 0.4047 0.4986 0.2621 0.1348 0.1684 0.2879 0.5045 0.4247 0.1502 0.1429 0.2127 0.3979 0.5002 0.2686 0.1349 0.1668 0.2760 0.4132 0.2763 0.1660 0.1348 0.2712 0.5019 0.3967 0.2139 0.1430 0.1502 0.4247 0.5045 0.2879 0.1684 0.1348 0.2621 0.4986 0.4047 0.2177 0.1445 0.1464 0.4101 0.5100 0.3011 0.1737 0.1350 0.2325 0.4902 0.4260 0.2284 0.1479 0.1419 0.3870 0.5135 0.3190 0.1808 0.1358 0.2022 0.4791 0.4484 0.2406 0.1518 0.1387 0.3608 0.5137 0.3381 0.1886 0.1371 0.1784 0.4655 0.4663
0.3173 0.5138 0.3874 0.1436 0.1488 0.2298 0.4249 0.4913 0.2317 0.1358 0.1750 0.3019 0.5098 0.4109 0.1482 0.1454 0.2187 0.4025 0.5003 0.2649 0.1358 0.1686 0.2854 0.5012 0.4318 0.1545 0.1424 0.2085 0.3808 0.5071 0.2974 0.1364 0.1631 0.2710 0.4888 0.4481 0.1621 0.1403 0.2011 0.3654 0.5105 0.3172 0.1371 0.1602 0.2692 0.4867 0.4495 0.1623 0.1398 0.1933 0.2744 0.1934 0.1400 0.1642 0.4533 0.4818 0.2650 0.1608 0.1371 0.3169 0.5105 0.3654 0.2011 0.1403 0.1621 0.4481 0.4888 0.2710 0.1631 0.1364 0.2974 0.5071 0.3808 0.2085 0.1424 0.1545 0.4318 0.5012 0.2854 0.1686 0.1358 0.2649 0.5003 0.4025 0.2187 0.1454 0.1482 0.4109 0.5098 0.3019 0.1750 0.1358 0.2317 0.4913 0.4249 0.2298 0.1488 0.1436 0.3874 0.5138 0.3173
0.1894 0.3270 0.5152 0.3766 0.1428 0.1513 0.2355 0.4338 0.4880 0.2189 0.1367 0.1789 0.3090 0.5126 0.4015 0.1467 0.1476 0.2240 0.4113 0.4979 0.2510 0.1364 0.1722 0.2923 0.5058 0.4236 0.1522 0.1444 0.2136 0.3895 0.5055 0.2830 0.1367 0.1666 0.2782 0.4958 0.4401 0.1581 0.1423 0.2068 0.3759 0.5090 0.2993 0.1372 0.1645 0.2757 0.4959 0.4393 0.1592 0.1396 0.1662 0.1397 0.1588 0.4416 0.4959 0.2757 0.1644 0.1370 0.2993 0.5090 0.3759 0.2068 0.1423 0.1581 0.4401 0.4958 0.2782 0.1666 0.1367 0.2830 0.5055 0.3895 0.2136 0.1444 0.1522 0.4236 0.5058 0.2923 0.1722 0.1364 0.2510 0.4979 0.4113 0.2240 0.1476 0.1467 0.4015 0.5126 0.3090 0.1789 0.1367 0.2189 0.4880 0.4338 0.2355 0.1513 0.1428 0.3766 0.5152 0.3270 0.1894
0.1446 0.1856 0.3249 0.5153 0.3797 0.1433 0.1510 0.2342 0.4312 0.4894 0.2226 0.1367 0.1782 0.3070 0.5123 0.4043 0.1475 0.1473 0.2229 0.4087 0.4991 0.2550 0.1365 0.1716 0.2904 0.5049 0.4261 0.1531 0.1442 0.2127 0.3874 0.5063 0.2861 0.1369 0.1663 0.2773 0.4953 0.4408 0.1584 0.1424 0.2070 0.3764 0.5090 0.2978 0.1372 0.1658 0.2797 0.4945 0.4419 0.1650 0.1349 0.1640 0.4412 0.4960 0.2768 0.1661 0.1372 0.2962 0.5090 0.3764 0.2070 0.1424 0.1584 0.4408 0.4953 0.2773 0.1663 0.1369 0.2861 0.5063 0.3874 0.2127 0.1442 0.1531 0.4261 0.5049 0.2904 0.1716 0.1365 0.2550 0.4991 0.4087 0.2229 0.1473 0.1475 0.4043 0.5123 0.3070 0.1782 0.1367 0.2226 0.4894 0.4312 0.2342 0.1510 0.1433 0.3797 0.5153 0.3249 0.1856 0.1446
0.2069 0.1374 0.1838 0.3206 0.5150 0.3858 0.1442 0.1501 0.2315 0.4259 0.4919 0.2300 0.1367 0.1766 0.3030 0.5110 0.4097 0.1487 0.1466 0.2204 0.4035 0.5011 0.2629 0.1366 0.1702 0.2867 0.5025 0.4307 0.1547 0.1436 0.2106 0.3830 0.5076 0.2924 0.1371 0.1654 0.2750 0.4932 0.4432 0.1594 0.1422 0.2063 0.3753 0.5087 0.3005 0.1371 0.1665 0.2781 0.4934 0.4520 0.2714 0.4525 0.4911 0.2768 0.1659 0.1374 0.3043 0.5106 0.3732 0.2062 0.1422 0.1594 0.4432 0.4932 0.2750 0.1654 0.1371 0.2924 0.5076 0.3830 0.2106 0.1436 0.1547 0.4307 0.5025 0.2867 0.1702 0.1366 0.2629 0.5011 0.4035 0.2204 0.1466 0.1487 0.4097 0.5110 0.3030 0.1766 0.1367 0.2300 0.4919 0.4259 0.2315 0.1501 0.1442 0.3858 0.5150 0.3206 0.1838 0.1374 0.2069
0.4849 0.2078 0.1371 0.1818 0.3158 0.5143 0.3924 0.1453 0.1491 0.2285 0.4200 0.4946 0.2386 0.1366 0.1749 0.2986 0.5092 0.4156 0.1501 0.1457 0.2176 0.3976 0.5032 0.2718 0.1367 0.1686 0.2826 0.4995 0.4356 0.1565 0.1430 0.2084 0.3782 0.5089 0.2989 0.1373 0.1645 0.2727 0.4911 0.4454 0.1604 0.1420 0.2057 0.3749 0.5095 0.2919 0.1369 0.1655 0.2752 0.4858 0.5022 0.4798 0.2755 0.1658 0.1373 0.2961 0.5093 0.3749 0.2058 0.1420 0.1605 0.4455 0.4911 0.2727 0.1645 0.1373 0.2989 0.5089 0.3782 0.2084 0.1430 0.1565 0.4356 0.4995 0.2826 0.1686 0.1367 0.2718 0.5032 0.3976 0.2176 0.1457 0.1501 0.4156 0.5092 0.2986 0.1749 0.1366 0.2386 0.4946 0.4200 0.2285 0.1491 0.1453 0.3924 0.5143 0.3158 0.1818 0.1371 0.2078 0.4849
