0.2833 0.5011 0.4236 0.1574 0.1524 0.2256 0.4129 0.4938 0.2304 0.1441 0.1852 0.3189 0.5140 0.3743 0.1491 0.1597 0.2493 0.4577 0.4693 0.1821 0.1462 0.2000 0.3541 0.5124 0.3277 0.1458 0.1639 0.2547 0.4485 0.4906 0.3008 0.1567 0.1479 0.1475 0.1475 0.1475 0.1475 0.1475 0.1475 0.1475 0.1475 0.1475 0.1475 0.1475 0.1475 0.1475 0.1475 0.1475 0.1475 0.1475 0.1475 0.1475 0.1475 0.1475 0.1475 0.1475 0.1475 0.1475 0.1475 0.1475 0.1475 0.1475 0.1475 0.1475 0.1475 0.1475 0.1475 0.1475 0.1479 0.1567 0.3008 0.4906 0.4485 0.2547 0.1639 0.1458 0.3277 0.5124 0.3541 0.2000 0.1462 0.1821 0.4693 0.4577 0.2493 0.1597 0.1491 0.3743 0.5140 0.3189 0.1852 0.1441 0.2304 0.4938 0.4129 0.2256 0.1524 0.1574 0.4236 0.5011 0.2833
0.5011 0.4242 0.1512 0.1460 0.2212 0.4114 0.4957 0.2333 0.1368 0.1798 0.3157 0.5151 0.3784 0.1423 0.1535 0.2451 0.4567 0.4717 0.1797 0.1391 0.1953 0.3527 0.5135 0.3276 0.1383 0.1598 0.2582 0.4662 0.4766 0.2240 0.1358 0.1429 0.1513 0.1522 0.1522 0.1522 0.1522 0.1522 0.1522 0.1522 0.1522 0.1522 0.1522 0.1522 0.1522 0.1522 0.1522 0.1522 0.1522 0.1522 0.1522 0.1522 0.1522 0.1522 0.1522 0.1522 0.1522 0.1522 0.1522 0.1522 0.1522 0.1522 0.1522 0.1522 0.1522 0.1522 0.1522 0.1522 0.1513 0.1429 0.1358 0.2240 0.4766 0.4662 0.2582 0.1598 0.1383 0.3276 0.5135 0.3527 0.1953 0.1391 0.1797 0.4717 0.4567 0.2451 0.1535 0.1423 0.3784 0.5151 0.3157 0.1798 0.1368 0.2333 0.4957 0.4114 0.2212 0.1460 0.1512 0.4242 0.5011
0.4236 0.1512 0.1457 0.2195 0.4067 0.4978 0.2413 0.1367 0.1779 0.3110 0.5143 0.3855 0.1432 0.1524 0.2416 0.4508 0.4754 0.1850 0.1387 0.1932 0.3480 0.5142 0.3331 0.1386 0.1596 0.2595 0.4718 0.4686 0.1927 0.1359 0.1625 0.2150 0.2470 0.2503 0.2504 0.2504 0.2504 0.2504 0.2504 0.2504 0.2504 0.2504 0.2504 0.2504 0.2504 0.2504 0.2504 0.2504 0.2504 0.2504 0.2504 0.2504 0.2504 0.2504 0.2504 0.2504 0.2504 0.2504 0.2504 0.2504 0.2504 0.2504 0.2504 0.2504 0.2504 0.2504 0.2504 0.2503 0.2470 0.2150 0.1625 0.1359 0.1927 0.4686 0.4718 0.2595 0.1596 0.1386 0.3331 0.5142 0.3480 0.1932 0.1387 0.1850 0.4754 0.4508 0.2416 0.1524 0.1432 0.3855 0.5143 0.3110 0.1779 0.1367 0.2413 0.4978 0.4067 0.2195 0.1457 0.1512 0.4236
0.1574 0.1460 0.2195 0.4049 0.4991 0.2474 0.1366 0.1763 0.3066 0.5134 0.3921 0.1442 0.1513 0.2382 0.4448 0.4790 0.1909 0.1382 0.1910 0.3430 0.5147 0.3396 0.1389 0.1590 0.2589 0.4735 0.4645 0.1804 0.1372 0.1766 0.2714 0.4049 0.4713 0.4769 0.4771 0.4771 0.4771 0.4771 0.4771 0.4771 0.4771 0.4771 0.4771 0.4771 0.4771 0.4771 0.4771 0.4771 0.4771 0.4771 0.4771 0.4771 0.4771 0.4771 0.4771 0.4771 0.4771 0.4771 0.4771 0.4771 0.4771 0.4771 0.4771 0.4771 0.4771 0.4771 0.4771 0.4769 0.4713 0.4049 0.2714 0.1766 0.1372 0.1804 0.4645 0.4735 0.2589 0.1590 0.1389 0.3396 0.5147 0.3430 0.1910 0.1382 0.1909 0.4790 0.4448 0.2382 0.1513 0.1442 0.3921 0.5134 0.3066 0.1763 0.1366 0.2474 0.4991 0.4049 0.2195 0.1460 0.1574
0.1524 0.2212 0.4067 0.4991 0.2497 0.1366 0.1752 0.3032 0.5124 0.3979 0.1451 0.1503 0.2351 0.4388 0.4824 0.1975 0.1379 0.1889 0.3379 0.5152 0.3466 0.1394 0.1582 0.2573 0.4727 0.4634 0.1757 0.1383 0.1851 0.3057 0.4909 0.4955 0.4512 0.4445 0.4443 0.4443 0.4443 0.4443 0.4443 0.4443 0.4443 0.4443 0.4443 0.4443 0.4443 0.4443 0.4443 0.4443 0.4443 0.4443 0.4443 0.4443 0.4443 0.4443 0.4443 0.4443 0.4443 0.4443 0.4443 0.4443 0.4443 0.4443 0.4443 0.4443 0.4443 0.4443 0.4443 0.4445 0.4512 0.4955 0.4909 0.3057 0.1851 0.1383 0.1757 0.4634 0.4727 0.2573 0.1582 0.1394 0.3466 0.5152 0.3379 0.1889 0.1379 0.1975 0.4824 0.4388 0.2351 0.1503 0.1451 0.3979 0.5124 0.3032 0.1752 0.1366 0.2497 0.4991 0.4067 0.2212 0.1524
0.2256 0.4114 0.4978 0.2474 0.1366 0.1748 0.3013 0.5116 0.4023 0.1460 0.1494 0.2322 0.4332 0.4855 0.2045 0.1375 0.1868 0.3329 0.5155 0.3538 0.1399 0.1572 0.2549 0.4703 0.4640 0.1746 0.1388 0.1900 0.3255 0.5115 0.4433 0.2390 0.1590 0.1555 0.1554 0.1554 0.1554 0.1554 0.1554 0.1554 0.1554 0.1554 0.1554 0.1554 0.1554 0.1554 0.1554 0.1554 0.1554 0.1554 0.1554 0.1554 0.1554 0.1554 0.1554 0.1554 0.1554 0.1554 0.1554 0.1554 0.1554 0.1554 0.1554 0.1554 0.1554 0.1554 0.1554 0.1555 0.1590 0.2390 0.4433 0.5115 0.3255 0.1900 0.1388 0.1746 0.4640 0.4703 0.2549 0.1572 0.1399 0.3538 0.5155 0.3329 0.1868 0.1375 0.2045 0.4855 0.4332 0.2322 0.1494 0.1460 0.4023 0.5116 0.3013 0.1748 0.1366 0.2474 0.4978 0.4114 0.2256
0.4129 0.4957 0.2413 0.1366 0.1752 0.3013 0.5113 0.4047 0.1467 0.1488 0.2299 0.4282 0.4882 0.2115 0.1373 0.1848 0.3279 0.5156 0.3610 0.1405 0.1562 0.2522 0.4668 0.4659 0.1753 0.1391 0.1924 0.3365 0.5149 0.4025 0.1580 0.1350 0.1394 0.1405 0.1405 0.1405 0.1405 0.1405 0.1405 0.1405 0.1405 0.1405 0.1405 0.1405 0.1405 0.1405 0.1405 0.1405 0.1405 0.1405 0.1405 0.1405 0.1405 0.1405 0.1405 0.1405 0.1405 0.1405 0.1405 0.1405 0.1405 0.1405 0.1405 0.1405 0.1405 0.1405 0.1405 0.1405 0.1394 0.1350 0.1580 0.4025 0.5149 0.3365 0.1924 0.1391 0.1753 0.4659 0.4668 0.2522 0.1562 0.1405 0.3610 0.5156 0.3279 0.1848 0.1373 0.2115 0.4882 0.4282 0.2299 0.1488 0.1467 0.4047 0.5113 0.3013 0.1752 0.1366 0.2413 0.4957 0.4129
0.4938 0.2333 0.1367 0.1763 0.3032 0.5116 0.4047 0.1469 0.1484 0.2284 0.4245 0.4903 0.2178 0.1371 0.1830 0.3234 0.5156 0.3680 0.1412 0.1551 0.2492 0.4626 0.4685 0.1774 0.1390 0.1932 0.3418 0.5152 0.3766 0.1460 0.1409 0.1732 0.2036 0.2088 0.2091 0.2091 0.2091 0.2091 0.2091 0.2091 0.2091 0.2091 0.2091 0.2091 0.2091 0.2091 0.2091 0.2091 0.2091 0.2091 0.2091 0.2091 0.2091 0.2091 0.2091 0.2091 0.2091 0.2091 0.2091 0.2091 0.2091 0.2091 0.2091 0.2091 0.2091 0.2091 0.2091 0.2088 0.2036 0.1732 0.1409 0.1460 0.3766 0.5152 0.3418 0.1932 0.1390 0.1774 0.4685 0.4626 0.2492 0.1551 0.1412 0.3680 0.5156 0.3234 0.1830 0.1371 0.2178 0.4903 0.4245 0.2284 0.1484 0.1469 0.4047 0.5116 0.3032 0.1763 0.1367 0.2333 0.4938
0.2304 0.1368 0.1779 0.3066 0.5124 0.4023 0.1467 0.1484 0.2278 0.4225 0.4916 0.2226 0.1369 0.1815 0.3194 0.5153 0.3744 0.1419 0.1540 0.2462 0.4579 0.4715 0.1805 0.1388 0.1930 0.3434 0.5151 0.3618 0.1423 0.1469 0.2039 0.3037 0.3858 0.4000 0.4005 0.4005 0.4005 0.4005 0.4005 0.4005 0.4005 0.4005 0.4005 0.4005 0.4005 0.4005 0.4005 0.4005 0.4005 0.4005 0.4005 0.4005 0.4005 0.4005 0.4005 0.4005 0.4005 0.4005 0.4005 0.4005 0.4005 0.4005 0.4005 0.4005 0.4005 0.4005 0.4005 0.4000 0.3858 0.3037 0.2039 0.1469 0.1423 0.3618 0.5151 0.3434 0.1930 0.1388 0.1805 0.4715 0.4579 0.2462 0.1540 0.1419 0.3744 0.5153 0.3194 0.1815 0.1369 0.2226 0.4916 0.4225 0.2278 0.1484 0.1467 0.4023 0.5124 0.3066 0.1779 0.1368 0.2304
0.1441 0.1798 0.3110 0.5134 0.3979 0.1460 0.1488 0.2284 0.4225 0.4921 0.2252 0.1369 0.1804 0.3162 0.5150 0.3800 0.1426 0.1530 0.2432 0.4529 0.4745 0.1845 0.1386 0.1920 0.3427 0.5150 0.3546 0.1409 0.1510 0.2236 0.3731 0.5114 0.4997 0.4929 0.4926 0.4926 0.4926 0.4926 0.4926 0.4926 0.4926 0.4926 0.4926 0.4926 0.4926 0.4926 0.4926 0.4926 0.4926 0.4926 0.4926 0.4926 0.4926 0.4926 0.4926 0.4926 0.4926 0.4926 0.4926 0.4926 0.4926 0.4926 0.4926 0.4926 0.4926 0.4926 0.4926 0.4929 0.4997 0.5114 0.3731 0.2236 0.1510 0.1409 0.3546 0.5150 0.3427 0.1920 0.1386 0.1845 0.4745 0.4529 0.2432 0.1530 0.1426 0.3800 0.5150 0.3162 0.1804 0.1369 0.2252 0.4921 0.4225 0.2284 0.1488 0.1460 0.3979 0.5134 0.3110 0.1798 0.1441
0.1852 0.3157 0.5143 0.3921 0.1451 0.1494 0.2299 0.4245 0.4916 0.2252 0.1368 0.1799 0.3142 0.5146 0.3844 0.1432 0.1522 0.2405 0.4481 0.4775 0.1891 0.1383 0.1907 0.3405 0.5151 0.3525 0.1403 0.1534 0.2355 0.4130 0.5082 0.3936 0.2481 0.2179 0.2169 0.2169 0.2169 0.2169 0.2169 0.2169 0.2169 0.2169 0.2169 0.2169 0.2169 0.2169 0.2169 0.2169 0.2169 0.2169 0.2169 0.2169 0.2169 0.2169 0.2169 0.2169 0.2169 0.2169 0.2169 0.2169 0.2169 0.2169 0.2169 0.2169 0.2169 0.2169 0.2169 0.2179 0.2481 0.3936 0.5082 0.4130 0.2355 0.1534 0.1403 0.3525 0.5151 0.3405 0.1907 0.1383 0.1891 0.4775 0.4481 0.2405 0.1522 0.1432 0.3844 0.5146 0.3142 0.1799 0.1368 0.2252 0.4916 0.4245 0.2299 0.1494 0.1451 0.3921 0.5143 0.3157 0.1852
0.3189 0.5151 0.3855 0.1442 0.1503 0.2322 0.4282 0.4903 0.2226 0.1369 0.1799 0.3134 0.5144 0.3872 0.1437 0.1515 0.2383 0.4439 0.4801 0.1938 0.1380 0.1893 0.3375 0.5153 0.3535 0.1402 0.1547 0.2422 0.4351 0.4960 0.2995 0.1430 0.1349 0.1351 0.1352 0.1352 0.1352 0.1352 0.1352 0.1352 0.1352 0.1352 0.1352 0.1352 0.1352 0.1352 0.1352 0.1352 0.1352 0.1352 0.1352 0.1352 0.1352 0.1352 0.1352 0.1352 0.1352 0.1352 0.1352 0.1352 0.1352 0.1352 0.1352 0.1352 0.1352 0.1352 0.1352 0.1351 0.1349 0.1430 0.2995 0.4960 0.4351 0.2422 0.1547 0.1402 0.3535 0.5153 0.3375 0.1893 0.1380 0.1938 0.4801 0.4439 0.2383 0.1515 0.1437 0.3872 0.5144 0.3134 0.1799 0.1369 0.2226 0.4903 0.4282 0.2322 0.1503 0.1442 0.3855 0.5151 0.3189
0.5140 0.3784 0.1432 0.1513 0.2351 0.4332 0.4882 0.2178 0.1369 0.1804 0.3142 0.5144 0.3882 0.1440 0.1511 0.2367 0.4404 0.4823 0.1984 0.1377 0.1878 0.3342 0.5155 0.3564 0.1404 0.1551 0.2456 0.4467 0.4866 0.2431 0.1361 0.1477 0.1716 0.1784 0.1788 0.1788 0.1788 0.1788 0.1788 0.1788 0.1788 0.1788 0.1788 0.1788 0.1788 0.1788 0.1788 0.1788 0.1788 0.1788 0.1788 0.1788 0.1788 0.1788 0.1788 0.1788 0.1788 0.1788 0.1788 0.1788 0.1788 0.1788 0.1788 0.1788 0.1788 0.1788 0.1788 0.1784 0.1716 0.1477 0.1361 0.2431 0.4866 0.4467 0.2456 0.1551 0.1404 0.3564 0.5155 0.3342 0.1878 0.1377 0.1984 0.4823 0.4404 0.2367 0.1511 0.1440 0.3882 0.5144 0.3142 0.1804 0.1369 0.2178 0.4882 0.4332 0.2351 0.1513 0.1432 0.3784 0.5140
0.3743 0.1423 0.1524 0.2382 0.4388 0.4855 0.2115 0.1371 0.1815 0.3162 0.5146 0.3872 0.1440 0.1510 0.2359 0.4382 0.4838 0.2023 0.1376 0.1865 0.3310 0.5156 0.3603 0.1406 0.1551 0.2468 0.4523 0.4807 0.2140 0.1359 0.1629 0.2301 0.3041 0.3251 0.3262 0.3262 0.3262 0.3262 0.3262 0.3262 0.3262 0.3262 0.3262 0.3262 0.3262 0.3262 0.3262 0.3262 0.3262 0.3262 0.3262 0.3262 0.3262 0.3262 0.3262 0.3262 0.3262 0.3262 0.3262 0.3262 0.3262 0.3262 0.3262 0.3262 0.3262 0.3262 0.3262 0.3251 0.3041 0.2301 0.1629 0.1359 0.2140 0.4807 0.4523 0.2468 0.1551 0.1406 0.3603 0.5156 0.3310 0.1865 0.1376 0.2023 0.4838 0.4382 0.2359 0.1510 0.1440 0.3872 0.5146 0.3162 0.1815 0.1371 0.2115 0.4855 0.4388 0.2382 0.1524 0.1423 0.3743
0.1491 0.1535 0.2416 0.4448 0.4824 0.2045 0.1373 0.1830 0.3194 0.5150 0.3844 0.1437 0.1511 0.2359 0.4374 0.4846 0.2049 0.1374 0.1855 0.3283 0.5156 0.3642 0.1410 0.1548 0.2466 0.4543 0.4775 0.2001 0.1365 0.1734 0.2718 0.4323 0.5121 0.5128 0.5127 0.5127 0.5127 0.5127 0.5127 0.5127 0.5127 0.5127 0.5127 0.5127 0.5127 0.5127 0.5127 0.5127 0.5127 0.5127 0.5127 0.5127 0.5127 0.5127 0.5127 0.5127 0.5127 0.5127 0.5127 0.5127 0.5127 0.5127 0.5127 0.5127 0.5127 0.5127 0.5127 0.5128 0.5121 0.4323 0.2718 0.1734 0.1365 0.2001 0.4775 0.4543 0.2466 0.1548 0.1410 0.3642 0.5156 0.3283 0.1855 0.1374 0.2049 0.4846 0.4374 0.2359 0.1511 0.1437 0.3844 0.5150 0.3194 0.1830 0.1373 0.2045 0.4824 0.4448 0.2416 0.1535 0.1491
0.1597 0.2451 0.4508 0.4790 0.1975 0.1375 0.1848 0.3234 0.5153 0.3800 0.1432 0.1515 0.2367 0.4382 0.4846 0.2058 0.1374 0.1848 0.3262 0.5156 0.3678 0.1413 0.1543 0.2458 0.4542 0.4763 0.1939 0.1371 0.1799 0.2975 0.4911 0.4844 0.3792 0.3341 0.3316 0.3315 0.3315 0.3315 0.3315 0.3315 0.3315 0.3315 0.3315 0.3315 0.3315 0.3315 0.3315 0.3315 0.3315 0.3315 0.3315 0.3315 0.3315 0.3315 0.3315 0.3315 0.3315 0.3315 0.3315 0.3315 0.3315 0.3315 0.3315 0.3315 0.3315 0.3315 0.3316 0.3341 0.3792 0.4844 0.4911 0.2975 0.1799 0.1371 0.1939 0.4763 0.4542 0.2458 0.1543 0.1413 0.3678 0.5156 0.3262 0.1848 0.1374 0.2058 0.4846 0.4382 0.2367 0.1515 0.1432 0.3800 0.5153 0.3234 0.1848 0.1375 0.1975 0.4790 0.4508 0.2451 0.1597
0.2493 0.4567 0.4754 0.1909 0.1379 0.1868 0.3279 0.5156 0.3744 0.1426 0.1522 0.2383 0.4404 0.4838 0.2049 0.1374 0.1846 0.3252 0.5156 0.3705 0.1417 0.1539 0.2447 0.4531 0.4763 0.1915 0.1375 0.1838 0.3131 0.5089 0.4433 0.2060 0.1406 0.1371 0.1370 0.1370 0.1370 0.1370 0.1370 0.1370 0.1370 0.1370 0.1370 0.1370 0.1370 0.1370 0.1370 0.1370 0.1370 0.1370 0.1370 0.1370 0.1370 0.1370 0.1370 0.1370 0.1370 0.1370 0.1370 0.1370 0.1370 0.1370 0.1370 0.1370 0.1370 0.1370 0.1370 0.1371 0.1406 0.2060 0.4433 0.5089 0.3131 0.1838 0.1375 0.1915 0.4763 0.4531 0.2447 0.1539 0.1417 0.3705 0.5156 0.3252 0.1846 0.1374 0.2049 0.4838 0.4404 0.2383 0.1522 0.1426 0.3744 0.5156 0.3279 0.1868 0.1379 0.1909 0.4754 0.4567 0.2493
0.4577 0.4717 0.1850 0.1382 0.1889 0.3329 0.5156 0.3680 0.1419 0.1530 0.2405 0.4439 0.4823 0.2023 0.1374 0.1848 0.3252 0.5155 0.3718 0.1419 0.1536 0.2437 0.4517 0.4768 0.1912 0.1377 0.1860 0.3221 0.5136 0.4126 0.1582 0.1359 0.1497 0.1568 0.1574 0.1574 0.1574 0.1574 0.1574 0.1574 0.1574 0.1574 0.1574 0.1574 0.1574 0.1574 0.1574 0.1574 0.1574 0.1574 0.1574 0.1574 0.1574 0.1574 0.1574 0.1574 0.1574 0.1574 0.1574 0.1574 0.1574 0.1574 0.1574 0.1574 0.1574 0.1574 0.1574 0.1568 0.1497 0.1359 0.1582 0.4126 0.5136 0.3221 0.1860 0.1377 0.1912 0.4768 0.4517 0.2437 0.1536 0.1419 0.3718 0.5155 0.3252 0.1848 0.1374 0.2023 0.4823 0.4439 0.2405 0.1530 0.1419 0.3680 0.5156 0.3329 0.1889 0.1382 0.1850 0.4717 0.4577
0.4693 0.1797 0.1387 0.1910 0.3379 0.5155 0.3610 0.1412 0.1540 0.2432 0.4481 0.4801 0.1984 0.1376 0.1855 0.3262 0.5156 0.3718 0.1420 0.1534 0.2430 0.4504 0.4775 0.1918 0.1378 0.1870 0.3271 0.5150 0.3926 0.1483 0.1412 0.1812 0.2395 0.2645 0.2663 0.2663 0.2663 0.2663 0.2663 0.2663 0.2663 0.2663 0.2663 0.2663 0.2663 0.2663 0.2663 0.2663 0.2663 0.2663 0.2663 0.2663 0.2663 0.2663 0.2663 0.2663 0.2663 0.2663 0.2663 0.2663 0.2663 0.2663 0.2663 0.2663 0.2663 0.2663 0.2663 0.2645 0.2395 0.1812 0.1412 0.1483 0.3926 0.5150 0.3271 0.1870 0.1378 0.1918 0.4775 0.4504 0.2430 0.1534 0.1420 0.3718 0.5156 0.3262 0.1855 0.1376 0.1984 0.4801 0.4481 0.2432 0.1540 0.1412 0.3610 0.5155 0.3379 0.1910 0.1387 0.1797 0.4693
0.1821 0.1391 0.1932 0.3430 0.5152 0.3538 0.1405 0.1551 0.2462 0.4529 0.4775 0.1938 0.1377 0.1865 0.3283 0.5156 0.3705 0.1419 0.1534 0.2427 0.4496 0.4780 0.1925 0.1378 0.1874 0.3296 0.5154 0.3803 0.1446 0.1458 0.2047 0.3222 0.4550 0.4931 0.4950 0.4950 0.4950 0.4950 0.4950 0.4950 0.4950 0.4950 0.4950 0.4950 0.4950 0.4950 0.4950 0.4950 0.4950 0.4950 0.4950 0.4950 0.4950 0.4950 0.4950 0.4950 0.4950 0.4950 0.4950 0.4950 0.4950 0.4950 0.4950 0.4950 0.4950 0.4950 0.4950 0.4931 0.4550 0.3222 0.2047 0.1458 0.1446 0.3803 0.5154 0.3296 0.1874 0.1378 0.1925 0.4780 0.4496 0.2427 0.1534 0.1419 0.3705 0.5156 0.3283 0.1865 0.1377 0.1938 0.4775 0.4529 0.2462 0.1551 0.1405 0.3538 0.5152 0.3430 0.1932 0.1391 0.1821
0.1462 0.1953 0.3480 0.5147 0.3466 0.1399 0.1562 0.2492 0.4579 0.4745 0.1891 0.1380 0.1878 0.3310 0.5156 0.3678 0.1417 0.1536 0.2430 0.4496 0.4782 0.1930 0.1378 0.1875 0.3308 0.5155 0.3732 0.1429 0.1490 0.2199 0.3743 0.5140 0.4681 0.4270 0.4235 0.4234 0.4234 0.4234 0.4234 0.4234 0.4234 0.4234 0.4234 0.4234 0.4234 0.4234 0.4234 0.4234 0.4234 0.4234 0.4234 0.4234 0.4234 0.4234 0.4234 0.4234 0.4234 0.4234 0.4234 0.4234 0.4234 0.4234 0.4234 0.4234 0.4234 0.4234 0.4235 0.4270 0.4681 0.5140 0.3743 0.2199 0.1490 0.1429 0.3732 0.5155 0.3308 0.1875 0.1378 0.1930 0.4782 0.4496 0.2430 0.1536 0.1417 0.3678 0.5156 0.3310 0.1878 0.1380 0.1891 0.4745 0.4579 0.2492 0.1562 0.1399 0.3466 0.5147 0.3480 0.1953 0.1462
0.2000 0.3527 0.5142 0.3396 0.1394 0.1572 0.2522 0.4626 0.4715 0.1845 0.1383 0.1893 0.3342 0.5156 0.3642 0.1413 0.1539 0.2437 0.4504 0.4780 0.1930 0.1378 0.1876 0.3312 0.5155 0.3693 0.1421 0.1510 0.2295 0.4055 0.5083 0.3716 0.1747 0.1497 0.1488 0.1488 0.1488 0.1488 0.1488 0.1488 0.1488 0.1488 0.1488 0.1488 0.1488 0.1488 0.1488 0.1488 0.1488 0.1488 0.1488 0.1488 0.1488 0.1488 0.1488 0.1488 0.1488 0.1488 0.1488 0.1488 0.1488 0.1488 0.1488 0.1488 0.1488 0.1488 0.1488 0.1497 0.1747 0.3716 0.5083 0.4055 0.2295 0.1510 0.1421 0.3693 0.5155 0.3312 0.1876 0.1378 0.1930 0.4780 0.4504 0.2437 0.1539 0.1413 0.3642 0.5156 0.3342 0.1893 0.1383 0.1845 0.4715 0.4626 0.2522 0.1572 0.1394 0.3396 0.5142 0.3527 0.2000
0.3541 0.5135 0.3331 0.1389 0.1582 0.2549 0.4668 0.4685 0.1805 0.1386 0.1907 0.3375 0.5155 0.3603 0.1410 0.1543 0.2447 0.4517 0.4775 0.1925 0.1378 0.1876 0.3313 0.5156 0.3675 0.1417 0.1522 0.2352 0.4238 0.4991 0.2987 0.1404 0.1372 0.1424 0.1430 0.1430 0.1430 0.1430 0.1430 0.1430 0.1430 0.1430 0.1430 0.1430 0.1430 0.1430 0.1430 0.1430 0.1430 0.1430 0.1430 0.1430 0.1430 0.1430 0.1430 0.1430 0.1430 0.1430 0.1430 0.1430 0.1430 0.1430 0.1430 0.1430 0.1430 0.1430 0.1430 0.1424 0.1372 0.1404 0.2987 0.4991 0.4238 0.2352 0.1522 0.1417 0.3675 0.5156 0.3313 0.1876 0.1378 0.1925 0.4775 0.4517 0.2447 0.1543 0.1410 0.3603 0.5155 0.3375 0.1907 0.1386 0.1805 0.4685 0.4668 0.2549 0.1582 0.1389 0.3331 0.5135 0.3541
0.5124 0.3276 0.1386 0.1590 0.2573 0.4703 0.4659 0.1774 0.1388 0.1920 0.3405 0.5153 0.3564 0.1406 0.1548 0.2458 0.4531 0.4768 0.1918 0.1378 0.1875 0.3312 0.5156 0.3670 0.1416 0.1528 0.2385 0.4342 0.4920 0.2546 0.1363 0.1511 0.1909 0.2154 0.2180 0.2181 0.2181 0.2181 0.2181 0.2181 0.2181 0.2181 0.2181 0.2181 0.2181 0.2181 0.2181 0.2181 0.2181 0.2181 0.2181 0.2181 0.2181 0.2181 0.2181 0.2181 0.2181 0.2181 0.2181 0.2181 0.2181 0.2181 0.2181 0.2181 0.2181 0.2181 0.2180 0.2154 0.1909 0.1511 0.1363 0.2546 0.4920 0.4342 0.2385 0.1528 0.1416 0.3670 0.5156 0.3312 0.1875 0.1378 0.1918 0.4768 0.4531 0.2458 0.1548 0.1406 0.3564 0.5153 0.3405 0.1920 0.1388 0.1774 0.4659 0.4703 0.2573 0.1590 0.1386 0.3276 0.5124
0.3277 0.1383 0.1596 0.2589 0.4727 0.4640 0.1753 0.1390 0.1930 0.3427 0.5151 0.3535 0.1404 0.1551 0.2466 0.4542 0.4763 0.1912 0.1378 0.1874 0.3308 0.5155 0.3675 0.1416 0.1530 0.2399 0.4395 0.4875 0.2305 0.1359 0.1628 0.2386 0.3488 0.4103 0.4164 0.4166 0.4166 0.4166 0.4166 0.4166 0.4166 0.4166 0.4166 0.4166 0.4166 0.4166 0.4166 0.4166 0.4166 0.4166 0.4166 0.4166 0.4166 0.4166 0.4166 0.4166 0.4166 0.4166 0.4166 0.4166 0.4166 0.4166 0.4166 0.4166 0.4166 0.4166 0.4164 0.4103 0.3488 0.2386 0.1628 0.1359 0.2305 0.4875 0.4395 0.2399 0.1530 0.1416 0.3675 0.5155 0.3308 0.1874 0.1378 0.1912 0.4763 0.4542 0.2466 0.1551 0.1404 0.3535 0.5151 0.3427 0.1930 0.1390 0.1753 0.4640 0.4727 0.2589 0.1596 0.1383 0.3277
0.1458 0.1598 0.2595 0.4735 0.4634 0.1746 0.1391 0.1932 0.3434 0.5150 0.3525 0.1402 0.1551 0.2468 0.4543 0.4763 0.1915 0.1377 0.1870 0.3296 0.5155 0.3693 0.1417 0.1528 0.2399 0.4411 0.4854 0.2187 0.1361 0.1703 0.2692 0.4429 0.5117 0.4910 0.4877 0.4876 0.4876 0.4876 0.4876 0.4876 0.4876 0.4876 0.4876 0.4876 0.4876 0.4876 0.4876 0.4876 0.4876 0.4876 0.4876 0.4876 0.4876 0.4876 0.4876 0.4876 0.4876 0.4876 0.4876 0.4876 0.4876 0.4876 0.4876 0.4876 0.4876 0.4876 0.4877 0.4910 0.5117 0.4429 0.2692 0.1703 0.1361 0.2187 0.4854 0.4411 0.2399 0.1528 0.1417 0.3693 0.5155 0.3296 0.1870 0.1377 0.1915 0.4763 0.4543 0.2468 0.1551 0.1402 0.3525 0.5150 0.3434 0.1932 0.1391 0.1746 0.4634 0.4735 0.2595 0.1598 0.1458
0.1639 0.2582 0.4718 0.4645 0.1757 0.1388 0.1924 0.3418 0.5151 0.3546 0.1403 0.1547 0.2456 0.4523 0.4775 0.1939 0.1375 0.1860 0.3271 0.5154 0.3732 0.1421 0.1522 0.2385 0.4395 0.4854 0.2153 0.1363 0.1744 0.2867 0.4848 0.4821 0.3340 0.2242 0.2129 0.2126 0.2126 0.2126 0.2126 0.2126 0.2126 0.2126 0.2126 0.2126 0.2126 0.2126 0.2126 0.2126 0.2126 0.2126 0.2126 0.2126 0.2126 0.2126 0.2126 0.2126 0.2126 0.2126 0.2126 0.2126 0.2126 0.2126 0.2126 0.2126 0.2126 0.2126 0.2129 0.2242 0.3340 0.4821 0.4848 0.2867 0.1744 0.1363 0.2153 0.4854 0.4395 0.2385 0.1522 0.1421 0.3732 0.5154 0.3271 0.1860 0.1375 0.1939 0.4775 0.4523 0.2456 0.1547 0.1403 0.3546 0.5151 0.3418 0.1924 0.1388 0.1757 0.4645 0.4718 0.2582 0.1639
0.2547 0.4662 0.4686 0.1804 0.1383 0.1900 0.3365 0.5152 0.3618 0.1409 0.1534 0.2422 0.4467 0.4807 0.2001 0.1371 0.1838 0.3221 0.5150 0.3803 0.1429 0.1510 0.2352 0.4342 0.4875 0.2187 0.1363 0.1757 0.2947 0.4995 0.4557 0.2107 0.1373 0.1345 0.1346 0.1346 0.1346 0.1346 0.1346 0.1346 0.1346 0.1346 0.1346 0.1346 0.1346 0.1346 0.1346 0.1346 0.1346 0.1346 0.1346 0.1346 0.1346 0.1346 0.1346 0.1346 0.1346 0.1346 0.1346 0.1346 0.1346 0.1346 0.1346 0.1346 0.1346 0.1346 0.1346 0.1345 0.1373 0.2107 0.4557 0.4995 0.2947 0.1757 0.1363 0.2187 0.4875 0.4342 0.2352 0.1510 0.1429 0.3803 0.5150 0.3221 0.1838 0.1371 0.2001 0.4807 0.4467 0.2422 0.1534 0.1409 0.3618 0.5152 0.3365 0.1900 0.1383 0.1804 0.4686 0.4662 0.2547
0.4485 0.4766 0.1927 0.1372 0.1851 0.3255 0.5149 0.3766 0.1423 0.1510 0.2355 0.4351 0.4866 0.2140 0.1365 0.1799 0.3131 0.5136 0.3926 0.1446 0.1490 0.2295 0.4238 0.4920 0.2305 0.1361 0.1744 0.2947 0.5029 0.4421 0.1726 0.1352 0.1514 0.1672 0.1694 0.1695 0.1695 0.1695 0.1695 0.1695 0.1695 0.1695 0.1695 0.1695 0.1695 0.1695 0.1695 0.1695 0.1695 0.1695 0.1695 0.1695 0.1695 0.1695 0.1695 0.1695 0.1695 0.1695 0.1695 0.1695 0.1695 0.1695 0.1695 0.1695 0.1695 0.1695 0.1694 0.1672 0.1514 0.1352 0.1726 0.4421 0.5029 0.2947 0.1744 0.1361 0.2305 0.4920 0.4238 0.2295 0.1490 0.1446 0.3926 0.5136 0.3131 0.1799 0.1365 0.2140 0.4866 0.4351 0.2355 0.1510 0.1423 0.3766 0.5149 0.3255 0.1851 0.1372 0.1927 0.4766 0.4485
0.4906 0.2240 0.1359 0.1766 0.3057 0.5115 0.4025 0.1460 0.1469 0.2236 0.4130 0.4960 0.2431 0.1359 0.1734 0.2975 0.5089 0.4126 0.1483 0.1458 0.2199 0.4055 0.4991 0.2546 0.1359 0.1703 0.2867 0.4995 0.4421 0.1660 0.1368 0.1693 0.2309 0.2744 0.2802 0.2804 0.2804 0.2804 0.2804 0.2804 0.2804 0.2804 0.2804 0.2804 0.2804 0.2804 0.2804 0.2804 0.2804 0.2804 0.2804 0.2804 0.2804 0.2804 0.2804 0.2804 0.2804 0.2804 0.2804 0.2804 0.2804 0.2804 0.2804 0.2804 0.2804 0.2804 0.2802 0.2744 0.2309 0.1693 0.1368 0.1660 0.4421 0.4995 0.2867 0.1703 0.1359 0.2546 0.4991 0.4055 0.2199 0.1458 0.1483 0.4126 0.5089 0.2975 0.1734 0.1359 0.2431 0.4960 0.4130 0.2236 0.1469 0.1460 0.4025 0.5115 0.3057 0.1766 0.1359 0.2240 0.4906
0.3008 0.1358 0.1625 0.2714 0.4909 0.4433 0.1580 0.1409 0.2039 0.3731 0.5082 0.2995 0.1361 0.1629 0.2718 0.4911 0.4433 0.1582 0.1412 0.2047 0.3743 0.5083 0.2987 0.1363 0.1628 0.2692 0.4848 0.4557 0.1726 0.1368 0.1754 0.2681 0.3985 0.4672 0.4738 0.4740 0.4740 0.4740 0.4740 0.4740 0.4740 0.4740 0.4740 0.4740 0.4740 0.4740 0.4740 0.4740 0.4740 0.4740 0.4740 0.4740 0.4740 0.4740 0.4740 0.4740 0.4740 0.4740 0.4740 0.4740 0.4740 0.4740 0.4740 0.4740 0.4740 0.4740 0.4738 0.4672 0.3985 0.2681 0.1754 0.1368 0.1726 0.4557 0.4848 0.2692 0.1628 0.1363 0.2987 0.5083 0.3743 0.2047 0.1412 0.1582 0.4433 0.4911 0.2718 0.1629 0.1361 0.2995 0.5082 0.3731 0.2039 0.1409 0.1580 0.4433 0.4909 0.2714 0.1625 0.1358 0.3008
0.1567 0.1429 0.2150 0.4049 0.4955 0.2389 0.1350 0.1732 0.3037 0.5114 0.3936 0.1430 0.1477 0.2301 0.4323 0.4844 0.2059 0.1359 0.1812 0.3222 0.5140 0.3715 0.1404 0.1511 0.2386 0.4429 0.4821 0.2106 0.1352 0.1693 0.2681 0.4380 0.5112 0.4979 0.4958 0.4957 0.4957 0.4957 0.4957 0.4957 0.4957 0.4957 0.4957 0.4957 0.4957 0.4957 0.4957 0.4957 0.4957 0.4957 0.4957 0.4957 0.4957 0.4957 0.4957 0.4957 0.4957 0.4957 0.4957 0.4957 0.4957 0.4957 0.4957 0.4957 0.4957 0.4957 0.4958 0.4980 0.5112 0.4380 0.2681 0.1693 0.1352 0.2107 0.4821 0.4429 0.2386 0.1511 0.1404 0.3716 0.5140 0.3222 0.1812 0.1359 0.2060 0.4844 0.4323 0.2301 0.1477 0.1430 0.3936 0.5114 0.3037 0.1732 0.1350 0.2390 0.4955 0.4049 0.2150 0.1429 0.1567
0.1479 0.1514 0.2472 0.4717 0.4509 0.1588 0.1394 0.2038 0.3862 0.4996 0.2476 0.1349 0.1717 0.3044 0.5121 0.3789 0.1405 0.1498 0.2396 0.4552 0.4680 0.1746 0.1372 0.1910 0.3489 0.5116 0.3338 0.1373 0.1515 0.2310 0.3987 0.5112 0.4708 0.4500 0.4486 0.4486 0.4486 0.4486 0.4486 0.4486 0.4486 0.4486 0.4486 0.4486 0.4486 0.4486 0.4486 0.4487 0.4487 0.4487 0.4488 0.4488 0.4489 0.4489 0.4489 0.4490 0.4490 0.4490 0.4490 0.4490 0.4490 0.4490 0.4490 0.4490 0.4490 0.4490 0.4490 0.4504 0.4710 0.5112 0.3985 0.2309 0.1514 0.1373 0.3340 0.5117 0.3488 0.1909 0.1372 0.1747 0.4681 0.4550 0.2395 0.1497 0.1406 0.3792 0.5121 0.3041 0.1716 0.1349 0.2481 0.4997 0.3858 0.2036 0.1394 0.1590 0.4512 0.4713 0.2470 0.1513 0.1479
0.1474 0.1524 0.2511 0.4780 0.4434 0.1551 0.1406 0.2094 0.4012 0.4923 0.2163 0.1351 0.1788 0.3261 0.5127 0.3325 0.1371 0.1571 0.2652 0.4937 0.4261 0.1494 0.1425 0.2159 0.4114 0.4905 0.2229 0.1346 0.1675 0.2752 0.4682 0.4976 0.4493 0.4402 0.4399 0.4399 0.4399 0.4399 0.4399 0.4399 0.4399 0.4399 0.4399 0.4399 0.4399 0.4399 0.4400 0.4400 0.4401 0.4403 0.4404 0.4406 0.4407 0.4408 0.4409 0.4410 0.4410 0.4410 0.4410 0.4410 0.4411 0.4411 0.4411 0.4411 0.4411 0.4411 0.4411 0.4414 0.4504 0.4980 0.4672 0.2744 0.1672 0.1345 0.2242 0.4910 0.4103 0.2154 0.1424 0.1497 0.4270 0.4931 0.2645 0.1568 0.1371 0.3341 0.5128 0.3251 0.1784 0.1351 0.2179 0.4929 0.4000 0.2088 0.1405 0.1555 0.4445 0.4769 0.2503 0.1522 0.1475
0.1472 0.1528 0.2523 0.4796 0.4419 0.1544 0.1408 0.2104 0.4035 0.4913 0.2129 0.1352 0.1797 0.3287 0.5125 0.3276 0.1368 0.1580 0.2681 0.4966 0.4209 0.1481 0.1434 0.2193 0.4192 0.4863 0.2093 0.1347 0.1702 0.2822 0.4762 0.4947 0.4466 0.4384 0.4381 0.4381 0.4381 0.4381 0.4381 0.4381 0.4381 0.4381 0.4381 0.4382 0.4382 0.4383 0.4384 0.4385 0.4387 0.4390 0.4394 0.4397 0.4400 0.4403 0.4405 0.4406 0.4407 0.4407 0.4408 0.4408 0.4408 0.4408 0.4408 0.4408 0.4408 0.4408 0.4408 0.4411 0.4490 0.4958 0.4738 0.2802 0.1694 0.1346 0.2129 0.4877 0.4164 0.2180 0.1430 0.1488 0.4235 0.4950 0.2663 0.1574 0.1370 0.3316 0.5127 0.3262 0.1788 0.1352 0.2169 0.4926 0.4005 0.2091 0.1405 0.1554 0.4443 0.4771 0.2504 0.1522 0.1475
0.1468 0.1534 0.2542 0.4821 0.4391 0.1534 0.1412 0.2119 0.4068 0.4898 0.2087 0.1353 0.1808 0.3315 0.5122 0.3232 0.1366 0.1588 0.2704 0.4984 0.4177 0.1474 0.1438 0.2210 0.4226 0.4847 0.2050 0.1348 0.1712 0.2847 0.4790 0.4934 0.4440 0.4356 0.4353 0.4353 0.4353 0.4353 0.4353 0.4353 0.4353 0.4353 0.4354 0.4354 0.4354 0.4356 0.4358 0.4361 0.4366 0.4372 0.4379 0.4386 0.4393 0.4398 0.4402 0.4405 0.4406 0.4407 0.4407 0.4408 0.4408 0.4408 0.4408 0.4408 0.4408 0.4408 0.4408 0.4411 0.4490 0.4957 0.4740 0.2804 0.1695 0.1346 0.2126 0.4876 0.4166 0.2181 0.1430 0.1488 0.4234 0.4950 0.2663 0.1574 0.1370 0.3315 0.5127 0.3262 0.1788 0.1352 0.2169 0.4926 0.4005 0.2091 0.1405 0.1554 0.4443 0.4771 0.2504 0.1522 0.1475
0.1463 0.1545 0.2577 0.4864 0.4345 0.1518 0.1419 0.2145 0.4124 0.4872 0.2019 0.1355 0.1827 0.3364 0.5116 0.3153 0.1363 0.1600 0.2741 0.5012 0.4124 0.1462 0.1446 0.2237 0.4282 0.4818 0.1985 0.1349 0.1729 0.2888 0.4833 0.4911 0.4394 0.4307 0.4303 0.4303 0.4303 0.4303 0.4303 0.4303 0.4304 0.4304 0.4304 0.4304 0.4305 0.4308 0.4311 0.4318 0.4327 0.4339 0.4353 0.4367 0.4379 0.4390 0.4397 0.4402 0.4405 0.4406 0.4407 0.4407 0.4408 0.4408 0.4408 0.4408 0.4408 0.4408 0.4408 0.4411 0.4490 0.4957 0.4740 0.2804 0.1695 0.1346 0.2126 0.4876 0.4166 0.2181 0.1430 0.1488 0.4234 0.4950 0.2663 0.1574 0.1370 0.3315 0.5127 0.3262 0.1788 0.1352 0.2169 0.4926 0.4005 0.2091 0.1405 0.1554 0.4443 0.4771 0.2504 0.1522 0.1475
0.1455 0.1564 0.2634 0.4925 0.4266 0.1494 0.1430 0.2188 0.4215 0.4827 0.1918 0.1359 0.1858 0.3443 0.5103 0.3027 0.1358 0.1622 0.2802 0.5049 0.4036 0.1445 0.1459 0.2282 0.4370 0.4770 0.1889 0.1352 0.1755 0.2953 0.4895 0.4871 0.4317 0.4223 0.4220 0.4220 0.4220 0.4220 0.4220 0.4220 0.4220 0.4221 0.4221 0.4222 0.4224 0.4228 0.4235 0.4247 0.4264 0.4286 0.4311 0.4336 0.4359 0.4376 0.4389 0.4398 0.4403 0.4405 0.4407 0.4407 0.4408 0.4408 0.4408 0.4408 0.4408 0.4408 0.4408 0.4411 0.4490 0.4957 0.4740 0.2804 0.1695 0.1346 0.2126 0.4876 0.4166 0.2181 0.1430 0.1488 0.4234 0.4950 0.2663 0.1574 0.1370 0.3315 0.5127 0.3262 0.1788 0.1352 0.2169 0.4926 0.4005 0.2091 0.1405 0.1554 0.4443 0.4771 0.2504 0.1522 0.1475
0.1445 0.1593 0.2721 0.4999 0.4144 0.1465 0.1447 0.2253 0.4346 0.4756 0.1796 0.1366 0.1904 0.3562 0.5077 0.2838 0.1353 0.1654 0.2895 0.5090 0.3900 0.1424 0.1479 0.2350 0.4495 0.4695 0.1776 0.1357 0.1796 0.3052 0.4971 0.4809 0.4197 0.4095 0.4091 0.4091 0.4091 0.4091 0.4091 0.4091 0.4091 0.4091 0.4092 0.4094 0.4098 0.4105 0.4118 0.4140 0.4170 0.4208 0.4250 0.4292 0.4329 0.4358 0.4379 0.4392 0.4400 0.4404 0.4406 0.4407 0.4407 0.4408 0.4408 0.4408 0.4408 0.4408 0.4408 0.4411 0.4490 0.4957 0.4740 0.2804 0.1695 0.1346 0.2126 0.4876 0.4166 0.2181 0.1430 0.1488 0.4234 0.4950 0.2663 0.1574 0.1370 0.3315 0.5127 0.3262 0.1788 0.1352 0.2169 0.4926 0.4005 0.2091 0.1405 0.1554 0.4443 0.4771 0.2504 0.1522 0.1475
0.1436 0.1635 0.2844 0.5071 0.3966 0.1432 0.1474 0.2345 0.4518 0.4647 0.1677 0.1379 0.1972 0.3726 0.5031 0.2580 0.1350 0.1701 0.3025 0.5121 0.3703 0.1400 0.1508 0.2447 0.4655 0.4581 0.1664 0.1368 0.1854 0.3190 0.5046 0.4713 0.4021 0.3906 0.3902 0.3902 0.3902 0.3902 0.3902 0.3902 0.3902 0.3903 0.3904 0.3907 0.3914 0.3927 0.3950 0.3986 0.4037 0.4100 0.4168 0.4234 0.4290 0.4334 0.4365 0.4385 0.4396 0.4402 0.4405 0.4407 0.4407 0.4408 0.4408 0.4408 0.4408 0.4408 0.4408 0.4411 0.4490 0.4957 0.4740 0.2804 0.1695 0.1346 0.2126 0.4876 0.4166 0.2181 0.1430 0.1488 0.4234 0.4950 0.2663 0.1574 0.1370 0.3315 0.5127 0.3262 0.1788 0.1352 0.2169 0.4926 0.4005 0.2091 0.1405 0.1554 0.4443 0.4771 0.2504 0.1522 0.1475
0.1429 0.1694 0.3007 0.5119 0.3720 0.1401 0.1511 0.2468 0.4718 0.4493 0.1577 0.1398 0.2062 0.3938 0.4955 0.2265 0.1350 0.1765 0.3198 0.5131 0.3435 0.1378 0.1549 0.2575 0.4834 0.4420 0.1569 0.1385 0.1932 0.3372 0.5099 0.4575 0.3777 0.3646 0.3641 0.3641 0.3641 0.3641 0.3641 0.3641 0.3641 0.3642 0.3644 0.3649 0.3661 0.3683 0.3722 0.3783 0.3865 0.3964 0.4068 0.4164 0.4245 0.4306 0.4349 0.4376 0.4392 0.4400 0.4404 0.4406 0.4407 0.4407 0.4408 0.4408 0.4408 0.4408 0.4408 0.4411 0.4490 0.4957 0.4740 0.2804 0.1695 0.1346 0.2126 0.4876 0.4166 0.2181 0.1430 0.1488 0.4234 0.4950 0.2663 0.1574 0.1370 0.3315 0.5127 0.3262 0.1788 0.1352 0.2169 0.4926 0.4005 0.2091 0.1405 0.1554 0.4443 0.4771 0.2504 0.1522 0.1475
0.1427 0.1770 0.3215 0.5130 0.3396 0.1375 0.1562 0.2626 0.4915 0.4281 0.1498 0.1427 0.2179 0.4194 0.4839 0.1943 0.1358 0.1848 0.3415 0.5108 0.3091 0.1360 0.1605 0.2739 0.4994 0.4203 0.1494 0.1410 0.2034 0.3600 0.5116 0.4385 0.3457 0.3306 0.3301 0.3301 0.3301 0.3301 0.3301 0.3301 0.3301 0.3302 0.3305 0.3312 0.3331 0.3367 0.3431 0.3529 0.3658 0.3806 0.3955 0.4089 0.4197 0.4276 0.4331 0.4367 0.4387 0.4397 0.4402 0.4405 0.4406 0.4407 0.4407 0.4408 0.4408 0.4408 0.4408 0.4411 0.4490 0.4957 0.4740 0.2804 0.1695 0.1346 0.2126 0.4876 0.4166 0.2181 0.1430 0.1488 0.4234 0.4950 0.2663 0.1574 0.1370 0.3315 0.5127 0.3262 0.1788 0.1352 0.2169 0.4926 0.4005 0.2091 0.1405 0.1554 0.4443 0.4771 0.2504 0.1522 0.1475
0.1433 0.1865 0.3462 0.5099 0.3001 0.1357 0.1626 0.2817 0.5058 0.4008 0.1439 0.1467 0.2321 0.4475 0.4678 0.1705 0.1375 0.1951 0.3672 0.5048 0.2682 0.1350 0.1675 0.2937 0.5095 0.3923 0.1436 0.1445 0.2159 0.3867 0.5092 0.4138 0.3067 0.2898 0.2892 0.2892 0.2892 0.2892 0.2892 0.2892 0.2892 0.2893 0.2896 0.2906 0.2931 0.2984 0.3089 0.3238 0.3430 0.3641 0.3840 0.4017 0.4151 0.4249 0.4316 0.4360 0.4383 0.4393 0.4397 0.4403 0.4405 0.4407 0.4407 0.4408 0.4408 0.4408 0.4408 0.4411 0.4490 0.4957 0.4740 0.2804 0.1695 0.1346 0.2126 0.4876 0.4166 0.2181 0.1430 0.1488 0.4234 0.4950 0.2663 0.1574 0.1370 0.3315 0.5127 0.3262 0.1788 0.1352 0.2169 0.4926 0.4005 0.2091 0.1405 0.1554 0.4443 0.4771 0.2504 0.1522 0.1475
0.1447 0.1973 0.3729 0.5030 0.2577 0.1350 0.1702 0.3029 0.5122 0.3688 0.1398 0.1515 0.2482 0.4738 0.4477 0.1569 0.1400 0.2069 0.3950 0.4952 0.2265 0.1350 0.1756 0.3158 0.5130 0.3594 0.1395 0.1489 0.2300 0.4149 0.5031 0.3844 0.2645 0.2471 0.2465 0.2465 0.2465 0.2465 0.2465 0.2466 0.2466 0.2467 0.2471 0.2479 0.2493 0.2587 0.2739 0.2925 0.3187 0.3485 0.3725 0.3972 0.4083 0.4234 0.4312 0.4363 0.4377 0.4393 0.4377 0.4398 0.4404 0.4406 0.4407 0.4407 0.4408 0.4408 0.4408 0.4411 0.4490 0.4957 0.4740 0.2804 0.1695 0.1346 0.2126 0.4876 0.4166 0.2181 0.1430 0.1488 0.4234 0.4950 0.2663 0.1574 0.1370 0.3315 0.5127 0.3262 0.1788 0.1352 0.2169 0.4926 0.4005 0.2091 0.1405 0.1554 0.4443 0.4771 0.2504 0.1522 0.1475
0.1465 0.2073 0.3966 0.4943 0.2224 0.1351 0.1774 0.3226 0.5130 0.3379 0.1374 0.1564 0.2632 0.4921 0.4273 0.1496 0.1428 0.2180 0.4196 0.4840 0.1954 0.1357 0.1835 0.3364 0.5119 0.3276 0.1372 0.1533 0.2434 0.4393 0.4950 0.3557 0.2290 0.2132 0.2126 0.2126 0.2126 0.2126 0.2126 0.2127 0.2128 0.2130 0.2137 0.2163 0.2183 0.2238 0.2408 0.2706 0.3042 0.3332 0.3650 0.3875 0.4053 0.4165 0.4252 0.4331 0.4388 0.4379 0.4391 0.4395 0.4402 0.4405 0.4407 0.4407 0.4408 0.4408 0.4408 0.4411 0.4490 0.4957 0.4740 0.2804 0.1695 0.1346 0.2126 0.4876 0.4166 0.2181 0.1430 0.1488 0.4234 0.4950 0.2663 0.1574 0.1370 0.3315 0.5127 0.3262 0.1788 0.1352 0.2169 0.4926 0.4005 0.2091 0.1405 0.1554 0.4443 0.4771 0.2504 0.1522 0.1475
0.1476 0.2126 0.4086 0.4890 0.2066 0.1354 0.1813 0.3329 0.5120 0.3211 0.1365 0.1590 0.2713 0.4993 0.4157 0.1468 0.1444 0.2240 0.4320 0.4774 0.1831 0.1362 0.1877 0.3473 0.5102 0.3105 0.1363 0.1558 0.2506 0.4513 0.4899 0.3396 0.2117 0.1976 0.1972 0.1972 0.1972 0.1972 0.1972 0.1973 0.1975 0.1978 0.1984 0.1999 0.2042 0.2129 0.2315 0.2620 0.2927 0.3290 0.3553 0.3817 0.4044 0.4156 0.4250 0.4293 0.4369 0.4385 0.4393 0.4395 0.4401 0.4404 0.4406 0.4407 0.4408 0.4408 0.4408 0.4411 0.4490 0.4957 0.4740 0.2804 0.1695 0.1346 0.2126 0.4876 0.4166 0.2181 0.1430 0.1488 0.4234 0.4950 0.2663 0.1574 0.1370 0.3315 0.5127 0.3262 0.1788 0.1352 0.2169 0.4926 0.4005 0.2091 0.1405 0.1554 0.4443 0.4771 0.2504 0.1522 0.1475
0.1469 0.2094 0.4013 0.4923 0.2161 0.1352 0.1789 0.3264 0.5127 0.3316 0.1370 0.1574 0.2662 0.4951 0.4230 0.1485 0.1434 0.2202 0.4241 0.4817 0.1907 0.1358 0.1849 0.3402 0.5114 0.3217 0.1368 0.1542 0.2460 0.4437 0.4931 0.3484 0.2188 0.2034 0.2029 0.2029 0.2029 0.2029 0.2029 0.2031 0.2033 0.2039 0.2054 0.2084 0.2178 0.2209 0.2323 0.2655 0.2967 0.3325 0.3532 0.3819 0.4041 0.4184 0.4269 0.4305 0.4342 0.4372 0.4371 0.4391 0.4400 0.4404 0.4406 0.4407 0.4408 0.4408 0.4408 0.4411 0.4490 0.4957 0.4740 0.2804 0.1695 0.1346 0.2126 0.4876 0.4166 0.2181 0.1430 0.1488 0.4234 0.4950 0.2663 0.1574 0.1370 0.3315 0.5127 0.3262 0.1788 0.1352 0.2169 0.4926 0.4005 0.2091 0.1405 0.1554 0.4443 0.4771 0.2504 0.1522 0.1475
0.1451 0.1998 0.3788 0.5010 0.2487 0.1349 0.1719 0.3076 0.5127 0.3616 0.1391 0.1526 0.2517 0.4786 0.4431 0.1549 0.1406 0.2094 0.4006 0.4928 0.2189 0.1351 0.1773 0.3203 0.5130 0.3527 0.1389 0.1498 0.2330 0.4208 0.5012 0.3757 0.2493 0.2311 0.2305 0.2305 0.2305 0.2305 0.2306 0.2308 0.2311 0.2318 0.2331 0.2352 0.2439 0.2426 0.2606 0.2791 0.3083 0.3343 0.3631 0.3857 0.4044 0.4185 0.4280 0.4329 0.4369 0.4369 0.4394 0.4395 0.4400 0.4404 0.4406 0.4407 0.4407 0.4408 0.4408 0.4411 0.4490 0.4957 0.4740 0.2804 0.1695 0.1346 0.2126 0.4876 0.4166 0.2181 0.1430 0.1488 0.4234 0.4950 0.2663 0.1574 0.1370 0.3315 0.5127 0.3262 0.1788 0.1352 0.2169 0.4926 0.4005 0.2091 0.1405 0.1554 0.4443 0.4771 0.2504 0.1522 0.1475
0.1435 0.1884 0.3508 0.5090 0.2927 0.1355 0.1639 0.2852 0.5074 0.3957 0.1431 0.1475 0.2347 0.4520 0.4647 0.1677 0.1378 0.1969 0.3715 0.5035 0.2615 0.1350 0.1686 0.2970 0.5104 0.3876 0.1429 0.1451 0.2180 0.3913 0.5084 0.4072 0.2929 0.2743 0.2737 0.2737 0.2737 0.2737 0.2738 0.2740 0.2743 0.2750 0.2765 0.2813 0.2823 0.2857 0.2935 0.3099 0.3280 0.3472 0.3742 0.3924 0.4108 0.4183 0.4276 0.4353 0.4388 0.4396 0.4390 0.4395 0.4402 0.4405 0.4407 0.4407 0.4408 0.4408 0.4408 0.4411 0.4490 0.4957 0.4740 0.2804 0.1695 0.1346 0.2126 0.4876 0.4166 0.2181 0.1430 0.1488 0.4234 0.4950 0.2663 0.1574 0.1370 0.3315 0.5127 0.3262 0.1788 0.1352 0.2169 0.4926 0.4005 0.2091 0.1405 0.1554 0.4443 0.4771 0.2504 0.1522 0.1475
0.1427 0.1780 0.3242 0.5129 0.3354 0.1372 0.1568 0.2646 0.4935 0.4253 0.1491 0.1431 0.2193 0.4224 0.4824 0.1913 0.1359 0.1857 0.3439 0.5104 0.3053 0.1359 0.1611 0.2756 0.5006 0.4179 0.1488 0.1413 0.2046 0.3628 0.5115 0.4346 0.3363 0.3196 0.3190 0.3190 0.3190 0.3191 0.3192 0.3193 0.3195 0.3200 0.3207 0.3212 0.3242 0.3281 0.3371 0.3456 0.3557 0.3679 0.3867 0.4009 0.4154 0.4217 0.4310 0.4336 0.4377 0.4391 0.4392 0.4397 0.4403 0.4406 0.4407 0.4407 0.4408 0.4408 0.4408 0.4411 0.4490 0.4957 0.4740 0.2804 0.1695 0.1346 0.2126 0.4876 0.4166 0.2181 0.1430 0.1488 0.4234 0.4950 0.2663 0.1574 0.1370 0.3315 0.5127 0.3262 0.1788 0.1352 0.2169 0.4926 0.4005 0.2091 0.1405 0.1554 0.4443 0.4771 0.2504 0.1522 0.1475
0.1429 0.1698 0.3018 0.5121 0.3704 0.1399 0.1513 0.2476 0.4729 0.4483 0.1572 0.1400 0.2067 0.3950 0.4950 0.2249 0.1350 0.1768 0.3206 0.5130 0.3423 0.1377 0.1551 0.2581 0.4840 0.4413 0.1566 0.1386 0.1936 0.3384 0.5101 0.4557 0.3724 0.3582 0.3577 0.3577 0.3577 0.3577 0.3578 0.3578 0.3580 0.3583 0.3589 0.3606 0.3626 0.3651 0.3710 0.3730 0.3774 0.3877 0.4001 0.4088 0.4203 0.4265 0.4310 0.4332 0.4382 0.4391 0.4392 0.4400 0.4404 0.4406 0.4407 0.4408 0.4408 0.4408 0.4408 0.4411 0.4490 0.4957 0.4740 0.2804 0.1695 0.1346 0.2126 0.4876 0.4166 0.2181 0.1430 0.1488 0.4234 0.4950 0.2663 0.1574 0.1370 0.3315 0.5127 0.3262 0.1788 0.1352 0.2169 0.4926 0.4005 0.2091 0.1405 0.1554 0.4443 0.4771 0.2504 0.1522 0.1475
0.1436 0.1635 0.2843 0.5071 0.3966 0.1432 0.1473 0.2344 0.4517 0.4648 0.1677 0.1379 0.1971 0.3724 0.5031 0.2582 0.1350 0.1700 0.3023 0.5121 0.3708 0.1401 0.1508 0.2445 0.4652 0.4583 0.1666 0.1368 0.1853 0.3190 0.5047 0.4707 0.3997 0.3875 0.3871 0.3871 0.3871 0.3872 0.3872 0.3872 0.3874 0.3876 0.3881 0.3895 0.3921 0.3922 0.3958 0.4007 0.4017 0.4071 0.4146 0.4200 0.4279 0.4329 0.4378 0.4381 0.4399 0.4411 0.4414 0.4405 0.4406 0.4407 0.4407 0.4408 0.4408 0.4408 0.4408 0.4411 0.4490 0.4957 0.4740 0.2804 0.1695 0.1346 0.2126 0.4876 0.4166 0.2181 0.1430 0.1488 0.4234 0.4950 0.2663 0.1574 0.1370 0.3315 0.5127 0.3262 0.1788 0.1352 0.2169 0.4926 0.4005 0.2091 0.1405 0.1554 0.4443 0.4771 0.2504 0.1522 0.1475
0.1446 0.1591 0.2716 0.4995 0.4152 0.1466 0.1446 0.2248 0.4338 0.4761 0.1803 0.1366 0.1901 0.3553 0.5079 0.2851 0.1353 0.1651 0.2888 0.5087 0.3911 0.1425 0.1477 0.2345 0.4485 0.4701 0.1783 0.1357 0.1793 0.3046 0.4968 0.4809 0.4189 0.4084 0.4080 0.4080 0.4080 0.4080 0.4081 0.4081 0.4082 0.4084 0.4084 0.4081 0.4103 0.4099 0.4102 0.4157 0.4169 0.4208 0.4243 0.4274 0.4317 0.4352 0.4376 0.4376 0.4413 0.4411 0.4395 0.4407 0.4407 0.4407 0.4408 0.4408 0.4408 0.4408 0.4408 0.4411 0.4490 0.4957 0.4740 0.2804 0.1695 0.1346 0.2126 0.4876 0.4166 0.2181 0.1430 0.1488 0.4234 0.4950 0.2663 0.1574 0.1370 0.3315 0.5127 0.3262 0.1788 0.1352 0.2169 0.4926 0.4005 0.2091 0.1405 0.1554 0.4443 0.4771 0.2504 0.1522 0.1475
0.1456 0.1562 0.2628 0.4918 0.4276 0.1497 0.1428 0.2183 0.4204 0.4833 0.1930 0.1359 0.1854 0.3433 0.5104 0.3043 0.1358 0.1619 0.2795 0.5045 0.4048 0.1447 0.1457 0.2276 0.4358 0.4777 0.1901 0.1351 0.1752 0.2946 0.4889 0.4874 0.4317 0.4222 0.4219 0.4219 0.4219 0.4219 0.4220 0.4220 0.4221 0.4222 0.4222 0.4222 0.4232 0.4251 0.4259 0.4253 0.4268 0.4277 0.4313 0.4323 0.4365 0.4389 0.4397 0.4432 0.4431 0.4428 0.4394 0.4407 0.4408 0.4408 0.4408 0.4408 0.4408 0.4408 0.4408 0.4411 0.4490 0.4957 0.4740 0.2804 0.1695 0.1346 0.2126 0.4876 0.4166 0.2181 0.1430 0.1488 0.4234 0.4950 0.2663 0.1574 0.1370 0.3315 0.5127 0.3262 0.1788 0.1352 0.2169 0.4926 0.4005 0.2091 0.1405 0.1554 0.4443 0.4771 0.2504 0.1522 0.1475
0.1464 0.1543 0.2571 0.4856 0.4353 0.1520 0.1417 0.2141 0.4115 0.4877 0.2030 0.1355 0.1823 0.3355 0.5117 0.3167 0.1363 0.1598 0.2735 0.5007 0.4134 0.1464 0.1445 0.2233 0.4272 0.4823 0.1995 0.1349 0.1726 0.2881 0.4827 0.4913 0.4396 0.4309 0.4306 0.4306 0.4306 0.4306 0.4307 0.4307 0.4308 0.4309 0.4309 0.4301 0.4332 0.4322 0.4328 0.4341 0.4364 0.4363 0.4349 0.4393 0.4422 0.4414 0.4407 0.4449 0.4417 0.4442 0.4413 0.4409 0.4408 0.4408 0.4408 0.4408 0.4408 0.4408 0.4408 0.4411 0.4490 0.4957 0.4740 0.2804 0.1695 0.1346 0.2126 0.4876 0.4166 0.2181 0.1430 0.1488 0.4234 0.4950 0.2663 0.1574 0.1370 0.3315 0.5127 0.3262 0.1788 0.1352 0.2169 0.4926 0.4005 0.2091 0.1405 0.1554 0.4443 0.4771 0.2504 0.1522 0.1475
0.1469 0.1533 0.2538 0.4816 0.4397 0.1536 0.1411 0.2116 0.4061 0.4902 0.2096 0.1353 0.1806 0.3309 0.5123 0.3242 0.1366 0.1586 0.2699 0.4980 0.4184 0.1475 0.1437 0.2206 0.4219 0.4850 0.2059 0.1347 0.1711 0.2843 0.4785 0.4936 0.4443 0.4359 0.4356 0.4356 0.4356 0.4357 0.4357 0.4358 0.4359 0.4361 0.4366 0.4383 0.4407 0.4370 0.4362 0.4369 0.4400 0.4391 0.4399 0.4392 0.4422 0.4415 0.4387 0.4399 0.4431 0.4429 0.4435 0.4408 0.4407 0.4407 0.4407 0.4408 0.4408 0.4408 0.4408 0.4411 0.4490 0.4957 0.4740 0.2804 0.1695 0.1346 0.2126 0.4876 0.4166 0.2181 0.1430 0.1488 0.4234 0.4950 0.2663 0.1574 0.1370 0.3315 0.5127 0.3262 0.1788 0.1352 0.2169 0.4926 0.4005 0.2091 0.1405 0.1554 0.4443 0.4771 0.2504 0.1522 0.1475
