-30.7788 20.0060 -2.1441 -28.9984 -39.2893 -43.9797 8.7868 32.5757 -22.7899 -35.3422 -43.5012 -12.4036 24.8992 -13.0592 -31.0186 -40.8378 -40.9792 13.7680 24.7336 -25.7084 -37.1449 -44.2047 0.3615 29.6411 -18.3005 -32.9544 -42.1741 -32.8362 18.7867 2.7592 -28.4371 -38.8545 -44.2632 7.3098 32.6580 -21.9286 -34.8367 -43.2561 -17.2335 23.5636 -10.9836 -30.4747 -40.4315 -42.1855 12.4328 28.4403 -24.9172 -36.6198 -44.0399 -7.8037 15.6896 -7.8037 -44.0399 -36.6198 -24.9172 28.4403 12.4328 -42.1855 -40.4315 -30.4747 -10.9836 23.5636 -17.2335 -43.2561 -34.8367 -21.9286 32.6580 7.3098 -44.2632 -38.8545 -28.4371 2.7592 18.7867 -32.8362 -42.1741 -32.9544 -18.3005 29.6411 0.3615 -44.2047 -37.1449 -25.7084 24.7336 13.7680 -40.9792 -40.8378 -31.0186 -13.0592 24.8992 -12.4036 -43.5012 -35.3422 -22.7899 32.5757 8.7868 -43.9797 -39.2893 -28.9984 -2.1441 20.0060 -30.7788
20.0060 -0.9968 -30.7609 -40.8231 -45.0953 8.7014 33.1856 -23.3988 -36.9166 -44.8425 -13.1143 24.6071 -12.4767 -32.6620 -42.3133 -42.0400 13.6141 27.2625 -26.7592 -38.6925 -45.4418 0.1127 29.3798 -18.3573 -34.5611 -43.6013 -33.8641 18.5136 5.9161 -30.0379 -40.3763 -45.4122 7.1868 32.9668 -22.4194 -36.4162 -44.6184 -18.0918 23.2949 -10.1011 -32.1303 -41.9177 -43.2626 12.2968 30.3097 -25.8500 -38.2046 -45.3113 -3.8884 25.5789 20.1689 25.5789 -3.8884 -45.3113 -38.2046 -25.8500 30.3097 12.2968 -43.2626 -41.9177 -32.1303 -10.1011 23.2949 -18.0918 -44.6184 -36.4162 -22.4194 32.9668 7.1868 -45.4122 -40.3763 -30.0379 5.9161 18.5136 -33.8641 -43.6013 -34.5611 -18.3573 29.3798 0.1127 -45.4418 -38.6925 -26.7592 27.2625 13.6141 -42.0400 -42.3133 -32.6620 -12.4767 24.6071 -13.1143 -44.8425 -36.9166 -23.3988 33.1856 8.7014 -45.0953 -40.8231 -30.7609 -0.9968 20.0060
-2.1441 -30.7609 -40.7396 -45.2038 8.1594 33.1580 -22.9663 -36.6845 -44.7352 -15.4715 23.9545 -11.3814 -32.4020 -42.1196 -42.6795 12.9604 28.9268 -26.3140 -38.4565 -45.3782 -1.1919 28.7388 -17.7115 -34.3068 -43.4415 -35.3854 17.8103 9.2318 -29.5897 -40.1538 -45.5027 6.3976 32.6872 -21.9193 -36.1669 -44.4960 -20.5614 22.6407 -8.7187 -31.8678 -41.7181 -43.7389 11.6387 31.3491 -25.4027 -37.9714 -45.2359 -4.5944 26.9181 -13.5377 -28.1178 -13.5377 26.9181 -4.5944 -45.2359 -37.9714 -25.4027 31.3491 11.6387 -43.7389 -41.7181 -31.8678 -8.7187 22.6407 -20.5614 -44.4960 -36.1669 -21.9193 32.6872 6.3976 -45.5027 -40.1538 -29.5897 9.2318 17.8103 -35.3854 -43.4415 -34.3068 -17.7115 28.7388 -1.1919 -45.3782 -38.4565 -26.3140 28.9268 12.9604 -42.6795 -42.1196 -32.4020 -11.3814 23.9545 -15.4715 -44.7352 -36.6845 -22.9663 33.1580 8.1594 -45.2038 -40.7396 -30.7609 -2.1441
-28.9984 -40.8231 -45.2038 7.9440 33.0961 -22.6443 -36.4927 -44.6363 -17.6953 23.3555 -10.2140 -32.1483 -41.9270 -43.2345 12.3181 30.2656 -25.8684 -38.2206 -45.3117 -2.6204 28.0974 -17.0347 -34.0517 -43.2764 -36.7664 17.1310 12.6250 -29.1442 -39.9295 -45.5615 5.5736 32.3188 -21.4075 -35.9181 -44.3713 -22.9816 22.0085 -7.1581 -31.6059 -41.5173 -44.1486 10.9829 32.1230 -24.9529 -37.7328 -45.1556 -6.1159 26.6399 -14.8956 -32.7002 -39.3763 -32.7002 -14.8956 26.6399 -6.1159 -45.1556 -37.7328 -24.9529 32.1230 10.9829 -44.1486 -41.5173 -31.6059 -7.1581 22.0085 -22.9816 -44.3713 -35.9181 -21.4075 32.3188 5.5736 -45.5615 -39.9295 -29.1442 12.6250 17.1310 -36.7664 -43.2764 -34.0517 -17.0347 28.0974 -2.6204 -45.3117 -38.2206 -25.8684 30.2656 12.3181 -43.2345 -41.9270 -32.1483 -10.2140 23.3555 -17.6953 -44.6363 -36.4927 -22.6443 33.0961 7.9440 -45.2038 -40.8231 -28.9984
-39.2893 -45.0953 8.1594 33.0961 -22.5220 -36.3803 -44.5613 -19.4793 22.8423 -9.0519 -31.9119 -41.7415 -43.6985 11.6866 31.2962 -25.4242 -37.9829 -45.2379 -4.1998 27.4493 -16.3162 -33.7946 -43.1055 -38.0120 16.4601 15.9578 -28.6987 -39.7047 -45.5889 4.7065 31.8775 -20.8830 -35.6693 -44.2418 -25.3004 21.3843 -5.3847 -31.3424 -41.3115 -44.4963 10.3153 32.6670 -24.4975 -37.4907 -45.0687 -7.9717 26.0836 -14.5201 -33.0775 -42.6074 -46.8325 -42.6074 -33.0775 -14.5201 26.0836 -7.9717 -45.0687 -37.4907 -24.4975 32.6670 10.3153 -44.4963 -41.3115 -31.3424 -5.3847 21.3843 -25.3004 -44.2418 -35.6693 -20.8830 31.8775 4.7065 -45.5889 -39.7047 -28.6987 15.9578 16.4601 -38.0120 -43.1055 -33.7946 -16.3162 27.4493 -4.1998 -45.2379 -37.9829 -25.4242 31.2962 11.6866 -43.6985 -41.7415 -31.9119 -9.0519 22.8423 -19.4793 -44.5613 -36.3803 -22.5220 33.0961 8.1594 -45.0953 -39.2893
-43.9797 8.7014 33.1580 -22.6443 -36.3803 -44.5314 -20.4885 22.4868 -8.0525 -31.7123 -41.5737 -44.0658 11.0877 32.0444 -24.9932 -37.7487 -45.1587 -5.9298 26.7985 -15.5481 -33.5377 -42.9323 -39.1232 15.8009 19.0782 -28.2557 -39.4788 -45.5877 3.7893 31.3778 -20.3447 -35.4186 -44.1045 -27.5014 20.7635 -3.3455 -31.0769 -41.1014 -44.7874 9.6321 33.0074 -24.0346 -37.2475 -44.9758 -10.0467 25.4592 -13.7524 -32.9616 -42.5159 -43.0494 -0.1606 -43.0494 -42.5159 -32.9616 -13.7524 25.4592 -10.0467 -44.9758 -37.2475 -24.0346 33.0074 9.6321 -44.7874 -41.1014 -31.0769 -3.3455 20.7635 -27.5014 -44.1045 -35.4186 -20.3447 31.3778 3.7893 -45.5877 -39.4788 -28.2557 19.0782 15.8009 -39.1232 -42.9323 -33.5377 -15.5481 26.7985 -5.9298 -45.1587 -37.7487 -24.9932 32.0444 11.0877 -44.0658 -41.5737 -31.7123 -8.0525 22.4868 -20.4885 -44.5314 -36.3803 -22.6443 33.1580 8.7014 -43.9797
8.7868 33.1856 -22.9663 -36.4927 -44.5613 -20.4885 22.3584 -7.4534 -31.5761 -41.4413 -44.3337 10.5594 32.5432 -24.5885 -37.5266 -45.0770 -7.7686 26.1619 -14.7391 -33.2823 -42.7549 -40.1087 15.1513 21.8960 -27.8155 -39.2493 -45.5606 2.8058 30.8282 -19.7867 -35.1659 -43.9608 -29.5665 20.1443 -0.9938 -30.8111 -40.8902 -45.0255 8.9347 33.1677 -23.5665 -37.0046 -44.8785 -12.2897 24.8170 -12.8246 -32.7397 -42.3633 -42.2958 11.6189 27.6809 11.6189 -42.2958 -42.3633 -32.7397 -12.8246 24.8170 -12.2897 -44.8785 -37.0046 -23.5665 33.1677 8.9347 -45.0255 -40.8902 -30.8111 -0.9938 20.1443 -29.5665 -43.9608 -35.1659 -19.7867 30.8282 2.8058 -45.5606 -39.2493 -27.8155 21.8960 15.1513 -40.1087 -42.7549 -33.2823 -14.7391 26.1619 -7.7686 -45.0770 -37.5266 -24.5885 32.5432 10.5594 -44.3337 -41.4413 -31.5761 -7.4534 22.3584 -20.4885 -44.5613 -36.4927 -22.9663 33.1856 8.7868
32.5757 -23.3988 -36.6845 -44.6363 -19.4793 22.4868 -7.4534 -31.5277 -41.3693 -44.4951 10.1557 32.8348 -24.2332 -37.3254 -44.9952 -9.6507 25.5551 -13.8998 -33.0329 -42.5761 -40.9735 14.5067 24.3820 -27.3745 -39.0168 -45.5154 1.7420 30.2371 -19.2051 -34.9133 -43.8138 -31.4718 19.4833 1.6814 -30.5453 -40.6773 -45.2154 8.2204 33.1736 -23.0930 -36.7593 -44.7731 -14.6615 24.1723 -11.7733 -32.4898 -42.1837 -42.5844 12.6408 32.1472 -16.7274 32.1472 12.6408 -42.5844 -42.1837 -32.4898 -11.7733 24.1723 -14.6615 -44.7731 -36.7593 -23.0930 33.1736 8.2204 -45.2154 -40.6773 -30.5453 1.6814 19.4833 -31.4718 -43.8138 -34.9133 -19.2051 30.2371 1.7420 -45.5154 -39.0168 -27.3745 24.3820 14.5067 -40.9735 -42.5761 -33.0329 -13.8998 25.5551 -9.6507 -44.9952 -37.3254 -24.2332 32.8348 10.1557 -44.4951 -41.3693 -31.5277 -7.4534 22.4868 -19.4793 -44.6363 -36.6845 -23.3988 32.5757
-22.7899 -36.9166 -44.7352 -17.6953 22.8423 -8.0525 -31.5761 -41.3693 -44.5474 9.9410 32.9755 -23.9681 -37.1630 -44.9229 -11.4305 25.0017 -13.0531 -32.7955 -42.4007 -41.7185 13.8787 26.4950 -26.9360 -38.7857 -45.4622 0.5907 29.6207 -18.6005 -34.6610 -43.6626 -33.2125 18.7795 4.6642 -30.2016 -40.4601 -45.3625 7.4797 33.0472 -22.6098 -36.5118 -44.6607 -17.1210 23.5280 -10.5945 -32.2320 -41.9936 -43.0791 12.3997 30.7553 -24.6497 -33.6201 -24.6497 30.7553 12.3997 -43.0791 -41.9936 -32.2320 -10.5945 23.5280 -17.1210 -44.6607 -36.5118 -22.6098 33.0472 7.4797 -45.3625 -40.4601 -30.2016 4.6642 18.7795 -33.2125 -43.6626 -34.6610 -18.6005 29.6207 0.5907 -45.4622 -38.7857 -26.9360 26.4950 13.8787 -41.7185 -42.4007 -32.7955 -13.0531 25.0017 -11.4305 -44.9229 -37.1630 -23.9681 32.9755 9.9410 -44.5474 -41.3693 -31.5761 -8.0525 22.8423 -17.6953 -44.7352 -36.9166 -22.7899
-35.3422 -44.8425 -15.4715 23.3555 -9.0519 -31.7123 -41.4413 -44.4951 9.9410 33.0156 -23.8273 -37.0564 -44.8671 -12.9075 24.5372 -12.2466 -32.5794 -42.2345 -42.3421 13.2820 28.2019 -26.5092 -38.5559 -45.4041 -0.6588 28.9918 -17.9704 -34.4069 -43.5042 -34.8016 18.0806 7.9089 -29.7659 -40.2392 -45.4705 6.7067 32.8071 -22.1145 -36.2644 -44.5442 -19.5974 22.8891 -9.2782 -31.9715 -41.7974 -43.5635 11.8559 31.1754 -25.2605 -37.4493 -43.7147 -37.4493 -25.2605 31.1754 11.8559 -43.5635 -41.7974 -31.9715 -9.2782 22.8891 -19.5974 -44.5442 -36.2644 -22.1145 32.8071 6.7067 -45.4705 -40.2392 -29.7659 7.9089 18.0806 -34.8016 -43.5042 -34.4069 -17.9704 28.9918 -0.6588 -45.4041 -38.5559 -26.5092 28.2019 13.2820 -42.3421 -42.2345 -32.5794 -12.2466 24.5372 -12.9075 -44.8671 -37.0564 -23.8273 33.0156 9.9410 -44.4951 -41.4413 -31.7123 -9.0519 23.3555 -15.4715 -44.8425 -35.3422
-43.5012 -13.1143 23.9545 -10.2140 -31.9119 -41.5737 -44.3337 10.1557 32.9755 -23.8273 -37.0186 -44.8359 -13.8979 24.1992 -11.5593 -32.3977 -42.0866 -42.8406 12.7300 29.5362 -26.1019 -38.3323 -45.3418 -1.9956 28.3616 -17.3114 -34.1521 -43.3401 -36.2452 17.3934 11.3032 -29.3175 -40.0175 -45.5424 5.9004 32.4722 -21.6089 -36.0170 -44.4227 -22.0335 22.2582 -7.7994 -31.7094 -41.5965 -43.9956 11.2313 31.8898 -25.0456 -37.6792 -45.5602 -40.9846 -45.5602 -37.6792 -25.0456 31.8898 11.2313 -43.9956 -41.5965 -31.7094 -7.7994 22.2582 -22.0335 -44.4227 -36.0170 -21.6089 32.4722 5.9004 -45.5424 -40.0175 -29.3175 11.3032 17.3934 -36.2452 -43.3401 -34.1521 -17.3114 28.3616 -1.9956 -45.3418 -38.3323 -26.1019 29.5362 12.7300 -42.8406 -42.0866 -32.3977 -11.5593 24.1992 -13.8979 -44.8359 -37.0186 -23.8273 32.9755 10.1557 -44.3337 -41.5737 -31.9119 -10.2140 23.9545 -13.1143 -43.5012
-12.4036 24.6071 -11.3814 -32.1483 -41.7415 -44.0658 10.5594 32.8348 -23.9681 -37.0564 -44.8359 -14.2512 24.0191 -11.0951 -32.2644 -41.9677 -43.2115 12.2481 30.5260 -25.7266 -38.1242 -45.2768 -3.3994 27.7483 -16.6319 -33.9018 -43.1748 -37.5333 16.7218 14.6740 -28.8723 -39.7947 -45.5817 5.0555 32.0599 -21.0923 -35.7675 -44.2933 -24.3986 21.6305 -6.1134 -31.4451 -41.3910 -44.3679 10.5752 32.4879 -24.6531 -37.5456 -45.1251 -13.9436 13.7966 -13.9436 -45.1251 -37.5456 -24.6531 32.4879 10.5752 -44.3679 -41.3910 -31.4451 -6.1134 21.6305 -24.3986 -44.2933 -35.7675 -21.0923 32.0599 5.0555 -45.5817 -39.7947 -28.8723 14.6740 16.7218 -37.5333 -43.1748 -33.9018 -16.6319 27.7483 -3.3994 -45.2768 -38.1242 -25.7266 30.5260 12.2481 -43.2115 -41.9677 -32.2644 -11.0951 24.0191 -14.2512 -44.8359 -37.0564 -23.9681 32.8348 10.5594 -44.0658 -41.7415 -32.1483 -11.3814 24.6071 -12.4036
24.8992 -12.4767 -32.4020 -41.9270 -43.6985 11.0877 32.5432 -24.2332 -37.1630 -44.8671 -13.8979 24.0191 -10.9315 -32.1937 -41.8908 -43.4605 11.8722 31.2077 -25.3985 -37.9369 -45.2132 -4.8302 27.1664 -15.9496 -33.6607 -43.0093 -38.6647 16.0719 17.8602 -28.4314 -39.5682 -45.5914 4.1582 31.5815 -20.5592 -35.5161 -44.1573 -26.6597 21.0046 -4.1740 -31.1807 -41.1840 -44.6802 9.9004 32.8978 -24.2117 -37.3321 -45.0158 -10.8617 23.1483 28.2968 23.1483 -10.8617 -45.0158 -37.3321 -24.2117 32.8978 9.9004 -44.6802 -41.1840 -31.1807 -4.1740 21.0046 -26.6597 -44.1573 -35.5161 -20.5592 31.5815 4.1582 -45.5914 -39.5682 -28.4314 17.8602 16.0719 -38.6647 -43.0093 -33.6607 -15.9496 27.1664 -4.8302 -45.2132 -37.9369 -25.3985 31.2077 11.8722 -43.4605 -41.8908 -32.1937 -10.9315 24.0191 -13.8979 -44.8671 -37.1630 -24.2332 32.5432 11.0877 -43.6985 -41.9270 -32.4020 -12.4767 24.8992
-13.0592 -32.6620 -42.1196 -43.2345 11.6866 32.0444 -24.5885 -37.3254 -44.9229 -12.9075 24.1992 -11.0951 -32.1937 -41.8646 -43.5863 11.6311 31.6253 -25.1416 -37.7809 -45.1546 -6.2046 26.6322 -15.2792 -33.4329 -42.8497 -39.6378 15.4489 20.7173 -27.9978 -39.3412 -45.5742 3.1982 31.0475 -20.0065 -35.2647 -44.0178 -28.7779 20.3852 -1.9508 -30.9164 -40.9750 -44.9374 9.2130 33.1243 -23.7515 -37.0974 -44.9176 -11.8521 24.5668 -9.4117 -26.7669 -9.4117 24.5668 -11.8521 -44.9176 -37.0974 -23.7515 33.1243 9.2130 -44.9374 -40.9750 -30.9164 -1.9508 20.3852 -28.7779 -44.0178 -35.2647 -20.0065 31.0475 3.1982 -45.5742 -39.3412 -27.9978 20.7173 15.4489 -39.6378 -42.8497 -33.4329 -15.2792 26.6322 -6.2046 -45.1546 -37.7809 -25.1416 31.6253 11.6311 -43.5863 -41.8646 -32.1937 -11.0951 24.1992 -12.9075 -44.9229 -37.3254 -24.5885 32.0444 11.6866 -43.2345 -42.1196 -32.6620 -13.0592
-31.0186 -42.3133 -42.6795 12.3181 31.2962 -24.9932 -37.5266 -44.9952 -11.4305 24.5372 -11.5593 -32.2644 -41.8908 -43.5863 11.5453 31.8233 -24.9785 -37.6703 -45.1061 -7.4007 26.1758 -14.6475 -33.2254 -42.6975 -40.4556 14.8640 23.1624 -27.5807 -39.1196 -45.5361 2.1853 30.4771 -19.4388 -35.0134 -43.8739 -30.7373 19.7470 0.5837 -30.6503 -40.7615 -45.1459 8.5049 33.1882 -23.2805 -36.8545 -44.8149 -13.8522 24.2908 -11.3466 -31.7358 -38.4463 -31.7358 -11.3466 24.2908 -13.8522 -44.8149 -36.8545 -23.2805 33.1882 8.5049 -45.1459 -40.7615 -30.6503 0.5837 19.7470 -30.7373 -43.8739 -35.0134 -19.4388 30.4771 2.1853 -45.5361 -39.1196 -27.5807 23.1624 14.8640 -40.4556 -42.6975 -33.2254 -14.6475 26.1758 -7.4007 -45.1061 -37.6703 -24.9785 31.8233 11.5453 -43.5863 -41.8908 -32.2644 -11.5593 24.5372 -11.4305 -44.9952 -37.5266 -24.9932 31.2962 12.3181 -42.6795 -42.3133 -31.0186
-40.8378 -42.0400 12.9604 30.2656 -25.4242 -37.7487 -45.0770 -9.6507 25.0017 -12.2466 -32.3977 -41.9677 -43.4605 11.6311 31.8233 -24.9222 -37.6127 -45.0744 -8.2980 25.8247 -14.1034 -33.0495 -42.5594 -41.1242 14.3318 25.1783 -27.1877 -38.9074 -45.4885 1.1283 29.8911 -18.8570 -34.7638 -43.7235 -32.5431 19.0583 3.4518 -30.3411 -40.5442 -45.3099 7.7713 33.1109 -22.7991 -36.6085 -44.7066 -16.1802 23.7434 -10.8271 -32.1352 -41.8296 -46.6137 -41.8296 -32.1352 -10.8271 23.7434 -16.1802 -44.7066 -36.6085 -22.7991 33.1109 7.7713 -45.3099 -40.5442 -30.3411 3.4518 19.0583 -32.5431 -43.7235 -34.7638 -18.8570 29.8911 1.1283 -45.4885 -38.9074 -27.1877 25.1783 14.3318 -41.1242 -42.5594 -33.0495 -14.1034 25.8247 -8.2980 -45.0744 -37.6127 -24.9222 31.8233 11.6311 -43.4605 -41.9677 -32.3977 -12.2466 25.0017 -9.6507 -45.0770 -37.7487 -25.4242 30.2656 12.9604 -42.0400 -40.8378
-40.9792 13.6141 28.9268 -25.8684 -37.9829 -45.1587 -7.7686 25.5551 -13.0531 -32.5794 -42.0866 -43.2115 11.8722 31.6253 -24.9785 -37.6127 -45.0632 -8.7842 25.6036 -13.7001 -32.9139 -42.4475 -41.6434 13.8621 26.7679 -26.8268 -38.7081 -45.4386 0.0364 29.3085 -18.2668 -34.5194 -43.5698 -34.1752 18.3584 6.6076 -29.9406 -40.3259 -45.4327 7.0125 32.9131 -22.3091 -36.3627 -44.5922 -18.6250 23.1334 -9.7390 -32.0212 -41.8048 -44.6297 -5.5722 -44.6297 -41.8048 -32.0212 -9.7390 23.1334 -18.6250 -44.5922 -36.3627 -22.3091 32.9131 7.0125 -45.4327 -40.3259 -29.9406 6.6076 18.3584 -34.1752 -43.5698 -34.5194 -18.2668 29.3085 0.0364 -45.4386 -38.7081 -26.8268 26.7679 13.8621 -41.6434 -42.4475 -32.9139 -13.7001 25.6036 -8.7842 -45.0632 -37.6127 -24.9785 31.6253 11.8722 -43.2115 -42.0866 -32.5794 -13.0531 25.5551 -7.7686 -45.1587 -37.9829 -25.8684 28.9268 13.6141 -40.9792
13.7680 27.2625 -26.3140 -38.2206 -45.2379 -5.9298 26.1619 -13.8998 -32.7955 -42.2345 -42.8406 12.2481 31.2077 -25.1416 -37.6703 -45.0744 -8.7842 25.5285 -13.4886 -32.8270 -42.3662 -42.0130 13.4775 27.9592 -26.5114 -38.5271 -45.3883 -1.0594 28.7529 -17.6830 -34.2832 -43.4187 -35.6186 17.6866 9.8848 -29.4970 -40.1059 -45.5182 6.2241 32.6150 -21.8104 -36.1147 -44.4711 -21.0816 22.5057 -8.3808 -31.7976 -41.6545 -44.1269 9.2603 25.2865 9.2603 -44.1269 -41.6545 -31.7976 -8.3808 22.5057 -21.0816 -44.4711 -36.1147 -21.8104 32.6150 6.2241 -45.5182 -40.1059 -29.4970 9.8848 17.6866 -35.6186 -43.4187 -34.2832 -17.6830 28.7529 -1.0594 -45.3883 -38.5271 -26.5114 27.9592 13.4775 -42.0130 -42.3662 -32.8270 -13.4886 25.5285 -8.7842 -45.0744 -37.6703 -25.1416 31.2077 12.2481 -42.8406 -42.2345 -32.7955 -13.8998 26.1619 -5.9298 -45.2379 -38.2206 -26.3140 27.2625 13.7680
24.7336 -26.7592 -38.4565 -45.3117 -4.1998 26.7985 -14.7391 -33.0329 -42.4007 -42.3421 12.7300 30.5260 -25.3985 -37.7809 -45.1061 -8.2980 25.6036 -13.4886 -32.7973 -42.3244 -42.2329 13.2078 28.7780 -26.2519 -38.3747 -45.3417 -2.1179 28.2391 -17.1171 -34.0616 -43.2709 -36.8710 17.0483 13.1285 -29.0665 -39.8875 -45.5694 5.3973 32.2314 -21.2979 -35.8645 -44.3431 -23.4885 21.8741 -6.7937 -31.5456 -41.4660 -44.2991 10.2849 33.2551 -13.5142 33.2551 10.2849 -44.2991 -41.4660 -31.5456 -6.7937 21.8741 -23.4885 -44.3431 -35.8645 -21.2979 32.2314 5.3973 -45.5694 -39.8875 -29.0665 13.1285 17.0483 -36.8710 -43.2709 -34.0616 -17.1171 28.2391 -2.1179 -45.3417 -38.3747 -26.2519 28.7780 13.2078 -42.2329 -42.3244 -32.7973 -13.4886 25.6036 -8.2980 -45.1061 -37.7809 -25.3985 30.5260 12.7300 -42.3421 -42.4007 -33.0329 -14.7391 26.7985 -4.1998 -45.3117 -38.4565 -26.7592 24.7336
-25.7084 -38.6925 -45.3782 -2.6204 27.4493 -15.5481 -33.2823 -42.5761 -41.7185 13.2820 29.5362 -25.7266 -37.9369 -45.1546 -7.4007 25.8247 -13.7001 -32.8270 -42.3244 -42.3055 13.0697 29.2435 -26.0679 -38.2577 -45.3017 -3.0730 27.7893 -16.5916 -33.8605 -43.1305 -37.9304 16.4590 16.1532 -28.6519 -39.6738 -45.5906 4.5406 31.7826 -20.7747 -35.6162 -44.2113 -25.7918 21.2481 -4.9629 -31.2847 -41.2656 -44.5804 10.0219 33.0195 -22.9360 -32.6470 -22.9360 33.0195 10.0219 -44.5804 -41.2656 -31.2847 -4.9629 21.2481 -25.7918 -44.2113 -35.6162 -20.7747 31.7826 4.5406 -45.5906 -39.6738 -28.6519 16.1532 16.4590 -37.9304 -43.1305 -33.8605 -16.5916 27.7893 -3.0730 -45.3017 -38.2577 -26.0679 29.2435 13.0697 -42.3055 -42.3244 -32.8270 -13.7001 25.8247 -7.4007 -45.1546 -37.9369 -25.7266 29.5362 13.2820 -41.7185 -42.5761 -33.2823 -15.5481 27.4493 -2.6204 -45.3782 -38.6925 -25.7084
-37.1449 -45.4418 -1.1919 28.0974 -16.3162 -33.5377 -42.7549 -40.9735 13.8787 28.2019 -26.1019 -38.1242 -45.2132 -6.2046 26.1758 -14.1034 -32.9139 -42.3662 -42.2329 13.0697 29.3924 -25.9728 -38.1825 -45.2718 -3.8466 27.4258 -16.1321 -33.6854 -43.0040 -38.8075 15.9257 18.7864 -28.2653 -39.4671 -45.5863 3.6684 31.2919 -20.2451 -35.3702 -44.0755 -27.9546 20.6300 -2.8670 -31.0205 -41.0580 -44.8459 9.4446 33.0984 -23.5956 -36.5276 -42.9226 -36.5276 -23.5956 33.0984 9.4446 -44.8459 -41.0580 -31.0205 -2.8670 20.6300 -27.9546 -44.0755 -35.3702 -20.2451 31.2919 3.6684 -45.5863 -39.4671 -28.2653 18.7864 15.9257 -38.8075 -43.0040 -33.6854 -16.1321 27.4258 -3.8466 -45.2718 -38.1825 -25.9728 29.3924 13.0697 -42.2329 -42.3662 -32.9139 -14.1034 26.1758 -6.2046 -45.2132 -38.1242 -26.1019 28.2019 13.8787 -40.9735 -42.7549 -33.5377 -16.3162 28.0974 -1.1919 -45.4418 -37.1449
-44.2047 0.1127 28.7388 -17.0347 -33.7946 -42.9323 -40.1087 14.5067 26.4950 -26.5092 -38.3323 -45.2768 -4.8302 26.6322 -14.6475 -33.0495 -42.4475 -42.0130 13.2078 29.2435 -25.9728 -38.1563 -45.2561 -4.3555 27.1674 -15.7660 -33.5444 -42.8948 -39.5093 15.4550 20.9950 -27.9114 -39.2741 -45.5621 2.7801 30.7816 -19.7151 -35.1280 -43.9361 -29.9382 20.0213 -0.4644 -30.7543 -40.8451 -45.0705 8.7730 33.1846 -23.3744 -36.7920 -45.1500 -43.7826 -45.1500 -36.7920 -23.3744 33.1846 8.7730 -45.0705 -40.8451 -30.7543 -0.4644 20.0213 -29.9382 -43.9361 -35.1280 -19.7151 30.7816 2.7801 -45.5621 -39.2741 -27.9114 20.9950 15.4550 -39.5093 -42.8948 -33.5444 -15.7660 27.1674 -4.3555 -45.2561 -38.1563 -25.9728 29.2435 13.2078 -42.0130 -42.4475 -33.0495 -14.6475 26.6322 -4.8302 -45.2768 -38.3323 -26.5092 26.4950 14.5067 -40.1087 -42.9323 -33.7946 -17.0347 28.7388 0.1127 -44.2047
0.3615 29.3798 -17.7115 -34.0517 -43.1055 -39.1232 15.1513 24.3820 -26.9360 -38.5559 -45.3418 -3.3994 27.1664 -15.2792 -33.2254 -42.5594 -41.6434 13.4775 28.7780 -26.0679 -38.1825 -45.2561 -4.5305 27.0332 -15.5286 -33.4451 -42.8098 -40.0387 15.0579 22.7667 -27.5946 -39.0992 -45.5266 1.8955 30.2742 -19.1988 -34.8962 -43.7963 -31.7312 19.3730 2.2128 -30.4887 -40.6310 -45.2500 8.0602 33.1559 -22.9632 -36.6634 -44.7693 -22.7407 11.6318 -22.7407 -44.7693 -36.6634 -22.9632 33.1559 8.0602 -45.2500 -40.6310 -30.4887 2.2128 19.3730 -31.7312 -43.7963 -34.8962 -19.1988 30.2742 1.8955 -45.5266 -39.0992 -27.5946 22.7667 15.0579 -40.0387 -42.8098 -33.4451 -15.5286 27.0332 -4.5305 -45.2561 -38.1825 -26.0679 28.7780 13.4775 -41.6434 -42.5594 -33.2254 -15.2792 27.1664 -3.3994 -45.3418 -38.5559 -26.9360 24.3820 15.1513 -39.1232 -43.1055 -34.0517 -17.7115 29.3798 0.3615
29.6411 -18.3573 -34.3068 -43.2764 -38.0120 15.8009 21.8960 -27.3745 -38.7857 -45.4041 -1.9956 27.7483 -15.9496 -33.4329 -42.6975 -41.1242 13.8621 27.9592 -26.2519 -38.2577 -45.2718 -4.3555 27.0332 -15.4460 -33.3922 -42.7566 -40.3914 14.7552 24.0836 -27.3286 -38.9470 -45.4897 1.0478 29.7877 -18.7023 -34.6795 -43.6599 -33.3073 18.7092 5.0901 -30.1422 -40.4198 -45.3862 7.3227 33.0046 -22.4987 -36.4477 -44.6383 -19.5393 20.8332 32.0450 20.8332 -19.5393 -44.6383 -36.4477 -22.4987 33.0046 7.3227 -45.3862 -40.4198 -30.1422 5.0901 18.7092 -33.3073 -43.6599 -34.6795 -18.7023 29.7877 1.0478 -45.4897 -38.9470 -27.3286 24.0836 14.7552 -40.3914 -42.7566 -33.3922 -15.4460 27.0332 -4.3555 -45.2718 -38.2577 -26.2519 27.9592 13.8621 -41.1242 -42.6975 -33.4329 -15.9496 27.7483 -1.9956 -45.4041 -38.7857 -27.3745 21.8960 15.8009 -38.0120 -43.2764 -34.3068 -18.3573 29.6411
-18.3005 -34.5611 -43.4415 -36.7664 16.4601 19.0782 -27.8155 -39.0168 -45.4622 -0.6588 28.3616 -16.6319 -33.6607 -42.8497 -40.4556 14.3318 26.7679 -26.5114 -38.3747 -45.3017 -3.8466 27.1674 -15.5286 -33.3922 -42.7385 -40.5683 14.5670 24.9545 -27.1264 -38.8243 -45.4568 0.2755 29.3510 -18.2386 -34.4804 -43.5306 -34.6574 18.0967 8.0344 -29.7280 -40.2134 -45.4836 6.5699 32.7506 -22.0148 -36.2092 -44.5185 -20.6220 22.2615 -3.0377 -25.3957 -3.0377 22.2615 -20.6220 -44.5185 -36.2092 -22.0148 32.7506 6.5699 -45.4836 -40.2134 -29.7280 8.0344 18.0967 -34.6574 -43.5306 -34.4804 -18.2386 29.3510 0.2755 -45.4568 -38.8243 -27.1264 24.9545 14.5670 -40.5683 -42.7385 -33.3922 -15.5286 27.1674 -3.8466 -45.3017 -38.3747 -26.5114 26.7679 14.3318 -40.4556 -42.8497 -33.6607 -16.6319 28.3616 -0.6588 -45.4622 -39.0168 -27.8155 19.0782 16.4601 -36.7664 -43.4415 -34.5611 -18.3005
-32.9544 -43.6013 -35.3854 17.1310 15.9578 -28.2557 -39.2493 -45.5154 0.5907 28.9918 -17.3114 -33.9018 -43.0093 -39.6378 14.8640 25.1783 -26.8268 -38.5271 -45.3417 -3.0730 27.4258 -15.7660 -33.4451 -42.7566 -40.5683 14.5028 25.3841 -27.0004 -38.7382 -45.4310 -0.3721 28.9849 -17.8292 -34.3060 -43.4128 -35.7892 17.5406 10.8761 -29.3393 -40.0144 -45.5462 5.8074 32.4174 -21.5236 -35.9688 -44.3957 -22.6699 21.9960 -6.1446 -30.7619 -37.5084 -30.7619 -6.1446 21.9960 -22.6699 -44.3957 -35.9688 -21.5236 32.4174 5.8074 -45.5462 -40.0144 -29.3393 10.8761 17.5406 -35.7892 -43.4128 -34.3060 -17.8292 28.9849 -0.3721 -45.4310 -38.7382 -27.0004 25.3841 14.5028 -40.5683 -42.7566 -33.4451 -15.7660 27.4258 -3.0730 -45.3417 -38.5271 -26.8268 25.1783 14.8640 -39.6378 -43.0093 -33.9018 -17.3114 28.9918 0.5907 -45.5154 -39.2493 -28.2557 15.9578 17.1310 -35.3854 -43.6013 -32.9544
-42.1741 -33.8641 17.8103 12.6250 -28.6987 -39.4788 -45.5606 1.7420 29.6207 -17.9704 -34.1521 -43.1748 -38.6647 15.4489 23.1624 -27.1877 -38.7081 -45.3883 -2.1179 27.7893 -16.1321 -33.5444 -42.8098 -40.3914 14.5670 25.3841 -26.9576 -38.6922 -45.4135 -0.8460 28.7030 -17.4913 -34.1620 -43.3102 -36.7124 17.0539 13.4736 -28.9804 -39.8263 -45.5801 5.0520 32.0310 -21.0350 -35.7317 -44.2698 -24.8603 21.4725 -5.3673 -31.1864 -41.0177 -46.2457 -41.0177 -31.1864 -5.3673 21.4725 -24.8603 -44.2698 -35.7317 -21.0350 32.0310 5.0520 -45.5801 -39.8263 -28.9804 13.4736 17.0539 -36.7124 -43.3102 -34.1620 -17.4913 28.7030 -0.8460 -45.4135 -38.6922 -26.9576 25.3841 14.5670 -40.3914 -42.8098 -33.5444 -16.1321 27.7893 -2.1179 -45.3883 -38.7081 -27.1877 23.1624 15.4489 -38.6647 -43.1748 -34.1521 -17.9704 29.6207 1.7420 -45.5606 -39.4788 -28.6987 12.6250 17.8103 -33.8641 -42.1741
-32.8362 18.5136 9.2318 -29.1442 -39.7047 -45.5877 2.8058 30.2371 -18.6005 -34.4069 -43.3401 -37.5333 16.0719 20.7173 -27.5807 -38.9074 -45.4386 -1.0594 28.2391 -16.5916 -33.6854 -42.8948 -40.0387 14.7552 24.9545 -27.0004 -38.6922 -45.4067 -1.1027 28.5229 -17.2459 -34.0499 -43.2267 -37.4316 16.6413 15.6941 -28.6626 -39.6545 -45.5917 4.3128 31.6232 -20.5639 -35.5037 -44.1438 -26.9488 20.9003 -3.6941 -31.0795 -41.0566 -45.5274 -13.1296 -45.5274 -41.0566 -31.0795 -3.6941 20.9003 -26.9488 -44.1438 -35.5037 -20.5639 31.6232 4.3128 -45.5917 -39.6545 -28.6626 15.6941 16.6413 -37.4316 -43.2267 -34.0499 -17.2459 28.5229 -1.1027 -45.4067 -38.6922 -27.0004 24.9545 14.7552 -40.0387 -42.8948 -33.6854 -16.5916 28.2391 -1.0594 -45.4386 -38.9074 -27.5807 20.7173 16.0719 -37.5333 -43.3401 -34.4069 -18.6005 30.2371 2.8058 -45.5877 -39.7047 -29.1442 9.2318 18.5136 -32.8362
18.7867 5.9161 -29.5897 -39.9295 -45.5889 3.7893 30.8282 -19.2051 -34.6610 -43.5042 -36.2452 16.7218 17.8602 -27.9978 -39.1196 -45.4885 0.0364 28.7529 -17.1171 -33.8605 -43.0040 -39.5093 15.0579 24.0836 -27.1264 -38.7382 -45.4135 -1.1027 28.4605 -17.1181 -33.9785 -43.1655 -37.9512 16.3127 17.4756 -28.3921 -39.5039 -45.5871 3.6045 31.2109 -20.1147 -35.2909 -44.0210 -28.8387 20.3379 -1.6482 -30.8634 -40.9149 -45.1210 6.6841 22.9407 6.6841 -45.1210 -40.9149 -30.8634 -1.6482 20.3379 -28.8387 -44.0210 -35.2909 -20.1147 31.2109 3.6045 -45.5871 -39.5039 -28.3921 17.4756 16.3127 -37.9512 -43.1655 -33.9785 -17.1181 28.4605 -1.1027 -45.4135 -38.7382 -27.1264 24.0836 15.0579 -39.5093 -43.0040 -33.8605 -17.1171 28.7529 0.0364 -45.4885 -39.1196 -27.9978 17.8602 16.7218 -36.2452 -43.5042 -34.6610 -19.2051 30.8282 3.7893 -45.5889 -39.9295 -29.5897 5.9161 18.7867
2.7592 -30.0379 -40.1538 -45.5615 4.7065 31.3778 -19.7867 -34.9133 -43.6626 -34.8016 17.3934 14.6740 -28.4314 -39.3412 -45.5361 1.1283 29.3085 -17.6830 -34.0616 -43.1305 -38.8075 15.4550 22.7667 -27.3286 -38.8243 -45.4310 -0.8460 28.5229 -17.1181 -33.9550 -43.1326 -38.2715 16.0838 18.7635 -28.1756 -39.3772 -45.5731 2.9604 30.8159 -19.6914 -35.0950 -43.9045 -30.5032 19.7859 0.6214 -30.6290 -40.7320 -45.2016 7.8103 32.4992 -9.2009 32.4992 7.8103 -45.2016 -40.7320 -30.6290 0.6214 19.7859 -30.5032 -43.9045 -35.0950 -19.6914 30.8159 2.9604 -45.5731 -39.3772 -28.1756 18.7635 16.0838 -38.2715 -43.1326 -33.9550 -17.1181 28.5229 -0.8460 -45.4310 -38.8243 -27.3286 22.7667 15.4550 -38.8075 -43.1305 -34.0616 -17.6830 29.3085 1.1283 -45.5361 -39.3412 -28.4314 14.6740 17.3934 -34.8016 -43.6626 -34.9133 -19.7867 31.3778 4.7065 -45.5615 -40.1538 -30.0379 2.7592
-28.4371 -40.3763 -45.5027 5.5736 31.8775 -20.3447 -35.1659 -43.8138 -33.2125 18.0806 11.3032 -28.8723 -39.5682 -45.5742 2.1853 29.8911 -18.2668 -34.2832 -43.2709 -37.9304 15.9257 20.9950 -27.5946 -38.9470 -45.4568 -0.3721 28.7030 -17.2459 -33.9785 -43.1326 -38.3766 15.9633 19.5556 -28.0239 -39.2817 -45.5552 2.4003 30.4679 -19.3125 -34.9172 -43.7925 -31.9369 19.2327 3.0175 -30.3730 -40.5443 -45.3228 7.5557 32.9568 -21.1462 -31.6853 -21.1462 32.9568 7.5557 -45.3228 -40.5443 -30.3730 3.0175 19.2327 -31.9369 -43.7925 -34.9172 -19.3125 30.4679 2.4003 -45.5552 -39.2817 -28.0239 19.5556 15.9633 -38.3766 -43.1326 -33.9785 -17.2459 28.7030 -0.3721 -45.4568 -38.9470 -27.5946 20.9950 15.9257 -37.9304 -43.2709 -34.2832 -18.2668 29.8911 2.1853 -45.5742 -39.5682 -28.8723 11.3032 18.0806 -33.2125 -43.8138 -35.1659 -20.3447 31.8775 5.5736 -45.5027 -40.3763 -28.4371
-38.8545 -45.4122 6.3976 32.3188 -20.8830 -35.4186 -43.9608 -31.4718 18.7795 7.9089 -29.3175 -39.7947 -45.5914 3.1982 30.4771 -18.8570 -34.5194 -43.4187 -36.8710 16.4590 18.7864 -27.9114 -39.0992 -45.4897 0.2755 28.9849 -17.4913 -34.0499 -43.1655 -38.2715 15.9633 19.8309 -27.9456 -39.2228 -45.5395 1.9611 30.1833 -18.9947 -34.7655 -43.6920 -33.1401 18.7071 5.4110 -30.0598 -40.3616 -45.4246 6.9913 32.8584 -21.9123 -35.6271 -42.1152 -35.6271 -21.9123 32.8584 6.9913 -45.4246 -40.3616 -30.0598 5.4110 18.7071 -33.1401 -43.6920 -34.7655 -18.9947 30.1833 1.9611 -45.5395 -39.2228 -27.9456 19.8309 15.9633 -38.2715 -43.1655 -34.0499 -17.4913 28.9849 0.2755 -45.4897 -39.0992 -27.9114 18.7864 16.4590 -36.8710 -43.4187 -34.5194 -18.8570 30.4771 3.1982 -45.5914 -39.7947 -29.3175 7.9089 18.7795 -31.4718 -43.9608 -35.4186 -20.8830 32.3188 6.3976 -45.4122 -38.8545
-44.2632 7.1868 32.6872 -21.4075 -35.6693 -44.1045 -29.5665 19.4833 4.6642 -29.7659 -40.0175 -45.5817 4.1582 31.0475 -19.4388 -34.7638 -43.5698 -35.6186 17.0483 16.1532 -28.2653 -39.2741 -45.5266 1.0478 29.3510 -17.8292 -34.1620 -43.2267 -37.9512 16.0838 19.5556 -27.9456 -39.2023 -45.5308 1.6847 29.9783 -18.7534 -34.6481 -43.6105 -34.1004 18.2558 7.6596 -29.7303 -40.1933 -45.4977 6.3637 32.6334 -21.7356 -35.9460 -44.6623 -45.4458 -44.6623 -35.9460 -21.7356 32.6334 6.3637 -45.4977 -40.1933 -29.7303 7.6596 18.2558 -34.1004 -43.6105 -34.6481 -18.7534 29.9783 1.6847 -45.5308 -39.2023 -27.9456 19.5556 16.0838 -37.9512 -43.2267 -34.1620 -17.8292 29.3510 1.0478 -45.5266 -39.2741 -28.2653 16.1532 17.0483 -35.6186 -43.5698 -34.7638 -19.4388 31.0475 4.1582 -45.5817 -40.0175 -29.7659 4.6642 19.4833 -29.5665 -44.1045 -35.6693 -21.4075 32.6872 7.1868 -44.2632
7.3098 32.9668 -21.9193 -35.9181 -44.2418 -27.5014 20.1443 1.6814 -30.2016 -40.2392 -45.5424 5.0555 31.5815 -20.0065 -35.0134 -43.7235 -34.1752 17.6866 13.1285 -28.6519 -39.4671 -45.5621 1.8955 29.7877 -18.2386 -34.3060 -43.3102 -37.4316 16.3127 18.7635 -28.0239 -39.2228 -45.5308 1.5884 29.8731 -18.6007 -34.5671 -43.5473 -34.8078 17.8976 9.6100 -29.4463 -40.0424 -45.5451 5.7502 32.3509 -21.3791 -35.8539 -44.3603 -30.0608 9.5049 -30.0608 -44.3603 -35.8539 -21.3791 32.3509 5.7502 -45.5451 -40.0424 -29.4463 9.6100 17.8976 -34.8078 -43.5473 -34.5671 -18.6007 29.8731 1.5884 -45.5308 -39.2228 -28.0239 18.7635 16.3127 -37.4316 -43.3102 -34.3060 -18.2386 29.7877 1.8955 -45.5621 -39.4671 -28.6519 13.1285 17.6866 -34.1752 -43.7235 -35.0134 -20.0065 31.5815 5.0555 -45.5424 -40.2392 -30.2016 1.6814 20.1443 -27.5014 -44.2418 -35.9181 -21.9193 32.9668 7.3098
32.6580 -22.4194 -36.1669 -44.3713 -25.3004 20.7635 -0.9938 -30.5453 -40.4601 -45.4705 5.9004 32.0599 -20.5592 -35.2647 -43.8739 -32.5431 18.3584 9.8848 -29.0665 -39.6738 -45.5863 2.7801 30.2742 -18.7023 -34.4804 -43.4128 -36.7124 16.6413 17.4756 -28.1756 -39.2817 -45.5395 1.6847 29.8731 -18.5473 -34.5248 -43.5082 -35.2769 17.6335 11.1467 -29.2184 -39.9131 -45.5726 5.1834 32.0527 -21.0039 -35.6860 -44.2410 -27.0945 18.7362 32.8887 18.7362 -27.0945 -44.2410 -35.6860 -21.0039 32.0527 5.1834 -45.5726 -39.9131 -29.2184 11.1467 17.6335 -35.2769 -43.5082 -34.5248 -18.5473 29.8731 1.6847 -45.5395 -39.2817 -28.1756 17.4756 16.6413 -36.7124 -43.4128 -34.4804 -18.7023 30.2742 2.7801 -45.5863 -39.6738 -29.0665 9.8848 18.3584 -32.5431 -43.8739 -35.2647 -20.5592 32.0599 5.9004 -45.4705 -40.4601 -30.5453 -0.9938 20.7635 -25.3004 -44.3713 -36.1669 -22.4194 32.6580
-21.9286 -36.4162 -44.4960 -22.9816 21.3843 -3.3455 -30.8111 -40.6773 -45.3625 6.7067 32.4722 -21.0923 -35.5161 -44.0178 -30.7373 19.0583 6.6076 -29.4970 -39.8875 -45.5906 3.6684 30.7816 -19.1988 -34.6795 -43.5306 -35.7892 17.0539 15.6941 -28.3921 -39.3772 -45.5552 1.9611 29.9783 -18.6007 -34.5248 -43.4965 -35.5154 17.4707 12.2091 -29.0474 -39.8126 -45.5859 4.6877 31.7666 -20.6543 -35.5165 -44.1370 -27.6012 20.2479 5.7393 -23.9418 5.7393 20.2479 -27.6012 -44.1370 -35.5165 -20.6543 31.7666 4.6877 -45.5859 -39.8126 -29.0474 12.2091 17.4707 -35.5154 -43.4965 -34.5248 -18.6007 29.9783 1.9611 -45.5552 -39.3772 -28.3921 15.6941 17.0539 -35.7892 -43.5306 -34.6795 -19.1988 30.7816 3.6684 -45.5906 -39.8875 -29.4970 6.6076 19.0583 -30.7373 -44.0178 -35.5161 -21.0923 32.4722 6.7067 -45.3625 -40.6773 -30.8111 -3.3455 21.3843 -22.9816 -44.4960 -36.4162 -21.9286
-34.8367 -44.6184 -20.5614 22.0085 -5.3847 -31.0769 -40.8902 -45.2154 7.4797 32.8071 -21.6089 -35.7675 -44.1573 -28.7779 19.7470 3.4518 -29.9406 -40.1059 -45.5694 4.5406 31.2919 -19.7151 -34.8962 -43.6599 -34.6574 17.5406 13.4736 -28.6626 -39.5039 -45.5731 2.4003 30.1833 -18.7534 -34.5671 -43.5082 -35.5154 17.4174 12.7550 -28.9420 -39.7426 -45.5909 4.2838 31.5116 -20.3513 -35.3660 -44.0443 -28.7831 20.2051 0.5232 -29.8127 -36.6849 -29.8127 0.5232 20.2051 -28.7831 -44.0443 -35.3660 -20.3513 31.5116 4.2838 -45.5909 -39.7426 -28.9420 12.7550 17.4174 -35.5154 -43.5082 -34.5671 -18.7534 30.1833 2.4003 -45.5731 -39.5039 -28.6626 13.4736 17.5406 -34.6574 -43.6599 -34.8962 -19.7151 31.2919 4.5406 -45.5694 -40.1059 -29.9406 3.4518 19.7470 -28.7779 -44.1573 -35.7675 -21.6089 32.8071 7.4797 -45.2154 -40.8902 -31.0769 -5.3847 22.0085 -20.5614 -44.6184 -34.8367
-43.2561 -18.0918 22.6407 -7.1581 -31.3424 -41.1014 -45.0255 8.2204 33.0472 -22.1145 -36.0170 -44.2933 -26.6597 20.3852 0.5837 -30.3411 -40.3259 -45.5182 5.3973 31.7826 -20.2451 -35.1280 -43.7963 -33.3073 18.0967 10.8761 -28.9804 -39.6545 -45.5871 2.9604 30.4679 -18.9947 -34.6481 -43.5473 -35.2769 17.4707 12.7550 -28.9081 -39.7059 -45.5921 3.9975 31.3114 -20.1065 -35.2421 -43.9666 -29.9174 19.8898 0.9110 -30.4254 -40.3244 -45.8388 -40.3244 -30.4254 0.9110 19.8898 -29.9174 -43.9666 -35.2421 -20.1065 31.3114 3.9975 -45.5921 -39.7059 -28.9081 12.7550 17.4707 -35.2769 -43.5473 -34.6481 -18.9947 30.4679 2.9604 -45.5871 -39.6545 -28.9804 10.8761 18.0967 -33.3073 -43.7963 -35.1280 -20.2451 31.7826 5.3973 -45.5182 -40.3259 -30.3411 0.5837 20.3852 -26.6597 -44.2933 -36.0170 -22.1145 33.0472 8.2204 -45.0255 -41.1014 -31.3424 -7.1581 22.6407 -18.0918 -43.2561
-17.2335 23.2949 -8.7187 -31.6059 -41.3115 -44.7874 8.9347 33.1736 -22.6098 -36.2644 -44.4227 -24.3986 21.0046 -1.9508 -30.6503 -40.5442 -45.4327 6.2241 32.2314 -20.7747 -35.3702 -43.9361 -31.7312 18.7092 8.0344 -29.3393 -39.8263 -45.5917 3.6045 30.8159 -19.3125 -34.7655 -43.6105 -34.8078 17.6335 12.2091 -28.9420 -39.7059 -45.5922 3.8492 31.1878 -19.9369 -35.1477 -43.9039 -30.8389 19.5520 2.2003 -30.4018 -40.4710 -45.8809 -20.1958 -45.8809 -40.4710 -30.4018 2.2003 19.5520 -30.8389 -43.9039 -35.1477 -19.9369 31.1878 3.8492 -45.5922 -39.7059 -28.9420 12.2091 17.6335 -34.8078 -43.6105 -34.7655 -19.3125 30.8159 3.6045 -45.5917 -39.8263 -29.3393 8.0344 18.7092 -31.7312 -43.9361 -35.3702 -20.7747 32.2314 6.2241 -45.4327 -40.5442 -30.6503 -1.9508 21.0046 -24.3986 -44.4227 -36.2644 -22.6098 33.1736 8.9347 -44.7874 -41.3115 -31.6059 -8.7187 23.2949 -17.2335
23.5636 -10.1011 -31.8678 -41.5173 -44.4963 9.6321 33.1677 -23.0930 -36.5118 -44.5442 -22.0335 21.6305 -4.1740 -30.9164 -40.7615 -45.3099 7.0125 32.6150 -21.2979 -35.6162 -44.0755 -29.9382 19.3730 5.0901 -29.7280 -40.0144 -45.5801 4.3128 31.2109 -19.6914 -34.9172 -43.6920 -34.1004 17.8976 11.1467 -29.0474 -39.7426 -45.5921 3.8492 31.1468 -19.8510 -35.0894 -43.8593 -31.5163 19.2504 3.5304 -30.2517 -40.4111 -45.4612 4.5193 21.2258 4.5184 -45.4613 -40.4109 -30.2515 3.5304 19.2504 -31.5163 -43.8593 -35.0894 -19.8512 31.1468 3.8492 -45.5921 -39.7426 -29.0474 11.1467 17.8976 -34.1004 -43.6920 -34.9172 -19.6914 31.2109 4.3128 -45.5801 -40.0144 -29.7280 5.0901 19.3730 -29.9382 -44.0755 -35.6162 -21.2979 32.6150 7.0125 -45.3099 -40.7615 -30.9164 -4.1740 21.6305 -22.0335 -44.5442 -36.5118 -23.0930 33.1677 9.6321 -44.4963 -41.5173 -31.8678 -10.1011 23.5636
-10.9836 -32.1303 -41.7181 -44.1486 10.3153 33.0074 -23.5665 -36.7593 -44.6607 -19.5974 22.2582 -6.1134 -31.1807 -40.9750 -45.1459 7.7713 32.9131 -21.8104 -35.8645 -44.2113 -27.9546 20.0213 2.2128 -30.1422 -40.2134 -45.5462 5.0520 31.6232 -20.1147 -35.0950 -43.7925 -33.1401 18.2558 9.6100 -29.2184 -39.8126 -45.5909 3.9975 31.1878 -19.8510 -35.0709 -43.8358 -31.9237 19.0404 4.6170 -30.0753 -40.3235 -45.4697 6.0501 31.3675 -4.9195 31.3663 6.0448 -45.4703 -40.3228 -30.0750 4.6207 19.0404 -31.9237 -43.8359 -35.0707 -19.8512 31.1878 3.9975 -45.5909 -39.8126 -29.2184 9.6100 18.2558 -33.1401 -43.7925 -35.0950 -20.1147 31.6232 5.0520 -45.5462 -40.2134 -30.1422 2.2128 20.0213 -27.9546 -44.2113 -35.8645 -21.8104 32.9131 7.7713 -45.1459 -40.9750 -31.1807 -6.1134 22.2582 -19.5974 -44.6607 -36.7593 -23.5665 33.0074 10.3153 -44.1486 -41.7181 -32.1303 -10.9836
-30.4747 -41.9177 -43.7389 10.9829 32.6670 -24.0346 -37.0046 -44.7731 -17.1210 22.8891 -7.7994 -31.4451 -41.1840 -44.9374 8.5049 33.1109 -22.3091 -36.1147 -44.3431 -25.7918 20.6300 -0.4644 -30.4887 -40.4198 -45.4836 5.8074 32.0310 -20.5639 -35.2909 -43.9045 -31.9369 18.7071 7.6596 -29.4463 -39.9131 -45.5859 4.2838 31.3114 -19.9369 -35.0894 -43.8358 -32.0560 18.9351 5.3056 -29.9497 -40.2500 -45.4953 6.1254 32.2761 -19.9376 -31.0577 -19.9274 32.2686 6.1127 -45.4959 -40.2491 -29.9489 5.3060 18.9378 -32.0551 -43.8360 -35.0892 -19.9369 31.3114 4.2838 -45.5859 -39.9131 -29.4463 7.6596 18.7071 -31.9369 -43.9045 -35.2909 -20.5639 32.0310 5.8074 -45.4836 -40.4198 -30.4887 -0.4644 20.6300 -25.7918 -44.3431 -36.1147 -22.3091 33.1109 8.5049 -44.9374 -41.1840 -31.4451 -7.7994 22.8891 -17.1210 -44.7731 -37.0046 -24.0346 32.6670 10.9829 -43.7389 -41.9177 -30.4747
-40.4315 -43.2626 11.6387 32.1230 -24.4975 -37.2475 -44.8785 -14.6615 23.5280 -9.2782 -31.7094 -41.3910 -44.6802 9.2130 33.1882 -22.7991 -36.3627 -44.4711 -23.4885 21.2481 -2.8670 -30.7543 -40.6310 -45.3862 6.5699 32.4174 -21.0350 -35.5037 -44.0210 -30.5032 19.2327 5.4110 -29.7303 -40.0424 -45.5726 4.6877 31.5116 -20.1065 -35.1477 -43.8593 -31.9237 18.9351 5.5371 -29.8899 -40.2204 -45.5143 5.9483 32.3381 -21.0093 -35.1229 -41.6070 -35.1016 -20.9574 32.3005 5.9242 -45.5131 -40.2000 -29.9013 5.4397 18.9420 -31.9222 -43.8594 -35.1477 -20.1065 31.5116 4.6877 -45.5726 -40.0424 -29.7303 5.4110 19.2327 -30.5032 -44.0210 -35.5037 -21.0350 32.4174 6.5699 -45.3862 -40.6310 -30.7543 -2.8670 21.2481 -23.4885 -44.4711 -36.3627 -22.7991 33.1882 9.2130 -44.6802 -41.3910 -31.7094 -9.2782 23.5280 -14.6615 -44.8785 -37.2475 -24.4975 32.1230 11.6387 -43.2626 -40.4315
-42.1855 12.2968 31.3491 -24.9529 -37.4907 -44.9758 -12.2897 24.1723 -10.5945 -31.9715 -41.5965 -44.3679 9.9004 33.1243 -23.2805 -36.6085 -44.5922 -21.0816 21.8741 -4.9629 -31.0205 -40.8451 -45.2500 7.3227 32.7506 -21.5236 -35.7317 -44.1438 -28.8387 19.7859 3.0175 -30.0598 -40.1933 -45.5451 5.1834 31.7666 -20.3513 -35.2421 -43.9039 -31.5163 19.0404 5.3102 -29.8893 -40.2127 -45.5909 6.1409 32.1607 -21.3707 -35.5977 -44.3508 -45.8700 -44.1764 -35.4332 -21.1571 32.1252 5.8662 -45.5990 -40.2820 -29.9831 5.2065 19.0449 -31.5157 -43.9039 -35.2421 -20.3513 31.7666 5.1834 -45.5451 -40.1933 -30.0598 3.0175 19.7859 -28.8387 -44.1438 -35.7317 -21.5236 32.7506 7.3227 -45.2500 -40.8451 -31.0205 -4.9629 21.8741 -21.0816 -44.5922 -36.6085 -23.2805 33.1243 9.9004 -44.3679 -41.5965 -31.9715 -10.5945 24.1723 -12.2897 -44.9758 -37.4907 -24.9529 31.3491 12.2968 -42.1855
12.4328 30.3097 -25.4027 -37.7328 -45.0687 -10.0467 24.8170 -11.7733 -32.2320 -41.7974 -43.9956 10.5752 32.8978 -23.7515 -36.8545 -44.7066 -18.6250 22.5057 -6.7937 -31.2847 -41.0580 -45.0705 8.0602 33.0046 -22.0148 -35.9688 -44.2698 -26.9488 20.3379 0.6214 -30.3730 -40.3616 -45.4977 5.7502 32.0527 -20.6543 -35.3660 -43.9666 -30.8389 19.2504 4.6207 -29.9491 -40.2127 -45.7873 5.7379 32.4608 -21.3508 -35.7462 -44.0320 -31.8014 8.7685 -32.5605 -44.1699 -35.7058 -20.8660 32.1550 6.1128 -45.5607 -40.2155 -29.9547 4.6093 19.2506 -30.8389 -43.9666 -35.3660 -20.6543 32.0527 5.7502 -45.4977 -40.3616 -30.3730 0.6214 20.3379 -26.9488 -44.2698 -35.9688 -22.0148 33.0046 8.0602 -45.0705 -41.0580 -31.2847 -6.7937 22.5057 -18.6250 -44.7066 -36.8545 -23.7515 32.8978 10.5752 -43.9956 -41.7974 -32.2320 -11.7733 24.8170 -10.0467 -45.0687 -37.7328 -25.4027 30.3097 12.4328
28.4403 -25.8500 -37.9714 -45.1556 -7.9717 25.4592 -12.8246 -32.4898 -41.9936 -43.5635 11.2313 32.4879 -24.2117 -37.0974 -44.8149 -16.1802 23.1334 -8.3808 -31.5456 -41.2656 -44.8459 8.7730 33.1559 -22.4987 -36.2092 -44.3957 -24.8603 20.9003 -1.6482 -30.6290 -40.5443 -45.4246 6.3637 32.3509 -21.0039 -35.5165 -44.0443 -29.9174 19.5520 3.5304 -30.0753 -40.2503 -45.5156 6.2234 32.3137 -21.2622 -35.6972 -44.2465 -27.8316 18.1090 32.8941 17.6451 -28.7619 -44.1272 -35.6325 -21.3052 32.2903 6.0851 -45.4599 -40.2560 -30.0754 3.5293 19.5520 -29.9174 -44.0443 -35.5165 -21.0039 32.3509 6.3637 -45.4246 -40.5443 -30.6290 -1.6482 20.9003 -24.8603 -44.3957 -36.2092 -22.4987 33.1559 8.7730 -44.8459 -41.2656 -31.5456 -8.3808 23.1334 -16.1802 -44.8149 -37.0974 -24.2117 32.4879 11.2313 -43.5635 -41.9936 -32.4898 -12.8246 25.4592 -7.9717 -45.1556 -37.9714 -25.8500 28.4403
