0.9572 1.0000 0.0001 0.0018 0.0251 0.3500 1.0000 0.0000 0.0006 0.0085 0.1193 1.0000 1.0000 0.0002 0.0029 0.0405 0.5641 1.0000 0.0001 0.0010 0.0138 0.1915 1.0000 1.0000 0.0003 0.0047 0.0652 0.9076 1.0000 0.0001 0.0016 0.0221 0.3081 1.0000 1.0000 0.0005 0.0075 0.1046 1.0000 1.0000 0.0002 0.0025 0.0355 0.4948 1.0000 0.0001 0.0009 0.0119 0.1596 1.0000 1.0000 1.0000 0.1596 0.0119 0.0009 0.0001 1.0000 0.4948 0.0355 0.0025 0.0002 1.0000 1.0000 0.1046 0.0075 0.0005 1.0000 1.0000 0.3081 0.0221 0.0016 0.0001 1.0000 0.9076 0.0652 0.0047 0.0003 1.0000 1.0000 0.1915 0.0138 0.0010 0.0001 1.0000 0.5641 0.0405 0.0029 0.0002 1.0000 1.0000 0.1193 0.0085 0.0006 0.0000 1.0000 0.3500 0.0251 0.0018 0.0001 1.0000 0.9572
1.0000 0.0001 0.0018 0.0250 0.3474 1.0000 0.0000 0.0006 0.0085 0.1177 1.0000 1.0000 0.0002 0.0029 0.0400 0.5577 1.0000 0.0001 0.0010 0.0136 0.1894 1.0000 1.0000 0.0003 0.0046 0.0643 0.8956 1.0000 0.0001 0.0016 0.0218 0.3041 1.0000 1.0000 0.0005 0.0074 0.1034 1.0000 1.0000 0.0002 0.0025 0.0351 0.4892 1.0000 0.0001 0.0009 0.0119 0.1642 1.0000 1.0000 0.0001 1.0000 1.0000 0.1642 0.0119 0.0009 0.0001 1.0000 0.4892 0.0351 0.0025 0.0002 1.0000 1.0000 0.1034 0.0074 0.0005 1.0000 1.0000 0.3041 0.0218 0.0016 0.0001 1.0000 0.8956 0.0643 0.0046 0.0003 1.0000 1.0000 0.1894 0.0136 0.0010 0.0001 1.0000 0.5577 0.0400 0.0029 0.0002 1.0000 1.0000 0.1177 0.0085 0.0006 0.0000 1.0000 0.3474 0.0250 0.0018 0.0001 1.0000
0.0001 0.0018 0.0244 0.3344 1.0000 1.0000 0.0006 0.0080 0.1108 1.0000 1.0000 0.0002 0.0027 0.0375 0.5228 1.0000 0.0001 0.0009 0.0127 0.1775 1.0000 1.0000 0.0003 0.0043 0.0603 0.8395 1.0000 0.0001 0.0015 0.0205 0.2856 1.0000 1.0000 0.0005 0.0070 0.0970 1.0000 1.0000 0.0002 0.0024 0.0329 0.4585 1.0000 0.0001 0.0008 0.0112 0.1554 1.0000 1.0000 0.0002 0.0012 0.0002 1.0000 1.0000 0.1554 0.0112 0.0008 0.0001 1.0000 0.4585 0.0329 0.0024 0.0002 1.0000 1.0000 0.0970 0.0070 0.0005 1.0000 1.0000 0.2856 0.0205 0.0015 0.0001 1.0000 0.8395 0.0603 0.0043 0.0003 1.0000 1.0000 0.1775 0.0127 0.0009 0.0001 1.0000 0.5228 0.0375 0.0027 0.0002 1.0000 1.0000 0.1108 0.0080 0.0006 1.0000 1.0000 0.3344 0.0244 0.0018 0.0001
0.0018 0.0250 0.3344 1.0000 1.0000 0.0005 0.0076 0.1048 1.0000 1.0000 0.0002 0.0025 0.0353 0.4901 1.0000 0.0001 0.0009 0.0119 0.1664 1.0000 1.0000 0.0003 0.0041 0.0566 0.7884 1.0000 0.0001 0.0014 0.0192 0.2677 1.0000 1.0000 0.0005 0.0065 0.0909 1.0000 1.0000 0.0002 0.0022 0.0309 0.4298 1.0000 0.0001 0.0008 0.0105 0.1459 1.0000 1.0000 0.0002 0.0029 0.0152 0.0029 0.0002 1.0000 1.0000 0.1459 0.0105 0.0008 0.0001 1.0000 0.4298 0.0309 0.0022 0.0002 1.0000 1.0000 0.0909 0.0065 0.0005 1.0000 1.0000 0.2677 0.0192 0.0014 0.0001 1.0000 0.7884 0.0566 0.0041 0.0003 1.0000 1.0000 0.1664 0.0119 0.0009 0.0001 1.0000 0.4901 0.0353 0.0025 0.0002 1.0000 1.0000 0.1048 0.0076 0.0005 1.0000 1.0000 0.3344 0.0250 0.0018
0.0251 0.3474 1.0000 1.0000 0.0005 0.0074 0.1009 1.0000 1.0000 0.0002 0.0024 0.0332 0.4611 1.0000 0.0001 0.0008 0.0112 0.1563 1.0000 1.0000 0.0003 0.0038 0.0531 0.7391 1.0000 0.0001 0.0013 0.0180 0.2509 1.0000 1.0000 0.0004 0.0061 0.0852 1.0000 1.0000 0.0001 0.0021 0.0290 0.4037 1.0000 0.0001 0.0007 0.0098 0.1371 1.0000 1.0000 0.0002 0.0032 0.0380 0.1986 0.0380 0.0032 0.0002 1.0000 1.0000 0.1371 0.0098 0.0007 0.0001 1.0000 0.4037 0.0290 0.0021 0.0001 1.0000 1.0000 0.0852 0.0061 0.0004 1.0000 1.0000 0.2509 0.0180 0.0013 0.0001 1.0000 0.7391 0.0531 0.0038 0.0003 1.0000 1.0000 0.1563 0.0112 0.0008 0.0001 1.0000 0.4611 0.0332 0.0024 0.0002 1.0000 1.0000 0.1009 0.0074 0.0005 1.0000 1.0000 0.3474 0.0251
0.3500 1.0000 1.0000 0.0005 0.0074 0.0994 1.0000 1.0000 0.0002 0.0023 0.0314 0.4364 1.0000 0.0001 0.0008 0.0105 0.1465 1.0000 1.0000 0.0003 0.0036 0.0497 0.6928 1.0000 0.0001 0.0012 0.0169 0.2352 1.0000 1.0000 0.0004 0.0057 0.0800 1.0000 1.0000 0.0001 0.0020 0.0272 0.3784 1.0000 0.0000 0.0007 0.0092 0.1285 1.0000 1.0000 0.0002 0.0031 0.0415 0.4967 1.0000 0.4967 0.0415 0.0031 0.0002 1.0000 1.0000 0.1285 0.0092 0.0007 0.0000 1.0000 0.3784 0.0272 0.0020 0.0001 1.0000 1.0000 0.0800 0.0057 0.0004 1.0000 1.0000 0.2352 0.0169 0.0012 0.0001 1.0000 0.6928 0.0497 0.0036 0.0003 1.0000 1.0000 0.1465 0.0105 0.0008 0.0001 1.0000 0.4364 0.0314 0.0023 0.0002 1.0000 1.0000 0.0994 0.0074 0.0005 1.0000 1.0000 0.3500
1.0000 0.0000 0.0006 0.0076 0.1009 1.0000 1.0000 0.0002 0.0022 0.0302 0.4161 1.0000 0.0001 0.0007 0.0099 0.1381 1.0000 1.0000 0.0002 0.0034 0.0466 0.6494 1.0000 0.0001 0.0011 0.0159 0.2209 1.0000 1.0000 0.0004 0.0054 0.0750 1.0000 1.0000 0.0001 0.0018 0.0255 0.3547 1.0000 0.0000 0.0006 0.0086 0.1204 1.0000 1.0000 0.0002 0.0029 0.0404 0.5421 1.0000 1.0000 1.0000 0.5421 0.0404 0.0029 0.0002 1.0000 1.0000 0.1204 0.0086 0.0006 0.0000 1.0000 0.3547 0.0255 0.0018 0.0001 1.0000 1.0000 0.0750 0.0054 0.0004 1.0000 1.0000 0.2209 0.0159 0.0011 0.0001 1.0000 0.6494 0.0466 0.0034 0.0002 1.0000 1.0000 0.1381 0.0099 0.0007 0.0001 1.0000 0.4161 0.0302 0.0022 0.0002 1.0000 1.0000 0.1009 0.0076 0.0006 0.0000 1.0000
0.0000 0.0006 0.0080 0.1048 1.0000 1.0000 0.0002 0.0022 0.0295 0.4037 1.0000 0.0000 0.0007 0.0094 0.1304 1.0000 1.0000 0.0002 0.0031 0.0438 0.6099 1.0000 0.0001 0.0011 0.0149 0.2071 1.0000 1.0000 0.0004 0.0050 0.0703 0.9793 1.0000 0.0001 0.0017 0.0239 0.3325 1.0000 0.0000 0.0006 0.0081 0.1131 1.0000 1.0000 0.0002 0.0028 0.0383 0.5278 1.0000 0.0001 0.0003 0.0001 1.0000 0.5278 0.0383 0.0028 0.0002 1.0000 1.0000 0.1131 0.0081 0.0006 0.0000 1.0000 0.3325 0.0239 0.0017 0.0001 1.0000 0.9793 0.0703 0.0050 0.0004 1.0000 1.0000 0.2071 0.0149 0.0011 0.0001 1.0000 0.6099 0.0438 0.0031 0.0002 1.0000 1.0000 0.1304 0.0094 0.0007 0.0000 1.0000 0.4037 0.0295 0.0022 0.0002 1.0000 1.0000 0.1048 0.0080 0.0006 0.0000
0.0006 0.0085 0.1108 1.0000 1.0000 0.0002 0.0022 0.0295 0.3991 1.0000 0.0000 0.0007 0.0090 0.1244 1.0000 1.0000 0.0002 0.0030 0.0413 0.5739 1.0000 0.0001 0.0010 0.0139 0.1941 1.0000 1.0000 0.0003 0.0047 0.0659 0.9180 1.0000 0.0001 0.0016 0.0224 0.3123 1.0000 1.0000 0.0005 0.0076 0.1060 1.0000 1.0000 0.0002 0.0026 0.0360 0.4995 1.0000 0.0001 0.0007 0.0038 0.0007 0.0001 1.0000 0.4995 0.0360 0.0026 0.0002 1.0000 1.0000 0.1060 0.0076 0.0005 1.0000 1.0000 0.3123 0.0224 0.0016 0.0001 1.0000 0.9180 0.0659 0.0047 0.0003 1.0000 1.0000 0.1941 0.0139 0.0010 0.0001 1.0000 0.5739 0.0413 0.0030 0.0002 1.0000 1.0000 0.1244 0.0090 0.0007 0.0000 1.0000 0.3991 0.0295 0.0022 0.0002 1.0000 1.0000 0.1108 0.0085 0.0006
0.0085 0.1177 1.0000 1.0000 0.0002 0.0023 0.0302 0.4037 1.0000 0.0000 0.0006 0.0088 0.1202 1.0000 1.0000 0.0002 0.0028 0.0390 0.5410 1.0000 0.0001 0.0009 0.0131 0.1823 1.0000 1.0000 0.0003 0.0044 0.0619 0.8621 1.0000 0.0001 0.0015 0.0210 0.2927 1.0000 1.0000 0.0005 0.0071 0.0994 1.0000 1.0000 0.0002 0.0024 0.0337 0.4700 1.0000 0.0001 0.0008 0.0094 0.0490 0.0094 0.0008 0.0001 1.0000 0.4700 0.0337 0.0024 0.0002 1.0000 1.0000 0.0994 0.0071 0.0005 1.0000 1.0000 0.2927 0.0210 0.0015 0.0001 1.0000 0.8621 0.0619 0.0044 0.0003 1.0000 1.0000 0.1823 0.0131 0.0009 0.0001 1.0000 0.5410 0.0390 0.0028 0.0002 1.0000 1.0000 0.1202 0.0088 0.0006 0.0000 1.0000 0.4037 0.0302 0.0023 0.0002 1.0000 1.0000 0.1177 0.0085
0.1193 1.0000 1.0000 0.0002 0.0024 0.0314 0.4161 1.0000 0.0000 0.0006 0.0087 0.1179 1.0000 1.0000 0.0002 0.0027 0.0371 0.5139 1.0000 0.0001 0.0009 0.0123 0.1712 1.0000 1.0000 0.0003 0.0042 0.0580 0.8082 1.0000 0.0001 0.0014 0.0197 0.2744 1.0000 1.0000 0.0005 0.0067 0.0932 1.0000 1.0000 0.0002 0.0023 0.0317 0.4406 1.0000 0.0001 0.0008 0.0102 0.1223 0.6396 0.1223 0.0102 0.0008 0.0001 1.0000 0.4406 0.0317 0.0023 0.0002 1.0000 1.0000 0.0932 0.0067 0.0005 1.0000 1.0000 0.2744 0.0197 0.0014 0.0001 1.0000 0.8082 0.0580 0.0042 0.0003 1.0000 1.0000 0.1712 0.0123 0.0009 0.0001 1.0000 0.5139 0.0371 0.0027 0.0002 1.0000 1.0000 0.1179 0.0087 0.0006 0.0000 1.0000 0.4161 0.0314 0.0024 0.0002 1.0000 1.0000 0.1193
1.0000 1.0000 0.0002 0.0025 0.0332 0.4364 1.0000 0.0000 0.0007 0.0088 0.1179 1.0000 1.0000 0.0002 0.0026 0.0357 0.4920 1.0000 0.0001 0.0008 0.0117 0.1617 1.0000 1.0000 0.0003 0.0039 0.0544 0.7576 1.0000 0.0001 0.0013 0.0185 0.2572 1.0000 1.0000 0.0005 0.0063 0.0875 1.0000 1.0000 0.0002 0.0021 0.0297 0.4138 1.0000 0.0001 0.0007 0.0100 0.1337 1.0000 1.0000 1.0000 0.1337 0.0100 0.0007 0.0001 1.0000 0.4138 0.0297 0.0021 0.0002 1.0000 1.0000 0.0875 0.0063 0.0005 1.0000 1.0000 0.2572 0.0185 0.0013 0.0001 1.0000 0.7576 0.0544 0.0039 0.0003 1.0000 1.0000 0.1617 0.0117 0.0008 0.0001 1.0000 0.4920 0.0357 0.0026 0.0002 1.0000 1.0000 0.1179 0.0088 0.0007 0.0000 1.0000 0.4364 0.0332 0.0025 0.0002 1.0000 1.0000
1.0000 0.0002 0.0027 0.0353 0.4611 1.0000 0.0001 0.0007 0.0090 0.1202 1.0000 1.0000 0.0002 0.0026 0.0349 0.4763 1.0000 0.0001 0.0008 0.0111 0.1533 1.0000 1.0000 0.0003 0.0037 0.0512 0.7115 1.0000 0.0001 0.0012 0.0173 0.2416 1.0000 1.0000 0.0004 0.0059 0.0820 1.0000 1.0000 0.0001 0.0020 0.0278 0.3879 1.0000 0.0000 0.0007 0.0094 0.1299 1.0000 1.0000 0.0001 1.0000 1.0000 0.1299 0.0094 0.0007 0.0000 1.0000 0.3879 0.0278 0.0020 0.0001 1.0000 1.0000 0.0820 0.0059 0.0004 1.0000 1.0000 0.2416 0.0173 0.0012 0.0001 1.0000 0.7115 0.0512 0.0037 0.0003 1.0000 1.0000 0.1533 0.0111 0.0008 0.0001 1.0000 0.4763 0.0349 0.0026 0.0002 1.0000 1.0000 0.1202 0.0090 0.0007 0.0001 1.0000 0.4611 0.0353 0.0027 0.0002 1.0000
0.0002 0.0029 0.0375 0.4901 1.0000 0.0001 0.0007 0.0094 0.1244 1.0000 1.0000 0.0002 0.0026 0.0346 0.4682 1.0000 0.0001 0.0008 0.0106 0.1465 1.0000 1.0000 0.0003 0.0035 0.0482 0.6707 1.0000 0.0001 0.0012 0.0163 0.2264 1.0000 1.0000 0.0004 0.0055 0.0769 1.0000 1.0000 0.0001 0.0019 0.0261 0.3636 1.0000 0.0000 0.0006 0.0089 0.1232 1.0000 1.0000 0.0002 0.0009 0.0002 1.0000 1.0000 0.1232 0.0089 0.0006 0.0000 1.0000 0.3636 0.0261 0.0019 0.0001 1.0000 1.0000 0.0769 0.0055 0.0004 1.0000 1.0000 0.2264 0.0163 0.0012 0.0001 1.0000 0.6707 0.0482 0.0035 0.0003 1.0000 1.0000 0.1465 0.0106 0.0008 0.0001 1.0000 0.4682 0.0346 0.0026 0.0002 1.0000 1.0000 0.1244 0.0094 0.0007 0.0001 1.0000 0.4901 0.0375 0.0029 0.0002
0.0029 0.0400 0.5228 1.0000 0.0001 0.0008 0.0099 0.1304 1.0000 1.0000 0.0002 0.0026 0.0349 0.4682 1.0000 0.0001 0.0008 0.0103 0.1413 1.0000 1.0000 0.0002 0.0033 0.0457 0.6347 1.0000 0.0001 0.0011 0.0153 0.2127 1.0000 1.0000 0.0004 0.0052 0.0721 1.0000 1.0000 0.0001 0.0018 0.0245 0.3415 1.0000 0.0000 0.0006 0.0083 0.1157 1.0000 1.0000 0.0002 0.0023 0.0121 0.0023 0.0002 1.0000 1.0000 0.1157 0.0083 0.0006 0.0000 1.0000 0.3415 0.0245 0.0018 0.0001 1.0000 1.0000 0.0721 0.0052 0.0004 1.0000 1.0000 0.2127 0.0153 0.0011 0.0001 1.0000 0.6347 0.0457 0.0033 0.0002 1.0000 1.0000 0.1413 0.0103 0.0008 0.0001 1.0000 0.4682 0.0349 0.0026 0.0002 1.0000 1.0000 0.1304 0.0099 0.0008 0.0001 1.0000 0.5228 0.0400 0.0029
0.0405 0.5577 1.0000 0.0001 0.0008 0.0105 0.1381 1.0000 1.0000 0.0002 0.0027 0.0357 0.4763 1.0000 0.0001 0.0007 0.0102 0.1384 1.0000 1.0000 0.0002 0.0032 0.0436 0.6030 1.0000 0.0001 0.0010 0.0144 0.2001 1.0000 1.0000 0.0003 0.0049 0.0677 0.9427 1.0000 0.0001 0.0016 0.0230 0.3201 1.0000 1.0000 0.0006 0.0078 0.1087 1.0000 1.0000 0.0002 0.0025 0.0302 0.1578 0.0302 0.0025 0.0002 1.0000 1.0000 0.1087 0.0078 0.0006 1.0000 1.0000 0.3201 0.0230 0.0016 0.0001 1.0000 0.9427 0.0677 0.0049 0.0003 1.0000 1.0000 0.2001 0.0144 0.0010 0.0001 1.0000 0.6030 0.0436 0.0032 0.0002 1.0000 1.0000 0.1384 0.0102 0.0007 0.0001 1.0000 0.4763 0.0357 0.0027 0.0002 1.0000 1.0000 0.1381 0.0105 0.0008 0.0001 1.0000 0.5577 0.0405
0.5641 1.0000 0.0001 0.0009 0.0112 0.1465 1.0000 1.0000 0.0002 0.0028 0.0371 0.4920 1.0000 0.0001 0.0008 0.0102 0.1371 1.0000 1.0000 0.0002 0.0031 0.0420 0.5772 1.0000 0.0001 0.0010 0.0136 0.1894 1.0000 1.0000 0.0003 0.0046 0.0636 0.8837 1.0000 0.0001 0.0015 0.0215 0.3000 1.0000 1.0000 0.0005 0.0073 0.1019 1.0000 1.0000 0.0002 0.0025 0.0329 0.3938 1.0000 0.3938 0.0329 0.0025 0.0002 1.0000 1.0000 0.1019 0.0073 0.0005 1.0000 1.0000 0.3000 0.0215 0.0015 0.0001 1.0000 0.8837 0.0636 0.0046 0.0003 1.0000 1.0000 0.1894 0.0136 0.0010 0.0001 1.0000 0.5772 0.0420 0.0031 0.0002 1.0000 1.0000 0.1371 0.0102 0.0008 0.0001 1.0000 0.4920 0.0371 0.0028 0.0002 1.0000 1.0000 0.1465 0.0112 0.0009 0.0001 1.0000 0.5641
1.0000 0.0001 0.0009 0.0119 0.1563 1.0000 1.0000 0.0002 0.0030 0.0390 0.5139 1.0000 0.0001 0.0008 0.0103 0.1384 1.0000 1.0000 0.0002 0.0030 0.0408 0.5588 1.0000 0.0001 0.0009 0.0130 0.1795 1.0000 1.0000 0.0003 0.0043 0.0598 0.8315 1.0000 0.0001 0.0015 0.0202 0.2813 1.0000 1.0000 0.0005 0.0069 0.0957 1.0000 1.0000 0.0002 0.0023 0.0321 0.4298 1.0000 1.0000 1.0000 0.4298 0.0321 0.0023 0.0002 1.0000 1.0000 0.0957 0.0069 0.0005 1.0000 1.0000 0.2813 0.0202 0.0015 0.0001 1.0000 0.8315 0.0598 0.0043 0.0003 1.0000 1.0000 0.1795 0.0130 0.0009 0.0001 1.0000 0.5588 0.0408 0.0030 0.0002 1.0000 1.0000 0.1384 0.0103 0.0008 0.0001 1.0000 0.5139 0.0390 0.0030 0.0002 1.0000 1.0000 0.1563 0.0119 0.0009 0.0001 1.0000
0.0001 0.0010 0.0127 0.1664 1.0000 1.0000 0.0002 0.0031 0.0413 0.5410 1.0000 0.0001 0.0008 0.0106 0.1413 1.0000 1.0000 0.0002 0.0030 0.0403 0.5472 1.0000 0.0001 0.0009 0.0125 0.1719 1.0000 1.0000 0.0003 0.0041 0.0565 0.7839 1.0000 0.0001 0.0014 0.0190 0.2641 1.0000 1.0000 0.0005 0.0064 0.0897 1.0000 1.0000 0.0002 0.0022 0.0303 0.4185 1.0000 0.0000 0.0002 0.0000 1.0000 0.4185 0.0303 0.0022 0.0002 1.0000 1.0000 0.0897 0.0064 0.0005 1.0000 1.0000 0.2641 0.0190 0.0014 0.0001 1.0000 0.7839 0.0565 0.0041 0.0003 1.0000 1.0000 0.1719 0.0125 0.0009 0.0001 1.0000 0.5472 0.0403 0.0030 0.0002 1.0000 1.0000 0.1413 0.0106 0.0008 0.0001 1.0000 0.5410 0.0413 0.0031 0.0002 1.0000 1.0000 0.1664 0.0127 0.0010 0.0001
0.0010 0.0136 0.1775 1.0000 1.0000 0.0003 0.0034 0.0438 0.5739 1.0000 0.0001 0.0008 0.0111 0.1465 1.0000 1.0000 0.0002 0.0030 0.0403 0.5431 1.0000 0.0001 0.0009 0.0121 0.1654 1.0000 1.0000 0.0003 0.0039 0.0536 0.7419 1.0000 0.0001 0.0013 0.0178 0.2481 1.0000 1.0000 0.0004 0.0060 0.0841 1.0000 1.0000 0.0001 0.0020 0.0285 0.3961 1.0000 0.0000 0.0006 0.0030 0.0006 0.0000 1.0000 0.3961 0.0285 0.0020 0.0001 1.0000 1.0000 0.0841 0.0060 0.0004 1.0000 1.0000 0.2481 0.0178 0.0013 0.0001 1.0000 0.7419 0.0536 0.0039 0.0003 1.0000 1.0000 0.1654 0.0121 0.0009 0.0001 1.0000 0.5431 0.0403 0.0030 0.0002 1.0000 1.0000 0.1465 0.0111 0.0008 0.0001 1.0000 0.5739 0.0438 0.0034 0.0003 1.0000 1.0000 0.1775 0.0136 0.0010
0.0138 0.1894 1.0000 1.0000 0.0003 0.0036 0.0466 0.6099 1.0000 0.0001 0.0009 0.0117 0.1533 1.0000 1.0000 0.0002 0.0031 0.0408 0.5472 1.0000 0.0001 0.0009 0.0118 0.1614 1.0000 1.0000 0.0003 0.0037 0.0511 0.7061 1.0000 0.0001 0.0012 0.0169 0.2339 1.0000 1.0000 0.0004 0.0057 0.0790 1.0000 1.0000 0.0001 0.0019 0.0268 0.3727 1.0000 0.0000 0.0006 0.0074 0.0388 0.0074 0.0006 0.0000 1.0000 0.3727 0.0268 0.0019 0.0001 1.0000 1.0000 0.0790 0.0057 0.0004 1.0000 1.0000 0.2339 0.0169 0.0012 0.0001 1.0000 0.7061 0.0511 0.0037 0.0003 1.0000 1.0000 0.1614 0.0118 0.0009 0.0001 1.0000 0.5472 0.0408 0.0031 0.0002 1.0000 1.0000 0.1533 0.0117 0.0009 0.0001 1.0000 0.6099 0.0466 0.0036 0.0003 1.0000 1.0000 0.1894 0.0138
0.1915 1.0000 1.0000 0.0003 0.0038 0.0497 0.6494 1.0000 0.0001 0.0009 0.0123 0.1617 1.0000 1.0000 0.0002 0.0032 0.0420 0.5588 1.0000 0.0001 0.0009 0.0118 0.1593 1.0000 1.0000 0.0003 0.0036 0.0491 0.6759 1.0000 0.0001 0.0012 0.0160 0.2213 1.0000 1.0000 0.0004 0.0053 0.0741 1.0000 1.0000 0.0001 0.0018 0.0251 0.3500 1.0000 0.0000 0.0006 0.0081 0.0970 0.5072 0.0970 0.0081 0.0006 0.0000 1.0000 0.3500 0.0251 0.0018 0.0001 1.0000 1.0000 0.0741 0.0053 0.0004 1.0000 1.0000 0.2213 0.0160 0.0012 0.0001 1.0000 0.6759 0.0491 0.0036 0.0003 1.0000 1.0000 0.1593 0.0118 0.0009 0.0001 1.0000 0.5588 0.0420 0.0032 0.0002 1.0000 1.0000 0.1617 0.0123 0.0009 0.0001 1.0000 0.6494 0.0497 0.0038 0.0003 1.0000 1.0000 0.1915
1.0000 1.0000 0.0003 0.0041 0.0531 0.6928 1.0000 0.0001 0.0010 0.0131 0.1712 1.0000 1.0000 0.0003 0.0033 0.0436 0.5772 1.0000 0.0001 0.0009 0.0118 0.1593 1.0000 1.0000 0.0003 0.0035 0.0477 0.6531 1.0000 0.0001 0.0011 0.0152 0.2102 1.0000 1.0000 0.0004 0.0050 0.0698 0.9700 1.0000 0.0001 0.0017 0.0236 0.3281 1.0000 1.0000 0.0006 0.0079 0.1060 1.0000 1.0000 1.0000 0.1060 0.0079 0.0006 1.0000 1.0000 0.3281 0.0236 0.0017 0.0001 1.0000 0.9700 0.0698 0.0050 0.0004 1.0000 1.0000 0.2102 0.0152 0.0011 0.0001 1.0000 0.6531 0.0477 0.0035 0.0003 1.0000 1.0000 0.1593 0.0118 0.0009 0.0001 1.0000 0.5772 0.0436 0.0033 0.0003 1.0000 1.0000 0.1712 0.0131 0.0010 0.0001 1.0000 0.6928 0.0531 0.0041 0.0003 1.0000 1.0000
1.0000 0.0003 0.0043 0.0566 0.7391 1.0000 0.0001 0.0011 0.0139 0.1823 1.0000 1.0000 0.0003 0.0035 0.0457 0.6030 1.0000 0.0001 0.0009 0.0121 0.1614 1.0000 1.0000 0.0003 0.0034 0.0468 0.6372 1.0000 0.0001 0.0011 0.0146 0.2009 1.0000 1.0000 0.0003 0.0048 0.0659 0.9145 1.0000 0.0001 0.0016 0.0222 0.3081 1.0000 1.0000 0.0005 0.0075 0.1032 1.0000 1.0000 0.0001 1.0000 1.0000 0.1032 0.0075 0.0005 1.0000 1.0000 0.3081 0.0222 0.0016 0.0001 1.0000 0.9145 0.0659 0.0048 0.0003 1.0000 1.0000 0.2009 0.0146 0.0011 0.0001 1.0000 0.6372 0.0468 0.0034 0.0003 1.0000 1.0000 0.1614 0.0121 0.0009 0.0001 1.0000 0.6030 0.0457 0.0035 0.0003 1.0000 1.0000 0.1823 0.0139 0.0011 0.0001 1.0000 0.7391 0.0566 0.0043 0.0003 1.0000
0.0003 0.0046 0.0603 0.7884 1.0000 0.0001 0.0011 0.0149 0.1941 1.0000 1.0000 0.0003 0.0037 0.0482 0.6347 1.0000 0.0001 0.0009 0.0125 0.1654 1.0000 1.0000 0.0003 0.0034 0.0464 0.6287 1.0000 0.0001 0.0010 0.0141 0.1934 1.0000 1.0000 0.0003 0.0045 0.0626 0.8671 1.0000 0.0001 0.0015 0.0209 0.2899 1.0000 1.0000 0.0005 0.0070 0.0977 1.0000 1.0000 0.0001 0.0007 0.0001 1.0000 1.0000 0.0977 0.0070 0.0005 1.0000 1.0000 0.2899 0.0209 0.0015 0.0001 1.0000 0.8671 0.0626 0.0045 0.0003 1.0000 1.0000 0.1934 0.0141 0.0010 0.0001 1.0000 0.6287 0.0464 0.0034 0.0003 1.0000 1.0000 0.1654 0.0125 0.0009 0.0001 1.0000 0.6347 0.0482 0.0037 0.0003 1.0000 1.0000 0.1941 0.0149 0.0011 0.0001 1.0000 0.7884 0.0603 0.0046 0.0003
0.0047 0.0643 0.8395 1.0000 0.0001 0.0012 0.0159 0.2071 1.0000 1.0000 0.0003 0.0039 0.0512 0.6707 1.0000 0.0001 0.0010 0.0130 0.1719 1.0000 1.0000 0.0003 0.0035 0.0468 0.6287 1.0000 0.0001 0.0010 0.0138 0.1879 1.0000 1.0000 0.0003 0.0043 0.0597 0.8252 1.0000 0.0001 0.0014 0.0197 0.2733 1.0000 1.0000 0.0005 0.0066 0.0919 1.0000 1.0000 0.0002 0.0018 0.0096 0.0018 0.0002 1.0000 1.0000 0.0919 0.0066 0.0005 1.0000 1.0000 0.2733 0.0197 0.0014 0.0001 1.0000 0.8252 0.0597 0.0043 0.0003 1.0000 1.0000 0.1879 0.0138 0.0010 0.0001 1.0000 0.6287 0.0468 0.0035 0.0003 1.0000 1.0000 0.1719 0.0130 0.0010 0.0001 1.0000 0.6707 0.0512 0.0039 0.0003 1.0000 1.0000 0.2071 0.0159 0.0012 0.0001 1.0000 0.8395 0.0643 0.0047
0.0652 0.8956 1.0000 0.0001 0.0013 0.0169 0.2209 1.0000 1.0000 0.0003 0.0042 0.0544 0.7115 1.0000 0.0001 0.0010 0.0136 0.1795 1.0000 1.0000 0.0003 0.0036 0.0477 0.6372 1.0000 0.0001 0.0010 0.0136 0.1847 1.0000 1.0000 0.0003 0.0042 0.0574 0.7899 1.0000 0.0001 0.0013 0.0186 0.2587 1.0000 1.0000 0.0004 0.0062 0.0865 1.0000 1.0000 0.0001 0.0020 0.0239 0.1251 0.0239 0.0020 0.0001 1.0000 1.0000 0.0865 0.0062 0.0004 1.0000 1.0000 0.2587 0.0186 0.0013 0.0001 1.0000 0.7899 0.0574 0.0042 0.0003 1.0000 1.0000 0.1847 0.0136 0.0010 0.0001 1.0000 0.6372 0.0477 0.0036 0.0003 1.0000 1.0000 0.1795 0.0136 0.0010 0.0001 1.0000 0.7115 0.0544 0.0042 0.0003 1.0000 1.0000 0.2209 0.0169 0.0013 0.0001 1.0000 0.8956 0.0652
0.9076 1.0000 0.0001 0.0014 0.0180 0.2352 1.0000 1.0000 0.0003 0.0044 0.0580 0.7576 1.0000 0.0001 0.0011 0.0144 0.1894 1.0000 1.0000 0.0003 0.0037 0.0491 0.6531 1.0000 0.0001 0.0010 0.0136 0.1833 1.0000 1.0000 0.0003 0.0041 0.0555 0.7619 1.0000 0.0001 0.0013 0.0178 0.2457 1.0000 1.0000 0.0004 0.0059 0.0815 1.0000 1.0000 0.0001 0.0020 0.0262 0.3129 1.0000 0.3129 0.0262 0.0020 0.0001 1.0000 1.0000 0.0815 0.0059 0.0004 1.0000 1.0000 0.2457 0.0178 0.0013 0.0001 1.0000 0.7619 0.0555 0.0041 0.0003 1.0000 1.0000 0.1833 0.0136 0.0010 0.0001 1.0000 0.6531 0.0491 0.0037 0.0003 1.0000 1.0000 0.1894 0.0144 0.0011 0.0001 1.0000 0.7576 0.0580 0.0044 0.0003 1.0000 1.0000 0.2352 0.0180 0.0014 0.0001 1.0000 0.9076
1.0000 0.0001 0.0015 0.0192 0.2509 1.0000 1.0000 0.0004 0.0047 0.0619 0.8082 1.0000 0.0001 0.0012 0.0153 0.2001 1.0000 1.0000 0.0003 0.0039 0.0511 0.6759 1.0000 0.0001 0.0010 0.0138 0.1847 1.0000 1.0000 0.0003 0.0040 0.0543 0.7419 1.0000 0.0001 0.0012 0.0170 0.2348 1.0000 1.0000 0.0004 0.0056 0.0770 1.0000 1.0000 0.0001 0.0019 0.0255 0.3421 1.0000 1.0000 1.0000 0.3421 0.0255 0.0019 0.0001 1.0000 1.0000 0.0770 0.0056 0.0004 1.0000 1.0000 0.2348 0.0170 0.0012 0.0001 1.0000 0.7419 0.0543 0.0040 0.0003 1.0000 1.0000 0.1847 0.0138 0.0010 0.0001 1.0000 0.6759 0.0511 0.0039 0.0003 1.0000 1.0000 0.2001 0.0153 0.0012 0.0001 1.0000 0.8082 0.0619 0.0047 0.0004 1.0000 1.0000 0.2509 0.0192 0.0015 0.0001 1.0000
0.0001 0.0016 0.0205 0.2677 1.0000 1.0000 0.0004 0.0050 0.0659 0.8621 1.0000 0.0001 0.0012 0.0163 0.2127 1.0000 1.0000 0.0003 0.0041 0.0536 0.7061 1.0000 0.0001 0.0011 0.0141 0.1879 1.0000 1.0000 0.0003 0.0040 0.0537 0.7279 1.0000 0.0001 0.0012 0.0164 0.2256 1.0000 1.0000 0.0004 0.0053 0.0732 1.0000 1.0000 0.0001 0.0017 0.0242 0.3338 1.0000 1.0000 0.0002 1.0000 1.0000 0.3338 0.0242 0.0017 0.0001 1.0000 1.0000 0.0732 0.0053 0.0004 1.0000 1.0000 0.2256 0.0164 0.0012 0.0001 1.0000 0.7279 0.0537 0.0040 0.0003 1.0000 1.0000 0.1879 0.0141 0.0011 0.0001 1.0000 0.7061 0.0536 0.0041 0.0003 1.0000 1.0000 0.2127 0.0163 0.0012 0.0001 1.0000 0.8621 0.0659 0.0050 0.0004 1.0000 1.0000 0.2677 0.0205 0.0016 0.0001
0.0016 0.0218 0.2856 1.0000 1.0000 0.0004 0.0054 0.0703 0.9180 1.0000 0.0001 0.0013 0.0173 0.2264 1.0000 1.0000 0.0003 0.0043 0.0565 0.7419 1.0000 0.0001 0.0011 0.0146 0.1934 1.0000 1.0000 0.0003 0.0040 0.0537 0.7238 1.0000 0.0001 0.0012 0.0160 0.2188 1.0000 1.0000 0.0004 0.0051 0.0698 0.9627 1.0000 0.0001 0.0017 0.0230 0.3177 1.0000 1.0000 0.0005 0.0024 0.0005 1.0000 1.0000 0.3177 0.0230 0.0017 0.0001 1.0000 0.9627 0.0698 0.0051 0.0004 1.0000 1.0000 0.2188 0.0160 0.0012 0.0001 1.0000 0.7238 0.0537 0.0040 0.0003 1.0000 1.0000 0.1934 0.0146 0.0011 0.0001 1.0000 0.7419 0.0565 0.0043 0.0003 1.0000 1.0000 0.2264 0.0173 0.0013 0.0001 1.0000 0.9180 0.0703 0.0054 0.0004 1.0000 1.0000 0.2856 0.0218 0.0016
0.0221 0.3041 1.0000 1.0000 0.0004 0.0057 0.0750 0.9793 1.0000 0.0001 0.0014 0.0185 0.2416 1.0000 1.0000 0.0003 0.0046 0.0598 0.7839 1.0000 0.0001 0.0012 0.0152 0.2009 1.0000 1.0000 0.0003 0.0041 0.0543 0.7279 1.0000 0.0001 0.0012 0.0157 0.2143 1.0000 1.0000 0.0004 0.0049 0.0669 0.9215 1.0000 0.0001 0.0016 0.0218 0.3018 1.0000 1.0000 0.0005 0.0059 0.0310 0.0059 0.0005 1.0000 1.0000 0.3018 0.0218 0.0016 0.0001 1.0000 0.9215 0.0669 0.0049 0.0004 1.0000 1.0000 0.2143 0.0157 0.0012 0.0001 1.0000 0.7279 0.0543 0.0041 0.0003 1.0000 1.0000 0.2009 0.0152 0.0012 0.0001 1.0000 0.7839 0.0598 0.0046 0.0003 1.0000 1.0000 0.2416 0.0185 0.0014 0.0001 1.0000 0.9793 0.0750 0.0057 0.0004 1.0000 1.0000 0.3041 0.0221
0.3081 1.0000 1.0000 0.0005 0.0061 0.0800 1.0000 1.0000 0.0001 0.0015 0.0197 0.2572 1.0000 1.0000 0.0004 0.0049 0.0636 0.8315 1.0000 0.0001 0.0012 0.0160 0.2102 1.0000 1.0000 0.0003 0.0042 0.0555 0.7419 1.0000 0.0001 0.0012 0.0156 0.2119 1.0000 1.0000 0.0003 0.0047 0.0647 0.8871 1.0000 0.0001 0.0015 0.0207 0.2867 1.0000 1.0000 0.0005 0.0065 0.0779 0.4068 0.0779 0.0065 0.0005 1.0000 1.0000 0.2867 0.0207 0.0015 0.0001 1.0000 0.8871 0.0647 0.0047 0.0003 1.0000 1.0000 0.2119 0.0156 0.0012 0.0001 1.0000 0.7419 0.0555 0.0042 0.0003 1.0000 1.0000 0.2102 0.0160 0.0012 0.0001 1.0000 0.8315 0.0636 0.0049 0.0004 1.0000 1.0000 0.2572 0.0197 0.0015 0.0001 1.0000 1.0000 0.0800 0.0061 0.0005 1.0000 1.0000 0.3081
1.0000 1.0000 0.0005 0.0065 0.0852 1.0000 1.0000 0.0001 0.0016 0.0210 0.2744 1.0000 1.0000 0.0004 0.0052 0.0677 0.8837 1.0000 0.0001 0.0013 0.0169 0.2213 1.0000 1.0000 0.0003 0.0043 0.0574 0.7619 1.0000 0.0001 0.0012 0.0157 0.2119 1.0000 1.0000 0.0003 0.0046 0.0631 0.8621 1.0000 0.0001 0.0014 0.0198 0.2739 1.0000 1.0000 0.0005 0.0064 0.0857 1.0000 1.0000 1.0000 0.0857 0.0064 0.0005 1.0000 1.0000 0.2739 0.0198 0.0014 0.0001 1.0000 0.8621 0.0631 0.0046 0.0003 1.0000 1.0000 0.2119 0.0157 0.0012 0.0001 1.0000 0.7619 0.0574 0.0043 0.0003 1.0000 1.0000 0.2213 0.0169 0.0013 0.0001 1.0000 0.8837 0.0677 0.0052 0.0004 1.0000 1.0000 0.2744 0.0210 0.0016 0.0001 1.0000 1.0000 0.0852 0.0065 0.0005 1.0000 1.0000
1.0000 0.0005 0.0070 0.0909 1.0000 1.0000 0.0001 0.0017 0.0224 0.2927 1.0000 1.0000 0.0004 0.0055 0.0721 0.9427 1.0000 0.0001 0.0014 0.0178 0.2339 1.0000 1.0000 0.0003 0.0045 0.0597 0.7899 1.0000 0.0001 0.0012 0.0160 0.2143 1.0000 1.0000 0.0003 0.0046 0.0620 0.8443 1.0000 0.0001 0.0014 0.0191 0.2626 1.0000 1.0000 0.0004 0.0062 0.0842 1.0000 1.0000 0.0000 1.0000 1.0000 0.0842 0.0062 0.0004 1.0000 1.0000 0.2626 0.0191 0.0014 0.0001 1.0000 0.8443 0.0620 0.0046 0.0003 1.0000 1.0000 0.2143 0.0160 0.0012 0.0001 1.0000 0.7899 0.0597 0.0045 0.0003 1.0000 1.0000 0.2339 0.0178 0.0014 0.0001 1.0000 0.9427 0.0721 0.0055 0.0004 1.0000 1.0000 0.2927 0.0224 0.0017 0.0001 1.0000 1.0000 0.0909 0.0070 0.0005 1.0000
0.0005 0.0074 0.0970 1.0000 1.0000 0.0001 0.0018 0.0239 0.3123 1.0000 1.0000 0.0005 0.0059 0.0769 1.0000 1.0000 0.0001 0.0015 0.0190 0.2481 1.0000 1.0000 0.0004 0.0048 0.0626 0.8252 1.0000 0.0001 0.0012 0.0164 0.2188 1.0000 1.0000 0.0003 0.0046 0.0618 0.8347 1.0000 0.0001 0.0014 0.0186 0.2543 1.0000 1.0000 0.0004 0.0059 0.0811 1.0000 1.0000 0.0001 0.0006 0.0001 1.0000 1.0000 0.0811 0.0059 0.0004 1.0000 1.0000 0.2543 0.0186 0.0014 0.0001 1.0000 0.8347 0.0618 0.0046 0.0003 1.0000 1.0000 0.2188 0.0164 0.0012 0.0001 1.0000 0.8252 0.0626 0.0048 0.0004 1.0000 1.0000 0.2481 0.0190 0.0015 0.0001 1.0000 1.0000 0.0769 0.0059 0.0005 1.0000 1.0000 0.3123 0.0239 0.0018 0.0001 1.0000 1.0000 0.0970 0.0074 0.0005
0.0075 0.1034 1.0000 1.0000 0.0001 0.0020 0.0255 0.3325 1.0000 1.0000 0.0005 0.0063 0.0820 1.0000 1.0000 0.0001 0.0015 0.0202 0.2641 1.0000 1.0000 0.0004 0.0050 0.0659 0.8671 1.0000 0.0001 0.0013 0.0170 0.2256 1.0000 1.0000 0.0003 0.0046 0.0620 0.8347 1.0000 0.0001 0.0013 0.0182 0.2481 1.0000 1.0000 0.0004 0.0057 0.0779 1.0000 1.0000 0.0001 0.0015 0.0078 0.0015 0.0001 1.0000 1.0000 0.0779 0.0057 0.0004 1.0000 1.0000 0.2481 0.0182 0.0013 0.0001 1.0000 0.8347 0.0620 0.0046 0.0003 1.0000 1.0000 0.2256 0.0170 0.0013 0.0001 1.0000 0.8671 0.0659 0.0050 0.0004 1.0000 1.0000 0.2641 0.0202 0.0015 0.0001 1.0000 1.0000 0.0820 0.0063 0.0005 1.0000 1.0000 0.3325 0.0255 0.0020 0.0001 1.0000 1.0000 0.1034 0.0075
0.1046 1.0000 1.0000 0.0002 0.0021 0.0272 0.3547 1.0000 1.0000 0.0005 0.0067 0.0875 1.0000 1.0000 0.0001 0.0016 0.0215 0.2813 1.0000 1.0000 0.0004 0.0053 0.0698 0.9145 1.0000 0.0001 0.0013 0.0178 0.2348 1.0000 1.0000 0.0004 0.0047 0.0631 0.8443 1.0000 0.0001 0.0013 0.0180 0.2443 1.0000 1.0000 0.0004 0.0055 0.0753 1.0000 1.0000 0.0001 0.0017 0.0198 0.1032 0.0198 0.0017 0.0001 1.0000 1.0000 0.0753 0.0055 0.0004 1.0000 1.0000 0.2443 0.0180 0.0013 0.0001 1.0000 0.8443 0.0631 0.0047 0.0004 1.0000 1.0000 0.2348 0.0178 0.0013 0.0001 1.0000 0.9145 0.0698 0.0053 0.0004 1.0000 1.0000 0.2813 0.0215 0.0016 0.0001 1.0000 1.0000 0.0875 0.0067 0.0005 1.0000 1.0000 0.3547 0.0272 0.0021 0.0002 1.0000 1.0000 0.1046
1.0000 1.0000 0.0002 0.0022 0.0290 0.3784 1.0000 0.0000 0.0005 0.0071 0.0932 1.0000 1.0000 0.0001 0.0018 0.0230 0.3000 1.0000 1.0000 0.0004 0.0057 0.0741 0.9700 1.0000 0.0001 0.0014 0.0186 0.2457 1.0000 1.0000 0.0004 0.0049 0.0647 0.8621 1.0000 0.0001 0.0013 0.0180 0.2434 1.0000 1.0000 0.0004 0.0054 0.0732 1.0000 1.0000 0.0001 0.0017 0.0220 0.2616 1.0000 0.2616 0.0220 0.0017 0.0001 1.0000 1.0000 0.0732 0.0054 0.0004 1.0000 1.0000 0.2434 0.0180 0.0013 0.0001 1.0000 0.8621 0.0647 0.0049 0.0004 1.0000 1.0000 0.2457 0.0186 0.0014 0.0001 1.0000 0.9700 0.0741 0.0057 0.0004 1.0000 1.0000 0.3000 0.0230 0.0018 0.0001 1.0000 1.0000 0.0932 0.0071 0.0005 0.0000 1.0000 0.3784 0.0290 0.0022 0.0002 1.0000 1.0000
1.0000 0.0002 0.0024 0.0309 0.4037 1.0000 0.0000 0.0006 0.0076 0.0994 1.0000 1.0000 0.0001 0.0019 0.0245 0.3201 1.0000 1.0000 0.0005 0.0060 0.0790 1.0000 1.0000 0.0001 0.0015 0.0197 0.2587 1.0000 1.0000 0.0004 0.0051 0.0669 0.8871 1.0000 0.0001 0.0014 0.0182 0.2443 1.0000 1.0000 0.0004 0.0053 0.0718 0.9774 1.0000 0.0001 0.0016 0.0220 0.2916 1.0000 1.0000 1.0000 0.2916 0.0220 0.0016 0.0001 1.0000 0.9774 0.0718 0.0053 0.0004 1.0000 1.0000 0.2443 0.0182 0.0014 0.0001 1.0000 0.8871 0.0669 0.0051 0.0004 1.0000 1.0000 0.2587 0.0197 0.0015 0.0001 1.0000 1.0000 0.0790 0.0060 0.0005 1.0000 1.0000 0.3201 0.0245 0.0019 0.0001 1.0000 1.0000 0.0994 0.0076 0.0006 0.0000 1.0000 0.4037 0.0309 0.0024 0.0002 1.0000
0.0002 0.0025 0.0329 0.4298 1.0000 0.0000 0.0006 0.0081 0.1060 1.0000 1.0000 0.0002 0.0020 0.0261 0.3415 1.0000 1.0000 0.0005 0.0064 0.0841 1.0000 1.0000 0.0001 0.0016 0.0209 0.2733 1.0000 1.0000 0.0004 0.0053 0.0698 0.9215 1.0000 0.0001 0.0014 0.0186 0.2481 1.0000 1.0000 0.0004 0.0053 0.0711 0.9645 1.0000 0.0001 0.0016 0.0215 0.2922 1.0000 1.0000 0.0002 1.0000 1.0000 0.2922 0.0215 0.0016 0.0001 1.0000 0.9645 0.0711 0.0053 0.0004 1.0000 1.0000 0.2481 0.0186 0.0014 0.0001 1.0000 0.9215 0.0698 0.0053 0.0004 1.0000 1.0000 0.2733 0.0209 0.0016 0.0001 1.0000 1.0000 0.0841 0.0064 0.0005 1.0000 1.0000 0.3415 0.0261 0.0020 0.0002 1.0000 1.0000 0.1060 0.0081 0.0006 0.0000 1.0000 0.4298 0.0329 0.0025 0.0002
0.0025 0.0351 0.4585 1.0000 0.0001 0.0007 0.0086 0.1131 1.0000 1.0000 0.0002 0.0021 0.0278 0.3636 1.0000 1.0000 0.0005 0.0069 0.0897 1.0000 1.0000 0.0001 0.0017 0.0222 0.2899 1.0000 1.0000 0.0004 0.0056 0.0732 0.9627 1.0000 0.0001 0.0014 0.0191 0.2543 1.0000 1.0000 0.0004 0.0053 0.0711 0.9590 1.0000 0.0001 0.0015 0.0211 0.2872 1.0000 1.0000 0.0004 0.0020 0.0004 1.0000 1.0000 0.2867 0.0211 0.0015 0.0001 1.0000 0.9590 0.0711 0.0053 0.0004 1.0000 1.0000 0.2543 0.0191 0.0014 0.0001 1.0000 0.9627 0.0732 0.0056 0.0004 1.0000 1.0000 0.2899 0.0222 0.0017 0.0001 1.0000 1.0000 0.0897 0.0069 0.0005 1.0000 1.0000 0.3636 0.0278 0.0021 0.0002 1.0000 1.0000 0.1131 0.0086 0.0007 0.0001 1.0000 0.4585 0.0351 0.0025
0.0355 0.4892 1.0000 0.0001 0.0007 0.0092 0.1204 1.0000 1.0000 0.0002 0.0023 0.0297 0.3879 1.0000 0.0000 0.0006 0.0073 0.0957 1.0000 1.0000 0.0001 0.0018 0.0236 0.3081 1.0000 1.0000 0.0004 0.0059 0.0770 1.0000 1.0000 0.0001 0.0015 0.0198 0.2626 1.0000 1.0000 0.0004 0.0054 0.0718 0.9645 1.0000 0.0001 0.0015 0.0208 0.2823 1.0000 1.0000 0.0004 0.0053 0.0273 0.0052 0.0004 1.0000 1.0000 0.2818 0.0207 0.0015 0.0001 1.0000 0.9645 0.0718 0.0054 0.0004 1.0000 1.0000 0.2626 0.0198 0.0015 0.0001 1.0000 1.0000 0.0770 0.0059 0.0004 1.0000 1.0000 0.3081 0.0236 0.0018 0.0001 1.0000 1.0000 0.0957 0.0073 0.0006 0.0000 1.0000 0.3879 0.0297 0.0023 0.0002 1.0000 1.0000 0.1204 0.0092 0.0007 0.0001 1.0000 0.4892 0.0355
0.4948 1.0000 0.0001 0.0008 0.0098 0.1285 1.0000 1.0000 0.0002 0.0024 0.0317 0.4138 1.0000 0.0000 0.0006 0.0078 0.1019 1.0000 1.0000 0.0001 0.0019 0.0251 0.3281 1.0000 1.0000 0.0005 0.0062 0.0815 1.0000 1.0000 0.0001 0.0016 0.0207 0.2739 1.0000 1.0000 0.0004 0.0055 0.0732 0.9774 1.0000 0.0001 0.0015 0.0209 0.2733 1.0000 1.0000 0.0005 0.0062 0.0712 0.3643 0.0700 0.0059 0.0004 1.0000 1.0000 0.2775 0.0202 0.0015 0.0001 1.0000 0.9774 0.0732 0.0055 0.0004 1.0000 1.0000 0.2739 0.0207 0.0016 0.0001 1.0000 1.0000 0.0815 0.0062 0.0005 1.0000 1.0000 0.3281 0.0251 0.0019 0.0001 1.0000 1.0000 0.1019 0.0078 0.0006 0.0000 1.0000 0.4138 0.0317 0.0024 0.0002 1.0000 1.0000 0.1285 0.0098 0.0008 0.0001 1.0000 0.4948
1.0000 0.0001 0.0008 0.0105 0.1371 1.0000 1.0000 0.0002 0.0026 0.0337 0.4406 1.0000 0.0000 0.0006 0.0083 0.1087 1.0000 1.0000 0.0002 0.0020 0.0268 0.3500 1.0000 1.0000 0.0005 0.0066 0.0865 1.0000 1.0000 0.0001 0.0017 0.0218 0.2867 1.0000 1.0000 0.0004 0.0057 0.0753 1.0000 1.0000 0.0001 0.0015 0.0209 0.2861 1.0000 1.0000 0.0005 0.0061 0.0834 0.9645 1.0000 0.9392 0.0776 0.0059 0.0004 1.0000 1.0000 0.2702 0.0205 0.0015 0.0001 1.0000 1.0000 0.0753 0.0057 0.0004 1.0000 1.0000 0.2867 0.0218 0.0017 0.0001 1.0000 1.0000 0.0865 0.0066 0.0005 1.0000 1.0000 0.3500 0.0268 0.0020 0.0002 1.0000 1.0000 0.1087 0.0083 0.0006 0.0000 1.0000 0.4406 0.0337 0.0026 0.0002 1.0000 1.0000 0.1371 0.0105 0.0008 0.0001 1.0000
0.0001 0.0009 0.0112 0.1459 1.0000 1.0000 0.0002 0.0028 0.0360 0.4700 1.0000 0.0001 0.0007 0.0089 0.1157 1.0000 1.0000 0.0002 0.0022 0.0285 0.3727 1.0000 1.0000 0.0005 0.0070 0.0919 1.0000 1.0000 0.0001 0.0017 0.0230 0.3018 1.0000 1.0000 0.0004 0.0059 0.0779 1.0000 1.0000 0.0001 0.0016 0.0211 0.2834 1.0000 1.0000 0.0005 0.0061 0.0831 1.0000 1.0000 1.0000 1.0000 1.0000 0.0814 0.0058 0.0004 1.0000 1.0000 0.2910 0.0210 0.0016 0.0001 1.0000 1.0000 0.0779 0.0059 0.0004 1.0000 1.0000 0.3018 0.0230 0.0017 0.0001 1.0000 1.0000 0.0919 0.0070 0.0005 1.0000 1.0000 0.3727 0.0285 0.0022 0.0002 1.0000 1.0000 0.1157 0.0089 0.0007 0.0001 1.0000 0.4700 0.0360 0.0028 0.0002 1.0000 1.0000 0.1459 0.0112 0.0009 0.0001
0.0009 0.0119 0.1554 1.0000 1.0000 0.0002 0.0029 0.0383 0.4995 1.0000 0.0001 0.0007 0.0094 0.1232 1.0000 1.0000 0.0002 0.0023 0.0303 0.3961 1.0000 0.0000 0.0006 0.0075 0.0977 1.0000 1.0000 0.0001 0.0019 0.0242 0.3177 1.0000 1.0000 0.0005 0.0062 0.0811 1.0000 1.0000 0.0001 0.0016 0.0215 0.2872 1.0000 1.0000 0.0004 0.0062 0.0805 1.0000 1.0000 0.0001 0.0006 0.0001 1.0000 1.0000 0.0791 0.0060 0.0005 1.0000 1.0000 0.2867 0.0215 0.0016 0.0001 1.0000 1.0000 0.0811 0.0062 0.0005 1.0000 1.0000 0.3177 0.0242 0.0019 0.0001 1.0000 1.0000 0.0977 0.0075 0.0006 0.0000 1.0000 0.3961 0.0303 0.0023 0.0002 1.0000 1.0000 0.1232 0.0094 0.0007 0.0001 1.0000 0.4995 0.0383 0.0029 0.0002 1.0000 1.0000 0.1554 0.0119 0.0009
0.0119 0.1642 1.0000 1.0000 0.0002 0.0031 0.0404 0.5278 1.0000 0.0001 0.0008 0.0100 0.1299 1.0000 1.0000 0.0002 0.0025 0.0321 0.4185 1.0000 0.0000 0.0006 0.0079 0.1032 1.0000 1.0000 0.0001 0.0020 0.0255 0.3338 1.0000 1.0000 0.0005 0.0064 0.0842 1.0000 1.0000 0.0001 0.0017 0.0220 0.2922 1.0000 1.0000 0.0004 0.0060 0.0852 1.0000 1.0000 0.0001 0.0015 0.0076 0.0015 0.0001 1.0000 1.0000 0.0850 0.0062 0.0004 1.0000 1.0000 0.2922 0.0220 0.0017 0.0001 1.0000 1.0000 0.0842 0.0064 0.0005 1.0000 1.0000 0.3338 0.0255 0.0020 0.0001 1.0000 1.0000 0.1032 0.0079 0.0006 0.0000 1.0000 0.4185 0.0321 0.0025 0.0002 1.0000 1.0000 0.1299 0.0100 0.0008 0.0001 1.0000 0.5278 0.0404 0.0031 0.0002 1.0000 1.0000 0.1642 0.0119
0.1596 1.0000 1.0000 0.0002 0.0032 0.0415 0.5421 1.0000 0.0001 0.0008 0.0102 0.1337 1.0000 1.0000 0.0002 0.0025 0.0329 0.4298 1.0000 0.0000 0.0006 0.0081 0.1060 1.0000 1.0000 0.0002 0.0020 0.0262 0.3421 1.0000 1.0000 0.0005 0.0065 0.0857 1.0000 1.0000 0.0001 0.0017 0.0220 0.2916 1.0000 1.0000 0.0004 0.0060 0.0809 1.0000 1.0000 0.0001 0.0016 0.0191 0.0986 0.0185 0.0016 0.0001 1.0000 1.0000 0.0772 0.0061 0.0004 1.0000 1.0000 0.2916 0.0220 0.0017 0.0001 1.0000 1.0000 0.0857 0.0065 0.0005 1.0000 1.0000 0.3421 0.0262 0.0020 0.0002 1.0000 1.0000 0.1060 0.0081 0.0006 0.0000 1.0000 0.4298 0.0329 0.0025 0.0002 1.0000 1.0000 0.1337 0.0102 0.0008 0.0001 1.0000 0.5421 0.0415 0.0032 0.0002 1.0000 1.0000 0.1596
1.0000 1.0000 0.0002 0.0029 0.0380 0.4967 1.0000 0.0001 0.0007 0.0094 0.1223 1.0000 1.0000 0.0002 0.0023 0.0302 0.3938 1.0000 0.0000 0.0006 0.0074 0.0970 1.0000 1.0000 0.0001 0.0018 0.0239 0.3129 1.0000 1.0000 0.0005 0.0059 0.0779 1.0000 1.0000 0.0001 0.0015 0.0198 0.2616 1.0000 1.0000 0.0004 0.0052 0.0706 0.9663 1.0000 0.0001 0.0014 0.0184 0.2205 1.0000 0.2135 0.0187 0.0015 0.0001 1.0000 0.9410 0.0699 0.0053 0.0004 1.0000 1.0000 0.2616 0.0198 0.0015 0.0001 1.0000 1.0000 0.0779 0.0059 0.0005 1.0000 1.0000 0.3129 0.0239 0.0018 0.0001 1.0000 1.0000 0.0970 0.0074 0.0006 0.0000 1.0000 0.3938 0.0302 0.0023 0.0002 1.0000 1.0000 0.1223 0.0094 0.0007 0.0001 1.0000 0.4967 0.0380 0.0029 0.0002 1.0000 1.0000
1.0000 0.0001 0.0012 0.0152 0.1986 1.0000 1.0000 0.0003 0.0038 0.0490 0.6396 1.0000 0.0001 0.0009 0.0121 0.1578 1.0000 1.0000 0.0002 0.0030 0.0388 0.5072 1.0000 0.0001 0.0007 0.0096 0.1251 1.0000 1.0000 0.0002 0.0024 0.0310 0.4068 1.0000 0.0000 0.0006 0.0078 0.1032 1.0000 1.0000 0.0002 0.0020 0.0272 0.3588 1.0000 1.0000 0.0006 0.0074 0.0944 1.0000 1.0000 1.0000 0.0953 0.0072 0.0005 1.0000 1.0000 0.3678 0.0277 0.0020 0.0002 1.0000 1.0000 0.1032 0.0078 0.0006 0.0000 1.0000 0.4068 0.0310 0.0024 0.0002 1.0000 1.0000 0.1251 0.0096 0.0007 0.0001 1.0000 0.5072 0.0388 0.0030 0.0002 1.0000 1.0000 0.1578 0.0121 0.0009 0.0001 1.0000 0.6396 0.0490 0.0038 0.0003 1.0000 1.0000 0.1986 0.0152 0.0012 0.0001 1.0000
1.0000 1.0000 0.0002 0.0029 0.0380 0.4967 1.0000 0.0001 0.0007 0.0094 0.1223 1.0000 1.0000 0.0002 0.0023 0.0302 0.3938 1.0000 0.0000 0.0006 0.0074 0.0970 1.0000 1.0000 0.0001 0.0018 0.0239 0.3129 1.0000 1.0000 0.0005 0.0059 0.0779 1.0000 1.0000 0.0001 0.0015 0.0198 0.2616 1.0000 1.0000 0.0004 0.0052 0.0712 0.9410 1.0000 0.0001 0.0014 0.0188 0.2213 1.0000 0.2234 0.0183 0.0014 0.0001 1.0000 0.9180 0.0686 0.0053 0.0004 1.0000 1.0000 0.2616 0.0198 0.0015 0.0001 1.0000 1.0000 0.0779 0.0059 0.0005 1.0000 1.0000 0.3129 0.0239 0.0018 0.0001 1.0000 1.0000 0.0970 0.0074 0.0006 0.0000 1.0000 0.3938 0.0302 0.0023 0.0002 1.0000 1.0000 0.1223 0.0094 0.0007 0.0001 1.0000 0.4967 0.0380 0.0029 0.0002 1.0000 1.0000
0.1596 1.0000 1.0000 0.0002 0.0032 0.0415 0.5421 1.0000 0.0001 0.0008 0.0102 0.1337 1.0000 1.0000 0.0002 0.0025 0.0329 0.4298 1.0000 0.0000 0.0006 0.0081 0.1060 1.0000 1.0000 0.0002 0.0020 0.0262 0.3421 1.0000 1.0000 0.0005 0.0065 0.0857 1.0000 1.0000 0.0001 0.0017 0.0220 0.2916 1.0000 1.0000 0.0004 0.0057 0.0794 1.0000 1.0000 0.0001 0.0016 0.0192 0.1011 0.0202 0.0016 0.0001 1.0000 1.0000 0.0772 0.0060 0.0004 1.0000 1.0000 0.2916 0.0220 0.0017 0.0001 1.0000 1.0000 0.0857 0.0065 0.0005 1.0000 1.0000 0.3421 0.0262 0.0020 0.0002 1.0000 1.0000 0.1060 0.0081 0.0006 0.0000 1.0000 0.4298 0.0329 0.0025 0.0002 1.0000 1.0000 0.1337 0.0102 0.0008 0.0001 1.0000 0.5421 0.0415 0.0032 0.0002 1.0000 1.0000 0.1596
0.0119 0.1642 1.0000 1.0000 0.0002 0.0031 0.0404 0.5278 1.0000 0.0001 0.0008 0.0100 0.1299 1.0000 1.0000 0.0002 0.0025 0.0321 0.4185 1.0000 0.0000 0.0006 0.0079 0.1032 1.0000 1.0000 0.0001 0.0020 0.0255 0.3338 1.0000 1.0000 0.0005 0.0064 0.0842 1.0000 1.0000 0.0001 0.0017 0.0220 0.2922 1.0000 1.0000 0.0005 0.0061 0.0849 1.0000 1.0000 0.0001 0.0015 0.0079 0.0015 0.0001 1.0000 1.0000 0.0839 0.0063 0.0005 1.0000 1.0000 0.2922 0.0220 0.0017 0.0001 1.0000 1.0000 0.0842 0.0064 0.0005 1.0000 1.0000 0.3338 0.0255 0.0020 0.0001 1.0000 1.0000 0.1032 0.0079 0.0006 0.0000 1.0000 0.4185 0.0321 0.0025 0.0002 1.0000 1.0000 0.1299 0.0100 0.0008 0.0001 1.0000 0.5278 0.0404 0.0031 0.0002 1.0000 1.0000 0.1642 0.0119
0.0009 0.0119 0.1554 1.0000 1.0000 0.0002 0.0029 0.0383 0.4995 1.0000 0.0001 0.0007 0.0094 0.1232 1.0000 1.0000 0.0002 0.0023 0.0303 0.3961 1.0000 0.0000 0.0006 0.0075 0.0977 1.0000 1.0000 0.0001 0.0019 0.0242 0.3177 1.0000 1.0000 0.0005 0.0062 0.0811 1.0000 1.0000 0.0001 0.0016 0.0215 0.2867 1.0000 1.0000 0.0004 0.0059 0.0814 1.0000 1.0000 0.0001 0.0006 0.0001 1.0000 1.0000 0.0839 0.0064 0.0005 1.0000 1.0000 0.2877 0.0215 0.0016 0.0001 1.0000 1.0000 0.0811 0.0062 0.0005 1.0000 1.0000 0.3177 0.0242 0.0019 0.0001 1.0000 1.0000 0.0977 0.0075 0.0006 0.0000 1.0000 0.3961 0.0303 0.0023 0.0002 1.0000 1.0000 0.1232 0.0094 0.0007 0.0001 1.0000 0.4995 0.0383 0.0029 0.0002 1.0000 1.0000 0.1554 0.0119 0.0009
0.0001 0.0009 0.0112 0.1459 1.0000 1.0000 0.0002 0.0028 0.0360 0.4700 1.0000 0.0001 0.0007 0.0089 0.1157 1.0000 1.0000 0.0002 0.0022 0.0285 0.3727 1.0000 1.0000 0.0005 0.0070 0.0919 1.0000 1.0000 0.0001 0.0017 0.0230 0.3018 1.0000 1.0000 0.0004 0.0059 0.0779 1.0000 1.0000 0.0001 0.0016 0.0211 0.2823 1.0000 1.0000 0.0004 0.0060 0.0820 1.0000 1.0000 1.0000 1.0000 1.0000 0.0834 0.0062 0.0005 1.0000 1.0000 0.2933 0.0211 0.0016 0.0001 1.0000 1.0000 0.0779 0.0059 0.0004 1.0000 1.0000 0.3018 0.0230 0.0017 0.0001 1.0000 1.0000 0.0919 0.0070 0.0005 1.0000 1.0000 0.3727 0.0285 0.0022 0.0002 1.0000 1.0000 0.1157 0.0089 0.0007 0.0001 1.0000 0.4700 0.0360 0.0028 0.0002 1.0000 1.0000 0.1459 0.0112 0.0009 0.0001
