0.5131 0.3631 0.1480 0.1616 0.2552 0.4674 0.4620 0.1750 0.1472 0.2050 0.3672 0.5094 0.2993 0.1445 0.1719 0.2841 0.5007 0.4246 0.1578 0.1522 0.2248 0.4112 0.4946 0.2329 0.1441 0.1846 0.3174 0.5138 0.3766 0.1493 0.1593 0.2482 0.4561 0.4703 0.1830 0.1462 0.2002 0.3558 0.5118 0.3173 0.1451 0.1688 0.2757 0.4935 0.4359 0.1613 0.1506 0.2184 0.3939 0.5050 0.4023 0.5050 0.3939 0.2184 0.1506 0.1613 0.4359 0.4935 0.2757 0.1688 0.1451 0.3173 0.5118 0.3558 0.2002 0.1462 0.1830 0.4703 0.4561 0.2482 0.1593 0.1493 0.3766 0.5138 0.3174 0.1846 0.1441 0.2329 0.4946 0.4112 0.2248 0.1522 0.1578 0.4246 0.5007 0.2841 0.1719 0.1445 0.2993 0.5094 0.3672 0.2050 0.1472 0.1750 0.4620 0.4674 0.2552 0.1616 0.1480 0.3631 0.5131
0.3631 0.1407 0.1559 0.2516 0.4670 0.4644 0.1715 0.1402 0.2001 0.3647 0.5110 0.3039 0.1372 0.1661 0.2804 0.5010 0.4279 0.1519 0.1456 0.2202 0.4093 0.4965 0.2360 0.1367 0.1792 0.3142 0.5149 0.3806 0.1426 0.1532 0.2440 0.4550 0.4728 0.1810 0.1391 0.1951 0.3531 0.5133 0.3219 0.1379 0.1630 0.2719 0.4934 0.4390 0.1559 0.1439 0.2142 0.3955 0.5029 0.2851 0.1443 0.2851 0.5029 0.3955 0.2142 0.1439 0.1559 0.4390 0.4934 0.2719 0.1630 0.1379 0.3219 0.5133 0.3531 0.1951 0.1391 0.1810 0.4728 0.4550 0.2440 0.1532 0.1426 0.3806 0.5149 0.3142 0.1792 0.1367 0.2360 0.4965 0.4093 0.2202 0.1456 0.1519 0.4279 0.5010 0.2804 0.1661 0.1372 0.3039 0.5110 0.3647 0.2001 0.1402 0.1715 0.4644 0.4670 0.2516 0.1559 0.1407 0.3631
0.1480 0.1559 0.2502 0.4636 0.4675 0.1751 0.1397 0.1978 0.3592 0.5121 0.3127 0.1375 0.1646 0.2762 0.4975 0.4335 0.1538 0.1448 0.2173 0.4031 0.4990 0.2451 0.1366 0.1773 0.3093 0.5140 0.3877 0.1435 0.1520 0.2405 0.4489 0.4765 0.1866 0.1386 0.1928 0.3475 0.5141 0.3305 0.1383 0.1615 0.2679 0.4891 0.4441 0.1581 0.1432 0.2115 0.3903 0.5039 0.2710 0.1361 0.1458 0.1361 0.2710 0.5039 0.3903 0.2115 0.1432 0.1581 0.4441 0.4891 0.2679 0.1615 0.1383 0.3305 0.5141 0.3475 0.1928 0.1386 0.1866 0.4765 0.4489 0.2405 0.1520 0.1435 0.3877 0.5140 0.3093 0.1773 0.1366 0.2451 0.4990 0.4031 0.2173 0.1448 0.1538 0.4335 0.4975 0.2762 0.1646 0.1375 0.3127 0.5121 0.3592 0.1978 0.1397 0.1751 0.4675 0.4636 0.2502 0.1559 0.1480
0.1616 0.2516 0.4636 0.4687 0.1775 0.1393 0.1959 0.3544 0.5131 0.3209 0.1379 0.1631 0.2721 0.4936 0.4388 0.1558 0.1440 0.2144 0.3970 0.5013 0.2543 0.1366 0.1754 0.3046 0.5129 0.3946 0.1445 0.1509 0.2372 0.4428 0.4801 0.1929 0.1381 0.1905 0.3421 0.5148 0.3389 0.1388 0.1601 0.2639 0.4845 0.4491 0.1606 0.1424 0.2088 0.3844 0.5056 0.2750 0.1365 0.1651 0.2217 0.1651 0.1365 0.2750 0.5056 0.3844 0.2088 0.1424 0.1606 0.4491 0.4845 0.2639 0.1601 0.1388 0.3389 0.5148 0.3421 0.1905 0.1381 0.1929 0.4801 0.4428 0.2372 0.1509 0.1445 0.3946 0.5129 0.3046 0.1754 0.1366 0.2543 0.5013 0.3970 0.2144 0.1440 0.1558 0.4388 0.4936 0.2721 0.1631 0.1379 0.3209 0.5131 0.3544 0.1959 0.1393 0.1775 0.4687 0.4636 0.2516 0.1616
0.2552 0.4670 0.4675 0.1775 0.1392 0.1949 0.3510 0.5138 0.3278 0.1382 0.1618 0.2684 0.4895 0.4438 0.1580 0.1432 0.2116 0.3908 0.5035 0.2636 0.1366 0.1736 0.2999 0.5115 0.4012 0.1457 0.1499 0.2339 0.4367 0.4835 0.1998 0.1378 0.1883 0.3367 0.5153 0.3471 0.1394 0.1587 0.2601 0.4795 0.4539 0.1634 0.1417 0.2061 0.3785 0.5073 0.2830 0.1367 0.1685 0.2761 0.4125 0.2761 0.1685 0.1367 0.2830 0.5073 0.3785 0.2061 0.1417 0.1634 0.4539 0.4795 0.2601 0.1587 0.1394 0.3471 0.5153 0.3367 0.1883 0.1378 0.1998 0.4835 0.4367 0.2339 0.1499 0.1457 0.4012 0.5115 0.2999 0.1736 0.1366 0.2636 0.5035 0.3908 0.2116 0.1432 0.1580 0.4438 0.4895 0.2684 0.1618 0.1382 0.3278 0.5138 0.3510 0.1949 0.1392 0.1775 0.4675 0.4670 0.2552
0.4674 0.4644 0.1751 0.1393 0.1949 0.3498 0.5141 0.3326 0.1386 0.1607 0.2651 0.4855 0.4483 0.1603 0.1425 0.2090 0.3849 0.5054 0.2728 0.1366 0.1718 0.2953 0.5098 0.4076 0.1469 0.1488 0.2306 0.4305 0.4868 0.2073 0.1374 0.1861 0.3314 0.5156 0.3551 0.1400 0.1574 0.2563 0.4742 0.4585 0.1666 0.1410 0.2035 0.3726 0.5090 0.2917 0.1369 0.1679 0.2828 0.4935 0.4958 0.4935 0.2828 0.1679 0.1369 0.2917 0.5090 0.3726 0.2035 0.1410 0.1666 0.4585 0.4742 0.2563 0.1574 0.1400 0.3551 0.5156 0.3314 0.1861 0.1374 0.2073 0.4868 0.4305 0.2306 0.1488 0.1469 0.4076 0.5098 0.2953 0.1718 0.1366 0.2728 0.5054 0.3849 0.2090 0.1425 0.1603 0.4483 0.4855 0.2651 0.1607 0.1386 0.3326 0.5141 0.3498 0.1949 0.1393 0.1751 0.4644 0.4674
0.4620 0.1715 0.1397 0.1959 0.3510 0.5141 0.3343 0.1387 0.1600 0.2626 0.4820 0.4522 0.1626 0.1419 0.2065 0.3792 0.5072 0.2818 0.1367 0.1701 0.2908 0.5077 0.4138 0.1482 0.1478 0.2275 0.4242 0.4899 0.2153 0.1372 0.1840 0.3262 0.5156 0.3629 0.1406 0.1561 0.2526 0.4688 0.4629 0.1702 0.1404 0.2010 0.3668 0.5104 0.3007 0.1371 0.1666 0.2810 0.4993 0.4430 0.2522 0.4430 0.4993 0.2810 0.1666 0.1371 0.3007 0.5104 0.3668 0.2010 0.1404 0.1702 0.4629 0.4688 0.2526 0.1561 0.1406 0.3629 0.5156 0.3262 0.1840 0.1372 0.2153 0.4899 0.4242 0.2275 0.1478 0.1482 0.4138 0.5077 0.2908 0.1701 0.1367 0.2818 0.5072 0.3792 0.2065 0.1419 0.1626 0.4522 0.4820 0.2626 0.1600 0.1387 0.3343 0.5141 0.3510 0.1959 0.1397 0.1715 0.4620
0.1750 0.1402 0.1978 0.3544 0.5138 0.3326 0.1387 0.1597 0.2613 0.4795 0.4550 0.1647 0.1413 0.2044 0.3740 0.5087 0.2904 0.1369 0.1685 0.2865 0.5052 0.4198 0.1497 0.1469 0.2244 0.4180 0.4927 0.2238 0.1369 0.1820 0.3211 0.5155 0.3705 0.1414 0.1548 0.2489 0.4631 0.4671 0.1743 0.1398 0.1985 0.3610 0.5117 0.3097 0.1374 0.1651 0.2774 0.4980 0.4357 0.1596 0.1348 0.1596 0.4357 0.4980 0.2774 0.1651 0.1374 0.3097 0.5117 0.3610 0.1985 0.1398 0.1743 0.4671 0.4631 0.2489 0.1548 0.1414 0.3705 0.5155 0.3211 0.1820 0.1369 0.2238 0.4927 0.4180 0.2244 0.1469 0.1497 0.4198 0.5052 0.2865 0.1685 0.1369 0.2904 0.5087 0.3740 0.2044 0.1413 0.1647 0.4550 0.4795 0.2613 0.1597 0.1387 0.3326 0.5138 0.3544 0.1978 0.1402 0.1750
0.1472 0.2001 0.3592 0.5131 0.3278 0.1386 0.1600 0.2613 0.4787 0.4565 0.1662 0.1410 0.2027 0.3697 0.5099 0.2981 0.1371 0.1670 0.2824 0.5024 0.4255 0.1513 0.1460 0.2214 0.4118 0.4955 0.2325 0.1368 0.1800 0.3161 0.5151 0.3778 0.1422 0.1536 0.2454 0.4573 0.4712 0.1790 0.1393 0.1961 0.3553 0.5129 0.3185 0.1378 0.1636 0.2735 0.4947 0.4380 0.1565 0.1409 0.1698 0.1409 0.1565 0.4380 0.4947 0.2735 0.1636 0.1378 0.3185 0.5129 0.3553 0.1961 0.1393 0.1790 0.4712 0.4573 0.2454 0.1536 0.1422 0.3778 0.5151 0.3161 0.1800 0.1368 0.2325 0.4955 0.4118 0.2214 0.1460 0.1513 0.4255 0.5024 0.2824 0.1670 0.1371 0.2981 0.5099 0.3697 0.2027 0.1410 0.1662 0.4565 0.4787 0.2613 0.1600 0.1386 0.3278 0.5131 0.3592 0.2001 0.1472
0.2050 0.3647 0.5121 0.3209 0.1382 0.1607 0.2626 0.4795 0.4565 0.1667 0.1408 0.2016 0.3665 0.5108 0.3046 0.1373 0.1656 0.2787 0.4994 0.4307 0.1529 0.1451 0.2185 0.4056 0.4980 0.2415 0.1366 0.1780 0.3112 0.5144 0.3850 0.1431 0.1525 0.2419 0.4513 0.4751 0.1843 0.1388 0.1937 0.3497 0.5138 0.3272 0.1382 0.1621 0.2695 0.4908 0.4424 0.1576 0.1427 0.2027 0.2909 0.2027 0.1427 0.1576 0.4424 0.4908 0.2695 0.1621 0.1382 0.3272 0.5138 0.3497 0.1937 0.1388 0.1843 0.4751 0.4513 0.2419 0.1525 0.1431 0.3850 0.5144 0.3112 0.1780 0.1366 0.2415 0.4980 0.4056 0.2185 0.1451 0.1529 0.4307 0.4994 0.2787 0.1656 0.1373 0.3046 0.5108 0.3665 0.2016 0.1408 0.1667 0.4565 0.4795 0.2626 0.1607 0.1382 0.3209 0.5121 0.3647 0.2050
0.3672 0.5110 0.3127 0.1379 0.1618 0.2651 0.4820 0.4550 0.1662 0.1408 0.2012 0.3648 0.5114 0.3094 0.1375 0.1646 0.2755 0.4964 0.4354 0.1546 0.1444 0.2158 0.3997 0.5003 0.2505 0.1366 0.1761 0.3064 0.5134 0.3919 0.1441 0.1514 0.2385 0.4453 0.4787 0.1903 0.1383 0.1914 0.3442 0.5146 0.3356 0.1386 0.1607 0.2655 0.4863 0.4473 0.1597 0.1425 0.2075 0.3678 0.5057 0.3678 0.2075 0.1425 0.1597 0.4473 0.4863 0.2655 0.1607 0.1386 0.3356 0.5146 0.3442 0.1914 0.1383 0.1903 0.4787 0.4453 0.2385 0.1514 0.1441 0.3919 0.5134 0.3064 0.1761 0.1366 0.2505 0.5003 0.3997 0.2158 0.1444 0.1546 0.4354 0.4964 0.2755 0.1646 0.1375 0.3094 0.5114 0.3648 0.2012 0.1408 0.1662 0.4550 0.4820 0.2651 0.1618 0.1379 0.3127 0.5110 0.3672
0.5094 0.3039 0.1375 0.1631 0.2684 0.4855 0.4522 0.1647 0.1410 0.2016 0.3648 0.5115 0.3118 0.1376 0.1638 0.2731 0.4938 0.4394 0.1563 0.1437 0.2133 0.3941 0.5024 0.2593 0.1366 0.1743 0.3018 0.5121 0.3986 0.1452 0.1503 0.2352 0.4391 0.4822 0.1970 0.1379 0.1892 0.3388 0.5151 0.3439 0.1391 0.1593 0.2616 0.4815 0.4521 0.1623 0.1419 0.2066 0.3762 0.5103 0.4231 0.5103 0.3762 0.2066 0.1419 0.1623 0.4521 0.4815 0.2616 0.1593 0.1391 0.3439 0.5151 0.3388 0.1892 0.1379 0.1970 0.4822 0.4391 0.2352 0.1503 0.1452 0.3986 0.5121 0.3018 0.1743 0.1366 0.2593 0.5024 0.3941 0.2133 0.1437 0.1563 0.4394 0.4938 0.2731 0.1638 0.1376 0.3118 0.5115 0.3648 0.2016 0.1410 0.1647 0.4522 0.4855 0.2684 0.1631 0.1375 0.3039 0.5094
0.2993 0.1372 0.1646 0.2721 0.4895 0.4483 0.1626 0.1413 0.2027 0.3665 0.5114 0.3118 0.1377 0.1634 0.2715 0.4917 0.4424 0.1578 0.1432 0.2111 0.3891 0.5042 0.2676 0.1366 0.1726 0.2973 0.5106 0.4050 0.1464 0.1492 0.2319 0.4329 0.4855 0.2043 0.1376 0.1870 0.3335 0.5155 0.3520 0.1397 0.1579 0.2578 0.4763 0.4567 0.1653 0.1413 0.2044 0.3737 0.5093 0.3174 0.1501 0.3174 0.5093 0.3737 0.2044 0.1413 0.1653 0.4567 0.4763 0.2578 0.1579 0.1397 0.3520 0.5155 0.3335 0.1870 0.1376 0.2043 0.4855 0.4329 0.2319 0.1492 0.1464 0.4050 0.5106 0.2973 0.1726 0.1366 0.2676 0.5042 0.3891 0.2111 0.1432 0.1578 0.4424 0.4917 0.2715 0.1634 0.1377 0.3118 0.5114 0.3665 0.2027 0.1413 0.1626 0.4483 0.4895 0.2721 0.1646 0.1372 0.2993
0.1445 0.1661 0.2762 0.4936 0.4438 0.1603 0.1419 0.2044 0.3697 0.5108 0.3094 0.1376 0.1634 0.2710 0.4906 0.4443 0.1589 0.1427 0.2094 0.3848 0.5057 0.2751 0.1367 0.1711 0.2932 0.5088 0.4110 0.1476 0.1482 0.2287 0.4267 0.4887 0.2121 0.1373 0.1849 0.3283 0.5156 0.3599 0.1404 0.1566 0.2540 0.4710 0.4612 0.1687 0.1407 0.2019 0.3687 0.5101 0.3041 0.1372 0.1426 0.1372 0.3041 0.5101 0.3687 0.2019 0.1407 0.1687 0.4612 0.4710 0.2540 0.1566 0.1404 0.3599 0.5156 0.3283 0.1849 0.1373 0.2121 0.4887 0.4267 0.2287 0.1482 0.1476 0.4110 0.5088 0.2932 0.1711 0.1367 0.2751 0.5057 0.3848 0.2094 0.1427 0.1589 0.4443 0.4906 0.2710 0.1634 0.1376 0.3094 0.5108 0.3697 0.2044 0.1419 0.1603 0.4438 0.4936 0.2762 0.1661 0.1445
0.1719 0.2804 0.4975 0.4388 0.1580 0.1425 0.2065 0.3740 0.5099 0.3046 0.1375 0.1638 0.2715 0.4906 0.4449 0.1595 0.1425 0.2081 0.3815 0.5069 0.2816 0.1368 0.1697 0.2895 0.5068 0.4165 0.1489 0.1473 0.2257 0.4206 0.4916 0.2203 0.1370 0.1828 0.3231 0.5156 0.3675 0.1411 0.1553 0.2503 0.4653 0.4655 0.1726 0.1400 0.1995 0.3632 0.5113 0.3080 0.1374 0.1597 0.2110 0.1597 0.1374 0.3080 0.5113 0.3632 0.1995 0.1400 0.1726 0.4655 0.4653 0.2503 0.1553 0.1411 0.3675 0.5156 0.3231 0.1828 0.1370 0.2203 0.4916 0.4206 0.2257 0.1473 0.1489 0.4165 0.5068 0.2895 0.1697 0.1368 0.2816 0.5069 0.3815 0.2081 0.1425 0.1595 0.4449 0.4906 0.2715 0.1638 0.1375 0.3046 0.5099 0.3740 0.2065 0.1425 0.1580 0.4388 0.4975 0.2804 0.1719
0.2841 0.5010 0.4335 0.1558 0.1432 0.2090 0.3792 0.5087 0.2981 0.1373 0.1646 0.2731 0.4917 0.4443 0.1595 0.1424 0.2075 0.3794 0.5076 0.2866 0.1369 0.1686 0.2862 0.5047 0.4214 0.1502 0.1465 0.2229 0.4148 0.4942 0.2287 0.1368 0.1808 0.3181 0.5153 0.3750 0.1419 0.1541 0.2468 0.4596 0.4696 0.1771 0.1395 0.1970 0.3575 0.5125 0.3156 0.1376 0.1628 0.2614 0.3900 0.2614 0.1628 0.1376 0.3156 0.5125 0.3575 0.1970 0.1395 0.1771 0.4696 0.4596 0.2468 0.1541 0.1419 0.3750 0.5153 0.3181 0.1808 0.1368 0.2287 0.4942 0.4148 0.2229 0.1465 0.1502 0.4214 0.5047 0.2862 0.1686 0.1369 0.2866 0.5076 0.3794 0.2075 0.1424 0.1595 0.4443 0.4917 0.2731 0.1646 0.1373 0.2981 0.5087 0.3792 0.2090 0.1432 0.1558 0.4335 0.5010 0.2841
0.5007 0.4279 0.1538 0.1440 0.2116 0.3849 0.5072 0.2904 0.1371 0.1656 0.2755 0.4938 0.4424 0.1589 0.1425 0.2075 0.3786 0.5080 0.2897 0.1369 0.1677 0.2836 0.5027 0.4256 0.1515 0.1458 0.2204 0.4093 0.4967 0.2370 0.1367 0.1789 0.3133 0.5147 0.3821 0.1428 0.1529 0.2433 0.4537 0.4736 0.1821 0.1389 0.1946 0.3519 0.5135 0.3239 0.1380 0.1623 0.2678 0.4769 0.5037 0.4769 0.2678 0.1623 0.1380 0.3239 0.5135 0.3519 0.1946 0.1389 0.1821 0.4736 0.4537 0.2433 0.1529 0.1428 0.3821 0.5147 0.3133 0.1789 0.1367 0.2370 0.4967 0.4093 0.2204 0.1458 0.1515 0.4256 0.5027 0.2836 0.1677 0.1369 0.2897 0.5080 0.3786 0.2075 0.1425 0.1589 0.4424 0.4938 0.2755 0.1656 0.1371 0.2904 0.5072 0.3849 0.2116 0.1440 0.1538 0.4279 0.5007
0.4246 0.1519 0.1448 0.2144 0.3908 0.5054 0.2818 0.1369 0.1670 0.2787 0.4964 0.4394 0.1578 0.1427 0.2081 0.3794 0.5080 0.2908 0.1370 0.1672 0.2817 0.5011 0.4290 0.1526 0.1452 0.2182 0.4043 0.4988 0.2449 0.1366 0.1771 0.3087 0.5139 0.3890 0.1437 0.1518 0.2398 0.4477 0.4773 0.1879 0.1385 0.1923 0.3464 0.5143 0.3324 0.1384 0.1611 0.2662 0.4843 0.4598 0.2857 0.4598 0.4843 0.2662 0.1611 0.1384 0.3324 0.5143 0.3464 0.1923 0.1385 0.1879 0.4773 0.4477 0.2398 0.1518 0.1437 0.3890 0.5139 0.3087 0.1771 0.1366 0.2449 0.4988 0.4043 0.2182 0.1452 0.1526 0.4290 0.5011 0.2817 0.1672 0.1370 0.2908 0.5080 0.3794 0.2081 0.1427 0.1578 0.4394 0.4964 0.2787 0.1670 0.1369 0.2818 0.5054 0.3908 0.2144 0.1448 0.1519 0.4246
0.1578 0.1456 0.2173 0.3970 0.5035 0.2728 0.1367 0.1685 0.2824 0.4994 0.4354 0.1563 0.1432 0.2094 0.3815 0.5076 0.2897 0.1370 0.1670 0.2808 0.5000 0.4314 0.1536 0.1447 0.2163 0.3999 0.5005 0.2522 0.1366 0.1755 0.3045 0.5129 0.3954 0.1447 0.1507 0.2365 0.4416 0.4809 0.1943 0.1381 0.1900 0.3409 0.5149 0.3407 0.1389 0.1598 0.2629 0.4824 0.4538 0.1715 0.1350 0.1715 0.4538 0.4824 0.2629 0.1598 0.1389 0.3407 0.5149 0.3409 0.1900 0.1381 0.1943 0.4809 0.4416 0.2365 0.1507 0.1447 0.3954 0.5129 0.3045 0.1755 0.1366 0.2522 0.5005 0.3999 0.2163 0.1447 0.1536 0.4314 0.5000 0.2808 0.1670 0.1370 0.2897 0.5076 0.3815 0.2094 0.1432 0.1563 0.4354 0.4994 0.2824 0.1685 0.1367 0.2728 0.5035 0.3970 0.2173 0.1456 0.1578
0.1522 0.2202 0.4031 0.5013 0.2636 0.1366 0.1701 0.2865 0.5024 0.4307 0.1546 0.1437 0.2111 0.3848 0.5069 0.2866 0.1369 0.1672 0.2808 0.4996 0.4325 0.1542 0.1443 0.2149 0.3964 0.5020 0.2587 0.1366 0.1740 0.3006 0.5117 0.4012 0.1457 0.1497 0.2334 0.4357 0.4842 0.2012 0.1377 0.1878 0.3356 0.5154 0.3488 0.1395 0.1584 0.2592 0.4781 0.4558 0.1664 0.1387 0.1639 0.1387 0.1664 0.4558 0.4781 0.2592 0.1584 0.1395 0.3488 0.5154 0.3356 0.1878 0.1377 0.2012 0.4842 0.4357 0.2334 0.1497 0.1457 0.4012 0.5117 0.3006 0.1740 0.1366 0.2587 0.5020 0.3964 0.2149 0.1443 0.1542 0.4325 0.4996 0.2808 0.1672 0.1369 0.2866 0.5069 0.3848 0.2111 0.1437 0.1546 0.4307 0.5024 0.2865 0.1701 0.1366 0.2636 0.5013 0.4031 0.2202 0.1522
0.2248 0.4093 0.4990 0.2543 0.1366 0.1718 0.2908 0.5052 0.4255 0.1529 0.1444 0.2133 0.3891 0.5057 0.2816 0.1369 0.1677 0.2817 0.5000 0.4325 0.1544 0.1442 0.2140 0.3939 0.5030 0.2639 0.1366 0.1728 0.2972 0.5104 0.4064 0.1468 0.1488 0.2305 0.4299 0.4872 0.2085 0.1374 0.1857 0.3304 0.5156 0.3568 0.1401 0.1571 0.2555 0.4730 0.4597 0.1680 0.1402 0.1937 0.2750 0.1937 0.1402 0.1680 0.4597 0.4730 0.2555 0.1571 0.1401 0.3568 0.5156 0.3304 0.1857 0.1374 0.2085 0.4872 0.4299 0.2305 0.1488 0.1468 0.4064 0.5104 0.2972 0.1728 0.1366 0.2639 0.5030 0.3939 0.2140 0.1442 0.1544 0.4325 0.5000 0.2817 0.1677 0.1369 0.2816 0.5057 0.3891 0.2133 0.1444 0.1529 0.4255 0.5052 0.2908 0.1718 0.1366 0.2543 0.4990 0.4093 0.2248
0.4112 0.4965 0.2451 0.1366 0.1736 0.2953 0.5077 0.4198 0.1513 0.1451 0.2158 0.3941 0.5042 0.2751 0.1368 0.1686 0.2836 0.5011 0.4314 0.1542 0.1442 0.2137 0.3927 0.5037 0.2675 0.1366 0.1718 0.2944 0.5090 0.4110 0.1478 0.1481 0.2278 0.4245 0.4899 0.2160 0.1371 0.1837 0.3253 0.5156 0.3644 0.1408 0.1558 0.2518 0.4676 0.4639 0.1712 0.1401 0.1983 0.3473 0.4945 0.3473 0.1983 0.1401 0.1712 0.4639 0.4676 0.2518 0.1558 0.1408 0.3644 0.5156 0.3253 0.1837 0.1371 0.2160 0.4899 0.4245 0.2278 0.1481 0.1478 0.4110 0.5090 0.2944 0.1718 0.1366 0.2675 0.5037 0.3927 0.2137 0.1442 0.1542 0.4314 0.5011 0.2836 0.1686 0.1368 0.2751 0.5042 0.3941 0.2158 0.1451 0.1513 0.4198 0.5077 0.2953 0.1736 0.1366 0.2451 0.4965 0.4112
0.4946 0.2360 0.1366 0.1754 0.2999 0.5098 0.4138 0.1497 0.1460 0.2185 0.3997 0.5024 0.2676 0.1367 0.1697 0.2862 0.5027 0.4290 0.1536 0.1443 0.2140 0.3927 0.5039 0.2695 0.1366 0.1712 0.2923 0.5079 0.4147 0.1487 0.1474 0.2255 0.4195 0.4924 0.2232 0.1369 0.1818 0.3206 0.5154 0.3717 0.1415 0.1546 0.2482 0.4619 0.4680 0.1753 0.1397 0.1974 0.3553 0.5136 0.4422 0.5136 0.3553 0.1974 0.1397 0.1753 0.4680 0.4619 0.2482 0.1546 0.1415 0.3717 0.5154 0.3206 0.1818 0.1369 0.2232 0.4924 0.4195 0.2255 0.1474 0.1487 0.4147 0.5079 0.2923 0.1712 0.1366 0.2695 0.5039 0.3927 0.2140 0.1443 0.1536 0.4290 0.5027 0.2862 0.1697 0.1367 0.2676 0.5024 0.3997 0.2185 0.1460 0.1497 0.4138 0.5098 0.2999 0.1754 0.1366 0.2360 0.4946
0.2329 0.1367 0.1773 0.3046 0.5115 0.4076 0.1482 0.1469 0.2214 0.4056 0.5003 0.2593 0.1366 0.1711 0.2895 0.5047 0.4256 0.1526 0.1447 0.2149 0.3939 0.5037 0.2695 0.1366 0.1708 0.2910 0.5069 0.4175 0.1495 0.1468 0.2235 0.4151 0.4944 0.2301 0.1368 0.1801 0.3161 0.5150 0.3785 0.1423 0.1535 0.2447 0.4561 0.4720 0.1800 0.1391 0.1954 0.3529 0.5135 0.3479 0.1582 0.3479 0.5135 0.3529 0.1954 0.1391 0.1800 0.4720 0.4561 0.2447 0.1535 0.1423 0.3785 0.5150 0.3161 0.1801 0.1368 0.2301 0.4944 0.4151 0.2235 0.1468 0.1495 0.4175 0.5069 0.2910 0.1708 0.1366 0.2695 0.5037 0.3939 0.2149 0.1447 0.1526 0.4256 0.5047 0.2895 0.1711 0.1366 0.2593 0.5003 0.4056 0.2214 0.1469 0.1482 0.4076 0.5115 0.3046 0.1773 0.1367 0.2329
0.1441 0.1792 0.3093 0.5129 0.4012 0.1469 0.1478 0.2244 0.4118 0.4980 0.2505 0.1366 0.1726 0.2932 0.5068 0.4214 0.1515 0.1452 0.2163 0.3964 0.5030 0.2675 0.1366 0.1708 0.2905 0.5065 0.4193 0.1501 0.1464 0.2219 0.4114 0.4962 0.2363 0.1367 0.1786 0.3121 0.5145 0.3848 0.1432 0.1524 0.2415 0.4504 0.4757 0.1854 0.1387 0.1932 0.3482 0.5141 0.3355 0.1392 0.1400 0.1392 0.3355 0.5141 0.3482 0.1932 0.1387 0.1854 0.4757 0.4504 0.2415 0.1524 0.1432 0.3848 0.5145 0.3121 0.1786 0.1367 0.2363 0.4962 0.4114 0.2219 0.1464 0.1501 0.4193 0.5065 0.2905 0.1708 0.1366 0.2675 0.5030 0.3964 0.2163 0.1452 0.1515 0.4214 0.5068 0.2932 0.1726 0.1366 0.2505 0.4980 0.4118 0.2244 0.1478 0.1469 0.4012 0.5129 0.3093 0.1792 0.1441
0.1846 0.3142 0.5140 0.3946 0.1457 0.1488 0.2275 0.4180 0.4955 0.2415 0.1366 0.1743 0.2973 0.5088 0.4165 0.1502 0.1458 0.2182 0.3999 0.5020 0.2639 0.1366 0.1712 0.2910 0.5065 0.4199 0.1504 0.1461 0.2208 0.4086 0.4975 0.2416 0.1366 0.1773 0.3086 0.5138 0.3904 0.1440 0.1514 0.2384 0.4448 0.4791 0.1912 0.1382 0.1910 0.3430 0.5147 0.3391 0.1389 0.1548 0.2013 0.1548 0.1389 0.3391 0.5147 0.3430 0.1910 0.1382 0.1912 0.4791 0.4448 0.2384 0.1514 0.1440 0.3904 0.5138 0.3086 0.1773 0.1366 0.2416 0.4975 0.4086 0.2208 0.1461 0.1504 0.4199 0.5065 0.2910 0.1712 0.1366 0.2639 0.5020 0.3999 0.2182 0.1458 0.1502 0.4165 0.5088 0.2973 0.1743 0.1366 0.2415 0.4955 0.4180 0.2275 0.1488 0.1457 0.3946 0.5140 0.3142 0.1846
0.3174 0.5149 0.3877 0.1445 0.1499 0.2306 0.4242 0.4927 0.2325 0.1366 0.1761 0.3018 0.5106 0.4110 0.1489 0.1465 0.2204 0.4043 0.5005 0.2587 0.1366 0.1718 0.2923 0.5069 0.4193 0.1504 0.1460 0.2202 0.4069 0.4984 0.2456 0.1366 0.1762 0.3056 0.5130 0.3953 0.1448 0.1505 0.2356 0.4395 0.4822 0.1974 0.1379 0.1889 0.3379 0.5152 0.3460 0.1393 0.1577 0.2478 0.3681 0.2478 0.1577 0.1393 0.3460 0.5152 0.3379 0.1889 0.1379 0.1974 0.4822 0.4395 0.2356 0.1505 0.1448 0.3953 0.5130 0.3056 0.1762 0.1366 0.2456 0.4984 0.4069 0.2202 0.1460 0.1504 0.4193 0.5069 0.2923 0.1718 0.1366 0.2587 0.5005 0.4043 0.2204 0.1465 0.1489 0.4110 0.5106 0.3018 0.1761 0.1366 0.2325 0.4927 0.4242 0.2306 0.1499 0.1445 0.3877 0.5149 0.3174
0.5138 0.3806 0.1435 0.1509 0.2339 0.4305 0.4899 0.2238 0.1368 0.1780 0.3064 0.5121 0.4050 0.1476 0.1473 0.2229 0.4093 0.4988 0.2522 0.1366 0.1728 0.2944 0.5079 0.4175 0.1501 0.1461 0.2202 0.4063 0.4988 0.2482 0.1366 0.1754 0.3033 0.5123 0.3994 0.1456 0.1498 0.2332 0.4346 0.4850 0.2036 0.1376 0.1869 0.3330 0.5155 0.3534 0.1398 0.1573 0.2540 0.4570 0.5094 0.4570 0.2540 0.1573 0.1398 0.3534 0.5155 0.3330 0.1869 0.1376 0.2036 0.4850 0.4346 0.2332 0.1498 0.1456 0.3994 0.5123 0.3033 0.1754 0.1366 0.2482 0.4988 0.4063 0.2202 0.1461 0.1501 0.4175 0.5079 0.2944 0.1728 0.1366 0.2522 0.4988 0.4093 0.2229 0.1473 0.1476 0.4050 0.5121 0.3064 0.1780 0.1368 0.2238 0.4899 0.4305 0.2339 0.1509 0.1435 0.3806 0.5138
0.3766 0.1426 0.1520 0.2372 0.4367 0.4868 0.2153 0.1369 0.1800 0.3112 0.5134 0.3986 0.1464 0.1482 0.2257 0.4148 0.4967 0.2449 0.1366 0.1740 0.2972 0.5090 0.4147 0.1495 0.1464 0.2208 0.4069 0.4988 0.2490 0.1366 0.1749 0.3016 0.5116 0.4027 0.1462 0.1491 0.2310 0.4302 0.4874 0.2098 0.1373 0.1851 0.3284 0.5156 0.3605 0.1405 0.1563 0.2526 0.4655 0.4742 0.3177 0.4742 0.4655 0.2526 0.1563 0.1405 0.3605 0.5156 0.3284 0.1851 0.1373 0.2098 0.4874 0.4302 0.2310 0.1491 0.1462 0.4027 0.5116 0.3016 0.1749 0.1366 0.2490 0.4988 0.4069 0.2208 0.1464 0.1495 0.4147 0.5090 0.2972 0.1740 0.1366 0.2449 0.4967 0.4148 0.2257 0.1482 0.1464 0.3986 0.5134 0.3112 0.1800 0.1369 0.2153 0.4868 0.4367 0.2372 0.1520 0.1426 0.3766
0.1493 0.1532 0.2405 0.4428 0.4835 0.2073 0.1372 0.1820 0.3161 0.5144 0.3919 0.1452 0.1492 0.2287 0.4206 0.4942 0.2370 0.1366 0.1755 0.3006 0.5104 0.4110 0.1487 0.1468 0.2219 0.4086 0.4984 0.2482 0.1366 0.1747 0.3007 0.5112 0.4050 0.1467 0.1487 0.2293 0.4264 0.4894 0.2155 0.1371 0.1834 0.3242 0.5156 0.3671 0.1411 0.1552 0.2498 0.4634 0.4692 0.1901 0.1358 0.1901 0.4692 0.4634 0.2498 0.1552 0.1411 0.3671 0.5156 0.3242 0.1834 0.1371 0.2155 0.4894 0.4264 0.2293 0.1487 0.1467 0.4050 0.5112 0.3007 0.1747 0.1366 0.2482 0.4984 0.4086 0.2219 0.1468 0.1487 0.4110 0.5104 0.3006 0.1755 0.1366 0.2370 0.4942 0.4206 0.2287 0.1492 0.1452 0.3919 0.5144 0.3161 0.1820 0.1372 0.2073 0.4835 0.4428 0.2405 0.1532 0.1493
0.1593 0.2440 0.4489 0.4801 0.1998 0.1374 0.1840 0.3211 0.5151 0.3850 0.1441 0.1503 0.2319 0.4267 0.4916 0.2287 0.1367 0.1771 0.3045 0.5117 0.4064 0.1478 0.1474 0.2235 0.4114 0.4975 0.2456 0.1366 0.1749 0.3007 0.5110 0.4061 0.1471 0.1483 0.2280 0.4234 0.4910 0.2205 0.1370 0.1820 0.3205 0.5154 0.3732 0.1418 0.1542 0.2467 0.4590 0.4708 0.1813 0.1370 0.1586 0.1370 0.1813 0.4708 0.4590 0.2467 0.1542 0.1418 0.3732 0.5154 0.3205 0.1820 0.1370 0.2205 0.4910 0.4234 0.2280 0.1483 0.1471 0.4061 0.5110 0.3007 0.1749 0.1366 0.2456 0.4975 0.4114 0.2235 0.1474 0.1478 0.4064 0.5117 0.3045 0.1771 0.1367 0.2287 0.4916 0.4267 0.2319 0.1503 0.1441 0.3850 0.5151 0.3211 0.1840 0.1374 0.1998 0.4801 0.4489 0.2440 0.1593
0.2482 0.4550 0.4765 0.1929 0.1378 0.1861 0.3262 0.5155 0.3778 0.1431 0.1514 0.2352 0.4329 0.4887 0.2203 0.1368 0.1789 0.3087 0.5129 0.4012 0.1468 0.1481 0.2255 0.4151 0.4962 0.2416 0.1366 0.1754 0.3016 0.5112 0.4061 0.1472 0.1481 0.2271 0.4213 0.4922 0.2245 0.1369 0.1808 0.3172 0.5151 0.3786 0.1424 0.1532 0.2438 0.4541 0.4737 0.1833 0.1384 0.1858 0.2606 0.1858 0.1384 0.1833 0.4737 0.4541 0.2438 0.1532 0.1424 0.3786 0.5151 0.3172 0.1808 0.1369 0.2245 0.4922 0.4213 0.2271 0.1481 0.1472 0.4061 0.5112 0.3016 0.1754 0.1366 0.2416 0.4962 0.4151 0.2255 0.1481 0.1468 0.4012 0.5129 0.3087 0.1789 0.1368 0.2203 0.4887 0.4329 0.2352 0.1514 0.1431 0.3778 0.5155 0.3262 0.1861 0.1378 0.1929 0.4765 0.4550 0.2482
0.4561 0.4728 0.1866 0.1381 0.1883 0.3314 0.5156 0.3705 0.1422 0.1525 0.2385 0.4391 0.4855 0.2121 0.1370 0.1808 0.3133 0.5139 0.3954 0.1457 0.1488 0.2278 0.4195 0.4944 0.2363 0.1366 0.1762 0.3033 0.5116 0.4050 0.1471 0.1481 0.2269 0.4202 0.4929 0.2274 0.1368 0.1799 0.3146 0.5147 0.3832 0.1430 0.1524 0.2412 0.4494 0.4767 0.1875 0.1384 0.1903 0.3289 0.4790 0.3289 0.1903 0.1384 0.1875 0.4767 0.4494 0.2412 0.1524 0.1430 0.3832 0.5147 0.3146 0.1799 0.1368 0.2274 0.4929 0.4202 0.2269 0.1481 0.1471 0.4050 0.5116 0.3033 0.1762 0.1366 0.2363 0.4944 0.4195 0.2278 0.1488 0.1457 0.3954 0.5139 0.3133 0.1808 0.1370 0.2121 0.4855 0.4391 0.2385 0.1525 0.1422 0.3705 0.5156 0.3314 0.1883 0.1381 0.1866 0.4728 0.4561
0.4703 0.1810 0.1386 0.1905 0.3367 0.5156 0.3629 0.1414 0.1536 0.2419 0.4453 0.4822 0.2043 0.1373 0.1828 0.3181 0.5147 0.3890 0.1447 0.1497 0.2305 0.4245 0.4924 0.2301 0.1367 0.1773 0.3056 0.5123 0.4027 0.1467 0.1483 0.2271 0.4202 0.4931 0.2289 0.1368 0.1793 0.3127 0.5144 0.3869 0.1436 0.1517 0.2389 0.4450 0.4794 0.1923 0.1381 0.1898 0.3371 0.5145 0.4580 0.5145 0.3371 0.1898 0.1381 0.1923 0.4794 0.4450 0.2389 0.1517 0.1436 0.3869 0.5144 0.3127 0.1793 0.1368 0.2289 0.4931 0.4202 0.2271 0.1483 0.1467 0.4027 0.5123 0.3056 0.1773 0.1367 0.2301 0.4924 0.4245 0.2305 0.1497 0.1447 0.3890 0.5147 0.3181 0.1828 0.1373 0.2043 0.4822 0.4453 0.2419 0.1536 0.1414 0.3629 0.5156 0.3367 0.1905 0.1386 0.1810 0.4703
0.1830 0.1391 0.1928 0.3421 0.5153 0.3551 0.1406 0.1548 0.2454 0.4513 0.4787 0.1970 0.1376 0.1849 0.3231 0.5153 0.3821 0.1437 0.1507 0.2334 0.4299 0.4899 0.2232 0.1368 0.1786 0.3086 0.5130 0.3994 0.1462 0.1487 0.2280 0.4213 0.4929 0.2289 0.1368 0.1789 0.3115 0.5141 0.3895 0.1441 0.1511 0.2369 0.4411 0.4817 0.1971 0.1378 0.1884 0.3357 0.5153 0.3733 0.1694 0.3733 0.5153 0.3357 0.1884 0.1378 0.1971 0.4817 0.4411 0.2369 0.1511 0.1441 0.3895 0.5141 0.3115 0.1789 0.1368 0.2289 0.4929 0.4213 0.2280 0.1487 0.1462 0.3994 0.5130 0.3086 0.1786 0.1368 0.2232 0.4899 0.4299 0.2334 0.1507 0.1437 0.3821 0.5153 0.3231 0.1849 0.1376 0.1970 0.4787 0.4513 0.2454 0.1548 0.1406 0.3551 0.5153 0.3421 0.1928 0.1391 0.1830
0.1462 0.1951 0.3475 0.5148 0.3471 0.1400 0.1561 0.2489 0.4573 0.4751 0.1903 0.1379 0.1870 0.3283 0.5156 0.3750 0.1428 0.1518 0.2365 0.4357 0.4872 0.2160 0.1369 0.1801 0.3121 0.5138 0.3953 0.1456 0.1491 0.2293 0.4234 0.4922 0.2274 0.1368 0.1789 0.3111 0.5140 0.3912 0.1444 0.1507 0.2355 0.4380 0.4836 0.2015 0.1376 0.1870 0.3325 0.5155 0.3606 0.1416 0.1381 0.1416 0.3606 0.5155 0.3325 0.1870 0.1376 0.2015 0.4836 0.4380 0.2355 0.1507 0.1444 0.3912 0.5140 0.3111 0.1789 0.1368 0.2274 0.4922 0.4234 0.2293 0.1491 0.1456 0.3953 0.5138 0.3121 0.1801 0.1369 0.2160 0.4872 0.4357 0.2365 0.1518 0.1428 0.3750 0.5156 0.3283 0.1870 0.1379 0.1903 0.4751 0.4573 0.2489 0.1561 0.1400 0.3471 0.5148 0.3475 0.1951 0.1462
0.2002 0.3531 0.5141 0.3389 0.1394 0.1574 0.2526 0.4631 0.4712 0.1843 0.1383 0.1892 0.3335 0.5156 0.3675 0.1419 0.1529 0.2398 0.4416 0.4842 0.2085 0.1371 0.1818 0.3161 0.5145 0.3904 0.1448 0.1498 0.2310 0.4264 0.4910 0.2245 0.1368 0.1793 0.3115 0.5140 0.3917 0.1446 0.1504 0.2344 0.4356 0.4851 0.2053 0.1374 0.1857 0.3293 0.5156 0.3621 0.1409 0.1512 0.1935 0.1512 0.1409 0.3621 0.5156 0.3293 0.1857 0.1374 0.2053 0.4851 0.4356 0.2344 0.1504 0.1446 0.3917 0.5140 0.3115 0.1793 0.1368 0.2245 0.4910 0.4264 0.2310 0.1498 0.1448 0.3904 0.5145 0.3161 0.1818 0.1371 0.2085 0.4842 0.4416 0.2398 0.1529 0.1419 0.3675 0.5156 0.3335 0.1892 0.1383 0.1843 0.4712 0.4631 0.2526 0.1574 0.1394 0.3389 0.5141 0.3531 0.2002
0.3558 0.5133 0.3305 0.1388 0.1587 0.2563 0.4688 0.4671 0.1790 0.1388 0.1914 0.3388 0.5155 0.3599 0.1411 0.1541 0.2433 0.4477 0.4809 0.2012 0.1374 0.1837 0.3206 0.5150 0.3848 0.1440 0.1505 0.2332 0.4302 0.4894 0.2205 0.1369 0.1799 0.3127 0.5141 0.3912 0.1446 0.1504 0.2339 0.4342 0.4861 0.2083 0.1373 0.1847 0.3265 0.5156 0.3660 0.1411 0.1541 0.2375 0.3507 0.2375 0.1541 0.1411 0.3660 0.5156 0.3265 0.1847 0.1373 0.2083 0.4861 0.4342 0.2339 0.1504 0.1446 0.3912 0.5141 0.3127 0.1799 0.1369 0.2205 0.4894 0.4302 0.2332 0.1505 0.1440 0.3848 0.5150 0.3206 0.1837 0.1374 0.2012 0.4809 0.4477 0.2433 0.1541 0.1411 0.3599 0.5155 0.3388 0.1914 0.1388 0.1790 0.4671 0.4688 0.2563 0.1587 0.1388 0.3305 0.5133 0.3558
0.5118 0.3219 0.1383 0.1601 0.2601 0.4742 0.4629 0.1743 0.1393 0.1937 0.3442 0.5151 0.3520 0.1404 0.1553 0.2468 0.4537 0.4773 0.1943 0.1377 0.1857 0.3253 0.5154 0.3785 0.1432 0.1514 0.2356 0.4346 0.4874 0.2155 0.1370 0.1808 0.3146 0.5144 0.3895 0.1444 0.1504 0.2339 0.4337 0.4866 0.2101 0.1372 0.1839 0.3243 0.5156 0.3699 0.1415 0.1542 0.2443 0.4402 0.5124 0.4402 0.2443 0.1542 0.1415 0.3699 0.5156 0.3243 0.1839 0.1372 0.2101 0.4866 0.4337 0.2339 0.1504 0.1444 0.3895 0.5144 0.3146 0.1808 0.1370 0.2155 0.4874 0.4346 0.2356 0.1514 0.1432 0.3785 0.5154 0.3253 0.1857 0.1377 0.1943 0.4773 0.4537 0.2468 0.1553 0.1404 0.3520 0.5151 0.3442 0.1937 0.1393 0.1743 0.4629 0.4742 0.2601 0.1601 0.1383 0.3219 0.5118
0.3173 0.1379 0.1615 0.2639 0.4795 0.4585 0.1702 0.1398 0.1961 0.3497 0.5146 0.3439 0.1397 0.1566 0.2503 0.4596 0.4736 0.1879 0.1381 0.1878 0.3304 0.5156 0.3717 0.1423 0.1524 0.2384 0.4395 0.4850 0.2098 0.1371 0.1820 0.3172 0.5147 0.3869 0.1441 0.1507 0.2344 0.4342 0.4866 0.2107 0.1372 0.1834 0.3228 0.5155 0.3730 0.1419 0.1537 0.2443 0.4509 0.4833 0.3403 0.4833 0.4509 0.2443 0.1537 0.1419 0.3730 0.5155 0.3228 0.1834 0.1372 0.2107 0.4866 0.4342 0.2344 0.1507 0.1441 0.3869 0.5147 0.3172 0.1820 0.1371 0.2098 0.4850 0.4395 0.2384 0.1524 0.1423 0.3717 0.5156 0.3304 0.1878 0.1381 0.1879 0.4736 0.4596 0.2503 0.1566 0.1397 0.3439 0.5146 0.3497 0.1961 0.1398 0.1702 0.4585 0.4795 0.2639 0.1615 0.1379 0.3173
0.1451 0.1630 0.2679 0.4845 0.4539 0.1666 0.1404 0.1985 0.3553 0.5138 0.3356 0.1391 0.1579 0.2540 0.4653 0.4696 0.1821 0.1385 0.1900 0.3356 0.5156 0.3644 0.1415 0.1535 0.2415 0.4448 0.4822 0.2036 0.1373 0.1834 0.3205 0.5151 0.3832 0.1436 0.1511 0.2355 0.4356 0.4861 0.2101 0.1372 0.1833 0.3220 0.5154 0.3752 0.1422 0.1533 0.2432 0.4511 0.4779 0.2076 0.1369 0.2076 0.4779 0.4511 0.2432 0.1533 0.1422 0.3752 0.5154 0.3220 0.1833 0.1372 0.2101 0.4861 0.4356 0.2355 0.1511 0.1436 0.3832 0.5151 0.3205 0.1834 0.1373 0.2036 0.4822 0.4448 0.2415 0.1535 0.1415 0.3644 0.5156 0.3356 0.1900 0.1385 0.1821 0.4696 0.4653 0.2540 0.1579 0.1391 0.3356 0.5138 0.3553 0.1985 0.1404 0.1666 0.4539 0.4845 0.2679 0.1630 0.1451
0.1688 0.2719 0.4891 0.4491 0.1634 0.1410 0.2010 0.3610 0.5129 0.3272 0.1386 0.1593 0.2578 0.4710 0.4655 0.1771 0.1389 0.1923 0.3409 0.5154 0.3568 0.1408 0.1546 0.2447 0.4504 0.4791 0.1974 0.1376 0.1851 0.3242 0.5154 0.3786 0.1430 0.1517 0.2369 0.4380 0.4851 0.2083 0.1372 0.1834 0.3220 0.5154 0.3762 0.1424 0.1530 0.2421 0.4495 0.4777 0.1936 0.1363 0.1556 0.1363 0.1936 0.4777 0.4495 0.2421 0.1529 0.1424 0.3763 0.5154 0.3220 0.1834 0.1372 0.2083 0.4851 0.4380 0.2369 0.1517 0.1430 0.3786 0.5154 0.3242 0.1851 0.1376 0.1974 0.4791 0.4504 0.2447 0.1546 0.1408 0.3568 0.5154 0.3409 0.1923 0.1389 0.1771 0.4655 0.4710 0.2578 0.1593 0.1386 0.3272 0.5129 0.3610 0.2010 0.1410 0.1634 0.4491 0.4891 0.2719 0.1688
0.2757 0.4934 0.4441 0.1606 0.1417 0.2035 0.3668 0.5117 0.3185 0.1382 0.1607 0.2616 0.4763 0.4612 0.1726 0.1395 0.1946 0.3464 0.5149 0.3488 0.1401 0.1558 0.2482 0.4561 0.4757 0.1912 0.1379 0.1869 0.3284 0.5156 0.3732 0.1424 0.1524 0.2389 0.4411 0.4836 0.2053 0.1373 0.1839 0.3228 0.5154 0.3762 0.1425 0.1528 0.2414 0.4479 0.4783 0.1924 0.1377 0.1819 0.2528 0.1818 0.1377 0.1929 0.4786 0.4478 0.2412 0.1527 0.1425 0.3763 0.5154 0.3228 0.1839 0.1373 0.2053 0.4836 0.4411 0.2389 0.1524 0.1424 0.3732 0.5156 0.3284 0.1869 0.1379 0.1912 0.4757 0.4561 0.2482 0.1558 0.1401 0.3488 0.5149 0.3464 0.1946 0.1395 0.1726 0.4612 0.4763 0.2616 0.1607 0.1382 0.3185 0.5117 0.3668 0.2035 0.1417 0.1606 0.4441 0.4934 0.2757
0.4935 0.4390 0.1581 0.1424 0.2061 0.3726 0.5104 0.3097 0.1378 0.1621 0.2655 0.4815 0.4567 0.1687 0.1400 0.1970 0.3519 0.5143 0.3407 0.1395 0.1571 0.2518 0.4619 0.4720 0.1854 0.1382 0.1889 0.3330 0.5156 0.3671 0.1418 0.1532 0.2412 0.4450 0.4817 0.2015 0.1374 0.1847 0.3243 0.5155 0.3752 0.1424 0.1529 0.2415 0.4450 0.4807 0.1902 0.1381 0.1884 0.3218 0.4702 0.3204 0.1871 0.1377 0.1970 0.4808 0.4465 0.2397 0.1524 0.1424 0.3752 0.5155 0.3243 0.1847 0.1374 0.2015 0.4817 0.4450 0.2412 0.1532 0.1418 0.3671 0.5156 0.3330 0.1889 0.1382 0.1854 0.4720 0.4619 0.2518 0.1571 0.1395 0.3407 0.5143 0.3519 0.1970 0.1400 0.1687 0.4567 0.4815 0.2655 0.1621 0.1378 0.3097 0.5104 0.3726 0.2061 0.1424 0.1581 0.4390 0.4935
0.4359 0.1559 0.1432 0.2088 0.3785 0.5090 0.3007 0.1374 0.1636 0.2695 0.4863 0.4521 0.1653 0.1407 0.1995 0.3575 0.5135 0.3324 0.1389 0.1584 0.2555 0.4676 0.4680 0.1800 0.1387 0.1910 0.3379 0.5155 0.3605 0.1411 0.1542 0.2438 0.4494 0.4794 0.1971 0.1376 0.1857 0.3265 0.5156 0.3730 0.1422 0.1530 0.2416 0.4492 0.4791 0.1924 0.1380 0.1881 0.3348 0.5142 0.4639 0.5139 0.3291 0.1870 0.1376 0.1937 0.4807 0.4439 0.2409 0.1529 0.1422 0.3730 0.5156 0.3265 0.1857 0.1376 0.1971 0.4794 0.4494 0.2438 0.1542 0.1411 0.3605 0.5155 0.3379 0.1910 0.1387 0.1800 0.4680 0.4676 0.2555 0.1584 0.1389 0.3324 0.5135 0.3575 0.1995 0.1407 0.1653 0.4521 0.4863 0.2695 0.1636 0.1374 0.3007 0.5090 0.3785 0.2088 0.1432 0.1559 0.4359
0.1613 0.1439 0.2115 0.3844 0.5073 0.2917 0.1371 0.1651 0.2735 0.4908 0.4473 0.1623 0.1413 0.2019 0.3632 0.5125 0.3239 0.1384 0.1598 0.2592 0.4730 0.4639 0.1753 0.1391 0.1932 0.3430 0.5152 0.3534 0.1405 0.1552 0.2467 0.4541 0.4767 0.1923 0.1378 0.1870 0.3293 0.5156 0.3699 0.1419 0.1533 0.2421 0.4483 0.4797 0.1920 0.1380 0.1882 0.3342 0.5152 0.3786 0.1733 0.3865 0.5154 0.3327 0.1865 0.1376 0.1986 0.4788 0.4507 0.2419 0.1533 0.1419 0.3699 0.5156 0.3293 0.1870 0.1378 0.1923 0.4767 0.4541 0.2467 0.1552 0.1405 0.3534 0.5152 0.3430 0.1932 0.1391 0.1753 0.4639 0.4730 0.2592 0.1598 0.1384 0.3239 0.5125 0.3632 0.2019 0.1413 0.1623 0.4473 0.4908 0.2735 0.1651 0.1371 0.2917 0.5073 0.3844 0.2115 0.1439 0.1613
0.1506 0.2142 0.3903 0.5056 0.2830 0.1369 0.1666 0.2774 0.4947 0.4424 0.1597 0.1419 0.2044 0.3687 0.5113 0.3156 0.1380 0.1611 0.2629 0.4781 0.4597 0.1712 0.1397 0.1954 0.3482 0.5147 0.3460 0.1398 0.1563 0.2498 0.4590 0.4737 0.1875 0.1381 0.1884 0.3325 0.5156 0.3660 0.1415 0.1537 0.2432 0.4496 0.4783 0.1939 0.1380 0.1887 0.3320 0.5156 0.3717 0.1425 0.1377 0.1424 0.3638 0.5156 0.3306 0.1874 0.1380 0.1963 0.4787 0.4493 0.2431 0.1537 0.1415 0.3660 0.5156 0.3325 0.1884 0.1381 0.1875 0.4737 0.4590 0.2498 0.1563 0.1398 0.3460 0.5147 0.3482 0.1954 0.1397 0.1712 0.4597 0.4781 0.2629 0.1611 0.1380 0.3156 0.5113 0.3687 0.2044 0.1419 0.1597 0.4424 0.4947 0.2774 0.1666 0.1369 0.2830 0.5056 0.3903 0.2142 0.1506
0.2184 0.3955 0.5039 0.2750 0.1367 0.1679 0.2810 0.4980 0.4380 0.1576 0.1425 0.2066 0.3737 0.5101 0.3080 0.1376 0.1623 0.2662 0.4824 0.4558 0.1680 0.1401 0.1974 0.3529 0.5141 0.3391 0.1393 0.1573 0.2526 0.4634 0.4708 0.1833 0.1384 0.1898 0.3357 0.5155 0.3621 0.1411 0.1542 0.2443 0.4511 0.4777 0.1926 0.1378 0.1875 0.3367 0.5153 0.3647 0.1417 0.1507 0.1925 0.1507 0.1412 0.3611 0.5155 0.3363 0.1883 0.1377 0.1967 0.4777 0.4511 0.2443 0.1542 0.1411 0.3621 0.5155 0.3357 0.1898 0.1384 0.1833 0.4708 0.4634 0.2526 0.1573 0.1393 0.3391 0.5141 0.3529 0.1974 0.1401 0.1680 0.4558 0.4824 0.2662 0.1623 0.1376 0.3080 0.5101 0.3737 0.2066 0.1425 0.1576 0.4380 0.4980 0.2810 0.1679 0.1367 0.2750 0.5039 0.3955 0.2184
0.3939 0.5029 0.2710 0.1365 0.1685 0.2828 0.4993 0.4357 0.1565 0.1427 0.2075 0.3762 0.5093 0.3041 0.1374 0.1628 0.2678 0.4843 0.4538 0.1664 0.1402 0.1983 0.3553 0.5135 0.3355 0.1389 0.1577 0.2540 0.4655 0.4692 0.1813 0.1384 0.1903 0.3371 0.5153 0.3606 0.1409 0.1541 0.2443 0.4509 0.4779 0.1936 0.1377 0.1874 0.3325 0.5154 0.3678 0.1415 0.1532 0.2356 0.3468 0.2339 0.1534 0.1412 0.3692 0.5152 0.3285 0.1875 0.1376 0.1937 0.4779 0.4509 0.2443 0.1541 0.1409 0.3606 0.5153 0.3371 0.1903 0.1384 0.1813 0.4692 0.4655 0.2540 0.1577 0.1389 0.3355 0.5135 0.3553 0.1983 0.1402 0.1664 0.4538 0.4843 0.2678 0.1628 0.1374 0.3041 0.5093 0.3762 0.2075 0.1427 0.1565 0.4357 0.4993 0.2828 0.1685 0.1365 0.2710 0.5029 0.3939
0.5050 0.2851 0.1361 0.1651 0.2761 0.4935 0.4430 0.1596 0.1409 0.2027 0.3678 0.5103 0.3174 0.1372 0.1597 0.2614 0.4769 0.4598 0.1715 0.1387 0.1937 0.3473 0.5136 0.3479 0.1392 0.1548 0.2478 0.4570 0.4742 0.1901 0.1370 0.1858 0.3289 0.5145 0.3733 0.1416 0.1512 0.2375 0.4402 0.4833 0.2076 0.1363 0.1818 0.3209 0.5140 0.3808 0.1422 0.1502 0.2333 0.4235 0.5131 0.4204 0.2343 0.1507 0.1428 0.3816 0.5143 0.3201 0.1817 0.1364 0.2075 0.4833 0.4402 0.2375 0.1512 0.1416 0.3733 0.5145 0.3289 0.1858 0.1370 0.1901 0.4742 0.4570 0.2478 0.1548 0.1392 0.3479 0.5136 0.3473 0.1937 0.1387 0.1715 0.4598 0.4769 0.2614 0.1597 0.1372 0.3174 0.5103 0.3678 0.2027 0.1409 0.1596 0.4430 0.4935 0.2761 0.1651 0.1361 0.2851 0.5050
0.4023 0.1443 0.1458 0.2217 0.4125 0.4958 0.2522 0.1348 0.1698 0.2909 0.5057 0.4231 0.1501 0.1426 0.2110 0.3900 0.5037 0.2857 0.1350 0.1639 0.2750 0.4945 0.4422 0.1582 0.1400 0.2013 0.3681 0.5094 0.3177 0.1358 0.1586 0.2606 0.4790 0.4580 0.1694 0.1381 0.1935 0.3507 0.5124 0.3403 0.1369 0.1555 0.2526 0.4686 0.4636 0.1733 0.1376 0.1912 0.3429 0.5129 0.4520 0.5127 0.3437 0.1904 0.1375 0.1767 0.4632 0.4708 0.2537 0.1556 0.1369 0.3403 0.5124 0.3507 0.1935 0.1381 0.1694 0.4580 0.4790 0.2606 0.1586 0.1358 0.3177 0.5094 0.3681 0.2013 0.1400 0.1582 0.4422 0.4945 0.2750 0.1639 0.1350 0.2857 0.5037 0.3900 0.2110 0.1426 0.1501 0.4231 0.5057 0.2909 0.1698 0.1348 0.2522 0.4958 0.4125 0.2217 0.1458 0.1443 0.4023
0.5050 0.2851 0.1361 0.1651 0.2761 0.4935 0.4430 0.1596 0.1409 0.2027 0.3678 0.5103 0.3174 0.1372 0.1597 0.2614 0.4769 0.4598 0.1715 0.1387 0.1937 0.3473 0.5136 0.3479 0.1392 0.1548 0.2478 0.4570 0.4742 0.1901 0.1370 0.1858 0.3289 0.5145 0.3733 0.1416 0.1512 0.2375 0.4402 0.4833 0.2076 0.1363 0.1817 0.3216 0.5142 0.3771 0.1422 0.1506 0.2344 0.4238 0.5129 0.4249 0.2331 0.1504 0.1423 0.3831 0.5142 0.3188 0.1820 0.1363 0.2076 0.4833 0.4402 0.2375 0.1512 0.1416 0.3733 0.5145 0.3289 0.1858 0.1370 0.1901 0.4742 0.4570 0.2478 0.1548 0.1392 0.3479 0.5136 0.3473 0.1937 0.1387 0.1715 0.4598 0.4769 0.2614 0.1597 0.1372 0.3174 0.5103 0.3678 0.2027 0.1409 0.1596 0.4430 0.4935 0.2761 0.1651 0.1361 0.2851 0.5050
0.3939 0.5029 0.2710 0.1365 0.1685 0.2828 0.4993 0.4357 0.1565 0.1427 0.2075 0.3762 0.5093 0.3041 0.1374 0.1628 0.2678 0.4843 0.4538 0.1664 0.1402 0.1983 0.3553 0.5135 0.3355 0.1389 0.1577 0.2540 0.4655 0.4692 0.1813 0.1384 0.1903 0.3371 0.5153 0.3606 0.1409 0.1541 0.2443 0.4509 0.4779 0.1937 0.1376 0.1862 0.3309 0.5153 0.3674 0.1417 0.1534 0.2357 0.3488 0.2384 0.1528 0.1414 0.3620 0.5154 0.3285 0.1875 0.1376 0.1936 0.4779 0.4509 0.2443 0.1541 0.1409 0.3606 0.5153 0.3371 0.1903 0.1384 0.1813 0.4692 0.4655 0.2540 0.1577 0.1389 0.3355 0.5135 0.3553 0.1983 0.1402 0.1664 0.4538 0.4843 0.2678 0.1628 0.1374 0.3041 0.5093 0.3762 0.2075 0.1427 0.1565 0.4357 0.4993 0.2828 0.1685 0.1365 0.2710 0.5029 0.3939
0.2184 0.3955 0.5039 0.2750 0.1367 0.1679 0.2810 0.4980 0.4380 0.1576 0.1425 0.2066 0.3737 0.5101 0.3080 0.1376 0.1623 0.2662 0.4824 0.4558 0.1680 0.1401 0.1974 0.3529 0.5141 0.3391 0.1393 0.1573 0.2526 0.4634 0.4708 0.1833 0.1384 0.1898 0.3357 0.5155 0.3621 0.1411 0.1542 0.2443 0.4511 0.4778 0.1930 0.1380 0.1884 0.3362 0.5153 0.3646 0.1410 0.1507 0.1935 0.1513 0.1406 0.3633 0.5157 0.3353 0.1890 0.1382 0.1940 0.4776 0.4512 0.2443 0.1542 0.1411 0.3621 0.5155 0.3357 0.1898 0.1384 0.1833 0.4708 0.4634 0.2526 0.1573 0.1393 0.3391 0.5141 0.3529 0.1974 0.1401 0.1680 0.4558 0.4824 0.2662 0.1623 0.1376 0.3080 0.5101 0.3737 0.2066 0.1425 0.1576 0.4380 0.4980 0.2810 0.1679 0.1367 0.2750 0.5039 0.3955 0.2184
0.1506 0.2142 0.3903 0.5056 0.2830 0.1369 0.1666 0.2774 0.4947 0.4424 0.1597 0.1419 0.2044 0.3687 0.5113 0.3156 0.1380 0.1611 0.2629 0.4781 0.4597 0.1712 0.1397 0.1954 0.3482 0.5147 0.3460 0.1398 0.1563 0.2498 0.4590 0.4737 0.1875 0.1381 0.1884 0.3325 0.5156 0.3660 0.1415 0.1537 0.2432 0.4494 0.4786 0.1949 0.1378 0.1873 0.3330 0.5156 0.3620 0.1423 0.1379 0.1418 0.3628 0.5159 0.3355 0.1894 0.1381 0.1952 0.4787 0.4497 0.2432 0.1537 0.1415 0.3660 0.5156 0.3325 0.1884 0.1381 0.1875 0.4737 0.4590 0.2498 0.1563 0.1398 0.3460 0.5147 0.3482 0.1954 0.1397 0.1712 0.4597 0.4781 0.2629 0.1611 0.1380 0.3156 0.5113 0.3687 0.2044 0.1419 0.1597 0.4424 0.4947 0.2774 0.1666 0.1369 0.2830 0.5056 0.3903 0.2142 0.1506
0.1613 0.1439 0.2115 0.3844 0.5073 0.2917 0.1371 0.1651 0.2735 0.4908 0.4473 0.1623 0.1413 0.2019 0.3632 0.5125 0.3239 0.1384 0.1598 0.2592 0.4730 0.4639 0.1753 0.1391 0.1932 0.3430 0.5152 0.3534 0.1405 0.1552 0.2467 0.4541 0.4767 0.1923 0.1378 0.1870 0.3293 0.5156 0.3699 0.1419 0.1533 0.2420 0.4480 0.4770 0.1895 0.1378 0.1875 0.3336 0.5155 0.3793 0.1740 0.3754 0.5153 0.3348 0.1886 0.1381 0.1903 0.4779 0.4517 0.2423 0.1533 0.1419 0.3699 0.5156 0.3293 0.1870 0.1378 0.1923 0.4767 0.4541 0.2467 0.1552 0.1405 0.3534 0.5152 0.3430 0.1932 0.1391 0.1753 0.4639 0.4730 0.2592 0.1598 0.1384 0.3239 0.5125 0.3632 0.2019 0.1413 0.1623 0.4473 0.4908 0.2735 0.1651 0.1371 0.2917 0.5073 0.3844 0.2115 0.1439 0.1613
