0.0099 0.0668 0.1908 0.6064 1.0000 1.0000 1.0000 0.0006 0.0020 0.0062 0.0196 0.0617 0.1937 0.6087 1.0000 1.0000 1.0000 0.0006 0.0020 0.0063 0.0197 0.0620 0.1948 0.6122 1.0000 1.0000 1.0000 0.0006 0.0020 0.0063 0.0198 0.0624 0.1960 0.6157 1.0000 1.0000 1.0000 0.0006 0.0020 0.0064 0.0200 0.0627 0.1971 0.6192 1.0000 1.0000 1.0000 0.0006 0.0021 0.0075 0.0177 0.0075 0.0021 0.0006 1.0000 1.0000 1.0000 0.6192 0.1971 0.0627 0.0200 0.0064 0.0020 0.0006 1.0000 1.0000 1.0000 0.6157 0.1960 0.0624 0.0198 0.0063 0.0020 0.0006 1.0000 1.0000 1.0000 0.6122 0.1948 0.0620 0.0197 0.0063 0.0020 0.0006 1.0000 1.0000 1.0000 0.6087 0.1937 0.0617 0.0196 0.0062 0.0020 0.0006 1.0000 1.0000 1.0000 0.6064 0.1908 0.0668 0.0099
0.0668 0.4315 1.0000 1.0000 1.0000 1.0000 0.0013 0.0041 0.0127 0.0400 0.1256 0.3953 1.0000 1.0000 1.0000 1.0000 0.0013 0.0041 0.0128 0.0403 0.1265 0.3976 1.0000 1.0000 1.0000 1.0000 0.0013 0.0041 0.0129 0.0405 0.1273 0.3998 1.0000 1.0000 1.0000 1.0000 0.0013 0.0041 0.0130 0.0407 0.1280 0.4021 1.0000 1.0000 1.0000 1.0000 0.0013 0.0041 0.0131 0.0476 0.1074 0.0476 0.0131 0.0041 0.0013 1.0000 1.0000 1.0000 1.0000 0.4021 0.1280 0.0407 0.0130 0.0041 0.0013 1.0000 1.0000 1.0000 1.0000 0.3998 0.1273 0.0405 0.0129 0.0041 0.0013 1.0000 1.0000 1.0000 1.0000 0.3976 0.1265 0.0403 0.0128 0.0041 0.0013 1.0000 1.0000 1.0000 1.0000 0.3953 0.1256 0.0400 0.0127 0.0041 0.0013 1.0000 1.0000 1.0000 1.0000 0.4315 0.0668
0.1908 1.0000 1.0000 1.0000 1.0000 0.0012 0.0037 0.0117 0.0370 0.1159 0.3650 1.0000 1.0000 1.0000 1.0000 0.0012 0.0038 0.0118 0.0372 0.1168 0.3678 1.0000 1.0000 1.0000 1.0000 0.0012 0.0038 0.0119 0.0374 0.1177 0.3692 1.0000 1.0000 1.0000 1.0000 0.0012 0.0038 0.0120 0.0377 0.1182 0.3720 1.0000 1.0000 1.0000 1.0000 0.0012 0.0038 0.0120 0.0380 0.1376 0.3087 0.1376 0.0380 0.0120 0.0038 0.0012 1.0000 1.0000 1.0000 1.0000 0.3720 0.1182 0.0377 0.0120 0.0038 0.0012 1.0000 1.0000 1.0000 1.0000 0.3692 0.1177 0.0374 0.0119 0.0038 0.0012 1.0000 1.0000 1.0000 1.0000 0.3678 0.1168 0.0372 0.0118 0.0038 0.0012 1.0000 1.0000 1.0000 1.0000 0.3650 0.1159 0.0370 0.0117 0.0037 0.0012 1.0000 1.0000 1.0000 1.0000 0.1908
0.6064 1.0000 1.0000 1.0000 0.0012 0.0038 0.0120 0.0379 0.1191 0.3741 1.0000 1.0000 1.0000 1.0000 0.0012 0.0039 0.0122 0.0382 0.1200 0.3770 1.0000 1.0000 1.0000 1.0000 0.0012 0.0039 0.0122 0.0384 0.1207 0.3791 1.0000 1.0000 1.0000 1.0000 0.0012 0.0039 0.0123 0.0386 0.1213 0.3813 1.0000 1.0000 1.0000 1.0000 0.0013 0.0039 0.0124 0.0387 0.1223 0.4431 0.9905 0.4431 0.1223 0.0387 0.0124 0.0039 0.0013 1.0000 1.0000 1.0000 1.0000 0.3813 0.1213 0.0386 0.0123 0.0039 0.0012 1.0000 1.0000 1.0000 1.0000 0.3791 0.1207 0.0384 0.0122 0.0039 0.0012 1.0000 1.0000 1.0000 1.0000 0.3770 0.1200 0.0382 0.0122 0.0039 0.0012 1.0000 1.0000 1.0000 1.0000 0.3741 0.1191 0.0379 0.0120 0.0038 0.0012 1.0000 1.0000 1.0000 0.6064
1.0000 1.0000 1.0000 0.0012 0.0038 0.0121 0.0383 0.1204 0.3784 1.0000 1.0000 1.0000 1.0000 0.0012 0.0039 0.0123 0.0386 0.1213 0.3813 1.0000 1.0000 1.0000 1.0000 0.0013 0.0039 0.0124 0.0388 0.1220 0.3835 1.0000 1.0000 1.0000 1.0000 0.0013 0.0040 0.0124 0.0391 0.1227 0.3857 1.0000 1.0000 1.0000 1.0000 0.0013 0.0040 0.0125 0.0393 0.1230 0.3893 1.0000 1.0000 1.0000 0.3893 0.1230 0.0393 0.0125 0.0040 0.0013 1.0000 1.0000 1.0000 1.0000 0.3857 0.1227 0.0391 0.0124 0.0040 0.0013 1.0000 1.0000 1.0000 1.0000 0.3835 0.1220 0.0388 0.0124 0.0039 0.0013 1.0000 1.0000 1.0000 1.0000 0.3813 0.1213 0.0386 0.0123 0.0039 0.0012 1.0000 1.0000 1.0000 1.0000 0.3784 0.1204 0.0383 0.0121 0.0038 0.0012 1.0000 1.0000 1.0000
1.0000 1.0000 0.0012 0.0038 0.0121 0.0384 0.1213 0.3827 1.0000 1.0000 1.0000 1.0000 0.0013 0.0040 0.0125 0.0391 0.1230 0.3864 1.0000 1.0000 1.0000 1.0000 0.0013 0.0040 0.0125 0.0394 0.1237 0.3886 1.0000 1.0000 1.0000 1.0000 0.0013 0.0040 0.0126 0.0396 0.1244 0.3908 1.0000 1.0000 1.0000 1.0000 0.0013 0.0040 0.0127 0.0398 0.1251 0.3916 1.0000 1.0000 1.0000 1.0000 1.0000 0.3916 0.1251 0.0398 0.0127 0.0040 0.0013 1.0000 1.0000 1.0000 1.0000 0.3908 0.1244 0.0396 0.0126 0.0040 0.0013 1.0000 1.0000 1.0000 1.0000 0.3886 0.1237 0.0394 0.0125 0.0040 0.0013 1.0000 1.0000 1.0000 1.0000 0.3864 0.1230 0.0391 0.0125 0.0040 0.0013 1.0000 1.0000 1.0000 1.0000 0.3827 0.1213 0.0384 0.0121 0.0038 0.0012 1.0000 1.0000
1.0000 0.0013 0.0037 0.0120 0.0383 0.1213 0.3842 1.0000 1.0000 1.0000 1.0000 0.0013 0.0040 0.0126 0.0397 0.1246 0.3916 1.0000 1.0000 1.0000 1.0000 0.0013 0.0040 0.0127 0.0399 0.1253 0.3938 1.0000 1.0000 1.0000 1.0000 0.0013 0.0041 0.0128 0.0401 0.1261 0.3961 1.0000 1.0000 1.0000 1.0000 0.0013 0.0041 0.0128 0.0403 0.1268 0.3983 1.0000 1.0000 1.0000 1.0000 1.0000 1.0000 1.0000 0.3983 0.1268 0.0403 0.0128 0.0041 0.0013 1.0000 1.0000 1.0000 1.0000 0.3961 0.1261 0.0401 0.0128 0.0041 0.0013 1.0000 1.0000 1.0000 1.0000 0.3938 0.1253 0.0399 0.0127 0.0040 0.0013 1.0000 1.0000 1.0000 1.0000 0.3916 0.1246 0.0397 0.0126 0.0040 0.0013 1.0000 1.0000 1.0000 1.0000 0.3842 0.1213 0.0383 0.0120 0.0037 0.0013 1.0000
0.0006 0.0041 0.0117 0.0379 0.1204 0.3827 1.0000 1.0000 1.0000 1.0000 0.0013 0.0041 0.0128 0.0402 0.1263 0.3968 1.0000 1.0000 1.0000 1.0000 0.0013 0.0041 0.0129 0.0404 0.1270 0.3991 1.0000 1.0000 1.0000 1.0000 0.0013 0.0041 0.0129 0.0407 0.1277 0.4014 1.0000 1.0000 1.0000 1.0000 0.0013 0.0041 0.0130 0.0409 0.1285 0.4037 1.0000 1.0000 1.0000 1.0000 0.0011 1.0000 1.0000 1.0000 1.0000 0.4037 0.1285 0.0409 0.0130 0.0041 0.0013 1.0000 1.0000 1.0000 1.0000 0.4014 0.1277 0.0407 0.0129 0.0041 0.0013 1.0000 1.0000 1.0000 1.0000 0.3991 0.1270 0.0404 0.0129 0.0041 0.0013 1.0000 1.0000 1.0000 1.0000 0.3968 0.1263 0.0402 0.0128 0.0041 0.0013 1.0000 1.0000 1.0000 1.0000 0.3827 0.1204 0.0379 0.0117 0.0041 0.0006
0.0020 0.0127 0.0370 0.1191 0.3784 1.0000 1.0000 1.0000 1.0000 0.0013 0.0041 0.0129 0.0407 0.1280 0.4021 1.0000 1.0000 1.0000 1.0000 0.0013 0.0041 0.0130 0.0410 0.1287 0.4044 1.0000 1.0000 1.0000 1.0000 0.0013 0.0042 0.0131 0.0412 0.1295 0.4068 1.0000 1.0000 1.0000 1.0000 0.0013 0.0042 0.0132 0.0414 0.1302 0.4091 1.0000 1.0000 1.0000 1.0000 0.0016 0.0035 0.0016 1.0000 1.0000 1.0000 1.0000 0.4091 0.1302 0.0414 0.0132 0.0042 0.0013 1.0000 1.0000 1.0000 1.0000 0.4068 0.1295 0.0412 0.0131 0.0042 0.0013 1.0000 1.0000 1.0000 1.0000 0.4044 0.1287 0.0410 0.0130 0.0041 0.0013 1.0000 1.0000 1.0000 1.0000 0.4021 0.1280 0.0407 0.0129 0.0041 0.0013 1.0000 1.0000 1.0000 1.0000 0.3784 0.1191 0.0370 0.0127 0.0020
0.0062 0.0400 0.1159 0.3741 1.0000 1.0000 1.0000 1.0000 0.0013 0.0041 0.0130 0.0410 0.1292 0.4068 1.0000 1.0000 1.0000 1.0000 0.0013 0.0042 0.0132 0.0415 0.1304 0.4099 1.0000 1.0000 1.0000 1.0000 0.0013 0.0042 0.0133 0.0418 0.1312 0.4122 1.0000 1.0000 1.0000 1.0000 0.0014 0.0043 0.0134 0.0420 0.1319 0.4146 1.0000 1.0000 1.0000 1.0000 0.0014 0.0049 0.0110 0.0049 0.0014 1.0000 1.0000 1.0000 1.0000 0.4146 0.1319 0.0420 0.0134 0.0043 0.0014 1.0000 1.0000 1.0000 1.0000 0.4122 0.1312 0.0418 0.0133 0.0042 0.0013 1.0000 1.0000 1.0000 1.0000 0.4099 0.1304 0.0415 0.0132 0.0042 0.0013 1.0000 1.0000 1.0000 1.0000 0.4068 0.1292 0.0410 0.0130 0.0041 0.0013 1.0000 1.0000 1.0000 1.0000 0.3741 0.1159 0.0400 0.0062
0.0196 0.1256 0.3650 1.0000 1.0000 1.0000 1.0000 0.0013 0.0041 0.0130 0.0412 0.1302 0.4106 1.0000 1.0000 1.0000 1.0000 0.0014 0.0043 0.0134 0.0421 0.1322 0.4153 1.0000 1.0000 1.0000 1.0000 0.0014 0.0043 0.0135 0.0423 0.1329 0.4177 1.0000 1.0000 1.0000 1.0000 0.0014 0.0043 0.0135 0.0426 0.1337 0.4201 1.0000 1.0000 1.0000 1.0000 0.0014 0.0044 0.0157 0.0351 0.0157 0.0044 0.0014 1.0000 1.0000 1.0000 1.0000 0.4201 0.1337 0.0426 0.0135 0.0043 0.0014 1.0000 1.0000 1.0000 1.0000 0.4177 0.1329 0.0423 0.0135 0.0043 0.0014 1.0000 1.0000 1.0000 1.0000 0.4153 0.1322 0.0421 0.0134 0.0043 0.0014 1.0000 1.0000 1.0000 1.0000 0.4106 0.1302 0.0412 0.0130 0.0041 0.0013 1.0000 1.0000 1.0000 1.0000 0.3650 0.1256 0.0196
0.0617 0.3953 1.0000 1.0000 1.0000 1.0000 0.0013 0.0041 0.0129 0.0410 0.1302 0.4122 1.0000 1.0000 1.0000 1.0000 0.0014 0.0043 0.0136 0.0426 0.1340 0.4209 1.0000 1.0000 1.0000 1.0000 0.0014 0.0043 0.0136 0.0429 0.1347 0.4233 1.0000 1.0000 1.0000 1.0000 0.0014 0.0044 0.0137 0.0431 0.1355 0.4257 1.0000 1.0000 1.0000 1.0000 0.0014 0.0044 0.0139 0.0501 0.1118 0.0501 0.0139 0.0044 0.0014 1.0000 1.0000 1.0000 1.0000 0.4257 0.1355 0.0431 0.0137 0.0044 0.0014 1.0000 1.0000 1.0000 1.0000 0.4233 0.1347 0.0429 0.0136 0.0043 0.0014 1.0000 1.0000 1.0000 1.0000 0.4209 0.1340 0.0426 0.0136 0.0043 0.0014 1.0000 1.0000 1.0000 1.0000 0.4122 0.1302 0.0410 0.0129 0.0041 0.0013 1.0000 1.0000 1.0000 1.0000 0.3953 0.0617
0.1937 1.0000 1.0000 1.0000 1.0000 0.0013 0.0040 0.0128 0.0407 0.1292 0.4106 1.0000 1.0000 1.0000 1.0000 0.0014 0.0044 0.0138 0.0432 0.1358 0.4266 1.0000 1.0000 1.0000 1.0000 0.0014 0.0044 0.0138 0.0435 0.1365 0.4290 1.0000 1.0000 1.0000 1.0000 0.0014 0.0044 0.0139 0.0437 0.1373 0.4315 1.0000 1.0000 1.0000 1.0000 0.0014 0.0045 0.0139 0.0441 0.1596 0.3561 0.1596 0.0441 0.0139 0.0045 0.0014 1.0000 1.0000 1.0000 1.0000 0.4315 0.1373 0.0437 0.0139 0.0044 0.0014 1.0000 1.0000 1.0000 1.0000 0.4290 0.1365 0.0435 0.0138 0.0044 0.0014 1.0000 1.0000 1.0000 1.0000 0.4266 0.1358 0.0432 0.0138 0.0044 0.0014 1.0000 1.0000 1.0000 1.0000 0.4106 0.1292 0.0407 0.0128 0.0040 0.0013 1.0000 1.0000 1.0000 1.0000 0.1937
0.6087 1.0000 1.0000 1.0000 0.0012 0.0040 0.0126 0.0402 0.1280 0.4068 1.0000 1.0000 1.0000 1.0000 0.0014 0.0044 0.0139 0.0437 0.1376 0.4323 1.0000 1.0000 1.0000 1.0000 0.0014 0.0045 0.0140 0.0440 0.1384 0.4347 1.0000 1.0000 1.0000 1.0000 0.0014 0.0045 0.0141 0.0443 0.1392 0.4372 1.0000 1.0000 1.0000 1.0000 0.0014 0.0045 0.0142 0.0444 0.1405 0.5081 1.0000 0.5081 0.1405 0.0444 0.0142 0.0045 0.0014 1.0000 1.0000 1.0000 1.0000 0.4372 0.1392 0.0443 0.0141 0.0045 0.0014 1.0000 1.0000 1.0000 1.0000 0.4347 0.1384 0.0440 0.0140 0.0045 0.0014 1.0000 1.0000 1.0000 1.0000 0.4323 0.1376 0.0437 0.0139 0.0044 0.0014 1.0000 1.0000 1.0000 1.0000 0.4068 0.1280 0.0402 0.0126 0.0040 0.0012 1.0000 1.0000 1.0000 0.6087
1.0000 1.0000 1.0000 0.0012 0.0039 0.0125 0.0397 0.1263 0.4021 1.0000 1.0000 1.0000 1.0000 0.0014 0.0044 0.0140 0.0441 0.1389 0.4372 1.0000 1.0000 1.0000 1.0000 0.0014 0.0045 0.0142 0.0446 0.1402 0.4406 1.0000 1.0000 1.0000 1.0000 0.0014 0.0045 0.0143 0.0449 0.1410 0.4431 1.0000 1.0000 1.0000 1.0000 0.0015 0.0046 0.0144 0.0451 0.1413 0.4473 1.0000 1.0000 1.0000 0.4473 0.1413 0.0451 0.0144 0.0046 0.0015 1.0000 1.0000 1.0000 1.0000 0.4431 0.1410 0.0449 0.0143 0.0045 0.0014 1.0000 1.0000 1.0000 1.0000 0.4406 0.1402 0.0446 0.0142 0.0045 0.0014 1.0000 1.0000 1.0000 1.0000 0.4372 0.1389 0.0441 0.0140 0.0044 0.0014 1.0000 1.0000 1.0000 1.0000 0.4021 0.1263 0.0397 0.0125 0.0039 0.0012 1.0000 1.0000 1.0000
1.0000 1.0000 0.0012 0.0039 0.0123 0.0391 0.1246 0.3968 1.0000 1.0000 1.0000 1.0000 0.0014 0.0044 0.0140 0.0443 0.1400 0.4414 1.0000 1.0000 1.0000 1.0000 0.0015 0.0046 0.0144 0.0452 0.1421 0.4465 1.0000 1.0000 1.0000 1.0000 0.0015 0.0046 0.0145 0.0455 0.1429 0.4490 1.0000 1.0000 1.0000 1.0000 0.0015 0.0046 0.0146 0.0457 0.1437 0.4499 1.0000 1.0000 1.0000 1.0000 1.0000 0.4499 0.1437 0.0457 0.0146 0.0046 0.0015 1.0000 1.0000 1.0000 1.0000 0.4490 0.1429 0.0455 0.0145 0.0046 0.0015 1.0000 1.0000 1.0000 1.0000 0.4465 0.1421 0.0452 0.0144 0.0046 0.0015 1.0000 1.0000 1.0000 1.0000 0.4414 0.1400 0.0443 0.0140 0.0044 0.0014 1.0000 1.0000 1.0000 1.0000 0.3968 0.1246 0.0391 0.0123 0.0039 0.0012 1.0000 1.0000
1.0000 0.0013 0.0038 0.0122 0.0386 0.1230 0.3916 1.0000 1.0000 1.0000 1.0000 0.0014 0.0044 0.0139 0.0441 0.1400 0.4431 1.0000 1.0000 1.0000 1.0000 0.0015 0.0046 0.0146 0.0458 0.1440 0.4525 1.0000 1.0000 1.0000 1.0000 0.0015 0.0047 0.0147 0.0461 0.1448 0.4550 1.0000 1.0000 1.0000 1.0000 0.0015 0.0047 0.0148 0.0464 0.1457 0.4577 1.0000 1.0000 1.0000 1.0000 1.0000 1.0000 1.0000 0.4577 0.1457 0.0464 0.0148 0.0047 0.0015 1.0000 1.0000 1.0000 1.0000 0.4550 0.1448 0.0461 0.0147 0.0047 0.0015 1.0000 1.0000 1.0000 1.0000 0.4525 0.1440 0.0458 0.0146 0.0046 0.0015 1.0000 1.0000 1.0000 1.0000 0.4431 0.1400 0.0441 0.0139 0.0044 0.0014 1.0000 1.0000 1.0000 1.0000 0.3916 0.1230 0.0386 0.0122 0.0038 0.0013 1.0000
0.0006 0.0041 0.0118 0.0382 0.1213 0.3864 1.0000 1.0000 1.0000 1.0000 0.0014 0.0043 0.0138 0.0437 0.1389 0.4414 1.0000 1.0000 1.0000 1.0000 0.0015 0.0047 0.0148 0.0464 0.1459 0.4585 1.0000 1.0000 1.0000 1.0000 0.0015 0.0047 0.0149 0.0467 0.1468 0.4611 1.0000 1.0000 1.0000 1.0000 0.0015 0.0048 0.0150 0.0470 0.1476 0.4638 1.0000 1.0000 1.0000 1.0000 0.0012 1.0000 1.0000 1.0000 1.0000 0.4638 0.1476 0.0470 0.0150 0.0048 0.0015 1.0000 1.0000 1.0000 1.0000 0.4611 0.1468 0.0467 0.0149 0.0047 0.0015 1.0000 1.0000 1.0000 1.0000 0.4585 0.1459 0.0464 0.0148 0.0047 0.0015 1.0000 1.0000 1.0000 1.0000 0.4414 0.1389 0.0437 0.0138 0.0043 0.0014 1.0000 1.0000 1.0000 1.0000 0.3864 0.1213 0.0382 0.0118 0.0041 0.0006
0.0020 0.0128 0.0372 0.1200 0.3813 1.0000 1.0000 1.0000 1.0000 0.0013 0.0043 0.0136 0.0432 0.1376 0.4372 1.0000 1.0000 1.0000 1.0000 0.0015 0.0047 0.0149 0.0470 0.1479 0.4647 1.0000 1.0000 1.0000 1.0000 0.0015 0.0048 0.0151 0.0473 0.1487 0.4673 1.0000 1.0000 1.0000 1.0000 0.0015 0.0048 0.0152 0.0476 0.1496 0.4700 1.0000 1.0000 1.0000 1.0000 0.0018 0.0040 0.0018 1.0000 1.0000 1.0000 1.0000 0.4700 0.1496 0.0476 0.0152 0.0048 0.0015 1.0000 1.0000 1.0000 1.0000 0.4673 0.1487 0.0473 0.0151 0.0048 0.0015 1.0000 1.0000 1.0000 1.0000 0.4647 0.1479 0.0470 0.0149 0.0047 0.0015 1.0000 1.0000 1.0000 1.0000 0.4372 0.1376 0.0432 0.0136 0.0043 0.0013 1.0000 1.0000 1.0000 1.0000 0.3813 0.1200 0.0372 0.0128 0.0020
0.0063 0.0403 0.1168 0.3770 1.0000 1.0000 1.0000 1.0000 0.0013 0.0042 0.0134 0.0426 0.1358 0.4323 1.0000 1.0000 1.0000 1.0000 0.0015 0.0048 0.0150 0.0474 0.1493 0.4700 1.0000 1.0000 1.0000 1.0000 0.0015 0.0049 0.0153 0.0480 0.1507 0.4736 1.0000 1.0000 1.0000 1.0000 0.0016 0.0049 0.0154 0.0482 0.1516 0.4763 1.0000 1.0000 1.0000 1.0000 0.0016 0.0057 0.0127 0.0057 0.0016 1.0000 1.0000 1.0000 1.0000 0.4763 0.1516 0.0482 0.0154 0.0049 0.0016 1.0000 1.0000 1.0000 1.0000 0.4736 0.1507 0.0480 0.0153 0.0049 0.0015 1.0000 1.0000 1.0000 1.0000 0.4700 0.1493 0.0474 0.0150 0.0048 0.0015 1.0000 1.0000 1.0000 1.0000 0.4323 0.1358 0.0426 0.0134 0.0042 0.0013 1.0000 1.0000 1.0000 1.0000 0.3770 0.1168 0.0403 0.0063
0.0197 0.1265 0.3678 1.0000 1.0000 1.0000 1.0000 0.0013 0.0041 0.0132 0.0421 0.1340 0.4266 1.0000 1.0000 1.0000 1.0000 0.0015 0.0047 0.0150 0.0476 0.1504 0.4745 1.0000 1.0000 1.0000 1.0000 0.0016 0.0049 0.0155 0.0486 0.1527 0.4799 1.0000 1.0000 1.0000 1.0000 0.0016 0.0050 0.0156 0.0489 0.1536 0.4827 1.0000 1.0000 1.0000 1.0000 0.0016 0.0050 0.0181 0.0403 0.0181 0.0050 0.0016 1.0000 1.0000 1.0000 1.0000 0.4827 0.1536 0.0489 0.0156 0.0050 0.0016 1.0000 1.0000 1.0000 1.0000 0.4799 0.1527 0.0486 0.0155 0.0049 0.0016 1.0000 1.0000 1.0000 1.0000 0.4745 0.1504 0.0476 0.0150 0.0047 0.0015 1.0000 1.0000 1.0000 1.0000 0.4266 0.1340 0.0421 0.0132 0.0041 0.0013 1.0000 1.0000 1.0000 1.0000 0.3678 0.1265 0.0197
0.0620 0.3976 1.0000 1.0000 1.0000 1.0000 0.0013 0.0041 0.0130 0.0415 0.1322 0.4209 1.0000 1.0000 1.0000 1.0000 0.0015 0.0047 0.0149 0.0474 0.1504 0.4763 1.0000 1.0000 1.0000 1.0000 0.0016 0.0050 0.0157 0.0493 0.1548 0.4864 1.0000 1.0000 1.0000 1.0000 0.0016 0.0050 0.0158 0.0495 0.1557 0.4892 1.0000 1.0000 1.0000 1.0000 0.0016 0.0050 0.0159 0.0576 0.1285 0.0576 0.0159 0.0050 0.0016 1.0000 1.0000 1.0000 1.0000 0.4892 0.1557 0.0495 0.0158 0.0050 0.0016 1.0000 1.0000 1.0000 1.0000 0.4864 0.1548 0.0493 0.0157 0.0050 0.0016 1.0000 1.0000 1.0000 1.0000 0.4763 0.1504 0.0474 0.0149 0.0047 0.0015 1.0000 1.0000 1.0000 1.0000 0.4209 0.1322 0.0415 0.0130 0.0041 0.0013 1.0000 1.0000 1.0000 1.0000 0.3976 0.0620
0.1948 1.0000 1.0000 1.0000 1.0000 0.0013 0.0040 0.0129 0.0410 0.1304 0.4153 1.0000 1.0000 1.0000 1.0000 0.0015 0.0046 0.0148 0.0470 0.1493 0.4745 1.0000 1.0000 1.0000 1.0000 0.0016 0.0050 0.0159 0.0499 0.1569 0.4929 1.0000 1.0000 1.0000 1.0000 0.0016 0.0051 0.0160 0.0502 0.1578 0.4957 1.0000 1.0000 1.0000 1.0000 0.0016 0.0051 0.0160 0.0507 0.1833 0.4091 0.1833 0.0507 0.0160 0.0051 0.0016 1.0000 1.0000 1.0000 1.0000 0.4957 0.1578 0.0502 0.0160 0.0051 0.0016 1.0000 1.0000 1.0000 1.0000 0.4929 0.1569 0.0499 0.0159 0.0050 0.0016 1.0000 1.0000 1.0000 1.0000 0.4745 0.1493 0.0470 0.0148 0.0046 0.0015 1.0000 1.0000 1.0000 1.0000 0.4153 0.1304 0.0410 0.0129 0.0040 0.0013 1.0000 1.0000 1.0000 1.0000 0.1948
0.6122 1.0000 1.0000 1.0000 0.0013 0.0040 0.0127 0.0404 0.1287 0.4099 1.0000 1.0000 1.0000 1.0000 0.0014 0.0046 0.0146 0.0464 0.1479 0.4700 1.0000 1.0000 1.0000 1.0000 0.0016 0.0051 0.0160 0.0505 0.1590 0.4995 1.0000 1.0000 1.0000 1.0000 0.0016 0.0052 0.0162 0.0509 0.1599 0.5024 1.0000 1.0000 1.0000 1.0000 0.0016 0.0052 0.0163 0.0510 0.1614 0.5838 1.0000 0.5838 0.1614 0.0510 0.0163 0.0052 0.0016 1.0000 1.0000 1.0000 1.0000 0.5024 0.1599 0.0509 0.0162 0.0052 0.0016 1.0000 1.0000 1.0000 1.0000 0.4995 0.1590 0.0505 0.0160 0.0051 0.0016 1.0000 1.0000 1.0000 1.0000 0.4700 0.1479 0.0464 0.0146 0.0046 0.0014 1.0000 1.0000 1.0000 1.0000 0.4099 0.1287 0.0404 0.0127 0.0040 0.0013 1.0000 1.0000 1.0000 0.6122
1.0000 1.0000 1.0000 0.0012 0.0039 0.0125 0.0399 0.1270 0.4044 1.0000 1.0000 1.0000 1.0000 0.0014 0.0045 0.0144 0.0458 0.1459 0.4647 1.0000 1.0000 1.0000 1.0000 0.0016 0.0051 0.0162 0.0510 0.1608 0.5052 1.0000 1.0000 1.0000 1.0000 0.0017 0.0052 0.0164 0.0516 0.1620 0.5091 1.0000 1.0000 1.0000 1.0000 0.0017 0.0053 0.0165 0.0519 0.1623 0.5139 1.0000 1.0000 1.0000 0.5139 0.1623 0.0519 0.0165 0.0053 0.0017 1.0000 1.0000 1.0000 1.0000 0.5091 0.1620 0.0516 0.0164 0.0052 0.0017 1.0000 1.0000 1.0000 1.0000 0.5052 0.1605 0.0509 0.0161 0.0051 0.0016 1.0000 1.0000 1.0000 1.0000 0.4647 0.1459 0.0458 0.0144 0.0045 0.0014 1.0000 1.0000 1.0000 1.0000 0.4044 0.1270 0.0399 0.0125 0.0039 0.0012 1.0000 1.0000 1.0000
1.0000 1.0000 0.0012 0.0039 0.0124 0.0394 0.1253 0.3991 1.0000 1.0000 1.0000 1.0000 0.0014 0.0045 0.0142 0.0452 0.1440 0.4585 1.0000 1.0000 1.0000 1.0000 0.0016 0.0051 0.0162 0.0511 0.1617 0.5091 1.0000 1.0000 1.0000 1.0000 0.0017 0.0053 0.0166 0.0523 0.1642 0.5159 1.0000 1.0000 1.0000 1.0000 0.0017 0.0053 0.0167 0.0526 0.1651 0.5169 1.0000 1.0000 1.0000 1.0000 1.0000 0.5169 0.1651 0.0526 0.0167 0.0053 0.0017 1.0000 1.0000 1.0000 1.0000 0.5159 0.1642 0.0523 0.0166 0.0053 0.0017 1.0000 1.0000 1.0000 1.0000 0.5091 0.1614 0.0511 0.0161 0.0051 0.0016 1.0000 1.0000 1.0000 1.0000 0.4585 0.1440 0.0452 0.0142 0.0045 0.0014 1.0000 1.0000 1.0000 1.0000 0.3991 0.1253 0.0394 0.0124 0.0039 0.0012 1.0000 1.0000
1.0000 0.0013 0.0038 0.0122 0.0388 0.1237 0.3938 1.0000 1.0000 1.0000 1.0000 0.0014 0.0044 0.0140 0.0446 0.1421 0.4525 1.0000 1.0000 1.0000 1.0000 0.0016 0.0050 0.0161 0.0509 0.1614 0.5110 1.0000 1.0000 1.0000 1.0000 0.0017 0.0054 0.0169 0.0530 0.1664 0.5228 1.0000 1.0000 1.0000 1.0000 0.0017 0.0054 0.0170 0.0533 0.1673 0.5258 1.0000 1.0000 1.0000 1.0000 1.0000 1.0000 1.0000 0.5258 0.1673 0.0533 0.0170 0.0054 0.0017 1.0000 1.0000 1.0000 1.0000 0.5228 0.1664 0.0530 0.0169 0.0054 0.0017 1.0000 1.0000 1.0000 1.0000 0.5110 0.1614 0.0509 0.0160 0.0050 0.0016 1.0000 1.0000 1.0000 1.0000 0.4525 0.1421 0.0446 0.0140 0.0044 0.0014 1.0000 1.0000 1.0000 1.0000 0.3938 0.1237 0.0388 0.0122 0.0038 0.0013 1.0000
0.0006 0.0041 0.0119 0.0384 0.1220 0.3886 1.0000 1.0000 1.0000 1.0000 0.0014 0.0043 0.0138 0.0440 0.1402 0.4465 1.0000 1.0000 1.0000 1.0000 0.0016 0.0050 0.0159 0.0505 0.1605 0.5091 1.0000 1.0000 1.0000 1.0000 0.0017 0.0054 0.0171 0.0537 0.1686 0.5298 1.0000 1.0000 1.0000 1.0000 0.0017 0.0055 0.0172 0.0540 0.1696 0.5329 1.0000 1.0000 1.0000 1.0000 0.0014 1.0000 1.0000 1.0000 1.0000 0.5329 0.1696 0.0540 0.0172 0.0055 0.0017 1.0000 1.0000 1.0000 1.0000 0.5298 0.1686 0.0537 0.0171 0.0054 0.0017 1.0000 1.0000 1.0000 1.0000 0.5091 0.1605 0.0505 0.0159 0.0050 0.0016 1.0000 1.0000 1.0000 1.0000 0.4465 0.1402 0.0440 0.0138 0.0043 0.0014 1.0000 1.0000 1.0000 1.0000 0.3886 0.1220 0.0384 0.0119 0.0041 0.0006
0.0020 0.0129 0.0374 0.1207 0.3835 1.0000 1.0000 1.0000 1.0000 0.0013 0.0043 0.0136 0.0435 0.1384 0.4406 1.0000 1.0000 1.0000 1.0000 0.0015 0.0049 0.0157 0.0499 0.1590 0.5052 1.0000 1.0000 1.0000 1.0000 0.0017 0.0055 0.0172 0.0543 0.1709 0.5369 1.0000 1.0000 1.0000 1.0000 0.0018 0.0055 0.0174 0.0547 0.1719 0.5400 1.0000 1.0000 1.0000 1.0000 0.0020 0.0046 0.0020 1.0000 1.0000 1.0000 1.0000 0.5400 0.1719 0.0547 0.0174 0.0055 0.0018 1.0000 1.0000 1.0000 1.0000 0.5369 0.1709 0.0543 0.0172 0.0055 0.0017 1.0000 1.0000 1.0000 1.0000 0.5052 0.1590 0.0499 0.0157 0.0049 0.0015 1.0000 1.0000 1.0000 1.0000 0.4406 0.1384 0.0435 0.0136 0.0043 0.0013 1.0000 1.0000 1.0000 1.0000 0.3835 0.1207 0.0374 0.0129 0.0020
0.0063 0.0405 0.1177 0.3791 1.0000 1.0000 1.0000 1.0000 0.0013 0.0042 0.0135 0.0429 0.1365 0.4347 1.0000 1.0000 1.0000 1.0000 0.0015 0.0049 0.0155 0.0493 0.1569 0.4995 1.0000 1.0000 1.0000 1.0000 0.0017 0.0055 0.0173 0.0547 0.1725 0.5431 1.0000 1.0000 1.0000 1.0000 0.0018 0.0056 0.0176 0.0554 0.1742 0.5472 1.0000 1.0000 1.0000 1.0000 0.0018 0.0065 0.0146 0.0065 0.0018 1.0000 1.0000 1.0000 1.0000 0.5472 0.1742 0.0554 0.0176 0.0056 0.0018 1.0000 1.0000 1.0000 1.0000 0.5431 0.1725 0.0547 0.0173 0.0055 0.0017 1.0000 1.0000 1.0000 1.0000 0.4995 0.1569 0.0493 0.0155 0.0049 0.0015 1.0000 1.0000 1.0000 1.0000 0.4347 0.1365 0.0429 0.0135 0.0042 0.0013 1.0000 1.0000 1.0000 1.0000 0.3791 0.1177 0.0405 0.0063
0.0198 0.1273 0.3692 1.0000 1.0000 1.0000 1.0000 0.0013 0.0042 0.0133 0.0423 0.1347 0.4290 1.0000 1.0000 1.0000 1.0000 0.0015 0.0048 0.0153 0.0486 0.1548 0.4929 1.0000 1.0000 1.0000 1.0000 0.0017 0.0055 0.0173 0.0549 0.1735 0.5472 1.0000 1.0000 1.0000 1.0000 0.0018 0.0057 0.0179 0.0562 0.1765 0.5546 1.0000 1.0000 1.0000 1.0000 0.0018 0.0057 0.0208 0.0464 0.0208 0.0057 0.0018 1.0000 1.0000 1.0000 1.0000 0.5546 0.1765 0.0562 0.0179 0.0057 0.0018 1.0000 1.0000 1.0000 1.0000 0.5472 0.1735 0.0549 0.0173 0.0055 0.0017 1.0000 1.0000 1.0000 1.0000 0.4929 0.1548 0.0486 0.0153 0.0048 0.0015 1.0000 1.0000 1.0000 1.0000 0.4290 0.1347 0.0423 0.0133 0.0042 0.0013 1.0000 1.0000 1.0000 1.0000 0.3692 0.1273 0.0198
0.0624 0.3998 1.0000 1.0000 1.0000 1.0000 0.0013 0.0041 0.0131 0.0418 0.1329 0.4233 1.0000 1.0000 1.0000 1.0000 0.0015 0.0047 0.0151 0.0480 0.1527 0.4864 1.0000 1.0000 1.0000 1.0000 0.0017 0.0054 0.0172 0.0547 0.1735 0.5493 1.0000 1.0000 1.0000 1.0000 0.0018 0.0058 0.0181 0.0569 0.1789 0.5620 1.0000 1.0000 1.0000 1.0000 0.0018 0.0058 0.0183 0.0662 0.1476 0.0662 0.0183 0.0058 0.0018 1.0000 1.0000 1.0000 1.0000 0.5620 0.1789 0.0569 0.0181 0.0058 0.0018 1.0000 1.0000 1.0000 1.0000 0.5493 0.1735 0.0547 0.0172 0.0054 0.0017 1.0000 1.0000 1.0000 1.0000 0.4864 0.1527 0.0480 0.0151 0.0047 0.0015 1.0000 1.0000 1.0000 1.0000 0.4233 0.1329 0.0418 0.0131 0.0041 0.0013 1.0000 1.0000 1.0000 1.0000 0.3998 0.0624
0.1960 1.0000 1.0000 1.0000 1.0000 0.0013 0.0041 0.0129 0.0412 0.1312 0.4177 1.0000 1.0000 1.0000 1.0000 0.0015 0.0047 0.0149 0.0473 0.1507 0.4799 1.0000 1.0000 1.0000 1.0000 0.0017 0.0054 0.0171 0.0543 0.1725 0.5472 1.0000 1.0000 1.0000 1.0000 0.0019 0.0058 0.0184 0.0577 0.1813 0.5695 1.0000 1.0000 1.0000 1.0000 0.0019 0.0059 0.0184 0.0582 0.2106 0.4700 0.2106 0.0582 0.0184 0.0059 0.0019 1.0000 1.0000 1.0000 1.0000 0.5695 0.1813 0.0577 0.0184 0.0058 0.0019 1.0000 1.0000 1.0000 1.0000 0.5472 0.1725 0.0543 0.0171 0.0054 0.0017 1.0000 1.0000 1.0000 1.0000 0.4799 0.1507 0.0473 0.0149 0.0047 0.0015 1.0000 1.0000 1.0000 1.0000 0.4177 0.1312 0.0412 0.0129 0.0041 0.0013 1.0000 1.0000 1.0000 1.0000 0.1960
0.6157 1.0000 1.0000 1.0000 0.0013 0.0040 0.0128 0.0407 0.1295 0.4122 1.0000 1.0000 1.0000 1.0000 0.0014 0.0046 0.0147 0.0467 0.1487 0.4736 1.0000 1.0000 1.0000 1.0000 0.0017 0.0053 0.0169 0.0537 0.1709 0.5431 1.0000 1.0000 1.0000 1.0000 0.0019 0.0059 0.0185 0.0583 0.1837 0.5772 1.0000 1.0000 1.0000 1.0000 0.0019 0.0060 0.0187 0.0586 0.1854 0.6707 1.0000 0.6707 0.1854 0.0586 0.0187 0.0060 0.0019 1.0000 1.0000 1.0000 1.0000 0.5772 0.1837 0.0583 0.0185 0.0059 0.0019 1.0000 1.0000 1.0000 1.0000 0.5431 0.1709 0.0537 0.0169 0.0053 0.0017 1.0000 1.0000 1.0000 1.0000 0.4736 0.1487 0.0467 0.0147 0.0046 0.0014 1.0000 1.0000 1.0000 1.0000 0.4122 0.1295 0.0407 0.0128 0.0040 0.0013 1.0000 1.0000 1.0000 0.6157
1.0000 1.0000 1.0000 0.0012 0.0040 0.0126 0.0401 0.1277 0.4068 1.0000 1.0000 1.0000 1.0000 0.0014 0.0045 0.0145 0.0461 0.1468 0.4673 1.0000 1.0000 1.0000 1.0000 0.0016 0.0052 0.0166 0.0530 0.1686 0.5369 1.0000 1.0000 1.0000 1.0000 0.0019 0.0059 0.0186 0.0588 0.1854 0.5838 1.0000 1.0000 1.0000 1.0000 0.0019 0.0060 0.0190 0.0596 0.1865 0.5905 1.0000 1.0000 1.0000 0.5905 0.1865 0.0596 0.0190 0.0060 0.0019 1.0000 1.0000 1.0000 1.0000 0.5838 0.1854 0.0588 0.0186 0.0059 0.0019 1.0000 1.0000 1.0000 1.0000 0.5369 0.1686 0.0530 0.0166 0.0052 0.0016 1.0000 1.0000 1.0000 1.0000 0.4673 0.1468 0.0461 0.0145 0.0045 0.0014 1.0000 1.0000 1.0000 1.0000 0.4068 0.1277 0.0401 0.0126 0.0040 0.0012 1.0000 1.0000 1.0000
1.0000 1.0000 0.0012 0.0039 0.0124 0.0396 0.1261 0.4014 1.0000 1.0000 1.0000 1.0000 0.0014 0.0045 0.0143 0.0455 0.1448 0.4611 1.0000 1.0000 1.0000 1.0000 0.0016 0.0052 0.0164 0.0523 0.1664 0.5298 1.0000 1.0000 1.0000 1.0000 0.0019 0.0059 0.0186 0.0590 0.1865 0.5882 1.0000 1.0000 1.0000 0.0006 0.0019 0.0061 0.0192 0.0604 0.1897 0.5939 1.0000 1.0000 1.0000 1.0000 1.0000 0.5939 0.1897 0.0604 0.0192 0.0061 0.0019 0.0006 1.0000 1.0000 1.0000 0.5882 0.1865 0.0590 0.0186 0.0059 0.0019 1.0000 1.0000 1.0000 1.0000 0.5298 0.1664 0.0523 0.0164 0.0052 0.0016 1.0000 1.0000 1.0000 1.0000 0.4611 0.1448 0.0455 0.0143 0.0045 0.0014 1.0000 1.0000 1.0000 1.0000 0.4014 0.1261 0.0396 0.0124 0.0039 0.0012 1.0000 1.0000
1.0000 0.0013 0.0038 0.0123 0.0391 0.1244 0.3961 1.0000 1.0000 1.0000 1.0000 0.0014 0.0044 0.0141 0.0449 0.1429 0.4550 1.0000 1.0000 1.0000 1.0000 0.0016 0.0051 0.0162 0.0516 0.1642 0.5228 1.0000 1.0000 1.0000 1.0000 0.0018 0.0058 0.0185 0.0588 0.1865 0.5905 1.0000 1.0000 1.0000 0.0006 0.0020 0.0062 0.0195 0.0612 0.1923 0.6041 1.0000 1.0000 1.0000 1.0000 1.0000 1.0000 1.0000 0.6041 0.1923 0.0612 0.0195 0.0062 0.0020 0.0006 1.0000 1.0000 1.0000 0.5905 0.1865 0.0588 0.0185 0.0058 0.0018 1.0000 1.0000 1.0000 1.0000 0.5228 0.1642 0.0516 0.0162 0.0051 0.0016 1.0000 1.0000 1.0000 1.0000 0.4550 0.1429 0.0449 0.0141 0.0044 0.0014 1.0000 1.0000 1.0000 1.0000 0.3961 0.1244 0.0391 0.0123 0.0038 0.0013 1.0000
0.0006 0.0041 0.0120 0.0386 0.1227 0.3908 1.0000 1.0000 1.0000 1.0000 0.0014 0.0044 0.0139 0.0443 0.1410 0.4490 1.0000 1.0000 1.0000 1.0000 0.0016 0.0050 0.0160 0.0509 0.1620 0.5159 1.0000 1.0000 1.0000 1.0000 0.0018 0.0058 0.0184 0.0583 0.1854 0.5882 1.0000 1.0000 1.0000 0.0006 0.0020 0.0063 0.0197 0.0620 0.1948 0.6122 1.0000 1.0000 1.0000 0.0007 0.0016 0.0007 1.0000 1.0000 1.0000 0.6122 0.1948 0.0620 0.0197 0.0063 0.0020 0.0006 1.0000 1.0000 1.0000 0.5882 0.1854 0.0583 0.0184 0.0058 0.0018 1.0000 1.0000 1.0000 1.0000 0.5159 0.1620 0.0509 0.0160 0.0050 0.0016 1.0000 1.0000 1.0000 1.0000 0.4490 0.1410 0.0443 0.0139 0.0044 0.0014 1.0000 1.0000 1.0000 1.0000 0.3908 0.1227 0.0386 0.0120 0.0041 0.0006
0.0020 0.0130 0.0377 0.1213 0.3857 1.0000 1.0000 1.0000 1.0000 0.0014 0.0043 0.0137 0.0437 0.1392 0.4431 1.0000 1.0000 1.0000 1.0000 0.0016 0.0050 0.0158 0.0502 0.1599 0.5091 1.0000 1.0000 1.0000 1.0000 0.0018 0.0057 0.0181 0.0577 0.1837 0.5838 1.0000 1.0000 1.0000 0.0006 0.0020 0.0063 0.0199 0.0627 0.1975 0.6204 1.0000 1.0000 1.0000 0.0007 0.0024 0.0053 0.0024 0.0007 1.0000 1.0000 1.0000 0.6204 0.1975 0.0627 0.0199 0.0063 0.0020 0.0006 1.0000 1.0000 1.0000 0.5838 0.1837 0.0577 0.0181 0.0057 0.0018 1.0000 1.0000 1.0000 1.0000 0.5091 0.1599 0.0502 0.0158 0.0050 0.0016 1.0000 1.0000 1.0000 1.0000 0.4431 0.1392 0.0437 0.0137 0.0043 0.0014 1.0000 1.0000 1.0000 1.0000 0.3857 0.1213 0.0377 0.0130 0.0020
0.0064 0.0407 0.1182 0.3813 1.0000 1.0000 1.0000 1.0000 0.0013 0.0043 0.0135 0.0431 0.1373 0.4372 1.0000 1.0000 1.0000 1.0000 0.0015 0.0049 0.0156 0.0495 0.1578 0.5024 1.0000 1.0000 1.0000 1.0000 0.0018 0.0056 0.0179 0.0569 0.1813 0.5772 1.0000 1.0000 1.0000 0.0006 0.0020 0.0063 0.0200 0.0632 0.1993 0.6275 1.0000 1.0000 1.0000 0.0007 0.0021 0.0075 0.0167 0.0075 0.0021 0.0007 1.0000 1.0000 1.0000 0.6275 0.1993 0.0632 0.0200 0.0063 0.0020 0.0006 1.0000 1.0000 1.0000 0.5772 0.1813 0.0569 0.0179 0.0056 0.0018 1.0000 1.0000 1.0000 1.0000 0.5024 0.1578 0.0495 0.0156 0.0049 0.0015 1.0000 1.0000 1.0000 1.0000 0.4372 0.1373 0.0431 0.0135 0.0043 0.0013 1.0000 1.0000 1.0000 1.0000 0.3813 0.1182 0.0407 0.0064
0.0200 0.1280 0.3720 1.0000 1.0000 1.0000 1.0000 0.0013 0.0042 0.0134 0.0426 0.1355 0.4315 1.0000 1.0000 1.0000 1.0000 0.0015 0.0048 0.0154 0.0489 0.1557 0.4957 1.0000 1.0000 1.0000 1.0000 0.0017 0.0055 0.0176 0.0562 0.1789 0.5695 1.0000 1.0000 1.0000 0.0006 0.0020 0.0063 0.0200 0.0634 0.2005 0.6323 1.0000 1.0000 1.0000 0.0007 0.0021 0.0066 0.0239 0.0533 0.0239 0.0066 0.0021 0.0007 1.0000 1.0000 1.0000 0.6323 0.2005 0.0634 0.0200 0.0063 0.0020 0.0006 1.0000 1.0000 1.0000 0.5695 0.1789 0.0562 0.0176 0.0055 0.0017 1.0000 1.0000 1.0000 1.0000 0.4957 0.1557 0.0489 0.0154 0.0048 0.0015 1.0000 1.0000 1.0000 1.0000 0.4315 0.1355 0.0426 0.0134 0.0042 0.0013 1.0000 1.0000 1.0000 1.0000 0.3720 0.1280 0.0200
0.0627 0.4021 1.0000 1.0000 1.0000 1.0000 0.0013 0.0041 0.0132 0.0420 0.1337 0.4257 1.0000 1.0000 1.0000 1.0000 0.0015 0.0048 0.0152 0.0482 0.1536 0.4892 1.0000 1.0000 1.0000 1.0000 0.0017 0.0055 0.0174 0.0554 0.1765 0.5620 1.0000 1.0000 1.0000 0.0006 0.0020 0.0063 0.0199 0.0632 0.2005 0.6347 1.0000 1.0000 1.0000 0.0007 0.0021 0.0066 0.0210 0.0760 0.1696 0.0760 0.0210 0.0066 0.0021 0.0007 1.0000 1.0000 1.0000 0.6347 0.2005 0.0632 0.0199 0.0063 0.0020 0.0006 1.0000 1.0000 1.0000 0.5620 0.1765 0.0554 0.0174 0.0055 0.0017 1.0000 1.0000 1.0000 1.0000 0.4892 0.1536 0.0482 0.0152 0.0048 0.0015 1.0000 1.0000 1.0000 1.0000 0.4257 0.1337 0.0420 0.0132 0.0041 0.0013 1.0000 1.0000 1.0000 1.0000 0.4021 0.0627
0.1971 1.0000 1.0000 1.0000 1.0000 0.0013 0.0041 0.0130 0.0414 0.1319 0.4201 1.0000 1.0000 1.0000 1.0000 0.0015 0.0047 0.0150 0.0476 0.1516 0.4827 1.0000 1.0000 1.0000 1.0000 0.0017 0.0054 0.0172 0.0547 0.1742 0.5546 1.0000 1.0000 1.0000 1.0000 0.0019 0.0062 0.0197 0.0627 0.1993 0.6323 1.0000 1.0000 1.0000 0.0007 0.0021 0.0068 0.0211 0.0668 0.2420 0.5400 0.2420 0.0668 0.0211 0.0068 0.0021 0.0007 1.0000 1.0000 1.0000 0.6323 0.1993 0.0627 0.0197 0.0062 0.0019 1.0000 1.0000 1.0000 1.0000 0.5546 0.1742 0.0547 0.0172 0.0054 0.0017 1.0000 1.0000 1.0000 1.0000 0.4827 0.1516 0.0476 0.0150 0.0047 0.0015 1.0000 1.0000 1.0000 1.0000 0.4201 0.1319 0.0414 0.0130 0.0041 0.0013 1.0000 1.0000 1.0000 1.0000 0.1971
0.6192 1.0000 1.0000 1.0000 0.0013 0.0040 0.0128 0.0409 0.1302 0.4146 1.0000 1.0000 1.0000 1.0000 0.0015 0.0046 0.0148 0.0470 0.1496 0.4763 1.0000 1.0000 1.0000 1.0000 0.0017 0.0053 0.0170 0.0540 0.1719 0.5472 1.0000 1.0000 1.0000 1.0000 0.0019 0.0061 0.0195 0.0620 0.1975 0.6275 1.0000 1.0000 1.0000 0.0007 0.0022 0.0068 0.0214 0.0672 0.2127 0.7706 1.0000 0.7706 0.2127 0.0672 0.0214 0.0068 0.0022 0.0007 1.0000 1.0000 1.0000 0.6275 0.1975 0.0620 0.0195 0.0061 0.0019 1.0000 1.0000 1.0000 1.0000 0.5472 0.1719 0.0540 0.0170 0.0053 0.0017 1.0000 1.0000 1.0000 1.0000 0.4763 0.1496 0.0470 0.0148 0.0046 0.0015 1.0000 1.0000 1.0000 1.0000 0.4146 0.1302 0.0409 0.0128 0.0040 0.0013 1.0000 1.0000 1.0000 0.6192
1.0000 1.0000 1.0000 0.0013 0.0040 0.0127 0.0403 0.1285 0.4091 1.0000 1.0000 1.0000 1.0000 0.0014 0.0046 0.0146 0.0464 0.1476 0.4700 1.0000 1.0000 1.0000 1.0000 0.0016 0.0053 0.0167 0.0533 0.1696 0.5400 1.0000 1.0000 1.0000 1.0000 0.0019 0.0060 0.0192 0.0612 0.1948 0.6204 1.0000 1.0000 1.0000 0.0007 0.0022 0.0068 0.0215 0.0681 0.2131 0.6759 1.0000 1.0000 1.0000 0.6759 0.2131 0.0681 0.0215 0.0068 0.0022 0.0007 1.0000 1.0000 1.0000 0.6204 0.1948 0.0612 0.0192 0.0060 0.0019 1.0000 1.0000 1.0000 1.0000 0.5400 0.1696 0.0533 0.0167 0.0053 0.0016 1.0000 1.0000 1.0000 1.0000 0.4700 0.1476 0.0464 0.0146 0.0046 0.0014 1.0000 1.0000 1.0000 1.0000 0.4091 0.1285 0.0403 0.0127 0.0040 0.0013 1.0000 1.0000 1.0000
1.0000 1.0000 0.0012 0.0039 0.0125 0.0398 0.1268 0.4037 1.0000 1.0000 1.0000 1.0000 0.0014 0.0045 0.0144 0.0457 0.1457 0.4638 1.0000 1.0000 1.0000 1.0000 0.0016 0.0052 0.0165 0.0526 0.1673 0.5329 1.0000 1.0000 1.0000 1.0000 0.0019 0.0060 0.0190 0.0604 0.1923 0.6122 1.0000 1.0000 1.0000 0.0007 0.0021 0.0068 0.0215 0.0682 0.2155 0.6771 1.0000 1.0000 1.0000 1.0000 1.0000 0.6784 0.2155 0.0682 0.0215 0.0068 0.0021 0.0007 1.0000 1.0000 1.0000 0.6122 0.1923 0.0604 0.0190 0.0060 0.0019 1.0000 1.0000 1.0000 1.0000 0.5329 0.1673 0.0526 0.0165 0.0052 0.0016 1.0000 1.0000 1.0000 1.0000 0.4638 0.1457 0.0457 0.0144 0.0045 0.0014 1.0000 1.0000 1.0000 1.0000 0.4037 0.1268 0.0398 0.0125 0.0039 0.0012 1.0000 1.0000
1.0000 0.0013 0.0038 0.0124 0.0393 0.1251 0.3983 1.0000 1.0000 1.0000 1.0000 0.0014 0.0045 0.0142 0.0451 0.1437 0.4577 1.0000 1.0000 1.0000 1.0000 0.0016 0.0051 0.0163 0.0519 0.1651 0.5258 1.0000 1.0000 1.0000 1.0000 0.0018 0.0059 0.0187 0.0596 0.1897 0.6041 1.0000 1.0000 1.0000 0.0007 0.0021 0.0067 0.0214 0.0679 0.2155 0.6823 1.0000 1.0000 1.0000 1.0000 1.0000 1.0000 1.0000 0.6836 0.2155 0.0681 0.0214 0.0068 0.0021 0.0007 1.0000 1.0000 1.0000 0.6041 0.1897 0.0596 0.0187 0.0059 0.0018 1.0000 1.0000 1.0000 1.0000 0.5258 0.1651 0.0519 0.0163 0.0051 0.0016 1.0000 1.0000 1.0000 1.0000 0.4577 0.1437 0.0451 0.0142 0.0045 0.0014 1.0000 1.0000 1.0000 1.0000 0.3983 0.1251 0.0393 0.0124 0.0038 0.0013 1.0000
0.0006 0.0041 0.0121 0.0388 0.1234 0.3931 1.0000 1.0000 1.0000 1.0000 0.0014 0.0044 0.0140 0.0445 0.1418 0.4516 1.0000 1.0000 1.0000 1.0000 0.0016 0.0050 0.0161 0.0512 0.1629 0.5189 1.0000 1.0000 1.0000 1.0000 0.0018 0.0058 0.0185 0.0588 0.1872 0.5961 1.0000 1.0000 1.0000 0.0007 0.0021 0.0067 0.0212 0.0674 0.2143 0.6810 1.0000 1.0000 1.0000 0.0008 0.0019 0.0008 1.0000 1.0000 1.0000 0.6771 0.2131 0.0672 0.0211 0.0066 0.0021 0.0007 1.0000 1.0000 1.0000 0.5939 0.1865 0.0586 0.0184 0.0058 0.0018 1.0000 1.0000 1.0000 1.0000 0.5169 0.1623 0.0510 0.0160 0.0050 0.0016 1.0000 1.0000 1.0000 1.0000 0.4499 0.1413 0.0444 0.0139 0.0044 0.0014 1.0000 1.0000 1.0000 1.0000 0.3916 0.1230 0.0387 0.0120 0.0041 0.0006
0.0020 0.0130 0.0378 0.1220 0.3879 1.0000 1.0000 1.0000 1.0000 0.0014 0.0043 0.0138 0.0440 0.1400 0.4456 1.0000 1.0000 1.0000 1.0000 0.0016 0.0050 0.0159 0.0505 0.1608 0.5120 1.0000 1.0000 1.0000 1.0000 0.0018 0.0057 0.0182 0.0580 0.1847 0.5882 1.0000 1.0000 1.0000 0.0006 0.0021 0.0066 0.0209 0.0667 0.2123 0.6746 1.0000 1.0000 1.0000 0.0007 0.0026 0.0060 0.0027 0.0007 1.0000 1.0000 1.0000 0.6759 0.2127 0.0668 0.0210 0.0066 0.0021 0.0007 1.0000 1.0000 1.0000 0.5905 0.1854 0.0582 0.0183 0.0057 0.0018 1.0000 1.0000 1.0000 1.0000 0.5139 0.1614 0.0507 0.0159 0.0050 0.0016 1.0000 1.0000 1.0000 1.0000 0.4473 0.1405 0.0441 0.0139 0.0044 0.0014 1.0000 1.0000 1.0000 1.0000 0.3893 0.1223 0.0380 0.0131 0.0021
0.0064 0.0410 0.1191 0.3835 1.0000 1.0000 1.0000 1.0000 0.0013 0.0043 0.0136 0.0434 0.1381 0.4397 1.0000 1.0000 1.0000 1.0000 0.0015 0.0049 0.0156 0.0498 0.1587 0.5052 1.0000 1.0000 1.0000 1.0000 0.0018 0.0056 0.0180 0.0573 0.1823 0.5805 1.0000 1.0000 1.0000 0.0006 0.0020 0.0065 0.0207 0.0658 0.2094 0.6669 1.0000 1.0000 1.0000 0.0007 0.0023 0.0084 0.0201 0.0102 0.0027 0.0008 1.0000 1.0000 1.0000 0.7706 0.2420 0.0760 0.0239 0.0075 0.0024 0.0007 1.0000 1.0000 1.0000 0.6707 0.2106 0.0662 0.0208 0.0065 0.0020 1.0000 1.0000 1.0000 1.0000 0.5838 0.1833 0.0576 0.0181 0.0057 0.0018 1.0000 1.0000 1.0000 1.0000 0.5081 0.1596 0.0501 0.0157 0.0049 0.0016 1.0000 1.0000 1.0000 1.0000 0.4431 0.1376 0.0476 0.0075
0.0201 0.1287 0.3734 1.0000 1.0000 1.0000 1.0000 0.0013 0.0042 0.0134 0.0428 0.1363 0.4339 1.0000 1.0000 1.0000 1.0000 0.0015 0.0048 0.0154 0.0492 0.1566 0.4985 1.0000 1.0000 1.0000 1.0000 0.0017 0.0056 0.0177 0.0565 0.1799 0.5728 1.0000 1.0000 1.0000 0.0006 0.0020 0.0064 0.0204 0.0649 0.2067 0.6581 1.0000 1.0000 1.0000 0.0007 0.0023 0.0072 0.0299 0.0566 0.0141 0.0059 0.0019 1.0000 1.0000 1.0000 1.0000 0.5400 0.1696 0.0533 0.0167 0.0053 0.0016 1.0000 1.0000 1.0000 1.0000 0.4700 0.1476 0.0464 0.0146 0.0046 0.0014 1.0000 1.0000 1.0000 1.0000 0.4091 0.1285 0.0403 0.0127 0.0040 0.0012 1.0000 1.0000 1.0000 1.0000 0.3561 0.1118 0.0351 0.0110 0.0035 0.0011 1.0000 1.0000 1.0000 0.9905 0.3087 0.1074 0.0177
0.0631 0.4044 1.0000 1.0000 1.0000 1.0000 0.0013 0.0042 0.0133 0.0422 0.1345 0.4282 1.0000 1.0000 1.0000 1.0000 0.0015 0.0048 0.0152 0.0485 0.1545 0.4920 1.0000 1.0000 1.0000 1.0000 0.0017 0.0055 0.0175 0.0557 0.1775 0.5652 1.0000 1.0000 1.0000 0.0006 0.0020 0.0063 0.0201 0.0640 0.2039 0.6494 1.0000 1.0000 1.0000 0.0007 0.0023 0.0072 0.0242 0.0916 0.0295 0.0019 0.0025 0.0009 1.0000 1.0000 1.0000 0.7692 0.2420 0.0760 0.0239 0.0075 0.0024 0.0007 1.0000 1.0000 1.0000 0.6707 0.2106 0.0662 0.0208 0.0065 0.0020 1.0000 1.0000 1.0000 1.0000 0.5838 0.1833 0.0576 0.0181 0.0057 0.0018 1.0000 1.0000 1.0000 1.0000 0.5081 0.1596 0.0501 0.0157 0.0049 0.0016 1.0000 1.0000 1.0000 1.0000 0.4431 0.1376 0.0476 0.0075
0.1975 1.0000 1.0000 1.0000 1.0000 0.0013 0.0041 0.0130 0.0415 0.1322 0.4209 1.0000 1.0000 1.0000 1.0000 0.0015 0.0047 0.0150 0.0477 0.1519 0.4836 1.0000 1.0000 1.0000 1.0000 0.0017 0.0054 0.0172 0.0548 0.1745 0.5556 1.0000 1.0000 1.0000 1.0000 0.0020 0.0062 0.0198 0.0630 0.2005 0.6384 1.0000 1.0000 1.0000 0.0007 0.0022 0.0071 0.0225 0.0747 0.2416 0.3177 1.0000 1.0000 1.0000 1.0000 1.0000 0.6759 0.2131 0.0668 0.0210 0.0066 0.0021 0.0007 1.0000 1.0000 1.0000 0.5905 0.1854 0.0582 0.0183 0.0057 0.0018 1.0000 1.0000 1.0000 1.0000 0.5139 0.1614 0.0507 0.0159 0.0050 0.0016 1.0000 1.0000 1.0000 1.0000 0.4473 0.1405 0.0441 0.0139 0.0044 0.0014 1.0000 1.0000 1.0000 1.0000 0.3893 0.1223 0.0380 0.0131 0.0021
0.6311 1.0000 1.0000 1.0000 0.0013 0.0041 0.0130 0.0413 0.1314 0.4185 1.0000 1.0000 1.0000 1.0000 0.0015 0.0047 0.0149 0.0474 0.1510 0.4809 1.0000 1.0000 1.0000 1.0000 0.0017 0.0054 0.0171 0.0545 0.1735 0.5525 1.0000 1.0000 1.0000 1.0000 0.0019 0.0062 0.0197 0.0626 0.1993 0.6347 1.0000 1.0000 1.0000 0.0007 0.0022 0.0071 0.0225 0.0718 0.2343 0.7224 1.0000 1.0000 1.0000 1.0000 1.0000 0.6759 0.2139 0.0672 0.0211 0.0066 0.0021 0.0007 1.0000 1.0000 1.0000 0.5939 0.1865 0.0586 0.0184 0.0058 0.0018 1.0000 1.0000 1.0000 1.0000 0.5169 0.1623 0.0510 0.0160 0.0050 0.0016 1.0000 1.0000 1.0000 1.0000 0.4499 0.1413 0.0444 0.0139 0.0044 0.0014 1.0000 1.0000 1.0000 1.0000 0.3916 0.1230 0.0387 0.0120 0.0041 0.0006
1.0000 1.0000 1.0000 0.0015 0.0046 0.0147 0.0469 0.1493 0.4754 1.0000 1.0000 1.0000 1.0000 0.0017 0.0053 0.0169 0.0539 0.1715 0.5462 1.0000 1.0000 1.0000 1.0000 0.0019 0.0061 0.0194 0.0619 0.1971 0.6275 1.0000 1.0000 1.0000 1.0000 0.0022 0.0070 0.0223 0.0711 0.2264 0.7210 1.0000 1.0000 1.0000 0.0008 0.0025 0.0081 0.0258 0.0820 0.2616 0.8379 1.0000 1.0000 1.0000 1.0000 1.0000 0.6797 0.2159 0.0681 0.0214 0.0068 0.0021 0.0007 1.0000 1.0000 1.0000 0.6041 0.1897 0.0596 0.0187 0.0059 0.0018 1.0000 1.0000 1.0000 1.0000 0.5258 0.1651 0.0519 0.0163 0.0051 0.0016 1.0000 1.0000 1.0000 1.0000 0.4577 0.1437 0.0451 0.0142 0.0045 0.0014 1.0000 1.0000 1.0000 1.0000 0.3983 0.1251 0.0393 0.0124 0.0038 0.0013 1.0000
1.0000 1.0000 0.0010 0.0032 0.0103 0.0328 0.1044 0.3325 1.0000 1.0000 1.0000 1.0000 0.0012 0.0037 0.0118 0.0377 0.1200 0.3820 1.0000 1.0000 1.0000 1.0000 0.0013 0.0043 0.0136 0.0433 0.1378 0.4389 1.0000 1.0000 1.0000 1.0000 0.0015 0.0049 0.0156 0.0497 0.1584 0.5043 1.0000 1.0000 1.0000 1.0000 0.0018 0.0056 0.0177 0.0563 0.1785 0.5652 1.0000 1.0000 1.0000 1.0000 1.0000 0.6695 0.2163 0.0683 0.0215 0.0068 0.0021 0.0007 1.0000 1.0000 1.0000 0.6122 0.1923 0.0604 0.0190 0.0060 0.0019 1.0000 1.0000 1.0000 1.0000 0.5329 0.1673 0.0526 0.0165 0.0052 0.0016 1.0000 1.0000 1.0000 1.0000 0.4638 0.1457 0.0457 0.0144 0.0045 0.0014 1.0000 1.0000 1.0000 1.0000 0.4037 0.1268 0.0398 0.0125 0.0039 0.0012 1.0000 1.0000
