0.3283 0.3113 0.3632 0.4058 0.4252 0.4280 0.4112 0.3627 0.2723 0.2474 0.2716 0.3123 0.3634 0.4059 0.4252 0.4279 0.4111 0.3623 0.2720 0.2474 0.2717 0.3125 0.3636 0.4061 0.4253 0.4279 0.4110 0.3619 0.2716 0.2475 0.2719 0.3127 0.3639 0.4062 0.4253 0.4279 0.4108 0.3615 0.2713 0.2475 0.2721 0.3130 0.3641 0.4064 0.4254 0.4278 0.4107 0.3612 0.2705 0.2484 0.2586 0.2484 0.2705 0.3612 0.4107 0.4278 0.4254 0.4064 0.3641 0.3130 0.2721 0.2475 0.2713 0.3615 0.4108 0.4279 0.4253 0.4062 0.3639 0.3127 0.2719 0.2475 0.2716 0.3619 0.4110 0.4279 0.4253 0.4061 0.3636 0.3125 0.2717 0.2474 0.2720 0.3623 0.4111 0.4279 0.4252 0.4059 0.3634 0.3123 0.2716 0.2474 0.2723 0.3627 0.4112 0.4280 0.4252 0.4058 0.3632 0.3113 0.3283
0.3113 0.3549 0.4117 0.4291 0.4210 0.3918 0.3281 0.2127 0.1835 0.2244 0.2835 0.3549 0.4122 0.4291 0.4210 0.3916 0.3275 0.2121 0.1836 0.2247 0.2839 0.3553 0.4123 0.4291 0.4209 0.3914 0.3271 0.2117 0.1837 0.2249 0.2842 0.3557 0.4125 0.4291 0.4208 0.3912 0.3266 0.2112 0.1838 0.2251 0.2846 0.3560 0.4127 0.4291 0.4207 0.3910 0.3261 0.2108 0.1854 0.2274 0.2553 0.2274 0.1854 0.2108 0.3261 0.3910 0.4207 0.4291 0.4127 0.3560 0.2846 0.2251 0.1838 0.2112 0.3266 0.3912 0.4208 0.4291 0.4125 0.3557 0.2842 0.2249 0.1837 0.2117 0.3271 0.3914 0.4209 0.4291 0.4123 0.3553 0.2839 0.2247 0.1836 0.2121 0.3275 0.3916 0.4210 0.4291 0.4122 0.3549 0.2835 0.2244 0.1835 0.2127 0.3281 0.3918 0.4210 0.4291 0.4117 0.3549 0.3113
0.3632 0.4117 0.4267 0.4195 0.3914 0.3271 0.2116 0.1837 0.2250 0.2844 0.3557 0.4115 0.4269 0.4193 0.3911 0.3264 0.2110 0.1838 0.2252 0.2847 0.3560 0.4116 0.4269 0.4192 0.3909 0.3259 0.2106 0.1839 0.2255 0.2850 0.3564 0.4118 0.4270 0.4191 0.3907 0.3254 0.2102 0.1840 0.2257 0.2854 0.3567 0.4120 0.4270 0.4191 0.3904 0.3249 0.2097 0.1841 0.2281 0.2885 0.3248 0.2885 0.2281 0.1841 0.2097 0.3249 0.3904 0.4191 0.4270 0.4120 0.3567 0.2854 0.2257 0.1840 0.2102 0.3254 0.3907 0.4191 0.4270 0.4118 0.3564 0.2850 0.2255 0.1839 0.2106 0.3259 0.3909 0.4192 0.4269 0.4116 0.3560 0.2847 0.2252 0.1838 0.2110 0.3264 0.3911 0.4193 0.4269 0.4115 0.3557 0.2844 0.2250 0.1837 0.2116 0.3271 0.3914 0.4195 0.4267 0.4117 0.3632
0.4058 0.4291 0.4195 0.3912 0.3264 0.2108 0.1839 0.2255 0.2851 0.3565 0.4120 0.4272 0.4192 0.3906 0.3252 0.2100 0.1841 0.2258 0.2854 0.3569 0.4121 0.4272 0.4191 0.3904 0.3247 0.2096 0.1842 0.2261 0.2858 0.3572 0.4123 0.4272 0.4190 0.3902 0.3242 0.2092 0.1843 0.2263 0.2861 0.3576 0.4124 0.4272 0.4189 0.3899 0.3238 0.2087 0.1844 0.2265 0.2890 0.3615 0.3953 0.3615 0.2890 0.2265 0.1844 0.2087 0.3238 0.3899 0.4189 0.4272 0.4124 0.3576 0.2861 0.2263 0.1843 0.2092 0.3242 0.3902 0.4190 0.4272 0.4123 0.3572 0.2858 0.2261 0.1842 0.2096 0.3247 0.3904 0.4191 0.4272 0.4121 0.3569 0.2854 0.2258 0.1841 0.2100 0.3252 0.3906 0.4192 0.4272 0.4120 0.3565 0.2851 0.2255 0.1839 0.2108 0.3264 0.3912 0.4195 0.4291 0.4058
0.4252 0.4210 0.3914 0.3264 0.2105 0.1840 0.2259 0.2858 0.3572 0.4123 0.4272 0.4190 0.3901 0.3241 0.2090 0.1843 0.2264 0.2862 0.3577 0.4125 0.4272 0.4189 0.3899 0.3236 0.2086 0.1844 0.2266 0.2866 0.3580 0.4126 0.4272 0.4188 0.3897 0.3231 0.2082 0.1846 0.2269 0.2869 0.3584 0.4128 0.4272 0.4187 0.3894 0.3226 0.2078 0.1847 0.2271 0.2871 0.3608 0.4155 0.4255 0.4155 0.3608 0.2871 0.2271 0.1847 0.2078 0.3226 0.3894 0.4187 0.4272 0.4128 0.3584 0.2869 0.2269 0.1846 0.2082 0.3231 0.3897 0.4188 0.4272 0.4126 0.3580 0.2866 0.2266 0.1844 0.2086 0.3236 0.3899 0.4189 0.4272 0.4125 0.3577 0.2862 0.2264 0.1843 0.2090 0.3241 0.3901 0.4190 0.4272 0.4123 0.3572 0.2858 0.2259 0.1840 0.2105 0.3264 0.3914 0.4210 0.4252
0.4280 0.3918 0.3271 0.2108 0.1840 0.2261 0.2862 0.3579 0.4126 0.4272 0.4188 0.3896 0.3229 0.2080 0.1846 0.2270 0.2870 0.3585 0.4129 0.4272 0.4187 0.3894 0.3224 0.2076 0.1847 0.2272 0.2873 0.3588 0.4130 0.4272 0.4186 0.3891 0.3219 0.2072 0.1848 0.2275 0.2877 0.3592 0.4132 0.4272 0.4185 0.3889 0.3214 0.2068 0.1850 0.2278 0.2880 0.3594 0.4137 0.4272 0.4205 0.4272 0.4137 0.3594 0.2880 0.2278 0.1850 0.2068 0.3214 0.3889 0.4185 0.4272 0.4132 0.3592 0.2877 0.2275 0.1848 0.2072 0.3219 0.3891 0.4186 0.4272 0.4130 0.3588 0.2873 0.2272 0.1847 0.2076 0.3224 0.3894 0.4187 0.4272 0.4129 0.3585 0.2870 0.2270 0.1846 0.2080 0.3229 0.3896 0.4188 0.4272 0.4126 0.3579 0.2862 0.2261 0.1840 0.2108 0.3271 0.3918 0.4280
0.4112 0.3281 0.2116 0.1839 0.2259 0.2862 0.3581 0.4128 0.4272 0.4186 0.3891 0.3218 0.2071 0.1849 0.2276 0.2878 0.3593 0.4132 0.4272 0.4185 0.3889 0.3212 0.2067 0.1850 0.2278 0.2881 0.3597 0.4134 0.4272 0.4184 0.3886 0.3207 0.2063 0.1851 0.2281 0.2885 0.3600 0.4135 0.4272 0.4183 0.3884 0.3202 0.2059 0.1853 0.2284 0.2888 0.3603 0.4136 0.4273 0.4158 0.3950 0.4158 0.4273 0.4136 0.3603 0.2888 0.2284 0.1853 0.2059 0.3202 0.3884 0.4183 0.4272 0.4135 0.3600 0.2885 0.2281 0.1851 0.2063 0.3207 0.3886 0.4184 0.4272 0.4134 0.3597 0.2881 0.2278 0.1850 0.2067 0.3212 0.3889 0.4185 0.4272 0.4132 0.3593 0.2878 0.2276 0.1849 0.2071 0.3218 0.3891 0.4186 0.4272 0.4128 0.3581 0.2862 0.2259 0.1839 0.2116 0.3281 0.4112
0.3627 0.2127 0.1837 0.2255 0.2858 0.3579 0.4128 0.4272 0.4185 0.3888 0.3209 0.2063 0.1852 0.2282 0.2886 0.3601 0.4136 0.4272 0.4183 0.3883 0.3200 0.2057 0.1853 0.2285 0.2889 0.3605 0.4137 0.4272 0.4182 0.3881 0.3195 0.2053 0.1854 0.2287 0.2893 0.3608 0.4139 0.4272 0.4181 0.3879 0.3190 0.2050 0.1856 0.2290 0.2896 0.3612 0.4140 0.4272 0.4180 0.3827 0.3388 0.3827 0.4180 0.4272 0.4140 0.3612 0.2896 0.2290 0.1856 0.2050 0.3190 0.3879 0.4181 0.4272 0.4139 0.3608 0.2893 0.2287 0.1854 0.2053 0.3195 0.3881 0.4182 0.4272 0.4137 0.3605 0.2889 0.2285 0.1853 0.2057 0.3200 0.3883 0.4183 0.4272 0.4136 0.3601 0.2886 0.2282 0.1852 0.2063 0.3209 0.3888 0.4185 0.4272 0.4128 0.3579 0.2858 0.2255 0.1837 0.2127 0.3627
0.2723 0.1835 0.2250 0.2851 0.3572 0.4126 0.4272 0.4185 0.3887 0.3203 0.2057 0.1854 0.2287 0.2893 0.3609 0.4139 0.4272 0.4180 0.3878 0.3188 0.2048 0.1856 0.2291 0.2897 0.3613 0.4141 0.4272 0.4179 0.3876 0.3183 0.2044 0.1858 0.2293 0.2901 0.3616 0.4142 0.4272 0.4179 0.3874 0.3177 0.2041 0.1859 0.2296 0.2904 0.3620 0.4144 0.4272 0.4178 0.3871 0.3119 0.2338 0.3119 0.3871 0.4178 0.4272 0.4144 0.3620 0.2904 0.2296 0.1859 0.2041 0.3177 0.3874 0.4179 0.4272 0.4142 0.3616 0.2901 0.2293 0.1858 0.2044 0.3183 0.3876 0.4179 0.4272 0.4141 0.3613 0.2897 0.2291 0.1856 0.2048 0.3188 0.3878 0.4180 0.4272 0.4139 0.3609 0.2893 0.2287 0.1854 0.2057 0.3203 0.3887 0.4185 0.4272 0.4126 0.3572 0.2851 0.2250 0.1835 0.2723
0.2474 0.2244 0.2844 0.3565 0.4123 0.4272 0.4186 0.3888 0.3203 0.2054 0.1856 0.2291 0.2899 0.3616 0.4143 0.4272 0.4178 0.3873 0.3176 0.2039 0.1860 0.2297 0.2905 0.3621 0.4144 0.4272 0.4177 0.3871 0.3170 0.2036 0.1861 0.2299 0.2909 0.3624 0.4146 0.4272 0.4176 0.3868 0.3165 0.2032 0.1863 0.2302 0.2912 0.3628 0.4147 0.4273 0.4175 0.3867 0.3153 0.2018 0.1744 0.2018 0.3153 0.3867 0.4175 0.4273 0.4147 0.3628 0.2912 0.2302 0.1863 0.2032 0.3165 0.3868 0.4176 0.4272 0.4146 0.3624 0.2909 0.2299 0.1861 0.2036 0.3170 0.3871 0.4177 0.4272 0.4144 0.3621 0.2905 0.2297 0.1860 0.2039 0.3176 0.3873 0.4178 0.4272 0.4143 0.3616 0.2899 0.2291 0.1856 0.2054 0.3203 0.3888 0.4186 0.4272 0.4123 0.3565 0.2844 0.2244 0.2474
0.2716 0.2835 0.3557 0.4120 0.4272 0.4188 0.3891 0.3209 0.2057 0.1856 0.2293 0.2903 0.3622 0.4145 0.4272 0.4176 0.3868 0.3163 0.2031 0.1863 0.2303 0.2913 0.3629 0.4148 0.4273 0.4175 0.3865 0.3158 0.2027 0.1865 0.2305 0.2917 0.3633 0.4149 0.4273 0.4174 0.3863 0.3152 0.2024 0.1866 0.2308 0.2920 0.3636 0.4151 0.4273 0.4173 0.3861 0.3147 0.2023 0.1878 0.2075 0.1878 0.2023 0.3147 0.3861 0.4173 0.4273 0.4151 0.3636 0.2920 0.2308 0.1866 0.2024 0.3152 0.3863 0.4174 0.4273 0.4149 0.3633 0.2917 0.2305 0.1865 0.2027 0.3158 0.3865 0.4175 0.4273 0.4148 0.3629 0.2913 0.2303 0.1863 0.2031 0.3163 0.3868 0.4176 0.4272 0.4145 0.3622 0.2903 0.2293 0.1856 0.2057 0.3209 0.3891 0.4188 0.4272 0.4120 0.3557 0.2835 0.2716
0.3123 0.3549 0.4115 0.4272 0.4190 0.3896 0.3218 0.2063 0.1854 0.2291 0.2903 0.3624 0.4147 0.4273 0.4174 0.3863 0.3151 0.2022 0.1867 0.2309 0.2921 0.3637 0.4151 0.4273 0.4173 0.3860 0.3145 0.2019 0.1868 0.2312 0.2925 0.3641 0.4152 0.4273 0.4172 0.3858 0.3139 0.2015 0.1870 0.2314 0.2928 0.3644 0.4154 0.4272 0.4171 0.3855 0.3134 0.2012 0.1887 0.2335 0.2623 0.2335 0.1887 0.2012 0.3134 0.3855 0.4171 0.4272 0.4154 0.3644 0.2928 0.2314 0.1870 0.2015 0.3139 0.3858 0.4172 0.4273 0.4152 0.3641 0.2925 0.2312 0.1868 0.2019 0.3145 0.3860 0.4173 0.4273 0.4151 0.3637 0.2921 0.2309 0.1867 0.2022 0.3151 0.3863 0.4174 0.4273 0.4147 0.3624 0.2903 0.2291 0.1854 0.2063 0.3218 0.3896 0.4190 0.4272 0.4115 0.3549 0.3123
0.3634 0.4122 0.4269 0.4192 0.3901 0.3229 0.2071 0.1852 0.2287 0.2899 0.3622 0.4147 0.4273 0.4173 0.3860 0.3141 0.2015 0.1870 0.2315 0.2929 0.3645 0.4154 0.4272 0.4171 0.3855 0.3132 0.2011 0.1872 0.2318 0.2933 0.3649 0.4156 0.4272 0.4170 0.3852 0.3126 0.2007 0.1874 0.2320 0.2936 0.3652 0.4157 0.4272 0.4169 0.3850 0.3121 0.2004 0.1875 0.2344 0.2967 0.3334 0.2967 0.2344 0.1875 0.2004 0.3121 0.3850 0.4169 0.4272 0.4157 0.3652 0.2936 0.2320 0.1874 0.2007 0.3126 0.3852 0.4170 0.4272 0.4156 0.3649 0.2933 0.2318 0.1872 0.2011 0.3132 0.3855 0.4171 0.4272 0.4154 0.3645 0.2929 0.2315 0.1870 0.2015 0.3141 0.3860 0.4173 0.4273 0.4147 0.3622 0.2899 0.2287 0.1852 0.2071 0.3229 0.3901 0.4192 0.4269 0.4122 0.3634
0.4059 0.4291 0.4193 0.3906 0.3241 0.2080 0.1849 0.2282 0.2893 0.3616 0.4145 0.4273 0.4173 0.3858 0.3135 0.2010 0.1873 0.2320 0.2937 0.3653 0.4157 0.4272 0.4168 0.3849 0.3119 0.2003 0.1876 0.2324 0.2941 0.3657 0.4159 0.4272 0.4167 0.3847 0.3113 0.1999 0.1878 0.2327 0.2944 0.3660 0.4160 0.4272 0.4166 0.3844 0.3107 0.1996 0.1879 0.2329 0.2973 0.3699 0.4016 0.3699 0.2973 0.2329 0.1879 0.1996 0.3107 0.3844 0.4166 0.4272 0.4160 0.3660 0.2944 0.2327 0.1878 0.1999 0.3113 0.3847 0.4167 0.4272 0.4159 0.3657 0.2941 0.2324 0.1876 0.2003 0.3119 0.3849 0.4168 0.4272 0.4157 0.3653 0.2937 0.2320 0.1873 0.2010 0.3135 0.3858 0.4173 0.4273 0.4145 0.3616 0.2893 0.2282 0.1849 0.2080 0.3241 0.3906 0.4193 0.4291 0.4059
0.4252 0.4210 0.3911 0.3252 0.2090 0.1846 0.2276 0.2886 0.3609 0.4143 0.4272 0.4174 0.3860 0.3135 0.2008 0.1875 0.2324 0.2943 0.3660 0.4160 0.4272 0.4166 0.3844 0.3105 0.1995 0.1880 0.2330 0.2949 0.3665 0.4162 0.4272 0.4165 0.3841 0.3100 0.1992 0.1882 0.2333 0.2952 0.3668 0.4163 0.4272 0.4164 0.3839 0.3094 0.1988 0.1884 0.2335 0.2955 0.3691 0.4187 0.4262 0.4187 0.3691 0.2955 0.2335 0.1884 0.1988 0.3094 0.3839 0.4164 0.4272 0.4163 0.3668 0.2952 0.2333 0.1882 0.1992 0.3100 0.3841 0.4165 0.4272 0.4162 0.3665 0.2949 0.2330 0.1880 0.1995 0.3105 0.3844 0.4166 0.4272 0.4160 0.3660 0.2943 0.2324 0.1875 0.2008 0.3135 0.3860 0.4174 0.4272 0.4143 0.3609 0.2886 0.2276 0.1846 0.2090 0.3252 0.3911 0.4210 0.4252
0.4279 0.3916 0.3264 0.2100 0.1843 0.2270 0.2878 0.3601 0.4139 0.4272 0.4176 0.3863 0.3141 0.2010 0.1875 0.2326 0.2947 0.3665 0.4163 0.4272 0.4164 0.3838 0.3092 0.1987 0.1884 0.2336 0.2957 0.3673 0.4165 0.4272 0.4163 0.3836 0.3086 0.1984 0.1886 0.2339 0.2960 0.3676 0.4166 0.4272 0.4162 0.3833 0.3080 0.1981 0.1888 0.2342 0.2963 0.3678 0.4170 0.4269 0.4186 0.4269 0.4170 0.3678 0.2963 0.2342 0.1888 0.1981 0.3080 0.3833 0.4162 0.4272 0.4166 0.3676 0.2960 0.2339 0.1886 0.1984 0.3086 0.3836 0.4163 0.4272 0.4165 0.3673 0.2957 0.2336 0.1884 0.1987 0.3092 0.3838 0.4164 0.4272 0.4163 0.3665 0.2947 0.2326 0.1875 0.2010 0.3141 0.3863 0.4176 0.4272 0.4139 0.3601 0.2878 0.2270 0.1843 0.2100 0.3264 0.3916 0.4279
0.4111 0.3275 0.2110 0.1841 0.2264 0.2870 0.3593 0.4136 0.4272 0.4178 0.3868 0.3151 0.2015 0.1873 0.2324 0.2947 0.3667 0.4164 0.4272 0.4162 0.3833 0.3079 0.1980 0.1889 0.2343 0.2965 0.3681 0.4168 0.4272 0.4160 0.3830 0.3073 0.1977 0.1890 0.2345 0.2968 0.3684 0.4169 0.4272 0.4159 0.3828 0.3067 0.1974 0.1892 0.2348 0.2972 0.3687 0.4170 0.4272 0.4131 0.3902 0.4131 0.4272 0.4170 0.3687 0.2972 0.2348 0.1892 0.1974 0.3067 0.3828 0.4159 0.4272 0.4169 0.3684 0.2968 0.2345 0.1890 0.1977 0.3073 0.3830 0.4160 0.4272 0.4168 0.3681 0.2965 0.2343 0.1889 0.1980 0.3079 0.3833 0.4162 0.4272 0.4164 0.3667 0.2947 0.2324 0.1873 0.2015 0.3151 0.3868 0.4178 0.4272 0.4136 0.3593 0.2870 0.2264 0.1841 0.2110 0.3275 0.4111
0.3623 0.2121 0.1838 0.2258 0.2862 0.3585 0.4132 0.4272 0.4180 0.3873 0.3163 0.2022 0.1870 0.2320 0.2943 0.3665 0.4164 0.4272 0.4161 0.3830 0.3069 0.1974 0.1893 0.2349 0.2973 0.3688 0.4171 0.4272 0.4158 0.3824 0.3059 0.1970 0.1895 0.2352 0.2976 0.3692 0.4172 0.4272 0.4157 0.3822 0.3053 0.1967 0.1897 0.2354 0.2980 0.3695 0.4173 0.4272 0.4156 0.3767 0.3291 0.3767 0.4156 0.4272 0.4173 0.3695 0.2980 0.2354 0.1897 0.1967 0.3053 0.3822 0.4157 0.4272 0.4172 0.3692 0.2976 0.2352 0.1895 0.1970 0.3059 0.3824 0.4158 0.4272 0.4171 0.3688 0.2973 0.2349 0.1893 0.1974 0.3069 0.3830 0.4161 0.4272 0.4164 0.3665 0.2943 0.2320 0.1870 0.2022 0.3163 0.3873 0.4180 0.4272 0.4132 0.3585 0.2862 0.2258 0.1838 0.2121 0.3623
0.2720 0.1836 0.2252 0.2854 0.3577 0.4129 0.4272 0.4183 0.3878 0.3176 0.2031 0.1867 0.2315 0.2937 0.3660 0.4163 0.4272 0.4161 0.3828 0.3062 0.1969 0.1896 0.2354 0.2980 0.3696 0.4174 0.4272 0.4155 0.3819 0.3045 0.1963 0.1899 0.2358 0.2985 0.3700 0.4175 0.4272 0.4154 0.3816 0.3039 0.1960 0.1901 0.2361 0.2988 0.3703 0.4176 0.4271 0.4154 0.3813 0.2991 0.2201 0.2991 0.3813 0.4154 0.4271 0.4176 0.3703 0.2988 0.2361 0.1901 0.1960 0.3039 0.3816 0.4154 0.4272 0.4175 0.3700 0.2985 0.2358 0.1899 0.1963 0.3045 0.3819 0.4155 0.4272 0.4174 0.3696 0.2980 0.2354 0.1896 0.1969 0.3062 0.3828 0.4161 0.4272 0.4163 0.3660 0.2937 0.2315 0.1867 0.2031 0.3176 0.3878 0.4183 0.4272 0.4129 0.3577 0.2854 0.2252 0.1836 0.2720
0.2474 0.2247 0.2847 0.3569 0.4125 0.4272 0.4185 0.3883 0.3188 0.2039 0.1863 0.2309 0.2929 0.3653 0.4160 0.4272 0.4162 0.3830 0.3062 0.1967 0.1898 0.2358 0.2987 0.3703 0.4176 0.4271 0.4153 0.3813 0.3031 0.1956 0.1904 0.2364 0.2993 0.3707 0.4178 0.4271 0.4152 0.3810 0.3026 0.1954 0.1905 0.2367 0.2996 0.3711 0.4179 0.4271 0.4151 0.3809 0.3013 0.1944 0.1762 0.1944 0.3013 0.3809 0.4151 0.4271 0.4179 0.3711 0.2996 0.2367 0.1905 0.1954 0.3026 0.3810 0.4152 0.4271 0.4178 0.3707 0.2993 0.2364 0.1904 0.1956 0.3031 0.3813 0.4153 0.4271 0.4176 0.3703 0.2987 0.2358 0.1898 0.1967 0.3062 0.3830 0.4162 0.4272 0.4160 0.3653 0.2929 0.2309 0.1863 0.2039 0.3188 0.3883 0.4185 0.4272 0.4125 0.3569 0.2847 0.2247 0.2474
0.2717 0.2839 0.3560 0.4121 0.4272 0.4187 0.3889 0.3200 0.2048 0.1860 0.2303 0.2921 0.3645 0.4157 0.4272 0.4164 0.3833 0.3069 0.1969 0.1898 0.2360 0.2991 0.3708 0.4179 0.4271 0.4151 0.3807 0.3018 0.1950 0.1908 0.2371 0.3001 0.3715 0.4180 0.4271 0.4149 0.3804 0.3012 0.1947 0.1910 0.2373 0.3004 0.3719 0.4182 0.4271 0.4148 0.3802 0.3006 0.1950 0.1923 0.2131 0.1923 0.1950 0.3006 0.3802 0.4148 0.4271 0.4182 0.3719 0.3004 0.2373 0.1910 0.1947 0.3012 0.3804 0.4149 0.4271 0.4180 0.3715 0.3001 0.2371 0.1908 0.1950 0.3018 0.3807 0.4151 0.4271 0.4179 0.3708 0.2991 0.2360 0.1898 0.1969 0.3069 0.3833 0.4164 0.4272 0.4157 0.3645 0.2921 0.2303 0.1860 0.2048 0.3200 0.3889 0.4187 0.4272 0.4121 0.3560 0.2839 0.2717
0.3125 0.3553 0.4116 0.4272 0.4189 0.3894 0.3212 0.2057 0.1856 0.2297 0.2913 0.3637 0.4154 0.4272 0.4166 0.3838 0.3079 0.1974 0.1896 0.2358 0.2991 0.3710 0.4180 0.4271 0.4149 0.3802 0.3005 0.1944 0.1912 0.2377 0.3009 0.3723 0.4183 0.4271 0.4147 0.3798 0.2998 0.1941 0.1914 0.2380 0.3012 0.3726 0.4184 0.4271 0.4146 0.3796 0.2992 0.1938 0.1933 0.2401 0.2700 0.2401 0.1933 0.1938 0.2992 0.3796 0.4146 0.4271 0.4184 0.3726 0.3012 0.2380 0.1914 0.1941 0.2998 0.3798 0.4147 0.4271 0.4183 0.3723 0.3009 0.2377 0.1912 0.1944 0.3005 0.3802 0.4149 0.4271 0.4180 0.3710 0.2991 0.2358 0.1896 0.1974 0.3079 0.3838 0.4166 0.4272 0.4154 0.3637 0.2913 0.2297 0.1856 0.2057 0.3212 0.3894 0.4189 0.4272 0.4116 0.3553 0.3125
0.3636 0.4123 0.4269 0.4191 0.3899 0.3224 0.2067 0.1853 0.2291 0.2905 0.3629 0.4151 0.4272 0.4168 0.3844 0.3092 0.1980 0.1893 0.2354 0.2987 0.3708 0.4180 0.4271 0.4147 0.3798 0.2994 0.1938 0.1917 0.2383 0.3017 0.3731 0.4186 0.4270 0.4144 0.3792 0.2984 0.1935 0.1919 0.2386 0.3021 0.3734 0.4187 0.4270 0.4143 0.3790 0.2978 0.1932 0.1920 0.2411 0.3053 0.3425 0.3053 0.2411 0.1920 0.1932 0.2978 0.3790 0.4143 0.4270 0.4187 0.3734 0.3021 0.2386 0.1919 0.1935 0.2984 0.3792 0.4144 0.4270 0.4186 0.3731 0.3017 0.2383 0.1917 0.1938 0.2994 0.3798 0.4147 0.4271 0.4180 0.3708 0.2987 0.2354 0.1893 0.1980 0.3092 0.3844 0.4168 0.4272 0.4151 0.3629 0.2905 0.2291 0.1853 0.2067 0.3224 0.3899 0.4191 0.4269 0.4123 0.3636
0.4061 0.4291 0.4192 0.3904 0.3236 0.2076 0.1850 0.2285 0.2897 0.3621 0.4148 0.4273 0.4171 0.3849 0.3105 0.1987 0.1889 0.2349 0.2980 0.3703 0.4179 0.4271 0.4147 0.3796 0.2987 0.1934 0.1920 0.2389 0.3025 0.3738 0.4188 0.4270 0.4142 0.3786 0.2970 0.1929 0.1923 0.2393 0.3029 0.3742 0.4189 0.4270 0.4141 0.3784 0.2964 0.1927 0.1925 0.2395 0.3058 0.3781 0.4073 0.3781 0.3058 0.2395 0.1925 0.1927 0.2964 0.3784 0.4141 0.4270 0.4189 0.3742 0.3029 0.2393 0.1923 0.1929 0.2970 0.3786 0.4142 0.4270 0.4188 0.3738 0.3025 0.2389 0.1920 0.1935 0.2988 0.3796 0.4147 0.4271 0.4179 0.3703 0.2980 0.2349 0.1889 0.1987 0.3105 0.3849 0.4171 0.4273 0.4148 0.3621 0.2897 0.2285 0.1850 0.2076 0.3236 0.3904 0.4192 0.4291 0.4061
0.4253 0.4209 0.3909 0.3247 0.2086 0.1847 0.2278 0.2889 0.3613 0.4144 0.4273 0.4173 0.3855 0.3119 0.1995 0.1884 0.2343 0.2973 0.3696 0.4176 0.4271 0.4149 0.3798 0.2987 0.1933 0.1922 0.2393 0.3031 0.3745 0.4191 0.4270 0.4139 0.3780 0.2956 0.1923 0.1928 0.2399 0.3037 0.3749 0.4192 0.4270 0.4138 0.3778 0.2950 0.1921 0.1930 0.2401 0.3040 0.3770 0.4213 0.4265 0.4213 0.3770 0.3040 0.2401 0.1930 0.1921 0.2950 0.3778 0.4138 0.4270 0.4192 0.3749 0.3037 0.2399 0.1928 0.1923 0.2956 0.3780 0.4139 0.4270 0.4191 0.3745 0.3031 0.2393 0.1922 0.1934 0.2988 0.3798 0.4149 0.4271 0.4176 0.3696 0.2973 0.2343 0.1884 0.1995 0.3119 0.3855 0.4173 0.4273 0.4144 0.3613 0.2889 0.2278 0.1847 0.2086 0.3247 0.3909 0.4209 0.4253
0.4279 0.3914 0.3259 0.2096 0.1844 0.2272 0.2881 0.3605 0.4141 0.4272 0.4175 0.3860 0.3132 0.2003 0.1880 0.2336 0.2965 0.3688 0.4174 0.4271 0.4151 0.3802 0.2994 0.1935 0.1922 0.2395 0.3035 0.3749 0.4192 0.4269 0.4137 0.3774 0.2942 0.1918 0.1932 0.2406 0.3045 0.3757 0.4194 0.4269 0.4135 0.3772 0.2936 0.1916 0.1934 0.2408 0.3048 0.3759 0.4197 0.4263 0.4164 0.4263 0.4197 0.3759 0.3048 0.2408 0.1934 0.1916 0.2936 0.3772 0.4135 0.4269 0.4194 0.3757 0.3045 0.2406 0.1932 0.1918 0.2942 0.3774 0.4137 0.4269 0.4192 0.3749 0.3034 0.2394 0.1922 0.1935 0.2994 0.3802 0.4151 0.4271 0.4174 0.3688 0.2965 0.2336 0.1880 0.2003 0.3132 0.3860 0.4175 0.4272 0.4141 0.3605 0.2881 0.2272 0.1844 0.2096 0.3259 0.3914 0.4279
0.4110 0.3271 0.2106 0.1842 0.2266 0.2873 0.3597 0.4137 0.4272 0.4177 0.3865 0.3145 0.2011 0.1876 0.2330 0.2957 0.3681 0.4171 0.4272 0.4153 0.3807 0.3005 0.1938 0.1920 0.2393 0.3034 0.3751 0.4194 0.4269 0.4135 0.3769 0.2929 0.1912 0.1937 0.2412 0.3054 0.3764 0.4197 0.4269 0.4133 0.3765 0.2922 0.1910 0.1939 0.2415 0.3057 0.3767 0.4197 0.4269 0.4102 0.3849 0.4102 0.4269 0.4197 0.3767 0.3057 0.2415 0.1939 0.1910 0.2922 0.3765 0.4133 0.4269 0.4197 0.3764 0.3054 0.2412 0.1937 0.1912 0.2929 0.3769 0.4135 0.4269 0.4194 0.3751 0.3034 0.2393 0.1920 0.1938 0.3005 0.3807 0.4153 0.4272 0.4171 0.3681 0.2957 0.2330 0.1876 0.2011 0.3145 0.3865 0.4177 0.4272 0.4137 0.3597 0.2873 0.2266 0.1842 0.2106 0.3271 0.4110
0.3619 0.2117 0.1839 0.2261 0.2866 0.3588 0.4134 0.4272 0.4179 0.3871 0.3158 0.2019 0.1872 0.2324 0.2949 0.3673 0.4168 0.4272 0.4155 0.3813 0.3018 0.1944 0.1917 0.2389 0.3031 0.3749 0.4194 0.4269 0.4134 0.3765 0.2919 0.1908 0.1941 0.2419 0.3062 0.3772 0.4199 0.4268 0.4130 0.3759 0.2908 0.1905 0.1943 0.2421 0.3065 0.3775 0.4200 0.4268 0.4129 0.3701 0.3186 0.3701 0.4129 0.4268 0.4200 0.3775 0.3065 0.2421 0.1943 0.1905 0.2908 0.3759 0.4130 0.4268 0.4199 0.3772 0.3062 0.2419 0.1941 0.1908 0.2919 0.3765 0.4134 0.4269 0.4194 0.3749 0.3031 0.2389 0.1917 0.1944 0.3018 0.3813 0.4155 0.4272 0.4168 0.3673 0.2949 0.2324 0.1872 0.2019 0.3158 0.3871 0.4179 0.4272 0.4134 0.3588 0.2866 0.2261 0.1839 0.2117 0.3619
0.2716 0.1837 0.2255 0.2858 0.3580 0.4130 0.4272 0.4182 0.3876 0.3170 0.2027 0.1868 0.2318 0.2941 0.3665 0.4165 0.4272 0.4158 0.3819 0.3031 0.1950 0.1912 0.2383 0.3025 0.3745 0.4192 0.4269 0.4134 0.3764 0.2913 0.1905 0.1944 0.2424 0.3069 0.3779 0.4201 0.4268 0.4127 0.3753 0.2893 0.1900 0.1948 0.2428 0.3074 0.3783 0.4202 0.4267 0.4127 0.3749 0.2856 0.2075 0.2856 0.3749 0.4127 0.4267 0.4202 0.3783 0.3074 0.2428 0.1948 0.1900 0.2893 0.3753 0.4127 0.4268 0.4201 0.3779 0.3069 0.2424 0.1944 0.1905 0.2913 0.3764 0.4134 0.4269 0.4192 0.3745 0.3025 0.2383 0.1912 0.1950 0.3031 0.3819 0.4158 0.4272 0.4165 0.3665 0.2941 0.2318 0.1868 0.2027 0.3170 0.3876 0.4182 0.4272 0.4130 0.3580 0.2858 0.2255 0.1837 0.2716
0.2475 0.2249 0.2850 0.3572 0.4126 0.4272 0.4184 0.3881 0.3183 0.2036 0.1865 0.2312 0.2933 0.3657 0.4162 0.4272 0.4160 0.3824 0.3045 0.1956 0.1908 0.2377 0.3017 0.3738 0.4191 0.4269 0.4135 0.3765 0.2913 0.1904 0.1946 0.2428 0.3075 0.3786 0.4204 0.4267 0.4124 0.3746 0.2879 0.1895 0.1953 0.2435 0.3082 0.3790 0.4205 0.4267 0.4123 0.3745 0.2866 0.1889 0.1787 0.1889 0.2866 0.3745 0.4123 0.4267 0.4205 0.3790 0.3082 0.2435 0.1953 0.1895 0.2879 0.3746 0.4124 0.4267 0.4204 0.3786 0.3075 0.2428 0.1946 0.1904 0.2913 0.3765 0.4135 0.4269 0.4191 0.3738 0.3017 0.2377 0.1908 0.1956 0.3045 0.3824 0.4160 0.4272 0.4162 0.3657 0.2933 0.2312 0.1865 0.2036 0.3183 0.3881 0.4184 0.4272 0.4126 0.3572 0.2850 0.2249 0.2475
0.2719 0.2842 0.3564 0.4123 0.4272 0.4186 0.3886 0.3195 0.2044 0.1861 0.2305 0.2925 0.3649 0.4159 0.4272 0.4163 0.3830 0.3059 0.1963 0.1904 0.2371 0.3009 0.3731 0.4188 0.4270 0.4137 0.3769 0.2919 0.1905 0.1946 0.2429 0.3079 0.3790 0.4205 0.4267 0.4122 0.3740 0.2865 0.1891 0.1957 0.2441 0.3090 0.3797 0.4207 0.4266 0.4120 0.3737 0.2859 0.1896 0.1971 0.2190 0.1971 0.1896 0.2859 0.3737 0.4120 0.4266 0.4207 0.3797 0.3090 0.2441 0.1957 0.1891 0.2865 0.3740 0.4122 0.4267 0.4205 0.3790 0.3079 0.2429 0.1946 0.1905 0.2919 0.3769 0.4137 0.4270 0.4188 0.3731 0.3009 0.2371 0.1904 0.1963 0.3059 0.3830 0.4163 0.4272 0.4159 0.3649 0.2925 0.2305 0.1861 0.2044 0.3195 0.3886 0.4186 0.4272 0.4123 0.3564 0.2842 0.2719
0.3127 0.3557 0.4118 0.4272 0.4188 0.3891 0.3207 0.2053 0.1858 0.2299 0.2917 0.3641 0.4156 0.4272 0.4165 0.3836 0.3073 0.1970 0.1899 0.2364 0.3001 0.3723 0.4186 0.4270 0.4139 0.3774 0.2929 0.1908 0.1944 0.2428 0.3079 0.3792 0.4206 0.4266 0.4120 0.3734 0.2852 0.1886 0.1962 0.2448 0.3099 0.3805 0.4209 0.4266 0.4118 0.3731 0.2844 0.1884 0.1981 0.2471 0.2781 0.2471 0.1981 0.1884 0.2844 0.3731 0.4118 0.4266 0.4209 0.3805 0.3099 0.2448 0.1962 0.1886 0.2852 0.3734 0.4120 0.4266 0.4206 0.3792 0.3079 0.2428 0.1944 0.1908 0.2929 0.3774 0.4139 0.4270 0.4186 0.3723 0.3001 0.2364 0.1899 0.1970 0.3073 0.3836 0.4165 0.4272 0.4156 0.3641 0.2917 0.2299 0.1858 0.2053 0.3207 0.3891 0.4188 0.4272 0.4118 0.3557 0.3127
0.3639 0.4125 0.4270 0.4190 0.3897 0.3219 0.2063 0.1854 0.2293 0.2909 0.3633 0.4152 0.4272 0.4167 0.3841 0.3086 0.1977 0.1895 0.2358 0.2993 0.3715 0.4183 0.4270 0.4142 0.3780 0.2942 0.1912 0.1941 0.2424 0.3075 0.3790 0.4206 0.4266 0.4119 0.3731 0.2841 0.1883 0.1966 0.2455 0.3107 0.3812 0.4211 0.4265 0.4115 0.3724 0.2830 0.1880 0.1968 0.2480 0.3141 0.3515 0.3141 0.2480 0.1968 0.1880 0.2830 0.3724 0.4115 0.4265 0.4211 0.3812 0.3107 0.2455 0.1966 0.1883 0.2841 0.3731 0.4119 0.4266 0.4206 0.3790 0.3075 0.2424 0.1941 0.1912 0.2942 0.3780 0.4142 0.4270 0.4183 0.3715 0.2993 0.2358 0.1895 0.1977 0.3086 0.3841 0.4167 0.4272 0.4152 0.3633 0.2909 0.2293 0.1854 0.2063 0.3219 0.3897 0.4190 0.4270 0.4125 0.3639
0.4062 0.4291 0.4191 0.3902 0.3231 0.2072 0.1851 0.2287 0.2901 0.3624 0.4149 0.4273 0.4170 0.3847 0.3100 0.1984 0.1890 0.2352 0.2985 0.3707 0.4180 0.4271 0.4144 0.3786 0.2956 0.1918 0.1937 0.2419 0.3069 0.3786 0.4205 0.4266 0.4119 0.3729 0.2835 0.1880 0.1970 0.2460 0.3115 0.3819 0.4213 0.4264 0.4112 0.3717 0.2816 0.1876 0.1973 0.2463 0.3144 0.3858 0.4121 0.3858 0.3144 0.2463 0.1973 0.1876 0.2816 0.3717 0.4112 0.4264 0.4213 0.3819 0.3115 0.2460 0.1970 0.1880 0.2835 0.3729 0.4119 0.4266 0.4205 0.3786 0.3069 0.2419 0.1937 0.1918 0.2956 0.3786 0.4144 0.4271 0.4180 0.3707 0.2985 0.2352 0.1890 0.1984 0.3100 0.3847 0.4170 0.4273 0.4149 0.3624 0.2901 0.2287 0.1851 0.2072 0.3231 0.3902 0.4191 0.4291 0.4062
0.4253 0.4208 0.3907 0.3242 0.2082 0.1848 0.2281 0.2893 0.3616 0.4146 0.4273 0.4172 0.3852 0.3113 0.1992 0.1886 0.2345 0.2976 0.3700 0.4178 0.4271 0.4147 0.3792 0.2970 0.1923 0.1932 0.2412 0.3062 0.3779 0.4204 0.4267 0.4120 0.3731 0.2835 0.1879 0.1972 0.2464 0.3121 0.3825 0.4215 0.4264 0.4109 0.3711 0.2801 0.1872 0.1978 0.2470 0.3126 0.3845 0.4233 0.4264 0.4233 0.3845 0.3126 0.2470 0.1978 0.1872 0.2801 0.3711 0.4109 0.4264 0.4215 0.3825 0.3121 0.2464 0.1972 0.1879 0.2835 0.3731 0.4120 0.4267 0.4204 0.3779 0.3062 0.2412 0.1932 0.1923 0.2970 0.3792 0.4147 0.4271 0.4178 0.3700 0.2976 0.2345 0.1886 0.1992 0.3113 0.3852 0.4172 0.4273 0.4146 0.3616 0.2893 0.2281 0.1848 0.2082 0.3242 0.3907 0.4208 0.4253
0.4279 0.3912 0.3254 0.2092 0.1846 0.2275 0.2885 0.3608 0.4142 0.4272 0.4174 0.3858 0.3126 0.1999 0.1882 0.2339 0.2968 0.3692 0.4175 0.4271 0.4149 0.3798 0.2984 0.1929 0.1928 0.2406 0.3054 0.3772 0.4201 0.4267 0.4122 0.3734 0.2841 0.1880 0.1972 0.2466 0.3124 0.3830 0.4216 0.4263 0.4106 0.3704 0.2787 0.1868 0.1983 0.2478 0.3135 0.3835 0.4219 0.4254 0.4139 0.4254 0.4219 0.3835 0.3135 0.2478 0.1983 0.1868 0.2787 0.3704 0.4106 0.4263 0.4216 0.3830 0.3124 0.2466 0.1972 0.1880 0.2841 0.3734 0.4122 0.4267 0.4201 0.3772 0.3054 0.2406 0.1928 0.1929 0.2984 0.3798 0.4149 0.4271 0.4175 0.3692 0.2968 0.2339 0.1882 0.1999 0.3126 0.3858 0.4174 0.4272 0.4142 0.3608 0.2885 0.2275 0.1846 0.2092 0.3254 0.3912 0.4279
0.4108 0.3266 0.2102 0.1843 0.2269 0.2877 0.3600 0.4139 0.4272 0.4176 0.3863 0.3139 0.2007 0.1878 0.2333 0.2960 0.3684 0.4172 0.4272 0.4152 0.3804 0.2998 0.1935 0.1923 0.2399 0.3045 0.3764 0.4199 0.4268 0.4124 0.3740 0.2852 0.1883 0.1970 0.2464 0.3124 0.3831 0.4217 0.4263 0.4104 0.3698 0.2773 0.1865 0.1988 0.2484 0.3144 0.3843 0.4219 0.4262 0.4069 0.3791 0.4069 0.4262 0.4219 0.3843 0.3144 0.2484 0.1988 0.1865 0.2773 0.3698 0.4104 0.4263 0.4217 0.3831 0.3124 0.2464 0.1970 0.1883 0.2852 0.3740 0.4124 0.4268 0.4199 0.3764 0.3045 0.2399 0.1923 0.1935 0.2998 0.3804 0.4152 0.4272 0.4172 0.3684 0.2960 0.2333 0.1878 0.2007 0.3139 0.3863 0.4176 0.4272 0.4139 0.3600 0.2877 0.2269 0.1843 0.2102 0.3266 0.4108
0.3615 0.2112 0.1840 0.2263 0.2869 0.3592 0.4135 0.4272 0.4179 0.3868 0.3152 0.2015 0.1874 0.2327 0.2952 0.3676 0.4169 0.4272 0.4154 0.3810 0.3012 0.1941 0.1919 0.2393 0.3037 0.3757 0.4197 0.4268 0.4127 0.3746 0.2865 0.1886 0.1966 0.2460 0.3121 0.3830 0.4217 0.4263 0.4103 0.3694 0.2763 0.1862 0.1992 0.2491 0.3152 0.3851 0.4222 0.4262 0.4099 0.3629 0.3071 0.3629 0.4099 0.4262 0.4222 0.3851 0.3152 0.2491 0.1992 0.1862 0.2763 0.3694 0.4103 0.4263 0.4217 0.3830 0.3121 0.2460 0.1966 0.1886 0.2865 0.3746 0.4127 0.4268 0.4197 0.3757 0.3037 0.2393 0.1919 0.1941 0.3012 0.3810 0.4154 0.4272 0.4169 0.3676 0.2952 0.2327 0.1874 0.2015 0.3152 0.3868 0.4179 0.4272 0.4135 0.3592 0.2869 0.2263 0.1840 0.2112 0.3615
0.2713 0.1838 0.2257 0.2861 0.3584 0.4132 0.4272 0.4181 0.3874 0.3165 0.2024 0.1870 0.2320 0.2944 0.3668 0.4166 0.4272 0.4157 0.3816 0.3026 0.1947 0.1914 0.2386 0.3029 0.3749 0.4194 0.4269 0.4130 0.3753 0.2879 0.1891 0.1962 0.2455 0.3115 0.3825 0.4216 0.4263 0.4103 0.3693 0.2757 0.1860 0.1995 0.2497 0.3160 0.3858 0.4224 0.4260 0.4097 0.3679 0.2713 0.1966 0.2713 0.3679 0.4097 0.4260 0.4224 0.3858 0.3160 0.2497 0.1995 0.1860 0.2757 0.3693 0.4103 0.4263 0.4216 0.3825 0.3115 0.2455 0.1962 0.1891 0.2879 0.3753 0.4130 0.4269 0.4194 0.3749 0.3029 0.2386 0.1914 0.1947 0.3026 0.3816 0.4157 0.4272 0.4166 0.3668 0.2944 0.2320 0.1870 0.2024 0.3165 0.3874 0.4181 0.4272 0.4132 0.3584 0.2861 0.2257 0.1838 0.2713
0.2475 0.2251 0.2854 0.3576 0.4128 0.4272 0.4183 0.3879 0.3177 0.2032 0.1866 0.2314 0.2936 0.3660 0.4163 0.4272 0.4159 0.3822 0.3039 0.1954 0.1910 0.2380 0.3021 0.3742 0.4192 0.4269 0.4133 0.3759 0.2893 0.1895 0.1957 0.2448 0.3107 0.3819 0.4215 0.4263 0.4104 0.3694 0.2757 0.1859 0.1997 0.2501 0.3166 0.3864 0.4225 0.4260 0.4093 0.3675 0.2716 0.1852 0.1820 0.1852 0.2716 0.3675 0.4093 0.4260 0.4225 0.3864 0.3166 0.2501 0.1997 0.1859 0.2757 0.3694 0.4104 0.4263 0.4215 0.3819 0.3107 0.2448 0.1957 0.1895 0.2893 0.3759 0.4133 0.4269 0.4192 0.3742 0.3021 0.2380 0.1910 0.1954 0.3039 0.3822 0.4159 0.4272 0.4163 0.3660 0.2936 0.2314 0.1866 0.2032 0.3177 0.3879 0.4183 0.4272 0.4128 0.3576 0.2854 0.2251 0.2475
0.2721 0.2846 0.3567 0.4124 0.4272 0.4185 0.3884 0.3190 0.2041 0.1863 0.2308 0.2928 0.3652 0.4160 0.4272 0.4162 0.3828 0.3053 0.1960 0.1905 0.2373 0.3012 0.3734 0.4189 0.4270 0.4135 0.3765 0.2908 0.1900 0.1953 0.2441 0.3099 0.3812 0.4213 0.4264 0.4106 0.3698 0.2763 0.1860 0.1997 0.2502 0.3170 0.3868 0.4226 0.4259 0.4090 0.3666 0.2708 0.1859 0.2022 0.2251 0.2022 0.1859 0.2708 0.3666 0.4090 0.4259 0.4226 0.3868 0.3170 0.2502 0.1997 0.1860 0.2763 0.3698 0.4106 0.4264 0.4213 0.3812 0.3099 0.2441 0.1953 0.1900 0.2908 0.3765 0.4135 0.4270 0.4189 0.3734 0.3012 0.2373 0.1905 0.1960 0.3053 0.3828 0.4162 0.4272 0.4160 0.3652 0.2928 0.2308 0.1863 0.2041 0.3190 0.3884 0.4185 0.4272 0.4124 0.3567 0.2846 0.2721
0.3130 0.3560 0.4120 0.4272 0.4187 0.3889 0.3202 0.2050 0.1859 0.2302 0.2920 0.3644 0.4157 0.4272 0.4164 0.3833 0.3067 0.1967 0.1901 0.2367 0.3004 0.3726 0.4187 0.4270 0.4138 0.3772 0.2922 0.1905 0.1948 0.2435 0.3090 0.3805 0.4211 0.4264 0.4109 0.3704 0.2773 0.1862 0.1995 0.2501 0.3170 0.3869 0.4227 0.4258 0.4087 0.3660 0.2695 0.1847 0.2031 0.2543 0.2863 0.2543 0.2031 0.1847 0.2695 0.3660 0.4087 0.4258 0.4227 0.3869 0.3170 0.2501 0.1995 0.1862 0.2773 0.3704 0.4109 0.4264 0.4211 0.3805 0.3090 0.2435 0.1948 0.1905 0.2922 0.3772 0.4138 0.4270 0.4187 0.3726 0.3004 0.2367 0.1901 0.1967 0.3067 0.3833 0.4164 0.4272 0.4157 0.3644 0.2920 0.2302 0.1859 0.2050 0.3202 0.3889 0.4187 0.4272 0.4120 0.3560 0.3130
0.3641 0.4127 0.4270 0.4189 0.3894 0.3214 0.2059 0.1856 0.2296 0.2912 0.3636 0.4154 0.4272 0.4166 0.3839 0.3080 0.1974 0.1897 0.2361 0.2996 0.3719 0.4184 0.4270 0.4141 0.3778 0.2936 0.1910 0.1943 0.2428 0.3082 0.3797 0.4209 0.4265 0.4112 0.3711 0.2787 0.1865 0.1992 0.2497 0.3166 0.3868 0.4227 0.4258 0.4086 0.3656 0.2684 0.1845 0.2018 0.2551 0.3229 0.3604 0.3229 0.2551 0.2018 0.1845 0.2684 0.3656 0.4086 0.4258 0.4227 0.3868 0.3166 0.2497 0.1992 0.1865 0.2787 0.3711 0.4112 0.4265 0.4209 0.3797 0.3082 0.2428 0.1943 0.1910 0.2936 0.3778 0.4141 0.4270 0.4184 0.3719 0.2996 0.2361 0.1897 0.1974 0.3080 0.3839 0.4166 0.4272 0.4154 0.3636 0.2912 0.2296 0.1856 0.2059 0.3214 0.3894 0.4189 0.4270 0.4127 0.3641
0.4064 0.4291 0.4191 0.3899 0.3226 0.2068 0.1853 0.2290 0.2904 0.3628 0.4151 0.4272 0.4169 0.3844 0.3094 0.1981 0.1892 0.2354 0.2988 0.3711 0.4182 0.4271 0.4143 0.3784 0.2950 0.1916 0.1939 0.2421 0.3074 0.3790 0.4207 0.4266 0.4115 0.3717 0.2801 0.1868 0.1988 0.2491 0.3160 0.3864 0.4226 0.4258 0.4086 0.3654 0.2678 0.1843 0.2022 0.2533 0.3230 0.3929 0.4161 0.3929 0.3230 0.2533 0.2022 0.1843 0.2678 0.3654 0.4086 0.4258 0.4226 0.3864 0.3160 0.2491 0.1988 0.1868 0.2801 0.3717 0.4115 0.4266 0.4207 0.3790 0.3074 0.2421 0.1939 0.1916 0.2950 0.3784 0.4143 0.4271 0.4182 0.3711 0.2988 0.2354 0.1892 0.1981 0.3094 0.3844 0.4169 0.4272 0.4151 0.3628 0.2904 0.2290 0.1853 0.2068 0.3226 0.3899 0.4191 0.4291 0.4064
0.4254 0.4207 0.3904 0.3238 0.2078 0.1850 0.2284 0.2896 0.3620 0.4147 0.4273 0.4171 0.3850 0.3107 0.1988 0.1888 0.2348 0.2980 0.3703 0.4179 0.4271 0.4146 0.3790 0.2964 0.1921 0.1934 0.2415 0.3065 0.3783 0.4205 0.4266 0.4118 0.3724 0.2816 0.1872 0.1983 0.2484 0.3152 0.3858 0.4225 0.4259 0.4087 0.3656 0.2678 0.1843 0.2024 0.2538 0.3210 0.3913 0.4248 0.4259 0.4248 0.3913 0.3210 0.2537 0.2024 0.1843 0.2678 0.3656 0.4087 0.4259 0.4225 0.3858 0.3152 0.2484 0.1983 0.1872 0.2816 0.3724 0.4118 0.4266 0.4205 0.3783 0.3065 0.2415 0.1934 0.1921 0.2964 0.3790 0.4146 0.4271 0.4179 0.3703 0.2980 0.2348 0.1888 0.1988 0.3107 0.3850 0.4171 0.4273 0.4147 0.3620 0.2896 0.2284 0.1850 0.2078 0.3238 0.3904 0.4207 0.4254
0.4278 0.3910 0.3249 0.2087 0.1847 0.2278 0.2888 0.3612 0.4144 0.4273 0.4173 0.3855 0.3121 0.1996 0.1884 0.2342 0.2972 0.3695 0.4176 0.4271 0.4148 0.3796 0.2978 0.1927 0.1930 0.2408 0.3057 0.3775 0.4202 0.4267 0.4120 0.3731 0.2830 0.1876 0.1978 0.2478 0.3144 0.3851 0.4224 0.4260 0.4090 0.3660 0.2684 0.1843 0.2024 0.2540 0.3215 0.3902 0.4236 0.4242 0.4112 0.4242 0.4236 0.3903 0.3216 0.2540 0.2024 0.1843 0.2684 0.3660 0.4090 0.4260 0.4224 0.3851 0.3144 0.2478 0.1978 0.1876 0.2830 0.3731 0.4120 0.4267 0.4202 0.3775 0.3057 0.2408 0.1930 0.1927 0.2978 0.3796 0.4148 0.4271 0.4176 0.3695 0.2972 0.2342 0.1884 0.1996 0.3121 0.3855 0.4173 0.4273 0.4144 0.3612 0.2888 0.2278 0.1847 0.2087 0.3249 0.3910 0.4278
0.4107 0.3261 0.2097 0.1844 0.2272 0.2880 0.3604 0.4140 0.4272 0.4175 0.3861 0.3134 0.2004 0.1880 0.2335 0.2964 0.3687 0.4173 0.4271 0.4151 0.3802 0.2992 0.1932 0.1925 0.2402 0.3049 0.3768 0.4200 0.4267 0.4123 0.3737 0.2844 0.1880 0.1973 0.2471 0.3135 0.3844 0.4222 0.4260 0.4093 0.3666 0.2695 0.1845 0.2022 0.2538 0.3216 0.3905 0.4235 0.4254 0.4035 0.3732 0.4035 0.4254 0.4235 0.3905 0.3215 0.2537 0.2022 0.1845 0.2695 0.3666 0.4093 0.4260 0.4222 0.3843 0.3135 0.2470 0.1973 0.1880 0.2844 0.3737 0.4123 0.4267 0.4200 0.3767 0.3048 0.2401 0.1925 0.1932 0.2992 0.3802 0.4151 0.4271 0.4173 0.3687 0.2963 0.2335 0.1879 0.2004 0.3134 0.3861 0.4175 0.4272 0.4140 0.3603 0.2880 0.2271 0.1844 0.2097 0.3261 0.4107
0.3611 0.2108 0.1841 0.2266 0.2872 0.3595 0.4137 0.4272 0.4178 0.3866 0.3147 0.2012 0.1875 0.2329 0.2956 0.3679 0.4170 0.4272 0.4153 0.3808 0.3006 0.1938 0.1921 0.2395 0.3041 0.3760 0.4198 0.4268 0.4126 0.3744 0.2859 0.1885 0.1969 0.2464 0.3127 0.3837 0.4220 0.4261 0.4096 0.3673 0.2708 0.1847 0.2018 0.2534 0.3212 0.3904 0.4236 0.4253 0.4069 0.3558 0.2955 0.3560 0.4070 0.4254 0.4235 0.3903 0.3210 0.2533 0.2018 0.1847 0.2708 0.3675 0.4097 0.4262 0.4219 0.3835 0.3126 0.2463 0.1968 0.1884 0.2859 0.3745 0.4127 0.4268 0.4197 0.3759 0.3040 0.2395 0.1920 0.1938 0.3006 0.3809 0.4154 0.4272 0.4170 0.3678 0.2955 0.2329 0.1875 0.2012 0.3147 0.3867 0.4178 0.4272 0.4136 0.3594 0.2871 0.2265 0.1841 0.2108 0.3612
0.2709 0.1839 0.2260 0.2865 0.3587 0.4133 0.4272 0.4180 0.3871 0.3160 0.2020 0.1872 0.2323 0.2948 0.3671 0.4167 0.4272 0.4156 0.3814 0.3020 0.1944 0.1916 0.2389 0.3032 0.3753 0.4195 0.4268 0.4129 0.3750 0.2873 0.1889 0.1964 0.2457 0.3119 0.3830 0.4218 0.4262 0.4099 0.3680 0.2723 0.1850 0.2014 0.2528 0.3206 0.3900 0.4235 0.4253 0.4070 0.3614 0.2583 0.1889 0.2579 0.3614 0.4070 0.4253 0.4236 0.3913 0.3230 0.2551 0.2031 0.1859 0.2716 0.3679 0.4099 0.4262 0.4219 0.3845 0.3144 0.2480 0.1981 0.1896 0.2866 0.3749 0.4129 0.4269 0.4197 0.3770 0.3058 0.2411 0.1933 0.1950 0.3013 0.3813 0.4156 0.4272 0.4170 0.3691 0.2973 0.2344 0.1887 0.2023 0.3153 0.3871 0.4180 0.4273 0.4137 0.3608 0.2890 0.2281 0.1854 0.2705
0.2476 0.2254 0.2857 0.3579 0.4130 0.4272 0.4182 0.3877 0.3172 0.2028 0.1868 0.2317 0.2939 0.3664 0.4164 0.4272 0.4158 0.3819 0.3033 0.1951 0.1912 0.2382 0.3024 0.3745 0.4193 0.4269 0.4131 0.3756 0.2887 0.1893 0.1959 0.2451 0.3110 0.3822 0.4216 0.4263 0.4102 0.3687 0.2737 0.1853 0.2009 0.2521 0.3198 0.3895 0.4234 0.4254 0.4070 0.3618 0.2598 0.1847 0.1862 0.1797 0.2577 0.3561 0.4036 0.4242 0.4248 0.3929 0.3229 0.2543 0.2022 0.1852 0.2713 0.3629 0.4069 0.4254 0.4233 0.3858 0.3141 0.2471 0.1971 0.1889 0.2856 0.3701 0.4102 0.4263 0.4213 0.3781 0.3053 0.2401 0.1923 0.1944 0.2991 0.3767 0.4131 0.4269 0.4187 0.3699 0.2967 0.2335 0.1878 0.2018 0.3119 0.3827 0.4158 0.4272 0.4155 0.3615 0.2885 0.2274 0.2484
0.2722 0.2849 0.3571 0.4126 0.4272 0.4184 0.3882 0.3185 0.2037 0.1864 0.2311 0.2931 0.3656 0.4161 0.4272 0.4161 0.3825 0.3047 0.1957 0.1907 0.2376 0.3016 0.3737 0.4191 0.4269 0.4134 0.3763 0.2901 0.1898 0.1955 0.2444 0.3102 0.3815 0.4214 0.4263 0.4105 0.3694 0.2752 0.1856 0.2004 0.2515 0.3189 0.3888 0.4233 0.4255 0.4072 0.3620 0.2608 0.1856 0.2079 0.2081 0.1814 0.1909 0.2949 0.3732 0.4112 0.4259 0.4161 0.3604 0.2863 0.2251 0.1820 0.1966 0.3071 0.3791 0.4139 0.4264 0.4121 0.3515 0.2781 0.2190 0.1787 0.2075 0.3186 0.3849 0.4164 0.4265 0.4073 0.3425 0.2700 0.2131 0.1762 0.2201 0.3291 0.3902 0.4186 0.4262 0.4016 0.3334 0.2623 0.2075 0.1744 0.2338 0.3388 0.3950 0.4205 0.4255 0.3953 0.3248 0.2553 0.2586
0.3132 0.3563 0.4121 0.4272 0.4186 0.3887 0.3197 0.2046 0.1860 0.2304 0.2923 0.3647 0.4158 0.4272 0.4163 0.3831 0.3061 0.1964 0.1903 0.2369 0.3007 0.3729 0.4188 0.4270 0.4137 0.3769 0.2916 0.1903 0.1949 0.2437 0.3093 0.3807 0.4212 0.4264 0.4108 0.3701 0.2766 0.1859 0.1999 0.2507 0.3180 0.3881 0.4231 0.4256 0.4075 0.3626 0.2617 0.1836 0.2085 0.2446 0.2387 0.2700 0.2736 0.3529 0.4035 0.4242 0.4248 0.3929 0.3229 0.2543 0.2022 0.1852 0.2713 0.3629 0.4069 0.4254 0.4233 0.3858 0.3141 0.2471 0.1971 0.1889 0.2856 0.3701 0.4102 0.4263 0.4213 0.3781 0.3053 0.2401 0.1923 0.1944 0.2991 0.3767 0.4131 0.4269 0.4187 0.3699 0.2967 0.2335 0.1878 0.2018 0.3119 0.3827 0.4158 0.4272 0.4155 0.3615 0.2885 0.2274 0.2484
0.3644 0.4127 0.4270 0.4189 0.3893 0.3209 0.2055 0.1857 0.2298 0.2914 0.3638 0.4154 0.4273 0.4166 0.3838 0.3075 0.1971 0.1898 0.2363 0.2999 0.3721 0.4185 0.4270 0.4140 0.3777 0.2930 0.1908 0.1945 0.2430 0.3084 0.3799 0.4209 0.4265 0.4112 0.3709 0.2781 0.1863 0.1994 0.2500 0.3171 0.3873 0.4229 0.4257 0.4080 0.3635 0.2629 0.1833 0.2048 0.2590 0.3156 0.3558 0.4444 0.3687 0.4039 0.4255 0.4235 0.3913 0.3230 0.2551 0.2031 0.1859 0.2716 0.3679 0.4099 0.4262 0.4219 0.3845 0.3144 0.2480 0.1981 0.1896 0.2866 0.3749 0.4129 0.4269 0.4197 0.3770 0.3058 0.2411 0.1933 0.1950 0.3013 0.3813 0.4156 0.4272 0.4170 0.3691 0.2973 0.2344 0.1887 0.2023 0.3153 0.3871 0.4180 0.4273 0.4137 0.3608 0.2890 0.2281 0.1854 0.2705
0.4077 0.4292 0.4190 0.3896 0.3215 0.2066 0.1869 0.2313 0.2933 0.3652 0.4155 0.4273 0.4168 0.3841 0.3081 0.1982 0.1910 0.2379 0.3017 0.3733 0.4185 0.4271 0.4142 0.3780 0.2937 0.1920 0.1957 0.2447 0.3102 0.3810 0.4209 0.4266 0.4113 0.3713 0.2788 0.1875 0.2007 0.2517 0.3189 0.3882 0.4228 0.4258 0.4082 0.3639 0.2638 0.1846 0.2059 0.2594 0.3284 0.3892 0.4162 0.4121 0.3988 0.4254 0.4234 0.3901 0.3210 0.2534 0.2018 0.1847 0.2708 0.3675 0.4097 0.4262 0.4219 0.3835 0.3126 0.2463 0.1968 0.1884 0.2859 0.3745 0.4127 0.4268 0.4197 0.3759 0.3040 0.2395 0.1920 0.1938 0.3006 0.3809 0.4154 0.4272 0.4170 0.3678 0.2955 0.2329 0.1875 0.2012 0.3147 0.3867 0.4178 0.4272 0.4136 0.3594 0.2871 0.2265 0.1841 0.2108 0.3612
0.4263 0.4179 0.3853 0.3173 0.2060 0.1860 0.2303 0.2926 0.3659 0.4173 0.4271 0.4144 0.3796 0.3053 0.1976 0.1901 0.2369 0.3012 0.3742 0.4201 0.4266 0.4116 0.3733 0.2921 0.1913 0.1948 0.2437 0.3098 0.3821 0.4224 0.4258 0.4085 0.3664 0.2782 0.1868 0.1997 0.2508 0.3186 0.3895 0.4242 0.4248 0.4051 0.3588 0.2636 0.1837 0.2048 0.2580 0.3275 0.3964 0.4254 0.4251 0.4031 0.4246 0.4233 0.3900 0.3214 0.2538 0.2022 0.1844 0.2695 0.3666 0.4093 0.4260 0.4222 0.3843 0.3135 0.2470 0.1973 0.1880 0.2844 0.3737 0.4123 0.4267 0.4200 0.3767 0.3048 0.2401 0.1925 0.1932 0.2992 0.3802 0.4151 0.4271 0.4173 0.3687 0.2963 0.2335 0.1879 0.2004 0.3134 0.3861 0.4175 0.4272 0.4140 0.3603 0.2880 0.2271 0.1844 0.2097 0.3261 0.4107
0.4268 0.3966 0.3428 0.2405 0.1741 0.2048 0.2585 0.3289 0.3985 0.4259 0.4196 0.3927 0.3340 0.2268 0.1752 0.2103 0.2661 0.3380 0.4046 0.4264 0.4175 0.3876 0.3239 0.2136 0.1774 0.2160 0.2740 0.3470 0.4098 0.4265 0.4152 0.3821 0.3129 0.2017 0.1803 0.2220 0.2822 0.3560 0.4142 0.4262 0.4126 0.3762 0.3015 0.1925 0.1836 0.2276 0.2893 0.3633 0.4173 0.4254 0.4118 0.4232 0.4234 0.3896 0.3213 0.2541 0.2025 0.1843 0.2684 0.3660 0.4090 0.4260 0.4224 0.3851 0.3144 0.2478 0.1978 0.1876 0.2830 0.3731 0.4120 0.4267 0.4202 0.3775 0.3057 0.2408 0.1930 0.1927 0.2978 0.3796 0.4148 0.4271 0.4176 0.3695 0.2972 0.2342 0.1884 0.1996 0.3121 0.3855 0.4173 0.4273 0.4144 0.3612 0.2888 0.2278 0.1847 0.2087 0.3249 0.3910 0.4278
