0.0832 -0.0481 -0.1858 -0.2120 -0.2109 -0.1533 -0.0705 -0.0291 0.0085 0.0544 0.1363 -0.0491 -0.1859 -0.2121 -0.2108 -0.1528 -0.0702 -0.0289 0.0087 0.0547 0.1360 -0.0500 -0.1861 -0.2122 -0.2106 -0.1523 -0.0699 -0.0287 0.0089 0.0550 0.1358 -0.0510 -0.1862 -0.2123 -0.2105 -0.1519 -0.0696 -0.0285 0.0091 0.0553 0.1356 -0.0520 -0.1864 -0.2123 -0.2104 -0.1514 -0.0694 -0.0286 0.0097 0.0567 0.1018 0.0567 0.0097 -0.0286 -0.0694 -0.1514 -0.2104 -0.2123 -0.1864 -0.0520 0.1356 0.0553 0.0091 -0.0285 -0.0696 -0.1519 -0.2105 -0.2123 -0.1862 -0.0510 0.1358 0.0550 0.0089 -0.0287 -0.0699 -0.1523 -0.2106 -0.2122 -0.1861 -0.0500 0.1360 0.0547 0.0087 -0.0289 -0.0702 -0.1528 -0.2108 -0.2121 -0.1859 -0.0491 0.1363 0.0544 0.0085 -0.0291 -0.0705 -0.1533 -0.2109 -0.2120 -0.1858 -0.0481 0.0832
-0.0481 -0.3240 -0.3358 -0.3108 -0.2048 -0.0625 -0.0062 0.0280 0.0721 0.1695 -0.0730 -0.3240 -0.3359 -0.3104 -0.2038 -0.0620 -0.0060 0.0282 0.0724 0.1694 -0.0745 -0.3241 -0.3358 -0.3101 -0.2029 -0.0616 -0.0058 0.0283 0.0727 0.1692 -0.0758 -0.3242 -0.3358 -0.3098 -0.2022 -0.0612 -0.0055 0.0285 0.0730 0.1691 -0.0772 -0.3243 -0.3358 -0.3095 -0.2013 -0.0608 -0.0053 0.0286 0.0740 0.1555 0.0426 0.1555 0.0740 0.0286 -0.0053 -0.0608 -0.2013 -0.3095 -0.3358 -0.3243 -0.0772 0.1691 0.0730 0.0285 -0.0055 -0.0612 -0.2022 -0.3098 -0.3358 -0.3242 -0.0758 0.1692 0.0727 0.0283 -0.0058 -0.0616 -0.2029 -0.3101 -0.3358 -0.3241 -0.0745 0.1694 0.0724 0.0282 -0.0060 -0.0620 -0.2038 -0.3104 -0.3359 -0.3240 -0.0730 0.1695 0.0721 0.0280 -0.0062 -0.0625 -0.2048 -0.3108 -0.3358 -0.3240 -0.0481
-0.1858 -0.3358 -0.3102 -0.2011 -0.0598 -0.0081 0.0243 0.0728 0.1692 -0.0763 -0.3244 -0.3360 -0.3094 -0.1994 -0.0592 -0.0078 0.0245 0.0732 0.1690 -0.0778 -0.3245 -0.3360 -0.3091 -0.1985 -0.0588 -0.0076 0.0246 0.0735 0.1689 -0.0791 -0.3246 -0.3360 -0.3088 -0.1978 -0.0584 -0.0074 0.0248 0.0738 0.1687 -0.0805 -0.3247 -0.3359 -0.3085 -0.1969 -0.0580 -0.0072 0.0250 0.0742 0.1674 -0.0877 -0.2883 -0.0877 0.1674 0.0742 0.0250 -0.0072 -0.0580 -0.1969 -0.3085 -0.3359 -0.3247 -0.0805 0.1687 0.0738 0.0248 -0.0074 -0.0584 -0.1978 -0.3088 -0.3360 -0.3246 -0.0791 0.1689 0.0735 0.0246 -0.0076 -0.0588 -0.1985 -0.3091 -0.3360 -0.3245 -0.0778 0.1690 0.0732 0.0245 -0.0078 -0.0592 -0.1994 -0.3094 -0.3360 -0.3244 -0.0763 0.1692 0.0728 0.0243 -0.0081 -0.0598 -0.2011 -0.3102 -0.3358 -0.1858
-0.2120 -0.3108 -0.2011 -0.0596 -0.0075 0.0248 0.0734 0.1689 -0.0793 -0.3246 -0.3360 -0.3088 -0.1977 -0.0584 -0.0070 0.0251 0.0739 0.1686 -0.0809 -0.3248 -0.3360 -0.3085 -0.1969 -0.0580 -0.0069 0.0253 0.0743 0.1684 -0.0823 -0.3249 -0.3359 -0.3082 -0.1961 -0.0576 -0.0067 0.0254 0.0746 0.1683 -0.0836 -0.3250 -0.3359 -0.3079 -0.1953 -0.0573 -0.0065 0.0256 0.0749 0.1681 -0.0876 -0.3267 -0.3370 -0.3267 -0.0876 0.1681 0.0749 0.0256 -0.0065 -0.0573 -0.1953 -0.3079 -0.3359 -0.3250 -0.0836 0.1683 0.0746 0.0254 -0.0067 -0.0576 -0.1961 -0.3082 -0.3359 -0.3249 -0.0823 0.1684 0.0743 0.0253 -0.0069 -0.0580 -0.1969 -0.3085 -0.3360 -0.3248 -0.0809 0.1686 0.0739 0.0251 -0.0070 -0.0584 -0.1977 -0.3088 -0.3360 -0.3246 -0.0793 0.1689 0.0734 0.0248 -0.0075 -0.0596 -0.2011 -0.3108 -0.2120
-0.2109 -0.2048 -0.0598 -0.0075 0.0249 0.0739 0.1685 -0.0820 -0.3249 -0.3359 -0.3081 -0.1958 -0.0575 -0.0066 0.0255 0.0747 0.1682 -0.0841 -0.3250 -0.3359 -0.3078 -0.1950 -0.0571 -0.0065 0.0256 0.0750 0.1680 -0.0854 -0.3251 -0.3359 -0.3075 -0.1942 -0.0567 -0.0063 0.0258 0.0754 0.1678 -0.0868 -0.3252 -0.3359 -0.3072 -0.1934 -0.0564 -0.0061 0.0260 0.0757 0.1676 -0.0881 -0.3256 -0.3374 -0.3333 -0.3374 -0.3256 -0.0881 0.1676 0.0757 0.0260 -0.0061 -0.0564 -0.1934 -0.3072 -0.3359 -0.3252 -0.0868 0.1678 0.0754 0.0258 -0.0063 -0.0567 -0.1942 -0.3075 -0.3359 -0.3251 -0.0854 0.1680 0.0750 0.0256 -0.0065 -0.0571 -0.1950 -0.3078 -0.3359 -0.3250 -0.0841 0.1682 0.0747 0.0255 -0.0066 -0.0575 -0.1958 -0.3081 -0.3359 -0.3249 -0.0820 0.1685 0.0739 0.0249 -0.0075 -0.0598 -0.2048 -0.2109
-0.1533 -0.0625 -0.0081 0.0248 0.0739 0.1684 -0.0838 -0.3251 -0.3359 -0.3075 -0.1941 -0.0566 -0.0062 0.0259 0.0755 0.1677 -0.0872 -0.3253 -0.3359 -0.3071 -0.1931 -0.0562 -0.0060 0.0260 0.0758 0.1675 -0.0886 -0.3254 -0.3359 -0.3067 -0.1923 -0.0559 -0.0058 0.0262 0.0762 0.1672 -0.0899 -0.3255 -0.3358 -0.3064 -0.1915 -0.0555 -0.0056 0.0264 0.0765 0.1670 -0.0912 -0.3255 -0.3346 -0.3065 -0.2643 -0.3065 -0.3346 -0.3255 -0.0912 0.1670 0.0765 0.0264 -0.0056 -0.0555 -0.1915 -0.3064 -0.3358 -0.3255 -0.0899 0.1672 0.0762 0.0262 -0.0058 -0.0559 -0.1923 -0.3067 -0.3359 -0.3254 -0.0886 0.1675 0.0758 0.0260 -0.0060 -0.0562 -0.1931 -0.3071 -0.3359 -0.3253 -0.0872 0.1677 0.0755 0.0259 -0.0062 -0.0566 -0.1941 -0.3075 -0.3359 -0.3251 -0.0838 0.1684 0.0739 0.0248 -0.0081 -0.0625 -0.1533
-0.0705 -0.0062 0.0243 0.0734 0.1685 -0.0838 -0.3252 -0.3359 -0.3070 -0.1926 -0.0559 -0.0058 0.0262 0.0763 0.1671 -0.0903 -0.3255 -0.3358 -0.3063 -0.1912 -0.0554 -0.0056 0.0264 0.0766 0.1669 -0.0917 -0.3256 -0.3358 -0.3060 -0.1904 -0.0550 -0.0054 0.0266 0.0770 0.1666 -0.0930 -0.3257 -0.3358 -0.3057 -0.1895 -0.0547 -0.0052 0.0268 0.0773 0.1663 -0.0943 -0.3258 -0.3357 -0.3013 -0.1836 -0.0975 -0.1836 -0.3013 -0.3357 -0.3258 -0.0943 0.1663 0.0773 0.0268 -0.0052 -0.0547 -0.1895 -0.3057 -0.3358 -0.3257 -0.0930 0.1666 0.0770 0.0266 -0.0054 -0.0550 -0.1904 -0.3060 -0.3358 -0.3256 -0.0917 0.1669 0.0766 0.0264 -0.0056 -0.0554 -0.1912 -0.3063 -0.3358 -0.3255 -0.0903 0.1671 0.0763 0.0262 -0.0058 -0.0559 -0.1926 -0.3070 -0.3359 -0.3252 -0.0838 0.1685 0.0734 0.0243 -0.0062 -0.0705
-0.0291 0.0280 0.0728 0.1689 -0.0820 -0.3251 -0.3359 -0.3068 -0.1916 -0.0553 -0.0054 0.0266 0.0770 0.1665 -0.0934 -0.3258 -0.3358 -0.3056 -0.1893 -0.0545 -0.0051 0.0268 0.0774 0.1662 -0.0947 -0.3259 -0.3358 -0.3053 -0.1884 -0.0542 -0.0050 0.0270 0.0778 0.1659 -0.0961 -0.3260 -0.3357 -0.3049 -0.1876 -0.0538 -0.0048 0.0272 0.0781 0.1656 -0.0974 -0.3261 -0.3357 -0.3046 -0.1800 -0.0475 -0.0116 -0.0475 -0.1800 -0.3046 -0.3357 -0.3261 -0.0974 0.1656 0.0781 0.0272 -0.0048 -0.0538 -0.1876 -0.3049 -0.3357 -0.3260 -0.0961 0.1659 0.0778 0.0270 -0.0050 -0.0542 -0.1884 -0.3053 -0.3358 -0.3259 -0.0947 0.1662 0.0774 0.0268 -0.0051 -0.0545 -0.1893 -0.3056 -0.3358 -0.3258 -0.0934 0.1665 0.0770 0.0266 -0.0054 -0.0553 -0.1916 -0.3068 -0.3359 -0.3251 -0.0820 0.1689 0.0728 0.0280 -0.0291
0.0085 0.0721 0.1692 -0.0793 -0.3249 -0.3359 -0.3070 -0.1916 -0.0551 -0.0052 0.0269 0.0776 0.1659 -0.0963 -0.3260 -0.3357 -0.3048 -0.1873 -0.0537 -0.0047 0.0272 0.0782 0.1655 -0.0978 -0.3261 -0.3357 -0.3045 -0.1865 -0.0534 -0.0045 0.0274 0.0786 0.1652 -0.0991 -0.3262 -0.3357 -0.3042 -0.1857 -0.0530 -0.0043 0.0276 0.0789 0.1649 -0.1004 -0.3263 -0.3357 -0.3040 -0.1850 -0.0523 0.0003 0.0208 0.0003 -0.0523 -0.1850 -0.3040 -0.3357 -0.3263 -0.1004 0.1649 0.0789 0.0276 -0.0043 -0.0530 -0.1857 -0.3042 -0.3357 -0.3262 -0.0991 0.1652 0.0786 0.0274 -0.0045 -0.0534 -0.1865 -0.3045 -0.3357 -0.3261 -0.0978 0.1655 0.0782 0.0272 -0.0047 -0.0537 -0.1873 -0.3048 -0.3357 -0.3260 -0.0963 0.1659 0.0776 0.0269 -0.0052 -0.0551 -0.1916 -0.3070 -0.3359 -0.3249 -0.0793 0.1692 0.0721 0.0085
0.0544 0.1695 -0.0763 -0.3246 -0.3359 -0.3075 -0.1926 -0.0553 -0.0052 0.0270 0.0780 0.1655 -0.0987 -0.3262 -0.3357 -0.3041 -0.1854 -0.0529 -0.0043 0.0277 0.0790 0.1648 -0.1009 -0.3263 -0.3357 -0.3037 -0.1845 -0.0525 -0.0041 0.0278 0.0794 0.1645 -0.1022 -0.3264 -0.3356 -0.3034 -0.1837 -0.0522 -0.0039 0.0280 0.0798 0.1641 -0.1035 -0.3266 -0.3356 -0.3031 -0.1830 -0.0521 -0.0037 0.0317 0.0634 0.0317 -0.0037 -0.0521 -0.1830 -0.3031 -0.3356 -0.3266 -0.1035 0.1641 0.0798 0.0280 -0.0039 -0.0522 -0.1837 -0.3034 -0.3356 -0.3264 -0.1022 0.1645 0.0794 0.0278 -0.0041 -0.0525 -0.1845 -0.3037 -0.3357 -0.3263 -0.1009 0.1648 0.0790 0.0277 -0.0043 -0.0529 -0.1854 -0.3041 -0.3357 -0.3262 -0.0987 0.1655 0.0780 0.0270 -0.0052 -0.0553 -0.1926 -0.3075 -0.3359 -0.3246 -0.0763 0.1695 0.0544
0.1363 -0.0730 -0.3244 -0.3360 -0.3081 -0.1941 -0.0559 -0.0054 0.0269 0.0780 0.1653 -0.1002 -0.3264 -0.3356 -0.3034 -0.1836 -0.0521 -0.0038 0.0281 0.0799 0.1640 -0.1039 -0.3266 -0.3356 -0.3030 -0.1826 -0.0518 -0.0037 0.0283 0.0802 0.1636 -0.1052 -0.3267 -0.3356 -0.3026 -0.1818 -0.0514 -0.0035 0.0284 0.0806 0.1632 -0.1065 -0.3268 -0.3355 -0.3023 -0.1809 -0.0511 -0.0034 0.0287 0.0814 0.1383 0.0814 0.0287 -0.0034 -0.0511 -0.1809 -0.3023 -0.3355 -0.3268 -0.1065 0.1632 0.0806 0.0284 -0.0035 -0.0514 -0.1818 -0.3026 -0.3356 -0.3267 -0.1052 0.1636 0.0802 0.0283 -0.0037 -0.0518 -0.1826 -0.3030 -0.3356 -0.3266 -0.1039 0.1640 0.0799 0.0281 -0.0038 -0.0521 -0.1836 -0.3034 -0.3356 -0.3264 -0.1002 0.1653 0.0780 0.0269 -0.0054 -0.0559 -0.1941 -0.3081 -0.3360 -0.3244 -0.0730 0.1363
-0.0491 -0.3240 -0.3360 -0.3088 -0.1958 -0.0566 -0.0058 0.0266 0.0776 0.1655 -0.1002 -0.3264 -0.3356 -0.3029 -0.1820 -0.0514 -0.0035 0.0285 0.0807 0.1631 -0.1069 -0.3268 -0.3355 -0.3022 -0.1806 -0.0510 -0.0032 0.0287 0.0811 0.1627 -0.1082 -0.3269 -0.3355 -0.3018 -0.1798 -0.0507 -0.0031 0.0289 0.0814 0.1623 -0.1095 -0.3270 -0.3354 -0.3015 -0.1790 -0.0503 -0.0029 0.0290 0.0824 0.1587 0.0044 0.1587 0.0824 0.0290 -0.0029 -0.0503 -0.1790 -0.3015 -0.3354 -0.3270 -0.1095 0.1623 0.0814 0.0289 -0.0031 -0.0507 -0.1798 -0.3018 -0.3355 -0.3269 -0.1082 0.1627 0.0811 0.0287 -0.0032 -0.0510 -0.1806 -0.3022 -0.3355 -0.3268 -0.1069 0.1631 0.0807 0.0285 -0.0035 -0.0514 -0.1820 -0.3029 -0.3356 -0.3264 -0.1002 0.1655 0.0776 0.0266 -0.0058 -0.0566 -0.1958 -0.3088 -0.3360 -0.3240 -0.0491
-0.1859 -0.3359 -0.3094 -0.1977 -0.0575 -0.0062 0.0262 0.0770 0.1659 -0.0987 -0.3264 -0.3356 -0.3027 -0.1811 -0.0509 -0.0031 0.0289 0.0815 0.1622 -0.1100 -0.3271 -0.3354 -0.3014 -0.1787 -0.0502 -0.0028 0.0291 0.0819 0.1617 -0.1113 -0.3271 -0.3354 -0.3010 -0.1778 -0.0499 -0.0026 0.0293 0.0823 0.1613 -0.1125 -0.3272 -0.3354 -0.3007 -0.1770 -0.0496 -0.0025 0.0295 0.0828 0.1591 -0.1187 -0.3156 -0.1187 0.1591 0.0828 0.0295 -0.0025 -0.0496 -0.1770 -0.3007 -0.3354 -0.3272 -0.1125 0.1613 0.0823 0.0293 -0.0026 -0.0499 -0.1778 -0.3010 -0.3354 -0.3271 -0.1113 0.1617 0.0819 0.0291 -0.0028 -0.0502 -0.1787 -0.3014 -0.3354 -0.3271 -0.1100 0.1622 0.0815 0.0289 -0.0031 -0.0509 -0.1811 -0.3027 -0.3356 -0.3264 -0.0987 0.1659 0.0770 0.0262 -0.0062 -0.0575 -0.1977 -0.3094 -0.3359 -0.1859
-0.2121 -0.3104 -0.1994 -0.0584 -0.0066 0.0259 0.0763 0.1665 -0.0963 -0.3262 -0.3356 -0.3029 -0.1811 -0.0507 -0.0029 0.0291 0.0822 0.1613 -0.1128 -0.3273 -0.3353 -0.3005 -0.1767 -0.0495 -0.0024 0.0296 0.0828 0.1607 -0.1143 -0.3274 -0.3353 -0.3002 -0.1759 -0.0492 -0.0022 0.0298 0.0832 0.1602 -0.1156 -0.3275 -0.3353 -0.2998 -0.1750 -0.0489 -0.0021 0.0299 0.0836 0.1598 -0.1192 -0.3292 -0.3384 -0.3292 -0.1192 0.1598 0.0836 0.0299 -0.0021 -0.0489 -0.1750 -0.2998 -0.3353 -0.3275 -0.1156 0.1602 0.0832 0.0298 -0.0022 -0.0492 -0.1759 -0.3002 -0.3353 -0.3274 -0.1143 0.1607 0.0828 0.0296 -0.0024 -0.0495 -0.1767 -0.3005 -0.3353 -0.3273 -0.1128 0.1613 0.0822 0.0291 -0.0029 -0.0507 -0.1811 -0.3029 -0.3356 -0.3262 -0.0963 0.1665 0.0763 0.0259 -0.0066 -0.0584 -0.1994 -0.3104 -0.2121
-0.2108 -0.2038 -0.0592 -0.0070 0.0255 0.0755 0.1671 -0.0934 -0.3260 -0.3357 -0.3034 -0.1820 -0.0509 -0.0029 0.0293 0.0826 0.1606 -0.1151 -0.3275 -0.3353 -0.2997 -0.1747 -0.0487 -0.0020 0.0300 0.0837 0.1596 -0.1173 -0.3276 -0.3352 -0.2993 -0.1739 -0.0484 -0.0018 0.0302 0.0841 0.1591 -0.1186 -0.3277 -0.3352 -0.2990 -0.1730 -0.0481 -0.0016 0.0304 0.0844 0.1586 -0.1198 -0.3280 -0.3367 -0.3296 -0.3367 -0.3280 -0.1198 0.1586 0.0844 0.0304 -0.0016 -0.0481 -0.1730 -0.2990 -0.3352 -0.3277 -0.1186 0.1591 0.0841 0.0302 -0.0018 -0.0484 -0.1739 -0.2993 -0.3352 -0.3276 -0.1173 0.1596 0.0837 0.0300 -0.0020 -0.0487 -0.1747 -0.2997 -0.3353 -0.3275 -0.1151 0.1606 0.0826 0.0293 -0.0029 -0.0509 -0.1820 -0.3034 -0.3357 -0.3260 -0.0934 0.1671 0.0755 0.0255 -0.0070 -0.0592 -0.2038 -0.2108
-0.1528 -0.0620 -0.0078 0.0251 0.0747 0.1677 -0.0903 -0.3258 -0.3357 -0.3041 -0.1836 -0.0514 -0.0031 0.0291 0.0826 0.1603 -0.1166 -0.3276 -0.3352 -0.2990 -0.1729 -0.0480 -0.0016 0.0305 0.0846 0.1584 -0.1203 -0.3278 -0.3351 -0.2985 -0.1719 -0.0477 -0.0014 0.0307 0.0850 0.1579 -0.1216 -0.3279 -0.3351 -0.2981 -0.1711 -0.0474 -0.0012 0.0309 0.0854 0.1574 -0.1228 -0.3280 -0.3336 -0.2978 -0.2484 -0.2978 -0.3336 -0.3280 -0.1228 0.1574 0.0854 0.0309 -0.0012 -0.0474 -0.1711 -0.2981 -0.3351 -0.3279 -0.1216 0.1579 0.0850 0.0307 -0.0014 -0.0477 -0.1719 -0.2985 -0.3351 -0.3278 -0.1203 0.1584 0.0846 0.0305 -0.0016 -0.0480 -0.1729 -0.2990 -0.3352 -0.3276 -0.1166 0.1603 0.0826 0.0291 -0.0031 -0.0514 -0.1836 -0.3041 -0.3357 -0.3258 -0.0903 0.1677 0.0747 0.0251 -0.0078 -0.0620 -0.1528
-0.0702 -0.0060 0.0245 0.0739 0.1682 -0.0872 -0.3255 -0.3358 -0.3048 -0.1854 -0.0521 -0.0035 0.0289 0.0822 0.1606 -0.1166 -0.3277 -0.3351 -0.2984 -0.1714 -0.0474 -0.0012 0.0309 0.0855 0.1572 -0.1233 -0.3281 -0.3350 -0.2976 -0.1699 -0.0470 -0.0010 0.0311 0.0859 0.1566 -0.1246 -0.3281 -0.3350 -0.2973 -0.1691 -0.0467 -0.0008 0.0313 0.0863 0.1560 -0.1258 -0.3282 -0.3349 -0.2923 -0.1623 -0.0808 -0.1623 -0.2923 -0.3349 -0.3282 -0.1258 0.1560 0.0863 0.0313 -0.0008 -0.0467 -0.1691 -0.2973 -0.3350 -0.3281 -0.1246 0.1566 0.0859 0.0311 -0.0010 -0.0470 -0.1699 -0.2976 -0.3350 -0.3281 -0.1233 0.1572 0.0855 0.0309 -0.0012 -0.0474 -0.1714 -0.2984 -0.3351 -0.3277 -0.1166 0.1606 0.0822 0.0289 -0.0035 -0.0521 -0.1854 -0.3048 -0.3358 -0.3255 -0.0872 0.1682 0.0739 0.0245 -0.0060 -0.0702
-0.0289 0.0282 0.0732 0.1686 -0.0841 -0.3253 -0.3358 -0.3056 -0.1873 -0.0529 -0.0038 0.0285 0.0815 0.1613 -0.1151 -0.3276 -0.3351 -0.2982 -0.1704 -0.0470 -0.0009 0.0313 0.0863 0.1558 -0.1263 -0.3283 -0.3349 -0.2968 -0.1680 -0.0464 -0.0006 0.0316 0.0868 0.1553 -0.1276 -0.3284 -0.3349 -0.2964 -0.1671 -0.0461 -0.0004 0.0318 0.0872 0.1546 -0.1288 -0.3285 -0.3349 -0.2960 -0.1598 -0.0396 -0.0065 -0.0396 -0.1598 -0.2960 -0.3349 -0.3285 -0.1288 0.1546 0.0872 0.0318 -0.0004 -0.0461 -0.1671 -0.2964 -0.3349 -0.3284 -0.1276 0.1553 0.0868 0.0316 -0.0006 -0.0464 -0.1680 -0.2968 -0.3349 -0.3283 -0.1263 0.1558 0.0863 0.0313 -0.0009 -0.0470 -0.1704 -0.2982 -0.3351 -0.3276 -0.1151 0.1613 0.0815 0.0285 -0.0038 -0.0529 -0.1873 -0.3056 -0.3358 -0.3253 -0.0841 0.1686 0.0732 0.0282 -0.0289
0.0087 0.0724 0.1690 -0.0809 -0.3250 -0.3359 -0.3063 -0.1893 -0.0537 -0.0043 0.0281 0.0807 0.1622 -0.1128 -0.3275 -0.3352 -0.2984 -0.1704 -0.0468 -0.0007 0.0316 0.0871 0.1546 -0.1291 -0.3285 -0.3348 -0.2959 -0.1660 -0.0457 -0.0002 0.0321 0.0877 0.1538 -0.1306 -0.3286 -0.3348 -0.2955 -0.1651 -0.0454 -0.0000 0.0323 0.0881 0.1532 -0.1318 -0.3287 -0.3347 -0.2952 -0.1645 -0.0451 0.0043 0.0250 0.0043 -0.0451 -0.1645 -0.2952 -0.3347 -0.3287 -0.1318 0.1532 0.0881 0.0323 -0.0000 -0.0454 -0.1651 -0.2955 -0.3348 -0.3286 -0.1306 0.1538 0.0877 0.0321 -0.0002 -0.0457 -0.1660 -0.2959 -0.3348 -0.3285 -0.1291 0.1546 0.0871 0.0316 -0.0007 -0.0468 -0.1704 -0.2984 -0.3352 -0.3275 -0.1128 0.1622 0.0807 0.0281 -0.0043 -0.0537 -0.1893 -0.3063 -0.3359 -0.3250 -0.0809 0.1690 0.0724 0.0087
0.0547 0.1694 -0.0778 -0.3248 -0.3359 -0.3071 -0.1912 -0.0545 -0.0047 0.0277 0.0799 0.1631 -0.1100 -0.3273 -0.3353 -0.2990 -0.1714 -0.0470 -0.0007 0.0318 0.0875 0.1537 -0.1314 -0.3287 -0.3347 -0.2950 -0.1640 -0.0450 0.0002 0.0326 0.0887 0.1523 -0.1336 -0.3288 -0.3346 -0.2946 -0.1632 -0.0447 0.0004 0.0328 0.0891 0.1516 -0.1349 -0.3289 -0.3346 -0.2942 -0.1625 -0.0447 0.0006 0.0366 0.0695 0.0366 0.0006 -0.0447 -0.1625 -0.2942 -0.3346 -0.3289 -0.1349 0.1516 0.0891 0.0328 0.0004 -0.0447 -0.1632 -0.2946 -0.3346 -0.3288 -0.1336 0.1523 0.0887 0.0326 0.0002 -0.0450 -0.1640 -0.2950 -0.3347 -0.3287 -0.1314 0.1537 0.0875 0.0318 -0.0007 -0.0470 -0.1714 -0.2990 -0.3353 -0.3273 -0.1100 0.1631 0.0799 0.0277 -0.0047 -0.0545 -0.1912 -0.3071 -0.3359 -0.3248 -0.0778 0.1694 0.0547
0.1360 -0.0745 -0.3245 -0.3360 -0.3078 -0.1931 -0.0554 -0.0051 0.0272 0.0790 0.1640 -0.1069 -0.3271 -0.3353 -0.2997 -0.1729 -0.0474 -0.0009 0.0316 0.0875 0.1533 -0.1329 -0.3288 -0.3346 -0.2942 -0.1622 -0.0444 0.0006 0.0331 0.0897 0.1507 -0.1366 -0.3290 -0.3345 -0.2937 -0.1612 -0.0441 0.0008 0.0333 0.0901 0.1500 -0.1379 -0.3291 -0.3344 -0.2933 -0.1603 -0.0438 0.0008 0.0337 0.0895 0.1430 0.0895 0.0337 0.0008 -0.0438 -0.1603 -0.2933 -0.3344 -0.3291 -0.1379 0.1500 0.0901 0.0333 0.0008 -0.0441 -0.1612 -0.2937 -0.3345 -0.3290 -0.1366 0.1507 0.0897 0.0331 0.0006 -0.0444 -0.1622 -0.2942 -0.3346 -0.3288 -0.1329 0.1533 0.0875 0.0316 -0.0009 -0.0474 -0.1729 -0.2997 -0.3353 -0.3271 -0.1069 0.1640 0.0790 0.0272 -0.0051 -0.0554 -0.1931 -0.3078 -0.3360 -0.3245 -0.0745 0.1360
-0.0500 -0.3241 -0.3360 -0.3085 -0.1950 -0.0562 -0.0056 0.0268 0.0782 0.1648 -0.1039 -0.3268 -0.3354 -0.3005 -0.1747 -0.0480 -0.0012 0.0313 0.0871 0.1537 -0.1329 -0.3289 -0.3345 -0.2936 -0.1606 -0.0438 0.0010 0.0336 0.0907 0.1490 -0.1396 -0.3292 -0.3344 -0.2927 -0.1592 -0.0434 0.0012 0.0338 0.0911 0.1483 -0.1409 -0.3293 -0.3343 -0.2923 -0.1584 -0.0432 0.0014 0.0340 0.0923 0.1442 -0.0392 0.1442 0.0923 0.0340 0.0014 -0.0432 -0.1584 -0.2923 -0.3343 -0.3293 -0.1409 0.1483 0.0911 0.0338 0.0012 -0.0434 -0.1592 -0.2927 -0.3344 -0.3292 -0.1396 0.1490 0.0907 0.0336 0.0010 -0.0438 -0.1606 -0.2936 -0.3345 -0.3289 -0.1329 0.1537 0.0871 0.0313 -0.0012 -0.0480 -0.1747 -0.3005 -0.3354 -0.3268 -0.1039 0.1648 0.0782 0.0268 -0.0056 -0.0562 -0.1950 -0.3085 -0.3360 -0.3241 -0.0500
-0.1861 -0.3358 -0.3091 -0.1969 -0.0571 -0.0060 0.0264 0.0774 0.1655 -0.1009 -0.3266 -0.3355 -0.3014 -0.1767 -0.0487 -0.0016 0.0309 0.0863 0.1546 -0.1314 -0.3288 -0.3345 -0.2933 -0.1596 -0.0434 0.0013 0.0340 0.0916 0.1473 -0.1426 -0.3294 -0.3342 -0.2918 -0.1572 -0.0428 0.0016 0.0343 0.0921 0.1465 -0.1439 -0.3295 -0.3342 -0.2914 -0.1564 -0.0425 0.0017 0.0345 0.0927 0.1431 -0.1502 -0.3213 -0.1502 0.1431 0.0927 0.0345 0.0017 -0.0425 -0.1564 -0.2914 -0.3342 -0.3295 -0.1439 0.1465 0.0921 0.0343 0.0016 -0.0428 -0.1572 -0.2918 -0.3342 -0.3294 -0.1426 0.1473 0.0916 0.0340 0.0013 -0.0434 -0.1596 -0.2933 -0.3345 -0.3288 -0.1314 0.1546 0.0863 0.0309 -0.0016 -0.0487 -0.1767 -0.3014 -0.3355 -0.3266 -0.1009 0.1655 0.0774 0.0264 -0.0060 -0.0571 -0.1969 -0.3091 -0.3358 -0.1861
-0.2122 -0.3101 -0.1985 -0.0580 -0.0065 0.0260 0.0766 0.1662 -0.0978 -0.3263 -0.3356 -0.3022 -0.1787 -0.0495 -0.0020 0.0305 0.0855 0.1558 -0.1291 -0.3287 -0.3346 -0.2936 -0.1596 -0.0432 0.0015 0.0344 0.0924 0.1457 -0.1455 -0.3296 -0.3341 -0.2908 -0.1553 -0.0421 0.0020 0.0348 0.0931 0.1446 -0.1470 -0.3297 -0.3340 -0.2904 -0.1544 -0.0419 0.0021 0.0350 0.0936 0.1438 -0.1505 -0.3314 -0.3394 -0.3314 -0.1505 0.1438 0.0936 0.0350 0.0021 -0.0419 -0.1544 -0.2904 -0.3340 -0.3297 -0.1470 0.1446 0.0931 0.0348 0.0020 -0.0421 -0.1553 -0.2908 -0.3341 -0.3296 -0.1455 0.1457 0.0923 0.0343 0.0015 -0.0431 -0.1596 -0.2936 -0.3346 -0.3287 -0.1291 0.1558 0.0855 0.0305 -0.0020 -0.0495 -0.1787 -0.3022 -0.3356 -0.3263 -0.0978 0.1662 0.0766 0.0260 -0.0065 -0.0580 -0.1985 -0.3101 -0.2122
-0.2106 -0.2029 -0.0588 -0.0069 0.0256 0.0758 0.1669 -0.0947 -0.3261 -0.3357 -0.3030 -0.1806 -0.0502 -0.0024 0.0300 0.0846 0.1572 -0.1263 -0.3285 -0.3347 -0.2942 -0.1606 -0.0434 0.0015 0.0345 0.0929 0.1444 -0.1479 -0.3298 -0.3339 -0.2898 -0.1533 -0.0415 0.0024 0.0353 0.0942 0.1426 -0.1501 -0.3299 -0.3339 -0.2894 -0.1525 -0.0412 0.0025 0.0356 0.0946 0.1418 -0.1513 -0.3300 -0.3353 -0.3250 -0.3353 -0.3300 -0.1513 0.1418 0.0946 0.0356 0.0025 -0.0412 -0.1525 -0.2894 -0.3339 -0.3299 -0.1501 0.1426 0.0942 0.0353 0.0024 -0.0415 -0.1533 -0.2898 -0.3339 -0.3298 -0.1476 0.1446 0.0927 0.0344 0.0015 -0.0434 -0.1606 -0.2942 -0.3347 -0.3285 -0.1263 0.1572 0.0846 0.0300 -0.0024 -0.0502 -0.1806 -0.3030 -0.3357 -0.3261 -0.0947 0.1669 0.0758 0.0256 -0.0069 -0.0588 -0.2029 -0.2106
-0.1523 -0.0616 -0.0076 0.0253 0.0750 0.1675 -0.0917 -0.3259 -0.3357 -0.3037 -0.1826 -0.0510 -0.0028 0.0296 0.0837 0.1584 -0.1233 -0.3283 -0.3348 -0.2950 -0.1622 -0.0438 0.0013 0.0344 0.0928 0.1440 -0.1492 -0.3299 -0.3338 -0.2890 -0.1515 -0.0408 0.0027 0.0359 0.0952 0.1406 -0.1531 -0.3301 -0.3337 -0.2884 -0.1505 -0.0406 0.0029 0.0361 0.0957 0.1396 -0.1544 -0.3301 -0.3319 -0.2875 -0.2305 -0.2875 -0.3319 -0.3301 -0.1544 0.1396 0.0957 0.0361 0.0029 -0.0406 -0.1505 -0.2884 -0.3337 -0.3301 -0.1531 0.1406 0.0952 0.0359 0.0027 -0.0408 -0.1515 -0.2890 -0.3338 -0.3299 -0.1490 0.1442 0.0927 0.0343 0.0013 -0.0438 -0.1622 -0.2950 -0.3348 -0.3283 -0.1233 0.1584 0.0837 0.0296 -0.0028 -0.0510 -0.1826 -0.3037 -0.3357 -0.3259 -0.0917 0.1675 0.0750 0.0253 -0.0076 -0.0616 -0.1523
-0.0699 -0.0058 0.0246 0.0743 0.1680 -0.0886 -0.3256 -0.3358 -0.3045 -0.1845 -0.0518 -0.0032 0.0291 0.0828 0.1596 -0.1203 -0.3281 -0.3349 -0.2959 -0.1640 -0.0444 0.0010 0.0340 0.0924 0.1446 -0.1490 -0.3300 -0.3338 -0.2884 -0.1501 -0.0403 0.0031 0.0364 0.0963 0.1384 -0.1562 -0.3303 -0.3335 -0.2874 -0.1485 -0.0399 0.0033 0.0366 0.0968 0.1375 -0.1576 -0.3304 -0.3334 -0.2819 -0.1412 -0.0665 -0.1412 -0.2819 -0.3334 -0.3304 -0.1576 0.1375 0.0968 0.0366 0.0033 -0.0399 -0.1485 -0.2874 -0.3335 -0.3303 -0.1562 0.1384 0.0963 0.0364 0.0031 -0.0403 -0.1501 -0.2884 -0.3338 -0.3300 -0.1490 0.1446 0.0923 0.0340 0.0010 -0.0444 -0.1640 -0.2959 -0.3349 -0.3281 -0.1203 0.1596 0.0828 0.0291 -0.0032 -0.0518 -0.1845 -0.3045 -0.3358 -0.3256 -0.0886 0.1680 0.0743 0.0246 -0.0058 -0.0699
-0.0287 0.0283 0.0735 0.1684 -0.0854 -0.3254 -0.3358 -0.3053 -0.1865 -0.0525 -0.0037 0.0287 0.0819 0.1607 -0.1173 -0.3278 -0.3350 -0.2968 -0.1660 -0.0450 0.0006 0.0336 0.0916 0.1457 -0.1476 -0.3299 -0.3338 -0.2882 -0.1492 -0.0399 0.0034 0.0368 0.0973 0.1362 -0.1594 -0.3305 -0.3334 -0.2864 -0.1466 -0.0393 0.0037 0.0371 0.0979 0.1352 -0.1607 -0.3306 -0.3333 -0.2860 -0.1398 -0.0327 -0.0020 -0.0327 -0.1398 -0.2860 -0.3333 -0.3306 -0.1607 0.1352 0.0979 0.0371 0.0037 -0.0393 -0.1466 -0.2864 -0.3334 -0.3305 -0.1594 0.1362 0.0973 0.0368 0.0034 -0.0399 -0.1492 -0.2882 -0.3338 -0.3299 -0.1476 0.1457 0.0916 0.0336 0.0006 -0.0450 -0.1660 -0.2968 -0.3350 -0.3278 -0.1173 0.1607 0.0819 0.0287 -0.0037 -0.0525 -0.1865 -0.3053 -0.3358 -0.3254 -0.0854 0.1684 0.0735 0.0283 -0.0287
0.0089 0.0727 0.1689 -0.0823 -0.3251 -0.3359 -0.3060 -0.1884 -0.0534 -0.0041 0.0283 0.0811 0.1617 -0.1143 -0.3276 -0.3351 -0.2976 -0.1680 -0.0457 0.0002 0.0331 0.0907 0.1473 -0.1455 -0.3298 -0.3338 -0.2884 -0.1492 -0.0398 0.0035 0.0371 0.0981 0.1342 -0.1623 -0.3307 -0.3332 -0.2853 -0.1447 -0.0387 0.0041 0.0376 0.0990 0.1328 -0.1639 -0.3308 -0.3331 -0.2850 -0.1441 -0.0383 0.0082 0.0294 0.0082 -0.0383 -0.1441 -0.2850 -0.3331 -0.3308 -0.1639 0.1328 0.0990 0.0376 0.0041 -0.0387 -0.1447 -0.2853 -0.3332 -0.3307 -0.1623 0.1342 0.0981 0.0371 0.0035 -0.0398 -0.1492 -0.2884 -0.3338 -0.3298 -0.1455 0.1473 0.0907 0.0331 0.0002 -0.0457 -0.1680 -0.2976 -0.3351 -0.3276 -0.1143 0.1617 0.0811 0.0283 -0.0041 -0.0534 -0.1884 -0.3060 -0.3359 -0.3251 -0.0823 0.1689 0.0727 0.0089
0.0550 0.1692 -0.0791 -0.3249 -0.3359 -0.3067 -0.1904 -0.0542 -0.0045 0.0278 0.0802 0.1627 -0.1113 -0.3274 -0.3352 -0.2985 -0.1699 -0.0464 -0.0002 0.0326 0.0897 0.1490 -0.1426 -0.3296 -0.3339 -0.2890 -0.1501 -0.0399 0.0035 0.0372 0.0986 0.1328 -0.1645 -0.3308 -0.3330 -0.2843 -0.1427 -0.0380 0.0044 0.0381 0.1002 0.1303 -0.1670 -0.3309 -0.3329 -0.2838 -0.1420 -0.0380 0.0047 0.0419 0.0760 0.0419 0.0047 -0.0380 -0.1420 -0.2838 -0.3329 -0.3309 -0.1670 0.1303 0.1002 0.0381 0.0044 -0.0380 -0.1427 -0.2843 -0.3330 -0.3308 -0.1645 0.1328 0.0986 0.0372 0.0035 -0.0399 -0.1501 -0.2890 -0.3339 -0.3296 -0.1426 0.1490 0.0897 0.0326 -0.0002 -0.0464 -0.1699 -0.2985 -0.3352 -0.3274 -0.1113 0.1627 0.0802 0.0278 -0.0045 -0.0542 -0.1904 -0.3067 -0.3359 -0.3249 -0.0791 0.1692 0.0550
0.1358 -0.0758 -0.3246 -0.3359 -0.3075 -0.1923 -0.0550 -0.0050 0.0274 0.0794 0.1636 -0.1082 -0.3271 -0.3353 -0.2993 -0.1719 -0.0470 -0.0006 0.0321 0.0887 0.1507 -0.1396 -0.3294 -0.3341 -0.2898 -0.1515 -0.0403 0.0034 0.0371 0.0986 0.1323 -0.1659 -0.3309 -0.3329 -0.2834 -0.1409 -0.0374 0.0048 0.0387 0.1014 0.1278 -0.1703 -0.3311 -0.3327 -0.2828 -0.1400 -0.0371 0.0049 0.0391 0.0987 0.1443 0.0987 0.0391 0.0049 -0.0371 -0.1400 -0.2828 -0.3327 -0.3311 -0.1703 0.1278 0.1014 0.0387 0.0048 -0.0374 -0.1409 -0.2834 -0.3329 -0.3309 -0.1659 0.1323 0.0986 0.0371 0.0034 -0.0403 -0.1515 -0.2898 -0.3341 -0.3294 -0.1396 0.1507 0.0887 0.0321 -0.0006 -0.0470 -0.1719 -0.2993 -0.3353 -0.3271 -0.1082 0.1636 0.0794 0.0274 -0.0050 -0.0550 -0.1923 -0.3075 -0.3359 -0.3246 -0.0758 0.1358
-0.0510 -0.3242 -0.3360 -0.3082 -0.1942 -0.0559 -0.0054 0.0270 0.0786 0.1645 -0.1052 -0.3269 -0.3354 -0.3002 -0.1739 -0.0477 -0.0010 0.0316 0.0877 0.1523 -0.1366 -0.3292 -0.3342 -0.2908 -0.1533 -0.0408 0.0031 0.0368 0.0981 0.1328 -0.1659 -0.3310 -0.3328 -0.2828 -0.1396 -0.0369 0.0052 0.0392 0.1026 0.1251 -0.1735 -0.3313 -0.3325 -0.2817 -0.1381 -0.0365 0.0054 0.0394 0.1042 0.1190 -0.0817 0.1190 0.1042 0.0394 0.0054 -0.0365 -0.1381 -0.2817 -0.3325 -0.3313 -0.1735 0.1251 0.1026 0.0392 0.0052 -0.0369 -0.1396 -0.2828 -0.3328 -0.3310 -0.1659 0.1328 0.0981 0.0368 0.0031 -0.0408 -0.1533 -0.2908 -0.3342 -0.3292 -0.1366 0.1523 0.0877 0.0316 -0.0010 -0.0477 -0.1739 -0.3002 -0.3354 -0.3269 -0.1052 0.1645 0.0786 0.0270 -0.0054 -0.0559 -0.1942 -0.3082 -0.3360 -0.3242 -0.0510
-0.1862 -0.3358 -0.3088 -0.1961 -0.0567 -0.0058 0.0266 0.0778 0.1652 -0.1022 -0.3267 -0.3355 -0.3010 -0.1759 -0.0484 -0.0014 0.0311 0.0868 0.1538 -0.1336 -0.3290 -0.3344 -0.2918 -0.1553 -0.0415 0.0027 0.0364 0.0973 0.1342 -0.1645 -0.3309 -0.3328 -0.2825 -0.1387 -0.0365 0.0054 0.0397 0.1037 0.1224 -0.1768 -0.3315 -0.3323 -0.2806 -0.1362 -0.0359 0.0057 0.0400 0.1047 0.1177 -0.1835 -0.3244 -0.1835 0.1177 0.1047 0.0400 0.0057 -0.0359 -0.1362 -0.2806 -0.3323 -0.3315 -0.1768 0.1224 0.1037 0.0397 0.0054 -0.0365 -0.1387 -0.2825 -0.3328 -0.3309 -0.1645 0.1342 0.0973 0.0364 0.0027 -0.0415 -0.1553 -0.2918 -0.3344 -0.3290 -0.1336 0.1538 0.0868 0.0311 -0.0014 -0.0484 -0.1759 -0.3010 -0.3355 -0.3267 -0.1022 0.1652 0.0778 0.0266 -0.0058 -0.0567 -0.1961 -0.3088 -0.3358 -0.1862
-0.2123 -0.3098 -0.1978 -0.0576 -0.0063 0.0262 0.0770 0.1659 -0.0991 -0.3264 -0.3356 -0.3018 -0.1778 -0.0492 -0.0018 0.0307 0.0859 0.1553 -0.1306 -0.3288 -0.3345 -0.2927 -0.1572 -0.0421 0.0024 0.0359 0.0963 0.1362 -0.1623 -0.3308 -0.3329 -0.2828 -0.1387 -0.0364 0.0056 0.0400 0.1046 0.1199 -0.1798 -0.3317 -0.3321 -0.2795 -0.1343 -0.0353 0.0061 0.0405 0.1057 0.1183 -0.1838 -0.3334 -0.3400 -0.3334 -0.1838 0.1183 0.1057 0.0405 0.0061 -0.0353 -0.1343 -0.2795 -0.3321 -0.3317 -0.1798 0.1199 0.1046 0.0400 0.0056 -0.0364 -0.1387 -0.2828 -0.3329 -0.3308 -0.1623 0.1362 0.0963 0.0359 0.0024 -0.0421 -0.1572 -0.2927 -0.3345 -0.3288 -0.1306 0.1553 0.0859 0.0307 -0.0018 -0.0492 -0.1778 -0.3018 -0.3356 -0.3264 -0.0991 0.1659 0.0770 0.0262 -0.0063 -0.0576 -0.1978 -0.3098 -0.2123
-0.2105 -0.2022 -0.0584 -0.0067 0.0258 0.0762 0.1666 -0.0961 -0.3262 -0.3356 -0.3026 -0.1798 -0.0499 -0.0022 0.0302 0.0850 0.1566 -0.1276 -0.3286 -0.3346 -0.2937 -0.1592 -0.0428 0.0020 0.0353 0.0952 0.1384 -0.1594 -0.3307 -0.3330 -0.2834 -0.1396 -0.0365 0.0056 0.0401 0.1052 0.1183 -0.1822 -0.3318 -0.3319 -0.2783 -0.1324 -0.0347 0.0065 0.0410 0.1070 0.1154 -0.1848 -0.3318 -0.3332 -0.3193 -0.3332 -0.3318 -0.1848 0.1154 0.1070 0.0410 0.0065 -0.0347 -0.1324 -0.2783 -0.3319 -0.3318 -0.1822 0.1183 0.1052 0.0401 0.0056 -0.0365 -0.1396 -0.2834 -0.3330 -0.3307 -0.1594 0.1384 0.0952 0.0353 0.0020 -0.0428 -0.1592 -0.2937 -0.3346 -0.3286 -0.1276 0.1566 0.0850 0.0302 -0.0022 -0.0499 -0.1798 -0.3026 -0.3356 -0.3262 -0.0961 0.1666 0.0762 0.0258 -0.0067 -0.0584 -0.2022 -0.2105
-0.1519 -0.0612 -0.0074 0.0254 0.0754 0.1672 -0.0930 -0.3260 -0.3357 -0.3034 -0.1818 -0.0507 -0.0026 0.0298 0.0841 0.1579 -0.1246 -0.3284 -0.3348 -0.2946 -0.1612 -0.0434 0.0016 0.0348 0.0942 0.1406 -0.1562 -0.3305 -0.3332 -0.2843 -0.1409 -0.0369 0.0054 0.0400 0.1052 0.1176 -0.1837 -0.3319 -0.3317 -0.2774 -0.1306 -0.0341 0.0068 0.0416 0.1083 0.1122 -0.1882 -0.3320 -0.3295 -0.2757 -0.2108 -0.2757 -0.3295 -0.3320 -0.1882 0.1122 0.1083 0.0416 0.0068 -0.0341 -0.1306 -0.2774 -0.3317 -0.3319 -0.1837 0.1176 0.1052 0.0400 0.0054 -0.0369 -0.1409 -0.2843 -0.3332 -0.3305 -0.1562 0.1406 0.0942 0.0348 0.0016 -0.0434 -0.1612 -0.2946 -0.3348 -0.3284 -0.1246 0.1579 0.0841 0.0298 -0.0026 -0.0507 -0.1818 -0.3034 -0.3357 -0.3260 -0.0930 0.1672 0.0754 0.0254 -0.0074 -0.0612 -0.1519
-0.0696 -0.0055 0.0248 0.0746 0.1678 -0.0899 -0.3257 -0.3357 -0.3042 -0.1837 -0.0514 -0.0031 0.0293 0.0832 0.1591 -0.1216 -0.3281 -0.3349 -0.2955 -0.1632 -0.0441 0.0012 0.0343 0.0931 0.1426 -0.1531 -0.3303 -0.3334 -0.2853 -0.1427 -0.0374 0.0052 0.0397 0.1046 0.1183 -0.1837 -0.3319 -0.3316 -0.2767 -0.1293 -0.0335 0.0072 0.0421 0.1097 0.1091 -0.1917 -0.3322 -0.3313 -0.2700 -0.1210 -0.0544 -0.1210 -0.2700 -0.3313 -0.3322 -0.1917 0.1091 0.1097 0.0421 0.0072 -0.0335 -0.1293 -0.2767 -0.3316 -0.3319 -0.1837 0.1183 0.1046 0.0397 0.0052 -0.0374 -0.1427 -0.2853 -0.3334 -0.3303 -0.1531 0.1426 0.0931 0.0343 0.0012 -0.0441 -0.1632 -0.2955 -0.3349 -0.3281 -0.1216 0.1591 0.0832 0.0293 -0.0031 -0.0514 -0.1837 -0.3042 -0.3357 -0.3257 -0.0899 0.1678 0.0746 0.0248 -0.0055 -0.0696
-0.0285 0.0285 0.0738 0.1683 -0.0868 -0.3255 -0.3358 -0.3049 -0.1857 -0.0522 -0.0035 0.0289 0.0823 0.1602 -0.1186 -0.3279 -0.3350 -0.2964 -0.1651 -0.0447 0.0008 0.0338 0.0921 0.1446 -0.1501 -0.3301 -0.3335 -0.2864 -0.1447 -0.0380 0.0048 0.0392 0.1037 0.1199 -0.1822 -0.3319 -0.3316 -0.2764 -0.1285 -0.0332 0.0074 0.0426 0.1110 0.1058 -0.1952 -0.3324 -0.3311 -0.2744 -0.1209 -0.0265 0.0020 -0.0265 -0.1209 -0.2744 -0.3311 -0.3324 -0.1952 0.1058 0.1110 0.0426 0.0074 -0.0332 -0.1285 -0.2764 -0.3316 -0.3319 -0.1822 0.1199 0.1037 0.0392 0.0048 -0.0380 -0.1447 -0.2864 -0.3335 -0.3301 -0.1501 0.1446 0.0921 0.0338 0.0008 -0.0447 -0.1651 -0.2964 -0.3350 -0.3279 -0.1186 0.1602 0.0823 0.0289 -0.0035 -0.0522 -0.1857 -0.3049 -0.3358 -0.3255 -0.0868 0.1683 0.0738 0.0285 -0.0285
0.0091 0.0730 0.1687 -0.0836 -0.3252 -0.3358 -0.3057 -0.1876 -0.0530 -0.0039 0.0284 0.0814 0.1613 -0.1156 -0.3277 -0.3351 -0.2973 -0.1671 -0.0454 0.0004 0.0333 0.0911 0.1465 -0.1470 -0.3299 -0.3337 -0.2874 -0.1466 -0.0387 0.0044 0.0387 0.1026 0.1224 -0.1798 -0.3318 -0.3317 -0.2767 -0.1285 -0.0331 0.0076 0.0429 0.1120 0.1030 -0.1985 -0.3326 -0.3308 -0.2733 -0.1245 -0.0319 0.0118 0.0343 0.0118 -0.0319 -0.1245 -0.2733 -0.3308 -0.3326 -0.1985 0.1030 0.1120 0.0429 0.0076 -0.0331 -0.1285 -0.2767 -0.3317 -0.3318 -0.1798 0.1224 0.1026 0.0387 0.0044 -0.0387 -0.1466 -0.2874 -0.3337 -0.3299 -0.1470 0.1465 0.0911 0.0333 0.0004 -0.0454 -0.1671 -0.2973 -0.3351 -0.3277 -0.1156 0.1613 0.0814 0.0284 -0.0039 -0.0530 -0.1876 -0.3057 -0.3358 -0.3252 -0.0836 0.1687 0.0730 0.0091
0.0553 0.1691 -0.0805 -0.3250 -0.3359 -0.3064 -0.1895 -0.0538 -0.0043 0.0280 0.0806 0.1623 -0.1125 -0.3275 -0.3352 -0.2981 -0.1691 -0.0461 -0.0000 0.0328 0.0901 0.1483 -0.1439 -0.3297 -0.3339 -0.2884 -0.1485 -0.0393 0.0041 0.0381 0.1014 0.1251 -0.1768 -0.3317 -0.3319 -0.2774 -0.1293 -0.0332 0.0076 0.0430 0.1126 0.1010 -0.2010 -0.3327 -0.3306 -0.2719 -0.1225 -0.0316 0.0085 0.0473 0.0829 0.0473 0.0085 -0.0316 -0.1225 -0.2719 -0.3306 -0.3327 -0.2010 0.1010 0.1126 0.0430 0.0076 -0.0332 -0.1293 -0.2774 -0.3319 -0.3317 -0.1768 0.1251 0.1014 0.0381 0.0041 -0.0393 -0.1485 -0.2884 -0.3339 -0.3297 -0.1439 0.1483 0.0901 0.0328 -0.0000 -0.0461 -0.1691 -0.2981 -0.3352 -0.3275 -0.1125 0.1623 0.0806 0.0280 -0.0043 -0.0538 -0.1895 -0.3064 -0.3359 -0.3250 -0.0805 0.1691 0.0553
0.1356 -0.0772 -0.3247 -0.3359 -0.3072 -0.1915 -0.0547 -0.0048 0.0276 0.0798 0.1632 -0.1095 -0.3272 -0.3353 -0.2990 -0.1711 -0.0467 -0.0004 0.0323 0.0891 0.1500 -0.1409 -0.3295 -0.3340 -0.2894 -0.1505 -0.0399 0.0037 0.0376 0.1002 0.1278 -0.1735 -0.3315 -0.3321 -0.2783 -0.1306 -0.0335 0.0074 0.0429 0.1126 0.1003 -0.2026 -0.3328 -0.3304 -0.2709 -0.1207 -0.0308 0.0087 0.0447 0.1095 0.1421 0.1095 0.0447 0.0087 -0.0308 -0.1207 -0.2709 -0.3304 -0.3328 -0.2026 0.1003 0.1126 0.0429 0.0074 -0.0335 -0.1306 -0.2783 -0.3321 -0.3315 -0.1735 0.1278 0.1002 0.0376 0.0037 -0.0399 -0.1505 -0.2894 -0.3340 -0.3295 -0.1409 0.1500 0.0891 0.0323 -0.0004 -0.0467 -0.1711 -0.2990 -0.3353 -0.3272 -0.1095 0.1632 0.0798 0.0276 -0.0048 -0.0547 -0.1915 -0.3072 -0.3359 -0.3247 -0.0772 0.1356
-0.0520 -0.3243 -0.3359 -0.3079 -0.1934 -0.0555 -0.0052 0.0272 0.0789 0.1641 -0.1065 -0.3270 -0.3354 -0.2998 -0.1730 -0.0474 -0.0008 0.0318 0.0881 0.1516 -0.1379 -0.3293 -0.3342 -0.2904 -0.1525 -0.0406 0.0033 0.0371 0.0990 0.1303 -0.1703 -0.3313 -0.3323 -0.2795 -0.1324 -0.0341 0.0072 0.0426 0.1120 0.1010 -0.2026 -0.3328 -0.3303 -0.2702 -0.1194 -0.0303 0.0091 0.0450 0.1193 0.0841 -0.1246 0.0841 0.1193 0.0450 0.0091 -0.0303 -0.1194 -0.2702 -0.3303 -0.3328 -0.2026 0.1010 0.1120 0.0426 0.0072 -0.0341 -0.1324 -0.2795 -0.3323 -0.3313 -0.1703 0.1303 0.0990 0.0371 0.0033 -0.0406 -0.1525 -0.2904 -0.3342 -0.3293 -0.1379 0.1516 0.0881 0.0318 -0.0008 -0.0474 -0.1730 -0.2998 -0.3354 -0.3270 -0.1065 0.1641 0.0789 0.0272 -0.0052 -0.0555 -0.1934 -0.3079 -0.3359 -0.3243 -0.0520
-0.1864 -0.3358 -0.3085 -0.1953 -0.0564 -0.0056 0.0268 0.0781 0.1649 -0.1035 -0.3268 -0.3354 -0.3007 -0.1750 -0.0481 -0.0012 0.0313 0.0872 0.1532 -0.1349 -0.3291 -0.3343 -0.2914 -0.1544 -0.0412 0.0029 0.0366 0.0979 0.1328 -0.1670 -0.3311 -0.3325 -0.2806 -0.1343 -0.0347 0.0068 0.0421 0.1110 0.1030 -0.2010 -0.3328 -0.3303 -0.2699 -0.1187 -0.0300 0.0094 0.0456 0.1197 0.0829 -0.2211 -0.3273 -0.2211 0.0829 0.1197 0.0456 0.0094 -0.0300 -0.1187 -0.2699 -0.3303 -0.3328 -0.2010 0.1030 0.1110 0.0421 0.0068 -0.0347 -0.1343 -0.2806 -0.3325 -0.3311 -0.1670 0.1328 0.0979 0.0366 0.0029 -0.0412 -0.1544 -0.2914 -0.3343 -0.3291 -0.1349 0.1532 0.0872 0.0313 -0.0012 -0.0481 -0.1750 -0.3007 -0.3354 -0.3268 -0.1035 0.1649 0.0781 0.0268 -0.0056 -0.0564 -0.1953 -0.3085 -0.3358 -0.1864
-0.2123 -0.3095 -0.1969 -0.0573 -0.0061 0.0264 0.0773 0.1656 -0.1004 -0.3266 -0.3355 -0.3015 -0.1770 -0.0489 -0.0016 0.0309 0.0863 0.1546 -0.1318 -0.3289 -0.3344 -0.2923 -0.1564 -0.0419 0.0025 0.0361 0.0968 0.1352 -0.1639 -0.3309 -0.3327 -0.2817 -0.1362 -0.0353 0.0065 0.0416 0.1097 0.1058 -0.1985 -0.3327 -0.3304 -0.2702 -0.1187 -0.0298 0.0095 0.0459 0.1203 0.0839 -0.2208 -0.3350 -0.3401 -0.3350 -0.2208 0.0839 0.1203 0.0459 0.0095 -0.0298 -0.1187 -0.2702 -0.3304 -0.3327 -0.1985 0.1058 0.1097 0.0416 0.0065 -0.0353 -0.1362 -0.2817 -0.3327 -0.3309 -0.1639 0.1352 0.0968 0.0361 0.0025 -0.0419 -0.1564 -0.2923 -0.3344 -0.3289 -0.1318 0.1546 0.0863 0.0309 -0.0016 -0.0489 -0.1770 -0.3015 -0.3355 -0.3266 -0.1004 0.1656 0.0773 0.0264 -0.0061 -0.0573 -0.1969 -0.3095 -0.2123
-0.2104 -0.2013 -0.0580 -0.0065 0.0260 0.0765 0.1663 -0.0974 -0.3263 -0.3356 -0.3023 -0.1790 -0.0496 -0.0021 0.0304 0.0854 0.1560 -0.1288 -0.3287 -0.3346 -0.2933 -0.1584 -0.0425 0.0021 0.0356 0.0957 0.1375 -0.1607 -0.3308 -0.3329 -0.2828 -0.1381 -0.0359 0.0061 0.0410 0.1083 0.1091 -0.1952 -0.3326 -0.3306 -0.2709 -0.1194 -0.0300 0.0095 0.0460 0.1211 0.0815 -0.2211 -0.3332 -0.3304 -0.3125 -0.3304 -0.3332 -0.2211 0.0815 0.1211 0.0460 0.0095 -0.0300 -0.1194 -0.2709 -0.3306 -0.3326 -0.1952 0.1091 0.1083 0.0410 0.0061 -0.0359 -0.1381 -0.2828 -0.3329 -0.3308 -0.1607 0.1375 0.0957 0.0356 0.0021 -0.0425 -0.1584 -0.2933 -0.3346 -0.3287 -0.1288 0.1560 0.0854 0.0304 -0.0021 -0.0496 -0.1790 -0.3023 -0.3356 -0.3263 -0.0974 0.1663 0.0765 0.0260 -0.0065 -0.0580 -0.2013 -0.2104
-0.1514 -0.0608 -0.0072 0.0256 0.0757 0.1670 -0.0943 -0.3261 -0.3357 -0.3031 -0.1809 -0.0503 -0.0025 0.0299 0.0844 0.1574 -0.1258 -0.3285 -0.3347 -0.2942 -0.1603 -0.0432 0.0017 0.0350 0.0946 0.1396 -0.1576 -0.3306 -0.3331 -0.2838 -0.1400 -0.0365 0.0057 0.0405 0.1070 0.1122 -0.1917 -0.3324 -0.3308 -0.2719 -0.1207 -0.0303 0.0094 0.0459 0.1211 0.0806 -0.2231 -0.3335 -0.3265 -0.2628 -0.1905 -0.2628 -0.3265 -0.3335 -0.2231 0.0806 0.1211 0.0459 0.0094 -0.0303 -0.1207 -0.2719 -0.3308 -0.3324 -0.1917 0.1122 0.1070 0.0405 0.0057 -0.0365 -0.1400 -0.2838 -0.3331 -0.3306 -0.1576 0.1396 0.0946 0.0350 0.0017 -0.0432 -0.1603 -0.2942 -0.3347 -0.3285 -0.1258 0.1574 0.0844 0.0299 -0.0025 -0.0503 -0.1809 -0.3031 -0.3357 -0.3261 -0.0943 0.1670 0.0757 0.0256 -0.0072 -0.0608 -0.1514
-0.0693 -0.0053 0.0250 0.0749 0.1675 -0.0912 -0.3258 -0.3357 -0.3039 -0.1829 -0.0511 -0.0029 0.0295 0.0836 0.1586 -0.1228 -0.3282 -0.3348 -0.2951 -0.1623 -0.0438 0.0014 0.0345 0.0936 0.1418 -0.1545 -0.3304 -0.3333 -0.2849 -0.1419 -0.0371 0.0054 0.0400 0.1056 0.1153 -0.1883 -0.3322 -0.3311 -0.2732 -0.1224 -0.0308 0.0091 0.0456 0.1204 0.0814 -0.2231 -0.3336 -0.3287 -0.2576 -0.1036 -0.0444 -0.1037 -0.2579 -0.3288 -0.3336 -0.2231 0.0815 0.1203 0.0456 0.0091 -0.0308 -0.1225 -0.2733 -0.3311 -0.3322 -0.1882 0.1154 0.1057 0.0400 0.0054 -0.0371 -0.1420 -0.2850 -0.3333 -0.3304 -0.1544 0.1418 0.0936 0.0345 0.0014 -0.0438 -0.1625 -0.2952 -0.3349 -0.3282 -0.1228 0.1586 0.0836 0.0295 -0.0029 -0.0511 -0.1830 -0.3040 -0.3357 -0.3258 -0.0912 0.1676 0.0749 0.0250 -0.0053 -0.0694
-0.0284 0.0287 0.0742 0.1680 -0.0881 -0.3256 -0.3358 -0.3046 -0.1848 -0.0519 -0.0033 0.0291 0.0827 0.1598 -0.1198 -0.3280 -0.3349 -0.2960 -0.1643 -0.0445 0.0010 0.0340 0.0925 0.1438 -0.1514 -0.3302 -0.3335 -0.2859 -0.1438 -0.0378 0.0050 0.0394 0.1044 0.1183 -0.1849 -0.3321 -0.3313 -0.2743 -0.1242 -0.0314 0.0088 0.0451 0.1192 0.0836 -0.2214 -0.3336 -0.3288 -0.2632 -0.1056 -0.0213 0.0054 -0.0214 -0.1060 -0.2636 -0.3288 -0.3335 -0.2211 0.0839 0.1197 0.0450 0.0087 -0.0316 -0.1245 -0.2744 -0.3313 -0.3320 -0.1848 0.1183 0.1047 0.0394 0.0049 -0.0380 -0.1441 -0.2860 -0.3334 -0.3301 -0.1513 0.1438 0.0927 0.0340 0.0008 -0.0447 -0.1645 -0.2960 -0.3349 -0.3280 -0.1198 0.1598 0.0828 0.0290 -0.0034 -0.0521 -0.1850 -0.3046 -0.3357 -0.3255 -0.0881 0.1681 0.0742 0.0286 -0.0286
0.0093 0.0734 0.1685 -0.0850 -0.3253 -0.3358 -0.3054 -0.1868 -0.0527 -0.0037 0.0286 0.0818 0.1609 -0.1168 -0.3278 -0.3350 -0.2969 -0.1663 -0.0451 0.0006 0.0335 0.0915 0.1457 -0.1483 -0.3300 -0.3336 -0.2870 -0.1458 -0.0384 0.0046 0.0389 0.1031 0.1211 -0.1815 -0.3319 -0.3315 -0.2755 -0.1260 -0.0320 0.0084 0.0445 0.1177 0.0868 -0.2186 -0.3335 -0.3288 -0.2634 -0.1098 -0.0268 0.0148 0.0389 0.0152 -0.0269 -0.1061 -0.2580 -0.3265 -0.3332 -0.2208 0.0829 0.1193 0.0447 0.0085 -0.0319 -0.1209 -0.2700 -0.3295 -0.3318 -0.1838 0.1177 0.1042 0.0391 0.0047 -0.0383 -0.1398 -0.2819 -0.3319 -0.3300 -0.1505 0.1431 0.0923 0.0337 0.0006 -0.0451 -0.1598 -0.2923 -0.3336 -0.3280 -0.1192 0.1591 0.0824 0.0287 -0.0037 -0.0523 -0.1800 -0.3013 -0.3346 -0.3256 -0.0876 0.1674 0.0740 0.0097
0.0556 0.1689 -0.0818 -0.3251 -0.3359 -0.3061 -0.1887 -0.0535 -0.0042 0.0282 0.0810 0.1619 -0.1138 -0.3276 -0.3351 -0.2978 -0.1682 -0.0458 0.0002 0.0330 0.0905 0.1475 -0.1452 -0.3298 -0.3338 -0.2880 -0.1477 -0.0390 0.0042 0.0384 0.1019 0.1239 -0.1782 -0.3317 -0.3318 -0.2767 -0.1279 -0.0326 0.0081 0.0440 0.1162 0.0904 -0.2151 -0.3334 -0.3290 -0.2640 -0.1101 -0.0270 0.0113 0.0519 0.0879 0.0566 0.0157 -0.0215 -0.1038 -0.2629 -0.3304 -0.3350 -0.2211 0.0841 0.1095 0.0473 0.0118 -0.0265 -0.1210 -0.2757 -0.3332 -0.3334 -0.1835 0.1190 0.0987 0.0419 0.0082 -0.0327 -0.1412 -0.2875 -0.3353 -0.3314 -0.1502 0.1442 0.0895 0.0366 0.0043 -0.0396 -0.1623 -0.2978 -0.3367 -0.3292 -0.1187 0.1587 0.0814 0.0317 0.0003 -0.0475 -0.1836 -0.3065 -0.3374 -0.3267 -0.0877 0.1555 0.0567
0.1353 -0.0786 -0.3249 -0.3359 -0.3068 -0.1906 -0.0543 -0.0046 0.0278 0.0801 0.1628 -0.1108 -0.3273 -0.3352 -0.2986 -0.1702 -0.0465 -0.0002 0.0325 0.0895 0.1493 -0.1422 -0.3296 -0.3340 -0.2890 -0.1497 -0.0397 0.0038 0.0379 0.1007 0.1266 -0.1749 -0.3316 -0.3320 -0.2778 -0.1297 -0.0332 0.0077 0.0434 0.1146 0.0941 -0.2113 -0.3332 -0.3293 -0.2651 -0.1111 -0.0271 0.0110 0.0488 0.1124 0.1217 0.0718 0.0382 0.0060 -0.0444 -0.1905 -0.3125 -0.3401 -0.3273 -0.1246 0.1421 0.0829 0.0343 0.0020 -0.0544 -0.2108 -0.3193 -0.3400 -0.3244 -0.0817 0.1443 0.0760 0.0294 -0.0020 -0.0665 -0.2305 -0.3250 -0.3394 -0.3213 -0.0392 0.1430 0.0695 0.0250 -0.0065 -0.0808 -0.2484 -0.3296 -0.3384 -0.3156 0.0044 0.1383 0.0634 0.0208 -0.0116 -0.0975 -0.2643 -0.3333 -0.3370 -0.2883 0.0426 0.1018
