0.0891 0.1007 0.1094 0.1189 0.1296 0.1415 0.1548 0.1694 0.1856 0.2032 0.2225 0.2432 0.2653 0.2885 0.3124 0.3352 0.3501 0.3470 0.3321 0.3099 0.2815 0.2470 0.2056 0.1558 0.0930 0.0566 0.0542 0.0545 0.0558 0.0576 0.0600 0.0629 0.0663 0.0703 0.0749 0.0802 0.0861 0.0928 0.1003 0.1088 0.1183 0.1289 0.1408 0.1539 0.1685 0.1846 0.2022 0.2214 0.2421 0.2638 0.2776 0.2638 0.2421 0.2214 0.2022 0.1846 0.1685 0.1539 0.1408 0.1289 0.1183 0.1088 0.1003 0.0928 0.0861 0.0802 0.0749 0.0703 0.0663 0.0629 0.0600 0.0576 0.0558 0.0545 0.0542 0.0566 0.0930 0.1558 0.2056 0.2470 0.2815 0.3099 0.3321 0.3470 0.3501 0.3352 0.3124 0.2885 0.2653 0.2432 0.2225 0.2032 0.1856 0.1694 0.1548 0.1415 0.1296 0.1189 0.1094 0.1007 0.0891
0.1007 0.1135 0.1229 0.1335 0.1453 0.1585 0.1730 0.1888 0.2061 0.2246 0.2443 0.2650 0.2863 0.3078 0.3276 0.3391 0.3359 0.3227 0.3026 0.2766 0.2449 0.2071 0.1623 0.1076 0.0591 0.0544 0.0551 0.0565 0.0586 0.0612 0.0642 0.0679 0.0721 0.0768 0.0823 0.0884 0.0953 0.1031 0.1118 0.1215 0.1323 0.1443 0.1575 0.1720 0.1879 0.2051 0.2235 0.2432 0.2639 0.2851 0.2987 0.2851 0.2639 0.2432 0.2235 0.2051 0.1879 0.1720 0.1575 0.1443 0.1323 0.1215 0.1118 0.1031 0.0953 0.0884 0.0823 0.0768 0.0721 0.0679 0.0642 0.0612 0.0586 0.0565 0.0551 0.0544 0.0591 0.1076 0.1623 0.2071 0.2449 0.2766 0.3026 0.3227 0.3359 0.3391 0.3276 0.3078 0.2863 0.2650 0.2443 0.2246 0.2061 0.1888 0.1730 0.1585 0.1453 0.1335 0.1229 0.1135 0.1007
0.1094 0.1229 0.1327 0.1437 0.1561 0.1700 0.1853 0.2020 0.2201 0.2395 0.2599 0.2810 0.3025 0.3230 0.3375 0.3378 0.3267 0.3082 0.2837 0.2534 0.2172 0.1743 0.1227 0.0660 0.0544 0.0549 0.0562 0.0581 0.0605 0.0635 0.0670 0.0710 0.0757 0.0810 0.0869 0.0937 0.1012 0.1097 0.1191 0.1297 0.1414 0.1543 0.1685 0.1840 0.2009 0.2190 0.2383 0.2587 0.2799 0.3014 0.3150 0.3014 0.2799 0.2587 0.2383 0.2190 0.2009 0.1840 0.1685 0.1543 0.1414 0.1297 0.1191 0.1097 0.1012 0.0937 0.0869 0.0810 0.0757 0.0710 0.0670 0.0635 0.0605 0.0581 0.0562 0.0549 0.0544 0.0660 0.1227 0.1743 0.2172 0.2534 0.2837 0.3082 0.3267 0.3378 0.3375 0.3230 0.3025 0.2810 0.2599 0.2395 0.2201 0.2020 0.1853 0.1700 0.1561 0.1437 0.1327 0.1229 0.1094
0.1189 0.1335 0.1437 0.1551 0.1681 0.1826 0.1986 0.2161 0.2349 0.2548 0.2757 0.2971 0.3181 0.3350 0.3391 0.3303 0.3135 0.2904 0.2616 0.2269 0.1858 0.1368 0.0776 0.0549 0.0546 0.0558 0.0575 0.0598 0.0627 0.0661 0.0700 0.0745 0.0796 0.0854 0.0919 0.0992 0.1075 0.1167 0.1269 0.1383 0.1509 0.1648 0.1800 0.1965 0.2143 0.2333 0.2535 0.2744 0.2960 0.3172 0.3295 0.3172 0.2960 0.2744 0.2535 0.2333 0.2143 0.1965 0.1800 0.1648 0.1509 0.1383 0.1269 0.1167 0.1075 0.0992 0.0919 0.0854 0.0796 0.0745 0.0700 0.0661 0.0627 0.0598 0.0575 0.0558 0.0546 0.0549 0.0776 0.1368 0.1858 0.2269 0.2616 0.2904 0.3135 0.3303 0.3391 0.3350 0.3181 0.2971 0.2757 0.2548 0.2349 0.2161 0.1986 0.1826 0.1681 0.1551 0.1437 0.1335 0.1189
0.1296 0.1453 0.1561 0.1681 0.1816 0.1967 0.2133 0.2313 0.2506 0.2710 0.2921 0.3132 0.3316 0.3396 0.3334 0.3184 0.2968 0.2694 0.2362 0.1969 0.1501 0.0923 0.0562 0.0545 0.0554 0.0570 0.0592 0.0619 0.0652 0.0689 0.0733 0.0782 0.0838 0.0902 0.0973 0.1053 0.1142 0.1242 0.1353 0.1476 0.1612 0.1760 0.1922 0.2097 0.2284 0.2483 0.2691 0.2905 0.3119 0.3310 0.3385 0.3310 0.3119 0.2905 0.2691 0.2483 0.2284 0.2097 0.1922 0.1760 0.1612 0.1476 0.1353 0.1242 0.1142 0.1053 0.0973 0.0902 0.0838 0.0782 0.0733 0.0689 0.0652 0.0619 0.0592 0.0570 0.0554 0.0545 0.0562 0.0923 0.1501 0.1969 0.2362 0.2694 0.2968 0.3184 0.3334 0.3396 0.3316 0.3132 0.2921 0.2710 0.2506 0.2313 0.2133 0.1967 0.1816 0.1681 0.1561 0.1453 0.1296
0.1415 0.1585 0.1700 0.1826 0.1967 0.2123 0.2293 0.2477 0.2673 0.2879 0.3087 0.3279 0.3391 0.3359 0.3228 0.3028 0.2768 0.2452 0.2074 0.1627 0.1081 0.0593 0.0544 0.0551 0.0566 0.0586 0.0612 0.0643 0.0679 0.0721 0.0769 0.0823 0.0885 0.0954 0.1032 0.1119 0.1216 0.1324 0.1444 0.1576 0.1721 0.1880 0.2052 0.2236 0.2432 0.2638 0.2851 0.3065 0.3265 0.3389 0.3384 0.3389 0.3265 0.3065 0.2851 0.2638 0.2432 0.2236 0.2052 0.1880 0.1721 0.1576 0.1444 0.1324 0.1216 0.1119 0.1032 0.0954 0.0885 0.0823 0.0769 0.0721 0.0679 0.0643 0.0612 0.0586 0.0566 0.0551 0.0544 0.0593 0.1081 0.1627 0.2074 0.2452 0.2768 0.3028 0.3228 0.3359 0.3391 0.3279 0.3087 0.2879 0.2673 0.2477 0.2293 0.2123 0.1967 0.1826 0.1700 0.1585 0.1415
0.1548 0.1730 0.1853 0.1986 0.2133 0.2293 0.2467 0.2653 0.2850 0.3053 0.3246 0.3380 0.3377 0.3265 0.3082 0.2838 0.2537 0.2175 0.1747 0.1232 0.0663 0.0544 0.0548 0.0561 0.0580 0.0605 0.0635 0.0670 0.0710 0.0756 0.0809 0.0869 0.0936 0.1011 0.1096 0.1191 0.1296 0.1413 0.1542 0.1684 0.1839 0.2007 0.2188 0.2382 0.2585 0.2796 0.3011 0.3218 0.3370 0.3381 0.3316 0.3381 0.3370 0.3218 0.3011 0.2796 0.2585 0.2382 0.2188 0.2007 0.1839 0.1684 0.1542 0.1413 0.1296 0.1191 0.1096 0.1011 0.0936 0.0869 0.0809 0.0756 0.0710 0.0670 0.0635 0.0605 0.0580 0.0561 0.0548 0.0544 0.0663 0.1232 0.1747 0.2175 0.2537 0.2838 0.3082 0.3265 0.3377 0.3380 0.3246 0.3053 0.2850 0.2653 0.2467 0.2293 0.2133 0.1986 0.1853 0.1730 0.1548
0.1694 0.1888 0.2020 0.2161 0.2313 0.2477 0.2653 0.2840 0.3034 0.3223 0.3366 0.3387 0.3294 0.3126 0.2898 0.2614 0.2271 0.1862 0.1373 0.0780 0.0549 0.0546 0.0558 0.0575 0.0598 0.0627 0.0660 0.0699 0.0744 0.0795 0.0853 0.0918 0.0992 0.1074 0.1166 0.1268 0.1382 0.1508 0.1647 0.1798 0.1964 0.2142 0.2332 0.2533 0.2743 0.2957 0.3168 0.3342 0.3393 0.3309 0.3201 0.3309 0.3393 0.3342 0.3168 0.2957 0.2743 0.2533 0.2332 0.2142 0.1964 0.1798 0.1647 0.1508 0.1382 0.1268 0.1166 0.1074 0.0992 0.0918 0.0853 0.0795 0.0744 0.0699 0.0660 0.0627 0.0598 0.0575 0.0558 0.0546 0.0549 0.0780 0.1373 0.1862 0.2271 0.2614 0.2898 0.3126 0.3294 0.3387 0.3366 0.3223 0.3034 0.2840 0.2653 0.2477 0.2313 0.2161 0.2020 0.1888 0.1694
0.1856 0.2061 0.2201 0.2349 0.2506 0.2673 0.2850 0.3034 0.3214 0.3357 0.3392 0.3313 0.3160 0.2947 0.2679 0.2353 0.1965 0.1501 0.0925 0.0562 0.0545 0.0554 0.0570 0.0592 0.0619 0.0651 0.0689 0.0732 0.0782 0.0838 0.0901 0.0972 0.1052 0.1142 0.1241 0.1352 0.1475 0.1610 0.1759 0.1921 0.2096 0.2283 0.2481 0.2689 0.2903 0.3116 0.3305 0.3395 0.3341 0.3191 0.3050 0.3191 0.3341 0.3395 0.3305 0.3116 0.2903 0.2689 0.2481 0.2283 0.2096 0.1921 0.1759 0.1610 0.1475 0.1352 0.1241 0.1142 0.1052 0.0972 0.0901 0.0838 0.0782 0.0732 0.0689 0.0651 0.0619 0.0592 0.0570 0.0554 0.0545 0.0562 0.0925 0.1501 0.1965 0.2353 0.2679 0.2947 0.3160 0.3313 0.3392 0.3357 0.3214 0.3034 0.2850 0.2673 0.2506 0.2349 0.2201 0.2061 0.1856
0.2032 0.2246 0.2395 0.2548 0.2710 0.2879 0.3053 0.3223 0.3357 0.3393 0.3323 0.3182 0.2982 0.2727 0.2419 0.2049 0.1609 0.1068 0.0592 0.0544 0.0551 0.0566 0.0586 0.0612 0.0643 0.0679 0.0721 0.0769 0.0823 0.0884 0.0954 0.1031 0.1118 0.1215 0.1323 0.1443 0.1575 0.1720 0.1879 0.2050 0.2234 0.2430 0.2636 0.2849 0.3063 0.3263 0.3387 0.3365 0.3239 0.3038 0.2866 0.3038 0.3239 0.3365 0.3387 0.3263 0.3063 0.2849 0.2636 0.2430 0.2234 0.2050 0.1879 0.1720 0.1575 0.1443 0.1323 0.1215 0.1118 0.1031 0.0954 0.0884 0.0823 0.0769 0.0721 0.0679 0.0643 0.0612 0.0586 0.0566 0.0551 0.0544 0.0592 0.1068 0.1609 0.2049 0.2419 0.2727 0.2982 0.3182 0.3323 0.3393 0.3357 0.3223 0.3053 0.2879 0.2710 0.2548 0.2395 0.2246 0.2032
0.2225 0.2443 0.2599 0.2757 0.2921 0.3087 0.3246 0.3366 0.3392 0.3323 0.3190 0.3001 0.2759 0.2465 0.2113 0.1695 0.1187 0.0645 0.0544 0.0549 0.0561 0.0580 0.0605 0.0634 0.0669 0.0710 0.0756 0.0809 0.0868 0.0935 0.1011 0.1095 0.1190 0.1295 0.1412 0.1541 0.1682 0.1837 0.2006 0.2187 0.2380 0.2583 0.2795 0.3010 0.3216 0.3369 0.3383 0.3278 0.3097 0.2851 0.2649 0.2851 0.3097 0.3278 0.3383 0.3369 0.3216 0.3010 0.2795 0.2583 0.2380 0.2187 0.2006 0.1837 0.1682 0.1541 0.1412 0.1295 0.1190 0.1095 0.1011 0.0935 0.0868 0.0809 0.0756 0.0710 0.0669 0.0634 0.0605 0.0580 0.0561 0.0549 0.0544 0.0645 0.1187 0.1695 0.2113 0.2465 0.2759 0.3001 0.3190 0.3323 0.3392 0.3366 0.3246 0.3087 0.2921 0.2757 0.2599 0.2443 0.2225
0.2432 0.2650 0.2810 0.2971 0.3132 0.3279 0.3380 0.3387 0.3313 0.3182 0.3001 0.2771 0.2490 0.2155 0.1757 0.1278 0.0715 0.0546 0.0547 0.0558 0.0576 0.0598 0.0626 0.0660 0.0699 0.0744 0.0795 0.0853 0.0918 0.0991 0.1073 0.1165 0.1267 0.1381 0.1507 0.1645 0.1797 0.1962 0.2140 0.2330 0.2531 0.2741 0.2956 0.3166 0.3341 0.3393 0.3313 0.3149 0.2922 0.2632 0.2400 0.2632 0.2922 0.3149 0.3313 0.3393 0.3341 0.3166 0.2956 0.2741 0.2531 0.2330 0.2140 0.1962 0.1797 0.1645 0.1507 0.1381 0.1267 0.1165 0.1073 0.0991 0.0918 0.0853 0.0795 0.0744 0.0699 0.0660 0.0626 0.0598 0.0576 0.0558 0.0547 0.0546 0.0715 0.1278 0.1757 0.2155 0.2490 0.2771 0.3001 0.3182 0.3313 0.3387 0.3380 0.3279 0.3132 0.2971 0.2810 0.2650 0.2432
0.2653 0.2863 0.3025 0.3181 0.3316 0.3391 0.3377 0.3294 0.3160 0.2982 0.2759 0.2490 0.2170 0.1789 0.1334 0.0780 0.0551 0.0546 0.0555 0.0572 0.0593 0.0620 0.0651 0.0689 0.0732 0.0781 0.0837 0.0901 0.0972 0.1052 0.1141 0.1240 0.1351 0.1474 0.1609 0.1758 0.1919 0.2094 0.2281 0.2480 0.2687 0.2901 0.3115 0.3304 0.3395 0.3342 0.3197 0.2986 0.2715 0.2381 0.2117 0.2381 0.2715 0.2986 0.3197 0.3342 0.3395 0.3304 0.3115 0.2901 0.2687 0.2480 0.2281 0.2094 0.1919 0.1758 0.1609 0.1474 0.1351 0.1240 0.1141 0.1052 0.0972 0.0901 0.0837 0.0781 0.0732 0.0689 0.0651 0.0620 0.0593 0.0572 0.0555 0.0546 0.0551 0.0780 0.1334 0.1789 0.2170 0.2490 0.2759 0.2982 0.3160 0.3294 0.3377 0.3391 0.3316 0.3181 0.3025 0.2863 0.2653
0.2885 0.3078 0.3230 0.3350 0.3396 0.3359 0.3265 0.3126 0.2947 0.2727 0.2465 0.2155 0.1789 0.1352 0.0815 0.0555 0.0545 0.0554 0.0568 0.0589 0.0614 0.0644 0.0680 0.0721 0.0769 0.0823 0.0884 0.0953 0.1031 0.1117 0.1214 0.1322 0.1442 0.1574 0.1719 0.1877 0.2049 0.2233 0.2429 0.2634 0.2847 0.3062 0.3261 0.3387 0.3366 0.3240 0.3044 0.2789 0.2476 0.2095 0.1796 0.2095 0.2476 0.2789 0.3044 0.3240 0.3366 0.3387 0.3261 0.3062 0.2847 0.2634 0.2429 0.2233 0.2049 0.1877 0.1719 0.1574 0.1442 0.1322 0.1214 0.1117 0.1031 0.0953 0.0884 0.0823 0.0769 0.0721 0.0680 0.0644 0.0614 0.0589 0.0568 0.0554 0.0545 0.0555 0.0815 0.1352 0.1789 0.2155 0.2465 0.2727 0.2947 0.3126 0.3265 0.3359 0.3396 0.3350 0.3230 0.3078 0.2885
0.3124 0.3276 0.3375 0.3391 0.3334 0.3228 0.3082 0.2898 0.2679 0.2419 0.2113 0.1757 0.1334 0.0815 0.0557 0.0544 0.0552 0.0566 0.0585 0.0610 0.0639 0.0673 0.0712 0.0758 0.0810 0.0869 0.0935 0.1010 0.1095 0.1189 0.1294 0.1411 0.1539 0.1681 0.1836 0.2004 0.2185 0.2378 0.2582 0.2793 0.3008 0.3215 0.3368 0.3383 0.3279 0.3100 0.2859 0.2561 0.2203 0.1771 0.1432 0.1771 0.2203 0.2561 0.2859 0.3100 0.3279 0.3383 0.3368 0.3215 0.3008 0.2793 0.2582 0.2378 0.2185 0.2004 0.1836 0.1681 0.1539 0.1411 0.1294 0.1189 0.1095 0.1010 0.0935 0.0869 0.0810 0.0758 0.0712 0.0673 0.0639 0.0610 0.0585 0.0566 0.0552 0.0544 0.0557 0.0815 0.1334 0.1757 0.2113 0.2419 0.2679 0.2898 0.3082 0.3228 0.3334 0.3391 0.3375 0.3276 0.3124
0.3352 0.3391 0.3378 0.3303 0.3184 0.3028 0.2838 0.2614 0.2353 0.2049 0.1695 0.1278 0.0780 0.0555 0.0544 0.0552 0.0565 0.0583 0.0606 0.0634 0.0667 0.0705 0.0749 0.0798 0.0855 0.0919 0.0991 0.1073 0.1164 0.1266 0.1380 0.1506 0.1644 0.1796 0.1961 0.2139 0.2329 0.2530 0.2739 0.2954 0.3165 0.3340 0.3394 0.3314 0.3151 0.2925 0.2641 0.2300 0.1893 0.1402 0.1019 0.1402 0.1893 0.2300 0.2641 0.2925 0.3151 0.3314 0.3394 0.3340 0.3165 0.2954 0.2739 0.2530 0.2329 0.2139 0.1961 0.1796 0.1644 0.1506 0.1380 0.1266 0.1164 0.1073 0.0991 0.0919 0.0855 0.0798 0.0749 0.0705 0.0667 0.0634 0.0606 0.0583 0.0565 0.0552 0.0544 0.0555 0.0780 0.1278 0.1695 0.2049 0.2353 0.2614 0.2838 0.3028 0.3184 0.3303 0.3378 0.3391 0.3352
0.3501 0.3359 0.3267 0.3135 0.2968 0.2768 0.2537 0.2271 0.1965 0.1609 0.1187 0.0715 0.0551 0.0545 0.0552 0.0565 0.0583 0.0605 0.0631 0.0663 0.0699 0.0741 0.0789 0.0844 0.0906 0.0976 0.1054 0.1142 0.1241 0.1351 0.1473 0.1608 0.1756 0.1918 0.2093 0.2280 0.2478 0.2686 0.2900 0.3113 0.3303 0.3395 0.3343 0.3198 0.2987 0.2718 0.2392 0.2003 0.1541 0.0980 0.0637 0.0980 0.1541 0.2003 0.2392 0.2718 0.2987 0.3198 0.3343 0.3395 0.3303 0.3113 0.2900 0.2686 0.2478 0.2280 0.2093 0.1918 0.1756 0.1608 0.1473 0.1351 0.1241 0.1142 0.1054 0.0976 0.0906 0.0844 0.0789 0.0741 0.0699 0.0663 0.0631 0.0605 0.0583 0.0565 0.0552 0.0545 0.0551 0.0715 0.1187 0.1609 0.1965 0.2271 0.2537 0.2768 0.2968 0.3135 0.3267 0.3359 0.3501
0.3470 0.3227 0.3082 0.2904 0.2694 0.2452 0.2175 0.1862 0.1501 0.1068 0.0645 0.0546 0.0546 0.0554 0.0566 0.0583 0.0605 0.0630 0.0661 0.0696 0.0736 0.0783 0.0835 0.0895 0.0962 0.1038 0.1123 0.1218 0.1324 0.1442 0.1573 0.1718 0.1876 0.2047 0.2231 0.2427 0.2633 0.2845 0.3060 0.3260 0.3387 0.3366 0.3242 0.3046 0.2791 0.2479 0.2107 0.1666 0.1130 0.0613 0.0544 0.0613 0.1130 0.1666 0.2107 0.2479 0.2791 0.3046 0.3242 0.3366 0.3387 0.3260 0.3060 0.2845 0.2633 0.2427 0.2231 0.2047 0.1876 0.1718 0.1573 0.1442 0.1324 0.1218 0.1123 0.1038 0.0962 0.0895 0.0835 0.0783 0.0736 0.0696 0.0661 0.0630 0.0605 0.0583 0.0566 0.0554 0.0546 0.0546 0.0645 0.1068 0.1501 0.1862 0.2175 0.2452 0.2694 0.2904 0.3082 0.3227 0.3470
0.3321 0.3026 0.2837 0.2616 0.2362 0.2074 0.1747 0.1373 0.0925 0.0592 0.0544 0.0547 0.0555 0.0568 0.0585 0.0606 0.0631 0.0661 0.0695 0.0734 0.0778 0.0829 0.0887 0.0952 0.1025 0.1107 0.1199 0.1302 0.1416 0.1542 0.1682 0.1836 0.2003 0.2184 0.2377 0.2580 0.2791 0.3006 0.3213 0.3367 0.3384 0.3280 0.3101 0.2861 0.2564 0.2207 0.1785 0.1278 0.0697 0.0545 0.0543 0.0545 0.0697 0.1278 0.1785 0.2207 0.2564 0.2861 0.3101 0.3280 0.3384 0.3367 0.3213 0.3006 0.2791 0.2580 0.2377 0.2184 0.2003 0.1836 0.1682 0.1542 0.1416 0.1302 0.1199 0.1107 0.1025 0.0952 0.0887 0.0829 0.0778 0.0734 0.0695 0.0661 0.0631 0.0606 0.0585 0.0568 0.0555 0.0547 0.0544 0.0592 0.0925 0.1373 0.1747 0.2074 0.2362 0.2616 0.2837 0.3026 0.3321
0.3099 0.2766 0.2534 0.2269 0.1969 0.1627 0.1232 0.0780 0.0562 0.0544 0.0549 0.0558 0.0572 0.0589 0.0610 0.0634 0.0663 0.0696 0.0734 0.0777 0.0826 0.0881 0.0944 0.1015 0.1094 0.1183 0.1283 0.1393 0.1516 0.1651 0.1799 0.1962 0.2138 0.2327 0.2528 0.2737 0.2952 0.3163 0.3339 0.3394 0.3315 0.3153 0.2927 0.2644 0.2303 0.1898 0.1416 0.0826 0.0552 0.0545 0.0549 0.0545 0.0552 0.0826 0.1416 0.1898 0.2303 0.2644 0.2927 0.3153 0.3315 0.3394 0.3339 0.3163 0.2952 0.2737 0.2528 0.2327 0.2138 0.1962 0.1799 0.1651 0.1516 0.1393 0.1283 0.1183 0.1094 0.1015 0.0944 0.0881 0.0826 0.0777 0.0734 0.0696 0.0663 0.0634 0.0610 0.0589 0.0572 0.0558 0.0549 0.0544 0.0562 0.0780 0.1232 0.1627 0.1969 0.2269 0.2534 0.2766 0.3099
0.2815 0.2449 0.2172 0.1858 0.1501 0.1081 0.0663 0.0549 0.0545 0.0551 0.0561 0.0576 0.0593 0.0614 0.0639 0.0667 0.0699 0.0736 0.0778 0.0826 0.0879 0.0940 0.1008 0.1085 0.1171 0.1268 0.1375 0.1493 0.1625 0.1769 0.1926 0.2097 0.2282 0.2478 0.2685 0.2898 0.3111 0.3302 0.3395 0.3344 0.3200 0.2989 0.2721 0.2394 0.2006 0.1546 0.0979 0.0570 0.0544 0.0552 0.0559 0.0552 0.0544 0.0570 0.0979 0.1546 0.2006 0.2394 0.2721 0.2989 0.3200 0.3344 0.3395 0.3302 0.3111 0.2898 0.2685 0.2478 0.2282 0.2097 0.1926 0.1769 0.1625 0.1493 0.1375 0.1268 0.1171 0.1085 0.1008 0.0940 0.0879 0.0826 0.0778 0.0736 0.0699 0.0667 0.0639 0.0614 0.0593 0.0576 0.0561 0.0551 0.0545 0.0549 0.0663 0.1081 0.1501 0.1858 0.2172 0.2449 0.2815
0.2470 0.2071 0.1743 0.1368 0.0923 0.0593 0.0544 0.0546 0.0554 0.0566 0.0580 0.0598 0.0620 0.0644 0.0673 0.0705 0.0741 0.0783 0.0829 0.0881 0.0940 0.1006 0.1080 0.1163 0.1256 0.1360 0.1475 0.1603 0.1743 0.1896 0.2063 0.2243 0.2434 0.2636 0.2846 0.3059 0.3259 0.3386 0.3367 0.3243 0.3048 0.2794 0.2482 0.2111 0.1670 0.1136 0.0612 0.0543 0.0550 0.0563 0.0572 0.0563 0.0550 0.0543 0.0612 0.1136 0.1670 0.2111 0.2482 0.2794 0.3048 0.3243 0.3367 0.3386 0.3259 0.3059 0.2846 0.2636 0.2434 0.2243 0.2063 0.1896 0.1743 0.1603 0.1475 0.1360 0.1256 0.1163 0.1080 0.1006 0.0940 0.0881 0.0829 0.0783 0.0741 0.0705 0.0673 0.0644 0.0620 0.0598 0.0580 0.0566 0.0554 0.0546 0.0544 0.0593 0.0923 0.1368 0.1743 0.2071 0.2470
0.2056 0.1623 0.1227 0.0776 0.0562 0.0544 0.0548 0.0558 0.0570 0.0586 0.0605 0.0626 0.0651 0.0680 0.0712 0.0749 0.0789 0.0835 0.0887 0.0944 0.1008 0.1080 0.1160 0.1250 0.1351 0.1462 0.1586 0.1722 0.1872 0.2034 0.2209 0.2397 0.2594 0.2800 0.3011 0.3214 0.3367 0.3384 0.3282 0.3103 0.2863 0.2566 0.2210 0.1788 0.1283 0.0700 0.0545 0.0548 0.0560 0.0577 0.0588 0.0577 0.0560 0.0548 0.0545 0.0700 0.1283 0.1788 0.2210 0.2566 0.2863 0.3103 0.3282 0.3384 0.3367 0.3214 0.3011 0.2800 0.2594 0.2397 0.2209 0.2034 0.1872 0.1722 0.1586 0.1462 0.1351 0.1250 0.1160 0.1080 0.1008 0.0944 0.0887 0.0835 0.0789 0.0749 0.0712 0.0680 0.0651 0.0626 0.0605 0.0586 0.0570 0.0558 0.0548 0.0544 0.0562 0.0776 0.1227 0.1623 0.2056
0.1558 0.1076 0.0660 0.0549 0.0545 0.0551 0.0561 0.0575 0.0592 0.0612 0.0634 0.0660 0.0689 0.0721 0.0758 0.0798 0.0844 0.0895 0.0952 0.1015 0.1085 0.1163 0.1250 0.1348 0.1456 0.1576 0.1708 0.1853 0.2011 0.2182 0.2365 0.2559 0.2761 0.2968 0.3172 0.3341 0.3394 0.3315 0.3154 0.2929 0.2646 0.2306 0.1902 0.1420 0.0830 0.0552 0.0546 0.0556 0.0573 0.0595 0.0608 0.0595 0.0573 0.0556 0.0546 0.0552 0.0830 0.1420 0.1902 0.2306 0.2646 0.2929 0.3154 0.3315 0.3394 0.3341 0.3172 0.2968 0.2761 0.2559 0.2365 0.2182 0.2011 0.1853 0.1708 0.1576 0.1456 0.1348 0.1250 0.1163 0.1085 0.1015 0.0952 0.0895 0.0844 0.0798 0.0758 0.0721 0.0689 0.0660 0.0634 0.0612 0.0592 0.0575 0.0561 0.0551 0.0545 0.0549 0.0660 0.1076 0.1558
0.0930 0.0591 0.0544 0.0546 0.0554 0.0566 0.0580 0.0598 0.0619 0.0643 0.0669 0.0699 0.0732 0.0769 0.0810 0.0855 0.0906 0.0962 0.1025 0.1094 0.1171 0.1256 0.1351 0.1456 0.1572 0.1700 0.1841 0.1994 0.2161 0.2339 0.2529 0.2728 0.2932 0.3135 0.3314 0.3396 0.3341 0.3198 0.2989 0.2722 0.2397 0.2010 0.1550 0.0984 0.0571 0.0544 0.0553 0.0568 0.0590 0.0615 0.0630 0.0615 0.0590 0.0568 0.0553 0.0544 0.0571 0.0984 0.1550 0.2010 0.2397 0.2722 0.2989 0.3198 0.3341 0.3396 0.3314 0.3135 0.2932 0.2728 0.2529 0.2339 0.2161 0.1994 0.1841 0.1700 0.1572 0.1456 0.1351 0.1256 0.1171 0.1094 0.1025 0.0962 0.0906 0.0855 0.0810 0.0769 0.0732 0.0699 0.0669 0.0643 0.0619 0.0598 0.0580 0.0566 0.0554 0.0546 0.0544 0.0591 0.0930
0.0566 0.0544 0.0549 0.0558 0.0570 0.0586 0.0605 0.0627 0.0651 0.0679 0.0710 0.0744 0.0781 0.0823 0.0869 0.0919 0.0976 0.1038 0.1107 0.1183 0.1268 0.1360 0.1462 0.1576 0.1700 0.1836 0.1985 0.2147 0.2320 0.2506 0.2701 0.2902 0.3103 0.3287 0.3392 0.3360 0.3233 0.3041 0.2789 0.2480 0.2112 0.1674 0.1141 0.0614 0.0543 0.0550 0.0564 0.0584 0.0609 0.0638 0.0655 0.0638 0.0609 0.0584 0.0564 0.0550 0.0543 0.0614 0.1141 0.1674 0.2112 0.2480 0.2789 0.3041 0.3233 0.3360 0.3392 0.3287 0.3103 0.2902 0.2701 0.2506 0.2320 0.2147 0.1985 0.1836 0.1700 0.1576 0.1462 0.1360 0.1268 0.1183 0.1107 0.1038 0.0976 0.0919 0.0869 0.0823 0.0781 0.0744 0.0710 0.0679 0.0651 0.0627 0.0605 0.0586 0.0570 0.0558 0.0549 0.0544 0.0566
0.0542 0.0551 0.0562 0.0575 0.0592 0.0612 0.0635 0.0660 0.0689 0.0721 0.0756 0.0795 0.0837 0.0884 0.0935 0.0991 0.1054 0.1123 0.1199 0.1283 0.1375 0.1475 0.1586 0.1708 0.1841 0.1985 0.2142 0.2310 0.2490 0.2680 0.2878 0.3078 0.3263 0.3384 0.3373 0.3262 0.3083 0.2845 0.2552 0.2202 0.1786 0.1285 0.0704 0.0545 0.0548 0.0560 0.0578 0.0602 0.0632 0.0664 0.0683 0.0664 0.0632 0.0602 0.0578 0.0560 0.0548 0.0545 0.0704 0.1285 0.1786 0.2202 0.2552 0.2845 0.3083 0.3262 0.3373 0.3384 0.3263 0.3078 0.2878 0.2680 0.2490 0.2310 0.2142 0.1985 0.1841 0.1708 0.1586 0.1475 0.1375 0.1283 0.1199 0.1123 0.1054 0.0991 0.0935 0.0884 0.0837 0.0795 0.0756 0.0721 0.0689 0.0660 0.0635 0.0612 0.0592 0.0575 0.0562 0.0551 0.0542
0.0545 0.0565 0.0581 0.0598 0.0619 0.0643 0.0670 0.0699 0.0732 0.0769 0.0809 0.0853 0.0901 0.0953 0.1010 0.1073 0.1142 0.1218 0.1302 0.1393 0.1493 0.1603 0.1722 0.1853 0.1994 0.2147 0.2310 0.2485 0.2669 0.2862 0.3058 0.3244 0.3376 0.3382 0.3285 0.3118 0.2893 0.2614 0.2278 0.1881 0.1409 0.0827 0.0552 0.0546 0.0556 0.0573 0.0596 0.0624 0.0657 0.0693 0.0714 0.0693 0.0657 0.0624 0.0596 0.0573 0.0556 0.0546 0.0552 0.0827 0.1409 0.1881 0.2278 0.2614 0.2893 0.3118 0.3285 0.3382 0.3376 0.3244 0.3058 0.2862 0.2669 0.2485 0.2310 0.2147 0.1994 0.1853 0.1722 0.1603 0.1493 0.1393 0.1302 0.1218 0.1142 0.1073 0.1010 0.0953 0.0901 0.0853 0.0809 0.0769 0.0732 0.0699 0.0670 0.0643 0.0619 0.0598 0.0581 0.0565 0.0545
0.0558 0.0586 0.0605 0.0627 0.0652 0.0679 0.0710 0.0744 0.0782 0.0823 0.0868 0.0918 0.0972 0.1031 0.1095 0.1164 0.1241 0.1324 0.1416 0.1516 0.1625 0.1743 0.1872 0.2011 0.2161 0.2320 0.2490 0.2669 0.2856 0.3047 0.3231 0.3368 0.3388 0.3302 0.3146 0.2933 0.2666 0.2344 0.1962 0.1512 0.0954 0.0568 0.0544 0.0553 0.0568 0.0590 0.0616 0.0648 0.0685 0.0726 0.0749 0.0726 0.0685 0.0648 0.0616 0.0590 0.0568 0.0553 0.0544 0.0568 0.0954 0.1512 0.1962 0.2344 0.2666 0.2933 0.3146 0.3302 0.3388 0.3368 0.3231 0.3047 0.2856 0.2669 0.2490 0.2320 0.2161 0.2011 0.1872 0.1743 0.1625 0.1516 0.1416 0.1324 0.1241 0.1164 0.1095 0.1031 0.0972 0.0918 0.0868 0.0823 0.0782 0.0744 0.0710 0.0679 0.0652 0.0627 0.0605 0.0586 0.0558
0.0576 0.0612 0.0635 0.0661 0.0689 0.0721 0.0756 0.0795 0.0838 0.0884 0.0935 0.0991 0.1052 0.1117 0.1189 0.1266 0.1351 0.1442 0.1542 0.1651 0.1769 0.1896 0.2034 0.2182 0.2339 0.2506 0.2680 0.2862 0.3047 0.3225 0.3363 0.3391 0.3313 0.3166 0.2962 0.2707 0.2398 0.2031 0.1598 0.1070 0.0596 0.0544 0.0550 0.0564 0.0584 0.0609 0.0639 0.0675 0.0717 0.0761 0.0787 0.0761 0.0717 0.0675 0.0639 0.0609 0.0584 0.0564 0.0550 0.0544 0.0596 0.1070 0.1598 0.2031 0.2398 0.2707 0.2962 0.3166 0.3313 0.3391 0.3363 0.3225 0.3047 0.2862 0.2680 0.2506 0.2339 0.2182 0.2034 0.1896 0.1769 0.1651 0.1542 0.1442 0.1351 0.1266 0.1189 0.1117 0.1052 0.0991 0.0935 0.0884 0.0838 0.0795 0.0756 0.0721 0.0689 0.0661 0.0635 0.0612 0.0576
0.0600 0.0642 0.0670 0.0700 0.0733 0.0769 0.0809 0.0853 0.0901 0.0954 0.1011 0.1073 0.1141 0.1214 0.1294 0.1380 0.1473 0.1573 0.1682 0.1799 0.1926 0.2063 0.2209 0.2365 0.2529 0.2701 0.2878 0.3058 0.3231 0.3363 0.3391 0.3318 0.3178 0.2982 0.2736 0.2438 0.2085 0.1667 0.1164 0.0639 0.0544 0.0548 0.0561 0.0579 0.0603 0.0632 0.0666 0.0705 0.0751 0.0801 0.0829 0.0801 0.0751 0.0705 0.0666 0.0632 0.0603 0.0579 0.0561 0.0548 0.0544 0.0639 0.1164 0.1667 0.2085 0.2438 0.2736 0.2982 0.3178 0.3318 0.3391 0.3363 0.3231 0.3058 0.2878 0.2701 0.2529 0.2365 0.2209 0.2063 0.1926 0.1799 0.1682 0.1573 0.1473 0.1380 0.1294 0.1214 0.1141 0.1073 0.1011 0.0954 0.0901 0.0853 0.0809 0.0769 0.0733 0.0700 0.0670 0.0642 0.0600
0.0629 0.0679 0.0710 0.0745 0.0782 0.0823 0.0869 0.0918 0.0972 0.1031 0.1095 0.1165 0.1240 0.1322 0.1411 0.1506 0.1608 0.1718 0.1836 0.1962 0.2097 0.2243 0.2397 0.2559 0.2728 0.2902 0.3078 0.3244 0.3368 0.3391 0.3318 0.3182 0.2993 0.2755 0.2466 0.2124 0.1721 0.1238 0.0691 0.0545 0.0547 0.0558 0.0575 0.0597 0.0625 0.0657 0.0695 0.0739 0.0790 0.0844 0.0875 0.0844 0.0790 0.0739 0.0695 0.0657 0.0625 0.0597 0.0575 0.0558 0.0547 0.0545 0.0691 0.1238 0.1721 0.2124 0.2466 0.2755 0.2993 0.3182 0.3318 0.3391 0.3368 0.3244 0.3078 0.2902 0.2728 0.2559 0.2397 0.2243 0.2097 0.1962 0.1836 0.1718 0.1608 0.1506 0.1411 0.1322 0.1240 0.1165 0.1095 0.1031 0.0972 0.0918 0.0869 0.0823 0.0782 0.0745 0.0710 0.0679 0.0629
0.0663 0.0721 0.0757 0.0796 0.0838 0.0885 0.0936 0.0992 0.1052 0.1118 0.1190 0.1267 0.1351 0.1442 0.1539 0.1644 0.1756 0.1876 0.2003 0.2138 0.2282 0.2434 0.2594 0.2761 0.2932 0.3103 0.3263 0.3376 0.3388 0.3313 0.3178 0.2993 0.2761 0.2481 0.2150 0.1759 0.1293 0.0742 0.0548 0.0546 0.0556 0.0572 0.0593 0.0619 0.0650 0.0687 0.0729 0.0777 0.0832 0.0891 0.0926 0.0891 0.0832 0.0777 0.0729 0.0687 0.0650 0.0619 0.0593 0.0572 0.0556 0.0546 0.0548 0.0742 0.1293 0.1759 0.2150 0.2481 0.2761 0.2993 0.3178 0.3313 0.3388 0.3376 0.3263 0.3103 0.2932 0.2761 0.2594 0.2434 0.2282 0.2138 0.2003 0.1876 0.1756 0.1644 0.1539 0.1442 0.1351 0.1267 0.1190 0.1118 0.1052 0.0992 0.0936 0.0885 0.0838 0.0796 0.0757 0.0721 0.0663
0.0703 0.0768 0.0810 0.0854 0.0902 0.0954 0.1011 0.1074 0.1142 0.1215 0.1295 0.1381 0.1474 0.1574 0.1681 0.1796 0.1918 0.2047 0.2184 0.2327 0.2478 0.2636 0.2800 0.2968 0.3135 0.3287 0.3384 0.3382 0.3302 0.3166 0.2982 0.2755 0.2481 0.2160 0.1780 0.1329 0.0784 0.0552 0.0545 0.0554 0.0569 0.0589 0.0614 0.0644 0.0679 0.0720 0.0766 0.0819 0.0879 0.0943 0.0981 0.0943 0.0879 0.0819 0.0766 0.0720 0.0679 0.0644 0.0614 0.0589 0.0569 0.0554 0.0545 0.0552 0.0784 0.1329 0.1780 0.2160 0.2481 0.2755 0.2982 0.3166 0.3302 0.3382 0.3384 0.3287 0.3135 0.2968 0.2800 0.2636 0.2478 0.2327 0.2184 0.2047 0.1918 0.1796 0.1681 0.1574 0.1474 0.1381 0.1295 0.1215 0.1142 0.1074 0.1011 0.0954 0.0902 0.0854 0.0810 0.0768 0.0703
0.0749 0.0823 0.0869 0.0919 0.0973 0.1032 0.1096 0.1166 0.1241 0.1323 0.1412 0.1507 0.1609 0.1719 0.1836 0.1961 0.2093 0.2231 0.2377 0.2528 0.2685 0.2846 0.3011 0.3172 0.3314 0.3392 0.3373 0.3285 0.3146 0.2962 0.2736 0.2466 0.2150 0.1780 0.1342 0.0809 0.0555 0.0545 0.0553 0.0567 0.0586 0.0610 0.0639 0.0673 0.0712 0.0757 0.0808 0.0865 0.0931 0.1001 0.1042 0.1001 0.0931 0.0865 0.0808 0.0757 0.0712 0.0673 0.0639 0.0610 0.0586 0.0567 0.0553 0.0545 0.0555 0.0809 0.1342 0.1780 0.2150 0.2466 0.2736 0.2962 0.3146 0.3285 0.3373 0.3392 0.3314 0.3172 0.3011 0.2846 0.2685 0.2528 0.2377 0.2231 0.2093 0.1961 0.1836 0.1719 0.1609 0.1507 0.1412 0.1323 0.1241 0.1166 0.1096 0.1032 0.0973 0.0919 0.0869 0.0823 0.0749
0.0802 0.0884 0.0937 0.0992 0.1053 0.1119 0.1191 0.1268 0.1352 0.1443 0.1541 0.1645 0.1758 0.1877 0.2004 0.2139 0.2280 0.2427 0.2580 0.2737 0.2898 0.3059 0.3214 0.3341 0.3396 0.3360 0.3262 0.3118 0.2933 0.2707 0.2438 0.2124 0.1759 0.1329 0.0809 0.0557 0.0544 0.0552 0.0566 0.0584 0.0607 0.0635 0.0668 0.0706 0.0749 0.0798 0.0854 0.0917 0.0988 0.1065 0.1109 0.1065 0.0988 0.0917 0.0854 0.0798 0.0749 0.0706 0.0668 0.0635 0.0607 0.0584 0.0566 0.0552 0.0544 0.0557 0.0809 0.1329 0.1759 0.2124 0.2438 0.2707 0.2933 0.3118 0.3262 0.3360 0.3396 0.3341 0.3214 0.3059 0.2898 0.2737 0.2580 0.2427 0.2280 0.2139 0.2004 0.1877 0.1758 0.1645 0.1541 0.1443 0.1352 0.1268 0.1191 0.1119 0.1053 0.0992 0.0937 0.0884 0.0802
0.0861 0.0953 0.1012 0.1075 0.1142 0.1216 0.1296 0.1382 0.1475 0.1575 0.1682 0.1797 0.1919 0.2049 0.2185 0.2329 0.2478 0.2633 0.2791 0.2952 0.3111 0.3259 0.3367 0.3394 0.3341 0.3233 0.3083 0.2893 0.2666 0.2398 0.2085 0.1721 0.1293 0.0784 0.0555 0.0544 0.0552 0.0565 0.0583 0.0605 0.0632 0.0664 0.0700 0.0742 0.0790 0.0844 0.0905 0.0974 0.1052 0.1135 0.1183 0.1135 0.1052 0.0974 0.0905 0.0844 0.0790 0.0742 0.0700 0.0664 0.0632 0.0605 0.0583 0.0565 0.0552 0.0544 0.0555 0.0784 0.1293 0.1721 0.2085 0.2398 0.2666 0.2893 0.3083 0.3233 0.3341 0.3394 0.3367 0.3259 0.3111 0.2952 0.2791 0.2633 0.2478 0.2329 0.2185 0.2049 0.1919 0.1797 0.1682 0.1575 0.1475 0.1382 0.1296 0.1216 0.1142 0.1075 0.1012 0.0953 0.0861
0.0928 0.1031 0.1097 0.1167 0.1242 0.1324 0.1413 0.1508 0.1610 0.1720 0.1837 0.1962 0.2094 0.2233 0.2378 0.2530 0.2686 0.2845 0.3006 0.3163 0.3302 0.3386 0.3384 0.3315 0.3198 0.3041 0.2845 0.2614 0.2344 0.2031 0.1667 0.1238 0.0742 0.0552 0.0545 0.0552 0.0565 0.0583 0.0604 0.0631 0.0661 0.0697 0.0737 0.0784 0.0836 0.0896 0.0962 0.1037 0.1122 0.1212 0.1264 0.1212 0.1122 0.1037 0.0962 0.0896 0.0836 0.0784 0.0737 0.0697 0.0661 0.0631 0.0604 0.0583 0.0565 0.0552 0.0545 0.0552 0.0742 0.1238 0.1667 0.2031 0.2344 0.2614 0.2845 0.3041 0.3198 0.3315 0.3384 0.3386 0.3302 0.3163 0.3006 0.2845 0.2686 0.2530 0.2378 0.2233 0.2094 0.1962 0.1837 0.1720 0.1610 0.1508 0.1413 0.1324 0.1242 0.1167 0.1097 0.1031 0.0928
0.1003 0.1118 0.1191 0.1269 0.1353 0.1444 0.1542 0.1647 0.1759 0.1879 0.2006 0.2140 0.2281 0.2429 0.2582 0.2739 0.2900 0.3060 0.3213 0.3339 0.3395 0.3367 0.3282 0.3154 0.2989 0.2789 0.2552 0.2278 0.1962 0.1598 0.1164 0.0691 0.0548 0.0545 0.0553 0.0566 0.0583 0.0604 0.0630 0.0660 0.0695 0.0734 0.0779 0.0830 0.0888 0.0953 0.1026 0.1107 0.1199 0.1296 0.1353 0.1296 0.1199 0.1107 0.1026 0.0953 0.0888 0.0830 0.0779 0.0734 0.0695 0.0660 0.0630 0.0604 0.0583 0.0566 0.0553 0.0545 0.0548 0.0691 0.1164 0.1598 0.1962 0.2278 0.2552 0.2789 0.2989 0.3154 0.3282 0.3367 0.3395 0.3339 0.3213 0.3060 0.2900 0.2739 0.2582 0.2429 0.2281 0.2140 0.2006 0.1879 0.1759 0.1647 0.1542 0.1444 0.1353 0.1269 0.1191 0.1118 0.1003
0.1088 0.1215 0.1297 0.1383 0.1476 0.1576 0.1684 0.1798 0.1921 0.2050 0.2187 0.2330 0.2480 0.2634 0.2793 0.2954 0.3113 0.3260 0.3367 0.3394 0.3344 0.3243 0.3103 0.2929 0.2722 0.2480 0.2202 0.1881 0.1512 0.1070 0.0639 0.0545 0.0546 0.0554 0.0567 0.0584 0.0605 0.0631 0.0660 0.0694 0.0733 0.0777 0.0827 0.0883 0.0946 0.1016 0.1096 0.1184 0.1283 0.1388 0.1451 0.1388 0.1283 0.1184 0.1096 0.1016 0.0946 0.0883 0.0827 0.0777 0.0733 0.0694 0.0660 0.0631 0.0605 0.0584 0.0567 0.0554 0.0546 0.0545 0.0639 0.1070 0.1512 0.1881 0.2202 0.2480 0.2722 0.2929 0.3103 0.3243 0.3344 0.3394 0.3367 0.3260 0.3113 0.2954 0.2793 0.2634 0.2480 0.2330 0.2187 0.2050 0.1921 0.1798 0.1684 0.1576 0.1476 0.1383 0.1297 0.1215 0.1088
0.1183 0.1323 0.1414 0.1509 0.1612 0.1721 0.1839 0.1964 0.2096 0.2234 0.2380 0.2531 0.2687 0.2847 0.3008 0.3165 0.3303 0.3387 0.3384 0.3315 0.3200 0.3048 0.2863 0.2646 0.2397 0.2112 0.1786 0.1409 0.0954 0.0596 0.0544 0.0547 0.0556 0.0569 0.0586 0.0607 0.0632 0.0661 0.0695 0.0733 0.0776 0.0825 0.0879 0.0941 0.1010 0.1087 0.1173 0.1269 0.1376 0.1490 0.1557 0.1490 0.1376 0.1269 0.1173 0.1087 0.1010 0.0941 0.0879 0.0825 0.0776 0.0733 0.0695 0.0661 0.0632 0.0607 0.0586 0.0569 0.0556 0.0547 0.0544 0.0596 0.0954 0.1409 0.1786 0.2112 0.2397 0.2646 0.2863 0.3048 0.3200 0.3315 0.3384 0.3387 0.3303 0.3165 0.3008 0.2847 0.2687 0.2531 0.2380 0.2234 0.2096 0.1964 0.1839 0.1721 0.1612 0.1509 0.1414 0.1323 0.1183
0.1289 0.1443 0.1543 0.1648 0.1760 0.1880 0.2007 0.2142 0.2283 0.2430 0.2583 0.2741 0.2901 0.3062 0.3215 0.3340 0.3395 0.3366 0.3280 0.3153 0.2989 0.2794 0.2566 0.2306 0.2010 0.1674 0.1285 0.0827 0.0568 0.0544 0.0548 0.0558 0.0572 0.0589 0.0610 0.0635 0.0664 0.0697 0.0734 0.0777 0.0825 0.0878 0.0939 0.1006 0.1081 0.1165 0.1259 0.1363 0.1478 0.1601 0.1674 0.1601 0.1478 0.1363 0.1259 0.1165 0.1081 0.1006 0.0939 0.0878 0.0825 0.0777 0.0734 0.0697 0.0664 0.0635 0.0610 0.0589 0.0572 0.0558 0.0548 0.0544 0.0568 0.0827 0.1285 0.1674 0.2010 0.2306 0.2566 0.2794 0.2989 0.3153 0.3280 0.3366 0.3395 0.3340 0.3215 0.3062 0.2901 0.2741 0.2583 0.2430 0.2283 0.2142 0.2007 0.1880 0.1760 0.1648 0.1543 0.1443 0.1289
0.1408 0.1575 0.1685 0.1800 0.1922 0.2052 0.2188 0.2332 0.2481 0.2636 0.2795 0.2956 0.3115 0.3261 0.3368 0.3394 0.3343 0.3242 0.3101 0.2927 0.2721 0.2482 0.2210 0.1902 0.1550 0.1141 0.0704 0.0552 0.0544 0.0550 0.0561 0.0575 0.0593 0.0614 0.0639 0.0668 0.0700 0.0737 0.0779 0.0827 0.0879 0.0939 0.1005 0.1078 0.1161 0.1252 0.1354 0.1466 0.1590 0.1721 0.1800 0.1721 0.1590 0.1466 0.1354 0.1252 0.1161 0.1078 0.1005 0.0939 0.0879 0.0827 0.0779 0.0737 0.0700 0.0668 0.0639 0.0614 0.0593 0.0575 0.0561 0.0550 0.0544 0.0552 0.0704 0.1141 0.1550 0.1902 0.2210 0.2482 0.2721 0.2927 0.3101 0.3242 0.3343 0.3394 0.3368 0.3261 0.3115 0.2956 0.2795 0.2636 0.2481 0.2332 0.2188 0.2052 0.1922 0.1800 0.1685 0.1575 0.1408
0.1539 0.1720 0.1840 0.1965 0.2097 0.2236 0.2382 0.2533 0.2689 0.2849 0.3010 0.3166 0.3304 0.3387 0.3383 0.3314 0.3198 0.3046 0.2861 0.2644 0.2394 0.2111 0.1788 0.1420 0.0984 0.0614 0.0545 0.0546 0.0553 0.0564 0.0579 0.0597 0.0619 0.0644 0.0673 0.0706 0.0742 0.0784 0.0830 0.0883 0.0941 0.1006 0.1078 0.1159 0.1249 0.1348 0.1458 0.1579 0.1712 0.1852 0.1937 0.1852 0.1712 0.1579 0.1458 0.1348 0.1249 0.1159 0.1078 0.1006 0.0941 0.0883 0.0830 0.0784 0.0742 0.0706 0.0673 0.0644 0.0619 0.0597 0.0579 0.0564 0.0553 0.0546 0.0545 0.0614 0.0984 0.1420 0.1788 0.2111 0.2394 0.2644 0.2861 0.3046 0.3198 0.3314 0.3383 0.3387 0.3304 0.3166 0.3010 0.2849 0.2689 0.2533 0.2382 0.2236 0.2097 0.1965 0.1840 0.1720 0.1539
0.1685 0.1879 0.2009 0.2143 0.2284 0.2432 0.2585 0.2743 0.2903 0.3063 0.3216 0.3341 0.3395 0.3366 0.3279 0.3151 0.2987 0.2791 0.2564 0.2303 0.2006 0.1670 0.1283 0.0830 0.0571 0.0543 0.0548 0.0556 0.0568 0.0584 0.0603 0.0625 0.0650 0.0679 0.0712 0.0749 0.0790 0.0836 0.0888 0.0946 0.1010 0.1081 0.1161 0.1249 0.1346 0.1454 0.1572 0.1702 0.1844 0.1993 0.2085 0.1993 0.1844 0.1702 0.1572 0.1454 0.1346 0.1249 0.1161 0.1081 0.1010 0.0946 0.0888 0.0836 0.0790 0.0749 0.0712 0.0679 0.0650 0.0625 0.0603 0.0584 0.0568 0.0556 0.0548 0.0543 0.0571 0.0830 0.1283 0.1670 0.2006 0.2303 0.2564 0.2791 0.2987 0.3151 0.3279 0.3366 0.3395 0.3341 0.3216 0.3063 0.2903 0.2743 0.2585 0.2432 0.2284 0.2143 0.2009 0.1879 0.1685
0.1846 0.2051 0.2190 0.2333 0.2483 0.2638 0.2796 0.2957 0.3116 0.3263 0.3369 0.3393 0.3342 0.3240 0.3100 0.2925 0.2718 0.2479 0.2207 0.1898 0.1546 0.1136 0.0700 0.0552 0.0544 0.0550 0.0560 0.0573 0.0590 0.0609 0.0632 0.0657 0.0687 0.0720 0.0757 0.0798 0.0844 0.0896 0.0953 0.1016 0.1087 0.1165 0.1252 0.1348 0.1454 0.1570 0.1698 0.1837 0.1987 0.2146 0.2243 0.2146 0.1987 0.1837 0.1698 0.1570 0.1454 0.1348 0.1252 0.1165 0.1087 0.1016 0.0953 0.0896 0.0844 0.0798 0.0757 0.0720 0.0687 0.0657 0.0632 0.0609 0.0590 0.0573 0.0560 0.0550 0.0544 0.0552 0.0700 0.1136 0.1546 0.1898 0.2207 0.2479 0.2718 0.2925 0.3100 0.3240 0.3342 0.3393 0.3369 0.3263 0.3116 0.2957 0.2796 0.2638 0.2483 0.2333 0.2190 0.2051 0.1846
0.2022 0.2235 0.2383 0.2535 0.2691 0.2851 0.3011 0.3168 0.3305 0.3387 0.3383 0.3313 0.3197 0.3044 0.2859 0.2641 0.2392 0.2107 0.1785 0.1416 0.0979 0.0612 0.0545 0.0546 0.0553 0.0564 0.0578 0.0596 0.0616 0.0639 0.0666 0.0695 0.0729 0.0766 0.0808 0.0854 0.0905 0.0962 0.1026 0.1096 0.1173 0.1259 0.1354 0.1458 0.1572 0.1698 0.1834 0.1982 0.2142 0.2308 0.2412 0.2308 0.2142 0.1982 0.1834 0.1698 0.1572 0.1458 0.1354 0.1259 0.1173 0.1096 0.1026 0.0962 0.0905 0.0854 0.0808 0.0766 0.0729 0.0695 0.0666 0.0639 0.0616 0.0596 0.0578 0.0564 0.0553 0.0546 0.0545 0.0612 0.0979 0.1416 0.1785 0.2107 0.2392 0.2641 0.2859 0.3044 0.3197 0.3313 0.3383 0.3387 0.3305 0.3168 0.3011 0.2851 0.2691 0.2535 0.2383 0.2235 0.2022
0.2214 0.2432 0.2587 0.2744 0.2905 0.3065 0.3218 0.3342 0.3395 0.3365 0.3278 0.3149 0.2986 0.2789 0.2561 0.2300 0.2003 0.1666 0.1278 0.0826 0.0570 0.0543 0.0548 0.0556 0.0568 0.0584 0.0602 0.0624 0.0648 0.0675 0.0705 0.0739 0.0777 0.0819 0.0865 0.0917 0.0974 0.1037 0.1107 0.1184 0.1269 0.1363 0.1466 0.1579 0.1702 0.1837 0.1982 0.2139 0.2306 0.2481 0.2591 0.2481 0.2306 0.2139 0.1982 0.1837 0.1702 0.1579 0.1466 0.1363 0.1269 0.1184 0.1107 0.1037 0.0974 0.0917 0.0865 0.0819 0.0777 0.0739 0.0705 0.0675 0.0648 0.0624 0.0602 0.0584 0.0568 0.0556 0.0548 0.0543 0.0570 0.0826 0.1278 0.1666 0.2003 0.2300 0.2561 0.2789 0.2986 0.3149 0.3278 0.3365 0.3395 0.3342 0.3218 0.3065 0.2905 0.2744 0.2587 0.2432 0.2214
0.2421 0.2639 0.2799 0.2960 0.3119 0.3265 0.3370 0.3393 0.3341 0.3239 0.3097 0.2922 0.2715 0.2476 0.2203 0.1893 0.1541 0.1130 0.0697 0.0552 0.0544 0.0550 0.0560 0.0573 0.0590 0.0609 0.0632 0.0657 0.0685 0.0717 0.0751 0.0790 0.0832 0.0879 0.0931 0.0988 0.1052 0.1122 0.1199 0.1283 0.1376 0.1478 0.1590 0.1712 0.1844 0.1987 0.2142 0.2306 0.2481 0.2662 0.2778 0.2662 0.2481 0.2306 0.2142 0.1987 0.1844 0.1712 0.1590 0.1478 0.1376 0.1283 0.1199 0.1122 0.1052 0.0988 0.0931 0.0879 0.0832 0.0790 0.0751 0.0717 0.0685 0.0657 0.0632 0.0609 0.0590 0.0573 0.0560 0.0550 0.0544 0.0552 0.0697 0.1130 0.1541 0.1893 0.2203 0.2476 0.2715 0.2922 0.3097 0.3239 0.3341 0.3393 0.3370 0.3265 0.3119 0.2960 0.2799 0.2639 0.2421
0.2638 0.2851 0.3014 0.3172 0.3310 0.3389 0.3381 0.3309 0.3191 0.3038 0.2851 0.2632 0.2381 0.2095 0.1771 0.1402 0.0980 0.0613 0.0545 0.0545 0.0552 0.0563 0.0577 0.0595 0.0615 0.0638 0.0664 0.0693 0.0726 0.0761 0.0801 0.0844 0.0891 0.0943 0.1001 0.1065 0.1135 0.1212 0.1296 0.1388 0.1490 0.1601 0.1721 0.1852 0.1993 0.2146 0.2308 0.2481 0.2662 0.2849 0.2970 0.2849 0.2662 0.2481 0.2308 0.2146 0.1993 0.1852 0.1721 0.1601 0.1490 0.1388 0.1296 0.1212 0.1135 0.1065 0.1001 0.0943 0.0891 0.0844 0.0801 0.0761 0.0726 0.0693 0.0664 0.0638 0.0615 0.0595 0.0577 0.0563 0.0552 0.0545 0.0545 0.0613 0.0980 0.1402 0.1771 0.2095 0.2381 0.2632 0.2851 0.3038 0.3191 0.3309 0.3381 0.3389 0.3310 0.3172 0.3014 0.2851 0.2638
0.2776 0.2987 0.3150 0.3295 0.3385 0.3384 0.3316 0.3201 0.3050 0.2866 0.2649 0.2400 0.2117 0.1796 0.1432 0.1019 0.0637 0.0544 0.0543 0.0549 0.0559 0.0572 0.0588 0.0608 0.0630 0.0655 0.0683 0.0714 0.0749 0.0787 0.0829 0.0875 0.0926 0.0981 0.1042 0.1109 0.1183 0.1264 0.1353 0.1451 0.1557 0.1674 0.1800 0.1937 0.2085 0.2243 0.2412 0.2591 0.2778 0.2970 0.3091 0.2970 0.2778 0.2591 0.2412 0.2243 0.2085 0.1937 0.1800 0.1674 0.1557 0.1451 0.1353 0.1264 0.1183 0.1109 0.1042 0.0981 0.0926 0.0875 0.0829 0.0787 0.0749 0.0714 0.0683 0.0655 0.0630 0.0608 0.0588 0.0572 0.0559 0.0549 0.0543 0.0544 0.0637 0.1019 0.1432 0.1796 0.2117 0.2400 0.2649 0.2866 0.3050 0.3201 0.3316 0.3384 0.3385 0.3295 0.3150 0.2987 0.2776
0.2638 0.2851 0.3014 0.3172 0.3310 0.3389 0.3381 0.3309 0.3191 0.3038 0.2851 0.2632 0.2381 0.2095 0.1771 0.1402 0.0980 0.0613 0.0545 0.0545 0.0552 0.0563 0.0577 0.0595 0.0615 0.0638 0.0664 0.0693 0.0726 0.0761 0.0801 0.0844 0.0891 0.0943 0.1001 0.1065 0.1135 0.1212 0.1296 0.1388 0.1490 0.1601 0.1721 0.1852 0.1993 0.2146 0.2308 0.2481 0.2662 0.2849 0.2970 0.2849 0.2662 0.2481 0.2308 0.2146 0.1993 0.1852 0.1721 0.1601 0.1490 0.1388 0.1296 0.1212 0.1135 0.1065 0.1001 0.0943 0.0891 0.0844 0.0801 0.0761 0.0726 0.0693 0.0664 0.0638 0.0615 0.0595 0.0577 0.0563 0.0552 0.0545 0.0545 0.0613 0.0980 0.1402 0.1771 0.2095 0.2381 0.2632 0.2851 0.3038 0.3191 0.3309 0.3381 0.3389 0.3310 0.3172 0.3014 0.2851 0.2638
0.2421 0.2639 0.2799 0.2960 0.3119 0.3265 0.3370 0.3393 0.3341 0.3239 0.3097 0.2922 0.2715 0.2476 0.2203 0.1893 0.1541 0.1130 0.0697 0.0552 0.0544 0.0550 0.0560 0.0573 0.0590 0.0609 0.0632 0.0657 0.0685 0.0717 0.0751 0.0790 0.0832 0.0879 0.0931 0.0988 0.1052 0.1122 0.1199 0.1283 0.1376 0.1478 0.1590 0.1712 0.1844 0.1987 0.2142 0.2306 0.2481 0.2662 0.2778 0.2662 0.2481 0.2306 0.2142 0.1987 0.1844 0.1712 0.1590 0.1478 0.1376 0.1283 0.1199 0.1122 0.1052 0.0988 0.0931 0.0879 0.0832 0.0790 0.0751 0.0717 0.0685 0.0657 0.0632 0.0609 0.0590 0.0573 0.0560 0.0550 0.0544 0.0552 0.0697 0.1130 0.1541 0.1893 0.2203 0.2476 0.2715 0.2922 0.3097 0.3239 0.3341 0.3393 0.3370 0.3265 0.3119 0.2960 0.2799 0.2639 0.2421
0.2214 0.2432 0.2587 0.2744 0.2905 0.3065 0.3218 0.3342 0.3395 0.3365 0.3278 0.3149 0.2986 0.2789 0.2561 0.2300 0.2003 0.1666 0.1278 0.0826 0.0570 0.0543 0.0548 0.0556 0.0568 0.0584 0.0602 0.0624 0.0648 0.0675 0.0705 0.0739 0.0777 0.0819 0.0865 0.0917 0.0974 0.1037 0.1107 0.1184 0.1269 0.1363 0.1466 0.1579 0.1702 0.1837 0.1982 0.2139 0.2306 0.2481 0.2591 0.2481 0.2306 0.2139 0.1982 0.1837 0.1702 0.1579 0.1466 0.1363 0.1269 0.1184 0.1107 0.1037 0.0974 0.0917 0.0865 0.0819 0.0777 0.0739 0.0705 0.0675 0.0648 0.0624 0.0602 0.0584 0.0568 0.0556 0.0548 0.0543 0.0570 0.0826 0.1278 0.1666 0.2003 0.2300 0.2561 0.2789 0.2986 0.3149 0.3278 0.3365 0.3395 0.3342 0.3218 0.3065 0.2905 0.2744 0.2587 0.2432 0.2214
0.2022 0.2235 0.2383 0.2535 0.2691 0.2851 0.3011 0.3168 0.3305 0.3387 0.3383 0.3313 0.3197 0.3044 0.2859 0.2641 0.2392 0.2107 0.1785 0.1416 0.0979 0.0612 0.0545 0.0546 0.0553 0.0564 0.0578 0.0596 0.0616 0.0639 0.0666 0.0695 0.0729 0.0766 0.0808 0.0854 0.0905 0.0962 0.1026 0.1096 0.1173 0.1259 0.1354 0.1458 0.1572 0.1698 0.1834 0.1982 0.2142 0.2308 0.2412 0.2308 0.2142 0.1982 0.1834 0.1698 0.1572 0.1458 0.1354 0.1259 0.1173 0.1096 0.1026 0.0962 0.0905 0.0854 0.0808 0.0766 0.0729 0.0695 0.0666 0.0639 0.0616 0.0596 0.0578 0.0564 0.0553 0.0546 0.0545 0.0612 0.0979 0.1416 0.1785 0.2107 0.2392 0.2641 0.2859 0.3044 0.3197 0.3313 0.3383 0.3387 0.3305 0.3168 0.3011 0.2851 0.2691 0.2535 0.2383 0.2235 0.2022
0.1846 0.2051 0.2190 0.2333 0.2483 0.2638 0.2796 0.2957 0.3116 0.3263 0.3369 0.3393 0.3342 0.3240 0.3100 0.2925 0.2718 0.2479 0.2207 0.1898 0.1546 0.1136 0.0700 0.0552 0.0544 0.0550 0.0560 0.0573 0.0590 0.0609 0.0632 0.0657 0.0687 0.0720 0.0757 0.0798 0.0844 0.0896 0.0953 0.1016 0.1087 0.1165 0.1252 0.1348 0.1454 0.1570 0.1698 0.1837 0.1987 0.2146 0.2243 0.2146 0.1987 0.1837 0.1698 0.1570 0.1454 0.1348 0.1252 0.1165 0.1087 0.1016 0.0953 0.0896 0.0844 0.0798 0.0757 0.0720 0.0687 0.0657 0.0632 0.0609 0.0590 0.0573 0.0560 0.0550 0.0544 0.0552 0.0700 0.1136 0.1546 0.1898 0.2207 0.2479 0.2718 0.2925 0.3100 0.3240 0.3342 0.3393 0.3369 0.3263 0.3116 0.2957 0.2796 0.2638 0.2483 0.2333 0.2190 0.2051 0.1846
