1.0000 1.0000 1.0000 1.0000 1.0000 1.0000 1.0000 0.0014 0.0018 0.0023 0.0029 0.0036 0.0046 0.0058 0.0073 0.0093 0.0117 0.0148 0.0187 0.0236 0.0299 0.0377 0.0477 0.0603 0.0762 0.0962 0.1216 0.1536 0.1941 0.2453 0.3099 0.3916 0.4948 0.6252 0.7899 0.9981 1.0000 1.0000 1.0000 1.0000 1.0000 1.0000 1.0000 1.0000 0.0014 0.0018 0.0022 0.0028 0.0036 0.0046 0.0053 0.0046 0.0036 0.0028 0.0022 0.0018 0.0014 1.0000 1.0000 1.0000 1.0000 1.0000 1.0000 1.0000 1.0000 0.9981 0.7899 0.6252 0.4948 0.3916 0.3099 0.2453 0.1941 0.1536 0.1216 0.0962 0.0762 0.0603 0.0477 0.0377 0.0299 0.0236 0.0187 0.0148 0.0117 0.0093 0.0073 0.0058 0.0046 0.0036 0.0029 0.0023 0.0018 0.0014 1.0000 1.0000 1.0000 1.0000 1.0000 1.0000 1.0000
1.0000 1.0000 1.0000 1.0000 1.0000 1.0000 0.0014 0.0018 0.0022 0.0028 0.0036 0.0045 0.0057 0.0072 0.0091 0.0115 0.0145 0.0183 0.0232 0.0293 0.0370 0.0467 0.0590 0.0746 0.0942 0.1191 0.1504 0.1901 0.2402 0.3035 0.3835 0.4845 0.6122 0.7736 0.9774 1.0000 1.0000 1.0000 1.0000 1.0000 1.0000 1.0000 1.0000 0.0014 0.0017 0.0022 0.0028 0.0035 0.0044 0.0056 0.0066 0.0056 0.0044 0.0035 0.0028 0.0022 0.0017 0.0014 1.0000 1.0000 1.0000 1.0000 1.0000 1.0000 1.0000 1.0000 0.9774 0.7736 0.6122 0.4845 0.3835 0.3035 0.2402 0.1901 0.1504 0.1191 0.0942 0.0746 0.0590 0.0467 0.0370 0.0293 0.0232 0.0183 0.0145 0.0115 0.0091 0.0072 0.0057 0.0045 0.0036 0.0028 0.0022 0.0018 0.0014 1.0000 1.0000 1.0000 1.0000 1.0000 1.0000
1.0000 1.0000 1.0000 1.0000 1.0000 0.0013 0.0017 0.0021 0.0027 0.0034 0.0042 0.0054 0.0068 0.0085 0.0108 0.0136 0.0172 0.0218 0.0275 0.0348 0.0440 0.0555 0.0702 0.0887 0.1120 0.1416 0.1789 0.2260 0.2856 0.3608 0.4559 0.5761 0.7279 0.9197 1.0000 1.0000 1.0000 1.0000 1.0000 1.0000 1.0000 1.0000 0.0013 0.0016 0.0021 0.0026 0.0033 0.0042 0.0053 0.0067 0.0079 0.0067 0.0053 0.0042 0.0033 0.0026 0.0021 0.0016 0.0013 1.0000 1.0000 1.0000 1.0000 1.0000 1.0000 1.0000 1.0000 0.9197 0.7279 0.5761 0.4559 0.3608 0.2856 0.2260 0.1789 0.1416 0.1120 0.0887 0.0702 0.0555 0.0440 0.0348 0.0275 0.0218 0.0172 0.0136 0.0108 0.0085 0.0068 0.0054 0.0042 0.0034 0.0027 0.0021 0.0017 0.0013 1.0000 1.0000 1.0000 1.0000 1.0000
1.0000 1.0000 1.0000 1.0000 0.0013 0.0016 0.0020 0.0025 0.0032 0.0040 0.0051 0.0064 0.0081 0.0102 0.0129 0.0163 0.0205 0.0260 0.0328 0.0414 0.0524 0.0662 0.0836 0.1056 0.1335 0.1686 0.2131 0.2692 0.3402 0.4298 0.5431 0.6862 0.8671 1.0000 1.0000 1.0000 1.0000 1.0000 1.0000 1.0000 1.0000 0.0012 0.0015 0.0020 0.0025 0.0031 0.0039 0.0050 0.0063 0.0080 0.0094 0.0080 0.0063 0.0050 0.0039 0.0031 0.0025 0.0020 0.0015 0.0012 1.0000 1.0000 1.0000 1.0000 1.0000 1.0000 1.0000 1.0000 0.8671 0.6862 0.5431 0.4298 0.3402 0.2692 0.2131 0.1686 0.1335 0.1056 0.0836 0.0662 0.0524 0.0414 0.0328 0.0260 0.0205 0.0163 0.0129 0.0102 0.0081 0.0064 0.0051 0.0040 0.0032 0.0025 0.0020 0.0016 0.0013 1.0000 1.0000 1.0000 1.0000
1.0000 1.0000 1.0000 0.0013 0.0016 0.0020 0.0024 0.0030 0.0038 0.0048 0.0060 0.0076 0.0096 0.0121 0.0153 0.0194 0.0245 0.0309 0.0391 0.0494 0.0624 0.0788 0.0996 0.1258 0.1590 0.2009 0.2538 0.3207 0.4052 0.5120 0.6469 0.8174 1.0000 1.0000 1.0000 1.0000 1.0000 1.0000 1.0000 1.0000 1.0000 0.0015 0.0018 0.0023 0.0029 0.0037 0.0047 0.0059 0.0075 0.0095 0.0112 0.0095 0.0075 0.0059 0.0047 0.0037 0.0029 0.0023 0.0018 0.0015 1.0000 1.0000 1.0000 1.0000 1.0000 1.0000 1.0000 1.0000 1.0000 0.8174 0.6469 0.5120 0.4052 0.3207 0.2538 0.2009 0.1590 0.1258 0.0996 0.0788 0.0624 0.0494 0.0391 0.0309 0.0245 0.0194 0.0153 0.0121 0.0096 0.0076 0.0060 0.0048 0.0038 0.0030 0.0024 0.0020 0.0016 0.0013 1.0000 1.0000 1.0000
1.0000 1.0000 0.0013 0.0016 0.0020 0.0024 0.0030 0.0037 0.0046 0.0058 0.0072 0.0091 0.0115 0.0145 0.0183 0.0231 0.0291 0.0368 0.0465 0.0588 0.0743 0.0939 0.1186 0.1499 0.1894 0.2393 0.3023 0.3820 0.4827 0.6099 0.7706 0.9737 1.0000 1.0000 1.0000 1.0000 1.0000 1.0000 1.0000 1.0000 0.0014 0.0017 0.0022 0.0028 0.0035 0.0044 0.0056 0.0071 0.0089 0.0113 0.0133 0.0113 0.0089 0.0071 0.0056 0.0044 0.0035 0.0028 0.0022 0.0017 0.0014 1.0000 1.0000 1.0000 1.0000 1.0000 1.0000 1.0000 1.0000 0.9737 0.7706 0.6099 0.4827 0.3820 0.3023 0.2393 0.1894 0.1499 0.1186 0.0939 0.0743 0.0588 0.0465 0.0368 0.0291 0.0231 0.0183 0.0145 0.0115 0.0091 0.0072 0.0058 0.0046 0.0037 0.0030 0.0024 0.0020 0.0016 0.0013 1.0000 1.0000
1.0000 0.0014 0.0017 0.0020 0.0024 0.0030 0.0036 0.0045 0.0056 0.0070 0.0087 0.0109 0.0138 0.0173 0.0218 0.0275 0.0347 0.0439 0.0554 0.0700 0.0885 0.1118 0.1413 0.1785 0.2256 0.2850 0.3601 0.4550 0.5750 0.7265 0.9180 1.0000 1.0000 1.0000 1.0000 1.0000 1.0000 1.0000 1.0000 0.0013 0.0016 0.0021 0.0026 0.0033 0.0042 0.0053 0.0067 0.0084 0.0106 0.0135 0.0159 0.0135 0.0106 0.0084 0.0067 0.0053 0.0042 0.0033 0.0026 0.0021 0.0016 0.0013 1.0000 1.0000 1.0000 1.0000 1.0000 1.0000 1.0000 1.0000 0.9180 0.7265 0.5750 0.4550 0.3601 0.2850 0.2256 0.1785 0.1413 0.1118 0.0885 0.0700 0.0554 0.0439 0.0347 0.0275 0.0218 0.0173 0.0138 0.0109 0.0087 0.0070 0.0056 0.0045 0.0036 0.0030 0.0024 0.0020 0.0017 0.0014 1.0000
0.0014 0.0018 0.0021 0.0025 0.0030 0.0037 0.0045 0.0055 0.0068 0.0085 0.0105 0.0132 0.0165 0.0207 0.0261 0.0329 0.0414 0.0523 0.0660 0.0834 0.1054 0.1332 0.1683 0.2127 0.2687 0.3395 0.4290 0.5421 0.6849 0.8654 1.0000 1.0000 1.0000 1.0000 1.0000 1.0000 1.0000 1.0000 0.0012 0.0015 0.0020 0.0025 0.0031 0.0039 0.0050 0.0063 0.0079 0.0100 0.0127 0.0161 0.0189 0.0161 0.0127 0.0100 0.0079 0.0063 0.0050 0.0039 0.0031 0.0025 0.0020 0.0015 0.0012 1.0000 1.0000 1.0000 1.0000 1.0000 1.0000 1.0000 1.0000 0.8654 0.6849 0.5421 0.4290 0.3395 0.2687 0.2127 0.1683 0.1332 0.1054 0.0834 0.0660 0.0523 0.0414 0.0329 0.0261 0.0207 0.0165 0.0132 0.0105 0.0085 0.0068 0.0055 0.0045 0.0037 0.0030 0.0025 0.0021 0.0018 0.0014
0.0018 0.0022 0.0027 0.0032 0.0038 0.0046 0.0056 0.0068 0.0084 0.0103 0.0128 0.0159 0.0199 0.0249 0.0313 0.0393 0.0495 0.0624 0.0787 0.0994 0.1256 0.1587 0.2005 0.2533 0.3201 0.4044 0.5110 0.6457 0.8159 1.0000 1.0000 1.0000 1.0000 1.0000 1.0000 1.0000 1.0000 1.0000 0.0015 0.0018 0.0023 0.0029 0.0037 0.0047 0.0059 0.0075 0.0095 0.0119 0.0151 0.0191 0.0225 0.0191 0.0151 0.0119 0.0095 0.0075 0.0059 0.0047 0.0037 0.0029 0.0023 0.0018 0.0015 1.0000 1.0000 1.0000 1.0000 1.0000 1.0000 1.0000 1.0000 1.0000 0.8159 0.6457 0.5110 0.4044 0.3201 0.2533 0.2005 0.1587 0.1256 0.0994 0.0787 0.0624 0.0495 0.0393 0.0313 0.0249 0.0199 0.0159 0.0128 0.0103 0.0084 0.0068 0.0056 0.0046 0.0038 0.0032 0.0027 0.0022 0.0018
0.0023 0.0028 0.0034 0.0040 0.0048 0.0058 0.0070 0.0085 0.0103 0.0127 0.0156 0.0194 0.0241 0.0301 0.0376 0.0472 0.0592 0.0746 0.0940 0.1186 0.1496 0.1890 0.2388 0.3018 0.3813 0.4818 0.6087 0.7692 0.9719 1.0000 1.0000 1.0000 1.0000 1.0000 1.0000 1.0000 1.0000 0.0014 0.0017 0.0022 0.0028 0.0035 0.0044 0.0056 0.0071 0.0089 0.0113 0.0142 0.0180 0.0228 0.0268 0.0228 0.0180 0.0142 0.0113 0.0089 0.0071 0.0056 0.0044 0.0035 0.0028 0.0022 0.0017 0.0014 1.0000 1.0000 1.0000 1.0000 1.0000 1.0000 1.0000 1.0000 0.9719 0.7692 0.6087 0.4818 0.3813 0.3018 0.2388 0.1890 0.1496 0.1186 0.0940 0.0746 0.0592 0.0472 0.0376 0.0301 0.0241 0.0194 0.0156 0.0127 0.0103 0.0085 0.0070 0.0058 0.0048 0.0040 0.0034 0.0028 0.0023
0.0029 0.0036 0.0042 0.0051 0.0060 0.0072 0.0087 0.0105 0.0128 0.0156 0.0192 0.0237 0.0293 0.0365 0.0455 0.0568 0.0712 0.0895 0.1125 0.1416 0.1785 0.2251 0.2845 0.3595 0.4542 0.5739 0.7251 0.9162 1.0000 1.0000 1.0000 1.0000 1.0000 1.0000 1.0000 1.0000 0.0013 0.0016 0.0021 0.0026 0.0033 0.0042 0.0053 0.0066 0.0084 0.0106 0.0134 0.0170 0.0214 0.0272 0.0319 0.0272 0.0214 0.0170 0.0134 0.0106 0.0084 0.0066 0.0053 0.0042 0.0033 0.0026 0.0021 0.0016 0.0013 1.0000 1.0000 1.0000 1.0000 1.0000 1.0000 1.0000 1.0000 0.9162 0.7251 0.5739 0.4542 0.3595 0.2845 0.2251 0.1785 0.1416 0.1125 0.0895 0.0712 0.0568 0.0455 0.0365 0.0293 0.0237 0.0192 0.0156 0.0128 0.0105 0.0087 0.0072 0.0060 0.0051 0.0042 0.0036 0.0029
0.0036 0.0045 0.0054 0.0064 0.0076 0.0091 0.0109 0.0132 0.0159 0.0194 0.0237 0.0290 0.0359 0.0444 0.0551 0.0687 0.0858 0.1076 0.1350 0.1696 0.2135 0.2692 0.3395 0.4282 0.5410 0.6836 0.8638 1.0000 1.0000 1.0000 1.0000 1.0000 1.0000 1.0000 1.0000 0.0012 0.0015 0.0019 0.0025 0.0031 0.0039 0.0050 0.0063 0.0079 0.0100 0.0126 0.0160 0.0202 0.0255 0.0324 0.0380 0.0324 0.0255 0.0202 0.0160 0.0126 0.0100 0.0079 0.0063 0.0050 0.0039 0.0031 0.0025 0.0019 0.0015 0.0012 1.0000 1.0000 1.0000 1.0000 1.0000 1.0000 1.0000 1.0000 0.8638 0.6836 0.5410 0.4282 0.3395 0.2692 0.2135 0.1696 0.1350 0.1076 0.0858 0.0687 0.0551 0.0444 0.0359 0.0290 0.0237 0.0194 0.0159 0.0132 0.0109 0.0091 0.0076 0.0064 0.0054 0.0045 0.0036
0.0046 0.0057 0.0068 0.0081 0.0096 0.0115 0.0138 0.0165 0.0199 0.0241 0.0293 0.0359 0.0440 0.0542 0.0670 0.0833 0.1038 0.1297 0.1623 0.2036 0.2557 0.3219 0.4052 0.5110 0.6445 0.8143 1.0000 1.0000 1.0000 1.0000 1.0000 1.0000 1.0000 1.0000 1.0000 0.0015 0.0018 0.0023 0.0029 0.0037 0.0047 0.0059 0.0075 0.0094 0.0119 0.0151 0.0190 0.0241 0.0304 0.0385 0.0453 0.0385 0.0304 0.0241 0.0190 0.0151 0.0119 0.0094 0.0075 0.0059 0.0047 0.0037 0.0029 0.0023 0.0018 0.0015 1.0000 1.0000 1.0000 1.0000 1.0000 1.0000 1.0000 1.0000 1.0000 0.8143 0.6445 0.5110 0.4052 0.3219 0.2557 0.2036 0.1623 0.1297 0.1038 0.0833 0.0670 0.0542 0.0440 0.0359 0.0293 0.0241 0.0199 0.0165 0.0138 0.0115 0.0096 0.0081 0.0068 0.0057 0.0046
0.0058 0.0072 0.0085 0.0102 0.0121 0.0145 0.0173 0.0207 0.0249 0.0301 0.0365 0.0444 0.0542 0.0665 0.0820 0.1015 0.1261 0.1572 0.1960 0.2453 0.3070 0.3857 0.4845 0.6099 0.7692 0.9700 1.0000 1.0000 1.0000 1.0000 1.0000 1.0000 1.0000 1.0000 0.0014 0.0017 0.0022 0.0028 0.0035 0.0044 0.0056 0.0070 0.0089 0.0112 0.0142 0.0179 0.0227 0.0287 0.0362 0.0459 0.0540 0.0459 0.0362 0.0287 0.0227 0.0179 0.0142 0.0112 0.0089 0.0070 0.0056 0.0044 0.0035 0.0028 0.0022 0.0017 0.0014 1.0000 1.0000 1.0000 1.0000 1.0000 1.0000 1.0000 1.0000 0.9700 0.7692 0.6099 0.4845 0.3857 0.3070 0.2453 0.1960 0.1572 0.1261 0.1015 0.0820 0.0665 0.0542 0.0444 0.0365 0.0301 0.0249 0.0207 0.0173 0.0145 0.0121 0.0102 0.0085 0.0072 0.0058
0.0073 0.0091 0.0108 0.0129 0.0153 0.0183 0.0218 0.0261 0.0313 0.0376 0.0455 0.0551 0.0670 0.0820 0.1007 0.1241 0.1536 0.1908 0.2375 0.2961 0.3699 0.4638 0.5816 0.7307 0.9197 1.0000 1.0000 1.0000 1.0000 1.0000 1.0000 1.0000 1.0000 0.0013 0.0016 0.0021 0.0026 0.0033 0.0042 0.0053 0.0066 0.0084 0.0106 0.0134 0.0169 0.0214 0.0270 0.0341 0.0431 0.0547 0.0643 0.0547 0.0431 0.0341 0.0270 0.0214 0.0169 0.0134 0.0106 0.0084 0.0066 0.0053 0.0042 0.0033 0.0026 0.0021 0.0016 0.0013 1.0000 1.0000 1.0000 1.0000 1.0000 1.0000 1.0000 1.0000 0.9197 0.7307 0.5816 0.4638 0.3699 0.2961 0.2375 0.1908 0.1536 0.1241 0.1007 0.0820 0.0670 0.0551 0.0455 0.0376 0.0313 0.0261 0.0218 0.0183 0.0153 0.0129 0.0108 0.0091 0.0073
0.0093 0.0115 0.0136 0.0163 0.0194 0.0231 0.0275 0.0329 0.0393 0.0472 0.0568 0.0687 0.0833 0.1015 0.1241 0.1525 0.1879 0.2325 0.2883 0.3581 0.4473 0.5588 0.6994 0.8770 1.0000 1.0000 1.0000 1.0000 1.0000 1.0000 1.0000 1.0000 0.0012 0.0015 0.0019 0.0025 0.0031 0.0039 0.0050 0.0063 0.0079 0.0100 0.0126 0.0159 0.0202 0.0255 0.0322 0.0407 0.0514 0.0652 0.0766 0.0652 0.0514 0.0407 0.0322 0.0255 0.0202 0.0159 0.0126 0.0100 0.0079 0.0063 0.0050 0.0039 0.0031 0.0025 0.0019 0.0015 0.0012 1.0000 1.0000 1.0000 1.0000 1.0000 1.0000 1.0000 1.0000 0.8770 0.6994 0.5588 0.4473 0.3581 0.2883 0.2325 0.1879 0.1525 0.1241 0.1015 0.0833 0.0687 0.0568 0.0472 0.0393 0.0329 0.0275 0.0231 0.0194 0.0163 0.0136 0.0115 0.0093
0.0117 0.0145 0.0172 0.0205 0.0245 0.0291 0.0347 0.0414 0.0495 0.0592 0.0712 0.0858 0.1038 0.1261 0.1536 0.1879 0.2308 0.2845 0.3513 0.4356 0.5410 0.6746 0.8427 1.0000 1.0000 1.0000 1.0000 1.0000 1.0000 1.0000 1.0000 1.0000 0.0014 0.0018 0.0023 0.0029 0.0037 0.0047 0.0059 0.0075 0.0094 0.0119 0.0150 0.0190 0.0240 0.0303 0.0383 0.0484 0.0612 0.0776 0.0912 0.0776 0.0612 0.0484 0.0383 0.0303 0.0240 0.0190 0.0150 0.0119 0.0094 0.0075 0.0059 0.0047 0.0037 0.0029 0.0023 0.0018 0.0014 1.0000 1.0000 1.0000 1.0000 1.0000 1.0000 1.0000 1.0000 1.0000 0.8427 0.6746 0.5410 0.4356 0.3513 0.2845 0.2308 0.1879 0.1536 0.1261 0.1038 0.0858 0.0712 0.0592 0.0495 0.0414 0.0347 0.0291 0.0245 0.0205 0.0172 0.0145 0.0117
0.0148 0.0183 0.0218 0.0260 0.0309 0.0368 0.0439 0.0523 0.0624 0.0746 0.0895 0.1076 0.1297 0.1572 0.1908 0.2325 0.2845 0.3487 0.4298 0.5308 0.6581 0.8174 1.0000 1.0000 1.0000 1.0000 1.0000 1.0000 1.0000 1.0000 1.0000 0.0014 0.0017 0.0022 0.0028 0.0035 0.0044 0.0056 0.0070 0.0089 0.0112 0.0142 0.0179 0.0226 0.0286 0.0361 0.0457 0.0577 0.0729 0.0925 0.1087 0.0925 0.0729 0.0577 0.0457 0.0361 0.0286 0.0226 0.0179 0.0142 0.0112 0.0089 0.0070 0.0056 0.0044 0.0035 0.0028 0.0022 0.0017 0.0014 1.0000 1.0000 1.0000 1.0000 1.0000 1.0000 1.0000 1.0000 1.0000 0.8174 0.6581 0.5308 0.4298 0.3487 0.2845 0.2325 0.1908 0.1572 0.1297 0.1076 0.0895 0.0746 0.0624 0.0523 0.0439 0.0368 0.0309 0.0260 0.0218 0.0183 0.0148
0.0187 0.0232 0.0275 0.0328 0.0391 0.0465 0.0554 0.0660 0.0787 0.0940 0.1125 0.1350 0.1623 0.1960 0.2375 0.2883 0.3513 0.4298 0.5268 0.6494 0.8020 0.9943 1.0000 1.0000 1.0000 1.0000 1.0000 1.0000 1.0000 1.0000 0.0013 0.0016 0.0021 0.0026 0.0033 0.0041 0.0052 0.0066 0.0084 0.0106 0.0134 0.0169 0.0213 0.0270 0.0341 0.0430 0.0544 0.0687 0.0868 0.1101 0.1295 0.1101 0.0868 0.0687 0.0544 0.0430 0.0341 0.0270 0.0213 0.0169 0.0134 0.0106 0.0084 0.0066 0.0052 0.0041 0.0033 0.0026 0.0021 0.0016 0.0013 1.0000 1.0000 1.0000 1.0000 1.0000 1.0000 1.0000 1.0000 0.9943 0.8020 0.6494 0.5268 0.4298 0.3513 0.2883 0.2375 0.1960 0.1623 0.1350 0.1125 0.0940 0.0787 0.0660 0.0554 0.0465 0.0391 0.0328 0.0275 0.0232 0.0187
0.0236 0.0293 0.0348 0.0414 0.0494 0.0588 0.0700 0.0834 0.0994 0.1186 0.1416 0.1696 0.2036 0.2453 0.2961 0.3581 0.4356 0.5308 0.6494 0.7960 0.9812 1.0000 1.0000 1.0000 1.0000 1.0000 1.0000 1.0000 1.0000 0.0012 0.0015 0.0019 0.0025 0.0031 0.0039 0.0049 0.0062 0.0079 0.0100 0.0126 0.0159 0.0201 0.0254 0.0321 0.0406 0.0513 0.0648 0.0819 0.1034 0.1312 0.1542 0.1312 0.1034 0.0819 0.0648 0.0513 0.0406 0.0321 0.0254 0.0201 0.0159 0.0126 0.0100 0.0079 0.0062 0.0049 0.0039 0.0031 0.0025 0.0019 0.0015 0.0012 1.0000 1.0000 1.0000 1.0000 1.0000 1.0000 1.0000 1.0000 0.9812 0.7960 0.6494 0.5308 0.4356 0.3581 0.2961 0.2453 0.2036 0.1696 0.1416 0.1186 0.0994 0.0834 0.0700 0.0588 0.0494 0.0414 0.0348 0.0293 0.0236
0.0299 0.0370 0.0440 0.0524 0.0624 0.0743 0.0885 0.1054 0.1256 0.1496 0.1785 0.2135 0.2557 0.3070 0.3699 0.4473 0.5410 0.6581 0.8020 0.9812 1.0000 1.0000 1.0000 1.0000 1.0000 1.0000 1.0000 1.0000 1.0000 0.0015 0.0019 0.0023 0.0029 0.0037 0.0047 0.0059 0.0074 0.0094 0.0119 0.0150 0.0190 0.0240 0.0303 0.0383 0.0483 0.0611 0.0772 0.0975 0.1232 0.1563 0.1837 0.1563 0.1232 0.0975 0.0772 0.0611 0.0483 0.0383 0.0303 0.0240 0.0190 0.0150 0.0119 0.0094 0.0074 0.0059 0.0047 0.0037 0.0029 0.0023 0.0019 0.0015 1.0000 1.0000 1.0000 1.0000 1.0000 1.0000 1.0000 1.0000 1.0000 0.9812 0.8020 0.6581 0.5410 0.4473 0.3699 0.3070 0.2557 0.2135 0.1785 0.1496 0.1256 0.1054 0.0885 0.0743 0.0624 0.0524 0.0440 0.0370 0.0299
0.0377 0.0467 0.0555 0.0662 0.0788 0.0939 0.1118 0.1332 0.1587 0.1890 0.2251 0.2692 0.3219 0.3857 0.4638 0.5588 0.6746 0.8174 0.9943 1.0000 1.0000 1.0000 1.0000 1.0000 1.0000 1.0000 1.0000 1.0000 0.0014 0.0018 0.0022 0.0028 0.0035 0.0044 0.0056 0.0070 0.0089 0.0112 0.0141 0.0179 0.0226 0.0285 0.0361 0.0456 0.0576 0.0728 0.0919 0.1162 0.1468 0.1862 0.2188 0.1862 0.1468 0.1162 0.0919 0.0728 0.0576 0.0456 0.0361 0.0285 0.0226 0.0179 0.0141 0.0112 0.0089 0.0070 0.0056 0.0044 0.0035 0.0028 0.0022 0.0018 0.0014 1.0000 1.0000 1.0000 1.0000 1.0000 1.0000 1.0000 1.0000 1.0000 0.9943 0.8174 0.6746 0.5588 0.4638 0.3857 0.3219 0.2692 0.2251 0.1890 0.1587 0.1332 0.1118 0.0939 0.0788 0.0662 0.0555 0.0467 0.0377
0.0477 0.0590 0.0702 0.0836 0.0996 0.1186 0.1413 0.1683 0.2005 0.2388 0.2845 0.3395 0.4052 0.4845 0.5816 0.6994 0.8427 1.0000 1.0000 1.0000 1.0000 1.0000 1.0000 1.0000 1.0000 1.0000 1.0000 0.0014 0.0017 0.0021 0.0027 0.0034 0.0042 0.0053 0.0066 0.0084 0.0106 0.0133 0.0169 0.0213 0.0269 0.0340 0.0430 0.0543 0.0686 0.0867 0.1095 0.1384 0.1748 0.2217 0.2606 0.2217 0.1748 0.1384 0.1095 0.0867 0.0686 0.0543 0.0430 0.0340 0.0269 0.0213 0.0169 0.0133 0.0106 0.0084 0.0066 0.0053 0.0042 0.0034 0.0027 0.0021 0.0017 0.0014 1.0000 1.0000 1.0000 1.0000 1.0000 1.0000 1.0000 1.0000 1.0000 1.0000 0.8427 0.6994 0.5816 0.4845 0.4052 0.3395 0.2845 0.2388 0.2005 0.1683 0.1413 0.1186 0.0996 0.0836 0.0702 0.0590 0.0477
0.0603 0.0746 0.0887 0.1056 0.1258 0.1499 0.1785 0.2127 0.2533 0.3018 0.3595 0.4282 0.5110 0.6099 0.7307 0.8770 1.0000 1.0000 1.0000 1.0000 1.0000 1.0000 1.0000 1.0000 1.0000 1.0000 0.0013 0.0017 0.0021 0.0026 0.0032 0.0040 0.0051 0.0063 0.0080 0.0100 0.0126 0.0159 0.0201 0.0254 0.0321 0.0405 0.0512 0.0647 0.0817 0.1032 0.1304 0.1648 0.2083 0.2641 0.3105 0.2641 0.2083 0.1648 0.1304 0.1032 0.0817 0.0647 0.0512 0.0405 0.0321 0.0254 0.0201 0.0159 0.0126 0.0100 0.0080 0.0063 0.0051 0.0040 0.0032 0.0026 0.0021 0.0017 0.0013 1.0000 1.0000 1.0000 1.0000 1.0000 1.0000 1.0000 1.0000 1.0000 1.0000 0.8770 0.7307 0.6099 0.5110 0.4282 0.3595 0.3018 0.2533 0.2127 0.1785 0.1499 0.1258 0.1056 0.0887 0.0746 0.0603
0.0762 0.0942 0.1120 0.1335 0.1590 0.1894 0.2256 0.2687 0.3201 0.3813 0.4542 0.5410 0.6445 0.7692 0.9197 1.0000 1.0000 1.0000 1.0000 1.0000 1.0000 1.0000 1.0000 1.0000 1.0000 0.0013 0.0016 0.0020 0.0025 0.0031 0.0039 0.0049 0.0061 0.0076 0.0096 0.0120 0.0151 0.0190 0.0239 0.0302 0.0382 0.0482 0.0610 0.0770 0.0973 0.1230 0.1554 0.1963 0.2481 0.3146 0.3699 0.3146 0.2481 0.1963 0.1554 0.1230 0.0973 0.0770 0.0610 0.0482 0.0382 0.0302 0.0239 0.0190 0.0151 0.0120 0.0096 0.0076 0.0061 0.0049 0.0039 0.0031 0.0025 0.0020 0.0016 0.0013 1.0000 1.0000 1.0000 1.0000 1.0000 1.0000 1.0000 1.0000 1.0000 1.0000 0.9197 0.7692 0.6445 0.5410 0.4542 0.3813 0.3201 0.2687 0.2256 0.1894 0.1590 0.1335 0.1120 0.0942 0.0762
0.0962 0.1191 0.1416 0.1686 0.2009 0.2393 0.2850 0.3395 0.4044 0.4818 0.5739 0.6836 0.8143 0.9700 1.0000 1.0000 1.0000 1.0000 1.0000 1.0000 1.0000 1.0000 1.0000 1.0000 0.0013 0.0016 0.0020 0.0025 0.0031 0.0038 0.0047 0.0059 0.0074 0.0092 0.0115 0.0144 0.0181 0.0227 0.0286 0.0361 0.0455 0.0575 0.0726 0.0918 0.1159 0.1465 0.1851 0.2339 0.2955 0.3748 0.4406 0.3748 0.2955 0.2339 0.1851 0.1465 0.1159 0.0918 0.0726 0.0575 0.0455 0.0361 0.0286 0.0227 0.0181 0.0144 0.0115 0.0092 0.0074 0.0059 0.0047 0.0038 0.0031 0.0025 0.0020 0.0016 0.0013 1.0000 1.0000 1.0000 1.0000 1.0000 1.0000 1.0000 1.0000 1.0000 1.0000 0.9700 0.8143 0.6836 0.5739 0.4818 0.4044 0.3395 0.2850 0.2393 0.2009 0.1686 0.1416 0.1191 0.0962
0.1216 0.1504 0.1789 0.2131 0.2538 0.3023 0.3601 0.4290 0.5110 0.6087 0.7251 0.8638 1.0000 1.0000 1.0000 1.0000 1.0000 1.0000 1.0000 1.0000 1.0000 1.0000 1.0000 0.0013 0.0016 0.0020 0.0025 0.0030 0.0037 0.0046 0.0057 0.0071 0.0089 0.0111 0.0139 0.0173 0.0217 0.0273 0.0343 0.0431 0.0543 0.0685 0.0865 0.1093 0.1381 0.1745 0.2205 0.2786 0.3520 0.4465 0.5248 0.4465 0.3520 0.2786 0.2205 0.1745 0.1381 0.1093 0.0865 0.0685 0.0543 0.0431 0.0343 0.0273 0.0217 0.0173 0.0139 0.0111 0.0089 0.0071 0.0057 0.0046 0.0037 0.0030 0.0025 0.0020 0.0016 0.0013 1.0000 1.0000 1.0000 1.0000 1.0000 1.0000 1.0000 1.0000 1.0000 1.0000 1.0000 0.8638 0.7251 0.6087 0.5110 0.4290 0.3601 0.3023 0.2538 0.2131 0.1789 0.1504 0.1216
0.1536 0.1901 0.2260 0.2692 0.3207 0.3820 0.4550 0.5421 0.6457 0.7692 0.9162 1.0000 1.0000 1.0000 1.0000 1.0000 1.0000 1.0000 1.0000 1.0000 1.0000 1.0000 0.0014 0.0017 0.0020 0.0025 0.0030 0.0037 0.0046 0.0056 0.0070 0.0087 0.0108 0.0134 0.0167 0.0209 0.0262 0.0327 0.0411 0.0517 0.0649 0.0817 0.1030 0.1302 0.1645 0.2079 0.2626 0.3319 0.4193 0.5318 0.6252 0.5318 0.4193 0.3319 0.2626 0.2079 0.1645 0.1302 0.1030 0.0817 0.0649 0.0517 0.0411 0.0327 0.0262 0.0209 0.0167 0.0134 0.0108 0.0087 0.0070 0.0056 0.0046 0.0037 0.0030 0.0025 0.0020 0.0017 0.0014 1.0000 1.0000 1.0000 1.0000 1.0000 1.0000 1.0000 1.0000 1.0000 1.0000 1.0000 0.9162 0.7692 0.6457 0.5421 0.4550 0.3820 0.3207 0.2692 0.2260 0.1901 0.1536
0.1941 0.2402 0.2856 0.3402 0.4052 0.4827 0.5750 0.6849 0.8159 0.9719 1.0000 1.0000 1.0000 1.0000 1.0000 1.0000 1.0000 1.0000 1.0000 1.0000 1.0000 0.0014 0.0017 0.0021 0.0025 0.0031 0.0037 0.0046 0.0056 0.0069 0.0085 0.0106 0.0131 0.0163 0.0202 0.0252 0.0315 0.0394 0.0494 0.0620 0.0778 0.0977 0.1230 0.1551 0.1960 0.2476 0.3129 0.3953 0.4995 0.6335 0.7447 0.6335 0.4995 0.3953 0.3129 0.2476 0.1960 0.1551 0.1230 0.0977 0.0778 0.0620 0.0494 0.0394 0.0315 0.0252 0.0202 0.0163 0.0131 0.0106 0.0085 0.0069 0.0056 0.0046 0.0037 0.0031 0.0025 0.0021 0.0017 0.0014 1.0000 1.0000 1.0000 1.0000 1.0000 1.0000 1.0000 1.0000 1.0000 1.0000 1.0000 0.9719 0.8159 0.6849 0.5750 0.4827 0.4052 0.3402 0.2856 0.2402 0.1941
0.2453 0.3035 0.3608 0.4298 0.5120 0.6099 0.7265 0.8654 1.0000 1.0000 1.0000 1.0000 1.0000 1.0000 1.0000 1.0000 1.0000 1.0000 1.0000 0.0012 0.0015 0.0018 0.0021 0.0026 0.0031 0.0038 0.0046 0.0056 0.0069 0.0085 0.0104 0.0129 0.0159 0.0197 0.0245 0.0305 0.0380 0.0475 0.0595 0.0746 0.0933 0.1173 0.1473 0.1854 0.2339 0.2949 0.3727 0.4709 0.5950 0.7547 0.8871 0.7547 0.5950 0.4709 0.3727 0.2949 0.2339 0.1854 0.1473 0.1173 0.0933 0.0746 0.0595 0.0475 0.0380 0.0305 0.0245 0.0197 0.0159 0.0129 0.0104 0.0085 0.0069 0.0056 0.0046 0.0038 0.0031 0.0026 0.0021 0.0018 0.0015 0.0012 1.0000 1.0000 1.0000 1.0000 1.0000 1.0000 1.0000 1.0000 1.0000 1.0000 1.0000 0.8654 0.7265 0.6099 0.5120 0.4298 0.3608 0.3035 0.2453
0.3099 0.3835 0.4559 0.5431 0.6469 0.7706 0.9180 1.0000 1.0000 1.0000 1.0000 1.0000 1.0000 1.0000 1.0000 1.0000 1.0000 1.0000 0.0013 0.0015 0.0019 0.0022 0.0027 0.0032 0.0039 0.0047 0.0057 0.0070 0.0085 0.0104 0.0128 0.0158 0.0194 0.0241 0.0298 0.0370 0.0461 0.0575 0.0718 0.0899 0.1125 0.1408 0.1768 0.2222 0.2797 0.3520 0.4439 0.5609 0.7088 0.8990 1.0000 0.8990 0.7088 0.5609 0.4439 0.3520 0.2797 0.2222 0.1768 0.1408 0.1125 0.0899 0.0718 0.0575 0.0461 0.0370 0.0298 0.0241 0.0194 0.0158 0.0128 0.0104 0.0085 0.0070 0.0057 0.0047 0.0039 0.0032 0.0027 0.0022 0.0019 0.0015 0.0013 1.0000 1.0000 1.0000 1.0000 1.0000 1.0000 1.0000 1.0000 1.0000 1.0000 1.0000 0.9180 0.7706 0.6469 0.5431 0.4559 0.3835 0.3099
0.3916 0.4845 0.5761 0.6862 0.8174 0.9737 1.0000 1.0000 1.0000 1.0000 1.0000 1.0000 1.0000 1.0000 1.0000 1.0000 1.0000 0.0014 0.0016 0.0019 0.0023 0.0028 0.0034 0.0040 0.0049 0.0059 0.0071 0.0087 0.0106 0.0129 0.0158 0.0193 0.0238 0.0294 0.0363 0.0451 0.0560 0.0696 0.0868 0.1085 0.1355 0.1696 0.2123 0.2667 0.3350 0.4209 0.5298 0.6682 0.8443 1.0000 1.0000 1.0000 0.8443 0.6682 0.5298 0.4209 0.3350 0.2667 0.2123 0.1696 0.1355 0.1085 0.0868 0.0696 0.0560 0.0451 0.0363 0.0294 0.0238 0.0193 0.0158 0.0129 0.0106 0.0087 0.0071 0.0059 0.0049 0.0040 0.0034 0.0028 0.0023 0.0019 0.0016 0.0014 1.0000 1.0000 1.0000 1.0000 1.0000 1.0000 1.0000 1.0000 1.0000 1.0000 1.0000 0.9737 0.8174 0.6862 0.5761 0.4845 0.3916
0.4948 0.6122 0.7279 0.8671 1.0000 1.0000 1.0000 1.0000 1.0000 1.0000 1.0000 1.0000 1.0000 1.0000 1.0000 0.0012 0.0014 0.0017 0.0021 0.0025 0.0029 0.0035 0.0042 0.0051 0.0061 0.0074 0.0089 0.0108 0.0131 0.0159 0.0194 0.0238 0.0292 0.0360 0.0444 0.0549 0.0681 0.0845 0.1052 0.1312 0.1636 0.2043 0.2557 0.3201 0.4021 0.5043 0.6335 0.7975 1.0000 1.0000 1.0000 1.0000 1.0000 0.7975 0.6335 0.5043 0.4021 0.3201 0.2557 0.2043 0.1636 0.1312 0.1052 0.0845 0.0681 0.0549 0.0444 0.0360 0.0292 0.0238 0.0194 0.0159 0.0131 0.0108 0.0089 0.0074 0.0061 0.0051 0.0042 0.0035 0.0029 0.0025 0.0021 0.0017 0.0014 0.0012 1.0000 1.0000 1.0000 1.0000 1.0000 1.0000 1.0000 1.0000 1.0000 1.0000 1.0000 0.8671 0.7279 0.6122 0.4948
0.6252 0.7736 0.9197 1.0000 1.0000 1.0000 1.0000 1.0000 1.0000 1.0000 1.0000 1.0000 1.0000 1.0000 0.0013 0.0015 0.0018 0.0022 0.0026 0.0031 0.0037 0.0044 0.0053 0.0063 0.0076 0.0092 0.0111 0.0134 0.0163 0.0197 0.0241 0.0294 0.0360 0.0441 0.0544 0.0670 0.0830 0.1028 0.1280 0.1590 0.1978 0.2467 0.3081 0.3857 0.4827 0.6053 0.7590 0.9536 1.0000 1.0000 1.0000 1.0000 1.0000 0.9536 0.7590 0.6053 0.4827 0.3857 0.3081 0.2467 0.1978 0.1590 0.1280 0.1028 0.0830 0.0670 0.0544 0.0441 0.0360 0.0294 0.0241 0.0197 0.0163 0.0134 0.0111 0.0092 0.0076 0.0063 0.0053 0.0044 0.0037 0.0031 0.0026 0.0022 0.0018 0.0015 0.0013 1.0000 1.0000 1.0000 1.0000 1.0000 1.0000 1.0000 1.0000 1.0000 1.0000 1.0000 0.9197 0.7736 0.6252
0.7899 0.9774 1.0000 1.0000 1.0000 1.0000 1.0000 1.0000 1.0000 1.0000 1.0000 1.0000 1.0000 0.0014 0.0016 0.0019 0.0023 0.0028 0.0033 0.0039 0.0047 0.0056 0.0066 0.0080 0.0096 0.0115 0.0139 0.0167 0.0202 0.0245 0.0298 0.0363 0.0444 0.0544 0.0667 0.0822 0.1013 0.1253 0.1557 0.1930 0.2397 0.2983 0.3720 0.4647 0.5805 0.7279 0.9110 1.0000 1.0000 1.0000 1.0000 1.0000 1.0000 1.0000 0.9110 0.7279 0.5805 0.4647 0.3720 0.2983 0.2397 0.1930 0.1557 0.1253 0.1013 0.0822 0.0667 0.0544 0.0444 0.0363 0.0298 0.0245 0.0202 0.0167 0.0139 0.0115 0.0096 0.0080 0.0066 0.0056 0.0047 0.0039 0.0033 0.0028 0.0023 0.0019 0.0016 0.0014 1.0000 1.0000 1.0000 1.0000 1.0000 1.0000 1.0000 1.0000 1.0000 1.0000 1.0000 0.9774 0.7899
0.9981 1.0000 1.0000 1.0000 1.0000 1.0000 1.0000 1.0000 1.0000 1.0000 1.0000 0.0012 0.0015 0.0017 0.0021 0.0025 0.0029 0.0035 0.0041 0.0049 0.0059 0.0070 0.0084 0.0100 0.0120 0.0144 0.0173 0.0209 0.0252 0.0305 0.0370 0.0451 0.0549 0.0670 0.0822 0.1007 0.1241 0.1530 0.1897 0.2348 0.2910 0.3615 0.4499 0.5609 0.7007 0.8754 1.0000 1.0000 1.0000 1.0000 1.0000 1.0000 1.0000 1.0000 1.0000 0.8754 0.7007 0.5609 0.4499 0.3615 0.2910 0.2348 0.1897 0.1530 0.1241 0.1007 0.0822 0.0670 0.0549 0.0451 0.0370 0.0305 0.0252 0.0209 0.0173 0.0144 0.0120 0.0100 0.0084 0.0070 0.0059 0.0049 0.0041 0.0035 0.0029 0.0025 0.0021 0.0017 0.0015 0.0012 1.0000 1.0000 1.0000 1.0000 1.0000 1.0000 1.0000 1.0000 1.0000 1.0000 0.9981
1.0000 1.0000 1.0000 1.0000 1.0000 1.0000 1.0000 1.0000 1.0000 1.0000 0.0013 0.0015 0.0018 0.0022 0.0026 0.0031 0.0037 0.0044 0.0052 0.0062 0.0074 0.0089 0.0106 0.0126 0.0151 0.0181 0.0217 0.0262 0.0315 0.0380 0.0461 0.0560 0.0681 0.0830 0.1013 0.1241 0.1522 0.1876 0.2317 0.2861 0.3540 0.4389 0.5452 0.6784 0.8459 1.0000 1.0000 1.0000 1.0000 1.0000 1.0000 1.0000 1.0000 1.0000 1.0000 1.0000 0.8459 0.6784 0.5452 0.4389 0.3540 0.2861 0.2317 0.1876 0.1522 0.1241 0.1013 0.0830 0.0681 0.0560 0.0461 0.0380 0.0315 0.0262 0.0217 0.0181 0.0151 0.0126 0.0106 0.0089 0.0074 0.0062 0.0052 0.0044 0.0037 0.0031 0.0026 0.0022 0.0018 0.0015 0.0013 1.0000 1.0000 1.0000 1.0000 1.0000 1.0000 1.0000 1.0000 1.0000 1.0000
1.0000 1.0000 1.0000 1.0000 1.0000 1.0000 1.0000 1.0000 1.0000 0.0014 0.0016 0.0019 0.0023 0.0028 0.0033 0.0039 0.0047 0.0056 0.0066 0.0079 0.0094 0.0112 0.0133 0.0159 0.0190 0.0227 0.0273 0.0327 0.0394 0.0475 0.0575 0.0696 0.0845 0.1028 0.1253 0.1530 0.1876 0.2299 0.2834 0.3493 0.4315 0.5339 0.6619 0.8221 1.0000 1.0000 1.0000 1.0000 1.0000 1.0000 1.0000 1.0000 1.0000 1.0000 1.0000 1.0000 1.0000 0.8221 0.6619 0.5339 0.4315 0.3493 0.2834 0.2299 0.1876 0.1530 0.1253 0.1028 0.0845 0.0696 0.0575 0.0475 0.0394 0.0327 0.0273 0.0227 0.0190 0.0159 0.0133 0.0112 0.0094 0.0079 0.0066 0.0056 0.0047 0.0039 0.0033 0.0028 0.0023 0.0019 0.0016 0.0014 1.0000 1.0000 1.0000 1.0000 1.0000 1.0000 1.0000 1.0000 1.0000
1.0000 1.0000 1.0000 1.0000 1.0000 1.0000 1.0000 0.0012 0.0015 0.0017 0.0021 0.0025 0.0029 0.0035 0.0042 0.0050 0.0059 0.0070 0.0084 0.0100 0.0119 0.0141 0.0169 0.0201 0.0239 0.0286 0.0343 0.0411 0.0494 0.0595 0.0718 0.0868 0.1052 0.1280 0.1557 0.1897 0.2317 0.2834 0.3474 0.4274 0.5268 0.6506 0.8051 0.9981 1.0000 1.0000 1.0000 1.0000 1.0000 1.0000 1.0000 1.0000 1.0000 1.0000 1.0000 1.0000 1.0000 0.9981 0.8051 0.6506 0.5268 0.4274 0.3474 0.2834 0.2317 0.1897 0.1557 0.1280 0.1052 0.0868 0.0718 0.0595 0.0494 0.0411 0.0343 0.0286 0.0239 0.0201 0.0169 0.0141 0.0119 0.0100 0.0084 0.0070 0.0059 0.0050 0.0042 0.0035 0.0029 0.0025 0.0021 0.0017 0.0015 0.0012 1.0000 1.0000 1.0000 1.0000 1.0000 1.0000 1.0000
1.0000 1.0000 1.0000 1.0000 1.0000 1.0000 0.0013 0.0015 0.0018 0.0022 0.0026 0.0031 0.0037 0.0044 0.0053 0.0063 0.0075 0.0089 0.0106 0.0126 0.0150 0.0179 0.0213 0.0254 0.0302 0.0361 0.0431 0.0517 0.0620 0.0746 0.0899 0.1085 0.1312 0.1590 0.1930 0.2348 0.2861 0.3493 0.4274 0.5248 0.6457 0.7960 0.9830 1.0000 1.0000 1.0000 1.0000 1.0000 1.0000 1.0000 1.0000 1.0000 1.0000 1.0000 1.0000 1.0000 1.0000 1.0000 0.9830 0.7960 0.6457 0.5248 0.4274 0.3493 0.2861 0.2348 0.1930 0.1590 0.1312 0.1085 0.0899 0.0746 0.0620 0.0517 0.0431 0.0361 0.0302 0.0254 0.0213 0.0179 0.0150 0.0126 0.0106 0.0089 0.0075 0.0063 0.0053 0.0044 0.0037 0.0031 0.0026 0.0022 0.0018 0.0015 0.0013 1.0000 1.0000 1.0000 1.0000 1.0000 1.0000
1.0000 1.0000 1.0000 1.0000 1.0000 0.0014 0.0016 0.0020 0.0023 0.0028 0.0033 0.0039 0.0047 0.0056 0.0066 0.0079 0.0094 0.0112 0.0134 0.0159 0.0190 0.0226 0.0269 0.0321 0.0382 0.0455 0.0543 0.0649 0.0778 0.0933 0.1125 0.1355 0.1636 0.1978 0.2397 0.2910 0.3540 0.4315 0.5268 0.6457 0.7929 0.9756 1.0000 1.0000 1.0000 1.0000 1.0000 1.0000 1.0000 1.0000 1.0000 1.0000 1.0000 1.0000 1.0000 1.0000 1.0000 1.0000 1.0000 0.9756 0.7929 0.6457 0.5268 0.4315 0.3540 0.2910 0.2397 0.1978 0.1636 0.1355 0.1125 0.0933 0.0778 0.0649 0.0543 0.0455 0.0382 0.0321 0.0269 0.0226 0.0190 0.0159 0.0134 0.0112 0.0094 0.0079 0.0066 0.0056 0.0047 0.0039 0.0033 0.0028 0.0023 0.0020 0.0016 0.0014 1.0000 1.0000 1.0000 1.0000 1.0000
1.0000 1.0000 1.0000 0.0012 0.0015 0.0017 0.0021 0.0025 0.0029 0.0035 0.0042 0.0050 0.0059 0.0070 0.0084 0.0100 0.0119 0.0142 0.0169 0.0201 0.0240 0.0285 0.0340 0.0405 0.0482 0.0575 0.0685 0.0817 0.0977 0.1173 0.1408 0.1696 0.2043 0.2467 0.2983 0.3615 0.4389 0.5339 0.6506 0.7960 0.9756 1.0000 1.0000 1.0000 1.0000 1.0000 1.0000 1.0000 1.0000 1.0000 0.0013 1.0000 1.0000 1.0000 1.0000 1.0000 1.0000 1.0000 1.0000 1.0000 0.9756 0.7960 0.6506 0.5339 0.4389 0.3615 0.2983 0.2467 0.2043 0.1696 0.1408 0.1173 0.0977 0.0817 0.0685 0.0575 0.0482 0.0405 0.0340 0.0285 0.0240 0.0201 0.0169 0.0142 0.0119 0.0100 0.0084 0.0070 0.0059 0.0050 0.0042 0.0035 0.0029 0.0025 0.0021 0.0017 0.0015 0.0012 1.0000 1.0000 1.0000
1.0000 1.0000 0.0013 0.0015 0.0018 0.0022 0.0026 0.0031 0.0037 0.0044 0.0053 0.0063 0.0075 0.0089 0.0106 0.0126 0.0150 0.0179 0.0213 0.0254 0.0303 0.0361 0.0430 0.0512 0.0610 0.0726 0.0865 0.1030 0.1230 0.1473 0.1768 0.2123 0.2557 0.3081 0.3720 0.4499 0.5452 0.6619 0.8051 0.9830 1.0000 1.0000 1.0000 1.0000 1.0000 1.0000 1.0000 1.0000 1.0000 0.0014 0.0016 0.0014 1.0000 1.0000 1.0000 1.0000 1.0000 1.0000 1.0000 1.0000 1.0000 0.9830 0.8051 0.6619 0.5452 0.4499 0.3720 0.3081 0.2557 0.2123 0.1768 0.1473 0.1230 0.1030 0.0865 0.0726 0.0610 0.0512 0.0430 0.0361 0.0303 0.0254 0.0213 0.0179 0.0150 0.0126 0.0106 0.0089 0.0075 0.0063 0.0053 0.0044 0.0037 0.0031 0.0026 0.0022 0.0018 0.0015 0.0013 1.0000 1.0000
1.0000 0.0014 0.0016 0.0020 0.0023 0.0028 0.0033 0.0039 0.0047 0.0056 0.0066 0.0079 0.0094 0.0112 0.0134 0.0159 0.0190 0.0226 0.0270 0.0321 0.0383 0.0456 0.0543 0.0647 0.0770 0.0918 0.1093 0.1302 0.1551 0.1854 0.2222 0.2667 0.3201 0.3857 0.4647 0.5609 0.6784 0.8221 0.9981 1.0000 1.0000 1.0000 1.0000 1.0000 1.0000 1.0000 1.0000 1.0000 0.0014 0.0017 0.0020 0.0017 0.0014 1.0000 1.0000 1.0000 1.0000 1.0000 1.0000 1.0000 1.0000 1.0000 0.9981 0.8221 0.6784 0.5609 0.4647 0.3857 0.3201 0.2667 0.2222 0.1854 0.1551 0.1302 0.1093 0.0918 0.0770 0.0647 0.0543 0.0456 0.0383 0.0321 0.0270 0.0226 0.0190 0.0159 0.0134 0.0112 0.0094 0.0079 0.0066 0.0056 0.0047 0.0039 0.0033 0.0028 0.0023 0.0020 0.0016 0.0014 1.0000
0.0014 0.0017 0.0021 0.0025 0.0029 0.0035 0.0042 0.0050 0.0059 0.0071 0.0084 0.0100 0.0119 0.0142 0.0169 0.0202 0.0240 0.0286 0.0341 0.0406 0.0483 0.0576 0.0686 0.0817 0.0973 0.1159 0.1381 0.1645 0.1960 0.2339 0.2797 0.3350 0.4021 0.4827 0.5805 0.7007 0.8459 1.0000 1.0000 1.0000 1.0000 1.0000 1.0000 1.0000 1.0000 1.0000 1.0000 0.0013 0.0016 0.0020 0.0024 0.0020 0.0016 0.0013 1.0000 1.0000 1.0000 1.0000 1.0000 1.0000 1.0000 1.0000 1.0000 1.0000 0.8459 0.7007 0.5805 0.4827 0.4021 0.3350 0.2797 0.2339 0.1960 0.1645 0.1381 0.1159 0.0973 0.0817 0.0686 0.0576 0.0483 0.0406 0.0341 0.0286 0.0240 0.0202 0.0169 0.0142 0.0119 0.0100 0.0084 0.0071 0.0059 0.0050 0.0042 0.0035 0.0029 0.0025 0.0021 0.0017 0.0014
0.0018 0.0022 0.0026 0.0031 0.0037 0.0044 0.0053 0.0063 0.0075 0.0089 0.0106 0.0126 0.0151 0.0179 0.0214 0.0255 0.0303 0.0361 0.0430 0.0513 0.0611 0.0728 0.0867 0.1032 0.1230 0.1465 0.1745 0.2079 0.2476 0.2949 0.3520 0.4209 0.5043 0.6053 0.7279 0.8754 1.0000 1.0000 1.0000 1.0000 1.0000 1.0000 1.0000 1.0000 1.0000 1.0000 0.0013 0.0016 0.0020 0.0025 0.0029 0.0025 0.0020 0.0016 0.0013 1.0000 1.0000 1.0000 1.0000 1.0000 1.0000 1.0000 1.0000 1.0000 1.0000 0.8754 0.7279 0.6053 0.5043 0.4209 0.3520 0.2949 0.2476 0.2079 0.1745 0.1465 0.1230 0.1032 0.0867 0.0728 0.0611 0.0513 0.0430 0.0361 0.0303 0.0255 0.0214 0.0179 0.0151 0.0126 0.0106 0.0089 0.0075 0.0063 0.0053 0.0044 0.0037 0.0031 0.0026 0.0022 0.0018
0.0022 0.0028 0.0033 0.0039 0.0047 0.0056 0.0067 0.0079 0.0095 0.0113 0.0134 0.0160 0.0190 0.0227 0.0270 0.0322 0.0383 0.0457 0.0544 0.0648 0.0772 0.0919 0.1095 0.1304 0.1554 0.1851 0.2205 0.2626 0.3129 0.3727 0.4439 0.5298 0.6335 0.7590 0.9110 1.0000 1.0000 1.0000 1.0000 1.0000 1.0000 1.0000 1.0000 1.0000 1.0000 0.0013 0.0016 0.0020 0.0025 0.0030 0.0035 0.0030 0.0025 0.0020 0.0016 0.0013 1.0000 1.0000 1.0000 1.0000 1.0000 1.0000 1.0000 1.0000 1.0000 1.0000 0.9110 0.7590 0.6335 0.5298 0.4439 0.3727 0.3129 0.2626 0.2205 0.1851 0.1554 0.1304 0.1095 0.0919 0.0772 0.0648 0.0544 0.0457 0.0383 0.0322 0.0270 0.0227 0.0190 0.0160 0.0134 0.0113 0.0095 0.0079 0.0067 0.0056 0.0047 0.0039 0.0033 0.0028 0.0022
0.0028 0.0035 0.0042 0.0050 0.0059 0.0071 0.0084 0.0100 0.0119 0.0142 0.0170 0.0202 0.0241 0.0287 0.0341 0.0407 0.0484 0.0577 0.0687 0.0819 0.0975 0.1162 0.1384 0.1648 0.1963 0.2339 0.2786 0.3319 0.3953 0.4709 0.5609 0.6682 0.7975 0.9536 1.0000 1.0000 1.0000 1.0000 1.0000 1.0000 1.0000 1.0000 1.0000 1.0000 0.0013 0.0016 0.0020 0.0025 0.0030 0.0037 0.0043 0.0037 0.0030 0.0025 0.0020 0.0016 0.0013 1.0000 1.0000 1.0000 1.0000 1.0000 1.0000 1.0000 1.0000 1.0000 1.0000 0.9536 0.7975 0.6682 0.5609 0.4709 0.3953 0.3319 0.2786 0.2339 0.1963 0.1648 0.1384 0.1162 0.0975 0.0819 0.0687 0.0577 0.0484 0.0407 0.0341 0.0287 0.0241 0.0202 0.0170 0.0142 0.0119 0.0100 0.0084 0.0071 0.0059 0.0050 0.0042 0.0035 0.0028
0.0036 0.0044 0.0053 0.0063 0.0075 0.0089 0.0106 0.0127 0.0151 0.0180 0.0214 0.0255 0.0304 0.0362 0.0431 0.0514 0.0612 0.0729 0.0868 0.1034 0.1232 0.1468 0.1748 0.2083 0.2481 0.2955 0.3520 0.4193 0.4995 0.5950 0.7088 0.8443 1.0000 1.0000 1.0000 1.0000 1.0000 1.0000 1.0000 1.0000 1.0000 1.0000 1.0000 0.0014 0.0016 0.0020 0.0025 0.0030 0.0037 0.0046 0.0053 0.0046 0.0037 0.0030 0.0025 0.0020 0.0016 0.0014 1.0000 1.0000 1.0000 1.0000 1.0000 1.0000 1.0000 1.0000 1.0000 1.0000 1.0000 0.8443 0.7088 0.5950 0.4995 0.4193 0.3520 0.2955 0.2481 0.2083 0.1748 0.1468 0.1232 0.1034 0.0868 0.0729 0.0612 0.0514 0.0431 0.0362 0.0304 0.0255 0.0214 0.0180 0.0151 0.0127 0.0106 0.0089 0.0075 0.0063 0.0053 0.0044 0.0036
0.0046 0.0056 0.0067 0.0080 0.0095 0.0113 0.0135 0.0161 0.0191 0.0228 0.0272 0.0324 0.0385 0.0459 0.0547 0.0652 0.0776 0.0925 0.1101 0.1312 0.1563 0.1862 0.2217 0.2641 0.3146 0.3748 0.4465 0.5318 0.6335 0.7547 0.8990 1.0000 1.0000 1.0000 1.0000 1.0000 1.0000 1.0000 1.0000 1.0000 1.0000 1.0000 0.0014 0.0017 0.0020 0.0025 0.0030 0.0037 0.0046 0.0056 0.0065 0.0056 0.0046 0.0037 0.0030 0.0025 0.0020 0.0017 0.0014 1.0000 1.0000 1.0000 1.0000 1.0000 1.0000 1.0000 1.0000 1.0000 1.0000 1.0000 0.8990 0.7547 0.6335 0.5318 0.4465 0.3748 0.3146 0.2641 0.2217 0.1862 0.1563 0.1312 0.1101 0.0925 0.0776 0.0652 0.0547 0.0459 0.0385 0.0324 0.0272 0.0228 0.0191 0.0161 0.0135 0.0113 0.0095 0.0080 0.0067 0.0056 0.0046
0.0053 0.0066 0.0079 0.0094 0.0112 0.0133 0.0159 0.0189 0.0225 0.0268 0.0319 0.0380 0.0453 0.0540 0.0643 0.0766 0.0912 0.1087 0.1295 0.1542 0.1837 0.2188 0.2606 0.3105 0.3699 0.4406 0.5248 0.6252 0.7447 0.8871 1.0000 1.0000 1.0000 1.0000 1.0000 1.0000 1.0000 1.0000 1.0000 1.0000 1.0000 0.0013 0.0016 0.0020 0.0024 0.0029 0.0035 0.0043 0.0053 0.0065 0.0075 0.0065 0.0053 0.0043 0.0035 0.0029 0.0024 0.0020 0.0016 0.0013 1.0000 1.0000 1.0000 1.0000 1.0000 1.0000 1.0000 1.0000 1.0000 1.0000 1.0000 0.8871 0.7447 0.6252 0.5248 0.4406 0.3699 0.3105 0.2606 0.2188 0.1837 0.1542 0.1295 0.1087 0.0912 0.0766 0.0643 0.0540 0.0453 0.0380 0.0319 0.0268 0.0225 0.0189 0.0159 0.0133 0.0112 0.0094 0.0079 0.0066 0.0053
0.0046 0.0056 0.0067 0.0080 0.0095 0.0113 0.0135 0.0161 0.0191 0.0228 0.0272 0.0324 0.0385 0.0459 0.0547 0.0652 0.0776 0.0925 0.1101 0.1312 0.1563 0.1862 0.2217 0.2641 0.3146 0.3748 0.4465 0.5318 0.6335 0.7547 0.8990 1.0000 1.0000 1.0000 1.0000 1.0000 1.0000 1.0000 1.0000 1.0000 1.0000 1.0000 0.0014 0.0017 0.0020 0.0025 0.0030 0.0037 0.0046 0.0056 0.0065 0.0056 0.0046 0.0037 0.0030 0.0025 0.0020 0.0017 0.0014 1.0000 1.0000 1.0000 1.0000 1.0000 1.0000 1.0000 1.0000 1.0000 1.0000 1.0000 0.8990 0.7547 0.6335 0.5318 0.4465 0.3748 0.3146 0.2641 0.2217 0.1862 0.1563 0.1312 0.1101 0.0925 0.0776 0.0652 0.0547 0.0459 0.0385 0.0324 0.0272 0.0228 0.0191 0.0161 0.0135 0.0113 0.0095 0.0080 0.0067 0.0056 0.0046
0.0036 0.0044 0.0053 0.0063 0.0075 0.0089 0.0106 0.0127 0.0151 0.0180 0.0214 0.0255 0.0304 0.0362 0.0431 0.0514 0.0612 0.0729 0.0868 0.1034 0.1232 0.1468 0.1748 0.2083 0.2481 0.2955 0.3520 0.4193 0.4995 0.5950 0.7088 0.8443 1.0000 1.0000 1.0000 1.0000 1.0000 1.0000 1.0000 1.0000 1.0000 1.0000 1.0000 0.0014 0.0016 0.0020 0.0025 0.0030 0.0037 0.0046 0.0053 0.0046 0.0037 0.0030 0.0025 0.0020 0.0016 0.0014 1.0000 1.0000 1.0000 1.0000 1.0000 1.0000 1.0000 1.0000 1.0000 1.0000 1.0000 0.8443 0.7088 0.5950 0.4995 0.4193 0.3520 0.2955 0.2481 0.2083 0.1748 0.1468 0.1232 0.1034 0.0868 0.0729 0.0612 0.0514 0.0431 0.0362 0.0304 0.0255 0.0214 0.0180 0.0151 0.0127 0.0106 0.0089 0.0075 0.0063 0.0053 0.0044 0.0036
0.0028 0.0035 0.0042 0.0050 0.0059 0.0071 0.0084 0.0100 0.0119 0.0142 0.0170 0.0202 0.0241 0.0287 0.0341 0.0407 0.0484 0.0577 0.0687 0.0819 0.0975 0.1162 0.1384 0.1648 0.1963 0.2339 0.2786 0.3319 0.3953 0.4709 0.5609 0.6682 0.7975 0.9536 1.0000 1.0000 1.0000 1.0000 1.0000 1.0000 1.0000 1.0000 1.0000 1.0000 0.0013 0.0016 0.0020 0.0025 0.0030 0.0037 0.0043 0.0037 0.0030 0.0025 0.0020 0.0016 0.0013 1.0000 1.0000 1.0000 1.0000 1.0000 1.0000 1.0000 1.0000 1.0000 1.0000 0.9536 0.7975 0.6682 0.5609 0.4709 0.3953 0.3319 0.2786 0.2339 0.1963 0.1648 0.1384 0.1162 0.0975 0.0819 0.0687 0.0577 0.0484 0.0407 0.0341 0.0287 0.0241 0.0202 0.0170 0.0142 0.0119 0.0100 0.0084 0.0071 0.0059 0.0050 0.0042 0.0035 0.0028
0.0022 0.0028 0.0033 0.0039 0.0047 0.0056 0.0067 0.0079 0.0095 0.0113 0.0134 0.0160 0.0190 0.0227 0.0270 0.0322 0.0383 0.0457 0.0544 0.0648 0.0772 0.0919 0.1095 0.1304 0.1554 0.1851 0.2205 0.2626 0.3129 0.3727 0.4439 0.5298 0.6335 0.7590 0.9110 1.0000 1.0000 1.0000 1.0000 1.0000 1.0000 1.0000 1.0000 1.0000 1.0000 0.0013 0.0016 0.0020 0.0025 0.0030 0.0035 0.0030 0.0025 0.0020 0.0016 0.0013 1.0000 1.0000 1.0000 1.0000 1.0000 1.0000 1.0000 1.0000 1.0000 1.0000 0.9110 0.7590 0.6335 0.5298 0.4439 0.3727 0.3129 0.2626 0.2205 0.1851 0.1554 0.1304 0.1095 0.0919 0.0772 0.0648 0.0544 0.0457 0.0383 0.0322 0.0270 0.0227 0.0190 0.0160 0.0134 0.0113 0.0095 0.0079 0.0067 0.0056 0.0047 0.0039 0.0033 0.0028 0.0022
0.0018 0.0022 0.0026 0.0031 0.0037 0.0044 0.0053 0.0063 0.0075 0.0089 0.0106 0.0126 0.0151 0.0179 0.0214 0.0255 0.0303 0.0361 0.0430 0.0513 0.0611 0.0728 0.0867 0.1032 0.1230 0.1465 0.1745 0.2079 0.2476 0.2949 0.3520 0.4209 0.5043 0.6053 0.7279 0.8754 1.0000 1.0000 1.0000 1.0000 1.0000 1.0000 1.0000 1.0000 1.0000 1.0000 0.0013 0.0016 0.0020 0.0025 0.0029 0.0025 0.0020 0.0016 0.0013 1.0000 1.0000 1.0000 1.0000 1.0000 1.0000 1.0000 1.0000 1.0000 1.0000 0.8754 0.7279 0.6053 0.5043 0.4209 0.3520 0.2949 0.2476 0.2079 0.1745 0.1465 0.1230 0.1032 0.0867 0.0728 0.0611 0.0513 0.0430 0.0361 0.0303 0.0255 0.0214 0.0179 0.0151 0.0126 0.0106 0.0089 0.0075 0.0063 0.0053 0.0044 0.0037 0.0031 0.0026 0.0022 0.0018
