0.1268 0.1450 0.1588 0.1739 0.1904 0.2085 0.2282 0.2493 0.2717 0.2952 0.3191 0.3408 0.3510 0.3437 0.3266 0.3026 0.2725 0.2361 0.1926 0.1397 0.0760 0.0551 0.0542 0.0548 0.0562 0.0582 0.0607 0.0638 0.0674 0.0715 0.0763 0.0817 0.0879 0.0948 0.1026 0.1113 0.1211 0.1321 0.1443 0.1578 0.1728 0.1893 0.2073 0.2269 0.2479 0.2703 0.2937 0.3177 0.3397 0.3510 0.3477 0.3510 0.3397 0.3177 0.2937 0.2703 0.2479 0.2269 0.2073 0.1893 0.1728 0.1578 0.1443 0.1321 0.1211 0.1113 0.1026 0.0948 0.0879 0.0817 0.0763 0.0715 0.0674 0.0638 0.0607 0.0582 0.0562 0.0548 0.0542 0.0551 0.0760 0.1397 0.1926 0.2361 0.2725 0.3026 0.3266 0.3437 0.3510 0.3408 0.3191 0.2952 0.2717 0.2493 0.2282 0.2085 0.1904 0.1739 0.1588 0.1450 0.1268
0.1450 0.1641 0.1785 0.1943 0.2116 0.2303 0.2502 0.2710 0.2925 0.3138 0.3322 0.3396 0.3330 0.3176 0.2958 0.2682 0.2348 0.1952 0.1481 0.0898 0.0559 0.0545 0.0554 0.0571 0.0592 0.0620 0.0652 0.0690 0.0733 0.0783 0.0839 0.0903 0.0974 0.1054 0.1144 0.1244 0.1355 0.1478 0.1614 0.1763 0.1925 0.2101 0.2288 0.2488 0.2696 0.2911 0.3124 0.3312 0.3396 0.3334 0.3238 0.3334 0.3396 0.3312 0.3124 0.2911 0.2696 0.2488 0.2288 0.2101 0.1925 0.1763 0.1614 0.1478 0.1355 0.1244 0.1144 0.1054 0.0974 0.0903 0.0839 0.0783 0.0733 0.0690 0.0652 0.0620 0.0592 0.0571 0.0554 0.0545 0.0559 0.0898 0.1481 0.1952 0.2348 0.2682 0.2958 0.3176 0.3330 0.3396 0.3322 0.3138 0.2925 0.2710 0.2502 0.2303 0.2116 0.1943 0.1785 0.1641 0.1450
0.1588 0.1785 0.1930 0.2091 0.2268 0.2459 0.2662 0.2873 0.3086 0.3281 0.3392 0.3356 0.3221 0.3019 0.2757 0.2438 0.2058 0.1608 0.1056 0.0586 0.0544 0.0551 0.0566 0.0587 0.0613 0.0644 0.0680 0.0723 0.0771 0.0825 0.0887 0.0957 0.1035 0.1122 0.1219 0.1328 0.1448 0.1581 0.1726 0.1885 0.2058 0.2242 0.2439 0.2645 0.2858 0.3072 0.3270 0.3389 0.3361 0.3229 0.3096 0.3229 0.3361 0.3389 0.3270 0.3072 0.2858 0.2645 0.2439 0.2242 0.2058 0.1885 0.1726 0.1581 0.1448 0.1328 0.1219 0.1122 0.1035 0.0957 0.0887 0.0825 0.0771 0.0723 0.0680 0.0644 0.0613 0.0587 0.0566 0.0551 0.0544 0.0586 0.1056 0.1608 0.2058 0.2438 0.2757 0.3019 0.3221 0.3356 0.3392 0.3281 0.3086 0.2873 0.2662 0.2459 0.2268 0.2091 0.1930 0.1785 0.1588
0.1739 0.1943 0.2091 0.2254 0.2433 0.2626 0.2830 0.3039 0.3239 0.3379 0.3376 0.3262 0.3076 0.2828 0.2524 0.2160 0.1729 0.1209 0.0649 0.0544 0.0549 0.0562 0.0581 0.0606 0.0636 0.0671 0.0711 0.0758 0.0811 0.0871 0.0938 0.1014 0.1099 0.1194 0.1299 0.1417 0.1546 0.1688 0.1844 0.2013 0.2195 0.2388 0.2592 0.2803 0.3018 0.3224 0.3373 0.3381 0.3272 0.3085 0.2921 0.3085 0.3272 0.3381 0.3373 0.3224 0.3018 0.2803 0.2592 0.2388 0.2195 0.2013 0.1844 0.1688 0.1546 0.1417 0.1299 0.1194 0.1099 0.1014 0.0938 0.0871 0.0811 0.0758 0.0711 0.0671 0.0636 0.0606 0.0581 0.0562 0.0549 0.0544 0.0649 0.1209 0.1729 0.2160 0.2524 0.2828 0.3076 0.3262 0.3376 0.3379 0.3239 0.3039 0.2830 0.2626 0.2433 0.2254 0.2091 0.1943 0.1739
0.1904 0.2116 0.2268 0.2433 0.2612 0.2805 0.3006 0.3204 0.3359 0.3389 0.3297 0.3128 0.2896 0.2606 0.2258 0.1844 0.1351 0.0760 0.0548 0.0547 0.0558 0.0576 0.0599 0.0628 0.0661 0.0701 0.0746 0.0797 0.0855 0.0921 0.0994 0.1077 0.1169 0.1272 0.1386 0.1512 0.1651 0.1804 0.1969 0.2148 0.2338 0.2540 0.2750 0.2964 0.3175 0.3346 0.3392 0.3307 0.3141 0.2907 0.2714 0.2907 0.3141 0.3307 0.3392 0.3346 0.3175 0.2964 0.2750 0.2540 0.2338 0.2148 0.1969 0.1804 0.1651 0.1512 0.1386 0.1272 0.1169 0.1077 0.0994 0.0921 0.0855 0.0797 0.0746 0.0701 0.0661 0.0628 0.0599 0.0576 0.0558 0.0547 0.0548 0.0760 0.1351 0.1844 0.2258 0.2606 0.2896 0.3128 0.3297 0.3389 0.3359 0.3204 0.3006 0.2805 0.2612 0.2433 0.2268 0.2116 0.1904
0.2085 0.2303 0.2459 0.2626 0.2805 0.2994 0.3183 0.3342 0.3394 0.3323 0.3171 0.2955 0.2682 0.2350 0.1955 0.1485 0.0903 0.0559 0.0545 0.0554 0.0571 0.0593 0.0620 0.0652 0.0690 0.0734 0.0783 0.0840 0.0903 0.0975 0.1055 0.1145 0.1245 0.1356 0.1479 0.1615 0.1764 0.1926 0.2101 0.2289 0.2488 0.2696 0.2910 0.3123 0.3310 0.3396 0.3338 0.3190 0.2975 0.2697 0.2474 0.2697 0.2975 0.3190 0.3338 0.3396 0.3310 0.3123 0.2910 0.2696 0.2488 0.2289 0.2101 0.1926 0.1764 0.1615 0.1479 0.1356 0.1245 0.1145 0.1055 0.0975 0.0903 0.0840 0.0783 0.0734 0.0690 0.0652 0.0620 0.0593 0.0571 0.0554 0.0545 0.0559 0.0903 0.1485 0.1955 0.2350 0.2682 0.2955 0.3171 0.3323 0.3394 0.3342 0.3183 0.2994 0.2805 0.2626 0.2459 0.2303 0.2085
0.2282 0.2502 0.2662 0.2830 0.3006 0.3183 0.3335 0.3396 0.3338 0.3200 0.3000 0.2743 0.2429 0.2054 0.1607 0.1059 0.0587 0.0544 0.0551 0.0566 0.0587 0.0613 0.0644 0.0680 0.0722 0.0770 0.0825 0.0887 0.0956 0.1034 0.1121 0.1219 0.1327 0.1447 0.1580 0.1725 0.1884 0.2056 0.2241 0.2437 0.2643 0.2856 0.3070 0.3269 0.3389 0.3362 0.3234 0.3035 0.2777 0.2455 0.2201 0.2455 0.2777 0.3035 0.3234 0.3362 0.3389 0.3269 0.3070 0.2856 0.2643 0.2437 0.2241 0.2056 0.1884 0.1725 0.1580 0.1447 0.1327 0.1219 0.1121 0.1034 0.0956 0.0887 0.0825 0.0770 0.0722 0.0680 0.0644 0.0613 0.0587 0.0566 0.0551 0.0544 0.0587 0.1059 0.1607 0.2054 0.2429 0.2743 0.3000 0.3200 0.3338 0.3396 0.3335 0.3183 0.3006 0.2830 0.2662 0.2502 0.2282
0.2493 0.2710 0.2873 0.3039 0.3204 0.3342 0.3396 0.3343 0.3216 0.3029 0.2788 0.2490 0.2135 0.1710 0.1199 0.0647 0.0544 0.0549 0.0562 0.0581 0.0606 0.0635 0.0670 0.0711 0.0758 0.0810 0.0870 0.0938 0.1013 0.1098 0.1193 0.1298 0.1416 0.1545 0.1687 0.1843 0.2011 0.2193 0.2386 0.2590 0.2802 0.3017 0.3222 0.3372 0.3381 0.3273 0.3091 0.2848 0.2547 0.2180 0.1891 0.2180 0.2547 0.2848 0.3091 0.3273 0.3381 0.3372 0.3222 0.3017 0.2802 0.2590 0.2386 0.2193 0.2011 0.1843 0.1687 0.1545 0.1416 0.1298 0.1193 0.1098 0.1013 0.0938 0.0870 0.0810 0.0758 0.0711 0.0670 0.0635 0.0606 0.0581 0.0562 0.0549 0.0544 0.0647 0.1199 0.1710 0.2135 0.2490 0.2788 0.3029 0.3216 0.3343 0.3396 0.3342 0.3204 0.3039 0.2873 0.2710 0.2493
0.2717 0.2925 0.3086 0.3239 0.3359 0.3394 0.3338 0.3216 0.3039 0.2812 0.2531 0.2194 0.1792 0.1309 0.0736 0.0547 0.0547 0.0558 0.0576 0.0599 0.0627 0.0661 0.0700 0.0745 0.0797 0.0855 0.0920 0.0994 0.1076 0.1168 0.1271 0.1385 0.1511 0.1650 0.1802 0.1968 0.2146 0.2337 0.2538 0.2748 0.2963 0.3173 0.3345 0.3393 0.3308 0.3143 0.2915 0.2629 0.2284 0.1867 0.1540 0.1867 0.2284 0.2629 0.2915 0.3143 0.3308 0.3393 0.3345 0.3173 0.2963 0.2748 0.2538 0.2337 0.2146 0.1968 0.1802 0.1650 0.1511 0.1385 0.1271 0.1168 0.1076 0.0994 0.0920 0.0855 0.0797 0.0745 0.0700 0.0661 0.0627 0.0599 0.0576 0.0558 0.0547 0.0547 0.0736 0.1309 0.1792 0.2194 0.2531 0.2812 0.3039 0.3216 0.3338 0.3394 0.3359 0.3239 0.3086 0.2925 0.2717
0.2952 0.3138 0.3281 0.3379 0.3389 0.3323 0.3200 0.3029 0.2812 0.2545 0.2225 0.1845 0.1387 0.0823 0.0554 0.0545 0.0555 0.0571 0.0593 0.0620 0.0652 0.0690 0.0733 0.0783 0.0839 0.0903 0.0974 0.1054 0.1144 0.1244 0.1355 0.1478 0.1614 0.1763 0.1925 0.2100 0.2288 0.2486 0.2694 0.2908 0.3121 0.3309 0.3396 0.3338 0.3191 0.2978 0.2706 0.2377 0.1985 0.1512 0.1140 0.1512 0.1985 0.2377 0.2706 0.2978 0.3191 0.3338 0.3396 0.3309 0.3121 0.2908 0.2694 0.2486 0.2288 0.2100 0.1925 0.1763 0.1614 0.1478 0.1355 0.1244 0.1144 0.1054 0.0974 0.0903 0.0839 0.0783 0.0733 0.0690 0.0652 0.0620 0.0593 0.0571 0.0555 0.0545 0.0554 0.0823 0.1387 0.1845 0.2225 0.2545 0.2812 0.3029 0.3200 0.3323 0.3389 0.3379 0.3281 0.3138 0.2952
0.3191 0.3322 0.3392 0.3376 0.3297 0.3171 0.3000 0.2788 0.2531 0.2225 0.1863 0.1428 0.0887 0.0562 0.0544 0.0553 0.0568 0.0588 0.0613 0.0644 0.0680 0.0722 0.0770 0.0824 0.0886 0.0955 0.1033 0.1120 0.1218 0.1326 0.1446 0.1578 0.1724 0.1883 0.2055 0.2239 0.2435 0.2641 0.2854 0.3069 0.3267 0.3389 0.3363 0.3235 0.3037 0.2780 0.2466 0.2091 0.1645 0.1105 0.0722 0.1105 0.1645 0.2091 0.2466 0.2780 0.3037 0.3235 0.3363 0.3389 0.3267 0.3069 0.2854 0.2641 0.2435 0.2239 0.2055 0.1883 0.1724 0.1578 0.1446 0.1326 0.1218 0.1120 0.1033 0.0955 0.0886 0.0824 0.0770 0.0722 0.0680 0.0644 0.0613 0.0588 0.0568 0.0553 0.0544 0.0562 0.0887 0.1428 0.1863 0.2225 0.2531 0.2788 0.3000 0.3171 0.3297 0.3376 0.3392 0.3322 0.3191
0.3408 0.3396 0.3356 0.3262 0.3128 0.2955 0.2743 0.2490 0.2194 0.1845 0.1428 0.0911 0.0569 0.0544 0.0551 0.0565 0.0584 0.0608 0.0637 0.0672 0.0712 0.0758 0.0810 0.0870 0.0937 0.1013 0.1098 0.1192 0.1298 0.1415 0.1544 0.1686 0.1841 0.2010 0.2191 0.2385 0.2588 0.2800 0.3015 0.3221 0.3371 0.3382 0.3274 0.3093 0.2850 0.2550 0.2191 0.1766 0.1254 0.0685 0.0551 0.0685 0.1254 0.1766 0.2191 0.2550 0.2850 0.3093 0.3274 0.3382 0.3371 0.3221 0.3015 0.2800 0.2588 0.2385 0.2191 0.2010 0.1841 0.1686 0.1544 0.1415 0.1298 0.1192 0.1098 0.1013 0.0937 0.0870 0.0810 0.0758 0.0712 0.0672 0.0637 0.0608 0.0584 0.0565 0.0551 0.0544 0.0569 0.0911 0.1428 0.1845 0.2194 0.2490 0.2743 0.2955 0.3128 0.3262 0.3356 0.3396 0.3408
0.3510 0.3330 0.3221 0.3076 0.2896 0.2682 0.2429 0.2135 0.1792 0.1387 0.0887 0.0569 0.0544 0.0550 0.0563 0.0581 0.0604 0.0632 0.0665 0.0703 0.0747 0.0798 0.0855 0.0920 0.0993 0.1075 0.1167 0.1270 0.1384 0.1510 0.1649 0.1801 0.1966 0.2145 0.2335 0.2536 0.2746 0.2961 0.3171 0.3344 0.3393 0.3309 0.3145 0.2917 0.2631 0.2288 0.1880 0.1394 0.0802 0.0550 0.0543 0.0550 0.0802 0.1394 0.1880 0.2288 0.2631 0.2917 0.3145 0.3309 0.3393 0.3344 0.3171 0.2961 0.2746 0.2536 0.2335 0.2145 0.1966 0.1801 0.1649 0.1510 0.1384 0.1270 0.1167 0.1075 0.0993 0.0920 0.0855 0.0798 0.0747 0.0703 0.0665 0.0632 0.0604 0.0581 0.0563 0.0550 0.0544 0.0569 0.0887 0.1387 0.1792 0.2135 0.2429 0.2682 0.2896 0.3076 0.3221 0.3330 0.3510
0.3437 0.3176 0.3019 0.2828 0.2606 0.2350 0.2054 0.1710 0.1309 0.0823 0.0562 0.0544 0.0550 0.0562 0.0580 0.0601 0.0628 0.0660 0.0697 0.0739 0.0787 0.0842 0.0905 0.0975 0.1054 0.1144 0.1243 0.1354 0.1477 0.1613 0.1761 0.1923 0.2098 0.2286 0.2485 0.2693 0.2907 0.3120 0.3308 0.3395 0.3339 0.3193 0.2980 0.2709 0.2380 0.1989 0.1526 0.0953 0.0566 0.0544 0.0547 0.0544 0.0566 0.0953 0.1526 0.1989 0.2380 0.2709 0.2980 0.3193 0.3339 0.3395 0.3308 0.3120 0.2907 0.2693 0.2485 0.2286 0.2098 0.1923 0.1761 0.1613 0.1477 0.1354 0.1243 0.1144 0.1054 0.0975 0.0905 0.0842 0.0787 0.0739 0.0697 0.0660 0.0628 0.0601 0.0580 0.0562 0.0550 0.0544 0.0562 0.0823 0.1309 0.1710 0.2054 0.2350 0.2606 0.2828 0.3019 0.3176 0.3437
0.3266 0.2958 0.2757 0.2524 0.2258 0.1955 0.1607 0.1199 0.0736 0.0554 0.0544 0.0551 0.0563 0.0580 0.0601 0.0626 0.0656 0.0692 0.0732 0.0779 0.0832 0.0892 0.0960 0.1036 0.1122 0.1218 0.1325 0.1445 0.1577 0.1723 0.1881 0.2053 0.2238 0.2434 0.2639 0.2852 0.3067 0.3266 0.3388 0.3364 0.3236 0.3039 0.2782 0.2468 0.2094 0.1650 0.1111 0.0603 0.0544 0.0550 0.0556 0.0550 0.0544 0.0603 0.1111 0.1650 0.2094 0.2468 0.2782 0.3039 0.3236 0.3364 0.3388 0.3266 0.3067 0.2852 0.2639 0.2434 0.2238 0.2053 0.1881 0.1723 0.1577 0.1445 0.1325 0.1218 0.1122 0.1036 0.0960 0.0892 0.0832 0.0779 0.0732 0.0692 0.0656 0.0626 0.0601 0.0580 0.0563 0.0551 0.0544 0.0554 0.0736 0.1199 0.1607 0.1955 0.2258 0.2524 0.2757 0.2958 0.3266
0.3026 0.2682 0.2438 0.2160 0.1844 0.1485 0.1059 0.0647 0.0547 0.0545 0.0553 0.0565 0.0581 0.0601 0.0626 0.0655 0.0689 0.0728 0.0773 0.0824 0.0882 0.0947 0.1021 0.1104 0.1196 0.1300 0.1415 0.1543 0.1685 0.1840 0.2009 0.2190 0.2383 0.2587 0.2798 0.3013 0.3219 0.3371 0.3382 0.3276 0.3094 0.2852 0.2553 0.2194 0.1770 0.1260 0.0683 0.0544 0.0548 0.0560 0.0568 0.0560 0.0548 0.0544 0.0683 0.1260 0.1770 0.2194 0.2553 0.2852 0.3094 0.3276 0.3382 0.3371 0.3219 0.3013 0.2798 0.2587 0.2383 0.2190 0.2009 0.1840 0.1685 0.1543 0.1415 0.1300 0.1196 0.1104 0.1021 0.0947 0.0882 0.0824 0.0773 0.0728 0.0689 0.0655 0.0626 0.0601 0.0581 0.0565 0.0553 0.0545 0.0547 0.0647 0.1059 0.1485 0.1844 0.2160 0.2438 0.2682 0.3026
0.2725 0.2348 0.2058 0.1729 0.1351 0.0903 0.0587 0.0544 0.0547 0.0555 0.0568 0.0584 0.0604 0.0628 0.0656 0.0689 0.0727 0.0770 0.0819 0.0875 0.0938 0.1009 0.1089 0.1178 0.1279 0.1390 0.1514 0.1650 0.1801 0.1966 0.2143 0.2333 0.2535 0.2744 0.2959 0.3170 0.3343 0.3393 0.3310 0.3146 0.2919 0.2634 0.2291 0.1884 0.1399 0.0807 0.0551 0.0546 0.0557 0.0573 0.0583 0.0573 0.0557 0.0546 0.0551 0.0807 0.1399 0.1884 0.2291 0.2634 0.2919 0.3146 0.3310 0.3393 0.3343 0.3170 0.2959 0.2744 0.2535 0.2333 0.2143 0.1966 0.1801 0.1650 0.1514 0.1390 0.1279 0.1178 0.1089 0.1009 0.0938 0.0875 0.0819 0.0770 0.0727 0.0689 0.0656 0.0628 0.0604 0.0584 0.0568 0.0555 0.0547 0.0544 0.0587 0.0903 0.1351 0.1729 0.2058 0.2348 0.2725
0.2361 0.1952 0.1608 0.1209 0.0760 0.0559 0.0544 0.0549 0.0558 0.0571 0.0588 0.0608 0.0632 0.0660 0.0692 0.0728 0.0770 0.0818 0.0871 0.0932 0.1000 0.1077 0.1164 0.1261 0.1369 0.1489 0.1621 0.1767 0.1926 0.2099 0.2285 0.2483 0.2691 0.2905 0.3118 0.3307 0.3395 0.3340 0.3194 0.2982 0.2711 0.2383 0.1993 0.1530 0.0958 0.0567 0.0544 0.0553 0.0569 0.0590 0.0602 0.0590 0.0569 0.0553 0.0544 0.0567 0.0958 0.1530 0.1993 0.2383 0.2711 0.2982 0.3194 0.3340 0.3395 0.3307 0.3118 0.2905 0.2691 0.2483 0.2285 0.2099 0.1926 0.1767 0.1621 0.1489 0.1369 0.1261 0.1164 0.1077 0.1000 0.0932 0.0871 0.0818 0.0770 0.0728 0.0692 0.0660 0.0632 0.0608 0.0588 0.0571 0.0558 0.0549 0.0544 0.0559 0.0760 0.1209 0.1608 0.1952 0.2361
0.1926 0.1481 0.1056 0.0649 0.0548 0.0545 0.0551 0.0562 0.0576 0.0593 0.0613 0.0637 0.0665 0.0697 0.0732 0.0773 0.0819 0.0871 0.0930 0.0996 0.1070 0.1154 0.1247 0.1352 0.1468 0.1597 0.1738 0.1893 0.2061 0.2242 0.2435 0.2639 0.2851 0.3065 0.3264 0.3388 0.3364 0.3238 0.3041 0.2785 0.2471 0.2097 0.1654 0.1116 0.0605 0.0543 0.0550 0.0565 0.0585 0.0609 0.0623 0.0609 0.0585 0.0565 0.0550 0.0543 0.0605 0.1116 0.1654 0.2097 0.2471 0.2785 0.3041 0.3238 0.3364 0.3388 0.3264 0.3065 0.2851 0.2639 0.2435 0.2242 0.2061 0.1893 0.1738 0.1597 0.1468 0.1352 0.1247 0.1154 0.1070 0.0996 0.0930 0.0871 0.0819 0.0773 0.0732 0.0697 0.0665 0.0637 0.0613 0.0593 0.0576 0.0562 0.0551 0.0545 0.0548 0.0649 0.1056 0.1481 0.1926
0.1397 0.0898 0.0586 0.0544 0.0547 0.0554 0.0566 0.0581 0.0599 0.0620 0.0644 0.0672 0.0703 0.0739 0.0779 0.0824 0.0875 0.0932 0.0996 0.1068 0.1148 0.1239 0.1339 0.1452 0.1577 0.1714 0.1864 0.2028 0.2204 0.2392 0.2591 0.2799 0.3012 0.3218 0.3370 0.3382 0.3277 0.3096 0.2855 0.2556 0.2198 0.1773 0.1265 0.0686 0.0545 0.0548 0.0561 0.0579 0.0603 0.0631 0.0647 0.0631 0.0603 0.0579 0.0561 0.0548 0.0545 0.0686 0.1265 0.1773 0.2198 0.2556 0.2855 0.3096 0.3277 0.3382 0.3370 0.3218 0.3012 0.2799 0.2591 0.2392 0.2204 0.2028 0.1864 0.1714 0.1577 0.1452 0.1339 0.1239 0.1148 0.1068 0.0996 0.0932 0.0875 0.0824 0.0779 0.0739 0.0703 0.0672 0.0644 0.0620 0.0599 0.0581 0.0566 0.0554 0.0547 0.0544 0.0586 0.0898 0.1397
0.0760 0.0559 0.0544 0.0549 0.0558 0.0571 0.0587 0.0606 0.0627 0.0652 0.0680 0.0712 0.0747 0.0787 0.0832 0.0882 0.0938 0.1000 0.1070 0.1148 0.1236 0.1333 0.1442 0.1562 0.1696 0.1842 0.2001 0.2172 0.2356 0.2551 0.2755 0.2965 0.3171 0.3343 0.3393 0.3311 0.3148 0.2921 0.2636 0.2294 0.1887 0.1403 0.0812 0.0551 0.0546 0.0557 0.0574 0.0597 0.0625 0.0656 0.0675 0.0656 0.0625 0.0597 0.0574 0.0557 0.0546 0.0551 0.0812 0.1403 0.1887 0.2294 0.2636 0.2921 0.3148 0.3311 0.3393 0.3343 0.3171 0.2965 0.2755 0.2551 0.2356 0.2172 0.2001 0.1842 0.1696 0.1562 0.1442 0.1333 0.1236 0.1148 0.1070 0.1000 0.0938 0.0882 0.0832 0.0787 0.0747 0.0712 0.0680 0.0652 0.0627 0.0606 0.0587 0.0571 0.0558 0.0549 0.0544 0.0559 0.0760
0.0551 0.0545 0.0551 0.0562 0.0576 0.0593 0.0613 0.0635 0.0661 0.0690 0.0722 0.0758 0.0798 0.0842 0.0892 0.0947 0.1009 0.1077 0.1154 0.1239 0.1333 0.1438 0.1554 0.1683 0.1825 0.1979 0.2147 0.2326 0.2517 0.2717 0.2924 0.3130 0.3312 0.3396 0.3340 0.3195 0.2984 0.2713 0.2386 0.1996 0.1534 0.0963 0.0567 0.0544 0.0553 0.0569 0.0591 0.0617 0.0649 0.0685 0.0705 0.0685 0.0649 0.0617 0.0591 0.0569 0.0553 0.0544 0.0567 0.0963 0.1534 0.1996 0.2386 0.2713 0.2984 0.3195 0.3340 0.3396 0.3312 0.3130 0.2924 0.2717 0.2517 0.2326 0.2147 0.1979 0.1825 0.1683 0.1554 0.1438 0.1333 0.1239 0.1154 0.1077 0.1009 0.0947 0.0892 0.0842 0.0798 0.0758 0.0722 0.0690 0.0661 0.0635 0.0613 0.0593 0.0576 0.0562 0.0551 0.0545 0.0551
0.0542 0.0554 0.0566 0.0581 0.0599 0.0620 0.0644 0.0670 0.0700 0.0733 0.0770 0.0810 0.0855 0.0905 0.0960 0.1021 0.1089 0.1164 0.1247 0.1339 0.1442 0.1554 0.1679 0.1816 0.1966 0.2128 0.2303 0.2489 0.2685 0.2888 0.3094 0.3282 0.3391 0.3361 0.3234 0.3040 0.2786 0.2474 0.2101 0.1658 0.1121 0.0606 0.0543 0.0550 0.0565 0.0585 0.0610 0.0641 0.0677 0.0716 0.0739 0.0716 0.0677 0.0641 0.0610 0.0585 0.0565 0.0550 0.0543 0.0606 0.1121 0.1658 0.2101 0.2474 0.2786 0.3040 0.3234 0.3361 0.3391 0.3282 0.3094 0.2888 0.2685 0.2489 0.2303 0.2128 0.1966 0.1816 0.1679 0.1554 0.1442 0.1339 0.1247 0.1164 0.1089 0.1021 0.0960 0.0905 0.0855 0.0810 0.0770 0.0733 0.0700 0.0670 0.0644 0.0620 0.0599 0.0581 0.0566 0.0554 0.0542
0.0548 0.0571 0.0587 0.0606 0.0628 0.0652 0.0680 0.0711 0.0745 0.0783 0.0824 0.0870 0.0920 0.0975 0.1036 0.1104 0.1178 0.1261 0.1352 0.1452 0.1562 0.1683 0.1816 0.1961 0.2118 0.2288 0.2470 0.2661 0.2860 0.3063 0.3254 0.3382 0.3376 0.3266 0.3086 0.2849 0.2554 0.2199 0.1777 0.1269 0.0690 0.0545 0.0548 0.0560 0.0579 0.0603 0.0632 0.0667 0.0707 0.0751 0.0776 0.0751 0.0707 0.0667 0.0632 0.0603 0.0579 0.0560 0.0548 0.0545 0.0690 0.1269 0.1777 0.2199 0.2554 0.2849 0.3086 0.3266 0.3376 0.3382 0.3254 0.3063 0.2860 0.2661 0.2470 0.2288 0.2118 0.1961 0.1816 0.1683 0.1562 0.1452 0.1352 0.1261 0.1178 0.1104 0.1036 0.0975 0.0920 0.0870 0.0824 0.0783 0.0745 0.0711 0.0680 0.0652 0.0628 0.0606 0.0587 0.0571 0.0548
0.0562 0.0592 0.0613 0.0636 0.0661 0.0690 0.0722 0.0758 0.0797 0.0839 0.0886 0.0937 0.0993 0.1054 0.1122 0.1196 0.1279 0.1369 0.1468 0.1577 0.1696 0.1825 0.1966 0.2118 0.2283 0.2459 0.2645 0.2840 0.3039 0.3230 0.3370 0.3385 0.3290 0.3125 0.2900 0.2621 0.2284 0.1883 0.1403 0.0814 0.0551 0.0546 0.0557 0.0574 0.0597 0.0625 0.0658 0.0697 0.0741 0.0789 0.0817 0.0789 0.0741 0.0697 0.0658 0.0625 0.0597 0.0574 0.0557 0.0546 0.0551 0.0814 0.1403 0.1883 0.2284 0.2621 0.2900 0.3125 0.3290 0.3385 0.3370 0.3230 0.3039 0.2840 0.2645 0.2459 0.2283 0.2118 0.1966 0.1825 0.1696 0.1577 0.1468 0.1369 0.1279 0.1196 0.1122 0.1054 0.0993 0.0937 0.0886 0.0839 0.0797 0.0758 0.0722 0.0690 0.0661 0.0636 0.0613 0.0592 0.0562
0.0582 0.0620 0.0644 0.0671 0.0701 0.0734 0.0770 0.0810 0.0855 0.0903 0.0955 0.1013 0.1075 0.1144 0.1218 0.1300 0.1390 0.1489 0.1597 0.1714 0.1842 0.1979 0.2128 0.2288 0.2459 0.2640 0.2829 0.3022 0.3211 0.3359 0.3391 0.3309 0.3155 0.2943 0.2676 0.2354 0.1971 0.1517 0.0952 0.0567 0.0544 0.0553 0.0569 0.0590 0.0617 0.0649 0.0686 0.0729 0.0779 0.0831 0.0862 0.0831 0.0779 0.0729 0.0686 0.0649 0.0617 0.0590 0.0569 0.0553 0.0544 0.0567 0.0952 0.1517 0.1971 0.2354 0.2676 0.2943 0.3155 0.3309 0.3391 0.3359 0.3211 0.3022 0.2829 0.2640 0.2459 0.2288 0.2128 0.1979 0.1842 0.1714 0.1597 0.1489 0.1390 0.1300 0.1218 0.1144 0.1075 0.1013 0.0955 0.0903 0.0855 0.0810 0.0770 0.0734 0.0701 0.0671 0.0644 0.0620 0.0582
0.0607 0.0652 0.0680 0.0711 0.0746 0.0783 0.0825 0.0870 0.0920 0.0974 0.1033 0.1098 0.1167 0.1243 0.1325 0.1415 0.1514 0.1621 0.1738 0.1864 0.2001 0.2147 0.2303 0.2470 0.2645 0.2829 0.3017 0.3201 0.3350 0.3394 0.3323 0.3178 0.2977 0.2722 0.2414 0.2047 0.1612 0.1080 0.0597 0.0544 0.0550 0.0564 0.0584 0.0610 0.0640 0.0676 0.0718 0.0765 0.0819 0.0877 0.0911 0.0877 0.0819 0.0765 0.0718 0.0676 0.0640 0.0610 0.0584 0.0564 0.0550 0.0544 0.0597 0.1080 0.1612 0.2047 0.2414 0.2722 0.2977 0.3178 0.3323 0.3394 0.3350 0.3201 0.3017 0.2829 0.2645 0.2470 0.2303 0.2147 0.2001 0.1864 0.1738 0.1621 0.1514 0.1415 0.1325 0.1243 0.1167 0.1098 0.1033 0.0974 0.0920 0.0870 0.0825 0.0783 0.0746 0.0711 0.0680 0.0652 0.0607
0.0638 0.0690 0.0723 0.0758 0.0797 0.0840 0.0887 0.0938 0.0994 0.1054 0.1120 0.1192 0.1270 0.1354 0.1445 0.1543 0.1650 0.1767 0.1893 0.2028 0.2172 0.2326 0.2489 0.2661 0.2840 0.3022 0.3201 0.3347 0.3395 0.3332 0.3196 0.3002 0.2758 0.2462 0.2109 0.1692 0.1189 0.0649 0.0544 0.0548 0.0561 0.0579 0.0603 0.0632 0.0667 0.0707 0.0753 0.0805 0.0864 0.0928 0.0964 0.0928 0.0864 0.0805 0.0753 0.0707 0.0667 0.0632 0.0603 0.0579 0.0561 0.0548 0.0544 0.0649 0.1189 0.1692 0.2109 0.2462 0.2758 0.3002 0.3196 0.3332 0.3395 0.3347 0.3201 0.3022 0.2840 0.2661 0.2489 0.2326 0.2172 0.2028 0.1893 0.1767 0.1650 0.1543 0.1445 0.1354 0.1270 0.1192 0.1120 0.1054 0.0994 0.0938 0.0887 0.0840 0.0797 0.0758 0.0723 0.0690 0.0638
0.0674 0.0733 0.0771 0.0811 0.0855 0.0903 0.0956 0.1013 0.1076 0.1144 0.1218 0.1298 0.1384 0.1477 0.1577 0.1685 0.1801 0.1926 0.2061 0.2204 0.2356 0.2517 0.2685 0.2860 0.3039 0.3211 0.3350 0.3395 0.3335 0.3205 0.3019 0.2784 0.2498 0.2158 0.1757 0.1277 0.0717 0.0546 0.0547 0.0558 0.0575 0.0597 0.0625 0.0658 0.0696 0.0741 0.0791 0.0849 0.0914 0.0983 0.1023 0.0983 0.0914 0.0849 0.0791 0.0741 0.0696 0.0658 0.0625 0.0597 0.0575 0.0558 0.0547 0.0546 0.0717 0.1277 0.1757 0.2158 0.2498 0.2784 0.3019 0.3205 0.3335 0.3395 0.3350 0.3211 0.3039 0.2860 0.2685 0.2517 0.2356 0.2204 0.2061 0.1926 0.1801 0.1685 0.1577 0.1477 0.1384 0.1298 0.1218 0.1144 0.1076 0.1013 0.0956 0.0903 0.0855 0.0811 0.0771 0.0733 0.0674
0.0715 0.0783 0.0825 0.0871 0.0921 0.0975 0.1034 0.1098 0.1168 0.1244 0.1326 0.1415 0.1510 0.1613 0.1723 0.1840 0.1966 0.2099 0.2242 0.2392 0.2551 0.2717 0.2888 0.3063 0.3230 0.3359 0.3394 0.3332 0.3205 0.3026 0.2798 0.2521 0.2192 0.1804 0.1343 0.0785 0.0551 0.0545 0.0555 0.0571 0.0592 0.0619 0.0650 0.0687 0.0729 0.0778 0.0833 0.0896 0.0967 0.1043 0.1086 0.1043 0.0967 0.0896 0.0833 0.0778 0.0729 0.0687 0.0650 0.0619 0.0592 0.0571 0.0555 0.0545 0.0551 0.0785 0.1343 0.1804 0.2192 0.2521 0.2798 0.3026 0.3205 0.3332 0.3394 0.3359 0.3230 0.3063 0.2888 0.2717 0.2551 0.2392 0.2242 0.2099 0.1966 0.1840 0.1723 0.1613 0.1510 0.1415 0.1326 0.1244 0.1168 0.1098 0.1034 0.0975 0.0921 0.0871 0.0825 0.0783 0.0715
0.0763 0.0839 0.0887 0.0938 0.0994 0.1055 0.1121 0.1193 0.1271 0.1355 0.1446 0.1544 0.1649 0.1761 0.1881 0.2009 0.2143 0.2285 0.2435 0.2591 0.2755 0.2924 0.3094 0.3254 0.3370 0.3391 0.3323 0.3196 0.3019 0.2798 0.2529 0.2209 0.1833 0.1387 0.0839 0.0557 0.0545 0.0553 0.0568 0.0588 0.0613 0.0643 0.0679 0.0719 0.0766 0.0820 0.0880 0.0948 0.1026 0.1108 0.1156 0.1108 0.1026 0.0948 0.0880 0.0820 0.0766 0.0719 0.0679 0.0643 0.0613 0.0588 0.0568 0.0553 0.0545 0.0557 0.0839 0.1387 0.1833 0.2209 0.2529 0.2798 0.3019 0.3196 0.3323 0.3391 0.3370 0.3254 0.3094 0.2924 0.2755 0.2591 0.2435 0.2285 0.2143 0.2009 0.1881 0.1761 0.1649 0.1544 0.1446 0.1355 0.1271 0.1193 0.1121 0.1055 0.0994 0.0938 0.0887 0.0839 0.0763
0.0817 0.0903 0.0957 0.1014 0.1077 0.1145 0.1219 0.1298 0.1385 0.1478 0.1578 0.1686 0.1801 0.1923 0.2053 0.2190 0.2333 0.2483 0.2639 0.2799 0.2965 0.3130 0.3282 0.3382 0.3385 0.3309 0.3178 0.3002 0.2784 0.2521 0.2209 0.1844 0.1410 0.0877 0.0563 0.0544 0.0552 0.0566 0.0585 0.0609 0.0638 0.0672 0.0711 0.0756 0.0807 0.0865 0.0931 0.1005 0.1089 0.1179 0.1231 0.1179 0.1089 0.1005 0.0931 0.0865 0.0807 0.0756 0.0711 0.0672 0.0638 0.0609 0.0585 0.0566 0.0552 0.0544 0.0563 0.0877 0.1410 0.1844 0.2209 0.2521 0.2784 0.3002 0.3178 0.3309 0.3385 0.3382 0.3282 0.3130 0.2965 0.2799 0.2639 0.2483 0.2333 0.2190 0.2053 0.1923 0.1801 0.1686 0.1578 0.1478 0.1385 0.1298 0.1219 0.1145 0.1077 0.1014 0.0957 0.0903 0.0817
0.0879 0.0974 0.1035 0.1099 0.1169 0.1245 0.1327 0.1416 0.1511 0.1614 0.1724 0.1841 0.1966 0.2098 0.2238 0.2383 0.2535 0.2691 0.2851 0.3012 0.3171 0.3312 0.3391 0.3376 0.3290 0.3155 0.2977 0.2758 0.2498 0.2192 0.1833 0.1410 0.0891 0.0566 0.0544 0.0551 0.0564 0.0583 0.0606 0.0634 0.0666 0.0704 0.0748 0.0797 0.0853 0.0916 0.0988 0.1068 0.1159 0.1256 0.1312 0.1256 0.1159 0.1068 0.0988 0.0916 0.0853 0.0797 0.0748 0.0704 0.0666 0.0634 0.0606 0.0583 0.0564 0.0551 0.0544 0.0566 0.0891 0.1410 0.1833 0.2192 0.2498 0.2758 0.2977 0.3155 0.3290 0.3376 0.3391 0.3312 0.3171 0.3012 0.2851 0.2691 0.2535 0.2383 0.2238 0.2098 0.1966 0.1841 0.1724 0.1614 0.1511 0.1416 0.1327 0.1245 0.1169 0.1099 0.1035 0.0974 0.0879
0.0948 0.1054 0.1122 0.1194 0.1272 0.1356 0.1447 0.1545 0.1650 0.1763 0.1883 0.2010 0.2145 0.2286 0.2434 0.2587 0.2744 0.2905 0.3065 0.3218 0.3343 0.3396 0.3361 0.3266 0.3125 0.2943 0.2722 0.2462 0.2158 0.1804 0.1387 0.0877 0.0566 0.0544 0.0551 0.0563 0.0581 0.0603 0.0630 0.0662 0.0698 0.0740 0.0788 0.0843 0.0904 0.0973 0.1050 0.1137 0.1235 0.1340 0.1401 0.1340 0.1235 0.1137 0.1050 0.0973 0.0904 0.0843 0.0788 0.0740 0.0698 0.0662 0.0630 0.0603 0.0581 0.0563 0.0551 0.0544 0.0566 0.0877 0.1387 0.1804 0.2158 0.2462 0.2722 0.2943 0.3125 0.3266 0.3361 0.3396 0.3343 0.3218 0.3065 0.2905 0.2744 0.2587 0.2434 0.2286 0.2145 0.2010 0.1883 0.1763 0.1650 0.1545 0.1447 0.1356 0.1272 0.1194 0.1122 0.1054 0.0948
0.1026 0.1144 0.1219 0.1299 0.1386 0.1479 0.1580 0.1687 0.1802 0.1925 0.2055 0.2191 0.2335 0.2485 0.2639 0.2798 0.2959 0.3118 0.3264 0.3370 0.3393 0.3340 0.3234 0.3086 0.2900 0.2676 0.2414 0.2109 0.1757 0.1343 0.0839 0.0563 0.0544 0.0551 0.0563 0.0580 0.0601 0.0628 0.0658 0.0694 0.0735 0.0781 0.0834 0.0893 0.0960 0.1035 0.1119 0.1213 0.1319 0.1432 0.1498 0.1432 0.1319 0.1213 0.1119 0.1035 0.0960 0.0893 0.0834 0.0781 0.0735 0.0694 0.0658 0.0628 0.0601 0.0580 0.0563 0.0551 0.0544 0.0563 0.0839 0.1343 0.1757 0.2109 0.2414 0.2676 0.2900 0.3086 0.3234 0.3340 0.3393 0.3370 0.3264 0.3118 0.2959 0.2798 0.2639 0.2485 0.2335 0.2191 0.2055 0.1925 0.1802 0.1687 0.1580 0.1479 0.1386 0.1299 0.1219 0.1144 0.1026
0.1113 0.1244 0.1328 0.1417 0.1512 0.1615 0.1725 0.1843 0.1968 0.2100 0.2239 0.2385 0.2536 0.2693 0.2852 0.3013 0.3170 0.3307 0.3388 0.3382 0.3311 0.3195 0.3040 0.2849 0.2621 0.2354 0.2047 0.1692 0.1277 0.0785 0.0557 0.0544 0.0551 0.0563 0.0580 0.0601 0.0626 0.0656 0.0691 0.0730 0.0775 0.0826 0.0884 0.0949 0.1022 0.1104 0.1195 0.1297 0.1411 0.1532 0.1604 0.1532 0.1411 0.1297 0.1195 0.1104 0.1022 0.0949 0.0884 0.0826 0.0775 0.0730 0.0691 0.0656 0.0626 0.0601 0.0580 0.0563 0.0551 0.0544 0.0557 0.0785 0.1277 0.1692 0.2047 0.2354 0.2621 0.2849 0.3040 0.3195 0.3311 0.3382 0.3388 0.3307 0.3170 0.3013 0.2852 0.2693 0.2536 0.2385 0.2239 0.2100 0.1968 0.1843 0.1725 0.1615 0.1512 0.1417 0.1328 0.1244 0.1113
0.1211 0.1355 0.1448 0.1546 0.1651 0.1764 0.1884 0.2011 0.2146 0.2288 0.2435 0.2588 0.2746 0.2907 0.3067 0.3219 0.3343 0.3395 0.3364 0.3277 0.3148 0.2984 0.2786 0.2554 0.2284 0.1971 0.1612 0.1189 0.0717 0.0551 0.0545 0.0552 0.0564 0.0581 0.0601 0.0626 0.0655 0.0689 0.0728 0.0772 0.0821 0.0877 0.0940 0.1011 0.1090 0.1179 0.1278 0.1388 0.1511 0.1641 0.1719 0.1641 0.1511 0.1388 0.1278 0.1179 0.1090 0.1011 0.0940 0.0877 0.0821 0.0772 0.0728 0.0689 0.0655 0.0626 0.0601 0.0581 0.0564 0.0552 0.0545 0.0551 0.0717 0.1189 0.1612 0.1971 0.2284 0.2554 0.2786 0.2984 0.3148 0.3277 0.3364 0.3395 0.3343 0.3219 0.3067 0.2907 0.2746 0.2588 0.2435 0.2288 0.2146 0.2011 0.1884 0.1764 0.1651 0.1546 0.1448 0.1355 0.1211
0.1321 0.1478 0.1581 0.1688 0.1804 0.1926 0.2056 0.2193 0.2337 0.2486 0.2641 0.2800 0.2961 0.3120 0.3266 0.3371 0.3393 0.3340 0.3238 0.3096 0.2921 0.2713 0.2474 0.2199 0.1883 0.1517 0.1080 0.0649 0.0546 0.0545 0.0553 0.0566 0.0583 0.0603 0.0628 0.0656 0.0689 0.0727 0.0770 0.0818 0.0873 0.0934 0.1003 0.1080 0.1166 0.1262 0.1369 0.1488 0.1619 0.1759 0.1842 0.1759 0.1619 0.1488 0.1369 0.1262 0.1166 0.1080 0.1003 0.0934 0.0873 0.0818 0.0770 0.0727 0.0689 0.0656 0.0628 0.0603 0.0583 0.0566 0.0553 0.0545 0.0546 0.0649 0.1080 0.1517 0.1883 0.2199 0.2474 0.2713 0.2921 0.3096 0.3238 0.3340 0.3393 0.3371 0.3266 0.3120 0.2961 0.2800 0.2641 0.2486 0.2337 0.2193 0.2056 0.1926 0.1804 0.1688 0.1581 0.1478 0.1321
0.1443 0.1614 0.1726 0.1844 0.1969 0.2101 0.2241 0.2386 0.2538 0.2694 0.2854 0.3015 0.3171 0.3308 0.3388 0.3382 0.3310 0.3194 0.3041 0.2855 0.2636 0.2386 0.2101 0.1777 0.1403 0.0952 0.0597 0.0544 0.0547 0.0555 0.0568 0.0585 0.0606 0.0630 0.0658 0.0691 0.0728 0.0770 0.0817 0.0870 0.0930 0.0997 0.1072 0.1156 0.1250 0.1354 0.1469 0.1597 0.1737 0.1886 0.1976 0.1886 0.1737 0.1597 0.1469 0.1354 0.1250 0.1156 0.1072 0.0997 0.0930 0.0870 0.0817 0.0770 0.0728 0.0691 0.0658 0.0630 0.0606 0.0585 0.0568 0.0555 0.0547 0.0544 0.0597 0.0952 0.1403 0.1777 0.2101 0.2386 0.2636 0.2855 0.3041 0.3194 0.3310 0.3382 0.3388 0.3308 0.3171 0.3015 0.2854 0.2694 0.2538 0.2386 0.2241 0.2101 0.1969 0.1844 0.1726 0.1614 0.1443
0.1578 0.1763 0.1885 0.2013 0.2148 0.2289 0.2437 0.2590 0.2748 0.2908 0.3069 0.3221 0.3344 0.3395 0.3364 0.3276 0.3146 0.2982 0.2785 0.2556 0.2294 0.1996 0.1658 0.1269 0.0814 0.0567 0.0544 0.0548 0.0558 0.0571 0.0588 0.0609 0.0634 0.0662 0.0694 0.0730 0.0772 0.0818 0.0870 0.0929 0.0995 0.1068 0.1150 0.1241 0.1342 0.1455 0.1579 0.1716 0.1865 0.2023 0.2119 0.2023 0.1865 0.1716 0.1579 0.1455 0.1342 0.1241 0.1150 0.1068 0.0995 0.0929 0.0870 0.0818 0.0772 0.0730 0.0694 0.0662 0.0634 0.0609 0.0588 0.0571 0.0558 0.0548 0.0544 0.0567 0.0814 0.1269 0.1658 0.1996 0.2294 0.2556 0.2785 0.2982 0.3146 0.3276 0.3364 0.3395 0.3344 0.3221 0.3069 0.2908 0.2748 0.2590 0.2437 0.2289 0.2148 0.2013 0.1885 0.1763 0.1578
0.1728 0.1925 0.2058 0.2195 0.2338 0.2488 0.2643 0.2802 0.2963 0.3121 0.3267 0.3371 0.3393 0.3339 0.3236 0.3094 0.2919 0.2711 0.2471 0.2198 0.1887 0.1534 0.1121 0.0690 0.0551 0.0544 0.0550 0.0561 0.0575 0.0592 0.0613 0.0638 0.0666 0.0698 0.0735 0.0775 0.0821 0.0873 0.0930 0.0995 0.1067 0.1147 0.1236 0.1335 0.1445 0.1566 0.1699 0.1844 0.2003 0.2169 0.2272 0.2169 0.2003 0.1844 0.1699 0.1566 0.1445 0.1335 0.1236 0.1147 0.1067 0.0995 0.0930 0.0873 0.0821 0.0775 0.0735 0.0698 0.0666 0.0638 0.0613 0.0592 0.0575 0.0561 0.0550 0.0544 0.0551 0.0690 0.1121 0.1534 0.1887 0.2198 0.2471 0.2711 0.2919 0.3094 0.3236 0.3339 0.3393 0.3371 0.3267 0.3121 0.2963 0.2802 0.2643 0.2488 0.2338 0.2195 0.2058 0.1925 0.1728
0.1893 0.2101 0.2242 0.2388 0.2540 0.2696 0.2856 0.3017 0.3173 0.3309 0.3389 0.3382 0.3309 0.3193 0.3039 0.2852 0.2634 0.2383 0.2097 0.1773 0.1403 0.0963 0.0606 0.0545 0.0546 0.0553 0.0564 0.0579 0.0597 0.0619 0.0643 0.0672 0.0704 0.0740 0.0781 0.0826 0.0877 0.0934 0.0997 0.1068 0.1147 0.1234 0.1331 0.1438 0.1557 0.1687 0.1829 0.1984 0.2151 0.2326 0.2435 0.2326 0.2151 0.1984 0.1829 0.1687 0.1557 0.1438 0.1331 0.1234 0.1147 0.1068 0.0997 0.0934 0.0877 0.0826 0.0781 0.0740 0.0704 0.0672 0.0643 0.0619 0.0597 0.0579 0.0564 0.0553 0.0546 0.0545 0.0606 0.0963 0.1403 0.1773 0.2097 0.2383 0.2634 0.2852 0.3039 0.3193 0.3309 0.3382 0.3389 0.3309 0.3173 0.3017 0.2856 0.2696 0.2540 0.2388 0.2242 0.2101 0.1893
0.2073 0.2288 0.2439 0.2592 0.2750 0.2910 0.3070 0.3222 0.3345 0.3396 0.3363 0.3274 0.3145 0.2980 0.2782 0.2553 0.2291 0.1993 0.1654 0.1265 0.0812 0.0567 0.0543 0.0548 0.0557 0.0569 0.0584 0.0603 0.0625 0.0650 0.0679 0.0711 0.0748 0.0788 0.0834 0.0884 0.0940 0.1003 0.1072 0.1150 0.1236 0.1331 0.1436 0.1552 0.1680 0.1819 0.1970 0.2133 0.2308 0.2490 0.2606 0.2490 0.2308 0.2133 0.1970 0.1819 0.1680 0.1552 0.1436 0.1331 0.1236 0.1150 0.1072 0.1003 0.0940 0.0884 0.0834 0.0788 0.0748 0.0711 0.0679 0.0650 0.0625 0.0603 0.0584 0.0569 0.0557 0.0548 0.0543 0.0567 0.0812 0.1265 0.1654 0.1993 0.2291 0.2553 0.2782 0.2980 0.3145 0.3274 0.3363 0.3396 0.3345 0.3222 0.3070 0.2910 0.2750 0.2592 0.2439 0.2288 0.2073
0.2269 0.2488 0.2645 0.2803 0.2964 0.3123 0.3269 0.3372 0.3393 0.3338 0.3235 0.3093 0.2917 0.2709 0.2468 0.2194 0.1884 0.1530 0.1116 0.0686 0.0551 0.0544 0.0550 0.0560 0.0574 0.0590 0.0610 0.0632 0.0658 0.0687 0.0719 0.0756 0.0797 0.0843 0.0893 0.0949 0.1011 0.1080 0.1156 0.1241 0.1335 0.1438 0.1552 0.1677 0.1813 0.1962 0.2122 0.2293 0.2475 0.2664 0.2785 0.2664 0.2475 0.2293 0.2122 0.1962 0.1813 0.1677 0.1552 0.1438 0.1335 0.1241 0.1156 0.1080 0.1011 0.0949 0.0893 0.0843 0.0797 0.0756 0.0719 0.0687 0.0658 0.0632 0.0610 0.0590 0.0574 0.0560 0.0550 0.0544 0.0551 0.0686 0.1116 0.1530 0.1884 0.2194 0.2468 0.2709 0.2917 0.3093 0.3235 0.3338 0.3393 0.3372 0.3269 0.3123 0.2964 0.2803 0.2645 0.2488 0.2269
0.2479 0.2696 0.2858 0.3018 0.3175 0.3310 0.3389 0.3381 0.3308 0.3191 0.3037 0.2850 0.2631 0.2380 0.2094 0.1770 0.1399 0.0958 0.0605 0.0545 0.0546 0.0553 0.0565 0.0579 0.0597 0.0617 0.0640 0.0667 0.0696 0.0729 0.0766 0.0807 0.0853 0.0904 0.0960 0.1022 0.1090 0.1166 0.1250 0.1342 0.1445 0.1557 0.1680 0.1813 0.1959 0.2116 0.2284 0.2462 0.2650 0.2843 0.2968 0.2843 0.2650 0.2462 0.2284 0.2116 0.1959 0.1813 0.1680 0.1557 0.1445 0.1342 0.1250 0.1166 0.1090 0.1022 0.0960 0.0904 0.0853 0.0807 0.0766 0.0729 0.0696 0.0667 0.0640 0.0617 0.0597 0.0579 0.0565 0.0553 0.0546 0.0545 0.0605 0.0958 0.1399 0.1770 0.2094 0.2380 0.2631 0.2850 0.3037 0.3191 0.3308 0.3381 0.3389 0.3310 0.3175 0.3018 0.2858 0.2696 0.2479
0.2703 0.2911 0.3072 0.3224 0.3346 0.3396 0.3362 0.3273 0.3143 0.2978 0.2780 0.2550 0.2288 0.1989 0.1650 0.1260 0.0807 0.0567 0.0543 0.0548 0.0557 0.0569 0.0585 0.0603 0.0625 0.0649 0.0676 0.0707 0.0741 0.0778 0.0820 0.0865 0.0916 0.0973 0.1035 0.1104 0.1179 0.1262 0.1354 0.1455 0.1566 0.1687 0.1819 0.1962 0.2116 0.2281 0.2456 0.2640 0.2831 0.3026 0.3151 0.3026 0.2831 0.2640 0.2456 0.2281 0.2116 0.1962 0.1819 0.1687 0.1566 0.1455 0.1354 0.1262 0.1179 0.1104 0.1035 0.0973 0.0916 0.0865 0.0820 0.0778 0.0741 0.0707 0.0676 0.0649 0.0625 0.0603 0.0585 0.0569 0.0557 0.0548 0.0543 0.0567 0.0807 0.1260 0.1650 0.1989 0.2288 0.2550 0.2780 0.2978 0.3143 0.3273 0.3362 0.3396 0.3346 0.3224 0.3072 0.2911 0.2703
0.2937 0.3124 0.3270 0.3373 0.3392 0.3338 0.3234 0.3091 0.2915 0.2706 0.2466 0.2191 0.1880 0.1526 0.1111 0.0683 0.0551 0.0544 0.0550 0.0561 0.0574 0.0591 0.0610 0.0632 0.0658 0.0686 0.0718 0.0753 0.0791 0.0833 0.0880 0.0931 0.0988 0.1050 0.1119 0.1195 0.1278 0.1369 0.1469 0.1579 0.1699 0.1829 0.1970 0.2122 0.2284 0.2456 0.2638 0.2825 0.3016 0.3204 0.3311 0.3204 0.3016 0.2825 0.2638 0.2456 0.2284 0.2122 0.1970 0.1829 0.1699 0.1579 0.1469 0.1369 0.1278 0.1195 0.1119 0.1050 0.0988 0.0931 0.0880 0.0833 0.0791 0.0753 0.0718 0.0686 0.0658 0.0632 0.0610 0.0591 0.0574 0.0561 0.0550 0.0544 0.0551 0.0683 0.1111 0.1526 0.1880 0.2191 0.2466 0.2706 0.2915 0.3091 0.3234 0.3338 0.3392 0.3373 0.3270 0.3124 0.2937
0.3177 0.3312 0.3389 0.3381 0.3307 0.3190 0.3035 0.2848 0.2629 0.2377 0.2091 0.1766 0.1394 0.0953 0.0603 0.0544 0.0546 0.0553 0.0565 0.0579 0.0597 0.0617 0.0641 0.0667 0.0697 0.0729 0.0765 0.0805 0.0849 0.0896 0.0948 0.1005 0.1068 0.1137 0.1213 0.1297 0.1388 0.1488 0.1597 0.1716 0.1844 0.1984 0.2133 0.2293 0.2462 0.2640 0.2825 0.3013 0.3197 0.3348 0.3393 0.3348 0.3197 0.3013 0.2825 0.2640 0.2462 0.2293 0.2133 0.1984 0.1844 0.1716 0.1597 0.1488 0.1388 0.1297 0.1213 0.1137 0.1068 0.1005 0.0948 0.0896 0.0849 0.0805 0.0765 0.0729 0.0697 0.0667 0.0641 0.0617 0.0597 0.0579 0.0565 0.0553 0.0546 0.0544 0.0603 0.0953 0.1394 0.1766 0.2091 0.2377 0.2629 0.2848 0.3035 0.3190 0.3307 0.3381 0.3389 0.3312 0.3177
0.3397 0.3396 0.3361 0.3272 0.3141 0.2975 0.2777 0.2547 0.2284 0.1985 0.1645 0.1254 0.0802 0.0566 0.0544 0.0548 0.0557 0.0569 0.0585 0.0603 0.0625 0.0649 0.0677 0.0707 0.0741 0.0779 0.0819 0.0864 0.0914 0.0967 0.1026 0.1089 0.1159 0.1235 0.1319 0.1411 0.1511 0.1619 0.1737 0.1865 0.2003 0.2151 0.2308 0.2475 0.2650 0.2831 0.3016 0.3197 0.3344 0.3395 0.3361 0.3395 0.3344 0.3197 0.3016 0.2831 0.2650 0.2475 0.2308 0.2151 0.2003 0.1865 0.1737 0.1619 0.1511 0.1411 0.1319 0.1235 0.1159 0.1089 0.1026 0.0967 0.0914 0.0864 0.0819 0.0779 0.0741 0.0707 0.0677 0.0649 0.0625 0.0603 0.0585 0.0569 0.0557 0.0548 0.0544 0.0566 0.0802 0.1254 0.1645 0.1985 0.2284 0.2547 0.2777 0.2975 0.3141 0.3272 0.3361 0.3396 0.3397
0.3510 0.3334 0.3229 0.3085 0.2907 0.2697 0.2455 0.2180 0.1867 0.1512 0.1105 0.0685 0.0550 0.0544 0.0550 0.0560 0.0573 0.0590 0.0609 0.0631 0.0656 0.0685 0.0716 0.0751 0.0789 0.0831 0.0877 0.0928 0.0983 0.1043 0.1108 0.1179 0.1256 0.1340 0.1432 0.1532 0.1641 0.1759 0.1886 0.2023 0.2169 0.2326 0.2490 0.2664 0.2843 0.3026 0.3204 0.3348 0.3395 0.3334 0.3250 0.3334 0.3395 0.3348 0.3204 0.3026 0.2843 0.2664 0.2490 0.2326 0.2169 0.2023 0.1886 0.1759 0.1641 0.1532 0.1432 0.1340 0.1256 0.1179 0.1108 0.1043 0.0983 0.0928 0.0877 0.0831 0.0789 0.0751 0.0716 0.0685 0.0656 0.0631 0.0609 0.0590 0.0573 0.0560 0.0550 0.0544 0.0550 0.0685 0.1105 0.1512 0.1867 0.2180 0.2455 0.2697 0.2907 0.3085 0.3229 0.3334 0.3510
0.3477 0.3238 0.3096 0.2921 0.2714 0.2474 0.2201 0.1891 0.1540 0.1140 0.0722 0.0551 0.0543 0.0547 0.0556 0.0568 0.0583 0.0602 0.0623 0.0647 0.0675 0.0705 0.0739 0.0776 0.0817 0.0862 0.0911 0.0964 0.1023 0.1086 0.1156 0.1231 0.1312 0.1401 0.1498 0.1604 0.1719 0.1842 0.1976 0.2119 0.2272 0.2435 0.2606 0.2785 0.2968 0.3151 0.3311 0.3393 0.3361 0.3250 0.3143 0.3250 0.3361 0.3393 0.3311 0.3151 0.2968 0.2785 0.2606 0.2435 0.2272 0.2119 0.1976 0.1842 0.1719 0.1604 0.1498 0.1401 0.1312 0.1231 0.1156 0.1086 0.1023 0.0964 0.0911 0.0862 0.0817 0.0776 0.0739 0.0705 0.0675 0.0647 0.0623 0.0602 0.0583 0.0568 0.0556 0.0547 0.0543 0.0551 0.0722 0.1140 0.1540 0.1891 0.2201 0.2474 0.2714 0.2921 0.3096 0.3238 0.3477
0.3510 0.3334 0.3229 0.3085 0.2907 0.2697 0.2455 0.2180 0.1867 0.1512 0.1105 0.0685 0.0550 0.0544 0.0550 0.0560 0.0573 0.0590 0.0609 0.0631 0.0656 0.0685 0.0716 0.0751 0.0789 0.0831 0.0877 0.0928 0.0983 0.1043 0.1108 0.1179 0.1256 0.1340 0.1432 0.1532 0.1641 0.1759 0.1886 0.2023 0.2169 0.2326 0.2490 0.2664 0.2843 0.3026 0.3204 0.3348 0.3395 0.3334 0.3250 0.3334 0.3395 0.3348 0.3204 0.3026 0.2843 0.2664 0.2490 0.2326 0.2169 0.2023 0.1886 0.1759 0.1641 0.1532 0.1432 0.1340 0.1256 0.1179 0.1108 0.1043 0.0983 0.0928 0.0877 0.0831 0.0789 0.0751 0.0716 0.0685 0.0656 0.0631 0.0609 0.0590 0.0573 0.0560 0.0550 0.0544 0.0550 0.0685 0.1105 0.1512 0.1867 0.2180 0.2455 0.2697 0.2907 0.3085 0.3229 0.3334 0.3510
0.3397 0.3396 0.3361 0.3272 0.3141 0.2975 0.2777 0.2547 0.2284 0.1985 0.1645 0.1254 0.0802 0.0566 0.0544 0.0548 0.0557 0.0569 0.0585 0.0603 0.0625 0.0649 0.0677 0.0707 0.0741 0.0779 0.0819 0.0864 0.0914 0.0967 0.1026 0.1089 0.1159 0.1235 0.1319 0.1411 0.1511 0.1619 0.1737 0.1865 0.2003 0.2151 0.2308 0.2475 0.2650 0.2831 0.3016 0.3197 0.3344 0.3395 0.3361 0.3395 0.3344 0.3197 0.3016 0.2831 0.2650 0.2475 0.2308 0.2151 0.2003 0.1865 0.1737 0.1619 0.1511 0.1411 0.1319 0.1235 0.1159 0.1089 0.1026 0.0967 0.0914 0.0864 0.0819 0.0779 0.0741 0.0707 0.0677 0.0649 0.0625 0.0603 0.0585 0.0569 0.0557 0.0548 0.0544 0.0566 0.0802 0.1254 0.1645 0.1985 0.2284 0.2547 0.2777 0.2975 0.3141 0.3272 0.3361 0.3396 0.3397
0.3177 0.3312 0.3389 0.3381 0.3307 0.3190 0.3035 0.2848 0.2629 0.2377 0.2091 0.1766 0.1394 0.0953 0.0603 0.0544 0.0546 0.0553 0.0565 0.0579 0.0597 0.0617 0.0641 0.0667 0.0697 0.0729 0.0765 0.0805 0.0849 0.0896 0.0948 0.1005 0.1068 0.1137 0.1213 0.1297 0.1388 0.1488 0.1597 0.1716 0.1844 0.1984 0.2133 0.2293 0.2462 0.2640 0.2825 0.3013 0.3197 0.3348 0.3393 0.3348 0.3197 0.3013 0.2825 0.2640 0.2462 0.2293 0.2133 0.1984 0.1844 0.1716 0.1597 0.1488 0.1388 0.1297 0.1213 0.1137 0.1068 0.1005 0.0948 0.0896 0.0849 0.0805 0.0765 0.0729 0.0697 0.0667 0.0641 0.0617 0.0597 0.0579 0.0565 0.0553 0.0546 0.0544 0.0603 0.0953 0.1394 0.1766 0.2091 0.2377 0.2629 0.2848 0.3035 0.3190 0.3307 0.3381 0.3389 0.3312 0.3177
0.2937 0.3124 0.3270 0.3373 0.3392 0.3338 0.3234 0.3091 0.2915 0.2706 0.2466 0.2191 0.1880 0.1526 0.1111 0.0683 0.0551 0.0544 0.0550 0.0561 0.0574 0.0591 0.0610 0.0632 0.0658 0.0686 0.0718 0.0753 0.0791 0.0833 0.0880 0.0931 0.0988 0.1050 0.1119 0.1195 0.1278 0.1369 0.1469 0.1579 0.1699 0.1829 0.1970 0.2122 0.2284 0.2456 0.2638 0.2825 0.3016 0.3204 0.3311 0.3204 0.3016 0.2825 0.2638 0.2456 0.2284 0.2122 0.1970 0.1829 0.1699 0.1579 0.1469 0.1369 0.1278 0.1195 0.1119 0.1050 0.0988 0.0931 0.0880 0.0833 0.0791 0.0753 0.0718 0.0686 0.0658 0.0632 0.0610 0.0591 0.0574 0.0561 0.0550 0.0544 0.0551 0.0683 0.1111 0.1526 0.1880 0.2191 0.2466 0.2706 0.2915 0.3091 0.3234 0.3338 0.3392 0.3373 0.3270 0.3124 0.2937
0.2703 0.2911 0.3072 0.3224 0.3346 0.3396 0.3362 0.3273 0.3143 0.2978 0.2780 0.2550 0.2288 0.1989 0.1650 0.1260 0.0807 0.0567 0.0543 0.0548 0.0557 0.0569 0.0585 0.0603 0.0625 0.0649 0.0676 0.0707 0.0741 0.0778 0.0820 0.0865 0.0916 0.0973 0.1035 0.1104 0.1179 0.1262 0.1354 0.1455 0.1566 0.1687 0.1819 0.1962 0.2116 0.2281 0.2456 0.2640 0.2831 0.3026 0.3151 0.3026 0.2831 0.2640 0.2456 0.2281 0.2116 0.1962 0.1819 0.1687 0.1566 0.1455 0.1354 0.1262 0.1179 0.1104 0.1035 0.0973 0.0916 0.0865 0.0820 0.0778 0.0741 0.0707 0.0676 0.0649 0.0625 0.0603 0.0585 0.0569 0.0557 0.0548 0.0543 0.0567 0.0807 0.1260 0.1650 0.1989 0.2288 0.2550 0.2780 0.2978 0.3143 0.3273 0.3362 0.3396 0.3346 0.3224 0.3072 0.2911 0.2703
