0.1347 0.1782 0.2256 0.2856 0.3608 0.4559 0.5761 0.7279 0.9197 1.0000 1.0000 1.0000 1.0000 1.0000 1.0000 1.0000 1.0000 0.0013 0.0016 0.0021 0.0026 0.0033 0.0042 0.0053 0.0067 0.0084 0.0107 0.0135 0.0170 0.0215 0.0272 0.0343 0.0434 0.0548 0.0692 0.0875 0.1105 0.1397 0.1765 0.2230 0.2818 0.3561 0.4499 0.5685 0.7183 0.9076 1.0000 1.0000 1.0000 1.0000 1.0000 1.0000 1.0000 1.0000 1.0000 0.9076 0.7183 0.5685 0.4499 0.3561 0.2818 0.2230 0.1765 0.1397 0.1105 0.0875 0.0692 0.0548 0.0434 0.0343 0.0272 0.0215 0.0170 0.0135 0.0107 0.0084 0.0067 0.0053 0.0042 0.0033 0.0026 0.0021 0.0016 0.0013 1.0000 1.0000 1.0000 1.0000 1.0000 1.0000 1.0000 1.0000 0.9197 0.7279 0.5761 0.4559 0.3608 0.2856 0.2256 0.1782 0.1347
0.1782 0.2277 0.2834 0.3561 0.4482 0.5652 0.7142 0.9007 1.0000 1.0000 1.0000 1.0000 1.0000 1.0000 1.0000 1.0000 0.0013 0.0016 0.0020 0.0026 0.0032 0.0041 0.0052 0.0065 0.0083 0.0104 0.0132 0.0167 0.0211 0.0266 0.0336 0.0425 0.0537 0.0678 0.0857 0.1083 0.1368 0.1728 0.2184 0.2760 0.3487 0.4406 0.5567 0.7034 0.8888 1.0000 1.0000 1.0000 1.0000 1.0000 1.0000 1.0000 1.0000 1.0000 1.0000 1.0000 0.8888 0.7034 0.5567 0.4406 0.3487 0.2760 0.2184 0.1728 0.1368 0.1083 0.0857 0.0678 0.0537 0.0425 0.0336 0.0266 0.0211 0.0167 0.0132 0.0104 0.0083 0.0065 0.0052 0.0041 0.0032 0.0026 0.0020 0.0016 0.0013 1.0000 1.0000 1.0000 1.0000 1.0000 1.0000 1.0000 1.0000 0.9007 0.7142 0.5652 0.4482 0.3561 0.2834 0.2277 0.1782
0.2256 0.2834 0.3480 0.4315 0.5390 0.6771 0.8524 1.0000 1.0000 1.0000 1.0000 1.0000 1.0000 1.0000 1.0000 0.0012 0.0015 0.0019 0.0024 0.0030 0.0039 0.0049 0.0062 0.0078 0.0098 0.0124 0.0157 0.0198 0.0250 0.0316 0.0400 0.0505 0.0638 0.0806 0.1019 0.1287 0.1626 0.2055 0.2597 0.3281 0.4146 0.5238 0.6619 0.8363 1.0000 1.0000 1.0000 1.0000 1.0000 1.0000 1.0000 1.0000 1.0000 1.0000 1.0000 1.0000 1.0000 0.8363 0.6619 0.5238 0.4146 0.3281 0.2597 0.2055 0.1626 0.1287 0.1019 0.0806 0.0638 0.0505 0.0400 0.0316 0.0250 0.0198 0.0157 0.0124 0.0098 0.0078 0.0062 0.0049 0.0039 0.0030 0.0024 0.0019 0.0015 0.0012 1.0000 1.0000 1.0000 1.0000 1.0000 1.0000 1.0000 1.0000 0.8524 0.6771 0.5390 0.4315 0.3480 0.2834 0.2256
0.2856 0.3561 0.4315 0.5298 0.6556 0.8174 1.0000 1.0000 1.0000 1.0000 1.0000 1.0000 1.0000 1.0000 1.0000 0.0014 0.0018 0.0023 0.0029 0.0036 0.0046 0.0058 0.0073 0.0093 0.0117 0.0148 0.0187 0.0236 0.0298 0.0377 0.0476 0.0602 0.0760 0.0960 0.1213 0.1533 0.1937 0.2448 0.3093 0.3908 0.4938 0.6240 0.7884 0.9962 1.0000 1.0000 1.0000 1.0000 1.0000 1.0000 1.0000 1.0000 1.0000 1.0000 1.0000 1.0000 1.0000 0.9962 0.7884 0.6240 0.4938 0.3908 0.3093 0.2448 0.1937 0.1533 0.1213 0.0960 0.0760 0.0602 0.0476 0.0377 0.0298 0.0236 0.0187 0.0148 0.0117 0.0093 0.0073 0.0058 0.0046 0.0036 0.0029 0.0023 0.0018 0.0014 1.0000 1.0000 1.0000 1.0000 1.0000 1.0000 1.0000 1.0000 1.0000 0.8174 0.6556 0.5298 0.4315 0.3561 0.2856
0.3608 0.4482 0.5390 0.6556 0.8051 0.9962 1.0000 1.0000 1.0000 1.0000 1.0000 1.0000 1.0000 1.0000 0.0013 0.0017 0.0021 0.0027 0.0034 0.0043 0.0055 0.0069 0.0087 0.0110 0.0139 0.0176 0.0222 0.0281 0.0355 0.0449 0.0567 0.0717 0.0905 0.1144 0.1445 0.1826 0.2308 0.2916 0.3685 0.4656 0.5882 0.7433 0.9392 1.0000 1.0000 1.0000 1.0000 1.0000 1.0000 1.0000 1.0000 1.0000 1.0000 1.0000 1.0000 1.0000 1.0000 1.0000 0.9392 0.7433 0.5882 0.4656 0.3685 0.2916 0.2308 0.1826 0.1445 0.1144 0.0905 0.0717 0.0567 0.0449 0.0355 0.0281 0.0222 0.0176 0.0139 0.0110 0.0087 0.0069 0.0055 0.0043 0.0034 0.0027 0.0021 0.0017 0.0013 1.0000 1.0000 1.0000 1.0000 1.0000 1.0000 1.0000 1.0000 0.9962 0.8051 0.6556 0.5390 0.4482 0.3608
0.4559 0.5652 0.6771 0.8174 0.9962 1.0000 1.0000 1.0000 1.0000 1.0000 1.0000 1.0000 1.0000 0.0013 0.0016 0.0020 0.0026 0.0032 0.0041 0.0052 0.0065 0.0082 0.0104 0.0131 0.0166 0.0210 0.0265 0.0335 0.0423 0.0535 0.0676 0.0854 0.1078 0.1363 0.1722 0.2176 0.2749 0.3474 0.4389 0.5546 0.7007 0.8854 1.0000 1.0000 1.0000 1.0000 1.0000 1.0000 1.0000 1.0000 1.0000 1.0000 1.0000 1.0000 1.0000 1.0000 1.0000 1.0000 1.0000 0.8854 0.7007 0.5546 0.4389 0.3474 0.2749 0.2176 0.1722 0.1363 0.1078 0.0854 0.0676 0.0535 0.0423 0.0335 0.0265 0.0210 0.0166 0.0131 0.0104 0.0082 0.0065 0.0052 0.0041 0.0032 0.0026 0.0020 0.0016 0.0013 1.0000 1.0000 1.0000 1.0000 1.0000 1.0000 1.0000 1.0000 0.9962 0.8174 0.6771 0.5652 0.4559
0.5761 0.7142 0.8524 1.0000 1.0000 1.0000 1.0000 1.0000 1.0000 1.0000 1.0000 1.0000 0.0012 0.0015 0.0019 0.0024 0.0030 0.0038 0.0049 0.0061 0.0078 0.0098 0.0124 0.0156 0.0198 0.0250 0.0316 0.0399 0.0504 0.0637 0.0805 0.1017 0.1285 0.1623 0.2051 0.2592 0.3275 0.4138 0.5228 0.6606 0.8347 1.0000 1.0000 1.0000 1.0000 1.0000 1.0000 1.0000 1.0000 1.0000 0.0014 1.0000 1.0000 1.0000 1.0000 1.0000 1.0000 1.0000 1.0000 1.0000 0.8347 0.6606 0.5228 0.4138 0.3275 0.2592 0.2051 0.1623 0.1285 0.1017 0.0805 0.0637 0.0504 0.0399 0.0316 0.0250 0.0198 0.0156 0.0124 0.0098 0.0078 0.0061 0.0049 0.0038 0.0030 0.0024 0.0019 0.0015 0.0012 1.0000 1.0000 1.0000 1.0000 1.0000 1.0000 1.0000 1.0000 1.0000 0.8524 0.7142 0.5761
0.7279 0.9007 1.0000 1.0000 1.0000 1.0000 1.0000 1.0000 1.0000 1.0000 1.0000 1.0000 0.0014 0.0018 0.0023 0.0029 0.0036 0.0046 0.0058 0.0073 0.0092 0.0117 0.0148 0.0186 0.0236 0.0298 0.0376 0.0475 0.0600 0.0759 0.0959 0.1211 0.1530 0.1934 0.2443 0.3087 0.3901 0.4929 0.6228 0.7869 0.9943 1.0000 1.0000 1.0000 1.0000 1.0000 1.0000 1.0000 1.0000 0.0014 0.0017 0.0014 1.0000 1.0000 1.0000 1.0000 1.0000 1.0000 1.0000 1.0000 0.9943 0.7869 0.6228 0.4929 0.3901 0.3087 0.2443 0.1934 0.1530 0.1211 0.0959 0.0759 0.0600 0.0475 0.0376 0.0298 0.0236 0.0186 0.0148 0.0117 0.0092 0.0073 0.0058 0.0046 0.0036 0.0029 0.0023 0.0018 0.0014 1.0000 1.0000 1.0000 1.0000 1.0000 1.0000 1.0000 1.0000 1.0000 1.0000 0.9007 0.7279
0.9197 1.0000 1.0000 1.0000 1.0000 1.0000 1.0000 1.0000 1.0000 1.0000 1.0000 0.0014 0.0017 0.0022 0.0027 0.0034 0.0043 0.0055 0.0069 0.0087 0.0110 0.0139 0.0176 0.0222 0.0281 0.0355 0.0448 0.0566 0.0715 0.0904 0.1142 0.1443 0.1823 0.2303 0.2910 0.3678 0.4647 0.5871 0.7419 0.9374 1.0000 1.0000 1.0000 1.0000 1.0000 1.0000 1.0000 1.0000 0.0013 0.0017 0.0020 0.0017 0.0013 1.0000 1.0000 1.0000 1.0000 1.0000 1.0000 1.0000 1.0000 0.9374 0.7419 0.5871 0.4647 0.3678 0.2910 0.2303 0.1823 0.1443 0.1142 0.0904 0.0715 0.0566 0.0448 0.0355 0.0281 0.0222 0.0176 0.0139 0.0110 0.0087 0.0069 0.0055 0.0043 0.0034 0.0027 0.0022 0.0017 0.0014 1.0000 1.0000 1.0000 1.0000 1.0000 1.0000 1.0000 1.0000 1.0000 1.0000 0.9197
1.0000 1.0000 1.0000 1.0000 1.0000 1.0000 1.0000 1.0000 1.0000 1.0000 0.0014 0.0017 0.0021 0.0026 0.0033 0.0041 0.0052 0.0065 0.0082 0.0104 0.0131 0.0166 0.0209 0.0265 0.0334 0.0422 0.0534 0.0674 0.0852 0.1076 0.1360 0.1719 0.2172 0.2744 0.3467 0.4381 0.5535 0.6994 0.8837 1.0000 1.0000 1.0000 1.0000 1.0000 1.0000 1.0000 1.0000 0.0012 0.0016 0.0020 0.0023 0.0020 0.0016 0.0012 1.0000 1.0000 1.0000 1.0000 1.0000 1.0000 1.0000 1.0000 0.8837 0.6994 0.5535 0.4381 0.3467 0.2744 0.2172 0.1719 0.1360 0.1076 0.0852 0.0674 0.0534 0.0422 0.0334 0.0265 0.0209 0.0166 0.0131 0.0104 0.0082 0.0065 0.0052 0.0041 0.0033 0.0026 0.0021 0.0017 0.0014 1.0000 1.0000 1.0000 1.0000 1.0000 1.0000 1.0000 1.0000 1.0000 1.0000
1.0000 1.0000 1.0000 1.0000 1.0000 1.0000 1.0000 1.0000 1.0000 0.0014 0.0017 0.0021 0.0026 0.0032 0.0040 0.0050 0.0062 0.0078 0.0099 0.0124 0.0156 0.0197 0.0249 0.0315 0.0398 0.0503 0.0636 0.0803 0.1015 0.1282 0.1620 0.2047 0.2587 0.3268 0.4130 0.5218 0.6594 0.8331 1.0000 1.0000 1.0000 1.0000 1.0000 1.0000 1.0000 1.0000 1.0000 0.0015 0.0019 0.0024 0.0028 0.0024 0.0019 0.0015 1.0000 1.0000 1.0000 1.0000 1.0000 1.0000 1.0000 1.0000 1.0000 0.8331 0.6594 0.5218 0.4130 0.3268 0.2587 0.2047 0.1620 0.1282 0.1015 0.0803 0.0636 0.0503 0.0398 0.0315 0.0249 0.0197 0.0156 0.0124 0.0099 0.0078 0.0062 0.0050 0.0040 0.0032 0.0026 0.0021 0.0017 0.0014 1.0000 1.0000 1.0000 1.0000 1.0000 1.0000 1.0000 1.0000 1.0000
1.0000 1.0000 1.0000 1.0000 1.0000 1.0000 1.0000 1.0000 0.0014 0.0017 0.0021 0.0025 0.0031 0.0039 0.0048 0.0060 0.0075 0.0094 0.0118 0.0149 0.0187 0.0236 0.0298 0.0375 0.0474 0.0599 0.0757 0.0957 0.1209 0.1527 0.1930 0.2439 0.3081 0.3893 0.4920 0.6216 0.7854 0.9924 1.0000 1.0000 1.0000 1.0000 1.0000 1.0000 1.0000 1.0000 0.0014 0.0018 0.0022 0.0028 0.0033 0.0028 0.0022 0.0018 0.0014 1.0000 1.0000 1.0000 1.0000 1.0000 1.0000 1.0000 1.0000 0.9924 0.7854 0.6216 0.4920 0.3893 0.3081 0.2439 0.1930 0.1527 0.1209 0.0957 0.0757 0.0599 0.0474 0.0375 0.0298 0.0236 0.0187 0.0149 0.0118 0.0094 0.0075 0.0060 0.0048 0.0039 0.0031 0.0025 0.0021 0.0017 0.0014 1.0000 1.0000 1.0000 1.0000 1.0000 1.0000 1.0000 1.0000
1.0000 1.0000 1.0000 1.0000 1.0000 1.0000 0.0012 0.0014 0.0017 0.0021 0.0026 0.0031 0.0039 0.0047 0.0059 0.0073 0.0091 0.0114 0.0142 0.0178 0.0224 0.0282 0.0355 0.0448 0.0565 0.0714 0.0902 0.1140 0.1440 0.1820 0.2299 0.2905 0.3671 0.4638 0.5860 0.7405 0.9356 1.0000 1.0000 1.0000 1.0000 1.0000 1.0000 1.0000 1.0000 0.0013 0.0017 0.0021 0.0027 0.0034 0.0040 0.0034 0.0027 0.0021 0.0017 0.0013 1.0000 1.0000 1.0000 1.0000 1.0000 1.0000 1.0000 1.0000 0.9356 0.7405 0.5860 0.4638 0.3671 0.2905 0.2299 0.1820 0.1440 0.1140 0.0902 0.0714 0.0565 0.0448 0.0355 0.0282 0.0224 0.0178 0.0142 0.0114 0.0091 0.0073 0.0059 0.0047 0.0039 0.0031 0.0026 0.0021 0.0017 0.0014 0.0012 1.0000 1.0000 1.0000 1.0000 1.0000 1.0000
1.0000 1.0000 1.0000 1.0000 1.0000 0.0013 0.0015 0.0018 0.0022 0.0026 0.0032 0.0039 0.0047 0.0058 0.0072 0.0089 0.0110 0.0138 0.0172 0.0215 0.0269 0.0338 0.0425 0.0535 0.0674 0.0850 0.1074 0.1358 0.1715 0.2167 0.2739 0.3460 0.4372 0.5525 0.6981 0.8820 1.0000 1.0000 1.0000 1.0000 1.0000 1.0000 1.0000 1.0000 0.0012 0.0016 0.0020 0.0025 0.0032 0.0040 0.0047 0.0040 0.0032 0.0025 0.0020 0.0016 0.0012 1.0000 1.0000 1.0000 1.0000 1.0000 1.0000 1.0000 1.0000 0.8820 0.6981 0.5525 0.4372 0.3460 0.2739 0.2167 0.1715 0.1358 0.1074 0.0850 0.0674 0.0535 0.0425 0.0338 0.0269 0.0215 0.0172 0.0138 0.0110 0.0089 0.0072 0.0058 0.0047 0.0039 0.0032 0.0026 0.0022 0.0018 0.0015 0.0013 1.0000 1.0000 1.0000 1.0000 1.0000
1.0000 1.0000 1.0000 1.0000 0.0013 0.0016 0.0019 0.0023 0.0027 0.0033 0.0040 0.0048 0.0059 0.0072 0.0088 0.0109 0.0135 0.0167 0.0208 0.0260 0.0324 0.0407 0.0510 0.0640 0.0806 0.1017 0.1282 0.1617 0.2043 0.2582 0.3262 0.4122 0.5208 0.6581 0.8315 1.0000 1.0000 1.0000 1.0000 1.0000 1.0000 1.0000 1.0000 1.0000 0.0015 0.0019 0.0024 0.0030 0.0038 0.0048 0.0056 0.0048 0.0038 0.0030 0.0024 0.0019 0.0015 1.0000 1.0000 1.0000 1.0000 1.0000 1.0000 1.0000 1.0000 1.0000 0.8315 0.6581 0.5208 0.4122 0.3262 0.2582 0.2043 0.1617 0.1282 0.1017 0.0806 0.0640 0.0510 0.0407 0.0324 0.0260 0.0208 0.0167 0.0135 0.0109 0.0088 0.0072 0.0059 0.0048 0.0040 0.0033 0.0027 0.0023 0.0019 0.0016 0.0013 1.0000 1.0000 1.0000 1.0000
1.0000 1.0000 0.0012 0.0014 0.0017 0.0020 0.0024 0.0029 0.0034 0.0041 0.0050 0.0060 0.0073 0.0089 0.0109 0.0134 0.0165 0.0204 0.0253 0.0314 0.0392 0.0490 0.0613 0.0769 0.0966 0.1216 0.1530 0.1930 0.2434 0.3075 0.3886 0.4910 0.6204 0.7839 0.9905 1.0000 1.0000 1.0000 1.0000 1.0000 1.0000 1.0000 1.0000 0.0014 0.0018 0.0022 0.0028 0.0036 0.0045 0.0057 0.0067 0.0057 0.0045 0.0036 0.0028 0.0022 0.0018 0.0014 1.0000 1.0000 1.0000 1.0000 1.0000 1.0000 1.0000 1.0000 0.9905 0.7839 0.6204 0.4910 0.3886 0.3075 0.2434 0.1930 0.1530 0.1216 0.0966 0.0769 0.0613 0.0490 0.0392 0.0314 0.0253 0.0204 0.0165 0.0134 0.0109 0.0089 0.0073 0.0060 0.0050 0.0041 0.0034 0.0029 0.0024 0.0020 0.0017 0.0014 0.0012 1.0000 1.0000
1.0000 0.0013 0.0015 0.0018 0.0021 0.0026 0.0030 0.0036 0.0043 0.0052 0.0062 0.0075 0.0091 0.0110 0.0135 0.0165 0.0202 0.0249 0.0308 0.0382 0.0474 0.0591 0.0739 0.0925 0.1159 0.1457 0.1830 0.2303 0.2905 0.3664 0.4629 0.5849 0.7391 0.9338 1.0000 1.0000 1.0000 1.0000 1.0000 1.0000 1.0000 1.0000 0.0013 0.0017 0.0021 0.0027 0.0034 0.0042 0.0054 0.0068 0.0080 0.0068 0.0054 0.0042 0.0034 0.0027 0.0021 0.0017 0.0013 1.0000 1.0000 1.0000 1.0000 1.0000 1.0000 1.0000 1.0000 0.9338 0.7391 0.5849 0.4629 0.3664 0.2905 0.2303 0.1830 0.1457 0.1159 0.0925 0.0739 0.0591 0.0474 0.0382 0.0308 0.0249 0.0202 0.0165 0.0135 0.0110 0.0091 0.0075 0.0062 0.0052 0.0043 0.0036 0.0030 0.0026 0.0021 0.0018 0.0015 0.0013 1.0000
0.0013 0.0016 0.0019 0.0023 0.0027 0.0032 0.0038 0.0046 0.0055 0.0065 0.0078 0.0094 0.0114 0.0138 0.0167 0.0204 0.0249 0.0306 0.0377 0.0465 0.0577 0.0717 0.0893 0.1116 0.1397 0.1748 0.2196 0.2760 0.3474 0.4381 0.5525 0.6967 0.8804 1.0000 1.0000 1.0000 1.0000 1.0000 1.0000 1.0000 1.0000 0.0012 0.0016 0.0020 0.0025 0.0032 0.0040 0.0051 0.0064 0.0081 0.0095 0.0081 0.0064 0.0051 0.0040 0.0032 0.0025 0.0020 0.0016 0.0012 1.0000 1.0000 1.0000 1.0000 1.0000 1.0000 1.0000 1.0000 0.8804 0.6967 0.5525 0.4381 0.3474 0.2760 0.2196 0.1748 0.1397 0.1116 0.0893 0.0717 0.0577 0.0465 0.0377 0.0306 0.0249 0.0204 0.0167 0.0138 0.0114 0.0094 0.0078 0.0065 0.0055 0.0046 0.0038 0.0032 0.0027 0.0023 0.0019 0.0016 0.0013
0.0016 0.0020 0.0024 0.0029 0.0034 0.0041 0.0049 0.0058 0.0069 0.0082 0.0099 0.0118 0.0142 0.0172 0.0208 0.0253 0.0308 0.0377 0.0462 0.0569 0.0703 0.0872 0.1083 0.1350 0.1686 0.2106 0.2641 0.3312 0.4161 0.5238 0.6594 0.8315 1.0000 1.0000 1.0000 1.0000 1.0000 1.0000 1.0000 1.0000 1.0000 0.0015 0.0019 0.0024 0.0030 0.0038 0.0048 0.0060 0.0076 0.0097 0.0113 0.0097 0.0076 0.0060 0.0048 0.0038 0.0030 0.0024 0.0019 0.0015 1.0000 1.0000 1.0000 1.0000 1.0000 1.0000 1.0000 1.0000 1.0000 0.8315 0.6594 0.5238 0.4161 0.3312 0.2641 0.2106 0.1686 0.1350 0.1083 0.0872 0.0703 0.0569 0.0462 0.0377 0.0308 0.0253 0.0208 0.0172 0.0142 0.0118 0.0099 0.0082 0.0069 0.0058 0.0049 0.0041 0.0034 0.0029 0.0024 0.0020 0.0016
0.0021 0.0026 0.0030 0.0036 0.0043 0.0052 0.0061 0.0073 0.0087 0.0104 0.0124 0.0149 0.0178 0.0215 0.0260 0.0314 0.0382 0.0465 0.0569 0.0698 0.0860 0.1062 0.1317 0.1636 0.2039 0.2543 0.3183 0.3983 0.4995 0.6275 0.7884 0.9924 1.0000 1.0000 1.0000 1.0000 1.0000 1.0000 1.0000 1.0000 0.0014 0.0018 0.0022 0.0028 0.0036 0.0045 0.0057 0.0072 0.0091 0.0115 0.0135 0.0115 0.0091 0.0072 0.0057 0.0045 0.0036 0.0028 0.0022 0.0018 0.0014 1.0000 1.0000 1.0000 1.0000 1.0000 1.0000 1.0000 1.0000 0.9924 0.7884 0.6275 0.4995 0.3983 0.3183 0.2543 0.2039 0.1636 0.1317 0.1062 0.0860 0.0698 0.0569 0.0465 0.0382 0.0314 0.0260 0.0215 0.0178 0.0149 0.0124 0.0104 0.0087 0.0073 0.0061 0.0052 0.0043 0.0036 0.0030 0.0026 0.0021
0.0026 0.0032 0.0039 0.0046 0.0055 0.0065 0.0078 0.0092 0.0110 0.0131 0.0156 0.0187 0.0224 0.0269 0.0324 0.0392 0.0474 0.0577 0.0703 0.0860 0.1054 0.1299 0.1605 0.1990 0.2471 0.3075 0.3842 0.4799 0.6007 0.7532 0.9445 1.0000 1.0000 1.0000 1.0000 1.0000 1.0000 1.0000 1.0000 0.0013 0.0017 0.0021 0.0027 0.0034 0.0042 0.0054 0.0068 0.0085 0.0108 0.0137 0.0161 0.0137 0.0108 0.0085 0.0068 0.0054 0.0042 0.0034 0.0027 0.0021 0.0017 0.0013 1.0000 1.0000 1.0000 1.0000 1.0000 1.0000 1.0000 1.0000 0.9445 0.7532 0.6007 0.4799 0.3842 0.3075 0.2471 0.1990 0.1605 0.1299 0.1054 0.0860 0.0703 0.0577 0.0474 0.0392 0.0324 0.0269 0.0224 0.0187 0.0156 0.0131 0.0110 0.0092 0.0078 0.0065 0.0055 0.0046 0.0039 0.0032 0.0026
0.0033 0.0041 0.0049 0.0058 0.0069 0.0082 0.0098 0.0117 0.0139 0.0166 0.0197 0.0236 0.0282 0.0338 0.0407 0.0490 0.0591 0.0717 0.0872 0.1062 0.1299 0.1593 0.1963 0.2425 0.3000 0.3734 0.4647 0.5794 0.7238 0.9058 1.0000 1.0000 1.0000 1.0000 1.0000 1.0000 1.0000 1.0000 0.0012 0.0016 0.0020 0.0025 0.0032 0.0040 0.0050 0.0064 0.0081 0.0102 0.0129 0.0163 0.0192 0.0163 0.0129 0.0102 0.0081 0.0064 0.0050 0.0040 0.0032 0.0025 0.0020 0.0016 0.0012 1.0000 1.0000 1.0000 1.0000 1.0000 1.0000 1.0000 1.0000 0.9058 0.7238 0.5794 0.4647 0.3734 0.3000 0.2425 0.1963 0.1593 0.1299 0.1062 0.0872 0.0717 0.0591 0.0490 0.0407 0.0338 0.0282 0.0236 0.0197 0.0166 0.0139 0.0117 0.0098 0.0082 0.0069 0.0058 0.0049 0.0041 0.0033
0.0042 0.0052 0.0062 0.0073 0.0087 0.0104 0.0124 0.0148 0.0176 0.0209 0.0249 0.0298 0.0355 0.0425 0.0510 0.0613 0.0739 0.0893 0.1083 0.1317 0.1605 0.1963 0.2406 0.2966 0.3664 0.4533 0.5631 0.7007 0.8737 1.0000 1.0000 1.0000 1.0000 1.0000 1.0000 1.0000 1.0000 1.0000 0.0015 0.0019 0.0024 0.0030 0.0038 0.0048 0.0060 0.0076 0.0096 0.0121 0.0153 0.0194 0.0228 0.0194 0.0153 0.0121 0.0096 0.0076 0.0060 0.0048 0.0038 0.0030 0.0024 0.0019 0.0015 1.0000 1.0000 1.0000 1.0000 1.0000 1.0000 1.0000 1.0000 1.0000 0.8737 0.7007 0.5631 0.4533 0.3664 0.2966 0.2406 0.1963 0.1605 0.1317 0.1083 0.0893 0.0739 0.0613 0.0510 0.0425 0.0355 0.0298 0.0249 0.0209 0.0176 0.0148 0.0124 0.0104 0.0087 0.0073 0.0062 0.0052 0.0042
0.0053 0.0065 0.0078 0.0093 0.0110 0.0131 0.0156 0.0186 0.0222 0.0265 0.0315 0.0375 0.0448 0.0535 0.0640 0.0769 0.0925 0.1116 0.1350 0.1636 0.1990 0.2425 0.2966 0.3636 0.4482 0.5535 0.6849 0.8507 1.0000 1.0000 1.0000 1.0000 1.0000 1.0000 1.0000 1.0000 1.0000 0.0014 0.0018 0.0022 0.0028 0.0036 0.0045 0.0057 0.0072 0.0090 0.0114 0.0144 0.0183 0.0232 0.0272 0.0232 0.0183 0.0144 0.0114 0.0090 0.0072 0.0057 0.0045 0.0036 0.0028 0.0022 0.0018 0.0014 1.0000 1.0000 1.0000 1.0000 1.0000 1.0000 1.0000 1.0000 1.0000 0.8507 0.6849 0.5535 0.4482 0.3636 0.2966 0.2425 0.1990 0.1636 0.1350 0.1116 0.0925 0.0769 0.0640 0.0535 0.0448 0.0375 0.0315 0.0265 0.0222 0.0186 0.0156 0.0131 0.0110 0.0093 0.0078 0.0065 0.0053
0.0067 0.0083 0.0098 0.0117 0.0139 0.0166 0.0198 0.0236 0.0281 0.0334 0.0398 0.0474 0.0565 0.0674 0.0806 0.0966 0.1159 0.1397 0.1686 0.2039 0.2471 0.3000 0.3664 0.4482 0.5493 0.6771 0.8363 1.0000 1.0000 1.0000 1.0000 1.0000 1.0000 1.0000 1.0000 1.0000 0.0013 0.0017 0.0021 0.0026 0.0033 0.0042 0.0053 0.0068 0.0085 0.0108 0.0136 0.0172 0.0217 0.0276 0.0324 0.0276 0.0217 0.0172 0.0136 0.0108 0.0085 0.0068 0.0053 0.0042 0.0033 0.0026 0.0021 0.0017 0.0013 1.0000 1.0000 1.0000 1.0000 1.0000 1.0000 1.0000 1.0000 1.0000 0.8363 0.6771 0.5493 0.4482 0.3664 0.3000 0.2471 0.2039 0.1686 0.1397 0.1159 0.0966 0.0806 0.0674 0.0565 0.0474 0.0398 0.0334 0.0281 0.0236 0.0198 0.0166 0.0139 0.0117 0.0098 0.0083 0.0067
0.0084 0.0104 0.0124 0.0148 0.0176 0.0210 0.0250 0.0298 0.0355 0.0422 0.0503 0.0599 0.0714 0.0850 0.1017 0.1216 0.1457 0.1748 0.2106 0.2543 0.3075 0.3734 0.4533 0.5535 0.6771 0.8300 1.0000 1.0000 1.0000 1.0000 1.0000 1.0000 1.0000 1.0000 1.0000 0.0013 0.0016 0.0020 0.0025 0.0032 0.0040 0.0050 0.0064 0.0080 0.0102 0.0128 0.0162 0.0205 0.0259 0.0329 0.0386 0.0329 0.0259 0.0205 0.0162 0.0128 0.0102 0.0080 0.0064 0.0050 0.0040 0.0032 0.0025 0.0020 0.0016 0.0013 1.0000 1.0000 1.0000 1.0000 1.0000 1.0000 1.0000 1.0000 1.0000 0.8300 0.6771 0.5535 0.4533 0.3734 0.3075 0.2543 0.2106 0.1748 0.1457 0.1216 0.1017 0.0850 0.0714 0.0599 0.0503 0.0422 0.0355 0.0298 0.0250 0.0210 0.0176 0.0148 0.0124 0.0104 0.0084
0.0107 0.0132 0.0157 0.0187 0.0222 0.0265 0.0316 0.0376 0.0448 0.0534 0.0636 0.0757 0.0902 0.1074 0.1282 0.1530 0.1830 0.2196 0.2641 0.3183 0.3842 0.4647 0.5631 0.6849 0.8363 1.0000 1.0000 1.0000 1.0000 1.0000 1.0000 1.0000 1.0000 1.0000 0.0012 0.0015 0.0019 0.0024 0.0030 0.0038 0.0048 0.0060 0.0076 0.0096 0.0121 0.0153 0.0193 0.0244 0.0309 0.0391 0.0460 0.0391 0.0309 0.0244 0.0193 0.0153 0.0121 0.0096 0.0076 0.0060 0.0048 0.0038 0.0030 0.0024 0.0019 0.0015 0.0012 1.0000 1.0000 1.0000 1.0000 1.0000 1.0000 1.0000 1.0000 1.0000 0.8363 0.6849 0.5631 0.4647 0.3842 0.3183 0.2641 0.2196 0.1830 0.1530 0.1282 0.1074 0.0902 0.0757 0.0636 0.0534 0.0448 0.0376 0.0316 0.0265 0.0222 0.0187 0.0157 0.0132 0.0107
0.0135 0.0167 0.0198 0.0236 0.0281 0.0335 0.0399 0.0475 0.0566 0.0674 0.0803 0.0957 0.1140 0.1358 0.1617 0.1930 0.2303 0.2760 0.3312 0.3983 0.4799 0.5794 0.7007 0.8507 1.0000 1.0000 1.0000 1.0000 1.0000 1.0000 1.0000 1.0000 1.0000 1.0000 0.0015 0.0018 0.0023 0.0029 0.0036 0.0045 0.0057 0.0072 0.0090 0.0114 0.0144 0.0182 0.0230 0.0291 0.0368 0.0466 0.0548 0.0466 0.0368 0.0291 0.0230 0.0182 0.0144 0.0114 0.0090 0.0072 0.0057 0.0045 0.0036 0.0029 0.0023 0.0018 0.0015 1.0000 1.0000 1.0000 1.0000 1.0000 1.0000 1.0000 1.0000 1.0000 1.0000 0.8507 0.7007 0.5794 0.4799 0.3983 0.3312 0.2760 0.2303 0.1930 0.1617 0.1358 0.1140 0.0957 0.0803 0.0674 0.0566 0.0475 0.0399 0.0335 0.0281 0.0236 0.0198 0.0167 0.0135
0.0170 0.0211 0.0250 0.0298 0.0355 0.0423 0.0504 0.0600 0.0715 0.0852 0.1015 0.1209 0.1440 0.1715 0.2043 0.2434 0.2905 0.3474 0.4161 0.4995 0.6007 0.7238 0.8737 1.0000 1.0000 1.0000 1.0000 1.0000 1.0000 1.0000 1.0000 1.0000 1.0000 0.0014 0.0018 0.0022 0.0028 0.0035 0.0043 0.0054 0.0068 0.0086 0.0108 0.0136 0.0172 0.0217 0.0274 0.0347 0.0438 0.0555 0.0653 0.0555 0.0438 0.0347 0.0274 0.0217 0.0172 0.0136 0.0108 0.0086 0.0068 0.0054 0.0043 0.0035 0.0028 0.0022 0.0018 0.0014 1.0000 1.0000 1.0000 1.0000 1.0000 1.0000 1.0000 1.0000 1.0000 1.0000 0.8737 0.7238 0.6007 0.4995 0.4161 0.3474 0.2905 0.2434 0.2043 0.1715 0.1440 0.1209 0.1015 0.0852 0.0715 0.0600 0.0504 0.0423 0.0355 0.0298 0.0250 0.0211 0.0170
0.0215 0.0266 0.0316 0.0377 0.0449 0.0535 0.0637 0.0759 0.0904 0.1076 0.1282 0.1527 0.1820 0.2167 0.2582 0.3075 0.3664 0.4381 0.5238 0.6275 0.7532 0.9058 1.0000 1.0000 1.0000 1.0000 1.0000 1.0000 1.0000 1.0000 1.0000 1.0000 0.0014 0.0017 0.0021 0.0027 0.0033 0.0042 0.0052 0.0065 0.0082 0.0103 0.0129 0.0163 0.0205 0.0259 0.0327 0.0413 0.0522 0.0662 0.0778 0.0662 0.0522 0.0413 0.0327 0.0259 0.0205 0.0163 0.0129 0.0103 0.0082 0.0065 0.0052 0.0042 0.0033 0.0027 0.0021 0.0017 0.0014 1.0000 1.0000 1.0000 1.0000 1.0000 1.0000 1.0000 1.0000 1.0000 1.0000 0.9058 0.7532 0.6275 0.5238 0.4381 0.3664 0.3075 0.2582 0.2167 0.1820 0.1527 0.1282 0.1076 0.0904 0.0759 0.0637 0.0535 0.0449 0.0377 0.0316 0.0266 0.0215
0.0272 0.0336 0.0400 0.0476 0.0567 0.0676 0.0805 0.0959 0.1142 0.1360 0.1620 0.1930 0.2299 0.2739 0.3262 0.3886 0.4629 0.5525 0.6594 0.7884 0.9445 1.0000 1.0000 1.0000 1.0000 1.0000 1.0000 1.0000 1.0000 1.0000 1.0000 0.0014 0.0017 0.0021 0.0026 0.0032 0.0040 0.0050 0.0063 0.0079 0.0099 0.0123 0.0155 0.0195 0.0245 0.0309 0.0389 0.0492 0.0621 0.0788 0.0926 0.0788 0.0621 0.0492 0.0389 0.0309 0.0245 0.0195 0.0155 0.0123 0.0099 0.0079 0.0063 0.0050 0.0040 0.0032 0.0026 0.0021 0.0017 0.0014 1.0000 1.0000 1.0000 1.0000 1.0000 1.0000 1.0000 1.0000 1.0000 1.0000 0.9445 0.7884 0.6594 0.5525 0.4629 0.3886 0.3262 0.2739 0.2299 0.1930 0.1620 0.1360 0.1142 0.0959 0.0805 0.0676 0.0567 0.0476 0.0400 0.0336 0.0272
0.0343 0.0425 0.0505 0.0602 0.0717 0.0854 0.1017 0.1211 0.1443 0.1719 0.2047 0.2439 0.2905 0.3460 0.4122 0.4910 0.5849 0.6967 0.8315 0.9924 1.0000 1.0000 1.0000 1.0000 1.0000 1.0000 1.0000 1.0000 1.0000 1.0000 0.0014 0.0017 0.0021 0.0026 0.0032 0.0039 0.0049 0.0061 0.0076 0.0095 0.0119 0.0149 0.0186 0.0234 0.0294 0.0369 0.0464 0.0586 0.0740 0.0939 0.1103 0.0939 0.0740 0.0586 0.0464 0.0369 0.0294 0.0234 0.0186 0.0149 0.0119 0.0095 0.0076 0.0061 0.0049 0.0039 0.0032 0.0026 0.0021 0.0017 0.0014 1.0000 1.0000 1.0000 1.0000 1.0000 1.0000 1.0000 1.0000 1.0000 1.0000 0.9924 0.8315 0.6967 0.5849 0.4910 0.4122 0.3460 0.2905 0.2439 0.2047 0.1719 0.1443 0.1211 0.1017 0.0854 0.0717 0.0602 0.0505 0.0425 0.0343
0.0434 0.0537 0.0638 0.0760 0.0905 0.1078 0.1285 0.1530 0.1823 0.2172 0.2587 0.3081 0.3671 0.4372 0.5208 0.6204 0.7391 0.8804 1.0000 1.0000 1.0000 1.0000 1.0000 1.0000 1.0000 1.0000 1.0000 1.0000 1.0000 0.0014 0.0017 0.0021 0.0026 0.0032 0.0039 0.0048 0.0060 0.0074 0.0092 0.0115 0.0143 0.0179 0.0224 0.0281 0.0353 0.0442 0.0555 0.0699 0.0882 0.1118 0.1314 0.1118 0.0882 0.0699 0.0555 0.0442 0.0353 0.0281 0.0224 0.0179 0.0143 0.0115 0.0092 0.0074 0.0060 0.0048 0.0039 0.0032 0.0026 0.0021 0.0017 0.0014 1.0000 1.0000 1.0000 1.0000 1.0000 1.0000 1.0000 1.0000 1.0000 1.0000 1.0000 0.8804 0.7391 0.6204 0.5208 0.4372 0.3671 0.3081 0.2587 0.2172 0.1823 0.1530 0.1285 0.1078 0.0905 0.0760 0.0638 0.0537 0.0434
0.0548 0.0678 0.0806 0.0960 0.1144 0.1363 0.1623 0.1934 0.2303 0.2744 0.3268 0.3893 0.4638 0.5525 0.6581 0.7839 0.9338 1.0000 1.0000 1.0000 1.0000 1.0000 1.0000 1.0000 1.0000 1.0000 1.0000 1.0000 0.0014 0.0017 0.0021 0.0026 0.0032 0.0039 0.0048 0.0059 0.0073 0.0090 0.0112 0.0139 0.0173 0.0216 0.0270 0.0338 0.0423 0.0531 0.0665 0.0836 0.1052 0.1335 0.1569 0.1335 0.1052 0.0836 0.0665 0.0531 0.0423 0.0338 0.0270 0.0216 0.0173 0.0139 0.0112 0.0090 0.0073 0.0059 0.0048 0.0039 0.0032 0.0026 0.0021 0.0017 0.0014 1.0000 1.0000 1.0000 1.0000 1.0000 1.0000 1.0000 1.0000 1.0000 1.0000 1.0000 0.9338 0.7839 0.6581 0.5525 0.4638 0.3893 0.3268 0.2744 0.2303 0.1934 0.1623 0.1363 0.1144 0.0960 0.0806 0.0678 0.0548
0.0692 0.0857 0.1019 0.1213 0.1445 0.1722 0.2051 0.2443 0.2910 0.3467 0.4130 0.4920 0.5860 0.6981 0.8315 0.9905 1.0000 1.0000 1.0000 1.0000 1.0000 1.0000 1.0000 1.0000 1.0000 1.0000 0.0012 0.0015 0.0018 0.0021 0.0026 0.0032 0.0039 0.0048 0.0058 0.0072 0.0089 0.0110 0.0136 0.0169 0.0210 0.0262 0.0326 0.0407 0.0509 0.0638 0.0799 0.1003 0.1261 0.1596 0.1872 0.1596 0.1261 0.1003 0.0799 0.0638 0.0509 0.0407 0.0326 0.0262 0.0210 0.0169 0.0136 0.0110 0.0089 0.0072 0.0058 0.0048 0.0039 0.0032 0.0026 0.0021 0.0018 0.0015 0.0012 1.0000 1.0000 1.0000 1.0000 1.0000 1.0000 1.0000 1.0000 1.0000 1.0000 0.9905 0.8315 0.6981 0.5860 0.4920 0.4130 0.3467 0.2910 0.2443 0.2051 0.1722 0.1445 0.1213 0.1019 0.0857 0.0692
0.0875 0.1083 0.1287 0.1533 0.1826 0.2176 0.2592 0.3087 0.3678 0.4381 0.5218 0.6216 0.7405 0.8820 1.0000 1.0000 1.0000 1.0000 1.0000 1.0000 1.0000 1.0000 1.0000 1.0000 1.0000 0.0013 0.0015 0.0018 0.0022 0.0027 0.0032 0.0039 0.0048 0.0059 0.0072 0.0088 0.0109 0.0134 0.0166 0.0206 0.0255 0.0317 0.0394 0.0492 0.0614 0.0767 0.0962 0.1204 0.1513 0.1912 0.2239 0.1912 0.1513 0.1204 0.0962 0.0767 0.0614 0.0492 0.0394 0.0317 0.0255 0.0206 0.0166 0.0134 0.0109 0.0088 0.0072 0.0059 0.0048 0.0039 0.0032 0.0027 0.0022 0.0018 0.0015 0.0013 1.0000 1.0000 1.0000 1.0000 1.0000 1.0000 1.0000 1.0000 1.0000 1.0000 1.0000 0.8820 0.7405 0.6216 0.5218 0.4381 0.3678 0.3087 0.2592 0.2176 0.1826 0.1533 0.1287 0.1083 0.0875
0.1105 0.1368 0.1626 0.1937 0.2308 0.2749 0.3275 0.3901 0.4647 0.5535 0.6594 0.7854 0.9356 1.0000 1.0000 1.0000 1.0000 1.0000 1.0000 1.0000 1.0000 1.0000 1.0000 1.0000 0.0013 0.0016 0.0019 0.0023 0.0028 0.0033 0.0040 0.0049 0.0060 0.0073 0.0089 0.0109 0.0133 0.0164 0.0203 0.0251 0.0310 0.0385 0.0478 0.0595 0.0741 0.0926 0.1157 0.1451 0.1820 0.2295 0.2687 0.2295 0.1820 0.1451 0.1157 0.0926 0.0741 0.0595 0.0478 0.0385 0.0310 0.0251 0.0203 0.0164 0.0133 0.0109 0.0089 0.0073 0.0060 0.0049 0.0040 0.0033 0.0028 0.0023 0.0019 0.0016 0.0013 1.0000 1.0000 1.0000 1.0000 1.0000 1.0000 1.0000 1.0000 1.0000 1.0000 1.0000 0.9356 0.7854 0.6594 0.5535 0.4647 0.3901 0.3275 0.2749 0.2308 0.1937 0.1626 0.1368 0.1105
0.1397 0.1728 0.2055 0.2448 0.2916 0.3474 0.4138 0.4929 0.5871 0.6994 0.8331 0.9924 1.0000 1.0000 1.0000 1.0000 1.0000 1.0000 1.0000 1.0000 1.0000 1.0000 1.0000 0.0014 0.0017 0.0020 0.0024 0.0029 0.0035 0.0042 0.0050 0.0061 0.0074 0.0090 0.0110 0.0134 0.0164 0.0202 0.0248 0.0306 0.0378 0.0468 0.0580 0.0721 0.0897 0.1118 0.1397 0.1745 0.2188 0.2754 0.3225 0.2754 0.2188 0.1745 0.1397 0.1118 0.0897 0.0721 0.0580 0.0468 0.0378 0.0306 0.0248 0.0202 0.0164 0.0134 0.0110 0.0090 0.0074 0.0061 0.0050 0.0042 0.0035 0.0029 0.0024 0.0020 0.0017 0.0014 1.0000 1.0000 1.0000 1.0000 1.0000 1.0000 1.0000 1.0000 1.0000 1.0000 1.0000 0.9924 0.8331 0.6994 0.5871 0.4929 0.4138 0.3474 0.2916 0.2448 0.2055 0.1728 0.1397
0.1765 0.2184 0.2597 0.3093 0.3685 0.4389 0.5228 0.6228 0.7419 0.8837 1.0000 1.0000 1.0000 1.0000 1.0000 1.0000 1.0000 1.0000 1.0000 1.0000 1.0000 0.0012 0.0015 0.0018 0.0021 0.0025 0.0030 0.0036 0.0043 0.0052 0.0063 0.0076 0.0092 0.0112 0.0136 0.0166 0.0203 0.0248 0.0304 0.0375 0.0462 0.0570 0.0706 0.0875 0.1087 0.1352 0.1686 0.2106 0.2636 0.3312 0.3879 0.3312 0.2636 0.2106 0.1686 0.1352 0.1087 0.0875 0.0706 0.0570 0.0462 0.0375 0.0304 0.0248 0.0203 0.0166 0.0136 0.0112 0.0092 0.0076 0.0063 0.0052 0.0043 0.0036 0.0030 0.0025 0.0021 0.0018 0.0015 0.0012 1.0000 1.0000 1.0000 1.0000 1.0000 1.0000 1.0000 1.0000 1.0000 1.0000 1.0000 0.8837 0.7419 0.6228 0.5228 0.4389 0.3685 0.3093 0.2597 0.2184 0.1765
0.2230 0.2760 0.3281 0.3908 0.4656 0.5546 0.6606 0.7869 0.9374 1.0000 1.0000 1.0000 1.0000 1.0000 1.0000 1.0000 1.0000 1.0000 1.0000 1.0000 0.0013 0.0016 0.0019 0.0022 0.0026 0.0032 0.0038 0.0045 0.0054 0.0065 0.0079 0.0095 0.0115 0.0139 0.0169 0.0206 0.0251 0.0306 0.0375 0.0460 0.0566 0.0698 0.0862 0.1066 0.1322 0.1642 0.2043 0.2548 0.3183 0.3998 0.4664 0.3998 0.3183 0.2548 0.2043 0.1642 0.1322 0.1066 0.0862 0.0698 0.0566 0.0460 0.0375 0.0306 0.0251 0.0206 0.0169 0.0139 0.0115 0.0095 0.0079 0.0065 0.0054 0.0045 0.0038 0.0032 0.0026 0.0022 0.0019 0.0016 0.0013 1.0000 1.0000 1.0000 1.0000 1.0000 1.0000 1.0000 1.0000 1.0000 1.0000 1.0000 0.9374 0.7869 0.6606 0.5546 0.4656 0.3908 0.3281 0.2760 0.2230
0.2818 0.3487 0.4146 0.4938 0.5882 0.7007 0.8347 0.9943 1.0000 1.0000 1.0000 1.0000 1.0000 1.0000 1.0000 1.0000 1.0000 1.0000 1.0000 0.0014 0.0017 0.0020 0.0024 0.0028 0.0033 0.0040 0.0048 0.0057 0.0068 0.0082 0.0099 0.0119 0.0143 0.0173 0.0210 0.0255 0.0310 0.0378 0.0462 0.0566 0.0695 0.0855 0.1054 0.1302 0.1611 0.1997 0.2481 0.3087 0.3849 0.4827 0.5631 0.4827 0.3849 0.3087 0.2481 0.1997 0.1611 0.1302 0.1054 0.0855 0.0695 0.0566 0.0462 0.0378 0.0310 0.0255 0.0210 0.0173 0.0143 0.0119 0.0099 0.0082 0.0068 0.0057 0.0048 0.0040 0.0033 0.0028 0.0024 0.0020 0.0017 0.0014 1.0000 1.0000 1.0000 1.0000 1.0000 1.0000 1.0000 1.0000 1.0000 1.0000 1.0000 0.9943 0.8347 0.7007 0.5882 0.4938 0.4146 0.3487 0.2818
0.3561 0.4406 0.5238 0.6240 0.7433 0.8854 1.0000 1.0000 1.0000 1.0000 1.0000 1.0000 1.0000 1.0000 1.0000 1.0000 1.0000 0.0012 0.0015 0.0018 0.0021 0.0025 0.0030 0.0036 0.0042 0.0050 0.0060 0.0072 0.0086 0.0103 0.0123 0.0149 0.0179 0.0216 0.0262 0.0317 0.0385 0.0468 0.0570 0.0698 0.0855 0.1050 0.1292 0.1593 0.1967 0.2434 0.3018 0.3748 0.4664 0.5838 0.6810 0.5838 0.4664 0.3748 0.3018 0.2434 0.1967 0.1593 0.1292 0.1050 0.0855 0.0698 0.0570 0.0468 0.0385 0.0317 0.0262 0.0216 0.0179 0.0149 0.0123 0.0103 0.0086 0.0072 0.0060 0.0050 0.0042 0.0036 0.0030 0.0025 0.0021 0.0018 0.0015 0.0012 1.0000 1.0000 1.0000 1.0000 1.0000 1.0000 1.0000 1.0000 1.0000 1.0000 1.0000 0.8854 0.7433 0.6240 0.5238 0.4406 0.3561
0.4499 0.5567 0.6619 0.7884 0.9392 1.0000 1.0000 1.0000 1.0000 1.0000 1.0000 1.0000 1.0000 1.0000 1.0000 1.0000 0.0013 0.0016 0.0019 0.0022 0.0027 0.0032 0.0038 0.0045 0.0053 0.0064 0.0076 0.0090 0.0108 0.0129 0.0155 0.0186 0.0224 0.0270 0.0326 0.0394 0.0478 0.0580 0.0706 0.0862 0.1054 0.1292 0.1587 0.1952 0.2406 0.2972 0.3678 0.4568 0.5663 0.7074 0.8237 0.7074 0.5663 0.4568 0.3678 0.2972 0.2406 0.1952 0.1587 0.1292 0.1054 0.0862 0.0706 0.0580 0.0478 0.0394 0.0326 0.0270 0.0224 0.0186 0.0155 0.0129 0.0108 0.0090 0.0076 0.0064 0.0053 0.0045 0.0038 0.0032 0.0027 0.0022 0.0019 0.0016 0.0013 1.0000 1.0000 1.0000 1.0000 1.0000 1.0000 1.0000 1.0000 1.0000 1.0000 1.0000 0.9392 0.7884 0.6619 0.5567 0.4499
0.5685 0.7034 0.8363 0.9962 1.0000 1.0000 1.0000 1.0000 1.0000 1.0000 1.0000 1.0000 1.0000 1.0000 1.0000 0.0014 0.0017 0.0020 0.0024 0.0028 0.0034 0.0040 0.0048 0.0057 0.0068 0.0080 0.0096 0.0114 0.0136 0.0163 0.0195 0.0234 0.0281 0.0338 0.0407 0.0492 0.0595 0.0721 0.0875 0.1066 0.1302 0.1593 0.1952 0.2397 0.2949 0.3636 0.4490 0.5567 0.6888 0.8589 0.9981 0.8589 0.6888 0.5567 0.4490 0.3636 0.2949 0.2397 0.1952 0.1593 0.1302 0.1066 0.0875 0.0721 0.0595 0.0492 0.0407 0.0338 0.0281 0.0234 0.0195 0.0163 0.0136 0.0114 0.0096 0.0080 0.0068 0.0057 0.0048 0.0040 0.0034 0.0028 0.0024 0.0020 0.0017 0.0014 1.0000 1.0000 1.0000 1.0000 1.0000 1.0000 1.0000 1.0000 1.0000 1.0000 1.0000 0.9962 0.8363 0.7034 0.5685
0.7183 0.8888 1.0000 1.0000 1.0000 1.0000 1.0000 1.0000 1.0000 1.0000 1.0000 1.0000 1.0000 0.0012 0.0015 0.0018 0.0021 0.0025 0.0030 0.0036 0.0042 0.0050 0.0060 0.0072 0.0085 0.0102 0.0121 0.0144 0.0172 0.0205 0.0245 0.0294 0.0353 0.0423 0.0509 0.0614 0.0741 0.0897 0.1087 0.1322 0.1611 0.1967 0.2406 0.2949 0.3622 0.4456 0.5493 0.6797 0.8395 1.0000 1.0000 1.0000 0.8395 0.6797 0.5493 0.4456 0.3622 0.2949 0.2406 0.1967 0.1611 0.1322 0.1087 0.0897 0.0741 0.0614 0.0509 0.0423 0.0353 0.0294 0.0245 0.0205 0.0172 0.0144 0.0121 0.0102 0.0085 0.0072 0.0060 0.0050 0.0042 0.0036 0.0030 0.0025 0.0021 0.0018 0.0015 0.0012 1.0000 1.0000 1.0000 1.0000 1.0000 1.0000 1.0000 1.0000 1.0000 1.0000 1.0000 0.8888 0.7183
0.9076 1.0000 1.0000 1.0000 1.0000 1.0000 1.0000 1.0000 1.0000 1.0000 1.0000 1.0000 0.0013 0.0016 0.0019 0.0022 0.0027 0.0032 0.0038 0.0045 0.0054 0.0064 0.0076 0.0090 0.0108 0.0128 0.0153 0.0182 0.0217 0.0259 0.0309 0.0369 0.0442 0.0531 0.0638 0.0767 0.0926 0.1118 0.1352 0.1642 0.1997 0.2434 0.2972 0.3636 0.4456 0.5472 0.6733 0.8315 1.0000 1.0000 1.0000 1.0000 1.0000 0.8315 0.6733 0.5472 0.4456 0.3636 0.2972 0.2434 0.1997 0.1642 0.1352 0.1118 0.0926 0.0767 0.0638 0.0531 0.0442 0.0369 0.0309 0.0259 0.0217 0.0182 0.0153 0.0128 0.0108 0.0090 0.0076 0.0064 0.0054 0.0045 0.0038 0.0032 0.0027 0.0022 0.0019 0.0016 0.0013 1.0000 1.0000 1.0000 1.0000 1.0000 1.0000 1.0000 1.0000 1.0000 1.0000 1.0000 0.9076
1.0000 1.0000 1.0000 1.0000 1.0000 1.0000 1.0000 1.0000 1.0000 1.0000 1.0000 0.0014 0.0017 0.0020 0.0024 0.0028 0.0034 0.0040 0.0048 0.0057 0.0068 0.0081 0.0096 0.0114 0.0136 0.0162 0.0193 0.0230 0.0274 0.0327 0.0389 0.0464 0.0555 0.0665 0.0799 0.0962 0.1157 0.1397 0.1686 0.2043 0.2481 0.3018 0.3678 0.4490 0.5493 0.6733 0.8284 1.0000 1.0000 1.0000 1.0000 1.0000 1.0000 1.0000 0.8284 0.6733 0.5493 0.4490 0.3678 0.3018 0.2481 0.2043 0.1686 0.1397 0.1157 0.0962 0.0799 0.0665 0.0555 0.0464 0.0389 0.0327 0.0274 0.0230 0.0193 0.0162 0.0136 0.0114 0.0096 0.0081 0.0068 0.0057 0.0048 0.0040 0.0034 0.0028 0.0024 0.0020 0.0017 0.0014 1.0000 1.0000 1.0000 1.0000 1.0000 1.0000 1.0000 1.0000 1.0000 1.0000 1.0000
1.0000 1.0000 1.0000 1.0000 1.0000 1.0000 1.0000 1.0000 1.0000 0.0012 0.0015 0.0018 0.0021 0.0025 0.0030 0.0036 0.0042 0.0051 0.0060 0.0072 0.0085 0.0102 0.0121 0.0144 0.0172 0.0205 0.0244 0.0291 0.0347 0.0413 0.0492 0.0586 0.0699 0.0836 0.1003 0.1204 0.1451 0.1745 0.2106 0.2548 0.3087 0.3748 0.4568 0.5567 0.6797 0.8315 1.0000 1.0000 1.0000 1.0000 1.0000 1.0000 1.0000 1.0000 1.0000 0.8315 0.6797 0.5567 0.4568 0.3748 0.3087 0.2548 0.2106 0.1745 0.1451 0.1204 0.1003 0.0836 0.0699 0.0586 0.0492 0.0413 0.0347 0.0291 0.0244 0.0205 0.0172 0.0144 0.0121 0.0102 0.0085 0.0072 0.0060 0.0051 0.0042 0.0036 0.0030 0.0025 0.0021 0.0018 0.0015 0.0012 1.0000 1.0000 1.0000 1.0000 1.0000 1.0000 1.0000 1.0000 1.0000
1.0000 1.0000 1.0000 1.0000 1.0000 1.0000 1.0000 1.0000 0.0013 0.0016 0.0019 0.0022 0.0027 0.0032 0.0038 0.0045 0.0054 0.0064 0.0076 0.0091 0.0108 0.0129 0.0153 0.0183 0.0217 0.0259 0.0309 0.0368 0.0438 0.0522 0.0621 0.0740 0.0882 0.1052 0.1261 0.1513 0.1820 0.2188 0.2636 0.3183 0.3849 0.4664 0.5663 0.6888 0.8395 1.0000 1.0000 1.0000 1.0000 1.0000 1.0000 1.0000 1.0000 1.0000 1.0000 1.0000 0.8395 0.6888 0.5663 0.4664 0.3849 0.3183 0.2636 0.2188 0.1820 0.1513 0.1261 0.1052 0.0882 0.0740 0.0621 0.0522 0.0438 0.0368 0.0309 0.0259 0.0217 0.0183 0.0153 0.0129 0.0108 0.0091 0.0076 0.0064 0.0054 0.0045 0.0038 0.0032 0.0027 0.0022 0.0019 0.0016 0.0013 1.0000 1.0000 1.0000 1.0000 1.0000 1.0000 1.0000 1.0000
1.0000 1.0000 1.0000 1.0000 1.0000 1.0000 1.0000 0.0014 0.0017 0.0020 0.0024 0.0028 0.0034 0.0040 0.0048 0.0057 0.0068 0.0081 0.0097 0.0115 0.0137 0.0163 0.0194 0.0232 0.0276 0.0329 0.0391 0.0466 0.0555 0.0662 0.0788 0.0939 0.1118 0.1335 0.1596 0.1912 0.2295 0.2754 0.3312 0.3998 0.4827 0.5838 0.7074 0.8589 1.0000 1.0000 1.0000 1.0000 1.0000 1.0000 1.0000 1.0000 1.0000 1.0000 1.0000 1.0000 1.0000 0.8589 0.7074 0.5838 0.4827 0.3998 0.3312 0.2754 0.2295 0.1912 0.1596 0.1335 0.1118 0.0939 0.0788 0.0662 0.0555 0.0466 0.0391 0.0329 0.0276 0.0232 0.0194 0.0163 0.0137 0.0115 0.0097 0.0081 0.0068 0.0057 0.0048 0.0040 0.0034 0.0028 0.0024 0.0020 0.0017 0.0014 1.0000 1.0000 1.0000 1.0000 1.0000 1.0000 1.0000
1.0000 1.0000 1.0000 1.0000 1.0000 1.0000 0.0014 0.0017 0.0020 0.0023 0.0028 0.0033 0.0040 0.0047 0.0056 0.0067 0.0080 0.0095 0.0113 0.0135 0.0161 0.0192 0.0228 0.0272 0.0324 0.0386 0.0460 0.0548 0.0653 0.0778 0.0926 0.1103 0.1314 0.1569 0.1872 0.2239 0.2687 0.3225 0.3879 0.4664 0.5631 0.6810 0.8237 0.9981 1.0000 1.0000 1.0000 1.0000 1.0000 1.0000 1.0000 1.0000 1.0000 1.0000 1.0000 1.0000 1.0000 0.9981 0.8237 0.6810 0.5631 0.4664 0.3879 0.3225 0.2687 0.2239 0.1872 0.1569 0.1314 0.1103 0.0926 0.0778 0.0653 0.0548 0.0460 0.0386 0.0324 0.0272 0.0228 0.0192 0.0161 0.0135 0.0113 0.0095 0.0080 0.0067 0.0056 0.0047 0.0040 0.0033 0.0028 0.0023 0.0020 0.0017 0.0014 1.0000 1.0000 1.0000 1.0000 1.0000 1.0000
1.0000 1.0000 1.0000 1.0000 1.0000 1.0000 1.0000 0.0014 0.0017 0.0020 0.0024 0.0028 0.0034 0.0040 0.0048 0.0057 0.0068 0.0081 0.0097 0.0115 0.0137 0.0163 0.0194 0.0232 0.0276 0.0329 0.0391 0.0466 0.0555 0.0662 0.0788 0.0939 0.1118 0.1335 0.1596 0.1912 0.2295 0.2754 0.3312 0.3998 0.4827 0.5838 0.7074 0.8589 1.0000 1.0000 1.0000 1.0000 1.0000 1.0000 1.0000 1.0000 1.0000 1.0000 1.0000 1.0000 1.0000 0.8589 0.7074 0.5838 0.4827 0.3998 0.3312 0.2754 0.2295 0.1912 0.1596 0.1335 0.1118 0.0939 0.0788 0.0662 0.0555 0.0466 0.0391 0.0329 0.0276 0.0232 0.0194 0.0163 0.0137 0.0115 0.0097 0.0081 0.0068 0.0057 0.0048 0.0040 0.0034 0.0028 0.0024 0.0020 0.0017 0.0014 1.0000 1.0000 1.0000 1.0000 1.0000 1.0000 1.0000
1.0000 1.0000 1.0000 1.0000 1.0000 1.0000 1.0000 1.0000 0.0013 0.0016 0.0019 0.0022 0.0027 0.0032 0.0038 0.0045 0.0054 0.0064 0.0076 0.0091 0.0108 0.0129 0.0153 0.0183 0.0217 0.0259 0.0309 0.0368 0.0438 0.0522 0.0621 0.0740 0.0882 0.1052 0.1261 0.1513 0.1820 0.2188 0.2636 0.3183 0.3849 0.4664 0.5663 0.6888 0.8395 1.0000 1.0000 1.0000 1.0000 1.0000 1.0000 1.0000 1.0000 1.0000 1.0000 1.0000 0.8395 0.6888 0.5663 0.4664 0.3849 0.3183 0.2636 0.2188 0.1820 0.1513 0.1261 0.1052 0.0882 0.0740 0.0621 0.0522 0.0438 0.0368 0.0309 0.0259 0.0217 0.0183 0.0153 0.0129 0.0108 0.0091 0.0076 0.0064 0.0054 0.0045 0.0038 0.0032 0.0027 0.0022 0.0019 0.0016 0.0013 1.0000 1.0000 1.0000 1.0000 1.0000 1.0000 1.0000 1.0000
1.0000 1.0000 1.0000 1.0000 1.0000 1.0000 1.0000 1.0000 1.0000 0.0012 0.0015 0.0018 0.0021 0.0025 0.0030 0.0036 0.0042 0.0051 0.0060 0.0072 0.0085 0.0102 0.0121 0.0144 0.0172 0.0205 0.0244 0.0291 0.0347 0.0413 0.0492 0.0586 0.0699 0.0836 0.1003 0.1204 0.1451 0.1745 0.2106 0.2548 0.3087 0.3748 0.4568 0.5567 0.6797 0.8315 1.0000 1.0000 1.0000 1.0000 1.0000 1.0000 1.0000 1.0000 1.0000 0.8315 0.6797 0.5567 0.4568 0.3748 0.3087 0.2548 0.2106 0.1745 0.1451 0.1204 0.1003 0.0836 0.0699 0.0586 0.0492 0.0413 0.0347 0.0291 0.0244 0.0205 0.0172 0.0144 0.0121 0.0102 0.0085 0.0072 0.0060 0.0051 0.0042 0.0036 0.0030 0.0025 0.0021 0.0018 0.0015 0.0012 1.0000 1.0000 1.0000 1.0000 1.0000 1.0000 1.0000 1.0000 1.0000
1.0000 1.0000 1.0000 1.0000 1.0000 1.0000 1.0000 1.0000 1.0000 1.0000 1.0000 0.0014 0.0017 0.0020 0.0024 0.0028 0.0034 0.0040 0.0048 0.0057 0.0068 0.0081 0.0096 0.0114 0.0136 0.0162 0.0193 0.0230 0.0274 0.0327 0.0389 0.0464 0.0555 0.0665 0.0799 0.0962 0.1157 0.1397 0.1686 0.2043 0.2481 0.3018 0.3678 0.4490 0.5493 0.6733 0.8284 1.0000 1.0000 1.0000 1.0000 1.0000 1.0000 1.0000 0.8284 0.6733 0.5493 0.4490 0.3678 0.3018 0.2481 0.2043 0.1686 0.1397 0.1157 0.0962 0.0799 0.0665 0.0555 0.0464 0.0389 0.0327 0.0274 0.0230 0.0193 0.0162 0.0136 0.0114 0.0096 0.0081 0.0068 0.0057 0.0048 0.0040 0.0034 0.0028 0.0024 0.0020 0.0017 0.0014 1.0000 1.0000 1.0000 1.0000 1.0000 1.0000 1.0000 1.0000 1.0000 1.0000 1.0000
0.9076 1.0000 1.0000 1.0000 1.0000 1.0000 1.0000 1.0000 1.0000 1.0000 1.0000 1.0000 0.0013 0.0016 0.0019 0.0022 0.0027 0.0032 0.0038 0.0045 0.0054 0.0064 0.0076 0.0090 0.0108 0.0128 0.0153 0.0182 0.0217 0.0259 0.0309 0.0369 0.0442 0.0531 0.0638 0.0767 0.0926 0.1118 0.1352 0.1642 0.1997 0.2434 0.2972 0.3636 0.4456 0.5472 0.6733 0.8315 1.0000 1.0000 1.0000 1.0000 1.0000 0.8315 0.6733 0.5472 0.4456 0.3636 0.2972 0.2434 0.1997 0.1642 0.1352 0.1118 0.0926 0.0767 0.0638 0.0531 0.0442 0.0369 0.0309 0.0259 0.0217 0.0182 0.0153 0.0128 0.0108 0.0090 0.0076 0.0064 0.0054 0.0045 0.0038 0.0032 0.0027 0.0022 0.0019 0.0016 0.0013 1.0000 1.0000 1.0000 1.0000 1.0000 1.0000 1.0000 1.0000 1.0000 1.0000 1.0000 0.9076
