-0.3682 -0.3545 -0.3494 -0.3423 -0.3321 -0.3172 -0.2890 -0.2044 -0.0377 0.0414 0.0840 0.1180 0.1502 0.1838 0.2216 0.2723 0.2119 -0.1337 -0.2015 -0.2230 -0.2390 -0.2521 -0.2637 -0.2743 -0.2841 -0.2934 -0.3022 -0.3106 -0.3186 -0.3262 -0.3332 -0.3397 -0.3454 -0.3503 -0.3541 -0.3567 -0.3578 -0.3573 -0.3548 -0.3501 -0.3430 -0.3329 -0.3183 -0.2915 -0.2128 -0.0455 0.0383 0.0818 0.1163 0.1491 0.1717 0.1491 0.1163 0.0818 0.0383 -0.0455 -0.2128 -0.2915 -0.3183 -0.3329 -0.3430 -0.3501 -0.3548 -0.3573 -0.3578 -0.3567 -0.3541 -0.3503 -0.3454 -0.3397 -0.3332 -0.3262 -0.3186 -0.3106 -0.3022 -0.2934 -0.2841 -0.2743 -0.2637 -0.2521 -0.2390 -0.2230 -0.2015 -0.1337 0.2119 0.2723 0.2216 0.1838 0.1502 0.1180 0.0840 0.0414 -0.0377 -0.2044 -0.2890 -0.3172 -0.3321 -0.3423 -0.3494 -0.3545 -0.3682
-0.3545 -0.3321 -0.3216 -0.3085 -0.2899 -0.2560 -0.1673 -0.0357 0.0293 0.0681 0.0996 0.1289 0.1586 0.1907 0.2295 0.2660 -0.0942 -0.2099 -0.2288 -0.2435 -0.2559 -0.2669 -0.2770 -0.2865 -0.2953 -0.3038 -0.3117 -0.3192 -0.3261 -0.3324 -0.3380 -0.3427 -0.3463 -0.3487 -0.3496 -0.3488 -0.3461 -0.3411 -0.3338 -0.3236 -0.3103 -0.2919 -0.2596 -0.1756 -0.0413 0.0266 0.0661 0.0979 0.1273 0.1575 0.1790 0.1575 0.1273 0.0979 0.0661 0.0266 -0.0413 -0.1756 -0.2596 -0.2919 -0.3103 -0.3236 -0.3338 -0.3411 -0.3461 -0.3488 -0.3496 -0.3487 -0.3463 -0.3427 -0.3380 -0.3324 -0.3261 -0.3192 -0.3117 -0.3038 -0.2953 -0.2865 -0.2770 -0.2669 -0.2559 -0.2435 -0.2288 -0.2099 -0.0942 0.2660 0.2295 0.1907 0.1586 0.1289 0.0996 0.0681 0.0293 -0.0357 -0.1673 -0.2560 -0.2899 -0.3085 -0.3216 -0.3321 -0.3545
-0.3494 -0.3216 -0.3090 -0.2922 -0.2639 -0.1940 -0.0608 0.0173 0.0594 0.0920 0.1216 0.1510 0.1822 0.2184 0.2783 -0.0196 -0.2044 -0.2249 -0.2403 -0.2531 -0.2644 -0.2747 -0.2843 -0.2933 -0.3018 -0.3098 -0.3174 -0.3245 -0.3309 -0.3367 -0.3416 -0.3455 -0.3481 -0.3494 -0.3489 -0.3466 -0.3422 -0.3353 -0.3259 -0.3133 -0.2964 -0.2694 -0.2046 -0.0703 0.0139 0.0572 0.0902 0.1199 0.1493 0.1810 0.2044 0.1810 0.1493 0.1199 0.0902 0.0572 0.0139 -0.0703 -0.2046 -0.2694 -0.2964 -0.3133 -0.3259 -0.3353 -0.3422 -0.3466 -0.3489 -0.3494 -0.3481 -0.3455 -0.3416 -0.3367 -0.3309 -0.3245 -0.3174 -0.3098 -0.3018 -0.2933 -0.2843 -0.2747 -0.2644 -0.2531 -0.2403 -0.2249 -0.2044 -0.0196 0.2783 0.2184 0.1822 0.1510 0.1216 0.0920 0.0594 0.0173 -0.0608 -0.1940 -0.2639 -0.2922 -0.3090 -0.3216 -0.3494
-0.3423 -0.3085 -0.2922 -0.2670 -0.2082 -0.0829 0.0060 0.0511 0.0847 0.1145 0.1436 0.1741 0.2084 0.2596 0.0952 -0.1837 -0.2203 -0.2367 -0.2501 -0.2617 -0.2722 -0.2819 -0.2911 -0.2997 -0.3079 -0.3156 -0.3228 -0.3294 -0.3353 -0.3404 -0.3446 -0.3476 -0.3492 -0.3492 -0.3474 -0.3435 -0.3373 -0.3286 -0.3168 -0.3013 -0.2780 -0.2278 -0.1045 -0.0011 0.0476 0.0824 0.1125 0.1418 0.1723 0.2066 0.2317 0.2066 0.1723 0.1418 0.1125 0.0824 0.0476 -0.0011 -0.1045 -0.2278 -0.2780 -0.3013 -0.3168 -0.3286 -0.3373 -0.3435 -0.3474 -0.3492 -0.3492 -0.3476 -0.3446 -0.3404 -0.3353 -0.3294 -0.3228 -0.3156 -0.3079 -0.2997 -0.2911 -0.2819 -0.2722 -0.2617 -0.2501 -0.2367 -0.2203 -0.1837 0.0952 0.2596 0.2084 0.1741 0.1436 0.1145 0.0847 0.0511 0.0060 -0.0829 -0.2082 -0.2670 -0.2922 -0.3085 -0.3423
-0.3321 -0.2899 -0.2639 -0.2082 -0.0923 -0.0013 0.0449 0.0789 0.1083 0.1369 0.1665 0.1993 0.2424 0.2048 -0.1439 -0.2154 -0.2329 -0.2469 -0.2589 -0.2696 -0.2795 -0.2888 -0.2976 -0.3058 -0.3137 -0.3210 -0.3278 -0.3339 -0.3392 -0.3436 -0.3470 -0.3489 -0.3494 -0.3481 -0.3447 -0.3391 -0.3310 -0.3201 -0.3057 -0.2852 -0.2455 -0.1413 -0.0194 0.0373 0.0743 0.1051 0.1344 0.1643 0.1972 0.2351 0.2519 0.2351 0.1972 0.1643 0.1344 0.1051 0.0743 0.0373 -0.0194 -0.1413 -0.2455 -0.2852 -0.3057 -0.3201 -0.3310 -0.3391 -0.3447 -0.3481 -0.3494 -0.3489 -0.3470 -0.3436 -0.3392 -0.3339 -0.3278 -0.3210 -0.3137 -0.3058 -0.2976 -0.2888 -0.2795 -0.2696 -0.2589 -0.2469 -0.2329 -0.2154 -0.1439 0.2048 0.2424 0.1993 0.1665 0.1369 0.1083 0.0789 0.0449 -0.0013 -0.0923 -0.2082 -0.2639 -0.2899 -0.3321
-0.3172 -0.2560 -0.1940 -0.0829 -0.0013 0.0426 0.0754 0.1040 0.1317 0.1604 0.1917 0.2302 0.2658 -0.0932 -0.2102 -0.2290 -0.2436 -0.2560 -0.2670 -0.2771 -0.2865 -0.2954 -0.3038 -0.3117 -0.3192 -0.3261 -0.3324 -0.3380 -0.3426 -0.3462 -0.3486 -0.3494 -0.3486 -0.3458 -0.3408 -0.3333 -0.3231 -0.3097 -0.2913 -0.2591 -0.1761 -0.0424 0.0261 0.0658 0.0976 0.1270 0.1566 0.1885 0.2264 0.2664 0.0567 0.2664 0.2264 0.1885 0.1566 0.1270 0.0976 0.0658 0.0261 -0.0424 -0.1761 -0.2591 -0.2913 -0.3097 -0.3231 -0.3333 -0.3408 -0.3458 -0.3486 -0.3494 -0.3486 -0.3462 -0.3426 -0.3380 -0.3324 -0.3261 -0.3192 -0.3117 -0.3038 -0.2954 -0.2865 -0.2771 -0.2670 -0.2560 -0.2436 -0.2290 -0.2102 -0.0932 0.2658 0.2302 0.1917 0.1604 0.1317 0.1040 0.0754 0.0426 -0.0013 -0.0829 -0.1940 -0.2560 -0.3172
-0.2890 -0.1673 -0.0608 0.0060 0.0449 0.0754 0.1024 0.1288 0.1563 0.1862 0.2217 0.2820 -0.0293 -0.2048 -0.2249 -0.2403 -0.2530 -0.2643 -0.2746 -0.2842 -0.2932 -0.3017 -0.3098 -0.3174 -0.3244 -0.3309 -0.3366 -0.3416 -0.3454 -0.3481 -0.3494 -0.3490 -0.3467 -0.3423 -0.3354 -0.3260 -0.3135 -0.2966 -0.2697 -0.2054 -0.0713 0.0134 0.0569 0.0900 0.1197 0.1490 0.1801 0.2157 0.2762 0.0121 -0.1766 0.0121 0.2762 0.2157 0.1801 0.1490 0.1197 0.0900 0.0569 0.0134 -0.0713 -0.2054 -0.2697 -0.2966 -0.3135 -0.3260 -0.3354 -0.3423 -0.3467 -0.3490 -0.3494 -0.3481 -0.3454 -0.3416 -0.3366 -0.3309 -0.3244 -0.3174 -0.3098 -0.3017 -0.2932 -0.2842 -0.2746 -0.2643 -0.2530 -0.2403 -0.2249 -0.2048 -0.0293 0.2820 0.2217 0.1862 0.1563 0.1288 0.1024 0.0754 0.0449 0.0060 -0.0608 -0.1673 -0.2890
-0.2044 -0.0357 0.0173 0.0511 0.0789 0.1040 0.1288 0.1548 0.1832 0.2165 0.2730 0.0449 -0.1930 -0.2211 -0.2370 -0.2502 -0.2617 -0.2721 -0.2818 -0.2910 -0.2996 -0.3078 -0.3155 -0.3227 -0.3293 -0.3353 -0.3404 -0.3446 -0.3476 -0.3492 -0.3492 -0.3474 -0.3436 -0.3374 -0.3286 -0.3170 -0.3014 -0.2783 -0.2284 -0.1056 -0.0016 0.0473 0.0822 0.1123 0.1415 0.1720 0.2060 0.2546 0.1270 -0.1746 -0.2078 -0.1746 0.1270 0.2546 0.2060 0.1720 0.1415 0.1123 0.0822 0.0473 -0.0016 -0.1056 -0.2284 -0.2783 -0.3014 -0.3170 -0.3286 -0.3374 -0.3436 -0.3474 -0.3492 -0.3492 -0.3476 -0.3446 -0.3404 -0.3353 -0.3293 -0.3227 -0.3155 -0.3078 -0.2996 -0.2910 -0.2818 -0.2721 -0.2617 -0.2502 -0.2370 -0.2211 -0.1930 0.0449 0.2730 0.2165 0.1832 0.1548 0.1288 0.1040 0.0789 0.0511 0.0173 -0.0357 -0.2044
-0.0377 0.0293 0.0594 0.0847 0.1083 0.1317 0.1563 0.1832 0.2147 0.2646 0.1044 -0.1736 -0.2178 -0.2342 -0.2475 -0.2592 -0.2697 -0.2795 -0.2888 -0.2975 -0.3058 -0.3136 -0.3209 -0.3277 -0.3338 -0.3392 -0.3436 -0.3469 -0.3489 -0.3494 -0.3481 -0.3448 -0.3392 -0.3311 -0.3202 -0.3058 -0.2854 -0.2460 -0.1425 -0.0200 0.0370 0.0740 0.1049 0.1341 0.1641 0.1969 0.2386 0.2256 -0.1318 -0.2132 -0.2230 -0.2132 -0.1318 0.2256 0.2386 0.1969 0.1641 0.1341 0.1049 0.0740 0.0370 -0.0200 -0.1425 -0.2460 -0.2854 -0.3058 -0.3202 -0.3311 -0.3392 -0.3448 -0.3481 -0.3494 -0.3489 -0.3469 -0.3436 -0.3392 -0.3338 -0.3277 -0.3209 -0.3136 -0.3058 -0.2975 -0.2888 -0.2795 -0.2697 -0.2592 -0.2475 -0.2342 -0.2178 -0.1736 0.1044 0.2646 0.2147 0.1832 0.1563 0.1317 0.1083 0.0847 0.0594 0.0293 -0.0377
0.0414 0.0681 0.0920 0.1145 0.1369 0.1604 0.1862 0.2165 0.2646 0.1258 -0.1596 -0.2156 -0.2320 -0.2454 -0.2571 -0.2676 -0.2774 -0.2867 -0.2954 -0.3038 -0.3117 -0.3191 -0.3261 -0.3324 -0.3379 -0.3426 -0.3462 -0.3486 -0.3494 -0.3486 -0.3458 -0.3408 -0.3334 -0.3232 -0.3099 -0.2915 -0.2595 -0.1772 -0.0432 0.0257 0.0656 0.0974 0.1268 0.1564 0.1882 0.2261 0.2763 -0.0757 -0.2087 -0.2272 -0.2352 -0.2272 -0.2087 -0.0757 0.2763 0.2261 0.1882 0.1564 0.1268 0.0974 0.0656 0.0257 -0.0432 -0.1772 -0.2595 -0.2915 -0.3099 -0.3232 -0.3334 -0.3408 -0.3458 -0.3486 -0.3494 -0.3486 -0.3462 -0.3426 -0.3379 -0.3324 -0.3261 -0.3191 -0.3117 -0.3038 -0.2954 -0.2867 -0.2774 -0.2676 -0.2571 -0.2454 -0.2320 -0.2156 -0.1596 0.1258 0.2646 0.2165 0.1862 0.1604 0.1369 0.1145 0.0920 0.0681 0.0414
0.0840 0.0996 0.1216 0.1436 0.1665 0.1917 0.2217 0.2730 0.1044 -0.1596 -0.2148 -0.2308 -0.2440 -0.2555 -0.2660 -0.2757 -0.2849 -0.2936 -0.3019 -0.3099 -0.3174 -0.3244 -0.3308 -0.3366 -0.3415 -0.3454 -0.3481 -0.3494 -0.3490 -0.3467 -0.3423 -0.3355 -0.3261 -0.3136 -0.2968 -0.2700 -0.2063 -0.0723 0.0130 0.0566 0.0897 0.1194 0.1488 0.1798 0.2154 0.2769 0.0100 -0.2019 -0.2236 -0.2387 -0.2456 -0.2387 -0.2236 -0.2019 0.0100 0.2769 0.2154 0.1798 0.1488 0.1194 0.0897 0.0566 0.0130 -0.0723 -0.2063 -0.2700 -0.2968 -0.3136 -0.3261 -0.3355 -0.3423 -0.3467 -0.3490 -0.3494 -0.3481 -0.3454 -0.3415 -0.3366 -0.3308 -0.3244 -0.3174 -0.3099 -0.3019 -0.2936 -0.2849 -0.2757 -0.2660 -0.2555 -0.2440 -0.2308 -0.2148 -0.1596 0.1044 0.2730 0.2217 0.1917 0.1665 0.1436 0.1216 0.0996 0.0840
0.1180 0.1289 0.1510 0.1741 0.1993 0.2302 0.2820 0.0449 -0.1736 -0.2156 -0.2308 -0.2435 -0.2547 -0.2649 -0.2744 -0.2834 -0.2921 -0.3003 -0.3082 -0.3157 -0.3228 -0.3293 -0.3353 -0.3404 -0.3445 -0.3475 -0.3492 -0.3492 -0.3475 -0.3436 -0.3375 -0.3287 -0.3171 -0.3016 -0.2785 -0.2291 -0.1068 -0.0021 0.0470 0.0819 0.1121 0.1413 0.1717 0.2057 0.2540 0.1312 -0.1754 -0.2189 -0.2356 -0.2486 -0.2548 -0.2486 -0.2356 -0.2189 -0.1754 0.1312 0.2540 0.2057 0.1717 0.1413 0.1121 0.0819 0.0470 -0.0021 -0.1068 -0.2291 -0.2785 -0.3016 -0.3171 -0.3287 -0.3375 -0.3436 -0.3475 -0.3492 -0.3492 -0.3475 -0.3445 -0.3404 -0.3353 -0.3293 -0.3228 -0.3157 -0.3082 -0.3003 -0.2921 -0.2834 -0.2744 -0.2649 -0.2547 -0.2435 -0.2308 -0.2156 -0.1736 0.0449 0.2820 0.2302 0.1993 0.1741 0.1510 0.1289 0.1180
0.1502 0.1586 0.1822 0.2084 0.2424 0.2658 -0.0293 -0.1930 -0.2178 -0.2320 -0.2440 -0.2547 -0.2645 -0.2737 -0.2825 -0.2909 -0.2991 -0.3069 -0.3143 -0.3214 -0.3280 -0.3340 -0.3392 -0.3436 -0.3469 -0.3489 -0.3494 -0.3481 -0.3448 -0.3392 -0.3312 -0.3203 -0.3060 -0.2856 -0.2465 -0.1437 -0.0207 0.0366 0.0738 0.1047 0.1339 0.1638 0.1966 0.2381 0.2279 -0.1301 -0.2139 -0.2318 -0.2460 -0.2576 -0.2633 -0.2576 -0.2460 -0.2318 -0.2139 -0.1301 0.2279 0.2381 0.1966 0.1638 0.1339 0.1047 0.0738 0.0366 -0.0207 -0.1437 -0.2465 -0.2856 -0.3060 -0.3203 -0.3312 -0.3392 -0.3448 -0.3481 -0.3494 -0.3489 -0.3469 -0.3436 -0.3392 -0.3340 -0.3280 -0.3214 -0.3143 -0.3069 -0.2991 -0.2909 -0.2825 -0.2737 -0.2645 -0.2547 -0.2440 -0.2320 -0.2178 -0.1930 -0.0293 0.2658 0.2424 0.2084 0.1822 0.1586 0.1502
0.1838 0.1907 0.2184 0.2596 0.2048 -0.0932 -0.2048 -0.2211 -0.2342 -0.2454 -0.2555 -0.2649 -0.2737 -0.2822 -0.2904 -0.2983 -0.3059 -0.3133 -0.3203 -0.3268 -0.3328 -0.3382 -0.3427 -0.3462 -0.3485 -0.3494 -0.3486 -0.3458 -0.3409 -0.3335 -0.3233 -0.3100 -0.2916 -0.2599 -0.1782 -0.0441 0.0253 0.0653 0.0971 0.1265 0.1561 0.1879 0.2257 0.2765 -0.0736 -0.2084 -0.2277 -0.2426 -0.2551 -0.2658 -0.2712 -0.2658 -0.2551 -0.2426 -0.2277 -0.2084 -0.0736 0.2765 0.2257 0.1879 0.1561 0.1265 0.0971 0.0653 0.0253 -0.0441 -0.1782 -0.2599 -0.2916 -0.3100 -0.3233 -0.3335 -0.3409 -0.3458 -0.3486 -0.3494 -0.3485 -0.3462 -0.3427 -0.3382 -0.3328 -0.3268 -0.3203 -0.3133 -0.3059 -0.2983 -0.2904 -0.2822 -0.2737 -0.2649 -0.2555 -0.2454 -0.2342 -0.2211 -0.2048 -0.0932 0.2048 0.2596 0.2184 0.1907 0.1838
0.2216 0.2295 0.2783 0.0952 -0.1439 -0.2102 -0.2249 -0.2370 -0.2475 -0.2571 -0.2660 -0.2744 -0.2825 -0.2904 -0.2980 -0.3054 -0.3126 -0.3194 -0.3259 -0.3319 -0.3372 -0.3419 -0.3456 -0.3481 -0.3493 -0.3489 -0.3467 -0.3423 -0.3356 -0.3262 -0.3137 -0.2970 -0.2703 -0.2071 -0.0734 0.0125 0.0563 0.0895 0.1192 0.1485 0.1796 0.2150 0.2760 0.0135 -0.2011 -0.2234 -0.2391 -0.2521 -0.2636 -0.2735 -0.2786 -0.2735 -0.2636 -0.2521 -0.2391 -0.2234 -0.2011 0.0135 0.2760 0.2150 0.1796 0.1485 0.1192 0.0895 0.0563 0.0125 -0.0734 -0.2071 -0.2703 -0.2970 -0.3137 -0.3262 -0.3356 -0.3423 -0.3467 -0.3489 -0.3493 -0.3481 -0.3456 -0.3419 -0.3372 -0.3319 -0.3259 -0.3194 -0.3126 -0.3054 -0.2980 -0.2904 -0.2825 -0.2744 -0.2660 -0.2571 -0.2475 -0.2370 -0.2249 -0.2102 -0.1439 0.0952 0.2783 0.2295 0.2216
0.2723 0.2660 -0.0196 -0.1837 -0.2154 -0.2290 -0.2403 -0.2502 -0.2592 -0.2676 -0.2757 -0.2834 -0.2909 -0.2983 -0.3054 -0.3123 -0.3190 -0.3253 -0.3312 -0.3365 -0.3412 -0.3450 -0.3477 -0.3492 -0.3491 -0.3473 -0.3435 -0.3374 -0.3287 -0.3172 -0.3017 -0.2788 -0.2297 -0.1080 -0.0027 0.0467 0.0816 0.1118 0.1411 0.1715 0.2054 0.2534 0.1350 -0.1740 -0.2187 -0.2355 -0.2490 -0.2607 -0.2714 -0.2808 -0.2857 -0.2808 -0.2714 -0.2607 -0.2490 -0.2355 -0.2187 -0.1740 0.1350 0.2534 0.2054 0.1715 0.1411 0.1118 0.0816 0.0467 -0.0027 -0.1080 -0.2297 -0.2788 -0.3017 -0.3172 -0.3287 -0.3374 -0.3435 -0.3473 -0.3491 -0.3492 -0.3477 -0.3450 -0.3412 -0.3365 -0.3312 -0.3253 -0.3190 -0.3123 -0.3054 -0.2983 -0.2909 -0.2834 -0.2757 -0.2676 -0.2592 -0.2502 -0.2403 -0.2290 -0.2154 -0.1837 -0.0196 0.2660 0.2723
0.2119 -0.0942 -0.2044 -0.2203 -0.2329 -0.2436 -0.2530 -0.2617 -0.2697 -0.2774 -0.2849 -0.2921 -0.2991 -0.3059 -0.3126 -0.3190 -0.3251 -0.3308 -0.3361 -0.3407 -0.3445 -0.3474 -0.3490 -0.3493 -0.3479 -0.3445 -0.3390 -0.3310 -0.3202 -0.3059 -0.2857 -0.2470 -0.1448 -0.0214 0.0363 0.0735 0.1044 0.1336 0.1636 0.1963 0.2377 0.2302 -0.1285 -0.2137 -0.2316 -0.2458 -0.2579 -0.2688 -0.2788 -0.2877 -0.2925 -0.2877 -0.2788 -0.2688 -0.2579 -0.2458 -0.2316 -0.2137 -0.1285 0.2302 0.2377 0.1963 0.1636 0.1336 0.1044 0.0735 0.0363 -0.0214 -0.1448 -0.2470 -0.2857 -0.3059 -0.3202 -0.3310 -0.3390 -0.3445 -0.3479 -0.3493 -0.3490 -0.3474 -0.3445 -0.3407 -0.3361 -0.3308 -0.3251 -0.3190 -0.3126 -0.3059 -0.2991 -0.2921 -0.2849 -0.2774 -0.2697 -0.2617 -0.2530 -0.2436 -0.2329 -0.2203 -0.2044 -0.0942 0.2119
-0.1337 -0.2099 -0.2249 -0.2367 -0.2469 -0.2560 -0.2643 -0.2721 -0.2795 -0.2867 -0.2936 -0.3003 -0.3069 -0.3133 -0.3194 -0.3253 -0.3308 -0.3359 -0.3404 -0.3442 -0.3471 -0.3489 -0.3494 -0.3482 -0.3453 -0.3402 -0.3329 -0.3228 -0.3096 -0.2914 -0.2599 -0.1792 -0.0449 0.0250 0.0650 0.0969 0.1263 0.1559 0.1876 0.2254 0.2767 -0.0714 -0.2082 -0.2276 -0.2425 -0.2550 -0.2661 -0.2763 -0.2858 -0.2944 -0.2990 -0.2944 -0.2858 -0.2763 -0.2661 -0.2550 -0.2425 -0.2276 -0.2082 -0.0714 0.2767 0.2254 0.1876 0.1559 0.1263 0.0969 0.0650 0.0250 -0.0449 -0.1792 -0.2599 -0.2914 -0.3096 -0.3228 -0.3329 -0.3402 -0.3453 -0.3482 -0.3494 -0.3489 -0.3471 -0.3442 -0.3404 -0.3359 -0.3308 -0.3253 -0.3194 -0.3133 -0.3069 -0.3003 -0.2936 -0.2867 -0.2795 -0.2721 -0.2643 -0.2560 -0.2469 -0.2367 -0.2249 -0.2099 -0.1337
-0.2015 -0.2288 -0.2403 -0.2501 -0.2589 -0.2670 -0.2746 -0.2818 -0.2888 -0.2954 -0.3019 -0.3082 -0.3143 -0.3203 -0.3259 -0.3312 -0.3361 -0.3404 -0.3441 -0.3469 -0.3488 -0.3494 -0.3485 -0.3459 -0.3412 -0.3344 -0.3250 -0.3126 -0.2960 -0.2694 -0.2064 -0.0738 0.0121 0.0560 0.0892 0.1189 0.1483 0.1793 0.2147 0.2751 0.0171 -0.2002 -0.2232 -0.2390 -0.2520 -0.2634 -0.2738 -0.2834 -0.2925 -0.3008 -0.3053 -0.3008 -0.2925 -0.2834 -0.2738 -0.2634 -0.2520 -0.2390 -0.2232 -0.2002 0.0171 0.2751 0.2147 0.1793 0.1483 0.1189 0.0892 0.0560 0.0121 -0.0738 -0.2064 -0.2694 -0.2960 -0.3126 -0.3250 -0.3344 -0.3412 -0.3459 -0.3485 -0.3494 -0.3488 -0.3469 -0.3441 -0.3404 -0.3361 -0.3312 -0.3259 -0.3203 -0.3143 -0.3082 -0.3019 -0.2954 -0.2888 -0.2818 -0.2746 -0.2670 -0.2589 -0.2501 -0.2403 -0.2288 -0.2015
-0.2230 -0.2435 -0.2531 -0.2617 -0.2696 -0.2771 -0.2842 -0.2910 -0.2975 -0.3038 -0.3099 -0.3157 -0.3214 -0.3268 -0.3319 -0.3365 -0.3407 -0.3442 -0.3469 -0.3487 -0.3494 -0.3486 -0.3462 -0.3419 -0.3356 -0.3267 -0.3151 -0.2996 -0.2764 -0.2261 -0.1047 -0.0023 0.0465 0.0814 0.1116 0.1408 0.1712 0.2051 0.2528 0.1388 -0.1726 -0.2186 -0.2353 -0.2489 -0.2607 -0.2713 -0.2810 -0.2902 -0.2989 -0.3069 -0.3113 -0.3069 -0.2989 -0.2902 -0.2810 -0.2713 -0.2607 -0.2489 -0.2353 -0.2186 -0.1726 0.1388 0.2528 0.2051 0.1712 0.1408 0.1116 0.0814 0.0465 -0.0023 -0.1047 -0.2261 -0.2764 -0.2996 -0.3151 -0.3267 -0.3356 -0.3419 -0.3462 -0.3486 -0.3494 -0.3487 -0.3469 -0.3442 -0.3407 -0.3365 -0.3319 -0.3268 -0.3214 -0.3157 -0.3099 -0.3038 -0.2975 -0.2910 -0.2842 -0.2771 -0.2696 -0.2617 -0.2531 -0.2435 -0.2230
-0.2390 -0.2559 -0.2644 -0.2722 -0.2795 -0.2865 -0.2932 -0.2996 -0.3058 -0.3117 -0.3174 -0.3228 -0.3280 -0.3328 -0.3372 -0.3412 -0.3445 -0.3471 -0.3488 -0.3494 -0.3486 -0.3464 -0.3424 -0.3364 -0.3280 -0.3170 -0.3025 -0.2815 -0.2398 -0.1336 -0.0176 0.0372 0.0737 0.1043 0.1334 0.1633 0.1960 0.2373 0.2324 -0.1269 -0.2135 -0.2315 -0.2457 -0.2578 -0.2687 -0.2786 -0.2880 -0.2968 -0.3051 -0.3128 -0.3171 -0.3128 -0.3051 -0.2968 -0.2880 -0.2786 -0.2687 -0.2578 -0.2457 -0.2315 -0.2135 -0.1269 0.2324 0.2373 0.1960 0.1633 0.1334 0.1043 0.0737 0.0372 -0.0176 -0.1336 -0.2398 -0.2815 -0.3025 -0.3170 -0.3280 -0.3364 -0.3424 -0.3464 -0.3486 -0.3494 -0.3488 -0.3471 -0.3445 -0.3412 -0.3372 -0.3328 -0.3280 -0.3228 -0.3174 -0.3117 -0.3058 -0.2996 -0.2932 -0.2865 -0.2795 -0.2722 -0.2644 -0.2559 -0.2390
-0.2521 -0.2669 -0.2747 -0.2819 -0.2888 -0.2954 -0.3017 -0.3078 -0.3136 -0.3191 -0.3244 -0.3293 -0.3340 -0.3382 -0.3419 -0.3450 -0.3474 -0.3489 -0.3494 -0.3486 -0.3464 -0.3425 -0.3368 -0.3288 -0.3183 -0.3047 -0.2852 -0.2494 -0.1581 -0.0334 0.0287 0.0668 0.0977 0.1266 0.1559 0.1875 0.2250 0.2769 -0.0691 -0.2080 -0.2274 -0.2424 -0.2549 -0.2660 -0.2762 -0.2857 -0.2946 -0.3030 -0.3110 -0.3184 -0.3226 -0.3184 -0.3110 -0.3030 -0.2946 -0.2857 -0.2762 -0.2660 -0.2549 -0.2424 -0.2274 -0.2080 -0.0691 0.2769 0.2250 0.1875 0.1559 0.1266 0.0977 0.0668 0.0287 -0.0334 -0.1581 -0.2494 -0.2852 -0.3047 -0.3183 -0.3288 -0.3368 -0.3425 -0.3464 -0.3486 -0.3494 -0.3489 -0.3474 -0.3450 -0.3419 -0.3382 -0.3340 -0.3293 -0.3244 -0.3191 -0.3136 -0.3078 -0.3017 -0.2954 -0.2888 -0.2819 -0.2747 -0.2669 -0.2521
-0.2637 -0.2770 -0.2843 -0.2911 -0.2976 -0.3038 -0.3098 -0.3155 -0.3209 -0.3261 -0.3308 -0.3353 -0.3392 -0.3427 -0.3456 -0.3477 -0.3490 -0.3494 -0.3485 -0.3462 -0.3424 -0.3368 -0.3290 -0.3190 -0.3059 -0.2877 -0.2558 -0.1761 -0.0486 0.0209 0.0607 0.0919 0.1207 0.1493 0.1799 0.2149 0.2744 0.0207 -0.1994 -0.2231 -0.2389 -0.2519 -0.2633 -0.2737 -0.2833 -0.2924 -0.3009 -0.3090 -0.3167 -0.3237 -0.3278 -0.3237 -0.3167 -0.3090 -0.3009 -0.2924 -0.2833 -0.2737 -0.2633 -0.2519 -0.2389 -0.2231 -0.1994 0.0207 0.2744 0.2149 0.1799 0.1493 0.1207 0.0919 0.0607 0.0209 -0.0486 -0.1761 -0.2558 -0.2877 -0.3059 -0.3190 -0.3290 -0.3368 -0.3424 -0.3462 -0.3485 -0.3494 -0.3490 -0.3477 -0.3456 -0.3427 -0.3392 -0.3353 -0.3308 -0.3261 -0.3209 -0.3155 -0.3098 -0.3038 -0.2976 -0.2911 -0.2843 -0.2770 -0.2637
-0.2743 -0.2865 -0.2933 -0.2997 -0.3058 -0.3117 -0.3174 -0.3227 -0.3277 -0.3324 -0.3366 -0.3404 -0.3436 -0.3462 -0.3481 -0.3492 -0.3493 -0.3482 -0.3459 -0.3419 -0.3364 -0.3288 -0.3190 -0.3063 -0.2891 -0.2594 -0.1882 -0.0616 0.0141 0.0553 0.0871 0.1156 0.1438 0.1733 0.2066 0.2538 0.1365 -0.1719 -0.2184 -0.2352 -0.2488 -0.2606 -0.2712 -0.2810 -0.2902 -0.2988 -0.3070 -0.3148 -0.3221 -0.3287 -0.3326 -0.3287 -0.3221 -0.3148 -0.3070 -0.2988 -0.2902 -0.2810 -0.2712 -0.2606 -0.2488 -0.2352 -0.2184 -0.1719 0.1365 0.2538 0.2066 0.1733 0.1438 0.1156 0.0871 0.0553 0.0141 -0.0616 -0.1882 -0.2594 -0.2891 -0.3063 -0.3190 -0.3288 -0.3364 -0.3419 -0.3459 -0.3482 -0.3493 -0.3492 -0.3481 -0.3462 -0.3436 -0.3404 -0.3366 -0.3324 -0.3277 -0.3227 -0.3174 -0.3117 -0.3058 -0.2997 -0.2933 -0.2865 -0.2743
-0.2841 -0.2953 -0.3018 -0.3079 -0.3137 -0.3192 -0.3244 -0.3293 -0.3338 -0.3379 -0.3415 -0.3445 -0.3469 -0.3485 -0.3493 -0.3491 -0.3479 -0.3453 -0.3412 -0.3356 -0.3280 -0.3183 -0.3059 -0.2891 -0.2606 -0.1943 -0.0710 0.0087 0.0510 0.0831 0.1114 0.1391 0.1680 0.1998 0.2411 0.2189 -0.1312 -0.2137 -0.2315 -0.2456 -0.2577 -0.2686 -0.2786 -0.2879 -0.2967 -0.3050 -0.3129 -0.3203 -0.3271 -0.3333 -0.3371 -0.3333 -0.3271 -0.3203 -0.3129 -0.3050 -0.2967 -0.2879 -0.2786 -0.2686 -0.2577 -0.2456 -0.2315 -0.2137 -0.1312 0.2189 0.2411 0.1998 0.1680 0.1391 0.1114 0.0831 0.0510 0.0087 -0.0710 -0.1943 -0.2606 -0.2891 -0.3059 -0.3183 -0.3280 -0.3356 -0.3412 -0.3453 -0.3479 -0.3491 -0.3493 -0.3485 -0.3469 -0.3445 -0.3415 -0.3379 -0.3338 -0.3293 -0.3244 -0.3192 -0.3137 -0.3079 -0.3018 -0.2953 -0.2841
-0.2934 -0.3038 -0.3098 -0.3156 -0.3210 -0.3261 -0.3309 -0.3353 -0.3392 -0.3426 -0.3454 -0.3475 -0.3489 -0.3494 -0.3489 -0.3473 -0.3445 -0.3402 -0.3344 -0.3267 -0.3170 -0.3047 -0.2877 -0.2594 -0.1943 -0.0745 0.0057 0.0481 0.0800 0.1082 0.1354 0.1636 0.1944 0.2322 0.2628 -0.0898 -0.2091 -0.2279 -0.2425 -0.2549 -0.2660 -0.2761 -0.2856 -0.2945 -0.3030 -0.3110 -0.3185 -0.3254 -0.3318 -0.3375 -0.3411 -0.3375 -0.3318 -0.3254 -0.3185 -0.3110 -0.3030 -0.2945 -0.2856 -0.2761 -0.2660 -0.2549 -0.2425 -0.2279 -0.2091 -0.0898 0.2628 0.2322 0.1944 0.1636 0.1354 0.1082 0.0800 0.0481 0.0057 -0.0745 -0.1943 -0.2594 -0.2877 -0.3047 -0.3170 -0.3267 -0.3344 -0.3402 -0.3445 -0.3473 -0.3489 -0.3494 -0.3489 -0.3475 -0.3454 -0.3426 -0.3392 -0.3353 -0.3309 -0.3261 -0.3210 -0.3156 -0.3098 -0.3038 -0.2934
-0.3022 -0.3117 -0.3174 -0.3228 -0.3278 -0.3324 -0.3366 -0.3404 -0.3436 -0.3462 -0.3481 -0.3492 -0.3494 -0.3486 -0.3467 -0.3435 -0.3390 -0.3329 -0.3250 -0.3151 -0.3025 -0.2852 -0.2558 -0.1882 -0.0710 0.0057 0.0470 0.0784 0.1059 0.1327 0.1602 0.1901 0.2257 0.2834 -0.0434 -0.2049 -0.2247 -0.2397 -0.2523 -0.2635 -0.2737 -0.2833 -0.2923 -0.3009 -0.3090 -0.3166 -0.3237 -0.3303 -0.3361 -0.3413 -0.3446 -0.3413 -0.3361 -0.3303 -0.3237 -0.3166 -0.3090 -0.3009 -0.2923 -0.2833 -0.2737 -0.2635 -0.2523 -0.2397 -0.2247 -0.2049 -0.0434 0.2834 0.2257 0.1901 0.1602 0.1327 0.1059 0.0784 0.0470 0.0057 -0.0710 -0.1882 -0.2558 -0.2852 -0.3025 -0.3151 -0.3250 -0.3329 -0.3390 -0.3435 -0.3467 -0.3486 -0.3494 -0.3492 -0.3481 -0.3462 -0.3436 -0.3404 -0.3366 -0.3324 -0.3278 -0.3228 -0.3174 -0.3117 -0.3022
-0.3106 -0.3192 -0.3245 -0.3294 -0.3339 -0.3380 -0.3416 -0.3446 -0.3469 -0.3486 -0.3494 -0.3492 -0.3481 -0.3458 -0.3423 -0.3374 -0.3310 -0.3228 -0.3126 -0.2996 -0.2815 -0.2494 -0.1761 -0.0616 0.0087 0.0481 0.0784 0.1051 0.1311 0.1580 0.1869 0.2210 0.2826 0.0082 -0.2005 -0.2217 -0.2371 -0.2500 -0.2613 -0.2716 -0.2812 -0.2902 -0.2988 -0.3070 -0.3147 -0.3220 -0.3287 -0.3347 -0.3399 -0.3444 -0.3475 -0.3444 -0.3399 -0.3347 -0.3287 -0.3220 -0.3147 -0.3070 -0.2988 -0.2902 -0.2812 -0.2716 -0.2613 -0.2500 -0.2371 -0.2217 -0.2005 0.0082 0.2826 0.2210 0.1869 0.1580 0.1311 0.1051 0.0784 0.0481 0.0087 -0.0616 -0.1761 -0.2494 -0.2815 -0.2996 -0.3126 -0.3228 -0.3310 -0.3374 -0.3423 -0.3458 -0.3481 -0.3492 -0.3494 -0.3486 -0.3469 -0.3446 -0.3416 -0.3380 -0.3339 -0.3294 -0.3245 -0.3192 -0.3106
-0.3186 -0.3261 -0.3309 -0.3353 -0.3392 -0.3426 -0.3454 -0.3476 -0.3489 -0.3494 -0.3490 -0.3475 -0.3448 -0.3409 -0.3356 -0.3287 -0.3202 -0.3096 -0.2960 -0.2764 -0.2398 -0.1581 -0.0486 0.0141 0.0510 0.0800 0.1059 0.1311 0.1571 0.1853 0.2179 0.2728 0.0567 -0.1888 -0.2191 -0.2349 -0.2479 -0.2593 -0.2697 -0.2793 -0.2883 -0.2969 -0.3051 -0.3129 -0.3202 -0.3271 -0.3332 -0.3387 -0.3432 -0.3470 -0.3498 -0.3470 -0.3432 -0.3387 -0.3332 -0.3271 -0.3202 -0.3129 -0.3051 -0.2969 -0.2883 -0.2793 -0.2697 -0.2593 -0.2479 -0.2349 -0.2191 -0.1888 0.0567 0.2728 0.2179 0.1853 0.1571 0.1311 0.1059 0.0800 0.0510 0.0141 -0.0486 -0.1581 -0.2398 -0.2764 -0.2960 -0.3096 -0.3202 -0.3287 -0.3356 -0.3409 -0.3448 -0.3475 -0.3490 -0.3494 -0.3489 -0.3476 -0.3454 -0.3426 -0.3392 -0.3353 -0.3309 -0.3261 -0.3186
-0.3262 -0.3324 -0.3367 -0.3404 -0.3436 -0.3462 -0.3481 -0.3492 -0.3494 -0.3486 -0.3467 -0.3436 -0.3392 -0.3335 -0.3262 -0.3172 -0.3059 -0.2914 -0.2694 -0.2261 -0.1336 -0.0334 0.0209 0.0553 0.0831 0.1082 0.1327 0.1580 0.1853 0.2169 0.2682 0.0908 -0.1741 -0.2171 -0.2331 -0.2462 -0.2576 -0.2680 -0.2776 -0.2866 -0.2952 -0.3034 -0.3112 -0.3185 -0.3254 -0.3318 -0.3374 -0.3422 -0.3459 -0.3488 -0.3513 -0.3488 -0.3459 -0.3422 -0.3374 -0.3318 -0.3254 -0.3185 -0.3112 -0.3034 -0.2952 -0.2866 -0.2776 -0.2680 -0.2576 -0.2462 -0.2331 -0.2171 -0.1741 0.0908 0.2682 0.2169 0.1853 0.1580 0.1327 0.1082 0.0831 0.0553 0.0209 -0.0334 -0.1336 -0.2261 -0.2694 -0.2914 -0.3059 -0.3172 -0.3262 -0.3335 -0.3392 -0.3436 -0.3467 -0.3486 -0.3494 -0.3492 -0.3481 -0.3462 -0.3436 -0.3404 -0.3367 -0.3324 -0.3262
-0.3332 -0.3380 -0.3416 -0.3446 -0.3470 -0.3486 -0.3494 -0.3492 -0.3481 -0.3458 -0.3423 -0.3375 -0.3312 -0.3233 -0.3137 -0.3017 -0.2857 -0.2599 -0.2064 -0.1047 -0.0176 0.0287 0.0607 0.0871 0.1114 0.1354 0.1602 0.1869 0.2179 0.2682 0.1028 -0.1664 -0.2159 -0.2318 -0.2449 -0.2563 -0.2666 -0.2762 -0.2852 -0.2938 -0.3019 -0.3097 -0.3170 -0.3240 -0.3304 -0.3361 -0.3411 -0.3450 -0.3478 -0.3499 -0.3519 -0.3499 -0.3478 -0.3450 -0.3411 -0.3361 -0.3304 -0.3240 -0.3170 -0.3097 -0.3019 -0.2938 -0.2852 -0.2762 -0.2666 -0.2563 -0.2449 -0.2318 -0.2159 -0.1664 0.1028 0.2682 0.2179 0.1869 0.1602 0.1354 0.1114 0.0871 0.0607 0.0287 -0.0176 -0.1047 -0.2064 -0.2599 -0.2857 -0.3017 -0.3137 -0.3233 -0.3312 -0.3375 -0.3423 -0.3458 -0.3481 -0.3492 -0.3494 -0.3486 -0.3470 -0.3446 -0.3416 -0.3380 -0.3332
-0.3397 -0.3427 -0.3455 -0.3476 -0.3489 -0.3494 -0.3490 -0.3474 -0.3448 -0.3408 -0.3355 -0.3287 -0.3203 -0.3100 -0.2970 -0.2788 -0.2470 -0.1792 -0.0738 -0.0023 0.0372 0.0668 0.0919 0.1156 0.1391 0.1636 0.1901 0.2210 0.2728 0.0908 -0.1664 -0.2154 -0.2311 -0.2441 -0.2554 -0.2656 -0.2750 -0.2840 -0.2925 -0.3006 -0.3084 -0.3157 -0.3227 -0.3291 -0.3349 -0.3400 -0.3442 -0.3473 -0.3490 -0.3500 -0.3517 -0.3500 -0.3490 -0.3473 -0.3442 -0.3400 -0.3349 -0.3291 -0.3227 -0.3157 -0.3084 -0.3006 -0.2925 -0.2840 -0.2750 -0.2656 -0.2554 -0.2441 -0.2311 -0.2154 -0.1664 0.0908 0.2728 0.2210 0.1901 0.1636 0.1391 0.1156 0.0919 0.0668 0.0372 -0.0023 -0.0738 -0.1792 -0.2470 -0.2788 -0.2970 -0.3100 -0.3203 -0.3287 -0.3355 -0.3408 -0.3448 -0.3474 -0.3490 -0.3494 -0.3489 -0.3476 -0.3455 -0.3427 -0.3397
-0.3454 -0.3463 -0.3481 -0.3492 -0.3494 -0.3486 -0.3467 -0.3436 -0.3392 -0.3334 -0.3261 -0.3171 -0.3060 -0.2916 -0.2703 -0.2297 -0.1448 -0.0449 0.0121 0.0465 0.0737 0.0977 0.1207 0.1438 0.1680 0.1944 0.2257 0.2826 0.0567 -0.1741 -0.2159 -0.2311 -0.2438 -0.2548 -0.2649 -0.2742 -0.2831 -0.2915 -0.2996 -0.3073 -0.3146 -0.3215 -0.3280 -0.3338 -0.3391 -0.3434 -0.3467 -0.3488 -0.3494 -0.3491 -0.3503 -0.3491 -0.3494 -0.3488 -0.3467 -0.3434 -0.3391 -0.3338 -0.3280 -0.3215 -0.3146 -0.3073 -0.2996 -0.2915 -0.2831 -0.2742 -0.2649 -0.2548 -0.2438 -0.2311 -0.2159 -0.1741 0.0567 0.2826 0.2257 0.1944 0.1680 0.1438 0.1207 0.0977 0.0737 0.0465 0.0121 -0.0449 -0.1448 -0.2297 -0.2703 -0.2916 -0.3060 -0.3171 -0.3261 -0.3334 -0.3392 -0.3436 -0.3467 -0.3486 -0.3494 -0.3492 -0.3481 -0.3463 -0.3454
-0.3503 -0.3487 -0.3494 -0.3492 -0.3481 -0.3458 -0.3423 -0.3374 -0.3311 -0.3232 -0.3136 -0.3016 -0.2856 -0.2599 -0.2071 -0.1080 -0.0214 0.0250 0.0560 0.0814 0.1043 0.1266 0.1493 0.1733 0.1998 0.2322 0.2834 0.0082 -0.1888 -0.2171 -0.2318 -0.2441 -0.2548 -0.2647 -0.2738 -0.2825 -0.2908 -0.2987 -0.3064 -0.3137 -0.3205 -0.3270 -0.3329 -0.3382 -0.3426 -0.3461 -0.3484 -0.3494 -0.3486 -0.3471 -0.3478 -0.3471 -0.3486 -0.3494 -0.3484 -0.3461 -0.3426 -0.3382 -0.3329 -0.3270 -0.3205 -0.3137 -0.3064 -0.2987 -0.2908 -0.2825 -0.2738 -0.2647 -0.2548 -0.2441 -0.2318 -0.2171 -0.1888 0.0082 0.2834 0.2322 0.1998 0.1733 0.1493 0.1266 0.1043 0.0814 0.0560 0.0250 -0.0214 -0.1080 -0.2071 -0.2599 -0.2856 -0.3016 -0.3136 -0.3232 -0.3311 -0.3374 -0.3423 -0.3458 -0.3481 -0.3492 -0.3494 -0.3487 -0.3503
-0.3541 -0.3496 -0.3489 -0.3474 -0.3447 -0.3408 -0.3354 -0.3286 -0.3202 -0.3099 -0.2968 -0.2785 -0.2465 -0.1782 -0.0734 -0.0027 0.0363 0.0650 0.0892 0.1116 0.1334 0.1559 0.1799 0.2066 0.2411 0.2628 -0.0434 -0.2005 -0.2191 -0.2331 -0.2449 -0.2554 -0.2649 -0.2738 -0.2823 -0.2904 -0.2982 -0.3057 -0.3130 -0.3198 -0.3262 -0.3321 -0.3374 -0.3419 -0.3455 -0.3481 -0.3493 -0.3490 -0.3468 -0.3439 -0.3440 -0.3439 -0.3468 -0.3490 -0.3493 -0.3481 -0.3455 -0.3419 -0.3374 -0.3321 -0.3262 -0.3198 -0.3130 -0.3057 -0.2982 -0.2904 -0.2823 -0.2738 -0.2649 -0.2554 -0.2449 -0.2331 -0.2191 -0.2005 -0.0434 0.2628 0.2411 0.2066 0.1799 0.1559 0.1334 0.1116 0.0892 0.0650 0.0363 -0.0027 -0.0734 -0.1782 -0.2465 -0.2785 -0.2968 -0.3099 -0.3202 -0.3286 -0.3354 -0.3408 -0.3447 -0.3474 -0.3489 -0.3496 -0.3541
-0.3567 -0.3488 -0.3466 -0.3435 -0.3391 -0.3333 -0.3260 -0.3170 -0.3058 -0.2915 -0.2700 -0.2291 -0.1437 -0.0441 0.0125 0.0467 0.0735 0.0969 0.1189 0.1408 0.1633 0.1875 0.2149 0.2538 0.2189 -0.0898 -0.2049 -0.2217 -0.2349 -0.2462 -0.2563 -0.2656 -0.2742 -0.2825 -0.2904 -0.2980 -0.3054 -0.3125 -0.3192 -0.3256 -0.3314 -0.3367 -0.3413 -0.3450 -0.3478 -0.3492 -0.3492 -0.3474 -0.3437 -0.3392 -0.3386 -0.3392 -0.3437 -0.3474 -0.3492 -0.3492 -0.3478 -0.3450 -0.3413 -0.3367 -0.3314 -0.3256 -0.3192 -0.3125 -0.3054 -0.2980 -0.2904 -0.2825 -0.2742 -0.2656 -0.2563 -0.2462 -0.2349 -0.2217 -0.2049 -0.0898 0.2189 0.2538 0.2149 0.1875 0.1633 0.1408 0.1189 0.0969 0.0735 0.0467 0.0125 -0.0441 -0.1437 -0.2291 -0.2700 -0.2915 -0.3058 -0.3170 -0.3260 -0.3333 -0.3391 -0.3435 -0.3466 -0.3488 -0.3567
-0.3578 -0.3461 -0.3422 -0.3373 -0.3310 -0.3231 -0.3135 -0.3014 -0.2854 -0.2595 -0.2063 -0.1068 -0.0207 0.0253 0.0563 0.0816 0.1044 0.1263 0.1483 0.1712 0.1960 0.2250 0.2744 0.1365 -0.1312 -0.2091 -0.2247 -0.2371 -0.2479 -0.2576 -0.2666 -0.2750 -0.2831 -0.2908 -0.2982 -0.3054 -0.3123 -0.3189 -0.3252 -0.3310 -0.3362 -0.3408 -0.3446 -0.3474 -0.3491 -0.3493 -0.3479 -0.3446 -0.3391 -0.3329 -0.3317 -0.3329 -0.3391 -0.3446 -0.3479 -0.3493 -0.3491 -0.3474 -0.3446 -0.3408 -0.3362 -0.3310 -0.3252 -0.3189 -0.3123 -0.3054 -0.2982 -0.2908 -0.2831 -0.2750 -0.2666 -0.2576 -0.2479 -0.2371 -0.2247 -0.2091 -0.1312 0.1365 0.2744 0.2250 0.1960 0.1712 0.1483 0.1263 0.1044 0.0816 0.0563 0.0253 -0.0207 -0.1068 -0.2063 -0.2595 -0.2854 -0.3014 -0.3135 -0.3231 -0.3310 -0.3373 -0.3422 -0.3461 -0.3578
-0.3573 -0.3411 -0.3353 -0.3286 -0.3201 -0.3097 -0.2966 -0.2783 -0.2460 -0.1772 -0.0723 -0.0021 0.0366 0.0653 0.0895 0.1118 0.1336 0.1559 0.1793 0.2051 0.2373 0.2769 0.0207 -0.1719 -0.2137 -0.2279 -0.2397 -0.2500 -0.2593 -0.2680 -0.2762 -0.2840 -0.2915 -0.2987 -0.3057 -0.3125 -0.3189 -0.3250 -0.3307 -0.3359 -0.3405 -0.3443 -0.3472 -0.3489 -0.3493 -0.3482 -0.3453 -0.3403 -0.3330 -0.3249 -0.3228 -0.3249 -0.3330 -0.3403 -0.3453 -0.3482 -0.3493 -0.3489 -0.3472 -0.3443 -0.3405 -0.3359 -0.3307 -0.3250 -0.3189 -0.3125 -0.3057 -0.2987 -0.2915 -0.2840 -0.2762 -0.2680 -0.2593 -0.2500 -0.2397 -0.2279 -0.2137 -0.1719 0.0207 0.2769 0.2373 0.2051 0.1793 0.1559 0.1336 0.1118 0.0895 0.0653 0.0366 -0.0021 -0.0723 -0.1772 -0.2460 -0.2783 -0.2966 -0.3097 -0.3201 -0.3286 -0.3353 -0.3411 -0.3573
-0.3548 -0.3338 -0.3259 -0.3168 -0.3057 -0.2913 -0.2697 -0.2284 -0.1425 -0.0432 0.0130 0.0470 0.0738 0.0971 0.1192 0.1411 0.1636 0.1876 0.2147 0.2528 0.2324 -0.0691 -0.1994 -0.2184 -0.2315 -0.2425 -0.2523 -0.2613 -0.2697 -0.2776 -0.2852 -0.2925 -0.2996 -0.3064 -0.3130 -0.3192 -0.3252 -0.3307 -0.3358 -0.3403 -0.3441 -0.3470 -0.3488 -0.3494 -0.3485 -0.3458 -0.3412 -0.3344 -0.3250 -0.3148 -0.3114 -0.3148 -0.3250 -0.3344 -0.3412 -0.3458 -0.3485 -0.3494 -0.3488 -0.3470 -0.3441 -0.3403 -0.3358 -0.3307 -0.3252 -0.3192 -0.3130 -0.3064 -0.2996 -0.2925 -0.2852 -0.2776 -0.2697 -0.2613 -0.2523 -0.2425 -0.2315 -0.2184 -0.1994 -0.0691 0.2324 0.2528 0.2147 0.1876 0.1636 0.1411 0.1192 0.0971 0.0738 0.0470 0.0130 -0.0432 -0.1425 -0.2284 -0.2697 -0.2913 -0.3057 -0.3168 -0.3259 -0.3338 -0.3548
-0.3501 -0.3236 -0.3133 -0.3013 -0.2852 -0.2591 -0.2054 -0.1056 -0.0200 0.0257 0.0566 0.0819 0.1047 0.1265 0.1485 0.1715 0.1963 0.2254 0.2751 0.1388 -0.1269 -0.2080 -0.2231 -0.2352 -0.2456 -0.2549 -0.2635 -0.2716 -0.2793 -0.2866 -0.2938 -0.3006 -0.3073 -0.3137 -0.3198 -0.3256 -0.3310 -0.3359 -0.3403 -0.3440 -0.3469 -0.3488 -0.3494 -0.3486 -0.3462 -0.3419 -0.3355 -0.3267 -0.3149 -0.3019 -0.2952 -0.3019 -0.3149 -0.3267 -0.3355 -0.3419 -0.3462 -0.3486 -0.3494 -0.3488 -0.3469 -0.3440 -0.3403 -0.3359 -0.3310 -0.3256 -0.3198 -0.3137 -0.3073 -0.3006 -0.2938 -0.2866 -0.2793 -0.2716 -0.2635 -0.2549 -0.2456 -0.2352 -0.2231 -0.2080 -0.1269 0.1388 0.2751 0.2254 0.1963 0.1715 0.1485 0.1265 0.1047 0.0819 0.0566 0.0257 -0.0200 -0.1056 -0.2054 -0.2591 -0.2852 -0.3013 -0.3133 -0.3236 -0.3501
-0.3430 -0.3103 -0.2964 -0.2780 -0.2455 -0.1761 -0.0713 -0.0016 0.0370 0.0656 0.0897 0.1121 0.1339 0.1561 0.1796 0.2054 0.2377 0.2767 0.0171 -0.1726 -0.2135 -0.2274 -0.2389 -0.2488 -0.2577 -0.2660 -0.2737 -0.2812 -0.2883 -0.2952 -0.3019 -0.3084 -0.3146 -0.3205 -0.3262 -0.3314 -0.3362 -0.3405 -0.3441 -0.3469 -0.3487 -0.3494 -0.3487 -0.3464 -0.3424 -0.3363 -0.3279 -0.3169 -0.3022 -0.2835 -0.2670 -0.2835 -0.3022 -0.3169 -0.3279 -0.3363 -0.3424 -0.3464 -0.3487 -0.3494 -0.3487 -0.3469 -0.3441 -0.3405 -0.3362 -0.3314 -0.3262 -0.3205 -0.3146 -0.3084 -0.3019 -0.2952 -0.2883 -0.2812 -0.2737 -0.2660 -0.2577 -0.2488 -0.2389 -0.2274 -0.2135 -0.1726 0.0171 0.2767 0.2377 0.2054 0.1796 0.1561 0.1339 0.1121 0.0897 0.0656 0.0370 -0.0016 -0.0713 -0.1761 -0.2455 -0.2780 -0.2964 -0.3103 -0.3430
-0.3329 -0.2919 -0.2694 -0.2278 -0.1413 -0.0424 0.0134 0.0473 0.0740 0.0974 0.1194 0.1413 0.1638 0.1879 0.2150 0.2534 0.2302 -0.0714 -0.2002 -0.2186 -0.2315 -0.2424 -0.2519 -0.2606 -0.2686 -0.2761 -0.2833 -0.2902 -0.2969 -0.3034 -0.3097 -0.3157 -0.3215 -0.3270 -0.3321 -0.3367 -0.3408 -0.3443 -0.3470 -0.3488 -0.3494 -0.3487 -0.3466 -0.3426 -0.3368 -0.3287 -0.3181 -0.3043 -0.2847 -0.2501 -0.2017 -0.2501 -0.2847 -0.3043 -0.3181 -0.3287 -0.3368 -0.3426 -0.3466 -0.3487 -0.3494 -0.3488 -0.3470 -0.3443 -0.3408 -0.3367 -0.3321 -0.3270 -0.3215 -0.3157 -0.3097 -0.3034 -0.2969 -0.2902 -0.2833 -0.2761 -0.2686 -0.2606 -0.2519 -0.2424 -0.2315 -0.2186 -0.2002 -0.0714 0.2302 0.2534 0.2150 0.1879 0.1638 0.1413 0.1194 0.0974 0.0740 0.0473 0.0134 -0.0424 -0.1413 -0.2278 -0.2694 -0.2919 -0.3329
-0.3183 -0.2596 -0.2046 -0.1045 -0.0194 0.0261 0.0569 0.0822 0.1049 0.1268 0.1488 0.1717 0.1966 0.2257 0.2760 0.1350 -0.1285 -0.2082 -0.2232 -0.2353 -0.2457 -0.2549 -0.2633 -0.2712 -0.2786 -0.2856 -0.2923 -0.2988 -0.3051 -0.3112 -0.3170 -0.3227 -0.3280 -0.3329 -0.3374 -0.3413 -0.3446 -0.3472 -0.3488 -0.3494 -0.3487 -0.3466 -0.3427 -0.3370 -0.3292 -0.3190 -0.3057 -0.2872 -0.2544 -0.1730 -0.0818 -0.1730 -0.2544 -0.2872 -0.3057 -0.3190 -0.3292 -0.3370 -0.3427 -0.3466 -0.3487 -0.3494 -0.3488 -0.3472 -0.3446 -0.3413 -0.3374 -0.3329 -0.3280 -0.3227 -0.3170 -0.3112 -0.3051 -0.2988 -0.2923 -0.2856 -0.2786 -0.2712 -0.2633 -0.2549 -0.2457 -0.2353 -0.2232 -0.2082 -0.1285 0.1350 0.2760 0.2257 0.1966 0.1717 0.1488 0.1268 0.1049 0.0822 0.0569 0.0261 -0.0194 -0.1045 -0.2046 -0.2596 -0.3183
-0.2915 -0.1756 -0.0703 -0.0011 0.0373 0.0658 0.0900 0.1123 0.1341 0.1564 0.1798 0.2057 0.2381 0.2765 0.0135 -0.1740 -0.2137 -0.2276 -0.2390 -0.2489 -0.2578 -0.2660 -0.2737 -0.2810 -0.2879 -0.2945 -0.3009 -0.3070 -0.3129 -0.3185 -0.3240 -0.3291 -0.3338 -0.3382 -0.3419 -0.3450 -0.3474 -0.3489 -0.3494 -0.3486 -0.3464 -0.3426 -0.3370 -0.3294 -0.3194 -0.3065 -0.2888 -0.2584 -0.1851 -0.0571 -0.0006 -0.0571 -0.1851 -0.2584 -0.2888 -0.3065 -0.3194 -0.3294 -0.3370 -0.3426 -0.3464 -0.3486 -0.3494 -0.3489 -0.3474 -0.3450 -0.3419 -0.3382 -0.3338 -0.3291 -0.3240 -0.3185 -0.3129 -0.3070 -0.3009 -0.2945 -0.2879 -0.2810 -0.2737 -0.2660 -0.2578 -0.2489 -0.2390 -0.2276 -0.2137 -0.1740 0.0135 0.2765 0.2381 0.2057 0.1798 0.1564 0.1341 0.1123 0.0900 0.0658 0.0373 -0.0011 -0.0703 -0.1756 -0.2915
-0.2128 -0.0413 0.0139 0.0476 0.0743 0.0976 0.1197 0.1415 0.1641 0.1882 0.2154 0.2540 0.2279 -0.0736 -0.2011 -0.2187 -0.2316 -0.2425 -0.2520 -0.2607 -0.2687 -0.2762 -0.2833 -0.2902 -0.2967 -0.3030 -0.3090 -0.3147 -0.3202 -0.3254 -0.3304 -0.3349 -0.3391 -0.3426 -0.3455 -0.3478 -0.3491 -0.3493 -0.3485 -0.3462 -0.3424 -0.3368 -0.3292 -0.3194 -0.3068 -0.2897 -0.2608 -0.1927 -0.0683 0.0110 0.0412 0.0110 -0.0683 -0.1927 -0.2608 -0.2897 -0.3068 -0.3194 -0.3292 -0.3368 -0.3424 -0.3462 -0.3485 -0.3493 -0.3491 -0.3478 -0.3455 -0.3426 -0.3391 -0.3349 -0.3304 -0.3254 -0.3202 -0.3147 -0.3090 -0.3030 -0.2967 -0.2902 -0.2833 -0.2762 -0.2687 -0.2607 -0.2520 -0.2425 -0.2316 -0.2187 -0.2011 -0.0736 0.2279 0.2540 0.2154 0.1882 0.1641 0.1415 0.1197 0.0976 0.0743 0.0476 0.0139 -0.0413 -0.2128
-0.0455 0.0266 0.0572 0.0824 0.1051 0.1270 0.1490 0.1720 0.1969 0.2261 0.2769 0.1312 -0.1301 -0.2084 -0.2234 -0.2355 -0.2458 -0.2550 -0.2634 -0.2713 -0.2786 -0.2857 -0.2924 -0.2988 -0.3050 -0.3110 -0.3166 -0.3220 -0.3271 -0.3318 -0.3361 -0.3400 -0.3434 -0.3461 -0.3481 -0.3492 -0.3493 -0.3482 -0.3458 -0.3419 -0.3363 -0.3287 -0.3190 -0.3065 -0.2897 -0.2616 -0.1964 -0.0743 0.0065 0.0494 0.0721 0.0494 0.0065 -0.0743 -0.1964 -0.2616 -0.2897 -0.3065 -0.3190 -0.3287 -0.3363 -0.3419 -0.3458 -0.3482 -0.3493 -0.3492 -0.3481 -0.3461 -0.3434 -0.3400 -0.3361 -0.3318 -0.3271 -0.3220 -0.3166 -0.3110 -0.3050 -0.2988 -0.2924 -0.2857 -0.2786 -0.2713 -0.2634 -0.2550 -0.2458 -0.2355 -0.2234 -0.2084 -0.1301 0.1312 0.2769 0.2261 0.1969 0.1720 0.1490 0.1270 0.1051 0.0824 0.0572 0.0266 -0.0455
0.0383 0.0661 0.0902 0.1125 0.1344 0.1566 0.1801 0.2060 0.2386 0.2763 0.0100 -0.1754 -0.2139 -0.2277 -0.2391 -0.2490 -0.2579 -0.2661 -0.2738 -0.2810 -0.2880 -0.2946 -0.3009 -0.3070 -0.3129 -0.3185 -0.3237 -0.3287 -0.3332 -0.3374 -0.3411 -0.3442 -0.3467 -0.3484 -0.3493 -0.3492 -0.3479 -0.3453 -0.3412 -0.3355 -0.3279 -0.3181 -0.3057 -0.2888 -0.2608 -0.1964 -0.0765 0.0046 0.0470 0.0792 0.0986 0.0792 0.0470 0.0046 -0.0765 -0.1964 -0.2608 -0.2888 -0.3057 -0.3181 -0.3279 -0.3355 -0.3412 -0.3453 -0.3479 -0.3492 -0.3493 -0.3484 -0.3467 -0.3442 -0.3411 -0.3374 -0.3332 -0.3287 -0.3237 -0.3185 -0.3129 -0.3070 -0.3009 -0.2946 -0.2880 -0.2810 -0.2738 -0.2661 -0.2579 -0.2490 -0.2391 -0.2277 -0.2139 -0.1754 0.0100 0.2763 0.2386 0.2060 0.1801 0.1566 0.1344 0.1125 0.0902 0.0661 0.0383
0.0818 0.0979 0.1199 0.1418 0.1643 0.1885 0.2157 0.2546 0.2256 -0.0757 -0.2019 -0.2189 -0.2318 -0.2426 -0.2521 -0.2607 -0.2688 -0.2763 -0.2834 -0.2902 -0.2968 -0.3030 -0.3090 -0.3148 -0.3203 -0.3254 -0.3303 -0.3347 -0.3387 -0.3422 -0.3450 -0.3473 -0.3488 -0.3494 -0.3490 -0.3474 -0.3446 -0.3403 -0.3344 -0.3267 -0.3169 -0.3043 -0.2872 -0.2584 -0.1927 -0.0743 0.0046 0.0464 0.0777 0.1055 0.1238 0.1055 0.0777 0.0464 0.0046 -0.0743 -0.1927 -0.2584 -0.2872 -0.3043 -0.3169 -0.3267 -0.3344 -0.3403 -0.3446 -0.3474 -0.3490 -0.3494 -0.3488 -0.3473 -0.3450 -0.3422 -0.3387 -0.3347 -0.3303 -0.3254 -0.3203 -0.3148 -0.3090 -0.3030 -0.2968 -0.2902 -0.2834 -0.2763 -0.2688 -0.2607 -0.2521 -0.2426 -0.2318 -0.2189 -0.2019 -0.0757 0.2256 0.2546 0.2157 0.1885 0.1643 0.1418 0.1199 0.0979 0.0818
0.1163 0.1273 0.1493 0.1723 0.1972 0.2264 0.2762 0.1270 -0.1318 -0.2087 -0.2236 -0.2356 -0.2460 -0.2551 -0.2636 -0.2714 -0.2788 -0.2858 -0.2925 -0.2989 -0.3051 -0.3110 -0.3167 -0.3221 -0.3271 -0.3318 -0.3361 -0.3399 -0.3432 -0.3459 -0.3478 -0.3490 -0.3494 -0.3486 -0.3468 -0.3437 -0.3391 -0.3330 -0.3250 -0.3149 -0.3022 -0.2847 -0.2544 -0.1851 -0.0683 0.0065 0.0470 0.0777 0.1046 0.1309 0.1493 0.1309 0.1046 0.0777 0.0470 0.0065 -0.0683 -0.1851 -0.2544 -0.2847 -0.3022 -0.3149 -0.3250 -0.3330 -0.3391 -0.3437 -0.3468 -0.3486 -0.3494 -0.3490 -0.3478 -0.3459 -0.3432 -0.3399 -0.3361 -0.3318 -0.3271 -0.3221 -0.3167 -0.3110 -0.3051 -0.2989 -0.2925 -0.2858 -0.2788 -0.2714 -0.2636 -0.2551 -0.2460 -0.2356 -0.2236 -0.2087 -0.1318 0.1270 0.2762 0.2264 0.1972 0.1723 0.1493 0.1273 0.1163
0.1491 0.1575 0.1810 0.2066 0.2351 0.2664 0.0121 -0.1746 -0.2132 -0.2272 -0.2387 -0.2486 -0.2576 -0.2658 -0.2735 -0.2808 -0.2877 -0.2944 -0.3008 -0.3069 -0.3128 -0.3184 -0.3237 -0.3287 -0.3333 -0.3375 -0.3413 -0.3444 -0.3470 -0.3488 -0.3499 -0.3500 -0.3491 -0.3471 -0.3439 -0.3392 -0.3329 -0.3249 -0.3148 -0.3019 -0.2835 -0.2501 -0.1730 -0.0571 0.0110 0.0494 0.0792 0.1055 0.1309 0.1574 0.1766 0.1574 0.1309 0.1055 0.0792 0.0494 0.0110 -0.0571 -0.1730 -0.2501 -0.2835 -0.3019 -0.3148 -0.3249 -0.3329 -0.3392 -0.3439 -0.3471 -0.3491 -0.3500 -0.3499 -0.3488 -0.3470 -0.3444 -0.3413 -0.3375 -0.3333 -0.3287 -0.3237 -0.3184 -0.3128 -0.3069 -0.3008 -0.2944 -0.2877 -0.2808 -0.2735 -0.2658 -0.2576 -0.2486 -0.2387 -0.2272 -0.2132 -0.1746 0.0121 0.2664 0.2351 0.2066 0.1810 0.1575 0.1491
0.1717 0.1790 0.2044 0.2317 0.2519 0.0567 -0.1766 -0.2078 -0.2230 -0.2352 -0.2456 -0.2548 -0.2633 -0.2712 -0.2786 -0.2857 -0.2925 -0.2990 -0.3053 -0.3113 -0.3171 -0.3226 -0.3278 -0.3326 -0.3371 -0.3411 -0.3446 -0.3475 -0.3498 -0.3513 -0.3519 -0.3517 -0.3503 -0.3478 -0.3440 -0.3386 -0.3317 -0.3228 -0.3114 -0.2952 -0.2670 -0.2017 -0.0818 -0.0006 0.0412 0.0721 0.0986 0.1238 0.1493 0.1766 0.1963 0.1766 0.1493 0.1238 0.0986 0.0721 0.0412 -0.0006 -0.0818 -0.2017 -0.2670 -0.2952 -0.3114 -0.3228 -0.3317 -0.3386 -0.3440 -0.3478 -0.3503 -0.3517 -0.3519 -0.3513 -0.3498 -0.3475 -0.3446 -0.3411 -0.3371 -0.3326 -0.3278 -0.3226 -0.3171 -0.3113 -0.3053 -0.2990 -0.2925 -0.2857 -0.2786 -0.2712 -0.2633 -0.2548 -0.2456 -0.2352 -0.2230 -0.2078 -0.1766 0.0567 0.2519 0.2317 0.2044 0.1790 0.1717
