0.0599 0.0542 0.0544 0.0555 0.0572 0.0595 0.0623 0.0656 0.0695 0.0740 0.0791 0.0849 0.0914 0.0988 0.1071 0.1164 0.1268 0.1384 0.1513 0.1656 0.1813 0.1986 0.2175 0.2378 0.2596 0.2826 0.3064 0.3298 0.3479 0.3492 0.3367 0.3161 0.2893 0.2563 0.2168 0.1693 0.1101 0.0596 0.0542 0.0544 0.0554 0.0571 0.0593 0.0621 0.0654 0.0693 0.0737 0.0788 0.0846 0.0907 0.0941 0.0907 0.0846 0.0788 0.0737 0.0693 0.0654 0.0621 0.0593 0.0571 0.0554 0.0544 0.0542 0.0596 0.1101 0.1693 0.2168 0.2563 0.2893 0.3161 0.3367 0.3492 0.3479 0.3298 0.3064 0.2826 0.2596 0.2378 0.2175 0.1986 0.1813 0.1656 0.1513 0.1384 0.1268 0.1164 0.1071 0.0988 0.0914 0.0849 0.0791 0.0740 0.0695 0.0656 0.0623 0.0595 0.0572 0.0555 0.0544 0.0542 0.0599
0.0542 0.0550 0.0563 0.0582 0.0607 0.0636 0.0671 0.0712 0.0759 0.0812 0.0872 0.0939 0.1015 0.1100 0.1195 0.1301 0.1418 0.1548 0.1691 0.1847 0.2016 0.2198 0.2392 0.2597 0.2809 0.3025 0.3230 0.3376 0.3379 0.3267 0.3082 0.2837 0.2534 0.2172 0.1743 0.1227 0.0660 0.0544 0.0548 0.0561 0.0580 0.0605 0.0634 0.0669 0.0709 0.0756 0.0808 0.0868 0.0936 0.1007 0.1049 0.1007 0.0936 0.0868 0.0808 0.0756 0.0709 0.0669 0.0634 0.0605 0.0580 0.0561 0.0548 0.0544 0.0660 0.1227 0.1743 0.2172 0.2534 0.2837 0.3082 0.3267 0.3379 0.3376 0.3230 0.3025 0.2809 0.2597 0.2392 0.2198 0.2016 0.1847 0.1691 0.1548 0.1418 0.1301 0.1195 0.1100 0.1015 0.0939 0.0872 0.0812 0.0759 0.0712 0.0671 0.0636 0.0607 0.0582 0.0563 0.0550 0.0542
0.0544 0.0563 0.0581 0.0603 0.0631 0.0664 0.0703 0.0748 0.0799 0.0857 0.0923 0.0997 0.1080 0.1172 0.1275 0.1390 0.1517 0.1656 0.1809 0.1975 0.2154 0.2345 0.2546 0.2756 0.2971 0.3181 0.3350 0.3391 0.3303 0.3135 0.2904 0.2616 0.2269 0.1858 0.1368 0.0776 0.0549 0.0546 0.0558 0.0575 0.0598 0.0627 0.0660 0.0700 0.0744 0.0796 0.0854 0.0919 0.0993 0.1071 0.1117 0.1071 0.0993 0.0919 0.0854 0.0796 0.0744 0.0700 0.0660 0.0627 0.0598 0.0575 0.0558 0.0546 0.0549 0.0776 0.1368 0.1858 0.2269 0.2616 0.2904 0.3135 0.3303 0.3391 0.3350 0.3181 0.2971 0.2756 0.2546 0.2345 0.2154 0.1975 0.1809 0.1656 0.1517 0.1390 0.1275 0.1172 0.1080 0.0997 0.0923 0.0857 0.0799 0.0748 0.0703 0.0664 0.0631 0.0603 0.0581 0.0563 0.0544
0.0555 0.0582 0.0603 0.0629 0.0659 0.0696 0.0738 0.0787 0.0843 0.0906 0.0978 0.1058 0.1148 0.1248 0.1360 0.1483 0.1620 0.1769 0.1932 0.2107 0.2295 0.2495 0.2703 0.2917 0.3130 0.3315 0.3396 0.3334 0.3184 0.2968 0.2694 0.2362 0.1969 0.1501 0.0923 0.0562 0.0545 0.0554 0.0570 0.0592 0.0619 0.0652 0.0689 0.0733 0.0782 0.0838 0.0902 0.0973 0.1053 0.1139 0.1188 0.1139 0.1053 0.0973 0.0902 0.0838 0.0782 0.0733 0.0689 0.0652 0.0619 0.0592 0.0570 0.0554 0.0545 0.0562 0.0923 0.1501 0.1969 0.2362 0.2694 0.2968 0.3184 0.3334 0.3396 0.3315 0.3130 0.2917 0.2703 0.2495 0.2295 0.2107 0.1932 0.1769 0.1620 0.1483 0.1360 0.1248 0.1148 0.1058 0.0978 0.0906 0.0843 0.0787 0.0738 0.0696 0.0659 0.0629 0.0603 0.0582 0.0555
0.0572 0.0607 0.0631 0.0659 0.0693 0.0733 0.0779 0.0832 0.0892 0.0961 0.1038 0.1125 0.1222 0.1331 0.1451 0.1584 0.1730 0.1889 0.2062 0.2247 0.2443 0.2650 0.2863 0.3077 0.3274 0.3391 0.3359 0.3228 0.3028 0.2768 0.2452 0.2074 0.1627 0.1081 0.0593 0.0544 0.0551 0.0566 0.0586 0.0612 0.0643 0.0679 0.0721 0.0769 0.0823 0.0885 0.0954 0.1032 0.1119 0.1212 0.1266 0.1212 0.1119 0.1032 0.0954 0.0885 0.0823 0.0769 0.0721 0.0679 0.0643 0.0612 0.0586 0.0566 0.0551 0.0544 0.0593 0.1081 0.1627 0.2074 0.2452 0.2768 0.3028 0.3228 0.3359 0.3391 0.3274 0.3077 0.2863 0.2650 0.2443 0.2247 0.2062 0.1889 0.1730 0.1584 0.1451 0.1331 0.1222 0.1125 0.1038 0.0961 0.0892 0.0832 0.0779 0.0733 0.0693 0.0659 0.0631 0.0607 0.0572
0.0595 0.0636 0.0664 0.0696 0.0733 0.0776 0.0826 0.0883 0.0948 0.1022 0.1105 0.1198 0.1303 0.1420 0.1550 0.1692 0.1848 0.2017 0.2199 0.2393 0.2597 0.2809 0.3024 0.3229 0.3375 0.3379 0.3268 0.3084 0.2839 0.2537 0.2175 0.1747 0.1232 0.0664 0.0544 0.0548 0.0561 0.0580 0.0605 0.0635 0.0670 0.0710 0.0756 0.0809 0.0869 0.0936 0.1011 0.1096 0.1191 0.1292 0.1351 0.1292 0.1191 0.1096 0.1011 0.0936 0.0869 0.0809 0.0756 0.0710 0.0670 0.0635 0.0605 0.0580 0.0561 0.0548 0.0544 0.0664 0.1232 0.1747 0.2175 0.2537 0.2839 0.3084 0.3268 0.3379 0.3375 0.3229 0.3024 0.2809 0.2597 0.2393 0.2199 0.2017 0.1848 0.1692 0.1550 0.1420 0.1303 0.1198 0.1105 0.1022 0.0948 0.0883 0.0826 0.0776 0.0733 0.0696 0.0664 0.0636 0.0595
0.0623 0.0671 0.0703 0.0738 0.0779 0.0826 0.0879 0.0941 0.1011 0.1090 0.1180 0.1281 0.1393 0.1518 0.1656 0.1808 0.1973 0.2152 0.2343 0.2545 0.2755 0.2970 0.3179 0.3349 0.3392 0.3304 0.3137 0.2906 0.2618 0.2272 0.1862 0.1373 0.0781 0.0549 0.0546 0.0558 0.0575 0.0598 0.0627 0.0660 0.0699 0.0744 0.0795 0.0853 0.0918 0.0992 0.1074 0.1166 0.1269 0.1378 0.1442 0.1378 0.1269 0.1166 0.1074 0.0992 0.0918 0.0853 0.0795 0.0744 0.0699 0.0660 0.0627 0.0598 0.0575 0.0558 0.0546 0.0549 0.0781 0.1373 0.1862 0.2272 0.2618 0.2906 0.3137 0.3304 0.3392 0.3349 0.3179 0.2970 0.2755 0.2545 0.2343 0.2152 0.1973 0.1808 0.1656 0.1518 0.1393 0.1281 0.1180 0.1090 0.1011 0.0941 0.0879 0.0826 0.0779 0.0738 0.0703 0.0671 0.0623
0.0656 0.0712 0.0748 0.0787 0.0832 0.0883 0.0941 0.1007 0.1083 0.1168 0.1264 0.1372 0.1492 0.1625 0.1772 0.1933 0.2107 0.2294 0.2493 0.2701 0.2915 0.3128 0.3314 0.3396 0.3335 0.3185 0.2970 0.2696 0.2365 0.1972 0.1505 0.0928 0.0562 0.0545 0.0554 0.0570 0.0592 0.0619 0.0651 0.0689 0.0732 0.0782 0.0838 0.0901 0.0972 0.1052 0.1142 0.1241 0.1353 0.1471 0.1540 0.1471 0.1353 0.1241 0.1142 0.1052 0.0972 0.0901 0.0838 0.0782 0.0732 0.0689 0.0651 0.0619 0.0592 0.0570 0.0554 0.0545 0.0562 0.0928 0.1505 0.1972 0.2365 0.2696 0.2970 0.3185 0.3335 0.3396 0.3314 0.3128 0.2915 0.2701 0.2493 0.2294 0.2107 0.1933 0.1772 0.1625 0.1492 0.1372 0.1264 0.1168 0.1083 0.1007 0.0941 0.0883 0.0832 0.0787 0.0748 0.0712 0.0656
0.0695 0.0759 0.0799 0.0843 0.0892 0.0948 0.1011 0.1083 0.1164 0.1255 0.1358 0.1473 0.1600 0.1742 0.1898 0.2067 0.2249 0.2444 0.2649 0.2861 0.3075 0.3273 0.3390 0.3360 0.3230 0.3030 0.2771 0.2454 0.2077 0.1631 0.1086 0.0594 0.0544 0.0551 0.0566 0.0586 0.0612 0.0643 0.0679 0.0721 0.0769 0.0823 0.0884 0.0954 0.1031 0.1118 0.1215 0.1323 0.1443 0.1570 0.1646 0.1570 0.1443 0.1323 0.1215 0.1118 0.1031 0.0954 0.0884 0.0823 0.0769 0.0721 0.0679 0.0643 0.0612 0.0586 0.0566 0.0551 0.0544 0.0594 0.1086 0.1631 0.2077 0.2454 0.2771 0.3030 0.3230 0.3360 0.3390 0.3273 0.3075 0.2861 0.2649 0.2444 0.2249 0.2067 0.1898 0.1742 0.1600 0.1473 0.1358 0.1255 0.1164 0.1083 0.1011 0.0948 0.0892 0.0843 0.0799 0.0759 0.0695
0.0740 0.0812 0.0857 0.0906 0.0961 0.1022 0.1090 0.1168 0.1255 0.1353 0.1462 0.1584 0.1720 0.1870 0.2034 0.2211 0.2400 0.2601 0.2810 0.3023 0.3227 0.3374 0.3380 0.3270 0.3086 0.2841 0.2540 0.2179 0.1751 0.1237 0.0667 0.0544 0.0548 0.0561 0.0580 0.0605 0.0634 0.0669 0.0710 0.0756 0.0809 0.0868 0.0935 0.1011 0.1095 0.1190 0.1295 0.1412 0.1541 0.1678 0.1759 0.1678 0.1541 0.1412 0.1295 0.1190 0.1095 0.1011 0.0935 0.0868 0.0809 0.0756 0.0710 0.0669 0.0634 0.0605 0.0580 0.0561 0.0548 0.0544 0.0667 0.1237 0.1751 0.2179 0.2540 0.2841 0.3086 0.3270 0.3380 0.3374 0.3227 0.3023 0.2810 0.2601 0.2400 0.2211 0.2034 0.1870 0.1720 0.1584 0.1462 0.1353 0.1255 0.1168 0.1090 0.1022 0.0961 0.0906 0.0857 0.0812 0.0740
0.0791 0.0872 0.0923 0.0978 0.1038 0.1105 0.1180 0.1264 0.1358 0.1462 0.1579 0.1708 0.1852 0.2010 0.2181 0.2365 0.2560 0.2765 0.2974 0.3180 0.3348 0.3392 0.3305 0.3138 0.2908 0.2621 0.2275 0.1866 0.1377 0.0785 0.0549 0.0546 0.0557 0.0575 0.0598 0.0626 0.0660 0.0699 0.0744 0.0795 0.0853 0.0918 0.0991 0.1073 0.1165 0.1267 0.1381 0.1507 0.1646 0.1793 0.1880 0.1793 0.1646 0.1507 0.1381 0.1267 0.1165 0.1073 0.0991 0.0918 0.0853 0.0795 0.0744 0.0699 0.0660 0.0626 0.0598 0.0575 0.0557 0.0546 0.0549 0.0785 0.1377 0.1866 0.2275 0.2621 0.2908 0.3138 0.3305 0.3392 0.3348 0.3180 0.2974 0.2765 0.2560 0.2365 0.2181 0.2010 0.1852 0.1708 0.1579 0.1462 0.1358 0.1264 0.1180 0.1105 0.1038 0.0978 0.0923 0.0872 0.0791
0.0849 0.0939 0.0997 0.1058 0.1125 0.1198 0.1281 0.1372 0.1473 0.1584 0.1708 0.1846 0.1996 0.2161 0.2339 0.2528 0.2727 0.2933 0.3138 0.3318 0.3396 0.3335 0.3186 0.2972 0.2699 0.2368 0.1975 0.1509 0.0933 0.0563 0.0545 0.0554 0.0570 0.0592 0.0619 0.0651 0.0689 0.0732 0.0781 0.0837 0.0901 0.0972 0.1052 0.1141 0.1240 0.1351 0.1474 0.1609 0.1758 0.1915 0.2009 0.1915 0.1758 0.1609 0.1474 0.1351 0.1240 0.1141 0.1052 0.0972 0.0901 0.0837 0.0781 0.0732 0.0689 0.0651 0.0619 0.0592 0.0570 0.0554 0.0545 0.0563 0.0933 0.1509 0.1975 0.2368 0.2699 0.2972 0.3186 0.3335 0.3396 0.3318 0.3138 0.2933 0.2727 0.2528 0.2339 0.2161 0.1996 0.1846 0.1708 0.1584 0.1473 0.1372 0.1281 0.1198 0.1125 0.1058 0.0997 0.0939 0.0849
0.0914 0.1015 0.1080 0.1148 0.1222 0.1303 0.1393 0.1492 0.1600 0.1720 0.1852 0.1996 0.2154 0.2324 0.2507 0.2700 0.2901 0.3104 0.3289 0.3392 0.3357 0.3226 0.3029 0.2772 0.2457 0.2081 0.1635 0.1091 0.0596 0.0544 0.0551 0.0565 0.0586 0.0611 0.0642 0.0679 0.0720 0.0768 0.0823 0.0884 0.0953 0.1031 0.1117 0.1214 0.1322 0.1442 0.1574 0.1719 0.1878 0.2045 0.2146 0.2045 0.1878 0.1719 0.1574 0.1442 0.1322 0.1214 0.1117 0.1031 0.0953 0.0884 0.0823 0.0768 0.0720 0.0679 0.0642 0.0611 0.0586 0.0565 0.0551 0.0544 0.0596 0.1091 0.1635 0.2081 0.2457 0.2772 0.3029 0.3226 0.3357 0.3392 0.3289 0.3104 0.2901 0.2700 0.2507 0.2324 0.2154 0.1996 0.1852 0.1720 0.1600 0.1492 0.1393 0.1303 0.1222 0.1148 0.1080 0.1015 0.0914
0.0988 0.1100 0.1172 0.1248 0.1331 0.1420 0.1518 0.1625 0.1742 0.1870 0.2010 0.2161 0.2324 0.2499 0.2685 0.2880 0.3078 0.3265 0.3385 0.3372 0.3258 0.3075 0.2834 0.2537 0.2179 0.1752 0.1241 0.0670 0.0544 0.0548 0.0561 0.0580 0.0604 0.0634 0.0669 0.0709 0.0756 0.0808 0.0868 0.0935 0.1010 0.1095 0.1189 0.1294 0.1411 0.1539 0.1681 0.1836 0.2005 0.2181 0.2290 0.2181 0.2005 0.1836 0.1681 0.1539 0.1411 0.1294 0.1189 0.1095 0.1010 0.0935 0.0868 0.0808 0.0756 0.0709 0.0669 0.0634 0.0604 0.0580 0.0561 0.0548 0.0544 0.0670 0.1241 0.1752 0.2179 0.2537 0.2834 0.3075 0.3258 0.3372 0.3385 0.3265 0.3078 0.2880 0.2685 0.2499 0.2324 0.2161 0.2010 0.1870 0.1742 0.1625 0.1518 0.1420 0.1331 0.1248 0.1172 0.1100 0.0988
0.1071 0.1195 0.1275 0.1360 0.1451 0.1550 0.1656 0.1772 0.1898 0.2034 0.2181 0.2339 0.2507 0.2685 0.2873 0.3065 0.3248 0.3377 0.3381 0.3282 0.3112 0.2884 0.2602 0.2263 0.1858 0.1374 0.0787 0.0549 0.0546 0.0557 0.0575 0.0598 0.0626 0.0660 0.0699 0.0743 0.0794 0.0852 0.0917 0.0990 0.1072 0.1164 0.1266 0.1380 0.1506 0.1644 0.1796 0.1961 0.2139 0.2325 0.2441 0.2325 0.2139 0.1961 0.1796 0.1644 0.1506 0.1380 0.1266 0.1164 0.1072 0.0990 0.0917 0.0852 0.0794 0.0743 0.0699 0.0660 0.0626 0.0598 0.0575 0.0557 0.0546 0.0549 0.0787 0.1374 0.1858 0.2263 0.2602 0.2884 0.3112 0.3282 0.3381 0.3377 0.3248 0.3065 0.2873 0.2685 0.2507 0.2339 0.2181 0.2034 0.1898 0.1772 0.1656 0.1550 0.1451 0.1360 0.1275 0.1195 0.1071
0.1164 0.1301 0.1390 0.1483 0.1584 0.1692 0.1808 0.1933 0.2067 0.2211 0.2365 0.2528 0.2700 0.2880 0.3065 0.3242 0.3372 0.3386 0.3298 0.3141 0.2925 0.2656 0.2332 0.1947 0.1487 0.0919 0.0563 0.0545 0.0554 0.0570 0.0592 0.0618 0.0651 0.0688 0.0731 0.0781 0.0837 0.0900 0.0971 0.1051 0.1140 0.1240 0.1350 0.1473 0.1608 0.1756 0.1918 0.2093 0.2280 0.2475 0.2597 0.2475 0.2280 0.2093 0.1918 0.1756 0.1608 0.1473 0.1350 0.1240 0.1140 0.1051 0.0971 0.0900 0.0837 0.0781 0.0731 0.0688 0.0651 0.0618 0.0592 0.0570 0.0554 0.0545 0.0563 0.0919 0.1487 0.1947 0.2332 0.2656 0.2925 0.3141 0.3298 0.3386 0.3372 0.3242 0.3065 0.2880 0.2700 0.2528 0.2365 0.2211 0.2067 0.1933 0.1808 0.1692 0.1584 0.1483 0.1390 0.1301 0.1164
0.1268 0.1418 0.1517 0.1620 0.1730 0.1848 0.1973 0.2107 0.2249 0.2400 0.2560 0.2727 0.2901 0.3078 0.3248 0.3372 0.3388 0.3306 0.3158 0.2955 0.2698 0.2388 0.2019 0.1582 0.1044 0.0587 0.0544 0.0551 0.0565 0.0586 0.0611 0.0642 0.0678 0.0720 0.0768 0.0822 0.0883 0.0952 0.1030 0.1117 0.1213 0.1321 0.1441 0.1573 0.1718 0.1876 0.2047 0.2231 0.2428 0.2631 0.2759 0.2631 0.2428 0.2231 0.2047 0.1876 0.1718 0.1573 0.1441 0.1321 0.1213 0.1117 0.1030 0.0952 0.0883 0.0822 0.0768 0.0720 0.0678 0.0642 0.0611 0.0586 0.0565 0.0551 0.0544 0.0587 0.1044 0.1582 0.2019 0.2388 0.2698 0.2955 0.3158 0.3306 0.3388 0.3372 0.3248 0.3078 0.2901 0.2727 0.2560 0.2400 0.2249 0.2107 0.1973 0.1848 0.1730 0.1620 0.1517 0.1418 0.1268
0.1384 0.1548 0.1656 0.1769 0.1889 0.2017 0.2152 0.2294 0.2444 0.2601 0.2765 0.2933 0.3104 0.3265 0.3377 0.3386 0.3306 0.3164 0.2969 0.2725 0.2428 0.2075 0.1656 0.1148 0.0628 0.0543 0.0549 0.0562 0.0580 0.0604 0.0634 0.0669 0.0709 0.0755 0.0808 0.0867 0.0934 0.1010 0.1094 0.1188 0.1293 0.1410 0.1538 0.1680 0.1835 0.2003 0.2184 0.2377 0.2581 0.2791 0.2925 0.2791 0.2581 0.2377 0.2184 0.2003 0.1835 0.1680 0.1538 0.1410 0.1293 0.1188 0.1094 0.1010 0.0934 0.0867 0.0808 0.0755 0.0709 0.0669 0.0634 0.0604 0.0580 0.0562 0.0549 0.0543 0.0628 0.1148 0.1656 0.2075 0.2428 0.2725 0.2969 0.3164 0.3306 0.3386 0.3377 0.3265 0.3104 0.2933 0.2765 0.2601 0.2444 0.2294 0.2152 0.2017 0.1889 0.1769 0.1656 0.1548 0.1384
0.1513 0.1691 0.1809 0.1932 0.2062 0.2199 0.2343 0.2493 0.2649 0.2810 0.2974 0.3138 0.3289 0.3385 0.3381 0.3298 0.3158 0.2969 0.2733 0.2448 0.2109 0.1708 0.1224 0.0679 0.0545 0.0547 0.0559 0.0576 0.0599 0.0627 0.0660 0.0698 0.0743 0.0794 0.0852 0.0917 0.0990 0.1072 0.1163 0.1266 0.1379 0.1505 0.1643 0.1794 0.1959 0.2137 0.2327 0.2528 0.2738 0.2953 0.3090 0.2953 0.2738 0.2528 0.2327 0.2137 0.1959 0.1794 0.1643 0.1505 0.1379 0.1266 0.1163 0.1072 0.0990 0.0917 0.0852 0.0794 0.0743 0.0698 0.0660 0.0627 0.0599 0.0576 0.0559 0.0547 0.0545 0.0679 0.1224 0.1708 0.2109 0.2448 0.2733 0.2969 0.3158 0.3298 0.3381 0.3385 0.3289 0.3138 0.2974 0.2810 0.2649 0.2493 0.2343 0.2199 0.2062 0.1932 0.1809 0.1691 0.1513
0.1656 0.1847 0.1975 0.2107 0.2247 0.2393 0.2545 0.2701 0.2861 0.3023 0.3180 0.3318 0.3392 0.3372 0.3282 0.3141 0.2955 0.2725 0.2448 0.2121 0.1734 0.1272 0.0728 0.0547 0.0546 0.0556 0.0573 0.0594 0.0621 0.0652 0.0689 0.0732 0.0781 0.0836 0.0899 0.0970 0.1050 0.1139 0.1239 0.1349 0.1472 0.1607 0.1755 0.1916 0.2091 0.2278 0.2476 0.2684 0.2898 0.3113 0.3244 0.3113 0.2898 0.2684 0.2476 0.2278 0.2091 0.1916 0.1755 0.1607 0.1472 0.1349 0.1239 0.1139 0.1050 0.0970 0.0899 0.0836 0.0781 0.0732 0.0689 0.0652 0.0621 0.0594 0.0573 0.0556 0.0546 0.0547 0.0728 0.1272 0.1734 0.2121 0.2448 0.2725 0.2955 0.3141 0.3282 0.3372 0.3392 0.3318 0.3180 0.3023 0.2861 0.2701 0.2545 0.2393 0.2247 0.2107 0.1975 0.1847 0.1656
0.1813 0.2016 0.2154 0.2295 0.2443 0.2597 0.2755 0.2915 0.3075 0.3227 0.3348 0.3396 0.3357 0.3258 0.3112 0.2925 0.2698 0.2428 0.2109 0.1734 0.1288 0.0756 0.0550 0.0545 0.0555 0.0570 0.0590 0.0615 0.0646 0.0681 0.0722 0.0769 0.0822 0.0883 0.0952 0.1029 0.1116 0.1213 0.1320 0.1440 0.1572 0.1716 0.1875 0.2046 0.2230 0.2425 0.2631 0.2843 0.3059 0.3261 0.3361 0.3261 0.3059 0.2843 0.2631 0.2425 0.2230 0.2046 0.1875 0.1716 0.1572 0.1440 0.1320 0.1213 0.1116 0.1029 0.0952 0.0883 0.0822 0.0769 0.0722 0.0681 0.0646 0.0615 0.0590 0.0570 0.0555 0.0545 0.0550 0.0756 0.1288 0.1734 0.2109 0.2428 0.2698 0.2925 0.3112 0.3258 0.3357 0.3396 0.3348 0.3227 0.3075 0.2915 0.2755 0.2597 0.2443 0.2295 0.2154 0.2016 0.1813
0.1986 0.2198 0.2345 0.2495 0.2650 0.2809 0.2970 0.3128 0.3273 0.3374 0.3392 0.3335 0.3226 0.3075 0.2884 0.2656 0.2388 0.2075 0.1708 0.1272 0.0756 0.0551 0.0545 0.0554 0.0568 0.0587 0.0612 0.0641 0.0675 0.0714 0.0759 0.0811 0.0869 0.0935 0.1010 0.1094 0.1187 0.1292 0.1409 0.1537 0.1679 0.1833 0.2001 0.2182 0.2375 0.2578 0.2789 0.3004 0.3212 0.3369 0.3394 0.3369 0.3212 0.3004 0.2789 0.2578 0.2375 0.2182 0.2001 0.1833 0.1679 0.1537 0.1409 0.1292 0.1187 0.1094 0.1010 0.0935 0.0869 0.0811 0.0759 0.0714 0.0675 0.0641 0.0612 0.0587 0.0568 0.0554 0.0545 0.0551 0.0756 0.1272 0.1708 0.2075 0.2388 0.2656 0.2884 0.3075 0.3226 0.3335 0.3392 0.3374 0.3273 0.3128 0.2970 0.2809 0.2650 0.2495 0.2345 0.2198 0.1986
0.2175 0.2392 0.2546 0.2703 0.2863 0.3024 0.3179 0.3314 0.3390 0.3380 0.3305 0.3186 0.3029 0.2834 0.2602 0.2332 0.2019 0.1656 0.1224 0.0728 0.0550 0.0545 0.0553 0.0567 0.0585 0.0609 0.0637 0.0669 0.0707 0.0751 0.0801 0.0857 0.0921 0.0993 0.1073 0.1164 0.1265 0.1378 0.1504 0.1642 0.1793 0.1958 0.2135 0.2325 0.2526 0.2736 0.2950 0.3161 0.3338 0.3394 0.3348 0.3394 0.3338 0.3161 0.2950 0.2736 0.2526 0.2325 0.2135 0.1958 0.1793 0.1642 0.1504 0.1378 0.1265 0.1164 0.1073 0.0993 0.0921 0.0857 0.0801 0.0751 0.0707 0.0669 0.0637 0.0609 0.0585 0.0567 0.0553 0.0545 0.0550 0.0728 0.1224 0.1656 0.2019 0.2332 0.2602 0.2834 0.3029 0.3186 0.3305 0.3380 0.3390 0.3314 0.3179 0.3024 0.2863 0.2703 0.2546 0.2392 0.2175
0.2378 0.2597 0.2756 0.2917 0.3077 0.3229 0.3349 0.3396 0.3360 0.3270 0.3138 0.2972 0.2772 0.2537 0.2263 0.1947 0.1582 0.1148 0.0679 0.0547 0.0545 0.0554 0.0567 0.0585 0.0607 0.0634 0.0666 0.0703 0.0745 0.0793 0.0847 0.0909 0.0978 0.1056 0.1143 0.1241 0.1350 0.1471 0.1606 0.1754 0.1915 0.2090 0.2276 0.2475 0.2682 0.2896 0.3109 0.3300 0.3395 0.3342 0.3250 0.3342 0.3395 0.3300 0.3109 0.2896 0.2682 0.2475 0.2276 0.2090 0.1915 0.1754 0.1606 0.1471 0.1350 0.1241 0.1143 0.1056 0.0978 0.0909 0.0847 0.0793 0.0745 0.0703 0.0666 0.0634 0.0607 0.0585 0.0567 0.0554 0.0545 0.0547 0.0679 0.1148 0.1582 0.1947 0.2263 0.2537 0.2772 0.2972 0.3138 0.3270 0.3360 0.3396 0.3349 0.3229 0.3077 0.2917 0.2756 0.2597 0.2378
0.2596 0.2809 0.2971 0.3130 0.3274 0.3375 0.3392 0.3335 0.3230 0.3086 0.2908 0.2699 0.2457 0.2179 0.1858 0.1487 0.1044 0.0628 0.0545 0.0546 0.0555 0.0568 0.0585 0.0607 0.0633 0.0664 0.0699 0.0740 0.0787 0.0840 0.0899 0.0966 0.1042 0.1126 0.1220 0.1325 0.1443 0.1572 0.1716 0.1873 0.2044 0.2228 0.2424 0.2629 0.2842 0.3056 0.3257 0.3386 0.3368 0.3241 0.3112 0.3241 0.3368 0.3386 0.3257 0.3056 0.2842 0.2629 0.2424 0.2228 0.2044 0.1873 0.1716 0.1572 0.1443 0.1325 0.1220 0.1126 0.1042 0.0966 0.0899 0.0840 0.0787 0.0740 0.0699 0.0664 0.0633 0.0607 0.0585 0.0568 0.0555 0.0546 0.0545 0.0628 0.1044 0.1487 0.1858 0.2179 0.2457 0.2699 0.2908 0.3086 0.3230 0.3335 0.3392 0.3375 0.3274 0.3130 0.2971 0.2809 0.2596
0.2826 0.3025 0.3181 0.3315 0.3391 0.3379 0.3304 0.3185 0.3030 0.2841 0.2621 0.2368 0.2081 0.1752 0.1374 0.0919 0.0587 0.0543 0.0547 0.0556 0.0570 0.0587 0.0609 0.0634 0.0664 0.0698 0.0738 0.0783 0.0834 0.0892 0.0957 0.1030 0.1112 0.1203 0.1305 0.1418 0.1544 0.1683 0.1835 0.2002 0.2182 0.2373 0.2576 0.2788 0.3003 0.3210 0.3366 0.3385 0.3282 0.3100 0.2940 0.3100 0.3282 0.3385 0.3366 0.3210 0.3003 0.2788 0.2576 0.2373 0.2182 0.2002 0.1835 0.1683 0.1544 0.1418 0.1305 0.1203 0.1112 0.1030 0.0957 0.0892 0.0834 0.0783 0.0738 0.0698 0.0664 0.0634 0.0609 0.0587 0.0570 0.0556 0.0547 0.0543 0.0587 0.0919 0.1374 0.1752 0.2081 0.2368 0.2621 0.2841 0.3030 0.3185 0.3304 0.3379 0.3391 0.3315 0.3181 0.3025 0.2826
0.3064 0.3230 0.3350 0.3396 0.3359 0.3268 0.3137 0.2970 0.2771 0.2540 0.2275 0.1975 0.1635 0.1241 0.0787 0.0563 0.0544 0.0549 0.0559 0.0573 0.0590 0.0612 0.0637 0.0666 0.0699 0.0738 0.0781 0.0831 0.0887 0.0950 0.1021 0.1101 0.1189 0.1288 0.1398 0.1520 0.1655 0.1802 0.1964 0.2139 0.2326 0.2525 0.2734 0.2948 0.3160 0.3336 0.3394 0.3317 0.3155 0.2926 0.2735 0.2926 0.3155 0.3317 0.3394 0.3336 0.3160 0.2948 0.2734 0.2525 0.2326 0.2139 0.1964 0.1802 0.1655 0.1520 0.1398 0.1288 0.1189 0.1101 0.1021 0.0950 0.0887 0.0831 0.0781 0.0738 0.0699 0.0666 0.0637 0.0612 0.0590 0.0573 0.0559 0.0549 0.0544 0.0563 0.0787 0.1241 0.1635 0.1975 0.2275 0.2540 0.2771 0.2970 0.3137 0.3268 0.3359 0.3396 0.3350 0.3230 0.3064
0.3298 0.3376 0.3391 0.3334 0.3228 0.3084 0.2906 0.2696 0.2454 0.2179 0.1866 0.1509 0.1091 0.0670 0.0549 0.0545 0.0551 0.0562 0.0576 0.0594 0.0615 0.0641 0.0669 0.0703 0.0740 0.0783 0.0831 0.0885 0.0946 0.1015 0.1092 0.1179 0.1275 0.1381 0.1500 0.1631 0.1774 0.1931 0.2102 0.2285 0.2479 0.2683 0.2895 0.3108 0.3299 0.3395 0.3345 0.3203 0.2993 0.2719 0.2499 0.2719 0.2993 0.3203 0.3345 0.3395 0.3299 0.3108 0.2895 0.2683 0.2479 0.2285 0.2102 0.1931 0.1774 0.1631 0.1500 0.1381 0.1275 0.1179 0.1092 0.1015 0.0946 0.0885 0.0831 0.0783 0.0740 0.0703 0.0669 0.0641 0.0615 0.0594 0.0576 0.0562 0.0551 0.0545 0.0549 0.0670 0.1091 0.1509 0.1866 0.2179 0.2454 0.2696 0.2906 0.3084 0.3228 0.3334 0.3391 0.3376 0.3298
0.3479 0.3379 0.3303 0.3184 0.3028 0.2839 0.2618 0.2365 0.2077 0.1751 0.1377 0.0933 0.0596 0.0544 0.0546 0.0554 0.0565 0.0580 0.0599 0.0621 0.0646 0.0675 0.0707 0.0745 0.0787 0.0834 0.0887 0.0946 0.1013 0.1088 0.1172 0.1265 0.1369 0.1484 0.1611 0.1751 0.1903 0.2069 0.2248 0.2439 0.2639 0.2847 0.3058 0.3256 0.3385 0.3369 0.3246 0.3052 0.2798 0.2480 0.2229 0.2480 0.2798 0.3052 0.3246 0.3369 0.3385 0.3256 0.3058 0.2847 0.2639 0.2439 0.2248 0.2069 0.1903 0.1751 0.1611 0.1484 0.1369 0.1265 0.1172 0.1088 0.1013 0.0946 0.0887 0.0834 0.0787 0.0745 0.0707 0.0675 0.0646 0.0621 0.0599 0.0580 0.0565 0.0554 0.0546 0.0544 0.0596 0.0933 0.1377 0.1751 0.2077 0.2365 0.2618 0.2839 0.3028 0.3184 0.3303 0.3379 0.3479
0.3492 0.3267 0.3135 0.2968 0.2768 0.2537 0.2272 0.1972 0.1631 0.1237 0.0785 0.0563 0.0544 0.0548 0.0557 0.0570 0.0586 0.0604 0.0627 0.0652 0.0681 0.0714 0.0751 0.0793 0.0840 0.0892 0.0950 0.1015 0.1088 0.1169 0.1260 0.1361 0.1473 0.1596 0.1732 0.1881 0.2043 0.2217 0.2404 0.2601 0.2805 0.3013 0.3215 0.3367 0.3385 0.3283 0.3107 0.2868 0.2571 0.2208 0.1923 0.2208 0.2571 0.2868 0.3107 0.3283 0.3385 0.3367 0.3215 0.3013 0.2805 0.2601 0.2404 0.2217 0.2043 0.1881 0.1732 0.1596 0.1473 0.1361 0.1260 0.1169 0.1088 0.1015 0.0950 0.0892 0.0840 0.0793 0.0751 0.0714 0.0681 0.0652 0.0627 0.0604 0.0586 0.0570 0.0557 0.0548 0.0544 0.0563 0.0785 0.1237 0.1631 0.1972 0.2272 0.2537 0.2768 0.2968 0.3135 0.3267 0.3492
0.3367 0.3082 0.2904 0.2694 0.2452 0.2175 0.1862 0.1505 0.1086 0.0667 0.0549 0.0545 0.0551 0.0561 0.0575 0.0592 0.0611 0.0634 0.0660 0.0689 0.0722 0.0759 0.0801 0.0847 0.0899 0.0957 0.1021 0.1092 0.1172 0.1260 0.1358 0.1467 0.1587 0.1720 0.1865 0.2022 0.2192 0.2374 0.2568 0.2769 0.2975 0.3177 0.3344 0.3393 0.3314 0.3155 0.2932 0.2652 0.2311 0.1899 0.1576 0.1899 0.2311 0.2652 0.2932 0.3155 0.3314 0.3393 0.3344 0.3177 0.2975 0.2769 0.2568 0.2374 0.2192 0.2022 0.1865 0.1720 0.1587 0.1467 0.1358 0.1260 0.1172 0.1092 0.1021 0.0957 0.0899 0.0847 0.0801 0.0759 0.0722 0.0689 0.0660 0.0634 0.0611 0.0592 0.0575 0.0561 0.0551 0.0545 0.0549 0.0667 0.1086 0.1505 0.1862 0.2175 0.2452 0.2694 0.2904 0.3082 0.3367
0.3161 0.2837 0.2616 0.2362 0.2074 0.1747 0.1373 0.0928 0.0594 0.0544 0.0546 0.0554 0.0565 0.0580 0.0598 0.0618 0.0642 0.0669 0.0698 0.0732 0.0769 0.0811 0.0857 0.0909 0.0966 0.1030 0.1101 0.1179 0.1265 0.1361 0.1467 0.1584 0.1713 0.1855 0.2008 0.2174 0.2352 0.2541 0.2739 0.2942 0.3144 0.3319 0.3396 0.3339 0.3196 0.2989 0.2724 0.2402 0.2016 0.1548 0.1181 0.1548 0.2016 0.2402 0.2724 0.2989 0.3196 0.3339 0.3396 0.3319 0.3144 0.2942 0.2739 0.2541 0.2352 0.2174 0.2008 0.1855 0.1713 0.1584 0.1467 0.1361 0.1265 0.1179 0.1101 0.1030 0.0966 0.0909 0.0857 0.0811 0.0769 0.0732 0.0698 0.0669 0.0642 0.0618 0.0598 0.0580 0.0565 0.0554 0.0546 0.0544 0.0594 0.0928 0.1373 0.1747 0.2074 0.2362 0.2616 0.2837 0.3161
0.2893 0.2534 0.2269 0.1969 0.1627 0.1232 0.0781 0.0562 0.0544 0.0548 0.0557 0.0570 0.0586 0.0604 0.0626 0.0651 0.0678 0.0709 0.0743 0.0781 0.0822 0.0869 0.0921 0.0978 0.1042 0.1112 0.1189 0.1275 0.1369 0.1473 0.1587 0.1713 0.1851 0.2000 0.2162 0.2336 0.2521 0.2714 0.2915 0.3115 0.3295 0.3393 0.3357 0.3229 0.3037 0.2786 0.2480 0.2115 0.1679 0.1148 0.0758 0.1148 0.1679 0.2115 0.2480 0.2786 0.3037 0.3229 0.3357 0.3393 0.3295 0.3115 0.2915 0.2714 0.2521 0.2336 0.2162 0.2000 0.1851 0.1713 0.1587 0.1473 0.1369 0.1275 0.1189 0.1112 0.1042 0.0978 0.0921 0.0869 0.0822 0.0781 0.0743 0.0709 0.0678 0.0651 0.0626 0.0604 0.0586 0.0570 0.0557 0.0548 0.0544 0.0562 0.0781 0.1232 0.1627 0.1969 0.2269 0.2534 0.2893
0.2563 0.2172 0.1858 0.1501 0.1081 0.0664 0.0549 0.0545 0.0551 0.0561 0.0575 0.0592 0.0611 0.0634 0.0660 0.0688 0.0720 0.0755 0.0794 0.0836 0.0883 0.0935 0.0993 0.1056 0.1126 0.1203 0.1288 0.1381 0.1484 0.1596 0.1720 0.1855 0.2000 0.2158 0.2327 0.2508 0.2697 0.2894 0.3092 0.3275 0.3388 0.3369 0.3256 0.3076 0.2839 0.2547 0.2199 0.1786 0.1289 0.0715 0.0555 0.0715 0.1289 0.1786 0.2199 0.2547 0.2839 0.3076 0.3256 0.3369 0.3388 0.3275 0.3092 0.2894 0.2697 0.2508 0.2327 0.2158 0.2000 0.1855 0.1720 0.1596 0.1484 0.1381 0.1288 0.1203 0.1126 0.1056 0.0993 0.0935 0.0883 0.0836 0.0794 0.0755 0.0720 0.0688 0.0660 0.0634 0.0611 0.0592 0.0575 0.0561 0.0551 0.0545 0.0549 0.0664 0.1081 0.1501 0.1858 0.2172 0.2563
0.2168 0.1743 0.1368 0.0923 0.0593 0.0544 0.0546 0.0554 0.0566 0.0580 0.0598 0.0619 0.0642 0.0669 0.0699 0.0731 0.0768 0.0808 0.0852 0.0899 0.0952 0.1010 0.1073 0.1143 0.1220 0.1305 0.1398 0.1500 0.1611 0.1732 0.1865 0.2008 0.2162 0.2327 0.2503 0.2688 0.2880 0.3075 0.3258 0.3381 0.3378 0.3276 0.3108 0.2882 0.2603 0.2269 0.1874 0.1402 0.0824 0.0553 0.0543 0.0553 0.0824 0.1402 0.1874 0.2269 0.2603 0.2882 0.3108 0.3276 0.3378 0.3381 0.3258 0.3075 0.2880 0.2688 0.2503 0.2327 0.2162 0.2008 0.1865 0.1732 0.1611 0.1500 0.1398 0.1305 0.1220 0.1143 0.1073 0.1010 0.0952 0.0899 0.0852 0.0808 0.0768 0.0731 0.0699 0.0669 0.0642 0.0619 0.0598 0.0580 0.0566 0.0554 0.0546 0.0544 0.0593 0.0923 0.1368 0.1743 0.2168
0.1693 0.1227 0.0776 0.0562 0.0544 0.0548 0.0558 0.0570 0.0586 0.0605 0.0626 0.0651 0.0679 0.0709 0.0743 0.0781 0.0822 0.0867 0.0917 0.0970 0.1029 0.1094 0.1164 0.1241 0.1325 0.1418 0.1520 0.1631 0.1751 0.1881 0.2022 0.2174 0.2336 0.2508 0.2688 0.2875 0.3066 0.3247 0.3375 0.3384 0.3291 0.3132 0.2918 0.2651 0.2329 0.1948 0.1496 0.0938 0.0566 0.0544 0.0547 0.0544 0.0566 0.0938 0.1496 0.1948 0.2329 0.2651 0.2918 0.3132 0.3291 0.3384 0.3375 0.3247 0.3066 0.2875 0.2688 0.2508 0.2336 0.2174 0.2022 0.1881 0.1751 0.1631 0.1520 0.1418 0.1325 0.1241 0.1164 0.1094 0.1029 0.0970 0.0917 0.0867 0.0822 0.0781 0.0743 0.0709 0.0679 0.0651 0.0626 0.0605 0.0586 0.0570 0.0558 0.0548 0.0544 0.0562 0.0776 0.1227 0.1693
0.1101 0.0660 0.0549 0.0545 0.0551 0.0561 0.0575 0.0592 0.0612 0.0634 0.0660 0.0689 0.0720 0.0756 0.0794 0.0837 0.0883 0.0934 0.0990 0.1050 0.1116 0.1187 0.1265 0.1350 0.1443 0.1544 0.1655 0.1774 0.1903 0.2043 0.2192 0.2352 0.2521 0.2697 0.2880 0.3066 0.3242 0.3371 0.3387 0.3301 0.3150 0.2945 0.2688 0.2379 0.2012 0.1578 0.1046 0.0589 0.0544 0.0550 0.0556 0.0550 0.0544 0.0589 0.1046 0.1578 0.2012 0.2379 0.2688 0.2945 0.3150 0.3301 0.3387 0.3371 0.3242 0.3066 0.2880 0.2697 0.2521 0.2352 0.2192 0.2043 0.1903 0.1774 0.1655 0.1544 0.1443 0.1350 0.1265 0.1187 0.1116 0.1050 0.0990 0.0934 0.0883 0.0837 0.0794 0.0756 0.0720 0.0689 0.0660 0.0634 0.0612 0.0592 0.0575 0.0561 0.0551 0.0545 0.0549 0.0660 0.1101
0.0596 0.0544 0.0546 0.0554 0.0566 0.0580 0.0598 0.0619 0.0643 0.0669 0.0699 0.0732 0.0768 0.0808 0.0852 0.0900 0.0952 0.1010 0.1072 0.1139 0.1213 0.1292 0.1378 0.1471 0.1572 0.1683 0.1802 0.1931 0.2069 0.2217 0.2374 0.2541 0.2714 0.2894 0.3075 0.3247 0.3371 0.3388 0.3307 0.3161 0.2963 0.2715 0.2416 0.2063 0.1645 0.1140 0.0627 0.0543 0.0549 0.0561 0.0569 0.0561 0.0549 0.0543 0.0627 0.1140 0.1645 0.2063 0.2416 0.2715 0.2963 0.3161 0.3307 0.3388 0.3371 0.3247 0.3075 0.2894 0.2714 0.2541 0.2374 0.2217 0.2069 0.1931 0.1802 0.1683 0.1572 0.1471 0.1378 0.1292 0.1213 0.1139 0.1072 0.1010 0.0952 0.0900 0.0852 0.0808 0.0768 0.0732 0.0699 0.0669 0.0643 0.0619 0.0598 0.0580 0.0566 0.0554 0.0546 0.0544 0.0596
0.0542 0.0548 0.0558 0.0570 0.0586 0.0605 0.0627 0.0651 0.0679 0.0710 0.0744 0.0781 0.0823 0.0868 0.0917 0.0971 0.1030 0.1094 0.1163 0.1239 0.1320 0.1409 0.1504 0.1606 0.1716 0.1835 0.1964 0.2102 0.2248 0.2404 0.2568 0.2739 0.2915 0.3092 0.3258 0.3375 0.3387 0.3307 0.3165 0.2972 0.2731 0.2441 0.2098 0.1694 0.1210 0.0673 0.0545 0.0547 0.0559 0.0575 0.0585 0.0575 0.0559 0.0547 0.0545 0.0673 0.1210 0.1694 0.2098 0.2441 0.2731 0.2972 0.3165 0.3307 0.3387 0.3375 0.3258 0.3092 0.2915 0.2739 0.2568 0.2404 0.2248 0.2102 0.1964 0.1835 0.1716 0.1606 0.1504 0.1409 0.1320 0.1239 0.1163 0.1094 0.1030 0.0971 0.0917 0.0868 0.0823 0.0781 0.0744 0.0710 0.0679 0.0651 0.0627 0.0605 0.0586 0.0570 0.0558 0.0548 0.0542
0.0544 0.0561 0.0575 0.0592 0.0612 0.0635 0.0660 0.0689 0.0721 0.0756 0.0795 0.0837 0.0884 0.0935 0.0990 0.1051 0.1117 0.1188 0.1266 0.1349 0.1440 0.1537 0.1642 0.1754 0.1873 0.2002 0.2139 0.2285 0.2439 0.2601 0.2769 0.2942 0.3115 0.3275 0.3381 0.3384 0.3301 0.3161 0.2972 0.2736 0.2452 0.2118 0.1725 0.1257 0.0715 0.0547 0.0546 0.0557 0.0573 0.0593 0.0605 0.0593 0.0573 0.0557 0.0546 0.0547 0.0715 0.1257 0.1725 0.2118 0.2452 0.2736 0.2972 0.3161 0.3301 0.3384 0.3381 0.3275 0.3115 0.2942 0.2769 0.2601 0.2439 0.2285 0.2139 0.2002 0.1873 0.1754 0.1642 0.1537 0.1440 0.1349 0.1266 0.1188 0.1117 0.1051 0.0990 0.0935 0.0884 0.0837 0.0795 0.0756 0.0721 0.0689 0.0660 0.0635 0.0612 0.0592 0.0575 0.0561 0.0544
0.0554 0.0580 0.0598 0.0619 0.0643 0.0670 0.0699 0.0732 0.0769 0.0809 0.0853 0.0901 0.0953 0.1010 0.1072 0.1140 0.1213 0.1293 0.1379 0.1472 0.1572 0.1679 0.1793 0.1915 0.2044 0.2182 0.2326 0.2479 0.2639 0.2805 0.2975 0.3144 0.3295 0.3388 0.3378 0.3291 0.3150 0.2963 0.2731 0.2452 0.2124 0.1740 0.1284 0.0746 0.0549 0.0545 0.0555 0.0570 0.0591 0.0615 0.0629 0.0615 0.0591 0.0570 0.0555 0.0545 0.0549 0.0746 0.1284 0.1740 0.2124 0.2452 0.2731 0.2963 0.3150 0.3291 0.3378 0.3388 0.3295 0.3144 0.2975 0.2805 0.2639 0.2479 0.2326 0.2182 0.2044 0.1915 0.1793 0.1679 0.1572 0.1472 0.1379 0.1293 0.1213 0.1140 0.1072 0.1010 0.0953 0.0901 0.0853 0.0809 0.0769 0.0732 0.0699 0.0670 0.0643 0.0619 0.0598 0.0580 0.0554
0.0571 0.0605 0.0627 0.0652 0.0679 0.0710 0.0744 0.0782 0.0823 0.0868 0.0918 0.0972 0.1031 0.1095 0.1164 0.1240 0.1321 0.1410 0.1505 0.1607 0.1716 0.1833 0.1958 0.2090 0.2228 0.2373 0.2525 0.2683 0.2847 0.3013 0.3177 0.3319 0.3393 0.3369 0.3276 0.3132 0.2945 0.2715 0.2441 0.2118 0.1740 0.1293 0.0763 0.0551 0.0545 0.0554 0.0568 0.0588 0.0612 0.0640 0.0656 0.0640 0.0612 0.0588 0.0568 0.0554 0.0545 0.0551 0.0763 0.1293 0.1740 0.2118 0.2441 0.2715 0.2945 0.3132 0.3276 0.3369 0.3393 0.3319 0.3177 0.3013 0.2847 0.2683 0.2525 0.2373 0.2228 0.2090 0.1958 0.1833 0.1716 0.1607 0.1505 0.1410 0.1321 0.1240 0.1164 0.1095 0.1031 0.0972 0.0918 0.0868 0.0823 0.0782 0.0744 0.0710 0.0679 0.0652 0.0627 0.0605 0.0571
0.0593 0.0634 0.0660 0.0689 0.0721 0.0756 0.0795 0.0838 0.0884 0.0935 0.0991 0.1052 0.1117 0.1189 0.1266 0.1350 0.1441 0.1538 0.1643 0.1755 0.1875 0.2001 0.2135 0.2276 0.2424 0.2576 0.2734 0.2895 0.3058 0.3215 0.3344 0.3396 0.3357 0.3256 0.3108 0.2918 0.2688 0.2416 0.2098 0.1725 0.1284 0.0763 0.0552 0.0545 0.0553 0.0567 0.0586 0.0610 0.0638 0.0669 0.0687 0.0669 0.0638 0.0610 0.0586 0.0567 0.0553 0.0545 0.0552 0.0763 0.1284 0.1725 0.2098 0.2416 0.2688 0.2918 0.3108 0.3256 0.3357 0.3396 0.3344 0.3215 0.3058 0.2895 0.2734 0.2576 0.2424 0.2276 0.2135 0.2001 0.1875 0.1755 0.1643 0.1538 0.1441 0.1350 0.1266 0.1189 0.1117 0.1052 0.0991 0.0935 0.0884 0.0838 0.0795 0.0756 0.0721 0.0689 0.0660 0.0634 0.0593
0.0621 0.0669 0.0700 0.0733 0.0769 0.0809 0.0853 0.0901 0.0954 0.1011 0.1073 0.1141 0.1214 0.1294 0.1380 0.1473 0.1573 0.1680 0.1794 0.1916 0.2046 0.2182 0.2325 0.2475 0.2629 0.2788 0.2948 0.3108 0.3256 0.3367 0.3393 0.3339 0.3229 0.3076 0.2882 0.2651 0.2379 0.2063 0.1694 0.1257 0.0746 0.0551 0.0545 0.0553 0.0567 0.0585 0.0608 0.0635 0.0667 0.0702 0.0722 0.0702 0.0667 0.0635 0.0608 0.0585 0.0567 0.0553 0.0545 0.0551 0.0746 0.1257 0.1694 0.2063 0.2379 0.2651 0.2882 0.3076 0.3229 0.3339 0.3393 0.3367 0.3256 0.3108 0.2948 0.2788 0.2629 0.2475 0.2325 0.2182 0.2046 0.1916 0.1794 0.1680 0.1573 0.1473 0.1380 0.1294 0.1214 0.1141 0.1073 0.1011 0.0954 0.0901 0.0853 0.0809 0.0769 0.0733 0.0700 0.0669 0.0621
0.0654 0.0709 0.0744 0.0782 0.0823 0.0869 0.0918 0.0972 0.1031 0.1095 0.1165 0.1240 0.1322 0.1411 0.1506 0.1608 0.1718 0.1835 0.1959 0.2091 0.2230 0.2375 0.2526 0.2682 0.2842 0.3003 0.3160 0.3299 0.3385 0.3385 0.3314 0.3196 0.3037 0.2839 0.2603 0.2329 0.2012 0.1645 0.1210 0.0715 0.0549 0.0545 0.0553 0.0567 0.0585 0.0607 0.0633 0.0665 0.0701 0.0740 0.0762 0.0740 0.0701 0.0665 0.0633 0.0607 0.0585 0.0567 0.0553 0.0545 0.0549 0.0715 0.1210 0.1645 0.2012 0.2329 0.2603 0.2839 0.3037 0.3196 0.3314 0.3385 0.3385 0.3299 0.3160 0.3003 0.2842 0.2682 0.2526 0.2375 0.2230 0.2091 0.1959 0.1835 0.1718 0.1608 0.1506 0.1411 0.1322 0.1240 0.1165 0.1095 0.1031 0.0972 0.0918 0.0869 0.0823 0.0782 0.0744 0.0709 0.0654
0.0693 0.0756 0.0796 0.0838 0.0885 0.0936 0.0992 0.1052 0.1118 0.1190 0.1267 0.1351 0.1442 0.1539 0.1644 0.1756 0.1876 0.2003 0.2137 0.2278 0.2425 0.2578 0.2736 0.2896 0.3056 0.3210 0.3336 0.3395 0.3369 0.3283 0.3155 0.2989 0.2786 0.2547 0.2269 0.1948 0.1578 0.1140 0.0673 0.0547 0.0545 0.0554 0.0567 0.0585 0.0607 0.0633 0.0663 0.0698 0.0739 0.0782 0.0807 0.0782 0.0739 0.0698 0.0663 0.0633 0.0607 0.0585 0.0567 0.0554 0.0545 0.0547 0.0673 0.1140 0.1578 0.1948 0.2269 0.2547 0.2786 0.2989 0.3155 0.3283 0.3369 0.3395 0.3336 0.3210 0.3056 0.2896 0.2736 0.2578 0.2425 0.2278 0.2137 0.2003 0.1876 0.1756 0.1644 0.1539 0.1442 0.1351 0.1267 0.1190 0.1118 0.1052 0.0992 0.0936 0.0885 0.0838 0.0796 0.0756 0.0693
0.0737 0.0808 0.0854 0.0902 0.0954 0.1011 0.1074 0.1142 0.1215 0.1295 0.1381 0.1474 0.1574 0.1681 0.1796 0.1918 0.2047 0.2184 0.2327 0.2476 0.2631 0.2789 0.2950 0.3109 0.3257 0.3366 0.3394 0.3345 0.3246 0.3107 0.2932 0.2724 0.2480 0.2199 0.1874 0.1496 0.1046 0.0627 0.0545 0.0546 0.0555 0.0568 0.0586 0.0608 0.0633 0.0663 0.0698 0.0737 0.0782 0.0829 0.0857 0.0829 0.0782 0.0737 0.0698 0.0663 0.0633 0.0608 0.0586 0.0568 0.0555 0.0546 0.0545 0.0627 0.1046 0.1496 0.1874 0.2199 0.2480 0.2724 0.2932 0.3107 0.3246 0.3345 0.3394 0.3366 0.3257 0.3109 0.2950 0.2789 0.2631 0.2476 0.2327 0.2184 0.2047 0.1918 0.1796 0.1681 0.1574 0.1474 0.1381 0.1295 0.1215 0.1142 0.1074 0.1011 0.0954 0.0902 0.0854 0.0808 0.0737
0.0788 0.0868 0.0919 0.0973 0.1032 0.1096 0.1166 0.1241 0.1323 0.1412 0.1507 0.1609 0.1719 0.1836 0.1961 0.2093 0.2231 0.2377 0.2528 0.2684 0.2843 0.3004 0.3161 0.3300 0.3386 0.3385 0.3317 0.3203 0.3052 0.2868 0.2652 0.2402 0.2115 0.1786 0.1402 0.0938 0.0589 0.0543 0.0547 0.0557 0.0570 0.0588 0.0610 0.0635 0.0665 0.0698 0.0737 0.0781 0.0830 0.0883 0.0913 0.0883 0.0830 0.0781 0.0737 0.0698 0.0665 0.0635 0.0610 0.0588 0.0570 0.0557 0.0547 0.0543 0.0589 0.0938 0.1402 0.1786 0.2115 0.2402 0.2652 0.2868 0.3052 0.3203 0.3317 0.3385 0.3386 0.3300 0.3161 0.3004 0.2843 0.2684 0.2528 0.2377 0.2231 0.2093 0.1961 0.1836 0.1719 0.1609 0.1507 0.1412 0.1323 0.1241 0.1166 0.1096 0.1032 0.0973 0.0919 0.0868 0.0788
0.0846 0.0936 0.0993 0.1053 0.1119 0.1191 0.1269 0.1353 0.1443 0.1541 0.1646 0.1758 0.1878 0.2005 0.2139 0.2280 0.2428 0.2581 0.2738 0.2898 0.3059 0.3212 0.3338 0.3395 0.3368 0.3282 0.3155 0.2993 0.2798 0.2571 0.2311 0.2016 0.1679 0.1289 0.0824 0.0566 0.0544 0.0549 0.0559 0.0573 0.0591 0.0612 0.0638 0.0667 0.0701 0.0739 0.0782 0.0830 0.0885 0.0943 0.0976 0.0943 0.0885 0.0830 0.0782 0.0739 0.0701 0.0667 0.0638 0.0612 0.0591 0.0573 0.0559 0.0549 0.0544 0.0566 0.0824 0.1289 0.1679 0.2016 0.2311 0.2571 0.2798 0.2993 0.3155 0.3282 0.3368 0.3395 0.3338 0.3212 0.3059 0.2898 0.2738 0.2581 0.2428 0.2280 0.2139 0.2005 0.1878 0.1758 0.1646 0.1541 0.1443 0.1353 0.1269 0.1191 0.1119 0.1053 0.0993 0.0936 0.0846
0.0907 0.1007 0.1071 0.1139 0.1212 0.1292 0.1378 0.1471 0.1570 0.1678 0.1793 0.1915 0.2045 0.2181 0.2325 0.2475 0.2631 0.2791 0.2953 0.3113 0.3261 0.3369 0.3394 0.3342 0.3241 0.3100 0.2926 0.2719 0.2480 0.2208 0.1899 0.1548 0.1148 0.0715 0.0553 0.0544 0.0550 0.0561 0.0575 0.0593 0.0615 0.0640 0.0669 0.0702 0.0740 0.0782 0.0829 0.0883 0.0943 0.1006 0.1042 0.1006 0.0943 0.0883 0.0829 0.0782 0.0740 0.0702 0.0669 0.0640 0.0615 0.0593 0.0575 0.0561 0.0550 0.0544 0.0553 0.0715 0.1148 0.1548 0.1899 0.2208 0.2480 0.2719 0.2926 0.3100 0.3241 0.3342 0.3394 0.3369 0.3261 0.3113 0.2953 0.2791 0.2631 0.2475 0.2325 0.2181 0.2045 0.1915 0.1793 0.1678 0.1570 0.1471 0.1378 0.1292 0.1212 0.1139 0.1071 0.1007 0.0907
0.0941 0.1049 0.1117 0.1188 0.1266 0.1351 0.1442 0.1540 0.1646 0.1759 0.1880 0.2009 0.2146 0.2290 0.2441 0.2597 0.2759 0.2925 0.3090 0.3244 0.3361 0.3394 0.3348 0.3250 0.3112 0.2940 0.2735 0.2499 0.2229 0.1923 0.1576 0.1181 0.0758 0.0555 0.0543 0.0547 0.0556 0.0569 0.0585 0.0605 0.0629 0.0656 0.0687 0.0722 0.0762 0.0807 0.0857 0.0913 0.0976 0.1042 0.1080 0.1042 0.0976 0.0913 0.0857 0.0807 0.0762 0.0722 0.0687 0.0656 0.0629 0.0605 0.0585 0.0569 0.0556 0.0547 0.0543 0.0555 0.0758 0.1181 0.1576 0.1923 0.2229 0.2499 0.2735 0.2940 0.3112 0.3250 0.3348 0.3394 0.3361 0.3244 0.3090 0.2925 0.2759 0.2597 0.2441 0.2290 0.2146 0.2009 0.1880 0.1759 0.1646 0.1540 0.1442 0.1351 0.1266 0.1188 0.1117 0.1049 0.0941
0.0907 0.1007 0.1071 0.1139 0.1212 0.1292 0.1378 0.1471 0.1570 0.1678 0.1793 0.1915 0.2045 0.2181 0.2325 0.2475 0.2631 0.2791 0.2953 0.3113 0.3261 0.3369 0.3394 0.3342 0.3241 0.3100 0.2926 0.2719 0.2480 0.2208 0.1899 0.1548 0.1148 0.0715 0.0553 0.0544 0.0550 0.0561 0.0575 0.0593 0.0615 0.0640 0.0669 0.0702 0.0740 0.0782 0.0829 0.0883 0.0943 0.1006 0.1042 0.1006 0.0943 0.0883 0.0829 0.0782 0.0740 0.0702 0.0669 0.0640 0.0615 0.0593 0.0575 0.0561 0.0550 0.0544 0.0553 0.0715 0.1148 0.1548 0.1899 0.2208 0.2480 0.2719 0.2926 0.3100 0.3241 0.3342 0.3394 0.3369 0.3261 0.3113 0.2953 0.2791 0.2631 0.2475 0.2325 0.2181 0.2045 0.1915 0.1793 0.1678 0.1570 0.1471 0.1378 0.1292 0.1212 0.1139 0.1071 0.1007 0.0907
0.0846 0.0936 0.0993 0.1053 0.1119 0.1191 0.1269 0.1353 0.1443 0.1541 0.1646 0.1758 0.1878 0.2005 0.2139 0.2280 0.2428 0.2581 0.2738 0.2898 0.3059 0.3212 0.3338 0.3395 0.3368 0.3282 0.3155 0.2993 0.2798 0.2571 0.2311 0.2016 0.1679 0.1289 0.0824 0.0566 0.0544 0.0549 0.0559 0.0573 0.0591 0.0612 0.0638 0.0667 0.0701 0.0739 0.0782 0.0830 0.0885 0.0943 0.0976 0.0943 0.0885 0.0830 0.0782 0.0739 0.0701 0.0667 0.0638 0.0612 0.0591 0.0573 0.0559 0.0549 0.0544 0.0566 0.0824 0.1289 0.1679 0.2016 0.2311 0.2571 0.2798 0.2993 0.3155 0.3282 0.3368 0.3395 0.3338 0.3212 0.3059 0.2898 0.2738 0.2581 0.2428 0.2280 0.2139 0.2005 0.1878 0.1758 0.1646 0.1541 0.1443 0.1353 0.1269 0.1191 0.1119 0.1053 0.0993 0.0936 0.0846
0.0788 0.0868 0.0919 0.0973 0.1032 0.1096 0.1166 0.1241 0.1323 0.1412 0.1507 0.1609 0.1719 0.1836 0.1961 0.2093 0.2231 0.2377 0.2528 0.2684 0.2843 0.3004 0.3161 0.3300 0.3386 0.3385 0.3317 0.3203 0.3052 0.2868 0.2652 0.2402 0.2115 0.1786 0.1402 0.0938 0.0589 0.0543 0.0547 0.0557 0.0570 0.0588 0.0610 0.0635 0.0665 0.0698 0.0737 0.0781 0.0830 0.0883 0.0913 0.0883 0.0830 0.0781 0.0737 0.0698 0.0665 0.0635 0.0610 0.0588 0.0570 0.0557 0.0547 0.0543 0.0589 0.0938 0.1402 0.1786 0.2115 0.2402 0.2652 0.2868 0.3052 0.3203 0.3317 0.3385 0.3386 0.3300 0.3161 0.3004 0.2843 0.2684 0.2528 0.2377 0.2231 0.2093 0.1961 0.1836 0.1719 0.1609 0.1507 0.1412 0.1323 0.1241 0.1166 0.1096 0.1032 0.0973 0.0919 0.0868 0.0788
0.0737 0.0808 0.0854 0.0902 0.0954 0.1011 0.1074 0.1142 0.1215 0.1295 0.1381 0.1474 0.1574 0.1681 0.1796 0.1918 0.2047 0.2184 0.2327 0.2476 0.2631 0.2789 0.2950 0.3109 0.3257 0.3366 0.3394 0.3345 0.3246 0.3107 0.2932 0.2724 0.2480 0.2199 0.1874 0.1496 0.1046 0.0627 0.0545 0.0546 0.0555 0.0568 0.0586 0.0608 0.0633 0.0663 0.0698 0.0737 0.0782 0.0829 0.0857 0.0829 0.0782 0.0737 0.0698 0.0663 0.0633 0.0608 0.0586 0.0568 0.0555 0.0546 0.0545 0.0627 0.1046 0.1496 0.1874 0.2199 0.2480 0.2724 0.2932 0.3107 0.3246 0.3345 0.3394 0.3366 0.3257 0.3109 0.2950 0.2789 0.2631 0.2476 0.2327 0.2184 0.2047 0.1918 0.1796 0.1681 0.1574 0.1474 0.1381 0.1295 0.1215 0.1142 0.1074 0.1011 0.0954 0.0902 0.0854 0.0808 0.0737
0.0693 0.0756 0.0796 0.0838 0.0885 0.0936 0.0992 0.1052 0.1118 0.1190 0.1267 0.1351 0.1442 0.1539 0.1644 0.1756 0.1876 0.2003 0.2137 0.2278 0.2425 0.2578 0.2736 0.2896 0.3056 0.3210 0.3336 0.3395 0.3369 0.3283 0.3155 0.2989 0.2786 0.2547 0.2269 0.1948 0.1578 0.1140 0.0673 0.0547 0.0545 0.0554 0.0567 0.0585 0.0607 0.0633 0.0663 0.0698 0.0739 0.0782 0.0807 0.0782 0.0739 0.0698 0.0663 0.0633 0.0607 0.0585 0.0567 0.0554 0.0545 0.0547 0.0673 0.1140 0.1578 0.1948 0.2269 0.2547 0.2786 0.2989 0.3155 0.3283 0.3369 0.3395 0.3336 0.3210 0.3056 0.2896 0.2736 0.2578 0.2425 0.2278 0.2137 0.2003 0.1876 0.1756 0.1644 0.1539 0.1442 0.1351 0.1267 0.1190 0.1118 0.1052 0.0992 0.0936 0.0885 0.0838 0.0796 0.0756 0.0693
