0.2241 0.2518 0.2746 0.2982 0.3220 0.3430 0.3509 0.3420 0.3239 0.2991 0.2682 0.2310 0.1865 0.1322 0.0699 0.0547 0.0542 0.0550 0.0564 0.0585 0.0611 0.0642 0.0679 0.0721 0.0770 0.0825 0.0887 0.0957 0.1037 0.1125 0.1225 0.1336 0.1460 0.1597 0.1749 0.1916 0.2098 0.2295 0.2507 0.2733 0.2968 0.3207 0.3420 0.3510 0.3428 0.3251 0.3007 0.2701 0.2331 0.1881 0.1529 0.1881 0.2331 0.2701 0.3007 0.3251 0.3428 0.3510 0.3420 0.3207 0.2968 0.2733 0.2507 0.2295 0.2098 0.1916 0.1749 0.1597 0.1460 0.1336 0.1225 0.1125 0.1037 0.0957 0.0887 0.0825 0.0770 0.0721 0.0679 0.0642 0.0611 0.0585 0.0564 0.0550 0.0542 0.0547 0.0699 0.1322 0.1865 0.2310 0.2682 0.2991 0.3239 0.3420 0.3509 0.3430 0.3220 0.2982 0.2746 0.2518 0.2241
0.2518 0.2763 0.2966 0.3170 0.3342 0.3394 0.3314 0.3153 0.2927 0.2644 0.2303 0.1898 0.1416 0.0826 0.0552 0.0545 0.0556 0.0573 0.0596 0.0623 0.0657 0.0695 0.0739 0.0790 0.0847 0.0911 0.0984 0.1065 0.1156 0.1257 0.1370 0.1495 0.1632 0.1783 0.1947 0.2124 0.2314 0.2514 0.2724 0.2939 0.3151 0.3331 0.3395 0.3322 0.3164 0.2941 0.2662 0.2324 0.1922 0.1436 0.1058 0.1436 0.1922 0.2324 0.2662 0.2941 0.3164 0.3322 0.3395 0.3331 0.3151 0.2939 0.2724 0.2514 0.2314 0.2124 0.1947 0.1783 0.1632 0.1495 0.1370 0.1257 0.1156 0.1065 0.0984 0.0911 0.0847 0.0790 0.0739 0.0695 0.0657 0.0623 0.0596 0.0573 0.0556 0.0545 0.0552 0.0826 0.1416 0.1898 0.2303 0.2644 0.2927 0.3153 0.3314 0.3394 0.3342 0.3170 0.2966 0.2763 0.2518
0.2746 0.2966 0.3152 0.3320 0.3396 0.3339 0.3196 0.2988 0.2720 0.2395 0.2006 0.1546 0.0979 0.0570 0.0544 0.0553 0.0569 0.0590 0.0617 0.0648 0.0686 0.0728 0.0777 0.0833 0.0896 0.0966 0.1045 0.1134 0.1233 0.1343 0.1465 0.1599 0.1746 0.1907 0.2081 0.2267 0.2465 0.2672 0.2886 0.3099 0.3292 0.3394 0.3349 0.3210 0.3003 0.2738 0.2415 0.2030 0.1573 0.1019 0.0660 0.1019 0.1573 0.2030 0.2415 0.2738 0.3003 0.3210 0.3349 0.3394 0.3292 0.3099 0.2886 0.2672 0.2465 0.2267 0.2081 0.1907 0.1746 0.1599 0.1465 0.1343 0.1233 0.1134 0.1045 0.0966 0.0896 0.0833 0.0777 0.0728 0.0686 0.0648 0.0617 0.0590 0.0569 0.0553 0.0544 0.0570 0.0979 0.1546 0.2006 0.2395 0.2720 0.2988 0.3196 0.3339 0.3396 0.3320 0.3152 0.2966 0.2746
0.2982 0.3170 0.3320 0.3395 0.3353 0.3226 0.3035 0.2783 0.2475 0.2107 0.1668 0.1136 0.0612 0.0543 0.0550 0.0564 0.0584 0.0609 0.0640 0.0676 0.0717 0.0765 0.0818 0.0879 0.0948 0.1025 0.1111 0.1207 0.1314 0.1433 0.1564 0.1708 0.1865 0.2036 0.2219 0.2414 0.2619 0.2831 0.3046 0.3248 0.3383 0.3372 0.3252 0.3061 0.2810 0.2502 0.2133 0.1697 0.1169 0.0631 0.0545 0.0631 0.1169 0.1697 0.2133 0.2502 0.2810 0.3061 0.3252 0.3372 0.3383 0.3248 0.3046 0.2831 0.2619 0.2414 0.2219 0.2036 0.1865 0.1708 0.1564 0.1433 0.1314 0.1207 0.1111 0.1025 0.0948 0.0879 0.0818 0.0765 0.0717 0.0676 0.0640 0.0609 0.0584 0.0564 0.0550 0.0543 0.0612 0.1136 0.1668 0.2107 0.2475 0.2783 0.3035 0.3226 0.3353 0.3395 0.3320 0.3170 0.2982
0.3220 0.3342 0.3396 0.3353 0.3237 0.3060 0.2827 0.2537 0.2190 0.1773 0.1274 0.0696 0.0545 0.0548 0.0560 0.0579 0.0603 0.0632 0.0666 0.0706 0.0752 0.0804 0.0863 0.0930 0.1004 0.1088 0.1182 0.1286 0.1402 0.1530 0.1670 0.1824 0.1992 0.2172 0.2364 0.2566 0.2777 0.2992 0.3200 0.3361 0.3387 0.3290 0.3115 0.2878 0.2585 0.2232 0.1814 0.1315 0.0726 0.0546 0.0543 0.0546 0.0726 0.1315 0.1814 0.2232 0.2585 0.2878 0.3115 0.3290 0.3387 0.3361 0.3200 0.2992 0.2777 0.2566 0.2364 0.2172 0.1992 0.1824 0.1670 0.1530 0.1402 0.1286 0.1182 0.1088 0.1004 0.0930 0.0863 0.0804 0.0752 0.0706 0.0666 0.0632 0.0603 0.0579 0.0560 0.0548 0.0545 0.0696 0.1274 0.1773 0.2190 0.2537 0.2827 0.3060 0.3237 0.3353 0.3396 0.3342 0.3220
0.3430 0.3394 0.3339 0.3226 0.3060 0.2842 0.2571 0.2245 0.1853 0.1381 0.0803 0.0551 0.0546 0.0556 0.0573 0.0596 0.0624 0.0657 0.0696 0.0740 0.0790 0.0848 0.0912 0.0985 0.1066 0.1157 0.1259 0.1371 0.1496 0.1634 0.1784 0.1948 0.2125 0.2314 0.2515 0.2724 0.2938 0.3150 0.3330 0.3395 0.3323 0.3165 0.2944 0.2664 0.2327 0.1926 0.1450 0.0863 0.0555 0.0545 0.0548 0.0545 0.0555 0.0863 0.1450 0.1926 0.2327 0.2664 0.2944 0.3165 0.3323 0.3395 0.3330 0.3150 0.2938 0.2724 0.2515 0.2314 0.2125 0.1948 0.1784 0.1634 0.1496 0.1371 0.1259 0.1157 0.1066 0.0985 0.0912 0.0848 0.0790 0.0740 0.0696 0.0657 0.0624 0.0596 0.0573 0.0556 0.0546 0.0551 0.0803 0.1381 0.1853 0.2245 0.2571 0.2842 0.3060 0.3226 0.3339 0.3394 0.3430
0.3509 0.3314 0.3196 0.3035 0.2827 0.2571 0.2264 0.1896 0.1452 0.0897 0.0561 0.0545 0.0553 0.0569 0.0590 0.0616 0.0648 0.0685 0.0728 0.0777 0.0832 0.0895 0.0966 0.1045 0.1133 0.1232 0.1342 0.1464 0.1598 0.1745 0.1906 0.2079 0.2266 0.2463 0.2670 0.2884 0.3098 0.3291 0.3394 0.3350 0.3211 0.3005 0.2740 0.2417 0.2034 0.1579 0.1020 0.0578 0.0544 0.0552 0.0558 0.0552 0.0544 0.0578 0.1020 0.1579 0.2034 0.2417 0.2740 0.3005 0.3211 0.3350 0.3394 0.3291 0.3098 0.2884 0.2670 0.2463 0.2266 0.2079 0.1906 0.1745 0.1598 0.1464 0.1342 0.1232 0.1133 0.1045 0.0966 0.0895 0.0832 0.0777 0.0728 0.0685 0.0648 0.0616 0.0590 0.0569 0.0553 0.0545 0.0561 0.0897 0.1452 0.1896 0.2264 0.2571 0.2827 0.3035 0.3196 0.3314 0.3509
0.3420 0.3153 0.2988 0.2783 0.2537 0.2245 0.1896 0.1478 0.0952 0.0573 0.0544 0.0551 0.0565 0.0585 0.0610 0.0640 0.0676 0.0717 0.0764 0.0818 0.0879 0.0947 0.1024 0.1110 0.1206 0.1313 0.1432 0.1563 0.1707 0.1864 0.2034 0.2218 0.2412 0.2617 0.2830 0.3044 0.3247 0.3382 0.3372 0.3253 0.3063 0.2812 0.2504 0.2137 0.1701 0.1175 0.0630 0.0544 0.0549 0.0562 0.0571 0.0562 0.0549 0.0544 0.0630 0.1175 0.1701 0.2137 0.2504 0.2812 0.3063 0.3253 0.3372 0.3382 0.3247 0.3044 0.2830 0.2617 0.2412 0.2218 0.2034 0.1864 0.1707 0.1563 0.1432 0.1313 0.1206 0.1110 0.1024 0.0947 0.0879 0.0818 0.0764 0.0717 0.0676 0.0640 0.0610 0.0585 0.0565 0.0551 0.0544 0.0573 0.0952 0.1478 0.1896 0.2245 0.2537 0.2783 0.2988 0.3153 0.3420
0.3239 0.2927 0.2720 0.2475 0.2190 0.1853 0.1452 0.0952 0.0579 0.0544 0.0550 0.0563 0.0581 0.0605 0.0633 0.0667 0.0707 0.0752 0.0804 0.0863 0.0929 0.1004 0.1087 0.1181 0.1285 0.1401 0.1528 0.1669 0.1823 0.1990 0.2170 0.2362 0.2565 0.2776 0.2991 0.3199 0.3360 0.3388 0.3291 0.3117 0.2881 0.2587 0.2235 0.1818 0.1319 0.0731 0.0546 0.0547 0.0559 0.0576 0.0587 0.0576 0.0559 0.0547 0.0546 0.0731 0.1319 0.1818 0.2235 0.2587 0.2881 0.3117 0.3291 0.3388 0.3360 0.3199 0.2991 0.2776 0.2565 0.2362 0.2170 0.1990 0.1823 0.1669 0.1528 0.1401 0.1285 0.1181 0.1087 0.1004 0.0929 0.0863 0.0804 0.0752 0.0707 0.0667 0.0633 0.0605 0.0581 0.0563 0.0550 0.0544 0.0579 0.0952 0.1452 0.1853 0.2190 0.2475 0.2720 0.2927 0.3239
0.2991 0.2644 0.2395 0.2107 0.1773 0.1381 0.0897 0.0573 0.0544 0.0550 0.0562 0.0579 0.0601 0.0628 0.0661 0.0698 0.0742 0.0791 0.0848 0.0912 0.0984 0.1065 0.1156 0.1258 0.1370 0.1495 0.1632 0.1783 0.1947 0.2124 0.2313 0.2513 0.2722 0.2936 0.3148 0.3328 0.3395 0.3324 0.3167 0.2946 0.2667 0.2330 0.1930 0.1454 0.0868 0.0556 0.0545 0.0555 0.0572 0.0593 0.0606 0.0593 0.0572 0.0555 0.0545 0.0556 0.0868 0.1454 0.1930 0.2330 0.2667 0.2946 0.3167 0.3324 0.3395 0.3328 0.3148 0.2936 0.2722 0.2513 0.2313 0.2124 0.1947 0.1783 0.1632 0.1495 0.1370 0.1258 0.1156 0.1065 0.0984 0.0912 0.0848 0.0791 0.0742 0.0698 0.0661 0.0628 0.0601 0.0579 0.0562 0.0550 0.0544 0.0573 0.0897 0.1381 0.1773 0.2107 0.2395 0.2644 0.2991
0.2682 0.2303 0.2006 0.1668 0.1274 0.0803 0.0561 0.0544 0.0550 0.0562 0.0578 0.0599 0.0625 0.0656 0.0692 0.0733 0.0781 0.0836 0.0897 0.0966 0.1045 0.1133 0.1231 0.1341 0.1462 0.1597 0.1744 0.1904 0.2078 0.2264 0.2462 0.2669 0.2882 0.3096 0.3290 0.3394 0.3351 0.3213 0.3007 0.2742 0.2420 0.2037 0.1583 0.1025 0.0579 0.0544 0.0552 0.0567 0.0588 0.0613 0.0628 0.0613 0.0588 0.0567 0.0552 0.0544 0.0579 0.1025 0.1583 0.2037 0.2420 0.2742 0.3007 0.3213 0.3351 0.3394 0.3290 0.3096 0.2882 0.2669 0.2462 0.2264 0.2078 0.1904 0.1744 0.1597 0.1462 0.1341 0.1231 0.1133 0.1045 0.0966 0.0897 0.0836 0.0781 0.0733 0.0692 0.0656 0.0625 0.0599 0.0578 0.0562 0.0550 0.0544 0.0561 0.0803 0.1274 0.1668 0.2006 0.2303 0.2682
0.2310 0.1898 0.1546 0.1136 0.0696 0.0551 0.0545 0.0551 0.0563 0.0579 0.0599 0.0624 0.0653 0.0687 0.0727 0.0773 0.0825 0.0885 0.0951 0.1027 0.1112 0.1207 0.1313 0.1431 0.1562 0.1705 0.1863 0.2033 0.2216 0.2411 0.2616 0.2828 0.3043 0.3245 0.3382 0.3373 0.3255 0.3064 0.2814 0.2507 0.2140 0.1705 0.1180 0.0633 0.0544 0.0549 0.0563 0.0582 0.0607 0.0636 0.0653 0.0636 0.0607 0.0582 0.0563 0.0549 0.0544 0.0633 0.1180 0.1705 0.2140 0.2507 0.2814 0.3064 0.3255 0.3373 0.3382 0.3245 0.3043 0.2828 0.2616 0.2411 0.2216 0.2033 0.1863 0.1705 0.1562 0.1431 0.1313 0.1207 0.1112 0.1027 0.0951 0.0885 0.0825 0.0773 0.0727 0.0687 0.0653 0.0624 0.0599 0.0579 0.0563 0.0551 0.0545 0.0551 0.0696 0.1136 0.1546 0.1898 0.2310
0.1865 0.1416 0.0979 0.0612 0.0545 0.0546 0.0553 0.0565 0.0581 0.0601 0.0625 0.0653 0.0686 0.0724 0.0768 0.0818 0.0875 0.0939 0.1012 0.1094 0.1185 0.1287 0.1401 0.1528 0.1668 0.1822 0.1989 0.2169 0.2361 0.2563 0.2774 0.2989 0.3197 0.3359 0.3388 0.3292 0.3118 0.2883 0.2590 0.2238 0.1822 0.1324 0.0735 0.0546 0.0547 0.0559 0.0577 0.0601 0.0630 0.0662 0.0680 0.0662 0.0630 0.0601 0.0577 0.0559 0.0547 0.0546 0.0735 0.1324 0.1822 0.2238 0.2590 0.2883 0.3118 0.3292 0.3388 0.3359 0.3197 0.2989 0.2774 0.2563 0.2361 0.2169 0.1989 0.1822 0.1668 0.1528 0.1401 0.1287 0.1185 0.1094 0.1012 0.0939 0.0875 0.0818 0.0768 0.0724 0.0686 0.0653 0.0625 0.0601 0.0581 0.0565 0.0553 0.0546 0.0545 0.0612 0.0979 0.1416 0.1865
0.1322 0.0826 0.0570 0.0543 0.0548 0.0556 0.0569 0.0585 0.0605 0.0628 0.0656 0.0687 0.0724 0.0766 0.0814 0.0869 0.0931 0.1001 0.1079 0.1168 0.1267 0.1377 0.1499 0.1634 0.1783 0.1946 0.2122 0.2311 0.2511 0.2720 0.2935 0.3147 0.3327 0.3395 0.3325 0.3168 0.2948 0.2669 0.2333 0.1933 0.1459 0.0873 0.0556 0.0545 0.0555 0.0572 0.0594 0.0622 0.0655 0.0691 0.0712 0.0691 0.0655 0.0622 0.0594 0.0572 0.0555 0.0545 0.0556 0.0873 0.1459 0.1933 0.2333 0.2669 0.2948 0.3168 0.3325 0.3395 0.3327 0.3147 0.2935 0.2720 0.2511 0.2311 0.2122 0.1946 0.1783 0.1634 0.1499 0.1377 0.1267 0.1168 0.1079 0.1001 0.0931 0.0869 0.0814 0.0766 0.0724 0.0687 0.0656 0.0628 0.0605 0.0585 0.0569 0.0556 0.0548 0.0543 0.0570 0.0826 0.1322
0.0699 0.0552 0.0544 0.0550 0.0560 0.0573 0.0590 0.0610 0.0633 0.0661 0.0692 0.0727 0.0768 0.0814 0.0867 0.0926 0.0994 0.1069 0.1154 0.1250 0.1356 0.1474 0.1605 0.1749 0.1907 0.2079 0.2263 0.2460 0.2667 0.2880 0.3094 0.3288 0.3393 0.3352 0.3214 0.3009 0.2745 0.2423 0.2041 0.1587 0.1030 0.0580 0.0544 0.0552 0.0567 0.0588 0.0614 0.0646 0.0683 0.0723 0.0746 0.0723 0.0683 0.0646 0.0614 0.0588 0.0567 0.0552 0.0544 0.0580 0.1030 0.1587 0.2041 0.2423 0.2745 0.3009 0.3214 0.3352 0.3393 0.3288 0.3094 0.2880 0.2667 0.2460 0.2263 0.2079 0.1907 0.1749 0.1605 0.1474 0.1356 0.1250 0.1154 0.1069 0.0994 0.0926 0.0867 0.0814 0.0768 0.0727 0.0692 0.0661 0.0633 0.0610 0.0590 0.0573 0.0560 0.0550 0.0544 0.0552 0.0699
0.0547 0.0545 0.0553 0.0564 0.0579 0.0596 0.0616 0.0640 0.0667 0.0698 0.0733 0.0773 0.0818 0.0869 0.0926 0.0991 0.1064 0.1146 0.1238 0.1340 0.1455 0.1581 0.1721 0.1874 0.2040 0.2220 0.2412 0.2615 0.2826 0.3041 0.3244 0.3381 0.3373 0.3256 0.3066 0.2817 0.2510 0.2143 0.1709 0.1185 0.0635 0.0544 0.0549 0.0563 0.0582 0.0607 0.0637 0.0673 0.0714 0.0758 0.0784 0.0758 0.0714 0.0673 0.0637 0.0607 0.0582 0.0563 0.0549 0.0544 0.0635 0.1185 0.1709 0.2143 0.2510 0.2817 0.3066 0.3256 0.3373 0.3381 0.3244 0.3041 0.2826 0.2615 0.2412 0.2220 0.2040 0.1874 0.1721 0.1581 0.1455 0.1340 0.1238 0.1146 0.1064 0.0991 0.0926 0.0869 0.0818 0.0773 0.0733 0.0698 0.0667 0.0640 0.0616 0.0596 0.0579 0.0564 0.0553 0.0545 0.0547
0.0542 0.0556 0.0569 0.0584 0.0603 0.0624 0.0648 0.0676 0.0707 0.0742 0.0781 0.0825 0.0875 0.0931 0.0994 0.1064 0.1143 0.1231 0.1330 0.1440 0.1563 0.1698 0.1846 0.2008 0.2183 0.2371 0.2569 0.2776 0.2989 0.3196 0.3358 0.3388 0.3293 0.3120 0.2885 0.2593 0.2242 0.1825 0.1328 0.0739 0.0547 0.0547 0.0559 0.0577 0.0600 0.0629 0.0663 0.0703 0.0748 0.0797 0.0825 0.0797 0.0748 0.0703 0.0663 0.0629 0.0600 0.0577 0.0559 0.0547 0.0547 0.0739 0.1328 0.1825 0.2242 0.2593 0.2885 0.3120 0.3293 0.3388 0.3358 0.3196 0.2989 0.2776 0.2569 0.2371 0.2183 0.2008 0.1846 0.1698 0.1563 0.1440 0.1330 0.1231 0.1143 0.1064 0.0994 0.0931 0.0875 0.0825 0.0781 0.0742 0.0707 0.0676 0.0648 0.0624 0.0603 0.0584 0.0569 0.0556 0.0542
0.0550 0.0573 0.0590 0.0609 0.0632 0.0657 0.0685 0.0717 0.0752 0.0791 0.0836 0.0885 0.0939 0.1001 0.1069 0.1146 0.1231 0.1327 0.1433 0.1551 0.1682 0.1825 0.1983 0.2153 0.2336 0.2530 0.2733 0.2942 0.3150 0.3328 0.3395 0.3325 0.3170 0.2950 0.2672 0.2336 0.1937 0.1463 0.0878 0.0557 0.0545 0.0555 0.0572 0.0594 0.0621 0.0654 0.0692 0.0736 0.0786 0.0840 0.0871 0.0840 0.0786 0.0736 0.0692 0.0654 0.0621 0.0594 0.0572 0.0555 0.0545 0.0557 0.0878 0.1463 0.1937 0.2336 0.2672 0.2950 0.3170 0.3325 0.3395 0.3328 0.3150 0.2942 0.2733 0.2530 0.2336 0.2153 0.1983 0.1825 0.1682 0.1551 0.1433 0.1327 0.1231 0.1146 0.1069 0.1001 0.0939 0.0885 0.0836 0.0791 0.0752 0.0717 0.0685 0.0657 0.0632 0.0609 0.0590 0.0573 0.0550
0.0564 0.0596 0.0617 0.0640 0.0666 0.0696 0.0728 0.0764 0.0804 0.0848 0.0897 0.0951 0.1012 0.1079 0.1154 0.1238 0.1330 0.1433 0.1547 0.1673 0.1812 0.1964 0.2129 0.2307 0.2497 0.2696 0.2902 0.3108 0.3295 0.3394 0.3351 0.3215 0.3011 0.2747 0.2426 0.2044 0.1591 0.1035 0.0581 0.0544 0.0552 0.0567 0.0588 0.0614 0.0645 0.0682 0.0724 0.0773 0.0828 0.0887 0.0921 0.0887 0.0828 0.0773 0.0724 0.0682 0.0645 0.0614 0.0588 0.0567 0.0552 0.0544 0.0581 0.1035 0.1591 0.2044 0.2426 0.2747 0.3011 0.3215 0.3351 0.3394 0.3295 0.3108 0.2902 0.2696 0.2497 0.2307 0.2129 0.1964 0.1812 0.1673 0.1547 0.1433 0.1330 0.1238 0.1154 0.1079 0.1012 0.0951 0.0897 0.0848 0.0804 0.0764 0.0728 0.0696 0.0666 0.0640 0.0617 0.0596 0.0564
0.0585 0.0623 0.0648 0.0676 0.0706 0.0740 0.0777 0.0818 0.0863 0.0912 0.0966 0.1027 0.1094 0.1168 0.1250 0.1340 0.1440 0.1551 0.1673 0.1808 0.1954 0.2114 0.2287 0.2471 0.2666 0.2869 0.3073 0.3263 0.3386 0.3370 0.3253 0.3065 0.2818 0.2513 0.2146 0.1713 0.1189 0.0638 0.0544 0.0549 0.0563 0.0582 0.0607 0.0637 0.0672 0.0713 0.0760 0.0813 0.0874 0.0938 0.0975 0.0938 0.0874 0.0813 0.0760 0.0713 0.0672 0.0637 0.0607 0.0582 0.0563 0.0549 0.0544 0.0638 0.1189 0.1713 0.2146 0.2513 0.2818 0.3065 0.3253 0.3370 0.3386 0.3263 0.3073 0.2869 0.2666 0.2471 0.2287 0.2114 0.1954 0.1808 0.1673 0.1551 0.1440 0.1340 0.1250 0.1168 0.1094 0.1027 0.0966 0.0912 0.0863 0.0818 0.0777 0.0740 0.0706 0.0676 0.0648 0.0623 0.0585
0.0611 0.0657 0.0686 0.0717 0.0752 0.0790 0.0832 0.0879 0.0929 0.0984 0.1045 0.1112 0.1185 0.1267 0.1356 0.1455 0.1563 0.1682 0.1812 0.1954 0.2109 0.2276 0.2454 0.2643 0.2841 0.3043 0.3235 0.3374 0.3382 0.3282 0.3110 0.2878 0.2590 0.2241 0.1827 0.1333 0.0743 0.0547 0.0547 0.0559 0.0577 0.0600 0.0629 0.0663 0.0702 0.0748 0.0799 0.0858 0.0924 0.0994 0.1035 0.0994 0.0924 0.0858 0.0799 0.0748 0.0702 0.0663 0.0629 0.0600 0.0577 0.0559 0.0547 0.0547 0.0743 0.1333 0.1827 0.2241 0.2590 0.2878 0.3110 0.3282 0.3382 0.3374 0.3235 0.3043 0.2841 0.2643 0.2454 0.2276 0.2109 0.1954 0.1812 0.1682 0.1563 0.1455 0.1356 0.1267 0.1185 0.1112 0.1045 0.0984 0.0929 0.0879 0.0832 0.0790 0.0752 0.0717 0.0686 0.0657 0.0611
0.0642 0.0695 0.0728 0.0765 0.0804 0.0848 0.0895 0.0947 0.1004 0.1065 0.1133 0.1207 0.1287 0.1377 0.1474 0.1581 0.1698 0.1825 0.1964 0.2114 0.2276 0.2448 0.2632 0.2823 0.3021 0.3212 0.3360 0.3390 0.3305 0.3146 0.2928 0.2654 0.2323 0.1930 0.1460 0.0880 0.0557 0.0545 0.0555 0.0572 0.0594 0.0621 0.0654 0.0692 0.0736 0.0786 0.0842 0.0906 0.0978 0.1055 0.1100 0.1055 0.0978 0.0906 0.0842 0.0786 0.0736 0.0692 0.0654 0.0621 0.0594 0.0572 0.0555 0.0545 0.0557 0.0880 0.1460 0.1930 0.2323 0.2654 0.2928 0.3146 0.3305 0.3390 0.3360 0.3212 0.3021 0.2823 0.2632 0.2448 0.2276 0.2114 0.1964 0.1825 0.1698 0.1581 0.1474 0.1377 0.1287 0.1207 0.1133 0.1065 0.1004 0.0947 0.0895 0.0848 0.0804 0.0765 0.0728 0.0695 0.0642
0.0679 0.0739 0.0777 0.0818 0.0863 0.0912 0.0966 0.1024 0.1087 0.1156 0.1231 0.1313 0.1401 0.1499 0.1605 0.1721 0.1846 0.1983 0.2129 0.2287 0.2454 0.2632 0.2817 0.3009 0.3196 0.3349 0.3394 0.3322 0.3175 0.2968 0.2707 0.2391 0.2016 0.1570 0.1021 0.0580 0.0544 0.0552 0.0567 0.0588 0.0614 0.0645 0.0682 0.0724 0.0772 0.0827 0.0889 0.0959 0.1038 0.1121 0.1170 0.1121 0.1038 0.0959 0.0889 0.0827 0.0772 0.0724 0.0682 0.0645 0.0614 0.0588 0.0567 0.0552 0.0544 0.0580 0.1021 0.1570 0.2016 0.2391 0.2707 0.2968 0.3175 0.3322 0.3394 0.3349 0.3196 0.3009 0.2817 0.2632 0.2454 0.2287 0.2129 0.1983 0.1846 0.1721 0.1605 0.1499 0.1401 0.1313 0.1231 0.1156 0.1087 0.1024 0.0966 0.0912 0.0863 0.0818 0.0777 0.0739 0.0679
0.0721 0.0790 0.0833 0.0879 0.0930 0.0985 0.1045 0.1110 0.1181 0.1258 0.1341 0.1431 0.1528 0.1634 0.1749 0.1874 0.2008 0.2153 0.2307 0.2471 0.2643 0.2823 0.3009 0.3191 0.3342 0.3395 0.3333 0.3196 0.3000 0.2750 0.2447 0.2086 0.1661 0.1145 0.0623 0.0543 0.0549 0.0563 0.0582 0.0607 0.0637 0.0672 0.0713 0.0760 0.0813 0.0873 0.0941 0.1017 0.1102 0.1193 0.1246 0.1193 0.1102 0.1017 0.0941 0.0873 0.0813 0.0760 0.0713 0.0672 0.0637 0.0607 0.0582 0.0563 0.0549 0.0543 0.0623 0.1145 0.1661 0.2086 0.2447 0.2750 0.3000 0.3196 0.3333 0.3395 0.3342 0.3191 0.3009 0.2823 0.2643 0.2471 0.2307 0.2153 0.2008 0.1874 0.1749 0.1634 0.1528 0.1431 0.1341 0.1258 0.1181 0.1110 0.1045 0.0985 0.0930 0.0879 0.0833 0.0790 0.0721
0.0770 0.0847 0.0896 0.0948 0.1004 0.1066 0.1133 0.1206 0.1285 0.1370 0.1462 0.1562 0.1668 0.1783 0.1907 0.2040 0.2183 0.2336 0.2497 0.2666 0.2841 0.3021 0.3196 0.3342 0.3395 0.3339 0.3209 0.3022 0.2783 0.2491 0.2144 0.1734 0.1245 0.0688 0.0545 0.0547 0.0559 0.0577 0.0600 0.0629 0.0663 0.0702 0.0747 0.0799 0.0857 0.0923 0.0997 0.1080 0.1172 0.1271 0.1329 0.1271 0.1172 0.1080 0.0997 0.0923 0.0857 0.0799 0.0747 0.0702 0.0663 0.0629 0.0600 0.0577 0.0559 0.0547 0.0545 0.0688 0.1245 0.1734 0.2144 0.2491 0.2783 0.3022 0.3209 0.3339 0.3395 0.3342 0.3196 0.3021 0.2841 0.2666 0.2497 0.2336 0.2183 0.2040 0.1907 0.1783 0.1668 0.1562 0.1462 0.1370 0.1285 0.1206 0.1133 0.1066 0.1004 0.0948 0.0896 0.0847 0.0770
0.0825 0.0911 0.0966 0.1025 0.1088 0.1157 0.1232 0.1313 0.1401 0.1495 0.1597 0.1705 0.1822 0.1946 0.2079 0.2220 0.2371 0.2530 0.2696 0.2869 0.3043 0.3212 0.3349 0.3395 0.3339 0.3214 0.3035 0.2804 0.2524 0.2189 0.1793 0.1322 0.0761 0.0549 0.0546 0.0556 0.0573 0.0595 0.0622 0.0654 0.0692 0.0735 0.0785 0.0842 0.0906 0.0977 0.1058 0.1148 0.1249 0.1356 0.1418 0.1356 0.1249 0.1148 0.1058 0.0977 0.0906 0.0842 0.0785 0.0735 0.0692 0.0654 0.0622 0.0595 0.0573 0.0556 0.0546 0.0549 0.0761 0.1322 0.1793 0.2189 0.2524 0.2804 0.3035 0.3214 0.3339 0.3395 0.3349 0.3212 0.3043 0.2869 0.2696 0.2530 0.2371 0.2220 0.2079 0.1946 0.1822 0.1705 0.1597 0.1495 0.1401 0.1313 0.1232 0.1157 0.1088 0.1025 0.0966 0.0911 0.0825
0.0887 0.0984 0.1045 0.1111 0.1182 0.1259 0.1342 0.1432 0.1528 0.1632 0.1744 0.1863 0.1989 0.2122 0.2263 0.2412 0.2569 0.2733 0.2902 0.3073 0.3235 0.3360 0.3394 0.3333 0.3209 0.3035 0.2812 0.2541 0.2219 0.1837 0.1382 0.0827 0.0555 0.0545 0.0554 0.0569 0.0590 0.0616 0.0646 0.0683 0.0724 0.0772 0.0827 0.0889 0.0958 0.1037 0.1124 0.1222 0.1331 0.1447 0.1515 0.1447 0.1331 0.1222 0.1124 0.1037 0.0958 0.0889 0.0827 0.0772 0.0724 0.0683 0.0646 0.0616 0.0590 0.0569 0.0554 0.0545 0.0555 0.0827 0.1382 0.1837 0.2219 0.2541 0.2812 0.3035 0.3209 0.3333 0.3394 0.3360 0.3235 0.3073 0.2902 0.2733 0.2569 0.2412 0.2263 0.2122 0.1989 0.1863 0.1744 0.1632 0.1528 0.1432 0.1342 0.1259 0.1182 0.1111 0.1045 0.0984 0.0887
0.0957 0.1065 0.1134 0.1207 0.1286 0.1371 0.1464 0.1563 0.1669 0.1783 0.1904 0.2033 0.2169 0.2311 0.2460 0.2615 0.2776 0.2942 0.3108 0.3263 0.3374 0.3390 0.3322 0.3196 0.3022 0.2804 0.2541 0.2229 0.1861 0.1423 0.0882 0.0562 0.0544 0.0552 0.0566 0.0586 0.0611 0.0640 0.0675 0.0715 0.0761 0.0813 0.0873 0.0940 0.1016 0.1101 0.1196 0.1302 0.1420 0.1545 0.1619 0.1545 0.1420 0.1302 0.1196 0.1101 0.1016 0.0940 0.0873 0.0813 0.0761 0.0715 0.0675 0.0640 0.0611 0.0586 0.0566 0.0552 0.0544 0.0562 0.0882 0.1423 0.1861 0.2229 0.2541 0.2804 0.3022 0.3196 0.3322 0.3390 0.3374 0.3263 0.3108 0.2942 0.2776 0.2615 0.2460 0.2311 0.2169 0.2033 0.1904 0.1783 0.1669 0.1563 0.1464 0.1371 0.1286 0.1207 0.1134 0.1065 0.0957
0.1037 0.1156 0.1233 0.1314 0.1402 0.1496 0.1598 0.1707 0.1823 0.1947 0.2078 0.2216 0.2361 0.2511 0.2667 0.2826 0.2989 0.3150 0.3295 0.3386 0.3382 0.3305 0.3175 0.3000 0.2783 0.2524 0.2219 0.1861 0.1438 0.0914 0.0569 0.0544 0.0551 0.0564 0.0583 0.0606 0.0635 0.0668 0.0707 0.0751 0.0801 0.0858 0.0923 0.0996 0.1079 0.1171 0.1274 0.1389 0.1516 0.1650 0.1730 0.1650 0.1516 0.1389 0.1274 0.1171 0.1079 0.0996 0.0923 0.0858 0.0801 0.0751 0.0707 0.0668 0.0635 0.0606 0.0583 0.0564 0.0551 0.0544 0.0569 0.0914 0.1438 0.1861 0.2219 0.2524 0.2783 0.3000 0.3175 0.3305 0.3382 0.3386 0.3295 0.3150 0.2989 0.2826 0.2667 0.2511 0.2361 0.2216 0.2078 0.1947 0.1823 0.1707 0.1598 0.1496 0.1402 0.1314 0.1233 0.1156 0.1037
0.1125 0.1257 0.1343 0.1433 0.1530 0.1634 0.1745 0.1864 0.1990 0.2124 0.2264 0.2411 0.2563 0.2720 0.2880 0.3041 0.3196 0.3328 0.3394 0.3370 0.3282 0.3146 0.2968 0.2750 0.2491 0.2189 0.1837 0.1423 0.0914 0.0572 0.0544 0.0550 0.0563 0.0581 0.0603 0.0630 0.0662 0.0700 0.0743 0.0791 0.0847 0.0909 0.0979 0.1059 0.1148 0.1248 0.1359 0.1482 0.1619 0.1763 0.1849 0.1763 0.1619 0.1482 0.1359 0.1248 0.1148 0.1059 0.0979 0.0909 0.0847 0.0791 0.0743 0.0700 0.0662 0.0630 0.0603 0.0581 0.0563 0.0550 0.0544 0.0572 0.0914 0.1423 0.1837 0.2189 0.2491 0.2750 0.2968 0.3146 0.3282 0.3370 0.3394 0.3328 0.3196 0.3041 0.2880 0.2720 0.2563 0.2411 0.2264 0.2124 0.1990 0.1864 0.1745 0.1634 0.1530 0.1433 0.1343 0.1257 0.1125
0.1225 0.1370 0.1465 0.1564 0.1670 0.1784 0.1906 0.2034 0.2170 0.2313 0.2462 0.2616 0.2774 0.2935 0.3094 0.3244 0.3358 0.3395 0.3351 0.3253 0.3110 0.2928 0.2707 0.2447 0.2144 0.1793 0.1382 0.0882 0.0569 0.0544 0.0550 0.0562 0.0579 0.0601 0.0627 0.0658 0.0694 0.0736 0.0783 0.0837 0.0897 0.0965 0.1041 0.1127 0.1224 0.1331 0.1451 0.1583 0.1729 0.1884 0.1976 0.1884 0.1729 0.1583 0.1451 0.1331 0.1224 0.1127 0.1041 0.0965 0.0897 0.0837 0.0783 0.0736 0.0694 0.0658 0.0627 0.0601 0.0579 0.0562 0.0550 0.0544 0.0569 0.0882 0.1382 0.1793 0.2144 0.2447 0.2707 0.2928 0.3110 0.3253 0.3351 0.3395 0.3358 0.3244 0.3094 0.2935 0.2774 0.2616 0.2462 0.2313 0.2170 0.2034 0.1906 0.1784 0.1670 0.1564 0.1465 0.1370 0.1225
0.1336 0.1495 0.1599 0.1708 0.1824 0.1948 0.2079 0.2218 0.2362 0.2513 0.2669 0.2828 0.2989 0.3147 0.3288 0.3381 0.3388 0.3325 0.3215 0.3065 0.2878 0.2654 0.2391 0.2086 0.1734 0.1322 0.0827 0.0562 0.0544 0.0550 0.0562 0.0579 0.0600 0.0625 0.0655 0.0690 0.0731 0.0776 0.0828 0.0887 0.0953 0.1027 0.1110 0.1203 0.1307 0.1422 0.1550 0.1691 0.1847 0.2011 0.2111 0.2011 0.1847 0.1691 0.1550 0.1422 0.1307 0.1203 0.1110 0.1027 0.0953 0.0887 0.0828 0.0776 0.0731 0.0690 0.0655 0.0625 0.0600 0.0579 0.0562 0.0550 0.0544 0.0562 0.0827 0.1322 0.1734 0.2086 0.2391 0.2654 0.2878 0.3065 0.3215 0.3325 0.3388 0.3381 0.3288 0.3147 0.2989 0.2828 0.2669 0.2513 0.2362 0.2218 0.2079 0.1948 0.1824 0.1708 0.1599 0.1495 0.1336
0.1460 0.1632 0.1746 0.1865 0.1992 0.2125 0.2266 0.2412 0.2565 0.2722 0.2882 0.3043 0.3197 0.3327 0.3393 0.3373 0.3293 0.3170 0.3011 0.2818 0.2590 0.2323 0.2016 0.1661 0.1245 0.0761 0.0555 0.0544 0.0551 0.0563 0.0579 0.0600 0.0625 0.0654 0.0688 0.0727 0.0771 0.0822 0.0879 0.0943 0.1014 0.1095 0.1185 0.1286 0.1398 0.1522 0.1658 0.1808 0.1973 0.2147 0.2253 0.2147 0.1973 0.1808 0.1658 0.1522 0.1398 0.1286 0.1185 0.1095 0.1014 0.0943 0.0879 0.0822 0.0771 0.0727 0.0688 0.0654 0.0625 0.0600 0.0579 0.0563 0.0551 0.0544 0.0555 0.0761 0.1245 0.1661 0.2016 0.2323 0.2590 0.2818 0.3011 0.3170 0.3293 0.3373 0.3393 0.3327 0.3197 0.3043 0.2882 0.2722 0.2565 0.2412 0.2266 0.2125 0.1992 0.1865 0.1746 0.1632 0.1460
0.1597 0.1783 0.1907 0.2036 0.2172 0.2314 0.2463 0.2617 0.2776 0.2936 0.3096 0.3245 0.3359 0.3395 0.3352 0.3256 0.3120 0.2950 0.2747 0.2513 0.2241 0.1930 0.1570 0.1145 0.0688 0.0549 0.0545 0.0552 0.0564 0.0581 0.0601 0.0625 0.0654 0.0687 0.0725 0.0768 0.0817 0.0873 0.0935 0.1005 0.1083 0.1170 0.1268 0.1376 0.1497 0.1630 0.1775 0.1934 0.2108 0.2290 0.2404 0.2290 0.2108 0.1934 0.1775 0.1630 0.1497 0.1376 0.1268 0.1170 0.1083 0.1005 0.0935 0.0873 0.0817 0.0768 0.0725 0.0687 0.0654 0.0625 0.0601 0.0581 0.0564 0.0552 0.0545 0.0549 0.0688 0.1145 0.1570 0.1930 0.2241 0.2513 0.2747 0.2950 0.3120 0.3256 0.3352 0.3395 0.3359 0.3245 0.3096 0.2936 0.2776 0.2617 0.2463 0.2314 0.2172 0.2036 0.1907 0.1783 0.1597
0.1749 0.1947 0.2081 0.2219 0.2364 0.2515 0.2670 0.2830 0.2991 0.3148 0.3290 0.3382 0.3388 0.3325 0.3214 0.3066 0.2885 0.2672 0.2426 0.2146 0.1827 0.1460 0.1021 0.0623 0.0545 0.0546 0.0554 0.0566 0.0583 0.0603 0.0627 0.0655 0.0688 0.0725 0.0767 0.0815 0.0869 0.0929 0.0998 0.1073 0.1158 0.1253 0.1358 0.1475 0.1605 0.1746 0.1901 0.2069 0.2251 0.2442 0.2562 0.2442 0.2251 0.2069 0.1901 0.1746 0.1605 0.1475 0.1358 0.1253 0.1158 0.1073 0.0998 0.0929 0.0869 0.0815 0.0767 0.0725 0.0688 0.0655 0.0627 0.0603 0.0583 0.0566 0.0554 0.0546 0.0545 0.0623 0.1021 0.1460 0.1827 0.2146 0.2426 0.2672 0.2885 0.3066 0.3214 0.3325 0.3388 0.3382 0.3290 0.3148 0.2991 0.2830 0.2670 0.2515 0.2364 0.2219 0.2081 0.1947 0.1749
0.1916 0.2124 0.2267 0.2414 0.2566 0.2724 0.2884 0.3044 0.3199 0.3328 0.3394 0.3373 0.3292 0.3168 0.3009 0.2817 0.2593 0.2336 0.2044 0.1713 0.1333 0.0880 0.0580 0.0543 0.0547 0.0556 0.0569 0.0586 0.0606 0.0630 0.0658 0.0690 0.0727 0.0768 0.0815 0.0867 0.0926 0.0993 0.1067 0.1150 0.1242 0.1344 0.1458 0.1583 0.1722 0.1873 0.2037 0.2214 0.2404 0.2601 0.2727 0.2601 0.2404 0.2214 0.2037 0.1873 0.1722 0.1583 0.1458 0.1344 0.1242 0.1150 0.1067 0.0993 0.0926 0.0867 0.0815 0.0768 0.0727 0.0690 0.0658 0.0630 0.0606 0.0586 0.0569 0.0556 0.0547 0.0543 0.0580 0.0880 0.1333 0.1713 0.2044 0.2336 0.2593 0.2817 0.3009 0.3168 0.3292 0.3373 0.3394 0.3328 0.3199 0.3044 0.2884 0.2724 0.2566 0.2414 0.2267 0.2124 0.1916
0.2098 0.2314 0.2465 0.2619 0.2777 0.2938 0.3098 0.3247 0.3360 0.3395 0.3351 0.3255 0.3118 0.2948 0.2745 0.2510 0.2242 0.1937 0.1591 0.1189 0.0743 0.0557 0.0544 0.0549 0.0559 0.0573 0.0590 0.0611 0.0635 0.0662 0.0694 0.0731 0.0771 0.0817 0.0869 0.0926 0.0991 0.1063 0.1144 0.1234 0.1334 0.1444 0.1566 0.1701 0.1848 0.2009 0.2182 0.2367 0.2564 0.2767 0.2898 0.2767 0.2564 0.2367 0.2182 0.2009 0.1848 0.1701 0.1566 0.1444 0.1334 0.1234 0.1144 0.1063 0.0991 0.0926 0.0869 0.0817 0.0771 0.0731 0.0694 0.0662 0.0635 0.0611 0.0590 0.0573 0.0559 0.0549 0.0544 0.0557 0.0743 0.1189 0.1591 0.1937 0.2242 0.2510 0.2745 0.2948 0.3118 0.3255 0.3351 0.3395 0.3360 0.3247 0.3098 0.2938 0.2777 0.2619 0.2465 0.2314 0.2098
0.2295 0.2514 0.2672 0.2831 0.2992 0.3150 0.3291 0.3382 0.3388 0.3324 0.3213 0.3064 0.2883 0.2669 0.2423 0.2143 0.1825 0.1463 0.1035 0.0638 0.0547 0.0545 0.0552 0.0563 0.0577 0.0595 0.0616 0.0640 0.0668 0.0700 0.0736 0.0776 0.0822 0.0873 0.0929 0.0993 0.1063 0.1142 0.1230 0.1328 0.1435 0.1555 0.1686 0.1829 0.1986 0.2155 0.2336 0.2528 0.2730 0.2937 0.3070 0.2937 0.2730 0.2528 0.2336 0.2155 0.1986 0.1829 0.1686 0.1555 0.1435 0.1328 0.1230 0.1142 0.1063 0.0993 0.0929 0.0873 0.0822 0.0776 0.0736 0.0700 0.0668 0.0640 0.0616 0.0595 0.0577 0.0563 0.0552 0.0545 0.0547 0.0638 0.1035 0.1463 0.1825 0.2143 0.2423 0.2669 0.2883 0.3064 0.3213 0.3324 0.3388 0.3382 0.3291 0.3150 0.2992 0.2831 0.2672 0.2514 0.2295
0.2507 0.2724 0.2886 0.3046 0.3200 0.3330 0.3394 0.3372 0.3291 0.3167 0.3007 0.2814 0.2590 0.2333 0.2041 0.1709 0.1328 0.0878 0.0581 0.0544 0.0547 0.0555 0.0567 0.0582 0.0600 0.0622 0.0646 0.0675 0.0707 0.0743 0.0783 0.0828 0.0879 0.0935 0.0998 0.1067 0.1144 0.1230 0.1326 0.1431 0.1548 0.1676 0.1816 0.1968 0.2133 0.2310 0.2499 0.2696 0.2901 0.3107 0.3234 0.3107 0.2901 0.2696 0.2499 0.2310 0.2133 0.1968 0.1816 0.1676 0.1548 0.1431 0.1326 0.1230 0.1144 0.1067 0.0998 0.0935 0.0879 0.0828 0.0783 0.0743 0.0707 0.0675 0.0646 0.0622 0.0600 0.0582 0.0567 0.0555 0.0547 0.0544 0.0581 0.0878 0.1328 0.1709 0.2041 0.2333 0.2590 0.2814 0.3007 0.3167 0.3291 0.3372 0.3394 0.3330 0.3200 0.3046 0.2886 0.2724 0.2507
0.2733 0.2939 0.3099 0.3248 0.3361 0.3395 0.3350 0.3253 0.3117 0.2946 0.2742 0.2507 0.2238 0.1933 0.1587 0.1185 0.0739 0.0557 0.0544 0.0549 0.0559 0.0572 0.0588 0.0607 0.0629 0.0654 0.0683 0.0715 0.0751 0.0791 0.0837 0.0887 0.0943 0.1005 0.1073 0.1150 0.1234 0.1328 0.1431 0.1546 0.1671 0.1808 0.1957 0.2119 0.2292 0.2476 0.2669 0.2870 0.3073 0.3265 0.3360 0.3265 0.3073 0.2870 0.2669 0.2476 0.2292 0.2119 0.1957 0.1808 0.1671 0.1546 0.1431 0.1328 0.1234 0.1150 0.1073 0.1005 0.0943 0.0887 0.0837 0.0791 0.0751 0.0715 0.0683 0.0654 0.0629 0.0607 0.0588 0.0572 0.0559 0.0549 0.0544 0.0557 0.0739 0.1185 0.1587 0.1933 0.2238 0.2507 0.2742 0.2946 0.3117 0.3253 0.3350 0.3395 0.3361 0.3248 0.3099 0.2939 0.2733
0.2968 0.3151 0.3292 0.3383 0.3387 0.3323 0.3211 0.3063 0.2881 0.2667 0.2420 0.2140 0.1822 0.1459 0.1030 0.0635 0.0547 0.0545 0.0552 0.0563 0.0577 0.0594 0.0614 0.0637 0.0663 0.0692 0.0724 0.0761 0.0801 0.0847 0.0897 0.0953 0.1014 0.1083 0.1158 0.1242 0.1334 0.1435 0.1548 0.1671 0.1806 0.1952 0.2110 0.2279 0.2459 0.2649 0.2846 0.3047 0.3237 0.3376 0.3393 0.3376 0.3237 0.3047 0.2846 0.2649 0.2459 0.2279 0.2110 0.1952 0.1806 0.1671 0.1548 0.1435 0.1334 0.1242 0.1158 0.1083 0.1014 0.0953 0.0897 0.0847 0.0801 0.0761 0.0724 0.0692 0.0663 0.0637 0.0614 0.0594 0.0577 0.0563 0.0552 0.0545 0.0547 0.0635 0.1030 0.1459 0.1822 0.2140 0.2420 0.2667 0.2881 0.3063 0.3211 0.3323 0.3387 0.3383 0.3292 0.3151 0.2968
0.3207 0.3331 0.3394 0.3372 0.3290 0.3165 0.3005 0.2812 0.2587 0.2330 0.2037 0.1705 0.1324 0.0873 0.0580 0.0544 0.0547 0.0555 0.0567 0.0582 0.0600 0.0621 0.0645 0.0672 0.0702 0.0735 0.0772 0.0813 0.0858 0.0909 0.0965 0.1027 0.1095 0.1170 0.1253 0.1344 0.1444 0.1555 0.1676 0.1808 0.1952 0.2107 0.2273 0.2449 0.2635 0.2829 0.3026 0.3217 0.3362 0.3389 0.3336 0.3389 0.3362 0.3217 0.3026 0.2829 0.2635 0.2449 0.2273 0.2107 0.1952 0.1808 0.1676 0.1555 0.1444 0.1344 0.1253 0.1170 0.1095 0.1027 0.0965 0.0909 0.0858 0.0813 0.0772 0.0735 0.0702 0.0672 0.0645 0.0621 0.0600 0.0582 0.0567 0.0555 0.0547 0.0544 0.0580 0.0873 0.1324 0.1705 0.2037 0.2330 0.2587 0.2812 0.3005 0.3165 0.3290 0.3372 0.3394 0.3331 0.3207
0.3420 0.3395 0.3349 0.3252 0.3115 0.2944 0.2740 0.2504 0.2235 0.1930 0.1583 0.1180 0.0735 0.0556 0.0544 0.0549 0.0559 0.0572 0.0588 0.0607 0.0629 0.0654 0.0682 0.0713 0.0747 0.0785 0.0827 0.0873 0.0923 0.0979 0.1041 0.1110 0.1185 0.1268 0.1358 0.1458 0.1566 0.1686 0.1816 0.1957 0.2110 0.2273 0.2446 0.2628 0.2818 0.3012 0.3201 0.3352 0.3393 0.3317 0.3220 0.3317 0.3393 0.3352 0.3201 0.3012 0.2818 0.2628 0.2446 0.2273 0.2110 0.1957 0.1816 0.1686 0.1566 0.1458 0.1358 0.1268 0.1185 0.1110 0.1041 0.0979 0.0923 0.0873 0.0827 0.0785 0.0747 0.0713 0.0682 0.0654 0.0629 0.0607 0.0588 0.0572 0.0559 0.0549 0.0544 0.0556 0.0735 0.1180 0.1583 0.1930 0.2235 0.2504 0.2740 0.2944 0.3115 0.3252 0.3349 0.3395 0.3420
0.3510 0.3322 0.3210 0.3061 0.2878 0.2664 0.2417 0.2137 0.1818 0.1454 0.1025 0.0633 0.0546 0.0545 0.0552 0.0563 0.0577 0.0594 0.0614 0.0637 0.0663 0.0692 0.0724 0.0760 0.0799 0.0842 0.0889 0.0940 0.0996 0.1059 0.1127 0.1203 0.1286 0.1376 0.1475 0.1583 0.1701 0.1829 0.1968 0.2119 0.2279 0.2449 0.2628 0.2815 0.3006 0.3192 0.3344 0.3395 0.3330 0.3189 0.3057 0.3189 0.3330 0.3395 0.3344 0.3192 0.3006 0.2815 0.2628 0.2449 0.2279 0.2119 0.1968 0.1829 0.1701 0.1583 0.1475 0.1376 0.1286 0.1203 0.1127 0.1059 0.0996 0.0940 0.0889 0.0842 0.0799 0.0760 0.0724 0.0692 0.0663 0.0637 0.0614 0.0594 0.0577 0.0563 0.0552 0.0545 0.0546 0.0633 0.1025 0.1454 0.1818 0.2137 0.2417 0.2664 0.2878 0.3061 0.3210 0.3322 0.3510
0.3428 0.3164 0.3003 0.2810 0.2585 0.2327 0.2034 0.1701 0.1319 0.0868 0.0579 0.0544 0.0547 0.0555 0.0567 0.0582 0.0600 0.0621 0.0645 0.0672 0.0702 0.0736 0.0772 0.0813 0.0857 0.0906 0.0958 0.1016 0.1079 0.1148 0.1224 0.1307 0.1398 0.1497 0.1605 0.1722 0.1848 0.1986 0.2133 0.2292 0.2459 0.2635 0.2818 0.3006 0.3188 0.3340 0.3395 0.3337 0.3206 0.3014 0.2852 0.3014 0.3206 0.3337 0.3395 0.3340 0.3188 0.3006 0.2818 0.2635 0.2459 0.2292 0.2133 0.1986 0.1848 0.1722 0.1605 0.1497 0.1398 0.1307 0.1224 0.1148 0.1079 0.1016 0.0958 0.0906 0.0857 0.0813 0.0772 0.0736 0.0702 0.0672 0.0645 0.0621 0.0600 0.0582 0.0567 0.0555 0.0547 0.0544 0.0579 0.0868 0.1319 0.1701 0.2034 0.2327 0.2585 0.2810 0.3003 0.3164 0.3428
0.3251 0.2941 0.2738 0.2502 0.2232 0.1926 0.1579 0.1175 0.0731 0.0556 0.0544 0.0549 0.0559 0.0572 0.0588 0.0607 0.0629 0.0654 0.0682 0.0713 0.0748 0.0786 0.0827 0.0873 0.0923 0.0977 0.1037 0.1101 0.1171 0.1248 0.1331 0.1422 0.1522 0.1630 0.1746 0.1873 0.2009 0.2155 0.2310 0.2476 0.2649 0.2829 0.3012 0.3192 0.3340 0.3395 0.3340 0.3214 0.3032 0.2795 0.2604 0.2795 0.3032 0.3214 0.3340 0.3395 0.3340 0.3192 0.3012 0.2829 0.2649 0.2476 0.2310 0.2155 0.2009 0.1873 0.1746 0.1630 0.1522 0.1422 0.1331 0.1248 0.1171 0.1101 0.1037 0.0977 0.0923 0.0873 0.0827 0.0786 0.0748 0.0713 0.0682 0.0654 0.0629 0.0607 0.0588 0.0572 0.0559 0.0549 0.0544 0.0556 0.0731 0.1175 0.1579 0.1926 0.2232 0.2502 0.2738 0.2941 0.3251
0.3007 0.2662 0.2415 0.2133 0.1814 0.1450 0.1020 0.0630 0.0546 0.0545 0.0552 0.0563 0.0577 0.0594 0.0614 0.0637 0.0663 0.0692 0.0724 0.0760 0.0799 0.0842 0.0889 0.0941 0.0997 0.1058 0.1124 0.1196 0.1274 0.1359 0.1451 0.1550 0.1658 0.1775 0.1901 0.2037 0.2182 0.2336 0.2499 0.2669 0.2846 0.3026 0.3201 0.3344 0.3395 0.3340 0.3216 0.3038 0.2812 0.2533 0.2312 0.2533 0.2812 0.3038 0.3216 0.3340 0.3395 0.3344 0.3201 0.3026 0.2846 0.2669 0.2499 0.2336 0.2182 0.2037 0.1901 0.1775 0.1658 0.1550 0.1451 0.1359 0.1274 0.1196 0.1124 0.1058 0.0997 0.0941 0.0889 0.0842 0.0799 0.0760 0.0724 0.0692 0.0663 0.0637 0.0614 0.0594 0.0577 0.0563 0.0552 0.0545 0.0546 0.0630 0.1020 0.1450 0.1814 0.2133 0.2415 0.2662 0.3007
0.2701 0.2324 0.2030 0.1697 0.1315 0.0863 0.0578 0.0544 0.0547 0.0555 0.0567 0.0582 0.0601 0.0622 0.0646 0.0673 0.0703 0.0736 0.0773 0.0813 0.0858 0.0906 0.0959 0.1017 0.1080 0.1148 0.1222 0.1302 0.1389 0.1482 0.1583 0.1691 0.1808 0.1934 0.2069 0.2214 0.2367 0.2528 0.2696 0.2870 0.3047 0.3217 0.3352 0.3395 0.3337 0.3214 0.3038 0.2816 0.2548 0.2225 0.1972 0.2225 0.2548 0.2816 0.3038 0.3214 0.3337 0.3395 0.3352 0.3217 0.3047 0.2870 0.2696 0.2528 0.2367 0.2214 0.2069 0.1934 0.1808 0.1691 0.1583 0.1482 0.1389 0.1302 0.1222 0.1148 0.1080 0.1017 0.0959 0.0906 0.0858 0.0813 0.0773 0.0736 0.0703 0.0673 0.0646 0.0622 0.0601 0.0582 0.0567 0.0555 0.0547 0.0544 0.0578 0.0863 0.1315 0.1697 0.2030 0.2324 0.2701
0.2331 0.1922 0.1573 0.1169 0.0726 0.0555 0.0544 0.0549 0.0559 0.0572 0.0588 0.0607 0.0630 0.0655 0.0683 0.0714 0.0748 0.0786 0.0828 0.0874 0.0924 0.0978 0.1038 0.1102 0.1172 0.1249 0.1331 0.1420 0.1516 0.1619 0.1729 0.1847 0.1973 0.2108 0.2251 0.2404 0.2564 0.2730 0.2901 0.3073 0.3237 0.3362 0.3393 0.3330 0.3206 0.3032 0.2812 0.2548 0.2237 0.1864 0.1572 0.1864 0.2237 0.2548 0.2812 0.3032 0.3206 0.3330 0.3393 0.3362 0.3237 0.3073 0.2901 0.2730 0.2564 0.2404 0.2251 0.2108 0.1973 0.1847 0.1729 0.1619 0.1516 0.1420 0.1331 0.1249 0.1172 0.1102 0.1038 0.0978 0.0924 0.0874 0.0828 0.0786 0.0748 0.0714 0.0683 0.0655 0.0630 0.0607 0.0588 0.0572 0.0559 0.0549 0.0544 0.0555 0.0726 0.1169 0.1573 0.1922 0.2331
0.1881 0.1436 0.1019 0.0631 0.0546 0.0545 0.0552 0.0562 0.0576 0.0593 0.0613 0.0636 0.0662 0.0691 0.0723 0.0758 0.0797 0.0840 0.0887 0.0938 0.0994 0.1055 0.1121 0.1193 0.1271 0.1356 0.1447 0.1545 0.1650 0.1763 0.1884 0.2011 0.2147 0.2290 0.2442 0.2601 0.2767 0.2937 0.3107 0.3265 0.3376 0.3389 0.3317 0.3189 0.3014 0.2795 0.2533 0.2225 0.1864 0.1436 0.1101 0.1436 0.1864 0.2225 0.2533 0.2795 0.3014 0.3189 0.3317 0.3389 0.3376 0.3265 0.3107 0.2937 0.2767 0.2601 0.2442 0.2290 0.2147 0.2011 0.1884 0.1763 0.1650 0.1545 0.1447 0.1356 0.1271 0.1193 0.1121 0.1055 0.0994 0.0938 0.0887 0.0840 0.0797 0.0758 0.0723 0.0691 0.0662 0.0636 0.0613 0.0593 0.0576 0.0562 0.0552 0.0545 0.0546 0.0631 0.1019 0.1436 0.1881
0.1529 0.1058 0.0660 0.0545 0.0543 0.0548 0.0558 0.0571 0.0587 0.0606 0.0628 0.0653 0.0680 0.0712 0.0746 0.0784 0.0825 0.0871 0.0921 0.0975 0.1035 0.1100 0.1170 0.1246 0.1329 0.1418 0.1515 0.1619 0.1730 0.1849 0.1976 0.2111 0.2253 0.2404 0.2562 0.2727 0.2898 0.3070 0.3234 0.3360 0.3393 0.3336 0.3220 0.3057 0.2852 0.2604 0.2312 0.1972 0.1572 0.1101 0.0776 0.1101 0.1572 0.1972 0.2312 0.2604 0.2852 0.3057 0.3220 0.3336 0.3393 0.3360 0.3234 0.3070 0.2898 0.2727 0.2562 0.2404 0.2253 0.2111 0.1976 0.1849 0.1730 0.1619 0.1515 0.1418 0.1329 0.1246 0.1170 0.1100 0.1035 0.0975 0.0921 0.0871 0.0825 0.0784 0.0746 0.0712 0.0680 0.0653 0.0628 0.0606 0.0587 0.0571 0.0558 0.0548 0.0543 0.0545 0.0660 0.1058 0.1529
0.1881 0.1436 0.1019 0.0631 0.0546 0.0545 0.0552 0.0562 0.0576 0.0593 0.0613 0.0636 0.0662 0.0691 0.0723 0.0758 0.0797 0.0840 0.0887 0.0938 0.0994 0.1055 0.1121 0.1193 0.1271 0.1356 0.1447 0.1545 0.1650 0.1763 0.1884 0.2011 0.2147 0.2290 0.2442 0.2601 0.2767 0.2937 0.3107 0.3265 0.3376 0.3389 0.3317 0.3189 0.3014 0.2795 0.2533 0.2225 0.1864 0.1436 0.1101 0.1436 0.1864 0.2225 0.2533 0.2795 0.3014 0.3189 0.3317 0.3389 0.3376 0.3265 0.3107 0.2937 0.2767 0.2601 0.2442 0.2290 0.2147 0.2011 0.1884 0.1763 0.1650 0.1545 0.1447 0.1356 0.1271 0.1193 0.1121 0.1055 0.0994 0.0938 0.0887 0.0840 0.0797 0.0758 0.0723 0.0691 0.0662 0.0636 0.0613 0.0593 0.0576 0.0562 0.0552 0.0545 0.0546 0.0631 0.1019 0.1436 0.1881
0.2331 0.1922 0.1573 0.1169 0.0726 0.0555 0.0544 0.0549 0.0559 0.0572 0.0588 0.0607 0.0630 0.0655 0.0683 0.0714 0.0748 0.0786 0.0828 0.0874 0.0924 0.0978 0.1038 0.1102 0.1172 0.1249 0.1331 0.1420 0.1516 0.1619 0.1729 0.1847 0.1973 0.2108 0.2251 0.2404 0.2564 0.2730 0.2901 0.3073 0.3237 0.3362 0.3393 0.3330 0.3206 0.3032 0.2812 0.2548 0.2237 0.1864 0.1572 0.1864 0.2237 0.2548 0.2812 0.3032 0.3206 0.3330 0.3393 0.3362 0.3237 0.3073 0.2901 0.2730 0.2564 0.2404 0.2251 0.2108 0.1973 0.1847 0.1729 0.1619 0.1516 0.1420 0.1331 0.1249 0.1172 0.1102 0.1038 0.0978 0.0924 0.0874 0.0828 0.0786 0.0748 0.0714 0.0683 0.0655 0.0630 0.0607 0.0588 0.0572 0.0559 0.0549 0.0544 0.0555 0.0726 0.1169 0.1573 0.1922 0.2331
0.2701 0.2324 0.2030 0.1697 0.1315 0.0863 0.0578 0.0544 0.0547 0.0555 0.0567 0.0582 0.0601 0.0622 0.0646 0.0673 0.0703 0.0736 0.0773 0.0813 0.0858 0.0906 0.0959 0.1017 0.1080 0.1148 0.1222 0.1302 0.1389 0.1482 0.1583 0.1691 0.1808 0.1934 0.2069 0.2214 0.2367 0.2528 0.2696 0.2870 0.3047 0.3217 0.3352 0.3395 0.3337 0.3214 0.3038 0.2816 0.2548 0.2225 0.1972 0.2225 0.2548 0.2816 0.3038 0.3214 0.3337 0.3395 0.3352 0.3217 0.3047 0.2870 0.2696 0.2528 0.2367 0.2214 0.2069 0.1934 0.1808 0.1691 0.1583 0.1482 0.1389 0.1302 0.1222 0.1148 0.1080 0.1017 0.0959 0.0906 0.0858 0.0813 0.0773 0.0736 0.0703 0.0673 0.0646 0.0622 0.0601 0.0582 0.0567 0.0555 0.0547 0.0544 0.0578 0.0863 0.1315 0.1697 0.2030 0.2324 0.2701
0.3007 0.2662 0.2415 0.2133 0.1814 0.1450 0.1020 0.0630 0.0546 0.0545 0.0552 0.0563 0.0577 0.0594 0.0614 0.0637 0.0663 0.0692 0.0724 0.0760 0.0799 0.0842 0.0889 0.0941 0.0997 0.1058 0.1124 0.1196 0.1274 0.1359 0.1451 0.1550 0.1658 0.1775 0.1901 0.2037 0.2182 0.2336 0.2499 0.2669 0.2846 0.3026 0.3201 0.3344 0.3395 0.3340 0.3216 0.3038 0.2812 0.2533 0.2312 0.2533 0.2812 0.3038 0.3216 0.3340 0.3395 0.3344 0.3201 0.3026 0.2846 0.2669 0.2499 0.2336 0.2182 0.2037 0.1901 0.1775 0.1658 0.1550 0.1451 0.1359 0.1274 0.1196 0.1124 0.1058 0.0997 0.0941 0.0889 0.0842 0.0799 0.0760 0.0724 0.0692 0.0663 0.0637 0.0614 0.0594 0.0577 0.0563 0.0552 0.0545 0.0546 0.0630 0.1020 0.1450 0.1814 0.2133 0.2415 0.2662 0.3007
0.3251 0.2941 0.2738 0.2502 0.2232 0.1926 0.1579 0.1175 0.0731 0.0556 0.0544 0.0549 0.0559 0.0572 0.0588 0.0607 0.0629 0.0654 0.0682 0.0713 0.0748 0.0786 0.0827 0.0873 0.0923 0.0977 0.1037 0.1101 0.1171 0.1248 0.1331 0.1422 0.1522 0.1630 0.1746 0.1873 0.2009 0.2155 0.2310 0.2476 0.2649 0.2829 0.3012 0.3192 0.3340 0.3395 0.3340 0.3214 0.3032 0.2795 0.2604 0.2795 0.3032 0.3214 0.3340 0.3395 0.3340 0.3192 0.3012 0.2829 0.2649 0.2476 0.2310 0.2155 0.2009 0.1873 0.1746 0.1630 0.1522 0.1422 0.1331 0.1248 0.1171 0.1101 0.1037 0.0977 0.0923 0.0873 0.0827 0.0786 0.0748 0.0713 0.0682 0.0654 0.0629 0.0607 0.0588 0.0572 0.0559 0.0549 0.0544 0.0556 0.0731 0.1175 0.1579 0.1926 0.2232 0.2502 0.2738 0.2941 0.3251
