-0.2871 -0.3003 -0.3090 -0.3171 -0.3247 -0.3319 -0.3385 -0.3444 -0.3494 -0.3535 -0.3563 -0.3578 -0.3576 -0.3555 -0.3513 -0.3447 -0.3353 -0.3219 -0.2989 -0.2371 -0.0756 0.0270 0.0742 0.1095 0.1418 0.1748 0.2111 0.2565 0.2908 -0.0898 -0.1943 -0.2182 -0.2352 -0.2489 -0.2608 -0.2716 -0.2816 -0.2910 -0.3000 -0.3085 -0.3166 -0.3243 -0.3315 -0.3381 -0.3441 -0.3492 -0.3533 -0.3562 -0.3577 -0.3588 -0.3614 -0.3588 -0.3577 -0.3562 -0.3533 -0.3492 -0.3441 -0.3381 -0.3315 -0.3243 -0.3166 -0.3085 -0.3000 -0.2910 -0.2816 -0.2716 -0.2608 -0.2489 -0.2352 -0.2182 -0.1943 -0.0898 0.2908 0.2565 0.2111 0.1748 0.1418 0.1095 0.0742 0.0270 -0.0756 -0.2371 -0.2989 -0.3219 -0.3353 -0.3447 -0.3513 -0.3555 -0.3576 -0.3578 -0.3563 -0.3535 -0.3494 -0.3444 -0.3385 -0.3319 -0.3247 -0.3171 -0.3090 -0.3003 -0.2871
-0.3003 -0.3111 -0.3182 -0.3250 -0.3313 -0.3370 -0.3419 -0.3457 -0.3484 -0.3496 -0.3491 -0.3468 -0.3423 -0.3354 -0.3259 -0.3133 -0.2962 -0.2683 -0.1998 -0.0639 0.0167 0.0590 0.0918 0.1214 0.1508 0.1820 0.2181 0.2783 -0.0168 -0.2038 -0.2245 -0.2400 -0.2529 -0.2642 -0.2745 -0.2841 -0.2931 -0.3016 -0.3097 -0.3173 -0.3244 -0.3309 -0.3367 -0.3416 -0.3455 -0.3482 -0.3495 -0.3492 -0.3469 -0.3439 -0.3440 -0.3439 -0.3469 -0.3492 -0.3495 -0.3482 -0.3455 -0.3416 -0.3367 -0.3309 -0.3244 -0.3173 -0.3097 -0.3016 -0.2931 -0.2841 -0.2745 -0.2642 -0.2529 -0.2400 -0.2245 -0.2038 -0.0168 0.2783 0.2181 0.1820 0.1508 0.1214 0.0918 0.0590 0.0167 -0.0639 -0.1998 -0.2683 -0.2962 -0.3133 -0.3259 -0.3354 -0.3423 -0.3468 -0.3491 -0.3496 -0.3484 -0.3457 -0.3419 -0.3370 -0.3313 -0.3250 -0.3182 -0.3111 -0.3003
-0.3090 -0.3182 -0.3245 -0.3304 -0.3359 -0.3408 -0.3448 -0.3477 -0.3492 -0.3491 -0.3472 -0.3432 -0.3368 -0.3279 -0.3160 -0.3002 -0.2762 -0.2235 -0.0973 0.0021 0.0496 0.0840 0.1140 0.1433 0.1738 0.2082 0.2590 0.0988 -0.1830 -0.2203 -0.2367 -0.2500 -0.2616 -0.2722 -0.2819 -0.2910 -0.2997 -0.3078 -0.3155 -0.3227 -0.3293 -0.3353 -0.3404 -0.3446 -0.3475 -0.3492 -0.3492 -0.3474 -0.3434 -0.3387 -0.3382 -0.3387 -0.3434 -0.3474 -0.3492 -0.3492 -0.3475 -0.3446 -0.3404 -0.3353 -0.3293 -0.3227 -0.3155 -0.3078 -0.2997 -0.2910 -0.2819 -0.2722 -0.2616 -0.2500 -0.2367 -0.2203 -0.1830 0.0988 0.2590 0.2082 0.1738 0.1433 0.1140 0.0840 0.0496 0.0021 -0.0973 -0.2235 -0.2762 -0.3002 -0.3160 -0.3279 -0.3368 -0.3432 -0.3472 -0.3491 -0.3492 -0.3477 -0.3448 -0.3408 -0.3359 -0.3304 -0.3245 -0.3182 -0.3090
-0.3171 -0.3250 -0.3304 -0.3355 -0.3402 -0.3442 -0.3472 -0.3490 -0.3493 -0.3478 -0.3444 -0.3386 -0.3304 -0.3193 -0.3047 -0.2836 -0.2422 -0.1339 -0.0154 0.0395 0.0760 0.1066 0.1358 0.1659 0.1989 0.2418 0.2073 -0.1426 -0.2154 -0.2329 -0.2469 -0.2588 -0.2696 -0.2795 -0.2888 -0.2975 -0.3058 -0.3136 -0.3210 -0.3277 -0.3339 -0.3392 -0.3436 -0.3469 -0.3489 -0.3493 -0.3480 -0.3447 -0.3390 -0.3327 -0.3313 -0.3327 -0.3390 -0.3447 -0.3480 -0.3493 -0.3489 -0.3469 -0.3436 -0.3392 -0.3339 -0.3277 -0.3210 -0.3136 -0.3058 -0.2975 -0.2888 -0.2795 -0.2696 -0.2588 -0.2469 -0.2329 -0.2154 -0.1426 0.2073 0.2418 0.1989 0.1659 0.1358 0.1066 0.0760 0.0395 -0.0154 -0.1339 -0.2422 -0.2836 -0.3047 -0.3193 -0.3304 -0.3386 -0.3444 -0.3478 -0.3493 -0.3490 -0.3472 -0.3442 -0.3402 -0.3355 -0.3304 -0.3250 -0.3171
-0.3247 -0.3313 -0.3359 -0.3402 -0.3439 -0.3468 -0.3487 -0.3493 -0.3483 -0.3453 -0.3402 -0.3326 -0.3224 -0.3088 -0.2899 -0.2565 -0.1694 -0.0374 0.0284 0.0676 0.0991 0.1285 0.1581 0.1902 0.2288 0.2686 -0.0904 -0.2100 -0.2289 -0.2436 -0.2560 -0.2670 -0.2771 -0.2865 -0.2954 -0.3038 -0.3117 -0.3192 -0.3261 -0.3324 -0.3379 -0.3426 -0.3462 -0.3485 -0.3494 -0.3485 -0.3457 -0.3407 -0.3332 -0.3250 -0.3228 -0.3250 -0.3332 -0.3407 -0.3457 -0.3485 -0.3494 -0.3485 -0.3462 -0.3426 -0.3379 -0.3324 -0.3261 -0.3192 -0.3117 -0.3038 -0.2954 -0.2865 -0.2771 -0.2670 -0.2560 -0.2436 -0.2289 -0.2100 -0.0904 0.2686 0.2288 0.1902 0.1581 0.1285 0.0991 0.0676 0.0284 -0.0374 -0.1694 -0.2565 -0.2899 -0.3088 -0.3224 -0.3326 -0.3402 -0.3453 -0.3483 -0.3493 -0.3487 -0.3468 -0.3439 -0.3402 -0.3359 -0.3313 -0.3247
-0.3319 -0.3370 -0.3408 -0.3442 -0.3468 -0.3487 -0.3493 -0.3485 -0.3460 -0.3414 -0.3345 -0.3250 -0.3124 -0.2953 -0.2675 -0.1999 -0.0651 0.0161 0.0587 0.0915 0.1211 0.1505 0.1817 0.2177 0.2782 -0.0137 -0.2041 -0.2247 -0.2401 -0.2530 -0.2643 -0.2746 -0.2842 -0.2932 -0.3017 -0.3097 -0.3173 -0.3244 -0.3309 -0.3366 -0.3415 -0.3454 -0.3481 -0.3493 -0.3489 -0.3466 -0.3422 -0.3354 -0.3258 -0.3155 -0.3120 -0.3155 -0.3258 -0.3354 -0.3422 -0.3466 -0.3489 -0.3493 -0.3481 -0.3454 -0.3415 -0.3366 -0.3309 -0.3244 -0.3173 -0.3097 -0.3017 -0.2932 -0.2842 -0.2746 -0.2643 -0.2530 -0.2401 -0.2247 -0.2041 -0.0137 0.2782 0.2177 0.1817 0.1505 0.1211 0.0915 0.0587 0.0161 -0.0651 -0.1999 -0.2675 -0.2953 -0.3124 -0.3250 -0.3345 -0.3414 -0.3460 -0.3485 -0.3493 -0.3487 -0.3468 -0.3442 -0.3408 -0.3370 -0.3319
-0.3385 -0.3419 -0.3448 -0.3472 -0.3487 -0.3493 -0.3486 -0.3463 -0.3421 -0.3358 -0.3270 -0.3152 -0.2996 -0.2758 -0.2234 -0.0978 0.0016 0.0493 0.0837 0.1138 0.1430 0.1736 0.2078 0.2583 0.1029 -0.1822 -0.2201 -0.2365 -0.2499 -0.2616 -0.2721 -0.2818 -0.2909 -0.2996 -0.3078 -0.3155 -0.3227 -0.3293 -0.3352 -0.3404 -0.3445 -0.3475 -0.3492 -0.3492 -0.3474 -0.3435 -0.3373 -0.3286 -0.3168 -0.3037 -0.2972 -0.3037 -0.3168 -0.3286 -0.3373 -0.3435 -0.3474 -0.3492 -0.3492 -0.3475 -0.3445 -0.3404 -0.3352 -0.3293 -0.3227 -0.3155 -0.3078 -0.2996 -0.2909 -0.2818 -0.2721 -0.2616 -0.2499 -0.2365 -0.2201 -0.1822 0.1029 0.2583 0.2078 0.1736 0.1430 0.1138 0.0837 0.0493 0.0016 -0.0978 -0.2234 -0.2758 -0.2996 -0.3152 -0.3270 -0.3358 -0.3421 -0.3463 -0.3486 -0.3493 -0.3487 -0.3472 -0.3448 -0.3419 -0.3385
-0.3444 -0.3457 -0.3477 -0.3490 -0.3493 -0.3485 -0.3463 -0.3424 -0.3365 -0.3282 -0.3172 -0.3029 -0.2818 -0.2397 -0.1307 -0.0150 0.0393 0.0757 0.1064 0.1356 0.1657 0.1986 0.2414 0.2101 -0.1411 -0.2152 -0.2328 -0.2467 -0.2587 -0.2695 -0.2794 -0.2887 -0.2975 -0.3057 -0.3136 -0.3209 -0.3277 -0.3338 -0.3392 -0.3436 -0.3469 -0.3489 -0.3493 -0.3480 -0.3447 -0.3391 -0.3310 -0.3201 -0.3057 -0.2877 -0.2730 -0.2877 -0.3057 -0.3201 -0.3310 -0.3391 -0.3447 -0.3480 -0.3493 -0.3489 -0.3469 -0.3436 -0.3392 -0.3338 -0.3277 -0.3209 -0.3136 -0.3057 -0.2975 -0.2887 -0.2794 -0.2695 -0.2587 -0.2467 -0.2328 -0.2152 -0.1411 0.2101 0.2414 0.1986 0.1657 0.1356 0.1064 0.0757 0.0393 -0.0150 -0.1307 -0.2397 -0.2818 -0.3029 -0.3172 -0.3282 -0.3365 -0.3424 -0.3463 -0.3485 -0.3493 -0.3490 -0.3477 -0.3457 -0.3444
-0.3494 -0.3484 -0.3492 -0.3493 -0.3483 -0.3460 -0.3421 -0.3365 -0.3287 -0.3184 -0.3049 -0.2857 -0.2503 -0.1588 -0.0327 0.0295 0.0678 0.0991 0.1284 0.1579 0.1899 0.2284 0.2699 -0.0884 -0.2099 -0.2288 -0.2435 -0.2559 -0.2669 -0.2770 -0.2864 -0.2953 -0.3037 -0.3116 -0.3191 -0.3260 -0.3323 -0.3379 -0.3426 -0.3462 -0.3485 -0.3494 -0.3485 -0.3458 -0.3408 -0.3333 -0.3232 -0.3098 -0.2913 -0.2616 -0.2216 -0.2616 -0.2913 -0.3098 -0.3232 -0.3333 -0.3408 -0.3458 -0.3485 -0.3494 -0.3485 -0.3462 -0.3426 -0.3379 -0.3323 -0.3260 -0.3191 -0.3116 -0.3037 -0.2953 -0.2864 -0.2770 -0.2669 -0.2559 -0.2435 -0.2288 -0.2099 -0.0884 0.2699 0.2284 0.1899 0.1579 0.1284 0.0991 0.0678 0.0295 -0.0327 -0.1588 -0.2503 -0.2857 -0.3049 -0.3184 -0.3287 -0.3365 -0.3421 -0.3460 -0.3483 -0.3493 -0.3492 -0.3484 -0.3494
-0.3535 -0.3496 -0.3491 -0.3478 -0.3453 -0.3414 -0.3358 -0.3282 -0.3184 -0.3055 -0.2878 -0.2563 -0.1782 -0.0496 0.0209 0.0609 0.0927 0.1217 0.1507 0.1816 0.2174 0.2782 -0.0106 -0.2039 -0.2245 -0.2400 -0.2529 -0.2642 -0.2745 -0.2841 -0.2931 -0.3016 -0.3097 -0.3173 -0.3243 -0.3308 -0.3366 -0.3415 -0.3454 -0.3481 -0.3493 -0.3489 -0.3467 -0.3422 -0.3354 -0.3260 -0.3135 -0.2967 -0.2699 -0.2070 -0.1181 -0.2070 -0.2699 -0.2967 -0.3135 -0.3260 -0.3354 -0.3422 -0.3467 -0.3489 -0.3493 -0.3481 -0.3454 -0.3415 -0.3366 -0.3308 -0.3243 -0.3173 -0.3097 -0.3016 -0.2931 -0.2841 -0.2745 -0.2642 -0.2529 -0.2400 -0.2245 -0.2039 -0.0106 0.2782 0.2174 0.1816 0.1507 0.1217 0.0927 0.0609 0.0209 -0.0496 -0.1782 -0.2563 -0.2878 -0.3055 -0.3184 -0.3282 -0.3358 -0.3414 -0.3453 -0.3478 -0.3491 -0.3496 -0.3535
-0.3563 -0.3491 -0.3472 -0.3444 -0.3402 -0.3345 -0.3270 -0.3172 -0.3049 -0.2878 -0.2582 -0.1877 -0.0625 0.0138 0.0552 0.0872 0.1160 0.1445 0.1744 0.2082 0.2583 0.1047 -0.1813 -0.2200 -0.2364 -0.2498 -0.2615 -0.2720 -0.2817 -0.2909 -0.2995 -0.3077 -0.3154 -0.3226 -0.3292 -0.3352 -0.3403 -0.3445 -0.3475 -0.3491 -0.3492 -0.3474 -0.3436 -0.3374 -0.3287 -0.3170 -0.3015 -0.2785 -0.2292 -0.1050 -0.0245 -0.1050 -0.2292 -0.2785 -0.3015 -0.3170 -0.3287 -0.3374 -0.3436 -0.3474 -0.3492 -0.3491 -0.3475 -0.3445 -0.3403 -0.3352 -0.3292 -0.3226 -0.3154 -0.3077 -0.2995 -0.2909 -0.2817 -0.2720 -0.2615 -0.2498 -0.2364 -0.2200 -0.1813 0.1047 0.2583 0.2082 0.1744 0.1445 0.1160 0.0872 0.0552 0.0138 -0.0625 -0.1877 -0.2582 -0.2878 -0.3049 -0.3172 -0.3270 -0.3345 -0.3402 -0.3444 -0.3472 -0.3491 -0.3563
-0.3578 -0.3468 -0.3432 -0.3386 -0.3326 -0.3250 -0.3152 -0.3029 -0.2857 -0.2563 -0.1877 -0.0673 0.0095 0.0511 0.0831 0.1114 0.1393 0.1685 0.2007 0.2433 0.2041 -0.1420 -0.2151 -0.2326 -0.2466 -0.2587 -0.2694 -0.2793 -0.2886 -0.2974 -0.3057 -0.3135 -0.3209 -0.3276 -0.3338 -0.3391 -0.3435 -0.3469 -0.3489 -0.3493 -0.3481 -0.3447 -0.3392 -0.3311 -0.3202 -0.3059 -0.2856 -0.2467 -0.1442 -0.0194 0.0232 -0.0194 -0.1442 -0.2467 -0.2856 -0.3059 -0.3202 -0.3311 -0.3392 -0.3447 -0.3481 -0.3493 -0.3489 -0.3469 -0.3435 -0.3391 -0.3338 -0.3276 -0.3209 -0.3135 -0.3057 -0.2974 -0.2886 -0.2793 -0.2694 -0.2587 -0.2466 -0.2326 -0.2151 -0.1420 0.2041 0.2433 0.2007 0.1685 0.1393 0.1114 0.0831 0.0511 0.0095 -0.0673 -0.1877 -0.2563 -0.2857 -0.3029 -0.3152 -0.3250 -0.3326 -0.3386 -0.3432 -0.3468 -0.3578
-0.3576 -0.3423 -0.3368 -0.3304 -0.3224 -0.3124 -0.2996 -0.2818 -0.2503 -0.1782 -0.0625 0.0095 0.0495 0.0807 0.1084 0.1354 0.1637 0.1947 0.2331 0.2580 -0.0985 -0.2103 -0.2289 -0.2434 -0.2558 -0.2668 -0.2769 -0.2863 -0.2952 -0.3036 -0.3116 -0.3191 -0.3260 -0.3323 -0.3379 -0.3425 -0.3461 -0.3485 -0.3494 -0.3486 -0.3458 -0.3408 -0.3334 -0.3233 -0.3099 -0.2916 -0.2600 -0.1789 -0.0445 0.0261 0.0548 0.0261 -0.0445 -0.1789 -0.2600 -0.2916 -0.3099 -0.3233 -0.3334 -0.3408 -0.3458 -0.3486 -0.3494 -0.3485 -0.3461 -0.3425 -0.3379 -0.3323 -0.3260 -0.3191 -0.3116 -0.3036 -0.2952 -0.2863 -0.2769 -0.2668 -0.2558 -0.2434 -0.2289 -0.2103 -0.0985 0.2580 0.2331 0.1947 0.1637 0.1354 0.1084 0.0807 0.0495 0.0095 -0.0625 -0.1782 -0.2503 -0.2818 -0.2996 -0.3124 -0.3224 -0.3304 -0.3368 -0.3423 -0.3576
-0.3555 -0.3354 -0.3279 -0.3193 -0.3088 -0.2953 -0.2758 -0.2397 -0.1588 -0.0496 0.0138 0.0511 0.0807 0.1073 0.1334 0.1605 0.1904 0.2262 0.2828 -0.0501 -0.2058 -0.2254 -0.2404 -0.2530 -0.2642 -0.2745 -0.2840 -0.2930 -0.3016 -0.3096 -0.3172 -0.3243 -0.3308 -0.3365 -0.3414 -0.3453 -0.3480 -0.3493 -0.3489 -0.3467 -0.3423 -0.3355 -0.3261 -0.3136 -0.2969 -0.2704 -0.2076 -0.0742 0.0123 0.0569 0.0804 0.0569 0.0123 -0.0742 -0.2076 -0.2704 -0.2969 -0.3136 -0.3261 -0.3355 -0.3423 -0.3467 -0.3489 -0.3493 -0.3480 -0.3453 -0.3414 -0.3365 -0.3308 -0.3243 -0.3172 -0.3096 -0.3016 -0.2930 -0.2840 -0.2745 -0.2642 -0.2530 -0.2404 -0.2254 -0.2058 -0.0501 0.2828 0.2262 0.1904 0.1605 0.1334 0.1073 0.0807 0.0511 0.0138 -0.0496 -0.1588 -0.2397 -0.2758 -0.2953 -0.3088 -0.3193 -0.3279 -0.3354 -0.3555
-0.3513 -0.3259 -0.3160 -0.3047 -0.2899 -0.2675 -0.2234 -0.1307 -0.0327 0.0209 0.0552 0.0831 0.1084 0.1334 0.1595 0.1881 0.2220 0.2850 0.0008 -0.2018 -0.2223 -0.2378 -0.2506 -0.2619 -0.2722 -0.2818 -0.2908 -0.2994 -0.3076 -0.3153 -0.3226 -0.3292 -0.3351 -0.3403 -0.3445 -0.3475 -0.3491 -0.3492 -0.3474 -0.3436 -0.3375 -0.3287 -0.3171 -0.3017 -0.2788 -0.2301 -0.1089 -0.0031 0.0465 0.0821 0.1032 0.0821 0.0465 -0.0031 -0.1089 -0.2301 -0.2788 -0.3017 -0.3171 -0.3287 -0.3375 -0.3436 -0.3474 -0.3492 -0.3491 -0.3475 -0.3445 -0.3403 -0.3351 -0.3292 -0.3226 -0.3153 -0.3076 -0.2994 -0.2908 -0.2818 -0.2722 -0.2619 -0.2506 -0.2378 -0.2223 -0.2018 0.0008 0.2850 0.2220 0.1881 0.1595 0.1334 0.1084 0.0831 0.0552 0.0209 -0.0327 -0.1307 -0.2234 -0.2675 -0.2899 -0.3047 -0.3160 -0.3259 -0.3513
-0.3447 -0.3133 -0.3002 -0.2836 -0.2565 -0.1999 -0.0978 -0.0150 0.0295 0.0609 0.0872 0.1114 0.1354 0.1605 0.1881 0.2207 0.2786 0.0402 -0.1927 -0.2197 -0.2355 -0.2484 -0.2598 -0.2701 -0.2797 -0.2888 -0.2974 -0.3057 -0.3135 -0.3208 -0.3276 -0.3337 -0.3391 -0.3435 -0.3468 -0.3489 -0.3494 -0.3481 -0.3448 -0.3392 -0.3312 -0.3203 -0.3060 -0.2858 -0.2472 -0.1457 -0.0219 0.0360 0.0734 0.1049 0.1251 0.1049 0.0734 0.0360 -0.0219 -0.1457 -0.2472 -0.2858 -0.3060 -0.3203 -0.3312 -0.3392 -0.3448 -0.3481 -0.3494 -0.3489 -0.3468 -0.3435 -0.3391 -0.3337 -0.3276 -0.3208 -0.3135 -0.3057 -0.2974 -0.2888 -0.2797 -0.2701 -0.2598 -0.2484 -0.2355 -0.2197 -0.1927 0.0402 0.2786 0.2207 0.1881 0.1605 0.1354 0.1114 0.0872 0.0609 0.0295 -0.0150 -0.0978 -0.1999 -0.2565 -0.2836 -0.3002 -0.3133 -0.3447
-0.3353 -0.2962 -0.2762 -0.2422 -0.1694 -0.0651 0.0016 0.0393 0.0678 0.0927 0.1160 0.1393 0.1637 0.1904 0.2220 0.2786 0.0538 -0.1836 -0.2181 -0.2337 -0.2467 -0.2580 -0.2684 -0.2780 -0.2870 -0.2956 -0.3038 -0.3117 -0.3191 -0.3260 -0.3322 -0.3378 -0.3425 -0.3461 -0.3485 -0.3494 -0.3486 -0.3458 -0.3409 -0.3335 -0.3234 -0.3100 -0.2918 -0.2603 -0.1800 -0.0457 0.0246 0.0648 0.0968 0.1267 0.1471 0.1267 0.0968 0.0648 0.0246 -0.0457 -0.1800 -0.2603 -0.2918 -0.3100 -0.3234 -0.3335 -0.3409 -0.3458 -0.3486 -0.3494 -0.3485 -0.3461 -0.3425 -0.3378 -0.3322 -0.3260 -0.3191 -0.3117 -0.3038 -0.2956 -0.2870 -0.2780 -0.2684 -0.2580 -0.2467 -0.2337 -0.2181 -0.1836 0.0538 0.2786 0.2220 0.1904 0.1637 0.1393 0.1160 0.0927 0.0678 0.0393 0.0016 -0.0651 -0.1694 -0.2422 -0.2762 -0.2962 -0.3353
-0.3219 -0.2683 -0.2235 -0.1339 -0.0374 0.0161 0.0493 0.0757 0.0991 0.1217 0.1445 0.1685 0.1947 0.2262 0.2850 0.0402 -0.1836 -0.2175 -0.2328 -0.2456 -0.2568 -0.2670 -0.2765 -0.2855 -0.2941 -0.3023 -0.3101 -0.3175 -0.3244 -0.3308 -0.3365 -0.3414 -0.3453 -0.3480 -0.3493 -0.3490 -0.3467 -0.3423 -0.3356 -0.3262 -0.3138 -0.2971 -0.2707 -0.2084 -0.0753 0.0117 0.0558 0.0890 0.1188 0.1487 0.1699 0.1487 0.1188 0.0890 0.0558 0.0117 -0.0753 -0.2084 -0.2707 -0.2971 -0.3138 -0.3262 -0.3356 -0.3423 -0.3467 -0.3490 -0.3493 -0.3480 -0.3453 -0.3414 -0.3365 -0.3308 -0.3244 -0.3175 -0.3101 -0.3023 -0.2941 -0.2855 -0.2765 -0.2670 -0.2568 -0.2456 -0.2328 -0.2175 -0.1836 0.0402 0.2850 0.2262 0.1947 0.1685 0.1445 0.1217 0.0991 0.0757 0.0493 0.0161 -0.0374 -0.1339 -0.2235 -0.2683 -0.3219
-0.2989 -0.1998 -0.0973 -0.0154 0.0284 0.0587 0.0837 0.1064 0.1284 0.1507 0.1744 0.2007 0.2331 0.2828 0.0008 -0.1927 -0.2181 -0.2328 -0.2452 -0.2561 -0.2661 -0.2754 -0.2843 -0.2928 -0.3009 -0.3087 -0.3161 -0.3230 -0.3295 -0.3353 -0.3403 -0.3445 -0.3475 -0.3491 -0.3492 -0.3475 -0.3436 -0.3375 -0.3288 -0.3172 -0.3018 -0.2790 -0.2307 -0.1101 -0.0037 0.0461 0.0812 0.1114 0.1407 0.1717 0.1944 0.1717 0.1407 0.1114 0.0812 0.0461 -0.0037 -0.1101 -0.2307 -0.2790 -0.3018 -0.3172 -0.3288 -0.3375 -0.3436 -0.3475 -0.3492 -0.3491 -0.3475 -0.3445 -0.3403 -0.3353 -0.3295 -0.3230 -0.3161 -0.3087 -0.3009 -0.2928 -0.2843 -0.2754 -0.2661 -0.2561 -0.2452 -0.2328 -0.2181 -0.1927 0.0008 0.2828 0.2331 0.2007 0.1744 0.1507 0.1284 0.1064 0.0837 0.0587 0.0284 -0.0154 -0.0973 -0.1998 -0.2989
-0.2371 -0.0639 0.0021 0.0395 0.0676 0.0915 0.1138 0.1356 0.1579 0.1816 0.2082 0.2433 0.2580 -0.0501 -0.2018 -0.2197 -0.2337 -0.2456 -0.2561 -0.2658 -0.2749 -0.2835 -0.2918 -0.2999 -0.3075 -0.3149 -0.3218 -0.3283 -0.3341 -0.3393 -0.3436 -0.3469 -0.3488 -0.3493 -0.3481 -0.3448 -0.3393 -0.3313 -0.3204 -0.3062 -0.2860 -0.2477 -0.1469 -0.0226 0.0357 0.0730 0.1040 0.1332 0.1632 0.1963 0.2210 0.1963 0.1632 0.1332 0.1040 0.0730 0.0357 -0.0226 -0.1469 -0.2477 -0.2860 -0.3062 -0.3204 -0.3313 -0.3393 -0.3448 -0.3481 -0.3493 -0.3488 -0.3469 -0.3436 -0.3393 -0.3341 -0.3283 -0.3218 -0.3149 -0.3075 -0.2999 -0.2918 -0.2835 -0.2749 -0.2658 -0.2561 -0.2456 -0.2337 -0.2197 -0.2018 -0.0501 0.2580 0.2433 0.2082 0.1816 0.1579 0.1356 0.1138 0.0915 0.0676 0.0395 0.0021 -0.0639 -0.2371
-0.0756 0.0167 0.0496 0.0760 0.0991 0.1211 0.1430 0.1657 0.1899 0.2174 0.2583 0.2041 -0.0985 -0.2058 -0.2223 -0.2355 -0.2467 -0.2568 -0.2661 -0.2749 -0.2833 -0.2913 -0.2992 -0.3067 -0.3139 -0.3208 -0.3273 -0.3332 -0.3384 -0.3428 -0.3463 -0.3485 -0.3494 -0.3486 -0.3458 -0.3409 -0.3335 -0.3235 -0.3102 -0.2920 -0.2607 -0.1810 -0.0465 0.0242 0.0645 0.0965 0.1259 0.1554 0.1872 0.2236 0.2468 0.2236 0.1872 0.1554 0.1259 0.0965 0.0645 0.0242 -0.0465 -0.1810 -0.2607 -0.2920 -0.3102 -0.3235 -0.3335 -0.3409 -0.3458 -0.3486 -0.3494 -0.3485 -0.3463 -0.3428 -0.3384 -0.3332 -0.3273 -0.3208 -0.3139 -0.3067 -0.2992 -0.2913 -0.2833 -0.2749 -0.2661 -0.2568 -0.2467 -0.2355 -0.2223 -0.2058 -0.0985 0.2041 0.2583 0.2174 0.1899 0.1657 0.1430 0.1211 0.0991 0.0760 0.0496 0.0167 -0.0756
0.0270 0.0590 0.0840 0.1066 0.1285 0.1505 0.1736 0.1986 0.2284 0.2782 0.1047 -0.1420 -0.2103 -0.2254 -0.2378 -0.2484 -0.2580 -0.2670 -0.2754 -0.2835 -0.2913 -0.2989 -0.3062 -0.3133 -0.3201 -0.3265 -0.3324 -0.3376 -0.3421 -0.3457 -0.3482 -0.3493 -0.3489 -0.3466 -0.3423 -0.3356 -0.3263 -0.3139 -0.2972 -0.2710 -0.2092 -0.0763 0.0112 0.0555 0.0888 0.1185 0.1478 0.1788 0.2141 0.2541 0.1804 0.2541 0.2141 0.1788 0.1478 0.1185 0.0888 0.0555 0.0112 -0.0763 -0.2092 -0.2710 -0.2972 -0.3139 -0.3263 -0.3356 -0.3423 -0.3466 -0.3489 -0.3493 -0.3482 -0.3457 -0.3421 -0.3376 -0.3324 -0.3265 -0.3201 -0.3133 -0.3062 -0.2989 -0.2913 -0.2835 -0.2754 -0.2670 -0.2580 -0.2484 -0.2378 -0.2254 -0.2103 -0.1420 0.1047 0.2782 0.2284 0.1986 0.1736 0.1505 0.1285 0.1066 0.0840 0.0590 0.0270
0.0742 0.0918 0.1140 0.1358 0.1581 0.1817 0.2078 0.2414 0.2699 -0.0106 -0.1813 -0.2151 -0.2289 -0.2404 -0.2506 -0.2598 -0.2684 -0.2765 -0.2843 -0.2918 -0.2992 -0.3062 -0.3131 -0.3197 -0.3259 -0.3317 -0.3370 -0.3415 -0.3452 -0.3479 -0.3492 -0.3491 -0.3473 -0.3434 -0.3374 -0.3288 -0.3173 -0.3020 -0.2792 -0.2313 -0.1113 -0.0042 0.0458 0.0809 0.1112 0.1404 0.1707 0.2045 0.2511 0.1516 -0.1065 0.1516 0.2511 0.2045 0.1707 0.1404 0.1112 0.0809 0.0458 -0.0042 -0.1113 -0.2313 -0.2792 -0.3020 -0.3173 -0.3288 -0.3374 -0.3434 -0.3473 -0.3491 -0.3492 -0.3479 -0.3452 -0.3415 -0.3370 -0.3317 -0.3259 -0.3197 -0.3131 -0.3062 -0.2992 -0.2918 -0.2843 -0.2765 -0.2684 -0.2598 -0.2506 -0.2404 -0.2289 -0.2151 -0.1813 -0.0106 0.2699 0.2414 0.2078 0.1817 0.1581 0.1358 0.1140 0.0918 0.0742
0.1095 0.1214 0.1433 0.1659 0.1902 0.2177 0.2583 0.2101 -0.0884 -0.2039 -0.2200 -0.2326 -0.2434 -0.2530 -0.2619 -0.2701 -0.2780 -0.2855 -0.2928 -0.2999 -0.3067 -0.3133 -0.3197 -0.3257 -0.3314 -0.3365 -0.3411 -0.3448 -0.3476 -0.3491 -0.3493 -0.3478 -0.3444 -0.3388 -0.3309 -0.3202 -0.3061 -0.2861 -0.2481 -0.1481 -0.0233 0.0353 0.0728 0.1037 0.1330 0.1629 0.1955 0.2364 0.2363 -0.1214 -0.2008 -0.1214 0.2363 0.2364 0.1955 0.1629 0.1330 0.1037 0.0728 0.0353 -0.0233 -0.1481 -0.2481 -0.2861 -0.3061 -0.3202 -0.3309 -0.3388 -0.3444 -0.3478 -0.3493 -0.3491 -0.3476 -0.3448 -0.3411 -0.3365 -0.3314 -0.3257 -0.3197 -0.3133 -0.3067 -0.2999 -0.2928 -0.2855 -0.2780 -0.2701 -0.2619 -0.2530 -0.2434 -0.2326 -0.2200 -0.2039 -0.0884 0.2101 0.2583 0.2177 0.1902 0.1659 0.1433 0.1214 0.1095
0.1418 0.1508 0.1738 0.1989 0.2288 0.2782 0.1029 -0.1411 -0.2099 -0.2245 -0.2364 -0.2466 -0.2558 -0.2642 -0.2722 -0.2797 -0.2870 -0.2941 -0.3009 -0.3075 -0.3139 -0.3201 -0.3259 -0.3314 -0.3364 -0.3408 -0.3445 -0.3473 -0.3490 -0.3493 -0.3481 -0.3451 -0.3400 -0.3326 -0.3226 -0.3095 -0.2915 -0.2605 -0.1814 -0.0474 0.0239 0.0642 0.0962 0.1256 0.1552 0.1869 0.2243 0.2771 -0.0651 -0.2068 -0.2177 -0.2068 -0.0651 0.2771 0.2243 0.1869 0.1552 0.1256 0.0962 0.0642 0.0239 -0.0474 -0.1814 -0.2605 -0.2915 -0.3095 -0.3226 -0.3326 -0.3400 -0.3451 -0.3481 -0.3493 -0.3490 -0.3473 -0.3445 -0.3408 -0.3364 -0.3314 -0.3259 -0.3201 -0.3139 -0.3075 -0.3009 -0.2941 -0.2870 -0.2797 -0.2722 -0.2642 -0.2558 -0.2466 -0.2364 -0.2245 -0.2099 -0.1411 0.1029 0.2782 0.2288 0.1989 0.1738 0.1508 0.1418
0.1748 0.1820 0.2082 0.2418 0.2686 -0.0137 -0.1822 -0.2152 -0.2288 -0.2400 -0.2498 -0.2587 -0.2668 -0.2745 -0.2818 -0.2888 -0.2956 -0.3023 -0.3087 -0.3149 -0.3208 -0.3265 -0.3317 -0.3365 -0.3408 -0.3444 -0.3472 -0.3489 -0.3494 -0.3484 -0.3456 -0.3409 -0.3339 -0.3245 -0.3122 -0.2956 -0.2691 -0.2066 -0.0752 0.0113 0.0553 0.0885 0.1183 0.1476 0.1786 0.2138 0.2724 0.0274 -0.1981 -0.2222 -0.2308 -0.2222 -0.1981 0.0274 0.2724 0.2138 0.1786 0.1476 0.1183 0.0885 0.0553 0.0113 -0.0752 -0.2066 -0.2691 -0.2956 -0.3122 -0.3245 -0.3339 -0.3409 -0.3456 -0.3484 -0.3494 -0.3489 -0.3472 -0.3444 -0.3408 -0.3365 -0.3317 -0.3265 -0.3208 -0.3149 -0.3087 -0.3023 -0.2956 -0.2888 -0.2818 -0.2745 -0.2668 -0.2587 -0.2498 -0.2400 -0.2288 -0.2152 -0.1822 -0.0137 0.2686 0.2418 0.2082 0.1820 0.1748
0.2111 0.2181 0.2590 0.2073 -0.0904 -0.2041 -0.2201 -0.2328 -0.2435 -0.2529 -0.2615 -0.2694 -0.2769 -0.2840 -0.2908 -0.2974 -0.3038 -0.3101 -0.3161 -0.3218 -0.3273 -0.3324 -0.3370 -0.3411 -0.3445 -0.3472 -0.3488 -0.3494 -0.3485 -0.3459 -0.3415 -0.3350 -0.3261 -0.3144 -0.2989 -0.2754 -0.2242 -0.1029 -0.0020 0.0464 0.0811 0.1110 0.1401 0.1705 0.2042 0.2511 0.1494 -0.1686 -0.2184 -0.2345 -0.2418 -0.2345 -0.2184 -0.1686 0.1494 0.2511 0.2042 0.1705 0.1401 0.1110 0.0811 0.0464 -0.0020 -0.1029 -0.2242 -0.2754 -0.2989 -0.3144 -0.3261 -0.3350 -0.3415 -0.3459 -0.3485 -0.3494 -0.3488 -0.3472 -0.3445 -0.3411 -0.3370 -0.3324 -0.3273 -0.3218 -0.3161 -0.3101 -0.3038 -0.2974 -0.2908 -0.2840 -0.2769 -0.2694 -0.2615 -0.2529 -0.2435 -0.2328 -0.2201 -0.2041 -0.0904 0.2073 0.2590 0.2181 0.2111
0.2565 0.2783 0.0988 -0.1426 -0.2100 -0.2247 -0.2365 -0.2467 -0.2559 -0.2642 -0.2720 -0.2793 -0.2863 -0.2930 -0.2994 -0.3057 -0.3117 -0.3175 -0.3230 -0.3283 -0.3332 -0.3376 -0.3415 -0.3448 -0.3473 -0.3489 -0.3494 -0.3485 -0.3461 -0.3419 -0.3357 -0.3272 -0.3161 -0.3015 -0.2801 -0.2370 -0.1289 -0.0156 0.0381 0.0741 0.1044 0.1331 0.1628 0.1952 0.2360 0.2385 -0.1223 -0.2132 -0.2313 -0.2450 -0.2514 -0.2450 -0.2313 -0.2132 -0.1223 0.2385 0.2360 0.1952 0.1628 0.1331 0.1044 0.0741 0.0381 -0.0156 -0.1289 -0.2370 -0.2801 -0.3015 -0.3161 -0.3272 -0.3357 -0.3419 -0.3461 -0.3485 -0.3494 -0.3489 -0.3473 -0.3448 -0.3415 -0.3376 -0.3332 -0.3283 -0.3230 -0.3175 -0.3117 -0.3057 -0.2994 -0.2930 -0.2863 -0.2793 -0.2720 -0.2642 -0.2559 -0.2467 -0.2365 -0.2247 -0.2100 -0.1426 0.0988 0.2783 0.2565
0.2908 -0.0168 -0.1830 -0.2154 -0.2289 -0.2401 -0.2499 -0.2587 -0.2669 -0.2745 -0.2817 -0.2886 -0.2952 -0.3016 -0.3076 -0.3135 -0.3191 -0.3244 -0.3295 -0.3341 -0.3384 -0.3421 -0.3452 -0.3476 -0.3490 -0.3494 -0.3485 -0.3461 -0.3420 -0.3361 -0.3279 -0.3173 -0.3033 -0.2835 -0.2460 -0.1512 -0.0296 0.0303 0.0677 0.0985 0.1270 0.1558 0.1870 0.2241 0.2780 -0.0626 -0.2076 -0.2272 -0.2422 -0.2543 -0.2602 -0.2543 -0.2422 -0.2272 -0.2076 -0.0626 0.2780 0.2241 0.1870 0.1558 0.1270 0.0985 0.0677 0.0303 -0.0296 -0.1512 -0.2460 -0.2835 -0.3033 -0.3173 -0.3279 -0.3361 -0.3420 -0.3461 -0.3485 -0.3494 -0.3490 -0.3476 -0.3452 -0.3421 -0.3384 -0.3341 -0.3295 -0.3244 -0.3191 -0.3135 -0.3076 -0.3016 -0.2952 -0.2886 -0.2817 -0.2745 -0.2669 -0.2587 -0.2499 -0.2401 -0.2289 -0.2154 -0.1830 -0.0168 0.2908
-0.0898 -0.2038 -0.2203 -0.2329 -0.2436 -0.2530 -0.2616 -0.2695 -0.2770 -0.2841 -0.2909 -0.2974 -0.3036 -0.3096 -0.3153 -0.3208 -0.3260 -0.3308 -0.3353 -0.3393 -0.3428 -0.3457 -0.3479 -0.3491 -0.3493 -0.3484 -0.3459 -0.3419 -0.3361 -0.3282 -0.3180 -0.3045 -0.2858 -0.2519 -0.1675 -0.0425 0.0233 0.0621 0.0932 0.1216 0.1500 0.1802 0.2148 0.2732 0.0274 -0.1978 -0.2228 -0.2386 -0.2518 -0.2627 -0.2683 -0.2627 -0.2518 -0.2386 -0.2228 -0.1978 0.0274 0.2732 0.2148 0.1802 0.1500 0.1216 0.0932 0.0621 0.0233 -0.0425 -0.1675 -0.2519 -0.2858 -0.3045 -0.3180 -0.3282 -0.3361 -0.3419 -0.3459 -0.3484 -0.3493 -0.3491 -0.3479 -0.3457 -0.3428 -0.3393 -0.3353 -0.3308 -0.3260 -0.3208 -0.3153 -0.3096 -0.3036 -0.2974 -0.2909 -0.2841 -0.2770 -0.2695 -0.2616 -0.2530 -0.2436 -0.2329 -0.2203 -0.2038 -0.0898
-0.1943 -0.2245 -0.2367 -0.2469 -0.2560 -0.2643 -0.2721 -0.2794 -0.2864 -0.2931 -0.2995 -0.3057 -0.3116 -0.3172 -0.3226 -0.3276 -0.3322 -0.3365 -0.3403 -0.3436 -0.3463 -0.3482 -0.3492 -0.3493 -0.3481 -0.3456 -0.3415 -0.3357 -0.3279 -0.3180 -0.3048 -0.2870 -0.2552 -0.1781 -0.0530 0.0177 0.0575 0.0887 0.1170 0.1450 0.1744 0.2074 0.2544 0.1357 -0.1708 -0.2183 -0.2350 -0.2486 -0.2604 -0.2706 -0.2759 -0.2706 -0.2604 -0.2486 -0.2350 -0.2183 -0.1708 0.1357 0.2544 0.2074 0.1744 0.1450 0.1170 0.0887 0.0575 0.0177 -0.0530 -0.1781 -0.2552 -0.2870 -0.3048 -0.3180 -0.3279 -0.3357 -0.3415 -0.3456 -0.3481 -0.3493 -0.3492 -0.3482 -0.3463 -0.3436 -0.3403 -0.3365 -0.3322 -0.3276 -0.3226 -0.3172 -0.3116 -0.3057 -0.2995 -0.2931 -0.2864 -0.2794 -0.2721 -0.2643 -0.2560 -0.2469 -0.2367 -0.2245 -0.1943
-0.2182 -0.2400 -0.2500 -0.2588 -0.2670 -0.2746 -0.2818 -0.2887 -0.2953 -0.3016 -0.3077 -0.3135 -0.3191 -0.3243 -0.3292 -0.3337 -0.3378 -0.3414 -0.3445 -0.3469 -0.3485 -0.3493 -0.3491 -0.3478 -0.3451 -0.3409 -0.3350 -0.3272 -0.3173 -0.3045 -0.2870 -0.2563 -0.1837 -0.0604 0.0134 0.0539 0.0852 0.1132 0.1408 0.1696 0.2013 0.2429 0.2119 -0.1340 -0.2139 -0.2315 -0.2455 -0.2576 -0.2685 -0.2781 -0.2831 -0.2781 -0.2685 -0.2576 -0.2455 -0.2315 -0.2139 -0.1340 0.2119 0.2429 0.2013 0.1696 0.1408 0.1132 0.0852 0.0539 0.0134 -0.0604 -0.1837 -0.2563 -0.2870 -0.3045 -0.3173 -0.3272 -0.3350 -0.3409 -0.3451 -0.3478 -0.3491 -0.3493 -0.3485 -0.3469 -0.3445 -0.3414 -0.3378 -0.3337 -0.3292 -0.3243 -0.3191 -0.3135 -0.3077 -0.3016 -0.2953 -0.2887 -0.2818 -0.2746 -0.2670 -0.2588 -0.2500 -0.2400 -0.2182
-0.2352 -0.2529 -0.2616 -0.2696 -0.2771 -0.2842 -0.2909 -0.2975 -0.3037 -0.3097 -0.3154 -0.3209 -0.3260 -0.3308 -0.3351 -0.3391 -0.3425 -0.3453 -0.3475 -0.3488 -0.3494 -0.3489 -0.3473 -0.3444 -0.3400 -0.3339 -0.3261 -0.3161 -0.3033 -0.2858 -0.2552 -0.1837 -0.0632 0.0109 0.0514 0.0827 0.1104 0.1374 0.1656 0.1964 0.2346 0.2547 -0.0978 -0.2099 -0.2283 -0.2427 -0.2550 -0.2659 -0.2760 -0.2851 -0.2900 -0.2851 -0.2760 -0.2659 -0.2550 -0.2427 -0.2283 -0.2099 -0.0978 0.2547 0.2346 0.1964 0.1656 0.1374 0.1104 0.0827 0.0514 0.0109 -0.0632 -0.1837 -0.2552 -0.2858 -0.3033 -0.3161 -0.3261 -0.3339 -0.3400 -0.3444 -0.3473 -0.3489 -0.3494 -0.3488 -0.3475 -0.3453 -0.3425 -0.3391 -0.3351 -0.3308 -0.3260 -0.3209 -0.3154 -0.3097 -0.3037 -0.2975 -0.2909 -0.2842 -0.2771 -0.2696 -0.2616 -0.2529 -0.2352
-0.2489 -0.2642 -0.2722 -0.2795 -0.2865 -0.2932 -0.2996 -0.3057 -0.3116 -0.3173 -0.3226 -0.3276 -0.3323 -0.3365 -0.3403 -0.3435 -0.3461 -0.3480 -0.3491 -0.3493 -0.3486 -0.3466 -0.3434 -0.3388 -0.3326 -0.3245 -0.3144 -0.3015 -0.2835 -0.2519 -0.1781 -0.0604 0.0109 0.0505 0.0813 0.1085 0.1351 0.1626 0.1926 0.2287 0.2775 -0.0590 -0.2061 -0.2254 -0.2401 -0.2526 -0.2636 -0.2738 -0.2833 -0.2920 -0.2966 -0.2920 -0.2833 -0.2738 -0.2636 -0.2526 -0.2401 -0.2254 -0.2061 -0.0590 0.2775 0.2287 0.1926 0.1626 0.1351 0.1085 0.0813 0.0505 0.0109 -0.0604 -0.1781 -0.2519 -0.2835 -0.3015 -0.3144 -0.3245 -0.3326 -0.3388 -0.3434 -0.3466 -0.3486 -0.3493 -0.3491 -0.3480 -0.3461 -0.3435 -0.3403 -0.3365 -0.3323 -0.3276 -0.3226 -0.3173 -0.3116 -0.3057 -0.2996 -0.2932 -0.2865 -0.2795 -0.2722 -0.2642 -0.2489
-0.2608 -0.2745 -0.2819 -0.2888 -0.2954 -0.3017 -0.3078 -0.3136 -0.3191 -0.3243 -0.3292 -0.3338 -0.3379 -0.3414 -0.3445 -0.3468 -0.3485 -0.3493 -0.3492 -0.3481 -0.3458 -0.3423 -0.3374 -0.3309 -0.3226 -0.3122 -0.2989 -0.2801 -0.2460 -0.1675 -0.0530 0.0134 0.0514 0.0813 0.1078 0.1338 0.1606 0.1898 0.2245 0.2853 -0.0185 -0.2028 -0.2227 -0.2378 -0.2505 -0.2616 -0.2718 -0.2813 -0.2903 -0.2986 -0.3031 -0.2986 -0.2903 -0.2813 -0.2718 -0.2616 -0.2505 -0.2378 -0.2227 -0.2028 -0.0185 0.2853 0.2245 0.1898 0.1606 0.1338 0.1078 0.0813 0.0514 0.0134 -0.0530 -0.1675 -0.2460 -0.2801 -0.2989 -0.3122 -0.3226 -0.3309 -0.3374 -0.3423 -0.3458 -0.3481 -0.3492 -0.3493 -0.3485 -0.3468 -0.3445 -0.3414 -0.3379 -0.3338 -0.3292 -0.3243 -0.3191 -0.3136 -0.3078 -0.3017 -0.2954 -0.2888 -0.2819 -0.2745 -0.2608
-0.2716 -0.2841 -0.2910 -0.2975 -0.3038 -0.3097 -0.3155 -0.3209 -0.3260 -0.3308 -0.3352 -0.3391 -0.3425 -0.3453 -0.3475 -0.3489 -0.3494 -0.3490 -0.3475 -0.3448 -0.3409 -0.3356 -0.3288 -0.3202 -0.3095 -0.2956 -0.2754 -0.2370 -0.1512 -0.0425 0.0177 0.0539 0.0827 0.1085 0.1338 0.1599 0.1883 0.2217 0.2822 0.0181 -0.1976 -0.2205 -0.2359 -0.2486 -0.2598 -0.2701 -0.2796 -0.2885 -0.2971 -0.3050 -0.3094 -0.3050 -0.2971 -0.2885 -0.2796 -0.2701 -0.2598 -0.2486 -0.2359 -0.2205 -0.1976 0.0181 0.2822 0.2217 0.1883 0.1599 0.1338 0.1085 0.0827 0.0539 0.0177 -0.0425 -0.1512 -0.2370 -0.2754 -0.2956 -0.3095 -0.3202 -0.3288 -0.3356 -0.3409 -0.3448 -0.3475 -0.3490 -0.3494 -0.3489 -0.3475 -0.3453 -0.3425 -0.3391 -0.3352 -0.3308 -0.3260 -0.3209 -0.3155 -0.3097 -0.3038 -0.2975 -0.2910 -0.2841 -0.2716
-0.2816 -0.2931 -0.2997 -0.3058 -0.3117 -0.3173 -0.3227 -0.3277 -0.3323 -0.3366 -0.3403 -0.3435 -0.3461 -0.3480 -0.3491 -0.3494 -0.3486 -0.3467 -0.3436 -0.3393 -0.3335 -0.3263 -0.3173 -0.3061 -0.2915 -0.2691 -0.2242 -0.1289 -0.0296 0.0233 0.0575 0.0852 0.1104 0.1351 0.1606 0.1883 0.2207 0.2775 0.0461 -0.1891 -0.2188 -0.2343 -0.2471 -0.2583 -0.2685 -0.2780 -0.2870 -0.2955 -0.3036 -0.3112 -0.3154 -0.3112 -0.3036 -0.2955 -0.2870 -0.2780 -0.2685 -0.2583 -0.2471 -0.2343 -0.2188 -0.1891 0.0461 0.2775 0.2207 0.1883 0.1606 0.1351 0.1104 0.0852 0.0575 0.0233 -0.0296 -0.1289 -0.2242 -0.2691 -0.2915 -0.3061 -0.3173 -0.3263 -0.3335 -0.3393 -0.3436 -0.3467 -0.3486 -0.3494 -0.3491 -0.3480 -0.3461 -0.3435 -0.3403 -0.3366 -0.3323 -0.3277 -0.3227 -0.3173 -0.3117 -0.3058 -0.2997 -0.2931 -0.2816
-0.2910 -0.3016 -0.3078 -0.3136 -0.3192 -0.3244 -0.3293 -0.3338 -0.3379 -0.3415 -0.3445 -0.3469 -0.3485 -0.3493 -0.3492 -0.3481 -0.3458 -0.3423 -0.3375 -0.3313 -0.3235 -0.3139 -0.3020 -0.2861 -0.2605 -0.2066 -0.1029 -0.0156 0.0303 0.0621 0.0887 0.1132 0.1374 0.1626 0.1898 0.2217 0.2775 0.0577 -0.1821 -0.2177 -0.2332 -0.2459 -0.2571 -0.2673 -0.2767 -0.2856 -0.2941 -0.3022 -0.3099 -0.3171 -0.3212 -0.3171 -0.3099 -0.3022 -0.2941 -0.2856 -0.2767 -0.2673 -0.2571 -0.2459 -0.2332 -0.2177 -0.1821 0.0577 0.2775 0.2217 0.1898 0.1626 0.1374 0.1132 0.0887 0.0621 0.0303 -0.0156 -0.1029 -0.2066 -0.2605 -0.2861 -0.3020 -0.3139 -0.3235 -0.3313 -0.3375 -0.3423 -0.3458 -0.3481 -0.3492 -0.3493 -0.3485 -0.3469 -0.3445 -0.3415 -0.3379 -0.3338 -0.3293 -0.3244 -0.3192 -0.3136 -0.3078 -0.3016 -0.2910
-0.3000 -0.3097 -0.3155 -0.3210 -0.3261 -0.3309 -0.3352 -0.3392 -0.3426 -0.3454 -0.3475 -0.3489 -0.3494 -0.3489 -0.3474 -0.3448 -0.3409 -0.3356 -0.3288 -0.3204 -0.3102 -0.2972 -0.2792 -0.2481 -0.1814 -0.0752 -0.0020 0.0381 0.0677 0.0932 0.1170 0.1408 0.1656 0.1926 0.2245 0.2822 0.0461 -0.1821 -0.2173 -0.2326 -0.2452 -0.2563 -0.2664 -0.2757 -0.2845 -0.2929 -0.3010 -0.3087 -0.3160 -0.3228 -0.3267 -0.3228 -0.3160 -0.3087 -0.3010 -0.2929 -0.2845 -0.2757 -0.2664 -0.2563 -0.2452 -0.2326 -0.2173 -0.1821 0.0461 0.2822 0.2245 0.1926 0.1656 0.1408 0.1170 0.0932 0.0677 0.0381 -0.0020 -0.0752 -0.1814 -0.2481 -0.2792 -0.2972 -0.3102 -0.3204 -0.3288 -0.3356 -0.3409 -0.3448 -0.3474 -0.3489 -0.3494 -0.3489 -0.3475 -0.3454 -0.3426 -0.3392 -0.3352 -0.3309 -0.3261 -0.3210 -0.3155 -0.3097 -0.3000
-0.3085 -0.3173 -0.3227 -0.3277 -0.3324 -0.3366 -0.3404 -0.3436 -0.3462 -0.3481 -0.3491 -0.3493 -0.3486 -0.3467 -0.3436 -0.3392 -0.3335 -0.3262 -0.3172 -0.3062 -0.2920 -0.2710 -0.2313 -0.1481 -0.0474 0.0113 0.0464 0.0741 0.0985 0.1216 0.1450 0.1696 0.1964 0.2287 0.2853 0.0181 -0.1891 -0.2177 -0.2326 -0.2450 -0.2559 -0.2658 -0.2750 -0.2838 -0.2921 -0.3000 -0.3077 -0.3149 -0.3218 -0.3282 -0.3319 -0.3282 -0.3218 -0.3149 -0.3077 -0.3000 -0.2921 -0.2838 -0.2750 -0.2658 -0.2559 -0.2450 -0.2326 -0.2177 -0.1891 0.0181 0.2853 0.2287 0.1964 0.1696 0.1450 0.1216 0.0985 0.0741 0.0464 0.0113 -0.0474 -0.1481 -0.2313 -0.2710 -0.2920 -0.3062 -0.3172 -0.3262 -0.3335 -0.3392 -0.3436 -0.3467 -0.3486 -0.3493 -0.3491 -0.3481 -0.3462 -0.3436 -0.3404 -0.3366 -0.3324 -0.3277 -0.3227 -0.3173 -0.3085
-0.3166 -0.3244 -0.3293 -0.3339 -0.3379 -0.3415 -0.3445 -0.3469 -0.3485 -0.3493 -0.3492 -0.3481 -0.3458 -0.3423 -0.3375 -0.3312 -0.3234 -0.3138 -0.3018 -0.2860 -0.2607 -0.2092 -0.1113 -0.0233 0.0239 0.0553 0.0811 0.1044 0.1270 0.1500 0.1744 0.2013 0.2346 0.2775 -0.0185 -0.1976 -0.2188 -0.2332 -0.2452 -0.2559 -0.2657 -0.2747 -0.2833 -0.2915 -0.2994 -0.3069 -0.3141 -0.3209 -0.3273 -0.3332 -0.3367 -0.3332 -0.3273 -0.3209 -0.3141 -0.3069 -0.2994 -0.2915 -0.2833 -0.2747 -0.2657 -0.2559 -0.2452 -0.2332 -0.2188 -0.1976 -0.0185 0.2775 0.2346 0.2013 0.1744 0.1500 0.1270 0.1044 0.0811 0.0553 0.0239 -0.0233 -0.1113 -0.2092 -0.2607 -0.2860 -0.3018 -0.3138 -0.3234 -0.3312 -0.3375 -0.3423 -0.3458 -0.3481 -0.3492 -0.3493 -0.3485 -0.3469 -0.3445 -0.3415 -0.3379 -0.3339 -0.3293 -0.3244 -0.3166
-0.3243 -0.3309 -0.3353 -0.3392 -0.3426 -0.3454 -0.3475 -0.3489 -0.3494 -0.3489 -0.3474 -0.3447 -0.3408 -0.3355 -0.3287 -0.3203 -0.3100 -0.2971 -0.2790 -0.2477 -0.1810 -0.0763 -0.0042 0.0353 0.0642 0.0885 0.1110 0.1331 0.1558 0.1802 0.2074 0.2429 0.2547 -0.0590 -0.2028 -0.2205 -0.2343 -0.2459 -0.2563 -0.2658 -0.2747 -0.2832 -0.2912 -0.2989 -0.3064 -0.3135 -0.3203 -0.3266 -0.3324 -0.3377 -0.3411 -0.3377 -0.3324 -0.3266 -0.3203 -0.3135 -0.3064 -0.2989 -0.2912 -0.2832 -0.2747 -0.2658 -0.2563 -0.2459 -0.2343 -0.2205 -0.2028 -0.0590 0.2547 0.2429 0.2074 0.1802 0.1558 0.1331 0.1110 0.0885 0.0642 0.0353 -0.0042 -0.0763 -0.1810 -0.2477 -0.2790 -0.2971 -0.3100 -0.3203 -0.3287 -0.3355 -0.3408 -0.3447 -0.3474 -0.3489 -0.3494 -0.3489 -0.3475 -0.3454 -0.3426 -0.3392 -0.3353 -0.3309 -0.3243
-0.3315 -0.3367 -0.3404 -0.3436 -0.3462 -0.3481 -0.3492 -0.3493 -0.3485 -0.3467 -0.3436 -0.3392 -0.3334 -0.3261 -0.3171 -0.3060 -0.2918 -0.2707 -0.2307 -0.1469 -0.0465 0.0112 0.0458 0.0728 0.0962 0.1183 0.1401 0.1628 0.1870 0.2148 0.2544 0.2119 -0.0978 -0.2061 -0.2227 -0.2359 -0.2471 -0.2571 -0.2664 -0.2750 -0.2833 -0.2912 -0.2988 -0.3061 -0.3131 -0.3198 -0.3261 -0.3319 -0.3371 -0.3418 -0.3448 -0.3418 -0.3371 -0.3319 -0.3261 -0.3198 -0.3131 -0.3061 -0.2988 -0.2912 -0.2833 -0.2750 -0.2664 -0.2571 -0.2471 -0.2359 -0.2227 -0.2061 -0.0978 0.2119 0.2544 0.2148 0.1870 0.1628 0.1401 0.1183 0.0962 0.0728 0.0458 0.0112 -0.0465 -0.1469 -0.2307 -0.2707 -0.2918 -0.3060 -0.3171 -0.3261 -0.3334 -0.3392 -0.3436 -0.3467 -0.3485 -0.3493 -0.3492 -0.3481 -0.3462 -0.3436 -0.3404 -0.3367 -0.3315
-0.3381 -0.3416 -0.3446 -0.3469 -0.3485 -0.3493 -0.3492 -0.3480 -0.3458 -0.3422 -0.3374 -0.3311 -0.3233 -0.3136 -0.3017 -0.2858 -0.2603 -0.2084 -0.1101 -0.0226 0.0242 0.0555 0.0809 0.1037 0.1256 0.1476 0.1705 0.1952 0.2241 0.2732 0.1357 -0.1340 -0.2099 -0.2254 -0.2378 -0.2486 -0.2583 -0.2673 -0.2757 -0.2838 -0.2915 -0.2989 -0.3061 -0.3130 -0.3196 -0.3258 -0.3315 -0.3367 -0.3412 -0.3451 -0.3479 -0.3451 -0.3412 -0.3367 -0.3315 -0.3258 -0.3196 -0.3130 -0.3061 -0.2989 -0.2915 -0.2838 -0.2757 -0.2673 -0.2583 -0.2486 -0.2378 -0.2254 -0.2099 -0.1340 0.1357 0.2732 0.2241 0.1952 0.1705 0.1476 0.1256 0.1037 0.0809 0.0555 0.0242 -0.0226 -0.1101 -0.2084 -0.2603 -0.2858 -0.3017 -0.3136 -0.3233 -0.3311 -0.3374 -0.3422 -0.3458 -0.3480 -0.3492 -0.3493 -0.3485 -0.3469 -0.3446 -0.3416 -0.3381
-0.3441 -0.3455 -0.3475 -0.3489 -0.3494 -0.3489 -0.3474 -0.3447 -0.3408 -0.3354 -0.3287 -0.3202 -0.3099 -0.2969 -0.2788 -0.2472 -0.1800 -0.0753 -0.0037 0.0357 0.0645 0.0888 0.1112 0.1330 0.1552 0.1786 0.2042 0.2360 0.2780 0.0274 -0.1708 -0.2139 -0.2283 -0.2401 -0.2505 -0.2598 -0.2685 -0.2767 -0.2845 -0.2921 -0.2994 -0.3064 -0.3131 -0.3196 -0.3256 -0.3313 -0.3364 -0.3409 -0.3446 -0.3477 -0.3502 -0.3477 -0.3446 -0.3409 -0.3364 -0.3313 -0.3256 -0.3196 -0.3131 -0.3064 -0.2994 -0.2921 -0.2845 -0.2767 -0.2685 -0.2598 -0.2505 -0.2401 -0.2283 -0.2139 -0.1708 0.0274 0.2780 0.2360 0.2042 0.1786 0.1552 0.1330 0.1112 0.0888 0.0645 0.0357 -0.0037 -0.0753 -0.1800 -0.2472 -0.2788 -0.2969 -0.3099 -0.3202 -0.3287 -0.3354 -0.3408 -0.3447 -0.3474 -0.3489 -0.3494 -0.3489 -0.3475 -0.3455 -0.3441
-0.3492 -0.3482 -0.3492 -0.3493 -0.3485 -0.3466 -0.3435 -0.3391 -0.3333 -0.3260 -0.3170 -0.3059 -0.2916 -0.2704 -0.2301 -0.1457 -0.0457 0.0117 0.0461 0.0730 0.0965 0.1185 0.1404 0.1629 0.1869 0.2138 0.2511 0.2385 -0.0626 -0.1978 -0.2183 -0.2315 -0.2427 -0.2526 -0.2616 -0.2701 -0.2780 -0.2856 -0.2929 -0.3000 -0.3069 -0.3135 -0.3198 -0.3258 -0.3313 -0.3363 -0.3408 -0.3445 -0.3472 -0.3494 -0.3514 -0.3494 -0.3472 -0.3445 -0.3408 -0.3363 -0.3313 -0.3258 -0.3198 -0.3135 -0.3069 -0.3000 -0.2929 -0.2856 -0.2780 -0.2701 -0.2616 -0.2526 -0.2427 -0.2315 -0.2183 -0.1978 -0.0626 0.2385 0.2511 0.2138 0.1869 0.1629 0.1404 0.1185 0.0965 0.0730 0.0461 0.0117 -0.0457 -0.1457 -0.2301 -0.2704 -0.2916 -0.3059 -0.3170 -0.3260 -0.3333 -0.3391 -0.3435 -0.3466 -0.3485 -0.3493 -0.3492 -0.3482 -0.3492
-0.3533 -0.3495 -0.3492 -0.3480 -0.3457 -0.3422 -0.3373 -0.3310 -0.3232 -0.3135 -0.3015 -0.2856 -0.2600 -0.2076 -0.1089 -0.0219 0.0246 0.0558 0.0812 0.1040 0.1259 0.1478 0.1707 0.1955 0.2243 0.2724 0.1494 -0.1223 -0.2076 -0.2228 -0.2350 -0.2455 -0.2550 -0.2636 -0.2718 -0.2796 -0.2870 -0.2941 -0.3010 -0.3077 -0.3141 -0.3203 -0.3261 -0.3315 -0.3364 -0.3408 -0.3444 -0.3472 -0.3489 -0.3500 -0.3516 -0.3500 -0.3489 -0.3472 -0.3444 -0.3408 -0.3364 -0.3315 -0.3261 -0.3203 -0.3141 -0.3077 -0.3010 -0.2941 -0.2870 -0.2796 -0.2718 -0.2636 -0.2550 -0.2455 -0.2350 -0.2228 -0.2076 -0.1223 0.1494 0.2724 0.2243 0.1955 0.1707 0.1478 0.1259 0.1040 0.0812 0.0558 0.0246 -0.0219 -0.1089 -0.2076 -0.2600 -0.2856 -0.3015 -0.3135 -0.3232 -0.3310 -0.3373 -0.3422 -0.3457 -0.3480 -0.3492 -0.3495 -0.3533
-0.3562 -0.3492 -0.3474 -0.3447 -0.3407 -0.3354 -0.3286 -0.3201 -0.3098 -0.2967 -0.2785 -0.2467 -0.1789 -0.0742 -0.0031 0.0360 0.0648 0.0890 0.1114 0.1332 0.1554 0.1788 0.2045 0.2364 0.2771 0.0274 -0.1686 -0.2132 -0.2272 -0.2386 -0.2486 -0.2576 -0.2659 -0.2738 -0.2813 -0.2885 -0.2955 -0.3022 -0.3087 -0.3149 -0.3209 -0.3266 -0.3319 -0.3367 -0.3409 -0.3445 -0.3472 -0.3489 -0.3494 -0.3493 -0.3504 -0.3493 -0.3494 -0.3489 -0.3472 -0.3445 -0.3409 -0.3367 -0.3319 -0.3266 -0.3209 -0.3149 -0.3087 -0.3022 -0.2955 -0.2885 -0.2813 -0.2738 -0.2659 -0.2576 -0.2486 -0.2386 -0.2272 -0.2132 -0.1686 0.0274 0.2771 0.2364 0.2045 0.1788 0.1554 0.1332 0.1114 0.0890 0.0648 0.0360 -0.0031 -0.0742 -0.1789 -0.2467 -0.2785 -0.2967 -0.3098 -0.3201 -0.3286 -0.3354 -0.3407 -0.3447 -0.3474 -0.3492 -0.3562
-0.3577 -0.3469 -0.3434 -0.3390 -0.3332 -0.3258 -0.3168 -0.3057 -0.2913 -0.2699 -0.2292 -0.1442 -0.0445 0.0123 0.0465 0.0734 0.0968 0.1188 0.1407 0.1632 0.1872 0.2141 0.2511 0.2363 -0.0651 -0.1981 -0.2184 -0.2313 -0.2422 -0.2518 -0.2604 -0.2685 -0.2760 -0.2833 -0.2903 -0.2971 -0.3036 -0.3099 -0.3160 -0.3218 -0.3273 -0.3324 -0.3371 -0.3412 -0.3446 -0.3472 -0.3489 -0.3494 -0.3485 -0.3470 -0.3477 -0.3470 -0.3485 -0.3494 -0.3489 -0.3472 -0.3446 -0.3412 -0.3371 -0.3324 -0.3273 -0.3218 -0.3160 -0.3099 -0.3036 -0.2971 -0.2903 -0.2833 -0.2760 -0.2685 -0.2604 -0.2518 -0.2422 -0.2313 -0.2184 -0.1981 -0.0651 0.2363 0.2511 0.2141 0.1872 0.1632 0.1407 0.1188 0.0968 0.0734 0.0465 0.0123 -0.0445 -0.1442 -0.2292 -0.2699 -0.2913 -0.3057 -0.3168 -0.3258 -0.3332 -0.3390 -0.3434 -0.3469 -0.3577
-0.3588 -0.3439 -0.3387 -0.3327 -0.3250 -0.3155 -0.3037 -0.2877 -0.2616 -0.2070 -0.1050 -0.0194 0.0261 0.0569 0.0821 0.1049 0.1267 0.1487 0.1717 0.1963 0.2236 0.2541 0.1516 -0.1214 -0.2068 -0.2222 -0.2345 -0.2450 -0.2543 -0.2627 -0.2706 -0.2781 -0.2851 -0.2920 -0.2986 -0.3050 -0.3112 -0.3171 -0.3228 -0.3282 -0.3332 -0.3377 -0.3418 -0.3451 -0.3477 -0.3494 -0.3500 -0.3493 -0.3470 -0.3443 -0.3446 -0.3443 -0.3470 -0.3493 -0.3500 -0.3494 -0.3477 -0.3451 -0.3418 -0.3377 -0.3332 -0.3282 -0.3228 -0.3171 -0.3112 -0.3050 -0.2986 -0.2920 -0.2851 -0.2781 -0.2706 -0.2627 -0.2543 -0.2450 -0.2345 -0.2222 -0.2068 -0.1214 0.1516 0.2541 0.2236 0.1963 0.1717 0.1487 0.1267 0.1049 0.0821 0.0569 0.0261 -0.0194 -0.1050 -0.2070 -0.2616 -0.2877 -0.3037 -0.3155 -0.3250 -0.3327 -0.3387 -0.3439 -0.3588
