0.0680 0.0752 0.0806 0.0866 0.0933 0.1009 0.1095 0.1190 0.1297 0.1417 0.1550 0.1697 0.1858 0.2035 0.2228 0.2435 0.2656 0.2889 0.3128 0.3356 0.3502 0.3468 0.3318 0.3095 0.2810 0.2464 0.2049 0.1549 0.0919 0.0565 0.0541 0.0546 0.0558 0.0576 0.0600 0.0630 0.0664 0.0704 0.0750 0.0803 0.0862 0.0929 0.1005 0.1089 0.1185 0.1291 0.1410 0.1542 0.1689 0.1844 0.1935 0.1844 0.1689 0.1542 0.1410 0.1291 0.1185 0.1089 0.1005 0.0929 0.0862 0.0803 0.0750 0.0704 0.0664 0.0630 0.0600 0.0576 0.0558 0.0546 0.0541 0.0565 0.0919 0.1549 0.2049 0.2464 0.2810 0.3095 0.3318 0.3468 0.3502 0.3356 0.3128 0.2889 0.2656 0.2435 0.2228 0.2035 0.1858 0.1697 0.1550 0.1417 0.1297 0.1190 0.1095 0.1009 0.0933 0.0866 0.0806 0.0752 0.0680
0.0752 0.0834 0.0894 0.0962 0.1039 0.1126 0.1223 0.1332 0.1452 0.1585 0.1731 0.1891 0.2064 0.2249 0.2446 0.2653 0.2867 0.3082 0.3279 0.3392 0.3357 0.3224 0.3022 0.2761 0.2443 0.2064 0.1615 0.1065 0.0589 0.0544 0.0551 0.0566 0.0586 0.0612 0.0643 0.0679 0.0721 0.0769 0.0824 0.0885 0.0955 0.1032 0.1119 0.1217 0.1325 0.1445 0.1577 0.1723 0.1883 0.2050 0.2151 0.2050 0.1883 0.1723 0.1577 0.1445 0.1325 0.1217 0.1119 0.1032 0.0955 0.0885 0.0824 0.0769 0.0721 0.0679 0.0643 0.0612 0.0586 0.0566 0.0551 0.0544 0.0589 0.1065 0.1615 0.2064 0.2443 0.2761 0.3022 0.3224 0.3357 0.3392 0.3279 0.3082 0.2867 0.2653 0.2446 0.2249 0.2064 0.1891 0.1731 0.1585 0.1452 0.1332 0.1223 0.1126 0.1039 0.0962 0.0894 0.0834 0.0752
0.0806 0.0894 0.0957 0.1028 0.1110 0.1203 0.1308 0.1424 0.1553 0.1696 0.1852 0.2021 0.2204 0.2398 0.2602 0.2814 0.3029 0.3233 0.3377 0.3377 0.3265 0.3079 0.2832 0.2529 0.2166 0.1736 0.1218 0.0654 0.0544 0.0549 0.0562 0.0581 0.0606 0.0635 0.0670 0.0711 0.0758 0.0810 0.0870 0.0938 0.1013 0.1098 0.1193 0.1298 0.1416 0.1545 0.1687 0.1843 0.2012 0.2189 0.2298 0.2189 0.2012 0.1843 0.1687 0.1545 0.1416 0.1298 0.1193 0.1098 0.1013 0.0938 0.0870 0.0810 0.0758 0.0711 0.0670 0.0635 0.0606 0.0581 0.0562 0.0549 0.0544 0.0654 0.1218 0.1736 0.2166 0.2529 0.2832 0.3079 0.3265 0.3377 0.3377 0.3233 0.3029 0.2814 0.2602 0.2398 0.2204 0.2021 0.1852 0.1696 0.1553 0.1424 0.1308 0.1203 0.1110 0.1028 0.0957 0.0894 0.0806
0.0866 0.0962 0.1028 0.1103 0.1190 0.1288 0.1399 0.1524 0.1661 0.1813 0.1978 0.2157 0.2348 0.2550 0.2760 0.2975 0.3184 0.3352 0.3391 0.3301 0.3132 0.2900 0.2611 0.2263 0.1851 0.1359 0.0768 0.0548 0.0546 0.0558 0.0576 0.0599 0.0627 0.0661 0.0700 0.0745 0.0797 0.0855 0.0920 0.0994 0.1076 0.1168 0.1271 0.1385 0.1511 0.1650 0.1802 0.1968 0.2147 0.2333 0.2449 0.2333 0.2147 0.1968 0.1802 0.1650 0.1511 0.1385 0.1271 0.1168 0.1076 0.0994 0.0920 0.0855 0.0797 0.0745 0.0700 0.0661 0.0627 0.0599 0.0576 0.0558 0.0546 0.0548 0.0768 0.1359 0.1851 0.2263 0.2611 0.2900 0.3132 0.3301 0.3391 0.3352 0.3184 0.2975 0.2760 0.2550 0.2348 0.2157 0.1978 0.1813 0.1661 0.1524 0.1399 0.1288 0.1190 0.1103 0.1028 0.0962 0.0866
0.0933 0.1039 0.1110 0.1190 0.1281 0.1385 0.1503 0.1634 0.1780 0.1940 0.2113 0.2300 0.2499 0.2706 0.2921 0.3133 0.3318 0.3396 0.3332 0.3181 0.2964 0.2689 0.2356 0.1962 0.1492 0.0913 0.0560 0.0545 0.0554 0.0571 0.0593 0.0620 0.0652 0.0690 0.0733 0.0783 0.0839 0.0903 0.0974 0.1054 0.1144 0.1244 0.1355 0.1478 0.1614 0.1763 0.1925 0.2100 0.2288 0.2484 0.2606 0.2484 0.2288 0.2100 0.1925 0.1763 0.1614 0.1478 0.1355 0.1244 0.1144 0.1054 0.0974 0.0903 0.0839 0.0783 0.0733 0.0690 0.0652 0.0620 0.0593 0.0571 0.0554 0.0545 0.0560 0.0913 0.1492 0.1962 0.2356 0.2689 0.2964 0.3181 0.3332 0.3396 0.3318 0.3133 0.2921 0.2706 0.2499 0.2300 0.2113 0.1940 0.1780 0.1634 0.1503 0.1385 0.1281 0.1190 0.1110 0.1039 0.0933
0.1009 0.1126 0.1203 0.1288 0.1385 0.1496 0.1619 0.1757 0.1910 0.2078 0.2259 0.2453 0.2656 0.2867 0.3081 0.3277 0.3391 0.3358 0.3225 0.3024 0.2764 0.2446 0.2067 0.1619 0.1071 0.0590 0.0544 0.0551 0.0566 0.0587 0.0612 0.0643 0.0680 0.0722 0.0770 0.0824 0.0886 0.0955 0.1033 0.1120 0.1218 0.1326 0.1446 0.1578 0.1724 0.1883 0.2055 0.2239 0.2436 0.2639 0.2768 0.2639 0.2436 0.2239 0.2055 0.1883 0.1724 0.1578 0.1446 0.1326 0.1218 0.1120 0.1033 0.0955 0.0886 0.0824 0.0770 0.0722 0.0680 0.0643 0.0612 0.0587 0.0566 0.0551 0.0544 0.0590 0.1071 0.1619 0.2067 0.2446 0.2764 0.3024 0.3225 0.3358 0.3391 0.3277 0.3081 0.2867 0.2656 0.2453 0.2259 0.2078 0.1910 0.1757 0.1619 0.1496 0.1385 0.1288 0.1203 0.1126 0.1009
0.1095 0.1223 0.1308 0.1399 0.1503 0.1619 0.1749 0.1894 0.2053 0.2227 0.2414 0.2613 0.2819 0.3031 0.3233 0.3376 0.3378 0.3266 0.3080 0.2835 0.2531 0.2169 0.1739 0.1223 0.0657 0.0544 0.0549 0.0562 0.0581 0.0605 0.0635 0.0670 0.0711 0.0757 0.0810 0.0870 0.0937 0.1013 0.1098 0.1192 0.1298 0.1415 0.1544 0.1686 0.1841 0.2010 0.2191 0.2385 0.2589 0.2799 0.2934 0.2799 0.2589 0.2385 0.2191 0.2010 0.1841 0.1686 0.1544 0.1415 0.1298 0.1192 0.1098 0.1013 0.0937 0.0870 0.0810 0.0757 0.0711 0.0670 0.0635 0.0605 0.0581 0.0562 0.0549 0.0544 0.0657 0.1223 0.1739 0.2169 0.2531 0.2835 0.3080 0.3266 0.3378 0.3376 0.3233 0.3031 0.2819 0.2613 0.2414 0.2227 0.2053 0.1894 0.1749 0.1619 0.1503 0.1399 0.1308 0.1223 0.1095
0.1190 0.1332 0.1424 0.1524 0.1634 0.1757 0.1894 0.2045 0.2210 0.2389 0.2580 0.2781 0.2988 0.3192 0.3354 0.3390 0.3301 0.3133 0.2902 0.2613 0.2266 0.1855 0.1364 0.0772 0.0548 0.0546 0.0558 0.0575 0.0599 0.0627 0.0661 0.0700 0.0745 0.0796 0.0854 0.0919 0.0993 0.1075 0.1167 0.1270 0.1384 0.1510 0.1649 0.1801 0.1966 0.2145 0.2335 0.2536 0.2747 0.2962 0.3098 0.2962 0.2747 0.2536 0.2335 0.2145 0.1966 0.1801 0.1649 0.1510 0.1384 0.1270 0.1167 0.1075 0.0993 0.0919 0.0854 0.0796 0.0745 0.0700 0.0661 0.0627 0.0599 0.0575 0.0558 0.0546 0.0548 0.0772 0.1364 0.1855 0.2266 0.2613 0.2902 0.3133 0.3301 0.3390 0.3354 0.3192 0.2988 0.2781 0.2580 0.2389 0.2210 0.2045 0.1894 0.1757 0.1634 0.1524 0.1424 0.1332 0.1190
0.1297 0.1452 0.1553 0.1661 0.1780 0.1910 0.2053 0.2210 0.2380 0.2562 0.2756 0.2956 0.3157 0.3329 0.3395 0.3329 0.3179 0.2964 0.2690 0.2359 0.1965 0.1497 0.0918 0.0561 0.0545 0.0554 0.0570 0.0592 0.0619 0.0652 0.0690 0.0733 0.0783 0.0839 0.0902 0.0974 0.1054 0.1143 0.1243 0.1354 0.1477 0.1613 0.1761 0.1923 0.2098 0.2286 0.2485 0.2693 0.2907 0.3122 0.3252 0.3122 0.2907 0.2693 0.2485 0.2286 0.2098 0.1923 0.1761 0.1613 0.1477 0.1354 0.1243 0.1143 0.1054 0.0974 0.0902 0.0839 0.0783 0.0733 0.0690 0.0652 0.0619 0.0592 0.0570 0.0554 0.0545 0.0561 0.0918 0.1497 0.1965 0.2359 0.2690 0.2964 0.3179 0.3329 0.3395 0.3329 0.3157 0.2956 0.2756 0.2562 0.2380 0.2210 0.2053 0.1910 0.1780 0.1661 0.1553 0.1452 0.1297
0.1417 0.1585 0.1696 0.1813 0.1940 0.2078 0.2227 0.2389 0.2562 0.2746 0.2939 0.3133 0.3307 0.3395 0.3349 0.3215 0.3015 0.2757 0.2444 0.2069 0.1623 0.1076 0.0591 0.0544 0.0551 0.0566 0.0586 0.0612 0.0643 0.0680 0.0721 0.0769 0.0824 0.0886 0.0955 0.1033 0.1120 0.1217 0.1325 0.1445 0.1577 0.1723 0.1881 0.2053 0.2238 0.2434 0.2639 0.2852 0.3067 0.3269 0.3365 0.3269 0.3067 0.2852 0.2639 0.2434 0.2238 0.2053 0.1881 0.1723 0.1577 0.1445 0.1325 0.1217 0.1120 0.1033 0.0955 0.0886 0.0824 0.0769 0.0721 0.0680 0.0643 0.0612 0.0586 0.0566 0.0551 0.0544 0.0591 0.1076 0.1623 0.2069 0.2444 0.2757 0.3015 0.3215 0.3349 0.3395 0.3307 0.3133 0.2939 0.2746 0.2562 0.2389 0.2227 0.2078 0.1940 0.1813 0.1696 0.1585 0.1417
0.1550 0.1731 0.1852 0.1978 0.2113 0.2259 0.2414 0.2580 0.2756 0.2939 0.3125 0.3295 0.3392 0.3362 0.3241 0.3056 0.2813 0.2515 0.2159 0.1735 0.1223 0.0659 0.0544 0.0549 0.0562 0.0581 0.0605 0.0635 0.0670 0.0710 0.0757 0.0810 0.0869 0.0937 0.1012 0.1097 0.1191 0.1297 0.1414 0.1543 0.1685 0.1840 0.2009 0.2190 0.2383 0.2587 0.2798 0.3013 0.3220 0.3373 0.3393 0.3373 0.3220 0.3013 0.2798 0.2587 0.2383 0.2190 0.2009 0.1840 0.1685 0.1543 0.1414 0.1297 0.1191 0.1097 0.1012 0.0937 0.0869 0.0810 0.0757 0.0710 0.0670 0.0635 0.0605 0.0581 0.0562 0.0549 0.0544 0.0659 0.1223 0.1735 0.2159 0.2515 0.2813 0.3056 0.3241 0.3362 0.3392 0.3295 0.3125 0.2939 0.2756 0.2580 0.2414 0.2259 0.2113 0.1978 0.1852 0.1731 0.1550
0.1697 0.1891 0.2021 0.2157 0.2300 0.2453 0.2613 0.2781 0.2956 0.3133 0.3295 0.3390 0.3368 0.3259 0.3085 0.2856 0.2572 0.2231 0.1828 0.1345 0.0762 0.0548 0.0546 0.0558 0.0575 0.0598 0.0627 0.0661 0.0700 0.0745 0.0796 0.0854 0.0919 0.0992 0.1075 0.1167 0.1269 0.1383 0.1509 0.1648 0.1800 0.1965 0.2143 0.2333 0.2535 0.2744 0.2959 0.3170 0.3343 0.3392 0.3344 0.3392 0.3343 0.3170 0.2959 0.2744 0.2535 0.2333 0.2143 0.1965 0.1800 0.1648 0.1509 0.1383 0.1269 0.1167 0.1075 0.0992 0.0919 0.0854 0.0796 0.0745 0.0700 0.0661 0.0627 0.0598 0.0575 0.0558 0.0546 0.0548 0.0762 0.1345 0.1828 0.2231 0.2572 0.2856 0.3085 0.3259 0.3368 0.3390 0.3295 0.3133 0.2956 0.2781 0.2613 0.2453 0.2300 0.2157 0.2021 0.1891 0.1697
0.1858 0.2064 0.2204 0.2348 0.2499 0.2656 0.2819 0.2988 0.3157 0.3307 0.3392 0.3368 0.3265 0.3101 0.2884 0.2615 0.2290 0.1904 0.1445 0.0876 0.0558 0.0545 0.0554 0.0570 0.0592 0.0619 0.0652 0.0689 0.0733 0.0782 0.0838 0.0902 0.0973 0.1053 0.1142 0.1242 0.1353 0.1476 0.1612 0.1760 0.1922 0.2097 0.2284 0.2483 0.2691 0.2905 0.3118 0.3307 0.3395 0.3338 0.3243 0.3338 0.3395 0.3307 0.3118 0.2905 0.2691 0.2483 0.2284 0.2097 0.1922 0.1760 0.1612 0.1476 0.1353 0.1242 0.1142 0.1053 0.0973 0.0902 0.0838 0.0782 0.0733 0.0689 0.0652 0.0619 0.0592 0.0570 0.0554 0.0545 0.0558 0.0876 0.1445 0.1904 0.2290 0.2615 0.2884 0.3101 0.3265 0.3368 0.3392 0.3307 0.3157 0.2988 0.2819 0.2656 0.2499 0.2348 0.2204 0.2064 0.1858
0.2035 0.2249 0.2398 0.2550 0.2706 0.2867 0.3031 0.3192 0.3329 0.3395 0.3362 0.3259 0.3101 0.2894 0.2637 0.2328 0.1959 0.1521 0.0979 0.0574 0.0544 0.0552 0.0566 0.0587 0.0612 0.0643 0.0679 0.0721 0.0769 0.0823 0.0885 0.0954 0.1032 0.1119 0.1216 0.1324 0.1444 0.1576 0.1721 0.1880 0.2052 0.2236 0.2432 0.2638 0.2851 0.3065 0.3264 0.3388 0.3364 0.3234 0.3103 0.3234 0.3364 0.3388 0.3264 0.3065 0.2851 0.2638 0.2432 0.2236 0.2052 0.1880 0.1721 0.1576 0.1444 0.1324 0.1216 0.1119 0.1032 0.0954 0.0885 0.0823 0.0769 0.0721 0.0679 0.0643 0.0612 0.0587 0.0566 0.0552 0.0544 0.0574 0.0979 0.1521 0.1959 0.2328 0.2637 0.2894 0.3101 0.3259 0.3362 0.3395 0.3329 0.3192 0.3031 0.2867 0.2706 0.2550 0.2398 0.2249 0.2035
0.2228 0.2446 0.2602 0.2760 0.2921 0.3081 0.3233 0.3354 0.3395 0.3349 0.3241 0.3085 0.2884 0.2637 0.2340 0.1987 0.1568 0.1054 0.0596 0.0543 0.0550 0.0563 0.0582 0.0606 0.0635 0.0670 0.0710 0.0756 0.0809 0.0869 0.0936 0.1011 0.1096 0.1191 0.1296 0.1413 0.1542 0.1684 0.1839 0.2007 0.2188 0.2382 0.2585 0.2796 0.3011 0.3218 0.3370 0.3382 0.3277 0.3092 0.2929 0.3092 0.3277 0.3382 0.3370 0.3218 0.3011 0.2796 0.2585 0.2382 0.2188 0.2007 0.1839 0.1684 0.1542 0.1413 0.1296 0.1191 0.1096 0.1011 0.0936 0.0869 0.0809 0.0756 0.0710 0.0670 0.0635 0.0606 0.0582 0.0563 0.0550 0.0543 0.0596 0.1054 0.1568 0.1987 0.2340 0.2637 0.2884 0.3085 0.3241 0.3349 0.3395 0.3354 0.3233 0.3081 0.2921 0.2760 0.2602 0.2446 0.2228
0.2435 0.2653 0.2814 0.2975 0.3133 0.3277 0.3376 0.3390 0.3329 0.3215 0.3056 0.2856 0.2615 0.2328 0.1987 0.1584 0.1092 0.0617 0.0543 0.0548 0.0561 0.0578 0.0601 0.0629 0.0662 0.0700 0.0745 0.0795 0.0853 0.0918 0.0992 0.1074 0.1166 0.1268 0.1382 0.1508 0.1647 0.1798 0.1964 0.2142 0.2332 0.2533 0.2743 0.2957 0.3168 0.3342 0.3393 0.3311 0.3147 0.2915 0.2723 0.2915 0.3147 0.3311 0.3393 0.3342 0.3168 0.2957 0.2743 0.2533 0.2332 0.2142 0.1964 0.1798 0.1647 0.1508 0.1382 0.1268 0.1166 0.1074 0.0992 0.0918 0.0853 0.0795 0.0745 0.0700 0.0662 0.0629 0.0601 0.0578 0.0561 0.0548 0.0543 0.0617 0.1092 0.1584 0.1987 0.2328 0.2615 0.2856 0.3056 0.3215 0.3329 0.3390 0.3376 0.3277 0.3133 0.2975 0.2814 0.2653 0.2435
0.2656 0.2867 0.3029 0.3184 0.3318 0.3391 0.3378 0.3301 0.3179 0.3015 0.2813 0.2572 0.2290 0.1959 0.1568 0.1092 0.0625 0.0544 0.0548 0.0559 0.0575 0.0597 0.0624 0.0655 0.0692 0.0735 0.0784 0.0839 0.0902 0.0973 0.1052 0.1142 0.1241 0.1352 0.1475 0.1610 0.1759 0.1921 0.2096 0.2283 0.2481 0.2689 0.2903 0.3116 0.3305 0.3395 0.3341 0.3195 0.2983 0.2707 0.2485 0.2707 0.2983 0.3195 0.3341 0.3395 0.3305 0.3116 0.2903 0.2689 0.2481 0.2283 0.2096 0.1921 0.1759 0.1610 0.1475 0.1352 0.1241 0.1142 0.1052 0.0973 0.0902 0.0839 0.0784 0.0735 0.0692 0.0655 0.0624 0.0597 0.0575 0.0559 0.0548 0.0544 0.0625 0.1092 0.1568 0.1959 0.2290 0.2572 0.2813 0.3015 0.3179 0.3301 0.3378 0.3391 0.3318 0.3184 0.3029 0.2867 0.2656
0.2889 0.3082 0.3233 0.3352 0.3396 0.3358 0.3266 0.3133 0.2964 0.2757 0.2515 0.2231 0.1904 0.1521 0.1054 0.0617 0.0544 0.0547 0.0558 0.0574 0.0594 0.0620 0.0650 0.0686 0.0727 0.0773 0.0827 0.0887 0.0956 0.1032 0.1119 0.1215 0.1323 0.1443 0.1575 0.1720 0.1879 0.2050 0.2234 0.2430 0.2636 0.2849 0.3063 0.3263 0.3387 0.3365 0.3239 0.3043 0.2786 0.2466 0.2214 0.2466 0.2786 0.3043 0.3239 0.3365 0.3387 0.3263 0.3063 0.2849 0.2636 0.2430 0.2234 0.2050 0.1879 0.1720 0.1575 0.1443 0.1323 0.1215 0.1119 0.1032 0.0956 0.0887 0.0827 0.0773 0.0727 0.0686 0.0650 0.0620 0.0594 0.0574 0.0558 0.0547 0.0544 0.0617 0.1054 0.1521 0.1904 0.2231 0.2515 0.2757 0.2964 0.3133 0.3266 0.3358 0.3396 0.3352 0.3233 0.3082 0.2889
0.3128 0.3279 0.3377 0.3391 0.3332 0.3225 0.3080 0.2902 0.2690 0.2444 0.2159 0.1828 0.1445 0.0979 0.0596 0.0543 0.0548 0.0558 0.0573 0.0593 0.0617 0.0646 0.0680 0.0720 0.0765 0.0817 0.0875 0.0941 0.1015 0.1098 0.1191 0.1295 0.1412 0.1541 0.1682 0.1837 0.2006 0.2187 0.2380 0.2583 0.2795 0.3010 0.3216 0.3369 0.3383 0.3278 0.3098 0.2857 0.2557 0.2192 0.1905 0.2192 0.2557 0.2857 0.3098 0.3278 0.3383 0.3369 0.3216 0.3010 0.2795 0.2583 0.2380 0.2187 0.2006 0.1837 0.1682 0.1541 0.1412 0.1295 0.1191 0.1098 0.1015 0.0941 0.0875 0.0817 0.0765 0.0720 0.0680 0.0646 0.0617 0.0593 0.0573 0.0558 0.0548 0.0543 0.0596 0.0979 0.1445 0.1828 0.2159 0.2444 0.2690 0.2902 0.3080 0.3225 0.3332 0.3391 0.3377 0.3279 0.3128
0.3356 0.3392 0.3377 0.3301 0.3181 0.3024 0.2835 0.2613 0.2359 0.2069 0.1735 0.1345 0.0876 0.0574 0.0543 0.0548 0.0559 0.0574 0.0593 0.0616 0.0644 0.0677 0.0715 0.0759 0.0808 0.0865 0.0929 0.1000 0.1080 0.1170 0.1271 0.1383 0.1508 0.1646 0.1797 0.1962 0.2140 0.2330 0.2531 0.2741 0.2956 0.3166 0.3341 0.3393 0.3313 0.3149 0.2923 0.2639 0.2296 0.1881 0.1556 0.1881 0.2296 0.2639 0.2923 0.3149 0.3313 0.3393 0.3341 0.3166 0.2956 0.2741 0.2531 0.2330 0.2140 0.1962 0.1797 0.1646 0.1508 0.1383 0.1271 0.1170 0.1080 0.1000 0.0929 0.0865 0.0808 0.0759 0.0715 0.0677 0.0644 0.0616 0.0593 0.0574 0.0559 0.0548 0.0543 0.0574 0.0876 0.1345 0.1735 0.2069 0.2359 0.2613 0.2835 0.3024 0.3181 0.3301 0.3377 0.3392 0.3356
0.3502 0.3357 0.3265 0.3132 0.2964 0.2764 0.2531 0.2266 0.1965 0.1623 0.1223 0.0762 0.0558 0.0544 0.0550 0.0561 0.0575 0.0594 0.0617 0.0644 0.0676 0.0713 0.0755 0.0803 0.0857 0.0919 0.0988 0.1066 0.1153 0.1250 0.1358 0.1478 0.1612 0.1759 0.1920 0.2094 0.2281 0.2480 0.2687 0.2901 0.3115 0.3304 0.3395 0.3342 0.3197 0.2986 0.2716 0.2389 0.1999 0.1528 0.1158 0.1528 0.1999 0.2389 0.2716 0.2986 0.3197 0.3342 0.3395 0.3304 0.3115 0.2901 0.2687 0.2480 0.2281 0.2094 0.1920 0.1759 0.1612 0.1478 0.1358 0.1250 0.1153 0.1066 0.0988 0.0919 0.0857 0.0803 0.0755 0.0713 0.0676 0.0644 0.0617 0.0594 0.0575 0.0561 0.0550 0.0544 0.0558 0.0762 0.1223 0.1623 0.1965 0.2266 0.2531 0.2764 0.2964 0.3132 0.3265 0.3357 0.3502
0.3468 0.3224 0.3079 0.2900 0.2689 0.2446 0.2169 0.1855 0.1497 0.1076 0.0659 0.0548 0.0545 0.0552 0.0563 0.0578 0.0597 0.0620 0.0646 0.0677 0.0713 0.0753 0.0799 0.0852 0.0911 0.0978 0.1054 0.1138 0.1232 0.1337 0.1454 0.1583 0.1725 0.1881 0.2050 0.2234 0.2429 0.2634 0.2847 0.3062 0.3261 0.3387 0.3366 0.3240 0.3044 0.2789 0.2477 0.2104 0.1661 0.1124 0.0738 0.1124 0.1661 0.2104 0.2477 0.2789 0.3044 0.3240 0.3366 0.3387 0.3261 0.3062 0.2847 0.2634 0.2429 0.2234 0.2050 0.1881 0.1725 0.1583 0.1454 0.1337 0.1232 0.1138 0.1054 0.0978 0.0911 0.0852 0.0799 0.0753 0.0713 0.0677 0.0646 0.0620 0.0597 0.0578 0.0563 0.0552 0.0545 0.0548 0.0659 0.1076 0.1497 0.1855 0.2169 0.2446 0.2689 0.2900 0.3079 0.3224 0.3468
0.3318 0.3022 0.2832 0.2611 0.2356 0.2067 0.1739 0.1364 0.0918 0.0591 0.0544 0.0546 0.0554 0.0566 0.0582 0.0601 0.0624 0.0650 0.0680 0.0715 0.0755 0.0799 0.0850 0.0907 0.0972 0.1045 0.1127 0.1218 0.1320 0.1433 0.1558 0.1696 0.1847 0.2012 0.2190 0.2381 0.2583 0.2793 0.3008 0.3215 0.3368 0.3383 0.3279 0.3100 0.2859 0.2561 0.2204 0.1781 0.1273 0.0699 0.0553 0.0699 0.1273 0.1781 0.2204 0.2561 0.2859 0.3100 0.3279 0.3383 0.3368 0.3215 0.3008 0.2793 0.2583 0.2381 0.2190 0.2012 0.1847 0.1696 0.1558 0.1433 0.1320 0.1218 0.1127 0.1045 0.0972 0.0907 0.0850 0.0799 0.0755 0.0715 0.0680 0.0650 0.0624 0.0601 0.0582 0.0566 0.0554 0.0546 0.0544 0.0591 0.0918 0.1364 0.1739 0.2067 0.2356 0.2611 0.2832 0.3022 0.3318
0.3095 0.2761 0.2529 0.2263 0.1962 0.1619 0.1223 0.0772 0.0561 0.0544 0.0549 0.0558 0.0570 0.0587 0.0606 0.0629 0.0655 0.0686 0.0720 0.0759 0.0803 0.0852 0.0907 0.0970 0.1040 0.1119 0.1208 0.1306 0.1416 0.1538 0.1672 0.1820 0.1979 0.2153 0.2339 0.2536 0.2742 0.2955 0.3165 0.3340 0.3394 0.3314 0.3151 0.2925 0.2641 0.2300 0.1894 0.1412 0.0821 0.0552 0.0543 0.0552 0.0821 0.1412 0.1894 0.2300 0.2641 0.2925 0.3151 0.3314 0.3394 0.3340 0.3165 0.2955 0.2742 0.2536 0.2339 0.2153 0.1979 0.1820 0.1672 0.1538 0.1416 0.1306 0.1208 0.1119 0.1040 0.0970 0.0907 0.0852 0.0803 0.0759 0.0720 0.0686 0.0655 0.0629 0.0606 0.0587 0.0570 0.0558 0.0549 0.0544 0.0561 0.0772 0.1223 0.1619 0.1962 0.2263 0.2529 0.2761 0.3095
0.2810 0.2443 0.2166 0.1851 0.1492 0.1071 0.0657 0.0548 0.0545 0.0551 0.0562 0.0575 0.0592 0.0612 0.0635 0.0662 0.0692 0.0727 0.0765 0.0808 0.0857 0.0911 0.0972 0.1040 0.1117 0.1202 0.1298 0.1405 0.1523 0.1653 0.1797 0.1953 0.2121 0.2302 0.2495 0.2697 0.2906 0.3116 0.3303 0.3395 0.3343 0.3198 0.2987 0.2718 0.2392 0.2003 0.1542 0.0974 0.0569 0.0544 0.0547 0.0544 0.0569 0.0974 0.1542 0.2003 0.2392 0.2718 0.2987 0.3198 0.3343 0.3395 0.3303 0.3116 0.2906 0.2697 0.2495 0.2302 0.2121 0.1953 0.1797 0.1653 0.1523 0.1405 0.1298 0.1202 0.1117 0.1040 0.0972 0.0911 0.0857 0.0808 0.0765 0.0727 0.0692 0.0662 0.0635 0.0612 0.0592 0.0575 0.0562 0.0551 0.0545 0.0548 0.0657 0.1071 0.1492 0.1851 0.2166 0.2443 0.2810
0.2464 0.2064 0.1736 0.1359 0.0913 0.0590 0.0544 0.0546 0.0554 0.0566 0.0581 0.0598 0.0619 0.0643 0.0670 0.0700 0.0735 0.0773 0.0817 0.0865 0.0919 0.0978 0.1045 0.1119 0.1202 0.1295 0.1398 0.1513 0.1639 0.1779 0.1931 0.2096 0.2272 0.2460 0.2659 0.2864 0.3072 0.3266 0.3387 0.3366 0.3241 0.3046 0.2791 0.2479 0.2107 0.1666 0.1131 0.0610 0.0543 0.0550 0.0555 0.0550 0.0543 0.0610 0.1131 0.1666 0.2107 0.2479 0.2791 0.3046 0.3241 0.3366 0.3387 0.3266 0.3072 0.2864 0.2659 0.2460 0.2272 0.2096 0.1931 0.1779 0.1639 0.1513 0.1398 0.1295 0.1202 0.1119 0.1045 0.0978 0.0919 0.0865 0.0817 0.0773 0.0735 0.0700 0.0670 0.0643 0.0619 0.0598 0.0581 0.0566 0.0554 0.0546 0.0544 0.0590 0.0913 0.1359 0.1736 0.2064 0.2464
0.2049 0.1615 0.1218 0.0768 0.0560 0.0544 0.0549 0.0558 0.0570 0.0586 0.0605 0.0627 0.0652 0.0679 0.0710 0.0745 0.0784 0.0827 0.0875 0.0929 0.0988 0.1054 0.1127 0.1208 0.1298 0.1398 0.1509 0.1632 0.1767 0.1915 0.2076 0.2249 0.2433 0.2626 0.2828 0.3034 0.3231 0.3373 0.3381 0.3277 0.3099 0.2860 0.2564 0.2207 0.1785 0.1278 0.0697 0.0545 0.0548 0.0559 0.0567 0.0559 0.0548 0.0545 0.0697 0.1278 0.1785 0.2207 0.2564 0.2860 0.3099 0.3277 0.3381 0.3373 0.3231 0.3034 0.2828 0.2626 0.2433 0.2249 0.2076 0.1915 0.1767 0.1632 0.1509 0.1398 0.1298 0.1208 0.1127 0.1054 0.0988 0.0929 0.0875 0.0827 0.0784 0.0745 0.0710 0.0679 0.0652 0.0627 0.0605 0.0586 0.0570 0.0558 0.0549 0.0544 0.0560 0.0768 0.1218 0.1615 0.2049
0.1549 0.1065 0.0654 0.0548 0.0545 0.0551 0.0562 0.0575 0.0592 0.0612 0.0635 0.0661 0.0689 0.0721 0.0756 0.0795 0.0839 0.0887 0.0941 0.1000 0.1066 0.1138 0.1218 0.1306 0.1405 0.1513 0.1632 0.1763 0.1906 0.2062 0.2231 0.2411 0.2601 0.2799 0.3002 0.3199 0.3356 0.3391 0.3305 0.3143 0.2919 0.2640 0.2301 0.1898 0.1416 0.0826 0.0552 0.0546 0.0556 0.0572 0.0583 0.0572 0.0556 0.0546 0.0552 0.0826 0.1416 0.1898 0.2301 0.2640 0.2919 0.3143 0.3305 0.3391 0.3356 0.3199 0.3002 0.2799 0.2601 0.2411 0.2231 0.2062 0.1906 0.1763 0.1632 0.1513 0.1405 0.1306 0.1218 0.1138 0.1066 0.1000 0.0941 0.0887 0.0839 0.0795 0.0756 0.0721 0.0689 0.0661 0.0635 0.0612 0.0592 0.0575 0.0562 0.0551 0.0545 0.0548 0.0654 0.1065 0.1549
0.0919 0.0589 0.0544 0.0546 0.0554 0.0566 0.0581 0.0599 0.0619 0.0643 0.0670 0.0700 0.0733 0.0769 0.0809 0.0853 0.0902 0.0956 0.1015 0.1080 0.1153 0.1232 0.1320 0.1416 0.1523 0.1639 0.1767 0.1906 0.2058 0.2221 0.2397 0.2582 0.2776 0.2975 0.3172 0.3337 0.3395 0.3327 0.3180 0.2969 0.2704 0.2384 0.2001 0.1544 0.0979 0.0570 0.0544 0.0553 0.0569 0.0589 0.0601 0.0589 0.0569 0.0553 0.0544 0.0570 0.0979 0.1544 0.2001 0.2384 0.2704 0.2969 0.3180 0.3327 0.3395 0.3337 0.3172 0.2975 0.2776 0.2582 0.2397 0.2221 0.2058 0.1906 0.1767 0.1639 0.1523 0.1416 0.1320 0.1232 0.1153 0.1080 0.1015 0.0956 0.0902 0.0853 0.0809 0.0769 0.0733 0.0700 0.0670 0.0643 0.0619 0.0599 0.0581 0.0566 0.0554 0.0546 0.0544 0.0589 0.0919
0.0565 0.0544 0.0549 0.0558 0.0571 0.0587 0.0605 0.0627 0.0652 0.0680 0.0710 0.0745 0.0782 0.0823 0.0869 0.0918 0.0973 0.1032 0.1098 0.1170 0.1250 0.1337 0.1433 0.1538 0.1653 0.1779 0.1915 0.2062 0.2221 0.2391 0.2572 0.2762 0.2957 0.3151 0.3320 0.3396 0.3344 0.3209 0.3011 0.2758 0.2452 0.2087 0.1654 0.1126 0.0610 0.0543 0.0550 0.0564 0.0584 0.0608 0.0622 0.0608 0.0584 0.0564 0.0550 0.0543 0.0610 0.1126 0.1654 0.2087 0.2452 0.2758 0.3011 0.3209 0.3344 0.3396 0.3320 0.3151 0.2957 0.2762 0.2572 0.2391 0.2221 0.2062 0.1915 0.1779 0.1653 0.1538 0.1433 0.1337 0.1250 0.1170 0.1098 0.1032 0.0973 0.0918 0.0869 0.0823 0.0782 0.0745 0.0710 0.0680 0.0652 0.0627 0.0605 0.0587 0.0571 0.0558 0.0549 0.0544 0.0565
0.0541 0.0551 0.0562 0.0576 0.0593 0.0612 0.0635 0.0661 0.0690 0.0721 0.0757 0.0796 0.0838 0.0885 0.0936 0.0992 0.1052 0.1119 0.1191 0.1271 0.1358 0.1454 0.1558 0.1672 0.1797 0.1931 0.2076 0.2231 0.2397 0.2572 0.2757 0.2947 0.3138 0.3308 0.3394 0.3355 0.3231 0.3045 0.2804 0.2509 0.2158 0.1744 0.1248 0.0684 0.0545 0.0548 0.0560 0.0579 0.0603 0.0630 0.0646 0.0630 0.0603 0.0579 0.0560 0.0548 0.0545 0.0684 0.1248 0.1744 0.2158 0.2509 0.2804 0.3045 0.3231 0.3355 0.3394 0.3308 0.3138 0.2947 0.2757 0.2572 0.2397 0.2231 0.2076 0.1931 0.1797 0.1672 0.1558 0.1454 0.1358 0.1271 0.1191 0.1119 0.1052 0.0992 0.0936 0.0885 0.0838 0.0796 0.0757 0.0721 0.0690 0.0661 0.0635 0.0612 0.0593 0.0576 0.0562 0.0551 0.0541
0.0546 0.0566 0.0581 0.0599 0.0620 0.0643 0.0670 0.0700 0.0733 0.0769 0.0810 0.0854 0.0902 0.0954 0.1011 0.1074 0.1142 0.1215 0.1295 0.1383 0.1478 0.1583 0.1696 0.1820 0.1953 0.2096 0.2249 0.2411 0.2582 0.2762 0.2947 0.3133 0.3301 0.3392 0.3362 0.3247 0.3070 0.2840 0.2556 0.2219 0.1821 0.1347 0.0774 0.0549 0.0546 0.0557 0.0574 0.0596 0.0624 0.0655 0.0674 0.0655 0.0624 0.0596 0.0574 0.0557 0.0546 0.0549 0.0774 0.1347 0.1821 0.2219 0.2556 0.2840 0.3070 0.3247 0.3362 0.3392 0.3301 0.3133 0.2947 0.2762 0.2582 0.2411 0.2249 0.2096 0.1953 0.1820 0.1696 0.1583 0.1478 0.1383 0.1295 0.1215 0.1142 0.1074 0.1011 0.0954 0.0902 0.0854 0.0810 0.0769 0.0733 0.0700 0.0670 0.0643 0.0620 0.0599 0.0581 0.0566 0.0546
0.0558 0.0586 0.0606 0.0627 0.0652 0.0680 0.0711 0.0745 0.0783 0.0824 0.0869 0.0919 0.0973 0.1032 0.1096 0.1166 0.1241 0.1323 0.1412 0.1508 0.1612 0.1725 0.1847 0.1979 0.2121 0.2272 0.2433 0.2601 0.2776 0.2957 0.3138 0.3301 0.3392 0.3366 0.3257 0.3088 0.2866 0.2593 0.2267 0.1882 0.1427 0.0866 0.0558 0.0545 0.0554 0.0569 0.0590 0.0617 0.0648 0.0684 0.0704 0.0684 0.0648 0.0617 0.0590 0.0569 0.0554 0.0545 0.0558 0.0866 0.1427 0.1882 0.2267 0.2593 0.2866 0.3088 0.3257 0.3366 0.3392 0.3301 0.3138 0.2957 0.2776 0.2601 0.2433 0.2272 0.2121 0.1979 0.1847 0.1725 0.1612 0.1508 0.1412 0.1323 0.1241 0.1166 0.1096 0.1032 0.0973 0.0919 0.0869 0.0824 0.0783 0.0745 0.0711 0.0680 0.0652 0.0627 0.0606 0.0586 0.0558
0.0576 0.0612 0.0635 0.0661 0.0690 0.0722 0.0757 0.0796 0.0839 0.0886 0.0937 0.0992 0.1053 0.1119 0.1191 0.1268 0.1352 0.1443 0.1541 0.1646 0.1759 0.1881 0.2012 0.2153 0.2302 0.2460 0.2626 0.2799 0.2975 0.3151 0.3308 0.3392 0.3366 0.3261 0.3097 0.2883 0.2619 0.2303 0.1931 0.1491 0.0950 0.0571 0.0544 0.0552 0.0566 0.0586 0.0611 0.0641 0.0676 0.0715 0.0738 0.0715 0.0676 0.0641 0.0611 0.0586 0.0566 0.0552 0.0544 0.0571 0.0950 0.1491 0.1931 0.2303 0.2619 0.2883 0.3097 0.3261 0.3366 0.3392 0.3308 0.3151 0.2975 0.2799 0.2626 0.2460 0.2302 0.2153 0.2012 0.1881 0.1759 0.1646 0.1541 0.1443 0.1352 0.1268 0.1191 0.1119 0.1053 0.0992 0.0937 0.0886 0.0839 0.0796 0.0757 0.0722 0.0690 0.0661 0.0635 0.0612 0.0576
0.0600 0.0643 0.0670 0.0700 0.0733 0.0770 0.0810 0.0854 0.0902 0.0955 0.1012 0.1075 0.1142 0.1216 0.1296 0.1382 0.1475 0.1575 0.1682 0.1797 0.1920 0.2050 0.2190 0.2339 0.2495 0.2659 0.2828 0.3002 0.3172 0.3320 0.3394 0.3362 0.3257 0.3097 0.2889 0.2633 0.2327 0.1966 0.1539 0.1018 0.0587 0.0544 0.0550 0.0563 0.0582 0.0606 0.0634 0.0668 0.0708 0.0751 0.0775 0.0751 0.0708 0.0668 0.0634 0.0606 0.0582 0.0563 0.0550 0.0544 0.0587 0.1018 0.1539 0.1966 0.2327 0.2633 0.2889 0.3097 0.3257 0.3362 0.3394 0.3320 0.3172 0.3002 0.2828 0.2659 0.2495 0.2339 0.2190 0.2050 0.1920 0.1797 0.1682 0.1575 0.1475 0.1382 0.1296 0.1216 0.1142 0.1075 0.1012 0.0955 0.0902 0.0854 0.0810 0.0770 0.0733 0.0700 0.0670 0.0643 0.0600
0.0630 0.0679 0.0711 0.0745 0.0783 0.0824 0.0870 0.0919 0.0974 0.1033 0.1097 0.1167 0.1242 0.1324 0.1413 0.1508 0.1610 0.1720 0.1837 0.1962 0.2094 0.2234 0.2381 0.2536 0.2697 0.2864 0.3034 0.3199 0.3337 0.3396 0.3355 0.3247 0.3088 0.2883 0.2633 0.2336 0.1985 0.1571 0.1067 0.0605 0.0543 0.0549 0.0561 0.0579 0.0601 0.0629 0.0661 0.0699 0.0743 0.0790 0.0817 0.0790 0.0743 0.0699 0.0661 0.0629 0.0601 0.0579 0.0561 0.0549 0.0543 0.0605 0.1067 0.1571 0.1985 0.2336 0.2633 0.2883 0.3088 0.3247 0.3355 0.3396 0.3337 0.3199 0.3034 0.2864 0.2697 0.2536 0.2381 0.2234 0.2094 0.1962 0.1837 0.1720 0.1610 0.1508 0.1413 0.1324 0.1242 0.1167 0.1097 0.1033 0.0974 0.0919 0.0870 0.0824 0.0783 0.0745 0.0711 0.0679 0.0630
0.0664 0.0721 0.0758 0.0797 0.0839 0.0886 0.0937 0.0993 0.1054 0.1120 0.1191 0.1269 0.1353 0.1444 0.1542 0.1647 0.1759 0.1879 0.2006 0.2140 0.2281 0.2429 0.2583 0.2742 0.2906 0.3072 0.3231 0.3356 0.3395 0.3344 0.3231 0.3070 0.2866 0.2619 0.2327 0.1985 0.1583 0.1095 0.0620 0.0543 0.0548 0.0559 0.0576 0.0598 0.0624 0.0656 0.0692 0.0734 0.0782 0.0834 0.0864 0.0834 0.0782 0.0734 0.0692 0.0656 0.0624 0.0598 0.0576 0.0559 0.0548 0.0543 0.0620 0.1095 0.1583 0.1985 0.2327 0.2619 0.2866 0.3070 0.3231 0.3344 0.3395 0.3356 0.3231 0.3072 0.2906 0.2742 0.2583 0.2429 0.2281 0.2140 0.2006 0.1879 0.1759 0.1647 0.1542 0.1444 0.1353 0.1269 0.1191 0.1120 0.1054 0.0993 0.0937 0.0886 0.0839 0.0797 0.0758 0.0721 0.0664
0.0704 0.0769 0.0810 0.0855 0.0903 0.0955 0.1013 0.1075 0.1143 0.1217 0.1297 0.1383 0.1476 0.1576 0.1684 0.1798 0.1921 0.2050 0.2187 0.2330 0.2480 0.2634 0.2793 0.2955 0.3116 0.3266 0.3373 0.3391 0.3327 0.3209 0.3045 0.2840 0.2593 0.2303 0.1966 0.1571 0.1095 0.0627 0.0544 0.0547 0.0558 0.0574 0.0595 0.0621 0.0651 0.0686 0.0727 0.0773 0.0826 0.0882 0.0915 0.0882 0.0826 0.0773 0.0727 0.0686 0.0651 0.0621 0.0595 0.0574 0.0558 0.0547 0.0544 0.0627 0.1095 0.1571 0.1966 0.2303 0.2593 0.2840 0.3045 0.3209 0.3327 0.3391 0.3373 0.3266 0.3116 0.2955 0.2793 0.2634 0.2480 0.2330 0.2187 0.2050 0.1921 0.1798 0.1684 0.1576 0.1476 0.1383 0.1297 0.1217 0.1143 0.1075 0.1013 0.0955 0.0903 0.0855 0.0810 0.0769 0.0704
0.0750 0.0824 0.0870 0.0920 0.0974 0.1033 0.1098 0.1167 0.1243 0.1325 0.1414 0.1509 0.1612 0.1721 0.1839 0.1964 0.2096 0.2234 0.2380 0.2531 0.2687 0.2847 0.3008 0.3165 0.3303 0.3387 0.3381 0.3305 0.3180 0.3011 0.2804 0.2556 0.2267 0.1931 0.1539 0.1067 0.0620 0.0544 0.0547 0.0558 0.0573 0.0593 0.0618 0.0647 0.0681 0.0721 0.0766 0.0817 0.0874 0.0936 0.0972 0.0936 0.0874 0.0817 0.0766 0.0721 0.0681 0.0647 0.0618 0.0593 0.0573 0.0558 0.0547 0.0544 0.0620 0.1067 0.1539 0.1931 0.2267 0.2556 0.2804 0.3011 0.3180 0.3305 0.3381 0.3387 0.3303 0.3165 0.3008 0.2847 0.2687 0.2531 0.2380 0.2234 0.2096 0.1964 0.1839 0.1721 0.1612 0.1509 0.1414 0.1325 0.1243 0.1167 0.1098 0.1033 0.0974 0.0920 0.0870 0.0824 0.0750
0.0803 0.0885 0.0938 0.0994 0.1054 0.1120 0.1192 0.1270 0.1354 0.1445 0.1543 0.1648 0.1760 0.1880 0.2007 0.2142 0.2283 0.2430 0.2583 0.2741 0.2901 0.3062 0.3215 0.3340 0.3395 0.3366 0.3277 0.3143 0.2969 0.2758 0.2509 0.2219 0.1882 0.1491 0.1018 0.0605 0.0543 0.0547 0.0558 0.0573 0.0592 0.0616 0.0645 0.0678 0.0716 0.0760 0.0809 0.0865 0.0929 0.0996 0.1035 0.0996 0.0929 0.0865 0.0809 0.0760 0.0716 0.0678 0.0645 0.0616 0.0592 0.0573 0.0558 0.0547 0.0543 0.0605 0.1018 0.1491 0.1882 0.2219 0.2509 0.2758 0.2969 0.3143 0.3277 0.3366 0.3395 0.3340 0.3215 0.3062 0.2901 0.2741 0.2583 0.2430 0.2283 0.2142 0.2007 0.1880 0.1760 0.1648 0.1543 0.1445 0.1354 0.1270 0.1192 0.1120 0.1054 0.0994 0.0938 0.0885 0.0803
0.0862 0.0955 0.1013 0.1076 0.1144 0.1218 0.1298 0.1384 0.1477 0.1577 0.1685 0.1800 0.1922 0.2052 0.2188 0.2332 0.2481 0.2636 0.2795 0.2956 0.3115 0.3261 0.3368 0.3394 0.3343 0.3241 0.3099 0.2919 0.2704 0.2452 0.2158 0.1821 0.1427 0.0950 0.0587 0.0543 0.0548 0.0558 0.0573 0.0592 0.0616 0.0644 0.0676 0.0713 0.0756 0.0804 0.0858 0.0920 0.0989 0.1062 0.1105 0.1062 0.0989 0.0920 0.0858 0.0804 0.0756 0.0713 0.0676 0.0644 0.0616 0.0592 0.0573 0.0558 0.0548 0.0543 0.0587 0.0950 0.1427 0.1821 0.2158 0.2452 0.2704 0.2919 0.3099 0.3241 0.3343 0.3394 0.3368 0.3261 0.3115 0.2956 0.2795 0.2636 0.2481 0.2332 0.2188 0.2052 0.1922 0.1800 0.1685 0.1577 0.1477 0.1384 0.1298 0.1218 0.1144 0.1076 0.1013 0.0955 0.0862
0.0929 0.1032 0.1098 0.1168 0.1244 0.1326 0.1415 0.1510 0.1613 0.1723 0.1840 0.1965 0.2097 0.2236 0.2382 0.2533 0.2689 0.2849 0.3010 0.3166 0.3304 0.3387 0.3383 0.3314 0.3198 0.3046 0.2860 0.2640 0.2384 0.2087 0.1744 0.1347 0.0866 0.0571 0.0544 0.0549 0.0559 0.0574 0.0593 0.0616 0.0644 0.0676 0.0712 0.0753 0.0800 0.0853 0.0913 0.0980 0.1055 0.1135 0.1182 0.1135 0.1055 0.0980 0.0913 0.0853 0.0800 0.0753 0.0712 0.0676 0.0644 0.0616 0.0593 0.0574 0.0559 0.0549 0.0544 0.0571 0.0866 0.1347 0.1744 0.2087 0.2384 0.2640 0.2860 0.3046 0.3198 0.3314 0.3383 0.3387 0.3304 0.3166 0.3010 0.2849 0.2689 0.2533 0.2382 0.2236 0.2097 0.1965 0.1840 0.1723 0.1613 0.1510 0.1415 0.1326 0.1244 0.1168 0.1098 0.1032 0.0929
0.1005 0.1119 0.1193 0.1271 0.1355 0.1446 0.1544 0.1649 0.1761 0.1881 0.2009 0.2143 0.2284 0.2432 0.2585 0.2743 0.2903 0.3063 0.3216 0.3341 0.3395 0.3366 0.3279 0.3151 0.2987 0.2791 0.2564 0.2301 0.2001 0.1654 0.1248 0.0774 0.0558 0.0544 0.0550 0.0561 0.0576 0.0595 0.0618 0.0645 0.0676 0.0712 0.0753 0.0799 0.0850 0.0909 0.0974 0.1047 0.1129 0.1216 0.1267 0.1216 0.1129 0.1047 0.0974 0.0909 0.0850 0.0799 0.0753 0.0712 0.0676 0.0645 0.0618 0.0595 0.0576 0.0561 0.0550 0.0544 0.0558 0.0774 0.1248 0.1654 0.2001 0.2301 0.2564 0.2791 0.2987 0.3151 0.3279 0.3366 0.3395 0.3341 0.3216 0.3063 0.2903 0.2743 0.2585 0.2432 0.2284 0.2143 0.2009 0.1881 0.1761 0.1649 0.1544 0.1446 0.1355 0.1271 0.1193 0.1119 0.1005
0.1089 0.1217 0.1298 0.1385 0.1478 0.1578 0.1686 0.1801 0.1923 0.2053 0.2190 0.2333 0.2483 0.2638 0.2796 0.2957 0.3116 0.3263 0.3369 0.3393 0.3342 0.3240 0.3100 0.2925 0.2718 0.2479 0.2207 0.1898 0.1544 0.1126 0.0684 0.0549 0.0545 0.0552 0.0563 0.0579 0.0598 0.0621 0.0647 0.0678 0.0713 0.0753 0.0799 0.0849 0.0906 0.0970 0.1042 0.1121 0.1210 0.1305 0.1360 0.1305 0.1210 0.1121 0.1042 0.0970 0.0906 0.0849 0.0799 0.0753 0.0713 0.0678 0.0647 0.0621 0.0598 0.0579 0.0563 0.0552 0.0545 0.0549 0.0684 0.1126 0.1544 0.1898 0.2207 0.2479 0.2718 0.2925 0.3100 0.3240 0.3342 0.3393 0.3369 0.3263 0.3116 0.2957 0.2796 0.2638 0.2483 0.2333 0.2190 0.2053 0.1923 0.1801 0.1686 0.1578 0.1478 0.1385 0.1298 0.1217 0.1089
0.1185 0.1325 0.1416 0.1511 0.1614 0.1724 0.1841 0.1966 0.2098 0.2238 0.2383 0.2535 0.2691 0.2851 0.3011 0.3168 0.3305 0.3387 0.3383 0.3313 0.3197 0.3044 0.2859 0.2641 0.2392 0.2107 0.1785 0.1416 0.0979 0.0610 0.0545 0.0546 0.0554 0.0566 0.0582 0.0601 0.0624 0.0651 0.0681 0.0716 0.0756 0.0800 0.0850 0.0906 0.0969 0.1039 0.1117 0.1204 0.1300 0.1403 0.1463 0.1403 0.1300 0.1204 0.1117 0.1039 0.0969 0.0906 0.0850 0.0800 0.0756 0.0716 0.0681 0.0651 0.0624 0.0601 0.0582 0.0566 0.0554 0.0546 0.0545 0.0610 0.0979 0.1416 0.1785 0.2107 0.2392 0.2641 0.2859 0.3044 0.3197 0.3313 0.3383 0.3387 0.3305 0.3168 0.3011 0.2851 0.2691 0.2535 0.2383 0.2238 0.2098 0.1966 0.1841 0.1724 0.1614 0.1511 0.1416 0.1325 0.1185
0.1291 0.1445 0.1545 0.1650 0.1763 0.1883 0.2010 0.2145 0.2286 0.2434 0.2587 0.2744 0.2905 0.3065 0.3218 0.3342 0.3395 0.3365 0.3278 0.3149 0.2986 0.2789 0.2561 0.2300 0.2003 0.1666 0.1278 0.0826 0.0570 0.0543 0.0548 0.0557 0.0569 0.0586 0.0606 0.0629 0.0656 0.0686 0.0721 0.0760 0.0804 0.0853 0.0909 0.0970 0.1039 0.1116 0.1201 0.1295 0.1400 0.1511 0.1576 0.1511 0.1400 0.1295 0.1201 0.1116 0.1039 0.0970 0.0909 0.0853 0.0804 0.0760 0.0721 0.0686 0.0656 0.0629 0.0606 0.0586 0.0569 0.0557 0.0548 0.0543 0.0570 0.0826 0.1278 0.1666 0.2003 0.2300 0.2561 0.2789 0.2986 0.3149 0.3278 0.3365 0.3395 0.3342 0.3218 0.3065 0.2905 0.2744 0.2587 0.2434 0.2286 0.2145 0.2010 0.1883 0.1763 0.1650 0.1545 0.1445 0.1291
0.1410 0.1577 0.1687 0.1802 0.1925 0.2055 0.2191 0.2335 0.2485 0.2639 0.2798 0.2959 0.3118 0.3264 0.3370 0.3393 0.3341 0.3239 0.3098 0.2923 0.2716 0.2477 0.2204 0.1894 0.1542 0.1131 0.0697 0.0552 0.0544 0.0550 0.0560 0.0574 0.0590 0.0611 0.0634 0.0661 0.0692 0.0727 0.0766 0.0809 0.0858 0.0913 0.0974 0.1042 0.1117 0.1201 0.1294 0.1396 0.1509 0.1629 0.1700 0.1629 0.1509 0.1396 0.1294 0.1201 0.1117 0.1042 0.0974 0.0913 0.0858 0.0809 0.0766 0.0727 0.0692 0.0661 0.0634 0.0611 0.0590 0.0574 0.0560 0.0550 0.0544 0.0552 0.0697 0.1131 0.1542 0.1894 0.2204 0.2477 0.2716 0.2923 0.3098 0.3239 0.3341 0.3393 0.3370 0.3264 0.3118 0.2959 0.2798 0.2639 0.2485 0.2335 0.2191 0.2055 0.1925 0.1802 0.1687 0.1577 0.1410
0.1542 0.1723 0.1843 0.1968 0.2100 0.2239 0.2385 0.2536 0.2693 0.2852 0.3013 0.3170 0.3307 0.3388 0.3382 0.3311 0.3195 0.3043 0.2857 0.2639 0.2389 0.2104 0.1781 0.1412 0.0974 0.0610 0.0545 0.0546 0.0553 0.0564 0.0579 0.0596 0.0617 0.0641 0.0668 0.0699 0.0734 0.0773 0.0817 0.0865 0.0920 0.0980 0.1047 0.1121 0.1204 0.1295 0.1396 0.1507 0.1629 0.1757 0.1835 0.1757 0.1629 0.1507 0.1396 0.1295 0.1204 0.1121 0.1047 0.0980 0.0920 0.0865 0.0817 0.0773 0.0734 0.0699 0.0668 0.0641 0.0617 0.0596 0.0579 0.0564 0.0553 0.0546 0.0545 0.0610 0.0974 0.1412 0.1781 0.2104 0.2389 0.2639 0.2857 0.3043 0.3195 0.3311 0.3382 0.3388 0.3307 0.3170 0.3013 0.2852 0.2693 0.2536 0.2385 0.2239 0.2100 0.1968 0.1843 0.1723 0.1542
0.1689 0.1883 0.2012 0.2147 0.2288 0.2436 0.2589 0.2747 0.2907 0.3067 0.3220 0.3343 0.3395 0.3364 0.3277 0.3147 0.2983 0.2786 0.2557 0.2296 0.1999 0.1661 0.1273 0.0821 0.0569 0.0543 0.0548 0.0556 0.0569 0.0584 0.0603 0.0624 0.0648 0.0676 0.0708 0.0743 0.0782 0.0826 0.0874 0.0929 0.0989 0.1055 0.1129 0.1210 0.1300 0.1400 0.1509 0.1629 0.1760 0.1898 0.1982 0.1898 0.1760 0.1629 0.1509 0.1400 0.1300 0.1210 0.1129 0.1055 0.0989 0.0929 0.0874 0.0826 0.0782 0.0743 0.0708 0.0676 0.0648 0.0624 0.0603 0.0584 0.0569 0.0556 0.0548 0.0543 0.0569 0.0821 0.1273 0.1661 0.1999 0.2296 0.2557 0.2786 0.2983 0.3147 0.3277 0.3364 0.3395 0.3343 0.3220 0.3067 0.2907 0.2747 0.2589 0.2436 0.2288 0.2147 0.2012 0.1883 0.1689
0.1844 0.2050 0.2189 0.2333 0.2484 0.2639 0.2799 0.2962 0.3122 0.3269 0.3373 0.3392 0.3338 0.3234 0.3092 0.2915 0.2707 0.2466 0.2192 0.1881 0.1528 0.1124 0.0699 0.0552 0.0544 0.0550 0.0559 0.0572 0.0589 0.0608 0.0630 0.0655 0.0684 0.0715 0.0751 0.0790 0.0834 0.0882 0.0936 0.0996 0.1062 0.1135 0.1216 0.1305 0.1403 0.1511 0.1629 0.1757 0.1898 0.2045 0.2135 0.2045 0.1898 0.1757 0.1629 0.1511 0.1403 0.1305 0.1216 0.1135 0.1062 0.0996 0.0936 0.0882 0.0834 0.0790 0.0751 0.0715 0.0684 0.0655 0.0630 0.0608 0.0589 0.0572 0.0559 0.0550 0.0544 0.0552 0.0699 0.1124 0.1528 0.1881 0.2192 0.2466 0.2707 0.2915 0.3092 0.3234 0.3338 0.3392 0.3373 0.3269 0.3122 0.2962 0.2799 0.2639 0.2484 0.2333 0.2189 0.2050 0.1844
0.1935 0.2151 0.2298 0.2449 0.2606 0.2768 0.2934 0.3098 0.3252 0.3365 0.3393 0.3344 0.3243 0.3103 0.2929 0.2723 0.2485 0.2214 0.1905 0.1556 0.1158 0.0738 0.0553 0.0543 0.0547 0.0555 0.0567 0.0583 0.0601 0.0622 0.0646 0.0674 0.0704 0.0738 0.0775 0.0817 0.0864 0.0915 0.0972 0.1035 0.1105 0.1182 0.1267 0.1360 0.1463 0.1576 0.1700 0.1835 0.1982 0.2135 0.2228 0.2135 0.1982 0.1835 0.1700 0.1576 0.1463 0.1360 0.1267 0.1182 0.1105 0.1035 0.0972 0.0915 0.0864 0.0817 0.0775 0.0738 0.0704 0.0674 0.0646 0.0622 0.0601 0.0583 0.0567 0.0555 0.0547 0.0543 0.0553 0.0738 0.1158 0.1556 0.1905 0.2214 0.2485 0.2723 0.2929 0.3103 0.3243 0.3344 0.3393 0.3365 0.3252 0.3098 0.2934 0.2768 0.2606 0.2449 0.2298 0.2151 0.1935
0.1844 0.2050 0.2189 0.2333 0.2484 0.2639 0.2799 0.2962 0.3122 0.3269 0.3373 0.3392 0.3338 0.3234 0.3092 0.2915 0.2707 0.2466 0.2192 0.1881 0.1528 0.1124 0.0699 0.0552 0.0544 0.0550 0.0559 0.0572 0.0589 0.0608 0.0630 0.0655 0.0684 0.0715 0.0751 0.0790 0.0834 0.0882 0.0936 0.0996 0.1062 0.1135 0.1216 0.1305 0.1403 0.1511 0.1629 0.1757 0.1898 0.2045 0.2135 0.2045 0.1898 0.1757 0.1629 0.1511 0.1403 0.1305 0.1216 0.1135 0.1062 0.0996 0.0936 0.0882 0.0834 0.0790 0.0751 0.0715 0.0684 0.0655 0.0630 0.0608 0.0589 0.0572 0.0559 0.0550 0.0544 0.0552 0.0699 0.1124 0.1528 0.1881 0.2192 0.2466 0.2707 0.2915 0.3092 0.3234 0.3338 0.3392 0.3373 0.3269 0.3122 0.2962 0.2799 0.2639 0.2484 0.2333 0.2189 0.2050 0.1844
0.1689 0.1883 0.2012 0.2147 0.2288 0.2436 0.2589 0.2747 0.2907 0.3067 0.3220 0.3343 0.3395 0.3364 0.3277 0.3147 0.2983 0.2786 0.2557 0.2296 0.1999 0.1661 0.1273 0.0821 0.0569 0.0543 0.0548 0.0556 0.0569 0.0584 0.0603 0.0624 0.0648 0.0676 0.0708 0.0743 0.0782 0.0826 0.0874 0.0929 0.0989 0.1055 0.1129 0.1210 0.1300 0.1400 0.1509 0.1629 0.1760 0.1898 0.1982 0.1898 0.1760 0.1629 0.1509 0.1400 0.1300 0.1210 0.1129 0.1055 0.0989 0.0929 0.0874 0.0826 0.0782 0.0743 0.0708 0.0676 0.0648 0.0624 0.0603 0.0584 0.0569 0.0556 0.0548 0.0543 0.0569 0.0821 0.1273 0.1661 0.1999 0.2296 0.2557 0.2786 0.2983 0.3147 0.3277 0.3364 0.3395 0.3343 0.3220 0.3067 0.2907 0.2747 0.2589 0.2436 0.2288 0.2147 0.2012 0.1883 0.1689
0.1542 0.1723 0.1843 0.1968 0.2100 0.2239 0.2385 0.2536 0.2693 0.2852 0.3013 0.3170 0.3307 0.3388 0.3382 0.3311 0.3195 0.3043 0.2857 0.2639 0.2389 0.2104 0.1781 0.1412 0.0974 0.0610 0.0545 0.0546 0.0553 0.0564 0.0579 0.0596 0.0617 0.0641 0.0668 0.0699 0.0734 0.0773 0.0817 0.0865 0.0920 0.0980 0.1047 0.1121 0.1204 0.1295 0.1396 0.1507 0.1629 0.1757 0.1835 0.1757 0.1629 0.1507 0.1396 0.1295 0.1204 0.1121 0.1047 0.0980 0.0920 0.0865 0.0817 0.0773 0.0734 0.0699 0.0668 0.0641 0.0617 0.0596 0.0579 0.0564 0.0553 0.0546 0.0545 0.0610 0.0974 0.1412 0.1781 0.2104 0.2389 0.2639 0.2857 0.3043 0.3195 0.3311 0.3382 0.3388 0.3307 0.3170 0.3013 0.2852 0.2693 0.2536 0.2385 0.2239 0.2100 0.1968 0.1843 0.1723 0.1542
0.1410 0.1577 0.1687 0.1802 0.1925 0.2055 0.2191 0.2335 0.2485 0.2639 0.2798 0.2959 0.3118 0.3264 0.3370 0.3393 0.3341 0.3239 0.3098 0.2923 0.2716 0.2477 0.2204 0.1894 0.1542 0.1131 0.0697 0.0552 0.0544 0.0550 0.0560 0.0574 0.0590 0.0611 0.0634 0.0661 0.0692 0.0727 0.0766 0.0809 0.0858 0.0913 0.0974 0.1042 0.1117 0.1201 0.1294 0.1396 0.1509 0.1629 0.1700 0.1629 0.1509 0.1396 0.1294 0.1201 0.1117 0.1042 0.0974 0.0913 0.0858 0.0809 0.0766 0.0727 0.0692 0.0661 0.0634 0.0611 0.0590 0.0574 0.0560 0.0550 0.0544 0.0552 0.0697 0.1131 0.1542 0.1894 0.2204 0.2477 0.2716 0.2923 0.3098 0.3239 0.3341 0.3393 0.3370 0.3264 0.3118 0.2959 0.2798 0.2639 0.2485 0.2335 0.2191 0.2055 0.1925 0.1802 0.1687 0.1577 0.1410
0.1291 0.1445 0.1545 0.1650 0.1763 0.1883 0.2010 0.2145 0.2286 0.2434 0.2587 0.2744 0.2905 0.3065 0.3218 0.3342 0.3395 0.3365 0.3278 0.3149 0.2986 0.2789 0.2561 0.2300 0.2003 0.1666 0.1278 0.0826 0.0570 0.0543 0.0548 0.0557 0.0569 0.0586 0.0606 0.0629 0.0656 0.0686 0.0721 0.0760 0.0804 0.0853 0.0909 0.0970 0.1039 0.1116 0.1201 0.1295 0.1400 0.1511 0.1576 0.1511 0.1400 0.1295 0.1201 0.1116 0.1039 0.0970 0.0909 0.0853 0.0804 0.0760 0.0721 0.0686 0.0656 0.0629 0.0606 0.0586 0.0569 0.0557 0.0548 0.0543 0.0570 0.0826 0.1278 0.1666 0.2003 0.2300 0.2561 0.2789 0.2986 0.3149 0.3278 0.3365 0.3395 0.3342 0.3218 0.3065 0.2905 0.2744 0.2587 0.2434 0.2286 0.2145 0.2010 0.1883 0.1763 0.1650 0.1545 0.1445 0.1291
