0.2400 0.2243 0.1288 -0.0405 -0.1180 -0.1540 -0.1783 -0.1967 -0.2111 -0.2218 -0.2291 -0.2336 -0.2360 -0.2373 -0.2379 -0.2382 -0.2383 -0.2384 -0.2384 -0.2384 -0.2384 -0.2385 -0.2385 -0.2385 -0.2385 -0.2385 -0.2385 -0.2385 -0.2385 -0.2385 -0.2385 -0.2385 -0.2385 -0.2385 -0.2385 -0.2385 -0.2385 -0.2385 -0.2385 -0.2385 -0.2385 -0.2385 -0.2385 -0.2385 -0.2385 -0.2385 -0.2385 -0.2385 -0.2385 -0.2385 -0.2385 -0.2385 -0.2385 -0.2385 -0.2385 -0.2385 -0.2385 -0.2385 -0.2385 -0.2385 -0.2385 -0.2385 -0.2385 -0.2385 -0.2385 -0.2385 -0.2385 -0.2385 -0.2385 -0.2385 -0.2385 -0.2385 -0.2385 -0.2385 -0.2385 -0.2385 -0.2385 -0.2385 -0.2385 -0.2385 -0.2384 -0.2384 -0.2384 -0.2384 -0.2383 -0.2382 -0.2379 -0.2373 -0.2360 -0.2336 -0.2291 -0.2218 -0.2111 -0.1967 -0.1783 -0.1540 -0.1180 -0.0405 0.1288 0.2243 0.2400
0.2243 0.1205 -0.0459 -0.1253 -0.1593 -0.1833 -0.2024 -0.2182 -0.2313 -0.2413 -0.2483 -0.2527 -0.2550 -0.2562 -0.2568 -0.2570 -0.2572 -0.2572 -0.2573 -0.2573 -0.2573 -0.2573 -0.2573 -0.2574 -0.2574 -0.2574 -0.2574 -0.2574 -0.2574 -0.2574 -0.2574 -0.2574 -0.2574 -0.2574 -0.2574 -0.2574 -0.2574 -0.2574 -0.2574 -0.2574 -0.2574 -0.2574 -0.2574 -0.2574 -0.2574 -0.2574 -0.2574 -0.2574 -0.2574 -0.2574 -0.2574 -0.2574 -0.2574 -0.2574 -0.2574 -0.2574 -0.2574 -0.2574 -0.2574 -0.2574 -0.2574 -0.2574 -0.2574 -0.2574 -0.2574 -0.2574 -0.2574 -0.2574 -0.2574 -0.2574 -0.2574 -0.2574 -0.2574 -0.2574 -0.2574 -0.2574 -0.2574 -0.2574 -0.2573 -0.2573 -0.2573 -0.2573 -0.2573 -0.2572 -0.2572 -0.2570 -0.2568 -0.2562 -0.2550 -0.2527 -0.2483 -0.2413 -0.2313 -0.2182 -0.2024 -0.1833 -0.1593 -0.1253 -0.0459 0.1205 0.2243
0.1288 -0.0459 -0.1260 -0.1603 -0.1847 -0.2044 -0.2213 -0.2361 -0.2486 -0.2584 -0.2654 -0.2697 -0.2720 -0.2732 -0.2738 -0.2740 -0.2741 -0.2742 -0.2742 -0.2743 -0.2743 -0.2743 -0.2743 -0.2743 -0.2743 -0.2743 -0.2743 -0.2743 -0.2743 -0.2743 -0.2743 -0.2743 -0.2743 -0.2743 -0.2743 -0.2743 -0.2743 -0.2743 -0.2743 -0.2743 -0.2743 -0.2743 -0.2743 -0.2743 -0.2743 -0.2743 -0.2743 -0.2743 -0.2743 -0.2743 -0.2743 -0.2743 -0.2743 -0.2743 -0.2743 -0.2743 -0.2743 -0.2743 -0.2743 -0.2743 -0.2743 -0.2743 -0.2743 -0.2743 -0.2743 -0.2743 -0.2743 -0.2743 -0.2743 -0.2743 -0.2743 -0.2743 -0.2743 -0.2743 -0.2743 -0.2743 -0.2743 -0.2743 -0.2743 -0.2743 -0.2743 -0.2743 -0.2742 -0.2742 -0.2741 -0.2740 -0.2738 -0.2732 -0.2720 -0.2697 -0.2654 -0.2584 -0.2486 -0.2361 -0.2213 -0.2044 -0.1847 -0.1603 -0.1260 -0.0459 0.1288
-0.0405 -0.1253 -0.1603 -0.1851 -0.2053 -0.2229 -0.2388 -0.2530 -0.2652 -0.2750 -0.2819 -0.2862 -0.2885 -0.2897 -0.2902 -0.2905 -0.2906 -0.2907 -0.2907 -0.2907 -0.2907 -0.2907 -0.2907 -0.2907 -0.2907 -0.2907 -0.2908 -0.2908 -0.2908 -0.2908 -0.2908 -0.2908 -0.2908 -0.2908 -0.2908 -0.2908 -0.2908 -0.2908 -0.2908 -0.2908 -0.2908 -0.2908 -0.2908 -0.2908 -0.2908 -0.2908 -0.2908 -0.2908 -0.2908 -0.2908 -0.2908 -0.2908 -0.2908 -0.2908 -0.2908 -0.2908 -0.2908 -0.2908 -0.2908 -0.2908 -0.2908 -0.2908 -0.2908 -0.2908 -0.2908 -0.2908 -0.2908 -0.2908 -0.2908 -0.2908 -0.2908 -0.2908 -0.2908 -0.2908 -0.2908 -0.2907 -0.2907 -0.2907 -0.2907 -0.2907 -0.2907 -0.2907 -0.2907 -0.2907 -0.2906 -0.2905 -0.2902 -0.2897 -0.2885 -0.2862 -0.2819 -0.2750 -0.2652 -0.2530 -0.2388 -0.2229 -0.2053 -0.1851 -0.1603 -0.1253 -0.0405
-0.1180 -0.1593 -0.1847 -0.2053 -0.2234 -0.2399 -0.2552 -0.2691 -0.2812 -0.2909 -0.2978 -0.3021 -0.3044 -0.3055 -0.3061 -0.3063 -0.3064 -0.3065 -0.3065 -0.3065 -0.3065 -0.3065 -0.3065 -0.3065 -0.3065 -0.3066 -0.3066 -0.3066 -0.3066 -0.3066 -0.3066 -0.3066 -0.3066 -0.3066 -0.3066 -0.3066 -0.3066 -0.3066 -0.3066 -0.3066 -0.3066 -0.3066 -0.3066 -0.3066 -0.3066 -0.3066 -0.3066 -0.3066 -0.3066 -0.3066 -0.3066 -0.3066 -0.3066 -0.3066 -0.3066 -0.3066 -0.3066 -0.3066 -0.3066 -0.3066 -0.3066 -0.3066 -0.3066 -0.3066 -0.3066 -0.3066 -0.3066 -0.3066 -0.3066 -0.3066 -0.3066 -0.3066 -0.3066 -0.3066 -0.3066 -0.3066 -0.3065 -0.3065 -0.3065 -0.3065 -0.3065 -0.3065 -0.3065 -0.3065 -0.3064 -0.3063 -0.3061 -0.3055 -0.3044 -0.3021 -0.2978 -0.2909 -0.2812 -0.2691 -0.2552 -0.2399 -0.2234 -0.2053 -0.1847 -0.1593 -0.1180
-0.1540 -0.1833 -0.2044 -0.2229 -0.2399 -0.2559 -0.2708 -0.2845 -0.2965 -0.3061 -0.3129 -0.3171 -0.3194 -0.3205 -0.3210 -0.3212 -0.3213 -0.3214 -0.3214 -0.3214 -0.3214 -0.3214 -0.3214 -0.3214 -0.3214 -0.3214 -0.3214 -0.3214 -0.3214 -0.3214 -0.3214 -0.3214 -0.3214 -0.3214 -0.3214 -0.3214 -0.3214 -0.3214 -0.3214 -0.3214 -0.3214 -0.3214 -0.3214 -0.3214 -0.3214 -0.3214 -0.3214 -0.3214 -0.3214 -0.3214 -0.3214 -0.3214 -0.3214 -0.3214 -0.3214 -0.3214 -0.3214 -0.3214 -0.3214 -0.3214 -0.3214 -0.3214 -0.3214 -0.3214 -0.3214 -0.3214 -0.3214 -0.3214 -0.3214 -0.3214 -0.3214 -0.3214 -0.3214 -0.3214 -0.3214 -0.3214 -0.3214 -0.3214 -0.3214 -0.3214 -0.3214 -0.3214 -0.3214 -0.3214 -0.3213 -0.3212 -0.3210 -0.3205 -0.3194 -0.3171 -0.3129 -0.3061 -0.2965 -0.2845 -0.2708 -0.2559 -0.2399 -0.2229 -0.2044 -0.1833 -0.1540
-0.1783 -0.2024 -0.2213 -0.2388 -0.2552 -0.2708 -0.2855 -0.2991 -0.3108 -0.3202 -0.3268 -0.3308 -0.3330 -0.3340 -0.3345 -0.3347 -0.3348 -0.3348 -0.3348 -0.3348 -0.3348 -0.3348 -0.3348 -0.3348 -0.3348 -0.3348 -0.3348 -0.3348 -0.3348 -0.3348 -0.3348 -0.3348 -0.3348 -0.3348 -0.3348 -0.3348 -0.3348 -0.3348 -0.3348 -0.3348 -0.3348 -0.3348 -0.3348 -0.3348 -0.3348 -0.3348 -0.3348 -0.3348 -0.3348 -0.3348 -0.3348 -0.3348 -0.3348 -0.3348 -0.3348 -0.3348 -0.3348 -0.3348 -0.3348 -0.3348 -0.3348 -0.3348 -0.3348 -0.3348 -0.3348 -0.3348 -0.3348 -0.3348 -0.3348 -0.3348 -0.3348 -0.3348 -0.3348 -0.3348 -0.3348 -0.3348 -0.3348 -0.3348 -0.3348 -0.3348 -0.3348 -0.3348 -0.3348 -0.3348 -0.3348 -0.3347 -0.3345 -0.3340 -0.3330 -0.3308 -0.3268 -0.3202 -0.3108 -0.2991 -0.2855 -0.2708 -0.2552 -0.2388 -0.2213 -0.2024 -0.1783
-0.1967 -0.2182 -0.2361 -0.2530 -0.2691 -0.2845 -0.2991 -0.3124 -0.3238 -0.3327 -0.3389 -0.3426 -0.3445 -0.3454 -0.3458 -0.3460 -0.3460 -0.3461 -0.3461 -0.3461 -0.3461 -0.3461 -0.3461 -0.3461 -0.3461 -0.3461 -0.3461 -0.3461 -0.3461 -0.3461 -0.3461 -0.3461 -0.3461 -0.3461 -0.3461 -0.3461 -0.3461 -0.3461 -0.3461 -0.3461 -0.3461 -0.3461 -0.3461 -0.3461 -0.3461 -0.3461 -0.3461 -0.3461 -0.3461 -0.3461 -0.3461 -0.3461 -0.3461 -0.3461 -0.3461 -0.3461 -0.3461 -0.3461 -0.3461 -0.3461 -0.3461 -0.3461 -0.3461 -0.3461 -0.3461 -0.3461 -0.3461 -0.3461 -0.3461 -0.3461 -0.3461 -0.3461 -0.3461 -0.3461 -0.3461 -0.3461 -0.3461 -0.3461 -0.3461 -0.3461 -0.3461 -0.3461 -0.3461 -0.3461 -0.3460 -0.3460 -0.3458 -0.3454 -0.3445 -0.3426 -0.3389 -0.3327 -0.3238 -0.3124 -0.2991 -0.2845 -0.2691 -0.2530 -0.2361 -0.2182 -0.1967
-0.2111 -0.2313 -0.2486 -0.2652 -0.2812 -0.2965 -0.3108 -0.3238 -0.3347 -0.3430 -0.3485 -0.3517 -0.3533 -0.3540 -0.3543 -0.3544 -0.3545 -0.3545 -0.3545 -0.3545 -0.3545 -0.3545 -0.3545 -0.3545 -0.3545 -0.3545 -0.3545 -0.3545 -0.3545 -0.3545 -0.3545 -0.3545 -0.3545 -0.3545 -0.3545 -0.3545 -0.3545 -0.3545 -0.3545 -0.3545 -0.3545 -0.3545 -0.3545 -0.3545 -0.3545 -0.3545 -0.3545 -0.3545 -0.3545 -0.3545 -0.3545 -0.3545 -0.3545 -0.3545 -0.3545 -0.3545 -0.3545 -0.3545 -0.3545 -0.3545 -0.3545 -0.3545 -0.3545 -0.3545 -0.3545 -0.3545 -0.3545 -0.3545 -0.3545 -0.3545 -0.3545 -0.3545 -0.3545 -0.3545 -0.3545 -0.3545 -0.3545 -0.3545 -0.3545 -0.3545 -0.3545 -0.3545 -0.3545 -0.3545 -0.3545 -0.3544 -0.3543 -0.3540 -0.3532 -0.3517 -0.3485 -0.3430 -0.3347 -0.3238 -0.3108 -0.2965 -0.2812 -0.2652 -0.2486 -0.2313 -0.2111
-0.2218 -0.2413 -0.2584 -0.2750 -0.2909 -0.3061 -0.3202 -0.3327 -0.3430 -0.3505 -0.3552 -0.3578 -0.3589 -0.3594 -0.3597 -0.3598 -0.3598 -0.3598 -0.3598 -0.3598 -0.3598 -0.3598 -0.3598 -0.3598 -0.3598 -0.3598 -0.3598 -0.3598 -0.3598 -0.3598 -0.3598 -0.3598 -0.3598 -0.3598 -0.3598 -0.3598 -0.3598 -0.3598 -0.3598 -0.3598 -0.3598 -0.3598 -0.3598 -0.3598 -0.3598 -0.3598 -0.3598 -0.3598 -0.3598 -0.3598 -0.3598 -0.3598 -0.3598 -0.3598 -0.3598 -0.3598 -0.3598 -0.3598 -0.3598 -0.3598 -0.3598 -0.3598 -0.3598 -0.3598 -0.3598 -0.3598 -0.3598 -0.3598 -0.3598 -0.3598 -0.3598 -0.3598 -0.3598 -0.3598 -0.3598 -0.3598 -0.3598 -0.3598 -0.3598 -0.3598 -0.3598 -0.3598 -0.3598 -0.3598 -0.3598 -0.3598 -0.3597 -0.3594 -0.3589 -0.3578 -0.3552 -0.3505 -0.3430 -0.3327 -0.3202 -0.3061 -0.2909 -0.2750 -0.2584 -0.2413 -0.2218
-0.2291 -0.2483 -0.2654 -0.2819 -0.2978 -0.3129 -0.3268 -0.3389 -0.3485 -0.3552 -0.3592 -0.3611 -0.3619 -0.3622 -0.3623 -0.3624 -0.3624 -0.3624 -0.3624 -0.3624 -0.3624 -0.3624 -0.3624 -0.3624 -0.3624 -0.3624 -0.3624 -0.3624 -0.3624 -0.3624 -0.3624 -0.3624 -0.3624 -0.3624 -0.3624 -0.3624 -0.3624 -0.3624 -0.3624 -0.3624 -0.3624 -0.3624 -0.3624 -0.3624 -0.3624 -0.3624 -0.3624 -0.3624 -0.3624 -0.3624 -0.3624 -0.3624 -0.3624 -0.3624 -0.3624 -0.3624 -0.3624 -0.3624 -0.3624 -0.3624 -0.3624 -0.3624 -0.3624 -0.3624 -0.3624 -0.3624 -0.3624 -0.3624 -0.3624 -0.3624 -0.3624 -0.3624 -0.3624 -0.3624 -0.3624 -0.3624 -0.3624 -0.3624 -0.3624 -0.3624 -0.3624 -0.3624 -0.3624 -0.3624 -0.3624 -0.3624 -0.3623 -0.3622 -0.3619 -0.3611 -0.3592 -0.3552 -0.3485 -0.3389 -0.3268 -0.3129 -0.2978 -0.2819 -0.2654 -0.2483 -0.2291
-0.2336 -0.2527 -0.2697 -0.2862 -0.3021 -0.3171 -0.3308 -0.3426 -0.3517 -0.3578 -0.3611 -0.3625 -0.3630 -0.3632 -0.3632 -0.3633 -0.3633 -0.3633 -0.3633 -0.3633 -0.3633 -0.3633 -0.3633 -0.3633 -0.3633 -0.3633 -0.3633 -0.3633 -0.3633 -0.3633 -0.3633 -0.3633 -0.3633 -0.3633 -0.3633 -0.3633 -0.3633 -0.3633 -0.3633 -0.3633 -0.3633 -0.3633 -0.3633 -0.3633 -0.3633 -0.3633 -0.3633 -0.3633 -0.3633 -0.3633 -0.3633 -0.3633 -0.3633 -0.3633 -0.3633 -0.3633 -0.3633 -0.3633 -0.3633 -0.3633 -0.3633 -0.3633 -0.3633 -0.3633 -0.3633 -0.3633 -0.3633 -0.3633 -0.3633 -0.3633 -0.3633 -0.3633 -0.3633 -0.3633 -0.3633 -0.3633 -0.3633 -0.3633 -0.3633 -0.3633 -0.3633 -0.3633 -0.3633 -0.3633 -0.3633 -0.3633 -0.3632 -0.3632 -0.3630 -0.3625 -0.3611 -0.3578 -0.3517 -0.3426 -0.3308 -0.3171 -0.3021 -0.2862 -0.2697 -0.2527 -0.2336
-0.2360 -0.2550 -0.2720 -0.2885 -0.3044 -0.3194 -0.3330 -0.3445 -0.3533 -0.3589 -0.3619 -0.3630 -0.3634 -0.3634 -0.3635 -0.3634 -0.3634 -0.3634 -0.3634 -0.3634 -0.3634 -0.3634 -0.3634 -0.3634 -0.3634 -0.3634 -0.3634 -0.3634 -0.3634 -0.3634 -0.3634 -0.3634 -0.3634 -0.3634 -0.3634 -0.3634 -0.3634 -0.3634 -0.3634 -0.3634 -0.3634 -0.3634 -0.3634 -0.3634 -0.3634 -0.3634 -0.3634 -0.3634 -0.3634 -0.3634 -0.3634 -0.3634 -0.3634 -0.3634 -0.3634 -0.3634 -0.3634 -0.3634 -0.3634 -0.3634 -0.3634 -0.3634 -0.3634 -0.3634 -0.3634 -0.3634 -0.3634 -0.3634 -0.3634 -0.3634 -0.3634 -0.3634 -0.3634 -0.3634 -0.3634 -0.3634 -0.3634 -0.3634 -0.3634 -0.3634 -0.3634 -0.3634 -0.3634 -0.3634 -0.3634 -0.3634 -0.3634 -0.3634 -0.3634 -0.3630 -0.3619 -0.3589 -0.3532 -0.3445 -0.3330 -0.3194 -0.3044 -0.2885 -0.2720 -0.2550 -0.2360
-0.2373 -0.2562 -0.2732 -0.2897 -0.3055 -0.3205 -0.3340 -0.3454 -0.3540 -0.3595 -0.3622 -0.3632 -0.3634 -0.3635 -0.3634 -0.3634 -0.3634 -0.3634 -0.3634 -0.3634 -0.3634 -0.3634 -0.3634 -0.3634 -0.3634 -0.3634 -0.3634 -0.3634 -0.3634 -0.3634 -0.3634 -0.3634 -0.3634 -0.3634 -0.3634 -0.3634 -0.3634 -0.3634 -0.3634 -0.3634 -0.3634 -0.3634 -0.3634 -0.3634 -0.3634 -0.3634 -0.3634 -0.3634 -0.3634 -0.3634 -0.3634 -0.3634 -0.3634 -0.3634 -0.3634 -0.3634 -0.3634 -0.3634 -0.3634 -0.3634 -0.3634 -0.3634 -0.3634 -0.3634 -0.3634 -0.3634 -0.3634 -0.3634 -0.3634 -0.3634 -0.3634 -0.3634 -0.3634 -0.3634 -0.3634 -0.3634 -0.3634 -0.3634 -0.3634 -0.3634 -0.3634 -0.3634 -0.3634 -0.3634 -0.3634 -0.3634 -0.3634 -0.3635 -0.3634 -0.3632 -0.3622 -0.3594 -0.3540 -0.3454 -0.3340 -0.3205 -0.3055 -0.2897 -0.2732 -0.2562 -0.2373
-0.2379 -0.2568 -0.2738 -0.2902 -0.3061 -0.3210 -0.3345 -0.3458 -0.3543 -0.3597 -0.3623 -0.3632 -0.3634 -0.3634 -0.3634 -0.3634 -0.3634 -0.3634 -0.3634 -0.3634 -0.3634 -0.3634 -0.3634 -0.3634 -0.3634 -0.3634 -0.3634 -0.3634 -0.3634 -0.3634 -0.3634 -0.3634 -0.3634 -0.3634 -0.3634 -0.3634 -0.3634 -0.3634 -0.3634 -0.3634 -0.3634 -0.3634 -0.3634 -0.3634 -0.3634 -0.3634 -0.3634 -0.3634 -0.3634 -0.3634 -0.3634 -0.3634 -0.3634 -0.3634 -0.3634 -0.3634 -0.3634 -0.3634 -0.3634 -0.3634 -0.3634 -0.3634 -0.3634 -0.3634 -0.3634 -0.3634 -0.3634 -0.3634 -0.3634 -0.3634 -0.3634 -0.3634 -0.3634 -0.3634 -0.3634 -0.3634 -0.3634 -0.3634 -0.3634 -0.3634 -0.3634 -0.3634 -0.3634 -0.3634 -0.3634 -0.3634 -0.3634 -0.3634 -0.3634 -0.3632 -0.3623 -0.3597 -0.3543 -0.3458 -0.3345 -0.3210 -0.3061 -0.2902 -0.2738 -0.2568 -0.2379
-0.2382 -0.2570 -0.2740 -0.2905 -0.3063 -0.3212 -0.3347 -0.3460 -0.3544 -0.3598 -0.3624 -0.3633 -0.3634 -0.3634 -0.3634 -0.3634 -0.3634 -0.3634 -0.3634 -0.3634 -0.3634 -0.3634 -0.3634 -0.3634 -0.3634 -0.3634 -0.3634 -0.3634 -0.3634 -0.3634 -0.3634 -0.3634 -0.3634 -0.3634 -0.3634 -0.3634 -0.3634 -0.3634 -0.3634 -0.3634 -0.3634 -0.3634 -0.3634 -0.3634 -0.3634 -0.3634 -0.3634 -0.3634 -0.3634 -0.3634 -0.3634 -0.3634 -0.3634 -0.3634 -0.3634 -0.3634 -0.3634 -0.3634 -0.3634 -0.3634 -0.3634 -0.3634 -0.3634 -0.3633 -0.3634 -0.3634 -0.3634 -0.3634 -0.3634 -0.3634 -0.3634 -0.3634 -0.3634 -0.3634 -0.3634 -0.3634 -0.3633 -0.3634 -0.3634 -0.3634 -0.3634 -0.3634 -0.3634 -0.3634 -0.3634 -0.3634 -0.3634 -0.3634 -0.3634 -0.3633 -0.3624 -0.3598 -0.3544 -0.3460 -0.3347 -0.3212 -0.3063 -0.2905 -0.2740 -0.2570 -0.2382
-0.2383 -0.2572 -0.2741 -0.2906 -0.3064 -0.3213 -0.3348 -0.3460 -0.3545 -0.3598 -0.3624 -0.3633 -0.3634 -0.3634 -0.3634 -0.3634 -0.3634 -0.3633 -0.3633 -0.3633 -0.3633 -0.3633 -0.3633 -0.3633 -0.3633 -0.3633 -0.3633 -0.3633 -0.3633 -0.3633 -0.3633 -0.3633 -0.3633 -0.3633 -0.3633 -0.3633 -0.3633 -0.3633 -0.3633 -0.3633 -0.3633 -0.3633 -0.3633 -0.3633 -0.3633 -0.3633 -0.3633 -0.3633 -0.3633 -0.3633 -0.3633 -0.3633 -0.3633 -0.3633 -0.3633 -0.3633 -0.3633 -0.3633 -0.3633 -0.3633 -0.3633 -0.3633 -0.3633 -0.3633 -0.3633 -0.3633 -0.3633 -0.3633 -0.3633 -0.3633 -0.3633 -0.3633 -0.3633 -0.3633 -0.3633 -0.3633 -0.3634 -0.3633 -0.3633 -0.3633 -0.3633 -0.3633 -0.3633 -0.3633 -0.3633 -0.3634 -0.3634 -0.3634 -0.3634 -0.3633 -0.3624 -0.3598 -0.3545 -0.3460 -0.3348 -0.3213 -0.3064 -0.2906 -0.2741 -0.2572 -0.2383
-0.2384 -0.2572 -0.2742 -0.2907 -0.3065 -0.3214 -0.3348 -0.3461 -0.3545 -0.3598 -0.3624 -0.3633 -0.3634 -0.3634 -0.3634 -0.3634 -0.3634 -0.3633 -0.3633 -0.3633 -0.3633 -0.3633 -0.3633 -0.3633 -0.3633 -0.3633 -0.3633 -0.3633 -0.3633 -0.3633 -0.3633 -0.3633 -0.3633 -0.3633 -0.3633 -0.3633 -0.3633 -0.3633 -0.3633 -0.3633 -0.3633 -0.3633 -0.3633 -0.3633 -0.3633 -0.3633 -0.3633 -0.3633 -0.3633 -0.3633 -0.3633 -0.3633 -0.3633 -0.3633 -0.3633 -0.3633 -0.3633 -0.3633 -0.3633 -0.3633 -0.3633 -0.3633 -0.3633 -0.3633 -0.3633 -0.3633 -0.3633 -0.3633 -0.3633 -0.3633 -0.3633 -0.3633 -0.3633 -0.3633 -0.3633 -0.3633 -0.3633 -0.3633 -0.3633 -0.3633 -0.3633 -0.3633 -0.3633 -0.3633 -0.3633 -0.3633 -0.3634 -0.3634 -0.3634 -0.3633 -0.3624 -0.3598 -0.3545 -0.3461 -0.3348 -0.3214 -0.3065 -0.2907 -0.2742 -0.2572 -0.2384
-0.2384 -0.2573 -0.2742 -0.2907 -0.3065 -0.3214 -0.3348 -0.3461 -0.3545 -0.3598 -0.3624 -0.3633 -0.3634 -0.3634 -0.3634 -0.3634 -0.3633 -0.3633 -0.3633 -0.3633 -0.3633 -0.3633 -0.3633 -0.3633 -0.3633 -0.3633 -0.3633 -0.3633 -0.3633 -0.3633 -0.3633 -0.3633 -0.3633 -0.3633 -0.3633 -0.3633 -0.3633 -0.3633 -0.3633 -0.3633 -0.3633 -0.3633 -0.3633 -0.3633 -0.3633 -0.3633 -0.3633 -0.3633 -0.3633 -0.3633 -0.3633 -0.3633 -0.3633 -0.3633 -0.3633 -0.3633 -0.3633 -0.3633 -0.3633 -0.3633 -0.3633 -0.3633 -0.3633 -0.3633 -0.3633 -0.3633 -0.3633 -0.3633 -0.3633 -0.3633 -0.3633 -0.3633 -0.3633 -0.3633 -0.3633 -0.3633 -0.3633 -0.3633 -0.3633 -0.3633 -0.3633 -0.3633 -0.3633 -0.3633 -0.3633 -0.3633 -0.3634 -0.3634 -0.3634 -0.3633 -0.3624 -0.3598 -0.3545 -0.3461 -0.3348 -0.3214 -0.3065 -0.2907 -0.2742 -0.2573 -0.2384
-0.2384 -0.2573 -0.2743 -0.2907 -0.3065 -0.3214 -0.3348 -0.3461 -0.3545 -0.3598 -0.3624 -0.3633 -0.3634 -0.3634 -0.3634 -0.3634 -0.3633 -0.3633 -0.3633 -0.3633 -0.3633 -0.3633 -0.3633 -0.3633 -0.3633 -0.3633 -0.3633 -0.3633 -0.3633 -0.3633 -0.3633 -0.3633 -0.3633 -0.3633 -0.3633 -0.3633 -0.3633 -0.3633 -0.3633 -0.3633 -0.3633 -0.3633 -0.3633 -0.3633 -0.3633 -0.3633 -0.3633 -0.3633 -0.3633 -0.3633 -0.3633 -0.3633 -0.3633 -0.3633 -0.3633 -0.3633 -0.3633 -0.3633 -0.3633 -0.3633 -0.3633 -0.3633 -0.3633 -0.3633 -0.3633 -0.3633 -0.3633 -0.3633 -0.3633 -0.3633 -0.3633 -0.3633 -0.3633 -0.3633 -0.3633 -0.3633 -0.3633 -0.3633 -0.3633 -0.3633 -0.3633 -0.3633 -0.3633 -0.3633 -0.3633 -0.3633 -0.3634 -0.3634 -0.3634 -0.3633 -0.3624 -0.3598 -0.3545 -0.3461 -0.3348 -0.3214 -0.3065 -0.2907 -0.2743 -0.2573 -0.2384
-0.2384 -0.2573 -0.2743 -0.2907 -0.3065 -0.3214 -0.3348 -0.3461 -0.3545 -0.3598 -0.3624 -0.3633 -0.3634 -0.3634 -0.3634 -0.3634 -0.3633 -0.3633 -0.3633 -0.3633 -0.3633 -0.3633 -0.3633 -0.3633 -0.3633 -0.3633 -0.3633 -0.3633 -0.3633 -0.3633 -0.3633 -0.3633 -0.3633 -0.3633 -0.3633 -0.3633 -0.3633 -0.3633 -0.3633 -0.3633 -0.3633 -0.3633 -0.3633 -0.3633 -0.3633 -0.3633 -0.3633 -0.3633 -0.3633 -0.3633 -0.3633 -0.3633 -0.3633 -0.3633 -0.3633 -0.3633 -0.3633 -0.3633 -0.3633 -0.3633 -0.3633 -0.3633 -0.3633 -0.3633 -0.3633 -0.3633 -0.3633 -0.3633 -0.3633 -0.3633 -0.3633 -0.3633 -0.3633 -0.3633 -0.3633 -0.3633 -0.3633 -0.3633 -0.3633 -0.3633 -0.3633 -0.3633 -0.3633 -0.3633 -0.3633 -0.3634 -0.3634 -0.3634 -0.3634 -0.3633 -0.3624 -0.3598 -0.3545 -0.3461 -0.3348 -0.3214 -0.3065 -0.2907 -0.2743 -0.2573 -0.2384
-0.2385 -0.2573 -0.2743 -0.2907 -0.3065 -0.3214 -0.3348 -0.3461 -0.3545 -0.3598 -0.3624 -0.3633 -0.3634 -0.3634 -0.3634 -0.3633 -0.3633 -0.3633 -0.3633 -0.3633 -0.3633 -0.3633 -0.3633 -0.3633 -0.3633 -0.3633 -0.3633 -0.3633 -0.3633 -0.3633 -0.3633 -0.3633 -0.3633 -0.3633 -0.3633 -0.3633 -0.3633 -0.3633 -0.3633 -0.3633 -0.3633 -0.3633 -0.3633 -0.3633 -0.3633 -0.3633 -0.3633 -0.3633 -0.3633 -0.3633 -0.3633 -0.3633 -0.3633 -0.3633 -0.3633 -0.3633 -0.3633 -0.3633 -0.3633 -0.3633 -0.3633 -0.3633 -0.3633 -0.3633 -0.3633 -0.3633 -0.3633 -0.3633 -0.3633 -0.3633 -0.3633 -0.3633 -0.3633 -0.3633 -0.3633 -0.3633 -0.3633 -0.3633 -0.3633 -0.3633 -0.3633 -0.3633 -0.3633 -0.3633 -0.3633 -0.3634 -0.3634 -0.3634 -0.3634 -0.3633 -0.3624 -0.3598 -0.3545 -0.3461 -0.3348 -0.3214 -0.3065 -0.2907 -0.2743 -0.2573 -0.2385
-0.2385 -0.2573 -0.2743 -0.2907 -0.3065 -0.3214 -0.3348 -0.3461 -0.3545 -0.3598 -0.3624 -0.3633 -0.3634 -0.3634 -0.3634 -0.3634 -0.3633 -0.3633 -0.3633 -0.3633 -0.3633 -0.3633 -0.3633 -0.3633 -0.3633 -0.3633 -0.3633 -0.3633 -0.3633 -0.3633 -0.3633 -0.3633 -0.3633 -0.3633 -0.3633 -0.3633 -0.3633 -0.3633 -0.3633 -0.3633 -0.3633 -0.3633 -0.3633 -0.3633 -0.3633 -0.3633 -0.3633 -0.3633 -0.3633 -0.3633 -0.3633 -0.3633 -0.3633 -0.3633 -0.3633 -0.3633 -0.3633 -0.3633 -0.3633 -0.3633 -0.3633 -0.3633 -0.3633 -0.3633 -0.3633 -0.3633 -0.3633 -0.3633 -0.3633 -0.3633 -0.3633 -0.3633 -0.3633 -0.3633 -0.3633 -0.3633 -0.3633 -0.3633 -0.3633 -0.3633 -0.3633 -0.3633 -0.3633 -0.3633 -0.3633 -0.3634 -0.3634 -0.3634 -0.3634 -0.3633 -0.3624 -0.3598 -0.3545 -0.3461 -0.3348 -0.3214 -0.3065 -0.2907 -0.2743 -0.2573 -0.2385
-0.2385 -0.2574 -0.2743 -0.2907 -0.3066 -0.3214 -0.3348 -0.3461 -0.3545 -0.3598 -0.3624 -0.3633 -0.3634 -0.3634 -0.3634 -0.3633 -0.3633 -0.3633 -0.3633 -0.3633 -0.3633 -0.3633 -0.3633 -0.3633 -0.3633 -0.3633 -0.3633 -0.3633 -0.3633 -0.3633 -0.3633 -0.3633 -0.3633 -0.3633 -0.3633 -0.3633 -0.3633 -0.3633 -0.3633 -0.3633 -0.3633 -0.3633 -0.3633 -0.3633 -0.3633 -0.3633 -0.3633 -0.3633 -0.3633 -0.3633 -0.3633 -0.3633 -0.3633 -0.3633 -0.3633 -0.3633 -0.3633 -0.3633 -0.3633 -0.3633 -0.3633 -0.3633 -0.3633 -0.3633 -0.3633 -0.3633 -0.3633 -0.3633 -0.3633 -0.3633 -0.3633 -0.3633 -0.3633 -0.3633 -0.3633 -0.3633 -0.3633 -0.3633 -0.3633 -0.3633 -0.3633 -0.3633 -0.3633 -0.3633 -0.3633 -0.3633 -0.3634 -0.3634 -0.3634 -0.3633 -0.3624 -0.3598 -0.3545 -0.3461 -0.3348 -0.3214 -0.3065 -0.2907 -0.2743 -0.2574 -0.2385
-0.2385 -0.2574 -0.2743 -0.2908 -0.3066 -0.3214 -0.3348 -0.3461 -0.3545 -0.3598 -0.3624 -0.3633 -0.3634 -0.3634 -0.3634 -0.3634 -0.3633 -0.3633 -0.3633 -0.3633 -0.3633 -0.3633 -0.3633 -0.3633 -0.3633 -0.3633 -0.3633 -0.3633 -0.3633 -0.3633 -0.3633 -0.3633 -0.3633 -0.3633 -0.3633 -0.3633 -0.3633 -0.3633 -0.3633 -0.3633 -0.3633 -0.3633 -0.3633 -0.3633 -0.3633 -0.3633 -0.3633 -0.3633 -0.3633 -0.3633 -0.3633 -0.3633 -0.3633 -0.3633 -0.3633 -0.3633 -0.3633 -0.3633 -0.3633 -0.3633 -0.3633 -0.3633 -0.3633 -0.3633 -0.3633 -0.3633 -0.3633 -0.3633 -0.3633 -0.3633 -0.3633 -0.3633 -0.3633 -0.3633 -0.3633 -0.3633 -0.3633 -0.3633 -0.3633 -0.3633 -0.3633 -0.3633 -0.3633 -0.3633 -0.3633 -0.3634 -0.3634 -0.3634 -0.3634 -0.3633 -0.3624 -0.3598 -0.3545 -0.3461 -0.3348 -0.3214 -0.3065 -0.2907 -0.2743 -0.2574 -0.2385
-0.2385 -0.2574 -0.2743 -0.2908 -0.3066 -0.3215 -0.3349 -0.3461 -0.3546 -0.3598 -0.3624 -0.3633 -0.3634 -0.3634 -0.3634 -0.3634 -0.3633 -0.3633 -0.3633 -0.3633 -0.3633 -0.3633 -0.3633 -0.3633 -0.3633 -0.3633 -0.3633 -0.3633 -0.3633 -0.3633 -0.3633 -0.3633 -0.3633 -0.3633 -0.3633 -0.3633 -0.3633 -0.3633 -0.3633 -0.3633 -0.3633 -0.3633 -0.3633 -0.3633 -0.3633 -0.3633 -0.3633 -0.3633 -0.3633 -0.3633 -0.3633 -0.3633 -0.3633 -0.3633 -0.3633 -0.3633 -0.3633 -0.3633 -0.3633 -0.3633 -0.3633 -0.3633 -0.3633 -0.3633 -0.3633 -0.3633 -0.3633 -0.3633 -0.3633 -0.3633 -0.3633 -0.3633 -0.3633 -0.3633 -0.3633 -0.3633 -0.3633 -0.3633 -0.3633 -0.3633 -0.3633 -0.3633 -0.3633 -0.3633 -0.3633 -0.3633 -0.3634 -0.3634 -0.3634 -0.3633 -0.3624 -0.3598 -0.3545 -0.3461 -0.3348 -0.3214 -0.3066 -0.2907 -0.2743 -0.2574 -0.2385
-0.2385 -0.2574 -0.2744 -0.2908 -0.3066 -0.3215 -0.3349 -0.3461 -0.3546 -0.3599 -0.3624 -0.3633 -0.3635 -0.3634 -0.3634 -0.3634 -0.3633 -0.3633 -0.3633 -0.3633 -0.3633 -0.3633 -0.3633 -0.3633 -0.3633 -0.3633 -0.3633 -0.3633 -0.3633 -0.3633 -0.3633 -0.3633 -0.3633 -0.3633 -0.3633 -0.3633 -0.3633 -0.3633 -0.3633 -0.3633 -0.3633 -0.3633 -0.3633 -0.3633 -0.3633 -0.3633 -0.3633 -0.3633 -0.3633 -0.3633 -0.3633 -0.3633 -0.3633 -0.3633 -0.3633 -0.3633 -0.3633 -0.3633 -0.3633 -0.3633 -0.3633 -0.3633 -0.3633 -0.3633 -0.3633 -0.3633 -0.3633 -0.3633 -0.3633 -0.3633 -0.3633 -0.3633 -0.3633 -0.3633 -0.3633 -0.3633 -0.3633 -0.3633 -0.3633 -0.3633 -0.3633 -0.3633 -0.3633 -0.3633 -0.3633 -0.3634 -0.3634 -0.3634 -0.3634 -0.3633 -0.3624 -0.3598 -0.3545 -0.3461 -0.3348 -0.3214 -0.3066 -0.2908 -0.2743 -0.2574 -0.2385
-0.2386 -0.2574 -0.2744 -0.2908 -0.3067 -0.3215 -0.3349 -0.3462 -0.3546 -0.3599 -0.3624 -0.3633 -0.3634 -0.3634 -0.3634 -0.3633 -0.3633 -0.3633 -0.3633 -0.3633 -0.3633 -0.3633 -0.3633 -0.3633 -0.3633 -0.3633 -0.3633 -0.3633 -0.3633 -0.3633 -0.3633 -0.3633 -0.3633 -0.3633 -0.3633 -0.3633 -0.3633 -0.3633 -0.3633 -0.3633 -0.3633 -0.3633 -0.3633 -0.3633 -0.3633 -0.3633 -0.3633 -0.3633 -0.3633 -0.3633 -0.3633 -0.3633 -0.3633 -0.3633 -0.3633 -0.3633 -0.3633 -0.3633 -0.3633 -0.3633 -0.3633 -0.3633 -0.3633 -0.3633 -0.3633 -0.3633 -0.3633 -0.3633 -0.3633 -0.3633 -0.3633 -0.3633 -0.3633 -0.3633 -0.3633 -0.3633 -0.3633 -0.3633 -0.3633 -0.3633 -0.3633 -0.3633 -0.3633 -0.3633 -0.3633 -0.3634 -0.3634 -0.3634 -0.3634 -0.3633 -0.3624 -0.3598 -0.3545 -0.3461 -0.3348 -0.3214 -0.3066 -0.2908 -0.2743 -0.2574 -0.2385
-0.2386 -0.2575 -0.2745 -0.2909 -0.3067 -0.3216 -0.3350 -0.3462 -0.3546 -0.3599 -0.3624 -0.3633 -0.3634 -0.3634 -0.3634 -0.3633 -0.3633 -0.3633 -0.3633 -0.3633 -0.3633 -0.3633 -0.3633 -0.3633 -0.3633 -0.3633 -0.3633 -0.3633 -0.3633 -0.3633 -0.3633 -0.3633 -0.3633 -0.3633 -0.3633 -0.3633 -0.3633 -0.3633 -0.3633 -0.3633 -0.3633 -0.3633 -0.3633 -0.3633 -0.3633 -0.3633 -0.3633 -0.3633 -0.3633 -0.3633 -0.3633 -0.3633 -0.3633 -0.3633 -0.3633 -0.3633 -0.3633 -0.3633 -0.3633 -0.3633 -0.3633 -0.3633 -0.3633 -0.3633 -0.3633 -0.3633 -0.3633 -0.3633 -0.3633 -0.3633 -0.3633 -0.3633 -0.3633 -0.3633 -0.3633 -0.3633 -0.3633 -0.3633 -0.3633 -0.3633 -0.3633 -0.3633 -0.3633 -0.3633 -0.3633 -0.3634 -0.3634 -0.3634 -0.3634 -0.3633 -0.3624 -0.3598 -0.3545 -0.3461 -0.3348 -0.3214 -0.3066 -0.2908 -0.2743 -0.2574 -0.2385
-0.2388 -0.2576 -0.2746 -0.2910 -0.3068 -0.3217 -0.3351 -0.3463 -0.3547 -0.3600 -0.3625 -0.3633 -0.3635 -0.3634 -0.3634 -0.3633 -0.3633 -0.3633 -0.3633 -0.3633 -0.3633 -0.3633 -0.3633 -0.3633 -0.3633 -0.3633 -0.3633 -0.3633 -0.3633 -0.3633 -0.3633 -0.3633 -0.3633 -0.3633 -0.3633 -0.3633 -0.3633 -0.3633 -0.3633 -0.3633 -0.3633 -0.3633 -0.3633 -0.3633 -0.3633 -0.3633 -0.3633 -0.3633 -0.3633 -0.3633 -0.3633 -0.3633 -0.3633 -0.3633 -0.3633 -0.3633 -0.3633 -0.3633 -0.3633 -0.3633 -0.3633 -0.3633 -0.3633 -0.3633 -0.3633 -0.3633 -0.3633 -0.3633 -0.3633 -0.3633 -0.3633 -0.3633 -0.3633 -0.3633 -0.3633 -0.3633 -0.3633 -0.3633 -0.3633 -0.3633 -0.3633 -0.3633 -0.3633 -0.3633 -0.3633 -0.3634 -0.3634 -0.3634 -0.3634 -0.3633 -0.3624 -0.3598 -0.3545 -0.3461 -0.3348 -0.3214 -0.3066 -0.2908 -0.2743 -0.2574 -0.2385
-0.2390 -0.2578 -0.2748 -0.2912 -0.3070 -0.3219 -0.3353 -0.3465 -0.3548 -0.3601 -0.3625 -0.3633 -0.3635 -0.3634 -0.3634 -0.3633 -0.3633 -0.3633 -0.3633 -0.3633 -0.3633 -0.3633 -0.3633 -0.3633 -0.3633 -0.3633 -0.3633 -0.3633 -0.3633 -0.3633 -0.3633 -0.3633 -0.3633 -0.3633 -0.3633 -0.3633 -0.3633 -0.3633 -0.3633 -0.3633 -0.3633 -0.3633 -0.3633 -0.3633 -0.3633 -0.3633 -0.3633 -0.3633 -0.3633 -0.3633 -0.3633 -0.3633 -0.3633 -0.3633 -0.3633 -0.3633 -0.3633 -0.3633 -0.3633 -0.3633 -0.3633 -0.3633 -0.3633 -0.3633 -0.3633 -0.3633 -0.3633 -0.3633 -0.3633 -0.3633 -0.3633 -0.3633 -0.3633 -0.3633 -0.3633 -0.3633 -0.3633 -0.3633 -0.3633 -0.3633 -0.3633 -0.3633 -0.3633 -0.3633 -0.3633 -0.3634 -0.3634 -0.3634 -0.3634 -0.3633 -0.3624 -0.3598 -0.3545 -0.3461 -0.3348 -0.3214 -0.3066 -0.2908 -0.2743 -0.2574 -0.2385
-0.2394 -0.2582 -0.2751 -0.2916 -0.3073 -0.3222 -0.3356 -0.3467 -0.3550 -0.3602 -0.3626 -0.3634 -0.3635 -0.3634 -0.3633 -0.3633 -0.3633 -0.3633 -0.3633 -0.3633 -0.3633 -0.3633 -0.3633 -0.3633 -0.3633 -0.3633 -0.3633 -0.3633 -0.3633 -0.3633 -0.3633 -0.3633 -0.3633 -0.3633 -0.3633 -0.3633 -0.3633 -0.3633 -0.3633 -0.3633 -0.3633 -0.3633 -0.3633 -0.3633 -0.3633 -0.3633 -0.3633 -0.3633 -0.3633 -0.3633 -0.3633 -0.3633 -0.3633 -0.3633 -0.3633 -0.3633 -0.3633 -0.3633 -0.3633 -0.3633 -0.3633 -0.3633 -0.3633 -0.3633 -0.3633 -0.3633 -0.3633 -0.3633 -0.3633 -0.3633 -0.3633 -0.3633 -0.3633 -0.3633 -0.3633 -0.3633 -0.3633 -0.3633 -0.3633 -0.3633 -0.3633 -0.3633 -0.3633 -0.3633 -0.3633 -0.3634 -0.3634 -0.3634 -0.3634 -0.3633 -0.3624 -0.3598 -0.3545 -0.3461 -0.3348 -0.3214 -0.3066 -0.2908 -0.2743 -0.2574 -0.2385
-0.2399 -0.2587 -0.2756 -0.2921 -0.3078 -0.3227 -0.3360 -0.3471 -0.3553 -0.3604 -0.3627 -0.3634 -0.3635 -0.3634 -0.3633 -0.3633 -0.3633 -0.3633 -0.3632 -0.3632 -0.3632 -0.3632 -0.3632 -0.3632 -0.3632 -0.3632 -0.3632 -0.3632 -0.3632 -0.3632 -0.3632 -0.3632 -0.3632 -0.3632 -0.3632 -0.3632 -0.3632 -0.3632 -0.3632 -0.3632 -0.3632 -0.3632 -0.3632 -0.3632 -0.3632 -0.3633 -0.3633 -0.3633 -0.3633 -0.3633 -0.3633 -0.3633 -0.3633 -0.3633 -0.3633 -0.3633 -0.3633 -0.3633 -0.3633 -0.3633 -0.3633 -0.3633 -0.3633 -0.3633 -0.3633 -0.3633 -0.3633 -0.3633 -0.3633 -0.3633 -0.3633 -0.3633 -0.3633 -0.3633 -0.3633 -0.3633 -0.3633 -0.3633 -0.3633 -0.3633 -0.3633 -0.3633 -0.3633 -0.3633 -0.3633 -0.3634 -0.3634 -0.3634 -0.3634 -0.3633 -0.3624 -0.3598 -0.3545 -0.3461 -0.3348 -0.3214 -0.3066 -0.2908 -0.2743 -0.2574 -0.2385
-0.2407 -0.2595 -0.2764 -0.2928 -0.3085 -0.3233 -0.3365 -0.3476 -0.3557 -0.3606 -0.3629 -0.3635 -0.3634 -0.3633 -0.3633 -0.3632 -0.3632 -0.3632 -0.3632 -0.3632 -0.3632 -0.3632 -0.3632 -0.3632 -0.3632 -0.3632 -0.3632 -0.3632 -0.3632 -0.3632 -0.3632 -0.3632 -0.3632 -0.3632 -0.3632 -0.3632 -0.3632 -0.3632 -0.3632 -0.3632 -0.3632 -0.3632 -0.3632 -0.3632 -0.3632 -0.3632 -0.3632 -0.3632 -0.3632 -0.3632 -0.3633 -0.3633 -0.3633 -0.3633 -0.3633 -0.3633 -0.3633 -0.3633 -0.3633 -0.3633 -0.3633 -0.3633 -0.3633 -0.3633 -0.3633 -0.3633 -0.3633 -0.3633 -0.3633 -0.3633 -0.3633 -0.3633 -0.3633 -0.3633 -0.3633 -0.3633 -0.3633 -0.3633 -0.3633 -0.3633 -0.3633 -0.3633 -0.3633 -0.3633 -0.3633 -0.3634 -0.3634 -0.3634 -0.3634 -0.3633 -0.3624 -0.3598 -0.3545 -0.3461 -0.3348 -0.3214 -0.3066 -0.2908 -0.2743 -0.2574 -0.2385
-0.2419 -0.2606 -0.2774 -0.2938 -0.3095 -0.3242 -0.3373 -0.3482 -0.3562 -0.3610 -0.3630 -0.3635 -0.3634 -0.3632 -0.3632 -0.3631 -0.3631 -0.3631 -0.3630 -0.3631 -0.3631 -0.3631 -0.3631 -0.3631 -0.3631 -0.3631 -0.3631 -0.3631 -0.3631 -0.3631 -0.3631 -0.3631 -0.3631 -0.3631 -0.3631 -0.3631 -0.3631 -0.3631 -0.3631 -0.3631 -0.3631 -0.3631 -0.3631 -0.3631 -0.3631 -0.3631 -0.3631 -0.3631 -0.3632 -0.3632 -0.3632 -0.3632 -0.3633 -0.3633 -0.3633 -0.3633 -0.3633 -0.3633 -0.3633 -0.3633 -0.3633 -0.3633 -0.3633 -0.3633 -0.3633 -0.3633 -0.3633 -0.3633 -0.3633 -0.3633 -0.3633 -0.3633 -0.3633 -0.3633 -0.3633 -0.3633 -0.3633 -0.3633 -0.3633 -0.3633 -0.3633 -0.3633 -0.3633 -0.3633 -0.3633 -0.3634 -0.3634 -0.3634 -0.3634 -0.3633 -0.3624 -0.3598 -0.3545 -0.3461 -0.3348 -0.3214 -0.3066 -0.2908 -0.2743 -0.2574 -0.2385
-0.2433 -0.2620 -0.2788 -0.2951 -0.3108 -0.3254 -0.3384 -0.3491 -0.3569 -0.3614 -0.3632 -0.3635 -0.3633 -0.3631 -0.3630 -0.3629 -0.3629 -0.3628 -0.3628 -0.3628 -0.3628 -0.3628 -0.3628 -0.3628 -0.3628 -0.3628 -0.3628 -0.3628 -0.3628 -0.3628 -0.3628 -0.3628 -0.3628 -0.3628 -0.3628 -0.3628 -0.3628 -0.3628 -0.3628 -0.3628 -0.3629 -0.3629 -0.3629 -0.3629 -0.3629 -0.3629 -0.3630 -0.3630 -0.3631 -0.3631 -0.3632 -0.3632 -0.3632 -0.3633 -0.3633 -0.3633 -0.3633 -0.3633 -0.3633 -0.3633 -0.3633 -0.3633 -0.3633 -0.3633 -0.3633 -0.3633 -0.3633 -0.3633 -0.3633 -0.3633 -0.3633 -0.3633 -0.3633 -0.3633 -0.3633 -0.3633 -0.3633 -0.3633 -0.3633 -0.3633 -0.3633 -0.3633 -0.3633 -0.3633 -0.3633 -0.3634 -0.3634 -0.3634 -0.3634 -0.3633 -0.3624 -0.3598 -0.3545 -0.3461 -0.3348 -0.3214 -0.3066 -0.2908 -0.2743 -0.2574 -0.2385
-0.2452 -0.2638 -0.2805 -0.2968 -0.3124 -0.3269 -0.3398 -0.3502 -0.3577 -0.3619 -0.3634 -0.3634 -0.3631 -0.3628 -0.3626 -0.3625 -0.3625 -0.3625 -0.3625 -0.3624 -0.3624 -0.3624 -0.3624 -0.3624 -0.3624 -0.3624 -0.3624 -0.3624 -0.3624 -0.3624 -0.3624 -0.3624 -0.3624 -0.3624 -0.3624 -0.3624 -0.3624 -0.3625 -0.3625 -0.3625 -0.3625 -0.3625 -0.3625 -0.3625 -0.3626 -0.3627 -0.3627 -0.3628 -0.3629 -0.3630 -0.3631 -0.3631 -0.3632 -0.3632 -0.3632 -0.3633 -0.3633 -0.3633 -0.3633 -0.3633 -0.3633 -0.3633 -0.3633 -0.3633 -0.3633 -0.3633 -0.3633 -0.3633 -0.3633 -0.3633 -0.3633 -0.3633 -0.3633 -0.3633 -0.3633 -0.3633 -0.3633 -0.3633 -0.3633 -0.3633 -0.3633 -0.3633 -0.3633 -0.3633 -0.3633 -0.3634 -0.3634 -0.3634 -0.3634 -0.3633 -0.3624 -0.3598 -0.3545 -0.3461 -0.3348 -0.3214 -0.3066 -0.2908 -0.2743 -0.2574 -0.2385
-0.2476 -0.2660 -0.2827 -0.2989 -0.3144 -0.3288 -0.3414 -0.3516 -0.3586 -0.3624 -0.3635 -0.3632 -0.3627 -0.3623 -0.3620 -0.3619 -0.3619 -0.3618 -0.3618 -0.3618 -0.3618 -0.3618 -0.3618 -0.3618 -0.3618 -0.3618 -0.3618 -0.3618 -0.3618 -0.3618 -0.3618 -0.3618 -0.3618 -0.3618 -0.3618 -0.3618 -0.3618 -0.3618 -0.3618 -0.3619 -0.3619 -0.3619 -0.3619 -0.3620 -0.3621 -0.3622 -0.3623 -0.3625 -0.3626 -0.3627 -0.3629 -0.3630 -0.3631 -0.3632 -0.3632 -0.3633 -0.3633 -0.3633 -0.3633 -0.3633 -0.3633 -0.3633 -0.3633 -0.3633 -0.3633 -0.3633 -0.3633 -0.3633 -0.3633 -0.3633 -0.3633 -0.3633 -0.3633 -0.3633 -0.3633 -0.3633 -0.3633 -0.3633 -0.3633 -0.3633 -0.3633 -0.3633 -0.3633 -0.3633 -0.3633 -0.3634 -0.3634 -0.3634 -0.3634 -0.3633 -0.3624 -0.3598 -0.3545 -0.3461 -0.3348 -0.3214 -0.3066 -0.2908 -0.2743 -0.2574 -0.2385
-0.2504 -0.2688 -0.2854 -0.3015 -0.3168 -0.3310 -0.3434 -0.3532 -0.3597 -0.3629 -0.3634 -0.3627 -0.3619 -0.3614 -0.3611 -0.3609 -0.3608 -0.3608 -0.3608 -0.3608 -0.3608 -0.3608 -0.3608 -0.3608 -0.3608 -0.3608 -0.3608 -0.3608 -0.3608 -0.3608 -0.3608 -0.3608 -0.3608 -0.3608 -0.3608 -0.3608 -0.3608 -0.3608 -0.3608 -0.3608 -0.3609 -0.3609 -0.3610 -0.3611 -0.3613 -0.3615 -0.3617 -0.3619 -0.3622 -0.3624 -0.3626 -0.3628 -0.3630 -0.3631 -0.3632 -0.3632 -0.3633 -0.3633 -0.3633 -0.3633 -0.3633 -0.3633 -0.3633 -0.3633 -0.3633 -0.3633 -0.3633 -0.3633 -0.3633 -0.3633 -0.3633 -0.3633 -0.3633 -0.3633 -0.3633 -0.3633 -0.3633 -0.3633 -0.3633 -0.3633 -0.3633 -0.3633 -0.3633 -0.3633 -0.3633 -0.3634 -0.3634 -0.3634 -0.3634 -0.3633 -0.3624 -0.3598 -0.3545 -0.3461 -0.3348 -0.3214 -0.3066 -0.2908 -0.2743 -0.2574 -0.2385
-0.2538 -0.2719 -0.2884 -0.3044 -0.3196 -0.3335 -0.3456 -0.3549 -0.3608 -0.3632 -0.3631 -0.3618 -0.3607 -0.3599 -0.3595 -0.3593 -0.3592 -0.3592 -0.3592 -0.3592 -0.3592 -0.3592 -0.3592 -0.3592 -0.3592 -0.3592 -0.3592 -0.3592 -0.3592 -0.3592 -0.3592 -0.3592 -0.3592 -0.3592 -0.3592 -0.3592 -0.3592 -0.3592 -0.3592 -0.3593 -0.3593 -0.3594 -0.3596 -0.3598 -0.3600 -0.3603 -0.3607 -0.3611 -0.3615 -0.3619 -0.3623 -0.3626 -0.3628 -0.3630 -0.3631 -0.3632 -0.3632 -0.3633 -0.3633 -0.3633 -0.3633 -0.3633 -0.3633 -0.3633 -0.3633 -0.3633 -0.3633 -0.3633 -0.3633 -0.3633 -0.3633 -0.3633 -0.3633 -0.3633 -0.3633 -0.3633 -0.3633 -0.3633 -0.3633 -0.3633 -0.3633 -0.3633 -0.3633 -0.3633 -0.3633 -0.3634 -0.3634 -0.3634 -0.3634 -0.3633 -0.3624 -0.3598 -0.3545 -0.3461 -0.3348 -0.3214 -0.3066 -0.2908 -0.2743 -0.2574 -0.2385
-0.2574 -0.2754 -0.2919 -0.3077 -0.3227 -0.3364 -0.3479 -0.3566 -0.3617 -0.3633 -0.3623 -0.3604 -0.3588 -0.3578 -0.3573 -0.3570 -0.3569 -0.3569 -0.3569 -0.3568 -0.3568 -0.3568 -0.3568 -0.3568 -0.3568 -0.3568 -0.3568 -0.3568 -0.3568 -0.3568 -0.3568 -0.3568 -0.3568 -0.3568 -0.3568 -0.3568 -0.3569 -0.3569 -0.3569 -0.3570 -0.3571 -0.3572 -0.3575 -0.3578 -0.3582 -0.3587 -0.3594 -0.3600 -0.3607 -0.3613 -0.3618 -0.3622 -0.3626 -0.3629 -0.3630 -0.3631 -0.3632 -0.3633 -0.3633 -0.3633 -0.3633 -0.3633 -0.3633 -0.3633 -0.3633 -0.3633 -0.3633 -0.3633 -0.3633 -0.3633 -0.3633 -0.3633 -0.3633 -0.3633 -0.3633 -0.3633 -0.3633 -0.3633 -0.3633 -0.3633 -0.3633 -0.3633 -0.3633 -0.3633 -0.3633 -0.3634 -0.3634 -0.3634 -0.3634 -0.3633 -0.3624 -0.3598 -0.3545 -0.3461 -0.3348 -0.3214 -0.3066 -0.2908 -0.2743 -0.2574 -0.2385
-0.2614 -0.2792 -0.2955 -0.3112 -0.3260 -0.3393 -0.3504 -0.3583 -0.3625 -0.3630 -0.3609 -0.3582 -0.3561 -0.3548 -0.3542 -0.3538 -0.3537 -0.3536 -0.3536 -0.3536 -0.3536 -0.3536 -0.3536 -0.3536 -0.3536 -0.3536 -0.3536 -0.3536 -0.3536 -0.3536 -0.3536 -0.3536 -0.3536 -0.3536 -0.3536 -0.3536 -0.3536 -0.3536 -0.3537 -0.3538 -0.3540 -0.3542 -0.3546 -0.3551 -0.3558 -0.3566 -0.3576 -0.3586 -0.3595 -0.3604 -0.3612 -0.3618 -0.3623 -0.3627 -0.3629 -0.3631 -0.3632 -0.3632 -0.3633 -0.3633 -0.3633 -0.3633 -0.3633 -0.3633 -0.3633 -0.3633 -0.3633 -0.3633 -0.3633 -0.3633 -0.3633 -0.3633 -0.3633 -0.3633 -0.3633 -0.3633 -0.3633 -0.3633 -0.3633 -0.3633 -0.3633 -0.3633 -0.3633 -0.3633 -0.3633 -0.3634 -0.3634 -0.3634 -0.3634 -0.3633 -0.3624 -0.3598 -0.3545 -0.3461 -0.3348 -0.3214 -0.3066 -0.2908 -0.2743 -0.2574 -0.2385
-0.2653 -0.2830 -0.2992 -0.3147 -0.3293 -0.3422 -0.3527 -0.3598 -0.3630 -0.3622 -0.3589 -0.3553 -0.3526 -0.3510 -0.3502 -0.3498 -0.3496 -0.3496 -0.3495 -0.3495 -0.3495 -0.3495 -0.3495 -0.3495 -0.3495 -0.3495 -0.3495 -0.3495 -0.3495 -0.3495 -0.3495 -0.3495 -0.3495 -0.3495 -0.3495 -0.3495 -0.3495 -0.3496 -0.3497 -0.3499 -0.3501 -0.3505 -0.3510 -0.3518 -0.3529 -0.3541 -0.3554 -0.3569 -0.3582 -0.3595 -0.3606 -0.3614 -0.3620 -0.3625 -0.3628 -0.3630 -0.3631 -0.3632 -0.3633 -0.3633 -0.3633 -0.3633 -0.3633 -0.3633 -0.3633 -0.3633 -0.3633 -0.3633 -0.3633 -0.3633 -0.3633 -0.3633 -0.3633 -0.3633 -0.3633 -0.3633 -0.3633 -0.3633 -0.3633 -0.3633 -0.3633 -0.3633 -0.3633 -0.3633 -0.3633 -0.3634 -0.3634 -0.3634 -0.3634 -0.3633 -0.3624 -0.3598 -0.3545 -0.3461 -0.3348 -0.3214 -0.3066 -0.2908 -0.2743 -0.2574 -0.2385
-0.2688 -0.2864 -0.3025 -0.3179 -0.3322 -0.3447 -0.3546 -0.3610 -0.3631 -0.3611 -0.3566 -0.3520 -0.3487 -0.3468 -0.3458 -0.3453 -0.3451 -0.3450 -0.3450 -0.3450 -0.3450 -0.3449 -0.3449 -0.3449 -0.3449 -0.3449 -0.3449 -0.3449 -0.3449 -0.3449 -0.3449 -0.3449 -0.3450 -0.3450 -0.3450 -0.3450 -0.3451 -0.3451 -0.3453 -0.3455 -0.3458 -0.3464 -0.3472 -0.3483 -0.3497 -0.3513 -0.3532 -0.3551 -0.3569 -0.3585 -0.3599 -0.3610 -0.3618 -0.3624 -0.3627 -0.3630 -0.3631 -0.3632 -0.3633 -0.3633 -0.3633 -0.3633 -0.3633 -0.3633 -0.3633 -0.3633 -0.3633 -0.3633 -0.3633 -0.3633 -0.3633 -0.3633 -0.3633 -0.3633 -0.3633 -0.3633 -0.3633 -0.3633 -0.3633 -0.3633 -0.3633 -0.3633 -0.3633 -0.3633 -0.3633 -0.3634 -0.3634 -0.3634 -0.3634 -0.3633 -0.3624 -0.3598 -0.3545 -0.3461 -0.3348 -0.3214 -0.3066 -0.2908 -0.2743 -0.2574 -0.2385
-0.2714 -0.2889 -0.3050 -0.3202 -0.3343 -0.3466 -0.3560 -0.3618 -0.3630 -0.3599 -0.3545 -0.3490 -0.3452 -0.3430 -0.3419 -0.3413 -0.3411 -0.3410 -0.3410 -0.3409 -0.3409 -0.3409 -0.3409 -0.3409 -0.3409 -0.3409 -0.3409 -0.3409 -0.3409 -0.3409 -0.3409 -0.3409 -0.3409 -0.3409 -0.3410 -0.3410 -0.3410 -0.3411 -0.3413 -0.3416 -0.3420 -0.3427 -0.3437 -0.3451 -0.3469 -0.3490 -0.3512 -0.3536 -0.3558 -0.3577 -0.3594 -0.3606 -0.3616 -0.3622 -0.3627 -0.3629 -0.3631 -0.3632 -0.3633 -0.3633 -0.3633 -0.3633 -0.3633 -0.3633 -0.3633 -0.3633 -0.3633 -0.3633 -0.3633 -0.3633 -0.3633 -0.3633 -0.3633 -0.3633 -0.3633 -0.3633 -0.3633 -0.3633 -0.3633 -0.3633 -0.3633 -0.3633 -0.3633 -0.3633 -0.3633 -0.3633 -0.3634 -0.3634 -0.3634 -0.3633 -0.3624 -0.3598 -0.3545 -0.3461 -0.3348 -0.3214 -0.3066 -0.2908 -0.2743 -0.2574 -0.2385
-0.2727 -0.2901 -0.3062 -0.3214 -0.3354 -0.3475 -0.3567 -0.3621 -0.3628 -0.3592 -0.3532 -0.3473 -0.3432 -0.3408 -0.3396 -0.3390 -0.3388 -0.3387 -0.3386 -0.3386 -0.3386 -0.3385 -0.3385 -0.3385 -0.3385 -0.3385 -0.3385 -0.3385 -0.3385 -0.3385 -0.3385 -0.3385 -0.3386 -0.3386 -0.3386 -0.3387 -0.3387 -0.3388 -0.3390 -0.3393 -0.3398 -0.3406 -0.3418 -0.3433 -0.3453 -0.3476 -0.3501 -0.3527 -0.3551 -0.3573 -0.3590 -0.3604 -0.3614 -0.3621 -0.3626 -0.3629 -0.3631 -0.3632 -0.3632 -0.3633 -0.3633 -0.3633 -0.3633 -0.3633 -0.3633 -0.3633 -0.3633 -0.3633 -0.3633 -0.3633 -0.3633 -0.3633 -0.3633 -0.3633 -0.3633 -0.3633 -0.3633 -0.3633 -0.3633 -0.3633 -0.3633 -0.3633 -0.3633 -0.3633 -0.3633 -0.3634 -0.3634 -0.3634 -0.3634 -0.3633 -0.3624 -0.3598 -0.3545 -0.3461 -0.3348 -0.3214 -0.3066 -0.2908 -0.2743 -0.2574 -0.2385
-0.2723 -0.2898 -0.3058 -0.3211 -0.3351 -0.3472 -0.3565 -0.3620 -0.3629 -0.3594 -0.3534 -0.3476 -0.3435 -0.3411 -0.3399 -0.3393 -0.3390 -0.3389 -0.3389 -0.3389 -0.3388 -0.3388 -0.3388 -0.3388 -0.3388 -0.3388 -0.3388 -0.3388 -0.3388 -0.3388 -0.3388 -0.3388 -0.3388 -0.3389 -0.3389 -0.3389 -0.3390 -0.3391 -0.3392 -0.3396 -0.3401 -0.3408 -0.3419 -0.3434 -0.3454 -0.3477 -0.3502 -0.3527 -0.3551 -0.3572 -0.3590 -0.3604 -0.3614 -0.3621 -0.3626 -0.3629 -0.3631 -0.3632 -0.3632 -0.3633 -0.3633 -0.3633 -0.3633 -0.3633 -0.3633 -0.3633 -0.3633 -0.3633 -0.3633 -0.3633 -0.3633 -0.3633 -0.3633 -0.3633 -0.3633 -0.3633 -0.3633 -0.3633 -0.3633 -0.3633 -0.3633 -0.3633 -0.3633 -0.3633 -0.3633 -0.3634 -0.3634 -0.3634 -0.3634 -0.3633 -0.3624 -0.3598 -0.3545 -0.3461 -0.3348 -0.3214 -0.3066 -0.2908 -0.2743 -0.2574 -0.2385
-0.2704 -0.2880 -0.3040 -0.3194 -0.3335 -0.3459 -0.3556 -0.3615 -0.3630 -0.3603 -0.3550 -0.3497 -0.3460 -0.3437 -0.3426 -0.3420 -0.3418 -0.3417 -0.3417 -0.3417 -0.3417 -0.3417 -0.3417 -0.3417 -0.3417 -0.3417 -0.3417 -0.3417 -0.3417 -0.3417 -0.3417 -0.3417 -0.3417 -0.3417 -0.3417 -0.3417 -0.3417 -0.3418 -0.3420 -0.3422 -0.3427 -0.3433 -0.3442 -0.3455 -0.3472 -0.3492 -0.3514 -0.3536 -0.3558 -0.3577 -0.3593 -0.3606 -0.3615 -0.3622 -0.3626 -0.3629 -0.3631 -0.3632 -0.3632 -0.3633 -0.3633 -0.3633 -0.3633 -0.3633 -0.3633 -0.3633 -0.3633 -0.3633 -0.3633 -0.3633 -0.3633 -0.3633 -0.3633 -0.3633 -0.3633 -0.3633 -0.3633 -0.3633 -0.3633 -0.3633 -0.3633 -0.3633 -0.3633 -0.3633 -0.3633 -0.3634 -0.3634 -0.3634 -0.3634 -0.3633 -0.3624 -0.3598 -0.3545 -0.3461 -0.3348 -0.3214 -0.3066 -0.2908 -0.2743 -0.2574 -0.2385
-0.2674 -0.2850 -0.3011 -0.3166 -0.3310 -0.3437 -0.3539 -0.3606 -0.3631 -0.3615 -0.3573 -0.3529 -0.3497 -0.3477 -0.3468 -0.3463 -0.3461 -0.3460 -0.3460 -0.3460 -0.3460 -0.3460 -0.3460 -0.3460 -0.3460 -0.3460 -0.3460 -0.3460 -0.3460 -0.3460 -0.3460 -0.3460 -0.3460 -0.3460 -0.3460 -0.3460 -0.3460 -0.3461 -0.3462 -0.3464 -0.3467 -0.3472 -0.3479 -0.3488 -0.3501 -0.3517 -0.3534 -0.3552 -0.3569 -0.3585 -0.3598 -0.3609 -0.3617 -0.3623 -0.3627 -0.3630 -0.3631 -0.3632 -0.3632 -0.3633 -0.3633 -0.3633 -0.3633 -0.3633 -0.3633 -0.3633 -0.3633 -0.3633 -0.3633 -0.3633 -0.3633 -0.3633 -0.3633 -0.3633 -0.3633 -0.3633 -0.3633 -0.3633 -0.3633 -0.3633 -0.3633 -0.3633 -0.3633 -0.3633 -0.3633 -0.3634 -0.3634 -0.3634 -0.3634 -0.3633 -0.3624 -0.3598 -0.3545 -0.3461 -0.3348 -0.3214 -0.3066 -0.2908 -0.2743 -0.2574 -0.2385
