0.0011 0.0018 0.0028 0.0044 0.0070 0.0110 0.0174 0.0276 0.0436 0.0691 0.1093 0.1732 0.2739 0.4331 0.6862 1.0000 1.0000 1.0000 1.0000 1.0000 1.0000 1.0000 1.0000 1.0000 1.0000 0.0000 0.0001 0.0001 0.0001 0.0002 0.0003 0.0005 0.0008 0.0013 0.0020 0.0032 0.0050 0.0079 0.0126 0.0198 0.0314 0.0498 0.0788 0.1246 0.1975 0.3117 0.4920 0.7677 1.0000 1.0000 1.0000 1.0000 1.0000 0.7677 0.4920 0.3117 0.1971 0.1246 0.0788 0.0497 0.0314 0.0198 0.0126 0.0079 0.0050 0.0032 0.0020 0.0013 0.0008 0.0005 0.0003 0.0002 0.0001 0.0001 0.0001 0.0000 1.0000 1.0000 1.0000 1.0000 1.0000 1.0000 1.0000 1.0000 1.0000 1.0000 0.6862 0.4331 0.2739 0.1732 0.1093 0.0691 0.0436 0.0276 0.0174 0.0110 0.0070 0.0044 0.0028 0.0018 0.0011
0.0018 0.0028 0.0044 0.0070 0.0110 0.0175 0.0277 0.0439 0.0694 0.1099 0.1738 0.2749 0.4356 0.6888 1.0000 1.0000 1.0000 1.0000 1.0000 1.0000 1.0000 1.0000 1.0000 0.0000 0.0000 0.0001 0.0001 0.0001 0.0002 0.0003 0.0005 0.0008 0.0013 0.0020 0.0032 0.0050 0.0080 0.0126 0.0200 0.0316 0.0500 0.0793 0.1253 0.1986 0.3141 0.4967 0.7824 1.0000 1.0000 1.0000 1.0000 1.0000 1.0000 1.0000 0.7824 0.4967 0.3141 0.1982 0.1253 0.0791 0.0500 0.0316 0.0200 0.0126 0.0080 0.0050 0.0032 0.0020 0.0013 0.0008 0.0005 0.0003 0.0002 0.0001 0.0001 0.0001 0.0000 0.0000 1.0000 1.0000 1.0000 1.0000 1.0000 1.0000 1.0000 1.0000 1.0000 0.6888 0.4356 0.2749 0.1738 0.1099 0.0694 0.0439 0.0277 0.0175 0.0110 0.0070 0.0044 0.0028 0.0018
0.0028 0.0044 0.0070 0.0112 0.0177 0.0281 0.0445 0.0704 0.1116 0.1765 0.2797 0.4423 0.7007 1.0000 1.0000 1.0000 1.0000 1.0000 1.0000 1.0000 1.0000 1.0000 0.0000 0.0000 0.0001 0.0001 0.0001 0.0002 0.0003 0.0005 0.0008 0.0013 0.0020 0.0032 0.0051 0.0081 0.0128 0.0203 0.0321 0.0509 0.0805 0.1275 0.2016 0.3195 0.5052 0.7990 1.0000 1.0000 1.0000 1.0000 1.0000 1.0000 1.0000 1.0000 1.0000 0.7990 0.5052 0.3195 0.2016 0.1275 0.0805 0.0509 0.0321 0.0203 0.0128 0.0081 0.0051 0.0032 0.0020 0.0013 0.0008 0.0005 0.0003 0.0002 0.0001 0.0001 0.0001 0.0000 0.0000 1.0000 1.0000 1.0000 1.0000 1.0000 1.0000 1.0000 1.0000 1.0000 0.7007 0.4423 0.2797 0.1765 0.1116 0.0704 0.0445 0.0281 0.0177 0.0112 0.0070 0.0044 0.0028
0.0044 0.0070 0.0112 0.0178 0.0283 0.0450 0.0714 0.1131 0.1792 0.2839 0.4490 0.7115 1.0000 1.0000 1.0000 1.0000 1.0000 1.0000 1.0000 1.0000 1.0000 0.0000 0.0000 0.0001 0.0001 0.0001 0.0002 0.0003 0.0005 0.0008 0.0013 0.0021 0.0033 0.0052 0.0082 0.0130 0.0206 0.0326 0.0517 0.0819 0.1295 0.2051 0.3244 0.5139 0.8128 1.0000 1.0000 1.0000 1.0000 1.0000 1.0000 1.0000 1.0000 1.0000 1.0000 1.0000 0.8128 0.5139 0.3244 0.2047 0.1295 0.0817 0.0517 0.0326 0.0206 0.0130 0.0082 0.0052 0.0033 0.0021 0.0013 0.0008 0.0005 0.0003 0.0002 0.0001 0.0001 0.0001 0.0000 0.0000 1.0000 1.0000 1.0000 1.0000 1.0000 1.0000 1.0000 1.0000 1.0000 0.7115 0.4490 0.2839 0.1792 0.1131 0.0714 0.0450 0.0283 0.0178 0.0112 0.0070 0.0044
0.0070 0.0110 0.0177 0.0283 0.0451 0.0718 0.1142 0.1813 0.2872 0.4559 0.7210 1.0000 1.0000 1.0000 1.0000 1.0000 1.0000 1.0000 1.0000 1.0000 0.0000 0.0000 0.0001 0.0001 0.0001 0.0002 0.0003 0.0005 0.0008 0.0013 0.0021 0.0033 0.0053 0.0084 0.0132 0.0209 0.0331 0.0525 0.0831 0.1314 0.2083 0.3293 0.5218 0.8268 1.0000 1.0000 1.0000 1.0000 1.0000 1.0000 1.0000 1.0000 1.0000 1.0000 1.0000 1.0000 1.0000 0.8268 0.5218 0.3300 0.2083 0.1317 0.0831 0.0526 0.0332 0.0210 0.0132 0.0084 0.0053 0.0033 0.0021 0.0013 0.0008 0.0005 0.0003 0.0002 0.0001 0.0001 0.0001 0.0000 0.0000 1.0000 1.0000 1.0000 1.0000 1.0000 1.0000 1.0000 1.0000 1.0000 0.7210 0.4559 0.2872 0.1813 0.1142 0.0718 0.0451 0.0283 0.0177 0.0110 0.0070
0.0110 0.0175 0.0281 0.0450 0.0718 0.1146 0.1823 0.2899 0.4603 0.7307 1.0000 1.0000 1.0000 1.0000 1.0000 1.0000 1.0000 1.0000 1.0000 0.0000 0.0000 0.0001 0.0001 0.0001 0.0002 0.0003 0.0005 0.0009 0.0014 0.0021 0.0034 0.0054 0.0085 0.0134 0.0213 0.0336 0.0533 0.0844 0.1335 0.2114 0.3344 0.5298 0.8395 1.0000 1.0000 1.0000 1.0000 1.0000 1.0000 1.0000 1.0000 1.0000 1.0000 1.0000 1.0000 1.0000 1.0000 1.0000 0.8395 0.5308 0.3350 0.2119 0.1337 0.0844 0.0534 0.0337 0.0213 0.0134 0.0085 0.0054 0.0034 0.0021 0.0014 0.0009 0.0005 0.0003 0.0002 0.0001 0.0001 0.0001 0.0000 0.0000 1.0000 1.0000 1.0000 1.0000 1.0000 1.0000 1.0000 1.0000 1.0000 0.7307 0.4603 0.2899 0.1823 0.1146 0.0718 0.0450 0.0281 0.0175 0.0110
0.0174 0.0277 0.0445 0.0714 0.1142 0.1823 0.2910 0.4629 0.7362 1.0000 1.0000 1.0000 1.0000 1.0000 1.0000 1.0000 1.0000 1.0000 0.0000 0.0000 0.0001 0.0001 0.0001 0.0002 0.0003 0.0005 0.0009 0.0014 0.0022 0.0034 0.0054 0.0086 0.0136 0.0216 0.0341 0.0541 0.0857 0.1355 0.2147 0.3395 0.5380 0.8524 1.0000 1.0000 1.0000 1.0000 1.0000 1.0000 1.0000 1.0000 1.0000 1.0000 1.0000 1.0000 1.0000 1.0000 1.0000 1.0000 1.0000 0.8524 0.5390 0.3402 0.2151 0.1358 0.0857 0.0542 0.0342 0.0216 0.0136 0.0086 0.0054 0.0034 0.0022 0.0014 0.0009 0.0005 0.0003 0.0002 0.0001 0.0001 0.0001 0.0000 0.0000 1.0000 1.0000 1.0000 1.0000 1.0000 1.0000 1.0000 1.0000 1.0000 0.7362 0.4629 0.2910 0.1823 0.1142 0.0714 0.0445 0.0277 0.0174
0.0276 0.0439 0.0704 0.1131 0.1813 0.2899 0.4629 0.7391 1.0000 1.0000 1.0000 1.0000 1.0000 1.0000 1.0000 1.0000 1.0000 0.0000 0.0000 0.0001 0.0001 0.0001 0.0002 0.0004 0.0006 0.0009 0.0014 0.0022 0.0035 0.0055 0.0087 0.0139 0.0219 0.0347 0.0549 0.0870 0.1376 0.2180 0.3447 0.5462 0.8654 1.0000 1.0000 1.0000 1.0000 1.0000 1.0000 1.0000 1.0000 1.0000 1.0000 1.0000 1.0000 1.0000 1.0000 1.0000 1.0000 1.0000 1.0000 1.0000 0.8654 0.5472 0.3454 0.2184 0.1378 0.0870 0.0550 0.0347 0.0220 0.0139 0.0087 0.0055 0.0035 0.0022 0.0014 0.0009 0.0006 0.0004 0.0002 0.0001 0.0001 0.0001 0.0000 0.0000 1.0000 1.0000 1.0000 1.0000 1.0000 1.0000 1.0000 1.0000 1.0000 0.7391 0.4629 0.2899 0.1813 0.1131 0.0704 0.0439 0.0276
0.0436 0.0694 0.1116 0.1792 0.2872 0.4603 0.7362 1.0000 1.0000 1.0000 1.0000 1.0000 1.0000 1.0000 1.0000 1.0000 0.0000 0.0000 0.0001 0.0001 0.0001 0.0002 0.0004 0.0006 0.0009 0.0014 0.0022 0.0036 0.0056 0.0089 0.0141 0.0222 0.0353 0.0557 0.0883 0.1397 0.2213 0.3500 0.5546 0.8787 1.0000 1.0000 1.0000 1.0000 1.0000 1.0000 1.0000 1.0000 1.0000 0.0000 0.0000 0.0000 1.0000 1.0000 1.0000 1.0000 1.0000 1.0000 1.0000 1.0000 1.0000 0.8787 0.5556 0.3507 0.2217 0.1400 0.0883 0.0559 0.0353 0.0223 0.0141 0.0089 0.0056 0.0035 0.0022 0.0014 0.0009 0.0006 0.0004 0.0002 0.0001 0.0001 0.0001 0.0000 0.0000 1.0000 1.0000 1.0000 1.0000 1.0000 1.0000 1.0000 1.0000 1.0000 0.7362 0.4603 0.2872 0.1792 0.1116 0.0694 0.0436
0.0691 0.1099 0.1765 0.2839 0.4559 0.7307 1.0000 1.0000 1.0000 1.0000 1.0000 1.0000 1.0000 1.0000 1.0000 0.0000 0.0000 0.0001 0.0001 0.0001 0.0002 0.0004 0.0006 0.0009 0.0014 0.0023 0.0036 0.0057 0.0090 0.0143 0.0226 0.0358 0.0566 0.0897 0.1418 0.2247 0.3554 0.5631 0.8922 1.0000 1.0000 1.0000 1.0000 1.0000 1.0000 1.0000 1.0000 1.0000 0.0000 0.0000 0.0000 0.0000 0.0000 1.0000 1.0000 1.0000 1.0000 1.0000 1.0000 1.0000 1.0000 1.0000 0.8922 0.5641 0.3561 0.2251 0.1421 0.0897 0.0567 0.0358 0.0226 0.0143 0.0090 0.0057 0.0036 0.0023 0.0014 0.0009 0.0006 0.0004 0.0002 0.0001 0.0001 0.0001 0.0000 0.0000 1.0000 1.0000 1.0000 1.0000 1.0000 1.0000 1.0000 1.0000 1.0000 0.7307 0.4559 0.2839 0.1765 0.1099 0.0691
0.1093 0.1738 0.2797 0.4490 0.7210 1.0000 1.0000 1.0000 1.0000 1.0000 1.0000 1.0000 1.0000 1.0000 0.0000 0.0000 0.0001 0.0001 0.0001 0.0002 0.0004 0.0006 0.0009 0.0015 0.0023 0.0037 0.0058 0.0092 0.0145 0.0230 0.0363 0.0576 0.0911 0.1440 0.2282 0.3608 0.5717 0.9058 1.0000 1.0000 1.0000 1.0000 1.0000 1.0000 1.0000 1.0000 1.0000 0.0000 0.0000 0.0001 0.0001 0.0001 0.0000 0.0000 1.0000 1.0000 1.0000 1.0000 1.0000 1.0000 1.0000 1.0000 1.0000 0.9058 0.5728 0.3615 0.2286 0.1443 0.0911 0.0576 0.0363 0.0230 0.0145 0.0092 0.0058 0.0037 0.0023 0.0015 0.0009 0.0006 0.0004 0.0002 0.0001 0.0001 0.0001 0.0000 0.0000 1.0000 1.0000 1.0000 1.0000 1.0000 1.0000 1.0000 1.0000 1.0000 0.7210 0.4490 0.2797 0.1738 0.1093
0.1732 0.2749 0.4423 0.7115 1.0000 1.0000 1.0000 1.0000 1.0000 1.0000 1.0000 1.0000 1.0000 0.0000 0.0000 0.0001 0.0001 0.0001 0.0002 0.0004 0.0006 0.0009 0.0015 0.0023 0.0037 0.0059 0.0093 0.0147 0.0233 0.0369 0.0585 0.0925 0.1465 0.2317 0.3664 0.5805 0.9197 1.0000 1.0000 1.0000 1.0000 1.0000 1.0000 1.0000 1.0000 1.0000 0.0000 0.0000 0.0001 0.0001 0.0001 0.0001 0.0001 0.0000 0.0000 1.0000 1.0000 1.0000 1.0000 1.0000 1.0000 1.0000 1.0000 1.0000 0.9197 0.5816 0.3671 0.2321 0.1465 0.0925 0.0585 0.0369 0.0233 0.0147 0.0093 0.0059 0.0037 0.0023 0.0015 0.0009 0.0006 0.0004 0.0002 0.0001 0.0001 0.0001 0.0000 0.0000 1.0000 1.0000 1.0000 1.0000 1.0000 1.0000 1.0000 1.0000 1.0000 0.7115 0.4423 0.2749 0.1732
0.2739 0.4356 0.6994 1.0000 1.0000 1.0000 1.0000 1.0000 1.0000 1.0000 1.0000 1.0000 0.0000 0.0000 0.0001 0.0001 0.0001 0.0002 0.0004 0.0006 0.0010 0.0015 0.0024 0.0038 0.0060 0.0095 0.0150 0.0237 0.0375 0.0594 0.0939 0.1487 0.2352 0.3727 0.5894 0.9338 1.0000 1.0000 1.0000 1.0000 1.0000 1.0000 1.0000 1.0000 1.0000 0.0000 0.0000 0.0001 0.0001 0.0002 0.0002 0.0002 0.0001 0.0001 0.0000 0.0000 1.0000 1.0000 1.0000 1.0000 1.0000 1.0000 1.0000 1.0000 1.0000 0.9338 0.5905 0.3727 0.2357 0.1487 0.0939 0.0594 0.0375 0.0237 0.0150 0.0094 0.0060 0.0038 0.0024 0.0015 0.0010 0.0006 0.0004 0.0002 0.0001 0.0001 0.0001 0.0000 0.0000 1.0000 1.0000 1.0000 1.0000 1.0000 1.0000 1.0000 1.0000 1.0000 0.7007 0.4356 0.2739
0.4331 0.6888 1.0000 1.0000 1.0000 1.0000 1.0000 1.0000 1.0000 1.0000 1.0000 0.0000 0.0000 0.0001 0.0001 0.0002 0.0002 0.0004 0.0006 0.0010 0.0015 0.0024 0.0038 0.0061 0.0096 0.0152 0.0241 0.0381 0.0603 0.0955 0.1510 0.2388 0.3784 0.5984 0.9481 1.0000 1.0000 1.0000 1.0000 1.0000 1.0000 1.0000 1.0000 1.0000 0.0000 0.0000 0.0001 0.0001 0.0002 0.0002 0.0003 0.0002 0.0002 0.0001 0.0001 0.0000 0.0000 1.0000 1.0000 1.0000 1.0000 1.0000 1.0000 1.0000 1.0000 1.0000 0.9481 0.5995 0.3784 0.2393 0.1510 0.0953 0.0603 0.0380 0.0241 0.0152 0.0096 0.0061 0.0038 0.0024 0.0015 0.0010 0.0006 0.0004 0.0002 0.0002 0.0001 0.0001 0.0000 0.0000 1.0000 1.0000 1.0000 1.0000 1.0000 1.0000 1.0000 1.0000 1.0000 0.6888 0.4331
0.6862 1.0000 1.0000 1.0000 1.0000 1.0000 1.0000 1.0000 1.0000 1.0000 0.0000 0.0000 0.0001 0.0001 0.0002 0.0002 0.0004 0.0006 0.0010 0.0015 0.0024 0.0039 0.0062 0.0097 0.0154 0.0244 0.0386 0.0612 0.0970 0.1533 0.2429 0.3842 0.6076 0.9627 1.0000 1.0000 1.0000 1.0000 1.0000 1.0000 1.0000 1.0000 1.0000 0.0000 0.0000 0.0001 0.0001 0.0002 0.0003 0.0004 0.0005 0.0004 0.0003 0.0002 0.0001 0.0001 0.0000 0.0000 1.0000 1.0000 1.0000 1.0000 1.0000 1.0000 1.0000 1.0000 1.0000 0.9627 0.6087 0.3842 0.2429 0.1533 0.0968 0.0612 0.0386 0.0244 0.0154 0.0097 0.0061 0.0039 0.0024 0.0015 0.0010 0.0006 0.0004 0.0002 0.0002 0.0001 0.0001 0.0000 0.0000 1.0000 1.0000 1.0000 1.0000 1.0000 1.0000 1.0000 1.0000 1.0000 0.6862
1.0000 1.0000 1.0000 1.0000 1.0000 1.0000 1.0000 1.0000 1.0000 0.0000 0.0000 0.0001 0.0001 0.0002 0.0002 0.0004 0.0006 0.0010 0.0016 0.0025 0.0039 0.0062 0.0099 0.0156 0.0247 0.0392 0.0621 0.0983 0.1557 0.2467 0.3901 0.6181 0.9774 1.0000 1.0000 1.0000 1.0000 1.0000 1.0000 1.0000 1.0000 1.0000 0.0000 0.0000 0.0001 0.0001 0.0002 0.0003 0.0004 0.0006 0.0007 0.0006 0.0004 0.0003 0.0002 0.0001 0.0001 0.0000 0.0000 1.0000 1.0000 1.0000 1.0000 1.0000 1.0000 1.0000 1.0000 1.0000 0.9774 0.6181 0.3901 0.2462 0.1557 0.0983 0.0621 0.0392 0.0247 0.0156 0.0099 0.0062 0.0039 0.0025 0.0016 0.0010 0.0006 0.0004 0.0002 0.0002 0.0001 0.0001 0.0000 0.0000 1.0000 1.0000 1.0000 1.0000 1.0000 1.0000 1.0000 1.0000 1.0000
1.0000 1.0000 1.0000 1.0000 1.0000 1.0000 1.0000 1.0000 0.0000 0.0000 0.0001 0.0001 0.0001 0.0002 0.0004 0.0006 0.0010 0.0016 0.0025 0.0039 0.0063 0.0100 0.0158 0.0251 0.0397 0.0630 0.0998 0.1581 0.2500 0.3961 0.6275 0.9924 1.0000 1.0000 1.0000 1.0000 1.0000 1.0000 1.0000 1.0000 1.0000 0.0000 0.0000 0.0001 0.0001 0.0002 0.0003 0.0005 0.0007 0.0010 0.0012 0.0010 0.0007 0.0005 0.0003 0.0002 0.0001 0.0001 0.0000 0.0000 1.0000 1.0000 1.0000 1.0000 1.0000 1.0000 1.0000 1.0000 1.0000 0.9924 0.6264 0.3961 0.2500 0.1581 0.0998 0.0630 0.0397 0.0251 0.0158 0.0100 0.0063 0.0039 0.0025 0.0016 0.0010 0.0006 0.0004 0.0002 0.0001 0.0001 0.0001 0.0000 0.0000 1.0000 1.0000 1.0000 1.0000 1.0000 1.0000 1.0000 1.0000
1.0000 1.0000 1.0000 1.0000 1.0000 1.0000 1.0000 0.0000 0.0000 0.0001 0.0001 0.0001 0.0002 0.0004 0.0006 0.0010 0.0016 0.0025 0.0040 0.0063 0.0100 0.0159 0.0253 0.0402 0.0638 0.1011 0.1602 0.2538 0.4021 0.6360 1.0000 1.0000 1.0000 1.0000 1.0000 1.0000 1.0000 1.0000 1.0000 1.0000 0.0000 0.0000 0.0001 0.0001 0.0002 0.0003 0.0005 0.0007 0.0011 0.0016 0.0019 0.0016 0.0011 0.0007 0.0005 0.0003 0.0002 0.0001 0.0001 0.0000 0.0000 1.0000 1.0000 1.0000 1.0000 1.0000 1.0000 1.0000 1.0000 1.0000 1.0000 0.6360 0.4021 0.2538 0.1602 0.1011 0.0638 0.0402 0.0253 0.0159 0.0100 0.0063 0.0040 0.0025 0.0016 0.0010 0.0006 0.0004 0.0002 0.0001 0.0001 0.0001 0.0000 0.0000 1.0000 1.0000 1.0000 1.0000 1.0000 1.0000 1.0000
1.0000 1.0000 1.0000 1.0000 1.0000 1.0000 0.0000 0.0000 0.0001 0.0001 0.0001 0.0002 0.0004 0.0006 0.0010 0.0015 0.0025 0.0040 0.0063 0.0101 0.0160 0.0255 0.0406 0.0644 0.1023 0.1623 0.2572 0.4075 0.6457 1.0000 1.0000 1.0000 1.0000 1.0000 1.0000 1.0000 1.0000 1.0000 1.0000 0.0000 0.0000 0.0001 0.0001 0.0002 0.0003 0.0005 0.0008 0.0012 0.0018 0.0026 0.0031 0.0026 0.0018 0.0012 0.0008 0.0005 0.0003 0.0002 0.0001 0.0001 0.0000 0.0000 1.0000 1.0000 1.0000 1.0000 1.0000 1.0000 1.0000 1.0000 1.0000 1.0000 0.6457 0.4075 0.2572 0.1623 0.1023 0.0644 0.0406 0.0255 0.0160 0.0101 0.0063 0.0040 0.0025 0.0016 0.0010 0.0006 0.0004 0.0002 0.0001 0.0001 0.0001 0.0000 0.0000 1.0000 1.0000 1.0000 1.0000 1.0000 1.0000
1.0000 1.0000 1.0000 1.0000 1.0000 0.0000 0.0000 0.0001 0.0001 0.0001 0.0002 0.0004 0.0006 0.0010 0.0015 0.0025 0.0039 0.0063 0.0101 0.0160 0.0256 0.0407 0.0649 0.1032 0.1639 0.2602 0.4130 0.6544 1.0000 1.0000 1.0000 1.0000 1.0000 1.0000 1.0000 1.0000 1.0000 1.0000 0.0000 0.0000 0.0001 0.0001 0.0002 0.0003 0.0005 0.0008 0.0012 0.0019 0.0029 0.0042 0.0049 0.0042 0.0029 0.0019 0.0012 0.0008 0.0005 0.0003 0.0002 0.0001 0.0001 0.0000 0.0000 1.0000 1.0000 1.0000 1.0000 1.0000 1.0000 1.0000 1.0000 1.0000 1.0000 0.6544 0.4122 0.2602 0.1639 0.1032 0.0649 0.0407 0.0256 0.0160 0.0101 0.0063 0.0039 0.0025 0.0015 0.0010 0.0006 0.0004 0.0002 0.0001 0.0001 0.0001 0.0000 0.0000 1.0000 1.0000 1.0000 1.0000 1.0000
1.0000 1.0000 1.0000 1.0000 0.0000 0.0000 0.0001 0.0001 0.0001 0.0002 0.0004 0.0006 0.0010 0.0015 0.0024 0.0039 0.0063 0.0100 0.0160 0.0256 0.0408 0.0650 0.1036 0.1651 0.2621 0.4169 0.6619 1.0000 1.0000 1.0000 1.0000 1.0000 1.0000 1.0000 1.0000 1.0000 1.0000 0.0000 0.0000 0.0001 0.0001 0.0002 0.0003 0.0005 0.0008 0.0012 0.0019 0.0031 0.0047 0.0068 0.0079 0.0068 0.0047 0.0031 0.0019 0.0012 0.0008 0.0005 0.0003 0.0002 0.0001 0.0001 0.0000 0.0000 1.0000 1.0000 1.0000 1.0000 1.0000 1.0000 1.0000 1.0000 1.0000 1.0000 0.6619 0.4169 0.2621 0.1651 0.1036 0.0650 0.0408 0.0256 0.0160 0.0100 0.0063 0.0039 0.0024 0.0015 0.0010 0.0006 0.0004 0.0002 0.0001 0.0001 0.0001 0.0000 0.0000 1.0000 1.0000 1.0000 1.0000
1.0000 1.0000 1.0000 0.0000 0.0000 0.0001 0.0001 0.0001 0.0002 0.0004 0.0006 0.0009 0.0015 0.0024 0.0039 0.0062 0.0100 0.0159 0.0255 0.0407 0.0650 0.1038 0.1654 0.2636 0.4193 0.6669 1.0000 1.0000 1.0000 1.0000 1.0000 1.0000 1.0000 1.0000 1.0000 1.0000 0.0000 0.0001 0.0001 0.0001 0.0002 0.0003 0.0005 0.0008 0.0012 0.0020 0.0031 0.0049 0.0076 0.0108 0.0127 0.0108 0.0076 0.0049 0.0031 0.0020 0.0012 0.0008 0.0005 0.0003 0.0002 0.0001 0.0001 0.0001 0.0000 1.0000 1.0000 1.0000 1.0000 1.0000 1.0000 1.0000 1.0000 1.0000 1.0000 0.6669 0.4193 0.2636 0.1654 0.1038 0.0650 0.0407 0.0255 0.0159 0.0100 0.0062 0.0039 0.0024 0.0015 0.0009 0.0006 0.0004 0.0002 0.0001 0.0001 0.0001 0.0000 0.0000 1.0000 1.0000 1.0000
1.0000 1.0000 0.0000 0.0000 0.0001 0.0001 0.0001 0.0002 0.0004 0.0006 0.0009 0.0015 0.0024 0.0038 0.0061 0.0099 0.0158 0.0253 0.0406 0.0649 0.1036 0.1654 0.2641 0.4209 0.6707 1.0000 1.0000 1.0000 1.0000 1.0000 1.0000 1.0000 1.0000 1.0000 0.0000 0.0000 0.0001 0.0001 0.0001 0.0002 0.0003 0.0005 0.0008 0.0013 0.0020 0.0032 0.0050 0.0079 0.0122 0.0174 0.0205 0.0174 0.0122 0.0079 0.0050 0.0032 0.0020 0.0013 0.0008 0.0005 0.0003 0.0002 0.0001 0.0001 0.0001 0.0000 0.0000 1.0000 1.0000 1.0000 1.0000 1.0000 1.0000 1.0000 1.0000 1.0000 0.6707 0.4209 0.2641 0.1654 0.1036 0.0649 0.0406 0.0253 0.0158 0.0099 0.0061 0.0038 0.0024 0.0015 0.0009 0.0006 0.0004 0.0002 0.0001 0.0001 0.0001 0.0000 0.0000 1.0000 1.0000
1.0000 0.0000 0.0000 0.0001 0.0001 0.0001 0.0002 0.0004 0.0006 0.0009 0.0015 0.0023 0.0038 0.0061 0.0097 0.0156 0.0251 0.0402 0.0644 0.1030 0.1648 0.2636 0.4209 0.6707 1.0000 1.0000 1.0000 1.0000 1.0000 1.0000 1.0000 1.0000 1.0000 0.0000 0.0000 0.0001 0.0001 0.0001 0.0002 0.0003 0.0005 0.0008 0.0013 0.0020 0.0032 0.0051 0.0081 0.0127 0.0195 0.0280 0.0329 0.0280 0.0195 0.0127 0.0081 0.0051 0.0032 0.0020 0.0013 0.0008 0.0005 0.0003 0.0002 0.0001 0.0001 0.0001 0.0000 0.0000 1.0000 1.0000 1.0000 1.0000 1.0000 1.0000 1.0000 1.0000 1.0000 0.6720 0.4209 0.2636 0.1651 0.1032 0.0644 0.0402 0.0251 0.0156 0.0097 0.0061 0.0038 0.0023 0.0015 0.0009 0.0006 0.0004 0.0002 0.0001 0.0001 0.0001 0.0000 0.0000 1.0000
1.0000 0.0000 0.0001 0.0001 0.0001 0.0002 0.0003 0.0006 0.0009 0.0014 0.0023 0.0037 0.0060 0.0096 0.0154 0.0247 0.0397 0.0638 0.1023 0.1639 0.2621 0.4193 0.6707 1.0000 1.0000 1.0000 1.0000 1.0000 1.0000 1.0000 1.0000 1.0000 0.0000 0.0000 0.0001 0.0001 0.0001 0.0002 0.0003 0.0005 0.0008 0.0013 0.0021 0.0033 0.0052 0.0082 0.0130 0.0204 0.0314 0.0450 0.0529 0.0450 0.0314 0.0204 0.0130 0.0082 0.0052 0.0033 0.0021 0.0013 0.0008 0.0005 0.0003 0.0002 0.0001 0.0001 0.0001 0.0000 0.0000 1.0000 1.0000 1.0000 1.0000 1.0000 1.0000 1.0000 1.0000 1.0000 0.6707 0.4193 0.2621 0.1639 0.1023 0.0638 0.0397 0.0247 0.0154 0.0096 0.0060 0.0037 0.0023 0.0014 0.0009 0.0006 0.0003 0.0002 0.0001 0.0001 0.0001 0.0000 1.0000
0.0000 0.0001 0.0001 0.0001 0.0002 0.0003 0.0005 0.0009 0.0014 0.0023 0.0037 0.0059 0.0095 0.0152 0.0244 0.0392 0.0630 0.1011 0.1620 0.2602 0.4169 0.6669 1.0000 1.0000 1.0000 1.0000 1.0000 1.0000 1.0000 1.0000 1.0000 0.0000 0.0000 0.0001 0.0001 0.0001 0.0002 0.0003 0.0005 0.0008 0.0013 0.0021 0.0033 0.0053 0.0083 0.0132 0.0209 0.0328 0.0504 0.0723 0.0849 0.0723 0.0504 0.0328 0.0209 0.0132 0.0083 0.0053 0.0033 0.0021 0.0013 0.0008 0.0005 0.0003 0.0002 0.0001 0.0001 0.0001 0.0000 0.0000 1.0000 1.0000 1.0000 1.0000 1.0000 1.0000 1.0000 1.0000 1.0000 0.6669 0.4169 0.2602 0.1623 0.1011 0.0630 0.0392 0.0244 0.0152 0.0094 0.0059 0.0037 0.0023 0.0014 0.0009 0.0005 0.0003 0.0002 0.0001 0.0001 0.0001 0.0000
0.0001 0.0001 0.0001 0.0002 0.0003 0.0005 0.0009 0.0014 0.0022 0.0036 0.0058 0.0093 0.0150 0.0241 0.0386 0.0621 0.0998 0.1602 0.2572 0.4122 0.6619 1.0000 1.0000 1.0000 1.0000 1.0000 1.0000 1.0000 1.0000 1.0000 0.0000 0.0000 0.0001 0.0001 0.0001 0.0002 0.0003 0.0005 0.0009 0.0013 0.0021 0.0034 0.0053 0.0085 0.0134 0.0212 0.0335 0.0527 0.0811 0.1162 0.1365 0.1162 0.0811 0.0527 0.0335 0.0212 0.0134 0.0085 0.0053 0.0034 0.0021 0.0013 0.0009 0.0005 0.0003 0.0002 0.0001 0.0001 0.0001 0.0000 0.0000 1.0000 1.0000 1.0000 1.0000 1.0000 1.0000 1.0000 1.0000 1.0000 0.6619 0.4122 0.2572 0.1602 0.0998 0.0621 0.0386 0.0241 0.0150 0.0093 0.0058 0.0036 0.0022 0.0014 0.0009 0.0005 0.0003 0.0002 0.0001 0.0001 0.0001
0.0001 0.0001 0.0002 0.0003 0.0005 0.0009 0.0014 0.0022 0.0036 0.0057 0.0092 0.0147 0.0237 0.0380 0.0612 0.0983 0.1581 0.2538 0.4075 0.6544 1.0000 1.0000 1.0000 1.0000 1.0000 1.0000 1.0000 1.0000 1.0000 0.0000 0.0000 0.0001 0.0001 0.0001 0.0002 0.0003 0.0005 0.0009 0.0014 0.0022 0.0034 0.0054 0.0086 0.0136 0.0215 0.0341 0.0539 0.0847 0.1302 0.1865 0.2192 0.1865 0.1302 0.0847 0.0539 0.0341 0.0215 0.0136 0.0086 0.0054 0.0034 0.0022 0.0014 0.0009 0.0005 0.0003 0.0002 0.0001 0.0001 0.0001 0.0000 0.0000 1.0000 1.0000 1.0000 1.0000 1.0000 1.0000 1.0000 1.0000 1.0000 0.6544 0.4075 0.2538 0.1581 0.0983 0.0612 0.0380 0.0237 0.0147 0.0092 0.0057 0.0035 0.0022 0.0014 0.0009 0.0005 0.0003 0.0002 0.0001 0.0001
0.0001 0.0002 0.0003 0.0005 0.0008 0.0014 0.0022 0.0035 0.0056 0.0090 0.0145 0.0233 0.0375 0.0603 0.0968 0.1557 0.2500 0.4021 0.6457 1.0000 1.0000 1.0000 1.0000 1.0000 1.0000 1.0000 1.0000 1.0000 0.0000 0.0000 0.0001 0.0001 0.0001 0.0002 0.0003 0.0006 0.0009 0.0014 0.0022 0.0035 0.0055 0.0087 0.0138 0.0219 0.0346 0.0548 0.0867 0.1360 0.2094 0.3000 0.3520 0.3000 0.2094 0.1360 0.0865 0.0548 0.0346 0.0218 0.0138 0.0087 0.0055 0.0035 0.0022 0.0014 0.0009 0.0006 0.0003 0.0002 0.0001 0.0001 0.0001 0.0000 0.0000 1.0000 1.0000 1.0000 1.0000 1.0000 1.0000 1.0000 1.0000 1.0000 0.6457 0.4021 0.2500 0.1557 0.0968 0.0603 0.0375 0.0233 0.0145 0.0090 0.0056 0.0035 0.0022 0.0014 0.0008 0.0005 0.0003 0.0002 0.0001
0.0002 0.0003 0.0005 0.0008 0.0013 0.0021 0.0034 0.0055 0.0089 0.0143 0.0230 0.0369 0.0594 0.0953 0.1533 0.2462 0.3961 0.6360 1.0000 1.0000 1.0000 1.0000 1.0000 1.0000 1.0000 1.0000 1.0000 0.0000 0.0000 0.0001 0.0001 0.0001 0.0002 0.0003 0.0006 0.0009 0.0014 0.0022 0.0035 0.0056 0.0088 0.0140 0.0222 0.0351 0.0556 0.0880 0.1392 0.2188 0.3363 0.4818 0.5663 0.4818 0.3363 0.2188 0.1392 0.0880 0.0555 0.0351 0.0222 0.0140 0.0088 0.0056 0.0035 0.0022 0.0014 0.0009 0.0006 0.0003 0.0002 0.0001 0.0001 0.0001 0.0000 0.0000 1.0000 1.0000 1.0000 1.0000 1.0000 1.0000 1.0000 1.0000 1.0000 0.6360 0.3961 0.2462 0.1533 0.0953 0.0594 0.0369 0.0230 0.0143 0.0089 0.0055 0.0034 0.0021 0.0013 0.0008 0.0005 0.0003 0.0002
0.0003 0.0005 0.0008 0.0013 0.0021 0.0034 0.0054 0.0087 0.0141 0.0226 0.0363 0.0585 0.0939 0.1510 0.2429 0.3901 0.6264 1.0000 1.0000 1.0000 1.0000 1.0000 1.0000 1.0000 1.0000 1.0000 0.0000 0.0000 0.0001 0.0001 0.0001 0.0002 0.0004 0.0006 0.0009 0.0014 0.0022 0.0036 0.0057 0.0090 0.0142 0.0225 0.0357 0.0564 0.0893 0.1416 0.2234 0.3513 0.5400 0.7750 0.9093 0.7750 0.5400 0.3513 0.2234 0.1413 0.0893 0.0564 0.0357 0.0225 0.0142 0.0090 0.0056 0.0036 0.0022 0.0014 0.0009 0.0006 0.0004 0.0002 0.0001 0.0001 0.0001 0.0000 0.0000 1.0000 1.0000 1.0000 1.0000 1.0000 1.0000 1.0000 1.0000 1.0000 0.6264 0.3901 0.2429 0.1510 0.0939 0.0585 0.0363 0.0226 0.0141 0.0087 0.0054 0.0034 0.0021 0.0013 0.0008 0.0005 0.0003
0.0005 0.0008 0.0013 0.0021 0.0033 0.0054 0.0086 0.0139 0.0223 0.0358 0.0576 0.0925 0.1487 0.2393 0.3842 0.6181 0.9924 1.0000 1.0000 1.0000 1.0000 1.0000 1.0000 1.0000 1.0000 0.0000 0.0000 0.0001 0.0001 0.0001 0.0002 0.0004 0.0006 0.0009 0.0014 0.0023 0.0036 0.0057 0.0091 0.0144 0.0228 0.0361 0.0573 0.0907 0.1435 0.2273 0.3595 0.5641 0.8687 1.0000 1.0000 1.0000 0.8687 0.5641 0.3595 0.2273 0.1435 0.0907 0.0573 0.0361 0.0228 0.0144 0.0091 0.0057 0.0036 0.0023 0.0014 0.0009 0.0006 0.0004 0.0002 0.0001 0.0001 0.0001 0.0000 0.0000 1.0000 1.0000 1.0000 1.0000 1.0000 1.0000 1.0000 1.0000 0.9924 0.6181 0.3842 0.2393 0.1487 0.0925 0.0576 0.0358 0.0223 0.0139 0.0086 0.0054 0.0033 0.0021 0.0013 0.0008 0.0005
0.0008 0.0013 0.0020 0.0033 0.0053 0.0085 0.0136 0.0220 0.0353 0.0567 0.0911 0.1465 0.2357 0.3784 0.6087 0.9774 1.0000 1.0000 1.0000 1.0000 1.0000 1.0000 1.0000 1.0000 0.0000 0.0000 0.0001 0.0001 0.0001 0.0002 0.0004 0.0006 0.0009 0.0014 0.0023 0.0036 0.0058 0.0091 0.0145 0.0231 0.0365 0.0580 0.0919 0.1457 0.2308 0.3650 0.5772 0.9076 1.0000 1.0000 1.0000 1.0000 1.0000 0.9076 0.5772 0.3650 0.2308 0.1457 0.0919 0.0580 0.0365 0.0231 0.0145 0.0091 0.0058 0.0036 0.0023 0.0014 0.0009 0.0006 0.0004 0.0002 0.0001 0.0001 0.0001 0.0000 0.0000 1.0000 1.0000 1.0000 1.0000 1.0000 1.0000 1.0000 1.0000 0.9774 0.6087 0.3784 0.2357 0.1465 0.0911 0.0567 0.0353 0.0220 0.0136 0.0085 0.0053 0.0033 0.0020 0.0013 0.0008
0.0013 0.0020 0.0032 0.0052 0.0084 0.0134 0.0216 0.0347 0.0559 0.0897 0.1443 0.2321 0.3727 0.5995 0.9627 1.0000 1.0000 1.0000 1.0000 1.0000 1.0000 1.0000 1.0000 0.0000 0.0000 0.0001 0.0001 0.0001 0.0002 0.0003 0.0006 0.0009 0.0014 0.0023 0.0036 0.0058 0.0092 0.0146 0.0232 0.0369 0.0586 0.0930 0.1476 0.2339 0.3706 0.5871 0.9285 1.0000 1.0000 1.0000 1.0000 1.0000 1.0000 1.0000 0.9267 0.5871 0.3706 0.2339 0.1476 0.0930 0.0586 0.0369 0.0232 0.0146 0.0092 0.0058 0.0036 0.0023 0.0014 0.0009 0.0006 0.0003 0.0002 0.0001 0.0001 0.0001 0.0000 0.0000 1.0000 1.0000 1.0000 1.0000 1.0000 1.0000 1.0000 1.0000 0.9627 0.5995 0.3727 0.2321 0.1443 0.0897 0.0559 0.0347 0.0216 0.0134 0.0084 0.0052 0.0032 0.0020 0.0013
0.0020 0.0032 0.0051 0.0082 0.0132 0.0213 0.0342 0.0550 0.0883 0.1421 0.2286 0.3671 0.5905 0.9481 1.0000 1.0000 1.0000 1.0000 1.0000 1.0000 1.0000 1.0000 0.0000 0.0000 0.0001 0.0001 0.0001 0.0002 0.0003 0.0006 0.0009 0.0014 0.0023 0.0036 0.0058 0.0092 0.0147 0.0234 0.0372 0.0591 0.0939 0.1490 0.2366 0.3748 0.5950 0.9427 1.0000 1.0000 1.0000 1.0000 1.0000 1.0000 1.0000 1.0000 1.0000 0.9427 0.5950 0.3748 0.2366 0.1490 0.0939 0.0591 0.0372 0.0234 0.0147 0.0092 0.0058 0.0036 0.0023 0.0014 0.0009 0.0006 0.0003 0.0002 0.0001 0.0001 0.0001 0.0000 0.0000 1.0000 1.0000 1.0000 1.0000 1.0000 1.0000 1.0000 1.0000 0.9481 0.5905 0.3671 0.2286 0.1421 0.0883 0.0550 0.0342 0.0213 0.0132 0.0082 0.0051 0.0032 0.0020
0.0032 0.0050 0.0081 0.0130 0.0210 0.0337 0.0542 0.0870 0.1400 0.2251 0.3615 0.5816 0.9338 1.0000 1.0000 1.0000 1.0000 1.0000 1.0000 1.0000 1.0000 1.0000 0.0000 0.0001 0.0001 0.0001 0.0002 0.0003 0.0006 0.0009 0.0014 0.0023 0.0036 0.0058 0.0092 0.0147 0.0235 0.0374 0.0595 0.0946 0.1504 0.2388 0.3791 0.6018 0.9536 1.0000 1.0000 1.0000 1.0000 1.0000 1.0000 1.0000 1.0000 1.0000 1.0000 1.0000 0.9536 0.6018 0.3791 0.2388 0.1504 0.0946 0.0595 0.0374 0.0235 0.0147 0.0092 0.0058 0.0036 0.0023 0.0014 0.0009 0.0006 0.0003 0.0002 0.0001 0.0001 0.0001 0.0000 1.0000 1.0000 1.0000 1.0000 1.0000 1.0000 1.0000 1.0000 1.0000 0.9338 0.5816 0.3615 0.2251 0.1400 0.0870 0.0542 0.0337 0.0210 0.0130 0.0081 0.0050 0.0032
0.0050 0.0080 0.0128 0.0207 0.0332 0.0534 0.0857 0.1378 0.2217 0.3561 0.5728 0.9197 1.0000 1.0000 1.0000 1.0000 1.0000 1.0000 1.0000 1.0000 1.0000 0.0000 0.0001 0.0001 0.0001 0.0002 0.0003 0.0005 0.0009 0.0014 0.0022 0.0036 0.0057 0.0092 0.0147 0.0235 0.0374 0.0597 0.0949 0.1513 0.2406 0.3820 0.6076 0.9645 1.0000 1.0000 1.0000 1.0000 1.0000 1.0000 1.0000 1.0000 1.0000 1.0000 1.0000 1.0000 1.0000 0.9645 0.6076 0.3820 0.2406 0.1513 0.0949 0.0597 0.0374 0.0235 0.0147 0.0092 0.0058 0.0036 0.0022 0.0014 0.0009 0.0005 0.0003 0.0002 0.0001 0.0001 0.0001 0.0000 1.0000 1.0000 1.0000 1.0000 1.0000 1.0000 1.0000 1.0000 1.0000 0.9197 0.5728 0.3561 0.2217 0.1378 0.0857 0.0534 0.0332 0.0206 0.0128 0.0080 0.0050
0.0079 0.0126 0.0203 0.0327 0.0526 0.0844 0.1358 0.2184 0.3507 0.5641 0.9058 1.0000 1.0000 1.0000 1.0000 1.0000 1.0000 1.0000 1.0000 1.0000 0.0000 0.0001 0.0001 0.0001 0.0002 0.0003 0.0005 0.0009 0.0014 0.0022 0.0036 0.0057 0.0091 0.0146 0.0234 0.0373 0.0596 0.0951 0.1516 0.2416 0.3849 0.6122 0.9719 1.0000 1.0000 1.0000 1.0000 1.0000 1.0000 1.0000 1.0000 1.0000 1.0000 1.0000 1.0000 1.0000 1.0000 1.0000 0.9719 0.6122 0.3849 0.2416 0.1516 0.0951 0.0597 0.0374 0.0234 0.0146 0.0091 0.0057 0.0036 0.0022 0.0014 0.0009 0.0005 0.0003 0.0002 0.0001 0.0001 0.0001 0.0000 1.0000 1.0000 1.0000 1.0000 1.0000 1.0000 1.0000 1.0000 1.0000 0.9058 0.5641 0.3507 0.2184 0.1358 0.0844 0.0526 0.0326 0.0203 0.0126 0.0079
0.0126 0.0200 0.0322 0.0518 0.0831 0.1337 0.2151 0.3454 0.5556 0.8922 1.0000 1.0000 1.0000 1.0000 1.0000 1.0000 1.0000 1.0000 1.0000 0.0000 0.0000 0.0001 0.0001 0.0002 0.0003 0.0005 0.0009 0.0014 0.0022 0.0035 0.0056 0.0091 0.0145 0.0232 0.0372 0.0595 0.0949 0.1516 0.2420 0.3857 0.6146 0.9774 1.0000 1.0000 1.0000 1.0000 1.0000 1.0000 1.0000 1.0000 1.0000 1.0000 1.0000 1.0000 1.0000 1.0000 1.0000 1.0000 1.0000 0.9774 0.6146 0.3857 0.2420 0.1516 0.0949 0.0595 0.0372 0.0232 0.0145 0.0091 0.0056 0.0035 0.0022 0.0014 0.0009 0.0005 0.0003 0.0002 0.0001 0.0001 0.0000 0.0000 1.0000 1.0000 1.0000 1.0000 1.0000 1.0000 1.0000 1.0000 1.0000 0.8922 0.5556 0.3454 0.2151 0.1337 0.0831 0.0517 0.0321 0.0200 0.0126
0.0199 0.0316 0.0509 0.0819 0.1317 0.2119 0.3402 0.5472 0.8787 1.0000 1.0000 1.0000 1.0000 1.0000 1.0000 1.0000 1.0000 1.0000 0.0000 0.0000 0.0001 0.0001 0.0002 0.0003 0.0005 0.0008 0.0013 0.0022 0.0035 0.0056 0.0090 0.0144 0.0230 0.0369 0.0591 0.0946 0.1513 0.2416 0.3857 0.6157 0.9812 1.0000 1.0000 1.0000 1.0000 1.0000 1.0000 1.0000 1.0000 1.0000 1.0000 1.0000 1.0000 1.0000 1.0000 1.0000 1.0000 1.0000 1.0000 1.0000 0.9812 0.6157 0.3857 0.2416 0.1513 0.0946 0.0591 0.0369 0.0231 0.0144 0.0090 0.0056 0.0035 0.0022 0.0013 0.0008 0.0005 0.0003 0.0002 0.0001 0.0001 0.0000 0.0000 1.0000 1.0000 1.0000 1.0000 1.0000 1.0000 1.0000 1.0000 1.0000 0.8787 0.5472 0.3402 0.2119 0.1317 0.0817 0.0509 0.0316 0.0198
0.0314 0.0500 0.0806 0.1295 0.2087 0.3350 0.5390 0.8654 1.0000 1.0000 1.0000 1.0000 1.0000 1.0000 1.0000 1.0000 1.0000 0.0000 0.0000 0.0001 0.0001 0.0002 0.0003 0.0005 0.0008 0.0013 0.0021 0.0034 0.0055 0.0088 0.0142 0.0228 0.0365 0.0586 0.0939 0.1502 0.2406 0.3842 0.6146 0.9812 1.0000 1.0000 1.0000 1.0000 1.0000 1.0000 1.0000 1.0000 1.0000 0.0000 0.0000 0.0000 1.0000 1.0000 1.0000 1.0000 1.0000 1.0000 1.0000 1.0000 1.0000 0.9812 0.6146 0.3849 0.2406 0.1504 0.0939 0.0586 0.0365 0.0228 0.0142 0.0088 0.0055 0.0034 0.0021 0.0013 0.0008 0.0005 0.0003 0.0002 0.0001 0.0001 0.0000 0.0000 1.0000 1.0000 1.0000 1.0000 1.0000 1.0000 1.0000 1.0000 1.0000 0.8654 0.5390 0.3350 0.2083 0.1295 0.0805 0.0500 0.0314
0.0498 0.0793 0.1275 0.2051 0.3300 0.5308 0.8524 1.0000 1.0000 1.0000 1.0000 1.0000 1.0000 1.0000 1.0000 1.0000 0.0000 0.0000 0.0001 0.0001 0.0002 0.0003 0.0005 0.0008 0.0013 0.0021 0.0034 0.0054 0.0087 0.0140 0.0225 0.0361 0.0580 0.0930 0.1490 0.2388 0.3820 0.6111 0.9774 1.0000 1.0000 1.0000 1.0000 1.0000 1.0000 1.0000 1.0000 1.0000 0.0000 0.0000 0.0000 0.0000 0.0000 1.0000 1.0000 1.0000 1.0000 1.0000 1.0000 1.0000 1.0000 1.0000 0.9774 0.6122 0.3820 0.2388 0.1490 0.0930 0.0580 0.0361 0.0225 0.0140 0.0087 0.0054 0.0034 0.0021 0.0013 0.0008 0.0005 0.0003 0.0002 0.0001 0.0001 0.0000 0.0000 1.0000 1.0000 1.0000 1.0000 1.0000 1.0000 1.0000 1.0000 1.0000 0.8524 0.5308 0.3300 0.2047 0.1275 0.0791 0.0497
0.0788 0.1253 0.2016 0.3244 0.5228 0.8395 1.0000 1.0000 1.0000 1.0000 1.0000 1.0000 1.0000 1.0000 1.0000 0.0000 0.0000 0.0001 0.0001 0.0002 0.0003 0.0005 0.0008 0.0013 0.0021 0.0033 0.0053 0.0086 0.0138 0.0222 0.0357 0.0573 0.0919 0.1473 0.2366 0.3791 0.6076 0.9719 1.0000 1.0000 1.0000 1.0000 1.0000 1.0000 1.0000 1.0000 1.0000 0.0000 0.0000 0.0001 0.0001 0.0001 0.0000 0.0000 1.0000 1.0000 1.0000 1.0000 1.0000 1.0000 1.0000 1.0000 1.0000 0.9719 0.6076 0.3791 0.2366 0.1476 0.0919 0.0573 0.0357 0.0222 0.0138 0.0086 0.0053 0.0033 0.0021 0.0013 0.0008 0.0005 0.0003 0.0002 0.0001 0.0001 0.0000 0.0000 1.0000 1.0000 1.0000 1.0000 1.0000 1.0000 1.0000 1.0000 1.0000 0.8395 0.5218 0.3244 0.2016 0.1253 0.0788
0.1249 0.1986 0.3195 0.5139 0.8268 1.0000 1.0000 1.0000 1.0000 1.0000 1.0000 1.0000 1.0000 1.0000 0.0000 0.0000 0.0001 0.0001 0.0002 0.0003 0.0005 0.0008 0.0013 0.0020 0.0033 0.0053 0.0085 0.0136 0.0218 0.0351 0.0564 0.0907 0.1457 0.2339 0.3748 0.6007 0.9645 1.0000 1.0000 1.0000 1.0000 1.0000 1.0000 1.0000 1.0000 1.0000 0.0000 0.0000 0.0001 0.0001 0.0001 0.0001 0.0001 0.0000 0.0000 1.0000 1.0000 1.0000 1.0000 1.0000 1.0000 1.0000 1.0000 1.0000 0.9645 0.6018 0.3748 0.2339 0.1457 0.0907 0.0564 0.0351 0.0218 0.0136 0.0085 0.0053 0.0033 0.0020 0.0013 0.0008 0.0005 0.0003 0.0002 0.0001 0.0001 0.0000 0.0000 1.0000 1.0000 1.0000 1.0000 1.0000 1.0000 1.0000 1.0000 1.0000 0.8268 0.5139 0.3195 0.1982 0.1246
0.1975 0.3141 0.5052 0.8128 1.0000 1.0000 1.0000 1.0000 1.0000 1.0000 1.0000 1.0000 1.0000 0.0000 0.0000 0.0001 0.0001 0.0002 0.0003 0.0005 0.0008 0.0012 0.0020 0.0032 0.0052 0.0083 0.0134 0.0215 0.0346 0.0555 0.0893 0.1435 0.2308 0.3706 0.5939 0.9536 1.0000 1.0000 1.0000 1.0000 1.0000 1.0000 1.0000 1.0000 1.0000 0.0000 0.0000 0.0001 0.0001 0.0002 0.0002 0.0002 0.0001 0.0001 0.0000 0.0000 1.0000 1.0000 1.0000 1.0000 1.0000 1.0000 1.0000 1.0000 1.0000 0.9536 0.5950 0.3706 0.2308 0.1435 0.0893 0.0555 0.0346 0.0215 0.0134 0.0083 0.0052 0.0032 0.0020 0.0012 0.0008 0.0005 0.0003 0.0002 0.0001 0.0001 0.0000 0.0000 1.0000 1.0000 1.0000 1.0000 1.0000 1.0000 1.0000 1.0000 1.0000 0.8128 0.5052 0.3141 0.1971
0.3117 0.4967 0.7990 1.0000 1.0000 1.0000 1.0000 1.0000 1.0000 1.0000 1.0000 1.0000 0.0000 0.0000 0.0001 0.0001 0.0002 0.0003 0.0005 0.0008 0.0012 0.0020 0.0032 0.0051 0.0082 0.0132 0.0212 0.0341 0.0548 0.0880 0.1413 0.2273 0.3650 0.5860 0.9410 1.0000 1.0000 1.0000 1.0000 1.0000 1.0000 1.0000 1.0000 1.0000 0.0000 0.0000 0.0001 0.0001 0.0002 0.0003 0.0003 0.0003 0.0002 0.0001 0.0001 0.0000 0.0000 1.0000 1.0000 1.0000 1.0000 1.0000 1.0000 1.0000 1.0000 1.0000 0.9427 0.5871 0.3650 0.2273 0.1413 0.0880 0.0548 0.0341 0.0212 0.0132 0.0082 0.0051 0.0032 0.0020 0.0012 0.0008 0.0005 0.0003 0.0002 0.0001 0.0001 0.0000 0.0000 1.0000 1.0000 1.0000 1.0000 1.0000 1.0000 1.0000 1.0000 1.0000 0.7990 0.4967 0.3117
0.4920 0.7824 1.0000 1.0000 1.0000 1.0000 1.0000 1.0000 1.0000 1.0000 1.0000 0.0000 0.0000 0.0001 0.0001 0.0002 0.0003 0.0005 0.0008 0.0012 0.0019 0.0031 0.0050 0.0081 0.0130 0.0209 0.0335 0.0539 0.0865 0.1392 0.2234 0.3595 0.5772 0.9267 1.0000 1.0000 1.0000 1.0000 1.0000 1.0000 1.0000 1.0000 1.0000 0.0000 0.0000 0.0001 0.0001 0.0002 0.0003 0.0004 0.0005 0.0004 0.0003 0.0002 0.0001 0.0001 0.0000 0.0000 1.0000 1.0000 1.0000 1.0000 1.0000 1.0000 1.0000 1.0000 1.0000 0.9267 0.5772 0.3595 0.2234 0.1392 0.0865 0.0539 0.0335 0.0209 0.0130 0.0081 0.0050 0.0031 0.0019 0.0012 0.0008 0.0005 0.0003 0.0002 0.0001 0.0001 0.0000 0.0000 1.0000 1.0000 1.0000 1.0000 1.0000 1.0000 1.0000 1.0000 1.0000 0.7824 0.4920
0.7677 1.0000 1.0000 1.0000 1.0000 1.0000 1.0000 1.0000 1.0000 1.0000 0.0000 0.0000 0.0001 0.0001 0.0002 0.0003 0.0005 0.0007 0.0012 0.0019 0.0031 0.0049 0.0079 0.0127 0.0204 0.0328 0.0527 0.0847 0.1360 0.2188 0.3513 0.5641 0.9076 1.0000 1.0000 1.0000 1.0000 1.0000 1.0000 1.0000 1.0000 1.0000 0.0000 0.0000 0.0001 0.0001 0.0002 0.0003 0.0005 0.0007 0.0008 0.0007 0.0005 0.0003 0.0002 0.0001 0.0001 0.0000 0.0000 1.0000 1.0000 1.0000 1.0000 1.0000 1.0000 1.0000 1.0000 1.0000 0.9076 0.5641 0.3513 0.2184 0.1360 0.0847 0.0527 0.0328 0.0204 0.0127 0.0079 0.0049 0.0031 0.0019 0.0012 0.0007 0.0005 0.0003 0.0002 0.0001 0.0001 0.0000 0.0000 1.0000 1.0000 1.0000 1.0000 1.0000 1.0000 1.0000 1.0000 1.0000 0.7677
1.0000 1.0000 1.0000 1.0000 1.0000 1.0000 1.0000 1.0000 1.0000 0.0000 0.0000 0.0001 0.0001 0.0002 0.0003 0.0004 0.0007 0.0011 0.0018 0.0029 0.0047 0.0076 0.0122 0.0195 0.0314 0.0504 0.0811 0.1302 0.2094 0.3363 0.5400 0.8687 1.0000 1.0000 1.0000 1.0000 1.0000 1.0000 1.0000 1.0000 1.0000 0.0000 0.0000 0.0001 0.0001 0.0002 0.0003 0.0005 0.0008 0.0011 0.0013 0.0011 0.0008 0.0005 0.0003 0.0002 0.0001 0.0001 0.0000 0.0000 1.0000 1.0000 1.0000 1.0000 1.0000 1.0000 1.0000 1.0000 1.0000 0.8687 0.5400 0.3363 0.2094 0.1302 0.0811 0.0504 0.0314 0.0195 0.0122 0.0076 0.0047 0.0029 0.0018 0.0011 0.0007 0.0004 0.0003 0.0002 0.0001 0.0001 0.0000 0.0000 1.0000 1.0000 1.0000 1.0000 1.0000 1.0000 1.0000 1.0000 1.0000
1.0000 1.0000 1.0000 1.0000 1.0000 1.0000 1.0000 1.0000 0.0000 0.0000 0.0001 0.0001 0.0002 0.0002 0.0004 0.0006 0.0010 0.0016 0.0026 0.0042 0.0068 0.0108 0.0174 0.0280 0.0450 0.0723 0.1162 0.1865 0.3000 0.4818 0.7750 1.0000 1.0000 1.0000 1.0000 1.0000 1.0000 1.0000 1.0000 1.0000 0.0000 0.0000 0.0001 0.0001 0.0002 0.0003 0.0004 0.0007 0.0011 0.0016 0.0018 0.0016 0.0011 0.0007 0.0004 0.0003 0.0002 0.0001 0.0001 0.0000 0.0000 1.0000 1.0000 1.0000 1.0000 1.0000 1.0000 1.0000 1.0000 1.0000 0.7750 0.4818 0.3000 0.1865 0.1162 0.0723 0.0450 0.0280 0.0174 0.0108 0.0068 0.0042 0.0026 0.0016 0.0010 0.0006 0.0004 0.0002 0.0002 0.0001 0.0001 0.0000 0.0000 1.0000 1.0000 1.0000 1.0000 1.0000 1.0000 1.0000 1.0000
1.0000 1.0000 1.0000 1.0000 1.0000 1.0000 1.0000 1.0000 0.0000 0.0000 0.0001 0.0001 0.0002 0.0003 0.0005 0.0007 0.0012 0.0019 0.0031 0.0049 0.0079 0.0127 0.0205 0.0329 0.0529 0.0849 0.1365 0.2192 0.3520 0.5663 0.9093 1.0000 1.0000 1.0000 1.0000 1.0000 1.0000 1.0000 1.0000 1.0000 0.0000 0.0000 0.0001 0.0001 0.0002 0.0003 0.0005 0.0008 0.0013 0.0018 0.0021 0.0018 0.0013 0.0008 0.0005 0.0003 0.0002 0.0001 0.0001 0.0000 0.0000 1.0000 1.0000 1.0000 1.0000 1.0000 1.0000 1.0000 1.0000 1.0000 0.9093 0.5663 0.3520 0.2192 0.1365 0.0849 0.0529 0.0329 0.0205 0.0127 0.0079 0.0049 0.0031 0.0019 0.0012 0.0007 0.0005 0.0003 0.0002 0.0001 0.0001 0.0000 0.0000 1.0000 1.0000 1.0000 1.0000 1.0000 1.0000 1.0000 1.0000
1.0000 1.0000 1.0000 1.0000 1.0000 1.0000 1.0000 1.0000 0.0000 0.0000 0.0001 0.0001 0.0002 0.0002 0.0004 0.0006 0.0010 0.0016 0.0026 0.0042 0.0068 0.0108 0.0174 0.0280 0.0450 0.0723 0.1162 0.1865 0.3000 0.4818 0.7750 1.0000 1.0000 1.0000 1.0000 1.0000 1.0000 1.0000 1.0000 1.0000 0.0000 0.0000 0.0001 0.0001 0.0002 0.0003 0.0004 0.0007 0.0011 0.0016 0.0018 0.0016 0.0011 0.0007 0.0004 0.0003 0.0002 0.0001 0.0001 0.0000 0.0000 1.0000 1.0000 1.0000 1.0000 1.0000 1.0000 1.0000 1.0000 1.0000 0.7750 0.4818 0.3000 0.1865 0.1162 0.0723 0.0450 0.0280 0.0174 0.0108 0.0068 0.0042 0.0026 0.0016 0.0010 0.0006 0.0004 0.0002 0.0002 0.0001 0.0001 0.0000 0.0000 1.0000 1.0000 1.0000 1.0000 1.0000 1.0000 1.0000 1.0000
1.0000 1.0000 1.0000 1.0000 1.0000 1.0000 1.0000 1.0000 1.0000 0.0000 0.0000 0.0001 0.0001 0.0002 0.0003 0.0004 0.0007 0.0011 0.0018 0.0029 0.0047 0.0076 0.0122 0.0195 0.0314 0.0504 0.0811 0.1302 0.2094 0.3363 0.5400 0.8687 1.0000 1.0000 1.0000 1.0000 1.0000 1.0000 1.0000 1.0000 1.0000 0.0000 0.0000 0.0001 0.0001 0.0002 0.0003 0.0005 0.0008 0.0011 0.0013 0.0011 0.0008 0.0005 0.0003 0.0002 0.0001 0.0001 0.0000 0.0000 1.0000 1.0000 1.0000 1.0000 1.0000 1.0000 1.0000 1.0000 1.0000 0.8687 0.5400 0.3363 0.2094 0.1302 0.0811 0.0504 0.0314 0.0195 0.0122 0.0076 0.0047 0.0029 0.0018 0.0011 0.0007 0.0004 0.0003 0.0002 0.0001 0.0001 0.0000 0.0000 1.0000 1.0000 1.0000 1.0000 1.0000 1.0000 1.0000 1.0000 1.0000
0.7677 1.0000 1.0000 1.0000 1.0000 1.0000 1.0000 1.0000 1.0000 1.0000 0.0000 0.0000 0.0001 0.0001 0.0002 0.0003 0.0005 0.0007 0.0012 0.0019 0.0031 0.0049 0.0079 0.0127 0.0204 0.0328 0.0527 0.0847 0.1360 0.2188 0.3513 0.5641 0.9076 1.0000 1.0000 1.0000 1.0000 1.0000 1.0000 1.0000 1.0000 1.0000 0.0000 0.0000 0.0001 0.0001 0.0002 0.0003 0.0005 0.0007 0.0008 0.0007 0.0005 0.0003 0.0002 0.0001 0.0001 0.0000 0.0000 1.0000 1.0000 1.0000 1.0000 1.0000 1.0000 1.0000 1.0000 1.0000 0.9076 0.5641 0.3513 0.2184 0.1360 0.0847 0.0527 0.0328 0.0204 0.0127 0.0079 0.0049 0.0031 0.0019 0.0012 0.0007 0.0005 0.0003 0.0002 0.0001 0.0001 0.0000 0.0000 1.0000 1.0000 1.0000 1.0000 1.0000 1.0000 1.0000 1.0000 1.0000 0.7677
0.4920 0.7824 1.0000 1.0000 1.0000 1.0000 1.0000 1.0000 1.0000 1.0000 1.0000 0.0000 0.0000 0.0001 0.0001 0.0002 0.0003 0.0005 0.0008 0.0012 0.0019 0.0031 0.0050 0.0081 0.0130 0.0209 0.0335 0.0539 0.0867 0.1392 0.2234 0.3595 0.5772 0.9285 1.0000 1.0000 1.0000 1.0000 1.0000 1.0000 1.0000 1.0000 1.0000 0.0000 0.0000 0.0001 0.0001 0.0002 0.0003 0.0004 0.0005 0.0004 0.0003 0.0002 0.0001 0.0001 0.0000 0.0000 1.0000 1.0000 1.0000 1.0000 1.0000 1.0000 1.0000 1.0000 1.0000 0.9267 0.5772 0.3595 0.2234 0.1392 0.0865 0.0539 0.0335 0.0209 0.0130 0.0081 0.0050 0.0031 0.0019 0.0012 0.0008 0.0005 0.0003 0.0002 0.0001 0.0001 0.0000 0.0000 1.0000 1.0000 1.0000 1.0000 1.0000 1.0000 1.0000 1.0000 1.0000 0.7824 0.4920
0.3117 0.4967 0.7990 1.0000 1.0000 1.0000 1.0000 1.0000 1.0000 1.0000 1.0000 1.0000 0.0000 0.0000 0.0001 0.0001 0.0002 0.0003 0.0005 0.0008 0.0012 0.0020 0.0032 0.0051 0.0082 0.0132 0.0212 0.0341 0.0548 0.0880 0.1416 0.2273 0.3650 0.5871 0.9427 1.0000 1.0000 1.0000 1.0000 1.0000 1.0000 1.0000 1.0000 1.0000 0.0000 0.0000 0.0001 0.0001 0.0002 0.0003 0.0003 0.0003 0.0002 0.0001 0.0001 0.0000 0.0000 1.0000 1.0000 1.0000 1.0000 1.0000 1.0000 1.0000 1.0000 1.0000 0.9427 0.5871 0.3650 0.2273 0.1413 0.0880 0.0548 0.0341 0.0212 0.0132 0.0082 0.0051 0.0032 0.0020 0.0012 0.0008 0.0005 0.0003 0.0002 0.0001 0.0001 0.0000 0.0000 1.0000 1.0000 1.0000 1.0000 1.0000 1.0000 1.0000 1.0000 1.0000 0.7990 0.4967 0.3117
