0.4494 0.4091 0.3702 0.3213 0.2635 0.2040 0.1666 0.1509 0.1427 0.1379 0.1354 0.1349 0.1362 0.1392 0.1441 0.1509 0.1599 0.1711 0.1848 0.2013 0.2209 0.2439 0.2705 0.3010 0.3350 0.3721 0.4102 0.4454 0.4707 0.4818 0.4815 0.4726 0.4561 0.4319 0.3993 0.3574 0.3057 0.2461 0.1901 0.1608 0.1481 0.1410 0.1370 0.1351 0.1351 0.1369 0.1404 0.1455 0.1519 0.1581 0.1609 0.1581 0.1519 0.1455 0.1404 0.1369 0.1351 0.1351 0.1370 0.1410 0.1481 0.1608 0.1901 0.2461 0.3058 0.3575 0.3993 0.4320 0.4562 0.4726 0.4815 0.4818 0.4707 0.4454 0.4101 0.3720 0.3350 0.3009 0.2705 0.2439 0.2209 0.2013 0.1848 0.1711 0.1599 0.1509 0.1441 0.1392 0.1362 0.1349 0.1354 0.1379 0.1427 0.1509 0.1666 0.2040 0.2635 0.3213 0.3702 0.4091 0.4494
0.4091 0.3623 0.3148 0.2585 0.2007 0.1645 0.1497 0.1421 0.1377 0.1355 0.1353 0.1368 0.1401 0.1452 0.1523 0.1614 0.1729 0.1869 0.2036 0.2234 0.2466 0.2733 0.3035 0.3371 0.3731 0.4094 0.4415 0.4631 0.4717 0.4705 0.4615 0.4453 0.4216 0.3899 0.3493 0.2992 0.2414 0.1872 0.1588 0.1471 0.1406 0.1368 0.1353 0.1355 0.1375 0.1413 0.1469 0.1543 0.1629 0.1710 0.1748 0.1710 0.1629 0.1543 0.1469 0.1413 0.1375 0.1355 0.1353 0.1368 0.1406 0.1471 0.1588 0.1872 0.2415 0.2993 0.3493 0.3900 0.4217 0.4453 0.4615 0.4705 0.4717 0.4630 0.4415 0.4093 0.3731 0.3371 0.3035 0.2733 0.2466 0.2234 0.2036 0.1869 0.1729 0.1614 0.1523 0.1452 0.1401 0.1368 0.1353 0.1355 0.1377 0.1421 0.1497 0.1645 0.2007 0.2585 0.3148 0.3623 0.4091
0.3702 0.3148 0.2578 0.1997 0.1639 0.1494 0.1419 0.1376 0.1355 0.1353 0.1369 0.1402 0.1454 0.1525 0.1618 0.1733 0.1874 0.2042 0.2242 0.2474 0.2742 0.3046 0.3383 0.3744 0.4106 0.4425 0.4636 0.4718 0.4703 0.4611 0.4446 0.4207 0.3887 0.3478 0.2974 0.2394 0.1857 0.1583 0.1468 0.1404 0.1368 0.1352 0.1356 0.1376 0.1415 0.1472 0.1549 0.1644 0.1753 0.1855 0.1901 0.1854 0.1753 0.1644 0.1549 0.1472 0.1415 0.1376 0.1356 0.1352 0.1368 0.1404 0.1468 0.1583 0.1857 0.2394 0.2974 0.3477 0.3887 0.4207 0.4446 0.4611 0.4703 0.4718 0.4635 0.4424 0.4105 0.3743 0.3383 0.3046 0.2742 0.2474 0.2242 0.2042 0.1874 0.1733 0.1618 0.1525 0.1454 0.1402 0.1369 0.1353 0.1355 0.1376 0.1419 0.1494 0.1639 0.1997 0.2578 0.3148 0.3702
0.3213 0.2585 0.1997 0.1637 0.1492 0.1418 0.1375 0.1354 0.1353 0.1369 0.1404 0.1456 0.1528 0.1621 0.1737 0.1879 0.2049 0.2249 0.2483 0.2752 0.3057 0.3395 0.3756 0.4118 0.4434 0.4640 0.4719 0.4701 0.4606 0.4439 0.4197 0.3874 0.3462 0.2955 0.2374 0.1843 0.1577 0.1465 0.1402 0.1367 0.1352 0.1356 0.1378 0.1417 0.1475 0.1553 0.1651 0.1771 0.1905 0.2029 0.2087 0.2029 0.1904 0.1770 0.1651 0.1553 0.1475 0.1417 0.1378 0.1356 0.1352 0.1367 0.1402 0.1465 0.1577 0.1843 0.2373 0.2954 0.3461 0.3874 0.4198 0.4439 0.4606 0.4701 0.4719 0.4640 0.4434 0.4117 0.3756 0.3395 0.3057 0.2752 0.2483 0.2249 0.2049 0.1879 0.1737 0.1621 0.1528 0.1456 0.1404 0.1369 0.1353 0.1354 0.1375 0.1418 0.1492 0.1637 0.1997 0.2585 0.3213
0.2635 0.2007 0.1639 0.1492 0.1417 0.1374 0.1354 0.1353 0.1370 0.1405 0.1458 0.1531 0.1625 0.1742 0.1884 0.2055 0.2256 0.2491 0.2762 0.3068 0.3407 0.3769 0.4130 0.4443 0.4645 0.4720 0.4699 0.4602 0.4432 0.4188 0.3862 0.3446 0.2936 0.2354 0.1830 0.1572 0.1463 0.1401 0.1366 0.1352 0.1356 0.1379 0.1419 0.1477 0.1556 0.1656 0.1779 0.1925 0.2087 0.2236 0.2305 0.2236 0.2087 0.1925 0.1779 0.1656 0.1556 0.1477 0.1419 0.1379 0.1356 0.1352 0.1366 0.1401 0.1462 0.1571 0.1829 0.2352 0.2935 0.3446 0.3862 0.4188 0.4432 0.4602 0.4699 0.4720 0.4645 0.4443 0.4129 0.3768 0.3407 0.3068 0.2762 0.2491 0.2256 0.2055 0.1884 0.1742 0.1625 0.1531 0.1458 0.1405 0.1370 0.1353 0.1354 0.1374 0.1417 0.1492 0.1639 0.2007 0.2635
0.2040 0.1645 0.1494 0.1418 0.1374 0.1354 0.1353 0.1371 0.1406 0.1460 0.1533 0.1628 0.1746 0.1889 0.2061 0.2264 0.2500 0.2771 0.3079 0.3419 0.3781 0.4141 0.4452 0.4649 0.4720 0.4697 0.4597 0.4425 0.4178 0.3849 0.3430 0.2917 0.2334 0.1817 0.1567 0.1460 0.1399 0.1365 0.1352 0.1357 0.1380 0.1420 0.1480 0.1559 0.1660 0.1785 0.1935 0.2111 0.2303 0.2480 0.2561 0.2480 0.2303 0.2111 0.1935 0.1785 0.1660 0.1559 0.1480 0.1420 0.1380 0.1357 0.1352 0.1365 0.1399 0.1460 0.1566 0.1816 0.2333 0.2917 0.3430 0.3850 0.4179 0.4426 0.4597 0.4697 0.4720 0.4649 0.4452 0.4141 0.3781 0.3419 0.3079 0.2771 0.2500 0.2264 0.2061 0.1889 0.1746 0.1628 0.1533 0.1460 0.1406 0.1371 0.1353 0.1354 0.1374 0.1418 0.1494 0.1645 0.2040
0.1666 0.1497 0.1419 0.1375 0.1354 0.1353 0.1371 0.1406 0.1461 0.1535 0.1631 0.1750 0.1894 0.2067 0.2271 0.2508 0.2781 0.3090 0.3431 0.3793 0.4153 0.4461 0.4654 0.4721 0.4695 0.4593 0.4418 0.4168 0.3837 0.3415 0.2898 0.2313 0.1804 0.1562 0.1457 0.1398 0.1364 0.1352 0.1357 0.1381 0.1422 0.1482 0.1562 0.1664 0.1790 0.1942 0.2122 0.2330 0.2556 0.2761 0.2856 0.2761 0.2556 0.2330 0.2122 0.1942 0.1790 0.1664 0.1562 0.1482 0.1422 0.1381 0.1357 0.1352 0.1364 0.1397 0.1457 0.1561 0.1804 0.2313 0.2898 0.3415 0.3837 0.4169 0.4419 0.4593 0.4695 0.4721 0.4654 0.4461 0.4153 0.3793 0.3431 0.3090 0.2781 0.2508 0.2271 0.2067 0.1894 0.1750 0.1631 0.1535 0.1461 0.1406 0.1371 0.1353 0.1354 0.1375 0.1419 0.1497 0.1666
0.1509 0.1421 0.1376 0.1354 0.1353 0.1371 0.1406 0.1461 0.1536 0.1632 0.1752 0.1898 0.2072 0.2277 0.2516 0.2791 0.3101 0.3443 0.3805 0.4164 0.4470 0.4658 0.4721 0.4692 0.4588 0.4411 0.4159 0.3824 0.3399 0.2879 0.2293 0.1792 0.1557 0.1455 0.1396 0.1364 0.1352 0.1358 0.1382 0.1424 0.1484 0.1565 0.1668 0.1795 0.1948 0.2130 0.2344 0.2586 0.2847 0.3082 0.3190 0.3082 0.2847 0.2586 0.2344 0.2131 0.1949 0.1795 0.1668 0.1565 0.1484 0.1424 0.1382 0.1358 0.1352 0.1364 0.1396 0.1455 0.1556 0.1792 0.2293 0.2880 0.3399 0.3825 0.4160 0.4412 0.4588 0.4693 0.4721 0.4658 0.4469 0.4164 0.3805 0.3443 0.3101 0.2791 0.2516 0.2277 0.2072 0.1898 0.1752 0.1632 0.1536 0.1461 0.1406 0.1371 0.1353 0.1354 0.1376 0.1421 0.1509
0.1427 0.1377 0.1355 0.1353 0.1370 0.1406 0.1461 0.1536 0.1633 0.1754 0.1900 0.2076 0.2282 0.2523 0.2799 0.3111 0.3454 0.3818 0.4176 0.4478 0.4662 0.4722 0.4690 0.4583 0.4404 0.4149 0.3812 0.3383 0.2860 0.2273 0.1780 0.1552 0.1452 0.1395 0.1363 0.1352 0.1358 0.1383 0.1425 0.1487 0.1568 0.1672 0.1799 0.1954 0.2137 0.2353 0.2601 0.2881 0.3176 0.3438 0.3556 0.3438 0.3176 0.2881 0.2602 0.2353 0.2138 0.1954 0.1800 0.1672 0.1569 0.1487 0.1426 0.1383 0.1358 0.1352 0.1363 0.1394 0.1452 0.1552 0.1780 0.2274 0.2861 0.3384 0.3812 0.4150 0.4404 0.4583 0.4690 0.4722 0.4662 0.4478 0.4176 0.3818 0.3454 0.3111 0.2799 0.2523 0.2282 0.2076 0.1900 0.1754 0.1633 0.1536 0.1461 0.1406 0.1370 0.1353 0.1355 0.1377 0.1427
0.1379 0.1355 0.1353 0.1369 0.1405 0.1460 0.1535 0.1632 0.1754 0.1901 0.2078 0.2286 0.2528 0.2806 0.3119 0.3464 0.3829 0.4187 0.4486 0.4666 0.4722 0.4688 0.4578 0.4396 0.4139 0.3799 0.3367 0.2841 0.2253 0.1768 0.1547 0.1450 0.1393 0.1362 0.1351 0.1359 0.1384 0.1427 0.1489 0.1571 0.1676 0.1804 0.1959 0.2144 0.2361 0.2612 0.2898 0.3213 0.3538 0.3816 0.3939 0.3816 0.3538 0.3213 0.2898 0.2612 0.2361 0.2144 0.1960 0.1805 0.1676 0.1572 0.1489 0.1427 0.1384 0.1359 0.1351 0.1362 0.1393 0.1450 0.1547 0.1768 0.2254 0.2842 0.3368 0.3799 0.4139 0.4397 0.4579 0.4688 0.4722 0.4666 0.4486 0.4187 0.3829 0.3464 0.3119 0.2806 0.2528 0.2286 0.2078 0.1901 0.1754 0.1632 0.1535 0.1460 0.1405 0.1369 0.1353 0.1355 0.1379
0.1354 0.1353 0.1369 0.1404 0.1458 0.1533 0.1631 0.1752 0.1900 0.2078 0.2287 0.2530 0.2810 0.3125 0.3472 0.3838 0.4196 0.4494 0.4669 0.4722 0.4685 0.4573 0.4389 0.4129 0.3786 0.3351 0.2823 0.2234 0.1757 0.1543 0.1447 0.1392 0.1362 0.1351 0.1359 0.1385 0.1429 0.1491 0.1574 0.1679 0.1809 0.1965 0.2150 0.2368 0.2621 0.2909 0.3231 0.3576 0.3917 0.4190 0.4302 0.4190 0.3917 0.3577 0.3232 0.2910 0.2622 0.2369 0.2151 0.1966 0.1809 0.1680 0.1575 0.1492 0.1429 0.1385 0.1360 0.1351 0.1361 0.1392 0.1447 0.1543 0.1757 0.2235 0.2824 0.3352 0.3786 0.4129 0.4389 0.4574 0.4685 0.4722 0.4669 0.4494 0.4196 0.3838 0.3472 0.3125 0.2810 0.2530 0.2287 0.2078 0.1900 0.1752 0.1631 0.1533 0.1458 0.1404 0.1369 0.1353 0.1354
0.1349 0.1368 0.1402 0.1456 0.1531 0.1628 0.1750 0.1898 0.2076 0.2286 0.2530 0.2811 0.3128 0.3477 0.3844 0.4203 0.4500 0.4672 0.4722 0.4683 0.4569 0.4382 0.4119 0.3773 0.3335 0.2804 0.2215 0.1746 0.1538 0.1445 0.1390 0.1361 0.1351 0.1360 0.1386 0.1431 0.1494 0.1577 0.1683 0.1813 0.1971 0.2157 0.2376 0.2630 0.2920 0.3244 0.3595 0.3955 0.4278 0.4499 0.4574 0.4499 0.4279 0.3955 0.3596 0.3245 0.2921 0.2631 0.2377 0.2158 0.1971 0.1814 0.1684 0.1578 0.1494 0.1431 0.1386 0.1360 0.1351 0.1361 0.1390 0.1445 0.1538 0.1746 0.2216 0.2805 0.3336 0.3773 0.4119 0.4382 0.4569 0.4683 0.4722 0.4672 0.4500 0.4203 0.3844 0.3477 0.3128 0.2811 0.2530 0.2286 0.2076 0.1898 0.1750 0.1628 0.1531 0.1456 0.1402 0.1368 0.1349
0.1362 0.1401 0.1454 0.1528 0.1625 0.1746 0.1894 0.2072 0.2282 0.2528 0.2810 0.3128 0.3478 0.3847 0.4207 0.4504 0.4674 0.4722 0.4681 0.4564 0.4375 0.4109 0.3760 0.3318 0.2784 0.2195 0.1735 0.1534 0.1443 0.1389 0.1360 0.1351 0.1361 0.1387 0.1432 0.1496 0.1581 0.1687 0.1818 0.1976 0.2164 0.2384 0.2639 0.2930 0.3255 0.3609 0.3973 0.4310 0.4557 0.4676 0.4703 0.4676 0.4558 0.4311 0.3974 0.3610 0.3257 0.2931 0.2640 0.2385 0.2165 0.1977 0.1819 0.1688 0.1581 0.1496 0.1433 0.1388 0.1361 0.1351 0.1360 0.1389 0.1443 0.1534 0.1736 0.2196 0.2785 0.3319 0.3760 0.4109 0.4375 0.4564 0.4681 0.4722 0.4674 0.4504 0.4207 0.3847 0.3478 0.3128 0.2810 0.2528 0.2282 0.2072 0.1894 0.1746 0.1625 0.1528 0.1454 0.1401 0.1362
0.1392 0.1452 0.1525 0.1621 0.1742 0.1889 0.2067 0.2277 0.2523 0.2806 0.3125 0.3477 0.3847 0.4209 0.4505 0.4675 0.4722 0.4679 0.4561 0.4369 0.4101 0.3748 0.3303 0.2766 0.2176 0.1725 0.1530 0.1440 0.1388 0.1360 0.1351 0.1361 0.1389 0.1434 0.1499 0.1584 0.1691 0.1823 0.1982 0.2171 0.2392 0.2648 0.2940 0.3267 0.3621 0.3986 0.4326 0.4577 0.4697 0.4722 0.4715 0.4722 0.4698 0.4577 0.4327 0.3988 0.3622 0.3268 0.2941 0.2649 0.2393 0.2171 0.1983 0.1823 0.1692 0.1584 0.1499 0.1434 0.1389 0.1361 0.1351 0.1360 0.1388 0.1440 0.1530 0.1726 0.2177 0.2766 0.3304 0.3748 0.4101 0.4369 0.4561 0.4679 0.4722 0.4675 0.4505 0.4209 0.3847 0.3477 0.3125 0.2806 0.2523 0.2277 0.2067 0.1889 0.1742 0.1621 0.1525 0.1452 0.1392
0.1441 0.1523 0.1618 0.1737 0.1884 0.2061 0.2271 0.2516 0.2799 0.3119 0.3472 0.3844 0.4207 0.4505 0.4676 0.4722 0.4678 0.4559 0.4365 0.4093 0.3738 0.3289 0.2748 0.2158 0.1716 0.1526 0.1438 0.1386 0.1359 0.1351 0.1362 0.1390 0.1436 0.1501 0.1587 0.1695 0.1828 0.1988 0.2177 0.2400 0.2657 0.2950 0.3278 0.3633 0.3999 0.4337 0.4586 0.4704 0.4718 0.4674 0.4639 0.4674 0.4718 0.4704 0.4587 0.4338 0.4000 0.3634 0.3279 0.2951 0.2658 0.2401 0.2178 0.1988 0.1828 0.1695 0.1587 0.1501 0.1436 0.1390 0.1362 0.1351 0.1359 0.1386 0.1438 0.1526 0.1716 0.2159 0.2749 0.3289 0.3738 0.4093 0.4365 0.4559 0.4678 0.4722 0.4676 0.4505 0.4207 0.3844 0.3472 0.3119 0.2799 0.2516 0.2271 0.2061 0.1884 0.1737 0.1618 0.1523 0.1441
0.1509 0.1614 0.1733 0.1879 0.2055 0.2263 0.2508 0.2790 0.3111 0.3464 0.3838 0.4203 0.4503 0.4675 0.4722 0.4678 0.4557 0.4362 0.4089 0.3730 0.3278 0.2734 0.2142 0.1707 0.1523 0.1436 0.1385 0.1359 0.1352 0.1363 0.1391 0.1438 0.1504 0.1590 0.1699 0.1833 0.1994 0.2184 0.2408 0.2666 0.2961 0.3289 0.3645 0.4010 0.4347 0.4593 0.4707 0.4715 0.4651 0.4547 0.4486 0.4547 0.4651 0.4715 0.4707 0.4593 0.4348 0.4012 0.3646 0.3290 0.2961 0.2667 0.2408 0.2185 0.1994 0.1833 0.1699 0.1590 0.1504 0.1438 0.1391 0.1363 0.1352 0.1359 0.1385 0.1436 0.1523 0.1707 0.2143 0.2734 0.3278 0.3730 0.4089 0.4362 0.4557 0.4678 0.4722 0.4675 0.4504 0.4203 0.3838 0.3464 0.3111 0.2791 0.2508 0.2264 0.2055 0.1879 0.1733 0.1614 0.1509
0.1598 0.1729 0.1874 0.2049 0.2256 0.2500 0.2781 0.3100 0.3454 0.3829 0.4196 0.4499 0.4674 0.4722 0.4678 0.4557 0.4362 0.4087 0.3726 0.3271 0.2723 0.2130 0.1700 0.1520 0.1434 0.1384 0.1358 0.1352 0.1363 0.1392 0.1440 0.1506 0.1594 0.1703 0.1838 0.1999 0.2191 0.2416 0.2675 0.2971 0.3301 0.3657 0.4022 0.4357 0.4599 0.4709 0.4714 0.4641 0.4505 0.4342 0.4254 0.4342 0.4505 0.4641 0.4714 0.4709 0.4599 0.4358 0.4023 0.3658 0.3301 0.2972 0.2676 0.2416 0.2192 0.2000 0.1838 0.1703 0.1594 0.1506 0.1440 0.1392 0.1363 0.1352 0.1358 0.1384 0.1434 0.1520 0.1700 0.2130 0.2723 0.3271 0.3726 0.4087 0.4361 0.4557 0.4678 0.4722 0.4674 0.4500 0.4196 0.3829 0.3454 0.3101 0.2781 0.2500 0.2256 0.2049 0.1874 0.1729 0.1599
0.1710 0.1869 0.2042 0.2249 0.2491 0.2771 0.3090 0.3442 0.3817 0.4186 0.4494 0.4672 0.4722 0.4679 0.4558 0.4362 0.4087 0.3725 0.3267 0.2717 0.2122 0.1695 0.1517 0.1432 0.1383 0.1358 0.1352 0.1364 0.1394 0.1442 0.1509 0.1597 0.1707 0.1843 0.2005 0.2198 0.2424 0.2685 0.2981 0.3312 0.3669 0.4034 0.4367 0.4604 0.4710 0.4712 0.4635 0.4488 0.4281 0.4056 0.3937 0.4055 0.4281 0.4488 0.4635 0.4712 0.4710 0.4604 0.4367 0.4035 0.3670 0.3313 0.2982 0.2685 0.2424 0.2198 0.2005 0.1843 0.1707 0.1597 0.1509 0.1442 0.1394 0.1364 0.1352 0.1358 0.1383 0.1432 0.1517 0.1695 0.2122 0.2717 0.3267 0.3724 0.4087 0.4362 0.4559 0.4679 0.4722 0.4672 0.4494 0.4187 0.3818 0.3443 0.3090 0.2771 0.2491 0.2249 0.2042 0.1869 0.1711
0.1848 0.2036 0.2242 0.2483 0.2762 0.3079 0.3431 0.3805 0.4176 0.4486 0.4669 0.4722 0.4681 0.4561 0.4365 0.4089 0.3726 0.3267 0.2715 0.2118 0.1692 0.1516 0.1431 0.1382 0.1357 0.1352 0.1364 0.1395 0.1443 0.1511 0.1600 0.1711 0.1848 0.2011 0.2205 0.2432 0.2694 0.2992 0.3324 0.3681 0.4046 0.4377 0.4610 0.4712 0.4711 0.4631 0.4479 0.4257 0.3973 0.3678 0.3526 0.3678 0.3973 0.4257 0.4479 0.4631 0.4711 0.4712 0.4610 0.4377 0.4046 0.3682 0.3324 0.2992 0.2694 0.2432 0.2205 0.2011 0.1847 0.1711 0.1600 0.1511 0.1443 0.1395 0.1364 0.1352 0.1357 0.1382 0.1431 0.1516 0.1692 0.2118 0.2715 0.3267 0.3726 0.4089 0.4365 0.4561 0.4681 0.4722 0.4669 0.4486 0.4176 0.3805 0.3431 0.3079 0.2762 0.2483 0.2242 0.2036 0.1848
0.2013 0.2235 0.2475 0.2752 0.3068 0.3419 0.3794 0.4165 0.4478 0.4666 0.4722 0.4683 0.4564 0.4369 0.4094 0.3730 0.3271 0.2717 0.2118 0.1691 0.1515 0.1431 0.1382 0.1357 0.1352 0.1365 0.1396 0.1445 0.1514 0.1603 0.1715 0.1852 0.2017 0.2212 0.2440 0.2703 0.3002 0.3335 0.3693 0.4058 0.4387 0.4615 0.4713 0.4709 0.4627 0.4472 0.4244 0.3941 0.3572 0.3202 0.3016 0.3202 0.3572 0.3941 0.4244 0.4472 0.4627 0.4709 0.4713 0.4615 0.4386 0.4058 0.3693 0.3335 0.3002 0.2703 0.2440 0.2212 0.2017 0.1852 0.1715 0.1603 0.1514 0.1445 0.1396 0.1365 0.1352 0.1357 0.1382 0.1431 0.1515 0.1691 0.2118 0.2717 0.3271 0.3730 0.4093 0.4369 0.4564 0.4683 0.4722 0.4666 0.4478 0.4164 0.3793 0.3419 0.3068 0.2752 0.2474 0.2234 0.2013
0.2209 0.2466 0.2742 0.3058 0.3408 0.3781 0.4153 0.4470 0.4662 0.4722 0.4685 0.4569 0.4375 0.4101 0.3738 0.3278 0.2723 0.2122 0.1692 0.1515 0.1430 0.1381 0.1357 0.1352 0.1365 0.1397 0.1447 0.1516 0.1606 0.1719 0.1857 0.2023 0.2219 0.2448 0.2712 0.3012 0.3347 0.3706 0.4069 0.4396 0.4620 0.4715 0.4708 0.4623 0.4466 0.4234 0.3924 0.3531 0.3072 0.2632 0.2425 0.2632 0.3072 0.3531 0.3924 0.4235 0.4466 0.4623 0.4708 0.4714 0.4620 0.4396 0.4069 0.3705 0.3346 0.3012 0.2712 0.2448 0.2219 0.2023 0.1857 0.1719 0.1606 0.1516 0.1447 0.1397 0.1365 0.1352 0.1357 0.1381 0.1430 0.1515 0.1692 0.2122 0.2723 0.3278 0.3738 0.4101 0.4375 0.4569 0.4685 0.4722 0.4662 0.4469 0.4153 0.3781 0.3407 0.3057 0.2742 0.2466 0.2209
0.2439 0.2733 0.3046 0.3396 0.3769 0.4142 0.4461 0.4658 0.4722 0.4688 0.4574 0.4382 0.4110 0.3748 0.3289 0.2734 0.2131 0.1695 0.1516 0.1431 0.1381 0.1357 0.1352 0.1366 0.1397 0.1448 0.1517 0.1608 0.1722 0.1861 0.2028 0.2225 0.2456 0.2721 0.3023 0.3358 0.3717 0.4081 0.4405 0.4625 0.4716 0.4706 0.4619 0.4460 0.4226 0.3911 0.3509 0.3021 0.2484 0.2040 0.1876 0.2040 0.2484 0.3021 0.3510 0.3911 0.4226 0.4460 0.4619 0.4706 0.4716 0.4625 0.4405 0.4081 0.3717 0.3357 0.3023 0.2721 0.2456 0.2225 0.2028 0.1861 0.1722 0.1608 0.1517 0.1448 0.1397 0.1366 0.1352 0.1357 0.1381 0.1431 0.1516 0.1695 0.2130 0.2734 0.3289 0.3748 0.4109 0.4382 0.4574 0.4688 0.4722 0.4658 0.4461 0.4141 0.3768 0.3395 0.3046 0.2733 0.2439
0.2705 0.3035 0.3383 0.3757 0.4130 0.4453 0.4654 0.4721 0.4690 0.4578 0.4389 0.4119 0.3760 0.3304 0.2749 0.2143 0.1700 0.1517 0.1431 0.1382 0.1357 0.1352 0.1366 0.1398 0.1448 0.1519 0.1610 0.1725 0.1865 0.2033 0.2231 0.2463 0.2730 0.3033 0.3369 0.3729 0.4092 0.4414 0.4630 0.4717 0.4705 0.4615 0.4453 0.4217 0.3899 0.3493 0.2994 0.2426 0.1912 0.1655 0.1591 0.1655 0.1912 0.2426 0.2995 0.3493 0.3900 0.4217 0.4453 0.4615 0.4705 0.4717 0.4630 0.4414 0.4092 0.3729 0.3369 0.3033 0.2730 0.2463 0.2231 0.2033 0.1865 0.1725 0.1610 0.1519 0.1448 0.1398 0.1366 0.1352 0.1357 0.1382 0.1431 0.1517 0.1700 0.2143 0.2749 0.3304 0.3760 0.4119 0.4389 0.4579 0.4690 0.4721 0.4654 0.4452 0.4129 0.3756 0.3383 0.3035 0.2705
0.3010 0.3371 0.3744 0.4118 0.4444 0.4650 0.4721 0.4692 0.4583 0.4396 0.4129 0.3773 0.3319 0.2766 0.2159 0.1707 0.1520 0.1432 0.1382 0.1357 0.1352 0.1366 0.1398 0.1448 0.1519 0.1611 0.1727 0.1868 0.2037 0.2236 0.2469 0.2738 0.3042 0.3380 0.3741 0.4104 0.4423 0.4635 0.4718 0.4703 0.4611 0.4447 0.4208 0.3888 0.3478 0.2974 0.2397 0.1867 0.1600 0.1500 0.1470 0.1500 0.1600 0.1867 0.2397 0.2975 0.3479 0.3888 0.4208 0.4447 0.4611 0.4703 0.4718 0.4635 0.4423 0.4103 0.3740 0.3379 0.3042 0.2738 0.2469 0.2236 0.2037 0.1868 0.1727 0.1611 0.1519 0.1448 0.1398 0.1366 0.1352 0.1357 0.1382 0.1432 0.1520 0.1707 0.2159 0.2766 0.3319 0.3773 0.4129 0.4397 0.4583 0.4693 0.4721 0.4649 0.4443 0.4117 0.3743 0.3371 0.3009
0.3350 0.3731 0.4106 0.4435 0.4645 0.4720 0.4695 0.4588 0.4404 0.4139 0.3785 0.3335 0.2785 0.2177 0.1716 0.1523 0.1434 0.1383 0.1357 0.1352 0.1365 0.1397 0.1448 0.1519 0.1612 0.1728 0.1869 0.2039 0.2240 0.2474 0.2744 0.3050 0.3389 0.3751 0.4114 0.4432 0.4639 0.4719 0.4701 0.4607 0.4440 0.4199 0.3876 0.3463 0.2956 0.2375 0.1846 0.1581 0.1474 0.1420 0.1403 0.1420 0.1474 0.1581 0.1846 0.2376 0.2957 0.3464 0.3876 0.4199 0.4440 0.4607 0.4701 0.4719 0.4639 0.4432 0.4114 0.3751 0.3389 0.3050 0.2744 0.2474 0.2240 0.2039 0.1869 0.1728 0.1612 0.1519 0.1448 0.1397 0.1365 0.1352 0.1357 0.1383 0.1434 0.1523 0.1716 0.2177 0.2785 0.3336 0.3786 0.4139 0.4404 0.4588 0.4695 0.4720 0.4645 0.4434 0.4105 0.3731 0.3350
0.3721 0.4094 0.4425 0.4641 0.4720 0.4697 0.4593 0.4411 0.4149 0.3798 0.3351 0.2803 0.2195 0.1725 0.1526 0.1436 0.1384 0.1358 0.1352 0.1365 0.1397 0.1448 0.1519 0.1611 0.1728 0.1870 0.2040 0.2242 0.2478 0.2749 0.3057 0.3397 0.3760 0.4123 0.4440 0.4644 0.4719 0.4699 0.4603 0.4434 0.4190 0.3864 0.3448 0.2939 0.2356 0.1831 0.1573 0.1465 0.1405 0.1375 0.1365 0.1375 0.1405 0.1465 0.1573 0.1832 0.2356 0.2939 0.3449 0.3864 0.4190 0.4434 0.4603 0.4699 0.4719 0.4643 0.4439 0.4123 0.3760 0.3397 0.3057 0.2749 0.2478 0.2242 0.2041 0.1870 0.1728 0.1611 0.1519 0.1448 0.1397 0.1365 0.1352 0.1358 0.1384 0.1436 0.1526 0.1726 0.2196 0.2805 0.3352 0.3799 0.4150 0.4412 0.4593 0.4697 0.4720 0.4640 0.4424 0.4093 0.3720
0.4102 0.4416 0.4636 0.4719 0.4699 0.4597 0.4418 0.4159 0.3811 0.3367 0.2822 0.2215 0.1735 0.1530 0.1438 0.1385 0.1358 0.1352 0.1364 0.1396 0.1447 0.1517 0.1610 0.1727 0.1869 0.2040 0.2243 0.2480 0.2753 0.3062 0.3403 0.3768 0.4131 0.4446 0.4647 0.4720 0.4697 0.4598 0.4427 0.4180 0.3852 0.3434 0.2921 0.2336 0.1819 0.1567 0.1461 0.1400 0.1367 0.1353 0.1350 0.1353 0.1367 0.1400 0.1461 0.1567 0.1819 0.2337 0.2921 0.3434 0.3852 0.4181 0.4427 0.4599 0.4698 0.4720 0.4647 0.4446 0.4131 0.3768 0.3403 0.3062 0.2753 0.2480 0.2243 0.2041 0.1869 0.1727 0.1610 0.1517 0.1447 0.1396 0.1364 0.1352 0.1358 0.1385 0.1438 0.1530 0.1736 0.2216 0.2824 0.3368 0.3812 0.4160 0.4419 0.4597 0.4699 0.4719 0.4635 0.4415 0.4101
0.4454 0.4631 0.4718 0.4701 0.4602 0.4425 0.4168 0.3824 0.3383 0.2841 0.2234 0.1746 0.1534 0.1440 0.1386 0.1359 0.1352 0.1364 0.1395 0.1445 0.1516 0.1608 0.1725 0.1867 0.2039 0.2242 0.2480 0.2753 0.3064 0.3407 0.3773 0.4138 0.4451 0.4650 0.4720 0.4696 0.4595 0.4421 0.4171 0.3840 0.3419 0.2903 0.2317 0.1806 0.1562 0.1458 0.1398 0.1365 0.1352 0.1352 0.1355 0.1352 0.1352 0.1365 0.1398 0.1458 0.1562 0.1807 0.2318 0.2903 0.3419 0.3840 0.4172 0.4421 0.4595 0.4696 0.4720 0.4650 0.4451 0.4138 0.3773 0.3407 0.3064 0.2754 0.2480 0.2242 0.2039 0.1868 0.1725 0.1608 0.1516 0.1445 0.1395 0.1364 0.1352 0.1359 0.1386 0.1440 0.1534 0.1746 0.2235 0.2842 0.3384 0.3825 0.4169 0.4426 0.4602 0.4701 0.4718 0.4630 0.4454
0.4707 0.4717 0.4703 0.4606 0.4432 0.4178 0.3837 0.3399 0.2861 0.2254 0.1757 0.1538 0.1443 0.1388 0.1359 0.1352 0.1363 0.1394 0.1443 0.1514 0.1606 0.1722 0.1865 0.2036 0.2240 0.2478 0.2752 0.3064 0.3408 0.3776 0.4141 0.4455 0.4652 0.4721 0.4694 0.4591 0.4415 0.4163 0.3829 0.3404 0.2884 0.2298 0.1794 0.1558 0.1455 0.1396 0.1364 0.1352 0.1356 0.1370 0.1379 0.1370 0.1356 0.1352 0.1364 0.1396 0.1455 0.1558 0.1795 0.2299 0.2885 0.3404 0.3829 0.4163 0.4415 0.4591 0.4694 0.4721 0.4652 0.4455 0.4141 0.3776 0.3408 0.3064 0.2753 0.2478 0.2240 0.2037 0.1865 0.1722 0.1606 0.1514 0.1443 0.1394 0.1363 0.1352 0.1359 0.1388 0.1443 0.1538 0.1757 0.2254 0.2861 0.3399 0.3837 0.4179 0.4432 0.4606 0.4703 0.4717 0.4707
0.4818 0.4705 0.4611 0.4439 0.4188 0.3850 0.3415 0.2880 0.2274 0.1768 0.1543 0.1445 0.1389 0.1360 0.1351 0.1363 0.1392 0.1442 0.1511 0.1603 0.1719 0.1861 0.2033 0.2236 0.2474 0.2749 0.3061 0.3407 0.3775 0.4142 0.4457 0.4654 0.4721 0.4693 0.4589 0.4410 0.4156 0.3819 0.3390 0.2868 0.2280 0.1783 0.1553 0.1453 0.1395 0.1363 0.1352 0.1358 0.1379 0.1407 0.1422 0.1407 0.1379 0.1358 0.1352 0.1363 0.1395 0.1453 0.1553 0.1783 0.2280 0.2868 0.3391 0.3819 0.4156 0.4410 0.4589 0.4693 0.4721 0.4654 0.4457 0.4142 0.3776 0.3407 0.3062 0.2749 0.2474 0.2236 0.2033 0.1861 0.1719 0.1603 0.1511 0.1442 0.1392 0.1363 0.1351 0.1360 0.1389 0.1445 0.1543 0.1768 0.2274 0.2880 0.3415 0.3850 0.4188 0.4439 0.4611 0.4705 0.4818
0.4815 0.4615 0.4446 0.4198 0.3862 0.3430 0.2898 0.2293 0.1780 0.1547 0.1447 0.1390 0.1360 0.1351 0.1362 0.1391 0.1440 0.1509 0.1600 0.1715 0.1857 0.2028 0.2231 0.2469 0.2744 0.3057 0.3403 0.3773 0.4141 0.4457 0.4654 0.4721 0.4693 0.4587 0.4407 0.4150 0.3810 0.3379 0.2853 0.2263 0.1772 0.1549 0.1450 0.1394 0.1362 0.1351 0.1359 0.1383 0.1421 0.1463 0.1484 0.1463 0.1421 0.1383 0.1359 0.1351 0.1362 0.1394 0.1450 0.1549 0.1773 0.2264 0.2853 0.3379 0.3811 0.4150 0.4407 0.4587 0.4693 0.4721 0.4654 0.4457 0.4141 0.3773 0.3403 0.3057 0.2744 0.2469 0.2231 0.2028 0.1857 0.1715 0.1600 0.1509 0.1440 0.1391 0.1362 0.1351 0.1360 0.1390 0.1447 0.1547 0.1780 0.2293 0.2898 0.3430 0.3862 0.4198 0.4446 0.4615 0.4815
0.4726 0.4453 0.4207 0.3874 0.3446 0.2917 0.2313 0.1792 0.1552 0.1450 0.1392 0.1361 0.1351 0.1361 0.1390 0.1438 0.1506 0.1597 0.1711 0.1852 0.2023 0.2225 0.2463 0.2737 0.3050 0.3397 0.3767 0.4137 0.4455 0.4653 0.4721 0.4692 0.4586 0.4404 0.4146 0.3804 0.3370 0.2840 0.2249 0.1763 0.1545 0.1448 0.1392 0.1362 0.1351 0.1359 0.1385 0.1427 0.1483 0.1541 0.1569 0.1541 0.1483 0.1427 0.1385 0.1359 0.1351 0.1362 0.1392 0.1448 0.1545 0.1763 0.2249 0.2841 0.3370 0.3804 0.4146 0.4404 0.4586 0.4692 0.4721 0.4654 0.4455 0.4138 0.3768 0.3397 0.3050 0.2738 0.2463 0.2225 0.2023 0.1852 0.1711 0.1597 0.1506 0.1438 0.1390 0.1361 0.1351 0.1361 0.1392 0.1450 0.1552 0.1792 0.2313 0.2917 0.3446 0.3874 0.4207 0.4453 0.4726
0.4561 0.4216 0.3886 0.3461 0.2935 0.2333 0.1804 0.1556 0.1452 0.1393 0.1361 0.1351 0.1361 0.1389 0.1436 0.1504 0.1594 0.1707 0.1847 0.2017 0.2219 0.2456 0.2730 0.3042 0.3389 0.3760 0.4131 0.4451 0.4652 0.4721 0.4693 0.4586 0.4404 0.4145 0.3800 0.3363 0.2831 0.2238 0.1756 0.1542 0.1446 0.1391 0.1361 0.1351 0.1360 0.1386 0.1430 0.1491 0.1567 0.1641 0.1677 0.1641 0.1567 0.1491 0.1430 0.1386 0.1360 0.1351 0.1361 0.1391 0.1446 0.1542 0.1756 0.2238 0.2831 0.3363 0.3800 0.4144 0.4404 0.4586 0.4693 0.4721 0.4652 0.4451 0.4131 0.3760 0.3389 0.3042 0.2730 0.2456 0.2219 0.2017 0.1847 0.1707 0.1594 0.1504 0.1436 0.1389 0.1361 0.1351 0.1361 0.1393 0.1452 0.1556 0.1804 0.2333 0.2935 0.3461 0.3887 0.4217 0.4562
0.4319 0.3899 0.3477 0.2954 0.2352 0.1816 0.1561 0.1455 0.1394 0.1362 0.1351 0.1360 0.1388 0.1434 0.1501 0.1590 0.1703 0.1843 0.2011 0.2212 0.2448 0.2721 0.3033 0.3379 0.3751 0.4123 0.4446 0.4650 0.4721 0.4693 0.4587 0.4405 0.4145 0.3799 0.3360 0.2826 0.2230 0.1751 0.1539 0.1445 0.1390 0.1361 0.1351 0.1360 0.1387 0.1432 0.1495 0.1577 0.1674 0.1767 0.1811 0.1767 0.1674 0.1577 0.1495 0.1432 0.1387 0.1360 0.1351 0.1361 0.1390 0.1445 0.1539 0.1751 0.2230 0.2826 0.3360 0.3799 0.4144 0.4404 0.4587 0.4693 0.4721 0.4650 0.4446 0.4123 0.3751 0.3379 0.3033 0.2721 0.2448 0.2212 0.2011 0.1843 0.1703 0.1590 0.1501 0.1434 0.1388 0.1360 0.1351 0.1362 0.1394 0.1455 0.1561 0.1816 0.2352 0.2954 0.3477 0.3900 0.4320
0.3993 0.3492 0.2972 0.2372 0.1829 0.1566 0.1457 0.1396 0.1363 0.1351 0.1360 0.1386 0.1433 0.1499 0.1587 0.1699 0.1838 0.2005 0.2205 0.2440 0.2712 0.3023 0.3369 0.3740 0.4114 0.4439 0.4647 0.4720 0.4694 0.4589 0.4407 0.4147 0.3800 0.3361 0.2824 0.2227 0.1748 0.1538 0.1444 0.1389 0.1360 0.1351 0.1361 0.1388 0.1433 0.1498 0.1582 0.1687 0.1807 0.1920 0.1974 0.1920 0.1807 0.1687 0.1582 0.1498 0.1433 0.1388 0.1361 0.1351 0.1360 0.1389 0.1444 0.1538 0.1748 0.2227 0.2824 0.3360 0.3800 0.4146 0.4407 0.4589 0.4694 0.4720 0.4647 0.4439 0.4114 0.3740 0.3369 0.3023 0.2712 0.2440 0.2205 0.2005 0.1838 0.1699 0.1587 0.1499 0.1433 0.1386 0.1360 0.1351 0.1363 0.1396 0.1457 0.1566 0.1829 0.2373 0.2974 0.3493 0.3993
0.3574 0.2992 0.2392 0.1842 0.1571 0.1460 0.1397 0.1364 0.1352 0.1359 0.1385 0.1431 0.1496 0.1584 0.1695 0.1833 0.2000 0.2198 0.2432 0.2703 0.3012 0.3357 0.3729 0.4103 0.4432 0.4643 0.4720 0.4696 0.4591 0.4410 0.4150 0.3804 0.3364 0.2826 0.2227 0.1747 0.1537 0.1443 0.1389 0.1360 0.1351 0.1361 0.1389 0.1435 0.1500 0.1585 0.1693 0.1822 0.1968 0.2105 0.2169 0.2105 0.1968 0.1822 0.1693 0.1585 0.1500 0.1435 0.1389 0.1361 0.1351 0.1360 0.1389 0.1443 0.1537 0.1747 0.2227 0.2826 0.3363 0.3804 0.4150 0.4410 0.4591 0.4696 0.4720 0.4643 0.4432 0.4103 0.3729 0.3357 0.3012 0.2703 0.2432 0.2198 0.2000 0.1833 0.1695 0.1584 0.1496 0.1431 0.1385 0.1359 0.1352 0.1364 0.1397 0.1460 0.1571 0.1843 0.2394 0.2993 0.3575
0.3057 0.2413 0.1856 0.1577 0.1462 0.1399 0.1364 0.1352 0.1358 0.1384 0.1429 0.1494 0.1581 0.1692 0.1828 0.1994 0.2192 0.2424 0.2694 0.3002 0.3346 0.3717 0.4092 0.4423 0.4639 0.4719 0.4698 0.4595 0.4415 0.4156 0.3811 0.3370 0.2832 0.2231 0.1748 0.1537 0.1443 0.1389 0.1360 0.1351 0.1361 0.1390 0.1436 0.1501 0.1588 0.1697 0.1829 0.1986 0.2161 0.2323 0.2399 0.2323 0.2161 0.1986 0.1829 0.1697 0.1588 0.1501 0.1436 0.1390 0.1361 0.1351 0.1360 0.1389 0.1443 0.1537 0.1748 0.2230 0.2831 0.3370 0.3811 0.4156 0.4415 0.4595 0.4698 0.4719 0.4639 0.4423 0.4092 0.3717 0.3346 0.3002 0.2694 0.2424 0.2192 0.1994 0.1828 0.1692 0.1581 0.1494 0.1429 0.1384 0.1358 0.1352 0.1364 0.1399 0.1462 0.1577 0.1857 0.2415 0.3058
0.2460 0.1871 0.1582 0.1465 0.1400 0.1365 0.1352 0.1358 0.1383 0.1427 0.1492 0.1578 0.1688 0.1823 0.1988 0.2185 0.2416 0.2685 0.2992 0.3335 0.3705 0.4081 0.4414 0.4635 0.4719 0.4699 0.4599 0.4421 0.4163 0.3819 0.3379 0.2841 0.2238 0.1752 0.1538 0.1443 0.1389 0.1360 0.1351 0.1362 0.1390 0.1437 0.1503 0.1590 0.1699 0.1834 0.1995 0.2182 0.2388 0.2578 0.2667 0.2578 0.2388 0.2182 0.1995 0.1834 0.1699 0.1590 0.1503 0.1437 0.1390 0.1362 0.1351 0.1360 0.1389 0.1443 0.1538 0.1751 0.2238 0.2841 0.3379 0.3819 0.4163 0.4421 0.4599 0.4699 0.4719 0.4635 0.4414 0.4081 0.3705 0.3335 0.2992 0.2685 0.2416 0.2185 0.1988 0.1823 0.1688 0.1578 0.1492 0.1427 0.1383 0.1358 0.1352 0.1365 0.1401 0.1465 0.1583 0.1872 0.2461
0.1901 0.1588 0.1468 0.1402 0.1366 0.1352 0.1357 0.1382 0.1426 0.1489 0.1575 0.1684 0.1819 0.1983 0.2178 0.2408 0.2676 0.2982 0.3324 0.3693 0.4069 0.4405 0.4630 0.4718 0.4701 0.4603 0.4427 0.4172 0.3829 0.3391 0.2853 0.2249 0.1757 0.1539 0.1444 0.1389 0.1360 0.1351 0.1362 0.1390 0.1437 0.1504 0.1591 0.1702 0.1837 0.2000 0.2191 0.2412 0.2652 0.2871 0.2973 0.2871 0.2652 0.2412 0.2191 0.1999 0.1837 0.1702 0.1591 0.1504 0.1437 0.1390 0.1362 0.1351 0.1360 0.1389 0.1444 0.1539 0.1756 0.2249 0.2853 0.3391 0.3829 0.4172 0.4427 0.4603 0.4701 0.4718 0.4630 0.4405 0.4069 0.3693 0.3324 0.2982 0.2676 0.2408 0.2178 0.1983 0.1819 0.1684 0.1575 0.1489 0.1426 0.1382 0.1357 0.1352 0.1366 0.1402 0.1468 0.1588 0.1901
0.1608 0.1471 0.1404 0.1367 0.1352 0.1357 0.1381 0.1424 0.1487 0.1572 0.1680 0.1814 0.1977 0.2171 0.2401 0.2667 0.2972 0.3313 0.3682 0.4058 0.4396 0.4625 0.4717 0.4703 0.4607 0.4434 0.4181 0.3840 0.3404 0.2868 0.2264 0.1764 0.1542 0.1445 0.1389 0.1360 0.1351 0.1362 0.1390 0.1437 0.1504 0.1592 0.1703 0.1839 0.2003 0.2197 0.2422 0.2679 0.2954 0.3202 0.3317 0.3202 0.2954 0.2679 0.2422 0.2197 0.2003 0.1839 0.1703 0.1592 0.1504 0.1437 0.1390 0.1362 0.1351 0.1360 0.1389 0.1445 0.1542 0.1763 0.2264 0.2868 0.3404 0.3840 0.4181 0.4434 0.4607 0.4703 0.4717 0.4625 0.4396 0.4058 0.3682 0.3313 0.2972 0.2667 0.2401 0.2171 0.1977 0.1814 0.1680 0.1572 0.1487 0.1424 0.1381 0.1357 0.1352 0.1367 0.1404 0.1471 0.1608
0.1481 0.1405 0.1367 0.1352 0.1356 0.1380 0.1422 0.1484 0.1569 0.1676 0.1809 0.1971 0.2165 0.2393 0.2658 0.2961 0.3301 0.3670 0.4046 0.4386 0.4620 0.4716 0.4705 0.4611 0.4440 0.4190 0.3852 0.3419 0.2885 0.2280 0.1773 0.1545 0.1446 0.1390 0.1360 0.1351 0.1361 0.1390 0.1437 0.1504 0.1593 0.1704 0.1841 0.2005 0.2200 0.2428 0.2690 0.2984 0.3293 0.3565 0.3688 0.3565 0.3292 0.2983 0.2690 0.2428 0.2200 0.2005 0.1841 0.1704 0.1593 0.1504 0.1437 0.1390 0.1361 0.1351 0.1360 0.1390 0.1446 0.1545 0.1773 0.2280 0.2885 0.3419 0.3852 0.4190 0.4440 0.4611 0.4705 0.4716 0.4620 0.4386 0.4046 0.3670 0.3301 0.2961 0.2658 0.2393 0.2165 0.1971 0.1809 0.1676 0.1569 0.1484 0.1422 0.1380 0.1356 0.1352 0.1368 0.1406 0.1481
0.1410 0.1368 0.1352 0.1356 0.1379 0.1420 0.1482 0.1565 0.1672 0.1805 0.1966 0.2158 0.2385 0.2649 0.2951 0.3290 0.3658 0.4035 0.4377 0.4615 0.4714 0.4706 0.4615 0.4447 0.4199 0.3864 0.3434 0.2903 0.2299 0.1783 0.1549 0.1448 0.1391 0.1361 0.1351 0.1361 0.1389 0.1437 0.1504 0.1592 0.1704 0.1841 0.2006 0.2202 0.2431 0.2696 0.2995 0.3324 0.3659 0.3943 0.4066 0.3943 0.3659 0.3324 0.2995 0.2696 0.2431 0.2202 0.2006 0.1841 0.1704 0.1592 0.1504 0.1437 0.1390 0.1361 0.1351 0.1361 0.1391 0.1448 0.1549 0.1783 0.2299 0.2903 0.3434 0.3864 0.4199 0.4447 0.4615 0.4706 0.4714 0.4615 0.4377 0.4035 0.3658 0.3290 0.2951 0.2649 0.2385 0.2158 0.1966 0.1805 0.1672 0.1565 0.1482 0.1420 0.1379 0.1356 0.1352 0.1368 0.1410
0.1370 0.1353 0.1356 0.1378 0.1419 0.1480 0.1562 0.1668 0.1800 0.1960 0.2151 0.2377 0.2640 0.2941 0.3279 0.3646 0.4023 0.4367 0.4610 0.4713 0.4708 0.4619 0.4453 0.4208 0.3876 0.3449 0.2921 0.2318 0.1795 0.1553 0.1450 0.1392 0.1361 0.1351 0.1361 0.1389 0.1436 0.1503 0.1591 0.1703 0.1841 0.2006 0.2203 0.2433 0.2699 0.3001 0.3336 0.3691 0.4034 0.4300 0.4405 0.4300 0.4034 0.3691 0.3336 0.3001 0.2699 0.2433 0.2203 0.2006 0.1841 0.1703 0.1591 0.1503 0.1436 0.1389 0.1361 0.1351 0.1361 0.1392 0.1450 0.1553 0.1795 0.2318 0.2921 0.3449 0.3876 0.4208 0.4453 0.4619 0.4708 0.4713 0.4610 0.4367 0.4023 0.3646 0.3279 0.2941 0.2640 0.2377 0.2151 0.1960 0.1800 0.1668 0.1562 0.1480 0.1419 0.1378 0.1356 0.1353 0.1370
0.1351 0.1355 0.1377 0.1417 0.1477 0.1559 0.1665 0.1795 0.1954 0.2144 0.2369 0.2631 0.2931 0.3268 0.3634 0.4012 0.4358 0.4604 0.4712 0.4709 0.4623 0.4460 0.4217 0.3888 0.3464 0.2939 0.2337 0.1807 0.1558 0.1453 0.1394 0.1362 0.1351 0.1360 0.1388 0.1435 0.1501 0.1590 0.1702 0.1839 0.2005 0.2202 0.2433 0.2700 0.3003 0.3341 0.3702 0.4063 0.4375 0.4570 0.4631 0.4570 0.4375 0.4063 0.3702 0.3340 0.3003 0.2700 0.2433 0.2202 0.2005 0.1839 0.1702 0.1590 0.1501 0.1435 0.1388 0.1360 0.1351 0.1362 0.1394 0.1453 0.1558 0.1807 0.2337 0.2939 0.3464 0.3888 0.4217 0.4460 0.4623 0.4709 0.4712 0.4604 0.4358 0.4012 0.3634 0.3268 0.2931 0.2631 0.2369 0.2144 0.1954 0.1795 0.1664 0.1559 0.1477 0.1417 0.1376 0.1355 0.1351
0.1351 0.1375 0.1415 0.1475 0.1556 0.1661 0.1791 0.1949 0.2138 0.2361 0.2622 0.2921 0.3257 0.3622 0.4000 0.4348 0.4599 0.4710 0.4711 0.4627 0.4466 0.4226 0.3900 0.3479 0.2957 0.2356 0.1819 0.1562 0.1455 0.1395 0.1362 0.1351 0.1360 0.1387 0.1433 0.1500 0.1588 0.1699 0.1837 0.2003 0.2200 0.2431 0.2699 0.3003 0.3342 0.3706 0.4073 0.4397 0.4613 0.4701 0.4717 0.4701 0.4613 0.4397 0.4073 0.3705 0.3342 0.3003 0.2699 0.2431 0.2200 0.2003 0.1837 0.1699 0.1588 0.1500 0.1433 0.1387 0.1360 0.1351 0.1362 0.1395 0.1455 0.1562 0.1819 0.2356 0.2957 0.3479 0.3900 0.4226 0.4466 0.4627 0.4711 0.4710 0.4599 0.4348 0.4000 0.3622 0.3257 0.2921 0.2622 0.2361 0.2138 0.1949 0.1790 0.1660 0.1556 0.1475 0.1415 0.1375 0.1351
0.1369 0.1413 0.1472 0.1553 0.1656 0.1785 0.1943 0.2131 0.2353 0.2612 0.2910 0.3245 0.3610 0.3988 0.4338 0.4593 0.4709 0.4712 0.4631 0.4472 0.4235 0.3911 0.3493 0.2975 0.2376 0.1832 0.1567 0.1458 0.1396 0.1363 0.1351 0.1359 0.1386 0.1432 0.1498 0.1585 0.1697 0.1834 0.1999 0.2196 0.2428 0.2696 0.3000 0.3340 0.3705 0.4075 0.4404 0.4624 0.4713 0.4717 0.4701 0.4717 0.4713 0.4624 0.4404 0.4075 0.3706 0.3341 0.3001 0.2696 0.2428 0.2197 0.1999 0.1834 0.1697 0.1585 0.1498 0.1432 0.1386 0.1359 0.1351 0.1363 0.1396 0.1458 0.1567 0.1832 0.2376 0.2975 0.3493 0.3911 0.4235 0.4472 0.4631 0.4712 0.4709 0.4593 0.4338 0.3988 0.3610 0.3245 0.2910 0.2612 0.2353 0.2131 0.1942 0.1785 0.1656 0.1553 0.1472 0.1413 0.1369
0.1404 0.1469 0.1549 0.1651 0.1779 0.1936 0.2123 0.2344 0.2602 0.2898 0.3232 0.3596 0.3974 0.4327 0.4587 0.4707 0.4714 0.4635 0.4479 0.4244 0.3924 0.3510 0.2995 0.2397 0.1846 0.1573 0.1461 0.1398 0.1364 0.1352 0.1359 0.1385 0.1430 0.1495 0.1582 0.1693 0.1829 0.1995 0.2191 0.2422 0.2690 0.2995 0.3335 0.3701 0.4073 0.4404 0.4626 0.4716 0.4708 0.4647 0.4604 0.4647 0.4708 0.4716 0.4626 0.4404 0.4073 0.3702 0.3336 0.2995 0.2690 0.2422 0.2191 0.1995 0.1829 0.1693 0.1582 0.1495 0.1430 0.1385 0.1359 0.1352 0.1364 0.1398 0.1461 0.1573 0.1846 0.2397 0.2995 0.3510 0.3924 0.4244 0.4479 0.4635 0.4714 0.4707 0.4587 0.4327 0.3974 0.3596 0.3232 0.2898 0.2602 0.2344 0.2122 0.1935 0.1779 0.1651 0.1549 0.1469 0.1404
0.1456 0.1543 0.1644 0.1771 0.1925 0.2111 0.2330 0.2586 0.2881 0.3213 0.3577 0.3956 0.4311 0.4577 0.4704 0.4715 0.4641 0.4488 0.4257 0.3941 0.3531 0.3021 0.2426 0.1867 0.1581 0.1465 0.1400 0.1365 0.1352 0.1358 0.1383 0.1427 0.1491 0.1577 0.1687 0.1822 0.1986 0.2182 0.2412 0.2679 0.2983 0.3323 0.3690 0.4063 0.4397 0.4624 0.4716 0.4706 0.4624 0.4505 0.4436 0.4505 0.4624 0.4706 0.4716 0.4624 0.4397 0.4063 0.3691 0.3324 0.2983 0.2679 0.2412 0.2182 0.1986 0.1822 0.1687 0.1577 0.1491 0.1427 0.1383 0.1358 0.1352 0.1365 0.1400 0.1465 0.1581 0.1867 0.2426 0.3021 0.3531 0.3941 0.4257 0.4488 0.4641 0.4715 0.4704 0.4577 0.4311 0.3955 0.3577 0.3213 0.2881 0.2586 0.2330 0.2111 0.1925 0.1770 0.1644 0.1543 0.1455
0.1519 0.1629 0.1753 0.1905 0.2087 0.2303 0.2556 0.2847 0.3176 0.3538 0.3917 0.4279 0.4558 0.4698 0.4718 0.4651 0.4505 0.4281 0.3973 0.3572 0.3072 0.2484 0.1912 0.1600 0.1474 0.1405 0.1367 0.1352 0.1356 0.1379 0.1421 0.1483 0.1567 0.1674 0.1807 0.1968 0.2161 0.2388 0.2652 0.2954 0.3292 0.3659 0.4034 0.4375 0.4613 0.4713 0.4708 0.4624 0.4476 0.4302 0.4209 0.4302 0.4476 0.4624 0.4708 0.4713 0.4613 0.4375 0.4034 0.3659 0.3292 0.2954 0.2652 0.2388 0.2161 0.1968 0.1807 0.1674 0.1567 0.1483 0.1421 0.1379 0.1356 0.1352 0.1367 0.1405 0.1474 0.1600 0.1912 0.2484 0.3072 0.3572 0.3973 0.4281 0.4505 0.4651 0.4718 0.4698 0.4558 0.4279 0.3917 0.3538 0.3176 0.2847 0.2556 0.2303 0.2087 0.1904 0.1753 0.1629 0.1519
0.1581 0.1710 0.1855 0.2029 0.2236 0.2480 0.2762 0.3082 0.3438 0.3817 0.4190 0.4499 0.4676 0.4722 0.4674 0.4547 0.4342 0.4055 0.3678 0.3202 0.2632 0.2040 0.1655 0.1500 0.1420 0.1375 0.1353 0.1352 0.1370 0.1407 0.1463 0.1541 0.1641 0.1767 0.1920 0.2105 0.2323 0.2578 0.2871 0.3202 0.3565 0.3943 0.4300 0.4570 0.4701 0.4717 0.4647 0.4505 0.4302 0.4083 0.3969 0.4082 0.4302 0.4505 0.4647 0.4717 0.4701 0.4570 0.4300 0.3943 0.3565 0.3202 0.2871 0.2578 0.2323 0.2105 0.1920 0.1767 0.1641 0.1541 0.1463 0.1407 0.1370 0.1352 0.1353 0.1375 0.1420 0.1500 0.1655 0.2040 0.2632 0.3202 0.3678 0.4055 0.4342 0.4547 0.4674 0.4722 0.4676 0.4499 0.4190 0.3816 0.3438 0.3082 0.2761 0.2479 0.2236 0.2029 0.1854 0.1710 0.1581
0.1609 0.1748 0.1902 0.2087 0.2306 0.2562 0.2857 0.3190 0.3557 0.3940 0.4302 0.4575 0.4704 0.4715 0.4639 0.4486 0.4254 0.3936 0.3526 0.3016 0.2425 0.1876 0.1591 0.1470 0.1403 0.1365 0.1350 0.1355 0.1379 0.1422 0.1484 0.1569 0.1677 0.1811 0.1974 0.2169 0.2399 0.2667 0.2973 0.3317 0.3688 0.4066 0.4405 0.4631 0.4717 0.4701 0.4604 0.4436 0.4209 0.3969 0.3848 0.3969 0.4209 0.4436 0.4604 0.4701 0.4717 0.4631 0.4405 0.4066 0.3688 0.3316 0.2973 0.2667 0.2399 0.2169 0.1974 0.1811 0.1677 0.1569 0.1484 0.1422 0.1379 0.1355 0.1350 0.1365 0.1403 0.1470 0.1591 0.1876 0.2425 0.3016 0.3526 0.3936 0.4254 0.4486 0.4639 0.4715 0.4704 0.4575 0.4302 0.3939 0.3556 0.3190 0.2856 0.2561 0.2305 0.2086 0.1901 0.1747 0.1609
0.1581 0.1710 0.1855 0.2029 0.2236 0.2480 0.2761 0.3082 0.3438 0.3817 0.4190 0.4499 0.4676 0.4722 0.4674 0.4547 0.4342 0.4055 0.3678 0.3202 0.2632 0.2040 0.1655 0.1500 0.1420 0.1375 0.1353 0.1352 0.1370 0.1407 0.1463 0.1541 0.1641 0.1767 0.1920 0.2105 0.2323 0.2578 0.2871 0.3202 0.3565 0.3943 0.4300 0.4570 0.4701 0.4717 0.4647 0.4505 0.4302 0.4082 0.3969 0.4082 0.4302 0.4505 0.4647 0.4717 0.4701 0.4570 0.4300 0.3943 0.3565 0.3202 0.2871 0.2578 0.2323 0.2105 0.1920 0.1767 0.1641 0.1541 0.1463 0.1407 0.1370 0.1352 0.1353 0.1375 0.1420 0.1500 0.1655 0.2040 0.2632 0.3202 0.3678 0.4055 0.4342 0.4547 0.4674 0.4722 0.4676 0.4499 0.4190 0.3816 0.3438 0.3082 0.2761 0.2479 0.2236 0.2029 0.1854 0.1710 0.1581
0.1519 0.1629 0.1753 0.1905 0.2087 0.2303 0.2556 0.2847 0.3176 0.3538 0.3917 0.4279 0.4558 0.4698 0.4718 0.4651 0.4505 0.4281 0.3973 0.3572 0.3072 0.2484 0.1912 0.1600 0.1474 0.1405 0.1367 0.1352 0.1356 0.1379 0.1421 0.1483 0.1567 0.1674 0.1807 0.1968 0.2161 0.2388 0.2652 0.2954 0.3293 0.3659 0.4034 0.4375 0.4613 0.4713 0.4708 0.4624 0.4476 0.4302 0.4209 0.4302 0.4476 0.4624 0.4708 0.4713 0.4613 0.4375 0.4034 0.3659 0.3292 0.2954 0.2652 0.2388 0.2161 0.1968 0.1807 0.1674 0.1567 0.1483 0.1421 0.1379 0.1356 0.1352 0.1367 0.1405 0.1474 0.1600 0.1912 0.2484 0.3072 0.3572 0.3973 0.4281 0.4505 0.4651 0.4718 0.4698 0.4558 0.4279 0.3917 0.3538 0.3176 0.2847 0.2556 0.2303 0.2087 0.1904 0.1753 0.1629 0.1519
0.1455 0.1543 0.1644 0.1771 0.1925 0.2111 0.2330 0.2586 0.2881 0.3213 0.3577 0.3955 0.4311 0.4577 0.4704 0.4715 0.4640 0.4488 0.4257 0.3941 0.3531 0.3021 0.2426 0.1867 0.1581 0.1465 0.1400 0.1365 0.1352 0.1358 0.1383 0.1427 0.1491 0.1577 0.1687 0.1822 0.1986 0.2182 0.2412 0.2679 0.2984 0.3324 0.3691 0.4064 0.4397 0.4624 0.4716 0.4706 0.4624 0.4505 0.4436 0.4505 0.4624 0.4706 0.4716 0.4624 0.4397 0.4063 0.3691 0.3324 0.2983 0.2679 0.2412 0.2182 0.1986 0.1822 0.1687 0.1577 0.1491 0.1427 0.1383 0.1358 0.1352 0.1365 0.1400 0.1465 0.1581 0.1867 0.2426 0.3021 0.3531 0.3941 0.4257 0.4488 0.4641 0.4715 0.4704 0.4577 0.4311 0.3955 0.3577 0.3213 0.2881 0.2586 0.2330 0.2111 0.1925 0.1770 0.1644 0.1543 0.1455
0.1404 0.1469 0.1549 0.1651 0.1779 0.1935 0.2122 0.2344 0.2602 0.2898 0.3232 0.3596 0.3974 0.4327 0.4586 0.4707 0.4714 0.4635 0.4479 0.4244 0.3924 0.3509 0.2994 0.2397 0.1846 0.1573 0.1461 0.1398 0.1364 0.1352 0.1359 0.1385 0.1430 0.1495 0.1582 0.1693 0.1829 0.1995 0.2191 0.2423 0.2690 0.2996 0.3336 0.3702 0.4073 0.4404 0.4626 0.4716 0.4708 0.4647 0.4604 0.4647 0.4708 0.4716 0.4626 0.4404 0.4073 0.3702 0.3336 0.2995 0.2690 0.2422 0.2191 0.1995 0.1829 0.1693 0.1582 0.1495 0.1430 0.1385 0.1359 0.1352 0.1364 0.1398 0.1461 0.1573 0.1846 0.2397 0.2995 0.3510 0.3924 0.4244 0.4479 0.4635 0.4714 0.4707 0.4587 0.4327 0.3974 0.3596 0.3232 0.2898 0.2602 0.2344 0.2122 0.1935 0.1779 0.1651 0.1549 0.1469 0.1404
0.1369 0.1413 0.1472 0.1553 0.1656 0.1785 0.1942 0.2131 0.2353 0.2612 0.2910 0.3245 0.3610 0.3988 0.4338 0.4593 0.4709 0.4712 0.4631 0.4472 0.4234 0.3911 0.3493 0.2974 0.2375 0.1831 0.1567 0.1458 0.1396 0.1363 0.1351 0.1359 0.1386 0.1432 0.1498 0.1585 0.1697 0.1834 0.2000 0.2197 0.2428 0.2696 0.3001 0.3341 0.3706 0.4075 0.4404 0.4624 0.4713 0.4717 0.4701 0.4717 0.4713 0.4624 0.4404 0.4075 0.3706 0.3341 0.3001 0.2696 0.2428 0.2197 0.1999 0.1834 0.1697 0.1585 0.1498 0.1432 0.1386 0.1359 0.1351 0.1363 0.1396 0.1458 0.1567 0.1832 0.2376 0.2975 0.3493 0.3911 0.4235 0.4472 0.4631 0.4712 0.4709 0.4593 0.4338 0.3988 0.3610 0.3245 0.2910 0.2612 0.2353 0.2131 0.1942 0.1785 0.1656 0.1553 0.1472 0.1413 0.1369
