0.0377 0.0583 0.0921 0.1457 0.2303 0.3650 0.5772 0.9128 1.0000 1.0000 1.0000 1.0000 1.0000 1.0000 1.0000 1.0000 1.0000 0.0000 0.0000 0.0001 0.0001 0.0002 0.0003 0.0004 0.0007 0.0011 0.0017 0.0027 0.0042 0.0067 0.0105 0.0167 0.0264 0.0417 0.0657 0.1032 0.1614 0.2495 0.3791 0.5588 0.7839 1.0000 1.0000 1.0000 1.0000 1.0000 1.0000 1.0000 1.0000 1.0000 1.0000 1.0000 1.0000 1.0000 1.0000 1.0000 1.0000 1.0000 1.0000 1.0000 0.7839 0.5588 0.3791 0.2495 0.1614 0.1032 0.0657 0.0417 0.0264 0.0167 0.0105 0.0067 0.0042 0.0027 0.0017 0.0011 0.0007 0.0004 0.0003 0.0002 0.0001 0.0001 0.0000 0.0000 1.0000 1.0000 1.0000 1.0000 1.0000 1.0000 1.0000 1.0000 1.0000 0.9128 0.5772 0.3650 0.2303 0.1457 0.0921 0.0583 0.0377
0.0583 0.0919 0.1459 0.2312 0.3664 0.5794 0.9180 1.0000 1.0000 1.0000 1.0000 1.0000 1.0000 1.0000 1.0000 1.0000 0.0000 0.0000 0.0001 0.0001 0.0002 0.0003 0.0004 0.0007 0.0011 0.0017 0.0027 0.0042 0.0067 0.0106 0.0168 0.0266 0.0420 0.0663 0.1044 0.1642 0.2572 0.3983 0.6064 0.8956 1.0000 1.0000 1.0000 1.0000 1.0000 1.0000 1.0000 1.0000 1.0000 1.0000 1.0000 1.0000 1.0000 1.0000 1.0000 1.0000 1.0000 1.0000 1.0000 1.0000 1.0000 0.8956 0.6064 0.3983 0.2572 0.1642 0.1044 0.0663 0.0420 0.0265 0.0168 0.0106 0.0067 0.0042 0.0027 0.0017 0.0011 0.0007 0.0004 0.0003 0.0002 0.0001 0.0001 0.0000 0.0000 1.0000 1.0000 1.0000 1.0000 1.0000 1.0000 1.0000 1.0000 1.0000 0.9180 0.5794 0.3664 0.2312 0.1459 0.0919 0.0583
0.0921 0.1459 0.2325 0.3699 0.5871 0.9303 1.0000 1.0000 1.0000 1.0000 1.0000 1.0000 1.0000 1.0000 1.0000 0.0000 0.0000 0.0001 0.0001 0.0002 0.0003 0.0004 0.0007 0.0011 0.0017 0.0027 0.0043 0.0068 0.0108 0.0170 0.0270 0.0426 0.0676 0.1066 0.1683 0.2646 0.4146 0.6420 0.9793 1.0000 1.0000 1.0000 1.0000 1.0000 1.0000 1.0000 1.0000 1.0000 1.0000 1.0000 1.0000 1.0000 1.0000 1.0000 1.0000 1.0000 1.0000 1.0000 1.0000 1.0000 1.0000 1.0000 0.9793 0.6420 0.4146 0.2646 0.1683 0.1066 0.0676 0.0426 0.0270 0.0170 0.0108 0.0068 0.0043 0.0027 0.0017 0.0011 0.0007 0.0004 0.0003 0.0002 0.0001 0.0001 0.0000 0.0000 1.0000 1.0000 1.0000 1.0000 1.0000 1.0000 1.0000 1.0000 1.0000 0.9303 0.5871 0.3699 0.2325 0.1459 0.0921
0.1457 0.2312 0.3699 0.5894 0.9374 1.0000 1.0000 1.0000 1.0000 1.0000 1.0000 1.0000 1.0000 1.0000 0.0000 0.0000 0.0001 0.0001 0.0002 0.0003 0.0004 0.0007 0.0011 0.0017 0.0028 0.0044 0.0069 0.0109 0.0173 0.0274 0.0434 0.0686 0.1085 0.1715 0.2708 0.4257 0.6669 1.0000 1.0000 1.0000 1.0000 1.0000 1.0000 1.0000 1.0000 1.0000 1.0000 1.0000 1.0000 1.0000 1.0000 1.0000 1.0000 1.0000 1.0000 1.0000 1.0000 1.0000 1.0000 1.0000 1.0000 1.0000 1.0000 1.0000 0.6669 0.4257 0.2708 0.1715 0.1085 0.0686 0.0433 0.0274 0.0173 0.0109 0.0069 0.0044 0.0028 0.0017 0.0011 0.0007 0.0004 0.0003 0.0002 0.0001 0.0001 0.0000 0.0000 1.0000 1.0000 1.0000 1.0000 1.0000 1.0000 1.0000 1.0000 1.0000 0.9374 0.5894 0.3699 0.2312 0.1457
0.2303 0.3664 0.5871 0.9374 1.0000 1.0000 1.0000 1.0000 1.0000 1.0000 1.0000 1.0000 1.0000 0.0000 0.0000 0.0001 0.0001 0.0002 0.0003 0.0004 0.0007 0.0011 0.0018 0.0028 0.0044 0.0070 0.0111 0.0176 0.0278 0.0440 0.0696 0.1103 0.1745 0.2760 0.4356 0.6862 1.0000 1.0000 1.0000 1.0000 1.0000 1.0000 1.0000 1.0000 1.0000 1.0000 1.0000 1.0000 1.0000 1.0000 1.0000 1.0000 1.0000 1.0000 1.0000 1.0000 1.0000 1.0000 1.0000 1.0000 1.0000 1.0000 1.0000 1.0000 1.0000 0.6862 0.4356 0.2760 0.1745 0.1101 0.0696 0.0440 0.0278 0.0176 0.0111 0.0070 0.0044 0.0028 0.0018 0.0011 0.0007 0.0004 0.0003 0.0002 0.0001 0.0001 0.0000 0.0000 1.0000 1.0000 1.0000 1.0000 1.0000 1.0000 1.0000 1.0000 1.0000 0.9374 0.5871 0.3664 0.2303
0.3650 0.5794 0.9303 1.0000 1.0000 1.0000 1.0000 1.0000 1.0000 1.0000 1.0000 1.0000 0.0000 0.0000 0.0001 0.0001 0.0002 0.0003 0.0005 0.0007 0.0011 0.0018 0.0028 0.0045 0.0071 0.0113 0.0178 0.0283 0.0447 0.0707 0.1120 0.1772 0.2807 0.4439 0.7007 1.0000 1.0000 1.0000 1.0000 1.0000 1.0000 1.0000 1.0000 1.0000 1.0000 1.0000 1.0000 1.0000 1.0000 1.0000 1.0000 1.0000 1.0000 1.0000 1.0000 1.0000 1.0000 1.0000 1.0000 1.0000 1.0000 1.0000 1.0000 1.0000 1.0000 1.0000 0.7007 0.4439 0.2802 0.1772 0.1120 0.0707 0.0447 0.0282 0.0178 0.0113 0.0071 0.0045 0.0028 0.0018 0.0011 0.0007 0.0005 0.0003 0.0002 0.0001 0.0001 0.0000 0.0000 1.0000 1.0000 1.0000 1.0000 1.0000 1.0000 1.0000 1.0000 1.0000 0.9303 0.5794 0.3650
0.5772 0.9180 1.0000 1.0000 1.0000 1.0000 1.0000 1.0000 1.0000 1.0000 1.0000 0.0000 0.0000 0.0001 0.0001 0.0002 0.0003 0.0005 0.0007 0.0012 0.0018 0.0029 0.0046 0.0072 0.0115 0.0181 0.0287 0.0454 0.0719 0.1137 0.1799 0.2850 0.4507 0.7142 1.0000 1.0000 1.0000 1.0000 1.0000 1.0000 1.0000 1.0000 1.0000 1.0000 1.0000 1.0000 1.0000 1.0000 1.0000 1.0000 1.0000 1.0000 1.0000 1.0000 1.0000 1.0000 1.0000 1.0000 1.0000 1.0000 1.0000 1.0000 1.0000 1.0000 1.0000 1.0000 1.0000 0.7128 0.4507 0.2850 0.1799 0.1137 0.0718 0.0454 0.0287 0.0181 0.0115 0.0072 0.0046 0.0029 0.0018 0.0012 0.0007 0.0005 0.0003 0.0002 0.0001 0.0001 0.0000 0.0000 1.0000 1.0000 1.0000 1.0000 1.0000 1.0000 1.0000 1.0000 1.0000 0.9180 0.5772
0.9128 1.0000 1.0000 1.0000 1.0000 1.0000 1.0000 1.0000 1.0000 1.0000 0.0000 0.0000 0.0001 0.0001 0.0002 0.0003 0.0005 0.0007 0.0012 0.0019 0.0029 0.0046 0.0074 0.0116 0.0184 0.0291 0.0461 0.0730 0.1155 0.1830 0.2894 0.4577 0.7251 1.0000 1.0000 1.0000 1.0000 1.0000 1.0000 1.0000 1.0000 1.0000 1.0000 1.0000 1.0000 1.0000 1.0000 1.0000 1.0000 1.0000 1.0000 1.0000 1.0000 1.0000 1.0000 1.0000 1.0000 1.0000 1.0000 1.0000 1.0000 1.0000 1.0000 1.0000 1.0000 1.0000 1.0000 1.0000 0.7251 0.4577 0.2894 0.1826 0.1155 0.0730 0.0461 0.0291 0.0184 0.0116 0.0074 0.0046 0.0029 0.0019 0.0012 0.0007 0.0005 0.0003 0.0002 0.0001 0.0001 0.0000 0.0000 1.0000 1.0000 1.0000 1.0000 1.0000 1.0000 1.0000 1.0000 1.0000 0.9128
1.0000 1.0000 1.0000 1.0000 1.0000 1.0000 1.0000 1.0000 1.0000 0.0000 0.0000 0.0001 0.0001 0.0002 0.0003 0.0005 0.0008 0.0012 0.0019 0.0030 0.0047 0.0075 0.0118 0.0187 0.0296 0.0469 0.0741 0.1173 0.1858 0.2938 0.4656 0.7362 1.0000 1.0000 1.0000 1.0000 1.0000 1.0000 1.0000 1.0000 1.0000 1.0000 1.0000 0.0000 0.0000 0.0000 0.0000 0.0000 0.0000 0.0000 0.0000 0.0000 0.0000 0.0000 0.0000 0.0000 0.0000 0.0000 1.0000 1.0000 1.0000 1.0000 1.0000 1.0000 1.0000 1.0000 1.0000 1.0000 1.0000 0.7362 0.4647 0.2938 0.1858 0.1173 0.0741 0.0468 0.0296 0.0187 0.0118 0.0075 0.0047 0.0030 0.0019 0.0012 0.0008 0.0005 0.0003 0.0002 0.0001 0.0001 0.0000 0.0000 1.0000 1.0000 1.0000 1.0000 1.0000 1.0000 1.0000 1.0000 1.0000
1.0000 1.0000 1.0000 1.0000 1.0000 1.0000 1.0000 1.0000 0.0000 0.0000 0.0001 0.0001 0.0002 0.0003 0.0005 0.0008 0.0012 0.0019 0.0030 0.0048 0.0076 0.0120 0.0190 0.0300 0.0476 0.0753 0.1193 0.1886 0.2983 0.4727 0.7475 1.0000 1.0000 1.0000 1.0000 1.0000 1.0000 1.0000 1.0000 1.0000 1.0000 0.0000 0.0000 0.0000 0.0000 0.0000 0.0000 0.0000 0.0000 0.0000 0.0000 0.0000 0.0000 0.0000 0.0000 0.0000 0.0000 0.0000 0.0000 0.0000 1.0000 1.0000 1.0000 1.0000 1.0000 1.0000 1.0000 1.0000 1.0000 1.0000 0.7475 0.4727 0.2983 0.1886 0.1191 0.0753 0.0476 0.0300 0.0190 0.0120 0.0076 0.0048 0.0030 0.0019 0.0012 0.0008 0.0005 0.0003 0.0002 0.0001 0.0001 0.0000 0.0000 1.0000 1.0000 1.0000 1.0000 1.0000 1.0000 1.0000 1.0000
1.0000 1.0000 1.0000 1.0000 1.0000 1.0000 1.0000 0.0000 0.0000 0.0001 0.0001 0.0002 0.0003 0.0005 0.0008 0.0012 0.0019 0.0031 0.0049 0.0077 0.0122 0.0193 0.0305 0.0483 0.0764 0.1211 0.1915 0.3035 0.4799 0.7590 1.0000 1.0000 1.0000 1.0000 1.0000 1.0000 1.0000 1.0000 1.0000 0.0000 0.0000 0.0000 0.0001 0.0001 0.0001 0.0001 0.0001 0.0001 0.0001 0.0001 0.0001 0.0001 0.0001 0.0001 0.0001 0.0001 0.0001 0.0001 0.0001 0.0000 0.0000 0.0000 1.0000 1.0000 1.0000 1.0000 1.0000 1.0000 1.0000 1.0000 1.0000 0.7590 0.4799 0.3029 0.1915 0.1211 0.0764 0.0483 0.0305 0.0193 0.0122 0.0077 0.0049 0.0031 0.0019 0.0012 0.0008 0.0005 0.0003 0.0002 0.0001 0.0001 0.0000 0.0000 1.0000 1.0000 1.0000 1.0000 1.0000 1.0000 1.0000
1.0000 1.0000 1.0000 1.0000 1.0000 1.0000 0.0000 0.0000 0.0001 0.0001 0.0002 0.0003 0.0005 0.0008 0.0012 0.0020 0.0031 0.0049 0.0078 0.0124 0.0196 0.0310 0.0491 0.0776 0.1230 0.1945 0.3081 0.4873 0.7721 1.0000 1.0000 1.0000 1.0000 1.0000 1.0000 1.0000 1.0000 1.0000 0.0000 0.0000 0.0000 0.0001 0.0001 0.0001 0.0001 0.0001 0.0001 0.0001 0.0001 0.0001 0.0001 0.0001 0.0001 0.0001 0.0001 0.0001 0.0001 0.0001 0.0001 0.0001 0.0000 0.0000 0.0000 1.0000 1.0000 1.0000 1.0000 1.0000 1.0000 1.0000 1.0000 1.0000 0.7706 0.4873 0.3081 0.1945 0.1230 0.0776 0.0491 0.0310 0.0196 0.0124 0.0078 0.0049 0.0031 0.0020 0.0012 0.0008 0.0005 0.0003 0.0002 0.0001 0.0001 0.0000 0.0000 1.0000 1.0000 1.0000 1.0000 1.0000 1.0000
1.0000 1.0000 1.0000 1.0000 1.0000 0.0000 0.0000 0.0001 0.0001 0.0002 0.0003 0.0005 0.0008 0.0012 0.0020 0.0031 0.0050 0.0079 0.0125 0.0198 0.0314 0.0498 0.0788 0.1249 0.1975 0.3129 0.4948 0.7839 1.0000 1.0000 1.0000 1.0000 1.0000 1.0000 1.0000 1.0000 1.0000 0.0000 0.0000 0.0001 0.0001 0.0001 0.0001 0.0002 0.0002 0.0002 0.0002 0.0002 0.0002 0.0002 0.0002 0.0002 0.0002 0.0002 0.0002 0.0002 0.0002 0.0002 0.0001 0.0001 0.0001 0.0001 0.0000 0.0000 1.0000 1.0000 1.0000 1.0000 1.0000 1.0000 1.0000 1.0000 1.0000 0.7839 0.4948 0.3129 0.1975 0.1249 0.0788 0.0498 0.0314 0.0198 0.0125 0.0079 0.0050 0.0031 0.0020 0.0012 0.0008 0.0005 0.0003 0.0002 0.0001 0.0001 0.0000 0.0000 1.0000 1.0000 1.0000 1.0000 1.0000
1.0000 1.0000 1.0000 1.0000 0.0000 0.0000 0.0001 0.0001 0.0002 0.0003 0.0005 0.0008 0.0012 0.0020 0.0031 0.0050 0.0079 0.0126 0.0200 0.0318 0.0505 0.0800 0.1268 0.2005 0.3177 0.5024 0.7960 1.0000 1.0000 1.0000 1.0000 1.0000 1.0000 1.0000 1.0000 1.0000 0.0000 0.0000 0.0001 0.0001 0.0001 0.0002 0.0002 0.0003 0.0003 0.0003 0.0003 0.0003 0.0003 0.0003 0.0003 0.0003 0.0003 0.0003 0.0003 0.0003 0.0003 0.0003 0.0002 0.0002 0.0001 0.0001 0.0001 0.0000 0.0000 1.0000 1.0000 1.0000 1.0000 1.0000 1.0000 1.0000 1.0000 1.0000 0.7960 0.5024 0.3177 0.2005 0.1268 0.0800 0.0505 0.0318 0.0200 0.0126 0.0079 0.0050 0.0031 0.0020 0.0012 0.0008 0.0005 0.0003 0.0002 0.0001 0.0001 0.0000 0.0000 1.0000 1.0000 1.0000 1.0000
1.0000 1.0000 1.0000 0.0000 0.0000 0.0001 0.0001 0.0002 0.0003 0.0005 0.0008 0.0012 0.0020 0.0031 0.0050 0.0080 0.0127 0.0202 0.0321 0.0510 0.0809 0.1282 0.2036 0.3225 0.5101 0.8082 1.0000 1.0000 1.0000 1.0000 1.0000 1.0000 1.0000 1.0000 1.0000 0.0000 0.0000 0.0001 0.0001 0.0001 0.0002 0.0003 0.0004 0.0004 0.0005 0.0005 0.0005 0.0005 0.0005 0.0005 0.0005 0.0005 0.0005 0.0005 0.0005 0.0005 0.0005 0.0004 0.0004 0.0003 0.0002 0.0001 0.0001 0.0001 0.0000 0.0000 1.0000 1.0000 1.0000 1.0000 1.0000 1.0000 1.0000 1.0000 1.0000 0.8082 0.5101 0.3225 0.2036 0.1282 0.0809 0.0510 0.0321 0.0202 0.0127 0.0080 0.0050 0.0031 0.0020 0.0012 0.0008 0.0005 0.0003 0.0002 0.0001 0.0001 0.0000 0.0000 1.0000 1.0000 1.0000
1.0000 1.0000 0.0000 0.0000 0.0001 0.0001 0.0002 0.0003 0.0005 0.0008 0.0012 0.0020 0.0031 0.0050 0.0080 0.0127 0.0203 0.0323 0.0514 0.0817 0.1297 0.2059 0.3262 0.5179 0.8205 1.0000 1.0000 1.0000 1.0000 1.0000 1.0000 1.0000 1.0000 1.0000 0.0000 0.0000 0.0001 0.0001 0.0001 0.0002 0.0003 0.0005 0.0006 0.0007 0.0008 0.0008 0.0009 0.0009 0.0009 0.0009 0.0009 0.0009 0.0009 0.0009 0.0009 0.0008 0.0008 0.0007 0.0006 0.0005 0.0003 0.0002 0.0001 0.0001 0.0001 0.0000 0.0000 1.0000 1.0000 1.0000 1.0000 1.0000 1.0000 1.0000 1.0000 1.0000 0.8205 0.5179 0.3262 0.2059 0.1297 0.0817 0.0514 0.0323 0.0203 0.0127 0.0080 0.0050 0.0031 0.0020 0.0012 0.0008 0.0005 0.0003 0.0002 0.0001 0.0001 0.0000 0.0000 1.0000 1.0000
1.0000 0.0000 0.0000 0.0001 0.0001 0.0002 0.0003 0.0005 0.0008 0.0012 0.0019 0.0031 0.0050 0.0079 0.0127 0.0203 0.0323 0.0515 0.0820 0.1307 0.2075 0.3300 0.5238 0.8300 1.0000 1.0000 1.0000 1.0000 1.0000 1.0000 1.0000 1.0000 1.0000 0.0000 0.0000 0.0001 0.0001 0.0002 0.0002 0.0004 0.0005 0.0007 0.0010 0.0012 0.0013 0.0014 0.0014 0.0014 0.0014 0.0015 0.0015 0.0015 0.0014 0.0014 0.0014 0.0014 0.0013 0.0012 0.0010 0.0007 0.0005 0.0004 0.0002 0.0002 0.0001 0.0001 0.0000 0.0000 1.0000 1.0000 1.0000 1.0000 1.0000 1.0000 1.0000 1.0000 1.0000 0.8300 0.5238 0.3300 0.2075 0.1307 0.0820 0.0515 0.0323 0.0203 0.0127 0.0079 0.0050 0.0031 0.0019 0.0012 0.0008 0.0005 0.0003 0.0002 0.0001 0.0001 0.0000 0.0000 1.0000
0.0000 0.0000 0.0001 0.0001 0.0002 0.0003 0.0005 0.0007 0.0012 0.0019 0.0031 0.0049 0.0079 0.0126 0.0202 0.0323 0.0515 0.0822 0.1309 0.2087 0.3319 0.5278 0.8395 1.0000 1.0000 1.0000 1.0000 1.0000 1.0000 1.0000 1.0000 1.0000 0.0000 0.0000 0.0001 0.0001 0.0002 0.0002 0.0004 0.0006 0.0009 0.0012 0.0016 0.0019 0.0021 0.0023 0.0023 0.0024 0.0024 0.0024 0.0024 0.0024 0.0024 0.0024 0.0023 0.0023 0.0021 0.0019 0.0016 0.0012 0.0009 0.0006 0.0004 0.0002 0.0002 0.0001 0.0001 0.0000 0.0000 1.0000 1.0000 1.0000 1.0000 1.0000 1.0000 1.0000 1.0000 1.0000 0.8395 0.5278 0.3319 0.2087 0.1309 0.0822 0.0515 0.0323 0.0202 0.0126 0.0079 0.0049 0.0031 0.0019 0.0012 0.0007 0.0005 0.0003 0.0002 0.0001 0.0001 0.0000 0.0000
0.0000 0.0001 0.0001 0.0002 0.0003 0.0005 0.0007 0.0012 0.0019 0.0030 0.0049 0.0078 0.0125 0.0200 0.0321 0.0514 0.0820 0.1309 0.2090 0.3331 0.5308 0.8443 1.0000 1.0000 1.0000 1.0000 1.0000 1.0000 1.0000 1.0000 1.0000 0.0000 0.0000 0.0001 0.0001 0.0002 0.0003 0.0004 0.0006 0.0009 0.0014 0.0020 0.0026 0.0031 0.0035 0.0038 0.0039 0.0039 0.0039 0.0040 0.0040 0.0040 0.0039 0.0039 0.0039 0.0038 0.0035 0.0031 0.0026 0.0020 0.0014 0.0009 0.0006 0.0004 0.0003 0.0002 0.0001 0.0001 0.0000 0.0000 1.0000 1.0000 1.0000 1.0000 1.0000 1.0000 1.0000 1.0000 1.0000 0.8443 0.5308 0.3331 0.2090 0.1309 0.0820 0.0514 0.0321 0.0200 0.0125 0.0078 0.0049 0.0030 0.0019 0.0012 0.0007 0.0005 0.0003 0.0002 0.0001 0.0001 0.0000
0.0001 0.0001 0.0002 0.0003 0.0004 0.0007 0.0012 0.0019 0.0030 0.0048 0.0077 0.0124 0.0198 0.0318 0.0510 0.0817 0.1307 0.2087 0.3331 0.5318 0.8475 1.0000 1.0000 1.0000 1.0000 1.0000 1.0000 1.0000 1.0000 1.0000 0.0000 0.0000 0.0001 0.0001 0.0002 0.0003 0.0004 0.0006 0.0010 0.0015 0.0022 0.0032 0.0042 0.0051 0.0058 0.0062 0.0064 0.0065 0.0065 0.0065 0.0065 0.0065 0.0065 0.0065 0.0064 0.0062 0.0058 0.0051 0.0042 0.0032 0.0022 0.0015 0.0010 0.0006 0.0004 0.0003 0.0002 0.0001 0.0001 0.0000 0.0000 1.0000 1.0000 1.0000 1.0000 1.0000 1.0000 1.0000 1.0000 1.0000 0.8475 0.5318 0.3331 0.2087 0.1307 0.0817 0.0510 0.0318 0.0198 0.0124 0.0077 0.0048 0.0030 0.0019 0.0012 0.0007 0.0004 0.0003 0.0002 0.0001 0.0001
0.0001 0.0002 0.0003 0.0004 0.0007 0.0011 0.0018 0.0029 0.0047 0.0076 0.0122 0.0196 0.0314 0.0505 0.0809 0.1297 0.2075 0.3319 0.5308 0.8475 1.0000 1.0000 1.0000 1.0000 1.0000 1.0000 1.0000 1.0000 1.0000 0.0000 0.0000 0.0001 0.0001 0.0002 0.0003 0.0004 0.0006 0.0010 0.0016 0.0024 0.0036 0.0052 0.0069 0.0084 0.0095 0.0102 0.0105 0.0107 0.0108 0.0108 0.0108 0.0108 0.0108 0.0107 0.0105 0.0102 0.0095 0.0084 0.0069 0.0052 0.0036 0.0024 0.0016 0.0010 0.0006 0.0004 0.0003 0.0002 0.0001 0.0001 0.0000 0.0000 1.0000 1.0000 1.0000 1.0000 1.0000 1.0000 1.0000 1.0000 1.0000 0.8475 0.5308 0.3319 0.2075 0.1297 0.0809 0.0505 0.0314 0.0196 0.0122 0.0076 0.0047 0.0029 0.0018 0.0011 0.0007 0.0004 0.0003 0.0002 0.0001
0.0002 0.0003 0.0004 0.0007 0.0011 0.0018 0.0029 0.0046 0.0075 0.0120 0.0193 0.0310 0.0498 0.0800 0.1282 0.2059 0.3300 0.5278 0.8443 1.0000 1.0000 1.0000 1.0000 1.0000 1.0000 1.0000 1.0000 1.0000 0.0000 0.0000 0.0001 0.0001 0.0002 0.0003 0.0004 0.0007 0.0010 0.0016 0.0025 0.0039 0.0058 0.0084 0.0112 0.0138 0.0156 0.0168 0.0173 0.0176 0.0177 0.0178 0.0178 0.0178 0.0177 0.0176 0.0173 0.0168 0.0156 0.0138 0.0112 0.0084 0.0058 0.0039 0.0025 0.0016 0.0010 0.0007 0.0004 0.0003 0.0002 0.0001 0.0001 0.0000 0.0000 1.0000 1.0000 1.0000 1.0000 1.0000 1.0000 1.0000 1.0000 1.0000 0.8443 0.5278 0.3300 0.2059 0.1282 0.0800 0.0498 0.0310 0.0193 0.0120 0.0075 0.0046 0.0029 0.0018 0.0011 0.0007 0.0004 0.0003 0.0002
0.0003 0.0004 0.0007 0.0011 0.0018 0.0028 0.0046 0.0074 0.0118 0.0190 0.0305 0.0491 0.0788 0.1268 0.2036 0.3262 0.5238 0.8395 1.0000 1.0000 1.0000 1.0000 1.0000 1.0000 1.0000 1.0000 1.0000 0.0000 0.0000 0.0001 0.0001 0.0002 0.0003 0.0004 0.0007 0.0011 0.0017 0.0026 0.0041 0.0063 0.0094 0.0135 0.0182 0.0225 0.0257 0.0276 0.0286 0.0291 0.0293 0.0294 0.0294 0.0294 0.0293 0.0291 0.0286 0.0276 0.0257 0.0225 0.0182 0.0135 0.0094 0.0063 0.0041 0.0026 0.0017 0.0011 0.0007 0.0004 0.0003 0.0002 0.0001 0.0001 0.0000 0.0000 1.0000 1.0000 1.0000 1.0000 1.0000 1.0000 1.0000 1.0000 1.0000 0.8395 0.5238 0.3262 0.2036 0.1268 0.0788 0.0491 0.0305 0.0190 0.0118 0.0074 0.0046 0.0028 0.0018 0.0011 0.0007 0.0004 0.0003
0.0004 0.0007 0.0011 0.0017 0.0028 0.0045 0.0072 0.0116 0.0187 0.0300 0.0483 0.0776 0.1249 0.2005 0.3225 0.5179 0.8300 1.0000 1.0000 1.0000 1.0000 1.0000 1.0000 1.0000 1.0000 1.0000 0.0000 0.0000 0.0001 0.0001 0.0002 0.0003 0.0004 0.0007 0.0011 0.0017 0.0027 0.0042 0.0066 0.0102 0.0152 0.0220 0.0296 0.0368 0.0422 0.0455 0.0472 0.0480 0.0483 0.0485 0.0485 0.0485 0.0483 0.0480 0.0472 0.0455 0.0422 0.0368 0.0296 0.0220 0.0152 0.0102 0.0066 0.0042 0.0027 0.0017 0.0011 0.0007 0.0004 0.0003 0.0002 0.0001 0.0001 0.0000 0.0000 1.0000 1.0000 1.0000 1.0000 1.0000 1.0000 1.0000 1.0000 1.0000 0.8300 0.5179 0.3225 0.2005 0.1249 0.0776 0.0483 0.0300 0.0187 0.0116 0.0072 0.0045 0.0028 0.0017 0.0011 0.0007 0.0004
0.0007 0.0011 0.0017 0.0028 0.0044 0.0071 0.0115 0.0184 0.0296 0.0476 0.0764 0.1230 0.1975 0.3177 0.5101 0.8205 1.0000 1.0000 1.0000 1.0000 1.0000 1.0000 1.0000 1.0000 1.0000 0.0000 0.0000 0.0001 0.0001 0.0002 0.0003 0.0004 0.0007 0.0011 0.0017 0.0027 0.0043 0.0068 0.0106 0.0164 0.0246 0.0355 0.0482 0.0603 0.0694 0.0749 0.0778 0.0793 0.0799 0.0802 0.0802 0.0802 0.0799 0.0793 0.0778 0.0749 0.0694 0.0603 0.0482 0.0355 0.0246 0.0163 0.0106 0.0068 0.0043 0.0027 0.0017 0.0011 0.0007 0.0004 0.0003 0.0002 0.0001 0.0001 0.0000 0.0000 1.0000 1.0000 1.0000 1.0000 1.0000 1.0000 1.0000 1.0000 1.0000 0.8205 0.5101 0.3177 0.1975 0.1230 0.0764 0.0476 0.0296 0.0184 0.0115 0.0071 0.0044 0.0028 0.0017 0.0011 0.0007
0.0011 0.0017 0.0027 0.0044 0.0070 0.0113 0.0181 0.0291 0.0469 0.0753 0.1211 0.1945 0.3129 0.5024 0.8082 1.0000 1.0000 1.0000 1.0000 1.0000 1.0000 1.0000 1.0000 1.0000 0.0000 0.0000 0.0001 0.0001 0.0002 0.0003 0.0004 0.0007 0.0011 0.0018 0.0028 0.0044 0.0069 0.0109 0.0171 0.0264 0.0397 0.0576 0.0784 0.0984 0.1137 0.1232 0.1282 0.1307 0.1319 0.1322 0.1324 0.1322 0.1319 0.1307 0.1282 0.1232 0.1137 0.0984 0.0784 0.0576 0.0397 0.0264 0.0171 0.0109 0.0069 0.0044 0.0028 0.0018 0.0011 0.0007 0.0004 0.0003 0.0002 0.0001 0.0001 0.0000 0.0000 1.0000 1.0000 1.0000 1.0000 1.0000 1.0000 1.0000 1.0000 1.0000 0.8082 0.5024 0.3129 0.1945 0.1211 0.0753 0.0468 0.0291 0.0181 0.0113 0.0070 0.0044 0.0027 0.0017 0.0011
0.0017 0.0027 0.0043 0.0069 0.0111 0.0178 0.0287 0.0461 0.0741 0.1193 0.1915 0.3081 0.4948 0.7960 1.0000 1.0000 1.0000 1.0000 1.0000 1.0000 1.0000 1.0000 1.0000 0.0000 0.0000 0.0001 0.0001 0.0002 0.0003 0.0004 0.0007 0.0011 0.0018 0.0028 0.0045 0.0071 0.0112 0.0176 0.0275 0.0425 0.0642 0.0932 0.1273 0.1608 0.1869 0.2028 0.2114 0.2155 0.2176 0.2184 0.2184 0.2184 0.2176 0.2155 0.2114 0.2028 0.1869 0.1608 0.1273 0.0932 0.0640 0.0425 0.0275 0.0176 0.0112 0.0071 0.0045 0.0028 0.0018 0.0011 0.0007 0.0004 0.0003 0.0002 0.0001 0.0001 0.0000 0.0000 1.0000 1.0000 1.0000 1.0000 1.0000 1.0000 1.0000 1.0000 1.0000 0.7960 0.4948 0.3081 0.1915 0.1191 0.0741 0.0461 0.0287 0.0178 0.0111 0.0069 0.0043 0.0027 0.0017
0.0027 0.0042 0.0068 0.0109 0.0176 0.0283 0.0454 0.0730 0.1173 0.1886 0.3035 0.4873 0.7839 1.0000 1.0000 1.0000 1.0000 1.0000 1.0000 1.0000 1.0000 1.0000 0.0000 0.0000 0.0001 0.0001 0.0002 0.0003 0.0004 0.0007 0.0011 0.0018 0.0028 0.0045 0.0071 0.0113 0.0179 0.0282 0.0442 0.0683 0.1034 0.1507 0.2071 0.2626 0.3064 0.3338 0.3487 0.3561 0.3588 0.3608 0.3608 0.3608 0.3588 0.3561 0.3487 0.3338 0.3064 0.2626 0.2071 0.1507 0.1034 0.0683 0.0441 0.0282 0.0179 0.0113 0.0071 0.0045 0.0028 0.0018 0.0011 0.0007 0.0004 0.0003 0.0002 0.0001 0.0001 0.0000 0.0000 1.0000 1.0000 1.0000 1.0000 1.0000 1.0000 1.0000 1.0000 1.0000 0.7839 0.4873 0.3029 0.1886 0.1173 0.0730 0.0454 0.0282 0.0176 0.0109 0.0068 0.0042 0.0027
0.0042 0.0067 0.0108 0.0173 0.0278 0.0447 0.0719 0.1155 0.1858 0.2983 0.4799 0.7721 1.0000 1.0000 1.0000 1.0000 1.0000 1.0000 1.0000 1.0000 1.0000 0.0000 0.0000 0.0001 0.0001 0.0002 0.0003 0.0004 0.0007 0.0011 0.0018 0.0029 0.0045 0.0072 0.0115 0.0182 0.0288 0.0453 0.0710 0.1099 0.1667 0.2439 0.3363 0.4290 0.5024 0.5493 0.5739 0.5871 0.5927 0.5950 0.5961 0.5950 0.5927 0.5871 0.5739 0.5493 0.5024 0.4290 0.3363 0.2434 0.1667 0.1099 0.0710 0.0453 0.0287 0.0182 0.0115 0.0072 0.0045 0.0029 0.0018 0.0011 0.0007 0.0004 0.0003 0.0002 0.0001 0.0001 0.0000 0.0000 1.0000 1.0000 1.0000 1.0000 1.0000 1.0000 1.0000 1.0000 1.0000 0.7706 0.4799 0.2983 0.1858 0.1155 0.0718 0.0447 0.0278 0.0173 0.0108 0.0067 0.0042
0.0067 0.0106 0.0170 0.0274 0.0440 0.0707 0.1137 0.1830 0.2938 0.4727 0.7590 1.0000 1.0000 1.0000 1.0000 1.0000 1.0000 1.0000 1.0000 1.0000 0.0000 0.0000 0.0001 0.0001 0.0002 0.0003 0.0004 0.0007 0.0011 0.0018 0.0029 0.0046 0.0073 0.0116 0.0184 0.0291 0.0461 0.0728 0.1140 0.1768 0.2687 0.3938 0.5452 0.6994 0.8237 0.9024 0.9463 0.9682 0.9774 0.9830 0.9830 0.9830 0.9774 0.9682 0.9463 0.9024 0.8237 0.6994 0.5452 0.3938 0.2687 0.1768 0.1140 0.0728 0.0461 0.0291 0.0184 0.0116 0.0073 0.0046 0.0029 0.0018 0.0011 0.0007 0.0004 0.0003 0.0002 0.0001 0.0001 0.0000 0.0000 1.0000 1.0000 1.0000 1.0000 1.0000 1.0000 1.0000 1.0000 1.0000 0.7590 0.4727 0.2938 0.1826 0.1137 0.0707 0.0440 0.0274 0.0170 0.0106 0.0067
0.0105 0.0168 0.0270 0.0434 0.0696 0.1120 0.1799 0.2894 0.4656 0.7475 1.0000 1.0000 1.0000 1.0000 1.0000 1.0000 1.0000 1.0000 1.0000 0.0000 0.0000 0.0001 0.0001 0.0002 0.0003 0.0004 0.0007 0.0011 0.0018 0.0029 0.0046 0.0073 0.0116 0.0185 0.0294 0.0466 0.0739 0.1166 0.1830 0.2839 0.4323 0.6360 0.8854 1.0000 1.0000 1.0000 1.0000 1.0000 1.0000 1.0000 1.0000 1.0000 1.0000 1.0000 1.0000 1.0000 1.0000 1.0000 0.8854 0.6360 0.4323 0.2839 0.1830 0.1166 0.0739 0.0466 0.0294 0.0185 0.0116 0.0073 0.0046 0.0029 0.0018 0.0011 0.0007 0.0004 0.0003 0.0002 0.0001 0.0001 0.0000 0.0000 1.0000 1.0000 1.0000 1.0000 1.0000 1.0000 1.0000 1.0000 1.0000 0.7475 0.4647 0.2894 0.1799 0.1120 0.0696 0.0433 0.0270 0.0168 0.0105
0.0167 0.0266 0.0426 0.0686 0.1103 0.1772 0.2850 0.4577 0.7362 1.0000 1.0000 1.0000 1.0000 1.0000 1.0000 1.0000 1.0000 1.0000 0.0000 0.0000 0.0001 0.0001 0.0002 0.0003 0.0004 0.0007 0.0011 0.0018 0.0029 0.0046 0.0073 0.0116 0.0186 0.0295 0.0470 0.0747 0.1184 0.1869 0.2938 0.4568 0.6954 1.0000 1.0000 1.0000 1.0000 1.0000 1.0000 1.0000 1.0000 1.0000 1.0000 1.0000 1.0000 1.0000 1.0000 1.0000 1.0000 1.0000 1.0000 1.0000 0.6954 0.4568 0.2938 0.1869 0.1184 0.0746 0.0470 0.0295 0.0185 0.0117 0.0073 0.0046 0.0029 0.0018 0.0011 0.0007 0.0004 0.0003 0.0002 0.0001 0.0001 0.0000 0.0000 1.0000 1.0000 1.0000 1.0000 1.0000 1.0000 1.0000 1.0000 1.0000 0.7362 0.4577 0.2850 0.1772 0.1101 0.0686 0.0426 0.0265 0.0167
0.0264 0.0420 0.0676 0.1085 0.1745 0.2807 0.4507 0.7251 1.0000 1.0000 1.0000 1.0000 1.0000 1.0000 1.0000 1.0000 1.0000 0.0000 0.0000 0.0001 0.0001 0.0002 0.0003 0.0004 0.0007 0.0011 0.0018 0.0028 0.0045 0.0073 0.0116 0.0186 0.0296 0.0472 0.0751 0.1193 0.1894 0.2995 0.4709 0.7335 1.0000 1.0000 1.0000 1.0000 1.0000 1.0000 1.0000 1.0000 1.0000 1.0000 1.0000 1.0000 1.0000 1.0000 1.0000 1.0000 1.0000 1.0000 1.0000 1.0000 1.0000 0.7321 0.4709 0.2995 0.1894 0.1193 0.0750 0.0472 0.0296 0.0185 0.0116 0.0073 0.0045 0.0028 0.0018 0.0011 0.0007 0.0004 0.0003 0.0002 0.0001 0.0001 0.0000 0.0000 1.0000 1.0000 1.0000 1.0000 1.0000 1.0000 1.0000 1.0000 1.0000 0.7251 0.4507 0.2802 0.1745 0.1085 0.0676 0.0420 0.0264
0.0417 0.0664 0.1068 0.1719 0.2760 0.4439 0.7142 1.0000 1.0000 1.0000 1.0000 1.0000 1.0000 1.0000 1.0000 1.0000 0.0000 0.0000 0.0001 0.0001 0.0002 0.0003 0.0004 0.0007 0.0011 0.0018 0.0028 0.0045 0.0072 0.0116 0.0185 0.0295 0.0472 0.0753 0.1197 0.1908 0.3029 0.4790 0.7547 1.0000 1.0000 1.0000 1.0000 1.0000 1.0000 1.0000 1.0000 1.0000 1.0000 1.0000 1.0000 1.0000 1.0000 1.0000 1.0000 1.0000 1.0000 1.0000 1.0000 1.0000 1.0000 1.0000 0.7547 0.4790 0.3023 0.1904 0.1197 0.0751 0.0472 0.0295 0.0185 0.0116 0.0072 0.0045 0.0028 0.0018 0.0011 0.0007 0.0004 0.0003 0.0002 0.0001 0.0001 0.0000 0.0000 1.0000 1.0000 1.0000 1.0000 1.0000 1.0000 1.0000 1.0000 1.0000 0.7128 0.4439 0.2760 0.1715 0.1066 0.0663 0.0417
0.0658 0.1048 0.1686 0.2713 0.4364 0.7021 1.0000 1.0000 1.0000 1.0000 1.0000 1.0000 1.0000 1.0000 1.0000 0.0000 0.0000 0.0001 0.0001 0.0002 0.0003 0.0004 0.0007 0.0011 0.0017 0.0028 0.0045 0.0071 0.0115 0.0184 0.0294 0.0470 0.0751 0.1197 0.1912 0.3046 0.4836 0.7662 1.0000 1.0000 1.0000 1.0000 1.0000 1.0000 1.0000 1.0000 1.0000 1.0000 1.0000 1.0000 1.0000 1.0000 1.0000 1.0000 1.0000 1.0000 1.0000 1.0000 1.0000 1.0000 1.0000 1.0000 1.0000 0.7662 0.4836 0.3041 0.1912 0.1197 0.0750 0.0470 0.0294 0.0184 0.0115 0.0071 0.0045 0.0028 0.0017 0.0011 0.0007 0.0004 0.0003 0.0002 0.0001 0.0001 0.0000 0.0000 1.0000 1.0000 1.0000 1.0000 1.0000 1.0000 1.0000 1.0000 1.0000 0.7007 0.4356 0.2708 0.1683 0.1044 0.0657
0.1036 0.1651 0.2657 0.4274 0.6888 1.0000 1.0000 1.0000 1.0000 1.0000 1.0000 1.0000 1.0000 1.0000 0.0000 0.0000 0.0001 0.0001 0.0002 0.0003 0.0004 0.0007 0.0011 0.0017 0.0027 0.0044 0.0071 0.0113 0.0182 0.0291 0.0466 0.0747 0.1195 0.1908 0.3046 0.4854 0.7721 1.0000 1.0000 1.0000 1.0000 1.0000 1.0000 1.0000 1.0000 1.0000 1.0000 1.0000 1.0000 1.0000 1.0000 1.0000 1.0000 1.0000 1.0000 1.0000 1.0000 1.0000 1.0000 1.0000 1.0000 1.0000 1.0000 1.0000 0.7706 0.4845 0.3041 0.1904 0.1193 0.0746 0.0466 0.0291 0.0182 0.0113 0.0071 0.0044 0.0027 0.0017 0.0011 0.0007 0.0004 0.0003 0.0002 0.0001 0.0001 0.0000 0.0000 1.0000 1.0000 1.0000 1.0000 1.0000 1.0000 1.0000 1.0000 1.0000 0.6862 0.4257 0.2646 0.1642 0.1032
0.1626 0.2592 0.4177 0.6720 1.0000 1.0000 1.0000 1.0000 1.0000 1.0000 1.0000 1.0000 1.0000 0.0000 0.0000 0.0001 0.0001 0.0002 0.0003 0.0004 0.0006 0.0010 0.0017 0.0027 0.0043 0.0070 0.0112 0.0179 0.0288 0.0462 0.0740 0.1186 0.1897 0.3035 0.4845 0.7721 1.0000 1.0000 1.0000 1.0000 1.0000 1.0000 1.0000 1.0000 1.0000 1.0000 1.0000 1.0000 1.0000 1.0000 1.0000 1.0000 1.0000 1.0000 1.0000 1.0000 1.0000 1.0000 1.0000 1.0000 1.0000 1.0000 1.0000 1.0000 1.0000 0.7706 0.4836 0.3023 0.1894 0.1184 0.0739 0.0461 0.0287 0.0179 0.0112 0.0069 0.0043 0.0027 0.0017 0.0010 0.0006 0.0004 0.0003 0.0002 0.0001 0.0001 0.0000 0.0000 1.0000 1.0000 1.0000 1.0000 1.0000 1.0000 1.0000 1.0000 1.0000 0.6669 0.4146 0.2572 0.1614
0.2538 0.4044 0.6519 1.0000 1.0000 1.0000 1.0000 1.0000 1.0000 1.0000 1.0000 1.0000 0.0000 0.0000 0.0001 0.0001 0.0002 0.0002 0.0004 0.0006 0.0010 0.0016 0.0026 0.0043 0.0068 0.0110 0.0176 0.0283 0.0455 0.0730 0.1170 0.1876 0.3006 0.4809 0.7692 1.0000 1.0000 1.0000 1.0000 1.0000 1.0000 1.0000 1.0000 1.0000 1.0000 1.0000 1.0000 1.0000 1.0000 1.0000 1.0000 1.0000 1.0000 1.0000 1.0000 1.0000 1.0000 1.0000 1.0000 1.0000 1.0000 1.0000 1.0000 1.0000 1.0000 1.0000 0.7662 0.4790 0.2995 0.1869 0.1166 0.0728 0.0453 0.0282 0.0176 0.0109 0.0068 0.0042 0.0026 0.0016 0.0010 0.0006 0.0004 0.0002 0.0002 0.0001 0.0001 0.0000 0.0000 1.0000 1.0000 1.0000 1.0000 1.0000 1.0000 1.0000 1.0000 1.0000 0.6420 0.3983 0.2495
0.3916 0.6252 1.0000 1.0000 1.0000 1.0000 1.0000 1.0000 1.0000 1.0000 1.0000 0.0000 0.0000 0.0001 0.0001 0.0001 0.0002 0.0004 0.0006 0.0010 0.0016 0.0026 0.0041 0.0067 0.0107 0.0172 0.0277 0.0445 0.0717 0.1151 0.1847 0.2961 0.4745 0.7604 1.0000 1.0000 1.0000 1.0000 1.0000 1.0000 1.0000 1.0000 1.0000 1.0000 0.0000 0.0000 0.0000 0.0000 0.0000 0.0000 0.0000 0.0000 0.0000 0.0000 0.0000 0.0000 1.0000 1.0000 1.0000 1.0000 1.0000 1.0000 1.0000 1.0000 1.0000 1.0000 1.0000 0.7547 0.4709 0.2938 0.1830 0.1140 0.0710 0.0441 0.0275 0.0171 0.0106 0.0066 0.0041 0.0025 0.0016 0.0010 0.0006 0.0004 0.0002 0.0001 0.0001 0.0001 0.0000 0.0000 1.0000 1.0000 1.0000 1.0000 1.0000 1.0000 1.0000 1.0000 0.9793 0.6064 0.3791
0.5916 0.9463 1.0000 1.0000 1.0000 1.0000 1.0000 1.0000 1.0000 1.0000 0.0000 0.0000 0.0001 0.0001 0.0001 0.0002 0.0004 0.0006 0.0010 0.0015 0.0025 0.0040 0.0065 0.0104 0.0167 0.0269 0.0433 0.0696 0.1118 0.1799 0.2888 0.4638 0.7447 1.0000 1.0000 1.0000 1.0000 1.0000 1.0000 1.0000 1.0000 1.0000 1.0000 0.0000 0.0000 0.0000 0.0000 0.0000 0.0000 0.0000 0.0000 0.0000 0.0000 0.0000 0.0000 0.0000 0.0000 0.0000 1.0000 1.0000 1.0000 1.0000 1.0000 1.0000 1.0000 1.0000 1.0000 1.0000 0.7321 0.4568 0.2839 0.1768 0.1099 0.0683 0.0425 0.0264 0.0163 0.0102 0.0063 0.0039 0.0024 0.0015 0.0009 0.0006 0.0004 0.0002 0.0001 0.0001 0.0001 0.0000 0.0000 1.0000 1.0000 1.0000 1.0000 1.0000 1.0000 1.0000 1.0000 0.8956 0.5588
0.8638 1.0000 1.0000 1.0000 1.0000 1.0000 1.0000 1.0000 1.0000 1.0000 0.0000 0.0001 0.0001 0.0001 0.0002 0.0003 0.0006 0.0009 0.0015 0.0024 0.0038 0.0061 0.0099 0.0159 0.0257 0.0414 0.0665 0.1072 0.1728 0.2781 0.4473 0.7183 1.0000 1.0000 1.0000 1.0000 1.0000 1.0000 1.0000 1.0000 1.0000 0.0000 0.0000 0.0000 0.0001 0.0001 0.0001 0.0001 0.0001 0.0001 0.0001 0.0001 0.0001 0.0001 0.0001 0.0001 0.0000 0.0000 0.0000 0.0000 1.0000 1.0000 1.0000 1.0000 1.0000 1.0000 1.0000 1.0000 1.0000 0.6954 0.4323 0.2687 0.1667 0.1034 0.0640 0.0397 0.0246 0.0152 0.0094 0.0058 0.0036 0.0022 0.0014 0.0009 0.0005 0.0003 0.0002 0.0001 0.0001 0.0000 0.0000 1.0000 1.0000 1.0000 1.0000 1.0000 1.0000 1.0000 1.0000 1.0000 0.7839
1.0000 1.0000 1.0000 1.0000 1.0000 1.0000 1.0000 1.0000 1.0000 0.0000 0.0000 0.0001 0.0001 0.0002 0.0003 0.0005 0.0008 0.0013 0.0022 0.0035 0.0056 0.0091 0.0147 0.0238 0.0384 0.0620 0.0999 0.1614 0.2606 0.4201 0.6771 1.0000 1.0000 1.0000 1.0000 1.0000 1.0000 1.0000 1.0000 1.0000 0.0000 0.0000 0.0000 0.0001 0.0001 0.0001 0.0001 0.0001 0.0001 0.0001 0.0001 0.0001 0.0001 0.0001 0.0001 0.0001 0.0001 0.0001 0.0000 0.0000 0.0000 1.0000 1.0000 1.0000 1.0000 1.0000 1.0000 1.0000 1.0000 1.0000 0.6360 0.3938 0.2434 0.1507 0.0932 0.0576 0.0355 0.0220 0.0135 0.0084 0.0052 0.0032 0.0020 0.0012 0.0007 0.0005 0.0003 0.0002 0.0001 0.0001 0.0000 0.0000 1.0000 1.0000 1.0000 1.0000 1.0000 1.0000 1.0000 1.0000 1.0000
1.0000 1.0000 1.0000 1.0000 1.0000 1.0000 1.0000 1.0000 0.0000 0.0000 0.0001 0.0001 0.0002 0.0003 0.0004 0.0007 0.0011 0.0019 0.0030 0.0049 0.0079 0.0129 0.0209 0.0339 0.0549 0.0890 0.1440 0.2334 0.3777 0.6111 0.9887 1.0000 1.0000 1.0000 1.0000 1.0000 1.0000 1.0000 1.0000 0.0000 0.0000 0.0000 0.0001 0.0001 0.0001 0.0001 0.0001 0.0001 0.0001 0.0001 0.0001 0.0001 0.0001 0.0001 0.0001 0.0001 0.0001 0.0001 0.0001 0.0000 0.0000 1.0000 1.0000 1.0000 1.0000 1.0000 1.0000 1.0000 1.0000 1.0000 0.8854 0.5452 0.3363 0.2071 0.1273 0.0784 0.0482 0.0296 0.0182 0.0112 0.0069 0.0042 0.0026 0.0016 0.0010 0.0006 0.0004 0.0002 0.0001 0.0001 0.0001 0.0000 1.0000 1.0000 1.0000 1.0000 1.0000 1.0000 1.0000 1.0000 1.0000
1.0000 1.0000 1.0000 1.0000 1.0000 1.0000 1.0000 1.0000 0.0000 0.0000 0.0001 0.0001 0.0002 0.0003 0.0006 0.0009 0.0015 0.0024 0.0039 0.0064 0.0105 0.0170 0.0278 0.0452 0.0736 0.1200 0.1952 0.3171 0.5159 0.8379 1.0000 1.0000 1.0000 1.0000 1.0000 1.0000 1.0000 1.0000 1.0000 0.0000 0.0000 0.0001 0.0001 0.0001 0.0002 0.0002 0.0002 0.0002 0.0002 0.0002 0.0002 0.0002 0.0002 0.0002 0.0002 0.0002 0.0001 0.0001 0.0001 0.0001 0.0000 0.0000 1.0000 1.0000 1.0000 1.0000 1.0000 1.0000 1.0000 1.0000 1.0000 0.6994 0.4290 0.2626 0.1608 0.0984 0.0603 0.0368 0.0225 0.0138 0.0084 0.0051 0.0031 0.0019 0.0012 0.0007 0.0004 0.0003 0.0002 0.0001 0.0001 0.0000 0.0000 1.0000 1.0000 1.0000 1.0000 1.0000 1.0000 1.0000 1.0000
1.0000 1.0000 1.0000 1.0000 1.0000 1.0000 1.0000 0.0000 0.0000 0.0001 0.0001 0.0001 0.0002 0.0004 0.0007 0.0011 0.0018 0.0029 0.0047 0.0077 0.0127 0.0207 0.0340 0.0556 0.0911 0.1490 0.2434 0.3976 0.6506 1.0000 1.0000 1.0000 1.0000 1.0000 1.0000 1.0000 1.0000 1.0000 0.0000 0.0000 0.0001 0.0001 0.0001 0.0002 0.0002 0.0002 0.0002 0.0002 0.0002 0.0002 0.0002 0.0002 0.0002 0.0002 0.0002 0.0002 0.0002 0.0001 0.0001 0.0001 0.0000 0.0000 1.0000 1.0000 1.0000 1.0000 1.0000 1.0000 1.0000 1.0000 1.0000 0.8237 0.5024 0.3064 0.1869 0.1137 0.0694 0.0422 0.0257 0.0156 0.0095 0.0058 0.0035 0.0021 0.0013 0.0008 0.0005 0.0003 0.0002 0.0001 0.0001 0.0000 0.0000 1.0000 1.0000 1.0000 1.0000 1.0000 1.0000 1.0000 1.0000
1.0000 1.0000 1.0000 1.0000 1.0000 1.0000 1.0000 0.0000 0.0000 0.0001 0.0001 0.0002 0.0003 0.0004 0.0007 0.0012 0.0019 0.0032 0.0053 0.0086 0.0142 0.0234 0.0384 0.0631 0.1038 0.1706 0.2797 0.4594 0.7532 1.0000 1.0000 1.0000 1.0000 1.0000 1.0000 1.0000 1.0000 1.0000 0.0000 0.0000 0.0001 0.0001 0.0001 0.0002 0.0002 0.0002 0.0002 0.0002 0.0002 0.0002 0.0002 0.0002 0.0002 0.0002 0.0002 0.0002 0.0002 0.0002 0.0001 0.0001 0.0001 0.0000 0.0000 1.0000 1.0000 1.0000 1.0000 1.0000 1.0000 1.0000 1.0000 0.9024 0.5493 0.3338 0.2028 0.1232 0.0749 0.0455 0.0276 0.0168 0.0102 0.0062 0.0038 0.0023 0.0014 0.0008 0.0005 0.0003 0.0002 0.0001 0.0001 0.0000 0.0000 1.0000 1.0000 1.0000 1.0000 1.0000 1.0000 1.0000 1.0000
1.0000 1.0000 1.0000 1.0000 1.0000 1.0000 1.0000 0.0000 0.0000 0.0001 0.0001 0.0002 0.0003 0.0005 0.0008 0.0012 0.0020 0.0034 0.0056 0.0092 0.0151 0.0248 0.0409 0.0674 0.1110 0.1830 0.3012 0.4957 0.8159 1.0000 1.0000 1.0000 1.0000 1.0000 1.0000 1.0000 1.0000 0.0000 0.0000 0.0001 0.0001 0.0001 0.0002 0.0002 0.0002 0.0003 0.0003 0.0003 0.0003 0.0003 0.0003 0.0003 0.0002 0.0002 0.0002 0.0002 0.0002 0.0002 0.0001 0.0001 0.0001 0.0000 0.0000 1.0000 1.0000 1.0000 1.0000 1.0000 1.0000 1.0000 1.0000 0.9463 0.5739 0.3487 0.2114 0.1282 0.0778 0.0472 0.0286 0.0173 0.0105 0.0064 0.0039 0.0023 0.0014 0.0009 0.0005 0.0003 0.0002 0.0001 0.0001 0.0000 0.0000 1.0000 1.0000 1.0000 1.0000 1.0000 1.0000 1.0000 1.0000
1.0000 1.0000 1.0000 1.0000 1.0000 1.0000 1.0000 0.0000 0.0000 0.0001 0.0001 0.0002 0.0003 0.0005 0.0008 0.0013 0.0021 0.0034 0.0057 0.0094 0.0154 0.0255 0.0420 0.0694 0.1144 0.1886 0.3111 0.5130 0.8443 1.0000 1.0000 1.0000 1.0000 1.0000 1.0000 1.0000 1.0000 0.0000 0.0000 0.0001 0.0001 0.0001 0.0002 0.0002 0.0002 0.0003 0.0003 0.0003 0.0003 0.0003 0.0003 0.0003 0.0003 0.0002 0.0002 0.0002 0.0002 0.0002 0.0001 0.0001 0.0001 0.0000 0.0000 1.0000 1.0000 1.0000 1.0000 1.0000 1.0000 1.0000 1.0000 0.9682 0.5871 0.3561 0.2155 0.1307 0.0793 0.0480 0.0291 0.0176 0.0107 0.0065 0.0039 0.0024 0.0014 0.0009 0.0005 0.0003 0.0002 0.0001 0.0001 0.0000 0.0000 1.0000 1.0000 1.0000 1.0000 1.0000 1.0000 1.0000 1.0000
1.0000 1.0000 1.0000 1.0000 1.0000 1.0000 1.0000 0.0000 0.0000 0.0001 0.0001 0.0002 0.0003 0.0005 0.0008 0.0013 0.0021 0.0035 0.0057 0.0094 0.0155 0.0256 0.0422 0.0698 0.1151 0.1901 0.3135 0.5169 0.8540 1.0000 1.0000 1.0000 1.0000 1.0000 1.0000 1.0000 1.0000 0.0000 0.0000 0.0001 0.0001 0.0001 0.0002 0.0002 0.0002 0.0003 0.0003 0.0003 0.0003 0.0003 0.0003 0.0003 0.0003 0.0002 0.0002 0.0002 0.0002 0.0002 0.0001 0.0001 0.0001 0.0000 0.0000 1.0000 1.0000 1.0000 1.0000 1.0000 1.0000 1.0000 1.0000 0.9774 0.5927 0.3588 0.2176 0.1319 0.0799 0.0483 0.0293 0.0177 0.0108 0.0065 0.0039 0.0024 0.0014 0.0009 0.0005 0.0003 0.0002 0.0001 0.0001 0.0000 0.0000 1.0000 1.0000 1.0000 1.0000 1.0000 1.0000 1.0000 1.0000
1.0000 1.0000 1.0000 1.0000 1.0000 1.0000 1.0000 0.0000 0.0000 0.0001 0.0001 0.0002 0.0003 0.0005 0.0008 0.0013 0.0021 0.0034 0.0057 0.0093 0.0154 0.0255 0.0420 0.0694 0.1144 0.1890 0.3117 0.5149 0.8491 1.0000 1.0000 1.0000 1.0000 1.0000 1.0000 1.0000 1.0000 0.0000 0.0000 0.0001 0.0001 0.0001 0.0002 0.0002 0.0002 0.0003 0.0003 0.0003 0.0003 0.0003 0.0003 0.0003 0.0003 0.0002 0.0002 0.0002 0.0002 0.0002 0.0001 0.0001 0.0001 0.0000 0.0000 1.0000 1.0000 1.0000 1.0000 1.0000 1.0000 1.0000 1.0000 0.9830 0.5950 0.3608 0.2184 0.1322 0.0802 0.0485 0.0294 0.0178 0.0108 0.0065 0.0040 0.0024 0.0015 0.0009 0.0005 0.0003 0.0002 0.0001 0.0001 0.0000 0.0000 1.0000 1.0000 1.0000 1.0000 1.0000 1.0000 1.0000 1.0000
1.0000 1.0000 1.0000 1.0000 1.0000 1.0000 1.0000 0.0000 0.0000 0.0001 0.0001 0.0002 0.0003 0.0005 0.0008 0.0012 0.0020 0.0034 0.0056 0.0092 0.0152 0.0251 0.0414 0.0685 0.1131 0.1865 0.3081 0.5081 0.8395 1.0000 1.0000 1.0000 1.0000 1.0000 1.0000 1.0000 1.0000 0.0000 0.0000 0.0001 0.0001 0.0001 0.0002 0.0002 0.0002 0.0003 0.0003 0.0003 0.0003 0.0003 0.0003 0.0003 0.0003 0.0002 0.0002 0.0002 0.0002 0.0002 0.0001 0.0001 0.0001 0.0000 0.0000 1.0000 1.0000 1.0000 1.0000 1.0000 1.0000 1.0000 1.0000 0.9830 0.5961 0.3608 0.2184 0.1324 0.0802 0.0485 0.0294 0.0178 0.0108 0.0065 0.0040 0.0024 0.0015 0.0009 0.0005 0.0003 0.0002 0.0001 0.0001 0.0000 0.0000 1.0000 1.0000 1.0000 1.0000 1.0000 1.0000 1.0000 1.0000
1.0000 1.0000 1.0000 1.0000 1.0000 1.0000 1.0000 0.0000 0.0000 0.0001 0.0001 0.0002 0.0003 0.0004 0.0007 0.0012 0.0020 0.0033 0.0055 0.0090 0.0149 0.0247 0.0407 0.0672 0.1108 0.1830 0.3018 0.4985 0.8221 1.0000 1.0000 1.0000 1.0000 1.0000 1.0000 1.0000 1.0000 0.0000 0.0000 0.0001 0.0001 0.0001 0.0002 0.0002 0.0002 0.0003 0.0003 0.0003 0.0003 0.0003 0.0003 0.0003 0.0003 0.0002 0.0002 0.0002 0.0002 0.0002 0.0001 0.0001 0.0001 0.0000 0.0000 1.0000 1.0000 1.0000 1.0000 1.0000 1.0000 1.0000 1.0000 0.9830 0.5950 0.3608 0.2184 0.1322 0.0802 0.0485 0.0294 0.0178 0.0108 0.0065 0.0040 0.0024 0.0015 0.0009 0.0005 0.0003 0.0002 0.0001 0.0001 0.0000 0.0000 1.0000 1.0000 1.0000 1.0000 1.0000 1.0000 1.0000 1.0000
1.0000 1.0000 1.0000 1.0000 1.0000 1.0000 1.0000 0.0000 0.0000 0.0001 0.0001 0.0002 0.0003 0.0004 0.0007 0.0012 0.0020 0.0032 0.0054 0.0088 0.0146 0.0241 0.0397 0.0655 0.1081 0.1785 0.2944 0.4864 0.8020 1.0000 1.0000 1.0000 1.0000 1.0000 1.0000 1.0000 1.0000 0.0000 0.0000 0.0001 0.0001 0.0001 0.0002 0.0002 0.0002 0.0003 0.0003 0.0003 0.0003 0.0003 0.0003 0.0003 0.0002 0.0002 0.0002 0.0002 0.0002 0.0002 0.0001 0.0001 0.0001 0.0000 0.0000 1.0000 1.0000 1.0000 1.0000 1.0000 1.0000 1.0000 1.0000 0.9774 0.5927 0.3588 0.2176 0.1319 0.0799 0.0483 0.0293 0.0177 0.0108 0.0065 0.0039 0.0024 0.0014 0.0009 0.0005 0.0003 0.0002 0.0001 0.0001 0.0000 0.0000 1.0000 1.0000 1.0000 1.0000 1.0000 1.0000 1.0000 1.0000
1.0000 1.0000 1.0000 1.0000 1.0000 1.0000 1.0000 0.0000 0.0000 0.0001 0.0001 0.0002 0.0003 0.0004 0.0007 0.0012 0.0019 0.0031 0.0052 0.0086 0.0141 0.0233 0.0385 0.0634 0.1046 0.1725 0.2845 0.4691 0.7736 1.0000 1.0000 1.0000 1.0000 1.0000 1.0000 1.0000 1.0000 0.0000 0.0000 0.0001 0.0001 0.0001 0.0002 0.0002 0.0002 0.0002 0.0003 0.0003 0.0003 0.0003 0.0003 0.0002 0.0002 0.0002 0.0002 0.0002 0.0002 0.0002 0.0001 0.0001 0.0001 0.0000 0.0000 1.0000 1.0000 1.0000 1.0000 1.0000 1.0000 1.0000 1.0000 0.9682 0.5871 0.3561 0.2155 0.1307 0.0793 0.0480 0.0291 0.0176 0.0107 0.0065 0.0039 0.0024 0.0014 0.0009 0.0005 0.0003 0.0002 0.0001 0.0001 0.0000 0.0000 1.0000 1.0000 1.0000 1.0000 1.0000 1.0000 1.0000 1.0000
1.0000 1.0000 1.0000 1.0000 1.0000 1.0000 1.0000 0.0000 0.0000 0.0001 0.0001 0.0001 0.0002 0.0004 0.0007 0.0011 0.0018 0.0030 0.0050 0.0082 0.0135 0.0223 0.0368 0.0605 0.0998 0.1642 0.2708 0.4456 0.7335 1.0000 1.0000 1.0000 1.0000 1.0000 1.0000 1.0000 1.0000 1.0000 0.0000 0.0000 0.0001 0.0001 0.0002 0.0002 0.0002 0.0002 0.0002 0.0002 0.0002 0.0002 0.0002 0.0002 0.0002 0.0002 0.0002 0.0002 0.0002 0.0002 0.0001 0.0001 0.0001 0.0000 0.0000 1.0000 1.0000 1.0000 1.0000 1.0000 1.0000 1.0000 1.0000 0.9463 0.5739 0.3487 0.2114 0.1282 0.0778 0.0472 0.0286 0.0173 0.0105 0.0064 0.0039 0.0023 0.0014 0.0009 0.0005 0.0003 0.0002 0.0001 0.0001 0.0000 0.0000 1.0000 1.0000 1.0000 1.0000 1.0000 1.0000 1.0000 1.0000
1.0000 1.0000 1.0000 1.0000 1.0000 1.0000 1.0000 1.0000 0.0000 0.0001 0.0001 0.0001 0.0002 0.0004 0.0006 0.0010 0.0017 0.0028 0.0047 0.0077 0.0126 0.0208 0.0342 0.0563 0.0925 0.1522 0.2500 0.4106 0.6746 1.0000 1.0000 1.0000 1.0000 1.0000 1.0000 1.0000 1.0000 1.0000 0.0000 0.0000 0.0001 0.0001 0.0001 0.0002 0.0002 0.0002 0.0002 0.0002 0.0002 0.0002 0.0002 0.0002 0.0002 0.0002 0.0002 0.0002 0.0002 0.0002 0.0001 0.0001 0.0001 0.0000 0.0000 1.0000 1.0000 1.0000 1.0000 1.0000 1.0000 1.0000 1.0000 0.9024 0.5493 0.3338 0.2028 0.1232 0.0749 0.0455 0.0276 0.0168 0.0102 0.0062 0.0038 0.0023 0.0014 0.0008 0.0005 0.0003 0.0002 0.0001 0.0001 0.0000 0.0000 1.0000 1.0000 1.0000 1.0000 1.0000 1.0000 1.0000 1.0000
