0.3622 0.3036 0.2441 0.1888 0.1603 0.1479 0.1409 0.1369 0.1351 0.1351 0.1370 0.1406 0.1460 0.1535 0.1631 0.1751 0.1897 0.2071 0.2278 0.2518 0.2797 0.3113 0.3464 0.3840 0.4218 0.4548 0.4757 0.4827 0.4795 0.4683 0.4494 0.4226 0.3872 0.3423 0.2877 0.2271 0.1779 0.1558 0.1455 0.1395 0.1362 0.1349 0.1354 0.1377 0.1416 0.1471 0.1540 0.1618 0.1694 0.1751 0.1773 0.1751 0.1694 0.1618 0.1540 0.1471 0.1416 0.1377 0.1354 0.1349 0.1362 0.1395 0.1455 0.1558 0.1780 0.2271 0.2878 0.3424 0.3873 0.4227 0.4494 0.4683 0.4796 0.4827 0.4756 0.4547 0.4218 0.3840 0.3464 0.3113 0.2797 0.2518 0.2278 0.2071 0.1897 0.1751 0.1631 0.1535 0.1460 0.1406 0.1370 0.1351 0.1351 0.1369 0.1409 0.1479 0.1603 0.1888 0.2441 0.3036 0.3622
0.3036 0.2404 0.1862 0.1584 0.1469 0.1404 0.1368 0.1352 0.1355 0.1376 0.1415 0.1472 0.1549 0.1648 0.1770 0.1918 0.2095 0.2304 0.2546 0.2824 0.3137 0.3482 0.3846 0.4202 0.4497 0.4670 0.4722 0.4684 0.4572 0.4387 0.4126 0.3782 0.3347 0.2818 0.2230 0.1754 0.1542 0.1447 0.1391 0.1361 0.1351 0.1359 0.1385 0.1427 0.1488 0.1564 0.1656 0.1756 0.1853 0.1927 0.1955 0.1927 0.1853 0.1756 0.1656 0.1564 0.1487 0.1427 0.1385 0.1359 0.1351 0.1361 0.1391 0.1447 0.1542 0.1755 0.2230 0.2818 0.3347 0.3782 0.4126 0.4387 0.4572 0.4685 0.4722 0.4670 0.4497 0.4202 0.3846 0.3482 0.3137 0.2824 0.2546 0.2304 0.2095 0.1918 0.1770 0.1648 0.1549 0.1472 0.1415 0.1376 0.1355 0.1352 0.1368 0.1404 0.1469 0.1584 0.1862 0.2404 0.3036
0.2441 0.1862 0.1582 0.1467 0.1403 0.1367 0.1352 0.1356 0.1377 0.1416 0.1474 0.1552 0.1651 0.1774 0.1924 0.2102 0.2311 0.2554 0.2834 0.3148 0.3494 0.3859 0.4214 0.4505 0.4674 0.4722 0.4682 0.4567 0.4379 0.4116 0.3769 0.3330 0.2799 0.2210 0.1743 0.1537 0.1444 0.1390 0.1361 0.1351 0.1360 0.1386 0.1430 0.1492 0.1573 0.1672 0.1786 0.1910 0.2029 0.2120 0.2155 0.2120 0.2029 0.1910 0.1786 0.1671 0.1573 0.1492 0.1430 0.1386 0.1360 0.1351 0.1361 0.1390 0.1444 0.1538 0.1744 0.2210 0.2799 0.3331 0.3769 0.4116 0.4380 0.4567 0.4682 0.4722 0.4674 0.4505 0.4213 0.3858 0.3494 0.3148 0.2834 0.2554 0.2311 0.2102 0.1924 0.1774 0.1651 0.1552 0.1474 0.1416 0.1377 0.1356 0.1352 0.1367 0.1403 0.1467 0.1582 0.1862 0.2441
0.1888 0.1584 0.1467 0.1403 0.1367 0.1352 0.1356 0.1378 0.1418 0.1476 0.1555 0.1655 0.1779 0.1929 0.2108 0.2319 0.2563 0.2844 0.3160 0.3506 0.3871 0.4225 0.4513 0.4677 0.4722 0.4679 0.4562 0.4372 0.4106 0.3756 0.3314 0.2779 0.2190 0.1733 0.1533 0.1442 0.1389 0.1360 0.1351 0.1361 0.1388 0.1432 0.1496 0.1579 0.1682 0.1805 0.1945 0.2096 0.2240 0.2350 0.2393 0.2350 0.2240 0.2095 0.1945 0.1805 0.1682 0.1579 0.1496 0.1432 0.1388 0.1361 0.1351 0.1360 0.1389 0.1442 0.1533 0.1733 0.2191 0.2780 0.3314 0.3756 0.4106 0.4372 0.4562 0.4679 0.4722 0.4677 0.4513 0.4224 0.3871 0.3506 0.3160 0.2844 0.2563 0.2319 0.2108 0.1929 0.1779 0.1655 0.1555 0.1476 0.1418 0.1378 0.1356 0.1352 0.1367 0.1403 0.1467 0.1584 0.1888
0.1603 0.1469 0.1403 0.1367 0.1352 0.1356 0.1379 0.1419 0.1478 0.1558 0.1659 0.1783 0.1934 0.2115 0.2326 0.2572 0.2854 0.3171 0.3518 0.3883 0.4236 0.4521 0.4681 0.4722 0.4676 0.4557 0.4364 0.4095 0.3742 0.3297 0.2759 0.2170 0.1722 0.1529 0.1440 0.1387 0.1359 0.1351 0.1361 0.1389 0.1435 0.1499 0.1583 0.1689 0.1817 0.1967 0.2136 0.2316 0.2488 0.2620 0.2671 0.2620 0.2488 0.2316 0.2136 0.1967 0.1817 0.1689 0.1583 0.1499 0.1434 0.1389 0.1361 0.1351 0.1360 0.1387 0.1440 0.1529 0.1723 0.2171 0.2760 0.3297 0.3742 0.4095 0.4364 0.4557 0.4676 0.4722 0.4681 0.4521 0.4236 0.3883 0.3518 0.3171 0.2854 0.2572 0.2326 0.2115 0.1934 0.1783 0.1659 0.1558 0.1478 0.1419 0.1379 0.1356 0.1352 0.1367 0.1403 0.1469 0.1603
0.1479 0.1404 0.1367 0.1352 0.1356 0.1379 0.1420 0.1480 0.1560 0.1662 0.1787 0.1940 0.2121 0.2334 0.2581 0.2864 0.3182 0.3531 0.3896 0.4247 0.4528 0.4684 0.4722 0.4673 0.4551 0.4356 0.4084 0.3728 0.3280 0.2740 0.2151 0.1712 0.1525 0.1437 0.1386 0.1359 0.1351 0.1362 0.1390 0.1436 0.1502 0.1587 0.1695 0.1826 0.1981 0.2161 0.2362 0.2574 0.2775 0.2930 0.2990 0.2930 0.2775 0.2574 0.2362 0.2161 0.1981 0.1826 0.1695 0.1587 0.1502 0.1436 0.1390 0.1362 0.1351 0.1359 0.1386 0.1437 0.1525 0.1713 0.2152 0.2740 0.3281 0.3729 0.4085 0.4357 0.4552 0.4674 0.4722 0.4684 0.4528 0.4247 0.3896 0.3531 0.3182 0.2864 0.2581 0.2334 0.2121 0.1940 0.1787 0.1662 0.1560 0.1480 0.1420 0.1379 0.1356 0.1352 0.1367 0.1404 0.1479
0.1409 0.1368 0.1352 0.1356 0.1379 0.1420 0.1480 0.1561 0.1664 0.1790 0.1944 0.2126 0.2341 0.2589 0.2874 0.3194 0.3543 0.3908 0.4258 0.4536 0.4687 0.4721 0.4671 0.4546 0.4348 0.4074 0.3715 0.3263 0.2720 0.2132 0.1703 0.1521 0.1435 0.1385 0.1358 0.1352 0.1363 0.1391 0.1438 0.1504 0.1591 0.1700 0.1833 0.1992 0.2177 0.2390 0.2625 0.2871 0.3103 0.3279 0.3348 0.3280 0.3103 0.2871 0.2625 0.2390 0.2177 0.1992 0.1833 0.1700 0.1591 0.1504 0.1438 0.1391 0.1363 0.1352 0.1358 0.1385 0.1435 0.1521 0.1703 0.2132 0.2721 0.3264 0.3716 0.4075 0.4349 0.4546 0.4671 0.4721 0.4687 0.4536 0.4258 0.3908 0.3543 0.3194 0.2874 0.2589 0.2341 0.2126 0.1944 0.1790 0.1664 0.1561 0.1480 0.1420 0.1379 0.1356 0.1352 0.1368 0.1409
0.1369 0.1352 0.1356 0.1378 0.1419 0.1480 0.1561 0.1664 0.1792 0.1947 0.2130 0.2346 0.2597 0.2883 0.3204 0.3554 0.3920 0.4269 0.4543 0.4690 0.4721 0.4667 0.4540 0.4340 0.4063 0.3701 0.3247 0.2700 0.2113 0.1694 0.1517 0.1433 0.1384 0.1358 0.1352 0.1363 0.1393 0.1440 0.1507 0.1594 0.1704 0.1839 0.2000 0.2189 0.2409 0.2656 0.2927 0.3206 0.3466 0.3660 0.3735 0.3660 0.3466 0.3206 0.2927 0.2656 0.2408 0.2189 0.1999 0.1838 0.1704 0.1594 0.1507 0.1440 0.1393 0.1363 0.1352 0.1358 0.1384 0.1433 0.1518 0.1694 0.2113 0.2701 0.3247 0.3702 0.4064 0.4341 0.4541 0.4668 0.4721 0.4690 0.4543 0.4269 0.3920 0.3554 0.3204 0.2883 0.2597 0.2346 0.2130 0.1947 0.1792 0.1664 0.1561 0.1480 0.1419 0.1378 0.1356 0.1352 0.1369
0.1351 0.1355 0.1377 0.1418 0.1478 0.1560 0.1664 0.1792 0.1947 0.2133 0.2350 0.2602 0.2890 0.3213 0.3565 0.3931 0.4279 0.4550 0.4692 0.4720 0.4664 0.4535 0.4332 0.4052 0.3688 0.3230 0.2681 0.2094 0.1685 0.1514 0.1431 0.1382 0.1357 0.1352 0.1364 0.1394 0.1442 0.1510 0.1598 0.1708 0.1844 0.2006 0.2199 0.2422 0.2677 0.2962 0.3267 0.3574 0.3851 0.4050 0.4124 0.4050 0.3851 0.3574 0.3267 0.2961 0.2677 0.2422 0.2198 0.2006 0.1843 0.1708 0.1597 0.1510 0.1442 0.1394 0.1364 0.1352 0.1357 0.1382 0.1431 0.1514 0.1685 0.2095 0.2682 0.3230 0.3688 0.4053 0.4333 0.4535 0.4664 0.4720 0.4692 0.4550 0.4279 0.3931 0.3565 0.3213 0.2890 0.2602 0.2350 0.2133 0.1948 0.1792 0.1664 0.1560 0.1478 0.1418 0.1377 0.1355 0.1351
0.1351 0.1376 0.1416 0.1476 0.1558 0.1662 0.1790 0.1947 0.2133 0.2351 0.2605 0.2894 0.3219 0.3573 0.3941 0.4288 0.4557 0.4695 0.4720 0.4661 0.4529 0.4324 0.4042 0.3673 0.3212 0.2661 0.2075 0.1676 0.1510 0.1429 0.1381 0.1357 0.1352 0.1365 0.1395 0.1444 0.1512 0.1601 0.1712 0.1849 0.2013 0.2206 0.2433 0.2692 0.2984 0.3304 0.3637 0.3958 0.4226 0.4400 0.4458 0.4400 0.4226 0.3957 0.3636 0.3303 0.2984 0.2692 0.2432 0.2206 0.2012 0.1849 0.1712 0.1601 0.1512 0.1444 0.1395 0.1365 0.1352 0.1357 0.1381 0.1429 0.1510 0.1676 0.2076 0.2662 0.3213 0.3674 0.4042 0.4324 0.4529 0.4661 0.4720 0.4695 0.4557 0.4288 0.3941 0.3573 0.3219 0.2894 0.2605 0.2351 0.2133 0.1947 0.1790 0.1662 0.1558 0.1476 0.1416 0.1376 0.1351
0.1370 0.1415 0.1474 0.1555 0.1659 0.1787 0.1944 0.2130 0.2350 0.2605 0.2896 0.3222 0.3578 0.3947 0.4295 0.4562 0.4697 0.4719 0.4658 0.4524 0.4316 0.4031 0.3660 0.3195 0.2641 0.2057 0.1667 0.1507 0.1427 0.1380 0.1356 0.1352 0.1366 0.1397 0.1446 0.1515 0.1604 0.1717 0.1854 0.2019 0.2214 0.2442 0.2704 0.3001 0.3328 0.3674 0.4017 0.4317 0.4527 0.4632 0.4661 0.4632 0.4527 0.4317 0.4016 0.3674 0.3328 0.3001 0.2704 0.2441 0.2213 0.2018 0.1854 0.1716 0.1604 0.1515 0.1446 0.1397 0.1366 0.1352 0.1356 0.1380 0.1427 0.1507 0.1668 0.2058 0.2642 0.3196 0.3660 0.4031 0.4316 0.4524 0.4658 0.4719 0.4697 0.4562 0.4295 0.3947 0.3578 0.3223 0.2896 0.2605 0.2350 0.2130 0.1944 0.1787 0.1659 0.1555 0.1474 0.1415 0.1370
0.1406 0.1472 0.1552 0.1655 0.1783 0.1940 0.2126 0.2346 0.2602 0.2894 0.3222 0.3580 0.3950 0.4299 0.4565 0.4698 0.4719 0.4656 0.4519 0.4309 0.4020 0.3646 0.3178 0.2622 0.2040 0.1659 0.1503 0.1425 0.1379 0.1356 0.1352 0.1366 0.1398 0.1448 0.1518 0.1608 0.1721 0.1859 0.2025 0.2221 0.2450 0.2714 0.3014 0.3346 0.3699 0.4053 0.4365 0.4583 0.4688 0.4719 0.4722 0.4719 0.4688 0.4583 0.4365 0.4052 0.3699 0.3346 0.3014 0.2714 0.2450 0.2220 0.2024 0.1859 0.1721 0.1608 0.1517 0.1448 0.1398 0.1366 0.1352 0.1356 0.1379 0.1425 0.1503 0.1660 0.2040 0.2622 0.3178 0.3646 0.4020 0.4309 0.4519 0.4656 0.4719 0.4698 0.4565 0.4299 0.3950 0.3580 0.3223 0.2894 0.2602 0.2346 0.2126 0.1940 0.1783 0.1655 0.1552 0.1472 0.1406
0.1460 0.1549 0.1651 0.1779 0.1934 0.2121 0.2341 0.2597 0.2890 0.3219 0.3578 0.3950 0.4301 0.4567 0.4699 0.4718 0.4654 0.4515 0.4302 0.4011 0.3633 0.3162 0.2602 0.2022 0.1652 0.1500 0.1423 0.1378 0.1355 0.1352 0.1367 0.1400 0.1450 0.1520 0.1611 0.1725 0.1864 0.2031 0.2228 0.2458 0.2724 0.3026 0.3360 0.3717 0.4076 0.4393 0.4610 0.4706 0.4720 0.4696 0.4680 0.4697 0.4720 0.4706 0.4610 0.4393 0.4075 0.3717 0.3360 0.3025 0.2724 0.2458 0.2228 0.2031 0.1864 0.1725 0.1611 0.1520 0.1450 0.1400 0.1367 0.1352 0.1355 0.1378 0.1423 0.1500 0.1652 0.2023 0.2603 0.3162 0.3633 0.4011 0.4302 0.4515 0.4654 0.4718 0.4699 0.4567 0.4301 0.3950 0.3578 0.3219 0.2890 0.2597 0.2341 0.2121 0.1934 0.1779 0.1651 0.1549 0.1460
0.1535 0.1648 0.1774 0.1929 0.2114 0.2334 0.2589 0.2883 0.3213 0.3573 0.3947 0.4299 0.4567 0.4699 0.4718 0.4652 0.4512 0.4297 0.4003 0.3622 0.3147 0.2584 0.2006 0.1644 0.1497 0.1421 0.1377 0.1355 0.1353 0.1368 0.1401 0.1452 0.1523 0.1615 0.1729 0.1869 0.2037 0.2235 0.2467 0.2734 0.3036 0.3373 0.3732 0.4093 0.4411 0.4624 0.4713 0.4713 0.4660 0.4589 0.4554 0.4589 0.4660 0.4713 0.4713 0.4624 0.4411 0.4092 0.3731 0.3372 0.3036 0.2733 0.2466 0.2235 0.2037 0.1869 0.1729 0.1615 0.1523 0.1452 0.1401 0.1368 0.1353 0.1355 0.1377 0.1421 0.1497 0.1644 0.2006 0.2585 0.3147 0.3622 0.4003 0.4297 0.4512 0.4652 0.4718 0.4699 0.4567 0.4299 0.3947 0.3573 0.3213 0.2883 0.2589 0.2334 0.2115 0.1929 0.1774 0.1648 0.1535
0.1631 0.1770 0.1923 0.2108 0.2326 0.2581 0.2874 0.3204 0.3565 0.3941 0.4295 0.4565 0.4699 0.4718 0.4652 0.4510 0.4294 0.3998 0.3614 0.3135 0.2569 0.1992 0.1637 0.1493 0.1419 0.1376 0.1355 0.1353 0.1369 0.1402 0.1454 0.1526 0.1618 0.1734 0.1874 0.2043 0.2242 0.2475 0.2743 0.3047 0.3384 0.3745 0.4107 0.4424 0.4634 0.4717 0.4707 0.4633 0.4518 0.4401 0.4347 0.4401 0.4518 0.4634 0.4707 0.4717 0.4633 0.4424 0.4106 0.3744 0.3384 0.3047 0.2743 0.2475 0.2242 0.2043 0.1874 0.1734 0.1618 0.1526 0.1454 0.1402 0.1369 0.1353 0.1355 0.1376 0.1419 0.1494 0.1638 0.1992 0.2569 0.3135 0.3614 0.3998 0.4294 0.4510 0.4652 0.4718 0.4699 0.4565 0.4295 0.3941 0.3565 0.3204 0.2874 0.2581 0.2326 0.2108 0.1924 0.1770 0.1631
0.1751 0.1918 0.2101 0.2318 0.2572 0.2864 0.3193 0.3554 0.3931 0.4288 0.4562 0.4698 0.4718 0.4652 0.4510 0.4293 0.3996 0.3609 0.3127 0.2558 0.1981 0.1632 0.1491 0.1417 0.1375 0.1354 0.1353 0.1370 0.1404 0.1456 0.1528 0.1622 0.1738 0.1880 0.2049 0.2250 0.2484 0.2753 0.3058 0.3396 0.3757 0.4119 0.4435 0.4640 0.4718 0.4703 0.4617 0.4474 0.4297 0.4129 0.4054 0.4129 0.4297 0.4475 0.4617 0.4703 0.4718 0.4640 0.4434 0.4118 0.3757 0.3396 0.3058 0.2753 0.2484 0.2250 0.2049 0.1880 0.1738 0.1622 0.1528 0.1456 0.1404 0.1370 0.1353 0.1354 0.1375 0.1417 0.1491 0.1632 0.1981 0.2558 0.3127 0.3609 0.3996 0.4293 0.4510 0.4652 0.4718 0.4698 0.4562 0.4288 0.3931 0.3554 0.3194 0.2864 0.2572 0.2319 0.2102 0.1918 0.1751
0.1896 0.2095 0.2311 0.2563 0.2854 0.3182 0.3542 0.3920 0.4279 0.4556 0.4697 0.4719 0.4654 0.4512 0.4294 0.3996 0.3608 0.3124 0.2552 0.1973 0.1628 0.1489 0.1416 0.1374 0.1354 0.1353 0.1370 0.1405 0.1458 0.1531 0.1625 0.1742 0.1885 0.2056 0.2257 0.2492 0.2763 0.3069 0.3408 0.3770 0.4130 0.4444 0.4645 0.4720 0.4700 0.4606 0.4448 0.4235 0.3989 0.3765 0.3666 0.3765 0.3989 0.4235 0.4448 0.4606 0.4700 0.4720 0.4645 0.4444 0.4130 0.3769 0.3408 0.3069 0.2763 0.2492 0.2257 0.2056 0.1885 0.1742 0.1625 0.1531 0.1458 0.1405 0.1370 0.1353 0.1354 0.1374 0.1416 0.1489 0.1628 0.1973 0.2552 0.3123 0.3608 0.3996 0.4294 0.4512 0.4654 0.4719 0.4697 0.4557 0.4279 0.3920 0.3543 0.3182 0.2854 0.2563 0.2311 0.2095 0.1897
0.2071 0.2303 0.2554 0.2844 0.3171 0.3531 0.3908 0.4269 0.4550 0.4695 0.4719 0.4656 0.4515 0.4297 0.3998 0.3610 0.3124 0.2550 0.1970 0.1626 0.1487 0.1415 0.1373 0.1354 0.1354 0.1371 0.1407 0.1460 0.1534 0.1629 0.1747 0.1890 0.2062 0.2264 0.2501 0.2772 0.3080 0.3420 0.3782 0.4142 0.4453 0.4650 0.4720 0.4697 0.4599 0.4432 0.4199 0.3909 0.3587 0.3300 0.3175 0.3300 0.3587 0.3910 0.4199 0.4432 0.4599 0.4697 0.4720 0.4650 0.4453 0.4142 0.3782 0.3420 0.3080 0.2772 0.2501 0.2264 0.2062 0.1890 0.1747 0.1629 0.1534 0.1460 0.1407 0.1371 0.1354 0.1354 0.1373 0.1415 0.1487 0.1626 0.1970 0.2550 0.3123 0.3609 0.3998 0.4297 0.4515 0.4656 0.4719 0.4695 0.4550 0.4269 0.3908 0.3531 0.3171 0.2844 0.2554 0.2304 0.2071
0.2277 0.2546 0.2834 0.3160 0.3519 0.3896 0.4258 0.4543 0.4692 0.4720 0.4658 0.4519 0.4302 0.4003 0.3614 0.3128 0.2552 0.1970 0.1625 0.1487 0.1414 0.1373 0.1354 0.1354 0.1372 0.1408 0.1462 0.1537 0.1632 0.1751 0.1895 0.2068 0.2272 0.2509 0.2782 0.3091 0.3432 0.3794 0.4153 0.4462 0.4654 0.4721 0.4695 0.4593 0.4420 0.4177 0.3863 0.3487 0.3082 0.2735 0.2589 0.2736 0.3083 0.3487 0.3864 0.4177 0.4420 0.4593 0.4695 0.4721 0.4654 0.4461 0.4153 0.3794 0.3432 0.3091 0.2782 0.2509 0.2272 0.2068 0.1895 0.1751 0.1632 0.1537 0.1462 0.1408 0.1372 0.1354 0.1354 0.1373 0.1414 0.1487 0.1625 0.1970 0.2552 0.3127 0.3614 0.4003 0.4302 0.4519 0.4658 0.4720 0.4692 0.4543 0.4258 0.3896 0.3518 0.3160 0.2834 0.2546 0.2278
0.2518 0.2824 0.3149 0.3507 0.3884 0.4247 0.4536 0.4690 0.4720 0.4661 0.4524 0.4309 0.4011 0.3622 0.3136 0.2559 0.1973 0.1626 0.1487 0.1414 0.1372 0.1354 0.1354 0.1372 0.1409 0.1464 0.1539 0.1635 0.1755 0.1900 0.2074 0.2279 0.2518 0.2792 0.3102 0.3443 0.3806 0.4165 0.4470 0.4658 0.4721 0.4692 0.4588 0.4412 0.4162 0.3835 0.3431 0.2964 0.2490 0.2126 0.1994 0.2126 0.2490 0.2964 0.3431 0.3835 0.4162 0.4411 0.4588 0.4692 0.4721 0.4658 0.4470 0.4165 0.3806 0.3443 0.3102 0.2792 0.2518 0.2279 0.2074 0.1900 0.1755 0.1635 0.1539 0.1464 0.1409 0.1372 0.1354 0.1354 0.1372 0.1414 0.1487 0.1626 0.1973 0.2558 0.3135 0.3622 0.4011 0.4309 0.4524 0.4661 0.4720 0.4690 0.4536 0.4247 0.3883 0.3506 0.3148 0.2824 0.2518
0.2797 0.3138 0.3495 0.3872 0.4236 0.4529 0.4687 0.4721 0.4664 0.4529 0.4316 0.4020 0.3634 0.3147 0.2570 0.1981 0.1628 0.1487 0.1414 0.1372 0.1354 0.1354 0.1373 0.1409 0.1465 0.1541 0.1638 0.1758 0.1905 0.2080 0.2286 0.2526 0.2801 0.3112 0.3455 0.3819 0.4176 0.4479 0.4662 0.4722 0.4690 0.4583 0.4404 0.4150 0.3815 0.3396 0.2897 0.2362 0.1913 0.1692 0.1636 0.1692 0.1913 0.2361 0.2897 0.3396 0.3815 0.4150 0.4404 0.4583 0.4690 0.4722 0.4662 0.4479 0.4176 0.3818 0.3455 0.3112 0.2801 0.2526 0.2286 0.2080 0.1905 0.1758 0.1638 0.1541 0.1465 0.1409 0.1373 0.1354 0.1353 0.1372 0.1414 0.1487 0.1628 0.1981 0.2569 0.3147 0.3633 0.4020 0.4316 0.4529 0.4664 0.4721 0.4687 0.4528 0.4236 0.3871 0.3494 0.3137 0.2797
0.3113 0.3482 0.3859 0.4225 0.4521 0.4684 0.4721 0.4667 0.4535 0.4324 0.4031 0.3646 0.3162 0.2585 0.1992 0.1632 0.1489 0.1415 0.1373 0.1354 0.1354 0.1373 0.1410 0.1466 0.1542 0.1640 0.1761 0.1909 0.2085 0.2292 0.2534 0.2811 0.3123 0.3467 0.3831 0.4187 0.4487 0.4666 0.4722 0.4688 0.4578 0.4397 0.4139 0.3800 0.3372 0.2856 0.2291 0.1822 0.1599 0.1515 0.1490 0.1515 0.1599 0.1821 0.2291 0.2856 0.3371 0.3799 0.4139 0.4397 0.4578 0.4688 0.4722 0.4666 0.4487 0.4188 0.3831 0.3467 0.3123 0.2811 0.2534 0.2292 0.2085 0.1909 0.1761 0.1640 0.1542 0.1466 0.1410 0.1373 0.1354 0.1354 0.1373 0.1415 0.1489 0.1632 0.1992 0.2585 0.3162 0.3646 0.4031 0.4324 0.4535 0.4668 0.4721 0.4684 0.4521 0.4224 0.3858 0.3482 0.3113
0.3464 0.3846 0.4214 0.4513 0.4681 0.4722 0.4670 0.4540 0.4332 0.4042 0.3660 0.3178 0.2603 0.2006 0.1638 0.1491 0.1416 0.1373 0.1354 0.1354 0.1373 0.1410 0.1466 0.1542 0.1641 0.1763 0.1912 0.2089 0.2298 0.2540 0.2819 0.3133 0.3478 0.3843 0.4199 0.4495 0.4669 0.4722 0.4685 0.4573 0.4389 0.4129 0.3786 0.3352 0.2828 0.2249 0.1778 0.1564 0.1473 0.1428 0.1413 0.1428 0.1473 0.1564 0.1778 0.2249 0.2828 0.3352 0.3786 0.4129 0.4389 0.4573 0.4685 0.4722 0.4669 0.4495 0.4199 0.3843 0.3478 0.3133 0.2819 0.2541 0.2298 0.2089 0.1912 0.1763 0.1641 0.1542 0.1466 0.1410 0.1373 0.1354 0.1354 0.1373 0.1416 0.1491 0.1638 0.2006 0.2603 0.3178 0.3660 0.4042 0.4333 0.4541 0.4671 0.4722 0.4681 0.4513 0.4213 0.3846 0.3464
0.3841 0.4202 0.4505 0.4677 0.4722 0.4673 0.4546 0.4340 0.4052 0.3673 0.3195 0.2622 0.2022 0.1644 0.1494 0.1417 0.1374 0.1354 0.1354 0.1372 0.1409 0.1466 0.1542 0.1641 0.1764 0.1913 0.2092 0.2302 0.2546 0.2826 0.3142 0.3488 0.3853 0.4209 0.4503 0.4673 0.4722 0.4683 0.4569 0.4382 0.4119 0.3773 0.3336 0.2806 0.2220 0.1754 0.1547 0.1456 0.1404 0.1378 0.1370 0.1378 0.1404 0.1456 0.1547 0.1754 0.2221 0.2806 0.3336 0.3773 0.4119 0.4382 0.4568 0.4683 0.4722 0.4673 0.4503 0.4209 0.3853 0.3488 0.3142 0.2826 0.2546 0.2302 0.2092 0.1913 0.1764 0.1641 0.1542 0.1466 0.1409 0.1372 0.1354 0.1354 0.1374 0.1417 0.1494 0.1644 0.2023 0.2622 0.3196 0.3674 0.4053 0.4341 0.4546 0.4674 0.4722 0.4677 0.4505 0.4202 0.3840
0.4218 0.4497 0.4674 0.4722 0.4676 0.4551 0.4348 0.4063 0.3687 0.3212 0.2641 0.2040 0.1652 0.1497 0.1419 0.1375 0.1354 0.1354 0.1372 0.1409 0.1465 0.1542 0.1641 0.1764 0.1914 0.2093 0.2304 0.2550 0.2832 0.3149 0.3497 0.3863 0.4219 0.4510 0.4676 0.4722 0.4680 0.4564 0.4374 0.4109 0.3760 0.3319 0.2786 0.2198 0.1738 0.1538 0.1447 0.1395 0.1366 0.1354 0.1352 0.1354 0.1366 0.1395 0.1447 0.1538 0.1739 0.2198 0.2786 0.3319 0.3760 0.4109 0.4374 0.4563 0.4680 0.4722 0.4676 0.4510 0.4219 0.3863 0.3497 0.3149 0.2832 0.2550 0.2304 0.2093 0.1914 0.1764 0.1641 0.1542 0.1465 0.1409 0.1372 0.1354 0.1354 0.1375 0.1419 0.1497 0.1652 0.2040 0.2642 0.3213 0.3688 0.4064 0.4349 0.4552 0.4676 0.4722 0.4674 0.4497 0.4218
0.4548 0.4670 0.4722 0.4679 0.4556 0.4356 0.4074 0.3701 0.3229 0.2661 0.2057 0.1659 0.1500 0.1421 0.1376 0.1354 0.1353 0.1371 0.1408 0.1464 0.1541 0.1640 0.1763 0.1913 0.2093 0.2305 0.2552 0.2835 0.3154 0.3503 0.3871 0.4227 0.4516 0.4679 0.4722 0.4678 0.4559 0.4367 0.4099 0.3747 0.3303 0.2767 0.2178 0.1727 0.1531 0.1442 0.1390 0.1362 0.1351 0.1352 0.1354 0.1352 0.1351 0.1362 0.1390 0.1442 0.1532 0.1727 0.2178 0.2767 0.3303 0.3747 0.4099 0.4367 0.4558 0.4677 0.4722 0.4679 0.4516 0.4227 0.3871 0.3503 0.3154 0.2835 0.2552 0.2305 0.2093 0.1913 0.1763 0.1640 0.1541 0.1464 0.1408 0.1371 0.1353 0.1354 0.1376 0.1421 0.1500 0.1660 0.2058 0.2662 0.3230 0.3702 0.4075 0.4357 0.4557 0.4679 0.4722 0.4670 0.4547
0.4757 0.4722 0.4682 0.4562 0.4364 0.4084 0.3715 0.3246 0.2681 0.2075 0.1667 0.1503 0.1423 0.1377 0.1355 0.1353 0.1370 0.1407 0.1462 0.1539 0.1638 0.1761 0.1912 0.2092 0.2304 0.2551 0.2836 0.3156 0.3507 0.3876 0.4233 0.4521 0.4681 0.4722 0.4675 0.4554 0.4360 0.4089 0.3734 0.3287 0.2748 0.2159 0.1716 0.1527 0.1439 0.1387 0.1360 0.1351 0.1356 0.1368 0.1375 0.1368 0.1356 0.1351 0.1360 0.1387 0.1439 0.1527 0.1716 0.2159 0.2747 0.3287 0.3733 0.4089 0.4360 0.4554 0.4675 0.4722 0.4681 0.4521 0.4233 0.3876 0.3507 0.3156 0.2836 0.2552 0.2304 0.2092 0.1912 0.1761 0.1638 0.1539 0.1462 0.1407 0.1370 0.1353 0.1355 0.1377 0.1423 0.1503 0.1668 0.2076 0.2682 0.3247 0.3716 0.4085 0.4364 0.4562 0.4682 0.4722 0.4756
0.4827 0.4684 0.4567 0.4372 0.4095 0.3728 0.3263 0.2700 0.2094 0.1676 0.1507 0.1425 0.1378 0.1355 0.1353 0.1370 0.1405 0.1460 0.1536 0.1635 0.1758 0.1909 0.2089 0.2302 0.2550 0.2834 0.3156 0.3508 0.3879 0.4236 0.4524 0.4683 0.4722 0.4673 0.4550 0.4353 0.4080 0.3721 0.3271 0.2729 0.2140 0.1707 0.1523 0.1436 0.1386 0.1359 0.1351 0.1360 0.1380 0.1404 0.1416 0.1404 0.1380 0.1360 0.1351 0.1359 0.1386 0.1436 0.1523 0.1707 0.2140 0.2728 0.3270 0.3721 0.4080 0.4353 0.4550 0.4673 0.4722 0.4683 0.4524 0.4236 0.3879 0.3508 0.3156 0.2835 0.2550 0.2302 0.2089 0.1909 0.1758 0.1635 0.1537 0.1460 0.1405 0.1370 0.1353 0.1355 0.1378 0.1425 0.1507 0.1676 0.2095 0.2701 0.3264 0.3729 0.4095 0.4372 0.4567 0.4685 0.4827
0.4795 0.4572 0.4379 0.4106 0.3742 0.3280 0.2720 0.2113 0.1685 0.1510 0.1427 0.1379 0.1355 0.1353 0.1369 0.1404 0.1458 0.1534 0.1632 0.1755 0.1905 0.2085 0.2298 0.2546 0.2831 0.3153 0.3507 0.3878 0.4237 0.4525 0.4684 0.4722 0.4672 0.4546 0.4348 0.4072 0.3710 0.3255 0.2710 0.2122 0.1698 0.1519 0.1434 0.1384 0.1358 0.1352 0.1362 0.1388 0.1424 0.1460 0.1477 0.1461 0.1424 0.1388 0.1362 0.1351 0.1358 0.1384 0.1434 0.1519 0.1698 0.2121 0.2710 0.3255 0.3710 0.4072 0.4348 0.4546 0.4672 0.4722 0.4684 0.4526 0.4237 0.3879 0.3507 0.3154 0.2832 0.2546 0.2298 0.2085 0.1905 0.1755 0.1632 0.1534 0.1458 0.1404 0.1369 0.1353 0.1355 0.1379 0.1427 0.1510 0.1685 0.2113 0.2721 0.3281 0.3742 0.4106 0.4380 0.4572 0.4796
0.4683 0.4387 0.4116 0.3756 0.3297 0.2740 0.2132 0.1694 0.1514 0.1429 0.1380 0.1356 0.1352 0.1368 0.1402 0.1456 0.1531 0.1629 0.1751 0.1900 0.2080 0.2292 0.2540 0.2826 0.3148 0.3503 0.3876 0.4236 0.4525 0.4684 0.4722 0.4671 0.4544 0.4343 0.4065 0.3701 0.3243 0.2694 0.2105 0.1689 0.1516 0.1432 0.1383 0.1358 0.1352 0.1363 0.1392 0.1435 0.1488 0.1538 0.1561 0.1538 0.1488 0.1435 0.1392 0.1363 0.1352 0.1358 0.1383 0.1432 0.1516 0.1689 0.2105 0.2694 0.3243 0.3701 0.4065 0.4343 0.4544 0.4671 0.4722 0.4684 0.4526 0.4236 0.3876 0.3503 0.3149 0.2826 0.2541 0.2292 0.2080 0.1900 0.1751 0.1629 0.1531 0.1456 0.1402 0.1368 0.1352 0.1356 0.1380 0.1429 0.1514 0.1694 0.2132 0.2740 0.3297 0.3756 0.4116 0.4387 0.4683
0.4494 0.4126 0.3769 0.3314 0.2759 0.2151 0.1703 0.1517 0.1431 0.1381 0.1356 0.1352 0.1367 0.1401 0.1454 0.1528 0.1625 0.1747 0.1895 0.2074 0.2286 0.2533 0.2819 0.3141 0.3496 0.3870 0.4233 0.4524 0.4684 0.4722 0.4670 0.4543 0.4341 0.4060 0.3693 0.3232 0.2680 0.2091 0.1682 0.1512 0.1430 0.1382 0.1357 0.1352 0.1364 0.1394 0.1441 0.1502 0.1574 0.1639 0.1669 0.1639 0.1574 0.1502 0.1441 0.1394 0.1364 0.1352 0.1357 0.1382 0.1430 0.1512 0.1682 0.2091 0.2680 0.3232 0.3693 0.4060 0.4341 0.4543 0.4670 0.4722 0.4684 0.4524 0.4233 0.3871 0.3497 0.3142 0.2819 0.2534 0.2286 0.2074 0.1895 0.1747 0.1625 0.1528 0.1454 0.1401 0.1367 0.1352 0.1356 0.1381 0.1431 0.1518 0.1703 0.2152 0.2760 0.3314 0.3769 0.4126 0.4494
0.4226 0.3782 0.3330 0.2779 0.2170 0.1712 0.1521 0.1433 0.1382 0.1357 0.1352 0.1366 0.1400 0.1452 0.1526 0.1622 0.1742 0.1890 0.2068 0.2279 0.2526 0.2810 0.3133 0.3488 0.3863 0.4226 0.4520 0.4683 0.4722 0.4671 0.4543 0.4340 0.4058 0.3689 0.3225 0.2670 0.2079 0.1676 0.1510 0.1428 0.1381 0.1357 0.1352 0.1365 0.1396 0.1444 0.1510 0.1592 0.1683 0.1766 0.1803 0.1766 0.1684 0.1592 0.1510 0.1444 0.1396 0.1365 0.1352 0.1357 0.1381 0.1428 0.1510 0.1676 0.2079 0.2670 0.3225 0.3689 0.4058 0.4340 0.4543 0.4671 0.4722 0.4683 0.4521 0.4227 0.3863 0.3488 0.3133 0.2811 0.2526 0.2279 0.2068 0.1890 0.1742 0.1622 0.1526 0.1452 0.1400 0.1366 0.1352 0.1357 0.1382 0.1433 0.1521 0.1713 0.2171 0.2780 0.3331 0.3782 0.4227
0.3872 0.3347 0.2799 0.2190 0.1722 0.1525 0.1435 0.1384 0.1357 0.1352 0.1366 0.1398 0.1450 0.1523 0.1618 0.1738 0.1885 0.2062 0.2272 0.2517 0.2801 0.3123 0.3478 0.3853 0.4218 0.4516 0.4681 0.4722 0.4672 0.4544 0.4341 0.4058 0.3688 0.3222 0.2664 0.2071 0.1671 0.1507 0.1427 0.1380 0.1356 0.1352 0.1366 0.1397 0.1447 0.1515 0.1602 0.1706 0.1820 0.1921 0.1966 0.1921 0.1820 0.1706 0.1602 0.1515 0.1447 0.1397 0.1366 0.1352 0.1356 0.1380 0.1427 0.1507 0.1671 0.2071 0.2664 0.3221 0.3687 0.4058 0.4341 0.4544 0.4672 0.4722 0.4681 0.4516 0.4219 0.3853 0.3478 0.3123 0.2801 0.2518 0.2272 0.2062 0.1885 0.1738 0.1618 0.1523 0.1450 0.1398 0.1366 0.1352 0.1357 0.1384 0.1435 0.1525 0.1723 0.2191 0.2799 0.3347 0.3873
0.3423 0.2818 0.2210 0.1733 0.1529 0.1437 0.1385 0.1358 0.1352 0.1365 0.1397 0.1448 0.1520 0.1615 0.1734 0.1880 0.2056 0.2264 0.2509 0.2791 0.3112 0.3466 0.3842 0.4209 0.4509 0.4679 0.4722 0.4673 0.4547 0.4344 0.4061 0.3689 0.3222 0.2662 0.2068 0.1669 0.1506 0.1426 0.1379 0.1356 0.1352 0.1366 0.1399 0.1449 0.1518 0.1608 0.1718 0.1846 0.1985 0.2107 0.2162 0.2107 0.1985 0.1846 0.1718 0.1608 0.1518 0.1449 0.1399 0.1366 0.1352 0.1356 0.1379 0.1426 0.1506 0.1669 0.2068 0.2662 0.3221 0.3689 0.4060 0.4343 0.4546 0.4673 0.4722 0.4679 0.4510 0.4209 0.3843 0.3467 0.3112 0.2792 0.2509 0.2264 0.2056 0.1880 0.1734 0.1615 0.1520 0.1448 0.1397 0.1365 0.1352 0.1358 0.1385 0.1437 0.1529 0.1733 0.2210 0.2818 0.3424
0.2877 0.2229 0.1743 0.1533 0.1440 0.1386 0.1358 0.1352 0.1364 0.1395 0.1446 0.1518 0.1611 0.1729 0.1874 0.2049 0.2257 0.2500 0.2782 0.3101 0.3455 0.3830 0.4198 0.4502 0.4676 0.4722 0.4675 0.4550 0.4348 0.4065 0.3694 0.3225 0.2664 0.2068 0.1668 0.1505 0.1425 0.1379 0.1356 0.1352 0.1367 0.1400 0.1451 0.1521 0.1612 0.1725 0.1860 0.2016 0.2182 0.2328 0.2393 0.2328 0.2182 0.2016 0.1860 0.1725 0.1612 0.1521 0.1451 0.1400 0.1367 0.1352 0.1356 0.1379 0.1425 0.1505 0.1668 0.2068 0.2664 0.3225 0.3693 0.4065 0.4348 0.4550 0.4675 0.4722 0.4676 0.4503 0.4199 0.3831 0.3455 0.3102 0.2782 0.2501 0.2257 0.2049 0.1874 0.1729 0.1611 0.1517 0.1446 0.1395 0.1364 0.1352 0.1358 0.1386 0.1440 0.1533 0.1744 0.2230 0.2878
0.2271 0.1754 0.1537 0.1442 0.1387 0.1359 0.1352 0.1363 0.1394 0.1444 0.1515 0.1608 0.1725 0.1869 0.2043 0.2250 0.2492 0.2772 0.3091 0.3443 0.3818 0.4187 0.4494 0.4673 0.4722 0.4678 0.4554 0.4353 0.4072 0.3701 0.3233 0.2670 0.2072 0.1669 0.1505 0.1425 0.1378 0.1356 0.1352 0.1367 0.1400 0.1452 0.1523 0.1615 0.1730 0.1869 0.2032 0.2218 0.2415 0.2587 0.2662 0.2587 0.2415 0.2218 0.2032 0.1869 0.1730 0.1615 0.1523 0.1452 0.1400 0.1367 0.1352 0.1356 0.1378 0.1425 0.1505 0.1669 0.2071 0.2670 0.3232 0.3701 0.4072 0.4353 0.4554 0.4677 0.4722 0.4673 0.4495 0.4188 0.3818 0.3443 0.3091 0.2772 0.2492 0.2250 0.2043 0.1869 0.1725 0.1608 0.1515 0.1444 0.1394 0.1363 0.1352 0.1359 0.1387 0.1442 0.1538 0.1755 0.2271
0.1780 0.1542 0.1444 0.1389 0.1359 0.1351 0.1363 0.1393 0.1442 0.1512 0.1604 0.1721 0.1864 0.2037 0.2242 0.2484 0.2763 0.3080 0.3431 0.3806 0.4176 0.4486 0.4669 0.4722 0.4680 0.4559 0.4360 0.4080 0.3710 0.3243 0.2681 0.2080 0.1672 0.1506 0.1425 0.1378 0.1356 0.1352 0.1368 0.1401 0.1453 0.1525 0.1618 0.1734 0.1874 0.2042 0.2237 0.2456 0.2685 0.2884 0.2971 0.2884 0.2685 0.2456 0.2237 0.2042 0.1874 0.1734 0.1618 0.1525 0.1453 0.1401 0.1368 0.1352 0.1356 0.1378 0.1425 0.1506 0.1671 0.2079 0.2680 0.3243 0.3710 0.4080 0.4360 0.4558 0.4680 0.4722 0.4669 0.4487 0.4176 0.3806 0.3432 0.3080 0.2763 0.2484 0.2242 0.2037 0.1864 0.1721 0.1604 0.1512 0.1442 0.1393 0.1363 0.1351 0.1360 0.1389 0.1444 0.1542 0.1780
0.1558 0.1447 0.1390 0.1360 0.1351 0.1362 0.1391 0.1440 0.1510 0.1601 0.1717 0.1859 0.2031 0.2235 0.2475 0.2753 0.3069 0.3419 0.3794 0.4165 0.4478 0.4666 0.4722 0.4683 0.4564 0.4367 0.4089 0.3722 0.3256 0.2695 0.2091 0.1676 0.1508 0.1426 0.1379 0.1356 0.1352 0.1368 0.1401 0.1454 0.1526 0.1620 0.1736 0.1879 0.2048 0.2248 0.2477 0.2731 0.2994 0.3219 0.3318 0.3220 0.2994 0.2731 0.2477 0.2248 0.2048 0.1879 0.1736 0.1620 0.1526 0.1454 0.1401 0.1368 0.1352 0.1356 0.1379 0.1426 0.1507 0.1676 0.2091 0.2694 0.3255 0.3721 0.4089 0.4367 0.4563 0.4683 0.4722 0.4666 0.4479 0.4165 0.3794 0.3420 0.3069 0.2753 0.2475 0.2235 0.2031 0.1859 0.1716 0.1601 0.1510 0.1440 0.1391 0.1362 0.1351 0.1360 0.1390 0.1447 0.1558
0.1455 0.1391 0.1361 0.1351 0.1361 0.1390 0.1438 0.1507 0.1598 0.1712 0.1854 0.2025 0.2228 0.2467 0.2743 0.3058 0.3408 0.3781 0.4153 0.4470 0.4662 0.4722 0.4685 0.4569 0.4375 0.4099 0.3734 0.3271 0.2711 0.2105 0.1682 0.1510 0.1427 0.1379 0.1356 0.1352 0.1368 0.1401 0.1454 0.1527 0.1621 0.1738 0.1882 0.2053 0.2255 0.2488 0.2754 0.3044 0.3339 0.3587 0.3694 0.3587 0.3339 0.3044 0.2754 0.2488 0.2255 0.2053 0.1882 0.1738 0.1621 0.1527 0.1454 0.1401 0.1368 0.1352 0.1356 0.1379 0.1427 0.1510 0.1682 0.2105 0.2710 0.3270 0.3733 0.4099 0.4374 0.4568 0.4685 0.4722 0.4662 0.4470 0.4153 0.3782 0.3408 0.3058 0.2743 0.2466 0.2228 0.2024 0.1854 0.1712 0.1597 0.1507 0.1438 0.1390 0.1361 0.1351 0.1361 0.1391 0.1455
0.1395 0.1361 0.1351 0.1361 0.1389 0.1436 0.1504 0.1594 0.1708 0.1849 0.2019 0.2221 0.2458 0.2734 0.3047 0.3396 0.3769 0.4142 0.4461 0.4658 0.4722 0.4688 0.4574 0.4382 0.4109 0.3748 0.3287 0.2729 0.2122 0.1689 0.1512 0.1428 0.1380 0.1356 0.1352 0.1367 0.1401 0.1454 0.1527 0.1621 0.1739 0.1883 0.2056 0.2259 0.2496 0.2766 0.3068 0.3392 0.3711 0.3969 0.4076 0.3969 0.3711 0.3392 0.3069 0.2766 0.2496 0.2259 0.2056 0.1883 0.1739 0.1621 0.1527 0.1454 0.1401 0.1367 0.1352 0.1356 0.1380 0.1428 0.1512 0.1689 0.2121 0.2728 0.3287 0.3747 0.4109 0.4382 0.4573 0.4688 0.4722 0.4658 0.4461 0.4142 0.3769 0.3396 0.3047 0.2733 0.2458 0.2220 0.2018 0.1849 0.1708 0.1594 0.1504 0.1436 0.1389 0.1361 0.1351 0.1361 0.1395
0.1362 0.1351 0.1360 0.1388 0.1435 0.1502 0.1591 0.1704 0.1844 0.2013 0.2214 0.2450 0.2724 0.3036 0.3384 0.3757 0.4130 0.4453 0.4654 0.4721 0.4690 0.4579 0.4390 0.4120 0.3761 0.3303 0.2749 0.2141 0.1698 0.1516 0.1430 0.1381 0.1356 0.1352 0.1367 0.1400 0.1453 0.1526 0.1621 0.1739 0.1884 0.2057 0.2262 0.2500 0.2774 0.3081 0.3417 0.3764 0.4087 0.4325 0.4415 0.4326 0.4088 0.3764 0.3417 0.3081 0.2774 0.2500 0.2262 0.2057 0.1884 0.1739 0.1621 0.1526 0.1453 0.1400 0.1367 0.1352 0.1356 0.1381 0.1430 0.1516 0.1698 0.2140 0.2747 0.3303 0.3760 0.4119 0.4389 0.4578 0.4690 0.4721 0.4654 0.4453 0.4130 0.3757 0.3384 0.3036 0.2724 0.2450 0.2213 0.2012 0.1843 0.1704 0.1591 0.1502 0.1434 0.1388 0.1360 0.1351 0.1362
0.1349 0.1360 0.1386 0.1433 0.1499 0.1588 0.1700 0.1839 0.2007 0.2207 0.2442 0.2714 0.3025 0.3372 0.3745 0.4119 0.4444 0.4650 0.4721 0.4692 0.4583 0.4397 0.4130 0.3774 0.3320 0.2768 0.2160 0.1707 0.1519 0.1432 0.1382 0.1357 0.1352 0.1366 0.1400 0.1452 0.1525 0.1620 0.1738 0.1883 0.2057 0.2263 0.2502 0.2778 0.3088 0.3430 0.3789 0.4136 0.4420 0.4588 0.4638 0.4588 0.4420 0.4136 0.3789 0.3430 0.3088 0.2778 0.2502 0.2263 0.2057 0.1883 0.1738 0.1620 0.1525 0.1452 0.1400 0.1366 0.1352 0.1357 0.1382 0.1432 0.1519 0.1707 0.2159 0.2767 0.3319 0.3773 0.4129 0.4397 0.4583 0.4692 0.4721 0.4650 0.4444 0.4118 0.3744 0.3372 0.3025 0.2714 0.2441 0.2206 0.2006 0.1838 0.1700 0.1587 0.1499 0.1432 0.1386 0.1359 0.1349
0.1354 0.1385 0.1430 0.1496 0.1584 0.1696 0.1833 0.2000 0.2199 0.2433 0.2705 0.3015 0.3360 0.3732 0.4107 0.4435 0.4645 0.4720 0.4695 0.4588 0.4404 0.4139 0.3786 0.3336 0.2786 0.2178 0.1717 0.1523 0.1434 0.1383 0.1357 0.1352 0.1366 0.1399 0.1451 0.1523 0.1618 0.1736 0.1882 0.2056 0.2262 0.2502 0.2779 0.3092 0.3436 0.3800 0.4157 0.4456 0.4638 0.4707 0.4719 0.4707 0.4638 0.4455 0.4157 0.3800 0.3436 0.3092 0.2779 0.2502 0.2262 0.2056 0.1882 0.1736 0.1618 0.1523 0.1451 0.1399 0.1366 0.1352 0.1357 0.1383 0.1434 0.1523 0.1716 0.2178 0.2786 0.3336 0.3786 0.4139 0.4404 0.4588 0.4695 0.4720 0.4645 0.4434 0.4106 0.3731 0.3360 0.3014 0.2704 0.2432 0.2198 0.1999 0.1833 0.1695 0.1583 0.1496 0.1430 0.1385 0.1354
0.1377 0.1428 0.1493 0.1580 0.1690 0.1827 0.1993 0.2191 0.2424 0.2694 0.3003 0.3348 0.3719 0.4094 0.4425 0.4641 0.4720 0.4697 0.4593 0.4411 0.4149 0.3799 0.3352 0.2805 0.2197 0.1727 0.1527 0.1436 0.1384 0.1358 0.1352 0.1365 0.1397 0.1449 0.1521 0.1615 0.1734 0.1879 0.2053 0.2259 0.2501 0.2778 0.3092 0.3439 0.3806 0.4166 0.4470 0.4654 0.4719 0.4713 0.4697 0.4713 0.4719 0.4654 0.4470 0.4166 0.3805 0.3438 0.3092 0.2778 0.2500 0.2259 0.2053 0.1879 0.1734 0.1615 0.1521 0.1449 0.1397 0.1365 0.1352 0.1358 0.1384 0.1436 0.1527 0.1727 0.2198 0.2806 0.3352 0.3799 0.4150 0.4411 0.4593 0.4697 0.4720 0.4640 0.4424 0.4092 0.3717 0.3346 0.3001 0.2692 0.2422 0.2189 0.1992 0.1826 0.1689 0.1579 0.1492 0.1427 0.1377
0.1417 0.1489 0.1575 0.1684 0.1820 0.1984 0.2181 0.2412 0.2681 0.2989 0.3333 0.3704 0.4080 0.4414 0.4635 0.4719 0.4699 0.4598 0.4419 0.4160 0.3813 0.3369 0.2826 0.2218 0.1737 0.1531 0.1439 0.1385 0.1358 0.1352 0.1364 0.1396 0.1447 0.1518 0.1612 0.1730 0.1875 0.2049 0.2255 0.2497 0.2775 0.3089 0.3437 0.3806 0.4170 0.4476 0.4660 0.4721 0.4699 0.4634 0.4594 0.4634 0.4699 0.4721 0.4660 0.4475 0.4169 0.3805 0.3436 0.3088 0.2774 0.2496 0.2255 0.2048 0.1874 0.1730 0.1612 0.1518 0.1447 0.1396 0.1364 0.1352 0.1358 0.1386 0.1439 0.1532 0.1739 0.2221 0.2828 0.3371 0.3815 0.4162 0.4420 0.4599 0.4700 0.4718 0.4633 0.4411 0.4075 0.3699 0.3328 0.2984 0.2677 0.2408 0.2177 0.1981 0.1817 0.1682 0.1573 0.1487 0.1416
0.1474 0.1568 0.1676 0.1810 0.1973 0.2168 0.2397 0.2665 0.2971 0.3313 0.3683 0.4061 0.4400 0.4628 0.4717 0.4702 0.4604 0.4429 0.4173 0.3830 0.3390 0.2850 0.2243 0.1750 0.1536 0.1441 0.1387 0.1359 0.1352 0.1364 0.1394 0.1445 0.1515 0.1608 0.1726 0.1870 0.2043 0.2249 0.2490 0.2768 0.3083 0.3432 0.3802 0.4168 0.4476 0.4662 0.4722 0.4692 0.4598 0.4479 0.4414 0.4479 0.4599 0.4692 0.4722 0.4662 0.4475 0.4166 0.3800 0.3430 0.3081 0.2766 0.2488 0.2248 0.2042 0.1869 0.1725 0.1608 0.1515 0.1444 0.1394 0.1363 0.1351 0.1359 0.1387 0.1442 0.1538 0.1754 0.2249 0.2856 0.3396 0.3835 0.4177 0.4432 0.4606 0.4703 0.4717 0.4624 0.4393 0.4052 0.3674 0.3303 0.2961 0.2656 0.2390 0.2161 0.1967 0.1805 0.1671 0.1564 0.1471
0.1547 0.1664 0.1796 0.1956 0.2149 0.2376 0.2641 0.2944 0.3285 0.3655 0.4033 0.4378 0.4617 0.4715 0.4705 0.4612 0.4441 0.4190 0.3852 0.3417 0.2882 0.2276 0.1769 0.1543 0.1445 0.1389 0.1360 0.1351 0.1362 0.1392 0.1442 0.1511 0.1603 0.1720 0.1863 0.2035 0.2240 0.2480 0.2757 0.3072 0.3421 0.3793 0.4161 0.4473 0.4661 0.4722 0.4689 0.4585 0.4425 0.4249 0.4160 0.4250 0.4426 0.4586 0.4690 0.4722 0.4660 0.4470 0.4157 0.3789 0.3417 0.3069 0.2754 0.2477 0.2237 0.2032 0.1860 0.1718 0.1602 0.1510 0.1441 0.1392 0.1362 0.1351 0.1360 0.1390 0.1447 0.1547 0.1778 0.2291 0.2897 0.3431 0.3864 0.4199 0.4448 0.4617 0.4707 0.4713 0.4610 0.4365 0.4016 0.3636 0.3267 0.2927 0.2625 0.2362 0.2136 0.1945 0.1786 0.1656 0.1540
0.1631 0.1772 0.1929 0.2118 0.2341 0.2601 0.2901 0.3239 0.3608 0.3989 0.4342 0.4597 0.4710 0.4710 0.4625 0.4462 0.4218 0.3888 0.3461 0.2933 0.2330 0.1802 0.1556 0.1452 0.1393 0.1361 0.1351 0.1361 0.1389 0.1437 0.1505 0.1596 0.1710 0.1851 0.2022 0.2225 0.2463 0.2739 0.3052 0.3401 0.3773 0.4144 0.4461 0.4657 0.4721 0.4691 0.4584 0.4409 0.4180 0.3945 0.3831 0.3949 0.4185 0.4413 0.4586 0.4692 0.4721 0.4654 0.4455 0.4136 0.3764 0.3392 0.3044 0.2731 0.2456 0.2218 0.2016 0.1846 0.1706 0.1592 0.1502 0.1435 0.1388 0.1360 0.1351 0.1362 0.1395 0.1456 0.1564 0.1821 0.2361 0.2964 0.3487 0.3910 0.4235 0.4474 0.4633 0.4713 0.4706 0.4583 0.4317 0.3957 0.3574 0.3206 0.2871 0.2574 0.2316 0.2095 0.1910 0.1756 0.1618
0.1718 0.1882 0.2063 0.2279 0.2532 0.2824 0.3156 0.3522 0.3906 0.4273 0.4557 0.4698 0.4717 0.4647 0.4497 0.4268 0.3952 0.3541 0.3028 0.2432 0.1871 0.1583 0.1465 0.1400 0.1365 0.1351 0.1358 0.1383 0.1428 0.1493 0.1580 0.1691 0.1829 0.1995 0.2194 0.2428 0.2699 0.3010 0.3356 0.3728 0.4103 0.4432 0.4643 0.4720 0.4696 0.4594 0.4419 0.4176 0.3878 0.3585 0.3446 0.3593 0.3888 0.4185 0.4426 0.4599 0.4699 0.4719 0.4638 0.4420 0.4088 0.3711 0.3339 0.2994 0.2685 0.2415 0.2182 0.1985 0.1820 0.1684 0.1574 0.1488 0.1424 0.1380 0.1356 0.1351 0.1366 0.1404 0.1473 0.1599 0.1913 0.2490 0.3082 0.3587 0.3989 0.4297 0.4518 0.4660 0.4720 0.4688 0.4527 0.4226 0.3851 0.3466 0.3103 0.2775 0.2488 0.2240 0.2029 0.1853 0.1693
0.1787 0.1970 0.2171 0.2409 0.2686 0.3004 0.3359 0.3742 0.4127 0.4458 0.4660 0.4722 0.4683 0.4562 0.4361 0.4076 0.3699 0.3220 0.2646 0.2046 0.1656 0.1500 0.1420 0.1374 0.1353 0.1353 0.1371 0.1409 0.1468 0.1547 0.1650 0.1779 0.1936 0.2125 0.2348 0.2609 0.2909 0.3246 0.3614 0.3995 0.4347 0.4599 0.4710 0.4710 0.4627 0.4469 0.4237 0.3933 0.3576 0.3238 0.3085 0.3251 0.3594 0.3950 0.4251 0.4479 0.4634 0.4713 0.4707 0.4588 0.4326 0.3969 0.3587 0.3220 0.2884 0.2587 0.2328 0.2107 0.1921 0.1766 0.1639 0.1538 0.1461 0.1404 0.1368 0.1352 0.1354 0.1378 0.1428 0.1515 0.1692 0.2126 0.2735 0.3300 0.3765 0.4129 0.4401 0.4589 0.4697 0.4719 0.4632 0.4400 0.4050 0.3660 0.3280 0.2930 0.2619 0.2350 0.2120 0.1926 0.1751
0.1814 0.2005 0.2214 0.2461 0.2748 0.3076 0.3441 0.3829 0.4209 0.4519 0.4686 0.4720 0.4660 0.4519 0.4296 0.3987 0.3583 0.3075 0.2481 0.1911 0.1603 0.1475 0.1405 0.1366 0.1351 0.1355 0.1379 0.1422 0.1486 0.1572 0.1683 0.1819 0.1985 0.2184 0.2418 0.2690 0.3002 0.3351 0.3727 0.4106 0.4438 0.4649 0.4720 0.4692 0.4584 0.4400 0.4142 0.3811 0.3428 0.3074 0.2920 0.3091 0.3452 0.3833 0.4161 0.4415 0.4594 0.4697 0.4719 0.4638 0.4415 0.4076 0.3694 0.3318 0.2971 0.2662 0.2393 0.2162 0.1966 0.1803 0.1669 0.1561 0.1477 0.1416 0.1375 0.1354 0.1352 0.1370 0.1413 0.1490 0.1636 0.1994 0.2589 0.3175 0.3666 0.4054 0.4347 0.4554 0.4680 0.4722 0.4661 0.4458 0.4124 0.3735 0.3348 0.2990 0.2671 0.2393 0.2155 0.1955 0.1773
0.1786 0.1968 0.2169 0.2406 0.2683 0.3000 0.3355 0.3738 0.4123 0.4455 0.4658 0.4722 0.4684 0.4564 0.4363 0.4079 0.3702 0.3224 0.2650 0.2050 0.1658 0.1500 0.1420 0.1374 0.1353 0.1352 0.1371 0.1409 0.1467 0.1547 0.1650 0.1779 0.1936 0.2125 0.2348 0.2608 0.2908 0.3245 0.3614 0.3994 0.4346 0.4599 0.4710 0.4711 0.4627 0.4469 0.4237 0.3934 0.3577 0.3239 0.3086 0.3252 0.3594 0.3950 0.4251 0.4479 0.4634 0.4713 0.4707 0.4588 0.4326 0.3969 0.3587 0.3220 0.2884 0.2587 0.2328 0.2107 0.1921 0.1766 0.1639 0.1538 0.1461 0.1404 0.1368 0.1352 0.1354 0.1378 0.1428 0.1515 0.1692 0.2126 0.2735 0.3300 0.3765 0.4129 0.4401 0.4589 0.4697 0.4719 0.4632 0.4400 0.4050 0.3660 0.3280 0.2930 0.2619 0.2350 0.2120 0.1926 0.1751
0.1716 0.1880 0.2060 0.2276 0.2528 0.2820 0.3151 0.3516 0.3901 0.4268 0.4554 0.4697 0.4718 0.4648 0.4499 0.4270 0.3955 0.3545 0.3033 0.2437 0.1875 0.1585 0.1466 0.1401 0.1365 0.1351 0.1357 0.1383 0.1428 0.1493 0.1580 0.1691 0.1828 0.1995 0.2193 0.2427 0.2699 0.3009 0.3355 0.3727 0.4102 0.4431 0.4643 0.4720 0.4697 0.4595 0.4420 0.4177 0.3879 0.3586 0.3448 0.3593 0.3888 0.4185 0.4426 0.4599 0.4699 0.4719 0.4638 0.4420 0.4088 0.3711 0.3339 0.2994 0.2685 0.2415 0.2182 0.1985 0.1820 0.1684 0.1574 0.1488 0.1424 0.1380 0.1356 0.1351 0.1366 0.1404 0.1473 0.1599 0.1913 0.2490 0.3082 0.3587 0.3989 0.4297 0.4518 0.4660 0.4720 0.4688 0.4527 0.4226 0.3851 0.3466 0.3103 0.2775 0.2488 0.2240 0.2029 0.1853 0.1693
0.1630 0.1770 0.1927 0.2115 0.2338 0.2598 0.2897 0.3234 0.3603 0.3985 0.4339 0.4595 0.4710 0.4711 0.4627 0.4463 0.4220 0.3890 0.3464 0.2937 0.2333 0.1804 0.1557 0.1452 0.1393 0.1361 0.1351 0.1361 0.1389 0.1437 0.1505 0.1595 0.1710 0.1851 0.2021 0.2225 0.2463 0.2738 0.3052 0.3400 0.3773 0.4143 0.4461 0.4657 0.4721 0.4691 0.4584 0.4409 0.4181 0.3946 0.3831 0.3949 0.4185 0.4413 0.4586 0.4692 0.4721 0.4654 0.4455 0.4136 0.3764 0.3392 0.3044 0.2731 0.2456 0.2218 0.2016 0.1846 0.1706 0.1592 0.1502 0.1435 0.1388 0.1360 0.1351 0.1362 0.1395 0.1456 0.1564 0.1821 0.2361 0.2964 0.3487 0.3910 0.4235 0.4474 0.4633 0.4713 0.4706 0.4583 0.4317 0.3957 0.3574 0.3206 0.2871 0.2574 0.2316 0.2095 0.1910 0.1756 0.1618
0.1546 0.1663 0.1794 0.1955 0.2147 0.2374 0.2638 0.2941 0.3282 0.3651 0.4030 0.4376 0.4616 0.4715 0.4706 0.4613 0.4443 0.4192 0.3854 0.3419 0.2884 0.2278 0.1770 0.1544 0.1445 0.1389 0.1360 0.1351 0.1362 0.1392 0.1442 0.1511 0.1604 0.1720 0.1863 0.2035 0.2240 0.2480 0.2757 0.3072 0.3421 0.3793 0.4161 0.4472 0.4661 0.4722 0.4689 0.4585 0.4425 0.4249 0.4160 0.4250 0.4426 0.4586 0.4690 0.4722 0.4660 0.4470 0.4157 0.3789 0.3417 0.3069 0.2754 0.2477 0.2237 0.2032 0.1860 0.1718 0.1602 0.1510 0.1441 0.1392 0.1362 0.1351 0.1360 0.1390 0.1447 0.1547 0.1778 0.2291 0.2897 0.3431 0.3864 0.4199 0.4448 0.4617 0.4707 0.4713 0.4610 0.4365 0.4016 0.3636 0.3267 0.2927 0.2625 0.2362 0.2136 0.1945 0.1786 0.1656 0.1540
0.1474 0.1567 0.1675 0.1809 0.1972 0.2166 0.2396 0.2663 0.2969 0.3311 0.3682 0.4059 0.4398 0.4627 0.4717 0.4702 0.4604 0.4429 0.4173 0.3830 0.3390 0.2850 0.2243 0.1751 0.1536 0.1441 0.1387 0.1359 0.1352 0.1364 0.1394 0.1445 0.1516 0.1609 0.1726 0.1870 0.2043 0.2249 0.2490 0.2768 0.3083 0.3432 0.3802 0.4168 0.4476 0.4662 0.4722 0.4692 0.4598 0.4479 0.4414 0.4479 0.4599 0.4692 0.4722 0.4662 0.4475 0.4166 0.3800 0.3430 0.3081 0.2766 0.2488 0.2248 0.2042 0.1869 0.1725 0.1608 0.1515 0.1444 0.1394 0.1363 0.1351 0.1359 0.1387 0.1442 0.1538 0.1754 0.2249 0.2856 0.3396 0.3835 0.4177 0.4432 0.4606 0.4703 0.4717 0.4624 0.4393 0.4052 0.3674 0.3303 0.2961 0.2656 0.2390 0.2161 0.1967 0.1805 0.1671 0.1564 0.1471
