-33.3356 -12.4844 -24.5319 -48.7588 4.5268 -42.3368 23.7066 -34.6517 -3.2004 -25.9373 -48.7033 -6.6383 -43.5136 27.0975 -35.7426 3.1720 -27.2900 -47.9405 -12.6607 -44.7050 30.4221 -36.8346 7.5674 -28.5924 -45.9847 -16.3655 -45.8430 33.0435 -37.9432 11.1056 -29.8737 -42.1454 -19.0424 -46.8979 33.6798 -39.0838 14.3742 -31.1645 -35.2673 -21.2215 -47.8174 29.8551 -40.2409 17.5879 -32.4419 -24.3133 -23.1328 -48.5177 15.7659 -41.8491 23.6629 -35.6466 9.5326 -32.8755 8.9391 -35.3320 22.4446 -41.4136 21.7059 -48.3049 -22.4416 -28.9921 -31.9516 16.3424 -39.7943 32.0599 -47.4895 -20.4427 -38.2809 -30.6851 13.1824 -38.6634 33.8049 -46.5294 -18.1565 -43.7949 -29.4173 9.8992 -37.5464 32.2496 -45.4461 -15.2017 -46.8541 -28.1302 6.1403 -36.4428 29.2745 -44.2845 -10.8901 -48.3223 -26.8192 1.2308 -35.3632 25.8957 -43.0940 -3.5318 -48.7733 -25.4675 -5.8873 -34.3218 23.1167
-12.4844 -25.0459 -48.7896 7.2307 -42.4569 23.9785 -35.0870 -1.8274 -26.5720 -48.6098 -5.6911 -43.6322 27.4379 -36.1545 4.0041 -27.8981 -47.6472 -12.4430 -44.8472 30.8737 -37.2245 8.1316 -29.1654 -45.3762 -16.4870 -45.9994 33.7256 -38.3054 11.5308 -30.4163 -41.0654 -19.3641 -47.0517 34.8044 -39.4040 14.7120 -31.6785 -33.5129 -21.6851 -47.9538 31.7571 -40.5113 17.8816 -32.9264 -22.0059 -23.6617 -48.5923 20.1595 -41.7961 22.4794 -35.1225 3.5716 -30.2168 -18.8531 -30.0146 1.9784 -34.7190 21.1600 -41.3737 25.5876 -48.3939 -22.9358 -26.8719 -32.4472 16.6518 -40.0867 33.6129 -47.6372 -20.8652 -36.7808 -31.2130 13.5549 -39.0023 34.7360 -46.6872 -18.4209 -42.9029 -29.9716 10.3647 -37.9193 32.8301 -45.5982 -15.2242 -46.3750 -28.7153 6.7755 -36.8417 29.6743 -44.4196 -10.4760 -48.1116 -27.4395 2.2062 -35.7794 26.1981 -43.1953 -2.0291 -48.7323 -26.0510 -4.7972 -34.3218
-24.5319 -48.7896 6.3709 -42.5767 24.3349 -35.2215 -0.9411 -26.7530 -48.5358 -6.9039 -43.8070 27.9393 -36.3155 4.6757 -28.0808 -47.4120 -13.1468 -45.0200 31.3459 -37.3914 8.6588 -29.3477 -44.8944 -16.9581 -46.1594 34.0329 -38.4769 11.9985 -30.5968 -40.2156 -19.7192 -47.1899 34.6987 -39.5756 15.1478 -31.8529 -32.1561 -21.9730 -48.0598 30.8273 -40.6862 18.3254 -33.0978 -20.2233 -23.8959 -48.6423 18.6091 -41.8740 22.2966 -34.8334 -0.2506 -28.3705 -41.9161 -24.7641 -42.9708 -27.8960 -3.2737 -34.3524 20.9108 -41.4423 24.3977 -48.4627 -23.1849 -25.2019 -32.6216 17.0960 -40.2621 33.0409 -47.7593 -21.1813 -35.6014 -31.3931 14.0058 -39.1762 34.8175 -46.8361 -18.8124 -42.2009 -30.1530 10.8453 -38.0895 33.2165 -45.7633 -15.7592 -45.9956 -28.8981 7.3381 -37.0061 30.1644 -44.5917 -11.2997 -47.9473 -27.6129 2.9028 -35.9188 26.6110 -43.3263 -2.9832 -48.7201 -26.0510 -5.8873
-48.7588 7.2307 -42.5767 24.4705 -35.2959 -0.3436 -26.8950 -48.4608 -7.8943 -43.9675 28.4063 -36.4625 5.2918 -28.2601 -47.1516 -13.7937 -45.1904 31.7997 -37.5487 9.1691 -29.5306 -44.3724 -17.4092 -46.3165 34.2991 -38.6346 12.4588 -30.7774 -39.2961 -20.0646 -47.3254 34.5057 -39.7297 15.5833 -32.0255 -30.7262 -22.2539 -48.1600 29.7481 -40.8380 18.7712 -33.2668 -18.4120 -24.1339 -48.6879 16.6086 -41.9766 22.4792 -34.7837 -1.8139 -27.5525 -46.3969 -20.4254 -48.7639 -19.6006 -47.4657 -26.7522 -6.0413 -34.2511 21.0454 -41.5417 22.7877 -48.5308 -23.4388 -23.4561 -32.7928 17.5403 -40.4180 32.3397 -47.8769 -21.4889 -34.3450 -31.5718 14.4541 -39.3350 34.8289 -46.9819 -19.1888 -41.4394 -30.3344 11.3187 -38.2480 33.5735 -45.9263 -16.2635 -45.5832 -29.0780 7.8711 -37.1558 30.6244 -44.7519 -12.0054 -47.7816 -27.7599 3.4300 -36.0140 26.8506 -43.3753 -2.9832 -48.7323 -25.4675
4.5268 -42.4569 24.3349 -35.2959 -0.1299 -26.9738 -48.4024 -8.5960 -44.0985 28.8110 -36.5940 5.8400 -28.4283 -46.8782 -14.3775 -45.3545 32.2316 -37.7053 9.6660 -29.7126 -43.8031 -17.8397 -46.4715 34.5181 -38.7929 12.9155 -30.9577 -38.3100 -20.4024 -47.4571 34.2159 -39.8848 16.0196 -32.1983 -29.2180 -22.5290 -48.2544 28.5057 -40.9895 19.2190 -33.4346 -16.6027 -24.3709 -48.7256 14.3710 -42.1028 22.8192 -34.8447 -1.9643 -27.3228 -47.2333 -18.3554 -48.0931 -8.2089 -47.6105 -15.2116 -48.3905 -26.2240 -6.8485 -34.2864 21.3573 -41.6682 20.8784 -48.5939 -23.6900 -21.6705 -32.9650 17.9899 -40.5750 31.4956 -47.9895 -21.7880 -33.0057 -31.7502 14.9017 -39.4940 34.7630 -47.1241 -19.5533 -40.6150 -30.5154 11.7866 -38.4045 33.8951 -46.0838 -16.7300 -45.1479 -29.2479 8.3569 -37.2941 31.0279 -44.8905 -12.5488 -47.6437 -27.8591 3.7163 -36.0491 26.8506 -43.3263 -2.0291 -48.7733
-42.3368 23.9785 -35.2215 -0.3436 -26.9738 -48.3796 -8.9654 -44.1856 29.1127 -36.7001 6.2898 -28.5762 -46.6051 -14.8917 -45.5069 32.6238 -37.8557 10.1430 -29.8904 -43.1864 -18.2495 -46.6237 34.6838 -38.9512 13.3673 -31.1378 -37.2489 -20.7311 -47.5847 33.8155 -40.0405 16.4596 -32.3713 -27.6317 -22.7985 -48.3424 27.0972 -41.1395 19.6685 -33.6022 -14.8130 -24.6052 -48.7546 11.9996 -42.2374 23.2276 -34.9498 -1.5685 -27.3014 -47.3462 -18.1774 -48.0632 -5.2975 -46.2469 16.5149 -46.3696 -11.3937 -48.6257 -26.0303 -6.5718 -34.3871 21.7549 -41.8073 18.7457 -48.6490 -23.9383 -19.8400 -33.1385 18.4443 -40.7318 30.4956 -48.0963 -22.0802 -31.5805 -31.9284 15.3495 -39.6520 34.6115 -47.2624 -19.9053 -39.7294 -30.6934 12.2395 -38.5567 34.1678 -46.2311 -17.1483 -44.7094 -29.4017 8.7753 -37.4119 31.3468 -44.9941 -12.8952 -47.5636 -27.8949 3.7163 -36.0140 26.6110 -43.1953 -3.5318
23.7066 -35.0870 -0.9411 -26.8950 -48.4024 -8.9654 -44.2170 29.2767 -36.7702 6.6136 -28.6931 -46.3543 -15.3210 -45.6422 32.9653 -37.9942 10.5846 -30.0598 -42.5424 -18.6335 -46.7704 34.7903 -39.1092 13.8148 -31.3171 -36.1074 -21.0501 -47.7086 33.2964 -40.1957 16.9043 -32.5441 -25.9745 -23.0622 -48.4239 25.5215 -41.2891 20.1215 -33.7694 -13.0630 -24.8362 -48.7735 9.5881 -42.3758 23.6718 -35.0759 -0.9919 -27.3109 -47.4259 -18.1552 -48.2899 -12.2686 -47.7043 1.5156 -44.6831 33.4612 -45.2475 -7.9748 -48.6919 -26.0192 -5.7703 -34.5198 22.1959 -41.9506 16.4620 -48.6954 -24.1835 -17.9819 -33.3115 18.9022 -40.8878 29.3320 -48.1973 -22.3664 -30.0723 -32.1054 15.7974 -39.8086 34.3662 -47.3952 -20.2405 -38.8056 -30.8647 12.6677 -38.7007 34.3844 -46.3648 -17.5087 -44.2982 -29.5314 9.1033 -37.4989 31.5537 -45.0500 -13.0176 -47.5636 -27.8591 3.4300 -35.9188 26.1981 -43.0940
-34.6517 -1.8274 -26.7530 -48.4608 -8.5960 -44.1856 29.2767 -36.7950 6.7864 -28.7691 -46.1612 -15.6434 -45.7542 33.2462 -38.1180 10.9796 -30.2157 -41.8915 -18.9855 -46.9084 34.8323 -39.2624 14.2561 -31.4941 -34.8892 -21.3590 -47.8282 32.6531 -40.3520 17.3508 -32.7173 -24.2444 -23.3217 -48.4985 23.7710 -41.4390 20.5789 -33.9352 -11.3770 -25.0635 -48.7814 7.2093 -42.5157 24.1358 -35.2136 -0.3027 -27.3443 -47.5625 -17.4560 -48.1617 -14.5921 -48.7611 -19.4117 -48.6102 33.4869 -41.7269 33.7034 -44.3079 -5.6322 -48.7016 -26.1144 -4.7375 -34.6683 22.6588 -42.0951 14.0754 -48.7334 -24.4255 -16.1194 -33.4844 19.3638 -41.0428 27.9942 -48.2917 -22.6461 -28.4875 -32.2814 16.2404 -39.9633 34.0300 -47.5199 -20.5529 -37.8653 -31.0250 13.0590 -38.8317 34.5460 -46.4792 -17.7998 -43.9538 -29.6258 9.3142 -37.5461 31.6264 -45.0500 -12.8952 -47.6437 -27.7599 2.9028 -35.7794 25.8957
-3.2004 -26.5720 -48.5358 -7.8943 -44.0985 29.1127 -36.7702 6.7864 -28.7958 -46.0553 -15.8469 -45.8346 33.4534 -38.2201 11.3123 -30.3527 -41.2638 -19.3007 -47.0346 34.8108 -39.4083 14.6792 -31.6654 -33.6190 -21.6567 -47.9422 31.8746 -40.5084 17.7978 -32.8914 -22.4556 -23.5776 -48.5656 21.8445 -41.5881 21.0390 -34.0995 -9.7712 -25.2863 -48.7775 4.9081 -42.6555 24.6074 -35.3563 0.4548 -27.4318 -47.6206 -16.4715 -47.6069 -10.3405 -48.7594 -24.3940 -34.6214 -23.9030 -40.7402 21.8082 -38.4340 29.9691 -43.8212 -4.9574 -48.6823 -26.2690 -3.6381 -34.8232 23.1337 -42.2406 11.6120 -48.7614 -24.6652 -14.2852 -33.6558 19.8283 -41.1960 26.4836 -48.3788 -22.9186 -26.8585 -32.4530 16.6699 -40.1125 33.6108 -47.6338 -20.8370 -36.9441 -31.1691 13.4015 -38.9438 34.6546 -46.5671 -18.0054 -43.7202 -29.6757 9.3872 -37.5461 31.5537 -44.9941 -12.5488 -47.7816 -27.6129 2.2062 -35.3632
-25.9373 -48.6098 -6.9039 -43.9675 28.8110 -36.7001 6.6136 -28.7691 -46.0553 -15.9177 -45.8764 33.5814 -38.2927 11.5665 -30.4638 -40.7037 -19.5688 -47.1455 34.7335 -39.5442 15.0758 -31.8271 -32.3300 -21.9377 -48.0473 30.9625 -40.6624 18.2479 -33.0640 -20.6331 -23.8303 -48.6252 19.7541 -41.7353 21.5015 -34.2633 -8.2493 -25.5052 -48.7703 2.7473 -42.7936 25.0799 -35.4980 1.1976 -27.5552 -47.5553 -15.9591 -47.1130 4.1864 -47.5671 -21.3882 -18.7069 -34.4667 27.6208 -32.0001 -31.5395 10.3605 -36.9571 28.4184 -43.7151 -5.4438 -48.6410 -26.4505 -2.5513 -34.9797 23.6142 -42.3867 9.1247 -48.7779 -24.9015 -12.5089 -33.8257 20.2912 -41.3483 24.8135 -48.4576 -23.1772 -25.2252 -32.6168 17.0781 -40.2508 33.1260 -47.7350 -21.0859 -36.0969 -31.2912 13.6814 -39.0298 34.7174 -46.6235 -18.1112 -43.6364 -29.6757 9.3142 -37.4989 31.3468 -44.8905 -12.0054 -47.9473 -27.4395 1.2308
-48.7033 -5.6911 -43.8070 28.4063 -36.5940 6.2898 -28.6931 -46.1612 -15.8469 -45.8764 33.6245 -38.3319 11.7306 -30.5429 -40.2547 -19.7792 -47.2375 34.6170 -39.6650 15.4340 -31.9755 -31.0625 -22.1977 -48.1429 29.9441 -40.8119 18.6923 -33.2335 -18.7974 -24.0776 -48.6765 17.5053 -41.8831 21.9680 -34.4265 -6.8149 -25.7209 -48.7635 0.7571 -42.9425 25.5522 -35.6356 1.8760 -27.6733 -47.4495 -15.8924 -46.9833 17.9386 -45.6458 -9.6247 -47.4850 -30.7653 17.0750 -42.7025 -19.3061 -40.9939 -29.5921 7.1067 -36.5756 28.1541 -43.7789 -6.3907 -48.5796 -26.6421 -1.5134 -35.1374 24.1023 -42.5311 6.6757 -48.7824 -25.1324 -10.8229 -33.9942 20.7508 -41.4972 23.0172 -48.5267 -23.4194 -23.6286 -32.7691 17.4558 -40.3759 32.6129 -47.8212 -21.2921 -35.3763 -31.3837 13.8802 -39.0850 34.7459 -46.6429 -18.1112 -43.7202 -29.6258 9.1033 -37.4119 31.0279 -44.7519 -11.2997 -48.1116 -26.8192
-6.6383 -43.6322 27.9393 -36.4625 5.8400 -28.5762 -46.3543 -15.6434 -45.8346 33.5814 -38.3319 11.7885 -30.5849 -39.9554 -19.9242 -47.3055 34.4886 -39.7663 15.7462 -32.1068 -29.8742 -22.4313 -48.2271 28.8471 -40.9537 19.1199 -33.3976 -17.0056 -24.3147 -48.7181 15.1511 -42.0299 22.4394 -34.5878 -5.4773 -25.9322 -48.7479 -1.0635 -43.1097 26.0222 -35.7698 2.4894 -27.7670 -47.3854 -15.7592 -46.8956 22.8869 -45.0279 14.5554 -48.0376 -23.5743 -2.4844 -36.2544 31.3676 -46.6825 -18.2265 -44.9061 -28.8838 6.1354 -36.5240 28.3519 -43.9090 -7.4442 -48.4987 -26.8365 -0.5351 -35.2943 24.6001 -42.6736 4.3560 -48.7749 -25.3571 -9.2481 -34.1565 21.2010 -41.6392 21.1609 -48.5854 -23.6400 -22.1234 -32.9058 17.7928 -40.4855 32.1191 -47.8883 -21.4449 -34.8550 -31.4421 13.9848 -39.1047 34.7459 -46.6235 -18.0054 -43.9538 -29.5314 8.7753 -37.2941 30.6244 -44.5917 -10.4760 -48.3223
-43.5136 27.4379 -36.3155 5.2918 -28.4283 -46.6051 -15.3210 -45.7542 33.4534 -38.2927 11.7306 -30.5849 -39.8481 -19.9995 -47.3471 34.3814 -39.8424 15.9969 -32.2165 -28.8080 -22.6327 -48.2990 27.7280 -41.0836 19.5209 -33.5525 -15.2961 -24.5408 -48.7493 12.7920 -42.1727 22.9110 -34.7464 -4.2411 -26.1389 -48.7191 -2.7176 -43.2824 26.4922 -35.9040 3.0583 -27.8467 -47.3664 -15.3865 -46.6693 28.2782 -44.4599 28.3961 -46.6007 -15.7117 -45.4835 -30.3532 11.7496 -38.7721 34.7250 -46.4824 -16.8328 -45.9633 -28.6713 6.0721 -36.5932 28.7277 -44.0649 -8.4816 -48.3978 -27.0293 0.3903 -35.4498 25.0974 -42.8158 2.2157 -48.7674 -25.5713 -7.8078 -34.3107 21.6299 -41.7718 19.3315 -48.6330 -23.8358 -20.7805 -33.0236 18.0750 -40.5734 31.7074 -47.9335 -21.5386 -34.5826 -31.4628 13.9848 -39.0850 34.7174 -46.5671 -17.7998 -44.2982 -29.4017 8.3569 -37.1558 30.1644 -44.4196 -10.8901
27.0975 -36.1545 4.6757 -28.2601 -46.8782 -14.8917 -45.6422 33.2462 -38.2201 11.5665 -30.5429 -39.9554 -19.9995 -47.3612 34.3197 -39.8887 16.1677 -32.2991 -27.9248 -22.7979 -48.3576 26.6498 -41.1996 19.8878 -33.6948 -13.7349 -24.7537 -48.7702 10.4813 -42.3108 23.3729 -34.9010 -3.0997 -26.3400 -48.6764 -4.2141 -43.4534 26.9656 -36.0398 3.6262 -27.9335 -47.3481 -14.9234 -46.3348 33.0364 -43.3297 34.9300 -44.9356 1.1172 -48.6452 -23.6894 -23.6171 -32.5417 15.0948 -39.2761 34.5879 -46.1566 -16.0945 -46.2127 -28.6733 6.3793 -36.7115 29.1731 -44.2320 -9.4612 -48.2763 -27.2201 1.2522 -35.6026 25.5859 -42.9711 0.2983 -48.7609 -25.7716 -6.5204 -34.4550 22.0289 -41.8910 17.6028 -48.6702 -24.0017 -19.6604 -33.1179 18.2880 -40.6331 31.4385 -47.9567 -21.5704 -34.5826 -31.4421 13.8802 -39.0298 34.6546 -46.4792 -17.5087 -44.7094 -29.2479 7.8711 -37.0061 29.6743 -44.2845
-35.7426 4.0041 -28.0808 -47.1516 -14.3775 -45.5069 32.9653 -38.1180 11.3123 -30.4638 -40.2547 -19.9242 -47.3471 34.3197 -39.9041 16.2538 -32.3498 -27.3048 -22.9214 -48.4013 25.6942 -41.2986 20.2133 -33.8205 -12.3688 -24.9456 -48.7813 8.2881 -42.4425 23.8217 -35.0502 -2.0584 -26.5346 -48.6197 -5.5521 -43.6233 27.4411 -36.1779 4.1995 -28.0399 -47.2877 -14.5714 -46.0056 34.8316 -41.9275 31.8856 -42.5532 33.5998 -46.4702 -13.8009 -48.2418 -26.1826 -15.0106 -32.7405 14.9611 -39.0028 34.2180 -45.9851 -15.9130 -46.1329 -28.7737 6.8316 -36.8493 29.6438 -44.4025 -10.3662 -48.1346 -27.4052 2.0432 -35.7498 26.0608 -43.1374 -1.3717 -48.7443 -25.9554 -5.4065 -34.5836 22.3862 -41.9950 16.0677 -48.6972 -24.1305 -18.8107 -33.1826 18.4180 -40.6638 31.3464 -47.9567 -21.5386 -34.8550 -31.3837 13.6814 -38.9438 34.5460 -46.3648 -17.1483 -45.1479 -29.0780 7.3381 -36.8417 29.2745
3.1720 -27.8981 -47.4120 -13.7937 -45.3545 32.6238 -37.9942 10.9796 -30.3527 -40.7037 -19.7792 -47.3055 34.3814 -39.8887 16.2538 -32.3665 -26.9931 -22.9963 -48.4306 24.9413 -41.3752 20.4824 -33.9280 -11.1999 -25.1130 -48.7839 6.3329 -42.5645 24.2496 -35.1925 -1.1201 -26.7212 -48.5494 -6.7497 -43.7906 27.9146 -36.3190 4.7665 -28.1658 -47.1702 -14.4431 -45.7659 34.6999 -40.6156 25.5970 -39.7131 29.9578 -43.0247 27.4165 -47.3893 -16.6659 -47.8867 -25.9829 -19.5402 -32.2430 13.9421 -38.7365 33.9814 -45.9591 -16.0736 -45.8851 -28.9177 7.3342 -36.9954 30.1166 -44.5712 -11.1865 -47.9757 -27.5816 2.7672 -35.8901 26.5137 -43.2950 -2.7989 -48.7194 -26.1191 -4.4695 -34.6959 22.6931 -42.0805 14.8398 -48.7150 -24.2198 -18.2984 -33.2146 18.4604 -40.6638 31.4385 -47.9335 -21.4449 -35.3763 -31.2912 13.4015 -38.8317 34.3844 -46.2311 -16.7300 -45.5832 -28.8981 6.7755 -36.4428
-27.2900 -47.6472 -13.1468 -45.1904 32.2316 -37.8557 10.5846 -30.2157 -41.2638 -19.5688 -47.2375 34.4886 -39.8424 16.1677 -32.3498 -26.9931 -23.0205 -48.4451 24.4537 -41.4287 20.6807 -34.0124 -10.2579 -25.2559 -48.7799 4.6683 -42.6737 24.6444 -35.3239 -0.2887 -26.8958 -48.4666 -7.8129 -43.9539 28.3802 -36.4597 5.3268 -28.3065 -47.0010 -14.5382 -45.6418 34.0750 -39.6027 20.3155 -37.0395 19.5402 -39.0582 30.3411 -43.3736 23.9474 -47.3820 -15.6608 -48.4855 -24.9103 -26.4988 -31.7361 13.2243 -38.6212 33.9697 -46.0251 -16.4033 -45.5373 -29.0805 7.8442 -37.1441 30.5756 -44.7352 -11.9248 -47.8012 -27.7493 3.4153 -36.0223 26.9355 -43.4383 -3.9846 -48.6891 -26.2617 -3.7011 -34.7892 22.9349 -42.1428 13.9736 -48.7252 -24.2645 -18.1365 -33.2146 18.4180 -40.6331 31.7074 -47.8883 -21.2921 -36.0969 -31.1691 13.0590 -38.7007 34.1678 -46.0838 -16.2635 -45.9956 -28.7153 6.1403
-47.9405 -12.4430 -45.0200 31.7997 -37.7053 10.1430 -30.0598 -41.8915 -19.3007 -47.1455 34.6170 -39.7663 15.9969 -32.2991 -27.3048 -22.9963 -48.4451 24.2891 -41.4573 20.8061 -34.0696 -9.5808 -25.3677 -48.7718 3.2846 -42.7685 24.9981 -35.4413 0.4296 -27.0556 -48.3741 -8.7390 -44.1106 28.8285 -36.5985 5.8708 -28.4564 -46.7842 -14.7920 -45.6158 33.6011 -38.9360 16.6350 -34.8853 10.7513 -35.2109 17.3228 -38.8873 30.5909 -43.4159 24.2580 -46.9712 -13.0962 -48.7575 -23.8969 -30.8933 -31.4547 12.9843 -38.6341 34.1089 -46.1384 -16.7992 -45.1240 -29.2494 8.3389 -37.2900 31.0152 -44.8923 -12.5853 -47.6157 -27.9067 3.9913 -36.1430 27.3169 -43.5646 -4.9519 -48.6561 -26.3797 -3.1206 -34.8576 23.1008 -42.1821 13.5161 -48.7285 -24.2645 -18.2984 -33.1826 18.2880 -40.5734 32.1191 -47.8212 -21.0859 -36.9441 -31.0250 12.6677 -38.5567 33.8951 -45.9263 -15.7592 -46.3750 -28.1302
-12.6607 -44.8472 31.3459 -37.5487 9.6660 -29.8904 -42.5424 -18.9855 -47.0346 34.7335 -39.6650 15.7462 -32.2165 -27.9248 -22.9214 -48.4306 24.4537 -41.4573 20.8513 -34.0999 -9.1762 -25.4431 -48.7670 2.2258 -42.8476 25.3065 -35.5426 1.0402 -27.1978 -48.2770 -9.5374 -44.2563 29.2542 -36.7327 6.3838 -28.6098 -46.5255 -15.1393 -45.6573 33.3993 -38.5618 14.2884 -33.2700 1.0405 -31.7194 4.2286 -34.3443 16.5375 -39.0009 32.2772 -44.3290 18.0114 -46.6946 -10.7056 -48.7424 -23.2971 -32.5676 -31.3965 13.1094 -38.7273 34.3067 -46.2728 -17.2104 -44.6703 -29.4154 8.8094 -37.4304 31.4273 -45.0394 -13.1658 -47.4248 -28.0502 4.4895 -36.2500 27.6481 -43.6737 -5.7151 -48.6251 -26.4665 -2.7387 -34.8995 23.1893 -42.1965 13.5161 -48.7252 -24.2198 -18.8107 -33.1179 18.0750 -40.4855 32.6129 -47.7350 -20.8370 -37.8653 -30.8647 12.2395 -38.4045 33.5735 -45.7633 -15.2242 -46.8541
-44.7050 30.8737 -37.3914 9.1691 -29.7126 -43.1864 -18.6335 -46.9084 34.8108 -39.5442 15.4340 -32.1068 -28.8080 -22.7979 -48.4013 24.9413 -41.4287 20.8061 -34.0999 -9.0388 -25.4817 -48.7668 1.5295 -42.9128 25.5550 -35.6271 1.5464 -27.3202 -48.1809 -10.2131 -44.3899 29.6474 -36.8582 6.8594 -28.7611 -46.2366 -15.5280 -45.7428 33.4108 -38.3955 12.9563 -32.1097 -14.4546 -28.4245 -29.1163 -29.4783 -1.2850 -33.9113 17.5382 -40.4294 23.9967 -46.4234 5.1615 -46.5914 -9.1154 -48.6967 -23.1537 -32.3197 -31.5047 13.4615 -38.8642 34.5034 -46.4126 -17.6059 -44.1884 -29.5751 9.2522 -37.5626 31.8011 -45.1746 -13.6696 -47.2374 -28.1765 4.9075 -36.3428 27.9260 -43.7618 -6.2586 -48.6018 -26.5183 -2.5441 -34.9142 23.1893 -42.1821 13.9736 -48.7150 -24.1305 -19.6604 -33.0236 17.7928 -40.3759 33.1260 -47.6338 -20.5529 -38.8056 -30.6934 11.7866 -38.2480 33.2165 -45.5982 -15.2017
30.4221 -37.2245 8.6588 -29.5306 -43.8031 -18.2495 -46.7704 34.8323 -39.4083 15.0758 -31.9755 -29.8742 -22.6327 -48.3576 25.6942 -41.3752 20.6807 -34.0696 -9.1762 -25.4817 -48.7668 1.1888 -42.9577 25.7244 -35.6910 1.9403 -27.4219 -48.0897 -10.7703 -44.5088 29.9993 -36.9740 7.2945 -28.9051 -45.9291 -15.9223 -45.8514 33.5508 -38.3618 12.3348 -31.3937 -28.1321 -25.4915 -46.5536 -23.6351 -43.9086 -27.4470 -9.4257 -33.0069 21.0239 -48.9346 -16.6065 -47.7010 1.2841 -46.4779 -8.6403 -48.7132 -23.4422 -30.5157 -31.7293 13.9392 -39.0190 34.6633 -46.5486 -17.9717 -43.6916 -29.7263 9.6576 -37.6853 32.1328 -45.2960 -14.0948 -47.0626 -28.2846 5.2533 -36.4178 28.1368 -43.8218 -6.5750 -48.5894 -26.5355 -2.5441 -34.8995 23.1008 -42.1428 14.8398 -48.6972 -24.0017 -20.7805 -32.9058 17.4558 -40.2508 33.6108 -47.5199 -20.2405 -39.7294 -30.5154 11.3187 -38.0895 32.8301 -45.4461
-36.8346 8.1316 -29.3477 -44.3724 -17.8397 -46.6237 34.7903 -39.2624 14.6792 -31.8271 -31.0625 -22.4313 -48.2990 26.6498 -41.2986 20.4824 -34.0124 -9.5808 -25.4431 -48.7668 1.1888 -42.9730 25.8093 -35.7297 2.2066 -27.4986 -48.0093 -11.2139 -44.6097 30.3056 -37.0780 7.6813 -29.0388 -45.6160 -16.2977 -45.9673 33.7475 -38.4048 12.1666 -31.0383 -34.3731 -23.3193 -48.7593 -16.0896 -48.5917 -17.6730 -48.6209 -22.3068 -47.8610 -3.3923 -32.0462 -38.1049 -19.0261 -47.4506 5.9291 -46.5005 -10.4567 -48.7672 -24.1357 -27.2402 -32.0200 14.4509 -39.1700 34.7697 -46.6747 -18.3045 -43.1923 -29.8664 10.0213 -37.7970 32.4197 -45.4011 -14.4430 -46.9046 -28.3727 5.5112 -36.4701 28.2646 -43.8518 -6.6788 -48.5894 -26.5183 -2.7387 -34.8576 22.9349 -42.0805 16.0677 -48.6702 -23.8358 -22.1234 -32.7691 17.0781 -40.1125 34.0300 -47.3952 -19.9053 -40.6150 -30.3344 10.8453 -37.9193 32.2496
7.5674 -29.1654 -44.8944 -17.4092 -46.4715 34.6838 -39.1092 14.2561 -31.6654 -32.3300 -22.1977 -48.2271 27.7280 -41.1996 20.2133 -33.9280 -10.2579 -25.3677 -48.7670 1.5295 -42.9577 25.8093 -35.7426 2.3380 -27.5455 -47.9497 -11.5410 -44.6917 30.5606 -37.1680 8.0150 -29.1588 -45.3072 -16.6415 -46.0813 33.9561 -38.4884 12.2646 -30.9171 -36.7862 -21.9797 -48.5008 -2.6849 -45.9851 19.1409 -46.0432 5.3341 -46.8502 14.8573 -42.4071 12.6202 -28.3167 -48.1543 -12.7776 -46.6747 5.0186 -47.1172 -14.5264 -48.5988 -25.1465 -22.8912 -32.3025 14.8932 -39.2988 34.8238 -46.7875 -18.6004 -42.7088 -29.9917 10.3417 -37.8945 32.6574 -45.4896 -14.7183 -46.7768 -28.4344 5.6665 -36.4961 28.3072 -43.8518 -6.5750 -48.6018 -26.4665 -3.1206 -34.7892 22.6931 -41.9950 17.6028 -48.6330 -23.6400 -23.6286 -32.6168 16.6699 -39.9633 34.3662 -47.2624 -19.5533 -41.4394 -30.1530 10.3647 -37.5464
-28.5924 -45.3762 -16.9581 -46.3165 34.5181 -38.9512 13.8148 -31.4941 -33.6190 -21.9377 -48.1429 28.8471 -41.0836 19.8878 -33.8205 -11.1999 -25.2559 -48.7718 2.2258 -42.9128 25.7244 -35.7297 2.3380 -27.5612 -47.9188 -11.7388 -44.7496 30.7544 -37.2410 8.2888 -29.2616 -45.0161 -16.9485 -46.1894 34.1514 -38.5917 12.5039 -30.9360 -37.4450 -21.3260 -48.1472 17.7684 -43.6415 34.1460 -41.8759 32.8979 -41.9275 32.6325 -40.5722 21.1956 -33.2509 -29.2012 -22.3337 -48.4947 -7.6060 -47.0554 -8.3985 -48.3302 -19.1252 -47.5026 -26.2510 -19.0505 -32.4801 15.1843 -39.3972 34.8369 -46.8866 -18.8558 -42.2609 -30.1004 10.6118 -37.9757 32.8452 -45.5575 -14.9090 -46.6956 -28.4654 5.7180 -36.4961 28.2646 -43.8218 -6.2586 -48.6251 -26.3797 -3.7011 -34.6959 22.3862 -41.8910 19.3315 -48.5854 -23.4194 -25.2252 -32.4530 16.2404 -39.8086 34.6115 -47.1241 -19.1888 -42.2009 -29.9716 9.8992
-45.9847 -16.4870 -46.1594 34.2991 -38.7929 13.3673 -31.3171 -34.8892 -21.6567 -48.0473 29.9441 -40.9537 19.5209 -33.6948 -12.3688 -25.1130 -48.7799 3.2846 -42.8476 25.5550 -35.6910 2.2066 -27.5455 -47.9188 -11.8039 -44.7786 30.8742 -37.2926 8.4970 -29.3455 -44.7581 -17.2090 -46.2894 34.3253 -38.7049 12.8238 -31.0399 -37.1631 -21.1657 -47.9629 26.9234 -42.2502 27.9029 -38.7187 21.0248 -37.6698 19.6357 -37.0526 15.3898 -34.0235 -5.2605 -26.9023 -47.7971 -17.9740 -48.3713 -13.9747 -48.5553 -18.7340 -48.4048 -23.2969 -44.6208 -26.9296 -18.0068 -32.4896 15.3200 -39.4690 34.8218 -46.9728 -19.0731 -41.8574 -30.1914 10.8297 -38.0383 32.9759 -45.5992 -15.0034 -46.6680 -28.4654 5.6665 -36.4701 28.1368 -43.7618 -5.7151 -48.6561 -26.2617 -4.4695 -34.5836 22.0289 -41.7718 21.1609 -48.5267 -23.1772 -26.8585 -32.2814 15.7974 -39.6520 34.7630 -46.9819 -18.8124 -42.9029 -29.4173
-16.3655 -45.9994 34.0329 -38.6346 12.9155 -31.1378 -36.1074 -21.3590 -47.9422 30.9625 -40.8119 19.1199 -33.5525 -13.7349 -24.9456 -48.7839 4.6683 -42.7685 25.3068 -35.6271 1.9404 -27.4986 -47.9497 -11.7389 -44.7787 30.9140 -37.3189 8.6291 -29.4069 -44.5455 -17.4228 -46.3773 34.4731 -38.8248 13.2029 -31.2075 -36.1828 -21.3589 -47.9578 29.0094 -41.6124 23.9288 -36.6821 12.9908 -34.2901 8.8679 -33.5502 6.3745 -32.3307 -5.6855 -28.7828 -41.7917 -23.2822 -48.4474 -20.1294 -48.5754 -22.1324 -46.1120 -25.5875 -39.6451 -26.4803 -43.2051 -26.6058 -20.5008 -32.3627 15.3648 -39.5274 34.7881 -47.0461 -19.2544 -41.5146 -30.2623 10.9856 -38.0779 33.0408 -45.6131 -15.0034 -46.6956 -28.4344 5.5112 -36.4178 27.9260 -43.6737 -4.9519 -48.6891 -26.1191 -5.4065 -34.4550 21.6299 -41.6392 23.0172 -48.4576 -22.9186 -28.4875 -32.1054 15.3495 -39.4940 34.8289 -46.8361 -18.4209 -43.7949
-45.8430 33.7256 -38.4769 12.4588 -30.9577 -37.2489 -21.0501 -47.8282 31.8746 -40.6624 18.6923 -33.3976 -15.2961 -24.7537 -48.7813 6.3329 -42.6737 24.9991 -35.5428 1.5492 -27.4220 -48.0087 -11.5436 -44.7498 30.8749 -37.3199 8.6775 -29.4418 -44.3930 -17.5897 -46.4520 34.5929 -38.9524 13.6461 -31.4422 -34.4218 -21.8504 -48.1040 27.5115 -41.5867 22.7050 -35.7267 7.8822 -31.9179 -5.2370 -30.4836 -11.0548 -30.2172 -16.2240 -29.2307 -32.3163 -26.7639 -43.1634 -24.8246 -44.7730 -25.6230 -36.8515 -28.7759 -8.7437 -31.0946 -9.4009 -25.7352 -46.7384 -25.3130 -24.6337 -32.2115 15.4068 -39.5820 34.7423 -47.1055 -19.3932 -41.2600 -30.3074 11.0649 -38.0911 33.0408 -45.5992 -14.9090 -46.7768 -28.3727 5.2533 -36.3428 27.6481 -43.5646 -3.9846 -48.7194 -25.9554 -6.5204 -34.3107 21.2010 -41.4972 24.8135 -48.3788 -22.6461 -30.0723 -31.9284 14.9017 -39.3350 34.8175 -46.6872 -18.1565
33.0435 -38.3054 11.9985 -30.7774 -38.3100 -20.7311 -47.7086 32.6531 -40.5084 18.2479 -33.2335 -17.0056 -24.5408 -48.7702 8.2881 -42.5645 24.6452 -35.4416 1.0467 -27.3211 -48.0883 -11.2221 -44.6942 30.7620 -37.2962 8.6431 -29.4503 -44.3116 -17.7071 -46.5150 34.6896 -39.0916 14.1739 -31.7588 -31.4941 -22.6605 -48.3480 20.8208 -42.1609 23.9612 -35.7841 6.1372 -30.6639 -24.6125 -27.9040 -34.5280 -28.1297 -27.3165 -29.3448 -20.0275 -29.4482 -22.6131 -28.8163 -26.2298 -28.9101 -16.1810 -31.0342 5.7945 -34.9803 16.9149 -35.3116 -45.2960 -18.9175 -48.7441 -23.8600 -27.6424 -32.1281 15.4908 -39.6338 34.6945 -47.1478 -19.4801 -41.1258 -30.3226 11.0649 -38.0779 32.9759 -45.5575 -14.7184 -46.9046 -28.2846 4.9075 -36.2500 27.3169 -43.4383 -2.7997 -48.7443 -25.7716 -7.8078 -34.1565 20.7508 -41.3483 26.4836 -48.2917 -22.3664 -31.5805 -31.7502 14.4541 -39.1762 34.7360 -46.5294
-37.9431 11.5307 -30.5968 -39.2963 -20.4023 -47.5845 33.2980 -40.3518 17.7972 -33.0634 -18.7975 -24.3146 -48.7493 10.4813 -42.4425 24.2496 -35.3240 0.4338 -27.1995 -48.1793 -10.7828 -44.6143 30.5804 -37.2497 8.5354 -29.4329 -44.3075 -17.7751 -46.5667 34.7669 -39.2512 14.8263 -32.1806 -26.6894 -23.8253 -48.6651 4.4454 -43.3999 28.1085 -36.9372 8.8791 -30.8958 -30.0716 -26.2753 -43.5463 -26.0839 -35.1840 -29.3753 -7.1130 -31.7567 2.5783 -32.4141 3.2654 -32.3096 3.6823 -33.0677 10.3553 -36.3972 25.0253 -42.6503 23.8335 29.2713 -44.6113 2.5054 -48.5741 -23.0412 -28.8127 -32.1175 15.5944 -39.6744 34.6589 -47.1694 -19.5097 -41.1258 -30.3074 10.9857 -38.0384 32.8454 -45.4896 -14.4431 -47.0626 -28.1765 4.4895 -36.1431 26.9365 -43.2952 -1.3725 -48.7609 -25.5713 -9.2480 -33.9942 20.2912 -41.1960 27.9942 -48.1973 -22.0802 -33.0057 -31.5718 14.0058 -39.0023 33.8049
11.1035 -30.4158 -40.2171 -20.0640 -47.4563 33.8176 -40.1946 17.3458 -32.8904 -20.6428 -24.0756 -48.7181 12.7924 -42.3108 23.8217 -35.1927 -0.2868 -27.0573 -48.2753 -10.2365 -44.5153 30.3361 -37.1834 8.3605 -29.3928 -44.3684 -17.7945 -46.6067 34.8242 -39.4403 15.6569 -32.7324 -19.0894 -25.3651 -48.6773 -10.8453 -45.4002 34.4597 -39.4097 15.4632 -32.7448 -18.5053 -26.4792 -45.7591 -24.2323 -41.8930 -28.7827 -1.5893 -33.6789 12.7620 -35.9084 15.7546 -36.0958 14.9630 -35.8237 15.6108 -37.1368 24.3866 -42.1362 6.6916 -47.6147 -34.9822 26.5122 -42.4765 19.3435 -48.4340 -22.7875 -28.9924 -32.1358 15.6705 -39.6943 34.6462 -47.1689 -19.4795 -41.2609 -30.2626 10.8313 -37.9764 32.6580 -45.4014 -14.0965 -47.2373 -28.0510 3.9926 -36.0229 26.5147 -43.1376 0.2944 -48.7674 -25.3581 -10.8229 -33.8257 19.8283 -41.0428 29.3320 -48.0963 -21.7880 -34.3450 -31.3931 13.5549 -38.6634
-29.8720 -41.0741 -19.7155 -47.3245 34.2182 -40.0377 16.8984 -32.7156 -22.4842 -23.8274 -48.6759 15.1765 -42.1724 23.3716 -35.0503 -1.1168 -26.8975 -48.3720 -9.5729 -44.4005 30.0456 -37.1014 8.1255 -29.3338 -44.4866 -17.7743 -46.6354 34.8572 -39.6629 16.7094 -33.4168 -9.0606 -27.2632 -46.9171 -18.7893 -47.8584 15.9542 -43.2146 26.9414 -36.1906 4.0281 -28.8576 -43.5661 -23.3758 -46.2898 -26.9153 -7.3419 -34.2592 19.3246 -39.3169 28.0565 -40.4148 27.7476 -39.7135 25.0204 -39.2648 26.5513 -41.2859 34.3783 -47.3749 -22.7892 -1.2566 -35.3459 23.1734 -41.7670 24.0797 -48.3794 -22.7317 -28.9213 -32.1487 15.6907 -39.6920 34.6609 -47.1461 -19.3912 -41.5101 -30.1932 10.6166 -37.8962 32.4246 -45.2971 -13.6772 -47.4236 -27.9085 3.4176 -35.8909 26.0629 -42.9719 2.1908 -48.7749 -25.1334 -12.5088 -33.6558 19.3638 -40.8878 30.4956 -47.9895 -21.4889 -35.6014 -31.2130 13.1824
-42.1585 -19.3577 -47.1881 34.5103 -39.8822 16.4532 -32.5407 -24.2750 -23.5735 -48.6242 17.5452 -42.0270 22.9054 -34.9004 -2.0624 -26.7227 -48.4644 -8.7817 -44.2701 29.7126 -37.0075 7.8457 -29.2608 -44.6451 -17.7237 -46.6533 34.8631 -39.9051 17.9754 -34.1979 -0.0558 -29.4293 -38.8719 -24.1522 -48.4339 -17.2165 -47.7426 24.8285 -41.3911 18.2969 -32.7673 -25.9848 -24.8613 -47.5763 -24.0165 -33.1482 -32.1712 18.2194 -41.6438 33.2660 -45.1111 28.6620 -44.4384 34.6729 -42.9085 34.1575 -42.5578 34.9663 -44.9128 -6.5180 -48.5849 -27.2506 -0.3989 -34.8243 21.6827 -41.5039 25.3375 -48.3660 -22.7244 -28.9079 -32.1437 15.6530 -39.6677 34.6983 -47.1034 -19.2559 -41.8430 -30.1047 10.3539 -37.8012 32.1438 -45.1783 -13.1780 -47.6133 -27.7518 2.7709 -35.7515 25.5923 -42.8177 4.3317 -48.7826 -24.9018 -14.2838 -33.4848 18.9027 -40.7319 31.4955 -47.8770 -21.1813 -36.7807 -30.6851
-19.0357 -47.0488 34.7022 -39.7262 16.0095 -32.3669 -26.0123 -23.3157 -48.5642 19.8026 -41.8794 22.4296 -34.7439 -3.1091 -26.5357 -48.5477 -7.8630 -44.1272 29.3400 -36.9034 7.5336 -29.1821 -44.8123 -17.6597 -46.6646 34.8470 -40.1337 19.3079 -35.0433 6.3559 -31.6182 -14.1287 -28.5591 -37.4597 -25.5512 -46.3874 -20.6645 -48.2413 34.8114 -37.8332 6.1389 -28.3673 -45.8822 -21.9579 -46.9183 -27.5094 5.2479 -38.4416 7.2156 -48.6759 -17.2034 -48.6662 -12.0188 -47.3522 7.4019 -45.7316 24.0668 -45.5361 8.1173 -47.6256 -18.2012 -46.5255 -27.7511 -2.0933 -34.5196 21.1015 -41.4150 25.6696 -48.3614 -22.7118 -29.0437 -32.1179 15.5568 -39.6225 34.7458 -47.0450 -19.0834 -42.2304 -30.0013 10.0471 -37.6939 31.8195 -45.0460 -12.6042 -47.7969 -27.5856 2.0539 -35.6055 25.1036 -42.6766 6.6620 -48.7777 -24.6679 -16.1091 -33.3129 18.4471 -40.5756 32.3369 -47.7600 -20.8658 -38.2763
-46.8945 34.8057 -39.5710 15.5702 -32.1936 -27.6790 -23.0547 -48.4963 21.9028 -41.7313 21.9546 -34.5830 -4.2617 -26.3395 -48.6187 -6.8088 -43.9735 28.9357 -36.7918 7.1999 -29.1087 -44.9490 -17.6262 -46.6845 34.8132 -40.3165 20.4256 -35.8357 11.0789 -33.7418 5.7283 -32.3049 -1.3315 -30.7743 -11.3745 -29.2814 -31.4103 -22.6173 -44.3389 20.5156 -32.4181 -33.6572 -22.9658 -48.6632 -21.4898 -41.9919 -30.5664 18.3704 -48.7566 -26.5577 -36.1832 -25.3401 -47.0559 -20.5485 -48.7581 -14.4244 -48.0624 -10.8288 -48.0941 -15.4363 -48.7667 -21.5159 -45.6072 -27.6189 -3.6986 -34.3615 20.8947 -41.3911 25.7569 -48.3555 -22.6789 -29.3439 -32.0728 15.4116 -39.5624 34.7896 -46.9766 -18.8846 -42.6397 -29.8909 9.7144 -37.5802 31.4661 -44.9034 -11.9641 -47.9683 -27.4117 1.2692 -35.4538 24.6081 -42.5341 9.0707 -48.7612 -24.4314 -17.9412 -33.1418 17.9988 -40.4213 33.0340 -47.6391 -20.4459
33.6839 -39.3992 15.1340 -32.0201 -29.2650 -22.7898 -48.4215 23.8265 -41.5827 21.4862 -34.4213 -5.5192 -26.1355 -48.6760 -5.6108 -43.8113 28.5026 -36.6733 6.8529 -29.0499 -45.0109 -17.7061 -46.7503 34.7232 -40.4777 21.1414 -36.3481 14.2701 -35.6902 14.9147 -35.8507 13.9015 -35.0118 11.0258 -34.3013 10.5447 -33.6386 -17.7187 30.3086 -35.3674 -6.8263 -25.5756 -48.5688 -16.9660 -48.6928 -20.5106 -46.5674 -21.8139 -39.5076 15.6588 -33.0424 -4.7656 -28.7413 -38.0446 -24.7984 -47.2981 -21.5328 -48.5015 -21.0207 -48.2012 -22.1691 -47.9853 -22.1265 -46.2813 -27.2025 -4.9809 -34.3065 20.9047 -41.4052 25.7655 -48.3453 -22.6256 -29.7759 -32.0156 15.2442 -39.4973 34.8198 -46.9066 -18.6900 -43.0114 -29.7896 9.3930 -37.4689 31.1001 -44.7565 -11.2562 -48.1251 -27.2308 0.4228 -35.3003 24.1205 -42.3912 11.5150 -48.7345 -24.1924 -19.7702 -32.9707 17.5534 -40.2675 33.6008 -47.4927
-39.0780 14.6976 -31.8467 -30.7747 -22.5205 -48.3396 25.5767 -41.4347 21.0233 -34.2586 -6.8585 -25.9272 -48.7193 -4.2580 -43.6430 28.0453 -36.5472 6.4803 -29.0061 -44.9676 -17.9856 -46.9143 34.3397 -40.7568 21.7579 -36.5113 15.3191 -36.8012 21.6297 -39.3740 26.5349 -39.4913 23.6822 -38.3064 21.7267 -39.0954 31.1801 -45.1514 -27.2669 -21.4077 -26.2108 -48.0010 -17.0391 -48.0123 -10.2596 -48.0064 -13.2781 -47.6401 34.5945 -39.2044 16.8287 -34.5241 5.0530 -31.0812 -16.9025 -28.1095 -37.2345 -26.4778 -39.1859 -26.9515 -37.4399 -25.3773 -48.3552 -20.1138 -47.5528 -26.7993 -4.9945 -34.4162 21.1565 -41.4520 25.7459 -48.3305 -22.5601 -30.2348 -31.9593 15.0920 -39.4441 34.8326 -46.8587 -18.5760 -43.2144 -29.7374 9.1446 -37.3697 30.7363 -44.6072 -10.4835 -48.2646 -27.0436 -0.4807 -35.1452 23.6381 -42.2485 13.9590 -48.6974 -23.9491 -21.5942 -32.7999 17.1119 -40.0926 32.0363
14.3592 -31.6724 -32.1997 -22.2452 -48.2516 27.1440 -41.2850 20.5652 -34.0947 -8.2928 -25.7160 -48.7484 -2.7513 -43.4692 27.5621 -36.4088 6.0426 -28.9564 -44.8425 -18.4828 -47.2066 32.6326 -41.3881 23.2809 -36.6766 14.6083 -36.4750 22.9888 -41.6311 34.3475 -44.4803 34.1517 -42.8424 33.0236 -41.6287 33.6450 -43.9764 -1.0490 -48.3903 -22.7964 -48.3531 -18.1172 -48.2288 -8.3269 -47.0486 -1.7335 -46.5968 18.7635 -43.5241 31.1671 -39.3910 20.1591 -36.2049 11.6702 -33.3535 1.9466 -31.0734 -7.5301 -30.8630 -1.1554 -31.6108 -14.4427 -20.0837 -48.3251 -15.9870 -48.1029 -27.0217 -2.0083 -34.7398 21.6269 -41.5143 25.7512 -48.3142 -22.4993 -30.5789 -31.9282 15.0416 -39.4451 34.8319 -46.9010 -18.7668 -42.9104 -29.8084 9.0312 -37.2864 30.3714 -44.4537 -9.6300 -48.3860 -26.8513 -1.4526 -34.9880 23.1587 -42.1026 16.3508 -48.6512 -23.7008 -23.3799 -32.6292 16.6730 -39.8019
-31.1623 -33.5355 -21.9679 -48.1584 28.5264 -41.1366 20.1158 -33.9325 -9.8024 -25.5028 -48.7637 -1.0889 -43.2928 27.0590 -36.2555 5.4827 -28.8534 -44.8010 -19.0656 -47.5788 26.1918 -42.5693 27.0662 -37.5516 14.7206 -35.4161 17.6043 -40.2756 29.4956 -48.4848 -15.3908 -48.0635 3.0219 -45.2931 31.5481 -44.7153 17.3917 -47.4161 -16.7509 -48.7661 -18.6468 -48.6702 -14.4841 -47.9418 -8.5878 -47.1687 0.2311 -46.0647 28.5168 -43.6652 34.0001 -41.1128 26.4121 -38.3393 17.7665 -35.5181 10.5899 -33.9137 10.0947 -35.4277 16.6665 -32.9770 -45.9094 29.6672 -46.0647 -14.1653 -47.0981 -28.8010 2.8728 -35.1674 22.1149 -41.5621 25.8156 -48.3031 -22.4772 -30.5204 -31.9737 15.2943 -39.6112 34.6631 -47.2228 -19.8682 -41.4006 -30.0425 9.0292 -37.2065 29.9845 -44.2941 -8.6760 -48.4892 -26.6555 -2.4987 -34.8297 22.6803 -41.9562 18.6521 -48.5964 -23.4496 -25.1212 -32.4557 16.3652
-35.2240 -21.6960 -48.0627 29.7079 -40.9941 19.6852 -33.7758 -11.3291 -25.2945 -48.7687 0.6967 -43.1186 26.5552 -36.0930 4.7769 -28.6547 -45.1098 -19.3763 -47.9265 9.9150 -44.2583 33.3019 -39.6878 18.9163 -35.4732 11.7808 -36.1219 26.7006 -46.3409 -25.5427 -37.6263 -23.5997 -48.7732 -11.5258 -47.1359 -2.8252 -47.7123 -15.1259 -48.7683 -20.3645 -48.5477 -20.3427 -48.7395 -18.4044 -48.6912 -15.6955 -48.2604 -10.7911 -47.3398 4.4676 -45.7649 30.5629 -43.4641 33.3211 -40.5265 23.8026 -37.5529 17.4380 -37.1320 24.0177 -42.5695 -8.6141 15.0711 -39.0648 34.0168 -46.1516 -19.5965 -28.0082 -31.2247 6.4683 -35.4803 22.3736 -41.5746 25.8714 -48.3087 -22.5483 -29.5410 -32.1885 16.3456 -40.2472 30.7674 -48.2756 -22.1929 -38.1547 -30.3360 8.9901 -37.1076 29.5535 -44.1265 -7.6190 -48.5744 -26.4557 -3.6184 -34.6695 22.2057 -41.8103 20.8149 -48.5332 -23.1936 -26.8070 -31.9579
-21.2702 -47.9697 30.6613 -40.8636 19.2920 -33.6332 -12.7875 -25.1027 -48.7727 2.4732 -42.9607 26.0841 -35.9353 3.9854 -28.3698 -45.8332 -18.9683 -48.0501 -4.6946 -46.1822 29.3989 -42.9838 28.7906 -37.9208 13.7954 -33.8370 5.1123 -29.9291 -43.0753 22.7911 -33.5845 -16.9486 -24.8494 -48.6241 -17.2316 -48.6973 -19.4748 -48.0516 -23.8065 -44.4599 -25.3452 -43.5021 -24.9332 -45.5059 -23.6436 -47.4080 -21.9585 -48.4704 -19.6810 -48.7683 -15.6835 -48.0987 -2.9897 -45.8691 33.3348 -42.3691 29.2551 -39.4622 24.9100 -40.8085 32.9554 -48.7423 -29.1328 10.5521 -37.6393 33.7719 -48.3856 -30.7746 2.6062 -32.5712 7.7576 -35.5433 22.3248 -41.5516 25.8779 -48.3357 -22.7164 -27.1549 -32.6593 19.2443 -42.2528 -13.2156 -48.4816 -24.5801 -34.5362 -30.4839 8.7279 -36.9725 29.0702 -43.9523 -6.4455 -48.6431 -26.2510 -4.8246 -34.5078 21.7379 -41.6625 22.8185 -48.4624 -22.9326 -29.0111
-47.8660 31.3377 -40.7615 18.9826 -33.5236 -13.9752 -24.9521 -48.7729 3.9634 -42.8487 25.7043 -35.8049 3.2430 -28.0718 -46.6674 -17.6453 -47.7318 -6.0782 -47.7711 -9.5102 -46.9038 29.0184 -42.3024 24.5890 -36.1133 7.0465 -30.7530 -36.9744 -8.3006 -41.9956 17.9172 -32.2538 -29.9945 -24.4987 -47.6432 -23.2757 -43.4761 -27.3196 -23.4695 -29.6824 -11.6461 -30.0374 -14.6935 -29.2935 -24.3907 -28.1647 -33.5479 -26.9766 -39.9687 -25.5034 -45.2592 -22.8162 -48.5984 -16.3386 -47.6562 19.4258 -43.6465 33.0630 -41.1507 32.2635 -43.9943 -8.4310 -47.1735 -27.1502 -15.8422 -26.4595 -43.1414 22.8929 -35.1569 5.7542 -32.5324 7.1378 -35.3940 22.0009 -41.4680 26.6178 -48.3106 -22.5442 -27.1221 -32.4440 22.3371 -48.3760 -24.7748 -44.7250 -25.7596 -33.6163 -30.3646 8.1804 -36.8029 28.5449 -43.7724 -5.1344 -48.6960 -26.0437 -6.1230 -34.3462 21.2729 -41.5138 24.6516 -48.3841 -22.4037
28.5610 -40.7013 18.8612 -33.4890 -14.4493 -24.9013 -48.7621 4.5651 -42.8132 25.5322 -35.7384 2.7761 -27.8626 -47.2594 -15.7628 -46.9092 12.8853 -47.2041 -20.0325 -48.3770 -17.8274 -47.5596 32.3091 -40.8183 18.2474 -33.4807 -14.6882 -24.7638 -48.1587 34.7954 -38.3467 9.1357 -29.9997 -37.4701 -26.1274 -35.3947 -29.6585 1.5689 -33.3734 10.0424 -34.4335 10.4907 -33.9948 7.9443 -33.0219 4.1542 -32.0541 -0.1004 -31.2118 -6.1167 -29.9200 -23.0076 -27.1014 -44.8280 -20.7912 -48.4239 5.3277 -44.3783 34.7533 -42.4338 34.9890 -45.4284 -10.2568 -48.8047 -19.5864 -48.8964 32.0849 -40.0427 15.9182 -33.5465 0.6001 -31.8241 5.5036 -35.1118 21.2521 -41.1578 31.0011 -47.5750 -17.8009 -48.6971 -9.0666 -35.7404 -1.5820 -27.5931 -43.6180 -25.4472 -36.0087 -30.0240 7.4163 -36.6146 27.9984 -43.5900 -3.6924 -48.7334 -25.8357 -7.4923 -34.1853 20.8156 -41.3667 26.3047 -48.2715
-40.7189 19.1525 -33.6174 -13.3326 -25.0711 -48.7614 3.0933 -42.9234 25.8357 -35.8125 2.9634 -27.8469 -47.4796 -14.2862 -45.9861 34.2192 -43.4385 2.2608 -23.9466 -28.4790 -42.6839 -18.7336 -46.5810 33.8783 -38.0259 9.0241 -29.4860 -46.2843 -11.6541 -43.8092 24.2736 -34.7181 -3.8293 -28.8094 -28.5994 -30.3850 7.3734 -36.1859 20.8433 -38.6930 23.6448 -38.5880 21.3941 -37.5588 18.0493 -36.4460 15.2233 -35.6431 13.4640 -34.9986 10.8368 -33.5250 2.4091 -29.7541 -37.8909 -22.4672 -48.5724 0.9073 -44.7230 34.9606 -43.1153 34.6957 -44.8757 16.4153 -46.2630 24.5026 -42.7398 25.7365 -36.5433 8.8201 -31.9248 -8.0099 -30.9730 3.2097 -34.6843 19.7216 -40.3784 34.8540 -45.1084 22.4389 -43.5297 20.8299 -33.1712 -20.9410 -25.7994 -46.6040 -24.2083 -39.4556 -29.5879 6.5479 -36.4250 27.4580 -43.4113 -2.1454 -48.7560 -25.6304 -8.9045 -34.0288 20.3763 -41.1969 23.7193
20.5232 -34.0651 -9.1196 -25.6912 -48.7582 -1.9583 -43.3809 27.2140 -36.2050 4.4631 -28.1854 -47.2331 -14.1733 -45.5608 34.0155 -39.5467 19.4434 -30.8103 -38.9190 13.5933 -29.9478 -46.4343 -9.9490 -43.4948 23.3719 -34.1620 -17.3251 -23.2629 -47.9673 34.3726 -39.2337 12.6616 -31.7627 -17.9066 -30.0257 3.9208 -36.4682 29.5817 -42.8214 34.7256 -43.4385 34.7535 -42.2711 32.1326 -40.9733 28.4997 -39.8583 25.8455 -39.5022 24.8635 -38.8133 21.1268 -36.2928 9.5817 -30.8053 -35.5927 -22.4019 -48.5260 1.2669 -44.9000 34.6727 -43.2586 34.9974 -43.4539 34.9569 -42.7773 30.9973 -39.2904 18.0499 -34.6814 2.9629 -30.5492 -20.2677 -29.9988 0.0032 -34.1675 18.0305 -39.6714 33.0827 -42.4383 30.4139 -37.6742 9.2602 -30.2015 -40.5049 -22.8875 -48.4003 -22.6455 -42.2973 -29.1596 5.6842 -36.2482 26.9543 -43.2443 -0.5605 -48.7658 -25.4371 -10.2948 -33.8831 19.9695 -40.9848
-34.7916 -1.2125 -27.0993 -48.3589 -9.9346 -44.4941 30.6354 -37.2993 8.1526 -29.2125 -45.8492 -15.8110 -45.7917 33.6486 -38.6389 14.2389 -32.1507 -33.9714 25.9303 -38.1225 3.5225 -25.3782 -48.4598 33.7039 -39.0261 10.3765 -29.1945 -47.4218 -8.9627 -43.6196 24.8382 -35.1794 0.6303 -30.0715 -10.3899 -33.4141 22.7820 -45.8206 -9.4149 -48.0891 -8.2524 -47.0400 10.4444 -45.5568 30.0104 -44.2609 34.4864 -43.4997 34.7410 -43.6199 34.8607 -42.6552 29.9561 -37.8127 10.3218 -30.3959 -39.2637 -21.6319 -48.4263 0.2639 -45.1666 34.0420 -43.3439 34.7946 -42.7051 33.5683 -41.4573 27.7337 -38.5394 16.1932 -33.6865 -5.6718 -28.7878 -33.4059 -28.8576 -3.3594 -34.0929 20.1824 -42.0143 34.5067 -41.2302 22.0274 -34.9057 -2.8237 -27.1179 -47.5985 -19.0555 -48.7578 -21.0333 -44.2308 -28.7932 4.9123 -36.1004 26.5343 -43.1041 0.8824 -48.7662 -25.2760 -11.5054 -33.7598 19.8077
