-41.2990 20.4430 -33.4672 -13.8282 -24.3981 -48.7482 5.6201 -42.2643 23.4900 -34.5815 -3.7046 -25.8506 -48.7215 -6.1512 -43.4433 26.8996 -35.6792 2.8757 -27.2131 -48.0116 -12.3938 -44.6370 30.2399 -36.7705 7.3432 -28.5171 -46.1396 -16.1836 -45.7796 32.9277 -37.8793 10.9117 -29.8001 -42.4405 -18.9023 -46.8391 33.7360 -39.0153 14.1833 -31.0884 -35.7801 -21.1029 -47.7687 30.2617 -40.1750 17.4210 -32.3937 -24.4907 -23.2223 -48.5733 7.7012 -43.1446 31.3380 -40.3257 30.9018 -42.8674 13.1368 -48.4077 -22.5706 -29.0281 -31.9142 16.2002 -39.7369 32.2764 -47.4416 -20.3266 -38.6830 -30.6115 12.9999 -38.5976 33.7820 -46.4689 -18.0086 -44.0299 -29.3435 9.6991 -37.4813 32.1024 -45.3794 -14.9985 -46.9774 -28.0549 5.8939 -36.3793 29.0811 -44.2156 -10.5687 -48.3728 -26.7400 0.8635 -35.2961 25.6825 -43.0162 -2.8284 -48.7784 -25.3562 -6.7445 -34.2055 22.4552 -41.9149 4.5362
20.4430 -33.8530 -11.9109 -24.9846 -48.7845 8.2318 -42.3981 23.7738 -35.0221 -2.2681 -26.4881 -48.6370 -5.1381 -43.5613 27.2350 -36.0932 3.7263 -27.8235 -47.7321 -12.1470 -44.7787 30.6806 -37.1624 7.9150 -29.0921 -45.5550 -16.2907 -45.9350 33.5908 -38.2426 11.3433 -30.3451 -41.3943 -19.2155 -46.9941 34.8253 -39.3381 14.5246 -31.6039 -34.0706 -21.5594 -47.9068 32.1116 -40.4467 17.6994 -32.8632 -22.5315 -23.6383 -48.6024 17.3247 -42.3170 26.2744 -37.5691 17.7859 -37.4100 25.3643 -41.9831 22.7961 -48.4217 -22.9350 -27.2580 -32.3926 16.4943 -40.0302 33.7924 -47.5892 -20.7370 -37.2241 -31.1408 13.3773 -38.9396 34.6863 -46.6277 -18.2604 -43.1628 -29.8990 10.1726 -37.8554 32.6699 -45.5309 -15.0047 -46.5161 -28.6419 6.5458 -36.7789 29.4764 -44.3494 -10.1227 -48.1739 -27.3636 1.8793 -35.7160 25.9920 -43.1203 -1.2990 -48.7438 -25.9747 -5.1596 -34.6178 22.5222 -41.9149
-33.4672 -11.9109 -25.0655 -48.7882 6.4764 -42.5514 24.2043 -35.1729 -1.2788 -26.6823 -48.5673 -6.4327 -43.7387 27.7422 -36.2550 4.4123 -28.0074 -47.5076 -12.8699 -44.9526 31.1567 -37.3302 8.4471 -29.2747 -45.0936 -16.7715 -46.0960 33.9138 -38.4140 11.8103 -30.5255 -40.5711 -19.5766 -47.1333 34.7535 -39.5097 14.9606 -31.7784 -32.7479 -21.8502 -48.0150 31.2445 -40.6209 18.1351 -33.0279 -20.9127 -23.8229 -48.6323 17.9736 -42.0650 23.8541 -35.9812 9.6091 -33.2003 9.0930 -35.7022 22.7356 -41.6850 23.5561 -48.4564 -23.1255 -25.7615 -32.5588 16.9297 -40.2043 33.2779 -47.7126 -21.0547 -36.0731 -31.3210 13.8288 -39.1136 34.7933 -46.7782 -18.6579 -42.4815 -30.0803 10.6573 -38.0254 33.0687 -45.6970 -15.5527 -46.1511 -28.8249 7.1174 -36.9439 29.9722 -44.5244 -10.9853 -48.0147 -27.5432 2.6333 -35.8667 26.4542 -43.2777 -2.6810 -48.7217 -26.0952 -4.6971 -34.6178 22.4552
-13.8282 -24.9846 -48.7882 5.8283 -42.6186 24.5119 -35.2864 -0.4908 -26.8519 -48.4882 -7.5420 -43.9070 28.2293 -36.4053 5.0554 -28.1902 -47.2575 -13.5418 -45.1239 31.6202 -37.4875 8.9658 -29.4580 -44.5872 -17.2292 -46.2549 34.1966 -38.5727 12.2725 -30.7059 -39.6784 -19.9266 -47.2696 34.5974 -39.6651 15.3972 -31.9511 -31.3517 -22.1338 -48.1177 30.2316 -40.7728 18.5795 -33.1944 -19.1748 -24.0409 -48.6724 16.9647 -42.0144 22.9871 -35.2392 3.8247 -30.2144 -18.8272 -30.0446 2.4737 -34.8778 21.7565 -41.6141 22.8250 -48.5122 -23.3549 -24.1075 -32.7282 17.3723 -40.3588 32.6354 -47.8318 -21.3657 -34.8486 -31.4998 14.2791 -39.2713 34.8331 -46.9242 -19.0415 -41.7484 -30.2619 11.1336 -38.1834 33.4378 -45.8608 -16.0691 -45.7522 -29.0075 7.6635 -37.0978 30.4467 -44.6915 -11.7453 -47.8444 -27.7086 3.2655 -35.9890 26.8183 -43.3886 -3.4380 -48.7113 -26.0952 -5.1596 -34.2055
-24.3981 -48.7845 6.4764 -42.6186 24.6243 -35.3502 0.0240 -26.9794 -48.4115 -8.4251 -44.0578 28.6762 -36.5470 5.6414 -28.3660 -46.9863 -14.1598 -45.2917 32.0659 -37.6438 9.4724 -29.6401 -44.0332 -17.6673 -46.4114 34.4352 -38.7310 12.7312 -30.8864 -38.7144 -20.2674 -47.4040 34.3485 -39.8204 15.8366 -32.1251 -29.8765 -22.4114 -48.2146 29.0592 -40.9246 19.0262 -33.3623 -17.3764 -24.2711 -48.7115 15.1743 -42.0744 22.8649 -34.9643 0.0979 -28.2933 -42.3826 -24.5825 -43.1317 -27.9403 -2.2961 -34.5454 21.5714 -41.6665 21.3559 -48.5725 -23.5980 -22.3432 -32.8999 17.8169 -40.5137 31.8463 -47.9454 -21.6691 -33.5414 -31.6786 14.7270 -39.4293 34.7985 -47.0670 -19.4121 -40.9539 -30.4434 11.6014 -38.3414 33.7729 -46.0221 -16.5536 -45.3186 -29.1838 8.1756 -37.2438 30.8849 -44.8452 -12.3836 -47.6802 -27.8442 3.7310 -36.0731 27.0245 -43.4294 -3.4380 -48.7217 -25.9747 -6.7445
-48.7482 8.2318 -42.5514 24.5119 -35.3502 0.2051 -27.0491 -48.3543 -9.0423 -44.1796 29.0573 -36.6728 6.1566 -28.5275 -46.7028 -14.7143 -45.4515 32.4813 -37.7984 9.9625 -29.8205 -43.4323 -18.0878 -46.5650 34.6242 -38.8894 13.1866 -31.0659 -37.6771 -20.5992 -47.5347 33.9941 -39.9768 16.2770 -32.2988 -28.3187 -22.6834 -48.3053 27.7233 -41.0748 19.4745 -33.5302 -15.5791 -24.5047 -48.7442 13.0050 -42.1828 23.0799 -34.9218 -1.5046 -27.3478 -47.0192 -19.4051 -48.7087 -18.9425 -47.5693 -26.8326 -4.6330 -34.4707 21.7504 -41.7732 19.4734 -48.6291 -23.8449 -20.5351 -33.0712 18.2673 -40.6686 30.9052 -48.0538 -21.9655 -32.1571 -31.8570 15.1721 -39.5873 34.6815 -47.2068 -19.7696 -40.0934 -30.6233 12.0615 -38.4986 34.0684 -46.1776 -16.9982 -44.8686 -29.3493 8.6369 -37.3770 31.2655 -44.9754 -12.8724 -47.5459 -27.9346 3.9824 -36.1036 27.0245 -43.3886 -2.6810 -48.7438 -25.3562
5.6201 -42.3981 24.2043 -35.2864 0.0240 -27.0491 -48.3332 -9.3651 -44.2601 29.3359 -36.7735 6.5761 -28.6692 -46.4230 -15.1941 -45.5990 32.8540 -37.9458 10.4273 -29.9967 -42.7922 -18.4866 -46.7142 34.7558 -39.0470 13.6397 -31.2451 -36.5628 -20.9218 -47.6606 33.5233 -40.1338 16.7191 -32.4725 -26.6786 -22.9500 -48.3897 26.2217 -41.2247 19.9261 -33.6978 -13.8077 -24.7369 -48.7675 10.6659 -42.3114 23.4443 -34.9908 -1.6881 -27.0077 -47.9911 -15.3705 -47.1974 4.9241 -46.9793 -13.8478 -48.4187 -26.3704 -5.1333 -34.5246 22.0898 -41.9023 17.3234 -48.6790 -24.0894 -18.6958 -33.2428 18.7234 -40.8239 29.8061 -48.1568 -22.2542 -30.6898 -32.0352 15.6175 -39.7455 34.4748 -47.3427 -20.1123 -39.1730 -30.7993 12.5076 -38.6499 34.3129 -46.3211 -17.3952 -44.4234 -29.4980 9.0366 -37.4897 31.5638 -45.0709 -13.1838 -47.4680 -27.9666 3.9824 -36.0731 26.8183 -43.2777 -1.2990 -48.7784
-42.2643 23.7738 -35.1729 -0.4908 -26.9794 -48.3543 -9.3651 -44.2886 29.4848 -36.8392 6.8758 -28.7804 -46.1733 -15.5897 -45.7291 33.1733 -38.0808 10.8543 -30.1631 -42.1258 -18.8586 -46.8569 34.8239 -39.2037 14.0857 -31.4242 -35.3724 -21.2364 -47.7820 32.9277 -40.2900 17.1684 -32.6463 -24.9718 -23.2132 -48.4679 24.5458 -41.3749 20.3821 -33.8640 -12.0930 -24.9650 -48.7802 8.2845 -42.4468 23.8715 -35.1072 -1.2115 -26.9684 -48.1972 -13.1930 -46.1676 32.2424 -43.5186 33.8250 -45.5608 -9.9837 -48.6028 -26.2548 -4.6940 -34.6362 22.5069 -42.0427 14.9907 -48.7203 -24.3319 -16.8446 -33.4153 19.1799 -40.9791 28.5452 -48.2540 -22.5366 -29.1363 -32.2123 16.0641 -39.9031 34.1713 -47.4729 -20.4369 -38.2186 -30.9686 12.9254 -38.7903 34.5011 -46.4495 -17.7356 -44.0088 -29.6207 9.3449 -37.5721 31.7543 -45.1222 -13.2917 -47.4680 -27.9346 3.7310 -35.9890 26.4542 -43.1203 -2.8284
23.4900 -35.0221 -1.2788 -26.8519 -48.4115 -9.0423 -44.2601 29.4848 -36.8621 7.0342 -28.8519 -45.9812 -15.8892 -45.8348 33.4305 -38.2012 11.2316 -30.3149 -41.4596 -19.1984 -46.9914 34.8255 -39.3557 14.5208 -31.6008 -34.1163 -21.5414 -47.8977 32.1982 -40.4460 17.6207 -32.8201 -23.1964 -23.4717 -48.5386 22.6888 -41.5243 20.8408 -34.0287 -10.4531 -25.1898 -48.7816 5.9565 -42.5844 24.3279 -35.2403 -0.5109 -27.0484 -48.2018 -12.5707 -45.8012 34.7478 -42.0066 30.8488 -41.2393 34.2759 -44.7230 -7.7556 -48.6390 -26.3029 -3.8561 -34.7739 22.9622 -42.1868 12.5619 -48.7516 -24.5729 -15.0196 -33.5873 19.6408 -41.1347 27.1084 -48.3448 -22.8119 -27.5099 -32.3872 16.5070 -40.0570 33.7736 -47.5935 -20.7402 -37.2569 -31.1253 13.3074 -38.9170 34.6363 -46.5577 -18.0062 -43.6681 -29.7098 9.5410 -37.6150 31.8202 -45.1222 -13.1838 -47.5459 -27.8442 3.2655 -35.8667 25.9920 -43.0162
-34.5815 -2.2681 -26.6823 -48.4882 -8.4251 -44.1796 29.3359 -36.8392 7.0342 -28.8772 -45.8750 -16.0769 -45.9102 33.6192 -38.2993 11.5516 -30.4483 -40.8229 -19.4992 -47.1132 34.7643 -39.4983 14.9375 -31.7704 -32.8159 -21.8331 -48.0072 31.3331 -40.6016 18.0704 -32.9947 -21.3647 -23.7257 -48.6016 20.6531 -41.6724 21.3018 -34.1930 -8.8934 -25.4112 -48.7738 3.7261 -42.7227 24.7967 -35.3797 0.2380 -27.1633 -48.1485 -12.5528 -45.7401 34.8495 -41.9124 29.3961 -39.7800 24.5166 -39.6935 32.1779 -44.2692 -6.8474 -48.6271 -26.4269 -2.8744 -34.9237 23.4330 -42.3304 10.0783 -48.7721 -24.8091 -13.2223 -33.7588 20.1063 -41.2887 25.4926 -48.4277 -23.0783 -25.8453 -32.5566 16.9346 -40.2028 33.2995 -47.7037 -21.0139 -36.3175 -31.2662 13.6425 -39.0246 34.7221 -46.6402 -18.1961 -43.4396 -29.7569 9.6113 -37.6150 31.7543 -45.0709 -12.8724 -47.6802 -27.7086 2.6333 -35.7160 25.6825
-3.7046 -26.4881 -48.5673 -7.5420 -44.0578 29.0573 -36.7735 6.8758 -28.8519 -45.8750 -16.1417 -45.9499 33.7347 -38.3679 11.7953 -30.5554 -40.2519 -19.7549 -47.2201 34.6500 -39.6310 15.3257 -31.9286 -31.5056 -22.1072 -48.1085 30.3395 -40.7547 18.5196 -33.1673 -19.5230 -23.9778 -48.6566 18.4619 -41.8207 21.7695 -34.3567 -7.4193 -25.6285 -48.7663 1.6432 -42.8640 25.2712 -35.5223 0.9831 -27.2859 -48.0840 -12.5586 -45.6838 34.8704 -42.1825 31.7944 -41.0896 26.7402 -37.8872 18.9506 -38.4093 30.3871 -44.0467 -6.8288 -48.5870 -26.5893 -1.8680 -35.0784 23.9158 -42.4735 7.6284 -48.7820 -25.0416 -11.4843 -33.9280 20.5718 -41.4395 23.7221 -48.5017 -23.3317 -24.1929 -32.7173 17.3355 -40.3384 32.7648 -47.8006 -21.2534 -35.4553 -31.3846 13.9096 -39.1075 34.7686 -46.6930 -18.2956 -43.3562 -29.7569 9.5410 -37.5721 31.5638 -44.9754 -12.3836 -47.8444 -27.5432 1.8793 -35.2961
-25.8506 -48.6370 -6.4327 -43.9070 28.6762 -36.6728 6.5761 -28.7804 -45.9812 -16.0769 -45.9499 33.7745 -38.4042 11.9486 -30.6304 -39.7993 -19.9557 -47.3079 34.5023 -39.7485 15.6770 -32.0735 -30.2194 -22.3595 -48.1991 29.2400 -40.9022 18.9630 -33.3360 -17.6851 -24.2227 -48.7023 16.1222 -41.9681 22.2401 -34.5188 -6.0395 -25.8418 -48.7563 -0.2702 -43.0247 25.7523 -35.6645 1.7105 -27.4143 -48.0125 -12.4829 -45.5437 34.9501 -41.9986 32.9146 -42.7475 34.8970 -41.8537 18.1428 -34.8187 13.3175 -37.4128 29.3170 -43.9946 -7.3831 -48.5226 -26.7695 -0.8904 -35.2340 24.4040 -42.6178 5.2672 -48.7797 -25.2697 -9.8457 -34.0944 21.0321 -41.5863 21.8479 -48.5655 -23.5669 -22.5936 -32.8672 17.7060 -40.4609 32.2096 -47.8819 -21.4505 -34.7403 -31.4732 14.0960 -39.1600 34.7883 -46.7113 -18.2956 -43.4396 -29.7098 9.3449 -37.4897 31.2655 -44.8452 -11.7453 -48.0147 -27.3636 0.8635
-48.7215 -5.1381 -43.7387 28.2293 -36.5470 6.1566 -28.6692 -46.1733 -15.8892 -45.9102 33.7347 -38.4042 12.0021 -30.6698 -39.5095 -20.0940 -47.3728 34.3496 -39.8465 15.9801 -32.2013 -29.0119 -22.5852 -48.2794 28.0750 -41.0407 19.3862 -33.4982 -15.9104 -24.4572 -48.7384 13.7053 -42.1153 22.7173 -34.6797 -4.7552 -26.0520 -48.7331 -2.0190 -43.2017 26.2400 -35.8081 2.4168 -27.5521 -47.9204 -12.4442 -45.3629 34.6367 -41.2178 30.8646 -42.7402 27.9255 -47.1244 6.2738 -32.6558 -2.8185 -31.4042 9.0984 -36.9095 29.0036 -44.0591 -8.2153 -48.4352 -26.9579 0.0408 -35.3895 24.8978 -42.7607 3.0315 -48.7716 -25.4903 -8.3311 -34.2548 21.4790 -41.7261 19.9404 -48.6191 -23.7830 -21.1023 -33.0014 18.0337 -40.5672 31.6849 -47.9454 -21.5961 -34.2284 -31.5290 14.1947 -39.1777 34.7883 -46.6930 -18.1961 -43.6681 -29.6207 9.0366 -37.3770 30.8849 -44.6915 -10.9853 -48.1739 -26.7400
-6.1512 -43.5613 27.7422 -36.4053 5.6414 -28.5275 -46.4230 -15.5897 -45.8348 33.6192 -38.3679 11.9486 -30.6698 -39.4104 -20.1632 -47.4128 34.2246 -39.9207 16.2214 -32.3071 -27.9497 -22.7806 -48.3474 26.8997 -41.1683 19.7845 -33.6506 -14.2588 -24.6802 -48.7635 11.3203 -42.2594 23.1953 -34.8398 -3.5512 -26.2588 -48.6957 -3.6067 -43.3778 26.7324 -35.9545 3.1025 -27.7012 -47.7990 -12.5555 -45.2203 33.8511 -40.1611 25.8248 -40.8272 34.5382 -47.7418 -23.0612 -3.2532 -47.8634 -22.1903 -40.4466 -29.5543 7.3686 -36.7916 29.1580 -44.1862 -9.1331 -48.3244 -27.1483 0.9223 -35.5440 25.3954 -42.9115 0.9958 -48.7644 -25.6999 -6.9571 -34.4063 21.9046 -41.8562 18.0644 -48.6621 -23.9740 -19.7796 -33.1158 18.3070 -40.6515 31.2499 -47.9882 -21.6858 -33.9607 -31.5478 14.1947 -39.1600 34.7686 -46.6402 -18.0062 -44.0088 -29.4980 8.6369 -37.2438 30.4467 -44.5244 -10.1227 -48.3728
-43.4433 27.2350 -36.2550 5.0554 -28.3660 -46.7028 -15.1941 -45.7291 33.4305 -38.2993 11.7953 -30.6304 -39.5095 -20.1632 -47.4259 34.1573 -39.9649 16.3888 -32.3869 -27.0822 -22.9390 -48.4019 25.7720 -41.2831 20.1470 -33.7900 -12.7428 -24.8874 -48.7780 9.0234 -42.3969 23.6593 -34.9953 -2.4494 -26.4594 -48.6435 -5.0347 -43.5521 27.2235 -36.1022 3.7727 -27.8602 -47.6444 -12.8353 -45.1568 33.0562 -39.2120 20.4532 -38.0748 28.1725 -44.1216 -13.4229 -40.6158 -33.4458 34.6505 -47.3303 -18.6503 -44.6963 -29.0487 7.0512 -36.8401 29.5154 -44.3421 -10.0395 -48.1911 -27.3359 1.7469 -35.6943 25.8840 -43.0771 -0.8072 -48.7511 -25.8957 -5.7373 -34.5478 22.2987 -41.9737 16.3044 -48.6951 -24.1342 -18.6868 -33.2060 18.5141 -40.7094 30.9728 -48.0091 -21.7154 -33.9607 -31.5290 14.0960 -39.1075 34.7221 -46.5577 -17.7356 -44.4234 -29.3493 8.1756 -37.0978 29.9722 -44.3494 -10.5687
26.8996 -36.0932 4.4123 -28.1902 -46.9863 -14.7143 -45.5990 33.1733 -38.2012 11.5516 -30.5554 -39.7993 -20.0940 -47.4128 34.1573 -39.9790 16.4727 -32.4355 -26.4648 -23.0565 -48.4429 24.7761 -41.3813 20.4675 -33.9134 -11.4142 -25.0744 -48.7830 6.9015 -42.5265 24.1108 -35.1436 -1.4560 -26.6522 -48.5774 -6.2991 -43.7242 27.7122 -36.2506 4.4204 -28.0272 -47.4528 -13.2456 -45.1705 32.5603 -38.5520 16.3730 -35.5379 16.9468 -39.3861 34.6404 -48.1283 -25.0020 4.9503 -38.7336 34.7811 -46.5403 -17.1088 -45.4791 -28.9740 7.2747 -36.9542 29.9511 -44.5080 -10.8879 -48.0378 -27.5177 2.5072 -35.8402 26.3572 -43.2435 -2.3698 -48.7278 -26.0755 -4.6812 -34.6746 22.6509 -42.0757 14.7482 -48.7188 -24.2590 -17.8749 -33.2682 18.6402 -40.7384 30.8801 -48.0091 -21.6858 -34.2284 -31.4732 13.9096 -39.0246 34.6363 -46.4495 -17.3952 -44.8686 -29.1838 7.6635 -36.9439 29.4764 -44.2156
-35.6792 3.7263 -28.0074 -47.2575 -14.1598 -45.4515 32.8540 -38.0808 11.2316 -30.4483 -40.2519 -19.9557 -47.3728 34.2246 -39.9649 16.4727 -32.4513 -26.1507 -23.1289 -48.4702 23.9984 -41.4577 20.7365 -34.0192 -10.2971 -25.2387 -48.7801 5.0299 -42.6448 24.5380 -35.2846 -0.5514 -26.8364 -48.4974 -7.4285 -43.8926 28.1927 -36.3974 5.0398 -28.1975 -47.2271 -13.7359 -45.2442 32.3956 -38.1781 13.6708 -33.6025 7.2917 -34.9861 21.7081 -42.3745 -2.4091 -47.7481 -29.4010 12.5715 -38.8925 34.4846 -46.2321 -16.6893 -45.4913 -29.0563 7.6926 -37.0920 30.4075 -44.6745 -11.6665 -47.8662 -27.6918 3.1983 -35.9801 26.8095 -43.3981 -3.6890 -48.6965 -26.2364 -3.7935 -34.7845 22.9549 -42.1600 13.5100 -48.7339 -24.3443 -17.3724 -33.2996 18.6817 -40.7384 30.9728 -47.9882 -21.5961 -34.7403 -31.3846 13.6425 -38.9170 34.5011 -46.3211 -16.9982 -45.3186 -29.0075 7.1174 -36.7789 29.0811
2.8757 -27.8235 -47.5076 -13.5418 -45.2917 32.4813 -37.9458 10.8543 -30.3149 -40.8229 -19.7549 -47.3079 34.3496 -39.9207 16.3888 -32.4355 -26.1507 -23.1528 -48.4837 23.5019 -41.5093 20.9340 -34.1031 -9.3931 -25.3780 -48.7717 3.4327 -42.7512 24.9283 -35.4132 0.2457 -27.0086 -48.4049 -8.4387 -44.0562 28.6612 -36.5422 5.6272 -28.3684 -46.9700 -14.2558 -45.3557 32.4728 -38.0183 12.0946 -32.1934 -6.2076 -31.1840 7.1226 -36.7704 30.7207 -45.4125 -17.0520 -41.6638 -30.8478 13.1087 -38.7616 34.2733 -46.1766 -16.7837 -45.2261 -29.1961 8.1648 -37.2369 30.8578 -44.8366 -12.3675 -47.6791 -27.8577 3.8239 -36.1102 27.2253 -43.5385 -4.7922 -48.6602 -26.3753 -3.0712 -34.8761 23.1973 -42.2221 12.6673 -48.7425 -24.3876 -17.1989 -33.2996 18.6402 -40.7094 31.2499 -47.9454 -21.4505 -35.4553 -31.2662 13.3074 -38.7903 34.3129 -46.1776 -16.5536 -45.7522 -28.8249 6.5458 -36.3793
-27.2131 -47.7321 -12.8699 -45.1239 32.0659 -37.7984 10.4273 -30.1631 -41.4596 -19.4992 -47.2201 34.5023 -39.8465 16.2214 -32.3869 -26.4648 -23.1289 -48.4837 23.3324 -41.5358 21.0537 -34.1596 -8.7375 -25.4879 -48.7667 2.1280 -42.8456 25.2781 -35.5274 0.9269 -27.1655 -48.3039 -9.3152 -44.2116 29.1121 -36.6834 6.1812 -28.5368 -46.6852 -14.7718 -45.4875 32.6921 -37.9958 11.3450 -31.2360 -25.1276 -27.5856 -27.3195 -31.4326 13.9132 -39.9959 34.3962 -47.3290 -20.5105 -37.2211 -31.1266 13.0321 -38.7195 34.2824 -46.2415 -17.0850 -44.8345 -29.3557 8.6427 -37.3808 31.2888 -44.9916 -12.9934 -47.4812 -28.0128 4.3773 -36.2301 27.5981 -43.6645 -5.6998 -48.6222 -26.4897 -2.5194 -34.9443 23.3619 -42.2597 12.2339 -48.7454 -24.3876 -17.3724 -33.2682 18.5141 -40.6515 31.6849 -47.8819 -21.2534 -36.3175 -31.1253 12.9254 -38.6499 34.0684 -46.0221 -16.0691 -46.1511 -28.6419 5.8939
-48.0116 -12.1470 -44.9526 31.6202 -37.6438 9.9625 -29.9967 -42.1258 -19.1984 -47.1132 34.6500 -39.7485 15.9801 -32.3071 -27.0822 -23.0565 -48.4702 23.5019 -41.5358 21.0942 -34.1882 -8.3516 -25.5626 -48.7663 1.1302 -42.9337 25.5796 -35.6270 1.5073 -27.3043 -48.1988 -10.0693 -44.3563 29.5382 -36.8180 6.6966 -28.6998 -46.3784 -15.2649 -45.6275 32.9766 -38.0532 11.1375 -30.7260 -35.0261 -24.2957 -47.2747 -25.0260 -20.7845 -33.9862 28.5403 -43.0332 22.6957 -48.0372 -21.5572 -35.9064 -31.1928 13.0937 -38.7726 34.4111 -46.3547 -17.4522 -44.3713 -29.5188 9.1043 -37.5201 31.6908 -45.1378 -13.5458 -47.2802 -28.1544 4.8537 -36.3367 27.9253 -43.7722 -6.4098 -48.5873 -26.5747 -2.1522 -34.9850 23.4457 -42.2726 12.2339 -48.7425 -24.3443 -17.8749 -33.2060 18.3070 -40.5672 32.2096 -47.8006 -21.0139 -37.2569 -30.9686 12.5076 -38.4986 33.7729 -45.8608 -15.5527 -46.5161 -28.0549
-12.3938 -44.7787 31.1567 -37.4875 9.4724 -29.8205 -42.7922 -18.8586 -46.9914 34.7643 -39.6310 15.6770 -32.2013 -27.9497 -22.9390 -48.4429 23.9984 -41.5093 21.0537 -34.1882 -8.2243 -25.5998 -48.7649 0.4658 -43.0085 25.8235 -35.7104 1.9893 -27.4238 -48.0947 -10.7055 -44.4886 29.9296 -36.9452 7.1715 -28.8569 -46.0528 -15.7263 -45.7676 33.2761 -38.1518 11.2420 -30.5336 -38.6137 -21.9821 -48.7261 -15.1451 -48.8928 -24.0145 -6.5995 -43.5389 33.2142 -44.4939 12.9202 -48.2194 -21.8438 -35.3147 -31.2749 13.3370 -38.8785 34.5672 -46.4852 -17.8259 -43.8701 -29.6778 9.5389 -37.6532 32.0548 -45.2718 -14.0234 -47.0838 -28.2799 5.2582 -36.4274 28.2007 -43.8585 -6.9172 -48.5609 -26.6260 -1.9720 -34.9985 23.4457 -42.2597 12.6673 -48.7339 -24.2590 -18.6868 -33.1158 18.0337 -40.4609 32.7648 -47.7037 -20.7402 -38.2186 -30.7993 12.0615 -38.3414 33.4378 -45.6970 -15.0047 -46.9774
-44.6370 30.6806 -37.3302 8.9658 -29.6401 -43.4323 -18.4866 -46.8569 34.8255 -39.4983 15.3257 -32.0735 -29.0119 -22.7806 -48.4019 24.7761 -41.4577 20.9340 -34.1596 -8.3516 -25.5998 -48.7643 0.1412 -43.0542 25.9933 -35.7740 2.3674 -27.5233 -47.9973 -11.2287 -44.6052 30.2740 -37.0623 7.6009 -29.0042 -45.7158 -16.1543 -45.9042 33.5663 -38.2687 11.5035 -30.5219 -39.6933 -20.7655 -48.0871 9.8805 -45.1123 29.4929 -43.7288 5.9583 -22.0483 -47.2895 30.1299 -44.4425 12.9436 -48.2648 -22.0068 -34.4905 -31.4095 13.6931 -39.0109 34.7008 -46.6169 -18.1816 -43.3490 -29.8288 9.9396 -37.7764 32.3758 -45.3910 -14.4280 -46.8995 -28.3858 5.5910 -36.5014 28.4110 -43.9183 -7.2174 -48.5469 -26.6431 -1.9720 -34.9850 23.3619 -42.2221 13.5100 -48.7188 -24.1342 -19.7796 -33.0014 17.7060 -40.3384 33.2995 -47.5935 -20.4369 -39.1730 -30.6233 11.6014 -38.1834 33.0687 -45.5309 -14.9985
30.2399 -37.1624 8.4471 -29.4580 -44.0332 -18.0878 -46.7142 34.8239 -39.3557 14.9375 -31.9286 -30.2194 -22.5852 -48.3474 25.7720 -41.3813 20.7365 -34.1031 -8.7375 -25.5626 -48.7649 0.1412 -43.0695 26.0783 -35.8127 2.6254 -27.5991 -47.9121 -11.6485 -44.7047 30.5704 -37.1650 7.9773 -29.1387 -45.3791 -16.5409 -46.0349 33.8326 -38.3931 11.8331 -30.5987 -39.7431 -20.3168 -47.7004 28.6400 -42.4004 29.9785 -39.4192 19.7712 -31.6850 -45.9601 -8.8264 -44.5853 34.9944 -43.8687 14.5478 -48.3186 -22.2866 -33.1607 -31.5892 14.1082 -39.1525 34.7913 -46.7424 -18.5093 -42.8252 -29.9684 10.2959 -37.8854 32.6496 -45.4934 -14.7616 -46.7352 -28.4717 5.8409 -36.5534 28.5385 -43.9482 -7.3158 -48.5469 -26.6260 -2.1522 -34.9443 23.1973 -42.1600 14.7482 -48.6951 -23.9740 -21.1023 -32.8672 17.3355 -40.2028 33.7736 -47.4729 -20.1123 -40.0934 -30.4434 11.1336 -38.0254 32.6699 -45.3794
-36.7705 7.9150 -29.2747 -44.5872 -17.6673 -46.5650 34.7558 -39.2037 14.5208 -31.7704 -31.5056 -22.3595 -48.2794 26.8997 -41.2831 20.4675 -34.0192 -9.3931 -25.4879 -48.7663 0.4658 -43.0542 26.0783 -35.8256 2.7528 -27.6460 -47.8484 -11.9587 -44.7849 30.8175 -37.2526 8.2994 -29.2577 -45.0544 -16.8820 -46.1563 34.0643 -38.5166 12.1841 -30.7155 -39.3339 -20.2687 -47.5479 32.5585 -41.1325 23.0624 -36.5272 11.8943 -32.2886 -27.2551 -21.0529 -47.0897 34.2855 -42.2191 33.7534 -43.6611 11.9495 -48.4196 -22.7423 -31.2610 -31.7967 14.5355 -39.2894 34.8321 -46.8579 -18.8036 -42.3217 -30.0932 10.6082 -37.9806 32.8763 -45.5791 -15.0236 -46.6023 -28.5330 5.9930 -36.5795 28.5809 -43.9482 -7.2174 -48.5609 -26.5747 -2.5194 -34.8761 22.9549 -42.0757 16.3044 -48.6621 -23.7830 -22.5936 -32.7173 16.9346 -40.0570 34.1713 -47.3427 -19.7696 -40.9539 -30.2619 10.6573 -37.8554 32.1024
7.3432 -29.0921 -45.0936 -17.2292 -46.4114 34.6242 -39.0470 14.0857 -31.6008 -32.8159 -22.1072 -48.1991 28.0750 -41.1683 20.1470 -33.9134 -10.2971 -25.3780 -48.7667 1.1302 -43.0085 25.9933 -35.8127 2.7528 -27.6616 -47.8153 -12.1486 -44.8417 31.0073 -37.3245 8.5642 -29.3583 -44.7554 -17.1768 -46.2651 34.2582 -38.6360 12.5361 -30.8485 -38.6988 -20.4070 -47.5365 33.3786 -40.5741 19.7846 -34.7967 4.1880 -30.0717 -33.8373 -23.1034 -48.4557 19.9535 -42.9574 31.4399 -41.2096 33.7144 -44.0647 3.9302 -48.5850 -23.3511 -28.9094 -32.0041 14.9311 -39.4128 34.8279 -46.9608 -19.0617 -41.8494 -30.2010 10.8724 -38.0615 33.0553 -45.6455 -15.2054 -46.5165 -28.5639 6.0433 -36.5795 28.5385 -43.9183 -6.9172 -48.5873 -26.4897 -3.0712 -34.7845 22.6509 -41.9737 18.0644 -48.6191 -23.5669 -24.1929 -32.5566 16.5070 -39.9031 34.4748 -47.2068 -19.4121 -41.7484 -30.0803 10.1726 -37.4813
-28.5171 -45.5550 -16.7715 -46.2549 34.4352 -38.8894 13.6397 -31.4242 -34.1163 -21.8331 -48.1085 29.2400 -41.0407 19.7845 -33.7900 -11.4142 -25.2387 -48.7717 2.1280 -42.9337 25.8235 -35.7740 2.6254 -27.6460 -47.8153 -12.2111 -44.8706 31.1258 -37.3756 8.7689 -29.4403 -44.4926 -17.4228 -46.3587 34.4127 -38.7490 12.8796 -30.9897 -37.9074 -20.6342 -47.5963 33.4015 -40.3904 18.4301 -33.8782 -3.7319 -28.0831 -43.7257 -21.5318 -48.4995 2.5589 -44.2762 33.9806 -41.2637 30.4004 -41.8225 34.9871 -45.0891 -5.8587 -48.7462 -24.0226 -26.5219 -32.1760 15.2618 -39.5191 34.7888 -47.0497 -19.2796 -41.4307 -30.2908 11.0865 -38.1238 33.1793 -45.6870 -15.2969 -46.4873 -28.5639 5.9930 -36.5534 28.4110 -43.8585 -6.4098 -48.6222 -26.3753 -3.7935 -34.6746 22.2987 -41.8562 19.9404 -48.5655 -23.3317 -25.8453 -32.3872 16.0641 -39.7455 34.6815 -47.0670 -19.0415 -42.4815 -29.8990 9.6991
-46.1396 -16.2907 -46.0960 34.1966 -38.7310 13.1866 -31.2451 -35.3724 -21.5414 -48.0072 30.3395 -40.9022 19.3862 -33.6506 -12.7428 -25.0744 -48.7801 3.4327 -42.8456 25.5796 -35.7104 2.3674 -27.5991 -47.8484 -12.1486 -44.8706 31.1651 -37.4020 8.8978 -29.4994 -44.2786 -17.6185 -46.4384 34.5317 -38.8526 13.2104 -31.1392 -36.9607 -20.9219 -47.6986 33.0227 -40.4096 18.0727 -33.4698 -10.1071 -26.7296 -47.2144 -18.9922 -48.1525 -0.6923 -45.2342 34.3770 -42.7699 33.2669 -42.0722 34.3561 -43.6799 27.2969 -46.5699 -12.9201 -48.7259 -24.5677 -24.8864 -32.2784 15.5047 -39.6052 34.7291 -47.1229 -19.4546 -41.0806 -30.3605 11.2415 -38.1633 33.2417 -45.7008 -15.2969 -46.5165 -28.5330 5.8409 -36.5014 28.2007 -43.7722 -5.6998 -48.6602 -26.2364 -4.6812 -34.5478 21.9046 -41.7261 21.8479 -48.5017 -23.0783 -27.5099 -32.2123 15.6175 -39.5873 34.7985 -46.9242 -18.6579 -43.1628 -29.3435
-16.1836 -45.9350 33.9138 -38.5727 12.7312 -31.0659 -36.5628 -21.2364 -47.8977 31.3331 -40.7547 18.9630 -33.4982 -14.2588 -24.8874 -48.7830 5.0299 -42.7512 25.2781 -35.6270 1.9893 -27.5233 -47.9121 -11.9587 -44.8417 31.1258 -37.4020 8.9410 -29.5302 -44.1372 -17.7589 -46.5019 34.6211 -38.9483 13.5337 -31.3015 -35.7970 -21.2841 -47.8396 32.1486 -40.5735 18.3361 -33.4147 -12.8802 -25.9899 -48.2248 -16.6805 -47.7225 -0.9316 -45.9478 23.5829 -44.7086 33.2766 -43.9455 33.9176 -44.4979 24.4903 -46.3520 -6.3026 -48.1504 -17.2418 -48.5670 -24.7228 -24.6583 -32.3041 15.6648 -39.6714 34.6618 -47.1805 -19.5876 -40.8171 -30.4052 11.3202 -38.1766 33.2417 -45.6870 -15.2054 -46.6023 -28.4717 5.5910 -36.4274 27.9253 -43.6645 -4.7922 -48.6965 -26.0755 -5.7373 -34.4063 21.4790 -41.5863 23.7221 -48.4277 -22.8119 -29.1363 -32.0352 15.1721 -39.4293 34.8331 -46.7782 -18.2604 -44.0299
-45.7796 33.5908 -38.4140 12.2725 -30.8864 -37.6771 -20.9218 -47.7820 32.1982 -40.6016 18.5196 -33.3360 -15.9104 -24.6802 -48.7780 6.9021 -42.6446 24.9279 -35.5274 1.5073 -27.4238 -47.9973 -11.6492 -44.7850 31.0087 -37.3757 8.8987 -29.5320 -44.0819 -17.8393 -46.5460 34.6844 -39.0375 13.8603 -31.4864 -34.2609 -21.7665 -48.0305 30.1654 -40.9142 19.2127 -33.6585 -11.9970 -25.7972 -48.5009 -14.9320 -47.3671 -1.6181 -46.7251 -1.4467 -46.9000 0.3484 -46.6573 4.5174 -46.6575 -2.4649 -47.7173 -14.2738 -48.7251 -19.2526 -48.7533 -18.3872 -48.6467 -24.3817 -25.5927 -32.2847 15.7765 -39.7228 34.5987 -47.2215 -19.6728 -40.6768 -30.4204 11.3202 -38.1633 33.1793 -45.6456 -15.0236 -46.7347 -28.3858 5.2582 -36.3367 27.5981 -43.5385 -3.6890 -48.7278 -25.8957 -6.9571 -34.2548 21.0321 -41.4395 25.4926 -48.3448 -22.5366 -30.6898 -31.8570 14.7270 -39.2713 34.7933 -46.6277 -18.0086
32.9277 -38.2426 11.8103 -30.7059 -38.7144 -20.5992 -47.6606 32.9277 -40.4460 18.0704 -33.1673 -17.6851 -24.4572 -48.7635 9.0239 -42.5264 24.5372 -35.4130 0.9253 -27.3043 -48.0946 -11.2317 -44.7052 30.8217 -37.3255 8.7765 -29.5047 -44.1179 -17.8597 -46.5710 34.7270 -39.1220 14.2050 -31.7090 -32.0982 -22.4289 -48.2729 25.0095 -41.5592 21.0677 -34.2701 -7.4318 -26.1584 -48.5035 -13.8366 -47.0333 0.5611 -47.2633 -13.1642 -48.6282 -17.9335 -48.7597 -17.8471 -48.7268 -17.4348 -48.7664 -20.4530 -47.4264 -24.7909 -41.8209 -24.5128 -48.7631 -15.0962 -48.7649 -23.7709 -26.7707 -32.2620 15.8604 -39.7595 34.5532 -47.2433 -19.7020 -40.6768 -30.4052 11.2416 -38.1240 33.0557 -45.5799 -14.7634 -46.8991 -28.2799 4.8537 -36.2301 27.2253 -43.3981 -2.3701 -48.7511 -25.7000 -8.3310 -34.0944 20.5718 -41.2887 27.1084 -48.2540 -22.2542 -32.1571 -31.6786 14.2791 -39.1136 34.6863 -46.4689
-37.8793 11.3433 -30.5255 -39.6784 -20.2674 -47.5347 33.5233 -40.2900 17.6207 -32.9947 -19.5230 -24.2227 -48.7384 11.3204 -42.3969 24.1105 -35.2844 0.2434 -27.1653 -48.1988 -10.7083 -44.6060 30.5786 -37.2556 8.5814 -29.4500 -44.2375 -17.8189 -46.5756 34.7544 -39.2018 14.5874 -31.9862 -28.9172 -23.3191 -48.5576 11.6182 -42.7453 24.8714 -35.4429 0.0972 -27.2223 -48.1274 -14.0346 -46.7474 10.6559 -46.9254 -15.5604 -48.1419 -24.4466 -42.4086 -25.6908 -43.2737 -24.7783 -45.2472 -24.9211 -40.6125 -28.1935 -9.0230 -31.6406 -4.4349 -16.7563 -46.8521 -3.7576 -48.6313 -23.2611 -27.5212 -32.2535 15.9151 -39.7786 34.5365 -47.2430 -19.6724 -40.8170 -30.3610 11.0894 -38.0628 32.8803 -45.4949 -14.4304 -47.0836 -28.1544 4.3776 -36.1102 26.8096 -43.2436 -0.8107 -48.7644 -25.4905 -9.8456 -33.9280 20.1063 -41.1347 28.5452 -48.1568 -21.9655 -33.5414 -31.4998 13.8288 -38.9396 33.7820
10.9116 -30.3451 -40.5711 -19.9266 -47.4040 33.9941 -40.1338 17.1682 -32.8199 -21.3701 -23.9775 -48.7022 13.7121 -42.2594 23.6592 -35.1436 -0.5520 -27.0085 -48.3039 -10.0703 -44.4892 30.2822 -37.1685 8.3222 -29.3720 -44.4272 -17.7122 -46.5583 34.7685 -39.2788 15.0244 -32.3355 -24.1793 -24.4613 -48.7656 -6.0368 -44.6507 32.1792 -37.6826 8.4338 -29.1821 -46.1424 -16.3597 -46.7710 23.8842 -45.5972 -8.6770 -48.2846 -27.6459 -7.0924 -31.2665 -2.5196 -30.5341 -14.3681 -29.2713 -20.0374 -30.2218 1.9568 -34.6080 18.4273 -36.4468 -36.1594 31.0802 -43.1579 15.3621 -48.4995 -23.0081 -27.8293 -32.2512 15.9301 -39.7768 34.5548 -47.2210 -19.5888 -41.0696 -30.2946 10.8815 -37.9847 32.6579 -45.3925 -14.0260 -47.2793 -28.0131 3.8247 -35.9802 26.3593 -43.0778 0.9832 -48.7716 -25.2699 -11.4842 -33.7588 19.6408 -40.9791 29.8061 -48.0538 -21.6691 -34.8486 -31.3210 13.3773 -38.5976
-29.7991 -41.3970 -19.5763 -47.2693 34.3494 -39.9764 16.7175 -32.6448 -23.2070 -23.7242 -48.6558 16.1348 -42.1143 23.1910 -34.9952 -1.4573 -26.8360 -48.4052 -9.3168 -44.3576 29.9364 -37.0661 8.0045 -29.2744 -44.6776 -17.5433 -46.5173 34.7663 -39.3437 15.5098 -32.7702 -17.2905 -25.8912 -48.3461 -15.4111 -46.9856 27.8911 -41.9793 18.7670 -32.2641 -36.1773 -20.2568 -47.4394 28.0006 -43.9522 28.4606 -47.8677 -23.8669 7.2274 -35.8969 16.5873 -35.8519 12.0443 -33.8115 5.8484 -32.6636 6.3688 -34.7660 19.9699 -41.8751 -8.4360 2.8060 -36.1319 24.7048 -42.0277 22.0608 -48.4407 -22.9157 -27.9725 -32.2413 15.8950 -39.7536 34.6010 -47.1823 -19.4663 -41.3945 -30.2118 10.6336 -37.8924 32.3896 -45.2746 -13.5538 -47.4791 -27.8590 3.2010 -35.8415 25.8906 -42.9139 3.0195 -48.7797 -25.0416 -13.2221 -33.5873 19.1799 -40.8239 30.9050 -47.9457 -21.3660 -36.0722 -31.1412 13.0016
-42.4483 -19.2123 -47.1319 34.5986 -39.8186 16.2709 -32.4704 -24.9954 -23.4668 -48.6008 18.4897 -41.9657 22.7117 -34.8386 -2.4618 -26.6514 -48.4979 -8.4367 -44.2118 29.5474 -36.9512 7.6342 -29.1595 -44.9709 -17.3169 -46.4511 34.7385 -39.3670 15.9458 -33.2507 -8.8379 -27.6575 -45.6727 -20.9564 -48.6819 -12.6918 -47.2066 32.0596 -36.5398 -4.6300 -24.2833 -48.4674 21.3300 -43.0597 33.5549 -43.2496 5.7251 -48.2977 -37.6891 33.3749 -41.6828 28.6523 -38.9256 19.5468 -36.3359 14.0919 -35.6094 17.1474 -39.1292 34.8222 -48.1167 -26.6091 1.1430 -35.0879 22.2899 -41.6445 24.0247 -48.4164 -22.8710 -28.1465 -32.2163 15.8118 -39.7157 34.6574 -47.1332 -19.3202 -41.7556 -30.1195 10.3528 -37.7900 32.0834 -45.1449 -13.0133 -47.6748 -27.6942 2.5174 -35.6970 25.4024 -42.7629 5.2536 -48.7821 -24.8095 -15.0137 -33.4156 18.7240 -40.6702 31.8436 -47.8325 -21.0568 -37.2152 -30.6125
-18.8970 -46.9913 34.7545 -39.6628 15.8290 -32.2952 -26.7141 -23.2078 -48.5372 20.6961 -41.8180 22.2324 -34.6779 -3.5714 -26.4570 -48.5784 -7.4247 -44.0559 29.1221 -36.8252 7.2135 -29.0292 -45.2884 -17.0414 -46.3628 34.6697 -39.3188 16.1031 -33.6180 -1.7960 -29.6636 -35.1020 -25.4997 -46.8973 -22.0571 -48.2729 -20.8258 -48.3412 7.1756 -26.4561 -48.8459 5.1107 -43.1985 30.0114 -39.7866 27.2996 -40.7980 27.5777 -24.7418 -48.9429 0.2326 -44.6300 34.5852 -41.1178 26.1593 -38.5965 21.0829 -38.3957 27.0457 -42.8367 0.1077 -48.3922 -27.0151 -2.3392 -34.5910 21.4177 -41.5105 24.7050 -48.4030 -22.8298 -28.4115 -32.1825 15.7054 -39.6743 34.7063 -47.0847 -19.1824 -42.0804 -30.0340 10.0618 -37.6829 31.7483 -45.0053 -12.4022 -47.8593 -27.5216 1.7634 -35.5464 24.9073 -42.6202 7.6060 -48.7726 -24.5746 -16.8320 -33.2451 18.2701 -40.5159 32.6285 -47.7134 -20.7400 -38.6701
-46.8359 34.8257 -39.5080 15.3904 -32.1211 -28.3512 -22.9450 -48.4658 22.7280 -41.6692 21.7590 -34.5158 -4.7785 -26.2545 -48.6449 -6.2902 -43.8928 28.6742 -36.6914 6.7487 -28.8899 -45.6123 -16.7281 -46.2602 34.5527 -39.1969 15.7979 -33.6617 1.4365 -31.4169 -8.1028 -29.7196 -27.6310 -27.3773 -38.2419 -27.7245 -8.5655 -33.7070 8.0452 -47.6195 15.7440 -43.2159 29.4860 -38.6306 19.2357 -36.9512 17.1221 -35.0462 -18.8034 -23.8541 -48.7512 -8.9134 -46.1826 31.6538 -43.0190 32.3514 -40.7143 27.9541 -40.8283 34.1967 -45.1624 -12.2809 -48.2019 -26.7681 -4.4766 -34.3949 21.1152 -41.4618 25.0355 -48.3904 -22.7898 -28.6732 -32.1575 15.6381 -39.6547 34.7234 -47.0693 -19.1443 -42.2335 -29.9814 9.7918 -37.5763 31.3875 -44.8578 -11.7178 -48.0300 -27.3414 0.9415 -35.3930 24.4159 -42.4776 10.0415 -48.7520 -24.3366 -18.6692 -33.0742 17.8228 -40.3607 33.2724 -47.5904 -20.3291
33.7380 -39.3351 14.9536 -31.9483 -29.9025 -22.6782 -48.3878 24.5755 -41.5202 21.2928 -34.3532 -6.0707 -26.0481 -48.6965 -5.0120 -43.7249 28.2094 -36.5532 6.2537 -28.7452 -45.9249 -16.4004 -46.1580 34.4078 -39.0438 15.1343 -33.2916 -0.0476 -31.9434 6.2559 -33.6353 6.9041 -32.2335 -3.4478 -30.5678 -4.6960 -32.9212 16.0243 -40.9988 34.0837 -41.7721 28.0660 -38.4897 17.8504 -35.8052 12.4690 -34.3260 5.3976 -30.0577 -38.2962 -23.5631 -48.6665 -15.6855 -47.6953 9.3668 -44.8906 34.8319 -42.5470 33.3012 -42.6177 33.9709 -46.1858 -13.6871 -48.2322 -26.6329 -5.2831 -34.3334 21.0103 -41.4388 25.2342 -48.3816 -22.7765 -28.6587 -32.1817 15.7580 -39.7306 34.6176 -47.1708 -19.4198 -42.0086 -29.9846 9.5560 -37.4689 31.0016 -44.7021 -10.9602 -48.1843 -27.1549 0.0679 -35.2386 23.9266 -42.3336 12.5069 -48.7205 -24.0953 -20.5049 -32.9027 17.3792 -40.2065 33.7888 -47.4432
-39.0139 14.5203 -31.7773 -31.3578 -22.4097 -48.3041 26.2286 -41.3731 20.8354 -34.1924 -7.4337 -25.8410 -48.7333 -3.5955 -43.5546 27.7318 -36.4121 5.7289 -28.5982 -46.2125 -16.0839 -46.0696 34.2845 -38.9312 14.4906 -32.6945 -7.5706 -30.4132 4.0984 -36.8536 21.9788 -37.6878 16.0708 -34.6634 7.8747 -33.4618 10.4976 -36.2783 22.6023 -39.5214 25.1709 -38.5915 19.5112 -36.4580 13.9084 -34.7953 9.1610 -32.9744 -2.4294 -29.6380 -32.6162 -25.8195 -46.5978 -20.7868 -48.7088 -10.0892 -46.5515 27.6411 -43.9541 34.9758 -43.7586 29.6765 -46.5621 -14.2926 -48.2045 -26.6402 -5.3851 -34.3247 20.9779 -41.4303 25.2395 -48.3891 -22.8482 -27.7753 -32.3560 16.4613 -40.1064 33.5233 -47.5567 -20.2316 -41.2713 -30.0325 9.3239 -37.3549 30.5901 -44.5398 -10.1227 -48.3187 -26.9650 -0.8685 -35.0818 23.4424 -42.1884 14.9340 -48.6800 -23.8499 -22.3105 -32.7321 16.9377 -40.0321 32.2700
14.1995 -31.6120 -32.6984 -22.1453 -48.2172 27.6736 -41.2312 20.3981 -34.0366 -8.8365 -25.6380 -48.7557 -2.0824 -43.3855 27.2585 -36.2707 5.1782 -28.4516 -46.4727 -15.7949 -46.0072 34.2414 -38.9185 14.2691 -32.2953 -18.4442 -27.4507 -31.6603 -30.9403 33.6427 -44.6774 34.7284 -40.4389 21.2225 -36.4211 14.7733 -36.2601 18.9576 -38.5079 24.4834 -39.2685 23.6142 -38.2827 19.6805 -36.8636 15.6975 -35.4776 11.3551 -33.7891 4.8355 -31.6096 -9.3344 -28.7493 -37.4063 -24.4383 -48.3601 -16.6105 -47.6778 11.5547 -44.9542 32.7633 -44.4899 24.4322 -46.8349 -14.9999 -48.1014 -26.7304 -5.1670 -34.3367 20.9874 -41.4394 24.8760 -48.4317 -23.1054 -24.7045 -32.8850 18.7572 -41.3276 19.6835 -48.2324 -21.3944 -40.2558 -30.0712 9.0408 -37.2298 30.1477 -44.3725 -9.2023 -48.4329 -26.7702 -1.8712 -34.9242 22.9636 -42.0440 17.2876 -48.6304 -23.6015 -24.0793 -32.5604 16.4974 -39.7374
-31.1229 -33.8598 -21.8992 -48.1321 28.8587 -41.1017 20.0017 -33.8951 -10.1831 -25.4511 -48.7656 -0.5637 -43.2287 26.8143 -36.1353 4.6204 -28.3063 -46.7074 -15.5411 -45.9791 34.3156 -39.0429 14.6960 -32.3935 -21.7901 -25.4252 -48.1127 -18.4978 -46.9942 -21.6164 -22.3001 -47.9173 33.2131 -41.1122 24.4639 -38.4583 23.3748 -39.6690 28.8435 -41.0992 31.0230 -41.0760 29.2046 -40.1131 25.5607 -38.8855 21.7480 -37.6180 17.9093 -36.2005 13.4134 -34.3298 6.2730 -31.4085 -17.2056 -26.9476 -46.2999 -19.6485 -48.2663 -0.9108 -45.7122 27.6329 -45.0555 17.5944 -47.1192 -15.8980 -47.9206 -26.8678 -4.8556 -34.3474 20.9898 -41.4480 24.2375 -48.5160 -23.5520 -17.9404 -33.9731 25.2068 -45.5901 -10.2261 -48.7112 -22.3696 -39.5687 -30.0408 8.6652 -37.0895 29.6753 -44.2008 -8.1886 -48.5281 -26.5715 -2.9403 -34.7654 22.4896 -41.8987 19.5323 -48.5721 -23.3481 -25.8103 -32.3857 16.1843
-35.2024 -21.7029 -48.0601 29.7013 -41.0004 19.6919 -33.7870 -11.2716 -25.3091 -48.7666 0.7314 -43.1020 26.4461 -36.0189 4.0963 -28.1697 -46.9196 -15.3052 -45.9795 34.4988 -39.3330 15.8823 -33.0152 -15.7410 -25.7709 -48.5085 -13.8972 -46.6078 34.7541 -34.1223 -30.7800 -19.4552 -46.6470 34.8915 -41.5884 30.7158 -41.8414 34.7675 -43.8915 32.2204 -44.6425 32.2764 -44.0540 34.8266 -42.8968 33.8757 -41.7729 31.0128 -40.6773 27.4002 -39.3061 22.0293 -37.0553 13.7493 -33.5194 -2.3568 -28.4589 -43.5438 -21.2239 -48.5566 -7.0856 -46.3548 19.1852 -45.6015 8.0082 -47.4773 -17.0031 -47.6465 -27.0164 -4.8108 -34.2885 20.7066 -41.3157 25.8488 -48.4898 -23.2058 -17.1963 -33.0108 -13.6483 -48.7157 -17.8448 -48.7452 -22.7988 -39.6739 -29.9173 8.1792 -36.9346 29.1794 -44.0272 -7.0718 -48.6063 -26.3711 -4.0937 -34.6053 22.0196 -41.7513 21.6339 -48.5056 -23.0880 -27.4834 -31.8855
-21.4464 -48.0254 30.0214 -40.9632 19.5708 -33.7533 -11.6843 -25.2719 -48.7658 1.2080 -43.0493 26.2639 -35.9505 3.7244 -28.0614 -47.1012 -15.0575 -45.9830 34.7119 -39.7911 17.9225 -34.0751 -3.7486 -27.6323 -47.2623 -16.4047 -46.7671 33.8443 -40.4164 12.4441 -29.1735 -47.7197 -9.7475 -45.0653 34.8401 -43.7310 27.5442 -46.7016 -8.1687 -48.1138 -12.2831 -48.0051 -7.9714 -47.1332 5.4721 -46.0204 22.7446 -45.0827 31.2719 -44.1509 34.8161 -42.4755 30.9483 -39.4095 18.8278 -34.8329 2.6262 -29.1868 -41.5252 -22.0942 -48.7170 -11.0327 -46.9851 5.9138 -46.3555 -2.9550 -47.9741 -18.2989 -47.2941 -27.0745 -6.1207 -33.9412 19.1285 -40.4246 34.5768 -45.7820 21.3523 -36.7547 -4.2821 -25.5489 -48.2250 -19.4559 -48.7121 -22.6832 -40.5314 -29.7102 7.5909 -36.7709 28.6719 -43.8514 -5.8546 -48.6675 -26.1696 -5.3271 -34.4452 21.5547 -41.6037 23.5737 -48.4318 -22.8250 -29.6374
-48.0480 29.2916 -41.0686 19.8572 -33.8786 -10.5908 -25.4567 -48.7663 -0.3378 -43.1783 26.5411 -36.0022 3.7808 -28.0383 -47.2028 -14.8083 -45.9510 34.8375 -40.3330 20.8207 -35.5687 6.3299 -30.4130 -38.5180 -21.9174 -48.2897 18.6517 -42.5831 23.9647 -34.5288 -14.7071 -23.5877 -48.3630 11.1577 -45.1176 13.6802 -48.0574 -19.5215 -47.5036 -23.6873 -46.3576 -22.9745 -48.0939 -20.3099 -48.7871 -16.8047 -48.5478 -13.5377 -48.1412 -10.1192 -47.4916 3.4800 -45.3886 34.8500 -40.9230 21.4093 -35.2986 3.8232 -29.4359 -40.2224 -22.8203 -48.7644 -14.6343 -47.7905 -7.5019 -47.4919 -11.5471 -48.5122 -19.6539 -47.0532 -26.7879 -11.9196 -32.8576 14.5284 -37.8271 25.0710 -38.8461 14.5732 -31.8684 -30.3587 -24.5542 -48.4089 -19.0465 -48.7565 -22.1703 -41.8203 -29.4467 6.9368 -36.6049 28.1678 -43.6785 -4.5473 -48.7120 -25.9687 -6.6089 -34.2879 21.1051 -41.4608 25.2918 -48.3533 -22.3113
21.1394 -41.4467 21.0206 -34.3124 -6.7480 -26.0794 -48.7024 -5.1086 -43.7187 27.9325 -36.3421 4.8283 -28.2286 -47.0903 -14.7465 -45.8800 34.8316 -40.6726 24.0433 -37.4851 14.4472 -33.6520 -4.7516 -27.5331 -47.6199 -14.1142 -45.6194 33.5052 -38.3762 10.4770 -29.8240 -45.6310 -16.2463 -46.8136 8.4583 -47.7453 -20.9853 -34.8581 -29.4512 -8.9463 -29.9155 -19.7816 -28.1072 -36.8290 -25.8451 -44.7150 -24.0055 -46.7225 -23.0355 -47.4548 -22.0378 -48.6687 -15.9328 -47.2314 32.3974 -41.2686 21.3944 -35.1772 3.6538 -29.6089 -38.2251 -23.8522 -48.4640 -18.4755 -48.6563 -16.1547 -48.6253 -17.5067 -48.7681 -20.7027 -47.3911 -25.6949 -27.4477 -30.6225 5.0576 -33.7267 9.3495 -33.0772 -0.1712 -29.9524 -35.2824 -24.1546 -48.6060 -17.7964 -48.7479 -21.3532 -43.1973 -29.1610 6.2651 -36.4469 27.6878 -43.5167 -3.1906 -48.7414 -25.7779 -7.8833 -34.1419 20.6901 -41.3279 26.7344 -48.2457
-42.4377 23.9946 -35.2822 0.2128 -27.4498 -48.0727 -12.0079 -44.9697 31.7600 -37.3637 7.6911 -28.8614 -46.4046 -15.3104 -45.8617 34.6526 -40.4699 25.2183 -39.3466 23.3577 -37.4968 13.4928 -32.7021 -20.2540 -24.4782 -48.7215 13.1056 -42.3599 22.3749 -34.4094 -11.1582 -24.7586 -48.7065 -4.7073 -46.7073 -14.4915 -44.0141 -32.6104 13.7584 -35.5742 12.1835 -33.8345 5.3681 -31.8503 -5.2076 -29.9287 -19.1138 -28.9320 -23.3405 -28.7975 -25.1739 -27.5378 -43.4425 -19.7909 -47.4716 33.8288 -40.7963 20.3101 -34.9281 3.9094 -30.0404 -33.4102 -25.4908 -46.4831 -22.6845 -47.8551 -22.2429 -47.9364 -21.8241 -48.4455 -20.6602 -48.3889 -23.1561 -43.3721 -27.0990 -24.8253 -29.6718 -5.2729 -33.1941 5.0593 -30.6684 -33.7587 -23.4137 -48.7678 -15.0856 -48.5426 -20.3157 -44.3935 -28.8931 5.6432 -36.3121 27.2815 -43.3788 -1.9508 -48.7574 -25.6206 -9.0036 -34.0226 20.3484 -41.1903 23.8223
