28.7654 -39.8354 16.4265 -31.9486 -29.2269 -22.3456 -48.2465 24.3844 -40.8957 19.4224 -33.1319 -17.2164 -23.9992 -48.6985 9.5371 -42.0015 22.6894 -34.3111 -5.7788 -25.5163 -48.7687 -4.0385 -43.1613 26.0997 -35.4287 1.5945 -26.9060 -48.2621 -11.2462 -44.3638 29.4944 -36.5158 6.4168 -28.2164 -46.7070 -15.4304 -45.5208 32.4125 -37.6196 10.1286 -29.5027 -43.5129 -18.3296 -46.6023 33.8194 -38.7566 13.4986 -30.8656 -36.6294 -21.2735 -48.0773 14.9925 -43.5573 33.9147 -43.4188 18.6781 -47.8630 -20.6200 -39.1343 -30.4254 12.3685 -38.3578 33.6000 -46.2306 -17.3948 -44.8889 -29.0468 8.8770 -37.2241 31.4748 -45.1146 -14.1406 -47.4151 -27.7529 4.8742 -36.1262 28.3024 -43.9386 -9.1714 -48.5395 -26.4234 -0.6344 -35.0395 24.8710 -42.7265 -0.0332 -48.7727 -24.9900 -9.4093 -33.8965 21.5094 -41.6119 15.3327 -48.5820 -23.4377 -21.6081 -32.7243 18.3907 -40.5491 27.2876 -48.0820
-39.8354 16.5398 -32.4055 -27.2037 -22.8585 -48.3609 26.8610 -41.1308 19.7095 -33.6079 -14.7646 -24.6038 -48.7549 12.2976 -42.1625 22.9812 -34.7610 -4.1221 -26.1540 -48.7177 -2.7293 -43.2729 26.4222 -35.8473 2.5502 -27.5251 -48.0360 -10.8741 -44.5008 29.9027 -36.9135 7.0370 -28.7991 -46.2058 -15.4732 -45.6742 33.0103 -37.9908 10.5850 -30.0550 -42.5885 -18.6030 -46.7577 34.7839 -39.0845 13.8144 -31.3392 -35.6771 -21.3445 -47.9464 28.6755 -41.8922 27.4132 -39.1666 26.9457 -41.6499 31.0606 -47.6835 -20.5940 -38.3695 -30.9027 12.7049 -38.6981 34.4044 -46.3864 -17.5956 -44.1354 -29.6086 9.3826 -37.6049 31.9915 -45.2629 -14.0678 -47.0266 -28.3480 5.5859 -36.5309 28.6732 -44.0666 -8.5605 -48.3860 -27.0561 0.5158 -35.4689 25.1766 -42.8264 1.8334 -48.7665 -25.6211 -7.4265 -34.3563 21.7933 -41.8002 18.2312 -48.6638 -24.0094 -19.2388 -33.1859 18.5835 -40.7098 27.2876
16.4265 -32.4055 -26.5954 -23.0136 -48.4219 25.5305 -41.2899 20.1330 -33.7704 -13.0430 -24.8324 -48.7750 9.8171 -42.3441 23.4699 -34.9285 -2.9336 -26.3635 -48.6718 -4.2866 -43.4540 26.9326 -36.0085 3.3024 -27.7103 -47.8523 -11.6910 -44.6762 30.3938 -37.0798 7.5938 -28.9825 -45.8089 -15.9935 -45.8386 33.3843 -38.1621 11.0624 -30.2363 -41.8592 -18.9870 -46.9036 34.8321 -39.2549 14.2405 -31.4971 -34.7409 -21.4729 -47.9267 30.7643 -41.1532 22.3327 -36.3275 14.2339 -36.1868 21.5565 -40.8376 32.7320 -47.6468 -20.7151 -37.6036 -31.0584 13.1374 -38.8668 34.5983 -46.5385 -18.0177 -43.5419 -29.7903 9.8830 -37.7735 32.4252 -45.4314 -14.6676 -46.7167 -28.5313 6.1937 -36.6949 29.1790 -44.2445 -9.5656 -48.2593 -27.2485 1.3836 -35.6303 25.6814 -43.0082 -0.1414 -48.7570 -25.8360 -6.0519 -34.5192 22.2444 -41.9676 16.1810 -48.7031 -24.1857 -18.1616 -33.2488 18.5835 -40.5491
-31.9486 -27.2037 -23.0136 -48.4444 24.6990 -41.3837 20.4699 -33.9051 -11.5704 -25.0395 -48.7837 7.4923 -42.4848 23.9484 -35.0869 -1.8472 -26.5686 -48.6101 -5.6913 -43.6337 27.4442 -36.1628 4.0109 -27.8967 -47.6439 -12.4474 -44.8499 30.8765 -37.2359 8.1347 -29.1656 -45.3713 -16.4879 -46.0011 33.7266 -38.3201 11.5336 -30.4177 -41.0691 -19.3576 -47.0474 34.8087 -39.4103 14.6773 -31.6655 -33.5784 -21.6968 -47.9798 31.0176 -40.8634 20.0633 -34.7443 5.1908 -31.9174 4.5952 -34.4899 19.1174 -40.5102 32.9703 -47.6982 -20.9449 -36.6317 -31.2267 13.5764 -39.0225 34.7385 -46.6886 -18.4249 -42.8983 -29.9726 10.3692 -37.9313 32.8340 -45.5984 -15.2320 -46.3737 -28.7154 6.7775 -36.8515 29.6779 -44.4214 -10.4826 -48.1108 -27.4383 2.1931 -35.7827 26.1797 -43.1855 -1.8825 -48.7353 -26.0345 -4.8690 -34.6593 22.6301 -42.0756 14.6752 -48.7226 -24.2520 -18.1616 -33.1859 18.3907
-29.2269 -22.8585 -48.4219 24.6990 -41.4187 20.6607 -33.9969 -10.4806 -25.2083 -48.7828 5.4715 -42.6126 24.4041 -35.2357 -0.8765 -26.7646 -48.5324 -6.9428 -43.8124 27.9500 -36.3179 4.6853 -28.0826 -47.4096 -13.1506 -45.0215 31.3484 -37.3923 8.6613 -29.3484 -44.8923 -16.9595 -46.1610 34.0337 -38.4784 11.9994 -30.5980 -40.2146 -19.7169 -47.1881 34.7049 -39.5670 15.1160 -31.8384 -32.2686 -21.9579 -48.0619 30.5609 -40.8159 19.2512 -33.9658 -3.4049 -28.7472 -32.4682 -28.5846 -5.4282 -33.6281 18.2147 -40.4459 32.7026 -47.7874 -21.2195 -35.5164 -31.4010 14.0186 -39.1783 34.8180 -46.8367 -18.8160 -42.1974 -30.1540 10.8477 -38.0897 33.2186 -45.7638 -15.7633 -45.9944 -28.8991 7.3420 -37.0086 30.1721 -44.5962 -11.3249 -47.9417 -27.6218 2.9395 -35.9291 26.6542 -43.3507 -3.3408 -48.7046 -26.2032 -3.9496 -34.7656 22.8960 -42.1348 14.1105 -48.7226 -24.1857 -19.2388 -32.7243
-22.3456 -48.3609 25.5305 -41.3837 20.6607 -34.0295 -9.8973 -25.3190 -48.7772 3.8949 -42.7200 24.8080 -35.3697 -0.0336 -26.9456 -48.4422 -8.0373 -43.9857 28.4476 -36.4720 5.3234 -28.2675 -47.1462 -13.8073 -45.1916 31.8050 -37.5495 9.1739 -29.5313 -44.3678 -17.4101 -46.3179 34.2997 -38.6360 12.4610 -30.7782 -39.2918 -20.0649 -47.3247 34.5110 -39.7246 15.5566 -32.0132 -30.8468 -22.2312 -48.1536 29.7125 -40.8792 19.1346 -33.6450 -10.0184 -26.6453 -46.6219 -22.3287 -46.9141 -26.3067 -13.5046 -33.2604 18.0510 -40.5034 32.1515 -47.8908 -21.5094 -34.2890 -31.5763 14.4617 -39.3354 34.8285 -46.9821 -19.1918 -41.4370 -30.3351 11.3209 -38.2483 33.5752 -45.9272 -16.2675 -45.5756 -29.0829 7.8895 -37.1639 30.6536 -44.7665 -12.0830 -47.7552 -27.7944 3.6021 -36.0652 27.0857 -43.4962 -4.4799 -48.6715 -26.3274 -3.3655 -34.8236 22.9915 -42.1348 14.6752 -48.7031 -24.0094 -21.6081
-48.2465 26.8610 -41.2899 20.4699 -33.9969 -9.8973 -25.3570 -48.7725 2.9018 -42.7994 25.1300 -35.4821 0.6700 -27.1045 -48.3447 -8.9727 -44.1483 28.9213 -36.6207 5.9183 -28.4480 -46.8536 -14.4159 -45.3608 32.2445 -37.7069 9.6730 -29.7139 -43.7977 -17.8418 -46.4724 34.5191 -38.7937 12.9174 -30.9584 -38.3002 -20.4032 -47.4575 34.2178 -39.8815 16.0035 -32.1883 -29.3301 -22.5070 -48.2465 28.5811 -40.9935 19.3351 -33.5850 -12.9642 -25.5396 -48.5683 -15.4148 -48.1024 -14.9084 -48.6753 -25.0741 -17.0828 -33.1786 18.2266 -40.6153 31.3824 -47.9965 -21.7997 -32.9729 -31.7523 14.9045 -39.4940 34.7625 -47.1245 -19.5554 -40.6125 -30.5163 11.7882 -38.4069 33.8985 -46.0881 -16.7482 -45.1185 -29.2637 8.4106 -37.3149 31.1080 -44.9283 -12.7497 -47.5611 -27.9523 4.1681 -36.1844 27.4507 -43.6115 -5.2692 -48.6457 -26.3946 -3.1642 -34.8236 22.8960 -42.0756 16.1810 -48.6638 -23.4377
24.3844 -41.1308 20.1330 -33.9051 -10.4806 -25.3190 -48.7725 2.5685 -42.8423 25.3420 -35.5637 1.1963 -27.2342 -48.2478 -9.7432 -44.2954 29.3546 -36.7598 6.4627 -28.6209 -46.5412 -14.9738 -45.5255 32.6600 -37.8642 10.1606 -29.8956 -43.1765 -18.2550 -46.6248 34.6853 -38.9520 13.3711 -31.1383 -37.2395 -20.7318 -47.5856 33.8155 -40.0383 16.4522 -32.3635 -27.7232 -22.7786 -48.3352 27.2189 -41.1303 19.6811 -33.6519 -13.3993 -25.1073 -48.7653 -7.5842 -45.7075 27.7134 -45.5547 -5.5794 -48.7611 -24.5734 -17.7371 -33.2369 18.5571 -40.7512 30.4224 -48.0997 -22.0874 -31.5676 -31.9297 15.3509 -39.6528 34.6106 -47.2631 -19.9081 -39.7217 -30.6972 12.2514 -38.5637 34.1823 -46.2447 -17.1991 -44.6319 -29.4375 8.8961 -37.4587 31.5226 -45.0766 -13.3185 -47.3703 -28.0887 4.6213 -36.2779 27.7177 -43.6864 -5.6748 -48.6356 -26.3946 -3.3655 -34.7656 22.6301 -41.9676 18.2312 -48.5820
-40.8957 19.7095 -33.7704 -11.5704 -25.2083 -48.7772 2.9018 -42.8423 25.4164 -35.6061 1.5256 -27.3277 -48.1651 -10.3370 -44.4196 29.7351 -36.8859 6.9510 -28.7808 -46.2183 -15.4817 -45.6819 33.0400 -38.0181 10.6385 -30.0752 -42.5010 -18.6498 -46.7745 34.7919 -39.1103 13.8204 -31.3181 -36.1010 -21.0517 -47.7092 33.2957 -40.1954 16.9012 -32.5398 -26.0328 -23.0461 -48.4184 25.6596 -41.2763 20.0951 -33.7762 -12.6272 -25.0334 -48.7619 -0.6889 -44.0625 33.7085 -41.3558 33.3919 -43.7881 3.4712 -48.7355 -24.4715 -17.0067 -33.3581 18.9602 -40.8975 29.2789 -48.1984 -22.3707 -30.0680 -32.1069 15.7988 -39.8107 34.3640 -47.3980 -20.2503 -38.7638 -30.8764 12.7044 -38.7192 34.4178 -46.3950 -17.6138 -44.1283 -29.6011 9.3384 -37.5917 31.8878 -45.2060 -13.7769 -47.1994 -28.1943 4.9420 -36.3387 27.8575 -43.7129 -5.6748 -48.6457 -26.3274 -3.9496 -34.6593 22.2444 -41.8002 15.3327
19.4224 -33.6079 -13.0430 -25.0395 -48.7828 3.8949 -42.7994 25.3420 -35.6061 1.6427 -27.3770 -48.1072 -10.7439 -44.5149 30.0404 -36.9920 7.3676 -28.9251 -45.8953 -15.9277 -45.8270 33.3787 -38.1651 11.0925 -30.2498 -41.7847 -19.0273 -46.9207 34.8330 -39.2691 14.2676 -31.4970 -34.8793 -21.3623 -47.8286 32.6468 -40.3524 17.3495 -32.7157 -24.2859 -23.3113 -48.4945 23.9068 -41.4260 20.5396 -33.9258 -11.3405 -25.1264 -48.7646 2.7273 -43.2418 29.2479 -38.4975 20.4422 -38.3547 28.4352 -42.9263 8.0058 -48.7487 -24.5580 -15.6619 -33.5068 19.3954 -41.0477 27.9632 -48.2920 -22.6477 -28.4790 -32.2834 16.2472 -39.9681 34.0130 -47.5273 -20.5812 -37.7475 -31.0514 13.1419 -38.8701 34.5991 -46.5355 -17.9875 -43.6253 -29.7505 9.7315 -37.7083 32.1862 -45.3109 -14.1157 -47.0699 -28.2626 5.1101 -36.3605 27.8575 -43.6864 -5.2692 -48.6715 -26.2032 -4.8690 -34.5192 21.7933 -41.6119
-33.1319 -14.7646 -24.8324 -48.7837 5.4715 -42.7200 25.1300 -35.5637 1.5256 -27.3770 -48.0857 -10.9534 -44.5766 30.2556 -37.0733 7.6922 -29.0468 -45.5910 -16.3103 -45.9574 33.6688 -38.3019 11.5107 -30.4165 -41.0403 -19.3807 -47.0594 34.8021 -39.4254 14.7140 -31.6747 -33.5789 -21.6636 -47.9432 31.8628 -40.5092 17.8000 -32.8913 -22.4809 -23.5717 -48.5627 21.9602 -41.5757 20.9976 -34.0854 -9.8711 -25.2938 -48.7684 3.2468 -42.9457 26.8536 -36.8938 12.3580 -34.1303 11.9410 -36.6427 25.8114 -42.6205 8.8306 -48.7642 -24.7279 -14.0641 -33.6678 19.8454 -41.1995 26.4680 -48.3798 -22.9216 -26.8176 -32.4589 16.6942 -40.1238 33.5551 -47.6509 -20.8938 -36.6950 -31.2198 13.5602 -39.0119 34.7247 -46.6625 -18.3156 -43.1406 -29.8810 10.0593 -37.8018 32.4083 -45.3855 -14.3292 -46.9978 -28.2863 5.1101 -36.3387 27.7177 -43.6115 -4.4799 -48.7046 -26.0345 -6.0519 -34.3563 21.5094
-17.2164 -24.6038 -48.7750 7.4923 -42.6126 24.8080 -35.4821 1.1963 -27.3277 -48.1072 -10.9534 -44.5983 30.3689 -37.1258 7.9183 -29.1376 -45.3307 -16.6227 -46.0695 33.9042 -38.4260 11.8935 -30.5713 -40.2890 -19.7064 -47.1891 34.6978 -39.5772 15.1496 -31.8497 -32.2010 -21.9561 -48.0520 30.9347 -40.6662 18.2540 -33.0657 -20.6322 -23.8275 -48.6238 19.8434 -41.7251 21.4654 -34.2481 -8.3846 -25.4920 -48.7676 2.2992 -42.8992 25.9819 -36.1503 7.3994 -31.2023 -8.7499 -31.0579 6.4831 -35.8322 24.8294 -42.5575 7.8433 -48.7767 -24.9328 -12.3931 -33.8340 20.3040 -41.3516 24.7713 -48.4597 -23.1899 -25.1102 -32.6331 17.1352 -40.2763 32.9942 -47.7666 -21.1853 -35.6224 -31.3784 13.9452 -39.1424 34.7988 -46.7738 -18.5925 -42.7049 -29.9859 10.3022 -37.8679 32.5485 -45.4248 -14.4034 -46.9978 -28.2626 4.9420 -36.2779 27.4507 -43.4962 -3.3408 -48.7353 -25.8360 -7.4265 -33.8965
-23.9992 -48.7549 9.8171 -42.4848 24.4041 -35.3697 0.6700 -27.2342 -48.1651 -10.7439 -44.5766 30.3689 -37.1441 8.0350 -29.1946 -45.1429 -16.8491 -46.1593 34.0860 -38.5332 12.2298 -30.7101 -39.5566 -20.0021 -47.3086 34.5245 -39.7225 15.5688 -32.0190 -30.7790 -22.2388 -48.1537 29.8495 -40.8207 18.7093 -33.2391 -18.7635 -24.0780 -48.6763 17.5741 -41.8759 21.9397 -34.4123 -6.9423 -25.7011 -48.7641 0.7587 -42.9701 25.8578 -35.8796 4.5754 -29.3062 -37.5099 -25.9016 -38.4581 -29.0254 3.1360 -35.5268 24.6572 -42.6093 6.0878 -48.7807 -25.1505 -10.7411 -34.0007 20.7700 -41.5031 22.8937 -48.5319 -23.4489 -23.3688 -32.8035 17.5659 -40.4235 32.3414 -47.8723 -21.4539 -34.5674 -31.5221 14.2899 -39.2572 34.8296 -46.8658 -18.8106 -42.3670 -30.0587 10.4523 -37.9020 32.5971 -45.4248 -14.3292 -47.0699 -28.1943 4.6213 -36.1844 27.0857 -43.3507 -1.8825 -48.7570 -25.6211 -9.4093
-48.6985 12.2976 -42.3441 23.9484 -35.2357 -0.0336 -27.1045 -48.2478 -10.3370 -44.5149 30.2556 -37.1258 8.0350 -29.2140 -45.0473 -16.9870 -46.2205 34.2121 -38.6188 12.5055 -30.8287 -38.8705 -20.2595 -47.4146 34.2937 -39.8575 15.9647 -32.1809 -29.3459 -22.5070 -48.2473 28.6205 -40.9734 19.1631 -33.4102 -16.9014 -24.3229 -48.7187 15.1709 -42.0269 22.4176 -34.5768 -5.5849 -25.9131 -48.7500 -0.9305 -43.1051 26.0795 -35.8391 3.3941 -28.3466 -45.0706 -21.0762 -48.7560 -20.7818 -45.8037 -27.9713 1.6284 -35.4724 24.8575 -42.7119 4.0582 -48.7736 -25.3717 -9.1499 -34.1671 21.2398 -41.6550 20.8726 -48.5955 -23.6961 -21.6256 -32.9660 17.9806 -40.5630 31.6237 -47.9661 -21.6926 -33.5833 -31.6484 14.5853 -39.3521 34.8305 -46.9335 -18.9578 -42.1541 -30.0953 10.5033 -37.9020 32.5485 -45.3855 -14.1157 -47.1994 -28.0887 4.1681 -36.0652 26.6542 -43.1855 -0.1414 -48.7665 -24.9900
9.5371 -42.1625 23.4699 -35.0869 -0.8765 -26.9456 -48.3447 -9.7432 -44.4196 30.0404 -37.0733 7.9183 -29.1946 -45.0473 -17.0332 -46.2506 34.2845 -38.6773 12.7113 -30.9215 -38.2818 -20.4745 -47.5059 34.0267 -39.9803 16.3295 -32.3312 -27.9292 -22.7568 -48.3316 27.2786 -41.1214 19.6110 -33.5791 -15.0856 -24.5626 -48.7505 12.6941 -42.1757 22.9045 -34.7411 -4.3141 -26.1241 -48.7221 -2.5742 -43.2661 26.4613 -35.9050 3.2190 -27.9726 -46.8995 -17.2903 -47.6426 -2.0461 -47.5258 -16.5294 -47.4676 -27.5489 1.3495 -35.5321 25.2245 -42.8375 2.0078 -48.7668 -25.5913 -7.6454 -34.3328 21.7071 -41.8022 18.7730 -48.6486 -23.9305 -19.9403 -33.1186 18.3660 -40.6900 30.8753 -48.0459 -21.8985 -32.7034 -31.7525 14.8170 -39.4227 34.8182 -46.9745 -19.0297 -42.0808 -30.0953 10.4523 -37.8679 32.4083 -45.3109 -13.7769 -47.3703 -27.9523 3.6021 -35.9291 26.1797 -43.0082 1.8334 -48.7727
-42.0015 22.9812 -34.9285 -1.8472 -26.7646 -48.4422 -8.9727 -44.2954 29.7351 -36.9920 7.6922 -29.1376 -45.1429 -16.9870 -46.2506 34.3084 -38.7060 12.8383 -30.9853 -37.8278 -20.6395 -47.5798 33.7483 -40.0882 16.6548 -32.4660 -26.5752 -22.9852 -48.4054 25.8609 -41.2622 20.0452 -33.7422 -13.3516 -24.7946 -48.7718 10.2144 -42.3210 23.3950 -34.9036 -3.1168 -26.3321 -48.6793 -4.1097 -43.4376 26.9140 -36.0210 3.5400 -27.9001 -47.3765 -14.9203 -46.3667 32.1905 -43.4973 32.8886 -46.1096 -13.6668 -47.8839 -27.4556 1.6806 -35.6435 25.6660 -42.9920 0.0701 -48.7591 -25.8051 -6.2624 -34.4926 22.1628 -41.9414 16.6344 -48.6921 -24.1469 -18.3712 -33.2582 18.7144 -40.8020 30.1391 -48.1122 -22.0663 -31.9896 -31.8295 14.9776 -39.4660 34.8081 -46.9882 -19.0297 -42.1541 -30.0587 10.3022 -37.8018 32.1862 -45.2060 -13.3185 -47.5611 -27.7944 2.9395 -35.7827 25.6814 -42.8264 -0.0332
22.6894 -34.7610 -2.9336 -26.5686 -48.5324 -8.0373 -44.1483 29.3546 -36.8859 7.3676 -29.0468 -45.3307 -16.8491 -46.2205 34.2845 -38.7060 12.8812 -31.0181 -37.5381 -20.7514 -47.6327 33.4958 -40.1770 16.9344 -32.5836 -25.3343 -23.1883 -48.4679 24.4165 -41.3940 20.4602 -33.8961 -11.7392 -25.0144 -48.7821 7.8096 -42.4649 23.8813 -35.0637 -2.0056 -26.5377 -48.6203 -5.5061 -43.6127 27.3963 -36.1581 4.0676 -27.9700 -47.4339 -13.9035 -45.6549 34.6813 -40.7184 27.3028 -40.5728 34.3473 -45.3075 -12.3385 -47.9460 -27.5171 2.2639 -35.7779 26.1396 -43.1661 -1.6852 -48.7388 -26.0105 -5.0086 -34.6447 22.5996 -42.0733 14.5430 -48.7256 -24.3411 -16.9620 -33.3813 19.0224 -40.8994 29.4724 -48.1629 -22.1875 -31.4795 -31.8775 15.0585 -39.4807 34.8081 -46.9745 -18.9578 -42.3670 -29.9859 10.0593 -37.7083 31.8878 -45.0766 -12.7497 -47.7552 -27.6218 2.1931 -35.6303 25.1766 -42.7265
-34.3111 -4.1221 -26.3635 -48.6101 -6.9428 -43.9857 28.9213 -36.7598 6.9510 -28.9251 -45.5910 -16.6227 -46.1593 34.2121 -38.6773 12.8383 -31.0181 -37.4416 -20.8100 -47.6651 33.3077 -40.2427 17.1571 -32.6813 -24.2526 -23.3628 -48.5199 23.0019 -41.5126 20.8456 -34.0397 -10.2689 -25.2209 -48.7816 5.5640 -42.6044 24.3599 -35.2201 -0.9871 -26.7399 -48.5442 -6.7750 -43.7894 27.8912 -36.3041 4.6623 -28.1040 -47.3188 -13.7598 -45.3862 33.4209 -39.1145 18.6706 -36.3268 18.2329 -38.8478 32.6023 -44.9910 -12.0870 -47.8716 -27.6461 2.9284 -35.9205 26.6186 -43.3372 -3.2475 -48.7060 -26.2045 -3.8895 -34.7883 23.0127 -42.1953 12.6032 -48.7493 -24.5118 -15.7354 -33.4870 19.2793 -40.9765 28.9441 -48.1963 -22.2621 -31.2093 -31.8936 15.0585 -39.4660 34.8182 -46.9335 -18.8106 -42.7049 -29.8810 9.7315 -37.5917 31.5226 -44.9283 -12.0830 -47.9417 -27.4383 1.3836 -35.4689 24.8710
-5.7788 -26.1540 -48.6718 -5.6913 -43.8124 28.4476 -36.6207 6.4627 -28.7808 -45.8953 -16.3103 -46.0695 34.0860 -38.6188 12.7113 -30.9853 -37.5381 -20.8100 -47.6764 33.2057 -40.2826 17.3080 -32.7544 -23.3763 -23.5059 -48.5614 21.6825 -41.6189 21.1933 -34.1700 -8.9759 -25.4114 -48.7731 3.5384 -42.7352 24.8266 -35.3700 -0.0652 -26.9337 -48.4512 -7.9275 -43.9660 28.3910 -36.4555 5.2724 -28.2667 -47.1140 -14.0439 -45.3558 32.7836 -38.3710 14.2571 -33.5608 5.3314 -33.3973 13.4608 -38.0232 31.7610 -44.9355 -12.3747 -47.7287 -27.8020 3.5907 -36.0637 27.0901 -43.5034 -4.6162 -48.6625 -26.3852 -2.9064 -34.9195 23.3925 -42.3030 10.8542 -48.7650 -24.6568 -14.7283 -33.5711 19.4712 -41.0284 28.6083 -48.2132 -22.2882 -31.2093 -31.8775 14.9776 -39.4227 34.8305 -46.8658 -18.5925 -43.1406 -29.7505 9.3384 -37.4587 31.1080 -44.7665 -11.3249 -48.1108 -27.2485 0.5158 -35.0395
-25.5163 -48.7177 -4.2866 -43.6337 27.9500 -36.4720 5.9183 -28.6209 -46.2183 -15.9277 -45.9574 33.9042 -38.5332 12.5055 -30.9215 -37.8278 -20.7514 -47.6651 33.2057 -40.2962 17.3848 -32.7984 -22.7673 -23.6120 -48.5923 20.5310 -41.7099 21.4985 -34.2847 -7.8665 -25.5822 -48.7667 1.7620 -42.8607 25.2701 -35.5117 0.7684 -27.1174 -48.3427 -8.9524 -44.1388 28.8870 -36.6080 5.8730 -28.4401 -46.8517 -14.5051 -45.4360 32.7095 -38.1138 12.2545 -31.9455 -13.7261 -28.9998 -15.8503 -31.5997 11.1318 -37.7097 31.5969 -45.0018 -12.8743 -47.5432 -27.9669 4.2218 -36.2037 27.5478 -43.6617 -5.7982 -48.6104 -26.5501 -2.0564 -35.0368 23.7299 -42.3966 9.3601 -48.7751 -24.7720 -13.9856 -33.6286 19.5876 -41.0545 28.4914 -48.2132 -22.2621 -31.4795 -31.8295 14.8170 -39.3521 34.8296 -46.7738 -18.3156 -43.6253 -29.6011 8.8961 -37.3149 30.6536 -44.5962 -10.4826 -48.2593 -27.0561 -0.6344
-48.7687 -2.7293 -43.4540 27.4442 -36.3179 5.3234 -28.4480 -46.5412 -15.4817 -45.8270 33.6688 -38.4260 12.2298 -30.8287 -38.2818 -20.6395 -47.6327 33.3077 -40.2826 17.3848 -32.8131 -22.4610 -23.6765 -48.6124 19.6316 -41.7825 21.7554 -34.3823 -6.9436 -25.7313 -48.7617 0.2527 -42.9909 25.6831 -35.6433 1.5183 -27.2906 -48.2212 -9.8606 -44.3065 29.3683 -36.7581 6.4477 -28.6161 -46.5457 -15.0127 -45.5635 32.9067 -38.0928 11.6027 -31.1757 -29.6241 -25.5564 -45.7555 -25.1778 -33.4103 -30.6308 10.2079 -37.6465 31.7593 -45.1195 -13.4308 -47.3274 -28.1305 4.8109 -36.3389 27.9795 -43.8079 -6.8016 -48.5522 -26.6959 -1.3457 -35.1386 24.0191 -42.4756 8.1722 -48.7805 -24.8508 -13.5362 -33.6574 19.6264 -41.0545 28.6083 -48.1963 -22.1875 -31.9896 -31.7525 14.5853 -39.2572 34.7988 -46.6625 -17.9875 -44.1283 -29.4375 8.4106 -37.1639 30.1721 -44.4214 -9.5656 -48.3860 -26.4234
-4.0385 -43.2729 26.9326 -36.1628 4.6853 -28.2675 -46.8536 -14.9738 -45.6819 33.3787 -38.3019 11.8935 -30.7101 -38.8705 -20.4745 -47.5798 33.4958 -40.2427 17.3080 -32.7984 -22.4610 -23.6979 -48.6221 19.0678 -41.8330 21.9532 -34.4615 -6.2048 -25.8570 -48.7518 -0.9960 -43.1193 26.0601 -35.7637 2.1762 -27.4498 -48.0882 -10.6618 -44.4664 29.8297 -36.9041 6.9909 -28.7909 -46.2055 -15.5133 -45.7083 33.1987 -38.1748 11.6135 -30.9667 -34.2787 -23.6821 -48.6849 -18.1383 -48.7640 -22.5234 -39.1449 -30.2206 10.0073 -37.6965 32.0513 -45.2555 -13.9718 -47.0928 -28.2881 5.3454 -36.4646 28.3769 -43.9409 -7.6355 -48.4920 -26.8208 -0.7675 -35.2229 24.2549 -42.5354 7.3551 -48.7826 -24.8901 -13.3873 -33.6574 19.5876 -41.0284 28.9441 -48.1629 -22.0663 -32.7034 -31.6484 14.2899 -39.1424 34.7247 -46.5355 -17.6138 -44.6319 -29.2637 7.8895 -37.0086 29.6779 -44.2445 -8.5605 -48.5395
-43.1613 26.4222 -36.0085 4.0109 -28.0826 -47.1462 -14.4159 -45.5255 33.0400 -38.1651 11.5107 -30.5713 -39.5566 -20.2595 -47.5059 33.7483 -40.1770 17.1571 -32.7544 -22.7673 -23.6765 -48.6221 18.8779 -41.8583 22.0742 -34.5168 -5.6517 -25.9580 -48.7392 -2.0002 -43.2309 26.3932 -35.8703 2.7415 -27.5936 -47.9495 -11.3587 -44.6166 30.2627 -37.0446 7.5016 -28.9607 -45.8397 -15.9944 -45.8557 33.5043 -38.2938 11.8815 -31.0127 -34.6633 -23.2733 -48.7647 -13.0885 -47.4419 -8.4124 -48.3906 -20.9615 -41.0410 -30.0934 10.1351 -37.7928 32.3795 -45.3933 -14.4741 -46.8494 -28.4358 5.8234 -36.5787 28.7297 -44.0585 -8.3147 -48.4337 -26.9241 -0.3167 -35.2870 24.4208 -42.5719 6.9499 -48.7831 -24.8901 -13.5362 -33.6286 19.4712 -40.9765 29.4724 -48.1122 -21.8985 -33.5833 -31.5221 13.9452 -39.0119 34.5991 -46.3950 -17.1991 -45.1185 -29.0829 7.3420 -36.8515 29.1790 -44.0666 -9.1714
26.0997 -35.8473 3.3024 -27.8967 -47.4096 -13.8073 -45.3608 32.6600 -38.0181 11.0925 -30.4165 -40.2890 -20.0021 -47.4146 34.0267 -40.0882 16.9344 -32.6813 -23.3763 -23.6120 -48.6124 19.0678 -41.8583 22.1146 -34.5445 -5.3181 -26.0289 -48.7268 -2.7744 -43.3243 26.6800 -35.9634 3.2239 -27.7212 -47.8114 -11.9550 -44.7549 30.6603 -37.1780 7.9754 -29.1232 -45.4513 -16.4423 -46.0000 33.7906 -38.4172 12.2013 -31.1190 -33.7970 -23.5673 -48.7631 -14.0936 -47.3374 5.5782 -45.7027 8.1876 -47.9085 -20.0747 -41.6521 -30.0999 10.4047 -37.9053 32.7036 -45.5257 -14.9283 -46.6016 -28.5694 6.2363 -36.6794 29.0340 -44.1579 -8.8534 -48.3817 -27.0032 -0.0081 -35.3268 24.5045 -42.5840 6.9499 -48.7826 -24.8508 -13.9856 -33.5711 19.2793 -40.8994 30.1391 -48.0459 -21.6926 -34.5674 -31.3784 13.5602 -38.8701 34.4178 -46.2447 -16.7482 -45.5756 -28.8991 6.7775 -36.6949 28.6732 -43.9386
-35.4287 2.5502 -27.7103 -47.6439 -13.1506 -45.1916 32.2445 -37.8642 10.6385 -30.2498 -41.0403 -19.7064 -47.3086 34.2937 -39.9803 16.6548 -32.5836 -24.2526 -23.5059 -48.5923 19.6316 -41.8330 22.0742 -34.5445 -5.2082 -26.0647 -48.7179 -3.3015 -43.3963 26.9143 -36.0427 3.6236 -27.8316 -47.6774 -12.4591 -44.8788 31.0204 -37.3018 8.4075 -29.2766 -45.0480 -16.8551 -46.1388 34.0435 -38.5366 12.4903 -31.1863 -33.2185 -23.8556 -48.6689 -17.2595 -48.4011 -11.4190 -46.8351 29.7151 -44.0221 25.5183 -47.5423 -19.6088 -41.6998 -30.1717 10.7277 -38.0218 33.0044 -45.6495 -15.3234 -46.3633 -28.6866 6.5830 -36.7653 29.2901 -44.2393 -9.2535 -48.3424 -27.0524 0.1468 -35.3401 24.5045 -42.5719 7.3551 -48.7805 -24.7720 -14.7283 -33.4870 19.0224 -40.8020 30.8753 -47.9661 -21.4539 -35.6224 -31.2198 13.1419 -38.7192 34.1823 -46.0881 -16.2675 -45.9944 -28.7154 6.1937 -36.5309 28.3024
1.5945 -27.5251 -47.8523 -12.4474 -45.0215 31.8050 -37.7069 10.1606 -30.0752 -41.7847 -19.3807 -47.1891 34.5245 -39.8575 16.3295 -32.4660 -25.3343 -23.3628 -48.5614 20.5310 -41.7825 21.9532 -34.5168 -5.3181 -26.0647 -48.7147 -3.5638 -43.4416 27.0808 -36.1040 3.9413 -27.9246 -47.5552 -12.8780 -44.9875 31.3355 -37.4136 8.7965 -29.4184 -44.6418 -17.2311 -46.2707 34.2609 -38.6529 12.7471 -31.2003 -33.5803 -23.7213 -48.6225 -19.1766 -48.7434 -20.2926 -48.6646 -15.4055 -44.1415 32.6873 -42.0522 32.6276 -47.2979 -19.4611 -41.4375 -30.2763 11.0590 -38.1344 33.2697 -45.7602 -15.6592 -46.1454 -28.7866 6.8704 -36.8361 29.4885 -44.2977 -9.4987 -48.3214 -27.0688 0.1468 -35.3268 24.4208 -42.5354 8.1722 -48.7751 -24.6568 -15.7354 -33.3813 18.7144 -40.6900 31.6237 -47.8723 -21.1853 -36.6950 -31.0514 12.7044 -38.5637 33.8985 -45.9272 -15.7633 -46.3737 -28.5313 5.5859 -36.1262
-26.9060 -48.0360 -11.6910 -44.8499 31.3484 -37.5495 9.6730 -29.8956 -42.5010 -19.0273 -47.0594 34.6978 -39.7225 15.9647 -32.3312 -26.5752 -23.1883 -48.5199 21.6825 -41.7099 21.7554 -34.4615 -5.6517 -26.0289 -48.7179 -3.5638 -43.4567 27.1662 -36.1428 4.1670 -27.9973 -47.4500 -13.2159 -45.0797 31.6025 -37.5119 9.1384 -29.5467 -44.2419 -17.5662 -46.3931 34.4411 -38.7665 13.0006 -31.1966 -34.5611 -23.1027 -48.7574 -18.5373 -48.4311 -23.8464 -40.8528 -27.1410 -43.2107 31.8447 -38.0913 22.5577 -40.5702 34.2459 -47.2122 -19.5279 -41.0053 -30.3909 11.3743 -38.2375 33.4926 -45.8552 -15.9374 -45.9521 -28.8678 7.0916 -36.8868 29.6136 -44.3273 -9.5793 -48.3214 -27.0524 -0.0081 -35.2870 24.2549 -42.4756 9.3601 -48.7650 -24.5118 -16.9620 -33.2582 18.3660 -40.5630 32.3414 -47.7666 -20.8938 -37.7475 -30.8764 12.2514 -38.4069 33.5752 -45.7638 -15.2320 -46.7167 -28.3480 4.8742
-48.2621 -10.8741 -44.6762 30.8765 -37.3923 9.1739 -29.7139 -43.1765 -18.6498 -46.9207 34.8021 -39.5772 15.5688 -32.1809 -27.9292 -22.9852 -48.4679 23.0019 -41.6189 21.4985 -34.3823 -6.2048 -25.9580 -48.7268 -3.3015 -43.4416 27.1662 -36.1558 4.2809 -28.0436 -47.3694 -13.4719 -45.1542 31.8216 -37.5950 9.4268 -29.6593 -43.8620 -17.8612 -46.5047 34.5833 -38.8779 13.2707 -31.2172 -35.3916 -22.2882 -48.6319 -13.4515 -48.7435 -24.5681 -30.4339 -30.7775 11.2323 -38.9686 -25.8812 1.3144 -34.0189 17.8156 -40.0003 34.4965 -47.2302 -19.6933 -40.5075 -30.5008 11.6562 -38.3282 33.6722 -45.9345 -16.1574 -45.7955 -28.9263 7.2312 -36.9130 29.6553 -44.3273 -9.4987 -48.3424 -27.0032 -0.3167 -35.2229 24.0191 -42.3966 10.8542 -48.7493 -24.3411 -18.3712 -33.1186 17.9806 -40.4235 32.9942 -47.6509 -20.5812 -38.7638 -30.6972 11.7882 -38.2483 33.2186 -45.5984 -14.6676 -47.0266 -27.7529
-11.2462 -44.5008 30.3938 -37.2359 8.6613 -29.5313 -43.7977 -18.2550 -46.7745 34.8330 -39.4254 15.1497 -32.0194 -29.3456 -22.7568 -48.4054 24.4165 -41.5126 21.1933 -34.2847 -6.9436 -25.8570 -48.7392 -2.7744 -43.3963 27.0808 -36.1428 4.2809 -28.0591 -47.3265 -13.6323 -45.2080 31.9901 -37.6625 9.6640 -29.7545 -43.5187 -18.1148 -46.6029 34.6879 -38.9851 13.5532 -31.2792 -35.6255 -21.6961 -48.2577 4.1347 -46.3879 -15.1467 -27.2144 -31.3267 7.4536 -36.6337 33.3214 -49.0286 -25.4973 -15.4175 -32.8771 16.5467 -39.8645 34.4757 -47.2886 -19.8819 -40.0104 -30.5995 11.8971 -38.4036 33.8111 -45.9959 -16.3138 -45.6924 -28.9570 7.2779 -36.9130 29.6136 -44.2977 -9.2535 -48.3817 -26.9241 -0.7675 -35.1386 23.7299 -42.3030 12.6032 -48.7256 -24.1469 -19.9403 -32.9660 17.5659 -40.2763 33.5551 -47.5273 -20.2503 -39.7217 -30.5163 11.3209 -38.0897 32.8340 -45.4314 -14.0678 -47.4151
-44.3638 29.9027 -37.0798 8.1347 -29.3484 -44.3678 -17.8418 -46.6248 34.7919 -39.2691 14.7144 -31.8503 -30.7759 -22.5083 -48.3318 25.8599 -41.3940 20.8456 -34.1700 -7.8665 -25.7313 -48.7518 -2.0044 -43.3243 26.9143 -36.1040 4.1670 -28.0436 -47.3265 -13.6861 -45.2364 32.0973 -37.7120 9.8498 -29.8318 -43.2231 -18.3246 -46.6871 34.7581 -39.0831 13.8294 -31.3691 -35.3277 -21.4864 -48.0331 25.7109 -42.5580 31.4822 -40.3612 -31.2395 11.6443 -35.0369 17.8435 -40.7871 10.4597 -48.7975 -24.1644 -23.2245 -32.5100 16.2658 -39.8731 34.3687 -47.3553 -20.0597 -39.5506 -30.6833 12.0933 -38.4626 33.9084 -46.0350 -16.3955 -45.6565 -28.9570 7.2312 -36.8868 29.4885 -44.2393 -8.8534 -48.4337 -26.8208 -1.3457 -35.0368 23.3925 -42.1953 14.5430 -48.6921 -23.9305 -21.6256 -32.8035 17.1352 -40.1238 34.0130 -47.3980 -19.9081 -40.6125 -30.3351 10.8477 -37.9313 32.4252 -45.2629 -14.1406
29.4944 -36.9135 7.5938 -29.1656 -44.8923 -17.4101 -46.4724 34.6853 -39.1103 14.2680 -31.6750 -32.1945 -22.2409 -48.2480 27.2752 -41.2628 20.4614 -34.0399 -8.9759 -25.5822 -48.7617 -1.0019 -43.2312 26.6830 -36.0427 3.9414 -27.9973 -47.3694 -13.6323 -45.2364 32.1339 -37.7384 9.9690 -29.8886 -42.9812 -18.4909 -46.7563 34.8006 -39.1686 14.0852 -31.4667 -34.7548 -21.5161 -47.9619 30.1126 -41.2923 22.6337 -35.6514 2.1876 25.8446 -39.2903 16.4521 -36.3109 23.4594 -42.3551 12.8089 -48.6503 -23.5146 -25.6176 -32.4252 16.3120 -39.9275 34.2244 -47.4175 -20.2118 -39.1592 -30.7488 12.2365 -38.5015 33.9586 -46.0484 -16.3955 -45.6924 -28.9263 7.0916 -36.8361 29.2901 -44.1579 -8.3130 -48.4921 -26.6958 -2.0565 -34.9195 23.0127 -42.0733 16.6344 -48.6486 -23.6961 -23.3688 -32.6331 16.6942 -39.9681 34.3640 -47.2631 -19.5554 -41.4370 -30.1540 10.3692 -37.7735 31.9915 -45.1146
-36.5158 7.0370 -28.9825 -45.3713 -16.9595 -46.3179 34.5191 -38.9520 13.8204 -31.4970 -33.5754 -21.9575 -48.1548 28.6120 -41.1225 20.0468 -33.8965 -10.2586 -25.4118 -48.7667 0.2511 -43.1198 26.3982 -35.9639 3.6237 -27.9246 -47.4500 -13.4719 -45.2080 32.0973 -37.7384 10.0101 -29.9190 -42.8170 -18.6125 -46.8092 34.8223 -39.2405 14.3077 -31.5583 -34.0957 -21.6349 -47.9758 30.9041 -40.8887 19.9718 -34.3156 -3.3152 -25.5237 -46.5678 28.6449 -36.4986 13.0278 -36.3446 24.6669 -42.2508 17.6858 -48.5586 -23.2811 -26.0417 -32.4451 16.4642 -39.9918 34.0731 -47.4698 -20.3300 -38.8642 -30.7917 12.3132 -38.5148 33.9586 -46.0350 -16.3138 -45.7955 -28.8678 6.8704 -36.7653 29.0322 -44.0581 -7.6324 -48.5523 -26.5499 -2.9065 -34.7883 22.5992 -41.9412 18.7750 -48.5954 -23.4480 -25.1102 -32.4589 16.2472 -39.8107 34.6106 -47.1245 -19.1918 -42.1974 -29.9726 9.8830 -37.6049 31.4748
6.4169 -28.7991 -45.8089 -16.4879 -46.1611 34.2998 -38.7940 13.3724 -31.3183 -34.8775 -21.6650 -48.0524 29.8389 -40.9759 19.6166 -33.7430 -11.7187 -25.2229 -48.7726 1.7618 -42.9912 26.0623 -35.8709 3.2283 -27.8316 -47.5552 -13.2159 -45.1542 31.9901 -37.7120 9.9690 -29.9190 -42.7599 -18.6772 -46.8444 34.8306 -39.2960 14.4855 -31.6368 -33.4701 -21.7720 -48.0182 30.8037 -40.7978 19.1469 -33.7363 -9.5420 -25.7061 -48.8952 29.0294 -39.4423 14.2073 -33.7326 9.3692 -35.9409 23.8485 -42.0281 20.1538 -48.5260 -23.2530 -25.7245 -32.4997 16.6300 -40.0501 33.9372 -47.5074 -20.4074 -38.7006 -30.8068 12.3132 -38.5015 33.9084 -45.9959 -16.1574 -45.9521 -28.7866 6.5830 -36.6793 28.7277 -43.9405 -6.8000 -48.6104 -26.3852 -3.8948 -34.6440 22.1617 -41.8011 20.8912 -48.5318 -23.1890 -26.8176 -32.2834 15.7988 -39.6528 34.7625 -46.9821 -18.8160 -42.8983 -29.7903 9.3826 -37.2241
-28.2174 -46.2048 -15.9960 -46.0013 34.0347 -38.6370 12.9201 -31.1397 -36.0874 -21.3641 -47.9437 30.9194 -40.8226 19.1710 -33.5822 -13.3174 -25.0181 -48.7807 3.5155 -42.8599 25.6832 -35.7638 2.7467 -27.7217 -47.6774 -12.8780 -45.0797 31.8216 -37.6625 9.8498 -29.8886 -42.8170 -18.6772 -46.8568 34.8325 -39.3321 14.6144 -31.6968 -32.9473 -21.8971 -48.0643 30.4178 -40.8212 19.0077 -33.5466 -12.9504 -25.2921 -48.7716 2.9368 -42.0583 20.3162 -34.1012 1.1349 -31.7244 6.2925 -35.5325 23.1547 -41.9110 20.8067 -48.5298 -23.3098 -25.1802 -32.5582 16.7705 -40.0931 33.8376 -47.5277 -20.4351 -38.7005 -30.7917 12.2365 -38.4626 33.8111 -45.9345 -15.9374 -46.1454 -28.6866 6.2347 -36.5784 28.3767 -43.8079 -5.7980 -48.6628 -26.2035 -5.0168 -34.4907 21.7034 -41.6534 22.9093 -48.4595 -22.9216 -28.4790 -32.1069 15.3509 -39.4940 34.8285 -46.8367 -18.4249 -43.5419 -29.6086 8.8770
-46.7033 -15.4817 -45.8407 33.7331 -38.4807 12.4679 -30.9625 -37.2175 -21.0565 -47.8311 31.8475 -40.6681 18.7193 -33.4148 -15.0300 -24.8004 -48.7817 5.5162 -42.7346 25.2719 -35.6435 2.1774 -27.5941 -47.8110 -12.4617 -44.9875 31.6026 -37.5950 9.6644 -29.8320 -42.9794 -18.6127 -46.8444 34.8325 -39.3457 14.6853 -31.7360 -32.5580 -21.9961 -48.1048 29.9418 -40.8832 19.1334 -33.5467 -13.7573 -25.1045 -48.7658 -0.0942 -43.1511 25.5941 -35.5718 3.3166 -30.2514 -19.6023 -30.4536 4.3172 -35.3281 22.9007 -41.8960 20.5177 -48.5473 -23.3886 -24.6563 -32.6048 16.8677 -40.1165 33.7999 -47.5281 -20.4080 -38.8642 -30.7481 12.0926 -38.4033 33.6722 -45.8551 -15.6592 -46.3655 -28.5689 5.8215 -36.4642 27.9794 -43.6612 -4.6148 -48.7064 -26.0090 -6.2739 -34.3311 21.2354 -41.5023 24.7714 -48.3798 -22.6477 -30.0680 -31.9291 14.9038 -39.3352 34.8177 -46.6883 -18.0174 -44.1356 -29.0466
-15.4448 -45.6787 33.3973 -38.3250 12.0153 -30.7852 -38.2674 -20.7431 -47.7141 32.6251 -40.5151 18.2711 -33.2451 -16.8323 -24.5724 -48.7724 7.7340 -42.6057 24.8336 -35.5136 1.5251 -27.4504 -47.9488 -11.9578 -44.8790 31.3356 -37.5120 9.4275 -29.7549 -43.2201 -18.4931 -46.8101 34.8308 -39.3327 14.6870 -31.7513 -32.3364 -22.0632 -48.1350 29.4828 -40.9550 19.3634 -33.6360 -13.0326 -25.1770 -48.7668 -1.3776 -43.5742 28.5049 -36.9012 8.5231 -30.9661 -26.5974 -27.7872 -30.9887 -29.9403 3.6834 -35.3041 22.9704 -41.9389 19.8346 -48.5670 -23.4604 -24.2629 -32.6324 16.9064 -40.1183 33.8336 -47.5082 -20.3295 -39.1623 -30.6820 11.8958 -38.3278 33.4923 -45.7600 -15.3230 -46.6038 -28.4350 5.3447 -36.3386 27.5472 -43.5022 -3.2428 -48.7389 -25.8028 -7.6706 -34.1659 20.7677 -41.3509 26.4724 -48.2922 -22.3678 -31.5765 -31.7511 14.4566 -39.1767 34.7377 -46.5375 -17.5939 -44.8922
-45.5286 33.0300 -38.1700 11.5584 -30.6080 -39.2426 -20.4213 -47.5924 33.2643 -40.3624 17.8259 -33.0757 -18.6555 -24.3373 -48.7521 10.0787 -42.4719 24.3761 -35.3747 0.7898 -27.2939 -48.0861 -11.3622 -44.7554 31.0211 -37.4140 9.1391 -29.6600 -43.5143 -18.3286 -46.7580 34.8229 -39.2968 14.6219 -31.7406 -32.3015 -22.0950 -48.1542 29.0950 -41.0261 19.6379 -33.7746 -11.4241 -25.4495 -48.7591 -4.1145 -44.0217 30.6165 -37.9993 12.9775 -32.6468 -11.2321 -28.4203 -38.0070 -26.9656 -32.5081 -29.9755 4.0218 -35.3897 23.2122 -42.0071 19.0370 -48.5834 -23.5124 -24.0523 -32.6382 16.8824 -40.0979 33.9295 -47.4702 -20.2105 -39.5566 -30.5978 11.6545 -38.2364 33.2687 -45.6490 -14.9267 -46.8506 -28.2874 4.8076 -36.2028 27.0863 -43.3354 -1.6599 -48.7594 -25.5862 -9.1829 -33.9972 20.2975 -41.1980 27.9898 -48.1975 -22.0823 -32.9994 -31.5728 14.0096 -39.0185 34.5956 -46.3832 -17.3886
32.4426 -38.0049 11.1039 -30.4338 -40.1427 -20.0946 -47.4679 33.7778 -40.2104 17.3895 -32.9070 -20.4616 -24.1005 -48.7209 12.4768 -42.3350 23.9149 -35.2298 -0.0248 -27.1257 -48.2165 -10.6808 -44.6190 30.6661 -37.3029 8.7995 -29.5484 -43.8572 -18.1203 -46.6900 34.8021 -39.2436 14.4988 -31.7044 -32.4687 -22.0892 -48.1626 28.7965 -41.0960 19.9546 -33.9587 -9.1534 -25.8978 -48.6818 -8.0408 -44.7032 33.0152 -39.2079 17.4240 -34.5921 4.3225 -30.9898 -21.1488 -28.0659 -37.1148 -27.3714 -29.7330 -30.2769 4.7958 -35.5256 23.5258 -42.0832 18.2802 -48.5943 -23.5406 -24.0615 -32.6220 16.7989 -40.0558 34.0679 -47.4174 -20.0551 -40.0217 -30.4958 11.3672 -38.1312 33.0001 -45.5236 -14.4676 -47.0974 -28.1276 4.2129 -36.0605 26.6069 -43.1610 0.1370 -48.7668 -25.3628 -10.7950 -33.8276 19.8296 -41.0437 29.3242 -48.0965 -21.7912 -34.3366 -31.3936 13.5618 -38.8604 34.3964 -46.2249
-37.6462 10.6611 -30.2673 -40.9438 -19.7714 -47.3440 34.1644 -40.0634 16.9687 -32.7448 -22.1979 -23.8671 -48.6818 14.8099 -42.1963 23.4573 -35.0835 -0.8999 -26.9495 -48.3352 -9.9130 -44.4735 30.2769 -37.1823 8.4196 -29.4223 -44.2333 -17.8709 -46.6063 34.7609 -39.1739 14.3239 -31.6463 -32.8336 -22.0414 -48.1571 28.6290 -41.1630 20.3197 -34.1960 -6.2252 -26.5574 -48.3734 -12.3194 -45.6632 34.9279 -40.7391 22.8511 -36.8240 13.1870 -33.9890 4.5336 -31.4913 -11.7988 -29.1253 -30.6280 -28.2271 -24.9932 -30.6526 5.6740 -35.6825 23.8758 -42.1631 17.5776 -48.5994 -23.5458 -24.2560 -32.5879 16.6639 -39.9968 34.2286 -47.3517 -19.8645 -40.5497 -30.3786 11.0368 -38.0141 32.6874 -45.3868 -13.9484 -47.3359 -27.9587 3.5624 -35.9131 26.1148 -42.9813 2.1329 -48.7746 -25.1353 -12.4975 -33.6582 19.3678 -40.8884 30.4774 -47.9905 -21.4923 -35.5841 -31.2149 13.1103 -38.6880 33.5906
10.2789 -30.1159 -41.6281 -19.4691 -47.2274 34.4352 -39.9304 16.5853 -32.5985 -23.7509 -23.6496 -48.6373 16.9336 -42.0656 23.0196 -34.9398 -1.8100 -26.7730 -48.4377 -9.0642 -44.3225 29.8651 -37.0553 8.0048 -29.2857 -44.6210 -17.5842 -46.5100 34.6935 -39.0894 14.1062 -31.5709 -33.3452 -21.9538 -48.1357 28.6548 -41.2161 20.7194 -34.4884 -2.7445 -27.4972 -47.3623 -16.5222 -46.8516 30.6694 -42.6501 29.8014 -39.4115 21.6081 -37.2497 16.1497 -35.3930 10.2459 -33.1020 -0.1049 -30.4250 -21.2477 -29.0465 -19.9028 -31.0217 6.5793 -35.8624 24.2859 -42.2550 16.8087 -48.6010 -23.5397 -24.5731 -32.5399 16.4921 -39.9263 34.3914 -47.2744 -19.6465 -41.1160 -30.2493 10.6742 -37.8876 32.3369 -45.2399 -13.3714 -47.5620 -27.7836 2.8586 -35.7633 25.6148 -42.8215 4.2975 -48.7825 -24.9067 -14.2575 -33.4876 18.9131 -40.7348 31.4693 -47.8800 -21.1881 -36.7469 -31.0378 12.6587 -38.3402
-29.6319 -42.1421 -19.2227 -47.1319 34.5995 -39.8260 16.2834 -32.4860 -24.9479 -23.4773 -48.5941 18.6173 -41.9547 22.6419 -34.8106 -2.7002 -26.6066 -48.5206 -8.1723 -44.1724 29.4477 -36.9258 7.5678 -29.1433 -45.0037 -17.2678 -46.4051 34.5967 -38.9961 13.8606 -31.4820 -33.9492 -21.8349 -48.1006 28.9374 -41.2349 21.0721 -34.8071 0.9331 -28.7716 -44.1609 -20.6141 -48.2422 3.0993 -44.8365 34.9618 -42.2669 31.2797 -40.7181 27.5558 -39.5406 23.2007 -37.6867 16.1726 -34.7740 5.9612 -31.4273 -13.4313 -29.6724 -15.2007 -31.4005 7.6133 -36.1010 24.8656 -42.3871 15.6431 -48.6028 -23.5420 -24.9174 -32.4866 16.3024 -39.8481 34.5361 -47.1895 -19.4084 -41.6805 -30.1125 10.2850 -37.7542 31.9557 -45.0851 -12.7349 -47.7696 -27.6039 2.1053 -35.6120 25.1185 -42.6808 6.5894 -48.7776 -24.6755 -16.0529 -33.3178 18.4640 -40.5820 32.3071 -47.7648 -20.8785 -37.8282 -30.8611 12.2722
-42.6247 -19.1217 -47.0877 34.6590 -39.7849 16.1582 -32.4525 -25.4042 -23.4189 -48.5695 19.3832 -41.8961 22.4073 -34.7214 -3.4173 -26.4693 -48.5810 -7.3192 -44.0333 29.0449 -36.8005 7.1234 -29.0006 -45.3638 -16.9376 -46.2965 34.4753 -38.9010 13.6094 -31.3909 -34.5796 -21.6976 -48.0554 29.4532 -41.1961 21.1908 -35.0596 4.1693 -30.3117 -34.0690 -24.7270 -48.4810 -16.0480 -47.4622 10.0073 -45.2008 32.0776 -44.0408 34.4981 -43.5697 34.9051 -42.5154 31.6900 -39.9589 21.1150 -35.9530 8.7943 -32.0217 -8.7890 -30.1761 -10.3444 -31.8897 9.0611 -36.4872 25.8559 -42.6216 13.4003 -48.6088 -23.5812 -25.1699 -32.4401 16.1221 -39.7752 34.6464 -47.1068 -19.1703 -42.2227 -29.9726 9.8754 -37.6168 31.5490 -44.9262 -12.0406 -47.9552 -27.4233 1.3066 -35.4604 24.6308 -42.5395 8.9594 -48.7618 -24.4418 -17.8561 -33.1506 18.0208 -40.4297 33.0004 -47.6457 -20.5641 -38.8261 -30.3312
-19.3733 -47.1618 34.5471 -39.8851 16.4229 -32.5871 -24.2627 -23.6189 -48.5899 18.0080 -41.9713 22.5181 -34.7293 -3.6190 -26.4065 -48.6141 -6.6587 -43.9218 28.6983 -36.6875 6.6985 -28.8663 -45.6852 -16.6144 -46.1947 34.3487 -38.8197 13.3979 -31.3196 -35.1063 -21.5762 -48.0089 30.0461 -41.1008 20.9298 -35.0895 5.9354 -31.7395 -10.7707 -28.8149 -39.2854 -24.0105 -48.5224 -16.9395 -48.0751 -7.0021 -47.0945 -1.1522 -47.0563 -2.4721 -46.9803 7.4583 -45.4563 34.5664 -41.4881 23.9208 -36.4591 9.7508 -32.3348 -5.4458 -30.7677 -4.2445 -32.6496 11.3945 -37.1852 27.6870 -43.0496 9.1487 -48.6159 -23.6864 -25.1589 -32.4234 16.0220 -39.7377 34.7042 -47.0430 -18.9582 -42.7197 -29.8329 9.4546 -37.4777 31.1249 -44.7658 -11.3050 -48.1166 -27.2436 0.4846 -35.3118 24.1579 -42.4026 11.3246 -48.7359 -24.2116 -19.6243 -32.9865 17.5906 -40.2811 33.5552 -47.5259 -20.2486 -40.0913
-47.4437 33.6709 -40.2878 17.5236 -33.0557 -19.6649 -24.3231 -48.6915 11.0900 -42.3648 23.4679 -34.9557 -2.6226 -26.5076 -48.6053 -6.5132 -43.8680 28.4766 -36.6030 6.3431 -28.7504 -45.9528 -16.3246 -46.1122 34.2576 -38.7829 13.3278 -31.3162 -35.2297 -21.5412 -47.9846 30.4423 -40.9930 20.3831 -34.8221 5.1881 -32.2381 3.5948 -32.4593 -1.1591 -29.9239 -32.0076 -25.4677 -47.3657 -20.5536 -48.7627 -18.2676 -48.7668 -19.5201 -48.6316 -20.2486 -48.7876 -15.9742 -47.4513 30.1601 -41.9457 24.1277 -36.4888 10.1226 -32.6402 -1.1316 -31.6936 2.9750 -33.9380 15.2825 -38.4421 30.8569 -43.7581 2.6149 -48.6595 -23.8765 -24.5061 -32.4999 16.2055 -39.8118 34.6770 -47.0195 -18.7920 -43.1540 -29.6995 9.0376 -37.3436 30.7097 -44.6121 -10.5569 -48.2490 -27.0732 -0.3348 -35.1715 23.7201 -42.2735 13.5513 -48.7024 -23.9929 -21.2788 -32.8338 17.1900 -40.1417 33.9700 -47.4097 -19.9007
23.9462 -41.2466 20.3065 -34.0815 -8.9382 -25.8587 -48.7415 -3.8218 -43.5596 26.5064 -35.6480 0.4414 -26.9152 -48.5029 -7.3373 -43.9170 28.4718 -36.5685 6.1215 -28.6650 -46.1517 -16.0952 -46.0581 34.2521 -38.8402 13.6147 -31.4959 -34.2195 -21.7532 -48.0312 30.1949 -40.9576 19.9021 -34.3920 1.5172 -31.0737 2.3608 -35.2063 15.0489 -35.2166 8.0482 -31.5394 -18.0095 -27.5802 -42.4175 -24.6801 -45.3490 -25.1144 -41.2518 -26.8812 -34.1205 -26.8673 -43.7425 -20.1353 -47.6969 31.9737 -41.4350 22.7230 -36.3484 10.6257 -33.2896 4.8676 -33.2808 10.5905 -36.1657 21.8428 -40.5068 34.6123 -44.8007 -4.0707 -48.7285 -24.1921 -22.0226 -32.8519 17.2426 -40.1831 34.4449 -47.0396 -18.6749 -43.5131 -29.5840 8.6685 -37.2295 30.3521 -44.4803 -9.8756 -48.3467 -26.9317 -1.0640 -35.0540 23.3523 -42.1654 15.3975 -48.6664 -23.8091 -22.6461 -32.7090 16.8584 -40.0269 34.2506 -47.2898
