-20.3521 -47.5026 32.1591 -39.7400 16.1481 -31.8546 -30.0018 -22.2274 -48.2051 25.0871 -40.8275 19.2280 -33.0598 -17.9648 -23.9054 -48.6830 10.4972 -41.9372 22.4949 -34.2438 -6.3298 -25.4312 -48.7747 -3.4456 -43.0912 25.8975 -35.3668 1.2574 -26.8291 -48.3156 -10.9345 -44.2950 29.3023 -36.4523 6.1737 -28.1418 -46.8368 -15.2319 -45.4546 32.2714 -37.5556 9.9326 -29.4310 -43.7390 -18.2004 -46.5553 33.8164 -38.7535 13.6923 -31.1668 -31.8695 -23.4856 -48.7219 -18.3570 -48.7533 -23.0937 -34.6437 -30.7609 12.6002 -38.3591 33.5639 -46.1807 -17.2519 -45.0736 -28.9749 8.6712 -37.1601 31.3090 -45.0476 -13.9124 -47.5126 -27.6764 4.6105 -36.0624 28.1085 -43.8685 -8.7944 -48.5737 -26.3439 -1.0321 -34.9745 24.6718 -42.6544 0.7121 -48.7696 -24.9032 -10.0647 -33.8272 21.3128 -41.5438 16.3053 -48.5560 -23.3324 -22.4633 -32.6386 18.1420 -40.4509 28.2734 -47.9945 -21.7143 -32.7815
-47.5026 33.8976 -40.0005 16.4143 -32.3437 -27.8875 -22.7447 -48.3239 27.4818 -41.0690 19.5188 -33.5392 -15.4964 -24.5073 -48.7442 13.2948 -42.1043 22.7842 -34.6959 -4.6269 -26.0687 -48.7316 -2.0541 -43.2005 26.2157 -35.7860 2.2390 -27.4517 -48.1024 -10.5316 -44.4299 29.7056 -36.8503 6.8099 -28.7265 -46.3551 -15.2588 -45.6069 32.8551 -37.9278 10.3958 -29.9831 -42.8496 -18.4561 -46.7055 34.7553 -39.0488 13.7974 -31.4306 -33.8618 -22.4500 -48.5710 -4.9631 -46.5052 -3.6114 -48.4603 -21.8618 -36.6482 -31.0098 12.7036 -38.6638 34.3323 -46.3304 -17.4339 -44.3517 -29.5371 9.1815 -37.5428 31.8113 -45.1956 -13.8157 -47.1400 -28.2735 5.3406 -36.4692 28.4713 -43.9960 -8.1324 -48.4301 -26.9777 0.1568 -35.4054 24.9768 -42.7578 2.6694 -48.7700 -25.5334 -8.0190 -34.2888 21.6011 -41.7388 19.1575 -48.6421 -23.9060 -20.0309 -33.1175 18.4118 -40.6941 30.5864 -48.0814 -21.7143
32.1591 -40.0005 16.5755 -32.4455 -26.6698 -22.9637 -48.3992 26.0631 -41.2396 19.9662 -33.7088 -13.7239 -24.7428 -48.7685 10.7933 -42.2872 23.2744 -34.8649 -3.4038 -26.2800 -48.6922 -3.6791 -43.3819 26.7267 -35.9470 3.0039 -27.6365 -47.9294 -11.3783 -44.6054 30.1998 -37.0160 7.3742 -28.9092 -45.9732 -15.7932 -45.7724 33.2408 -38.0976 10.8771 -30.1637 -42.1493 -18.8404 -46.8497 34.8231 -39.2050 14.1370 -31.4979 -34.2134 -21.9137 -48.2532 16.7252 -43.7607 34.9089 -43.6174 20.4132 -48.0572 -21.2324 -37.0687 -31.0669 13.0363 -38.8176 34.5349 -46.4818 -17.8571 -43.7827 -29.7182 9.6829 -37.7117 32.2522 -45.3659 -14.4296 -46.8421 -28.4571 5.9577 -36.6331 28.9780 -44.1750 -9.1752 -48.3112 -27.1714 1.0492 -35.5677 25.4841 -42.9407 0.6089 -48.7624 -25.7518 -6.5805 -34.4560 22.0686 -41.9146 16.9835 -48.6880 -24.1214 -18.5183 -33.2437 18.6773 -40.7738 30.5864 -47.9945
-39.7400 16.4143 -32.4455 -26.2020 -23.0910 -48.4501 24.8220 -41.3615 20.3663 -33.8599 -12.1016 -24.9635 -48.7814 8.3733 -42.4309 23.7647 -35.0257 -2.2691 -26.4880 -48.6368 -5.1426 -43.5628 27.2369 -36.1021 3.7278 -27.8228 -47.7316 -12.1535 -44.7798 30.6840 -37.1732 7.9187 -29.0925 -45.5534 -16.2977 -45.9353 33.5961 -38.2556 11.3477 -30.3452 -41.3907 -19.2135 -46.9922 34.8261 -39.3544 14.5347 -31.6269 -33.6367 -21.8261 -48.1128 26.3818 -42.1540 28.1605 -39.4145 27.6995 -41.9127 29.3049 -47.8695 -21.1071 -36.6324 -31.1913 13.4346 -38.9669 34.6931 -46.6315 -18.2643 -43.1586 -29.8997 10.1754 -37.8696 32.6728 -45.5335 -15.0078 -46.5127 -28.6413 6.5519 -36.7886 29.4817 -44.3511 -10.1297 -48.1723 -27.3631 1.8828 -35.7221 25.9863 -43.1162 -1.2302 -48.7453 -25.9598 -5.3025 -34.6083 22.4988 -42.0424 15.0569 -48.7190 -24.2731 -17.6257 -33.2901 18.6773 -40.6941 28.2734
16.1481 -32.3437 -26.6698 -23.0910 -48.4678 24.0841 -41.4445 20.6724 -33.9841 -10.7426 -25.1583 -48.7837 6.1655 -42.5665 24.2380 -35.1801 -1.2383 -26.6896 -48.5647 -6.4604 -43.7427 27.7472 -36.2571 4.4163 -28.0090 -47.5069 -12.8734 -44.9529 31.1590 -37.3307 8.4496 -29.2755 -45.0920 -16.7753 -46.0963 33.9162 -38.4140 11.8129 -30.5266 -40.5668 -19.5768 -47.1320 34.7544 -39.5084 14.9566 -31.7836 -32.6026 -21.9500 -48.0975 28.9080 -41.3952 23.0770 -36.5617 14.8963 -36.4206 22.2965 -41.0823 31.4356 -47.8382 -21.2215 -35.7837 -31.3454 13.8604 -39.1204 34.7951 -46.7797 -18.6594 -42.4781 -30.0811 10.6598 -38.0268 33.0698 -45.6984 -15.5538 -46.1478 -28.8256 7.1238 -36.9448 29.9786 -44.5263 -11.0036 -48.0116 -27.5502 2.6566 -35.8729 26.4756 -43.2889 -2.8254 -48.7168 -26.1472 -4.2238 -34.7398 22.8570 -42.1389 13.7067 -48.7345 -24.3280 -17.6257 -33.2437 18.4118 -40.4509
-31.8546 -27.8875 -22.9637 -48.4501 24.0841 -41.4742 20.8387 -34.0665 -9.7665 -25.3136 -48.7780 4.2972 -42.6886 24.6752 -35.3245 -0.3225 -26.8797 -48.4780 -7.6322 -43.9192 28.2551 -36.4112 5.0729 -28.1941 -47.2538 -13.5466 -45.1248 31.6216 -37.4883 8.9672 -29.4586 -44.5857 -17.2317 -46.2553 34.1979 -38.5728 12.2747 -30.7070 -39.6741 -19.9293 -47.2696 34.5984 -39.6634 15.3920 -31.9511 -31.3225 -22.1658 -48.1470 29.2236 -41.1089 20.7980 -34.9870 6.1234 -32.1619 5.5760 -34.7358 19.8455 -40.7600 31.7487 -47.8873 -21.4425 -34.6970 -31.5134 14.2960 -39.2759 34.8331 -46.9259 -19.0426 -41.7411 -30.2626 11.1356 -38.1842 33.4395 -45.8617 -16.0715 -45.7469 -29.0095 7.6748 -37.1014 30.4647 -44.7004 -11.7986 -47.8294 -27.7297 3.3598 -36.0170 26.9391 -43.4474 -4.1481 -48.6810 -26.3048 -3.3961 -34.8372 23.0963 -42.1907 13.2166 -48.7345 -24.2731 -18.5183 -33.1175 18.1420
-30.0018 -22.7447 -48.3992 24.8220 -41.4445 20.8387 -34.0950 -9.2534 -25.4147 -48.7700 2.8751 -42.7894 25.0598 -35.4525 0.4654 -27.0546 -48.3798 -8.6521 -44.0885 28.7454 -36.5639 5.6936 -28.3780 -46.9712 -14.1764 -45.2946 32.0695 -37.6457 9.4740 -29.6414 -44.0321 -17.6694 -46.4118 34.4363 -38.7318 12.7326 -30.8871 -38.7116 -20.2699 -47.4044 34.3482 -39.8191 15.8315 -32.1226 -29.8860 -22.4172 -48.2226 28.6453 -41.0622 19.9822 -34.2231 -1.6824 -29.0357 -30.1867 -28.8808 -3.4618 -33.8924 18.9418 -40.6967 31.3858 -47.9705 -21.7078 -33.4532 -31.6869 14.7356 -39.4323 34.7982 -47.0682 -19.4130 -40.9469 -30.4439 11.6054 -38.3423 33.7765 -46.0234 -16.5620 -45.3064 -29.1924 8.2074 -37.2574 30.9359 -44.8685 -12.5095 -47.6326 -27.8995 3.9883 -36.1488 27.3543 -43.5862 -5.1687 -48.6447 -26.4207 -2.8736 -34.8892 23.1790 -42.1907 13.7067 -48.7190 -24.1214 -20.0309 -32.6386
-22.2274 -48.3239 26.0631 -41.3615 20.6724 -34.0665 -9.2534 -25.4500 -48.7667 1.9833 -42.8646 25.3653 -35.5582 1.1091 -27.2071 -48.2755 -9.5218 -44.2470 29.2081 -36.7099 6.2697 -28.5568 -46.6632 -14.7650 -45.4615 32.4969 -37.8022 9.9704 -29.8232 -43.4278 -18.0894 -46.5657 34.6246 -38.8901 13.1879 -31.0672 -37.6741 -20.6008 -47.5349 33.9922 -39.9769 16.2729 -32.2966 -28.3309 -22.6807 -48.3065 27.5823 -41.1266 19.8698 -33.9125 -7.5842 -26.9727 -46.0552 -22.7809 -46.3902 -26.6488 -10.7713 -33.5334 18.7800 -40.7530 30.6555 -48.0659 -21.9856 -32.1009 -31.8612 15.1788 -39.5884 34.6809 -47.2075 -19.7714 -40.0877 -30.6250 12.0678 -38.5004 34.0752 -46.1826 -17.0257 -44.8252 -29.3712 8.7153 -37.4076 31.3756 -45.0260 -13.1349 -47.4297 -28.0529 4.5227 -36.2625 27.6996 -43.6960 -5.8741 -48.6170 -26.4819 -2.6956 -34.8892 23.0963 -42.1389 15.0569 -48.6880 -23.9060 -22.4633
-48.2051 27.4818 -41.2396 20.3663 -33.9841 -9.7665 -25.4147 -48.7667 1.6789 -42.9094 25.5655 -35.6347 1.5936 -27.3300 -48.1743 -10.2337 -44.3892 29.6306 -36.8462 6.7944 -28.7259 -46.3362 -15.2994 -45.6231 32.8978 -37.9583 10.4527 -30.0041 -42.7720 -18.4937 -46.7165 34.7567 -39.0485 13.6406 -31.2463 -36.5602 -20.9233 -47.6613 33.5217 -40.1346 16.7192 -32.4713 -26.6954 -22.9470 -48.3892 26.1962 -41.2415 20.0772 -33.8562 -10.2645 -25.8929 -48.4197 -16.2348 -48.2571 -15.7784 -48.5703 -25.4428 -14.1496 -33.4546 18.9585 -40.8637 29.6680 -48.1633 -22.2638 -30.6504 -32.0366 15.6225 -39.7460 34.4724 -47.3436 -20.1177 -39.1580 -30.8052 12.5240 -38.6585 34.3317 -46.3379 -17.4594 -44.3192 -29.5430 9.1871 -37.5485 31.7740 -45.1702 -13.6669 -47.2322 -28.1831 4.9454 -36.3514 27.9514 -43.7678 -6.2405 -48.6067 -26.4819 -2.8736 -34.8372 22.8570 -42.0424 16.9835 -48.6421 -23.3324
25.0871 -41.0690 19.9662 -33.8599 -10.7426 -25.3136 -48.7700 1.9833 -42.9094 25.6372 -35.6754 1.8989 -27.4172 -48.0882 -10.7787 -44.5087 29.9952 -36.9694 7.2581 -28.8823 -46.0006 -15.7794 -45.7766 33.2602 -38.1114 10.9202 -30.1836 -42.0687 -18.8812 -46.8633 34.8251 -39.2061 14.0916 -31.4252 -35.3664 -21.2373 -47.7825 32.9258 -40.2917 17.1694 -32.6465 -24.9856 -23.2104 -48.4667 24.5581 -41.3776 20.4287 -33.9235 -10.6605 -25.4709 -48.7371 -9.2631 -45.9538 25.1631 -45.8058 -7.5600 -48.7671 -24.9527 -14.7805 -33.5130 19.2922 -40.9998 28.4611 -48.2580 -22.5413 -29.1116 -32.2134 16.0670 -39.9040 34.1654 -47.4759 -20.4518 -38.1594 -30.9835 12.9755 -38.8132 34.5379 -46.4849 -17.8587 -43.7987 -29.7037 9.6153 -37.6786 32.1234 -45.2960 -14.0943 -47.0593 -28.2838 5.2434 -36.4099 28.0861 -43.7935 -6.2405 -48.6170 -26.4207 -3.3961 -34.7398 22.4988 -41.9146 19.1575 -48.5560
-40.8275 19.5188 -33.7088 -12.1016 -25.1583 -48.7780 2.8751 -42.8646 25.5655 -35.6754 2.0044 -27.4629 -48.0298 -11.1476 -44.5999 30.2874 -37.0724 7.6530 -29.0226 -45.6695 -16.2043 -45.9186 33.5770 -38.2565 11.3673 -30.3564 -41.3259 -19.2487 -47.0064 34.8229 -39.3628 14.5389 -31.6039 -34.0941 -21.5440 -47.8990 32.1944 -40.4476 17.6218 -32.8211 -23.1971 -23.4696 -48.5375 22.7071 -41.5223 20.8487 -34.0479 -9.9349 -25.3986 -48.7659 -3.3903 -44.3394 34.1905 -41.6034 33.9293 -44.0561 0.1797 -48.7579 -24.8529 -14.0730 -33.6332 19.6985 -41.1459 27.0476 -48.3465 -22.8155 -27.4968 -32.3900 16.5143 -40.0615 33.7517 -47.6036 -20.7748 -37.1031 -31.1569 13.4083 -38.9620 34.6875 -46.6207 -18.2186 -43.2794 -29.8499 9.9937 -37.7915 32.4061 -45.3959 -14.4096 -46.9300 -28.3481 5.3984 -36.4311 28.0861 -43.7678 -5.8741 -48.6447 -26.3048 -4.2238 -34.6083 22.0686 -41.7388 16.3053
19.2280 -33.5392 -13.7239 -24.9635 -48.7837 4.2972 -42.7894 25.3653 -35.6347 1.8989 -27.4629 -48.0085 -11.3349 -44.6581 30.4937 -37.1507 7.9664 -29.1406 -45.3579 -16.5670 -46.0457 33.8461 -38.3916 11.7787 -30.5199 -40.5531 -19.5914 -47.1426 34.7460 -39.5192 14.9806 -31.7808 -32.7547 -21.8415 -48.0096 31.3164 -40.6032 18.0763 -32.9955 -21.3624 -23.7252 -48.6013 20.6786 -41.6696 21.2979 -34.1961 -8.7389 -25.4896 -48.7667 -0.4702 -43.5221 30.0369 -38.7491 21.1876 -38.6066 29.2363 -43.1709 4.2355 -48.7664 -24.9374 -12.7814 -33.7813 20.1387 -41.2950 25.4460 -48.4287 -23.0842 -25.7963 -32.5648 16.9614 -40.2172 33.2217 -47.7240 -21.0808 -36.0170 -31.3234 13.8160 -39.1014 34.7818 -46.7447 -18.5337 -42.7878 -29.9769 10.3093 -37.8819 32.6146 -45.4662 -14.6061 -46.8591 -28.3708 5.3984 -36.4099 27.9514 -43.6960 -5.1687 -48.6810 -26.1472 -5.3025 -34.4560 21.6011 -41.5438
-33.0598 -15.4964 -24.7428 -48.7814 6.1655 -42.6886 25.0598 -35.5582 1.5936 -27.4172 -48.0298 -11.3349 -44.6787 30.5981 -37.2002 8.1839 -29.2296 -45.0917 -16.8617 -46.1542 34.0621 -38.5133 12.1504 -30.6720 -39.7749 -19.9079 -47.2692 34.5933 -39.6705 15.4120 -31.9544 -31.3413 -22.1294 -48.1142 30.2948 -40.7588 18.5321 -33.1697 -19.4981 -23.9783 -48.6565 18.4809 -41.8185 21.7590 -34.3537 -7.4026 -25.6527 -48.7645 -0.0242 -43.2184 27.6652 -37.1426 13.0784 -34.3821 12.6659 -36.8898 26.6180 -42.8501 4.9909 -48.7749 -25.1026 -11.2661 -33.9414 20.5959 -41.4456 23.6620 -48.5049 -23.3476 -24.0363 -32.7377 17.4020 -40.3685 32.5887 -47.8360 -21.3649 -34.9211 -31.4799 14.1948 -39.2292 34.8261 -46.8522 -18.7981 -42.3481 -30.0782 10.5445 -37.9460 32.7434 -45.5030 -14.6747 -46.8591 -28.3481 5.2434 -36.3514 27.6996 -43.5862 -4.1481 -48.7168 -25.9598 -6.5805 -34.2888 21.3128
-17.9648 -24.5073 -48.7685 8.3733 -42.5665 24.6752 -35.4525 1.1091 -27.3300 -48.0882 -11.1476 -44.6581 30.5981 -37.2173 8.2905 -29.2833 -44.9004 -17.0787 -46.2396 34.2241 -38.6169 12.4765 -30.8074 -39.0252 -20.1937 -47.3852 34.3718 -39.8137 15.8288 -32.1221 -29.8819 -22.4064 -48.2125 29.1193 -40.9134 18.9853 -33.3423 -17.6345 -24.2272 -48.7023 16.1216 -41.9675 22.2327 -34.5158 -6.0672 -25.8460 -48.7547 -0.8556 -43.1768 26.7904 -36.3969 8.2574 -31.4733 -6.4250 -31.3273 7.3837 -36.0779 25.6343 -42.7888 4.0746 -48.7733 -25.3012 -9.7094 -34.1056 21.0595 -41.5970 21.6886 -48.5721 -23.6035 -22.2742 -32.9059 17.8283 -40.5145 31.8711 -47.9373 -21.6258 -33.8460 -31.6211 14.5332 -39.3420 34.8308 -46.9398 -19.0034 -42.0029 -30.1483 10.6855 -37.9775 32.7869 -45.5030 -14.6061 -46.9300 -28.2838 4.9454 -36.2625 27.3543 -43.4474 -2.8254 -48.7453 -25.7518 -8.0190 -33.8272
-23.9054 -48.7442 10.7933 -42.4309 24.2380 -35.3245 0.4654 -27.2071 -48.1743 -10.7787 -44.5999 30.4937 -37.2002 8.2905 -29.3002 -44.8050 -17.2065 -46.2983 34.3356 -38.6989 12.7428 -30.9232 -38.3285 -20.4412 -47.4877 34.0956 -39.9467 16.2215 -32.2816 -28.4167 -22.6693 -48.3019 27.7935 -41.0661 19.4389 -33.5128 -15.7975 -24.4692 -48.7390 13.6628 -42.1148 22.7150 -34.6779 -4.7783 -26.0494 -48.7327 -2.1871 -43.2586 26.6662 -36.1245 5.5885 -29.5927 -35.6935 -26.2624 -36.7530 -29.3134 4.2652 -35.7734 25.4651 -42.8401 2.4801 -48.7688 -25.5130 -8.1951 -34.2705 21.5283 -41.7460 19.5743 -48.6299 -23.8470 -20.5467 -33.0665 18.2375 -40.6521 31.0916 -48.0266 -21.8576 -32.8368 -31.7457 14.8223 -39.4345 34.8112 -47.0049 -19.1431 -41.7909 -30.1827 10.7305 -37.9775 32.7434 -45.4662 -14.4096 -47.0593 -28.1831 4.5227 -36.1488 26.9391 -43.2889 -1.2302 -48.7624 -25.5334 -10.0647
-48.6830 13.2948 -42.2872 23.7647 -35.1801 -0.3225 -27.0546 -48.2755 -10.2337 -44.5087 30.2874 -37.1507 8.1839 -29.2833 -44.8050 -17.2464 -46.3275 34.3985 -38.7562 12.9413 -31.0145 -37.7262 -20.6494 -47.5760 33.7879 -40.0674 16.5800 -32.4298 -26.9722 -22.9134 -48.3814 26.3602 -41.2122 19.8871 -33.6806 -14.0058 -24.7052 -48.7651 11.1815 -42.2633 23.2002 -34.8393 -3.5669 -26.2547 -48.6964 -3.6250 -43.3954 26.8910 -36.0851 4.4910 -28.6374 -44.2488 -21.5739 -48.7094 -21.2938 -45.0873 -28.2678 2.8914 -35.7187 25.6657 -42.9559 0.6736 -48.7633 -25.7267 -6.7635 -34.4332 21.9945 -41.8904 17.3998 -48.6779 -24.0756 -18.8806 -33.2174 18.6206 -40.7767 30.2865 -48.1031 -22.0581 -31.9334 -31.8488 15.0496 -39.5030 34.7847 -47.0443 -19.2121 -41.7205 -30.1827 10.6855 -37.9460 32.6146 -45.3959 -14.0943 -47.2322 -28.0529 3.9883 -36.0170 26.4756 -43.1162 0.6089 -48.7700 -24.9032
10.4972 -42.1043 23.2744 -35.0257 -1.2383 -26.8797 -48.3798 -9.5218 -44.3892 29.9952 -37.0724 7.9664 -29.2296 -44.9004 -17.2065 -46.3275 34.4181 -38.7854 13.0639 -31.0771 -37.2650 -20.8114 -47.6477 33.4727 -40.1737 16.9006 -32.5632 -25.6077 -23.1363 -48.4512 24.8623 -41.3508 20.3175 -33.8423 -12.3114 -24.9338 -48.7796 8.7170 -42.4104 23.6891 -35.0014 -2.4375 -26.4596 -48.6442 -5.0148 -43.5559 27.2757 -36.1531 4.3327 -28.2661 -46.3734 -17.9749 -47.8346 -4.5498 -47.7254 -17.2740 -47.0416 -27.8479 2.6332 -35.7786 26.0323 -43.1112 -1.0911 -48.7476 -25.9349 -5.4543 -34.5900 22.4467 -42.0290 15.2239 -48.7157 -24.2870 -17.3331 -33.3547 18.9678 -40.8875 29.4980 -48.1667 -22.2221 -31.2009 -31.9234 15.2046 -39.5453 34.7671 -47.0575 -19.2121 -41.7909 -30.1483 10.5445 -37.8819 32.4061 -45.2960 -13.6669 -47.4297 -27.8995 3.3598 -35.8729 25.9863 -42.9407 2.6694 -48.7696
-41.9372 22.7842 -34.8649 -2.2691 -26.6896 -48.4780 -8.6521 -44.2470 29.6306 -36.9694 7.6530 -29.1406 -45.0917 -17.0787 -46.2983 34.3985 -38.7854 13.1043 -31.1092 -36.9752 -20.9202 -47.6992 33.1866 -40.2617 17.1783 -32.6791 -24.3631 -23.3343 -48.5100 23.3470 -41.4815 20.7294 -33.9946 -10.7545 -25.1501 -48.7829 6.3662 -42.5525 24.1801 -35.1607 -1.3798 -26.6623 -48.5754 -6.3155 -43.7261 27.7286 -36.2685 4.6305 -28.1937 -46.9379 -15.7777 -46.6027 30.7285 -43.7540 31.6340 -46.3532 -14.6433 -47.5462 -27.7543 2.9307 -35.8895 26.4733 -43.2787 -2.7071 -48.7194 -26.1361 -4.2645 -34.7409 22.8839 -42.1596 13.1240 -48.7440 -24.4775 -15.9417 -33.4762 19.2723 -40.9831 28.7841 -48.2157 -22.3412 -30.6972 -31.9689 15.2834 -39.5601 34.7671 -47.0443 -19.1431 -42.0029 -30.0782 10.3093 -37.7915 32.1234 -45.1702 -13.1349 -47.6326 -27.7297 2.6566 -35.7221 25.4841 -42.7578 0.7121
22.4949 -34.6959 -3.4038 -26.4880 -48.5647 -7.6322 -44.0885 29.2081 -36.8462 7.2581 -29.0226 -45.3579 -16.8617 -46.2396 34.3356 -38.7562 13.0639 -31.1092 -36.8775 -20.9755 -47.7299 32.9764 -40.3272 17.4003 -32.7757 -23.2790 -23.5041 -48.5577 21.8829 -41.5988 21.1140 -34.1365 -9.3490 -25.3530 -48.7753 4.2149 -42.6887 24.6582 -35.3144 -0.4049 -26.8606 -48.4890 -7.5053 -43.9000 28.2110 -36.4057 5.1178 -28.2631 -47.0090 -14.8410 -45.9089 34.8552 -40.9632 28.0900 -40.8181 34.6679 -45.5699 -13.4380 -47.6240 -27.8137 3.4559 -36.0214 26.9354 -43.4458 -4.1572 -48.6784 -26.3276 -3.1968 -34.8828 23.2943 -42.2793 11.1914 -48.7632 -24.6438 -14.7475 -33.5796 19.5275 -41.0593 28.2175 -48.2477 -22.4125 -30.4382 -31.9844 15.2834 -39.5453 34.7847 -47.0049 -19.0034 -42.3481 -29.9769 9.9937 -37.6786 31.7740 -45.0260 -12.5095 -47.8294 -27.5502 1.8828 -35.5677 24.9768 -42.6544
-34.2438 -4.6269 -26.2800 -48.6368 -6.4604 -43.9192 28.7454 -36.7099 6.7944 -28.8823 -45.6695 -16.5670 -46.1542 34.2241 -38.6989 12.9413 -31.0771 -36.9752 -20.9755 -47.7401 32.8651 -40.3666 17.5514 -32.8484 -22.3986 -23.6440 -48.5953 20.5294 -41.7025 21.4593 -34.2644 -8.1070 -25.5394 -48.7679 2.2771 -42.8180 25.1207 -35.4617 0.4753 -27.0512 -48.3848 -8.5844 -44.0746 28.7057 -36.5533 5.6767 -28.3973 -46.8738 -14.7065 -45.6436 33.9271 -39.3540 19.3533 -36.5595 18.9200 -39.0907 33.2137 -45.2572 -13.2044 -47.5361 -27.9376 4.0439 -36.1590 27.3965 -43.6091 -5.4326 -48.6267 -26.5046 -2.2648 -35.0118 23.6684 -42.3849 9.4788 -48.7747 -24.7839 -13.7707 -33.6626 19.7196 -41.1110 27.8615 -48.2636 -22.4363 -30.4382 -31.9689 15.2046 -39.5030 34.8112 -46.9398 -18.7981 -42.7878 -29.8499 9.6153 -37.5485 31.3756 -44.8685 -11.7986 -48.0116 -27.3631 1.0492 -35.4054 24.6718
-6.3298 -26.0687 -48.6922 -5.1426 -43.7427 28.2551 -36.5639 6.2697 -28.7259 -46.0006 -16.2043 -46.0457 34.0621 -38.6169 12.7428 -31.0145 -37.2650 -20.9202 -47.7299 32.8651 -40.3797 17.6271 -32.8923 -21.7837 -23.7490 -48.6234 19.3482 -41.7911 21.7593 -34.3765 -7.0496 -25.7062 -48.7634 0.6088 -42.9535 25.5635 -35.6011 1.2730 -27.2318 -48.2657 -9.5460 -44.2456 29.1949 -36.7040 6.2478 -28.5585 -46.6300 -14.9650 -45.6117 33.3577 -38.6001 14.8778 -33.7732 6.1637 -33.6190 14.1178 -38.2615 32.4324 -45.2007 -13.4520 -47.3687 -28.0868 4.6321 -36.2960 27.8461 -43.7653 -6.5355 -48.5668 -26.6651 -1.4643 -35.1267 24.0014 -42.4763 8.0307 -48.7810 -24.8961 -13.0400 -33.7200 19.8363 -41.1369 27.7403 -48.2636 -22.4125 -30.6972 -31.9234 15.0496 -39.4345 34.8308 -46.8522 -18.5337 -43.2794 -29.7037 9.1871 -37.4076 30.9359 -44.7004 -11.0036 -48.1723 -27.1714 0.1568 -34.9745
-25.4312 -48.7316 -3.6791 -43.5628 27.7472 -36.4112 5.6936 -28.5568 -46.3362 -15.7794 -45.9186 33.8461 -38.5133 12.4765 -30.9232 -37.7262 -20.8114 -47.6992 32.9764 -40.3666 17.6271 -32.9070 -21.4743 -23.8128 -48.6419 18.4283 -41.8621 22.0128 -34.4728 -6.1777 -25.8514 -48.7532 -0.7975 -43.0933 25.9735 -35.7320 1.9885 -27.4003 -48.1333 -10.3976 -44.4110 29.6657 -36.8516 6.7995 -28.7297 -46.3220 -15.3777 -45.6889 33.2796 -38.3300 12.8228 -32.1243 -11.9508 -29.1823 -13.7438 -31.8197 11.7989 -37.9447 32.2720 -45.2631 -13.8828 -47.1559 -28.2436 5.1923 -36.4288 28.2742 -43.9107 -7.4685 -48.5014 -26.8079 -0.7921 -35.2263 24.2893 -42.5538 6.8812 -48.7836 -24.9742 -12.5991 -33.7487 19.8753 -41.1369 27.8615 -48.2477 -22.3412 -31.2009 -31.8488 14.8223 -39.3420 34.8261 -46.7447 -18.2186 -43.7987 -29.5430 8.7153 -37.2574 30.4647 -44.5263 -10.1297 -48.3112 -26.9777 -1.0321
-48.7747 -2.0541 -43.3819 27.2369 -36.2571 5.0729 -28.3780 -46.6632 -15.2994 -45.7766 33.5770 -38.3916 12.1504 -30.8074 -38.3285 -20.6494 -47.6477 33.1866 -40.3272 17.5514 -32.8923 -21.4743 -23.8340 -48.6508 17.8460 -41.9123 22.2088 -34.5512 -5.4710 -25.9737 -48.7386 -1.9648 -43.2196 26.3453 -35.8511 2.6206 -27.5563 -47.9909 -11.1509 -44.5689 30.1170 -36.9961 7.3242 -28.9012 -45.9706 -15.8358 -45.8114 33.4437 -38.2980 12.1050 -31.2854 -28.9805 -25.5799 -45.6510 -25.3011 -32.0723 -30.8424 10.8832 -37.8796 32.4128 -45.3737 -14.3608 -46.9161 -28.3975 5.7058 -36.5538 28.6648 -44.0417 -8.2498 -48.4353 -26.9301 -0.2468 -35.3088 24.5245 -42.6134 6.0834 -48.7841 -25.0131 -12.4531 -33.7487 19.8363 -41.1110 28.2175 -48.2157 -22.2221 -31.9334 -31.7457 14.5332 -39.2292 34.7818 -46.6207 -17.8587 -44.3192 -29.3712 8.2074 -37.1014 29.9786 -44.3511 -9.1752 -48.4301 -26.3439
-3.4456 -43.2005 26.7267 -36.1021 4.4163 -28.1941 -46.9712 -14.7650 -45.6231 33.2602 -38.2565 11.7787 -30.6720 -39.0252 -20.4412 -47.5760 33.4727 -40.2617 17.4003 -32.8484 -21.7837 -23.8128 -48.6508 17.6501 -41.9375 22.3303 -34.6061 -4.9423 -26.0731 -48.7220 -2.9012 -43.3294 26.6736 -35.9560 3.1664 -27.6992 -47.8433 -11.8076 -44.7171 30.5437 -37.1364 7.8221 -29.0688 -45.5868 -16.2915 -45.9506 33.6957 -38.3716 12.0539 -31.0002 -34.7476 -23.3228 -48.7491 -17.4511 -48.7677 -22.5711 -38.2593 -30.4349 10.6849 -37.9259 32.6703 -45.5001 -14.8256 -46.6619 -28.5415 6.1638 -36.6665 29.0112 -44.1564 -8.8893 -48.3726 -27.0303 0.1817 -35.3718 24.6905 -42.6496 5.6882 -48.7841 -25.0131 -12.5991 -33.7200 19.7196 -41.0593 28.7841 -48.1667 -22.0581 -32.8368 -31.6211 14.1948 -39.1014 34.6875 -46.4849 -17.4594 -44.8252 -29.1924 7.6748 -36.9448 29.4817 -44.1750 -8.1324 -48.5737
-43.0912 26.2157 -35.9470 3.7278 -28.0090 -47.2538 -14.1764 -45.4615 32.8978 -38.1114 11.3673 -30.5199 -39.7749 -20.1937 -47.4877 33.7879 -40.1737 17.1783 -32.7757 -22.3986 -23.7490 -48.6419 17.8460 -41.9375 22.3708 -34.6337 -4.6222 -26.1436 -48.7065 -3.6268 -43.4209 26.9574 -36.0483 3.6255 -27.8256 -47.6948 -12.3779 -44.8530 30.9351 -37.2694 8.2852 -29.2306 -45.1795 -16.7221 -46.0930 33.9593 -38.4863 12.2886 -30.9924 -35.9862 -22.4296 -48.5930 -7.9329 -46.7752 -4.2363 -48.3180 -21.0332 -40.1977 -30.3193 10.8094 -38.0175 32.9560 -45.6260 -15.2492 -46.4048 -28.6722 6.5607 -36.7655 29.3113 -44.2544 -9.3906 -48.3167 -27.1076 0.4815 -35.4113 24.7744 -42.6617 5.6882 -48.7841 -24.9742 -13.0400 -33.6626 19.5275 -40.9831 29.4980 -48.1031 -21.8576 -33.8460 -31.4799 13.8160 -38.9620 34.5379 -46.3379 -17.0257 -45.3064 -29.0095 7.1238 -36.7886 28.9780 -43.9960 -8.7944
25.8975 -35.7860 3.0039 -27.8228 -47.5069 -13.5466 -45.2946 32.4969 -37.9583 10.9202 -30.3564 -40.5531 -19.9079 -47.3852 34.0956 -40.0674 16.9006 -32.6791 -23.2790 -23.6440 -48.6234 18.4283 -41.9123 22.3303 -34.6337 -4.5165 -26.1791 -48.6954 -4.1249 -43.4921 27.1879 -36.1259 4.0050 -27.9341 -47.5530 -12.8611 -44.9749 31.2847 -37.3915 8.7094 -29.3833 -44.7573 -17.1232 -46.2312 34.1976 -38.6139 12.6177 -31.0863 -35.6579 -22.3622 -48.5070 -2.8151 -45.5157 30.0909 -44.6380 16.3149 -47.8769 -20.2866 -40.7164 -30.3368 11.0625 -38.1231 33.2309 -45.7449 -15.6241 -46.1570 -28.7877 6.8977 -36.8504 29.5592 -44.3339 -9.7660 -48.2738 -27.1563 0.6309 -35.4244 24.7744 -42.6496 6.0834 -48.7836 -24.8961 -13.7707 -33.5796 19.2723 -40.8875 30.2865 -48.0266 -21.6258 -34.9211 -31.3234 13.4083 -38.8132 34.3317 -46.1826 -16.5620 -45.7469 -28.8256 6.5519 -36.6331 28.4713 -43.8685
-35.3668 2.2390 -27.6365 -47.7316 -12.8734 -45.1248 32.0695 -37.8022 10.4527 -30.1836 -41.3259 -19.5914 -47.2692 34.3718 -39.9467 16.5800 -32.5632 -24.3631 -23.5041 -48.5953 19.3482 -41.8621 22.2088 -34.6061 -4.6222 -26.1791 -48.6915 -4.3731 -43.5374 27.3516 -36.1861 4.3079 -28.0255 -47.4245 -13.2555 -45.0817 31.5913 -37.5008 9.0880 -29.5231 -44.3309 -17.4888 -46.3619 34.3990 -38.7408 12.9521 -31.1937 -34.9717 -22.5511 -48.5804 -5.5639 -45.8038 29.4942 -43.8035 34.8209 -43.2084 27.7546 -47.5994 -19.9734 -40.6745 -30.4115 11.3579 -38.2292 33.4760 -45.8527 -15.9444 -45.9291 -28.8867 7.1773 -36.9203 29.7529 -44.3911 -10.0000 -48.2509 -27.1725 0.6309 -35.4113 24.6905 -42.6134 6.8812 -48.7810 -24.7839 -14.7475 -33.4762 18.9678 -40.7767 31.0916 -47.9373 -21.3649 -36.0170 -31.1569 12.9755 -38.6585 34.0752 -46.0234 -16.0715 -46.1478 -28.6413 5.9577 -36.4692 28.1085
1.2574 -27.4517 -47.9294 -12.1535 -44.9529 31.6216 -37.6457 9.9704 -30.0041 -42.0687 -19.2487 -47.1426 34.5933 -39.8137 16.2215 -32.4298 -25.6077 -23.3343 -48.5577 20.5294 -41.7911 22.0128 -34.5512 -4.9423 -26.1436 -48.6954 -4.3731 -43.5525 27.4371 -36.2249 4.5242 -28.0978 -47.3130 -13.5730 -45.1723 31.8517 -37.5986 9.4180 -29.6494 -43.9160 -17.8131 -46.4830 34.5583 -38.8605 13.2670 -31.2817 -34.5079 -22.6417 -48.6347 -8.9281 -46.6563 8.4604 -45.8044 32.2409 -41.9633 30.2915 -41.9009 32.2191 -47.4402 -19.9024 -40.3633 -30.5082 11.6513 -38.3284 33.6821 -45.9451 -16.2110 -45.7302 -28.9672 7.3932 -36.9712 29.8769 -44.4206 -10.0769 -48.2509 -27.1563 0.4815 -35.3718 24.5245 -42.5538 8.0307 -48.7747 -24.6438 -15.9417 -33.3547 18.6206 -40.6521 31.8711 -47.8360 -21.0808 -37.1031 -30.9835 12.5240 -38.5004 33.7765 -45.8617 -15.5538 -46.5127 -28.4571 5.3406 -36.0624
-26.8291 -48.1024 -11.3783 -44.7798 31.1590 -37.4883 9.4740 -29.8232 -42.7720 -18.8812 -47.0064 34.7460 -39.6707 15.8295 -32.2819 -26.9722 -23.1363 -48.5100 21.8829 -41.7025 21.7593 -34.4731 -5.4708 -26.0731 -48.7065 -4.1249 -43.5374 27.4371 -36.2379 4.6352 -28.1438 -47.2280 -13.8183 -45.2457 32.0624 -37.6809 9.7028 -29.7611 -43.5245 -18.0995 -46.5924 34.6764 -38.9735 13.5617 -31.3510 -34.3745 -22.5055 -48.5955 -9.4238 -47.2523 -8.6515 -48.0308 -12.2811 -46.9977 30.0829 -38.3732 23.3527 -40.8171 33.7097 -47.3836 -19.9722 -39.9298 -30.6095 11.9211 -38.4167 33.8488 -46.0213 -16.4228 -45.5673 -29.0250 7.5299 -36.9973 29.9183 -44.4206 -10.0000 -48.2738 -27.1076 0.1817 -35.3088 24.2892 -42.4763 9.4788 -48.7632 -24.4775 -17.3331 -33.2174 18.2375 -40.5145 32.5887 -47.7240 -20.7748 -38.1594 -30.8052 12.0678 -38.3423 33.4395 -45.6984 -15.0078 -46.8421 -28.2735 4.6105
-48.3156 -10.5316 -44.6054 30.6840 -37.3307 8.9672 -29.6414 -43.4278 -18.4937 -46.8633 34.8229 -39.5195 15.4130 -32.1232 -28.4101 -22.9145 -48.4512 23.3470 -41.5988 21.4593 -34.3768 -6.1754 -25.9745 -48.7219 -3.6270 -43.4921 27.3516 -36.2249 4.6352 -28.1594 -47.1824 -13.9739 -45.2989 32.2242 -37.7466 9.9355 -29.8547 -43.1675 -18.3438 -46.6889 34.7569 -39.0792 13.8406 -31.4181 -34.3570 -22.2145 -48.4563 -5.1339 -46.9343 -12.3317 -48.7501 -21.6383 -46.2809 -19.5101 -33.5795 8.7182 -34.7145 18.8208 -40.2476 34.0804 -47.3970 -20.1106 -39.4569 -30.7033 12.1560 -38.4904 33.9762 -46.0811 -16.5733 -45.4578 -29.0556 7.5758 -36.9973 29.8769 -44.3911 -9.7660 -48.3168 -27.0299 -0.2487 -35.2259 24.0013 -42.3849 11.1914 -48.7440 -24.2870 -18.8806 -33.0665 17.8283 -40.3685 33.2217 -47.6036 -20.4518 -39.1580 -30.6250 11.6054 -38.1842 33.0698 -45.5335 -14.4296 -47.1400 -27.6764
-10.9345 -44.4299 30.1998 -37.1732 8.4496 -29.4586 -44.0321 -18.0894 -46.7165 34.8251 -39.3629 14.9819 -31.9557 -29.8685 -22.6714 -48.3817 24.8609 -41.4816 21.1140 -34.2644 -7.0472 -25.8522 -48.7384 -2.9086 -43.4215 27.1881 -36.1861 4.5242 -28.1438 -47.1824 -14.0259 -45.3272 32.3287 -37.7958 10.1129 -29.9298 -42.8632 -18.5444 -46.7707 34.8048 -39.1746 14.1033 -31.4945 -34.1956 -21.9513 -48.2810 7.9938 -45.4402 -1.2187 -48.7632 -23.8245 -33.9366 -31.3336 19.0311 -48.4972 -26.8648 -8.7114 -33.2969 17.2701 -40.0747 34.0873 -47.4432 -20.2622 -39.0006 -30.7833 12.3455 -38.5475 34.0647 -46.1199 -16.6527 -45.4200 -29.0556 7.5299 -36.9712 29.7529 -44.3338 -9.3874 -48.3731 -26.9287 -0.7945 -35.1263 23.6684 -42.2793 13.1243 -48.7156 -24.0752 -20.5468 -32.9059 17.4008 -40.2172 33.7517 -47.4759 -20.1177 -40.0877 -30.4439 11.1356 -38.0268 32.6728 -45.3659 -13.8157 -47.5126
-44.2950 29.7056 -37.0160 7.9187 -29.2755 -44.5857 -17.6694 -46.5657 34.7567 -39.2061 14.5399 -31.7815 -31.3273 -22.4090 -48.3026 26.3546 -41.3516 20.7310 -34.1367 -8.1067 -25.7063 -48.7531 -1.9748 -43.3306 26.9607 -36.1259 4.3079 -28.0978 -47.2280 -13.9739 -45.3272 32.3643 -37.8224 10.2284 -29.9849 -42.6167 -18.7050 -46.8370 34.8273 -39.2576 14.3452 -31.5782 -33.8068 -21.8383 -48.1478 22.8328 -43.2553 34.8854 -46.3111 -24.1480 -31.6077 -30.2226 8.3193 -38.6228 1.0515 -48.7828 -24.9251 -19.2497 -32.7916 16.8453 -40.0583 33.9760 -47.4955 -20.4003 -38.6145 -30.8467 12.4828 -38.5852 34.1105 -46.1332 -16.6527 -45.4578 -29.0250 7.3932 -36.9203 29.5592 -44.2542 -8.8822 -48.4359 -26.8068 -1.4649 -35.0117 23.2941 -42.1586 15.2331 -48.6778 -23.8465 -22.2884 -32.7375 16.9602 -40.0615 34.1654 -47.3436 -19.7714 -40.9469 -30.2626 10.6598 -37.8696 32.2522 -45.1956 -13.9124
29.3024 -36.8503 7.3742 -29.0925 -45.0920 -17.2318 -46.4119 34.6248 -39.0490 14.0920 -31.6043 -32.7443 -22.1324 -48.2131 27.7840 -41.2126 20.3227 -33.9953 -9.3430 -25.5396 -48.7634 -0.8051 -43.2203 26.6777 -36.0493 4.0050 -28.0255 -47.3130 -13.8183 -45.2989 32.3287 -37.8224 10.2691 -30.0144 -42.4488 -18.8205 -46.8888 34.8327 -39.3270 14.5562 -31.6603 -33.2728 -21.8632 -48.0900 28.3390 -41.6539 25.0170 -37.3432 15.2222 -14.1237 -31.6227 0.5726 -33.7160 19.9111 -42.4331 6.1980 -48.7431 -23.9889 -23.0346 -32.6441 16.8132 -40.0942 33.8284 -47.5412 -20.5112 -38.3192 -30.8891 12.5562 -38.5985 34.1105 -46.1199 -16.5733 -45.5673 -28.9672 7.1773 -36.8504 29.3084 -44.1558 -8.2456 -48.5017 -26.6650 -2.2656 -34.8818 22.8828 -42.0277 17.4097 -48.6300 -23.6026 -24.0513 -32.5646 16.5143 -39.9040 34.4724 -47.2075 -19.4130 -41.7411 -30.0811 10.1754 -37.7117 31.8113 -45.0476
-36.4528 6.8119 -28.9096 -45.5513 -16.7772 -46.2558 34.4377 -38.8911 13.6430 -31.4275 -34.0870 -21.8442 -48.1156 29.0981 -41.0669 19.8943 -33.8439 -10.7374 -25.3545 -48.7679 0.6032 -43.0943 26.3494 -35.9569 3.6260 -27.9341 -47.4245 -13.5730 -45.2459 32.2242 -37.7963 10.2284 -30.0144 -42.3892 -18.8818 -46.9232 34.8293 -39.3812 14.7262 -31.7327 -32.7141 -21.9517 -48.0946 29.5557 -41.1204 21.0179 -34.9609 2.9664 -26.5306 -41.6780 15.6047 -33.1992 5.8266 -35.3206 24.3303 -42.4225 13.5910 -48.6453 -23.6161 -24.0431 -32.6299 16.9053 -40.1387 33.6849 -47.5761 -20.5856 -38.1512 -30.9042 12.5562 -38.5852 34.0638 -46.0810 -16.4221 -45.7302 -28.8867 6.8977 -36.7656 29.0078 -44.0410 -7.4682 -48.5669 -26.5045 -3.1999 -34.7397 22.4454 -41.8903 19.5817 -48.5717 -23.3468 -25.7974 -32.3900 16.0670 -39.7460 34.6809 -47.0682 -19.0426 -42.4781 -29.8997 9.6829 -37.5428 31.3090
6.1818 -28.7290 -45.9661 -16.3034 -46.0995 34.2032 -38.7341 13.1976 -31.2506 -35.3487 -21.5498 -48.0115 30.2730 -40.9174 19.4516 -33.6847 -12.2767 -25.1541 -48.7749 2.2675 -42.9549 25.9766 -35.8511 3.1692 -27.8259 -47.5529 -13.2555 -45.1726 32.0626 -37.7477 10.1135 -29.9857 -42.4487 -18.8818 -46.9353 34.8246 -39.4172 14.8535 -31.7903 -32.2078 -22.0510 -48.1221 29.6339 -40.9734 19.7742 -34.0612 -5.2499 -26.5040 -48.9230 34.5689 -36.8511 6.2720 -31.8415 5.6137 -35.5889 23.8990 -42.1454 17.7351 -48.5951 -23.5118 -24.0561 -32.6581 17.0150 -40.1759 33.5779 -47.5960 -20.6125 -38.1512 -30.8891 12.4800 -38.5472 33.9742 -46.0211 -16.2103 -45.9291 -28.7876 6.5596 -36.6664 28.6642 -43.9105 -6.5353 -48.6268 -26.3274 -4.2680 -34.5895 21.9915 -41.7443 21.6964 -48.5045 -23.0842 -27.4968 -32.2134 15.6213 -39.5882 34.7982 -46.9255 -18.6590 -43.1590 -29.7182 9.1815 -37.1600
-28.1480 -46.3428 -15.8077 -45.9413 33.9262 -38.5784 12.7506 -31.0740 -36.5211 -21.2494 -47.9023 31.2902 -40.7652 19.0023 -33.5202 -13.9372 -24.9414 -48.7823 4.1731 -42.8190 25.5658 -35.7332 2.6245 -27.7003 -47.6934 -12.8613 -45.0820 31.8519 -37.6817 9.9372 -29.9311 -42.6135 -18.8205 -46.9233 34.8246 -39.4303 14.9249 -31.8293 -31.8184 -22.1377 -48.1533 29.3775 -40.9599 19.4455 -33.7274 -10.5894 -25.6947 -48.7284 0.8694 -41.0622 15.3158 -32.0338 -14.2029 -30.2987 3.6541 -35.2912 23.0743 -41.9589 19.3403 -48.5829 -23.5149 -23.7831 -32.6900 17.0962 -40.1982 33.5379 -47.5960 -20.5854 -38.3207 -30.8461 12.3408 -38.4894 33.8474 -45.9449 -15.9435 -46.1571 -28.6720 6.1625 -36.5531 28.2725 -43.7651 -5.4321 -48.6786 -26.1358 -5.4665 -34.4312 21.5234 -41.5949 23.6724 -48.4288 -22.8142 -29.1286 -32.0356 15.1764 -39.4303 34.8331 -46.7789 -18.2618 -43.7848 -29.5360 8.6696
-46.8203 -15.2886 -45.7813 33.6132 -38.4228 12.3008 -30.8975 -37.6165 -20.9416 -47.7889 32.1513 -40.6125 18.5542 -33.3533 -15.6892 -24.7185 -48.7795 6.2817 -42.6912 25.1324 -35.6052 1.9978 -27.5592 -47.8408 -12.3845 -44.9758 31.5929 -37.5994 9.7044 -29.8555 -42.8579 -18.7059 -46.8897 34.8293 -39.4175 14.9249 -31.8437 -31.6040 -22.1969 -48.1786 29.0557 -40.9884 19.4382 -33.6406 -12.7529 -25.2188 -48.7668 -0.5906 -42.9152 22.8828 -33.9835 -11.3962 -27.6413 -36.6689 -28.9904 1.2951 -35.0204 22.5795 -41.8804 19.7133 -48.5867 -23.5450 -23.5273 -32.7098 17.1261 -40.1982 33.5789 -47.5758 -20.5101 -38.6238 -30.7812 12.1523 -38.4151 33.6798 -45.8524 -15.6213 -46.4054 -28.5397 5.7012 -36.4281 27.8431 -43.6085 -4.1491 -48.7197 -25.9324 -6.7931 -34.2668 21.0491 -41.4437 25.4768 -48.3449 -22.5379 -30.6775 -31.8577 14.7291 -39.2728 34.7935 -46.6294 -17.8489 -44.3586 -28.9714
-15.2760 -45.6216 33.2723 -38.2698 11.8557 -30.7224 -38.6264 -20.6298 -47.6710 32.8684 -40.4620 18.1140 -33.1865 -17.4728 -24.4901 -48.7660 8.5478 -42.5592 24.6815 -35.4684 1.3003 -27.4060 -47.9877 -11.8222 -44.8549 31.2897 -37.5034 9.4239 -29.7620 -43.1641 -18.5464 -46.8379 34.8327 -39.3820 14.8557 -31.8307 -31.6007 -22.2197 -48.1921 28.8001 -41.0241 19.5337 -33.6532 -13.1251 -25.0649 -48.7604 1.2525 -43.1251 26.1819 -35.5795 0.0028 -27.7777 -45.1463 -23.7495 -43.8039 -28.1740 -0.3749 -34.8757 22.3900 -41.8635 19.6196 -48.5933 -23.5692 -23.4130 -32.7114 17.0977 -40.1760 33.6884 -47.5397 -20.3954 -39.0241 -30.6986 11.9135 -38.3261 33.4691 -45.7435 -15.2418 -46.6650 -28.3938 5.1814 -36.2945 27.3883 -43.4430 -2.6773 -48.7483 -25.7184 -8.2496 -34.0995 20.5775 -41.2895 27.0915 -48.2544 -22.2559 -32.1408 -31.6796 14.2803 -39.1154 34.6873 -46.4765 -17.4173 -45.0873
-45.4794 32.9155 -38.1228 11.4212 -30.5561 -39.5319 -20.3212 -47.5536 33.4383 -40.3157 17.6910 -33.0242 -19.2239 -24.2639 -48.7427 10.8627 -42.4264 24.2265 -35.3270 0.5335 -27.2423 -48.1270 -11.1770 -44.7208 30.9434 -37.3944 9.0966 -29.6527 -43.5146 -18.3465 -46.7711 34.8274 -39.3276 14.7296 -31.7940 -31.7991 -22.2038 -48.1937 28.6635 -41.0522 19.6459 -33.7034 -12.6736 -25.1016 -48.7597 1.6463 -43.1599 27.0751 -36.3425 5.6012 -29.1336 -43.6894 -21.8627 -48.6888 -21.2176 -45.8487 -27.7896 -1.1276 -34.8311 22.3723 -41.8749 19.4004 -48.5976 -23.5786 -23.4742 -32.6936 17.0165 -40.1362 33.8410 -47.4898 -20.2469 -39.5032 -30.5995 11.6302 -38.2230 33.2177 -45.6200 -14.8035 -46.9258 -28.2370 4.6089 -36.1534 26.9142 -43.2712 -0.9941 -48.7638 -25.4989 -9.8140 -33.9307 20.1136 -41.1357 28.5252 -48.1587 -21.9678 -33.5279 -31.5025 13.8316 -38.9574 34.5228 -46.3216 -17.2275
32.3784 -37.9757 11.0173 -30.4054 -40.3036 -20.0332 -47.4426 33.8626 -40.1822 17.3055 -32.8763 -20.8441 -24.0486 -48.7111 13.0899 -42.2968 23.7855 -35.1866 -0.2795 -27.0724 -48.2542 -10.4599 -44.5781 30.5650 -37.2745 8.7256 -29.5292 -43.8989 -18.1092 -46.6914 34.8057 -39.2591 14.5606 -31.7367 -32.1689 -22.1517 -48.1842 28.6703 -41.0693 19.7500 -33.7700 -11.8223 -25.2523 -48.7661 0.0946 -43.3424 27.9186 -36.8410 8.6613 -30.5917 -36.2397 -23.6842 -48.6805 -17.6167 -48.7100 -20.1160 -46.3966 -27.6791 -1.2359 -34.8459 22.4499 -41.9001 19.1327 -48.5989 -23.5742 -23.6689 -32.6615 16.8933 -40.0826 34.0156 -47.4284 -20.0680 -40.0383 -30.4856 11.3105 -38.1068 32.9217 -45.4851 -14.3087 -47.1783 -28.0695 3.9866 -36.0075 26.4258 -43.0935 0.8806 -48.7712 -25.2764 -11.4459 -33.7619 19.6528 -40.9834 29.7840 -48.0569 -21.6766 -34.8234 -31.3258 13.3872 -38.8004 34.3071 -46.1656
-37.6586 10.6919 -30.2890 -40.8854 -19.8009 -47.3507 34.1410 -40.0783 17.0013 -32.7636 -22.1267 -23.8691 -48.6770 15.0194 -42.1793 23.3810 -35.0541 -1.1019 -26.9062 -48.3640 -9.6848 -44.4318 30.1688 -37.1503 8.3266 -29.3959 -44.2966 -17.8376 -46.5992 34.7612 -39.1795 14.3556 -31.6641 -32.6675 -22.0686 -48.1624 28.8226 -41.0753 19.8387 -33.8494 -10.6724 -25.5001 -48.7607 -2.9743 -43.7365 29.3733 -37.4778 11.4121 -32.0486 -19.3976 -26.8019 -46.3992 -20.9719 -48.7535 -16.2998 -48.6508 -19.9013 -46.4359 -27.7170 -0.9109 -34.9079 22.6244 -41.9488 18.6828 -48.6000 -23.5735 -23.8966 -32.6270 16.7519 -40.0228 34.1911 -47.3587 -19.8650 -40.6054 -30.3595 10.9570 -37.9820 32.5870 -45.3413 -13.7589 -47.4165 -27.8965 3.3162 -35.8583 25.9283 -42.9220 2.9208 -48.7787 -25.0508 -13.1468 -33.5937 19.1980 -40.8312 30.8670 -47.9499 -21.3799 -36.0281 -31.1495 12.9426 -38.6302 33.5254
10.5964 -30.2533 -41.1211 -19.7052 -47.3080 34.2454 -40.0402 16.8857 -32.7318 -22.6368 -23.7923 -48.6520 16.2065 -42.0982 23.0721 -34.9457 -1.8473 -26.7569 -48.4516 -8.8938 -44.2886 29.7689 -37.0253 7.9105 -29.2598 -44.6804 -17.5471 -46.5013 34.6918 -39.0919 14.1270 -31.5823 -33.2489 -21.9615 -48.1309 29.0971 -41.0673 19.9124 -33.9449 -9.1584 -25.8706 -48.6979 -7.0277 -44.3857 31.6314 -38.4225 14.7215 -33.5600 -1.1001 -29.9373 -31.4569 -26.2286 -46.0929 -21.4902 -48.7683 -16.6356 -48.6681 -20.0354 -46.2215 -27.8790 -0.0695 -35.0476 23.0036 -42.0548 17.5928 -48.6072 -23.6152 -23.9411 -32.6083 16.6323 -39.9679 34.3431 -47.2847 -19.6491 -41.1790 -30.2253 10.5766 -37.8509 32.2221 -45.1903 -13.1595 -47.6363 -27.7214 2.5956 -35.7082 25.4366 -42.7714 5.1075 -48.7818 -24.8240 -14.8986 -33.4275 18.7521 -40.6793 31.7861 -47.8388 -21.0775 -37.1431 -30.9751 12.4963 -38.2826
-30.0391 -40.6196 -19.9213 -47.3763 34.0364 -40.1449 17.1776 -32.8805 -21.3530 -23.9647 -48.6586 15.6619 -42.1054 22.9926 -34.8949 -2.3340 -26.6483 -48.5128 -8.1719 -44.1611 29.3939 -36.9060 7.4998 -29.1290 -45.0319 -17.2631 -46.4087 34.6083 -39.0106 13.9085 -31.5036 -33.8325 -21.8456 -48.0943 29.4531 -41.0462 19.9604 -34.0546 -7.2600 -26.4066 -48.4506 -11.5198 -45.3580 34.3128 -39.8032 19.1427 -35.3085 8.3558 -32.6562 -0.6624 -30.7940 -16.3948 -28.0025 -42.3745 -22.6789 -48.7510 -16.9391 -48.6924 -20.3918 -45.5981 -28.2610 1.6529 -35.3482 23.8475 -42.2905 14.8645 -48.6281 -23.7727 -23.3860 -32.6451 16.6100 -39.9399 34.4472 -47.2162 -19.4314 -41.7331 -30.0889 10.1823 -37.7169 31.8364 -45.0367 -12.5209 -47.8327 -27.5460 1.8475 -35.5625 24.9599 -42.6359 7.3555 -48.7733 -24.6004 -16.6399 -33.2646 18.3187 -40.5313 32.5496 -47.7256 -20.7767 -38.1589 -30.8044 12.1225
-38.6592 -20.7722 -47.6593 32.7166 -40.5483 18.3112 -33.3749 -16.1555 -24.7091 -48.7293 10.8561 -42.3155 23.4172 -34.9712 -2.1937 -26.6277 -48.5398 -7.6821 -44.0643 29.0837 -36.8033 7.1212 -29.0111 -45.3258 -17.0247 -46.3380 34.5476 -38.9628 13.7770 -31.4597 -34.2193 -21.7570 -48.0608 29.8085 -41.0135 19.9540 -34.1538 -5.1943 -27.1281 -47.6726 -15.9664 -46.6442 33.1765 -41.6794 25.5892 -37.5306 15.4354 -35.1500 11.2891 -34.4662 9.8063 -33.4798 2.0104 -29.6635 -39.0912 -22.8917 -48.7570 -16.7958 -48.7407 -21.2668 -43.7524 -29.0681 4.7026 -35.9749 25.6583 -42.7877 8.5623 -48.6837 -24.1855 -21.3632 -32.8117 16.8191 -39.9739 34.4901 -47.1600 -19.2262 -42.2423 -29.9568 9.7906 -37.5869 31.4497 -44.8870 -11.8636 -47.9983 -27.3814 1.1116 -35.4249 24.5149 -42.5092 9.5439 -48.7547 -24.3885 -18.2946 -33.1124 17.9157 -40.3931 33.1493 -47.6164 -20.4884 -39.0545 -30.2921
-22.4202 -48.2328 25.5798 -41.5224 21.1286 -34.4035 -5.5547 -26.4299 -48.6732 -2.2963 -43.0155 24.9359 -35.2886 -0.9045 -26.7651 -48.5153 -7.6653 -44.0234 28.8917 -36.7269 6.8080 -28.9138 -45.5447 -16.8819 -46.3211 34.5852 -39.0156 13.9184 -31.5227 -34.0008 -21.7800 -48.0541 29.9634 -40.9840 19.8837 -34.1957 -3.6032 -27.9425 -45.5730 -20.1355 -48.1880 5.9159 -44.3420 33.9245 -40.3626 23.8010 -38.0375 19.5726 -37.5371 20.5871 -37.9739 19.6894 -36.2626 7.8413 -29.9698 -40.8386 -22.0665 -48.7684 -17.6512 -48.7488 -23.0931 -37.6842 -30.5830 9.2924 -37.2082 29.2548 -43.7797 -2.3623 -48.7671 -25.0787 -16.3298 -33.2050 17.4058 -40.0925 34.4718 -47.1200 -19.0499 -42.6694 -29.8419 9.4413 -37.4736 31.1067 -44.7574 -11.2716 -48.1227 -27.2447 0.4567 -35.3089 24.1429 -42.4025 11.4173 -48.7304 -24.2096 -19.6783 -32.9881 17.5803 -40.2790 33.5713 -47.5210 -20.2419 -40.1109
