0.0003 0.0031 0.0236 0.1799 1.0000 1.0000 0.0002 0.0018 0.0140 0.1064 0.8082 1.0000 1.0000 0.0011 0.0083 0.0628 0.4772 1.0000 1.0000 0.0006 0.0049 0.0371 0.2818 1.0000 1.0000 0.0004 0.0029 0.0219 0.1664 1.0000 1.0000 0.0002 0.0017 0.0129 0.0983 0.7461 1.0000 1.0000 0.0010 0.0076 0.0580 0.4406 1.0000 1.0000 0.0006 0.0045 0.0343 0.2602 1.0000 1.0000 1.0000 1.0000 1.0000 0.2602 0.0343 0.0045 0.0006 1.0000 1.0000 0.4406 0.0580 0.0076 0.0010 1.0000 1.0000 0.7461 0.0983 0.0129 0.0017 0.0002 1.0000 1.0000 0.1664 0.0219 0.0029 0.0004 1.0000 1.0000 0.2818 0.0371 0.0049 0.0006 1.0000 1.0000 0.4772 0.0628 0.0083 0.0011 1.0000 1.0000 0.8082 0.1064 0.0140 0.0018 0.0002 1.0000 1.0000 0.1799 0.0236 0.0031 0.0003
0.0031 0.0271 0.1982 1.0000 1.0000 0.0003 0.0020 0.0150 0.1142 0.8671 1.0000 1.0000 0.0012 0.0089 0.0673 0.5120 1.0000 1.0000 0.0007 0.0052 0.0398 0.3018 1.0000 1.0000 0.0004 0.0031 0.0235 0.1785 1.0000 1.0000 0.0002 0.0018 0.0139 0.1052 0.8005 1.0000 1.0000 0.0011 0.0082 0.0622 0.4718 1.0000 1.0000 0.0006 0.0048 0.0367 0.2791 1.0000 1.0000 0.0004 0.0013 0.0004 1.0000 1.0000 0.2791 0.0367 0.0048 0.0006 1.0000 1.0000 0.4718 0.0622 0.0082 0.0011 1.0000 1.0000 0.8005 0.1052 0.0139 0.0018 0.0002 1.0000 1.0000 0.1785 0.0235 0.0031 0.0004 1.0000 1.0000 0.3018 0.0398 0.0052 0.0007 1.0000 1.0000 0.5120 0.0673 0.0089 0.0012 1.0000 1.0000 0.8671 0.1142 0.0150 0.0020 0.0003 1.0000 1.0000 0.1982 0.0271 0.0031
0.0236 0.1982 1.0000 1.0000 0.0002 0.0017 0.0131 0.0990 0.7504 1.0000 1.0000 0.0010 0.0077 0.0581 0.4414 1.0000 1.0000 0.0006 0.0045 0.0343 0.2606 1.0000 1.0000 0.0004 0.0027 0.0203 0.1539 1.0000 1.0000 0.0002 0.0016 0.0120 0.0909 0.6901 1.0000 1.0000 0.0009 0.0071 0.0537 0.4075 1.0000 1.0000 0.0005 0.0042 0.0317 0.2406 1.0000 1.0000 0.0003 0.0025 0.0086 0.0025 0.0003 1.0000 1.0000 0.2406 0.0317 0.0042 0.0005 1.0000 1.0000 0.4075 0.0537 0.0071 0.0009 1.0000 1.0000 0.6901 0.0909 0.0120 0.0016 0.0002 1.0000 1.0000 0.1539 0.0203 0.0027 0.0004 1.0000 1.0000 0.2606 0.0343 0.0045 0.0006 1.0000 1.0000 0.4414 0.0581 0.0077 0.0010 1.0000 1.0000 0.7504 0.0990 0.0131 0.0017 0.0002 1.0000 1.0000 0.1982 0.0236
0.1799 1.0000 1.0000 0.0002 0.0016 0.0119 0.0885 0.6657 1.0000 1.0000 0.0009 0.0067 0.0509 0.3864 1.0000 1.0000 0.0005 0.0040 0.0300 0.2282 1.0000 1.0000 0.0003 0.0023 0.0177 0.1347 1.0000 1.0000 1.0000 0.0014 0.0105 0.0796 0.6041 1.0000 1.0000 0.0008 0.0062 0.0470 0.3567 1.0000 1.0000 0.0005 0.0037 0.0277 0.2106 1.0000 1.0000 0.0003 0.0022 0.0167 0.0570 0.0167 0.0022 0.0003 1.0000 1.0000 0.2106 0.0277 0.0037 0.0005 1.0000 1.0000 0.3567 0.0470 0.0062 0.0008 1.0000 1.0000 0.6041 0.0796 0.0105 0.0014 1.0000 1.0000 1.0000 0.1347 0.0177 0.0023 0.0003 1.0000 1.0000 0.2282 0.0300 0.0040 0.0005 1.0000 1.0000 0.3864 0.0509 0.0067 0.0009 1.0000 1.0000 0.6657 0.0885 0.0119 0.0016 0.0002 1.0000 1.0000 0.1799
1.0000 1.0000 0.0002 0.0016 0.0114 0.0826 0.6076 1.0000 1.0000 0.0008 0.0059 0.0446 0.3382 1.0000 1.0000 0.0005 0.0035 0.0263 0.1993 1.0000 1.0000 0.0003 0.0020 0.0155 0.1177 0.8939 1.0000 1.0000 0.0012 0.0092 0.0695 0.5278 1.0000 1.0000 0.0007 0.0054 0.0410 0.3117 1.0000 1.0000 0.0004 0.0032 0.0242 0.1840 1.0000 1.0000 0.0002 0.0019 0.0144 0.1105 0.3784 0.1105 0.0144 0.0019 0.0002 1.0000 1.0000 0.1840 0.0242 0.0032 0.0004 1.0000 1.0000 0.3117 0.0410 0.0054 0.0007 1.0000 1.0000 0.5278 0.0695 0.0092 0.0012 1.0000 1.0000 0.8939 0.1177 0.0155 0.0020 0.0003 1.0000 1.0000 0.1993 0.0263 0.0035 0.0005 1.0000 1.0000 0.3382 0.0446 0.0059 0.0008 1.0000 1.0000 0.6076 0.0826 0.0114 0.0016 0.0002 1.0000 1.0000
1.0000 0.0003 0.0017 0.0119 0.0826 0.5860 1.0000 1.0000 0.0007 0.0053 0.0396 0.2983 1.0000 1.0000 0.0004 0.0030 0.0229 0.1742 1.0000 1.0000 0.0002 0.0018 0.0135 0.1028 0.7810 1.0000 1.0000 0.0011 0.0080 0.0607 0.4611 1.0000 1.0000 0.0006 0.0047 0.0359 0.2723 1.0000 1.0000 0.0004 0.0028 0.0212 0.1608 1.0000 1.0000 0.0002 0.0016 0.0125 0.0957 0.7335 1.0000 0.7335 0.0957 0.0125 0.0016 0.0002 1.0000 1.0000 0.1608 0.0212 0.0028 0.0004 1.0000 1.0000 0.2723 0.0359 0.0047 0.0006 1.0000 1.0000 0.4611 0.0607 0.0080 0.0011 1.0000 1.0000 0.7810 0.1028 0.0135 0.0018 0.0002 1.0000 1.0000 0.1742 0.0229 0.0030 0.0004 1.0000 1.0000 0.2983 0.0396 0.0053 0.0007 1.0000 1.0000 0.5860 0.0826 0.0119 0.0017 0.0003 1.0000
0.0002 0.0020 0.0131 0.0885 0.6076 1.0000 1.0000 0.0007 0.0049 0.0359 0.2672 1.0000 1.0000 0.0004 0.0026 0.0201 0.1522 1.0000 1.0000 0.0002 0.0016 0.0118 0.0899 0.6823 1.0000 1.0000 0.0009 0.0070 0.0531 0.4029 1.0000 1.0000 0.0005 0.0041 0.0313 0.2379 1.0000 1.0000 0.0003 0.0024 0.0185 0.1405 1.0000 1.0000 1.0000 0.0014 0.0109 0.0830 0.6347 1.0000 1.0000 1.0000 0.6347 0.0830 0.0109 0.0014 1.0000 1.0000 1.0000 0.1405 0.0185 0.0024 0.0003 1.0000 1.0000 0.2379 0.0313 0.0041 0.0005 1.0000 1.0000 0.4029 0.0531 0.0070 0.0009 1.0000 1.0000 0.6823 0.0899 0.0118 0.0016 0.0002 1.0000 1.0000 0.1522 0.0201 0.0026 0.0004 1.0000 1.0000 0.2672 0.0359 0.0049 0.0007 1.0000 1.0000 0.6076 0.0885 0.0131 0.0020 0.0002
0.0018 0.0150 0.0990 0.6657 1.0000 1.0000 0.0007 0.0047 0.0340 0.2476 1.0000 1.0000 0.0003 0.0023 0.0177 0.1337 1.0000 1.0000 1.0000 0.0014 0.0103 0.0785 0.5961 1.0000 1.0000 0.0008 0.0061 0.0464 0.3520 1.0000 1.0000 0.0005 0.0036 0.0274 0.2079 1.0000 1.0000 0.0003 0.0021 0.0162 0.1227 0.9321 1.0000 1.0000 0.0013 0.0095 0.0725 0.5504 1.0000 1.0000 0.0003 1.0000 1.0000 0.5504 0.0725 0.0095 0.0013 1.0000 1.0000 0.9321 0.1227 0.0162 0.0021 0.0003 1.0000 1.0000 0.2079 0.0274 0.0036 0.0005 1.0000 1.0000 0.3520 0.0464 0.0061 0.0008 1.0000 1.0000 0.5961 0.0785 0.0103 0.0014 1.0000 1.0000 1.0000 0.1337 0.0177 0.0023 0.0003 1.0000 1.0000 0.2476 0.0340 0.0047 0.0007 1.0000 1.0000 0.6657 0.0990 0.0150 0.0018
0.0140 0.1142 0.7504 1.0000 1.0000 0.0007 0.0049 0.0340 0.2411 1.0000 1.0000 0.0003 0.0021 0.0158 0.1188 0.8939 1.0000 1.0000 0.0012 0.0090 0.0686 0.5208 1.0000 1.0000 0.0007 0.0053 0.0405 0.3075 1.0000 1.0000 0.0004 0.0031 0.0239 0.1816 1.0000 1.0000 0.0002 0.0019 0.0141 0.1072 0.8143 1.0000 1.0000 0.0011 0.0083 0.0633 0.4809 1.0000 1.0000 0.0007 0.0023 0.0007 1.0000 1.0000 0.4809 0.0633 0.0083 0.0011 1.0000 1.0000 0.8143 0.1072 0.0141 0.0019 0.0002 1.0000 1.0000 0.1816 0.0239 0.0031 0.0004 1.0000 1.0000 0.3075 0.0405 0.0053 0.0007 1.0000 1.0000 0.5208 0.0686 0.0090 0.0012 1.0000 1.0000 0.8939 0.1188 0.0158 0.0021 0.0003 1.0000 1.0000 0.2411 0.0340 0.0049 0.0007 1.0000 1.0000 0.7504 0.1142 0.0140
0.1064 0.8671 1.0000 1.0000 0.0008 0.0053 0.0359 0.2476 1.0000 1.0000 0.0003 0.0020 0.0145 0.1076 0.8020 1.0000 1.0000 0.0010 0.0079 0.0600 0.4550 1.0000 1.0000 0.0006 0.0047 0.0354 0.2687 1.0000 1.0000 0.0004 0.0028 0.0209 0.1587 1.0000 1.0000 0.0002 0.0016 0.0123 0.0937 0.7115 1.0000 1.0000 0.0010 0.0073 0.0553 0.4201 1.0000 1.0000 0.0006 0.0044 0.0150 0.0044 0.0006 1.0000 1.0000 0.4201 0.0553 0.0073 0.0010 1.0000 1.0000 0.7115 0.0937 0.0123 0.0016 0.0002 1.0000 1.0000 0.1587 0.0209 0.0028 0.0004 1.0000 1.0000 0.2687 0.0354 0.0047 0.0006 1.0000 1.0000 0.4550 0.0600 0.0079 0.0010 1.0000 1.0000 0.8020 0.1076 0.0145 0.0020 0.0003 1.0000 1.0000 0.2476 0.0359 0.0053 0.0008 1.0000 1.0000 0.8671 0.1064
0.8082 1.0000 1.0000 0.0009 0.0059 0.0396 0.2672 1.0000 1.0000 0.0003 0.0019 0.0139 0.1005 0.7391 1.0000 1.0000 0.0009 0.0070 0.0530 0.3998 1.0000 1.0000 0.0005 0.0041 0.0309 0.2348 1.0000 1.0000 0.0003 0.0024 0.0183 0.1386 1.0000 1.0000 1.0000 0.0014 0.0108 0.0819 0.6216 1.0000 1.0000 0.0008 0.0064 0.0483 0.3671 1.0000 1.0000 0.0005 0.0038 0.0290 0.0994 0.0290 0.0038 0.0005 1.0000 1.0000 0.3671 0.0483 0.0064 0.0008 1.0000 1.0000 0.6216 0.0819 0.0108 0.0014 1.0000 1.0000 1.0000 0.1386 0.0183 0.0024 0.0003 1.0000 1.0000 0.2348 0.0309 0.0041 0.0005 1.0000 1.0000 0.3998 0.0530 0.0070 0.0009 1.0000 1.0000 0.7391 0.1005 0.0139 0.0019 0.0003 1.0000 1.0000 0.2672 0.0396 0.0059 0.0009 1.0000 1.0000 0.8082
1.0000 1.0000 0.0010 0.0067 0.0446 0.2983 1.0000 1.0000 0.0003 0.0020 0.0139 0.0981 0.7047 1.0000 1.0000 0.0009 0.0063 0.0472 0.3554 1.0000 1.0000 0.0005 0.0036 0.0270 0.2051 1.0000 1.0000 0.0003 0.0021 0.0159 0.1211 0.9197 1.0000 1.0000 0.0012 0.0094 0.0715 0.5431 1.0000 1.0000 0.0007 0.0056 0.0422 0.3207 1.0000 1.0000 0.0004 0.0033 0.0251 0.1926 0.6594 0.1926 0.0251 0.0033 0.0004 1.0000 1.0000 0.3207 0.0422 0.0056 0.0007 1.0000 1.0000 0.5431 0.0715 0.0094 0.0012 1.0000 1.0000 0.9197 0.1211 0.0159 0.0021 0.0003 1.0000 1.0000 0.2051 0.0270 0.0036 0.0005 1.0000 1.0000 0.3554 0.0472 0.0063 0.0009 1.0000 1.0000 0.7047 0.0981 0.0139 0.0020 0.0003 1.0000 1.0000 0.2983 0.0446 0.0067 0.0010 1.0000 1.0000
1.0000 0.0012 0.0077 0.0509 0.3382 1.0000 1.0000 0.0003 0.0021 0.0145 0.1005 0.7047 1.0000 1.0000 0.0008 0.0058 0.0431 0.3201 1.0000 1.0000 0.0004 0.0031 0.0237 0.1795 1.0000 1.0000 0.0002 0.0018 0.0139 0.1058 0.8036 1.0000 1.0000 0.0011 0.0082 0.0625 0.4745 1.0000 1.0000 0.0006 0.0049 0.0369 0.2802 1.0000 1.0000 0.0004 0.0029 0.0218 0.1667 1.0000 1.0000 1.0000 0.1667 0.0218 0.0029 0.0004 1.0000 1.0000 0.2802 0.0369 0.0049 0.0006 1.0000 1.0000 0.4745 0.0625 0.0082 0.0011 1.0000 1.0000 0.8036 0.1058 0.0139 0.0018 0.0002 1.0000 1.0000 0.1795 0.0237 0.0031 0.0004 1.0000 1.0000 0.3201 0.0431 0.0058 0.0008 1.0000 1.0000 0.7047 0.1005 0.0145 0.0021 0.0003 1.0000 1.0000 0.3382 0.0509 0.0077 0.0012 1.0000
0.0011 0.0089 0.0581 0.3864 1.0000 1.0000 0.0004 0.0023 0.0158 0.1076 0.7391 1.0000 1.0000 0.0008 0.0056 0.0406 0.2961 1.0000 1.0000 0.0004 0.0028 0.0210 0.1584 1.0000 1.0000 0.0002 0.0016 0.0122 0.0925 0.7021 1.0000 1.0000 0.0009 0.0072 0.0546 0.4146 1.0000 1.0000 0.0006 0.0042 0.0322 0.2448 1.0000 1.0000 0.0003 0.0025 0.0190 0.1445 1.0000 1.0000 1.0000 1.0000 1.0000 0.1445 0.0190 0.0025 0.0003 1.0000 1.0000 0.2448 0.0322 0.0042 0.0006 1.0000 1.0000 0.4146 0.0546 0.0072 0.0009 1.0000 1.0000 0.7021 0.0925 0.0122 0.0016 0.0002 1.0000 1.0000 0.1584 0.0210 0.0028 0.0004 1.0000 1.0000 0.2961 0.0406 0.0056 0.0008 1.0000 1.0000 0.7391 0.1076 0.0158 0.0023 0.0004 1.0000 1.0000 0.3864 0.0581 0.0089 0.0011
0.0083 0.0673 0.4414 1.0000 1.0000 0.0004 0.0026 0.0177 0.1188 0.8020 1.0000 1.0000 0.0008 0.0056 0.0397 0.2845 1.0000 1.0000 0.0003 0.0025 0.0188 0.1413 1.0000 1.0000 1.0000 0.0014 0.0107 0.0808 0.6134 1.0000 1.0000 0.0008 0.0063 0.0477 0.3622 1.0000 1.0000 0.0005 0.0037 0.0282 0.2139 1.0000 1.0000 0.0003 0.0022 0.0166 0.1263 0.9590 1.0000 1.0000 0.0006 1.0000 1.0000 0.9590 0.1263 0.0166 0.0022 0.0003 1.0000 1.0000 0.2139 0.0282 0.0037 0.0005 1.0000 1.0000 0.3622 0.0477 0.0063 0.0008 1.0000 1.0000 0.6134 0.0808 0.0107 0.0014 1.0000 1.0000 1.0000 0.1413 0.0188 0.0025 0.0003 1.0000 1.0000 0.2845 0.0397 0.0056 0.0008 1.0000 1.0000 0.8020 0.1188 0.0177 0.0026 0.0004 1.0000 1.0000 0.4414 0.0673 0.0083
0.0628 0.5120 1.0000 1.0000 0.0005 0.0030 0.0201 0.1337 0.8939 1.0000 1.0000 0.0009 0.0058 0.0406 0.2845 1.0000 1.0000 0.0003 0.0023 0.0172 0.1277 0.9536 1.0000 1.0000 0.0012 0.0094 0.0710 0.5369 1.0000 1.0000 0.0007 0.0055 0.0417 0.3164 1.0000 1.0000 0.0004 0.0032 0.0246 0.1869 1.0000 1.0000 0.0003 0.0019 0.0145 0.1103 0.8379 1.0000 1.0000 0.0011 0.0039 0.0011 1.0000 1.0000 0.8379 0.1103 0.0145 0.0019 0.0003 1.0000 1.0000 0.1869 0.0246 0.0032 0.0004 1.0000 1.0000 0.3164 0.0417 0.0055 0.0007 1.0000 1.0000 0.5369 0.0710 0.0094 0.0012 1.0000 1.0000 0.9536 0.1277 0.0172 0.0023 0.0003 1.0000 1.0000 0.2845 0.0406 0.0058 0.0009 1.0000 1.0000 0.8939 0.1337 0.0201 0.0030 0.0005 1.0000 1.0000 0.5120 0.0628
0.4772 1.0000 1.0000 0.0005 0.0035 0.0229 0.1522 1.0000 1.0000 1.0000 0.0009 0.0063 0.0431 0.2961 1.0000 1.0000 0.0003 0.0023 0.0163 0.1188 0.8737 1.0000 1.0000 0.0011 0.0083 0.0627 0.4736 1.0000 1.0000 0.0006 0.0048 0.0364 0.2765 1.0000 1.0000 0.0004 0.0028 0.0215 0.1633 1.0000 1.0000 0.0002 0.0017 0.0127 0.0964 0.7321 1.0000 1.0000 0.0010 0.0076 0.0261 0.0076 0.0010 1.0000 1.0000 0.7321 0.0964 0.0127 0.0017 0.0002 1.0000 1.0000 0.1633 0.0215 0.0028 0.0004 1.0000 1.0000 0.2765 0.0364 0.0048 0.0006 1.0000 1.0000 0.4736 0.0627 0.0083 0.0011 1.0000 1.0000 0.8737 0.1188 0.0163 0.0023 0.0003 1.0000 1.0000 0.2961 0.0431 0.0063 0.0009 1.0000 1.0000 1.0000 0.1522 0.0229 0.0035 0.0005 1.0000 1.0000 0.4772
1.0000 1.0000 0.0006 0.0040 0.0263 0.1742 1.0000 1.0000 1.0000 0.0010 0.0070 0.0472 0.3201 1.0000 1.0000 0.0003 0.0023 0.0160 0.1144 0.8268 1.0000 1.0000 0.0010 0.0075 0.0560 0.4209 1.0000 1.0000 0.0006 0.0042 0.0318 0.2416 1.0000 1.0000 0.0003 0.0025 0.0188 0.1426 1.0000 1.0000 1.0000 0.0015 0.0111 0.0842 0.6396 1.0000 1.0000 0.0009 0.0066 0.0506 0.1732 0.0506 0.0066 0.0009 1.0000 1.0000 0.6396 0.0842 0.0111 0.0015 1.0000 1.0000 1.0000 0.1426 0.0188 0.0025 0.0003 1.0000 1.0000 0.2416 0.0318 0.0042 0.0006 1.0000 1.0000 0.4209 0.0560 0.0075 0.0010 1.0000 1.0000 0.8268 0.1144 0.0160 0.0023 0.0003 1.0000 1.0000 0.3201 0.0472 0.0070 0.0010 1.0000 1.0000 1.0000 0.1742 0.0263 0.0040 0.0006 1.0000 1.0000
1.0000 0.0007 0.0045 0.0300 0.1993 1.0000 1.0000 1.0000 0.0012 0.0079 0.0530 0.3554 1.0000 1.0000 0.0003 0.0023 0.0163 0.1144 0.8128 1.0000 1.0000 0.0009 0.0069 0.0510 0.3791 1.0000 1.0000 0.0005 0.0037 0.0280 0.2119 1.0000 1.0000 0.0003 0.0022 0.0164 0.1246 0.9463 1.0000 1.0000 0.0013 0.0097 0.0736 0.5588 1.0000 1.0000 0.0008 0.0057 0.0438 0.3357 1.0000 0.3357 0.0438 0.0057 0.0008 1.0000 1.0000 0.5588 0.0736 0.0097 0.0013 1.0000 1.0000 0.9463 0.1246 0.0164 0.0022 0.0003 1.0000 1.0000 0.2119 0.0280 0.0037 0.0005 1.0000 1.0000 0.3791 0.0510 0.0069 0.0009 1.0000 1.0000 0.8128 0.1144 0.0163 0.0023 0.0003 1.0000 1.0000 0.3554 0.0530 0.0079 0.0012 1.0000 1.0000 1.0000 0.1993 0.0300 0.0045 0.0007 1.0000
0.0006 0.0052 0.0343 0.2282 1.0000 1.0000 0.0002 0.0014 0.0090 0.0600 0.3998 1.0000 1.0000 0.0004 0.0025 0.0172 0.1188 0.8268 1.0000 1.0000 0.0009 0.0065 0.0475 0.3493 1.0000 1.0000 0.0004 0.0033 0.0248 0.1869 1.0000 1.0000 0.0002 0.0019 0.0143 0.1089 0.8268 1.0000 1.0000 0.0011 0.0085 0.0643 0.4882 1.0000 1.0000 0.0007 0.0050 0.0380 0.2905 1.0000 1.0000 1.0000 0.2905 0.0380 0.0050 0.0007 1.0000 1.0000 0.4882 0.0643 0.0085 0.0011 1.0000 1.0000 0.8268 0.1089 0.0143 0.0019 0.0002 1.0000 1.0000 0.1869 0.0248 0.0033 0.0004 1.0000 1.0000 0.3493 0.0475 0.0065 0.0009 1.0000 1.0000 0.8268 0.1188 0.0172 0.0025 0.0004 1.0000 1.0000 0.3998 0.0600 0.0090 0.0014 0.0002 1.0000 1.0000 0.2282 0.0343 0.0052 0.0006
0.0049 0.0398 0.2606 1.0000 1.0000 0.0002 0.0016 0.0103 0.0686 0.4550 1.0000 1.0000 0.0004 0.0028 0.0188 0.1277 0.8737 1.0000 1.0000 0.0009 0.0064 0.0459 0.3312 1.0000 1.0000 0.0004 0.0030 0.0222 0.1664 1.0000 1.0000 0.0002 0.0017 0.0126 0.0951 0.7224 1.0000 1.0000 0.0010 0.0074 0.0562 0.4266 1.0000 1.0000 0.0006 0.0044 0.0332 0.2519 1.0000 1.0000 1.0000 1.0000 1.0000 0.2519 0.0332 0.0044 0.0006 1.0000 1.0000 0.4266 0.0562 0.0074 0.0010 1.0000 1.0000 0.7224 0.0951 0.0126 0.0017 0.0002 1.0000 1.0000 0.1664 0.0222 0.0030 0.0004 1.0000 1.0000 0.3312 0.0459 0.0064 0.0009 1.0000 1.0000 0.8737 0.1277 0.0188 0.0028 0.0004 1.0000 1.0000 0.4550 0.0686 0.0103 0.0016 0.0002 1.0000 1.0000 0.2606 0.0398 0.0049
0.0371 0.3018 1.0000 1.0000 0.0003 0.0018 0.0118 0.0785 0.5208 1.0000 1.0000 0.0005 0.0031 0.0210 0.1413 0.9536 1.0000 1.0000 0.0009 0.0065 0.0459 0.3250 1.0000 1.0000 0.0004 0.0028 0.0203 0.1507 1.0000 1.0000 1.0000 0.0015 0.0111 0.0836 0.6323 1.0000 1.0000 0.0009 0.0065 0.0491 0.3727 1.0000 1.0000 0.0005 0.0038 0.0290 0.2201 1.0000 1.0000 0.0003 0.0010 0.0003 1.0000 1.0000 0.2201 0.0290 0.0038 0.0005 1.0000 1.0000 0.3727 0.0491 0.0065 0.0009 1.0000 1.0000 0.6323 0.0836 0.0111 0.0015 1.0000 1.0000 1.0000 0.1507 0.0203 0.0028 0.0004 1.0000 1.0000 0.3250 0.0459 0.0065 0.0009 1.0000 1.0000 0.9536 0.1413 0.0210 0.0031 0.0005 1.0000 1.0000 0.5208 0.0785 0.0118 0.0018 0.0003 1.0000 1.0000 0.3018 0.0371
0.2818 1.0000 1.0000 0.0003 0.0020 0.0135 0.0899 0.5961 1.0000 1.0000 0.0005 0.0036 0.0237 0.1584 1.0000 1.0000 1.0000 0.0010 0.0069 0.0475 0.3312 1.0000 1.0000 0.0004 0.0026 0.0190 0.1394 1.0000 1.0000 1.0000 0.0013 0.0098 0.0740 0.5577 1.0000 1.0000 0.0007 0.0056 0.0429 0.3256 1.0000 1.0000 0.0004 0.0033 0.0253 0.1923 1.0000 1.0000 0.0003 0.0020 0.0069 0.0020 0.0003 1.0000 1.0000 0.1923 0.0253 0.0033 0.0004 1.0000 1.0000 0.3256 0.0429 0.0056 0.0007 1.0000 1.0000 0.5577 0.0740 0.0098 0.0013 1.0000 1.0000 1.0000 0.1394 0.0190 0.0026 0.0004 1.0000 1.0000 0.3312 0.0475 0.0069 0.0010 1.0000 1.0000 1.0000 0.1584 0.0237 0.0036 0.0005 1.0000 1.0000 0.5961 0.0899 0.0135 0.0020 0.0003 1.0000 1.0000 0.2818
1.0000 1.0000 0.0004 0.0023 0.0155 0.1028 0.6823 1.0000 1.0000 0.0006 0.0041 0.0270 0.1795 1.0000 1.0000 1.0000 0.0011 0.0075 0.0510 0.3493 1.0000 1.0000 0.0004 0.0026 0.0184 0.1324 0.9627 1.0000 1.0000 0.0012 0.0088 0.0660 0.4957 1.0000 1.0000 0.0007 0.0049 0.0375 0.2845 1.0000 1.0000 0.0004 0.0029 0.0221 0.1680 1.0000 1.0000 0.0002 0.0017 0.0133 0.0455 0.0133 0.0017 0.0002 1.0000 1.0000 0.1680 0.0221 0.0029 0.0004 1.0000 1.0000 0.2845 0.0375 0.0049 0.0007 1.0000 1.0000 0.4957 0.0660 0.0088 0.0012 1.0000 1.0000 0.9627 0.1324 0.0184 0.0026 0.0004 1.0000 1.0000 0.3493 0.0510 0.0075 0.0011 1.0000 1.0000 1.0000 0.1795 0.0270 0.0041 0.0006 1.0000 1.0000 0.6823 0.1028 0.0155 0.0023 0.0004 1.0000 1.0000
1.0000 0.0004 0.0027 0.0177 0.1177 0.7810 1.0000 1.0000 0.0007 0.0047 0.0309 0.2051 1.0000 1.0000 1.0000 0.0012 0.0083 0.0560 0.3791 1.0000 1.0000 0.0004 0.0026 0.0184 0.1302 0.9321 1.0000 1.0000 0.0011 0.0081 0.0599 0.4456 1.0000 1.0000 0.0006 0.0044 0.0329 0.2490 1.0000 1.0000 0.0003 0.0025 0.0193 0.1468 1.0000 1.0000 1.0000 0.0015 0.0115 0.0882 0.3018 0.0882 0.0115 0.0015 1.0000 1.0000 1.0000 0.1468 0.0193 0.0025 0.0003 1.0000 1.0000 0.2490 0.0329 0.0044 0.0006 1.0000 1.0000 0.4456 0.0599 0.0081 0.0011 1.0000 1.0000 0.9321 0.1302 0.0184 0.0026 0.0004 1.0000 1.0000 0.3791 0.0560 0.0083 0.0012 1.0000 1.0000 1.0000 0.2051 0.0309 0.0047 0.0007 1.0000 1.0000 0.7810 0.1177 0.0177 0.0027 0.0004 1.0000
0.0004 0.0031 0.0203 0.1347 0.8939 1.0000 1.0000 0.0008 0.0053 0.0354 0.2348 1.0000 1.0000 0.0002 0.0014 0.0094 0.0627 0.4209 1.0000 1.0000 0.0004 0.0028 0.0190 0.1324 0.9321 1.0000 1.0000 0.0010 0.0076 0.0555 0.4091 1.0000 1.0000 0.0005 0.0039 0.0292 0.2201 1.0000 1.0000 0.0003 0.0022 0.0169 0.1282 0.9737 1.0000 1.0000 0.0013 0.0100 0.0763 0.5849 1.0000 0.5849 0.0763 0.0100 0.0013 1.0000 1.0000 0.9737 0.1282 0.0169 0.0022 0.0003 1.0000 1.0000 0.2201 0.0292 0.0039 0.0005 1.0000 1.0000 0.4091 0.0555 0.0076 0.0010 1.0000 1.0000 0.9321 0.1324 0.0190 0.0028 0.0004 1.0000 1.0000 0.4209 0.0627 0.0094 0.0014 0.0002 1.0000 1.0000 0.2348 0.0354 0.0053 0.0008 1.0000 1.0000 0.8939 0.1347 0.0203 0.0031 0.0004
0.0029 0.0235 0.1539 1.0000 1.0000 1.0000 0.0009 0.0061 0.0405 0.2687 1.0000 1.0000 0.0002 0.0016 0.0107 0.0710 0.4736 1.0000 1.0000 0.0004 0.0030 0.0203 0.1394 0.9627 1.0000 1.0000 0.0010 0.0074 0.0530 0.3842 1.0000 1.0000 0.0005 0.0035 0.0262 0.1960 1.0000 1.0000 0.0003 0.0020 0.0148 0.1120 0.8507 1.0000 1.0000 0.0011 0.0087 0.0662 0.5062 1.0000 1.0000 1.0000 0.5062 0.0662 0.0087 0.0011 1.0000 1.0000 0.8507 0.1120 0.0148 0.0020 0.0003 1.0000 1.0000 0.1960 0.0262 0.0035 0.0005 1.0000 1.0000 0.3842 0.0530 0.0074 0.0010 1.0000 1.0000 0.9627 0.1394 0.0203 0.0030 0.0004 1.0000 1.0000 0.4736 0.0710 0.0107 0.0016 0.0002 1.0000 1.0000 0.2687 0.0405 0.0061 0.0009 1.0000 1.0000 1.0000 0.1539 0.0235 0.0029
0.0219 0.1785 1.0000 1.0000 1.0000 0.0011 0.0070 0.0464 0.3075 1.0000 1.0000 0.0003 0.0018 0.0122 0.0808 0.5369 1.0000 1.0000 0.0005 0.0033 0.0222 0.1507 1.0000 1.0000 1.0000 0.0010 0.0074 0.0522 0.3727 1.0000 1.0000 0.0004 0.0032 0.0238 0.1768 1.0000 1.0000 0.0002 0.0017 0.0130 0.0984 0.7447 1.0000 1.0000 0.0010 0.0076 0.0578 0.4389 1.0000 1.0000 0.0003 1.0000 1.0000 0.4389 0.0578 0.0076 0.0010 1.0000 1.0000 0.7447 0.0984 0.0130 0.0017 0.0002 1.0000 1.0000 0.1768 0.0238 0.0032 0.0004 1.0000 1.0000 0.3727 0.0522 0.0074 0.0010 1.0000 1.0000 1.0000 0.1507 0.0222 0.0033 0.0005 1.0000 1.0000 0.5369 0.0808 0.0122 0.0018 0.0003 1.0000 1.0000 0.3075 0.0464 0.0070 0.0011 1.0000 1.0000 1.0000 0.1785 0.0219
0.1664 1.0000 1.0000 1.0000 0.0012 0.0080 0.0531 0.3520 1.0000 1.0000 0.0003 0.0021 0.0139 0.0925 0.6134 1.0000 1.0000 0.0006 0.0037 0.0248 0.1664 1.0000 1.0000 1.0000 0.0011 0.0076 0.0530 0.3727 1.0000 1.0000 0.0004 0.0030 0.0222 0.1629 1.0000 1.0000 0.0002 0.0015 0.0116 0.0872 0.6569 1.0000 1.0000 0.0009 0.0066 0.0505 0.3835 1.0000 1.0000 0.0005 0.0018 0.0005 1.0000 1.0000 0.3835 0.0505 0.0066 0.0009 1.0000 1.0000 0.6569 0.0872 0.0116 0.0015 0.0002 1.0000 1.0000 0.1629 0.0222 0.0030 0.0004 1.0000 1.0000 0.3727 0.0530 0.0076 0.0011 1.0000 1.0000 1.0000 0.1664 0.0248 0.0037 0.0006 1.0000 1.0000 0.6134 0.0925 0.0139 0.0021 0.0003 1.0000 1.0000 0.3520 0.0531 0.0080 0.0012 1.0000 1.0000 1.0000 0.1664
1.0000 1.0000 0.0002 0.0014 0.0092 0.0607 0.4029 1.0000 1.0000 0.0004 0.0024 0.0159 0.1058 0.7021 1.0000 1.0000 0.0006 0.0042 0.0280 0.1869 1.0000 1.0000 1.0000 0.0012 0.0081 0.0555 0.3842 1.0000 1.0000 0.0004 0.0030 0.0212 0.1536 1.0000 1.0000 1.0000 0.0014 0.0104 0.0776 0.5838 1.0000 1.0000 0.0008 0.0058 0.0441 0.3350 1.0000 1.0000 0.0005 0.0035 0.0119 0.0035 0.0005 1.0000 1.0000 0.3350 0.0441 0.0058 0.0008 1.0000 1.0000 0.5838 0.0776 0.0104 0.0014 1.0000 1.0000 1.0000 0.1536 0.0212 0.0030 0.0004 1.0000 1.0000 0.3842 0.0555 0.0081 0.0012 1.0000 1.0000 1.0000 0.1869 0.0280 0.0042 0.0006 1.0000 1.0000 0.7021 0.1058 0.0159 0.0024 0.0004 1.0000 1.0000 0.4029 0.0607 0.0092 0.0014 0.0002 1.0000 1.0000
1.0000 0.0002 0.0016 0.0105 0.0695 0.4611 1.0000 1.0000 0.0004 0.0028 0.0183 0.1211 0.8036 1.0000 1.0000 0.0007 0.0048 0.0318 0.2119 1.0000 1.0000 1.0000 0.0013 0.0088 0.0599 0.4091 1.0000 1.0000 0.0004 0.0030 0.0209 0.1490 1.0000 1.0000 1.0000 0.0013 0.0095 0.0702 0.5228 1.0000 1.0000 0.0007 0.0051 0.0388 0.2933 1.0000 1.0000 0.0004 0.0030 0.0232 0.0793 0.0232 0.0030 0.0004 1.0000 1.0000 0.2933 0.0388 0.0051 0.0007 1.0000 1.0000 0.5228 0.0702 0.0095 0.0013 1.0000 1.0000 1.0000 0.1490 0.0209 0.0030 0.0004 1.0000 1.0000 0.4091 0.0599 0.0088 0.0013 1.0000 1.0000 1.0000 0.2119 0.0318 0.0048 0.0007 1.0000 1.0000 0.8036 0.1211 0.0183 0.0028 0.0004 1.0000 1.0000 0.4611 0.0695 0.0105 0.0016 0.0002 1.0000
0.0002 0.0018 0.0120 0.0796 0.5278 1.0000 1.0000 0.0005 0.0031 0.0209 0.1386 0.9197 1.0000 1.0000 0.0008 0.0055 0.0364 0.2416 1.0000 1.0000 0.0002 0.0015 0.0098 0.0660 0.4456 1.0000 1.0000 0.0004 0.0030 0.0212 0.1490 1.0000 1.0000 1.0000 0.0012 0.0088 0.0648 0.4781 1.0000 1.0000 0.0006 0.0046 0.0343 0.2587 1.0000 1.0000 0.0003 0.0026 0.0200 0.1536 0.5258 0.1536 0.0200 0.0026 0.0003 1.0000 1.0000 0.2587 0.0343 0.0046 0.0006 1.0000 1.0000 0.4781 0.0648 0.0088 0.0012 1.0000 1.0000 1.0000 0.1490 0.0212 0.0030 0.0004 1.0000 1.0000 0.4456 0.0660 0.0098 0.0015 0.0002 1.0000 1.0000 0.2416 0.0364 0.0055 0.0008 1.0000 1.0000 0.9197 0.1386 0.0209 0.0031 0.0005 1.0000 1.0000 0.5278 0.0796 0.0120 0.0018 0.0002
0.0017 0.0139 0.0909 0.6041 1.0000 1.0000 0.0005 0.0036 0.0239 0.1587 1.0000 1.0000 1.0000 0.0009 0.0063 0.0417 0.2765 1.0000 1.0000 0.0002 0.0017 0.0111 0.0740 0.4957 1.0000 1.0000 0.0005 0.0032 0.0222 0.1536 1.0000 1.0000 1.0000 0.0012 0.0085 0.0612 0.4465 1.0000 1.0000 0.0006 0.0041 0.0307 0.2303 1.0000 1.0000 0.0003 0.0023 0.0174 0.1329 1.0000 1.0000 1.0000 0.1329 0.0174 0.0023 0.0003 1.0000 1.0000 0.2303 0.0307 0.0041 0.0006 1.0000 1.0000 0.4465 0.0612 0.0085 0.0012 1.0000 1.0000 1.0000 0.1536 0.0222 0.0032 0.0005 1.0000 1.0000 0.4957 0.0740 0.0111 0.0017 0.0002 1.0000 1.0000 0.2765 0.0417 0.0063 0.0009 1.0000 1.0000 1.0000 0.1587 0.0239 0.0036 0.0005 1.0000 1.0000 0.6041 0.0909 0.0139 0.0017
0.0129 0.1052 0.6901 1.0000 1.0000 0.0006 0.0041 0.0274 0.1816 1.0000 1.0000 1.0000 0.0011 0.0072 0.0477 0.3164 1.0000 1.0000 0.0003 0.0019 0.0126 0.0836 0.5577 1.0000 1.0000 0.0005 0.0035 0.0238 0.1629 1.0000 1.0000 1.0000 0.0012 0.0083 0.0594 0.4274 1.0000 1.0000 0.0005 0.0038 0.0278 0.2071 1.0000 1.0000 0.0003 0.0020 0.0153 0.1155 0.8820 1.0000 1.0000 1.0000 0.8820 0.1155 0.0153 0.0020 0.0003 1.0000 1.0000 0.2071 0.0278 0.0038 0.0005 1.0000 1.0000 0.4274 0.0594 0.0083 0.0012 1.0000 1.0000 1.0000 0.1629 0.0238 0.0035 0.0005 1.0000 1.0000 0.5577 0.0836 0.0126 0.0019 0.0003 1.0000 1.0000 0.3164 0.0477 0.0072 0.0011 1.0000 1.0000 1.0000 0.1816 0.0274 0.0041 0.0006 1.0000 1.0000 0.6901 0.1052 0.0129
0.0983 0.8005 1.0000 1.0000 0.0007 0.0047 0.0313 0.2079 1.0000 1.0000 1.0000 0.0012 0.0082 0.0546 0.3622 1.0000 1.0000 0.0003 0.0022 0.0143 0.0951 0.6323 1.0000 1.0000 0.0006 0.0039 0.0262 0.1768 1.0000 1.0000 1.0000 0.0012 0.0085 0.0594 0.4217 1.0000 1.0000 0.0005 0.0035 0.0257 0.1894 1.0000 1.0000 0.0002 0.0018 0.0135 0.1021 0.7706 1.0000 1.0000 0.0005 1.0000 1.0000 0.7706 0.1021 0.0135 0.0018 0.0002 1.0000 1.0000 0.1894 0.0257 0.0035 0.0005 1.0000 1.0000 0.4217 0.0594 0.0085 0.0012 1.0000 1.0000 1.0000 0.1768 0.0262 0.0039 0.0006 1.0000 1.0000 0.6323 0.0951 0.0143 0.0022 0.0003 1.0000 1.0000 0.3622 0.0546 0.0082 0.0012 1.0000 1.0000 1.0000 0.2079 0.0313 0.0047 0.0007 1.0000 1.0000 0.8005 0.0983
0.7461 1.0000 1.0000 0.0008 0.0054 0.0359 0.2379 1.0000 1.0000 0.0002 0.0014 0.0094 0.0625 0.4146 1.0000 1.0000 0.0004 0.0025 0.0164 0.1089 0.7224 1.0000 1.0000 0.0007 0.0044 0.0292 0.1960 1.0000 1.0000 1.0000 0.0013 0.0088 0.0612 0.4274 1.0000 1.0000 0.0005 0.0034 0.0243 0.1775 1.0000 1.0000 0.0002 0.0016 0.0121 0.0909 0.6836 1.0000 1.0000 0.0009 0.0032 0.0009 1.0000 1.0000 0.6836 0.0909 0.0121 0.0016 0.0002 1.0000 1.0000 0.1775 0.0243 0.0034 0.0005 1.0000 1.0000 0.4274 0.0612 0.0088 0.0013 1.0000 1.0000 1.0000 0.1960 0.0292 0.0044 0.0007 1.0000 1.0000 0.7224 0.1089 0.0164 0.0025 0.0004 1.0000 1.0000 0.4146 0.0625 0.0094 0.0014 0.0002 1.0000 1.0000 0.2379 0.0359 0.0054 0.0008 1.0000 1.0000 0.7461
1.0000 1.0000 0.0009 0.0062 0.0410 0.2723 1.0000 1.0000 0.0002 0.0016 0.0108 0.0715 0.4745 1.0000 1.0000 0.0004 0.0028 0.0188 0.1246 0.8268 1.0000 1.0000 0.0007 0.0049 0.0329 0.2201 1.0000 1.0000 0.0002 0.0014 0.0095 0.0648 0.4465 1.0000 1.0000 0.0005 0.0033 0.0237 0.1702 1.0000 1.0000 0.0002 0.0015 0.0110 0.0819 0.6111 1.0000 1.0000 0.0008 0.0062 0.0211 0.0062 0.0008 1.0000 1.0000 0.6111 0.0819 0.0110 0.0015 0.0002 1.0000 1.0000 0.1702 0.0237 0.0033 0.0005 1.0000 1.0000 0.4465 0.0648 0.0095 0.0014 0.0002 1.0000 1.0000 0.2201 0.0329 0.0049 0.0007 1.0000 1.0000 0.8268 0.1246 0.0188 0.0028 0.0004 1.0000 1.0000 0.4745 0.0715 0.0108 0.0016 0.0002 1.0000 1.0000 0.2723 0.0410 0.0062 0.0009 1.0000 1.0000
1.0000 0.0011 0.0071 0.0470 0.3117 1.0000 1.0000 0.0003 0.0019 0.0123 0.0819 0.5431 1.0000 1.0000 0.0005 0.0032 0.0215 0.1426 0.9463 1.0000 1.0000 0.0009 0.0056 0.0375 0.2490 1.0000 1.0000 0.0002 0.0015 0.0104 0.0702 0.4781 1.0000 1.0000 0.0005 0.0034 0.0237 0.1677 1.0000 1.0000 1.0000 0.0014 0.0102 0.0751 0.5556 1.0000 1.0000 0.0007 0.0054 0.0411 0.1405 0.0411 0.0054 0.0007 1.0000 1.0000 0.5556 0.0751 0.0102 0.0014 1.0000 1.0000 1.0000 0.1677 0.0237 0.0034 0.0005 1.0000 1.0000 0.4781 0.0702 0.0104 0.0015 0.0002 1.0000 1.0000 0.2490 0.0375 0.0056 0.0009 1.0000 1.0000 0.9463 0.1426 0.0215 0.0032 0.0005 1.0000 1.0000 0.5431 0.0819 0.0123 0.0019 0.0003 1.0000 1.0000 0.3117 0.0470 0.0071 0.0011 1.0000
0.0010 0.0082 0.0537 0.3567 1.0000 1.0000 0.0003 0.0021 0.0141 0.0937 0.6216 1.0000 1.0000 0.0006 0.0037 0.0246 0.1633 1.0000 1.0000 1.0000 0.0010 0.0065 0.0429 0.2845 1.0000 1.0000 0.0003 0.0017 0.0116 0.0776 0.5228 1.0000 1.0000 0.0005 0.0035 0.0243 0.1702 1.0000 1.0000 1.0000 0.0013 0.0097 0.0706 0.5159 1.0000 1.0000 0.0006 0.0048 0.0363 0.2754 0.9410 0.2754 0.0363 0.0048 0.0006 1.0000 1.0000 0.5159 0.0706 0.0097 0.0013 1.0000 1.0000 1.0000 0.1702 0.0243 0.0035 0.0005 1.0000 1.0000 0.5228 0.0776 0.0116 0.0017 0.0003 1.0000 1.0000 0.2845 0.0429 0.0065 0.0010 1.0000 1.0000 1.0000 0.1633 0.0246 0.0037 0.0006 1.0000 1.0000 0.6216 0.0937 0.0141 0.0021 0.0003 1.0000 1.0000 0.3567 0.0537 0.0082 0.0010
0.0076 0.0622 0.4075 1.0000 1.0000 0.0004 0.0024 0.0162 0.1072 0.7115 1.0000 1.0000 0.0006 0.0042 0.0282 0.1869 1.0000 1.0000 1.0000 0.0011 0.0074 0.0491 0.3256 1.0000 1.0000 0.0003 0.0020 0.0130 0.0872 0.5838 1.0000 1.0000 0.0006 0.0038 0.0257 0.1775 1.0000 1.0000 1.0000 0.0013 0.0094 0.0678 0.4901 1.0000 1.0000 0.0006 0.0044 0.0324 0.2443 1.0000 1.0000 1.0000 0.2443 0.0324 0.0044 0.0006 1.0000 1.0000 0.4901 0.0678 0.0094 0.0013 1.0000 1.0000 1.0000 0.1775 0.0257 0.0038 0.0006 1.0000 1.0000 0.5838 0.0872 0.0130 0.0020 0.0003 1.0000 1.0000 0.3256 0.0491 0.0074 0.0011 1.0000 1.0000 1.0000 0.1869 0.0282 0.0042 0.0006 1.0000 1.0000 0.7115 0.1072 0.0162 0.0024 0.0004 1.0000 1.0000 0.4075 0.0622 0.0076
0.0580 0.4718 1.0000 1.0000 0.0004 0.0028 0.0185 0.1227 0.8143 1.0000 1.0000 0.0007 0.0049 0.0322 0.2139 1.0000 1.0000 1.0000 0.0013 0.0085 0.0562 0.3727 1.0000 1.0000 0.0003 0.0022 0.0148 0.0984 0.6569 1.0000 1.0000 0.0006 0.0041 0.0278 0.1894 1.0000 1.0000 1.0000 0.0013 0.0094 0.0668 0.4772 1.0000 1.0000 0.0006 0.0041 0.0298 0.2205 1.0000 1.0000 1.0000 1.0000 1.0000 0.2205 0.0298 0.0041 0.0006 1.0000 1.0000 0.4772 0.0668 0.0094 0.0013 1.0000 1.0000 1.0000 0.1894 0.0278 0.0041 0.0006 1.0000 1.0000 0.6569 0.0984 0.0148 0.0022 0.0003 1.0000 1.0000 0.3727 0.0562 0.0085 0.0013 1.0000 1.0000 1.0000 0.2139 0.0322 0.0049 0.0007 1.0000 1.0000 0.8143 0.1227 0.0185 0.0028 0.0004 1.0000 1.0000 0.4718 0.0580
0.4406 1.0000 1.0000 0.0005 0.0032 0.0212 0.1405 0.9321 1.0000 1.0000 0.0008 0.0056 0.0369 0.2448 1.0000 1.0000 0.0002 0.0015 0.0097 0.0643 0.4266 1.0000 1.0000 0.0004 0.0025 0.0169 0.1120 0.7447 1.0000 1.0000 0.0007 0.0046 0.0307 0.2071 1.0000 1.0000 0.0002 0.0014 0.0097 0.0678 0.4772 1.0000 1.0000 0.0005 0.0039 0.0280 0.2047 1.0000 1.0000 0.0003 0.0009 0.0003 1.0000 1.0000 0.2047 0.0280 0.0039 0.0005 1.0000 1.0000 0.4772 0.0678 0.0097 0.0014 0.0002 1.0000 1.0000 0.2071 0.0307 0.0046 0.0007 1.0000 1.0000 0.7447 0.1120 0.0169 0.0025 0.0004 1.0000 1.0000 0.4266 0.0643 0.0097 0.0015 0.0002 1.0000 1.0000 0.2448 0.0369 0.0056 0.0008 1.0000 1.0000 0.9321 0.1405 0.0212 0.0032 0.0005 1.0000 1.0000 0.4406
1.0000 1.0000 0.0005 0.0037 0.0242 0.1608 1.0000 1.0000 1.0000 0.0010 0.0064 0.0422 0.2802 1.0000 1.0000 0.0003 0.0017 0.0111 0.0736 0.4882 1.0000 1.0000 0.0004 0.0029 0.0193 0.1282 0.8507 1.0000 1.0000 0.0008 0.0051 0.0343 0.2303 1.0000 1.0000 0.0002 0.0015 0.0102 0.0706 0.4901 1.0000 1.0000 0.0005 0.0038 0.0270 0.1948 1.0000 1.0000 0.0002 0.0018 0.0060 0.0018 0.0002 1.0000 1.0000 0.1948 0.0270 0.0038 0.0005 1.0000 1.0000 0.4901 0.0706 0.0102 0.0015 0.0002 1.0000 1.0000 0.2303 0.0343 0.0051 0.0008 1.0000 1.0000 0.8507 0.1282 0.0193 0.0029 0.0004 1.0000 1.0000 0.4882 0.0736 0.0111 0.0017 0.0003 1.0000 1.0000 0.2802 0.0422 0.0064 0.0010 1.0000 1.0000 1.0000 0.1608 0.0242 0.0037 0.0005 1.0000 1.0000
1.0000 0.0006 0.0042 0.0277 0.1840 1.0000 1.0000 1.0000 0.0011 0.0073 0.0483 0.3207 1.0000 1.0000 0.0003 0.0019 0.0127 0.0842 0.5588 1.0000 1.0000 0.0005 0.0033 0.0221 0.1468 0.9737 1.0000 1.0000 0.0009 0.0058 0.0388 0.2587 1.0000 1.0000 0.0002 0.0016 0.0110 0.0751 0.5159 1.0000 1.0000 0.0005 0.0038 0.0266 0.1901 1.0000 1.0000 0.0002 0.0016 0.0121 0.0410 0.0121 0.0016 0.0002 1.0000 1.0000 0.1901 0.0266 0.0038 0.0005 1.0000 1.0000 0.5159 0.0751 0.0110 0.0016 0.0002 1.0000 1.0000 0.2587 0.0388 0.0058 0.0009 1.0000 1.0000 0.9737 0.1468 0.0221 0.0033 0.0005 1.0000 1.0000 0.5588 0.0842 0.0127 0.0019 0.0003 1.0000 1.0000 0.3207 0.0483 0.0073 0.0011 1.0000 1.0000 1.0000 0.1840 0.0277 0.0042 0.0006 1.0000
0.0006 0.0048 0.0317 0.2106 1.0000 1.0000 1.0000 0.0013 0.0083 0.0553 0.3671 1.0000 1.0000 0.0003 0.0022 0.0145 0.0964 0.6396 1.0000 1.0000 0.0006 0.0038 0.0253 0.1680 1.0000 1.0000 1.0000 0.0010 0.0066 0.0441 0.2933 1.0000 1.0000 0.0003 0.0018 0.0121 0.0819 0.5556 1.0000 1.0000 0.0006 0.0039 0.0270 0.1901 1.0000 1.0000 0.0002 0.0015 0.0113 0.0834 0.2818 0.0834 0.0113 0.0015 0.0002 1.0000 1.0000 0.1901 0.0270 0.0039 0.0006 1.0000 1.0000 0.5556 0.0819 0.0121 0.0018 0.0003 1.0000 1.0000 0.2933 0.0441 0.0066 0.0010 1.0000 1.0000 1.0000 0.1680 0.0253 0.0038 0.0006 1.0000 1.0000 0.6396 0.0964 0.0145 0.0022 0.0003 1.0000 1.0000 0.3671 0.0553 0.0083 0.0013 1.0000 1.0000 1.0000 0.2106 0.0317 0.0048 0.0006
0.0045 0.0367 0.2406 1.0000 1.0000 0.0002 0.0014 0.0095 0.0633 0.4201 1.0000 1.0000 0.0004 0.0025 0.0166 0.1103 0.7321 1.0000 1.0000 0.0007 0.0044 0.0290 0.1923 1.0000 1.0000 1.0000 0.0011 0.0076 0.0505 0.3350 1.0000 1.0000 0.0003 0.0020 0.0135 0.0909 0.6111 1.0000 1.0000 0.0006 0.0041 0.0280 0.1948 1.0000 1.0000 0.0002 0.0015 0.0107 0.0784 0.5772 1.0000 0.5772 0.0784 0.0107 0.0015 0.0002 1.0000 1.0000 0.1948 0.0280 0.0041 0.0006 1.0000 1.0000 0.6111 0.0909 0.0135 0.0020 0.0003 1.0000 1.0000 0.3350 0.0505 0.0076 0.0011 1.0000 1.0000 1.0000 0.1923 0.0290 0.0044 0.0007 1.0000 1.0000 0.7321 0.1103 0.0166 0.0025 0.0004 1.0000 1.0000 0.4201 0.0633 0.0095 0.0014 0.0002 1.0000 1.0000 0.2406 0.0367 0.0045
0.0343 0.2791 1.0000 1.0000 0.0002 0.0016 0.0109 0.0725 0.4809 1.0000 1.0000 0.0004 0.0029 0.0190 0.1263 0.8379 1.0000 1.0000 0.0008 0.0050 0.0332 0.2201 1.0000 1.0000 1.0000 0.0013 0.0087 0.0578 0.3835 1.0000 1.0000 0.0003 0.0023 0.0153 0.1021 0.6836 1.0000 1.0000 0.0006 0.0044 0.0298 0.2047 1.0000 1.0000 0.0002 0.0015 0.0106 0.0757 0.5483 1.0000 1.0000 1.0000 0.5483 0.0757 0.0106 0.0015 0.0002 1.0000 1.0000 0.2047 0.0298 0.0044 0.0006 1.0000 1.0000 0.6836 0.1021 0.0153 0.0023 0.0003 1.0000 1.0000 0.3835 0.0578 0.0087 0.0013 1.0000 1.0000 1.0000 0.2201 0.0332 0.0050 0.0008 1.0000 1.0000 0.8379 0.1263 0.0190 0.0029 0.0004 1.0000 1.0000 0.4809 0.0725 0.0109 0.0016 0.0002 1.0000 1.0000 0.2791 0.0343
0.2602 1.0000 1.0000 0.0003 0.0019 0.0125 0.0830 0.5504 1.0000 1.0000 0.0005 0.0033 0.0218 0.1445 0.9590 1.0000 1.0000 0.0009 0.0057 0.0380 0.2519 1.0000 1.0000 0.0002 0.0015 0.0100 0.0662 0.4389 1.0000 1.0000 0.0004 0.0026 0.0174 0.1155 0.7706 1.0000 1.0000 0.0007 0.0048 0.0324 0.2205 1.0000 1.0000 0.0002 0.0015 0.0107 0.0757 0.5359 1.0000 1.0000 0.0003 1.0000 1.0000 0.5359 0.0757 0.0107 0.0015 0.0002 1.0000 1.0000 0.2205 0.0324 0.0048 0.0007 1.0000 1.0000 0.7706 0.1155 0.0174 0.0026 0.0004 1.0000 1.0000 0.4389 0.0662 0.0100 0.0015 0.0002 1.0000 1.0000 0.2519 0.0380 0.0057 0.0009 1.0000 1.0000 0.9590 0.1445 0.0218 0.0033 0.0005 1.0000 1.0000 0.5504 0.0830 0.0125 0.0019 0.0003 1.0000 1.0000 0.2602
1.0000 1.0000 0.0003 0.0022 0.0144 0.0957 0.6347 1.0000 1.0000 0.0006 0.0038 0.0251 0.1667 1.0000 1.0000 1.0000 0.0010 0.0066 0.0438 0.2905 1.0000 1.0000 0.0003 0.0017 0.0115 0.0763 0.5062 1.0000 1.0000 0.0005 0.0030 0.0200 0.1329 0.8820 1.0000 1.0000 0.0008 0.0054 0.0363 0.2443 1.0000 1.0000 0.0002 0.0016 0.0113 0.0784 0.5483 1.0000 1.0000 0.0006 0.0021 0.0006 1.0000 1.0000 0.5483 0.0784 0.0113 0.0016 0.0002 1.0000 1.0000 0.2443 0.0363 0.0054 0.0008 1.0000 1.0000 0.8820 0.1329 0.0200 0.0030 0.0005 1.0000 1.0000 0.5062 0.0763 0.0115 0.0017 0.0003 1.0000 1.0000 0.2905 0.0438 0.0066 0.0010 1.0000 1.0000 1.0000 0.1667 0.0251 0.0038 0.0006 1.0000 1.0000 0.6347 0.0957 0.0144 0.0022 0.0003 1.0000 1.0000
1.0000 0.0004 0.0025 0.0167 0.1105 0.7335 1.0000 1.0000 0.0007 0.0044 0.0290 0.1926 1.0000 1.0000 1.0000 0.0011 0.0076 0.0506 0.3357 1.0000 1.0000 0.0003 0.0020 0.0133 0.0882 0.5849 1.0000 1.0000 0.0005 0.0035 0.0232 0.1536 1.0000 1.0000 1.0000 0.0009 0.0062 0.0411 0.2754 1.0000 1.0000 0.0003 0.0018 0.0121 0.0834 0.5772 1.0000 1.0000 0.0006 0.0045 0.0148 0.0045 0.0006 1.0000 1.0000 0.5772 0.0834 0.0121 0.0018 0.0003 1.0000 1.0000 0.2754 0.0411 0.0062 0.0009 1.0000 1.0000 1.0000 0.1536 0.0232 0.0035 0.0005 1.0000 1.0000 0.5849 0.0882 0.0133 0.0020 0.0003 1.0000 1.0000 0.3357 0.0506 0.0076 0.0011 1.0000 1.0000 1.0000 0.1926 0.0290 0.0044 0.0007 1.0000 1.0000 0.7335 0.1105 0.0167 0.0025 0.0004 1.0000
1.0000 0.0013 0.0086 0.0570 0.3784 1.0000 1.0000 0.0003 0.0023 0.0150 0.0994 0.6594 1.0000 1.0000 0.0006 0.0039 0.0261 0.1732 1.0000 1.0000 1.0000 0.0010 0.0069 0.0455 0.3018 1.0000 1.0000 0.0003 0.0018 0.0119 0.0793 0.5258 1.0000 1.0000 0.0005 0.0032 0.0211 0.1405 0.9410 1.0000 1.0000 0.0009 0.0060 0.0410 0.2818 1.0000 1.0000 0.0003 0.0021 0.0148 0.0461 0.0148 0.0021 0.0003 1.0000 1.0000 0.2818 0.0410 0.0060 0.0009 1.0000 1.0000 0.9410 0.1405 0.0211 0.0032 0.0005 1.0000 1.0000 0.5258 0.0793 0.0119 0.0018 0.0003 1.0000 1.0000 0.3018 0.0455 0.0069 0.0010 1.0000 1.0000 1.0000 0.1732 0.0261 0.0039 0.0006 1.0000 1.0000 0.6594 0.0994 0.0150 0.0023 0.0003 1.0000 1.0000 0.3784 0.0570 0.0086 0.0013 1.0000
1.0000 0.0004 0.0025 0.0167 0.1105 0.7335 1.0000 1.0000 0.0007 0.0044 0.0290 0.1926 1.0000 1.0000 1.0000 0.0011 0.0076 0.0506 0.3357 1.0000 1.0000 0.0003 0.0020 0.0133 0.0882 0.5849 1.0000 1.0000 0.0005 0.0035 0.0232 0.1536 1.0000 1.0000 1.0000 0.0009 0.0062 0.0411 0.2754 1.0000 1.0000 0.0003 0.0018 0.0121 0.0834 0.5772 1.0000 1.0000 0.0006 0.0045 0.0148 0.0045 0.0006 1.0000 1.0000 0.5772 0.0834 0.0121 0.0018 0.0003 1.0000 1.0000 0.2754 0.0411 0.0062 0.0009 1.0000 1.0000 1.0000 0.1536 0.0232 0.0035 0.0005 1.0000 1.0000 0.5849 0.0882 0.0133 0.0020 0.0003 1.0000 1.0000 0.3357 0.0506 0.0076 0.0011 1.0000 1.0000 1.0000 0.1926 0.0290 0.0044 0.0007 1.0000 1.0000 0.7335 0.1105 0.0167 0.0025 0.0004 1.0000
1.0000 1.0000 0.0003 0.0022 0.0144 0.0957 0.6347 1.0000 1.0000 0.0006 0.0038 0.0251 0.1667 1.0000 1.0000 1.0000 0.0010 0.0066 0.0438 0.2905 1.0000 1.0000 0.0003 0.0017 0.0115 0.0763 0.5062 1.0000 1.0000 0.0005 0.0030 0.0200 0.1329 0.8820 1.0000 1.0000 0.0008 0.0054 0.0363 0.2443 1.0000 1.0000 0.0002 0.0016 0.0113 0.0784 0.5483 1.0000 1.0000 0.0006 0.0021 0.0006 1.0000 1.0000 0.5483 0.0784 0.0113 0.0016 0.0002 1.0000 1.0000 0.2443 0.0363 0.0054 0.0008 1.0000 1.0000 0.8820 0.1329 0.0200 0.0030 0.0005 1.0000 1.0000 0.5062 0.0763 0.0115 0.0017 0.0003 1.0000 1.0000 0.2905 0.0438 0.0066 0.0010 1.0000 1.0000 1.0000 0.1667 0.0251 0.0038 0.0006 1.0000 1.0000 0.6347 0.0957 0.0144 0.0022 0.0003 1.0000 1.0000
0.2602 1.0000 1.0000 0.0003 0.0019 0.0125 0.0830 0.5504 1.0000 1.0000 0.0005 0.0033 0.0218 0.1445 0.9590 1.0000 1.0000 0.0009 0.0057 0.0380 0.2519 1.0000 1.0000 0.0002 0.0015 0.0100 0.0662 0.4389 1.0000 1.0000 0.0004 0.0026 0.0174 0.1155 0.7706 1.0000 1.0000 0.0007 0.0048 0.0324 0.2205 1.0000 1.0000 0.0002 0.0015 0.0107 0.0757 0.5359 1.0000 1.0000 0.0003 1.0000 1.0000 0.5359 0.0757 0.0107 0.0015 0.0002 1.0000 1.0000 0.2205 0.0324 0.0048 0.0007 1.0000 1.0000 0.7706 0.1155 0.0174 0.0026 0.0004 1.0000 1.0000 0.4389 0.0662 0.0100 0.0015 0.0002 1.0000 1.0000 0.2519 0.0380 0.0057 0.0009 1.0000 1.0000 0.9590 0.1445 0.0218 0.0033 0.0005 1.0000 1.0000 0.5504 0.0830 0.0125 0.0019 0.0003 1.0000 1.0000 0.2602
0.0343 0.2791 1.0000 1.0000 0.0002 0.0016 0.0109 0.0725 0.4809 1.0000 1.0000 0.0004 0.0029 0.0190 0.1263 0.8379 1.0000 1.0000 0.0008 0.0050 0.0332 0.2201 1.0000 1.0000 1.0000 0.0013 0.0087 0.0578 0.3835 1.0000 1.0000 0.0003 0.0023 0.0153 0.1021 0.6836 1.0000 1.0000 0.0006 0.0044 0.0298 0.2047 1.0000 1.0000 0.0002 0.0015 0.0106 0.0757 0.5483 1.0000 1.0000 1.0000 0.5483 0.0757 0.0106 0.0015 0.0002 1.0000 1.0000 0.2047 0.0298 0.0044 0.0006 1.0000 1.0000 0.6836 0.1021 0.0153 0.0023 0.0003 1.0000 1.0000 0.3835 0.0578 0.0087 0.0013 1.0000 1.0000 1.0000 0.2201 0.0332 0.0050 0.0008 1.0000 1.0000 0.8379 0.1263 0.0190 0.0029 0.0004 1.0000 1.0000 0.4809 0.0725 0.0109 0.0016 0.0002 1.0000 1.0000 0.2791 0.0343
0.0045 0.0367 0.2406 1.0000 1.0000 0.0002 0.0014 0.0095 0.0633 0.4201 1.0000 1.0000 0.0004 0.0025 0.0166 0.1103 0.7321 1.0000 1.0000 0.0007 0.0044 0.0290 0.1923 1.0000 1.0000 1.0000 0.0011 0.0076 0.0505 0.3350 1.0000 1.0000 0.0003 0.0020 0.0135 0.0909 0.6111 1.0000 1.0000 0.0006 0.0041 0.0280 0.1948 1.0000 1.0000 0.0002 0.0015 0.0107 0.0784 0.5772 1.0000 0.5772 0.0784 0.0107 0.0015 0.0002 1.0000 1.0000 0.1948 0.0280 0.0041 0.0006 1.0000 1.0000 0.6111 0.0909 0.0135 0.0020 0.0003 1.0000 1.0000 0.3350 0.0505 0.0076 0.0011 1.0000 1.0000 1.0000 0.1923 0.0290 0.0044 0.0007 1.0000 1.0000 0.7321 0.1103 0.0166 0.0025 0.0004 1.0000 1.0000 0.4201 0.0633 0.0095 0.0014 0.0002 1.0000 1.0000 0.2406 0.0367 0.0045
