-0.1206 -0.2564 -0.2882 -0.2606 0.0327 0.2065 -0.0826 -0.2421 -0.2856 -0.2728 -0.0288 0.1571 0.0467 -0.2193 -0.2782 -0.2817 -0.1294 0.1092 0.2008 -0.1795 -0.2676 -0.2877 -0.2230 0.0696 0.2287 -0.1356 -0.2546 -0.2886 -0.2638 0.0251 0.2010 -0.0695 -0.2398 -0.2847 -0.2741 -0.0414 0.1484 0.0753 -0.2132 -0.2768 -0.2829 -0.1463 0.1030 0.2120 -0.1734 -0.2658 -0.2882 -0.2323 0.0637 0.2199 0.0417 0.2199 0.0637 -0.2323 -0.2882 -0.2658 -0.1734 0.2120 0.1030 -0.1463 -0.2829 -0.2768 -0.2132 0.0753 0.1484 -0.0414 -0.2741 -0.2847 -0.2398 -0.0695 0.2010 0.0251 -0.2638 -0.2886 -0.2546 -0.1356 0.2287 0.0696 -0.2230 -0.2877 -0.2676 -0.1795 0.2008 0.1092 -0.1294 -0.2817 -0.2782 -0.2193 0.0467 0.1571 -0.0288 -0.2728 -0.2856 -0.2421 -0.0826 0.2065 0.0327 -0.2606 -0.2882 -0.2564 -0.1206
-0.2564 -0.3316 -0.2803 0.0399 0.2065 -0.0688 -0.2967 -0.3327 -0.3027 -0.0191 0.1491 0.1027 -0.2596 -0.3278 -0.3179 -0.1230 0.1075 0.2320 -0.1982 -0.3192 -0.3287 -0.2334 0.0725 0.2355 -0.1385 -0.3078 -0.3333 -0.2868 0.0317 0.1998 -0.0499 -0.2945 -0.3323 -0.3052 -0.0315 0.1415 0.1330 -0.2495 -0.3267 -0.3199 -0.1421 0.1022 0.2380 -0.1895 -0.3176 -0.3297 -0.2452 0.0671 0.2314 -0.1220 -0.2743 -0.1220 0.2314 0.0671 -0.2452 -0.3297 -0.3176 -0.1895 0.2380 0.1022 -0.1421 -0.3199 -0.3267 -0.2495 0.1330 0.1415 -0.0315 -0.3052 -0.3323 -0.2945 -0.0499 0.1998 0.0317 -0.2868 -0.3333 -0.3078 -0.1385 0.2355 0.0725 -0.2334 -0.3287 -0.3192 -0.1982 0.2320 0.1075 -0.1230 -0.3179 -0.3278 -0.2596 0.1027 0.1491 -0.0191 -0.3027 -0.3327 -0.2967 -0.0688 0.2065 0.0399 -0.2803 -0.3316 -0.2564
-0.2882 -0.2803 0.0340 0.2000 -0.0443 -0.2932 -0.3315 -0.3061 -0.0416 0.1359 0.1518 -0.2428 -0.3256 -0.3209 -0.1565 0.0970 0.2407 -0.1835 -0.3162 -0.3301 -0.2527 0.0616 0.2279 -0.1207 -0.3043 -0.3332 -0.2927 0.0173 0.1860 -0.0128 -0.2906 -0.3309 -0.3088 -0.0567 0.1289 0.1765 -0.2332 -0.3243 -0.3226 -0.1746 0.0918 0.2426 -0.1748 -0.3145 -0.3309 -0.2619 0.0558 0.2228 -0.1098 -0.3033 -0.3341 -0.3033 -0.1098 0.2228 0.0558 -0.2619 -0.3309 -0.3145 -0.1748 0.2426 0.0918 -0.1746 -0.3226 -0.3243 -0.2332 0.1765 0.1289 -0.0567 -0.3088 -0.3309 -0.2906 -0.0128 0.1860 0.0173 -0.2927 -0.3332 -0.3043 -0.1207 0.2279 0.0616 -0.2527 -0.3301 -0.3162 -0.1835 0.2407 0.0970 -0.1565 -0.3209 -0.3256 -0.2428 0.1518 0.1359 -0.0416 -0.3061 -0.3315 -0.2932 -0.0443 0.2000 0.0340 -0.2803 -0.2882
-0.2606 0.0399 0.2000 -0.0332 -0.2912 -0.3306 -0.3093 -0.0641 0.1255 0.1892 -0.2272 -0.3235 -0.3237 -0.1864 0.0882 0.2429 -0.1687 -0.3133 -0.3314 -0.2675 0.0518 0.2189 -0.1004 -0.3009 -0.3331 -0.2972 0.0026 0.1688 0.0335 -0.2815 -0.3296 -0.3128 -0.0841 0.1186 0.2077 -0.2178 -0.3221 -0.3253 -0.2027 0.0830 0.2419 -0.1597 -0.3116 -0.3321 -0.2746 0.0455 0.2132 -0.0868 -0.2990 -0.3418 -0.3512 -0.3418 -0.2990 -0.0868 0.2132 0.0455 -0.2746 -0.3321 -0.3116 -0.1597 0.2419 0.0830 -0.2027 -0.3253 -0.3221 -0.2178 0.2077 0.1186 -0.0841 -0.3128 -0.3296 -0.2815 0.0335 0.1688 0.0026 -0.2972 -0.3331 -0.3009 -0.1004 0.2189 0.0518 -0.2675 -0.3314 -0.3133 -0.1687 0.2429 0.0882 -0.1864 -0.3237 -0.3235 -0.2272 0.1892 0.1255 -0.0641 -0.3093 -0.3306 -0.2912 -0.0332 0.2000 0.0399 -0.2606
0.0327 0.2065 -0.0443 -0.2912 -0.3302 -0.3110 -0.0830 0.1175 0.2133 -0.2132 -0.3212 -0.3261 -0.2129 0.0794 0.2404 -0.1533 -0.3103 -0.3324 -0.2789 0.0410 0.2091 -0.0763 -0.2975 -0.3327 -0.3011 -0.0147 0.1529 0.0867 -0.2653 -0.3280 -0.3165 -0.1147 0.1090 0.2278 -0.2028 -0.3197 -0.3276 -0.2271 0.0740 0.2374 -0.1437 -0.3085 -0.3328 -0.2842 0.0342 0.2030 -0.0596 -0.2954 -0.3321 -0.3156 -0.1986 -0.3156 -0.3321 -0.2954 -0.0596 0.2030 0.0342 -0.2842 -0.3328 -0.3085 -0.1437 0.2374 0.0740 -0.2271 -0.3276 -0.3197 -0.2028 0.2278 0.1090 -0.1147 -0.3165 -0.3280 -0.2653 0.0867 0.1529 -0.0147 -0.3011 -0.3327 -0.2975 -0.0763 0.2091 0.0410 -0.2789 -0.3324 -0.3103 -0.1533 0.2404 0.0794 -0.2129 -0.3261 -0.3212 -0.2132 0.2133 0.1175 -0.0830 -0.3110 -0.3302 -0.2912 -0.0443 0.2065 0.0327
0.2065 -0.0688 -0.2932 -0.3306 -0.3110 -0.0906 0.1130 0.2256 -0.2021 -0.3191 -0.3280 -0.2342 0.0707 0.2350 -0.1370 -0.3072 -0.3330 -0.2873 0.0292 0.1988 -0.0466 -0.2939 -0.3319 -0.3052 -0.0351 0.1394 0.1380 -0.2479 -0.3262 -0.3199 -0.1465 0.0999 0.2388 -0.1881 -0.3170 -0.3295 -0.2472 0.0647 0.2304 -0.1264 -0.3053 -0.3332 -0.2911 0.0216 0.1907 -0.0253 -0.2918 -0.3312 -0.3072 -0.0448 0.0712 -0.0448 -0.3072 -0.3312 -0.2918 -0.0253 0.1907 0.0216 -0.2911 -0.3332 -0.3053 -0.1264 0.2304 0.0647 -0.2472 -0.3295 -0.3170 -0.1881 0.2388 0.0999 -0.1465 -0.3199 -0.3262 -0.2479 0.1380 0.1394 -0.0351 -0.3052 -0.3319 -0.2939 -0.0466 0.1988 0.0292 -0.2873 -0.3330 -0.3072 -0.1370 0.2350 0.0707 -0.2342 -0.3280 -0.3191 -0.2021 0.2256 0.1130 -0.0906 -0.3110 -0.3306 -0.2932 -0.0688 0.2065
-0.0826 -0.2967 -0.3315 -0.3093 -0.0830 0.1130 0.2292 -0.1957 -0.3175 -0.3292 -0.2497 0.0625 0.2280 -0.1200 -0.3040 -0.3332 -0.2932 0.0161 0.1845 -0.0087 -0.2903 -0.3308 -0.3092 -0.0591 0.1279 0.1800 -0.2317 -0.3242 -0.3229 -0.1774 0.0910 0.2428 -0.1733 -0.3142 -0.3310 -0.2633 0.0549 0.2218 -0.1070 -0.3020 -0.3332 -0.2959 0.0074 0.1744 0.0182 -0.2851 -0.3301 -0.3115 -0.0735 0.1157 0.2134 0.1157 -0.0735 -0.3115 -0.3301 -0.2851 0.0182 0.1744 0.0074 -0.2959 -0.3332 -0.3020 -0.1070 0.2218 0.0549 -0.2633 -0.3310 -0.3142 -0.1733 0.2428 0.0910 -0.1774 -0.3229 -0.3242 -0.2317 0.1800 0.1279 -0.0591 -0.3092 -0.3308 -0.2903 -0.0087 0.1845 0.0161 -0.2932 -0.3332 -0.3040 -0.1200 0.2280 0.0625 -0.2497 -0.3292 -0.3175 -0.1957 0.2292 0.1130 -0.0830 -0.3093 -0.3315 -0.2967 -0.0826
-0.2421 -0.3327 -0.3061 -0.0641 0.1175 0.2256 -0.1957 -0.3169 -0.3297 -0.2589 0.0558 0.2211 -0.1031 -0.3010 -0.3330 -0.2973 0.0013 0.1673 0.0386 -0.2804 -0.3295 -0.3132 -0.0870 0.1176 0.2102 -0.2163 -0.3219 -0.3256 -0.2053 0.0821 0.2416 -0.1581 -0.3113 -0.3321 -0.2757 0.0444 0.2122 -0.0843 -0.2985 -0.3328 -0.2999 -0.0090 0.1575 0.0699 -0.2710 -0.3286 -0.3154 -0.1049 0.1118 0.2302 -0.1014 0.2302 0.1118 -0.1049 -0.3154 -0.3286 -0.2710 0.0699 0.1575 -0.0090 -0.2999 -0.3328 -0.2985 -0.0843 0.2122 0.0444 -0.2757 -0.3321 -0.3113 -0.1581 0.2416 0.0821 -0.2053 -0.3256 -0.3219 -0.2163 0.2102 0.1176 -0.0870 -0.3132 -0.3295 -0.2804 0.0386 0.1673 0.0013 -0.2973 -0.3330 -0.3010 -0.1031 0.2211 0.0558 -0.2589 -0.3297 -0.3169 -0.1957 0.2256 0.1175 -0.0641 -0.3061 -0.3327 -0.2421
-0.2856 -0.3027 -0.0416 0.1255 0.2133 -0.2021 -0.3175 -0.3297 -0.2619 0.0519 0.2160 -0.0881 -0.2985 -0.3326 -0.3007 -0.0147 0.1523 0.0904 -0.2638 -0.3279 -0.3168 -0.1178 0.1081 0.2293 -0.2014 -0.3194 -0.3278 -0.2293 0.0731 0.2368 -0.1421 -0.3082 -0.3329 -0.2850 0.0330 0.2020 -0.0566 -0.2950 -0.3322 -0.3039 -0.0284 0.1434 0.1228 -0.2532 -0.3268 -0.3189 -0.1367 0.1027 0.2359 -0.1888 -0.2978 -0.1888 0.2359 0.1027 -0.1367 -0.3189 -0.3268 -0.2532 0.1228 0.1434 -0.0284 -0.3039 -0.3322 -0.2950 -0.0566 0.2020 0.0330 -0.2850 -0.3329 -0.3082 -0.1421 0.2368 0.0731 -0.2293 -0.3278 -0.3194 -0.2014 0.2293 0.1081 -0.1178 -0.3168 -0.3279 -0.2638 0.0904 0.1523 -0.0147 -0.3007 -0.3326 -0.2985 -0.0881 0.2160 0.0519 -0.2619 -0.3297 -0.3175 -0.2021 0.2133 0.1255 -0.0416 -0.3027 -0.2856
-0.2728 -0.0191 0.1359 0.1892 -0.2132 -0.3191 -0.3292 -0.2589 0.0519 0.2142 -0.0788 -0.2966 -0.3322 -0.3035 -0.0307 0.1407 0.1367 -0.2476 -0.3261 -0.3201 -0.1495 0.0990 0.2395 -0.1867 -0.3168 -0.3297 -0.2490 0.0637 0.2296 -0.1246 -0.3050 -0.3332 -0.2916 0.0203 0.1892 -0.0215 -0.2914 -0.3312 -0.3080 -0.0513 0.1313 0.1682 -0.2366 -0.3248 -0.3220 -0.1681 0.0937 0.2421 -0.1784 -0.3178 -0.3451 -0.3178 -0.1784 0.2421 0.0937 -0.1681 -0.3220 -0.3248 -0.2366 0.1682 0.1313 -0.0513 -0.3080 -0.3312 -0.2914 -0.0215 0.1892 0.0203 -0.2916 -0.3332 -0.3050 -0.1246 0.2296 0.0637 -0.2490 -0.3297 -0.3168 -0.1867 0.2395 0.0990 -0.1495 -0.3201 -0.3261 -0.2476 0.1367 0.1407 -0.0307 -0.3035 -0.3322 -0.2966 -0.0788 0.2142 0.0519 -0.2589 -0.3292 -0.3191 -0.2132 0.1892 0.1359 -0.0191 -0.2728
-0.0288 0.1491 0.1518 -0.2272 -0.3212 -0.3280 -0.2497 0.0558 0.2160 -0.0788 -0.2960 -0.3319 -0.3055 -0.0445 0.1323 0.1711 -0.2338 -0.3242 -0.3228 -0.1789 0.0903 0.2428 -0.1719 -0.3139 -0.3312 -0.2647 0.0539 0.2209 -0.1049 -0.3016 -0.3332 -0.2963 0.0059 0.1726 0.0230 -0.2840 -0.3299 -0.3120 -0.0780 0.1207 0.2021 -0.2210 -0.3226 -0.3248 -0.1971 0.0849 0.2424 -0.1630 -0.3123 -0.3439 -0.3395 -0.3439 -0.3123 -0.1630 0.2424 0.0849 -0.1971 -0.3248 -0.3226 -0.2210 0.2021 0.1207 -0.0780 -0.3120 -0.3299 -0.2840 0.0230 0.1726 0.0059 -0.2963 -0.3332 -0.3016 -0.1049 0.2209 0.0539 -0.2647 -0.3312 -0.3139 -0.1719 0.2428 0.0903 -0.1789 -0.3228 -0.3242 -0.2338 0.1711 0.1323 -0.0445 -0.3055 -0.3319 -0.2960 -0.0788 0.2160 0.0558 -0.2497 -0.3280 -0.3212 -0.2272 0.1518 0.1491 -0.0288
0.1571 0.1027 -0.2428 -0.3235 -0.3261 -0.2342 0.0625 0.2211 -0.0881 -0.2966 -0.3319 -0.3062 -0.0530 0.1270 0.1923 -0.2229 -0.3225 -0.3250 -0.2036 0.0821 0.2415 -0.1570 -0.3110 -0.3322 -0.2767 0.0434 0.2112 -0.0818 -0.2982 -0.3328 -0.3003 -0.0108 0.1560 0.0753 -0.2691 -0.3284 -0.3157 -0.1080 0.1110 0.2244 -0.2060 -0.3202 -0.3272 -0.2223 0.0759 0.2386 -0.1472 -0.3091 -0.3324 -0.2833 -0.0647 -0.2833 -0.3324 -0.3091 -0.1472 0.2386 0.0759 -0.2223 -0.3272 -0.3202 -0.2060 0.2244 0.1110 -0.1080 -0.3157 -0.3284 -0.2691 0.0753 0.1560 -0.0108 -0.3003 -0.3328 -0.2982 -0.0818 0.2112 0.0434 -0.2767 -0.3322 -0.3110 -0.1570 0.2415 0.0821 -0.2036 -0.3250 -0.3225 -0.2229 0.1923 0.1270 -0.0530 -0.3062 -0.3319 -0.2966 -0.0881 0.2211 0.0625 -0.2342 -0.3261 -0.3235 -0.2428 0.1027 0.1571
0.0467 -0.2596 -0.3256 -0.3237 -0.2129 0.0707 0.2280 -0.1031 -0.2985 -0.3322 -0.3055 -0.0530 0.1251 0.2020 -0.2158 -0.3210 -0.3266 -0.2225 0.0748 0.2374 -0.1424 -0.3081 -0.3329 -0.2856 0.0319 0.2010 -0.0535 -0.2947 -0.3321 -0.3043 -0.0305 0.1421 0.1278 -0.2515 -0.3266 -0.3192 -0.1398 0.1018 0.2371 -0.1912 -0.3176 -0.3292 -0.2433 0.0667 0.2321 -0.1302 -0.3060 -0.3330 -0.2893 0.0254 0.1064 0.0254 -0.2893 -0.3330 -0.3060 -0.1302 0.2321 0.0667 -0.2433 -0.3292 -0.3176 -0.1912 0.2371 0.1018 -0.1398 -0.3192 -0.3266 -0.2515 0.1278 0.1421 -0.0305 -0.3043 -0.3321 -0.2947 -0.0535 0.2010 0.0319 -0.2856 -0.3329 -0.3081 -0.1424 0.2374 0.0748 -0.2225 -0.3266 -0.3210 -0.2158 0.2020 0.1251 -0.0530 -0.3055 -0.3322 -0.2985 -0.1031 0.2280 0.0707 -0.2129 -0.3237 -0.3256 -0.2596 0.0467
-0.2193 -0.3278 -0.3209 -0.1864 0.0794 0.2350 -0.1200 -0.3010 -0.3326 -0.3035 -0.0445 0.1270 0.2020 -0.2133 -0.3203 -0.3275 -0.2351 0.0686 0.2323 -0.1284 -0.3053 -0.3331 -0.2917 0.0196 0.1882 -0.0178 -0.2910 -0.3311 -0.3084 -0.0537 0.1302 0.1721 -0.2351 -0.3246 -0.3223 -0.1711 0.0928 0.2424 -0.1765 -0.3148 -0.3308 -0.2602 0.0570 0.2237 -0.1113 -0.3027 -0.3332 -0.2950 0.0114 0.1599 0.2315 0.1599 0.0114 -0.2950 -0.3332 -0.3027 -0.1113 0.2237 0.0570 -0.2602 -0.3308 -0.3148 -0.1765 0.2424 0.0928 -0.1711 -0.3223 -0.3246 -0.2351 0.1721 0.1302 -0.0537 -0.3084 -0.3311 -0.2910 -0.0178 0.1882 0.0196 -0.2917 -0.3331 -0.3053 -0.1284 0.2323 0.0686 -0.2351 -0.3275 -0.3203 -0.2133 0.2020 0.1270 -0.0445 -0.3035 -0.3326 -0.3010 -0.1200 0.2350 0.0794 -0.1864 -0.3209 -0.3278 -0.2193
-0.2782 -0.3179 -0.1565 0.0882 0.2404 -0.1370 -0.3040 -0.3330 -0.3007 -0.0307 0.1323 0.1923 -0.2158 -0.3203 -0.3278 -0.2412 0.0644 0.2279 -0.1162 -0.3029 -0.3331 -0.2957 0.0068 0.1726 0.0251 -0.2834 -0.3298 -0.3123 -0.0808 0.1197 0.2048 -0.2195 -0.3224 -0.3251 -0.1997 0.0840 0.2422 -0.1614 -0.3119 -0.3319 -0.2734 0.0467 0.2143 -0.0894 -0.2993 -0.3329 -0.2990 -0.0053 0.1599 0.0800 -0.1925 0.0800 0.1599 -0.0053 -0.2990 -0.3329 -0.2993 -0.0894 0.2143 0.0467 -0.2734 -0.3319 -0.3119 -0.1614 0.2422 0.0840 -0.1997 -0.3251 -0.3224 -0.2195 0.2048 0.1197 -0.0808 -0.3123 -0.3298 -0.2834 0.0251 0.1726 0.0068 -0.2957 -0.3331 -0.3029 -0.1162 0.2279 0.0644 -0.2412 -0.3278 -0.3203 -0.2158 0.1923 0.1323 -0.0307 -0.3007 -0.3330 -0.3040 -0.1370 0.2404 0.0882 -0.1565 -0.3179 -0.2782
-0.2817 -0.1230 0.0970 0.2429 -0.1533 -0.3072 -0.3332 -0.2973 -0.0147 0.1407 0.1711 -0.2229 -0.3210 -0.3275 -0.2412 0.0629 0.2253 -0.1075 -0.3010 -0.3329 -0.2985 -0.0061 0.1585 0.0712 -0.2694 -0.3283 -0.3159 -0.1105 0.1101 0.2261 -0.2045 -0.3199 -0.3274 -0.2246 0.0750 0.2381 -0.1456 -0.3089 -0.3327 -0.2832 0.0355 0.2042 -0.0630 -0.2958 -0.3323 -0.3030 -0.0240 0.1463 0.1102 -0.2536 -0.3140 -0.2536 0.1102 0.1463 -0.0240 -0.3030 -0.3323 -0.2958 -0.0630 0.2042 0.0355 -0.2832 -0.3327 -0.3089 -0.1456 0.2381 0.0750 -0.2246 -0.3274 -0.3199 -0.2045 0.2261 0.1101 -0.1105 -0.3159 -0.3283 -0.2694 0.0712 0.1585 -0.0061 -0.2985 -0.3329 -0.3010 -0.1075 0.2253 0.0629 -0.2412 -0.3275 -0.3210 -0.2229 0.1711 0.1407 -0.0147 -0.2973 -0.3332 -0.3072 -0.1533 0.2429 0.0970 -0.1230 -0.2817
-0.1294 0.1075 0.2407 -0.1687 -0.3103 -0.3330 -0.2932 0.0013 0.1523 0.1367 -0.2338 -0.3225 -0.3266 -0.2351 0.0644 0.2253 -0.1043 -0.3000 -0.3327 -0.3005 -0.0178 0.1479 0.1129 -0.2545 -0.3267 -0.3190 -0.1403 0.1013 0.2378 -0.1899 -0.3173 -0.3294 -0.2452 0.0657 0.2313 -0.1285 -0.3057 -0.3331 -0.2904 0.0231 0.1924 -0.0296 -0.2922 -0.3314 -0.3071 -0.0461 0.1337 0.1594 -0.2404 -0.3302 -0.3521 -0.3302 -0.2404 0.1594 0.1337 -0.0461 -0.3071 -0.3314 -0.2922 -0.0296 0.1924 0.0231 -0.2904 -0.3331 -0.3057 -0.1285 0.2313 0.0657 -0.2452 -0.3294 -0.3173 -0.1899 0.2378 0.1013 -0.1403 -0.3190 -0.3267 -0.2545 0.1129 0.1479 -0.0178 -0.3005 -0.3327 -0.3000 -0.1043 0.2253 0.0644 -0.2351 -0.3266 -0.3225 -0.2338 0.1367 0.1523 0.0013 -0.2932 -0.3330 -0.3103 -0.1687 0.2407 0.1075 -0.1294
0.1092 0.2320 -0.1835 -0.3133 -0.3324 -0.2873 0.0161 0.1673 0.0904 -0.2476 -0.3242 -0.3250 -0.2225 0.0686 0.2279 -0.1075 -0.3000 -0.3326 -0.3016 -0.0260 0.1410 0.1438 -0.2426 -0.3252 -0.3215 -0.1678 0.0932 0.2424 -0.1757 -0.3146 -0.3309 -0.2617 0.0560 0.2228 -0.1093 -0.3024 -0.3332 -0.2954 0.0091 0.1764 0.0128 -0.2864 -0.3302 -0.3111 -0.0720 0.1229 0.1959 -0.2243 -0.3231 -0.3388 -0.3138 -0.3388 -0.3231 -0.2243 0.1959 0.1229 -0.0720 -0.3111 -0.3302 -0.2864 0.0128 0.1764 0.0091 -0.2954 -0.3332 -0.3024 -0.1093 0.2228 0.0560 -0.2617 -0.3309 -0.3146 -0.1757 0.2424 0.0932 -0.1678 -0.3215 -0.3252 -0.2426 0.1438 0.1410 -0.0260 -0.3016 -0.3326 -0.3000 -0.1075 0.2279 0.0686 -0.2225 -0.3250 -0.3242 -0.2476 0.0904 0.1673 0.0161 -0.2873 -0.3324 -0.3133 -0.1835 0.2320 0.1092
0.2008 -0.1982 -0.3162 -0.3314 -0.2789 0.0292 0.1845 0.0386 -0.2638 -0.3261 -0.3228 -0.2036 0.0748 0.2323 -0.1162 -0.3010 -0.3327 -0.3016 -0.0288 0.1376 0.1616 -0.2343 -0.3239 -0.3235 -0.1905 0.0859 0.2425 -0.1622 -0.3119 -0.3320 -0.2742 0.0458 0.2134 -0.0871 -0.2989 -0.3329 -0.2994 -0.0071 0.1593 0.0639 -0.2731 -0.3287 -0.3149 -0.1015 0.1130 0.2206 -0.2091 -0.3207 -0.3263 -0.2117 0.0145 -0.2117 -0.3263 -0.3207 -0.2091 0.2206 0.1130 -0.1015 -0.3149 -0.3287 -0.2731 0.0639 0.1593 -0.0071 -0.2994 -0.3329 -0.2989 -0.0871 0.2134 0.0458 -0.2742 -0.3320 -0.3119 -0.1622 0.2425 0.0859 -0.1905 -0.3235 -0.3239 -0.2343 0.1616 0.1376 -0.0288 -0.3016 -0.3327 -0.3010 -0.1162 0.2323 0.0748 -0.2036 -0.3228 -0.3261 -0.2638 0.0386 0.1845 0.0292 -0.2789 -0.3314 -0.3162 -0.1982 0.2008
-0.1795 -0.3192 -0.3301 -0.2675 0.0410 0.1988 -0.0087 -0.2804 -0.3279 -0.3201 -0.1789 0.0821 0.2374 -0.1284 -0.3029 -0.3329 -0.3005 -0.0260 0.1376 0.1671 -0.2301 -0.3230 -0.3248 -0.2069 0.0798 0.2400 -0.1495 -0.3093 -0.3327 -0.2832 0.0351 0.2035 -0.0604 -0.2954 -0.3323 -0.3035 -0.0260 0.1448 0.1171 -0.2551 -0.3270 -0.3185 -0.1331 0.1037 0.2351 -0.1943 -0.3182 -0.3286 -0.2380 0.0676 0.1478 0.0676 -0.2380 -0.3286 -0.3182 -0.1943 0.2351 0.1037 -0.1331 -0.3185 -0.3270 -0.2551 0.1171 0.1448 -0.0260 -0.3035 -0.3323 -0.2954 -0.0604 0.2035 0.0351 -0.2832 -0.3327 -0.3093 -0.1495 0.2400 0.0798 -0.2069 -0.3248 -0.3230 -0.2301 0.1671 0.1376 -0.0260 -0.3005 -0.3329 -0.3029 -0.1284 0.2374 0.0821 -0.1789 -0.3201 -0.3279 -0.2804 -0.0087 0.1988 0.0410 -0.2675 -0.3301 -0.3192 -0.1795
-0.2676 -0.3287 -0.2527 0.0518 0.2091 -0.0466 -0.2903 -0.3295 -0.3168 -0.1495 0.0903 0.2415 -0.1424 -0.3053 -0.3331 -0.2985 -0.0178 0.1410 0.1616 -0.2301 -0.3227 -0.3255 -0.2167 0.0752 0.2367 -0.1382 -0.3069 -0.3330 -0.2895 0.0241 0.1930 -0.0286 -0.2920 -0.3313 -0.3075 -0.0485 0.1326 0.1637 -0.2385 -0.3250 -0.3217 -0.1646 0.0947 0.2418 -0.1796 -0.3154 -0.3305 -0.2570 0.0595 0.2112 0.1454 0.2112 0.0595 -0.2570 -0.3305 -0.3154 -0.1796 0.2418 0.0947 -0.1646 -0.3217 -0.3250 -0.2385 0.1637 0.1326 -0.0485 -0.3075 -0.3313 -0.2920 -0.0286 0.1930 0.0241 -0.2895 -0.3330 -0.3069 -0.1382 0.2367 0.0752 -0.2167 -0.3255 -0.3227 -0.2301 0.1616 0.1410 -0.0178 -0.2985 -0.3331 -0.3053 -0.1424 0.2415 0.0903 -0.1495 -0.3168 -0.3295 -0.2903 -0.0466 0.2091 0.0518 -0.2527 -0.3287 -0.2676
-0.2877 -0.2334 0.0616 0.2189 -0.0763 -0.2939 -0.3308 -0.3132 -0.1178 0.0990 0.2428 -0.1570 -0.3081 -0.3331 -0.2957 -0.0061 0.1479 0.1438 -0.2343 -0.3230 -0.3255 -0.2199 0.0728 0.2342 -0.1296 -0.3050 -0.3331 -0.2936 0.0132 0.1796 0.0086 -0.2872 -0.3302 -0.3113 -0.0742 0.1219 0.1989 -0.2227 -0.3229 -0.3245 -0.1940 0.0859 0.2426 -0.1646 -0.3125 -0.3317 -0.2709 0.0490 0.2166 -0.0859 -0.2530 -0.0859 0.2166 0.0490 -0.2709 -0.3317 -0.3125 -0.1646 0.2426 0.0859 -0.1940 -0.3245 -0.3229 -0.2227 0.1989 0.1219 -0.0742 -0.3113 -0.3302 -0.2872 0.0086 0.1796 0.0132 -0.2936 -0.3331 -0.3050 -0.1296 0.2342 0.0728 -0.2199 -0.3255 -0.3230 -0.2343 0.1438 0.1479 -0.0061 -0.2957 -0.3331 -0.3081 -0.1570 0.2428 0.0990 -0.1178 -0.3132 -0.3308 -0.2939 -0.0763 0.2189 0.0616 -0.2334 -0.2877
-0.2230 0.0725 0.2279 -0.1004 -0.2975 -0.3319 -0.3092 -0.0870 0.1081 0.2395 -0.1719 -0.3110 -0.3329 -0.2917 0.0068 0.1585 0.1129 -0.2426 -0.3239 -0.3248 -0.2167 0.0728 0.2332 -0.1250 -0.3037 -0.3331 -0.2960 0.0031 0.1664 0.0483 -0.2765 -0.3289 -0.3147 -0.1017 0.1125 0.2221 -0.2077 -0.3205 -0.3269 -0.2197 0.0769 0.2392 -0.1490 -0.3095 -0.3326 -0.2814 0.0380 0.2064 -0.0700 -0.2970 -0.3287 -0.2970 -0.0700 0.2064 0.0380 -0.2814 -0.3326 -0.3095 -0.1490 0.2392 0.0769 -0.2197 -0.3269 -0.3205 -0.2077 0.2221 0.1125 -0.1017 -0.3147 -0.3289 -0.2765 0.0483 0.1664 0.0031 -0.2960 -0.3331 -0.3037 -0.1250 0.2332 0.0728 -0.2167 -0.3248 -0.3239 -0.2426 0.1129 0.1585 0.0068 -0.2917 -0.3329 -0.3110 -0.1719 0.2395 0.1081 -0.0870 -0.3092 -0.3319 -0.2975 -0.1004 0.2279 0.0725 -0.2230
0.0696 0.2355 -0.1207 -0.3009 -0.3327 -0.3052 -0.0591 0.1176 0.2293 -0.1867 -0.3139 -0.3322 -0.2856 0.0196 0.1726 0.0712 -0.2545 -0.3252 -0.3235 -0.2069 0.0752 0.2342 -0.1250 -0.3033 -0.3331 -0.2974 -0.0047 0.1572 0.0835 -0.2631 -0.3275 -0.3177 -0.1294 0.1041 0.2352 -0.1936 -0.3180 -0.3290 -0.2412 0.0677 0.2329 -0.1322 -0.3063 -0.3331 -0.2891 0.0259 0.1957 -0.0375 -0.2931 -0.3393 -0.3531 -0.3393 -0.2931 -0.0375 0.1957 0.0259 -0.2891 -0.3331 -0.3063 -0.1322 0.2329 0.0677 -0.2412 -0.3290 -0.3180 -0.1936 0.2352 0.1041 -0.1294 -0.3177 -0.3275 -0.2631 0.0835 0.1572 -0.0047 -0.2974 -0.3331 -0.3033 -0.1250 0.2342 0.0752 -0.2069 -0.3235 -0.3252 -0.2545 0.0712 0.1726 0.0196 -0.2856 -0.3322 -0.3139 -0.1867 0.2293 0.1176 -0.0591 -0.3052 -0.3327 -0.3009 -0.1207 0.2355 0.0696
0.2287 -0.1385 -0.3043 -0.3331 -0.3011 -0.0351 0.1279 0.2102 -0.2014 -0.3168 -0.3312 -0.2767 0.0319 0.1882 0.0251 -0.2694 -0.3267 -0.3215 -0.1905 0.0798 0.2367 -0.1296 -0.3037 -0.3331 -0.2978 -0.0090 0.1518 0.1080 -0.2533 -0.3263 -0.3200 -0.1543 0.0966 0.2414 -0.1803 -0.3154 -0.3305 -0.2582 0.0582 0.2247 -0.1136 -0.3031 -0.3332 -0.2945 0.0122 0.1804 0.0030 -0.2889 -0.3304 -0.3245 -0.2460 -0.3245 -0.3304 -0.2889 0.0030 0.1804 0.0122 -0.2945 -0.3332 -0.3031 -0.1136 0.2247 0.0582 -0.2582 -0.3305 -0.3154 -0.1803 0.2414 0.0966 -0.1543 -0.3200 -0.3263 -0.2533 0.1080 0.1518 -0.0090 -0.2978 -0.3331 -0.3037 -0.1296 0.2367 0.0798 -0.1905 -0.3215 -0.3267 -0.2694 0.0251 0.1882 0.0319 -0.2767 -0.3312 -0.3168 -0.2014 0.2102 0.1279 -0.0351 -0.3011 -0.3331 -0.3043 -0.1385 0.2287
-0.1356 -0.3078 -0.3332 -0.2972 -0.0147 0.1394 0.1800 -0.2163 -0.3194 -0.3297 -0.2647 0.0434 0.2010 -0.0178 -0.2834 -0.3283 -0.3190 -0.1678 0.0859 0.2400 -0.1382 -0.3050 -0.3331 -0.2974 -0.0090 0.1500 0.1204 -0.2474 -0.3254 -0.3217 -0.1741 0.0903 0.2429 -0.1680 -0.3129 -0.3316 -0.2709 0.0485 0.2157 -0.0924 -0.2997 -0.3330 -0.2986 -0.0034 0.1627 0.0526 -0.2770 -0.3290 -0.3137 -0.0893 0.0572 -0.0893 -0.3137 -0.3290 -0.2770 0.0526 0.1627 -0.0034 -0.2986 -0.3330 -0.2997 -0.0924 0.2157 0.0485 -0.2709 -0.3316 -0.3129 -0.1680 0.2429 0.0903 -0.1741 -0.3217 -0.3254 -0.2474 0.1204 0.1500 -0.0090 -0.2974 -0.3331 -0.3050 -0.1382 0.2400 0.0859 -0.1678 -0.3190 -0.3283 -0.2834 -0.0178 0.2010 0.0434 -0.2647 -0.3297 -0.3194 -0.2163 0.1800 0.1394 -0.0147 -0.2972 -0.3332 -0.3078 -0.1356
-0.2546 -0.3333 -0.2927 0.0026 0.1529 0.1380 -0.2317 -0.3219 -0.3278 -0.2490 0.0539 0.2112 -0.0535 -0.2910 -0.3298 -0.3159 -0.1403 0.0932 0.2425 -0.1495 -0.3069 -0.3331 -0.2960 -0.0047 0.1518 0.1204 -0.2454 -0.3249 -0.3227 -0.1874 0.0855 0.2420 -0.1573 -0.3106 -0.3324 -0.2801 0.0388 0.2065 -0.0682 -0.2963 -0.3324 -0.3026 -0.0218 0.1477 0.1062 -0.2588 -0.3274 -0.3176 -0.1244 0.1016 0.1978 0.1016 -0.1244 -0.3176 -0.3274 -0.2588 0.1062 0.1477 -0.0218 -0.3026 -0.3324 -0.2963 -0.0682 0.2065 0.0388 -0.2801 -0.3324 -0.3106 -0.1573 0.2420 0.0855 -0.1874 -0.3227 -0.3249 -0.2454 0.1204 0.1518 -0.0047 -0.2960 -0.3331 -0.3069 -0.1495 0.2425 0.0932 -0.1403 -0.3159 -0.3298 -0.2910 -0.0535 0.2112 0.0539 -0.2490 -0.3278 -0.3219 -0.2317 0.1380 0.1529 0.0026 -0.2927 -0.3333 -0.2546
-0.2886 -0.2868 0.0173 0.1688 0.0867 -0.2479 -0.3242 -0.3256 -0.2293 0.0637 0.2209 -0.0818 -0.2947 -0.3311 -0.3123 -0.1105 0.1013 0.2424 -0.1622 -0.3093 -0.3330 -0.2936 0.0031 0.1572 0.1080 -0.2474 -0.3249 -0.3230 -0.1938 0.0825 0.2405 -0.1489 -0.3087 -0.3328 -0.2864 0.0291 0.1977 -0.0403 -0.2930 -0.3316 -0.3065 -0.0430 0.1351 0.1547 -0.2419 -0.3255 -0.3210 -0.1580 0.0966 0.2435 -0.0508 0.2435 0.0966 -0.1580 -0.3210 -0.3255 -0.2419 0.1547 0.1351 -0.0430 -0.3065 -0.3316 -0.2930 -0.0403 0.1977 0.0291 -0.2864 -0.3328 -0.3087 -0.1489 0.2405 0.0825 -0.1938 -0.3230 -0.3249 -0.2474 0.1080 0.1572 0.0031 -0.2936 -0.3330 -0.3093 -0.1622 0.2424 0.1013 -0.1105 -0.3123 -0.3311 -0.2947 -0.0818 0.2209 0.0637 -0.2293 -0.3256 -0.3242 -0.2479 0.0867 0.1688 0.0173 -0.2868 -0.2886
-0.2638 0.0317 0.1860 0.0335 -0.2653 -0.3262 -0.3229 -0.2053 0.0731 0.2296 -0.1049 -0.2982 -0.3321 -0.3084 -0.0808 0.1101 0.2378 -0.1757 -0.3119 -0.3327 -0.2895 0.0132 0.1664 0.0835 -0.2533 -0.3254 -0.3227 -0.1938 0.0814 0.2395 -0.1435 -0.3073 -0.3330 -0.2905 0.0202 0.1874 -0.0089 -0.2899 -0.3306 -0.3101 -0.0665 0.1245 0.1918 -0.2261 -0.3233 -0.3239 -0.1880 0.0878 0.2428 -0.1634 -0.2909 -0.1634 0.2428 0.0878 -0.1880 -0.3239 -0.3233 -0.2261 0.1918 0.1245 -0.0665 -0.3101 -0.3306 -0.2899 -0.0089 0.1874 0.0202 -0.2905 -0.3330 -0.3073 -0.1435 0.2395 0.0814 -0.1938 -0.3227 -0.3254 -0.2533 0.0835 0.1664 0.0132 -0.2895 -0.3327 -0.3119 -0.1757 0.2378 0.1101 -0.0808 -0.3084 -0.3321 -0.2982 -0.1049 0.2296 0.0731 -0.2053 -0.3229 -0.3262 -0.2653 0.0335 0.1860 0.0317 -0.2638
0.0251 0.1998 -0.0128 -0.2815 -0.3280 -0.3199 -0.1774 0.0821 0.2368 -0.1246 -0.3016 -0.3328 -0.3043 -0.0537 0.1197 0.2261 -0.1899 -0.3146 -0.3320 -0.2832 0.0241 0.1796 0.0483 -0.2631 -0.3263 -0.3217 -0.1874 0.0825 0.2395 -0.1416 -0.3066 -0.3331 -0.2929 0.0129 0.1766 0.0225 -0.2834 -0.3295 -0.3134 -0.0917 0.1154 0.2165 -0.2115 -0.3210 -0.3264 -0.2146 0.0788 0.2402 -0.1529 -0.3121 -0.3410 -0.3121 -0.1529 0.2402 0.0788 -0.2146 -0.3264 -0.3210 -0.2115 0.2165 0.1154 -0.0917 -0.3134 -0.3295 -0.2834 0.0225 0.1766 0.0129 -0.2929 -0.3331 -0.3066 -0.1416 0.2395 0.0825 -0.1874 -0.3217 -0.3263 -0.2631 0.0483 0.1796 0.0241 -0.2832 -0.3320 -0.3146 -0.1899 0.2261 0.1197 -0.0537 -0.3043 -0.3328 -0.3016 -0.1246 0.2368 0.0821 -0.1774 -0.3199 -0.3280 -0.2815 -0.0128 0.1998 0.0251
0.2010 -0.0499 -0.2906 -0.3296 -0.3165 -0.1465 0.0910 0.2416 -0.1421 -0.3050 -0.3332 -0.3003 -0.0305 0.1302 0.2048 -0.2045 -0.3173 -0.3309 -0.2742 0.0351 0.1930 0.0086 -0.2765 -0.3275 -0.3200 -0.1741 0.0855 0.2405 -0.1435 -0.3066 -0.3331 -0.2939 0.0081 0.1690 0.0488 -0.2736 -0.3284 -0.3161 -0.1166 0.1074 0.2314 -0.1981 -0.3187 -0.3285 -0.2366 0.0698 0.2344 -0.1360 -0.3072 -0.3438 -0.3456 -0.3438 -0.3072 -0.1360 0.2344 0.0698 -0.2366 -0.3285 -0.3187 -0.1981 0.2314 0.1074 -0.1166 -0.3161 -0.3284 -0.2736 0.0488 0.1690 0.0081 -0.2939 -0.3331 -0.3066 -0.1435 0.2405 0.0855 -0.1741 -0.3200 -0.3275 -0.2765 0.0086 0.1930 0.0351 -0.2742 -0.3309 -0.3173 -0.2045 0.2048 0.1302 -0.0305 -0.3003 -0.3332 -0.3050 -0.1421 0.2416 0.0910 -0.1465 -0.3165 -0.3296 -0.2906 -0.0499 0.2010
-0.0695 -0.2945 -0.3309 -0.3128 -0.1147 0.0999 0.2428 -0.1581 -0.3082 -0.3332 -0.2963 -0.0108 0.1421 0.1721 -0.2195 -0.3199 -0.3294 -0.2617 0.0458 0.2035 -0.0286 -0.2872 -0.3289 -0.3177 -0.1543 0.0903 0.2420 -0.1489 -0.3073 -0.3331 -0.2939 0.0065 0.1654 0.0658 -0.2660 -0.3275 -0.3181 -0.1381 0.1007 0.2391 -0.1858 -0.3163 -0.3300 -0.2537 0.0607 0.2268 -0.1179 -0.3038 -0.3330 -0.2992 -0.1164 -0.2992 -0.3330 -0.3038 -0.1179 0.2268 0.0607 -0.2537 -0.3300 -0.3163 -0.1858 0.2391 0.1007 -0.1381 -0.3181 -0.3275 -0.2660 0.0658 0.1654 0.0065 -0.2939 -0.3331 -0.3073 -0.1489 0.2420 0.0903 -0.1543 -0.3177 -0.3289 -0.2872 -0.0286 0.2035 0.0458 -0.2617 -0.3294 -0.3199 -0.2195 0.1721 0.1421 -0.0108 -0.2963 -0.3332 -0.3082 -0.1581 0.2428 0.0999 -0.1147 -0.3128 -0.3309 -0.2945 -0.0695
-0.2398 -0.3323 -0.3088 -0.0841 0.1090 0.2388 -0.1733 -0.3113 -0.3329 -0.2916 0.0059 0.1560 0.1278 -0.2351 -0.3224 -0.3274 -0.2452 0.0560 0.2134 -0.0604 -0.2920 -0.3302 -0.3147 -0.1294 0.0966 0.2429 -0.1573 -0.3087 -0.3330 -0.2929 0.0081 0.1654 0.0715 -0.2622 -0.3269 -0.3194 -0.1543 0.0954 0.2422 -0.1750 -0.3141 -0.3312 -0.2666 0.0516 0.2183 -0.0980 -0.3005 -0.3330 -0.2975 0.0020 0.0916 0.0020 -0.2975 -0.3330 -0.3005 -0.0980 0.2183 0.0516 -0.2666 -0.3312 -0.3141 -0.1750 0.2422 0.0954 -0.1543 -0.3194 -0.3269 -0.2622 0.0715 0.1654 0.0081 -0.2929 -0.3330 -0.3087 -0.1573 0.2429 0.0966 -0.1294 -0.3147 -0.3302 -0.2920 -0.0604 0.2134 0.0560 -0.2452 -0.3274 -0.3224 -0.2351 0.1278 0.1560 0.0059 -0.2916 -0.3329 -0.3113 -0.1733 0.2388 0.1090 -0.0841 -0.3088 -0.3323 -0.2398
-0.2847 -0.3052 -0.0567 0.1186 0.2278 -0.1881 -0.3142 -0.3321 -0.2850 0.0203 0.1726 0.0753 -0.2515 -0.3246 -0.3251 -0.2246 0.0657 0.2228 -0.0871 -0.2954 -0.3313 -0.3113 -0.1017 0.1041 0.2414 -0.1680 -0.3106 -0.3328 -0.2905 0.0129 0.1690 0.0658 -0.2622 -0.3268 -0.3201 -0.1641 0.0917 0.2429 -0.1663 -0.3122 -0.3320 -0.2760 0.0428 0.2097 -0.0761 -0.2972 -0.3326 -0.3016 -0.0165 0.1395 0.2301 0.1395 -0.0165 -0.3016 -0.3326 -0.2972 -0.0761 0.2097 0.0428 -0.2760 -0.3320 -0.3122 -0.1663 0.2429 0.0917 -0.1641 -0.3201 -0.3268 -0.2622 0.0658 0.1690 0.0129 -0.2905 -0.3328 -0.3106 -0.1680 0.2414 0.1041 -0.1017 -0.3113 -0.3313 -0.2954 -0.0871 0.2228 0.0657 -0.2246 -0.3251 -0.3246 -0.2515 0.0753 0.1726 0.0203 -0.2850 -0.3321 -0.3142 -0.1881 0.2278 0.1186 -0.0567 -0.3052 -0.2847
-0.2741 -0.0315 0.1289 0.2077 -0.2028 -0.3170 -0.3310 -0.2757 0.0330 0.1892 0.0230 -0.2691 -0.3266 -0.3223 -0.1997 0.0750 0.2313 -0.1093 -0.2989 -0.3323 -0.3075 -0.0742 0.1125 0.2352 -0.1803 -0.3129 -0.3324 -0.2864 0.0202 0.1766 0.0488 -0.2660 -0.3269 -0.3201 -0.1674 0.0898 0.2427 -0.1600 -0.3107 -0.3324 -0.2824 0.0346 0.2018 -0.0520 -0.2942 -0.3319 -0.3053 -0.0373 0.1375 0.1621 -0.1578 0.1621 0.1375 -0.0373 -0.3053 -0.3319 -0.2942 -0.0520 0.2018 0.0346 -0.2824 -0.3324 -0.3107 -0.1600 0.2427 0.0898 -0.1674 -0.3201 -0.3269 -0.2660 0.0488 0.1766 0.0202 -0.2864 -0.3324 -0.3129 -0.1803 0.2352 0.1125 -0.0742 -0.3075 -0.3323 -0.2989 -0.1093 0.2313 0.0750 -0.1997 -0.3223 -0.3266 -0.2691 0.0230 0.1892 0.0330 -0.2757 -0.3310 -0.3170 -0.2028 0.2077 0.1289 -0.0315 -0.2741
-0.0414 0.1415 0.1765 -0.2178 -0.3197 -0.3295 -0.2633 0.0444 0.2020 -0.0215 -0.2840 -0.3284 -0.3192 -0.1711 0.0840 0.2381 -0.1285 -0.3024 -0.3329 -0.3035 -0.0485 0.1219 0.2221 -0.1936 -0.3154 -0.3316 -0.2801 0.0291 0.1874 0.0225 -0.2736 -0.3275 -0.3194 -0.1641 0.0898 0.2425 -0.1566 -0.3097 -0.3326 -0.2863 0.0276 0.1951 -0.0273 -0.2914 -0.3310 -0.3088 -0.0589 0.1275 0.1816 -0.2267 -0.3078 -0.2267 0.1816 0.1275 -0.0589 -0.3088 -0.3310 -0.2914 -0.0273 0.1951 0.0276 -0.2863 -0.3326 -0.3097 -0.1566 0.2425 0.0898 -0.1641 -0.3194 -0.3275 -0.2736 0.0225 0.1874 0.0291 -0.2801 -0.3316 -0.3154 -0.1936 0.2221 0.1219 -0.0485 -0.3035 -0.3329 -0.3024 -0.1285 0.2381 0.0840 -0.1711 -0.3192 -0.3284 -0.2840 -0.0215 0.2020 0.0444 -0.2633 -0.3295 -0.3197 -0.2178 0.1765 0.1415 -0.0414
0.1484 0.1330 -0.2332 -0.3221 -0.3276 -0.2472 0.0549 0.2122 -0.0566 -0.2914 -0.3299 -0.3157 -0.1398 0.0928 0.2422 -0.1456 -0.3057 -0.3332 -0.2994 -0.0260 0.1326 0.1989 -0.2077 -0.3180 -0.3305 -0.2709 0.0388 0.1977 -0.0089 -0.2834 -0.3284 -0.3181 -0.1543 0.0917 0.2427 -0.1566 -0.3094 -0.3328 -0.2885 0.0225 0.1887 -0.0045 -0.2890 -0.3301 -0.3118 -0.0814 0.1186 0.2094 -0.2162 -0.3257 -0.3499 -0.3257 -0.2162 0.2094 0.1186 -0.0814 -0.3118 -0.3301 -0.2890 -0.0045 0.1887 0.0225 -0.2885 -0.3328 -0.3094 -0.1566 0.2427 0.0917 -0.1543 -0.3181 -0.3284 -0.2834 -0.0089 0.1977 0.0388 -0.2709 -0.3305 -0.3180 -0.2077 0.1989 0.1326 -0.0260 -0.2994 -0.3332 -0.3057 -0.1456 0.2422 0.0928 -0.1398 -0.3157 -0.3299 -0.2914 -0.0566 0.2122 0.0549 -0.2472 -0.3276 -0.3221 -0.2332 0.1330 0.1484
0.0753 -0.2495 -0.3243 -0.3253 -0.2271 0.0647 0.2218 -0.0843 -0.2950 -0.3312 -0.3120 -0.1080 0.1018 0.2424 -0.1614 -0.3089 -0.3331 -0.2954 -0.0071 0.1448 0.1637 -0.2227 -0.3205 -0.3290 -0.2582 0.0485 0.2065 -0.0403 -0.2899 -0.3295 -0.3161 -0.1381 0.0954 0.2429 -0.1600 -0.3097 -0.3328 -0.2891 0.0198 0.1831 0.0135 -0.2851 -0.3293 -0.3142 -0.1026 0.1112 0.2261 -0.2031 -0.3195 -0.3415 -0.3257 -0.3415 -0.3195 -0.2031 0.2261 0.1112 -0.1026 -0.3142 -0.3293 -0.2851 0.0135 0.1831 0.0198 -0.2891 -0.3328 -0.3097 -0.1600 0.2429 0.0954 -0.1381 -0.3161 -0.3295 -0.2899 -0.0403 0.2065 0.0485 -0.2582 -0.3290 -0.3205 -0.2227 0.1637 0.1448 -0.0071 -0.2954 -0.3331 -0.3089 -0.1614 0.2424 0.1018 -0.1080 -0.3120 -0.3312 -0.2950 -0.0843 0.2218 0.0647 -0.2271 -0.3253 -0.3243 -0.2495 0.0753
-0.2132 -0.3267 -0.3226 -0.2027 0.0740 0.2304 -0.1070 -0.2985 -0.3322 -0.3080 -0.0780 0.1110 0.2371 -0.1765 -0.3119 -0.3327 -0.2904 0.0091 0.1593 0.1171 -0.2385 -0.3229 -0.3269 -0.2412 0.0582 0.2157 -0.0682 -0.2930 -0.3306 -0.3134 -0.1166 0.1007 0.2422 -0.1663 -0.3107 -0.3326 -0.2885 0.0198 0.1810 0.0237 -0.2802 -0.3287 -0.3159 -0.1199 0.1053 0.2354 -0.1918 -0.3173 -0.3291 -0.2436 -0.0074 -0.2436 -0.3291 -0.3173 -0.1918 0.2354 0.1053 -0.1199 -0.3159 -0.3287 -0.2802 0.0237 0.1810 0.0198 -0.2885 -0.3326 -0.3107 -0.1663 0.2422 0.1007 -0.1166 -0.3134 -0.3306 -0.2930 -0.0682 0.2157 0.0582 -0.2412 -0.3269 -0.3229 -0.2385 0.1171 0.1593 0.0091 -0.2904 -0.3327 -0.3119 -0.1765 0.2371 0.1110 -0.0780 -0.3080 -0.3322 -0.2985 -0.1070 0.2304 0.0740 -0.2027 -0.3226 -0.3267 -0.2132
-0.2768 -0.3199 -0.1746 0.0830 0.2374 -0.1264 -0.3020 -0.3328 -0.3039 -0.0513 0.1207 0.2244 -0.1912 -0.3148 -0.3319 -0.2832 0.0231 0.1764 0.0639 -0.2551 -0.3250 -0.3245 -0.2197 0.0677 0.2247 -0.0924 -0.2963 -0.3316 -0.3101 -0.0917 0.1074 0.2391 -0.1750 -0.3122 -0.3324 -0.2863 0.0225 0.1831 0.0237 -0.2781 -0.3284 -0.3169 -0.1321 0.1010 0.2398 -0.1824 -0.3154 -0.3304 -0.2603 0.0551 0.1326 0.0551 -0.2603 -0.3304 -0.3154 -0.1824 0.2398 0.1010 -0.1321 -0.3169 -0.3284 -0.2781 0.0237 0.1831 0.0225 -0.2863 -0.3324 -0.3122 -0.1750 0.2391 0.1074 -0.0917 -0.3101 -0.3316 -0.2963 -0.0924 0.2247 0.0677 -0.2197 -0.3245 -0.3250 -0.2551 0.0639 0.1764 0.0231 -0.2832 -0.3319 -0.3148 -0.1912 0.2244 0.1207 -0.0513 -0.3039 -0.3328 -0.3020 -0.1264 0.2374 0.0830 -0.1746 -0.3199 -0.2768
-0.2829 -0.1421 0.0918 0.2419 -0.1437 -0.3053 -0.3332 -0.2999 -0.0284 0.1313 0.2021 -0.2060 -0.3176 -0.3308 -0.2734 0.0355 0.1924 0.0128 -0.2731 -0.3270 -0.3217 -0.1940 0.0769 0.2329 -0.1136 -0.2997 -0.3324 -0.3065 -0.0665 0.1154 0.2314 -0.1858 -0.3141 -0.3320 -0.2824 0.0276 0.1887 0.0135 -0.2802 -0.3284 -0.3172 -0.1385 0.0984 0.2416 -0.1757 -0.3138 -0.3314 -0.2707 0.0480 0.1971 0.1909 0.1971 0.0480 -0.2707 -0.3314 -0.3138 -0.1757 0.2416 0.0984 -0.1385 -0.3172 -0.3284 -0.2802 0.0135 0.1887 0.0276 -0.2824 -0.3320 -0.3141 -0.1858 0.2314 0.1154 -0.0665 -0.3065 -0.3324 -0.2997 -0.1136 0.2329 0.0769 -0.1940 -0.3217 -0.3270 -0.2731 0.0128 0.1924 0.0355 -0.2734 -0.3308 -0.3176 -0.2060 0.2021 0.1313 -0.0284 -0.2999 -0.3332 -0.3053 -0.1437 0.2419 0.0918 -0.1421 -0.2829
-0.1463 0.1022 0.2426 -0.1597 -0.3085 -0.3332 -0.2959 -0.0090 0.1434 0.1682 -0.2210 -0.3202 -0.3292 -0.2602 0.0467 0.2042 -0.0296 -0.2864 -0.3287 -0.3185 -0.1646 0.0859 0.2392 -0.1322 -0.3031 -0.3330 -0.3026 -0.0430 0.1245 0.2165 -0.1981 -0.3163 -0.3312 -0.2760 0.0346 0.1951 -0.0045 -0.2851 -0.3287 -0.3169 -0.1385 0.0975 0.2422 -0.1714 -0.3128 -0.3319 -0.2768 0.0408 0.2072 -0.0557 -0.2403 -0.0557 0.2072 0.0408 -0.2768 -0.3319 -0.3128 -0.1714 0.2422 0.0975 -0.1385 -0.3169 -0.3287 -0.2851 -0.0045 0.1951 0.0346 -0.2760 -0.3312 -0.3163 -0.1981 0.2165 0.1245 -0.0430 -0.3026 -0.3330 -0.3031 -0.1322 0.2392 0.0859 -0.1646 -0.3185 -0.3287 -0.2864 -0.0296 0.2042 0.0467 -0.2602 -0.3292 -0.3202 -0.2210 0.1682 0.1434 -0.0090 -0.2959 -0.3332 -0.3085 -0.1597 0.2426 0.1022 -0.1463
0.1030 0.2380 -0.1748 -0.3116 -0.3328 -0.2911 0.0074 0.1575 0.1228 -0.2366 -0.3226 -0.3272 -0.2433 0.0570 0.2143 -0.0630 -0.2922 -0.3302 -0.3149 -0.1331 0.0947 0.2426 -0.1490 -0.3063 -0.3332 -0.2986 -0.0218 0.1351 0.1918 -0.2115 -0.3187 -0.3300 -0.2666 0.0428 0.2018 -0.0273 -0.2890 -0.3293 -0.3159 -0.1321 0.0984 0.2422 -0.1700 -0.3122 -0.3321 -0.2804 0.0355 0.2014 -0.0482 -0.2935 -0.3252 -0.2935 -0.0482 0.2014 0.0355 -0.2804 -0.3321 -0.3122 -0.1700 0.2422 0.0984 -0.1321 -0.3159 -0.3293 -0.2890 -0.0273 0.2018 0.0428 -0.2666 -0.3300 -0.3187 -0.2115 0.1918 0.1351 -0.0218 -0.2986 -0.3332 -0.3063 -0.1490 0.2426 0.0947 -0.1331 -0.3149 -0.3302 -0.2922 -0.0630 0.2143 0.0570 -0.2433 -0.3272 -0.3226 -0.2366 0.1228 0.1575 0.0074 -0.2911 -0.3328 -0.3116 -0.1748 0.2380 0.1030
0.2120 -0.1895 -0.3145 -0.3321 -0.2842 0.0216 0.1744 0.0699 -0.2532 -0.3248 -0.3248 -0.2223 0.0667 0.2237 -0.0894 -0.2958 -0.3314 -0.3111 -0.1015 0.1037 0.2418 -0.1646 -0.3095 -0.3331 -0.2945 -0.0034 0.1477 0.1547 -0.2261 -0.3210 -0.3285 -0.2537 0.0516 0.2097 -0.0520 -0.2914 -0.3301 -0.3142 -0.1199 0.1010 0.2416 -0.1714 -0.3122 -0.3322 -0.2822 0.0321 0.1974 -0.0311 -0.2914 -0.3377 -0.3527 -0.3377 -0.2914 -0.0311 0.1974 0.0321 -0.2822 -0.3322 -0.3122 -0.1714 0.2416 0.1010 -0.1199 -0.3142 -0.3301 -0.2914 -0.0520 0.2097 0.0516 -0.2537 -0.3285 -0.3210 -0.2261 0.1547 0.1477 -0.0034 -0.2945 -0.3331 -0.3095 -0.1646 0.2418 0.1037 -0.1015 -0.3111 -0.3314 -0.2958 -0.0894 0.2237 0.0667 -0.2223 -0.3248 -0.3248 -0.2532 0.0699 0.1744 0.0216 -0.2842 -0.3321 -0.3145 -0.1895 0.2120
-0.1734 -0.3176 -0.3309 -0.2746 0.0342 0.1907 0.0182 -0.2710 -0.3268 -0.3220 -0.1971 0.0759 0.2321 -0.1113 -0.2993 -0.3323 -0.3071 -0.0720 0.1130 0.2351 -0.1796 -0.3125 -0.3326 -0.2891 0.0122 0.1627 0.1062 -0.2419 -0.3233 -0.3264 -0.2366 0.0607 0.2183 -0.0761 -0.2942 -0.3310 -0.3118 -0.1026 0.1053 0.2398 -0.1757 -0.3128 -0.3321 -0.2822 0.0309 0.1954 -0.0198 -0.2899 -0.3301 -0.3259 -0.2581 -0.3259 -0.3301 -0.2899 -0.0198 0.1954 0.0309 -0.2822 -0.3321 -0.3128 -0.1757 0.2398 0.1053 -0.1026 -0.3118 -0.3310 -0.2942 -0.0761 0.2183 0.0607 -0.2366 -0.3264 -0.3233 -0.2419 0.1062 0.1627 0.0122 -0.2891 -0.3326 -0.3125 -0.1796 0.2351 0.1130 -0.0720 -0.3071 -0.3323 -0.2993 -0.1113 0.2321 0.0759 -0.1971 -0.3220 -0.3268 -0.2710 0.0182 0.1907 0.0342 -0.2746 -0.3309 -0.3176 -0.1734
-0.2658 -0.3297 -0.2619 0.0455 0.2030 -0.0253 -0.2851 -0.3286 -0.3189 -0.1681 0.0849 0.2386 -0.1302 -0.3027 -0.3329 -0.3030 -0.0461 0.1229 0.2206 -0.1943 -0.3154 -0.3317 -0.2814 0.0259 0.1804 0.0526 -0.2588 -0.3255 -0.3239 -0.2146 0.0698 0.2268 -0.0980 -0.2972 -0.3319 -0.3088 -0.0814 0.1112 0.2354 -0.1824 -0.3138 -0.3319 -0.2804 0.0321 0.1954 -0.0157 -0.2892 -0.3297 -0.3127 -0.0923 0.0557 -0.0923 -0.3127 -0.3297 -0.2892 -0.0157 0.1954 0.0321 -0.2804 -0.3319 -0.3138 -0.1824 0.2354 0.1112 -0.0814 -0.3088 -0.3319 -0.2972 -0.0980 0.2268 0.0698 -0.2146 -0.3239 -0.3255 -0.2588 0.0526 0.1804 0.0259 -0.2814 -0.3317 -0.3154 -0.1943 0.2206 0.1229 -0.0461 -0.3030 -0.3329 -0.3027 -0.1302 0.2386 0.0849 -0.1681 -0.3189 -0.3286 -0.2851 -0.0253 0.2030 0.0455 -0.2619 -0.3297 -0.2658
-0.2882 -0.2452 0.0558 0.2132 -0.0596 -0.2918 -0.3301 -0.3154 -0.1367 0.0937 0.2424 -0.1472 -0.3060 -0.3332 -0.2990 -0.0240 0.1337 0.1959 -0.2091 -0.3182 -0.3305 -0.2709 0.0380 0.1957 0.0030 -0.2770 -0.3274 -0.3210 -0.1880 0.0788 0.2344 -0.1179 -0.3005 -0.3326 -0.3053 -0.0589 0.1186 0.2261 -0.1918 -0.3154 -0.3314 -0.2768 0.0355 0.1974 -0.0198 -0.2892 -0.3297 -0.3138 -0.1057 0.1042 0.1993 0.1042 -0.1057 -0.3138 -0.3297 -0.2892 -0.0198 0.1974 0.0355 -0.2768 -0.3314 -0.3154 -0.1918 0.2261 0.1186 -0.0589 -0.3053 -0.3326 -0.3005 -0.1179 0.2344 0.0788 -0.1880 -0.3210 -0.3274 -0.2770 0.0030 0.1957 0.0380 -0.2709 -0.3305 -0.3182 -0.2091 0.1959 0.1337 -0.0240 -0.2990 -0.3332 -0.3060 -0.1472 0.2424 0.0937 -0.1367 -0.3154 -0.3301 -0.2918 -0.0596 0.2132 0.0558 -0.2452 -0.2882
-0.2323 0.0671 0.2228 -0.0868 -0.2954 -0.3312 -0.3115 -0.1049 0.1027 0.2421 -0.1630 -0.3091 -0.3330 -0.2950 -0.0053 0.1463 0.1594 -0.2243 -0.3207 -0.3286 -0.2570 0.0490 0.2064 -0.0375 -0.2889 -0.3290 -0.3176 -0.1580 0.0878 0.2402 -0.1360 -0.3038 -0.3330 -0.3016 -0.0373 0.1275 0.2094 -0.2031 -0.3173 -0.3304 -0.2707 0.0408 0.2014 -0.0311 -0.2899 -0.3297 -0.3138 -0.1109 0.1061 0.2404 -0.0695 0.2404 0.1061 -0.1109 -0.3138 -0.3297 -0.2899 -0.0311 0.2014 0.0408 -0.2707 -0.3304 -0.3173 -0.2031 0.2094 0.1275 -0.0373 -0.3016 -0.3330 -0.3038 -0.1360 0.2402 0.0878 -0.1580 -0.3176 -0.3290 -0.2889 -0.0375 0.2064 0.0490 -0.2570 -0.3286 -0.3207 -0.2243 0.1594 0.1463 -0.0053 -0.2950 -0.3330 -0.3091 -0.1630 0.2421 0.1027 -0.1049 -0.3115 -0.3312 -0.2954 -0.0868 0.2228 0.0671 -0.2323
0.0637 0.2314 -0.1098 -0.2990 -0.3321 -0.3072 -0.0735 0.1118 0.2359 -0.1784 -0.3123 -0.3324 -0.2893 0.0114 0.1599 0.1102 -0.2404 -0.3231 -0.3263 -0.2380 0.0595 0.2166 -0.0700 -0.2931 -0.3304 -0.3137 -0.1244 0.0966 0.2428 -0.1529 -0.3072 -0.3330 -0.2975 -0.0165 0.1375 0.1816 -0.2162 -0.3195 -0.3291 -0.2603 0.0480 0.2072 -0.0482 -0.2914 -0.3301 -0.3127 -0.1057 0.1061 0.2367 -0.1810 -0.2951 -0.1810 0.2367 0.1061 -0.1057 -0.3127 -0.3301 -0.2914 -0.0482 0.2072 0.0480 -0.2603 -0.3291 -0.3195 -0.2162 0.1816 0.1375 -0.0165 -0.2975 -0.3330 -0.3072 -0.1529 0.2428 0.0966 -0.1244 -0.3137 -0.3304 -0.2931 -0.0700 0.2166 0.0595 -0.2380 -0.3263 -0.3231 -0.2404 0.1102 0.1599 0.0114 -0.2893 -0.3324 -0.3123 -0.1784 0.2359 0.1118 -0.0735 -0.3072 -0.3321 -0.2990 -0.1098 0.2314 0.0637
0.2199 -0.1220 -0.3033 -0.3418 -0.3156 -0.0448 0.1157 0.2302 -0.1888 -0.3178 -0.3439 -0.2833 0.0254 0.1599 0.0800 -0.2536 -0.3302 -0.3388 -0.2117 0.0676 0.2112 -0.0859 -0.2970 -0.3393 -0.3245 -0.0893 0.1016 0.2435 -0.1634 -0.3121 -0.3438 -0.2992 0.0020 0.1395 0.1621 -0.2267 -0.3257 -0.3415 -0.2436 0.0551 0.1971 -0.0557 -0.2935 -0.3377 -0.3259 -0.0923 0.1042 0.2404 -0.1810 -0.3203 -0.3529 -0.3203 -0.1810 0.2404 0.1042 -0.0923 -0.3259 -0.3377 -0.2935 -0.0557 0.1971 0.0551 -0.2436 -0.3415 -0.3257 -0.2267 0.1621 0.1395 0.0020 -0.2992 -0.3438 -0.3121 -0.1634 0.2435 0.1016 -0.0893 -0.3245 -0.3393 -0.2970 -0.0859 0.2112 0.0676 -0.2117 -0.3388 -0.3302 -0.2536 0.0800 0.1599 0.0254 -0.2833 -0.3439 -0.3178 -0.1888 0.2302 0.1157 -0.0448 -0.3156 -0.3418 -0.3033 -0.1220 0.2199
0.0417 -0.2743 -0.3341 -0.3512 -0.1986 0.0712 0.2134 -0.1014 -0.2978 -0.3451 -0.3395 -0.0647 0.1064 0.2315 -0.1925 -0.3140 -0.3521 -0.3138 0.0145 0.1478 0.1454 -0.2530 -0.3287 -0.3531 -0.2460 0.0572 0.1978 -0.0508 -0.2909 -0.3410 -0.3456 -0.1164 0.0916 0.2301 -0.1578 -0.3078 -0.3499 -0.3257 -0.0074 0.1326 0.1909 -0.2403 -0.3252 -0.3527 -0.2581 0.0557 0.1993 -0.0695 -0.2951 -0.3529 -0.3812 -0.3529 -0.2951 -0.0695 0.1993 0.0557 -0.2581 -0.3527 -0.3252 -0.2403 0.1909 0.1326 -0.0074 -0.3257 -0.3499 -0.3078 -0.1578 0.2301 0.0916 -0.1164 -0.3456 -0.3410 -0.2909 -0.0508 0.1978 0.0572 -0.2460 -0.3531 -0.3287 -0.2530 0.1454 0.1478 0.0145 -0.3138 -0.3521 -0.3140 -0.1925 0.2315 0.1064 -0.0647 -0.3395 -0.3451 -0.2978 -0.1014 0.2134 0.0712 -0.1986 -0.3512 -0.3341 -0.2743 0.0417
