0.4920 1.0000 1.0000 0.0008 0.0063 0.0481 0.3650 1.0000 1.0000 0.0005 0.0037 0.0284 0.2155 1.0000 1.0000 0.0003 0.0022 0.0168 0.1273 0.9663 1.0000 0.0002 0.0013 0.0099 0.0751 0.5706 1.0000 1.0000 0.0008 0.0058 0.0444 0.3369 1.0000 1.0000 0.0005 0.0035 0.0262 0.1990 1.0000 1.0000 0.0003 0.0020 0.0155 0.1175 0.8922 1.0000 1.0000 0.0012 0.0092 0.0692 0.2538 0.0692 0.0092 0.0012 1.0000 1.0000 0.8922 0.1175 0.0155 0.0020 0.0003 1.0000 1.0000 0.1990 0.0262 0.0035 0.0005 1.0000 1.0000 0.3369 0.0444 0.0058 0.0008 1.0000 1.0000 0.5706 0.0751 0.0099 0.0013 0.0002 1.0000 0.9663 0.1273 0.0168 0.0022 0.0003 1.0000 1.0000 0.2155 0.0284 0.0037 0.0005 1.0000 1.0000 0.3650 0.0481 0.0063 0.0008 1.0000 1.0000 0.4920
1.0000 1.0000 0.0009 0.0069 0.0519 0.3923 1.0000 1.0000 0.0005 0.0040 0.0304 0.2312 1.0000 1.0000 0.0003 0.0024 0.0180 0.1363 1.0000 1.0000 1.0000 0.0014 0.0106 0.0806 0.6111 1.0000 1.0000 0.0008 0.0063 0.0475 0.3615 1.0000 1.0000 0.0005 0.0037 0.0281 0.2131 1.0000 1.0000 0.0003 0.0022 0.0166 0.1261 0.9554 1.0000 1.0000 0.0013 0.0098 0.0750 0.5739 1.0000 0.5739 0.0750 0.0098 0.0013 1.0000 1.0000 0.9554 0.1261 0.0166 0.0022 0.0003 1.0000 1.0000 0.2131 0.0281 0.0037 0.0005 1.0000 1.0000 0.3615 0.0475 0.0063 0.0008 1.0000 1.0000 0.6111 0.0806 0.0106 0.0014 1.0000 1.0000 1.0000 0.1363 0.0180 0.0024 0.0003 1.0000 1.0000 0.2312 0.0304 0.0040 0.0005 1.0000 1.0000 0.3923 0.0519 0.0069 0.0009 1.0000 1.0000
1.0000 0.0009 0.0065 0.0470 0.3487 1.0000 1.0000 0.0005 0.0035 0.0264 0.1997 1.0000 1.0000 0.0003 0.0020 0.0155 0.1177 0.8939 1.0000 1.0000 0.0012 0.0092 0.0695 0.5278 1.0000 1.0000 0.0007 0.0054 0.0410 0.3117 1.0000 1.0000 0.0004 0.0032 0.0242 0.1840 1.0000 1.0000 0.0002 0.0019 0.0143 0.1087 0.8252 1.0000 1.0000 0.0011 0.0085 0.0643 0.4920 1.0000 1.0000 1.0000 0.4920 0.0643 0.0085 0.0011 1.0000 1.0000 0.8252 0.1087 0.0143 0.0019 0.0002 1.0000 1.0000 0.1840 0.0242 0.0032 0.0004 1.0000 1.0000 0.3117 0.0410 0.0054 0.0007 1.0000 1.0000 0.5278 0.0695 0.0092 0.0012 1.0000 1.0000 0.8939 0.1177 0.0155 0.0020 0.0003 1.0000 1.0000 0.1997 0.0264 0.0035 0.0005 1.0000 1.0000 0.3487 0.0470 0.0065 0.0009 1.0000
0.0008 0.0069 0.0470 0.3338 1.0000 1.0000 0.0004 0.0031 0.0232 0.1755 1.0000 1.0000 0.0002 0.0018 0.0136 0.1030 0.7824 1.0000 1.0000 0.0011 0.0080 0.0608 0.4620 1.0000 1.0000 0.0006 0.0047 0.0359 0.2728 1.0000 1.0000 0.0004 0.0028 0.0212 0.1611 1.0000 1.0000 0.0002 0.0016 0.0125 0.0951 0.7224 1.0000 1.0000 0.0010 0.0074 0.0562 0.4266 1.0000 1.0000 0.0003 1.0000 1.0000 0.4266 0.0562 0.0074 0.0010 1.0000 1.0000 0.7224 0.0951 0.0125 0.0016 0.0002 1.0000 1.0000 0.1611 0.0212 0.0028 0.0004 1.0000 1.0000 0.2728 0.0359 0.0047 0.0006 1.0000 1.0000 0.4620 0.0608 0.0080 0.0011 1.0000 1.0000 0.7824 0.1030 0.0136 0.0018 0.0002 1.0000 1.0000 0.1755 0.0232 0.0031 0.0004 1.0000 1.0000 0.3338 0.0470 0.0069 0.0008
0.0063 0.0519 0.3487 1.0000 1.0000 0.0004 0.0028 0.0209 0.1560 1.0000 1.0000 0.0002 0.0016 0.0119 0.0900 0.6836 1.0000 1.0000 0.0009 0.0070 0.0532 0.4037 1.0000 1.0000 0.0005 0.0041 0.0314 0.2384 1.0000 1.0000 0.0003 0.0024 0.0185 0.1408 1.0000 1.0000 1.0000 0.0014 0.0109 0.0831 0.6311 1.0000 1.0000 0.0009 0.0065 0.0491 0.3727 1.0000 1.0000 0.0005 0.0017 0.0005 1.0000 1.0000 0.3727 0.0491 0.0065 0.0009 1.0000 1.0000 0.6311 0.0831 0.0109 0.0014 1.0000 1.0000 1.0000 0.1408 0.0185 0.0024 0.0003 1.0000 1.0000 0.2384 0.0314 0.0041 0.0005 1.0000 1.0000 0.4037 0.0532 0.0070 0.0009 1.0000 1.0000 0.6836 0.0900 0.0119 0.0016 0.0002 1.0000 1.0000 0.1560 0.0209 0.0028 0.0004 1.0000 1.0000 0.3487 0.0519 0.0063
0.0481 0.3923 1.0000 1.0000 0.0004 0.0027 0.0195 0.1432 1.0000 1.0000 1.0000 0.0014 0.0104 0.0788 0.5973 1.0000 1.0000 0.0008 0.0061 0.0464 0.3527 1.0000 1.0000 0.0005 0.0036 0.0274 0.2083 1.0000 1.0000 0.0003 0.0021 0.0162 0.1230 0.9338 1.0000 1.0000 0.0013 0.0096 0.0726 0.5514 1.0000 1.0000 0.0007 0.0056 0.0429 0.3256 1.0000 1.0000 0.0004 0.0034 0.0116 0.0034 0.0004 1.0000 1.0000 0.3256 0.0429 0.0056 0.0007 1.0000 1.0000 0.5514 0.0726 0.0096 0.0013 1.0000 1.0000 0.9338 0.1230 0.0162 0.0021 0.0003 1.0000 1.0000 0.2083 0.0274 0.0036 0.0005 1.0000 1.0000 0.3527 0.0464 0.0061 0.0008 1.0000 1.0000 0.5973 0.0788 0.0104 0.0014 1.0000 1.0000 1.0000 0.1432 0.0195 0.0027 0.0004 1.0000 1.0000 0.3923 0.0481
0.3650 1.0000 1.0000 0.0004 0.0028 0.0195 0.1386 1.0000 1.0000 1.0000 0.0012 0.0093 0.0698 0.5258 1.0000 1.0000 0.0007 0.0053 0.0406 0.3081 1.0000 1.0000 0.0004 0.0032 0.0240 0.1820 1.0000 1.0000 0.0002 0.0019 0.0141 0.1074 0.8159 1.0000 1.0000 0.0011 0.0084 0.0634 0.4818 1.0000 1.0000 0.0006 0.0049 0.0375 0.2845 1.0000 1.0000 0.0004 0.0029 0.0225 0.0770 0.0225 0.0029 0.0004 1.0000 1.0000 0.2845 0.0375 0.0049 0.0006 1.0000 1.0000 0.4818 0.0634 0.0084 0.0011 1.0000 1.0000 0.8159 0.1074 0.0141 0.0019 0.0002 1.0000 1.0000 0.1820 0.0240 0.0032 0.0004 1.0000 1.0000 0.3081 0.0406 0.0053 0.0007 1.0000 1.0000 0.5258 0.0698 0.0093 0.0012 1.0000 1.0000 1.0000 0.1386 0.0195 0.0028 0.0004 1.0000 1.0000 0.3650
1.0000 1.0000 0.0005 0.0031 0.0209 0.1432 1.0000 1.0000 1.0000 0.0011 0.0085 0.0627 0.4691 1.0000 1.0000 0.0006 0.0047 0.0355 0.2692 1.0000 1.0000 0.0004 0.0028 0.0209 0.1590 1.0000 1.0000 0.0002 0.0016 0.0124 0.0939 0.7128 1.0000 1.0000 0.0010 0.0073 0.0554 0.4209 1.0000 1.0000 0.0006 0.0043 0.0327 0.2485 1.0000 1.0000 0.0003 0.0025 0.0195 0.1493 0.5110 0.1493 0.0195 0.0025 0.0003 1.0000 1.0000 0.2485 0.0327 0.0043 0.0006 1.0000 1.0000 0.4209 0.0554 0.0073 0.0010 1.0000 1.0000 0.7128 0.0939 0.0124 0.0016 0.0002 1.0000 1.0000 0.1590 0.0209 0.0028 0.0004 1.0000 1.0000 0.2692 0.0355 0.0047 0.0006 1.0000 1.0000 0.4691 0.0627 0.0085 0.0011 1.0000 1.0000 1.0000 0.1432 0.0209 0.0031 0.0005 1.0000 1.0000
1.0000 0.0005 0.0035 0.0232 0.1560 1.0000 1.0000 1.0000 0.0011 0.0080 0.0583 0.4290 1.0000 1.0000 0.0005 0.0041 0.0312 0.2361 1.0000 1.0000 0.0003 0.0024 0.0183 0.1389 1.0000 1.0000 1.0000 0.0014 0.0108 0.0820 0.6228 1.0000 1.0000 0.0008 0.0064 0.0484 0.3678 1.0000 1.0000 0.0005 0.0038 0.0286 0.2172 1.0000 1.0000 0.0003 0.0022 0.0169 0.1292 0.9905 1.0000 0.9905 0.1292 0.0169 0.0022 0.0003 1.0000 1.0000 0.2172 0.0286 0.0038 0.0005 1.0000 1.0000 0.3678 0.0484 0.0064 0.0008 1.0000 1.0000 0.6228 0.0820 0.0108 0.0014 1.0000 1.0000 1.0000 0.1389 0.0183 0.0024 0.0003 1.0000 1.0000 0.2361 0.0312 0.0041 0.0005 1.0000 1.0000 0.4290 0.0583 0.0080 0.0011 1.0000 1.0000 1.0000 0.1560 0.0232 0.0035 0.0005 1.0000
0.0005 0.0040 0.0264 0.1755 1.0000 1.0000 1.0000 0.0011 0.0080 0.0568 0.4083 1.0000 1.0000 0.0005 0.0037 0.0277 0.2090 1.0000 1.0000 0.0003 0.0021 0.0160 0.1213 0.9215 1.0000 1.0000 0.0012 0.0094 0.0717 0.5441 1.0000 1.0000 0.0007 0.0056 0.0423 0.3213 1.0000 1.0000 0.0004 0.0033 0.0250 0.1897 1.0000 1.0000 0.0003 0.0019 0.0148 0.1120 0.8572 1.0000 1.0000 1.0000 0.8572 0.1120 0.0148 0.0019 0.0003 1.0000 1.0000 0.1897 0.0250 0.0033 0.0004 1.0000 1.0000 0.3213 0.0423 0.0056 0.0007 1.0000 1.0000 0.5441 0.0717 0.0094 0.0012 1.0000 1.0000 0.9215 0.1213 0.0160 0.0021 0.0003 1.0000 1.0000 0.2090 0.0277 0.0037 0.0005 1.0000 1.0000 0.4083 0.0568 0.0080 0.0011 1.0000 1.0000 1.0000 0.1755 0.0264 0.0040 0.0005
0.0037 0.0304 0.1997 1.0000 1.0000 1.0000 0.0012 0.0085 0.0583 0.4083 1.0000 1.0000 0.0005 0.0034 0.0252 0.1876 1.0000 1.0000 0.0002 0.0018 0.0140 0.1060 0.8051 1.0000 1.0000 0.0011 0.0082 0.0626 0.4754 1.0000 1.0000 0.0006 0.0049 0.0370 0.2807 1.0000 1.0000 0.0004 0.0029 0.0218 0.1658 1.0000 1.0000 0.0002 0.0017 0.0129 0.0979 0.7433 1.0000 1.0000 0.0005 1.0000 1.0000 0.7433 0.0979 0.0129 0.0017 0.0002 1.0000 1.0000 0.1658 0.0218 0.0029 0.0004 1.0000 1.0000 0.2807 0.0370 0.0049 0.0006 1.0000 1.0000 0.4754 0.0626 0.0082 0.0011 1.0000 1.0000 0.8051 0.1060 0.0140 0.0018 0.0002 1.0000 1.0000 0.1876 0.0252 0.0034 0.0005 1.0000 1.0000 0.4083 0.0583 0.0085 0.0012 1.0000 1.0000 1.0000 0.1997 0.0304 0.0037
0.0284 0.2312 1.0000 1.0000 0.0002 0.0014 0.0093 0.0627 0.4290 1.0000 1.0000 0.0005 0.0033 0.0236 0.1732 1.0000 1.0000 0.0002 0.0016 0.0124 0.0933 0.7061 1.0000 1.0000 0.0009 0.0072 0.0547 0.4153 1.0000 1.0000 0.0006 0.0043 0.0323 0.2453 1.0000 1.0000 0.0003 0.0025 0.0191 0.1448 1.0000 1.0000 1.0000 0.0015 0.0113 0.0855 0.6494 1.0000 1.0000 0.0009 0.0030 0.0009 1.0000 1.0000 0.6494 0.0855 0.0113 0.0015 1.0000 1.0000 1.0000 0.1448 0.0191 0.0025 0.0003 1.0000 1.0000 0.2453 0.0323 0.0043 0.0006 1.0000 1.0000 0.4153 0.0547 0.0072 0.0009 1.0000 1.0000 0.7061 0.0933 0.0124 0.0016 0.0002 1.0000 1.0000 0.1732 0.0236 0.0033 0.0005 1.0000 1.0000 0.4290 0.0627 0.0093 0.0014 0.0002 1.0000 1.0000 0.2312 0.0284
0.2155 1.0000 1.0000 0.0002 0.0016 0.0104 0.0698 0.4691 1.0000 1.0000 0.0005 0.0033 0.0231 0.1654 1.0000 1.0000 0.0002 0.0015 0.0111 0.0830 0.6240 1.0000 1.0000 0.0008 0.0063 0.0478 0.3629 1.0000 1.0000 0.0005 0.0037 0.0282 0.2143 1.0000 1.0000 0.0003 0.0022 0.0167 0.1265 0.9608 1.0000 1.0000 0.0013 0.0098 0.0747 0.5674 1.0000 1.0000 0.0008 0.0059 0.0202 0.0059 0.0008 1.0000 1.0000 0.5674 0.0747 0.0098 0.0013 1.0000 1.0000 0.9608 0.1265 0.0167 0.0022 0.0003 1.0000 1.0000 0.2143 0.0282 0.0037 0.0005 1.0000 1.0000 0.3629 0.0478 0.0063 0.0008 1.0000 1.0000 0.6240 0.0830 0.0111 0.0015 0.0002 1.0000 1.0000 0.1654 0.0231 0.0033 0.0005 1.0000 1.0000 0.4691 0.0698 0.0104 0.0016 0.0002 1.0000 1.0000 0.2155
1.0000 1.0000 0.0003 0.0018 0.0119 0.0788 0.5258 1.0000 1.0000 0.0005 0.0034 0.0236 0.1654 1.0000 1.0000 1.0000 0.0014 0.0101 0.0750 0.5588 1.0000 1.0000 0.0007 0.0055 0.0418 0.3171 1.0000 1.0000 0.0004 0.0032 0.0247 0.1872 1.0000 1.0000 0.0003 0.0019 0.0146 0.1105 0.8395 1.0000 1.0000 0.0011 0.0086 0.0653 0.4957 1.0000 1.0000 0.0007 0.0051 0.0392 0.1342 0.0392 0.0051 0.0007 1.0000 1.0000 0.4957 0.0653 0.0086 0.0011 1.0000 1.0000 0.8395 0.1105 0.0146 0.0019 0.0003 1.0000 1.0000 0.1872 0.0247 0.0032 0.0004 1.0000 1.0000 0.3171 0.0418 0.0055 0.0007 1.0000 1.0000 0.5588 0.0750 0.0101 0.0014 1.0000 1.0000 1.0000 0.1654 0.0236 0.0034 0.0005 1.0000 1.0000 0.5258 0.0788 0.0119 0.0018 0.0003 1.0000 1.0000
1.0000 0.0003 0.0020 0.0136 0.0900 0.5973 1.0000 1.0000 0.0005 0.0037 0.0252 0.1732 1.0000 1.0000 1.0000 0.0013 0.0095 0.0695 0.5120 1.0000 1.0000 0.0007 0.0049 0.0370 0.2791 1.0000 1.0000 0.0004 0.0028 0.0215 0.1636 1.0000 1.0000 0.0002 0.0017 0.0127 0.0966 0.7335 1.0000 1.0000 0.0010 0.0075 0.0570 0.4331 1.0000 1.0000 0.0006 0.0044 0.0339 0.2602 0.8905 0.2602 0.0339 0.0044 0.0006 1.0000 1.0000 0.4331 0.0570 0.0075 0.0010 1.0000 1.0000 0.7335 0.0966 0.0127 0.0017 0.0002 1.0000 1.0000 0.1636 0.0215 0.0028 0.0004 1.0000 1.0000 0.2791 0.0370 0.0049 0.0007 1.0000 1.0000 0.5120 0.0695 0.0095 0.0013 1.0000 1.0000 1.0000 0.1732 0.0252 0.0037 0.0005 1.0000 1.0000 0.5973 0.0900 0.0136 0.0020 0.0003 1.0000
0.0003 0.0024 0.0155 0.1030 0.6836 1.0000 1.0000 0.0006 0.0041 0.0277 0.1876 1.0000 1.0000 1.0000 0.0013 0.0093 0.0668 0.4827 1.0000 1.0000 0.0006 0.0044 0.0330 0.2476 1.0000 1.0000 0.0003 0.0025 0.0188 0.1429 1.0000 1.0000 1.0000 0.0015 0.0111 0.0844 0.6408 1.0000 1.0000 0.0009 0.0066 0.0498 0.3784 1.0000 1.0000 0.0005 0.0039 0.0294 0.2251 1.0000 1.0000 1.0000 0.2251 0.0294 0.0039 0.0005 1.0000 1.0000 0.3784 0.0498 0.0066 0.0009 1.0000 1.0000 0.6408 0.0844 0.0111 0.0015 1.0000 1.0000 1.0000 0.1429 0.0188 0.0025 0.0003 1.0000 1.0000 0.2476 0.0330 0.0044 0.0006 1.0000 1.0000 0.4827 0.0668 0.0093 0.0013 1.0000 1.0000 1.0000 0.1876 0.0277 0.0041 0.0006 1.0000 1.0000 0.6836 0.1030 0.0155 0.0024 0.0003
0.0022 0.0180 0.1177 0.7824 1.0000 1.0000 0.0007 0.0047 0.0312 0.2090 1.0000 1.0000 0.0002 0.0014 0.0095 0.0668 0.4727 1.0000 1.0000 0.0005 0.0040 0.0299 0.2226 1.0000 1.0000 0.0003 0.0022 0.0165 0.1251 0.9481 1.0000 1.0000 0.0013 0.0097 0.0737 0.5599 1.0000 1.0000 0.0008 0.0057 0.0435 0.3306 1.0000 1.0000 0.0004 0.0034 0.0257 0.1952 1.0000 1.0000 1.0000 1.0000 1.0000 0.1952 0.0257 0.0034 0.0004 1.0000 1.0000 0.3306 0.0435 0.0057 0.0008 1.0000 1.0000 0.5599 0.0737 0.0097 0.0013 1.0000 1.0000 0.9481 0.1251 0.0165 0.0022 0.0003 1.0000 1.0000 0.2226 0.0299 0.0040 0.0005 1.0000 1.0000 0.4727 0.0668 0.0095 0.0014 0.0002 1.0000 1.0000 0.2090 0.0312 0.0047 0.0007 1.0000 1.0000 0.7824 0.1177 0.0180 0.0022
0.0168 0.1363 0.8939 1.0000 1.0000 0.0008 0.0053 0.0355 0.2361 1.0000 1.0000 0.0002 0.0015 0.0101 0.0695 0.4827 1.0000 1.0000 0.0005 0.0038 0.0278 0.2047 1.0000 1.0000 0.0003 0.0019 0.0146 0.1103 0.8331 1.0000 1.0000 0.0011 0.0085 0.0644 0.4892 1.0000 1.0000 0.0007 0.0050 0.0380 0.2888 1.0000 1.0000 0.0004 0.0030 0.0225 0.1706 1.0000 1.0000 0.0002 0.0008 0.0002 1.0000 1.0000 0.1706 0.0225 0.0030 0.0004 1.0000 1.0000 0.2888 0.0380 0.0050 0.0007 1.0000 1.0000 0.4892 0.0644 0.0085 0.0011 1.0000 1.0000 0.8331 0.1103 0.0146 0.0019 0.0003 1.0000 1.0000 0.2047 0.0278 0.0038 0.0005 1.0000 1.0000 0.4827 0.0695 0.0101 0.0015 0.0002 1.0000 1.0000 0.2361 0.0355 0.0053 0.0008 1.0000 1.0000 0.8939 0.1363 0.0168
0.1273 1.0000 1.0000 1.0000 0.0009 0.0061 0.0406 0.2692 1.0000 1.0000 0.0002 0.0016 0.0111 0.0750 0.5120 1.0000 1.0000 0.0005 0.0038 0.0269 0.1937 1.0000 1.0000 0.0002 0.0018 0.0131 0.0983 0.7391 1.0000 1.0000 0.0010 0.0074 0.0563 0.4274 1.0000 1.0000 0.0006 0.0044 0.0332 0.2524 1.0000 1.0000 0.0003 0.0026 0.0196 0.1490 1.0000 1.0000 0.0002 0.0016 0.0053 0.0016 0.0002 1.0000 1.0000 0.1490 0.0196 0.0026 0.0003 1.0000 1.0000 0.2524 0.0332 0.0044 0.0006 1.0000 1.0000 0.4274 0.0563 0.0074 0.0010 1.0000 1.0000 0.7391 0.0983 0.0131 0.0018 0.0002 1.0000 1.0000 0.1937 0.0269 0.0038 0.0005 1.0000 1.0000 0.5120 0.0750 0.0111 0.0016 0.0002 1.0000 1.0000 0.2692 0.0406 0.0061 0.0009 1.0000 1.0000 1.0000 0.1273
0.9663 1.0000 1.0000 0.0011 0.0070 0.0464 0.3081 1.0000 1.0000 0.0003 0.0018 0.0124 0.0830 0.5588 1.0000 1.0000 0.0005 0.0038 0.0269 0.1901 1.0000 1.0000 0.0002 0.0016 0.0119 0.0887 0.6619 1.0000 1.0000 0.0009 0.0065 0.0494 0.3741 1.0000 1.0000 0.0005 0.0038 0.0290 0.2205 1.0000 1.0000 0.0003 0.0023 0.0171 0.1302 0.9887 1.0000 1.0000 0.0013 0.0103 0.0353 0.0103 0.0013 1.0000 1.0000 0.9887 0.1302 0.0171 0.0023 0.0003 1.0000 1.0000 0.2205 0.0290 0.0038 0.0005 1.0000 1.0000 0.3741 0.0494 0.0065 0.0009 1.0000 1.0000 0.6619 0.0887 0.0119 0.0016 0.0002 1.0000 1.0000 0.1901 0.0269 0.0038 0.0005 1.0000 1.0000 0.5588 0.0830 0.0124 0.0018 0.0003 1.0000 1.0000 0.3081 0.0464 0.0070 0.0011 1.0000 1.0000 0.9663
1.0000 1.0000 0.0012 0.0080 0.0532 0.3527 1.0000 1.0000 0.0003 0.0021 0.0140 0.0933 0.6240 1.0000 1.0000 0.0006 0.0040 0.0278 0.1937 1.0000 1.0000 0.0002 0.0015 0.0111 0.0817 0.6030 1.0000 1.0000 0.0008 0.0058 0.0436 0.3293 1.0000 1.0000 0.0004 0.0033 0.0254 0.1926 1.0000 1.0000 0.0003 0.0020 0.0150 0.1137 0.8638 1.0000 1.0000 0.0012 0.0089 0.0683 0.2339 0.0683 0.0089 0.0012 1.0000 1.0000 0.8638 0.1137 0.0150 0.0020 0.0003 1.0000 1.0000 0.1926 0.0254 0.0033 0.0004 1.0000 1.0000 0.3293 0.0436 0.0058 0.0008 1.0000 1.0000 0.6030 0.0817 0.0111 0.0015 0.0002 1.0000 1.0000 0.1937 0.0278 0.0040 0.0006 1.0000 1.0000 0.6240 0.0933 0.0140 0.0021 0.0003 1.0000 1.0000 0.3527 0.0532 0.0080 0.0012 1.0000 1.0000
0.0002 0.0014 0.0092 0.0608 0.4037 1.0000 1.0000 0.0004 0.0024 0.0160 0.1060 0.7061 1.0000 1.0000 0.0007 0.0044 0.0299 0.2047 1.0000 1.0000 0.0002 0.0015 0.0108 0.0776 0.5641 1.0000 1.0000 0.0007 0.0052 0.0388 0.2922 1.0000 1.0000 0.0004 0.0029 0.0222 0.1683 1.0000 1.0000 0.0002 0.0017 0.0131 0.0994 0.7547 1.0000 1.0000 0.0010 0.0077 0.0591 0.4533 1.0000 0.4533 0.0591 0.0077 0.0010 1.0000 1.0000 0.7547 0.0994 0.0131 0.0017 0.0002 1.0000 1.0000 0.1683 0.0222 0.0029 0.0004 1.0000 1.0000 0.2922 0.0388 0.0052 0.0007 1.0000 1.0000 0.5641 0.0776 0.0108 0.0015 0.0002 1.0000 1.0000 0.2047 0.0299 0.0044 0.0007 1.0000 1.0000 0.7061 0.1060 0.0160 0.0024 0.0004 1.0000 1.0000 0.4037 0.0608 0.0092 0.0014 0.0002
0.0013 0.0106 0.0695 0.4620 1.0000 1.0000 0.0004 0.0028 0.0183 0.1213 0.8051 1.0000 1.0000 0.0007 0.0049 0.0330 0.2226 1.0000 1.0000 0.0002 0.0015 0.0108 0.0762 0.5452 1.0000 1.0000 0.0006 0.0047 0.0352 0.2621 1.0000 1.0000 0.0003 0.0026 0.0195 0.1473 1.0000 1.0000 1.0000 0.0015 0.0114 0.0868 0.6594 1.0000 1.0000 0.0009 0.0068 0.0513 0.3923 1.0000 1.0000 1.0000 0.3923 0.0513 0.0068 0.0009 1.0000 1.0000 0.6594 0.0868 0.0114 0.0015 1.0000 1.0000 1.0000 0.1473 0.0195 0.0026 0.0003 1.0000 1.0000 0.2621 0.0352 0.0047 0.0006 1.0000 1.0000 0.5452 0.0762 0.0108 0.0015 0.0002 1.0000 1.0000 0.2226 0.0330 0.0049 0.0007 1.0000 1.0000 0.8051 0.1213 0.0183 0.0028 0.0004 1.0000 1.0000 0.4620 0.0695 0.0106 0.0013
0.0099 0.0806 0.5278 1.0000 1.0000 0.0005 0.0032 0.0209 0.1389 0.9215 1.0000 1.0000 0.0008 0.0055 0.0370 0.2476 1.0000 1.0000 0.0002 0.0016 0.0111 0.0776 0.5452 1.0000 1.0000 0.0006 0.0045 0.0326 0.2402 1.0000 1.0000 0.0003 0.0023 0.0172 0.1299 0.9812 1.0000 1.0000 0.0013 0.0100 0.0759 0.5761 1.0000 1.0000 0.0008 0.0059 0.0448 0.3402 1.0000 1.0000 1.0000 1.0000 1.0000 0.3402 0.0448 0.0059 0.0008 1.0000 1.0000 0.5761 0.0759 0.0100 0.0013 1.0000 1.0000 0.9812 0.1299 0.0172 0.0023 0.0003 1.0000 1.0000 0.2402 0.0326 0.0045 0.0006 1.0000 1.0000 0.5452 0.0776 0.0111 0.0016 0.0002 1.0000 1.0000 0.2476 0.0370 0.0055 0.0008 1.0000 1.0000 0.9215 0.1389 0.0209 0.0032 0.0005 1.0000 1.0000 0.5278 0.0806 0.0099
0.0751 0.6111 1.0000 1.0000 0.0005 0.0036 0.0240 0.1590 1.0000 1.0000 1.0000 0.0009 0.0063 0.0418 0.2791 1.0000 1.0000 0.0003 0.0018 0.0119 0.0817 0.5641 1.0000 1.0000 0.0006 0.0043 0.0310 0.2256 1.0000 1.0000 0.0003 0.0021 0.0154 0.1155 0.8687 1.0000 1.0000 0.0012 0.0087 0.0663 0.5033 1.0000 1.0000 0.0007 0.0052 0.0391 0.2972 1.0000 1.0000 0.0004 0.0014 0.0004 1.0000 1.0000 0.2972 0.0391 0.0052 0.0007 1.0000 1.0000 0.5033 0.0663 0.0087 0.0012 1.0000 1.0000 0.8687 0.1155 0.0154 0.0021 0.0003 1.0000 1.0000 0.2256 0.0310 0.0043 0.0006 1.0000 1.0000 0.5641 0.0817 0.0119 0.0018 0.0003 1.0000 1.0000 0.2791 0.0418 0.0063 0.0009 1.0000 1.0000 1.0000 0.1590 0.0240 0.0036 0.0005 1.0000 1.0000 0.6111 0.0751
0.5706 1.0000 1.0000 0.0006 0.0041 0.0274 0.1820 1.0000 1.0000 1.0000 0.0011 0.0072 0.0478 0.3171 1.0000 1.0000 0.0003 0.0019 0.0131 0.0887 0.6030 1.0000 1.0000 0.0006 0.0043 0.0305 0.2184 1.0000 1.0000 0.0003 0.0019 0.0140 0.1040 0.7765 1.0000 1.0000 0.0010 0.0077 0.0581 0.4406 1.0000 1.0000 0.0006 0.0045 0.0342 0.2597 1.0000 1.0000 0.0004 0.0027 0.0093 0.0027 0.0004 1.0000 1.0000 0.2597 0.0342 0.0045 0.0006 1.0000 1.0000 0.4406 0.0581 0.0077 0.0010 1.0000 1.0000 0.7765 0.1040 0.0140 0.0019 0.0003 1.0000 1.0000 0.2184 0.0305 0.0043 0.0006 1.0000 1.0000 0.6030 0.0887 0.0131 0.0019 0.0003 1.0000 1.0000 0.3171 0.0478 0.0072 0.0011 1.0000 1.0000 1.0000 0.1820 0.0274 0.0041 0.0006 1.0000 1.0000 0.5706
1.0000 1.0000 0.0007 0.0047 0.0314 0.2083 1.0000 1.0000 1.0000 0.0012 0.0082 0.0547 0.3629 1.0000 1.0000 0.0003 0.0022 0.0146 0.0983 0.6619 1.0000 1.0000 0.0006 0.0045 0.0310 0.2184 1.0000 1.0000 0.0002 0.0018 0.0130 0.0957 0.7074 1.0000 1.0000 0.0009 0.0068 0.0514 0.3879 1.0000 1.0000 0.0005 0.0039 0.0299 0.2269 1.0000 1.0000 0.0003 0.0023 0.0179 0.0614 0.0179 0.0023 0.0003 1.0000 1.0000 0.2269 0.0299 0.0039 0.0005 1.0000 1.0000 0.3879 0.0514 0.0068 0.0009 1.0000 1.0000 0.7074 0.0957 0.0130 0.0018 0.0002 1.0000 1.0000 0.2184 0.0310 0.0045 0.0006 1.0000 1.0000 0.6619 0.0983 0.0146 0.0022 0.0003 1.0000 1.0000 0.3629 0.0547 0.0082 0.0012 1.0000 1.0000 1.0000 0.2083 0.0314 0.0047 0.0007 1.0000 1.0000
1.0000 0.0008 0.0054 0.0359 0.2384 1.0000 1.0000 0.0002 0.0014 0.0094 0.0626 0.4153 1.0000 1.0000 0.0004 0.0025 0.0165 0.1103 0.7391 1.0000 1.0000 0.0007 0.0047 0.0326 0.2256 1.0000 1.0000 0.0002 0.0017 0.0124 0.0902 0.6581 1.0000 1.0000 0.0008 0.0061 0.0457 0.3441 1.0000 1.0000 0.0005 0.0034 0.0261 0.1982 1.0000 1.0000 0.0003 0.0020 0.0155 0.1191 0.4075 0.1191 0.0155 0.0020 0.0003 1.0000 1.0000 0.1982 0.0261 0.0034 0.0005 1.0000 1.0000 0.3441 0.0457 0.0061 0.0008 1.0000 1.0000 0.6581 0.0902 0.0124 0.0017 0.0002 1.0000 1.0000 0.2256 0.0326 0.0047 0.0007 1.0000 1.0000 0.7391 0.1103 0.0165 0.0025 0.0004 1.0000 1.0000 0.4153 0.0626 0.0094 0.0014 0.0002 1.0000 1.0000 0.2384 0.0359 0.0054 0.0008 1.0000
0.0008 0.0063 0.0410 0.2728 1.0000 1.0000 0.0002 0.0016 0.0108 0.0717 0.4754 1.0000 1.0000 0.0004 0.0028 0.0188 0.1251 0.8331 1.0000 1.0000 0.0008 0.0052 0.0352 0.2402 1.0000 1.0000 0.0002 0.0017 0.0122 0.0873 0.6287 1.0000 1.0000 0.0008 0.0056 0.0413 0.3081 1.0000 1.0000 0.0004 0.0030 0.0229 0.1735 1.0000 1.0000 0.0002 0.0018 0.0135 0.1030 0.7899 1.0000 0.7899 0.1030 0.0135 0.0018 0.0002 1.0000 1.0000 0.1735 0.0229 0.0030 0.0004 1.0000 1.0000 0.3081 0.0413 0.0056 0.0008 1.0000 1.0000 0.6287 0.0873 0.0122 0.0017 0.0002 1.0000 1.0000 0.2402 0.0352 0.0052 0.0008 1.0000 1.0000 0.8331 0.1251 0.0188 0.0028 0.0004 1.0000 1.0000 0.4754 0.0717 0.0108 0.0016 0.0002 1.0000 1.0000 0.2728 0.0410 0.0063 0.0008
0.0058 0.0475 0.3117 1.0000 1.0000 0.0003 0.0019 0.0124 0.0820 0.5441 1.0000 1.0000 0.0005 0.0032 0.0215 0.1429 0.9481 1.0000 1.0000 0.0009 0.0058 0.0388 0.2621 1.0000 1.0000 0.0003 0.0018 0.0124 0.0873 0.6192 1.0000 1.0000 0.0007 0.0052 0.0380 0.2807 1.0000 1.0000 0.0004 0.0027 0.0203 0.1530 1.0000 1.0000 0.0002 0.0015 0.0118 0.0893 0.6836 1.0000 1.0000 1.0000 0.6836 0.0893 0.0118 0.0015 0.0002 1.0000 1.0000 0.1530 0.0203 0.0027 0.0004 1.0000 1.0000 0.2807 0.0380 0.0052 0.0007 1.0000 1.0000 0.6192 0.0873 0.0124 0.0018 0.0003 1.0000 1.0000 0.2621 0.0388 0.0058 0.0009 1.0000 1.0000 0.9481 0.1429 0.0215 0.0032 0.0005 1.0000 1.0000 0.5441 0.0820 0.0124 0.0019 0.0003 1.0000 1.0000 0.3117 0.0475 0.0058
0.0444 0.3615 1.0000 1.0000 0.0003 0.0021 0.0141 0.0939 0.6228 1.0000 1.0000 0.0006 0.0037 0.0247 0.1636 1.0000 1.0000 1.0000 0.0010 0.0065 0.0436 0.2922 1.0000 1.0000 0.0003 0.0019 0.0130 0.0902 0.6287 1.0000 1.0000 0.0007 0.0050 0.0359 0.2621 1.0000 1.0000 0.0003 0.0024 0.0181 0.1360 1.0000 1.0000 1.0000 0.0014 0.0103 0.0781 0.5927 1.0000 1.0000 0.0004 1.0000 1.0000 0.5927 0.0781 0.0103 0.0014 1.0000 1.0000 1.0000 0.1360 0.0181 0.0024 0.0003 1.0000 1.0000 0.2621 0.0359 0.0050 0.0007 1.0000 1.0000 0.6287 0.0902 0.0130 0.0019 0.0003 1.0000 1.0000 0.2922 0.0436 0.0065 0.0010 1.0000 1.0000 1.0000 0.1636 0.0247 0.0037 0.0006 1.0000 1.0000 0.6228 0.0939 0.0141 0.0021 0.0003 1.0000 1.0000 0.3615 0.0444
0.3369 1.0000 1.0000 0.0004 0.0024 0.0162 0.1074 0.7128 1.0000 1.0000 0.0006 0.0043 0.0282 0.1872 1.0000 1.0000 1.0000 0.0011 0.0074 0.0494 0.3293 1.0000 1.0000 0.0003 0.0021 0.0140 0.0957 0.6581 1.0000 1.0000 0.0007 0.0049 0.0349 0.2509 1.0000 1.0000 0.0003 0.0022 0.0164 0.1220 0.9128 1.0000 1.0000 0.0012 0.0090 0.0683 0.5179 1.0000 1.0000 0.0007 0.0024 0.0007 1.0000 1.0000 0.5179 0.0683 0.0090 0.0012 1.0000 1.0000 0.9128 0.1220 0.0164 0.0022 0.0003 1.0000 1.0000 0.2509 0.0349 0.0049 0.0007 1.0000 1.0000 0.6581 0.0957 0.0140 0.0021 0.0003 1.0000 1.0000 0.3293 0.0494 0.0074 0.0011 1.0000 1.0000 1.0000 0.1872 0.0282 0.0043 0.0006 1.0000 1.0000 0.7128 0.1074 0.0162 0.0024 0.0004 1.0000 1.0000 0.3369
1.0000 1.0000 0.0004 0.0028 0.0185 0.1230 0.8159 1.0000 1.0000 0.0007 0.0049 0.0323 0.2143 1.0000 1.0000 1.0000 0.0013 0.0085 0.0563 0.3741 1.0000 1.0000 0.0003 0.0023 0.0154 0.1040 0.7074 1.0000 1.0000 0.0007 0.0050 0.0349 0.2471 1.0000 1.0000 0.0003 0.0021 0.0152 0.1116 0.8268 1.0000 1.0000 0.0011 0.0080 0.0603 0.4550 1.0000 1.0000 0.0006 0.0047 0.0161 0.0047 0.0006 1.0000 1.0000 0.4550 0.0603 0.0080 0.0011 1.0000 1.0000 0.8268 0.1116 0.0152 0.0021 0.0003 1.0000 1.0000 0.2471 0.0349 0.0050 0.0007 1.0000 1.0000 0.7074 0.1040 0.0154 0.0023 0.0003 1.0000 1.0000 0.3741 0.0563 0.0085 0.0013 1.0000 1.0000 1.0000 0.2143 0.0323 0.0049 0.0007 1.0000 1.0000 0.8159 0.1230 0.0185 0.0028 0.0004 1.0000 1.0000
1.0000 0.0005 0.0032 0.0212 0.1408 0.9338 1.0000 1.0000 0.0008 0.0056 0.0370 0.2453 1.0000 1.0000 0.0002 0.0015 0.0097 0.0644 0.4274 1.0000 1.0000 0.0004 0.0026 0.0172 0.1155 0.7765 1.0000 1.0000 0.0008 0.0052 0.0359 0.2509 1.0000 1.0000 0.0003 0.0020 0.0143 0.1044 0.7648 1.0000 1.0000 0.0010 0.0071 0.0536 0.4029 1.0000 1.0000 0.0005 0.0041 0.0313 0.1072 0.0313 0.0041 0.0005 1.0000 1.0000 0.4029 0.0536 0.0071 0.0010 1.0000 1.0000 0.7648 0.1044 0.0143 0.0020 0.0003 1.0000 1.0000 0.2509 0.0359 0.0052 0.0008 1.0000 1.0000 0.7765 0.1155 0.0172 0.0026 0.0004 1.0000 1.0000 0.4274 0.0644 0.0097 0.0015 0.0002 1.0000 1.0000 0.2453 0.0370 0.0056 0.0008 1.0000 1.0000 0.9338 0.1408 0.0212 0.0032 0.0005 1.0000
0.0005 0.0037 0.0242 0.1611 1.0000 1.0000 1.0000 0.0010 0.0064 0.0423 0.2807 1.0000 1.0000 0.0003 0.0017 0.0111 0.0737 0.4892 1.0000 1.0000 0.0004 0.0029 0.0195 0.1299 0.8687 1.0000 1.0000 0.0008 0.0056 0.0380 0.2621 1.0000 1.0000 0.0003 0.0020 0.0139 0.0999 0.7238 1.0000 1.0000 0.0009 0.0065 0.0482 0.3601 1.0000 1.0000 0.0005 0.0036 0.0272 0.2083 0.7115 0.2083 0.0272 0.0036 0.0005 1.0000 1.0000 0.3601 0.0482 0.0065 0.0009 1.0000 1.0000 0.7238 0.0999 0.0139 0.0020 0.0003 1.0000 1.0000 0.2621 0.0380 0.0056 0.0008 1.0000 1.0000 0.8687 0.1299 0.0195 0.0029 0.0004 1.0000 1.0000 0.4892 0.0737 0.0111 0.0017 0.0003 1.0000 1.0000 0.2807 0.0423 0.0064 0.0010 1.0000 1.0000 1.0000 0.1611 0.0242 0.0037 0.0005
0.0035 0.0281 0.1840 1.0000 1.0000 1.0000 0.0011 0.0073 0.0484 0.3213 1.0000 1.0000 0.0003 0.0019 0.0127 0.0844 0.5599 1.0000 1.0000 0.0005 0.0033 0.0222 0.1473 0.9812 1.0000 1.0000 0.0009 0.0061 0.0413 0.2807 1.0000 1.0000 0.0003 0.0020 0.0139 0.0984 0.7021 1.0000 1.0000 0.0008 0.0060 0.0443 0.3275 1.0000 1.0000 0.0004 0.0032 0.0238 0.1813 1.0000 1.0000 1.0000 0.1813 0.0238 0.0032 0.0004 1.0000 1.0000 0.3275 0.0443 0.0060 0.0008 1.0000 1.0000 0.7021 0.0984 0.0139 0.0020 0.0003 1.0000 1.0000 0.2807 0.0413 0.0061 0.0009 1.0000 1.0000 0.9812 0.1473 0.0222 0.0033 0.0005 1.0000 1.0000 0.5599 0.0844 0.0127 0.0019 0.0003 1.0000 1.0000 0.3213 0.0484 0.0073 0.0011 1.0000 1.0000 1.0000 0.1840 0.0281 0.0035
0.0262 0.2131 1.0000 1.0000 1.0000 0.0013 0.0084 0.0554 0.3678 1.0000 1.0000 0.0003 0.0022 0.0146 0.0966 0.6408 1.0000 1.0000 0.0006 0.0038 0.0254 0.1683 1.0000 1.0000 1.0000 0.0010 0.0068 0.0457 0.3081 1.0000 1.0000 0.0003 0.0021 0.0143 0.0999 0.7021 1.0000 1.0000 0.0008 0.0057 0.0415 0.3041 1.0000 1.0000 0.0004 0.0028 0.0212 0.1596 1.0000 1.0000 1.0000 1.0000 1.0000 0.1596 0.0212 0.0028 0.0004 1.0000 1.0000 0.3041 0.0415 0.0057 0.0008 1.0000 1.0000 0.7021 0.0999 0.0143 0.0021 0.0003 1.0000 1.0000 0.3081 0.0457 0.0068 0.0010 1.0000 1.0000 1.0000 0.1683 0.0254 0.0038 0.0006 1.0000 1.0000 0.6408 0.0966 0.0146 0.0022 0.0003 1.0000 1.0000 0.3678 0.0554 0.0084 0.0013 1.0000 1.0000 1.0000 0.2131 0.0262
0.1990 1.0000 1.0000 0.0002 0.0014 0.0096 0.0634 0.4209 1.0000 1.0000 0.0004 0.0025 0.0167 0.1105 0.7335 1.0000 1.0000 0.0007 0.0044 0.0290 0.1926 1.0000 1.0000 1.0000 0.0012 0.0077 0.0514 0.3441 1.0000 1.0000 0.0003 0.0022 0.0152 0.1044 0.7238 1.0000 1.0000 0.0008 0.0055 0.0398 0.2877 1.0000 1.0000 0.0003 0.0026 0.0191 0.1426 1.0000 1.0000 1.0000 0.0006 1.0000 1.0000 1.0000 0.1426 0.0191 0.0026 0.0003 1.0000 1.0000 0.2877 0.0398 0.0055 0.0008 1.0000 1.0000 0.7238 0.1044 0.0152 0.0022 0.0003 1.0000 1.0000 0.3441 0.0514 0.0077 0.0012 1.0000 1.0000 1.0000 0.1926 0.0290 0.0044 0.0007 1.0000 1.0000 0.7335 0.1105 0.0167 0.0025 0.0004 1.0000 1.0000 0.4209 0.0634 0.0096 0.0014 0.0002 1.0000 1.0000 0.1990
1.0000 1.0000 0.0002 0.0016 0.0109 0.0726 0.4818 1.0000 1.0000 0.0004 0.0029 0.0191 0.1265 0.8395 1.0000 1.0000 0.0008 0.0050 0.0332 0.2205 1.0000 1.0000 1.0000 0.0013 0.0087 0.0581 0.3879 1.0000 1.0000 0.0004 0.0024 0.0164 0.1116 0.7648 1.0000 1.0000 0.0008 0.0055 0.0392 0.2797 1.0000 1.0000 0.0003 0.0024 0.0175 0.1297 0.9645 1.0000 1.0000 0.0013 0.0044 0.0013 1.0000 1.0000 0.9645 0.1297 0.0175 0.0024 0.0003 1.0000 1.0000 0.2797 0.0392 0.0055 0.0008 1.0000 1.0000 0.7648 0.1116 0.0164 0.0024 0.0004 1.0000 1.0000 0.3879 0.0581 0.0087 0.0013 1.0000 1.0000 1.0000 0.2205 0.0332 0.0050 0.0008 1.0000 1.0000 0.8395 0.1265 0.0191 0.0029 0.0004 1.0000 1.0000 0.4818 0.0726 0.0109 0.0016 0.0002 1.0000 1.0000
1.0000 0.0003 0.0019 0.0125 0.0831 0.5514 1.0000 1.0000 0.0005 0.0033 0.0218 0.1448 0.9608 1.0000 1.0000 0.0009 0.0057 0.0380 0.2524 1.0000 1.0000 0.0002 0.0015 0.0100 0.0663 0.4406 1.0000 1.0000 0.0004 0.0027 0.0181 0.1220 0.8268 1.0000 1.0000 0.0008 0.0057 0.0398 0.2797 1.0000 1.0000 0.0003 0.0023 0.0165 0.1204 0.8854 1.0000 1.0000 0.0011 0.0085 0.0293 0.0085 0.0011 1.0000 1.0000 0.8854 0.1204 0.0165 0.0023 0.0003 1.0000 1.0000 0.2797 0.0398 0.0057 0.0008 1.0000 1.0000 0.8268 0.1220 0.0181 0.0027 0.0004 1.0000 1.0000 0.4406 0.0663 0.0100 0.0015 0.0002 1.0000 1.0000 0.2524 0.0380 0.0057 0.0009 1.0000 1.0000 0.9608 0.1448 0.0218 0.0033 0.0005 1.0000 1.0000 0.5514 0.0831 0.0125 0.0019 0.0003 1.0000
0.0003 0.0022 0.0143 0.0951 0.6311 1.0000 1.0000 0.0006 0.0038 0.0250 0.1658 1.0000 1.0000 1.0000 0.0010 0.0066 0.0435 0.2888 1.0000 1.0000 0.0003 0.0017 0.0114 0.0759 0.5033 1.0000 1.0000 0.0005 0.0030 0.0203 0.1360 0.9128 1.0000 1.0000 0.0009 0.0060 0.0415 0.2877 1.0000 1.0000 0.0003 0.0022 0.0158 0.1144 0.8315 1.0000 1.0000 0.0010 0.0076 0.0578 0.1967 0.0578 0.0076 0.0010 1.0000 1.0000 0.8315 0.1144 0.0158 0.0022 0.0003 1.0000 1.0000 0.2877 0.0415 0.0060 0.0009 1.0000 1.0000 0.9128 0.1360 0.0203 0.0030 0.0005 1.0000 1.0000 0.5033 0.0759 0.0114 0.0017 0.0003 1.0000 1.0000 0.2888 0.0435 0.0066 0.0010 1.0000 1.0000 1.0000 0.1658 0.0250 0.0038 0.0006 1.0000 1.0000 0.6311 0.0951 0.0143 0.0022 0.0003
0.0020 0.0166 0.1087 0.7224 1.0000 1.0000 0.0006 0.0043 0.0286 0.1897 1.0000 1.0000 1.0000 0.0011 0.0075 0.0498 0.3306 1.0000 1.0000 0.0003 0.0020 0.0131 0.0868 0.5761 1.0000 1.0000 0.0005 0.0034 0.0229 0.1530 1.0000 1.0000 1.0000 0.0010 0.0065 0.0443 0.3041 1.0000 1.0000 0.0003 0.0022 0.0156 0.1116 0.8005 1.0000 1.0000 0.0009 0.0070 0.0521 0.3908 1.0000 0.3908 0.0521 0.0070 0.0009 1.0000 1.0000 0.8005 0.1116 0.0156 0.0022 0.0003 1.0000 1.0000 0.3041 0.0443 0.0065 0.0010 1.0000 1.0000 1.0000 0.1530 0.0229 0.0034 0.0005 1.0000 1.0000 0.5761 0.0868 0.0131 0.0020 0.0003 1.0000 1.0000 0.3306 0.0498 0.0075 0.0011 1.0000 1.0000 1.0000 0.1897 0.0286 0.0043 0.0006 1.0000 1.0000 0.7224 0.1087 0.0166 0.0020
0.0155 0.1261 0.8252 1.0000 1.0000 0.0007 0.0049 0.0327 0.2172 1.0000 1.0000 1.0000 0.0013 0.0086 0.0570 0.3784 1.0000 1.0000 0.0003 0.0023 0.0150 0.0994 0.6594 1.0000 1.0000 0.0006 0.0039 0.0261 0.1735 1.0000 1.0000 1.0000 0.0011 0.0071 0.0482 0.3275 1.0000 1.0000 0.0003 0.0023 0.0158 0.1116 0.7899 1.0000 1.0000 0.0009 0.0065 0.0480 0.3554 1.0000 1.0000 1.0000 0.3554 0.0480 0.0065 0.0009 1.0000 1.0000 0.7899 0.1116 0.0158 0.0023 0.0003 1.0000 1.0000 0.3275 0.0482 0.0071 0.0011 1.0000 1.0000 1.0000 0.1735 0.0261 0.0039 0.0006 1.0000 1.0000 0.6594 0.0994 0.0150 0.0023 0.0003 1.0000 1.0000 0.3784 0.0570 0.0086 0.0013 1.0000 1.0000 1.0000 0.2172 0.0327 0.0049 0.0007 1.0000 1.0000 0.8252 0.1261 0.0155
0.1175 0.9554 1.0000 1.0000 0.0009 0.0056 0.0375 0.2485 1.0000 1.0000 0.0002 0.0015 0.0098 0.0653 0.4331 1.0000 1.0000 0.0004 0.0026 0.0171 0.1137 0.7547 1.0000 1.0000 0.0007 0.0045 0.0299 0.1982 1.0000 1.0000 1.0000 0.0012 0.0080 0.0536 0.3601 1.0000 1.0000 0.0003 0.0024 0.0165 0.1144 0.8005 1.0000 1.0000 0.0009 0.0063 0.0457 0.3319 1.0000 1.0000 1.0000 1.0000 1.0000 0.3319 0.0457 0.0063 0.0009 1.0000 1.0000 0.8005 0.1144 0.0165 0.0024 0.0003 1.0000 1.0000 0.3601 0.0536 0.0080 0.0012 1.0000 1.0000 1.0000 0.1982 0.0299 0.0045 0.0007 1.0000 1.0000 0.7547 0.1137 0.0171 0.0026 0.0004 1.0000 1.0000 0.4331 0.0653 0.0098 0.0015 0.0002 1.0000 1.0000 0.2485 0.0375 0.0056 0.0009 1.0000 1.0000 0.9554 0.1175
0.8922 1.0000 1.0000 0.0010 0.0065 0.0429 0.2845 1.0000 1.0000 0.0003 0.0017 0.0113 0.0747 0.4957 1.0000 1.0000 0.0004 0.0030 0.0196 0.1302 0.8638 1.0000 1.0000 0.0008 0.0052 0.0342 0.2269 1.0000 1.0000 0.0002 0.0014 0.0090 0.0603 0.4029 1.0000 1.0000 0.0004 0.0026 0.0175 0.1204 0.8315 1.0000 1.0000 0.0009 0.0062 0.0445 0.3189 1.0000 1.0000 0.0004 0.0013 0.0004 1.0000 1.0000 0.3189 0.0445 0.0062 0.0009 1.0000 1.0000 0.8315 0.1204 0.0175 0.0026 0.0004 1.0000 1.0000 0.4029 0.0603 0.0090 0.0014 0.0002 1.0000 1.0000 0.2269 0.0342 0.0052 0.0008 1.0000 1.0000 0.8638 0.1302 0.0196 0.0030 0.0004 1.0000 1.0000 0.4957 0.0747 0.0113 0.0017 0.0003 1.0000 1.0000 0.2845 0.0429 0.0065 0.0010 1.0000 1.0000 0.8922
1.0000 1.0000 0.0011 0.0074 0.0491 0.3256 1.0000 1.0000 0.0003 0.0019 0.0129 0.0855 0.5674 1.0000 1.0000 0.0005 0.0034 0.0225 0.1490 0.9887 1.0000 1.0000 0.0009 0.0059 0.0391 0.2597 1.0000 1.0000 0.0002 0.0015 0.0103 0.0683 0.4550 1.0000 1.0000 0.0004 0.0028 0.0191 0.1297 0.8854 1.0000 1.0000 0.0009 0.0063 0.0445 0.3146 1.0000 1.0000 0.0004 0.0027 0.0090 0.0027 0.0004 1.0000 1.0000 0.3146 0.0445 0.0063 0.0009 1.0000 1.0000 0.8854 0.1297 0.0191 0.0028 0.0004 1.0000 1.0000 0.4550 0.0683 0.0103 0.0015 0.0002 1.0000 1.0000 0.2597 0.0391 0.0059 0.0009 1.0000 1.0000 0.9887 0.1490 0.0225 0.0034 0.0005 1.0000 1.0000 0.5674 0.0855 0.0129 0.0019 0.0003 1.0000 1.0000 0.3256 0.0491 0.0074 0.0011 1.0000 1.0000
1.0000 0.0013 0.0085 0.0562 0.3727 1.0000 1.0000 0.0003 0.0022 0.0148 0.0979 0.6494 1.0000 1.0000 0.0006 0.0039 0.0257 0.1706 1.0000 1.0000 1.0000 0.0010 0.0068 0.0448 0.2972 1.0000 1.0000 0.0003 0.0018 0.0118 0.0781 0.5179 1.0000 1.0000 0.0005 0.0032 0.0212 0.1426 0.9645 1.0000 1.0000 0.0009 0.0065 0.0457 0.3189 1.0000 1.0000 0.0004 0.0025 0.0186 0.0625 0.0186 0.0025 0.0004 1.0000 1.0000 0.3189 0.0457 0.0065 0.0009 1.0000 1.0000 0.9645 0.1426 0.0212 0.0032 0.0005 1.0000 1.0000 0.5179 0.0781 0.0118 0.0018 0.0003 1.0000 1.0000 0.2972 0.0448 0.0068 0.0010 1.0000 1.0000 1.0000 0.1706 0.0257 0.0039 0.0006 1.0000 1.0000 0.6494 0.0979 0.0148 0.0022 0.0003 1.0000 1.0000 0.3727 0.0562 0.0085 0.0013 1.0000
0.0012 0.0098 0.0643 0.4266 1.0000 1.0000 0.0004 0.0025 0.0169 0.1120 0.7433 1.0000 1.0000 0.0007 0.0044 0.0294 0.1952 1.0000 1.0000 1.0000 0.0012 0.0077 0.0513 0.3402 1.0000 1.0000 0.0003 0.0020 0.0135 0.0893 0.5927 1.0000 1.0000 0.0005 0.0036 0.0238 0.1596 1.0000 1.0000 1.0000 0.0010 0.0070 0.0480 0.3319 1.0000 1.0000 0.0004 0.0025 0.0178 0.1299 0.4372 0.1299 0.0178 0.0025 0.0004 1.0000 1.0000 0.3319 0.0480 0.0070 0.0010 1.0000 1.0000 1.0000 0.1596 0.0238 0.0036 0.0005 1.0000 1.0000 0.5927 0.0893 0.0135 0.0020 0.0003 1.0000 1.0000 0.3402 0.0513 0.0077 0.0012 1.0000 1.0000 1.0000 0.1952 0.0294 0.0044 0.0007 1.0000 1.0000 0.7433 0.1120 0.0169 0.0025 0.0004 1.0000 1.0000 0.4266 0.0643 0.0098 0.0012
0.0092 0.0750 0.4920 1.0000 1.0000 0.0004 0.0029 0.0195 0.1292 0.8572 1.0000 1.0000 0.0008 0.0051 0.0339 0.2251 1.0000 1.0000 0.0002 0.0013 0.0089 0.0591 0.3923 1.0000 1.0000 0.0004 0.0023 0.0155 0.1030 0.6836 1.0000 1.0000 0.0006 0.0041 0.0272 0.1813 1.0000 1.0000 1.0000 0.0011 0.0076 0.0521 0.3554 1.0000 1.0000 0.0004 0.0025 0.0178 0.1275 0.9250 1.0000 0.9250 0.1275 0.0178 0.0025 0.0004 1.0000 1.0000 0.3554 0.0521 0.0076 0.0011 1.0000 1.0000 1.0000 0.1813 0.0272 0.0041 0.0006 1.0000 1.0000 0.6836 0.1030 0.0155 0.0023 0.0004 1.0000 1.0000 0.3923 0.0591 0.0089 0.0013 0.0002 1.0000 1.0000 0.2251 0.0339 0.0051 0.0008 1.0000 1.0000 0.8572 0.1292 0.0195 0.0029 0.0004 1.0000 1.0000 0.4920 0.0750 0.0092
0.0692 0.5739 1.0000 1.0000 0.0005 0.0034 0.0225 0.1493 0.9905 1.0000 1.0000 0.0009 0.0059 0.0392 0.2602 1.0000 1.0000 0.0002 0.0016 0.0103 0.0683 0.4533 1.0000 1.0000 0.0004 0.0027 0.0179 0.1191 0.7899 1.0000 1.0000 0.0007 0.0047 0.0313 0.2083 1.0000 1.0000 1.0000 0.0013 0.0085 0.0578 0.3908 1.0000 1.0000 0.0004 0.0027 0.0186 0.1299 0.9250 1.0000 1.0000 1.0000 0.9250 0.1299 0.0186 0.0027 0.0004 1.0000 1.0000 0.3908 0.0578 0.0085 0.0013 1.0000 1.0000 1.0000 0.2083 0.0313 0.0047 0.0007 1.0000 1.0000 0.7899 0.1191 0.0179 0.0027 0.0004 1.0000 1.0000 0.4533 0.0683 0.0103 0.0016 0.0002 1.0000 1.0000 0.2602 0.0392 0.0059 0.0009 1.0000 1.0000 0.9905 0.1493 0.0225 0.0034 0.0005 1.0000 1.0000 0.5739 0.0692
0.2538 1.0000 1.0000 0.0003 0.0017 0.0116 0.0770 0.5110 1.0000 1.0000 0.0005 0.0030 0.0202 0.1342 0.8905 1.0000 1.0000 0.0008 0.0053 0.0353 0.2339 1.0000 1.0000 1.0000 0.0014 0.0093 0.0614 0.4075 1.0000 1.0000 0.0004 0.0024 0.0161 0.1072 0.7115 1.0000 1.0000 0.0006 0.0044 0.0293 0.1967 1.0000 1.0000 1.0000 0.0013 0.0090 0.0625 0.4372 1.0000 1.0000 1.0000 1.0000 1.0000 0.4372 0.0625 0.0090 0.0013 1.0000 1.0000 1.0000 0.1967 0.0293 0.0044 0.0006 1.0000 1.0000 0.7115 0.1072 0.0161 0.0024 0.0004 1.0000 1.0000 0.4075 0.0614 0.0093 0.0014 1.0000 1.0000 1.0000 0.2339 0.0353 0.0053 0.0008 1.0000 1.0000 0.8905 0.1342 0.0202 0.0030 0.0005 1.0000 1.0000 0.5110 0.0770 0.0116 0.0017 0.0003 1.0000 1.0000 0.2538
0.0692 0.5739 1.0000 1.0000 0.0005 0.0034 0.0225 0.1493 0.9905 1.0000 1.0000 0.0009 0.0059 0.0392 0.2602 1.0000 1.0000 0.0002 0.0016 0.0103 0.0683 0.4533 1.0000 1.0000 0.0004 0.0027 0.0179 0.1191 0.7899 1.0000 1.0000 0.0007 0.0047 0.0313 0.2083 1.0000 1.0000 1.0000 0.0013 0.0085 0.0578 0.3908 1.0000 1.0000 0.0004 0.0027 0.0186 0.1299 0.9250 1.0000 1.0000 1.0000 0.9250 0.1299 0.0186 0.0027 0.0004 1.0000 1.0000 0.3908 0.0578 0.0085 0.0013 1.0000 1.0000 1.0000 0.2083 0.0313 0.0047 0.0007 1.0000 1.0000 0.7899 0.1191 0.0179 0.0027 0.0004 1.0000 1.0000 0.4533 0.0683 0.0103 0.0016 0.0002 1.0000 1.0000 0.2602 0.0392 0.0059 0.0009 1.0000 1.0000 0.9905 0.1493 0.0225 0.0034 0.0005 1.0000 1.0000 0.5739 0.0692
0.0092 0.0750 0.4920 1.0000 1.0000 0.0004 0.0029 0.0195 0.1292 0.8572 1.0000 1.0000 0.0008 0.0051 0.0339 0.2251 1.0000 1.0000 0.0002 0.0013 0.0089 0.0591 0.3923 1.0000 1.0000 0.0004 0.0023 0.0155 0.1030 0.6836 1.0000 1.0000 0.0006 0.0041 0.0272 0.1813 1.0000 1.0000 1.0000 0.0011 0.0076 0.0521 0.3554 1.0000 1.0000 0.0004 0.0025 0.0178 0.1275 0.9250 1.0000 0.9250 0.1275 0.0178 0.0025 0.0004 1.0000 1.0000 0.3554 0.0521 0.0076 0.0011 1.0000 1.0000 1.0000 0.1813 0.0272 0.0041 0.0006 1.0000 1.0000 0.6836 0.1030 0.0155 0.0023 0.0004 1.0000 1.0000 0.3923 0.0591 0.0089 0.0013 0.0002 1.0000 1.0000 0.2251 0.0339 0.0051 0.0008 1.0000 1.0000 0.8572 0.1292 0.0195 0.0029 0.0004 1.0000 1.0000 0.4920 0.0750 0.0092
0.0012 0.0098 0.0643 0.4266 1.0000 1.0000 0.0004 0.0025 0.0169 0.1120 0.7433 1.0000 1.0000 0.0007 0.0044 0.0294 0.1952 1.0000 1.0000 1.0000 0.0012 0.0077 0.0513 0.3402 1.0000 1.0000 0.0003 0.0020 0.0135 0.0893 0.5927 1.0000 1.0000 0.0005 0.0036 0.0238 0.1596 1.0000 1.0000 1.0000 0.0010 0.0070 0.0480 0.3319 1.0000 1.0000 0.0004 0.0025 0.0178 0.1299 0.4372 0.1299 0.0178 0.0025 0.0004 1.0000 1.0000 0.3319 0.0480 0.0070 0.0010 1.0000 1.0000 1.0000 0.1596 0.0238 0.0036 0.0005 1.0000 1.0000 0.5927 0.0893 0.0135 0.0020 0.0003 1.0000 1.0000 0.3402 0.0513 0.0077 0.0012 1.0000 1.0000 1.0000 0.1952 0.0294 0.0044 0.0007 1.0000 1.0000 0.7433 0.1120 0.0169 0.0025 0.0004 1.0000 1.0000 0.4266 0.0643 0.0098 0.0012
1.0000 0.0013 0.0085 0.0562 0.3727 1.0000 1.0000 0.0003 0.0022 0.0148 0.0979 0.6494 1.0000 1.0000 0.0006 0.0039 0.0257 0.1706 1.0000 1.0000 1.0000 0.0010 0.0068 0.0448 0.2972 1.0000 1.0000 0.0003 0.0018 0.0118 0.0781 0.5179 1.0000 1.0000 0.0005 0.0032 0.0212 0.1426 0.9645 1.0000 1.0000 0.0009 0.0065 0.0457 0.3189 1.0000 1.0000 0.0004 0.0025 0.0186 0.0625 0.0186 0.0025 0.0004 1.0000 1.0000 0.3189 0.0457 0.0065 0.0009 1.0000 1.0000 0.9645 0.1426 0.0212 0.0032 0.0005 1.0000 1.0000 0.5179 0.0781 0.0118 0.0018 0.0003 1.0000 1.0000 0.2972 0.0448 0.0068 0.0010 1.0000 1.0000 1.0000 0.1706 0.0257 0.0039 0.0006 1.0000 1.0000 0.6494 0.0979 0.0148 0.0022 0.0003 1.0000 1.0000 0.3727 0.0562 0.0085 0.0013 1.0000
1.0000 1.0000 0.0011 0.0074 0.0491 0.3256 1.0000 1.0000 0.0003 0.0019 0.0129 0.0855 0.5674 1.0000 1.0000 0.0005 0.0034 0.0225 0.1490 0.9887 1.0000 1.0000 0.0009 0.0059 0.0391 0.2597 1.0000 1.0000 0.0002 0.0015 0.0103 0.0683 0.4550 1.0000 1.0000 0.0004 0.0028 0.0191 0.1297 0.8854 1.0000 1.0000 0.0009 0.0063 0.0445 0.3146 1.0000 1.0000 0.0004 0.0027 0.0090 0.0027 0.0004 1.0000 1.0000 0.3146 0.0445 0.0063 0.0009 1.0000 1.0000 0.8854 0.1297 0.0191 0.0028 0.0004 1.0000 1.0000 0.4550 0.0683 0.0103 0.0015 0.0002 1.0000 1.0000 0.2597 0.0391 0.0059 0.0009 1.0000 1.0000 0.9887 0.1490 0.0225 0.0034 0.0005 1.0000 1.0000 0.5674 0.0855 0.0129 0.0019 0.0003 1.0000 1.0000 0.3256 0.0491 0.0074 0.0011 1.0000 1.0000
