0.0116 0.1101 0.8363 1.0000 1.0000 0.0011 0.0086 0.0655 0.4976 1.0000 1.0000 0.0007 0.0051 0.0387 0.2938 1.0000 1.0000 0.0004 0.0030 0.0228 0.1735 1.0000 1.0000 0.0002 0.0018 0.0135 0.1025 0.7780 1.0000 1.0000 0.0010 0.0080 0.0605 0.4594 1.0000 1.0000 0.0006 0.0047 0.0357 0.2713 1.0000 1.0000 0.0004 0.0028 0.0211 0.1602 1.0000 1.0000 0.0002 0.0016 0.0060 0.0016 0.0002 1.0000 1.0000 0.1602 0.0211 0.0028 0.0004 1.0000 1.0000 0.2713 0.0357 0.0047 0.0006 1.0000 1.0000 0.4594 0.0605 0.0080 0.0010 1.0000 1.0000 0.7780 0.1025 0.0135 0.0018 0.0002 1.0000 1.0000 0.1735 0.0228 0.0030 0.0004 1.0000 1.0000 0.2938 0.0387 0.0051 0.0007 1.0000 1.0000 0.4976 0.0655 0.0086 0.0011 1.0000 1.0000 0.8363 0.1101 0.0116
0.1101 0.9627 1.0000 1.0000 0.0012 0.0093 0.0703 0.5339 1.0000 1.0000 0.0007 0.0055 0.0415 0.3146 1.0000 1.0000 0.0004 0.0032 0.0245 0.1862 1.0000 1.0000 0.0003 0.0019 0.0145 0.1097 0.8347 1.0000 1.0000 0.0011 0.0085 0.0649 0.4920 1.0000 1.0000 0.0007 0.0050 0.0383 0.2910 1.0000 1.0000 0.0004 0.0030 0.0226 0.1715 1.0000 1.0000 0.0002 0.0018 0.0136 0.0472 0.0136 0.0018 0.0002 1.0000 1.0000 0.1715 0.0226 0.0030 0.0004 1.0000 1.0000 0.2910 0.0383 0.0050 0.0007 1.0000 1.0000 0.4920 0.0649 0.0085 0.0011 1.0000 1.0000 0.8347 0.1097 0.0145 0.0019 0.0003 1.0000 1.0000 0.1862 0.0245 0.0032 0.0004 1.0000 1.0000 0.3146 0.0415 0.0055 0.0007 1.0000 1.0000 0.5339 0.0703 0.0093 0.0012 1.0000 1.0000 0.9627 0.1101
0.8363 1.0000 1.0000 0.0011 0.0082 0.0617 0.4647 1.0000 1.0000 0.0006 0.0047 0.0358 0.2718 1.0000 1.0000 0.0004 0.0028 0.0211 0.1605 1.0000 1.0000 0.0002 0.0016 0.0125 0.0948 0.7196 1.0000 1.0000 0.0010 0.0074 0.0560 0.4249 1.0000 1.0000 0.0006 0.0044 0.0330 0.2509 1.0000 1.0000 0.0003 0.0026 0.0195 0.1482 1.0000 1.0000 0.0002 0.0015 0.0116 0.0890 0.3058 0.0890 0.0116 0.0015 0.0002 1.0000 1.0000 0.1482 0.0195 0.0026 0.0003 1.0000 1.0000 0.2509 0.0330 0.0044 0.0006 1.0000 1.0000 0.4249 0.0560 0.0074 0.0010 1.0000 1.0000 0.7196 0.0948 0.0125 0.0016 0.0002 1.0000 1.0000 0.1605 0.0211 0.0028 0.0004 1.0000 1.0000 0.2718 0.0358 0.0047 0.0006 1.0000 1.0000 0.4647 0.0617 0.0082 0.0011 1.0000 1.0000 0.8363
1.0000 1.0000 0.0011 0.0079 0.0573 0.4217 1.0000 1.0000 0.0005 0.0041 0.0314 0.2379 1.0000 1.0000 0.0003 0.0024 0.0185 0.1405 1.0000 1.0000 1.0000 0.0014 0.0109 0.0830 0.6299 1.0000 1.0000 0.0008 0.0065 0.0490 0.3720 1.0000 1.0000 0.0005 0.0038 0.0289 0.2196 1.0000 1.0000 0.0003 0.0022 0.0171 0.1297 0.9849 1.0000 1.0000 0.0013 0.0101 0.0772 0.5916 1.0000 0.5916 0.0772 0.0101 0.0013 1.0000 1.0000 0.9849 0.1297 0.0171 0.0022 0.0003 1.0000 1.0000 0.2196 0.0289 0.0038 0.0005 1.0000 1.0000 0.3720 0.0490 0.0065 0.0008 1.0000 1.0000 0.6299 0.0830 0.0109 0.0014 1.0000 1.0000 1.0000 0.1405 0.0185 0.0024 0.0003 1.0000 1.0000 0.2379 0.0314 0.0041 0.0005 1.0000 1.0000 0.4217 0.0573 0.0079 0.0011 1.0000 1.0000
1.0000 0.0012 0.0082 0.0573 0.4060 1.0000 1.0000 0.0005 0.0037 0.0277 0.2094 1.0000 1.0000 0.0003 0.0021 0.0162 0.1227 0.9321 1.0000 1.0000 0.0013 0.0095 0.0725 0.5504 1.0000 1.0000 0.0007 0.0056 0.0428 0.3250 1.0000 1.0000 0.0004 0.0033 0.0253 0.1919 1.0000 1.0000 0.0003 0.0020 0.0149 0.1133 0.8605 1.0000 1.0000 0.0012 0.0088 0.0669 0.5120 1.0000 1.0000 1.0000 0.5120 0.0669 0.0088 0.0012 1.0000 1.0000 0.8605 0.1133 0.0149 0.0020 0.0003 1.0000 1.0000 0.1919 0.0253 0.0033 0.0004 1.0000 1.0000 0.3250 0.0428 0.0056 0.0007 1.0000 1.0000 0.5504 0.0725 0.0095 0.0013 1.0000 1.0000 0.9321 0.1227 0.0162 0.0021 0.0003 1.0000 1.0000 0.2094 0.0277 0.0037 0.0005 1.0000 1.0000 0.4060 0.0573 0.0082 0.0012 1.0000
0.0011 0.0093 0.0617 0.4217 1.0000 1.0000 0.0005 0.0034 0.0251 0.1869 1.0000 1.0000 0.0002 0.0019 0.0141 0.1072 0.8143 1.0000 1.0000 0.0011 0.0083 0.0633 0.4809 1.0000 1.0000 0.0006 0.0049 0.0374 0.2839 1.0000 1.0000 0.0004 0.0029 0.0221 0.1677 1.0000 1.0000 0.0002 0.0017 0.0130 0.0990 0.7518 1.0000 1.0000 0.0010 0.0077 0.0585 0.4439 1.0000 1.0000 0.0003 1.0000 1.0000 0.4439 0.0585 0.0077 0.0010 1.0000 1.0000 0.7518 0.0990 0.0130 0.0017 0.0002 1.0000 1.0000 0.1677 0.0221 0.0029 0.0004 1.0000 1.0000 0.2839 0.0374 0.0049 0.0006 1.0000 1.0000 0.4809 0.0633 0.0083 0.0011 1.0000 1.0000 0.8143 0.1072 0.0141 0.0019 0.0002 1.0000 1.0000 0.1869 0.0251 0.0034 0.0005 1.0000 1.0000 0.4217 0.0617 0.0093 0.0011
0.0086 0.0703 0.4647 1.0000 1.0000 0.0005 0.0033 0.0236 0.1725 1.0000 1.0000 0.0002 0.0016 0.0124 0.0940 0.7128 1.0000 1.0000 0.0010 0.0073 0.0553 0.4201 1.0000 1.0000 0.0006 0.0043 0.0327 0.2481 1.0000 1.0000 0.0003 0.0025 0.0193 0.1465 1.0000 1.0000 1.0000 0.0015 0.0114 0.0865 0.6569 1.0000 1.0000 0.0009 0.0067 0.0511 0.3879 1.0000 1.0000 0.0005 0.0018 0.0005 1.0000 1.0000 0.3879 0.0511 0.0067 0.0009 1.0000 1.0000 0.6569 0.0865 0.0114 0.0015 1.0000 1.0000 1.0000 0.1465 0.0193 0.0025 0.0003 1.0000 1.0000 0.2481 0.0327 0.0043 0.0006 1.0000 1.0000 0.4201 0.0553 0.0073 0.0010 1.0000 1.0000 0.7128 0.0940 0.0124 0.0016 0.0002 1.0000 1.0000 0.1725 0.0236 0.0033 0.0005 1.0000 1.0000 0.4647 0.0703 0.0086
0.0655 0.5339 1.0000 1.0000 0.0005 0.0034 0.0236 0.1677 1.0000 1.0000 0.0002 0.0015 0.0111 0.0834 0.6287 1.0000 1.0000 0.0008 0.0064 0.0483 0.3671 1.0000 1.0000 0.0005 0.0038 0.0285 0.2167 1.0000 1.0000 0.0003 0.0022 0.0169 0.1280 0.9719 1.0000 1.0000 0.0013 0.0100 0.0756 0.5739 1.0000 1.0000 0.0008 0.0059 0.0446 0.3389 1.0000 1.0000 0.0005 0.0035 0.0121 0.0035 0.0005 1.0000 1.0000 0.3389 0.0446 0.0059 0.0008 1.0000 1.0000 0.5739 0.0756 0.0100 0.0013 1.0000 1.0000 0.9719 0.1280 0.0169 0.0022 0.0003 1.0000 1.0000 0.2167 0.0285 0.0038 0.0005 1.0000 1.0000 0.3671 0.0483 0.0064 0.0008 1.0000 1.0000 0.6287 0.0834 0.0111 0.0015 0.0002 1.0000 1.0000 0.1677 0.0236 0.0034 0.0005 1.0000 1.0000 0.5339 0.0655
0.4976 1.0000 1.0000 0.0005 0.0037 0.0251 0.1725 1.0000 1.0000 1.0000 0.0014 0.0101 0.0753 0.5620 1.0000 1.0000 0.0007 0.0056 0.0423 0.3207 1.0000 1.0000 0.0004 0.0033 0.0249 0.1894 1.0000 1.0000 0.0003 0.0019 0.0147 0.1118 0.8491 1.0000 1.0000 0.0011 0.0087 0.0660 0.5014 1.0000 1.0000 0.0007 0.0051 0.0390 0.2961 1.0000 1.0000 0.0004 0.0031 0.0234 0.0802 0.0234 0.0031 0.0004 1.0000 1.0000 0.2961 0.0390 0.0051 0.0007 1.0000 1.0000 0.5014 0.0660 0.0087 0.0011 1.0000 1.0000 0.8491 0.1118 0.0147 0.0019 0.0003 1.0000 1.0000 0.1894 0.0249 0.0033 0.0004 1.0000 1.0000 0.3207 0.0423 0.0056 0.0007 1.0000 1.0000 0.5620 0.0753 0.0101 0.0014 1.0000 1.0000 1.0000 0.1725 0.0251 0.0037 0.0005 1.0000 1.0000 0.4976
1.0000 1.0000 0.0006 0.0041 0.0277 0.1869 1.0000 1.0000 1.0000 0.0013 0.0097 0.0703 0.5159 1.0000 1.0000 0.0007 0.0049 0.0372 0.2818 1.0000 1.0000 0.0004 0.0029 0.0218 0.1654 1.0000 1.0000 0.0002 0.0017 0.0129 0.0977 0.7419 1.0000 1.0000 0.0010 0.0076 0.0577 0.4381 1.0000 1.0000 0.0006 0.0045 0.0341 0.2587 1.0000 1.0000 0.0003 0.0026 0.0203 0.1554 0.5318 0.1554 0.0203 0.0026 0.0003 1.0000 1.0000 0.2587 0.0341 0.0045 0.0006 1.0000 1.0000 0.4381 0.0577 0.0076 0.0010 1.0000 1.0000 0.7419 0.0977 0.0129 0.0017 0.0002 1.0000 1.0000 0.1654 0.0218 0.0029 0.0004 1.0000 1.0000 0.2818 0.0372 0.0049 0.0007 1.0000 1.0000 0.5159 0.0703 0.0097 0.0013 1.0000 1.0000 1.0000 0.1869 0.0277 0.0041 0.0006 1.0000 1.0000
1.0000 0.0007 0.0047 0.0314 0.2094 1.0000 1.0000 0.0002 0.0014 0.0097 0.0685 0.4920 1.0000 1.0000 0.0006 0.0044 0.0332 0.2495 1.0000 1.0000 0.0003 0.0025 0.0190 0.1445 1.0000 1.0000 1.0000 0.0015 0.0112 0.0854 0.6482 1.0000 1.0000 0.0009 0.0066 0.0504 0.3827 1.0000 1.0000 0.0005 0.0039 0.0298 0.2260 1.0000 1.0000 0.0003 0.0023 0.0176 0.1345 1.0000 1.0000 1.0000 0.1345 0.0176 0.0023 0.0003 1.0000 1.0000 0.2260 0.0298 0.0039 0.0005 1.0000 1.0000 0.3827 0.0504 0.0066 0.0009 1.0000 1.0000 0.6482 0.0854 0.0112 0.0015 1.0000 1.0000 1.0000 0.1445 0.0190 0.0025 0.0003 1.0000 1.0000 0.2495 0.0332 0.0044 0.0006 1.0000 1.0000 0.4920 0.0685 0.0097 0.0014 0.0002 1.0000 1.0000 0.2094 0.0314 0.0047 0.0007 1.0000
0.0007 0.0055 0.0358 0.2379 1.0000 1.0000 0.0002 0.0015 0.0101 0.0703 0.4920 1.0000 1.0000 0.0006 0.0041 0.0302 0.2247 1.0000 1.0000 0.0003 0.0022 0.0167 0.1265 0.9590 1.0000 1.0000 0.0013 0.0098 0.0746 0.5663 1.0000 1.0000 0.0008 0.0058 0.0440 0.3344 1.0000 1.0000 0.0005 0.0034 0.0260 0.1975 1.0000 1.0000 0.0003 0.0020 0.0154 0.1166 0.8922 1.0000 1.0000 1.0000 0.8922 0.1166 0.0154 0.0020 0.0003 1.0000 1.0000 0.1975 0.0260 0.0034 0.0005 1.0000 1.0000 0.3344 0.0440 0.0058 0.0008 1.0000 1.0000 0.5663 0.0746 0.0098 0.0013 1.0000 1.0000 0.9590 0.1265 0.0167 0.0022 0.0003 1.0000 1.0000 0.2247 0.0302 0.0041 0.0006 1.0000 1.0000 0.4920 0.0703 0.0101 0.0015 0.0002 1.0000 1.0000 0.2379 0.0358 0.0055 0.0007
0.0051 0.0415 0.2718 1.0000 1.0000 0.0002 0.0016 0.0111 0.0753 0.5159 1.0000 1.0000 0.0005 0.0039 0.0284 0.2075 1.0000 1.0000 0.0003 0.0020 0.0148 0.1114 0.8427 1.0000 1.0000 0.0011 0.0086 0.0652 0.4948 1.0000 1.0000 0.0007 0.0051 0.0385 0.2922 1.0000 1.0000 0.0004 0.0030 0.0227 0.1725 1.0000 1.0000 0.0002 0.0018 0.0134 0.1019 0.7736 1.0000 1.0000 0.0005 1.0000 1.0000 0.7736 0.1019 0.0134 0.0018 0.0002 1.0000 1.0000 0.1725 0.0227 0.0030 0.0004 1.0000 1.0000 0.2922 0.0385 0.0051 0.0007 1.0000 1.0000 0.4948 0.0652 0.0086 0.0011 1.0000 1.0000 0.8427 0.1114 0.0148 0.0020 0.0003 1.0000 1.0000 0.2075 0.0284 0.0039 0.0005 1.0000 1.0000 0.5159 0.0753 0.0111 0.0016 0.0002 1.0000 1.0000 0.2718 0.0415 0.0051
0.0387 0.3146 1.0000 1.0000 0.0003 0.0019 0.0124 0.0834 0.5620 1.0000 1.0000 0.0006 0.0039 0.0277 0.1990 1.0000 1.0000 0.0002 0.0018 0.0132 0.0990 0.7461 1.0000 1.0000 0.0010 0.0075 0.0569 0.4323 1.0000 1.0000 0.0006 0.0044 0.0336 0.2553 1.0000 1.0000 0.0003 0.0026 0.0198 0.1507 1.0000 1.0000 0.0002 0.0015 0.0117 0.0890 0.6759 1.0000 1.0000 0.0009 0.0032 0.0009 1.0000 1.0000 0.6759 0.0890 0.0117 0.0015 0.0002 1.0000 1.0000 0.1507 0.0198 0.0026 0.0003 1.0000 1.0000 0.2553 0.0336 0.0044 0.0006 1.0000 1.0000 0.4323 0.0569 0.0075 0.0010 1.0000 1.0000 0.7461 0.0990 0.0132 0.0018 0.0002 1.0000 1.0000 0.1990 0.0277 0.0039 0.0006 1.0000 1.0000 0.5620 0.0834 0.0124 0.0019 0.0003 1.0000 1.0000 0.3146 0.0387
0.2938 1.0000 1.0000 0.0003 0.0021 0.0141 0.0940 0.6287 1.0000 1.0000 0.0006 0.0041 0.0284 0.1990 1.0000 1.0000 0.0002 0.0016 0.0121 0.0897 0.6682 1.0000 1.0000 0.0009 0.0066 0.0499 0.3784 1.0000 1.0000 0.0005 0.0039 0.0294 0.2230 1.0000 1.0000 0.0003 0.0023 0.0173 0.1317 1.0000 1.0000 1.0000 0.0013 0.0102 0.0778 0.5905 1.0000 1.0000 0.0008 0.0062 0.0211 0.0062 0.0008 1.0000 1.0000 0.5905 0.0778 0.0102 0.0013 1.0000 1.0000 1.0000 0.1317 0.0173 0.0023 0.0003 1.0000 1.0000 0.2230 0.0294 0.0039 0.0005 1.0000 1.0000 0.3784 0.0499 0.0066 0.0009 1.0000 1.0000 0.6682 0.0897 0.0121 0.0016 0.0002 1.0000 1.0000 0.1990 0.0284 0.0041 0.0006 1.0000 1.0000 0.6287 0.0940 0.0141 0.0021 0.0003 1.0000 1.0000 0.2938
1.0000 1.0000 0.0004 0.0024 0.0162 0.1072 0.7128 1.0000 1.0000 0.0007 0.0044 0.0302 0.2075 1.0000 1.0000 0.0002 0.0016 0.0114 0.0833 0.6122 1.0000 1.0000 0.0008 0.0059 0.0441 0.3331 1.0000 1.0000 0.0004 0.0034 0.0257 0.1948 1.0000 1.0000 0.0003 0.0020 0.0152 0.1151 0.8737 1.0000 1.0000 0.0012 0.0089 0.0679 0.5159 1.0000 1.0000 0.0007 0.0053 0.0408 0.1397 0.0408 0.0053 0.0007 1.0000 1.0000 0.5159 0.0679 0.0089 0.0012 1.0000 1.0000 0.8737 0.1151 0.0152 0.0020 0.0003 1.0000 1.0000 0.1948 0.0257 0.0034 0.0004 1.0000 1.0000 0.3331 0.0441 0.0059 0.0008 1.0000 1.0000 0.6122 0.0833 0.0114 0.0016 0.0002 1.0000 1.0000 0.2075 0.0302 0.0044 0.0007 1.0000 1.0000 0.7128 0.1072 0.0162 0.0024 0.0004 1.0000 1.0000
1.0000 0.0004 0.0028 0.0185 0.1227 0.8143 1.0000 1.0000 0.0007 0.0049 0.0332 0.2247 1.0000 1.0000 0.0002 0.0016 0.0112 0.0800 0.5783 1.0000 1.0000 0.0007 0.0053 0.0394 0.2955 1.0000 1.0000 0.0004 0.0030 0.0224 0.1702 1.0000 1.0000 0.0002 0.0017 0.0132 0.1005 0.7633 1.0000 1.0000 0.0010 0.0078 0.0594 0.4507 1.0000 1.0000 0.0006 0.0046 0.0353 0.2708 0.9267 0.2708 0.0353 0.0046 0.0006 1.0000 1.0000 0.4507 0.0594 0.0078 0.0010 1.0000 1.0000 0.7633 0.1005 0.0132 0.0017 0.0002 1.0000 1.0000 0.1702 0.0224 0.0030 0.0004 1.0000 1.0000 0.2955 0.0394 0.0053 0.0007 1.0000 1.0000 0.5783 0.0800 0.0112 0.0016 0.0002 1.0000 1.0000 0.2247 0.0332 0.0049 0.0007 1.0000 1.0000 0.8143 0.1227 0.0185 0.0028 0.0004 1.0000
0.0004 0.0032 0.0211 0.1405 0.9321 1.0000 1.0000 0.0008 0.0056 0.0372 0.2495 1.0000 1.0000 0.0002 0.0016 0.0114 0.0800 0.5674 1.0000 1.0000 0.0007 0.0048 0.0358 0.2662 1.0000 1.0000 0.0003 0.0026 0.0197 0.1490 1.0000 1.0000 0.0002 0.0015 0.0116 0.0878 0.6669 1.0000 1.0000 0.0009 0.0068 0.0519 0.3938 1.0000 1.0000 0.0005 0.0040 0.0306 0.2343 1.0000 1.0000 1.0000 0.2343 0.0306 0.0040 0.0005 1.0000 1.0000 0.3938 0.0519 0.0068 0.0009 1.0000 1.0000 0.6669 0.0878 0.0116 0.0015 0.0002 1.0000 1.0000 0.1490 0.0197 0.0026 0.0003 1.0000 1.0000 0.2662 0.0358 0.0048 0.0007 1.0000 1.0000 0.5674 0.0800 0.0114 0.0016 0.0002 1.0000 1.0000 0.2495 0.0372 0.0056 0.0008 1.0000 1.0000 0.9321 0.1405 0.0211 0.0032 0.0004
0.0030 0.0245 0.1605 1.0000 1.0000 1.0000 0.0010 0.0064 0.0423 0.2818 1.0000 1.0000 0.0003 0.0018 0.0121 0.0833 0.5783 1.0000 1.0000 0.0006 0.0046 0.0334 0.2448 1.0000 1.0000 0.0003 0.0023 0.0175 0.1317 0.9943 1.0000 1.0000 0.0013 0.0101 0.0767 0.5827 1.0000 1.0000 0.0008 0.0060 0.0453 0.3441 1.0000 1.0000 0.0005 0.0035 0.0268 0.2032 1.0000 1.0000 1.0000 1.0000 1.0000 0.2032 0.0268 0.0035 0.0005 1.0000 1.0000 0.3441 0.0453 0.0060 0.0008 1.0000 1.0000 0.5827 0.0767 0.0101 0.0013 1.0000 1.0000 0.9943 0.1317 0.0175 0.0023 0.0003 1.0000 1.0000 0.2448 0.0334 0.0046 0.0006 1.0000 1.0000 0.5783 0.0833 0.0121 0.0018 0.0003 1.0000 1.0000 0.2818 0.0423 0.0064 0.0010 1.0000 1.0000 1.0000 0.1605 0.0245 0.0030
0.0228 0.1862 1.0000 1.0000 1.0000 0.0011 0.0073 0.0483 0.3207 1.0000 1.0000 0.0003 0.0020 0.0132 0.0897 0.6122 1.0000 1.0000 0.0006 0.0045 0.0322 0.2321 1.0000 1.0000 0.0003 0.0021 0.0156 0.1173 0.8820 1.0000 1.0000 0.0012 0.0088 0.0670 0.5091 1.0000 1.0000 0.0007 0.0052 0.0396 0.3006 1.0000 1.0000 0.0004 0.0031 0.0234 0.1775 1.0000 1.0000 0.0002 0.0008 0.0002 1.0000 1.0000 0.1775 0.0234 0.0031 0.0004 1.0000 1.0000 0.3006 0.0396 0.0052 0.0007 1.0000 1.0000 0.5091 0.0670 0.0088 0.0012 1.0000 1.0000 0.8820 0.1173 0.0156 0.0021 0.0003 1.0000 1.0000 0.2321 0.0322 0.0045 0.0006 1.0000 1.0000 0.6122 0.0897 0.0132 0.0020 0.0003 1.0000 1.0000 0.3207 0.0483 0.0073 0.0011 1.0000 1.0000 1.0000 0.1862 0.0228
0.1735 1.0000 1.0000 1.0000 0.0013 0.0083 0.0553 0.3671 1.0000 1.0000 0.0003 0.0022 0.0148 0.0990 0.6682 1.0000 1.0000 0.0007 0.0046 0.0322 0.2277 1.0000 1.0000 0.0003 0.0019 0.0143 0.1058 0.7899 1.0000 1.0000 0.0010 0.0078 0.0589 0.4456 1.0000 1.0000 0.0006 0.0046 0.0346 0.2626 1.0000 1.0000 0.0004 0.0027 0.0204 0.1551 1.0000 1.0000 0.0002 0.0016 0.0055 0.0016 0.0002 1.0000 1.0000 0.1551 0.0204 0.0027 0.0004 1.0000 1.0000 0.2626 0.0346 0.0046 0.0006 1.0000 1.0000 0.4456 0.0589 0.0078 0.0010 1.0000 1.0000 0.7899 0.1058 0.0143 0.0019 0.0003 1.0000 1.0000 0.2277 0.0322 0.0046 0.0007 1.0000 1.0000 0.6682 0.0990 0.0148 0.0022 0.0003 1.0000 1.0000 0.3671 0.0553 0.0083 0.0013 1.0000 1.0000 1.0000 0.1735
1.0000 1.0000 0.0002 0.0014 0.0095 0.0633 0.4201 1.0000 1.0000 0.0004 0.0025 0.0167 0.1114 0.7461 1.0000 1.0000 0.0007 0.0048 0.0334 0.2321 1.0000 1.0000 0.0003 0.0018 0.0133 0.0977 0.7210 1.0000 1.0000 0.0009 0.0069 0.0521 0.3931 1.0000 1.0000 0.0005 0.0040 0.0302 0.2295 1.0000 1.0000 0.0003 0.0023 0.0178 0.1355 1.0000 1.0000 1.0000 0.0014 0.0107 0.0367 0.0107 0.0014 1.0000 1.0000 1.0000 0.1355 0.0178 0.0023 0.0003 1.0000 1.0000 0.2295 0.0302 0.0040 0.0005 1.0000 1.0000 0.3931 0.0521 0.0069 0.0009 1.0000 1.0000 0.7210 0.0977 0.0133 0.0018 0.0003 1.0000 1.0000 0.2321 0.0334 0.0048 0.0007 1.0000 1.0000 0.7461 0.1114 0.0167 0.0025 0.0004 1.0000 1.0000 0.4201 0.0633 0.0095 0.0014 0.0002 1.0000 1.0000
1.0000 0.0003 0.0016 0.0109 0.0725 0.4809 1.0000 1.0000 0.0004 0.0029 0.0190 0.1265 0.8427 1.0000 1.0000 0.0008 0.0053 0.0358 0.2448 1.0000 1.0000 0.0003 0.0018 0.0129 0.0928 0.6746 1.0000 1.0000 0.0008 0.0062 0.0464 0.3487 1.0000 1.0000 0.0005 0.0035 0.0264 0.2005 1.0000 1.0000 0.0003 0.0021 0.0156 0.1184 0.8990 1.0000 1.0000 0.0012 0.0093 0.0711 0.2434 0.0711 0.0093 0.0012 1.0000 1.0000 0.8990 0.1184 0.0156 0.0021 0.0003 1.0000 1.0000 0.2005 0.0264 0.0035 0.0005 1.0000 1.0000 0.3487 0.0464 0.0062 0.0008 1.0000 1.0000 0.6746 0.0928 0.0129 0.0018 0.0003 1.0000 1.0000 0.2448 0.0358 0.0053 0.0008 1.0000 1.0000 0.8427 0.1265 0.0190 0.0029 0.0004 1.0000 1.0000 0.4809 0.0725 0.0109 0.0016 0.0003 1.0000
0.0002 0.0019 0.0125 0.0830 0.5504 1.0000 1.0000 0.0005 0.0033 0.0218 0.1445 0.9590 1.0000 1.0000 0.0009 0.0059 0.0394 0.2662 1.0000 1.0000 0.0003 0.0018 0.0129 0.0912 0.6531 1.0000 1.0000 0.0008 0.0057 0.0421 0.3135 1.0000 1.0000 0.0004 0.0031 0.0232 0.1755 1.0000 1.0000 0.0002 0.0018 0.0136 0.1034 0.7854 1.0000 1.0000 0.0011 0.0080 0.0615 0.4718 1.0000 0.4718 0.0615 0.0080 0.0011 1.0000 1.0000 0.7854 0.1034 0.0136 0.0018 0.0002 1.0000 1.0000 0.1755 0.0232 0.0031 0.0004 1.0000 1.0000 0.3135 0.0421 0.0057 0.0008 1.0000 1.0000 0.6531 0.0912 0.0129 0.0018 0.0003 1.0000 1.0000 0.2662 0.0394 0.0059 0.0009 1.0000 1.0000 0.9590 0.1445 0.0218 0.0033 0.0005 1.0000 1.0000 0.5504 0.0830 0.0125 0.0019 0.0002
0.0018 0.0145 0.0948 0.6299 1.0000 1.0000 0.0006 0.0038 0.0249 0.1654 1.0000 1.0000 1.0000 0.0010 0.0066 0.0441 0.2955 1.0000 1.0000 0.0003 0.0019 0.0133 0.0928 0.6531 1.0000 1.0000 0.0007 0.0053 0.0390 0.2872 1.0000 1.0000 0.0004 0.0027 0.0205 0.1548 1.0000 1.0000 0.0002 0.0016 0.0119 0.0904 0.6862 1.0000 1.0000 0.0009 0.0070 0.0534 0.4083 1.0000 1.0000 1.0000 0.4083 0.0534 0.0070 0.0009 1.0000 1.0000 0.6862 0.0904 0.0119 0.0016 0.0002 1.0000 1.0000 0.1548 0.0205 0.0027 0.0004 1.0000 1.0000 0.2872 0.0390 0.0053 0.0007 1.0000 1.0000 0.6531 0.0928 0.0133 0.0019 0.0003 1.0000 1.0000 0.2955 0.0441 0.0066 0.0010 1.0000 1.0000 1.0000 0.1654 0.0249 0.0038 0.0006 1.0000 1.0000 0.6299 0.0948 0.0145 0.0018
0.0135 0.1097 0.7196 1.0000 1.0000 0.0006 0.0043 0.0285 0.1894 1.0000 1.0000 1.0000 0.0011 0.0075 0.0499 0.3331 1.0000 1.0000 0.0003 0.0021 0.0143 0.0977 0.6746 1.0000 1.0000 0.0007 0.0052 0.0372 0.2697 1.0000 1.0000 0.0003 0.0025 0.0184 0.1378 1.0000 1.0000 1.0000 0.0014 0.0104 0.0790 0.5995 1.0000 1.0000 0.0008 0.0061 0.0466 0.3540 1.0000 1.0000 1.0000 1.0000 1.0000 0.3540 0.0466 0.0061 0.0008 1.0000 1.0000 0.5995 0.0790 0.0104 0.0014 1.0000 1.0000 1.0000 0.1378 0.0184 0.0025 0.0003 1.0000 1.0000 0.2697 0.0372 0.0052 0.0007 1.0000 1.0000 0.6746 0.0977 0.0143 0.0021 0.0003 1.0000 1.0000 0.3331 0.0499 0.0075 0.0011 1.0000 1.0000 1.0000 0.1894 0.0285 0.0043 0.0006 1.0000 1.0000 0.7196 0.1097 0.0135
0.1025 0.8347 1.0000 1.0000 0.0007 0.0049 0.0327 0.2167 1.0000 1.0000 1.0000 0.0013 0.0086 0.0569 0.3784 1.0000 1.0000 0.0003 0.0023 0.0156 0.1058 0.7210 1.0000 1.0000 0.0007 0.0052 0.0365 0.2611 1.0000 1.0000 0.0003 0.0023 0.0167 0.1244 0.9285 1.0000 1.0000 0.0012 0.0092 0.0694 0.5248 1.0000 1.0000 0.0007 0.0054 0.0407 0.3093 1.0000 1.0000 0.0004 0.0015 0.0004 1.0000 1.0000 0.3093 0.0407 0.0054 0.0007 1.0000 1.0000 0.5248 0.0694 0.0092 0.0012 1.0000 1.0000 0.9285 0.1244 0.0167 0.0023 0.0003 1.0000 1.0000 0.2611 0.0365 0.0052 0.0007 1.0000 1.0000 0.7210 0.1058 0.0156 0.0023 0.0003 1.0000 1.0000 0.3784 0.0569 0.0086 0.0013 1.0000 1.0000 1.0000 0.2167 0.0327 0.0049 0.0007 1.0000 1.0000 0.8347 0.1025
0.7780 1.0000 1.0000 0.0008 0.0056 0.0374 0.2481 1.0000 1.0000 0.0002 0.0015 0.0098 0.0652 0.4323 1.0000 1.0000 0.0004 0.0026 0.0175 0.1173 0.7899 1.0000 1.0000 0.0008 0.0053 0.0372 0.2611 1.0000 1.0000 0.0003 0.0021 0.0156 0.1144 0.8459 1.0000 1.0000 0.0011 0.0081 0.0613 0.4629 1.0000 1.0000 0.0006 0.0047 0.0356 0.2702 1.0000 1.0000 0.0004 0.0028 0.0096 0.0028 0.0004 1.0000 1.0000 0.2702 0.0356 0.0047 0.0006 1.0000 1.0000 0.4629 0.0613 0.0081 0.0011 1.0000 1.0000 0.8459 0.1144 0.0156 0.0021 0.0003 1.0000 1.0000 0.2611 0.0372 0.0053 0.0008 1.0000 1.0000 0.7899 0.1173 0.0175 0.0026 0.0004 1.0000 1.0000 0.4323 0.0652 0.0098 0.0015 0.0002 1.0000 1.0000 0.2481 0.0374 0.0056 0.0008 1.0000 1.0000 0.7780
1.0000 1.0000 0.0010 0.0065 0.0428 0.2839 1.0000 1.0000 0.0003 0.0017 0.0112 0.0746 0.4948 1.0000 1.0000 0.0004 0.0030 0.0197 0.1317 0.8820 1.0000 1.0000 0.0008 0.0057 0.0390 0.2697 1.0000 1.0000 0.0003 0.0021 0.0149 0.1078 0.7869 1.0000 1.0000 0.0010 0.0073 0.0546 0.4106 1.0000 1.0000 0.0005 0.0041 0.0311 0.2361 1.0000 1.0000 0.0003 0.0024 0.0187 0.0639 0.0187 0.0024 0.0003 1.0000 1.0000 0.2361 0.0311 0.0041 0.0005 1.0000 1.0000 0.4106 0.0546 0.0073 0.0010 1.0000 1.0000 0.7869 0.1078 0.0149 0.0021 0.0003 1.0000 1.0000 0.2697 0.0390 0.0057 0.0008 1.0000 1.0000 0.8820 0.1317 0.0197 0.0030 0.0004 1.0000 1.0000 0.4948 0.0746 0.0112 0.0017 0.0003 1.0000 1.0000 0.2839 0.0428 0.0065 0.0010 1.0000 1.0000
1.0000 0.0011 0.0074 0.0490 0.3250 1.0000 1.0000 0.0003 0.0019 0.0129 0.0854 0.5663 1.0000 1.0000 0.0005 0.0034 0.0224 0.1490 0.9943 1.0000 1.0000 0.0009 0.0062 0.0421 0.2872 1.0000 1.0000 0.0003 0.0021 0.0146 0.1046 0.7532 1.0000 1.0000 0.0009 0.0066 0.0493 0.3678 1.0000 1.0000 0.0005 0.0036 0.0273 0.2067 1.0000 1.0000 0.0003 0.0021 0.0162 0.1239 0.4241 0.1239 0.0162 0.0021 0.0003 1.0000 1.0000 0.2067 0.0273 0.0036 0.0005 1.0000 1.0000 0.3678 0.0493 0.0066 0.0009 1.0000 1.0000 0.7532 0.1046 0.0146 0.0021 0.0003 1.0000 1.0000 0.2872 0.0421 0.0062 0.0009 1.0000 1.0000 0.9943 0.1490 0.0224 0.0034 0.0005 1.0000 1.0000 0.5663 0.0854 0.0129 0.0019 0.0003 1.0000 1.0000 0.3250 0.0490 0.0074 0.0011 1.0000
0.0010 0.0085 0.0560 0.3720 1.0000 1.0000 0.0003 0.0022 0.0147 0.0977 0.6482 1.0000 1.0000 0.0006 0.0039 0.0257 0.1702 1.0000 1.0000 1.0000 0.0010 0.0069 0.0464 0.3135 1.0000 1.0000 0.0003 0.0021 0.0149 0.1046 0.7419 1.0000 1.0000 0.0008 0.0062 0.0455 0.3357 1.0000 1.0000 0.0004 0.0032 0.0242 0.1823 1.0000 1.0000 0.0002 0.0018 0.0140 0.1072 0.8221 1.0000 0.8221 0.1072 0.0140 0.0018 0.0002 1.0000 1.0000 0.1823 0.0242 0.0032 0.0004 1.0000 1.0000 0.3357 0.0455 0.0062 0.0008 1.0000 1.0000 0.7419 0.1046 0.0149 0.0021 0.0003 1.0000 1.0000 0.3135 0.0464 0.0069 0.0010 1.0000 1.0000 1.0000 0.1702 0.0257 0.0039 0.0006 1.0000 1.0000 0.6482 0.0977 0.0147 0.0022 0.0003 1.0000 1.0000 0.3720 0.0560 0.0085 0.0010
0.0080 0.0649 0.4249 1.0000 1.0000 0.0004 0.0025 0.0169 0.1118 0.7419 1.0000 1.0000 0.0007 0.0044 0.0294 0.1948 1.0000 1.0000 1.0000 0.0012 0.0078 0.0521 0.3487 1.0000 1.0000 0.0003 0.0023 0.0156 0.1078 0.7532 1.0000 1.0000 0.0008 0.0059 0.0430 0.3135 1.0000 1.0000 0.0004 0.0029 0.0216 0.1620 1.0000 1.0000 0.0002 0.0016 0.0122 0.0930 0.7115 1.0000 1.0000 1.0000 0.7115 0.0930 0.0122 0.0016 0.0002 1.0000 1.0000 0.1620 0.0216 0.0029 0.0004 1.0000 1.0000 0.3135 0.0430 0.0059 0.0008 1.0000 1.0000 0.7532 0.1078 0.0156 0.0023 0.0003 1.0000 1.0000 0.3487 0.0521 0.0078 0.0012 1.0000 1.0000 1.0000 0.1948 0.0294 0.0044 0.0007 1.0000 1.0000 0.7419 0.1118 0.0169 0.0025 0.0004 1.0000 1.0000 0.4249 0.0649 0.0080
0.0605 0.4920 1.0000 1.0000 0.0004 0.0029 0.0193 0.1280 0.8491 1.0000 1.0000 0.0008 0.0051 0.0336 0.2230 1.0000 1.0000 0.0002 0.0013 0.0088 0.0589 0.3931 1.0000 1.0000 0.0004 0.0025 0.0167 0.1144 0.7869 1.0000 1.0000 0.0008 0.0058 0.0418 0.3000 1.0000 1.0000 0.0004 0.0026 0.0195 0.1457 1.0000 1.0000 1.0000 0.0014 0.0108 0.0814 0.6169 1.0000 1.0000 0.0004 1.0000 1.0000 0.6169 0.0814 0.0108 0.0014 1.0000 1.0000 1.0000 0.1457 0.0195 0.0026 0.0004 1.0000 1.0000 0.3000 0.0418 0.0058 0.0008 1.0000 1.0000 0.7869 0.1144 0.0167 0.0025 0.0004 1.0000 1.0000 0.3931 0.0589 0.0088 0.0013 0.0002 1.0000 1.0000 0.2230 0.0336 0.0051 0.0008 1.0000 1.0000 0.8491 0.1280 0.0193 0.0029 0.0004 1.0000 1.0000 0.4920 0.0605
0.4594 1.0000 1.0000 0.0005 0.0033 0.0221 0.1465 0.9719 1.0000 1.0000 0.0009 0.0058 0.0385 0.2553 1.0000 1.0000 0.0002 0.0015 0.0101 0.0670 0.4456 1.0000 1.0000 0.0004 0.0027 0.0184 0.1244 0.8459 1.0000 1.0000 0.0008 0.0059 0.0418 0.2955 1.0000 1.0000 0.0003 0.0025 0.0181 0.1332 0.9868 1.0000 1.0000 0.0013 0.0095 0.0718 0.5421 1.0000 1.0000 0.0007 0.0025 0.0007 1.0000 1.0000 0.5421 0.0718 0.0095 0.0013 1.0000 1.0000 0.9868 0.1332 0.0181 0.0025 0.0003 1.0000 1.0000 0.2955 0.0418 0.0059 0.0008 1.0000 1.0000 0.8459 0.1244 0.0184 0.0027 0.0004 1.0000 1.0000 0.4456 0.0670 0.0101 0.0015 0.0002 1.0000 1.0000 0.2553 0.0385 0.0058 0.0009 1.0000 1.0000 0.9719 0.1465 0.0221 0.0033 0.0005 1.0000 1.0000 0.4594
1.0000 1.0000 0.0006 0.0038 0.0253 0.1677 1.0000 1.0000 1.0000 0.0010 0.0066 0.0440 0.2922 1.0000 1.0000 0.0003 0.0017 0.0116 0.0767 0.5091 1.0000 1.0000 0.0005 0.0031 0.0205 0.1378 0.9285 1.0000 1.0000 0.0009 0.0062 0.0430 0.3000 1.0000 1.0000 0.0003 0.0024 0.0171 0.1246 0.9128 1.0000 1.0000 0.0011 0.0085 0.0639 0.4809 1.0000 1.0000 0.0006 0.0049 0.0168 0.0049 0.0006 1.0000 1.0000 0.4809 0.0639 0.0085 0.0011 1.0000 1.0000 0.9128 0.1246 0.0171 0.0024 0.0003 1.0000 1.0000 0.3000 0.0430 0.0062 0.0009 1.0000 1.0000 0.9285 0.1378 0.0205 0.0031 0.0005 1.0000 1.0000 0.5091 0.0767 0.0116 0.0017 0.0003 1.0000 1.0000 0.2922 0.0440 0.0066 0.0010 1.0000 1.0000 1.0000 0.1677 0.0253 0.0038 0.0006 1.0000 1.0000
1.0000 0.0007 0.0044 0.0289 0.1919 1.0000 1.0000 1.0000 0.0011 0.0076 0.0504 0.3344 1.0000 1.0000 0.0003 0.0020 0.0132 0.0878 0.5827 1.0000 1.0000 0.0005 0.0035 0.0232 0.1548 1.0000 1.0000 1.0000 0.0010 0.0066 0.0455 0.3135 1.0000 1.0000 0.0003 0.0023 0.0166 0.1195 0.8638 1.0000 1.0000 0.0010 0.0077 0.0576 0.4298 1.0000 1.0000 0.0006 0.0043 0.0327 0.1120 0.0327 0.0043 0.0006 1.0000 1.0000 0.4298 0.0576 0.0077 0.0010 1.0000 1.0000 0.8638 0.1195 0.0166 0.0023 0.0003 1.0000 1.0000 0.3135 0.0455 0.0066 0.0010 1.0000 1.0000 1.0000 0.1548 0.0232 0.0035 0.0005 1.0000 1.0000 0.5827 0.0878 0.0132 0.0020 0.0003 1.0000 1.0000 0.3344 0.0504 0.0076 0.0011 1.0000 1.0000 1.0000 0.1919 0.0289 0.0044 0.0007 1.0000
0.0006 0.0050 0.0330 0.2196 1.0000 1.0000 1.0000 0.0013 0.0087 0.0577 0.3827 1.0000 1.0000 0.0003 0.0023 0.0152 0.1005 0.6669 1.0000 1.0000 0.0006 0.0040 0.0264 0.1755 1.0000 1.0000 1.0000 0.0011 0.0073 0.0493 0.3357 1.0000 1.0000 0.0003 0.0024 0.0166 0.1179 0.8411 1.0000 1.0000 0.0010 0.0072 0.0529 0.3908 1.0000 1.0000 0.0005 0.0038 0.0286 0.2184 0.7475 0.2184 0.0286 0.0038 0.0005 1.0000 1.0000 0.3908 0.0529 0.0072 0.0010 1.0000 1.0000 0.8411 0.1179 0.0166 0.0024 0.0003 1.0000 1.0000 0.3357 0.0493 0.0073 0.0011 1.0000 1.0000 1.0000 0.1755 0.0264 0.0040 0.0006 1.0000 1.0000 0.6669 0.1005 0.0152 0.0023 0.0003 1.0000 1.0000 0.3827 0.0577 0.0087 0.0013 1.0000 1.0000 1.0000 0.2196 0.0330 0.0050 0.0006
0.0047 0.0383 0.2509 1.0000 1.0000 0.0002 0.0015 0.0100 0.0660 0.4381 1.0000 1.0000 0.0004 0.0026 0.0173 0.1151 0.7633 1.0000 1.0000 0.0007 0.0046 0.0302 0.2005 1.0000 1.0000 1.0000 0.0012 0.0081 0.0546 0.3678 1.0000 1.0000 0.0004 0.0025 0.0171 0.1195 0.8411 1.0000 1.0000 0.0009 0.0068 0.0496 0.3629 1.0000 1.0000 0.0005 0.0034 0.0253 0.1915 1.0000 1.0000 1.0000 0.1915 0.0253 0.0034 0.0005 1.0000 1.0000 0.3629 0.0496 0.0068 0.0009 1.0000 1.0000 0.8411 0.1195 0.0171 0.0025 0.0004 1.0000 1.0000 0.3678 0.0546 0.0081 0.0012 1.0000 1.0000 1.0000 0.2005 0.0302 0.0046 0.0007 1.0000 1.0000 0.7633 0.1151 0.0173 0.0026 0.0004 1.0000 1.0000 0.4381 0.0660 0.0100 0.0015 0.0002 1.0000 1.0000 0.2509 0.0383 0.0047
0.0357 0.2910 1.0000 1.0000 0.0003 0.0017 0.0114 0.0756 0.5014 1.0000 1.0000 0.0005 0.0030 0.0198 0.1317 0.8737 1.0000 1.0000 0.0008 0.0052 0.0346 0.2295 1.0000 1.0000 0.0002 0.0014 0.0092 0.0613 0.4106 1.0000 1.0000 0.0004 0.0026 0.0181 0.1246 0.8638 1.0000 1.0000 0.0009 0.0066 0.0476 0.3441 1.0000 1.0000 0.0004 0.0031 0.0228 0.1706 1.0000 1.0000 1.0000 1.0000 1.0000 0.1706 0.0228 0.0031 0.0004 1.0000 1.0000 0.3441 0.0476 0.0066 0.0009 1.0000 1.0000 0.8638 0.1246 0.0181 0.0026 0.0004 1.0000 1.0000 0.4106 0.0613 0.0092 0.0014 0.0002 1.0000 1.0000 0.2295 0.0346 0.0052 0.0008 1.0000 1.0000 0.8737 0.1317 0.0198 0.0030 0.0005 1.0000 1.0000 0.5014 0.0756 0.0114 0.0017 0.0003 1.0000 1.0000 0.2910 0.0357
0.2713 1.0000 1.0000 0.0003 0.0020 0.0130 0.0865 0.5739 1.0000 1.0000 0.0005 0.0034 0.0227 0.1507 1.0000 1.0000 1.0000 0.0009 0.0060 0.0396 0.2626 1.0000 1.0000 0.0002 0.0016 0.0104 0.0694 0.4629 1.0000 1.0000 0.0004 0.0029 0.0195 0.1332 0.9128 1.0000 1.0000 0.0009 0.0066 0.0470 0.3350 1.0000 1.0000 0.0004 0.0028 0.0209 0.1548 1.0000 1.0000 1.0000 0.0007 1.0000 1.0000 1.0000 0.1548 0.0209 0.0028 0.0004 1.0000 1.0000 0.3350 0.0470 0.0066 0.0009 1.0000 1.0000 0.9128 0.1332 0.0195 0.0029 0.0004 1.0000 1.0000 0.4629 0.0694 0.0104 0.0016 0.0002 1.0000 1.0000 0.2626 0.0396 0.0060 0.0009 1.0000 1.0000 1.0000 0.1507 0.0227 0.0034 0.0005 1.0000 1.0000 0.5739 0.0865 0.0130 0.0020 0.0003 1.0000 1.0000 0.2713
1.0000 1.0000 0.0003 0.0022 0.0149 0.0990 0.6569 1.0000 1.0000 0.0006 0.0039 0.0260 0.1725 1.0000 1.0000 1.0000 0.0010 0.0068 0.0453 0.3006 1.0000 1.0000 0.0003 0.0018 0.0119 0.0790 0.5248 1.0000 1.0000 0.0005 0.0032 0.0216 0.1457 0.9868 1.0000 1.0000 0.0010 0.0068 0.0476 0.3350 1.0000 1.0000 0.0004 0.0027 0.0197 0.1440 1.0000 1.0000 1.0000 0.0014 0.0047 0.0014 1.0000 1.0000 1.0000 0.1440 0.0197 0.0027 0.0004 1.0000 1.0000 0.3350 0.0476 0.0068 0.0010 1.0000 1.0000 0.9868 0.1457 0.0216 0.0032 0.0005 1.0000 1.0000 0.5248 0.0790 0.0119 0.0018 0.0003 1.0000 1.0000 0.3006 0.0453 0.0068 0.0010 1.0000 1.0000 1.0000 0.1725 0.0260 0.0039 0.0006 1.0000 1.0000 0.6569 0.0990 0.0149 0.0022 0.0003 1.0000 1.0000
1.0000 0.0004 0.0026 0.0171 0.1133 0.7518 1.0000 1.0000 0.0007 0.0045 0.0298 0.1975 1.0000 1.0000 1.0000 0.0012 0.0078 0.0519 0.3441 1.0000 1.0000 0.0003 0.0021 0.0136 0.0904 0.5995 1.0000 1.0000 0.0005 0.0036 0.0242 0.1620 1.0000 1.0000 1.0000 0.0010 0.0072 0.0496 0.3441 1.0000 1.0000 0.0004 0.0026 0.0189 0.1368 0.9943 1.0000 1.0000 0.0012 0.0092 0.0315 0.0092 0.0012 1.0000 1.0000 0.9943 0.1368 0.0189 0.0026 0.0004 1.0000 1.0000 0.3441 0.0496 0.0072 0.0010 1.0000 1.0000 1.0000 0.1620 0.0242 0.0036 0.0005 1.0000 1.0000 0.5995 0.0904 0.0136 0.0021 0.0003 1.0000 1.0000 0.3441 0.0519 0.0078 0.0012 1.0000 1.0000 1.0000 0.1975 0.0298 0.0045 0.0007 1.0000 1.0000 0.7518 0.1133 0.0171 0.0026 0.0004 1.0000
0.0004 0.0030 0.0195 0.1297 0.8605 1.0000 1.0000 0.0008 0.0051 0.0341 0.2260 1.0000 1.0000 0.0002 0.0013 0.0089 0.0594 0.3938 1.0000 1.0000 0.0004 0.0023 0.0156 0.1034 0.6862 1.0000 1.0000 0.0006 0.0041 0.0273 0.1823 1.0000 1.0000 1.0000 0.0011 0.0077 0.0529 0.3629 1.0000 1.0000 0.0004 0.0026 0.0187 0.1335 0.9572 1.0000 1.0000 0.0011 0.0084 0.0630 0.2139 0.0630 0.0084 0.0011 1.0000 1.0000 0.9572 0.1335 0.0187 0.0026 0.0004 1.0000 1.0000 0.3629 0.0529 0.0077 0.0011 1.0000 1.0000 1.0000 0.1823 0.0273 0.0041 0.0006 1.0000 1.0000 0.6862 0.1034 0.0156 0.0023 0.0004 1.0000 1.0000 0.3938 0.0594 0.0089 0.0013 0.0002 1.0000 1.0000 0.2260 0.0341 0.0051 0.0008 1.0000 1.0000 0.8605 0.1297 0.0195 0.0030 0.0004
0.0028 0.0226 0.1482 0.9849 1.0000 1.0000 0.0009 0.0059 0.0390 0.2587 1.0000 1.0000 0.0002 0.0015 0.0102 0.0679 0.4507 1.0000 1.0000 0.0004 0.0027 0.0178 0.1184 0.7854 1.0000 1.0000 0.0007 0.0047 0.0311 0.2067 1.0000 1.0000 1.0000 0.0013 0.0085 0.0576 0.3908 1.0000 1.0000 0.0004 0.0027 0.0189 0.1335 0.9445 1.0000 1.0000 0.0011 0.0078 0.0578 0.4306 1.0000 0.4306 0.0578 0.0078 0.0011 1.0000 1.0000 0.9445 0.1335 0.0189 0.0027 0.0004 1.0000 1.0000 0.3908 0.0576 0.0085 0.0013 1.0000 1.0000 1.0000 0.2067 0.0311 0.0047 0.0007 1.0000 1.0000 0.7854 0.1184 0.0178 0.0027 0.0004 1.0000 1.0000 0.4507 0.0679 0.0102 0.0015 0.0002 1.0000 1.0000 0.2587 0.0390 0.0059 0.0009 1.0000 1.0000 0.9849 0.1482 0.0226 0.0028
0.0211 0.1715 1.0000 1.0000 1.0000 0.0010 0.0067 0.0446 0.2961 1.0000 1.0000 0.0003 0.0018 0.0117 0.0778 0.5159 1.0000 1.0000 0.0005 0.0031 0.0204 0.1355 0.8990 1.0000 1.0000 0.0008 0.0054 0.0356 0.2361 1.0000 1.0000 0.0002 0.0014 0.0095 0.0639 0.4298 1.0000 1.0000 0.0004 0.0028 0.0197 0.1368 0.9572 1.0000 1.0000 0.0011 0.0075 0.0546 0.3998 1.0000 1.0000 1.0000 0.3998 0.0546 0.0075 0.0011 1.0000 1.0000 0.9572 0.1368 0.0197 0.0028 0.0004 1.0000 1.0000 0.4298 0.0639 0.0095 0.0014 0.0002 1.0000 1.0000 0.2361 0.0356 0.0054 0.0008 1.0000 1.0000 0.8990 0.1355 0.0204 0.0031 0.0005 1.0000 1.0000 0.5159 0.0778 0.0117 0.0018 0.0003 1.0000 1.0000 0.2961 0.0446 0.0067 0.0010 1.0000 1.0000 1.0000 0.1715 0.0211
0.1602 1.0000 1.0000 1.0000 0.0012 0.0077 0.0511 0.3389 1.0000 1.0000 0.0003 0.0020 0.0134 0.0890 0.5905 1.0000 1.0000 0.0005 0.0035 0.0234 0.1551 1.0000 1.0000 1.0000 0.0009 0.0061 0.0407 0.2702 1.0000 1.0000 0.0002 0.0016 0.0108 0.0718 0.4809 1.0000 1.0000 0.0005 0.0031 0.0209 0.1440 0.9943 1.0000 1.0000 0.0011 0.0074 0.0532 0.3813 1.0000 1.0000 1.0000 1.0000 1.0000 0.3813 0.0532 0.0074 0.0011 1.0000 1.0000 0.9943 0.1440 0.0209 0.0031 0.0005 1.0000 1.0000 0.4809 0.0718 0.0108 0.0016 0.0002 1.0000 1.0000 0.2702 0.0407 0.0061 0.0009 1.0000 1.0000 1.0000 0.1551 0.0234 0.0035 0.0005 1.0000 1.0000 0.5905 0.0890 0.0134 0.0020 0.0003 1.0000 1.0000 0.3389 0.0511 0.0077 0.0012 1.0000 1.0000 1.0000 0.1602
1.0000 1.0000 0.0002 0.0013 0.0088 0.0585 0.3879 1.0000 1.0000 0.0003 0.0023 0.0154 0.1019 0.6759 1.0000 1.0000 0.0006 0.0040 0.0268 0.1775 1.0000 1.0000 1.0000 0.0011 0.0070 0.0466 0.3093 1.0000 1.0000 0.0003 0.0018 0.0122 0.0814 0.5421 1.0000 1.0000 0.0005 0.0034 0.0228 0.1548 1.0000 1.0000 1.0000 0.0011 0.0075 0.0532 0.3762 1.0000 1.0000 0.0004 0.0015 0.0004 1.0000 1.0000 0.3762 0.0532 0.0075 0.0011 1.0000 1.0000 1.0000 0.1548 0.0228 0.0034 0.0005 1.0000 1.0000 0.5421 0.0814 0.0122 0.0018 0.0003 1.0000 1.0000 0.3093 0.0466 0.0070 0.0011 1.0000 1.0000 1.0000 0.1775 0.0268 0.0040 0.0006 1.0000 1.0000 0.6759 0.1019 0.0154 0.0023 0.0003 1.0000 1.0000 0.3879 0.0585 0.0088 0.0013 0.0002 1.0000 1.0000
1.0000 0.0002 0.0015 0.0101 0.0669 0.4439 1.0000 1.0000 0.0004 0.0026 0.0176 0.1166 0.7736 1.0000 1.0000 0.0007 0.0046 0.0306 0.2032 1.0000 1.0000 1.0000 0.0012 0.0080 0.0534 0.3540 1.0000 1.0000 0.0003 0.0021 0.0140 0.0930 0.6169 1.0000 1.0000 0.0006 0.0038 0.0253 0.1706 1.0000 1.0000 1.0000 0.0011 0.0078 0.0546 0.3813 1.0000 1.0000 0.0004 0.0031 0.0103 0.0031 0.0004 1.0000 1.0000 0.3813 0.0546 0.0078 0.0011 1.0000 1.0000 1.0000 0.1706 0.0253 0.0038 0.0006 1.0000 1.0000 0.6169 0.0930 0.0140 0.0021 0.0003 1.0000 1.0000 0.3540 0.0534 0.0080 0.0012 1.0000 1.0000 1.0000 0.2032 0.0306 0.0046 0.0007 1.0000 1.0000 0.7736 0.1166 0.0176 0.0026 0.0004 1.0000 1.0000 0.4439 0.0669 0.0101 0.0015 0.0002 1.0000
0.0002 0.0018 0.0116 0.0772 0.5120 1.0000 1.0000 0.0005 0.0031 0.0203 0.1345 0.8922 1.0000 1.0000 0.0008 0.0053 0.0353 0.2343 1.0000 1.0000 0.0002 0.0014 0.0093 0.0615 0.4083 1.0000 1.0000 0.0004 0.0024 0.0162 0.1072 0.7115 1.0000 1.0000 0.0006 0.0043 0.0286 0.1915 1.0000 1.0000 1.0000 0.0012 0.0084 0.0578 0.3998 1.0000 1.0000 0.0004 0.0030 0.0219 0.0734 0.0219 0.0030 0.0004 1.0000 1.0000 0.3998 0.0578 0.0084 0.0012 1.0000 1.0000 1.0000 0.1915 0.0286 0.0043 0.0006 1.0000 1.0000 0.7115 0.1072 0.0162 0.0024 0.0004 1.0000 1.0000 0.4083 0.0615 0.0093 0.0014 0.0002 1.0000 1.0000 0.2343 0.0353 0.0053 0.0008 1.0000 1.0000 0.8922 0.1345 0.0203 0.0031 0.0005 1.0000 1.0000 0.5120 0.0772 0.0116 0.0018 0.0002
0.0016 0.0136 0.0890 0.5916 1.0000 1.0000 0.0005 0.0035 0.0234 0.1554 1.0000 1.0000 1.0000 0.0009 0.0062 0.0408 0.2708 1.0000 1.0000 0.0002 0.0016 0.0107 0.0711 0.4718 1.0000 1.0000 0.0004 0.0028 0.0187 0.1239 0.8221 1.0000 1.0000 0.0007 0.0049 0.0327 0.2184 1.0000 1.0000 1.0000 0.0014 0.0092 0.0630 0.4306 1.0000 1.0000 0.0004 0.0031 0.0219 0.1581 0.5268 0.1581 0.0219 0.0031 0.0004 1.0000 1.0000 0.4306 0.0630 0.0092 0.0014 1.0000 1.0000 1.0000 0.2184 0.0327 0.0049 0.0007 1.0000 1.0000 0.8221 0.1239 0.0187 0.0028 0.0004 1.0000 1.0000 0.4718 0.0711 0.0107 0.0016 0.0002 1.0000 1.0000 0.2708 0.0408 0.0062 0.0009 1.0000 1.0000 1.0000 0.1554 0.0234 0.0035 0.0005 1.0000 1.0000 0.5916 0.0890 0.0136 0.0016
0.0060 0.0472 0.3058 1.0000 1.0000 0.0003 0.0018 0.0121 0.0802 0.5318 1.0000 1.0000 0.0005 0.0032 0.0211 0.1397 0.9267 1.0000 1.0000 0.0008 0.0055 0.0367 0.2434 1.0000 1.0000 1.0000 0.0015 0.0096 0.0639 0.4241 1.0000 1.0000 0.0004 0.0025 0.0168 0.1120 0.7475 1.0000 1.0000 0.0007 0.0047 0.0315 0.2139 1.0000 1.0000 1.0000 0.0015 0.0103 0.0734 0.5268 1.0000 0.5268 0.0734 0.0103 0.0015 1.0000 1.0000 1.0000 0.2139 0.0315 0.0047 0.0007 1.0000 1.0000 0.7475 0.1120 0.0168 0.0025 0.0004 1.0000 1.0000 0.4241 0.0639 0.0096 0.0015 1.0000 1.0000 1.0000 0.2434 0.0367 0.0055 0.0008 1.0000 1.0000 0.9267 0.1397 0.0211 0.0032 0.0005 1.0000 1.0000 0.5318 0.0802 0.0121 0.0018 0.0003 1.0000 1.0000 0.3058 0.0472 0.0060
0.0016 0.0136 0.0890 0.5916 1.0000 1.0000 0.0005 0.0035 0.0234 0.1554 1.0000 1.0000 1.0000 0.0009 0.0062 0.0408 0.2708 1.0000 1.0000 0.0002 0.0016 0.0107 0.0711 0.4718 1.0000 1.0000 0.0004 0.0028 0.0187 0.1239 0.8221 1.0000 1.0000 0.0007 0.0049 0.0327 0.2184 1.0000 1.0000 1.0000 0.0014 0.0092 0.0630 0.4306 1.0000 1.0000 0.0004 0.0031 0.0219 0.1581 0.5268 0.1581 0.0219 0.0031 0.0004 1.0000 1.0000 0.4306 0.0630 0.0092 0.0014 1.0000 1.0000 1.0000 0.2184 0.0327 0.0049 0.0007 1.0000 1.0000 0.8221 0.1239 0.0187 0.0028 0.0004 1.0000 1.0000 0.4718 0.0711 0.0107 0.0016 0.0002 1.0000 1.0000 0.2708 0.0408 0.0062 0.0009 1.0000 1.0000 1.0000 0.1554 0.0234 0.0035 0.0005 1.0000 1.0000 0.5916 0.0890 0.0136 0.0016
0.0002 0.0018 0.0116 0.0772 0.5120 1.0000 1.0000 0.0005 0.0031 0.0203 0.1345 0.8922 1.0000 1.0000 0.0008 0.0053 0.0353 0.2343 1.0000 1.0000 0.0002 0.0014 0.0093 0.0615 0.4083 1.0000 1.0000 0.0004 0.0024 0.0162 0.1072 0.7115 1.0000 1.0000 0.0006 0.0043 0.0286 0.1915 1.0000 1.0000 1.0000 0.0012 0.0084 0.0578 0.3998 1.0000 1.0000 0.0004 0.0030 0.0219 0.0734 0.0219 0.0030 0.0004 1.0000 1.0000 0.3998 0.0578 0.0084 0.0012 1.0000 1.0000 1.0000 0.1915 0.0286 0.0043 0.0006 1.0000 1.0000 0.7115 0.1072 0.0162 0.0024 0.0004 1.0000 1.0000 0.4083 0.0615 0.0093 0.0014 0.0002 1.0000 1.0000 0.2343 0.0353 0.0053 0.0008 1.0000 1.0000 0.8922 0.1345 0.0203 0.0031 0.0005 1.0000 1.0000 0.5120 0.0772 0.0116 0.0018 0.0002
1.0000 0.0002 0.0015 0.0101 0.0669 0.4439 1.0000 1.0000 0.0004 0.0026 0.0176 0.1166 0.7736 1.0000 1.0000 0.0007 0.0046 0.0306 0.2032 1.0000 1.0000 1.0000 0.0012 0.0080 0.0534 0.3540 1.0000 1.0000 0.0003 0.0021 0.0140 0.0930 0.6169 1.0000 1.0000 0.0006 0.0038 0.0253 0.1706 1.0000 1.0000 1.0000 0.0011 0.0078 0.0546 0.3813 1.0000 1.0000 0.0004 0.0031 0.0103 0.0031 0.0004 1.0000 1.0000 0.3813 0.0546 0.0078 0.0011 1.0000 1.0000 1.0000 0.1706 0.0253 0.0038 0.0006 1.0000 1.0000 0.6169 0.0930 0.0140 0.0021 0.0003 1.0000 1.0000 0.3540 0.0534 0.0080 0.0012 1.0000 1.0000 1.0000 0.2032 0.0306 0.0046 0.0007 1.0000 1.0000 0.7736 0.1166 0.0176 0.0026 0.0004 1.0000 1.0000 0.4439 0.0669 0.0101 0.0015 0.0002 1.0000
1.0000 1.0000 0.0002 0.0013 0.0088 0.0585 0.3879 1.0000 1.0000 0.0003 0.0023 0.0154 0.1019 0.6759 1.0000 1.0000 0.0006 0.0040 0.0268 0.1775 1.0000 1.0000 1.0000 0.0011 0.0070 0.0466 0.3093 1.0000 1.0000 0.0003 0.0018 0.0122 0.0814 0.5421 1.0000 1.0000 0.0005 0.0034 0.0228 0.1548 1.0000 1.0000 1.0000 0.0011 0.0075 0.0532 0.3762 1.0000 1.0000 0.0004 0.0015 0.0004 1.0000 1.0000 0.3762 0.0532 0.0075 0.0011 1.0000 1.0000 1.0000 0.1548 0.0228 0.0034 0.0005 1.0000 1.0000 0.5421 0.0814 0.0122 0.0018 0.0003 1.0000 1.0000 0.3093 0.0466 0.0070 0.0011 1.0000 1.0000 1.0000 0.1775 0.0268 0.0040 0.0006 1.0000 1.0000 0.6759 0.1019 0.0154 0.0023 0.0003 1.0000 1.0000 0.3879 0.0585 0.0088 0.0013 0.0002 1.0000 1.0000
0.1602 1.0000 1.0000 1.0000 0.0012 0.0077 0.0511 0.3389 1.0000 1.0000 0.0003 0.0020 0.0134 0.0890 0.5905 1.0000 1.0000 0.0005 0.0035 0.0234 0.1551 1.0000 1.0000 1.0000 0.0009 0.0061 0.0407 0.2702 1.0000 1.0000 0.0002 0.0016 0.0108 0.0718 0.4809 1.0000 1.0000 0.0005 0.0031 0.0209 0.1440 0.9943 1.0000 1.0000 0.0011 0.0074 0.0532 0.3813 1.0000 1.0000 1.0000 1.0000 1.0000 0.3813 0.0532 0.0074 0.0011 1.0000 1.0000 0.9943 0.1440 0.0209 0.0031 0.0005 1.0000 1.0000 0.4809 0.0718 0.0108 0.0016 0.0002 1.0000 1.0000 0.2702 0.0407 0.0061 0.0009 1.0000 1.0000 1.0000 0.1551 0.0234 0.0035 0.0005 1.0000 1.0000 0.5905 0.0890 0.0134 0.0020 0.0003 1.0000 1.0000 0.3389 0.0511 0.0077 0.0012 1.0000 1.0000 1.0000 0.1602
