0.4686 0.2799 0.1786 0.2110 0.2938 0.4266 0.4788 0.3426 0.1818 0.1976 0.2673 0.3879 0.4859 0.3969 0.1939 0.1872 0.2444 0.3517 0.4801 0.4377 0.2272 0.1802 0.2249 0.3190 0.4570 0.4645 0.2884 0.1785 0.2087 0.2896 0.4207 0.4806 0.3516 0.1829 0.1958 0.2636 0.3821 0.4859 0.4041 0.1971 0.1859 0.2412 0.3465 0.4778 0.4425 0.2352 0.1796 0.2223 0.3146 0.4508 0.4803 0.4508 0.3146 0.2223 0.1796 0.2352 0.4425 0.4778 0.3465 0.2412 0.1859 0.1971 0.4041 0.4859 0.3821 0.2636 0.1958 0.1829 0.3516 0.4806 0.4207 0.2896 0.2087 0.1785 0.2884 0.4645 0.4570 0.3190 0.2249 0.1802 0.2272 0.4377 0.4801 0.3517 0.2444 0.1872 0.1939 0.3969 0.4859 0.3879 0.2673 0.1976 0.1818 0.3426 0.4788 0.4266 0.2938 0.2110 0.1786 0.2799 0.4686
0.2799 0.1533 0.1929 0.2857 0.4300 0.4789 0.3443 0.1581 0.1760 0.2553 0.3881 0.4871 0.3988 0.1749 0.1632 0.2296 0.3486 0.4831 0.4380 0.2200 0.1546 0.2076 0.3126 0.4609 0.4643 0.2889 0.1533 0.1891 0.2800 0.4232 0.4808 0.3537 0.1597 0.1738 0.2511 0.3818 0.4874 0.4058 0.1793 0.1615 0.2260 0.3429 0.4810 0.4426 0.2298 0.1540 0.2046 0.3075 0.4564 0.4652 0.3898 0.4652 0.4564 0.3075 0.2046 0.1540 0.2298 0.4426 0.4810 0.3429 0.2260 0.1615 0.1793 0.4058 0.4874 0.3818 0.2511 0.1738 0.1597 0.3537 0.4808 0.4232 0.2800 0.1891 0.1533 0.2889 0.4643 0.4609 0.3126 0.2076 0.1546 0.2200 0.4380 0.4831 0.3486 0.2296 0.1632 0.1749 0.3988 0.4871 0.3881 0.2553 0.1760 0.1581 0.3443 0.4789 0.4300 0.2857 0.1929 0.1533 0.2799
0.1786 0.1929 0.2820 0.4222 0.4808 0.3578 0.1607 0.1724 0.2481 0.3768 0.4866 0.4104 0.1827 0.1603 0.2232 0.3382 0.4783 0.4456 0.2368 0.1535 0.2022 0.3032 0.4511 0.4691 0.3065 0.1540 0.1846 0.2717 0.4115 0.4829 0.3684 0.1629 0.1702 0.2439 0.3706 0.4864 0.4167 0.1886 0.1588 0.2198 0.3327 0.4754 0.4498 0.2473 0.1531 0.1993 0.2982 0.4456 0.4713 0.3221 0.1752 0.3221 0.4713 0.4456 0.2982 0.1993 0.1531 0.2473 0.4498 0.4754 0.3327 0.2198 0.1588 0.1886 0.4167 0.4864 0.3706 0.2439 0.1702 0.1629 0.3684 0.4829 0.4115 0.2717 0.1846 0.1540 0.3065 0.4691 0.4511 0.3032 0.2022 0.1535 0.2368 0.4456 0.4783 0.3382 0.2232 0.1603 0.1827 0.4104 0.4866 0.3768 0.2481 0.1724 0.1607 0.3578 0.4808 0.4222 0.2820 0.1929 0.1786
0.2110 0.2857 0.4222 0.4818 0.3658 0.1632 0.1697 0.2421 0.3673 0.4861 0.4206 0.1930 0.1578 0.2176 0.3290 0.4732 0.4526 0.2546 0.1529 0.1974 0.2949 0.4417 0.4735 0.3235 0.1554 0.1807 0.2643 0.4009 0.4849 0.3821 0.1672 0.1670 0.2374 0.3606 0.4853 0.4265 0.2005 0.1566 0.2143 0.3236 0.4696 0.4564 0.2653 0.1528 0.1947 0.2900 0.4358 0.4758 0.3327 0.1553 0.1529 0.1553 0.3327 0.4758 0.4358 0.2900 0.1947 0.1528 0.2653 0.4564 0.4696 0.3236 0.2143 0.1566 0.2005 0.4265 0.4853 0.3606 0.2374 0.1670 0.1672 0.3821 0.4849 0.4009 0.2643 0.1807 0.1554 0.3235 0.4735 0.4417 0.2949 0.1974 0.1529 0.2546 0.4526 0.4732 0.3290 0.2176 0.1578 0.1930 0.4206 0.4861 0.3673 0.2421 0.1697 0.1632 0.3658 0.4818 0.4222 0.2857 0.2110
0.2938 0.4300 0.4808 0.3658 0.1643 0.1681 0.2378 0.3594 0.4849 0.4293 0.2054 0.1559 0.2121 0.3200 0.4668 0.4589 0.2727 0.1528 0.1928 0.2867 0.4316 0.4773 0.3397 0.1573 0.1769 0.2570 0.3903 0.4861 0.3950 0.1727 0.1640 0.2311 0.3508 0.4831 0.4353 0.2150 0.1549 0.2089 0.3146 0.4623 0.4623 0.2833 0.1530 0.1902 0.2819 0.4254 0.4793 0.3489 0.1588 0.1714 0.2055 0.1714 0.1588 0.3489 0.4793 0.4254 0.2819 0.1902 0.1530 0.2833 0.4623 0.4623 0.3146 0.2089 0.1549 0.2150 0.4353 0.4831 0.3508 0.2311 0.1640 0.1727 0.3950 0.4861 0.3903 0.2570 0.1769 0.1573 0.3397 0.4773 0.4316 0.2867 0.1928 0.1528 0.2727 0.4589 0.4668 0.3200 0.2121 0.1559 0.2054 0.4293 0.4849 0.3594 0.2378 0.1681 0.1643 0.3658 0.4808 0.4300 0.2938
0.4266 0.4789 0.3578 0.1632 0.1681 0.2362 0.3548 0.4835 0.4358 0.2179 0.1546 0.2073 0.3115 0.4592 0.4645 0.2906 0.1532 0.1884 0.2787 0.4211 0.4805 0.3551 0.1599 0.1733 0.2500 0.3799 0.4867 0.4069 0.1800 0.1611 0.2251 0.3412 0.4797 0.4433 0.2315 0.1538 0.2038 0.3059 0.4539 0.4676 0.3011 0.1537 0.1859 0.2741 0.4149 0.4821 0.3639 0.1618 0.1715 0.2423 0.3079 0.2423 0.1715 0.1618 0.3639 0.4821 0.4149 0.2741 0.1859 0.1537 0.3011 0.4676 0.4539 0.3059 0.2038 0.1538 0.2315 0.4433 0.4797 0.3412 0.2251 0.1611 0.1800 0.4069 0.4867 0.3799 0.2500 0.1733 0.1599 0.3551 0.4805 0.4211 0.2787 0.1884 0.1532 0.2906 0.4645 0.4592 0.3115 0.2073 0.1546 0.2179 0.4358 0.4835 0.3548 0.2362 0.1681 0.1632 0.3578 0.4789 0.4266
0.4788 0.3443 0.1607 0.1697 0.2378 0.3548 0.4828 0.4394 0.2276 0.1538 0.2032 0.3040 0.4513 0.4693 0.3077 0.1541 0.1843 0.2710 0.4105 0.4831 0.3697 0.1633 0.1699 0.2433 0.3696 0.4863 0.4177 0.1896 0.1586 0.2193 0.3319 0.4750 0.4505 0.2490 0.1531 0.1989 0.2974 0.4447 0.4722 0.3183 0.1549 0.1819 0.2666 0.4042 0.4843 0.3779 0.1658 0.1680 0.2398 0.3637 0.4541 0.3637 0.2398 0.1680 0.1658 0.3779 0.4843 0.4042 0.2666 0.1819 0.1549 0.3183 0.4722 0.4447 0.2974 0.1989 0.1531 0.2490 0.4505 0.4750 0.3319 0.2193 0.1586 0.1896 0.4177 0.4863 0.3696 0.2433 0.1699 0.1633 0.3697 0.4831 0.4105 0.2710 0.1843 0.1541 0.3077 0.4693 0.4513 0.3040 0.2032 0.1538 0.2276 0.4394 0.4828 0.3548 0.2378 0.1697 0.1607 0.3443 0.4788
0.3426 0.1581 0.1724 0.2421 0.3594 0.4835 0.4394 0.2312 0.1535 0.2005 0.2982 0.4439 0.4730 0.3228 0.1554 0.1805 0.2637 0.3999 0.4850 0.3834 0.1677 0.1667 0.2368 0.3596 0.4851 0.4274 0.2018 0.1564 0.2137 0.3227 0.4689 0.4570 0.2670 0.1528 0.1942 0.2892 0.4347 0.4762 0.3348 0.1566 0.1780 0.2592 0.3936 0.4858 0.3911 0.1709 0.1649 0.2331 0.3543 0.4823 0.4666 0.4823 0.3543 0.2331 0.1649 0.1709 0.3911 0.4858 0.3936 0.2592 0.1780 0.1566 0.3348 0.4762 0.4347 0.2892 0.1942 0.1528 0.2670 0.4570 0.4689 0.3227 0.2137 0.1564 0.2018 0.4274 0.4851 0.3596 0.2368 0.1667 0.1677 0.3834 0.4850 0.3999 0.2637 0.1805 0.1554 0.3228 0.4730 0.4439 0.2982 0.2005 0.1535 0.2312 0.4394 0.4835 0.3594 0.2421 0.1724 0.1581 0.3426
0.1818 0.1760 0.2481 0.3673 0.4849 0.4358 0.2276 0.1535 0.1995 0.2950 0.4386 0.4757 0.3350 0.1570 0.1772 0.2571 0.3898 0.4862 0.3961 0.1733 0.1637 0.2305 0.3499 0.4828 0.4362 0.2166 0.1548 0.2084 0.3138 0.4615 0.4628 0.2851 0.1531 0.1898 0.2811 0.4244 0.4796 0.3505 0.1590 0.1744 0.2522 0.3831 0.4866 0.4034 0.1775 0.1620 0.2269 0.3442 0.4809 0.4393 0.3350 0.4393 0.4809 0.3442 0.2269 0.1620 0.1775 0.4034 0.4866 0.3831 0.2522 0.1744 0.1590 0.3505 0.4796 0.4244 0.2811 0.1898 0.1531 0.2851 0.4628 0.4615 0.3138 0.2084 0.1548 0.2166 0.4362 0.4828 0.3499 0.2305 0.1637 0.1733 0.3961 0.4862 0.3898 0.2571 0.1772 0.1570 0.3350 0.4757 0.4386 0.2950 0.1995 0.1535 0.2276 0.4358 0.4849 0.3673 0.2481 0.1760 0.1818
0.1976 0.2553 0.3768 0.4861 0.4293 0.2179 0.1538 0.2005 0.2950 0.4367 0.4771 0.3432 0.1585 0.1746 0.2514 0.3808 0.4867 0.4072 0.1805 0.1609 0.2246 0.3403 0.4793 0.4440 0.2331 0.1537 0.2033 0.3051 0.4531 0.4680 0.3028 0.1538 0.1855 0.2734 0.4138 0.4824 0.3653 0.1622 0.1709 0.2454 0.3728 0.4865 0.4145 0.1863 0.1593 0.2211 0.3347 0.4766 0.4479 0.2490 0.1515 0.2490 0.4479 0.4766 0.3347 0.2211 0.1593 0.1863 0.4145 0.4865 0.3728 0.2454 0.1709 0.1622 0.3653 0.4824 0.4138 0.2734 0.1855 0.1538 0.3028 0.4680 0.4531 0.3051 0.2033 0.1537 0.2331 0.4440 0.4793 0.3403 0.2246 0.1609 0.1805 0.4072 0.4867 0.3808 0.2514 0.1746 0.1585 0.3432 0.4771 0.4367 0.2950 0.2005 0.1538 0.2179 0.4293 0.4861 0.3768 0.2553 0.1976
0.2673 0.3881 0.4866 0.4206 0.2054 0.1546 0.2032 0.2982 0.4386 0.4771 0.3461 0.1594 0.1728 0.2473 0.3736 0.4865 0.4164 0.1891 0.1585 0.2190 0.3311 0.4745 0.4512 0.2508 0.1530 0.1984 0.2966 0.4437 0.4726 0.3199 0.1550 0.1815 0.2658 0.4032 0.4845 0.3793 0.1662 0.1677 0.2388 0.3627 0.4856 0.4245 0.1978 0.1570 0.2154 0.3255 0.4709 0.4551 0.2609 0.1508 0.1641 0.1508 0.2609 0.4551 0.4709 0.3255 0.2154 0.1570 0.1978 0.4245 0.4856 0.3627 0.2388 0.1677 0.1662 0.3793 0.4845 0.4032 0.2658 0.1815 0.1550 0.3199 0.4726 0.4437 0.2966 0.1984 0.1530 0.2508 0.4512 0.4745 0.3311 0.2190 0.1585 0.1891 0.4164 0.4865 0.3736 0.2473 0.1728 0.1594 0.3461 0.4771 0.4386 0.2982 0.2032 0.1546 0.2054 0.4206 0.4866 0.3881 0.2673
0.3879 0.4871 0.4104 0.1930 0.1559 0.2073 0.3040 0.4439 0.4757 0.3432 0.1594 0.1722 0.2450 0.3687 0.4860 0.4234 0.1982 0.1567 0.2141 0.3228 0.4686 0.4575 0.2686 0.1528 0.1938 0.2884 0.4337 0.4766 0.3363 0.1568 0.1777 0.2585 0.3925 0.4859 0.3924 0.1714 0.1646 0.2324 0.3529 0.4836 0.4335 0.2118 0.1553 0.2100 0.3165 0.4639 0.4611 0.2795 0.1530 0.1875 0.2297 0.1875 0.1530 0.2795 0.4611 0.4639 0.3165 0.2100 0.1553 0.2118 0.4335 0.4836 0.3529 0.2324 0.1646 0.1714 0.3924 0.4859 0.3925 0.2585 0.1777 0.1568 0.3363 0.4766 0.4337 0.2884 0.1938 0.1528 0.2686 0.4575 0.4686 0.3228 0.2141 0.1567 0.1982 0.4234 0.4860 0.3687 0.2450 0.1722 0.1594 0.3432 0.4757 0.4439 0.3040 0.2073 0.1559 0.1930 0.4104 0.4871 0.3879
0.4859 0.3988 0.1827 0.1578 0.2121 0.3115 0.4513 0.4730 0.3350 0.1585 0.1728 0.2450 0.3669 0.4856 0.4278 0.2062 0.1555 0.2101 0.3154 0.4622 0.4628 0.2856 0.1531 0.1894 0.2804 0.4234 0.4799 0.3520 0.1593 0.1740 0.2515 0.3821 0.4866 0.4045 0.1783 0.1617 0.2264 0.3432 0.4805 0.4417 0.2279 0.1540 0.2049 0.3077 0.4558 0.4665 0.2974 0.1535 0.1871 0.2726 0.3487 0.2726 0.1871 0.1535 0.2974 0.4665 0.4558 0.3077 0.2049 0.1540 0.2279 0.4417 0.4805 0.3432 0.2264 0.1617 0.1783 0.4045 0.4866 0.3821 0.2515 0.1740 0.1593 0.3520 0.4799 0.4234 0.2804 0.1894 0.1531 0.2856 0.4628 0.4622 0.3154 0.2101 0.1555 0.2062 0.4278 0.4856 0.3669 0.2450 0.1728 0.1585 0.3350 0.4730 0.4513 0.3115 0.2121 0.1578 0.1827 0.3988 0.4859
0.3969 0.1749 0.1603 0.2176 0.3200 0.4592 0.4693 0.3228 0.1570 0.1746 0.2473 0.3687 0.4856 0.4293 0.2108 0.1548 0.2071 0.3096 0.4560 0.4670 0.3009 0.1538 0.1855 0.2730 0.4130 0.4826 0.3667 0.1625 0.1706 0.2447 0.3718 0.4865 0.4155 0.1874 0.1591 0.2205 0.3338 0.4761 0.4490 0.2452 0.1532 0.1999 0.2992 0.4467 0.4713 0.3147 0.1546 0.1828 0.2686 0.4071 0.4782 0.4071 0.2686 0.1828 0.1546 0.3147 0.4713 0.4467 0.2992 0.1999 0.1532 0.2452 0.4490 0.4761 0.3338 0.2205 0.1591 0.1874 0.4155 0.4865 0.3718 0.2447 0.1706 0.1625 0.3667 0.4826 0.4130 0.2730 0.1855 0.1538 0.3009 0.4670 0.4560 0.3096 0.2071 0.1548 0.2108 0.4293 0.4856 0.3687 0.2473 0.1746 0.1570 0.3228 0.4693 0.4592 0.3200 0.2176 0.1603 0.1749 0.3969
0.1939 0.1632 0.2232 0.3290 0.4668 0.4645 0.3077 0.1554 0.1772 0.2514 0.3736 0.4860 0.4278 0.2108 0.1546 0.2055 0.3057 0.4511 0.4702 0.3136 0.1547 0.1821 0.2663 0.4031 0.4846 0.3802 0.1666 0.1674 0.2381 0.3617 0.4854 0.4255 0.1990 0.1568 0.2149 0.3246 0.4703 0.4557 0.2632 0.1528 0.1952 0.2909 0.4369 0.4754 0.3313 0.1562 0.1788 0.2608 0.3963 0.4834 0.4438 0.4834 0.3963 0.2608 0.1788 0.1562 0.3313 0.4754 0.4369 0.2909 0.1952 0.1528 0.2632 0.4557 0.4703 0.3246 0.2149 0.1568 0.1990 0.4255 0.4854 0.3617 0.2381 0.1674 0.1666 0.3802 0.4846 0.4031 0.2663 0.1821 0.1547 0.3136 0.4702 0.4511 0.3057 0.2055 0.1546 0.2108 0.4278 0.4860 0.3736 0.2514 0.1772 0.1554 0.3077 0.4645 0.4668 0.3290 0.2232 0.1632 0.1939
0.1872 0.2296 0.3382 0.4732 0.4589 0.2906 0.1541 0.1805 0.2571 0.3808 0.4865 0.4234 0.2062 0.1548 0.2055 0.3044 0.4483 0.4722 0.3229 0.1557 0.1792 0.2605 0.3942 0.4859 0.3922 0.1716 0.1644 0.2320 0.3520 0.4834 0.4344 0.2133 0.1551 0.2095 0.3156 0.4632 0.4617 0.2813 0.1530 0.1907 0.2828 0.4266 0.4789 0.3472 0.1585 0.1751 0.2537 0.3853 0.4863 0.4018 0.2657 0.4018 0.4863 0.3853 0.2537 0.1751 0.1585 0.3472 0.4789 0.4266 0.2828 0.1907 0.1530 0.2813 0.4617 0.4632 0.3156 0.2095 0.1551 0.2133 0.4344 0.4834 0.3520 0.2320 0.1644 0.1716 0.3922 0.4859 0.3942 0.2605 0.1792 0.1557 0.3229 0.4722 0.4483 0.3044 0.2055 0.1548 0.2062 0.4234 0.4865 0.3808 0.2571 0.1805 0.1541 0.2906 0.4589 0.4732 0.3382 0.2296 0.1872
0.2444 0.3486 0.4783 0.4526 0.2727 0.1532 0.1843 0.2637 0.3898 0.4867 0.4164 0.1982 0.1555 0.2071 0.3057 0.4483 0.4728 0.3277 0.1565 0.1772 0.2559 0.3866 0.4865 0.4025 0.1776 0.1618 0.2263 0.3428 0.4802 0.4424 0.2295 0.1539 0.2044 0.3069 0.4549 0.4670 0.2991 0.1536 0.1864 0.2750 0.4161 0.4819 0.3622 0.1614 0.1717 0.2468 0.3749 0.4866 0.4118 0.1864 0.1456 0.1864 0.4118 0.4866 0.3749 0.2468 0.1717 0.1614 0.3622 0.4819 0.4161 0.2750 0.1864 0.1536 0.2991 0.4670 0.4549 0.3069 0.2044 0.1539 0.2295 0.4424 0.4802 0.3428 0.2263 0.1618 0.1776 0.4025 0.4865 0.3866 0.2559 0.1772 0.1565 0.3277 0.4728 0.4483 0.3057 0.2071 0.1555 0.1982 0.4164 0.4867 0.3898 0.2637 0.1843 0.1532 0.2727 0.4526 0.4783 0.3486 0.2444
0.3517 0.4831 0.4456 0.2546 0.1528 0.1884 0.2710 0.3999 0.4862 0.4072 0.1891 0.1567 0.2101 0.3096 0.4511 0.4722 0.3277 0.1568 0.1762 0.2531 0.3811 0.4867 0.4106 0.1842 0.1596 0.2212 0.3343 0.4760 0.4494 0.2466 0.1531 0.1995 0.2984 0.4457 0.4717 0.3164 0.1547 0.1823 0.2674 0.4054 0.4841 0.3764 0.1653 0.1683 0.2401 0.3648 0.4859 0.4225 0.1948 0.1547 0.1787 0.1547 0.1948 0.4225 0.4859 0.3648 0.2401 0.1683 0.1653 0.3764 0.4841 0.4054 0.2674 0.1823 0.1547 0.3164 0.4717 0.4457 0.2984 0.1995 0.1531 0.2466 0.4494 0.4760 0.3343 0.2212 0.1596 0.1842 0.4106 0.4867 0.3811 0.2531 0.1762 0.1568 0.3277 0.4722 0.4511 0.3096 0.2101 0.1567 0.1891 0.4072 0.4862 0.3999 0.2710 0.1884 0.1528 0.2546 0.4456 0.4831 0.3517
0.4801 0.4380 0.2368 0.1529 0.1928 0.2787 0.4105 0.4850 0.3961 0.1805 0.1585 0.2141 0.3154 0.4560 0.4702 0.3229 0.1565 0.1762 0.2521 0.3783 0.4866 0.4161 0.1906 0.1579 0.2168 0.3266 0.4711 0.4554 0.2632 0.1528 0.1949 0.2902 0.4359 0.4758 0.3329 0.1564 0.1785 0.2601 0.3948 0.4857 0.3897 0.1702 0.1652 0.2338 0.3549 0.4841 0.4317 0.2086 0.1557 0.2073 0.2586 0.2073 0.1557 0.2086 0.4317 0.4841 0.3549 0.2338 0.1652 0.1702 0.3897 0.4857 0.3948 0.2601 0.1785 0.1564 0.3329 0.4758 0.4359 0.2902 0.1949 0.1528 0.2632 0.4554 0.4711 0.3266 0.2168 0.1579 0.1906 0.4161 0.4866 0.3783 0.2521 0.1762 0.1565 0.3229 0.4702 0.4560 0.3154 0.2141 0.1585 0.1805 0.3961 0.4850 0.4105 0.2787 0.1928 0.1529 0.2368 0.4380 0.4801
0.4377 0.2200 0.1535 0.1974 0.2867 0.4211 0.4831 0.3834 0.1733 0.1609 0.2190 0.3228 0.4622 0.4670 0.3136 0.1557 0.1772 0.2531 0.3783 0.4866 0.4189 0.1952 0.1568 0.2135 0.3204 0.4660 0.4603 0.2787 0.1529 0.1907 0.2825 0.4259 0.4792 0.3486 0.1587 0.1748 0.2530 0.3843 0.4865 0.4020 0.1767 0.1623 0.2276 0.3453 0.4813 0.4400 0.2243 0.1542 0.2063 0.3075 0.3936 0.3075 0.2063 0.1542 0.2243 0.4400 0.4813 0.3453 0.2276 0.1623 0.1767 0.4020 0.4865 0.3843 0.2530 0.1748 0.1587 0.3486 0.4792 0.4259 0.2825 0.1907 0.1529 0.2787 0.4603 0.4660 0.3204 0.2135 0.1568 0.1952 0.4189 0.4866 0.3783 0.2531 0.1772 0.1557 0.3136 0.4670 0.4622 0.3228 0.2190 0.1609 0.1733 0.3834 0.4831 0.4211 0.2867 0.1974 0.1535 0.2200 0.4377
0.2272 0.1546 0.2022 0.2949 0.4316 0.4805 0.3697 0.1677 0.1637 0.2246 0.3311 0.4686 0.4628 0.3009 0.1547 0.1792 0.2559 0.3811 0.4866 0.4189 0.1969 0.1563 0.2114 0.3159 0.4614 0.4641 0.2922 0.1534 0.1871 0.2756 0.4162 0.4819 0.3631 0.1617 0.1713 0.2461 0.3739 0.4866 0.4133 0.1852 0.1596 0.2217 0.3358 0.4771 0.4476 0.2415 0.1533 0.2010 0.3015 0.4488 0.4819 0.4488 0.3015 0.2010 0.1533 0.2415 0.4476 0.4771 0.3358 0.2217 0.1596 0.1852 0.4133 0.4866 0.3739 0.2461 0.1713 0.1617 0.3631 0.4819 0.4162 0.2756 0.1871 0.1534 0.2922 0.4641 0.4614 0.3159 0.2114 0.1563 0.1969 0.4189 0.4866 0.3811 0.2559 0.1792 0.1547 0.3009 0.4628 0.4686 0.3311 0.2246 0.1637 0.1677 0.3697 0.4805 0.4316 0.2949 0.2022 0.1546 0.2272
0.1802 0.2076 0.3032 0.4417 0.4773 0.3551 0.1633 0.1667 0.2305 0.3403 0.4745 0.4575 0.2856 0.1538 0.1821 0.2605 0.3866 0.4867 0.4161 0.1952 0.1563 0.2107 0.3136 0.4582 0.4667 0.3027 0.1540 0.1840 0.2695 0.4072 0.4839 0.3760 0.1653 0.1682 0.2396 0.3639 0.4857 0.4234 0.1963 0.1573 0.2161 0.3265 0.4716 0.4543 0.2594 0.1529 0.1962 0.2927 0.4394 0.4722 0.4092 0.4722 0.4394 0.2927 0.1962 0.1529 0.2594 0.4543 0.4716 0.3265 0.2161 0.1573 0.1963 0.4234 0.4857 0.3639 0.2396 0.1682 0.1653 0.3760 0.4839 0.4072 0.2695 0.1840 0.1540 0.3027 0.4667 0.4582 0.3136 0.2107 0.1563 0.1952 0.4161 0.4867 0.3866 0.2605 0.1821 0.1538 0.2856 0.4575 0.4745 0.3403 0.2305 0.1667 0.1633 0.3551 0.4773 0.4417 0.3032 0.2076 0.1802
0.2249 0.3126 0.4511 0.4735 0.3397 0.1599 0.1699 0.2368 0.3499 0.4793 0.4512 0.2686 0.1531 0.1855 0.2663 0.3942 0.4865 0.4106 0.1906 0.1568 0.2114 0.3136 0.4571 0.4680 0.3091 0.1546 0.1817 0.2646 0.3993 0.4853 0.3873 0.1696 0.1654 0.2337 0.3544 0.4839 0.4325 0.2101 0.1554 0.2106 0.3175 0.4648 0.4605 0.2775 0.1529 0.1916 0.2845 0.4288 0.4779 0.3484 0.1957 0.3484 0.4779 0.4288 0.2845 0.1916 0.1529 0.2775 0.4605 0.4648 0.3175 0.2106 0.1554 0.2101 0.4325 0.4839 0.3544 0.2337 0.1654 0.1696 0.3873 0.4853 0.3993 0.2646 0.1817 0.1546 0.3091 0.4680 0.4571 0.3136 0.2114 0.1568 0.1906 0.4106 0.4865 0.3942 0.2663 0.1855 0.1531 0.2686 0.4512 0.4793 0.3499 0.2368 0.1699 0.1599 0.3397 0.4735 0.4511 0.3126 0.2249
0.3190 0.4609 0.4691 0.3235 0.1573 0.1733 0.2433 0.3596 0.4828 0.4440 0.2508 0.1528 0.1894 0.2730 0.4031 0.4859 0.4025 0.1842 0.1579 0.2135 0.3159 0.4582 0.4680 0.3113 0.1549 0.1803 0.2611 0.3933 0.4861 0.3965 0.1745 0.1629 0.2283 0.3457 0.4812 0.4404 0.2256 0.1541 0.2054 0.3087 0.4568 0.4659 0.2954 0.1534 0.1873 0.2766 0.4183 0.4813 0.3587 0.1601 0.1497 0.1601 0.3587 0.4813 0.4183 0.2766 0.1873 0.1534 0.2954 0.4659 0.4568 0.3087 0.2054 0.1541 0.2256 0.4404 0.4812 0.3457 0.2283 0.1629 0.1745 0.3965 0.4861 0.3933 0.2611 0.1803 0.1549 0.3113 0.4680 0.4582 0.3159 0.2135 0.1579 0.1842 0.4025 0.4859 0.4031 0.2730 0.1894 0.1528 0.2508 0.4440 0.4828 0.3596 0.2433 0.1733 0.1573 0.3235 0.4691 0.4609 0.3190
0.4570 0.4643 0.3065 0.1554 0.1769 0.2500 0.3696 0.4851 0.4362 0.2331 0.1530 0.1938 0.2804 0.4130 0.4846 0.3922 0.1776 0.1596 0.2168 0.3204 0.4614 0.4667 0.3091 0.1549 0.1798 0.2593 0.3895 0.4865 0.4033 0.1793 0.1609 0.2237 0.3378 0.4777 0.4472 0.2416 0.1533 0.2006 0.3002 0.4478 0.4708 0.3128 0.1544 0.1832 0.2690 0.4077 0.4837 0.3734 0.1643 0.1658 0.1969 0.1658 0.1643 0.3734 0.4837 0.4077 0.2690 0.1832 0.1544 0.3128 0.4708 0.4478 0.3002 0.2006 0.1533 0.2416 0.4472 0.4777 0.3378 0.2237 0.1609 0.1793 0.4033 0.4865 0.3895 0.2593 0.1798 0.1549 0.3091 0.4667 0.4614 0.3204 0.2168 0.1596 0.1776 0.3922 0.4846 0.4130 0.2804 0.1938 0.1530 0.2331 0.4362 0.4851 0.3696 0.2500 0.1769 0.1554 0.3065 0.4643 0.4570
0.4645 0.2889 0.1540 0.1807 0.2570 0.3799 0.4863 0.4274 0.2166 0.1537 0.1984 0.2884 0.4234 0.4826 0.3802 0.1716 0.1618 0.2212 0.3266 0.4660 0.4641 0.3027 0.1546 0.1803 0.2593 0.3882 0.4866 0.4074 0.1833 0.1594 0.2200 0.3312 0.4737 0.4529 0.2570 0.1529 0.1962 0.2923 0.4383 0.4749 0.3294 0.1560 0.1793 0.2616 0.3970 0.4854 0.3869 0.1691 0.1661 0.2313 0.2926 0.2313 0.1661 0.1691 0.3869 0.4854 0.3970 0.2616 0.1793 0.1560 0.3294 0.4749 0.4383 0.2923 0.1962 0.1529 0.2570 0.4529 0.4737 0.3312 0.2200 0.1594 0.1833 0.4074 0.4866 0.3882 0.2593 0.1803 0.1546 0.3027 0.4641 0.4660 0.3266 0.2212 0.1618 0.1716 0.3802 0.4826 0.4234 0.2884 0.1984 0.1537 0.2166 0.4274 0.4863 0.3799 0.2570 0.1807 0.1540 0.2889 0.4645
0.2884 0.1533 0.1846 0.2643 0.3903 0.4867 0.4177 0.2018 0.1548 0.2033 0.2966 0.4337 0.4799 0.3667 0.1666 0.1644 0.2263 0.3343 0.4711 0.4603 0.2922 0.1540 0.1817 0.2611 0.3895 0.4866 0.4088 0.1855 0.1585 0.2174 0.3262 0.4698 0.4574 0.2708 0.1528 0.1923 0.2851 0.4289 0.4784 0.3448 0.1581 0.1756 0.2544 0.3865 0.4864 0.3995 0.1752 0.1630 0.2293 0.3467 0.4384 0.3467 0.2293 0.1630 0.1752 0.3995 0.4864 0.3865 0.2544 0.1756 0.1581 0.3448 0.4784 0.4289 0.2851 0.1923 0.1528 0.2708 0.4574 0.4698 0.3262 0.2174 0.1585 0.1855 0.4088 0.4866 0.3895 0.2611 0.1817 0.1540 0.2922 0.4603 0.4711 0.3343 0.2263 0.1644 0.1666 0.3667 0.4799 0.4337 0.2966 0.2033 0.1548 0.2018 0.4177 0.4867 0.3903 0.2643 0.1846 0.1533 0.2884
0.1785 0.1891 0.2717 0.4009 0.4861 0.4069 0.1896 0.1564 0.2084 0.3051 0.4437 0.4766 0.3520 0.1625 0.1674 0.2320 0.3428 0.4760 0.4554 0.2787 0.1534 0.1840 0.2646 0.3933 0.4865 0.4074 0.1855 0.1583 0.2162 0.3231 0.4668 0.4605 0.2820 0.1531 0.1890 0.2786 0.4200 0.4811 0.3587 0.1608 0.1722 0.2477 0.3762 0.4866 0.4110 0.1832 0.1601 0.2230 0.3383 0.4770 0.4731 0.4770 0.3383 0.2230 0.1601 0.1832 0.4110 0.4866 0.3762 0.2477 0.1722 0.1608 0.3587 0.4811 0.4200 0.2786 0.1890 0.1531 0.2820 0.4605 0.4668 0.3231 0.2162 0.1583 0.1855 0.4074 0.4865 0.3933 0.2646 0.1840 0.1534 0.2787 0.4554 0.4760 0.3428 0.2320 0.1674 0.1625 0.3520 0.4766 0.4437 0.3051 0.2084 0.1564 0.1896 0.4069 0.4861 0.4009 0.2717 0.1891 0.1785
0.2087 0.2800 0.4115 0.4849 0.3950 0.1800 0.1586 0.2137 0.3138 0.4531 0.4726 0.3363 0.1593 0.1706 0.2381 0.3520 0.4802 0.4494 0.2632 0.1529 0.1871 0.2695 0.3993 0.4861 0.4033 0.1833 0.1585 0.2162 0.3221 0.4652 0.4624 0.2897 0.1534 0.1864 0.2733 0.4119 0.4831 0.3710 0.1640 0.1692 0.2415 0.3664 0.4860 0.4213 0.1938 0.1577 0.2172 0.3285 0.4731 0.4510 0.3596 0.4510 0.4731 0.3285 0.2172 0.1577 0.1938 0.4213 0.4860 0.3664 0.2415 0.1692 0.1640 0.3710 0.4831 0.4119 0.2733 0.1864 0.1534 0.2897 0.4624 0.4652 0.3221 0.2162 0.1585 0.1833 0.4033 0.4861 0.3993 0.2695 0.1871 0.1529 0.2632 0.4494 0.4802 0.3520 0.2381 0.1706 0.1593 0.3363 0.4726 0.4531 0.3138 0.2137 0.1586 0.1800 0.3950 0.4849 0.4115 0.2800 0.2087
0.2896 0.4232 0.4829 0.3821 0.1727 0.1611 0.2193 0.3227 0.4615 0.4680 0.3199 0.1568 0.1740 0.2447 0.3617 0.4834 0.4424 0.2466 0.1528 0.1907 0.2756 0.4072 0.4853 0.3965 0.1793 0.1594 0.2174 0.3231 0.4652 0.4631 0.2936 0.1537 0.1846 0.2694 0.4054 0.4845 0.3814 0.1676 0.1665 0.2358 0.3575 0.4846 0.4303 0.2067 0.1558 0.2118 0.3194 0.4664 0.4588 0.2794 0.1581 0.2794 0.4588 0.4664 0.3194 0.2118 0.1558 0.2067 0.4303 0.4846 0.3575 0.2358 0.1665 0.1676 0.3814 0.4845 0.4054 0.2694 0.1846 0.1537 0.2936 0.4631 0.4652 0.3231 0.2174 0.1594 0.1793 0.3965 0.4853 0.4072 0.2756 0.1907 0.1528 0.2466 0.4424 0.4834 0.3617 0.2447 0.1740 0.1568 0.3199 0.4680 0.4615 0.3227 0.2193 0.1611 0.1727 0.3821 0.4829 0.4232 0.2896
0.4207 0.4808 0.3684 0.1672 0.1640 0.2251 0.3319 0.4689 0.4628 0.3028 0.1550 0.1777 0.2515 0.3718 0.4854 0.4344 0.2295 0.1531 0.1949 0.2825 0.4162 0.4839 0.3873 0.1745 0.1609 0.2200 0.3262 0.4668 0.4624 0.2936 0.1537 0.1837 0.2669 0.4009 0.4853 0.3893 0.1713 0.1642 0.2308 0.3492 0.4823 0.4380 0.2210 0.1544 0.2066 0.3106 0.4586 0.4648 0.2911 0.1516 0.1592 0.1516 0.2911 0.4648 0.4586 0.3106 0.2066 0.1544 0.2210 0.4380 0.4823 0.3492 0.2308 0.1642 0.1713 0.3893 0.4853 0.4009 0.2669 0.1837 0.1537 0.2936 0.4624 0.4668 0.3262 0.2200 0.1609 0.1745 0.3873 0.4839 0.4162 0.2825 0.1949 0.1531 0.2295 0.4344 0.4854 0.3718 0.2515 0.1777 0.1550 0.3028 0.4628 0.4689 0.3319 0.2251 0.1640 0.1672 0.3684 0.4808 0.4207
0.4806 0.3537 0.1629 0.1670 0.2311 0.3412 0.4750 0.4570 0.2851 0.1538 0.1815 0.2585 0.3821 0.4865 0.4255 0.2133 0.1539 0.1995 0.2902 0.4259 0.4819 0.3760 0.1696 0.1629 0.2237 0.3312 0.4698 0.4605 0.2897 0.1537 0.1837 0.2662 0.3986 0.4857 0.3946 0.1745 0.1625 0.2267 0.3421 0.4795 0.4445 0.2357 0.1535 0.2019 0.3024 0.4499 0.4698 0.3091 0.1543 0.1805 0.2193 0.1805 0.1543 0.3091 0.4698 0.4499 0.3024 0.2019 0.1535 0.2357 0.4445 0.4795 0.3421 0.2267 0.1625 0.1745 0.3946 0.4857 0.3986 0.2662 0.1837 0.1537 0.2897 0.4605 0.4698 0.3312 0.2237 0.1629 0.1696 0.3760 0.4819 0.4259 0.2902 0.1995 0.1539 0.2133 0.4255 0.4865 0.3821 0.2585 0.1815 0.1538 0.2851 0.4570 0.4750 0.3412 0.2311 0.1670 0.1629 0.3537 0.4806
0.3516 0.1597 0.1702 0.2374 0.3508 0.4797 0.4505 0.2670 0.1531 0.1855 0.2658 0.3925 0.4866 0.4155 0.1990 0.1551 0.2044 0.2984 0.4359 0.4792 0.3631 0.1653 0.1654 0.2283 0.3378 0.4737 0.4574 0.2820 0.1534 0.1846 0.2669 0.3986 0.4859 0.3972 0.1767 0.1613 0.2237 0.3366 0.4764 0.4498 0.2497 0.1530 0.1978 0.2948 0.4410 0.4739 0.3257 0.1556 0.1803 0.2597 0.3315 0.2597 0.1803 0.1556 0.3257 0.4739 0.4410 0.2948 0.1978 0.1530 0.2497 0.4498 0.4764 0.3366 0.2237 0.1613 0.1767 0.3972 0.4859 0.3986 0.2669 0.1846 0.1534 0.2820 0.4574 0.4737 0.3378 0.2283 0.1654 0.1653 0.3631 0.4792 0.4359 0.2984 0.2044 0.1551 0.1990 0.4155 0.4866 0.3925 0.2658 0.1855 0.1531 0.2670 0.4505 0.4797 0.3508 0.2374 0.1702 0.1597 0.3516
0.1829 0.1738 0.2439 0.3606 0.4831 0.4433 0.2490 0.1528 0.1898 0.2734 0.4032 0.4859 0.4045 0.1874 0.1568 0.2095 0.3069 0.4457 0.4758 0.3486 0.1617 0.1682 0.2337 0.3457 0.4777 0.4529 0.2708 0.1531 0.1864 0.2694 0.4009 0.4857 0.3972 0.1775 0.1607 0.2219 0.3327 0.4738 0.4537 0.2615 0.1528 0.1941 0.2880 0.4322 0.4774 0.3407 0.1576 0.1764 0.2564 0.3893 0.4713 0.3893 0.2564 0.1764 0.1576 0.3407 0.4774 0.4322 0.2880 0.1941 0.1528 0.2615 0.4537 0.4738 0.3327 0.2219 0.1607 0.1775 0.3972 0.4857 0.4009 0.2694 0.1864 0.1531 0.2708 0.4529 0.4777 0.3457 0.2337 0.1682 0.1617 0.3486 0.4758 0.4457 0.3069 0.2095 0.1568 0.1874 0.4045 0.4859 0.4032 0.2734 0.1898 0.1528 0.2490 0.4433 0.4831 0.3606 0.2439 0.1738 0.1829
0.1958 0.2511 0.3706 0.4853 0.4353 0.2315 0.1531 0.1942 0.2811 0.4138 0.4845 0.3924 0.1783 0.1591 0.2149 0.3156 0.4549 0.4717 0.3329 0.1587 0.1713 0.2396 0.3544 0.4812 0.4472 0.2570 0.1528 0.1890 0.2733 0.4054 0.4853 0.3946 0.1767 0.1607 0.2213 0.3307 0.4719 0.4563 0.2705 0.1529 0.1912 0.2822 0.4242 0.4801 0.3540 0.1599 0.1731 0.2494 0.3792 0.4847 0.4543 0.4847 0.3792 0.2494 0.1731 0.1599 0.3540 0.4801 0.4242 0.2822 0.1912 0.1529 0.2705 0.4563 0.4719 0.3307 0.2213 0.1607 0.1767 0.3946 0.4853 0.4054 0.2733 0.1890 0.1528 0.2570 0.4472 0.4812 0.3544 0.2396 0.1713 0.1587 0.3329 0.4717 0.4549 0.3156 0.2149 0.1591 0.1783 0.3924 0.4845 0.4138 0.2811 0.1942 0.1531 0.2315 0.4353 0.4853 0.3706 0.2511 0.1958
0.2636 0.3818 0.4864 0.4265 0.2150 0.1538 0.1989 0.2892 0.4244 0.4824 0.3793 0.1714 0.1617 0.2205 0.3246 0.4632 0.4670 0.3164 0.1564 0.1748 0.2461 0.3639 0.4839 0.4404 0.2416 0.1529 0.1923 0.2786 0.4119 0.4845 0.3893 0.1745 0.1613 0.2219 0.3307 0.4712 0.4577 0.2761 0.1530 0.1891 0.2777 0.4174 0.4820 0.3654 0.1626 0.1702 0.2434 0.3692 0.4862 0.4184 0.2944 0.4184 0.4862 0.3692 0.2434 0.1702 0.1626 0.3654 0.4820 0.4174 0.2777 0.1891 0.1530 0.2761 0.4577 0.4712 0.3307 0.2219 0.1613 0.1745 0.3893 0.4845 0.4119 0.2786 0.1923 0.1529 0.2416 0.4404 0.4839 0.3639 0.2461 0.1748 0.1564 0.3164 0.4670 0.4632 0.3246 0.2205 0.1617 0.1714 0.3793 0.4824 0.4244 0.2892 0.1989 0.1538 0.2150 0.4265 0.4864 0.3818 0.2636
0.3821 0.4874 0.4167 0.2005 0.1549 0.2038 0.2974 0.4347 0.4796 0.3653 0.1662 0.1646 0.2264 0.3338 0.4703 0.4617 0.2991 0.1547 0.1785 0.2530 0.3739 0.4857 0.4325 0.2256 0.1533 0.1962 0.2851 0.4200 0.4831 0.3814 0.1713 0.1625 0.2237 0.3327 0.4719 0.4577 0.2780 0.1531 0.1878 0.2747 0.4123 0.4833 0.3743 0.1654 0.1677 0.2380 0.3606 0.4852 0.4273 0.2065 0.1464 0.2065 0.4273 0.4852 0.3606 0.2380 0.1677 0.1654 0.3743 0.4833 0.4123 0.2747 0.1878 0.1531 0.2780 0.4577 0.4719 0.3327 0.2237 0.1625 0.1713 0.3814 0.4831 0.4200 0.2851 0.1962 0.1533 0.2256 0.4325 0.4857 0.3739 0.2530 0.1785 0.1547 0.2991 0.4617 0.4703 0.3338 0.2264 0.1646 0.1662 0.3653 0.4796 0.4347 0.2974 0.2038 0.1549 0.2005 0.4167 0.4874 0.3821
0.4859 0.4058 0.1886 0.1566 0.2089 0.3059 0.4447 0.4762 0.3505 0.1622 0.1677 0.2324 0.3432 0.4761 0.4557 0.2813 0.1536 0.1823 0.2601 0.3843 0.4866 0.4234 0.2101 0.1541 0.2006 0.2923 0.4289 0.4811 0.3710 0.1676 0.1642 0.2267 0.3366 0.4738 0.4563 0.2761 0.1531 0.1873 0.2731 0.4090 0.4841 0.3808 0.1680 0.1657 0.2336 0.3531 0.4834 0.4352 0.2155 0.1523 0.1728 0.1523 0.2155 0.4352 0.4834 0.3531 0.2336 0.1657 0.1680 0.3808 0.4841 0.4090 0.2731 0.1873 0.1531 0.2761 0.4563 0.4738 0.3366 0.2267 0.1642 0.1676 0.3710 0.4811 0.4289 0.2923 0.2006 0.1541 0.2101 0.4234 0.4866 0.3843 0.2601 0.1823 0.1536 0.2813 0.4557 0.4761 0.3432 0.2324 0.1677 0.1622 0.3505 0.4762 0.4447 0.3059 0.2089 0.1566 0.1886 0.4058 0.4859
0.4041 0.1793 0.1588 0.2143 0.3146 0.4539 0.4722 0.3348 0.1590 0.1709 0.2388 0.3529 0.4805 0.4490 0.2632 0.1530 0.1864 0.2674 0.3948 0.4865 0.4133 0.1963 0.1554 0.2054 0.3002 0.4383 0.4784 0.3587 0.1640 0.1665 0.2308 0.3421 0.4764 0.4537 0.2705 0.1530 0.1878 0.2731 0.4079 0.4845 0.3848 0.1701 0.1643 0.2302 0.3469 0.4812 0.4414 0.2293 0.1539 0.1998 0.2477 0.1998 0.1539 0.2293 0.4414 0.4812 0.3469 0.2302 0.1643 0.1701 0.3848 0.4845 0.4079 0.2731 0.1878 0.1530 0.2705 0.4537 0.4764 0.3421 0.2308 0.1665 0.1640 0.3587 0.4784 0.4383 0.3002 0.2054 0.1554 0.1963 0.4133 0.4865 0.3948 0.2674 0.1864 0.1530 0.2632 0.4490 0.4805 0.3529 0.2388 0.1709 0.1590 0.3348 0.4722 0.4539 0.3146 0.2143 0.1588 0.1793 0.4041
0.1971 0.1615 0.2198 0.3236 0.4623 0.4676 0.3183 0.1566 0.1744 0.2454 0.3627 0.4836 0.4417 0.2452 0.1528 0.1907 0.2750 0.4054 0.4857 0.4020 0.1852 0.1573 0.2106 0.3087 0.4478 0.4749 0.3448 0.1608 0.1692 0.2358 0.3492 0.4795 0.4498 0.2615 0.1529 0.1891 0.2747 0.4090 0.4845 0.3862 0.1713 0.1635 0.2278 0.3425 0.4790 0.4462 0.2416 0.1532 0.1999 0.2955 0.3782 0.2955 0.1999 0.1532 0.2416 0.4462 0.4790 0.3425 0.2278 0.1635 0.1713 0.3862 0.4845 0.4090 0.2747 0.1891 0.1529 0.2615 0.4498 0.4795 0.3492 0.2358 0.1692 0.1608 0.3448 0.4749 0.4478 0.3087 0.2106 0.1573 0.1852 0.4020 0.4857 0.4054 0.2750 0.1907 0.1528 0.2452 0.4417 0.4836 0.3627 0.2454 0.1744 0.1566 0.3183 0.4676 0.4623 0.3236 0.2198 0.1615 0.1971
0.1859 0.2260 0.3327 0.4696 0.4623 0.3011 0.1549 0.1780 0.2522 0.3728 0.4856 0.4335 0.2279 0.1532 0.1952 0.2828 0.4161 0.4841 0.3897 0.1767 0.1596 0.2161 0.3175 0.4568 0.4708 0.3294 0.1581 0.1722 0.2415 0.3575 0.4823 0.4445 0.2497 0.1528 0.1912 0.2777 0.4123 0.4841 0.3848 0.1713 0.1632 0.2266 0.3397 0.4774 0.4495 0.2513 0.1529 0.1964 0.2920 0.4370 0.4824 0.4370 0.2920 0.1964 0.1529 0.2513 0.4495 0.4774 0.3397 0.2266 0.1632 0.1713 0.3848 0.4841 0.4123 0.2777 0.1912 0.1528 0.2497 0.4445 0.4823 0.3575 0.2415 0.1722 0.1581 0.3294 0.4708 0.4568 0.3175 0.2161 0.1596 0.1767 0.3897 0.4841 0.4161 0.2828 0.1952 0.1532 0.2279 0.4335 0.4856 0.3728 0.2522 0.1780 0.1549 0.3011 0.4623 0.4696 0.3327 0.2260 0.1859
0.2412 0.3429 0.4754 0.4564 0.2833 0.1537 0.1819 0.2592 0.3831 0.4865 0.4245 0.2118 0.1540 0.1999 0.2909 0.4266 0.4819 0.3764 0.1702 0.1623 0.2217 0.3265 0.4648 0.4659 0.3128 0.1560 0.1756 0.2477 0.3664 0.4846 0.4380 0.2357 0.1530 0.1941 0.2822 0.4174 0.4833 0.3808 0.1701 0.1635 0.2266 0.3388 0.4764 0.4514 0.2579 0.1528 0.1938 0.2866 0.4299 0.4763 0.4201 0.4763 0.4299 0.2866 0.1938 0.1528 0.2579 0.4514 0.4764 0.3388 0.2266 0.1635 0.1701 0.3808 0.4833 0.4174 0.2822 0.1941 0.1530 0.2357 0.4380 0.4846 0.3664 0.2477 0.1756 0.1560 0.3128 0.4659 0.4648 0.3265 0.2217 0.1623 0.1702 0.3764 0.4819 0.4266 0.2909 0.1999 0.1540 0.2118 0.4245 0.4865 0.3831 0.2592 0.1819 0.1537 0.2833 0.4564 0.4754 0.3429 0.2412
0.3465 0.4810 0.4498 0.2653 0.1530 0.1859 0.2666 0.3936 0.4866 0.4145 0.1978 0.1553 0.2049 0.2992 0.4369 0.4789 0.3622 0.1653 0.1652 0.2276 0.3358 0.4716 0.4605 0.2954 0.1544 0.1793 0.2544 0.3762 0.4860 0.4303 0.2210 0.1535 0.1978 0.2880 0.4242 0.4820 0.3743 0.1680 0.1643 0.2278 0.3397 0.4764 0.4521 0.2613 0.1528 0.1922 0.2828 0.4237 0.4802 0.3613 0.2103 0.3613 0.4802 0.4237 0.2828 0.1922 0.1528 0.2613 0.4521 0.4764 0.3397 0.2278 0.1643 0.1680 0.3743 0.4820 0.4242 0.2880 0.1978 0.1535 0.2210 0.4303 0.4860 0.3762 0.2544 0.1793 0.1544 0.2954 0.4605 0.4716 0.3358 0.2276 0.1652 0.1653 0.3622 0.4789 0.4369 0.2992 0.2049 0.1553 0.1978 0.4145 0.4866 0.3936 0.2666 0.1859 0.1530 0.2653 0.4498 0.4810 0.3465
0.4778 0.4426 0.2473 0.1528 0.1902 0.2741 0.4042 0.4858 0.4034 0.1863 0.1570 0.2100 0.3077 0.4467 0.4754 0.3472 0.1614 0.1683 0.2338 0.3453 0.4771 0.4543 0.2775 0.1534 0.1832 0.2616 0.3865 0.4866 0.4213 0.2067 0.1544 0.2019 0.2948 0.4322 0.4801 0.3654 0.1654 0.1657 0.2302 0.3425 0.4774 0.4514 0.2613 0.1528 0.1913 0.2806 0.4197 0.4818 0.3653 0.1627 0.1487 0.1627 0.3653 0.4818 0.4197 0.2806 0.1913 0.1528 0.2613 0.4514 0.4774 0.3425 0.2302 0.1657 0.1654 0.3654 0.4801 0.4322 0.2948 0.2019 0.1544 0.2067 0.4213 0.4866 0.3865 0.2616 0.1832 0.1534 0.2775 0.4543 0.4771 0.3453 0.2338 0.1683 0.1614 0.3472 0.4754 0.4467 0.3077 0.2100 0.1570 0.1863 0.4034 0.4858 0.4042 0.2741 0.1902 0.1528 0.2473 0.4426 0.4778
0.4425 0.2298 0.1531 0.1947 0.2819 0.4149 0.4843 0.3911 0.1775 0.1593 0.2154 0.3165 0.4558 0.4713 0.3313 0.1585 0.1717 0.2401 0.3549 0.4813 0.4476 0.2594 0.1529 0.1873 0.2690 0.3970 0.4864 0.4110 0.1938 0.1558 0.2066 0.3024 0.4410 0.4774 0.3540 0.1626 0.1677 0.2336 0.3469 0.4790 0.4495 0.2579 0.1528 0.1913 0.2798 0.4177 0.4825 0.3711 0.1649 0.1647 0.1947 0.1647 0.1649 0.3711 0.4825 0.4177 0.2798 0.1913 0.1528 0.2579 0.4495 0.4790 0.3469 0.2336 0.1677 0.1626 0.3540 0.4774 0.4410 0.3024 0.2066 0.1558 0.1938 0.4110 0.4864 0.3970 0.2690 0.1873 0.1529 0.2594 0.4476 0.4813 0.3549 0.2401 0.1717 0.1585 0.3313 0.4713 0.4558 0.3165 0.2154 0.1593 0.1775 0.3911 0.4843 0.4149 0.2819 0.1947 0.1531 0.2298 0.4425
0.2352 0.1540 0.1993 0.2900 0.4254 0.4821 0.3779 0.1709 0.1620 0.2211 0.3255 0.4639 0.4665 0.3147 0.1562 0.1751 0.2468 0.3648 0.4841 0.4400 0.2415 0.1529 0.1916 0.2766 0.4077 0.4854 0.3995 0.1832 0.1577 0.2118 0.3106 0.4499 0.4739 0.3407 0.1599 0.1702 0.2380 0.3531 0.4812 0.4462 0.2513 0.1528 0.1922 0.2806 0.4177 0.4827 0.3738 0.1663 0.1668 0.2309 0.2910 0.2309 0.1668 0.1663 0.3738 0.4827 0.4177 0.2806 0.1922 0.1528 0.2513 0.4462 0.4812 0.3531 0.2380 0.1702 0.1599 0.3407 0.4739 0.4499 0.3106 0.2118 0.1577 0.1832 0.3995 0.4854 0.4077 0.2766 0.1916 0.1529 0.2415 0.4400 0.4841 0.3648 0.2468 0.1751 0.1562 0.3147 0.4665 0.4639 0.3255 0.2211 0.1620 0.1709 0.3779 0.4821 0.4254 0.2900 0.1993 0.1540 0.2352
0.1796 0.2046 0.2982 0.4358 0.4793 0.3639 0.1658 0.1649 0.2269 0.3347 0.4709 0.4611 0.2974 0.1546 0.1788 0.2537 0.3749 0.4859 0.4317 0.2243 0.1533 0.1962 0.2845 0.4183 0.4837 0.3869 0.1752 0.1601 0.2172 0.3194 0.4586 0.4698 0.3257 0.1576 0.1731 0.2434 0.3606 0.4834 0.4414 0.2416 0.1529 0.1938 0.2828 0.4197 0.4825 0.3738 0.1667 0.1660 0.2330 0.3493 0.4399 0.3493 0.2330 0.1660 0.1667 0.3738 0.4825 0.4197 0.2828 0.1938 0.1529 0.2416 0.4414 0.4834 0.3606 0.2434 0.1731 0.1576 0.3257 0.4698 0.4586 0.3194 0.2172 0.1601 0.1752 0.3869 0.4837 0.4183 0.2845 0.1962 0.1533 0.2243 0.4317 0.4859 0.3749 0.2537 0.1788 0.1546 0.2974 0.4611 0.4709 0.3347 0.2269 0.1649 0.1658 0.3639 0.4793 0.4358 0.2982 0.2046 0.1796
0.2223 0.3075 0.4456 0.4758 0.3489 0.1618 0.1680 0.2331 0.3442 0.4766 0.4551 0.2795 0.1535 0.1828 0.2608 0.3853 0.4866 0.4225 0.2086 0.1542 0.2010 0.2927 0.4288 0.4813 0.3734 0.1691 0.1630 0.2230 0.3285 0.4664 0.4648 0.3091 0.1556 0.1764 0.2494 0.3692 0.4852 0.4352 0.2293 0.1532 0.1964 0.2866 0.4237 0.4818 0.3711 0.1663 0.1660 0.2320 0.3482 0.4797 0.4715 0.4797 0.3482 0.2320 0.1660 0.1663 0.3711 0.4818 0.4237 0.2866 0.1964 0.1532 0.2293 0.4352 0.4852 0.3692 0.2494 0.1764 0.1556 0.3091 0.4648 0.4664 0.3285 0.2230 0.1630 0.1691 0.3734 0.4813 0.4288 0.2927 0.2010 0.1542 0.2086 0.4225 0.4866 0.3853 0.2608 0.1828 0.1535 0.2795 0.4551 0.4766 0.3442 0.2331 0.1680 0.1618 0.3489 0.4758 0.4456 0.3075 0.2223
0.3146 0.4564 0.4713 0.3327 0.1588 0.1715 0.2398 0.3543 0.4809 0.4479 0.2609 0.1530 0.1871 0.2686 0.3963 0.4863 0.4118 0.1948 0.1557 0.2063 0.3015 0.4394 0.4779 0.3587 0.1643 0.1661 0.2293 0.3383 0.4731 0.4588 0.2911 0.1543 0.1803 0.2564 0.3792 0.4862 0.4273 0.2155 0.1539 0.1999 0.2920 0.4299 0.4802 0.3653 0.1649 0.1668 0.2330 0.3482 0.4805 0.4431 0.3449 0.4431 0.4805 0.3482 0.2330 0.1668 0.1649 0.3653 0.4802 0.4299 0.2920 0.1999 0.1539 0.2155 0.4273 0.4862 0.3792 0.2564 0.1803 0.1543 0.2911 0.4588 0.4731 0.3383 0.2293 0.1661 0.1643 0.3587 0.4779 0.4394 0.3015 0.2063 0.1557 0.1948 0.4118 0.4863 0.3963 0.2686 0.1871 0.1530 0.2609 0.4479 0.4809 0.3543 0.2398 0.1715 0.1588 0.3327 0.4713 0.4564 0.3146
0.4508 0.4652 0.3221 0.1553 0.1714 0.2423 0.3637 0.4823 0.4393 0.2490 0.1508 0.1875 0.2726 0.4071 0.4834 0.4018 0.1864 0.1547 0.2073 0.3075 0.4488 0.4722 0.3484 0.1601 0.1658 0.2313 0.3467 0.4770 0.4510 0.2794 0.1516 0.1805 0.2597 0.3893 0.4847 0.4184 0.2065 0.1523 0.1998 0.2955 0.4370 0.4763 0.3613 0.1627 0.1647 0.2309 0.3493 0.4797 0.4431 0.2543 0.1516 0.2543 0.4431 0.4797 0.3493 0.2309 0.1647 0.1627 0.3613 0.4763 0.4370 0.2955 0.1998 0.1523 0.2065 0.4184 0.4847 0.3893 0.2597 0.1805 0.1516 0.2794 0.4510 0.4770 0.3467 0.2313 0.1658 0.1601 0.3484 0.4722 0.4488 0.3075 0.2073 0.1547 0.1864 0.4018 0.4834 0.4071 0.2726 0.1875 0.1508 0.2490 0.4393 0.4823 0.3637 0.2423 0.1714 0.1553 0.3221 0.4652 0.4508
0.4803 0.3898 0.1752 0.1529 0.2055 0.3079 0.4541 0.4666 0.3350 0.1515 0.1641 0.2297 0.3487 0.4782 0.4438 0.2657 0.1456 0.1787 0.2586 0.3936 0.4819 0.4092 0.1957 0.1497 0.1969 0.2926 0.4384 0.4731 0.3596 0.1581 0.1592 0.2193 0.3315 0.4713 0.4543 0.2944 0.1464 0.1728 0.2477 0.3782 0.4824 0.4201 0.2103 0.1487 0.1947 0.2910 0.4399 0.4715 0.3449 0.1516 0.1432 0.1516 0.3449 0.4715 0.4399 0.2910 0.1947 0.1487 0.2103 0.4201 0.4824 0.3782 0.2477 0.1728 0.1464 0.2944 0.4543 0.4713 0.3315 0.2193 0.1592 0.1581 0.3596 0.4731 0.4384 0.2926 0.1969 0.1497 0.1957 0.4092 0.4819 0.3936 0.2586 0.1787 0.1456 0.2657 0.4438 0.4782 0.3487 0.2297 0.1641 0.1515 0.3350 0.4666 0.4541 0.3079 0.2055 0.1529 0.1752 0.3898 0.4803
0.4508 0.4652 0.3221 0.1553 0.1714 0.2423 0.3637 0.4823 0.4393 0.2490 0.1508 0.1875 0.2726 0.4071 0.4834 0.4018 0.1864 0.1547 0.2073 0.3075 0.4488 0.4722 0.3484 0.1601 0.1658 0.2313 0.3467 0.4770 0.4510 0.2794 0.1516 0.1805 0.2597 0.3893 0.4847 0.4184 0.2065 0.1523 0.1998 0.2955 0.4370 0.4763 0.3613 0.1627 0.1647 0.2309 0.3493 0.4797 0.4431 0.2543 0.1516 0.2543 0.4431 0.4797 0.3493 0.2309 0.1647 0.1627 0.3613 0.4763 0.4370 0.2955 0.1998 0.1523 0.2065 0.4184 0.4847 0.3893 0.2597 0.1805 0.1516 0.2794 0.4510 0.4770 0.3467 0.2313 0.1658 0.1601 0.3484 0.4722 0.4488 0.3075 0.2073 0.1547 0.1864 0.4018 0.4834 0.4071 0.2726 0.1875 0.1508 0.2490 0.4393 0.4823 0.3637 0.2423 0.1714 0.1553 0.3221 0.4652 0.4508
0.3146 0.4564 0.4713 0.3327 0.1588 0.1715 0.2398 0.3543 0.4809 0.4479 0.2609 0.1530 0.1871 0.2686 0.3963 0.4863 0.4118 0.1948 0.1557 0.2063 0.3015 0.4394 0.4779 0.3587 0.1643 0.1661 0.2293 0.3383 0.4731 0.4588 0.2911 0.1543 0.1803 0.2564 0.3792 0.4862 0.4273 0.2155 0.1539 0.1999 0.2920 0.4299 0.4802 0.3653 0.1649 0.1668 0.2330 0.3482 0.4805 0.4431 0.3449 0.4431 0.4805 0.3482 0.2330 0.1668 0.1649 0.3653 0.4802 0.4299 0.2920 0.1999 0.1539 0.2155 0.4273 0.4862 0.3792 0.2564 0.1803 0.1543 0.2911 0.4588 0.4731 0.3383 0.2293 0.1661 0.1643 0.3587 0.4779 0.4394 0.3015 0.2063 0.1557 0.1948 0.4118 0.4863 0.3963 0.2686 0.1871 0.1530 0.2609 0.4479 0.4809 0.3543 0.2398 0.1715 0.1588 0.3327 0.4713 0.4564 0.3146
0.2223 0.3075 0.4456 0.4758 0.3489 0.1618 0.1680 0.2331 0.3442 0.4766 0.4551 0.2795 0.1535 0.1828 0.2608 0.3853 0.4866 0.4225 0.2086 0.1542 0.2010 0.2927 0.4288 0.4813 0.3734 0.1691 0.1630 0.2230 0.3285 0.4664 0.4648 0.3091 0.1556 0.1764 0.2494 0.3692 0.4852 0.4352 0.2293 0.1532 0.1964 0.2866 0.4237 0.4818 0.3711 0.1663 0.1660 0.2320 0.3482 0.4797 0.4715 0.4797 0.3482 0.2320 0.1660 0.1663 0.3711 0.4818 0.4237 0.2866 0.1964 0.1532 0.2293 0.4352 0.4852 0.3692 0.2494 0.1764 0.1556 0.3091 0.4648 0.4664 0.3285 0.2230 0.1630 0.1691 0.3734 0.4813 0.4288 0.2927 0.2010 0.1542 0.2086 0.4225 0.4866 0.3853 0.2608 0.1828 0.1535 0.2795 0.4551 0.4766 0.3442 0.2331 0.1680 0.1618 0.3489 0.4758 0.4456 0.3075 0.2223
0.1796 0.2046 0.2982 0.4358 0.4793 0.3639 0.1658 0.1649 0.2269 0.3347 0.4709 0.4611 0.2974 0.1546 0.1788 0.2537 0.3749 0.4859 0.4317 0.2243 0.1533 0.1962 0.2845 0.4183 0.4837 0.3869 0.1752 0.1601 0.2172 0.3194 0.4586 0.4698 0.3257 0.1576 0.1731 0.2434 0.3606 0.4834 0.4414 0.2416 0.1529 0.1938 0.2828 0.4197 0.4825 0.3738 0.1667 0.1660 0.2330 0.3493 0.4399 0.3493 0.2330 0.1660 0.1667 0.3738 0.4825 0.4197 0.2828 0.1938 0.1529 0.2416 0.4414 0.4834 0.3606 0.2434 0.1731 0.1576 0.3257 0.4698 0.4586 0.3194 0.2172 0.1601 0.1752 0.3869 0.4837 0.4183 0.2845 0.1962 0.1533 0.2243 0.4317 0.4859 0.3749 0.2537 0.1788 0.1546 0.2974 0.4611 0.4709 0.3347 0.2269 0.1649 0.1658 0.3639 0.4793 0.4358 0.2982 0.2046 0.1796
0.2352 0.1540 0.1993 0.2900 0.4254 0.4821 0.3779 0.1709 0.1620 0.2211 0.3255 0.4639 0.4665 0.3147 0.1562 0.1751 0.2468 0.3648 0.4841 0.4400 0.2415 0.1529 0.1916 0.2766 0.4077 0.4854 0.3995 0.1832 0.1577 0.2118 0.3106 0.4499 0.4739 0.3407 0.1599 0.1702 0.2380 0.3531 0.4812 0.4462 0.2513 0.1528 0.1922 0.2806 0.4177 0.4827 0.3738 0.1663 0.1668 0.2309 0.2910 0.2309 0.1668 0.1663 0.3738 0.4827 0.4177 0.2806 0.1922 0.1528 0.2513 0.4462 0.4812 0.3531 0.2380 0.1702 0.1599 0.3407 0.4739 0.4499 0.3106 0.2118 0.1577 0.1832 0.3995 0.4854 0.4077 0.2766 0.1916 0.1529 0.2415 0.4400 0.4841 0.3648 0.2468 0.1751 0.1562 0.3147 0.4665 0.4639 0.3255 0.2211 0.1620 0.1709 0.3779 0.4821 0.4254 0.2900 0.1993 0.1540 0.2352
