-0.2463 -0.0690 0.1346 0.1259 -0.2023 -0.2741 -0.2848 -0.1748 0.0923 0.2246 -0.1621 -0.2624 -0.2887 -0.2460 0.0522 0.2201 -0.1124 -0.2486 -0.2875 -0.2696 0.0012 0.1833 -0.0224 -0.2330 -0.2818 -0.2780 -0.0822 0.1275 0.1502 -0.1964 -0.2725 -0.2857 -0.1893 0.0864 0.2282 -0.1555 -0.2604 -0.2889 -0.2520 0.0455 0.2156 -0.1027 -0.2463 -0.2870 -0.2707 -0.0087 0.1750 -0.0006 -0.2307 -0.2843 -0.3076 -0.2843 -0.2307 -0.0006 0.1750 -0.0087 -0.2707 -0.2870 -0.2463 -0.1027 0.2156 0.0455 -0.2520 -0.2889 -0.2604 -0.1555 0.2282 0.0864 -0.1893 -0.2857 -0.2725 -0.1964 0.1502 0.1275 -0.0822 -0.2780 -0.2818 -0.2330 -0.0224 0.1833 0.0012 -0.2696 -0.2875 -0.2486 -0.1124 0.2201 0.0522 -0.2460 -0.2887 -0.2624 -0.1621 0.2246 0.0923 -0.1748 -0.2848 -0.2741 -0.2023 0.1259 0.1346 -0.0690 -0.2463
-0.0690 0.1366 0.1697 -0.2339 -0.3245 -0.3228 -0.1747 0.0928 0.2426 -0.1740 -0.3147 -0.3314 -0.2626 0.0566 0.2222 -0.1079 -0.3024 -0.3335 -0.2961 0.0093 0.1751 0.0160 -0.2859 -0.3305 -0.3118 -0.0724 0.1234 0.1979 -0.2231 -0.3232 -0.3248 -0.1923 0.0875 0.2426 -0.1650 -0.3129 -0.3320 -0.2705 0.0505 0.2166 -0.0951 -0.3004 -0.3334 -0.2985 0.0000 0.1648 0.0457 -0.2791 -0.3296 -0.3286 -0.2632 -0.3286 -0.3296 -0.2791 0.0457 0.1648 0.0000 -0.2985 -0.3334 -0.3004 -0.0951 0.2166 0.0505 -0.2705 -0.3320 -0.3129 -0.1650 0.2426 0.0875 -0.1923 -0.3248 -0.3232 -0.2231 0.1979 0.1234 -0.0724 -0.3118 -0.3305 -0.2859 0.0160 0.1751 0.0093 -0.2961 -0.3335 -0.3024 -0.1079 0.2222 0.0566 -0.2626 -0.3314 -0.3147 -0.1740 0.2426 0.0928 -0.1747 -0.3228 -0.3245 -0.2339 0.1697 0.1366 -0.0690
0.1346 0.1697 -0.2280 -0.3226 -0.3243 -0.2011 0.0830 0.2418 -0.1592 -0.3114 -0.3321 -0.2753 0.0448 0.2126 -0.0853 -0.2987 -0.3328 -0.2997 -0.0084 0.1582 0.0678 -0.2717 -0.3286 -0.3152 -0.1038 0.1122 0.2220 -0.2080 -0.3205 -0.3269 -0.2191 0.0771 0.2393 -0.1494 -0.3096 -0.3326 -0.2812 0.0382 0.2066 -0.0698 -0.2966 -0.3325 -0.3021 -0.0194 0.1494 0.0996 -0.2610 -0.3276 -0.3169 -0.1162 0.0496 -0.1162 -0.3169 -0.3276 -0.2610 0.0996 0.1494 -0.0194 -0.3021 -0.3325 -0.2966 -0.0698 0.2066 0.0382 -0.2812 -0.3326 -0.3096 -0.1494 0.2393 0.0771 -0.2191 -0.3269 -0.3205 -0.2080 0.2220 0.1122 -0.1038 -0.3152 -0.3286 -0.2717 0.0678 0.1582 -0.0084 -0.2997 -0.3328 -0.2987 -0.0853 0.2126 0.0448 -0.2753 -0.3321 -0.3114 -0.1592 0.2418 0.0830 -0.2011 -0.3243 -0.3226 -0.2280 0.1697 0.1346
0.1259 -0.2339 -0.3226 -0.3249 -0.2152 0.0767 0.2383 -0.1449 -0.3085 -0.3327 -0.2845 0.0336 0.2024 -0.0579 -0.2952 -0.3322 -0.3037 -0.0275 0.1439 0.1207 -0.2539 -0.3269 -0.3187 -0.1353 0.1031 0.2358 -0.1933 -0.3180 -0.3289 -0.2406 0.0680 0.2331 -0.1327 -0.3064 -0.3331 -0.2889 0.0263 0.1962 -0.0384 -0.2930 -0.3317 -0.3062 -0.0405 0.1366 0.1491 -0.2440 -0.3257 -0.3205 -0.1522 0.0946 0.1892 0.0946 -0.1522 -0.3205 -0.3257 -0.2440 0.1491 0.1366 -0.0405 -0.3062 -0.3317 -0.2930 -0.0384 0.1962 0.0263 -0.2889 -0.3331 -0.3064 -0.1327 0.2331 0.0680 -0.2406 -0.3289 -0.3180 -0.1933 0.2358 0.1031 -0.1353 -0.3187 -0.3269 -0.2539 0.1207 0.1439 -0.0275 -0.3037 -0.3322 -0.2952 -0.0579 0.2024 0.0336 -0.2845 -0.3327 -0.3085 -0.1449 0.2383 0.0767 -0.2152 -0.3249 -0.3226 -0.2339 0.1259
-0.2023 -0.3245 -0.3243 -0.2152 0.0742 0.2352 -0.1336 -0.3060 -0.3329 -0.2908 0.0216 0.1905 -0.0237 -0.2916 -0.3312 -0.3078 -0.0502 0.1318 0.1665 -0.2373 -0.3249 -0.3219 -0.1668 0.0941 0.2420 -0.1786 -0.3152 -0.3306 -0.2581 0.0584 0.2250 -0.1142 -0.3032 -0.3332 -0.2943 0.0127 0.1810 0.0017 -0.2893 -0.3305 -0.3102 -0.0655 0.1254 0.1883 -0.2280 -0.3236 -0.3236 -0.1844 0.0890 0.2437 -0.0167 0.2437 0.0890 -0.1844 -0.3236 -0.3236 -0.2280 0.1883 0.1254 -0.0655 -0.3102 -0.3305 -0.2893 0.0017 0.1810 0.0127 -0.2943 -0.3332 -0.3032 -0.1142 0.2250 0.0584 -0.2581 -0.3306 -0.3152 -0.1786 0.2420 0.0941 -0.1668 -0.3219 -0.3249 -0.2373 0.1665 0.1318 -0.0502 -0.3078 -0.3312 -0.2916 -0.0237 0.1905 0.0216 -0.2908 -0.3329 -0.3060 -0.1336 0.2352 0.0742 -0.2152 -0.3243 -0.3245 -0.2023
-0.2741 -0.3228 -0.2011 0.0767 0.2352 -0.1291 -0.3044 -0.3329 -0.2946 0.0099 0.1762 0.0168 -0.2853 -0.3300 -0.3117 -0.0768 0.1211 0.2009 -0.2216 -0.3227 -0.3247 -0.1959 0.0852 0.2425 -0.1636 -0.3123 -0.3318 -0.2717 0.0482 0.2157 -0.0928 -0.2998 -0.3330 -0.2985 -0.0030 0.1631 0.0511 -0.2776 -0.3291 -0.3141 -0.0941 0.1153 0.2157 -0.2127 -0.3213 -0.3262 -0.2115 0.0800 0.2408 -0.1495 -0.2873 -0.1495 0.2408 0.0800 -0.2115 -0.3262 -0.3213 -0.2127 0.2157 0.1153 -0.0941 -0.3141 -0.3291 -0.2776 0.0511 0.1631 -0.0030 -0.2985 -0.3330 -0.2998 -0.0928 0.2157 0.0482 -0.2717 -0.3318 -0.3123 -0.1636 0.2425 0.0852 -0.1959 -0.3247 -0.3227 -0.2216 0.2009 0.1211 -0.0768 -0.3117 -0.3300 -0.2853 0.0168 0.1762 0.0099 -0.2946 -0.3329 -0.3044 -0.1291 0.2352 0.0767 -0.2011 -0.3228 -0.2741
-0.2848 -0.1747 0.0830 0.2383 -0.1336 -0.3044 -0.3328 -0.2963 0.0007 0.1638 0.0579 -0.2733 -0.3286 -0.3152 -0.1059 0.1115 0.2236 -0.2066 -0.3203 -0.3271 -0.2213 0.0763 0.2388 -0.1479 -0.3093 -0.3326 -0.2820 0.0372 0.2056 -0.0670 -0.2963 -0.3324 -0.3025 -0.0212 0.1481 0.1047 -0.2593 -0.3275 -0.3177 -0.1254 0.1059 0.2325 -0.1978 -0.3188 -0.3283 -0.2344 0.0709 0.2353 -0.1386 -0.3091 -0.3386 -0.3091 -0.1386 0.2353 0.0709 -0.2344 -0.3283 -0.3188 -0.1978 0.2325 0.1059 -0.1254 -0.3177 -0.3275 -0.2593 0.1047 0.1481 -0.0212 -0.3025 -0.3324 -0.2963 -0.0670 0.2056 0.0372 -0.2820 -0.3326 -0.3093 -0.1479 0.2388 0.0763 -0.2213 -0.3271 -0.3203 -0.2066 0.2236 0.1115 -0.1059 -0.3152 -0.3286 -0.2733 0.0579 0.1638 0.0007 -0.2963 -0.3328 -0.3044 -0.1336 0.2383 0.0830 -0.1747 -0.2848
-0.1748 0.0928 0.2418 -0.1449 -0.3060 -0.3329 -0.2963 -0.0028 0.1573 0.0879 -0.2608 -0.3272 -0.3181 -0.1342 0.1029 0.2363 -0.1921 -0.3177 -0.3291 -0.2425 0.0671 0.2324 -0.1310 -0.3061 -0.3331 -0.2895 0.0250 0.1946 -0.0348 -0.2927 -0.3316 -0.3066 -0.0428 0.1354 0.1535 -0.2423 -0.3255 -0.3209 -0.1572 0.0968 0.2408 -0.1831 -0.3161 -0.3301 -0.2531 0.0614 0.2277 -0.1202 -0.3043 -0.3433 -0.3481 -0.3433 -0.3043 -0.1202 0.2277 0.0614 -0.2531 -0.3301 -0.3161 -0.1831 0.2408 0.0968 -0.1572 -0.3209 -0.3255 -0.2423 0.1535 0.1354 -0.0428 -0.3066 -0.3316 -0.2927 -0.0348 0.1946 0.0250 -0.2895 -0.3331 -0.3061 -0.1310 0.2324 0.0671 -0.2425 -0.3291 -0.3177 -0.1921 0.2363 0.1029 -0.1342 -0.3181 -0.3272 -0.2608 0.0879 0.1573 -0.0028 -0.2963 -0.3329 -0.3060 -0.1449 0.2418 0.0928 -0.1748
0.0923 0.2426 -0.1592 -0.3085 -0.3329 -0.2946 0.0007 0.1573 0.0985 -0.2542 -0.3262 -0.3201 -0.1580 0.0956 0.2418 -0.1787 -0.3151 -0.3306 -0.2594 0.0575 0.2241 -0.1122 -0.3028 -0.3332 -0.2948 0.0112 0.1791 0.0062 -0.2881 -0.3304 -0.3106 -0.0681 0.1243 0.1915 -0.2264 -0.3234 -0.3239 -0.1872 0.0880 0.2429 -0.1683 -0.3132 -0.3315 -0.2679 0.0515 0.2186 -0.0998 -0.3008 -0.3329 -0.3055 -0.1463 -0.3055 -0.3329 -0.3008 -0.0998 0.2186 0.0515 -0.2679 -0.3315 -0.3132 -0.1683 0.2429 0.0880 -0.1872 -0.3239 -0.3234 -0.2264 0.1915 0.1243 -0.0681 -0.3106 -0.3304 -0.2881 0.0062 0.1791 0.0112 -0.2948 -0.3332 -0.3028 -0.1122 0.2241 0.0575 -0.2594 -0.3306 -0.3151 -0.1787 0.2418 0.0956 -0.1580 -0.3201 -0.3262 -0.2542 0.0985 0.1573 0.0007 -0.2946 -0.3329 -0.3085 -0.1592 0.2426 0.0923
0.2246 -0.1740 -0.3114 -0.3327 -0.2908 0.0099 0.1638 0.0879 -0.2542 -0.3258 -0.3211 -0.1738 0.0899 0.2429 -0.1667 -0.3126 -0.3317 -0.2720 0.0476 0.2149 -0.0906 -0.2994 -0.3330 -0.2989 -0.0046 0.1615 0.0563 -0.2757 -0.3290 -0.3144 -0.0971 0.1143 0.2178 -0.2112 -0.3211 -0.3264 -0.2139 0.0791 0.2403 -0.1528 -0.3102 -0.3324 -0.2792 0.0407 0.2088 -0.0756 -0.2974 -0.3325 -0.3009 -0.0126 0.0840 -0.0126 -0.3009 -0.3325 -0.2974 -0.0756 0.2088 0.0407 -0.2792 -0.3324 -0.3102 -0.1528 0.2403 0.0791 -0.2139 -0.3264 -0.3211 -0.2112 0.2178 0.1143 -0.0971 -0.3144 -0.3290 -0.2757 0.0563 0.1615 -0.0046 -0.2989 -0.3330 -0.2994 -0.0906 0.2149 0.0476 -0.2720 -0.3317 -0.3126 -0.1667 0.2429 0.0899 -0.1738 -0.3211 -0.3258 -0.2542 0.0879 0.1638 0.0099 -0.2908 -0.3327 -0.3114 -0.1740 0.2246
-0.1621 -0.3147 -0.3321 -0.2845 0.0216 0.1762 0.0579 -0.2608 -0.3262 -0.3211 -0.1793 0.0868 0.2421 -0.1573 -0.3105 -0.3323 -0.2809 0.0377 0.2055 -0.0656 -0.2960 -0.3324 -0.3029 -0.0232 0.1467 0.1098 -0.2576 -0.3273 -0.3180 -0.1286 0.1050 0.2336 -0.1964 -0.3185 -0.3285 -0.2364 0.0700 0.2346 -0.1364 -0.3071 -0.3330 -0.2875 0.0289 0.1985 -0.0457 -0.2938 -0.3319 -0.3052 -0.0344 0.1301 0.2254 0.1301 -0.0344 -0.3052 -0.3319 -0.2938 -0.0457 0.1985 0.0289 -0.2875 -0.3330 -0.3071 -0.1364 0.2346 0.0700 -0.2364 -0.3285 -0.3185 -0.1964 0.2336 0.1050 -0.1286 -0.3180 -0.3273 -0.2576 0.1098 0.1467 -0.0232 -0.3029 -0.3324 -0.2960 -0.0656 0.2055 0.0377 -0.2809 -0.3323 -0.3105 -0.1573 0.2421 0.0868 -0.1793 -0.3211 -0.3262 -0.2608 0.0579 0.1762 0.0216 -0.2845 -0.3321 -0.3147 -0.1621
-0.2624 -0.3314 -0.2753 0.0336 0.1905 0.0168 -0.2733 -0.3272 -0.3201 -0.1738 0.0868 0.2416 -0.1519 -0.3090 -0.3326 -0.2867 0.0284 0.1968 -0.0373 -0.2927 -0.3315 -0.3068 -0.0448 0.1343 0.1578 -0.2407 -0.3253 -0.3212 -0.1603 0.0960 0.2413 -0.1817 -0.3158 -0.3303 -0.2547 0.0605 0.2268 -0.1183 -0.3039 -0.3332 -0.2934 0.0157 0.1841 -0.0075 -0.2902 -0.3308 -0.3094 -0.0598 0.1273 0.1952 -0.1385 0.1952 0.1273 -0.0598 -0.3094 -0.3308 -0.2902 -0.0075 0.1841 0.0157 -0.2934 -0.3332 -0.3039 -0.1183 0.2268 0.0605 -0.2547 -0.3303 -0.3158 -0.1817 0.2413 0.0960 -0.1603 -0.3212 -0.3253 -0.2407 0.1578 0.1343 -0.0448 -0.3068 -0.3315 -0.2927 -0.0373 0.1968 0.0284 -0.2867 -0.3326 -0.3090 -0.1519 0.2416 0.0868 -0.1738 -0.3201 -0.3272 -0.2733 0.0168 0.1905 0.0336 -0.2753 -0.3314 -0.2624
-0.2887 -0.2626 0.0448 0.2024 -0.0237 -0.2853 -0.3286 -0.3181 -0.1580 0.0899 0.2421 -0.1519 -0.3084 -0.3327 -0.2898 0.0208 0.1878 -0.0075 -0.2897 -0.3305 -0.3104 -0.0690 0.1237 0.1940 -0.2250 -0.3232 -0.3241 -0.1900 0.0871 0.2428 -0.1668 -0.3130 -0.3316 -0.2691 0.0504 0.2177 -0.0976 -0.3005 -0.3331 -0.2977 0.0005 0.1667 0.0401 -0.2801 -0.3294 -0.3133 -0.0878 0.1174 0.2099 -0.2124 -0.3041 -0.2124 0.2099 0.1174 -0.0878 -0.3133 -0.3294 -0.2801 0.0401 0.1667 0.0005 -0.2977 -0.3331 -0.3005 -0.0976 0.2177 0.0504 -0.2691 -0.3316 -0.3130 -0.1668 0.2428 0.0871 -0.1900 -0.3241 -0.3232 -0.2250 0.1940 0.1237 -0.0690 -0.3104 -0.3305 -0.2897 -0.0075 0.1878 0.0208 -0.2898 -0.3327 -0.3084 -0.1519 0.2421 0.0899 -0.1580 -0.3181 -0.3286 -0.2853 -0.0237 0.2024 0.0448 -0.2626 -0.2887
-0.2460 0.0566 0.2126 -0.0579 -0.2916 -0.3300 -0.3152 -0.1342 0.0956 0.2429 -0.1573 -0.3090 -0.3327 -0.2908 0.0165 0.1798 0.0188 -0.2841 -0.3294 -0.3135 -0.0939 0.1147 0.2179 -0.2105 -0.3209 -0.3266 -0.2163 0.0782 0.2399 -0.1513 -0.3099 -0.3325 -0.2801 0.0396 0.2078 -0.0729 -0.2970 -0.3326 -0.3016 -0.0171 0.1511 0.0935 -0.2630 -0.3278 -0.3169 -0.1187 0.1078 0.2296 -0.2013 -0.3228 -0.3483 -0.3228 -0.2013 0.2296 0.1078 -0.1187 -0.3169 -0.3278 -0.2630 0.0935 0.1511 -0.0171 -0.3016 -0.3326 -0.2970 -0.0729 0.2078 0.0396 -0.2801 -0.3325 -0.3099 -0.1513 0.2399 0.0782 -0.2163 -0.3266 -0.3209 -0.2105 0.2179 0.1147 -0.0939 -0.3135 -0.3294 -0.2841 0.0188 0.1798 0.0165 -0.2908 -0.3327 -0.3090 -0.1573 0.2429 0.0956 -0.1342 -0.3152 -0.3300 -0.2916 -0.0579 0.2126 0.0566 -0.2460
0.0522 0.2222 -0.0853 -0.2952 -0.3312 -0.3117 -0.1059 0.1029 0.2418 -0.1667 -0.3105 -0.3326 -0.2898 0.0165 0.1767 0.0339 -0.2771 -0.3285 -0.3158 -0.1167 0.1072 0.2320 -0.1973 -0.3185 -0.3285 -0.2379 0.0692 0.2340 -0.1347 -0.3068 -0.3330 -0.2882 0.0277 0.1975 -0.0423 -0.2934 -0.3318 -0.3057 -0.0379 0.1379 0.1440 -0.2458 -0.3260 -0.3203 -0.1506 0.0987 0.2396 -0.1863 -0.3168 -0.3429 -0.3318 -0.3429 -0.3168 -0.1863 0.2396 0.0987 -0.1506 -0.3203 -0.3260 -0.2458 0.1440 0.1379 -0.0379 -0.3057 -0.3318 -0.2934 -0.0423 0.1975 0.0277 -0.2882 -0.3330 -0.3068 -0.1347 0.2340 0.0692 -0.2379 -0.3285 -0.3185 -0.1973 0.2320 0.1072 -0.1167 -0.3158 -0.3285 -0.2771 0.0339 0.1767 0.0165 -0.2898 -0.3326 -0.3105 -0.1667 0.2418 0.1029 -0.1059 -0.3117 -0.3312 -0.2952 -0.0853 0.2222 0.0522
0.2201 -0.1079 -0.2987 -0.3322 -0.3078 -0.0768 0.1115 0.2363 -0.1787 -0.3126 -0.3323 -0.2867 0.0208 0.1798 0.0339 -0.2741 -0.3280 -0.3173 -0.1344 0.1012 0.2390 -0.1857 -0.3162 -0.3301 -0.2546 0.0602 0.2263 -0.1168 -0.3036 -0.3332 -0.2938 0.0143 0.1827 -0.0033 -0.2898 -0.3307 -0.3097 -0.0625 0.1266 0.1845 -0.2297 -0.3239 -0.3233 -0.1811 0.0898 0.2429 -0.1714 -0.3138 -0.3309 -0.2623 -0.0274 -0.2623 -0.3309 -0.3138 -0.1714 0.2429 0.0898 -0.1811 -0.3233 -0.3239 -0.2297 0.1845 0.1266 -0.0625 -0.3097 -0.3307 -0.2898 -0.0033 0.1827 0.0143 -0.2938 -0.3332 -0.3036 -0.1168 0.2263 0.0602 -0.2546 -0.3301 -0.3162 -0.1857 0.2390 0.1012 -0.1344 -0.3173 -0.3280 -0.2741 0.0339 0.1798 0.0208 -0.2867 -0.3323 -0.3126 -0.1787 0.2363 0.1115 -0.0768 -0.3078 -0.3322 -0.2987 -0.1079 0.2201
-0.1124 -0.3024 -0.3328 -0.3037 -0.0502 0.1211 0.2236 -0.1921 -0.3151 -0.3317 -0.2809 0.0284 0.1878 0.0188 -0.2771 -0.3280 -0.3178 -0.1437 0.0975 0.2418 -0.1762 -0.3142 -0.3311 -0.2669 0.0513 0.2180 -0.0972 -0.3003 -0.3330 -0.2980 -0.0011 0.1650 0.0452 -0.2790 -0.3293 -0.3136 -0.0908 0.1164 0.2132 -0.2144 -0.3216 -0.3259 -0.2086 0.0810 0.2412 -0.1562 -0.3109 -0.3321 -0.2763 0.0432 0.1208 0.0432 -0.2763 -0.3321 -0.3109 -0.1562 0.2412 0.0810 -0.2086 -0.3259 -0.3216 -0.2144 0.2132 0.1164 -0.0908 -0.3136 -0.3293 -0.2790 0.0452 0.1650 -0.0011 -0.2980 -0.3330 -0.3003 -0.0972 0.2180 0.0513 -0.2669 -0.3311 -0.3142 -0.1762 0.2418 0.0975 -0.1437 -0.3178 -0.3280 -0.2771 0.0188 0.1878 0.0284 -0.2809 -0.3317 -0.3151 -0.1921 0.2236 0.1211 -0.0502 -0.3037 -0.3328 -0.3024 -0.1124
-0.2486 -0.3335 -0.2997 -0.0275 0.1318 0.2009 -0.2066 -0.3177 -0.3306 -0.2720 0.0377 0.1968 -0.0075 -0.2841 -0.3285 -0.3173 -0.1437 0.0962 0.2425 -0.1701 -0.3126 -0.3317 -0.2754 0.0430 0.2098 -0.0759 -0.2972 -0.3326 -0.3018 -0.0186 0.1498 0.0987 -0.2613 -0.3277 -0.3173 -0.1218 0.1069 0.2310 -0.1995 -0.3191 -0.3281 -0.2320 0.0719 0.2360 -0.1400 -0.3078 -0.3329 -0.2859 0.0321 0.1826 0.2183 0.1826 0.0321 -0.2859 -0.3329 -0.3078 -0.1400 0.2360 0.0719 -0.2320 -0.3281 -0.3191 -0.1995 0.2310 0.1069 -0.1218 -0.3173 -0.3277 -0.2613 0.0987 0.1498 -0.0186 -0.3018 -0.3326 -0.2972 -0.0759 0.2098 0.0430 -0.2754 -0.3317 -0.3126 -0.1701 0.2425 0.0962 -0.1437 -0.3173 -0.3285 -0.2841 -0.0075 0.1968 0.0377 -0.2720 -0.3306 -0.3177 -0.2066 0.2009 0.1318 -0.0275 -0.2997 -0.3335 -0.2486
-0.2875 -0.2961 -0.0084 0.1439 0.1665 -0.2216 -0.3203 -0.3291 -0.2594 0.0476 0.2055 -0.0373 -0.2897 -0.3294 -0.3158 -0.1344 0.0975 0.2425 -0.1681 -0.3118 -0.3321 -0.2806 0.0361 0.2026 -0.0536 -0.2942 -0.3319 -0.3054 -0.0380 0.1374 0.1472 -0.2444 -0.3258 -0.3206 -0.1537 0.0979 0.2402 -0.1848 -0.3164 -0.3299 -0.2512 0.0625 0.2286 -0.1223 -0.3046 -0.3332 -0.2923 0.0186 0.1877 0.0001 -0.2266 0.0001 0.1877 0.0186 -0.2923 -0.3332 -0.3046 -0.1223 0.2286 0.0625 -0.2512 -0.3299 -0.3164 -0.1848 0.2402 0.0979 -0.1537 -0.3206 -0.3258 -0.2444 0.1472 0.1374 -0.0380 -0.3054 -0.3319 -0.2942 -0.0536 0.2026 0.0361 -0.2806 -0.3321 -0.3118 -0.1681 0.2425 0.0975 -0.1344 -0.3158 -0.3294 -0.2897 -0.0373 0.2055 0.0476 -0.2594 -0.3291 -0.3203 -0.2216 0.1665 0.1439 -0.0084 -0.2961 -0.2875
-0.2696 0.0093 0.1582 0.1207 -0.2373 -0.3227 -0.3271 -0.2425 0.0575 0.2149 -0.0656 -0.2927 -0.3305 -0.3135 -0.1167 0.1012 0.2418 -0.1701 -0.3118 -0.3322 -0.2830 0.0313 0.1973 -0.0328 -0.2917 -0.3311 -0.3087 -0.0587 0.1273 0.1843 -0.2292 -0.3237 -0.3235 -0.1838 0.0890 0.2429 -0.1700 -0.3136 -0.3313 -0.2664 0.0526 0.2197 -0.1022 -0.3012 -0.3331 -0.2968 0.0039 0.1705 0.0276 -0.2824 -0.3198 -0.2824 0.0276 0.1705 0.0039 -0.2968 -0.3331 -0.3012 -0.1022 0.2197 0.0526 -0.2664 -0.3313 -0.3136 -0.1700 0.2429 0.0890 -0.1838 -0.3235 -0.3237 -0.2292 0.1843 0.1273 -0.0587 -0.3087 -0.3311 -0.2917 -0.0328 0.1973 0.0313 -0.2830 -0.3322 -0.3118 -0.1701 0.2418 0.1012 -0.1167 -0.3135 -0.3305 -0.2927 -0.0656 0.2149 0.0575 -0.2425 -0.3271 -0.3227 -0.2373 0.1207 0.1582 0.0093 -0.2696
0.0012 0.1751 0.0678 -0.2539 -0.3249 -0.3247 -0.2213 0.0671 0.2241 -0.0906 -0.2960 -0.3315 -0.3104 -0.0939 0.1072 0.2390 -0.1762 -0.3126 -0.3321 -0.2830 0.0297 0.1946 -0.0178 -0.2899 -0.3303 -0.3113 -0.0794 0.1189 0.2095 -0.2155 -0.3216 -0.3259 -0.2101 0.0803 0.2408 -0.1546 -0.3106 -0.3323 -0.2780 0.0420 0.2099 -0.0786 -0.2978 -0.3327 -0.3008 -0.0131 0.1541 0.0819 -0.2672 -0.3341 -0.3533 -0.3341 -0.2672 0.0819 0.1541 -0.0131 -0.3008 -0.3327 -0.2978 -0.0786 0.2099 0.0420 -0.2780 -0.3323 -0.3106 -0.1546 0.2408 0.0803 -0.2101 -0.3259 -0.3216 -0.2155 0.2095 0.1189 -0.0794 -0.3113 -0.3303 -0.2899 -0.0178 0.1946 0.0297 -0.2830 -0.3321 -0.3126 -0.1762 0.2390 0.1072 -0.0939 -0.3104 -0.3315 -0.2960 -0.0906 0.2241 0.0671 -0.2213 -0.3247 -0.3249 -0.2539 0.0678 0.1751 0.0012
0.1833 0.0160 -0.2717 -0.3269 -0.3219 -0.1959 0.0763 0.2324 -0.1122 -0.2994 -0.3324 -0.3068 -0.0690 0.1147 0.2320 -0.1857 -0.3142 -0.3317 -0.2806 0.0313 0.1946 -0.0123 -0.2889 -0.3298 -0.3132 -0.0971 0.1123 0.2249 -0.2036 -0.3195 -0.3279 -0.2315 0.0718 0.2357 -0.1387 -0.3075 -0.3330 -0.2867 0.0303 0.1997 -0.0494 -0.2942 -0.3320 -0.3048 -0.0332 0.1405 0.1340 -0.2494 -0.3264 -0.3346 -0.2952 -0.3346 -0.3264 -0.2494 0.1340 0.1405 -0.0332 -0.3048 -0.3320 -0.2942 -0.0494 0.1997 0.0303 -0.2867 -0.3330 -0.3075 -0.1387 0.2357 0.0718 -0.2315 -0.3279 -0.3195 -0.2036 0.2249 0.1123 -0.0971 -0.3132 -0.3298 -0.2889 -0.0123 0.1946 0.0313 -0.2806 -0.3317 -0.3142 -0.1857 0.2320 0.1147 -0.0690 -0.3068 -0.3324 -0.2994 -0.1122 0.2324 0.0763 -0.1959 -0.3219 -0.3269 -0.2717 0.0160 0.1833
-0.0224 -0.2859 -0.3286 -0.3187 -0.1668 0.0852 0.2388 -0.1310 -0.3028 -0.3330 -0.3029 -0.0448 0.1237 0.2179 -0.1973 -0.3162 -0.3311 -0.2754 0.0361 0.1973 -0.0178 -0.2889 -0.3295 -0.3141 -0.1087 0.1078 0.2331 -0.1938 -0.3176 -0.3294 -0.2481 0.0635 0.2289 -0.1221 -0.3044 -0.3332 -0.2928 0.0172 0.1858 -0.0123 -0.2906 -0.3309 -0.3089 -0.0569 0.1288 0.1769 -0.2330 -0.3243 -0.3222 -0.1685 0.0330 -0.1685 -0.3222 -0.3243 -0.2330 0.1769 0.1288 -0.0569 -0.3089 -0.3309 -0.2906 -0.0123 0.1858 0.0172 -0.2928 -0.3332 -0.3044 -0.1221 0.2289 0.0635 -0.2481 -0.3294 -0.3176 -0.1938 0.2331 0.1078 -0.1087 -0.3141 -0.3295 -0.2889 -0.0178 0.1973 0.0361 -0.2754 -0.3311 -0.3162 -0.1973 0.2179 0.1237 -0.0448 -0.3029 -0.3330 -0.3028 -0.1310 0.2388 0.0852 -0.1668 -0.3187 -0.3286 -0.2859 -0.0224
-0.2330 -0.3305 -0.3152 -0.1353 0.0941 0.2425 -0.1479 -0.3061 -0.3332 -0.2989 -0.0232 0.1343 0.1940 -0.2105 -0.3185 -0.3301 -0.2669 0.0430 0.2026 -0.0328 -0.2899 -0.3298 -0.3141 -0.1127 0.1055 0.2369 -0.1869 -0.3160 -0.3303 -0.2600 0.0558 0.2216 -0.1047 -0.3014 -0.3331 -0.2970 0.0027 0.1687 0.0343 -0.2814 -0.3296 -0.3128 -0.0845 0.1185 0.2081 -0.2176 -0.3221 -0.3252 -0.2014 0.0809 0.1670 0.0809 -0.2014 -0.3252 -0.3221 -0.2176 0.2081 0.1185 -0.0845 -0.3128 -0.3296 -0.2814 0.0343 0.1687 0.0027 -0.2970 -0.3331 -0.3014 -0.1047 0.2216 0.0558 -0.2600 -0.3303 -0.3160 -0.1869 0.2369 0.1055 -0.1127 -0.3141 -0.3298 -0.2899 -0.0328 0.2026 0.0430 -0.2669 -0.3301 -0.3185 -0.2105 0.1940 0.1343 -0.0232 -0.2989 -0.3332 -0.3061 -0.1479 0.2425 0.0941 -0.1353 -0.3152 -0.3305 -0.2330
-0.2818 -0.3118 -0.1038 0.1031 0.2420 -0.1636 -0.3093 -0.3331 -0.2948 -0.0046 0.1467 0.1578 -0.2250 -0.3209 -0.3285 -0.2546 0.0513 0.2098 -0.0536 -0.2917 -0.3303 -0.3132 -0.1087 0.1055 0.2380 -0.1832 -0.3150 -0.3310 -0.2678 0.0491 0.2147 -0.0870 -0.2985 -0.3328 -0.3005 -0.0133 0.1534 0.0863 -0.2652 -0.3280 -0.3165 -0.1151 0.1089 0.2280 -0.2026 -0.3196 -0.3277 -0.2274 0.0741 0.2289 0.0666 0.2289 0.0741 -0.2274 -0.3277 -0.3196 -0.2026 0.2280 0.1089 -0.1151 -0.3165 -0.3280 -0.2652 0.0863 0.1534 -0.0133 -0.3005 -0.3328 -0.2985 -0.0870 0.2147 0.0491 -0.2678 -0.3310 -0.3150 -0.1832 0.2380 0.1055 -0.1087 -0.3132 -0.3303 -0.2917 -0.0536 0.2098 0.0513 -0.2546 -0.3285 -0.3209 -0.2250 0.1578 0.1467 -0.0046 -0.2948 -0.3331 -0.3093 -0.1636 0.2420 0.1031 -0.1038 -0.3118 -0.2818
-0.2780 -0.0724 0.1122 0.2358 -0.1786 -0.3123 -0.3326 -0.2895 0.0112 0.1615 0.1098 -0.2407 -0.3232 -0.3266 -0.2379 0.0602 0.2180 -0.0759 -0.2942 -0.3311 -0.3113 -0.0971 0.1078 0.2369 -0.1832 -0.3146 -0.3313 -0.2722 0.0441 0.2091 -0.0703 -0.2960 -0.3322 -0.3038 -0.0304 0.1412 0.1340 -0.2486 -0.3262 -0.3198 -0.1468 0.0997 0.2389 -0.1879 -0.3170 -0.3296 -0.2475 0.0646 0.2305 -0.1199 -0.2704 -0.1199 0.2305 0.0646 -0.2475 -0.3296 -0.3170 -0.1879 0.2389 0.0997 -0.1468 -0.3198 -0.3262 -0.2486 0.1340 0.1412 -0.0304 -0.3038 -0.3322 -0.2960 -0.0703 0.2091 0.0441 -0.2722 -0.3313 -0.3146 -0.1832 0.2369 0.1078 -0.0971 -0.3113 -0.3311 -0.2942 -0.0759 0.2180 0.0602 -0.2379 -0.3266 -0.3232 -0.2407 0.1098 0.1615 0.0112 -0.2895 -0.3326 -0.3123 -0.1786 0.2358 0.1122 -0.0724 -0.2780
-0.0822 0.1234 0.2220 -0.1933 -0.3152 -0.3318 -0.2820 0.0250 0.1791 0.0563 -0.2576 -0.3253 -0.3241 -0.2163 0.0692 0.2263 -0.0972 -0.2972 -0.3319 -0.3087 -0.0794 0.1123 0.2331 -0.1869 -0.3150 -0.3313 -0.2736 0.0416 0.2056 -0.0570 -0.2940 -0.3316 -0.3066 -0.0478 0.1315 0.1714 -0.2341 -0.3243 -0.3227 -0.1766 0.0910 0.2428 -0.1731 -0.3142 -0.3311 -0.2635 0.0548 0.2217 -0.1074 -0.3029 -0.3337 -0.3029 -0.1074 0.2217 0.0548 -0.2635 -0.3311 -0.3142 -0.1731 0.2428 0.0910 -0.1766 -0.3227 -0.3243 -0.2341 0.1714 0.1315 -0.0478 -0.3066 -0.3316 -0.2940 -0.0570 0.2056 0.0416 -0.2736 -0.3313 -0.3150 -0.1869 0.2331 0.1123 -0.0794 -0.3087 -0.3319 -0.2972 -0.0972 0.2263 0.0692 -0.2163 -0.3241 -0.3253 -0.2576 0.0563 0.1791 0.0250 -0.2820 -0.3318 -0.3152 -0.1933 0.2220 0.1234 -0.0822
0.1275 0.1979 -0.2080 -0.3180 -0.3306 -0.2717 0.0372 0.1946 0.0062 -0.2757 -0.3273 -0.3212 -0.1900 0.0782 0.2340 -0.1168 -0.3003 -0.3326 -0.3054 -0.0587 0.1189 0.2249 -0.1938 -0.3160 -0.3310 -0.2722 0.0416 0.2045 -0.0498 -0.2928 -0.3312 -0.3087 -0.0637 0.1240 0.1973 -0.2215 -0.3224 -0.3251 -0.2025 0.0827 0.2417 -0.1582 -0.3113 -0.3322 -0.2758 0.0443 0.2120 -0.0840 -0.2987 -0.3416 -0.3514 -0.3416 -0.2987 -0.0840 0.2120 0.0443 -0.2758 -0.3322 -0.3113 -0.1582 0.2417 0.0827 -0.2025 -0.3251 -0.3224 -0.2215 0.1973 0.1240 -0.0637 -0.3087 -0.3312 -0.2928 -0.0498 0.2045 0.0416 -0.2722 -0.3310 -0.3160 -0.1938 0.2249 0.1189 -0.0587 -0.3054 -0.3326 -0.3003 -0.1168 0.2340 0.0782 -0.1900 -0.3212 -0.3273 -0.2757 0.0062 0.1946 0.0372 -0.2717 -0.3306 -0.3180 -0.2080 0.1979 0.1275
0.1502 -0.2231 -0.3205 -0.3289 -0.2581 0.0482 0.2056 -0.0348 -0.2881 -0.3290 -0.3180 -0.1603 0.0871 0.2399 -0.1347 -0.3036 -0.3330 -0.3018 -0.0380 0.1273 0.2095 -0.2036 -0.3176 -0.3303 -0.2678 0.0441 0.2056 -0.0498 -0.2924 -0.3309 -0.3100 -0.0755 0.1186 0.2135 -0.2111 -0.3206 -0.3270 -0.2236 0.0747 0.2376 -0.1434 -0.3083 -0.3329 -0.2850 0.0329 0.2018 -0.0561 -0.2950 -0.3320 -0.3163 -0.2022 -0.3163 -0.3320 -0.2950 -0.0561 0.2018 0.0329 -0.2850 -0.3329 -0.3083 -0.1434 0.2376 0.0747 -0.2236 -0.3270 -0.3206 -0.2111 0.2135 0.1186 -0.0755 -0.3100 -0.3309 -0.2924 -0.0498 0.2056 0.0441 -0.2678 -0.3303 -0.3176 -0.2036 0.2095 0.1273 -0.0380 -0.3018 -0.3330 -0.3036 -0.1347 0.2399 0.0871 -0.1603 -0.3180 -0.3290 -0.2881 -0.0348 0.2056 0.0482 -0.2581 -0.3289 -0.3205 -0.2231 0.1502
-0.1964 -0.3232 -0.3269 -0.2406 0.0584 0.2157 -0.0670 -0.2927 -0.3304 -0.3144 -0.1286 0.0960 0.2428 -0.1513 -0.3068 -0.3332 -0.2980 -0.0186 0.1374 0.1843 -0.2155 -0.3195 -0.3294 -0.2600 0.0491 0.2091 -0.0570 -0.2928 -0.3309 -0.3104 -0.0818 0.1154 0.2223 -0.2034 -0.3191 -0.3284 -0.2397 0.0672 0.2318 -0.1282 -0.3054 -0.3332 -0.2914 0.0204 0.1891 -0.0209 -0.2913 -0.3311 -0.3076 -0.0475 0.0703 -0.0475 -0.3076 -0.3311 -0.2913 -0.0209 0.1891 0.0204 -0.2914 -0.3332 -0.3054 -0.1282 0.2318 0.0672 -0.2397 -0.3284 -0.3191 -0.2034 0.2223 0.1154 -0.0818 -0.3104 -0.3309 -0.2928 -0.0570 0.2091 0.0491 -0.2600 -0.3294 -0.3195 -0.2155 0.1843 0.1374 -0.0186 -0.2980 -0.3332 -0.3068 -0.1513 0.2428 0.0960 -0.1286 -0.3144 -0.3304 -0.2927 -0.0670 0.2157 0.0584 -0.2406 -0.3269 -0.3232 -0.1964
-0.2725 -0.3248 -0.2191 0.0680 0.2250 -0.0928 -0.2963 -0.3316 -0.3106 -0.0971 0.1050 0.2413 -0.1668 -0.3099 -0.3330 -0.2938 -0.0011 0.1498 0.1472 -0.2292 -0.3216 -0.3279 -0.2481 0.0558 0.2147 -0.0703 -0.2940 -0.3312 -0.3100 -0.0818 0.1144 0.2261 -0.1986 -0.3179 -0.3293 -0.2508 0.0607 0.2256 -0.1130 -0.3026 -0.3332 -0.2957 0.0071 0.1732 0.0227 -0.2839 -0.3299 -0.3119 -0.0767 0.1147 0.2125 0.1147 -0.0767 -0.3119 -0.3299 -0.2839 0.0227 0.1732 0.0071 -0.2957 -0.3332 -0.3026 -0.1130 0.2256 0.0607 -0.2508 -0.3293 -0.3179 -0.1986 0.2261 0.1144 -0.0818 -0.3100 -0.3312 -0.2940 -0.0703 0.2147 0.0558 -0.2481 -0.3279 -0.3216 -0.2292 0.1472 0.1498 -0.0011 -0.2938 -0.3330 -0.3099 -0.1668 0.2413 0.1050 -0.0971 -0.3106 -0.3316 -0.2963 -0.0928 0.2250 0.0680 -0.2191 -0.3248 -0.2725
-0.2857 -0.1923 0.0771 0.2331 -0.1142 -0.2998 -0.3324 -0.3066 -0.0681 0.1143 0.2336 -0.1817 -0.3130 -0.3325 -0.2882 0.0143 0.1650 0.0987 -0.2444 -0.3237 -0.3259 -0.2315 0.0635 0.2216 -0.0870 -0.2960 -0.3316 -0.3087 -0.0755 0.1154 0.2261 -0.1970 -0.3174 -0.3298 -0.2576 0.0557 0.2203 -0.0989 -0.3001 -0.3329 -0.2990 -0.0073 0.1580 0.0712 -0.2698 -0.3284 -0.3157 -0.1084 0.1107 0.2318 -0.0984 0.2318 0.1107 -0.1084 -0.3157 -0.3284 -0.2698 0.0712 0.1580 -0.0073 -0.2990 -0.3329 -0.3001 -0.0989 0.2203 0.0557 -0.2576 -0.3298 -0.3174 -0.1970 0.2261 0.1154 -0.0755 -0.3087 -0.3316 -0.2960 -0.0870 0.2216 0.0635 -0.2315 -0.3259 -0.3237 -0.2444 0.0987 0.1650 0.0143 -0.2882 -0.3325 -0.3130 -0.1817 0.2336 0.1143 -0.0681 -0.3066 -0.3324 -0.2998 -0.1142 0.2331 0.0771 -0.1923 -0.2857
-0.1893 0.0875 0.2393 -0.1327 -0.3032 -0.3330 -0.3025 -0.0428 0.1243 0.2178 -0.1964 -0.3158 -0.3316 -0.2801 0.0277 0.1827 0.0452 -0.2613 -0.3258 -0.3235 -0.2101 0.0718 0.2289 -0.1047 -0.2985 -0.3322 -0.3066 -0.0637 0.1186 0.2223 -0.1986 -0.3174 -0.3300 -0.2608 0.0525 0.2163 -0.0871 -0.2980 -0.3326 -0.3019 -0.0220 0.1460 0.1173 -0.2537 -0.3268 -0.3191 -0.1396 0.1018 0.2369 -0.1871 -0.2974 -0.1871 0.2369 0.1018 -0.1396 -0.3191 -0.3268 -0.2537 0.1173 0.1460 -0.0220 -0.3019 -0.3326 -0.2980 -0.0871 0.2163 0.0525 -0.2608 -0.3300 -0.3174 -0.1986 0.2223 0.1186 -0.0637 -0.3066 -0.3322 -0.2985 -0.1047 0.2289 0.0718 -0.2101 -0.3235 -0.3258 -0.2613 0.0452 0.1827 0.0277 -0.2801 -0.3316 -0.3158 -0.1964 0.2178 0.1243 -0.0428 -0.3025 -0.3330 -0.3032 -0.1327 0.2393 0.0875 -0.1893
0.0864 0.2426 -0.1494 -0.3064 -0.3332 -0.2985 -0.0212 0.1354 0.1915 -0.2112 -0.3185 -0.3303 -0.2691 0.0396 0.1975 -0.0033 -0.2790 -0.3277 -0.3206 -0.1838 0.0803 0.2357 -0.1221 -0.3014 -0.3328 -0.3038 -0.0478 0.1240 0.2135 -0.2034 -0.3179 -0.3298 -0.2608 0.0514 0.2141 -0.0791 -0.2966 -0.3322 -0.3042 -0.0359 0.1368 0.1546 -0.2400 -0.3250 -0.3219 -0.1688 0.0931 0.2424 -0.1768 -0.3175 -0.3449 -0.3175 -0.1768 0.2424 0.0931 -0.1688 -0.3219 -0.3250 -0.2400 0.1546 0.1368 -0.0359 -0.3042 -0.3322 -0.2966 -0.0791 0.2141 0.0514 -0.2608 -0.3298 -0.3179 -0.2034 0.2135 0.1240 -0.0478 -0.3038 -0.3328 -0.3014 -0.1221 0.2357 0.0803 -0.1838 -0.3206 -0.3277 -0.2790 -0.0033 0.1975 0.0396 -0.2691 -0.3303 -0.3185 -0.2112 0.1915 0.1354 -0.0212 -0.2985 -0.3332 -0.3064 -0.1494 0.2426 0.0864
0.2282 -0.1650 -0.3096 -0.3331 -0.2943 -0.0030 0.1481 0.1535 -0.2264 -0.3211 -0.3285 -0.2547 0.0504 0.2078 -0.0423 -0.2898 -0.3293 -0.3173 -0.1537 0.0890 0.2408 -0.1387 -0.3044 -0.3331 -0.3005 -0.0304 0.1315 0.1973 -0.2111 -0.3191 -0.3293 -0.2576 0.0525 0.2141 -0.0763 -0.2958 -0.3319 -0.3059 -0.0474 0.1301 0.1807 -0.2286 -0.3233 -0.3242 -0.1939 0.0852 0.2424 -0.1621 -0.3121 -0.3439 -0.3398 -0.3439 -0.3121 -0.1621 0.2424 0.0852 -0.1939 -0.3242 -0.3233 -0.2286 0.1807 0.1301 -0.0474 -0.3059 -0.3319 -0.2958 -0.0763 0.2141 0.0525 -0.2576 -0.3293 -0.3191 -0.2111 0.1973 0.1315 -0.0304 -0.3005 -0.3331 -0.3044 -0.1387 0.2408 0.0890 -0.1537 -0.3173 -0.3293 -0.2898 -0.0423 0.2078 0.0504 -0.2547 -0.3285 -0.3211 -0.2264 0.1535 0.1481 -0.0030 -0.2943 -0.3331 -0.3096 -0.1650 0.2282
-0.1555 -0.3129 -0.3326 -0.2889 0.0127 0.1631 0.1047 -0.2423 -0.3234 -0.3264 -0.2364 0.0605 0.2177 -0.0729 -0.2934 -0.3307 -0.3136 -0.1218 0.0979 0.2429 -0.1546 -0.3075 -0.3332 -0.2970 -0.0133 0.1412 0.1714 -0.2215 -0.3206 -0.3284 -0.2508 0.0557 0.2163 -0.0791 -0.2958 -0.3319 -0.3067 -0.0551 0.1257 0.1968 -0.2197 -0.3218 -0.3259 -0.2141 0.0779 0.2393 -0.1481 -0.3091 -0.3324 -0.2841 -0.0664 -0.2841 -0.3324 -0.3091 -0.1481 0.2393 0.0779 -0.2141 -0.3259 -0.3218 -0.2197 0.1968 0.1257 -0.0551 -0.3067 -0.3319 -0.2958 -0.0791 0.2163 0.0557 -0.2508 -0.3284 -0.3206 -0.2215 0.1714 0.1412 -0.0133 -0.2970 -0.3332 -0.3075 -0.1546 0.2429 0.0979 -0.1218 -0.3136 -0.3307 -0.2934 -0.0729 0.2177 0.0605 -0.2364 -0.3264 -0.3234 -0.2423 0.1047 0.1631 0.0127 -0.2889 -0.3326 -0.3129 -0.1555
-0.2604 -0.3320 -0.2812 0.0263 0.1810 0.0511 -0.2593 -0.3255 -0.3239 -0.2139 0.0700 0.2268 -0.0976 -0.2970 -0.3318 -0.3097 -0.0908 0.1069 0.2402 -0.1700 -0.3106 -0.3330 -0.2928 0.0027 0.1534 0.1340 -0.2341 -0.3224 -0.3270 -0.2397 0.0607 0.2203 -0.0871 -0.2966 -0.3319 -0.3067 -0.0578 0.1236 0.2054 -0.2138 -0.3207 -0.3272 -0.2289 0.0714 0.2347 -0.1344 -0.3064 -0.3329 -0.2893 0.0251 0.1062 0.0251 -0.2893 -0.3329 -0.3064 -0.1344 0.2347 0.0714 -0.2289 -0.3272 -0.3207 -0.2138 0.2054 0.1236 -0.0578 -0.3067 -0.3319 -0.2966 -0.0871 0.2203 0.0607 -0.2397 -0.3270 -0.3224 -0.2341 0.1340 0.1534 0.0027 -0.2928 -0.3330 -0.3106 -0.1700 0.2402 0.1069 -0.0908 -0.3097 -0.3318 -0.2970 -0.0976 0.2268 0.0700 -0.2139 -0.3239 -0.3255 -0.2593 0.0511 0.1810 0.0263 -0.2812 -0.3320 -0.2604
-0.2889 -0.2705 0.0382 0.1962 0.0017 -0.2776 -0.3275 -0.3209 -0.1872 0.0791 0.2346 -0.1183 -0.3005 -0.3326 -0.3057 -0.0625 0.1164 0.2310 -0.1848 -0.3136 -0.3323 -0.2867 0.0172 0.1687 0.0863 -0.2486 -0.3243 -0.3251 -0.2236 0.0672 0.2256 -0.0989 -0.2980 -0.3322 -0.3059 -0.0551 0.1236 0.2081 -0.2107 -0.3199 -0.3280 -0.2388 0.0663 0.2299 -0.1217 -0.3039 -0.3332 -0.2943 0.0125 0.1606 0.2314 0.1606 0.0125 -0.2943 -0.3332 -0.3039 -0.1217 0.2299 0.0663 -0.2388 -0.3280 -0.3199 -0.2107 0.2081 0.1236 -0.0551 -0.3059 -0.3322 -0.2980 -0.0989 0.2256 0.0672 -0.2236 -0.3251 -0.3243 -0.2486 0.0863 0.1687 0.0172 -0.2867 -0.3323 -0.3136 -0.1848 0.2310 0.1164 -0.0625 -0.3057 -0.3326 -0.3005 -0.1183 0.2346 0.0791 -0.1872 -0.3209 -0.3275 -0.2776 0.0017 0.1962 0.0382 -0.2705 -0.2889
-0.2520 0.0505 0.2066 -0.0384 -0.2893 -0.3291 -0.3177 -0.1572 0.0880 0.2403 -0.1364 -0.3039 -0.3331 -0.3016 -0.0379 0.1266 0.2132 -0.1995 -0.3164 -0.3313 -0.2780 0.0303 0.1858 0.0343 -0.2652 -0.3262 -0.3227 -0.2025 0.0747 0.2318 -0.1130 -0.3001 -0.3326 -0.3042 -0.0474 0.1257 0.2054 -0.2107 -0.3197 -0.3283 -0.2447 0.0626 0.2260 -0.1109 -0.3018 -0.3331 -0.2974 -0.0009 0.1627 0.0742 -0.1944 0.0742 0.1627 -0.0009 -0.2974 -0.3331 -0.3018 -0.1109 0.2260 0.0626 -0.2447 -0.3283 -0.3197 -0.2107 0.2054 0.1257 -0.0474 -0.3042 -0.3326 -0.3001 -0.1130 0.2318 0.0747 -0.2025 -0.3227 -0.3262 -0.2652 0.0343 0.1858 0.0303 -0.2780 -0.3313 -0.3164 -0.1995 0.2132 0.1266 -0.0379 -0.3016 -0.3331 -0.3039 -0.1364 0.2403 0.0880 -0.1572 -0.3177 -0.3291 -0.2893 -0.0384 0.2066 0.0505 -0.2520
0.0455 0.2166 -0.0698 -0.2930 -0.3305 -0.3141 -0.1254 0.0968 0.2429 -0.1528 -0.3071 -0.3332 -0.2977 -0.0171 0.1379 0.1845 -0.2144 -0.3191 -0.3299 -0.2664 0.0420 0.1997 -0.0123 -0.2814 -0.3280 -0.3198 -0.1766 0.0827 0.2376 -0.1282 -0.3026 -0.3329 -0.3019 -0.0359 0.1301 0.1968 -0.2138 -0.3199 -0.3283 -0.2466 0.0606 0.2234 -0.1030 -0.3002 -0.3329 -0.2998 -0.0133 0.1519 0.0952 -0.2570 -0.3146 -0.2570 0.0952 0.1519 -0.0133 -0.2998 -0.3329 -0.3002 -0.1030 0.2234 0.0606 -0.2466 -0.3283 -0.3199 -0.2138 0.1968 0.1301 -0.0359 -0.3019 -0.3329 -0.3026 -0.1282 0.2376 0.0827 -0.1766 -0.3198 -0.3280 -0.2814 -0.0123 0.1997 0.0420 -0.2664 -0.3299 -0.3191 -0.2144 0.1845 0.1379 -0.0171 -0.2977 -0.3332 -0.3071 -0.1528 0.2429 0.0968 -0.1254 -0.3141 -0.3305 -0.2930 -0.0698 0.2166 0.0455
0.2156 -0.0951 -0.2966 -0.3317 -0.3102 -0.0941 0.1059 0.2408 -0.1683 -0.3102 -0.3330 -0.2934 0.0005 0.1511 0.1440 -0.2297 -0.3216 -0.3281 -0.2512 0.0526 0.2099 -0.0494 -0.2906 -0.3296 -0.3165 -0.1468 0.0910 0.2417 -0.1434 -0.3054 -0.3332 -0.2990 -0.0220 0.1368 0.1807 -0.2197 -0.3207 -0.3280 -0.2447 0.0606 0.2225 -0.0986 -0.2992 -0.3327 -0.3017 -0.0238 0.1432 0.1326 -0.2476 -0.3309 -0.3520 -0.3309 -0.2476 0.1326 0.1432 -0.0238 -0.3017 -0.3327 -0.2992 -0.0986 0.2225 0.0606 -0.2447 -0.3280 -0.3207 -0.2197 0.1807 0.1368 -0.0220 -0.2990 -0.3332 -0.3054 -0.1434 0.2417 0.0910 -0.1468 -0.3165 -0.3296 -0.2906 -0.0494 0.2099 0.0526 -0.2512 -0.3281 -0.3216 -0.2297 0.1440 0.1511 0.0005 -0.2934 -0.3330 -0.3102 -0.1683 0.2408 0.1059 -0.0941 -0.3102 -0.3317 -0.2966 -0.0951 0.2156
-0.1027 -0.3004 -0.3325 -0.3062 -0.0655 0.1153 0.2325 -0.1831 -0.3132 -0.3324 -0.2875 0.0157 0.1667 0.0935 -0.2458 -0.3239 -0.3259 -0.2320 0.0625 0.2197 -0.0786 -0.2942 -0.3309 -0.3128 -0.1151 0.0997 0.2428 -0.1582 -0.3083 -0.3332 -0.2957 -0.0073 0.1460 0.1546 -0.2286 -0.3218 -0.3272 -0.2388 0.0626 0.2234 -0.0986 -0.2989 -0.3326 -0.3028 -0.0315 0.1375 0.1578 -0.2370 -0.3244 -0.3372 -0.3095 -0.3372 -0.3244 -0.2370 0.1578 0.1375 -0.0315 -0.3028 -0.3326 -0.2989 -0.0986 0.2234 0.0626 -0.2388 -0.3272 -0.3218 -0.2286 0.1546 0.1460 -0.0073 -0.2957 -0.3332 -0.3083 -0.1582 0.2428 0.0997 -0.1151 -0.3128 -0.3309 -0.2942 -0.0786 0.2197 0.0625 -0.2320 -0.3259 -0.3239 -0.2458 0.0935 0.1667 0.0157 -0.2875 -0.3324 -0.3132 -0.1831 0.2325 0.1153 -0.0655 -0.3062 -0.3325 -0.3004 -0.1027
-0.2463 -0.3334 -0.3021 -0.0405 0.1254 0.2157 -0.1978 -0.3161 -0.3315 -0.2792 0.0289 0.1841 0.0401 -0.2630 -0.3260 -0.3233 -0.2086 0.0719 0.2286 -0.1022 -0.2978 -0.3320 -0.3089 -0.0845 0.1089 0.2389 -0.1731 -0.3113 -0.3329 -0.2914 0.0071 0.1580 0.1173 -0.2400 -0.3233 -0.3259 -0.2289 0.0663 0.2260 -0.1030 -0.2992 -0.3326 -0.3031 -0.0357 0.1341 0.1728 -0.2297 -0.3232 -0.3241 -0.1945 0.0222 -0.1945 -0.3241 -0.3232 -0.2297 0.1728 0.1341 -0.0357 -0.3031 -0.3326 -0.2992 -0.1030 0.2260 0.0663 -0.2289 -0.3259 -0.3233 -0.2400 0.1173 0.1580 0.0071 -0.2914 -0.3329 -0.3113 -0.1731 0.2389 0.1089 -0.0845 -0.3089 -0.3320 -0.2978 -0.1022 0.2286 0.0719 -0.2086 -0.3233 -0.3260 -0.2630 0.0401 0.1841 0.0289 -0.2792 -0.3315 -0.3161 -0.1978 0.2157 0.1254 -0.0405 -0.3021 -0.3334 -0.2463
-0.2870 -0.2985 -0.0194 0.1366 0.1883 -0.2127 -0.3188 -0.3301 -0.2679 0.0407 0.1985 -0.0075 -0.2801 -0.3278 -0.3203 -0.1811 0.0810 0.2360 -0.1223 -0.3012 -0.3327 -0.3048 -0.0569 0.1185 0.2280 -0.1879 -0.3142 -0.3322 -0.2850 0.0204 0.1732 0.0712 -0.2537 -0.3250 -0.3242 -0.2141 0.0714 0.2299 -0.1109 -0.3002 -0.3327 -0.3028 -0.0357 0.1330 0.1799 -0.2253 -0.3224 -0.3255 -0.2133 0.0754 0.1583 0.0754 -0.2133 -0.3255 -0.3224 -0.2253 0.1799 0.1330 -0.0357 -0.3028 -0.3327 -0.3002 -0.1109 0.2299 0.0714 -0.2141 -0.3242 -0.3250 -0.2537 0.0712 0.1732 0.0204 -0.2850 -0.3322 -0.3142 -0.1879 0.2280 0.1185 -0.0569 -0.3048 -0.3327 -0.3012 -0.1223 0.2360 0.0810 -0.1811 -0.3203 -0.3278 -0.2801 -0.0075 0.1985 0.0407 -0.2679 -0.3301 -0.3188 -0.2127 0.1883 0.1366 -0.0194 -0.2985 -0.2870
-0.2707 0.0000 0.1494 0.1491 -0.2280 -0.3213 -0.3283 -0.2531 0.0515 0.2088 -0.0457 -0.2902 -0.3294 -0.3169 -0.1506 0.0898 0.2412 -0.1400 -0.3046 -0.3331 -0.3008 -0.0332 0.1288 0.2081 -0.2026 -0.3170 -0.3311 -0.2758 0.0329 0.1891 0.0227 -0.2698 -0.3268 -0.3219 -0.1939 0.0779 0.2347 -0.1217 -0.3018 -0.3329 -0.3017 -0.0315 0.1341 0.1799 -0.2238 -0.3219 -0.3263 -0.2238 0.0727 0.2241 0.0921 0.2241 0.0727 -0.2238 -0.3263 -0.3219 -0.2238 0.1799 0.1341 -0.0315 -0.3017 -0.3329 -0.3018 -0.1217 0.2347 0.0779 -0.1939 -0.3219 -0.3268 -0.2698 0.0227 0.1891 0.0329 -0.2758 -0.3311 -0.3170 -0.2026 0.2081 0.1288 -0.0332 -0.3008 -0.3331 -0.3046 -0.1400 0.2412 0.0898 -0.1506 -0.3169 -0.3294 -0.2902 -0.0457 0.2088 0.0515 -0.2531 -0.3283 -0.3213 -0.2280 0.1491 0.1494 0.0000 -0.2707
-0.0087 0.1648 0.0996 -0.2440 -0.3236 -0.3262 -0.2344 0.0614 0.2186 -0.0756 -0.2938 -0.3308 -0.3133 -0.1187 0.0987 0.2429 -0.1562 -0.3078 -0.3332 -0.2968 -0.0131 0.1405 0.1769 -0.2176 -0.3196 -0.3296 -0.2635 0.0443 0.2018 -0.0209 -0.2839 -0.3284 -0.3191 -0.1688 0.0852 0.2393 -0.1344 -0.3039 -0.3331 -0.2998 -0.0238 0.1375 0.1728 -0.2253 -0.3219 -0.3265 -0.2281 0.0698 0.2321 -0.1183 -0.2661 -0.1183 0.2321 0.0698 -0.2281 -0.3265 -0.3219 -0.2253 0.1728 0.1375 -0.0238 -0.2998 -0.3331 -0.3039 -0.1344 0.2393 0.0852 -0.1688 -0.3191 -0.3284 -0.2839 -0.0209 0.2018 0.0443 -0.2635 -0.3296 -0.3196 -0.2176 0.1769 0.1405 -0.0131 -0.2968 -0.3332 -0.3078 -0.1562 0.2429 0.0987 -0.1187 -0.3133 -0.3308 -0.2938 -0.0756 0.2186 0.0614 -0.2344 -0.3262 -0.3236 -0.2440 0.0996 0.1648 -0.0087
0.1750 0.0457 -0.2610 -0.3257 -0.3236 -0.2115 0.0709 0.2277 -0.0998 -0.2974 -0.3319 -0.3094 -0.0878 0.1078 0.2396 -0.1714 -0.3109 -0.3329 -0.2923 0.0039 0.1541 0.1340 -0.2330 -0.3221 -0.3277 -0.2475 0.0548 0.2120 -0.0561 -0.2913 -0.3299 -0.3157 -0.1396 0.0931 0.2424 -0.1481 -0.3064 -0.3332 -0.2974 -0.0133 0.1432 0.1578 -0.2297 -0.3224 -0.3263 -0.2281 0.0688 0.2304 -0.1193 -0.3038 -0.3336 -0.3038 -0.1193 0.2304 0.0688 -0.2281 -0.3263 -0.3224 -0.2297 0.1578 0.1432 -0.0133 -0.2974 -0.3332 -0.3064 -0.1481 0.2424 0.0931 -0.1396 -0.3157 -0.3299 -0.2913 -0.0561 0.2120 0.0548 -0.2475 -0.3277 -0.3221 -0.2330 0.1340 0.1541 0.0039 -0.2923 -0.3329 -0.3109 -0.1714 0.2396 0.1078 -0.0878 -0.3094 -0.3319 -0.2974 -0.0998 0.2277 0.0709 -0.2115 -0.3236 -0.3257 -0.2610 0.0457 0.1750
-0.0006 -0.2791 -0.3276 -0.3205 -0.1844 0.0800 0.2353 -0.1202 -0.3008 -0.3325 -0.3052 -0.0598 0.1174 0.2296 -0.1863 -0.3138 -0.3321 -0.2859 0.0186 0.1705 0.0819 -0.2494 -0.3243 -0.3252 -0.2274 0.0646 0.2217 -0.0840 -0.2950 -0.3311 -0.3119 -0.1084 0.1018 0.2424 -0.1621 -0.3091 -0.3329 -0.2943 -0.0009 0.1519 0.1326 -0.2370 -0.3232 -0.3255 -0.2238 0.0698 0.2304 -0.1167 -0.3022 -0.3415 -0.3490 -0.3415 -0.3022 -0.1167 0.2304 0.0698 -0.2238 -0.3255 -0.3232 -0.2370 0.1326 0.1519 -0.0009 -0.2943 -0.3329 -0.3091 -0.1621 0.2424 0.1018 -0.1084 -0.3119 -0.3311 -0.2950 -0.0840 0.2217 0.0646 -0.2274 -0.3252 -0.3243 -0.2494 0.0819 0.1705 0.0186 -0.2859 -0.3321 -0.3138 -0.1863 0.2296 0.1174 -0.0598 -0.3052 -0.3325 -0.3008 -0.1202 0.2353 0.0800 -0.1844 -0.3205 -0.3276 -0.2791 -0.0006
-0.2307 -0.3296 -0.3169 -0.1522 0.0890 0.2408 -0.1386 -0.3043 -0.3329 -0.3009 -0.0344 0.1273 0.2099 -0.2013 -0.3168 -0.3309 -0.2763 0.0321 0.1877 0.0276 -0.2672 -0.3264 -0.3222 -0.2014 0.0741 0.2305 -0.1074 -0.2987 -0.3320 -0.3076 -0.0767 0.1107 0.2369 -0.1768 -0.3121 -0.3324 -0.2893 0.0125 0.1627 0.0952 -0.2476 -0.3244 -0.3241 -0.2133 0.0727 0.2321 -0.1193 -0.3022 -0.3325 -0.3088 -0.1689 -0.3088 -0.3325 -0.3022 -0.1193 0.2321 0.0727 -0.2133 -0.3241 -0.3244 -0.2476 0.0952 0.1627 0.0125 -0.2893 -0.3324 -0.3121 -0.1768 0.2369 0.1107 -0.0767 -0.3076 -0.3320 -0.2987 -0.1074 0.2305 0.0741 -0.2014 -0.3222 -0.3264 -0.2672 0.0276 0.1877 0.0321 -0.2763 -0.3309 -0.3168 -0.2013 0.2099 0.1273 -0.0344 -0.3009 -0.3329 -0.3043 -0.1386 0.2408 0.0890 -0.1522 -0.3169 -0.3296 -0.2307
-0.2843 -0.3286 -0.1162 0.0946 0.2437 -0.1495 -0.3091 -0.3433 -0.3055 -0.0126 0.1301 0.1952 -0.2124 -0.3228 -0.3429 -0.2623 0.0432 0.1826 0.0001 -0.2824 -0.3341 -0.3346 -0.1685 0.0809 0.2289 -0.1199 -0.3029 -0.3416 -0.3163 -0.0475 0.1147 0.2318 -0.1871 -0.3175 -0.3439 -0.2841 0.0251 0.1606 0.0742 -0.2570 -0.3309 -0.3372 -0.1945 0.0754 0.2241 -0.1183 -0.3038 -0.3415 -0.3088 -0.0101 0.0819 -0.0101 -0.3088 -0.3415 -0.3038 -0.1183 0.2241 0.0754 -0.1945 -0.3372 -0.3309 -0.2570 0.0742 0.1606 0.0251 -0.2841 -0.3439 -0.3175 -0.1871 0.2318 0.1147 -0.0475 -0.3163 -0.3416 -0.3029 -0.1199 0.2289 0.0809 -0.1685 -0.3346 -0.3341 -0.2824 0.0001 0.1826 0.0432 -0.2623 -0.3429 -0.3228 -0.2124 0.1952 0.1301 -0.0126 -0.3055 -0.3433 -0.3091 -0.1495 0.2437 0.0946 -0.1162 -0.3286 -0.2843
-0.3076 -0.2632 0.0496 0.1892 -0.0167 -0.2873 -0.3386 -0.3481 -0.1463 0.0840 0.2254 -0.1385 -0.3041 -0.3483 -0.3318 -0.0274 0.1208 0.2183 -0.2266 -0.3198 -0.3533 -0.2952 0.0330 0.1670 0.0666 -0.2704 -0.3337 -0.3514 -0.2022 0.0703 0.2125 -0.0984 -0.2974 -0.3449 -0.3398 -0.0664 0.1062 0.2314 -0.1944 -0.3146 -0.3520 -0.3095 0.0222 0.1583 0.0921 -0.2661 -0.3336 -0.3490 -0.1689 0.0819 0.1565 0.0819 -0.1689 -0.3490 -0.3336 -0.2661 0.0921 0.1583 0.0222 -0.3095 -0.3520 -0.3146 -0.1944 0.2314 0.1062 -0.0664 -0.3398 -0.3449 -0.2974 -0.0984 0.2125 0.0703 -0.2022 -0.3514 -0.3337 -0.2704 0.0666 0.1670 0.0330 -0.2952 -0.3533 -0.3198 -0.2266 0.2183 0.1208 -0.0274 -0.3318 -0.3483 -0.3041 -0.1385 0.2254 0.0840 -0.1463 -0.3481 -0.3386 -0.2873 -0.0167 0.1892 0.0496 -0.2632 -0.3076
