0.2079 0.2029 0.2777 0.4035 0.4844 0.3760 0.1874 0.1911 0.2534 0.3661 0.4844 0.4228 0.2095 0.1825 0.2325 0.3320 0.4687 0.4549 0.2615 0.1785 0.2150 0.3013 0.4365 0.4752 0.3265 0.1803 0.2008 0.2739 0.3978 0.4851 0.3840 0.1895 0.1896 0.2500 0.3607 0.4831 0.4286 0.2153 0.1815 0.2296 0.3272 0.4647 0.4587 0.2713 0.1784 0.2126 0.2969 0.4308 0.4770 0.3419 0.2001 0.3419 0.4770 0.4308 0.2969 0.2126 0.1784 0.2713 0.4587 0.4647 0.3272 0.2296 0.1815 0.2153 0.4286 0.4831 0.3607 0.2500 0.1896 0.1895 0.3840 0.4851 0.3978 0.2739 0.2008 0.1803 0.3265 0.4752 0.4365 0.3013 0.2150 0.1785 0.2615 0.4549 0.4687 0.3320 0.2325 0.1825 0.2095 0.4228 0.4844 0.3661 0.2534 0.1911 0.1874 0.3760 0.4844 0.4035 0.2777 0.2029 0.2079
0.2029 0.2708 0.4072 0.4849 0.3773 0.1658 0.1682 0.2398 0.3645 0.4866 0.4236 0.1967 0.1573 0.2162 0.3270 0.4725 0.4547 0.2599 0.1530 0.1963 0.2930 0.4398 0.4752 0.3283 0.1560 0.1797 0.2626 0.3987 0.4860 0.3860 0.1688 0.1662 0.2359 0.3585 0.4856 0.4292 0.2046 0.1562 0.2130 0.3216 0.4686 0.4585 0.2706 0.1529 0.1936 0.2881 0.4338 0.4774 0.3373 0.1561 0.1525 0.1561 0.3373 0.4774 0.4338 0.2881 0.1936 0.1529 0.2706 0.4585 0.4686 0.3216 0.2130 0.1562 0.2046 0.4292 0.4856 0.3585 0.2359 0.1662 0.1688 0.3860 0.4860 0.3987 0.2626 0.1797 0.1560 0.3283 0.4752 0.4398 0.2930 0.1963 0.1530 0.2599 0.4547 0.4725 0.3270 0.2162 0.1573 0.1967 0.4236 0.4866 0.3645 0.2398 0.1682 0.1658 0.3773 0.4849 0.4072 0.2708 0.2029
0.2777 0.4072 0.4850 0.3858 0.1696 0.1653 0.2334 0.3540 0.4839 0.4326 0.2103 0.1554 0.2104 0.3172 0.4645 0.4606 0.2780 0.1529 0.1915 0.2842 0.4284 0.4783 0.3444 0.1580 0.1758 0.2549 0.3871 0.4863 0.3987 0.1747 0.1631 0.2293 0.3479 0.4821 0.4378 0.2198 0.1545 0.2074 0.3120 0.4599 0.4639 0.2887 0.1532 0.1889 0.2795 0.4222 0.4802 0.3533 0.1596 0.1703 0.2040 0.1703 0.1596 0.3533 0.4802 0.4222 0.2795 0.1889 0.1532 0.2887 0.4639 0.4599 0.3120 0.2074 0.1545 0.2198 0.4378 0.4821 0.3479 0.2293 0.1631 0.1747 0.3987 0.4863 0.3871 0.2549 0.1758 0.1580 0.3444 0.4783 0.4284 0.2842 0.1915 0.1529 0.2780 0.4606 0.4645 0.3172 0.2104 0.1554 0.2103 0.4326 0.4839 0.3540 0.2334 0.1653 0.1696 0.3858 0.4850 0.4072 0.2777
0.4035 0.4849 0.3858 0.1715 0.1637 0.2291 0.3460 0.4813 0.4404 0.2257 0.1541 0.2053 0.3085 0.4565 0.4661 0.2959 0.1534 0.1872 0.2764 0.4180 0.4814 0.3595 0.1608 0.1723 0.2480 0.3768 0.4867 0.4102 0.1826 0.1603 0.2234 0.3384 0.4784 0.4455 0.2366 0.1535 0.2023 0.3034 0.4513 0.4690 0.3062 0.1540 0.1847 0.2719 0.4117 0.4829 0.3681 0.1629 0.1705 0.2403 0.3051 0.2403 0.1705 0.1629 0.3681 0.4829 0.4117 0.2719 0.1847 0.1540 0.3062 0.4690 0.4513 0.3034 0.2023 0.1535 0.2366 0.4455 0.4784 0.3384 0.2234 0.1603 0.1826 0.4102 0.4867 0.3768 0.2480 0.1723 0.1608 0.3595 0.4814 0.4180 0.2764 0.1872 0.1534 0.2959 0.4661 0.4565 0.3085 0.2053 0.1541 0.2257 0.4404 0.4813 0.3460 0.2291 0.1637 0.1715 0.3858 0.4849 0.4035
0.4844 0.3773 0.1696 0.1637 0.2274 0.3412 0.4787 0.4465 0.2406 0.1533 0.2006 0.3002 0.4476 0.4709 0.3133 0.1545 0.1831 0.2688 0.4074 0.4837 0.3739 0.1645 0.1689 0.2413 0.3667 0.4861 0.4207 0.1929 0.1579 0.2176 0.3291 0.4733 0.4525 0.2543 0.1529 0.1975 0.2950 0.4418 0.4734 0.3232 0.1553 0.1807 0.2644 0.4011 0.4848 0.3819 0.1671 0.1671 0.2379 0.3606 0.4516 0.3606 0.2379 0.1671 0.1671 0.3819 0.4848 0.4011 0.2644 0.1807 0.1553 0.3232 0.4734 0.4418 0.2950 0.1975 0.1529 0.2543 0.4525 0.4733 0.3291 0.2176 0.1579 0.1929 0.4207 0.4861 0.3667 0.2413 0.1689 0.1645 0.3739 0.4837 0.4074 0.2688 0.1831 0.1545 0.3133 0.4709 0.4476 0.3002 0.2006 0.1533 0.2406 0.4465 0.4787 0.3412 0.2274 0.1637 0.1696 0.3773 0.4844
0.3760 0.1658 0.1653 0.2291 0.3412 0.4775 0.4498 0.2518 0.1529 0.1967 0.2928 0.4385 0.4749 0.3296 0.1561 0.1792 0.2614 0.3967 0.4854 0.3873 0.1692 0.1658 0.2349 0.3567 0.4845 0.4301 0.2060 0.1559 0.2121 0.3200 0.4669 0.4588 0.2724 0.1528 0.1929 0.2868 0.4317 0.4773 0.3395 0.1573 0.1769 0.2571 0.3905 0.4861 0.3948 0.1726 0.1640 0.2313 0.3514 0.4816 0.4679 0.4816 0.3514 0.2313 0.1640 0.1726 0.3948 0.4861 0.3905 0.2571 0.1769 0.1573 0.3395 0.4773 0.4317 0.2868 0.1929 0.1528 0.2724 0.4588 0.4669 0.3200 0.2121 0.1559 0.2060 0.4301 0.4845 0.3567 0.2349 0.1658 0.1692 0.3873 0.4854 0.3967 0.2614 0.1792 0.1561 0.3296 0.4749 0.4385 0.2928 0.1967 0.1529 0.2518 0.4498 0.4775 0.3412 0.2291 0.1653 0.1658 0.3760
0.1874 0.1682 0.2334 0.3460 0.4787 0.4498 0.2560 0.1529 0.1940 0.2869 0.4303 0.4781 0.3442 0.1581 0.1756 0.2543 0.3862 0.4864 0.3998 0.1754 0.1628 0.2287 0.3470 0.4819 0.4386 0.2213 0.1544 0.2069 0.3112 0.4591 0.4645 0.2904 0.1532 0.1885 0.2788 0.4213 0.4805 0.3549 0.1599 0.1733 0.2501 0.3800 0.4867 0.4068 0.1799 0.1612 0.2252 0.3414 0.4798 0.4415 0.3395 0.4415 0.4798 0.3414 0.2252 0.1612 0.1799 0.4068 0.4867 0.3800 0.2501 0.1733 0.1599 0.3549 0.4805 0.4213 0.2788 0.1885 0.1532 0.2904 0.4645 0.4591 0.3112 0.2069 0.1544 0.2213 0.4386 0.4819 0.3470 0.2287 0.1628 0.1754 0.3998 0.4864 0.3862 0.2543 0.1756 0.1581 0.3442 0.4781 0.4303 0.2869 0.1940 0.1529 0.2560 0.4498 0.4787 0.3460 0.2334 0.1682 0.1874
0.1911 0.2398 0.3540 0.4813 0.4465 0.2518 0.1529 0.1931 0.2837 0.4245 0.4803 0.3560 0.1604 0.1724 0.2479 0.3763 0.4866 0.4113 0.1835 0.1601 0.2228 0.3375 0.4780 0.4462 0.2383 0.1534 0.2018 0.3025 0.4504 0.4695 0.3079 0.1541 0.1843 0.2711 0.4107 0.4831 0.3695 0.1632 0.1700 0.2434 0.3698 0.4864 0.4176 0.1894 0.1586 0.2194 0.3320 0.4751 0.4499 0.2543 0.1524 0.2543 0.4499 0.4751 0.3320 0.2194 0.1586 0.1894 0.4176 0.4864 0.3698 0.2434 0.1700 0.1632 0.3695 0.4831 0.4107 0.2711 0.1843 0.1541 0.3079 0.4695 0.4504 0.3025 0.2018 0.1534 0.2383 0.4462 0.4780 0.3375 0.2228 0.1601 0.1835 0.4113 0.4866 0.3763 0.2479 0.1724 0.1604 0.3560 0.4803 0.4245 0.2837 0.1931 0.1529 0.2518 0.4465 0.4813 0.3540 0.2398 0.1911
0.2534 0.3645 0.4839 0.4404 0.2406 0.1529 0.1940 0.2837 0.4224 0.4814 0.3639 0.1627 0.1699 0.2425 0.3674 0.4861 0.4211 0.1938 0.1577 0.2171 0.3282 0.4727 0.4532 0.2561 0.1529 0.1970 0.2941 0.4408 0.4739 0.3249 0.1555 0.1803 0.2636 0.4000 0.4850 0.3832 0.1676 0.1667 0.2369 0.3598 0.4851 0.4273 0.2017 0.1565 0.2138 0.3228 0.4690 0.4569 0.2663 0.1508 0.1632 0.1508 0.2663 0.4569 0.4690 0.3228 0.2138 0.1565 0.2017 0.4273 0.4851 0.3598 0.2369 0.1667 0.1676 0.3832 0.4850 0.4000 0.2636 0.1803 0.1555 0.3249 0.4739 0.4408 0.2941 0.1970 0.1529 0.2561 0.4532 0.4727 0.3282 0.2171 0.1577 0.1938 0.4211 0.4861 0.3674 0.2425 0.1699 0.1627 0.3639 0.4814 0.4224 0.2837 0.1940 0.1529 0.2406 0.4404 0.4839 0.3645 0.2534
0.3661 0.4866 0.4326 0.2257 0.1533 0.1967 0.2869 0.4245 0.4814 0.3667 0.1641 0.1683 0.2384 0.3601 0.4849 0.4293 0.2056 0.1559 0.2118 0.3193 0.4662 0.4594 0.2742 0.1529 0.1925 0.2860 0.4307 0.4776 0.3411 0.1575 0.1766 0.2564 0.3894 0.4862 0.3961 0.1733 0.1637 0.2306 0.3500 0.4828 0.4360 0.2164 0.1548 0.2085 0.3139 0.4617 0.4628 0.2848 0.1532 0.1862 0.2278 0.1862 0.1532 0.2848 0.4628 0.4617 0.3139 0.2085 0.1548 0.2164 0.4360 0.4828 0.3500 0.2306 0.1637 0.1733 0.3961 0.4862 0.3894 0.2564 0.1766 0.1575 0.3411 0.4776 0.4307 0.2860 0.1925 0.1529 0.2742 0.4594 0.4662 0.3193 0.2118 0.1559 0.2056 0.4293 0.4849 0.3601 0.2384 0.1683 0.1641 0.3667 0.4814 0.4245 0.2869 0.1967 0.1533 0.2257 0.4326 0.4866 0.3661
0.4844 0.4236 0.2103 0.1541 0.2006 0.2928 0.4303 0.4803 0.3639 0.1641 0.1677 0.2361 0.3552 0.4836 0.4354 0.2175 0.1546 0.2071 0.3111 0.4587 0.4649 0.2920 0.1533 0.1881 0.2780 0.4202 0.4808 0.3564 0.1602 0.1730 0.2495 0.3790 0.4867 0.4079 0.1807 0.1609 0.2246 0.3404 0.4793 0.4439 0.2329 0.1537 0.2034 0.3052 0.4532 0.4680 0.3026 0.1538 0.1859 0.2703 0.3457 0.2703 0.1859 0.1538 0.3026 0.4680 0.4532 0.3052 0.2034 0.1537 0.2329 0.4439 0.4793 0.3404 0.2246 0.1609 0.1807 0.4079 0.4867 0.3790 0.2495 0.1730 0.1602 0.3564 0.4808 0.4202 0.2780 0.1881 0.1533 0.2920 0.4649 0.4587 0.3111 0.2071 0.1546 0.2175 0.4354 0.4836 0.3552 0.2361 0.1677 0.1641 0.3639 0.4803 0.4303 0.2928 0.2006 0.1541 0.2103 0.4236 0.4844
0.4228 0.1967 0.1554 0.2053 0.3002 0.4385 0.4781 0.3560 0.1627 0.1683 0.2361 0.3534 0.4827 0.4394 0.2273 0.1538 0.2032 0.3038 0.4510 0.4694 0.3087 0.1542 0.1840 0.2704 0.4096 0.4833 0.3709 0.1636 0.1696 0.2427 0.3688 0.4863 0.4186 0.1905 0.1584 0.2188 0.3311 0.4745 0.4511 0.2505 0.1530 0.1985 0.2967 0.4438 0.4726 0.3197 0.1550 0.1816 0.2664 0.4040 0.4772 0.4040 0.2664 0.1816 0.1550 0.3197 0.4726 0.4438 0.2967 0.1985 0.1530 0.2505 0.4511 0.4745 0.3311 0.2188 0.1584 0.1905 0.4186 0.4863 0.3688 0.2427 0.1696 0.1636 0.3709 0.4833 0.4096 0.2704 0.1840 0.1542 0.3087 0.4694 0.4510 0.3038 0.2032 0.1538 0.2273 0.4394 0.4827 0.3534 0.2361 0.1683 0.1627 0.3560 0.4781 0.4385 0.3002 0.2053 0.1554 0.1967 0.4228
0.2095 0.1573 0.2104 0.3085 0.4476 0.4749 0.3442 0.1604 0.1699 0.2384 0.3552 0.4827 0.4408 0.2329 0.1534 0.2004 0.2981 0.4438 0.4731 0.3234 0.1555 0.1803 0.2632 0.3992 0.4851 0.3845 0.1681 0.1664 0.2363 0.3588 0.4849 0.4282 0.2030 0.1563 0.2133 0.3219 0.4683 0.4575 0.2686 0.1528 0.1938 0.2885 0.4339 0.4765 0.3361 0.1568 0.1777 0.2587 0.3932 0.4838 0.4458 0.4838 0.3932 0.2587 0.1777 0.1568 0.3361 0.4765 0.4339 0.2885 0.1938 0.1528 0.2686 0.4575 0.4683 0.3219 0.2133 0.1563 0.2030 0.4282 0.4849 0.3588 0.2363 0.1664 0.1681 0.3845 0.4851 0.3992 0.2632 0.1803 0.1555 0.3234 0.4731 0.4438 0.2981 0.2004 0.1534 0.2329 0.4408 0.4827 0.3552 0.2384 0.1699 0.1604 0.3442 0.4749 0.4476 0.3085 0.2104 0.1573 0.2095
0.1825 0.2162 0.3172 0.4565 0.4709 0.3296 0.1581 0.1724 0.2425 0.3601 0.4836 0.4394 0.2329 0.1533 0.1989 0.2943 0.4381 0.4758 0.3356 0.1570 0.1770 0.2567 0.3893 0.4863 0.3970 0.1739 0.1634 0.2300 0.3490 0.4825 0.4369 0.2179 0.1547 0.2080 0.3130 0.4609 0.4633 0.2866 0.1531 0.1894 0.2805 0.4235 0.4799 0.3517 0.1593 0.1741 0.2516 0.3822 0.4864 0.4050 0.2710 0.4050 0.4864 0.3822 0.2516 0.1741 0.1593 0.3517 0.4799 0.4235 0.2805 0.1894 0.1531 0.2866 0.4633 0.4609 0.3130 0.2080 0.1547 0.2179 0.4369 0.4825 0.3490 0.2300 0.1634 0.1739 0.3970 0.4863 0.3893 0.2567 0.1770 0.1570 0.3356 0.4758 0.4381 0.2943 0.1989 0.1533 0.2329 0.4394 0.4836 0.3601 0.2425 0.1724 0.1581 0.3296 0.4709 0.4565 0.3172 0.2162 0.1825
0.2325 0.3270 0.4645 0.4661 0.3133 0.1561 0.1756 0.2479 0.3674 0.4849 0.4354 0.2273 0.1534 0.1989 0.2930 0.4350 0.4774 0.3444 0.1586 0.1743 0.2511 0.3804 0.4867 0.4079 0.1811 0.1607 0.2241 0.3396 0.4789 0.4447 0.2346 0.1536 0.2029 0.3044 0.4523 0.4685 0.3043 0.1539 0.1852 0.2727 0.4129 0.4826 0.3665 0.1625 0.1707 0.2448 0.3719 0.4865 0.4150 0.1896 0.1456 0.1896 0.4150 0.4865 0.3719 0.2448 0.1707 0.1625 0.3665 0.4826 0.4129 0.2727 0.1852 0.1539 0.3043 0.4685 0.4523 0.3044 0.2029 0.1536 0.2346 0.4447 0.4789 0.3396 0.2241 0.1607 0.1811 0.4079 0.4867 0.3804 0.2511 0.1743 0.1586 0.3444 0.4774 0.4350 0.2930 0.1989 0.1534 0.2273 0.4354 0.4849 0.3674 0.2479 0.1756 0.1561 0.3133 0.4661 0.4645 0.3270 0.2325
0.3320 0.4725 0.4606 0.2959 0.1545 0.1792 0.2543 0.3763 0.4861 0.4293 0.2175 0.1538 0.2004 0.2943 0.4350 0.4780 0.3490 0.1598 0.1724 0.2467 0.3729 0.4865 0.4170 0.1897 0.1584 0.2187 0.3305 0.4741 0.4517 0.2523 0.1530 0.1980 0.2959 0.4429 0.4730 0.3213 0.1552 0.1812 0.2652 0.4023 0.4846 0.3804 0.1666 0.1674 0.2382 0.3619 0.4855 0.4253 0.1985 0.1542 0.1775 0.1542 0.1985 0.4253 0.4855 0.3619 0.2382 0.1674 0.1666 0.3804 0.4846 0.4023 0.2652 0.1812 0.1552 0.3213 0.4730 0.4429 0.2959 0.1980 0.1530 0.2523 0.4517 0.4741 0.3305 0.2187 0.1584 0.1897 0.4170 0.4865 0.3729 0.2467 0.1724 0.1598 0.3490 0.4780 0.4350 0.2943 0.2004 0.1538 0.2175 0.4293 0.4861 0.3763 0.2543 0.1792 0.1545 0.2959 0.4606 0.4725 0.3320
0.4687 0.4547 0.2780 0.1534 0.1831 0.2614 0.3862 0.4866 0.4211 0.2056 0.1546 0.2032 0.2981 0.4381 0.4774 0.3490 0.1602 0.1715 0.2439 0.3674 0.4859 0.4241 0.1991 0.1566 0.2138 0.3222 0.4682 0.4578 0.2700 0.1528 0.1934 0.2877 0.4329 0.4769 0.3377 0.1570 0.1774 0.2579 0.3916 0.4860 0.3934 0.1720 0.1644 0.2319 0.3520 0.4834 0.4343 0.2130 0.1553 0.2057 0.2564 0.2057 0.1553 0.2130 0.4343 0.4834 0.3520 0.2319 0.1644 0.1720 0.3934 0.4860 0.3916 0.2579 0.1774 0.1570 0.3377 0.4769 0.4329 0.2877 0.1934 0.1528 0.2700 0.4578 0.4682 0.3222 0.2138 0.1566 0.1991 0.4241 0.4859 0.3674 0.2439 0.1715 0.1602 0.3490 0.4774 0.4381 0.2981 0.2032 0.1546 0.2056 0.4211 0.4866 0.3862 0.2614 0.1831 0.1534 0.2780 0.4547 0.4687
0.4549 0.2599 0.1529 0.1872 0.2688 0.3967 0.4864 0.4113 0.1938 0.1559 0.2071 0.3038 0.4438 0.4758 0.3444 0.1598 0.1715 0.2430 0.3647 0.4853 0.4291 0.2078 0.1554 0.2096 0.3148 0.4617 0.4631 0.2868 0.1531 0.1891 0.2798 0.4225 0.4802 0.3532 0.1595 0.1737 0.2509 0.3812 0.4866 0.4055 0.1790 0.1615 0.2259 0.3424 0.4802 0.4423 0.2293 0.1539 0.2048 0.3049 0.3903 0.3049 0.2048 0.1539 0.2293 0.4423 0.4802 0.3424 0.2259 0.1615 0.1790 0.4055 0.4866 0.3812 0.2509 0.1737 0.1595 0.3532 0.4802 0.4225 0.2798 0.1891 0.1531 0.2868 0.4631 0.4617 0.3148 0.2096 0.1554 0.2078 0.4291 0.4853 0.3647 0.2430 0.1715 0.1598 0.3444 0.4758 0.4438 0.3038 0.2071 0.1559 0.1938 0.4113 0.4864 0.3967 0.2688 0.1872 0.1529 0.2599 0.4549
0.2615 0.1530 0.1915 0.2764 0.4074 0.4854 0.3998 0.1835 0.1577 0.2118 0.3111 0.4510 0.4731 0.3356 0.1586 0.1724 0.2439 0.3647 0.4851 0.4315 0.2138 0.1546 0.2064 0.3086 0.4553 0.4674 0.3020 0.1538 0.1852 0.2724 0.4121 0.4828 0.3678 0.1628 0.1703 0.2441 0.3709 0.4864 0.4164 0.1882 0.1589 0.2200 0.3330 0.4756 0.4496 0.2467 0.1531 0.1996 0.2990 0.4461 0.4821 0.4461 0.2990 0.1996 0.1531 0.2467 0.4496 0.4756 0.3330 0.2200 0.1589 0.1882 0.4164 0.4864 0.3709 0.2441 0.1703 0.1628 0.3678 0.4828 0.4121 0.2724 0.1852 0.1538 0.3020 0.4674 0.4553 0.3086 0.2064 0.1546 0.2138 0.4315 0.4851 0.3647 0.2439 0.1724 0.1586 0.3356 0.4731 0.4510 0.3111 0.2118 0.1577 0.1835 0.3998 0.4854 0.4074 0.2764 0.1915 0.1530 0.2615
0.1785 0.1963 0.2842 0.4180 0.4837 0.3873 0.1754 0.1601 0.2171 0.3193 0.4587 0.4694 0.3234 0.1570 0.1743 0.2467 0.3674 0.4853 0.4315 0.2159 0.1543 0.2044 0.3042 0.4498 0.4707 0.3151 0.1548 0.1818 0.2657 0.4023 0.4847 0.3813 0.1670 0.1671 0.2376 0.3609 0.4853 0.4262 0.2001 0.1567 0.2144 0.3239 0.4697 0.4562 0.2648 0.1528 0.1948 0.2902 0.4365 0.4734 0.4121 0.4734 0.4365 0.2902 0.1948 0.1528 0.2648 0.4562 0.4697 0.3239 0.2144 0.1567 0.2001 0.4262 0.4853 0.3609 0.2376 0.1671 0.1670 0.3813 0.4847 0.4023 0.2657 0.1818 0.1548 0.3151 0.4707 0.4498 0.3042 0.2044 0.1543 0.2159 0.4315 0.4853 0.3674 0.2467 0.1743 0.1570 0.3234 0.4694 0.4587 0.3193 0.2171 0.1601 0.1754 0.3873 0.4837 0.4180 0.2842 0.1963 0.1785
0.2150 0.2930 0.4284 0.4814 0.3739 0.1692 0.1628 0.2228 0.3282 0.4662 0.4649 0.3087 0.1555 0.1770 0.2511 0.3729 0.4859 0.4291 0.2138 0.1543 0.2038 0.3020 0.4462 0.4729 0.3252 0.1559 0.1788 0.2598 0.3932 0.4860 0.3933 0.1721 0.1642 0.2314 0.3512 0.4831 0.4351 0.2146 0.1550 0.2091 0.3149 0.4625 0.4621 0.2828 0.1530 0.1903 0.2822 0.4257 0.4789 0.3528 0.2001 0.3528 0.4789 0.4257 0.2822 0.1903 0.1530 0.2828 0.4621 0.4625 0.3149 0.2091 0.1550 0.2146 0.4351 0.4831 0.3512 0.2314 0.1642 0.1721 0.3933 0.4860 0.3932 0.2598 0.1788 0.1559 0.3252 0.4729 0.4462 0.3020 0.2038 0.1543 0.2138 0.4291 0.4859 0.3729 0.2511 0.1770 0.1555 0.3087 0.4649 0.4662 0.3282 0.2228 0.1628 0.1692 0.3739 0.4814 0.4284 0.2930 0.2150
0.3013 0.4398 0.4783 0.3595 0.1645 0.1658 0.2287 0.3375 0.4727 0.4594 0.2920 0.1542 0.1803 0.2567 0.3804 0.4865 0.4241 0.2078 0.1546 0.2044 0.3020 0.4449 0.4740 0.3314 0.1569 0.1766 0.2550 0.3854 0.4866 0.4036 0.1783 0.1616 0.2258 0.3419 0.4799 0.4430 0.2310 0.1538 0.2039 0.3062 0.4542 0.4674 0.3006 0.1537 0.1861 0.2743 0.4152 0.4821 0.3630 0.1612 0.1492 0.1612 0.3630 0.4821 0.4152 0.2743 0.1861 0.1537 0.3006 0.4674 0.4542 0.3062 0.2039 0.1538 0.2310 0.4430 0.4799 0.3419 0.2258 0.1616 0.1783 0.4036 0.4866 0.3854 0.2550 0.1766 0.1569 0.3314 0.4740 0.4449 0.3020 0.2044 0.1546 0.2078 0.4241 0.4865 0.3804 0.2567 0.1803 0.1542 0.2920 0.4594 0.4727 0.3375 0.2287 0.1658 0.1645 0.3595 0.4783 0.4398 0.3013
0.4365 0.4752 0.3444 0.1608 0.1689 0.2349 0.3470 0.4780 0.4532 0.2742 0.1533 0.1840 0.2632 0.3893 0.4867 0.4170 0.1991 0.1554 0.2064 0.3042 0.4462 0.4740 0.3336 0.1574 0.1753 0.2516 0.3794 0.4867 0.4119 0.1853 0.1593 0.2206 0.3334 0.4756 0.4500 0.2481 0.1531 0.1990 0.2977 0.4449 0.4721 0.3178 0.1549 0.1820 0.2668 0.4045 0.4843 0.3775 0.1656 0.1649 0.1955 0.1649 0.1656 0.3775 0.4843 0.4045 0.2668 0.1820 0.1549 0.3178 0.4721 0.4449 0.2977 0.1990 0.1531 0.2481 0.4500 0.4756 0.3334 0.2206 0.1593 0.1853 0.4119 0.4867 0.3794 0.2516 0.1753 0.1574 0.3336 0.4740 0.4462 0.3042 0.2064 0.1554 0.1991 0.4170 0.4867 0.3893 0.2632 0.1840 0.1533 0.2742 0.4532 0.4780 0.3470 0.2349 0.1689 0.1608 0.3444 0.4752 0.4365
0.4752 0.3283 0.1580 0.1723 0.2413 0.3567 0.4819 0.4462 0.2561 0.1529 0.1881 0.2704 0.3992 0.4863 0.4079 0.1897 0.1566 0.2096 0.3086 0.4498 0.4729 0.3314 0.1574 0.1748 0.2499 0.3756 0.4865 0.4178 0.1923 0.1576 0.2162 0.3257 0.4705 0.4559 0.2649 0.1528 0.1945 0.2895 0.4350 0.4761 0.3343 0.1566 0.1781 0.2594 0.3939 0.4858 0.3907 0.1707 0.1652 0.2294 0.2900 0.2294 0.1652 0.1707 0.3907 0.4858 0.3939 0.2594 0.1781 0.1566 0.3343 0.4761 0.4350 0.2895 0.1945 0.1528 0.2649 0.4559 0.4705 0.3257 0.2162 0.1576 0.1923 0.4178 0.4865 0.3756 0.2499 0.1748 0.1574 0.3314 0.4729 0.4498 0.3086 0.2096 0.1566 0.1897 0.4079 0.4863 0.3992 0.2704 0.1881 0.1529 0.2561 0.4462 0.4819 0.3567 0.2413 0.1723 0.1580 0.3283 0.4752
0.3265 0.1560 0.1758 0.2480 0.3667 0.4845 0.4386 0.2383 0.1529 0.1925 0.2780 0.4096 0.4851 0.3970 0.1811 0.1584 0.2138 0.3148 0.4553 0.4707 0.3252 0.1569 0.1753 0.2499 0.3743 0.4864 0.4215 0.1978 0.1565 0.2126 0.3192 0.4651 0.4609 0.2806 0.1530 0.1903 0.2818 0.4249 0.4795 0.3500 0.1589 0.1745 0.2524 0.3834 0.4866 0.4030 0.1773 0.1621 0.2275 0.3437 0.4354 0.3437 0.2275 0.1621 0.1773 0.4030 0.4866 0.3834 0.2524 0.1745 0.1589 0.3500 0.4795 0.4249 0.2818 0.1903 0.1530 0.2806 0.4609 0.4651 0.3192 0.2126 0.1565 0.1978 0.4215 0.4864 0.3743 0.2499 0.1753 0.1569 0.3252 0.4707 0.4553 0.3148 0.2138 0.1584 0.1811 0.3970 0.4851 0.4096 0.2780 0.1925 0.1529 0.2383 0.4386 0.4845 0.3667 0.2480 0.1758 0.1560 0.3265
0.1803 0.1797 0.2549 0.3768 0.4861 0.4301 0.2213 0.1534 0.1970 0.2860 0.4202 0.4833 0.3845 0.1739 0.1607 0.2187 0.3222 0.4617 0.4674 0.3151 0.1559 0.1766 0.2516 0.3756 0.4864 0.4227 0.2010 0.1558 0.2102 0.3142 0.4600 0.4649 0.2945 0.1535 0.1866 0.2748 0.4151 0.4822 0.3645 0.1620 0.1711 0.2455 0.3731 0.4865 0.4142 0.1861 0.1594 0.2213 0.3355 0.4757 0.4740 0.4757 0.3355 0.2213 0.1594 0.1861 0.4142 0.4865 0.3731 0.2455 0.1711 0.1620 0.3645 0.4822 0.4151 0.2748 0.1866 0.1535 0.2945 0.4649 0.4600 0.3142 0.2102 0.1558 0.2010 0.4227 0.4864 0.3756 0.2516 0.1766 0.1559 0.3151 0.4674 0.4617 0.3222 0.2187 0.1607 0.1739 0.3845 0.4833 0.4202 0.2860 0.1970 0.1534 0.2213 0.4301 0.4861 0.3768 0.2549 0.1797 0.1803
0.2008 0.2626 0.3871 0.4867 0.4207 0.2060 0.1544 0.2018 0.2941 0.4307 0.4808 0.3709 0.1681 0.1634 0.2241 0.3305 0.4682 0.4631 0.3020 0.1548 0.1788 0.2550 0.3794 0.4865 0.4215 0.2010 0.1556 0.2089 0.3112 0.4562 0.4677 0.3055 0.1542 0.1835 0.2686 0.4060 0.4841 0.3774 0.1658 0.1679 0.2391 0.3631 0.4856 0.4243 0.1974 0.1571 0.2156 0.3258 0.4713 0.4528 0.3636 0.4528 0.4713 0.3258 0.2156 0.1571 0.1974 0.4243 0.4856 0.3631 0.2391 0.1679 0.1658 0.3774 0.4841 0.4060 0.2686 0.1835 0.1542 0.3055 0.4677 0.4562 0.3112 0.2089 0.1556 0.2010 0.4215 0.4865 0.3794 0.2550 0.1788 0.1548 0.3020 0.4631 0.4682 0.3305 0.2241 0.1634 0.1681 0.3709 0.4808 0.4307 0.2941 0.2018 0.1544 0.2060 0.4207 0.4867 0.3871 0.2626 0.2008
0.2739 0.3987 0.4863 0.4102 0.1929 0.1559 0.2069 0.3025 0.4408 0.4776 0.3564 0.1636 0.1664 0.2300 0.3396 0.4741 0.4578 0.2868 0.1538 0.1818 0.2598 0.3854 0.4867 0.4178 0.1978 0.1558 0.2089 0.3102 0.4543 0.4693 0.3130 0.1548 0.1810 0.2635 0.3980 0.4855 0.3887 0.1702 0.1651 0.2331 0.3536 0.4837 0.4332 0.2114 0.1553 0.2102 0.3168 0.4642 0.4605 0.2848 0.1596 0.2848 0.4605 0.4642 0.3168 0.2102 0.1553 0.2114 0.4332 0.4837 0.3536 0.2331 0.1651 0.1702 0.3887 0.4855 0.3980 0.2635 0.1810 0.1548 0.3130 0.4693 0.4543 0.3102 0.2089 0.1558 0.1978 0.4178 0.4867 0.3854 0.2598 0.1818 0.1538 0.2868 0.4578 0.4741 0.3396 0.2300 0.1664 0.1636 0.3564 0.4776 0.4408 0.3025 0.2069 0.1559 0.1929 0.4102 0.4863 0.3987 0.2739
0.3978 0.4860 0.3987 0.1826 0.1579 0.2121 0.3112 0.4504 0.4739 0.3411 0.1602 0.1696 0.2363 0.3490 0.4789 0.4517 0.2700 0.1531 0.1852 0.2657 0.3932 0.4866 0.4119 0.1923 0.1565 0.2102 0.3112 0.4543 0.4698 0.3168 0.1554 0.1794 0.2596 0.3915 0.4862 0.3982 0.1753 0.1626 0.2277 0.3448 0.4809 0.4411 0.2271 0.1540 0.2050 0.3080 0.4560 0.4664 0.2963 0.1518 0.1584 0.1518 0.2963 0.4664 0.4560 0.3080 0.2050 0.1540 0.2271 0.4411 0.4809 0.3448 0.2277 0.1626 0.1753 0.3982 0.4862 0.3915 0.2596 0.1794 0.1554 0.3168 0.4698 0.4543 0.3112 0.2102 0.1565 0.1923 0.4119 0.4866 0.3932 0.2657 0.1852 0.1531 0.2700 0.4517 0.4789 0.3490 0.2363 0.1696 0.1602 0.3411 0.4739 0.4504 0.3112 0.2121 0.1579 0.1826 0.3987 0.4860 0.3978
0.4851 0.3860 0.1747 0.1603 0.2176 0.3200 0.4591 0.4695 0.3249 0.1575 0.1730 0.2427 0.3588 0.4825 0.4447 0.2523 0.1528 0.1891 0.2724 0.4023 0.4860 0.4036 0.1853 0.1576 0.2126 0.3142 0.4562 0.4693 0.3168 0.1555 0.1785 0.2573 0.3869 0.4865 0.4054 0.1806 0.1605 0.2229 0.3368 0.4772 0.4478 0.2431 0.1532 0.2002 0.2995 0.4470 0.4711 0.3142 0.1546 0.1793 0.2175 0.1793 0.1546 0.3142 0.4711 0.4470 0.2995 0.2002 0.1532 0.2431 0.4478 0.4772 0.3368 0.2229 0.1605 0.1806 0.4054 0.4865 0.3869 0.2573 0.1785 0.1555 0.3168 0.4693 0.4562 0.3142 0.2126 0.1576 0.1853 0.4036 0.4860 0.4023 0.2724 0.1891 0.1528 0.2523 0.4447 0.4825 0.3588 0.2427 0.1730 0.1575 0.3249 0.4695 0.4591 0.3200 0.2176 0.1603 0.1747 0.3860 0.4851
0.3840 0.1688 0.1631 0.2234 0.3291 0.4669 0.4645 0.3079 0.1555 0.1766 0.2495 0.3688 0.4849 0.4369 0.2346 0.1530 0.1934 0.2798 0.4121 0.4847 0.3933 0.1783 0.1593 0.2162 0.3192 0.4600 0.4677 0.3130 0.1554 0.1785 0.2565 0.3846 0.4867 0.4102 0.1854 0.1589 0.2190 0.3298 0.4729 0.4536 0.2588 0.1528 0.1957 0.2915 0.4374 0.4753 0.3309 0.1562 0.1792 0.2575 0.3286 0.2575 0.1792 0.1562 0.3309 0.4753 0.4374 0.2915 0.1957 0.1528 0.2588 0.4536 0.4729 0.3298 0.2190 0.1589 0.1854 0.4102 0.4867 0.3846 0.2565 0.1785 0.1554 0.3130 0.4677 0.4600 0.3192 0.2162 0.1593 0.1783 0.3933 0.4847 0.4121 0.2798 0.1934 0.1530 0.2346 0.4369 0.4849 0.3688 0.2495 0.1766 0.1555 0.3079 0.4645 0.4669 0.3291 0.2234 0.1631 0.1688 0.3840
0.1895 0.1662 0.2293 0.3384 0.4733 0.4588 0.2904 0.1541 0.1803 0.2564 0.3790 0.4863 0.4282 0.2179 0.1536 0.1980 0.2877 0.4225 0.4828 0.3813 0.1721 0.1616 0.2206 0.3257 0.4651 0.4649 0.3055 0.1548 0.1794 0.2573 0.3846 0.4867 0.4126 0.1886 0.1579 0.2162 0.3244 0.4687 0.4583 0.2732 0.1529 0.1918 0.2842 0.4278 0.4787 0.3465 0.1584 0.1753 0.2543 0.3861 0.4696 0.3861 0.2543 0.1753 0.1584 0.3465 0.4787 0.4278 0.2842 0.1918 0.1529 0.2732 0.4583 0.4687 0.3244 0.2162 0.1579 0.1886 0.4126 0.4867 0.3846 0.2573 0.1794 0.1548 0.3055 0.4649 0.4651 0.3257 0.2206 0.1616 0.1721 0.3813 0.4828 0.4225 0.2877 0.1980 0.1536 0.2179 0.4282 0.4863 0.3790 0.2564 0.1803 0.1541 0.2904 0.4588 0.4733 0.3384 0.2293 0.1662 0.1895
0.1896 0.2359 0.3479 0.4784 0.4525 0.2724 0.1532 0.1843 0.2636 0.3894 0.4867 0.4186 0.2030 0.1547 0.2029 0.2959 0.4329 0.4802 0.3678 0.1670 0.1642 0.2258 0.3334 0.4705 0.4609 0.2945 0.1542 0.1810 0.2596 0.3869 0.4867 0.4126 0.1897 0.1575 0.2144 0.3206 0.4651 0.4617 0.2852 0.1532 0.1883 0.2777 0.4187 0.4814 0.3605 0.1612 0.1718 0.2471 0.3757 0.4847 0.4561 0.4847 0.3757 0.2471 0.1718 0.1612 0.3605 0.4814 0.4187 0.2777 0.1883 0.1532 0.2852 0.4617 0.4651 0.3206 0.2144 0.1575 0.1897 0.4126 0.4867 0.3869 0.2596 0.1810 0.1542 0.2945 0.4609 0.4705 0.3334 0.2258 0.1642 0.1670 0.3678 0.4802 0.4329 0.2959 0.2029 0.1547 0.2030 0.4186 0.4867 0.3894 0.2636 0.1843 0.1532 0.2724 0.4525 0.4784 0.3479 0.2359 0.1896
0.2500 0.3585 0.4821 0.4455 0.2543 0.1528 0.1885 0.2711 0.4000 0.4862 0.4079 0.1905 0.1563 0.2080 0.3044 0.4429 0.4769 0.3532 0.1628 0.1671 0.2314 0.3419 0.4756 0.4559 0.2806 0.1535 0.1835 0.2635 0.3915 0.4865 0.4102 0.1886 0.1575 0.2138 0.3186 0.4627 0.4640 0.2941 0.1536 0.1856 0.2720 0.4104 0.4834 0.3729 0.1645 0.1687 0.2407 0.3653 0.4858 0.4215 0.3002 0.4215 0.4858 0.3653 0.2407 0.1687 0.1645 0.3729 0.4834 0.4104 0.2720 0.1856 0.1536 0.2941 0.4640 0.4627 0.3186 0.2138 0.1575 0.1886 0.4102 0.4865 0.3915 0.2635 0.1835 0.1535 0.2806 0.4559 0.4756 0.3419 0.2314 0.1671 0.1628 0.3532 0.4769 0.4429 0.3044 0.2080 0.1563 0.1905 0.4079 0.4862 0.4000 0.2711 0.1885 0.1528 0.2543 0.4455 0.4821 0.3585 0.2500
0.3607 0.4856 0.4378 0.2366 0.1529 0.1929 0.2788 0.4107 0.4850 0.3961 0.1807 0.1584 0.2133 0.3130 0.4523 0.4730 0.3377 0.1595 0.1703 0.2376 0.3512 0.4799 0.4500 0.2649 0.1530 0.1866 0.2686 0.3980 0.4862 0.4054 0.1854 0.1579 0.2144 0.3186 0.4618 0.4651 0.2997 0.1540 0.1836 0.2677 0.4034 0.4848 0.3835 0.1683 0.1660 0.2349 0.3562 0.4843 0.4307 0.2120 0.1468 0.2120 0.4307 0.4843 0.3562 0.2349 0.1660 0.1683 0.3835 0.4848 0.4034 0.2677 0.1836 0.1540 0.2997 0.4651 0.4618 0.3186 0.2144 0.1579 0.1854 0.4054 0.4862 0.3980 0.2686 0.1866 0.1530 0.2649 0.4500 0.4799 0.3512 0.2376 0.1703 0.1595 0.3377 0.4730 0.4523 0.3130 0.2133 0.1584 0.1807 0.3961 0.4850 0.4107 0.2788 0.1929 0.1529 0.2366 0.4378 0.4856 0.3607
0.4831 0.4292 0.2198 0.1535 0.1975 0.2868 0.4213 0.4831 0.3832 0.1733 0.1609 0.2188 0.3219 0.4609 0.4685 0.3213 0.1570 0.1737 0.2441 0.3609 0.4831 0.4430 0.2481 0.1528 0.1903 0.2748 0.4060 0.4855 0.3982 0.1806 0.1589 0.2162 0.3206 0.4627 0.4651 0.3016 0.1542 0.1823 0.2647 0.3982 0.4856 0.3918 0.1723 0.1637 0.2298 0.3479 0.4819 0.4389 0.2222 0.1519 0.1714 0.1519 0.2222 0.4389 0.4819 0.3479 0.2298 0.1637 0.1723 0.3918 0.4856 0.3982 0.2647 0.1823 0.1542 0.3016 0.4651 0.4627 0.3206 0.2162 0.1589 0.1806 0.3982 0.4855 0.4060 0.2748 0.1903 0.1528 0.2481 0.4430 0.4831 0.3609 0.2441 0.1737 0.1570 0.3213 0.4685 0.4609 0.3219 0.2188 0.1609 0.1733 0.3832 0.4831 0.4213 0.2868 0.1975 0.1535 0.2198 0.4292 0.4831
0.4286 0.2046 0.1545 0.2023 0.2950 0.4317 0.4805 0.3695 0.1676 0.1637 0.2246 0.3311 0.4683 0.4633 0.3043 0.1552 0.1774 0.2509 0.3709 0.4853 0.4351 0.2310 0.1531 0.1945 0.2818 0.4151 0.4841 0.3887 0.1753 0.1605 0.2190 0.3244 0.4651 0.4640 0.2997 0.1542 0.1819 0.2632 0.3949 0.4861 0.3978 0.1761 0.1619 0.2256 0.3405 0.4788 0.4455 0.2378 0.1535 0.1978 0.2448 0.1978 0.1535 0.2378 0.4455 0.4788 0.3405 0.2256 0.1619 0.1761 0.3978 0.4861 0.3949 0.2632 0.1819 0.1542 0.2997 0.4640 0.4651 0.3244 0.2190 0.1605 0.1753 0.3887 0.4841 0.4151 0.2818 0.1945 0.1531 0.2310 0.4351 0.4853 0.3709 0.2509 0.1774 0.1552 0.3043 0.4633 0.4683 0.3311 0.2246 0.1637 0.1676 0.3695 0.4805 0.4317 0.2950 0.2023 0.1545 0.2046 0.4286
0.2153 0.1562 0.2074 0.3034 0.4418 0.4773 0.3549 0.1632 0.1667 0.2306 0.3404 0.4745 0.4575 0.2866 0.1539 0.1812 0.2579 0.3812 0.4864 0.4262 0.2146 0.1538 0.1990 0.2895 0.4249 0.4822 0.3774 0.1702 0.1626 0.2229 0.3298 0.4687 0.4617 0.2941 0.1540 0.1823 0.2632 0.3938 0.4862 0.4015 0.1791 0.1606 0.2224 0.3345 0.4754 0.4509 0.2523 0.1530 0.1976 0.2915 0.3732 0.2915 0.1976 0.1530 0.2523 0.4509 0.4754 0.3345 0.2224 0.1606 0.1791 0.4015 0.4862 0.3938 0.2632 0.1823 0.1540 0.2941 0.4617 0.4687 0.3298 0.2229 0.1626 0.1702 0.3774 0.4822 0.4249 0.2895 0.1990 0.1538 0.2146 0.4262 0.4864 0.3812 0.2579 0.1812 0.1539 0.2866 0.4575 0.4745 0.3404 0.2306 0.1667 0.1632 0.3549 0.4773 0.4418 0.3034 0.2074 0.1562 0.2153
0.1815 0.2130 0.3120 0.4513 0.4734 0.3395 0.1599 0.1700 0.2369 0.3500 0.4793 0.4511 0.2686 0.1531 0.1852 0.2652 0.3916 0.4866 0.4164 0.2001 0.1550 0.2039 0.2977 0.4350 0.4795 0.3645 0.1658 0.1651 0.2277 0.3368 0.4729 0.4583 0.2852 0.1536 0.1836 0.2647 0.3949 0.4862 0.4028 0.1808 0.1598 0.2201 0.3302 0.4723 0.4551 0.2651 0.1528 0.1935 0.2875 0.4318 0.4822 0.4318 0.2875 0.1935 0.1528 0.2651 0.4551 0.4723 0.3302 0.2201 0.1598 0.1808 0.4028 0.4862 0.3949 0.2647 0.1836 0.1536 0.2852 0.4583 0.4729 0.3368 0.2277 0.1651 0.1658 0.3645 0.4795 0.4350 0.2977 0.2039 0.1550 0.2001 0.4164 0.4866 0.3916 0.2652 0.1852 0.1531 0.2686 0.4511 0.4793 0.3500 0.2369 0.1700 0.1599 0.3395 0.4734 0.4513 0.3120 0.2130 0.1815
0.2296 0.3216 0.4599 0.4690 0.3232 0.1573 0.1733 0.2434 0.3598 0.4828 0.4439 0.2505 0.1528 0.1894 0.2727 0.4023 0.4860 0.4055 0.1882 0.1567 0.2091 0.3062 0.4449 0.4761 0.3500 0.1620 0.1679 0.2331 0.3448 0.4772 0.4536 0.2732 0.1532 0.1856 0.2677 0.3982 0.4861 0.4015 0.1808 0.1595 0.2190 0.3275 0.4699 0.4580 0.2751 0.1529 0.1903 0.2809 0.4233 0.4781 0.4250 0.4781 0.4233 0.2809 0.1903 0.1529 0.2751 0.4580 0.4699 0.3275 0.2190 0.1595 0.1808 0.4015 0.4861 0.3982 0.2677 0.1856 0.1532 0.2732 0.4536 0.4772 0.3448 0.2331 0.1679 0.1620 0.3500 0.4761 0.4449 0.3062 0.2091 0.1567 0.1882 0.4055 0.4860 0.4023 0.2727 0.1894 0.1528 0.2505 0.4439 0.4828 0.3598 0.2434 0.1733 0.1573 0.3232 0.4690 0.4599 0.3216 0.2296
0.3272 0.4686 0.4639 0.3062 0.1553 0.1769 0.2501 0.3698 0.4851 0.4360 0.2329 0.1530 0.1938 0.2805 0.4129 0.4846 0.3934 0.1790 0.1589 0.2144 0.3149 0.4542 0.4721 0.3343 0.1589 0.1711 0.2391 0.3536 0.4809 0.4478 0.2588 0.1529 0.1883 0.2720 0.4034 0.4856 0.3978 0.1791 0.1598 0.2190 0.3265 0.4686 0.4598 0.2818 0.1531 0.1880 0.2760 0.4154 0.4821 0.3702 0.2205 0.3702 0.4821 0.4154 0.2760 0.1880 0.1531 0.2818 0.4598 0.4686 0.3265 0.2190 0.1598 0.1791 0.3978 0.4856 0.4034 0.2720 0.1883 0.1529 0.2588 0.4478 0.4809 0.3536 0.2391 0.1711 0.1589 0.3343 0.4721 0.4542 0.3149 0.2144 0.1589 0.1790 0.3934 0.4846 0.4129 0.2805 0.1938 0.1530 0.2329 0.4360 0.4851 0.3698 0.2501 0.1769 0.1553 0.3062 0.4639 0.4686 0.3272
0.4647 0.4585 0.2887 0.1540 0.1807 0.2571 0.3800 0.4864 0.4273 0.2164 0.1537 0.1985 0.2885 0.4235 0.4826 0.3804 0.1720 0.1615 0.2200 0.3239 0.4625 0.4674 0.3178 0.1566 0.1745 0.2455 0.3631 0.4837 0.4411 0.2431 0.1528 0.1918 0.2777 0.4104 0.4848 0.3918 0.1761 0.1606 0.2201 0.3275 0.4686 0.4603 0.2853 0.1533 0.1864 0.2725 0.4096 0.4838 0.3763 0.1660 0.1478 0.1660 0.3763 0.4838 0.4096 0.2725 0.1864 0.1533 0.2853 0.4603 0.4686 0.3275 0.2201 0.1606 0.1761 0.3918 0.4848 0.4104 0.2777 0.1918 0.1528 0.2431 0.4411 0.4837 0.3631 0.2455 0.1745 0.1566 0.3178 0.4674 0.4625 0.3239 0.2200 0.1615 0.1720 0.3804 0.4826 0.4235 0.2885 0.1985 0.1537 0.2164 0.4273 0.4864 0.3800 0.2571 0.1807 0.1540 0.2887 0.4585 0.4647
0.4587 0.2706 0.1532 0.1847 0.2644 0.3905 0.4867 0.4176 0.2017 0.1548 0.2034 0.2967 0.4339 0.4799 0.3665 0.1666 0.1644 0.2259 0.3330 0.4697 0.4621 0.3006 0.1549 0.1781 0.2524 0.3731 0.4856 0.4332 0.2271 0.1532 0.1957 0.2842 0.4187 0.4834 0.3835 0.1723 0.1619 0.2224 0.3302 0.4699 0.4598 0.2853 0.1534 0.1856 0.2704 0.4057 0.4847 0.3840 0.1690 0.1623 0.1911 0.1623 0.1690 0.3840 0.4847 0.4057 0.2704 0.1856 0.1534 0.2853 0.4598 0.4699 0.3302 0.2224 0.1619 0.1723 0.3835 0.4834 0.4187 0.2842 0.1957 0.1532 0.2271 0.4332 0.4856 0.3731 0.2524 0.1781 0.1549 0.3006 0.4621 0.4697 0.3330 0.2259 0.1644 0.1666 0.3665 0.4799 0.4339 0.2967 0.2034 0.1548 0.2017 0.4176 0.4867 0.3905 0.2644 0.1847 0.1532 0.2706 0.4587
0.2713 0.1529 0.1889 0.2719 0.4011 0.4861 0.4068 0.1894 0.1565 0.2085 0.3052 0.4438 0.4765 0.3517 0.1625 0.1674 0.2319 0.3424 0.4756 0.4562 0.2828 0.1537 0.1820 0.2594 0.3834 0.4865 0.4243 0.2114 0.1540 0.2002 0.2915 0.4278 0.4814 0.3729 0.1683 0.1637 0.2256 0.3345 0.4723 0.4580 0.2818 0.1533 0.1856 0.2696 0.4036 0.4851 0.3889 0.1717 0.1639 0.2254 0.2836 0.2254 0.1639 0.1717 0.3889 0.4851 0.4036 0.2696 0.1856 0.1533 0.2818 0.4580 0.4723 0.3345 0.2256 0.1637 0.1683 0.3729 0.4814 0.4278 0.2915 0.2002 0.1540 0.2114 0.4243 0.4865 0.3834 0.2594 0.1820 0.1537 0.2828 0.4562 0.4756 0.3424 0.2319 0.1674 0.1625 0.3517 0.4765 0.4438 0.3052 0.2085 0.1565 0.1894 0.4068 0.4861 0.4011 0.2719 0.1889 0.1529 0.2713
0.1784 0.1936 0.2795 0.4117 0.4848 0.3948 0.1799 0.1586 0.2138 0.3139 0.4532 0.4726 0.3361 0.1593 0.1707 0.2382 0.3520 0.4802 0.4496 0.2648 0.1530 0.1861 0.2668 0.3939 0.4866 0.4142 0.1974 0.1553 0.2050 0.2995 0.4374 0.4787 0.3605 0.1645 0.1660 0.2298 0.3405 0.4754 0.4551 0.2751 0.1531 0.1864 0.2704 0.4036 0.4853 0.3914 0.1735 0.1626 0.2267 0.3397 0.4302 0.3397 0.2267 0.1626 0.1735 0.3914 0.4853 0.4036 0.2704 0.1864 0.1531 0.2751 0.4551 0.4754 0.3405 0.2298 0.1660 0.1645 0.3605 0.4787 0.4374 0.2995 0.2050 0.1553 0.1974 0.4142 0.4866 0.3939 0.2668 0.1861 0.1530 0.2648 0.4496 0.4802 0.3520 0.2382 0.1707 0.1593 0.3361 0.4726 0.4532 0.3139 0.2138 0.1586 0.1799 0.3948 0.4848 0.4117 0.2795 0.1936 0.1784
0.2126 0.2881 0.4222 0.4829 0.3819 0.1726 0.1612 0.2194 0.3228 0.4617 0.4680 0.3197 0.1568 0.1741 0.2448 0.3619 0.4834 0.4423 0.2467 0.1528 0.1903 0.2743 0.4045 0.4858 0.4030 0.1861 0.1571 0.2102 0.3080 0.4470 0.4753 0.3465 0.1612 0.1687 0.2349 0.3479 0.4788 0.4509 0.2651 0.1529 0.1880 0.2725 0.4057 0.4851 0.3914 0.1742 0.1620 0.2246 0.3374 0.4754 0.4749 0.4754 0.3374 0.2246 0.1620 0.1742 0.3914 0.4851 0.4057 0.2725 0.1880 0.1529 0.2651 0.4509 0.4788 0.3479 0.2349 0.1687 0.1612 0.3465 0.4753 0.4470 0.3080 0.2102 0.1571 0.1861 0.4030 0.4858 0.4045 0.2743 0.1903 0.1528 0.2467 0.4423 0.4834 0.3619 0.2448 0.1741 0.1568 0.3197 0.4680 0.4617 0.3228 0.2194 0.1612 0.1726 0.3819 0.4829 0.4222 0.2881 0.2126
0.2969 0.4338 0.4802 0.3681 0.1671 0.1640 0.2252 0.3320 0.4690 0.4628 0.3026 0.1550 0.1777 0.2516 0.3719 0.4855 0.4343 0.2293 0.1531 0.1948 0.2822 0.4152 0.4843 0.3907 0.1773 0.1594 0.2156 0.3168 0.4560 0.4711 0.3309 0.1584 0.1718 0.2407 0.3562 0.4819 0.4455 0.2523 0.1528 0.1903 0.2760 0.4096 0.4847 0.3889 0.1735 0.1620 0.2240 0.3351 0.4748 0.4513 0.3615 0.4513 0.4748 0.3351 0.2240 0.1620 0.1735 0.3889 0.4847 0.4096 0.2760 0.1903 0.1528 0.2523 0.4455 0.4819 0.3562 0.2407 0.1718 0.1584 0.3309 0.4711 0.4560 0.3168 0.2156 0.1594 0.1773 0.3907 0.4843 0.4152 0.2822 0.1948 0.1531 0.2293 0.4343 0.4855 0.3719 0.2516 0.1777 0.1550 0.3026 0.4628 0.4690 0.3320 0.2252 0.1640 0.1671 0.3681 0.4802 0.4338 0.2969
0.4308 0.4774 0.3533 0.1629 0.1671 0.2313 0.3414 0.4751 0.4569 0.2848 0.1538 0.1816 0.2587 0.3822 0.4865 0.4253 0.2130 0.1539 0.1996 0.2902 0.4257 0.4821 0.3775 0.1707 0.1621 0.2213 0.3258 0.4642 0.4664 0.3142 0.1562 0.1753 0.2471 0.3653 0.4843 0.4389 0.2378 0.1530 0.1935 0.2809 0.4154 0.4838 0.3840 0.1717 0.1626 0.2246 0.3351 0.4740 0.4542 0.2726 0.1573 0.2726 0.4542 0.4740 0.3351 0.2246 0.1626 0.1717 0.3840 0.4838 0.4154 0.2809 0.1935 0.1530 0.2378 0.4389 0.4843 0.3653 0.2471 0.1753 0.1562 0.3142 0.4664 0.4642 0.3258 0.2213 0.1621 0.1707 0.3775 0.4821 0.4257 0.2902 0.1996 0.1539 0.2130 0.4253 0.4865 0.3822 0.2587 0.1816 0.1538 0.2848 0.4569 0.4751 0.3414 0.2313 0.1671 0.1629 0.3533 0.4774 0.4308
0.4770 0.3373 0.1596 0.1705 0.2379 0.3514 0.4798 0.4499 0.2663 0.1532 0.1859 0.2664 0.3932 0.4864 0.4150 0.1985 0.1553 0.2048 0.2990 0.4365 0.4789 0.3630 0.1656 0.1652 0.2275 0.3355 0.4713 0.4605 0.2963 0.1546 0.1792 0.2543 0.3757 0.4858 0.4307 0.2222 0.1535 0.1976 0.2875 0.4233 0.4821 0.3763 0.1690 0.1639 0.2267 0.3374 0.4748 0.4542 0.2682 0.1513 0.1617 0.1513 0.2682 0.4542 0.4748 0.3374 0.2267 0.1639 0.1690 0.3763 0.4821 0.4233 0.2875 0.1976 0.1535 0.2222 0.4307 0.4858 0.3757 0.2543 0.1792 0.1546 0.2963 0.4605 0.4713 0.3355 0.2275 0.1652 0.1656 0.3630 0.4789 0.4365 0.2990 0.2048 0.1553 0.1985 0.4150 0.4864 0.3932 0.2664 0.1859 0.1532 0.2663 0.4499 0.4798 0.3514 0.2379 0.1705 0.1596 0.3373 0.4770
0.3419 0.1561 0.1703 0.2403 0.3606 0.4816 0.4415 0.2543 0.1508 0.1862 0.2703 0.4040 0.4838 0.4050 0.1896 0.1542 0.2057 0.3049 0.4461 0.4734 0.3528 0.1612 0.1649 0.2294 0.3437 0.4757 0.4528 0.2848 0.1518 0.1793 0.2575 0.3861 0.4847 0.4215 0.2120 0.1519 0.1978 0.2915 0.4318 0.4781 0.3702 0.1660 0.1623 0.2254 0.3397 0.4754 0.4513 0.2726 0.1513 0.1830 0.2228 0.1830 0.1513 0.2726 0.4513 0.4754 0.3397 0.2254 0.1623 0.1660 0.3702 0.4781 0.4318 0.2915 0.1978 0.1519 0.2120 0.4215 0.4847 0.3861 0.2575 0.1793 0.1518 0.2848 0.4528 0.4757 0.3437 0.2294 0.1649 0.1612 0.3528 0.4734 0.4461 0.3049 0.2057 0.1542 0.1896 0.4050 0.4838 0.4040 0.2703 0.1862 0.1508 0.2543 0.4415 0.4816 0.3606 0.2403 0.1703 0.1561 0.3419
0.2001 0.1525 0.2040 0.3051 0.4516 0.4679 0.3395 0.1524 0.1632 0.2278 0.3457 0.4772 0.4458 0.2710 0.1456 0.1775 0.2564 0.3903 0.4821 0.4121 0.2001 0.1492 0.1955 0.2900 0.4354 0.4740 0.3636 0.1596 0.1584 0.2175 0.3286 0.4696 0.4561 0.3002 0.1468 0.1714 0.2448 0.3732 0.4822 0.4250 0.2205 0.1478 0.1911 0.2836 0.4302 0.4749 0.3615 0.1573 0.1617 0.2228 0.2798 0.2228 0.1617 0.1573 0.3615 0.4749 0.4302 0.2836 0.1911 0.1478 0.2205 0.4250 0.4822 0.3732 0.2448 0.1714 0.1468 0.3002 0.4561 0.4696 0.3286 0.2175 0.1584 0.1596 0.3636 0.4740 0.4354 0.2900 0.1955 0.1492 0.2001 0.4121 0.4821 0.3903 0.2564 0.1775 0.1456 0.2710 0.4458 0.4772 0.3457 0.2278 0.1632 0.1524 0.3395 0.4679 0.4516 0.3051 0.2040 0.1525 0.2001
0.3419 0.1561 0.1703 0.2403 0.3606 0.4816 0.4415 0.2543 0.1508 0.1862 0.2703 0.4040 0.4838 0.4050 0.1896 0.1542 0.2057 0.3049 0.4461 0.4734 0.3528 0.1612 0.1649 0.2294 0.3437 0.4757 0.4528 0.2848 0.1518 0.1793 0.2575 0.3861 0.4847 0.4215 0.2120 0.1519 0.1978 0.2915 0.4318 0.4781 0.3702 0.1660 0.1623 0.2254 0.3397 0.4754 0.4513 0.2726 0.1513 0.1830 0.2228 0.1830 0.1513 0.2726 0.4513 0.4754 0.3397 0.2254 0.1623 0.1660 0.3702 0.4781 0.4318 0.2915 0.1978 0.1519 0.2120 0.4215 0.4847 0.3861 0.2575 0.1793 0.1518 0.2848 0.4528 0.4757 0.3437 0.2294 0.1649 0.1612 0.3528 0.4734 0.4461 0.3049 0.2057 0.1542 0.1896 0.4050 0.4838 0.4040 0.2703 0.1862 0.1508 0.2543 0.4415 0.4816 0.3606 0.2403 0.1703 0.1561 0.3419
0.4770 0.3373 0.1596 0.1705 0.2379 0.3514 0.4798 0.4499 0.2663 0.1532 0.1859 0.2664 0.3932 0.4864 0.4150 0.1985 0.1553 0.2048 0.2990 0.4365 0.4789 0.3630 0.1656 0.1652 0.2275 0.3355 0.4713 0.4605 0.2963 0.1546 0.1792 0.2543 0.3757 0.4858 0.4307 0.2222 0.1535 0.1976 0.2875 0.4233 0.4821 0.3763 0.1690 0.1639 0.2267 0.3374 0.4748 0.4542 0.2682 0.1513 0.1617 0.1513 0.2682 0.4542 0.4748 0.3374 0.2267 0.1639 0.1690 0.3763 0.4821 0.4233 0.2875 0.1976 0.1535 0.2222 0.4307 0.4858 0.3757 0.2543 0.1792 0.1546 0.2963 0.4605 0.4713 0.3355 0.2275 0.1652 0.1656 0.3630 0.4789 0.4365 0.2990 0.2048 0.1553 0.1985 0.4150 0.4864 0.3932 0.2664 0.1859 0.1532 0.2663 0.4499 0.4798 0.3514 0.2379 0.1705 0.1596 0.3373 0.4770
0.4308 0.4774 0.3533 0.1629 0.1671 0.2313 0.3414 0.4751 0.4569 0.2848 0.1538 0.1816 0.2587 0.3822 0.4865 0.4253 0.2130 0.1539 0.1996 0.2902 0.4257 0.4821 0.3775 0.1707 0.1621 0.2213 0.3258 0.4642 0.4664 0.3142 0.1562 0.1753 0.2471 0.3653 0.4843 0.4389 0.2378 0.1530 0.1935 0.2809 0.4154 0.4838 0.3840 0.1717 0.1626 0.2246 0.3351 0.4740 0.4542 0.2726 0.1573 0.2726 0.4542 0.4740 0.3351 0.2246 0.1626 0.1717 0.3840 0.4838 0.4154 0.2809 0.1935 0.1530 0.2378 0.4389 0.4843 0.3653 0.2471 0.1753 0.1562 0.3142 0.4664 0.4642 0.3258 0.2213 0.1621 0.1707 0.3775 0.4821 0.4257 0.2902 0.1996 0.1539 0.2130 0.4253 0.4865 0.3822 0.2587 0.1816 0.1538 0.2848 0.4569 0.4751 0.3414 0.2313 0.1671 0.1629 0.3533 0.4774 0.4308
0.2969 0.4338 0.4802 0.3681 0.1671 0.1640 0.2252 0.3320 0.4690 0.4628 0.3026 0.1550 0.1777 0.2516 0.3719 0.4855 0.4343 0.2293 0.1531 0.1948 0.2822 0.4152 0.4843 0.3907 0.1773 0.1594 0.2156 0.3168 0.4560 0.4711 0.3309 0.1584 0.1718 0.2407 0.3562 0.4819 0.4455 0.2523 0.1528 0.1903 0.2760 0.4096 0.4847 0.3889 0.1735 0.1620 0.2240 0.3351 0.4748 0.4513 0.3615 0.4513 0.4748 0.3351 0.2240 0.1620 0.1735 0.3889 0.4847 0.4096 0.2760 0.1903 0.1528 0.2523 0.4455 0.4819 0.3562 0.2407 0.1718 0.1584 0.3309 0.4711 0.4560 0.3168 0.2156 0.1594 0.1773 0.3907 0.4843 0.4152 0.2822 0.1948 0.1531 0.2293 0.4343 0.4855 0.3719 0.2516 0.1777 0.1550 0.3026 0.4628 0.4690 0.3320 0.2252 0.1640 0.1671 0.3681 0.4802 0.4338 0.2969
0.2126 0.2881 0.4222 0.4829 0.3819 0.1726 0.1612 0.2194 0.3228 0.4617 0.4680 0.3197 0.1568 0.1741 0.2448 0.3619 0.4834 0.4423 0.2467 0.1528 0.1903 0.2743 0.4045 0.4858 0.4030 0.1861 0.1571 0.2102 0.3080 0.4470 0.4753 0.3465 0.1612 0.1687 0.2349 0.3479 0.4788 0.4509 0.2651 0.1529 0.1880 0.2725 0.4057 0.4851 0.3914 0.1742 0.1620 0.2246 0.3374 0.4754 0.4749 0.4754 0.3374 0.2246 0.1620 0.1742 0.3914 0.4851 0.4057 0.2725 0.1880 0.1529 0.2651 0.4509 0.4788 0.3479 0.2349 0.1687 0.1612 0.3465 0.4753 0.4470 0.3080 0.2102 0.1571 0.1861 0.4030 0.4858 0.4045 0.2743 0.1903 0.1528 0.2467 0.4423 0.4834 0.3619 0.2448 0.1741 0.1568 0.3197 0.4680 0.4617 0.3228 0.2194 0.1612 0.1726 0.3819 0.4829 0.4222 0.2881 0.2126
