-31.8706 -46.4059 -15.7052 -39.3769 10.0545 -26.3150 -47.1728 32.2172 -33.7734 -40.3424 -19.0271 -40.8718 14.9823 -27.6847 -48.2987 25.9650 -35.1746 -27.2138 -21.4346 -42.4187 19.7397 -29.1042 -48.8131 5.8312 -36.3435 -8.7678 -23.3254 -43.9866 24.6779 -30.5675 -48.6638 -8.9151 -37.7315 2.8030 -24.7948 -45.5340 29.4577 -32.0619 -46.9292 -15.0642 -39.1549 9.2480 -26.1130 -46.9721 32.2381 -33.5518 -41.6291 -18.5996 -40.6417 14.2621 -27.4744 -48.1573 27.8229 -35.6352 3.1146 -34.8284 32.2636 -46.9720 -26.1130 9.2480 -39.1549 -15.0642 -46.9292 -32.0619 29.4577 -45.5340 -24.7948 2.8030 -37.7315 -8.9151 -48.6638 -30.5675 24.6779 -43.9866 -23.3254 -8.7678 -36.3435 5.8312 -48.8131 -29.1042 19.7397 -42.4187 -21.4346 -27.2138 -35.1746 25.9650 -48.2987 -27.6847 14.9823 -40.8718 -19.0271 -40.3424 -33.7734 32.2172 -47.1728 -26.3150 10.0545 -39.3769 -15.7052 -46.4059 -31.8706
-46.4059 -15.3295 -39.0102 10.7853 -27.6274 -47.4616 34.7463 -34.2606 -37.6379 -19.9127 -40.7243 15.5281 -28.8777 -48.5783 32.1092 -35.3548 -22.4557 -22.8014 -42.4184 20.1741 -30.1627 -48.9702 14.6923 -36.0757 -5.1367 -24.9045 -44.1138 25.1489 -31.4819 -48.4016 -6.2739 -37.2229 4.3963 -26.2900 -45.7593 30.3333 -32.8067 -45.9185 -14.8752 -38.8226 10.1257 -27.4605 -47.2607 34.4296 -34.0810 -39.2113 -19.3854 -40.4708 14.8368 -28.6873 -48.4444 33.2411 -35.2417 -23.1854 -28.3152 -36.3344 -34.1765 34.4295 -47.2607 -27.4605 10.1257 -38.8226 -14.8752 -45.9185 -32.8067 30.3333 -45.7593 -26.2900 4.3963 -37.2229 -6.2739 -48.4016 -31.4819 25.1489 -44.1138 -24.9045 -5.1367 -36.0757 14.6923 -48.9702 -30.1627 20.1741 -42.4184 -22.8014 -22.4557 -35.3548 32.1092 -48.5783 -28.8777 15.5281 -40.7243 -19.9127 -37.6379 -34.2606 34.7463 -47.4616 -27.6274 10.7853 -39.0102 -15.3295 -46.4059
-15.7052 -39.0102 11.0643 -27.7432 -47.6196 34.9261 -34.5929 -35.9768 -20.3948 -40.9721 16.2019 -29.0930 -48.6953 30.6721 -35.7288 -19.6511 -23.1588 -42.6699 20.8916 -30.4075 -48.9294 10.8961 -36.4619 -3.2523 -25.1468 -44.3642 25.9213 -31.7610 -48.2057 -8.0546 -37.4576 5.3779 -26.4466 -45.9931 31.0742 -33.1182 -45.2526 -15.6981 -39.0634 10.8606 -27.6431 -47.4632 34.7540 -34.4266 -37.6565 -19.9022 -40.7211 15.5111 -28.8993 -48.5770 32.1505 -35.5779 -22.5381 -23.2928 -45.2205 -20.9901 -37.6734 -34.4265 34.7540 -47.4632 -27.6431 10.8606 -39.0634 -15.6981 -45.2526 -33.1182 31.0742 -45.9931 -26.4466 5.3779 -37.4576 -8.0546 -48.2057 -31.7610 25.9213 -44.3642 -25.1468 -3.2523 -36.4619 10.8961 -48.9294 -30.4075 20.8916 -42.6699 -23.1588 -19.6511 -35.7288 30.6721 -48.6953 -29.0930 16.2019 -40.9721 -20.3948 -35.9768 -34.5929 34.9261 -47.6196 -27.7432 11.0643 -39.0102 -15.7052
-39.3769 10.7853 -27.7432 -47.6818 34.9755 -34.7193 -34.4173 -20.8134 -41.2095 16.8582 -29.2801 -48.7941 28.8590 -35.8694 -16.8046 -23.4976 -42.9235 21.6106 -30.6067 -48.8556 7.1040 -36.5180 -1.5733 -25.3809 -44.6105 26.6983 -31.9628 -47.9581 -9.6208 -37.6933 6.3061 -26.6210 -46.2258 31.7785 -33.3191 -44.4876 -16.4561 -39.3072 11.5717 -27.8259 -47.6561 34.9421 -34.6097 -35.9280 -20.3955 -40.9716 16.1932 -29.0899 -48.6937 30.6975 -35.7284 -19.6973 -23.1579 -42.7724 31.6170 -41.2978 -20.4056 -35.9279 -34.6097 34.9421 -47.6561 -27.8259 11.5717 -39.3072 -16.4561 -44.4876 -33.3191 31.7785 -46.2258 -26.6210 6.3061 -37.6933 -9.6208 -47.9581 -31.9628 26.6983 -44.6105 -25.3809 -1.5733 -36.5180 7.1040 -48.8556 -30.6067 21.6106 -42.9235 -23.4976 -16.8046 -35.8694 28.8590 -48.7941 -29.2801 16.8582 -41.2095 -20.8134 -34.4173 -34.7193 34.9755 -47.6818 -27.7432 10.7853 -39.3769
10.0545 -27.6274 -47.6196 34.9755 -34.7683 -33.3956 -21.1108 -41.4065 17.4517 -29.4535 -48.8714 26.7143 -35.9975 -14.0495 -23.8177 -43.1734 22.3354 -30.8064 -48.7743 3.5822 -36.5591 -0.0699 -25.5984 -44.8577 27.4703 -32.1648 -47.6563 -10.9915 -37.9278 7.1826 -26.7967 -46.4544 32.4545 -33.5161 -43.6102 -17.1572 -39.5528 12.2767 -28.0108 -47.8426 34.9765 -34.7899 -34.0338 -20.8641 -41.2227 16.8767 -29.2818 -48.7918 28.8614 -35.8671 -16.8424 -23.4920 -42.9174 22.0657 -34.6931 17.9555 -41.2202 -20.8641 -34.0338 -34.7899 34.9765 -47.8426 -28.0108 12.2767 -39.5528 -17.1572 -43.6102 -33.5161 32.4545 -46.4544 -26.7967 7.1826 -37.9278 -10.9915 -47.6563 -32.1648 27.4703 -44.8577 -25.5984 -0.0699 -36.5591 3.5822 -48.7743 -30.8064 22.3354 -43.1734 -23.8177 -14.0495 -35.9975 26.7143 -48.8714 -29.4535 17.4517 -41.4065 -21.1108 -33.3956 -34.7683 34.9755 -47.6196 -27.6274 10.0545
-26.3150 -47.4616 34.9261 -34.7193 -33.3956 -21.2199 -41.5208 17.8789 -29.5957 -48.9256 24.4039 -36.1090 -11.5184 -24.1181 -43.4165 23.0577 -31.0023 -48.7097 0.4274 -36.6403 1.2872 -25.7968 -45.1037 28.2489 -32.3685 -47.2886 -12.1889 -38.1664 8.0083 -26.9741 -46.6787 33.0825 -33.7116 -42.6233 -17.8111 -39.7971 12.9739 -28.1954 -48.0196 34.8291 -34.9669 -31.9256 -21.3057 -41.4749 17.5629 -29.4765 -48.8733 26.6461 -35.9976 -14.0695 -23.8183 -43.1703 22.3294 -31.6431 -43.3335 -30.8190 17.5560 -41.4750 -21.3057 -31.9256 -34.9669 34.8291 -48.0196 -28.1954 12.9739 -39.7971 -17.8111 -42.6233 -33.7116 33.0825 -46.6787 -26.9741 8.0083 -38.1664 -12.1889 -47.2886 -32.3685 28.2489 -45.1037 -25.7968 1.2872 -36.6403 0.4274 -48.7097 -31.0023 23.0577 -43.4165 -24.1181 -11.5184 -36.1090 24.4039 -48.9256 -29.5957 17.8789 -41.5208 -21.2199 -33.3956 -34.7193 34.9261 -47.4616 -26.3150
-47.1728 34.7463 -34.5929 -34.4173 -21.1108 -41.5208 18.0318 -29.6780 -48.9557 22.2875 -36.1974 -9.3493 -24.3860 -43.6526 23.7700 -31.1960 -48.6357 -2.2794 -36.8176 2.4896 -25.9758 -45.3447 29.0254 -32.5693 -46.8515 -13.2665 -38.4061 8.8091 -27.1514 -46.8982 33.6491 -33.9082 -41.4955 -18.4164 -40.0446 13.6572 -28.3821 -48.1845 34.4696 -35.1390 -29.6267 -21.7312 -41.7248 18.2552 -29.6706 -48.9333 23.9869 -36.1210 -11.3974 -24.1271 -43.4235 23.0690 -31.0297 -48.6700 -18.4477 -48.7815 -29.7275 18.2554 -41.7248 -21.7312 -29.6267 -35.1390 34.4696 -48.1845 -28.3821 13.6572 -40.0446 -18.4164 -41.4955 -33.9082 33.6491 -46.8982 -27.1514 8.8091 -38.4061 -13.2665 -46.8515 -32.5693 29.0254 -45.3447 -25.9758 2.4896 -36.8176 -2.2794 -48.6357 -31.1960 23.7700 -43.6526 -24.3860 -9.3493 -36.1974 22.2875 -48.9557 -29.6780 18.0318 -41.5208 -21.1108 -34.4173 -34.5929 34.7463 -47.1728
32.2172 -34.2606 -35.9768 -20.8134 -41.4065 17.8789 -29.6780 -48.9650 20.9783 -36.2551 -7.7726 -24.6029 -43.8640 24.4467 -31.3815 -48.5272 -4.5792 -37.0403 3.5752 -26.1425 -45.5796 29.7743 -32.7673 -46.3455 -14.2330 -38.6441 9.5807 -27.3304 -47.1094 34.1408 -34.0997 -40.2195 -18.9896 -40.2929 14.3423 -28.5707 -48.3397 33.8723 -35.3078 -27.1456 -22.1374 -41.9774 18.9451 -29.8661 -48.9692 20.9002 -36.2288 -8.9126 -24.4220 -43.6760 23.8211 -31.2050 -48.6335 -3.5870 -39.2530 16.3262 -48.9193 -29.8650 18.9451 -41.9774 -22.1374 -27.1456 -35.3078 33.8723 -48.3397 -28.5707 14.3423 -40.2929 -18.9896 -40.2195 -34.0997 34.1408 -47.1094 -27.3304 9.5807 -38.6441 -14.2330 -46.3455 -32.7673 29.7743 -45.5796 -26.1425 3.5752 -37.0403 -4.5792 -48.5272 -31.3815 24.4467 -43.8640 -24.6029 -7.7726 -36.2551 20.9783 -48.9650 -29.6780 17.8789 -41.4065 -20.8134 -35.9768 -34.2606 32.2172
-33.7734 -37.6379 -20.3948 -41.2095 17.4517 -29.5957 -48.9557 20.9783 -36.2752 -6.9179 -24.7481 -44.0293 25.0228 -31.5457 -48.3920 -6.4770 -37.2610 4.5810 -26.3077 -45.8086 30.4981 -32.9627 -45.7661 -15.0888 -38.8799 10.3101 -27.5085 -47.3145 34.5348 -34.2889 -38.8011 -19.5317 -40.5394 15.0241 -28.7604 -48.4819 32.9877 -35.4666 -24.4959 -22.5245 -42.2309 19.6478 -30.0637 -48.9802 17.4757 -36.3258 -6.6690 -24.7013 -43.9277 24.5809 -31.4072 -48.5161 -4.6837 -37.2046 14.5419 -36.6781 17.6008 -48.9813 -30.0637 19.6478 -42.2309 -22.5245 -24.4959 -35.4666 32.9877 -48.4819 -28.7604 15.0241 -40.5394 -19.5317 -38.8011 -34.2889 34.5348 -47.3145 -27.5085 10.3101 -38.8799 -15.0888 -45.7661 -32.9627 30.4981 -45.8086 -26.3077 4.5810 -37.2610 -6.4770 -48.3920 -31.5457 25.0228 -44.0293 -24.7481 -6.9179 -36.2752 20.9783 -48.9557 -29.5957 17.4517 -41.2095 -20.3948 -37.6379 -33.7734
-40.3424 -19.9127 -40.9721 16.8582 -29.4535 -48.9256 22.2875 -36.2551 -6.9179 -24.7992 -44.1220 25.4151 -31.6711 -48.2526 -7.9195 -37.4637 5.4682 -26.4686 -46.0315 31.2029 -33.1555 -45.1069 -15.8645 -39.1134 11.0113 -27.6839 -47.5103 34.8138 -34.4737 -37.2231 -20.0392 -40.7896 15.6980 -28.9518 -48.6104 31.7875 -35.6192 -21.7529 -22.8952 -42.4821 20.3598 -30.2605 -48.9627 13.7432 -36.4095 -4.6249 -24.9623 -44.1790 25.3477 -31.6107 -48.3557 -6.7367 -37.2835 5.2236 -31.3096 -1.9641 -36.4416 13.7416 -48.9627 -30.2605 20.3598 -42.4821 -22.8952 -21.7529 -35.6192 31.7875 -48.6104 -28.9518 15.6980 -40.7896 -20.0392 -37.2231 -34.4737 34.8138 -47.5103 -27.6839 11.0113 -39.1134 -15.8645 -45.1069 -33.1555 31.2029 -46.0315 -26.4686 5.4682 -37.4637 -7.9195 -48.2526 -31.6711 25.4151 -44.1220 -24.7992 -6.9179 -36.2551 22.2875 -48.9256 -29.4535 16.8582 -40.9721 -19.9127 -40.3424
-19.0271 -40.7243 16.2019 -29.2801 -48.8714 24.4039 -36.1974 -7.7726 -24.7481 -44.1220 25.5544 -31.7393 -48.1456 -8.9036 -37.6285 6.1941 -26.6156 -46.2388 31.8533 -33.3446 -44.3534 -16.5813 -39.3481 11.6984 -27.8603 -47.6957 34.9630 -34.6507 -35.4973 -20.5129 -41.0370 16.3714 -29.1418 -48.7234 30.2343 -35.7678 -18.9144 -23.2463 -42.7358 21.0726 -30.4587 -48.9143 9.9019 -36.4779 -2.7990 -25.2087 -44.4263 26.1223 -31.8124 -48.1467 -8.4809 -37.5185 5.6191 -27.0631 -48.2970 -26.1891 -2.8365 -36.4774 9.9019 -48.9143 -30.4587 21.0726 -42.7358 -23.2463 -18.9144 -35.7678 30.2343 -48.7234 -29.1418 16.3714 -41.0370 -20.5129 -35.4973 -34.6507 34.9630 -47.6957 -27.8603 11.6984 -39.3481 -16.5813 -44.3534 -33.3446 31.8533 -46.2388 -26.6156 6.1941 -37.6285 -8.9036 -48.1456 -31.7393 25.5544 -44.1220 -24.7481 -7.7726 -36.1974 24.4039 -48.8714 -29.2801 16.2019 -40.7243 -19.0271
-40.8718 15.5281 -29.0930 -48.7941 26.7143 -36.1090 -9.3493 -24.6029 -44.0293 25.4151 -31.7393 -48.1058 -9.4034 -37.7387 6.7203 -26.7353 -46.4152 32.4090 -33.5180 -43.5354 -17.2381 -39.5837 12.3745 -28.0378 -47.8731 34.9644 -34.8241 -33.6188 -20.9577 -41.2785 17.0367 -29.3290 -48.8162 28.3192 -35.9043 -16.0738 -23.5825 -42.9892 21.8006 -30.6586 -48.8301 6.1909 -36.5326 -1.1685 -25.4391 -44.6746 26.8925 -32.0143 -47.8874 -9.9955 -37.7521 6.5378 -26.6801 -46.2086 30.9936 -44.7680 -25.4647 -1.1682 -36.5326 6.1909 -48.8301 -30.6586 21.8006 -42.9892 -23.5825 -16.0738 -35.9043 28.3192 -48.8162 -29.3290 17.0367 -41.2785 -20.9577 -33.6188 -34.8241 34.9644 -47.8731 -28.0378 12.3745 -39.5837 -17.2381 -43.5354 -33.5180 32.4090 -46.4152 -26.7353 6.7203 -37.7387 -9.4034 -48.1058 -31.7393 25.4151 -44.0293 -24.6029 -9.3493 -36.1090 26.7143 -48.7941 -29.0930 15.5281 -40.8718
14.9823 -28.8777 -48.6953 28.8590 -35.9975 -11.5184 -24.3860 -43.8640 25.0228 -31.6711 -48.1456 -9.4034 -37.7776 6.9949 -26.8150 -46.5458 32.8391 -33.6632 -42.7270 -17.8024 -39.8102 13.0326 -28.2156 -48.0418 34.7932 -34.9935 -31.5622 -21.3821 -41.5205 17.6969 -29.5157 -48.8894 26.0650 -36.0285 -13.3760 -23.8984 -43.2360 22.5268 -30.8568 -48.7522 2.7120 -36.5633 0.2969 -25.6509 -44.9220 27.6716 -32.2182 -47.5671 -11.3080 -37.9897 7.3937 -26.8427 -46.5079 33.0727 -36.7338 28.9065 -44.9111 -25.6503 0.2969 -36.5633 2.7120 -48.7522 -30.8568 22.5268 -43.2360 -23.8984 -13.3760 -36.0285 26.0650 -48.8894 -29.5157 17.6969 -41.5205 -21.3821 -31.5622 -34.9935 34.7932 -48.0418 -28.2156 13.0326 -39.8102 -17.8024 -42.7270 -33.6632 32.8391 -46.5458 -26.8150 6.9949 -37.7776 -9.4034 -48.1456 -31.6711 25.0228 -43.8640 -24.3860 -11.5184 -35.9975 28.8590 -48.6953 -28.8777 14.9823
-27.6847 -48.5783 30.6721 -35.8694 -14.0495 -24.1181 -43.6526 24.4467 -31.5457 -48.2526 -8.9036 -37.7387 6.9949 -26.8439 -46.6166 33.1149 -33.7718 -42.0203 -18.2526 -40.0104 13.6291 -28.3842 -48.1969 34.4289 -35.1583 -29.3286 -21.7876 -41.7629 18.3616 -29.7033 -48.9428 23.4219 -36.1428 -10.8495 -24.1927 -43.4789 23.2424 -31.0520 -48.6939 -0.3321 -36.6678 1.6048 -25.8452 -45.1649 28.4516 -32.4194 -47.1823 -12.4805 -38.2284 8.2196 -27.0191 -46.7363 33.2359 -34.5741 -12.5929 -33.7893 28.4398 -45.1650 -25.8452 1.6048 -36.6678 -0.3321 -48.6939 -31.0520 23.2424 -43.4789 -24.1927 -10.8495 -36.1428 23.4219 -48.9428 -29.7033 18.3616 -41.7629 -21.7876 -29.3286 -35.1583 34.4289 -48.1969 -28.3842 13.6291 -40.0104 -18.2526 -42.0203 -33.7718 33.1149 -46.6166 -26.8439 6.9949 -37.7387 -8.9036 -48.2526 -31.5457 24.4467 -43.6526 -24.1181 -14.0495 -35.8694 30.6721 -48.5783 -27.6847
-48.2987 32.1092 -35.7288 -16.8046 -23.8177 -43.4165 23.7700 -31.3815 -48.3920 -7.9195 -37.6285 6.7203 -26.8150 -46.6166 33.2122 -33.8317 -41.5110 -18.5758 -40.1674 14.1192 -28.5316 -48.3296 33.8823 -35.3116 -26.9625 -22.1754 -42.0058 19.0315 -29.8919 -48.9744 20.3966 -36.2466 -8.5023 -24.4726 -43.7212 23.9658 -31.2459 -48.6110 -2.9045 -36.8748 2.7772 -26.0202 -45.4048 29.2176 -32.6205 -46.7319 -13.5273 -38.4682 9.0117 -27.1971 -46.9517 33.7851 -33.9864 -40.4342 -25.6240 -45.8945 -32.6957 29.2177 -45.4048 -26.0202 2.7772 -36.8748 -2.9045 -48.6110 -31.2459 23.9658 -43.7212 -24.4726 -8.5023 -36.2466 20.3966 -48.9744 -29.8919 19.0315 -42.0058 -22.1754 -26.9625 -35.3116 33.8823 -48.3296 -28.5316 14.1192 -40.1674 -18.5758 -41.5110 -33.8317 33.2122 -46.6166 -26.8150 6.7203 -37.6285 -7.9195 -48.3920 -31.3815 23.7700 -43.4165 -23.8177 -16.8046 -35.7288 32.1092 -48.2987
25.9650 -35.3548 -19.6511 -23.4976 -43.1734 23.0577 -31.1960 -48.5272 -6.4770 -37.4637 6.1941 -26.7353 -46.5458 33.1149 -33.8317 -41.3151 -18.7479 -40.2696 14.4755 -28.6498 -48.4332 33.2204 -35.4455 -24.6385 -22.5310 -42.2454 19.7077 -30.0814 -48.9819 17.0356 -36.3387 -6.3596 -24.7380 -43.9629 24.6966 -31.4401 -48.4907 -5.1162 -37.0978 3.8409 -26.1849 -45.6387 29.9619 -32.8189 -46.2061 -14.4583 -38.7065 9.7677 -27.3767 -47.1638 34.2497 -34.1482 -39.8832 -19.5898 -42.9671 -15.8239 -46.2125 -32.8175 29.9619 -45.6387 -26.1849 3.8409 -37.0978 -5.1162 -48.4907 -31.4401 24.6966 -43.9629 -24.7380 -6.3596 -36.3387 17.0356 -48.9819 -30.0814 19.7077 -42.2454 -22.5310 -24.6385 -35.4455 33.2204 -48.4332 -28.6498 14.4755 -40.2696 -18.7479 -41.3151 -33.8317 33.1149 -46.5458 -26.7353 6.1941 -37.4637 -6.4770 -48.5272 -31.1960 23.0577 -43.1734 -23.4976 -19.6511 -35.3548 25.9650
-35.1746 -22.4557 -23.1588 -42.9235 22.3354 -31.0023 -48.6357 -4.5792 -37.2610 5.4682 -26.6156 -46.4152 32.8391 -33.7718 -41.5110 -18.7479 -40.3067 14.6709 -28.7269 -48.5050 32.5652 -35.5523 -22.5225 -22.8367 -42.4679 20.3612 -30.2676 -48.9638 13.4351 -36.4179 -4.4255 -24.9886 -44.2038 25.4343 -31.6348 -48.3296 -7.0176 -37.3221 4.8283 -26.3503 -45.8670 30.6814 -33.0123 -45.6051 -15.2944 -38.9398 10.4919 -27.5537 -47.3673 34.6167 -34.3377 -38.4020 -19.6653 -40.7359 25.0879 -39.2919 -15.2824 -45.6051 -33.0123 30.6814 -45.8670 -26.3503 4.8283 -37.3221 -7.0176 -48.3296 -31.6348 25.4343 -44.2038 -24.9886 -4.4255 -36.4179 13.4351 -48.9638 -30.2676 20.3612 -42.4679 -22.8367 -22.5225 -35.5523 32.5652 -48.5050 -28.7269 14.6709 -40.3067 -18.7479 -41.5110 -33.7718 32.8391 -46.4152 -26.6156 5.4682 -37.2610 -4.5792 -48.6357 -31.0023 22.3354 -42.9235 -23.1588 -22.4557 -35.1746
-27.2138 -22.8014 -42.6699 21.6106 -30.8064 -48.7097 -2.2794 -37.0403 4.5810 -26.4686 -46.2388 32.4090 -33.6632 -42.0203 -18.5758 -40.2696 14.6709 -28.7532 -48.5421 32.0762 -35.6285 -20.8174 -23.0829 -42.6591 20.9423 -30.4382 -48.9203 9.8557 -36.4824 -2.6889 -25.2240 -44.4436 26.1775 -31.8296 -48.1234 -8.6615 -37.5476 5.7521 -26.5171 -46.0923 31.3801 -33.2049 -44.9225 -16.0541 -39.1737 11.1892 -27.7291 -47.5587 34.8650 -34.5196 -36.7807 -20.1623 -40.8532 16.2807 -33.4348 12.2775 -39.1736 -16.0541 -44.9225 -33.2049 31.3801 -46.0923 -26.5171 5.7521 -37.5476 -8.6615 -48.1234 -31.8296 26.1775 -44.4436 -25.2240 -2.6889 -36.4824 9.8557 -48.9203 -30.4382 20.9423 -42.6591 -23.0829 -20.8174 -35.6285 32.0762 -48.5421 -28.7532 14.6709 -40.2696 -18.5758 -42.0203 -33.6632 32.4090 -46.2388 -26.4686 4.5810 -37.0403 -2.2794 -48.7097 -30.8064 21.6106 -42.6699 -22.8014 -27.2138
-21.4346 -42.4184 20.8916 -30.6067 -48.7743 0.4274 -36.8176 3.5752 -26.3077 -46.0315 31.8533 -33.5180 -42.7270 -18.2526 -40.1674 14.4755 -28.7269 -48.5421 31.8952 -35.6700 -19.7186 -23.2553 -42.8086 21.4293 -30.5849 -48.8576 6.6516 -36.5297 -1.1895 -25.4410 -44.6822 26.9246 -32.0246 -47.8678 -10.0950 -37.7744 6.6232 -26.6850 -46.3142 32.0505 -33.3964 -44.1433 -16.7571 -39.4086 11.8732 -27.9058 -47.7421 34.9784 -34.6957 -35.0311 -20.6293 -41.0991 16.5439 -29.9428 -48.0255 -29.1210 11.8676 -39.4086 -16.7571 -44.1433 -33.3964 32.0505 -46.3142 -26.6850 6.6232 -37.7744 -10.0950 -47.8678 -32.0246 26.9246 -44.6822 -25.4410 -1.1895 -36.5297 6.6516 -48.8576 -30.5849 21.4293 -42.8086 -23.2553 -19.7186 -35.6700 31.8952 -48.5421 -28.7269 14.4755 -40.1674 -18.2526 -42.7270 -33.5180 31.8533 -46.0315 -26.3077 3.5752 -36.8176 0.4274 -48.7743 -30.6067 20.8916 -42.4184 -21.4346
-42.4187 20.1741 -30.4075 -48.8556 3.5822 -36.6403 2.4896 -26.1425 -45.8086 31.2029 -33.3446 -43.5354 -17.8024 -40.0104 14.1192 -28.6498 -48.5050 32.0762 -35.6700 -19.3254 -23.3446 -42.9030 21.7810 -30.6989 -48.7875 4.0522 -36.5599 0.0508 -25.6301 -44.9092 27.6629 -32.2196 -47.5577 -11.3573 -38.0025 7.4503 -26.8543 -46.5322 32.6833 -33.5866 -43.2581 -17.4112 -39.6445 12.5469 -28.0837 -47.9174 34.9379 -34.8680 -33.1071 -21.0687 -41.3407 17.2061 -29.3984 -48.5995 -10.5688 -47.7436 -28.1333 12.5469 -39.6445 -17.4112 -43.2581 -33.5866 32.6833 -46.5322 -26.8543 7.4503 -38.0025 -11.3573 -47.5577 -32.2196 27.6629 -44.9092 -25.6301 0.0508 -36.5599 4.0522 -48.7875 -30.6989 21.7810 -42.9030 -23.3446 -19.3254 -35.6700 32.0762 -48.5050 -28.6498 14.1192 -40.0104 -17.8024 -43.5354 -33.3446 31.2029 -45.8086 -26.1425 2.4896 -36.6403 3.5822 -48.8556 -30.4075 20.1741 -42.4187
19.7397 -30.1627 -48.9294 7.1040 -36.5591 1.2872 -25.9758 -45.5796 30.4981 -33.1555 -44.3534 -17.2381 -39.8102 13.6291 -28.5316 -48.4332 32.5652 -35.6285 -19.7186 -23.3446 -42.9348 21.9622 -30.7704 -48.7466 2.1700 -36.5725 1.0408 -25.7870 -45.1146 28.3470 -32.4061 -47.1935 -12.4796 -38.2317 8.2409 -27.0247 -46.7460 33.2682 -33.7753 -42.2571 -18.0228 -39.8814 13.2126 -28.2628 -48.0836 34.7180 -35.0363 -31.0046 -21.4881 -41.5828 17.8674 -29.5638 -48.8894 24.2402 -38.1645 34.3123 -48.0571 -28.2628 13.2126 -39.8814 -18.0228 -42.2571 -33.7753 33.2682 -46.7460 -27.0247 8.2409 -38.2317 -12.4796 -47.1935 -32.4061 28.3470 -45.1146 -25.7870 1.0408 -36.5725 2.1700 -48.7466 -30.7704 21.9622 -42.9348 -23.3446 -19.7186 -35.6285 32.5652 -48.4332 -28.5316 13.6291 -39.8102 -17.2381 -44.3534 -33.1555 30.4981 -45.5796 -25.9758 1.2872 -36.5591 7.1040 -48.9294 -30.1627 19.7397
-29.1042 -48.9702 10.8961 -36.5180 -0.0699 -25.7968 -45.3447 29.7743 -32.9627 -45.1069 -16.5813 -39.5837 13.0326 -28.3842 -48.3296 33.2204 -35.5523 -20.8174 -23.2553 -42.9030 21.9622 -30.7951 -48.7380 1.0407 -36.6156 1.7471 -25.9068 -45.2919 28.9532 -32.5730 -46.7987 -13.4459 -38.4588 9.0014 -27.1964 -46.9551 33.7929 -33.9622 -41.1299 -18.5973 -40.1192 13.8726 -28.4430 -48.2399 34.2908 -35.1999 -28.7266 -21.8889 -41.8253 18.5333 -29.7517 -48.9531 22.7089 -36.4289 8.5872 -35.9430 34.3180 -48.2399 -28.4430 13.8726 -40.1192 -18.5973 -41.1299 -33.9622 33.7929 -46.9551 -27.1964 9.0014 -38.4588 -13.4459 -46.7987 -32.5730 28.9532 -45.2919 -25.9068 1.7471 -36.6156 1.0407 -48.7380 -30.7951 21.9622 -42.9030 -23.2553 -20.8174 -35.5523 33.2204 -48.3296 -28.3842 13.0326 -39.5837 -16.5813 -45.1069 -32.9627 29.7743 -45.3447 -25.7968 -0.0699 -36.5180 10.8961 -48.9702 -29.1042
-48.8131 14.6923 -36.4619 -1.5733 -25.5984 -45.1037 29.0254 -32.7673 -45.7661 -15.8645 -39.3481 12.3745 -28.2156 -48.1969 33.8823 -35.4455 -22.5225 -23.0829 -42.8086 21.7810 -30.7704 -48.7380 0.6643 -36.6724 2.1697 -25.9858 -45.4250 29.4494 -32.7156 -46.4056 -14.2337 -38.6672 9.6955 -27.3637 -47.1560 34.2432 -34.1469 -39.8658 -19.1390 -40.3578 14.5290 -28.6244 -48.3851 33.6261 -35.3584 -26.2846 -22.2724 -42.0683 19.2048 -29.9406 -48.9787 19.5615 -36.2887 -6.6396 -29.7756 -22.1185 -35.4297 33.6261 -48.3851 -28.6244 14.5290 -40.3578 -19.1390 -39.8658 -34.1469 34.2432 -47.1560 -27.3637 9.6955 -38.6672 -14.2337 -46.4056 -32.7156 29.4494 -45.4250 -25.9858 2.1697 -36.6724 0.6643 -48.7380 -30.7704 21.7810 -42.8086 -23.0829 -22.5225 -35.4455 33.8823 -48.1969 -28.2156 12.3745 -39.3481 -15.8645 -45.7661 -32.7673 29.0254 -45.1037 -25.5984 -1.5733 -36.4619 14.6923 -48.8131
5.8312 -36.0757 -3.2523 -25.3809 -44.8577 28.2489 -32.5693 -46.3455 -15.0888 -39.1134 11.6984 -28.0378 -48.0418 34.4289 -35.3116 -24.6385 -22.8367 -42.6591 21.4293 -30.6989 -48.7466 1.0407 -36.6724 2.3156 -26.0257 -45.5079 29.7853 -32.8246 -46.0463 -14.8552 -38.8466 10.2901 -27.5170 -47.3405 34.5900 -34.3266 -38.4537 -19.6515 -40.5973 15.1833 -28.8069 -48.5181 32.6923 -35.5111 -23.7020 -22.6392 -42.3114 19.8827 -30.1303 -48.9796 16.1275 -36.3603 -5.8520 -25.3005 -46.7067 -23.6111 -23.7252 -35.5111 32.6923 -48.5181 -28.8069 15.1833 -40.5973 -19.6515 -38.4537 -34.3266 34.5900 -47.3405 -27.5170 10.2901 -38.8466 -14.8552 -46.0463 -32.8246 29.7853 -45.5079 -26.0257 2.3156 -36.6724 1.0407 -48.7466 -30.6989 21.4293 -42.6591 -22.8367 -24.6385 -35.3116 34.4289 -48.0418 -28.0378 11.6984 -39.1134 -15.0888 -46.3455 -32.5693 28.2489 -44.8577 -25.3809 -3.2523 -36.0757 5.8312
-36.3435 -5.1367 -25.1468 -44.6105 27.4703 -32.3685 -46.8515 -14.2330 -38.8799 11.0113 -27.8603 -47.8731 34.7932 -35.1583 -26.9625 -22.5310 -42.4679 20.9423 -30.5849 -48.7875 2.1700 -36.6156 2.1697 -26.0257 -45.5377 29.9624 -32.8914 -45.7747 -15.3060 -38.9965 10.7928 -27.6520 -47.5004 34.8198 -34.4914 -36.9540 -20.1309 -40.8375 15.8373 -28.9906 -48.6376 31.4567 -35.6573 -21.0165 -22.9903 -42.5548 20.5676 -30.3209 -48.9531 12.4878 -36.4360 -3.9607 -25.0605 -44.3116 35.2392 -42.8062 -23.0086 -21.0164 -35.6573 31.4567 -48.6376 -28.9906 15.8373 -40.8375 -20.1309 -36.9540 -34.4914 34.8198 -47.5004 -27.6520 10.7928 -38.9965 -15.3060 -45.7747 -32.8914 29.9624 -45.5377 -26.0257 2.1697 -36.6156 2.1700 -48.7875 -30.5849 20.9423 -42.4679 -22.5310 -26.9625 -35.1583 34.7932 -47.8731 -27.8603 11.0113 -38.8799 -14.2330 -46.8515 -32.3685 27.4703 -44.6105 -25.1468 -5.1367 -36.3435
-8.7678 -24.9045 -44.3642 26.6983 -32.1648 -47.2886 -13.2665 -38.6441 10.3101 -27.6839 -47.6957 34.9644 -34.9935 -29.3286 -22.1754 -42.2454 20.3612 -30.4382 -48.8576 4.0522 -36.5725 1.7471 -25.9858 -45.5079 29.9624 -32.9139 -45.6308 -15.5732 -39.1034 11.1795 -27.7651 -47.6340 34.9439 -34.6346 -35.4763 -20.5549 -41.0681 16.4830 -29.1753 -48.7421 29.8873 -35.7963 -18.2806 -23.3262 -42.7982 21.2601 -30.5123 -48.8965 8.8039 -36.4972 -2.2720 -25.2821 -44.5022 26.8614 -35.6268 22.4040 -42.7943 -23.3262 -18.2806 -35.7963 29.8873 -48.7421 -29.1753 16.4830 -41.0681 -20.5549 -35.4763 -34.6346 34.9439 -47.6340 -27.7651 11.1795 -39.1034 -15.5732 -45.6308 -32.9139 29.9624 -45.5079 -25.9858 1.7471 -36.5725 4.0522 -48.8576 -30.4382 20.3612 -42.2454 -22.1754 -29.3286 -34.9935 34.9644 -47.6957 -27.6839 10.3101 -38.6441 -13.2665 -47.2886 -32.1648 26.6983 -44.3642 -24.9045 -8.7678
-23.3254 -44.1138 25.9213 -31.9628 -47.6563 -12.1889 -38.4061 9.5807 -27.5085 -47.5103 34.9630 -34.8241 -31.5622 -21.7876 -42.0058 19.7077 -30.2676 -48.9203 6.6516 -36.5599 1.0408 -25.9068 -45.4250 29.7853 -32.8914 -45.6308 -15.6606 -39.1569 11.4155 -27.8458 -47.7355 34.9829 -34.7578 -34.0635 -20.9124 -41.2751 17.0839 -29.3531 -48.8291 27.9549 -35.9275 -15.5586 -23.6472 -43.0415 21.9607 -30.7044 -48.8079 5.2589 -36.5424 -0.7551 -25.4979 -44.7433 27.1147 -32.9402 -34.3469 -32.1100 21.9555 -43.0415 -23.6472 -15.5586 -35.9275 27.9549 -48.8291 -29.3531 17.0839 -41.2751 -20.9124 -34.0635 -34.7578 34.9829 -47.7355 -27.8458 11.4155 -39.1569 -15.6606 -45.6308 -32.8914 29.7853 -45.4250 -25.9068 1.0408 -36.5599 6.6516 -48.9203 -30.2676 19.7077 -42.0058 -21.7876 -31.5622 -34.8241 34.9630 -47.5103 -27.5085 9.5807 -38.4061 -12.1889 -47.6563 -31.9628 25.9213 -44.1138 -23.3254
-43.9866 25.1489 -31.7610 -47.9581 -10.9915 -38.1664 8.8091 -27.3304 -47.3145 34.8138 -34.6507 -33.6188 -21.3821 -41.7629 19.0315 -30.0814 -48.9638 9.8557 -36.5297 0.0508 -25.7870 -45.2919 29.4494 -32.8246 -45.7747 -15.5732 -39.1569 11.4938 -27.8862 -47.7967 34.9713 -34.8537 -32.7882 -21.2145 -41.4582 17.6119 -29.5131 -48.8942 25.7451 -36.0482 -12.9186 -23.9536 -43.2846 22.6694 -30.8972 -48.7358 2.0050 -36.5730 0.6131 -25.6975 -44.9800 27.8662 -32.2991 -47.2387 -22.0177 -48.6330 -30.9660 22.6694 -43.2846 -23.9536 -12.9186 -36.0482 25.7451 -48.8942 -29.5131 17.6119 -41.4582 -21.2145 -32.7882 -34.8537 34.9713 -47.7967 -27.8862 11.4938 -39.1569 -15.5732 -45.7747 -32.8246 29.4494 -45.2919 -25.7870 0.0508 -36.5297 9.8557 -48.9638 -30.0814 19.0315 -41.7629 -21.3821 -33.6188 -34.6507 34.8138 -47.3145 -27.3304 8.8091 -38.1664 -10.9915 -47.9581 -31.7610 25.1489 -43.9866
24.6779 -31.4819 -48.2057 -9.6208 -37.9278 8.0083 -27.1514 -47.1094 34.5348 -34.4737 -35.4973 -20.9577 -41.5205 18.3616 -29.8919 -48.9819 13.4351 -36.4824 -1.1895 -25.6301 -45.1146 28.9532 -32.7156 -46.0463 -15.3060 -39.1034 11.4155 -27.8862 -47.8169 34.9523 -34.9122 -31.8364 -21.4471 -41.6139 18.0760 -29.6524 -48.9375 23.4589 -36.1512 -10.5241 -24.2411 -43.5274 23.3863 -31.0906 -48.6802 -0.8757 -36.6962 1.8551 -25.8802 -45.2150 28.6134 -32.4645 -47.0843 -13.3835 -40.6314 -4.4271 -48.6811 -31.0907 23.3863 -43.5274 -24.2411 -10.5241 -36.1512 23.4589 -48.9375 -29.6524 18.0760 -41.6139 -21.4471 -31.8364 -34.9122 34.9523 -47.8169 -27.8862 11.4155 -39.1034 -15.3060 -46.0463 -32.7156 28.9532 -45.1146 -25.6301 -1.1895 -36.4824 13.4351 -48.9819 -29.8919 18.3616 -41.5205 -20.9577 -35.4973 -34.4737 34.5348 -47.1094 -27.1514 8.0083 -37.9278 -9.6208 -48.2057 -31.4819 24.6779
-30.5675 -48.4016 -8.0546 -37.6933 7.1826 -26.9741 -46.8982 34.1408 -34.2889 -37.2231 -20.5129 -41.2785 17.6969 -29.7033 -48.9744 17.0356 -36.4179 -2.6889 -25.4410 -44.9092 28.3470 -32.5730 -46.4056 -14.8552 -38.9965 11.1795 -27.8458 -47.7967 34.9523 -34.9315 -31.3465 -21.5873 -41.7247 18.4470 -29.7692 -48.9645 21.2554 -36.2303 -8.5542 -24.4916 -43.7560 24.0905 -31.2819 -48.5901 -3.3720 -36.9182 2.9913 -26.0491 -45.4478 29.3553 -32.6590 -46.6286 -13.7259 -38.6729 18.8153 -37.2860 -3.3283 -48.5901 -31.2819 24.0905 -43.7560 -24.4916 -8.5542 -36.2303 21.2554 -48.9645 -29.7692 18.4470 -41.7247 -21.5873 -31.3465 -34.9315 34.9523 -47.7967 -27.8458 11.1795 -38.9965 -14.8552 -46.4056 -32.5730 28.3470 -44.9092 -25.4410 -2.6889 -36.4179 17.0356 -48.9744 -29.7033 17.6969 -41.2785 -20.5129 -37.2231 -34.2889 34.1408 -46.8982 -26.9741 7.1826 -37.6933 -8.0546 -48.4016 -30.5675
-48.6638 -6.2739 -37.4576 6.3061 -26.7967 -46.6787 33.6491 -34.0997 -38.8011 -20.0392 -41.0370 17.0367 -29.5157 -48.9428 20.3966 -36.3387 -4.4255 -25.2240 -44.6822 27.6629 -32.4061 -46.7987 -14.2337 -38.8466 10.7928 -27.7651 -47.7355 34.9713 -34.9122 -31.3465 -21.6335 -41.7802 18.6763 -29.8540 -48.9784 19.2876 -36.2914 -6.9987 -24.6973 -43.9563 24.7388 -31.4611 -48.4683 -5.4892 -37.1414 4.0389 -26.2136 -45.6783 30.0872 -32.8529 -46.1007 -14.6199 -38.7532 10.3648 -32.1877 5.5434 -37.1397 -5.4898 -48.4683 -31.4611 24.7388 -43.9563 -24.6973 -6.9987 -36.2914 19.2876 -48.9784 -29.8540 18.6763 -41.7802 -21.6335 -31.3465 -34.9122 34.9713 -47.7355 -27.7651 10.7928 -38.8466 -14.2337 -46.7987 -32.4061 27.6629 -44.6822 -25.2240 -4.4255 -36.3387 20.3966 -48.9428 -29.5157 17.0367 -41.0370 -20.0392 -38.8011 -34.0997 33.6491 -46.6787 -26.7967 6.3061 -37.4576 -6.2739 -48.6638
-8.9151 -37.2229 5.3779 -26.6210 -46.4544 33.0825 -33.9082 -40.2195 -19.5317 -40.7896 16.3714 -29.3290 -48.8894 23.4219 -36.2466 -6.3596 -24.9886 -44.4436 26.9246 -32.2196 -47.1935 -13.4459 -38.6672 10.2901 -27.6520 -47.6340 34.9829 -34.8537 -31.8364 -21.5873 -41.7802 18.7529 -29.8972 -48.9832 17.7899 -36.3387 -5.7750 -24.8655 -44.1284 25.3076 -31.6210 -48.3243 -7.1920 -37.3563 4.9995 -26.3792 -45.9061 30.8036 -33.0462 -45.4912 -15.4336 -38.9865 10.6292 -28.2412 -48.8312 -27.4349 4.9803 -37.3562 -7.1920 -48.3243 -31.6210 25.3076 -44.1284 -24.8655 -5.7750 -36.3387 17.7899 -48.9832 -29.8972 18.7529 -41.7802 -21.5873 -31.8364 -34.8537 34.9829 -47.6340 -27.6520 10.2901 -38.6672 -13.4459 -47.1935 -32.2196 26.9246 -44.4436 -24.9886 -6.3596 -36.2466 23.4219 -48.8894 -29.3290 16.3714 -40.7896 -19.5317 -40.2195 -33.9082 33.0825 -46.4544 -26.6210 5.3779 -37.2229 -8.9151
-37.7315 4.3963 -26.4466 -46.2258 32.4545 -33.7116 -41.4955 -18.9896 -40.5394 15.6980 -29.1418 -48.8162 26.0650 -36.1428 -8.5023 -24.7380 -44.2038 26.1775 -32.0246 -47.5577 -12.4796 -38.4588 9.6955 -27.5170 -47.5004 34.9439 -34.7578 -32.7882 -21.4471 -41.7247 18.6763 -29.8972 -48.9841 16.9956 -36.3675 -4.9198 -24.9963 -44.2727 25.7948 -31.7602 -48.1684 -8.5299 -37.5503 5.8369 -26.5389 -46.1276 31.4980 -33.2386 -44.7922 -16.1827 -39.2205 11.3268 -27.7820 -47.3647 12.7003 -46.0301 -26.5761 5.8368 -37.5503 -8.5299 -48.1684 -31.7602 25.7948 -44.2727 -24.9963 -4.9198 -36.3675 16.9956 -48.9841 -29.8972 18.6763 -41.7247 -21.4471 -32.7882 -34.7578 34.9439 -47.5004 -27.5170 9.6955 -38.4588 -12.4796 -47.5577 -32.0246 26.1775 -44.2038 -24.7380 -8.5023 -36.1428 26.0650 -48.8162 -29.1418 15.6980 -40.5394 -18.9896 -41.4955 -33.7116 32.4545 -46.2258 -26.4466 4.3963 -37.7315
2.8030 -26.2900 -45.9931 31.7785 -33.5161 -42.6233 -18.4164 -40.2929 15.0241 -28.9518 -48.7234 28.3192 -36.0285 -10.8495 -24.4726 -43.9629 25.4343 -31.8296 -47.8678 -11.3573 -38.2317 9.0014 -27.3637 -47.3405 34.8198 -34.6346 -34.0635 -21.2145 -41.6139 18.4470 -29.8540 -48.9832 16.9956 -36.3768 -4.4941 -25.0790 -44.3790 26.1883 -31.8772 -48.0129 -9.5852 -37.7225 6.5361 -26.6829 -46.3301 32.1348 -33.4273 -43.9949 -16.8766 -39.4556 12.0086 -27.9412 -47.7695 35.1402 -37.2751 33.2513 -46.3168 -26.6828 6.5361 -37.7225 -9.5852 -48.0129 -31.8772 26.1883 -44.3790 -25.0790 -4.4941 -36.3768 16.9956 -48.9832 -29.8540 18.4470 -41.6139 -21.2145 -34.0635 -34.6346 34.8198 -47.3405 -27.3637 9.0014 -38.2317 -11.3573 -47.8678 -31.8296 25.4343 -43.9629 -24.4726 -10.8495 -36.0285 28.3192 -48.7234 -28.9518 15.0241 -40.2929 -18.4164 -42.6233 -33.5161 31.7785 -45.9931 -26.2900 2.8030
-24.7948 -45.7593 31.0742 -33.3191 -43.6102 -17.8111 -40.0446 14.3423 -28.7604 -48.6104 30.2343 -35.9043 -13.3760 -24.1927 -43.7212 24.6966 -31.6348 -48.1234 -10.0950 -38.0025 8.2409 -27.1964 -47.1560 34.5900 -34.4914 -35.4763 -20.9124 -41.4582 18.0760 -29.7692 -48.9784 17.7899 -36.3675 -4.4941 -25.1061 -44.4337 26.4442 -31.9635 -47.8717 -10.3981 -37.8720 7.1244 -26.8100 -46.5047 32.6753 -33.6011 -43.1312 -17.5140 -39.6917 12.6804 -28.1193 -47.9512 34.9167 -35.5421 -0.3048 -34.8027 32.6751 -46.5050 -26.8100 7.1244 -37.8720 -10.3981 -47.8717 -31.9635 26.4442 -44.4337 -25.1061 -4.4941 -36.3675 17.7899 -48.9784 -29.7692 18.0760 -41.4582 -20.9124 -35.4763 -34.4914 34.5900 -47.1560 -27.1964 8.2409 -38.0025 -10.0950 -48.1234 -31.6348 24.6966 -43.7212 -24.1927 -13.3760 -35.9043 30.2343 -48.6104 -28.7604 14.3423 -40.0446 -17.8111 -43.6102 -33.3191 31.0742 -45.7593 -24.7948
-45.5340 30.3333 -33.1182 -44.4876 -17.1572 -39.7971 13.6572 -28.5707 -48.4819 31.7875 -35.7678 -16.0738 -23.8984 -43.4789 23.9658 -31.4401 -48.3296 -8.6615 -37.7744 7.4503 -27.0247 -46.9551 34.2432 -34.3266 -36.9540 -20.5549 -41.2751 17.6119 -29.6524 -48.9645 19.2876 -36.3387 -4.9198 -25.0790 -44.4337 26.5295 -32.0081 -47.7721 -10.9600 -37.9927 7.6114 -26.9207 -46.6555 33.1156 -33.7522 -42.2668 -18.0690 -39.9186 13.3354 -28.2986 -48.1155 34.6503 -35.0964 -29.2055 -27.5905 -40.4300 -33.8282 33.1156 -46.6555 -26.9207 7.6114 -37.9927 -10.9600 -47.7721 -32.0081 26.5295 -44.4337 -25.0790 -4.9198 -36.3387 19.2876 -48.9645 -29.6524 17.6119 -41.2751 -20.5549 -36.9540 -34.3266 34.2432 -46.9551 -27.0247 7.4503 -37.7744 -8.6615 -48.3296 -31.4401 23.9658 -43.4789 -23.8984 -16.0738 -35.7678 31.7875 -48.4819 -28.5707 13.6572 -39.7971 -17.1572 -44.4876 -33.1182 30.3333 -45.5340
29.4577 -32.8067 -45.2526 -16.4561 -39.5528 12.9739 -28.3821 -48.3397 32.9877 -35.6192 -18.9144 -23.5825 -43.2360 23.2424 -31.2459 -48.4907 -7.0176 -37.5476 6.6232 -26.8543 -46.7460 33.7929 -34.1469 -38.4537 -20.1309 -41.0681 17.0839 -29.5131 -48.9375 21.2554 -36.2914 -5.7750 -24.9963 -44.3790 26.4442 -32.0081 -47.7374 -11.2384 -38.0711 7.9625 -27.0109 -46.7830 33.4712 -33.8808 -41.4430 -18.5294 -40.1225 13.9383 -28.4713 -48.2675 34.1783 -35.2311 -28.2749 -22.4114 -44.5570 -19.6115 -41.4686 -33.8794 33.4712 -46.7830 -27.0109 7.9625 -38.0711 -11.2384 -47.7374 -32.0081 26.4442 -44.3790 -24.9963 -5.7750 -36.2914 21.2554 -48.9375 -29.5131 17.0839 -41.0681 -20.1309 -38.4537 -34.1469 33.7929 -46.7460 -26.8543 6.6232 -37.5476 -7.0176 -48.4907 -31.2459 23.2424 -43.2360 -23.5825 -18.9144 -35.6192 32.9877 -48.3397 -28.3821 12.9739 -39.5528 -16.4561 -45.2526 -32.8067 29.4577
-32.0619 -45.9185 -15.6981 -39.3072 12.2767 -28.1954 -48.1845 33.8723 -35.4666 -21.7529 -23.2463 -42.9892 22.5268 -31.0520 -48.6110 -5.1162 -37.3221 5.7521 -26.6850 -46.5322 33.2682 -33.9622 -39.8658 -19.6515 -40.8375 16.4830 -29.3531 -48.8942 23.4589 -36.2303 -6.9987 -24.8655 -44.2727 26.1883 -31.9635 -47.7721 -11.2384 -38.0973 8.1413 -27.0695 -46.8759 33.7435 -33.9880 -40.6882 -18.9069 -40.2998 14.4634 -28.6258 -48.3995 33.4983 -35.3850 -25.7915 -22.3490 -42.2178 29.6988 -40.6290 -18.9063 -40.6879 -33.9880 33.7435 -46.8759 -27.0695 8.1413 -38.0973 -11.2384 -47.7721 -31.9635 26.1883 -44.2727 -24.8655 -6.9987 -36.2303 23.4589 -48.8942 -29.3531 16.4830 -40.8375 -19.6515 -39.8658 -33.9622 33.2682 -46.5322 -26.6850 5.7521 -37.3221 -5.1162 -48.6110 -31.0520 22.5268 -42.9892 -23.2463 -21.7529 -35.4666 33.8723 -48.1845 -28.1954 12.2767 -39.3072 -15.6981 -45.9185 -32.0619
-46.9292 -14.8752 -39.0634 11.5717 -28.0108 -48.0196 34.4696 -35.3078 -24.4959 -22.8952 -42.7358 21.8006 -30.8568 -48.6939 -2.9045 -37.0978 4.8283 -26.5171 -46.3142 32.6833 -33.7753 -41.1299 -19.1390 -40.5973 15.8373 -29.1753 -48.8291 25.7451 -36.1512 -8.5542 -24.6973 -44.1284 25.7948 -31.8772 -47.8717 -10.9600 -38.0711 8.1413 -27.0891 -46.9234 33.9097 -34.0682 -40.0326 -19.2085 -40.4467 14.9032 -28.7578 -48.5049 32.6917 -35.5212 -23.3302 -22.6985 -42.3517 20.4246 -34.3059 15.9788 -40.4425 -19.2084 -40.0326 -34.0682 33.9097 -46.9234 -27.0891 8.1413 -38.0711 -10.9600 -47.8717 -31.8772 25.7948 -44.1284 -24.6973 -8.5542 -36.1512 25.7451 -48.8291 -29.1753 15.8373 -40.5973 -19.1390 -41.1299 -33.7753 32.6833 -46.3142 -26.5171 4.8283 -37.0978 -2.9045 -48.6939 -30.8568 21.8006 -42.7358 -22.8952 -24.4959 -35.3078 34.4696 -48.0196 -28.0108 11.5717 -39.0634 -14.8752 -46.9292
-15.0642 -38.8226 10.8606 -27.8259 -47.8426 34.8291 -35.1390 -27.1456 -22.5245 -42.4821 21.0726 -30.6586 -48.7522 -0.3321 -36.8748 3.8409 -26.3503 -46.0923 32.0505 -33.5866 -42.2571 -18.5973 -40.3578 15.1833 -28.9906 -48.7421 27.9549 -36.0482 -10.5241 -24.4916 -43.9563 25.3076 -31.7602 -48.0129 -10.3981 -37.9927 7.9625 -27.0695 -46.9234 33.9631 -34.1104 -39.5756 -19.4281 -40.5631 15.2583 -28.8677 -48.5863 31.8413 -35.6350 -21.0937 -23.0098 -42.5825 20.6627 -31.1515 -45.4535 -30.2088 15.2524 -40.5631 -19.4281 -39.5756 -34.1104 33.9631 -46.9234 -27.0695 7.9625 -37.9927 -10.3981 -48.0129 -31.7602 25.3076 -43.9563 -24.4916 -10.5241 -36.0482 27.9549 -48.7421 -28.9906 15.1833 -40.3578 -18.5973 -42.2571 -33.5866 32.0505 -46.0923 -26.3503 3.8409 -36.8748 -0.3321 -48.7522 -30.6586 21.0726 -42.4821 -22.5245 -27.1456 -35.1390 34.8291 -47.8426 -27.8259 10.8606 -38.8226 -15.0642
-39.1549 10.1257 -27.6431 -47.6561 34.9765 -34.9669 -29.6267 -22.1374 -42.2309 20.3598 -30.4587 -48.8301 2.7120 -36.6678 2.7772 -26.1849 -45.8670 31.3801 -33.3964 -43.2581 -18.0228 -40.1192 14.5290 -28.8069 -48.6376 29.8873 -35.9275 -12.9186 -24.2411 -43.7560 24.7388 -31.6210 -48.1684 -9.5852 -37.8720 7.6114 -27.0109 -46.8759 33.9097 -34.1104 -39.4183 -19.5442 -40.6419 15.5276 -28.9667 -48.6422 31.0192 -35.7992 -19.1531 -23.3133 -42.7843 21.3308 -30.9034 -48.7621 -16.4615 -48.4679 -29.0591 15.5266 -40.6411 -19.5441 -39.4183 -34.1104 33.9097 -46.8759 -27.0109 7.6114 -37.8720 -9.5852 -48.1684 -31.6210 24.7388 -43.7560 -24.2411 -12.9186 -35.9275 29.8873 -48.6376 -28.8069 14.5290 -40.1192 -18.0228 -43.2581 -33.3964 31.3801 -45.8670 -26.1849 2.7772 -36.6678 2.7120 -48.8301 -30.4587 20.3598 -42.2309 -22.1374 -29.6267 -34.9669 34.9765 -47.6561 -27.6431 10.1257 -39.1549
9.2480 -27.4605 -47.4632 34.9421 -34.7899 -31.9256 -21.7312 -41.9774 19.6478 -30.2605 -48.9143 6.1909 -36.5633 1.6048 -26.0202 -45.6387 30.6814 -33.2049 -44.1433 -17.4112 -39.8814 13.8726 -28.6244 -48.5181 31.4567 -35.7963 -15.5586 -23.9536 -43.5274 24.0905 -31.4611 -48.3243 -8.5299 -37.7225 7.1244 -26.9207 -46.7830 33.7435 -34.0682 -39.5756 -19.5442 -40.6693 15.6748 -30.4319 -48.4057 29.9243 -36.2293 -12.7139 -24.4216 -43.5193 24.1437 -33.5091 -47.8584 -12.3330 -39.2511 23.7163 -48.5633 -29.2863 15.9027 -40.6675 -19.5441 -39.5756 -34.0682 33.7435 -46.7830 -26.9207 7.1244 -37.7225 -8.5299 -48.3243 -31.4611 24.0905 -43.5274 -23.9536 -15.5586 -35.7963 31.4567 -48.5181 -28.6244 13.8726 -39.8814 -17.4112 -44.1433 -33.2049 30.6814 -45.6387 -26.0202 1.6048 -36.5633 6.1909 -48.9143 -30.2605 19.6478 -41.9774 -21.7312 -31.9256 -34.7899 34.9421 -47.4632 -27.4605 9.2480
-26.1130 -47.2607 34.7540 -34.6097 -34.0338 -21.3057 -41.7248 18.9451 -30.0637 -48.9627 9.9019 -36.5326 0.2969 -25.8452 -45.4048 29.9619 -33.0123 -44.9225 -16.7571 -39.6445 13.2126 -28.4430 -48.3851 32.6923 -35.6573 -18.2806 -23.6472 -43.2846 23.3863 -31.2819 -48.4683 -7.1920 -37.5503 6.5361 -26.8100 -46.6555 33.4712 -33.9880 -40.0326 -19.4281 -40.6419 15.6748 -31.6803 -41.2283 -4.3716 -37.2789 5.3904 -30.6793 -47.5148 35.5766 -35.4833 -7.3277 -23.8406 -47.6838 31.4311 -39.6129 10.1869 -48.2162 -31.3052 16.0872 -40.6402 -19.4281 -40.0326 -33.9880 33.4712 -46.6555 -26.8100 6.5361 -37.5503 -7.1920 -48.4683 -31.2819 23.3863 -43.2846 -23.6472 -18.2806 -35.6573 32.6923 -48.3851 -28.4430 13.2126 -39.6445 -16.7571 -44.9225 -33.0123 29.9619 -45.4048 -25.8452 0.2969 -36.5326 9.9019 -48.9627 -30.0637 18.9451 -41.7248 -21.3057 -34.0338 -34.6097 34.7540 -47.2607 -26.1130
-46.9721 34.4296 -34.4266 -35.9280 -20.8641 -41.4749 18.2552 -29.8661 -48.9802 13.7432 -36.4779 -1.1685 -25.6509 -45.1649 29.2176 -32.8189 -45.6051 -16.0541 -39.4086 12.5469 -28.2628 -48.2399 33.6261 -35.5111 -21.0165 -23.3262 -43.0415 22.6694 -31.0906 -48.5901 -5.4892 -37.3563 5.8369 -26.6829 -46.5047 33.1156 -33.8808 -40.6882 -19.2085 -40.5631 15.5276 -30.4660 -40.6519 -26.1326 -34.0371 20.5627 -12.1516 -16.4340 45.4350 -29.0686 -53.0720 23.2684 1.1666 32.4476 2.4928 9.1834 -39.8197 -56.7758 9.9796 -32.0247 15.7688 -40.5623 -19.2084 -40.6879 -33.8794 33.1156 -46.5050 -26.6828 5.8368 -37.3562 -5.4898 -48.5901 -31.0907 22.6694 -43.0415 -23.3262 -21.0164 -35.5111 33.6261 -48.2399 -28.2628 12.5469 -39.4086 -16.0541 -45.6051 -32.8175 29.2177 -45.1650 -25.6503 -1.1682 -36.4774 13.7416 -48.9813 -29.8650 18.2554 -41.4750 -20.8641 -35.9279 -34.4265 34.4295 -46.9720
32.2381 -34.0810 -37.6565 -20.3955 -41.2227 17.5629 -29.6706 -48.9692 17.4757 -36.4095 -2.7990 -25.4391 -44.9220 28.4516 -32.6205 -46.2061 -15.2944 -39.1737 11.8732 -28.0837 -48.0836 34.2908 -35.3584 -23.7020 -22.9903 -42.7982 21.9607 -30.8972 -48.6802 -3.3720 -37.1414 4.9995 -26.5389 -46.3301 32.6753 -33.7522 -41.4430 -18.9069 -40.4467 15.2583 -28.9678 -48.4096 -11.2048 30.8512 26.1033 -47.7726 -46.7022 -34.4237 -35.9324 -28.5511 -18.0993 -15.2435 -26.9814 -50.6813 -43.5365 24.3609 -44.0671 -52.4234 10.4659 -47.8825 -30.6479 15.2586 -40.4425 -18.9063 -41.4686 -33.8282 32.6751 -46.3168 -26.5761 4.9803 -37.1397 -3.3283 -48.6811 -30.9660 21.9555 -42.7943 -23.0086 -23.7252 -35.4297 34.3180 -48.0571 -28.1333 11.8676 -39.1736 -15.2824 -46.2125 -32.6957 28.4398 -44.9111 -25.4647 -2.8365 -36.4416 17.6008 -48.9193 -29.7275 17.5560 -41.2202 -20.4056 -37.6734 -34.1765 32.2636
