-26.0173 -47.9335 29.8467 -34.6582 -33.1951 -20.6004 -41.8327 17.9346 -28.5639 -48.7209 14.4188 -35.9423 -15.4742 -22.6631 -43.3956 22.8024 -30.0108 -48.7888 -4.9142 -37.2035 -0.6087 -24.2901 -44.9580 27.7406 -31.4978 -47.8796 -13.2218 -38.6082 7.1013 -25.6124 -46.4501 31.6636 -32.9948 -44.2043 -17.4360 -40.0746 12.4420 -26.9561 -47.7563 30.8360 -34.4521 -35.2323 -20.2431 -41.5983 17.2151 -28.3490 -48.6454 17.7341 -35.7659 -18.3918 -22.3810 -43.1579 22.0539 -30.7915 -43.9935 -29.9335 17.2224 -41.5983 -20.2431 -35.2323 -34.4521 30.8360 -47.7563 -26.9561 12.4420 -40.0746 -17.4360 -44.2043 -32.9948 31.6636 -46.4501 -25.6124 7.1013 -38.6082 -13.2218 -47.8796 -31.4978 27.7406 -44.9580 -24.2901 -0.6087 -37.2035 -4.9142 -48.7888 -30.0108 22.8024 -43.3956 -22.6631 -15.4742 -35.9423 14.4188 -48.7209 -28.5639 17.9346 -41.8327 -20.6004 -33.1951 -34.6582 29.8467 -47.9335 -26.0173
-47.9335 34.5580 -34.9165 -29.4189 -21.7926 -41.7727 18.3894 -29.6702 -48.9429 23.3445 -35.8650 -10.8704 -24.1946 -43.4754 23.2311 -30.9829 -48.6968 -0.2025 -36.6371 1.5313 -25.8474 -45.1503 28.3978 -32.3104 -47.2108 -12.4106 -38.2122 8.1638 -27.0136 -46.7213 33.1927 -33.6120 -42.4170 -17.9314 -39.8443 13.1062 -28.2178 -48.0523 34.7642 -34.8094 -31.5012 -21.3884 -41.5231 17.6959 -29.4791 -48.8866 26.1330 -35.7573 -13.5474 -23.8818 -43.2187 22.4753 -30.8156 -48.7140 -18.2101 -48.7565 -29.5488 17.6960 -41.5231 -21.3884 -31.5012 -34.8094 34.7642 -48.0523 -28.2178 13.1062 -39.8443 -17.9314 -42.4170 -33.6120 33.1927 -46.7213 -27.0136 8.1638 -38.2122 -12.4106 -47.2108 -32.3104 28.3978 -45.1503 -25.8474 1.5313 -36.6371 -0.2025 -48.6968 -30.9829 23.2311 -43.4754 -24.1946 -10.8704 -35.8650 23.3445 -48.9429 -29.6702 18.3894 -41.7727 -21.7926 -29.4189 -34.9165 34.5580 -47.9335
29.8467 -34.9165 -28.4756 -22.0487 -41.9714 19.0029 -29.8883 -48.9760 20.3003 -36.2503 -8.4549 -24.4803 -43.7283 23.9771 -31.2496 -48.6111 -2.8689 -36.8683 2.7298 -26.0118 -45.3915 29.1740 -32.6077 -46.7590 -13.4606 -38.4523 8.9596 -27.1858 -46.9397 33.7505 -33.9455 -41.2607 -18.5294 -40.0923 13.7890 -28.4182 -48.2152 34.3734 -35.1718 -29.1637 -21.8108 -41.7733 18.3887 -29.7080 -48.9423 23.4223 -36.1431 -10.9038 -24.1849 -43.4721 23.2126 -31.0447 -48.6981 -1.7675 -39.1557 18.7383 -48.8896 -29.7069 18.3887 -41.7733 -21.8108 -29.1637 -35.1718 34.3734 -48.2152 -28.4182 13.7890 -40.0923 -18.5294 -41.2607 -33.9455 33.7505 -46.9397 -27.1858 8.9596 -38.4523 -13.4606 -46.7590 -32.6077 29.1740 -45.3915 -26.0118 2.7298 -36.8683 -2.8689 -48.6111 -31.2496 23.9771 -43.7283 -24.4803 -8.4549 -36.2503 20.3003 -48.9760 -29.8883 19.0029 -41.9714 -22.0487 -28.4756 -34.9165 29.8467
-34.6582 -29.4189 -22.0487 -42.0515 19.3902 -30.0271 -48.9879 17.1777 -36.3386 -6.3163 -24.7488 -43.9765 24.7290 -31.4497 -48.4851 -5.1685 -37.1005 3.8383 -26.1833 -45.6323 29.9325 -32.8094 -46.2354 -14.4108 -38.6932 9.7260 -27.3651 -47.1497 34.2249 -34.1365 -39.9572 -19.0960 -40.3407 14.4734 -28.6071 -48.3681 33.7256 -35.3391 -26.6493 -22.2132 -42.0260 19.0797 -29.9039 -48.9734 20.2633 -36.2485 -8.4598 -24.4768 -43.7244 23.9664 -31.2451 -48.6126 -2.8091 -37.0310 14.0896 -36.6376 20.3790 -48.9744 -29.9039 19.0797 -42.0260 -22.2132 -26.6493 -35.3391 33.7256 -48.3681 -28.6071 14.4734 -40.3407 -19.0960 -39.9572 -34.1365 34.2249 -47.1497 -27.3651 9.7260 -38.6932 -14.4108 -46.2354 -32.8094 29.9325 -45.6323 -26.1833 3.8383 -37.1005 -5.1685 -48.4851 -31.4497 24.7290 -43.9765 -24.7488 -6.3163 -36.3386 17.1777 -48.9879 -30.0271 19.3902 -42.0515 -22.0487 -29.4189 -34.6582
-33.1951 -21.7926 -41.9714 19.3902 -30.0805 -48.9868 14.6833 -36.4033 -4.5692 -24.9855 -44.2111 25.4670 -31.6457 -48.3192 -7.1124 -37.3312 4.8643 -26.3536 -45.8702 30.6828 -33.0109 -45.6195 -15.2662 -38.9360 10.4699 -27.5467 -47.3558 34.5992 -34.3252 -38.5075 -19.6322 -40.5874 15.1549 -28.7970 -48.5077 32.7829 -35.4968 -23.9720 -22.5970 -42.2796 19.7837 -30.1017 -48.9792 16.7767 -36.3431 -6.2593 -24.7531 -43.9759 24.7277 -31.4461 -48.4887 -5.1405 -37.0949 4.4608 -31.1937 -3.2491 -36.3848 16.7771 -48.9792 -30.1017 19.7837 -42.2796 -22.5970 -23.9720 -35.4968 32.7829 -48.5077 -28.7970 15.1549 -40.5874 -19.6322 -38.5075 -34.3252 34.5992 -47.3558 -27.5467 10.4699 -38.9360 -15.2662 -45.6195 -33.0109 30.6828 -45.8702 -26.3536 4.8643 -37.3312 -7.1124 -48.3192 -31.6457 25.4670 -44.2111 -24.9855 -4.5692 -36.4033 14.6833 -48.9868 -30.0805 19.3902 -41.9714 -21.7926 -33.1951
-20.6004 -41.7727 19.0029 -30.0271 -48.9868 13.6960 -36.4344 -3.4205 -25.1684 -44.4175 26.1555 -31.8309 -48.1137 -8.7476 -37.5594 5.7987 -26.5222 -46.0989 31.4001 -33.2090 -44.9087 -16.0591 -39.1771 11.1973 -27.7285 -47.5551 34.8592 -34.5134 -36.8733 -20.1353 -40.8378 15.8288 -28.9887 -48.6332 31.5176 -35.6479 -21.2108 -22.9644 -42.5308 20.4972 -30.2986 -48.9558 13.0082 -36.4239 -4.2581 -25.0110 -44.2271 25.4958 -31.6497 -48.3195 -7.0927 -37.3288 4.8384 -26.9169 -48.1818 -25.9949 -4.2774 -36.4239 13.0082 -48.9558 -30.2986 20.4972 -42.5308 -22.9644 -21.2108 -35.6479 31.5176 -48.6332 -28.9887 15.8288 -40.8378 -20.1353 -36.8733 -34.5134 34.8592 -47.5551 -27.7285 11.1973 -39.1771 -16.0591 -44.9087 -33.2090 31.4001 -46.0989 -26.5222 5.7987 -37.5594 -8.7476 -48.1137 -31.8309 26.1555 -44.4175 -25.1684 -3.4205 -36.4344 13.6960 -48.9868 -30.0271 19.0029 -41.7727 -20.6004
-41.8327 18.3894 -29.8883 -48.9879 14.6833 -36.4344 -3.0285 -25.2687 -44.5643 26.7094 -31.9899 -47.8839 -10.0945 -37.7799 6.6555 -26.6902 -46.3207 32.0698 -33.4027 -44.1152 -16.7802 -39.4186 11.9023 -27.9118 -47.7441 34.9786 -34.6948 -35.0583 -20.6169 -41.0887 16.5117 -29.1798 -48.7424 29.8921 -35.7950 -18.3661 -23.3124 -42.7845 21.2116 -30.4970 -48.9010 9.1682 -36.4892 -2.4714 -25.2543 -44.4741 26.2715 -31.8514 -48.1007 -8.7879 -37.5638 5.8042 -26.5389 -46.0386 32.2361 -44.5883 -25.2812 -2.4713 -36.4892 9.1682 -48.9010 -30.4970 21.2116 -42.7845 -23.3124 -18.3661 -35.7950 29.8921 -48.7424 -29.1798 16.5117 -41.0887 -20.6169 -35.0583 -34.6948 34.9786 -47.7441 -27.9118 11.9023 -39.4186 -16.7802 -44.1152 -33.4027 32.0698 -46.3207 -26.6902 6.6555 -37.7799 -10.0945 -47.8839 -31.9899 26.7094 -44.5643 -25.2687 -3.0285 -36.4344 14.6833 -48.9879 -29.8883 18.3894 -41.8327
17.9346 -29.6702 -48.9760 17.1777 -36.4033 -3.4205 -25.2687 -44.6185 27.0214 -32.1014 -47.6746 -11.1166 -37.9787 7.4235 -26.8523 -46.5356 32.7014 -33.5929 -43.2262 -17.4332 -39.6580 12.5851 -28.0938 -47.9245 34.9323 -34.8730 -33.0757 -21.0748 -41.3401 17.1965 -29.3722 -48.8320 27.8684 -35.9296 -15.5267 -23.6461 -43.0378 21.9413 -30.6971 -48.8110 5.4972 -36.5405 -0.8752 -25.4813 -44.7222 27.0423 -32.0533 -47.8306 -10.2630 -37.7976 6.7074 -26.7002 -46.3241 32.5595 -36.6366 28.2789 -44.7140 -25.4814 -0.8752 -36.5405 5.4972 -48.8110 -30.6971 21.9413 -43.0378 -23.6461 -15.5267 -35.9296 27.8684 -48.8320 -29.3722 17.1965 -41.3401 -21.0748 -33.0757 -34.8730 34.9323 -47.9245 -28.0938 12.5851 -39.6580 -17.4332 -43.2262 -33.5929 32.7014 -46.5356 -26.8523 7.4235 -37.9787 -11.1166 -47.6746 -32.1014 27.0214 -44.6185 -25.2687 -3.4205 -36.4033 17.1777 -48.9760 -29.6702 17.9346
-28.5639 -48.9429 20.3003 -36.3386 -4.5692 -25.1684 -44.5643 27.0214 -32.1419 -47.5426 -11.7729 -38.1355 8.0483 -26.9968 -46.7315 33.2609 -33.7775 -42.2209 -18.0437 -39.8949 13.2504 -28.2730 -48.0928 34.6995 -35.0456 -30.9086 -21.5056 -41.5920 17.8846 -29.5663 -48.9040 25.4578 -36.0555 -12.8044 -23.9650 -43.2883 22.6794 -30.8978 -48.7364 2.0876 -36.5705 0.5608 -25.6897 -44.9692 27.8214 -32.2572 -47.4984 -11.5439 -38.0355 7.5550 -26.8767 -46.5563 32.7430 -34.4231 -14.8318 -33.6327 27.8159 -44.9692 -25.6897 0.5608 -36.5705 2.0876 -48.7364 -30.8978 22.6794 -43.2883 -23.9650 -12.8044 -36.0555 25.4578 -48.9040 -29.5663 17.8846 -41.5920 -21.5056 -30.9086 -35.0456 34.6995 -48.0928 -28.2730 13.2504 -39.8949 -18.0437 -42.2209 -33.7775 33.2609 -46.7315 -26.9968 8.0483 -38.1355 -11.7729 -47.5426 -32.1419 27.0214 -44.5643 -25.1684 -4.5692 -36.3386 20.3003 -48.9429 -28.5639
-48.7209 23.3445 -36.2503 -6.3163 -24.9855 -44.4175 26.7094 -32.1014 -47.5426 -11.9985 -38.2240 8.4582 -27.1078 -46.8912 33.7021 -33.9445 -41.1552 -18.6023 -40.1297 13.9102 -28.4533 -48.2484 34.2596 -35.2090 -28.5936 -21.9108 -41.8380 18.5681 -29.7569 -48.9540 22.6360 -36.1730 -10.2129 -24.2666 -43.5413 23.4183 -31.1000 -48.6783 -0.9147 -36.6968 1.8443 -25.8804 -45.2117 28.6009 -32.4584 -47.1004 -12.6904 -38.2744 8.3741 -27.0533 -46.7786 33.3462 -33.8275 -41.4722 -25.3168 -46.3746 -32.5290 28.6010 -45.2117 -25.8804 1.8443 -36.6968 -0.9147 -48.6783 -31.1000 23.4183 -43.5413 -24.2666 -10.2129 -36.1730 22.6360 -48.9540 -29.7569 18.5681 -41.8380 -21.9108 -28.5936 -35.2090 34.2596 -48.2484 -28.4533 13.9102 -40.1297 -18.6023 -41.1552 -33.9445 33.7021 -46.8912 -27.1078 8.4582 -38.2240 -11.9985 -47.5426 -32.1014 26.7094 -44.4175 -24.9855 -6.3163 -36.2503 23.3445 -48.7209
14.4188 -35.8650 -8.4549 -24.7488 -44.2111 26.1555 -31.9899 -47.6746 -11.7729 -38.2240 8.6005 -27.1683 -46.9955 34.0036 -34.0781 -40.1390 -19.0834 -40.3518 14.5461 -28.6322 -48.3930 33.5804 -35.3671 -26.1430 -22.2932 -42.0809 19.2399 -29.9455 -48.9792 19.4643 -36.2752 -7.8584 -24.5506 -43.7936 24.1744 -31.3006 -48.5824 -3.4996 -36.9284 3.0251 -26.0564 -45.4543 29.3669 -32.6598 -46.6349 -13.7160 -38.5145 9.1605 -27.2316 -46.9929 33.8818 -33.9927 -40.9576 -19.1328 -42.7446 -15.1451 -46.6462 -32.6584 29.3669 -45.4543 -26.0564 3.0251 -36.9284 -3.4996 -48.5824 -31.3006 24.1744 -43.7936 -24.5506 -7.8584 -36.2752 19.4643 -48.9792 -29.9455 19.2399 -42.0809 -22.2932 -26.1430 -35.3671 33.5804 -48.3930 -28.6322 14.5461 -40.3518 -19.0834 -40.1390 -34.0781 34.0036 -46.9955 -27.1683 8.6005 -38.2240 -11.7729 -47.6746 -31.9899 26.1555 -44.2111 -24.7488 -8.4549 -35.8650 14.4188
-35.9423 -10.8704 -24.4803 -43.9765 25.4670 -31.8309 -47.8839 -11.1166 -38.1355 8.4582 -27.1683 -47.0311 34.1540 -34.1662 -39.3109 -19.4545 -40.5435 15.1162 -28.7979 -48.5199 32.6454 -35.5182 -23.5534 -22.6592 -42.3241 19.9181 -30.1352 -48.9793 16.0223 -36.3637 -5.7757 -24.8150 -44.0386 24.9273 -31.4991 -48.4469 -5.7110 -37.1587 4.1135 -26.2266 -45.6942 30.1292 -32.8618 -46.0839 -14.6332 -38.7563 9.9205 -27.4122 -47.2038 34.3292 -34.1848 -39.6061 -19.2346 -40.5349 24.4594 -39.1046 -14.6168 -46.0838 -32.8618 30.1292 -45.6942 -26.2266 4.1135 -37.1587 -5.7110 -48.4469 -31.4991 24.9273 -44.0386 -24.8150 -5.7757 -36.3637 16.0223 -48.9793 -30.1352 19.9181 -42.3241 -22.6592 -23.5534 -35.5182 32.6454 -48.5199 -28.7979 15.1162 -40.5435 -19.4545 -39.3109 -34.1662 34.1540 -47.0311 -27.1683 8.4582 -38.1355 -11.1166 -47.8839 -31.8309 25.4670 -43.9765 -24.4803 -10.8704 -35.9423
-15.4742 -24.1946 -43.7283 24.7290 -31.6457 -48.1137 -10.0945 -37.9787 8.0483 -27.1078 -46.9955 34.1540 -34.1976 -38.8438 -19.6916 -40.6870 15.5675 -28.9397 -48.6223 31.5346 -35.6533 -20.9393 -23.0048 -42.5675 20.6034 -30.3258 -48.9520 12.3787 -36.4391 -3.9007 -25.0613 -44.2792 25.6672 -31.6958 -48.2700 -7.5580 -37.3891 5.1092 -26.3967 -45.9285 30.8738 -33.0629 -45.4447 -15.4788 -38.9966 10.6609 -27.5930 -47.4084 34.6784 -34.3752 -38.0998 -19.7622 -40.6513 15.7243 -33.3175 11.7350 -38.9932 -15.4788 -45.4447 -33.0629 30.8738 -45.9285 -26.3967 5.1092 -37.3891 -7.5580 -48.2700 -31.6958 25.6672 -44.2792 -25.0613 -3.9007 -36.4391 12.3787 -48.9520 -30.3258 20.6034 -42.5675 -23.0048 -20.9393 -35.6533 31.5346 -48.6223 -28.9397 15.5675 -40.6870 -19.6916 -38.8438 -34.1976 34.1540 -46.9955 -27.1078 8.0483 -37.9787 -10.0945 -48.1137 -31.6457 24.7290 -43.7283 -24.1946 -15.4742
-22.6631 -43.4754 23.9771 -31.4497 -48.3192 -8.7476 -37.7799 7.4235 -26.9968 -46.8912 34.0036 -34.1662 -38.8438 -19.7755 -40.7655 15.8669 -29.0467 -48.6983 30.3934 -35.7695 -18.5092 -23.3173 -42.8015 21.2864 -30.5171 -48.8944 8.6964 -36.4998 -2.2181 -25.2925 -44.5187 26.4118 -31.8907 -48.0488 -9.1313 -37.6176 6.0267 -26.5653 -46.1563 31.5756 -33.2602 -44.7172 -16.2541 -39.2401 11.3760 -27.7755 -47.6035 34.9048 -34.5593 -36.4206 -20.2628 -40.9027 16.0023 -29.7832 -48.2134 -28.9700 11.3604 -39.2401 -16.2541 -44.7172 -33.2602 31.5756 -46.1563 -26.5653 6.0267 -37.6176 -9.1313 -48.0488 -31.8907 26.4118 -44.5187 -25.2925 -2.2181 -36.4998 8.6964 -48.8944 -30.5171 21.2864 -42.8015 -23.3173 -18.5092 -35.7695 30.3934 -48.6983 -29.0467 15.8669 -40.7655 -19.7755 -38.8438 -34.1662 34.0036 -46.8912 -26.9968 7.4235 -37.7799 -8.7476 -48.3192 -31.4497 23.9771 -43.4754 -22.6631
-43.3956 23.2311 -31.2496 -48.4851 -7.1124 -37.5594 6.6555 -26.8523 -46.7315 33.7021 -34.0781 -39.3109 -19.6916 -40.7655 15.9779 -29.1050 -48.7451 29.3976 -35.8605 -16.4422 -23.5839 -43.0142 21.9299 -30.7010 -48.8064 5.1580 -36.5446 -0.7066 -25.5079 -44.7568 27.1598 -32.0857 -47.7767 -10.5073 -37.8448 6.8832 -26.7336 -46.3771 32.2362 -33.4517 -43.8971 -16.9528 -39.4820 12.0761 -27.9590 -47.7928 34.9838 -34.7405 -34.5778 -20.7379 -41.1537 16.6889 -29.2500 -48.5149 -9.4418 -47.6077 -28.0050 12.0763 -39.4820 -16.9528 -43.8971 -33.4517 32.2362 -46.3771 -26.7336 6.8832 -37.8448 -10.5073 -47.7767 -32.0857 27.1598 -44.7568 -25.5079 -0.7066 -36.5446 5.1580 -48.8064 -30.7010 21.9299 -43.0142 -23.5839 -16.4422 -35.8605 29.3976 -48.7451 -29.1050 15.9779 -40.7655 -19.6916 -39.3109 -34.0781 33.7021 -46.7315 -26.8523 6.6555 -37.5594 -7.1124 -48.4851 -31.2496 23.2311 -43.3956
22.8024 -30.9829 -48.6111 -5.1685 -37.3312 5.7987 -26.6902 -46.5356 33.2609 -33.9445 -40.1390 -19.4545 -40.6870 15.8669 -29.1050 -48.7606 28.7982 -35.9170 -14.9462 -23.7881 -43.1945 22.4980 -30.8681 -48.7385 2.0461 -36.5746 0.6570 -25.7071 -44.9935 27.9088 -32.2807 -47.4485 -11.7226 -38.0733 7.6984 -26.9031 -46.5940 32.8565 -33.6416 -42.9793 -17.5940 -39.7188 12.7568 -28.1398 -47.9705 34.8919 -34.9188 -32.5228 -21.1855 -41.4057 17.3741 -29.4231 -48.8383 26.2841 -38.0714 34.7145 -47.9431 -28.1397 12.7568 -39.7188 -17.5940 -42.9793 -33.6416 32.8565 -46.5940 -26.9031 7.6984 -38.0733 -11.7226 -47.4485 -32.2807 27.9088 -44.9935 -25.7071 0.6570 -36.5746 2.0461 -48.7385 -30.8681 22.4980 -43.1945 -23.7881 -14.9462 -35.9170 28.7982 -48.7606 -29.1050 15.8669 -40.6870 -19.4545 -40.1390 -33.9445 33.2609 -46.5356 -26.6902 5.7987 -37.3312 -5.1685 -48.6111 -30.9829 22.8024
-30.0108 -48.6968 -2.8689 -37.1005 4.8643 -26.5222 -46.3207 32.7014 -33.7775 -41.1552 -19.0834 -40.5435 15.5675 -29.0467 -48.7451 28.7982 -35.9371 -14.1496 -23.9186 -43.3264 22.9558 -31.0079 -48.6985 -0.4522 -36.6815 1.8445 -25.8864 -45.2285 28.6559 -32.4755 -47.0587 -12.8065 -38.3029 8.4790 -27.0739 -46.8065 33.4255 -33.8297 -41.9427 -18.1945 -39.9560 13.4205 -28.3193 -48.1338 34.6075 -35.0881 -30.3094 -21.6107 -41.6549 18.0633 -29.6157 -48.9200 24.7870 -36.3749 8.0102 -35.8635 34.6322 -48.1338 -28.3193 13.4205 -39.9560 -18.1945 -41.9427 -33.8297 33.4255 -46.8065 -27.0739 8.4790 -38.3029 -12.8065 -47.0587 -32.4755 28.6559 -45.2285 -25.8864 1.8445 -36.6815 -0.4522 -48.6985 -31.0079 22.9558 -43.3264 -23.9186 -14.1496 -35.9371 28.7982 -48.7451 -29.0467 15.5675 -40.5435 -19.0834 -41.1552 -33.7775 32.7014 -46.3207 -26.5222 4.8643 -37.1005 -2.8689 -48.6968 -30.0108
-48.7888 -0.2025 -36.8683 3.8383 -26.3536 -46.0989 32.0698 -33.5929 -42.2209 -18.6023 -40.3518 15.1162 -28.9397 -48.6983 29.3976 -35.9170 -14.1496 -23.9656 -43.3988 23.2617 -31.1089 -48.6519 -2.3163 -36.8558 2.8095 -26.0384 -45.4480 29.3762 -32.6672 -46.6010 -13.7820 -38.5337 9.2311 -27.2459 -47.0141 33.9303 -34.0160 -40.7768 -18.7591 -40.1941 14.0792 -28.4999 -48.2867 34.1090 -35.2502 -27.9783 -22.0107 -41.9004 18.7402 -29.8051 -48.9629 21.8293 -36.2196 -8.1975 -29.6217 -23.9985 -35.3225 34.1090 -48.2867 -28.4999 14.0792 -40.1941 -18.7591 -40.7768 -34.0160 33.9303 -47.0141 -27.2459 9.2311 -38.5337 -13.7820 -46.6010 -32.6672 29.3762 -45.4480 -26.0384 2.8095 -36.8558 -2.3163 -48.6519 -31.1089 23.2617 -43.3988 -23.9656 -14.1496 -35.9170 29.3976 -48.6983 -28.9397 15.1162 -40.3518 -18.6023 -42.2209 -33.5929 32.0698 -46.0989 -26.3536 3.8383 -36.8683 -0.2025 -48.7888
-4.9142 -36.6371 2.7298 -26.1833 -45.8702 31.4001 -33.4027 -43.2262 -18.0437 -40.1297 14.5461 -28.7979 -48.6223 30.3934 -35.8605 -14.9462 -23.9186 -43.3988 23.3729 -31.1628 -48.6148 -3.5409 -36.9925 3.5612 -26.1650 -45.6396 30.0261 -32.8451 -46.0928 -14.6554 -38.7656 9.9597 -27.4192 -47.2161 34.3565 -34.2001 -39.4707 -19.2920 -40.4330 14.7347 -28.6816 -48.4282 33.3633 -35.4068 -25.4891 -22.3889 -42.1434 19.4136 -29.9942 -48.9817 18.6056 -36.2991 -7.3124 -25.1122 -46.5488 -23.3584 -25.5168 -35.4069 33.3633 -48.4282 -28.6816 14.7347 -40.4330 -19.2920 -39.4707 -34.2001 34.3565 -47.2161 -27.4192 9.9597 -38.7656 -14.6554 -46.0928 -32.8451 30.0261 -45.6396 -26.1650 3.5612 -36.9925 -3.5409 -48.6148 -31.1628 23.3729 -43.3988 -23.9186 -14.9462 -35.8605 30.3934 -48.6223 -28.7979 14.5461 -40.1297 -18.0437 -43.2262 -33.4027 31.4001 -45.8702 -26.1833 2.7298 -36.6371 -4.9142
-37.2035 1.5313 -26.0118 -45.6323 30.6828 -33.2090 -44.1152 -17.4332 -39.8949 13.9102 -28.6322 -48.5199 31.5346 -35.7695 -16.4422 -23.7881 -43.3264 23.2617 -31.1628 -48.6002 -4.1498 -37.0791 4.0755 -26.2641 -45.7971 30.5796 -33.0041 -45.5652 -15.3998 -38.9886 10.6590 -27.5937 -47.4121 34.6871 -34.3816 -38.0136 -19.7966 -40.6727 15.3888 -28.8645 -48.5571 32.3382 -35.5576 -22.8695 -22.7507 -42.3867 20.0936 -30.1841 -48.9750 15.0989 -36.3844 -5.2742 -24.8893 -44.1527 34.9901 -42.6415 -22.7663 -22.8690 -35.5576 32.3382 -48.5571 -28.8645 15.3888 -40.6727 -19.7966 -38.0136 -34.3816 34.6871 -47.4121 -27.5937 10.6590 -38.9886 -15.3998 -45.5652 -33.0041 30.5796 -45.7971 -26.2641 4.0755 -37.0791 -4.1498 -48.6002 -31.1628 23.2617 -43.3264 -23.7881 -16.4422 -35.7695 31.5346 -48.5199 -28.6322 13.9102 -39.8949 -17.4332 -44.1152 -33.2090 30.6828 -45.6323 -26.0118 1.5313 -37.2035
-0.6087 -25.8474 -45.3915 29.9325 -33.0109 -44.9087 -16.7802 -39.6580 13.2504 -28.4533 -48.3930 32.6454 -35.6533 -18.5092 -23.5839 -43.1945 22.9558 -31.1089 -48.6148 -4.1498 -37.1083 4.3316 -26.3259 -45.9099 31.0009 -33.1338 -45.0524 -16.0168 -39.1898 11.2939 -27.7618 -47.5986 34.9032 -34.5601 -36.3953 -20.2757 -40.9132 16.0430 -29.0485 -48.6721 31.0012 -35.7016 -20.1618 -23.0970 -42.6300 20.7808 -30.3749 -48.9402 11.4282 -36.4561 -3.4504 -25.1222 -44.3382 26.3434 -35.5308 21.8997 -42.6237 -23.0967 -20.1618 -35.7016 31.0012 -48.6721 -29.0485 16.0430 -40.9132 -20.2757 -36.3953 -34.5601 34.9032 -47.5986 -27.7618 11.2939 -39.1898 -16.0168 -45.0524 -33.1338 31.0009 -45.9099 -26.3259 4.3316 -37.1083 -4.1498 -48.6148 -31.1089 22.9558 -43.1945 -23.5839 -18.5092 -35.6533 32.6454 -48.3930 -28.4533 13.2504 -39.6580 -16.7802 -44.9087 -33.0109 29.9325 -45.3915 -25.8474 -0.6087
-24.2901 -45.1503 29.1740 -32.8094 -45.6195 -16.0591 -39.4186 12.5851 -28.2730 -48.2484 33.5804 -35.5182 -20.9393 -23.3173 -43.0142 22.4980 -31.0079 -48.6519 -3.5409 -37.0791 4.3316 -26.3472 -45.9676 31.2595 -33.2254 -44.6188 -16.4966 -39.3649 11.8424 -27.9133 -47.7652 34.9833 -34.7330 -34.6067 -20.7316 -41.1543 16.6986 -29.2335 -48.7716 29.3207 -35.8383 -17.4230 -23.4281 -42.8734 21.4758 -30.5665 -48.8743 7.7657 -36.5129 -1.8140 -25.3494 -44.5801 26.6013 -32.8053 -35.6277 -31.9710 21.4627 -42.8734 -23.4281 -17.4230 -35.8383 29.3207 -48.7716 -29.2335 16.6986 -41.1543 -20.7316 -34.6067 -34.7330 34.9833 -47.7652 -27.9133 11.8424 -39.3649 -16.4966 -44.6188 -33.2254 31.2595 -45.9676 -26.3472 4.3316 -37.0791 -3.5409 -48.6519 -31.0079 22.4980 -43.0142 -23.3173 -20.9393 -35.5182 33.5804 -48.2484 -28.2730 12.5851 -39.4186 -16.0591 -45.6195 -32.8094 29.1740 -45.1503 -24.2901
-44.9580 28.3978 -32.6077 -46.2354 -15.2662 -39.1771 11.9023 -28.0938 -48.0928 34.2596 -35.3671 -23.5534 -23.0048 -42.8015 21.9299 -30.8681 -48.6985 -2.3163 -36.9925 4.0755 -26.3259 -45.9676 31.3481 -33.2745 -44.3278 -16.8195 -39.4998 12.2882 -28.0444 -47.9057 34.9322 -34.8883 -32.7345 -21.1582 -41.3925 17.3570 -29.4197 -48.8542 27.2692 -35.9667 -14.7196 -23.7445 -43.1167 22.1789 -30.7587 -48.7903 4.2912 -36.5533 -0.3428 -25.5607 -44.8178 27.3524 -32.1650 -47.4951 -21.6818 -48.6900 -30.8274 22.1789 -43.1167 -23.7445 -14.7196 -35.9667 27.2692 -48.8542 -29.4197 17.3570 -41.3925 -21.1582 -32.7345 -34.8883 34.9322 -47.9057 -28.0444 12.2882 -39.4998 -16.8195 -44.3278 -33.2745 31.3481 -45.9676 -26.3259 4.0755 -36.9925 -2.3163 -48.6985 -30.8681 21.9299 -42.8015 -23.0048 -23.5534 -35.3671 34.2596 -48.0928 -28.0938 11.9023 -39.1771 -15.2662 -46.2354 -32.6077 28.3978 -44.9580
27.7406 -32.3104 -46.7590 -14.4108 -38.9360 11.1973 -27.9118 -47.9245 34.6995 -35.2090 -26.1430 -22.6592 -42.5675 21.2864 -30.7010 -48.7385 -0.4522 -36.8558 3.5612 -26.2641 -45.9099 31.2595 -33.2745 -44.2250 -16.9889 -39.5842 12.5960 -28.1455 -48.0169 34.7851 -35.0189 -30.9523 -21.5311 -41.6179 17.9918 -29.6041 -48.9180 24.8283 -36.0861 -12.1182 -24.0464 -43.3597 22.8901 -30.9516 -48.7232 1.1394 -36.6094 0.9865 -25.7556 -45.0540 28.1012 -32.3308 -47.3561 -12.6776 -40.4464 -2.7904 -48.7237 -30.9516 22.8901 -43.3597 -24.0464 -12.1182 -36.0861 24.8283 -48.9180 -29.6041 17.9918 -41.6179 -21.5311 -30.9523 -35.0189 34.7851 -48.0169 -28.1455 12.5960 -39.5842 -16.9889 -44.2250 -33.2745 31.2595 -45.9099 -26.2641 3.5612 -36.8558 -0.4522 -48.7385 -30.7010 21.2864 -42.5675 -22.6592 -26.1430 -35.2090 34.6995 -47.9245 -27.9118 11.1973 -38.9360 -14.4108 -46.7590 -32.3104 27.7406
-31.4978 -47.2108 -13.4606 -38.6932 10.4699 -27.7285 -47.7441 34.9323 -35.0456 -28.5936 -22.2932 -42.3241 20.6034 -30.5171 -48.8064 2.0461 -36.6815 2.8095 -26.1650 -45.7971 31.0009 -33.2254 -44.3278 -16.9889 -39.6143 12.7583 -28.2070 -48.0917 34.6017 -35.1251 -29.3400 -21.8404 -41.8189 18.5738 -29.7757 -48.9598 22.0392 -36.1954 -9.6750 -24.3338 -43.6023 23.6095 -31.1451 -48.6581 -1.6297 -36.7606 2.1958 -25.9336 -45.2883 28.8472 -32.5255 -46.9477 -13.0624 -38.5120 18.3472 -37.1342 -1.5840 -48.6581 -31.1451 23.6095 -43.6023 -24.3338 -9.6750 -36.1954 22.0392 -48.9598 -29.7757 18.5738 -41.8189 -21.8404 -29.3400 -35.1251 34.6017 -48.0917 -28.2070 12.7583 -39.6143 -16.9889 -44.3278 -33.2254 31.0009 -45.7971 -26.1650 2.8095 -36.6815 2.0461 -48.8064 -30.5171 20.6034 -42.3241 -22.2932 -28.5936 -35.0456 34.9323 -47.7441 -27.7285 10.4699 -38.6932 -13.4606 -47.2108 -31.4978
-47.8796 -12.4106 -38.4523 9.7260 -27.5467 -47.5551 34.9786 -34.8730 -30.9086 -21.9108 -42.0809 19.9181 -30.3258 -48.8944 5.1580 -36.5746 1.8445 -26.0384 -45.6396 30.5796 -33.1338 -44.6188 -16.8195 -39.5842 12.7583 -28.2277 -48.1284 34.4557 -35.1995 -28.0222 -22.0902 -41.9920 19.0906 -29.9281 -48.9796 19.1336 -36.2900 -7.4570 -24.6067 -43.8443 24.3368 -31.3391 -48.5574 -4.0209 -36.9830 3.3045 -26.1003 -45.5205 29.5865 -32.7198 -46.4715 -14.0177 -38.5929 9.8639 -32.0939 4.9063 -36.9840 -4.0209 -48.5574 -31.3391 24.3368 -43.8443 -24.6067 -7.4570 -36.2900 19.1336 -48.9796 -29.9281 19.0906 -41.9920 -22.0902 -28.0222 -35.1995 34.4557 -48.1284 -28.2277 12.7583 -39.5842 -16.8195 -44.6188 -33.1338 30.5796 -45.6396 -26.0384 1.8445 -36.5746 5.1580 -48.8944 -30.3258 19.9181 -42.0809 -21.9108 -30.9086 -34.8730 34.9786 -47.5551 -27.5467 9.7260 -38.4523 -12.4106 -47.8796
-13.2218 -38.2122 8.9596 -27.3651 -47.3558 34.8592 -34.6948 -33.0757 -21.5056 -41.8380 19.2399 -30.1352 -48.9520 8.6964 -36.5446 0.6570 -25.8864 -45.4480 30.0261 -33.0041 -45.0524 -16.4966 -39.4998 12.5960 -28.2070 -48.1284 34.4011 -35.2363 -27.1864 -22.2636 -42.1275 19.5238 -30.0627 -48.9830 16.3785 -36.3655 -5.5810 -24.8544 -44.0822 25.0712 -31.5335 -48.4178 -6.0752 -37.2066 4.3293 -26.2652 -45.7502 30.3141 -32.9136 -45.9189 -14.8824 -38.8254 10.1404 -28.1096 -48.8134 -27.3081 4.3208 -37.2066 -6.0752 -48.4178 -31.5335 25.0712 -44.0822 -24.8544 -5.5810 -36.3655 16.3785 -48.9830 -30.0627 19.5238 -42.1275 -22.2636 -27.1864 -35.2363 34.4011 -48.1284 -28.2070 12.5960 -39.4998 -16.4966 -45.0524 -33.0041 30.0261 -45.4480 -25.8864 0.6570 -36.5446 8.6964 -48.9520 -30.1352 19.2399 -41.8380 -21.5056 -33.0757 -34.6948 34.8592 -47.3558 -27.3651 8.9596 -38.2122 -13.2218
-38.6082 8.1638 -27.1858 -47.1497 34.5992 -34.5134 -35.0583 -21.0748 -41.5920 18.5681 -29.9455 -48.9793 12.3787 -36.4998 -0.7066 -25.7071 -45.2285 29.3762 -32.8451 -45.5652 -16.0168 -39.3649 12.2882 -28.1455 -48.0917 34.4557 -35.2363 -26.9039 -22.3490 -42.2109 19.8343 -30.1689 -48.9742 13.8500 -36.4231 -4.0810 -25.0648 -44.3020 25.7799 -31.7254 -48.2353 -7.8452 -37.4315 5.2844 -26.4312 -45.9770 31.0244 -33.1067 -45.2822 -15.6747 -39.0587 10.8487 -27.6562 -47.2512 15.3100 -45.9050 -26.4679 5.2844 -37.4315 -7.8452 -48.2353 -31.7254 25.7799 -44.3020 -25.0648 -4.0810 -36.4231 13.8500 -48.9742 -30.1689 19.8343 -42.2109 -22.3490 -26.9039 -35.2363 34.4557 -48.0917 -28.1455 12.2882 -39.3649 -16.0168 -45.5652 -32.8451 29.3762 -45.2285 -25.7071 -0.7066 -36.4998 12.3787 -48.9793 -29.9455 18.5681 -41.5920 -21.0748 -35.0583 -34.5134 34.5992 -47.1497 -27.1858 8.1638 -38.6082
7.1013 -27.0136 -46.9397 34.2249 -34.3252 -36.8733 -20.6169 -41.3401 17.8846 -29.7569 -48.9792 16.0223 -36.4391 -2.2181 -25.5079 -44.9935 28.6559 -32.6672 -46.0928 -15.3998 -39.1898 11.8424 -28.0444 -48.0169 34.6017 -35.1995 -27.1864 -22.3490 -42.2387 19.9901 -30.2342 -48.9602 11.7957 -36.4654 -2.8937 -25.2376 -44.4937 26.4185 -31.9036 -48.0166 -9.3611 -37.6577 6.1813 -26.5986 -46.2007 31.7104 -33.2987 -44.5534 -16.4056 -39.2931 11.5388 -27.8148 -47.6406 35.1503 -37.2322 32.8616 -46.1878 -26.5986 6.1813 -37.6577 -9.3611 -48.0166 -31.9036 26.4185 -44.4937 -25.2376 -2.8937 -36.4654 11.7957 -48.9602 -30.2342 19.9901 -42.2387 -22.3490 -27.1864 -35.1995 34.6017 -48.0169 -28.0444 11.8424 -39.1898 -15.3998 -46.0928 -32.6672 28.6559 -44.9935 -25.5079 -2.2181 -36.4391 16.0223 -48.9792 -29.7569 17.8846 -41.3401 -20.6169 -36.8733 -34.3252 34.2249 -46.9397 -27.0136 7.1013
-25.6124 -46.7213 33.7505 -34.1365 -38.5075 -20.1353 -41.0887 17.1965 -29.5663 -48.9540 19.4643 -36.3637 -3.9007 -25.2925 -44.7568 27.9088 -32.4755 -46.6010 -14.6554 -38.9886 11.2939 -27.9133 -47.9057 34.7851 -35.1251 -28.0222 -22.2636 -42.2109 19.9901 -30.2560 -48.9508 10.5287 -36.4925 -2.0142 -25.3743 -44.6546 26.9654 -32.0588 -47.7808 -10.6000 -37.8747 7.0161 -26.7648 -46.4208 32.3637 -33.4897 -43.7234 -17.0838 -39.5286 12.2172 -27.9920 -47.8283 34.9862 -35.4508 -1.2487 -34.7195 32.3650 -46.4208 -26.7648 7.0161 -37.8747 -10.6000 -47.7808 -32.0588 26.9654 -44.6546 -25.3743 -2.0142 -36.4925 10.5287 -48.9508 -30.2560 19.9901 -42.2109 -22.2636 -28.0222 -35.1251 34.7851 -47.9057 -27.9133 11.2939 -38.9886 -14.6554 -46.6010 -32.4755 27.9088 -44.7568 -25.2925 -3.9007 -36.3637 19.4643 -48.9540 -29.5663 17.1965 -41.0887 -20.1353 -38.5075 -34.1365 33.7505 -46.7213 -25.6124
-46.4501 33.1927 -33.9455 -39.9572 -19.6322 -40.8378 16.5117 -29.3722 -48.9040 22.6360 -36.2752 -5.7757 -25.0613 -44.5187 27.1598 -32.2807 -47.0587 -13.7820 -38.7656 10.6590 -27.7618 -47.7652 34.9322 -35.0189 -29.3400 -22.0902 -42.1275 19.8343 -30.2342 -48.9508 10.1074 -36.5051 -1.4852 -25.4697 -44.7810 27.4168 -32.1890 -47.5482 -11.5582 -38.0667 7.7441 -26.9218 -46.6277 32.9663 -33.6792 -42.7828 -17.7165 -39.7650 12.8866 -28.1704 -47.9993 34.8552 -34.9800 -30.7788 -27.4195 -41.0379 -33.7573 32.9663 -46.6277 -26.9218 7.7441 -38.0667 -11.5582 -47.5482 -32.1890 27.4168 -44.7810 -25.4697 -1.4852 -36.5051 10.1074 -48.9508 -30.2342 19.8343 -42.1275 -22.0902 -29.3400 -35.0189 34.9322 -47.7652 -27.7618 10.6590 -38.7656 -13.7820 -47.0587 -32.2807 27.1598 -44.5187 -25.0613 -5.7757 -36.2752 22.6360 -48.9040 -29.3722 16.5117 -40.8378 -19.6322 -39.9572 -33.9455 33.1927 -46.4501
31.6636 -33.6120 -41.2607 -19.0960 -40.5874 15.8288 -29.1798 -48.8320 25.4578 -36.1730 -7.8584 -24.8150 -44.2792 26.4118 -32.0857 -47.4485 -12.8065 -38.5337 9.9597 -27.5937 -47.5986 34.9833 -34.8883 -30.9523 -21.8404 -41.9920 19.5238 -30.1689 -48.9602 10.5287 -36.5051 -1.3131 -25.5176 -44.8623 27.7486 -32.2920 -47.3328 -12.2954 -38.2306 8.3476 -27.0626 -46.8129 33.4791 -33.8591 -41.7374 -18.3094 -40.0023 13.5491 -28.3500 -48.1608 34.5382 -35.1164 -29.9303 -22.1395 -44.4089 -19.3959 -41.7495 -33.8576 33.4791 -46.8129 -27.0626 8.3476 -38.2306 -12.2954 -47.3328 -32.2920 27.7486 -44.8623 -25.5176 -1.3131 -36.5051 10.5287 -48.9602 -30.1689 19.5238 -41.9920 -21.8404 -30.9523 -34.8883 34.9833 -47.5986 -27.5937 9.9597 -38.5337 -12.8065 -47.4485 -32.0857 26.4118 -44.2792 -24.8150 -7.8584 -36.1730 25.4578 -48.8320 -29.1798 15.8288 -40.5874 -19.0960 -41.2607 -33.6120 31.6636
-32.9948 -42.4170 -18.5294 -40.3407 15.1549 -28.9887 -48.7424 27.8684 -36.0555 -10.2129 -24.5506 -44.0386 25.6672 -31.8907 -47.7767 -11.7226 -38.3029 9.2311 -27.4192 -47.4121 34.9032 -34.7330 -32.7345 -21.5311 -41.8189 19.0906 -30.0627 -48.9742 11.7957 -36.4925 -1.4852 -25.5176 -44.8893 27.9197 -32.3589 -47.1592 -12.8508 -38.3687 8.8478 -27.1852 -46.9737 33.8899 -34.0188 -40.6539 -18.8443 -40.2372 14.2071 -28.5307 -48.3119 33.9995 -35.2776 -27.5597 -22.0826 -42.0557 29.2916 -40.5646 -18.8431 -40.6538 -34.0188 33.8899 -46.9737 -27.1852 8.8478 -38.3687 -12.8508 -47.1592 -32.3589 27.9197 -44.8893 -25.5176 -1.4852 -36.4925 11.7957 -48.9742 -30.0627 19.0906 -41.8189 -21.5311 -32.7345 -34.7330 34.9032 -47.4121 -27.4192 9.2311 -38.3029 -11.7226 -47.7767 -31.8907 25.6672 -44.0386 -24.5506 -10.2129 -36.0555 27.8684 -48.7424 -28.9887 15.1549 -40.3407 -18.5294 -42.4170 -32.9948
-44.2043 -17.9314 -40.0923 14.4734 -28.7970 -48.6332 29.8921 -35.9296 -12.8044 -24.2666 -43.7936 24.9273 -31.6958 -48.0488 -10.5073 -38.0733 8.4790 -27.2459 -47.2161 34.6871 -34.5601 -34.6067 -21.1582 -41.6179 18.5738 -29.9281 -48.9830 13.8500 -36.4654 -2.0142 -25.4697 -44.8623 27.9197 -32.3811 -47.0646 -13.1950 -38.4709 9.2419 -27.2887 -47.1080 34.2083 -34.1571 -39.6086 -19.2990 -40.4557 14.8341 -28.7100 -48.4513 33.2082 -35.4333 -25.0457 -22.4526 -42.1850 19.9634 -34.2395 15.8735 -40.4518 -19.2988 -39.6086 -34.1571 34.2083 -47.1080 -27.2887 9.2419 -38.4709 -13.1950 -47.0646 -32.3811 27.9197 -44.8623 -25.4697 -2.0142 -36.4654 13.8500 -48.9830 -29.9281 18.5738 -41.6179 -21.1582 -34.6067 -34.5601 34.6871 -47.2161 -27.2459 8.4790 -38.0733 -10.5073 -48.0488 -31.6958 24.9273 -43.7936 -24.2666 -12.8044 -35.9296 29.8921 -48.6332 -28.7970 14.4734 -40.0923 -17.9314 -44.2043
-17.4360 -39.8443 13.7890 -28.6071 -48.5077 31.5176 -35.7950 -15.5267 -23.9650 -43.5413 24.1744 -31.4991 -48.2700 -9.1313 -37.8448 7.6984 -27.0739 -47.0141 34.3565 -34.3816 -36.3953 -20.7316 -41.3925 17.9918 -29.7757 -48.9796 16.3785 -36.4231 -2.8937 -25.3743 -44.7810 27.7486 -32.3589 -47.0646 -13.3070 -38.5237 9.4940 -27.3653 -47.2142 34.4410 -34.2757 -38.6151 -19.6765 -40.6475 15.3947 -28.8773 -48.5728 32.1495 -35.5829 -22.4074 -22.8117 -42.4297 20.2116 -31.0328 -45.7196 -30.1835 15.3820 -40.6474 -19.6765 -38.6151 -34.2757 34.4410 -47.2142 -27.3653 9.4940 -38.5237 -13.3070 -47.0646 -32.3589 27.7486 -44.7810 -25.3743 -2.8937 -36.4231 16.3785 -48.9796 -29.7757 17.9918 -41.3925 -20.7316 -36.3953 -34.3816 34.3565 -47.0141 -27.0739 7.6984 -37.8448 -9.1313 -48.2700 -31.4991 24.1744 -43.5413 -23.9650 -15.5267 -35.7950 31.5176 -48.5077 -28.6071 13.7890 -39.8443 -17.4360
-40.0746 13.1062 -28.4182 -48.3681 32.7829 -35.6479 -18.3661 -23.6461 -43.2883 23.4183 -31.3006 -48.4469 -7.5580 -37.6176 6.8832 -26.9031 -46.8065 33.9303 -34.2001 -38.0136 -20.2757 -41.1543 17.3570 -29.6041 -48.9598 19.1336 -36.3655 -4.0810 -25.2376 -44.6546 27.4168 -32.2920 -47.1592 -13.1950 -38.5237 9.5775 -27.4050 -47.2822 34.5900 -34.3715 -37.7027 -19.9914 -40.8129 15.8806 -29.0244 -48.6707 30.8928 -35.7200 -19.7292 -23.1554 -42.6730 20.9031 -30.4391 -48.8057 -16.1919 -48.5234 -29.0799 15.8807 -40.8129 -19.9914 -37.7027 -34.3715 34.5900 -47.2822 -27.4050 9.5775 -38.5237 -13.1950 -47.1592 -32.2920 27.4168 -44.6546 -25.2376 -4.0810 -36.3655 19.1336 -48.9598 -29.6041 17.3570 -41.1543 -20.2757 -38.0136 -34.2001 33.9303 -46.8065 -26.9031 6.8832 -37.6176 -7.5580 -48.4469 -31.3006 23.4183 -43.2883 -23.6461 -18.3661 -35.6479 32.7829 -48.3681 -28.4182 13.1062 -40.0746
12.4420 -28.2178 -48.2152 33.7256 -35.4968 -21.2108 -23.3124 -43.0378 22.6794 -31.1000 -48.5824 -5.7110 -37.3891 6.0267 -26.7336 -46.5940 33.4255 -34.0160 -39.4707 -19.7966 -40.9132 16.6986 -29.4197 -48.9180 22.0392 -36.2900 -5.5810 -25.0648 -44.4937 26.9654 -32.1890 -47.3328 -12.8508 -38.4709 9.4940 -27.4050 -47.3047 34.6588 -34.4333 -36.9920 -20.2424 -40.9545 16.2939 -29.1510 -48.7465 29.5570 -35.8371 -17.2253 -23.4703 -42.9129 21.5995 -30.6056 -48.8332 5.2964 -38.7608 26.8034 -48.7067 -29.1500 16.2939 -40.9545 -20.2424 -36.9920 -34.4333 34.6588 -47.3047 -27.4050 9.4940 -38.4709 -12.8508 -47.3328 -32.1890 26.9654 -44.4937 -25.0648 -5.5810 -36.2900 22.0392 -48.9180 -29.4197 16.6986 -40.9132 -19.7966 -39.4707 -34.0160 33.4255 -46.5940 -26.7336 6.0267 -37.3891 -5.7110 -48.5824 -31.1000 22.6794 -43.0378 -23.3124 -21.2108 -35.4968 33.7256 -48.2152 -28.2178 12.4420
-26.9561 -48.0523 34.3734 -35.3391 -23.9720 -22.9644 -42.7845 21.9413 -30.8978 -48.6783 -3.4996 -37.1587 5.1092 -26.5653 -46.3771 32.8565 -33.8297 -40.7768 -19.2920 -40.6727 16.0430 -29.2335 -48.8542 24.8283 -36.1954 -7.4570 -24.8544 -44.3020 26.4185 -32.0588 -47.5482 -12.2954 -38.3687 9.2419 -27.3653 -47.2822 34.6588 -34.4538 -36.6123 -20.4019 -41.0613 16.6331 -29.2587 -48.8035 28.2250 -35.9337 -15.0598 -23.7407 -43.1354 22.2737 -30.7941 -48.7764 3.6616 -36.6716 12.3687 -36.4353 28.3076 -48.8043 -29.2587 16.6331 -41.0613 -20.4019 -36.6123 -34.4538 34.6588 -47.2822 -27.3653 9.2419 -38.3687 -12.2954 -47.5482 -32.0588 26.4185 -44.3020 -24.8544 -7.4570 -36.1954 24.8283 -48.8542 -29.2335 16.0430 -40.6727 -19.2920 -40.7768 -33.8297 32.8565 -46.3771 -26.5653 5.1092 -37.1587 -3.4996 -48.6783 -30.8978 21.9413 -42.7845 -22.9644 -23.9720 -35.3391 34.3734 -48.0523 -26.9561
-47.7563 34.7642 -35.1718 -26.6493 -22.5970 -42.5308 21.2116 -30.6971 -48.7364 -0.9147 -36.9284 4.1135 -26.3967 -46.1563 32.2362 -33.6416 -41.9427 -18.7591 -40.4330 15.3888 -29.0485 -48.7716 27.2692 -36.0861 -9.6750 -24.6067 -44.0822 25.7799 -31.9036 -47.7808 -11.5582 -38.2306 8.8478 -27.2887 -47.2142 34.5900 -34.4333 -36.6123 -20.4544 -41.1164 16.8583 -29.3401 -48.8458 26.9775 -36.0102 -13.2571 -23.9644 -43.3265 22.8738 -30.9667 -48.7159 0.6364 -36.6317 1.9638 -30.7633 -9.2671 -36.0661 26.9765 -48.8458 -29.3401 16.8583 -41.1164 -20.4544 -36.6123 -34.4333 34.5900 -47.2142 -27.2887 8.8478 -38.2306 -11.5582 -47.7808 -31.9036 25.7799 -44.0822 -24.6067 -9.6750 -36.0861 27.2692 -48.7716 -29.0485 15.3888 -40.4330 -18.7591 -41.9427 -33.6416 32.2362 -46.1563 -26.3967 4.1135 -36.9284 -0.9147 -48.7364 -30.6971 21.2116 -42.5308 -22.5970 -26.6493 -35.1718 34.7642 -47.7563
30.8360 -34.8094 -29.1637 -22.2132 -42.2796 20.4972 -30.4970 -48.8110 2.0876 -36.6968 3.0251 -26.2266 -45.9285 31.5756 -33.4517 -42.9793 -18.1945 -40.1941 14.7347 -28.8645 -48.6721 29.3207 -35.9667 -12.1182 -24.3338 -43.8443 25.0712 -31.7254 -48.0166 -10.6000 -38.0667 8.3476 -27.1852 -47.1080 34.4410 -34.3715 -36.9920 -20.4019 -41.1164 16.9335 -29.3827 -48.8716 25.9582 -36.0682 -11.8400 -24.1434 -43.4860 23.3867 -31.1159 -48.6604 -1.7771 -36.7859 2.3704 -26.4817 -47.7443 -25.1506 -11.8895 -36.0681 25.9582 -48.8716 -29.3827 16.9335 -41.1164 -20.4019 -36.9920 -34.3715 34.4410 -47.1080 -27.1852 8.3476 -38.0667 -10.6000 -48.0166 -31.7254 25.0712 -43.8443 -24.3338 -12.1182 -35.9667 29.3207 -48.6721 -28.8645 14.7347 -40.1941 -18.1945 -42.9793 -33.4517 31.5756 -45.9285 -26.2266 3.0251 -36.6968 2.0876 -48.8110 -30.4970 20.4972 -42.2796 -22.2132 -29.1637 -34.8094 30.8360
-34.4521 -31.5012 -21.8108 -42.0260 19.7837 -30.2986 -48.9010 5.4972 -36.5705 1.8443 -26.0564 -45.6942 30.8738 -33.2602 -43.8971 -17.5940 -39.9560 14.0792 -28.6816 -48.5571 31.0012 -35.8383 -14.7196 -24.0464 -43.6023 24.3368 -31.5335 -48.2353 -9.3611 -37.8747 7.7441 -27.0626 -46.9737 34.2083 -34.2757 -37.7027 -20.2424 -41.0613 16.8583 -29.3827 -48.8795 25.3849 -36.1050 -10.8208 -24.2876 -43.6135 23.8199 -31.2972 -48.5932 -3.6093 -36.9752 3.3493 -26.2307 -45.5183 34.9114 -43.8133 -24.3105 -10.8179 -36.1500 25.3838 -48.8795 -29.3827 16.8583 -41.0613 -20.2424 -37.7027 -34.2757 34.2083 -46.9737 -27.0626 7.7441 -37.8747 -9.3611 -48.2353 -31.5335 24.3368 -43.6023 -24.0464 -14.7196 -35.8383 31.0012 -48.5571 -28.6816 14.0792 -39.9560 -17.5940 -43.8971 -33.2602 30.8738 -45.6942 -26.0564 1.8443 -36.5705 5.4972 -48.9010 -30.2986 19.7837 -42.0260 -21.8108 -31.5012 -34.4521
-35.2323 -21.3884 -41.7733 19.0797 -30.1017 -48.9558 9.1682 -36.5405 0.5608 -25.8804 -45.4543 30.1292 -33.0629 -44.7172 -16.9528 -39.7188 13.4205 -28.4999 -48.4282 32.3382 -35.7016 -17.4230 -23.7445 -43.3597 23.6095 -31.3391 -48.4178 -7.8452 -37.6577 7.0161 -26.9218 -46.8129 33.8899 -34.1571 -38.6151 -19.9914 -40.9545 16.6331 -29.3401 -48.8716 25.3849 -36.1169 -10.2803 -24.4824 -43.4450 25.5528 -33.0444 -48.3424 -9.6434 -37.5538 5.3105 -26.8847 -46.0276 32.9434 -36.8372 25.8599 -43.6730 -25.1130 -7.1582 -36.2310 25.3827 -48.8716 -29.3401 16.6331 -40.9545 -19.9914 -38.6151 -34.1571 33.8899 -46.8129 -26.9218 7.0161 -37.6577 -7.8452 -48.4178 -31.3391 23.6095 -43.3597 -23.7445 -17.4230 -35.7016 32.3382 -48.4282 -28.4999 13.4205 -39.7188 -16.9528 -44.7172 -33.0629 30.1292 -45.4543 -25.8804 0.5608 -36.5405 9.1682 -48.9558 -30.1017 19.0797 -41.7733 -21.3884 -35.2323
-20.2431 -41.5231 18.3887 -29.9039 -48.9792 13.0082 -36.4892 -0.8752 -25.6897 -45.2117 29.3669 -32.8618 -45.4447 -16.2541 -39.4820 12.7568 -28.3193 -48.2867 33.3633 -35.5576 -20.1618 -23.4281 -43.1167 22.8901 -31.1451 -48.5574 -6.0752 -37.4315 6.1813 -26.7648 -46.6277 33.4791 -34.0188 -39.6086 -19.6765 -40.8129 16.2939 -29.2587 -48.8458 25.9582 -36.1050 -10.2806 -24.5948 -42.9455 28.2030 -37.7273 2.2028 -21.0383 -44.4302 28.9761 -26.4267 -46.4003 -1.8604 -35.9345 17.7789 -35.9578 30.4238 -47.6003 -29.8902 -5.3988 -36.2164 25.9571 -48.8458 -29.2587 16.2939 -40.8129 -19.6765 -39.6086 -34.0188 33.4791 -46.6277 -26.7648 6.1813 -37.4315 -6.0752 -48.5574 -31.1451 22.8901 -43.1167 -23.4281 -20.1618 -35.5576 33.3633 -48.2867 -28.3193 12.7568 -39.4820 -16.2541 -45.4447 -32.8618 29.3669 -45.2117 -25.6897 -0.8752 -36.4892 13.0082 -48.9792 -29.9039 18.3887 -41.5231 -20.2431
-41.5983 17.6959 -29.7080 -48.9734 16.7767 -36.4239 -2.4714 -25.4813 -44.9692 28.6009 -32.6598 -46.0839 -15.4788 -39.2401 12.0761 -28.1398 -48.1338 34.1090 -35.4068 -22.8695 -23.0970 -42.8734 22.1789 -30.9516 -48.6581 -4.0209 -37.2066 5.2844 -26.5986 -46.4208 32.9663 -33.8591 -40.6539 -19.2990 -40.6475 15.8806 -29.1510 -48.8035 26.9775 -36.0682 -10.8212 -24.4809 -43.0493 -3.6372 -48.8947 -27.2488 -42.8086 -23.0434 -37.6192 4.1455 -18.7004 -55.8432 26.0422 -16.0843 -63.7279 21.1769 14.4336 -44.8138 1.3102 -29.6534 -7.8326 -36.1094 26.9765 -48.8043 -29.1500 15.8807 -40.6474 -19.2988 -40.6538 -33.8576 32.9663 -46.4208 -26.5986 5.2844 -37.2066 -4.0209 -48.6581 -30.9516 22.1789 -42.8734 -23.0967 -22.8690 -35.4069 34.1090 -48.1338 -28.1397 12.0763 -39.2401 -15.4788 -46.0838 -32.6584 28.6010 -44.9692 -25.4814 -2.4713 -36.4239 16.7771 -48.9744 -29.7069 17.6960 -41.5983
17.2151 -29.4791 -48.9423 20.2633 -36.3431 -4.2581 -25.2543 -44.7222 27.8214 -32.4584 -46.6349 -14.6332 -38.9966 11.3760 -27.9590 -47.9705 34.6075 -35.2502 -25.4891 -22.7507 -42.6300 21.4758 -30.7587 -48.7232 -1.6297 -36.9830 4.3293 -26.4312 -46.2007 32.3637 -33.6792 -41.7374 -18.8443 -40.4557 15.3947 -29.0244 -48.7465 28.2250 -36.0102 -11.8400 -24.2875 -43.5543 32.0704 -40.0608 -48.8079 -20.6692 -59.2054 -65.7078 24.8999 -37.1417 -38.9674 -7.0067 -6.5363 5.1514 -34.6660 9.4515 -52.0654 -6.2473 -67.8822 -46.4796 -24.8630 -11.8977 -36.0651 28.3076 -48.7067 -29.0799 15.3820 -40.4518 -18.8431 -41.7495 -33.7573 32.3650 -46.1878 -26.4679 4.3208 -36.9840 -1.5840 -48.7237 -30.8274 21.4627 -42.6237 -22.7663 -25.5168 -35.3225 34.6322 -47.9431 -28.0050 11.3604 -38.9932 -14.6168 -46.6462 -32.5290 27.8159 -44.7140 -25.2812 -4.2774 -36.3848 20.3790 -48.8896 -29.5488 17.2224
