-19.0251 -41.7067 17.5473 -28.4435 -48.6842 16.2468 -35.8467 -17.0459 -22.5118 -43.2669 22.3927 -29.8904 -48.7888 -3.8359 -37.0824 -1.4996 -24.1726 -44.8318 27.3479 -31.3744 -48.0331 -12.7621 -38.4914 6.5996 -25.5023 -46.3324 31.4460 -32.8714 -44.6619 -17.1536 -39.9524 12.0396 -26.8442 -47.6599 31.2458 -34.3365 -36.2498 -20.0429 -41.4685 16.8255 -28.2333 -48.5965 19.4174 -35.6673 -19.9779 -22.2243 -43.0293 21.6459 -29.6691 -48.8075 -1.5885 -36.8511 -3.2516 -24.6463 -47.2958 -23.4057 -19.9536 -35.6672 19.4174 -48.5965 -28.2333 16.8255 -41.4685 -20.0429 -36.2498 -34.3365 31.2458 -47.6599 -26.8442 12.0396 -39.9524 -17.1536 -44.6619 -32.8714 31.4460 -46.3324 -25.5023 6.5996 -38.4914 -12.7621 -48.0331 -31.3744 27.3479 -44.8318 -24.1726 -1.4996 -37.0824 -3.8359 -48.7888 -29.8904 22.3927 -43.2669 -22.5118 -17.0459 -35.8467 16.2468 -48.6842 -28.4435 17.5473 -41.7067 -19.0251
-41.7067 17.6809 -29.5062 -48.9162 25.0477 -35.8008 -12.3322 -24.0239 -43.3364 22.8200 -30.8730 -48.7281 1.4502 -36.5085 0.8044 -25.7406 -45.0160 27.9708 -32.2017 -47.4286 -11.7804 -38.0811 7.7145 -26.9155 -46.5967 32.8605 -33.5081 -42.9935 -17.5771 -39.7088 12.7260 -28.1171 -47.9570 34.8923 -34.7180 -32.7012 -21.1481 -41.3822 17.3104 -29.3744 -48.8468 27.4598 -35.6938 -15.0596 -23.7060 -43.0798 22.0693 -30.6733 -48.7997 4.8311 -36.3512 -0.6250 -25.5427 -44.8217 35.5997 -43.3578 -23.7315 -15.0600 -35.6938 27.4598 -48.8468 -29.3744 17.3104 -41.3822 -21.1481 -32.7012 -34.7180 34.8923 -47.9570 -28.1171 12.7260 -39.7088 -17.5771 -42.9935 -33.5081 32.8605 -46.5967 -26.9155 7.7145 -38.0811 -11.7804 -47.4286 -32.2017 27.9708 -45.0160 -25.7406 0.8044 -36.5085 1.4502 -48.7281 -30.8730 22.8200 -43.3364 -24.0239 -12.3322 -35.8008 25.0477 -48.9162 -29.5062 17.6809 -41.7067
17.5473 -29.5062 -48.9422 23.2808 -36.1616 -10.0741 -24.2984 -43.5794 23.5515 -31.1333 -48.6639 -1.4434 -36.7414 2.0790 -25.9144 -45.2581 28.7499 -32.4966 -47.0166 -12.8939 -38.3205 8.5276 -27.0869 -46.8182 33.4494 -33.8388 -41.9125 -18.2026 -39.9558 13.4111 -28.3152 -48.1264 34.6244 -35.0763 -30.4684 -21.5819 -41.6346 18.0010 -29.6007 -48.9145 24.9807 -36.0785 -12.3361 -24.0177 -43.3334 22.8031 -30.9315 -48.7291 1.5258 -36.5917 0.7854 -25.7239 -45.0062 28.5256 -35.9440 24.0811 -43.3281 -24.0177 -12.3361 -36.0785 24.9807 -48.9145 -29.6007 18.0010 -41.6346 -21.5819 -30.4684 -35.0763 34.6244 -48.1264 -28.3152 13.4111 -39.9558 -18.2026 -41.9125 -33.8388 33.4494 -46.8182 -27.0869 8.5276 -38.3205 -12.8939 -47.0166 -32.4966 28.7499 -45.2581 -25.9144 2.0790 -36.7414 -1.4434 -48.6639 -31.1333 23.5515 -43.5794 -24.2984 -10.0741 -36.1616 23.2808 -48.9422 -29.5062 17.5473
-28.4435 -48.9162 23.2808 -36.1957 -8.7149 -24.5055 -43.7873 24.2262 -31.3210 -48.5659 -3.8940 -36.9695 3.2275 -26.0881 -45.4999 29.5131 -32.6985 -46.5356 -13.8991 -38.5584 9.3084 -27.2661 -47.0338 33.9706 -34.0309 -40.6913 -18.7888 -40.2037 14.0962 -28.5034 -48.2858 34.1170 -35.2457 -28.0761 -21.9947 -41.8872 18.6956 -29.7954 -48.9587 22.0455 -36.1909 -9.7794 -24.3172 -43.5860 23.5521 -31.1331 -48.6649 -1.3730 -36.7380 2.0599 -25.9118 -45.2542 28.7278 -33.3730 -29.5075 -32.5588 23.5461 -43.5861 -24.3172 -9.7794 -36.1909 22.0455 -48.9587 -29.7954 18.6956 -41.8872 -21.9947 -28.0761 -35.2457 34.1170 -48.2858 -28.5034 14.0962 -40.2037 -18.7888 -40.6913 -34.0309 33.9706 -47.0338 -27.2661 9.3084 -38.5584 -13.8991 -46.5356 -32.6985 29.5131 -45.4999 -26.0881 3.2275 -36.9695 -3.8940 -48.5659 -31.3210 24.2262 -43.7873 -24.5055 -8.7149 -36.1957 23.2808 -48.9162 -28.4435
-48.6842 25.0477 -36.1616 -8.7149 -24.5848 -43.9149 24.7288 -31.4754 -48.4446 -5.8605 -37.1871 4.2577 -26.2552 -45.7359 30.2607 -32.8962 -45.9764 -14.8003 -38.8003 10.0566 -27.4470 -47.2436 34.4047 -34.2207 -39.3321 -19.3421 -40.4505 14.7799 -28.6914 -48.4328 33.3373 -35.4087 -25.4843 -22.3852 -42.1406 19.3961 -29.9930 -48.9802 18.7512 -36.2925 -7.4517 -24.6020 -43.8354 24.3090 -31.3350 -48.5626 -3.8956 -36.9671 3.2256 -26.0855 -45.4967 29.5006 -32.7274 -46.2060 -23.0457 -48.3208 -31.4067 24.3091 -43.8354 -24.6020 -7.4517 -36.2925 18.7512 -48.9802 -29.9930 19.3961 -42.1406 -22.3852 -25.4843 -35.4087 33.3373 -48.4328 -28.6914 14.7799 -40.4505 -19.3421 -39.3321 -34.2207 34.4047 -47.2436 -27.4470 10.0566 -38.8003 -14.8003 -45.9764 -32.8962 30.2607 -45.7359 -26.2552 4.2577 -37.1871 -5.8605 -48.4446 -31.4754 24.7288 -43.9149 -24.5848 -8.7149 -36.1616 25.0477 -48.6842
16.2468 -35.8008 -10.0741 -24.5055 -43.9149 24.9183 -31.5645 -48.3368 -7.2722 -37.3801 5.1396 -26.4134 -45.9600 30.9806 -33.0885 -45.3396 -15.6102 -39.0398 10.7835 -27.6270 -47.4472 34.7322 -34.4108 -37.7967 -19.8598 -40.7004 15.4552 -28.8813 -48.5647 32.2544 -35.5651 -22.7537 -22.7617 -42.3914 20.1053 -30.1897 -48.9733 15.1088 -36.3838 -5.3275 -24.8698 -44.0869 25.0656 -31.5384 -48.4182 -6.0467 -37.1996 4.2869 -26.2567 -45.7339 30.2609 -32.8966 -45.9817 -15.3526 -41.2281 -8.6420 -48.4201 -31.5384 25.0656 -44.0869 -24.8698 -5.3275 -36.3838 15.1088 -48.9733 -30.1897 20.1053 -42.3914 -22.7617 -22.7537 -35.5651 32.2544 -48.5647 -28.8813 15.4552 -40.7004 -19.8598 -37.7967 -34.4108 34.7322 -47.4472 -27.6270 10.7835 -39.0398 -15.6102 -45.3396 -33.0885 30.9806 -45.9600 -26.4134 5.1396 -37.3801 -7.2722 -48.3368 -31.5645 24.9183 -43.9149 -24.5055 -10.0741 -35.8008 16.2468
-35.8467 -12.3322 -24.2984 -43.7873 24.7288 -31.5645 -48.2939 -8.0111 -37.5187 5.8177 -26.5505 -46.1622 31.6300 -33.2741 -44.6285 -16.3459 -39.2742 11.4838 -27.8047 -47.6382 34.9303 -34.5942 -36.0815 -20.3539 -40.9509 16.1371 -29.0731 -48.6830 30.8477 -35.7165 -19.9319 -23.1217 -42.6445 20.8141 -30.3876 -48.9356 11.2783 -36.4557 -3.4267 -25.1226 -44.3372 25.8377 -31.7398 -48.2270 -7.8877 -37.4342 5.2819 -26.4296 -45.9704 30.9957 -33.0965 -45.3290 -15.6169 -39.1850 20.3578 -37.7980 -7.8595 -48.2269 -31.7398 25.8377 -44.3372 -25.1226 -3.4267 -36.4557 11.2783 -48.9356 -30.3876 20.8141 -42.6445 -23.1217 -19.9319 -35.7165 30.8477 -48.6830 -29.0731 16.1371 -40.9509 -20.3539 -36.0815 -34.5942 34.9303 -47.6382 -27.8047 11.4838 -39.2742 -16.3459 -44.6285 -33.2741 31.6300 -46.1622 -26.5505 5.8177 -37.5187 -8.0111 -48.2939 -31.5645 24.7288 -43.7873 -24.2984 -12.3322 -35.8467
-17.0459 -24.0239 -43.5794 24.2262 -31.4754 -48.3368 -8.0111 -37.5700 6.1938 -26.6473 -46.3176 32.1590 -33.4396 -43.8707 -17.0013 -39.5062 12.1630 -27.9819 -47.8182 34.9813 -34.7698 -34.2301 -20.8183 -41.1985 16.8186 -29.2633 -48.7850 29.0491 -35.8556 -17.0760 -23.4645 -42.8984 21.5376 -30.5877 -48.8643 7.5044 -36.5135 -1.7457 -25.3590 -44.5862 26.6143 -31.9413 -47.9874 -9.4800 -37.6678 6.2165 -26.6026 -46.2033 31.7111 -33.2966 -44.5742 -16.3773 -39.2805 11.9166 -32.5002 7.5230 -37.6652 -9.4805 -47.9874 -31.9413 26.6143 -44.5862 -25.3590 -1.7457 -36.5135 7.5044 -48.8643 -30.5877 21.5376 -42.8984 -23.4645 -17.0760 -35.8556 29.0491 -48.7850 -29.2633 16.8186 -41.1985 -20.8183 -34.2301 -34.7698 34.9813 -47.8182 -27.9819 12.1630 -39.5062 -17.0013 -43.8707 -33.4396 32.1590 -46.3176 -26.6473 6.1938 -37.5700 -8.0111 -48.3368 -31.4754 24.2262 -43.5794 -24.0239 -17.0459
-22.5118 -43.3364 23.5515 -31.3210 -48.4446 -7.2722 -37.5187 6.1938 -26.6827 -46.4056 32.5128 -33.5668 -43.1580 -17.5509 -39.7222 12.8045 -28.1568 -47.9902 34.8672 -34.9405 -32.2299 -21.2502 -41.4431 17.4856 -29.4512 -48.8666 26.8794 -35.9853 -14.2996 -23.7920 -43.1495 22.2719 -30.7866 -48.7808 3.9102 -36.5534 -0.2224 -25.5764 -44.8341 27.3934 -32.1454 -47.6894 -10.8528 -37.9049 7.0903 -26.7778 -46.4300 32.3907 -33.4953 -43.7104 -17.0851 -39.5264 12.1984 -28.6700 -48.7969 -27.8688 7.0714 -37.9049 -10.8528 -47.6894 -32.1454 27.3934 -44.8341 -25.5764 -0.2224 -36.5534 3.9102 -48.7808 -30.7866 22.2719 -43.1495 -23.7920 -14.2996 -35.9853 26.8794 -48.8666 -29.4512 17.4856 -41.4431 -21.2502 -32.2299 -34.9405 34.8672 -47.9902 -28.1568 12.8045 -39.7222 -17.5509 -43.1580 -33.5668 32.5128 -46.4056 -26.6827 6.1938 -37.5187 -7.2722 -48.4446 -31.3210 23.5515 -43.3364 -22.5118
-43.2669 22.8200 -31.1333 -48.5659 -5.8605 -37.3801 5.8177 -26.6473 -46.4056 32.6367 -33.6368 -42.6349 -17.9516 -39.9017 13.3558 -28.3174 -48.1435 34.5733 -35.1046 -30.0515 -21.6615 -41.6855 18.1487 -29.6385 -48.9270 24.3698 -36.1058 -11.6844 -24.0972 -43.3994 23.0065 -30.9866 -48.7151 0.6805 -36.6262 1.1476 -25.7771 -45.0773 28.1743 -32.3471 -47.3281 -12.0743 -38.1432 7.9294 -26.9549 -46.6549 33.0174 -33.6939 -42.7272 -17.7431 -39.7724 12.8994 -28.1946 -47.6881 4.1804 -46.4503 -26.9925 7.9296 -38.1432 -12.0743 -47.3281 -32.3471 28.1743 -45.0773 -25.7771 1.1476 -36.6262 0.6805 -48.7151 -30.9866 23.0065 -43.3994 -24.0972 -11.6844 -36.1058 24.3698 -48.9270 -29.6385 18.1487 -41.6855 -21.6615 -30.0515 -35.1046 34.5733 -48.1435 -28.3174 13.3558 -39.9017 -17.9516 -42.6349 -33.6368 32.6367 -46.4056 -26.6473 5.8177 -37.3801 -5.8605 -48.5659 -31.1333 22.8200 -43.2669
22.3927 -30.8730 -48.6639 -3.8940 -37.1871 5.1396 -26.5505 -46.3176 32.5128 -33.6368 -42.4415 -18.1623 -40.0211 13.7707 -28.4479 -48.2685 34.1252 -35.2520 -27.8042 -22.0494 -41.9282 18.8169 -29.8267 -48.9662 21.4720 -36.2133 -9.2727 -24.3821 -43.6451 23.7376 -31.1848 -48.6420 -2.1004 -36.8012 2.3892 -25.9606 -45.3209 28.9429 -32.5487 -46.9022 -13.1648 -38.3801 8.7326 -27.1332 -46.8746 33.5922 -33.8876 -41.6098 -18.3576 -40.0200 13.5885 -28.3639 -48.1594 34.4533 -37.3875 34.4952 -46.8561 -27.1324 8.7326 -38.3801 -13.1648 -46.9022 -32.5487 28.9429 -45.3209 -25.9606 2.3892 -36.8012 -2.1004 -48.6420 -31.1848 23.7376 -43.6451 -24.3821 -9.2727 -36.2133 21.4720 -48.9662 -29.8267 18.8169 -41.9282 -22.0494 -27.8042 -35.2520 34.1252 -48.2685 -28.4479 13.7707 -40.0211 -18.1623 -42.4415 -33.6368 32.5128 -46.3176 -26.5505 5.1396 -37.1871 -3.8940 -48.6639 -30.8730 22.3927
-29.8904 -48.7281 -1.4434 -36.9695 4.2577 -26.4134 -46.1622 32.1590 -33.5668 -42.6349 -18.1623 -40.0623 13.9951 -28.5349 -48.3590 33.6228 -35.3737 -25.6687 -22.3944 -42.1608 19.4813 -30.0159 -48.9822 18.2177 -36.3095 -7.0596 -24.6525 -43.8870 24.4661 -31.3790 -48.5328 -4.4567 -37.0274 3.5123 -26.1312 -45.5621 29.7101 -32.7505 -46.3964 -14.1356 -38.6211 9.4986 -27.3131 -47.0889 34.0923 -34.0792 -40.3637 -18.9359 -40.2661 14.2745 -28.5511 -48.3256 33.9548 -35.8263 2.7027 -35.1557 34.0927 -47.0892 -27.3131 9.4986 -38.6211 -14.1356 -46.3964 -32.7505 29.7101 -45.5621 -26.1312 3.5123 -37.0274 -4.4567 -48.5328 -31.3790 24.4661 -43.8870 -24.6525 -7.0596 -36.3095 18.2177 -48.9822 -30.0159 19.4813 -42.1608 -22.3944 -25.6687 -35.3737 33.6228 -48.3590 -28.5349 13.9951 -40.0623 -18.1623 -42.6349 -33.5668 32.1590 -46.1622 -26.4134 4.2577 -36.9695 -1.4434 -48.7281 -29.8904
-48.7888 1.4502 -36.7414 3.2275 -26.2552 -45.9600 31.6300 -33.4396 -43.1580 -17.9516 -40.0211 13.9951 -28.5659 -48.4056 33.2178 -35.4663 -23.8527 -22.6750 -42.3666 20.0956 -30.1970 -48.9729 14.6838 -36.3933 -5.0556 -24.9083 -44.1281 25.2017 -31.5735 -48.3849 -6.4499 -37.2512 4.5246 -26.2977 -45.7945 30.4538 -32.9460 -45.8156 -15.0134 -38.8631 10.2498 -27.4929 -47.2972 34.5003 -34.2714 -38.9515 -19.4755 -40.5154 14.9507 -28.7400 -48.4673 33.0874 -35.4777 -23.1997 -28.2563 -36.5139 -34.3470 34.5001 -47.2972 -27.4929 10.2498 -38.8631 -15.0134 -45.8156 -32.9460 30.4538 -45.7945 -26.2977 4.5246 -37.2512 -6.4499 -48.3849 -31.5735 25.2017 -44.1281 -24.9083 -5.0556 -36.3933 14.6838 -48.9729 -30.1970 20.0956 -42.3666 -22.6750 -23.8527 -35.4663 33.2178 -48.4056 -28.5659 13.9951 -40.0211 -17.9516 -43.1580 -33.4396 31.6300 -45.9600 -26.2552 3.2275 -36.7414 1.4502 -48.7888
-3.8359 -36.5085 2.0790 -26.0881 -45.7359 30.9806 -33.2741 -43.8707 -17.5509 -39.9017 13.7707 -28.5349 -48.4056 33.0569 -35.5177 -22.6000 -22.8812 -42.5307 20.6174 -30.3570 -48.9417 11.2084 -36.4587 -3.2786 -25.1490 -44.3683 25.9433 -31.7683 -48.1933 -8.1694 -37.4764 5.4672 -26.4641 -46.0208 31.1599 -33.1380 -45.1634 -15.8049 -39.1000 10.9713 -27.6721 -47.4964 34.7973 -34.4577 -37.3674 -19.9897 -40.7653 15.6323 -28.9310 -48.5970 31.9339 -35.6065 -22.0427 -23.3163 -45.1958 -20.9973 -37.4007 -34.4562 34.7973 -47.4964 -27.6721 10.9713 -39.1000 -15.8049 -45.1634 -33.1380 31.1599 -46.0208 -26.4641 5.4672 -37.4764 -8.1694 -48.1933 -31.7683 25.9433 -44.3683 -25.1490 -3.2786 -36.4587 11.2084 -48.9417 -30.3570 20.6174 -42.5307 -22.8812 -22.6000 -35.5177 33.0569 -48.4056 -28.5349 13.7707 -39.9017 -17.5509 -43.8707 -33.2741 30.9806 -45.7359 -26.0881 2.0790 -36.5085 -3.8359
-37.0824 0.8044 -25.9144 -45.4999 30.2607 -33.0885 -44.6285 -17.0013 -39.7222 13.3558 -28.4479 -48.3590 33.2178 -35.5177 -22.1394 -22.9944 -42.6414 21.0110 -30.4825 -48.8975 8.1769 -36.5088 -1.7696 -25.3653 -44.6039 26.6895 -31.9633 -47.9538 -9.6644 -37.7028 6.3538 -26.6316 -46.2438 31.8401 -33.3298 -44.4178 -16.5262 -39.3346 11.6595 -27.8501 -47.6852 34.9582 -34.6384 -35.6258 -20.4785 -41.0130 16.3141 -29.1229 -48.7109 30.4172 -35.7518 -19.1879 -23.2180 -42.8035 31.6395 -41.3209 -20.4837 -35.6257 -34.6384 34.9582 -47.6852 -27.8501 11.6595 -39.3346 -16.5262 -44.4178 -33.3298 31.8401 -46.2438 -26.6316 6.3538 -37.7028 -9.6644 -47.9538 -31.9633 26.6895 -44.6039 -25.3653 -1.7696 -36.5088 8.1769 -48.8975 -30.4825 21.0110 -42.6414 -22.9944 -22.1394 -35.5177 33.2178 -48.3590 -28.4479 13.3558 -39.7222 -17.0013 -44.6285 -33.0885 30.2607 -45.4999 -25.9144 0.8044 -37.0824
-1.4996 -25.7406 -45.2581 29.5131 -32.8962 -45.3396 -16.3459 -39.5062 12.8045 -28.3174 -48.2685 33.6228 -35.4663 -22.6000 -22.9944 -42.6825 21.2275 -30.5631 -48.8527 5.8512 -36.5437 -0.5635 -25.5491 -44.8213 27.4061 -32.1555 -47.6614 -10.9768 -37.9305 7.1939 -26.8005 -46.4631 32.4859 -33.5204 -43.5694 -17.1961 -39.5702 12.3361 -28.0276 -47.8632 34.9687 -34.8141 -33.7328 -20.9323 -41.2606 16.9880 -29.3127 -48.8072 28.5176 -35.8894 -16.3698 -23.5510 -42.9600 22.1693 -34.7121 18.0333 -41.2582 -20.9320 -33.7328 -34.8141 34.9687 -47.8632 -28.0276 12.3361 -39.5702 -17.1961 -43.5694 -33.5204 32.4859 -46.4631 -26.8005 7.1939 -37.9305 -10.9768 -47.6614 -32.1555 27.4061 -44.8213 -25.5491 -0.5635 -36.5437 5.8512 -48.8527 -30.5631 21.2275 -42.6825 -22.9944 -22.6000 -35.4663 33.6228 -48.2685 -28.3174 12.8045 -39.5062 -16.3459 -45.3396 -32.8962 29.5131 -45.2581 -25.7406 -1.4996
-24.1726 -45.0160 28.7499 -32.6985 -45.9764 -15.6102 -39.2742 12.1630 -28.1568 -48.1435 34.1252 -35.3737 -23.8527 -22.8812 -42.6414 21.2275 -30.5918 -48.8250 4.4314 -36.5612 0.3200 -25.6939 -45.0105 28.0479 -32.3323 -47.3273 -12.1241 -38.1588 7.9953 -26.9705 -46.6784 33.0873 -33.7095 -42.6087 -17.8215 -39.8068 13.0040 -28.2063 -48.0324 34.8081 -34.9837 -31.6866 -21.3578 -41.5054 17.6557 -29.4993 -48.8840 26.2710 -36.0187 -13.6238 -23.8718 -43.2154 22.4538 -31.6762 -43.2040 -30.8453 17.6424 -41.5054 -21.3578 -31.6866 -34.9837 34.8081 -48.0324 -28.2063 13.0040 -39.8068 -17.8215 -42.6087 -33.7095 33.0873 -46.6784 -26.9705 7.9953 -38.1588 -12.1241 -47.3273 -32.3323 28.0479 -45.0105 -25.6939 0.3200 -36.5612 4.4314 -48.8250 -30.5918 21.2275 -42.6414 -22.8812 -23.8527 -35.3737 34.1252 -48.1435 -28.1568 12.1630 -39.2742 -15.6102 -45.9764 -32.6985 28.7499 -45.0160 -24.1726
-44.8318 27.9708 -32.4966 -46.5356 -14.8003 -39.0398 11.4838 -27.9819 -47.9902 34.5733 -35.2520 -25.6687 -22.6750 -42.5307 21.0110 -30.5631 -48.8250 3.9557 -36.5693 0.8605 -25.7930 -45.1589 28.5815 -32.4839 -46.9850 -13.0673 -38.3753 8.7417 -27.1394 -46.8890 33.6325 -33.8969 -41.5253 -18.4081 -40.0443 13.6657 -28.3862 -48.1919 34.4492 -35.1489 -29.4632 -21.7643 -41.7478 18.3200 -29.6868 -48.9392 23.6612 -36.1344 -11.0467 -24.1719 -43.4649 23.1921 -31.0646 -48.6556 -18.5392 -48.7877 -29.7482 18.3200 -41.7478 -21.7643 -29.4632 -35.1489 34.4492 -48.1919 -28.3862 13.6657 -40.0443 -18.4081 -41.5253 -33.8969 33.6325 -46.8890 -27.1394 8.7417 -38.3753 -13.0673 -46.9850 -32.4839 28.5815 -45.1589 -25.7930 0.8605 -36.5693 3.9557 -48.8250 -30.5631 21.0110 -42.5307 -22.6750 -25.6687 -35.2520 34.5733 -47.9902 -27.9819 11.4838 -39.0398 -14.8003 -46.5356 -32.4966 27.9708 -44.8318
27.3479 -32.2017 -47.0166 -13.8991 -38.8003 10.7835 -27.8047 -47.8182 34.8672 -35.1046 -27.8042 -22.3944 -42.3666 20.6174 -30.4825 -48.8527 4.4314 -36.5693 1.0418 -25.8440 -45.2530 28.9643 -32.6021 -46.6636 -13.8089 -38.5668 9.4019 -27.2991 -47.0864 34.1019 -34.0823 -40.3086 -18.9606 -40.2827 14.3230 -28.5672 -48.3407 33.8626 -35.3090 -27.0710 -22.1531 -41.9906 18.9896 -29.8753 -48.9727 20.6670 -36.2392 -8.6839 -24.4531 -43.7074 23.9242 -31.2348 -48.6174 -3.9694 -39.2816 15.9457 -48.9208 -29.8753 18.9896 -41.9906 -22.1531 -27.0710 -35.3090 33.8626 -48.3407 -28.5672 14.3230 -40.2827 -18.9606 -40.3086 -34.0823 34.1019 -47.0864 -27.2991 9.4019 -38.5668 -13.8089 -46.6636 -32.6021 28.9643 -45.2530 -25.8440 1.0418 -36.5693 4.4314 -48.8527 -30.4825 20.6174 -42.3666 -22.3944 -27.8042 -35.1046 34.8672 -47.8182 -27.8047 10.7835 -38.8003 -13.8991 -47.0166 -32.2017 27.3479
-31.3744 -47.4286 -12.8939 -38.5584 10.0566 -27.6270 -47.6382 34.9813 -34.9405 -30.0515 -22.0494 -42.1608 20.0956 -30.3570 -48.8975 5.8512 -36.5612 0.8605 -25.8440 -45.2866 29.1656 -32.6753 -46.4110 -14.3505 -38.7263 9.9534 -27.4423 -47.2619 34.4651 -34.2576 -38.9682 -19.4826 -40.5220 14.9778 -28.7494 -48.4776 33.0169 -35.4636 -24.5294 -22.5251 -42.2338 19.6654 -30.0646 -48.9823 17.3315 -36.3323 -6.5243 -24.7197 -43.9491 24.6547 -31.4290 -48.4987 -4.9830 -37.2390 14.6252 -36.6825 17.4078 -48.9823 -30.0646 19.6654 -42.2338 -22.5251 -24.5294 -35.4636 33.0169 -48.4776 -28.7494 14.9778 -40.5220 -19.4826 -38.9682 -34.2576 34.4651 -47.2619 -27.4423 9.9534 -38.7263 -14.3505 -46.4110 -32.6753 29.1656 -45.2866 -25.8440 0.8605 -36.5612 5.8512 -48.8975 -30.3570 20.0956 -42.1608 -22.0494 -30.0515 -34.9405 34.9813 -47.6382 -27.6270 10.0566 -38.5584 -12.8939 -47.4286 -31.3744
-48.0331 -11.7804 -38.3205 9.3084 -27.4470 -47.4472 34.9303 -34.7698 -32.2299 -21.6615 -41.9282 19.4813 -30.1970 -48.9417 8.1769 -36.5437 0.3200 -25.7930 -45.2530 29.1656 -32.6998 -46.2739 -14.6716 -38.8399 10.3723 -27.5594 -47.4102 34.7177 -34.4150 -37.5907 -19.9568 -40.7585 15.6317 -28.9327 -48.6015 31.8798 -35.6119 -21.8713 -22.8811 -42.4771 20.3480 -30.2549 -48.9655 13.7461 -36.4127 -4.5736 -24.9716 -44.1900 25.3919 -31.6236 -48.3400 -6.9161 -37.3090 5.3416 -31.3230 -1.8664 -36.4462 13.7461 -48.9655 -30.2549 20.3480 -42.4771 -22.8811 -21.8713 -35.6119 31.8798 -48.6015 -28.9327 15.6317 -40.7585 -19.9568 -37.5907 -34.4150 34.7177 -47.4102 -27.5594 10.3723 -38.8399 -14.6716 -46.2739 -32.6998 29.1656 -45.2530 -25.7930 0.3200 -36.5437 8.1769 -48.9417 -30.1970 19.4813 -41.9282 -21.6615 -32.2299 -34.7698 34.9303 -47.4472 -27.4470 9.3084 -38.3205 -11.7804 -48.0331
-12.7621 -38.0811 8.5276 -27.2661 -47.2436 34.7322 -34.5942 -34.2301 -21.2502 -41.6855 18.8169 -30.0159 -48.9729 11.2084 -36.5088 -0.5635 -25.6939 -45.1589 28.9643 -32.6753 -46.2739 -14.7796 -38.8998 10.6354 -27.6422 -47.5198 34.8673 -34.5500 -36.2495 -20.3623 -40.9786 16.2583 -29.1134 -48.7117 30.4187 -35.7533 -19.1448 -23.2217 -42.7204 21.0381 -30.4460 -48.9195 10.0569 -36.4791 -2.8218 -25.2084 -44.4299 26.1348 -31.8184 -48.1365 -8.5734 -37.5345 5.6960 -27.0792 -48.3087 -26.1987 -2.8362 -36.4791 10.0569 -48.9195 -30.4460 21.0381 -42.7204 -23.2217 -19.1448 -35.7533 30.4187 -48.7117 -29.1134 16.2583 -40.9786 -20.3623 -36.2495 -34.5500 34.8673 -47.5198 -27.6422 10.6354 -38.8998 -14.7796 -46.2739 -32.6753 28.9643 -45.1589 -25.6939 -0.5635 -36.5088 11.2084 -48.9729 -30.0159 18.8169 -41.6855 -21.2502 -34.2301 -34.5942 34.7322 -47.2436 -27.2661 8.5276 -38.0811 -12.7621
-38.4914 7.7145 -27.0869 -47.0338 34.4047 -34.4108 -36.0815 -20.8183 -41.4431 18.1487 -29.8267 -48.9822 14.6838 -36.4587 -1.7696 -25.5491 -45.0105 28.5815 -32.6021 -46.4110 -14.6716 -38.8998 10.7255 -27.6865 -47.5873 34.9373 -34.6495 -35.0586 -20.6996 -41.1710 16.8191 -29.2790 -48.8012 28.6593 -35.8853 -16.4111 -23.5474 -42.9638 21.7360 -30.6378 -48.8412 6.4446 -36.5299 -1.2495 -25.4298 -44.6686 26.8818 -32.0134 -47.8838 -10.0179 -37.7612 6.5739 -26.6887 -46.2231 30.9041 -44.7675 -25.4589 -1.2495 -36.5299 6.4446 -48.8412 -30.6378 21.7360 -42.9638 -23.5474 -16.4111 -35.8853 28.6593 -48.8012 -29.2790 16.8191 -41.1710 -20.6996 -35.0586 -34.6495 34.9373 -47.5873 -27.6865 10.7255 -38.8998 -14.6716 -46.4110 -32.6021 28.5815 -45.0105 -25.5491 -1.7696 -36.4587 14.6838 -48.9822 -29.8267 18.1487 -41.4431 -20.8183 -36.0815 -34.4108 34.4047 -47.0338 -27.0869 7.7145 -38.4914
6.5996 -26.9155 -46.8182 33.9706 -34.2207 -37.7967 -20.3539 -41.1985 17.4856 -29.6385 -48.9662 18.2177 -36.3933 -3.2786 -25.3653 -44.8213 28.0479 -32.4839 -46.6636 -14.3505 -38.8399 10.6354 -27.6865 -47.6111 34.9614 -34.7106 -34.2014 -20.9510 -41.3292 17.2972 -29.4224 -48.8664 26.7437 -36.0013 -13.8492 -23.8541 -43.2070 22.4421 -30.8303 -48.7634 3.0780 -36.5637 0.1663 -25.6351 -44.9058 27.6308 -32.2084 -47.5770 -11.2890 -37.9892 7.4034 -26.8441 -46.5137 33.0960 -36.7340 28.8891 -44.8976 -25.6351 0.1663 -36.5637 3.0780 -48.7634 -30.8303 22.4421 -43.2070 -23.8541 -13.8492 -36.0013 26.7437 -48.8664 -29.4224 17.2972 -41.3292 -20.9510 -34.2014 -34.7106 34.9614 -47.6111 -27.6865 10.6354 -38.8399 -14.3505 -46.6636 -32.4839 28.0479 -44.8213 -25.3653 -3.2786 -36.3933 18.2177 -48.9662 -29.6385 17.4856 -41.1985 -20.3539 -37.7967 -34.2207 33.9706 -46.8182 -26.9155 6.5996
-25.5023 -46.5967 33.4494 -34.0309 -39.3321 -19.8598 -40.9509 16.8186 -29.4512 -48.9270 21.4720 -36.3095 -5.0556 -25.1490 -44.6039 27.4061 -32.3323 -46.9850 -13.8089 -38.7263 10.3723 -27.6422 -47.5873 34.9614 -34.7329 -33.7311 -21.0992 -41.4398 17.6654 -29.5425 -48.9122 24.8258 -36.0980 -11.6127 -24.1264 -43.4394 23.1461 -31.0235 -48.7030 0.0653 -36.6541 1.4486 -25.8237 -45.1413 28.3790 -32.4033 -47.2107 -12.4186 -38.2184 8.1960 -27.0145 -46.7330 33.2340 -34.5717 -12.6064 -33.7806 28.3759 -45.1413 -25.8237 1.4486 -36.6541 0.0653 -48.7030 -31.0235 23.1461 -43.4394 -24.1264 -11.6127 -36.0980 24.8258 -48.9122 -29.5425 17.6654 -41.4398 -21.0992 -33.7311 -34.7329 34.9614 -47.5873 -27.6422 10.3723 -38.7263 -13.8089 -46.9850 -32.3323 27.4061 -44.6039 -25.1490 -5.0556 -36.3095 21.4720 -48.9270 -29.4512 16.8186 -40.9509 -19.8598 -39.3321 -34.0309 33.4494 -46.5967 -25.5023
-46.3324 32.8605 -33.8388 -40.6913 -19.3421 -40.7004 16.1371 -29.2633 -48.8666 24.3698 -36.2133 -7.0596 -24.9083 -44.3683 26.6895 -32.1555 -47.3273 -13.0673 -38.5668 9.9534 -27.5594 -47.5198 34.9373 -34.7106 -33.7311 -21.1483 -41.4957 17.8926 -29.6282 -48.9408 23.0491 -36.1768 -9.7392 -24.3584 -43.6480 23.8062 -31.2088 -48.6264 -2.5603 -36.8431 2.6184 -25.9964 -45.3749 29.1229 -32.5979 -46.7789 -13.4319 -38.4488 8.9579 -27.1861 -46.9423 33.7620 -33.9758 -40.4702 -25.6094 -45.9423 -32.6754 29.1230 -45.3749 -25.9964 2.6184 -36.8431 -2.5603 -48.6264 -31.2088 23.8062 -43.6480 -24.3584 -9.7392 -36.1768 23.0491 -48.9408 -29.6282 17.8926 -41.4957 -21.1483 -33.7311 -34.7106 34.9373 -47.5198 -27.5594 9.9534 -38.5668 -13.0673 -47.3273 -32.1555 26.6895 -44.3683 -24.9083 -7.0596 -36.2133 24.3698 -48.8666 -29.2633 16.1371 -40.7004 -19.3421 -40.6913 -33.8388 32.8605 -46.3324
31.4460 -33.5081 -41.9125 -18.7888 -40.4505 15.4552 -29.0731 -48.7850 26.8794 -36.1058 -9.2727 -24.6525 -44.1281 25.9433 -31.9633 -47.6614 -12.1241 -38.3753 9.4019 -27.4423 -47.4102 34.8673 -34.6495 -34.2014 -21.0992 -41.4957 17.9685 -29.6711 -48.9551 21.6895 -36.2346 -8.2664 -24.5537 -43.8319 24.3910 -31.3752 -48.5235 -4.7305 -37.0627 3.6941 -26.1614 -45.6061 29.8585 -32.7920 -46.2751 -14.3488 -38.6803 9.6946 -27.3590 -47.1463 34.2173 -34.1296 -39.9791 -19.5597 -42.9511 -15.7490 -46.2801 -32.7920 29.8585 -45.6061 -26.1614 3.6941 -37.0627 -4.7305 -48.5235 -31.3752 24.3910 -43.8319 -24.5537 -8.2664 -36.2346 21.6895 -48.9551 -29.6711 17.9685 -41.4957 -21.0992 -34.2014 -34.6495 34.8673 -47.4102 -27.4423 9.4019 -38.3753 -12.1241 -47.6614 -31.9633 25.9433 -44.1281 -24.6525 -9.2727 -36.1058 26.8794 -48.7850 -29.0731 15.4552 -40.4505 -18.7888 -41.9125 -33.5081 31.4460
-32.8714 -42.9935 -18.2026 -40.2037 14.7799 -28.8813 -48.6830 29.0491 -35.9853 -11.6844 -24.3821 -43.8870 25.2017 -31.7683 -47.9538 -10.9768 -38.1588 8.7417 -27.2991 -47.2619 34.7177 -34.5500 -35.0586 -20.9510 -41.4398 17.8926 -29.6711 -48.9593 20.9810 -36.2685 -7.2709 -24.7014 -43.9873 24.9068 -31.5216 -48.4062 -6.4238 -37.2675 4.6502 -26.3243 -45.8348 30.5805 -32.9855 -45.6921 -15.1852 -38.9129 10.4105 -27.5331 -47.3445 34.5831 -34.3120 -38.5731 -19.6148 -40.7171 25.0215 -39.2682 -15.1821 -45.6921 -32.9855 30.5805 -45.8348 -26.3243 4.6502 -37.2675 -6.4238 -48.4062 -31.5216 24.9068 -43.9873 -24.7014 -7.2709 -36.2685 20.9810 -48.9593 -29.6711 17.8926 -41.4398 -20.9510 -35.0586 -34.5500 34.7177 -47.2619 -27.2991 8.7417 -38.1588 -10.9768 -47.9538 -31.7683 25.2017 -43.8870 -24.3821 -11.6844 -35.9853 29.0491 -48.6830 -28.8813 14.7799 -40.2037 -18.2026 -42.9935 -32.8714
-44.6619 -17.5771 -39.9558 14.0962 -28.6914 -48.5647 30.8477 -35.8556 -14.2996 -24.0972 -43.6451 24.4661 -31.5735 -48.1933 -9.6644 -37.9305 7.9953 -27.1394 -47.0864 34.4651 -34.4150 -36.2495 -20.6996 -41.3292 17.6654 -29.6282 -48.9551 20.9810 -36.2795 -6.7897 -24.7901 -44.0975 25.3180 -31.6460 -48.2811 -7.7271 -37.4476 5.4551 -26.4758 -46.0512 31.2727 -33.1768 -45.0222 -15.9535 -39.1467 11.1095 -27.7084 -47.5361 34.8413 -34.4916 -37.0158 -20.1006 -40.8230 16.2100 -33.4194 12.1989 -39.1461 -15.9535 -45.0222 -33.1768 31.2727 -46.0512 -26.4758 5.4551 -37.4476 -7.7271 -48.2811 -31.6460 25.3180 -44.0975 -24.7901 -6.7897 -36.2795 20.9810 -48.9551 -29.6282 17.6654 -41.3292 -20.6996 -36.2495 -34.4150 34.4651 -47.0864 -27.1394 7.9953 -37.9305 -9.6644 -48.1933 -31.5735 24.4661 -43.6451 -24.0972 -14.2996 -35.8556 30.8477 -48.5647 -28.6914 14.0962 -39.9558 -17.5771 -44.6619
-17.1536 -39.7088 13.4111 -28.5034 -48.4328 32.2544 -35.7165 -17.0760 -23.7920 -43.3994 23.7376 -31.3790 -48.3849 -8.1694 -37.7028 7.1939 -26.9705 -46.8890 34.1019 -34.2576 -37.5907 -20.3623 -41.1710 17.2972 -29.5425 -48.9408 21.6895 -36.2685 -6.7897 -24.8192 -44.1525 25.5720 -31.7350 -48.1654 -8.7267 -37.6021 6.1170 -26.6069 -46.2393 31.8820 -33.3563 -44.2799 -16.6542 -39.3814 11.7949 -27.8849 -47.7204 34.9714 -34.6680 -35.2915 -20.5648 -41.0647 16.4519 -29.9203 -48.0557 -29.0953 11.7878 -39.3815 -16.6542 -44.2799 -33.3563 31.8820 -46.2393 -26.6069 6.1170 -37.6021 -8.7267 -48.1654 -31.7350 25.5720 -44.1525 -24.8192 -6.7897 -36.2685 21.6895 -48.9408 -29.5425 17.2972 -41.1710 -20.3623 -37.5907 -34.2576 34.1019 -46.8890 -26.9705 7.1939 -37.7028 -8.1694 -48.3849 -31.3790 23.7376 -43.3994 -23.7920 -17.0760 -35.7165 32.2544 -48.4328 -28.5034 13.4111 -39.7088 -17.1536
-39.9524 12.7260 -28.3152 -48.2858 33.3373 -35.5651 -19.9319 -23.4645 -43.1495 23.0065 -31.1848 -48.5328 -6.4499 -37.4764 6.3538 -26.8005 -46.6784 33.6325 -34.0823 -38.9682 -19.9568 -40.9786 16.8191 -29.4224 -48.9122 23.0491 -36.2346 -7.2709 -24.7901 -44.1525 25.6568 -31.7796 -48.0868 -9.4013 -37.7246 6.6433 -26.7176 -46.3965 32.3820 -33.5143 -43.5173 -17.2697 -39.6072 12.4601 -28.0627 -47.8967 34.9505 -34.8408 -33.3928 -21.0072 -41.3062 17.1121 -29.3728 -48.5866 -10.4003 -47.7185 -28.1088 12.4602 -39.6072 -17.2697 -43.5173 -33.5143 32.3820 -46.3965 -26.7176 6.6433 -37.7246 -9.4013 -48.0868 -31.7796 25.6568 -44.1525 -24.7901 -7.2709 -36.2346 23.0491 -48.9122 -29.4224 16.8191 -40.9786 -19.9568 -38.9682 -34.0823 33.6325 -46.6784 -26.8005 6.3538 -37.4764 -6.4499 -48.5328 -31.1848 23.0065 -43.1495 -23.4645 -19.9319 -35.5651 33.3373 -48.2858 -28.3152 12.7260 -39.9524
12.0396 -28.1171 -48.1264 34.1170 -35.4087 -22.7537 -23.1217 -42.8984 22.2719 -30.9866 -48.6420 -4.4567 -37.2512 5.4672 -26.6316 -46.4631 33.0873 -33.8969 -40.3086 -19.4826 -40.7585 16.2583 -29.2790 -48.8664 24.8258 -36.1768 -8.2664 -24.7014 -44.0975 25.5720 -31.7796 -48.0593 -9.7237 -37.8025 7.0141 -26.8069 -46.5270 32.7880 -33.6497 -42.7815 -17.7869 -39.8136 13.0701 -28.2339 -48.0618 34.7533 -35.0095 -31.3158 -21.4294 -41.5482 17.7727 -29.5372 -48.8802 24.5948 -38.1491 34.4024 -48.0342 -28.2330 13.0701 -39.8136 -17.7869 -42.7815 -33.6497 32.7880 -46.5270 -26.8069 7.0141 -37.8025 -9.7237 -48.0593 -31.7796 25.5720 -44.0975 -24.7014 -8.2664 -36.1768 24.8258 -48.8664 -29.2790 16.2583 -40.7585 -19.4826 -40.3086 -33.8969 33.0873 -46.4631 -26.6316 5.4672 -37.2512 -4.4567 -48.6420 -30.9866 22.2719 -42.8984 -23.1217 -22.7537 -35.4087 34.1170 -48.1264 -28.1171 12.0396
-26.8442 -47.9570 34.6244 -35.2457 -25.4843 -22.7617 -42.6445 21.5376 -30.7866 -48.7151 -2.1004 -37.0274 4.5246 -26.4641 -46.2438 32.4859 -33.7095 -41.5253 -18.9606 -40.5220 15.6317 -29.1134 -48.8012 26.7437 -36.0980 -9.7392 -24.5537 -43.9873 25.3180 -31.7350 -48.0868 -9.7237 -37.8285 7.2024 -26.8651 -46.6223 33.0992 -33.7629 -42.0981 -18.2112 -39.9968 13.6092 -28.3884 -48.2064 34.3741 -35.1714 -29.0623 -21.8328 -41.7907 18.4379 -29.7249 -48.9476 23.1234 -36.4196 8.4832 -35.9248 34.4072 -48.2069 -28.3884 13.6092 -39.9968 -18.2112 -42.0981 -33.7629 33.0992 -46.6223 -26.8651 7.2024 -37.8285 -9.7237 -48.0868 -31.7350 25.3180 -43.9873 -24.5537 -9.7392 -36.0980 26.7437 -48.8012 -29.1134 15.6317 -40.5220 -18.9606 -41.5253 -33.7095 32.4859 -46.2438 -26.4641 4.5246 -37.0274 -2.1004 -48.7151 -30.7866 21.5376 -42.6445 -22.7617 -25.4843 -35.2457 34.6244 -47.9570 -26.8442
-47.6599 34.8923 -35.0763 -28.0761 -22.3852 -42.3914 20.8141 -30.5877 -48.7808 0.6805 -36.8012 3.5123 -26.2977 -46.0208 31.8401 -33.5204 -42.6087 -18.4081 -40.2827 14.9778 -28.9327 -48.7117 28.6593 -36.0013 -11.6127 -24.3584 -43.8319 24.9068 -31.6460 -48.1654 -9.4013 -37.8025 7.2024 -26.8845 -46.6712 33.2927 -33.8460 -41.5086 -18.5534 -40.1532 14.0794 -28.5247 -48.3260 33.8546 -35.3174 -26.7496 -22.2133 -42.0336 19.1086 -29.9136 -48.9766 20.0256 -36.2769 -6.9148 -29.7417 -22.6254 -35.3891 33.8547 -48.3260 -28.5247 14.0794 -40.1532 -18.5534 -41.5086 -33.8460 33.2927 -46.6712 -26.8845 7.2024 -37.8025 -9.4013 -48.1654 -31.6460 24.9068 -43.8319 -24.3584 -11.6127 -36.0013 28.6593 -48.7117 -28.9327 14.9778 -40.2827 -18.4081 -42.6087 -33.5204 31.8401 -46.0208 -26.2977 3.5123 -36.8012 0.6805 -48.7808 -30.5877 20.8141 -42.3914 -22.3852 -28.0761 -35.0763 34.8923 -47.6599
31.2458 -34.7180 -30.4684 -21.9947 -42.1406 20.1053 -30.3876 -48.8643 3.9102 -36.6262 2.3892 -26.1312 -45.7945 31.1599 -33.3298 -43.5694 -17.8215 -40.0443 14.3230 -28.7494 -48.6015 30.4187 -35.8853 -13.8492 -24.1264 -43.6480 24.3910 -31.5216 -48.2811 -8.7267 -37.7246 7.0141 -26.8651 -46.6712 33.3557 -33.8888 -41.1063 -18.7984 -40.2794 14.4730 -28.6432 -48.4252 33.2490 -35.4413 -24.5641 -22.5519 -42.2663 19.7758 -30.1033 -48.9811 16.6311 -36.3493 -6.1288 -25.2631 -46.6668 -23.5200 -24.5959 -35.4400 33.2490 -48.4252 -28.6432 14.4730 -40.2794 -18.7984 -41.1063 -33.8888 33.3557 -46.6712 -26.8651 7.0141 -37.7246 -8.7267 -48.2811 -31.5216 24.3910 -43.6480 -24.1264 -13.8492 -35.8853 30.4187 -48.6015 -28.7494 14.3230 -40.0443 -17.8215 -43.5694 -33.3298 31.1599 -45.7945 -26.1312 2.3892 -36.6262 3.9102 -48.8643 -30.3876 20.1053 -42.1406 -21.9947 -30.4684 -34.7180 31.2458
-34.3365 -32.7012 -21.5819 -41.8872 19.3961 -30.1897 -48.9356 7.5044 -36.5534 1.1476 -25.9606 -45.5621 30.4538 -33.1380 -44.4178 -17.1961 -39.8068 13.6657 -28.5672 -48.4776 31.8798 -35.7533 -16.4111 -23.8541 -43.4394 23.8062 -31.3752 -48.4062 -7.7271 -37.6021 6.6433 -26.8069 -46.6223 33.2927 -33.8888 -40.9687 -18.9224 -40.3613 14.7630 -28.7395 -48.5051 32.5979 -35.5469 -22.5992 -22.8372 -42.4749 20.4007 -30.2855 -48.9593 13.0118 -36.4270 -4.2097 -25.0290 -44.2814 35.1668 -42.7249 -22.8500 -22.5987 -35.5469 32.5979 -48.5051 -28.7395 14.7630 -40.3613 -18.9224 -40.9687 -33.8888 33.2927 -46.6223 -26.8069 6.6433 -37.6021 -7.7271 -48.4062 -31.3752 23.8062 -43.4394 -23.8541 -16.4111 -35.7533 31.8798 -48.4776 -28.5672 13.6657 -39.8068 -17.1961 -44.4178 -33.1380 30.4538 -45.5621 -25.9606 1.1476 -36.5534 7.5044 -48.9356 -30.1897 19.3961 -41.8872 -21.5819 -32.7012 -34.3365
-36.2498 -21.1481 -41.6346 18.6956 -29.9930 -48.9733 11.2783 -36.5135 -0.2224 -25.7771 -45.3209 29.7101 -32.9460 -45.1634 -16.5262 -39.5702 13.0040 -28.3862 -48.3407 33.0169 -35.6119 -19.1448 -23.5474 -43.2070 23.1461 -31.2088 -48.5235 -6.4238 -37.4476 6.1170 -26.7176 -46.5270 33.0992 -33.8460 -41.1063 -18.9224 -40.3886 14.9125 -28.8022 -48.5605 31.9703 -35.6351 -20.8620 -23.0739 -42.6557 20.9526 -30.4494 -48.9134 9.4802 -36.4897 -2.4953 -25.2534 -44.4737 26.7579 -35.5875 22.0863 -42.6489 -23.0736 -20.8620 -35.6351 31.9703 -48.5605 -28.8022 14.9125 -40.3886 -18.9224 -41.1063 -33.8460 33.0992 -46.5270 -26.7176 6.1170 -37.4476 -6.4238 -48.5235 -31.2088 23.1461 -43.2070 -23.5474 -19.1448 -35.6119 33.0169 -48.3407 -28.3862 13.0040 -39.5702 -16.5262 -45.1634 -32.9460 29.7101 -45.3209 -25.7771 -0.2224 -36.5135 11.2783 -48.9733 -29.9930 18.6956 -41.6346 -21.1481 -36.2498
-20.0429 -41.3822 18.0010 -29.7954 -48.9802 15.1088 -36.4557 -1.7457 -25.5764 -45.0773 28.9429 -32.7505 -45.8156 -15.8049 -39.3346 12.3361 -28.2063 -48.1919 33.8626 -35.4636 -21.8713 -23.2217 -42.9638 22.4421 -31.0235 -48.6264 -4.7305 -37.2675 5.4551 -26.6069 -46.3965 32.7880 -33.7629 -41.5086 -18.7984 -40.3613 14.9125 -28.8231 -48.5881 31.5156 -35.6984 -19.4182 -23.2698 -42.8087 21.4297 -30.5907 -48.8524 6.3942 -36.5343 -1.0185 -25.4681 -44.7150 27.0248 -32.9020 -34.9051 -32.0073 21.4153 -42.8088 -23.2698 -19.4182 -35.6984 31.5156 -48.5881 -28.8231 14.9125 -40.3613 -18.7984 -41.5086 -33.7629 32.7880 -46.3965 -26.6069 5.4551 -37.2675 -4.7305 -48.6264 -31.0235 22.4421 -42.9638 -23.2217 -21.8713 -35.4636 33.8626 -48.1919 -28.2063 12.3361 -39.3346 -15.8049 -45.8156 -32.7505 28.9429 -45.0773 -25.5764 -1.7457 -36.4557 15.1088 -48.9802 -29.7954 18.0010 -41.3822 -20.0429
-41.4685 17.3104 -29.6007 -48.9587 18.7512 -36.3838 -3.4267 -25.3590 -44.8341 28.1743 -32.5487 -46.3964 -15.0134 -39.1000 11.6595 -28.0276 -48.0324 34.4492 -35.3090 -24.5294 -22.8811 -42.7204 21.7360 -30.8303 -48.7030 -2.5603 -37.0627 4.6502 -26.4758 -46.2393 32.3820 -33.6497 -42.0981 -18.5534 -40.2794 14.7630 -28.8022 -48.5881 31.3553 -35.7305 -18.4783 -23.4145 -42.9333 21.8284 -30.7072 -48.7857 3.9111 -36.5616 0.1660 -25.6512 -44.9392 27.7571 -32.2690 -47.2992 -21.8369 -48.6915 -30.7756 21.8283 -42.9333 -23.4145 -18.4783 -35.7305 31.3553 -48.5881 -28.8022 14.7630 -40.2794 -18.5534 -42.0981 -33.6497 32.3820 -46.2393 -26.4758 4.6502 -37.0627 -2.5603 -48.7030 -30.8303 21.7360 -42.7204 -22.8811 -24.5294 -35.3090 34.4492 -48.0324 -28.0276 11.6595 -39.1000 -15.0134 -46.3964 -32.5487 28.1743 -44.8341 -25.3590 -3.4267 -36.3838 18.7512 -48.9587 -29.6007 17.3104 -41.4685
16.8255 -29.3744 -48.9145 22.0455 -36.2925 -5.3275 -25.1226 -44.5862 27.3934 -32.3471 -46.9022 -14.1356 -38.8631 10.9713 -27.8501 -47.8632 34.8081 -35.1489 -27.0710 -22.5251 -42.4771 21.0381 -30.6378 -48.7634 0.0653 -36.8431 3.6941 -26.3243 -46.0512 31.8820 -33.5143 -42.7815 -18.2112 -40.1532 14.4730 -28.7395 -48.5605 31.5156 -35.7305 -18.1651 -23.4884 -43.0161 22.1286 -30.8003 -48.7440 2.0002 -36.5791 1.0949 -25.7977 -45.1350 28.4217 -32.4227 -47.1553 -13.2093 -40.5148 -2.2390 -48.7443 -30.8003 22.1286 -43.0161 -23.4884 -18.1651 -35.7305 31.5156 -48.5605 -28.7395 14.4730 -40.1532 -18.2112 -42.7815 -33.5143 31.8820 -46.0512 -26.3243 3.6941 -36.8431 0.0653 -48.7634 -30.6378 21.0381 -42.4771 -22.5251 -27.0710 -35.1489 34.8081 -47.8632 -27.8501 10.9713 -38.8631 -14.1356 -46.9022 -32.3471 27.3934 -44.5862 -25.1226 -5.3275 -36.2925 22.0455 -48.9145 -29.3744 16.8255
-28.2333 -48.8468 24.9807 -36.1909 -7.4517 -24.8698 -44.3372 26.6143 -32.1454 -47.3281 -13.1648 -38.6211 10.2498 -27.6721 -47.6852 34.9687 -34.9837 -29.4632 -22.1531 -42.2338 20.3480 -30.4460 -48.8412 3.0780 -36.6541 2.6184 -26.1614 -45.8348 31.2727 -33.3563 -43.5173 -17.7869 -39.9968 14.0794 -28.6432 -48.5051 31.9703 -35.6984 -18.4783 -23.4884 -43.0439 22.2903 -30.8637 -48.7280 0.5860 -36.6456 1.8320 -26.0647 -45.2846 28.9993 -32.6555 -46.7666 -13.5247 -38.6356 18.4379 -37.0365 0.6573 -48.7282 -30.8717 22.2902 -43.0439 -23.4884 -18.4783 -35.6984 31.9703 -48.5051 -28.6432 14.0794 -39.9968 -17.7869 -43.5173 -33.3563 31.2727 -45.8348 -26.1614 2.6184 -36.6541 3.0780 -48.8412 -30.4460 20.3480 -42.2338 -22.1531 -29.4632 -34.9837 34.9687 -47.6852 -27.6721 10.2498 -38.6211 -13.1648 -47.3281 -32.1454 26.6143 -44.3372 -24.8698 -7.4517 -36.1909 24.9807 -48.8468 -28.2333
-48.5965 27.4598 -36.0785 -9.7794 -24.6020 -44.0869 25.8377 -31.9413 -47.6894 -12.0743 -38.3801 9.4986 -27.4929 -47.4964 34.9582 -34.8141 -31.6866 -21.7643 -41.9906 19.6654 -30.2549 -48.9195 6.4446 -36.5637 1.4486 -25.9964 -45.6061 30.5805 -33.1768 -44.2799 -17.2697 -39.8136 13.6092 -28.5247 -48.4252 32.5979 -35.6351 -19.4182 -23.4145 -43.0161 22.2903 -30.8857 -48.7170 -1.3658 -37.0113 5.6581 -27.1970 -46.1844 31.5648 -33.9270 -45.5492 -15.7623 -39.2255 11.9840 -32.9342 5.7522 -37.2045 -1.6790 -48.7064 -30.9078 22.2901 -43.0161 -23.4145 -19.4182 -35.6351 32.5979 -48.4252 -28.5247 13.6092 -39.8136 -17.2697 -44.2799 -33.1768 30.5805 -45.6061 -25.9964 1.4486 -36.5637 6.4446 -48.9195 -30.2549 19.6654 -41.9906 -21.7643 -31.6866 -34.8141 34.9582 -47.4964 -27.4929 9.4986 -38.3801 -12.0743 -47.6894 -31.9413 25.8377 -44.0869 -24.6020 -9.7794 -36.0785 27.4598 -48.5965
19.4174 -35.6938 -12.3361 -24.3172 -43.8354 25.0656 -31.7398 -47.9874 -10.8528 -38.1432 8.7326 -27.3131 -47.2972 34.7973 -34.6384 -33.7328 -21.3578 -41.7478 18.9896 -30.0646 -48.9655 10.0569 -36.5299 0.1663 -25.8237 -45.3749 29.8585 -32.9855 -45.0222 -16.6542 -39.6072 13.0701 -28.3884 -48.3260 33.2490 -35.5469 -20.8620 -23.2698 -42.9333 22.1286 -30.8637 -48.7170 -2.4105 -40.0513 17.0108 -32.6114 -47.9896 -14.4804 -35.5502 -16.2372 -23.1768 -44.3580 34.1215 -29.8277 -45.9866 -29.9120 23.7218 -38.4404 -12.1594 -48.6979 -30.8846 22.1285 -42.9333 -23.2698 -20.8620 -35.5469 33.2490 -48.3260 -28.3884 13.0701 -39.6072 -16.6542 -45.0222 -32.9855 29.8585 -45.3749 -25.8237 0.1663 -36.5299 10.0569 -48.9655 -30.0646 18.9896 -41.7478 -21.3578 -33.7328 -34.6384 34.7973 -47.2972 -27.3131 8.7326 -38.1432 -10.8528 -47.9874 -31.7398 25.0656 -43.8354 -24.3172 -12.3361 -35.6938 19.4174
-35.6673 -15.0596 -24.0177 -43.5860 24.3090 -31.5384 -48.2270 -9.4800 -37.9049 7.9294 -27.1332 -47.0889 34.5003 -34.4577 -35.6258 -20.9323 -41.5054 18.3200 -29.8753 -48.9823 13.7461 -36.4791 -1.2495 -25.6351 -45.1413 29.1229 -32.7920 -45.6921 -15.9535 -39.3814 12.4601 -28.2339 -48.2064 33.8546 -35.4413 -22.5992 -23.0739 -42.8087 21.8284 -30.8003 -48.7280 -1.3539 -40.0436 -53.1271 26.7367 -74.6528 -36.7260 -15.4352 -28.8654 -38.6978 35.8999 16.8453 -36.1544 -4.3140 -34.9322 -40.0538 -35.2497 -46.6148 -0.9891 -11.9108 -48.7196 -30.8072 21.8283 -42.8088 -23.0736 -22.5987 -35.4400 33.8547 -48.2069 -28.2330 12.4602 -39.3815 -15.9535 -45.6921 -32.7920 29.1230 -45.1413 -25.6351 -1.2495 -36.4791 13.7461 -48.9823 -29.8753 18.3200 -41.5054 -20.9320 -35.6257 -34.4562 34.5001 -47.0892 -27.1324 7.9296 -37.9049 -9.4805 -48.2269 -31.5384 24.3091 -43.5861 -24.0177 -15.0600 -35.6672
-19.9779 -23.7060 -43.3334 23.5521 -31.3350 -48.4182 -7.8877 -37.6678 7.0903 -26.9549 -46.8746 34.0923 -34.2714 -37.3674 -20.4785 -41.2606 17.6557 -29.6868 -48.9727 17.3315 -36.4127 -2.8218 -25.4298 -44.9058 28.3790 -32.5979 -46.2751 -15.1852 -39.1467 11.7949 -28.0627 -48.0618 34.3741 -35.3174 -24.5641 -22.8372 -42.6557 21.4297 -30.7072 -48.7440 0.5895 -37.0367 11.8310 19.4376 21.9908 -35.0393 -37.5535 -71.7176 -65.1022 -50.1517 28.4815 -50.8565 36.0388 -54.1257 -43.3404 5.8386 -31.1848 15.8424 -41.9419 -37.3534 -0.4947 -48.7445 -30.7755 21.4153 -42.6489 -22.8500 -24.5959 -35.3891 34.4072 -48.0342 -28.1088 11.7878 -39.1461 -15.1821 -46.2801 -32.6754 28.3759 -44.8976 -25.4589 -2.8362 -36.4462 17.4078 -48.9208 -29.7482 17.6424 -41.2582 -20.4837 -37.4007 -34.3470 34.0927 -46.8561 -26.9925 7.0714 -37.6652 -7.8595 -48.4201 -31.4067 23.5461 -43.3281 -23.7315 -19.9536
