-17.5537 -40.6222 14.2010 -27.4514 -48.1457 27.9307 -34.9547 -29.9865 -21.0804 -42.1598 18.9499 -28.8680 -48.7912 9.5279 -36.1761 -11.5469 -23.0434 -43.7293 23.8568 -30.3237 -48.7451 -7.3392 -37.5046 1.4017 -24.5817 -45.2842 28.7323 -31.8156 -47.3955 -14.3119 -38.9142 8.3409 -25.8925 -46.7483 32.0849 -33.3090 -42.8534 -18.1066 -40.3940 13.4742 -27.2479 -47.9898 29.3698 -34.7484 -32.3103 -20.7413 -41.9244 18.2256 -28.6515 -48.7457 13.0263 -36.0104 -14.3161 -23.4250 -46.2710 -21.8986 -32.2923 -34.7484 29.3698 -47.9898 -27.2479 13.4742 -40.3940 -18.1066 -42.8534 -33.3090 32.0849 -46.7483 -25.8925 8.3409 -38.9142 -14.3119 -47.3955 -31.8156 28.7323 -45.2842 -24.5817 1.4017 -37.5046 -7.3392 -48.7451 -30.3237 23.8568 -43.7293 -23.0434 -11.5469 -36.1761 9.5279 -48.7912 -28.8680 18.9499 -42.1598 -21.0804 -29.9865 -34.9547 27.9307 -48.1457 -27.4514 14.2010 -40.6222 -17.5537
-40.6222 14.4516 -28.6112 -48.4215 33.3761 -35.1870 -25.5229 -22.3838 -42.1373 19.3886 -29.9485 -48.9803 18.7093 -35.9944 -7.4544 -24.6072 -43.8353 24.3068 -31.2630 -48.5628 -3.9145 -36.9672 3.2129 -26.1033 -45.4963 29.4998 -32.5911 -46.5448 -13.8801 -38.5548 9.2883 -27.2631 -47.0282 33.9576 -33.8790 -40.7241 -18.7748 -40.1976 14.0865 -28.4815 -48.2830 34.1108 -35.0381 -28.1140 -21.9841 -41.8809 18.6773 -29.7535 -48.9591 22.0865 -35.9047 -9.8409 -24.3253 -43.6847 34.2269 -42.2198 -22.0011 -28.1139 -35.0381 34.1108 -48.2830 -28.4815 14.0865 -40.1976 -18.7748 -40.7241 -33.8790 33.9576 -47.0282 -27.2631 9.2883 -38.5548 -13.8801 -46.5448 -32.5911 29.4998 -45.4963 -26.1033 3.2129 -36.9672 -3.9145 -48.5628 -31.2630 24.3068 -43.8353 -24.6072 -7.4544 -35.9944 18.7093 -48.9803 -29.9485 19.3886 -42.1373 -22.3838 -25.5229 -35.1870 33.3761 -48.4215 -28.6112 14.4516 -40.6222
14.2010 -28.6112 -48.4768 32.7599 -35.5201 -23.1280 -22.7353 -42.3833 20.0869 -30.1844 -48.9748 15.1459 -36.3827 -5.3314 -24.8695 -44.0870 25.0658 -31.5356 -48.4199 -6.0467 -37.2000 4.2864 -26.2564 -45.7335 30.2610 -32.8958 -45.9786 -14.7873 -38.7967 10.0462 -27.4424 -47.2384 34.3949 -34.2194 -39.3534 -19.3288 -40.4464 14.7628 -28.6879 -48.4293 33.3523 -35.4042 -25.5245 -22.3794 -42.1341 19.3794 -29.9886 -48.9801 18.8017 -36.2927 -7.4880 -24.5962 -43.8290 24.8245 -35.2582 20.5672 -42.1307 -22.3791 -25.5245 -35.4042 33.3523 -48.4293 -28.6879 14.7628 -40.4464 -19.3288 -39.3534 -34.2194 34.3949 -47.2384 -27.4424 10.0462 -38.7967 -14.7873 -45.9786 -32.8958 30.2610 -45.7335 -26.2564 4.2864 -37.2000 -6.0467 -48.4199 -31.5356 25.0658 -44.0870 -24.8695 -5.3314 -36.3827 15.1459 -48.9748 -30.1844 20.0869 -42.3833 -22.7353 -23.1280 -35.5201 32.7599 -48.4768 -28.6112 14.2010
-27.4514 -48.4215 32.7599 -35.5656 -21.5893 -22.9940 -42.5926 20.7319 -30.3671 -48.9410 11.4264 -36.4561 -3.4547 -25.1193 -44.3373 25.8377 -31.7384 -48.2292 -7.8705 -37.4342 5.2819 -26.4293 -45.9698 30.9946 -33.0965 -45.3290 -15.6191 -39.0369 10.7822 -27.6242 -47.4415 34.7257 -34.4062 -37.8186 -19.8512 -40.6962 15.4431 -28.8786 -48.5629 32.2859 -35.5616 -22.8252 -22.7564 -42.3873 20.0871 -30.1853 -48.9730 15.1588 -36.3801 -5.3615 -24.8644 -44.0832 25.0507 -32.4045 -38.7696 -31.5832 20.0724 -42.3873 -22.7564 -22.8252 -35.5616 32.2859 -48.5629 -28.8786 15.4431 -40.6962 -19.8512 -37.8186 -34.4062 34.7257 -47.4415 -27.6242 10.7822 -39.0369 -15.6191 -45.3290 -33.0965 30.9946 -45.9698 -26.4293 5.2819 -37.4342 -7.8705 -48.2292 -31.7384 25.8377 -44.3373 -25.1193 -3.4547 -36.4561 11.4264 -48.9410 -30.3671 20.7319 -42.5926 -22.9940 -21.5893 -35.5656 32.7599 -48.4215 -27.4514
-48.1457 33.3761 -35.5201 -21.5893 -23.0911 -42.7187 21.2090 -30.5195 -48.8865 7.9612 -36.5091 -1.8333 -25.3494 -44.5801 26.6036 -31.9388 -47.9876 -9.4643 -37.6675 6.2164 -26.6027 -46.2031 31.7087 -33.2976 -44.5741 -16.3773 -39.2812 11.4944 -27.8078 -47.6373 34.9292 -34.5900 -36.1259 -20.3473 -40.9445 16.1256 -29.0690 -48.6813 30.8696 -35.7109 -20.0005 -23.1131 -42.6411 20.8025 -30.3847 -48.9374 11.3764 -36.4542 -3.4725 -25.1175 -44.3308 25.8261 -31.7642 -48.0930 -20.6731 -48.7707 -30.4492 20.8025 -42.6411 -23.1131 -20.0005 -35.7109 30.8696 -48.6813 -29.0690 16.1256 -40.9445 -20.3473 -36.1259 -34.5900 34.9292 -47.6373 -27.8078 11.4944 -39.2812 -16.3773 -44.5741 -33.2976 31.7087 -46.2031 -26.6027 6.2164 -37.6675 -9.4643 -47.9876 -31.9388 26.6036 -44.5801 -25.3494 -1.8333 -36.5091 7.9612 -48.8865 -30.5195 21.2090 -42.7187 -23.0911 -21.5893 -35.5201 33.3761 -48.1457
27.9307 -35.1870 -23.1280 -22.9940 -42.7187 21.3900 -30.6102 -48.8334 5.2443 -36.5431 -0.4607 -25.5521 -44.8145 27.3525 -32.1359 -47.6979 -10.8339 -37.9008 7.0868 -26.7755 -46.4299 32.3892 -33.4946 -43.7104 -17.0851 -39.5263 12.2021 -27.9912 -47.8248 34.9806 -34.7734 -34.2333 -20.8141 -41.1959 16.8029 -29.2611 -48.7819 29.0795 -35.8522 -17.1488 -23.4567 -42.8920 21.5278 -30.5832 -48.8668 7.5704 -36.5152 -1.7684 -25.3532 -44.5801 26.5944 -31.9393 -47.9930 -10.2510 -39.9372 2.6952 -48.7987 -30.5820 21.5278 -42.8920 -23.4567 -17.1488 -35.8522 29.0795 -48.7819 -29.2611 16.8029 -41.1959 -20.8141 -34.2333 -34.7734 34.9806 -47.8248 -27.9912 12.2021 -39.5263 -17.0851 -43.7104 -33.4946 32.3892 -46.4299 -26.7755 7.0868 -37.9008 -10.8339 -47.6979 -32.1359 27.3525 -44.8145 -25.5521 -0.4607 -36.5431 5.2443 -48.8334 -30.6102 21.3900 -42.7187 -22.9940 -23.1280 -35.1870 27.9307
-34.9547 -25.5229 -22.7353 -42.5926 21.2090 -30.6102 -48.8108 3.7263 -36.5643 0.5460 -25.7150 -45.0274 28.0598 -32.3231 -47.3597 -12.0129 -38.1322 7.9021 -26.9469 -46.6491 33.0081 -33.6880 -42.7390 -17.7430 -39.7724 12.8992 -28.1762 -48.0007 34.8523 -34.9494 -32.1432 -21.2615 -41.4477 17.4897 -29.4552 -48.8650 26.9094 -35.9868 -14.3446 -23.7848 -43.1450 22.2534 -30.7826 -48.7828 3.9677 -36.5532 -0.2441 -25.5726 -44.8277 27.3746 -32.1408 -47.6939 -10.8244 -38.0552 17.0338 -36.7891 4.0717 -48.7842 -30.7826 22.2534 -43.1450 -23.7848 -14.3446 -35.9868 26.9094 -48.8650 -29.4552 17.4897 -41.4477 -21.2615 -32.1432 -34.9494 34.8523 -48.0007 -28.1762 12.8992 -39.7724 -17.7430 -42.7390 -33.6880 33.0081 -46.6491 -26.9469 7.9021 -38.1322 -12.0129 -47.3597 -32.3231 28.0598 -45.0274 -25.7150 0.5460 -36.5643 3.7263 -48.8108 -30.6102 21.2090 -42.5926 -22.7353 -25.5229 -34.9547
-29.9865 -22.3838 -42.3833 20.7319 -30.5195 -48.8334 3.7263 -36.5723 1.0780 -25.8228 -45.1926 28.6572 -32.4908 -46.9851 -13.0241 -38.3588 8.6749 -27.1180 -46.8604 33.5620 -33.8778 -41.6557 -18.3429 -40.0165 13.5808 -28.3627 -48.1687 34.5203 -35.1210 -29.8836 -21.6894 -41.6974 18.1804 -29.6502 -48.9272 24.2902 -36.1070 -11.6548 -24.0961 -43.3984 22.9943 -30.9842 -48.7159 0.7574 -36.6236 1.1141 -25.7744 -45.0735 28.1544 -32.3423 -47.3380 -12.0588 -38.1368 8.3892 -31.8315 2.9545 -36.6288 0.7577 -48.7159 -30.9842 22.9943 -43.3984 -24.0961 -11.6548 -36.1070 24.2902 -48.9272 -29.6502 18.1804 -41.6974 -21.6894 -29.8836 -35.1210 34.5203 -48.1687 -28.3627 13.5808 -40.0165 -18.3429 -41.6557 -33.8778 33.5620 -46.8604 -27.1180 8.6749 -38.3588 -13.0241 -46.9851 -32.4908 28.6572 -45.1926 -25.8228 1.0780 -36.5723 3.7263 -48.8334 -30.5195 20.7319 -42.3833 -22.3838 -29.9865
-21.0804 -42.1373 20.0869 -30.3671 -48.8865 5.2443 -36.5643 1.0780 -25.8606 -45.2865 29.0704 -32.6222 -46.6218 -13.8484 -38.5700 9.3893 -27.2872 -47.0666 34.0481 -34.0636 -40.4548 -18.8990 -40.2554 14.2480 -28.5465 -48.3238 33.9523 -35.2887 -27.4180 -22.0945 -41.9505 18.8693 -29.8470 -48.9673 21.2532 -36.2171 -9.1738 -24.3926 -43.6488 23.7461 -31.1843 -48.6422 -2.0677 -36.7955 2.3609 -25.9568 -45.3176 28.9303 -32.5462 -46.9105 -13.1389 -38.3768 8.7085 -27.7493 -48.7053 -26.9589 2.3488 -36.7954 -2.0677 -48.6422 -31.1843 23.7461 -43.6488 -24.3926 -9.1738 -36.2171 21.2532 -48.9673 -29.8470 18.8693 -41.9505 -22.0945 -27.4180 -35.2887 33.9523 -48.3238 -28.5465 14.2480 -40.2554 -18.8990 -40.4548 -34.0636 34.0481 -47.0666 -27.2872 9.3893 -38.5700 -13.8484 -46.6218 -32.6222 29.0704 -45.2865 -25.8606 1.0780 -36.5643 5.2443 -48.8865 -30.3671 20.0869 -42.1373 -21.0804
-42.1598 19.3886 -30.1844 -48.9410 7.9612 -36.5431 0.5460 -25.8228 -45.2865 29.2186 -32.6952 -46.3509 -14.4371 -38.7457 9.9911 -27.4425 -47.2564 34.4418 -34.2435 -39.1109 -19.4244 -40.4946 14.9030 -28.7285 -48.4626 33.1277 -35.4462 -24.8265 -22.4792 -42.2030 19.5711 -30.0420 -48.9822 17.8354 -36.3186 -6.8852 -24.6717 -43.9009 24.4986 -31.3855 -48.5308 -4.4862 -37.0271 3.5001 -26.1290 -45.5565 29.7000 -32.7471 -46.4056 -14.1190 -38.6175 9.4878 -27.3245 -46.9250 21.9408 -45.5459 -26.1621 3.5002 -37.0271 -4.4862 -48.5308 -31.3855 24.4986 -43.9009 -24.6717 -6.8852 -36.3186 17.8354 -48.9822 -30.0420 19.5711 -42.2030 -22.4792 -24.8265 -35.4462 33.1277 -48.4626 -28.7285 14.9030 -40.4946 -19.4244 -39.1109 -34.2435 34.4418 -47.2564 -27.4425 9.9911 -38.7457 -14.4371 -46.3509 -32.6952 29.2186 -45.2865 -25.8228 0.5460 -36.5431 7.9612 -48.9410 -30.1844 19.3886 -42.1598
18.9499 -29.9485 -48.9748 11.4264 -36.5091 -0.4607 -25.7150 -45.1926 29.0704 -32.6952 -46.2499 -14.7416 -38.8621 10.4384 -27.5687 -47.4159 34.7183 -34.4106 -37.6588 -19.9152 -40.7345 15.5570 -28.9117 -48.5881 32.0255 -35.5953 -22.1796 -22.8412 -42.4492 20.2696 -30.2334 -48.9688 14.1730 -36.4038 -4.8178 -24.9355 -44.1519 25.2658 -31.5882 -48.3750 -6.5312 -37.2606 4.5508 -26.3011 -45.7950 30.4477 -32.9477 -45.8231 -15.0101 -38.8569 10.2387 -27.4894 -47.2847 34.8174 -37.0917 31.6488 -45.7835 -26.3011 4.5508 -37.2606 -6.5312 -48.3750 -31.5882 25.2658 -44.1519 -24.9355 -4.8178 -36.4038 14.1730 -48.9688 -30.2334 20.2696 -42.4492 -22.8412 -22.1796 -35.5953 32.0255 -48.5881 -28.9117 15.5570 -40.7345 -19.9152 -37.6588 -34.4106 34.7183 -47.4159 -27.5687 10.4384 -38.8621 -14.7416 -46.2499 -32.6952 29.0704 -45.1926 -25.7150 -0.4607 -36.5091 11.4264 -48.9748 -29.9485 18.9499
-28.8680 -48.9803 15.1459 -36.4561 -1.8333 -25.5521 -45.0274 28.6572 -32.6222 -46.3509 -14.7416 -38.9021 10.6794 -27.6529 -47.5333 34.8750 -34.5520 -36.2247 -20.3551 -40.9648 16.2022 -29.0950 -48.6992 30.6031 -35.7375 -19.4580 -23.1836 -42.6926 20.9588 -30.4241 -48.9263 10.4782 -36.4722 -3.0127 -25.1808 -44.3990 26.0386 -31.7909 -48.1717 -8.3073 -37.4929 5.5309 -26.4734 -46.0309 31.1819 -33.1495 -45.1428 -15.8168 -39.1003 10.9626 -27.6719 -47.4931 34.7948 -35.1804 -4.3369 -34.4313 31.1794 -46.0309 -26.4734 5.5309 -37.4929 -8.3073 -48.1717 -31.7909 26.0386 -44.3990 -25.1808 -3.0127 -36.4722 10.4782 -48.9263 -30.4241 20.9588 -42.6926 -23.1836 -19.4580 -35.7375 30.6031 -48.6992 -29.0950 16.2022 -40.9648 -20.3551 -36.2247 -34.5520 34.8750 -47.5333 -27.6529 10.6794 -38.9021 -14.7416 -46.3509 -32.6222 28.6572 -45.0274 -25.5521 -1.8333 -36.4561 15.1459 -48.9803 -28.8680
-48.7912 18.7093 -36.3827 -3.4547 -25.3494 -44.8145 28.0598 -32.4908 -46.6218 -14.4371 -38.8621 10.6794 -27.6829 -47.5952 34.9421 -34.6561 -35.0009 -20.7121 -41.1710 16.8005 -29.2697 -48.7924 28.8540 -35.8721 -16.7217 -23.5109 -42.9360 21.6558 -30.6158 -48.8519 6.8478 -36.5249 -1.4208 -25.4053 -44.6413 26.7962 -31.9907 -47.9194 -9.8415 -37.7284 6.4407 -26.6476 -46.2608 31.8897 -33.3475 -44.3611 -16.5664 -39.3447 11.6795 -27.8544 -47.6869 34.9577 -34.6646 -34.5732 -26.8700 -42.9923 -33.4204 31.8897 -46.2608 -26.6476 6.4407 -37.7284 -9.8415 -47.9194 -31.9907 26.7962 -44.6413 -25.4053 -1.4208 -36.5249 6.8478 -48.8519 -30.6158 21.6558 -42.9360 -23.5109 -16.7217 -35.8721 28.8540 -48.7924 -29.2697 16.8005 -41.1710 -20.7121 -35.0009 -34.6561 34.9421 -47.5952 -27.6829 10.6794 -38.8621 -14.4371 -46.6218 -32.4908 28.0598 -44.8145 -25.3494 -3.4547 -36.3827 18.7093 -48.7912
9.5279 -35.9944 -5.3314 -25.1193 -44.5801 27.3525 -32.3231 -46.9851 -13.8484 -38.7457 10.4384 -27.6529 -47.5952 34.9587 -34.7132 -34.1417 -20.9638 -41.3366 17.3067 -29.4237 -48.8632 26.8455 -35.9917 -14.0760 -23.8235 -43.1792 22.3610 -30.8083 -48.7721 3.4462 -36.5608 0.0117 -25.6124 -44.8787 27.5451 -32.1860 -47.6153 -11.1504 -37.9622 7.2976 -26.8205 -46.4862 32.5520 -33.5447 -43.4774 -17.2602 -39.5899 12.3837 -28.0384 -47.8698 34.9654 -34.8169 -33.7404 -21.3745 -43.9458 -18.3894 -43.4984 -33.5433 32.5520 -46.4862 -26.8205 7.2976 -37.9622 -11.1504 -47.6153 -32.1860 27.5451 -44.8787 -25.6124 0.0117 -36.5608 3.4462 -48.7721 -30.8083 22.3610 -43.1792 -23.8235 -14.0760 -35.9917 26.8455 -48.8632 -29.4237 17.3067 -41.3366 -20.9638 -34.1417 -34.7132 34.9587 -47.5952 -27.6529 10.4384 -38.7457 -13.8484 -46.9851 -32.3231 27.3525 -44.5801 -25.1193 -5.3314 -35.9944 9.5279
-36.1761 -7.4544 -24.8695 -44.3373 26.6036 -32.1359 -47.3597 -13.0241 -38.5700 9.9911 -27.5687 -47.5333 34.9421 -34.7132 -33.8134 -21.0992 -41.4445 17.6778 -29.5471 -48.9124 24.7940 -36.0929 -11.6915 -24.1094 -43.4186 23.0744 -31.0013 -48.7097 0.3900 -36.6405 1.3081 -25.8030 -45.1145 28.2935 -32.3809 -47.2561 -12.2949 -38.1912 8.1037 -26.9908 -46.7039 33.1563 -33.7385 -42.4751 -17.8990 -39.8367 13.0782 -28.2249 -48.0455 34.7897 -34.9935 -31.5899 -21.3745 -41.6272 27.9351 -40.1679 -17.8941 -42.4749 -33.7385 33.1563 -46.7039 -26.9908 8.1037 -38.1912 -12.2949 -47.2561 -32.3809 28.2935 -45.1145 -25.8030 1.3081 -36.6405 0.3900 -48.7097 -31.0013 23.0744 -43.4186 -24.1094 -11.6915 -36.0929 24.7940 -48.9124 -29.5471 17.6778 -41.4445 -21.0992 -33.8134 -34.7132 34.9421 -47.5333 -27.5687 9.9911 -38.5700 -13.0241 -47.3597 -32.1359 26.6036 -44.3373 -24.8695 -7.4544 -36.1761
-11.5469 -24.6072 -44.0870 25.8377 -31.9388 -47.6979 -12.0129 -38.3588 9.3893 -27.4425 -47.4159 34.8750 -34.6561 -34.1417 -21.0992 -41.4826 17.8785 -29.6293 -48.9417 23.0030 -36.1740 -9.7175 -24.3561 -43.6404 23.7647 -31.1922 -48.6357 -2.2795 -36.8177 2.4897 -25.9772 -45.3482 29.0381 -32.5755 -46.8322 -13.3205 -38.4214 8.8690 -27.1622 -46.9139 33.6940 -33.9258 -41.3599 -18.4890 -40.0783 13.7581 -28.4104 -48.2111 34.3956 -35.1666 -29.2602 -21.7940 -41.7617 18.7651 -33.9877 14.7905 -40.0742 -18.4890 -41.3599 -33.9258 33.6940 -46.9139 -27.1622 8.8690 -38.4214 -13.3205 -46.8322 -32.5755 29.0381 -45.3482 -25.9772 2.4897 -36.8177 -2.2795 -48.6357 -31.1922 23.7647 -43.6404 -24.3561 -9.7175 -36.1740 23.0030 -48.9417 -29.6293 17.8785 -41.4826 -21.0992 -34.1417 -34.6561 34.8750 -47.4159 -27.4425 9.3893 -38.3588 -12.0129 -47.6979 -31.9388 25.8377 -44.0870 -24.6072 -11.5469
-23.0434 -43.8353 25.0658 -31.7384 -47.9876 -10.8339 -38.1322 8.6749 -27.2872 -47.2564 34.7183 -34.5520 -35.0009 -20.9638 -41.4445 17.8785 -29.6587 -48.9552 21.7270 -36.2293 -8.2455 -24.5540 -43.8313 24.3807 -31.3690 -48.5309 -4.5496 -37.0404 3.5754 -26.1426 -45.5798 29.7749 -32.7697 -46.3370 -14.2476 -38.6528 9.6085 -27.3349 -47.1187 34.1603 -34.1110 -40.1233 -19.0369 -40.3168 14.4166 -28.5932 -48.3610 33.7599 -35.3305 -26.7520 -22.1974 -42.0161 19.0476 -30.6907 -46.6560 -29.8674 14.4099 -40.3169 -19.0369 -40.1233 -34.1110 34.1603 -47.1187 -27.3349 9.6085 -38.6528 -14.2476 -46.3370 -32.7697 29.7749 -45.5798 -26.1426 3.5754 -37.0404 -4.5496 -48.5309 -31.3690 24.3807 -43.8313 -24.5540 -8.2455 -36.2293 21.7270 -48.9552 -29.6587 17.8785 -41.4445 -20.9638 -35.0009 -34.5520 34.7183 -47.2564 -27.2872 8.6749 -38.1322 -10.8339 -47.9876 -31.7384 25.0658 -43.8353 -23.0434
-43.7293 24.3068 -31.5356 -48.2292 -9.4643 -37.9008 7.9021 -27.1180 -47.0666 34.4418 -34.4106 -36.2247 -20.7121 -41.3366 17.6778 -29.6293 -48.9552 21.2468 -36.2601 -7.3373 -24.6937 -43.9809 24.8965 -31.5210 -48.4082 -6.3487 -37.2519 4.5550 -26.3055 -45.8088 30.4987 -32.9633 -45.7635 -15.0926 -38.8853 10.3266 -27.5088 -47.3177 34.5396 -34.2938 -38.7409 -19.5549 -40.5562 15.0712 -28.7755 -48.4962 32.8731 -35.4851 -24.1558 -22.5770 -42.2656 19.7542 -30.1138 -48.8181 -14.7967 -48.3410 -28.8302 15.0712 -40.5562 -19.5549 -38.7409 -34.2938 34.5396 -47.3177 -27.5088 10.3266 -38.8853 -15.0926 -45.7635 -32.9633 30.4987 -45.8088 -26.3055 4.5550 -37.2519 -6.3487 -48.4082 -31.5210 24.8965 -43.9809 -24.6937 -7.3373 -36.2601 21.2468 -48.9552 -29.6293 17.6778 -41.3366 -20.7121 -36.2247 -34.4106 34.4418 -47.0666 -27.1180 7.9021 -37.9008 -9.4643 -48.2292 -31.5356 24.3068 -43.7293
23.8568 -31.2630 -48.4199 -7.8705 -37.6675 7.0868 -26.9469 -46.8604 34.0481 -34.2435 -37.6588 -20.3551 -41.1710 17.3067 -29.5471 -48.9417 21.7270 -36.2601 -7.0301 -24.7688 -44.0804 25.2772 -31.6393 -48.2833 -7.7070 -37.4388 5.4025 -26.4596 -46.0256 31.1936 -33.1561 -45.1040 -15.8682 -39.1189 11.0274 -27.6839 -47.5103 34.8138 -34.4738 -37.2021 -20.0460 -40.7963 15.7251 -28.9590 -48.6181 31.6916 -35.6325 -21.4847 -22.9307 -42.5118 20.4461 -30.2821 -48.9398 11.4354 -38.5983 29.6799 -48.5825 -28.9590 15.7251 -40.7963 -20.0460 -37.2021 -34.4738 34.8138 -47.5103 -27.6839 11.0274 -39.1189 -15.8682 -45.1040 -33.1561 31.1936 -46.0256 -26.4596 5.4025 -37.4388 -7.7070 -48.2833 -31.6393 25.2772 -44.0804 -24.7688 -7.0301 -36.2601 21.7270 -48.9417 -29.5471 17.3067 -41.1710 -20.3551 -37.6588 -34.2435 34.0481 -46.8604 -26.9469 7.0868 -37.6675 -7.8705 -48.4199 -31.2630 23.8568
-30.3237 -48.5628 -6.0467 -37.4342 6.2164 -26.7755 -46.6491 33.5620 -34.0636 -39.1109 -19.9152 -40.9648 16.8005 -29.4237 -48.9124 23.0030 -36.2293 -7.3373 -24.7688 -44.1174 25.4868 -31.7129 -48.1804 -8.6654 -37.5938 6.0920 -26.5976 -46.2206 31.8165 -33.3398 -44.3615 -16.5847 -39.3536 11.7143 -27.8602 -47.6957 34.9630 -34.6507 -35.4973 -20.5129 -41.0371 16.3799 -29.1435 -48.7253 30.1817 -35.7729 -18.7531 -23.2691 -42.7552 21.1373 -30.4733 -48.9104 9.5658 -36.6350 11.3397 -36.3294 30.2305 -48.7253 -29.1435 16.3799 -41.0371 -20.5129 -35.4973 -34.6507 34.9630 -47.6957 -27.8602 11.7143 -39.3536 -16.5847 -44.3615 -33.3398 31.8165 -46.2206 -26.5976 6.0920 -37.5938 -8.6654 -48.1804 -31.7129 25.4868 -44.1174 -24.7688 -7.3373 -36.2293 23.0030 -48.9124 -29.4237 16.8005 -40.9648 -19.9152 -39.1109 -34.0636 33.5620 -46.6491 -26.7755 6.2164 -37.4342 -6.0467 -48.5628 -30.3237
-48.7451 -3.9145 -37.2000 5.2819 -26.6027 -46.4299 33.0081 -33.8778 -40.4548 -19.4244 -40.7345 16.2022 -29.2697 -48.8632 24.7940 -36.1740 -8.2455 -24.6937 -44.0804 25.4868 -31.7376 -48.1229 -9.2228 -37.7066 6.5988 -26.7117 -46.3873 32.3466 -33.5024 -43.5832 -17.2231 -39.5859 12.3901 -28.0377 -47.8731 34.9644 -34.8241 -33.6188 -20.9577 -41.2785 17.0368 -29.3291 -48.8163 28.3134 -35.9054 -16.0239 -23.5927 -42.9985 21.8364 -30.6652 -48.8272 5.9453 -36.5435 -0.1606 -30.5316 -11.8600 -35.9649 28.3133 -48.8163 -29.3291 17.0368 -41.2785 -20.9577 -33.6188 -34.8241 34.9644 -47.8731 -28.0377 12.3901 -39.5859 -17.2231 -43.5832 -33.5024 32.3466 -46.3873 -26.7117 6.5988 -37.7066 -9.2228 -48.1229 -31.7376 25.4868 -44.0804 -24.6937 -8.2455 -36.1740 24.7940 -48.8632 -29.2697 16.2022 -40.7345 -19.4244 -40.4548 -33.8778 33.0081 -46.4299 -26.6027 5.2819 -37.2000 -3.9145 -48.7451
-7.3392 -36.9672 4.2864 -26.4293 -46.2031 32.3892 -33.6880 -41.6557 -18.8990 -40.4946 15.5570 -29.0950 -48.7924 26.8455 -36.0929 -9.7175 -24.5540 -43.9809 25.2772 -31.7129 -48.1229 -9.4084 -37.7646 6.9112 -26.7930 -46.5147 32.7630 -33.6420 -42.8249 -17.7601 -39.8022 13.0290 -28.2139 -48.0418 34.7932 -34.9935 -31.5622 -21.3821 -41.5205 17.6970 -29.5158 -48.8895 26.0632 -36.0293 -13.3651 -23.9016 -43.2417 22.5436 -30.8579 -48.7518 2.6244 -36.5671 0.3509 -26.1857 -47.4899 -24.8713 -13.3932 -36.0293 26.0632 -48.8895 -29.5158 17.6970 -41.5205 -21.3821 -31.5622 -34.9935 34.7932 -48.0418 -28.2139 13.0290 -39.8022 -17.7601 -42.8249 -33.6420 32.7630 -46.5147 -26.7930 6.9112 -37.7646 -9.4084 -48.1229 -31.7129 25.2772 -43.9809 -24.5540 -9.7175 -36.0929 26.8455 -48.7924 -29.0950 15.5570 -40.4946 -18.8990 -41.6557 -33.6880 32.3892 -46.2031 -26.4293 4.2864 -36.9672 -7.3392
-37.5046 3.2129 -26.2564 -45.9698 31.7087 -33.4946 -42.7390 -18.3429 -40.2554 14.9030 -28.9117 -48.6992 28.8540 -35.9917 -11.6915 -24.3561 -43.8313 24.8965 -31.6393 -48.1804 -9.2228 -37.7646 7.0180 -26.8365 -46.5947 33.0432 -33.7487 -42.1444 -18.1942 -39.9893 13.5886 -28.3774 -48.1946 34.4287 -35.1565 -29.3286 -21.7876 -41.7630 18.3617 -29.7034 -48.9429 23.4198 -36.1436 -10.8392 -24.1960 -43.4845 23.2591 -31.0511 -48.6939 -0.3335 -36.6710 1.6221 -25.8611 -45.1772 35.4224 -43.6763 -24.2168 -10.8387 -36.1436 23.4198 -48.9429 -29.7034 18.3617 -41.7630 -21.7876 -29.3286 -35.1565 34.4287 -48.1946 -28.3774 13.5886 -39.9893 -18.1942 -42.1444 -33.7487 33.0432 -46.5947 -26.8365 7.0180 -37.7646 -9.2228 -48.1804 -31.6393 24.8965 -43.8313 -24.3561 -11.6915 -35.9917 28.8540 -48.6992 -28.9117 14.9030 -40.2554 -18.3429 -42.7390 -33.4946 31.7087 -45.9698 -26.2564 3.2129 -37.5046
1.4017 -26.1033 -45.7335 30.9946 -33.2976 -43.7104 -17.7430 -40.0165 14.2480 -28.7285 -48.5881 30.6031 -35.8721 -14.0760 -24.1094 -43.6404 24.3807 -31.5210 -48.2833 -8.6654 -37.7066 6.9112 -26.8365 -46.6222 33.1892 -33.8134 -41.6370 -18.5133 -40.1430 14.0605 -28.5185 -48.3213 33.9023 -35.3059 -27.0037 -22.1700 -42.0058 19.0316 -29.8920 -48.9745 20.3941 -36.2474 -8.4929 -24.4759 -43.7268 23.9826 -31.2448 -48.6109 -2.9046 -36.8748 2.7774 -26.0203 -45.4042 29.7307 -36.1411 25.1726 -43.7187 -24.4755 -8.4929 -36.2474 20.3941 -48.9745 -29.8920 19.0316 -42.0058 -22.1700 -27.0037 -35.3059 33.9023 -48.3213 -28.5185 14.0605 -40.1430 -18.5133 -41.6370 -33.8134 33.1892 -46.6222 -26.8365 6.9112 -37.7066 -8.6654 -48.2833 -31.5210 24.3807 -43.6404 -24.1094 -14.0760 -35.8721 30.6031 -48.5881 -28.7285 14.2480 -40.0165 -17.7430 -43.7104 -33.2976 30.9946 -45.7335 -26.1033 1.4017
-24.5817 -45.4963 30.2610 -33.0965 -44.5741 -17.0851 -39.7724 13.5808 -28.5465 -48.4626 32.0255 -35.7375 -16.7217 -23.8235 -43.4186 23.7647 -31.3690 -48.4082 -7.7070 -37.5938 6.5988 -26.7930 -46.5947 33.1892 -33.8358 -41.3572 -18.7054 -40.2520 14.4261 -28.6353 -48.4218 33.2865 -35.4347 -24.7611 -22.5138 -42.2385 19.6981 -30.0815 -48.9819 17.0329 -36.3395 -6.3510 -24.7413 -43.9685 24.7136 -31.4390 -48.4907 -5.1162 -37.0978 3.8411 -26.1849 -45.6389 29.9607 -33.6784 -25.8151 -32.8559 24.7006 -43.9686 -24.7413 -6.3510 -36.3395 17.0329 -48.9819 -30.0815 19.6981 -42.2385 -22.5138 -24.7611 -35.4347 33.2865 -48.4218 -28.6353 14.4261 -40.2520 -18.7054 -41.3572 -33.8358 33.1892 -46.5947 -26.7930 6.5988 -37.5938 -7.7070 -48.4082 -31.3690 23.7647 -43.4186 -23.8235 -16.7217 -35.7375 32.0255 -48.4626 -28.5465 13.5808 -39.7724 -17.0851 -44.5741 -33.0965 30.2610 -45.4963 -24.5817
-45.2842 29.4998 -32.8958 -45.3290 -16.3773 -39.5263 12.8992 -28.3627 -48.3238 33.1277 -35.5953 -19.4580 -23.5109 -43.1792 23.0744 -31.1922 -48.5309 -6.3487 -37.4388 6.0920 -26.7117 -46.5147 33.0432 -33.8134 -41.3572 -18.7693 -40.3067 14.6507 -28.7185 -48.4958 32.6457 -35.5423 -22.7256 -22.8085 -42.4474 20.3222 -30.2637 -48.9632 13.4322 -36.4188 -4.4177 -24.9920 -44.2093 25.4514 -31.6336 -48.3296 -7.0177 -37.3221 4.8284 -26.3504 -45.8672 30.6820 -33.0434 -45.1951 -23.7138 -47.9794 -31.7074 25.4514 -44.2093 -24.9920 -4.4177 -36.4188 13.4322 -48.9632 -30.2637 20.3222 -42.4474 -22.8085 -22.7256 -35.5423 32.6457 -48.4958 -28.7185 14.6507 -40.3067 -18.7693 -41.3572 -33.8134 33.0432 -46.5147 -26.7117 6.0920 -37.4388 -6.3487 -48.5309 -31.1922 23.0744 -43.1792 -23.5109 -19.4580 -35.5953 33.1277 -48.3238 -28.3627 12.8992 -39.5263 -16.3773 -45.3290 -32.8958 29.4998 -45.2842
28.7323 -32.5911 -45.9786 -15.6191 -39.2812 12.2021 -28.1762 -48.1687 33.9523 -35.4462 -22.1796 -23.1836 -42.9360 22.3610 -31.0013 -48.6357 -4.5496 -37.2519 5.4025 -26.5976 -46.3873 32.7630 -33.7487 -41.6370 -18.7054 -40.3067 14.7255 -28.7603 -48.5393 32.1144 -35.6241 -20.9905 -23.0552 -42.6321 20.8745 -30.4275 -48.9206 9.9000 -36.4832 -2.6819 -25.2275 -44.4491 26.1947 -31.8284 -48.1234 -8.6616 -37.5476 5.7523 -26.5171 -46.0925 31.3807 -33.2056 -44.9228 -16.5731 -41.6464 -10.8207 -48.1255 -31.8284 26.1947 -44.4491 -25.2275 -2.6819 -36.4832 9.9000 -48.9206 -30.4275 20.8745 -42.6321 -23.0552 -20.9905 -35.6241 32.1144 -48.5393 -28.7603 14.7255 -40.3067 -18.7054 -41.6370 -33.7487 32.7630 -46.3873 -26.5976 5.4025 -37.2519 -4.5496 -48.6357 -31.0013 22.3610 -42.9360 -23.1836 -22.1796 -35.4462 33.9523 -48.1687 -28.1762 12.2021 -39.2812 -15.6191 -45.9786 -32.5911 28.7323
-31.8156 -46.5448 -14.7873 -39.0369 11.4944 -27.9912 -48.0007 34.5203 -35.2887 -24.8265 -22.8412 -42.6926 21.6558 -30.8083 -48.7097 -2.2795 -37.0404 4.5550 -26.4596 -46.2206 32.3466 -33.6420 -42.1444 -18.5133 -40.2520 14.6507 -28.7603 -48.5535 31.8240 -35.6734 -19.7427 -23.2425 -42.7883 21.3610 -30.5696 -48.8613 6.7981 -36.5298 -1.1872 -25.4445 -44.6877 26.9419 -32.0233 -47.8678 -10.0951 -37.7745 6.6233 -26.6851 -46.3143 32.0510 -33.3971 -44.1398 -16.7599 -39.5569 21.4430 -38.1426 -10.0781 -47.8678 -32.0233 26.9419 -44.6877 -25.4445 -1.1872 -36.5298 6.7981 -48.8613 -30.5696 21.3610 -42.7883 -23.2425 -19.7427 -35.6734 31.8240 -48.5535 -28.7603 14.6507 -40.2520 -18.5133 -42.1444 -33.6420 32.3466 -46.2206 -26.4596 4.5550 -37.0404 -2.2795 -48.7097 -30.8083 21.6558 -42.6926 -22.8412 -24.8265 -35.2887 34.5203 -48.0007 -27.9912 11.4944 -39.0369 -14.7873 -46.5448 -31.8156
-47.3955 -13.8801 -38.7967 10.7822 -27.8078 -47.8248 34.8523 -35.1210 -27.4180 -22.4792 -42.4492 20.9588 -30.6158 -48.7721 0.3900 -36.8177 3.5754 -26.3055 -46.0256 31.8165 -33.5024 -42.8249 -18.1942 -40.1430 14.4261 -28.7185 -48.5393 31.8240 -35.6897 -19.1164 -23.3556 -42.8992 21.7500 -30.6892 -48.7942 4.2435 -36.5588 0.0299 -25.6317 -44.9148 27.6802 -32.2182 -47.5577 -11.3573 -38.0025 7.4504 -26.8544 -46.5324 32.6839 -33.5873 -43.2541 -17.4145 -39.6495 12.9706 -32.7167 8.6995 -38.0031 -11.3573 -47.5577 -32.2182 27.6802 -44.9148 -25.6317 0.0299 -36.5588 4.2435 -48.7942 -30.6892 21.7500 -42.8992 -23.3556 -19.1164 -35.6897 31.8240 -48.5393 -28.7185 14.4261 -40.1430 -18.1942 -42.8249 -33.5024 31.8165 -46.0256 -26.3055 3.5754 -36.8177 0.3900 -48.7721 -30.6158 20.9588 -42.4492 -22.4792 -27.4180 -35.1210 34.8523 -47.8248 -27.8078 10.7822 -38.7967 -13.8801 -47.3955
-14.3119 -38.5548 10.0462 -27.6242 -47.6373 34.9806 -34.9494 -29.8836 -22.0945 -42.2030 20.2696 -30.4241 -48.8519 3.4462 -36.6405 2.4897 -26.1426 -45.8088 31.1936 -33.3398 -43.5832 -17.7601 -39.9893 14.0605 -28.6353 -48.4958 32.1144 -35.6734 -19.1164 -23.3929 -42.9549 21.9912 -30.7764 -48.7500 2.2654 -36.5746 0.9862 -25.7817 -45.1142 28.3556 -32.4039 -47.1937 -12.4792 -38.2318 8.2410 -27.0248 -46.7462 33.2687 -33.7760 -42.2527 -18.0261 -39.8869 13.2250 -28.9633 -48.7324 -28.1519 8.2344 -38.2318 -12.4792 -47.1937 -32.4039 28.3556 -45.1142 -25.7817 0.9862 -36.5746 2.2654 -48.7500 -30.7764 21.9912 -42.9549 -23.3929 -19.1164 -35.6734 32.1144 -48.4958 -28.6353 14.0605 -39.9893 -17.7601 -43.5832 -33.3398 31.1936 -45.8088 -26.1426 2.4897 -36.6405 3.4462 -48.8519 -30.4241 20.2696 -42.2030 -22.0945 -29.8836 -34.9494 34.9806 -47.6373 -27.6242 10.0462 -38.5548 -14.3119
-38.9142 9.2883 -27.4424 -47.4415 34.9292 -34.7734 -32.1432 -21.6894 -41.9505 19.5711 -30.2334 -48.9263 6.8478 -36.5608 1.3081 -25.9772 -45.5798 30.4987 -33.1561 -44.3615 -17.2231 -39.8022 13.5886 -28.5185 -48.4218 32.6457 -35.6241 -19.7427 -23.3556 -42.9549 22.0719 -30.8205 -48.7352 0.9270 -36.6243 1.7255 -25.8995 -45.2821 28.9323 -32.5673 -46.8057 -13.4314 -38.4549 8.9907 -27.1965 -46.9552 33.7933 -33.9628 -41.1249 -18.6005 -40.1247 13.8880 -28.4626 -47.9187 -0.5400 -46.7362 -27.2392 8.9907 -38.4549 -13.4314 -46.8057 -32.5673 28.9323 -45.2821 -25.8995 1.7255 -36.6243 0.9270 -48.7352 -30.8205 22.0719 -42.9549 -23.3556 -19.7427 -35.6241 32.6457 -48.4218 -28.5185 13.5886 -39.8022 -17.2231 -44.3615 -33.1561 30.4987 -45.5798 -25.9772 1.3081 -36.5608 6.8478 -48.9263 -30.2334 19.5711 -41.9505 -21.6894 -32.1432 -34.7734 34.9292 -47.4415 -27.4424 9.2883 -38.9142
8.3409 -27.2631 -47.2384 34.7257 -34.5900 -34.2333 -21.2615 -41.6974 18.8693 -30.0420 -48.9688 10.4782 -36.5249 0.0117 -25.8030 -45.3482 29.7749 -32.9633 -45.1040 -16.5847 -39.5859 13.0290 -28.3774 -48.3213 33.2865 -35.5423 -20.9905 -23.2425 -42.8992 21.9912 -30.8205 -48.7304 0.2661 -36.6941 2.2455 -25.9888 -45.4217 29.4185 -32.7061 -46.4271 -14.1973 -38.6594 9.6727 -27.3620 -47.1561 34.2436 -34.1476 -39.8601 -19.1422 -40.3634 14.5442 -28.6241 -48.3738 33.3588 -37.5215 34.9861 -47.1383 -27.3620 9.6727 -38.6594 -14.1973 -46.4271 -32.7061 29.4185 -45.4217 -25.9888 2.2455 -36.6941 0.2661 -48.7304 -30.8205 21.9912 -42.8992 -23.2425 -20.9905 -35.5423 33.2865 -48.3213 -28.3774 13.0290 -39.5859 -16.5847 -45.1040 -32.9633 29.7749 -45.3482 -25.8030 0.0117 -36.5249 10.4782 -48.9688 -30.0420 18.8693 -41.6974 -21.2615 -34.2333 -34.5900 34.7257 -47.2384 -27.2631 8.3409
-25.8925 -47.0282 34.3949 -34.4062 -36.1259 -20.8141 -41.4477 18.1804 -29.8470 -48.9822 14.1730 -36.4722 -1.4208 -25.6124 -45.1145 29.0381 -32.7697 -45.7635 -15.8682 -39.3536 12.3901 -28.2139 -48.1946 33.9023 -35.4347 -22.7256 -23.0552 -42.7883 21.7500 -30.7764 -48.7352 0.2661 -36.7194 2.5062 -26.0450 -45.5243 29.8064 -32.8225 -46.0685 -14.8116 -38.8387 10.2659 -27.5112 -47.3373 34.5901 -34.3273 -38.4474 -19.6545 -40.6029 15.1986 -28.8066 -48.5181 32.7082 -35.9807 4.2134 -35.3306 34.5980 -47.3377 -27.5112 10.2659 -38.8387 -14.8116 -46.0685 -32.8225 29.8064 -45.5243 -26.0450 2.5062 -36.7194 0.2661 -48.7352 -30.7764 21.7500 -42.7883 -23.0552 -22.7256 -35.4347 33.9023 -48.1946 -28.2139 12.3901 -39.3536 -15.8682 -45.7635 -32.7697 29.0381 -45.1145 -25.6124 -1.4208 -36.4722 14.1730 -48.9822 -29.8470 18.1804 -41.4477 -20.8141 -36.1259 -34.4062 34.3949 -47.0282 -25.8925
-46.7483 33.9576 -34.2194 -37.8186 -20.3473 -41.1959 17.4897 -29.6502 -48.9673 17.8354 -36.4038 -3.0127 -25.4053 -44.8787 28.2935 -32.5755 -46.3370 -15.0926 -39.1189 11.7143 -28.0377 -48.0418 34.4287 -35.3059 -24.7611 -22.8085 -42.6321 21.3610 -30.6892 -48.7500 0.9270 -36.6941 2.5062 -26.0637 -45.5770 30.0561 -32.9083 -45.7545 -15.2985 -38.9920 10.7692 -27.6428 -47.4914 34.8170 -34.4916 -36.9471 -20.1339 -40.8432 15.8525 -28.9902 -48.6376 31.4567 -35.6835 -19.3308 -28.6003 -34.1515 -34.5664 34.8168 -47.4914 -27.6428 10.7692 -38.9920 -15.2985 -45.7545 -32.9083 30.0561 -45.5770 -26.0637 2.5062 -36.6941 0.9270 -48.7500 -30.6892 21.3610 -42.6321 -22.8085 -24.7611 -35.3059 34.4287 -48.0418 -28.0377 11.7143 -39.1189 -15.0926 -46.3370 -32.5755 28.2935 -44.8787 -25.4053 -3.0127 -36.4038 17.8354 -48.9673 -29.6502 17.4897 -41.1959 -20.3473 -37.8186 -34.2194 33.9576 -46.7483
32.0849 -33.8790 -39.3534 -19.8512 -40.9445 16.8029 -29.4552 -48.9272 21.2532 -36.3186 -4.8178 -25.1808 -44.6413 27.5451 -32.3809 -46.8322 -14.2476 -38.8853 11.0274 -27.8602 -47.8731 34.7932 -35.1565 -27.0037 -22.5138 -42.4474 20.8745 -30.5696 -48.7942 2.2654 -36.6243 2.2455 -26.0450 -45.5770 30.1390 -32.9525 -45.5381 -15.6424 -39.1156 11.1858 -27.7575 -47.6230 34.9396 -34.6333 -35.4735 -20.5579 -41.0737 16.4982 -29.1749 -48.7421 29.8873 -35.7963 -18.2934 -23.7942 -45.5271 -21.5550 -35.5129 -34.6319 34.9396 -47.6230 -27.7575 11.1858 -39.1156 -15.6424 -45.5381 -32.9525 30.1390 -45.5770 -26.0450 2.2455 -36.6243 2.2654 -48.7942 -30.5696 20.8745 -42.4474 -22.5138 -27.0037 -35.1565 34.7932 -47.8731 -27.8602 11.0274 -38.8853 -14.2476 -46.8322 -32.3809 27.5451 -44.6413 -25.1808 -4.8178 -36.3186 21.2532 -48.9272 -29.4552 16.8029 -40.9445 -19.8512 -39.3534 -33.8790 32.0849
-33.3090 -40.7241 -19.3288 -40.6962 16.1256 -29.2611 -48.8650 24.2902 -36.2171 -6.8852 -24.9355 -44.3990 26.7962 -32.1860 -47.2561 -13.3205 -38.6528 10.3266 -27.6839 -47.6957 34.9644 -34.9935 -29.3286 -22.1700 -42.2385 20.3222 -30.4275 -48.8613 4.2435 -36.5746 1.7255 -25.9888 -45.5243 30.0561 -32.9525 -45.4636 -15.8152 -39.1959 11.4902 -27.8508 -47.7329 34.9825 -34.7531 -34.0933 -20.9139 -41.2807 17.0992 -29.3526 -48.8291 27.9549 -35.9275 -15.5585 -23.6546 -43.1286 32.5353 -41.5804 -20.9198 -34.0929 -34.7531 34.9825 -47.7329 -27.8508 11.4902 -39.1959 -15.8152 -45.4636 -32.9525 30.0561 -45.5243 -25.9888 1.7255 -36.5746 4.2435 -48.8613 -30.4275 20.3222 -42.2385 -22.1700 -29.3286 -34.9935 34.9644 -47.6957 -27.6839 10.3266 -38.6528 -13.3205 -47.2561 -32.1860 26.7962 -44.3990 -24.9355 -6.8852 -36.2171 24.2902 -48.8650 -29.2611 16.1256 -40.6962 -19.3288 -40.7241 -33.3090
-42.8534 -18.7748 -40.4464 15.4431 -29.0690 -48.7819 26.9094 -36.1070 -9.1738 -24.6717 -44.1519 26.0386 -31.9907 -47.6153 -12.2949 -38.4214 9.6085 -27.5088 -47.5103 34.9630 -34.8241 -31.5622 -21.7876 -42.0058 19.6981 -30.2637 -48.9206 6.7981 -36.5588 0.9862 -25.8995 -45.4217 29.8064 -32.9083 -45.5381 -15.8152 -39.2227 11.6464 -27.9115 -47.8119 34.9694 -34.8526 -32.8478 -21.2085 -41.4605 17.6273 -29.5126 -48.8942 25.7450 -36.0482 -12.9185 -23.9536 -43.2827 23.1231 -34.8855 18.6995 -41.4551 -21.2083 -32.8478 -34.8526 34.9694 -47.8119 -27.9115 11.6464 -39.2227 -15.8152 -45.5381 -32.9083 29.8064 -45.4217 -25.8995 0.9862 -36.5588 6.7981 -48.9206 -30.2637 19.6981 -42.0058 -21.7876 -31.5622 -34.8241 34.9630 -47.5103 -27.5088 9.6085 -38.4214 -12.2949 -47.6153 -31.9907 26.0386 -44.1519 -24.6717 -9.1738 -36.1070 26.9094 -48.7819 -29.0690 15.4431 -40.4464 -18.7748 -42.8534
-18.1066 -40.1976 14.7628 -28.8786 -48.6813 29.0795 -35.9868 -11.6548 -24.3926 -43.9009 25.2658 -31.7909 -47.9194 -11.1504 -38.1912 8.8690 -27.3349 -47.3177 34.8138 -34.6507 -33.6188 -21.3821 -41.7630 19.0316 -30.0815 -48.9632 9.9000 -36.5298 0.0299 -25.7817 -45.2821 29.4185 -32.8225 -45.7545 -15.6424 -39.1959 11.6464 -27.9317 -47.8520 34.9358 -34.9266 -31.7757 -21.4470 -41.6127 18.0822 -29.6518 -48.9375 23.4600 -36.1521 -10.5240 -24.2411 -43.5274 23.3835 -31.9263 -42.0358 -31.0271 18.0682 -41.6128 -21.4470 -31.7757 -34.9266 34.9358 -47.8520 -27.9317 11.6464 -39.1959 -15.6424 -45.7545 -32.8225 29.4185 -45.2821 -25.7817 0.0299 -36.5298 9.9000 -48.9632 -30.0815 19.0316 -41.7630 -21.3821 -33.6188 -34.6507 34.8138 -47.3177 -27.3349 8.8690 -38.1912 -11.1504 -47.9194 -31.7909 25.2658 -43.9009 -24.3926 -11.6548 -35.9868 29.0795 -48.6813 -28.8786 14.7628 -40.1976 -18.1066
-40.3940 14.0865 -28.6879 -48.5629 30.8696 -35.8522 -14.3446 -24.0961 -43.6488 24.4986 -31.5882 -48.1717 -9.8415 -37.9622 8.1037 -27.1622 -47.1187 34.5396 -34.4738 -35.4973 -20.9577 -41.5205 18.3617 -29.8920 -48.9819 13.4322 -36.4832 -1.1872 -25.6317 -45.1142 28.9323 -32.7061 -46.0685 -15.2985 -39.1156 11.4902 -27.9115 -47.8520 34.9200 -34.9653 -31.0353 -21.6220 -41.7347 18.4553 -29.7692 -48.9647 21.2513 -36.2344 -8.5279 -24.4935 -43.7559 24.0906 -31.3080 -48.5184 -19.1912 -48.8185 -29.8312 18.4554 -41.7347 -21.6220 -31.0353 -34.9653 34.9200 -47.8520 -27.9115 11.4902 -39.1156 -15.2985 -46.0685 -32.7061 28.9323 -45.1142 -25.6317 -1.1872 -36.4832 13.4322 -48.9819 -29.8920 18.3617 -41.5205 -20.9577 -35.4973 -34.4738 34.5396 -47.1187 -27.1622 8.1037 -37.9622 -9.8415 -48.1717 -31.5882 24.4986 -43.6488 -24.0961 -14.3446 -35.8522 30.8696 -48.5629 -28.6879 14.0865 -40.3940
13.4742 -28.4815 -48.4293 32.2859 -35.7109 -17.1488 -23.7848 -43.3984 23.7461 -31.3855 -48.3750 -8.3073 -37.7284 7.2976 -26.9908 -46.9139 34.1603 -34.2938 -37.2021 -20.5129 -41.2785 17.6970 -29.7034 -48.9745 17.0329 -36.4188 -2.6819 -25.4445 -44.9148 28.3556 -32.5673 -46.4271 -14.8116 -38.9920 11.1858 -27.8508 -47.8119 34.9358 -34.9653 -30.7840 -21.7139 -41.8151 18.7343 -29.8626 -48.9790 19.2761 -36.2978 -6.9497 -24.7008 -43.9562 24.7388 -31.4630 -48.4689 -6.4932 -39.4927 14.1660 -48.9231 -29.8626 18.7343 -41.8151 -21.7139 -30.7840 -34.9653 34.9358 -47.8119 -27.8508 11.1858 -38.9920 -14.8116 -46.4271 -32.5673 28.3556 -44.9148 -25.4445 -2.6819 -36.4188 17.0329 -48.9745 -29.7034 17.6970 -41.2785 -20.5129 -37.2021 -34.2938 34.1603 -46.9139 -26.9908 7.2976 -37.7284 -8.3073 -48.3750 -31.3855 23.7461 -43.3984 -23.7848 -17.1488 -35.7109 32.2859 -48.4293 -28.4815 13.4742
-27.2479 -48.2830 33.3523 -35.5616 -20.0005 -23.4567 -43.1450 22.9943 -31.1843 -48.5308 -6.5312 -37.4929 6.4407 -26.8205 -46.7039 33.6940 -34.1110 -38.7409 -20.0460 -41.0371 17.0368 -29.5158 -48.9429 20.3941 -36.3395 -4.4177 -25.2275 -44.6877 27.6802 -32.4039 -46.8057 -14.1973 -38.8387 10.7692 -27.7575 -47.7329 34.9694 -34.9266 -31.0353 -21.7139 -41.8428 18.8877 -29.9247 -48.9550 17.6952 -36.3748 -5.7326 -24.8990 -44.1246 25.3063 -31.6760 -48.3184 -7.2137 -37.5088 15.1742 -36.7349 17.7870 -48.9744 -29.9322 18.8876 -41.8428 -21.7139 -31.0353 -34.9266 34.9694 -47.7329 -27.7575 10.7692 -38.8387 -14.1973 -46.8057 -32.4039 27.6802 -44.6877 -25.2275 -4.4177 -36.3395 20.3941 -48.9429 -29.5158 17.0368 -41.0371 -20.0460 -38.7409 -34.1110 33.6940 -46.7039 -26.8205 6.4407 -37.4929 -6.5312 -48.5308 -31.1843 22.9943 -43.1450 -23.4567 -20.0005 -35.5616 33.3523 -48.2830 -27.2479
-47.9898 34.1108 -35.4042 -22.8252 -23.1131 -42.8920 22.2534 -30.9842 -48.6422 -4.4862 -37.2606 5.5309 -26.6476 -46.4862 33.1563 -33.9258 -40.1233 -19.5549 -40.7963 16.3799 -29.3291 -48.8895 23.4198 -36.2474 -6.3510 -24.9920 -44.4491 26.9419 -32.2182 -47.1937 -13.4314 -38.6594 10.2659 -27.6428 -47.6230 34.9825 -34.8526 -31.7757 -21.6220 -41.8151 18.8877 -29.9464 -48.9010 13.8563 -36.7606 -2.5907 -25.4118 -44.5996 26.6119 -33.0466 -47.8969 -11.2583 -38.6439 9.6517 -33.3959 3.7898 -36.9554 15.5375 -48.8175 -29.9667 18.8875 -41.8151 -21.6220 -31.7757 -34.8526 34.9825 -47.6230 -27.6428 10.2659 -38.6594 -13.4314 -47.1937 -32.2182 26.9419 -44.4491 -24.9920 -6.3510 -36.2474 23.4198 -48.8895 -29.3291 16.3799 -40.7963 -19.5549 -40.1233 -33.9258 33.1563 -46.4862 -26.6476 5.5309 -37.2606 -4.4862 -48.6422 -30.9842 22.2534 -42.8920 -23.1131 -22.8252 -35.4042 34.1108 -47.9898
29.3698 -35.0381 -25.5245 -22.7564 -42.6411 21.5278 -30.7826 -48.7159 -2.0677 -37.0271 4.5508 -26.4734 -46.2608 32.5520 -33.7385 -41.3599 -19.0369 -40.5562 15.7251 -29.1435 -48.8163 26.0632 -36.1436 -8.4929 -24.7413 -44.2093 26.1947 -32.0233 -47.5577 -12.4792 -38.4549 9.6727 -27.5112 -47.4914 34.9396 -34.7531 -32.8478 -21.4470 -41.7347 18.7343 -29.9247 -48.8976 11.1796 -40.4806 8.7100 -27.6126 -46.8966 34.4461 -34.2350 -18.1177 -19.4971 -40.9954 19.9563 -35.4019 -16.8679 -33.7924 12.8631 -37.1657 -11.0037 -48.6605 -29.9451 18.7342 -41.7347 -21.4470 -32.8478 -34.7531 34.9396 -47.4914 -27.5112 9.6727 -38.4549 -12.4792 -47.5577 -32.0233 26.1947 -44.2093 -24.7413 -8.4929 -36.1436 26.0632 -48.8163 -29.1435 15.7251 -40.5562 -19.0369 -41.3599 -33.7385 32.5520 -46.2608 -26.4734 4.5508 -37.0271 -2.0677 -48.7159 -30.7826 21.5278 -42.6411 -22.7564 -25.5245 -35.0381 29.3698
-34.7484 -28.1140 -22.3794 -42.3873 20.8025 -30.5832 -48.7828 0.7574 -36.7955 3.5001 -26.3011 -46.0309 31.8897 -33.5447 -42.4751 -18.4890 -40.3168 15.0712 -28.9590 -48.7253 28.3134 -36.0293 -10.8392 -24.4759 -43.9685 25.4514 -31.8284 -47.8678 -11.3573 -38.2318 8.9907 -27.3620 -47.3373 34.8170 -34.6333 -34.0933 -21.2085 -41.6127 18.4553 -29.8626 -48.9517 13.5273 -40.5371 29.3061 13.4455 -55.4745 40.9074 -29.5522 -55.7484 -54.9974 -31.8265 28.6837 -40.7867 17.4762 29.7631 -26.6296 -40.7062 -30.9605 14.8062 -10.8192 -48.8188 -29.8701 18.4554 -41.6128 -21.2083 -34.0929 -34.6319 34.8168 -47.3377 -27.3620 8.9907 -38.2318 -11.3573 -47.8678 -31.8284 25.4514 -43.9686 -24.4755 -10.8387 -36.0293 28.3133 -48.7253 -28.9590 15.0712 -40.3169 -18.4890 -42.4749 -33.5433 31.8897 -46.0309 -26.3011 3.5002 -36.7954 0.7577 -48.7842 -30.5820 20.8025 -42.3873 -22.3791 -28.1139 -34.7484
-32.3103 -21.9841 -42.1341 20.0871 -30.3847 -48.8668 3.9677 -36.6236 2.3609 -26.1290 -45.7950 31.1819 -33.3475 -43.4774 -17.8990 -40.0783 14.4166 -28.7755 -48.6181 30.1817 -35.9054 -13.3651 -24.1960 -43.7268 24.7136 -31.6336 -48.1234 -10.0951 -38.0025 8.2410 -27.1965 -47.1561 34.5901 -34.4916 -35.4735 -20.9139 -41.4605 18.0822 -29.7692 -48.9790 17.6351 -36.1670 31.2046 -47.4350 -43.2991 24.8904 -36.8517 36.7146 -50.2167 -48.3540 -21.9556 -27.6584 10.0729 -61.0709 5.2356 -22.9823 -33.4027 33.5865 18.4485 -37.1500 17.2652 -48.9168 -29.8312 18.0682 -41.4551 -20.9198 -35.5129 -34.5664 34.5980 -47.1383 -27.2392 8.2344 -38.0031 -10.0781 -48.1255 -31.7074 24.7006 -43.7187 -24.2168 -13.3932 -35.9649 30.2305 -48.5825 -28.8302 14.4099 -40.0742 -17.8941 -43.4984 -33.4204 31.1794 -45.7835 -26.1621 2.3488 -36.6288 4.0717 -48.7987 -30.4492 20.0724 -42.1307 -22.0011 -32.2923
