0.2673 0.1166 0.4290 0.1295 0.1560 0.4770 0.1113 0.2625 0.2280 0.1207 0.4713 0.1235 0.1699 0.4492 0.1107 0.2956 0.1767 0.1265 0.4983 0.1190 0.1866 0.4114 0.1112 0.3336 0.1522 0.1338 0.5046 0.1157 0.2065 0.3628 0.1128 0.3763 0.1392 0.1429 0.4974 0.1131 0.2301 0.3032 0.1157 0.4221 0.1306 0.1541 0.4804 0.1114 0.2579 0.2376 0.1199 0.4655 0.1243 0.1676 0.4541 0.1107 0.2902 0.1754 0.1453 0.2171 0.2580 0.1114 0.4804 0.1541 0.1306 0.4221 0.1157 0.3032 0.2301 0.1131 0.4974 0.1429 0.1392 0.3763 0.1128 0.3628 0.2065 0.1157 0.5046 0.1338 0.1522 0.3336 0.1112 0.4114 0.1866 0.1190 0.4983 0.1265 0.1767 0.2956 0.1107 0.4492 0.1699 0.1235 0.4713 0.1207 0.2280 0.2625 0.1113 0.4770 0.1560 0.1295 0.4290 0.1166 0.2673
0.1166 0.4494 0.1253 0.1632 0.4937 0.1119 0.2775 0.2451 0.1258 0.4937 0.1198 0.1783 0.4668 0.1123 0.3129 0.1825 0.1322 0.5166 0.1164 0.1961 0.4303 0.1137 0.3535 0.1495 0.1399 0.5207 0.1141 0.2175 0.3830 0.1162 0.3985 0.1347 0.1495 0.5133 0.1126 0.2428 0.3239 0.1199 0.4457 0.1261 0.1614 0.4968 0.1119 0.2726 0.2556 0.1249 0.4883 0.1205 0.1758 0.4715 0.1121 0.3073 0.1905 0.1321 0.5138 0.1266 0.2555 0.2726 0.1119 0.4968 0.1614 0.1261 0.4457 0.1199 0.3239 0.2428 0.1126 0.5133 0.1495 0.1347 0.3985 0.1162 0.3830 0.2175 0.1141 0.5207 0.1399 0.1495 0.3535 0.1137 0.4303 0.1961 0.1164 0.5166 0.1322 0.1825 0.3129 0.1123 0.4668 0.1783 0.1198 0.4937 0.1258 0.2451 0.2775 0.1119 0.4937 0.1632 0.1253 0.4494 0.1166
0.4290 0.1253 0.1639 0.4916 0.1115 0.2818 0.2354 0.1264 0.4984 0.1190 0.1807 0.4620 0.1120 0.3187 0.1755 0.1332 0.5182 0.1157 0.1991 0.4240 0.1136 0.3599 0.1465 0.1412 0.5203 0.1135 0.2210 0.3749 0.1163 0.4055 0.1330 0.1511 0.5114 0.1121 0.2469 0.3142 0.1203 0.4525 0.1249 0.1634 0.4936 0.1115 0.2774 0.2451 0.1255 0.4936 0.1196 0.1782 0.4669 0.1119 0.3129 0.1826 0.1321 0.5177 0.1068 0.5013 0.1255 0.2451 0.2774 0.1115 0.4936 0.1634 0.1249 0.4525 0.1203 0.3142 0.2469 0.1121 0.5114 0.1511 0.1330 0.4055 0.1163 0.3749 0.2210 0.1135 0.5203 0.1412 0.1465 0.3599 0.1136 0.4240 0.1991 0.1157 0.5182 0.1332 0.1755 0.3187 0.1120 0.4620 0.1807 0.1190 0.4984 0.1264 0.2354 0.2818 0.1115 0.4916 0.1639 0.1253 0.4290
0.1295 0.1632 0.4916 0.1115 0.2846 0.2281 0.1272 0.5023 0.1184 0.1832 0.4571 0.1122 0.3244 0.1694 0.1343 0.5194 0.1153 0.2021 0.4174 0.1139 0.3664 0.1439 0.1425 0.5195 0.1132 0.2246 0.3666 0.1168 0.4125 0.1315 0.1528 0.5093 0.1119 0.2512 0.3042 0.1210 0.4592 0.1239 0.1654 0.4902 0.1115 0.2824 0.2349 0.1264 0.4984 0.1190 0.1807 0.4621 0.1120 0.3186 0.1756 0.1332 0.5181 0.1132 0.2490 0.1147 0.4983 0.1264 0.2349 0.2824 0.1115 0.4902 0.1654 0.1239 0.4592 0.1210 0.3042 0.2512 0.1119 0.5093 0.1528 0.1315 0.4125 0.1168 0.3666 0.2246 0.1132 0.5195 0.1425 0.1439 0.3664 0.1139 0.4174 0.2021 0.1153 0.5194 0.1343 0.1694 0.3244 0.1122 0.4571 0.1832 0.1184 0.5023 0.1272 0.2281 0.2846 0.1115 0.4916 0.1632 0.1295
0.1560 0.4937 0.1115 0.2846 0.2254 0.1276 0.5050 0.1180 0.1854 0.4524 0.1124 0.3300 0.1641 0.1354 0.5202 0.1150 0.2052 0.4106 0.1143 0.3731 0.1416 0.1439 0.5186 0.1130 0.2283 0.3580 0.1173 0.4195 0.1302 0.1545 0.5070 0.1118 0.2555 0.2941 0.1217 0.4658 0.1231 0.1675 0.4866 0.1115 0.2875 0.2247 0.1273 0.5027 0.1184 0.1832 0.4571 0.1122 0.3244 0.1694 0.1343 0.5194 0.1152 0.2044 0.2999 0.1880 0.1182 0.5027 0.1273 0.2247 0.2875 0.1115 0.4866 0.1675 0.1231 0.4658 0.1217 0.2941 0.2555 0.1118 0.5070 0.1545 0.1302 0.4195 0.1173 0.3580 0.2283 0.1130 0.5186 0.1439 0.1416 0.3731 0.1143 0.4106 0.2052 0.1150 0.5202 0.1354 0.1641 0.3300 0.1124 0.4524 0.1854 0.1180 0.5050 0.1276 0.2254 0.2846 0.1115 0.4937 0.1560
0.4770 0.1119 0.2818 0.2281 0.1276 0.5059 0.1178 0.1870 0.4484 0.1125 0.3354 0.1598 0.1365 0.5207 0.1146 0.2083 0.4037 0.1146 0.3797 0.1395 0.1454 0.5175 0.1128 0.2320 0.3491 0.1179 0.4266 0.1289 0.1563 0.5045 0.1117 0.2599 0.2840 0.1225 0.4723 0.1222 0.1697 0.4828 0.1116 0.2926 0.2148 0.1283 0.5066 0.1179 0.1858 0.4519 0.1124 0.3303 0.1640 0.1354 0.5202 0.1150 0.2052 0.4065 0.1222 0.4435 0.1858 0.1179 0.5066 0.1283 0.2148 0.2926 0.1116 0.4828 0.1697 0.1222 0.4723 0.1225 0.2840 0.2599 0.1117 0.5045 0.1563 0.1289 0.4266 0.1179 0.3491 0.2320 0.1128 0.5175 0.1454 0.1395 0.3797 0.1146 0.4037 0.2083 0.1146 0.5207 0.1365 0.1598 0.3354 0.1125 0.4484 0.1870 0.1178 0.5059 0.1276 0.2281 0.2818 0.1119 0.4770
0.1113 0.2775 0.2354 0.1272 0.5050 0.1178 0.1876 0.4460 0.1127 0.3398 0.1565 0.1375 0.5210 0.1143 0.2114 0.3966 0.1150 0.3864 0.1376 0.1468 0.5161 0.1126 0.2359 0.3401 0.1185 0.4336 0.1277 0.1581 0.5018 0.1116 0.2645 0.2736 0.1232 0.4784 0.1215 0.1719 0.4788 0.1116 0.2979 0.2055 0.1293 0.5099 0.1173 0.1885 0.4465 0.1126 0.3363 0.1593 0.1365 0.5207 0.1146 0.2083 0.4037 0.1141 0.4742 0.1115 0.4466 0.1885 0.1173 0.5099 0.1293 0.2055 0.2979 0.1116 0.4788 0.1719 0.1215 0.4784 0.1232 0.2736 0.2645 0.1116 0.5018 0.1581 0.1277 0.4336 0.1185 0.3401 0.2359 0.1126 0.5161 0.1468 0.1376 0.3864 0.1150 0.3966 0.2114 0.1143 0.5210 0.1375 0.1565 0.3398 0.1127 0.4460 0.1876 0.1178 0.5050 0.1272 0.2354 0.2775 0.1113
0.2625 0.2451 0.1264 0.5023 0.1180 0.1870 0.4460 0.1127 0.3422 0.1543 0.1383 0.5210 0.1141 0.2144 0.3896 0.1154 0.3930 0.1359 0.1483 0.5146 0.1124 0.2397 0.3310 0.1191 0.4405 0.1266 0.1600 0.4990 0.1116 0.2692 0.2631 0.1241 0.4843 0.1207 0.1741 0.4746 0.1117 0.3033 0.1965 0.1303 0.5128 0.1169 0.1912 0.4408 0.1128 0.3425 0.1553 0.1377 0.5210 0.1143 0.2116 0.3963 0.1150 0.3905 0.1136 0.3520 0.1127 0.4408 0.1912 0.1169 0.5128 0.1303 0.1965 0.3033 0.1117 0.4746 0.1741 0.1207 0.4843 0.1241 0.2631 0.2692 0.1116 0.4990 0.1600 0.1266 0.4405 0.1191 0.3310 0.2397 0.1124 0.5146 0.1483 0.1359 0.3930 0.1154 0.3896 0.2144 0.1141 0.5210 0.1383 0.1543 0.3422 0.1127 0.4460 0.1870 0.1180 0.5023 0.1264 0.2451 0.2625
0.2280 0.1258 0.4984 0.1184 0.1854 0.4484 0.1127 0.3422 0.1536 0.1388 0.5209 0.1139 0.2169 0.3832 0.1159 0.3994 0.1343 0.1498 0.5129 0.1122 0.2436 0.3218 0.1197 0.4473 0.1256 0.1619 0.4960 0.1115 0.2739 0.2527 0.1249 0.4898 0.1201 0.1765 0.4702 0.1118 0.3088 0.1881 0.1313 0.5151 0.1164 0.1940 0.4348 0.1131 0.3487 0.1517 0.1390 0.5209 0.1140 0.2149 0.3888 0.1155 0.3933 0.1327 0.1763 0.1442 0.3486 0.1131 0.4348 0.1940 0.1164 0.5151 0.1313 0.1881 0.3088 0.1118 0.4702 0.1765 0.1201 0.4898 0.1249 0.2527 0.2739 0.1115 0.4960 0.1619 0.1256 0.4473 0.1197 0.3218 0.2436 0.1122 0.5129 0.1498 0.1343 0.3994 0.1159 0.3832 0.2169 0.1139 0.5209 0.1388 0.1536 0.3422 0.1127 0.4484 0.1854 0.1184 0.4984 0.1258 0.2280
0.1207 0.4937 0.1190 0.1832 0.4524 0.1125 0.3398 0.1543 0.1388 0.5209 0.1138 0.2187 0.3781 0.1162 0.4050 0.1329 0.1513 0.5111 0.1121 0.2476 0.3124 0.1204 0.4539 0.1247 0.1638 0.4928 0.1115 0.2787 0.2424 0.1258 0.4950 0.1194 0.1789 0.4656 0.1119 0.3144 0.1806 0.1324 0.5170 0.1160 0.1969 0.4287 0.1134 0.3551 0.1486 0.1402 0.5206 0.1137 0.2184 0.3809 0.1159 0.4003 0.1341 0.1513 0.4690 0.1428 0.1485 0.3551 0.1134 0.4287 0.1969 0.1160 0.5170 0.1324 0.1806 0.3144 0.1119 0.4656 0.1789 0.1194 0.4950 0.1258 0.2424 0.2787 0.1115 0.4928 0.1638 0.1247 0.4539 0.1204 0.3124 0.2476 0.1121 0.5111 0.1513 0.1329 0.4050 0.1162 0.3781 0.2187 0.1138 0.5209 0.1388 0.1543 0.3398 0.1125 0.4524 0.1832 0.1190 0.4937 0.1207
0.4713 0.1198 0.1807 0.4571 0.1124 0.3354 0.1565 0.1383 0.5209 0.1138 0.2194 0.3753 0.1164 0.4092 0.1319 0.1526 0.5093 0.1120 0.2516 0.3030 0.1211 0.4603 0.1238 0.1658 0.4895 0.1115 0.2835 0.2325 0.1266 0.4996 0.1188 0.1813 0.4608 0.1121 0.3202 0.1738 0.1335 0.5185 0.1156 0.1999 0.4223 0.1137 0.3616 0.1458 0.1415 0.5201 0.1134 0.2219 0.3728 0.1164 0.4073 0.1326 0.1516 0.5096 0.1093 0.5189 0.1415 0.1458 0.3616 0.1137 0.4223 0.1999 0.1156 0.5185 0.1335 0.1738 0.3202 0.1121 0.4608 0.1813 0.1188 0.4996 0.1266 0.2325 0.2835 0.1115 0.4895 0.1658 0.1238 0.4603 0.1211 0.3030 0.2516 0.1120 0.5093 0.1526 0.1319 0.4092 0.1164 0.3753 0.2194 0.1138 0.5209 0.1383 0.1565 0.3354 0.1124 0.4571 0.1807 0.1198 0.4713
0.1235 0.1783 0.4620 0.1122 0.3300 0.1598 0.1375 0.5210 0.1139 0.2187 0.3753 0.1165 0.4115 0.1313 0.1536 0.5078 0.1119 0.2552 0.2940 0.1217 0.4666 0.1229 0.1678 0.4860 0.1115 0.2884 0.2228 0.1275 0.5036 0.1183 0.1838 0.4558 0.1122 0.3259 0.1679 0.1346 0.5196 0.1152 0.2029 0.4157 0.1140 0.3681 0.1433 0.1429 0.5193 0.1132 0.2255 0.3644 0.1169 0.4143 0.1312 0.1532 0.5087 0.1100 0.3218 0.1098 0.5193 0.1429 0.1433 0.3681 0.1140 0.4157 0.2029 0.1152 0.5196 0.1346 0.1679 0.3259 0.1122 0.4558 0.1838 0.1183 0.5036 0.1275 0.2228 0.2884 0.1115 0.4860 0.1678 0.1229 0.4666 0.1217 0.2940 0.2552 0.1119 0.5078 0.1536 0.1313 0.4115 0.1165 0.3753 0.2187 0.1139 0.5210 0.1375 0.1598 0.3300 0.1122 0.4620 0.1783 0.1235
0.1699 0.4668 0.1120 0.3244 0.1641 0.1365 0.5210 0.1141 0.2169 0.3781 0.1164 0.4115 0.1310 0.1542 0.5067 0.1118 0.2582 0.2862 0.1224 0.4722 0.1222 0.1699 0.4824 0.1116 0.2934 0.2134 0.1285 0.5072 0.1178 0.1863 0.4508 0.1124 0.3316 0.1629 0.1357 0.5204 0.1149 0.2060 0.4088 0.1144 0.3747 0.1410 0.1443 0.5183 0.1129 0.2292 0.3557 0.1175 0.4214 0.1298 0.1550 0.5064 0.1117 0.2596 0.1609 0.2355 0.1127 0.5183 0.1443 0.1410 0.3747 0.1144 0.4088 0.2060 0.1149 0.5204 0.1357 0.1629 0.3316 0.1124 0.4508 0.1863 0.1178 0.5072 0.1285 0.2134 0.2934 0.1116 0.4824 0.1699 0.1222 0.4722 0.1224 0.2862 0.2582 0.1118 0.5067 0.1542 0.1310 0.4115 0.1164 0.3781 0.2169 0.1141 0.5210 0.1365 0.1641 0.3244 0.1120 0.4668 0.1699
0.4492 0.1123 0.3187 0.1694 0.1354 0.5207 0.1143 0.2144 0.3832 0.1162 0.4092 0.1313 0.1542 0.5063 0.1118 0.2601 0.2806 0.1229 0.4768 0.1216 0.1718 0.4787 0.1116 0.2984 0.2043 0.1294 0.5104 0.1173 0.1889 0.4455 0.1126 0.3374 0.1585 0.1368 0.5208 0.1146 0.2091 0.4019 0.1147 0.3814 0.1390 0.1458 0.5171 0.1127 0.2330 0.3469 0.1181 0.4284 0.1286 0.1568 0.5038 0.1117 0.2611 0.2748 0.1375 0.3327 0.2330 0.1127 0.5171 0.1458 0.1390 0.3814 0.1147 0.4019 0.2091 0.1146 0.5208 0.1368 0.1585 0.3374 0.1126 0.4455 0.1889 0.1173 0.5104 0.1294 0.2043 0.2984 0.1116 0.4787 0.1718 0.1216 0.4768 0.1229 0.2806 0.2601 0.1118 0.5063 0.1542 0.1313 0.4092 0.1162 0.3832 0.2144 0.1143 0.5207 0.1354 0.1694 0.3187 0.1123 0.4492
0.1107 0.3129 0.1755 0.1343 0.5202 0.1146 0.2114 0.3896 0.1159 0.4050 0.1319 0.1536 0.5067 0.1118 0.2609 0.2774 0.1232 0.4800 0.1211 0.1734 0.4754 0.1117 0.3032 0.1961 0.1304 0.5130 0.1168 0.1916 0.4400 0.1129 0.3433 0.1547 0.1379 0.5210 0.1143 0.2123 0.3948 0.1151 0.3881 0.1371 0.1472 0.5157 0.1125 0.2369 0.3378 0.1187 0.4354 0.1274 0.1586 0.5011 0.1116 0.2657 0.2709 0.1239 0.5210 0.1194 0.3379 0.2369 0.1125 0.5157 0.1472 0.1371 0.3881 0.1151 0.3948 0.2123 0.1143 0.5210 0.1379 0.1547 0.3433 0.1129 0.4400 0.1916 0.1168 0.5130 0.1304 0.1961 0.3032 0.1117 0.4754 0.1734 0.1211 0.4800 0.1232 0.2774 0.2609 0.1118 0.5067 0.1536 0.1319 0.4050 0.1159 0.3896 0.2114 0.1146 0.5202 0.1343 0.1755 0.3129 0.1107
0.2956 0.1825 0.1332 0.5194 0.1150 0.2083 0.3966 0.1154 0.3994 0.1329 0.1526 0.5078 0.1118 0.2601 0.2774 0.1233 0.4817 0.1208 0.1746 0.4727 0.1118 0.3076 0.1891 0.1313 0.5152 0.1164 0.1943 0.4343 0.1131 0.3494 0.1514 0.1391 0.5209 0.1140 0.2155 0.3874 0.1156 0.3947 0.1354 0.1487 0.5142 0.1123 0.2407 0.3287 0.1193 0.4423 0.1264 0.1605 0.4982 0.1116 0.2704 0.2604 0.1242 0.4889 0.1074 0.4527 0.1192 0.3287 0.2407 0.1123 0.5142 0.1487 0.1354 0.3947 0.1156 0.3874 0.2155 0.1140 0.5209 0.1391 0.1514 0.3494 0.1131 0.4343 0.1943 0.1164 0.5152 0.1313 0.1891 0.3076 0.1118 0.4727 0.1746 0.1208 0.4817 0.1233 0.2774 0.2601 0.1118 0.5078 0.1526 0.1329 0.3994 0.1154 0.3966 0.2083 0.1150 0.5194 0.1332 0.1825 0.2956
0.1767 0.1322 0.5182 0.1153 0.2052 0.4037 0.1150 0.3930 0.1343 0.1513 0.5093 0.1119 0.2582 0.2806 0.1232 0.4817 0.1207 0.1753 0.4709 0.1118 0.3110 0.1837 0.1321 0.5168 0.1160 0.1969 0.4285 0.1134 0.3555 0.1484 0.1403 0.5206 0.1137 0.2188 0.3798 0.1160 0.4014 0.1339 0.1502 0.5125 0.1122 0.2446 0.3194 0.1199 0.4490 0.1254 0.1624 0.4952 0.1115 0.2752 0.2499 0.1251 0.4911 0.1173 0.2175 0.1205 0.4489 0.1199 0.3194 0.2446 0.1122 0.5125 0.1502 0.1339 0.4014 0.1160 0.3798 0.2188 0.1137 0.5206 0.1403 0.1484 0.3555 0.1134 0.4285 0.1969 0.1160 0.5168 0.1321 0.1837 0.3110 0.1118 0.4709 0.1753 0.1207 0.4817 0.1232 0.2806 0.2582 0.1119 0.5093 0.1513 0.1343 0.3930 0.1150 0.4037 0.2052 0.1153 0.5182 0.1322 0.1767
0.1265 0.5166 0.1157 0.2021 0.4106 0.1146 0.3864 0.1359 0.1498 0.5111 0.1120 0.2552 0.2862 0.1229 0.4800 0.1208 0.1753 0.4702 0.1119 0.3133 0.1799 0.1327 0.5179 0.1157 0.1993 0.4230 0.1137 0.3616 0.1457 0.1416 0.5201 0.1134 0.2222 0.3720 0.1165 0.4081 0.1324 0.1518 0.5106 0.1120 0.2487 0.3100 0.1206 0.4555 0.1244 0.1643 0.4920 0.1115 0.2799 0.2398 0.1260 0.4962 0.1192 0.1814 0.3764 0.1682 0.1242 0.4555 0.1206 0.3100 0.2487 0.1120 0.5106 0.1518 0.1324 0.4081 0.1165 0.3720 0.2222 0.1134 0.5201 0.1416 0.1457 0.3616 0.1137 0.4230 0.1993 0.1157 0.5179 0.1327 0.1799 0.3133 0.1119 0.4702 0.1753 0.1208 0.4800 0.1229 0.2862 0.2552 0.1120 0.5111 0.1498 0.1359 0.3864 0.1146 0.4106 0.2021 0.1157 0.5166 0.1265
0.4983 0.1164 0.1991 0.4174 0.1143 0.3797 0.1376 0.1483 0.5129 0.1121 0.2516 0.2940 0.1224 0.4768 0.1211 0.1746 0.4709 0.1119 0.3140 0.1780 0.1332 0.5186 0.1155 0.2013 0.4181 0.1139 0.3672 0.1435 0.1429 0.5193 0.1132 0.2257 0.3639 0.1170 0.4149 0.1310 0.1534 0.5085 0.1119 0.2528 0.3004 0.1213 0.4620 0.1236 0.1663 0.4886 0.1115 0.2847 0.2300 0.1269 0.5006 0.1187 0.1820 0.4566 0.1161 0.4829 0.1663 0.1236 0.4620 0.1213 0.3004 0.2528 0.1119 0.5085 0.1534 0.1310 0.4149 0.1170 0.3639 0.2257 0.1132 0.5193 0.1429 0.1435 0.3672 0.1139 0.4181 0.2013 0.1155 0.5186 0.1332 0.1780 0.3140 0.1119 0.4709 0.1746 0.1211 0.4768 0.1224 0.2940 0.2516 0.1121 0.5129 0.1483 0.1376 0.3797 0.1143 0.4174 0.1991 0.1164 0.4983
0.1190 0.1961 0.4240 0.1139 0.3731 0.1395 0.1468 0.5146 0.1122 0.2476 0.3030 0.1217 0.4722 0.1216 0.1734 0.4727 0.1118 0.3133 0.1780 0.1333 0.5189 0.1154 0.2028 0.4142 0.1142 0.3722 0.1416 0.1441 0.5184 0.1130 0.2292 0.3556 0.1175 0.4217 0.1298 0.1551 0.5062 0.1118 0.2570 0.2906 0.1220 0.4683 0.1227 0.1683 0.4851 0.1115 0.2897 0.2203 0.1278 0.5046 0.1181 0.1845 0.4546 0.1111 0.4179 0.1095 0.4851 0.1683 0.1227 0.4683 0.1220 0.2906 0.2570 0.1118 0.5062 0.1551 0.1298 0.4217 0.1175 0.3556 0.2292 0.1130 0.5184 0.1441 0.1416 0.3722 0.1142 0.4142 0.2028 0.1154 0.5189 0.1333 0.1780 0.3133 0.1118 0.4727 0.1734 0.1216 0.4722 0.1217 0.3030 0.2476 0.1122 0.5146 0.1468 0.1395 0.3731 0.1139 0.4240 0.1961 0.1190
0.1866 0.4303 0.1136 0.3664 0.1416 0.1454 0.5161 0.1124 0.2436 0.3124 0.1211 0.4666 0.1222 0.1718 0.4754 0.1118 0.3110 0.1799 0.1332 0.5189 0.1153 0.2036 0.4116 0.1143 0.3759 0.1402 0.1451 0.5175 0.1128 0.2325 0.3474 0.1181 0.4285 0.1286 0.1568 0.5037 0.1117 0.2613 0.2807 0.1227 0.4743 0.1220 0.1704 0.4814 0.1116 0.2947 0.2110 0.1287 0.5081 0.1176 0.1870 0.4494 0.1124 0.3367 0.1218 0.3030 0.1114 0.4814 0.1704 0.1220 0.4743 0.1227 0.2807 0.2613 0.1117 0.5037 0.1568 0.1286 0.4285 0.1181 0.3474 0.2325 0.1128 0.5175 0.1451 0.1402 0.3759 0.1143 0.4116 0.2036 0.1153 0.5189 0.1332 0.1799 0.3110 0.1118 0.4754 0.1718 0.1222 0.4666 0.1211 0.3124 0.2436 0.1124 0.5161 0.1454 0.1416 0.3664 0.1136 0.4303 0.1866
0.4114 0.1137 0.3599 0.1439 0.1439 0.5175 0.1126 0.2397 0.3218 0.1204 0.4603 0.1229 0.1699 0.4787 0.1117 0.3076 0.1837 0.1327 0.5186 0.1154 0.2036 0.4108 0.1144 0.3783 0.1393 0.1459 0.5167 0.1126 0.2355 0.3399 0.1186 0.4349 0.1275 0.1586 0.5011 0.1116 0.2657 0.2707 0.1235 0.4802 0.1212 0.1726 0.4775 0.1116 0.2998 0.2021 0.1297 0.5111 0.1171 0.1896 0.4441 0.1127 0.3389 0.1534 0.1595 0.1872 0.2998 0.1116 0.4775 0.1726 0.1212 0.4802 0.1235 0.2707 0.2657 0.1116 0.5011 0.1586 0.1275 0.4349 0.1186 0.3399 0.2355 0.1126 0.5167 0.1459 0.1393 0.3783 0.1144 0.4108 0.2036 0.1154 0.5186 0.1327 0.1837 0.3076 0.1117 0.4787 0.1699 0.1229 0.4603 0.1204 0.3218 0.2397 0.1126 0.5175 0.1439 0.1439 0.3599 0.1137 0.4114
0.1112 0.3535 0.1465 0.1425 0.5186 0.1128 0.2359 0.3310 0.1197 0.4539 0.1238 0.1678 0.4824 0.1116 0.3032 0.1891 0.1321 0.5179 0.1155 0.2028 0.4116 0.1144 0.3792 0.1388 0.1464 0.5160 0.1125 0.2380 0.3333 0.1191 0.4406 0.1265 0.1603 0.4984 0.1116 0.2702 0.2607 0.1243 0.4857 0.1205 0.1748 0.4733 0.1117 0.3051 0.1937 0.1306 0.5137 0.1167 0.1922 0.4385 0.1129 0.3449 0.1538 0.1393 0.5000 0.1327 0.1936 0.3051 0.1117 0.4733 0.1748 0.1205 0.4857 0.1243 0.2607 0.2702 0.1116 0.4984 0.1603 0.1265 0.4406 0.1191 0.3333 0.2380 0.1125 0.5160 0.1464 0.1388 0.3792 0.1144 0.4116 0.2028 0.1155 0.5179 0.1321 0.1891 0.3032 0.1116 0.4824 0.1678 0.1238 0.4539 0.1197 0.3310 0.2359 0.1128 0.5186 0.1425 0.1465 0.3535 0.1112
0.3336 0.1495 0.1412 0.5195 0.1130 0.2320 0.3401 0.1191 0.4473 0.1247 0.1658 0.4860 0.1116 0.2984 0.1961 0.1313 0.5168 0.1157 0.2013 0.4142 0.1143 0.3783 0.1388 0.1466 0.5157 0.1125 0.2398 0.3283 0.1194 0.4454 0.1258 0.1619 0.4958 0.1115 0.2747 0.2508 0.1251 0.4910 0.1199 0.1771 0.4691 0.1118 0.3104 0.1859 0.1316 0.5158 0.1163 0.1950 0.4328 0.1132 0.3509 0.1506 0.1394 0.5207 0.1074 0.5183 0.1316 0.1859 0.3104 0.1118 0.4691 0.1771 0.1199 0.4910 0.1251 0.2508 0.2747 0.1115 0.4958 0.1619 0.1258 0.4454 0.1194 0.3283 0.2398 0.1125 0.5157 0.1466 0.1388 0.3783 0.1143 0.4142 0.2013 0.1157 0.5168 0.1313 0.1961 0.2984 0.1116 0.4860 0.1658 0.1247 0.4473 0.1191 0.3401 0.2320 0.1130 0.5195 0.1412 0.1495 0.3336
0.1522 0.1399 0.5203 0.1132 0.2283 0.3491 0.1185 0.4405 0.1256 0.1638 0.4895 0.1115 0.2934 0.2043 0.1304 0.5152 0.1160 0.1993 0.4181 0.1142 0.3759 0.1393 0.1464 0.5157 0.1124 0.2408 0.3250 0.1197 0.4491 0.1251 0.1632 0.4934 0.1115 0.2788 0.2415 0.1259 0.4958 0.1193 0.1794 0.4646 0.1119 0.3158 0.1788 0.1327 0.5175 0.1159 0.1978 0.4268 0.1135 0.3571 0.1477 0.1407 0.5205 0.1114 0.2771 0.1120 0.5175 0.1327 0.1788 0.3158 0.1119 0.4646 0.1794 0.1193 0.4958 0.1259 0.2415 0.2788 0.1115 0.4934 0.1632 0.1251 0.4491 0.1197 0.3250 0.2408 0.1124 0.5157 0.1464 0.1393 0.3759 0.1142 0.4181 0.1993 0.1160 0.5152 0.1304 0.2043 0.2934 0.1115 0.4895 0.1638 0.1256 0.4405 0.1185 0.3491 0.2283 0.1132 0.5203 0.1399 0.1522
0.1338 0.5207 0.1135 0.2246 0.3580 0.1179 0.4336 0.1266 0.1619 0.4928 0.1115 0.2884 0.2134 0.1294 0.5130 0.1164 0.1969 0.4230 0.1139 0.3722 0.1402 0.1459 0.5160 0.1125 0.2408 0.3239 0.1199 0.4513 0.1247 0.1643 0.4913 0.1115 0.2825 0.2333 0.1266 0.4999 0.1187 0.1818 0.4599 0.1121 0.3214 0.1724 0.1337 0.5188 0.1155 0.2006 0.4206 0.1138 0.3633 0.1451 0.1419 0.5199 0.1133 0.2257 0.2340 0.2060 0.1153 0.5188 0.1337 0.1724 0.3214 0.1121 0.4599 0.1818 0.1187 0.4999 0.1266 0.2333 0.2825 0.1115 0.4913 0.1643 0.1247 0.4513 0.1199 0.3239 0.2408 0.1125 0.5160 0.1459 0.1402 0.3722 0.1139 0.4230 0.1969 0.1164 0.5130 0.1294 0.2134 0.2884 0.1115 0.4928 0.1619 0.1266 0.4336 0.1179 0.3580 0.2246 0.1135 0.5207 0.1338
0.5046 0.1141 0.2210 0.3666 0.1173 0.4266 0.1277 0.1600 0.4960 0.1115 0.2835 0.2228 0.1285 0.5104 0.1168 0.1943 0.4285 0.1137 0.3672 0.1416 0.1451 0.5167 0.1125 0.2398 0.3250 0.1199 0.4521 0.1245 0.1650 0.4898 0.1115 0.2857 0.2264 0.1273 0.5032 0.1183 0.1840 0.4552 0.1123 0.3270 0.1668 0.1348 0.5198 0.1151 0.2036 0.4141 0.1141 0.3697 0.1427 0.1433 0.5191 0.1131 0.2266 0.3565 0.1280 0.4034 0.2036 0.1152 0.5198 0.1348 0.1668 0.3270 0.1123 0.4552 0.1840 0.1183 0.5032 0.1273 0.2264 0.2857 0.1115 0.4898 0.1650 0.1245 0.4521 0.1199 0.3250 0.2398 0.1125 0.5167 0.1451 0.1416 0.3672 0.1137 0.4285 0.1943 0.1168 0.5104 0.1285 0.2228 0.2835 0.1115 0.4960 0.1600 0.1277 0.4266 0.1173 0.3666 0.2210 0.1141 0.5046
0.1157 0.2175 0.3749 0.1168 0.4195 0.1289 0.1581 0.4990 0.1115 0.2787 0.2325 0.1275 0.5072 0.1173 0.1916 0.4343 0.1134 0.3616 0.1435 0.1441 0.5175 0.1126 0.2380 0.3283 0.1197 0.4513 0.1245 0.1652 0.4890 0.1115 0.2879 0.2210 0.1279 0.5058 0.1179 0.1860 0.4508 0.1124 0.3325 0.1620 0.1359 0.5205 0.1148 0.2066 0.4074 0.1144 0.3761 0.1406 0.1446 0.5181 0.1129 0.2302 0.3534 0.1176 0.5060 0.1141 0.4076 0.2066 0.1148 0.5205 0.1359 0.1620 0.3325 0.1124 0.4508 0.1860 0.1179 0.5058 0.1279 0.2210 0.2879 0.1115 0.4890 0.1652 0.1245 0.4513 0.1197 0.3283 0.2380 0.1126 0.5175 0.1441 0.1435 0.3616 0.1134 0.4343 0.1916 0.1173 0.5072 0.1275 0.2325 0.2787 0.1115 0.4990 0.1581 0.1289 0.4195 0.1168 0.3749 0.2175 0.1157
0.2065 0.3830 0.1163 0.4125 0.1302 0.1563 0.5018 0.1116 0.2739 0.2424 0.1266 0.5036 0.1178 0.1889 0.4400 0.1131 0.3555 0.1457 0.1429 0.5184 0.1128 0.2355 0.3333 0.1194 0.4491 0.1247 0.1650 0.4890 0.1115 0.2890 0.2178 0.1283 0.5078 0.1176 0.1878 0.4469 0.1126 0.3375 0.1581 0.1369 0.5209 0.1145 0.2097 0.4005 0.1148 0.3826 0.1386 0.1460 0.5169 0.1127 0.2339 0.3448 0.1182 0.4344 0.1100 0.3932 0.1147 0.4005 0.2097 0.1145 0.5209 0.1369 0.1581 0.3375 0.1126 0.4469 0.1878 0.1176 0.5078 0.1283 0.2178 0.2890 0.1115 0.4890 0.1650 0.1247 0.4491 0.1194 0.3333 0.2355 0.1128 0.5184 0.1429 0.1457 0.3555 0.1131 0.4400 0.1889 0.1178 0.5036 0.1266 0.2424 0.2739 0.1116 0.5018 0.1563 0.1302 0.4125 0.1163 0.3830 0.2065
0.3628 0.1162 0.4055 0.1315 0.1545 0.5045 0.1116 0.2692 0.2527 0.1258 0.4996 0.1183 0.1863 0.4455 0.1129 0.3494 0.1484 0.1416 0.5193 0.1130 0.2325 0.3399 0.1191 0.4454 0.1251 0.1643 0.4898 0.1115 0.2890 0.2167 0.1286 0.5089 0.1174 0.1892 0.4436 0.1127 0.3418 0.1551 0.1379 0.5210 0.1142 0.2128 0.3934 0.1152 0.3892 0.1368 0.1475 0.5155 0.1125 0.2376 0.3359 0.1188 0.4369 0.1244 0.1917 0.1310 0.3892 0.1152 0.3934 0.2128 0.1142 0.5210 0.1379 0.1551 0.3418 0.1127 0.4436 0.1892 0.1174 0.5089 0.1286 0.2167 0.2890 0.1115 0.4898 0.1643 0.1251 0.4454 0.1191 0.3399 0.2325 0.1130 0.5193 0.1416 0.1484 0.3494 0.1129 0.4455 0.1863 0.1183 0.4996 0.1258 0.2527 0.2692 0.1116 0.5045 0.1545 0.1315 0.4055 0.1162 0.3628
0.1128 0.3985 0.1330 0.1528 0.5070 0.1117 0.2645 0.2631 0.1249 0.4950 0.1188 0.1838 0.4508 0.1126 0.3433 0.1514 0.1403 0.5201 0.1132 0.2292 0.3474 0.1186 0.4406 0.1258 0.1632 0.4913 0.1115 0.2879 0.2178 0.1286 0.5092 0.1173 0.1901 0.4412 0.1129 0.3454 0.1528 0.1388 0.5209 0.1140 0.2157 0.3865 0.1156 0.3958 0.1352 0.1490 0.5139 0.1123 0.2415 0.3268 0.1194 0.4437 0.1261 0.1625 0.4365 0.1521 0.1350 0.3958 0.1156 0.3865 0.2157 0.1140 0.5209 0.1388 0.1528 0.3454 0.1129 0.4412 0.1901 0.1173 0.5092 0.1286 0.2178 0.2879 0.1115 0.4913 0.1632 0.1258 0.4406 0.1186 0.3474 0.2292 0.1132 0.5201 0.1403 0.1514 0.3433 0.1126 0.4508 0.1838 0.1188 0.4950 0.1249 0.2631 0.2645 0.1117 0.5070 0.1528 0.1330 0.3985 0.1128
0.3763 0.1347 0.1511 0.5093 0.1118 0.2599 0.2736 0.1241 0.4898 0.1194 0.1813 0.4558 0.1124 0.3374 0.1547 0.1391 0.5206 0.1134 0.2257 0.3556 0.1181 0.4349 0.1265 0.1619 0.4934 0.1115 0.2857 0.2210 0.1283 0.5089 0.1173 0.1904 0.4399 0.1130 0.3481 0.1511 0.1395 0.5208 0.1138 0.2182 0.3802 0.1160 0.4020 0.1337 0.1505 0.5121 0.1122 0.2454 0.3176 0.1200 0.4503 0.1252 0.1628 0.4926 0.1116 0.5090 0.1505 0.1337 0.4020 0.1160 0.3802 0.2182 0.1138 0.5208 0.1395 0.1511 0.3481 0.1130 0.4399 0.1904 0.1173 0.5089 0.1283 0.2210 0.2857 0.1115 0.4934 0.1619 0.1265 0.4349 0.1181 0.3556 0.2257 0.1134 0.5206 0.1391 0.1547 0.3374 0.1124 0.4558 0.1813 0.1194 0.4898 0.1241 0.2736 0.2599 0.1118 0.5093 0.1511 0.1347 0.3763
0.1392 0.1495 0.5114 0.1119 0.2555 0.2840 0.1232 0.4843 0.1201 0.1789 0.4608 0.1122 0.3316 0.1585 0.1379 0.5209 0.1137 0.2222 0.3639 0.1175 0.4285 0.1275 0.1603 0.4958 0.1115 0.2825 0.2264 0.1279 0.5078 0.1174 0.1901 0.4399 0.1130 0.3495 0.1501 0.1400 0.5206 0.1136 0.2205 0.3747 0.1164 0.4076 0.1324 0.1519 0.5103 0.1120 0.2495 0.3081 0.1207 0.4568 0.1243 0.1647 0.4914 0.1099 0.3594 0.1091 0.5103 0.1519 0.1324 0.4076 0.1164 0.3747 0.2205 0.1136 0.5206 0.1400 0.1501 0.3495 0.1130 0.4399 0.1901 0.1174 0.5078 0.1279 0.2264 0.2825 0.1115 0.4958 0.1603 0.1275 0.4285 0.1175 0.3639 0.2222 0.1137 0.5209 0.1379 0.1585 0.3316 0.1122 0.4608 0.1789 0.1201 0.4843 0.1232 0.2840 0.2555 0.1119 0.5114 0.1495 0.1392
0.1429 0.5133 0.1121 0.2512 0.2941 0.1225 0.4784 0.1207 0.1765 0.4656 0.1121 0.3259 0.1629 0.1368 0.5210 0.1140 0.2188 0.3720 0.1170 0.4217 0.1286 0.1586 0.4984 0.1115 0.2788 0.2333 0.1273 0.5058 0.1176 0.1892 0.4412 0.1130 0.3495 0.1497 0.1403 0.5204 0.1135 0.2223 0.3699 0.1167 0.4124 0.1314 0.1532 0.5085 0.1119 0.2534 0.2986 0.1214 0.4632 0.1234 0.1667 0.4880 0.1114 0.2888 0.1374 0.2604 0.1117 0.5085 0.1532 0.1314 0.4124 0.1167 0.3699 0.2223 0.1135 0.5204 0.1403 0.1497 0.3495 0.1130 0.4412 0.1892 0.1176 0.5058 0.1273 0.2333 0.2788 0.1115 0.4984 0.1586 0.1286 0.4217 0.1170 0.3720 0.2188 0.1140 0.5210 0.1368 0.1629 0.3259 0.1121 0.4656 0.1765 0.1207 0.4784 0.1225 0.2941 0.2512 0.1121 0.5133 0.1429
0.4974 0.1126 0.2469 0.3042 0.1217 0.4723 0.1215 0.1741 0.4702 0.1119 0.3202 0.1679 0.1357 0.5208 0.1143 0.2155 0.3798 0.1165 0.4149 0.1298 0.1568 0.5011 0.1116 0.2747 0.2415 0.1266 0.5032 0.1179 0.1878 0.4436 0.1129 0.3481 0.1501 0.1403 0.5204 0.1134 0.2234 0.3663 0.1170 0.4164 0.1305 0.1544 0.5068 0.1118 0.2571 0.2896 0.1221 0.4694 0.1226 0.1688 0.4844 0.1115 0.2905 0.2122 0.1456 0.2734 0.2570 0.1118 0.5068 0.1544 0.1305 0.4164 0.1170 0.3663 0.2234 0.1134 0.5204 0.1403 0.1501 0.3481 0.1129 0.4436 0.1878 0.1179 0.5032 0.1266 0.2415 0.2747 0.1116 0.5011 0.1568 0.1298 0.4149 0.1165 0.3798 0.2155 0.1143 0.5208 0.1357 0.1679 0.3202 0.1119 0.4702 0.1741 0.1215 0.4723 0.1217 0.3042 0.2469 0.1126 0.4974
0.1131 0.2428 0.3142 0.1210 0.4658 0.1222 0.1719 0.4746 0.1118 0.3144 0.1738 0.1346 0.5204 0.1146 0.2123 0.3874 0.1160 0.4081 0.1310 0.1551 0.5037 0.1116 0.2702 0.2508 0.1259 0.4999 0.1183 0.1860 0.4469 0.1127 0.3454 0.1511 0.1400 0.5204 0.1134 0.2238 0.3645 0.1172 0.4194 0.1298 0.1554 0.5052 0.1117 0.2602 0.2817 0.1227 0.4749 0.1219 0.1708 0.4806 0.1116 0.2956 0.2095 0.1297 0.5178 0.1240 0.2819 0.2602 0.1117 0.5052 0.1554 0.1298 0.4194 0.1172 0.3645 0.2238 0.1134 0.5204 0.1400 0.1511 0.3454 0.1127 0.4469 0.1860 0.1183 0.4999 0.1259 0.2508 0.2702 0.1116 0.5037 0.1551 0.1310 0.4081 0.1160 0.3874 0.2123 0.1146 0.5204 0.1346 0.1738 0.3144 0.1118 0.4746 0.1719 0.1222 0.4658 0.1210 0.3142 0.2428 0.1131
0.2301 0.3239 0.1203 0.4592 0.1231 0.1697 0.4788 0.1117 0.3088 0.1806 0.1335 0.5196 0.1149 0.2091 0.3948 0.1156 0.4014 0.1324 0.1534 0.5062 0.1117 0.2657 0.2607 0.1251 0.4958 0.1187 0.1840 0.4508 0.1126 0.3418 0.1528 0.1395 0.5206 0.1135 0.2234 0.3645 0.1172 0.4210 0.1294 0.1562 0.5039 0.1117 0.2630 0.2749 0.1233 0.4796 0.1212 0.1728 0.4768 0.1117 0.3007 0.2006 0.1298 0.5132 0.1068 0.4884 0.1232 0.2749 0.2630 0.1117 0.5039 0.1562 0.1294 0.4210 0.1172 0.3645 0.2234 0.1135 0.5206 0.1395 0.1528 0.3418 0.1126 0.4508 0.1840 0.1187 0.4958 0.1251 0.2607 0.2657 0.1117 0.5062 0.1534 0.1324 0.4014 0.1156 0.3948 0.2091 0.1149 0.5196 0.1335 0.1806 0.3088 0.1117 0.4788 0.1697 0.1231 0.4592 0.1203 0.3239 0.2301
0.3032 0.1199 0.4525 0.1239 0.1675 0.4828 0.1116 0.3033 0.1881 0.1324 0.5185 0.1152 0.2060 0.4019 0.1151 0.3947 0.1339 0.1518 0.5085 0.1118 0.2613 0.2707 0.1243 0.4910 0.1193 0.1818 0.4552 0.1124 0.3375 0.1551 0.1388 0.5208 0.1136 0.2223 0.3663 0.1172 0.4210 0.1293 0.1566 0.5031 0.1117 0.2653 0.2691 0.1238 0.4835 0.1207 0.1746 0.4733 0.1117 0.3057 0.1924 0.1308 0.5140 0.1142 0.2390 0.1162 0.4833 0.1238 0.2691 0.2653 0.1117 0.5031 0.1566 0.1293 0.4210 0.1172 0.3663 0.2223 0.1136 0.5208 0.1388 0.1551 0.3375 0.1124 0.4552 0.1818 0.1193 0.4910 0.1243 0.2707 0.2613 0.1118 0.5085 0.1518 0.1339 0.3947 0.1151 0.4019 0.2060 0.1152 0.5185 0.1324 0.1881 0.3033 0.1116 0.4828 0.1675 0.1239 0.4525 0.1199 0.3032
0.1157 0.4457 0.1249 0.1654 0.4866 0.1116 0.2979 0.1965 0.1313 0.5170 0.1156 0.2029 0.4088 0.1147 0.3881 0.1354 0.1502 0.5106 0.1119 0.2570 0.2807 0.1235 0.4857 0.1199 0.1794 0.4599 0.1123 0.3325 0.1581 0.1379 0.5209 0.1138 0.2205 0.3699 0.1170 0.4194 0.1294 0.1566 0.5028 0.1116 0.2668 0.2648 0.1242 0.4865 0.1203 0.1761 0.4702 0.1118 0.3103 0.1853 0.1318 0.5161 0.1161 0.1976 0.3248 0.1806 0.1201 0.4865 0.1242 0.2648 0.2668 0.1116 0.5028 0.1566 0.1294 0.4194 0.1170 0.3699 0.2205 0.1138 0.5209 0.1379 0.1581 0.3325 0.1123 0.4599 0.1794 0.1199 0.4857 0.1235 0.2807 0.2570 0.1119 0.5106 0.1502 0.1354 0.3881 0.1147 0.4088 0.2029 0.1156 0.5170 0.1313 0.1965 0.2979 0.1116 0.4866 0.1654 0.1249 0.4457 0.1157
0.4221 0.1261 0.1634 0.4902 0.1115 0.2926 0.2055 0.1303 0.5151 0.1160 0.1999 0.4157 0.1144 0.3814 0.1371 0.1487 0.5125 0.1120 0.2528 0.2906 0.1227 0.4802 0.1205 0.1771 0.4646 0.1121 0.3270 0.1620 0.1369 0.5210 0.1140 0.2182 0.3747 0.1167 0.4164 0.1298 0.1562 0.5031 0.1116 0.2673 0.2625 0.1244 0.4887 0.1200 0.1773 0.4675 0.1119 0.3143 0.1797 0.1326 0.5176 0.1158 0.1982 0.4220 0.1201 0.4599 0.1774 0.1200 0.4887 0.1244 0.2625 0.2673 0.1116 0.5031 0.1562 0.1298 0.4164 0.1167 0.3747 0.2182 0.1140 0.5210 0.1369 0.1620 0.3270 0.1121 0.4646 0.1771 0.1205 0.4802 0.1227 0.2906 0.2528 0.1120 0.5125 0.1487 0.1371 0.3814 0.1144 0.4157 0.1999 0.1160 0.5151 0.1303 0.2055 0.2926 0.1115 0.4902 0.1634 0.1261 0.4221
0.1306 0.1614 0.4936 0.1115 0.2875 0.2148 0.1293 0.5128 0.1164 0.1969 0.4223 0.1140 0.3747 0.1390 0.1472 0.5142 0.1122 0.2487 0.3004 0.1220 0.4743 0.1212 0.1748 0.4691 0.1119 0.3214 0.1668 0.1359 0.5209 0.1142 0.2157 0.3802 0.1164 0.4124 0.1305 0.1554 0.5039 0.1117 0.2668 0.2625 0.1245 0.4899 0.1198 0.1783 0.4653 0.1117 0.3176 0.1747 0.1334 0.5186 0.1154 0.2007 0.4200 0.1130 0.4564 0.1102 0.4654 0.1783 0.1198 0.4899 0.1245 0.2625 0.2668 0.1117 0.5039 0.1554 0.1305 0.4124 0.1164 0.3802 0.2157 0.1142 0.5209 0.1359 0.1668 0.3214 0.1119 0.4691 0.1748 0.1212 0.4743 0.1220 0.3004 0.2487 0.1122 0.5142 0.1472 0.1390 0.3747 0.1140 0.4223 0.1969 0.1164 0.5128 0.1293 0.2148 0.2875 0.1115 0.4936 0.1614 0.1306
0.1541 0.4968 0.1115 0.2824 0.2247 0.1283 0.5099 0.1169 0.1940 0.4287 0.1137 0.3681 0.1410 0.1458 0.5157 0.1123 0.2446 0.3100 0.1213 0.4683 0.1220 0.1726 0.4733 0.1118 0.3158 0.1724 0.1348 0.5205 0.1145 0.2128 0.3865 0.1160 0.4076 0.1314 0.1544 0.5052 0.1117 0.2653 0.2648 0.1244 0.4899 0.1197 0.1788 0.4633 0.1103 0.3330 0.1531 0.1417 0.5210 0.1130 0.2063 0.4101 0.1141 0.3818 0.1099 0.3452 0.1111 0.4622 0.1791 0.1197 0.4899 0.1244 0.2648 0.2653 0.1117 0.5052 0.1544 0.1314 0.4076 0.1160 0.3865 0.2128 0.1145 0.5205 0.1348 0.1724 0.3158 0.1118 0.4733 0.1726 0.1220 0.4683 0.1213 0.3100 0.2446 0.1123 0.5157 0.1458 0.1410 0.3681 0.1137 0.4287 0.1940 0.1169 0.5099 0.1283 0.2247 0.2824 0.1115 0.4968 0.1541
0.4804 0.1119 0.2774 0.2349 0.1273 0.5066 0.1173 0.1912 0.4348 0.1134 0.3616 0.1433 0.1443 0.5171 0.1125 0.2407 0.3194 0.1206 0.4620 0.1227 0.1704 0.4775 0.1117 0.3104 0.1788 0.1337 0.5198 0.1148 0.2097 0.3934 0.1156 0.4020 0.1324 0.1532 0.5068 0.1117 0.2630 0.2691 0.1242 0.4887 0.1198 0.1788 0.4624 0.1151 0.4370 0.1242 0.1823 0.4415 0.1106 0.2497 0.3468 0.1205 0.4035 0.1135 0.2804 0.1122 0.3889 0.1145 0.4454 0.1794 0.1198 0.4887 0.1242 0.2691 0.2630 0.1117 0.5068 0.1532 0.1324 0.4020 0.1156 0.3934 0.2097 0.1148 0.5198 0.1337 0.1788 0.3104 0.1117 0.4775 0.1704 0.1227 0.4620 0.1206 0.3194 0.2407 0.1125 0.5171 0.1443 0.1433 0.3616 0.1134 0.4348 0.1912 0.1173 0.5066 0.1273 0.2349 0.2774 0.1119 0.4804
0.1114 0.2726 0.2451 0.1264 0.5027 0.1179 0.1885 0.4408 0.1131 0.3551 0.1458 0.1429 0.5183 0.1127 0.2369 0.3287 0.1199 0.4555 0.1236 0.1683 0.4814 0.1116 0.3051 0.1859 0.1327 0.5188 0.1151 0.2066 0.4005 0.1152 0.3958 0.1337 0.1519 0.5085 0.1118 0.2602 0.2749 0.1238 0.4865 0.1200 0.1783 0.4634 0.1150 0.1669 0.2417 0.2206 0.2763 0.4913 0.3027 0.3011 0.1000 0.2248 0.3812 0.4327 0.0805 0.3943 0.3898 0.3143 0.3593 0.4451 0.1786 0.1200 0.4865 0.1238 0.2749 0.2602 0.1118 0.5085 0.1519 0.1337 0.3958 0.1152 0.4005 0.2066 0.1152 0.5188 0.1327 0.1859 0.3051 0.1116 0.4814 0.1683 0.1236 0.4555 0.1199 0.3287 0.2369 0.1127 0.5183 0.1429 0.1458 0.3551 0.1131 0.4408 0.1885 0.1179 0.5027 0.1264 0.2451 0.2726 0.1114
0.2579 0.2556 0.1255 0.4984 0.1184 0.1858 0.4465 0.1128 0.3487 0.1486 0.1415 0.5193 0.1129 0.2330 0.3378 0.1193 0.4490 0.1244 0.1663 0.4851 0.1116 0.2998 0.1937 0.1316 0.5175 0.1155 0.2036 0.4074 0.1148 0.3892 0.1352 0.1505 0.5103 0.1119 0.2571 0.2817 0.1233 0.4835 0.1203 0.1773 0.4654 0.1102 0.4400 0.1110 0.1791 0.1278 0.3945 0.2989 0.1646 0.5182 0.1563 0.3112 0.1119 0.3958 0.3854 0.0773 0.1175 0.1172 0.2201 0.1158 0.4622 0.1774 0.1201 0.4833 0.1232 0.2819 0.2570 0.1117 0.5103 0.1505 0.1350 0.3892 0.1147 0.4076 0.2036 0.1153 0.5175 0.1316 0.1936 0.2998 0.1114 0.4851 0.1663 0.1242 0.4489 0.1192 0.3379 0.2330 0.1127 0.5193 0.1415 0.1485 0.3486 0.1127 0.4466 0.1858 0.1182 0.4983 0.1255 0.2555 0.2580
0.2376 0.1249 0.4936 0.1190 0.1832 0.4519 0.1126 0.3425 0.1517 0.1402 0.5201 0.1132 0.2292 0.3469 0.1187 0.4423 0.1254 0.1643 0.4886 0.1115 0.2947 0.2021 0.1306 0.5158 0.1159 0.2006 0.4141 0.1144 0.3826 0.1368 0.1490 0.5121 0.1120 0.2534 0.2896 0.1227 0.4796 0.1207 0.1761 0.4675 0.1116 0.3386 0.1134 0.5263 0.1454 0.3984 0.3636 0.2997 0.4478 0.4095 0.3878 0.5169 0.1540 0.1745 0.4345 0.1578 0.2619 0.2014 0.1873 0.4988 0.1094 0.4599 0.1806 0.1162 0.4884 0.1240 0.2734 0.2604 0.1091 0.5090 0.1521 0.1310 0.3932 0.1141 0.4034 0.2060 0.1120 0.5183 0.1327 0.1872 0.3030 0.1095 0.4829 0.1682 0.1205 0.4527 0.1194 0.3327 0.2355 0.1098 0.5189 0.1428 0.1442 0.3520 0.1115 0.4435 0.1880 0.1147 0.5013 0.1266 0.2171
0.1199 0.4883 0.1196 0.1807 0.4571 0.1124 0.3363 0.1553 0.1390 0.5206 0.1134 0.2255 0.3557 0.1181 0.4354 0.1264 0.1624 0.4920 0.1115 0.2897 0.2110 0.1297 0.5137 0.1163 0.1978 0.4206 0.1141 0.3761 0.1386 0.1475 0.5139 0.1122 0.2495 0.2986 0.1221 0.4749 0.1212 0.1746 0.4702 0.1119 0.3176 0.1593 0.1551 0.3641 0.5014 0.4271 0.1619 0.3318 0.0872 0.1011 0.0811 0.4495 0.2140 0.1495 0.2925 0.3912 0.3652 0.1401 0.4633 0.1033 0.4762 0.1200 0.3248 0.2390 0.1068 0.5178 0.1456 0.1374 0.3594 0.1116 0.4365 0.1917 0.1100 0.5060 0.1280 0.2340 0.2771 0.1074 0.5000 0.1595 0.1218 0.4179 0.1161 0.3764 0.2175 0.1074 0.5210 0.1375 0.1609 0.3218 0.1093 0.4690 0.1763 0.1136 0.4742 0.1222 0.2999 0.2490 0.1068 0.5138 0.1453
0.4655 0.1205 0.1782 0.4621 0.1122 0.3303 0.1593 0.1377 0.5209 0.1137 0.2219 0.3644 0.1175 0.4284 0.1274 0.1605 0.4952 0.1115 0.2847 0.2203 0.1287 0.5111 0.1167 0.1950 0.4268 0.1138 0.3697 0.1406 0.1460 0.5155 0.1123 0.2454 0.3081 0.1214 0.4694 0.1219 0.1728 0.4733 0.1118 0.3143 0.1751 0.1381 0.4707 0.1724 0.3078 0.2122 0.3360 0.1300 0.3571 0.1370 0.2054 0.1182 0.2205 0.4129 0.0885 0.4112 0.1558 0.4851 0.3604 0.4599 0.1136 0.4219 0.1976 0.1142 0.5132 0.1297 0.2122 0.2888 0.1099 0.4926 0.1625 0.1244 0.4344 0.1176 0.3565 0.2257 0.1114 0.5207 0.1393 0.1534 0.3367 0.1111 0.4566 0.1814 0.1173 0.4889 0.1239 0.2748 0.2596 0.1100 0.5096 0.1513 0.1327 0.3905 0.1141 0.4065 0.2044 0.1132 0.5177 0.1321 0.1754
0.1243 0.1758 0.4669 0.1120 0.3244 0.1640 0.1365 0.5210 0.1140 0.2184 0.3728 0.1169 0.4214 0.1286 0.1586 0.4982 0.1115 0.2799 0.2300 0.1278 0.5081 0.1171 0.1922 0.4328 0.1135 0.3633 0.1427 0.1446 0.5169 0.1125 0.2415 0.3176 0.1207 0.4632 0.1226 0.1708 0.4768 0.1117 0.3103 0.1797 0.1335 0.5206 0.1184 0.2295 0.1411 0.5085 0.1597 0.3027 0.2009 0.1262 0.4307 0.3889 0.1099 0.3738 0.0668 0.5287 0.0901 0.2274 0.1699 0.1228 0.4064 0.1984 0.1161 0.5140 0.1298 0.2095 0.2905 0.1114 0.4914 0.1628 0.1261 0.4369 0.1182 0.3534 0.2266 0.1133 0.5205 0.1394 0.1538 0.3389 0.1124 0.4546 0.1820 0.1192 0.4911 0.1242 0.2709 0.2611 0.1117 0.5087 0.1516 0.1341 0.3933 0.1150 0.4037 0.2052 0.1152 0.5181 0.1321 0.1905 0.2902
0.1676 0.4715 0.1119 0.3186 0.1694 0.1354 0.5207 0.1143 0.2149 0.3809 0.1164 0.4143 0.1298 0.1568 0.5011 0.1116 0.2752 0.2398 0.1269 0.5046 0.1176 0.1896 0.4385 0.1132 0.3571 0.1451 0.1433 0.5181 0.1127 0.2376 0.3268 0.1200 0.4568 0.1234 0.1688 0.4806 0.1117 0.3057 0.1853 0.1326 0.5186 0.1133 0.2390 0.4859 0.1003 0.2261 0.0857 0.3138 0.1720 0.3339 0.0901 0.0771 0.3479 0.1826 0.2795 0.1191 0.5407 0.1596 0.1282 0.3217 0.2101 0.1154 0.5161 0.1308 0.2006 0.2956 0.1115 0.4880 0.1647 0.1252 0.4437 0.1188 0.3448 0.2302 0.1131 0.5199 0.1407 0.1506 0.3449 0.1127 0.4494 0.1845 0.1187 0.4962 0.1251 0.2604 0.2657 0.1117 0.5064 0.1532 0.1326 0.4003 0.1155 0.3963 0.2083 0.1150 0.5194 0.1332 0.1826 0.3073 0.1107
0.4541 0.1121 0.3129 0.1756 0.1343 0.5202 0.1146 0.2116 0.3888 0.1159 0.4073 0.1312 0.1550 0.5038 0.1116 0.2704 0.2499 0.1260 0.5006 0.1181 0.1870 0.4441 0.1129 0.3509 0.1477 0.1419 0.5191 0.1129 0.2339 0.3359 0.1194 0.4503 0.1243 0.1667 0.4844 0.1116 0.3007 0.1924 0.1318 0.5176 0.1153 0.2075 0.3488 0.0728 0.1665 0.0737 0.2760 0.2612 0.2248 0.3773 0.4205 0.1292 0.2816 0.2985 0.1481 0.5406 0.1060 0.2893 0.4950 0.2314 0.1133 0.5176 0.1318 0.1924 0.3007 0.1116 0.4844 0.1667 0.1243 0.4503 0.1194 0.3359 0.2339 0.1129 0.5191 0.1419 0.1477 0.3509 0.1129 0.4441 0.1870 0.1181 0.5006 0.1260 0.2499 0.2704 0.1116 0.5038 0.1550 0.1312 0.4073 0.1159 0.3888 0.2116 0.1146 0.5202 0.1343 0.1756 0.3129 0.1121 0.4541
0.1107 0.3073 0.1826 0.1332 0.5194 0.1150 0.2083 0.3963 0.1155 0.4003 0.1326 0.1532 0.5064 0.1117 0.2657 0.2604 0.1251 0.4962 0.1187 0.1845 0.4494 0.1127 0.3449 0.1506 0.1407 0.5199 0.1131 0.2302 0.3448 0.1188 0.4437 0.1252 0.1647 0.4880 0.1115 0.2956 0.2006 0.1308 0.5161 0.1158 0.2008 0.4081 0.1163 0.5011 0.2720 0.0923 0.1933 0.0928 0.2267 0.4946 0.3475 0.4113 0.2014 0.2656 0.2850 0.1179 0.3619 0.1694 0.0987 0.1161 0.5210 0.1327 0.1853 0.3057 0.1117 0.4806 0.1688 0.1234 0.4568 0.1200 0.3268 0.2376 0.1127 0.5181 0.1433 0.1451 0.3571 0.1132 0.4385 0.1896 0.1176 0.5046 0.1269 0.2398 0.2752 0.1116 0.5011 0.1568 0.1298 0.4143 0.1164 0.3809 0.2149 0.1143 0.5207 0.1354 0.1694 0.3186 0.1119 0.4715 0.1676
0.2902 0.1905 0.1321 0.5181 0.1152 0.2052 0.4037 0.1150 0.3933 0.1341 0.1516 0.5087 0.1117 0.2611 0.2709 0.1242 0.4911 0.1192 0.1820 0.4546 0.1124 0.3389 0.1538 0.1394 0.5205 0.1133 0.2266 0.3534 0.1182 0.4369 0.1261 0.1628 0.4914 0.1114 0.2905 0.2095 0.1298 0.5140 0.1161 0.1982 0.4200 0.1136 0.5091 0.1566 0.1064 0.0881 0.5491 0.1130 0.0659 0.0991 0.4388 0.3085 0.1910 0.2524 0.3373 0.4170 0.0777 0.4099 0.0967 0.4705 0.1390 0.1793 0.3103 0.1117 0.4768 0.1708 0.1226 0.4632 0.1207 0.3176 0.2415 0.1125 0.5169 0.1446 0.1427 0.3633 0.1135 0.4328 0.1922 0.1171 0.5081 0.1278 0.2300 0.2799 0.1115 0.4982 0.1586 0.1286 0.4214 0.1169 0.3728 0.2184 0.1140 0.5210 0.1365 0.1640 0.3244 0.1120 0.4669 0.1758 0.1243
0.1754 0.1321 0.5177 0.1132 0.2044 0.4065 0.1141 0.3905 0.1327 0.1513 0.5096 0.1100 0.2596 0.2748 0.1239 0.4889 0.1173 0.1814 0.4566 0.1111 0.3367 0.1534 0.1393 0.5207 0.1114 0.2257 0.3565 0.1176 0.4344 0.1244 0.1625 0.4926 0.1099 0.2888 0.2122 0.1297 0.5132 0.1142 0.1976 0.4220 0.1130 0.3829 0.1121 0.4997 0.5003 0.2042 0.1651 0.1410 0.1135 0.5256 0.1365 0.4398 0.1224 0.0595 0.2019 0.1769 0.4213 0.4352 0.1825 0.2103 0.1496 0.3143 0.1118 0.4733 0.1728 0.1219 0.4694 0.1214 0.3081 0.2454 0.1123 0.5155 0.1460 0.1406 0.3697 0.1138 0.4268 0.1950 0.1167 0.5111 0.1287 0.2203 0.2847 0.1115 0.4952 0.1605 0.1274 0.4284 0.1175 0.3644 0.2219 0.1137 0.5209 0.1377 0.1593 0.3303 0.1122 0.4621 0.1782 0.1205 0.4655
0.1453 0.5138 0.1068 0.2490 0.2999 0.1222 0.4742 0.1136 0.1763 0.4690 0.1093 0.3218 0.1609 0.1375 0.5210 0.1074 0.2175 0.3764 0.1161 0.4179 0.1218 0.1595 0.5000 0.1074 0.2771 0.2340 0.1280 0.5060 0.1100 0.1917 0.4365 0.1116 0.3594 0.1374 0.1456 0.5178 0.1068 0.2390 0.3248 0.1201 0.4564 0.1125 0.2088 0.1688 0.2101 0.1629 0.5461 0.2037 0.4096 0.1992 0.5030 0.1207 0.4710 0.5533 0.2719 0.0918 0.1616 0.3725 0.1083 0.1282 0.3288 0.1117 0.4702 0.1746 0.1212 0.4749 0.1221 0.2986 0.2495 0.1122 0.5139 0.1475 0.1386 0.3761 0.1141 0.4206 0.1978 0.1163 0.5137 0.1297 0.2110 0.2897 0.1115 0.4920 0.1624 0.1264 0.4354 0.1181 0.3557 0.2255 0.1134 0.5206 0.1390 0.1553 0.3363 0.1124 0.4571 0.1807 0.1196 0.4883 0.1199
0.2171 0.1266 0.5013 0.1147 0.1880 0.4435 0.1115 0.3520 0.1442 0.1428 0.5189 0.1098 0.2355 0.3327 0.1194 0.4527 0.1205 0.1682 0.4829 0.1095 0.3030 0.1872 0.1327 0.5183 0.1120 0.2060 0.4034 0.1141 0.3932 0.1310 0.1521 0.5090 0.1091 0.2604 0.2734 0.1240 0.4884 0.1162 0.1806 0.4599 0.1102 0.3489 0.1208 0.2942 0.1276 0.3832 0.0938 0.3444 0.3983 0.1734 0.1139 0.3562 0.1448 0.1725 0.3992 0.4628 0.4584 0.1882 0.1275 0.3893 0.1107 0.4675 0.1761 0.1207 0.4796 0.1227 0.2896 0.2534 0.1120 0.5121 0.1490 0.1368 0.3826 0.1144 0.4141 0.2006 0.1159 0.5158 0.1306 0.2021 0.2947 0.1115 0.4886 0.1643 0.1254 0.4423 0.1187 0.3469 0.2292 0.1132 0.5201 0.1402 0.1517 0.3425 0.1126 0.4519 0.1832 0.1190 0.4936 0.1249 0.2376
