27.7913 -31.5768 -47.5122 -14.0742 -38.8475 8.0653 -25.8300 -46.6809 32.0093 -33.2405 -43.1829 -17.9641 -40.3209 13.2431 -27.1819 -47.9384 29.7443 -34.6806 -32.9758 -20.6304 -41.8530 17.9939 -28.5838 -48.7274 14.1300 -35.9592 -15.2305 -22.6886 -43.4157 22.8649 -30.0302 -48.7880 -5.1081 -37.2220 -0.4745 -24.3086 -44.9787 27.8102 -31.5169 -47.8505 -13.2916 -38.6303 7.1783 -25.6294 -46.4678 31.6952 -33.0157 -44.1301 -17.4796 -40.0937 12.5078 -26.9733 -47.7546 30.2384 -37.7885 32.4975 -46.4475 -25.6294 7.1783 -38.6303 -13.2916 -47.8505 -31.5169 27.8102 -44.9787 -24.3086 -0.4745 -37.2220 -5.1081 -48.7880 -30.0302 22.8649 -43.4157 -22.6886 -15.2305 -35.9592 14.1300 -48.7274 -28.5838 17.9939 -41.8530 -20.6304 -32.9758 -34.6806 29.7443 -47.9384 -27.1819 13.2431 -40.3209 -17.9641 -43.1829 -33.2405 32.0093 -46.6809 -25.8300 8.0653 -38.8475 -14.0742 -47.5122 -31.5768 27.7913
-31.5768 -46.9370 -13.3317 -38.4491 8.9935 -27.1997 -46.9584 33.7946 -33.8197 -41.1269 -18.5933 -40.1187 13.8637 -28.4222 -48.2325 34.2992 -34.9861 -28.8991 -21.8553 -41.8011 18.4573 -29.6913 -48.9461 23.0607 -35.8740 -10.6338 -24.2214 -43.4996 23.2944 -30.9995 -48.6912 -0.4739 -36.6588 1.6393 -25.8641 -45.1713 28.4714 -32.3273 -47.1721 -12.5137 -38.2348 8.2411 -27.0285 -46.7397 33.2412 -33.6312 -42.3147 -17.9849 -39.8673 13.1657 -28.2347 -48.0671 34.7509 -35.4611 1.3274 -34.8242 33.2449 -46.7397 -27.0285 8.2411 -38.2348 -12.5137 -47.1721 -32.3273 28.4714 -45.1713 -25.8641 1.6393 -36.6588 -0.4739 -48.6912 -30.9995 23.2944 -43.4996 -24.2214 -10.6338 -35.8740 23.0607 -48.9461 -29.6913 18.4573 -41.8011 -21.8553 -28.8991 -34.9861 34.2992 -48.2325 -28.4222 13.8637 -40.1187 -18.5933 -41.1269 -33.8197 33.7946 -46.9584 -27.1997 8.9935 -38.4491 -13.3317 -46.9370 -31.5768
-47.5122 -13.3317 -38.5390 9.4795 -27.3342 -47.1464 34.2374 -34.1481 -39.8271 -19.1491 -40.3641 14.5392 -28.6270 -48.3847 33.6365 -35.3538 -26.3891 -22.2563 -42.0541 19.1564 -29.9252 -48.9753 19.8931 -36.2574 -8.2089 -24.5068 -43.7520 24.0498 -31.2660 -48.6020 -3.0765 -36.8902 2.8393 -26.0278 -45.4143 29.2392 -32.6265 -46.7175 -13.5526 -38.4725 9.0330 -27.2022 -46.9575 33.7941 -33.9621 -41.1436 -18.5845 -40.1152 13.8531 -28.4362 -48.2304 34.3283 -35.2187 -27.2804 -27.8662 -38.9089 -34.0444 33.7940 -46.9575 -27.2022 9.0330 -38.4725 -13.5526 -46.7175 -32.6265 29.2392 -45.4143 -26.0278 2.8393 -36.8902 -3.0765 -48.6020 -31.2660 24.0498 -43.7520 -24.5068 -8.2089 -36.2574 19.8931 -48.9753 -29.9252 19.1564 -42.0541 -22.2563 -26.3891 -35.3538 33.6365 -48.3847 -28.6270 14.5392 -40.3641 -19.1491 -39.8271 -34.1481 34.2374 -47.1464 -27.3342 9.4795 -38.5390 -13.3317 -47.5122
-14.0742 -38.4491 9.4795 -27.3888 -47.2622 34.5150 -34.3008 -38.5165 -19.6513 -40.6013 15.2022 -28.8121 -48.5216 32.6756 -35.5131 -23.6997 -22.6352 -42.3074 19.8615 -30.1232 -48.9790 16.3789 -36.3527 -6.0286 -24.7808 -44.0010 24.8117 -31.4683 -48.4725 -5.3498 -37.1203 3.9405 -26.1983 -45.6546 30.0022 -32.8294 -46.1804 -14.4867 -38.7140 9.7894 -27.3825 -47.1695 34.2610 -34.1528 -39.8398 -19.1487 -40.3616 14.5367 -28.6238 -48.3818 33.6481 -35.3511 -26.4425 -22.7195 -44.8122 -20.2206 -39.8711 -34.1513 34.2610 -47.1695 -27.3825 9.7894 -38.7140 -14.4867 -46.1804 -32.8294 30.0022 -45.6546 -26.1983 3.9405 -37.1203 -5.3498 -48.4725 -31.4683 24.8117 -44.0010 -24.7808 -6.0286 -36.3527 16.3789 -48.9790 -30.1232 19.8615 -42.3074 -22.6352 -23.6997 -35.5131 32.6756 -48.5216 -28.8121 15.2022 -40.6013 -19.6513 -38.5165 -34.3008 34.5150 -47.2622 -27.3888 9.4795 -38.4491 -14.0742
-38.8475 8.9935 -27.3342 -47.2622 34.6068 -34.3902 -37.4579 -20.0488 -40.8176 15.8202 -28.9896 -48.6395 31.4167 -35.6614 -20.9400 -22.9959 -42.5583 20.5758 -30.3205 -48.9523 12.5999 -36.4345 -4.0520 -25.0381 -44.2518 25.5729 -31.6719 -48.2980 -7.2906 -37.3537 4.9505 -26.3704 -45.8899 30.7512 -33.0291 -45.5564 -15.3448 -38.9564 10.5328 -27.5628 -47.3753 34.6287 -34.3439 -38.3645 -19.6767 -40.6112 15.2123 -28.8132 -48.5188 32.6779 -35.5100 -23.7411 -22.6349 -42.4098 30.4669 -40.9376 -19.6781 -38.3642 -34.3439 34.6287 -47.3753 -27.5628 10.5328 -38.9564 -15.3448 -45.5564 -33.0291 30.7512 -45.8899 -26.3704 4.9505 -37.3537 -7.2906 -48.2980 -31.6719 25.5729 -44.2518 -25.0381 -4.0520 -36.4345 12.5999 -48.9523 -30.3205 20.5758 -42.5583 -22.9959 -20.9400 -35.6614 31.4167 -48.6395 -28.9896 15.8202 -40.8176 -20.0488 -37.4579 -34.3902 34.6068 -47.2622 -27.3342 8.9935 -38.8475
8.0653 -27.1997 -47.1464 34.5150 -34.3902 -37.0383 -20.2730 -40.9748 16.3254 -29.1459 -48.7385 29.9078 -35.7973 -18.2016 -23.3356 -42.8051 21.2801 -30.5161 -48.8941 8.7588 -36.4956 -2.2872 -25.2800 -44.5013 26.3486 -31.8734 -48.0735 -8.9597 -37.5892 5.9027 -26.5442 -46.1242 31.4699 -33.2284 -44.8443 -16.1308 -39.1999 11.2578 -27.7448 -47.5712 34.8770 -34.5289 -36.7126 -20.1804 -40.8615 15.8940 -29.0046 -48.6427 31.3956 -35.6641 -20.9458 -22.9953 -42.5526 20.9994 -34.4722 16.9471 -40.8567 -20.1803 -36.7126 -34.5289 34.8770 -47.5712 -27.7448 11.2578 -39.1999 -16.1308 -44.8443 -33.2284 31.4699 -46.1242 -26.5442 5.9027 -37.5892 -8.9597 -48.0735 -31.8734 26.3486 -44.5013 -25.2800 -2.2872 -36.4956 8.7588 -48.8941 -30.5161 21.2801 -42.8051 -23.3356 -18.2016 -35.7973 29.9078 -48.7385 -29.1459 16.3254 -40.9748 -20.2730 -37.0383 -34.3902 34.5150 -47.1464 -27.1997 8.0653
-25.8300 -46.9584 34.2374 -34.3008 -37.4579 -20.2730 -41.0328 16.6225 -29.2576 -48.8079 28.3313 -35.9139 -15.6294 -23.6475 -43.0453 21.9808 -30.7099 -48.8062 5.1613 -36.5410 -0.7309 -25.5025 -44.7466 27.1275 -32.0750 -47.7977 -10.4128 -37.8237 6.8019 -26.7181 -46.3546 32.1631 -33.4276 -44.0184 -16.8490 -39.4450 11.9682 -27.9292 -47.7616 34.9819 -34.7108 -34.8968 -20.6599 -41.1098 16.5764 -29.1970 -48.7501 29.7349 -35.8062 -18.0915 -23.3438 -42.8080 21.2754 -31.3435 -44.6086 -30.5190 16.5619 -41.1098 -20.6599 -34.8968 -34.7108 34.9819 -47.7616 -27.9292 11.9682 -39.4450 -16.8490 -44.0184 -33.4276 32.1631 -46.3546 -26.7181 6.8019 -37.8237 -10.4128 -47.7977 -32.0750 27.1275 -44.7466 -25.5025 -0.7309 -36.5410 5.1613 -48.8062 -30.7099 21.9808 -43.0453 -23.6475 -15.6294 -35.9139 28.3313 -48.8079 -29.2576 16.6225 -41.0328 -20.2730 -37.4579 -34.3008 34.2374 -46.9584 -25.8300
-46.6809 33.7946 -34.1481 -38.5165 -20.0488 -40.9748 16.6225 -29.2989 -48.8427 27.0657 -35.9989 -13.5054 -23.9158 -43.2712 22.6603 -30.9000 -48.7347 1.9173 -36.5766 0.6502 -25.7030 -44.9868 27.8876 -32.2749 -47.4635 -11.6746 -38.0616 7.6467 -26.8942 -46.5785 32.8135 -33.6253 -43.0768 -17.5234 -39.6885 12.6694 -28.1137 -47.9431 34.9185 -34.8912 -32.8740 -21.1123 -41.3616 17.2542 -29.3912 -48.8402 27.6807 -35.9404 -15.2900 -23.6771 -43.0592 22.0094 -30.7398 -48.7482 -17.4252 -48.6894 -29.4467 17.2543 -41.3616 -21.1123 -32.8740 -34.8912 34.9185 -47.9431 -28.1137 12.6694 -39.6885 -17.5234 -43.0768 -33.6253 32.8135 -46.5785 -26.8942 7.6467 -38.0616 -11.6746 -47.4635 -32.2749 27.8876 -44.9868 -25.7030 0.6502 -36.5766 1.9173 -48.7347 -30.9000 22.6603 -43.2712 -23.9158 -13.5054 -35.9989 27.0657 -48.8427 -29.2989 16.6225 -40.9748 -20.0488 -38.5165 -34.1481 33.7946 -46.6809
32.0093 -33.8197 -39.8271 -19.6513 -40.8176 16.3254 -29.2576 -48.8427 26.5719 -36.0462 -12.0772 -24.1179 -43.4618 23.2744 -31.0755 -48.6812 -0.9148 -36.7025 1.8890 -25.8852 -45.2216 28.6347 -32.4701 -47.0703 -12.7782 -38.2973 8.4511 -27.0713 -46.8004 33.4032 -33.8227 -42.0082 -18.1526 -39.9350 13.3544 -28.2997 -48.1127 34.6558 -35.0637 -30.6592 -21.5469 -41.6138 17.9439 -29.5846 -48.9097 25.2077 -36.0686 -12.5586 -23.9923 -43.3125 22.7419 -30.9149 -48.7330 0.2821 -38.9743 21.4001 -48.8642 -29.5835 17.9439 -41.6138 -21.5469 -30.6592 -35.0637 34.6558 -48.1127 -28.2997 13.3544 -39.9350 -18.1526 -42.0082 -33.8227 33.4032 -46.8004 -27.0713 8.4511 -38.2973 -12.7782 -47.0703 -32.4701 28.6347 -45.2216 -25.8852 1.8890 -36.7025 -0.9148 -48.6812 -31.0755 23.2744 -43.4618 -24.1179 -12.0772 -36.0462 26.5719 -48.8427 -29.2576 16.3254 -40.8176 -19.6513 -39.8271 -33.8197 32.0093
-33.2405 -41.1269 -19.1491 -40.6013 15.8202 -29.1459 -48.8079 27.0657 -36.0462 -11.5742 -24.2282 -43.5906 23.7496 -31.2198 -48.6096 -3.1740 -36.9119 2.9917 -26.0517 -45.4544 29.3764 -32.6645 -46.6146 -13.7564 -38.5282 9.2137 -27.2457 -47.0138 33.9241 -34.0143 -40.8007 -18.7415 -40.1832 14.0399 -28.4879 -48.2731 34.1687 -35.2320 -28.2819 -21.9614 -41.8663 18.6382 -29.7793 -48.9559 22.3027 -36.1819 -9.9823 -24.2930 -43.5652 23.4902 -31.1164 -48.6716 -1.1261 -36.8746 13.5616 -36.5919 22.4089 -48.9568 -29.7793 18.6382 -41.8663 -21.9614 -28.2819 -35.2320 34.1687 -48.2731 -28.4879 14.0399 -40.1832 -18.7415 -40.8007 -34.0143 33.9241 -47.0138 -27.2457 9.2137 -38.5282 -13.7564 -46.6146 -32.6645 29.3764 -45.4544 -26.0517 2.9917 -36.9119 -3.1740 -48.6096 -31.2198 23.7496 -43.5906 -24.2282 -11.5742 -36.0462 27.0657 -48.8079 -29.1459 15.8202 -40.6013 -19.1491 -41.1269 -33.2405
-43.1829 -18.5933 -40.3641 15.2022 -28.9896 -48.7385 28.3313 -35.9989 -12.0772 -24.2282 -43.6362 24.0090 -31.3153 -48.5382 -4.7904 -37.0935 3.9237 -26.2045 -45.6784 30.0975 -32.8585 -46.0844 -14.6441 -38.7601 9.9428 -27.4190 -47.2159 34.3560 -34.1992 -39.4779 -19.2883 -40.4261 14.7144 -28.6748 -48.4218 33.4124 -35.3955 -25.7033 -22.3534 -42.1198 19.3381 -29.9767 -48.9795 19.0385 -36.2845 -7.6365 -24.5792 -43.8147 24.2464 -31.3184 -48.5725 -3.7030 -36.9479 3.7720 -31.0836 -4.4906 -36.3290 19.0389 -48.9795 -29.9767 19.3381 -42.1198 -22.3534 -25.7033 -35.3955 33.4124 -48.4218 -28.6748 14.7144 -40.4261 -19.2883 -39.4779 -34.1992 34.3560 -47.2159 -27.4190 9.9428 -38.7601 -14.6441 -46.0844 -32.8585 30.0975 -45.6784 -26.2045 3.9237 -37.0935 -4.7904 -48.5382 -31.3153 24.0090 -43.6362 -24.2282 -12.0772 -35.9989 28.3313 -48.7385 -28.9896 15.2022 -40.3641 -18.5933 -43.1829
-17.9641 -40.1187 14.5392 -28.8121 -48.6395 29.9078 -35.9139 -13.5054 -24.1179 -43.5906 24.0090 -31.3482 -48.4928 -5.7730 -37.2310 4.6323 -26.3362 -45.8773 30.7628 -33.0436 -45.4817 -15.4560 -38.9931 10.6525 -27.5935 -47.4119 34.6867 -34.3807 -38.0216 -19.7929 -40.6659 15.3702 -28.8593 -48.5536 32.3720 -35.5509 -22.9825 -22.7314 -42.3705 20.0468 -30.1734 -48.9750 15.4180 -36.3770 -5.4937 -24.8482 -44.0663 25.0024 -31.5217 -48.4318 -5.8821 -37.1804 4.1964 -26.7964 -48.0773 -25.8244 -5.5144 -36.3769 15.4180 -48.9750 -30.1734 20.0468 -42.3705 -22.7314 -22.9825 -35.5509 32.3720 -48.5536 -28.8593 15.3702 -40.6659 -19.7929 -38.0216 -34.3807 34.6867 -47.4119 -27.5935 10.6525 -38.9931 -15.4560 -45.4817 -33.0436 30.7628 -45.8773 -26.3362 4.6323 -37.2310 -5.7730 -48.4928 -31.3482 24.0090 -43.5906 -24.1179 -13.5054 -35.9139 29.9078 -48.6395 -28.8121 14.5392 -40.1187 -17.9641
-40.3209 13.8637 -28.6270 -48.5216 31.4167 -35.7973 -15.6294 -23.9158 -43.4618 23.7496 -31.3153 -48.4928 -6.1027 -37.3048 5.0812 -26.4344 -46.0327 31.3118 -33.2068 -44.8468 -16.1707 -39.2210 11.3378 -27.7693 -47.6011 34.9030 -34.5593 -36.4042 -20.2720 -40.9063 16.0243 -29.0432 -48.6690 31.0438 -35.6978 -20.2373 -23.0876 -42.6208 20.7549 -30.3711 -48.9399 11.5957 -36.4502 -3.5751 -25.1024 -44.3166 25.7740 -31.7231 -48.2446 -7.7463 -37.4149 5.2025 -26.4286 -45.9021 33.0900 -44.4449 -25.1285 -3.5751 -36.4502 11.5957 -48.9399 -30.3711 20.7549 -42.6208 -23.0876 -20.2373 -35.6978 31.0438 -48.6690 -29.0432 16.0243 -40.9063 -20.2720 -36.4042 -34.5593 34.9030 -47.6011 -27.7693 11.3378 -39.2210 -16.1707 -44.8468 -33.2068 31.3118 -46.0327 -26.4344 5.0812 -37.3048 -6.1027 -48.4928 -31.3153 23.7496 -43.4618 -23.9158 -15.6294 -35.7973 31.4167 -48.5216 -28.6270 13.8637 -40.3209
13.2431 -28.4222 -48.3847 32.6756 -35.6614 -18.2016 -23.6475 -43.2712 23.2744 -31.2198 -48.5382 -5.7730 -37.3048 5.2405 -26.4883 -46.1353 31.7011 -33.3354 -44.2488 -16.7574 -39.4297 11.9792 -27.9388 -47.7802 34.9835 -34.7345 -34.6167 -20.7280 -41.1474 16.6799 -29.2283 -48.7691 29.3734 -35.8346 -17.4985 -23.4194 -42.8677 21.4595 -30.5671 -48.8741 7.8192 -36.5088 -1.8808 -25.3396 -44.5657 26.5503 -31.9246 -48.0094 -9.3575 -37.6484 6.1418 -26.5883 -46.1793 32.1307 -36.5617 27.7809 -44.5581 -25.3397 -1.8808 -36.5088 7.8192 -48.8741 -30.5671 21.4595 -42.8677 -23.4194 -17.4985 -35.8346 29.3734 -48.7691 -29.2283 16.6799 -41.1474 -20.7280 -34.6167 -34.7345 34.9835 -47.7802 -27.9388 11.9792 -39.4297 -16.7574 -44.2488 -33.3354 31.7011 -46.1353 -26.4883 5.2405 -37.3048 -5.7730 -48.5382 -31.2198 23.2744 -43.2712 -23.6475 -18.2016 -35.6614 32.6756 -48.3847 -28.4222 13.2431
-27.1819 -48.2325 33.6365 -35.5131 -20.9400 -23.3356 -43.0453 22.6603 -31.0755 -48.6096 -4.7904 -37.2310 5.0812 -26.4883 -46.1733 31.9106 -33.4191 -43.7733 -17.1943 -39.6079 12.5359 -28.0942 -47.9421 34.9116 -34.9036 -32.6529 -21.1627 -41.3891 17.3382 -29.4144 -48.8521 27.3328 -35.9634 -14.7931 -23.7362 -43.1110 22.1623 -30.7595 -48.7903 4.2944 -36.5522 -0.3664 -25.5556 -44.8105 27.3204 -32.1273 -47.7163 -10.7453 -37.8854 7.0194 -26.7633 -46.4113 32.3344 -34.3076 -16.6072 -33.5126 27.3146 -44.8107 -25.5556 -0.3664 -36.5522 4.2944 -48.7903 -30.7595 22.1623 -43.1110 -23.7362 -14.7931 -35.9634 27.3328 -48.8521 -29.4144 17.3382 -41.3891 -21.1627 -32.6529 -34.9036 34.9116 -47.9421 -28.0942 12.5359 -39.6079 -17.1943 -43.7733 -33.4191 31.9106 -46.1733 -26.4883 5.0812 -37.2310 -4.7904 -48.6096 -31.0755 22.6603 -43.0453 -23.3356 -20.9400 -35.5131 33.6365 -48.2325 -27.1819
-47.9384 34.2992 -35.3538 -23.6997 -22.9959 -42.8051 21.9808 -30.9000 -48.6812 -3.1740 -37.0935 4.6323 -26.4344 -46.1353 31.9106 -33.4491 -43.5026 -17.4694 -39.7396 12.9673 -28.2261 -48.0777 34.6994 -35.0570 -30.6061 -21.5720 -41.6313 18.0003 -29.6015 -48.9165 24.9031 -36.0830 -12.1881 -24.0385 -43.3540 22.8734 -30.9524 -48.7233 1.1422 -36.6082 0.9799 -25.7515 -45.0474 28.0800 -32.3254 -47.3656 -11.9659 -38.1235 7.8618 -26.9403 -46.6365 32.9673 -33.7038 -42.2025 -25.0749 -46.7058 -32.3990 28.0799 -45.0474 -25.7515 0.9799 -36.6082 1.1422 -48.7233 -30.9524 22.8734 -43.3540 -24.0385 -12.1881 -36.0830 24.9031 -48.9165 -29.6015 18.0003 -41.6313 -21.5720 -30.6061 -35.0570 34.6994 -48.0777 -28.2261 12.9673 -39.7396 -17.4694 -43.5026 -33.4491 31.9106 -46.1353 -26.4344 4.6323 -37.0935 -3.1740 -48.6812 -30.9000 21.9808 -42.8051 -22.9959 -23.6997 -35.3538 34.2992 -47.9384
29.7443 -34.9861 -26.3891 -22.6352 -42.5583 21.2801 -30.7099 -48.7347 -0.9148 -36.9119 3.9237 -26.3362 -46.0327 31.7011 -33.4191 -43.5026 -17.5676 -39.8106 13.2517 -28.3227 -48.1799 34.4009 -35.1867 -28.6369 -21.9356 -41.8636 18.6578 -29.7885 -48.9602 22.0817 -36.1926 -9.7400 -24.3263 -43.5966 23.5927 -31.1460 -48.6581 -1.6272 -36.7595 2.1897 -25.9293 -45.2817 28.8261 -32.5201 -46.9598 -13.0393 -38.3567 8.6568 -27.1162 -46.8569 33.5475 -33.8701 -41.7257 -18.7669 -42.5708 -14.5685 -46.9646 -32.5201 28.8261 -45.2817 -25.9293 2.1897 -36.7595 -1.6272 -48.6581 -31.1460 23.5927 -43.5966 -24.3263 -9.7400 -36.1926 22.0817 -48.9602 -29.7885 18.6578 -41.8636 -21.9356 -28.6369 -35.1867 34.4009 -48.1799 -28.3227 13.2517 -39.8106 -17.5676 -43.5026 -33.4191 31.7011 -46.0327 -26.3362 3.9237 -36.9119 -0.9148 -48.7347 -30.7099 21.2801 -42.5583 -22.6352 -26.3891 -34.9861 29.7443
-34.6806 -28.8991 -22.2563 -42.3074 20.5758 -30.5161 -48.8062 1.9173 -36.7025 2.9917 -26.2045 -45.8773 31.3118 -33.3354 -43.7733 -17.4694 -39.8106 13.3547 -28.3756 -48.2440 34.1092 -35.2862 -26.9035 -22.2365 -42.0688 19.2642 -29.9666 -48.9810 18.9364 -36.2912 -7.4856 -24.5996 -43.8386 24.3197 -31.3400 -48.5575 -4.0187 -36.9818 3.2989 -26.0960 -45.5139 29.5656 -32.7144 -46.4856 -13.9927 -38.5877 9.4033 -27.2902 -47.0663 34.0476 -34.0608 -40.4764 -18.8833 -40.3796 23.9687 -38.9469 -13.9867 -46.4856 -32.7144 29.5656 -45.5139 -26.0960 3.2989 -36.9818 -4.0187 -48.5575 -31.3400 24.3197 -43.8386 -24.5996 -7.4856 -36.2912 18.9364 -48.9810 -29.9666 19.2642 -42.0688 -22.2365 -26.9035 -35.2862 34.1092 -48.2440 -28.3756 13.3547 -39.8106 -17.4694 -43.7733 -33.3354 31.3118 -45.8773 -26.2045 2.9917 -36.7025 1.9173 -48.8062 -30.5161 20.5758 -42.3074 -22.2563 -28.8991 -34.6806
-32.9758 -21.8553 -42.0541 19.8615 -30.3205 -48.8941 5.1613 -36.5766 1.8890 -26.0517 -45.6784 30.7628 -33.2068 -44.2488 -17.1943 -39.7396 13.2517 -28.3756 -48.2659 33.9224 -35.3480 -25.6079 -22.4646 -42.2391 19.7869 -30.1248 -48.9800 15.6642 -36.3723 -5.4676 -24.8583 -44.0799 25.0540 -31.5345 -48.4179 -6.0733 -37.2054 4.3242 -26.2608 -45.7437 30.2937 -32.9082 -45.9352 -14.8596 -38.8199 10.1270 -27.4638 -47.2669 34.4509 -34.2461 -39.1183 -19.4206 -40.4870 15.2845 -33.2183 11.2471 -38.8200 -14.8596 -45.9352 -32.9082 30.2937 -45.7437 -26.2608 4.3242 -37.2054 -6.0733 -48.4179 -31.5345 25.0540 -44.0799 -24.8583 -5.4676 -36.3723 15.6642 -48.9800 -30.1248 19.7869 -42.2391 -22.4646 -25.6079 -35.3480 33.9224 -48.2659 -28.3756 13.2517 -39.7396 -17.1943 -44.2488 -33.2068 30.7628 -45.6784 -26.0517 1.8890 -36.5766 5.1613 -48.8941 -30.3205 19.8615 -42.0541 -21.8553 -32.9758
-20.6304 -41.8011 19.1564 -30.1232 -48.9523 8.7588 -36.5410 0.6502 -25.8852 -45.4544 30.0975 -33.0436 -44.8468 -16.7574 -39.6079 12.9673 -28.3227 -48.2440 33.9224 -35.3691 -24.9094 -22.6049 -42.3609 20.1965 -30.2543 -48.9619 12.6022 -36.4348 -3.7716 -25.0922 -44.3169 25.7945 -31.7292 -48.2355 -7.8436 -37.4303 5.2795 -26.4268 -45.9706 31.0046 -33.1013 -45.3010 -15.6538 -39.0532 10.8323 -27.6386 -47.4612 34.7541 -34.4269 -37.6215 -19.9185 -40.7276 15.5354 -29.6465 -48.3501 -28.8273 10.8262 -39.0532 -15.6538 -45.3010 -33.1013 31.0046 -45.9706 -26.4268 5.2795 -37.4303 -7.8436 -48.2355 -31.7292 25.7945 -44.3169 -25.0922 -3.7716 -36.4348 12.6022 -48.9619 -30.2543 20.1965 -42.3609 -22.6049 -24.9094 -35.3691 33.9224 -48.2440 -28.3227 12.9673 -39.6079 -16.7574 -44.8468 -33.0436 30.0975 -45.4544 -25.8852 0.6502 -36.5410 8.7588 -48.9523 -30.1232 19.1564 -41.8011 -20.6304
-41.8530 18.4573 -29.9252 -48.9790 12.5999 -36.4956 -0.7309 -25.7030 -45.2216 29.3764 -32.8585 -45.4817 -16.1707 -39.4297 12.5359 -28.2261 -48.1799 34.1092 -35.3480 -24.9094 -22.6513 -42.4234 20.4526 -30.3475 -48.9358 10.1078 -36.4818 -2.3986 -25.2902 -44.5358 26.5078 -31.9214 -48.0060 -9.3801 -37.6565 6.1768 -26.5941 -46.1944 31.6913 -33.2934 -44.5748 -16.3862 -39.2876 11.5228 -27.8147 -47.6485 34.9376 -34.6047 -35.9611 -20.3914 -40.9682 16.1927 -29.1124 -48.4331 -8.2842 -47.4627 -27.8620 11.5228 -39.2876 -16.3862 -44.5748 -33.2934 31.6913 -46.1944 -26.5941 6.1768 -37.6565 -9.3801 -48.0060 -31.9214 26.5078 -44.5358 -25.2902 -2.3986 -36.4818 10.1078 -48.9358 -30.3475 20.4526 -42.4234 -22.6513 -24.9094 -35.3480 34.1092 -48.1799 -28.2261 12.5359 -39.4297 -16.1707 -45.4817 -32.8585 29.3764 -45.2216 -25.7030 -0.7309 -36.4956 12.5999 -48.9790 -29.9252 18.4573 -41.8530
17.9939 -29.6913 -48.9753 16.3789 -36.4345 -2.2872 -25.5025 -44.9868 28.6347 -32.6645 -46.0844 -15.4560 -39.2210 11.9792 -28.0942 -48.0777 34.4009 -35.2862 -25.6079 -22.6049 -42.4234 20.5411 -30.3967 -48.9137 8.3691 -36.5130 -1.3531 -25.4517 -44.7265 27.1492 -32.0983 -47.7377 -10.7083 -37.8839 7.0257 -26.7626 -46.4146 32.3457 -33.4844 -43.7478 -17.0658 -39.5230 12.2014 -27.9919 -47.8281 34.9794 -34.7790 -34.1287 -20.8417 -41.2095 16.8489 -29.2760 -48.7774 27.9941 -37.9769 35.0212 -47.8040 -27.9920 12.2014 -39.5230 -17.0658 -43.7478 -33.4844 32.3457 -46.4146 -26.7626 7.0257 -37.8839 -10.7083 -47.7377 -32.0983 27.1492 -44.7265 -25.4517 -1.3531 -36.5130 8.3691 -48.9137 -30.3967 20.5411 -42.4234 -22.6049 -25.6079 -35.2862 34.4009 -48.0777 -28.0942 11.9792 -39.2210 -15.4560 -46.0844 -32.6645 28.6347 -44.9868 -25.5025 -2.2872 -36.4345 16.3789 -48.9753 -29.6913 17.9939
-28.5838 -48.9461 19.8931 -36.3527 -4.0520 -25.2800 -44.7466 27.8876 -32.4701 -46.6146 -14.6441 -38.9931 11.3378 -27.9388 -47.9421 34.6994 -35.1867 -26.9035 -22.4646 -42.3609 20.4526 -30.3967 -48.9050 7.4492 -36.5304 -0.6459 -25.5709 -44.8826 27.6951 -32.2503 -47.4585 -11.7889 -38.0999 7.8140 -26.9314 -46.6308 32.9580 -33.6739 -42.8103 -17.6997 -39.7594 12.8709 -28.1704 -47.9991 34.8553 -34.9494 -32.1190 -21.2712 -41.4513 17.5080 -29.4624 -48.8705 26.7718 -36.3124 7.3828 -35.7643 34.8756 -47.9991 -28.1704 12.8709 -39.7594 -17.6997 -42.8103 -33.6739 32.9580 -46.6308 -26.9314 7.8140 -38.0999 -11.7889 -47.4585 -32.2503 27.6951 -44.8826 -25.5709 -0.6459 -36.5304 7.4492 -48.9050 -30.3967 20.4526 -42.3609 -22.4646 -26.9035 -35.1867 34.6994 -47.9421 -27.9388 11.3378 -38.9931 -14.6441 -46.6146 -32.4701 27.8876 -44.7466 -25.2800 -4.0520 -36.3527 19.8931 -48.9461 -28.5838
-48.7274 23.0607 -36.2574 -6.0286 -25.0381 -44.5013 27.1275 -32.2749 -47.0703 -13.7564 -38.7601 10.6525 -27.7693 -47.7802 34.9116 -35.0570 -28.6369 -22.2365 -42.2391 20.1965 -30.3475 -48.9137 7.4492 -36.5357 -0.2861 -25.6433 -44.9935 28.1123 -32.3756 -47.1877 -12.6304 -38.2908 8.5050 -27.0917 -46.8367 33.5094 -33.8618 -41.7523 -18.2937 -39.9967 13.5336 -28.3500 -48.1606 34.5385 -35.1155 -29.9314 -21.6815 -41.6937 18.1713 -29.6497 -48.9298 24.2146 -36.1334 -10.0375 -29.4393 -26.1562 -35.1850 34.5381 -48.1606 -28.3500 13.5336 -39.9967 -18.2937 -41.7523 -33.8618 33.5094 -46.8367 -27.0917 8.5050 -38.2908 -12.6304 -47.1877 -32.3756 28.1123 -44.9935 -25.6433 -0.2861 -36.5357 7.4492 -48.9137 -30.3475 20.1965 -42.2391 -22.2365 -28.6369 -35.0570 34.9116 -47.7802 -27.7693 10.6525 -38.7601 -13.7564 -47.0703 -32.2749 27.1275 -44.5013 -25.0381 -6.0286 -36.2574 23.0607 -48.7274
14.1300 -35.8740 -8.2089 -24.7808 -44.2518 26.3486 -32.0750 -47.4635 -12.7782 -38.5282 9.9428 -27.5935 -47.6011 34.9835 -34.9036 -30.6061 -21.9356 -42.0688 19.7869 -30.2543 -48.9358 8.3691 -36.5304 -0.2861 -25.6685 -45.0508 28.3774 -32.4647 -46.9534 -13.2801 -38.4555 9.0867 -27.2343 -47.0204 33.9698 -34.0399 -40.5811 -18.8526 -40.2349 14.1916 -28.5308 -48.3117 34.0001 -35.2767 -27.5725 -22.0737 -41.9364 18.8396 -29.8381 -48.9678 21.2952 -36.2191 -9.1517 -24.8860 -46.3653 -23.0432 -27.6224 -35.2753 34.0001 -48.3117 -28.5308 14.1916 -40.2349 -18.8526 -40.5811 -34.0399 33.9698 -47.0204 -27.2343 9.0867 -38.4555 -13.2801 -46.9534 -32.4647 28.3774 -45.0508 -25.6685 -0.2861 -36.5304 8.3691 -48.9358 -30.2543 19.7869 -42.0688 -21.9356 -30.6061 -34.9036 34.9835 -47.6011 -27.5935 9.9428 -38.5282 -12.7782 -47.4635 -32.0750 26.3486 -44.2518 -24.7808 -8.2089 -35.8740 14.1300
-35.9592 -10.6338 -24.5068 -44.0010 25.5729 -31.8734 -47.7977 -11.6746 -38.2973 9.2137 -27.4190 -47.4119 34.9030 -34.7345 -32.6529 -21.5720 -41.8636 19.2642 -30.1248 -48.9619 10.1078 -36.5130 -0.6459 -25.6433 -45.0508 28.4715 -32.5084 -46.7987 -13.7169 -38.5844 9.5603 -27.3578 -47.1768 34.3228 -34.1984 -39.3718 -19.3585 -40.4706 14.8468 -28.7128 -48.4511 33.2090 -35.4324 -25.0592 -22.4490 -42.1794 19.5140 -30.0273 -48.9824 18.0223 -36.3147 -6.9395 -24.6767 -43.9606 34.6369 -42.4488 -22.4619 -25.0592 -35.4324 33.2090 -48.4511 -28.7128 14.8468 -40.4706 -19.3585 -39.3718 -34.1984 34.3228 -47.1768 -27.3578 9.5603 -38.5844 -13.7169 -46.7987 -32.5084 28.4715 -45.0508 -25.6433 -0.6459 -36.5130 10.1078 -48.9619 -30.1248 19.2642 -41.8636 -21.5720 -32.6529 -34.7345 34.9030 -47.4119 -27.4190 9.2137 -38.2973 -11.6746 -47.7977 -31.8734 25.5729 -44.0010 -24.5068 -10.6338 -35.9592
-15.2305 -24.2214 -43.7520 24.8117 -31.6719 -48.0735 -10.4128 -38.0616 8.4511 -27.2457 -47.2159 34.6867 -34.5593 -34.6167 -21.1627 -41.6313 18.6578 -29.9666 -48.9800 12.6022 -36.4818 -1.3531 -25.5709 -44.9935 28.3774 -32.5084 -46.7452 -13.9281 -38.6639 9.8916 -27.4546 -47.3044 34.5760 -34.3369 -38.1922 -19.7898 -40.6898 15.4728 -28.8932 -48.5777 32.1330 -35.5820 -22.4215 -22.8081 -42.4227 20.1950 -30.2175 -48.9711 14.4769 -36.3977 -4.9474 -24.9224 -44.1393 25.7263 -35.4125 21.3176 -42.4195 -22.8081 -22.4215 -35.5820 32.1330 -48.5777 -28.8932 15.4728 -40.6898 -19.7898 -38.1922 -34.3369 34.5760 -47.3044 -27.4546 9.8916 -38.6639 -13.9281 -46.7452 -32.5084 28.3774 -44.9935 -25.5709 -1.3531 -36.4818 12.6022 -48.9800 -29.9666 18.6578 -41.6313 -21.1627 -34.6167 -34.5593 34.6867 -47.2159 -27.2457 8.4511 -38.0616 -10.4128 -48.0735 -31.6719 24.8117 -43.7520 -24.2214 -15.2305
-22.6886 -43.4996 24.0498 -31.4683 -48.2980 -8.9597 -37.8237 7.6467 -27.0713 -47.0138 34.3560 -34.3807 -36.4042 -20.7280 -41.3891 18.0003 -29.7885 -48.9810 15.6642 -36.4348 -2.3986 -25.4517 -44.8826 28.1123 -32.4647 -46.7987 -13.9281 -38.6904 10.0557 -27.5143 -47.3936 34.7360 -34.4527 -37.0710 -20.1532 -40.8822 16.0335 -29.0615 -48.6857 30.7618 -35.7248 -19.7043 -23.1517 -42.6661 20.8834 -30.4084 -48.9312 10.7946 -36.4670 -3.1571 -25.1623 -44.3820 25.9831 -32.6412 -37.0425 -31.8064 20.8784 -42.6661 -23.1517 -19.7043 -35.7248 30.7618 -48.6857 -29.0615 16.0335 -40.8822 -20.1532 -37.0710 -34.4527 34.7360 -47.3936 -27.5143 10.0557 -38.6904 -13.9281 -46.7987 -32.4647 28.1123 -44.8826 -25.4517 -2.3986 -36.4348 15.6642 -48.9810 -29.7885 18.0003 -41.3891 -20.7280 -36.4042 -34.3807 34.3560 -47.0138 -27.0713 7.6467 -37.8237 -8.9597 -48.2980 -31.4683 24.0498 -43.4996 -22.6886
-43.4157 23.2944 -31.2660 -48.4725 -7.2906 -37.5892 6.8019 -26.8942 -46.8004 33.9241 -34.1992 -38.0216 -20.2720 -41.1474 17.3382 -29.6015 -48.9602 18.9364 -36.3723 -3.7716 -25.2902 -44.7265 27.6951 -32.3756 -46.9534 -13.7169 -38.6639 10.0557 -27.5343 -47.4376 34.8165 -34.5343 -36.1343 -20.4508 -41.0475 16.5204 -29.2085 -48.7712 29.1874 -35.8536 -17.0056 -23.4803 -42.9095 21.5795 -30.6002 -48.8596 7.1522 -36.5211 -1.5507 -25.3868 -44.6209 26.7321 -32.0031 -47.7649 -21.2700 -48.7351 -30.6674 21.5795 -42.9095 -23.4803 -17.0056 -35.8536 29.1874 -48.7712 -29.2085 16.5204 -41.0475 -20.4508 -36.1343 -34.5343 34.8165 -47.4376 -27.5343 10.0557 -38.6639 -13.7169 -46.9534 -32.3756 27.6951 -44.7265 -25.2902 -3.7716 -36.3723 18.9364 -48.9602 -29.6015 17.3382 -41.1474 -20.2720 -38.0216 -34.1992 33.9241 -46.8004 -26.8942 6.8019 -37.5892 -7.2906 -48.4725 -31.2660 23.2944 -43.4157
22.8649 -30.9995 -48.6020 -5.3498 -37.3537 5.9027 -26.7181 -46.5785 33.4032 -34.0143 -39.4779 -19.7929 -40.9063 16.6799 -29.4144 -48.9165 22.0817 -36.2912 -5.4676 -25.0922 -44.5358 27.1492 -32.2503 -47.1877 -13.2801 -38.5844 9.8916 -27.5143 -47.4376 34.8401 -34.5748 -35.5317 -20.6580 -41.1785 16.9241 -29.3322 -48.8343 27.5848 -35.9613 -14.5717 -23.7783 -43.1492 22.2835 -30.7926 -48.7784 3.7254 -36.5584 -0.1055 -25.5953 -44.8585 27.4808 -32.1693 -47.6448 -11.7582 -40.2263 -0.6392 -48.7529 -30.7926 22.2835 -43.1492 -23.7783 -14.5717 -35.9613 27.5848 -48.8343 -29.3322 16.9241 -41.1785 -20.6580 -35.5317 -34.5748 34.8401 -47.4376 -27.5143 9.8916 -38.5844 -13.2801 -47.1877 -32.2503 27.1492 -44.5358 -25.0922 -5.4676 -36.2912 22.0817 -48.9165 -29.4144 16.6799 -40.9063 -19.7929 -39.4779 -34.0143 33.4032 -46.5785 -26.7181 5.9027 -37.3537 -5.3498 -48.6020 -30.9995 22.8649
-30.0302 -48.6912 -3.0765 -37.1203 4.9505 -26.5442 -46.3546 32.8135 -33.8227 -40.8007 -19.2883 -40.6659 16.0243 -29.2283 -48.8521 24.9031 -36.1926 -7.4856 -24.8583 -44.3169 26.5078 -32.0983 -47.4585 -12.6304 -38.4555 9.5603 -27.4546 -47.3936 34.8165 -34.5748 -35.3263 -20.7600 -41.2614 17.2159 -29.4308 -48.8785 26.0610 -36.0487 -12.5514 -24.0297 -43.3679 22.9548 -30.9786 -48.7152 0.6369 -36.6302 1.2017 -25.7873 -45.0943 28.2294 -32.3642 -47.2893 -12.1963 -38.3223 17.7937 -36.9515 0.6908 -48.7152 -30.9786 22.9548 -43.3679 -24.0297 -12.5514 -36.0487 26.0610 -48.8785 -29.4308 17.2159 -41.2614 -20.7600 -35.3263 -34.5748 34.8165 -47.3936 -27.4546 9.5603 -38.4555 -12.6304 -47.4585 -32.0983 26.5078 -44.3169 -24.8583 -7.4856 -36.1926 24.9031 -48.8521 -29.2283 16.0243 -40.6659 -19.2883 -40.8007 -33.8227 32.8135 -46.3546 -26.5442 4.9505 -37.1203 -3.0765 -48.6912 -30.0302
-48.7880 -0.4739 -36.8902 3.9405 -26.3704 -46.1242 32.1631 -33.6253 -42.0082 -18.7415 -40.4261 15.3702 -29.0432 -48.7691 27.3328 -36.0830 -9.7400 -24.5996 -44.0799 25.7945 -31.9214 -47.7377 -11.7889 -38.2908 9.0867 -27.3578 -47.3044 34.7360 -34.5343 -35.5317 -20.7600 -41.2890 17.3667 -29.4949 -48.9066 24.7127 -36.1178 -10.9063 -24.2372 -43.5551 23.5510 -31.1485 -48.6511 -1.9577 -36.7955 2.3925 -25.9627 -45.3283 28.9746 -32.5589 -46.8712 -13.2367 -38.4014 9.2592 -31.9823 4.0958 -36.7966 -1.9573 -48.6511 -31.1485 23.5510 -43.5551 -24.2372 -10.9063 -36.1178 24.7127 -48.9066 -29.4949 17.3667 -41.2890 -20.7600 -35.5317 -34.5343 34.7360 -47.3044 -27.3578 9.0867 -38.2908 -11.7889 -47.7377 -31.9214 25.7945 -44.0799 -24.5996 -9.7400 -36.0830 27.3328 -48.7691 -29.0432 15.3702 -40.4261 -18.7415 -42.0082 -33.6253 32.1631 -46.1242 -26.3704 3.9405 -36.8902 -0.4739 -48.7880
-5.1081 -36.6588 2.8393 -26.1983 -45.8899 31.4699 -33.4276 -43.0768 -18.1526 -40.1832 14.7144 -28.8593 -48.6690 29.3734 -35.9634 -12.1881 -24.3263 -43.8386 25.0540 -31.7292 -48.0060 -10.7083 -38.0999 8.5050 -27.2343 -47.1768 34.5760 -34.4527 -36.1343 -20.6580 -41.2614 17.3667 -29.5162 -48.9196 23.7794 -36.1667 -9.6389 -24.4059 -43.7143 24.0692 -31.2982 -48.5680 -4.0161 -36.9989 3.4406 -26.1261 -45.5600 29.7122 -32.7531 -46.3824 -14.1716 -38.6329 9.5426 -27.9554 -48.7769 -27.1518 3.4295 -36.9989 -4.0161 -48.5680 -31.2982 24.0692 -43.7143 -24.4059 -9.6389 -36.1667 23.7794 -48.9196 -29.5162 17.3667 -41.2614 -20.6580 -36.1343 -34.4527 34.5760 -47.1768 -27.2343 8.5050 -38.0999 -10.7083 -48.0060 -31.7292 25.0540 -43.8386 -24.3263 -12.1881 -35.9634 29.3734 -48.6690 -28.8593 14.7144 -40.1832 -18.1526 -43.0768 -33.4276 31.4699 -45.8899 -26.1983 2.8393 -36.6588 -5.1081
-37.2220 1.6393 -26.0278 -45.6546 30.7512 -33.2284 -44.0184 -17.5234 -39.9350 14.0399 -28.6748 -48.5536 31.0438 -35.8346 -14.7931 -24.0385 -43.5966 24.3197 -31.5345 -48.2355 -9.3801 -37.8839 7.8140 -27.0917 -47.0204 34.3228 -34.3369 -37.0710 -20.4508 -41.1785 17.2159 -29.4949 -48.9196 23.4581 -36.1911 -8.8459 -24.5272 -43.8422 24.5075 -31.4258 -48.4751 -5.6249 -37.1781 4.3152 -26.2769 -45.7795 30.4271 -32.9468 -45.8159 -15.0230 -38.8653 10.2658 -27.5108 -47.1144 18.3680 -45.7324 -26.3095 4.3154 -37.1781 -5.6249 -48.4751 -31.4258 24.5075 -43.8422 -24.5272 -8.8459 -36.1911 23.4581 -48.9196 -29.4949 17.2159 -41.1785 -20.4508 -37.0710 -34.3369 34.3228 -47.0204 -27.0917 7.8140 -37.8839 -9.3801 -48.2355 -31.5345 24.3197 -43.5966 -24.0385 -14.7931 -35.8346 31.0438 -48.5536 -28.6748 14.0399 -39.9350 -17.5234 -44.0184 -33.2284 30.7512 -45.6546 -26.0278 1.6393 -37.2220
-0.4745 -25.8641 -45.4143 30.0022 -33.0291 -44.8443 -16.8490 -39.6885 13.3544 -28.4879 -48.4218 32.3720 -35.6978 -17.4985 -23.7362 -43.3540 23.5927 -31.3400 -48.4179 -7.8436 -37.6565 7.0257 -26.9314 -46.8367 33.9698 -34.1984 -38.1922 -20.1532 -41.0475 16.9241 -29.4308 -48.9066 23.7794 -36.1911 -8.5869 -24.5887 -43.9250 24.8326 -31.5286 -48.3808 -6.8587 -37.3357 5.0328 -26.4097 -45.9738 31.0744 -33.1315 -45.1740 -15.8041 -39.0988 10.9680 -27.6688 -47.4864 35.0627 -37.1695 32.2532 -45.9591 -26.4091 5.0328 -37.3357 -6.8587 -48.3808 -31.5286 24.8326 -43.9250 -24.5887 -8.5869 -36.1911 23.7794 -48.9066 -29.4308 16.9241 -41.0475 -20.1532 -38.1922 -34.1984 33.9698 -46.8367 -26.9314 7.0257 -37.6565 -7.8436 -48.4179 -31.3400 23.5927 -43.3540 -23.7362 -17.4985 -35.6978 32.3720 -48.4218 -28.4879 13.3544 -39.6885 -16.8490 -44.8443 -33.0291 30.0022 -45.4143 -25.8641 -0.4745
-24.3086 -45.1713 29.2392 -32.8294 -45.5564 -16.1308 -39.4450 12.6694 -28.2997 -48.2731 33.4124 -35.5509 -20.2373 -23.4194 -43.1110 22.8734 -31.1460 -48.5575 -6.0733 -37.4303 6.1768 -26.7626 -46.6308 33.5094 -34.0399 -39.3718 -19.7898 -40.8822 16.5204 -29.3322 -48.8785 24.7127 -36.1667 -8.8459 -24.5887 -43.9526 25.0009 -31.5953 -48.3012 -7.7674 -37.4705 5.6266 -26.5243 -46.1404 31.6239 -33.2961 -44.4976 -16.4956 -39.3301 11.6559 -27.8450 -47.6801 34.9611 -35.3330 -2.6501 -34.5597 31.6150 -46.1406 -26.5243 5.6266 -37.4705 -7.7674 -48.3012 -31.5953 25.0009 -43.9526 -24.5887 -8.8459 -36.1667 24.7127 -48.8785 -29.3322 16.5204 -40.8822 -19.7898 -39.3718 -34.0399 33.5094 -46.6308 -26.7626 6.1768 -37.4303 -6.0733 -48.5575 -31.1460 22.8734 -43.1110 -23.4194 -20.2373 -35.5509 33.4124 -48.2731 -28.2997 12.6694 -39.4450 -16.1308 -45.5564 -32.8294 29.2392 -45.1713 -24.3086
-44.9787 28.4714 -32.6265 -46.1804 -15.3448 -39.1999 11.9682 -28.1137 -48.1127 34.1687 -35.3955 -22.9825 -23.0876 -42.8677 22.1623 -30.9524 -48.6581 -4.0187 -37.2054 5.2795 -26.5941 -46.4146 32.9580 -33.8618 -40.5811 -19.3585 -40.6898 16.0335 -29.2085 -48.8343 26.0610 -36.1178 -9.6389 -24.5272 -43.9250 25.0009 -31.6176 -48.2566 -8.3215 -37.5703 6.0956 -26.6219 -46.2799 32.0791 -33.4382 -43.8362 -17.0746 -39.5454 12.3037 -28.0199 -47.8583 34.9707 -34.8393 -32.5637 -27.1358 -42.3148 -33.5140 32.0791 -46.2799 -26.6219 6.0956 -37.5703 -8.3215 -48.2566 -31.6176 25.0009 -43.9250 -24.5272 -9.6389 -36.1178 26.0610 -48.8343 -29.2085 16.0335 -40.6898 -19.3585 -40.5811 -33.8618 32.9580 -46.4146 -26.5941 5.2795 -37.2054 -4.0187 -48.6581 -30.9524 22.1623 -42.8677 -23.0876 -22.9825 -35.3955 34.1687 -48.1127 -28.1137 11.9682 -39.1999 -15.3448 -46.1804 -32.6265 28.4714 -44.9787
27.8102 -32.3273 -46.7175 -14.4867 -38.9564 11.2578 -27.9292 -47.9431 34.6558 -35.2320 -25.7033 -22.7314 -42.6208 21.4595 -30.7595 -48.7233 -1.6272 -36.9818 4.3242 -26.4268 -46.1944 32.3457 -33.6739 -41.7523 -18.8526 -40.4706 15.4728 -29.0615 -48.7712 27.5848 -36.0487 -10.9063 -24.4059 -43.8422 24.8326 -31.5953 -48.2566 -8.5005 -37.6220 6.3918 -26.6956 -46.3931 32.4450 -33.5563 -43.2136 -17.5490 -39.7345 12.8770 -28.1831 -48.0207 34.8189 -34.9791 -31.7559 -21.7928 -44.1591 -18.6916 -43.2348 -33.5549 32.4450 -46.3931 -26.6956 6.3918 -37.6220 -8.5005 -48.2566 -31.5953 24.8326 -43.8422 -24.4059 -10.9063 -36.0487 27.5848 -48.7712 -29.0615 15.4728 -40.4706 -18.8526 -41.7523 -33.6739 32.3457 -46.1944 -26.4268 4.3242 -36.9818 -1.6272 -48.7233 -30.7595 21.4595 -42.6208 -22.7314 -25.7033 -35.2320 34.6558 -47.9431 -27.9292 11.2578 -38.9564 -14.4867 -46.7175 -32.3273 27.8102
-31.5169 -47.1721 -13.5526 -38.7140 10.5328 -27.7448 -47.7616 34.9185 -35.0637 -28.2819 -22.3534 -42.3705 20.7549 -30.5671 -48.7903 1.1422 -36.7595 3.2989 -26.2608 -45.9706 31.6913 -33.4844 -42.8103 -18.2937 -40.2349 14.8468 -28.8932 -48.6857 29.1874 -35.9613 -12.5514 -24.2372 -43.7143 24.5075 -31.5286 -48.3012 -8.3215 -37.6220 6.4898 -26.7342 -46.4682 32.7102 -33.6498 -42.6671 -17.9245 -39.8943 13.3622 -28.3258 -48.1592 34.5073 -35.1358 -29.5656 -21.7564 -41.8561 28.4862 -40.2390 -17.9210 -42.6671 -33.6498 32.7102 -46.4682 -26.7342 6.4898 -37.6220 -8.3215 -48.3012 -31.5286 24.5075 -43.7143 -24.2372 -12.5514 -35.9613 29.1874 -48.6857 -28.8932 14.8468 -40.2349 -18.2937 -42.8103 -33.4844 31.6913 -45.9706 -26.2608 3.2989 -36.7595 1.1422 -48.7903 -30.5671 20.7549 -42.3705 -22.3534 -28.2819 -35.0637 34.9185 -47.7616 -27.7448 10.5328 -38.7140 -13.5526 -47.1721 -31.5169
-47.8505 -12.5137 -38.4725 9.7894 -27.5628 -47.5712 34.9819 -34.8912 -30.6592 -21.9614 -42.1198 20.0468 -30.3711 -48.8741 4.2944 -36.6082 2.1897 -26.0960 -45.7437 31.0046 -33.2934 -43.7478 -17.6997 -39.9967 14.1916 -28.7128 -48.5777 30.7618 -35.8536 -14.5717 -24.0297 -43.5551 24.0692 -31.4258 -48.3808 -7.7674 -37.5703 6.3918 -26.7342 -46.4930 32.8481 -33.7119 -42.2361 -18.2112 -40.0239 13.7599 -28.4461 -48.2710 34.0909 -35.2699 -27.4321 -22.1175 -41.9732 19.3691 -34.0661 14.8550 -40.0225 -18.2111 -42.2361 -33.7119 32.8481 -46.4930 -26.7342 6.3918 -37.5703 -7.7674 -48.3808 -31.4258 24.0692 -43.5551 -24.0297 -14.5717 -35.8536 30.7618 -48.5777 -28.7128 14.1916 -39.9967 -17.6997 -43.7478 -33.2934 31.0046 -45.7437 -26.0960 2.1897 -36.6082 4.2944 -48.8741 -30.3711 20.0468 -42.1198 -21.9614 -30.6592 -34.8912 34.9819 -47.5712 -27.5628 9.7894 -38.4725 -12.5137 -47.8505
-13.2916 -38.2348 9.0330 -27.3825 -47.3753 34.8770 -34.7108 -32.8740 -21.5469 -41.8663 19.3381 -30.1734 -48.9399 7.8192 -36.5522 0.9799 -25.9293 -45.5139 30.2937 -33.1013 -44.5748 -17.0658 -39.7594 13.5336 -28.5308 -48.4511 32.1330 -35.7248 -17.0056 -23.7783 -43.3679 23.5510 -31.2982 -48.4751 -6.8587 -37.4705 6.0956 -26.6956 -46.4682 32.8481 -33.7334 -41.9894 -18.4002 -40.1221 14.0767 -28.5647 -48.3367 33.6407 -35.4111 -25.5067 -22.4431 -42.1915 19.6762 -31.0503 -46.4155 -29.9514 14.0732 -40.1220 -18.4000 -41.9894 -33.7334 32.8481 -46.4682 -26.6956 6.0956 -37.4705 -6.8587 -48.4751 -31.2982 23.5510 -43.3679 -23.7783 -17.0056 -35.7248 32.1330 -48.4511 -28.5308 13.5336 -39.7594 -17.0658 -44.5748 -33.1013 30.2937 -45.5139 -25.9293 0.9799 -36.5522 7.8192 -48.9399 -30.1734 19.3381 -41.8663 -21.5469 -32.8740 -34.7108 34.8770 -47.3753 -27.3825 9.0330 -38.2348 -13.2916
-38.6303 8.2411 -27.2022 -47.1695 34.6287 -34.5289 -34.8968 -21.1123 -41.6138 18.6382 -29.9767 -48.9750 11.5957 -36.5088 -0.3664 -25.7515 -45.2817 29.5656 -32.9082 -45.3010 -16.3862 -39.5230 12.8709 -28.3500 -48.3117 33.2090 -35.5820 -19.7043 -23.4803 -43.1492 22.9548 -31.1485 -48.5680 -5.6249 -37.3357 5.6266 -26.6219 -46.3931 32.7102 -33.7119 -41.9894 -18.4651 -40.1758 14.3497 -29.0578 -48.1256 32.3443 -35.9153 -22.0312 -22.9548 -42.6352 21.5340 -33.2683 -48.5778 -17.5072 -48.3113 -29.8625 14.7473 -40.1872 -18.4647 -41.9894 -33.7119 32.7102 -46.3931 -26.6219 5.6266 -37.3357 -5.6249 -48.5680 -31.1485 22.9548 -43.1492 -23.4803 -19.7043 -35.5820 33.2090 -48.3117 -28.3500 12.8709 -39.5230 -16.3862 -45.3010 -32.9082 29.5656 -45.2817 -25.7515 -0.3664 -36.5088 11.5957 -48.9750 -29.9767 18.6382 -41.6138 -21.1123 -34.8968 -34.5289 34.6287 -47.1695 -27.2022 8.2411 -38.6303
7.1783 -27.0285 -46.9575 34.2610 -34.3439 -36.7126 -20.6599 -41.3616 17.9439 -29.7793 -48.9795 15.4180 -36.4502 -1.8808 -25.5556 -45.0474 28.8261 -32.7144 -45.9352 -15.6538 -39.2876 12.2014 -28.1704 -48.1606 34.0001 -35.4324 -22.4215 -23.1517 -42.9095 22.2835 -30.9786 -48.6511 -4.0161 -37.1781 5.0328 -26.5243 -46.2799 32.4450 -33.6498 -42.2361 -18.4002 -40.1758 14.4783 -30.7178 -48.3736 -12.6166 -39.3656 1.6029 -27.1594 -42.5464 28.2356 -34.0232 -9.9784 -23.8412 -42.3905 -8.6374 -47.1187 -33.2191 16.0598 -40.1982 -18.3998 -42.2361 -33.6498 32.4450 -46.2799 -26.5243 5.0328 -37.1781 -4.0161 -48.6511 -30.9786 22.2835 -42.9095 -23.1517 -22.4215 -35.4324 34.0001 -48.1606 -28.1704 12.2014 -39.2876 -15.6538 -45.9352 -32.7144 28.8261 -45.0474 -25.5556 -1.8808 -36.4502 15.4180 -48.9795 -29.7793 17.9439 -41.3616 -20.6599 -36.7126 -34.3439 34.2610 -46.9575 -27.0285 7.1783
-25.6294 -46.7397 33.7941 -34.1528 -38.3645 -20.1804 -41.1098 17.2542 -29.5846 -48.9559 19.0385 -36.3770 -3.5751 -25.3396 -44.8105 28.0800 -32.5201 -46.4856 -14.8596 -39.0532 11.5228 -27.9919 -47.9991 34.5385 -35.2767 -25.0592 -22.8081 -42.6661 21.5795 -30.7926 -48.7152 -1.9577 -36.9989 4.3152 -26.4097 -46.1404 32.0791 -33.5563 -42.6671 -18.2112 -40.1221 14.3498 -30.7362 19.0748 -23.3350 13.3018 36.0013 -33.3325 26.2338 -50.6686 -40.3955 -5.8769 -16.3401 44.6205 -50.7709 -32.5411 -52.7396 -8.7910 -45.1297 16.4665 -40.1347 -18.2110 -42.6671 -33.5549 32.0791 -46.1406 -26.4091 4.3154 -36.9989 -1.9573 -48.7152 -30.7926 21.5795 -42.6661 -22.8081 -25.0592 -35.2753 34.5381 -47.9991 -27.9920 11.5228 -39.0532 -14.8596 -46.4856 -32.5201 28.0799 -44.8107 -25.3397 -3.5751 -36.3769 19.0389 -48.9568 -29.5835 17.2543 -41.1098 -20.1803 -38.3642 -34.1513 33.7940 -46.7397 -25.6294
-46.4678 33.2412 -33.9621 -39.8398 -19.6767 -40.8615 16.5764 -29.3912 -48.9097 22.3027 -36.2845 -5.4937 -25.1024 -44.5657 27.3204 -32.3254 -46.9598 -13.9927 -38.8199 10.8323 -27.8147 -47.8281 34.8553 -35.1155 -27.5725 -22.4490 -42.4227 20.8834 -30.6002 -48.7784 0.6369 -36.7955 3.4406 -26.2769 -45.9738 31.6239 -33.4382 -43.2136 -17.9245 -40.0239 14.0769 -29.2535 -49.2542 32.9583 -41.7930 -29.4516 -20.1227 -5.0730 -53.2660 32.4106 16.4471 -70.8185 -47.5031 -59.4484 -66.4623 -50.1305 17.9484 -20.4164 -15.9038 -34.2632 14.9271 -40.0226 -17.9209 -43.2348 -33.5140 31.6150 -45.9591 -26.3095 3.4295 -36.7966 0.6908 -48.7529 -30.6674 20.8784 -42.4195 -22.4619 -27.6224 -35.1850 34.8756 -47.8040 -27.8620 10.8262 -38.8200 -13.9867 -46.9646 -32.3990 27.3146 -44.5581 -25.1285 -5.5144 -36.3290 22.4089 -48.8642 -29.4467 16.5619 -40.8567 -19.6781 -39.8711 -34.0444 33.2449 -46.4475
