18.2483 -28.5430 -48.7483 13.3079 -35.9945 -14.5503 -22.7492 -43.4720 23.0307 -30.0832 -48.7845 -5.5184 -37.2726 -0.1370 -24.3580 -45.0301 27.9709 -31.5680 -47.7802 -13.4845 -38.6783 7.3923 -25.6751 -46.5190 31.7782 -33.0658 -43.9212 -17.5897 -40.1476 12.6708 -27.0220 -47.8083 30.5545 -34.5201 -34.5957 -20.3590 -41.6705 17.4459 -28.4164 -48.6715 16.7102 -35.8222 -17.4465 -22.4706 -43.2343 22.2803 -29.8610 -48.7873 -3.5495 -37.0506 -1.7258 -24.1417 -44.7919 27.9743 -35.6337 23.8409 -43.2314 -22.4710 -17.4465 -35.8222 16.7102 -48.6715 -28.4164 17.4459 -41.6705 -20.3590 -34.5957 -34.5201 30.5545 -47.8083 -27.0220 12.6708 -40.1476 -17.5897 -43.9212 -33.0658 31.7782 -46.5190 -25.6751 7.3923 -38.6783 -13.4845 -47.7802 -31.5680 27.9709 -45.0301 -24.3580 -0.1370 -37.2726 -5.5184 -48.7845 -30.0832 23.0307 -43.4720 -22.7492 -14.5503 -35.9945 13.3079 -48.7483 -28.5430 18.2483
-28.5430 -48.9510 23.0772 -35.8746 -10.1832 -24.2809 -43.5552 23.4604 -31.0458 -48.6731 -1.1274 -36.7125 1.9262 -25.9076 -45.2281 28.6450 -32.3728 -47.0763 -12.7677 -38.2905 8.4284 -27.0691 -46.7911 33.3803 -33.6722 -42.0561 -18.1267 -39.9252 13.3263 -28.2777 -48.1056 34.6616 -34.8643 -30.7582 -21.5289 -41.6031 17.9154 -29.5399 -48.9061 25.2846 -35.7907 -12.6659 -23.9825 -43.3019 22.7104 -30.8466 -48.7343 1.8895 -36.4753 0.6169 -25.7124 -44.9798 27.8517 -33.0940 -31.3042 -32.3165 22.7127 -43.3019 -23.9825 -12.6659 -35.7907 25.2846 -48.9061 -29.5399 17.9154 -41.6031 -21.5289 -30.7582 -34.8643 34.6616 -48.1056 -28.2777 13.3263 -39.9252 -18.1267 -42.0561 -33.6722 33.3803 -46.7911 -27.0691 8.4284 -38.2905 -12.7677 -47.0763 -32.3728 28.6450 -45.2281 -25.9076 1.9262 -36.7125 -1.1274 -48.6731 -31.0458 23.4604 -43.5552 -24.2809 -10.1832 -35.8746 23.0772 -48.9510 -28.5430
-48.7483 23.0772 -36.1953 -8.6497 -24.5044 -43.7768 24.1660 -31.3028 -48.5773 -3.6307 -36.9415 3.1022 -26.0668 -45.4706 29.4193 -32.6734 -46.5999 -13.7709 -38.5310 9.2130 -27.2439 -47.0076 33.9103 -34.0060 -40.8628 -18.7183 -40.1706 14.0132 -28.4799 -48.2665 34.1940 -35.2262 -28.3589 -21.9441 -41.8560 18.6091 -29.7718 -48.9545 22.4618 -36.1765 -10.1095 -24.2822 -43.5547 23.4582 -31.1080 -48.6749 -1.0629 -36.7073 1.9092 -25.8885 -45.2246 28.6356 -32.5013 -46.7688 -22.6047 -48.4927 -31.1838 23.4582 -43.5547 -24.2822 -10.1095 -36.1765 22.4618 -48.9545 -29.7718 18.6091 -41.8560 -21.9441 -28.3589 -35.2262 34.1940 -48.2665 -28.4799 14.0132 -40.1706 -18.7183 -40.8628 -34.0060 33.9103 -47.0076 -27.2439 9.2130 -38.5310 -13.7709 -46.5999 -32.6734 29.4193 -45.4706 -26.0668 3.1022 -36.9415 -3.6307 -48.5773 -31.3028 24.1660 -43.7768 -24.5044 -8.6497 -36.1953 23.0772 -48.7483
13.3079 -35.8746 -8.6497 -24.5924 -43.9178 24.7173 -31.4649 -48.4554 -5.6894 -37.1647 4.1581 -26.2350 -45.7069 30.1778 -32.8720 -46.0438 -14.6932 -38.7702 9.9720 -27.4234 -47.2181 34.3554 -34.1989 -39.5089 -19.2707 -40.4196 14.6888 -28.6693 -48.4155 33.4506 -35.3885 -25.8148 -22.3403 -42.1068 19.3093 -29.9672 -48.9782 19.1777 -36.2801 -7.7308 -24.5664 -43.8069 24.2136 -31.3106 -48.5776 -3.6033 -36.9387 3.0761 -26.0638 -45.4644 29.4076 -32.6703 -46.6114 -14.3891 -40.9438 -6.7545 -48.5788 -31.3107 24.2136 -43.8069 -24.5664 -7.7308 -36.2801 19.1777 -48.9782 -29.9672 19.3093 -42.1068 -22.3403 -25.8148 -35.3885 33.4506 -48.4155 -28.6693 14.6888 -40.4196 -19.2707 -39.5089 -34.1989 34.3554 -47.2181 -27.4234 9.9720 -38.7702 -14.6932 -46.0438 -32.8720 30.1778 -45.7069 -26.2350 4.1581 -37.1647 -5.6894 -48.4554 -31.4649 24.7173 -43.9178 -24.5924 -8.6497 -35.8746 13.3079
-35.9945 -10.1832 -24.5044 -43.9178 24.9351 -31.5606 -48.3423 -7.1949 -37.3669 5.0712 -26.3967 -45.9340 30.9002 -33.0665 -45.4160 -15.5219 -39.0099 10.7027 -27.6046 -47.4200 34.6980 -34.3859 -37.9925 -19.7971 -40.6692 15.3707 -28.8585 -48.5508 32.4079 -35.5479 -23.1026 -22.7161 -42.3603 20.0104 -30.1641 -48.9752 15.5649 -36.3706 -5.5801 -24.8370 -44.0557 24.9785 -31.5119 -48.4384 -5.7950 -37.1714 4.1598 -26.2353 -45.7043 30.1606 -32.8734 -46.0531 -14.6751 -38.9174 19.5834 -37.5430 -5.7588 -48.4384 -31.5119 24.9785 -44.0557 -24.8370 -5.5801 -36.3706 15.5649 -48.9752 -30.1641 20.0104 -42.3603 -22.7161 -23.1026 -35.5479 32.4079 -48.5508 -28.8585 15.3707 -40.6692 -19.7971 -37.9925 -34.3859 34.6980 -47.4200 -27.6046 10.7027 -39.0099 -15.5219 -45.4160 -33.0665 30.9002 -45.9340 -26.3967 5.0712 -37.3669 -7.1949 -48.3423 -31.5606 24.9351 -43.9178 -24.5044 -10.1832 -35.9945
-14.5503 -24.2809 -43.7768 24.7173 -31.5606 -48.2945 -7.9884 -37.5123 5.7777 -26.5386 -46.1401 31.5623 -33.2546 -44.7060 -16.2647 -39.2474 11.4055 -27.7845 -47.6144 34.9137 -34.5704 -36.3201 -20.2956 -40.9194 16.0520 -29.0490 -48.6692 31.0256 -35.6965 -20.2829 -23.0770 -42.6138 20.7259 -30.3628 -48.9418 11.7944 -36.4495 -3.6535 -25.0921 -44.3059 25.7415 -31.7136 -48.2553 -7.6755 -37.4029 5.1646 -26.4080 -45.9411 30.9049 -33.0729 -45.4081 -15.5202 -39.0061 11.1177 -32.3432 6.5688 -37.4005 -7.6760 -48.2553 -31.7136 25.7415 -44.3059 -25.0921 -3.6535 -36.4495 11.7944 -48.9418 -30.3628 20.7259 -42.6138 -23.0770 -20.2829 -35.6965 31.0256 -48.6692 -29.0490 16.0520 -40.9194 -20.2956 -36.3201 -34.5704 34.9137 -47.6144 -27.7845 11.4055 -39.2474 -16.2647 -44.7060 -33.2546 31.5623 -46.1401 -26.5386 5.7777 -37.5123 -7.9884 -48.2945 -31.5606 24.7173 -43.7768 -24.2809 -14.5503
-22.7492 -43.5552 24.1660 -31.4649 -48.3423 -7.9884 -37.5644 6.1693 -26.6403 -46.3055 32.1130 -33.4240 -43.9441 -16.9352 -39.4797 12.0859 -27.9616 -47.7981 34.9834 -34.7501 -34.4702 -20.7634 -41.1708 16.7343 -29.2423 -48.7731 29.2944 -35.8378 -17.4553 -23.4226 -42.8645 21.4492 -30.5622 -48.8751 7.9687 -36.5074 -1.9289 -25.3295 -44.5555 26.5166 -31.9173 -48.0200 -9.2807 -37.6385 6.0951 -26.5823 -46.1745 31.6237 -33.2716 -44.6737 -16.2933 -39.2511 11.4020 -28.4513 -48.8321 -27.6530 6.0750 -37.6385 -9.2807 -48.0200 -31.9173 26.5166 -44.5555 -25.3295 -1.9289 -36.5074 7.9687 -48.8751 -30.5622 21.4492 -42.8645 -23.4226 -17.4553 -35.8378 29.2944 -48.7731 -29.2423 16.7343 -41.1708 -20.7634 -34.4702 -34.7501 34.9834 -47.7981 -27.9616 12.0859 -39.4797 -16.9352 -43.9441 -33.4240 32.1130 -46.3055 -26.6403 6.1693 -37.5644 -7.9884 -48.3423 -31.4649 24.1660 -43.5552 -22.7492
-43.4720 23.4604 -31.3028 -48.4554 -7.1949 -37.5123 6.1693 -26.6778 -46.3995 32.4862 -33.5560 -43.2240 -17.4986 -39.6990 12.7295 -28.1373 -47.9706 34.8894 -34.9214 -32.4658 -21.2025 -41.4165 17.4114 -29.4337 -48.8587 27.1458 -35.9721 -14.6386 -23.7502 -43.1181 22.1735 -30.7633 -48.7903 4.3413 -36.5491 -0.4028 -25.5506 -44.8011 27.2971 -32.1187 -47.7289 -10.6923 -37.8753 6.9834 -26.7566 -46.4044 32.3076 -33.4718 -43.8252 -17.0001 -39.4963 12.1158 -27.9850 -47.5303 8.3379 -46.2513 -26.7920 6.9836 -37.8753 -10.6923 -47.7289 -32.1187 27.2971 -44.8011 -25.5506 -0.4028 -36.5491 4.3413 -48.7903 -30.7633 22.1735 -43.1181 -23.7502 -14.6386 -35.9721 27.1458 -48.8587 -29.4337 17.4114 -41.4165 -21.2025 -32.4658 -34.9214 34.8894 -47.9706 -28.1373 12.7295 -39.6990 -17.4986 -43.2240 -33.5560 32.4862 -46.3995 -26.6778 6.1693 -37.5123 -7.1949 -48.4554 -31.3028 23.4604 -43.4720
23.0307 -31.0458 -48.5773 -5.6894 -37.3669 5.7777 -26.6403 -46.3995 32.6190 -33.6303 -42.6803 -17.9174 -39.8848 13.2992 -28.3003 -48.1276 34.6125 -35.0869 -30.3076 -21.6159 -41.6588 18.0756 -29.6222 -48.9220 24.6117 -36.0906 -11.9726 -24.0602 -43.3712 22.9151 -30.9629 -48.7212 1.0629 -36.6120 0.9831 -25.7535 -45.0473 28.0705 -32.3207 -47.3801 -11.9336 -38.1132 7.8269 -26.9327 -46.6272 32.9480 -33.6679 -42.8553 -17.6628 -39.7424 12.8145 -28.1534 -47.9708 34.9384 -37.3385 33.9515 -46.6098 -26.9320 7.8269 -38.1132 -11.9336 -47.3801 -32.3207 28.0705 -45.0473 -25.7535 0.9831 -36.6120 1.0629 -48.7212 -30.9629 22.9151 -43.3712 -24.0602 -11.9726 -36.0906 24.6117 -48.9220 -29.6222 18.0756 -41.6588 -21.6159 -30.3076 -35.0869 34.6125 -48.1276 -28.3003 13.2992 -39.8848 -17.9174 -42.6803 -33.6303 32.6190 -46.3995 -26.6403 5.7777 -37.3669 -5.6894 -48.5773 -31.0458 23.0307
-30.0832 -48.6731 -3.6307 -37.1647 5.0712 -26.5386 -46.3055 32.4862 -33.6303 -42.4751 -18.1446 -40.0109 13.7333 -28.4349 -48.2565 34.1770 -35.2388 -28.0449 -22.0057 -41.9014 18.7431 -29.8104 -48.9632 21.7484 -36.1970 -9.5387 -24.3503 -43.6174 23.6544 -31.1607 -48.6521 -1.8063 -36.7706 2.2423 -25.9374 -45.2913 28.8480 -32.5235 -46.9594 -13.0263 -38.3529 8.6335 -27.1111 -46.8475 33.5246 -33.8623 -41.7667 -18.2838 -39.9869 13.5051 -28.3404 -48.1490 34.5838 -35.6935 1.3295 -35.0004 33.5213 -46.8478 -27.1111 8.6335 -38.3529 -13.0263 -46.9594 -32.5235 28.8480 -45.2913 -25.9374 2.2423 -36.7706 -1.8063 -48.6521 -31.1607 23.6544 -43.6174 -24.3503 -9.5387 -36.1970 21.7484 -48.9632 -29.8104 18.7431 -41.9014 -22.0057 -28.0449 -35.2388 34.1770 -48.2565 -28.4349 13.7333 -40.0109 -18.1446 -42.4751 -33.6303 32.4862 -46.3055 -26.5386 5.0712 -37.1647 -3.6307 -48.6731 -30.0832
-48.7845 -1.1274 -36.9415 4.1581 -26.3967 -46.1401 32.1130 -33.5560 -42.6803 -18.1446 -40.0557 13.9684 -28.5246 -48.3492 33.6807 -35.3662 -25.8502 -22.3579 -42.1342 19.4069 -29.9995 -48.9814 18.5239 -36.2944 -7.3019 -24.6224 -43.8594 24.3825 -31.3568 -48.5471 -4.2091 -36.9991 3.3797 -26.1104 -45.5301 29.6177 -32.7257 -46.4639 -14.0194 -38.5911 9.4121 -27.2896 -47.0628 34.0340 -34.0571 -40.5260 -18.8613 -40.2352 14.1832 -28.5291 -48.3066 34.0283 -35.2965 -26.2387 -27.9552 -38.3797 -34.1327 34.0339 -47.0628 -27.2896 9.4121 -38.5911 -14.0194 -46.4639 -32.7257 29.6177 -45.5301 -26.1104 3.3797 -36.9991 -4.2091 -48.5471 -31.3568 24.3825 -43.8594 -24.6224 -7.3019 -36.2944 18.5239 -48.9814 -29.9995 19.4069 -42.1342 -22.3579 -25.8502 -35.3662 33.6807 -48.3492 -28.5246 13.9684 -40.0557 -18.1446 -42.6803 -33.5560 32.1130 -46.1401 -26.3967 4.1581 -36.9415 -1.1274 -48.7845
-5.5184 -36.7125 3.1022 -26.2350 -45.9340 31.5623 -33.4240 -43.2240 -17.9174 -40.0109 13.9684 -28.5558 -48.3978 33.2717 -35.4596 -23.9978 -22.6499 -42.3428 20.0287 -30.1802 -48.9756 15.0117 -36.3794 -5.2741 -24.8798 -44.1006 25.1173 -31.5513 -48.4039 -6.2369 -37.2256 4.4128 -26.2788 -45.7657 30.3636 -32.9236 -45.8929 -14.9182 -38.8327 10.1577 -27.4699 -47.2696 34.4553 -34.2462 -39.1319 -19.4102 -40.4842 14.8662 -28.7173 -48.4521 33.2107 -35.4319 -25.1381 -22.8921 -44.9050 -20.4366 -39.1640 -34.2448 34.4553 -47.2696 -27.4699 10.1577 -38.8327 -14.9182 -45.8929 -32.9236 30.3636 -45.7657 -26.2788 4.4128 -37.2256 -6.2369 -48.4039 -31.5513 25.1173 -44.1006 -24.8798 -5.2741 -36.3794 15.0117 -48.9756 -30.1802 20.0287 -42.3428 -22.6499 -23.9978 -35.4596 33.2717 -48.3978 -28.5558 13.9684 -40.0109 -17.9174 -43.2240 -33.4240 31.5623 -45.9340 -26.2350 3.1022 -36.7125 -5.5184
-37.2726 1.9262 -26.0668 -45.7069 30.9002 -33.2546 -43.9441 -17.4986 -39.8848 13.7333 -28.5246 -48.3978 33.1119 -35.5093 -22.7468 -22.8616 -42.5132 20.5581 -30.3401 -48.9457 11.5412 -36.4522 -3.4510 -25.1223 -44.3409 25.8583 -31.7461 -48.2176 -7.9851 -37.4506 5.3625 -26.4450 -45.9951 31.0804 -33.1160 -45.2425 -15.7189 -39.0727 10.8821 -27.6513 -47.4721 34.7653 -34.4332 -37.5887 -19.9290 -40.7339 15.5473 -28.9070 -48.5817 32.0815 -35.5859 -22.3757 -22.8165 -42.5254 30.7893 -41.0476 -19.9311 -37.5885 -34.4332 34.7653 -47.4721 -27.6513 10.8821 -39.0727 -15.7189 -45.2425 -33.1160 31.0804 -45.9951 -26.4450 5.3625 -37.4506 -7.9851 -48.2176 -31.7461 25.8583 -44.3409 -25.1223 -3.4510 -36.4522 11.5412 -48.9457 -30.3401 20.5581 -42.5132 -22.8616 -22.7468 -35.5093 33.1119 -48.3978 -28.5246 13.7333 -39.8848 -17.4986 -43.9441 -33.2546 30.9002 -45.7069 -26.0668 1.9262 -37.2726
-0.1370 -25.9076 -45.4706 30.1778 -33.0665 -44.7060 -16.9352 -39.6990 13.2992 -28.4349 -48.3492 33.2717 -35.5093 -22.2910 -22.9752 -42.6279 20.9625 -30.4690 -48.9013 8.4851 -36.5042 -1.9031 -25.3428 -44.5767 26.6040 -31.9410 -47.9837 -9.5035 -37.6769 6.2550 -26.6124 -46.2185 31.7640 -33.3079 -44.5080 -16.4465 -39.3078 11.5815 -27.8299 -47.6643 34.9460 -34.6180 -35.8505 -20.4158 -40.9848 16.2284 -29.0994 -48.6981 30.6262 -35.7332 -19.5687 -23.1683 -42.6752 21.3460 -34.5418 17.2669 -40.9804 -20.4156 -35.8505 -34.6180 34.9460 -47.6643 -27.8299 11.5815 -39.3078 -16.4465 -44.5080 -33.3079 31.7640 -46.2185 -26.6124 6.2550 -37.6769 -9.5035 -47.9837 -31.9410 26.6040 -44.5767 -25.3428 -1.9031 -36.5042 8.4851 -48.9013 -30.4690 20.9625 -42.6279 -22.9752 -22.2910 -35.5093 33.2717 -48.3492 -28.4349 13.2992 -39.6990 -16.9352 -44.7060 -33.0665 30.1778 -45.4706 -25.9076 -0.1370
-24.3580 -45.2281 29.4193 -32.8720 -45.4160 -16.2647 -39.4797 12.7295 -28.3003 -48.2565 33.6807 -35.4596 -22.7468 -22.9752 -42.6697 21.1904 -30.5551 -48.8580 6.0978 -36.5358 -0.6836 -25.5310 -44.7977 27.3204 -32.1332 -47.6976 -10.8349 -37.9044 7.1000 -26.7811 -46.4383 32.4142 -33.4987 -43.6719 -17.1219 -39.5433 12.2593 -28.0073 -47.8433 34.9757 -34.7946 -33.9546 -20.8774 -41.2335 16.9126 -29.2912 -48.7971 28.7785 -35.8751 -16.7167 -23.5076 -42.9305 21.6276 -31.4428 -44.2292 -30.6166 16.8996 -41.2335 -20.8774 -33.9546 -34.7946 34.9757 -47.8433 -28.0073 12.2593 -39.5433 -17.1219 -43.6719 -33.4987 32.4142 -46.4383 -26.7811 7.1000 -37.9044 -10.8349 -47.6976 -32.1332 27.3204 -44.7977 -25.5310 -0.6836 -36.5358 6.0978 -48.8580 -30.5551 21.1904 -42.6697 -22.9752 -22.7468 -35.4596 33.6807 -48.2565 -28.3003 12.7295 -39.4797 -16.2647 -45.4160 -32.8720 29.4193 -45.2281 -24.3580
-45.0301 28.6450 -32.6734 -46.0438 -15.5219 -39.2474 12.0859 -28.1373 -48.1276 34.1770 -35.3662 -23.9978 -22.8616 -42.6279 21.1904 -30.5864 -48.8293 4.5890 -36.5553 0.2233 -25.6779 -44.9905 27.9732 -32.3115 -47.3701 -11.9979 -38.1331 7.9055 -26.9510 -46.6540 33.0212 -33.6880 -42.7245 -17.7521 -39.7797 12.9281 -28.1859 -48.0135 34.8360 -34.9647 -31.9278 -21.3106 -41.4788 17.5829 -29.4816 -48.8762 26.5208 -36.0025 -13.9242 -23.8331 -43.1837 22.3654 -30.8388 -48.7299 -17.7701 -48.7257 -29.5379 17.5830 -41.4788 -21.3106 -31.9278 -34.9647 34.8360 -48.0135 -28.1859 12.9281 -39.7797 -17.7521 -42.7245 -33.6880 33.0212 -46.6540 -26.9510 7.9055 -38.1331 -11.9979 -47.3701 -32.3115 27.9732 -44.9905 -25.6779 0.2233 -36.5553 4.5890 -48.8293 -30.5864 21.1904 -42.6279 -22.8616 -23.9978 -35.3662 34.1770 -48.1276 -28.1373 12.0859 -39.2474 -15.5219 -46.0438 -32.6734 28.6450 -45.0301
27.9709 -32.3728 -46.5999 -14.6932 -39.0099 11.4055 -27.9616 -47.9706 34.6125 -35.2388 -25.8502 -22.6499 -42.5132 20.9625 -30.5551 -48.8293 4.0652 -36.5629 0.7838 -25.7789 -45.1418 28.5189 -32.4659 -47.0279 -12.9675 -38.3532 8.6674 -27.1215 -46.8651 33.5735 -33.8756 -41.6557 -18.3429 -40.0171 13.5903 -28.3656 -48.1742 34.5012 -35.1304 -29.7242 -21.7193 -41.7211 18.2467 -29.6705 -48.9347 23.9121 -36.1174 -11.3287 -24.1385 -43.4337 23.1086 -31.0138 -48.7075 -1.1401 -39.0710 19.8670 -48.8885 -29.6695 18.2467 -41.7211 -21.7193 -29.7242 -35.1304 34.5012 -48.1742 -28.3656 13.5903 -40.0171 -18.3429 -41.6557 -33.8756 33.5735 -46.8651 -27.1215 8.6674 -38.3532 -12.9675 -47.0279 -32.4659 28.5189 -45.1418 -25.7789 0.7838 -36.5629 4.0652 -48.8293 -30.5551 20.9625 -42.5132 -22.6499 -25.8502 -35.2388 34.6125 -47.9706 -27.9616 11.4055 -39.0099 -14.6932 -46.5999 -32.3728 27.9709
-31.5680 -47.0763 -13.7709 -38.7702 10.7027 -27.7845 -47.7981 34.8894 -35.0869 -28.0449 -22.3579 -42.3428 20.5581 -30.4690 -48.8580 4.5890 -36.5629 0.9692 -25.8324 -45.2389 28.9123 -32.5861 -46.7045 -13.7300 -38.5479 9.3400 -27.2832 -47.0658 34.0516 -34.0612 -40.4547 -18.8990 -40.2554 14.2480 -28.5465 -48.3243 33.9421 -35.2911 -27.3504 -22.1100 -41.9639 18.9157 -29.8590 -48.9702 20.9517 -36.2232 -8.9439 -24.4217 -43.6797 23.8412 -31.2123 -48.6291 -2.4339 -36.9870 13.8890 -36.6227 21.0619 -48.9712 -29.8590 18.9157 -41.9639 -22.1100 -27.3504 -35.2911 33.9421 -48.3243 -28.5465 14.2480 -40.2554 -18.8990 -40.4547 -34.0612 34.0516 -47.0658 -27.2832 9.3400 -38.5479 -13.7300 -46.7045 -32.5861 28.9123 -45.2389 -25.8324 0.9692 -36.5629 4.5890 -48.8580 -30.4690 20.5581 -42.3428 -22.3579 -28.0449 -35.0869 34.8894 -47.7981 -27.7845 10.7027 -38.7702 -13.7709 -47.0763 -31.5680
-47.7802 -12.7677 -38.5310 9.9720 -27.6046 -47.6144 34.9834 -34.9214 -30.3076 -22.0057 -42.1342 20.0287 -30.3401 -48.9013 6.0978 -36.5553 0.7838 -25.8324 -45.2723 29.1232 -32.6620 -46.4488 -14.2866 -38.7101 9.9014 -27.4269 -47.2448 34.4295 -34.2392 -39.1311 -19.4244 -40.4946 14.9030 -28.7285 -48.4626 33.1276 -35.4463 -24.8244 -22.4839 -42.2070 19.5907 -30.0483 -48.9821 17.6441 -36.3175 -6.7605 -24.6900 -43.9215 24.5708 -31.4068 -48.5142 -4.7602 -37.0588 4.2722 -31.1541 -3.7125 -36.3607 17.6441 -48.9821 -30.0483 19.5907 -42.2070 -22.4839 -24.8244 -35.4463 33.1276 -48.4626 -28.7285 14.9030 -40.4946 -19.4244 -39.1311 -34.2392 34.4295 -47.2448 -27.4269 9.9014 -38.7101 -14.2866 -46.4488 -32.6620 29.1232 -45.2723 -25.8324 0.7838 -36.5553 6.0978 -48.9013 -30.3401 20.0287 -42.1342 -22.0057 -30.3076 -34.9214 34.9834 -47.6144 -27.6046 9.9720 -38.5310 -12.7677 -47.7802
-13.4845 -38.2905 9.2130 -27.4234 -47.4200 34.9137 -34.7501 -32.4658 -21.6159 -41.9014 19.4069 -30.1802 -48.9457 8.4851 -36.5358 0.2233 -25.7789 -45.2389 29.1232 -32.6887 -46.3056 -14.6216 -38.8264 10.3301 -27.5456 -47.3937 34.6946 -34.3994 -37.7485 -19.9014 -40.7311 15.5570 -28.9117 -48.5881 32.0254 -35.5954 -22.1774 -22.8417 -42.4503 20.2726 -30.2386 -48.9678 14.0763 -36.3992 -4.7862 -24.9436 -44.1625 25.3073 -31.6013 -48.3603 -6.7111 -37.2833 4.6587 -26.8782 -48.1465 -25.9278 -4.8025 -36.3992 14.0763 -48.9678 -30.2386 20.2726 -42.4503 -22.8417 -22.1774 -35.5954 32.0254 -48.5881 -28.9117 15.5570 -40.7311 -19.9014 -37.7485 -34.3994 34.6946 -47.3937 -27.5456 10.3301 -38.8264 -14.6216 -46.3056 -32.6887 29.1232 -45.2389 -25.7789 0.2233 -36.5358 8.4851 -48.9457 -30.1802 19.4069 -41.9014 -21.6159 -32.4658 -34.7501 34.9137 -47.4200 -27.4234 9.2130 -38.2905 -13.4845
-38.6783 8.4284 -27.2439 -47.2181 34.6980 -34.5704 -34.4702 -21.2025 -41.6588 18.7431 -29.9995 -48.9756 11.5412 -36.5042 -0.6836 -25.6779 -45.1418 28.9123 -32.6620 -46.3056 -14.7316 -38.8863 10.5923 -27.6301 -47.5059 34.8516 -34.5348 -36.3965 -20.3154 -40.9510 16.1833 -29.0933 -48.6992 30.6028 -35.7376 -19.4558 -23.1840 -42.6937 20.9618 -30.4296 -48.9245 10.3895 -36.4669 -3.0125 -25.1822 -44.4026 26.0497 -31.7962 -48.1622 -8.3956 -37.5087 5.5970 -26.5011 -45.9957 32.5750 -44.5273 -25.2098 -3.0125 -36.4669 10.3895 -48.9245 -30.4296 20.9618 -42.6937 -23.1840 -19.4558 -35.7376 30.6028 -48.6992 -29.0933 16.1833 -40.9510 -20.3154 -36.3965 -34.5348 34.8516 -47.5059 -27.6301 10.5923 -38.8863 -14.7316 -46.3056 -32.6620 28.9123 -45.1418 -25.6779 -0.6836 -36.5042 11.5412 -48.9756 -29.9995 18.7431 -41.6588 -21.2025 -34.4702 -34.5704 34.6980 -47.2181 -27.2439 8.4284 -38.6783
7.3923 -27.0691 -47.0076 34.3554 -34.3859 -36.3201 -20.7634 -41.4165 18.0756 -29.8104 -48.9814 15.0117 -36.4522 -1.9031 -25.5310 -44.9905 28.5189 -32.5861 -46.4488 -14.6216 -38.8863 10.6825 -27.6751 -47.5759 34.9273 -34.6352 -35.2149 -20.6608 -41.1468 16.7456 -29.2617 -48.7917 28.8563 -35.8712 -16.7195 -23.5113 -42.9370 21.6589 -30.6214 -48.8493 6.7629 -36.5194 -1.4208 -25.4053 -44.6414 26.7963 -31.9911 -47.9154 -9.8622 -37.7353 6.4765 -26.6557 -46.2706 32.4045 -36.6102 28.0492 -44.6339 -25.4053 -1.4208 -36.5194 6.7629 -48.8493 -30.6214 21.6589 -42.9370 -23.5113 -16.7195 -35.8712 28.8563 -48.7917 -29.2617 16.7456 -41.1468 -20.6608 -35.2149 -34.6352 34.9273 -47.5759 -27.6751 10.6825 -38.8863 -14.6216 -46.4488 -32.5861 28.5189 -44.9905 -25.5310 -1.9031 -36.4522 15.0117 -48.9814 -29.8104 18.0756 -41.4165 -20.7634 -36.3201 -34.3859 34.3554 -47.0076 -27.0691 7.3923
-25.6751 -46.7911 33.9103 -34.1989 -37.9925 -20.2956 -41.1708 17.4114 -29.6222 -48.9632 18.5239 -36.3794 -3.4510 -25.3428 -44.7977 27.9732 -32.4659 -46.7045 -14.2866 -38.8264 10.5923 -27.6751 -47.5999 34.9553 -34.6968 -34.3373 -20.9140 -41.3084 17.2329 -29.4066 -48.8603 26.9423 -35.9898 -14.1110 -23.8197 -43.1802 22.3641 -30.8140 -48.7701 3.3687 -36.5550 0.0117 -25.6125 -44.8788 27.5452 -32.1861 -47.6150 -11.1514 -37.9631 7.3106 -26.8247 -46.4941 32.5747 -34.3772 -15.5402 -33.5780 27.5417 -44.8788 -25.6125 0.0117 -36.5550 3.3687 -48.7701 -30.8140 22.3641 -43.1802 -23.8197 -14.1110 -35.9898 26.9423 -48.8603 -29.4066 17.2329 -41.3084 -20.9140 -34.3373 -34.6968 34.9553 -47.5999 -27.6751 10.5923 -38.8264 -14.2866 -46.7045 -32.4659 27.9732 -44.7977 -25.3428 -3.4510 -36.3794 18.5239 -48.9632 -29.6222 17.4114 -41.1708 -20.2956 -37.9925 -34.1989 33.9103 -46.7911 -25.6751
-46.5190 33.3803 -34.0060 -39.5089 -19.7971 -40.9194 16.7343 -29.4337 -48.9220 21.7484 -36.2944 -5.2741 -25.1223 -44.5767 27.3204 -32.3115 -47.0279 -13.7300 -38.7101 10.3301 -27.6301 -47.5759 34.9553 -34.7188 -33.8695 -21.0687 -41.4197 17.6086 -29.5265 -48.9073 25.0505 -36.0883 -11.8268 -24.0971 -43.4129 23.0672 -31.0071 -48.7083 0.3217 -36.6375 1.3081 -25.8030 -45.1145 28.2936 -32.3810 -47.2558 -12.2958 -38.1921 8.1070 -26.9949 -46.7087 33.1689 -33.7674 -41.7980 -25.2072 -46.5498 -32.4577 28.2936 -45.1145 -25.8030 1.3081 -36.6375 0.3217 -48.7083 -31.0071 23.0672 -43.4129 -24.0971 -11.8268 -36.0883 25.0505 -48.9073 -29.5265 17.6086 -41.4197 -21.0687 -33.8695 -34.7188 34.9553 -47.5759 -27.6301 10.3301 -38.7101 -13.7300 -47.0279 -32.3115 27.3204 -44.5767 -25.1223 -5.2741 -36.2944 21.7484 -48.9220 -29.4337 16.7343 -40.9194 -19.7971 -39.5089 -34.0060 33.3803 -46.5190
31.7782 -33.6722 -40.8628 -19.2707 -40.6692 16.0520 -29.2423 -48.8587 24.6117 -36.1970 -7.3019 -24.8798 -44.3409 26.6040 -32.1332 -47.3701 -12.9675 -38.5479 9.9014 -27.5456 -47.5059 34.9273 -34.6968 -33.8695 -21.1236 -41.4790 17.8386 -29.6121 -48.9369 23.2952 -36.1677 -9.9418 -24.3340 -43.6244 23.7269 -31.1925 -48.6349 -2.3384 -36.8177 2.4898 -25.9772 -45.3483 29.0383 -32.5757 -46.8318 -13.3213 -38.4224 8.8722 -27.1664 -46.9186 33.7051 -33.9236 -41.3654 -18.9584 -42.6577 -14.8319 -46.8360 -32.5757 29.0383 -45.3483 -25.9772 2.4898 -36.8177 -2.3384 -48.6349 -31.1925 23.7269 -43.6244 -24.3340 -9.9418 -36.1677 23.2952 -48.9369 -29.6121 17.8386 -41.4790 -21.1236 -33.8695 -34.6968 34.9273 -47.5059 -27.5456 9.9014 -38.5479 -12.9675 -47.3701 -32.1332 26.6040 -44.3409 -24.8798 -7.3019 -36.1970 24.6117 -48.8587 -29.2423 16.0520 -40.6692 -19.2707 -40.8628 -33.6722 31.7782
-33.0658 -42.0561 -18.7183 -40.4196 15.3707 -29.0490 -48.7731 27.1458 -36.0906 -9.5387 -24.6224 -44.1006 25.8583 -31.9410 -47.6976 -11.9979 -38.3532 9.3400 -27.4269 -47.3937 34.8516 -34.6352 -34.3373 -21.0687 -41.4790 17.9172 -29.6568 -48.9518 21.9504 -36.2260 -8.4579 -24.5307 -43.8113 24.3199 -31.3593 -48.5352 -4.5385 -37.0372 3.5754 -26.1426 -45.5798 29.7750 -32.7699 -46.3365 -14.2484 -38.6538 9.6116 -27.3392 -47.1233 34.1695 -34.1086 -40.1233 -19.0388 -40.4536 24.1946 -39.0123 -14.2428 -46.3365 -32.7699 29.7750 -45.5798 -26.1426 3.5754 -37.0372 -4.5385 -48.5352 -31.3593 24.3199 -43.8113 -24.5307 -8.4579 -36.2260 21.9504 -48.9518 -29.6568 17.9172 -41.4790 -21.0687 -34.3373 -34.6352 34.8516 -47.3937 -27.4269 9.3400 -38.3532 -11.9979 -47.6976 -31.9410 25.8583 -44.1006 -24.6224 -9.5387 -36.0906 27.1458 -48.7731 -29.0490 15.3707 -40.4196 -18.7183 -42.0561 -33.0658
-43.9212 -18.1267 -40.1706 14.6888 -28.8585 -48.6692 29.2944 -35.9721 -11.9726 -24.3503 -43.8594 25.1173 -31.7461 -47.9837 -10.8349 -38.1331 8.6674 -27.2832 -47.2448 34.6946 -34.5348 -35.2149 -20.9140 -41.4197 17.8386 -29.6568 -48.9562 21.2489 -36.2603 -7.4542 -24.6790 -43.9666 24.8438 -31.5055 -48.4205 -6.2549 -37.2418 4.5394 -26.3054 -45.8088 30.4988 -32.9635 -45.7630 -15.0933 -38.8863 10.3296 -27.5131 -47.3222 34.5464 -34.2913 -38.7409 -19.5549 -40.5555 15.4803 -33.2586 11.4413 -38.8859 -15.0933 -45.7630 -32.9635 30.4988 -45.8088 -26.3054 4.5394 -37.2418 -6.2549 -48.4205 -31.5055 24.8438 -43.9666 -24.6790 -7.4542 -36.2603 21.2489 -48.9562 -29.6568 17.8386 -41.4197 -20.9140 -35.2149 -34.5348 34.6946 -47.2448 -27.2832 8.6674 -38.1331 -10.8349 -47.9837 -31.7461 25.1173 -43.8594 -24.3503 -11.9726 -35.9721 29.2944 -48.6692 -28.8585 14.6888 -40.1706 -18.1267 -43.9212
-17.5897 -39.9252 14.0132 -28.6693 -48.5508 31.0256 -35.8378 -14.6386 -24.0602 -43.6174 24.3825 -31.5513 -48.2176 -9.5035 -37.9044 7.9055 -27.1215 -47.0658 34.4295 -34.3994 -36.3965 -20.6608 -41.3084 17.6086 -29.6121 -48.9518 21.2489 -36.2714 -6.9688 -24.7681 -44.0769 25.2547 -31.6294 -48.2975 -7.5799 -37.4218 5.3502 -26.4574 -46.0253 31.1937 -33.1563 -45.1034 -15.8688 -39.1199 11.0304 -27.6883 -47.5146 34.8179 -34.4712 -37.2021 -20.0460 -40.7963 15.7222 -29.7024 -48.2984 -28.8795 11.0231 -39.1199 -15.8688 -45.1034 -33.1563 31.1937 -46.0253 -26.4574 5.3502 -37.4218 -7.5799 -48.2975 -31.6294 25.2547 -44.0769 -24.7681 -6.9688 -36.2714 21.2489 -48.9518 -29.6121 17.6086 -41.3084 -20.6608 -36.3965 -34.3994 34.4295 -47.0658 -27.1215 7.9055 -37.9044 -9.5035 -48.2176 -31.5513 24.3825 -43.6174 -24.0602 -14.6386 -35.8378 31.0256 -48.5508 -28.6693 14.0132 -39.9252 -17.5897
-40.1476 13.3263 -28.4799 -48.4155 32.4079 -35.6965 -17.4553 -23.7502 -43.3712 23.6544 -31.3568 -48.4039 -7.9851 -37.6769 7.1000 -26.9510 -46.8651 34.0516 -34.2392 -37.7485 -20.3154 -41.1468 17.2329 -29.5265 -48.9369 21.9504 -36.2603 -6.9688 -24.7974 -44.1319 25.5085 -31.7185 -48.1840 -8.5963 -37.5798 6.0187 -26.5913 -46.2167 31.8156 -33.3385 -44.3607 -16.5853 -39.3546 11.7172 -27.8647 -47.6998 34.9637 -34.6480 -35.4973 -20.5129 -41.0371 16.3799 -29.1654 -48.4671 -8.7404 -47.5132 -27.9095 11.7173 -39.3546 -16.5853 -44.3607 -33.3385 31.8156 -46.2167 -26.5913 6.0187 -37.5798 -8.5963 -48.1840 -31.7185 25.5085 -44.1319 -24.7974 -6.9688 -36.2603 21.9504 -48.9369 -29.5265 17.2329 -41.1468 -20.3154 -37.7485 -34.2392 34.0516 -46.8651 -26.9510 7.1000 -37.6769 -7.9851 -48.4039 -31.3568 23.6544 -43.3712 -23.7502 -17.4553 -35.6965 32.4079 -48.4155 -28.4799 13.3263 -40.1476
12.6708 -28.2777 -48.2665 33.4506 -35.5479 -20.2829 -23.4226 -43.1181 22.9151 -31.1607 -48.5471 -6.2369 -37.4506 6.2550 -26.7811 -46.6540 33.5735 -34.0612 -39.1311 -19.9014 -40.9510 16.7456 -29.4066 -48.9073 23.2952 -36.2260 -7.4542 -24.7681 -44.1319 25.5933 -31.7630 -48.1068 -9.2790 -37.7060 6.5623 -26.7057 -46.3800 32.3347 -33.4970 -43.5950 -17.2145 -39.5836 12.3837 -28.0423 -47.8770 34.9613 -34.8212 -33.6187 -20.9577 -41.2785 17.0368 -29.3292 -48.8013 27.3627 -38.0138 34.9363 -47.8514 -28.0414 12.3837 -39.5836 -17.2145 -43.5950 -33.4970 32.3347 -46.3800 -26.7057 6.5623 -37.7060 -9.2790 -48.1068 -31.7630 25.5933 -44.1319 -24.7681 -7.4542 -36.2260 23.2952 -48.9073 -29.4066 16.7456 -40.9510 -19.9014 -39.1311 -34.0612 33.5735 -46.6540 -26.7811 6.2550 -37.4506 -6.2369 -48.5471 -31.1607 22.9151 -43.1181 -23.4226 -20.2829 -35.5479 33.4506 -48.2665 -28.2777 12.6708
-27.0220 -48.1056 34.1940 -35.3885 -23.1026 -23.0770 -42.8645 22.1735 -30.9629 -48.6521 -4.2091 -37.2256 5.3625 -26.6124 -46.4383 33.0212 -33.8756 -40.4547 -19.4244 -40.7311 16.1833 -29.2617 -48.8603 25.0505 -36.1677 -8.4579 -24.6790 -44.0769 25.5085 -31.7630 -48.0798 -9.6051 -37.7840 6.9465 -26.7965 -46.5134 32.7498 -33.6315 -42.8667 -17.7347 -39.7933 13.0041 -28.2137 -48.0431 34.7856 -34.9905 -31.5621 -21.3821 -41.5205 17.6971 -29.5158 -48.8895 26.0898 -36.3354 7.6130 -35.8005 34.8113 -48.0436 -28.2137 13.0041 -39.7933 -17.7347 -42.8667 -33.6315 32.7498 -46.5134 -26.7965 6.9465 -37.7840 -9.6051 -48.0798 -31.7630 25.5085 -44.0769 -24.6790 -8.4579 -36.1677 25.0505 -48.8603 -29.2617 16.1833 -40.7311 -19.4244 -40.4547 -33.8756 33.0212 -46.4383 -26.6124 5.3625 -37.2256 -4.2091 -48.6521 -30.9629 22.1735 -42.8645 -23.0770 -23.1026 -35.3885 34.1940 -48.1056 -27.0220
-47.8083 34.6616 -35.2262 -25.8148 -22.7161 -42.6138 21.4492 -30.7633 -48.7212 -1.8063 -36.9991 4.4128 -26.4450 -46.2185 32.4142 -33.6880 -41.6557 -18.8990 -40.4946 15.5570 -29.0933 -48.7917 26.9423 -36.0883 -9.9418 -24.5307 -43.9666 25.2547 -31.7185 -48.1068 -9.6051 -37.8100 7.1355 -26.8546 -46.6089 33.0626 -33.7446 -42.1903 -18.1613 -39.9764 13.5528 -28.3698 -48.1893 34.4300 -35.1529 -29.3286 -21.7876 -41.7630 18.3617 -29.7034 -48.9429 23.4193 -36.1644 -9.3675 -29.5030 -25.4344 -35.2283 34.4301 -48.1893 -28.3698 13.5528 -39.9764 -18.1613 -42.1903 -33.7446 33.0626 -46.6089 -26.8546 7.1355 -37.8100 -9.6051 -48.1068 -31.7185 25.2547 -43.9666 -24.5307 -9.9418 -36.0883 26.9423 -48.7917 -29.0933 15.5570 -40.4946 -18.8990 -41.6557 -33.6880 32.4142 -46.2185 -26.4450 4.4128 -36.9991 -1.8063 -48.7212 -30.7633 21.4492 -42.6138 -22.7161 -25.8148 -35.2262 34.6616 -47.8083
30.5545 -34.8643 -28.3589 -22.3403 -42.3603 20.7259 -30.5622 -48.7903 1.0629 -36.7706 3.3797 -26.2788 -45.9951 31.7640 -33.4987 -42.7245 -18.3429 -40.2554 14.9030 -28.9117 -48.6992 28.8563 -35.9898 -11.8268 -24.3340 -43.8113 24.8438 -31.6294 -48.1840 -9.2790 -37.7840 7.1355 -26.8740 -46.6578 33.2574 -33.8278 -41.6067 -18.5053 -40.1328 14.0231 -28.5083 -48.3126 33.9330 -35.2994 -27.0332 -22.1700 -42.0058 19.0317 -29.8920 -48.9745 20.3937 -36.2476 -8.5018 -24.9657 -46.4293 -23.1456 -27.0594 -35.2993 33.9330 -48.3126 -28.5083 14.0231 -40.1328 -18.5053 -41.6067 -33.8278 33.2574 -46.6578 -26.8740 7.1355 -37.7840 -9.2790 -48.1840 -31.6294 24.8438 -43.8113 -24.3340 -11.8268 -35.9898 28.8563 -48.6992 -28.9117 14.9030 -40.2554 -18.3429 -42.7245 -33.4987 31.7640 -45.9951 -26.2788 3.3797 -36.7706 1.0629 -48.7903 -30.5622 20.7259 -42.3603 -22.3403 -28.3589 -34.8643 30.5545
-34.5201 -30.7582 -21.9441 -42.1068 20.0104 -30.3628 -48.8751 4.3413 -36.6120 2.2423 -26.1104 -45.7657 31.0804 -33.3079 -43.6719 -17.7521 -40.0171 14.2480 -28.7285 -48.5881 30.6028 -35.8712 -14.1110 -24.0971 -43.6244 24.3199 -31.5055 -48.2975 -8.5963 -37.7060 6.9465 -26.8546 -46.6578 33.3208 -33.8706 -41.2084 -18.7515 -40.2589 14.4168 -28.6276 -48.4141 33.3371 -35.4264 -24.8610 -22.5103 -42.2385 19.6981 -30.0816 -48.9819 17.0323 -36.3397 -6.3493 -24.7511 -44.0264 34.7603 -42.5042 -22.5261 -24.8612 -35.4264 33.3371 -48.4141 -28.6276 14.4168 -40.2589 -18.7515 -41.2084 -33.8706 33.3208 -46.6578 -26.8546 6.9465 -37.7060 -8.5963 -48.2975 -31.5055 24.3199 -43.6244 -24.0971 -14.1110 -35.8712 30.6028 -48.5881 -28.7285 14.2480 -40.0171 -17.7521 -43.6719 -33.3079 31.0804 -45.7657 -26.1104 2.2423 -36.6120 4.3413 -48.8751 -30.3628 20.0104 -42.1068 -21.9441 -30.7582 -34.5201
-34.5957 -21.5289 -41.8560 19.3093 -30.1641 -48.9418 7.9687 -36.5491 0.9831 -25.9374 -45.5301 30.3636 -33.1160 -44.5080 -17.1219 -39.7797 13.5903 -28.5465 -48.4626 32.0254 -35.7376 -16.7195 -23.8197 -43.4129 23.7269 -31.3593 -48.4205 -7.5799 -37.5798 6.5623 -26.7965 -46.6089 33.2574 -33.8706 -41.0721 -18.8761 -40.3408 14.7069 -28.7239 -48.4940 32.6915 -35.5346 -22.8678 -22.7971 -42.4471 20.3223 -30.2638 -48.9633 13.4317 -36.4189 -4.4162 -24.9924 -44.2079 25.9347 -35.4438 21.4394 -42.4430 -22.7968 -22.8678 -35.5346 32.6915 -48.4940 -28.7239 14.7069 -40.3408 -18.8761 -41.0721 -33.8706 33.2574 -46.6089 -26.7965 6.5623 -37.5798 -7.5799 -48.4205 -31.3593 23.7269 -43.4129 -23.8197 -16.7195 -35.7376 32.0254 -48.4626 -28.5465 13.5903 -39.7797 -17.1219 -44.5080 -33.1160 30.3636 -45.5301 -25.9374 0.9831 -36.5491 7.9687 -48.9418 -30.1641 19.3093 -41.8560 -21.5289 -34.5957
-20.3590 -41.6031 18.6091 -29.9672 -48.9752 11.7944 -36.5074 -0.4028 -25.7535 -45.2913 29.6177 -32.9236 -45.2425 -16.4465 -39.5433 12.9281 -28.3656 -48.3243 33.1276 -35.5954 -19.4558 -23.5113 -43.1802 23.0672 -31.1925 -48.5352 -6.2549 -37.4218 6.0187 -26.7057 -46.5134 33.0626 -33.8278 -41.2084 -18.8761 -40.3681 14.8565 -28.7865 -48.5500 32.0781 -35.6227 -21.0957 -23.0392 -42.6279 20.8735 -30.4276 -48.9206 9.8994 -36.4833 -2.6806 -25.2279 -44.4502 26.1954 -32.6900 -36.7090 -31.8262 20.8591 -42.6280 -23.0392 -21.0957 -35.6227 32.0781 -48.5500 -28.7865 14.8565 -40.3681 -18.8761 -41.2084 -33.8278 33.0626 -46.5134 -26.7057 6.0187 -37.4218 -6.2549 -48.5352 -31.1925 23.0672 -43.1802 -23.5113 -19.4558 -35.5954 33.1276 -48.3243 -28.3656 12.9281 -39.5433 -16.4465 -45.2425 -32.9236 29.6177 -45.2913 -25.7535 -0.4028 -36.5074 11.7944 -48.9752 -29.9672 18.6091 -41.6031 -20.3590
-41.6705 17.9154 -29.7718 -48.9782 15.5649 -36.4495 -1.9289 -25.5506 -45.0473 28.8480 -32.7257 -45.8929 -15.7189 -39.3078 12.2593 -28.1859 -48.1742 33.9421 -35.4463 -22.1774 -23.1840 -42.9370 22.3641 -31.0071 -48.6349 -4.5385 -37.2418 5.3502 -26.5913 -46.3800 32.7498 -33.7446 -41.6067 -18.7515 -40.3408 14.8565 -28.8074 -48.5779 31.6329 -35.6863 -19.6526 -23.2408 -42.7838 21.3499 -30.5700 -48.8613 6.7976 -36.5300 -1.1860 -25.4450 -44.6887 26.9452 -32.0569 -47.6823 -21.3473 -48.7360 -30.6336 21.3500 -42.7838 -23.2408 -19.6526 -35.6863 31.6329 -48.5779 -28.8074 14.8565 -40.3408 -18.7515 -41.6067 -33.7446 32.7498 -46.3800 -26.5913 5.3502 -37.2418 -4.5385 -48.6349 -31.0071 22.3641 -42.9370 -23.1840 -22.1774 -35.4463 33.9421 -48.1742 -28.1859 12.2593 -39.3078 -15.7189 -45.8929 -32.7257 28.8480 -45.0473 -25.5506 -1.9289 -36.4495 15.5649 -48.9782 -29.7718 17.9154 -41.6705
17.4459 -29.5399 -48.9545 19.1777 -36.3706 -3.6535 -25.3295 -44.8011 28.0705 -32.5235 -46.4639 -14.9182 -39.0727 11.5815 -28.0073 -48.0135 34.5012 -35.2911 -24.8244 -22.8417 -42.6937 21.6589 -30.8140 -48.7083 -2.3384 -37.0372 4.5394 -26.4574 -46.2167 32.3347 -33.6315 -42.1903 -18.5053 -40.2589 14.7069 -28.7865 -48.5779 31.4759 -35.7185 -18.7132 -23.3867 -42.9119 21.7580 -30.6896 -48.7942 4.2430 -36.5590 0.0310 -25.6321 -44.9159 27.6836 -32.2230 -47.5515 -12.0602 -40.2583 -0.1989 -48.7632 -30.6884 21.7580 -42.9119 -23.3867 -18.7132 -35.7185 31.4759 -48.5779 -28.7865 14.7069 -40.2589 -18.5053 -42.1903 -33.6315 32.3347 -46.2167 -26.4574 4.5394 -37.0372 -2.3384 -48.7083 -30.8140 21.6589 -42.6937 -22.8417 -24.8244 -35.2911 34.5012 -48.0135 -28.0073 11.5815 -39.0727 -14.9182 -46.4639 -32.5235 28.0705 -44.8011 -25.3295 -3.6535 -36.3706 19.1777 -48.9545 -29.5399 17.4459
-28.4164 -48.9061 22.4618 -36.2801 -5.5801 -25.0921 -44.5555 27.2971 -32.3207 -46.9594 -14.0194 -38.8327 10.8821 -27.8299 -47.8433 34.8360 -35.1304 -27.3504 -22.4839 -42.4503 20.9618 -30.6214 -48.7701 0.3217 -36.8177 3.5754 -26.3054 -46.0253 31.8156 -33.4970 -42.8667 -18.1613 -40.1328 14.4168 -28.7239 -48.5500 31.6329 -35.7185 -18.4000 -23.4608 -42.9953 22.0681 -30.7842 -48.7495 2.2651 -36.5747 0.9868 -25.7819 -45.1148 28.3574 -32.4057 -47.1888 -12.4865 -38.3819 17.8277 -36.8922 2.3664 -48.7510 -30.7842 22.0681 -42.9953 -23.4608 -18.4000 -35.7185 31.6329 -48.5500 -28.7239 14.4168 -40.1328 -18.1613 -42.8667 -33.4970 31.8156 -46.0253 -26.3054 3.5754 -36.8177 0.3217 -48.7701 -30.6214 20.9618 -42.4503 -22.4839 -27.3504 -35.1304 34.8360 -47.8433 -27.8299 10.8821 -38.8327 -14.0194 -46.9594 -32.3207 27.2971 -44.5555 -25.0921 -5.5801 -36.2801 22.4618 -48.9061 -28.4164
-48.6715 25.2846 -36.1765 -7.7308 -24.8370 -44.3059 26.5166 -32.1187 -47.3801 -13.0263 -38.5911 10.1577 -27.6513 -47.6643 34.9757 -34.9647 -29.7242 -22.1100 -42.2070 20.2726 -30.4296 -48.8493 3.3687 -36.6375 2.4898 -26.1426 -45.8088 31.1937 -33.3385 -43.5950 -17.7347 -39.9764 14.0231 -28.6276 -48.4940 32.0781 -35.6863 -18.7132 -23.4608 -43.0231 22.2296 -30.8471 -48.7317 0.8014 -36.6274 1.7255 -25.8995 -45.2821 28.9324 -32.5674 -46.8053 -13.4319 -38.4552 9.4369 -31.9714 3.5800 -36.6317 0.8014 -48.7317 -30.8471 22.2296 -43.0231 -23.4608 -18.7132 -35.6863 32.0781 -48.4940 -28.6276 14.0231 -39.9764 -17.7347 -43.5950 -33.3385 31.1937 -45.8088 -26.1426 2.4898 -36.6375 3.3687 -48.8493 -30.4296 20.2726 -42.2070 -22.1100 -29.7242 -34.9647 34.9757 -47.6643 -27.6513 10.1577 -38.5911 -13.0263 -47.3801 -32.1187 26.5166 -44.3059 -24.8370 -7.7308 -36.1765 25.2846 -48.6715
16.7102 -35.7907 -10.1095 -24.5664 -44.0557 25.7415 -31.9173 -47.7289 -11.9336 -38.3529 9.4121 -27.4699 -47.4721 34.9460 -34.7946 -31.9278 -21.7193 -41.9639 19.5907 -30.2386 -48.9245 6.7629 -36.5550 1.3081 -25.9772 -45.5798 30.4988 -33.1563 -44.3607 -17.2145 -39.7933 13.5528 -28.5083 -48.4141 32.6915 -35.6227 -19.6526 -23.3867 -42.9953 22.2296 -30.8692 -48.7211 -0.1367 -36.7153 2.2913 -26.0122 -45.4176 29.4181 -32.8309 -46.4282 -14.1965 -38.6663 9.6831 -28.0041 -48.7554 -27.0530 2.2852 -36.7132 -0.1354 -48.7211 -30.8692 22.2296 -42.9953 -23.3867 -19.6526 -35.6227 32.6915 -48.4141 -28.5083 13.5528 -39.7933 -17.2145 -44.3607 -33.1563 30.4988 -45.5798 -25.9772 1.3081 -36.5550 6.7629 -48.9245 -30.2386 19.5907 -41.9639 -21.7193 -31.9278 -34.7946 34.9460 -47.4721 -27.4699 9.4121 -38.3529 -11.9336 -47.7289 -31.9173 25.7415 -44.0557 -24.5664 -10.1095 -35.7907 16.7102
-35.8222 -12.6659 -24.2822 -43.8069 24.9785 -31.7136 -48.0200 -10.6923 -38.1132 8.6335 -27.2896 -47.2696 34.7653 -34.6180 -33.9546 -21.3106 -41.7211 18.9157 -30.0483 -48.9678 10.3895 -36.5194 0.0117 -25.8030 -45.3483 29.7750 -32.9635 -45.1034 -16.5853 -39.5836 13.0041 -28.3698 -48.3126 33.3371 -35.5346 -21.0957 -23.2408 -42.9119 22.0681 -30.8471 -48.7211 -0.4530 -36.7695 3.9852 -26.5149 -45.6726 30.3574 -33.1750 -44.4103 -16.7914 -38.6171 12.6400 -30.6126 -46.8436 17.5756 -45.5624 -26.1124 2.8022 -36.7798 -0.4482 -48.7211 -30.8471 22.0681 -42.9119 -23.2408 -21.0957 -35.5346 33.3371 -48.3126 -28.3698 13.0041 -39.5836 -16.5853 -45.1034 -32.9635 29.7750 -45.3483 -25.8030 0.0117 -36.5194 10.3895 -48.9678 -30.0483 18.9157 -41.7211 -21.3106 -33.9546 -34.6180 34.7653 -47.2696 -27.2896 8.6335 -38.1132 -10.6923 -48.0200 -31.7136 24.9785 -43.8069 -24.2822 -12.6659 -35.8222
-17.4465 -23.9825 -43.5547 24.2136 -31.5119 -48.2553 -9.2807 -37.8753 7.8269 -27.1111 -47.0628 34.4553 -34.4332 -35.8505 -20.8774 -41.4788 18.2467 -29.8590 -48.9821 14.0763 -36.4669 -1.4208 -25.6125 -45.1145 29.0383 -32.7699 -45.7630 -15.8688 -39.3546 12.3837 -28.2137 -48.1893 33.9330 -35.4264 -22.8678 -23.0392 -42.7838 21.7580 -30.7842 -48.7317 -0.1367 -36.7696 4.9836 -30.9100 -47.6293 34.9704 -33.6392 -43.0344 -24.2968 -45.3015 31.8932 -36.0085 -5.9368 -17.6559 -35.4584 30.6845 -44.2752 -29.2422 1.9846 -36.7955 -0.1318 -48.7317 -30.7842 21.7580 -42.7838 -23.0392 -22.8678 -35.4264 33.9330 -48.1893 -28.2137 12.3837 -39.3546 -15.8688 -45.7630 -32.7699 29.0383 -45.1145 -25.6125 -1.4208 -36.4669 14.0763 -48.9821 -29.8590 18.2467 -41.4788 -20.8774 -35.8505 -34.4332 34.4553 -47.0628 -27.1111 7.8269 -37.8753 -9.2807 -48.2553 -31.5119 24.2136 -43.5547 -23.9825 -17.4465
-22.4706 -43.3019 23.4582 -31.3106 -48.4384 -7.6755 -37.6385 6.9834 -26.9327 -46.8475 34.0340 -34.2462 -37.5887 -20.4158 -41.2335 17.5829 -29.6705 -48.9702 17.6441 -36.3992 -3.0125 -25.4053 -44.8788 28.2936 -32.5757 -46.3365 -15.0933 -39.1199 11.7172 -28.0423 -48.0431 34.4300 -35.2994 -24.8610 -22.7971 -42.6279 21.3499 -30.6896 -48.7495 0.8014 -36.7154 4.0352 -30.9361 -63.1108 -31.0163 -47.9581 -15.9639 -57.0446 -48.4546 35.0802 -52.4576 16.2823 -3.6560 29.3178 -17.9754 30.5760 -61.3372 12.6480 -19.5015 1.9126 -36.7300 0.8030 -48.7510 -30.6884 21.3500 -42.6280 -22.7968 -24.8612 -35.2993 34.4301 -48.0436 -28.0414 11.7173 -39.1199 -15.0933 -46.3365 -32.5757 28.2936 -44.8788 -25.4053 -3.0125 -36.3992 17.6441 -48.9712 -29.6695 17.5830 -41.2335 -20.4156 -37.5885 -34.2448 34.0339 -46.8478 -26.9320 6.9836 -37.6385 -7.6760 -48.4384 -31.3107 23.4582 -43.3019 -22.4710
-43.2343 22.7104 -31.1080 -48.5776 -5.7950 -37.4029 6.0951 -26.7566 -46.6272 33.5246 -34.0571 -39.1319 -19.9290 -40.9848 16.9126 -29.4816 -48.9347 20.9517 -36.3175 -4.7862 -25.1822 -44.6414 27.5452 -32.3810 -46.8318 -14.2484 -38.8863 11.0304 -27.8647 -47.8770 34.7856 -35.1529 -27.0332 -22.5103 -42.4471 20.8735 -30.5700 -48.7942 2.2651 -36.6274 2.2924 -26.4228 -46.5144 -51.7712 -39.5699 -51.2981 26.0914 -13.2949 11.7226 18.1710 -46.3852 -33.7814 27.3333 -49.9022 30.5871 -3.3533 23.6476 -56.4274 40.1084 -30.2003 2.7372 -36.6315 2.3668 -48.7632 -30.6336 20.8591 -42.4430 -22.5261 -27.0594 -35.2283 34.8113 -47.8514 -27.9095 11.0231 -38.8859 -14.2428 -46.8360 -32.4577 27.5417 -44.6339 -25.2098 -4.8025 -36.3607 21.0619 -48.8885 -29.5379 16.8996 -40.9804 -19.9311 -39.1640 -34.1327 33.5213 -46.6098 -26.7920 6.0750 -37.4005 -5.7588 -48.5788 -31.1838 22.7127 -43.2314
