-40.5683 12.5452 -26.9761 -47.7813 30.7063 -34.4794 -34.9389 -20.2926 -41.6312 17.3130 -28.3788 -48.6568 17.2989 -35.7930 -17.9857 -22.4219 -43.1906 22.1558 -29.8203 -48.7905 -3.1772 -37.0093 -2.0101 -24.1013 -44.7572 27.1111 -31.3037 -48.1130 -12.4769 -38.4248 6.2952 -25.4405 -46.2624 31.3037 -32.7997 -44.9171 -16.9944 -39.8801 11.8006 -26.7788 -47.6027 31.4434 -34.2668 -36.8066 -19.9227 -41.3977 16.5954 -28.1648 -48.5649 20.3694 -35.6102 -20.9161 -22.1478 -43.0777 31.8859 -41.7425 -19.9539 -36.8067 -34.2668 31.4434 -47.6027 -26.7788 11.8006 -39.8801 -16.9944 -44.9171 -32.7997 31.3037 -46.2624 -25.4405 6.2952 -38.4248 -12.4769 -48.1130 -31.3037 27.1111 -44.7572 -24.1013 -2.0101 -37.0093 -3.1772 -48.7905 -29.8203 22.1558 -43.1906 -22.4219 -17.9857 -35.7930 17.2989 -48.6568 -28.3788 17.3130 -41.6312 -20.2926 -34.9389 -34.4794 30.7063 -47.7813 -26.9761 12.5452 -40.5683
12.5452 -28.1206 -48.0433 34.7529 -34.8140 -31.2294 -21.4450 -41.5552 17.7841 -29.5047 -48.8959 25.7820 -35.7757 -13.1460 -23.9269 -43.2563 22.5784 -30.8102 -48.7475 2.4681 -36.4429 0.3739 -25.6758 -44.9360 27.7158 -32.1385 -47.5445 -11.3963 -38.0051 7.4487 -26.8603 -46.5258 32.6548 -33.4458 -43.3201 -17.3700 -39.6305 12.4992 -28.0582 -47.8995 34.9380 -34.6627 -33.3718 -21.0055 -41.3023 17.0935 -29.3118 -48.8195 28.1942 -35.6582 -15.9502 -23.6001 -42.9969 22.3987 -34.6738 18.3252 -41.3000 -21.0054 -33.3718 -34.6627 34.9380 -47.8995 -28.0582 12.4992 -39.6305 -17.3700 -43.3201 -33.4458 32.6548 -46.5258 -26.8603 7.4487 -38.0051 -11.3963 -47.5445 -32.1385 27.7158 -44.9360 -25.6758 0.3739 -36.4429 2.4681 -48.7475 -30.8102 22.5784 -43.2563 -23.9269 -13.1460 -35.7757 25.7820 -48.8959 -29.5047 17.7841 -41.5552 -21.4450 -31.2294 -34.8140 34.7529 -48.0433 -28.1206 12.5452
-26.9761 -48.0433 34.6385 -35.1097 -29.3923 -21.8142 -41.7907 18.4488 -29.7293 -48.9488 23.0468 -36.1587 -10.5304 -24.2285 -43.5094 23.3239 -31.0727 -48.6881 -0.5337 -36.6780 1.6753 -25.8571 -45.1811 28.4959 -32.4316 -47.1590 -12.5525 -38.2420 8.2724 -27.0291 -46.7486 33.2695 -33.7738 -42.2807 -18.0024 -39.8774 13.1929 -28.2557 -48.0737 34.7406 -35.0221 -31.2196 -21.4456 -41.5520 17.7819 -29.5379 -48.8940 25.8490 -36.0378 -13.1832 -23.9186 -43.2527 22.5628 -31.7332 -42.7898 -30.9150 17.7674 -41.5520 -21.4456 -31.2196 -35.0221 34.7406 -48.0737 -28.2557 13.1929 -39.8774 -18.0024 -42.2807 -33.7738 33.2695 -46.7486 -27.0291 8.2724 -38.2420 -12.5525 -47.1590 -32.4316 28.4959 -45.1811 -25.8571 1.6753 -36.6780 -0.5337 -48.6881 -31.0727 23.3239 -43.5094 -24.2285 -10.5304 -36.1587 23.0468 -48.9488 -29.7293 18.4488 -41.7907 -21.8142 -29.3923 -35.1097 34.6385 -48.0433 -26.9761
-47.7813 34.7529 -35.1097 -28.6210 -22.0382 -41.9744 19.0304 -29.9022 -48.9777 19.9707 -36.2608 -8.1721 -24.5139 -43.7591 24.0782 -31.2730 -48.5977 -3.1766 -36.8971 2.8729 -26.0335 -45.4239 29.2689 -32.6350 -46.6990 -13.5820 -38.4823 9.0558 -27.2074 -46.9638 33.8142 -33.9682 -41.1073 -18.6017 -40.1226 13.8804 -28.4424 -48.2367 34.3076 -35.1943 -28.8592 -21.8617 -41.8048 18.4674 -29.7338 -48.9476 23.0534 -36.1544 -10.5936 -24.2238 -43.5034 23.3126 -31.0961 -48.6382 -18.7307 -48.7994 -29.7951 18.4675 -41.8048 -21.8617 -28.8592 -35.1943 34.3076 -48.2367 -28.4424 13.8804 -40.1226 -18.6017 -41.1073 -33.9682 33.8142 -46.9638 -27.2074 9.0558 -38.4823 -13.5820 -46.6990 -32.6350 29.2689 -45.4239 -26.0335 2.8729 -36.8971 -3.1766 -48.5977 -31.2730 24.0782 -43.7591 -24.5139 -8.1721 -36.2608 19.9707 -48.9777 -29.9022 19.0304 -41.9744 -22.0382 -28.6210 -35.1097 34.7529 -47.7813
30.7063 -34.8140 -29.3923 -22.0382 -42.0446 19.3874 -30.0286 -48.9870 16.9190 -36.3440 -6.1137 -24.7755 -44.0042 24.8225 -31.4716 -48.4683 -5.4323 -37.1292 3.9715 -26.2043 -45.6616 30.0334 -32.8358 -46.1584 -14.5199 -38.7236 9.8201 -27.3877 -47.1757 34.2734 -34.1619 -39.7857 -19.1652 -40.3709 14.5570 -28.6306 -48.3862 33.6163 -35.3572 -26.3219 -22.2620 -42.0577 19.1669 -29.9291 -48.9765 19.8481 -36.2631 -8.1778 -24.5118 -43.7558 24.0604 -31.2690 -48.6011 -4.3940 -39.3311 14.9622 -48.9235 -29.9280 19.1669 -42.0577 -22.2620 -26.3219 -35.3572 33.6163 -48.3862 -28.6306 14.5570 -40.3709 -19.1652 -39.7857 -34.1619 34.2734 -47.1757 -27.3877 9.8201 -38.7236 -14.5199 -46.1584 -32.8358 30.0334 -45.6616 -26.2043 3.9715 -37.1292 -5.4323 -48.4683 -31.4716 24.8225 -44.0042 -24.7755 -6.1137 -36.3440 16.9190 -48.9870 -30.0286 19.3874 -42.0446 -22.0382 -29.3923 -34.8140 30.7063
-34.4794 -31.2294 -21.8142 -41.9744 19.3874 -30.0751 -48.9861 14.6168 -36.4051 -4.4607 -25.0059 -44.2347 25.5506 -31.6667 -48.2977 -7.3147 -37.3595 4.9750 -26.3740 -45.8961 30.7733 -33.0359 -45.5367 -15.3757 -38.9635 10.5619 -27.5692 -47.3809 34.6383 -34.3496 -38.2998 -19.6964 -40.6207 15.2376 -28.8210 -48.5241 32.6444 -35.5150 -23.6608 -22.6444 -42.3108 19.8727 -30.1255 -48.9779 16.2847 -36.3546 -5.9793 -24.7848 -44.0074 24.8233 -31.4714 -48.4702 -5.3633 -37.2841 14.7968 -36.6974 16.4062 -48.9790 -30.1255 19.8727 -42.3108 -22.6444 -23.6608 -35.5150 32.6444 -48.5241 -28.8210 15.2376 -40.6207 -19.6964 -38.2998 -34.3496 34.6383 -47.3809 -27.5692 10.5619 -38.9635 -15.3757 -45.5367 -33.0359 30.7733 -45.8961 -26.3740 4.9750 -37.3595 -7.3147 -48.2977 -31.6667 25.5506 -44.2347 -25.0059 -4.4607 -36.4051 14.6168 -48.9861 -30.0751 19.3874 -41.9744 -21.8142 -31.2294 -34.4794
-34.9389 -21.4450 -41.7907 19.0304 -30.0286 -48.9861 13.7757 -36.4386 -3.3719 -25.1806 -44.4337 26.2202 -31.8485 -48.0902 -8.8983 -37.5853 5.9004 -26.5413 -46.1244 31.4786 -33.2331 -44.8231 -16.1518 -39.2074 11.2787 -27.7524 -47.5791 34.8827 -34.5344 -36.6608 -20.2005 -40.8688 15.9198 -29.0110 -48.6473 31.3347 -35.6667 -20.8585 -23.0061 -42.5646 20.5856 -30.3247 -48.9518 12.5380 -36.4333 -4.0253 -25.0428 -44.2554 25.5927 -31.6741 -48.2949 -7.3178 -37.3574 5.5472 -31.3611 -1.4204 -36.4660 12.5384 -48.9518 -30.3247 20.5856 -42.5646 -23.0061 -20.8585 -35.6667 31.3347 -48.6473 -29.0110 15.9198 -40.8688 -20.2005 -36.6608 -34.5344 34.8827 -47.5791 -27.7524 11.2787 -39.2074 -16.1518 -44.8231 -33.2331 31.4786 -46.1244 -26.5413 5.9004 -37.5853 -8.8983 -48.0902 -31.8485 26.2202 -44.4337 -25.1806 -3.3719 -36.4386 13.7757 -48.9861 -30.0286 19.0304 -41.7907 -21.4450 -34.9389
-20.2926 -41.5552 18.4488 -29.9022 -48.9870 14.6168 -36.4386 -2.9869 -25.2752 -44.5740 26.7445 -32.0031 -47.8639 -10.2085 -37.8026 6.7516 -26.7095 -46.3458 32.1441 -33.4245 -44.0192 -16.8575 -39.4488 11.9805 -27.9345 -47.7696 34.9825 -34.7190 -34.8251 -20.6744 -41.1200 16.5964 -29.2028 -48.7531 29.6613 -35.8104 -18.0081 -23.3546 -42.8155 21.3083 -30.5229 -48.8919 8.7064 -36.4993 -2.2622 -25.2836 -44.5051 26.3596 -31.8780 -48.0701 -8.9841 -37.5924 5.9131 -27.1244 -48.3433 -26.2679 -2.2792 -36.4993 8.7064 -48.8919 -30.5229 21.3083 -42.8155 -23.3546 -18.0081 -35.8104 29.6613 -48.7531 -29.2028 16.5964 -41.1200 -20.6744 -34.8251 -34.7190 34.9825 -47.7696 -27.9345 11.9805 -39.4488 -16.8575 -44.0192 -33.4245 32.1441 -46.3458 -26.7095 6.7516 -37.8026 -10.2085 -47.8639 -32.0031 26.7445 -44.5740 -25.2752 -2.9869 -36.4386 14.6168 -48.9870 -29.9022 18.4488 -41.5552 -20.2926
-41.6312 17.7841 -29.7293 -48.9777 16.9190 -36.4051 -3.3719 -25.2752 -44.6253 27.0440 -32.1098 -47.6568 -11.2030 -37.9981 7.5039 -26.8708 -46.5603 32.7708 -33.6145 -43.1175 -17.5050 -39.6850 12.6613 -28.1142 -47.9463 34.9139 -34.8957 -32.7989 -21.1281 -41.3717 17.2822 -29.3965 -48.8420 27.6149 -35.9478 -15.1819 -23.6875 -43.0686 22.0313 -30.7221 -48.8030 5.0201 -36.5429 -0.6869 -25.5082 -44.7531 27.1392 -32.0795 -47.7899 -10.4311 -37.8292 6.8137 -26.7363 -46.2762 30.4071 -44.8394 -25.5367 -0.6868 -36.5429 5.0201 -48.8030 -30.7221 22.0313 -43.0686 -23.6875 -15.1819 -35.9478 27.6149 -48.8420 -29.3965 17.2822 -41.3717 -21.1281 -32.7989 -34.8957 34.9139 -47.9463 -28.1142 12.6613 -39.6850 -17.5050 -43.1175 -33.6145 32.7708 -46.5603 -26.8708 7.5039 -37.9981 -11.2030 -47.6568 -32.1098 27.0440 -44.6253 -25.2752 -3.3719 -36.4051 16.9190 -48.9777 -29.7293 17.7841 -41.6312
17.3130 -29.5047 -48.9488 19.9707 -36.3440 -4.4607 -25.1806 -44.5740 27.0440 -32.1476 -47.5284 -11.8235 -38.1487 8.1041 -27.0115 -46.7527 33.3172 -33.7968 -42.1123 -18.1110 -39.9220 13.3260 -28.2934 -48.1110 34.6605 -35.0638 -30.6379 -21.5545 -41.6174 17.9620 -29.5889 -48.9116 25.1248 -36.0712 -12.4486 -24.0036 -43.3221 22.7695 -30.9235 -48.7310 1.6923 -36.5851 0.7141 -25.7155 -44.9995 27.9193 -32.2811 -47.4533 -11.7046 -38.0650 7.6664 -26.8974 -46.5786 33.2689 -36.7653 29.1584 -44.9906 -25.7155 0.7141 -36.5851 1.6923 -48.7310 -30.9235 22.7695 -43.3221 -24.0036 -12.4486 -36.0712 25.1248 -48.9116 -29.5889 17.9620 -41.6174 -21.5545 -30.6379 -35.0638 34.6605 -48.1110 -28.2934 13.3260 -39.9220 -18.1110 -42.1123 -33.7968 33.3172 -46.7527 -27.0115 8.1041 -38.1487 -11.8235 -47.5284 -32.1476 27.0440 -44.5740 -25.1806 -4.4607 -36.3440 19.9707 -48.9488 -29.5047 17.3130
-28.3788 -48.8959 23.0468 -36.2608 -6.1137 -25.0059 -44.4337 26.7445 -32.1098 -47.5284 -12.0340 -38.2306 8.4907 -27.1183 -46.9058 33.7448 -33.9609 -41.0511 -18.6630 -40.1566 13.9852 -28.4739 -48.2654 34.1950 -35.2266 -28.3315 -21.9523 -41.8601 18.6290 -29.7788 -48.9583 22.2545 -36.1838 -9.9086 -24.3048 -43.5726 23.5187 -31.1234 -48.6684 -1.2601 -36.7258 1.9971 -25.9030 -45.2443 28.6966 -32.4850 -47.0473 -12.8221 -38.3043 8.4732 -27.0748 -46.8033 33.4168 -34.6272 -11.7946 -33.8444 28.6916 -45.2443 -25.9030 1.9971 -36.7258 -1.2601 -48.6684 -31.1234 23.5187 -43.5726 -24.3048 -9.9086 -36.1838 22.2545 -48.9583 -29.7788 18.6290 -41.8601 -21.9523 -28.3315 -35.2266 34.1950 -48.2654 -28.4739 13.9852 -40.1566 -18.6630 -41.0511 -33.9609 33.7448 -46.9058 -27.1183 8.4907 -38.2306 -12.0340 -47.5284 -32.1098 26.7445 -44.4337 -25.0059 -6.1137 -36.2608 23.0468 -48.8959 -28.3788
-48.6568 25.7820 -36.1587 -8.1721 -24.7755 -44.2347 26.2202 -32.0031 -47.6568 -11.8235 -38.2306 8.6217 -27.1762 -47.0065 34.0351 -34.0904 -40.0431 -19.1332 -40.3749 14.6131 -28.6519 -48.4092 33.4868 -35.3840 -25.8642 -22.3328 -42.1030 19.3013 -29.9677 -48.9805 19.0852 -36.2859 -7.6088 -24.5843 -43.8217 24.2676 -31.3244 -48.5690 -3.7962 -36.9570 3.1664 -26.0774 -45.4839 29.4692 -32.6861 -46.5662 -13.8333 -38.5447 9.2568 -27.2541 -47.0195 33.9378 -34.0458 -40.0250 -25.7356 -45.7009 -32.7576 29.4693 -45.4839 -26.0774 3.1664 -36.9570 -3.7962 -48.5690 -31.3244 24.2676 -43.8217 -24.5843 -7.6088 -36.2859 19.0852 -48.9805 -29.9677 19.3013 -42.1030 -22.3328 -25.8642 -35.3840 33.4868 -48.4092 -28.6519 14.6131 -40.3749 -19.1332 -40.0431 -34.0904 34.0351 -47.0065 -27.1762 8.6217 -38.2306 -11.8235 -47.6568 -32.0031 26.2202 -44.2347 -24.7755 -8.1721 -36.1587 25.7820 -48.6568
17.2989 -35.7757 -10.5304 -24.5139 -44.0042 25.5506 -31.8485 -47.8639 -11.2030 -38.1487 8.4907 -27.1762 -47.0419 34.1783 -34.1758 -39.2287 -19.4904 -40.5625 15.1648 -28.8154 -48.5331 32.5348 -35.5341 -23.2614 -22.6969 -42.3462 19.9802 -30.1576 -48.9776 15.6134 -36.3730 -5.5511 -24.8439 -44.0662 25.0118 -31.5234 -48.4290 -5.9369 -37.1894 4.2416 -26.2484 -45.7233 30.2216 -32.8869 -46.0096 -14.7503 -38.7838 10.0143 -27.4346 -47.2296 34.3785 -34.2080 -39.4380 -19.7535 -43.0527 -16.0781 -46.0231 -32.8855 30.2216 -45.7233 -26.2484 4.2416 -37.1894 -5.9369 -48.4290 -31.5234 25.0118 -44.0662 -24.8439 -5.5511 -36.3730 15.6134 -48.9776 -30.1576 19.9802 -42.3462 -22.6969 -23.2614 -35.5341 32.5348 -48.5331 -28.8154 15.1648 -40.5625 -19.4904 -39.2287 -34.1758 34.1783 -47.0419 -27.1762 8.4907 -38.1487 -11.2030 -47.8639 -31.8485 25.5506 -44.0042 -24.5139 -10.5304 -35.7757 17.2989
-35.7930 -13.1460 -24.2285 -43.7591 24.8225 -31.6667 -48.0902 -10.2085 -37.9981 8.1041 -27.1183 -47.0065 34.1783 -34.2080 -38.7608 -19.7200 -40.7030 15.6115 -28.9544 -48.6321 31.4120 -35.6683 -20.6675 -23.0407 -42.5896 20.6662 -30.3483 -48.9470 11.9564 -36.4468 -3.6990 -25.0885 -44.3066 25.7520 -31.7181 -48.2472 -7.7492 -37.4175 5.2266 -26.4171 -45.9571 30.9545 -33.0875 -45.3583 -15.5785 -39.0268 10.7435 -27.6168 -47.4331 34.7142 -34.3967 -37.9038 -19.8272 -40.8123 25.3324 -39.3740 -15.5655 -45.3581 -33.0875 30.9545 -45.9571 -26.4171 5.2266 -37.4175 -7.7492 -48.2472 -31.7181 25.7520 -44.3066 -25.0885 -3.6990 -36.4468 11.9564 -48.9470 -30.3483 20.6662 -42.5896 -23.0407 -20.6675 -35.6683 31.4120 -48.6321 -28.9544 15.6115 -40.7030 -19.7200 -38.7608 -34.2080 34.1783 -47.0065 -27.1183 8.1041 -37.9981 -10.2085 -48.0902 -31.6667 24.8225 -43.7591 -24.2285 -13.1460 -35.7930
-17.9857 -23.9269 -43.5094 24.0782 -31.4716 -48.2977 -8.8983 -37.8026 7.5039 -27.0115 -46.9058 34.0351 -34.1758 -38.7608 -19.8036 -40.7792 15.9106 -29.0585 -48.7061 30.2479 -35.7826 -18.2700 -23.3509 -42.8229 21.3499 -30.5398 -48.8857 8.2814 -36.5058 -2.0371 -25.3179 -44.5460 26.4972 -31.9130 -48.0204 -9.2978 -37.6435 6.1269 -26.5845 -46.1817 31.6529 -33.2825 -44.6193 -16.3368 -39.2708 11.4648 -27.7988 -47.6294 34.9232 -34.5838 -36.2043 -20.3224 -40.9328 16.4921 -33.4871 12.5261 -39.2673 -16.3368 -44.6193 -33.2825 31.6529 -46.1817 -26.5845 6.1269 -37.6435 -9.2978 -48.0204 -31.9130 26.4972 -44.5460 -25.3179 -2.0371 -36.5058 8.2814 -48.8857 -30.5398 21.3499 -42.8229 -23.3509 -18.2700 -35.7826 30.2479 -48.7061 -29.0585 15.9106 -40.7792 -19.8036 -38.7608 -34.1758 34.0351 -46.9058 -27.0115 7.5039 -37.8026 -8.8983 -48.2977 -31.4716 24.0782 -43.5094 -23.9269 -17.9857
-22.4219 -43.2563 23.3239 -31.2730 -48.4683 -7.3147 -37.5853 6.7516 -26.8708 -46.7527 33.7448 -34.0904 -39.2287 -19.7200 -40.7792 16.0152 -29.1155 -48.7509 29.2651 -35.8700 -16.2436 -23.6121 -43.0351 21.9921 -30.7238 -48.7996 4.7702 -36.5486 -0.5437 -25.5315 -44.7840 27.2454 -32.1080 -47.7421 -10.6537 -37.8709 6.9784 -26.7529 -46.4021 32.3093 -33.4735 -43.7979 -17.0283 -39.5095 12.1626 -27.9801 -47.8152 34.9815 -34.7639 -34.3149 -20.7936 -41.1852 16.7705 -30.0128 -47.9323 -29.1962 12.1476 -39.5095 -17.0283 -43.7979 -33.4735 32.3093 -46.4021 -26.7529 6.9784 -37.8709 -10.6537 -47.7421 -32.1080 27.2454 -44.7840 -25.5315 -0.5437 -36.5486 4.7702 -48.7996 -30.7238 21.9921 -43.0351 -23.6121 -16.2436 -35.8700 29.2651 -48.7509 -29.1155 16.0152 -40.7792 -19.7200 -39.2287 -34.0904 33.7448 -46.7527 -26.8708 6.7516 -37.5853 -7.3147 -48.4683 -31.2730 23.3239 -43.2563 -22.4219
-43.1906 22.5784 -31.0727 -48.5977 -5.4323 -37.3595 5.9004 -26.7095 -46.5603 33.3172 -33.9609 -40.0431 -19.4904 -40.7030 15.9106 -29.1155 -48.7658 28.6868 -35.9241 -14.7872 -23.8093 -43.2124 22.5588 -30.8878 -48.7341 1.6957 -36.5887 0.8045 -25.7288 -45.0204 27.9944 -32.3030 -47.4072 -11.8527 -38.0994 7.7892 -26.9226 -46.6185 32.9243 -33.6631 -42.8671 -17.6646 -39.7458 12.8329 -28.1602 -47.9896 34.8673 -34.9377 -32.2633 -21.2415 -41.4340 17.4605 -29.4687 -48.6315 -11.0729 -47.8154 -28.2090 12.8329 -39.7458 -17.6646 -42.8671 -33.6631 32.9243 -46.6185 -26.9226 7.7892 -38.0994 -11.8527 -47.4072 -32.3030 27.9944 -45.0204 -25.7288 0.8045 -36.5887 1.6957 -48.7341 -30.8878 22.5588 -43.2124 -23.8093 -14.7872 -35.9241 28.6868 -48.7658 -29.1155 15.9106 -40.7030 -19.4904 -40.0431 -33.9609 33.3172 -46.5603 -26.7095 5.9004 -37.3595 -5.4323 -48.5977 -31.0727 22.5784 -43.1906
22.1558 -30.8102 -48.6881 -3.1766 -37.1292 4.9750 -26.5413 -46.3458 32.7708 -33.7968 -41.0511 -19.1332 -40.5625 15.6115 -29.0585 -48.7509 28.6868 -35.9436 -14.0035 -23.9349 -43.3409 23.0081 -31.0247 -48.6920 -0.7262 -36.7037 1.9627 -25.9038 -45.2517 28.7410 -32.4977 -47.0099 -12.9231 -38.3292 8.5663 -27.0935 -46.8305 33.4867 -33.8511 -41.8162 -18.2607 -39.9831 13.4959 -28.3397 -48.1517 34.5623 -35.1061 -30.0611 -21.6585 -41.6798 18.1332 -29.6387 -48.9092 23.1494 -38.2116 34.0254 -48.1244 -28.3398 13.4959 -39.9831 -18.2607 -41.8162 -33.8511 33.4867 -46.8305 -27.0935 8.5663 -38.3292 -12.9231 -47.0099 -32.4977 28.7410 -45.2517 -25.9038 1.9627 -36.7037 -0.7262 -48.6920 -31.0247 23.0081 -43.3409 -23.9349 -14.0035 -35.9436 28.6868 -48.7509 -29.0585 15.6115 -40.5625 -19.1332 -41.0511 -33.7968 32.7708 -46.3458 -26.5413 4.9750 -37.1292 -3.1766 -48.6881 -30.8102 22.1558
-29.8203 -48.7475 -0.5337 -36.8971 3.9715 -26.3740 -46.1244 32.1441 -33.6145 -42.1123 -18.6630 -40.3749 15.1648 -28.9544 -48.7061 29.2651 -35.9241 -14.0035 -23.9799 -43.4100 23.2970 -31.1231 -48.6446 -2.5282 -36.8749 2.9052 -26.0523 -45.4679 29.4500 -32.6893 -46.5440 -13.8875 -38.5601 9.3155 -27.2657 -47.0374 33.9833 -34.0372 -40.6348 -18.8215 -40.2213 14.1541 -28.5205 -48.3033 34.0373 -35.2676 -27.7116 -22.0518 -41.9225 18.8013 -29.8273 -48.9662 21.5043 -36.4576 8.8885 -35.9854 34.0667 -48.3034 -28.5205 14.1541 -40.2213 -18.8215 -40.6348 -34.0372 33.9833 -47.0374 -27.2657 9.3155 -38.5601 -13.8875 -46.5440 -32.6893 29.4500 -45.4679 -26.0523 2.9052 -36.8749 -2.5282 -48.6446 -31.1231 23.2970 -43.4100 -23.9799 -14.0035 -35.9241 29.2651 -48.7061 -28.9544 15.1648 -40.3749 -18.6630 -42.1123 -33.6145 32.1441 -46.1244 -26.3740 3.9715 -36.8971 -0.5337 -48.7475 -29.8203
-48.7905 2.4681 -36.6780 2.8729 -26.2043 -45.8961 31.4786 -33.4245 -43.1175 -18.1110 -40.1566 14.6131 -28.8154 -48.6321 30.2479 -35.8700 -14.7872 -23.9349 -43.4100 23.4002 -31.1744 -48.6078 -3.7079 -37.0089 3.6387 -26.1771 -45.6591 30.0872 -32.8668 -46.0276 -14.7516 -38.7922 10.0417 -27.4391 -47.2389 34.3994 -34.2209 -39.3121 -19.3510 -40.4603 14.8094 -28.7024 -48.4435 33.2615 -35.4236 -25.2065 -22.4280 -42.1656 19.4753 -30.0165 -48.9822 18.2177 -36.3267 -5.8063 -29.8616 -21.0347 -35.4893 33.2609 -48.4435 -28.7024 14.8094 -40.4603 -19.3510 -39.3121 -34.2209 34.3994 -47.2389 -27.4391 10.0417 -38.7922 -14.7516 -46.0276 -32.8668 30.0872 -45.6591 -26.1771 3.6387 -37.0089 -3.7079 -48.6078 -31.1744 23.4002 -43.4100 -23.9349 -14.7872 -35.8700 30.2479 -48.6321 -28.8154 14.6131 -40.1566 -18.1110 -43.1175 -33.4245 31.4786 -45.8961 -26.2043 2.8729 -36.6780 2.4681 -48.7905
-3.1772 -36.4429 1.6753 -26.0335 -45.6616 30.7733 -33.2331 -44.0192 -17.5050 -39.9220 13.9852 -28.6519 -48.5331 31.4120 -35.7826 -16.2436 -23.8093 -43.3409 23.2970 -31.1744 -48.5941 -4.2779 -37.0922 4.1465 -26.2750 -45.8153 30.6315 -33.0229 -45.5009 -15.4884 -39.0153 10.7390 -27.6137 -47.4341 34.7180 -34.4021 -37.8371 -19.8526 -40.7001 15.4634 -28.8854 -48.5708 32.2027 -35.5736 -22.5748 -22.7880 -42.4088 20.1559 -30.2066 -48.9725 14.6847 -36.3933 -5.0649 -25.4067 -46.7952 -23.7530 -22.6297 -35.5723 32.2027 -48.5708 -28.8854 15.4634 -40.7001 -19.8526 -37.8371 -34.4021 34.7180 -47.4341 -27.6137 10.7390 -39.0153 -15.4884 -45.5009 -33.0229 30.6315 -45.8153 -26.2750 4.1465 -37.0922 -4.2779 -48.5941 -31.1744 23.2970 -43.3409 -23.8093 -16.2436 -35.7826 31.4120 -48.5331 -28.6519 13.9852 -39.9220 -17.5050 -44.0192 -33.2331 30.7733 -45.6616 -26.0335 1.6753 -36.4429 -3.1772
-37.0093 0.3739 -25.8571 -45.4239 30.0334 -33.0359 -44.8231 -16.8575 -39.6850 13.3260 -28.4739 -48.4092 32.5348 -35.6683 -18.2700 -23.6121 -43.2124 23.0081 -31.1231 -48.6078 -4.2779 -37.1210 4.3997 -26.3377 -45.9256 31.0445 -33.1500 -44.9912 -16.0894 -39.2160 11.3724 -27.7819 -47.6198 34.9197 -34.5803 -36.1997 -20.3289 -40.9407 16.1177 -29.0695 -48.6841 30.8282 -35.7168 -19.8608 -23.1325 -42.6522 20.8438 -30.3975 -48.9343 11.0057 -36.4634 -3.2543 -25.1591 -44.4096 35.3592 -42.8989 -23.1482 -19.8608 -35.7168 30.8282 -48.6841 -29.0695 16.1177 -40.9407 -20.3289 -36.1997 -34.5803 34.9197 -47.6198 -27.7819 11.3724 -39.2160 -16.0894 -44.9912 -33.1500 31.0445 -45.9256 -26.3377 4.3997 -37.1210 -4.2779 -48.6078 -31.1231 23.0081 -43.2124 -23.6121 -18.2700 -35.6683 32.5348 -48.4092 -28.4739 13.3260 -39.6850 -16.8575 -44.8231 -33.0359 30.0334 -45.4239 -25.8571 0.3739 -37.0093
-2.0101 -25.6758 -45.1811 29.2689 -32.8358 -45.5367 -16.1518 -39.4488 12.6613 -28.2934 -48.2654 33.4868 -35.5341 -20.6675 -23.3509 -43.0351 22.5588 -31.0247 -48.6446 -3.7079 -37.0922 4.3997 -26.3590 -45.9838 31.3020 -33.2393 -44.5621 -16.5561 -39.3877 11.9102 -27.9327 -47.7859 34.9832 -34.7509 -34.3964 -20.7823 -41.1818 16.7736 -29.2547 -48.7819 29.1068 -35.8526 -17.1225 -23.4619 -42.8956 21.5395 -30.5892 -48.8646 7.3560 -36.5184 -1.6379 -25.3744 -44.6043 27.1830 -35.6847 22.6919 -42.8917 -23.4619 -17.1225 -35.8526 29.1068 -48.7819 -29.2547 16.7736 -41.1818 -20.7823 -34.3964 -34.7509 34.9832 -47.7859 -27.9327 11.9102 -39.3877 -16.5561 -44.5621 -33.2393 31.3020 -45.9838 -26.3590 4.3997 -37.0922 -3.7079 -48.6446 -31.0247 22.5588 -43.0351 -23.3509 -20.6675 -35.5341 33.4868 -48.2654 -28.2934 12.6613 -39.4488 -16.1518 -45.5367 -32.8358 29.2689 -45.1811 -25.6758 -2.0101
-24.1013 -44.9360 28.4959 -32.6350 -46.1584 -15.3757 -39.2074 11.9805 -28.1142 -48.1110 34.1950 -35.3840 -23.2614 -23.0407 -42.8229 21.9921 -30.8878 -48.6920 -2.5282 -37.0089 4.1465 -26.3377 -45.9838 31.3902 -33.2877 -44.2780 -16.8685 -39.5196 12.3458 -28.0613 -47.9232 34.9176 -34.9035 -32.5350 -21.2008 -41.4202 17.4324 -29.4409 -48.8624 27.0119 -35.9800 -14.4271 -23.7766 -43.1388 22.2433 -30.7816 -48.7825 3.9129 -36.5568 -0.1841 -25.5839 -44.8449 27.4356 -33.0234 -33.5368 -32.1915 22.2385 -43.1388 -23.7766 -14.4271 -35.9800 27.0119 -48.8624 -29.4409 17.4324 -41.4202 -21.2008 -32.5350 -34.9035 34.9176 -47.9232 -28.0613 12.3458 -39.5196 -16.8685 -44.2780 -33.2877 31.3902 -45.9838 -26.3377 4.1465 -37.0089 -2.5282 -48.6920 -30.8878 21.9921 -42.8229 -23.0407 -23.2614 -35.3840 34.1950 -48.1110 -28.1142 11.9805 -39.2074 -15.3757 -46.1584 -32.6350 28.4959 -44.9360 -24.1013
-44.7572 27.7158 -32.4316 -46.6990 -14.5199 -38.9635 11.2787 -27.9345 -47.9463 34.6605 -35.2266 -25.8642 -22.6969 -42.5896 21.3499 -30.7238 -48.7341 -0.7262 -36.8749 3.6387 -26.2750 -45.9256 31.3020 -33.2877 -44.1738 -17.0298 -39.6010 12.6520 -28.1608 -48.0311 34.7611 -35.0331 -30.7637 -21.5661 -41.6417 18.0666 -29.6255 -48.9239 24.5263 -36.0983 -11.8407 -24.0767 -43.3818 22.9554 -30.9747 -48.7175 0.8031 -36.6233 1.1304 -25.7768 -45.0809 28.1867 -32.3825 -47.0658 -22.2147 -48.5921 -31.0442 22.9554 -43.3818 -24.0767 -11.8407 -36.0983 24.5263 -48.9239 -29.6255 18.0666 -41.6417 -21.5661 -30.7637 -35.0331 34.7611 -48.0311 -28.1608 12.6520 -39.6010 -17.0298 -44.1738 -33.2877 31.3020 -45.9256 -26.2750 3.6387 -36.8749 -0.7262 -48.7341 -30.7238 21.3499 -42.5896 -22.6969 -25.8642 -35.2266 34.6605 -47.9463 -27.9345 11.2787 -38.9635 -14.5199 -46.6990 -32.4316 27.7158 -44.7572
27.1111 -32.1385 -47.1590 -13.5820 -38.7236 10.5619 -27.7524 -47.7696 34.9139 -35.0638 -28.3315 -22.3328 -42.3462 20.6662 -30.5398 -48.7996 1.6957 -36.7037 2.9052 -26.1771 -45.8153 31.0445 -33.2393 -44.2780 -17.0298 -39.6284 12.8046 -28.2222 -48.1054 34.5676 -35.1391 -29.1406 -21.8740 -41.8393 18.6385 -29.7975 -48.9633 21.6944 -36.2064 -9.4176 -24.3624 -43.6243 23.6755 -31.1683 -48.6484 -1.9216 -36.7860 2.3272 -25.9530 -45.3150 28.9321 -32.5477 -46.8990 -13.7937 -40.7425 -5.2891 -48.6492 -31.1683 23.6755 -43.6243 -24.3624 -9.4176 -36.2064 21.6944 -48.9633 -29.7975 18.6385 -41.8393 -21.8740 -29.1406 -35.1391 34.5676 -48.1054 -28.2222 12.8046 -39.6284 -17.0298 -44.2780 -33.2393 31.0445 -45.8153 -26.1771 2.9052 -36.7037 1.6957 -48.7996 -30.5398 20.6662 -42.3462 -22.3328 -28.3315 -35.0638 34.9139 -47.7696 -27.7524 10.5619 -38.7236 -13.5820 -47.1590 -32.1385 27.1111
-31.3037 -47.5445 -12.5525 -38.4823 9.8201 -27.5692 -47.5791 34.9825 -34.8957 -30.6379 -21.9523 -42.1030 19.9802 -30.3483 -48.8857 4.7702 -36.5887 1.9627 -26.0523 -45.6591 30.6315 -33.1500 -44.5621 -16.8685 -39.6010 12.8046 -28.2427 -48.1418 34.4150 -35.2133 -27.8150 -22.1229 -42.0129 19.1472 -29.9487 -48.9808 18.7535 -36.2997 -7.2218 -24.6336 -43.8663 24.4034 -31.3624 -48.5435 -4.2718 -37.0085 3.4256 -26.1191 -45.5469 29.6703 -32.7420 -46.4123 -14.1172 -38.7681 19.0977 -37.3810 -4.2353 -48.5435 -31.3624 24.4034 -43.8663 -24.6336 -7.2218 -36.2997 18.7535 -48.9808 -29.9487 19.1472 -42.0129 -22.1229 -27.8150 -35.2133 34.4150 -48.1418 -28.2427 12.8046 -39.6010 -16.8685 -44.5621 -33.1500 30.6315 -45.6591 -26.0523 1.9627 -36.5887 4.7702 -48.8857 -30.3483 19.9802 -42.1030 -21.9523 -30.6379 -34.8957 34.9825 -47.5791 -27.5692 9.8201 -38.4823 -12.5525 -47.5445 -31.3037
-48.1130 -11.3963 -38.2420 9.0558 -27.3877 -47.3809 34.8827 -34.7190 -32.7989 -21.5545 -41.8601 19.3013 -30.1576 -48.9470 8.2814 -36.5486 0.8045 -25.9038 -45.4679 30.0872 -33.0229 -44.9912 -16.5561 -39.5196 12.6520 -28.2222 -48.1418 34.3582 -35.2500 -26.9747 -22.2957 -42.1483 19.5820 -30.0804 -48.9811 15.9751 -36.3739 -5.3669 -24.8797 -44.1041 25.1385 -31.5569 -48.3992 -6.2909 -37.2322 4.4418 -26.2841 -45.7762 30.3963 -32.9357 -45.8505 -14.9764 -38.8517 10.6561 -32.2454 5.9275 -37.2331 -6.2909 -48.3992 -31.5569 25.1385 -44.1041 -24.8797 -5.3669 -36.3739 15.9751 -48.9811 -30.0804 19.5820 -42.1483 -22.2957 -26.9747 -35.2500 34.3582 -48.1418 -28.2222 12.6520 -39.5196 -16.5561 -44.9912 -33.0229 30.0872 -45.4679 -25.9038 0.8045 -36.5486 8.2814 -48.9470 -30.1576 19.3013 -41.8601 -21.5545 -32.7989 -34.7190 34.8827 -47.3809 -27.3877 9.0558 -38.2420 -11.3963 -48.1130
-12.4769 -38.0051 8.2724 -27.2074 -47.1757 34.6383 -34.5344 -34.8251 -21.1281 -41.6174 18.6290 -29.9677 -48.9776 11.9564 -36.5058 -0.5437 -25.7288 -45.2517 29.4500 -32.8668 -45.5009 -16.0894 -39.3877 12.3458 -28.1608 -48.1054 34.4150 -35.2500 -26.6906 -22.3808 -42.2317 19.8927 -30.1852 -48.9709 13.4850 -36.4297 -3.8846 -25.0886 -44.3238 25.8478 -31.7489 -48.2115 -8.0317 -37.4573 5.3896 -26.4503 -46.0027 31.1042 -33.1287 -45.2038 -15.7612 -39.0855 10.9250 -28.3183 -48.8356 -27.5143 5.3817 -37.4573 -8.0317 -48.2115 -31.7489 25.8478 -44.3238 -25.0886 -3.8846 -36.4297 13.4850 -48.9709 -30.1852 19.8927 -42.2317 -22.3808 -26.6906 -35.2500 34.4150 -48.1054 -28.1608 12.3458 -39.3877 -16.0894 -45.5009 -32.8668 29.4500 -45.2517 -25.7288 -0.5437 -36.5058 11.9564 -48.9776 -29.9677 18.6290 -41.6174 -21.1281 -34.8251 -34.5344 34.6383 -47.1757 -27.2074 8.2724 -38.0051 -12.4769
-38.4248 7.4487 -27.0291 -46.9638 34.2734 -34.3496 -36.6608 -20.6744 -41.3717 17.9620 -29.7788 -48.9805 15.6134 -36.4468 -2.0371 -25.5315 -45.0204 28.7410 -32.6893 -46.0276 -15.4884 -39.2160 11.9102 -28.0613 -48.0311 34.5676 -35.2133 -26.9747 -22.3808 -42.2595 20.0487 -30.2505 -48.9568 11.4789 -36.4705 -2.7316 -25.2588 -44.5154 26.4863 -31.9254 -47.9879 -9.5209 -37.6803 6.2806 -26.6178 -46.2260 31.7869 -33.3206 -44.4638 -16.4856 -39.3200 11.6169 -27.8530 -47.4248 11.1002 -46.1105 -26.6559 6.2806 -37.6803 -9.5209 -47.9879 -31.9254 26.4863 -44.5154 -25.2588 -2.7316 -36.4705 11.4789 -48.9568 -30.2505 20.0487 -42.2595 -22.3808 -26.9747 -35.2133 34.5676 -48.0311 -28.0613 11.9102 -39.2160 -15.4884 -46.0276 -32.6893 28.7410 -45.0204 -25.5315 -2.0371 -36.4468 15.6134 -48.9805 -29.7788 17.9620 -41.3717 -20.6744 -36.6608 -34.3496 34.2734 -46.9638 -27.0291 7.4487 -38.4248
6.2952 -26.8603 -46.7486 33.8142 -34.1619 -38.2998 -20.2005 -41.1200 17.2822 -29.5889 -48.9583 19.0852 -36.3730 -3.6990 -25.3179 -44.7840 27.9944 -32.4977 -46.5440 -14.7516 -39.0153 11.3724 -27.9327 -47.9232 34.7611 -35.1391 -27.8150 -22.2957 -42.2317 20.0487 -30.2723 -48.9469 10.2127 -36.4972 -1.8804 -25.3931 -44.6755 27.0310 -32.0769 -47.7520 -10.7219 -37.8920 7.0903 -26.7841 -46.4457 32.4359 -33.5114 -43.6217 -17.1583 -39.5555 12.2941 -28.0123 -47.8395 35.0974 -37.2992 33.5232 -46.4319 -26.7841 7.0903 -37.8920 -10.7219 -47.7520 -32.0769 27.0310 -44.6755 -25.3931 -1.8804 -36.4972 10.2127 -48.9469 -30.2723 20.0487 -42.2317 -22.2957 -27.8150 -35.1391 34.7611 -47.9232 -27.9327 11.3724 -39.0153 -14.7516 -46.5440 -32.4977 27.9944 -44.7840 -25.3179 -3.6990 -36.3730 19.0852 -48.9583 -29.5889 17.2822 -41.1200 -20.2005 -38.2998 -34.1619 33.8142 -46.7486 -26.8603 6.2952
-25.4405 -46.5258 33.2695 -33.9682 -39.7857 -19.6964 -40.8688 16.5964 -29.3965 -48.9116 22.2545 -36.2859 -5.5511 -25.0885 -44.5460 27.2454 -32.3030 -47.0099 -13.8875 -38.7922 10.7390 -27.7819 -47.7859 34.9176 -35.0331 -29.1406 -22.1229 -42.1483 19.8927 -30.2505 -48.9469 9.7922 -36.5095 -1.3562 -25.4876 -44.8011 27.4804 -32.2051 -47.5203 -11.6528 -38.0814 7.7959 -26.9395 -46.6521 33.0330 -33.7007 -42.6678 -17.7862 -39.7920 12.9626 -28.1908 -48.0183 34.8378 -35.5973 0.3199 -34.8813 33.0357 -46.6524 -26.9395 7.7959 -38.0814 -11.6528 -47.5203 -32.2051 27.4804 -44.8011 -25.4876 -1.3562 -36.5095 9.7922 -48.9469 -30.2505 19.8927 -42.1483 -22.1229 -29.1406 -35.0331 34.9176 -47.7859 -27.7819 10.7390 -38.7922 -13.8875 -47.0099 -32.3030 27.2454 -44.5460 -25.0885 -5.5511 -36.2859 22.2545 -48.9116 -29.3965 16.5964 -40.8688 -19.6964 -39.7857 -33.9682 33.2695 -46.5258 -25.4405
-46.2624 32.6548 -33.7738 -41.1073 -19.1652 -40.6207 15.9198 -29.2028 -48.8420 25.1248 -36.1838 -7.6088 -24.8439 -44.3066 26.4972 -32.1080 -47.4072 -12.9231 -38.5601 10.0417 -27.6137 -47.6198 34.9832 -34.9035 -30.7637 -21.8740 -42.0129 19.5820 -30.1852 -48.9568 10.2127 -36.5095 -1.1856 -25.5352 -44.8823 27.8121 -32.3081 -47.3018 -12.3830 -38.2449 8.3968 -27.0780 -46.8335 33.5394 -33.8804 -41.6081 -18.3749 -40.0295 13.6245 -28.3706 -48.1786 34.4884 -35.1641 -28.2105 -27.7304 -39.6417 -33.9563 33.5394 -46.8335 -27.0780 8.3968 -38.2449 -12.3830 -47.3018 -32.3081 27.8121 -44.8823 -25.5352 -1.1856 -36.5095 10.2127 -48.9568 -30.1852 19.5820 -42.0129 -21.8740 -30.7637 -34.9035 34.9832 -47.6198 -27.6137 10.0417 -38.5601 -12.9231 -47.4072 -32.1080 26.4972 -44.3066 -24.8439 -7.6088 -36.1838 25.1248 -48.8420 -29.2028 15.9198 -40.6207 -19.1652 -41.1073 -33.7738 32.6548 -46.2624
31.3037 -33.4458 -42.2807 -18.6017 -40.3709 15.2376 -29.0110 -48.7531 27.6149 -36.0712 -9.9086 -24.5843 -44.0662 25.7520 -31.9130 -47.7421 -11.8527 -38.3292 9.3155 -27.4391 -47.4341 34.9197 -34.7509 -32.5350 -21.5661 -41.8393 19.1472 -30.0804 -48.9709 11.4789 -36.4972 -1.3562 -25.5352 -44.9094 27.9832 -32.3749 -47.1259 -12.9336 -38.3830 8.8947 -27.1999 -46.9910 33.9371 -34.0398 -40.5104 -18.9062 -40.2644 14.2820 -28.5515 -48.3284 33.9225 -35.2957 -27.2915 -22.5777 -44.6893 -19.9603 -40.5384 -34.0384 33.9371 -46.9910 -27.1999 8.8947 -38.3830 -12.9336 -47.1259 -32.3749 27.9832 -44.9094 -25.5352 -1.3562 -36.4972 11.4789 -48.9709 -30.0804 19.1472 -41.8393 -21.5661 -32.5350 -34.7509 34.9197 -47.4341 -27.4391 9.3155 -38.3292 -11.8527 -47.7421 -31.9130 25.7520 -44.0662 -24.5843 -9.9086 -36.0712 27.6149 -48.7531 -29.0110 15.2376 -40.3709 -18.6017 -42.2807 -33.4458 31.3037
-32.7997 -43.3201 -18.0024 -40.1226 14.5570 -28.8210 -48.6473 29.6613 -35.9478 -12.4486 -24.3048 -43.8217 25.0118 -31.7181 -48.0204 -10.6537 -38.0994 8.5663 -27.2657 -47.2389 34.7180 -34.5803 -34.3964 -21.2008 -41.6417 18.6385 -29.9487 -48.9811 13.4850 -36.4705 -1.8804 -25.4876 -44.8823 27.9832 -32.3972 -47.0300 -13.2748 -38.4853 9.2880 -27.3034 -47.1253 34.2437 -34.1768 -39.4524 -19.3580 -40.4831 14.9089 -28.7309 -48.4664 33.1002 -35.4507 -24.7498 -22.5003 -42.3207 30.1137 -40.8048 -19.3587 -39.4521 -34.1768 34.2437 -47.1253 -27.3034 9.2880 -38.4853 -13.2748 -47.0300 -32.3972 27.9832 -44.8823 -25.4876 -1.8804 -36.4705 13.4850 -48.9811 -29.9487 18.6385 -41.6417 -21.2008 -34.3964 -34.5803 34.7180 -47.2389 -27.2657 8.5663 -38.0994 -10.6537 -48.0204 -31.7181 25.0118 -43.8217 -24.3048 -12.4486 -35.9478 29.6613 -48.6473 -28.8210 14.5570 -40.1226 -18.0024 -43.3201 -32.7997
-44.9171 -17.3700 -39.8774 13.8804 -28.6306 -48.5241 31.3347 -35.8104 -15.1819 -24.0036 -43.5726 24.2676 -31.5234 -48.2472 -9.2978 -37.8709 7.7892 -27.0935 -47.0374 34.3994 -34.4021 -36.1997 -20.7823 -41.4202 18.0666 -29.7975 -48.9808 15.9751 -36.4297 -2.7316 -25.3931 -44.8011 27.8121 -32.3749 -47.0300 -13.3859 -38.5382 9.5396 -27.3802 -47.2312 34.4714 -34.2927 -38.4680 -19.7329 -40.6749 15.4694 -28.8982 -48.5865 32.0074 -35.5996 -22.1000 -22.8518 -42.4559 20.7263 -34.3921 16.5138 -40.6704 -19.7328 -38.4680 -34.2927 34.4714 -47.2312 -27.3802 9.5396 -38.5382 -13.3859 -47.0300 -32.3749 27.8121 -44.8011 -25.3931 -2.7316 -36.4297 15.9751 -48.9808 -29.7975 18.0666 -41.4202 -20.7823 -36.1997 -34.4021 34.3994 -47.0374 -27.0935 7.7892 -37.8709 -9.2978 -48.2472 -31.5234 24.2676 -43.5726 -24.0036 -15.1819 -35.8104 31.3347 -48.5241 -28.6306 13.8804 -39.8774 -17.3700 -44.9171
-16.9944 -39.6305 13.1929 -28.4424 -48.3862 32.6444 -35.6667 -18.0081 -23.6875 -43.3221 23.5187 -31.3244 -48.4290 -7.7492 -37.6435 6.9784 -26.9226 -46.8305 33.9833 -34.2209 -37.8371 -20.3289 -41.1818 17.4324 -29.6255 -48.9633 18.7535 -36.3739 -3.8846 -25.2588 -44.6755 27.4804 -32.3081 -47.1259 -13.2748 -38.5382 9.6229 -27.4198 -47.2991 34.6165 -34.3870 -37.5680 -20.0393 -40.8397 15.9554 -29.0454 -48.6829 30.7159 -35.7359 -19.4162 -23.1936 -42.7008 20.9792 -31.2495 -45.0341 -30.3693 15.9413 -40.8398 -20.0393 -37.5680 -34.3870 34.6165 -47.2991 -27.4198 9.6229 -38.5382 -13.2748 -47.1259 -32.3081 27.4804 -44.6755 -25.2588 -3.8846 -36.3739 18.7535 -48.9633 -29.6255 17.4324 -41.1818 -20.3289 -37.8371 -34.2209 33.9833 -46.8305 -26.9226 6.9784 -37.6435 -7.7492 -48.4290 -31.3244 23.5187 -43.3221 -23.6875 -18.0081 -35.6667 32.6444 -48.3862 -28.4424 13.1929 -39.6305 -16.9944
-39.8801 12.4992 -28.2557 -48.2367 33.6163 -35.5150 -20.8585 -23.3546 -43.0686 22.7695 -31.1234 -48.5690 -5.9369 -37.4175 6.1269 -26.7529 -46.6185 33.4867 -34.0372 -39.3121 -19.8526 -40.9407 16.7736 -29.4409 -48.9239 21.6944 -36.2997 -5.3669 -25.0886 -44.5154 27.0310 -32.2051 -47.3018 -12.9336 -38.4853 9.5396 -27.4198 -47.3215 34.6831 -34.4486 -36.8506 -20.2827 -40.9780 16.3671 -29.1722 -48.7574 29.3472 -35.8522 -16.9133 -23.5066 -42.9408 21.6796 -30.6532 -48.7582 -16.9665 -48.6125 -29.2277 16.3672 -40.9780 -20.2827 -36.8506 -34.4486 34.6831 -47.3215 -27.4198 9.5396 -38.4853 -12.9336 -47.3018 -32.2051 27.0310 -44.5154 -25.0886 -5.3669 -36.2997 21.6944 -48.9239 -29.4409 16.7736 -40.9407 -19.8526 -39.3121 -34.0372 33.4867 -46.6185 -26.7529 6.1269 -37.4175 -5.9369 -48.5690 -31.1234 22.7695 -43.0686 -23.3546 -20.8585 -35.5150 33.6163 -48.2367 -28.2557 12.4992 -39.8801
11.8006 -28.0582 -48.0737 34.3076 -35.3572 -23.6608 -23.0061 -42.8155 22.0313 -30.9235 -48.6684 -3.7962 -37.1894 5.2266 -26.5845 -46.4021 32.9243 -33.8511 -40.6348 -19.3510 -40.7001 16.1177 -29.2547 -48.8624 24.5263 -36.2064 -7.2218 -24.8797 -44.3238 26.4863 -32.0769 -47.5203 -12.3830 -38.3830 9.2880 -27.3802 -47.2991 34.6831 -34.4691 -36.4677 -20.4413 -41.0819 16.6969 -29.2773 -48.8139 27.9856 -35.9466 -14.7612 -23.7737 -43.1598 22.3447 -30.8133 -48.7496 1.6851 -38.8675 24.7190 -48.7709 -29.2762 16.6969 -41.0819 -20.4413 -36.4677 -34.4691 34.6831 -47.2991 -27.3802 9.2880 -38.3830 -12.3830 -47.5203 -32.0769 26.4863 -44.3238 -24.8797 -7.2218 -36.2064 24.5263 -48.8624 -29.2547 16.1177 -40.7001 -19.3510 -40.6348 -33.8511 32.9243 -46.4021 -26.5845 5.2266 -37.1894 -3.7962 -48.6684 -30.9235 22.0313 -42.8155 -23.0061 -23.6608 -35.3572 34.3076 -48.0737 -28.0582 11.8006
-26.7788 -47.8995 34.7406 -35.1943 -26.3219 -22.6444 -42.5646 21.3083 -30.7221 -48.7310 -1.2601 -36.9570 4.2416 -26.4171 -46.1817 32.3093 -33.6631 -41.8162 -18.8215 -40.4603 15.4634 -29.0695 -48.7819 27.0119 -36.0983 -9.4176 -24.6336 -44.1041 25.8478 -31.9254 -47.7520 -11.6528 -38.2449 8.8947 -27.3034 -47.2312 34.6165 -34.4486 -36.4677 -20.4936 -41.1371 16.9147 -29.3561 -48.8541 26.7462 -36.0207 -13.0056 -23.9928 -43.3472 22.9349 -30.9844 -48.7113 0.3748 -36.7566 13.0098 -36.5007 26.8378 -48.8557 -29.3561 16.9147 -41.1371 -20.4936 -36.4677 -34.4486 34.6165 -47.2312 -27.3034 8.8947 -38.2449 -11.6528 -47.7520 -31.9254 25.8478 -44.1041 -24.6336 -9.4176 -36.0983 27.0119 -48.7819 -29.0695 15.4634 -40.4603 -18.8215 -41.8162 -33.6631 32.3093 -46.1817 -26.4171 4.2416 -36.9570 -1.2601 -48.7310 -30.7221 21.3083 -42.5646 -22.6444 -26.3219 -35.1943 34.7406 -47.8995 -26.7788
-47.6027 34.9380 -35.0221 -28.8592 -22.2620 -42.3108 20.5856 -30.5229 -48.8030 1.6923 -36.7258 3.1664 -26.2484 -45.9571 31.6529 -33.4735 -42.8671 -18.2607 -40.2213 14.8094 -28.8854 -48.6841 29.1068 -35.9800 -11.8407 -24.3624 -43.8663 25.1385 -31.7489 -47.9879 -10.7219 -38.0814 8.3968 -27.1999 -47.1253 34.4714 -34.3870 -36.8506 -20.4413 -41.1371 16.9899 -29.3987 -48.8775 25.7462 -36.0841 -11.6184 -24.2038 -43.5064 23.4566 -31.1750 -48.6510 -2.0091 -36.8329 3.1608 -30.9453 -7.6977 -36.2495 25.8363 -48.8728 -29.3986 16.9899 -41.1371 -20.4413 -36.8506 -34.3870 34.4714 -47.1253 -27.1999 8.3968 -38.0814 -10.7219 -47.9879 -31.7489 25.1385 -43.8663 -24.3624 -11.8407 -35.9800 29.1068 -48.6841 -28.8854 14.8094 -40.2213 -18.2607 -42.8671 -33.4735 31.6529 -45.9571 -26.2484 3.1664 -36.7258 1.6923 -48.8030 -30.5229 20.5856 -42.3108 -22.2620 -28.8592 -35.0221 34.9380 -47.6027
31.4434 -34.6627 -31.2196 -21.8617 -42.0577 19.8727 -30.3247 -48.8919 5.0201 -36.5851 1.9971 -26.0774 -45.7233 30.9545 -33.2825 -43.7979 -17.6646 -39.9831 14.1541 -28.7024 -48.5708 30.8282 -35.8526 -14.4271 -24.0767 -43.6243 24.4034 -31.5569 -48.2115 -9.5209 -37.8920 7.7959 -27.0780 -46.9910 34.2437 -34.2927 -37.5680 -20.2827 -41.0819 16.9147 -29.3987 -48.8852 25.1676 -36.2923 -10.1187 -26.1891 -43.9136 24.6934 -31.6681 -48.4717 -6.8148 -37.9089 8.3684 -28.9503 -47.7922 -26.2523 -2.5789 -37.0962 24.8219 -48.8689 -29.3986 16.9147 -41.0819 -20.2827 -37.5680 -34.2927 34.2437 -46.9910 -27.0780 7.7959 -37.8920 -9.5209 -48.2115 -31.5569 24.4034 -43.6243 -24.0767 -14.4271 -35.8526 30.8282 -48.5708 -28.7024 14.1541 -39.9831 -17.6646 -43.7979 -33.2825 30.9545 -45.7233 -26.0774 1.9971 -36.5851 5.0201 -48.8919 -30.3247 19.8727 -42.0577 -21.8617 -31.2196 -34.6627 31.4434
-34.2668 -33.3718 -21.4456 -41.8048 19.1669 -30.1255 -48.9518 8.7064 -36.5429 0.7141 -25.9030 -45.4839 30.2216 -33.0875 -44.6193 -17.0283 -39.7458 13.4959 -28.5205 -48.4435 32.2027 -35.7168 -17.1225 -23.7766 -43.3818 23.6755 -31.3624 -48.3992 -8.0317 -37.6803 7.0903 -26.9395 -46.8335 33.9371 -34.1768 -38.4680 -20.0393 -40.9780 16.6969 -29.3561 -48.8775 25.1675 -36.4698 12.8076 -26.9605 -49.8702 33.7088 -32.2909 -47.0549 -13.1261 -39.7665 13.0809 -34.4835 -44.4676 -16.3462 -46.6110 -32.1427 22.4204 -35.9382 24.4146 -48.8606 -29.3560 16.6969 -40.9780 -20.0393 -38.4680 -34.1768 33.9371 -46.8335 -26.9395 7.0903 -37.6803 -8.0317 -48.3992 -31.3624 23.6755 -43.3818 -23.7766 -17.1225 -35.7168 32.2027 -48.4435 -28.5205 13.4959 -39.7458 -17.0283 -44.6193 -33.0875 30.2216 -45.4839 -25.9030 0.7141 -36.5429 8.7064 -48.9518 -30.1255 19.1669 -41.8048 -21.4456 -33.3718 -34.2668
-36.8066 -21.0055 -41.5520 18.4674 -29.9291 -48.9779 12.5380 -36.4993 -0.6869 -25.7155 -45.2443 29.4692 -32.8869 -45.3583 -16.3368 -39.5095 12.8329 -28.3397 -48.3033 33.2615 -35.5736 -19.8608 -23.4619 -43.1388 22.9554 -31.1683 -48.5435 -6.2909 -37.4573 6.2806 -26.7841 -46.6521 33.5394 -34.0398 -39.4524 -19.7329 -40.8397 16.3671 -29.2773 -48.8541 25.7461 -36.2891 13.3601 -46.4821 -12.0479 28.2267 -61.7254 30.4552 -38.6124 -41.4943 -72.9050 27.1569 -45.6388 -47.0870 -54.5026 -23.2712 -15.4191 -30.2059 -48.3324 -35.7930 25.3550 -48.8487 -29.2762 16.3672 -40.8398 -19.7328 -39.4521 -34.0384 33.5394 -46.6524 -26.7841 6.2806 -37.4573 -6.2909 -48.5435 -31.1683 22.9554 -43.1388 -23.4619 -19.8608 -35.5723 33.2609 -48.3034 -28.3398 12.8329 -39.5095 -16.3368 -45.3581 -32.8855 29.4693 -45.2443 -25.7155 -0.6868 -36.4993 12.5384 -48.9790 -29.9280 18.4675 -41.5520 -21.0054 -36.8067
-19.9227 -41.3023 17.7819 -29.7338 -48.9765 16.2847 -36.4333 -2.2622 -25.5082 -44.9995 28.6966 -32.6861 -46.0096 -15.5785 -39.2708 12.1626 -28.1602 -48.1517 34.0373 -35.4236 -22.5748 -23.1325 -42.8956 22.2433 -30.9747 -48.6484 -4.2718 -37.2322 5.3896 -26.6178 -46.4457 33.0330 -33.8804 -40.5104 -19.3580 -40.6749 15.9554 -29.1722 -48.8139 26.7462 -36.0808 -10.4035 -26.1339 25.0099 24.9321 13.2074 8.7926 17.8349 -18.1813 -37.1769 15.9425 -56.0651 -60.2637 -58.5223 -49.7468 -33.1717 -4.2175 -42.1812 -66.1363 18.6103 -36.4901 26.8668 -48.7710 -29.2277 15.9413 -40.6704 -19.3587 -40.5384 -33.9563 33.0357 -46.4319 -26.6559 5.3817 -37.2331 -4.2353 -48.6492 -31.0442 22.2385 -42.8917 -23.1482 -22.6297 -35.4893 34.0667 -48.1244 -28.2090 12.1476 -39.2673 -15.5655 -46.0231 -32.7576 28.6916 -44.9906 -25.5367 -2.2792 -36.4660 16.4062 -48.9235 -29.7951 17.7674 -41.3000 -19.9539
