0.1442 0.4884 0.1121 0.2461 0.2641 0.1181 0.4488 0.1266 0.1619 0.4658 0.1109 0.2766 0.2018 0.1231 0.4860 0.1214 0.1769 0.4337 0.1108 0.3119 0.1634 0.1295 0.5033 0.1174 0.1950 0.3912 0.1118 0.3521 0.1456 0.1376 0.5028 0.1144 0.2165 0.3375 0.1140 0.3965 0.1350 0.1476 0.4910 0.1123 0.2419 0.2741 0.1174 0.4422 0.1275 0.1598 0.4699 0.1110 0.2717 0.2102 0.1223 0.4815 0.1219 0.1772 0.3346 0.1647 0.1272 0.4422 0.1174 0.2741 0.2419 0.1123 0.4910 0.1476 0.1350 0.3965 0.1140 0.3375 0.2165 0.1144 0.5028 0.1376 0.1456 0.3521 0.1118 0.3912 0.1950 0.1174 0.5033 0.1295 0.1634 0.3119 0.1108 0.4337 0.1769 0.1214 0.4860 0.1231 0.2018 0.2766 0.1109 0.4658 0.1619 0.1266 0.4488 0.1181 0.2641 0.2461 0.1121 0.4884 0.1442
0.4884 0.1126 0.2589 0.2850 0.1227 0.4722 0.1225 0.1697 0.4828 0.1119 0.2927 0.2149 0.1285 0.5067 0.1181 0.1858 0.4518 0.1128 0.3304 0.1641 0.1354 0.5202 0.1152 0.2052 0.4107 0.1146 0.3731 0.1418 0.1439 0.5186 0.1133 0.2282 0.3581 0.1177 0.4195 0.1304 0.1545 0.5070 0.1122 0.2555 0.2942 0.1220 0.4658 0.1233 0.1675 0.4866 0.1119 0.2874 0.2249 0.1275 0.5027 0.1186 0.1832 0.4532 0.1170 0.4798 0.1675 0.1233 0.4658 0.1220 0.2942 0.2555 0.1122 0.5070 0.1545 0.1304 0.4195 0.1177 0.3581 0.2282 0.1133 0.5186 0.1439 0.1418 0.3731 0.1146 0.4107 0.2052 0.1152 0.5202 0.1354 0.1641 0.3304 0.1128 0.4518 0.1858 0.1181 0.5067 0.1285 0.2149 0.2927 0.1119 0.4828 0.1697 0.1225 0.4722 0.1227 0.2850 0.2589 0.1126 0.4884
0.1121 0.2589 0.2811 0.1229 0.4770 0.1216 0.1717 0.4790 0.1116 0.2979 0.2055 0.1293 0.5100 0.1173 0.1885 0.4464 0.1126 0.3364 0.1593 0.1365 0.5207 0.1146 0.2084 0.4036 0.1146 0.3797 0.1395 0.1454 0.5175 0.1128 0.2320 0.3492 0.1179 0.4265 0.1289 0.1563 0.5045 0.1117 0.2599 0.2840 0.1224 0.4722 0.1222 0.1696 0.4828 0.1116 0.2926 0.2149 0.1283 0.5066 0.1179 0.1858 0.4520 0.1113 0.4233 0.1096 0.4829 0.1696 0.1222 0.4722 0.1224 0.2840 0.2599 0.1117 0.5045 0.1563 0.1289 0.4265 0.1179 0.3492 0.2320 0.1128 0.5175 0.1454 0.1395 0.3797 0.1146 0.4036 0.2084 0.1146 0.5207 0.1365 0.1593 0.3364 0.1126 0.4464 0.1885 0.1173 0.5100 0.1293 0.2055 0.2979 0.1116 0.4790 0.1717 0.1216 0.4770 0.1229 0.2811 0.2589 0.1121
0.2461 0.2850 0.1229 0.4790 0.1212 0.1734 0.4755 0.1117 0.3030 0.1968 0.1303 0.5128 0.1169 0.1912 0.4407 0.1128 0.3426 0.1552 0.1377 0.5210 0.1143 0.2117 0.3962 0.1151 0.3866 0.1375 0.1468 0.5161 0.1126 0.2359 0.3401 0.1185 0.4336 0.1277 0.1581 0.5018 0.1116 0.2645 0.2736 0.1232 0.4784 0.1215 0.1719 0.4789 0.1116 0.2979 0.2055 0.1293 0.5099 0.1173 0.1884 0.4465 0.1125 0.3402 0.1209 0.3065 0.1114 0.4789 0.1719 0.1215 0.4784 0.1232 0.2736 0.2645 0.1116 0.5018 0.1581 0.1277 0.4336 0.1185 0.3401 0.2359 0.1126 0.5161 0.1468 0.1375 0.3866 0.1151 0.3962 0.2117 0.1143 0.5210 0.1377 0.1552 0.3426 0.1128 0.4407 0.1912 0.1169 0.5128 0.1303 0.1968 0.3030 0.1117 0.4755 0.1734 0.1212 0.4790 0.1229 0.2850 0.2461
0.2641 0.1227 0.4770 0.1212 0.1740 0.4733 0.1118 0.3073 0.1896 0.1312 0.5150 0.1164 0.1940 0.4349 0.1131 0.3488 0.1517 0.1390 0.5209 0.1140 0.2150 0.3886 0.1155 0.3935 0.1358 0.1484 0.5145 0.1124 0.2398 0.3309 0.1191 0.4406 0.1266 0.1600 0.4990 0.1116 0.2691 0.2631 0.1240 0.4843 0.1207 0.1741 0.4747 0.1117 0.3033 0.1965 0.1303 0.5128 0.1169 0.1912 0.4408 0.1128 0.3424 0.1513 0.1607 0.1821 0.3032 0.1117 0.4747 0.1741 0.1207 0.4843 0.1240 0.2631 0.2691 0.1116 0.4990 0.1600 0.1266 0.4406 0.1191 0.3309 0.2398 0.1124 0.5145 0.1484 0.1358 0.3935 0.1155 0.3886 0.2150 0.1140 0.5209 0.1390 0.1517 0.3488 0.1131 0.4349 0.1940 0.1164 0.5150 0.1312 0.1896 0.3073 0.1118 0.4733 0.1740 0.1212 0.4770 0.1227 0.2641
0.1181 0.4722 0.1216 0.1734 0.4733 0.1118 0.3098 0.1847 0.1320 0.5166 0.1161 0.1966 0.4291 0.1134 0.3550 0.1486 0.1402 0.5206 0.1137 0.2184 0.3808 0.1160 0.4004 0.1341 0.1499 0.5128 0.1122 0.2439 0.3213 0.1198 0.4475 0.1256 0.1619 0.4959 0.1115 0.2739 0.2528 0.1249 0.4897 0.1201 0.1765 0.4702 0.1118 0.3088 0.1882 0.1313 0.5151 0.1164 0.1940 0.4349 0.1131 0.3487 0.1517 0.1400 0.4981 0.1334 0.1882 0.3088 0.1118 0.4702 0.1765 0.1201 0.4897 0.1249 0.2528 0.2739 0.1115 0.4959 0.1619 0.1256 0.4475 0.1198 0.3213 0.2439 0.1122 0.5128 0.1499 0.1341 0.4004 0.1160 0.3808 0.2184 0.1137 0.5206 0.1402 0.1486 0.3550 0.1134 0.4291 0.1966 0.1161 0.5166 0.1320 0.1847 0.3098 0.1118 0.4733 0.1734 0.1216 0.4722 0.1181
0.4488 0.1225 0.1717 0.4755 0.1118 0.3098 0.1830 0.1324 0.5176 0.1158 0.1990 0.4236 0.1136 0.3610 0.1460 0.1415 0.5201 0.1135 0.2218 0.3729 0.1164 0.4073 0.1326 0.1516 0.5108 0.1120 0.2481 0.3115 0.1205 0.4543 0.1246 0.1639 0.4927 0.1115 0.2788 0.2423 0.1258 0.4949 0.1194 0.1789 0.4656 0.1119 0.3144 0.1806 0.1324 0.5170 0.1160 0.1969 0.4287 0.1134 0.3551 0.1486 0.1402 0.5204 0.1075 0.5192 0.1324 0.1806 0.3144 0.1119 0.4656 0.1789 0.1194 0.4949 0.1258 0.2423 0.2788 0.1115 0.4927 0.1639 0.1246 0.4543 0.1205 0.3115 0.2481 0.1120 0.5108 0.1516 0.1326 0.4073 0.1164 0.3729 0.2218 0.1135 0.5201 0.1415 0.1460 0.3610 0.1136 0.4236 0.1990 0.1158 0.5176 0.1324 0.1830 0.3098 0.1118 0.4755 0.1717 0.1225 0.4488
0.1266 0.1697 0.4790 0.1117 0.3073 0.1847 0.1324 0.5179 0.1156 0.2007 0.4191 0.1139 0.3665 0.1437 0.1427 0.5194 0.1132 0.2253 0.3648 0.1169 0.4141 0.1312 0.1532 0.5087 0.1119 0.2524 0.3015 0.1212 0.4610 0.1237 0.1660 0.4893 0.1115 0.2837 0.2321 0.1267 0.4996 0.1188 0.1814 0.4608 0.1121 0.3202 0.1738 0.1335 0.5185 0.1156 0.1998 0.4224 0.1137 0.3615 0.1458 0.1415 0.5201 0.1112 0.2803 0.1117 0.5185 0.1335 0.1738 0.3202 0.1121 0.4608 0.1814 0.1188 0.4996 0.1267 0.2321 0.2837 0.1115 0.4893 0.1660 0.1237 0.4610 0.1212 0.3015 0.2524 0.1119 0.5087 0.1532 0.1312 0.4141 0.1169 0.3648 0.2253 0.1132 0.5194 0.1427 0.1437 0.3665 0.1139 0.4191 0.2007 0.1156 0.5179 0.1324 0.1847 0.3073 0.1117 0.4790 0.1697 0.1266
0.1619 0.4828 0.1116 0.3030 0.1896 0.1320 0.5176 0.1156 0.2013 0.4166 0.1141 0.3709 0.1419 0.1439 0.5185 0.1130 0.2288 0.3565 0.1175 0.4209 0.1299 0.1549 0.5065 0.1118 0.2566 0.2915 0.1219 0.4676 0.1228 0.1681 0.4856 0.1115 0.2888 0.2221 0.1276 0.5038 0.1182 0.1839 0.4557 0.1122 0.3260 0.1678 0.1346 0.5196 0.1152 0.2029 0.4157 0.1140 0.3681 0.1433 0.1429 0.5193 0.1131 0.2281 0.2269 0.2083 0.1150 0.5196 0.1346 0.1678 0.3260 0.1122 0.4557 0.1839 0.1182 0.5038 0.1276 0.2221 0.2888 0.1115 0.4856 0.1681 0.1228 0.4676 0.1219 0.2915 0.2566 0.1118 0.5065 0.1549 0.1299 0.4209 0.1175 0.3565 0.2288 0.1130 0.5185 0.1439 0.1419 0.3709 0.1141 0.4166 0.2013 0.1156 0.5176 0.1320 0.1896 0.3030 0.1116 0.4828 0.1619
0.4658 0.1119 0.2979 0.1968 0.1312 0.5166 0.1158 0.2007 0.4166 0.1141 0.3734 0.1408 0.1448 0.5177 0.1128 0.2321 0.3485 0.1180 0.4276 0.1287 0.1566 0.5040 0.1117 0.2609 0.2816 0.1226 0.4738 0.1220 0.1702 0.4818 0.1116 0.2940 0.2123 0.1286 0.5076 0.1177 0.1865 0.4505 0.1124 0.3319 0.1627 0.1357 0.5204 0.1149 0.2060 0.4088 0.1144 0.3747 0.1410 0.1443 0.5183 0.1129 0.2292 0.3505 0.1287 0.3979 0.2060 0.1149 0.5204 0.1357 0.1627 0.3319 0.1124 0.4505 0.1865 0.1177 0.5076 0.1286 0.2123 0.2940 0.1116 0.4818 0.1702 0.1220 0.4738 0.1226 0.2816 0.2609 0.1117 0.5040 0.1566 0.1287 0.4276 0.1180 0.3485 0.2321 0.1128 0.5177 0.1448 0.1408 0.3734 0.1141 0.4166 0.2007 0.1158 0.5166 0.1312 0.1968 0.2979 0.1119 0.4658
0.1109 0.2927 0.2055 0.1303 0.5150 0.1161 0.1990 0.4191 0.1141 0.3734 0.1405 0.1453 0.5171 0.1127 0.2348 0.3414 0.1185 0.4339 0.1276 0.1584 0.5014 0.1116 0.2653 0.2716 0.1234 0.4797 0.1213 0.1723 0.4779 0.1116 0.2992 0.2031 0.1295 0.5107 0.1172 0.1892 0.4449 0.1126 0.3380 0.1582 0.1369 0.5208 0.1145 0.2092 0.4017 0.1147 0.3815 0.1390 0.1457 0.5171 0.1127 0.2330 0.3469 0.1180 0.5085 0.1145 0.4018 0.2092 0.1145 0.5208 0.1369 0.1582 0.3380 0.1126 0.4449 0.1892 0.1172 0.5107 0.1295 0.2031 0.2992 0.1116 0.4779 0.1723 0.1213 0.4797 0.1234 0.2716 0.2653 0.1116 0.5014 0.1584 0.1276 0.4339 0.1185 0.3414 0.2348 0.1127 0.5171 0.1453 0.1405 0.3734 0.1141 0.4191 0.1990 0.1161 0.5150 0.1303 0.2055 0.2927 0.1109
0.2766 0.2149 0.1293 0.5128 0.1164 0.1966 0.4236 0.1139 0.3709 0.1408 0.1453 0.5169 0.1126 0.2366 0.3359 0.1189 0.4393 0.1267 0.1600 0.4988 0.1116 0.2698 0.2615 0.1242 0.4853 0.1206 0.1745 0.4738 0.1117 0.3045 0.1946 0.1305 0.5134 0.1167 0.1919 0.4392 0.1129 0.3441 0.1543 0.1381 0.5210 0.1142 0.2125 0.3943 0.1152 0.3883 0.1371 0.1472 0.5157 0.1125 0.2369 0.3378 0.1186 0.4394 0.1096 0.3987 0.1150 0.3943 0.2125 0.1142 0.5210 0.1381 0.1543 0.3441 0.1129 0.4392 0.1919 0.1167 0.5134 0.1305 0.1946 0.3045 0.1117 0.4738 0.1745 0.1206 0.4853 0.1242 0.2615 0.2698 0.1116 0.4988 0.1600 0.1267 0.4393 0.1189 0.3359 0.2366 0.1126 0.5169 0.1453 0.1408 0.3709 0.1139 0.4236 0.1966 0.1164 0.5128 0.1293 0.2149 0.2766
0.2018 0.1285 0.5100 0.1169 0.1940 0.4291 0.1136 0.3665 0.1419 0.1448 0.5171 0.1126 0.2373 0.3330 0.1192 0.4433 0.1260 0.1615 0.4963 0.1115 0.2742 0.2518 0.1250 0.4905 0.1200 0.1768 0.4696 0.1118 0.3098 0.1867 0.1315 0.5156 0.1163 0.1947 0.4334 0.1131 0.3503 0.1509 0.1393 0.5209 0.1139 0.2159 0.3867 0.1156 0.3952 0.1353 0.1488 0.5141 0.1123 0.2409 0.3284 0.1193 0.4423 0.1236 0.1938 0.1297 0.3950 0.1156 0.3867 0.2159 0.1139 0.5209 0.1393 0.1509 0.3503 0.1131 0.4334 0.1947 0.1163 0.5156 0.1315 0.1867 0.3098 0.1118 0.4696 0.1768 0.1200 0.4905 0.1250 0.2518 0.2742 0.1115 0.4963 0.1615 0.1260 0.4433 0.1192 0.3330 0.2373 0.1126 0.5171 0.1448 0.1419 0.3665 0.1136 0.4291 0.1940 0.1169 0.5100 0.1285 0.2018
0.1231 0.5067 0.1173 0.1912 0.4349 0.1134 0.3610 0.1437 0.1439 0.5177 0.1127 0.2366 0.3330 0.1193 0.4455 0.1256 0.1626 0.4942 0.1115 0.2780 0.2429 0.1258 0.4952 0.1194 0.1791 0.4651 0.1119 0.3152 0.1795 0.1325 0.5173 0.1159 0.1975 0.4274 0.1134 0.3566 0.1479 0.1405 0.5205 0.1136 0.2193 0.3788 0.1161 0.4022 0.1337 0.1504 0.5123 0.1122 0.2450 0.3188 0.1199 0.4493 0.1253 0.1640 0.4316 0.1535 0.1335 0.4022 0.1161 0.3788 0.2193 0.1136 0.5205 0.1405 0.1479 0.3566 0.1134 0.4274 0.1975 0.1159 0.5173 0.1325 0.1795 0.3152 0.1119 0.4651 0.1791 0.1194 0.4952 0.1258 0.2429 0.2780 0.1115 0.4942 0.1626 0.1256 0.4455 0.1193 0.3330 0.2366 0.1127 0.5177 0.1439 0.1437 0.3610 0.1134 0.4349 0.1912 0.1173 0.5067 0.1231
0.4860 0.1181 0.1885 0.4407 0.1131 0.3550 0.1460 0.1427 0.5185 0.1128 0.2348 0.3359 0.1192 0.4455 0.1254 0.1632 0.4927 0.1115 0.2812 0.2354 0.1265 0.4992 0.1188 0.1814 0.4605 0.1121 0.3207 0.1731 0.1336 0.5187 0.1155 0.2003 0.4212 0.1137 0.3628 0.1453 0.1418 0.5199 0.1134 0.2227 0.3708 0.1166 0.4091 0.1322 0.1520 0.5103 0.1120 0.2492 0.3089 0.1206 0.4561 0.1244 0.1644 0.4898 0.1120 0.5070 0.1520 0.1322 0.4091 0.1166 0.3708 0.2227 0.1134 0.5199 0.1418 0.1453 0.3628 0.1137 0.4212 0.2003 0.1155 0.5187 0.1336 0.1731 0.3207 0.1121 0.4605 0.1814 0.1188 0.4992 0.1265 0.2354 0.2812 0.1115 0.4927 0.1632 0.1254 0.4455 0.1192 0.3359 0.2348 0.1128 0.5185 0.1427 0.1460 0.3550 0.1131 0.4407 0.1885 0.1181 0.4860
0.1214 0.1858 0.4464 0.1128 0.3488 0.1486 0.1415 0.5194 0.1130 0.2321 0.3414 0.1189 0.4433 0.1256 0.1632 0.4922 0.1115 0.2834 0.2300 0.1271 0.5023 0.1184 0.1836 0.4560 0.1122 0.3263 0.1674 0.1347 0.5197 0.1152 0.2033 0.4148 0.1141 0.3691 0.1429 0.1431 0.5192 0.1131 0.2262 0.3627 0.1171 0.4159 0.1309 0.1537 0.5081 0.1119 0.2534 0.2989 0.1213 0.4628 0.1235 0.1665 0.4884 0.1099 0.3651 0.1091 0.5082 0.1537 0.1309 0.4159 0.1171 0.3627 0.2262 0.1131 0.5192 0.1431 0.1429 0.3691 0.1141 0.4148 0.2033 0.1152 0.5197 0.1347 0.1674 0.3263 0.1122 0.4560 0.1836 0.1184 0.5023 0.1271 0.2300 0.2834 0.1115 0.4922 0.1632 0.1256 0.4433 0.1189 0.3414 0.2321 0.1130 0.5194 0.1415 0.1486 0.3488 0.1128 0.4464 0.1858 0.1214
0.1769 0.4518 0.1126 0.3426 0.1517 0.1402 0.5201 0.1132 0.2288 0.3485 0.1185 0.4393 0.1260 0.1626 0.4927 0.1115 0.2841 0.2270 0.1275 0.5044 0.1181 0.1854 0.4520 0.1124 0.3315 0.1627 0.1357 0.5204 0.1148 0.2063 0.4082 0.1144 0.3756 0.1408 0.1445 0.5182 0.1129 0.2298 0.3544 0.1176 0.4227 0.1296 0.1553 0.5058 0.1118 0.2577 0.2889 0.1221 0.4692 0.1226 0.1686 0.4846 0.1115 0.2933 0.1351 0.2649 0.1116 0.5058 0.1553 0.1296 0.4227 0.1176 0.3544 0.2298 0.1129 0.5182 0.1445 0.1408 0.3756 0.1144 0.4082 0.2063 0.1148 0.5204 0.1357 0.1627 0.3315 0.1124 0.4520 0.1854 0.1181 0.5044 0.1275 0.2270 0.2841 0.1115 0.4927 0.1626 0.1260 0.4393 0.1185 0.3485 0.2288 0.1132 0.5201 0.1402 0.1517 0.3426 0.1126 0.4518 0.1769
0.4337 0.1128 0.3364 0.1552 0.1390 0.5206 0.1135 0.2253 0.3565 0.1180 0.4339 0.1267 0.1615 0.4942 0.1115 0.2834 0.2270 0.1276 0.5055 0.1178 0.1867 0.4487 0.1125 0.3361 0.1590 0.1367 0.5208 0.1145 0.2093 0.4013 0.1148 0.3821 0.1388 0.1459 0.5170 0.1127 0.2334 0.3458 0.1181 0.4294 0.1284 0.1571 0.5034 0.1117 0.2620 0.2790 0.1228 0.4753 0.1219 0.1707 0.4808 0.1116 0.2953 0.2035 0.1470 0.2626 0.2620 0.1117 0.5034 0.1571 0.1284 0.4294 0.1181 0.3458 0.2334 0.1127 0.5170 0.1459 0.1388 0.3821 0.1148 0.4013 0.2093 0.1145 0.5208 0.1367 0.1590 0.3361 0.1125 0.4487 0.1867 0.1178 0.5055 0.1276 0.2270 0.2834 0.1115 0.4942 0.1615 0.1267 0.4339 0.1180 0.3565 0.2253 0.1135 0.5206 0.1390 0.1552 0.3364 0.1128 0.4337
0.1108 0.3304 0.1593 0.1377 0.5209 0.1137 0.2218 0.3648 0.1175 0.4276 0.1276 0.1600 0.4963 0.1115 0.2812 0.2300 0.1275 0.5055 0.1178 0.1874 0.4466 0.1127 0.3397 0.1562 0.1376 0.5210 0.1143 0.2123 0.3944 0.1152 0.3886 0.1370 0.1473 0.5156 0.1125 0.2372 0.3369 0.1187 0.4362 0.1273 0.1589 0.5007 0.1116 0.2665 0.2690 0.1236 0.4811 0.1211 0.1729 0.4769 0.1116 0.3006 0.2008 0.1306 0.5165 0.1250 0.2691 0.2665 0.1116 0.5007 0.1589 0.1273 0.4362 0.1187 0.3369 0.2372 0.1125 0.5156 0.1473 0.1370 0.3886 0.1152 0.3944 0.2123 0.1143 0.5210 0.1376 0.1562 0.3397 0.1127 0.4466 0.1874 0.1178 0.5055 0.1275 0.2300 0.2812 0.1115 0.4963 0.1600 0.1276 0.4276 0.1175 0.3648 0.2218 0.1137 0.5209 0.1377 0.1593 0.3304 0.1108
0.3119 0.1641 0.1365 0.5210 0.1140 0.2184 0.3729 0.1169 0.4209 0.1287 0.1584 0.4988 0.1115 0.2780 0.2354 0.1271 0.5044 0.1178 0.1874 0.4458 0.1127 0.3420 0.1544 0.1383 0.5210 0.1141 0.2149 0.3880 0.1156 0.3950 0.1353 0.1488 0.5140 0.1123 0.2410 0.3279 0.1193 0.4429 0.1263 0.1607 0.4979 0.1116 0.2710 0.2590 0.1244 0.4866 0.1205 0.1751 0.4727 0.1117 0.3058 0.1925 0.1308 0.5153 0.1068 0.4946 0.1244 0.2590 0.2710 0.1116 0.4979 0.1607 0.1263 0.4429 0.1193 0.3279 0.2410 0.1123 0.5140 0.1488 0.1353 0.3950 0.1156 0.3880 0.2149 0.1141 0.5210 0.1383 0.1544 0.3420 0.1127 0.4458 0.1874 0.1178 0.5044 0.1271 0.2354 0.2780 0.1115 0.4988 0.1584 0.1287 0.4209 0.1169 0.3729 0.2184 0.1140 0.5210 0.1365 0.1641 0.3119
0.1634 0.1354 0.5207 0.1143 0.2150 0.3808 0.1164 0.4141 0.1299 0.1566 0.5014 0.1116 0.2742 0.2429 0.1265 0.5023 0.1181 0.1867 0.4466 0.1127 0.3428 0.1535 0.1388 0.5209 0.1139 0.2172 0.3823 0.1159 0.4007 0.1339 0.1503 0.5123 0.1122 0.2450 0.3186 0.1200 0.4495 0.1253 0.1626 0.4949 0.1115 0.2756 0.2489 0.1252 0.4918 0.1198 0.1774 0.4684 0.1118 0.3112 0.1848 0.1318 0.5160 0.1138 0.2433 0.1154 0.4917 0.1252 0.2489 0.2756 0.1115 0.4949 0.1626 0.1253 0.4495 0.1200 0.3186 0.2450 0.1122 0.5123 0.1503 0.1339 0.4007 0.1159 0.3823 0.2172 0.1139 0.5209 0.1388 0.1535 0.3428 0.1127 0.4466 0.1867 0.1181 0.5023 0.1265 0.2429 0.2742 0.1116 0.5014 0.1566 0.1299 0.4141 0.1164 0.3808 0.2150 0.1143 0.5207 0.1354 0.1634
0.1295 0.5202 0.1146 0.2117 0.3886 0.1160 0.4073 0.1312 0.1549 0.5040 0.1116 0.2698 0.2518 0.1258 0.4992 0.1184 0.1854 0.4487 0.1127 0.3420 0.1535 0.1389 0.5208 0.1138 0.2188 0.3778 0.1162 0.4057 0.1327 0.1516 0.5106 0.1120 0.2490 0.3092 0.1206 0.4561 0.1244 0.1645 0.4917 0.1115 0.2803 0.2390 0.1261 0.4966 0.1192 0.1797 0.4639 0.1120 0.3166 0.1778 0.1328 0.5177 0.1157 0.2005 0.3136 0.1844 0.1190 0.4966 0.1261 0.2390 0.2803 0.1115 0.4917 0.1645 0.1244 0.4561 0.1206 0.3092 0.2490 0.1120 0.5106 0.1516 0.1327 0.4057 0.1162 0.3778 0.2188 0.1138 0.5208 0.1389 0.1535 0.3420 0.1127 0.4487 0.1854 0.1184 0.4992 0.1258 0.2518 0.2698 0.1116 0.5040 0.1549 0.1312 0.4073 0.1160 0.3886 0.2117 0.1146 0.5202 0.1295
0.5033 0.1152 0.2084 0.3962 0.1155 0.4004 0.1326 0.1532 0.5065 0.1117 0.2653 0.2615 0.1250 0.4952 0.1188 0.1836 0.4520 0.1125 0.3397 0.1544 0.1388 0.5208 0.1137 0.2197 0.3749 0.1165 0.4096 0.1318 0.1528 0.5089 0.1119 0.2527 0.3000 0.1213 0.4625 0.1235 0.1665 0.4883 0.1115 0.2852 0.2291 0.1269 0.5010 0.1186 0.1821 0.4592 0.1121 0.3222 0.1716 0.1339 0.5190 0.1155 0.2011 0.4156 0.1210 0.4512 0.1822 0.1186 0.5010 0.1269 0.2291 0.2852 0.1115 0.4883 0.1665 0.1235 0.4625 0.1213 0.3000 0.2527 0.1119 0.5089 0.1528 0.1318 0.4096 0.1165 0.3749 0.2197 0.1137 0.5208 0.1388 0.1544 0.3397 0.1125 0.4520 0.1836 0.1188 0.4952 0.1250 0.2615 0.2653 0.1117 0.5065 0.1532 0.1326 0.4004 0.1155 0.3962 0.2084 0.1152 0.5033
0.1174 0.2052 0.4036 0.1151 0.3935 0.1341 0.1516 0.5087 0.1118 0.2609 0.2716 0.1242 0.4905 0.1194 0.1814 0.4560 0.1124 0.3361 0.1562 0.1383 0.5209 0.1138 0.2197 0.3739 0.1166 0.4120 0.1312 0.1537 0.5075 0.1118 0.2560 0.2917 0.1219 0.4684 0.1227 0.1685 0.4848 0.1115 0.2901 0.2195 0.1278 0.5049 0.1181 0.1846 0.4542 0.1123 0.3278 0.1661 0.1349 0.5199 0.1151 0.2040 0.4132 0.1135 0.4654 0.1110 0.4543 0.1846 0.1181 0.5049 0.1278 0.2195 0.2901 0.1115 0.4848 0.1685 0.1227 0.4684 0.1219 0.2917 0.2560 0.1118 0.5075 0.1537 0.1312 0.4120 0.1166 0.3739 0.2197 0.1138 0.5209 0.1383 0.1562 0.3361 0.1124 0.4560 0.1814 0.1194 0.4905 0.1242 0.2716 0.2609 0.1118 0.5087 0.1516 0.1341 0.3935 0.1151 0.4036 0.2052 0.1174
0.1950 0.4107 0.1146 0.3866 0.1358 0.1499 0.5108 0.1119 0.2566 0.2816 0.1234 0.4853 0.1200 0.1791 0.4605 0.1122 0.3315 0.1590 0.1376 0.5210 0.1139 0.2188 0.3749 0.1166 0.4129 0.1309 0.1543 0.5065 0.1118 0.2588 0.2847 0.1225 0.4734 0.1220 0.1704 0.4812 0.1116 0.2951 0.2102 0.1288 0.5084 0.1176 0.1871 0.4491 0.1125 0.3336 0.1613 0.1360 0.5206 0.1148 0.2071 0.4064 0.1144 0.3812 0.1147 0.3430 0.1123 0.4491 0.1871 0.1176 0.5084 0.1288 0.2102 0.2951 0.1116 0.4812 0.1704 0.1220 0.4734 0.1225 0.2847 0.2588 0.1118 0.5065 0.1543 0.1309 0.4129 0.1166 0.3749 0.2188 0.1139 0.5210 0.1376 0.1590 0.3315 0.1122 0.4605 0.1791 0.1200 0.4853 0.1234 0.2816 0.2566 0.1119 0.5108 0.1499 0.1358 0.3866 0.1146 0.4107 0.1950
0.3912 0.1146 0.3797 0.1375 0.1484 0.5128 0.1120 0.2524 0.2915 0.1226 0.4797 0.1206 0.1768 0.4651 0.1121 0.3263 0.1627 0.1367 0.5210 0.1141 0.2172 0.3778 0.1165 0.4120 0.1309 0.1545 0.5059 0.1117 0.2607 0.2792 0.1230 0.4777 0.1215 0.1722 0.4779 0.1116 0.3000 0.2015 0.1297 0.5113 0.1171 0.1897 0.4438 0.1127 0.3394 0.1572 0.1372 0.5209 0.1144 0.2102 0.3995 0.1149 0.3837 0.1352 0.1731 0.1488 0.3394 0.1127 0.4438 0.1897 0.1171 0.5113 0.1297 0.2015 0.3000 0.1116 0.4779 0.1722 0.1215 0.4777 0.1230 0.2792 0.2607 0.1117 0.5059 0.1545 0.1309 0.4120 0.1165 0.3778 0.2172 0.1141 0.5210 0.1367 0.1627 0.3263 0.1121 0.4651 0.1768 0.1206 0.4797 0.1226 0.2915 0.2524 0.1120 0.5128 0.1484 0.1375 0.3797 0.1146 0.3912
0.1118 0.3731 0.1395 0.1468 0.5145 0.1122 0.2481 0.3015 0.1219 0.4738 0.1213 0.1745 0.4696 0.1119 0.3207 0.1674 0.1357 0.5208 0.1143 0.2149 0.3823 0.1162 0.4096 0.1312 0.1543 0.5059 0.1117 0.2617 0.2757 0.1233 0.4809 0.1210 0.1737 0.4748 0.1117 0.3045 0.1938 0.1307 0.5138 0.1167 0.1924 0.4382 0.1129 0.3454 0.1535 0.1383 0.5210 0.1141 0.2134 0.3923 0.1153 0.3903 0.1365 0.1490 0.4754 0.1408 0.1534 0.3454 0.1129 0.4382 0.1924 0.1167 0.5138 0.1307 0.1938 0.3045 0.1117 0.4748 0.1737 0.1210 0.4809 0.1233 0.2757 0.2617 0.1117 0.5059 0.1543 0.1312 0.4096 0.1162 0.3823 0.2149 0.1143 0.5208 0.1357 0.1674 0.3207 0.1119 0.4696 0.1745 0.1213 0.4738 0.1219 0.3015 0.2481 0.1122 0.5145 0.1468 0.1395 0.3731 0.1118
0.3521 0.1418 0.1454 0.5161 0.1124 0.2439 0.3115 0.1212 0.4676 0.1220 0.1723 0.4738 0.1118 0.3152 0.1731 0.1347 0.5204 0.1145 0.2123 0.3880 0.1159 0.4057 0.1318 0.1537 0.5065 0.1117 0.2617 0.2746 0.1235 0.4828 0.1207 0.1750 0.4721 0.1118 0.3085 0.1875 0.1315 0.5157 0.1163 0.1951 0.4324 0.1132 0.3515 0.1503 0.1395 0.5208 0.1139 0.2166 0.3848 0.1157 0.3970 0.1349 0.1492 0.5126 0.1089 0.5201 0.1395 0.1503 0.3515 0.1132 0.4324 0.1951 0.1163 0.5157 0.1315 0.1875 0.3085 0.1118 0.4721 0.1750 0.1207 0.4828 0.1235 0.2746 0.2617 0.1117 0.5065 0.1537 0.1318 0.4057 0.1159 0.3880 0.2123 0.1145 0.5204 0.1347 0.1731 0.3152 0.1118 0.4738 0.1723 0.1220 0.4676 0.1212 0.3115 0.2439 0.1124 0.5161 0.1454 0.1418 0.3521
0.1456 0.1439 0.5175 0.1126 0.2398 0.3213 0.1205 0.4610 0.1228 0.1702 0.4779 0.1117 0.3098 0.1795 0.1336 0.5197 0.1148 0.2093 0.3944 0.1156 0.4007 0.1327 0.1528 0.5075 0.1118 0.2607 0.2757 0.1235 0.4834 0.1205 0.1757 0.4701 0.1118 0.3119 0.1824 0.1323 0.5171 0.1159 0.1977 0.4267 0.1135 0.3576 0.1474 0.1408 0.5204 0.1136 0.2200 0.3771 0.1162 0.4037 0.1334 0.1508 0.5118 0.1101 0.3133 0.1101 0.5204 0.1408 0.1474 0.3576 0.1135 0.4267 0.1977 0.1159 0.5171 0.1323 0.1824 0.3119 0.1118 0.4701 0.1757 0.1205 0.4834 0.1235 0.2757 0.2607 0.1118 0.5075 0.1528 0.1327 0.4007 0.1156 0.3944 0.2093 0.1148 0.5197 0.1336 0.1795 0.3098 0.1117 0.4779 0.1702 0.1228 0.4610 0.1205 0.3213 0.2398 0.1126 0.5175 0.1439 0.1456
0.1376 0.5186 0.1128 0.2359 0.3309 0.1198 0.4543 0.1237 0.1681 0.4818 0.1116 0.3045 0.1867 0.1325 0.5187 0.1152 0.2063 0.4013 0.1152 0.3950 0.1339 0.1516 0.5089 0.1118 0.2588 0.2792 0.1233 0.4828 0.1205 0.1760 0.4691 0.1119 0.3143 0.1787 0.1329 0.5181 0.1156 0.2000 0.4213 0.1138 0.3636 0.1449 0.1420 0.5198 0.1133 0.2234 0.3692 0.1167 0.4104 0.1319 0.1524 0.5099 0.1119 0.2530 0.1706 0.2296 0.1131 0.5198 0.1420 0.1449 0.3636 0.1138 0.4213 0.2000 0.1156 0.5181 0.1329 0.1787 0.3143 0.1119 0.4691 0.1760 0.1205 0.4828 0.1233 0.2792 0.2588 0.1118 0.5089 0.1516 0.1339 0.3950 0.1152 0.4013 0.2063 0.1152 0.5187 0.1325 0.1867 0.3045 0.1116 0.4818 0.1681 0.1237 0.4543 0.1198 0.3309 0.2359 0.1128 0.5186 0.1376
0.5028 0.1133 0.2320 0.3401 0.1191 0.4475 0.1246 0.1660 0.4856 0.1116 0.2992 0.1946 0.1315 0.5173 0.1155 0.2033 0.4082 0.1148 0.3886 0.1353 0.1503 0.5106 0.1119 0.2560 0.2847 0.1230 0.4809 0.1207 0.1757 0.4691 0.1119 0.3156 0.1764 0.1334 0.5188 0.1154 0.2019 0.4167 0.1140 0.3689 0.1428 0.1433 0.5190 0.1131 0.2269 0.3611 0.1172 0.4172 0.1306 0.1540 0.5077 0.1119 0.2542 0.2907 0.1356 0.3474 0.2269 0.1131 0.5190 0.1433 0.1428 0.3689 0.1140 0.4167 0.2019 0.1154 0.5188 0.1334 0.1764 0.3156 0.1119 0.4691 0.1757 0.1207 0.4809 0.1230 0.2847 0.2560 0.1119 0.5106 0.1503 0.1353 0.3886 0.1148 0.4082 0.2033 0.1155 0.5173 0.1315 0.1946 0.2992 0.1116 0.4856 0.1660 0.1246 0.4475 0.1191 0.3401 0.2320 0.1133 0.5028
0.1144 0.2282 0.3492 0.1185 0.4406 0.1256 0.1639 0.4893 0.1115 0.2940 0.2031 0.1305 0.5156 0.1159 0.2003 0.4148 0.1144 0.3821 0.1370 0.1488 0.5123 0.1120 0.2527 0.2917 0.1225 0.4777 0.1210 0.1750 0.4701 0.1119 0.3156 0.1757 0.1336 0.5192 0.1153 0.2035 0.4128 0.1142 0.3735 0.1411 0.1444 0.5182 0.1129 0.2303 0.3528 0.1177 0.4240 0.1294 0.1557 0.5054 0.1118 0.2585 0.2873 0.1226 0.5203 0.1182 0.3528 0.2303 0.1129 0.5182 0.1444 0.1411 0.3735 0.1142 0.4128 0.2035 0.1153 0.5192 0.1336 0.1757 0.3156 0.1119 0.4701 0.1750 0.1210 0.4777 0.1225 0.2917 0.2527 0.1120 0.5123 0.1488 0.1370 0.3821 0.1144 0.4148 0.2003 0.1159 0.5156 0.1305 0.2031 0.2940 0.1115 0.4893 0.1639 0.1256 0.4406 0.1185 0.3492 0.2282 0.1144
0.2165 0.3581 0.1179 0.4336 0.1266 0.1619 0.4927 0.1115 0.2888 0.2123 0.1295 0.5134 0.1163 0.1975 0.4212 0.1141 0.3756 0.1388 0.1473 0.5140 0.1122 0.2490 0.3000 0.1219 0.4734 0.1215 0.1737 0.4721 0.1118 0.3143 0.1764 0.1336 0.5193 0.1152 0.2045 0.4098 0.1144 0.3774 0.1398 0.1454 0.5173 0.1127 0.2335 0.3449 0.1182 0.4307 0.1282 0.1574 0.5029 0.1117 0.2628 0.2773 0.1229 0.4800 0.1077 0.4413 0.1181 0.3449 0.2335 0.1127 0.5173 0.1454 0.1398 0.3774 0.1144 0.4098 0.2045 0.1152 0.5193 0.1336 0.1764 0.3143 0.1118 0.4721 0.1737 0.1215 0.4734 0.1219 0.3000 0.2490 0.1122 0.5140 0.1473 0.1388 0.3756 0.1141 0.4212 0.1975 0.1163 0.5134 0.1295 0.2123 0.2888 0.1115 0.4927 0.1619 0.1266 0.4336 0.1179 0.3581 0.2165
0.3375 0.1177 0.4265 0.1277 0.1600 0.4959 0.1115 0.2837 0.2221 0.1286 0.5107 0.1167 0.1947 0.4274 0.1137 0.3691 0.1408 0.1459 0.5156 0.1123 0.2450 0.3092 0.1213 0.4684 0.1220 0.1722 0.4748 0.1118 0.3119 0.1787 0.1334 0.5192 0.1152 0.2048 0.4083 0.1145 0.3803 0.1388 0.1462 0.5164 0.1126 0.2363 0.3378 0.1187 0.4369 0.1271 0.1592 0.5002 0.1116 0.2672 0.2673 0.1237 0.4821 0.1183 0.2121 0.1222 0.4367 0.1187 0.3378 0.2363 0.1126 0.5164 0.1462 0.1388 0.3803 0.1145 0.4083 0.2048 0.1152 0.5192 0.1334 0.1787 0.3119 0.1118 0.4748 0.1722 0.1220 0.4684 0.1213 0.3092 0.2450 0.1123 0.5156 0.1459 0.1408 0.3691 0.1137 0.4274 0.1947 0.1167 0.5107 0.1286 0.2221 0.2837 0.1115 0.4959 0.1600 0.1277 0.4265 0.1177 0.3375
0.1140 0.4195 0.1289 0.1581 0.4990 0.1115 0.2788 0.2321 0.1276 0.5076 0.1172 0.1919 0.4334 0.1134 0.3628 0.1429 0.1445 0.5170 0.1125 0.2410 0.3186 0.1206 0.4625 0.1227 0.1704 0.4779 0.1117 0.3085 0.1824 0.1329 0.5188 0.1153 0.2045 0.4083 0.1146 0.3818 0.1381 0.1469 0.5157 0.1125 0.2388 0.3315 0.1192 0.4422 0.1262 0.1609 0.4975 0.1116 0.2718 0.2572 0.1245 0.4876 0.1202 0.1775 0.3896 0.1646 0.1261 0.4422 0.1192 0.3315 0.2388 0.1125 0.5157 0.1469 0.1381 0.3818 0.1146 0.4083 0.2045 0.1153 0.5188 0.1329 0.1824 0.3085 0.1117 0.4779 0.1704 0.1227 0.4625 0.1206 0.3186 0.2410 0.1125 0.5170 0.1445 0.1429 0.3628 0.1134 0.4334 0.1919 0.1172 0.5076 0.1276 0.2321 0.2788 0.1115 0.4990 0.1581 0.1289 0.4195 0.1140
0.3965 0.1304 0.1563 0.5018 0.1116 0.2739 0.2423 0.1267 0.5038 0.1177 0.1892 0.4392 0.1131 0.3566 0.1453 0.1431 0.5182 0.1127 0.2372 0.3279 0.1200 0.4561 0.1235 0.1685 0.4812 0.1116 0.3045 0.1875 0.1323 0.5181 0.1154 0.2035 0.4098 0.1145 0.3818 0.1379 0.1472 0.5152 0.1124 0.2409 0.3261 0.1196 0.4468 0.1255 0.1624 0.4949 0.1115 0.2762 0.2473 0.1254 0.4927 0.1197 0.1779 0.4648 0.1151 0.4898 0.1624 0.1255 0.4468 0.1196 0.3261 0.2409 0.1124 0.5152 0.1472 0.1379 0.3818 0.1145 0.4098 0.2035 0.1154 0.5181 0.1323 0.1875 0.3045 0.1116 0.4812 0.1685 0.1235 0.4561 0.1200 0.3279 0.2372 0.1127 0.5182 0.1431 0.1453 0.3566 0.1131 0.4392 0.1892 0.1177 0.5038 0.1267 0.2423 0.2739 0.1116 0.5018 0.1563 0.1304 0.3965
0.1350 0.1545 0.5045 0.1116 0.2691 0.2528 0.1258 0.4996 0.1182 0.1865 0.4449 0.1129 0.3503 0.1479 0.1418 0.5192 0.1129 0.2334 0.3369 0.1193 0.4495 0.1244 0.1665 0.4848 0.1116 0.3000 0.1938 0.1315 0.5171 0.1156 0.2019 0.4128 0.1144 0.3803 0.1381 0.1472 0.5150 0.1124 0.2422 0.3220 0.1199 0.4507 0.1249 0.1637 0.4925 0.1115 0.2803 0.2382 0.1262 0.4974 0.1191 0.1802 0.4630 0.1108 0.4054 0.1093 0.4926 0.1637 0.1249 0.4507 0.1199 0.3220 0.2422 0.1124 0.5150 0.1472 0.1381 0.3803 0.1144 0.4128 0.2019 0.1156 0.5171 0.1315 0.1938 0.3000 0.1116 0.4848 0.1665 0.1244 0.4495 0.1193 0.3369 0.2334 0.1129 0.5192 0.1418 0.1479 0.3503 0.1129 0.4449 0.1865 0.1182 0.4996 0.1258 0.2528 0.2691 0.1116 0.5045 0.1545 0.1350
0.1476 0.5070 0.1117 0.2645 0.2631 0.1249 0.4949 0.1188 0.1839 0.4505 0.1126 0.3441 0.1509 0.1405 0.5199 0.1131 0.2298 0.3458 0.1187 0.4429 0.1253 0.1645 0.4883 0.1115 0.2951 0.2015 0.1307 0.5157 0.1159 0.2000 0.4167 0.1142 0.3774 0.1388 0.1469 0.5152 0.1124 0.2427 0.3198 0.1201 0.4536 0.1245 0.1648 0.4904 0.1115 0.2838 0.2304 0.1269 0.5013 0.1186 0.1826 0.4582 0.1121 0.3267 0.1243 0.2918 0.1113 0.4904 0.1648 0.1245 0.4536 0.1201 0.3198 0.2427 0.1124 0.5152 0.1469 0.1388 0.3774 0.1142 0.4167 0.2000 0.1159 0.5157 0.1307 0.2015 0.2951 0.1115 0.4883 0.1645 0.1253 0.4429 0.1187 0.3458 0.2298 0.1131 0.5199 0.1405 0.1509 0.3441 0.1126 0.4505 0.1839 0.1188 0.4949 0.1249 0.2631 0.2645 0.1117 0.5070 0.1476
0.4910 0.1122 0.2599 0.2736 0.1240 0.4897 0.1194 0.1814 0.4557 0.1124 0.3380 0.1543 0.1393 0.5205 0.1134 0.2262 0.3544 0.1181 0.4362 0.1263 0.1626 0.4917 0.1115 0.2901 0.2102 0.1297 0.5138 0.1163 0.1977 0.4213 0.1140 0.3735 0.1398 0.1462 0.5157 0.1124 0.2422 0.3198 0.1202 0.4551 0.1241 0.1657 0.4887 0.1115 0.2869 0.2237 0.1276 0.5044 0.1181 0.1848 0.4535 0.1123 0.3288 0.1607 0.1562 0.2073 0.2868 0.1115 0.4887 0.1657 0.1241 0.4551 0.1202 0.3198 0.2422 0.1124 0.5157 0.1462 0.1398 0.3735 0.1140 0.4213 0.1977 0.1163 0.5138 0.1297 0.2102 0.2901 0.1115 0.4917 0.1626 0.1263 0.4362 0.1181 0.3544 0.2262 0.1134 0.5205 0.1393 0.1543 0.3380 0.1124 0.4557 0.1814 0.1194 0.4897 0.1240 0.2736 0.2599 0.1122 0.4910
0.1123 0.2555 0.2840 0.1232 0.4843 0.1201 0.1789 0.4608 0.1122 0.3319 0.1582 0.1381 0.5209 0.1136 0.2227 0.3627 0.1176 0.4294 0.1273 0.1607 0.4949 0.1115 0.2852 0.2195 0.1288 0.5113 0.1167 0.1951 0.4267 0.1138 0.3689 0.1411 0.1454 0.5164 0.1125 0.2409 0.3220 0.1201 0.4551 0.1240 0.1661 0.4876 0.1115 0.2894 0.2184 0.1282 0.5068 0.1177 0.1868 0.4493 0.1125 0.3342 0.1606 0.1372 0.5054 0.1301 0.2186 0.2894 0.1115 0.4876 0.1661 0.1240 0.4551 0.1201 0.3220 0.2409 0.1125 0.5164 0.1454 0.1411 0.3689 0.1138 0.4267 0.1951 0.1167 0.5113 0.1288 0.2195 0.2852 0.1115 0.4949 0.1607 0.1273 0.4294 0.1176 0.3627 0.2227 0.1136 0.5209 0.1381 0.1582 0.3319 0.1122 0.4608 0.1789 0.1201 0.4843 0.1232 0.2840 0.2555 0.1123
0.2419 0.2942 0.1224 0.4784 0.1207 0.1765 0.4656 0.1121 0.3260 0.1627 0.1369 0.5210 0.1139 0.2193 0.3708 0.1171 0.4227 0.1284 0.1589 0.4979 0.1115 0.2803 0.2291 0.1278 0.5084 0.1171 0.1924 0.4324 0.1135 0.3636 0.1428 0.1444 0.5173 0.1126 0.2388 0.3261 0.1199 0.4536 0.1241 0.1661 0.4872 0.1115 0.2910 0.2146 0.1286 0.5086 0.1171 0.1885 0.4454 0.1126 0.3393 0.1565 0.1375 0.5210 0.1070 0.5133 0.1286 0.2143 0.2910 0.1115 0.4872 0.1661 0.1241 0.4536 0.1199 0.3261 0.2388 0.1126 0.5173 0.1444 0.1428 0.3636 0.1135 0.4324 0.1924 0.1171 0.5084 0.1278 0.2291 0.2803 0.1115 0.4979 0.1589 0.1284 0.4227 0.1171 0.3708 0.2193 0.1139 0.5210 0.1369 0.1627 0.3260 0.1121 0.4656 0.1765 0.1207 0.4784 0.1224 0.2942 0.2419
0.2741 0.1220 0.4722 0.1215 0.1741 0.4702 0.1119 0.3202 0.1678 0.1357 0.5208 0.1142 0.2159 0.3788 0.1166 0.4159 0.1296 0.1571 0.5007 0.1116 0.2756 0.2390 0.1269 0.5049 0.1176 0.1897 0.4382 0.1132 0.3576 0.1449 0.1433 0.5182 0.1127 0.2363 0.3315 0.1196 0.4507 0.1245 0.1657 0.4876 0.1115 0.2916 0.2125 0.1294 0.5105 0.1105 0.1962 0.4360 0.1126 0.3487 0.1463 0.1436 0.5174 0.1069 0.2748 0.1101 0.5183 0.1334 0.2095 0.2916 0.1115 0.4876 0.1657 0.1245 0.4507 0.1196 0.3315 0.2363 0.1127 0.5182 0.1433 0.1449 0.3576 0.1132 0.4382 0.1897 0.1176 0.5049 0.1269 0.2390 0.2756 0.1116 0.5007 0.1571 0.1296 0.4159 0.1166 0.3788 0.2159 0.1142 0.5208 0.1357 0.1678 0.3202 0.1119 0.4702 0.1741 0.1215 0.4722 0.1220 0.2741
0.1174 0.4658 0.1222 0.1719 0.4747 0.1118 0.3144 0.1738 0.1346 0.5204 0.1145 0.2125 0.3867 0.1161 0.4091 0.1309 0.1553 0.5034 0.1116 0.2710 0.2489 0.1261 0.5010 0.1181 0.1871 0.4438 0.1129 0.3515 0.1474 0.1420 0.5190 0.1129 0.2335 0.3378 0.1192 0.4468 0.1249 0.1648 0.4887 0.1115 0.2910 0.2125 0.1301 0.5026 0.1113 0.3223 0.2652 0.1191 0.3814 0.1333 0.1622 0.4835 0.1127 0.4104 0.1229 0.2548 0.1100 0.4523 0.1378 0.2076 0.2910 0.1115 0.4887 0.1648 0.1249 0.4468 0.1192 0.3378 0.2335 0.1129 0.5190 0.1420 0.1474 0.3515 0.1129 0.4438 0.1871 0.1181 0.5010 0.1261 0.2489 0.2710 0.1116 0.5034 0.1553 0.1309 0.4091 0.1161 0.3867 0.2125 0.1145 0.5204 0.1346 0.1738 0.3144 0.1118 0.4747 0.1719 0.1222 0.4658 0.1174
0.4422 0.1233 0.1696 0.4789 0.1117 0.3088 0.1806 0.1335 0.5196 0.1149 0.2092 0.3943 0.1156 0.4022 0.1322 0.1537 0.5058 0.1117 0.2665 0.2590 0.1252 0.4966 0.1186 0.1846 0.4491 0.1127 0.3454 0.1503 0.1408 0.5198 0.1131 0.2303 0.3449 0.1187 0.4422 0.1255 0.1637 0.4904 0.1115 0.2894 0.2146 0.1294 0.5006 0.2826 0.2055 0.4835 0.1194 0.3585 0.0921 0.2211 0.2672 0.3928 0.4715 0.1883 0.2946 0.2222 0.5252 0.2183 0.1923 0.1367 0.2118 0.2894 0.1115 0.4904 0.1637 0.1255 0.4422 0.1187 0.3449 0.2303 0.1131 0.5198 0.1408 0.1503 0.3454 0.1127 0.4491 0.1846 0.1186 0.4966 0.1252 0.2590 0.2665 0.1117 0.5058 0.1537 0.1322 0.4022 0.1156 0.3943 0.2092 0.1149 0.5196 0.1335 0.1806 0.3088 0.1117 0.4789 0.1696 0.1233 0.4422
0.1275 0.1675 0.4828 0.1116 0.3033 0.1882 0.1324 0.5185 0.1152 0.2060 0.4017 0.1152 0.3952 0.1337 0.1520 0.5081 0.1118 0.2620 0.2690 0.1244 0.4918 0.1192 0.1821 0.4542 0.1125 0.3394 0.1535 0.1395 0.5204 0.1133 0.2269 0.3528 0.1182 0.4369 0.1262 0.1624 0.4925 0.1115 0.2869 0.2184 0.1286 0.5102 0.1204 0.1483 0.3165 0.3980 0.4180 0.4034 0.4675 0.4358 0.4828 0.2133 0.0734 0.3276 0.1077 0.1755 0.1987 0.1573 0.1694 0.4773 0.1302 0.2186 0.2868 0.1113 0.4926 0.1624 0.1261 0.4367 0.1181 0.3528 0.2269 0.1131 0.5204 0.1395 0.1534 0.3394 0.1123 0.4543 0.1822 0.1190 0.4917 0.1244 0.2691 0.2620 0.1116 0.5082 0.1520 0.1335 0.3950 0.1150 0.4018 0.2060 0.1150 0.5185 0.1324 0.1882 0.3032 0.1114 0.4829 0.1675 0.1272
0.1598 0.4866 0.1116 0.2979 0.1965 0.1313 0.5170 0.1156 0.2029 0.4088 0.1147 0.3883 0.1353 0.1504 0.5103 0.1119 0.2577 0.2790 0.1236 0.4866 0.1198 0.1797 0.4592 0.1123 0.3336 0.1572 0.1383 0.5208 0.1136 0.2234 0.3611 0.1177 0.4307 0.1271 0.1609 0.4949 0.1115 0.2838 0.2237 0.1282 0.5086 0.1135 0.2546 0.1944 0.2831 0.1093 0.3785 0.2228 0.0862 0.0999 0.1226 0.3595 0.1478 0.1476 0.3366 0.4372 0.3146 0.5484 0.3299 0.1073 0.5161 0.1301 0.2073 0.2918 0.1093 0.4898 0.1646 0.1222 0.4413 0.1182 0.3474 0.2296 0.1101 0.5201 0.1408 0.1488 0.3430 0.1110 0.4512 0.1844 0.1154 0.4946 0.1250 0.2626 0.2649 0.1091 0.5070 0.1535 0.1297 0.3987 0.1145 0.3979 0.2083 0.1117 0.5192 0.1334 0.1821 0.3065 0.1096 0.4798 0.1647
0.4699 0.1119 0.2926 0.2055 0.1303 0.5151 0.1160 0.1998 0.4157 0.1144 0.3815 0.1371 0.1488 0.5123 0.1120 0.2534 0.2889 0.1228 0.4811 0.1205 0.1774 0.4639 0.1121 0.3278 0.1613 0.1372 0.5210 0.1139 0.2200 0.3692 0.1172 0.4240 0.1282 0.1592 0.4975 0.1115 0.2803 0.2304 0.1276 0.5068 0.1172 0.1953 0.1740 0.4300 0.3379 0.0773 0.1126 0.0993 0.2004 0.3941 0.2684 0.4918 0.1543 0.1106 0.5143 0.2538 0.1455 0.1166 0.1394 0.3452 0.1060 0.5054 0.1562 0.1243 0.4054 0.1151 0.3896 0.2121 0.1077 0.5203 0.1356 0.1706 0.3133 0.1089 0.4754 0.1731 0.1147 0.4654 0.1210 0.3136 0.2433 0.1068 0.5165 0.1470 0.1351 0.3651 0.1120 0.4316 0.1938 0.1096 0.5085 0.1287 0.2269 0.2803 0.1075 0.4981 0.1607 0.1209 0.4233 0.1170 0.3346
0.1110 0.2874 0.2149 0.1293 0.5128 0.1164 0.1969 0.4224 0.1140 0.3747 0.1390 0.1472 0.5141 0.1122 0.2492 0.2989 0.1221 0.4753 0.1211 0.1751 0.4684 0.1120 0.3222 0.1661 0.1360 0.5209 0.1141 0.2166 0.3771 0.1167 0.4172 0.1294 0.1574 0.5002 0.1116 0.2762 0.2382 0.1269 0.5044 0.1177 0.1885 0.4335 0.1231 0.1642 0.0994 0.2342 0.3838 0.4567 0.1603 0.0814 0.5506 0.0909 0.3208 0.5443 0.2533 0.1068 0.3826 0.3072 0.3159 0.1073 0.5208 0.1373 0.1607 0.3267 0.1108 0.4648 0.1775 0.1183 0.4800 0.1226 0.2907 0.2530 0.1101 0.5126 0.1490 0.1352 0.3812 0.1135 0.4156 0.2005 0.1138 0.5153 0.1306 0.2035 0.2933 0.1099 0.4898 0.1640 0.1236 0.4394 0.1180 0.3505 0.2281 0.1112 0.5204 0.1400 0.1513 0.3402 0.1113 0.4532 0.1772
0.2717 0.2249 0.1283 0.5099 0.1169 0.1940 0.4287 0.1137 0.3681 0.1410 0.1457 0.5157 0.1123 0.2450 0.3089 0.1213 0.4692 0.1219 0.1729 0.4727 0.1118 0.3166 0.1716 0.1349 0.5206 0.1144 0.2134 0.3848 0.1162 0.4104 0.1306 0.1557 0.5029 0.1116 0.2718 0.2473 0.1262 0.5013 0.1181 0.1868 0.4455 0.1122 0.4275 0.3774 0.1686 0.5178 0.1693 0.0655 0.4754 0.2128 0.1410 0.4115 0.0847 0.1756 0.1101 0.2481 0.1201 0.2045 0.1163 0.5097 0.1390 0.1605 0.3288 0.1121 0.4630 0.1779 0.1202 0.4821 0.1229 0.2873 0.2542 0.1119 0.5118 0.1492 0.1365 0.3837 0.1144 0.4132 0.2011 0.1157 0.5160 0.1308 0.2008 0.2953 0.1115 0.4884 0.1644 0.1253 0.4423 0.1186 0.3469 0.2292 0.1131 0.5201 0.1402 0.1517 0.3424 0.1125 0.4520 0.1832 0.1219
0.2102 0.1275 0.5066 0.1173 0.1912 0.4349 0.1134 0.3615 0.1433 0.1443 0.5171 0.1125 0.2409 0.3188 0.1206 0.4628 0.1226 0.1707 0.4769 0.1117 0.3112 0.1778 0.1339 0.5199 0.1148 0.2102 0.3923 0.1157 0.4037 0.1319 0.1540 0.5054 0.1117 0.2672 0.2572 0.1254 0.4974 0.1186 0.1848 0.4493 0.1123 0.3691 0.1138 0.4206 0.1347 0.1562 0.4215 0.2177 0.2554 0.2107 0.2782 0.1042 0.1820 0.3607 0.4423 0.1653 0.5279 0.3517 0.4173 0.1623 0.1493 0.3342 0.1123 0.4582 0.1802 0.1197 0.4876 0.1237 0.2773 0.2585 0.1119 0.5099 0.1508 0.1349 0.3903 0.1149 0.4064 0.2040 0.1155 0.5177 0.1318 0.1925 0.3006 0.1116 0.4846 0.1665 0.1244 0.4493 0.1193 0.3378 0.2330 0.1129 0.5193 0.1415 0.1486 0.3487 0.1128 0.4465 0.1858 0.1186 0.4815
0.1223 0.5027 0.1179 0.1884 0.4408 0.1131 0.3551 0.1458 0.1429 0.5183 0.1127 0.2369 0.3284 0.1199 0.4561 0.1235 0.1686 0.4808 0.1116 0.3058 0.1848 0.1328 0.5190 0.1151 0.2071 0.3995 0.1153 0.3970 0.1334 0.1524 0.5077 0.1118 0.2628 0.2673 0.1245 0.4927 0.1191 0.1826 0.4535 0.1125 0.3394 0.1400 0.1801 0.1115 0.1322 0.3925 0.1925 0.4369 0.1823 0.4578 0.1671 0.1123 0.1043 0.1037 0.2558 0.1560 0.1848 0.3175 0.1469 0.1235 0.3559 0.1122 0.4535 0.1826 0.1191 0.4927 0.1245 0.2673 0.2628 0.1118 0.5077 0.1524 0.1334 0.3970 0.1153 0.3995 0.2071 0.1151 0.5190 0.1328 0.1848 0.3058 0.1116 0.4808 0.1686 0.1235 0.4561 0.1199 0.3284 0.2369 0.1127 0.5183 0.1429 0.1458 0.3551 0.1131 0.4408 0.1884 0.1179 0.5027 0.1223
0.4815 0.1186 0.1858 0.4465 0.1128 0.3487 0.1486 0.1415 0.5193 0.1129 0.2330 0.3378 0.1193 0.4493 0.1244 0.1665 0.4846 0.1116 0.3006 0.1925 0.1318 0.5177 0.1155 0.2040 0.4064 0.1149 0.3903 0.1349 0.1508 0.5099 0.1119 0.2585 0.2773 0.1237 0.4876 0.1197 0.1802 0.4582 0.1123 0.3342 0.1555 0.1519 0.3057 0.2918 0.1691 0.5090 0.2397 0.1714 0.2272 0.4720 0.2425 0.4079 0.3438 0.0995 0.1198 0.5533 0.0873 0.3016 0.1589 0.5207 0.1125 0.4492 0.1848 0.1186 0.4974 0.1254 0.2572 0.2672 0.1117 0.5054 0.1540 0.1319 0.4037 0.1157 0.3923 0.2102 0.1148 0.5199 0.1339 0.1778 0.3112 0.1117 0.4769 0.1707 0.1226 0.4628 0.1206 0.3188 0.2409 0.1125 0.5171 0.1443 0.1433 0.3615 0.1134 0.4349 0.1912 0.1173 0.5066 0.1275 0.2102
0.1219 0.1832 0.4520 0.1125 0.3424 0.1517 0.1402 0.5201 0.1131 0.2292 0.3469 0.1186 0.4423 0.1253 0.1644 0.4884 0.1115 0.2953 0.2008 0.1308 0.5160 0.1157 0.2011 0.4132 0.1144 0.3837 0.1365 0.1492 0.5118 0.1119 0.2542 0.2873 0.1229 0.4821 0.1202 0.1779 0.4630 0.1121 0.3288 0.1606 0.1376 0.5138 0.1218 0.1153 0.5156 0.1914 0.1108 0.3202 0.1537 0.3200 0.3825 0.5054 0.1465 0.1469 0.1728 0.1348 0.2823 0.3143 0.2633 0.1227 0.4267 0.1869 0.1181 0.5013 0.1262 0.2473 0.2718 0.1116 0.5029 0.1557 0.1306 0.4104 0.1162 0.3848 0.2134 0.1144 0.5206 0.1349 0.1716 0.3166 0.1118 0.4727 0.1729 0.1219 0.4692 0.1213 0.3089 0.2450 0.1123 0.5157 0.1457 0.1410 0.3681 0.1137 0.4287 0.1940 0.1169 0.5099 0.1283 0.2249 0.2717
0.1772 0.4532 0.1113 0.3402 0.1513 0.1400 0.5204 0.1112 0.2281 0.3505 0.1180 0.4394 0.1236 0.1640 0.4898 0.1099 0.2933 0.2035 0.1306 0.5153 0.1138 0.2005 0.4156 0.1135 0.3812 0.1352 0.1490 0.5126 0.1101 0.2530 0.2907 0.1226 0.4800 0.1183 0.1775 0.4648 0.1108 0.3267 0.1607 0.1372 0.5210 0.1092 0.2879 0.3496 0.4660 0.1899 0.3006 0.1305 0.1718 0.0805 0.1389 0.2936 0.1975 0.1576 0.4575 0.4500 0.4140 0.1139 0.1152 0.2049 0.2070 0.1168 0.5044 0.1269 0.2382 0.2762 0.1116 0.5002 0.1574 0.1294 0.4172 0.1167 0.3771 0.2166 0.1141 0.5209 0.1360 0.1661 0.3222 0.1120 0.4684 0.1751 0.1211 0.4753 0.1221 0.2989 0.2492 0.1122 0.5141 0.1472 0.1390 0.3747 0.1140 0.4224 0.1969 0.1164 0.5128 0.1293 0.2149 0.2874 0.1110
0.3346 0.1170 0.4233 0.1209 0.1607 0.4981 0.1075 0.2803 0.2269 0.1287 0.5085 0.1096 0.1938 0.4316 0.1120 0.3651 0.1351 0.1470 0.5165 0.1068 0.2433 0.3136 0.1210 0.4654 0.1147 0.1731 0.4754 0.1089 0.3133 0.1706 0.1356 0.5203 0.1077 0.2121 0.3896 0.1151 0.4054 0.1243 0.1562 0.5054 0.1069 0.2779 0.1414 0.0998 0.1050 0.3543 0.3204 0.2616 0.4525 0.0893 0.3719 0.3109 0.2133 0.1755 0.1289 0.1219 0.3728 0.4953 0.1158 0.2875 0.1116 0.5068 0.1276 0.2304 0.2803 0.1115 0.4975 0.1592 0.1282 0.4240 0.1172 0.3692 0.2200 0.1139 0.5210 0.1372 0.1613 0.3278 0.1121 0.4639 0.1774 0.1205 0.4811 0.1228 0.2889 0.2534 0.1120 0.5123 0.1488 0.1371 0.3815 0.1144 0.4157 0.1998 0.1160 0.5151 0.1303 0.2055 0.2926 0.1119 0.4699
0.1647 0.4798 0.1096 0.3065 0.1821 0.1334 0.5192 0.1117 0.2083 0.3979 0.1145 0.3987 0.1297 0.1535 0.5070 0.1091 0.2649 0.2626 0.1250 0.4946 0.1154 0.1844 0.4512 0.1110 0.3430 0.1488 0.1408 0.5201 0.1101 0.2296 0.3474 0.1182 0.4413 0.1222 0.1646 0.4898 0.1093 0.2918 0.2073 0.1301 0.5133 0.1091 0.2783 0.4665 0.1718 0.1015 0.2087 0.2542 0.4322 0.0854 0.2295 0.2246 0.1242 0.4225 0.1970 0.1287 0.1088 0.4491 0.3489 0.1129 0.5109 0.1282 0.2237 0.2838 0.1115 0.4949 0.1609 0.1271 0.4307 0.1177 0.3611 0.2234 0.1136 0.5208 0.1383 0.1572 0.3336 0.1123 0.4592 0.1797 0.1198 0.4866 0.1236 0.2790 0.2577 0.1119 0.5103 0.1504 0.1353 0.3883 0.1147 0.4088 0.2029 0.1156 0.5170 0.1313 0.1965 0.2979 0.1116 0.4866 0.1598
