0.4478 0.1248 0.1674 0.4544 0.1107 0.2898 0.1831 0.1255 0.4954 0.1197 0.1836 0.4184 0.1110 0.3269 0.1551 0.1325 0.5047 0.1161 0.2030 0.3715 0.1125 0.3690 0.1409 0.1413 0.4993 0.1135 0.2259 0.3138 0.1152 0.4145 0.1318 0.1521 0.4838 0.1117 0.2530 0.2483 0.1192 0.4589 0.1252 0.1652 0.4590 0.1108 0.2846 0.1897 0.1245 0.4922 0.1203 0.1810 0.4245 0.1109 0.3210 0.1580 0.1313 0.5047 0.1067 0.4982 0.1245 0.1897 0.2846 0.1108 0.4590 0.1652 0.1252 0.4589 0.1192 0.2483 0.2530 0.1117 0.4838 0.1521 0.1318 0.4145 0.1152 0.3138 0.2259 0.1135 0.4993 0.1413 0.1409 0.3690 0.1125 0.3715 0.2030 0.1161 0.5047 0.1325 0.1551 0.3269 0.1110 0.4184 0.1836 0.1197 0.4954 0.1255 0.1831 0.2898 0.1107 0.4544 0.1674 0.1248 0.4478
0.1248 0.1745 0.4729 0.1121 0.3065 0.1914 0.1310 0.5143 0.1168 0.1930 0.4370 0.1134 0.3464 0.1531 0.1385 0.5210 0.1144 0.2137 0.3915 0.1157 0.3908 0.1366 0.1478 0.5152 0.1128 0.2383 0.3344 0.1192 0.4380 0.1272 0.1593 0.5001 0.1120 0.2674 0.2671 0.1240 0.4820 0.1212 0.1733 0.4762 0.1120 0.3012 0.1998 0.1300 0.5118 0.1173 0.1902 0.4430 0.1131 0.3401 0.1569 0.1373 0.5209 0.1122 0.2665 0.1131 0.5117 0.1300 0.1998 0.3012 0.1120 0.4762 0.1733 0.1212 0.4820 0.1240 0.2671 0.2674 0.1120 0.5001 0.1593 0.1272 0.4380 0.1192 0.3344 0.2383 0.1128 0.5152 0.1478 0.1366 0.3908 0.1157 0.3915 0.2137 0.1144 0.5210 0.1385 0.1531 0.3464 0.1134 0.4370 0.1930 0.1168 0.5143 0.1310 0.1914 0.3065 0.1121 0.4729 0.1745 0.1248
0.1674 0.4729 0.1118 0.3100 0.1850 0.1318 0.5163 0.1162 0.1958 0.4311 0.1132 0.3528 0.1497 0.1398 0.5208 0.1138 0.2171 0.3838 0.1158 0.3978 0.1347 0.1494 0.5135 0.1123 0.2424 0.3249 0.1195 0.4449 0.1260 0.1612 0.4971 0.1115 0.2721 0.2566 0.1246 0.4877 0.1203 0.1756 0.4719 0.1117 0.3067 0.1913 0.1309 0.5143 0.1166 0.1929 0.4371 0.1130 0.3463 0.1530 0.1385 0.5210 0.1140 0.2165 0.2599 0.1985 0.1163 0.5143 0.1309 0.1913 0.3067 0.1117 0.4719 0.1756 0.1203 0.4877 0.1246 0.2566 0.2721 0.1115 0.4971 0.1612 0.1260 0.4449 0.1195 0.3249 0.2424 0.1123 0.5135 0.1494 0.1347 0.3978 0.1158 0.3838 0.2171 0.1138 0.5208 0.1398 0.1497 0.3528 0.1132 0.4311 0.1958 0.1162 0.5163 0.1318 0.1850 0.3100 0.1118 0.4729 0.1674
0.4544 0.1121 0.3100 0.1826 0.1324 0.5175 0.1158 0.1984 0.4252 0.1135 0.3590 0.1468 0.1410 0.5203 0.1135 0.2206 0.3757 0.1162 0.4048 0.1331 0.1510 0.5116 0.1121 0.2465 0.3152 0.1202 0.4518 0.1250 0.1632 0.4939 0.1115 0.2769 0.2462 0.1254 0.4930 0.1197 0.1780 0.4674 0.1119 0.3123 0.1834 0.1320 0.5164 0.1162 0.1958 0.4311 0.1132 0.3527 0.1497 0.1397 0.5208 0.1138 0.2171 0.3788 0.1255 0.4210 0.1958 0.1162 0.5164 0.1320 0.1834 0.3123 0.1119 0.4674 0.1780 0.1197 0.4930 0.1254 0.2462 0.2769 0.1115 0.4939 0.1632 0.1250 0.4518 0.1202 0.3152 0.2465 0.1121 0.5116 0.1510 0.1331 0.4048 0.1162 0.3757 0.2206 0.1135 0.5203 0.1410 0.1468 0.3590 0.1135 0.4252 0.1984 0.1158 0.5175 0.1324 0.1826 0.3100 0.1121 0.4544
0.1107 0.3065 0.1850 0.1324 0.5179 0.1157 0.2004 0.4201 0.1138 0.3650 0.1444 0.1423 0.5197 0.1133 0.2241 0.3675 0.1168 0.4117 0.1317 0.1526 0.5095 0.1120 0.2507 0.3052 0.1209 0.4586 0.1240 0.1652 0.4906 0.1115 0.2819 0.2360 0.1263 0.4979 0.1190 0.1804 0.4626 0.1120 0.3180 0.1762 0.1330 0.5180 0.1157 0.1987 0.4248 0.1135 0.3591 0.1468 0.1410 0.5203 0.1135 0.2206 0.3759 0.1160 0.4948 0.1129 0.4249 0.1987 0.1157 0.5180 0.1330 0.1762 0.3180 0.1120 0.4626 0.1804 0.1190 0.4979 0.1263 0.2360 0.2819 0.1115 0.4906 0.1652 0.1240 0.4586 0.1209 0.3052 0.2507 0.1120 0.5095 0.1526 0.1317 0.4117 0.1168 0.3675 0.2241 0.1133 0.5197 0.1423 0.1444 0.3650 0.1138 0.4201 0.2004 0.1157 0.5179 0.1324 0.1850 0.3065 0.1107
0.2898 0.1914 0.1318 0.5175 0.1157 0.2011 0.4170 0.1140 0.3699 0.1424 0.1435 0.5188 0.1131 0.2277 0.3592 0.1173 0.4186 0.1303 0.1543 0.5073 0.1118 0.2550 0.2952 0.1216 0.4651 0.1232 0.1673 0.4870 0.1115 0.2869 0.2258 0.1272 0.5023 0.1185 0.1829 0.4577 0.1122 0.3238 0.1700 0.1341 0.5192 0.1154 0.2017 0.4182 0.1139 0.3656 0.1442 0.1424 0.5196 0.1133 0.2241 0.3676 0.1167 0.4159 0.1113 0.3758 0.1137 0.4182 0.2017 0.1154 0.5192 0.1341 0.1700 0.3238 0.1122 0.4577 0.1829 0.1185 0.5023 0.1272 0.2258 0.2869 0.1115 0.4870 0.1673 0.1232 0.4651 0.1216 0.2952 0.2550 0.1118 0.5073 0.1543 0.1303 0.4186 0.1173 0.3592 0.2277 0.1131 0.5188 0.1435 0.1424 0.3699 0.1140 0.4170 0.2011 0.1157 0.5175 0.1318 0.1914 0.2898
0.1831 0.1310 0.5163 0.1158 0.2004 0.4170 0.1141 0.3727 0.1411 0.1446 0.5180 0.1129 0.2311 0.3510 0.1178 0.4254 0.1291 0.1560 0.5049 0.1117 0.2594 0.2851 0.1224 0.4716 0.1223 0.1694 0.4832 0.1115 0.2921 0.2159 0.1282 0.5062 0.1179 0.1855 0.4524 0.1123 0.3297 0.1645 0.1353 0.5201 0.1150 0.2048 0.4114 0.1142 0.3722 0.1419 0.1438 0.5187 0.1130 0.2278 0.3590 0.1173 0.4186 0.1274 0.1850 0.1356 0.3722 0.1142 0.4114 0.2048 0.1150 0.5201 0.1353 0.1645 0.3297 0.1123 0.4524 0.1855 0.1179 0.5062 0.1282 0.2159 0.2921 0.1115 0.4832 0.1694 0.1223 0.4716 0.1224 0.2851 0.2594 0.1117 0.5049 0.1560 0.1291 0.4254 0.1178 0.3510 0.2311 0.1129 0.5180 0.1446 0.1411 0.3727 0.1141 0.4170 0.2004 0.1158 0.5163 0.1310 0.1831
0.1255 0.5143 0.1162 0.1984 0.4201 0.1140 0.3727 0.1406 0.1452 0.5173 0.1127 0.2341 0.3434 0.1183 0.4319 0.1280 0.1578 0.5023 0.1117 0.2638 0.2750 0.1231 0.4777 0.1216 0.1716 0.4793 0.1116 0.2974 0.2064 0.1292 0.5096 0.1174 0.1882 0.4471 0.1126 0.3357 0.1598 0.1364 0.5207 0.1147 0.2080 0.4044 0.1146 0.3790 0.1397 0.1452 0.5176 0.1128 0.2316 0.3503 0.1178 0.4257 0.1290 0.1575 0.4510 0.1480 0.1396 0.3790 0.1146 0.4044 0.2080 0.1147 0.5207 0.1364 0.1598 0.3357 0.1126 0.4471 0.1882 0.1174 0.5096 0.1292 0.2064 0.2974 0.1116 0.4793 0.1716 0.1216 0.4777 0.1231 0.2750 0.2638 0.1117 0.5023 0.1578 0.1280 0.4319 0.1183 0.3434 0.2341 0.1127 0.5173 0.1452 0.1406 0.3727 0.1140 0.4201 0.1984 0.1162 0.5143 0.1255
0.4954 0.1168 0.1958 0.4252 0.1138 0.3699 0.1411 0.1452 0.5170 0.1126 0.2362 0.3374 0.1188 0.4376 0.1270 0.1595 0.4997 0.1116 0.2683 0.2650 0.1239 0.4834 0.1208 0.1738 0.4751 0.1117 0.3027 0.1974 0.1302 0.5125 0.1169 0.1909 0.4414 0.1128 0.3418 0.1557 0.1376 0.5210 0.1143 0.2112 0.3971 0.1150 0.3857 0.1378 0.1467 0.5163 0.1126 0.2354 0.3412 0.1184 0.4328 0.1279 0.1579 0.5006 0.1106 0.5139 0.1467 0.1378 0.3857 0.1150 0.3971 0.2112 0.1143 0.5210 0.1376 0.1557 0.3418 0.1128 0.4414 0.1909 0.1169 0.5125 0.1302 0.1974 0.3027 0.1117 0.4751 0.1738 0.1208 0.4834 0.1239 0.2650 0.2683 0.1116 0.4997 0.1595 0.1270 0.4376 0.1188 0.3374 0.2362 0.1126 0.5170 0.1452 0.1411 0.3699 0.1138 0.4252 0.1958 0.1168 0.4954
0.1197 0.1930 0.4311 0.1135 0.3650 0.1424 0.1446 0.5173 0.1126 0.2369 0.3339 0.1191 0.4421 0.1262 0.1610 0.4971 0.1116 0.2727 0.2551 0.1247 0.4888 0.1202 0.1761 0.4709 0.1118 0.3081 0.1892 0.1312 0.5149 0.1165 0.1937 0.4355 0.1130 0.3481 0.1521 0.1388 0.5210 0.1140 0.2146 0.3895 0.1154 0.3926 0.1360 0.1482 0.5148 0.1124 0.2394 0.3319 0.1190 0.4397 0.1268 0.1598 0.4994 0.1098 0.3435 0.1093 0.5148 0.1482 0.1360 0.3926 0.1154 0.3895 0.2146 0.1140 0.5210 0.1388 0.1521 0.3481 0.1130 0.4355 0.1937 0.1165 0.5149 0.1312 0.1892 0.3081 0.1118 0.4709 0.1761 0.1202 0.4888 0.1247 0.2551 0.2727 0.1116 0.4971 0.1610 0.1262 0.4421 0.1191 0.3339 0.2369 0.1126 0.5173 0.1446 0.1424 0.3650 0.1135 0.4311 0.1930 0.1197
0.1836 0.4370 0.1132 0.3590 0.1444 0.1435 0.5180 0.1127 0.2362 0.3339 0.1192 0.4444 0.1257 0.1622 0.4948 0.1115 0.2768 0.2457 0.1255 0.4937 0.1195 0.1784 0.4665 0.1119 0.3135 0.1818 0.1322 0.5168 0.1161 0.1965 0.4295 0.1133 0.3544 0.1489 0.1401 0.5207 0.1137 0.2180 0.3817 0.1159 0.3996 0.1343 0.1498 0.5130 0.1122 0.2434 0.3224 0.1197 0.4467 0.1257 0.1617 0.4963 0.1115 0.2763 0.1448 0.2501 0.1120 0.5130 0.1498 0.1343 0.3996 0.1159 0.3817 0.2180 0.1137 0.5207 0.1401 0.1489 0.3544 0.1133 0.4295 0.1965 0.1161 0.5168 0.1322 0.1818 0.3135 0.1119 0.4665 0.1784 0.1195 0.4937 0.1255 0.2457 0.2768 0.1115 0.4948 0.1622 0.1257 0.4444 0.1192 0.3339 0.2362 0.1127 0.5180 0.1435 0.1444 0.3590 0.1132 0.4370 0.1836
0.4184 0.1134 0.3528 0.1468 0.1423 0.5188 0.1129 0.2341 0.3374 0.1191 0.4444 0.1256 0.1629 0.4933 0.1115 0.2802 0.2378 0.1263 0.4980 0.1190 0.1807 0.4619 0.1120 0.3189 0.1751 0.1332 0.5183 0.1157 0.1993 0.4234 0.1136 0.3607 0.1462 0.1414 0.5202 0.1135 0.2215 0.3737 0.1164 0.4065 0.1327 0.1514 0.5111 0.1121 0.2476 0.3126 0.1204 0.4536 0.1247 0.1637 0.4931 0.1115 0.2782 0.2370 0.1422 0.2973 0.2475 0.1121 0.5111 0.1514 0.1327 0.4065 0.1164 0.3737 0.2215 0.1135 0.5202 0.1414 0.1462 0.3607 0.1136 0.4234 0.1993 0.1157 0.5183 0.1332 0.1751 0.3189 0.1120 0.4619 0.1807 0.1190 0.4980 0.1263 0.2378 0.2802 0.1115 0.4933 0.1629 0.1256 0.4444 0.1191 0.3374 0.2341 0.1129 0.5188 0.1423 0.1468 0.3528 0.1134 0.4184
0.1110 0.3464 0.1497 0.1410 0.5197 0.1131 0.2311 0.3434 0.1188 0.4421 0.1257 0.1629 0.4928 0.1115 0.2825 0.2319 0.1269 0.5014 0.1185 0.1829 0.4574 0.1122 0.3245 0.1692 0.1343 0.5194 0.1153 0.2022 0.4170 0.1139 0.3670 0.1437 0.1427 0.5194 0.1132 0.2251 0.3654 0.1169 0.4135 0.1313 0.1531 0.5089 0.1119 0.2518 0.3027 0.1211 0.4603 0.1238 0.1657 0.4897 0.1115 0.2832 0.2333 0.1272 0.5201 0.1222 0.3029 0.2518 0.1119 0.5089 0.1531 0.1313 0.4135 0.1169 0.3654 0.2251 0.1132 0.5194 0.1427 0.1437 0.3670 0.1139 0.4170 0.2022 0.1153 0.5194 0.1343 0.1692 0.3245 0.1122 0.4574 0.1829 0.1185 0.5014 0.1269 0.2319 0.2825 0.1115 0.4928 0.1629 0.1257 0.4421 0.1188 0.3434 0.2311 0.1131 0.5197 0.1410 0.1497 0.3464 0.1110
0.3269 0.1531 0.1398 0.5203 0.1133 0.2277 0.3510 0.1183 0.4376 0.1262 0.1622 0.4933 0.1115 0.2833 0.2287 0.1273 0.5037 0.1182 0.1848 0.4532 0.1123 0.3298 0.1642 0.1354 0.5202 0.1150 0.2052 0.4105 0.1143 0.3734 0.1415 0.1440 0.5185 0.1130 0.2286 0.3571 0.1174 0.4203 0.1300 0.1548 0.5067 0.1118 0.2562 0.2926 0.1218 0.4668 0.1229 0.1678 0.4861 0.1115 0.2882 0.2232 0.1275 0.5056 0.1069 0.4763 0.1218 0.2926 0.2562 0.1118 0.5067 0.1548 0.1300 0.4203 0.1174 0.3571 0.2286 0.1130 0.5185 0.1440 0.1415 0.3734 0.1143 0.4105 0.2052 0.1150 0.5202 0.1354 0.1642 0.3298 0.1123 0.4532 0.1848 0.1182 0.5037 0.1273 0.2287 0.2833 0.1115 0.4933 0.1622 0.1262 0.4376 0.1183 0.3510 0.2277 0.1133 0.5203 0.1398 0.1531 0.3269
0.1551 0.1385 0.5208 0.1135 0.2241 0.3592 0.1178 0.4319 0.1270 0.1610 0.4948 0.1115 0.2825 0.2287 0.1275 0.5049 0.1179 0.1862 0.4498 0.1125 0.3346 0.1602 0.1364 0.5207 0.1146 0.2083 0.4037 0.1146 0.3798 0.1394 0.1454 0.5174 0.1128 0.2323 0.3485 0.1180 0.4271 0.1288 0.1565 0.5042 0.1117 0.2606 0.2824 0.1226 0.4732 0.1221 0.1700 0.4822 0.1116 0.2935 0.2134 0.1284 0.5071 0.1152 0.2304 0.1176 0.4731 0.1226 0.2824 0.2606 0.1117 0.5042 0.1565 0.1288 0.4271 0.1180 0.3485 0.2323 0.1128 0.5174 0.1454 0.1394 0.3798 0.1146 0.4037 0.2083 0.1146 0.5207 0.1364 0.1602 0.3346 0.1125 0.4498 0.1862 0.1179 0.5049 0.1275 0.2287 0.2825 0.1115 0.4948 0.1610 0.1270 0.4319 0.1178 0.3592 0.2241 0.1135 0.5208 0.1385 0.1551
0.1325 0.5210 0.1138 0.2206 0.3675 0.1173 0.4254 0.1280 0.1595 0.4971 0.1115 0.2802 0.2319 0.1273 0.5049 0.1178 0.1870 0.4474 0.1126 0.3384 0.1572 0.1373 0.5209 0.1144 0.2113 0.3967 0.1150 0.3864 0.1376 0.1468 0.5161 0.1126 0.2360 0.3398 0.1185 0.4339 0.1277 0.1582 0.5017 0.1116 0.2649 0.2724 0.1233 0.4792 0.1214 0.1722 0.4782 0.1116 0.2987 0.2040 0.1294 0.5104 0.1172 0.1910 0.3449 0.1764 0.1212 0.4792 0.1233 0.2724 0.2649 0.1116 0.5017 0.1582 0.1277 0.4339 0.1185 0.3398 0.2360 0.1126 0.5161 0.1468 0.1376 0.3864 0.1150 0.3967 0.2113 0.1144 0.5209 0.1373 0.1572 0.3384 0.1126 0.4474 0.1870 0.1178 0.5049 0.1273 0.2319 0.2802 0.1115 0.4971 0.1595 0.1280 0.4254 0.1173 0.3675 0.2206 0.1138 0.5210 0.1325
0.5047 0.1144 0.2171 0.3757 0.1168 0.4186 0.1291 0.1578 0.4997 0.1116 0.2768 0.2378 0.1269 0.5037 0.1179 0.1870 0.4466 0.1127 0.3409 0.1551 0.1381 0.5210 0.1141 0.2140 0.3901 0.1154 0.3929 0.1359 0.1483 0.5146 0.1124 0.2398 0.3308 0.1191 0.4406 0.1266 0.1600 0.4989 0.1116 0.2694 0.2624 0.1241 0.4848 0.1207 0.1744 0.4741 0.1117 0.3041 0.1952 0.1304 0.5132 0.1168 0.1916 0.4364 0.1185 0.4673 0.1744 0.1207 0.4848 0.1241 0.2624 0.2694 0.1116 0.4989 0.1600 0.1266 0.4406 0.1191 0.3308 0.2398 0.1124 0.5146 0.1483 0.1359 0.3929 0.1154 0.3901 0.2140 0.1141 0.5210 0.1381 0.1551 0.3409 0.1127 0.4466 0.1870 0.1179 0.5037 0.1269 0.2378 0.2768 0.1116 0.4997 0.1578 0.1291 0.4186 0.1168 0.3757 0.2171 0.1144 0.5047
0.1161 0.2137 0.3838 0.1162 0.4117 0.1303 0.1560 0.5023 0.1116 0.2727 0.2457 0.1263 0.5014 0.1182 0.1862 0.4474 0.1127 0.3419 0.1541 0.1385 0.5209 0.1139 0.2164 0.3842 0.1158 0.3989 0.1343 0.1498 0.5129 0.1122 0.2437 0.3216 0.1197 0.4473 0.1256 0.1619 0.4959 0.1115 0.2740 0.2524 0.1249 0.4901 0.1200 0.1767 0.4698 0.1118 0.3094 0.1872 0.1314 0.5154 0.1164 0.1944 0.4340 0.1122 0.4435 0.1102 0.4699 0.1767 0.1200 0.4901 0.1249 0.2524 0.2740 0.1115 0.4959 0.1619 0.1256 0.4473 0.1197 0.3216 0.2437 0.1122 0.5129 0.1498 0.1343 0.3989 0.1158 0.3842 0.2164 0.1139 0.5209 0.1385 0.1541 0.3419 0.1127 0.4474 0.1862 0.1182 0.5014 0.1263 0.2457 0.2727 0.1116 0.5023 0.1560 0.1303 0.4117 0.1162 0.3838 0.2137 0.1161
0.2030 0.3915 0.1158 0.4048 0.1317 0.1543 0.5049 0.1117 0.2683 0.2551 0.1255 0.4980 0.1185 0.1848 0.4498 0.1126 0.3409 0.1541 0.1387 0.5209 0.1138 0.2181 0.3795 0.1161 0.4041 0.1331 0.1512 0.5112 0.1121 0.2477 0.3122 0.1204 0.4539 0.1247 0.1638 0.4928 0.1115 0.2787 0.2424 0.1258 0.4950 0.1194 0.1790 0.4653 0.1119 0.3149 0.1800 0.1325 0.5172 0.1160 0.1972 0.4280 0.1133 0.3598 0.1176 0.3236 0.1118 0.4653 0.1790 0.1194 0.4950 0.1258 0.2424 0.2787 0.1115 0.4928 0.1638 0.1247 0.4539 0.1204 0.3122 0.2477 0.1121 0.5112 0.1512 0.1331 0.4041 0.1161 0.3795 0.2181 0.1138 0.5209 0.1387 0.1541 0.3409 0.1126 0.4498 0.1848 0.1185 0.4980 0.1255 0.2551 0.2683 0.1117 0.5049 0.1543 0.1317 0.4048 0.1158 0.3915 0.2030
0.3715 0.1157 0.3978 0.1331 0.1526 0.5073 0.1117 0.2638 0.2650 0.1247 0.4937 0.1190 0.1829 0.4532 0.1125 0.3384 0.1551 0.1385 0.5209 0.1138 0.2190 0.3765 0.1164 0.4081 0.1321 0.1524 0.5095 0.1120 0.2514 0.3031 0.1211 0.4603 0.1238 0.1658 0.4895 0.1115 0.2835 0.2325 0.1266 0.4996 0.1188 0.1814 0.4607 0.1121 0.3204 0.1735 0.1335 0.5186 0.1156 0.2001 0.4218 0.1137 0.3622 0.1421 0.1665 0.1624 0.3203 0.1121 0.4607 0.1814 0.1188 0.4996 0.1266 0.2325 0.2835 0.1115 0.4895 0.1658 0.1238 0.4603 0.1211 0.3031 0.2514 0.1120 0.5095 0.1524 0.1321 0.4081 0.1164 0.3765 0.2190 0.1138 0.5209 0.1385 0.1551 0.3384 0.1125 0.4532 0.1829 0.1190 0.4937 0.1247 0.2650 0.2638 0.1117 0.5073 0.1526 0.1331 0.3978 0.1157 0.3715
0.1125 0.3908 0.1347 0.1510 0.5095 0.1118 0.2594 0.2750 0.1239 0.4888 0.1195 0.1807 0.4574 0.1123 0.3346 0.1572 0.1381 0.5209 0.1138 0.2190 0.3754 0.1165 0.4107 0.1315 0.1533 0.5081 0.1119 0.2548 0.2947 0.1217 0.4664 0.1230 0.1678 0.4860 0.1115 0.2884 0.2228 0.1275 0.5036 0.1183 0.1838 0.4558 0.1122 0.3260 0.1678 0.1346 0.5196 0.1152 0.2030 0.4154 0.1140 0.3686 0.1430 0.1442 0.4881 0.1368 0.1677 0.3260 0.1122 0.4558 0.1838 0.1183 0.5036 0.1275 0.2228 0.2884 0.1115 0.4860 0.1678 0.1230 0.4664 0.1217 0.2947 0.2548 0.1119 0.5081 0.1533 0.1315 0.4107 0.1165 0.3754 0.2190 0.1138 0.5209 0.1381 0.1572 0.3346 0.1123 0.4574 0.1807 0.1195 0.4888 0.1239 0.2750 0.2594 0.1118 0.5095 0.1510 0.1347 0.3908 0.1125
0.3690 0.1366 0.1494 0.5116 0.1120 0.2550 0.2851 0.1231 0.4834 0.1202 0.1784 0.4619 0.1122 0.3298 0.1602 0.1373 0.5210 0.1139 0.2181 0.3765 0.1165 0.4115 0.1311 0.1540 0.5070 0.1118 0.2577 0.2874 0.1223 0.4717 0.1222 0.1698 0.4824 0.1116 0.2934 0.2134 0.1285 0.5072 0.1178 0.1863 0.4507 0.1124 0.3317 0.1628 0.1357 0.5204 0.1149 0.2060 0.4087 0.1144 0.3750 0.1409 0.1444 0.5176 0.1081 0.5210 0.1357 0.1628 0.3317 0.1124 0.4507 0.1863 0.1178 0.5072 0.1285 0.2134 0.2934 0.1116 0.4824 0.1698 0.1222 0.4717 0.1223 0.2874 0.2577 0.1118 0.5070 0.1540 0.1311 0.4115 0.1165 0.3765 0.2181 0.1139 0.5210 0.1373 0.1602 0.3298 0.1122 0.4619 0.1784 0.1202 0.4834 0.1231 0.2851 0.2550 0.1120 0.5116 0.1494 0.1366 0.3690
0.1409 0.1478 0.5135 0.1121 0.2507 0.2952 0.1224 0.4777 0.1208 0.1761 0.4665 0.1120 0.3245 0.1642 0.1364 0.5209 0.1141 0.2164 0.3795 0.1164 0.4107 0.1311 0.1542 0.5064 0.1118 0.2597 0.2817 0.1228 0.4761 0.1216 0.1716 0.4789 0.1116 0.2983 0.2045 0.1294 0.5104 0.1173 0.1889 0.4455 0.1126 0.3375 0.1585 0.1368 0.5208 0.1146 0.2091 0.4019 0.1147 0.3815 0.1389 0.1458 0.5171 0.1106 0.2957 0.1109 0.5208 0.1368 0.1585 0.3375 0.1126 0.4455 0.1889 0.1173 0.5104 0.1294 0.2045 0.2983 0.1116 0.4789 0.1716 0.1216 0.4761 0.1228 0.2817 0.2597 0.1118 0.5064 0.1542 0.1311 0.4107 0.1164 0.3795 0.2164 0.1141 0.5209 0.1364 0.1642 0.3245 0.1120 0.4665 0.1761 0.1208 0.4777 0.1224 0.2952 0.2507 0.1121 0.5135 0.1478 0.1409
0.1413 0.5152 0.1123 0.2465 0.3052 0.1216 0.4716 0.1216 0.1738 0.4709 0.1119 0.3189 0.1692 0.1354 0.5207 0.1144 0.2140 0.3842 0.1161 0.4081 0.1315 0.1540 0.5064 0.1118 0.2607 0.2781 0.1232 0.4794 0.1212 0.1732 0.4757 0.1117 0.3030 0.1965 0.1303 0.5130 0.1168 0.1916 0.4400 0.1129 0.3435 0.1546 0.1379 0.5210 0.1143 0.2123 0.3948 0.1151 0.3881 0.1371 0.1472 0.5157 0.1124 0.2397 0.1971 0.2181 0.1140 0.5210 0.1379 0.1546 0.3435 0.1129 0.4400 0.1916 0.1168 0.5130 0.1303 0.1965 0.3030 0.1117 0.4757 0.1732 0.1212 0.4794 0.1232 0.2781 0.2607 0.1118 0.5064 0.1540 0.1315 0.4081 0.1161 0.3842 0.2140 0.1144 0.5207 0.1354 0.1692 0.3189 0.1119 0.4709 0.1738 0.1216 0.4716 0.1216 0.3052 0.2465 0.1123 0.5152 0.1413
0.4993 0.1128 0.2424 0.3152 0.1209 0.4651 0.1223 0.1716 0.4751 0.1118 0.3135 0.1751 0.1343 0.5202 0.1146 0.2113 0.3901 0.1158 0.4041 0.1321 0.1533 0.5070 0.1118 0.2607 0.2769 0.1233 0.4814 0.1209 0.1744 0.4731 0.1118 0.3070 0.1898 0.1312 0.5151 0.1164 0.1942 0.4342 0.1131 0.3495 0.1513 0.1391 0.5209 0.1140 0.2155 0.3874 0.1156 0.3947 0.1354 0.1487 0.5142 0.1123 0.2408 0.3227 0.1319 0.3750 0.2155 0.1140 0.5209 0.1391 0.1513 0.3495 0.1131 0.4342 0.1942 0.1164 0.5151 0.1312 0.1898 0.3070 0.1118 0.4731 0.1744 0.1209 0.4814 0.1233 0.2769 0.2607 0.1118 0.5070 0.1533 0.1321 0.4041 0.1158 0.3901 0.2113 0.1146 0.5202 0.1343 0.1751 0.3135 0.1118 0.4751 0.1716 0.1223 0.4651 0.1209 0.3152 0.2424 0.1128 0.4993
0.1135 0.2383 0.3249 0.1202 0.4586 0.1232 0.1694 0.4793 0.1117 0.3081 0.1818 0.1332 0.5194 0.1150 0.2083 0.3967 0.1154 0.3989 0.1331 0.1524 0.5081 0.1118 0.2597 0.2781 0.1233 0.4821 0.1207 0.1752 0.4711 0.1118 0.3105 0.1844 0.1320 0.5166 0.1161 0.1968 0.4286 0.1134 0.3556 0.1483 0.1403 0.5206 0.1137 0.2188 0.3798 0.1160 0.4014 0.1339 0.1502 0.5125 0.1122 0.2447 0.3193 0.1201 0.5162 0.1162 0.3799 0.2188 0.1137 0.5206 0.1403 0.1483 0.3556 0.1134 0.4286 0.1968 0.1161 0.5166 0.1320 0.1844 0.3105 0.1118 0.4711 0.1752 0.1207 0.4821 0.1233 0.2781 0.2597 0.1118 0.5081 0.1524 0.1331 0.3989 0.1154 0.3967 0.2083 0.1150 0.5194 0.1332 0.1818 0.3081 0.1117 0.4793 0.1694 0.1232 0.4586 0.1202 0.3249 0.2383 0.1135
0.2259 0.3344 0.1195 0.4518 0.1240 0.1673 0.4832 0.1116 0.3027 0.1892 0.1322 0.5183 0.1153 0.2052 0.4037 0.1150 0.3929 0.1343 0.1512 0.5095 0.1119 0.2577 0.2817 0.1232 0.4814 0.1207 0.1755 0.4701 0.1118 0.3129 0.1804 0.1326 0.5177 0.1158 0.1990 0.4233 0.1136 0.3616 0.1457 0.1416 0.5201 0.1134 0.2222 0.3720 0.1165 0.4081 0.1324 0.1518 0.5105 0.1120 0.2488 0.3098 0.1205 0.4595 0.1086 0.4189 0.1164 0.3720 0.2222 0.1134 0.5201 0.1416 0.1457 0.3616 0.1136 0.4233 0.1990 0.1158 0.5177 0.1326 0.1804 0.3129 0.1118 0.4701 0.1755 0.1207 0.4814 0.1232 0.2817 0.2577 0.1119 0.5095 0.1512 0.1343 0.3929 0.1150 0.4037 0.2052 0.1153 0.5183 0.1322 0.1892 0.3027 0.1116 0.4832 0.1673 0.1240 0.4518 0.1195 0.3344 0.2259
0.3138 0.1192 0.4449 0.1250 0.1652 0.4870 0.1115 0.2974 0.1974 0.1312 0.5168 0.1157 0.2022 0.4105 0.1146 0.3864 0.1359 0.1498 0.5112 0.1120 0.2548 0.2874 0.1228 0.4794 0.1209 0.1752 0.4701 0.1119 0.3142 0.1781 0.1331 0.5185 0.1155 0.2011 0.4186 0.1139 0.3670 0.1435 0.1429 0.5193 0.1132 0.2257 0.3639 0.1170 0.4149 0.1310 0.1534 0.5085 0.1119 0.2529 0.3002 0.1213 0.4619 0.1208 0.2022 0.1257 0.4148 0.1170 0.3639 0.2257 0.1132 0.5193 0.1429 0.1435 0.3670 0.1139 0.4186 0.2011 0.1155 0.5185 0.1331 0.1781 0.3142 0.1119 0.4701 0.1752 0.1209 0.4794 0.1228 0.2874 0.2548 0.1120 0.5112 0.1498 0.1359 0.3864 0.1146 0.4105 0.2022 0.1157 0.5168 0.1312 0.1974 0.2974 0.1115 0.4870 0.1652 0.1250 0.4449 0.1192 0.3138
0.1152 0.4380 0.1260 0.1632 0.4906 0.1115 0.2921 0.2064 0.1302 0.5149 0.1161 0.1993 0.4170 0.1143 0.3798 0.1376 0.1483 0.5129 0.1121 0.2514 0.2947 0.1223 0.4761 0.1212 0.1744 0.4711 0.1118 0.3142 0.1773 0.1334 0.5189 0.1154 0.2027 0.4145 0.1141 0.3718 0.1417 0.1440 0.5185 0.1130 0.2292 0.3556 0.1175 0.4217 0.1298 0.1551 0.5062 0.1118 0.2571 0.2904 0.1220 0.4683 0.1227 0.1701 0.4128 0.1585 0.1296 0.4217 0.1175 0.3556 0.2292 0.1130 0.5185 0.1440 0.1417 0.3718 0.1141 0.4145 0.2027 0.1154 0.5189 0.1334 0.1773 0.3142 0.1118 0.4711 0.1744 0.1212 0.4761 0.1223 0.2947 0.2514 0.1121 0.5129 0.1483 0.1376 0.3798 0.1143 0.4170 0.1993 0.1161 0.5149 0.1302 0.2064 0.2921 0.1115 0.4906 0.1632 0.1260 0.4380 0.1152
0.4145 0.1272 0.1612 0.4939 0.1115 0.2869 0.2159 0.1292 0.5125 0.1165 0.1965 0.4234 0.1139 0.3734 0.1394 0.1468 0.5146 0.1122 0.2477 0.3031 0.1217 0.4717 0.1216 0.1732 0.4731 0.1118 0.3129 0.1781 0.1334 0.5190 0.1153 0.2037 0.4115 0.1143 0.3757 0.1403 0.1450 0.5176 0.1128 0.2325 0.3474 0.1180 0.4284 0.1286 0.1568 0.5037 0.1117 0.2614 0.2805 0.1227 0.4743 0.1220 0.1704 0.4790 0.1133 0.4995 0.1568 0.1286 0.4284 0.1180 0.3474 0.2325 0.1128 0.5176 0.1450 0.1403 0.3757 0.1143 0.4115 0.2037 0.1153 0.5190 0.1334 0.1781 0.3129 0.1118 0.4731 0.1732 0.1216 0.4717 0.1217 0.3031 0.2477 0.1122 0.5146 0.1468 0.1394 0.3734 0.1139 0.4234 0.1965 0.1165 0.5125 0.1292 0.2159 0.2869 0.1115 0.4939 0.1612 0.1272 0.4145
0.1318 0.1593 0.4971 0.1115 0.2819 0.2258 0.1282 0.5096 0.1169 0.1937 0.4295 0.1136 0.3670 0.1415 0.1454 0.5161 0.1124 0.2437 0.3122 0.1211 0.4664 0.1222 0.1716 0.4757 0.1118 0.3105 0.1804 0.1331 0.5189 0.1153 0.2041 0.4100 0.1145 0.3786 0.1393 0.1459 0.5167 0.1126 0.2355 0.3400 0.1186 0.4346 0.1275 0.1586 0.5011 0.1116 0.2658 0.2705 0.1235 0.4802 0.1212 0.1726 0.4775 0.1102 0.3839 0.1091 0.5011 0.1586 0.1275 0.4346 0.1186 0.3400 0.2355 0.1126 0.5167 0.1459 0.1393 0.3786 0.1145 0.4100 0.2041 0.1153 0.5189 0.1331 0.1804 0.3105 0.1118 0.4757 0.1716 0.1222 0.4664 0.1211 0.3122 0.2437 0.1124 0.5161 0.1454 0.1415 0.3670 0.1136 0.4295 0.1937 0.1169 0.5096 0.1282 0.2258 0.2819 0.1115 0.4971 0.1593 0.1318
0.1521 0.5001 0.1115 0.2769 0.2360 0.1272 0.5062 0.1174 0.1909 0.4355 0.1133 0.3607 0.1437 0.1440 0.5174 0.1126 0.2398 0.3216 0.1204 0.4603 0.1230 0.1698 0.4789 0.1117 0.3070 0.1844 0.1326 0.5185 0.1154 0.2037 0.4100 0.1145 0.3801 0.1386 0.1465 0.5160 0.1125 0.2379 0.3337 0.1190 0.4402 0.1266 0.1602 0.4984 0.1116 0.2703 0.2604 0.1243 0.4857 0.1205 0.1748 0.4733 0.1116 0.3084 0.1293 0.2778 0.1114 0.4984 0.1602 0.1266 0.4402 0.1190 0.3337 0.2379 0.1125 0.5160 0.1465 0.1386 0.3801 0.1145 0.4100 0.2037 0.1154 0.5185 0.1326 0.1844 0.3070 0.1117 0.4789 0.1698 0.1230 0.4603 0.1204 0.3216 0.2398 0.1126 0.5174 0.1440 0.1437 0.3607 0.1133 0.4355 0.1909 0.1174 0.5062 0.1272 0.2360 0.2769 0.1115 0.5001 0.1521
0.4838 0.1120 0.2721 0.2462 0.1263 0.5023 0.1179 0.1882 0.4414 0.1130 0.3544 0.1462 0.1427 0.5185 0.1128 0.2360 0.3308 0.1197 0.4539 0.1238 0.1678 0.4824 0.1116 0.3030 0.1898 0.1320 0.5177 0.1155 0.2027 0.4115 0.1145 0.3801 0.1384 0.1469 0.5155 0.1124 0.2400 0.3282 0.1194 0.4450 0.1258 0.1617 0.4959 0.1115 0.2747 0.2505 0.1251 0.4910 0.1199 0.1771 0.4691 0.1118 0.3104 0.1802 0.1513 0.2339 0.2747 0.1115 0.4959 0.1617 0.1258 0.4450 0.1194 0.3282 0.2400 0.1124 0.5155 0.1469 0.1384 0.3801 0.1145 0.4115 0.2027 0.1155 0.5177 0.1320 0.1898 0.3030 0.1116 0.4824 0.1678 0.1238 0.4539 0.1197 0.3308 0.2360 0.1128 0.5185 0.1427 0.1462 0.3544 0.1130 0.4414 0.1882 0.1179 0.5023 0.1263 0.2462 0.2721 0.1120 0.4838
0.1117 0.2674 0.2566 0.1254 0.4979 0.1185 0.1855 0.4471 0.1128 0.3481 0.1489 0.1414 0.5194 0.1130 0.2323 0.3398 0.1191 0.4473 0.1247 0.1658 0.4860 0.1116 0.2983 0.1965 0.1312 0.5166 0.1158 0.2011 0.4145 0.1143 0.3786 0.1386 0.1469 0.5153 0.1124 0.2413 0.3241 0.1198 0.4490 0.1252 0.1631 0.4935 0.1115 0.2788 0.2414 0.1259 0.4958 0.1193 0.1794 0.4646 0.1119 0.3158 0.1788 0.1336 0.5119 0.1276 0.2416 0.2788 0.1115 0.4935 0.1631 0.1252 0.4490 0.1198 0.3241 0.2413 0.1124 0.5153 0.1469 0.1386 0.3786 0.1143 0.4145 0.2011 0.1158 0.5166 0.1312 0.1965 0.2983 0.1116 0.4860 0.1658 0.1247 0.4473 0.1191 0.3398 0.2323 0.1130 0.5194 0.1414 0.1489 0.3481 0.1128 0.4471 0.1855 0.1185 0.4979 0.1254 0.2566 0.2674 0.1117
0.2530 0.2671 0.1246 0.4930 0.1190 0.1829 0.4524 0.1126 0.3418 0.1521 0.1401 0.5202 0.1132 0.2286 0.3485 0.1185 0.4406 0.1256 0.1638 0.4895 0.1115 0.2934 0.2045 0.1303 0.5151 0.1161 0.1990 0.4186 0.1141 0.3757 0.1393 0.1465 0.5155 0.1124 0.2418 0.3220 0.1200 0.4519 0.1247 0.1643 0.4914 0.1115 0.2823 0.2335 0.1266 0.4999 0.1187 0.1818 0.4599 0.1121 0.3214 0.1724 0.1337 0.5195 0.1069 0.5061 0.1266 0.2335 0.2823 0.1115 0.4914 0.1643 0.1247 0.4519 0.1200 0.3220 0.2418 0.1124 0.5155 0.1465 0.1393 0.3757 0.1141 0.4186 0.1990 0.1161 0.5151 0.1303 0.2045 0.2934 0.1115 0.4895 0.1638 0.1256 0.4406 0.1185 0.3485 0.2286 0.1132 0.5202 0.1401 0.1521 0.3418 0.1126 0.4524 0.1829 0.1190 0.4930 0.1246 0.2671 0.2530
0.2483 0.1240 0.4877 0.1197 0.1804 0.4577 0.1123 0.3357 0.1557 0.1388 0.5207 0.1135 0.2251 0.3571 0.1180 0.4339 0.1266 0.1619 0.4928 0.1115 0.2884 0.2134 0.1294 0.5130 0.1164 0.1968 0.4233 0.1139 0.3718 0.1403 0.1459 0.5160 0.1124 0.2413 0.3220 0.1201 0.4534 0.1244 0.1651 0.4897 0.1115 0.2854 0.2268 0.1273 0.5031 0.1183 0.1840 0.4552 0.1123 0.3270 0.1668 0.1348 0.5198 0.1128 0.2545 0.1140 0.5031 0.1273 0.2268 0.2854 0.1115 0.4897 0.1651 0.1244 0.4534 0.1201 0.3220 0.2413 0.1124 0.5160 0.1459 0.1403 0.3718 0.1139 0.4233 0.1968 0.1164 0.5130 0.1294 0.2134 0.2884 0.1115 0.4928 0.1619 0.1266 0.4339 0.1180 0.3571 0.2251 0.1135 0.5207 0.1388 0.1557 0.3357 0.1123 0.4577 0.1804 0.1197 0.4877 0.1240 0.2483
0.1192 0.4820 0.1203 0.1780 0.4626 0.1122 0.3297 0.1598 0.1376 0.5210 0.1137 0.2215 0.3654 0.1174 0.4271 0.1277 0.1600 0.4959 0.1115 0.2835 0.2228 0.1285 0.5104 0.1168 0.1942 0.4286 0.1136 0.3670 0.1417 0.1450 0.5167 0.1125 0.2400 0.3241 0.1200 0.4534 0.1243 0.1656 0.4885 0.1115 0.2880 0.2211 0.1279 0.5057 0.1179 0.1860 0.4508 0.1124 0.3325 0.1620 0.1359 0.5205 0.1147 0.2090 0.2867 0.1909 0.1177 0.5057 0.1279 0.2211 0.2880 0.1115 0.4885 0.1656 0.1243 0.4534 0.1200 0.3241 0.2400 0.1125 0.5167 0.1450 0.1417 0.3670 0.1136 0.4286 0.1942 0.1168 0.5104 0.1285 0.2228 0.2835 0.1115 0.4959 0.1600 0.1277 0.4271 0.1174 0.3654 0.2215 0.1137 0.5210 0.1376 0.1598 0.3297 0.1122 0.4626 0.1780 0.1203 0.4820 0.1192
0.4589 0.1212 0.1756 0.4674 0.1120 0.3238 0.1645 0.1364 0.5210 0.1140 0.2180 0.3737 0.1169 0.4203 0.1288 0.1582 0.4989 0.1115 0.2787 0.2325 0.1275 0.5072 0.1173 0.1916 0.4342 0.1134 0.3616 0.1435 0.1440 0.5176 0.1126 0.2379 0.3282 0.1198 0.4519 0.1244 0.1656 0.4881 0.1115 0.2897 0.2170 0.1284 0.5077 0.1176 0.1878 0.4469 0.1126 0.3375 0.1581 0.1369 0.5209 0.1145 0.2097 0.3961 0.1232 0.4381 0.1878 0.1176 0.5077 0.1284 0.2170 0.2897 0.1115 0.4881 0.1656 0.1244 0.4519 0.1198 0.3282 0.2379 0.1126 0.5176 0.1440 0.1435 0.3616 0.1134 0.4342 0.1916 0.1173 0.5072 0.1275 0.2325 0.2787 0.1115 0.4989 0.1582 0.1288 0.4203 0.1169 0.3737 0.2180 0.1140 0.5210 0.1364 0.1645 0.3238 0.1120 0.4674 0.1756 0.1212 0.4589
0.1252 0.1733 0.4719 0.1119 0.3180 0.1700 0.1353 0.5207 0.1143 0.2146 0.3817 0.1164 0.4135 0.1300 0.1565 0.5017 0.1116 0.2740 0.2424 0.1266 0.5036 0.1178 0.1889 0.4400 0.1131 0.3556 0.1457 0.1429 0.5185 0.1128 0.2355 0.3337 0.1194 0.4490 0.1247 0.1651 0.4885 0.1115 0.2903 0.2148 0.1287 0.5091 0.1173 0.1892 0.4435 0.1128 0.3418 0.1551 0.1379 0.5210 0.1142 0.2128 0.3934 0.1148 0.4811 0.1118 0.4436 0.1892 0.1173 0.5091 0.1287 0.2148 0.2903 0.1115 0.4885 0.1651 0.1247 0.4490 0.1194 0.3337 0.2355 0.1128 0.5185 0.1429 0.1457 0.3556 0.1131 0.4400 0.1889 0.1178 0.5036 0.1266 0.2424 0.2740 0.1116 0.5017 0.1565 0.1300 0.4135 0.1164 0.3817 0.2146 0.1143 0.5207 0.1353 0.1700 0.3180 0.1119 0.4719 0.1733 0.1252
0.1652 0.4762 0.1117 0.3123 0.1762 0.1341 0.5201 0.1147 0.2112 0.3895 0.1159 0.4065 0.1313 0.1548 0.5042 0.1116 0.2694 0.2524 0.1258 0.4996 0.1183 0.1863 0.4455 0.1129 0.3495 0.1483 0.1416 0.5193 0.1130 0.2325 0.3400 0.1190 0.4450 0.1252 0.1643 0.4897 0.1115 0.2897 0.2148 0.1288 0.5098 0.1172 0.1904 0.4408 0.1129 0.3454 0.1528 0.1388 0.5209 0.1140 0.2157 0.3865 0.1156 0.3999 0.1129 0.3555 0.1127 0.4408 0.1904 0.1172 0.5098 0.1288 0.2148 0.2897 0.1115 0.4897 0.1643 0.1252 0.4450 0.1190 0.3400 0.2325 0.1130 0.5193 0.1416 0.1483 0.3495 0.1129 0.4455 0.1863 0.1183 0.4996 0.1258 0.2524 0.2694 0.1116 0.5042 0.1548 0.1313 0.4065 0.1159 0.3895 0.2112 0.1147 0.5201 0.1341 0.1762 0.3123 0.1117 0.4762 0.1652
0.4590 0.1120 0.3067 0.1834 0.1330 0.5192 0.1150 0.2080 0.3971 0.1154 0.3996 0.1327 0.1531 0.5067 0.1117 0.2649 0.2624 0.1249 0.4950 0.1188 0.1838 0.4507 0.1126 0.3435 0.1513 0.1403 0.5201 0.1132 0.2292 0.3474 0.1186 0.4402 0.1258 0.1631 0.4914 0.1115 0.2880 0.2170 0.1287 0.5098 0.1171 0.1910 0.4389 0.1130 0.3483 0.1511 0.1395 0.5208 0.1135 0.2183 0.3803 0.1159 0.4023 0.1304 0.1784 0.1431 0.3483 0.1130 0.4390 0.1910 0.1171 0.5098 0.1287 0.2170 0.2880 0.1115 0.4914 0.1631 0.1258 0.4402 0.1186 0.3474 0.2292 0.1132 0.5201 0.1403 0.1513 0.3435 0.1126 0.4507 0.1838 0.1188 0.4950 0.1249 0.2624 0.2649 0.1117 0.5067 0.1531 0.1327 0.3996 0.1154 0.3971 0.2080 0.1150 0.5192 0.1330 0.1834 0.3067 0.1120 0.4590
0.1108 0.3012 0.1913 0.1320 0.5180 0.1154 0.2048 0.4044 0.1150 0.3926 0.1343 0.1514 0.5089 0.1118 0.2606 0.2724 0.1241 0.4901 0.1194 0.1814 0.4558 0.1124 0.3375 0.1546 0.1391 0.5206 0.1134 0.2257 0.3556 0.1180 0.4346 0.1266 0.1617 0.4935 0.1115 0.2854 0.2211 0.1284 0.5091 0.1172 0.1910 0.4383 0.1130 0.3517 0.1431 0.1415 0.5202 0.1118 0.2279 0.3649 0.1165 0.4242 0.1240 0.1594 0.4564 0.1462 0.1456 0.3519 0.1120 0.4383 0.1910 0.1172 0.5091 0.1284 0.2211 0.2854 0.1115 0.4935 0.1617 0.1266 0.4346 0.1180 0.3556 0.2257 0.1134 0.5206 0.1391 0.1546 0.3375 0.1124 0.4558 0.1814 0.1194 0.4901 0.1241 0.2724 0.2606 0.1118 0.5089 0.1514 0.1343 0.3926 0.1150 0.4044 0.2048 0.1154 0.5180 0.1320 0.1913 0.3012 0.1108
0.2846 0.1998 0.1309 0.5164 0.1157 0.2017 0.4114 0.1146 0.3857 0.1360 0.1498 0.5111 0.1119 0.2562 0.2824 0.1233 0.4848 0.1200 0.1790 0.4607 0.1122 0.3317 0.1585 0.1379 0.5209 0.1137 0.2222 0.3639 0.1175 0.4284 0.1275 0.1602 0.4959 0.1115 0.2823 0.2268 0.1279 0.5077 0.1173 0.1904 0.4389 0.1130 0.3535 0.1371 0.1801 0.4276 0.1186 0.2521 0.2848 0.1214 0.5109 0.1163 0.2128 0.3953 0.1139 0.4832 0.1567 0.1170 0.4561 0.1111 0.4390 0.1904 0.1173 0.5077 0.1279 0.2268 0.2823 0.1115 0.4959 0.1602 0.1275 0.4284 0.1175 0.3639 0.2222 0.1137 0.5209 0.1379 0.1585 0.3317 0.1122 0.4607 0.1790 0.1200 0.4848 0.1233 0.2824 0.2562 0.1119 0.5111 0.1498 0.1360 0.3857 0.1146 0.4114 0.2017 0.1157 0.5164 0.1309 0.1998 0.2846
0.1897 0.1300 0.5143 0.1162 0.1987 0.4182 0.1142 0.3790 0.1378 0.1482 0.5130 0.1121 0.2518 0.2926 0.1226 0.4792 0.1207 0.1767 0.4653 0.1121 0.3260 0.1628 0.1368 0.5210 0.1140 0.2188 0.3720 0.1170 0.4217 0.1286 0.1586 0.4984 0.1115 0.2788 0.2335 0.1273 0.5057 0.1176 0.1892 0.4408 0.1130 0.3516 0.1416 0.1495 0.4752 0.2076 0.1690 0.1643 0.0680 0.3548 0.2798 0.1273 0.1411 0.1693 0.4539 0.4615 0.1419 0.5766 0.1013 0.4559 0.1119 0.4408 0.1892 0.1176 0.5057 0.1273 0.2335 0.2788 0.1115 0.4984 0.1586 0.1286 0.4217 0.1170 0.3720 0.2188 0.1140 0.5210 0.1368 0.1628 0.3260 0.1121 0.4653 0.1767 0.1207 0.4792 0.1226 0.2926 0.2518 0.1121 0.5130 0.1482 0.1378 0.3790 0.1142 0.4182 0.1987 0.1162 0.5143 0.1300 0.1897
0.1245 0.5118 0.1166 0.1958 0.4248 0.1139 0.3722 0.1397 0.1467 0.5148 0.1122 0.2476 0.3027 0.1218 0.4732 0.1214 0.1744 0.4698 0.1119 0.3204 0.1678 0.1357 0.5208 0.1143 0.2155 0.3798 0.1165 0.4149 0.1298 0.1568 0.5011 0.1116 0.2747 0.2414 0.1266 0.5031 0.1179 0.1878 0.4435 0.1129 0.3483 0.1487 0.1443 0.1966 0.1926 0.5326 0.4604 0.1013 0.4283 0.2495 0.1586 0.2812 0.4443 0.1990 0.2177 0.2134 0.1514 0.4684 0.1614 0.1310 0.3500 0.1127 0.4436 0.1878 0.1177 0.5031 0.1266 0.2416 0.2747 0.1114 0.5011 0.1568 0.1296 0.4148 0.1164 0.3799 0.2155 0.1140 0.5208 0.1357 0.1677 0.3203 0.1118 0.4699 0.1744 0.1212 0.4731 0.1218 0.3029 0.2475 0.1120 0.5148 0.1467 0.1396 0.3722 0.1137 0.4249 0.1958 0.1163 0.5117 0.1245
0.4922 0.1173 0.1929 0.4311 0.1135 0.3656 0.1419 0.1452 0.5163 0.1124 0.2434 0.3126 0.1211 0.4668 0.1221 0.1722 0.4741 0.1118 0.3149 0.1735 0.1346 0.5204 0.1146 0.2123 0.3874 0.1160 0.4081 0.1310 0.1551 0.5037 0.1116 0.2703 0.2505 0.1259 0.4999 0.1183 0.1860 0.4469 0.1128 0.3454 0.1510 0.1418 0.5013 0.1965 0.5610 0.3041 0.2522 0.5470 0.2733 0.2422 0.4641 0.1513 0.1738 0.3428 0.1234 0.3624 0.4454 0.2639 0.3537 0.1533 0.1411 0.3555 0.1118 0.4381 0.1909 0.1140 0.5061 0.1276 0.2339 0.2778 0.1091 0.4995 0.1585 0.1257 0.4189 0.1162 0.3750 0.2181 0.1109 0.5210 0.1368 0.1624 0.3236 0.1102 0.4673 0.1764 0.1176 0.4763 0.1222 0.2973 0.2501 0.1093 0.5139 0.1480 0.1356 0.3758 0.1129 0.4210 0.1985 0.1131 0.4982
0.1203 0.1902 0.4371 0.1132 0.3591 0.1442 0.1438 0.5176 0.1126 0.2394 0.3224 0.1204 0.4603 0.1229 0.1700 0.4782 0.1117 0.3094 0.1800 0.1335 0.5196 0.1149 0.2091 0.3948 0.1156 0.4014 0.1324 0.1534 0.5062 0.1117 0.2658 0.2604 0.1251 0.4958 0.1187 0.1840 0.4508 0.1126 0.3418 0.1528 0.1395 0.5203 0.1169 0.1501 0.0924 0.2863 0.4173 0.4191 0.0785 0.2008 0.2834 0.2679 0.3239 0.4072 0.5065 0.4117 0.3679 0.1745 0.3497 0.3444 0.1817 0.1128 0.4811 0.1232 0.2867 0.2545 0.1069 0.5119 0.1513 0.1293 0.3839 0.1133 0.4128 0.2022 0.1086 0.5162 0.1319 0.1971 0.2957 0.1081 0.4881 0.1665 0.1176 0.4435 0.1185 0.3449 0.2304 0.1069 0.5201 0.1422 0.1448 0.3435 0.1106 0.4510 0.1850 0.1113 0.4948 0.1255 0.2599 0.2665 0.1067
0.1810 0.4430 0.1130 0.3527 0.1468 0.1424 0.5187 0.1128 0.2354 0.3319 0.1197 0.4536 0.1238 0.1678 0.4822 0.1116 0.3041 0.1872 0.1325 0.5186 0.1152 0.2060 0.4019 0.1151 0.3947 0.1339 0.1518 0.5085 0.1118 0.2614 0.2705 0.1243 0.4910 0.1193 0.1818 0.4552 0.1124 0.3375 0.1551 0.1388 0.5208 0.1127 0.2369 0.3514 0.0399 0.1000 0.1620 0.4428 0.2152 0.4494 0.1965 0.3082 0.1059 0.4045 0.1532 0.2295 0.3365 0.2319 0.1279 0.1601 0.1288 0.3999 0.1148 0.3961 0.2090 0.1128 0.5195 0.1336 0.1802 0.3084 0.1102 0.4790 0.1701 0.1208 0.4595 0.1201 0.3227 0.2397 0.1106 0.5176 0.1442 0.1421 0.3598 0.1122 0.4364 0.1910 0.1152 0.5056 0.1272 0.2370 0.2763 0.1098 0.5006 0.1575 0.1274 0.4159 0.1160 0.3788 0.2165 0.1122 0.5047
0.4245 0.1131 0.3463 0.1497 0.1410 0.5196 0.1130 0.2316 0.3412 0.1190 0.4467 0.1247 0.1657 0.4861 0.1116 0.2987 0.1952 0.1314 0.5172 0.1156 0.2030 0.4087 0.1147 0.3881 0.1354 0.1502 0.5105 0.1119 0.2571 0.2805 0.1235 0.4857 0.1199 0.1794 0.4599 0.1123 0.3325 0.1581 0.1379 0.5209 0.1137 0.2215 0.3412 0.2594 0.2231 0.1051 0.4682 0.1406 0.4778 0.2198 0.4717 0.1491 0.1305 0.3717 0.5398 0.1477 0.1811 0.4510 0.1447 0.1249 0.4137 0.1155 0.3934 0.2097 0.1147 0.5198 0.1337 0.1788 0.3104 0.1116 0.4775 0.1704 0.1227 0.4619 0.1205 0.3193 0.2408 0.1124 0.5171 0.1444 0.1430 0.3622 0.1133 0.4340 0.1916 0.1172 0.5071 0.1275 0.2333 0.2782 0.1115 0.4994 0.1579 0.1290 0.4186 0.1167 0.3759 0.2171 0.1140 0.5209 0.1313
0.1109 0.3401 0.1530 0.1397 0.5203 0.1133 0.2278 0.3503 0.1184 0.4397 0.1257 0.1637 0.4897 0.1115 0.2935 0.2040 0.1304 0.5154 0.1160 0.2001 0.4154 0.1144 0.3815 0.1371 0.1487 0.5125 0.1120 0.2529 0.2904 0.1227 0.4802 0.1205 0.1771 0.4646 0.1121 0.3270 0.1620 0.1369 0.5210 0.1140 0.2182 0.3696 0.1221 0.5519 0.1562 0.4898 0.1774 0.3152 0.4391 0.3173 0.3148 0.2327 0.0933 0.4941 0.1244 0.3638 0.1758 0.3963 0.4771 0.4694 0.1168 0.3864 0.2128 0.1145 0.5205 0.1348 0.1724 0.3158 0.1118 0.4733 0.1726 0.1220 0.4683 0.1213 0.3098 0.2447 0.1123 0.5157 0.1458 0.1409 0.3686 0.1137 0.4280 0.1944 0.1168 0.5104 0.1284 0.2232 0.2832 0.1115 0.4963 0.1598 0.1279 0.4257 0.1173 0.3676 0.2206 0.1138 0.5210 0.1373 0.1580
0.3210 0.1569 0.1385 0.5208 0.1135 0.2241 0.3590 0.1178 0.4328 0.1268 0.1617 0.4931 0.1115 0.2882 0.2134 0.1294 0.5132 0.1164 0.1972 0.4218 0.1140 0.3750 0.1389 0.1472 0.5142 0.1122 0.2488 0.3002 0.1220 0.4743 0.1212 0.1748 0.4691 0.1119 0.3214 0.1668 0.1359 0.5209 0.1142 0.2157 0.3803 0.1166 0.4431 0.3638 0.5056 0.3684 0.5073 0.1227 0.1757 0.4263 0.3075 0.1811 0.2188 0.1506 0.1753 0.1346 0.5231 0.4544 0.1466 0.1312 0.3619 0.2158 0.1142 0.5209 0.1359 0.1668 0.3214 0.1119 0.4691 0.1748 0.1212 0.4743 0.1220 0.3002 0.2488 0.1122 0.5142 0.1472 0.1389 0.3750 0.1140 0.4218 0.1972 0.1164 0.5132 0.1294 0.2134 0.2882 0.1115 0.4931 0.1617 0.1268 0.4328 0.1178 0.3590 0.2241 0.1135 0.5208 0.1385 0.1569 0.3210
0.1580 0.1373 0.5210 0.1138 0.2206 0.3676 0.1173 0.4257 0.1279 0.1598 0.4963 0.1115 0.2832 0.2232 0.1284 0.5104 0.1168 0.1944 0.4280 0.1137 0.3686 0.1409 0.1458 0.5157 0.1123 0.2447 0.3098 0.1213 0.4683 0.1220 0.1726 0.4733 0.1118 0.3158 0.1724 0.1348 0.5205 0.1145 0.2128 0.3865 0.1160 0.4144 0.1097 0.5048 0.4395 0.1232 0.2571 0.1016 0.2038 0.2485 0.4750 0.0846 0.1812 0.4864 0.4923 0.2004 0.1925 0.3911 0.2290 0.1873 0.2287 0.1136 0.5210 0.1369 0.1620 0.3270 0.1121 0.4646 0.1771 0.1205 0.4802 0.1227 0.2904 0.2529 0.1120 0.5125 0.1487 0.1371 0.3815 0.1144 0.4154 0.2001 0.1160 0.5154 0.1304 0.2040 0.2935 0.1115 0.4897 0.1637 0.1257 0.4397 0.1184 0.3503 0.2278 0.1133 0.5203 0.1397 0.1530 0.3401 0.1109
0.1313 0.5209 0.1140 0.2171 0.3759 0.1167 0.4186 0.1290 0.1579 0.4994 0.1115 0.2782 0.2333 0.1275 0.5071 0.1172 0.1916 0.4340 0.1133 0.3622 0.1430 0.1444 0.5171 0.1124 0.2408 0.3193 0.1205 0.4619 0.1227 0.1704 0.4775 0.1116 0.3104 0.1788 0.1337 0.5198 0.1147 0.2097 0.3934 0.1156 0.4020 0.1240 0.2358 0.1761 0.1712 0.1866 0.4633 0.1102 0.5125 0.1370 0.2420 0.2997 0.1630 0.1142 0.1569 0.2637 0.2481 0.1436 0.2682 0.2778 0.1110 0.5209 0.1379 0.1581 0.3325 0.1123 0.4599 0.1794 0.1199 0.4857 0.1235 0.2805 0.2571 0.1119 0.5105 0.1502 0.1354 0.3881 0.1147 0.4087 0.2030 0.1156 0.5172 0.1314 0.1952 0.2987 0.1116 0.4861 0.1657 0.1247 0.4467 0.1190 0.3412 0.2316 0.1130 0.5196 0.1410 0.1497 0.3463 0.1131 0.4245
0.5047 0.1122 0.2165 0.3788 0.1160 0.4159 0.1274 0.1575 0.5006 0.1098 0.2763 0.2370 0.1272 0.5056 0.1152 0.1910 0.4364 0.1122 0.3598 0.1421 0.1442 0.5176 0.1106 0.2397 0.3227 0.1201 0.4595 0.1208 0.1701 0.4790 0.1102 0.3084 0.1802 0.1336 0.5195 0.1128 0.2090 0.3961 0.1148 0.3999 0.1306 0.1574 0.2588 0.2612 0.2302 0.3804 0.1052 0.5372 0.1012 0.3313 0.2049 0.4633 0.1897 0.3961 0.4066 0.1077 0.1464 0.1393 0.3128 0.1137 0.5180 0.1388 0.1551 0.3375 0.1124 0.4552 0.1818 0.1193 0.4910 0.1243 0.2705 0.2614 0.1118 0.5085 0.1518 0.1339 0.3947 0.1151 0.4019 0.2060 0.1152 0.5186 0.1325 0.1872 0.3041 0.1116 0.4822 0.1678 0.1238 0.4536 0.1197 0.3319 0.2354 0.1128 0.5187 0.1424 0.1468 0.3527 0.1130 0.4430 0.1810
0.1067 0.2665 0.2599 0.1255 0.4948 0.1113 0.1850 0.4510 0.1106 0.3435 0.1448 0.1422 0.5201 0.1069 0.2304 0.3449 0.1185 0.4435 0.1176 0.1665 0.4881 0.1081 0.2957 0.1971 0.1319 0.5162 0.1086 0.2022 0.4128 0.1133 0.3839 0.1293 0.1513 0.5119 0.1069 0.2545 0.2867 0.1232 0.4811 0.1129 0.1785 0.4562 0.1319 0.0757 0.2606 0.1818 0.4890 0.2071 0.2402 0.4573 0.1851 0.0876 0.1851 0.1022 0.1689 0.4884 0.3545 0.3264 0.1514 0.4716 0.1438 0.1525 0.3418 0.1126 0.4508 0.1840 0.1187 0.4958 0.1251 0.2604 0.2658 0.1117 0.5062 0.1534 0.1324 0.4014 0.1156 0.3948 0.2091 0.1149 0.5196 0.1335 0.1800 0.3094 0.1117 0.4782 0.1700 0.1229 0.4603 0.1204 0.3224 0.2394 0.1126 0.5176 0.1438 0.1442 0.3591 0.1132 0.4371 0.1902 0.1203
0.4982 0.1131 0.1985 0.4210 0.1129 0.3758 0.1356 0.1480 0.5139 0.1093 0.2501 0.2973 0.1222 0.4763 0.1176 0.1764 0.4673 0.1102 0.3236 0.1624 0.1368 0.5210 0.1109 0.2181 0.3750 0.1162 0.4189 0.1257 0.1585 0.4995 0.1091 0.2778 0.2339 0.1276 0.5061 0.1140 0.1909 0.4381 0.1118 0.3555 0.1432 0.1454 0.3290 0.2847 0.1058 0.4597 0.1828 0.2818 0.0635 0.2166 0.4103 0.2268 0.1032 0.2798 0.3801 0.4827 0.2142 0.3548 0.2860 0.1488 0.1473 0.3454 0.1128 0.4469 0.1860 0.1183 0.4999 0.1259 0.2505 0.2703 0.1116 0.5037 0.1551 0.1310 0.4081 0.1160 0.3874 0.2123 0.1146 0.5204 0.1346 0.1735 0.3149 0.1118 0.4741 0.1722 0.1221 0.4668 0.1211 0.3126 0.2434 0.1124 0.5163 0.1452 0.1419 0.3656 0.1135 0.4311 0.1929 0.1173 0.4922
