-39.7174 -19.4907 -41.1453 15.8195 -27.9322 -48.4470 23.2897 -35.4024 -24.0238 -21.8054 -42.6965 20.6089 -29.3612 -48.7996 2.1337 -36.5112 -6.0413 -23.6161 -44.2671 25.5596 -30.8321 -48.5237 -10.3603 -37.9805 4.1605 -25.0269 -45.7991 30.1981 -32.3285 -46.3124 -15.8138 -39.4140 10.1998 -26.3515 -47.2092 32.1973 -33.8146 -40.0917 -19.0997 -40.9135 15.1028 -27.7231 -48.3208 25.5828 -35.2067 -26.7622 -21.4929 -42.4597 19.8741 -29.1423 -48.8133 5.2335 -36.3965 -6.2708 -29.1589 -21.2101 -35.3026 25.5828 -48.3208 -27.7231 15.1028 -40.9135 -19.0997 -40.0917 -33.8146 32.1973 -47.2092 -26.3515 10.1998 -39.4140 -15.8138 -46.3124 -32.3285 30.1981 -45.7991 -25.0269 4.1605 -37.9805 -10.3603 -48.5237 -30.8321 25.5596 -44.2671 -23.6161 -6.0413 -36.5112 2.1337 -48.7996 -29.3612 20.6089 -42.6965 -21.8054 -24.0238 -35.4024 23.2897 -48.4470 -27.9322 15.8195 -41.1453 -19.4907 -39.7174
-19.4907 -40.9051 16.1775 -29.0700 -48.7124 30.3686 -35.5133 -19.1083 -23.2276 -42.7211 21.0321 -30.3953 -48.9179 10.0808 -36.1397 -2.8991 -25.2029 -44.4123 26.0708 -31.7188 -48.1623 -8.3864 -37.5050 5.5701 -26.4949 -46.0406 31.2116 -33.0392 -45.1131 -15.8578 -39.1103 11.0004 -27.6747 -47.5015 34.7932 -34.2975 -37.3234 -20.0032 -40.7715 15.6492 -28.9114 -48.6003 31.8741 -35.3785 -21.9838 -22.8673 -42.4639 20.3029 -30.1972 -48.9654 13.9776 -36.0842 -4.7975 -25.5043 -46.9379 -23.9290 -22.0132 -35.3785 31.8741 -48.6003 -28.9114 15.6492 -40.7715 -20.0032 -37.3234 -34.2975 34.7932 -47.5015 -27.6747 11.0004 -39.1103 -15.8578 -45.1131 -33.0392 31.2116 -46.0406 -26.4949 5.5701 -37.5050 -8.3864 -48.1623 -31.7188 26.0708 -44.4123 -25.2029 -2.8991 -36.1397 10.0808 -48.9179 -30.3953 21.0321 -42.7211 -23.2276 -19.1083 -35.5133 30.3686 -48.7124 -29.0700 16.1775 -40.9051 -19.4907
-41.1453 16.1775 -29.1657 -48.7806 28.9341 -35.8723 -16.4478 -23.5516 -42.9708 21.7489 -30.6433 -48.8385 6.3943 -36.5276 -1.2686 -25.4253 -44.6585 26.8494 -32.0028 -47.9037 -9.9031 -37.7388 6.4875 -26.6557 -46.2727 31.9190 -33.3577 -44.3253 -16.5964 -39.3551 11.7090 -27.8634 -47.6950 34.9620 -34.6455 -35.5740 -20.4919 -41.0203 16.3315 -29.1269 -48.7138 30.3699 -35.7545 -19.1389 -23.2186 -42.7176 21.0212 -30.4449 -48.9199 10.2158 -36.4737 -2.9385 -25.2002 -44.4624 35.4602 -42.9850 -23.2382 -19.1383 -35.7545 30.3699 -48.7138 -29.1269 16.3315 -41.0203 -20.4919 -35.5740 -34.6455 34.9620 -47.6950 -27.8634 11.7090 -39.3551 -16.5964 -44.3253 -33.3577 31.9190 -46.2727 -26.6557 6.4875 -37.7388 -9.9031 -47.9037 -32.0028 26.8494 -44.6585 -25.4253 -1.2686 -36.5276 6.3943 -48.8385 -30.6433 21.7489 -42.9708 -23.5516 -16.4478 -35.8723 28.9341 -48.7806 -29.1657 16.1775 -41.1453
15.8195 -29.0700 -48.7806 28.2740 -35.9420 -14.4487 -23.8184 -43.1969 22.4423 -30.8322 -48.7611 2.9867 -36.5643 0.1873 -25.6378 -44.9059 27.6211 -32.2067 -47.5874 -11.2371 -37.9758 7.3462 -26.8311 -46.4983 32.5858 -33.5543 -43.4267 -17.2886 -39.6005 12.4134 -28.0472 -47.8796 34.9623 -34.8275 -33.6240 -20.9517 -41.2718 17.0096 -29.3195 -48.8090 28.4606 -35.8931 -16.2936 -23.5573 -42.9685 21.7480 -30.6436 -48.8384 6.4543 -36.5294 -1.2908 -25.4213 -44.6516 27.3509 -35.7291 22.9283 -42.9609 -23.5570 -16.2936 -35.8931 28.4606 -48.8090 -29.3195 17.0096 -41.2718 -20.9517 -33.6240 -34.8275 34.9623 -47.8796 -28.0472 12.4134 -39.6005 -17.2886 -43.4267 -33.5543 32.5858 -46.4983 -26.8311 7.3462 -37.9758 -11.2371 -47.5874 -32.2067 27.6211 -44.9059 -25.6378 0.1873 -36.5643 2.9867 -48.7611 -30.8322 22.4423 -43.1969 -23.8184 -14.4487 -35.9420 28.2740 -48.7806 -29.0700 15.8195
-27.9322 -48.7124 28.9341 -35.9420 -13.6944 -23.9734 -43.3643 23.0237 -31.0023 -48.7045 0.0584 -36.6547 1.4835 -25.8289 -45.1479 28.3907 -32.4074 -47.2060 -12.4159 -38.2148 8.1725 -27.0085 -46.7217 33.1976 -33.7499 -42.4158 -17.9330 -39.8469 13.1080 -28.2325 -48.0525 34.7741 -35.0020 -31.4753 -21.3927 -41.5238 17.6976 -29.5140 -48.8861 26.1652 -36.0248 -13.5182 -23.8806 -43.2214 22.4763 -30.8432 -48.7592 2.9486 -36.5616 0.1848 -25.6354 -44.9022 27.6066 -33.0758 -32.9238 -32.2561 22.4611 -43.2215 -23.8806 -13.5182 -36.0248 26.1652 -48.8861 -29.5140 17.6976 -41.5238 -21.3927 -31.4753 -35.0020 34.7741 -48.0525 -28.2325 13.1080 -39.8469 -17.9330 -42.4158 -33.7499 33.1976 -46.7217 -27.0085 8.1725 -38.2148 -12.4159 -47.2060 -32.4074 28.3907 -45.1479 -25.8289 1.4835 -36.6547 0.0584 -48.7045 -31.0023 23.0237 -43.3643 -23.9734 -13.6944 -35.9420 28.9341 -48.7124 -27.9322
-48.4470 30.3686 -35.8723 -14.4487 -23.9734 -43.4275 23.3643 -31.1256 -48.6482 -2.2214 -36.8307 2.6047 -25.9983 -45.3816 29.1441 -32.6034 -46.7656 -13.4570 -38.4522 8.9671 -27.1858 -46.9398 33.7516 -33.9447 -41.2584 -18.5302 -40.0948 13.7957 -28.4204 -48.2172 34.3732 -35.1722 -29.1590 -21.8144 -41.7737 18.3899 -29.7093 -48.9416 23.4170 -36.1418 -10.8776 -24.1872 -43.4747 23.2199 -31.0450 -48.6976 -0.1390 -36.6612 1.5024 -25.8316 -45.1473 28.3893 -32.4338 -46.9579 -22.3566 -48.5533 -31.1121 23.2201 -43.4747 -24.1872 -10.8776 -36.1418 23.4170 -48.9416 -29.7093 18.3899 -41.7737 -21.8144 -29.1590 -35.1722 34.3732 -48.2172 -28.4204 13.7957 -40.0948 -18.5302 -41.2584 -33.9447 33.7516 -46.9398 -27.1858 8.9671 -38.4522 -13.4570 -46.7656 -32.6034 29.1441 -45.3816 -25.9983 2.6047 -36.8307 -2.2214 -48.6482 -31.1256 23.3643 -43.4275 -23.9734 -14.4487 -35.8723 30.3686 -48.4470
23.2897 -35.5133 -16.4478 -23.8184 -43.3643 23.3643 -31.1714 -48.6053 -3.6770 -36.9957 3.5052 -26.1455 -45.6003 29.8599 -32.7942 -46.2596 -14.3738 -38.6869 9.7154 -27.3626 -47.1495 34.2244 -34.1336 -39.9546 -19.0980 -40.3408 14.4805 -28.6082 -48.3700 33.7172 -35.3395 -26.6405 -22.2140 -42.0268 19.0806 -29.9064 -48.9743 20.2584 -36.2483 -8.4587 -24.4790 -43.7249 23.9743 -31.2453 -48.6124 -2.8383 -36.8653 2.7150 -26.0097 -45.3907 29.1633 -32.6073 -46.7690 -14.0521 -40.8294 -5.9971 -48.6148 -31.2441 23.9743 -43.7249 -24.4790 -8.4587 -36.2483 20.2584 -48.9743 -29.9064 19.0806 -42.0268 -22.2140 -26.6405 -35.3395 33.7172 -48.3700 -28.6082 14.4805 -40.3408 -19.0980 -39.9546 -34.1336 34.2244 -47.1495 -27.3626 9.7154 -38.6869 -14.3738 -46.2596 -32.7942 29.8599 -45.6003 -26.1455 3.5052 -36.9957 -3.6770 -48.6053 -31.1714 23.3643 -43.3643 -23.8184 -16.4478 -35.5133 23.2897
-35.4024 -19.1083 -23.5516 -43.1969 23.0237 -31.1256 -48.6053 -4.1822 -37.0882 4.1044 -26.2606 -45.7839 30.4914 -32.9725 -45.7001 -15.1966 -38.9196 10.4307 -27.5381 -47.3501 34.5921 -34.3172 -38.5309 -19.6263 -40.5870 15.1553 -28.7974 -48.5080 32.7708 -35.4970 -23.9670 -22.5985 -42.2800 19.7861 -30.1025 -48.9799 16.7408 -36.3459 -6.2384 -24.7533 -43.9767 24.7292 -31.4466 -48.4885 -5.1440 -37.0973 3.8259 -26.1808 -45.6288 29.9295 -32.8081 -46.2374 -14.3934 -38.8403 19.3224 -37.4648 -5.0824 -48.4885 -31.4466 24.7292 -43.9767 -24.7533 -6.2384 -36.3459 16.7408 -48.9799 -30.1025 19.7861 -42.2800 -22.5985 -23.9670 -35.4970 32.7708 -48.5080 -28.7974 15.1553 -40.5870 -19.6263 -38.5309 -34.3172 34.5921 -47.3501 -27.5381 10.4307 -38.9196 -15.1966 -45.7001 -32.9725 30.4914 -45.7839 -26.2606 4.1044 -37.0882 -4.1822 -48.6053 -31.1256 23.0237 -43.1969 -23.5516 -19.1083 -35.4024
-24.0238 -23.2276 -42.9708 22.4423 -31.0023 -48.6482 -3.6770 -37.0882 4.3162 -26.3261 -45.9104 30.9761 -33.1219 -45.1323 -15.9007 -39.1433 11.1195 -27.7126 -47.5415 34.8469 -34.4967 -36.9689 -20.1142 -40.8307 15.8186 -28.9852 -48.6323 31.5164 -35.6486 -21.2071 -22.9658 -42.5333 20.4985 -30.2997 -48.9558 12.9670 -36.4250 -4.2382 -25.0122 -44.2275 25.4984 -31.6494 -48.3189 -7.0950 -37.3312 4.8531 -26.3532 -45.8664 30.6720 -33.0084 -45.6281 -15.2630 -38.9299 10.8879 -32.2942 6.2734 -37.3293 -7.0955 -48.3189 -31.6494 25.4984 -44.2275 -25.0122 -4.2382 -36.4250 12.9670 -48.9558 -30.2997 20.4985 -42.5333 -22.9658 -21.2071 -35.6486 31.5164 -48.6323 -28.9852 15.8186 -40.8307 -20.1142 -36.9689 -34.4967 34.8469 -47.5415 -27.7126 11.1195 -39.1433 -15.9007 -45.1323 -33.1219 30.9761 -45.9104 -26.3261 4.3162 -37.0882 -3.6770 -48.6482 -31.0023 22.4423 -42.9708 -23.2276 -24.0238
-21.8054 -42.7211 21.7489 -30.8322 -48.7045 -2.2214 -36.9957 4.1044 -26.3261 -45.9557 31.2435 -33.2203 -44.6500 -16.4465 -39.3378 11.7369 -27.8782 -47.7210 34.9723 -34.6730 -35.2397 -20.5778 -41.0715 16.4736 -29.1700 -48.7393 29.9374 -35.7923 -18.3956 -23.3121 -42.7865 21.2185 -30.4984 -48.9012 9.1665 -36.4900 -2.4681 -25.2557 -44.4745 26.2730 -31.8522 -48.1003 -8.7933 -37.5639 5.8139 -26.5260 -46.1013 31.3986 -33.2099 -44.9181 -16.0492 -39.1739 11.1770 -28.3889 -48.8349 -27.5909 5.7954 -37.5638 -8.7933 -48.1003 -31.8522 26.2730 -44.4745 -25.2557 -2.4681 -36.4900 9.1665 -48.9012 -30.4984 21.2185 -42.7865 -23.3121 -18.3956 -35.7923 29.9374 -48.7393 -29.1700 16.4736 -41.0715 -20.5778 -35.2397 -34.6730 34.9723 -47.7210 -27.8782 11.7369 -39.3378 -16.4465 -44.6500 -33.2203 31.2435 -45.9557 -26.3261 4.1044 -36.9957 -2.2214 -48.7045 -30.8322 21.7489 -42.7211 -21.8054
-42.6965 21.0321 -30.6433 -48.7611 0.0584 -36.8307 3.5052 -26.2606 -45.9104 31.2435 -33.2540 -44.3702 -16.7916 -39.4858 12.2300 -28.0218 -47.8785 34.9563 -34.8409 -33.3644 -21.0195 -41.3131 17.1309 -29.3557 -48.8279 28.0158 -35.9236 -15.6382 -23.6377 -43.0333 21.9369 -30.6931 -48.8125 5.5020 -36.5407 -0.8701 -25.4818 -44.7229 27.0433 -32.0563 -47.8277 -10.2654 -37.7999 6.7078 -26.7006 -46.3300 32.0960 -33.4075 -44.1037 -16.7812 -39.4186 11.8932 -27.9274 -47.4835 9.5668 -46.1943 -26.7382 6.7077 -37.7999 -10.2654 -47.8277 -32.0563 27.0433 -44.7229 -25.4818 -0.8701 -36.5407 5.5020 -48.8125 -30.6931 21.9369 -43.0333 -23.6377 -15.6382 -35.9236 28.0158 -48.8279 -29.3557 17.1309 -41.3131 -21.0195 -33.3644 -34.8409 34.9563 -47.8785 -28.0218 12.2300 -39.4858 -16.7916 -44.3702 -33.2540 31.2435 -45.9104 -26.2606 3.5052 -36.8307 0.0584 -48.7611 -30.6433 21.0321 -42.6965
20.6089 -30.3953 -48.8385 2.9867 -36.6547 2.6047 -26.1455 -45.7839 30.9761 -33.2203 -44.3702 -16.9079 -39.5667 12.5562 -28.1304 -48.0005 34.8221 -34.9886 -31.4401 -21.4236 -41.5517 17.7918 -29.5425 -48.8984 25.7096 -36.0462 -12.9948 -23.9445 -43.2764 22.6453 -30.8854 -48.7394 2.1783 -36.5700 0.5447 -25.6886 -44.9697 27.8240 -32.2578 -47.4946 -11.5557 -38.0379 7.5633 -26.8770 -46.5568 32.7458 -33.6043 -43.1844 -17.4600 -39.6642 12.5943 -28.0944 -47.9149 35.0191 -37.3251 33.7871 -46.5424 -26.8769 7.5633 -38.0379 -11.5557 -47.4946 -32.2578 27.8240 -44.9697 -25.6886 0.5447 -36.5700 2.1783 -48.7394 -30.8854 22.6453 -43.2764 -23.9445 -12.9948 -36.0462 25.7096 -48.8984 -29.5425 17.7918 -41.5517 -21.4236 -31.4401 -34.9886 34.8221 -48.0005 -28.1304 12.5562 -39.5667 -16.9079 -44.3702 -33.2203 30.9761 -45.7839 -26.1455 2.6047 -36.6547 2.9867 -48.8385 -30.3953 20.6089
-29.3612 -48.9179 6.3943 -36.5643 1.4835 -25.9983 -45.6003 30.4914 -33.1219 -44.6500 -16.7916 -39.5667 12.6708 -28.1892 -48.0781 34.6392 -35.1014 -29.6916 -21.7704 -41.7729 18.4271 -29.7249 -48.9484 23.0103 -36.1591 -10.4922 -24.2369 -43.5191 23.3620 -31.0787 -48.6842 -0.7242 -36.6877 1.7934 -25.8744 -45.2083 28.5918 -32.4568 -47.1002 -12.7016 -38.2749 8.3824 -27.0535 -46.7788 33.3483 -33.8006 -42.1284 -18.0868 -39.9113 13.2865 -28.2814 -48.0964 34.7046 -35.6543 0.9302 -34.9561 33.3511 -46.7790 -27.0535 8.3824 -38.2749 -12.7016 -47.1002 -32.4568 28.5918 -45.2083 -25.8744 1.7934 -36.6877 -0.7242 -48.6842 -31.0787 23.3620 -43.5191 -24.2369 -10.4922 -36.1591 23.0103 -48.9484 -29.7249 18.4271 -41.7729 -21.7704 -29.6916 -35.1014 34.6392 -48.0781 -28.1892 12.6708 -39.5667 -16.7916 -44.6500 -33.1219 30.4914 -45.6003 -25.9983 1.4835 -36.5643 6.3943 -48.9179 -29.3612
-48.7996 10.0808 -36.5276 0.1873 -25.8289 -45.3816 29.8599 -32.9725 -45.1323 -16.4465 -39.4858 12.5562 -28.1892 -48.1057 34.5069 -35.1732 -28.3520 -22.0383 -41.9596 18.9900 -29.8920 -48.9769 20.0315 -36.2600 -8.1741 -24.5148 -43.7614 24.0866 -31.2726 -48.5961 -3.2416 -36.9066 2.9346 -26.0440 -45.4412 29.3342 -32.6534 -46.6426 -13.7029 -38.5120 9.1605 -27.2317 -46.9929 33.8829 -33.9947 -40.9350 -18.6810 -40.1566 13.9743 -28.4682 -48.2582 34.2290 -35.2455 -27.0426 -27.8690 -38.8525 -34.0723 33.8829 -46.9929 -27.2317 9.1605 -38.5120 -13.7029 -46.6426 -32.6534 29.3342 -45.4412 -26.0440 2.9346 -36.9066 -3.2416 -48.5961 -31.2726 24.0866 -43.7614 -24.5148 -8.1741 -36.2600 20.0315 -48.9769 -29.8920 18.9900 -41.9596 -22.0383 -28.3520 -35.1732 34.5069 -48.1057 -28.1892 12.5562 -39.4858 -16.4465 -45.1323 -32.9725 29.8599 -45.3816 -25.8289 0.1873 -36.5276 10.0808 -48.7996
2.1337 -36.1397 -1.2686 -25.6378 -45.1479 29.1441 -32.7942 -45.7001 -15.9007 -39.3378 12.2300 -28.1304 -48.0781 34.5069 -35.1993 -27.5927 -22.2075 -42.0960 19.4351 -30.0332 -48.9846 17.0456 -36.3442 -6.1483 -24.7745 -44.0030 24.8186 -31.4668 -48.4703 -5.4056 -37.1298 3.9865 -26.2085 -45.6717 30.0664 -32.8474 -46.1169 -14.5954 -38.7466 9.9011 -27.4086 -47.2010 34.3275 -34.1827 -39.6081 -19.2397 -40.4050 14.6505 -28.6566 -48.4059 33.4997 -35.3794 -25.9784 -22.7702 -44.8191 -20.2714 -39.6239 -34.1813 34.3275 -47.2010 -27.4086 9.9011 -38.7466 -14.5954 -46.1169 -32.8474 30.0664 -45.6717 -26.2085 3.9865 -37.1298 -5.4056 -48.4703 -31.4668 24.8186 -44.0030 -24.7745 -6.1483 -36.3442 17.0456 -48.9846 -30.0332 19.4351 -42.0960 -22.2075 -27.5927 -35.1993 34.5069 -48.0781 -28.1304 12.2300 -39.3378 -15.9007 -45.7001 -32.7942 29.1441 -45.1479 -25.6378 -1.2686 -36.1397 2.1337
-36.5112 -2.8991 -25.4253 -44.9059 28.3907 -32.6034 -46.2596 -15.1966 -39.1433 11.7369 -28.0218 -48.0005 34.6392 -35.1732 -27.5927 -22.2668 -42.1697 19.7277 -30.1367 -48.9779 14.4235 -36.4091 -4.4699 -25.0028 -44.2334 25.5467 -31.6614 -48.3030 -7.2671 -37.3542 4.9640 -26.3742 -45.8996 30.7834 -33.0407 -45.5099 -15.4112 -38.9796 10.6118 -27.5830 -47.3999 34.6687 -34.3636 -38.1447 -19.7544 -40.6515 15.3233 -28.8462 -48.5426 32.4852 -35.5363 -23.2818 -22.6997 -42.4438 30.5353 -40.9671 -19.7560 -38.1449 -34.3636 34.6687 -47.3999 -27.5830 10.6118 -38.9796 -15.4112 -45.5099 -33.0407 30.7834 -45.8996 -26.3742 4.9640 -37.3542 -7.2671 -48.3030 -31.6614 25.5467 -44.2334 -25.0028 -4.4699 -36.4091 14.4235 -48.9779 -30.1367 19.7277 -42.1697 -22.2668 -27.5927 -35.1732 34.6392 -48.0005 -28.0218 11.7369 -39.1433 -15.1966 -46.2596 -32.6034 28.3907 -44.9059 -25.4253 -2.8991 -36.5112
-6.0413 -25.2029 -44.6585 27.6211 -32.4074 -46.7656 -14.3738 -38.9196 11.1195 -27.8782 -47.8785 34.8221 -35.1014 -28.3520 -22.2075 -42.1697 19.8345 -30.1937 -48.9680 12.4672 -36.4537 -3.1824 -25.1918 -44.4391 26.2268 -31.8466 -48.0933 -8.8788 -37.5800 5.8797 -26.5411 -46.1244 31.4785 -33.2331 -44.8136 -16.1620 -39.2136 11.3066 -27.7587 -47.5895 34.8925 -34.5423 -36.5406 -20.2356 -40.8925 15.9869 -29.0327 -48.6627 31.1480 -35.6875 -20.4691 -23.0546 -42.5950 21.1070 -34.4913 17.0322 -40.8906 -20.2356 -36.5406 -34.5423 34.8925 -47.5895 -27.7587 11.3066 -39.2136 -16.1620 -44.8136 -33.2331 31.4785 -46.1244 -26.5411 5.8797 -37.5800 -8.8788 -48.0933 -31.8466 26.2268 -44.4391 -25.1918 -3.1824 -36.4537 12.4672 -48.9680 -30.1937 19.8345 -42.1697 -22.2075 -28.3520 -35.1014 34.8221 -47.8785 -27.8782 11.1195 -38.9196 -14.3738 -46.7656 -32.4074 27.6211 -44.6585 -25.2029 -6.0413
-23.6161 -44.4123 26.8494 -32.2067 -47.2060 -13.4570 -38.6869 10.4307 -27.7126 -47.7210 34.9563 -34.9886 -29.6916 -22.0383 -42.0960 19.7277 -30.1937 -48.9637 11.3648 -36.4795 -2.3132 -25.3335 -44.6099 26.8139 -32.0099 -47.8591 -10.2126 -37.8009 6.7332 -26.7092 -46.3458 32.1441 -33.4245 -44.0193 -16.8574 -39.4487 11.9887 -27.9356 -47.7717 34.9819 -34.7177 -34.7671 -20.6934 -41.1336 16.6423 -29.2176 -48.7637 29.4789 -35.8269 -17.6574 -23.3966 -42.8497 21.3949 -31.3743 -44.5094 -30.5448 16.6371 -41.1336 -20.6934 -34.7671 -34.7177 34.9819 -47.7717 -27.9356 11.9887 -39.4487 -16.8574 -44.0193 -33.4245 32.1441 -46.3458 -26.7092 6.7332 -37.8009 -10.2126 -47.8591 -32.0099 26.8139 -44.6099 -25.3335 -2.3132 -36.4795 11.3648 -48.9637 -30.1937 19.7277 -42.0960 -22.0383 -29.6916 -34.9886 34.9563 -47.7210 -27.7126 10.4307 -38.6869 -13.4570 -47.2060 -32.2067 26.8494 -44.4123 -23.6161
-44.2671 26.0708 -32.0028 -47.5874 -12.4159 -38.4522 9.7154 -27.5381 -47.5415 34.9723 -34.8409 -31.4401 -21.7704 -41.9596 19.4351 -30.1367 -48.9680 11.3648 -36.4884 -1.8619 -25.4203 -44.7324 27.2739 -32.1450 -47.6237 -11.2597 -38.0057 7.5076 -26.8716 -46.5602 32.7707 -33.6145 -43.1176 -17.5049 -39.6848 12.6608 -28.1137 -47.9455 34.9133 -34.8894 -32.8176 -21.1298 -41.3753 17.3004 -29.4037 -48.8478 27.4601 -35.9560 -14.9482 -23.7180 -43.0958 22.1183 -30.7686 -48.7437 -17.5257 -48.6982 -29.4628 17.3004 -41.3753 -21.1298 -32.8176 -34.8894 34.9133 -47.9455 -28.1137 12.6608 -39.6848 -17.5049 -43.1176 -33.6145 32.7707 -46.5602 -26.8716 7.5076 -38.0057 -11.2597 -47.6237 -32.1450 27.2739 -44.7324 -25.4203 -1.8619 -36.4884 11.3648 -48.9680 -30.1367 19.4351 -41.9596 -21.7704 -31.4401 -34.8409 34.9723 -47.5415 -27.5381 9.7154 -38.4522 -12.4159 -47.5874 -32.0028 26.0708 -44.2671
25.5596 -31.7188 -47.9037 -11.2371 -38.2148 8.9671 -27.3626 -47.3501 34.8469 -34.6730 -33.3644 -21.4236 -41.7729 18.9900 -30.0332 -48.9779 12.4672 -36.4795 -1.8619 -25.4504 -44.7970 27.5633 -32.2425 -47.4164 -12.0505 -38.1820 8.1711 -27.0197 -46.7557 33.3242 -33.8003 -42.0987 -18.1109 -39.9218 13.3254 -28.2929 -48.1101 34.6608 -35.0569 -30.6897 -21.5465 -41.6174 17.9623 -29.5907 -48.9133 25.0530 -36.0762 -12.3357 -24.0211 -43.3389 22.8288 -30.9351 -48.7275 -0.1172 -39.0008 21.1213 -48.8672 -29.5907 17.9623 -41.6174 -21.5465 -30.6897 -35.0569 34.6608 -48.1101 -28.2929 13.3254 -39.9218 -18.1109 -42.0987 -33.8003 33.3242 -46.7557 -27.0197 8.1711 -38.1820 -12.0505 -47.4164 -32.2425 27.5633 -44.7970 -25.4504 -1.8619 -36.4795 12.4672 -48.9779 -30.0332 18.9900 -41.7729 -21.4236 -33.3644 -34.6730 34.8469 -47.3501 -27.3626 8.9671 -38.2148 -11.2371 -47.9037 -31.7188 25.5596
-30.8321 -48.1623 -9.9031 -37.9758 8.1725 -27.1858 -47.1495 34.5921 -34.4967 -35.2397 -21.0195 -41.5517 18.4271 -29.8920 -48.9846 14.4235 -36.4537 -2.3132 -25.4203 -44.7970 27.6599 -32.2925 -47.2763 -12.5881 -38.3172 8.6893 -27.1486 -46.9265 33.7731 -33.9711 -41.0038 -18.6725 -40.1598 13.9847 -28.4734 -48.2646 34.1961 -35.2197 -28.3873 -21.9448 -41.8601 18.6290 -29.7787 -48.9583 22.2537 -36.1865 -9.8772 -24.3097 -43.5815 23.5476 -31.1285 -48.6650 -1.3860 -36.8997 13.6271 -36.5948 22.3246 -48.9583 -29.7787 18.6290 -41.8601 -21.9448 -28.3873 -35.2197 34.1961 -48.2646 -28.4734 13.9847 -40.1598 -18.6725 -41.0038 -33.9711 33.7731 -46.9265 -27.1486 8.6893 -38.3172 -12.5881 -47.2763 -32.2925 27.6599 -44.7970 -25.4203 -2.3132 -36.4537 14.4235 -48.9846 -29.8920 18.4271 -41.5517 -21.0195 -35.2397 -34.4967 34.5921 -47.1495 -27.1858 8.1725 -37.9758 -9.9031 -48.1623 -30.8321
-48.5237 -8.3864 -37.7388 7.3462 -27.0085 -46.9398 34.2244 -34.3172 -36.9689 -20.5778 -41.3131 17.7918 -29.7249 -48.9769 17.0456 -36.4091 -3.1824 -25.3335 -44.7324 27.5633 -32.2925 -47.2260 -12.8522 -38.4029 9.0468 -27.2494 -47.0649 34.1179 -34.1177 -39.9161 -19.1652 -40.3883 14.6313 -28.6540 -48.4078 33.4888 -35.3772 -25.9234 -22.3258 -42.1030 19.3013 -29.9677 -48.9805 19.0857 -36.2857 -7.6109 -24.5839 -43.8236 24.2741 -31.3225 -48.5675 -3.8299 -36.9639 3.8598 -31.0917 -4.4379 -36.3287 19.0856 -48.9805 -29.9677 19.3013 -42.1030 -22.3258 -25.9234 -35.3772 33.4888 -48.4078 -28.6540 14.6313 -40.3883 -19.1652 -39.9161 -34.1177 34.1179 -47.0649 -27.2494 9.0468 -38.4029 -12.8522 -47.2260 -32.2925 27.5633 -44.7324 -25.3335 -3.1824 -36.4091 17.0456 -48.9769 -29.7249 17.7918 -41.3131 -20.5778 -36.9689 -34.3172 34.2244 -46.9398 -27.0085 7.3462 -37.7388 -8.3864 -48.5237
-10.3603 -37.5050 6.4875 -26.8311 -46.7217 33.7516 -34.1336 -38.5309 -20.1142 -41.0715 17.1309 -29.5425 -48.9484 20.0315 -36.3442 -4.4699 -25.1918 -44.6099 27.2739 -32.2425 -47.2763 -12.8522 -38.4326 9.2364 -27.3138 -47.1629 34.3552 -34.2367 -38.9063 -19.5692 -40.5904 15.2205 -28.8255 -48.5363 32.5204 -35.5288 -23.3235 -22.6904 -42.3462 19.9802 -30.1576 -48.9776 15.6141 -36.3728 -5.5530 -24.8434 -44.0649 25.0080 -31.5168 -48.4314 -5.9110 -37.1874 4.2398 -26.8055 -48.0836 -25.8237 -5.5741 -36.3729 15.6141 -48.9776 -30.1576 19.9802 -42.3462 -22.6904 -23.3235 -35.5288 32.5204 -48.5363 -28.8255 15.2205 -40.5904 -19.5692 -38.9063 -34.2367 34.3552 -47.1629 -27.3138 9.2364 -38.4326 -12.8522 -47.2763 -32.2425 27.2739 -44.6099 -25.1918 -4.4699 -36.3442 20.0315 -48.9484 -29.5425 17.1309 -41.0715 -20.1142 -38.5309 -34.1336 33.7516 -46.7217 -26.8311 6.4875 -37.5050 -10.3603
-37.9805 5.5701 -26.6557 -46.4983 33.1976 -33.9447 -39.9546 -19.6263 -40.8307 16.4736 -29.3557 -48.8984 23.0103 -36.2600 -6.1483 -25.0028 -44.4391 26.8139 -32.1450 -47.4164 -12.5881 -38.4029 9.2364 -27.3360 -47.2140 34.4890 -34.3207 -38.0789 -19.8875 -40.7620 15.7253 -28.9780 -48.6423 31.3345 -35.6706 -20.6662 -23.0393 -42.5896 20.6662 -30.3483 -48.9470 11.9571 -36.4466 -3.7007 -25.0880 -44.3054 25.7481 -31.7115 -48.2527 -7.7033 -37.4122 5.2050 -26.4307 -45.9096 33.0767 -44.4332 -25.1129 -3.7004 -36.4466 11.9571 -48.9470 -30.3483 20.6662 -42.5896 -23.0393 -20.6662 -35.6706 31.3345 -48.6423 -28.9780 15.7253 -40.7620 -19.8875 -38.0789 -34.3207 34.4890 -47.2140 -27.3360 9.2364 -38.4029 -12.5881 -47.4164 -32.1450 26.8139 -44.4391 -25.0028 -6.1483 -36.2600 23.0103 -48.8984 -29.3557 16.4736 -40.8307 -19.6263 -39.9546 -33.9447 33.1976 -46.4983 -26.6557 5.5701 -37.9805
4.1605 -26.4949 -46.2727 32.5858 -33.7499 -41.2584 -19.0980 -40.5870 15.8186 -29.1700 -48.8279 25.7096 -36.1591 -8.1741 -24.7745 -44.2334 26.2268 -32.0099 -47.6237 -12.0505 -38.3172 9.0468 -27.3138 -47.2140 34.5325 -34.3634 -37.5260 -20.1076 -40.8961 16.1461 -29.1097 -48.7242 30.0344 -35.7943 -18.1251 -23.3591 -42.8295 21.3598 -30.5398 -48.8857 8.2820 -36.5056 -2.0386 -25.3174 -44.5447 26.4932 -31.9063 -48.0273 -9.2579 -37.6382 6.1065 -26.5842 -46.1768 32.1351 -36.5605 27.7261 -44.5349 -25.3169 -2.0386 -36.5056 8.2820 -48.8857 -30.5398 21.3598 -42.8295 -23.3591 -18.1251 -35.7943 30.0344 -48.7242 -29.1097 16.1461 -40.8961 -20.1076 -37.5260 -34.3634 34.5325 -47.2140 -27.3138 9.0468 -38.3172 -12.0505 -47.6237 -32.0099 26.2268 -44.2334 -24.7745 -8.1741 -36.1591 25.7096 -48.8279 -29.1700 15.8186 -40.5870 -19.0980 -41.2584 -33.7499 32.5858 -46.2727 -26.4949 4.1605
-25.0269 -46.0406 31.9190 -33.5543 -42.4158 -18.5302 -40.3408 15.1553 -28.9852 -48.7393 28.0158 -36.0462 -10.4922 -24.5148 -44.0030 25.5467 -31.8466 -47.8591 -11.2597 -38.1820 8.6893 -27.2494 -47.1629 34.4890 -34.3634 -37.3242 -20.2206 -40.9786 16.4457 -29.2128 -48.7851 28.7154 -35.8966 -15.8687 -23.6379 -43.0520 22.0313 -30.7293 -48.7994 4.7708 -36.5484 -0.5451 -25.5310 -44.7827 27.2414 -32.1012 -47.7506 -10.6186 -37.8655 6.9590 -26.7527 -46.4021 32.3090 -34.3056 -16.6697 -33.4995 27.2291 -44.7828 -25.5310 -0.5451 -36.5484 4.7708 -48.7994 -30.7293 22.0313 -43.0520 -23.6379 -15.8687 -35.8966 28.7154 -48.7851 -29.2128 16.4457 -40.9786 -20.2206 -37.3242 -34.3634 34.4890 -47.1629 -27.2494 8.6893 -38.1820 -11.2597 -47.8591 -31.8466 25.5467 -44.0030 -24.5148 -10.4922 -36.0462 28.0158 -48.7393 -28.9852 15.1553 -40.3408 -18.5302 -42.4158 -33.5543 31.9190 -46.0406 -25.0269
-45.7991 31.2116 -33.3577 -43.4267 -17.9330 -40.0948 14.4805 -28.7974 -48.6323 29.9374 -35.9236 -12.9948 -24.2369 -43.7614 24.8186 -31.6614 -48.0933 -10.2126 -38.0057 8.1711 -27.1486 -47.0649 34.3552 -34.3207 -37.5260 -20.2206 -41.0062 16.5956 -29.2765 -48.8242 27.5530 -35.9780 -13.9623 -23.8755 -43.2493 22.6390 -30.9056 -48.7317 1.6105 -36.5917 0.8032 -25.7283 -45.0192 27.9903 -32.2961 -47.4172 -11.8215 -38.0941 7.7707 -26.9224 -46.6185 32.9243 -33.6940 -42.2354 -25.0534 -46.7565 -32.3732 27.9903 -45.0192 -25.7283 0.8032 -36.5917 1.6105 -48.7317 -30.9056 22.6390 -43.2493 -23.8755 -13.9623 -35.9780 27.5530 -48.8242 -29.2765 16.5956 -41.0062 -20.2206 -37.5260 -34.3207 34.3552 -47.0649 -27.1486 8.1711 -38.0057 -10.2126 -48.0933 -31.6614 24.8186 -43.7614 -24.2369 -12.9948 -35.9236 29.9374 -48.6323 -28.7974 14.4805 -40.0948 -17.9330 -43.4267 -33.3577 31.2116 -45.7991
30.1981 -33.0392 -44.3253 -17.2886 -39.8469 13.7957 -28.6082 -48.5080 31.5164 -35.7923 -15.6382 -23.9445 -43.5191 24.0866 -31.4668 -48.3030 -8.8788 -37.8009 7.5076 -27.0197 -46.9265 34.1179 -34.2367 -38.0789 -20.1076 -40.9786 16.5956 -29.2977 -48.8424 26.7778 -36.0338 -12.5170 -24.0675 -43.4223 23.1788 -31.0603 -48.6832 -0.9924 -36.7193 2.0117 -25.9085 -45.2538 28.7369 -32.4908 -47.0217 -12.8951 -38.3238 8.5485 -27.0934 -46.8305 33.4866 -33.8511 -41.8218 -18.7325 -42.5494 -14.4579 -47.0255 -32.4908 28.7369 -45.2538 -25.9085 2.0117 -36.7193 -0.9924 -48.6832 -31.0603 23.1788 -43.4223 -24.0675 -12.5170 -36.0338 26.7778 -48.8424 -29.2977 16.5956 -40.9786 -20.1076 -38.0789 -34.2367 34.1179 -46.9265 -27.0197 7.5076 -37.8009 -8.8788 -48.3030 -31.4668 24.0866 -43.5191 -23.9445 -15.6382 -35.7923 31.5164 -48.5080 -28.6082 13.7957 -39.8469 -17.2886 -44.3253 -33.0392 30.1981
-32.3285 -45.1131 -16.5964 -39.6005 13.1080 -28.4204 -48.3700 32.7708 -35.6486 -18.3956 -23.6377 -43.2764 23.3620 -31.2726 -48.4703 -7.2671 -37.5800 6.7332 -26.8716 -46.7557 33.7731 -34.1177 -38.9063 -19.8875 -40.8961 16.4457 -29.2765 -48.8424 26.5092 -36.0609 -11.6505 -24.2004 -43.5575 23.6406 -31.1914 -48.6209 -3.0066 -36.9095 3.0425 -26.0686 -45.4831 29.4774 -32.6851 -46.5579 -13.8622 -38.5547 9.2983 -27.2656 -47.0374 33.9833 -34.0371 -40.6350 -18.8230 -40.3582 23.8924 -38.9157 -13.8559 -46.5579 -32.6851 29.4774 -45.4831 -26.0686 3.0425 -36.9095 -3.0066 -48.6209 -31.1914 23.6406 -43.5575 -24.2004 -11.6505 -36.0609 26.5092 -48.8424 -29.2765 16.4457 -40.8961 -19.8875 -38.9063 -34.1177 33.7731 -46.7557 -26.8716 6.7332 -37.5800 -7.2671 -48.4703 -31.2726 23.3620 -43.2764 -23.6377 -18.3956 -35.6486 32.7708 -48.3700 -28.4204 13.1080 -39.6005 -16.5964 -45.1131 -32.3285
-46.3124 -15.8578 -39.3551 12.4134 -28.2325 -48.2172 33.7172 -35.4970 -21.2071 -23.3121 -43.0333 22.6453 -31.0787 -48.5961 -5.4056 -37.3542 5.8797 -26.7092 -46.5602 33.3242 -33.9711 -39.9161 -19.5692 -40.7620 16.1461 -29.2128 -48.8242 26.7778 -36.0609 -11.3659 -24.2658 -43.6406 23.9724 -31.2950 -48.5540 -4.5193 -37.0721 3.8701 -26.2069 -45.6912 30.1679 -32.8755 -46.0190 -14.7405 -38.7867 10.0250 -27.4390 -47.2388 34.3994 -34.2209 -39.3123 -19.3509 -40.4594 15.2157 -33.2001 11.1507 -38.7869 -14.7405 -46.0190 -32.8755 30.1679 -45.6912 -26.2069 3.8701 -37.0721 -4.5193 -48.5540 -31.2950 23.9724 -43.6406 -24.2658 -11.3659 -36.0609 26.7778 -48.8242 -29.2128 16.1461 -40.7620 -19.5692 -39.9161 -33.9711 33.3242 -46.5602 -26.7092 5.8797 -37.3542 -5.4056 -48.5961 -31.0787 22.6453 -43.0333 -23.3121 -21.2071 -35.4970 33.7172 -48.2172 -28.2325 12.4134 -39.3551 -15.8578 -46.3124
-15.8138 -39.1103 11.7090 -28.0472 -48.0525 34.3732 -35.3395 -23.9670 -22.9658 -42.7865 21.9369 -30.8854 -48.6842 -3.2416 -37.1298 4.9640 -26.5411 -46.3458 32.7707 -33.8003 -41.0038 -19.1652 -40.5904 15.7253 -29.1097 -48.7851 27.5530 -36.0338 -11.6505 -24.2658 -43.6683 24.1389 -31.3616 -48.4966 -5.6055 -37.2065 4.5258 -26.3253 -45.8677 30.7632 -33.0489 -45.4353 -15.5220 -39.0165 10.7327 -27.6137 -47.4341 34.7180 -34.4021 -37.8373 -19.8525 -40.6999 15.4601 -29.6216 -48.3733 -28.8021 10.7267 -39.0165 -15.5220 -45.4353 -33.0489 30.7632 -45.8677 -26.3253 4.5258 -37.2065 -5.6055 -48.4966 -31.3616 24.1389 -43.6683 -24.2658 -11.6505 -36.0338 27.5530 -48.7851 -29.1097 15.7253 -40.5904 -19.1652 -41.0038 -33.8003 32.7707 -46.3458 -26.5411 4.9640 -37.1298 -3.2416 -48.6842 -30.8854 21.9369 -42.7865 -22.9658 -23.9670 -35.3395 34.3732 -48.0525 -28.0472 11.7090 -39.1103 -15.8138
-39.4140 11.0004 -27.8634 -47.8796 34.7741 -35.1722 -26.6405 -22.5985 -42.5333 21.2185 -30.6931 -48.7394 -0.7242 -36.9066 3.9865 -26.3742 -46.1244 32.1441 -33.6145 -42.0987 -18.6725 -40.3883 15.2205 -28.9780 -48.7242 28.7154 -35.9780 -12.5170 -24.2004 -43.6406 24.1389 -31.3838 -48.4640 -6.2651 -37.3060 5.0316 -26.4250 -46.0162 31.2629 -33.1974 -44.8562 -16.1822 -39.2334 11.3956 -27.7870 -47.6224 34.9197 -34.5803 -36.2000 -20.3288 -40.9405 16.1172 -29.0895 -48.4176 -8.0617 -47.4367 -27.8344 11.3956 -39.2334 -16.1822 -44.8562 -33.1974 31.2629 -46.0162 -26.4250 5.0316 -37.3060 -6.2651 -48.4640 -31.3838 24.1389 -43.6406 -24.2004 -12.5170 -35.9780 28.7154 -48.7242 -28.9780 15.2205 -40.3883 -18.6725 -42.0987 -33.6145 32.1441 -46.1244 -26.3742 3.9865 -36.9066 -0.7242 -48.7394 -30.6931 21.2185 -42.5333 -22.5985 -26.6405 -35.1722 34.7741 -47.8796 -27.8634 11.0004 -39.4140
10.1998 -27.6747 -47.6950 34.9623 -35.0020 -29.1590 -22.2140 -42.2800 20.4985 -30.4984 -48.8125 2.1783 -36.6877 2.9346 -26.2085 -45.8996 31.4785 -33.4245 -43.1176 -18.1109 -40.1598 14.6313 -28.8255 -48.6423 30.0344 -35.8966 -13.9623 -24.0675 -43.5575 23.9724 -31.3616 -48.4640 -6.4776 -37.3574 5.3505 -26.4989 -46.1346 31.6721 -33.3235 -44.3036 -16.7219 -39.4277 11.9877 -27.9488 -47.7956 34.9833 -34.7552 -34.3917 -20.7822 -41.1816 16.7731 -29.2541 -48.7674 28.2711 -37.9625 35.0653 -47.7727 -27.9488 11.9877 -39.4277 -16.7219 -44.3036 -33.3235 31.6721 -46.1346 -26.4989 5.3505 -37.3574 -6.4776 -48.4640 -31.3616 23.9724 -43.5575 -24.0675 -13.9623 -35.8966 30.0344 -48.6423 -28.8255 14.6313 -40.1598 -18.1109 -43.1176 -33.4245 31.4785 -45.8996 -26.2085 2.9346 -36.6877 2.1783 -48.8125 -30.4984 20.4985 -42.2800 -22.2140 -29.1590 -35.0020 34.9623 -47.6950 -27.6747 10.1998
-26.3515 -47.5015 34.9620 -34.8275 -31.4753 -21.8144 -42.0268 19.7861 -30.2997 -48.9012 5.5020 -36.5700 1.7934 -26.0440 -45.6717 30.7834 -33.2331 -44.0193 -17.5049 -39.9218 13.9847 -28.6540 -48.5363 31.3345 -35.7943 -15.8687 -23.8755 -43.4223 23.6406 -31.2950 -48.4966 -6.2651 -37.3574 5.4553 -26.5371 -46.2108 31.9669 -33.4245 -43.7985 -17.1585 -39.5962 12.5056 -28.0914 -47.9442 34.9021 -34.9191 -32.4363 -21.2146 -41.4234 17.4318 -29.4404 -48.8618 27.0452 -36.2984 7.2671 -35.7442 34.9219 -47.9447 -28.0914 12.5056 -39.5962 -17.1585 -43.7985 -33.4245 31.9669 -46.2108 -26.5371 5.4553 -37.3574 -6.2651 -48.4966 -31.2950 23.6406 -43.4223 -23.8755 -15.8687 -35.7943 31.3345 -48.5363 -28.6540 13.9847 -39.9218 -17.5049 -44.0193 -33.2331 30.7834 -45.6717 -26.0440 1.7934 -36.5700 5.5020 -48.9012 -30.2997 19.7861 -42.0268 -21.8144 -31.4753 -34.8275 34.9620 -47.5015 -26.3515
-47.2092 34.7932 -34.6455 -33.6240 -21.3927 -41.7737 19.0806 -30.1025 -48.9558 9.1665 -36.5407 0.5447 -25.8744 -45.4412 30.0664 -33.0407 -44.8136 -16.8574 -39.6848 13.3254 -28.4734 -48.4078 32.5204 -35.6706 -18.1251 -23.6379 -43.2493 23.1788 -31.1914 -48.5540 -5.6055 -37.3060 5.3505 -26.5371 -46.2362 32.1163 -33.4899 -43.4005 -17.4956 -39.7380 12.9442 -28.2159 -48.0679 34.7044 -35.0626 -30.4676 -21.6103 -41.6622 18.0946 -29.6276 -48.9235 24.5352 -36.1132 -10.3833 -29.3979 -26.7476 -35.1338 34.7039 -48.0679 -28.2159 12.9442 -39.7380 -17.4956 -43.4005 -33.4899 32.1163 -46.2362 -26.5371 5.3505 -37.3060 -5.6055 -48.5540 -31.1914 23.1788 -43.2493 -23.6379 -18.1251 -35.6706 32.5204 -48.4078 -28.4734 13.3254 -39.6848 -16.8574 -44.8136 -33.0407 30.0664 -45.4412 -25.8744 0.5447 -36.5407 9.1665 -48.9558 -30.1025 19.0806 -41.7737 -21.3927 -33.6240 -34.6455 34.7932 -47.2092
32.1973 -34.2975 -35.5740 -20.9517 -41.5238 18.3899 -29.9064 -48.9799 12.9670 -36.4900 -0.8701 -25.6886 -45.2083 29.3342 -32.8474 -45.5099 -16.1620 -39.4487 12.6608 -28.2929 -48.2646 33.4888 -35.5288 -20.6662 -23.3591 -43.0520 22.6390 -31.0603 -48.6209 -4.5193 -37.2065 5.0316 -26.4989 -46.2108 32.1163 -33.5117 -43.1863 -17.7080 -39.8429 13.2945 -28.3226 -48.1706 34.4283 -35.1843 -28.6256 -21.9505 -41.8841 18.7336 -29.8131 -48.9641 21.6610 -36.2000 -9.4833 -24.8428 -46.3198 -22.9238 -28.6782 -35.1830 34.4283 -48.1706 -28.3226 13.2945 -39.8429 -17.7080 -43.1863 -33.5117 32.1163 -46.2108 -26.4989 5.0316 -37.2065 -4.5193 -48.6209 -31.0603 22.6390 -43.0520 -23.3591 -20.6662 -35.5288 33.4888 -48.2646 -28.2929 12.6608 -39.4487 -16.1620 -45.5099 -32.8474 29.3342 -45.2083 -25.6886 -0.8701 -36.4900 12.9670 -48.9799 -29.9064 18.3899 -41.5238 -20.9517 -35.5740 -34.2975 32.1973
-33.8146 -37.3234 -20.4919 -41.2718 17.6976 -29.7093 -48.9743 16.7408 -36.4250 -2.4681 -25.4818 -44.9697 28.5918 -32.6534 -46.1169 -15.4112 -39.2136 11.9887 -28.1137 -48.1101 34.1961 -35.3772 -23.3235 -23.0393 -42.8295 22.0313 -30.9056 -48.6832 -3.0066 -37.0721 4.5258 -26.4250 -46.1346 31.9669 -33.4899 -43.1863 -17.7778 -39.8971 13.5211 -28.4021 -48.2518 34.1076 -35.2834 -26.9630 -22.2351 -42.0785 19.3103 -29.9860 -48.9814 18.4756 -36.2970 -7.2411 -24.6390 -43.9274 34.5186 -42.3480 -22.2457 -26.9625 -35.2834 34.1076 -48.2518 -28.4021 13.5211 -39.8971 -17.7778 -43.1863 -33.4899 31.9669 -46.1346 -26.4250 4.5258 -37.0721 -3.0066 -48.6832 -30.9056 22.0313 -42.8295 -23.0393 -23.3235 -35.3772 34.1961 -48.1101 -28.1137 11.9887 -39.2136 -15.4112 -46.1169 -32.6534 28.5918 -44.9697 -25.4818 -2.4681 -36.4250 16.7408 -48.9743 -29.7093 17.6976 -41.2718 -20.4919 -37.3234 -33.8146
-40.0917 -20.0032 -41.0203 17.0096 -29.5140 -48.9416 20.2584 -36.3459 -4.2382 -25.2557 -44.7229 27.8240 -32.4568 -46.6426 -14.5954 -38.9796 11.3066 -27.9356 -47.9455 34.6608 -35.2197 -25.9234 -22.6904 -42.5896 21.3598 -30.7293 -48.7317 -0.9924 -36.9095 3.8701 -26.3253 -46.0162 31.6721 -33.4245 -43.4005 -17.7080 -39.8971 13.5965 -28.4434 -48.3029 33.8104 -35.3630 -25.5231 -22.4685 -42.2453 19.8141 -30.1367 -48.9784 15.2699 -36.3787 -5.2466 -24.8869 -44.1050 25.6128 -35.3666 20.9292 -42.2390 -22.4682 -25.5231 -35.3630 33.8104 -48.3029 -28.4434 13.5965 -39.8971 -17.7080 -43.4005 -33.4245 31.6721 -46.0162 -26.3253 3.8701 -36.9095 -0.9924 -48.7317 -30.7293 21.3598 -42.5896 -22.6904 -25.9234 -35.2197 34.6608 -47.9455 -27.9356 11.3066 -38.9796 -14.5954 -46.6426 -32.4568 27.8240 -44.7229 -25.2557 -4.2382 -36.3459 20.2584 -48.9416 -29.5140 17.0096 -41.0203 -20.0032 -40.0917
-19.0997 -40.7715 16.3315 -29.3195 -48.8861 23.4170 -36.2483 -6.2384 -25.0122 -44.4745 27.0433 -32.2578 -47.1002 -13.7029 -38.7466 10.6118 -27.7587 -47.7717 34.9133 -35.0569 -28.3873 -22.3258 -42.3462 20.6662 -30.5398 -48.7994 1.6105 -36.7193 3.0425 -26.2069 -45.8677 31.2629 -33.3235 -43.7985 -17.4956 -39.8429 13.5211 -28.4434 -48.3196 33.6368 -35.4165 -24.4142 -22.6496 -42.3810 20.2339 -30.2638 -48.9603 12.3863 -36.4435 -3.5748 -25.1184 -44.3438 25.8750 -32.5965 -37.6303 -31.6790 20.2198 -42.3810 -22.6496 -24.4142 -35.4165 33.6368 -48.3196 -28.4434 13.5211 -39.8429 -17.4956 -43.7985 -33.3235 31.2629 -45.8677 -26.2069 3.0425 -36.7193 1.6105 -48.7994 -30.5398 20.6662 -42.3462 -22.3258 -28.3873 -35.0569 34.9133 -47.7717 -27.7587 10.6118 -38.7466 -13.7029 -47.1002 -32.2578 27.0433 -44.4745 -25.0122 -6.2384 -36.2483 23.4170 -48.8861 -29.3195 16.3315 -40.7715 -19.0997
-40.9135 15.6492 -29.1269 -48.8090 26.1652 -36.1418 -8.4587 -24.7533 -44.2275 26.2730 -32.0563 -47.4946 -12.7016 -38.5120 9.9011 -27.5830 -47.5895 34.9819 -34.8894 -30.6897 -21.9448 -42.1030 19.9802 -30.3483 -48.8857 4.7708 -36.5917 2.0117 -26.0686 -45.6912 30.7632 -33.1974 -44.3036 -17.1585 -39.7380 13.2945 -28.4021 -48.3029 33.6368 -35.4341 -23.8143 -22.7667 -42.4820 20.5679 -30.3678 -48.9326 9.9501 -36.4907 -2.2647 -25.3107 -44.5586 26.5783 -31.9677 -47.8192 -21.0287 -48.7699 -30.4367 20.5679 -42.4820 -22.7667 -23.8143 -35.4341 33.6368 -48.3029 -28.4021 13.2945 -39.7380 -17.1585 -44.3036 -33.1974 30.7632 -45.6912 -26.0686 2.0117 -36.5917 4.7708 -48.8857 -30.3483 19.9802 -42.1030 -21.9448 -30.6897 -34.8894 34.9819 -47.5895 -27.5830 9.9011 -38.5120 -12.7016 -47.4946 -32.0563 26.2730 -44.2275 -24.7533 -8.4587 -36.1418 26.1652 -48.8090 -29.1269 15.6492 -40.9135
15.1028 -28.9114 -48.7138 28.4606 -36.0248 -10.8776 -24.4790 -43.9767 25.4984 -31.8522 -47.8277 -11.5557 -38.2749 9.1605 -27.4086 -47.3999 34.8925 -34.7177 -32.8176 -21.5465 -41.8601 19.3013 -30.1576 -48.9470 8.2820 -36.5484 0.8032 -25.9085 -45.4831 30.1679 -33.0489 -44.8562 -16.7219 -39.5962 12.9442 -28.3226 -48.2518 33.8104 -35.4165 -23.8143 -22.8070 -42.5376 20.7946 -30.4470 -48.9018 7.9751 -36.5240 -1.2549 -25.4769 -44.7401 27.2148 -32.3325 -47.6941 -11.5300 -40.0931 2.8123 -48.7650 -30.5249 20.7944 -42.5376 -22.8070 -23.8143 -35.4165 33.8104 -48.2518 -28.3226 12.9442 -39.5962 -16.7219 -44.8562 -33.0489 30.1679 -45.4831 -25.9085 0.8032 -36.5484 8.2820 -48.9470 -30.1576 19.3013 -41.8601 -21.5465 -32.8176 -34.7177 34.8925 -47.3999 -27.4086 9.1605 -38.2749 -11.5557 -47.8277 -31.8522 25.4984 -43.9767 -24.4790 -10.8776 -36.0248 28.4606 -48.7138 -28.9114 15.1028
-27.7231 -48.6003 30.3699 -35.8931 -13.5182 -24.1872 -43.7249 24.7292 -31.6494 -48.1003 -10.2654 -38.0379 8.3824 -27.2317 -47.2010 34.6687 -34.5423 -34.7671 -21.1298 -41.6174 18.6290 -29.9677 -48.9776 11.9571 -36.5056 -0.5451 -25.7283 -45.2538 29.4774 -32.8755 -45.4353 -16.1822 -39.4277 12.5056 -28.2159 -48.1706 34.1076 -35.3630 -24.4142 -22.7667 -42.5376 20.8737 -30.4917 -48.8238 6.4853 -36.5737 -0.1770 -25.8211 -44.5245 28.1376 -33.6684 -45.3880 -15.2528 -39.2718 18.6296 -36.7436 -1.9780 -48.7344 -31.0294 20.8729 -42.5376 -22.7667 -24.4142 -35.3630 34.1076 -48.1706 -28.2159 12.5056 -39.4277 -16.1822 -45.4353 -32.8755 29.4774 -45.2538 -25.7283 -0.5451 -36.5056 11.9571 -48.9776 -29.9677 18.6290 -41.6174 -21.1298 -34.7671 -34.5423 34.6687 -47.2010 -27.2317 8.3824 -38.0379 -10.2654 -48.1003 -31.6494 24.7292 -43.7249 -24.1872 -13.5182 -35.8931 30.3699 -48.6003 -27.7231
-48.3208 31.8741 -35.7545 -16.2936 -23.8806 -43.4747 23.9743 -31.4466 -48.3189 -8.7933 -37.7999 7.5633 -27.0535 -46.9929 34.3275 -34.3636 -36.5406 -20.6934 -41.3753 17.9623 -29.7787 -48.9805 15.6141 -36.4466 -2.0386 -25.5310 -45.0192 28.7369 -32.6851 -46.0190 -15.5220 -39.2334 11.9877 -28.0914 -48.0679 34.4283 -35.2834 -25.5231 -22.6496 -42.4820 20.7946 -30.4917 -48.7610 -5.8855 -36.8343 21.3799 -25.8533 -45.4063 13.7726 -31.4690 -31.8381 -21.9668 -41.8848 22.0703 -34.3604 31.4887 -43.3980 -21.3727 -46.8073 -31.2879 20.7937 -42.4820 -22.6496 -25.5231 -35.2834 34.4283 -48.0679 -28.0914 11.9877 -39.2334 -15.5220 -46.0190 -32.6851 28.7369 -45.0192 -25.5310 -2.0386 -36.4466 15.6141 -48.9805 -29.7787 17.9623 -41.3753 -20.6934 -36.5406 -34.3636 34.3275 -46.9929 -27.0535 7.5633 -37.7999 -8.7933 -48.3189 -31.4466 23.9743 -43.4747 -23.8806 -16.2936 -35.7545 31.8741 -48.3208
25.5828 -35.3785 -19.1389 -23.5573 -43.2214 23.2199 -31.2453 -48.4885 -7.0950 -37.5639 6.7078 -26.8770 -46.7788 33.8829 -34.1827 -38.1447 -20.2356 -41.1336 17.3004 -29.5907 -48.9583 19.0857 -36.3728 -3.7007 -25.3174 -44.7827 27.9903 -32.4908 -46.5579 -14.7405 -39.0165 11.3956 -27.9488 -47.9442 34.7044 -35.1843 -26.9630 -22.4685 -42.3810 20.5679 -30.4470 -48.8238 -5.8643 -36.3845 2.3474 -45.7148 -46.4646 23.6954 -40.7492 -52.1858 -38.4216 -52.9301 -32.8376 -31.2069 -49.3032 -52.0405 -26.4148 -38.5311 -52.6342 -47.5478 -30.8019 20.5676 -42.3810 -22.4682 -26.9625 -35.1830 34.7039 -47.9447 -27.9488 11.3956 -39.0165 -14.7405 -46.5579 -32.4908 27.9903 -44.7828 -25.3169 -3.7004 -36.3729 19.0856 -48.9583 -29.5907 17.3004 -41.1336 -20.2356 -38.1449 -34.1813 33.8829 -46.7790 -26.8769 6.7077 -37.5638 -7.0955 -48.4885 -31.2441 23.2201 -43.2215 -23.5570 -19.1383 -35.3785 25.5828
-35.2067 -21.9838 -23.2186 -42.9685 22.4763 -31.0450 -48.6124 -5.1440 -37.3312 5.8139 -26.7006 -46.5568 33.3483 -33.9947 -39.6081 -19.7544 -40.8925 16.6423 -29.4037 -48.9133 22.2537 -36.2857 -5.5530 -25.0880 -44.5447 27.2414 -32.2961 -47.0217 -13.8622 -38.7867 10.7327 -27.7870 -47.7956 34.9021 -35.0626 -28.6256 -22.2351 -42.2453 20.2339 -30.3678 -48.9018 6.4884 -36.9106 -57.6717 -58.5495 -28.5554 9.8077 -24.3791 -26.4782 -24.6254 -0.5437 -10.6538 -26.6813 -19.0877 -41.2108 -32.9610 -65.8099 15.8391 -25.6548 -11.8108 -48.7561 -30.4389 20.2198 -42.2390 -22.2457 -28.6782 -35.1338 34.9219 -47.7727 -27.8344 10.7267 -38.7869 -13.8559 -47.0255 -32.3732 27.2291 -44.5349 -25.1129 -5.5741 -36.3287 22.3246 -48.8672 -29.4628 16.6371 -40.8906 -19.7560 -39.6239 -34.0723 33.3511 -46.5424 -26.7382 5.7954 -37.3293 -5.0824 -48.6148 -31.1121 22.4611 -42.9609 -23.2382 -22.0132 -35.3026
