0.3867 0.1342 0.1491 0.4887 0.1121 0.2455 0.2656 0.1180 0.4479 0.1267 0.1616 0.4664 0.1109 0.2759 0.2029 0.1230 0.4854 0.1215 0.1766 0.4344 0.1108 0.3111 0.1639 0.1294 0.5031 0.1175 0.1946 0.3922 0.1118 0.3511 0.1459 0.1375 0.5029 0.1145 0.2160 0.3387 0.1139 0.3956 0.1352 0.1474 0.4913 0.1123 0.2413 0.2756 0.1173 0.4413 0.1277 0.1595 0.4704 0.1110 0.2710 0.2114 0.1221 0.4851 0.1074 0.4544 0.1173 0.2756 0.2413 0.1123 0.4913 0.1474 0.1352 0.3956 0.1139 0.3387 0.2160 0.1145 0.5029 0.1375 0.1459 0.3511 0.1118 0.3922 0.1946 0.1175 0.5031 0.1294 0.1639 0.3111 0.1108 0.4344 0.1766 0.1215 0.4854 0.1230 0.2029 0.2759 0.1109 0.4664 0.1616 0.1267 0.4479 0.1180 0.2656 0.2455 0.1121 0.4887 0.1491 0.1342 0.3867
0.1342 0.1552 0.5054 0.1121 0.2591 0.2855 0.1226 0.4714 0.1226 0.1694 0.4833 0.1119 0.2920 0.2162 0.1283 0.5061 0.1181 0.1855 0.4526 0.1127 0.3295 0.1647 0.1352 0.5201 0.1153 0.2048 0.4116 0.1146 0.3721 0.1421 0.1437 0.5188 0.1133 0.2277 0.3593 0.1176 0.4185 0.1306 0.1543 0.5073 0.1122 0.2549 0.2957 0.1219 0.4649 0.1234 0.1672 0.4871 0.1119 0.2867 0.2263 0.1274 0.5021 0.1160 0.2275 0.1185 0.4649 0.1219 0.2957 0.2549 0.1122 0.5073 0.1543 0.1306 0.4185 0.1176 0.3593 0.2277 0.1133 0.5188 0.1437 0.1421 0.3721 0.1146 0.4116 0.2048 0.1153 0.5201 0.1352 0.1647 0.3295 0.1127 0.4526 0.1855 0.1181 0.5061 0.1283 0.2162 0.2920 0.1119 0.4833 0.1694 0.1226 0.4714 0.1226 0.2855 0.2591 0.1121 0.5054 0.1552 0.1342
0.1491 0.5054 0.1118 0.2620 0.2773 0.1230 0.4771 0.1216 0.1715 0.4794 0.1116 0.2972 0.2066 0.1291 0.5095 0.1174 0.1881 0.4471 0.1125 0.3356 0.1599 0.1364 0.5207 0.1147 0.2079 0.4045 0.1146 0.3788 0.1398 0.1452 0.5176 0.1128 0.2315 0.3505 0.1178 0.4256 0.1291 0.1560 0.5049 0.1117 0.2593 0.2854 0.1223 0.4713 0.1224 0.1693 0.4834 0.1115 0.2919 0.2163 0.1282 0.5061 0.1178 0.1877 0.3542 0.1738 0.1221 0.4713 0.1223 0.2854 0.2593 0.1117 0.5049 0.1560 0.1291 0.4256 0.1178 0.3505 0.2315 0.1128 0.5176 0.1452 0.1398 0.3788 0.1146 0.4045 0.2079 0.1147 0.5207 0.1364 0.1599 0.3356 0.1125 0.4471 0.1881 0.1174 0.5095 0.1291 0.2066 0.2972 0.1116 0.4794 0.1715 0.1216 0.4771 0.1230 0.2773 0.2620 0.1118 0.5054 0.1491
0.4887 0.1121 0.2620 0.2740 0.1235 0.4815 0.1210 0.1736 0.4755 0.1117 0.3025 0.1977 0.1301 0.5124 0.1169 0.1908 0.4415 0.1128 0.3417 0.1558 0.1376 0.5210 0.1143 0.2112 0.3973 0.1150 0.3856 0.1378 0.1466 0.5163 0.1126 0.2353 0.3414 0.1184 0.4326 0.1279 0.1579 0.5023 0.1116 0.2639 0.2750 0.1231 0.4775 0.1216 0.1715 0.4794 0.1116 0.2971 0.2067 0.1291 0.5095 0.1174 0.1881 0.4437 0.1177 0.4727 0.1716 0.1216 0.4775 0.1231 0.2750 0.2639 0.1116 0.5023 0.1579 0.1279 0.4326 0.1184 0.3414 0.2353 0.1126 0.5163 0.1466 0.1378 0.3856 0.1150 0.3973 0.2112 0.1143 0.5210 0.1376 0.1558 0.3417 0.1128 0.4415 0.1908 0.1169 0.5124 0.1301 0.1977 0.3025 0.1117 0.4755 0.1736 0.1210 0.4815 0.1235 0.2740 0.2620 0.1121 0.4887
0.1121 0.2591 0.2773 0.1235 0.4832 0.1207 0.1751 0.4721 0.1118 0.3075 0.1898 0.1311 0.5148 0.1165 0.1936 0.4357 0.1130 0.3479 0.1522 0.1388 0.5210 0.1140 0.2145 0.3897 0.1154 0.3925 0.1360 0.1482 0.5148 0.1124 0.2393 0.3322 0.1190 0.4396 0.1268 0.1597 0.4994 0.1116 0.2685 0.2646 0.1239 0.4835 0.1208 0.1738 0.4752 0.1117 0.3025 0.1978 0.1301 0.5124 0.1169 0.1908 0.4417 0.1118 0.4351 0.1099 0.4753 0.1738 0.1208 0.4835 0.1239 0.2646 0.2685 0.1116 0.4994 0.1597 0.1268 0.4396 0.1190 0.3322 0.2393 0.1124 0.5148 0.1482 0.1360 0.3925 0.1154 0.3897 0.2145 0.1140 0.5210 0.1388 0.1522 0.3479 0.1130 0.4357 0.1936 0.1165 0.5148 0.1311 0.1898 0.3075 0.1118 0.4721 0.1751 0.1207 0.4832 0.1235 0.2773 0.2591 0.1121
0.2455 0.2855 0.1230 0.4815 0.1207 0.1757 0.4700 0.1118 0.3116 0.1833 0.1321 0.5166 0.1161 0.1964 0.4297 0.1133 0.3541 0.1490 0.1400 0.5207 0.1137 0.2179 0.3819 0.1159 0.3994 0.1343 0.1497 0.5130 0.1122 0.2433 0.3226 0.1197 0.4465 0.1257 0.1617 0.4964 0.1115 0.2732 0.2542 0.1248 0.4890 0.1202 0.1761 0.4709 0.1118 0.3080 0.1893 0.1312 0.5148 0.1165 0.1936 0.4357 0.1130 0.3516 0.1189 0.3166 0.1116 0.4709 0.1761 0.1202 0.4890 0.1248 0.2542 0.2732 0.1115 0.4964 0.1617 0.1257 0.4465 0.1197 0.3226 0.2433 0.1122 0.5130 0.1497 0.1343 0.3994 0.1159 0.3819 0.2179 0.1137 0.5207 0.1400 0.1490 0.3541 0.1133 0.4297 0.1964 0.1161 0.5166 0.1321 0.1833 0.3116 0.1118 0.4700 0.1757 0.1207 0.4815 0.1230 0.2855 0.2455
0.2656 0.1226 0.4771 0.1210 0.1751 0.4700 0.1119 0.3140 0.1791 0.1328 0.5179 0.1157 0.1991 0.4238 0.1136 0.3603 0.1463 0.1413 0.5202 0.1135 0.2214 0.3739 0.1164 0.4064 0.1328 0.1514 0.5111 0.1121 0.2475 0.3129 0.1204 0.4534 0.1247 0.1636 0.4931 0.1115 0.2781 0.2438 0.1256 0.4942 0.1195 0.1785 0.4663 0.1119 0.3136 0.1816 0.1322 0.5168 0.1161 0.1965 0.4296 0.1133 0.3541 0.1454 0.1641 0.1693 0.3136 0.1119 0.4663 0.1785 0.1195 0.4942 0.1256 0.2438 0.2781 0.1115 0.4931 0.1636 0.1247 0.4534 0.1204 0.3129 0.2475 0.1121 0.5111 0.1514 0.1328 0.4064 0.1164 0.3739 0.2214 0.1135 0.5202 0.1413 0.1463 0.3603 0.1136 0.4238 0.1991 0.1157 0.5179 0.1328 0.1791 0.3140 0.1119 0.4700 0.1751 0.1210 0.4771 0.1226 0.2656
0.1180 0.4714 0.1216 0.1736 0.4721 0.1118 0.3140 0.1775 0.1333 0.5187 0.1155 0.2014 0.4183 0.1139 0.3663 0.1439 0.1426 0.5195 0.1132 0.2249 0.3658 0.1169 0.4133 0.1314 0.1530 0.5090 0.1119 0.2517 0.3030 0.1211 0.4601 0.1238 0.1657 0.4898 0.1115 0.2830 0.2335 0.1265 0.4990 0.1189 0.1810 0.4615 0.1120 0.3194 0.1747 0.1333 0.5183 0.1157 0.1994 0.4233 0.1136 0.3606 0.1461 0.1425 0.4923 0.1355 0.1747 0.3194 0.1120 0.4615 0.1810 0.1189 0.4990 0.1265 0.2335 0.2830 0.1115 0.4898 0.1657 0.1238 0.4601 0.1211 0.3030 0.2517 0.1119 0.5090 0.1530 0.1314 0.4133 0.1169 0.3658 0.2249 0.1132 0.5195 0.1426 0.1439 0.3663 0.1139 0.4183 0.2014 0.1155 0.5187 0.1333 0.1775 0.3140 0.1118 0.4721 0.1736 0.1216 0.4714 0.1180
0.4479 0.1226 0.1715 0.4755 0.1118 0.3116 0.1791 0.1333 0.5189 0.1153 0.2030 0.4138 0.1142 0.3718 0.1418 0.1439 0.5186 0.1130 0.2284 0.3575 0.1174 0.4201 0.1301 0.1547 0.5067 0.1118 0.2560 0.2930 0.1218 0.4667 0.1229 0.1678 0.4861 0.1115 0.2881 0.2234 0.1275 0.5033 0.1183 0.1835 0.4565 0.1122 0.3251 0.1686 0.1344 0.5195 0.1153 0.2025 0.4167 0.1140 0.3671 0.1437 0.1427 0.5189 0.1079 0.5206 0.1344 0.1686 0.3251 0.1122 0.4565 0.1835 0.1183 0.5033 0.1275 0.2234 0.2881 0.1115 0.4861 0.1678 0.1229 0.4667 0.1218 0.2930 0.2560 0.1118 0.5067 0.1547 0.1301 0.4201 0.1174 0.3575 0.2284 0.1130 0.5186 0.1439 0.1418 0.3718 0.1142 0.4138 0.2030 0.1153 0.5189 0.1333 0.1791 0.3116 0.1118 0.4755 0.1715 0.1226 0.4479
0.1267 0.1694 0.4794 0.1117 0.3075 0.1833 0.1328 0.5187 0.1153 0.2036 0.4113 0.1144 0.3760 0.1402 0.1450 0.5176 0.1128 0.2320 0.3491 0.1179 0.4269 0.1288 0.1564 0.5043 0.1117 0.2603 0.2830 0.1225 0.4730 0.1221 0.1699 0.4823 0.1116 0.2933 0.2136 0.1284 0.5071 0.1178 0.1862 0.4512 0.1124 0.3311 0.1634 0.1355 0.5203 0.1149 0.2055 0.4098 0.1143 0.3738 0.1414 0.1441 0.5185 0.1108 0.2896 0.1112 0.5203 0.1355 0.1634 0.3311 0.1124 0.4512 0.1862 0.1178 0.5071 0.1284 0.2136 0.2933 0.1116 0.4823 0.1699 0.1221 0.4730 0.1225 0.2830 0.2603 0.1117 0.5043 0.1564 0.1288 0.4269 0.1179 0.3491 0.2320 0.1128 0.5176 0.1450 0.1402 0.3760 0.1144 0.4113 0.2036 0.1153 0.5187 0.1328 0.1833 0.3075 0.1117 0.4794 0.1694 0.1267
0.1616 0.4833 0.1116 0.3025 0.1898 0.1321 0.5179 0.1155 0.2030 0.4113 0.1144 0.3784 0.1393 0.1459 0.5167 0.1126 0.2353 0.3410 0.1185 0.4336 0.1277 0.1582 0.5017 0.1116 0.2647 0.2730 0.1233 0.4789 0.1214 0.1721 0.4784 0.1116 0.2986 0.2042 0.1294 0.5103 0.1173 0.1888 0.4457 0.1126 0.3371 0.1588 0.1367 0.5208 0.1146 0.2087 0.4028 0.1147 0.3806 0.1392 0.1455 0.5173 0.1127 0.2351 0.2081 0.2144 0.1144 0.5208 0.1367 0.1588 0.3371 0.1126 0.4457 0.1888 0.1173 0.5103 0.1294 0.2042 0.2986 0.1116 0.4784 0.1721 0.1214 0.4789 0.1233 0.2730 0.2647 0.1116 0.5017 0.1582 0.1277 0.4336 0.1185 0.3410 0.2353 0.1126 0.5167 0.1459 0.1393 0.3784 0.1144 0.4113 0.2030 0.1155 0.5179 0.1321 0.1898 0.3025 0.1116 0.4833 0.1616
0.4664 0.1119 0.2972 0.1977 0.1311 0.5166 0.1157 0.2014 0.4138 0.1144 0.3784 0.1389 0.1464 0.5160 0.1125 0.2380 0.3338 0.1190 0.4397 0.1267 0.1600 0.4990 0.1116 0.2692 0.2630 0.1241 0.4845 0.1207 0.1743 0.4743 0.1117 0.3038 0.1955 0.1304 0.5131 0.1168 0.1916 0.4400 0.1128 0.3433 0.1548 0.1379 0.5210 0.1143 0.2120 0.3954 0.1151 0.3874 0.1373 0.1470 0.5159 0.1125 0.2363 0.3335 0.1307 0.3837 0.2120 0.1143 0.5210 0.1379 0.1548 0.3433 0.1128 0.4400 0.1916 0.1168 0.5131 0.1304 0.1955 0.3038 0.1117 0.4743 0.1743 0.1207 0.4845 0.1241 0.2630 0.2692 0.1116 0.4990 0.1600 0.1267 0.4397 0.1190 0.3338 0.2380 0.1125 0.5160 0.1464 0.1389 0.3784 0.1144 0.4138 0.2014 0.1157 0.5166 0.1311 0.1977 0.2972 0.1119 0.4664
0.1109 0.2920 0.2066 0.1301 0.5148 0.1161 0.1991 0.4183 0.1142 0.3760 0.1393 0.1464 0.5158 0.1125 0.2398 0.3284 0.1194 0.4449 0.1258 0.1616 0.4962 0.1115 0.2738 0.2529 0.1249 0.4898 0.1200 0.1766 0.4701 0.1118 0.3092 0.1876 0.1314 0.5153 0.1164 0.1943 0.4342 0.1131 0.3495 0.1513 0.1391 0.5209 0.1140 0.2154 0.3877 0.1155 0.3942 0.1356 0.1486 0.5143 0.1124 0.2403 0.3298 0.1193 0.5139 0.1155 0.3879 0.2154 0.1140 0.5209 0.1391 0.1513 0.3495 0.1131 0.4342 0.1943 0.1164 0.5153 0.1314 0.1876 0.3092 0.1118 0.4701 0.1766 0.1200 0.4898 0.1249 0.2529 0.2738 0.1115 0.4962 0.1616 0.1258 0.4449 0.1194 0.3284 0.2398 0.1125 0.5158 0.1464 0.1393 0.3760 0.1142 0.4183 0.1991 0.1161 0.5148 0.1301 0.2066 0.2920 0.1109
0.2759 0.2162 0.1291 0.5124 0.1165 0.1964 0.4238 0.1139 0.3718 0.1402 0.1459 0.5160 0.1125 0.2404 0.3254 0.1197 0.4488 0.1252 0.1631 0.4936 0.1115 0.2782 0.2432 0.1257 0.4948 0.1194 0.1789 0.4656 0.1119 0.3146 0.1803 0.1324 0.5171 0.1160 0.1971 0.4282 0.1134 0.3557 0.1483 0.1404 0.5206 0.1137 0.2189 0.3798 0.1160 0.4012 0.1339 0.1501 0.5126 0.1122 0.2444 0.3201 0.1198 0.4523 0.1089 0.4117 0.1159 0.3798 0.2189 0.1137 0.5206 0.1404 0.1483 0.3557 0.1134 0.4282 0.1971 0.1160 0.5171 0.1324 0.1803 0.3146 0.1119 0.4656 0.1789 0.1194 0.4948 0.1257 0.2432 0.2782 0.1115 0.4936 0.1631 0.1252 0.4488 0.1197 0.3254 0.2404 0.1125 0.5160 0.1459 0.1402 0.3718 0.1139 0.4238 0.1964 0.1165 0.5124 0.1291 0.2162 0.2759
0.2029 0.1283 0.5095 0.1169 0.1936 0.4297 0.1136 0.3663 0.1418 0.1450 0.5167 0.1125 0.2398 0.3254 0.1198 0.4510 0.1248 0.1642 0.4915 0.1115 0.2821 0.2344 0.1265 0.4991 0.1189 0.1812 0.4609 0.1121 0.3201 0.1738 0.1335 0.5185 0.1156 0.2000 0.4220 0.1137 0.3619 0.1456 0.1416 0.5200 0.1134 0.2223 0.3718 0.1165 0.4082 0.1324 0.1518 0.5106 0.1120 0.2486 0.3104 0.1205 0.4551 0.1218 0.1991 0.1270 0.4081 0.1165 0.3718 0.2223 0.1134 0.5200 0.1416 0.1456 0.3619 0.1137 0.4220 0.2000 0.1156 0.5185 0.1335 0.1738 0.3201 0.1121 0.4609 0.1812 0.1189 0.4991 0.1265 0.2344 0.2821 0.1115 0.4915 0.1642 0.1248 0.4510 0.1198 0.3254 0.2398 0.1125 0.5167 0.1450 0.1418 0.3663 0.1136 0.4297 0.1936 0.1169 0.5095 0.1283 0.2029
0.1230 0.5061 0.1174 0.1908 0.4357 0.1133 0.3603 0.1439 0.1439 0.5176 0.1126 0.2380 0.3284 0.1197 0.4510 0.1246 0.1648 0.4900 0.1115 0.2853 0.2272 0.1272 0.5027 0.1183 0.1836 0.4562 0.1122 0.3257 0.1681 0.1345 0.5196 0.1152 0.2029 0.4156 0.1140 0.3682 0.1432 0.1430 0.5193 0.1132 0.2258 0.3637 0.1170 0.4151 0.1310 0.1535 0.5084 0.1119 0.2528 0.3004 0.1212 0.4619 0.1235 0.1679 0.4197 0.1567 0.1308 0.4151 0.1170 0.3637 0.2258 0.1132 0.5193 0.1430 0.1432 0.3682 0.1140 0.4156 0.2029 0.1152 0.5196 0.1345 0.1681 0.3257 0.1122 0.4562 0.1836 0.1183 0.5027 0.1272 0.2272 0.2853 0.1115 0.4900 0.1648 0.1246 0.4510 0.1197 0.3284 0.2380 0.1126 0.5176 0.1439 0.1439 0.3603 0.1133 0.4357 0.1908 0.1174 0.5061 0.1230
0.4854 0.1181 0.1881 0.4415 0.1130 0.3541 0.1463 0.1426 0.5186 0.1128 0.2353 0.3338 0.1194 0.4488 0.1248 0.1648 0.4895 0.1115 0.2873 0.2220 0.1278 0.5055 0.1179 0.1857 0.4516 0.1124 0.3313 0.1630 0.1356 0.5204 0.1149 0.2059 0.4090 0.1144 0.3746 0.1411 0.1443 0.5183 0.1129 0.2294 0.3553 0.1175 0.4219 0.1297 0.1551 0.5061 0.1118 0.2571 0.2903 0.1220 0.4683 0.1227 0.1683 0.4829 0.1128 0.5023 0.1551 0.1297 0.4219 0.1175 0.3553 0.2294 0.1129 0.5183 0.1443 0.1411 0.3746 0.1144 0.4090 0.2059 0.1149 0.5204 0.1356 0.1630 0.3313 0.1124 0.4516 0.1857 0.1179 0.5055 0.1278 0.2220 0.2873 0.1115 0.4895 0.1648 0.1248 0.4488 0.1194 0.3338 0.2353 0.1128 0.5186 0.1426 0.1463 0.3541 0.1130 0.4415 0.1881 0.1181 0.4854
0.1215 0.1855 0.4471 0.1128 0.3479 0.1490 0.1413 0.5195 0.1130 0.2320 0.3410 0.1190 0.4449 0.1252 0.1642 0.4900 0.1115 0.2880 0.2192 0.1282 0.5073 0.1176 0.1875 0.4474 0.1126 0.3366 0.1589 0.1367 0.5208 0.1146 0.2090 0.4021 0.1147 0.3811 0.1391 0.1457 0.5172 0.1127 0.2330 0.3468 0.1181 0.4286 0.1285 0.1569 0.5037 0.1117 0.2614 0.2804 0.1227 0.4745 0.1219 0.1705 0.4813 0.1101 0.3774 0.1091 0.5037 0.1569 0.1285 0.4286 0.1181 0.3468 0.2330 0.1127 0.5172 0.1457 0.1391 0.3811 0.1147 0.4021 0.2090 0.1146 0.5208 0.1367 0.1589 0.3366 0.1126 0.4474 0.1875 0.1176 0.5073 0.1282 0.2192 0.2880 0.1115 0.4900 0.1642 0.1252 0.4449 0.1190 0.3410 0.2320 0.1130 0.5195 0.1413 0.1490 0.3479 0.1128 0.4471 0.1855 0.1215
0.1766 0.4526 0.1125 0.3417 0.1522 0.1400 0.5202 0.1132 0.2284 0.3491 0.1185 0.4397 0.1258 0.1631 0.4915 0.1115 0.2873 0.2192 0.1283 0.5083 0.1174 0.1889 0.4441 0.1127 0.3411 0.1557 0.1377 0.5210 0.1143 0.2121 0.3950 0.1151 0.3877 0.1372 0.1471 0.5158 0.1125 0.2368 0.3380 0.1187 0.4354 0.1274 0.1586 0.5010 0.1116 0.2658 0.2704 0.1235 0.4803 0.1212 0.1727 0.4773 0.1116 0.3032 0.1311 0.2733 0.1114 0.5010 0.1586 0.1274 0.4354 0.1187 0.3380 0.2368 0.1125 0.5158 0.1471 0.1372 0.3877 0.1151 0.3950 0.2121 0.1143 0.5210 0.1377 0.1557 0.3411 0.1127 0.4441 0.1889 0.1174 0.5083 0.1283 0.2192 0.2873 0.1115 0.4915 0.1631 0.1258 0.4397 0.1185 0.3491 0.2284 0.1132 0.5202 0.1400 0.1522 0.3417 0.1125 0.4526 0.1766
0.4344 0.1127 0.3356 0.1558 0.1388 0.5207 0.1135 0.2249 0.3575 0.1179 0.4336 0.1267 0.1616 0.4936 0.1115 0.2853 0.2220 0.1282 0.5083 0.1174 0.1896 0.4420 0.1128 0.3447 0.1532 0.1386 0.5210 0.1140 0.2151 0.3880 0.1155 0.3943 0.1355 0.1486 0.5143 0.1123 0.2406 0.3289 0.1193 0.4421 0.1264 0.1605 0.4982 0.1116 0.2703 0.2604 0.1243 0.4859 0.1205 0.1749 0.4732 0.1117 0.3052 0.1876 0.1498 0.2436 0.2704 0.1116 0.4982 0.1605 0.1264 0.4421 0.1193 0.3289 0.2406 0.1123 0.5143 0.1486 0.1355 0.3943 0.1155 0.3880 0.2151 0.1140 0.5210 0.1386 0.1532 0.3447 0.1128 0.4420 0.1896 0.1174 0.5083 0.1282 0.2220 0.2853 0.1115 0.4936 0.1616 0.1267 0.4336 0.1179 0.3575 0.2249 0.1135 0.5207 0.1388 0.1558 0.3356 0.1127 0.4344
0.1108 0.3295 0.1599 0.1376 0.5210 0.1137 0.2214 0.3658 0.1174 0.4269 0.1277 0.1600 0.4962 0.1115 0.2821 0.2272 0.1278 0.5073 0.1174 0.1896 0.4413 0.1129 0.3470 0.1516 0.1393 0.5208 0.1138 0.2178 0.3815 0.1159 0.4007 0.1340 0.1501 0.5126 0.1122 0.2445 0.3197 0.1199 0.4488 0.1254 0.1623 0.4953 0.1115 0.2749 0.2503 0.1251 0.4911 0.1199 0.1771 0.4689 0.1118 0.3105 0.1856 0.1325 0.5136 0.1267 0.2504 0.2749 0.1115 0.4953 0.1623 0.1254 0.4488 0.1199 0.3197 0.2445 0.1122 0.5126 0.1501 0.1340 0.4007 0.1159 0.3815 0.2178 0.1138 0.5208 0.1393 0.1516 0.3470 0.1129 0.4413 0.1896 0.1174 0.5073 0.1278 0.2272 0.2821 0.1115 0.4962 0.1600 0.1277 0.4269 0.1174 0.3658 0.2214 0.1137 0.5210 0.1376 0.1599 0.3295 0.1108
0.3111 0.1647 0.1364 0.5210 0.1140 0.2179 0.3739 0.1169 0.4201 0.1288 0.1582 0.4990 0.1115 0.2782 0.2344 0.1272 0.5055 0.1176 0.1889 0.4420 0.1129 0.3477 0.1508 0.1398 0.5206 0.1137 0.2200 0.3757 0.1163 0.4065 0.1326 0.1516 0.5107 0.1120 0.2485 0.3103 0.1205 0.4553 0.1245 0.1643 0.4921 0.1115 0.2797 0.2404 0.1259 0.4960 0.1193 0.1795 0.4644 0.1119 0.3160 0.1786 0.1327 0.5184 0.1068 0.5029 0.1259 0.2404 0.2797 0.1115 0.4921 0.1643 0.1245 0.4553 0.1205 0.3103 0.2485 0.1120 0.5107 0.1516 0.1326 0.4065 0.1163 0.3757 0.2200 0.1137 0.5206 0.1398 0.1508 0.3477 0.1129 0.4420 0.1889 0.1176 0.5055 0.1272 0.2344 0.2782 0.1115 0.4990 0.1582 0.1288 0.4201 0.1169 0.3739 0.2179 0.1140 0.5210 0.1364 0.1647 0.3111
0.1639 0.1352 0.5207 0.1143 0.2145 0.3819 0.1164 0.4133 0.1301 0.1564 0.5017 0.1116 0.2738 0.2432 0.1265 0.5027 0.1179 0.1875 0.4441 0.1128 0.3470 0.1508 0.1399 0.5205 0.1136 0.2216 0.3712 0.1167 0.4115 0.1315 0.1530 0.5088 0.1119 0.2525 0.3008 0.1212 0.4618 0.1236 0.1662 0.4887 0.1115 0.2845 0.2305 0.1268 0.5004 0.1187 0.1819 0.4597 0.1121 0.3215 0.1723 0.1337 0.5188 0.1131 0.2508 0.1144 0.5004 0.1268 0.2305 0.2845 0.1115 0.4887 0.1662 0.1236 0.4618 0.1212 0.3008 0.2525 0.1119 0.5088 0.1530 0.1315 0.4115 0.1167 0.3712 0.2216 0.1136 0.5205 0.1399 0.1508 0.3470 0.1128 0.4441 0.1875 0.1179 0.5027 0.1265 0.2432 0.2738 0.1116 0.5017 0.1564 0.1301 0.4133 0.1164 0.3819 0.2145 0.1143 0.5207 0.1352 0.1639
0.1294 0.5201 0.1147 0.2112 0.3897 0.1159 0.4064 0.1314 0.1547 0.5043 0.1116 0.2692 0.2529 0.1257 0.4991 0.1183 0.1857 0.4474 0.1127 0.3447 0.1516 0.1398 0.5205 0.1135 0.2225 0.3683 0.1169 0.4154 0.1307 0.1542 0.5071 0.1118 0.2563 0.2917 0.1219 0.4680 0.1228 0.1683 0.4852 0.1115 0.2894 0.2209 0.1277 0.5044 0.1182 0.1843 0.4548 0.1123 0.3272 0.1667 0.1348 0.5198 0.1151 0.2060 0.2954 0.1891 0.1179 0.5044 0.1277 0.2209 0.2894 0.1115 0.4852 0.1683 0.1228 0.4680 0.1219 0.2917 0.2563 0.1118 0.5071 0.1542 0.1307 0.4154 0.1169 0.3683 0.2225 0.1135 0.5205 0.1398 0.1516 0.3447 0.1127 0.4474 0.1857 0.1183 0.4991 0.1257 0.2529 0.2692 0.1116 0.5043 0.1547 0.1314 0.4064 0.1159 0.3897 0.2112 0.1147 0.5201 0.1294
0.5031 0.1153 0.2079 0.3973 0.1154 0.3994 0.1328 0.1530 0.5067 0.1117 0.2647 0.2630 0.1249 0.4948 0.1189 0.1836 0.4516 0.1126 0.3411 0.1532 0.1393 0.5206 0.1136 0.2225 0.3673 0.1170 0.4177 0.1301 0.1552 0.5055 0.1118 0.2596 0.2835 0.1226 0.4736 0.1220 0.1703 0.4815 0.1116 0.2944 0.2115 0.1286 0.5079 0.1177 0.1869 0.4497 0.1125 0.3329 0.1618 0.1359 0.5205 0.1148 0.2067 0.4030 0.1225 0.4411 0.1869 0.1177 0.5079 0.1286 0.2115 0.2944 0.1116 0.4815 0.1703 0.1220 0.4736 0.1226 0.2835 0.2596 0.1118 0.5055 0.1552 0.1301 0.4177 0.1170 0.3673 0.2225 0.1136 0.5206 0.1393 0.1532 0.3411 0.1126 0.4516 0.1836 0.1189 0.4948 0.1249 0.2630 0.2647 0.1117 0.5067 0.1530 0.1328 0.3994 0.1154 0.3973 0.2079 0.1153 0.5031
0.1175 0.2048 0.4045 0.1150 0.3925 0.1343 0.1514 0.5090 0.1118 0.2603 0.2730 0.1241 0.4898 0.1194 0.1812 0.4562 0.1124 0.3366 0.1557 0.1386 0.5208 0.1137 0.2216 0.3683 0.1170 0.4185 0.1298 0.1558 0.5044 0.1117 0.2624 0.2764 0.1231 0.4784 0.1214 0.1723 0.4778 0.1116 0.2995 0.2026 0.1296 0.5110 0.1172 0.1894 0.4444 0.1127 0.3388 0.1576 0.1370 0.5209 0.1145 0.2098 0.4003 0.1143 0.4768 0.1116 0.4444 0.1894 0.1172 0.5110 0.1296 0.2026 0.2995 0.1116 0.4778 0.1723 0.1214 0.4784 0.1231 0.2764 0.2624 0.1117 0.5044 0.1558 0.1298 0.4185 0.1170 0.3683 0.2216 0.1137 0.5208 0.1386 0.1557 0.3366 0.1124 0.4562 0.1812 0.1194 0.4898 0.1241 0.2730 0.2603 0.1118 0.5090 0.1514 0.1343 0.3925 0.1150 0.4045 0.2048 0.1175
0.1946 0.4116 0.1146 0.3856 0.1360 0.1497 0.5111 0.1119 0.2560 0.2830 0.1233 0.4845 0.1200 0.1789 0.4609 0.1122 0.3313 0.1589 0.1377 0.5210 0.1138 0.2200 0.3712 0.1169 0.4177 0.1298 0.1559 0.5039 0.1117 0.2644 0.2709 0.1236 0.4824 0.1209 0.1741 0.4743 0.1117 0.3045 0.1942 0.1306 0.5135 0.1167 0.1921 0.4388 0.1129 0.3447 0.1539 0.1382 0.5210 0.1142 0.2130 0.3931 0.1152 0.3935 0.1133 0.3544 0.1128 0.4388 0.1921 0.1167 0.5135 0.1306 0.1942 0.3045 0.1117 0.4743 0.1741 0.1209 0.4824 0.1236 0.2709 0.2644 0.1117 0.5039 0.1559 0.1298 0.4177 0.1169 0.3712 0.2200 0.1138 0.5210 0.1377 0.1589 0.3313 0.1122 0.4609 0.1789 0.1200 0.4845 0.1233 0.2830 0.2560 0.1119 0.5111 0.1497 0.1360 0.3856 0.1146 0.4116 0.1946
0.3922 0.1146 0.3788 0.1378 0.1482 0.5130 0.1121 0.2517 0.2930 0.1225 0.4789 0.1207 0.1766 0.4656 0.1121 0.3257 0.1630 0.1367 0.5210 0.1140 0.2178 0.3757 0.1167 0.4154 0.1301 0.1558 0.5039 0.1117 0.2654 0.2674 0.1240 0.4855 0.1204 0.1756 0.4711 0.1118 0.3091 0.1870 0.1315 0.5156 0.1163 0.1948 0.4331 0.1132 0.3508 0.1507 0.1394 0.5209 0.1139 0.2162 0.3857 0.1157 0.3960 0.1321 0.1772 0.1432 0.3507 0.1132 0.4331 0.1948 0.1163 0.5156 0.1315 0.1870 0.3091 0.1118 0.4711 0.1756 0.1204 0.4855 0.1240 0.2674 0.2654 0.1117 0.5039 0.1558 0.1301 0.4154 0.1167 0.3757 0.2178 0.1140 0.5210 0.1367 0.1630 0.3257 0.1121 0.4656 0.1766 0.1207 0.4789 0.1225 0.2930 0.2517 0.1121 0.5130 0.1482 0.1378 0.3788 0.1146 0.3922
0.1118 0.3721 0.1398 0.1466 0.5148 0.1122 0.2475 0.3030 0.1218 0.4730 0.1214 0.1743 0.4701 0.1119 0.3201 0.1681 0.1356 0.5208 0.1143 0.2151 0.3815 0.1163 0.4115 0.1307 0.1552 0.5044 0.1117 0.2654 0.2663 0.1242 0.4874 0.1201 0.1769 0.4684 0.1119 0.3131 0.1812 0.1324 0.5172 0.1159 0.1976 0.4271 0.1134 0.3569 0.1477 0.1406 0.5205 0.1136 0.2196 0.3781 0.1161 0.4027 0.1335 0.1519 0.4673 0.1432 0.1476 0.3569 0.1134 0.4271 0.1976 0.1159 0.5172 0.1324 0.1812 0.3131 0.1119 0.4684 0.1769 0.1201 0.4874 0.1242 0.2663 0.2654 0.1117 0.5044 0.1552 0.1307 0.4115 0.1163 0.3815 0.2151 0.1143 0.5208 0.1356 0.1681 0.3201 0.1119 0.4701 0.1743 0.1214 0.4730 0.1218 0.3030 0.2475 0.1122 0.5148 0.1466 0.1398 0.3721 0.1118
0.3511 0.1421 0.1452 0.5163 0.1124 0.2433 0.3129 0.1211 0.4667 0.1221 0.1721 0.4743 0.1118 0.3146 0.1738 0.1345 0.5204 0.1146 0.2121 0.3880 0.1159 0.4065 0.1315 0.1542 0.5055 0.1117 0.2644 0.2674 0.1242 0.4880 0.1200 0.1777 0.4663 0.1119 0.3165 0.1766 0.1332 0.5184 0.1156 0.2002 0.4212 0.1137 0.3631 0.1451 0.1419 0.5199 0.1134 0.2230 0.3702 0.1166 0.4095 0.1321 0.1521 0.5089 0.1094 0.5186 0.1419 0.1451 0.3631 0.1137 0.4212 0.2002 0.1156 0.5184 0.1332 0.1766 0.3165 0.1119 0.4663 0.1777 0.1200 0.4880 0.1242 0.2674 0.2644 0.1117 0.5055 0.1542 0.1315 0.4065 0.1159 0.3880 0.2121 0.1146 0.5204 0.1345 0.1738 0.3146 0.1118 0.4743 0.1721 0.1221 0.4667 0.1211 0.3129 0.2433 0.1124 0.5163 0.1452 0.1421 0.3511
0.1459 0.1437 0.5176 0.1126 0.2393 0.3226 0.1204 0.4601 0.1229 0.1699 0.4784 0.1117 0.3092 0.1803 0.1335 0.5196 0.1149 0.2090 0.3950 0.1155 0.4007 0.1326 0.1530 0.5071 0.1118 0.2624 0.2709 0.1240 0.4874 0.1200 0.1780 0.4653 0.1120 0.3191 0.1732 0.1338 0.5192 0.1153 0.2024 0.4159 0.1140 0.3690 0.1429 0.1432 0.5191 0.1131 0.2265 0.3620 0.1171 0.4163 0.1308 0.1538 0.5080 0.1100 0.3236 0.1098 0.5191 0.1432 0.1429 0.3690 0.1140 0.4159 0.2024 0.1153 0.5192 0.1338 0.1732 0.3191 0.1120 0.4653 0.1780 0.1200 0.4874 0.1240 0.2709 0.2624 0.1118 0.5071 0.1530 0.1326 0.4007 0.1155 0.3950 0.2090 0.1149 0.5196 0.1335 0.1803 0.3092 0.1117 0.4784 0.1699 0.1229 0.4601 0.1204 0.3226 0.2393 0.1126 0.5176 0.1437 0.1459
0.1375 0.5188 0.1128 0.2353 0.3322 0.1197 0.4534 0.1238 0.1678 0.4823 0.1116 0.3038 0.1876 0.1324 0.5185 0.1152 0.2059 0.4021 0.1151 0.3943 0.1340 0.1516 0.5088 0.1118 0.2596 0.2764 0.1236 0.4855 0.1201 0.1777 0.4653 0.1120 0.3203 0.1712 0.1343 0.5197 0.1151 0.2044 0.4112 0.1143 0.3743 0.1410 0.1444 0.5181 0.1129 0.2301 0.3537 0.1176 0.4230 0.1295 0.1554 0.5057 0.1117 0.2609 0.1594 0.2364 0.1127 0.5181 0.1444 0.1410 0.3743 0.1143 0.4112 0.2044 0.1151 0.5197 0.1343 0.1712 0.3203 0.1120 0.4653 0.1777 0.1201 0.4855 0.1236 0.2764 0.2596 0.1118 0.5088 0.1516 0.1340 0.3943 0.1151 0.4021 0.2059 0.1152 0.5185 0.1324 0.1876 0.3038 0.1116 0.4823 0.1678 0.1238 0.4534 0.1197 0.3322 0.2353 0.1128 0.5188 0.1375
0.5029 0.1133 0.2315 0.3414 0.1190 0.4465 0.1247 0.1657 0.4861 0.1116 0.2986 0.1955 0.1314 0.5171 0.1156 0.2029 0.4090 0.1147 0.3877 0.1355 0.1501 0.5107 0.1119 0.2563 0.2835 0.1231 0.4824 0.1204 0.1769 0.4663 0.1120 0.3203 0.1705 0.1345 0.5200 0.1150 0.2060 0.4072 0.1145 0.3789 0.1394 0.1456 0.5171 0.1127 0.2336 0.3452 0.1182 0.4298 0.1283 0.1572 0.5032 0.1117 0.2623 0.2719 0.1378 0.3309 0.2336 0.1127 0.5171 0.1456 0.1394 0.3789 0.1145 0.4072 0.2060 0.1150 0.5200 0.1345 0.1705 0.3203 0.1120 0.4663 0.1769 0.1204 0.4824 0.1231 0.2835 0.2563 0.1119 0.5107 0.1501 0.1355 0.3877 0.1147 0.4090 0.2029 0.1156 0.5171 0.1314 0.1955 0.2986 0.1116 0.4861 0.1657 0.1247 0.4465 0.1190 0.3414 0.2315 0.1133 0.5029
0.1145 0.2277 0.3505 0.1184 0.4396 0.1257 0.1636 0.4898 0.1115 0.2933 0.2042 0.1304 0.5153 0.1160 0.2000 0.4156 0.1144 0.3811 0.1372 0.1486 0.5126 0.1120 0.2525 0.2917 0.1226 0.4784 0.1209 0.1756 0.4684 0.1119 0.3191 0.1712 0.1345 0.5200 0.1149 0.2070 0.4041 0.1147 0.3828 0.1382 0.1466 0.5161 0.1125 0.2368 0.3371 0.1187 0.4365 0.1272 0.1590 0.5006 0.1116 0.2667 0.2685 0.1242 0.5211 0.1195 0.3373 0.2368 0.1125 0.5161 0.1466 0.1382 0.3828 0.1147 0.4041 0.2070 0.1149 0.5200 0.1345 0.1712 0.3191 0.1119 0.4684 0.1756 0.1209 0.4784 0.1226 0.2917 0.2525 0.1120 0.5126 0.1486 0.1372 0.3811 0.1144 0.4156 0.2000 0.1160 0.5153 0.1304 0.2042 0.2933 0.1115 0.4898 0.1636 0.1257 0.4396 0.1184 0.3505 0.2277 0.1145
0.2160 0.3593 0.1178 0.4326 0.1268 0.1617 0.4931 0.1115 0.2881 0.2136 0.1294 0.5131 0.1164 0.1971 0.4220 0.1140 0.3746 0.1391 0.1471 0.5143 0.1122 0.2485 0.3008 0.1219 0.4736 0.1214 0.1741 0.4711 0.1119 0.3165 0.1732 0.1343 0.5200 0.1149 0.2074 0.4026 0.1149 0.3857 0.1372 0.1475 0.5152 0.1124 0.2397 0.3299 0.1193 0.4426 0.1262 0.1608 0.4977 0.1116 0.2713 0.2584 0.1244 0.4902 0.1074 0.4531 0.1192 0.3299 0.2397 0.1124 0.5152 0.1475 0.1372 0.3857 0.1149 0.4026 0.2074 0.1149 0.5200 0.1343 0.1732 0.3165 0.1119 0.4711 0.1741 0.1214 0.4736 0.1219 0.3008 0.2485 0.1122 0.5143 0.1471 0.1391 0.3746 0.1140 0.4220 0.1971 0.1164 0.5131 0.1294 0.2136 0.2881 0.1115 0.4931 0.1617 0.1268 0.4326 0.1178 0.3593 0.2160
0.3387 0.1176 0.4256 0.1279 0.1597 0.4964 0.1115 0.2830 0.2234 0.1284 0.5103 0.1168 0.1943 0.4282 0.1137 0.3682 0.1411 0.1457 0.5158 0.1123 0.2445 0.3103 0.1212 0.4680 0.1220 0.1723 0.4743 0.1118 0.3131 0.1766 0.1338 0.5197 0.1150 0.2070 0.4026 0.1149 0.3872 0.1367 0.1481 0.5143 0.1123 0.2422 0.3236 0.1197 0.4479 0.1254 0.1625 0.4948 0.1115 0.2759 0.2483 0.1253 0.4921 0.1172 0.2179 0.1206 0.4478 0.1197 0.3236 0.2422 0.1123 0.5143 0.1481 0.1367 0.3872 0.1149 0.4026 0.2070 0.1150 0.5197 0.1338 0.1766 0.3131 0.1118 0.4743 0.1723 0.1220 0.4680 0.1212 0.3103 0.2445 0.1123 0.5158 0.1457 0.1411 0.3682 0.1137 0.4282 0.1943 0.1168 0.5103 0.1284 0.2234 0.2830 0.1115 0.4964 0.1597 0.1279 0.4256 0.1176 0.3387
0.1139 0.4185 0.1291 0.1579 0.4994 0.1115 0.2781 0.2335 0.1275 0.5071 0.1173 0.1916 0.4342 0.1134 0.3619 0.1432 0.1443 0.5172 0.1125 0.2406 0.3197 0.1205 0.4618 0.1228 0.1703 0.4778 0.1117 0.3091 0.1812 0.1332 0.5192 0.1151 0.2060 0.4041 0.1149 0.3872 0.1365 0.1485 0.5138 0.1122 0.2442 0.3181 0.1201 0.4525 0.1247 0.1640 0.4921 0.1115 0.2804 0.2385 0.1261 0.4969 0.1191 0.1819 0.3759 0.1679 0.1245 0.4525 0.1201 0.3181 0.2442 0.1122 0.5138 0.1485 0.1365 0.3872 0.1149 0.4041 0.2060 0.1151 0.5192 0.1332 0.1812 0.3091 0.1117 0.4778 0.1703 0.1228 0.4618 0.1205 0.3197 0.2406 0.1125 0.5172 0.1443 0.1432 0.3619 0.1134 0.4342 0.1916 0.1173 0.5071 0.1275 0.2335 0.2781 0.1115 0.4994 0.1579 0.1291 0.4185 0.1139
0.3956 0.1306 0.1560 0.5023 0.1116 0.2732 0.2438 0.1265 0.5033 0.1178 0.1888 0.4400 0.1131 0.3557 0.1456 0.1430 0.5183 0.1127 0.2368 0.3289 0.1199 0.4553 0.1236 0.1683 0.4815 0.1116 0.3045 0.1870 0.1324 0.5184 0.1153 0.2044 0.4072 0.1147 0.3857 0.1367 0.1485 0.5136 0.1122 0.2456 0.3139 0.1205 0.4563 0.1241 0.1654 0.4897 0.1115 0.2845 0.2295 0.1270 0.5012 0.1186 0.1824 0.4559 0.1161 0.4840 0.1654 0.1241 0.4563 0.1205 0.3139 0.2456 0.1122 0.5136 0.1485 0.1367 0.3857 0.1147 0.4072 0.2044 0.1153 0.5184 0.1324 0.1870 0.3045 0.1116 0.4815 0.1683 0.1236 0.4553 0.1199 0.3289 0.2368 0.1127 0.5183 0.1430 0.1456 0.3557 0.1131 0.4400 0.1888 0.1178 0.5033 0.1265 0.2438 0.2732 0.1116 0.5023 0.1560 0.1306 0.3956
0.1352 0.1543 0.5049 0.1116 0.2685 0.2542 0.1256 0.4990 0.1183 0.1862 0.4457 0.1128 0.3495 0.1483 0.1416 0.5193 0.1129 0.2330 0.3380 0.1193 0.4488 0.1245 0.1662 0.4852 0.1116 0.2995 0.1942 0.1315 0.5172 0.1156 0.2024 0.4112 0.1145 0.3828 0.1372 0.1481 0.5138 0.1122 0.2461 0.3118 0.1207 0.4591 0.1237 0.1665 0.4875 0.1115 0.2881 0.2220 0.1277 0.5047 0.1181 0.1848 0.4539 0.1112 0.4173 0.1094 0.4876 0.1665 0.1237 0.4591 0.1207 0.3118 0.2461 0.1122 0.5138 0.1481 0.1372 0.3828 0.1145 0.4112 0.2024 0.1156 0.5172 0.1315 0.1942 0.2995 0.1116 0.4852 0.1662 0.1245 0.4488 0.1193 0.3380 0.2330 0.1129 0.5193 0.1416 0.1483 0.3495 0.1128 0.4457 0.1862 0.1183 0.4990 0.1256 0.2542 0.2685 0.1116 0.5049 0.1543 0.1352
0.1474 0.5073 0.1117 0.2639 0.2646 0.1248 0.4942 0.1189 0.1835 0.4512 0.1126 0.3433 0.1513 0.1404 0.5200 0.1132 0.2294 0.3468 0.1187 0.4421 0.1254 0.1643 0.4887 0.1115 0.2944 0.2026 0.1306 0.5156 0.1159 0.2002 0.4159 0.1143 0.3789 0.1382 0.1475 0.5143 0.1122 0.2456 0.3118 0.1208 0.4606 0.1234 0.1674 0.4857 0.1115 0.2911 0.2158 0.1284 0.5074 0.1177 0.1870 0.4491 0.1124 0.3373 0.1220 0.2996 0.1113 0.4857 0.1674 0.1234 0.4606 0.1208 0.3118 0.2456 0.1122 0.5143 0.1475 0.1382 0.3789 0.1143 0.4159 0.2002 0.1159 0.5156 0.1306 0.2026 0.2944 0.1115 0.4887 0.1643 0.1254 0.4421 0.1187 0.3468 0.2294 0.1132 0.5200 0.1404 0.1513 0.3433 0.1126 0.4512 0.1835 0.1189 0.4942 0.1248 0.2646 0.2639 0.1117 0.5073 0.1474
0.4913 0.1122 0.2593 0.2750 0.1239 0.4890 0.1195 0.1810 0.4565 0.1124 0.3371 0.1548 0.1391 0.5206 0.1134 0.2258 0.3553 0.1181 0.4354 0.1264 0.1623 0.4921 0.1115 0.2894 0.2115 0.1296 0.5135 0.1163 0.1976 0.4212 0.1140 0.3743 0.1394 0.1466 0.5152 0.1123 0.2442 0.3139 0.1207 0.4606 0.1233 0.1678 0.4845 0.1115 0.2935 0.2107 0.1289 0.5095 0.1170 0.1891 0.4446 0.1124 0.3392 0.1532 0.1591 0.1938 0.2937 0.1114 0.4846 0.1678 0.1233 0.4606 0.1207 0.3139 0.2442 0.1123 0.5152 0.1466 0.1394 0.3743 0.1140 0.4212 0.1976 0.1163 0.5135 0.1296 0.2115 0.2894 0.1115 0.4921 0.1623 0.1264 0.4354 0.1181 0.3553 0.2258 0.1134 0.5206 0.1391 0.1548 0.3371 0.1124 0.4565 0.1810 0.1195 0.4890 0.1239 0.2750 0.2593 0.1122 0.4913
0.1123 0.2549 0.2854 0.1231 0.4835 0.1202 0.1785 0.4615 0.1122 0.3311 0.1588 0.1379 0.5209 0.1137 0.2223 0.3637 0.1175 0.4286 0.1274 0.1605 0.4953 0.1115 0.2845 0.2209 0.1286 0.5110 0.1167 0.1948 0.4271 0.1137 0.3690 0.1410 0.1456 0.5161 0.1124 0.2422 0.3181 0.1205 0.4591 0.1234 0.1678 0.4841 0.1115 0.2963 0.2042 0.1300 0.5119 0.1148 0.1979 0.4266 0.1123 0.3618 0.1469 0.1402 0.4933 0.1389 0.1817 0.3039 0.1102 0.4842 0.1678 0.1234 0.4591 0.1205 0.3181 0.2422 0.1124 0.5161 0.1456 0.1410 0.3690 0.1137 0.4271 0.1948 0.1167 0.5110 0.1286 0.2209 0.2845 0.1115 0.4953 0.1605 0.1274 0.4286 0.1175 0.3637 0.2223 0.1137 0.5209 0.1379 0.1588 0.3311 0.1122 0.4615 0.1785 0.1202 0.4835 0.1231 0.2854 0.2549 0.1123
0.2413 0.2957 0.1223 0.4775 0.1208 0.1761 0.4663 0.1120 0.3251 0.1634 0.1367 0.5210 0.1140 0.2189 0.3718 0.1170 0.4219 0.1285 0.1586 0.4982 0.1115 0.2797 0.2305 0.1277 0.5079 0.1172 0.1921 0.4331 0.1134 0.3631 0.1429 0.1444 0.5171 0.1125 0.2397 0.3236 0.1201 0.4563 0.1237 0.1674 0.4845 0.1115 0.2978 0.1533 0.1337 0.4933 0.1122 0.2277 0.2364 0.1264 0.4612 0.1209 0.1638 0.5048 0.1191 0.4116 0.1658 0.1202 0.3618 0.1094 0.4846 0.1674 0.1237 0.4563 0.1201 0.3236 0.2397 0.1125 0.5171 0.1444 0.1429 0.3631 0.1134 0.4331 0.1921 0.1172 0.5079 0.1277 0.2305 0.2797 0.1115 0.4982 0.1586 0.1285 0.4219 0.1170 0.3718 0.2189 0.1140 0.5210 0.1367 0.1634 0.3251 0.1120 0.4663 0.1761 0.1208 0.4775 0.1223 0.2957 0.2413
0.2756 0.1219 0.4713 0.1216 0.1738 0.4709 0.1119 0.3194 0.1686 0.1355 0.5208 0.1143 0.2154 0.3798 0.1165 0.4151 0.1297 0.1569 0.5010 0.1116 0.2749 0.2404 0.1268 0.5044 0.1177 0.1894 0.4388 0.1132 0.3569 0.1451 0.1432 0.5181 0.1127 0.2368 0.3299 0.1197 0.4525 0.1241 0.1665 0.4857 0.1115 0.2964 0.1459 0.3822 0.2152 0.4371 0.2344 0.3506 0.3122 0.1966 0.1431 0.1483 0.4744 0.1549 0.2296 0.2096 0.3988 0.4469 0.2848 0.3621 0.1103 0.4857 0.1665 0.1241 0.4525 0.1197 0.3299 0.2368 0.1127 0.5181 0.1432 0.1451 0.3569 0.1132 0.4388 0.1894 0.1177 0.5044 0.1268 0.2404 0.2749 0.1116 0.5010 0.1569 0.1297 0.4151 0.1165 0.3798 0.2154 0.1143 0.5208 0.1355 0.1686 0.3194 0.1119 0.4709 0.1738 0.1216 0.4713 0.1219 0.2756
0.1173 0.4649 0.1224 0.1715 0.4752 0.1118 0.3136 0.1747 0.1344 0.5203 0.1146 0.2120 0.3877 0.1160 0.4082 0.1310 0.1551 0.5037 0.1116 0.2703 0.2503 0.1259 0.5004 0.1182 0.1869 0.4444 0.1129 0.3508 0.1477 0.1419 0.5191 0.1129 0.2336 0.3371 0.1193 0.4479 0.1247 0.1654 0.4875 0.1115 0.2936 0.1858 0.1764 0.2909 0.5028 0.2974 0.1548 0.1903 0.4247 0.5190 0.1472 0.2481 0.2825 0.2383 0.4756 0.0904 0.4100 0.1495 0.5053 0.1198 0.3001 0.1112 0.4876 0.1654 0.1245 0.4478 0.1192 0.3373 0.2336 0.1127 0.5191 0.1419 0.1476 0.3507 0.1128 0.4444 0.1869 0.1179 0.5004 0.1259 0.2504 0.2704 0.1114 0.5037 0.1551 0.1308 0.4081 0.1159 0.3879 0.2120 0.1144 0.5203 0.1344 0.1747 0.3136 0.1116 0.4753 0.1716 0.1221 0.4649 0.1173
0.4413 0.1234 0.1693 0.4794 0.1117 0.3080 0.1816 0.1333 0.5195 0.1149 0.2087 0.3954 0.1155 0.4012 0.1324 0.1535 0.5061 0.1117 0.2658 0.2604 0.1251 0.4960 0.1187 0.1843 0.4497 0.1127 0.3447 0.1507 0.1406 0.5199 0.1131 0.2301 0.3452 0.1187 0.4426 0.1254 0.1640 0.4897 0.1115 0.2911 0.2103 0.1366 0.3594 0.4724 0.2421 0.2595 0.1817 0.2172 0.2282 0.4724 0.1107 0.4824 0.4769 0.0567 0.0663 0.3897 0.1885 0.3600 0.4420 0.1907 0.1698 0.2996 0.1094 0.4840 0.1679 0.1206 0.4531 0.1195 0.3309 0.2364 0.1098 0.5186 0.1432 0.1432 0.3544 0.1116 0.4411 0.1891 0.1144 0.5029 0.1267 0.2436 0.2733 0.1091 0.5023 0.1567 0.1270 0.4117 0.1155 0.3837 0.2144 0.1112 0.5206 0.1355 0.1693 0.3166 0.1099 0.4727 0.1738 0.1185 0.4544
0.1277 0.1672 0.4834 0.1116 0.3025 0.1893 0.1322 0.5183 0.1153 0.2055 0.4028 0.1151 0.3942 0.1339 0.1518 0.5084 0.1118 0.2614 0.2704 0.1243 0.4911 0.1193 0.1819 0.4548 0.1125 0.3388 0.1539 0.1394 0.5205 0.1134 0.2265 0.3537 0.1182 0.4365 0.1262 0.1625 0.4921 0.1115 0.2881 0.2158 0.1291 0.5210 0.1225 0.0814 0.5036 0.4077 0.1800 0.3434 0.3507 0.3041 0.1752 0.5423 0.2052 0.1594 0.2894 0.3510 0.3287 0.0710 0.3114 0.3463 0.1650 0.1218 0.4173 0.1161 0.3759 0.2179 0.1074 0.5211 0.1378 0.1594 0.3236 0.1094 0.4673 0.1772 0.1133 0.4768 0.1225 0.2954 0.2508 0.1068 0.5136 0.1498 0.1311 0.3774 0.1128 0.4197 0.1991 0.1089 0.5139 0.1307 0.2081 0.2896 0.1079 0.4923 0.1641 0.1189 0.4351 0.1177 0.3542 0.2275 0.1074
0.1595 0.4871 0.1115 0.2971 0.1978 0.1312 0.5168 0.1157 0.2025 0.4098 0.1147 0.3874 0.1356 0.1501 0.5106 0.1119 0.2571 0.2804 0.1235 0.4859 0.1199 0.1795 0.4597 0.1123 0.3329 0.1576 0.1382 0.5209 0.1136 0.2230 0.3620 0.1176 0.4298 0.1272 0.1608 0.4948 0.1115 0.2845 0.2220 0.1284 0.5095 0.1109 0.3444 0.1451 0.2220 0.3503 0.1560 0.2896 0.2103 0.4356 0.1901 0.0811 0.2610 0.4981 0.0929 0.4708 0.1082 0.3906 0.0717 0.2210 0.1373 0.3374 0.1112 0.4559 0.1819 0.1172 0.4902 0.1242 0.2719 0.2609 0.1100 0.5089 0.1519 0.1321 0.3935 0.1143 0.4030 0.2060 0.1131 0.5184 0.1325 0.1876 0.3032 0.1101 0.4829 0.1679 0.1218 0.4523 0.1193 0.3335 0.2351 0.1108 0.5189 0.1425 0.1454 0.3516 0.1118 0.4437 0.1877 0.1160 0.4851
0.4704 0.1119 0.2919 0.2067 0.1301 0.5148 0.1161 0.1994 0.4167 0.1143 0.3806 0.1373 0.1486 0.5126 0.1120 0.2528 0.2903 0.1227 0.4803 0.1205 0.1771 0.4644 0.1121 0.3272 0.1618 0.1370 0.5210 0.1139 0.2196 0.3702 0.1171 0.4230 0.1283 0.1590 0.4977 0.1115 0.2804 0.2295 0.1277 0.5074 0.1172 0.1939 0.1541 0.2963 0.4119 0.4682 0.3919 0.3122 0.1214 0.1294 0.1512 0.3456 0.3582 0.2186 0.3548 0.1661 0.3680 0.2604 0.1212 0.1316 0.3487 0.1123 0.4539 0.1824 0.1191 0.4921 0.1244 0.2685 0.2623 0.1117 0.5080 0.1521 0.1335 0.3960 0.1152 0.4003 0.2067 0.1151 0.5188 0.1327 0.1856 0.3052 0.1116 0.4813 0.1683 0.1235 0.4551 0.1198 0.3298 0.2363 0.1127 0.5185 0.1427 0.1461 0.3541 0.1130 0.4417 0.1881 0.1178 0.5021 0.1221
0.1110 0.2867 0.2163 0.1291 0.5124 0.1165 0.1965 0.4233 0.1140 0.3738 0.1392 0.1470 0.5143 0.1122 0.2486 0.3004 0.1220 0.4745 0.1212 0.1749 0.4689 0.1119 0.3215 0.1667 0.1359 0.5209 0.1142 0.2162 0.3781 0.1166 0.4163 0.1295 0.1572 0.5006 0.1116 0.2759 0.2385 0.1270 0.5047 0.1177 0.1891 0.4337 0.1193 0.4857 0.3226 0.4785 0.1974 0.0938 0.1552 0.2819 0.3479 0.1409 0.3715 0.2366 0.5392 0.4832 0.1636 0.4667 0.2574 0.4821 0.1137 0.4490 0.1847 0.1186 0.4969 0.1253 0.2584 0.2667 0.1117 0.5057 0.1538 0.1321 0.4027 0.1157 0.3931 0.2098 0.1148 0.5198 0.1337 0.1786 0.3105 0.1117 0.4773 0.1705 0.1227 0.4619 0.1205 0.3201 0.2403 0.1125 0.5173 0.1441 0.1437 0.3606 0.1133 0.4357 0.1908 0.1174 0.5061 0.1274 0.2114
0.2710 0.2263 0.1282 0.5095 0.1169 0.1936 0.4296 0.1136 0.3671 0.1414 0.1455 0.5159 0.1124 0.2444 0.3104 0.1212 0.4683 0.1219 0.1727 0.4732 0.1118 0.3160 0.1723 0.1348 0.5205 0.1145 0.2130 0.3857 0.1161 0.4095 0.1308 0.1554 0.5032 0.1116 0.2713 0.2483 0.1261 0.5012 0.1181 0.1870 0.4440 0.1142 0.5140 0.3149 0.2538 0.2805 0.0543 0.5855 0.2598 0.3770 0.4976 0.1062 0.3039 0.3028 0.1524 0.2435 0.5167 0.3312 0.3849 0.1405 0.4153 0.1872 0.1181 0.5012 0.1261 0.2483 0.2713 0.1116 0.5032 0.1554 0.1308 0.4095 0.1161 0.3857 0.2130 0.1145 0.5205 0.1348 0.1723 0.3160 0.1118 0.4732 0.1727 0.1219 0.4683 0.1212 0.3104 0.2444 0.1124 0.5159 0.1455 0.1414 0.3671 0.1136 0.4296 0.1936 0.1169 0.5095 0.1282 0.2263 0.2710
0.2114 0.1274 0.5061 0.1174 0.1908 0.4357 0.1133 0.3606 0.1437 0.1441 0.5173 0.1125 0.2403 0.3201 0.1205 0.4619 0.1227 0.1705 0.4773 0.1117 0.3105 0.1786 0.1337 0.5198 0.1148 0.2098 0.3931 0.1157 0.4027 0.1321 0.1538 0.5057 0.1117 0.2667 0.2584 0.1253 0.4969 0.1186 0.1848 0.4491 0.1123 0.3745 0.1305 0.0837 0.3261 0.1564 0.2719 0.0977 0.1559 0.4899 0.1540 0.0891 0.4930 0.2849 0.0764 0.3015 0.1302 0.2009 0.4649 0.2081 0.2008 0.1171 0.5047 0.1270 0.2385 0.2759 0.1116 0.5006 0.1572 0.1295 0.4163 0.1166 0.3781 0.2162 0.1142 0.5209 0.1359 0.1667 0.3215 0.1119 0.4689 0.1749 0.1212 0.4745 0.1220 0.3004 0.2486 0.1122 0.5143 0.1470 0.1392 0.3738 0.1140 0.4233 0.1965 0.1165 0.5124 0.1291 0.2163 0.2867 0.1110
0.1221 0.5021 0.1178 0.1881 0.4417 0.1130 0.3541 0.1461 0.1427 0.5185 0.1127 0.2363 0.3298 0.1198 0.4551 0.1235 0.1683 0.4813 0.1116 0.3052 0.1856 0.1327 0.5188 0.1151 0.2067 0.4003 0.1152 0.3960 0.1335 0.1521 0.5080 0.1117 0.2623 0.2685 0.1244 0.4921 0.1191 0.1824 0.4539 0.1124 0.3396 0.1438 0.1605 0.3336 0.1758 0.2327 0.3931 0.4987 0.0894 0.2078 0.4590 0.3556 0.2390 0.1838 0.5216 0.3468 0.1173 0.2508 0.4828 0.2665 0.1122 0.5076 0.1277 0.2295 0.2804 0.1115 0.4977 0.1590 0.1283 0.4230 0.1171 0.3702 0.2196 0.1139 0.5210 0.1370 0.1618 0.3272 0.1121 0.4644 0.1771 0.1205 0.4803 0.1227 0.2903 0.2528 0.1120 0.5126 0.1486 0.1373 0.3806 0.1143 0.4167 0.1994 0.1161 0.5148 0.1301 0.2067 0.2919 0.1119 0.4704
0.4851 0.1160 0.1877 0.4437 0.1118 0.3516 0.1454 0.1425 0.5189 0.1108 0.2351 0.3335 0.1193 0.4523 0.1218 0.1679 0.4829 0.1101 0.3032 0.1876 0.1325 0.5184 0.1131 0.2060 0.4030 0.1143 0.3935 0.1321 0.1519 0.5089 0.1100 0.2609 0.2719 0.1242 0.4902 0.1172 0.1819 0.4559 0.1112 0.3373 0.1529 0.1431 0.4911 0.1047 0.3945 0.1607 0.4442 0.3851 0.4650 0.1138 0.0973 0.2070 0.1052 0.4881 0.1580 0.5161 0.3443 0.4506 0.3513 0.1078 0.5160 0.1284 0.2220 0.2845 0.1115 0.4948 0.1608 0.1272 0.4298 0.1176 0.3620 0.2230 0.1136 0.5209 0.1382 0.1576 0.3329 0.1123 0.4597 0.1795 0.1199 0.4859 0.1235 0.2804 0.2571 0.1119 0.5106 0.1501 0.1356 0.3874 0.1147 0.4098 0.2025 0.1157 0.5168 0.1312 0.1978 0.2971 0.1115 0.4871 0.1595
0.1074 0.2275 0.3542 0.1177 0.4351 0.1189 0.1641 0.4923 0.1079 0.2896 0.2081 0.1307 0.5139 0.1089 0.1991 0.4197 0.1128 0.3774 0.1311 0.1498 0.5136 0.1068 0.2508 0.2954 0.1225 0.4768 0.1133 0.1772 0.4673 0.1094 0.3236 0.1594 0.1378 0.5211 0.1074 0.2179 0.3759 0.1161 0.4173 0.1220 0.1590 0.4959 0.1187 0.1261 0.1504 0.0621 0.2037 0.1011 0.4506 0.3867 0.0925 0.2514 0.3107 0.1192 0.1828 0.1419 0.4881 0.1531 0.4653 0.5015 0.1304 0.2157 0.2881 0.1115 0.4921 0.1625 0.1262 0.4365 0.1182 0.3537 0.2265 0.1134 0.5205 0.1394 0.1539 0.3388 0.1125 0.4548 0.1819 0.1193 0.4911 0.1243 0.2704 0.2614 0.1118 0.5084 0.1518 0.1339 0.3942 0.1151 0.4028 0.2055 0.1153 0.5183 0.1322 0.1893 0.3025 0.1116 0.4834 0.1672 0.1277
0.4544 0.1185 0.1738 0.4727 0.1099 0.3166 0.1693 0.1355 0.5206 0.1112 0.2144 0.3837 0.1155 0.4117 0.1270 0.1567 0.5023 0.1091 0.2733 0.2436 0.1267 0.5029 0.1144 0.1891 0.4411 0.1116 0.3544 0.1432 0.1432 0.5186 0.1098 0.2364 0.3309 0.1195 0.4531 0.1206 0.1679 0.4840 0.1094 0.2996 0.1943 0.1360 0.3002 0.3075 0.1193 0.2327 0.1234 0.1076 0.1931 0.1160 0.5419 0.1411 0.1913 0.1127 0.1235 0.2413 0.2372 0.3908 0.1947 0.1397 0.2024 0.2911 0.1115 0.4897 0.1640 0.1254 0.4426 0.1187 0.3452 0.2301 0.1131 0.5199 0.1406 0.1507 0.3447 0.1127 0.4497 0.1843 0.1187 0.4960 0.1251 0.2604 0.2658 0.1117 0.5061 0.1535 0.1324 0.4012 0.1155 0.3954 0.2087 0.1149 0.5195 0.1333 0.1816 0.3080 0.1117 0.4794 0.1693 0.1234 0.4413
