-44.8220 -17.4259 -40.0757 12.4470 -26.9543 -47.7567 30.8361 -34.4525 -35.2029 -20.2437 -41.5983 17.2154 -28.3498 -48.6455 17.7341 -35.7658 -18.3891 -22.3832 -43.1584 22.0533 -29.7902 -48.7951 -2.8795 -36.9781 -2.2529 -24.0708 -44.7255 27.0117 -31.2713 -48.1500 -12.3519 -38.3957 6.1649 -25.4128 -46.2325 31.2414 -32.7692 -45.0218 -16.9195 -39.8491 11.6989 -26.7500 -47.5782 31.5323 -34.2394 -37.0439 -19.8714 -41.3649 16.4979 -28.1360 -48.5511 20.7598 -35.6220 -18.6573 -27.9779 -33.1854 -34.3460 31.5323 -47.5782 -26.7500 11.6989 -39.8491 -16.9195 -45.0218 -32.7692 31.2414 -46.2325 -25.4128 6.1649 -38.3957 -12.3519 -48.1500 -31.2713 27.0117 -44.7255 -24.0708 -2.2529 -36.9781 -2.8795 -48.7951 -29.7902 22.0533 -43.1584 -22.3832 -18.3891 -35.7658 17.7341 -48.6455 -28.3498 17.2154 -41.5983 -20.2437 -35.2029 -34.4525 30.8361 -47.7567 -26.9543 12.4470 -40.0757 -17.4259 -44.8220
-17.4259 -39.7260 12.9469 -28.1891 -48.0459 34.7705 -34.8043 -31.5047 -21.3885 -41.5231 17.6958 -29.4793 -48.8860 26.1323 -35.7573 -13.5480 -23.8833 -43.2216 22.4765 -30.7828 -48.7593 2.9190 -36.4253 0.1807 -25.6463 -44.9018 27.6089 -32.1100 -47.5962 -11.2119 -37.9724 7.3330 -26.8362 -46.4946 32.5667 -33.4196 -43.4521 -17.2774 -39.5940 12.4023 -28.0332 -47.8748 34.9530 -34.6411 -33.6542 -20.9436 -41.2674 16.9980 -29.2855 -48.8077 28.4857 -35.6383 -16.3866 -24.0914 -45.8274 -22.0484 -33.6720 -34.6397 34.9530 -47.8748 -28.0332 12.4023 -39.5940 -17.2774 -43.4521 -33.4196 32.5667 -46.4946 -26.8362 7.3330 -37.9724 -11.2119 -47.5962 -32.1100 27.6089 -44.9018 -25.6463 0.1807 -36.4253 2.9190 -48.7593 -30.7828 22.4765 -43.2216 -23.8833 -13.5480 -35.7573 26.1323 -48.8860 -29.4793 17.6958 -41.5231 -21.3885 -31.5047 -34.8043 34.7705 -48.0459 -28.1891 12.9469 -39.7260 -17.4259
-40.0757 12.9469 -28.2699 -48.1549 34.4851 -35.1398 -29.3532 -21.7936 -41.7699 18.3791 -29.7069 -48.9425 23.4164 -36.1408 -10.9038 -24.1853 -43.4747 23.2211 -31.0447 -48.6977 -0.1344 -36.6612 1.5027 -25.8300 -45.1447 28.3893 -32.4038 -47.2165 -12.3894 -38.2089 8.1616 -27.0047 -46.7182 33.1879 -33.7480 -42.4308 -17.9171 -39.8410 13.0903 -28.2301 -48.0504 34.7820 -34.9979 -31.5316 -21.3866 -41.5174 17.6860 -29.5096 -48.8850 26.1993 -36.0197 -13.5829 -23.8815 -43.3182 33.2292 -41.8434 -21.3965 -31.5319 -34.9979 34.7820 -48.0504 -28.2301 13.0903 -39.8410 -17.9171 -42.4308 -33.7480 33.1879 -46.7182 -27.0047 8.1616 -38.2089 -12.3894 -47.2165 -32.4038 28.3893 -45.1447 -25.8300 1.5027 -36.6612 -0.1344 -48.6977 -31.0447 23.2211 -43.4747 -24.1853 -10.9038 -36.1408 23.4164 -48.9425 -29.7069 18.3791 -41.7699 -21.7936 -29.3532 -35.1398 34.4851 -48.1549 -28.2699 12.9469 -40.0757
12.4470 -28.1891 -48.1549 34.3244 -35.2308 -27.5545 -22.1263 -41.9955 19.0319 -29.8933 -48.9750 20.3037 -36.2474 -8.4607 -24.4768 -43.7245 23.9742 -31.2453 -48.6126 -2.8297 -36.8653 2.7150 -26.0092 -45.3881 29.1557 -32.6073 -46.7667 -13.4453 -38.4484 8.9479 -27.1828 -46.9344 33.7427 -33.9410 -41.2768 -18.5217 -40.0885 13.7792 -28.4164 -48.2150 34.3814 -35.1708 -29.2020 -21.8048 -41.7701 18.3722 -29.7045 -48.9406 23.4620 -36.1389 -10.9429 -24.1804 -43.4660 23.7010 -35.0311 19.4977 -41.7673 -21.8048 -29.2020 -35.1708 34.3814 -48.2150 -28.4164 13.7792 -40.0885 -18.5217 -41.2768 -33.9410 33.7427 -46.9344 -27.1828 8.9479 -38.4484 -13.4453 -46.7667 -32.6073 29.1557 -45.3881 -26.0092 2.7150 -36.8653 -2.8297 -48.6126 -31.2453 23.9742 -43.7245 -24.4768 -8.4607 -36.2474 20.3037 -48.9750 -29.8933 19.0319 -41.9955 -22.1263 -27.5545 -35.2308 34.3244 -48.1549 -28.1891 12.4470
-26.9543 -48.0459 34.4851 -35.2308 -26.8189 -22.3245 -42.1625 19.5823 -30.0605 -48.9835 17.0258 -36.3384 -6.2929 -24.7487 -43.9725 24.7260 -31.4433 -48.4887 -5.1403 -37.0950 3.8259 -26.1808 -45.6287 29.9217 -32.8078 -46.2374 -14.3964 -38.6899 9.7141 -27.3629 -47.1471 34.2150 -34.1324 -39.9901 -19.0898 -40.3367 14.4631 -28.6041 -48.3659 33.7275 -35.3350 -26.6844 -22.2066 -42.0230 19.0707 -29.9010 -48.9730 20.3449 -36.2492 -8.4965 -24.4727 -43.7205 23.9520 -32.1001 -40.8563 -31.2756 19.0642 -42.0230 -22.2066 -26.6844 -35.3350 33.7275 -48.3659 -28.6041 14.4631 -40.3367 -19.0898 -39.9901 -34.1324 34.2150 -47.1471 -27.3629 9.7141 -38.6899 -14.3964 -46.2374 -32.8078 29.9217 -45.6287 -26.1808 3.8259 -37.0950 -5.1403 -48.4887 -31.4433 24.7260 -43.9725 -24.7487 -6.2929 -36.3384 17.0258 -48.9835 -30.0605 19.5823 -42.1625 -22.3245 -26.8189 -35.2308 34.4851 -48.0459 -26.9543
-47.7567 34.7705 -35.1398 -27.5545 -22.3245 -42.2252 19.9030 -30.1806 -48.9755 13.9388 -36.4089 -4.4435 -24.9950 -44.2164 25.4725 -31.6391 -48.3243 -7.0678 -37.3257 4.8419 -26.3525 -45.8664 30.6717 -33.0078 -45.6291 -15.2630 -38.9302 10.4600 -27.5430 -47.3532 34.5949 -34.3223 -38.5296 -19.6205 -40.5865 15.1442 -28.7946 -48.5061 32.7993 -35.4936 -24.0368 -22.5916 -42.2735 19.7754 -30.0983 -48.9792 16.8290 -36.3423 -6.2668 -24.7482 -43.9725 24.7156 -31.4715 -48.3955 -19.8247 -48.8223 -30.1611 19.7755 -42.2735 -22.5916 -24.0368 -35.4936 32.7993 -48.5061 -28.7946 15.1442 -40.5865 -19.6205 -38.5296 -34.3223 34.5949 -47.3532 -27.5430 10.4600 -38.9302 -15.2630 -45.6291 -33.0078 30.6717 -45.8664 -26.3525 4.8419 -37.3257 -7.0678 -48.3243 -31.6391 25.4725 -44.2164 -24.9950 -4.4435 -36.4089 13.9388 -48.9755 -30.1806 19.9030 -42.2252 -22.3245 -27.5545 -35.1398 34.7705 -47.7567
30.8361 -34.8043 -29.3532 -22.1263 -42.1625 19.9030 -30.2239 -48.9639 11.6792 -36.4613 -2.9892 -25.2070 -44.4427 26.1951 -31.8314 -48.1168 -8.7053 -37.5541 5.7778 -26.5219 -46.0983 31.3906 -33.2080 -44.9209 -16.0481 -39.1739 11.1803 -27.7251 -47.5501 34.8572 -34.5091 -36.8992 -20.1282 -40.8341 15.8263 -28.9847 -48.6316 31.5398 -35.6482 -21.2471 -22.9567 -42.5272 20.4801 -30.2974 -48.9574 13.0665 -36.4225 -4.2857 -25.0084 -44.2211 25.4853 -31.6453 -48.3231 -8.0167 -39.6673 7.9184 -48.8968 -30.2974 20.4801 -42.5272 -22.9567 -21.2471 -35.6482 31.5398 -48.6316 -28.9847 15.8263 -40.8341 -20.1282 -36.8992 -34.5091 34.8572 -47.5501 -27.7251 11.1803 -39.1739 -16.0481 -44.9209 -33.2080 31.3906 -46.0983 -26.5219 5.7778 -37.5541 -8.7053 -48.1168 -31.8314 26.1951 -44.4427 -25.2070 -2.9892 -36.4613 11.6792 -48.9639 -30.2239 19.9030 -42.1625 -22.1263 -29.3532 -34.8043 30.8361
-34.4525 -31.5047 -21.7936 -41.9955 19.5823 -30.1806 -48.9639 10.8401 -36.4890 -2.0372 -25.3640 -44.6339 26.8465 -32.0111 -47.8713 -10.1142 -37.7810 6.6475 -26.6899 -46.3206 32.0697 -33.4025 -44.1179 -16.7705 -39.4179 11.8917 -27.9084 -47.7419 34.9783 -34.6941 -35.0883 -20.6099 -41.0847 16.5017 -29.1763 -48.7395 29.9161 -35.7911 -18.3995 -23.3078 -42.7806 21.2012 -30.4953 -48.9022 9.2277 -36.4911 -2.4980 -25.2512 -44.4709 26.2532 -31.8472 -48.1065 -8.7563 -37.7131 16.0307 -36.7613 9.3086 -48.9022 -30.4953 21.2012 -42.7806 -23.3078 -18.3995 -35.7911 29.9161 -48.7395 -29.1763 16.5017 -41.0847 -20.6099 -35.0883 -34.6941 34.9783 -47.7419 -27.9084 11.8917 -39.4179 -16.7705 -44.1179 -33.4025 32.0697 -46.3206 -26.6899 6.6475 -37.7810 -10.1142 -47.8713 -32.0111 26.8465 -44.6339 -25.3640 -2.0372 -36.4890 10.8401 -48.9639 -30.1806 19.5823 -41.9955 -21.7936 -31.5047 -34.4525
-35.2029 -21.3885 -41.7699 19.0319 -30.0605 -48.9755 11.6792 -36.4890 -1.7037 -25.4499 -44.7667 27.3598 -32.1613 -47.6095 -11.2723 -37.9992 7.4620 -26.8585 -46.5386 32.7013 -33.5927 -43.2272 -17.4325 -39.6568 12.5816 -28.0887 -47.9222 34.9361 -34.8718 -33.0834 -21.0674 -41.3367 17.1856 -29.3702 -48.8310 27.9217 -35.9267 -15.5936 -23.6428 -43.0339 21.9302 -30.6940 -48.8111 5.5087 -36.5377 -0.8957 -25.4771 -44.7192 27.0322 -32.0503 -47.8349 -10.2303 -37.7939 7.1884 -31.6308 1.1893 -36.5491 5.5072 -48.8111 -30.6940 21.9302 -43.0339 -23.6428 -15.5936 -35.9267 27.9217 -48.8310 -29.3702 17.1856 -41.3367 -21.0674 -33.0834 -34.8718 34.9361 -47.9222 -28.0887 12.5816 -39.6568 -17.4325 -43.2272 -33.5927 32.7013 -46.5386 -26.8585 7.4620 -37.9992 -11.2723 -47.6095 -32.1613 27.3598 -44.7667 -25.4499 -1.7037 -36.4890 11.6792 -48.9755 -30.0605 19.0319 -41.7699 -21.3885 -35.2029
-20.2437 -41.5231 18.3791 -29.8933 -48.9835 13.9388 -36.4613 -2.0372 -25.4499 -44.8143 27.6487 -32.2620 -47.3796 -12.1410 -38.1895 8.1748 -27.0185 -46.7463 33.2767 -33.7814 -42.2222 -18.0430 -39.8937 13.2469 -28.2677 -48.0882 34.7088 -35.0411 -30.9420 -21.4984 -41.5863 17.8752 -29.5634 -48.9026 25.4912 -36.0535 -12.8427 -23.9590 -43.2874 22.6677 -30.8956 -48.7370 2.1349 -36.5673 0.5286 -25.6865 -44.9632 27.8123 -32.2533 -47.5039 -11.5265 -38.0319 7.5387 -27.4722 -48.5701 -26.6765 0.4984 -36.5671 2.1349 -48.7370 -30.8956 22.6677 -43.2874 -23.9590 -12.8427 -36.0535 25.4912 -48.9026 -29.5634 17.8752 -41.5863 -21.4984 -30.9420 -35.0411 34.7088 -48.0882 -28.2677 13.2469 -39.8937 -18.0430 -42.2222 -33.7814 33.2767 -46.7463 -27.0185 8.1748 -38.1895 -12.1410 -47.3796 -32.2620 27.6487 -44.8143 -25.4499 -2.0372 -36.4613 13.9388 -48.9835 -29.8933 18.3791 -41.5231 -20.2437
-41.5983 17.6958 -29.7069 -48.9750 17.0258 -36.4089 -2.9892 -25.3640 -44.7667 27.6487 -32.2972 -47.2435 -12.6776 -38.3341 8.7334 -27.1574 -46.9321 33.7659 -33.9592 -41.1079 -18.6164 -40.1315 13.9067 -28.4480 -48.2442 34.2752 -35.2045 -28.6589 -21.9002 -41.8323 18.5524 -29.7555 -48.9528 22.6361 -36.1696 -10.2505 -24.2621 -43.5376 23.4156 -31.0958 -48.6793 -0.8709 -36.6941 1.8285 -25.8776 -45.2082 28.5825 -32.4572 -47.1072 -12.6741 -38.2706 8.3623 -27.0649 -46.6493 26.2527 -45.2417 -25.9065 1.8287 -36.6941 -0.8709 -48.6793 -31.0958 23.4156 -43.5376 -24.2621 -10.2505 -36.1696 22.6361 -48.9528 -29.7555 18.5524 -41.8323 -21.9002 -28.6589 -35.2045 34.2752 -48.2442 -28.4480 13.9067 -40.1315 -18.6164 -41.1079 -33.9592 33.7659 -46.9321 -27.1574 8.7334 -38.3341 -12.6776 -47.2435 -32.2972 27.6487 -44.7667 -25.3640 -2.9892 -36.4089 17.0258 -48.9750 -29.7069 17.6958 -41.5983
17.2154 -29.4793 -48.9425 20.3037 -36.3384 -4.4435 -25.2070 -44.6339 27.3598 -32.2620 -47.2435 -12.8563 -38.4127 9.0978 -27.2624 -47.0794 34.1367 -34.1153 -39.9544 -19.1345 -40.3668 14.5629 -28.6293 -48.3891 33.6033 -35.3628 -26.2125 -22.2831 -42.0752 19.2242 -29.9461 -48.9792 19.4648 -36.2745 -7.8901 -24.5494 -43.7895 24.1634 -31.2967 -48.5851 -3.4676 -36.9229 3.0119 -26.0539 -45.4507 29.3559 -32.6582 -46.6368 -13.7006 -38.5112 9.1483 -27.2293 -46.9841 34.2578 -36.9629 30.5789 -45.4380 -26.0534 3.0119 -36.9229 -3.4676 -48.5851 -31.2967 24.1634 -43.7895 -24.5494 -7.8901 -36.2745 19.4648 -48.9792 -29.9461 19.2242 -42.0752 -22.2831 -26.2125 -35.3628 33.6033 -48.3891 -28.6293 14.5629 -40.3668 -19.1345 -39.9544 -34.1153 34.1367 -47.0794 -27.2624 9.0978 -38.4127 -12.8563 -47.2435 -32.2620 27.3598 -44.6339 -25.2070 -4.4435 -36.3384 20.3037 -48.9425 -29.4793 17.2154
-28.3498 -48.8860 23.4164 -36.2474 -6.2929 -24.9950 -44.4427 26.8465 -32.1613 -47.3796 -12.6776 -38.4127 9.2249 -27.3191 -47.1749 34.3782 -34.2406 -38.8855 -19.5689 -40.5830 15.1818 -28.8084 -48.5217 32.6614 -35.5153 -23.6264 -22.6495 -42.3184 19.9022 -30.1358 -48.9793 16.0229 -36.3635 -5.7776 -24.8145 -44.0374 24.9152 -31.4951 -48.4510 -5.6608 -37.1556 4.0886 -26.2254 -45.6906 30.1179 -32.8586 -46.0926 -14.6298 -38.7506 9.9103 -27.4085 -47.2014 34.3257 -34.9503 -7.2724 -34.1853 30.1061 -45.6908 -26.2254 4.0886 -37.1556 -5.6608 -48.4510 -31.4951 24.9152 -44.0374 -24.8145 -5.7776 -36.3635 16.0229 -48.9793 -30.1358 19.9022 -42.3184 -22.6495 -23.6264 -35.5153 32.6614 -48.5217 -28.8084 15.1818 -40.5830 -19.5689 -38.8855 -34.2406 34.3782 -47.1749 -27.3191 9.2249 -38.4127 -12.6776 -47.3796 -32.1613 26.8465 -44.4427 -24.9950 -6.2929 -36.2474 23.4164 -48.8860 -28.3498
-48.6455 26.1323 -36.1408 -8.4607 -24.7487 -44.2164 26.1951 -32.0111 -47.6095 -12.1410 -38.3341 9.0978 -27.3191 -47.2092 34.4959 -34.3261 -38.0137 -19.9014 -40.7656 15.7255 -28.9728 -48.6347 31.4536 -35.6575 -20.9386 -23.0002 -42.5618 20.5874 -30.3265 -48.9520 12.3794 -36.4389 -3.9024 -25.0608 -44.2780 25.6632 -31.6892 -48.2754 -7.5114 -37.3863 5.0862 -26.3962 -45.9281 30.8622 -33.0610 -45.4555 -15.4670 -38.9934 10.6436 -27.5897 -47.4034 34.6752 -34.4015 -37.1735 -26.3951 -44.3143 -33.1361 30.8622 -45.9281 -26.3962 5.0862 -37.3863 -7.5114 -48.2754 -31.6892 25.6632 -44.2780 -25.0608 -3.9024 -36.4389 12.3794 -48.9520 -30.3265 20.5874 -42.5618 -23.0002 -20.9386 -35.6575 31.4536 -48.6347 -28.9728 15.7255 -40.7656 -19.9014 -38.0137 -34.3261 34.4959 -47.2092 -27.3191 9.0978 -38.3341 -12.1410 -47.6095 -32.0111 26.1951 -44.2164 -24.7487 -8.4607 -36.1408 26.1323 -48.6455
17.7341 -35.7573 -10.9038 -24.4768 -43.9725 25.4725 -31.8314 -47.8713 -11.2723 -38.1895 8.7334 -27.2624 -47.1749 34.4959 -34.3583 -37.5007 -20.1207 -40.9025 16.1633 -29.1098 -48.7241 30.0801 -35.7839 -18.3197 -23.3309 -42.8052 21.2802 -30.5179 -48.8944 8.6970 -36.4996 -2.2196 -25.2919 -44.5174 26.4078 -31.8840 -48.0556 -9.0908 -37.6123 6.0061 -26.5650 -46.1562 31.5738 -33.2591 -44.7193 -16.2420 -39.2373 11.3668 -27.7728 -47.6007 34.9016 -34.5586 -36.4564 -20.7042 -43.5603 -17.4529 -44.7350 -33.2577 31.5738 -46.1562 -26.5650 6.0061 -37.6123 -9.0908 -48.0556 -31.8840 26.4078 -44.5174 -25.2919 -2.2196 -36.4996 8.6970 -48.8944 -30.5179 21.2802 -42.8052 -23.3309 -18.3197 -35.7839 30.0801 -48.7241 -29.1098 16.1633 -40.9025 -20.1207 -37.5007 -34.3583 34.4959 -47.1749 -27.2624 8.7334 -38.1895 -11.2723 -47.8713 -31.8314 25.4725 -43.9725 -24.4768 -10.9038 -35.7573 17.7341
-35.7658 -13.5480 -24.1853 -43.7245 24.7260 -31.6391 -48.1168 -10.1142 -37.9992 8.1748 -27.1574 -47.0794 34.3782 -34.3261 -37.5007 -20.2013 -40.9776 16.4519 -29.2103 -48.7876 28.7147 -35.8929 -15.9437 -23.6251 -43.0381 21.9709 -30.7100 -48.8062 5.1587 -36.5444 -0.7080 -25.5074 -44.7556 27.1558 -32.0790 -47.7849 -10.4717 -37.8395 6.8637 -26.7333 -46.3771 32.2361 -33.4516 -43.8980 -16.9504 -39.4787 12.0741 -27.9547 -47.7900 34.9837 -34.7392 -34.5847 -20.7337 -41.2733 26.7944 -39.8192 -16.9439 -43.8978 -33.4516 32.2361 -46.3771 -26.7333 6.8637 -37.8395 -10.4717 -47.7849 -32.0790 27.1558 -44.7556 -25.5074 -0.7080 -36.5444 5.1587 -48.8062 -30.7100 21.9709 -43.0381 -23.6251 -15.9437 -35.8929 28.7147 -48.7876 -29.2103 16.4519 -40.9776 -20.2013 -37.5007 -34.3261 34.3782 -47.0794 -27.1574 8.1748 -37.9992 -10.1142 -48.1168 -31.6391 24.7260 -43.7245 -24.1853 -13.5480 -35.7658
-18.3891 -23.8833 -43.4747 23.9742 -31.4433 -48.3243 -8.7053 -37.7810 7.4620 -27.0185 -46.9321 34.1367 -34.2406 -38.0137 -20.1207 -40.9776 16.5549 -29.2647 -48.8227 27.5834 -35.9755 -13.9926 -23.8720 -43.2465 22.6187 -30.8933 -48.7352 1.9152 -36.5775 0.6557 -25.7066 -44.9922 27.9048 -32.2739 -47.4584 -11.6910 -38.0679 7.6797 -26.9029 -46.5940 32.8564 -33.6414 -42.9803 -17.5933 -39.7176 12.7533 -28.1346 -47.9658 34.8946 -34.9140 -32.5539 -21.1829 -41.3986 17.7728 -33.7674 13.7901 -39.7142 -17.5933 -42.9803 -33.6414 32.8564 -46.5940 -26.9029 7.6797 -38.0679 -11.6910 -47.4584 -32.2739 27.9048 -44.9922 -25.7066 0.6557 -36.5775 1.9152 -48.7352 -30.8933 22.6187 -43.2465 -23.8720 -13.9926 -35.9755 27.5834 -48.8227 -29.2647 16.5549 -40.9776 -20.1207 -38.0137 -34.2406 34.1367 -46.9321 -27.0185 7.4620 -37.7810 -8.7053 -48.3243 -31.4433 23.9742 -43.4747 -23.8833 -18.3891
-22.3832 -43.2216 23.2211 -31.2453 -48.4887 -7.0678 -37.5541 6.6475 -26.8585 -46.7463 33.7659 -34.1153 -38.8855 -19.9014 -40.9025 16.4519 -29.2647 -48.8335 26.9415 -36.0232 -12.6191 -24.0602 -43.4201 23.1809 -31.0550 -48.6863 -0.8006 -36.6967 1.8772 -25.8888 -45.2271 28.6518 -32.4686 -47.0703 -12.7782 -38.2975 8.4611 -27.0738 -46.8065 33.4253 -33.8296 -41.9438 -18.1938 -39.9548 13.4171 -28.3140 -48.1293 34.6184 -35.0836 -30.3712 -21.6044 -41.6489 18.0444 -30.3925 -47.3071 -29.5673 13.4039 -39.9547 -18.1938 -41.9438 -33.8296 33.4253 -46.8065 -27.0738 8.4611 -38.2975 -12.7782 -47.0703 -32.4686 28.6518 -45.2271 -25.8888 1.8772 -36.6967 -0.8006 -48.6863 -31.0550 23.1809 -43.4201 -24.0602 -12.6191 -36.0232 26.9415 -48.8335 -29.2647 16.4519 -40.9025 -19.9014 -38.8855 -34.1153 33.7659 -46.7463 -26.8585 6.6475 -37.5541 -7.0678 -48.4887 -31.2453 23.2211 -43.2216 -22.3832
-43.1584 22.4765 -31.0447 -48.6126 -5.1403 -37.3257 5.7778 -26.6899 -46.5386 33.2767 -33.9592 -39.9544 -19.5689 -40.7656 16.1633 -29.2103 -48.8227 26.9415 -36.0382 -11.8979 -24.1771 -43.5450 23.6240 -31.1894 -48.6223 -2.9039 -36.8933 2.9342 -26.0508 -45.4565 29.3932 -32.6629 -46.6145 -13.7564 -38.5282 9.2139 -27.2458 -47.0140 33.9302 -34.0159 -40.7780 -18.7585 -40.1928 14.0758 -28.4945 -48.2825 34.1264 -35.2458 -28.0447 -22.0002 -41.8947 18.7246 -29.8279 -48.7684 -13.3060 -48.1219 -28.5472 14.0758 -40.1928 -18.7585 -40.7780 -34.0159 33.9302 -47.0140 -27.2458 9.2139 -38.5282 -13.7564 -46.6145 -32.6629 29.3932 -45.4565 -26.0508 2.9342 -36.8933 -2.9039 -48.6223 -31.1894 23.6240 -43.5450 -24.1771 -11.8979 -36.0382 26.9415 -48.8227 -29.2103 16.1633 -40.7656 -19.5689 -39.9544 -33.9592 33.2767 -46.5386 -26.6899 5.7778 -37.3257 -5.1403 -48.6126 -31.0447 22.4765 -43.1584
22.0533 -30.7828 -48.6977 -2.8297 -37.0950 4.8419 -26.5219 -46.3206 32.7013 -33.7814 -41.1079 -19.1345 -40.5830 15.7255 -29.1098 -48.7876 27.5834 -36.0232 -11.8979 -24.2179 -43.6109 23.9053 -31.2862 -48.5572 -4.4615 -37.0626 3.8121 -26.1937 -45.6679 30.0934 -32.8540 -46.0844 -14.6441 -38.7601 9.9429 -27.4191 -47.2161 34.3564 -34.1999 -39.4721 -19.2914 -40.4318 14.7313 -28.6762 -48.4244 33.3882 -35.4026 -25.5596 -22.3788 -42.1378 19.3979 -29.9948 -48.9630 16.9865 -38.4295 32.1096 -48.3928 -28.6762 14.7313 -40.4318 -19.2914 -39.4721 -34.1999 34.3564 -47.2161 -27.4191 9.9429 -38.7601 -14.6441 -46.0844 -32.8540 30.0934 -45.6679 -26.1937 3.8121 -37.0626 -4.4615 -48.5572 -31.2862 23.9053 -43.6109 -24.2179 -11.8979 -36.0232 27.5834 -48.7876 -29.1098 15.7255 -40.5830 -19.1345 -41.1079 -33.7814 32.7013 -46.3206 -26.5219 4.8419 -37.0950 -2.8297 -48.6977 -30.7828 22.0533
-29.7902 -48.7593 -0.1344 -36.8653 3.8259 -26.3525 -46.0983 32.0697 -33.5927 -42.2222 -18.6164 -40.3668 15.1818 -28.9728 -48.7241 28.7147 -35.9755 -12.6191 -24.1771 -43.6109 24.0002 -31.3361 -48.5098 -5.4915 -37.1941 4.4856 -26.3182 -45.8546 30.7105 -33.0308 -45.5005 -15.4448 -38.9932 10.6526 -27.5936 -47.4121 34.6870 -34.3814 -38.0152 -19.7960 -40.6715 15.3854 -28.8590 -48.5536 32.3715 -35.5535 -22.9431 -22.7412 -42.3810 20.0777 -30.1848 -48.9750 15.1348 -36.5689 10.2665 -36.1840 32.4104 -48.5536 -28.8590 15.3854 -40.6715 -19.7960 -38.0152 -34.3814 34.6870 -47.4121 -27.5936 10.6526 -38.9932 -15.4448 -45.5005 -33.0308 30.7105 -45.8546 -26.3182 4.4856 -37.1941 -5.4915 -48.5098 -31.3361 24.0002 -43.6109 -24.1771 -12.6191 -35.9755 28.7147 -48.7241 -28.9728 15.1818 -40.3668 -18.6164 -42.2222 -33.5927 32.0697 -46.0983 -26.3525 3.8259 -36.8653 -0.1344 -48.7593 -29.7902
-48.7951 2.9190 -36.6612 2.7150 -26.1808 -45.8664 31.3906 -33.4025 -43.2272 -18.0430 -40.1315 14.5629 -28.8084 -48.6347 30.0801 -35.8929 -13.9926 -24.0602 -43.5450 23.9053 -31.3361 -48.4922 -5.9902 -37.2779 4.9502 -26.4137 -46.0065 31.2332 -33.1870 -44.9083 -16.1313 -39.2172 11.3368 -27.7685 -47.6012 34.9032 -34.5600 -36.3970 -20.2751 -40.9119 16.0395 -29.0429 -48.6690 31.0438 -35.6978 -20.2372 -23.0878 -42.6244 20.7648 -30.3756 -48.9402 11.4289 -36.4683 -2.4258 -30.2447 -15.8835 -35.7631 31.0438 -48.6690 -29.0429 16.0395 -40.9119 -20.2751 -36.3970 -34.5600 34.9032 -47.6012 -27.7685 11.3368 -39.2172 -16.1313 -44.9083 -33.1870 31.2332 -46.0065 -26.4137 4.9502 -37.2779 -5.9902 -48.4922 -31.3361 23.9053 -43.5450 -24.0602 -13.9926 -35.8929 30.0801 -48.6347 -28.8084 14.5629 -40.1315 -18.0430 -43.2272 -33.4025 31.3906 -45.8664 -26.1808 2.7150 -36.6612 2.9190 -48.7951
-2.8795 -36.4253 1.5027 -26.0092 -45.6287 30.6717 -33.2080 -44.1179 -17.4325 -39.8937 13.9067 -28.6293 -48.5217 31.4536 -35.7839 -15.9437 -23.8720 -43.4201 23.6240 -31.2862 -48.5098 -5.9902 -37.3068 5.1900 -26.4736 -46.1123 31.6250 -33.3153 -44.3380 -16.6930 -39.4181 11.9588 -27.9344 -47.7783 34.9835 -34.7352 -34.6088 -20.7310 -41.1530 16.6952 -29.2279 -48.7691 29.3734 -35.8347 -17.4984 -23.4194 -42.8677 21.4596 -30.5672 -48.8743 7.7664 -36.5127 -1.8226 -25.8596 -47.1896 -24.3905 -17.5222 -35.8347 29.3734 -48.7691 -29.2279 16.6952 -41.1530 -20.7310 -34.6088 -34.7352 34.9835 -47.7783 -27.9344 11.9588 -39.4181 -16.6930 -44.3380 -33.3153 31.6250 -46.1123 -26.4736 5.1900 -37.3068 -5.9902 -48.5098 -31.2862 23.6240 -43.4201 -23.8720 -15.9437 -35.7839 31.4536 -48.5217 -28.6293 13.9067 -39.8937 -17.4325 -44.1179 -33.2080 30.6717 -45.6287 -26.0092 1.5027 -36.4253 -2.8795
-36.9781 0.1807 -25.8300 -45.3881 29.9217 -33.0078 -44.9209 -16.7705 -39.6568 13.2469 -28.4480 -48.3891 32.6614 -35.6575 -18.3197 -23.6251 -43.2465 23.1809 -31.1894 -48.5572 -5.4915 -37.2779 5.1900 -26.4948 -46.1665 31.8641 -33.4018 -43.8607 -17.1306 -39.5893 12.4861 -28.0817 -47.9330 34.9178 -34.8997 -32.6736 -21.1657 -41.3947 17.3535 -29.4139 -48.8521 27.3328 -35.9634 -14.7930 -23.7362 -43.1110 22.1625 -30.7596 -48.7903 4.2918 -36.5531 -0.3441 -25.5708 -44.8359 35.6254 -43.3325 -23.7573 -14.7930 -35.9634 27.3328 -48.8521 -29.4139 17.3535 -41.3947 -21.1657 -32.6736 -34.8997 34.9178 -47.9330 -28.0817 12.4861 -39.5893 -17.1306 -43.8607 -33.4018 31.8641 -46.1665 -26.4948 5.1900 -37.2779 -5.4915 -48.5572 -31.1894 23.1809 -43.2465 -23.6251 -18.3197 -35.6575 32.6614 -48.3891 -28.4480 13.2469 -39.6568 -16.7705 -44.9209 -33.0078 29.9217 -45.3881 -25.8300 0.1807 -36.9781
-2.2529 -25.6463 -45.1447 29.1557 -32.8078 -45.6291 -16.0481 -39.4179 12.5816 -28.2677 -48.2442 33.6033 -35.5153 -20.9386 -23.3309 -43.0381 22.6187 -31.0550 -48.6223 -4.4615 -37.1941 4.9502 -26.4736 -46.1665 31.9481 -33.4468 -43.5568 -17.4238 -39.7210 12.9153 -28.2094 -48.0616 34.7264 -35.0447 -30.7224 -21.5635 -41.6335 18.0157 -29.6009 -48.9165 24.9031 -36.0830 -12.1881 -24.0385 -43.3540 22.8735 -30.9525 -48.7232 1.1399 -36.6092 0.9853 -25.7551 -45.0495 28.5906 -35.9420 24.0560 -43.3493 -24.0385 -12.1881 -36.0830 24.9031 -48.9165 -29.6009 18.0157 -41.6335 -21.5635 -30.7224 -35.0447 34.7264 -48.0616 -28.2094 12.9153 -39.7210 -17.4238 -43.5568 -33.4468 31.9481 -46.1665 -26.4736 4.9502 -37.1941 -4.4615 -48.6223 -31.0550 22.6187 -43.0381 -23.3309 -20.9386 -35.5153 33.6033 -48.2442 -28.2677 12.5816 -39.4179 -16.0481 -45.6291 -32.8078 29.1557 -45.1447 -25.6463 -2.2529
-24.0708 -44.9018 28.3893 -32.6073 -46.2374 -15.2630 -39.1739 11.8917 -28.0887 -48.0882 34.2752 -35.3628 -23.6264 -23.0002 -42.8052 21.9709 -30.8933 -48.6863 -2.9039 -37.0626 4.4856 -26.4137 -46.1123 31.8641 -33.4468 -43.4523 -17.5673 -39.8022 13.2188 -28.3094 -48.1644 34.4485 -35.1701 -28.8610 -21.9058 -41.8553 18.6541 -29.7863 -48.9602 22.0817 -36.1926 -9.7399 -24.3263 -43.5966 23.5928 -31.1461 -48.6581 -1.6293 -36.7604 2.1946 -25.9330 -45.2871 28.8411 -33.3854 -29.5149 -32.5615 23.5880 -43.5966 -24.3263 -9.7399 -36.1926 22.0817 -48.9602 -29.7863 18.6541 -41.8553 -21.9058 -28.8610 -35.1701 34.4485 -48.1644 -28.3094 13.2188 -39.8022 -17.5673 -43.4523 -33.4468 31.8641 -46.1123 -26.4137 4.4856 -37.0626 -2.9039 -48.6863 -30.8933 21.9709 -42.8052 -23.0002 -23.6264 -35.3628 34.2752 -48.0882 -28.0887 11.8917 -39.1739 -15.2630 -46.2374 -32.6073 28.3893 -44.9018 -24.0708
-44.7255 27.6089 -32.4038 -46.7667 -14.3964 -38.9302 11.1803 -27.9084 -47.9222 34.7088 -35.2045 -26.2125 -22.6495 -42.5618 21.2802 -30.7100 -48.7352 -0.8006 -36.8933 3.8121 -26.3182 -46.0065 31.6250 -33.4018 -43.5568 -17.5673 -39.8293 13.3700 -28.3712 -48.2348 34.1517 -35.2734 -27.1384 -22.1972 -42.0503 19.2302 -29.9590 -48.9807 18.9420 -36.2912 -7.4855 -24.5996 -43.8387 24.3198 -31.3402 -48.5574 -4.0205 -36.9827 3.3034 -26.0998 -45.5193 29.5824 -32.7429 -46.1563 -23.0639 -48.3169 -31.4117 24.3198 -43.8387 -24.5996 -7.4855 -36.2912 18.9420 -48.9807 -29.9590 19.2302 -42.0503 -22.1972 -27.1384 -35.2734 34.1517 -48.2348 -28.3712 13.3700 -39.8293 -17.5673 -43.5568 -33.4018 31.6250 -46.0065 -26.3182 3.8121 -36.8933 -0.8006 -48.7352 -30.7100 21.2802 -42.5618 -22.6495 -26.2125 -35.2045 34.7088 -47.9222 -27.9084 11.1803 -38.9302 -14.3964 -46.7667 -32.4038 27.6089 -44.7255
27.0117 -32.1100 -47.2165 -13.4453 -38.6899 10.4600 -27.7251 -47.7419 34.9361 -35.0411 -28.6589 -22.2831 -42.3184 20.5874 -30.5179 -48.8062 1.9152 -36.6967 2.9342 -26.1937 -45.8546 31.2332 -33.3153 -43.8607 -17.4238 -39.8022 13.3700 -28.3918 -48.2692 33.9317 -35.3456 -25.7412 -22.4369 -42.2212 19.7352 -30.1107 -48.9797 15.7673 -36.3745 -5.4675 -24.8583 -44.0800 25.0541 -31.5346 -48.4178 -6.0748 -37.2064 4.3284 -26.2646 -45.7489 30.3101 -32.9065 -45.9380 -15.4135 -41.2411 -8.6700 -48.4193 -31.5346 25.0541 -44.0800 -24.8583 -5.4675 -36.3745 15.7673 -48.9797 -30.1107 19.7352 -42.2212 -22.4369 -25.7412 -35.3456 33.9317 -48.2692 -28.3918 13.3700 -39.8022 -17.4238 -43.8607 -33.3153 31.2332 -45.8546 -26.1937 2.9342 -36.6967 1.9152 -48.8062 -30.5179 20.5874 -42.3184 -22.2831 -28.6589 -35.0411 34.9361 -47.7419 -27.7251 10.4600 -38.6899 -13.4453 -47.2165 -32.1100 27.0117
-31.2713 -47.5962 -12.3894 -38.4484 9.7141 -27.5430 -47.5501 34.9783 -34.8718 -30.9420 -21.9002 -42.0752 19.9022 -30.3265 -48.8944 5.1587 -36.5775 1.8772 -26.0508 -45.6679 30.7105 -33.1870 -44.3380 -17.1306 -39.7210 13.2188 -28.3712 -48.2692 33.8517 -35.3813 -24.8603 -22.6035 -42.3568 20.1657 -30.2431 -48.9627 12.8534 -36.4389 -3.7741 -25.0917 -44.3171 25.7947 -31.7293 -48.2353 -7.8449 -37.4313 5.2835 -26.4307 -45.9758 31.0205 -33.0995 -45.3010 -15.6521 -39.2014 20.3800 -37.8006 -7.8201 -48.2353 -31.7293 25.7947 -44.3171 -25.0917 -3.7741 -36.4389 12.8534 -48.9627 -30.2431 20.1657 -42.3568 -22.6035 -24.8603 -35.3813 33.8517 -48.2692 -28.3712 13.2188 -39.7210 -17.1306 -44.3380 -33.1870 30.7105 -45.6679 -26.0508 1.8772 -36.5775 5.1587 -48.8944 -30.3265 19.9022 -42.0752 -21.9002 -30.9420 -34.8718 34.9783 -47.5501 -27.5430 9.7141 -38.4484 -12.3894 -47.5962 -31.2713
-48.1500 -11.2119 -38.2089 8.9479 -27.3629 -47.3532 34.8572 -34.6941 -33.0834 -21.4984 -41.8323 19.2242 -30.1358 -48.9520 8.6970 -36.5444 0.6557 -25.8888 -45.4565 30.0934 -33.0308 -44.9083 -16.6930 -39.5893 12.9153 -28.3094 -48.2348 33.9317 -35.3813 -24.5634 -22.6856 -42.4402 20.4793 -30.3486 -48.9368 10.3209 -36.4852 -2.4280 -25.2869 -44.5327 26.4975 -31.9174 -48.0094 -9.3813 -37.6574 6.1805 -26.5980 -46.1995 31.7065 -33.2915 -44.5748 -16.3863 -39.2873 11.9463 -32.5024 7.5127 -37.6577 -9.3813 -48.0094 -31.9174 26.4975 -44.5327 -25.2869 -2.4280 -36.4852 10.3209 -48.9368 -30.3486 20.4793 -42.4402 -22.6856 -24.5634 -35.3813 33.9317 -48.2348 -28.3094 12.9153 -39.5893 -16.6930 -44.9083 -33.0308 30.0934 -45.4565 -25.8888 0.6557 -36.5444 8.6970 -48.9520 -30.1358 19.2242 -41.8323 -21.4984 -33.0834 -34.6941 34.8572 -47.3532 -27.3629 8.9479 -38.2089 -11.2119 -48.1500
-12.3519 -37.9724 8.1616 -27.1828 -47.1471 34.5949 -34.5091 -35.0883 -21.0674 -41.5863 18.5524 -29.9461 -48.9793 12.3794 -36.4996 -0.7080 -25.7066 -45.2271 29.3932 -32.8540 -45.5005 -16.1313 -39.4181 12.4861 -28.2094 -48.1644 34.1517 -35.3456 -24.8603 -22.6856 -42.4680 20.6367 -30.4141 -48.9108 8.3344 -36.5169 -1.3852 -25.4440 -44.7165 27.1173 -32.0888 -47.7505 -10.6731 -37.8816 7.0292 -26.7666 -46.4196 32.3600 -33.4824 -43.7478 -17.0658 -39.5230 12.1984 -28.6730 -48.7969 -27.8617 7.0204 -37.8816 -10.6731 -47.7505 -32.0888 27.1173 -44.7165 -25.4440 -1.3852 -36.5169 8.3344 -48.9108 -30.4141 20.6367 -42.4680 -22.6856 -24.8603 -35.3456 34.1517 -48.1644 -28.2094 12.4861 -39.4181 -16.1313 -45.5005 -32.8540 29.3932 -45.2271 -25.7066 -0.7080 -36.4996 12.3794 -48.9793 -29.9461 18.5524 -41.5863 -21.0674 -35.0883 -34.5091 34.5949 -47.1471 -27.1828 8.1616 -37.9724 -12.3519
-38.3957 7.3330 -27.0047 -46.9344 34.2150 -34.3223 -36.8992 -20.6099 -41.3367 17.8752 -29.7555 -48.9792 16.0229 -36.4389 -2.2196 -25.5074 -44.9922 28.6518 -32.6629 -46.0844 -15.4448 -39.2172 11.9588 -28.0817 -48.0616 34.4485 -35.2734 -25.7412 -22.6035 -42.4402 20.6367 -30.4360 -48.8946 7.1027 -36.5369 -0.6116 -25.5685 -44.8724 27.6524 -32.2392 -47.4785 -11.7240 -38.0907 7.8039 -26.9340 -46.6357 32.9711 -33.6718 -42.8103 -17.6997 -39.7594 12.8710 -28.1895 -47.6882 4.2569 -46.4329 -26.9719 7.8040 -38.0907 -11.7240 -47.4785 -32.2392 27.6524 -44.8724 -25.5685 -0.6116 -36.5369 7.1027 -48.8946 -30.4360 20.6367 -42.4402 -22.6035 -25.7412 -35.2734 34.4485 -48.0616 -28.0817 11.9588 -39.2172 -15.4448 -46.0844 -32.6629 28.6518 -44.9922 -25.5074 -2.2196 -36.4389 16.0229 -48.9792 -29.7555 17.8752 -41.3367 -20.6099 -36.8992 -34.3223 34.2150 -46.9344 -27.0047 7.3330 -38.3957
6.1649 -26.8362 -46.7182 33.7427 -34.1324 -38.5296 -20.1282 -41.0847 17.1856 -29.5634 -48.9528 19.4648 -36.3635 -3.9024 -25.2919 -44.7556 27.9048 -32.4686 -46.6145 -14.6441 -38.9932 11.3368 -27.9344 -47.9330 34.7264 -35.1701 -27.1384 -22.4369 -42.3568 20.4793 -30.4141 -48.8946 6.6976 -36.5460 -0.1318 -25.6568 -44.9973 28.1016 -32.3673 -47.2105 -12.5706 -38.2777 8.4717 -27.0903 -46.8383 33.5211 -33.8596 -41.7523 -18.2937 -39.9967 13.5337 -28.3501 -48.1506 34.4692 -37.3814 34.4444 -46.8203 -27.0895 8.4717 -38.2777 -12.5706 -47.2105 -32.3673 28.1016 -44.9973 -25.6568 -0.1318 -36.5460 6.6976 -48.8946 -30.4141 20.4793 -42.3568 -22.4369 -27.1384 -35.1701 34.7264 -47.9330 -27.9344 11.3368 -38.9932 -14.6441 -46.6145 -32.4686 27.9048 -44.7556 -25.2919 -3.9024 -36.3635 19.4648 -48.9528 -29.5634 17.1856 -41.0847 -20.1282 -38.5296 -34.1324 33.7427 -46.7182 -26.8362 6.1649
-25.4128 -46.4946 33.1879 -33.9410 -39.9901 -19.6205 -40.8341 16.5017 -29.3702 -48.9026 22.6361 -36.2745 -5.7776 -25.0608 -44.5174 27.1558 -32.2739 -47.0703 -13.7564 -38.7601 10.6526 -27.7685 -47.7783 34.9178 -35.0447 -28.8610 -22.1972 -42.2212 20.1657 -30.3486 -48.9108 7.1027 -36.5460 0.0244 -25.7011 -45.0780 28.4325 -32.4702 -46.9597 -13.2381 -38.4424 9.0442 -27.2282 -47.0159 33.9737 -34.0376 -40.5811 -18.8526 -40.2350 14.1918 -28.5309 -48.3118 34.0120 -35.8174 2.5995 -35.1282 33.9746 -47.0161 -27.2282 9.0442 -38.4424 -13.2381 -46.9597 -32.4702 28.4325 -45.0780 -25.7011 0.0244 -36.5460 7.1027 -48.9108 -30.3486 20.1657 -42.2212 -22.1972 -28.8610 -35.0447 34.9178 -47.7783 -27.7685 10.6526 -38.7601 -13.7564 -47.0703 -32.2739 27.1558 -44.5174 -25.0608 -5.7776 -36.2745 22.6361 -48.9026 -29.3702 16.5017 -40.8341 -19.6205 -39.9901 -33.9410 33.1879 -46.4946 -25.4128
-46.2325 32.5667 -33.7480 -41.2768 -19.0898 -40.5865 15.8263 -29.1763 -48.8310 25.4912 -36.1696 -7.8901 -24.8145 -44.2780 26.4078 -32.0790 -47.4584 -12.7782 -38.5282 9.9429 -27.5936 -47.6012 34.9835 -34.8997 -30.7224 -21.9058 -42.0503 19.7352 -30.2431 -48.9368 8.3344 -36.5369 -0.1318 -25.7011 -45.1049 28.6030 -32.5370 -46.7586 -13.7435 -38.5811 9.5292 -27.3488 -47.1672 34.3151 -34.1953 -39.3718 -19.3585 -40.4706 14.8469 -28.7129 -48.4512 33.2083 -35.4608 -23.4494 -28.2101 -36.9763 -34.2725 34.3150 -47.1672 -27.3488 9.5292 -38.5811 -13.7435 -46.7586 -32.5370 28.6030 -45.1049 -25.7011 -0.1318 -36.5369 8.3344 -48.9368 -30.2431 19.7352 -42.0503 -21.9058 -30.7224 -34.8997 34.9835 -47.6012 -27.5936 9.9429 -38.5282 -12.7782 -47.4584 -32.0790 26.4078 -44.2780 -24.8145 -7.8901 -36.1696 25.4912 -48.8310 -29.1763 15.8263 -40.5865 -19.0898 -41.2768 -33.7480 32.5667 -46.2325
31.2414 -33.4196 -42.4308 -18.5217 -40.3367 15.1442 -28.9847 -48.7395 27.9217 -36.0535 -10.2505 -24.5494 -44.0374 25.6632 -31.8840 -47.7849 -11.6910 -38.2975 9.2139 -27.4191 -47.4121 34.9032 -34.7352 -32.6736 -21.5635 -41.8553 19.2302 -30.1107 -48.9627 10.3209 -36.5169 -0.6116 -25.6568 -45.0780 28.6030 -32.5592 -46.6494 -14.0577 -38.6838 9.9123 -27.4522 -47.2958 34.5616 -34.3304 -38.2098 -19.7898 -40.6899 15.4729 -28.8933 -48.5778 32.1321 -35.5827 -22.4226 -23.2688 -45.1409 -20.8131 -38.2435 -34.3290 34.5616 -47.2958 -27.4522 9.9123 -38.6838 -14.0577 -46.6494 -32.5592 28.6030 -45.0780 -25.6568 -0.6116 -36.5169 10.3209 -48.9627 -30.1107 19.2302 -41.8553 -21.5635 -32.6736 -34.7352 34.9032 -47.4121 -27.4191 9.2139 -38.2975 -11.6910 -47.7849 -31.8840 25.6632 -44.0374 -24.5494 -10.2505 -36.0535 27.9217 -48.7395 -28.9847 15.1442 -40.3367 -18.5217 -42.4308 -33.4196 31.2414
-32.7692 -43.4521 -17.9171 -40.0885 14.4631 -28.7946 -48.6316 29.9161 -35.9267 -12.8427 -24.2621 -43.7895 24.9152 -31.6892 -48.0556 -10.4717 -38.0679 8.4611 -27.2458 -47.2161 34.6870 -34.5600 -34.6088 -21.1657 -41.6335 18.6541 -29.9590 -48.9797 12.8534 -36.4852 -1.3852 -25.5685 -44.9973 28.4325 -32.5370 -46.6494 -14.1602 -38.7369 10.1579 -27.5294 -47.3992 34.7326 -34.4459 -37.1326 -20.1483 -40.8822 16.0336 -29.0616 -48.6858 30.7607 -35.7256 -19.6928 -23.1612 -42.7652 31.4271 -41.1948 -20.1516 -37.1322 -34.4459 34.7326 -47.3992 -27.5294 10.1579 -38.7369 -14.1602 -46.6494 -32.5370 28.4325 -44.9973 -25.5685 -1.3852 -36.4852 12.8534 -48.9797 -29.9590 18.6541 -41.6335 -21.1657 -34.6088 -34.5600 34.6870 -47.2161 -27.2458 8.4611 -38.0679 -10.4717 -48.0556 -31.6892 24.9152 -43.7895 -24.2621 -12.8427 -35.9267 29.9161 -48.6316 -28.7946 14.4631 -40.0885 -17.9171 -43.4521 -32.7692
-45.0218 -17.2774 -39.8410 13.7792 -28.6041 -48.5061 31.5398 -35.7911 -15.5936 -23.9590 -43.5376 24.1634 -31.4951 -48.2754 -9.0908 -37.8395 7.6797 -27.0738 -47.0140 34.3564 -34.3814 -36.3970 -20.7310 -41.3947 18.0157 -29.7863 -48.9807 15.7673 -36.4389 -2.4280 -25.4440 -44.8724 28.1016 -32.4702 -46.7586 -14.0577 -38.7369 10.2393 -27.5693 -47.4651 34.8345 -34.5400 -36.1511 -20.4415 -41.0475 16.5205 -29.2086 -48.7713 29.1860 -35.8544 -16.9938 -23.4830 -42.9134 22.0293 -34.6526 17.5832 -41.0426 -20.4413 -36.1511 -34.5400 34.8345 -47.4651 -27.5693 10.2393 -38.7369 -14.0577 -46.7586 -32.4702 28.1016 -44.8724 -25.4440 -2.4280 -36.4389 15.7673 -48.9807 -29.7863 18.0157 -41.3947 -20.7310 -36.3970 -34.3814 34.3564 -47.0140 -27.0738 7.6797 -37.8395 -9.0908 -48.2754 -31.4951 24.1634 -43.5376 -23.9590 -15.5936 -35.7911 31.5398 -48.5061 -28.6041 13.7792 -39.8410 -17.2774 -45.0218
-16.9195 -39.5940 13.0903 -28.4164 -48.3659 32.7993 -35.6482 -18.3995 -23.6428 -43.2874 23.4156 -31.2967 -48.4510 -7.5114 -37.6123 6.8637 -26.9029 -46.8065 33.9302 -34.1999 -38.0152 -20.2751 -41.1530 17.3535 -29.6009 -48.9602 18.9420 -36.3745 -3.7741 -25.2869 -44.7165 27.6524 -32.3673 -46.9597 -13.7435 -38.6838 10.1579 -27.5693 -47.4869 34.8775 -34.6007 -35.3702 -20.6742 -41.1848 16.9318 -29.3321 -48.8344 27.5839 -35.9617 -14.5655 -23.7795 -43.1521 22.2891 -31.6135 -43.6241 -30.6972 16.9179 -41.1848 -20.6742 -35.3702 -34.6007 34.8775 -47.4869 -27.5693 10.1579 -38.6838 -13.7435 -46.9597 -32.3673 27.6524 -44.7165 -25.2869 -3.7741 -36.3745 18.9420 -48.9602 -29.6009 17.3535 -41.1530 -20.2751 -38.0152 -34.1999 33.9302 -46.8065 -26.9029 6.8637 -37.6123 -7.5114 -48.4510 -31.2967 23.4156 -43.2874 -23.6428 -18.3995 -35.6482 32.7993 -48.3659 -28.4164 13.0903 -39.5940 -16.9195
-39.8491 12.4023 -28.2301 -48.2150 33.7275 -35.4936 -21.2471 -23.3078 -43.0339 22.6677 -31.0958 -48.5851 -5.6608 -37.3863 6.0061 -26.7333 -46.5940 33.4253 -34.0159 -39.4721 -19.7960 -40.9119 16.6952 -29.4139 -48.9165 22.0817 -36.2912 -5.4675 -25.0917 -44.5327 27.1173 -32.2392 -47.2105 -13.2381 -38.5811 9.9123 -27.5294 -47.4651 34.8775 -34.6209 -34.9536 -20.8261 -41.2877 17.2595 -29.4330 -48.8785 26.0609 -36.0487 -12.5522 -24.0302 -43.3681 22.9554 -31.0039 -48.6778 -18.1735 -48.7395 -29.4976 17.2594 -41.2877 -20.8261 -34.9536 -34.6209 34.8775 -47.4651 -27.5294 9.9123 -38.5811 -13.2381 -47.2105 -32.2392 27.1173 -44.5327 -25.0917 -5.4675 -36.2912 22.0817 -48.9165 -29.4139 16.6952 -40.9119 -19.7960 -39.4721 -34.0159 33.4253 -46.5940 -26.7333 6.0061 -37.3863 -5.6608 -48.5851 -31.0958 22.6677 -43.0339 -23.3078 -21.2471 -35.4936 33.7275 -48.2150 -28.2301 12.4023 -39.8491
11.6989 -28.0332 -48.0504 34.3814 -35.3350 -24.0368 -22.9567 -42.7806 21.9302 -30.8956 -48.6793 -3.4676 -37.1556 5.0862 -26.5650 -46.3771 32.8564 -33.8296 -40.7780 -19.2914 -40.6715 16.0395 -29.2279 -48.8521 24.9031 -36.1926 -7.4855 -24.8583 -44.3171 26.4975 -32.0888 -47.4785 -12.5706 -38.4424 9.5292 -27.4522 -47.3992 34.8345 -34.6007 -34.9536 -20.8764 -41.3430 17.4763 -29.5175 -48.9008 24.6967 -36.1272 -10.9150 -24.2815 -43.5553 23.5633 -31.2835 -48.6516 -3.1726 -39.2002 20.4106 -48.7765 -29.5765 17.4732 -41.3430 -20.8764 -34.9536 -34.6007 34.8345 -47.3992 -27.4522 9.5292 -38.4424 -12.5706 -47.4785 -32.0888 26.4975 -44.3171 -24.8583 -7.4855 -36.1926 24.9031 -48.8521 -29.2279 16.0395 -40.6715 -19.2914 -40.7780 -33.8296 32.8564 -46.3771 -26.5650 5.0862 -37.1556 -3.4676 -48.6793 -30.8956 21.9302 -42.7806 -22.9567 -24.0368 -35.3350 34.3814 -48.0504 -28.0332 11.6989
-26.7500 -47.8748 34.7820 -35.1708 -26.6844 -22.5916 -42.5272 21.2012 -30.6940 -48.7370 -0.8709 -36.9229 4.0886 -26.3962 -46.1562 32.2361 -33.6414 -41.9438 -18.7585 -40.4318 15.3854 -29.0429 -48.7691 27.3328 -36.0830 -9.7399 -24.5996 -44.0800 25.7947 -31.9174 -47.7505 -11.7240 -38.2777 9.0442 -27.3488 -47.2958 34.7326 -34.5400 -35.3702 -20.8261 -41.3430 17.5518 -29.5735 -48.6997 22.8351 -36.2290 -8.9382 -24.8095 -43.9772 25.9065 -32.6632 -48.0646 -7.1836 -37.2787 15.8415 -37.5971 15.6523 -48.7654 -30.3535 17.5460 -41.3429 -20.8261 -35.3702 -34.5400 34.7326 -47.2958 -27.3488 9.0442 -38.2777 -11.7240 -47.7505 -31.9174 25.7947 -44.0800 -24.5996 -9.7399 -36.0830 27.3328 -48.7691 -29.0429 15.3854 -40.4318 -18.7585 -41.9438 -33.6414 32.2361 -46.1562 -26.3962 4.0886 -36.9229 -0.8709 -48.7370 -30.6940 21.2012 -42.5272 -22.5916 -26.6844 -35.1708 34.7820 -47.8748 -26.7500
-47.5782 34.9530 -34.9979 -29.2020 -22.2066 -42.2735 20.4801 -30.4953 -48.8111 2.1349 -36.6941 3.0119 -26.2254 -45.9281 31.5738 -33.4516 -42.9803 -18.1938 -40.1928 14.7313 -28.8590 -48.6690 29.3734 -35.9634 -12.1881 -24.3263 -43.8387 25.0541 -31.7293 -48.0094 -10.6731 -38.0907 8.4717 -27.2282 -47.1672 34.5616 -34.4459 -36.1511 -20.6742 -41.2877 17.4763 -29.5735 -48.4816 -9.0735 -34.0405 -13.2913 -25.5793 -46.3329 31.6589 -34.3985 -34.7787 -20.2974 -40.8583 13.1392 -34.8983 27.6679 -41.1248 -19.4333 -48.7363 -30.9363 17.4708 -41.2877 -20.6742 -36.1511 -34.4459 34.5616 -47.1672 -27.2282 8.4717 -38.0907 -10.6731 -48.0094 -31.7293 25.0541 -43.8387 -24.3263 -12.1881 -35.9634 29.3734 -48.6690 -28.8590 14.7313 -40.1928 -18.1938 -42.9803 -33.4516 31.5738 -45.9281 -26.2254 3.0119 -36.6941 2.1349 -48.8111 -30.4953 20.4801 -42.2735 -22.2066 -29.2020 -34.9979 34.9530 -47.5782
31.5323 -34.6411 -31.5316 -21.8048 -42.0230 19.7754 -30.2974 -48.9022 5.5087 -36.5673 1.8285 -26.0539 -45.6906 30.8622 -33.2591 -43.8980 -17.5933 -39.9548 14.0758 -28.6762 -48.5536 31.0438 -35.8347 -14.7930 -24.0385 -43.5966 24.3198 -31.5346 -48.2353 -9.3813 -37.8816 7.8039 -27.0903 -47.0159 34.3151 -34.3304 -37.1326 -20.4415 -41.1848 17.2595 -29.5175 -48.6417 -10.9095 -6.9888 -44.4152 26.8928 -42.3643 25.0530 -52.5064 -18.5528 -37.9789 -40.1314 19.0492 -16.0593 15.4265 -40.9923 36.4205 -33.8680 19.6825 -48.7251 -30.3158 17.2568 -41.1848 -20.4413 -37.1322 -34.3290 34.3150 -47.0161 -27.0895 7.8040 -37.8816 -9.3813 -48.2353 -31.5346 24.3198 -43.5966 -24.0385 -14.7930 -35.8347 31.0438 -48.5536 -28.6762 14.0758 -39.9547 -17.5933 -43.8978 -33.2577 30.8622 -45.6908 -26.0534 1.8287 -36.5671 5.5072 -48.9022 -30.2974 19.7755 -42.0230 -21.8048 -31.5319 -34.6397 31.5323
-34.2394 -33.6542 -21.3866 -41.7701 19.0707 -30.0983 -48.9574 9.2277 -36.5377 0.5286 -25.8776 -45.4507 30.1179 -33.0610 -44.7193 -16.9504 -39.7176 13.4171 -28.4945 -48.4244 32.3715 -35.6978 -17.4984 -23.7362 -43.3540 23.5928 -31.3402 -48.4178 -7.8449 -37.6574 7.0292 -26.9340 -46.8383 33.9737 -34.1953 -38.2098 -20.1483 -41.0475 16.9318 -29.4330 -48.8447 17.6987 -42.2508 24.1594 -26.4311 -63.0320 28.6065 -66.6860 -11.2554 -3.3197 -44.5295 27.0204 -68.7990 -53.5625 -8.9332 -31.6436 1.6221 -60.6980 10.1364 -21.7071 -48.6459 -29.5436 16.9179 -41.0426 -20.1516 -38.2435 -34.2725 33.9746 -46.8203 -26.9719 7.0204 -37.6577 -7.8201 -48.4193 -31.4117 23.5880 -43.3493 -23.7573 -17.5222 -35.7631 32.4104 -48.3928 -28.5472 13.4039 -39.7142 -16.9439 -44.7350 -33.1361 30.1061 -45.4380 -25.9065 0.4984 -36.5491 9.3086 -48.8968 -30.1611 19.0642 -41.7673 -21.3965 -33.6720 -34.3460
