-48.2469 24.5137 -35.2842 -25.5255 -21.6344 -42.5678 20.2109 -29.2415 -48.8118 3.8185 -36.4392 -7.2483 -23.4833 -44.1378 25.1516 -30.7105 -48.5958 -9.7190 -37.8631 3.5486 -24.9203 -45.6767 29.8670 -32.2057 -46.6083 -15.4788 -39.2939 9.7651 -26.2411 -47.1021 32.2452 -33.6933 -40.8423 -18.8723 -40.7888 14.7140 -27.6083 -48.2470 26.6594 -35.0989 -28.1768 -21.3170 -42.3313 19.4790 -29.0232 -48.8100 7.0853 -36.2916 -9.6640 -23.2307 -43.9007 24.3962 -30.5301 -48.6082 -19.7674 -48.8280 -29.1161 19.4789 -42.3313 -21.3170 -28.1768 -35.0989 26.6594 -48.2470 -27.6083 14.7140 -40.7888 -18.8723 -40.8423 -33.6933 32.2452 -47.1021 -26.2411 9.7651 -39.2939 -15.4788 -46.6083 -32.2057 29.8670 -45.6767 -24.9203 3.5486 -37.8631 -9.7190 -48.5958 -30.7105 25.1516 -44.1378 -23.4833 -7.2483 -36.4392 3.8185 -48.8118 -29.2415 20.2109 -42.5678 -21.6344 -25.5255 -35.2842 24.5137 -48.2469
24.5137 -35.1024 -21.3234 -22.9884 -42.5658 20.6163 -30.2843 -48.9489 12.2368 -36.1144 -3.8819 -25.0681 -44.2748 25.6442 -31.6098 -48.2812 -7.4539 -37.3737 5.0317 -26.4009 -45.9119 30.8118 -32.9321 -45.5005 -15.4223 -38.9767 10.6001 -27.5747 -47.3918 34.6474 -34.1979 -38.2318 -19.7193 -40.6342 15.2755 -28.8081 -48.5315 32.5610 -35.3005 -23.5117 -22.6637 -42.3220 19.9111 -30.0905 -48.9773 16.0821 -36.0513 -5.8678 -24.8058 -44.0205 24.8630 -31.4087 -48.4630 -6.8601 -39.6214 9.9789 -48.9109 -30.0905 19.9111 -42.3220 -22.6637 -23.5117 -35.3005 32.5610 -48.5315 -28.8081 15.2755 -40.6342 -19.7193 -38.2318 -34.1979 34.6474 -47.3918 -27.5747 10.6001 -38.9767 -15.4223 -45.5005 -32.9321 30.8118 -45.9119 -26.4009 5.0317 -37.3737 -7.4539 -48.2812 -31.6098 25.6442 -44.2748 -25.0681 -3.8819 -36.1144 12.2368 -48.9489 -30.2843 20.6163 -42.5658 -22.9884 -21.3234 -35.1024 24.5137
-35.2842 -21.3234 -23.1201 -42.7264 21.1814 -30.5044 -48.8961 8.5548 -36.4956 -2.1727 -25.2975 -44.5220 26.4207 -31.8897 -48.0523 -9.0924 -37.6091 5.9819 -26.5593 -46.1459 31.5361 -33.2479 -44.7717 -16.1931 -39.2209 11.3181 -27.7604 -47.5875 34.8921 -34.5448 -36.5656 -20.2228 -40.8822 15.9573 -29.0214 -48.6539 31.2552 -35.6767 -20.7020 -23.0254 -42.5759 20.6178 -30.3356 -48.9495 12.3287 -36.4368 -3.9261 -25.0565 -44.2692 25.6337 -31.6837 -48.2839 -7.3998 -37.5454 15.6555 -36.7456 12.4171 -48.9506 -30.3356 20.6178 -42.5759 -23.0254 -20.7020 -35.6767 31.2552 -48.6539 -29.0214 15.9573 -40.8822 -20.2228 -36.5656 -34.5448 34.8921 -47.5875 -27.7604 11.3181 -39.2209 -16.1931 -44.7717 -33.2479 31.5361 -46.1459 -26.5593 5.9819 -37.6091 -9.0924 -48.0523 -31.8897 26.4207 -44.5220 -25.2975 -2.1727 -36.4956 8.5548 -48.8961 -30.5044 21.1814 -42.7264 -23.1201 -21.3234 -35.2842
-25.5255 -22.9884 -42.7264 21.4108 -30.6096 -48.8376 5.5042 -36.5372 -0.7060 -25.5109 -44.7637 27.1813 -32.0895 -47.7722 -10.5263 -37.8454 6.8752 -26.7339 -46.3735 32.2253 -33.4457 -43.9361 -16.9129 -39.4657 12.0286 -27.9447 -47.7772 34.9837 -34.7289 -34.7188 -20.6997 -41.1330 16.6329 -29.2134 -48.7585 29.5607 -35.8180 -17.8516 -23.3733 -42.8293 21.3405 -30.5336 -48.8876 8.4985 -36.5019 -2.1768 -25.2961 -44.5187 26.4024 -31.8862 -48.0588 -9.0687 -37.6052 6.5363 -31.5327 0.2188 -36.5246 8.4971 -48.8876 -30.5336 21.3405 -42.8293 -23.3733 -17.8516 -35.8180 29.5607 -48.7585 -29.2134 16.6329 -41.1330 -20.6997 -34.7188 -34.7289 34.9837 -47.7772 -27.9447 12.0286 -39.4657 -16.9129 -43.9361 -33.4457 32.2253 -46.3735 -26.7339 6.8752 -37.8454 -10.5263 -47.7722 -32.0895 27.1813 -44.7637 -25.5109 -0.7060 -36.5372 5.5042 -48.8376 -30.6096 21.4108 -42.7264 -22.9884 -25.5255
-21.6344 -42.5658 21.1814 -30.6096 -48.8107 3.7647 -36.5620 0.4152 -25.6897 -44.9875 27.9103 -32.2831 -47.4380 -11.7562 -38.0802 7.7133 -26.9097 -46.5992 32.8650 -33.6421 -42.9918 -17.5834 -39.7090 12.7279 -28.1302 -47.9576 34.9044 -34.9057 -32.6765 -21.1529 -41.3850 17.3175 -29.4075 -48.8463 27.4884 -35.9519 -15.0567 -23.7053 -43.0825 22.0713 -30.7325 -48.7996 4.8264 -36.5450 -0.6080 -25.5187 -44.7667 27.1820 -32.0893 -47.7762 -10.4917 -37.8423 6.8575 -27.3290 -48.4888 -26.5178 -0.6380 -36.5446 4.8264 -48.7996 -30.7325 22.0713 -43.0825 -23.7053 -15.0567 -35.9519 27.4884 -48.8463 -29.4075 17.3175 -41.3850 -21.1529 -32.6765 -34.9057 34.9044 -47.9576 -28.1302 12.7279 -39.7090 -17.5834 -42.9918 -33.6421 32.8650 -46.5992 -26.9097 7.7133 -38.0802 -11.7562 -47.4380 -32.2831 27.9103 -44.9875 -25.6897 0.4152 -36.5620 3.7647 -48.8107 -30.6096 21.1814 -42.5658 -21.6344
-42.5678 20.6163 -30.5044 -48.8376 3.7647 -36.5710 1.0389 -25.8098 -45.1693 28.5525 -32.4609 -47.0643 -12.8221 -38.3104 8.5041 -27.0830 -46.8173 33.4467 -33.8339 -41.9255 -18.2028 -39.9562 13.4119 -28.3174 -48.1283 34.6243 -35.0782 -30.4673 -21.5857 -41.6351 18.0081 -29.6009 -48.9139 24.9759 -36.0767 -12.3310 -24.0185 -43.3360 22.8104 -30.9342 -48.7287 1.5244 -36.5922 0.7880 -25.7247 -45.0104 27.9620 -32.2923 -47.4330 -11.7574 -38.0778 7.7120 -26.9222 -46.4926 28.1201 -45.0742 -25.7547 0.7879 -36.5922 1.5244 -48.7287 -30.9342 22.8104 -43.3360 -24.0185 -12.3310 -36.0767 24.9759 -48.9139 -29.6009 18.0081 -41.6351 -21.5857 -30.4673 -35.0782 34.6243 -48.1283 -28.3174 13.4119 -39.9562 -18.2028 -41.9255 -33.8339 33.4467 -46.8173 -27.0830 8.5041 -38.3104 -12.8221 -47.0643 -32.4609 28.5525 -45.1693 -25.8098 1.0389 -36.5710 3.7647 -48.8376 -30.5044 20.6163 -42.5678
20.2109 -30.2843 -48.8961 5.5042 -36.5620 1.0389 -25.8518 -45.2729 29.0082 -32.6019 -46.6908 -13.7034 -38.5280 9.2344 -27.2527 -47.0246 33.9538 -34.0190 -40.7415 -18.7748 -40.2008 14.0895 -28.5034 -48.2884 34.1106 -35.2489 -28.0512 -21.9950 -41.8880 18.6969 -29.7959 -48.9588 22.0410 -36.1907 -9.7749 -24.3186 -43.5861 23.5600 -31.1345 -48.6640 -1.4004 -36.7385 2.0640 -25.9123 -45.2550 28.7315 -32.4961 -47.0229 -12.8800 -38.3166 8.5157 -27.0846 -46.8094 33.8683 -36.8808 29.9798 -45.2456 -25.9122 2.0640 -36.7385 -1.4004 -48.6640 -31.1345 23.5600 -43.5861 -24.3186 -9.7749 -36.1907 22.0410 -48.9588 -29.7959 18.6969 -41.8880 -21.9950 -28.0512 -35.2489 34.1106 -48.2884 -28.5034 14.0895 -40.2008 -18.7748 -40.7415 -34.0190 33.9538 -47.0246 -27.2527 9.2344 -38.5280 -13.7034 -46.6908 -32.6019 29.0082 -45.2729 -25.8518 1.0389 -36.5620 5.5042 -48.8961 -30.2843 20.2109
-29.2415 -48.9489 8.5548 -36.5372 0.4152 -25.8098 -45.2729 29.1763 -32.6814 -46.3965 -14.3386 -38.7135 9.8706 -27.4127 -47.2179 34.3700 -34.2029 -39.4312 -19.3068 -40.4398 14.7535 -28.6868 -48.4321 33.3398 -35.4105 -25.4565 -22.3882 -42.1411 19.3985 -29.9929 -48.9794 18.7471 -36.2954 -7.4298 -24.6036 -43.8379 24.3094 -31.3356 -48.5623 -3.9204 -36.9674 3.2277 -26.0868 -45.4970 29.5032 -32.6970 -46.5376 -13.8859 -38.5575 9.2963 -27.2639 -47.0312 33.9658 -34.8147 -9.1112 -34.0418 29.4996 -45.4971 -26.0868 3.2277 -36.9674 -3.9204 -48.5623 -31.3356 24.3094 -43.8379 -24.6036 -7.4298 -36.2954 18.7471 -48.9794 -29.9929 19.3985 -42.1411 -22.3882 -25.4565 -35.4105 33.3398 -48.4321 -28.6868 14.7535 -40.4398 -19.3068 -39.4312 -34.2029 34.3700 -47.2179 -27.4127 9.8706 -38.7135 -14.3386 -46.3965 -32.6814 29.1763 -45.2729 -25.8098 0.4152 -36.5372 8.5548 -48.9489 -29.2415
-48.8118 12.2368 -36.4956 -0.7060 -25.6897 -45.1693 29.0082 -32.6814 -46.2823 -14.6825 -38.8431 10.3605 -27.5480 -47.3871 34.6726 -34.3752 -37.9912 -19.8106 -40.6796 15.4075 -28.8698 -48.5606 32.3044 -35.5619 -22.7909 -22.7600 -42.3912 20.1063 -30.1907 -48.9724 15.0960 -36.3820 -5.3064 -24.8716 -44.0896 25.0732 -31.5387 -48.4177 -6.0507 -37.2005 4.2882 -26.2585 -45.7363 30.2625 -32.8973 -45.9772 -14.7981 -38.7971 10.0539 -27.4433 -47.2409 34.3998 -34.2489 -38.4714 -26.1167 -44.9547 -32.9748 30.2625 -45.7363 -26.2585 4.2882 -37.2005 -6.0507 -48.4177 -31.5387 25.0732 -44.0896 -24.8716 -5.3064 -36.3820 15.0960 -48.9724 -30.1907 20.1063 -42.3912 -22.7600 -22.7909 -35.5619 32.3044 -48.5606 -28.8698 15.4075 -40.6796 -19.8106 -37.9912 -34.3752 34.6726 -47.3871 -27.5480 10.3605 -38.8431 -14.6825 -46.2823 -32.6814 29.0082 -45.1693 -25.6897 -0.7060 -36.4956 12.2368 -48.8118
3.8185 -36.1144 -2.1727 -25.5109 -44.9875 28.5525 -32.6019 -46.3965 -14.6825 -38.8897 10.6326 -27.6389 -47.5138 34.8519 -34.5225 -36.5398 -20.2631 -40.9136 16.0536 -29.0538 -48.6752 30.9579 -35.7058 -20.0815 -23.1071 -42.6380 20.8036 -30.3859 -48.9367 11.2799 -36.4523 -3.4256 -25.1241 -44.3377 25.8458 -31.7399 -48.2266 -7.8935 -37.4347 5.2852 -26.4304 -45.9730 31.0027 -33.0996 -45.3222 -15.6211 -39.0402 10.7836 -27.6247 -47.4418 34.7292 -34.4070 -37.8263 -20.3050 -43.3371 -16.8847 -45.3298 -33.0996 31.0027 -45.9730 -26.4304 5.2852 -37.4347 -7.8935 -48.2266 -31.7399 25.8458 -44.3377 -25.1241 -3.4256 -36.4523 11.2799 -48.9367 -30.3859 20.8036 -42.6380 -23.1071 -20.0815 -35.7058 30.9579 -48.6752 -29.0538 16.0536 -40.9136 -20.2631 -36.5398 -34.5225 34.8519 -47.5138 -27.6389 10.6326 -38.8897 -14.6825 -46.3965 -32.6019 28.5525 -44.9875 -25.5109 -2.1727 -36.1144 3.8185
-36.4392 -3.8819 -25.2975 -44.7637 27.9103 -32.4609 -46.6908 -14.3386 -38.8431 10.6326 -27.6707 -47.5813 34.9304 -34.6321 -35.2645 -20.6364 -41.1272 16.6636 -29.2322 -48.7730 29.2670 -35.8422 -17.3427 -23.4378 -42.8814 21.4988 -30.5775 -48.8695 7.5769 -36.5088 -1.7697 -25.3556 -44.5837 26.6147 -31.9418 -47.9871 -9.4826 -37.6701 6.2182 -26.6039 -46.2035 31.7183 -33.2983 -44.5656 -16.3843 -39.2842 11.5039 -27.8081 -47.6376 34.9296 -34.5939 -36.1053 -20.3502 -41.0699 26.1503 -39.6246 -16.3822 -44.5655 -33.2983 31.7183 -46.2035 -26.6039 6.2182 -37.6701 -9.4826 -47.9871 -31.9418 26.6147 -44.5837 -25.3556 -1.7697 -36.5088 7.5769 -48.8695 -30.5775 21.4988 -42.8814 -23.4378 -17.3427 -35.8422 29.2670 -48.7730 -29.2322 16.6636 -41.1272 -20.6364 -35.2645 -34.6321 34.9304 -47.5813 -27.6707 10.6326 -38.8431 -14.3386 -46.6908 -32.4609 27.9103 -44.7637 -25.2975 -3.8819 -36.4392
-7.2483 -25.0681 -44.5220 27.1813 -32.2831 -47.0643 -13.7034 -38.7135 10.3605 -27.6389 -47.5813 34.9495 -34.6905 -34.3628 -20.9077 -41.2999 17.1900 -29.3932 -48.8506 27.2998 -35.9678 -14.6410 -23.7538 -43.1247 22.2022 -30.7699 -48.7865 4.1168 -36.5484 -0.3029 -25.5665 -44.8247 27.3739 -32.1415 -47.6927 -10.8525 -37.9072 7.0984 -26.7797 -46.4324 32.3910 -33.4959 -43.7086 -17.0921 -39.5268 12.2108 -27.9926 -47.8248 34.9805 -34.7738 -34.2056 -20.8187 -41.1947 17.2067 -33.6450 13.2496 -39.5231 -17.0921 -43.7086 -33.4959 32.3910 -46.4324 -26.7797 7.0984 -37.9072 -10.8525 -47.6927 -32.1415 27.3739 -44.8247 -25.5665 -0.3029 -36.5484 4.1168 -48.7865 -30.7699 22.2022 -43.1247 -23.7538 -14.6410 -35.9678 27.2998 -48.8506 -29.3932 17.1900 -41.2999 -20.9077 -34.3628 -34.6905 34.9495 -47.5813 -27.6389 10.3605 -38.7135 -13.7034 -47.0643 -32.2831 27.1813 -44.5220 -25.0681 -7.2483
-23.4833 -44.2748 26.4207 -32.0895 -47.4380 -12.8221 -38.5280 9.8706 -27.5480 -47.5138 34.9304 -34.6905 -34.0350 -21.0501 -41.4140 17.5851 -29.5216 -48.9044 25.2408 -36.0729 -12.1832 -24.0470 -43.3643 22.9137 -30.9629 -48.7207 0.9843 -36.6099 1.0226 -25.7610 -45.0608 28.1227 -32.3365 -47.3434 -12.0455 -38.1397 7.9262 -26.9545 -46.6570 33.0230 -33.6928 -42.7236 -17.7444 -39.7732 12.9004 -28.1788 -48.0031 34.8525 -34.9497 -32.1382 -21.2674 -41.4482 17.4861 -30.2266 -47.6060 -29.4093 12.8855 -39.7732 -17.7444 -42.7236 -33.6928 33.0230 -46.6570 -26.9545 7.9262 -38.1397 -12.0455 -47.3434 -32.3365 28.1227 -45.0608 -25.7610 1.0226 -36.6099 0.9843 -48.7207 -30.9629 22.9137 -43.3643 -24.0470 -12.1832 -36.0729 25.2408 -48.9044 -29.5216 17.5851 -41.4140 -21.0501 -34.0350 -34.6905 34.9304 -47.5138 -27.5480 9.8706 -38.5280 -12.8221 -47.4380 -32.0895 26.4207 -44.2748 -23.4833
-44.1378 25.6442 -31.8897 -47.7722 -11.7562 -38.3104 9.2344 -27.4127 -47.3871 34.8519 -34.6321 -34.3628 -21.0501 -41.4550 17.8016 -29.6062 -48.9355 23.3829 -36.1556 -10.1418 -24.3028 -43.5902 23.6041 -31.1537 -48.6537 -1.7642 -36.7670 2.2288 -25.9385 -45.2950 28.8686 -32.5312 -46.9347 -13.0962 -38.3697 8.6998 -27.1271 -46.8711 33.5883 -33.8820 -41.6238 -18.3519 -40.0205 13.5909 -28.3648 -48.1710 34.5149 -35.1243 -29.8605 -21.6910 -41.7008 18.1817 -29.6729 -48.7172 -12.4102 -47.9996 -28.4119 13.5910 -40.0205 -18.3519 -41.6238 -33.8820 33.5883 -46.8711 -27.1271 8.6998 -38.3697 -13.0962 -46.9347 -32.5312 28.8686 -45.2950 -25.9385 2.2288 -36.7670 -1.7642 -48.6537 -31.1537 23.6041 -43.5902 -24.3028 -10.1418 -36.1556 23.3829 -48.9355 -29.6062 17.8016 -41.4550 -21.0501 -34.3628 -34.6321 34.8519 -47.3871 -27.4127 9.2344 -38.3104 -11.7562 -47.7722 -31.8897 25.6442 -44.1378
25.1516 -31.6098 -48.0523 -10.5263 -38.0802 8.5041 -27.2527 -47.2179 34.6726 -34.5225 -35.2645 -20.9077 -41.4140 17.8016 -29.6373 -48.9505 22.0787 -36.2149 -8.5862 -24.5115 -43.7909 24.2389 -31.3312 -48.5563 -4.1049 -36.9893 3.3349 -26.1050 -45.5271 29.6076 -32.7255 -46.4564 -14.0443 -38.6008 9.4446 -27.2996 -47.0770 34.0704 -34.0665 -40.4184 -18.9144 -40.2623 14.2664 -28.5499 -48.3258 33.9337 -35.2901 -27.3910 -22.0980 -41.9536 18.8786 -29.8469 -48.9499 19.7685 -38.3394 32.9979 -48.2949 -28.5490 14.2664 -40.2623 -18.9144 -40.4184 -34.0665 34.0704 -47.0770 -27.2996 9.4446 -38.6008 -14.0443 -46.4564 -32.7255 29.6076 -45.5271 -26.1050 3.3349 -36.9893 -4.1049 -48.5563 -31.3312 24.2389 -43.7909 -24.5115 -8.5862 -36.2149 22.0787 -48.9505 -29.6373 17.8016 -41.4140 -20.9077 -35.2645 -34.5225 34.6726 -47.2179 -27.2527 8.5041 -38.0802 -10.5263 -48.0523 -31.6098 25.1516
-30.7105 -48.2812 -9.0924 -37.8454 7.7133 -27.0830 -47.0246 34.3700 -34.3752 -36.5398 -20.6364 -41.2999 17.5851 -29.6062 -48.9505 21.5995 -36.2480 -7.6078 -24.6598 -43.9493 24.7832 -31.4852 -48.4384 -5.9840 -37.2034 4.3434 -26.2699 -45.7567 30.3348 -32.9193 -45.9014 -14.9067 -38.8330 10.1672 -27.4733 -47.2773 34.4689 -34.2498 -39.0702 -19.4390 -40.5014 14.9217 -28.7338 -48.4664 33.1003 -35.4484 -24.7870 -22.4877 -42.2040 19.5814 -30.0441 -48.9813 17.8617 -36.5272 9.7169 -36.1129 33.1490 -48.4670 -28.7338 14.9217 -40.5014 -19.4390 -39.0702 -34.2498 34.4689 -47.2773 -27.4733 10.1672 -38.8330 -14.9067 -45.9014 -32.9193 30.3348 -45.7567 -26.2699 4.3434 -37.2034 -5.9840 -48.4384 -31.4852 24.7832 -43.9493 -24.6598 -7.6078 -36.2480 21.5995 -48.9505 -29.6062 17.5851 -41.2999 -20.6364 -36.5398 -34.3752 34.3700 -47.0246 -27.0830 7.7133 -37.8454 -9.0924 -48.2812 -30.7105
-48.5958 -7.4539 -37.6091 6.8752 -26.9097 -46.8173 33.9538 -34.2029 -37.9912 -20.2631 -41.1272 17.1900 -29.5216 -48.9355 22.0787 -36.2480 -7.2705 -24.7381 -44.0528 25.1833 -31.6076 -48.3160 -7.4105 -37.3961 5.2184 -26.4282 -45.9803 31.0445 -33.1123 -45.2622 -15.6971 -39.0664 10.8716 -27.6482 -47.4712 34.7661 -34.4303 -37.5681 -19.9360 -40.7414 15.5757 -28.9170 -48.5915 31.9893 -35.5996 -22.1004 -22.8517 -42.4542 20.2826 -30.2413 -48.9667 14.1138 -36.4180 -3.7160 -30.1002 -17.8024 -35.6682 31.9893 -48.5915 -28.9170 15.5757 -40.7414 -19.9360 -37.5681 -34.4303 34.7661 -47.4712 -27.6482 10.8716 -39.0664 -15.6971 -45.2622 -33.1123 31.0445 -45.9803 -26.4282 5.2184 -37.3961 -7.4105 -48.3160 -31.6076 25.1833 -44.0528 -24.7381 -7.2705 -36.2480 22.0787 -48.9355 -29.5216 17.1900 -41.1272 -20.2631 -37.9912 -34.2029 33.9538 -46.8173 -26.9097 6.8752 -37.6091 -7.4539 -48.5958
-9.7190 -37.3737 5.9819 -26.7339 -46.5992 33.4467 -34.0190 -39.4312 -19.8106 -40.9136 16.6636 -29.3932 -48.9044 23.3829 -36.2149 -7.6078 -24.7381 -44.0906 25.4036 -31.6900 -48.2110 -8.4222 -37.5574 5.9308 -26.5686 -46.1822 31.6924 -33.2966 -44.5416 -16.4263 -39.3008 11.5613 -27.8243 -47.6581 34.9426 -34.6079 -35.9020 -20.4082 -40.9820 16.2301 -29.1013 -48.7022 30.5572 -35.7416 -19.3775 -23.1936 -42.7006 20.9816 -30.4351 -48.9228 10.3286 -36.4707 -2.9965 -25.6911 -47.0411 -24.1608 -19.4028 -35.7416 30.5572 -48.7022 -29.1013 16.2301 -40.9820 -20.4082 -35.9020 -34.6079 34.9426 -47.6581 -27.8243 11.5613 -39.3008 -16.4263 -44.5416 -33.2966 31.6924 -46.1822 -26.5686 5.9308 -37.5574 -8.4222 -48.2110 -31.6900 25.4036 -44.0906 -24.7381 -7.6078 -36.2149 23.3829 -48.9044 -29.3932 16.6636 -40.9136 -19.8106 -39.4312 -34.0190 33.4467 -46.5992 -26.7339 5.9819 -37.3737 -9.7190
-37.8631 5.0317 -26.5593 -46.3735 32.8650 -33.8339 -40.7415 -19.3068 -40.6796 16.0536 -29.2322 -48.8506 25.2408 -36.1556 -8.5862 -24.6598 -44.0528 25.4036 -31.7207 -48.1466 -9.0497 -37.6739 6.4656 -26.6856 -46.3528 32.2384 -33.4637 -43.7715 -17.0762 -39.5329 12.2393 -28.0016 -47.8372 34.9762 -34.7820 -34.0637 -20.8579 -41.2233 16.8864 -29.2866 -48.7971 28.7731 -35.8760 -16.6418 -23.5205 -42.9440 21.6789 -30.6269 -48.8466 6.6620 -36.5207 -1.3778 -25.4221 -44.6742 35.5851 -43.1735 -23.5405 -16.6417 -35.8760 28.7731 -48.7971 -29.2866 16.8864 -41.2233 -20.8579 -34.0637 -34.7820 34.9762 -47.8372 -28.0016 12.2393 -39.5329 -17.0762 -43.7715 -33.4637 32.2384 -46.3528 -26.6856 6.4656 -37.6739 -9.0497 -48.1466 -31.7207 25.4036 -44.0528 -24.6598 -8.5862 -36.1556 25.2408 -48.8506 -29.2322 16.0536 -40.6796 -19.3068 -40.7415 -33.8339 32.8650 -46.3735 -26.5593 5.0317 -37.8631
3.5486 -26.4009 -46.1459 32.2253 -33.6421 -41.9255 -18.7748 -40.4398 15.4075 -29.0538 -48.7730 27.2998 -36.0729 -10.1418 -24.5115 -43.9493 25.1833 -31.6900 -48.1466 -9.2743 -37.7355 6.7944 -26.7701 -46.4841 32.6688 -33.6093 -43.0053 -17.6312 -39.7492 12.8799 -28.1776 -48.0078 34.8424 -34.9522 -32.0480 -21.2868 -41.4652 17.5458 -29.4730 -48.8745 26.6117 -36.0019 -13.9610 -23.8327 -43.1872 22.3843 -30.8195 -48.7679 3.2764 -36.5557 0.0505 -25.6181 -44.8823 28.0641 -35.8450 23.5516 -43.1823 -23.8327 -13.9610 -36.0019 26.6117 -48.8745 -29.4730 17.5458 -41.4652 -21.2868 -32.0480 -34.9522 34.8424 -48.0078 -28.1776 12.8799 -39.7492 -17.6312 -43.0053 -33.6093 32.6688 -46.4841 -26.7701 6.7944 -37.7355 -9.2743 -48.1466 -31.6900 25.1833 -43.9493 -24.5115 -10.1418 -36.0729 27.2998 -48.7730 -29.0538 15.4075 -40.4398 -18.7748 -41.9255 -33.6421 32.2253 -46.1459 -26.4009 3.5486
-24.9203 -45.9119 31.5361 -33.4457 -42.9918 -18.2028 -40.2008 14.7535 -28.8698 -48.6752 29.2670 -35.9678 -12.1832 -24.3028 -43.7909 24.7832 -31.6076 -48.2110 -9.0497 -37.7355 6.9035 -26.8136 -46.5649 32.9671 -33.7216 -42.3142 -18.0867 -39.9424 13.4485 -28.3418 -48.1621 34.5207 -35.1180 -29.8544 -21.6965 -41.7075 18.2093 -29.6605 -48.9325 24.0581 -36.1186 -11.4000 -24.1304 -43.4301 23.0980 -31.0126 -48.7067 0.2403 -36.6409 1.3434 -25.8082 -45.1212 28.3126 -33.2516 -31.0984 -32.4213 23.0916 -43.4301 -24.1304 -11.4000 -36.1186 24.0581 -48.9325 -29.6605 18.2093 -41.7075 -21.6965 -29.8544 -35.1180 34.5207 -48.1621 -28.3418 13.4485 -39.9424 -18.0867 -42.3142 -33.7216 32.9671 -46.5649 -26.8136 6.9035 -37.7355 -9.0497 -48.2110 -31.6076 24.7832 -43.7909 -24.3028 -12.1832 -35.9678 29.2670 -48.6752 -28.8698 14.7535 -40.2008 -18.2028 -42.9918 -33.4457 31.5361 -45.9119 -24.9203
-45.6767 30.8118 -33.2479 -43.9361 -17.5834 -39.9562 14.0895 -28.6868 -48.5606 30.9579 -35.8422 -14.6410 -24.0470 -43.5902 24.2389 -31.4852 -48.3160 -8.4222 -37.6739 6.7944 -26.8136 -46.5926 33.1152 -33.7915 -41.7868 -18.4245 -40.1022 13.9385 -28.4856 -48.2928 34.0295 -35.2722 -27.5248 -22.0883 -41.9503 18.8780 -29.8489 -48.9693 21.1172 -36.2248 -9.0098 -24.4137 -43.6725 23.8197 -31.2063 -48.6309 -2.4088 -36.8240 2.5220 -25.9820 -45.3549 29.0594 -32.6111 -46.5226 -22.7525 -48.4383 -31.2730 23.8198 -43.6725 -24.4137 -9.0098 -36.2248 21.1172 -48.9693 -29.8489 18.8780 -41.9503 -22.0883 -27.5248 -35.2722 34.0295 -48.2928 -28.4856 13.9385 -40.1022 -18.4245 -41.7868 -33.7915 33.1152 -46.5926 -26.8136 6.7944 -37.6739 -8.4222 -48.3160 -31.4852 24.2389 -43.5902 -24.0470 -14.6410 -35.8422 30.9579 -48.5606 -28.6868 14.0895 -39.9562 -17.5834 -43.9361 -33.2479 30.8118 -45.6767
29.8670 -32.9321 -44.7717 -16.9129 -39.7090 13.4119 -28.5034 -48.4321 32.3044 -35.7058 -17.3427 -23.7538 -43.3643 23.6041 -31.3312 -48.4384 -7.4105 -37.5574 6.4656 -26.7701 -46.5649 33.1152 -33.8157 -41.4954 -18.6328 -40.2147 14.3150 -28.6042 -48.3979 33.4387 -35.4066 -25.2307 -22.4469 -42.1893 19.5508 -30.0382 -48.9825 17.8261 -36.3197 -6.8203 -24.6824 -43.9144 24.5491 -31.4005 -48.5186 -4.6903 -37.0467 3.6052 -26.1473 -45.5864 29.7959 -32.7754 -46.3239 -14.8469 -41.0560 -7.4999 -48.5213 -31.3992 24.5491 -43.9144 -24.6824 -6.8203 -36.3197 17.8261 -48.9825 -30.0382 19.5508 -42.1893 -22.4469 -25.2307 -35.4066 33.4387 -48.3979 -28.6042 14.3150 -40.2147 -18.6328 -41.4954 -33.8157 33.1152 -46.5649 -26.7701 6.4656 -37.5574 -7.4105 -48.4384 -31.3312 23.6041 -43.3643 -23.7538 -17.3427 -35.7058 32.3044 -48.4321 -28.5034 13.4119 -39.7090 -16.9129 -44.7717 -32.9321 29.8670
-32.2057 -45.5005 -16.1931 -39.4657 12.7279 -28.3174 -48.2884 33.3398 -35.5619 -20.0815 -23.4378 -43.1247 22.9137 -31.1537 -48.5563 -5.9840 -37.3961 5.9308 -26.6856 -46.4841 32.9671 -33.7915 -41.4954 -18.7036 -40.2754 14.5493 -28.6875 -48.4736 32.8278 -35.5176 -23.1734 -22.7505 -42.4077 20.1917 -30.2200 -48.9700 14.2688 -36.4020 -4.8401 -24.9364 -44.1554 25.2855 -31.5951 -48.3661 -6.6507 -37.2707 4.6088 -26.3125 -45.8153 30.5193 -32.9690 -45.7454 -15.1140 -39.0414 19.9008 -37.6422 -6.6008 -48.3661 -31.5951 25.2855 -44.1554 -24.9364 -4.8401 -36.4020 14.2688 -48.9700 -30.2200 20.1917 -42.4077 -22.7505 -23.1734 -35.5176 32.8278 -48.4736 -28.6875 14.5493 -40.2754 -18.7036 -41.4954 -33.7915 32.9671 -46.4841 -26.6856 5.9308 -37.3961 -5.9840 -48.5563 -31.1537 22.9137 -43.1247 -23.4378 -20.0815 -35.5619 33.3398 -48.2884 -28.3174 12.7279 -39.4657 -16.1931 -45.5005 -32.2057
-46.6083 -15.4223 -39.2209 12.0286 -28.1302 -48.1283 34.1106 -35.4105 -22.7909 -23.1071 -42.8814 22.2022 -30.9629 -48.6537 -4.1049 -37.2034 5.2184 -26.5686 -46.3528 32.6688 -33.7216 -41.7868 -18.6328 -40.2754 14.6325 -28.7308 -48.5182 32.3205 -35.6000 -21.4451 -22.9995 -42.5955 20.7617 -30.3851 -48.9338 10.7421 -36.4697 -3.0609 -25.1754 -44.3955 26.0277 -31.7899 -48.1696 -8.3432 -37.4960 5.5461 -26.4789 -46.0413 31.2234 -33.1618 -45.0832 -15.8901 -39.1262 11.4762 -32.4064 6.9333 -37.4968 -8.3432 -48.1696 -31.7899 26.0277 -44.3955 -25.1754 -3.0609 -36.4697 10.7421 -48.9338 -30.3851 20.7617 -42.5955 -22.9995 -21.4451 -35.6000 32.3205 -48.5182 -28.7308 14.6325 -40.2754 -18.6328 -41.7868 -33.7216 32.6688 -46.3528 -26.5686 5.2184 -37.2034 -4.1049 -48.6537 -30.9629 22.2022 -42.8814 -23.1071 -22.7909 -35.4105 34.1106 -48.1283 -28.1302 12.0286 -39.2209 -15.4223 -46.6083
-15.4788 -38.9767 11.3181 -27.9447 -47.9576 34.6243 -35.2489 -25.4565 -22.7600 -42.6380 21.4988 -30.7699 -48.7207 -1.7642 -36.9893 4.3434 -26.4282 -46.1822 32.2384 -33.6093 -42.3142 -18.4245 -40.2147 14.5493 -28.7308 -48.5330 32.0424 -35.6498 -20.2001 -23.1885 -42.7519 21.2568 -30.5315 -48.8793 7.6061 -36.5197 -1.5292 -25.3960 -44.6343 26.7742 -31.9848 -47.9245 -9.8162 -37.7225 6.4284 -26.6466 -46.2640 31.9009 -33.3535 -44.3263 -16.6050 -39.3613 11.7336 -28.5404 -48.8237 -27.7328 6.4210 -37.7225 -9.8162 -47.9245 -31.9848 26.7742 -44.6343 -25.3960 -1.5292 -36.5197 7.6061 -48.8793 -30.5315 21.2568 -42.7519 -23.1885 -20.2001 -35.6498 32.0424 -48.5330 -28.7308 14.5493 -40.2147 -18.4245 -42.3142 -33.6093 32.2384 -46.1822 -26.4282 4.3434 -36.9893 -1.7642 -48.7207 -30.7699 21.4988 -42.6380 -22.7600 -25.4565 -35.2489 34.6243 -47.9576 -27.9447 11.3181 -38.9767 -15.4788
-39.2939 10.6001 -27.7604 -47.7772 34.9044 -35.0782 -28.0512 -22.3882 -42.3912 20.8036 -30.5775 -48.7865 0.9843 -36.7670 3.3349 -26.2699 -45.9803 31.6924 -33.4637 -43.0053 -18.0867 -40.1022 14.3150 -28.6875 -48.5182 32.0424 -35.6662 -19.5747 -23.3025 -42.8632 21.6460 -30.6547 -48.8144 4.9516 -36.5492 -0.2833 -25.5871 -44.8617 27.5123 -32.1798 -47.6260 -11.1106 -37.9503 7.2648 -26.8156 -46.4830 32.5431 -33.5441 -43.4657 -17.2695 -39.5970 12.4122 -28.0652 -47.5959 6.7175 -46.3180 -26.8553 7.2648 -37.9503 -11.1106 -47.6260 -32.1798 27.5123 -44.8617 -25.5871 -0.2833 -36.5492 4.9516 -48.8144 -30.6547 21.6460 -42.8632 -23.3025 -19.5747 -35.6662 32.0424 -48.5182 -28.6875 14.3150 -40.1022 -18.0867 -43.0053 -33.4637 31.6924 -45.9803 -26.2699 3.3349 -36.7670 0.9843 -48.7865 -30.5775 20.8036 -42.3912 -22.3882 -28.0512 -35.0782 34.9044 -47.7772 -27.7604 10.6001 -39.2939
9.7651 -27.5747 -47.5875 34.9837 -34.9057 -30.4673 -21.9950 -42.1411 20.1063 -30.3859 -48.8695 4.1168 -36.6099 2.2288 -26.1050 -45.7567 31.0445 -33.2966 -43.7715 -17.6312 -39.9424 13.9385 -28.6042 -48.4736 32.3205 -35.6498 -19.5747 -23.3401 -42.9188 21.8868 -30.7425 -48.7632 2.8431 -36.5681 0.7123 -25.7431 -45.0640 28.1968 -32.3664 -47.2744 -12.2593 -38.1793 8.0632 -26.9858 -46.6978 33.1400 -33.7331 -42.4915 -17.8903 -39.8337 13.0793 -28.2262 -48.0409 34.7907 -37.3571 34.1385 -46.6826 -26.9858 8.0632 -38.1793 -12.2593 -47.2744 -32.3664 28.1968 -45.0640 -25.7431 0.7123 -36.5681 2.8431 -48.7632 -30.7425 21.8868 -42.9188 -23.3401 -19.5747 -35.6498 32.3205 -48.4736 -28.6042 13.9385 -39.9424 -17.6312 -43.7715 -33.2966 31.0445 -45.7567 -26.1050 2.2288 -36.6099 4.1168 -48.8695 -30.3859 20.1063 -42.1411 -21.9950 -30.4673 -34.9057 34.9837 -47.5875 -27.5747 9.7651
-26.2411 -47.3918 34.8921 -34.7289 -32.6765 -21.5857 -41.8880 19.3985 -30.1907 -48.9367 7.5769 -36.5484 1.0226 -25.9385 -45.5271 30.3348 -33.1123 -44.5416 -17.0762 -39.7492 13.4485 -28.4856 -48.3979 32.8278 -35.6000 -20.2001 -23.3025 -42.9188 21.9673 -30.7866 -48.7416 1.4360 -36.6043 1.5010 -25.8676 -45.2383 28.7935 -32.5319 -46.8924 -13.2464 -38.4061 8.8300 -27.1572 -46.9080 33.6795 -33.9204 -41.3934 -18.4728 -40.0713 13.7403 -28.4062 -48.2085 34.4062 -35.7370 1.8076 -35.0459 33.6845 -46.9080 -27.1572 8.8300 -38.4061 -13.2464 -46.8924 -32.5319 28.7935 -45.2383 -25.8676 1.5010 -36.6043 1.4360 -48.7416 -30.7866 21.9673 -42.9188 -23.3025 -20.2001 -35.6000 32.8278 -48.3979 -28.4856 13.4485 -39.7492 -17.0762 -44.5416 -33.1123 30.3348 -45.5271 -25.9385 1.0226 -36.5484 7.5769 -48.9367 -30.1907 19.3985 -41.8880 -21.5857 -32.6765 -34.7289 34.8921 -47.3918 -26.2411
-47.1021 34.6474 -34.5448 -34.7188 -21.1529 -41.6351 18.6969 -29.9929 -48.9724 11.2799 -36.5088 -0.3029 -25.7610 -45.2950 29.6076 -32.9193 -45.2622 -16.4263 -39.5329 12.8799 -28.3418 -48.2928 33.4387 -35.5176 -21.4451 -23.1885 -42.8632 21.8868 -30.7866 -48.7374 0.7598 -36.6562 2.0467 -25.9603 -45.3818 29.2918 -32.6725 -46.5160 -14.0420 -38.6174 9.5391 -27.3263 -47.1127 34.1481 -34.1057 -40.1608 -19.0216 -40.3098 14.3972 -28.5874 -48.3560 33.7818 -35.3476 -25.2963 -28.0456 -37.8973 -34.1853 34.1481 -47.1127 -27.3263 9.5391 -38.6174 -14.0420 -46.5160 -32.6725 29.2918 -45.3818 -25.9603 2.0467 -36.6562 0.7598 -48.7374 -30.7866 21.8868 -42.8632 -23.1885 -21.4451 -35.5176 33.4387 -48.2928 -28.3418 12.8799 -39.5329 -16.4263 -45.2622 -32.9193 29.6076 -45.2950 -25.7610 -0.3029 -36.5088 11.2799 -48.9724 -29.9929 18.6969 -41.6351 -21.1529 -34.7188 -34.5448 34.6474 -47.1021
32.2452 -34.1979 -36.5656 -20.6997 -41.3850 18.0081 -29.7959 -48.9794 15.0960 -36.4523 -1.7697 -25.5665 -45.0608 28.8686 -32.7255 -45.9014 -15.6971 -39.3008 12.2393 -28.1776 -48.1621 34.0295 -35.4066 -23.1734 -22.9995 -42.7519 21.6460 -30.7425 -48.7416 0.7598 -36.6815 2.3112 -26.0170 -45.4847 29.6811 -32.7894 -46.1649 -14.6685 -38.7998 10.1470 -27.4816 -47.3005 34.5193 -34.2860 -38.7828 -19.5403 -40.5491 15.0519 -28.7697 -48.4916 32.9057 -35.4732 -24.3152 -23.0172 -44.9868 -20.5775 -38.7959 -34.2860 34.5193 -47.3005 -27.4816 10.1470 -38.7998 -14.6685 -46.1649 -32.7894 29.6811 -45.4847 -26.0170 2.3112 -36.6815 0.7598 -48.7416 -30.7425 21.6460 -42.7519 -22.9995 -23.1734 -35.4066 34.0295 -48.1621 -28.1776 12.2393 -39.3008 -15.6971 -45.9014 -32.7255 28.8686 -45.0608 -25.5665 -1.7697 -36.4523 15.0960 -48.9794 -29.7959 18.0081 -41.3850 -20.6997 -36.5656 -34.1979 32.2452
-33.6933 -38.2318 -20.2228 -41.1330 17.3175 -29.6009 -48.9588 18.7471 -36.3820 -3.4256 -25.3556 -44.8247 28.1227 -32.5312 -46.4564 -14.9067 -39.0664 11.5613 -28.0016 -48.0078 34.5207 -35.2722 -25.2307 -22.7505 -42.5955 21.2568 -30.6547 -48.7632 1.4360 -36.6562 2.3112 -26.0357 -45.5375 29.9316 -32.8752 -45.8584 -15.1626 -38.9529 10.6521 -27.6164 -47.4612 34.7728 -34.4497 -37.3177 -20.0254 -40.7892 15.7058 -28.9531 -48.6140 31.7346 -35.6208 -21.6367 -22.9179 -42.5999 31.0083 -41.1043 -20.0344 -37.3174 -34.4497 34.7728 -47.4612 -27.6164 10.6521 -38.9529 -15.1626 -45.8584 -32.8752 29.9316 -45.5375 -26.0357 2.3112 -36.6562 1.4360 -48.7632 -30.6547 21.2568 -42.5955 -22.7505 -25.2307 -35.2722 34.5207 -48.0078 -28.0016 11.5613 -39.0664 -14.9067 -46.4564 -32.5312 28.1227 -44.8247 -25.3556 -3.4256 -36.3820 18.7471 -48.9588 -29.6009 17.3175 -41.1330 -20.2228 -38.2318 -33.6933
-40.8423 -19.7193 -40.8822 16.6329 -29.4075 -48.9139 22.0410 -36.2954 -5.3064 -25.1241 -44.5837 27.3739 -32.3365 -46.9347 -14.0443 -38.8330 10.8716 -27.8243 -47.8372 34.8424 -35.1180 -27.5248 -22.4469 -42.4077 20.7617 -30.5315 -48.8144 2.8431 -36.6043 2.0467 -26.0170 -45.5375 30.0147 -32.9195 -45.6471 -15.5115 -39.0764 11.0702 -27.7318 -47.5958 34.9177 -34.5917 -35.8772 -20.4542 -41.0196 16.3512 -29.1376 -48.7217 30.2360 -35.7614 -18.9070 -23.2508 -42.7409 21.5452 -34.5775 17.4008 -41.0148 -20.4541 -35.8772 -34.5917 34.9177 -47.5958 -27.7318 11.0702 -39.0764 -15.5115 -45.6471 -32.9195 30.0147 -45.5375 -26.0170 2.0467 -36.6043 2.8431 -48.8144 -30.5315 20.7617 -42.4077 -22.4469 -27.5248 -35.1180 34.8424 -47.8372 -27.8243 10.8716 -38.8330 -14.0443 -46.9347 -32.3365 27.3739 -44.5837 -25.1241 -5.3064 -36.2954 22.0410 -48.9139 -29.4075 16.6329 -40.8822 -19.7193 -40.8423
-18.8723 -40.6342 15.9573 -29.2134 -48.8463 24.9759 -36.1907 -7.4298 -24.8716 -44.3377 26.6147 -32.1415 -47.3434 -13.0962 -38.6008 10.1672 -27.6482 -47.6581 34.9762 -34.9522 -29.8544 -22.0883 -42.1893 20.1917 -30.3851 -48.8793 4.9516 -36.5681 1.5010 -25.9603 -45.4847 29.9316 -32.9195 -45.5744 -15.6866 -39.1567 11.3755 -27.8250 -47.7060 34.9768 -34.7154 -34.4992 -20.8141 -41.2265 16.9515 -29.3152 -48.8121 28.3800 -35.8942 -16.1759 -23.5751 -42.9859 21.7971 -31.4914 -44.0392 -30.6485 16.9375 -41.2265 -20.8141 -34.4992 -34.7154 34.9768 -47.7060 -27.8250 11.3755 -39.1567 -15.6866 -45.5744 -32.9195 29.9316 -45.4847 -25.9603 1.5010 -36.5681 4.9516 -48.8793 -30.3851 20.1917 -42.1893 -22.0883 -29.8544 -34.9522 34.9762 -47.6581 -27.6482 10.1672 -38.6008 -13.0962 -47.3434 -32.1415 26.6147 -44.3377 -24.8716 -7.4298 -36.1907 24.9759 -48.8463 -29.2134 15.9573 -40.6342 -18.8723
-40.7888 15.2755 -29.0214 -48.7585 27.4884 -36.0767 -9.7749 -24.6036 -44.0896 25.8458 -31.9418 -47.6927 -12.0455 -38.3697 9.4446 -27.4733 -47.4712 34.9426 -34.7820 -32.0480 -21.6965 -41.9503 19.5508 -30.2200 -48.9338 7.6061 -36.5492 0.7123 -25.8676 -45.3818 29.6811 -32.8752 -45.6471 -15.6866 -39.1835 11.5322 -27.8856 -47.7855 34.9765 -34.8190 -33.2211 -21.1178 -41.4063 17.4790 -29.4750 -48.8807 26.2468 -36.0168 -13.5113 -23.8849 -43.2291 22.5068 -30.8796 -48.7189 -17.8982 -48.7329 -29.5316 17.4791 -41.4063 -21.1178 -33.2211 -34.8190 34.9765 -47.7855 -27.8856 11.5322 -39.1835 -15.6866 -45.6471 -32.8752 29.6811 -45.3818 -25.8676 0.7123 -36.5492 7.6061 -48.9338 -30.2200 19.5508 -41.9503 -21.6965 -32.0480 -34.7820 34.9426 -47.4712 -27.4733 9.4446 -38.3697 -12.0455 -47.6927 -31.9418 25.8458 -44.0896 -24.6036 -9.7749 -36.0767 27.4884 -48.7585 -29.0214 15.2755 -40.7888
14.7140 -28.8081 -48.6539 29.5607 -35.9519 -12.3310 -24.3186 -43.8379 25.0732 -31.7399 -47.9871 -10.8525 -38.1397 8.6998 -27.2996 -47.2773 34.7661 -34.6079 -34.0637 -21.2868 -41.7075 18.8780 -30.0382 -48.9700 10.7421 -36.5197 -0.2833 -25.7431 -45.2383 29.2918 -32.7894 -45.8584 -15.5115 -39.1567 11.5322 -27.9058 -47.8259 34.9517 -34.8947 -32.1374 -21.3703 -41.5621 17.9335 -29.6141 -48.9273 24.0308 -36.1226 -11.0819 -24.1761 -43.4719 23.2219 -31.0465 -48.6961 -1.6592 -39.1038 19.9242 -48.8803 -29.6131 17.9335 -41.5621 -21.3703 -32.1374 -34.8947 34.9517 -47.8259 -27.9058 11.5322 -39.1567 -15.5115 -45.8584 -32.7894 29.2918 -45.2383 -25.7431 -0.2833 -36.5197 10.7421 -48.9700 -30.0382 18.8780 -41.7075 -21.2868 -34.0637 -34.6079 34.7661 -47.2773 -27.2996 8.6998 -38.1397 -10.8525 -47.9871 -31.7399 25.0732 -43.8379 -24.3186 -12.3310 -35.9519 29.5607 -48.6539 -28.8081 14.7140
-27.6083 -48.5315 31.2552 -35.8180 -15.0567 -24.0185 -43.5861 24.3094 -31.5387 -48.2266 -9.4826 -37.9072 7.9262 -27.1271 -47.0770 34.4689 -34.4303 -35.9020 -20.8579 -41.4652 18.2093 -29.8489 -48.9825 14.2688 -36.4697 -1.5292 -25.5871 -45.0640 28.7935 -32.6725 -46.1649 -15.1626 -39.0764 11.3755 -27.8856 -47.8259 34.9388 -34.9334 -31.4078 -21.5525 -41.6903 18.3236 -29.7326 -48.9566 21.8792 -36.2081 -9.0422 -24.4338 -43.7039 23.9346 -31.2403 -48.6138 -2.8166 -37.0243 13.9299 -36.6086 21.9910 -48.9576 -29.7326 18.3236 -41.6903 -21.5525 -31.4078 -34.9334 34.9388 -47.8259 -27.8856 11.3755 -39.0764 -15.1626 -46.1649 -32.6725 28.7935 -45.0640 -25.5871 -1.5292 -36.4697 14.2688 -48.9825 -29.8489 18.2093 -41.4652 -20.8579 -35.9020 -34.4303 34.4689 -47.0770 -27.1271 7.9262 -37.9072 -9.4826 -48.2266 -31.5387 24.3094 -43.5861 -24.0185 -15.0567 -35.8180 31.2552 -48.5315 -27.6083
-48.2470 32.5610 -35.6767 -17.8516 -23.7053 -43.3360 23.5600 -31.3356 -48.4177 -7.8935 -37.6701 7.0984 -26.9545 -46.8711 34.0704 -34.2498 -37.5681 -20.4082 -41.2233 17.5458 -29.6605 -48.9693 17.8261 -36.4020 -3.0609 -25.3960 -44.8617 28.1968 -32.5319 -46.5160 -14.6685 -38.9529 11.0702 -27.8250 -47.7855 34.9517 -34.9334 -31.1600 -21.6451 -41.7735 18.6196 -29.8288 -48.9742 19.9006 -36.2757 -7.3935 -24.6494 -43.9112 24.6023 -31.4249 -48.4967 -5.0581 -37.0914 4.4206 -31.1433 -4.2253 -36.3172 19.8991 -48.9742 -29.8288 18.6196 -41.7735 -21.6451 -31.1600 -34.9334 34.9517 -47.7855 -27.8250 11.0702 -38.9529 -14.6685 -46.5160 -32.5319 28.1968 -44.8617 -25.3960 -3.0609 -36.4020 17.8261 -48.9693 -29.6605 17.5458 -41.2233 -20.4082 -37.5681 -34.2498 34.0704 -46.8711 -26.9545 7.0984 -37.6701 -7.8935 -48.4177 -31.3356 23.5600 -43.3360 -23.7053 -17.8516 -35.6767 32.5610 -48.2470
26.6594 -35.3005 -20.7020 -23.3733 -43.0825 22.8104 -31.1345 -48.5623 -6.0507 -37.4347 6.2182 -26.7797 -46.6570 33.5883 -34.0665 -39.0702 -19.9360 -40.9820 16.8864 -29.4730 -48.9325 21.1172 -36.3197 -4.8401 -25.1754 -44.6343 27.5123 -32.3664 -46.8924 -14.0420 -38.7998 10.6521 -27.7318 -47.7060 34.9765 -34.8947 -31.4078 -21.6451 -41.8012 18.7727 -29.8924 -48.9827 18.2248 -36.3293 -6.0896 -24.8261 -44.0899 25.1894 -31.5871 -48.3552 -6.8665 -37.3092 4.7831 -26.8938 -48.1376 -25.8275 -6.1341 -36.3285 18.2248 -48.9827 -29.8924 18.7727 -41.8012 -21.6451 -31.4078 -34.8947 34.9765 -47.7060 -27.7318 10.6521 -38.7998 -14.0420 -46.8924 -32.3664 27.5123 -44.6343 -25.1754 -4.8401 -36.3197 21.1172 -48.9325 -29.4730 16.8864 -40.9820 -19.9360 -39.0702 -34.0665 33.5883 -46.6570 -26.7797 6.2182 -37.4347 -6.0507 -48.5623 -31.1345 22.8104 -43.0825 -23.3733 -20.7020 -35.3005 26.6594
-35.0989 -23.5117 -23.0254 -42.8293 22.0713 -30.9342 -48.6640 -3.9204 -37.2005 5.2852 -26.6039 -46.4324 33.0230 -33.8820 -40.4184 -19.4390 -40.7414 16.2301 -29.2866 -48.8745 24.0581 -36.2248 -6.8203 -24.9364 -44.3955 26.7742 -32.1798 -47.2744 -13.2464 -38.6174 10.1470 -27.6164 -47.5958 34.9768 -34.8190 -32.1374 -21.5525 -41.7735 18.7727 -29.9140 -48.9847 17.0808 -36.3675 -5.1114 -24.9643 -44.2371 25.6847 -31.7256 -48.2054 -8.2615 -37.5087 5.6490 -26.5191 -46.0269 32.7708 -44.3775 -24.9898 -5.1116 -36.3675 17.0808 -48.9847 -29.9140 18.7727 -41.7735 -21.5525 -32.1374 -34.8190 34.9768 -47.5958 -27.6164 10.1470 -38.6174 -13.2464 -47.2744 -32.1798 26.7742 -44.3955 -24.9364 -6.8203 -36.2248 24.0581 -48.8745 -29.2866 16.2301 -40.7414 -19.4390 -40.4184 -33.8820 33.0230 -46.4324 -26.6039 5.2852 -37.2005 -3.9204 -48.6640 -30.9342 22.0713 -42.8293 -23.0254 -23.5117 -35.0989
-28.1768 -22.6637 -42.5759 21.3405 -30.7325 -48.7287 -1.4004 -36.9674 4.2882 -26.4304 -46.2035 32.3910 -33.6928 -41.6238 -18.9144 -40.5014 15.5757 -29.1013 -48.7971 26.6117 -36.1186 -9.0098 -24.6824 -44.1554 26.0277 -31.9848 -47.6260 -12.2593 -38.4061 9.5391 -27.4816 -47.4612 34.9177 -34.7154 -33.2211 -21.3703 -41.6903 18.6196 -29.8924 -48.9847 16.6794 -36.3861 -4.4959 -25.0685 -44.3481 26.0872 -31.8596 -48.0561 -9.3279 -37.6881 6.3875 -26.7128 -46.2866 32.4749 -36.6236 27.4009 -44.3443 -25.0682 -4.4962 -36.3861 16.6794 -48.9847 -29.8924 18.6196 -41.6903 -21.3703 -33.2211 -34.7154 34.9177 -47.4612 -27.4816 9.5391 -38.4061 -12.2593 -47.6260 -31.9848 26.0277 -44.1554 -24.6824 -9.0098 -36.1186 26.6117 -48.7971 -29.1013 15.5757 -40.5014 -18.9144 -41.6238 -33.6928 32.3910 -46.2035 -26.4304 4.2882 -36.9674 -1.4004 -48.7287 -30.7325 21.3405 -42.5759 -22.6637 -28.1768
-21.3170 -42.3220 20.6178 -30.5336 -48.7996 1.5244 -36.7385 3.2277 -26.2585 -45.9730 31.7183 -33.4959 -42.7236 -18.3519 -40.2623 14.9217 -28.9170 -48.7022 28.7731 -36.0019 -11.4000 -24.4137 -43.9144 25.2855 -31.7899 -47.9245 -11.1106 -38.1793 8.8300 -27.3263 -47.3005 34.7728 -34.5917 -34.4992 -21.1178 -41.5621 18.3236 -29.8288 -48.9827 17.0808 -36.3861 -4.2869 -25.1295 -44.3630 27.8121 -32.7521 -47.8160 -11.0617 -38.2275 9.2606 -27.3389 -46.4582 33.5584 -35.6160 -12.5831 -34.4476 26.7654 -44.4616 -25.2965 -4.2878 -36.3861 17.0808 -48.9827 -29.8288 18.3236 -41.5621 -21.1178 -34.4992 -34.5917 34.7728 -47.3005 -27.3263 8.8300 -38.1793 -11.1106 -47.9245 -31.7899 25.2855 -43.9144 -24.4137 -11.4000 -36.0019 28.7731 -48.7022 -28.9170 14.9217 -40.2623 -18.3519 -42.7236 -33.4959 31.7183 -45.9730 -26.2585 3.2277 -36.7385 1.5244 -48.7996 -30.5336 20.6178 -42.3220 -21.3170
-42.3313 19.9111 -30.3356 -48.8876 4.8264 -36.5922 2.0640 -26.0868 -45.7363 31.0027 -33.2983 -43.7086 -17.7444 -40.0205 14.2664 -28.7338 -48.5915 30.5572 -35.8760 -13.9610 -24.1304 -43.6725 24.5491 -31.5951 -48.1696 -9.8162 -37.9503 8.0632 -27.1572 -47.1127 34.5193 -34.4497 -35.8772 -20.8141 -41.4063 17.9335 -29.7326 -48.9742 18.2248 -36.3675 -4.4959 -25.1290 -44.3321 32.0205 -36.8000 -34.5255 -25.1588 -41.0852 28.7927 -31.5501 -48.1132 10.9727 -35.1124 11.2799 -29.6670 -26.3355 -35.5089 30.7047 -46.1632 -25.4567 -4.4968 -36.3675 18.2248 -48.9742 -29.7326 17.9335 -41.4063 -20.8141 -35.8772 -34.4497 34.5193 -47.1127 -27.1572 8.0632 -37.9503 -9.8162 -48.1696 -31.5951 24.5491 -43.6725 -24.1304 -13.9610 -35.8760 30.5572 -48.5915 -28.7338 14.2664 -40.0205 -17.7444 -43.7086 -33.2983 31.0027 -45.7363 -26.0868 2.0640 -36.5922 4.8264 -48.8876 -30.3356 19.9111 -42.3313
19.4790 -30.0905 -48.9495 8.4985 -36.5450 0.7880 -25.9123 -45.4970 30.2625 -33.0996 -44.5656 -17.0921 -39.7732 13.5909 -28.5499 -48.4664 31.9893 -35.7416 -16.6418 -23.8327 -43.4301 23.8197 -31.4005 -48.3661 -8.3432 -37.7225 7.2648 -26.9858 -46.9080 34.1481 -34.2860 -37.3177 -20.4542 -41.2265 17.4790 -29.6141 -48.9566 19.9006 -36.3293 -5.1114 -25.0680 -44.3824 31.5758 1.7721 -38.6048 42.1695 8.3036 -47.8290 -48.3212 4.0983 -14.5991 3.7852 29.0777 -11.5518 -27.5141 -50.0572 9.4540 -37.6488 16.0867 -45.6687 -25.2417 -5.1113 -36.3285 19.8991 -48.9576 -29.6131 17.4791 -41.2265 -20.4541 -37.3174 -34.2860 34.1481 -46.9080 -26.9858 7.2648 -37.7225 -8.3432 -48.3661 -31.3992 23.8198 -43.4301 -23.8327 -16.6417 -35.7416 31.9893 -48.4670 -28.5490 13.5910 -39.7732 -17.0921 -44.5655 -33.0996 30.2625 -45.4971 -25.9122 0.7879 -36.5446 8.4971 -48.9506 -30.0905 19.4789
-29.0232 -48.9773 12.3287 -36.5019 -0.6080 -25.7247 -45.2550 29.5032 -32.8973 -45.3222 -16.3843 -39.5268 12.9004 -28.3648 -48.3258 33.1003 -35.5996 -19.3775 -23.5205 -43.1872 23.0980 -31.2063 -48.5186 -6.6507 -37.4960 6.4284 -26.8156 -46.6978 33.6795 -34.1057 -38.7828 -20.0254 -41.0196 16.9515 -29.4750 -48.9273 21.8792 -36.2757 -6.0896 -24.9643 -44.3521 26.6365 -31.5701 -38.5551 3.0626 -55.8638 -32.7182 22.3655 -9.7640 -40.3906 -17.8533 -43.8829 -63.4674 18.2239 -32.3704 -17.3532 43.8193 -64.6792 -29.0511 12.7518 -43.7886 -24.9914 -6.1336 -36.3172 21.9910 -48.8803 -29.5316 16.9375 -41.0148 -20.0344 -38.7959 -34.1853 33.6845 -46.6826 -26.8553 6.4210 -37.4968 -6.6008 -48.5213 -31.2730 23.0916 -43.1823 -23.5405 -19.4028 -35.6682 33.1490 -48.2949 -28.4119 12.8855 -39.5231 -16.3822 -45.3298 -32.9748 29.4996 -45.2456 -25.7547 -0.6380 -36.5246 12.4171 -48.9109 -29.1161
