0.1868 0.3944 0.1117 0.3492 0.1466 0.1370 0.5032 0.1146 0.2149 0.3415 0.1138 0.3934 0.1356 0.1469 0.4921 0.1124 0.2400 0.2787 0.1172 0.4392 0.1280 0.1589 0.4716 0.1111 0.2695 0.2142 0.1219 0.4792 0.1224 0.1734 0.4416 0.1107 0.3037 0.1693 0.1280 0.5013 0.1182 0.1908 0.4014 0.1115 0.3428 0.1487 0.1357 0.5040 0.1150 0.2115 0.3502 0.1134 0.3865 0.1370 0.1452 0.4944 0.1125 0.2399 0.1615 0.2189 0.1147 0.5040 0.1357 0.1487 0.3428 0.1115 0.4014 0.1908 0.1182 0.5013 0.1280 0.1693 0.3037 0.1107 0.4416 0.1734 0.1224 0.4792 0.1219 0.2142 0.2695 0.1111 0.4716 0.1589 0.1280 0.4392 0.1172 0.2787 0.2400 0.1124 0.4921 0.1469 0.1356 0.3934 0.1138 0.3415 0.2149 0.1146 0.5032 0.1370 0.1466 0.3492 0.1117 0.3944 0.1868
0.3944 0.1148 0.3684 0.1431 0.1432 0.5191 0.1134 0.2265 0.3621 0.1174 0.4163 0.1310 0.1537 0.5081 0.1122 0.2535 0.2989 0.1216 0.4628 0.1237 0.1665 0.4883 0.1119 0.2851 0.2294 0.1271 0.5008 0.1189 0.1820 0.4595 0.1125 0.3217 0.1723 0.1338 0.5188 0.1158 0.2006 0.4206 0.1141 0.3633 0.1453 0.1419 0.5199 0.1137 0.2228 0.3706 0.1169 0.4091 0.1324 0.1520 0.5103 0.1124 0.2491 0.3013 0.1348 0.3553 0.2229 0.1137 0.5199 0.1419 0.1453 0.3633 0.1141 0.4206 0.2006 0.1158 0.5188 0.1338 0.1723 0.3217 0.1125 0.4595 0.1820 0.1189 0.5008 0.1271 0.2294 0.2851 0.1119 0.4883 0.1665 0.1237 0.4628 0.1216 0.2989 0.2535 0.1122 0.5081 0.1537 0.1310 0.4163 0.1174 0.3621 0.2265 0.1134 0.5191 0.1432 0.1431 0.3684 0.1148 0.3944
0.1117 0.3684 0.1421 0.1441 0.5183 0.1129 0.2300 0.3537 0.1176 0.4232 0.1295 0.1555 0.5057 0.1118 0.2579 0.2886 0.1221 0.4693 0.1226 0.1686 0.4846 0.1115 0.2902 0.2194 0.1279 0.5049 0.1181 0.1846 0.4543 0.1123 0.3276 0.1664 0.1349 0.5199 0.1151 0.2037 0.4140 0.1141 0.3699 0.1427 0.1433 0.5191 0.1131 0.2265 0.3621 0.1171 0.4162 0.1308 0.1537 0.5081 0.1119 0.2534 0.2991 0.1217 0.5195 0.1176 0.3623 0.2265 0.1131 0.5191 0.1433 0.1427 0.3699 0.1141 0.4140 0.2037 0.1151 0.5199 0.1349 0.1664 0.3276 0.1123 0.4543 0.1846 0.1181 0.5049 0.1279 0.2194 0.2902 0.1115 0.4846 0.1686 0.1226 0.4693 0.1221 0.2886 0.2579 0.1118 0.5057 0.1555 0.1295 0.4232 0.1176 0.3537 0.2300 0.1129 0.5183 0.1441 0.1421 0.3684 0.1117
0.3492 0.1431 0.1441 0.5179 0.1128 0.2327 0.3463 0.1182 0.4298 0.1283 0.1572 0.5032 0.1117 0.2624 0.2783 0.1229 0.4756 0.1218 0.1708 0.4807 0.1116 0.2954 0.2098 0.1288 0.5085 0.1176 0.1872 0.4490 0.1125 0.3335 0.1614 0.1360 0.5205 0.1148 0.2068 0.4070 0.1145 0.3766 0.1405 0.1447 0.5180 0.1129 0.2302 0.3535 0.1176 0.4231 0.1295 0.1554 0.5057 0.1118 0.2578 0.2888 0.1221 0.4732 0.1079 0.4343 0.1175 0.3535 0.2302 0.1129 0.5180 0.1447 0.1405 0.3766 0.1145 0.4070 0.2068 0.1148 0.5205 0.1360 0.1614 0.3335 0.1125 0.4490 0.1872 0.1176 0.5085 0.1288 0.2098 0.2954 0.1116 0.4807 0.1708 0.1218 0.4756 0.1229 0.2783 0.2624 0.1117 0.5032 0.1572 0.1283 0.4298 0.1182 0.3463 0.2327 0.1128 0.5179 0.1441 0.1431 0.3492
0.1466 0.1432 0.5183 0.1128 0.2338 0.3416 0.1186 0.4353 0.1273 0.1589 0.5006 0.1116 0.2668 0.2681 0.1237 0.4815 0.1211 0.1731 0.4766 0.1117 0.3008 0.2006 0.1298 0.5115 0.1171 0.1899 0.4435 0.1127 0.3396 0.1571 0.1372 0.5209 0.1145 0.2101 0.3998 0.1149 0.3833 0.1384 0.1461 0.5168 0.1127 0.2340 0.3445 0.1182 0.4302 0.1283 0.1572 0.5032 0.1117 0.2623 0.2786 0.1229 0.4754 0.1191 0.2088 0.1232 0.4301 0.1182 0.3445 0.2340 0.1127 0.5168 0.1461 0.1384 0.3833 0.1149 0.3998 0.2101 0.1145 0.5209 0.1372 0.1571 0.3396 0.1127 0.4435 0.1899 0.1171 0.5115 0.1298 0.2006 0.3008 0.1117 0.4766 0.1731 0.1211 0.4815 0.1237 0.2681 0.2668 0.1116 0.5006 0.1589 0.1273 0.4353 0.1186 0.3416 0.2338 0.1128 0.5183 0.1432 0.1466
0.1370 0.5191 0.1129 0.2327 0.3416 0.1187 0.4385 0.1267 0.1603 0.4981 0.1116 0.2712 0.2582 0.1245 0.4871 0.1204 0.1753 0.4724 0.1117 0.3062 0.1919 0.1308 0.5141 0.1166 0.1927 0.4376 0.1129 0.3458 0.1533 0.1384 0.5210 0.1141 0.2134 0.3923 0.1153 0.3901 0.1366 0.1476 0.5153 0.1125 0.2379 0.3353 0.1188 0.4372 0.1271 0.1591 0.5004 0.1116 0.2669 0.2682 0.1237 0.4815 0.1210 0.1749 0.3974 0.1627 0.1269 0.4372 0.1188 0.3353 0.2379 0.1125 0.5153 0.1476 0.1366 0.3901 0.1153 0.3923 0.2134 0.1141 0.5210 0.1384 0.1533 0.3458 0.1129 0.4376 0.1927 0.1166 0.5141 0.1308 0.1919 0.3062 0.1117 0.4724 0.1753 0.1204 0.4871 0.1245 0.2582 0.2712 0.1116 0.4981 0.1603 0.1267 0.4385 0.1187 0.3416 0.2327 0.1129 0.5191 0.1370
0.5032 0.1134 0.2300 0.3463 0.1186 0.4385 0.1264 0.1611 0.4963 0.1115 0.2750 0.2492 0.1252 0.4921 0.1198 0.1776 0.4680 0.1118 0.3116 0.1842 0.1319 0.5162 0.1162 0.1955 0.4316 0.1132 0.3521 0.1500 0.1396 0.5208 0.1138 0.2168 0.3845 0.1157 0.3971 0.1349 0.1492 0.5137 0.1123 0.2419 0.3259 0.1195 0.4442 0.1261 0.1610 0.4974 0.1116 0.2716 0.2577 0.1245 0.4872 0.1204 0.1754 0.4697 0.1145 0.4926 0.1610 0.1261 0.4442 0.1195 0.3259 0.2419 0.1123 0.5137 0.1492 0.1349 0.3971 0.1157 0.3845 0.2168 0.1138 0.5208 0.1396 0.1500 0.3521 0.1132 0.4316 0.1955 0.1162 0.5162 0.1319 0.1842 0.3116 0.1118 0.4680 0.1776 0.1198 0.4921 0.1252 0.2492 0.2750 0.1115 0.4963 0.1611 0.1264 0.4385 0.1186 0.3463 0.2300 0.1134 0.5032
0.1146 0.2265 0.3537 0.1182 0.4353 0.1267 0.1611 0.4956 0.1115 0.2778 0.2422 0.1259 0.4963 0.1192 0.1799 0.4636 0.1120 0.3171 0.1773 0.1329 0.5178 0.1158 0.1984 0.4254 0.1135 0.3585 0.1471 0.1409 0.5204 0.1136 0.2203 0.3766 0.1162 0.4040 0.1333 0.1508 0.5118 0.1121 0.2461 0.3162 0.1201 0.4511 0.1251 0.1630 0.4943 0.1115 0.2764 0.2473 0.1253 0.4925 0.1197 0.1777 0.4679 0.1106 0.3990 0.1092 0.4943 0.1630 0.1251 0.4511 0.1201 0.3162 0.2461 0.1121 0.5118 0.1508 0.1333 0.4040 0.1162 0.3766 0.2203 0.1136 0.5204 0.1409 0.1471 0.3585 0.1135 0.4254 0.1984 0.1158 0.5178 0.1329 0.1773 0.3171 0.1120 0.4636 0.1799 0.1192 0.4963 0.1259 0.2422 0.2778 0.1115 0.4956 0.1611 0.1267 0.4353 0.1182 0.3537 0.2265 0.1146
0.2149 0.3621 0.1176 0.4298 0.1273 0.1603 0.4963 0.1115 0.2788 0.2382 0.1264 0.4994 0.1188 0.1819 0.4592 0.1121 0.3226 0.1711 0.1340 0.5191 0.1154 0.2013 0.4191 0.1138 0.3650 0.1445 0.1422 0.5197 0.1133 0.2238 0.3683 0.1167 0.4110 0.1318 0.1525 0.5098 0.1120 0.2503 0.3063 0.1208 0.4579 0.1241 0.1650 0.4909 0.1115 0.2814 0.2370 0.1262 0.4974 0.1191 0.1802 0.4631 0.1119 0.3207 0.1256 0.2890 0.1113 0.4909 0.1650 0.1241 0.4579 0.1208 0.3063 0.2503 0.1120 0.5098 0.1525 0.1318 0.4110 0.1167 0.3683 0.2238 0.1133 0.5197 0.1422 0.1445 0.3650 0.1138 0.4191 0.2013 0.1154 0.5191 0.1340 0.1711 0.3226 0.1121 0.4592 0.1819 0.1188 0.4994 0.1264 0.2382 0.2788 0.1115 0.4963 0.1603 0.1273 0.4298 0.1176 0.3621 0.2149
0.3415 0.1174 0.4232 0.1283 0.1589 0.4981 0.1115 0.2778 0.2382 0.1266 0.5010 0.1185 0.1835 0.4555 0.1123 0.3277 0.1660 0.1350 0.5200 0.1151 0.2043 0.4126 0.1142 0.3713 0.1422 0.1436 0.5188 0.1131 0.2274 0.3599 0.1172 0.4181 0.1304 0.1542 0.5075 0.1118 0.2546 0.2962 0.1215 0.4645 0.1232 0.1671 0.4874 0.1115 0.2864 0.2268 0.1272 0.5019 0.1185 0.1827 0.4581 0.1121 0.3231 0.1658 0.1549 0.2109 0.2863 0.1115 0.4874 0.1671 0.1232 0.4645 0.1215 0.2962 0.2546 0.1118 0.5075 0.1542 0.1304 0.4181 0.1172 0.3599 0.2274 0.1131 0.5188 0.1436 0.1422 0.3713 0.1142 0.4126 0.2043 0.1151 0.5200 0.1350 0.1660 0.3277 0.1123 0.4555 0.1835 0.1185 0.5010 0.1266 0.2382 0.2778 0.1115 0.4981 0.1589 0.1283 0.4232 0.1174 0.3415
0.1138 0.4163 0.1295 0.1572 0.5006 0.1116 0.2750 0.2422 0.1264 0.5010 0.1184 0.1844 0.4530 0.1124 0.3318 0.1620 0.1360 0.5206 0.1148 0.2073 0.4058 0.1145 0.3778 0.1401 0.1450 0.5178 0.1128 0.2310 0.3514 0.1178 0.4250 0.1292 0.1559 0.5051 0.1117 0.2590 0.2860 0.1223 0.4710 0.1224 0.1692 0.4836 0.1115 0.2915 0.2169 0.1281 0.5058 0.1180 0.1853 0.4530 0.1123 0.3290 0.1651 0.1361 0.5070 0.1299 0.2171 0.2915 0.1115 0.4836 0.1692 0.1224 0.4710 0.1223 0.2860 0.2590 0.1117 0.5051 0.1559 0.1292 0.4250 0.1178 0.3514 0.2310 0.1128 0.5178 0.1450 0.1401 0.3778 0.1145 0.4058 0.2073 0.1148 0.5206 0.1360 0.1620 0.3318 0.1124 0.4530 0.1844 0.1184 0.5010 0.1264 0.2422 0.2750 0.1116 0.5006 0.1572 0.1295 0.4163 0.1138
0.3934 0.1310 0.1555 0.5032 0.1116 0.2712 0.2492 0.1259 0.4994 0.1185 0.1844 0.4521 0.1125 0.3347 0.1594 0.1368 0.5209 0.1145 0.2101 0.3992 0.1149 0.3843 0.1381 0.1464 0.5165 0.1126 0.2347 0.3428 0.1183 0.4318 0.1280 0.1577 0.5025 0.1117 0.2635 0.2757 0.1231 0.4771 0.1216 0.1714 0.4797 0.1116 0.2968 0.2074 0.1291 0.5093 0.1174 0.1879 0.4476 0.1125 0.3351 0.1603 0.1363 0.5209 0.1071 0.5135 0.1291 0.2074 0.2968 0.1116 0.4797 0.1714 0.1216 0.4771 0.1231 0.2757 0.2635 0.1117 0.5025 0.1577 0.1280 0.4318 0.1183 0.3428 0.2347 0.1126 0.5165 0.1464 0.1381 0.3843 0.1149 0.3992 0.2101 0.1145 0.5209 0.1368 0.1594 0.3347 0.1125 0.4521 0.1844 0.1185 0.4994 0.1259 0.2492 0.2712 0.1116 0.5032 0.1555 0.1310 0.3934
0.1356 0.1537 0.5057 0.1117 0.2668 0.2582 0.1252 0.4963 0.1188 0.1835 0.4530 0.1125 0.3357 0.1580 0.1373 0.5210 0.1143 0.2126 0.3931 0.1153 0.3905 0.1364 0.1478 0.5151 0.1125 0.2385 0.3339 0.1189 0.4385 0.1269 0.1595 0.4998 0.1116 0.2680 0.2656 0.1239 0.4830 0.1209 0.1736 0.4755 0.1117 0.3022 0.1983 0.1301 0.5122 0.1170 0.1906 0.4420 0.1128 0.3412 0.1561 0.1375 0.5210 0.1120 0.2651 0.1129 0.5122 0.1301 0.1983 0.3022 0.1117 0.4755 0.1736 0.1209 0.4830 0.1239 0.2656 0.2680 0.1116 0.4998 0.1595 0.1269 0.4385 0.1189 0.3339 0.2385 0.1125 0.5151 0.1478 0.1364 0.3905 0.1153 0.3931 0.2126 0.1143 0.5210 0.1373 0.1580 0.3357 0.1125 0.4530 0.1835 0.1188 0.4963 0.1252 0.2582 0.2668 0.1117 0.5057 0.1537 0.1356
0.1469 0.5081 0.1118 0.2624 0.2681 0.1245 0.4921 0.1192 0.1819 0.4555 0.1124 0.3347 0.1580 0.1375 0.5210 0.1141 0.2145 0.3881 0.1156 0.3960 0.1350 0.1492 0.5135 0.1123 0.2424 0.3247 0.1195 0.4452 0.1259 0.1613 0.4969 0.1115 0.2726 0.2555 0.1247 0.4885 0.1202 0.1759 0.4713 0.1118 0.3076 0.1899 0.1311 0.5147 0.1165 0.1934 0.4361 0.1130 0.3474 0.1524 0.1387 0.5210 0.1140 0.2167 0.2609 0.1985 0.1163 0.5147 0.1311 0.1899 0.3076 0.1118 0.4713 0.1759 0.1202 0.4885 0.1247 0.2555 0.2726 0.1115 0.4969 0.1613 0.1259 0.4452 0.1195 0.3247 0.2424 0.1123 0.5135 0.1492 0.1350 0.3960 0.1156 0.3881 0.2145 0.1141 0.5210 0.1375 0.1580 0.3347 0.1124 0.4555 0.1819 0.1192 0.4921 0.1245 0.2681 0.2624 0.1118 0.5081 0.1469
0.4921 0.1122 0.2579 0.2783 0.1237 0.4871 0.1198 0.1799 0.4592 0.1123 0.3318 0.1594 0.1373 0.5210 0.1141 0.2155 0.3846 0.1159 0.4005 0.1338 0.1505 0.5120 0.1121 0.2462 0.3156 0.1202 0.4518 0.1250 0.1632 0.4938 0.1115 0.2772 0.2455 0.1255 0.4935 0.1196 0.1782 0.4669 0.1119 0.3130 0.1823 0.1321 0.5167 0.1161 0.1963 0.4300 0.1133 0.3537 0.1492 0.1400 0.5207 0.1138 0.2177 0.3778 0.1255 0.4204 0.1963 0.1161 0.5167 0.1321 0.1823 0.3130 0.1119 0.4669 0.1782 0.1196 0.4935 0.1255 0.2455 0.2772 0.1115 0.4938 0.1632 0.1250 0.4518 0.1202 0.3156 0.2462 0.1121 0.5120 0.1505 0.1338 0.4005 0.1159 0.3846 0.2155 0.1141 0.5210 0.1373 0.1594 0.3318 0.1123 0.4592 0.1799 0.1198 0.4871 0.1237 0.2783 0.2579 0.1122 0.4921
0.1124 0.2535 0.2886 0.1229 0.4815 0.1204 0.1776 0.4636 0.1121 0.3277 0.1620 0.1368 0.5210 0.1141 0.2155 0.3834 0.1160 0.4035 0.1330 0.1515 0.5105 0.1120 0.2497 0.3069 0.1208 0.4582 0.1241 0.1652 0.4906 0.1115 0.2820 0.2356 0.1264 0.4982 0.1190 0.1806 0.4623 0.1120 0.3185 0.1756 0.1332 0.5182 0.1157 0.1992 0.4238 0.1136 0.3602 0.1464 0.1413 0.5202 0.1135 0.2212 0.3745 0.1161 0.4953 0.1130 0.4239 0.1992 0.1157 0.5182 0.1332 0.1756 0.3185 0.1120 0.4623 0.1806 0.1190 0.4982 0.1264 0.2356 0.2820 0.1115 0.4906 0.1652 0.1241 0.4582 0.1208 0.3069 0.2497 0.1120 0.5105 0.1515 0.1330 0.4035 0.1160 0.3834 0.2155 0.1141 0.5210 0.1368 0.1620 0.3277 0.1121 0.4636 0.1776 0.1204 0.4815 0.1229 0.2886 0.2535 0.1124
0.2400 0.2989 0.1221 0.4756 0.1211 0.1753 0.4680 0.1120 0.3226 0.1660 0.1360 0.5209 0.1143 0.2145 0.3846 0.1160 0.4046 0.1326 0.1522 0.5094 0.1119 0.2527 0.2991 0.1214 0.4641 0.1232 0.1671 0.4871 0.1115 0.2868 0.2258 0.1273 0.5024 0.1185 0.1830 0.4575 0.1122 0.3241 0.1696 0.1342 0.5193 0.1153 0.2021 0.4174 0.1139 0.3666 0.1438 0.1426 0.5195 0.1132 0.2247 0.3661 0.1168 0.4170 0.1112 0.3767 0.1138 0.4174 0.2021 0.1153 0.5193 0.1342 0.1696 0.3241 0.1122 0.4575 0.1830 0.1185 0.5024 0.1273 0.2258 0.2868 0.1115 0.4871 0.1671 0.1232 0.4641 0.1214 0.2991 0.2527 0.1119 0.5094 0.1522 0.1326 0.4046 0.1160 0.3846 0.2145 0.1143 0.5209 0.1360 0.1660 0.3226 0.1120 0.4680 0.1753 0.1211 0.4756 0.1221 0.2989 0.2400
0.2787 0.1216 0.4693 0.1218 0.1731 0.4724 0.1118 0.3171 0.1711 0.1350 0.5206 0.1145 0.2126 0.3881 0.1159 0.4035 0.1326 0.1525 0.5088 0.1119 0.2549 0.2930 0.1219 0.4690 0.1226 0.1690 0.4837 0.1116 0.2917 0.2163 0.1282 0.5061 0.1179 0.1855 0.4525 0.1123 0.3298 0.1644 0.1353 0.5202 0.1150 0.2051 0.4109 0.1143 0.3730 0.1416 0.1439 0.5186 0.1130 0.2283 0.3577 0.1174 0.4198 0.1272 0.1853 0.1353 0.3729 0.1143 0.4109 0.2051 0.1150 0.5202 0.1353 0.1644 0.3298 0.1123 0.4525 0.1855 0.1179 0.5061 0.1282 0.2163 0.2917 0.1116 0.4837 0.1690 0.1226 0.4690 0.1219 0.2930 0.2549 0.1119 0.5088 0.1525 0.1326 0.4035 0.1159 0.3881 0.2126 0.1145 0.5206 0.1350 0.1711 0.3171 0.1118 0.4724 0.1731 0.1218 0.4693 0.1216 0.2787
0.1172 0.4628 0.1226 0.1708 0.4766 0.1117 0.3116 0.1773 0.1340 0.5200 0.1148 0.2101 0.3931 0.1156 0.4005 0.1330 0.1522 0.5088 0.1119 0.2561 0.2890 0.1223 0.4727 0.1220 0.1706 0.4806 0.1116 0.2964 0.2075 0.1291 0.5094 0.1174 0.1880 0.4473 0.1125 0.3356 0.1598 0.1364 0.5207 0.1147 0.2081 0.4041 0.1146 0.3794 0.1396 0.1453 0.5175 0.1128 0.2320 0.3492 0.1179 0.4267 0.1288 0.1578 0.4503 0.1482 0.1394 0.3795 0.1146 0.4041 0.2081 0.1147 0.5207 0.1364 0.1598 0.3356 0.1125 0.4473 0.1880 0.1174 0.5094 0.1291 0.2075 0.2964 0.1116 0.4806 0.1706 0.1220 0.4727 0.1223 0.2890 0.2561 0.1119 0.5088 0.1522 0.1330 0.4005 0.1156 0.3931 0.2101 0.1148 0.5200 0.1340 0.1773 0.3116 0.1117 0.4766 0.1708 0.1226 0.4628 0.1172
0.4392 0.1237 0.1686 0.4807 0.1117 0.3062 0.1842 0.1329 0.5191 0.1151 0.2073 0.3992 0.1153 0.3960 0.1338 0.1515 0.5094 0.1119 0.2561 0.2876 0.1225 0.4750 0.1217 0.1719 0.4779 0.1117 0.3007 0.1999 0.1300 0.5121 0.1170 0.1907 0.4419 0.1128 0.3415 0.1559 0.1376 0.5210 0.1143 0.2113 0.3970 0.1150 0.3860 0.1377 0.1468 0.5162 0.1126 0.2357 0.3405 0.1185 0.4335 0.1277 0.1581 0.5002 0.1106 0.5138 0.1468 0.1377 0.3860 0.1150 0.3970 0.2113 0.1143 0.5210 0.1376 0.1559 0.3415 0.1128 0.4419 0.1907 0.1170 0.5121 0.1300 0.1999 0.3007 0.1117 0.4779 0.1719 0.1217 0.4750 0.1225 0.2876 0.2561 0.1119 0.5094 0.1515 0.1338 0.3960 0.1153 0.3992 0.2073 0.1151 0.5191 0.1329 0.1842 0.3062 0.1117 0.4807 0.1686 0.1237 0.4392
0.1280 0.1665 0.4846 0.1116 0.3008 0.1919 0.1319 0.5178 0.1154 0.2043 0.4058 0.1149 0.3905 0.1350 0.1505 0.5105 0.1119 0.2549 0.2890 0.1225 0.4758 0.1215 0.1727 0.4759 0.1117 0.3042 0.1935 0.1308 0.5142 0.1166 0.1932 0.4363 0.1130 0.3475 0.1524 0.1387 0.5210 0.1140 0.2145 0.3897 0.1154 0.3926 0.1359 0.1482 0.5147 0.1124 0.2395 0.3315 0.1191 0.4402 0.1267 0.1599 0.4991 0.1098 0.3442 0.1093 0.5147 0.1482 0.1359 0.3926 0.1154 0.3897 0.2145 0.1140 0.5210 0.1387 0.1524 0.3475 0.1130 0.4363 0.1932 0.1166 0.5142 0.1308 0.1935 0.3042 0.1117 0.4759 0.1727 0.1215 0.4758 0.1225 0.2890 0.2549 0.1119 0.5105 0.1505 0.1350 0.3905 0.1149 0.4058 0.2043 0.1154 0.5178 0.1319 0.1919 0.3008 0.1116 0.4846 0.1665 0.1280
0.1589 0.4883 0.1115 0.2954 0.2006 0.1308 0.5162 0.1158 0.2013 0.4126 0.1145 0.3843 0.1364 0.1492 0.5120 0.1120 0.2527 0.2930 0.1223 0.4750 0.1215 0.1730 0.4748 0.1117 0.3068 0.1889 0.1314 0.5158 0.1162 0.1956 0.4310 0.1133 0.3535 0.1493 0.1399 0.5207 0.1138 0.2178 0.3822 0.1159 0.3993 0.1343 0.1497 0.5130 0.1122 0.2434 0.3224 0.1197 0.4469 0.1257 0.1618 0.4961 0.1115 0.2768 0.1445 0.2502 0.1120 0.5130 0.1497 0.1343 0.3993 0.1159 0.3822 0.2178 0.1138 0.5207 0.1399 0.1493 0.3535 0.1133 0.4310 0.1956 0.1162 0.5158 0.1314 0.1889 0.3068 0.1117 0.4748 0.1730 0.1215 0.4750 0.1223 0.2930 0.2527 0.1120 0.5120 0.1492 0.1364 0.3843 0.1145 0.4126 0.2013 0.1158 0.5162 0.1308 0.2006 0.2954 0.1115 0.4883 0.1589
0.4716 0.1119 0.2902 0.2098 0.1298 0.5141 0.1162 0.1984 0.4191 0.1142 0.3778 0.1381 0.1478 0.5135 0.1121 0.2497 0.2991 0.1219 0.4727 0.1217 0.1727 0.4748 0.1117 0.3082 0.1861 0.1319 0.5168 0.1160 0.1977 0.4261 0.1135 0.3591 0.1467 0.1412 0.5203 0.1135 0.2211 0.3745 0.1163 0.4060 0.1329 0.1513 0.5112 0.1121 0.2474 0.3130 0.1204 0.4535 0.1247 0.1637 0.4930 0.1115 0.2784 0.2362 0.1423 0.2972 0.2474 0.1121 0.5112 0.1513 0.1329 0.4060 0.1163 0.3745 0.2211 0.1135 0.5203 0.1412 0.1467 0.3591 0.1135 0.4261 0.1977 0.1160 0.5168 0.1319 0.1861 0.3082 0.1117 0.4748 0.1727 0.1217 0.4727 0.1219 0.2991 0.2497 0.1121 0.5135 0.1478 0.1381 0.3778 0.1142 0.4191 0.1984 0.1162 0.5141 0.1298 0.2098 0.2902 0.1119 0.4716
0.1111 0.2851 0.2194 0.1288 0.5115 0.1166 0.1955 0.4254 0.1138 0.3713 0.1401 0.1464 0.5151 0.1123 0.2462 0.3069 0.1214 0.4690 0.1220 0.1719 0.4759 0.1117 0.3082 0.1852 0.1322 0.5174 0.1158 0.1993 0.4221 0.1137 0.3640 0.1445 0.1423 0.5196 0.1133 0.2245 0.3665 0.1168 0.4128 0.1315 0.1529 0.5091 0.1119 0.2515 0.3034 0.1210 0.4600 0.1238 0.1657 0.4897 0.1115 0.2832 0.2331 0.1273 0.5201 0.1221 0.3035 0.2515 0.1119 0.5091 0.1529 0.1315 0.4128 0.1168 0.3665 0.2245 0.1133 0.5196 0.1423 0.1445 0.3640 0.1137 0.4221 0.1993 0.1158 0.5174 0.1322 0.1852 0.3082 0.1117 0.4759 0.1719 0.1220 0.4690 0.1214 0.3069 0.2462 0.1123 0.5151 0.1464 0.1401 0.3713 0.1138 0.4254 0.1955 0.1166 0.5115 0.1288 0.2194 0.2851 0.1111
0.2695 0.2294 0.1279 0.5085 0.1171 0.1927 0.4316 0.1135 0.3650 0.1422 0.1450 0.5165 0.1125 0.2424 0.3156 0.1208 0.4641 0.1226 0.1706 0.4779 0.1117 0.3068 0.1861 0.1322 0.5176 0.1157 0.2003 0.4192 0.1139 0.3681 0.1429 0.1433 0.5189 0.1131 0.2278 0.3586 0.1173 0.4195 0.1302 0.1546 0.5069 0.1118 0.2557 0.2937 0.1217 0.4663 0.1230 0.1677 0.4862 0.1115 0.2881 0.2233 0.1275 0.5057 0.1069 0.4760 0.1217 0.2937 0.2557 0.1118 0.5069 0.1546 0.1302 0.4195 0.1173 0.3586 0.2278 0.1131 0.5189 0.1433 0.1429 0.3681 0.1139 0.4192 0.2003 0.1157 0.5176 0.1322 0.1861 0.3068 0.1117 0.4779 0.1706 0.1226 0.4641 0.1208 0.3156 0.2424 0.1125 0.5165 0.1450 0.1422 0.3650 0.1135 0.4316 0.1927 0.1171 0.5085 0.1279 0.2294 0.2695
0.2142 0.1271 0.5049 0.1176 0.1899 0.4376 0.1132 0.3585 0.1445 0.1436 0.5178 0.1126 0.2385 0.3247 0.1202 0.4582 0.1232 0.1690 0.4806 0.1117 0.3042 0.1889 0.1319 0.5174 0.1157 0.2006 0.4177 0.1140 0.3710 0.1417 0.1442 0.5182 0.1129 0.2307 0.3513 0.1178 0.4260 0.1290 0.1563 0.5045 0.1117 0.2599 0.2838 0.1225 0.4724 0.1222 0.1698 0.4826 0.1116 0.2931 0.2139 0.1284 0.5070 0.1153 0.2303 0.1176 0.4724 0.1225 0.2838 0.2599 0.1117 0.5045 0.1563 0.1290 0.4260 0.1178 0.3513 0.2307 0.1129 0.5182 0.1442 0.1417 0.3710 0.1140 0.4177 0.2006 0.1157 0.5174 0.1319 0.1889 0.3042 0.1117 0.4806 0.1690 0.1232 0.4582 0.1202 0.3247 0.2385 0.1126 0.5178 0.1436 0.1445 0.3585 0.1132 0.4376 0.1899 0.1176 0.5049 0.1271 0.2142
0.1219 0.5008 0.1181 0.1872 0.4435 0.1129 0.3521 0.1471 0.1422 0.5188 0.1128 0.2347 0.3339 0.1195 0.4518 0.1241 0.1671 0.4837 0.1116 0.3007 0.1935 0.1314 0.5168 0.1158 0.2003 0.4177 0.1141 0.3725 0.1409 0.1448 0.5176 0.1128 0.2333 0.3448 0.1183 0.4318 0.1279 0.1579 0.5020 0.1117 0.2643 0.2739 0.1232 0.4784 0.1215 0.1719 0.4787 0.1116 0.2982 0.2048 0.1293 0.5102 0.1172 0.1908 0.3454 0.1762 0.1212 0.4784 0.1232 0.2739 0.2643 0.1117 0.5020 0.1579 0.1279 0.4318 0.1183 0.3448 0.2333 0.1128 0.5176 0.1448 0.1409 0.3725 0.1141 0.4177 0.2003 0.1158 0.5168 0.1314 0.1935 0.3007 0.1116 0.4837 0.1671 0.1241 0.4518 0.1195 0.3339 0.2347 0.1128 0.5188 0.1422 0.1471 0.3521 0.1129 0.4435 0.1872 0.1181 0.5008 0.1219
0.4792 0.1189 0.1846 0.4490 0.1127 0.3458 0.1500 0.1409 0.5197 0.1131 0.2310 0.3428 0.1189 0.4452 0.1250 0.1652 0.4871 0.1116 0.2964 0.1999 0.1308 0.5158 0.1160 0.1993 0.4192 0.1140 0.3725 0.1407 0.1452 0.5171 0.1127 0.2354 0.3391 0.1187 0.4369 0.1270 0.1595 0.4995 0.1116 0.2687 0.2638 0.1240 0.4840 0.1208 0.1741 0.4747 0.1117 0.3034 0.1963 0.1303 0.5129 0.1169 0.1913 0.4369 0.1185 0.4678 0.1741 0.1208 0.4840 0.1240 0.2638 0.2687 0.1116 0.4995 0.1595 0.1270 0.4369 0.1187 0.3391 0.2354 0.1127 0.5171 0.1452 0.1407 0.3725 0.1140 0.4192 0.1993 0.1160 0.5158 0.1308 0.1999 0.2964 0.1116 0.4871 0.1652 0.1250 0.4452 0.1189 0.3428 0.2310 0.1131 0.5197 0.1409 0.1500 0.3458 0.1127 0.4490 0.1846 0.1189 0.4792
0.1224 0.1820 0.4543 0.1125 0.3396 0.1533 0.1396 0.5204 0.1133 0.2274 0.3514 0.1183 0.4385 0.1259 0.1632 0.4906 0.1115 0.2917 0.2075 0.1300 0.5142 0.1162 0.1977 0.4221 0.1139 0.3710 0.1409 0.1452 0.5170 0.1126 0.2367 0.3350 0.1190 0.4411 0.1263 0.1609 0.4972 0.1116 0.2729 0.2542 0.1248 0.4894 0.1201 0.1764 0.4704 0.1118 0.3087 0.1883 0.1313 0.5151 0.1164 0.1940 0.4348 0.1122 0.4428 0.1101 0.4705 0.1764 0.1201 0.4894 0.1248 0.2542 0.2729 0.1116 0.4972 0.1609 0.1263 0.4411 0.1190 0.3350 0.2367 0.1126 0.5170 0.1452 0.1409 0.3710 0.1139 0.4221 0.1977 0.1162 0.5142 0.1300 0.2075 0.2917 0.1115 0.4906 0.1632 0.1259 0.4385 0.1183 0.3514 0.2274 0.1133 0.5204 0.1396 0.1533 0.3396 0.1125 0.4543 0.1820 0.1224
0.1734 0.4595 0.1123 0.3335 0.1571 0.1384 0.5208 0.1136 0.2238 0.3599 0.1178 0.4318 0.1269 0.1613 0.4938 0.1115 0.2868 0.2163 0.1291 0.5121 0.1166 0.1956 0.4261 0.1137 0.3681 0.1417 0.1448 0.5171 0.1126 0.2371 0.3330 0.1192 0.4441 0.1258 0.1620 0.4952 0.1115 0.2766 0.2456 0.1256 0.4941 0.1195 0.1786 0.4660 0.1119 0.3141 0.1809 0.1323 0.5170 0.1160 0.1968 0.4288 0.1133 0.3590 0.1177 0.3229 0.1117 0.4660 0.1786 0.1195 0.4941 0.1256 0.2456 0.2766 0.1115 0.4952 0.1620 0.1258 0.4441 0.1192 0.3330 0.2371 0.1126 0.5171 0.1448 0.1417 0.3681 0.1137 0.4261 0.1956 0.1166 0.5121 0.1291 0.2163 0.2868 0.1115 0.4938 0.1613 0.1269 0.4318 0.1178 0.3599 0.2238 0.1136 0.5208 0.1384 0.1571 0.3335 0.1123 0.4595 0.1734
0.4416 0.1125 0.3276 0.1614 0.1372 0.5210 0.1138 0.2203 0.3683 0.1172 0.4250 0.1280 0.1595 0.4969 0.1115 0.2820 0.2258 0.1282 0.5094 0.1170 0.1932 0.4310 0.1135 0.3640 0.1429 0.1442 0.5176 0.1127 0.2367 0.3330 0.1193 0.4457 0.1255 0.1629 0.4935 0.1115 0.2798 0.2384 0.1262 0.4980 0.1190 0.1808 0.4616 0.1120 0.3196 0.1743 0.1334 0.5184 0.1156 0.1997 0.4227 0.1137 0.3613 0.1424 0.1662 0.1631 0.3196 0.1120 0.4616 0.1808 0.1190 0.4980 0.1262 0.2384 0.2798 0.1115 0.4935 0.1629 0.1255 0.4457 0.1193 0.3330 0.2367 0.1127 0.5176 0.1442 0.1429 0.3640 0.1135 0.4310 0.1932 0.1170 0.5094 0.1282 0.2258 0.2820 0.1115 0.4969 0.1595 0.1280 0.4250 0.1172 0.3683 0.2203 0.1138 0.5210 0.1372 0.1614 0.3276 0.1125 0.4416
0.1107 0.3217 0.1664 0.1360 0.5209 0.1141 0.2168 0.3766 0.1167 0.4181 0.1292 0.1577 0.4998 0.1115 0.2772 0.2356 0.1273 0.5061 0.1174 0.1907 0.4363 0.1133 0.3591 0.1445 0.1433 0.5182 0.1128 0.2354 0.3350 0.1192 0.4457 0.1254 0.1633 0.4924 0.1115 0.2823 0.2325 0.1268 0.5011 0.1186 0.1828 0.4574 0.1122 0.3250 0.1686 0.1344 0.5195 0.1153 0.2026 0.4163 0.1140 0.3677 0.1434 0.1440 0.4885 0.1367 0.1685 0.3250 0.1122 0.4574 0.1828 0.1186 0.5011 0.1268 0.2325 0.2823 0.1115 0.4924 0.1633 0.1254 0.4457 0.1192 0.3350 0.2354 0.1128 0.5182 0.1433 0.1445 0.3591 0.1133 0.4363 0.1907 0.1174 0.5061 0.1273 0.2356 0.2772 0.1115 0.4998 0.1577 0.1292 0.4181 0.1167 0.3766 0.2168 0.1141 0.5209 0.1360 0.1664 0.3217 0.1107
0.3037 0.1723 0.1349 0.5205 0.1145 0.2134 0.3845 0.1162 0.4110 0.1304 0.1559 0.5025 0.1116 0.2726 0.2455 0.1264 0.5024 0.1179 0.1880 0.4419 0.1130 0.3535 0.1467 0.1423 0.5189 0.1129 0.2333 0.3391 0.1190 0.4441 0.1255 0.1633 0.4920 0.1115 0.2840 0.2282 0.1273 0.5035 0.1182 0.1846 0.4535 0.1123 0.3299 0.1639 0.1355 0.5203 0.1149 0.2056 0.4097 0.1143 0.3741 0.1412 0.1442 0.5177 0.1081 0.5210 0.1355 0.1639 0.3299 0.1123 0.4535 0.1846 0.1182 0.5035 0.1273 0.2282 0.2840 0.1115 0.4920 0.1633 0.1255 0.4441 0.1190 0.3391 0.2333 0.1129 0.5189 0.1423 0.1467 0.3535 0.1130 0.4419 0.1880 0.1179 0.5024 0.1264 0.2455 0.2726 0.1116 0.5025 0.1559 0.1304 0.4110 0.1162 0.3845 0.2134 0.1145 0.5205 0.1349 0.1723 0.3037
0.1693 0.1338 0.5199 0.1148 0.2101 0.3923 0.1157 0.4040 0.1318 0.1542 0.5051 0.1117 0.2680 0.2555 0.1255 0.4982 0.1185 0.1855 0.4473 0.1128 0.3475 0.1493 0.1412 0.5196 0.1131 0.2307 0.3448 0.1187 0.4411 0.1258 0.1629 0.4924 0.1115 0.2845 0.2259 0.1276 0.5052 0.1179 0.1861 0.4501 0.1125 0.3342 0.1603 0.1364 0.5207 0.1146 0.2086 0.4029 0.1147 0.3806 0.1392 0.1456 0.5173 0.1106 0.2950 0.1109 0.5207 0.1364 0.1603 0.3342 0.1125 0.4501 0.1861 0.1179 0.5052 0.1276 0.2259 0.2845 0.1115 0.4924 0.1629 0.1258 0.4411 0.1187 0.3448 0.2307 0.1131 0.5196 0.1412 0.1493 0.3475 0.1128 0.4473 0.1855 0.1185 0.4982 0.1255 0.2555 0.2680 0.1117 0.5051 0.1542 0.1318 0.4040 0.1157 0.3923 0.2101 0.1148 0.5199 0.1338 0.1693
0.1280 0.5188 0.1151 0.2068 0.3998 0.1153 0.3971 0.1333 0.1525 0.5075 0.1117 0.2635 0.2656 0.1247 0.4935 0.1190 0.1830 0.4525 0.1125 0.3415 0.1524 0.1399 0.5203 0.1133 0.2278 0.3513 0.1183 0.4369 0.1263 0.1620 0.4935 0.1115 0.2840 0.2259 0.1277 0.5060 0.1178 0.1873 0.4474 0.1126 0.3381 0.1574 0.1373 0.5209 0.1144 0.2115 0.3961 0.1151 0.3871 0.1374 0.1470 0.5159 0.1125 0.2392 0.1985 0.2173 0.1141 0.5209 0.1373 0.1574 0.3381 0.1126 0.4474 0.1873 0.1178 0.5060 0.1277 0.2259 0.2840 0.1115 0.4935 0.1620 0.1263 0.4369 0.1183 0.3513 0.2278 0.1133 0.5203 0.1399 0.1524 0.3415 0.1125 0.4525 0.1830 0.1190 0.4935 0.1247 0.2656 0.2635 0.1117 0.5075 0.1525 0.1333 0.3971 0.1153 0.3998 0.2068 0.1151 0.5188 0.1280
0.5013 0.1158 0.2037 0.4070 0.1149 0.3901 0.1349 0.1508 0.5098 0.1118 0.2590 0.2757 0.1239 0.4885 0.1196 0.1806 0.4575 0.1123 0.3356 0.1559 0.1387 0.5207 0.1135 0.2245 0.3586 0.1178 0.4318 0.1270 0.1609 0.4952 0.1115 0.2823 0.2282 0.1276 0.5060 0.1177 0.1878 0.4455 0.1127 0.3412 0.1551 0.1380 0.5210 0.1141 0.2140 0.3898 0.1155 0.3935 0.1357 0.1485 0.5144 0.1124 0.2403 0.3239 0.1317 0.3776 0.2141 0.1141 0.5210 0.1380 0.1551 0.3412 0.1127 0.4455 0.1878 0.1177 0.5060 0.1276 0.2282 0.2823 0.1115 0.4952 0.1609 0.1270 0.4318 0.1178 0.3586 0.2245 0.1135 0.5207 0.1387 0.1559 0.3356 0.1123 0.4575 0.1806 0.1196 0.4885 0.1239 0.2757 0.2590 0.1118 0.5098 0.1508 0.1349 0.3901 0.1149 0.4070 0.2037 0.1158 0.5013
0.1182 0.2006 0.4140 0.1145 0.3833 0.1366 0.1492 0.5118 0.1120 0.2546 0.2860 0.1231 0.4830 0.1202 0.1782 0.4623 0.1122 0.3298 0.1598 0.1376 0.5210 0.1138 0.2211 0.3665 0.1173 0.4260 0.1279 0.1595 0.4972 0.1115 0.2798 0.2325 0.1273 0.5052 0.1178 0.1878 0.4449 0.1128 0.3433 0.1536 0.1386 0.5209 0.1139 0.2163 0.3843 0.1158 0.3992 0.1342 0.1499 0.5127 0.1122 0.2442 0.3205 0.1200 0.5158 0.1159 0.3844 0.2163 0.1139 0.5209 0.1386 0.1536 0.3433 0.1128 0.4449 0.1878 0.1178 0.5052 0.1273 0.2325 0.2798 0.1115 0.4972 0.1595 0.1279 0.4260 0.1173 0.3665 0.2211 0.1138 0.5210 0.1376 0.1598 0.3298 0.1122 0.4623 0.1782 0.1202 0.4830 0.1231 0.2860 0.2546 0.1120 0.5118 0.1492 0.1366 0.3833 0.1145 0.4140 0.2006 0.1182
0.1908 0.4206 0.1141 0.3766 0.1384 0.1476 0.5137 0.1121 0.2503 0.2962 0.1223 0.4771 0.1209 0.1759 0.4669 0.1120 0.3241 0.1644 0.1364 0.5210 0.1140 0.2178 0.3745 0.1168 0.4195 0.1290 0.1579 0.4995 0.1116 0.2766 0.2384 0.1268 0.5035 0.1179 0.1873 0.4455 0.1128 0.3439 0.1528 0.1391 0.5208 0.1138 0.2182 0.3795 0.1161 0.4042 0.1330 0.1513 0.5110 0.1121 0.2481 0.3111 0.1205 0.4587 0.1087 0.4150 0.1160 0.3795 0.2182 0.1138 0.5208 0.1391 0.1528 0.3439 0.1128 0.4455 0.1873 0.1179 0.5035 0.1268 0.2384 0.2766 0.1116 0.4995 0.1579 0.1290 0.4195 0.1168 0.3745 0.2178 0.1140 0.5210 0.1364 0.1644 0.3241 0.1120 0.4669 0.1759 0.1209 0.4771 0.1223 0.2962 0.2503 0.1121 0.5137 0.1476 0.1384 0.3766 0.1141 0.4206 0.1908
0.4014 0.1141 0.3699 0.1405 0.1461 0.5153 0.1123 0.2461 0.3063 0.1215 0.4710 0.1216 0.1736 0.4713 0.1119 0.3185 0.1696 0.1353 0.5207 0.1143 0.2145 0.3822 0.1163 0.4128 0.1302 0.1563 0.5020 0.1116 0.2729 0.2456 0.1262 0.5011 0.1182 0.1861 0.4474 0.1127 0.3433 0.1528 0.1392 0.5208 0.1137 0.2197 0.3755 0.1164 0.4084 0.1321 0.1525 0.5094 0.1120 0.2518 0.3020 0.1212 0.4611 0.1210 0.2011 0.1266 0.4083 0.1164 0.3755 0.2197 0.1137 0.5208 0.1392 0.1528 0.3433 0.1127 0.4474 0.1861 0.1182 0.5011 0.1262 0.2456 0.2729 0.1116 0.5020 0.1563 0.1302 0.4128 0.1163 0.3822 0.2145 0.1143 0.5207 0.1353 0.1696 0.3185 0.1119 0.4713 0.1736 0.1216 0.4710 0.1215 0.3063 0.2461 0.1123 0.5153 0.1461 0.1405 0.3699 0.1141 0.4014
0.1115 0.3633 0.1427 0.1447 0.5168 0.1125 0.2419 0.3162 0.1208 0.4645 0.1224 0.1714 0.4755 0.1118 0.3130 0.1756 0.1342 0.5202 0.1147 0.2113 0.3897 0.1159 0.4060 0.1315 0.1546 0.5045 0.1117 0.2687 0.2542 0.1256 0.4980 0.1186 0.1846 0.4501 0.1126 0.3412 0.1536 0.1391 0.5208 0.1137 0.2205 0.3728 0.1166 0.4118 0.1313 0.1534 0.5080 0.1119 0.2551 0.2940 0.1218 0.4670 0.1228 0.1697 0.4158 0.1569 0.1311 0.4118 0.1166 0.3728 0.2205 0.1137 0.5208 0.1391 0.1536 0.3412 0.1126 0.4501 0.1846 0.1186 0.4980 0.1256 0.2542 0.2687 0.1117 0.5045 0.1546 0.1315 0.4060 0.1159 0.3897 0.2113 0.1147 0.5202 0.1342 0.1756 0.3130 0.1118 0.4755 0.1714 0.1224 0.4645 0.1208 0.3162 0.2419 0.1125 0.5168 0.1447 0.1427 0.3633 0.1115
0.3428 0.1453 0.1433 0.5180 0.1127 0.2379 0.3259 0.1201 0.4579 0.1232 0.1692 0.4797 0.1117 0.3076 0.1823 0.1332 0.5193 0.1150 0.2081 0.3970 0.1154 0.3993 0.1329 0.1529 0.5069 0.1117 0.2643 0.2638 0.1248 0.4941 0.1190 0.1828 0.4535 0.1125 0.3381 0.1551 0.1386 0.5208 0.1137 0.2205 0.3719 0.1167 0.4140 0.1308 0.1543 0.5068 0.1108 0.2580 0.2870 0.1223 0.4723 0.1215 0.1701 0.4798 0.1129 0.5027 0.1543 0.1308 0.4140 0.1167 0.3719 0.2205 0.1137 0.5208 0.1386 0.1551 0.3381 0.1125 0.4535 0.1828 0.1190 0.4941 0.1248 0.2638 0.2643 0.1117 0.5069 0.1529 0.1329 0.3993 0.1154 0.3970 0.2081 0.1150 0.5193 0.1332 0.1823 0.3076 0.1117 0.4797 0.1692 0.1232 0.4579 0.1201 0.3259 0.2379 0.1127 0.5180 0.1433 0.1453 0.3428
0.1487 0.1419 0.5191 0.1129 0.2340 0.3353 0.1195 0.4511 0.1241 0.1671 0.4836 0.1116 0.3022 0.1899 0.1321 0.5182 0.1153 0.2051 0.4041 0.1150 0.3926 0.1343 0.1513 0.5091 0.1118 0.2599 0.2739 0.1240 0.4894 0.1195 0.1808 0.4574 0.1123 0.3342 0.1574 0.1380 0.5209 0.1138 0.2197 0.3728 0.1167 0.4148 0.1305 0.1559 0.5014 0.1086 0.2968 0.2323 0.1240 0.4833 0.1143 0.1833 0.4655 0.1087 0.3973 0.1070 0.5023 0.1549 0.1299 0.4148 0.1167 0.3728 0.2197 0.1138 0.5209 0.1380 0.1574 0.3342 0.1123 0.4574 0.1808 0.1195 0.4894 0.1240 0.2739 0.2599 0.1118 0.5091 0.1513 0.1343 0.3926 0.1150 0.4041 0.2051 0.1153 0.5182 0.1321 0.1899 0.3022 0.1116 0.4836 0.1671 0.1241 0.4511 0.1195 0.3353 0.2340 0.1129 0.5191 0.1419 0.1487
0.1357 0.5199 0.1131 0.2302 0.3445 0.1188 0.4442 0.1251 0.1650 0.4874 0.1115 0.2968 0.1983 0.1311 0.5167 0.1157 0.2021 0.4109 0.1146 0.3860 0.1359 0.1497 0.5112 0.1119 0.2557 0.2838 0.1232 0.4840 0.1201 0.1786 0.4616 0.1122 0.3299 0.1603 0.1373 0.5210 0.1139 0.2182 0.3755 0.1166 0.4140 0.1305 0.1572 0.3839 0.1154 0.3665 0.1243 0.1583 0.4990 0.1135 0.2685 0.3258 0.1191 0.4711 0.1074 0.3716 0.1147 0.4817 0.1588 0.1294 0.4140 0.1166 0.3755 0.2182 0.1139 0.5210 0.1373 0.1603 0.3299 0.1122 0.4616 0.1786 0.1201 0.4840 0.1232 0.2838 0.2557 0.1119 0.5112 0.1497 0.1359 0.3860 0.1146 0.4109 0.2021 0.1157 0.5167 0.1311 0.1983 0.2968 0.1115 0.4874 0.1650 0.1251 0.4442 0.1188 0.3445 0.2302 0.1131 0.5199 0.1357
0.5040 0.1137 0.2265 0.3535 0.1182 0.4372 0.1261 0.1630 0.4909 0.1115 0.2915 0.2074 0.1301 0.5147 0.1161 0.1992 0.4174 0.1143 0.3794 0.1377 0.1482 0.5130 0.1121 0.2515 0.2937 0.1225 0.4784 0.1208 0.1764 0.4660 0.1120 0.3250 0.1639 0.1364 0.5209 0.1141 0.2163 0.3795 0.1164 0.4118 0.1308 0.1559 0.3746 0.3405 0.4549 0.4404 0.2011 0.1284 0.4497 0.1502 0.0785 0.2349 0.2513 0.0696 0.4148 0.1367 0.3051 0.3829 0.3330 0.1585 0.1302 0.4118 0.1164 0.3795 0.2163 0.1141 0.5209 0.1364 0.1639 0.3250 0.1120 0.4660 0.1764 0.1208 0.4784 0.1225 0.2937 0.2515 0.1121 0.5130 0.1482 0.1377 0.3795 0.1143 0.4174 0.1992 0.1161 0.5147 0.1301 0.2074 0.2915 0.1115 0.4909 0.1630 0.1261 0.4372 0.1182 0.3535 0.2265 0.1137 0.5040
0.1150 0.2228 0.3621 0.1176 0.4302 0.1271 0.1610 0.4943 0.1115 0.2864 0.2169 0.1291 0.5122 0.1165 0.1963 0.4238 0.1139 0.3730 0.1396 0.1468 0.5147 0.1122 0.2474 0.3034 0.1217 0.4724 0.1215 0.1741 0.4704 0.1119 0.3196 0.1686 0.1355 0.5207 0.1144 0.2140 0.3843 0.1161 0.4084 0.1313 0.1542 0.5052 0.1173 0.1613 0.4021 0.2347 0.3524 0.3818 0.3918 0.1561 0.2403 0.1462 0.5328 0.1223 0.2801 0.4033 0.1829 0.3535 0.1330 0.4825 0.1554 0.1311 0.4083 0.1160 0.3844 0.2141 0.1141 0.5207 0.1355 0.1685 0.3196 0.1117 0.4705 0.1741 0.1212 0.4724 0.1217 0.3035 0.2474 0.1120 0.5147 0.1468 0.1394 0.3729 0.1138 0.4239 0.1963 0.1163 0.5122 0.1291 0.2171 0.2863 0.1113 0.4943 0.1610 0.1269 0.4301 0.1175 0.3623 0.2229 0.1147
0.2115 0.3706 0.1171 0.4231 0.1283 0.1591 0.4974 0.1115 0.2814 0.2268 0.1281 0.5093 0.1170 0.1934 0.4300 0.1136 0.3666 0.1416 0.1453 0.5162 0.1124 0.2434 0.3130 0.1210 0.4663 0.1222 0.1719 0.4747 0.1118 0.3141 0.1743 0.1344 0.5203 0.1146 0.2115 0.3898 0.1158 0.4042 0.1321 0.1534 0.5068 0.1105 0.3041 0.1143 0.3823 0.1453 0.4287 0.1127 0.2360 0.4484 0.1836 0.4678 0.1152 0.2294 0.3885 0.1754 0.3183 0.4499 0.3919 0.1108 0.5009 0.1569 0.1266 0.4150 0.1159 0.3776 0.2173 0.1109 0.5210 0.1367 0.1631 0.3229 0.1101 0.4678 0.1762 0.1176 0.4760 0.1221 0.2972 0.2502 0.1093 0.5138 0.1482 0.1353 0.3767 0.1130 0.4204 0.1985 0.1129 0.5135 0.1299 0.2109 0.2890 0.1092 0.4926 0.1627 0.1232 0.4343 0.1176 0.3553 0.2189
0.3502 0.1169 0.4162 0.1295 0.1572 0.5004 0.1116 0.2764 0.2370 0.1272 0.5058 0.1174 0.1906 0.4361 0.1133 0.3602 0.1438 0.1439 0.5175 0.1126 0.2395 0.3224 0.1204 0.4600 0.1230 0.1698 0.4787 0.1117 0.3087 0.1809 0.1334 0.5195 0.1149 0.2086 0.3961 0.1155 0.3992 0.1330 0.1525 0.5080 0.1118 0.2621 0.1607 0.2147 0.3789 0.1631 0.3935 0.1592 0.4120 0.3387 0.1357 0.1744 0.2650 0.3348 0.1817 0.4088 0.1484 0.2594 0.2916 0.4317 0.1135 0.4159 0.2011 0.1087 0.5158 0.1317 0.1985 0.2950 0.1081 0.4885 0.1662 0.1177 0.4428 0.1185 0.3454 0.2303 0.1069 0.5201 0.1423 0.1445 0.3442 0.1106 0.4503 0.1853 0.1112 0.4953 0.1255 0.2609 0.2651 0.1071 0.5070 0.1549 0.1256 0.3990 0.1145 0.3974 0.2088 0.1079 0.5195 0.1348 0.1615
0.1134 0.4091 0.1308 0.1554 0.5032 0.1116 0.2716 0.2473 0.1262 0.5019 0.1180 0.1879 0.4420 0.1130 0.3537 0.1464 0.1426 0.5186 0.1128 0.2357 0.3315 0.1197 0.4535 0.1238 0.1677 0.4826 0.1116 0.3034 0.1883 0.1323 0.5184 0.1153 0.2056 0.4029 0.1151 0.3935 0.1342 0.1513 0.5094 0.1119 0.2578 0.2739 0.1366 0.4298 0.3317 0.1288 0.4107 0.2591 0.0821 0.2733 0.1271 0.3572 0.1644 0.3649 0.5306 0.3982 0.1782 0.3599 0.1750 0.1168 0.4702 0.1698 0.1210 0.4587 0.1200 0.3239 0.2392 0.1106 0.5177 0.1440 0.1424 0.3590 0.1122 0.4369 0.1908 0.1153 0.5057 0.1273 0.2362 0.2768 0.1098 0.5002 0.1578 0.1272 0.4170 0.1161 0.3778 0.2167 0.1120 0.5209 0.1361 0.1658 0.3207 0.1106 0.4697 0.1749 0.1191 0.4732 0.1217 0.3013 0.2399
0.3865 0.1324 0.1537 0.5057 0.1117 0.2669 0.2577 0.1253 0.4974 0.1185 0.1853 0.4476 0.1128 0.3474 0.1492 0.1413 0.5195 0.1130 0.2320 0.3405 0.1191 0.4469 0.1247 0.1657 0.4862 0.1116 0.2982 0.1963 0.1313 0.5170 0.1156 0.2026 0.4097 0.1147 0.3871 0.1357 0.1499 0.5110 0.1120 0.2551 0.2869 0.1251 0.5123 0.2539 0.1113 0.5363 0.2628 0.3271 0.0624 0.5723 0.0591 0.2369 0.1204 0.2626 0.2341 0.4236 0.1644 0.5294 0.0896 0.4193 0.1772 0.1223 0.4611 0.1205 0.3205 0.2403 0.1125 0.5173 0.1442 0.1434 0.3613 0.1133 0.4348 0.1913 0.1172 0.5070 0.1275 0.2331 0.2784 0.1115 0.4991 0.1581 0.1288 0.4198 0.1168 0.3745 0.2177 0.1140 0.5210 0.1363 0.1651 0.3231 0.1119 0.4679 0.1754 0.1210 0.4754 0.1221 0.2991 0.2491 0.1125
0.1370 0.1520 0.5081 0.1118 0.2623 0.2682 0.1245 0.4925 0.1191 0.1827 0.4530 0.1125 0.3412 0.1524 0.1400 0.5202 0.1132 0.2283 0.3492 0.1185 0.4402 0.1257 0.1637 0.4897 0.1115 0.2931 0.2048 0.1303 0.5151 0.1160 0.1997 0.4163 0.1143 0.3806 0.1374 0.1485 0.5127 0.1121 0.2518 0.2940 0.1223 0.4932 0.1044 0.5577 0.2036 0.3493 0.4299 0.3404 0.3777 0.1380 0.4353 0.2514 0.1437 0.4792 0.4663 0.1030 0.4762 0.0683 0.2008 0.2098 0.1175 0.4678 0.1211 0.3111 0.2442 0.1124 0.5159 0.1456 0.1412 0.3677 0.1137 0.4288 0.1940 0.1169 0.5102 0.1284 0.2233 0.2832 0.1115 0.4961 0.1599 0.1277 0.4267 0.1174 0.3661 0.2212 0.1138 0.5210 0.1375 0.1603 0.3290 0.1121 0.4631 0.1777 0.1204 0.4815 0.1229 0.2888 0.2534 0.1124 0.4944
0.1452 0.5103 0.1119 0.2578 0.2786 0.1237 0.4872 0.1197 0.1802 0.4581 0.1123 0.3351 0.1561 0.1387 0.5207 0.1135 0.2247 0.3577 0.1179 0.4335 0.1267 0.1618 0.4930 0.1115 0.2881 0.2139 0.1293 0.5129 0.1164 0.1968 0.4227 0.1140 0.3741 0.1392 0.1470 0.5144 0.1122 0.2481 0.3020 0.1218 0.4722 0.1122 0.3329 0.1540 0.1781 0.0653 0.1863 0.1433 0.4214 0.2183 0.0904 0.2421 0.4223 0.3474 0.3435 0.4192 0.1506 0.3288 0.1455 0.1157 0.5011 0.1219 0.3020 0.2481 0.1122 0.5144 0.1470 0.1392 0.3741 0.1140 0.4227 0.1968 0.1164 0.5129 0.1293 0.2139 0.2881 0.1115 0.4930 0.1618 0.1267 0.4335 0.1179 0.3577 0.2247 0.1135 0.5207 0.1387 0.1561 0.3351 0.1123 0.4581 0.1802 0.1197 0.4872 0.1237 0.2786 0.2578 0.1119 0.5103 0.1452
0.4944 0.1124 0.2534 0.2888 0.1229 0.4815 0.1204 0.1777 0.4631 0.1121 0.3290 0.1603 0.1375 0.5210 0.1138 0.2212 0.3661 0.1174 0.4267 0.1277 0.1599 0.4961 0.1115 0.2832 0.2233 0.1284 0.5102 0.1169 0.1940 0.4288 0.1137 0.3677 0.1412 0.1456 0.5159 0.1124 0.2442 0.3111 0.1212 0.4670 0.1219 0.1760 0.3656 0.3935 0.2780 0.0936 0.1455 0.2056 0.2099 0.4528 0.2809 0.1325 0.3574 0.1444 0.4757 0.0896 0.1835 0.2729 0.5190 0.5013 0.1267 0.2930 0.2518 0.1121 0.5127 0.1485 0.1374 0.3806 0.1143 0.4163 0.1997 0.1160 0.5151 0.1303 0.2048 0.2931 0.1115 0.4897 0.1637 0.1257 0.4402 0.1185 0.3492 0.2283 0.1132 0.5202 0.1400 0.1524 0.3412 0.1125 0.4530 0.1827 0.1191 0.4925 0.1245 0.2682 0.2623 0.1118 0.5081 0.1520 0.1370
0.1125 0.2491 0.2991 0.1221 0.4754 0.1210 0.1754 0.4679 0.1119 0.3231 0.1651 0.1363 0.5210 0.1140 0.2177 0.3745 0.1168 0.4198 0.1288 0.1581 0.4991 0.1115 0.2784 0.2331 0.1275 0.5070 0.1172 0.1913 0.4348 0.1133 0.3613 0.1434 0.1442 0.5173 0.1125 0.2403 0.3205 0.1205 0.4611 0.1228 0.1700 0.4747 0.1135 0.2535 0.2584 0.1273 0.2445 0.4250 0.1081 0.3865 0.5363 0.3712 0.0830 0.1476 0.1262 0.0657 0.4336 0.0702 0.1731 0.1422 0.2430 0.2554 0.1119 0.5110 0.1499 0.1357 0.3871 0.1147 0.4097 0.2026 0.1156 0.5170 0.1313 0.1963 0.2982 0.1116 0.4862 0.1657 0.1247 0.4469 0.1191 0.3405 0.2320 0.1130 0.5195 0.1413 0.1492 0.3474 0.1128 0.4476 0.1853 0.1185 0.4974 0.1253 0.2577 0.2669 0.1117 0.5057 0.1537 0.1324 0.3865
0.2399 0.3013 0.1217 0.4732 0.1191 0.1749 0.4697 0.1106 0.3207 0.1658 0.1361 0.5209 0.1120 0.2167 0.3778 0.1161 0.4170 0.1272 0.1578 0.5002 0.1098 0.2768 0.2362 0.1273 0.5057 0.1153 0.1908 0.4369 0.1122 0.3590 0.1424 0.1440 0.5177 0.1106 0.2392 0.3239 0.1200 0.4587 0.1210 0.1697 0.4798 0.1085 0.4456 0.4412 0.1138 0.3657 0.3875 0.1750 0.1467 0.4054 0.3288 0.4725 0.1154 0.3489 0.0635 0.3728 0.2053 0.2228 0.1160 0.1328 0.2938 0.1108 0.5094 0.1513 0.1342 0.3935 0.1151 0.4029 0.2056 0.1153 0.5184 0.1323 0.1883 0.3034 0.1116 0.4826 0.1677 0.1238 0.4535 0.1197 0.3315 0.2357 0.1128 0.5186 0.1426 0.1464 0.3537 0.1130 0.4420 0.1879 0.1180 0.5019 0.1262 0.2473 0.2716 0.1116 0.5032 0.1554 0.1308 0.4091 0.1134
0.1615 0.1348 0.5195 0.1079 0.2088 0.3974 0.1145 0.3990 0.1256 0.1549 0.5070 0.1071 0.2651 0.2609 0.1255 0.4953 0.1112 0.1853 0.4503 0.1106 0.3442 0.1445 0.1423 0.5201 0.1069 0.2303 0.3454 0.1185 0.4428 0.1177 0.1662 0.4885 0.1081 0.2950 0.1985 0.1317 0.5158 0.1087 0.2011 0.4158 0.1129 0.3998 0.1059 0.2597 0.0847 0.1352 0.0901 0.1168 0.4145 0.3455 0.2594 0.0905 0.2954 0.4831 0.4011 0.4053 0.1508 0.2180 0.4076 0.3407 0.1090 0.5080 0.1525 0.1330 0.3992 0.1155 0.3961 0.2086 0.1149 0.5195 0.1334 0.1809 0.3087 0.1117 0.4787 0.1698 0.1230 0.4600 0.1204 0.3224 0.2395 0.1126 0.5175 0.1439 0.1438 0.3602 0.1133 0.4361 0.1906 0.1174 0.5058 0.1272 0.2370 0.2764 0.1116 0.5004 0.1572 0.1295 0.4162 0.1169 0.3502
0.2189 0.3553 0.1176 0.4343 0.1232 0.1627 0.4926 0.1092 0.2890 0.2109 0.1299 0.5135 0.1129 0.1985 0.4204 0.1130 0.3767 0.1353 0.1482 0.5138 0.1093 0.2502 0.2972 0.1221 0.4760 0.1176 0.1762 0.4678 0.1101 0.3229 0.1631 0.1367 0.5210 0.1109 0.2173 0.3776 0.1159 0.4150 0.1266 0.1569 0.5024 0.1072 0.5187 0.1672 0.3502 0.1877 0.4865 0.3332 0.3252 0.1457 0.1867 0.5017 0.3714 0.3686 0.3940 0.3287 0.0808 0.1684 0.2491 0.1133 0.5032 0.1535 0.1321 0.4042 0.1158 0.3898 0.2115 0.1146 0.5203 0.1344 0.1743 0.3141 0.1118 0.4747 0.1719 0.1222 0.4663 0.1210 0.3130 0.2434 0.1124 0.5162 0.1453 0.1416 0.3666 0.1136 0.4300 0.1934 0.1170 0.5093 0.1281 0.2268 0.2814 0.1115 0.4974 0.1591 0.1283 0.4231 0.1171 0.3706 0.2115
