0.1744 0.4250 0.1109 0.3205 0.1583 0.1312 0.5044 0.1167 0.1996 0.3799 0.1122 0.3618 0.1428 0.1397 0.5010 0.1139 0.2219 0.3239 0.1146 0.4069 0.1331 0.1502 0.4870 0.1119 0.2482 0.2592 0.1184 0.4520 0.1262 0.1629 0.4637 0.1109 0.2791 0.1979 0.1236 0.4881 0.1210 0.1782 0.4309 0.1108 0.3147 0.1616 0.1301 0.5037 0.1172 0.1965 0.3875 0.1119 0.3553 0.1447 0.1383 0.5022 0.1141 0.2219 0.1914 0.2033 0.1168 0.5037 0.1301 0.1616 0.3147 0.1108 0.4309 0.1782 0.1210 0.4881 0.1236 0.1979 0.2791 0.1109 0.4637 0.1629 0.1262 0.4520 0.1184 0.2592 0.2482 0.1119 0.4870 0.1502 0.1331 0.4069 0.1146 0.3239 0.2219 0.1139 0.5010 0.1397 0.1428 0.3618 0.1122 0.3799 0.1996 0.1167 0.5044 0.1312 0.1583 0.3205 0.1109 0.4250 0.1744
0.4250 0.1134 0.3381 0.1577 0.1371 0.5209 0.1147 0.2100 0.3998 0.1152 0.3833 0.1386 0.1461 0.5168 0.1130 0.2340 0.3445 0.1186 0.4302 0.1285 0.1572 0.5032 0.1120 0.2623 0.2786 0.1231 0.4754 0.1220 0.1708 0.4808 0.1120 0.2953 0.2100 0.1289 0.5084 0.1178 0.1872 0.4491 0.1129 0.3334 0.1617 0.1360 0.5205 0.1151 0.2068 0.4071 0.1148 0.3764 0.1407 0.1446 0.5181 0.1132 0.2301 0.3469 0.1296 0.3941 0.2068 0.1151 0.5205 0.1360 0.1617 0.3334 0.1129 0.4491 0.1872 0.1178 0.5084 0.1289 0.2100 0.2953 0.1120 0.4808 0.1708 0.1220 0.4754 0.1231 0.2786 0.2623 0.1120 0.5032 0.1572 0.1285 0.4302 0.1186 0.3445 0.2340 0.1130 0.5168 0.1461 0.1386 0.3833 0.1152 0.3998 0.2100 0.1147 0.5209 0.1371 0.1577 0.3381 0.1134 0.4250
0.1109 0.3381 0.1561 0.1378 0.5210 0.1142 0.2131 0.3926 0.1153 0.3901 0.1366 0.1476 0.5153 0.1125 0.2379 0.3353 0.1188 0.4372 0.1271 0.1591 0.5004 0.1116 0.2669 0.2681 0.1237 0.4815 0.1211 0.1730 0.4767 0.1116 0.3006 0.2007 0.1298 0.5115 0.1171 0.1899 0.4435 0.1127 0.3395 0.1572 0.1371 0.5209 0.1145 0.2100 0.4000 0.1148 0.3832 0.1385 0.1461 0.5168 0.1127 0.2339 0.3448 0.1182 0.5101 0.1147 0.4000 0.2100 0.1145 0.5209 0.1371 0.1572 0.3395 0.1127 0.4435 0.1899 0.1171 0.5115 0.1298 0.2007 0.3006 0.1116 0.4767 0.1730 0.1211 0.4815 0.1237 0.2681 0.2669 0.1116 0.5004 0.1591 0.1271 0.4372 0.1188 0.3353 0.2379 0.1125 0.5153 0.1476 0.1366 0.3901 0.1153 0.3926 0.2131 0.1142 0.5210 0.1378 0.1561 0.3381 0.1109
0.3205 0.1577 0.1378 0.5210 0.1141 0.2155 0.3862 0.1157 0.3966 0.1350 0.1491 0.5137 0.1123 0.2419 0.3259 0.1195 0.4442 0.1261 0.1610 0.4974 0.1116 0.2716 0.2577 0.1245 0.4872 0.1204 0.1754 0.4724 0.1117 0.3061 0.1922 0.1308 0.5141 0.1166 0.1926 0.4378 0.1129 0.3457 0.1534 0.1383 0.5210 0.1141 0.2133 0.3925 0.1153 0.3900 0.1366 0.1476 0.5154 0.1125 0.2379 0.3355 0.1188 0.4415 0.1095 0.4009 0.1151 0.3925 0.2133 0.1141 0.5210 0.1383 0.1534 0.3457 0.1129 0.4378 0.1926 0.1166 0.5141 0.1308 0.1922 0.3061 0.1117 0.4724 0.1754 0.1204 0.4872 0.1245 0.2577 0.2716 0.1116 0.4974 0.1610 0.1261 0.4442 0.1195 0.3259 0.2419 0.1123 0.5137 0.1491 0.1350 0.3966 0.1157 0.3862 0.2155 0.1141 0.5210 0.1378 0.1577 0.3205
0.1583 0.1371 0.5210 0.1141 0.2165 0.3823 0.1160 0.4020 0.1336 0.1506 0.5120 0.1121 0.2459 0.3165 0.1201 0.4510 0.1251 0.1630 0.4943 0.1115 0.2764 0.2473 0.1253 0.4925 0.1197 0.1777 0.4679 0.1119 0.3117 0.1842 0.1319 0.5162 0.1162 0.1955 0.4317 0.1132 0.3520 0.1501 0.1396 0.5208 0.1138 0.2167 0.3847 0.1157 0.3969 0.1349 0.1492 0.5137 0.1123 0.2419 0.3261 0.1194 0.4440 0.1233 0.1947 0.1293 0.3967 0.1157 0.3847 0.2167 0.1138 0.5208 0.1396 0.1501 0.3520 0.1132 0.4317 0.1955 0.1162 0.5162 0.1319 0.1842 0.3117 0.1119 0.4679 0.1777 0.1197 0.4925 0.1253 0.2473 0.2764 0.1115 0.4943 0.1630 0.1251 0.4510 0.1201 0.3165 0.2459 0.1121 0.5120 0.1506 0.1336 0.4020 0.1160 0.3823 0.2165 0.1141 0.5210 0.1371 0.1583
0.1312 0.5209 0.1142 0.2155 0.3823 0.1161 0.4052 0.1327 0.1518 0.5103 0.1120 0.2498 0.3071 0.1208 0.4576 0.1242 0.1649 0.4910 0.1115 0.2814 0.2370 0.1262 0.4974 0.1191 0.1802 0.4632 0.1120 0.3174 0.1770 0.1329 0.5178 0.1158 0.1984 0.4254 0.1135 0.3584 0.1471 0.1409 0.5204 0.1136 0.2202 0.3767 0.1162 0.4039 0.1333 0.1508 0.5118 0.1121 0.2460 0.3164 0.1201 0.4510 0.1250 0.1646 0.4298 0.1540 0.1332 0.4039 0.1162 0.3767 0.2202 0.1136 0.5204 0.1409 0.1471 0.3584 0.1135 0.4254 0.1984 0.1158 0.5178 0.1329 0.1770 0.3174 0.1120 0.4632 0.1802 0.1191 0.4974 0.1262 0.2370 0.2814 0.1115 0.4910 0.1649 0.1242 0.4576 0.1208 0.3071 0.2498 0.1120 0.5103 0.1518 0.1327 0.4052 0.1161 0.3823 0.2155 0.1142 0.5209 0.1312
0.5044 0.1147 0.2131 0.3862 0.1160 0.4052 0.1323 0.1525 0.5090 0.1119 0.2532 0.2984 0.1214 0.4638 0.1233 0.1669 0.4875 0.1115 0.2863 0.2269 0.1271 0.5019 0.1185 0.1827 0.4582 0.1121 0.3232 0.1706 0.1340 0.5191 0.1154 0.2014 0.4190 0.1138 0.3649 0.1445 0.1422 0.5197 0.1133 0.2237 0.3684 0.1167 0.4109 0.1318 0.1524 0.5098 0.1120 0.2502 0.3066 0.1208 0.4577 0.1241 0.1649 0.4889 0.1121 0.5063 0.1524 0.1319 0.4109 0.1167 0.3684 0.2237 0.1133 0.5197 0.1422 0.1445 0.3649 0.1138 0.4190 0.2014 0.1154 0.5191 0.1340 0.1706 0.3232 0.1121 0.4582 0.1827 0.1185 0.5019 0.1271 0.2269 0.2863 0.1115 0.4875 0.1669 0.1233 0.4638 0.1214 0.2984 0.2532 0.1119 0.5090 0.1525 0.1323 0.4052 0.1160 0.3862 0.2131 0.1147 0.5044
0.1167 0.2100 0.3926 0.1157 0.4020 0.1327 0.1525 0.5085 0.1119 0.2557 0.2916 0.1220 0.4692 0.1226 0.1689 0.4840 0.1115 0.2912 0.2174 0.1281 0.5057 0.1180 0.1852 0.4531 0.1123 0.3290 0.1650 0.1351 0.5201 0.1150 0.2045 0.4122 0.1142 0.3715 0.1421 0.1436 0.5188 0.1131 0.2274 0.3600 0.1172 0.4179 0.1305 0.1541 0.5075 0.1119 0.2545 0.2965 0.1215 0.4644 0.1233 0.1670 0.4875 0.1099 0.3668 0.1091 0.5076 0.1541 0.1305 0.4179 0.1172 0.3600 0.2274 0.1131 0.5188 0.1436 0.1421 0.3715 0.1142 0.4122 0.2045 0.1150 0.5201 0.1351 0.1650 0.3290 0.1123 0.4531 0.1852 0.1180 0.5057 0.1281 0.2174 0.2912 0.1115 0.4840 0.1689 0.1226 0.4692 0.1220 0.2916 0.2557 0.1119 0.5085 0.1525 0.1327 0.4020 0.1157 0.3926 0.2100 0.1167
0.1996 0.3998 0.1153 0.3966 0.1336 0.1518 0.5090 0.1119 0.2566 0.2876 0.1224 0.4734 0.1220 0.1707 0.4805 0.1116 0.2962 0.2082 0.1290 0.5091 0.1175 0.1877 0.4479 0.1125 0.3349 0.1603 0.1363 0.5207 0.1147 0.2076 0.4051 0.1146 0.3782 0.1399 0.1450 0.5177 0.1128 0.2312 0.3512 0.1178 0.4250 0.1292 0.1559 0.5051 0.1117 0.2589 0.2862 0.1223 0.4708 0.1224 0.1692 0.4837 0.1115 0.2946 0.1345 0.2661 0.1115 0.5051 0.1559 0.1292 0.4250 0.1178 0.3512 0.2312 0.1128 0.5177 0.1450 0.1399 0.3782 0.1146 0.4051 0.2076 0.1147 0.5207 0.1363 0.1603 0.3349 0.1125 0.4479 0.1877 0.1175 0.5091 0.1290 0.2082 0.2962 0.1116 0.4805 0.1707 0.1220 0.4734 0.1224 0.2876 0.2566 0.1119 0.5090 0.1518 0.1336 0.3966 0.1153 0.3998 0.1996
0.3799 0.1152 0.3901 0.1350 0.1506 0.5103 0.1119 0.2557 0.2876 0.1226 0.4757 0.1216 0.1721 0.4776 0.1117 0.3009 0.1999 0.1299 0.5119 0.1170 0.1903 0.4425 0.1127 0.3408 0.1563 0.1374 0.5209 0.1144 0.2109 0.3979 0.1150 0.3850 0.1380 0.1465 0.5164 0.1126 0.2350 0.3422 0.1184 0.4320 0.1280 0.1577 0.5025 0.1117 0.2635 0.2759 0.1231 0.4770 0.1216 0.1714 0.4798 0.1116 0.2967 0.2012 0.1474 0.2595 0.2634 0.1117 0.5025 0.1577 0.1280 0.4320 0.1184 0.3422 0.2350 0.1126 0.5164 0.1465 0.1380 0.3850 0.1150 0.3979 0.2109 0.1144 0.5209 0.1374 0.1563 0.3408 0.1127 0.4425 0.1903 0.1170 0.5119 0.1299 0.1999 0.3009 0.1117 0.4776 0.1721 0.1216 0.4757 0.1226 0.2876 0.2557 0.1119 0.5103 0.1506 0.1350 0.3901 0.1152 0.3799
0.1122 0.3833 0.1366 0.1491 0.5120 0.1120 0.2532 0.2916 0.1224 0.4757 0.1215 0.1729 0.4755 0.1117 0.3047 0.1931 0.1308 0.5142 0.1166 0.1930 0.4369 0.1130 0.3468 0.1528 0.1386 0.5210 0.1141 0.2141 0.3906 0.1154 0.3918 0.1362 0.1480 0.5149 0.1124 0.2390 0.3329 0.1190 0.4390 0.1269 0.1596 0.4997 0.1116 0.2681 0.2654 0.1239 0.4830 0.1209 0.1736 0.4756 0.1117 0.3021 0.1985 0.1309 0.5161 0.1253 0.2656 0.2681 0.1116 0.4997 0.1596 0.1269 0.4390 0.1190 0.3329 0.2390 0.1124 0.5149 0.1480 0.1362 0.3918 0.1154 0.3906 0.2141 0.1141 0.5210 0.1386 0.1528 0.3468 0.1130 0.4369 0.1930 0.1166 0.5142 0.1308 0.1931 0.3047 0.1117 0.4755 0.1729 0.1215 0.4757 0.1224 0.2916 0.2532 0.1120 0.5120 0.1491 0.1366 0.3833 0.1122
0.3618 0.1386 0.1476 0.5137 0.1121 0.2498 0.2984 0.1220 0.4734 0.1216 0.1729 0.4748 0.1117 0.3072 0.1883 0.1315 0.5158 0.1162 0.1955 0.4313 0.1132 0.3529 0.1496 0.1398 0.5208 0.1138 0.2174 0.3831 0.1158 0.3985 0.1345 0.1495 0.5133 0.1122 0.2429 0.3235 0.1196 0.4460 0.1258 0.1615 0.4966 0.1115 0.2728 0.2551 0.1247 0.4886 0.1202 0.1759 0.4712 0.1118 0.3076 0.1900 0.1311 0.5159 0.1068 0.4963 0.1247 0.2551 0.2728 0.1115 0.4966 0.1615 0.1258 0.4460 0.1196 0.3235 0.2429 0.1122 0.5133 0.1495 0.1345 0.3985 0.1158 0.3831 0.2174 0.1138 0.5208 0.1398 0.1496 0.3529 0.1132 0.4313 0.1955 0.1162 0.5158 0.1315 0.1883 0.3072 0.1117 0.4748 0.1729 0.1216 0.4734 0.1220 0.2984 0.2498 0.1121 0.5137 0.1476 0.1386 0.3618
0.1428 0.1461 0.5153 0.1123 0.2459 0.3071 0.1214 0.4692 0.1220 0.1721 0.4755 0.1117 0.3082 0.1858 0.1320 0.5169 0.1160 0.1977 0.4261 0.1135 0.3588 0.1469 0.1410 0.5203 0.1135 0.2207 0.3754 0.1163 0.4052 0.1330 0.1511 0.5114 0.1121 0.2469 0.3141 0.1203 0.4527 0.1248 0.1635 0.4934 0.1115 0.2777 0.2447 0.1256 0.4938 0.1196 0.1783 0.4667 0.1119 0.3132 0.1822 0.1321 0.5166 0.1136 0.2446 0.1152 0.4938 0.1256 0.2447 0.2777 0.1115 0.4934 0.1635 0.1248 0.4527 0.1203 0.3141 0.2469 0.1121 0.5114 0.1511 0.1330 0.4052 0.1163 0.3754 0.2207 0.1135 0.5203 0.1410 0.1469 0.3588 0.1135 0.4261 0.1977 0.1160 0.5169 0.1320 0.1858 0.3082 0.1117 0.4755 0.1721 0.1220 0.4692 0.1214 0.3071 0.2459 0.1123 0.5153 0.1461 0.1428
0.1397 0.5168 0.1125 0.2419 0.3165 0.1208 0.4638 0.1226 0.1707 0.4776 0.1117 0.3072 0.1858 0.1322 0.5174 0.1158 0.1994 0.4219 0.1138 0.3640 0.1446 0.1423 0.5197 0.1133 0.2242 0.3674 0.1168 0.4120 0.1316 0.1527 0.5094 0.1120 0.2510 0.3045 0.1210 0.4592 0.1239 0.1655 0.4901 0.1115 0.2826 0.2343 0.1265 0.4986 0.1189 0.1808 0.4619 0.1120 0.3189 0.1752 0.1332 0.5182 0.1156 0.2014 0.3101 0.1854 0.1187 0.4986 0.1265 0.2343 0.2826 0.1115 0.4901 0.1655 0.1239 0.4592 0.1210 0.3045 0.2510 0.1120 0.5094 0.1527 0.1316 0.4120 0.1168 0.3674 0.2242 0.1133 0.5197 0.1423 0.1446 0.3640 0.1138 0.4219 0.1994 0.1158 0.5174 0.1322 0.1858 0.3072 0.1117 0.4776 0.1707 0.1226 0.4638 0.1208 0.3165 0.2419 0.1125 0.5168 0.1397
0.5010 0.1130 0.2379 0.3259 0.1201 0.4576 0.1233 0.1689 0.4805 0.1117 0.3047 0.1883 0.1320 0.5174 0.1157 0.2003 0.4191 0.1139 0.3682 0.1429 0.1433 0.5189 0.1131 0.2276 0.3593 0.1173 0.4187 0.1303 0.1543 0.5072 0.1118 0.2552 0.2948 0.1217 0.4656 0.1231 0.1675 0.4866 0.1115 0.2875 0.2244 0.1274 0.5029 0.1184 0.1833 0.4569 0.1122 0.3247 0.1691 0.1343 0.5194 0.1153 0.2022 0.4132 0.1213 0.4489 0.1833 0.1184 0.5029 0.1274 0.2244 0.2875 0.1115 0.4866 0.1675 0.1231 0.4656 0.1217 0.2948 0.2552 0.1118 0.5072 0.1543 0.1303 0.4187 0.1173 0.3593 0.2276 0.1131 0.5189 0.1433 0.1429 0.3682 0.1139 0.4191 0.2003 0.1157 0.5174 0.1320 0.1883 0.3047 0.1117 0.4805 0.1689 0.1233 0.4576 0.1201 0.3259 0.2379 0.1130 0.5010
0.1139 0.2340 0.3353 0.1195 0.4510 0.1242 0.1669 0.4840 0.1116 0.3009 0.1931 0.1315 0.5169 0.1158 0.2003 0.4181 0.1140 0.3710 0.1417 0.1442 0.5182 0.1129 0.2307 0.3516 0.1178 0.4254 0.1291 0.1560 0.5049 0.1117 0.2594 0.2850 0.1224 0.4718 0.1223 0.1695 0.4830 0.1116 0.2925 0.2150 0.1283 0.5066 0.1179 0.1858 0.4518 0.1124 0.3305 0.1638 0.1354 0.5202 0.1150 0.2053 0.4104 0.1137 0.4679 0.1112 0.4519 0.1858 0.1179 0.5066 0.1283 0.2150 0.2925 0.1116 0.4830 0.1695 0.1223 0.4718 0.1224 0.2850 0.2594 0.1117 0.5049 0.1560 0.1291 0.4254 0.1178 0.3516 0.2307 0.1129 0.5182 0.1442 0.1417 0.3710 0.1140 0.4181 0.2003 0.1158 0.5169 0.1315 0.1931 0.3009 0.1116 0.4840 0.1669 0.1242 0.4510 0.1195 0.3353 0.2340 0.1139
0.2219 0.3445 0.1188 0.4442 0.1251 0.1649 0.4875 0.1115 0.2962 0.1999 0.1308 0.5158 0.1160 0.1994 0.4191 0.1140 0.3720 0.1410 0.1448 0.5176 0.1128 0.2334 0.3447 0.1183 0.4316 0.1280 0.1578 0.5023 0.1117 0.2638 0.2750 0.1231 0.4777 0.1215 0.1717 0.4792 0.1116 0.2976 0.2059 0.1292 0.5099 0.1174 0.1884 0.4465 0.1126 0.3364 0.1592 0.1366 0.5208 0.1146 0.2085 0.4033 0.1146 0.3839 0.1144 0.3458 0.1124 0.4465 0.1884 0.1174 0.5099 0.1292 0.2059 0.2976 0.1116 0.4792 0.1717 0.1215 0.4777 0.1231 0.2750 0.2638 0.1117 0.5023 0.1578 0.1280 0.4316 0.1183 0.3447 0.2334 0.1128 0.5176 0.1448 0.1410 0.3720 0.1140 0.4191 0.1994 0.1160 0.5158 0.1308 0.1999 0.2962 0.1115 0.4875 0.1649 0.1251 0.4442 0.1188 0.3445 0.2219
0.3239 0.1186 0.4372 0.1261 0.1630 0.4910 0.1115 0.2912 0.2082 0.1299 0.5142 0.1162 0.1977 0.4219 0.1139 0.3710 0.1410 0.1450 0.5172 0.1127 0.2354 0.3391 0.1187 0.4369 0.1271 0.1594 0.4998 0.1116 0.2682 0.2650 0.1239 0.4834 0.1208 0.1739 0.4751 0.1117 0.3028 0.1972 0.1302 0.5126 0.1169 0.1910 0.4411 0.1128 0.3423 0.1553 0.1377 0.5210 0.1143 0.2117 0.3961 0.1151 0.3867 0.1344 0.1741 0.1472 0.3423 0.1128 0.4411 0.1910 0.1169 0.5126 0.1302 0.1972 0.3028 0.1117 0.4751 0.1739 0.1208 0.4834 0.1239 0.2650 0.2682 0.1116 0.4998 0.1594 0.1271 0.4369 0.1187 0.3391 0.2354 0.1127 0.5172 0.1450 0.1410 0.3710 0.1139 0.4219 0.1977 0.1162 0.5142 0.1299 0.2082 0.2912 0.1115 0.4910 0.1630 0.1261 0.4372 0.1186 0.3239
0.1146 0.4302 0.1271 0.1610 0.4943 0.1115 0.2863 0.2174 0.1290 0.5119 0.1166 0.1955 0.4261 0.1138 0.3682 0.1417 0.1448 0.5172 0.1126 0.2364 0.3355 0.1190 0.4411 0.1264 0.1608 0.4974 0.1116 0.2725 0.2552 0.1247 0.4888 0.1202 0.1761 0.4709 0.1118 0.3081 0.1891 0.1312 0.5149 0.1165 0.1937 0.4354 0.1131 0.3483 0.1519 0.1389 0.5209 0.1140 0.2149 0.3887 0.1155 0.3935 0.1357 0.1497 0.4734 0.1414 0.1518 0.3483 0.1131 0.4354 0.1937 0.1165 0.5149 0.1312 0.1891 0.3081 0.1118 0.4709 0.1761 0.1202 0.4888 0.1247 0.2552 0.2725 0.1116 0.4974 0.1608 0.1264 0.4411 0.1190 0.3355 0.2364 0.1126 0.5172 0.1448 0.1417 0.3682 0.1138 0.4261 0.1955 0.1166 0.5119 0.1290 0.2174 0.2863 0.1115 0.4943 0.1610 0.1271 0.4302 0.1146
0.4069 0.1285 0.1591 0.4974 0.1115 0.2814 0.2269 0.1281 0.5091 0.1170 0.1930 0.4313 0.1135 0.3640 0.1429 0.1442 0.5176 0.1127 0.2364 0.3343 0.1192 0.4436 0.1259 0.1619 0.4953 0.1115 0.2764 0.2464 0.1255 0.4936 0.1196 0.1784 0.4665 0.1119 0.3135 0.1817 0.1322 0.5168 0.1161 0.1965 0.4295 0.1133 0.3544 0.1489 0.1401 0.5207 0.1137 0.2182 0.3811 0.1159 0.4002 0.1341 0.1499 0.5117 0.1090 0.5198 0.1401 0.1489 0.3544 0.1133 0.4295 0.1965 0.1161 0.5168 0.1322 0.1817 0.3135 0.1119 0.4665 0.1784 0.1196 0.4936 0.1255 0.2464 0.2764 0.1115 0.4953 0.1619 0.1259 0.4436 0.1192 0.3343 0.2364 0.1127 0.5176 0.1442 0.1429 0.3640 0.1135 0.4313 0.1930 0.1170 0.5091 0.1281 0.2269 0.2814 0.1115 0.4974 0.1591 0.1285 0.4069
0.1331 0.1572 0.5004 0.1116 0.2764 0.2370 0.1271 0.5057 0.1175 0.1903 0.4369 0.1132 0.3588 0.1446 0.1433 0.5182 0.1128 0.2354 0.3355 0.1192 0.4445 0.1256 0.1626 0.4938 0.1115 0.2796 0.2389 0.1262 0.4976 0.1190 0.1807 0.4620 0.1120 0.3190 0.1751 0.1333 0.5183 0.1157 0.1993 0.4234 0.1136 0.3607 0.1461 0.1414 0.5202 0.1135 0.2216 0.3733 0.1164 0.4069 0.1327 0.1515 0.5109 0.1101 0.3159 0.1100 0.5202 0.1414 0.1461 0.3607 0.1136 0.4234 0.1993 0.1157 0.5183 0.1333 0.1751 0.3190 0.1120 0.4620 0.1807 0.1190 0.4976 0.1262 0.2389 0.2796 0.1115 0.4938 0.1626 0.1256 0.4445 0.1192 0.3355 0.2354 0.1128 0.5182 0.1433 0.1446 0.3588 0.1132 0.4369 0.1903 0.1175 0.5057 0.1271 0.2370 0.2764 0.1116 0.5004 0.1572 0.1331
0.1502 0.5032 0.1116 0.2716 0.2473 0.1262 0.5019 0.1180 0.1877 0.4425 0.1130 0.3529 0.1469 0.1423 0.5189 0.1129 0.2334 0.3391 0.1190 0.4436 0.1256 0.1629 0.4930 0.1115 0.2819 0.2331 0.1268 0.5008 0.1186 0.1827 0.4576 0.1122 0.3245 0.1692 0.1343 0.5194 0.1153 0.2022 0.4170 0.1139 0.3670 0.1437 0.1427 0.5194 0.1132 0.2251 0.3653 0.1169 0.4137 0.1313 0.1531 0.5089 0.1118 0.2550 0.1675 0.2314 0.1130 0.5194 0.1427 0.1437 0.3670 0.1139 0.4170 0.2022 0.1153 0.5194 0.1343 0.1692 0.3245 0.1122 0.4576 0.1827 0.1186 0.5008 0.1268 0.2331 0.2819 0.1115 0.4930 0.1629 0.1256 0.4436 0.1190 0.3391 0.2334 0.1129 0.5189 0.1423 0.1469 0.3529 0.1130 0.4425 0.1877 0.1180 0.5019 0.1262 0.2473 0.2716 0.1116 0.5032 0.1502
0.4870 0.1120 0.2669 0.2577 0.1253 0.4974 0.1185 0.1852 0.4479 0.1127 0.3468 0.1496 0.1410 0.5197 0.1131 0.2307 0.3447 0.1187 0.4411 0.1259 0.1626 0.4930 0.1115 0.2831 0.2295 0.1272 0.5032 0.1182 0.1845 0.4537 0.1123 0.3296 0.1643 0.1354 0.5202 0.1150 0.2052 0.4105 0.1143 0.3734 0.1415 0.1440 0.5185 0.1130 0.2286 0.3570 0.1174 0.4205 0.1300 0.1548 0.5067 0.1118 0.2563 0.2859 0.1362 0.3431 0.2287 0.1130 0.5185 0.1440 0.1415 0.3734 0.1143 0.4105 0.2052 0.1150 0.5202 0.1354 0.1643 0.3296 0.1123 0.4537 0.1845 0.1182 0.5032 0.1272 0.2295 0.2831 0.1115 0.4930 0.1626 0.1259 0.4411 0.1187 0.3447 0.2307 0.1131 0.5197 0.1410 0.1496 0.3468 0.1127 0.4479 0.1852 0.1185 0.4974 0.1253 0.2577 0.2669 0.1120 0.4870
0.1119 0.2623 0.2681 0.1245 0.4925 0.1191 0.1827 0.4531 0.1125 0.3408 0.1528 0.1398 0.5203 0.1133 0.2276 0.3516 0.1183 0.4369 0.1264 0.1619 0.4938 0.1115 0.2831 0.2284 0.1274 0.5046 0.1180 0.1859 0.4504 0.1125 0.3341 0.1605 0.1364 0.5207 0.1147 0.2083 0.4037 0.1146 0.3798 0.1394 0.1454 0.5174 0.1128 0.2323 0.3485 0.1180 0.4273 0.1288 0.1565 0.5042 0.1117 0.2606 0.2824 0.1230 0.5206 0.1186 0.3486 0.2323 0.1128 0.5174 0.1454 0.1394 0.3798 0.1146 0.4037 0.2083 0.1147 0.5207 0.1364 0.1605 0.3341 0.1125 0.4504 0.1859 0.1180 0.5046 0.1274 0.2284 0.2831 0.1115 0.4938 0.1619 0.1264 0.4369 0.1183 0.3516 0.2276 0.1133 0.5203 0.1398 0.1528 0.3408 0.1125 0.4531 0.1827 0.1191 0.4925 0.1245 0.2681 0.2623 0.1119
0.2482 0.2786 0.1237 0.4872 0.1197 0.1802 0.4582 0.1123 0.3349 0.1563 0.1386 0.5208 0.1135 0.2242 0.3593 0.1178 0.4316 0.1271 0.1608 0.4953 0.1115 0.2819 0.2295 0.1274 0.5051 0.1179 0.1868 0.4480 0.1126 0.3378 0.1575 0.1372 0.5209 0.1144 0.2112 0.3969 0.1150 0.3864 0.1376 0.1468 0.5161 0.1126 0.2360 0.3397 0.1185 0.4340 0.1277 0.1582 0.5017 0.1116 0.2649 0.2724 0.1233 0.4827 0.1076 0.4446 0.1185 0.3397 0.2360 0.1126 0.5161 0.1468 0.1376 0.3864 0.1150 0.3969 0.2112 0.1144 0.5209 0.1372 0.1575 0.3378 0.1126 0.4480 0.1868 0.1179 0.5051 0.1274 0.2295 0.2819 0.1115 0.4953 0.1608 0.1271 0.4316 0.1178 0.3593 0.2242 0.1135 0.5208 0.1386 0.1563 0.3349 0.1123 0.4582 0.1802 0.1197 0.4872 0.1237 0.2786 0.2482
0.2592 0.1231 0.4815 0.1204 0.1777 0.4632 0.1121 0.3290 0.1603 0.1374 0.5210 0.1138 0.2207 0.3674 0.1173 0.4254 0.1280 0.1594 0.4974 0.1115 0.2796 0.2331 0.1272 0.5046 0.1179 0.1872 0.4467 0.1127 0.3405 0.1554 0.1380 0.5210 0.1141 0.2138 0.3906 0.1154 0.3927 0.1359 0.1483 0.5146 0.1124 0.2398 0.3308 0.1191 0.4408 0.1266 0.1600 0.4989 0.1116 0.2694 0.2624 0.1241 0.4848 0.1180 0.2137 0.1217 0.4406 0.1191 0.3308 0.2398 0.1124 0.5146 0.1483 0.1359 0.3927 0.1154 0.3906 0.2138 0.1141 0.5210 0.1380 0.1554 0.3405 0.1127 0.4467 0.1872 0.1179 0.5046 0.1272 0.2331 0.2796 0.1115 0.4974 0.1594 0.1280 0.4254 0.1173 0.3674 0.2207 0.1138 0.5210 0.1374 0.1603 0.3290 0.1121 0.4632 0.1777 0.1204 0.4815 0.1231 0.2592
0.1184 0.4754 0.1211 0.1754 0.4679 0.1120 0.3232 0.1650 0.1363 0.5209 0.1141 0.2174 0.3754 0.1168 0.4187 0.1291 0.1578 0.4998 0.1116 0.2764 0.2389 0.1268 0.5032 0.1180 0.1868 0.4467 0.1127 0.3419 0.1542 0.1385 0.5209 0.1140 0.2161 0.3848 0.1158 0.3984 0.1344 0.1498 0.5129 0.1122 0.2437 0.3216 0.1198 0.4474 0.1256 0.1619 0.4959 0.1115 0.2740 0.2523 0.1249 0.4901 0.1199 0.1786 0.3857 0.1657 0.1254 0.4474 0.1198 0.3216 0.2437 0.1122 0.5129 0.1498 0.1344 0.3984 0.1158 0.3848 0.2161 0.1140 0.5209 0.1385 0.1542 0.3419 0.1127 0.4467 0.1868 0.1180 0.5032 0.1268 0.2389 0.2764 0.1116 0.4998 0.1578 0.1291 0.4187 0.1168 0.3754 0.2174 0.1141 0.5209 0.1363 0.1650 0.3232 0.1120 0.4679 0.1754 0.1211 0.4754 0.1184
0.4520 0.1220 0.1730 0.4724 0.1119 0.3174 0.1706 0.1351 0.5207 0.1144 0.2141 0.3831 0.1163 0.4120 0.1303 0.1560 0.5023 0.1116 0.2725 0.2464 0.1262 0.5008 0.1182 0.1859 0.4480 0.1127 0.3419 0.1538 0.1388 0.5209 0.1138 0.2180 0.3799 0.1161 0.4035 0.1332 0.1511 0.5112 0.1121 0.2477 0.3122 0.1204 0.4540 0.1247 0.1638 0.4928 0.1115 0.2787 0.2424 0.1258 0.4950 0.1194 0.1790 0.4625 0.1154 0.4875 0.1639 0.1247 0.4540 0.1204 0.3122 0.2477 0.1121 0.5112 0.1511 0.1332 0.4035 0.1161 0.3799 0.2180 0.1138 0.5209 0.1388 0.1538 0.3419 0.1127 0.4480 0.1859 0.1182 0.5008 0.1262 0.2464 0.2725 0.1116 0.5023 0.1560 0.1303 0.4120 0.1163 0.3831 0.2141 0.1144 0.5207 0.1351 0.1706 0.3174 0.1119 0.4724 0.1730 0.1220 0.4520
0.1262 0.1708 0.4767 0.1117 0.3117 0.1770 0.1340 0.5201 0.1147 0.2109 0.3906 0.1158 0.4052 0.1316 0.1543 0.5049 0.1117 0.2682 0.2552 0.1255 0.4976 0.1186 0.1845 0.4504 0.1126 0.3405 0.1542 0.1388 0.5209 0.1138 0.2191 0.3764 0.1164 0.4078 0.1322 0.1523 0.5096 0.1120 0.2514 0.3030 0.1211 0.4605 0.1238 0.1658 0.4895 0.1115 0.2835 0.2325 0.1266 0.4996 0.1188 0.1814 0.4607 0.1109 0.4095 0.1093 0.4895 0.1658 0.1238 0.4605 0.1211 0.3030 0.2514 0.1120 0.5096 0.1523 0.1322 0.4078 0.1164 0.3764 0.2191 0.1138 0.5209 0.1388 0.1542 0.3405 0.1126 0.4504 0.1845 0.1186 0.4976 0.1255 0.2552 0.2682 0.1117 0.5049 0.1543 0.1316 0.4052 0.1158 0.3906 0.2109 0.1147 0.5201 0.1340 0.1770 0.3117 0.1117 0.4767 0.1708 0.1262
0.1629 0.4808 0.1116 0.3061 0.1842 0.1329 0.5191 0.1150 0.2076 0.3979 0.1154 0.3985 0.1330 0.1527 0.5072 0.1117 0.2638 0.2650 0.1247 0.4936 0.1190 0.1827 0.4537 0.1125 0.3378 0.1554 0.1385 0.5209 0.1138 0.2195 0.3746 0.1165 0.4109 0.1315 0.1533 0.5082 0.1119 0.2547 0.2948 0.1217 0.4665 0.1230 0.1678 0.4860 0.1115 0.2884 0.2228 0.1275 0.5036 0.1183 0.1838 0.4558 0.1122 0.3295 0.1234 0.2965 0.1113 0.4860 0.1678 0.1230 0.4665 0.1217 0.2948 0.2547 0.1119 0.5082 0.1533 0.1315 0.4109 0.1165 0.3746 0.2195 0.1138 0.5209 0.1385 0.1554 0.3378 0.1125 0.4537 0.1827 0.1190 0.4936 0.1247 0.2650 0.2638 0.1117 0.5072 0.1527 0.1330 0.3985 0.1154 0.3979 0.2076 0.1150 0.5191 0.1329 0.1842 0.3061 0.1116 0.4808 0.1629
0.4637 0.1120 0.3006 0.1922 0.1319 0.5178 0.1154 0.2045 0.4051 0.1150 0.3918 0.1345 0.1511 0.5094 0.1118 0.2594 0.2750 0.1239 0.4888 0.1196 0.1807 0.4576 0.1123 0.3341 0.1575 0.1380 0.5209 0.1138 0.2191 0.3746 0.1166 0.4124 0.1310 0.1540 0.5070 0.1118 0.2575 0.2878 0.1223 0.4716 0.1223 0.1698 0.4825 0.1116 0.2934 0.2134 0.1285 0.5072 0.1178 0.1863 0.4507 0.1124 0.3317 0.1584 0.1574 0.1977 0.2934 0.1116 0.4825 0.1698 0.1223 0.4716 0.1223 0.2878 0.2575 0.1118 0.5070 0.1540 0.1310 0.4124 0.1166 0.3746 0.2191 0.1138 0.5209 0.1380 0.1575 0.3341 0.1123 0.4576 0.1807 0.1196 0.4888 0.1239 0.2750 0.2594 0.1118 0.5094 0.1511 0.1345 0.3918 0.1150 0.4051 0.2045 0.1154 0.5178 0.1319 0.1922 0.3006 0.1120 0.4637
0.1109 0.2953 0.2007 0.1308 0.5162 0.1158 0.2014 0.4122 0.1146 0.3850 0.1362 0.1495 0.5114 0.1120 0.2552 0.2850 0.1231 0.4834 0.1202 0.1784 0.4620 0.1122 0.3296 0.1605 0.1372 0.5210 0.1140 0.2180 0.3764 0.1165 0.4124 0.1309 0.1544 0.5062 0.1118 0.2597 0.2818 0.1228 0.4759 0.1217 0.1715 0.4790 0.1116 0.2983 0.2045 0.1294 0.5104 0.1173 0.1889 0.4455 0.1126 0.3376 0.1584 0.1378 0.5034 0.1313 0.2044 0.2983 0.1116 0.4790 0.1715 0.1217 0.4759 0.1228 0.2818 0.2597 0.1118 0.5062 0.1544 0.1309 0.4124 0.1165 0.3764 0.2180 0.1140 0.5210 0.1372 0.1605 0.3296 0.1122 0.4620 0.1784 0.1202 0.4834 0.1231 0.2850 0.2552 0.1120 0.5114 0.1495 0.1362 0.3850 0.1146 0.4122 0.2014 0.1158 0.5162 0.1308 0.2007 0.2953 0.1109
0.2791 0.2100 0.1298 0.5141 0.1162 0.1984 0.4190 0.1142 0.3782 0.1380 0.1480 0.5133 0.1121 0.2510 0.2948 0.1224 0.4777 0.1208 0.1761 0.4665 0.1120 0.3245 0.1643 0.1364 0.5209 0.1141 0.2161 0.3799 0.1164 0.4109 0.1310 0.1544 0.5059 0.1117 0.2612 0.2774 0.1232 0.4794 0.1212 0.1731 0.4760 0.1117 0.3028 0.1966 0.1303 0.5130 0.1168 0.1916 0.4400 0.1129 0.3435 0.1546 0.1380 0.5210 0.1072 0.5164 0.1303 0.1966 0.3028 0.1117 0.4760 0.1731 0.1212 0.4794 0.1232 0.2774 0.2612 0.1117 0.5059 0.1544 0.1310 0.4109 0.1164 0.3799 0.2161 0.1141 0.5209 0.1364 0.1643 0.3245 0.1120 0.4665 0.1761 0.1208 0.4777 0.1224 0.2948 0.2510 0.1121 0.5133 0.1480 0.1380 0.3782 0.1142 0.4190 0.1984 0.1162 0.5141 0.1298 0.2100 0.2791
0.1979 0.1289 0.5115 0.1166 0.1955 0.4254 0.1138 0.3715 0.1399 0.1465 0.5149 0.1122 0.2469 0.3045 0.1217 0.4718 0.1215 0.1739 0.4709 0.1119 0.3190 0.1692 0.1354 0.5207 0.1144 0.2138 0.3848 0.1161 0.4078 0.1315 0.1540 0.5062 0.1117 0.2617 0.2751 0.1234 0.4819 0.1208 0.1744 0.4732 0.1117 0.3068 0.1900 0.1312 0.5151 0.1164 0.1942 0.4342 0.1131 0.3495 0.1513 0.1391 0.5209 0.1117 0.2713 0.1124 0.5150 0.1312 0.1900 0.3068 0.1117 0.4732 0.1744 0.1208 0.4819 0.1234 0.2751 0.2617 0.1117 0.5062 0.1540 0.1315 0.4078 0.1161 0.3848 0.2138 0.1144 0.5207 0.1354 0.1692 0.3190 0.1119 0.4709 0.1739 0.1215 0.4718 0.1217 0.3045 0.2469 0.1122 0.5149 0.1465 0.1399 0.3715 0.1138 0.4254 0.1955 0.1166 0.5115 0.1289 0.1979
0.1236 0.5084 0.1171 0.1926 0.4317 0.1135 0.3649 0.1421 0.1450 0.5164 0.1124 0.2429 0.3141 0.1210 0.4656 0.1223 0.1717 0.4751 0.1118 0.3135 0.1751 0.1343 0.5202 0.1147 0.2112 0.3906 0.1158 0.4035 0.1322 0.1533 0.5070 0.1118 0.2612 0.2751 0.1235 0.4832 0.1206 0.1754 0.4710 0.1118 0.3104 0.1846 0.1319 0.5166 0.1161 0.1968 0.4286 0.1134 0.3557 0.1483 0.1404 0.5206 0.1136 0.2214 0.2471 0.2020 0.1158 0.5166 0.1319 0.1846 0.3104 0.1118 0.4710 0.1754 0.1206 0.4832 0.1235 0.2751 0.2612 0.1118 0.5070 0.1533 0.1322 0.4035 0.1158 0.3906 0.2112 0.1147 0.5202 0.1343 0.1751 0.3135 0.1118 0.4751 0.1717 0.1223 0.4656 0.1210 0.3141 0.2429 0.1124 0.5164 0.1450 0.1421 0.3649 0.1135 0.4317 0.1926 0.1171 0.5084 0.1236
0.4881 0.1178 0.1899 0.4378 0.1132 0.3584 0.1445 0.1436 0.5177 0.1126 0.2390 0.3235 0.1203 0.4592 0.1231 0.1695 0.4792 0.1117 0.3081 0.1817 0.1333 0.5194 0.1150 0.2083 0.3969 0.1154 0.3984 0.1332 0.1523 0.5082 0.1118 0.2597 0.2774 0.1234 0.4832 0.1205 0.1759 0.4695 0.1119 0.3132 0.1804 0.1326 0.5177 0.1158 0.1990 0.4233 0.1137 0.3616 0.1457 0.1416 0.5200 0.1134 0.2222 0.3669 0.1267 0.4131 0.1990 0.1158 0.5177 0.1326 0.1804 0.3132 0.1119 0.4695 0.1759 0.1205 0.4832 0.1234 0.2774 0.2597 0.1118 0.5082 0.1523 0.1332 0.3984 0.1154 0.3969 0.2083 0.1150 0.5194 0.1333 0.1817 0.3081 0.1117 0.4792 0.1695 0.1231 0.4592 0.1203 0.3235 0.2390 0.1126 0.5177 0.1436 0.1445 0.3584 0.1132 0.4378 0.1899 0.1178 0.4881
0.1210 0.1872 0.4435 0.1129 0.3520 0.1471 0.1422 0.5188 0.1128 0.2350 0.3329 0.1196 0.4527 0.1239 0.1675 0.4830 0.1116 0.3028 0.1891 0.1322 0.5183 0.1153 0.2052 0.4037 0.1150 0.3927 0.1344 0.1511 0.5096 0.1119 0.2575 0.2818 0.1232 0.4819 0.1206 0.1759 0.4690 0.1119 0.3151 0.1774 0.1332 0.5185 0.1155 0.2010 0.4186 0.1139 0.3670 0.1435 0.1429 0.5193 0.1132 0.2257 0.3639 0.1168 0.5007 0.1134 0.4187 0.2010 0.1155 0.5185 0.1332 0.1774 0.3151 0.1119 0.4690 0.1759 0.1206 0.4819 0.1232 0.2818 0.2575 0.1119 0.5096 0.1511 0.1344 0.3927 0.1150 0.4037 0.2052 0.1153 0.5183 0.1322 0.1891 0.3028 0.1116 0.4830 0.1675 0.1239 0.4527 0.1196 0.3329 0.2350 0.1128 0.5188 0.1422 0.1471 0.3520 0.1129 0.4435 0.1872 0.1210
0.1782 0.4491 0.1127 0.3457 0.1501 0.1409 0.5197 0.1131 0.2312 0.3422 0.1190 0.4460 0.1248 0.1655 0.4866 0.1116 0.2976 0.1972 0.1312 0.5168 0.1157 0.2022 0.4105 0.1146 0.3864 0.1359 0.1498 0.5112 0.1120 0.2547 0.2878 0.1228 0.4794 0.1208 0.1754 0.4695 0.1119 0.3157 0.1759 0.1335 0.5190 0.1153 0.2027 0.4145 0.1141 0.3718 0.1417 0.1440 0.5184 0.1130 0.2292 0.3556 0.1175 0.4258 0.1106 0.3821 0.1140 0.4145 0.2027 0.1153 0.5190 0.1335 0.1759 0.3157 0.1119 0.4695 0.1754 0.1208 0.4794 0.1228 0.2878 0.2547 0.1120 0.5112 0.1498 0.1359 0.3864 0.1146 0.4105 0.2022 0.1157 0.5168 0.1312 0.1972 0.2976 0.1116 0.4866 0.1655 0.1248 0.4460 0.1190 0.3422 0.2312 0.1131 0.5197 0.1409 0.1501 0.3457 0.1127 0.4491 0.1782
0.4309 0.1129 0.3395 0.1534 0.1396 0.5204 0.1133 0.2274 0.3512 0.1184 0.4390 0.1258 0.1635 0.4901 0.1115 0.2925 0.2059 0.1302 0.5149 0.1161 0.1993 0.4170 0.1143 0.3798 0.1376 0.1483 0.5129 0.1121 0.2514 0.2948 0.1223 0.4759 0.1212 0.1744 0.4710 0.1119 0.3151 0.1759 0.1336 0.5192 0.1152 0.2040 0.4112 0.1143 0.3757 0.1403 0.1450 0.5175 0.1128 0.2325 0.3474 0.1181 0.4284 0.1258 0.1879 0.1340 0.3756 0.1143 0.4112 0.2040 0.1152 0.5192 0.1336 0.1759 0.3151 0.1119 0.4710 0.1744 0.1212 0.4759 0.1223 0.2948 0.2514 0.1121 0.5129 0.1483 0.1376 0.3798 0.1143 0.4170 0.1993 0.1161 0.5149 0.1302 0.2059 0.2925 0.1115 0.4901 0.1635 0.1258 0.4390 0.1184 0.3512 0.2274 0.1133 0.5204 0.1396 0.1534 0.3395 0.1129 0.4309
0.1108 0.3334 0.1572 0.1383 0.5208 0.1136 0.2237 0.3600 0.1178 0.4320 0.1269 0.1615 0.4934 0.1115 0.2875 0.2150 0.1292 0.5126 0.1165 0.1965 0.4234 0.1139 0.3734 0.1394 0.1468 0.5146 0.1122 0.2477 0.3030 0.1217 0.4716 0.1217 0.1731 0.4732 0.1118 0.3132 0.1774 0.1335 0.5192 0.1152 0.2047 0.4090 0.1145 0.3789 0.1392 0.1459 0.5167 0.1126 0.2355 0.3400 0.1186 0.4348 0.1274 0.1600 0.4452 0.1489 0.1390 0.3789 0.1145 0.4090 0.2047 0.1152 0.5192 0.1335 0.1774 0.3132 0.1118 0.4732 0.1731 0.1217 0.4716 0.1217 0.3030 0.2477 0.1122 0.5146 0.1468 0.1394 0.3734 0.1139 0.4234 0.1965 0.1165 0.5126 0.1292 0.2150 0.2875 0.1115 0.4934 0.1615 0.1269 0.4320 0.1178 0.3600 0.2237 0.1136 0.5208 0.1383 0.1572 0.3334 0.1108
0.3147 0.1617 0.1371 0.5210 0.1138 0.2202 0.3684 0.1172 0.4250 0.1280 0.1596 0.4966 0.1115 0.2826 0.2244 0.1283 0.5099 0.1169 0.1937 0.4295 0.1136 0.3670 0.1415 0.1454 0.5161 0.1124 0.2437 0.3122 0.1211 0.4665 0.1223 0.1715 0.4760 0.1117 0.3104 0.1804 0.1332 0.5190 0.1152 0.2047 0.4083 0.1146 0.3810 0.1384 0.1466 0.5160 0.1125 0.2380 0.3336 0.1190 0.4405 0.1261 0.1605 0.4967 0.1108 0.5134 0.1466 0.1384 0.3810 0.1146 0.4083 0.2047 0.1152 0.5190 0.1332 0.1804 0.3104 0.1117 0.4760 0.1715 0.1223 0.4665 0.1211 0.3122 0.2437 0.1124 0.5161 0.1454 0.1415 0.3670 0.1136 0.4295 0.1937 0.1169 0.5099 0.1283 0.2244 0.2826 0.1115 0.4966 0.1596 0.1280 0.4250 0.1172 0.3684 0.2202 0.1138 0.5210 0.1371 0.1617 0.3147
0.1616 0.1360 0.5209 0.1141 0.2167 0.3767 0.1167 0.4179 0.1292 0.1577 0.4997 0.1115 0.2777 0.2343 0.1274 0.5066 0.1174 0.1910 0.4354 0.1133 0.3607 0.1437 0.1440 0.5174 0.1126 0.2398 0.3216 0.1204 0.4605 0.1230 0.1698 0.4790 0.1117 0.3068 0.1846 0.1326 0.5185 0.1153 0.2040 0.4090 0.1146 0.3818 0.1380 0.1473 0.5133 0.1082 0.2413 0.3222 0.1202 0.4598 0.1197 0.1686 0.4824 0.1078 0.3606 0.1061 0.5146 0.1476 0.1375 0.3817 0.1146 0.4090 0.2040 0.1153 0.5185 0.1326 0.1846 0.3068 0.1117 0.4790 0.1698 0.1230 0.4605 0.1204 0.3216 0.2398 0.1126 0.5174 0.1440 0.1437 0.3607 0.1133 0.4354 0.1910 0.1174 0.5066 0.1274 0.2343 0.2777 0.1115 0.4997 0.1577 0.1292 0.4179 0.1167 0.3767 0.2167 0.1141 0.5209 0.1360 0.1616
0.1301 0.5205 0.1145 0.2133 0.3847 0.1162 0.4109 0.1305 0.1559 0.5025 0.1116 0.2728 0.2447 0.1265 0.5029 0.1179 0.1884 0.4411 0.1131 0.3544 0.1461 0.1427 0.5185 0.1128 0.2360 0.3308 0.1198 0.4540 0.1238 0.1678 0.4825 0.1116 0.3028 0.1900 0.1319 0.5177 0.1155 0.2027 0.4112 0.1145 0.3810 0.1380 0.1476 0.4963 0.1119 0.4332 0.1338 0.1339 0.5175 0.1153 0.2277 0.4092 0.1172 0.5119 0.1104 0.3984 0.1060 0.5022 0.1540 0.1370 0.3810 0.1145 0.4112 0.2027 0.1155 0.5177 0.1319 0.1900 0.3028 0.1116 0.4825 0.1678 0.1238 0.4540 0.1198 0.3308 0.2360 0.1128 0.5185 0.1427 0.1461 0.3544 0.1131 0.4411 0.1884 0.1179 0.5029 0.1265 0.2447 0.2728 0.1116 0.5025 0.1559 0.1305 0.4109 0.1162 0.3847 0.2133 0.1145 0.5205 0.1301
0.5037 0.1151 0.2100 0.3925 0.1157 0.4039 0.1318 0.1541 0.5051 0.1117 0.2681 0.2551 0.1256 0.4986 0.1184 0.1858 0.4465 0.1128 0.3483 0.1489 0.1414 0.5194 0.1130 0.2323 0.3397 0.1191 0.4474 0.1247 0.1658 0.4860 0.1116 0.2983 0.1966 0.1312 0.5166 0.1158 0.2010 0.4145 0.1143 0.3789 0.1384 0.1473 0.4969 0.4212 0.2371 0.1811 0.4494 0.2337 0.1235 0.1352 0.1122 0.0951 0.4047 0.1887 0.2191 0.1090 0.4633 0.2316 0.0831 0.1543 0.1378 0.3789 0.1143 0.4145 0.2010 0.1158 0.5166 0.1312 0.1966 0.2983 0.1116 0.4860 0.1658 0.1247 0.4474 0.1191 0.3397 0.2323 0.1130 0.5194 0.1414 0.1489 0.3483 0.1128 0.4465 0.1858 0.1184 0.4986 0.1256 0.2551 0.2681 0.1117 0.5051 0.1541 0.1319 0.4039 0.1157 0.3925 0.2100 0.1151 0.5037
0.1172 0.2068 0.4000 0.1153 0.3969 0.1333 0.1524 0.5075 0.1117 0.2635 0.2654 0.1247 0.4938 0.1189 0.1833 0.4518 0.1126 0.3423 0.1519 0.1401 0.5202 0.1132 0.2286 0.3485 0.1185 0.4408 0.1256 0.1638 0.4895 0.1115 0.2934 0.2045 0.1303 0.5151 0.1161 0.1990 0.4186 0.1141 0.3757 0.1392 0.1466 0.5142 0.1133 0.1475 0.1554 0.2581 0.4521 0.4894 0.1790 0.1483 0.3131 0.4857 0.1403 0.1419 0.4135 0.4179 0.2466 0.0760 0.3774 0.4619 0.1481 0.1390 0.3756 0.1140 0.4187 0.1990 0.1158 0.5150 0.1303 0.2044 0.2934 0.1113 0.4895 0.1639 0.1254 0.4406 0.1185 0.3486 0.2287 0.1130 0.5202 0.1401 0.1518 0.3423 0.1124 0.4519 0.1833 0.1187 0.4938 0.1247 0.2656 0.2634 0.1115 0.5076 0.1524 0.1332 0.3967 0.1151 0.4000 0.2068 0.1168
0.1965 0.4071 0.1148 0.3900 0.1349 0.1508 0.5098 0.1119 0.2589 0.2759 0.1239 0.4886 0.1196 0.1808 0.4569 0.1124 0.3364 0.1553 0.1389 0.5207 0.1135 0.2251 0.3570 0.1180 0.4340 0.1266 0.1619 0.4928 0.1115 0.2884 0.2134 0.1294 0.5130 0.1164 0.1968 0.4233 0.1139 0.3718 0.1403 0.1459 0.5160 0.1090 0.3538 0.1014 0.2717 0.1815 0.3468 0.2710 0.2620 0.4683 0.0496 0.0599 0.0601 0.2443 0.0767 0.4203 0.4552 0.3076 0.3500 0.1152 0.5089 0.1490 0.1340 0.3821 0.1134 0.4131 0.2020 0.1124 0.5164 0.1313 0.1977 0.2965 0.1093 0.4875 0.1657 0.1217 0.4446 0.1186 0.3431 0.2314 0.1100 0.5198 0.1414 0.1472 0.3458 0.1112 0.4489 0.1854 0.1152 0.4963 0.1253 0.2595 0.2661 0.1091 0.5063 0.1540 0.1293 0.4009 0.1147 0.3941 0.2033
0.3875 0.1148 0.3832 0.1366 0.1492 0.5118 0.1120 0.2545 0.2862 0.1231 0.4830 0.1202 0.1783 0.4619 0.1122 0.3305 0.1592 0.1377 0.5209 0.1137 0.2216 0.3653 0.1174 0.4273 0.1277 0.1600 0.4959 0.1115 0.2835 0.2228 0.1285 0.5104 0.1168 0.1942 0.4286 0.1137 0.3670 0.1417 0.1450 0.5167 0.1121 0.2510 0.1351 0.4059 0.0936 0.2948 0.0719 0.3616 0.0904 0.1434 0.1853 0.3363 0.5394 0.1634 0.1415 0.3025 0.4217 0.1032 0.3341 0.4969 0.1107 0.4453 0.1879 0.1106 0.5007 0.1267 0.2471 0.2713 0.1072 0.5034 0.1574 0.1234 0.4095 0.1154 0.3857 0.2137 0.1076 0.5206 0.1362 0.1675 0.3159 0.1090 0.4734 0.1741 0.1144 0.4679 0.1213 0.3101 0.2446 0.1068 0.5161 0.1474 0.1345 0.3668 0.1121 0.4298 0.1947 0.1095 0.5101 0.1296 0.1914
0.1119 0.3764 0.1385 0.1476 0.5137 0.1121 0.2502 0.2965 0.1223 0.4770 0.1209 0.1759 0.4667 0.1120 0.3247 0.1638 0.1366 0.5210 0.1140 0.2182 0.3733 0.1169 0.4205 0.1288 0.1582 0.4989 0.1115 0.2787 0.2325 0.1275 0.5072 0.1173 0.1916 0.4342 0.1134 0.3616 0.1435 0.1440 0.5175 0.1126 0.2380 0.3116 0.1351 0.1893 0.3155 0.2986 0.1573 0.2618 0.2790 0.2419 0.2487 0.1566 0.3850 0.3144 0.3631 0.3536 0.1547 0.2874 0.1773 0.1174 0.4898 0.1601 0.1258 0.4258 0.1168 0.3669 0.2214 0.1117 0.5210 0.1378 0.1584 0.3295 0.1109 0.4625 0.1786 0.1180 0.4827 0.1230 0.2859 0.2550 0.1101 0.5117 0.1497 0.1344 0.3839 0.1137 0.4132 0.2014 0.1136 0.5159 0.1309 0.2012 0.2946 0.1099 0.4889 0.1646 0.1233 0.4415 0.1182 0.3469 0.2219
0.3553 0.1407 0.1461 0.5154 0.1123 0.2460 0.3066 0.1215 0.4708 0.1216 0.1736 0.4712 0.1119 0.3189 0.1691 0.1354 0.5208 0.1143 0.2149 0.3811 0.1164 0.4137 0.1300 0.1565 0.5017 0.1116 0.2740 0.2424 0.1266 0.5036 0.1178 0.1889 0.4400 0.1131 0.3557 0.1457 0.1429 0.5184 0.1128 0.2355 0.3336 0.1208 0.5178 0.1194 0.2787 0.0899 0.1773 0.1299 0.3493 0.1296 0.3746 0.3758 0.1445 0.4176 0.1961 0.3865 0.5036 0.1435 0.3301 0.2903 0.1688 0.1268 0.4284 0.1175 0.3639 0.2222 0.1136 0.5209 0.1380 0.1584 0.3317 0.1122 0.4607 0.1790 0.1199 0.4848 0.1233 0.2824 0.2563 0.1118 0.5109 0.1499 0.1357 0.3867 0.1146 0.4104 0.2022 0.1156 0.5166 0.1311 0.1985 0.2967 0.1115 0.4875 0.1649 0.1250 0.4440 0.1188 0.3448 0.2301 0.1141
0.1447 0.1446 0.5168 0.1125 0.2419 0.3164 0.1208 0.4644 0.1224 0.1714 0.4756 0.1118 0.3132 0.1752 0.1343 0.5202 0.1146 0.2117 0.3887 0.1159 0.4069 0.1313 0.1548 0.5042 0.1116 0.2694 0.2523 0.1258 0.4996 0.1183 0.1863 0.4455 0.1129 0.3495 0.1483 0.1416 0.5193 0.1130 0.2325 0.3400 0.1189 0.4621 0.1077 0.3063 0.2436 0.5547 0.1826 0.1946 0.1125 0.3533 0.4798 0.2382 0.2949 0.3966 0.1593 0.1165 0.0989 0.4150 0.1066 0.1905 0.1225 0.4349 0.1181 0.3556 0.2257 0.1134 0.5206 0.1391 0.1546 0.3376 0.1124 0.4558 0.1814 0.1194 0.4901 0.1241 0.2724 0.2606 0.1118 0.5089 0.1515 0.1341 0.3935 0.1151 0.4033 0.2053 0.1153 0.5182 0.1321 0.1900 0.3021 0.1116 0.4837 0.1670 0.1241 0.4510 0.1194 0.3355 0.2339 0.1132 0.5022
0.1383 0.5181 0.1127 0.2379 0.3261 0.1201 0.4577 0.1233 0.1692 0.4798 0.1117 0.3076 0.1822 0.1332 0.5194 0.1150 0.2085 0.3961 0.1155 0.4002 0.1327 0.1531 0.5067 0.1117 0.2649 0.2624 0.1249 0.4950 0.1188 0.1838 0.4507 0.1126 0.3435 0.1513 0.1404 0.5200 0.1132 0.2292 0.3474 0.1186 0.4404 0.1173 0.2652 0.0677 0.4484 0.1050 0.3640 0.1946 0.3027 0.2882 0.2708 0.1531 0.3441 0.1409 0.3549 0.2499 0.1475 0.3599 0.4558 0.1107 0.4477 0.1185 0.3474 0.2292 0.1132 0.5200 0.1404 0.1513 0.3435 0.1126 0.4507 0.1838 0.1188 0.4950 0.1249 0.2624 0.2649 0.1117 0.5067 0.1531 0.1327 0.4002 0.1155 0.3961 0.2085 0.1150 0.5194 0.1332 0.1822 0.3076 0.1117 0.4798 0.1692 0.1233 0.4577 0.1201 0.3261 0.2379 0.1127 0.5181 0.1383
0.5022 0.1132 0.2339 0.3355 0.1194 0.4510 0.1241 0.1670 0.4837 0.1116 0.3021 0.1900 0.1321 0.5182 0.1153 0.2053 0.4033 0.1151 0.3935 0.1341 0.1515 0.5089 0.1118 0.2606 0.2724 0.1241 0.4901 0.1194 0.1814 0.4558 0.1124 0.3376 0.1546 0.1391 0.5206 0.1134 0.2257 0.3556 0.1181 0.4348 0.1260 0.1699 0.3345 0.3837 0.1634 0.1657 0.1203 0.1378 0.2068 0.2951 0.1881 0.5020 0.2656 0.0825 0.2518 0.4299 0.4185 0.2043 0.1162 0.5054 0.1193 0.3400 0.2325 0.1130 0.5193 0.1416 0.1483 0.3495 0.1129 0.4455 0.1863 0.1183 0.4996 0.1258 0.2523 0.2694 0.1116 0.5042 0.1548 0.1313 0.4069 0.1159 0.3887 0.2117 0.1146 0.5202 0.1343 0.1752 0.3132 0.1118 0.4756 0.1714 0.1224 0.4644 0.1208 0.3164 0.2419 0.1125 0.5168 0.1446 0.1447
0.1141 0.2301 0.3448 0.1188 0.4440 0.1250 0.1649 0.4875 0.1115 0.2967 0.1985 0.1311 0.5166 0.1156 0.2022 0.4104 0.1146 0.3867 0.1357 0.1499 0.5109 0.1118 0.2563 0.2824 0.1233 0.4848 0.1199 0.1790 0.4607 0.1122 0.3317 0.1584 0.1380 0.5209 0.1136 0.2222 0.3639 0.1175 0.4284 0.1274 0.1603 0.4886 0.1162 0.4136 0.3860 0.2812 0.2791 0.1890 0.2349 0.2432 0.4405 0.1750 0.1952 0.1260 0.3404 0.3506 0.1367 0.4630 0.1960 0.1254 0.3297 0.2355 0.1128 0.5184 0.1429 0.1457 0.3557 0.1131 0.4400 0.1889 0.1178 0.5036 0.1266 0.2424 0.2740 0.1116 0.5017 0.1565 0.1300 0.4137 0.1164 0.3811 0.2149 0.1143 0.5208 0.1354 0.1691 0.3189 0.1119 0.4712 0.1736 0.1216 0.4708 0.1215 0.3066 0.2460 0.1123 0.5154 0.1461 0.1407 0.3553
0.2219 0.3469 0.1182 0.4415 0.1233 0.1646 0.4889 0.1099 0.2946 0.2012 0.1309 0.5159 0.1136 0.2014 0.4132 0.1137 0.3839 0.1344 0.1497 0.5117 0.1101 0.2550 0.2859 0.1230 0.4827 0.1180 0.1786 0.4625 0.1109 0.3295 0.1584 0.1378 0.5210 0.1117 0.2214 0.3669 0.1168 0.4258 0.1258 0.1600 0.4968 0.1091 0.3243 0.2202 0.3081 0.2211 0.1811 0.1166 0.1300 0.3916 0.0905 0.3387 0.3214 0.1535 0.3724 0.3053 0.4123 0.1484 0.1791 0.1592 0.2405 0.1126 0.5175 0.1440 0.1435 0.3616 0.1134 0.4342 0.1916 0.1173 0.5072 0.1275 0.2325 0.2787 0.1115 0.4989 0.1582 0.1288 0.4205 0.1169 0.3733 0.2182 0.1140 0.5210 0.1366 0.1638 0.3247 0.1120 0.4667 0.1759 0.1209 0.4770 0.1223 0.2965 0.2502 0.1121 0.5137 0.1476 0.1385 0.3764 0.1119
0.1914 0.1296 0.5101 0.1095 0.1947 0.4298 0.1121 0.3668 0.1345 0.1474 0.5161 0.1068 0.2446 0.3101 0.1213 0.4679 0.1144 0.1741 0.4734 0.1090 0.3159 0.1675 0.1362 0.5206 0.1076 0.2137 0.3857 0.1154 0.4095 0.1234 0.1574 0.5034 0.1072 0.2713 0.2471 0.1267 0.5007 0.1106 0.1879 0.4452 0.1108 0.3569 0.1109 0.5088 0.1012 0.2134 0.4726 0.5343 0.0821 0.1688 0.0481 0.0905 0.5227 0.3812 0.1092 0.0878 0.1340 0.4262 0.1222 0.4055 0.1084 0.5167 0.1450 0.1417 0.3670 0.1137 0.4286 0.1942 0.1168 0.5104 0.1285 0.2228 0.2835 0.1115 0.4959 0.1600 0.1277 0.4273 0.1174 0.3653 0.2216 0.1137 0.5209 0.1377 0.1592 0.3305 0.1122 0.4619 0.1783 0.1202 0.4830 0.1231 0.2862 0.2545 0.1120 0.5118 0.1492 0.1366 0.3832 0.1148 0.3875
0.2033 0.3941 0.1147 0.4009 0.1293 0.1540 0.5063 0.1091 0.2661 0.2595 0.1253 0.4963 0.1152 0.1854 0.4489 0.1112 0.3458 0.1472 0.1414 0.5198 0.1100 0.2314 0.3431 0.1186 0.4446 0.1217 0.1657 0.4875 0.1093 0.2965 0.1977 0.1313 0.5164 0.1124 0.2020 0.4131 0.1134 0.3821 0.1340 0.1489 0.5134 0.1068 0.3618 0.4266 0.0761 0.5441 0.4554 0.1858 0.4566 0.2493 0.2905 0.5204 0.0731 0.4640 0.1280 0.4213 0.2531 0.3199 0.4921 0.1086 0.5149 0.1459 0.1403 0.3718 0.1139 0.4233 0.1968 0.1164 0.5130 0.1294 0.2134 0.2884 0.1115 0.4928 0.1619 0.1266 0.4340 0.1180 0.3570 0.2251 0.1135 0.5207 0.1389 0.1553 0.3364 0.1124 0.4569 0.1808 0.1196 0.4886 0.1239 0.2759 0.2589 0.1119 0.5098 0.1508 0.1349 0.3900 0.1148 0.4071 0.1965
