-0.2974 0.1579 0.0051 -0.2377 -0.3306 -0.3832 0.0711 0.2773 -0.1915 -0.2972 -0.3760 -0.0983 0.2164 -0.1225 -0.2621 -0.3510 -0.3445 0.1289 0.1452 -0.2228 -0.3196 -0.3854 0.0343 0.2697 -0.1725 -0.2853 -0.3685 -0.2091 0.1860 -0.0768 -0.2497 -0.3407 -0.3722 0.0996 0.2474 -0.2070 -0.3080 -0.3817 -0.0190 0.2442 -0.1498 -0.2733 -0.3598 -0.2962 0.1565 0.0121 -0.2367 -0.3296 -0.3843 0.0439 0.1873 0.0439 -0.3843 -0.3296 -0.2367 0.0121 0.1565 -0.2962 -0.3598 -0.2733 -0.1498 0.2442 -0.0190 -0.3817 -0.3080 -0.2070 0.2474 0.0996 -0.3722 -0.3407 -0.2497 -0.0768 0.1860 -0.2091 -0.3685 -0.2853 -0.1725 0.2697 0.0343 -0.3854 -0.3196 -0.2228 0.1452 0.1289 -0.3445 -0.3510 -0.2621 -0.1225 0.2164 -0.0983 -0.3760 -0.2972 -0.1915 0.2773 0.0711 -0.3832 -0.3306 -0.2377 0.0051 0.1579 -0.2974
0.1579 0.0126 -0.2460 -0.3379 -0.3887 0.0704 0.2804 -0.1945 -0.3046 -0.3824 -0.1024 0.2146 -0.1206 -0.2698 -0.3580 -0.3498 0.1278 0.1630 -0.2288 -0.3268 -0.3912 0.0331 0.2694 -0.1741 -0.2928 -0.3752 -0.2146 0.1845 -0.0710 -0.2575 -0.3478 -0.3776 0.0988 0.2566 -0.2113 -0.3153 -0.3878 -0.0211 0.2426 -0.1499 -0.2809 -0.3667 -0.3017 0.1551 0.0269 -0.2444 -0.3370 -0.3894 0.0622 0.2744 -0.0777 0.2744 0.0622 -0.3894 -0.3370 -0.2444 0.0269 0.1551 -0.3017 -0.3667 -0.2809 -0.1499 0.2426 -0.0211 -0.3878 -0.3153 -0.2113 0.2566 0.0988 -0.3776 -0.3478 -0.2575 -0.0710 0.1845 -0.2146 -0.3752 -0.2928 -0.1741 0.2694 0.0331 -0.3912 -0.3268 -0.2288 0.1630 0.1278 -0.3498 -0.3580 -0.2698 -0.1206 0.2146 -0.1024 -0.3824 -0.3046 -0.1945 0.2804 0.0704 -0.3887 -0.3379 -0.2460 0.0126 0.1579
0.0051 -0.2460 -0.3375 -0.3892 0.0675 0.2806 -0.1926 -0.3034 -0.3817 -0.1139 0.2113 -0.1164 -0.2684 -0.3569 -0.3539 0.1247 0.1773 -0.2269 -0.3256 -0.3911 0.0283 0.2670 -0.1717 -0.2915 -0.3743 -0.2260 0.1813 -0.0635 -0.2562 -0.3467 -0.3795 0.0955 0.2620 -0.2094 -0.3141 -0.3872 -0.0289 0.2393 -0.1468 -0.2795 -0.3657 -0.3089 0.1517 0.0422 -0.2426 -0.3358 -0.3899 0.0628 0.2797 -0.1772 -0.2571 -0.1772 0.2797 0.0628 -0.3899 -0.3358 -0.2426 0.0422 0.1517 -0.3089 -0.3657 -0.2795 -0.1468 0.2393 -0.0289 -0.3872 -0.3141 -0.2094 0.2620 0.0955 -0.3795 -0.3467 -0.2562 -0.0635 0.1813 -0.2260 -0.3743 -0.2915 -0.1717 0.2670 0.0283 -0.3911 -0.3256 -0.2269 0.1773 0.1247 -0.3539 -0.3569 -0.2684 -0.1164 0.2113 -0.1139 -0.3817 -0.3034 -0.1926 0.2806 0.0675 -0.3892 -0.3375 -0.2460 0.0051
-0.2377 -0.3379 -0.3892 0.0664 0.2806 -0.1911 -0.3024 -0.3811 -0.1251 0.2082 -0.1122 -0.2672 -0.3558 -0.3577 0.1215 0.1907 -0.2250 -0.3243 -0.3909 0.0233 0.2644 -0.1693 -0.2902 -0.3734 -0.2369 0.1781 -0.0553 -0.2548 -0.3455 -0.3813 0.0923 0.2666 -0.2074 -0.3128 -0.3866 -0.0372 0.2360 -0.1437 -0.2782 -0.3647 -0.3156 0.1484 0.0582 -0.2407 -0.3346 -0.3903 0.0600 0.2797 -0.1856 -0.2936 -0.3503 -0.2936 -0.1856 0.2797 0.0600 -0.3903 -0.3346 -0.2407 0.0582 0.1484 -0.3156 -0.3647 -0.2782 -0.1437 0.2360 -0.0372 -0.3866 -0.3128 -0.2074 0.2666 0.0923 -0.3813 -0.3455 -0.2548 -0.0553 0.1781 -0.2369 -0.3734 -0.2902 -0.1693 0.2644 0.0233 -0.3909 -0.3243 -0.2250 0.1907 0.1215 -0.3577 -0.3558 -0.2672 -0.1122 0.2082 -0.1251 -0.3811 -0.3024 -0.1911 0.2806 0.0664 -0.3892 -0.3379 -0.2377
-0.3306 -0.3887 0.0675 0.2806 -0.1905 -0.3018 -0.3806 -0.1343 0.2054 -0.1081 -0.2660 -0.3548 -0.3610 0.1184 0.2027 -0.2231 -0.3231 -0.3906 0.0180 0.2616 -0.1667 -0.2889 -0.3725 -0.2474 0.1749 -0.0465 -0.2535 -0.3443 -0.3828 0.0890 0.2705 -0.2054 -0.3115 -0.3860 -0.0460 0.2326 -0.1405 -0.2769 -0.3636 -0.3220 0.1451 0.0748 -0.2388 -0.3334 -0.3907 0.0563 0.2790 -0.1858 -0.2981 -0.3779 -0.3851 -0.3779 -0.2981 -0.1858 0.2790 0.0563 -0.3907 -0.3334 -0.2388 0.0748 0.1451 -0.3220 -0.3636 -0.2769 -0.1405 0.2326 -0.0460 -0.3860 -0.3115 -0.2054 0.2705 0.0890 -0.3828 -0.3443 -0.2535 -0.0465 0.1749 -0.2474 -0.3725 -0.2889 -0.1667 0.2616 0.0180 -0.3906 -0.3231 -0.2231 0.2027 0.1184 -0.3610 -0.3548 -0.2660 -0.1081 0.2054 -0.1343 -0.3806 -0.3018 -0.1905 0.2806 0.0675 -0.3887 -0.3306
-0.3832 0.0704 0.2806 -0.1911 -0.3018 -0.3804 -0.1392 0.2036 -0.1048 -0.2649 -0.3539 -0.3639 0.1156 0.2132 -0.2213 -0.3219 -0.3902 0.0125 0.2587 -0.1642 -0.2876 -0.3716 -0.2574 0.1718 -0.0369 -0.2521 -0.3432 -0.3842 0.0856 0.2737 -0.2035 -0.3103 -0.3854 -0.0553 0.2293 -0.1371 -0.2756 -0.3626 -0.3279 0.1419 0.0917 -0.2370 -0.3322 -0.3910 0.0523 0.2778 -0.1841 -0.2982 -0.3783 -0.2330 0.0889 -0.2330 -0.3783 -0.2982 -0.1841 0.2778 0.0523 -0.3910 -0.3322 -0.2370 0.0917 0.1419 -0.3279 -0.3626 -0.2756 -0.1371 0.2293 -0.0553 -0.3854 -0.3103 -0.2035 0.2737 0.0856 -0.3842 -0.3432 -0.2521 -0.0369 0.1718 -0.2574 -0.3716 -0.2876 -0.1642 0.2587 0.0125 -0.3902 -0.3219 -0.2213 0.2132 0.1156 -0.3639 -0.3539 -0.2649 -0.1048 0.2036 -0.1392 -0.3804 -0.3018 -0.1911 0.2806 0.0704 -0.3832
0.0711 0.2804 -0.1926 -0.3024 -0.3806 -0.1392 0.2030 -0.1030 -0.2642 -0.3532 -0.3662 0.1131 0.2220 -0.2197 -0.3207 -0.3899 0.0069 0.2558 -0.1616 -0.2863 -0.3707 -0.2670 0.1686 -0.0265 -0.2508 -0.3420 -0.3855 0.0823 0.2762 -0.2014 -0.3090 -0.3848 -0.0651 0.2259 -0.1336 -0.2743 -0.3616 -0.3335 0.1387 0.1087 -0.2351 -0.3310 -0.3912 0.0482 0.2763 -0.1820 -0.2972 -0.3779 -0.1911 0.1731 0.2734 0.1731 -0.1911 -0.3779 -0.2972 -0.1820 0.2763 0.0482 -0.3912 -0.3310 -0.2351 0.1087 0.1387 -0.3335 -0.3616 -0.2743 -0.1336 0.2259 -0.0651 -0.3848 -0.3090 -0.2014 0.2762 0.0823 -0.3855 -0.3420 -0.2508 -0.0265 0.1686 -0.2670 -0.3707 -0.2863 -0.1616 0.2558 0.0069 -0.3899 -0.3207 -0.2197 0.2220 0.1131 -0.3662 -0.3532 -0.2642 -0.1030 0.2030 -0.1392 -0.3806 -0.3024 -0.1926 0.2804 0.0711
0.2773 -0.1945 -0.3034 -0.3811 -0.1343 0.2036 -0.1030 -0.2640 -0.3528 -0.3676 0.1111 0.2289 -0.2182 -0.3197 -0.3895 0.0014 0.2530 -0.1590 -0.2850 -0.3697 -0.2761 0.1655 -0.0152 -0.2494 -0.3408 -0.3866 0.0788 0.2781 -0.1994 -0.3077 -0.3841 -0.0755 0.2226 -0.1300 -0.2729 -0.3605 -0.3387 0.1355 0.1253 -0.2332 -0.3298 -0.3913 0.0439 0.2746 -0.1797 -0.2959 -0.3772 -0.1897 0.1876 -0.0382 -0.2056 -0.0382 0.1876 -0.1897 -0.3772 -0.2959 -0.1797 0.2746 0.0439 -0.3913 -0.3298 -0.2332 0.1253 0.1355 -0.3387 -0.3605 -0.2729 -0.1300 0.2226 -0.0755 -0.3841 -0.3077 -0.1994 0.2781 0.0788 -0.3866 -0.3408 -0.2494 -0.0152 0.1655 -0.2761 -0.3697 -0.2850 -0.1590 0.2530 0.0014 -0.3895 -0.3197 -0.2182 0.2289 0.1111 -0.3676 -0.3528 -0.2640 -0.1030 0.2036 -0.1343 -0.3811 -0.3034 -0.1945 0.2773
-0.1915 -0.3046 -0.3817 -0.1251 0.2054 -0.1048 -0.2642 -0.3528 -0.3680 0.1101 0.2332 -0.2171 -0.3188 -0.3891 -0.0036 0.2503 -0.1566 -0.2838 -0.3688 -0.2844 0.1624 -0.0029 -0.2480 -0.3396 -0.3876 0.0754 0.2794 -0.1974 -0.3064 -0.3834 -0.0864 0.2192 -0.1262 -0.2716 -0.3595 -0.3436 0.1323 0.1415 -0.2314 -0.3285 -0.3913 0.0396 0.2726 -0.1774 -0.2946 -0.3764 -0.1988 0.1880 -0.0708 -0.2509 -0.3089 -0.2509 -0.0708 0.1880 -0.1988 -0.3764 -0.2946 -0.1774 0.2726 0.0396 -0.3913 -0.3285 -0.2314 0.1415 0.1323 -0.3436 -0.3595 -0.2716 -0.1262 0.2192 -0.0864 -0.3834 -0.3064 -0.1974 0.2794 0.0754 -0.3876 -0.3396 -0.2480 -0.0029 0.1624 -0.2844 -0.3688 -0.2838 -0.1566 0.2503 -0.0036 -0.3891 -0.3188 -0.2171 0.2332 0.1101 -0.3680 -0.3528 -0.2642 -0.1048 0.2054 -0.1251 -0.3817 -0.3046 -0.1915
-0.2972 -0.3824 -0.1139 0.2082 -0.1081 -0.2649 -0.3532 -0.3676 0.1101 0.2345 -0.2165 -0.3183 -0.3888 -0.0080 0.2480 -0.1544 -0.2828 -0.3680 -0.2918 0.1593 0.0096 -0.2465 -0.3384 -0.3884 0.0718 0.2802 -0.1953 -0.3051 -0.3827 -0.0977 0.2159 -0.1222 -0.2703 -0.3584 -0.3481 0.1291 0.1570 -0.2295 -0.3273 -0.3913 0.0350 0.2704 -0.1751 -0.2933 -0.3755 -0.2100 0.1856 -0.0716 -0.2561 -0.3430 -0.3904 -0.3430 -0.2561 -0.0716 0.1856 -0.2100 -0.3755 -0.2933 -0.1751 0.2704 0.0350 -0.3913 -0.3273 -0.2295 0.1570 0.1291 -0.3481 -0.3584 -0.2703 -0.1222 0.2159 -0.0977 -0.3827 -0.3051 -0.1953 0.2802 0.0718 -0.3884 -0.3384 -0.2465 0.0096 0.1593 -0.2918 -0.3680 -0.2828 -0.1544 0.2480 -0.0080 -0.3888 -0.3183 -0.2165 0.2345 0.1101 -0.3676 -0.3532 -0.2649 -0.1081 0.2082 -0.1139 -0.3824 -0.2972
-0.3760 -0.1024 0.2113 -0.1122 -0.2660 -0.3539 -0.3662 0.1111 0.2332 -0.2165 -0.3181 -0.3887 -0.0109 0.2463 -0.1526 -0.2819 -0.3673 -0.2980 0.1564 0.0220 -0.2449 -0.3373 -0.3891 0.0683 0.2806 -0.1932 -0.3039 -0.3820 -0.1095 0.2126 -0.1181 -0.2690 -0.3573 -0.3523 0.1259 0.1717 -0.2276 -0.3261 -0.3911 0.0303 0.2680 -0.1727 -0.2920 -0.3747 -0.2215 0.1825 -0.0661 -0.2563 -0.3459 -0.3876 -0.0920 -0.3876 -0.3459 -0.2563 -0.0661 0.1825 -0.2215 -0.3747 -0.2920 -0.1727 0.2680 0.0303 -0.3911 -0.3261 -0.2276 0.1717 0.1259 -0.3523 -0.3573 -0.2690 -0.1181 0.2126 -0.1095 -0.3820 -0.3039 -0.1932 0.2806 0.0683 -0.3891 -0.3373 -0.2449 0.0220 0.1564 -0.2980 -0.3673 -0.2819 -0.1526 0.2463 -0.0109 -0.3887 -0.3181 -0.2165 0.2332 0.1111 -0.3662 -0.3539 -0.2660 -0.1122 0.2113 -0.1024 -0.3760
-0.0983 0.2146 -0.1164 -0.2672 -0.3548 -0.3639 0.1131 0.2289 -0.2171 -0.3183 -0.3887 -0.0119 0.2453 -0.1514 -0.2812 -0.3667 -0.3030 0.1539 0.0338 -0.2434 -0.3363 -0.3897 0.0649 0.2805 -0.1911 -0.3026 -0.3813 -0.1216 0.2092 -0.1137 -0.2676 -0.3563 -0.3562 0.1228 0.1855 -0.2258 -0.3248 -0.3910 0.0253 0.2654 -0.1703 -0.2907 -0.3738 -0.2326 0.1794 -0.0586 -0.2553 -0.3457 -0.3828 0.0723 0.2098 0.0723 -0.3828 -0.3457 -0.2553 -0.0586 0.1794 -0.2326 -0.3738 -0.2907 -0.1703 0.2654 0.0253 -0.3910 -0.3248 -0.2258 0.1855 0.1228 -0.3562 -0.3563 -0.2676 -0.1137 0.2092 -0.1216 -0.3813 -0.3026 -0.1911 0.2805 0.0649 -0.3897 -0.3363 -0.2434 0.0338 0.1539 -0.3030 -0.3667 -0.2812 -0.1514 0.2453 -0.0119 -0.3887 -0.3183 -0.2171 0.2289 0.1131 -0.3639 -0.3548 -0.2672 -0.1164 0.2146 -0.0983
0.2164 -0.1206 -0.2684 -0.3558 -0.3610 0.1156 0.2220 -0.2182 -0.3188 -0.3888 -0.0109 0.2453 -0.1510 -0.2808 -0.3663 -0.3066 0.1520 0.0443 -0.2420 -0.3353 -0.3901 0.0617 0.2802 -0.1892 -0.3014 -0.3805 -0.1340 0.2059 -0.1091 -0.2663 -0.3552 -0.3599 0.1196 0.1982 -0.2239 -0.3236 -0.3907 0.0202 0.2627 -0.1678 -0.2894 -0.3729 -0.2433 0.1762 -0.0501 -0.2540 -0.3448 -0.3827 0.0853 0.2809 -0.1141 0.2809 0.0853 -0.3827 -0.3448 -0.2540 -0.0501 0.1762 -0.2433 -0.3729 -0.2894 -0.1678 0.2627 0.0202 -0.3907 -0.3236 -0.2239 0.1982 0.1196 -0.3599 -0.3552 -0.2663 -0.1091 0.2059 -0.1340 -0.3805 -0.3014 -0.1892 0.2802 0.0617 -0.3901 -0.3353 -0.2420 0.0443 0.1520 -0.3066 -0.3663 -0.2808 -0.1510 0.2453 -0.0109 -0.3888 -0.3188 -0.2182 0.2220 0.1156 -0.3610 -0.3558 -0.2684 -0.1206 0.2164
-0.1225 -0.2698 -0.3569 -0.3577 0.1184 0.2132 -0.2197 -0.3197 -0.3891 -0.0080 0.2463 -0.1514 -0.2808 -0.3661 -0.3085 0.1507 0.0519 -0.2410 -0.3346 -0.3904 0.0589 0.2796 -0.1874 -0.3003 -0.3798 -0.1458 0.2027 -0.1044 -0.2650 -0.3541 -0.3632 0.1164 0.2099 -0.2220 -0.3223 -0.3904 0.0147 0.2599 -0.1652 -0.2881 -0.3720 -0.2535 0.1730 -0.0409 -0.2527 -0.3436 -0.3838 0.0859 0.2763 -0.1919 -0.2661 -0.1919 0.2763 0.0859 -0.3838 -0.3436 -0.2527 -0.0409 0.1730 -0.2535 -0.3720 -0.2881 -0.1652 0.2599 0.0147 -0.3904 -0.3223 -0.2220 0.2099 0.1164 -0.3632 -0.3541 -0.2650 -0.1044 0.2027 -0.1458 -0.3798 -0.3003 -0.1874 0.2796 0.0589 -0.3904 -0.3346 -0.2410 0.0519 0.1507 -0.3085 -0.3661 -0.2808 -0.1514 0.2463 -0.0080 -0.3891 -0.3197 -0.2197 0.2132 0.1184 -0.3577 -0.3569 -0.2698 -0.1225
-0.2621 -0.3580 -0.3539 0.1215 0.2027 -0.2213 -0.3207 -0.3895 -0.0036 0.2480 -0.1526 -0.2812 -0.3663 -0.3085 0.1503 0.0558 -0.2403 -0.3340 -0.3906 0.0564 0.2789 -0.1858 -0.2993 -0.3792 -0.1565 0.1997 -0.0997 -0.2637 -0.3530 -0.3663 0.1133 0.2206 -0.2201 -0.3211 -0.3900 0.0090 0.2569 -0.1626 -0.2868 -0.3710 -0.2632 0.1699 -0.0308 -0.2513 -0.3425 -0.3850 0.0834 0.2760 -0.1995 -0.3023 -0.3583 -0.3023 -0.1995 0.2760 0.0834 -0.3850 -0.3425 -0.2513 -0.0308 0.1699 -0.2632 -0.3710 -0.2868 -0.1626 0.2569 0.0090 -0.3900 -0.3211 -0.2201 0.2206 0.1133 -0.3663 -0.3530 -0.2637 -0.0997 0.1997 -0.1565 -0.3792 -0.2993 -0.1858 0.2789 0.0564 -0.3906 -0.3340 -0.2403 0.0558 0.1503 -0.3085 -0.3663 -0.2812 -0.1526 0.2480 -0.0036 -0.3895 -0.3207 -0.2213 0.2027 0.1215 -0.3539 -0.3580 -0.2621
-0.3510 -0.3498 0.1247 0.1907 -0.2231 -0.3219 -0.3899 0.0014 0.2503 -0.1544 -0.2819 -0.3667 -0.3066 0.1507 0.0558 -0.2401 -0.3337 -0.3907 0.0547 0.2783 -0.1845 -0.2984 -0.3786 -0.1659 0.1971 -0.0951 -0.2626 -0.3520 -0.3690 0.1102 0.2302 -0.2182 -0.3198 -0.3896 0.0031 0.2539 -0.1599 -0.2855 -0.3701 -0.2725 0.1667 -0.0198 -0.2499 -0.3413 -0.3862 0.0802 0.2775 -0.1996 -0.3066 -0.3834 -0.3687 -0.3834 -0.3066 -0.1996 0.2775 0.0802 -0.3862 -0.3413 -0.2499 -0.0198 0.1667 -0.2725 -0.3701 -0.2855 -0.1599 0.2539 0.0031 -0.3896 -0.3198 -0.2182 0.2302 0.1102 -0.3690 -0.3520 -0.2626 -0.0951 0.1971 -0.1659 -0.3786 -0.2984 -0.1845 0.2783 0.0547 -0.3907 -0.3337 -0.2401 0.0558 0.1507 -0.3066 -0.3667 -0.2819 -0.1544 0.2503 0.0014 -0.3899 -0.3219 -0.2231 0.1907 0.1247 -0.3498 -0.3510
-0.3445 0.1278 0.1773 -0.2250 -0.3231 -0.3902 0.0069 0.2530 -0.1566 -0.2828 -0.3673 -0.3030 0.1520 0.0519 -0.2403 -0.3337 -0.3908 0.0537 0.2778 -0.1836 -0.2977 -0.3782 -0.1741 0.1948 -0.0908 -0.2615 -0.3510 -0.3713 0.1073 0.2384 -0.2163 -0.3186 -0.3891 -0.0033 0.2508 -0.1572 -0.2842 -0.3691 -0.2813 0.1636 -0.0079 -0.2486 -0.3401 -0.3872 0.0768 0.2789 -0.1981 -0.3066 -0.3832 -0.1548 0.1093 -0.1548 -0.3832 -0.3066 -0.1981 0.2789 0.0768 -0.3872 -0.3401 -0.2486 -0.0079 0.1636 -0.2813 -0.3691 -0.2842 -0.1572 0.2508 -0.0033 -0.3891 -0.3186 -0.2163 0.2384 0.1073 -0.3713 -0.3510 -0.2615 -0.0908 0.1948 -0.1741 -0.3782 -0.2977 -0.1836 0.2778 0.0537 -0.3908 -0.3337 -0.2403 0.0519 0.1520 -0.3030 -0.3673 -0.2828 -0.1566 0.2530 0.0069 -0.3902 -0.3231 -0.2250 0.1773 0.1278 -0.3445
0.1289 0.1630 -0.2269 -0.3243 -0.3906 0.0125 0.2558 -0.1590 -0.2838 -0.3680 -0.2980 0.1539 0.0443 -0.2410 -0.3340 -0.3907 0.0537 0.2777 -0.1830 -0.2973 -0.3778 -0.1803 0.1929 -0.0870 -0.2605 -0.3502 -0.3732 0.1048 0.2450 -0.2146 -0.3174 -0.3886 -0.0098 0.2476 -0.1544 -0.2829 -0.3682 -0.2897 0.1603 0.0050 -0.2471 -0.3389 -0.3881 0.0732 0.2800 -0.1961 -0.3056 -0.3829 -0.1098 0.1943 0.2406 0.1943 -0.1098 -0.3829 -0.3056 -0.1961 0.2800 0.0732 -0.3881 -0.3389 -0.2471 0.0050 0.1603 -0.2897 -0.3682 -0.2829 -0.1544 0.2476 -0.0098 -0.3886 -0.3174 -0.2146 0.2450 0.1048 -0.3732 -0.3502 -0.2605 -0.0870 0.1929 -0.1803 -0.3778 -0.2973 -0.1830 0.2777 0.0537 -0.3907 -0.3340 -0.2410 0.0443 0.1539 -0.2980 -0.3680 -0.2838 -0.1590 0.2558 0.0125 -0.3906 -0.3243 -0.2269 0.1630 0.1289
0.1452 -0.2288 -0.3256 -0.3909 0.0180 0.2587 -0.1616 -0.2850 -0.3688 -0.2918 0.1564 0.0338 -0.2420 -0.3346 -0.3906 0.0547 0.2778 -0.1830 -0.2972 -0.3776 -0.1840 0.1916 -0.0839 -0.2598 -0.3495 -0.3749 0.1025 0.2503 -0.2130 -0.3163 -0.3881 -0.0163 0.2445 -0.1516 -0.2816 -0.3672 -0.2975 0.1569 0.0188 -0.2454 -0.3377 -0.3889 0.0697 0.2805 -0.1940 -0.3044 -0.3823 -0.1084 0.2091 -0.0887 -0.2172 -0.0887 0.2091 -0.1084 -0.3823 -0.3044 -0.1940 0.2805 0.0697 -0.3889 -0.3377 -0.2454 0.0188 0.1569 -0.2975 -0.3672 -0.2816 -0.1516 0.2445 -0.0163 -0.3881 -0.3163 -0.2130 0.2503 0.1025 -0.3749 -0.3495 -0.2598 -0.0839 0.1916 -0.1840 -0.3776 -0.2972 -0.1830 0.2778 0.0547 -0.3906 -0.3346 -0.2420 0.0338 0.1564 -0.2918 -0.3688 -0.2850 -0.1616 0.2587 0.0180 -0.3909 -0.3256 -0.2288 0.1452
-0.2228 -0.3268 -0.3911 0.0233 0.2616 -0.1642 -0.2863 -0.3697 -0.2844 0.1593 0.0220 -0.2434 -0.3353 -0.3904 0.0564 0.2783 -0.1836 -0.2973 -0.3776 -0.1852 0.1910 -0.0820 -0.2592 -0.3489 -0.3761 0.1004 0.2546 -0.2117 -0.3154 -0.3877 -0.0226 0.2417 -0.1489 -0.2803 -0.3662 -0.3049 0.1535 0.0337 -0.2436 -0.3365 -0.3895 0.0660 0.2806 -0.1919 -0.3031 -0.3816 -0.1174 0.2095 -0.1090 -0.2599 -0.3176 -0.2599 -0.1090 0.2095 -0.1174 -0.3816 -0.3031 -0.1919 0.2806 0.0660 -0.3895 -0.3365 -0.2436 0.0337 0.1535 -0.3049 -0.3662 -0.2803 -0.1489 0.2417 -0.0226 -0.3877 -0.3154 -0.2117 0.2546 0.1004 -0.3761 -0.3489 -0.2592 -0.0820 0.1910 -0.1852 -0.3776 -0.2973 -0.1836 0.2783 0.0564 -0.3904 -0.3353 -0.2434 0.0220 0.1593 -0.2844 -0.3697 -0.2863 -0.1642 0.2616 0.0233 -0.3911 -0.3268 -0.2228
-0.3196 -0.3912 0.0283 0.2644 -0.1667 -0.2876 -0.3707 -0.2761 0.1624 0.0096 -0.2449 -0.3363 -0.3901 0.0589 0.2789 -0.1845 -0.2977 -0.3778 -0.1840 0.1910 -0.0813 -0.2590 -0.3485 -0.3770 0.0988 0.2580 -0.2105 -0.3145 -0.3873 -0.0285 0.2391 -0.1464 -0.2792 -0.3653 -0.3116 0.1503 0.0493 -0.2417 -0.3353 -0.3901 0.0623 0.2803 -0.1898 -0.3018 -0.3808 -0.1291 0.2070 -0.1096 -0.2650 -0.3510 -0.3945 -0.3510 -0.2650 -0.1096 0.2070 -0.1291 -0.3808 -0.3018 -0.1898 0.2803 0.0623 -0.3901 -0.3353 -0.2417 0.0493 0.1503 -0.3116 -0.3653 -0.2792 -0.1464 0.2391 -0.0285 -0.3873 -0.3145 -0.2105 0.2580 0.0988 -0.3770 -0.3485 -0.2590 -0.0813 0.1910 -0.1840 -0.3778 -0.2977 -0.1845 0.2789 0.0589 -0.3901 -0.3363 -0.2449 0.0096 0.1624 -0.2761 -0.3707 -0.2876 -0.1667 0.2644 0.0283 -0.3912 -0.3196
-0.3854 0.0331 0.2670 -0.1693 -0.2889 -0.3716 -0.2670 0.1655 -0.0029 -0.2465 -0.3373 -0.3897 0.0617 0.2796 -0.1858 -0.2984 -0.3782 -0.1803 0.1916 -0.0820 -0.2590 -0.3484 -0.3774 0.0978 0.2602 -0.2095 -0.3138 -0.3870 -0.0338 0.2367 -0.1441 -0.2782 -0.3645 -0.3172 0.1474 0.0647 -0.2399 -0.3341 -0.3905 0.0584 0.2796 -0.1877 -0.3005 -0.3801 -0.1415 0.2039 -0.1060 -0.2651 -0.3534 -0.3776 -0.0286 -0.3776 -0.3534 -0.2651 -0.1060 0.2039 -0.1415 -0.3801 -0.3005 -0.1877 0.2796 0.0584 -0.3905 -0.3341 -0.2399 0.0647 0.1474 -0.3172 -0.3645 -0.2782 -0.1441 0.2367 -0.0338 -0.3870 -0.3138 -0.2095 0.2602 0.0978 -0.3774 -0.3484 -0.2590 -0.0820 0.1916 -0.1803 -0.3782 -0.2984 -0.1858 0.2796 0.0617 -0.3897 -0.3373 -0.2465 -0.0029 0.1655 -0.2670 -0.3716 -0.2889 -0.1693 0.2670 0.0331 -0.3854
0.0343 0.2694 -0.1717 -0.2902 -0.3725 -0.2574 0.1686 -0.0152 -0.2480 -0.3384 -0.3891 0.0649 0.2802 -0.1874 -0.2993 -0.3786 -0.1741 0.1929 -0.0839 -0.2592 -0.3485 -0.3774 0.0975 0.2612 -0.2089 -0.3133 -0.3867 -0.0384 0.2347 -0.1420 -0.2773 -0.3638 -0.3219 0.1447 0.0789 -0.2382 -0.3329 -0.3908 0.0546 0.2785 -0.1855 -0.2992 -0.3793 -0.1541 0.2006 -0.1012 -0.2641 -0.3532 -0.3692 0.0942 0.2319 0.0942 -0.3692 -0.3532 -0.2641 -0.1012 0.2006 -0.1541 -0.3793 -0.2992 -0.1855 0.2785 0.0546 -0.3908 -0.3329 -0.2382 0.0789 0.1447 -0.3219 -0.3638 -0.2773 -0.1420 0.2347 -0.0384 -0.3867 -0.3133 -0.2089 0.2612 0.0975 -0.3774 -0.3485 -0.2592 -0.0839 0.1929 -0.1741 -0.3786 -0.2993 -0.1874 0.2802 0.0649 -0.3891 -0.3384 -0.2480 -0.0152 0.1686 -0.2574 -0.3725 -0.2902 -0.1717 0.2694 0.0343
0.2697 -0.1741 -0.2915 -0.3734 -0.2474 0.1718 -0.0265 -0.2494 -0.3396 -0.3884 0.0683 0.2805 -0.1892 -0.3003 -0.3792 -0.1659 0.1948 -0.0870 -0.2598 -0.3489 -0.3770 0.0978 0.2612 -0.2087 -0.3131 -0.3865 -0.0419 0.2332 -0.1402 -0.2765 -0.3631 -0.3260 0.1425 0.0916 -0.2367 -0.3319 -0.3911 0.0509 0.2773 -0.1833 -0.2979 -0.3785 -0.1667 0.1973 -0.0959 -0.2628 -0.3522 -0.3689 0.1066 0.2684 -0.1403 0.2684 0.1066 -0.3689 -0.3522 -0.2628 -0.0959 0.1973 -0.1667 -0.3785 -0.2979 -0.1833 0.2773 0.0509 -0.3911 -0.3319 -0.2367 0.0916 0.1425 -0.3260 -0.3631 -0.2765 -0.1402 0.2332 -0.0419 -0.3865 -0.3131 -0.2087 0.2612 0.0978 -0.3770 -0.3489 -0.2598 -0.0870 0.1948 -0.1659 -0.3792 -0.3003 -0.1892 0.2805 0.0683 -0.3884 -0.3396 -0.2494 -0.0265 0.1718 -0.2474 -0.3734 -0.2915 -0.1741 0.2697
-0.1725 -0.2928 -0.3743 -0.2369 0.1749 -0.0369 -0.2508 -0.3408 -0.3876 0.0718 0.2806 -0.1911 -0.3014 -0.3798 -0.1565 0.1971 -0.0908 -0.2605 -0.3495 -0.3761 0.0988 0.2602 -0.2089 -0.3131 -0.3864 -0.0436 0.2322 -0.1388 -0.2759 -0.3626 -0.3295 0.1405 0.1026 -0.2354 -0.3310 -0.3912 0.0474 0.2759 -0.1813 -0.2967 -0.3777 -0.1791 0.1940 -0.0902 -0.2615 -0.3512 -0.3710 0.1072 0.2469 -0.2054 -0.2750 -0.2054 0.2469 0.1072 -0.3710 -0.3512 -0.2615 -0.0902 0.1940 -0.1791 -0.3777 -0.2967 -0.1813 0.2759 0.0474 -0.3912 -0.3310 -0.2354 0.1026 0.1405 -0.3295 -0.3626 -0.2759 -0.1388 0.2322 -0.0436 -0.3864 -0.3131 -0.2089 0.2602 0.0988 -0.3761 -0.3495 -0.2605 -0.0908 0.1971 -0.1565 -0.3798 -0.3014 -0.1911 0.2806 0.0718 -0.3876 -0.3408 -0.2508 -0.0369 0.1749 -0.2369 -0.3743 -0.2928 -0.1725
-0.2853 -0.3752 -0.2260 0.1781 -0.0465 -0.2521 -0.3420 -0.3866 0.0754 0.2802 -0.1932 -0.3026 -0.3805 -0.1458 0.1997 -0.0951 -0.2615 -0.3502 -0.3749 0.1004 0.2580 -0.2095 -0.3133 -0.3865 -0.0436 0.2318 -0.1382 -0.2755 -0.3622 -0.3321 0.1387 0.1123 -0.2343 -0.3302 -0.3913 0.0442 0.2745 -0.1794 -0.2956 -0.3769 -0.1907 0.1909 -0.0842 -0.2602 -0.3500 -0.3733 0.1048 0.2459 -0.2125 -0.3109 -0.3660 -0.3109 -0.2125 0.2459 0.1048 -0.3733 -0.3500 -0.2602 -0.0842 0.1909 -0.1907 -0.3769 -0.2956 -0.1794 0.2745 0.0442 -0.3913 -0.3302 -0.2343 0.1123 0.1387 -0.3321 -0.3622 -0.2755 -0.1382 0.2318 -0.0436 -0.3865 -0.3133 -0.2095 0.2580 0.1004 -0.3749 -0.3502 -0.2615 -0.0951 0.1997 -0.1458 -0.3805 -0.3026 -0.1932 0.2802 0.0754 -0.3866 -0.3420 -0.2521 -0.0465 0.1781 -0.2260 -0.3752 -0.2853
-0.3685 -0.2146 0.1813 -0.0553 -0.2535 -0.3432 -0.3855 0.0788 0.2794 -0.1953 -0.3039 -0.3813 -0.1340 0.2027 -0.0997 -0.2626 -0.3510 -0.3732 0.1025 0.2546 -0.2105 -0.3138 -0.3867 -0.0419 0.2322 -0.1382 -0.2753 -0.3619 -0.3337 0.1374 0.1202 -0.2333 -0.3295 -0.3913 0.0414 0.2731 -0.1777 -0.2946 -0.3763 -0.2010 0.1880 -0.0780 -0.2589 -0.3489 -0.3756 0.1018 0.2511 -0.2126 -0.3150 -0.3879 -0.3415 -0.3879 -0.3150 -0.2126 0.2511 0.1018 -0.3756 -0.3489 -0.2589 -0.0780 0.1880 -0.2010 -0.3763 -0.2946 -0.1777 0.2731 0.0414 -0.3913 -0.3295 -0.2333 0.1202 0.1374 -0.3337 -0.3619 -0.2753 -0.1382 0.2322 -0.0419 -0.3867 -0.3138 -0.2105 0.2546 0.1025 -0.3732 -0.3510 -0.2626 -0.0997 0.2027 -0.1340 -0.3813 -0.3039 -0.1953 0.2794 0.0788 -0.3855 -0.3432 -0.2535 -0.0553 0.1813 -0.2146 -0.3685
-0.2091 0.1845 -0.0635 -0.2548 -0.3443 -0.3842 0.0823 0.2781 -0.1974 -0.3051 -0.3820 -0.1216 0.2059 -0.1044 -0.2637 -0.3520 -0.3713 0.1048 0.2503 -0.2117 -0.3145 -0.3870 -0.0384 0.2332 -0.1388 -0.2755 -0.3619 -0.3343 0.1368 0.1252 -0.2326 -0.3290 -0.3913 0.0389 0.2718 -0.1762 -0.2937 -0.3756 -0.2099 0.1854 -0.0721 -0.2576 -0.3478 -0.3777 0.0986 0.2569 -0.2111 -0.3149 -0.3872 -0.0768 0.1292 -0.0768 -0.3872 -0.3149 -0.2111 0.2569 0.0986 -0.3777 -0.3478 -0.2576 -0.0721 0.1854 -0.2099 -0.3756 -0.2937 -0.1762 0.2718 0.0389 -0.3913 -0.3290 -0.2326 0.1252 0.1368 -0.3343 -0.3619 -0.2755 -0.1388 0.2332 -0.0384 -0.3870 -0.3145 -0.2117 0.2503 0.1048 -0.3713 -0.3520 -0.2637 -0.1044 0.2059 -0.1216 -0.3820 -0.3051 -0.1974 0.2781 0.0823 -0.3842 -0.3443 -0.2548 -0.0635 0.1845 -0.2091
0.1860 -0.0710 -0.2562 -0.3455 -0.3828 0.0856 0.2762 -0.1994 -0.3064 -0.3827 -0.1095 0.2092 -0.1091 -0.2650 -0.3530 -0.3690 0.1073 0.2450 -0.2130 -0.3154 -0.3873 -0.0338 0.2347 -0.1402 -0.2759 -0.3622 -0.3337 0.1368 0.1268 -0.2322 -0.3286 -0.3913 0.0369 0.2707 -0.1749 -0.2929 -0.3751 -0.2177 0.1831 -0.0666 -0.2566 -0.3468 -0.3794 0.0956 0.2621 -0.2093 -0.3140 -0.3871 -0.0413 0.2165 0.1677 0.2165 -0.0413 -0.3871 -0.3140 -0.2093 0.2621 0.0956 -0.3794 -0.3468 -0.2566 -0.0666 0.1831 -0.2177 -0.3751 -0.2929 -0.1749 0.2707 0.0369 -0.3913 -0.3286 -0.2322 0.1268 0.1368 -0.3337 -0.3622 -0.2759 -0.1402 0.2347 -0.0338 -0.3873 -0.3154 -0.2130 0.2450 0.1073 -0.3690 -0.3530 -0.2650 -0.1091 0.2092 -0.1095 -0.3827 -0.3064 -0.1994 0.2762 0.0856 -0.3828 -0.3455 -0.2562 -0.0710 0.1860
-0.0768 -0.2575 -0.3467 -0.3813 0.0890 0.2737 -0.2014 -0.3077 -0.3834 -0.0977 0.2126 -0.1137 -0.2663 -0.3541 -0.3663 0.1102 0.2384 -0.2146 -0.3163 -0.3877 -0.0285 0.2367 -0.1420 -0.2765 -0.3626 -0.3321 0.1374 0.1252 -0.2322 -0.3285 -0.3913 0.0355 0.2698 -0.1738 -0.2923 -0.3746 -0.2245 0.1811 -0.0616 -0.2556 -0.3460 -0.3808 0.0928 0.2663 -0.2075 -0.3128 -0.3866 -0.0403 0.2310 -0.1211 -0.2284 -0.1211 0.2310 -0.0403 -0.3866 -0.3128 -0.2075 0.2663 0.0928 -0.3808 -0.3460 -0.2556 -0.0616 0.1811 -0.2245 -0.3746 -0.2923 -0.1738 0.2698 0.0355 -0.3913 -0.3285 -0.2322 0.1252 0.1374 -0.3321 -0.3626 -0.2765 -0.1420 0.2367 -0.0285 -0.3877 -0.3163 -0.2146 0.2384 0.1102 -0.3663 -0.3541 -0.2663 -0.1137 0.2126 -0.0977 -0.3834 -0.3077 -0.2014 0.2737 0.0890 -0.3813 -0.3467 -0.2575 -0.0768
-0.2497 -0.3478 -0.3795 0.0923 0.2705 -0.2035 -0.3090 -0.3841 -0.0864 0.2159 -0.1181 -0.2676 -0.3552 -0.3632 0.1133 0.2302 -0.2163 -0.3174 -0.3881 -0.0226 0.2391 -0.1441 -0.2773 -0.3631 -0.3295 0.1387 0.1202 -0.2326 -0.3286 -0.3913 0.0350 0.2693 -0.1731 -0.2918 -0.3742 -0.2300 0.1794 -0.0569 -0.2548 -0.3452 -0.3819 0.0903 0.2695 -0.2059 -0.3117 -0.3861 -0.0464 0.2315 -0.1355 -0.2687 -0.3263 -0.2687 -0.1355 0.2315 -0.0464 -0.3861 -0.3117 -0.2059 0.2695 0.0903 -0.3819 -0.3452 -0.2548 -0.0569 0.1794 -0.2300 -0.3742 -0.2918 -0.1731 0.2693 0.0350 -0.3913 -0.3286 -0.2326 0.1202 0.1387 -0.3295 -0.3631 -0.2773 -0.1441 0.2391 -0.0226 -0.3881 -0.3174 -0.2163 0.2302 0.1133 -0.3632 -0.3552 -0.2676 -0.1181 0.2159 -0.0864 -0.3841 -0.3090 -0.2035 0.2705 0.0923 -0.3795 -0.3478 -0.2497
-0.3407 -0.3776 0.0955 0.2666 -0.2054 -0.3103 -0.3848 -0.0755 0.2192 -0.1222 -0.2690 -0.3563 -0.3599 0.1164 0.2206 -0.2182 -0.3186 -0.3886 -0.0163 0.2417 -0.1464 -0.2782 -0.3638 -0.3260 0.1405 0.1123 -0.2333 -0.3290 -0.3913 0.0355 0.2693 -0.1728 -0.2915 -0.3739 -0.2341 0.1780 -0.0526 -0.2541 -0.3446 -0.3829 0.0882 0.2719 -0.2044 -0.3107 -0.3856 -0.0538 0.2294 -0.1361 -0.2737 -0.3586 -0.3971 -0.3586 -0.2737 -0.1361 0.2294 -0.0538 -0.3856 -0.3107 -0.2044 0.2719 0.0882 -0.3829 -0.3446 -0.2541 -0.0526 0.1780 -0.2341 -0.3739 -0.2915 -0.1728 0.2693 0.0355 -0.3913 -0.3290 -0.2333 0.1123 0.1405 -0.3260 -0.3638 -0.2782 -0.1464 0.2417 -0.0163 -0.3886 -0.3186 -0.2182 0.2206 0.1164 -0.3599 -0.3563 -0.2690 -0.1222 0.2192 -0.0755 -0.3848 -0.3103 -0.2054 0.2666 0.0955 -0.3776 -0.3407
-0.3722 0.0988 0.2620 -0.2074 -0.3115 -0.3854 -0.0651 0.2226 -0.1262 -0.2703 -0.3573 -0.3562 0.1196 0.2099 -0.2201 -0.3198 -0.3891 -0.0098 0.2445 -0.1489 -0.2792 -0.3645 -0.3219 0.1425 0.1026 -0.2343 -0.3295 -0.3913 0.0369 0.2698 -0.1731 -0.2915 -0.3739 -0.2363 0.1770 -0.0493 -0.2535 -0.3440 -0.3836 0.0863 0.2737 -0.2031 -0.3098 -0.3851 -0.0613 0.2269 -0.1340 -0.2740 -0.3607 -0.3597 0.0152 -0.3597 -0.3607 -0.2740 -0.1340 0.2269 -0.0613 -0.3851 -0.3098 -0.2031 0.2737 0.0863 -0.3836 -0.3440 -0.2535 -0.0493 0.1770 -0.2363 -0.3739 -0.2915 -0.1731 0.2698 0.0369 -0.3913 -0.3295 -0.2343 0.1026 0.1425 -0.3219 -0.3645 -0.2792 -0.1489 0.2445 -0.0098 -0.3891 -0.3198 -0.2201 0.2099 0.1196 -0.3562 -0.3573 -0.2703 -0.1262 0.2226 -0.0651 -0.3854 -0.3115 -0.2074 0.2620 0.0988 -0.3722
0.0996 0.2566 -0.2094 -0.3128 -0.3860 -0.0553 0.2259 -0.1300 -0.2716 -0.3584 -0.3523 0.1228 0.1982 -0.2220 -0.3211 -0.3896 -0.0033 0.2476 -0.1516 -0.2803 -0.3653 -0.3172 0.1447 0.0916 -0.2354 -0.3302 -0.3913 0.0389 0.2707 -0.1738 -0.2918 -0.3739 -0.2363 0.1767 -0.0475 -0.2531 -0.3436 -0.3842 0.0848 0.2750 -0.2020 -0.3090 -0.3847 -0.0683 0.2245 -0.1315 -0.2732 -0.3605 -0.3450 0.1151 0.2535 0.1151 -0.3450 -0.3605 -0.2732 -0.1315 0.2245 -0.0683 -0.3847 -0.3090 -0.2020 0.2750 0.0848 -0.3842 -0.3436 -0.2531 -0.0475 0.1767 -0.2363 -0.3739 -0.2918 -0.1738 0.2707 0.0389 -0.3913 -0.3302 -0.2354 0.0916 0.1447 -0.3172 -0.3653 -0.2803 -0.1516 0.2476 -0.0033 -0.3896 -0.3211 -0.2220 0.1982 0.1228 -0.3523 -0.3584 -0.2716 -0.1300 0.2259 -0.0553 -0.3860 -0.3128 -0.2094 0.2566 0.0996
0.2474 -0.2113 -0.3141 -0.3866 -0.0460 0.2293 -0.1336 -0.2729 -0.3595 -0.3481 0.1259 0.1855 -0.2239 -0.3223 -0.3900 0.0031 0.2508 -0.1544 -0.2816 -0.3662 -0.3116 0.1474 0.0789 -0.2367 -0.3310 -0.3913 0.0414 0.2718 -0.1749 -0.2923 -0.3742 -0.2341 0.1770 -0.0475 -0.2530 -0.3433 -0.3845 0.0836 0.2760 -0.2011 -0.3084 -0.3843 -0.0746 0.2223 -0.1290 -0.2724 -0.3599 -0.3437 0.1279 0.2222 -0.1616 0.2222 0.1279 -0.3437 -0.3599 -0.2724 -0.1290 0.2223 -0.0746 -0.3843 -0.3084 -0.2011 0.2760 0.0836 -0.3845 -0.3433 -0.2530 -0.0475 0.1770 -0.2341 -0.3742 -0.2923 -0.1749 0.2718 0.0414 -0.3913 -0.3310 -0.2367 0.0789 0.1474 -0.3116 -0.3662 -0.2816 -0.1544 0.2508 0.0031 -0.3900 -0.3223 -0.2239 0.1855 0.1259 -0.3481 -0.3595 -0.2729 -0.1336 0.2293 -0.0460 -0.3866 -0.3141 -0.2113 0.2474
-0.2070 -0.3153 -0.3872 -0.0372 0.2326 -0.1371 -0.2743 -0.3605 -0.3436 0.1291 0.1717 -0.2258 -0.3236 -0.3904 0.0090 0.2539 -0.1572 -0.2829 -0.3672 -0.3049 0.1503 0.0647 -0.2382 -0.3319 -0.3912 0.0442 0.2731 -0.1762 -0.2929 -0.3746 -0.2300 0.1780 -0.0493 -0.2531 -0.3433 -0.3847 0.0830 0.2766 -0.2003 -0.3079 -0.3840 -0.0800 0.2204 -0.1267 -0.2716 -0.3592 -0.3458 0.1293 0.1736 -0.2189 -0.2843 -0.2189 0.1736 0.1293 -0.3458 -0.3592 -0.2716 -0.1267 0.2204 -0.0800 -0.3840 -0.3079 -0.2003 0.2766 0.0830 -0.3847 -0.3433 -0.2531 -0.0493 0.1780 -0.2300 -0.3746 -0.2929 -0.1762 0.2731 0.0442 -0.3912 -0.3319 -0.2382 0.0647 0.1503 -0.3049 -0.3672 -0.2829 -0.1572 0.2539 0.0090 -0.3904 -0.3236 -0.2258 0.1717 0.1291 -0.3436 -0.3605 -0.2743 -0.1371 0.2326 -0.0372 -0.3872 -0.3153 -0.2070
-0.3080 -0.3878 -0.0289 0.2360 -0.1405 -0.2756 -0.3616 -0.3387 0.1323 0.1570 -0.2276 -0.3248 -0.3907 0.0147 0.2569 -0.1599 -0.2842 -0.3682 -0.2975 0.1535 0.0493 -0.2399 -0.3329 -0.3911 0.0474 0.2745 -0.1777 -0.2937 -0.3751 -0.2245 0.1794 -0.0526 -0.2535 -0.3436 -0.3845 0.0830 0.2768 -0.1999 -0.3075 -0.3838 -0.0843 0.2189 -0.1248 -0.2708 -0.3586 -0.3482 0.1281 0.1679 -0.2260 -0.3200 -0.3737 -0.3200 -0.2260 0.1679 0.1281 -0.3482 -0.3586 -0.2708 -0.1248 0.2189 -0.0843 -0.3838 -0.3075 -0.1999 0.2768 0.0830 -0.3845 -0.3436 -0.2535 -0.0526 0.1794 -0.2245 -0.3751 -0.2937 -0.1777 0.2745 0.0474 -0.3911 -0.3329 -0.2399 0.0493 0.1535 -0.2975 -0.3682 -0.2842 -0.1599 0.2569 0.0147 -0.3907 -0.3248 -0.2276 0.1570 0.1323 -0.3387 -0.3616 -0.2756 -0.1405 0.2360 -0.0289 -0.3878 -0.3080
-0.3817 -0.0211 0.2393 -0.1437 -0.2769 -0.3626 -0.3335 0.1355 0.1415 -0.2295 -0.3261 -0.3910 0.0202 0.2599 -0.1626 -0.2855 -0.3691 -0.2897 0.1569 0.0337 -0.2417 -0.3341 -0.3908 0.0509 0.2759 -0.1794 -0.2946 -0.3756 -0.2177 0.1811 -0.0569 -0.2541 -0.3440 -0.3842 0.0836 0.2766 -0.1999 -0.3074 -0.3836 -0.0874 0.2178 -0.1232 -0.2702 -0.3581 -0.3504 0.1266 0.1729 -0.2266 -0.3241 -0.3915 -0.2950 -0.3915 -0.3241 -0.2266 0.1729 0.1266 -0.3504 -0.3581 -0.2702 -0.1232 0.2178 -0.0874 -0.3836 -0.3074 -0.1999 0.2766 0.0836 -0.3842 -0.3440 -0.2541 -0.0569 0.1811 -0.2177 -0.3756 -0.2946 -0.1794 0.2759 0.0509 -0.3908 -0.3341 -0.2417 0.0337 0.1569 -0.2897 -0.3691 -0.2855 -0.1626 0.2599 0.0202 -0.3910 -0.3261 -0.2295 0.1415 0.1355 -0.3335 -0.3626 -0.2769 -0.1437 0.2393 -0.0211 -0.3817
-0.0190 0.2426 -0.1468 -0.2782 -0.3636 -0.3279 0.1387 0.1253 -0.2314 -0.3273 -0.3911 0.0253 0.2627 -0.1652 -0.2868 -0.3701 -0.2813 0.1603 0.0188 -0.2436 -0.3353 -0.3905 0.0546 0.2773 -0.1813 -0.2956 -0.3763 -0.2099 0.1831 -0.0616 -0.2548 -0.3446 -0.3836 0.0848 0.2760 -0.2003 -0.3075 -0.3836 -0.0885 0.2171 -0.1221 -0.2698 -0.3576 -0.3523 0.1251 0.1791 -0.2260 -0.3245 -0.3905 -0.0128 0.1516 -0.0128 -0.3905 -0.3245 -0.2260 0.1791 0.1251 -0.3523 -0.3576 -0.2698 -0.1221 0.2171 -0.0885 -0.3836 -0.3075 -0.2003 0.2760 0.0848 -0.3836 -0.3446 -0.2548 -0.0616 0.1831 -0.2099 -0.3763 -0.2956 -0.1813 0.2773 0.0546 -0.3905 -0.3353 -0.2436 0.0188 0.1603 -0.2813 -0.3701 -0.2868 -0.1652 0.2627 0.0253 -0.3911 -0.3273 -0.2314 0.1253 0.1387 -0.3279 -0.3636 -0.2782 -0.1468 0.2426 -0.0190
0.2442 -0.1499 -0.2795 -0.3647 -0.3220 0.1419 0.1087 -0.2332 -0.3285 -0.3913 0.0303 0.2654 -0.1678 -0.2881 -0.3710 -0.2725 0.1636 0.0050 -0.2454 -0.3365 -0.3901 0.0584 0.2785 -0.1833 -0.2967 -0.3769 -0.2010 0.1854 -0.0666 -0.2556 -0.3452 -0.3829 0.0863 0.2750 -0.2011 -0.3079 -0.3838 -0.0874 0.2171 -0.1217 -0.2695 -0.3573 -0.3537 0.1238 0.1847 -0.2253 -0.3241 -0.3907 0.0124 0.2426 0.0468 0.2426 0.0124 -0.3907 -0.3241 -0.2253 0.1847 0.1238 -0.3537 -0.3573 -0.2695 -0.1217 0.2171 -0.0874 -0.3838 -0.3079 -0.2011 0.2750 0.0863 -0.3829 -0.3452 -0.2556 -0.0666 0.1854 -0.2010 -0.3769 -0.2967 -0.1833 0.2785 0.0584 -0.3901 -0.3365 -0.2454 0.0050 0.1636 -0.2725 -0.3710 -0.2881 -0.1678 0.2654 0.0303 -0.3913 -0.3285 -0.2332 0.1087 0.1419 -0.3220 -0.3647 -0.2795 -0.1499 0.2442
-0.1498 -0.2809 -0.3657 -0.3156 0.1451 0.0917 -0.2351 -0.3298 -0.3913 0.0350 0.2680 -0.1703 -0.2894 -0.3720 -0.2632 0.1667 -0.0079 -0.2471 -0.3377 -0.3895 0.0623 0.2796 -0.1855 -0.2979 -0.3777 -0.1907 0.1880 -0.0721 -0.2566 -0.3460 -0.3819 0.0882 0.2737 -0.2020 -0.3084 -0.3840 -0.0843 0.2178 -0.1221 -0.2695 -0.3572 -0.3545 0.1230 0.1893 -0.2246 -0.3237 -0.3906 0.0157 0.2565 -0.1484 -0.2410 -0.1484 0.2565 0.0157 -0.3906 -0.3237 -0.2246 0.1893 0.1230 -0.3545 -0.3572 -0.2695 -0.1221 0.2178 -0.0843 -0.3840 -0.3084 -0.2020 0.2737 0.0882 -0.3819 -0.3460 -0.2566 -0.0721 0.1880 -0.1907 -0.3777 -0.2979 -0.1855 0.2796 0.0623 -0.3895 -0.3377 -0.2471 -0.0079 0.1667 -0.2632 -0.3720 -0.2894 -0.1703 0.2680 0.0350 -0.3913 -0.3298 -0.2351 0.0917 0.1451 -0.3156 -0.3657 -0.2809 -0.1498
-0.2733 -0.3667 -0.3089 0.1484 0.0748 -0.2370 -0.3310 -0.3913 0.0396 0.2704 -0.1727 -0.2907 -0.3729 -0.2535 0.1699 -0.0198 -0.2486 -0.3389 -0.3889 0.0660 0.2803 -0.1877 -0.2992 -0.3785 -0.1791 0.1909 -0.0780 -0.2576 -0.3468 -0.3808 0.0903 0.2719 -0.2031 -0.3090 -0.3843 -0.0800 0.2189 -0.1232 -0.2698 -0.3573 -0.3545 0.1226 0.1918 -0.2241 -0.3233 -0.3905 0.0148 0.2583 -0.1603 -0.2795 -0.3366 -0.2795 -0.1603 0.2583 0.0148 -0.3905 -0.3233 -0.2241 0.1918 0.1226 -0.3545 -0.3573 -0.2698 -0.1232 0.2189 -0.0800 -0.3843 -0.3090 -0.2031 0.2719 0.0903 -0.3808 -0.3468 -0.2576 -0.0780 0.1909 -0.1791 -0.3785 -0.2992 -0.1877 0.2803 0.0660 -0.3889 -0.3389 -0.2486 -0.0198 0.1699 -0.2535 -0.3729 -0.2907 -0.1727 0.2704 0.0396 -0.3913 -0.3310 -0.2370 0.0748 0.1484 -0.3089 -0.3667 -0.2733
-0.3598 -0.3017 0.1517 0.0582 -0.2388 -0.3322 -0.3912 0.0439 0.2726 -0.1751 -0.2920 -0.3738 -0.2433 0.1730 -0.0308 -0.2499 -0.3401 -0.3881 0.0697 0.2806 -0.1898 -0.3005 -0.3793 -0.1667 0.1940 -0.0842 -0.2589 -0.3478 -0.3794 0.0928 0.2695 -0.2044 -0.3098 -0.3847 -0.0746 0.2204 -0.1248 -0.2702 -0.3576 -0.3537 0.1230 0.1918 -0.2239 -0.3230 -0.3904 0.0135 0.2580 -0.1620 -0.2848 -0.3677 -0.3964 -0.3677 -0.2848 -0.1620 0.2580 0.0135 -0.3904 -0.3230 -0.2239 0.1918 0.1230 -0.3537 -0.3576 -0.2702 -0.1248 0.2204 -0.0746 -0.3847 -0.3098 -0.2044 0.2695 0.0928 -0.3794 -0.3478 -0.2589 -0.0842 0.1940 -0.1667 -0.3793 -0.3005 -0.1898 0.2806 0.0697 -0.3881 -0.3401 -0.2499 -0.0308 0.1730 -0.2433 -0.3738 -0.2920 -0.1751 0.2726 0.0439 -0.3912 -0.3322 -0.2388 0.0582 0.1517 -0.3017 -0.3598
-0.2962 0.1551 0.0422 -0.2407 -0.3334 -0.3910 0.0482 0.2746 -0.1774 -0.2933 -0.3747 -0.2326 0.1762 -0.0409 -0.2513 -0.3413 -0.3872 0.0732 0.2805 -0.1919 -0.3018 -0.3801 -0.1541 0.1973 -0.0902 -0.2602 -0.3489 -0.3777 0.0956 0.2663 -0.2059 -0.3107 -0.3851 -0.0683 0.2223 -0.1267 -0.2708 -0.3581 -0.3523 0.1238 0.1893 -0.2241 -0.3230 -0.3904 0.0125 0.2575 -0.1620 -0.2857 -0.3695 -0.3190 0.0534 -0.3190 -0.3695 -0.2857 -0.1620 0.2575 0.0125 -0.3904 -0.3230 -0.2241 0.1893 0.1238 -0.3523 -0.3581 -0.2708 -0.1267 0.2223 -0.0683 -0.3851 -0.3107 -0.2059 0.2663 0.0956 -0.3777 -0.3489 -0.2602 -0.0902 0.1973 -0.1541 -0.3801 -0.3018 -0.1919 0.2805 0.0732 -0.3872 -0.3413 -0.2513 -0.0409 0.1762 -0.2326 -0.3747 -0.2933 -0.1774 0.2746 0.0482 -0.3910 -0.3334 -0.2407 0.0422 0.1551 -0.2962
0.1565 0.0269 -0.2426 -0.3346 -0.3907 0.0523 0.2763 -0.1797 -0.2946 -0.3755 -0.2215 0.1794 -0.0501 -0.2527 -0.3425 -0.3862 0.0768 0.2800 -0.1940 -0.3031 -0.3808 -0.1415 0.2006 -0.0959 -0.2615 -0.3500 -0.3756 0.0986 0.2621 -0.2075 -0.3117 -0.3856 -0.0613 0.2245 -0.1290 -0.2716 -0.3586 -0.3504 0.1251 0.1847 -0.2246 -0.3233 -0.3904 0.0125 0.2573 -0.1617 -0.2857 -0.3697 -0.2890 0.1422 0.2748 0.1422 -0.2890 -0.3697 -0.2857 -0.1617 0.2573 0.0125 -0.3904 -0.3233 -0.2246 0.1847 0.1251 -0.3504 -0.3586 -0.2716 -0.1290 0.2245 -0.0613 -0.3856 -0.3117 -0.2075 0.2621 0.0986 -0.3756 -0.3500 -0.2615 -0.0959 0.2006 -0.1415 -0.3808 -0.3031 -0.1940 0.2800 0.0768 -0.3862 -0.3425 -0.2527 -0.0501 0.1794 -0.2215 -0.3755 -0.2946 -0.1797 0.2763 0.0523 -0.3907 -0.3346 -0.2426 0.0269 0.1565
0.0121 -0.2444 -0.3358 -0.3903 0.0563 0.2778 -0.1820 -0.2959 -0.3764 -0.2100 0.1825 -0.0586 -0.2540 -0.3436 -0.3850 0.0802 0.2789 -0.1961 -0.3044 -0.3816 -0.1291 0.2039 -0.1012 -0.2628 -0.3512 -0.3733 0.1018 0.2569 -0.2093 -0.3128 -0.3861 -0.0538 0.2269 -0.1315 -0.2724 -0.3592 -0.3482 0.1266 0.1791 -0.2253 -0.3237 -0.3905 0.0135 0.2575 -0.1617 -0.2857 -0.3698 -0.2820 0.1577 0.0940 -0.1849 0.0940 0.1577 -0.2820 -0.3698 -0.2857 -0.1617 0.2575 0.0135 -0.3905 -0.3237 -0.2253 0.1791 0.1266 -0.3482 -0.3592 -0.2724 -0.1315 0.2269 -0.0538 -0.3861 -0.3128 -0.2093 0.2569 0.1018 -0.3733 -0.3512 -0.2628 -0.1012 0.2039 -0.1291 -0.3816 -0.3044 -0.1961 0.2789 0.0802 -0.3850 -0.3436 -0.2540 -0.0586 0.1825 -0.2100 -0.3764 -0.2959 -0.1820 0.2778 0.0563 -0.3903 -0.3358 -0.2444 0.0121
-0.2367 -0.3370 -0.3899 0.0600 0.2790 -0.1841 -0.2972 -0.3772 -0.1988 0.1856 -0.0661 -0.2553 -0.3448 -0.3838 0.0834 0.2775 -0.1981 -0.3056 -0.3823 -0.1174 0.2070 -0.1060 -0.2641 -0.3522 -0.3710 0.1048 0.2511 -0.2111 -0.3140 -0.3866 -0.0464 0.2294 -0.1340 -0.2732 -0.3599 -0.3458 0.1281 0.1729 -0.2260 -0.3241 -0.3906 0.0148 0.2580 -0.1620 -0.2857 -0.3698 -0.2809 0.1612 0.0216 -0.2364 -0.2966 -0.2364 0.0216 0.1612 -0.2809 -0.3698 -0.2857 -0.1620 0.2580 0.0148 -0.3906 -0.3241 -0.2260 0.1729 0.1281 -0.3458 -0.3599 -0.2732 -0.1340 0.2294 -0.0464 -0.3866 -0.3140 -0.2111 0.2511 0.1048 -0.3710 -0.3522 -0.2641 -0.1060 0.2070 -0.1174 -0.3823 -0.3056 -0.1981 0.2775 0.0834 -0.3838 -0.3448 -0.2553 -0.0661 0.1856 -0.1988 -0.3772 -0.2972 -0.1841 0.2790 0.0600 -0.3899 -0.3370 -0.2367
-0.3296 -0.3894 0.0628 0.2797 -0.1858 -0.2982 -0.3779 -0.1897 0.1880 -0.0716 -0.2563 -0.3457 -0.3827 0.0859 0.2760 -0.1996 -0.3066 -0.3829 -0.1084 0.2095 -0.1096 -0.2651 -0.3532 -0.3689 0.1072 0.2459 -0.2126 -0.3149 -0.3871 -0.0403 0.2315 -0.1361 -0.2740 -0.3605 -0.3437 0.1293 0.1679 -0.2266 -0.3245 -0.3907 0.0157 0.2583 -0.1620 -0.2857 -0.3697 -0.2820 0.1612 0.0111 -0.2439 -0.3320 -0.3830 -0.3320 -0.2439 0.0111 0.1612 -0.2820 -0.3697 -0.2857 -0.1620 0.2583 0.0157 -0.3907 -0.3245 -0.2266 0.1679 0.1293 -0.3437 -0.3605 -0.2740 -0.1361 0.2315 -0.0403 -0.3871 -0.3149 -0.2126 0.2459 0.1072 -0.3689 -0.3532 -0.2651 -0.1096 0.2095 -0.1084 -0.3829 -0.3066 -0.1996 0.2760 0.0859 -0.3827 -0.3457 -0.2563 -0.0716 0.1880 -0.1897 -0.3779 -0.2982 -0.1858 0.2797 0.0628 -0.3894 -0.3296
-0.3843 0.0622 0.2797 -0.1856 -0.2981 -0.3783 -0.1911 0.1876 -0.0708 -0.2561 -0.3459 -0.3828 0.0853 0.2763 -0.1995 -0.3066 -0.3832 -0.1098 0.2091 -0.1090 -0.2650 -0.3534 -0.3692 0.1066 0.2469 -0.2125 -0.3150 -0.3872 -0.0413 0.2310 -0.1355 -0.2737 -0.3607 -0.3450 0.1279 0.1736 -0.2260 -0.3241 -0.3905 0.0124 0.2565 -0.1603 -0.2848 -0.3695 -0.2890 0.1577 0.0216 -0.2439 -0.3354 -0.3928 -0.2107 -0.3928 -0.3354 -0.2439 0.0216 0.1577 -0.2890 -0.3695 -0.2848 -0.1603 0.2565 0.0124 -0.3905 -0.3241 -0.2260 0.1736 0.1279 -0.3450 -0.3607 -0.2737 -0.1355 0.2310 -0.0413 -0.3872 -0.3150 -0.2125 0.2469 0.1066 -0.3692 -0.3534 -0.2650 -0.1090 0.2091 -0.1098 -0.3832 -0.3066 -0.1995 0.2763 0.0853 -0.3828 -0.3459 -0.2561 -0.0708 0.1876 -0.1911 -0.3783 -0.2981 -0.1856 0.2797 0.0622 -0.3843
0.0439 0.2744 -0.1772 -0.2936 -0.3779 -0.2330 0.1731 -0.0382 -0.2509 -0.3430 -0.3876 0.0723 0.2809 -0.1919 -0.3023 -0.3834 -0.1548 0.1943 -0.0887 -0.2599 -0.3510 -0.3776 0.0942 0.2684 -0.2054 -0.3109 -0.3879 -0.0768 0.2165 -0.1211 -0.2687 -0.3586 -0.3597 0.1151 0.2222 -0.2189 -0.3200 -0.3915 -0.0128 0.2426 -0.1484 -0.2795 -0.3677 -0.3190 0.1422 0.0940 -0.2365 -0.3320 -0.3928 0.0142 0.1622 0.0142 -0.3928 -0.3320 -0.2364 0.0940 0.1422 -0.3190 -0.3677 -0.2795 -0.1484 0.2426 -0.0128 -0.3915 -0.3200 -0.2189 0.2222 0.1151 -0.3597 -0.3586 -0.2687 -0.1211 0.2165 -0.0768 -0.3879 -0.3109 -0.2054 0.2684 0.0942 -0.3776 -0.3510 -0.2599 -0.0887 0.1943 -0.1548 -0.3834 -0.3023 -0.1919 0.2809 0.0723 -0.3876 -0.3430 -0.2509 -0.0382 0.1731 -0.2330 -0.3779 -0.2936 -0.1772 0.2744 0.0439
0.1873 -0.0777 -0.2571 -0.3503 -0.3851 0.0889 0.2734 -0.2056 -0.3089 -0.3904 -0.0920 0.2098 -0.1141 -0.2661 -0.3583 -0.3687 0.1093 0.2406 -0.2172 -0.3176 -0.3945 -0.0286 0.2319 -0.1403 -0.2750 -0.3660 -0.3415 0.1292 0.1677 -0.2284 -0.3263 -0.3971 0.0152 0.2535 -0.1616 -0.2843 -0.3737 -0.2950 0.1516 0.0468 -0.2410 -0.3366 -0.3964 0.0534 0.2748 -0.1849 -0.2966 -0.3830 -0.2107 0.1622 0.2775 0.1622 -0.2107 -0.3830 -0.2966 -0.1849 0.2748 0.0534 -0.3964 -0.3366 -0.2410 0.0468 0.1516 -0.2950 -0.3737 -0.2843 -0.1616 0.2535 0.0152 -0.3971 -0.3263 -0.2284 0.1677 0.1292 -0.3415 -0.3660 -0.2750 -0.1403 0.2319 -0.0286 -0.3945 -0.3176 -0.2172 0.2406 0.1093 -0.3687 -0.3583 -0.2661 -0.1141 0.2098 -0.0920 -0.3904 -0.3089 -0.2056 0.2734 0.0889 -0.3851 -0.3503 -0.2571 -0.0777 0.1873
