0.0324 0.4995 1.0000 0.0001 0.0008 0.0123 0.1833 1.0000 1.0000 0.0003 0.0045 0.0665 0.9887 1.0000 0.0001 0.0016 0.0241 0.3581 1.0000 0.0000 0.0006 0.0087 0.1297 1.0000 1.0000 0.0002 0.0032 0.0470 0.6981 1.0000 0.0001 0.0011 0.0170 0.2528 1.0000 1.0000 0.0004 0.0062 0.0916 1.0000 1.0000 0.0002 0.0022 0.0332 0.4929 1.0000 0.0001 0.0008 0.0114 0.1410 0.7461 0.1410 0.0114 0.0008 0.0001 1.0000 0.4929 0.0332 0.0022 0.0002 1.0000 1.0000 0.0916 0.0062 0.0004 1.0000 1.0000 0.2528 0.0170 0.0011 0.0001 1.0000 0.6981 0.0470 0.0032 0.0002 1.0000 1.0000 0.1297 0.0087 0.0006 0.0000 1.0000 0.3581 0.0241 0.0016 0.0001 1.0000 0.9887 0.0665 0.0045 0.0003 1.0000 1.0000 0.1833 0.0123 0.0008 0.0001 1.0000 0.4995 0.0324
0.4995 1.0000 0.0001 0.0008 0.0122 0.1816 1.0000 1.0000 0.0003 0.0044 0.0658 0.9774 1.0000 0.0001 0.0016 0.0238 0.3540 1.0000 0.0000 0.0006 0.0086 0.1282 1.0000 1.0000 0.0002 0.0031 0.0464 0.6901 1.0000 0.0001 0.0011 0.0168 0.2500 1.0000 1.0000 0.0004 0.0061 0.0905 1.0000 1.0000 0.0001 0.0022 0.0328 0.4873 1.0000 0.0001 0.0008 0.0117 0.1673 1.0000 1.0000 1.0000 0.1673 0.0117 0.0008 0.0001 1.0000 0.4873 0.0328 0.0022 0.0001 1.0000 1.0000 0.0905 0.0061 0.0004 1.0000 1.0000 0.2500 0.0168 0.0011 0.0001 1.0000 0.6901 0.0464 0.0031 0.0002 1.0000 1.0000 0.1282 0.0086 0.0006 0.0000 1.0000 0.3540 0.0238 0.0016 0.0001 1.0000 0.9774 0.0658 0.0044 0.0003 1.0000 1.0000 0.1816 0.0122 0.0008 0.0001 1.0000 0.4995
1.0000 0.0001 0.0008 0.0119 0.1765 1.0000 1.0000 0.0003 0.0043 0.0634 0.9427 1.0000 0.0001 0.0015 0.0229 0.3408 1.0000 1.0000 0.0006 0.0083 0.1234 1.0000 1.0000 0.0002 0.0030 0.0447 0.6644 1.0000 0.0001 0.0011 0.0162 0.2406 1.0000 1.0000 0.0004 0.0059 0.0872 1.0000 1.0000 0.0001 0.0021 0.0316 0.4691 1.0000 0.0001 0.0008 0.0114 0.1680 1.0000 1.0000 0.0001 1.0000 1.0000 0.1680 0.0114 0.0008 0.0001 1.0000 0.4691 0.0316 0.0021 0.0001 1.0000 1.0000 0.0872 0.0059 0.0004 1.0000 1.0000 0.2406 0.0162 0.0011 0.0001 1.0000 0.6644 0.0447 0.0030 0.0002 1.0000 1.0000 0.1234 0.0083 0.0006 1.0000 1.0000 0.3408 0.0229 0.0015 0.0001 1.0000 0.9427 0.0634 0.0043 0.0003 1.0000 1.0000 0.1765 0.0119 0.0008 0.0001 1.0000
0.0001 0.0008 0.0119 0.1742 1.0000 1.0000 0.0003 0.0041 0.0613 0.9093 1.0000 0.0001 0.0015 0.0221 0.3281 1.0000 1.0000 0.0005 0.0080 0.1188 1.0000 1.0000 0.0002 0.0029 0.0430 0.6396 1.0000 0.0001 0.0010 0.0156 0.2317 1.0000 1.0000 0.0004 0.0056 0.0839 1.0000 1.0000 0.0001 0.0020 0.0304 0.4516 1.0000 0.0000 0.0007 0.0110 0.1633 1.0000 1.0000 0.0002 0.0011 0.0002 1.0000 1.0000 0.1633 0.0110 0.0007 0.0000 1.0000 0.4516 0.0304 0.0020 0.0001 1.0000 1.0000 0.0839 0.0056 0.0004 1.0000 1.0000 0.2317 0.0156 0.0010 0.0001 1.0000 0.6396 0.0430 0.0029 0.0002 1.0000 1.0000 0.1188 0.0080 0.0005 1.0000 1.0000 0.3281 0.0221 0.0015 0.0001 1.0000 0.9093 0.0613 0.0041 0.0003 1.0000 1.0000 0.1742 0.0119 0.0008 0.0001
0.0008 0.0122 0.1765 1.0000 1.0000 0.0003 0.0040 0.0596 0.8804 1.0000 0.0001 0.0014 0.0213 0.3164 1.0000 1.0000 0.0005 0.0077 0.1144 1.0000 1.0000 0.0002 0.0028 0.0414 0.6157 1.0000 0.0001 0.0010 0.0150 0.2230 1.0000 1.0000 0.0004 0.0054 0.0808 1.0000 1.0000 0.0001 0.0020 0.0293 0.4347 1.0000 0.0000 0.0007 0.0106 0.1575 1.0000 1.0000 0.0002 0.0030 0.0159 0.0030 0.0002 1.0000 1.0000 0.1575 0.0106 0.0007 0.0000 1.0000 0.4347 0.0293 0.0020 0.0001 1.0000 1.0000 0.0808 0.0054 0.0004 1.0000 1.0000 0.2230 0.0150 0.0010 0.0001 1.0000 0.6157 0.0414 0.0028 0.0002 1.0000 1.0000 0.1144 0.0077 0.0005 1.0000 1.0000 0.3164 0.0213 0.0014 0.0001 1.0000 0.8804 0.0596 0.0040 0.0003 1.0000 1.0000 0.1765 0.0122 0.0008
0.0123 0.1816 1.0000 1.0000 0.0003 0.0040 0.0587 0.8621 1.0000 0.0001 0.0014 0.0206 0.3058 1.0000 1.0000 0.0005 0.0074 0.1101 1.0000 1.0000 0.0002 0.0027 0.0399 0.5927 1.0000 0.0001 0.0010 0.0144 0.2147 1.0000 1.0000 0.0004 0.0052 0.0778 1.0000 1.0000 0.0001 0.0019 0.0282 0.4185 1.0000 0.0000 0.0007 0.0102 0.1516 1.0000 1.0000 0.0002 0.0035 0.0435 0.2273 0.0435 0.0035 0.0002 1.0000 1.0000 0.1516 0.0102 0.0007 0.0000 1.0000 0.4185 0.0282 0.0019 0.0001 1.0000 1.0000 0.0778 0.0052 0.0004 1.0000 1.0000 0.2147 0.0144 0.0010 0.0001 1.0000 0.5927 0.0399 0.0027 0.0002 1.0000 1.0000 0.1101 0.0074 0.0005 1.0000 1.0000 0.3058 0.0206 0.0014 0.0001 1.0000 0.8621 0.0587 0.0040 0.0003 1.0000 1.0000 0.1816 0.0123
0.1833 1.0000 1.0000 0.0003 0.0040 0.0587 0.8572 1.0000 0.0001 0.0014 0.0200 0.2966 1.0000 1.0000 0.0005 0.0071 0.1062 1.0000 1.0000 0.0002 0.0026 0.0384 0.5706 1.0000 0.0001 0.0009 0.0139 0.2067 1.0000 1.0000 0.0003 0.0050 0.0749 1.0000 1.0000 0.0001 0.0018 0.0271 0.4029 1.0000 0.0000 0.0007 0.0098 0.1459 1.0000 1.0000 0.0002 0.0035 0.0501 0.6228 1.0000 0.6228 0.0501 0.0035 0.0002 1.0000 1.0000 0.1459 0.0098 0.0007 0.0000 1.0000 0.4029 0.0271 0.0018 0.0001 1.0000 1.0000 0.0749 0.0050 0.0003 1.0000 1.0000 0.2067 0.0139 0.0009 0.0001 1.0000 0.5706 0.0384 0.0026 0.0002 1.0000 1.0000 0.1062 0.0071 0.0005 1.0000 1.0000 0.2966 0.0200 0.0014 0.0001 1.0000 0.8572 0.0587 0.0040 0.0003 1.0000 1.0000 0.1833
1.0000 1.0000 0.0003 0.0041 0.0596 0.8621 1.0000 0.0001 0.0013 0.0197 0.2899 1.0000 1.0000 0.0005 0.0069 0.1026 1.0000 1.0000 0.0002 0.0025 0.0370 0.5493 1.0000 0.0001 0.0009 0.0134 0.1990 1.0000 1.0000 0.0003 0.0048 0.0721 1.0000 1.0000 0.0001 0.0018 0.0261 0.3879 1.0000 0.0000 0.0006 0.0095 0.1405 1.0000 1.0000 0.0002 0.0034 0.0503 0.7169 1.0000 1.0000 1.0000 0.7169 0.0503 0.0034 0.0002 1.0000 1.0000 0.1405 0.0095 0.0006 0.0000 1.0000 0.3879 0.0261 0.0018 0.0001 1.0000 1.0000 0.0721 0.0048 0.0003 1.0000 1.0000 0.1990 0.0134 0.0009 0.0001 1.0000 0.5493 0.0370 0.0025 0.0002 1.0000 1.0000 0.1026 0.0069 0.0005 1.0000 1.0000 0.2899 0.0197 0.0013 0.0001 1.0000 0.8621 0.0596 0.0041 0.0003 1.0000 1.0000
1.0000 0.0003 0.0043 0.0613 0.8804 1.0000 0.0001 0.0013 0.0196 0.2861 1.0000 1.0000 0.0005 0.0067 0.0996 1.0000 1.0000 0.0002 0.0024 0.0357 0.5298 1.0000 0.0001 0.0009 0.0129 0.1915 1.0000 1.0000 0.0003 0.0047 0.0694 1.0000 1.0000 0.0001 0.0017 0.0251 0.3734 1.0000 0.0000 0.0006 0.0091 0.1352 1.0000 1.0000 0.0002 0.0033 0.0489 0.7196 1.0000 0.0001 0.0003 0.0001 1.0000 0.7196 0.0489 0.0033 0.0002 1.0000 1.0000 0.1352 0.0091 0.0006 0.0000 1.0000 0.3734 0.0251 0.0017 0.0001 1.0000 1.0000 0.0694 0.0047 0.0003 1.0000 1.0000 0.1915 0.0129 0.0009 0.0001 1.0000 0.5298 0.0357 0.0024 0.0002 1.0000 1.0000 0.0996 0.0067 0.0005 1.0000 1.0000 0.2861 0.0196 0.0013 0.0001 1.0000 0.8804 0.0613 0.0043 0.0003 1.0000
0.0003 0.0044 0.0634 0.9093 1.0000 0.0001 0.0014 0.0197 0.2861 1.0000 1.0000 0.0004 0.0066 0.0971 1.0000 1.0000 0.0002 0.0023 0.0345 0.5110 1.0000 0.0001 0.0008 0.0124 0.1844 1.0000 1.0000 0.0003 0.0045 0.0668 0.9924 1.0000 0.0001 0.0016 0.0242 0.3595 1.0000 0.0000 0.0006 0.0088 0.1302 1.0000 1.0000 0.0002 0.0032 0.0472 0.6994 1.0000 0.0001 0.0009 0.0048 0.0009 0.0001 1.0000 0.6994 0.0472 0.0032 0.0002 1.0000 1.0000 0.1302 0.0088 0.0006 0.0000 1.0000 0.3595 0.0242 0.0016 0.0001 1.0000 0.9924 0.0668 0.0045 0.0003 1.0000 1.0000 0.1844 0.0124 0.0008 0.0001 1.0000 0.5110 0.0345 0.0023 0.0002 1.0000 1.0000 0.0971 0.0066 0.0004 1.0000 1.0000 0.2861 0.0197 0.0014 0.0001 1.0000 0.9093 0.0634 0.0044 0.0003
0.0045 0.0658 0.9427 1.0000 0.0001 0.0014 0.0200 0.2899 1.0000 1.0000 0.0004 0.0065 0.0957 1.0000 1.0000 0.0002 0.0023 0.0334 0.4948 1.0000 0.0001 0.0008 0.0120 0.1778 1.0000 1.0000 0.0003 0.0043 0.0643 0.9554 1.0000 0.0001 0.0016 0.0233 0.3460 1.0000 1.0000 0.0006 0.0084 0.1253 1.0000 1.0000 0.0002 0.0031 0.0454 0.6746 1.0000 0.0001 0.0010 0.0130 0.0681 0.0130 0.0010 0.0001 1.0000 0.6746 0.0454 0.0031 0.0002 1.0000 1.0000 0.1253 0.0084 0.0006 1.0000 1.0000 0.3460 0.0233 0.0016 0.0001 1.0000 0.9554 0.0643 0.0043 0.0003 1.0000 1.0000 0.1778 0.0120 0.0008 0.0001 1.0000 0.4948 0.0334 0.0023 0.0002 1.0000 1.0000 0.0957 0.0065 0.0004 1.0000 1.0000 0.2899 0.0200 0.0014 0.0001 1.0000 0.9427 0.0658 0.0045
0.0665 0.9774 1.0000 0.0001 0.0014 0.0206 0.2966 1.0000 1.0000 0.0004 0.0065 0.0951 1.0000 1.0000 0.0001 0.0022 0.0326 0.4818 1.0000 0.0001 0.0008 0.0116 0.1715 1.0000 1.0000 0.0003 0.0042 0.0619 0.9197 1.0000 0.0001 0.0015 0.0224 0.3331 1.0000 1.0000 0.0005 0.0081 0.1207 1.0000 1.0000 0.0002 0.0029 0.0437 0.6494 1.0000 0.0001 0.0011 0.0150 0.1865 0.9737 0.1865 0.0150 0.0011 0.0001 1.0000 0.6494 0.0437 0.0029 0.0002 1.0000 1.0000 0.1207 0.0081 0.0005 1.0000 1.0000 0.3331 0.0224 0.0015 0.0001 1.0000 0.9197 0.0619 0.0042 0.0003 1.0000 1.0000 0.1715 0.0116 0.0008 0.0001 1.0000 0.4818 0.0326 0.0022 0.0001 1.0000 1.0000 0.0951 0.0065 0.0004 1.0000 1.0000 0.2966 0.0206 0.0014 0.0001 1.0000 0.9774 0.0665
0.9887 1.0000 0.0001 0.0015 0.0213 0.3058 1.0000 1.0000 0.0005 0.0066 0.0957 1.0000 1.0000 0.0001 0.0022 0.0320 0.4709 1.0000 0.0001 0.0008 0.0112 0.1661 1.0000 1.0000 0.0003 0.0040 0.0596 0.8854 1.0000 0.0001 0.0015 0.0216 0.3207 1.0000 1.0000 0.0005 0.0078 0.1162 1.0000 1.0000 0.0002 0.0028 0.0421 0.6252 1.0000 0.0001 0.0010 0.0151 0.2147 1.0000 1.0000 1.0000 0.2147 0.0151 0.0010 0.0001 1.0000 0.6252 0.0421 0.0028 0.0002 1.0000 1.0000 0.1162 0.0078 0.0005 1.0000 1.0000 0.3207 0.0216 0.0015 0.0001 1.0000 0.8854 0.0596 0.0040 0.0003 1.0000 1.0000 0.1661 0.0112 0.0008 0.0001 1.0000 0.4709 0.0320 0.0022 0.0001 1.0000 1.0000 0.0957 0.0066 0.0005 1.0000 1.0000 0.3058 0.0213 0.0015 0.0001 1.0000 0.9887
1.0000 0.0001 0.0015 0.0221 0.3164 1.0000 1.0000 0.0005 0.0067 0.0971 1.0000 1.0000 0.0001 0.0022 0.0316 0.4638 1.0000 0.0001 0.0007 0.0109 0.1614 1.0000 1.0000 0.0003 0.0039 0.0575 0.8540 1.0000 0.0001 0.0014 0.0208 0.3087 1.0000 1.0000 0.0005 0.0075 0.1118 1.0000 1.0000 0.0002 0.0027 0.0405 0.6018 1.0000 0.0001 0.0010 0.0146 0.2155 1.0000 1.0000 0.0001 1.0000 1.0000 0.2155 0.0146 0.0010 0.0001 1.0000 0.6018 0.0405 0.0027 0.0002 1.0000 1.0000 0.1118 0.0075 0.0005 1.0000 1.0000 0.3087 0.0208 0.0014 0.0001 1.0000 0.8540 0.0575 0.0039 0.0003 1.0000 1.0000 0.1614 0.0109 0.0007 0.0001 1.0000 0.4638 0.0316 0.0022 0.0001 1.0000 1.0000 0.0971 0.0067 0.0005 1.0000 1.0000 0.3164 0.0221 0.0015 0.0001 1.0000
0.0001 0.0016 0.0229 0.3281 1.0000 1.0000 0.0005 0.0069 0.0996 1.0000 1.0000 0.0001 0.0022 0.0316 0.4620 1.0000 0.0000 0.0007 0.0107 0.1578 1.0000 1.0000 0.0003 0.0038 0.0556 0.8252 1.0000 0.0001 0.0013 0.0200 0.2972 1.0000 1.0000 0.0005 0.0072 0.1076 1.0000 1.0000 0.0002 0.0026 0.0390 0.5794 1.0000 0.0001 0.0010 0.0141 0.2094 1.0000 1.0000 0.0003 0.0014 0.0003 1.0000 1.0000 0.2094 0.0141 0.0010 0.0001 1.0000 0.5794 0.0390 0.0026 0.0002 1.0000 1.0000 0.1076 0.0072 0.0005 1.0000 1.0000 0.2972 0.0200 0.0013 0.0001 1.0000 0.8252 0.0556 0.0038 0.0003 1.0000 1.0000 0.1578 0.0107 0.0007 0.0000 1.0000 0.4620 0.0316 0.0022 0.0001 1.0000 1.0000 0.0996 0.0069 0.0005 1.0000 1.0000 0.3281 0.0229 0.0016 0.0001
0.0016 0.0238 0.3408 1.0000 1.0000 0.0005 0.0071 0.1026 1.0000 1.0000 0.0002 0.0022 0.0320 0.4638 1.0000 0.0000 0.0007 0.0106 0.1551 1.0000 1.0000 0.0002 0.0037 0.0541 0.8005 1.0000 0.0001 0.0013 0.0193 0.2867 1.0000 1.0000 0.0005 0.0070 0.1036 1.0000 1.0000 0.0002 0.0025 0.0375 0.5577 1.0000 0.0001 0.0009 0.0136 0.2020 1.0000 1.0000 0.0003 0.0039 0.0204 0.0039 0.0003 1.0000 1.0000 0.2020 0.0136 0.0009 0.0001 1.0000 0.5577 0.0375 0.0025 0.0002 1.0000 1.0000 0.1036 0.0070 0.0005 1.0000 1.0000 0.2867 0.0193 0.0013 0.0001 1.0000 0.8005 0.0541 0.0037 0.0002 1.0000 1.0000 0.1551 0.0106 0.0007 0.0000 1.0000 0.4638 0.0320 0.0022 0.0002 1.0000 1.0000 0.1026 0.0071 0.0005 1.0000 1.0000 0.3408 0.0238 0.0016
0.0241 0.3540 1.0000 1.0000 0.0005 0.0074 0.1062 1.0000 1.0000 0.0002 0.0023 0.0326 0.4709 1.0000 0.0000 0.0007 0.0105 0.1536 1.0000 1.0000 0.0002 0.0036 0.0528 0.7795 1.0000 0.0001 0.0013 0.0187 0.2770 1.0000 1.0000 0.0005 0.0067 0.0998 1.0000 1.0000 0.0002 0.0024 0.0361 0.5369 1.0000 0.0001 0.0009 0.0131 0.1945 1.0000 1.0000 0.0003 0.0045 0.0559 0.2916 0.0559 0.0045 0.0003 1.0000 1.0000 0.1945 0.0131 0.0009 0.0001 1.0000 0.5369 0.0361 0.0024 0.0002 1.0000 1.0000 0.0998 0.0067 0.0005 1.0000 1.0000 0.2770 0.0187 0.0013 0.0001 1.0000 0.7795 0.0528 0.0036 0.0002 1.0000 1.0000 0.1536 0.0105 0.0007 0.0000 1.0000 0.4709 0.0326 0.0023 0.0002 1.0000 1.0000 0.1062 0.0074 0.0005 1.0000 1.0000 0.3540 0.0241
0.3581 1.0000 1.0000 0.0005 0.0077 0.1101 1.0000 1.0000 0.0002 0.0023 0.0334 0.4818 1.0000 0.0001 0.0007 0.0106 0.1536 1.0000 1.0000 0.0002 0.0035 0.0518 0.7619 1.0000 0.0001 0.0012 0.0182 0.2687 1.0000 1.0000 0.0004 0.0065 0.0962 1.0000 1.0000 0.0002 0.0023 0.0348 0.5169 1.0000 0.0001 0.0008 0.0126 0.1872 1.0000 1.0000 0.0003 0.0045 0.0643 0.7990 1.0000 0.7990 0.0643 0.0045 0.0003 1.0000 1.0000 0.1872 0.0126 0.0008 0.0001 1.0000 0.5169 0.0348 0.0023 0.0002 1.0000 1.0000 0.0962 0.0065 0.0004 1.0000 1.0000 0.2687 0.0182 0.0012 0.0001 1.0000 0.7619 0.0518 0.0035 0.0002 1.0000 1.0000 0.1536 0.0106 0.0007 0.0001 1.0000 0.4818 0.0334 0.0023 0.0002 1.0000 1.0000 0.1101 0.0077 0.0005 1.0000 1.0000 0.3581
1.0000 0.0000 0.0006 0.0080 0.1144 1.0000 1.0000 0.0002 0.0024 0.0345 0.4948 1.0000 0.0001 0.0007 0.0107 0.1551 1.0000 1.0000 0.0002 0.0035 0.0512 0.7504 1.0000 0.0001 0.0012 0.0177 0.2611 1.0000 1.0000 0.0004 0.0063 0.0928 1.0000 1.0000 0.0002 0.0023 0.0335 0.4976 1.0000 0.0001 0.0008 0.0121 0.1802 1.0000 1.0000 0.0003 0.0044 0.0645 0.9197 1.0000 1.0000 1.0000 0.9197 0.0645 0.0044 0.0003 1.0000 1.0000 0.1802 0.0121 0.0008 0.0001 1.0000 0.4976 0.0335 0.0023 0.0002 1.0000 1.0000 0.0928 0.0063 0.0004 1.0000 1.0000 0.2611 0.0177 0.0012 0.0001 1.0000 0.7504 0.0512 0.0035 0.0002 1.0000 1.0000 0.1551 0.0107 0.0007 0.0001 1.0000 0.4948 0.0345 0.0024 0.0002 1.0000 1.0000 0.1144 0.0080 0.0006 0.0000 1.0000
0.0000 0.0006 0.0083 0.1188 1.0000 1.0000 0.0002 0.0025 0.0357 0.5110 1.0000 0.0001 0.0008 0.0109 0.1578 1.0000 1.0000 0.0002 0.0035 0.0510 0.7447 1.0000 0.0001 0.0012 0.0173 0.2548 1.0000 1.0000 0.0004 0.0061 0.0899 1.0000 1.0000 0.0001 0.0022 0.0322 0.4790 1.0000 0.0001 0.0008 0.0117 0.1735 1.0000 1.0000 0.0003 0.0042 0.0627 0.9232 1.0000 0.0001 0.0004 0.0001 1.0000 0.9232 0.0627 0.0042 0.0003 1.0000 1.0000 0.1735 0.0117 0.0008 0.0001 1.0000 0.4790 0.0322 0.0022 0.0001 1.0000 1.0000 0.0899 0.0061 0.0004 1.0000 1.0000 0.2548 0.0173 0.0012 0.0001 1.0000 0.7447 0.0510 0.0035 0.0002 1.0000 1.0000 0.1578 0.0109 0.0008 0.0001 1.0000 0.5110 0.0357 0.0025 0.0002 1.0000 1.0000 0.1188 0.0083 0.0006 0.0000
0.0006 0.0086 0.1234 1.0000 1.0000 0.0002 0.0026 0.0370 0.5298 1.0000 0.0001 0.0008 0.0112 0.1614 1.0000 1.0000 0.0002 0.0035 0.0512 0.7447 1.0000 0.0001 0.0012 0.0170 0.2500 1.0000 1.0000 0.0004 0.0059 0.0873 1.0000 1.0000 0.0001 0.0021 0.0311 0.4620 1.0000 0.0001 0.0008 0.0112 0.1670 1.0000 1.0000 0.0003 0.0041 0.0605 0.8973 1.0000 0.0001 0.0012 0.0061 0.0012 0.0001 1.0000 0.8973 0.0605 0.0041 0.0003 1.0000 1.0000 0.1670 0.0112 0.0008 0.0001 1.0000 0.4620 0.0311 0.0021 0.0001 1.0000 1.0000 0.0873 0.0059 0.0004 1.0000 1.0000 0.2500 0.0170 0.0012 0.0001 1.0000 0.7447 0.0512 0.0035 0.0002 1.0000 1.0000 0.1614 0.0112 0.0008 0.0001 1.0000 0.5298 0.0370 0.0026 0.0002 1.0000 1.0000 0.1234 0.0086 0.0006
0.0087 0.1282 1.0000 1.0000 0.0002 0.0027 0.0384 0.5493 1.0000 0.0001 0.0008 0.0116 0.1661 1.0000 1.0000 0.0002 0.0036 0.0518 0.7504 1.0000 0.0001 0.0012 0.0169 0.2471 1.0000 1.0000 0.0004 0.0058 0.0852 1.0000 1.0000 0.0001 0.0020 0.0301 0.4465 1.0000 0.0000 0.0007 0.0108 0.1608 1.0000 1.0000 0.0003 0.0039 0.0582 0.8654 1.0000 0.0001 0.0013 0.0167 0.0873 0.0167 0.0013 0.0001 1.0000 0.8654 0.0582 0.0039 0.0003 1.0000 1.0000 0.1608 0.0108 0.0007 0.0000 1.0000 0.4465 0.0301 0.0020 0.0001 1.0000 1.0000 0.0852 0.0058 0.0004 1.0000 1.0000 0.2471 0.0169 0.0012 0.0001 1.0000 0.7504 0.0518 0.0036 0.0002 1.0000 1.0000 0.1661 0.0116 0.0008 0.0001 1.0000 0.5493 0.0384 0.0027 0.0002 1.0000 1.0000 0.1282 0.0087
0.1297 1.0000 1.0000 0.0002 0.0028 0.0399 0.5706 1.0000 0.0001 0.0008 0.0120 0.1715 1.0000 1.0000 0.0003 0.0037 0.0528 0.7619 1.0000 0.0001 0.0012 0.0169 0.2462 1.0000 1.0000 0.0004 0.0057 0.0834 1.0000 1.0000 0.0001 0.0020 0.0293 0.4331 1.0000 0.0000 0.0007 0.0104 0.1551 1.0000 1.0000 0.0003 0.0038 0.0561 0.8331 1.0000 0.0001 0.0014 0.0193 0.2393 1.0000 0.2393 0.0193 0.0014 0.0001 1.0000 0.8331 0.0561 0.0038 0.0003 1.0000 1.0000 0.1551 0.0104 0.0007 0.0000 1.0000 0.4331 0.0293 0.0020 0.0001 1.0000 1.0000 0.0834 0.0057 0.0004 1.0000 1.0000 0.2462 0.0169 0.0012 0.0001 1.0000 0.7619 0.0528 0.0037 0.0003 1.0000 1.0000 0.1715 0.0120 0.0008 0.0001 1.0000 0.5706 0.0399 0.0028 0.0002 1.0000 1.0000 0.1297
1.0000 1.0000 0.0002 0.0029 0.0414 0.5927 1.0000 0.0001 0.0009 0.0124 0.1778 1.0000 1.0000 0.0003 0.0038 0.0541 0.7795 1.0000 0.0001 0.0012 0.0170 0.2471 1.0000 1.0000 0.0004 0.0056 0.0822 1.0000 1.0000 0.0001 0.0019 0.0285 0.4217 1.0000 0.0000 0.0007 0.0101 0.1496 1.0000 1.0000 0.0002 0.0036 0.0540 0.8020 1.0000 0.0001 0.0013 0.0193 0.2754 1.0000 1.0000 1.0000 0.2754 0.0193 0.0013 0.0001 1.0000 0.8020 0.0540 0.0036 0.0002 1.0000 1.0000 0.1496 0.0101 0.0007 0.0000 1.0000 0.4217 0.0285 0.0019 0.0001 1.0000 1.0000 0.0822 0.0056 0.0004 1.0000 1.0000 0.2471 0.0170 0.0012 0.0001 1.0000 0.7795 0.0541 0.0038 0.0003 1.0000 1.0000 0.1778 0.0124 0.0009 0.0001 1.0000 0.5927 0.0414 0.0029 0.0002 1.0000 1.0000
1.0000 0.0002 0.0030 0.0430 0.6157 1.0000 0.0001 0.0009 0.0129 0.1844 1.0000 1.0000 0.0003 0.0039 0.0556 0.8005 1.0000 0.0001 0.0012 0.0173 0.2500 1.0000 1.0000 0.0004 0.0056 0.0815 1.0000 1.0000 0.0001 0.0019 0.0279 0.4114 1.0000 0.0000 0.0007 0.0098 0.1448 1.0000 1.0000 0.0002 0.0035 0.0520 0.7721 1.0000 0.0001 0.0013 0.0188 0.2765 1.0000 1.0000 0.0001 1.0000 1.0000 0.2765 0.0188 0.0013 0.0001 1.0000 0.7721 0.0520 0.0035 0.0002 1.0000 1.0000 0.1448 0.0098 0.0007 0.0000 1.0000 0.4114 0.0279 0.0019 0.0001 1.0000 1.0000 0.0815 0.0056 0.0004 1.0000 1.0000 0.2500 0.0173 0.0012 0.0001 1.0000 0.8005 0.0556 0.0039 0.0003 1.0000 1.0000 0.1844 0.0129 0.0009 0.0001 1.0000 0.6157 0.0430 0.0030 0.0002 1.0000
0.0002 0.0031 0.0447 0.6396 1.0000 0.0001 0.0009 0.0134 0.1915 1.0000 1.0000 0.0003 0.0040 0.0575 0.8252 1.0000 0.0001 0.0012 0.0177 0.2548 1.0000 1.0000 0.0004 0.0056 0.0815 1.0000 1.0000 0.0001 0.0019 0.0274 0.4029 1.0000 0.0000 0.0006 0.0095 0.1408 1.0000 1.0000 0.0002 0.0034 0.0501 0.7447 1.0000 0.0001 0.0012 0.0181 0.2687 1.0000 1.0000 0.0004 0.0018 0.0004 1.0000 1.0000 0.2687 0.0181 0.0012 0.0001 1.0000 0.7447 0.0501 0.0034 0.0002 1.0000 1.0000 0.1408 0.0095 0.0006 0.0000 1.0000 0.4029 0.0274 0.0019 0.0001 1.0000 1.0000 0.0815 0.0056 0.0004 1.0000 1.0000 0.2548 0.0177 0.0012 0.0001 1.0000 0.8252 0.0575 0.0040 0.0003 1.0000 1.0000 0.1915 0.0134 0.0009 0.0001 1.0000 0.6396 0.0447 0.0031 0.0002
0.0032 0.0464 0.6644 1.0000 0.0001 0.0010 0.0139 0.1990 1.0000 1.0000 0.0003 0.0042 0.0596 0.8540 1.0000 0.0001 0.0013 0.0182 0.2611 1.0000 1.0000 0.0004 0.0057 0.0822 1.0000 1.0000 0.0001 0.0018 0.0271 0.3968 1.0000 0.0000 0.0006 0.0093 0.1373 1.0000 1.0000 0.0002 0.0033 0.0485 0.7196 1.0000 0.0001 0.0012 0.0174 0.2592 1.0000 1.0000 0.0004 0.0050 0.0262 0.0050 0.0004 1.0000 1.0000 0.2592 0.0174 0.0012 0.0001 1.0000 0.7196 0.0485 0.0033 0.0002 1.0000 1.0000 0.1373 0.0093 0.0006 0.0000 1.0000 0.3968 0.0271 0.0018 0.0001 1.0000 1.0000 0.0822 0.0057 0.0004 1.0000 1.0000 0.2611 0.0182 0.0013 0.0001 1.0000 0.8540 0.0596 0.0042 0.0003 1.0000 1.0000 0.1990 0.0139 0.0010 0.0001 1.0000 0.6644 0.0464 0.0032
0.0470 0.6901 1.0000 0.0001 0.0010 0.0144 0.2067 1.0000 1.0000 0.0003 0.0043 0.0619 0.8854 1.0000 0.0001 0.0013 0.0187 0.2687 1.0000 1.0000 0.0004 0.0058 0.0834 1.0000 1.0000 0.0001 0.0018 0.0270 0.3938 1.0000 0.0000 0.0006 0.0091 0.1345 1.0000 1.0000 0.0002 0.0032 0.0472 0.6981 1.0000 0.0001 0.0011 0.0168 0.2495 1.0000 1.0000 0.0004 0.0058 0.0717 0.3741 0.0717 0.0058 0.0004 1.0000 1.0000 0.2495 0.0168 0.0011 0.0001 1.0000 0.6981 0.0472 0.0032 0.0002 1.0000 1.0000 0.1345 0.0091 0.0006 0.0000 1.0000 0.3938 0.0270 0.0018 0.0001 1.0000 1.0000 0.0834 0.0058 0.0004 1.0000 1.0000 0.2687 0.0187 0.0013 0.0001 1.0000 0.8854 0.0619 0.0043 0.0003 1.0000 1.0000 0.2067 0.0144 0.0010 0.0001 1.0000 0.6901 0.0470
0.6981 1.0000 0.0001 0.0010 0.0150 0.2147 1.0000 1.0000 0.0003 0.0045 0.0643 0.9197 1.0000 0.0001 0.0013 0.0193 0.2770 1.0000 1.0000 0.0004 0.0059 0.0852 1.0000 1.0000 0.0001 0.0019 0.0271 0.3938 1.0000 0.0000 0.0006 0.0090 0.1322 1.0000 1.0000 0.0002 0.0031 0.0460 0.6797 1.0000 0.0001 0.0011 0.0163 0.2406 1.0000 1.0000 0.0004 0.0058 0.0825 1.0000 1.0000 1.0000 0.0825 0.0058 0.0004 1.0000 1.0000 0.2406 0.0163 0.0011 0.0001 1.0000 0.6797 0.0460 0.0031 0.0002 1.0000 1.0000 0.1322 0.0090 0.0006 0.0000 1.0000 0.3938 0.0271 0.0019 0.0001 1.0000 1.0000 0.0852 0.0059 0.0004 1.0000 1.0000 0.2770 0.0193 0.0013 0.0001 1.0000 0.9197 0.0643 0.0045 0.0003 1.0000 1.0000 0.2147 0.0150 0.0010 0.0001 1.0000 0.6981
1.0000 0.0001 0.0011 0.0156 0.2230 1.0000 1.0000 0.0003 0.0047 0.0668 0.9554 1.0000 0.0001 0.0014 0.0200 0.2867 1.0000 1.0000 0.0004 0.0061 0.0873 1.0000 1.0000 0.0001 0.0019 0.0274 0.3968 1.0000 0.0000 0.0006 0.0089 0.1307 1.0000 1.0000 0.0002 0.0030 0.0450 0.6631 1.0000 0.0001 0.0011 0.0158 0.2330 1.0000 1.0000 0.0004 0.0056 0.0828 1.0000 1.0000 1.0000 1.0000 1.0000 0.0828 0.0056 0.0004 1.0000 1.0000 0.2330 0.0158 0.0011 0.0001 1.0000 0.6631 0.0450 0.0030 0.0002 1.0000 1.0000 0.1307 0.0089 0.0006 0.0000 1.0000 0.3968 0.0274 0.0019 0.0001 1.0000 1.0000 0.0873 0.0061 0.0004 1.0000 1.0000 0.2867 0.0200 0.0014 0.0001 1.0000 0.9554 0.0668 0.0047 0.0003 1.0000 1.0000 0.2230 0.0156 0.0011 0.0001 1.0000
0.0001 0.0011 0.0162 0.2317 1.0000 1.0000 0.0003 0.0048 0.0694 0.9924 1.0000 0.0001 0.0015 0.0208 0.2972 1.0000 1.0000 0.0004 0.0063 0.0899 1.0000 1.0000 0.0001 0.0019 0.0279 0.4029 1.0000 0.0000 0.0006 0.0089 0.1302 1.0000 1.0000 0.0002 0.0030 0.0441 0.6494 1.0000 0.0001 0.0010 0.0154 0.2264 1.0000 1.0000 0.0004 0.0055 0.0806 1.0000 1.0000 0.0001 0.0005 0.0001 1.0000 1.0000 0.0806 0.0055 0.0004 1.0000 1.0000 0.2264 0.0154 0.0010 0.0001 1.0000 0.6494 0.0441 0.0030 0.0002 1.0000 1.0000 0.1302 0.0089 0.0006 0.0000 1.0000 0.4029 0.0279 0.0019 0.0001 1.0000 1.0000 0.0899 0.0063 0.0004 1.0000 1.0000 0.2972 0.0208 0.0015 0.0001 1.0000 0.9924 0.0694 0.0048 0.0003 1.0000 1.0000 0.2317 0.0162 0.0011 0.0001
0.0011 0.0168 0.2406 1.0000 1.0000 0.0004 0.0050 0.0721 1.0000 1.0000 0.0001 0.0015 0.0216 0.3087 1.0000 1.0000 0.0005 0.0065 0.0928 1.0000 1.0000 0.0001 0.0020 0.0285 0.4114 1.0000 0.0000 0.0006 0.0090 0.1307 1.0000 1.0000 0.0002 0.0030 0.0435 0.6384 1.0000 0.0001 0.0010 0.0150 0.2209 1.0000 1.0000 0.0004 0.0053 0.0782 1.0000 1.0000 0.0001 0.0015 0.0078 0.0015 0.0001 1.0000 1.0000 0.0782 0.0053 0.0004 1.0000 1.0000 0.2209 0.0150 0.0010 0.0001 1.0000 0.6384 0.0435 0.0030 0.0002 1.0000 1.0000 0.1307 0.0090 0.0006 0.0000 1.0000 0.4114 0.0285 0.0020 0.0001 1.0000 1.0000 0.0928 0.0065 0.0005 1.0000 1.0000 0.3087 0.0216 0.0015 0.0001 1.0000 1.0000 0.0721 0.0050 0.0004 1.0000 1.0000 0.2406 0.0168 0.0011
0.0170 0.2500 1.0000 1.0000 0.0004 0.0052 0.0749 1.0000 1.0000 0.0001 0.0016 0.0224 0.3207 1.0000 1.0000 0.0005 0.0067 0.0962 1.0000 1.0000 0.0001 0.0020 0.0293 0.4217 1.0000 0.0000 0.0006 0.0091 0.1322 1.0000 1.0000 0.0002 0.0030 0.0431 0.6311 1.0000 0.0001 0.0010 0.0147 0.2163 1.0000 1.0000 0.0003 0.0051 0.0760 1.0000 1.0000 0.0001 0.0017 0.0215 0.1122 0.0215 0.0017 0.0001 1.0000 1.0000 0.0760 0.0051 0.0003 1.0000 1.0000 0.2163 0.0147 0.0010 0.0001 1.0000 0.6311 0.0431 0.0030 0.0002 1.0000 1.0000 0.1322 0.0091 0.0006 0.0000 1.0000 0.4217 0.0293 0.0020 0.0001 1.0000 1.0000 0.0962 0.0067 0.0005 1.0000 1.0000 0.3207 0.0224 0.0016 0.0001 1.0000 1.0000 0.0749 0.0052 0.0004 1.0000 1.0000 0.2500 0.0170
0.2528 1.0000 1.0000 0.0004 0.0054 0.0778 1.0000 1.0000 0.0001 0.0016 0.0233 0.3331 1.0000 1.0000 0.0005 0.0070 0.0998 1.0000 1.0000 0.0001 0.0021 0.0301 0.4331 1.0000 0.0000 0.0006 0.0093 0.1345 1.0000 1.0000 0.0002 0.0030 0.0431 0.6287 1.0000 0.0001 0.0010 0.0145 0.2127 1.0000 1.0000 0.0003 0.0050 0.0740 1.0000 1.0000 0.0001 0.0017 0.0248 0.3087 1.0000 0.3087 0.0248 0.0017 0.0001 1.0000 1.0000 0.0740 0.0050 0.0003 1.0000 1.0000 0.2127 0.0145 0.0010 0.0001 1.0000 0.6287 0.0431 0.0030 0.0002 1.0000 1.0000 0.1345 0.0093 0.0006 0.0000 1.0000 0.4331 0.0301 0.0021 0.0001 1.0000 1.0000 0.0998 0.0070 0.0005 1.0000 1.0000 0.3331 0.0233 0.0016 0.0001 1.0000 1.0000 0.0778 0.0054 0.0004 1.0000 1.0000 0.2528
1.0000 1.0000 0.0004 0.0056 0.0808 1.0000 1.0000 0.0001 0.0017 0.0242 0.3460 1.0000 1.0000 0.0005 0.0072 0.1036 1.0000 1.0000 0.0002 0.0022 0.0311 0.4465 1.0000 0.0000 0.0007 0.0095 0.1373 1.0000 1.0000 0.0002 0.0030 0.0435 0.6311 1.0000 0.0001 0.0010 0.0143 0.2098 1.0000 1.0000 0.0003 0.0049 0.0723 1.0000 1.0000 0.0001 0.0017 0.0251 0.3561 1.0000 1.0000 1.0000 0.3561 0.0251 0.0017 0.0001 1.0000 1.0000 0.0723 0.0049 0.0003 1.0000 1.0000 0.2098 0.0143 0.0010 0.0001 1.0000 0.6311 0.0435 0.0030 0.0002 1.0000 1.0000 0.1373 0.0095 0.0007 0.0000 1.0000 0.4465 0.0311 0.0022 0.0002 1.0000 1.0000 0.1036 0.0072 0.0005 1.0000 1.0000 0.3460 0.0242 0.0017 0.0001 1.0000 1.0000 0.0808 0.0056 0.0004 1.0000 1.0000
1.0000 0.0004 0.0059 0.0839 1.0000 1.0000 0.0001 0.0018 0.0251 0.3595 1.0000 1.0000 0.0005 0.0075 0.1076 1.0000 1.0000 0.0002 0.0023 0.0322 0.4620 1.0000 0.0000 0.0007 0.0098 0.1408 1.0000 1.0000 0.0002 0.0030 0.0441 0.6384 1.0000 0.0001 0.0010 0.0143 0.2083 1.0000 1.0000 0.0003 0.0048 0.0710 1.0000 1.0000 0.0001 0.0017 0.0247 0.3608 1.0000 1.0000 0.0002 1.0000 1.0000 0.3608 0.0247 0.0017 0.0001 1.0000 1.0000 0.0710 0.0048 0.0003 1.0000 1.0000 0.2083 0.0143 0.0010 0.0001 1.0000 0.6384 0.0441 0.0030 0.0002 1.0000 1.0000 0.1408 0.0098 0.0007 0.0000 1.0000 0.4620 0.0322 0.0023 0.0002 1.0000 1.0000 0.1076 0.0075 0.0005 1.0000 1.0000 0.3595 0.0251 0.0018 0.0001 1.0000 1.0000 0.0839 0.0059 0.0004 1.0000
0.0004 0.0061 0.0872 1.0000 1.0000 0.0001 0.0018 0.0261 0.3734 1.0000 1.0000 0.0005 0.0078 0.1118 1.0000 1.0000 0.0002 0.0023 0.0335 0.4790 1.0000 0.0000 0.0007 0.0101 0.1448 1.0000 1.0000 0.0002 0.0031 0.0450 0.6494 1.0000 0.0001 0.0010 0.0143 0.2083 1.0000 1.0000 0.0003 0.0048 0.0699 1.0000 1.0000 0.0001 0.0016 0.0242 0.3554 1.0000 1.0000 0.0005 0.0024 0.0005 1.0000 1.0000 0.3554 0.0242 0.0016 0.0001 1.0000 1.0000 0.0699 0.0048 0.0003 1.0000 1.0000 0.2083 0.0143 0.0010 0.0001 1.0000 0.6494 0.0450 0.0031 0.0002 1.0000 1.0000 0.1448 0.0101 0.0007 0.0000 1.0000 0.4790 0.0335 0.0023 0.0002 1.0000 1.0000 0.1118 0.0078 0.0005 1.0000 1.0000 0.3734 0.0261 0.0018 0.0001 1.0000 1.0000 0.0872 0.0061 0.0004
0.0062 0.0905 1.0000 1.0000 0.0001 0.0019 0.0271 0.3879 1.0000 0.0000 0.0006 0.0081 0.1162 1.0000 1.0000 0.0002 0.0024 0.0348 0.4976 1.0000 0.0001 0.0007 0.0104 0.1496 1.0000 1.0000 0.0002 0.0032 0.0460 0.6631 1.0000 0.0001 0.0010 0.0145 0.2098 1.0000 1.0000 0.0003 0.0047 0.0691 1.0000 1.0000 0.0001 0.0016 0.0237 0.3487 1.0000 1.0000 0.0005 0.0066 0.0342 0.0066 0.0005 1.0000 1.0000 0.3487 0.0237 0.0016 0.0001 1.0000 1.0000 0.0691 0.0047 0.0003 1.0000 1.0000 0.2098 0.0145 0.0010 0.0001 1.0000 0.6631 0.0460 0.0032 0.0002 1.0000 1.0000 0.1496 0.0104 0.0007 0.0001 1.0000 0.4976 0.0348 0.0024 0.0002 1.0000 1.0000 0.1162 0.0081 0.0006 0.0000 1.0000 0.3879 0.0271 0.0019 0.0001 1.0000 1.0000 0.0905 0.0062
0.0916 1.0000 1.0000 0.0001 0.0020 0.0282 0.4029 1.0000 0.0000 0.0006 0.0084 0.1207 1.0000 1.0000 0.0002 0.0025 0.0361 0.5169 1.0000 0.0001 0.0008 0.0108 0.1551 1.0000 1.0000 0.0002 0.0033 0.0472 0.6797 1.0000 0.0001 0.0010 0.0147 0.2127 1.0000 1.0000 0.0003 0.0047 0.0688 1.0000 1.0000 0.0001 0.0016 0.0233 0.3428 1.0000 1.0000 0.0005 0.0076 0.0946 0.4920 0.0946 0.0076 0.0005 1.0000 1.0000 0.3428 0.0233 0.0016 0.0001 1.0000 1.0000 0.0688 0.0047 0.0003 1.0000 1.0000 0.2127 0.0147 0.0010 0.0001 1.0000 0.6797 0.0472 0.0033 0.0002 1.0000 1.0000 0.1551 0.0108 0.0008 0.0001 1.0000 0.5169 0.0361 0.0025 0.0002 1.0000 1.0000 0.1207 0.0084 0.0006 0.0000 1.0000 0.4029 0.0282 0.0020 0.0001 1.0000 1.0000 0.0916
1.0000 1.0000 0.0001 0.0020 0.0293 0.4185 1.0000 0.0000 0.0006 0.0088 0.1253 1.0000 1.0000 0.0002 0.0026 0.0375 0.5369 1.0000 0.0001 0.0008 0.0112 0.1608 1.0000 1.0000 0.0002 0.0034 0.0485 0.6981 1.0000 0.0001 0.0010 0.0150 0.2163 1.0000 1.0000 0.0003 0.0048 0.0691 1.0000 1.0000 0.0001 0.0016 0.0230 0.3376 1.0000 1.0000 0.0005 0.0078 0.1101 1.0000 1.0000 1.0000 0.1101 0.0078 0.0005 1.0000 1.0000 0.3376 0.0230 0.0016 0.0001 1.0000 1.0000 0.0691 0.0048 0.0003 1.0000 1.0000 0.2163 0.0150 0.0010 0.0001 1.0000 0.6981 0.0485 0.0034 0.0002 1.0000 1.0000 0.1608 0.0112 0.0008 0.0001 1.0000 0.5369 0.0375 0.0026 0.0002 1.0000 1.0000 0.1253 0.0088 0.0006 0.0000 1.0000 0.4185 0.0293 0.0020 0.0001 1.0000 1.0000
1.0000 0.0001 0.0021 0.0304 0.4347 1.0000 0.0000 0.0006 0.0091 0.1302 1.0000 1.0000 0.0002 0.0027 0.0390 0.5577 1.0000 0.0001 0.0008 0.0117 0.1670 1.0000 1.0000 0.0002 0.0035 0.0501 0.7196 1.0000 0.0001 0.0011 0.0154 0.2209 1.0000 1.0000 0.0003 0.0048 0.0699 1.0000 1.0000 0.0001 0.0016 0.0228 0.3338 1.0000 1.0000 0.0005 0.0077 0.1127 1.0000 1.0000 0.0001 1.0000 1.0000 0.1127 0.0077 0.0005 1.0000 1.0000 0.3338 0.0228 0.0016 0.0001 1.0000 1.0000 0.0699 0.0048 0.0003 1.0000 1.0000 0.2209 0.0154 0.0011 0.0001 1.0000 0.7196 0.0501 0.0035 0.0002 1.0000 1.0000 0.1670 0.0117 0.0008 0.0001 1.0000 0.5577 0.0390 0.0027 0.0002 1.0000 1.0000 0.1302 0.0091 0.0006 0.0000 1.0000 0.4347 0.0304 0.0021 0.0001 1.0000
0.0002 0.0022 0.0316 0.4516 1.0000 0.0000 0.0007 0.0095 0.1352 1.0000 1.0000 0.0002 0.0028 0.0405 0.5794 1.0000 0.0001 0.0008 0.0121 0.1735 1.0000 1.0000 0.0003 0.0036 0.0520 0.7447 1.0000 0.0001 0.0011 0.0158 0.2264 1.0000 1.0000 0.0003 0.0049 0.0710 1.0000 1.0000 0.0001 0.0016 0.0228 0.3325 1.0000 1.0000 0.0005 0.0076 0.1120 1.0000 1.0000 0.0001 0.0007 0.0001 1.0000 1.0000 0.1120 0.0076 0.0005 1.0000 1.0000 0.3325 0.0228 0.0016 0.0001 1.0000 1.0000 0.0710 0.0049 0.0003 1.0000 1.0000 0.2264 0.0158 0.0011 0.0001 1.0000 0.7447 0.0520 0.0036 0.0003 1.0000 1.0000 0.1735 0.0121 0.0008 0.0001 1.0000 0.5794 0.0405 0.0028 0.0002 1.0000 1.0000 0.1352 0.0095 0.0007 0.0000 1.0000 0.4516 0.0316 0.0022 0.0002
0.0022 0.0328 0.4691 1.0000 0.0000 0.0007 0.0098 0.1405 1.0000 1.0000 0.0002 0.0029 0.0421 0.6018 1.0000 0.0001 0.0009 0.0126 0.1802 1.0000 1.0000 0.0003 0.0038 0.0540 0.7721 1.0000 0.0001 0.0011 0.0163 0.2330 1.0000 1.0000 0.0003 0.0050 0.0723 1.0000 1.0000 0.0001 0.0016 0.0230 0.3338 1.0000 1.0000 0.0005 0.0076 0.1110 1.0000 1.0000 0.0002 0.0021 0.0107 0.0021 0.0002 1.0000 1.0000 0.1110 0.0076 0.0005 1.0000 1.0000 0.3338 0.0230 0.0016 0.0001 1.0000 1.0000 0.0723 0.0050 0.0003 1.0000 1.0000 0.2330 0.0163 0.0011 0.0001 1.0000 0.7721 0.0540 0.0038 0.0003 1.0000 1.0000 0.1802 0.0126 0.0009 0.0001 1.0000 0.6018 0.0421 0.0029 0.0002 1.0000 1.0000 0.1405 0.0098 0.0007 0.0000 1.0000 0.4691 0.0328 0.0022
0.0332 0.4873 1.0000 0.0000 0.0007 0.0102 0.1459 1.0000 1.0000 0.0002 0.0031 0.0437 0.6252 1.0000 0.0001 0.0009 0.0131 0.1872 1.0000 1.0000 0.0003 0.0039 0.0561 0.8020 1.0000 0.0001 0.0012 0.0168 0.2406 1.0000 1.0000 0.0004 0.0051 0.0740 1.0000 1.0000 0.0001 0.0016 0.0233 0.3376 1.0000 1.0000 0.0005 0.0075 0.1101 1.0000 1.0000 0.0002 0.0024 0.0297 0.1542 0.0297 0.0024 0.0002 1.0000 1.0000 0.1101 0.0075 0.0005 1.0000 1.0000 0.3376 0.0233 0.0016 0.0001 1.0000 1.0000 0.0740 0.0051 0.0004 1.0000 1.0000 0.2406 0.0168 0.0012 0.0001 1.0000 0.8020 0.0561 0.0039 0.0003 1.0000 1.0000 0.1872 0.0131 0.0009 0.0001 1.0000 0.6252 0.0437 0.0031 0.0002 1.0000 1.0000 0.1459 0.0102 0.0007 0.0000 1.0000 0.4873 0.0332
0.4929 1.0000 0.0001 0.0007 0.0106 0.1516 1.0000 1.0000 0.0002 0.0032 0.0454 0.6494 1.0000 0.0001 0.0010 0.0136 0.1945 1.0000 1.0000 0.0003 0.0041 0.0582 0.8331 1.0000 0.0001 0.0012 0.0174 0.2495 1.0000 1.0000 0.0004 0.0053 0.0760 1.0000 1.0000 0.0001 0.0016 0.0237 0.3428 1.0000 1.0000 0.0005 0.0076 0.1101 1.0000 1.0000 0.0002 0.0025 0.0349 0.4298 1.0000 0.4298 0.0349 0.0025 0.0002 1.0000 1.0000 0.1101 0.0076 0.0005 1.0000 1.0000 0.3428 0.0237 0.0016 0.0001 1.0000 1.0000 0.0760 0.0053 0.0004 1.0000 1.0000 0.2495 0.0174 0.0012 0.0001 1.0000 0.8331 0.0582 0.0041 0.0003 1.0000 1.0000 0.1945 0.0136 0.0010 0.0001 1.0000 0.6494 0.0454 0.0032 0.0002 1.0000 1.0000 0.1516 0.0106 0.0007 0.0001 1.0000 0.4929
1.0000 0.0001 0.0008 0.0110 0.1575 1.0000 1.0000 0.0002 0.0033 0.0472 0.6746 1.0000 0.0001 0.0010 0.0141 0.2020 1.0000 1.0000 0.0003 0.0042 0.0605 0.8654 1.0000 0.0001 0.0013 0.0181 0.2592 1.0000 1.0000 0.0004 0.0055 0.0782 1.0000 1.0000 0.0001 0.0017 0.0242 0.3487 1.0000 1.0000 0.0005 0.0076 0.1110 1.0000 1.0000 0.0002 0.0025 0.0361 0.5062 1.0000 1.0000 1.0000 0.5062 0.0361 0.0025 0.0002 1.0000 1.0000 0.1110 0.0076 0.0005 1.0000 1.0000 0.3487 0.0242 0.0017 0.0001 1.0000 1.0000 0.0782 0.0055 0.0004 1.0000 1.0000 0.2592 0.0181 0.0013 0.0001 1.0000 0.8654 0.0605 0.0042 0.0003 1.0000 1.0000 0.2020 0.0141 0.0010 0.0001 1.0000 0.6746 0.0472 0.0033 0.0002 1.0000 1.0000 0.1575 0.0110 0.0008 0.0001 1.0000
0.0001 0.0008 0.0114 0.1633 1.0000 1.0000 0.0002 0.0034 0.0489 0.6994 1.0000 0.0001 0.0010 0.0146 0.2094 1.0000 1.0000 0.0003 0.0044 0.0627 0.8973 1.0000 0.0001 0.0013 0.0188 0.2687 1.0000 1.0000 0.0004 0.0056 0.0806 1.0000 1.0000 0.0001 0.0017 0.0247 0.3554 1.0000 1.0000 0.0005 0.0077 0.1120 1.0000 1.0000 0.0002 0.0025 0.0362 0.5238 1.0000 0.0000 0.0002 0.0000 1.0000 0.5238 0.0362 0.0025 0.0002 1.0000 1.0000 0.1120 0.0077 0.0005 1.0000 1.0000 0.3554 0.0247 0.0017 0.0001 1.0000 1.0000 0.0806 0.0056 0.0004 1.0000 1.0000 0.2687 0.0188 0.0013 0.0001 1.0000 0.8973 0.0627 0.0044 0.0003 1.0000 1.0000 0.2094 0.0146 0.0010 0.0001 1.0000 0.6994 0.0489 0.0034 0.0002 1.0000 1.0000 0.1633 0.0114 0.0008 0.0001
0.0008 0.0117 0.1680 1.0000 1.0000 0.0002 0.0035 0.0503 0.7196 1.0000 0.0001 0.0011 0.0151 0.2155 1.0000 1.0000 0.0003 0.0045 0.0645 0.9232 1.0000 0.0001 0.0014 0.0193 0.2765 1.0000 1.0000 0.0004 0.0058 0.0828 1.0000 1.0000 0.0001 0.0017 0.0251 0.3608 1.0000 1.0000 0.0005 0.0078 0.1127 1.0000 1.0000 0.0002 0.0025 0.0361 0.5238 1.0000 0.0001 0.0007 0.0034 0.0007 0.0001 1.0000 0.5238 0.0361 0.0025 0.0002 1.0000 1.0000 0.1127 0.0078 0.0005 1.0000 1.0000 0.3608 0.0251 0.0017 0.0001 1.0000 1.0000 0.0828 0.0058 0.0004 1.0000 1.0000 0.2765 0.0193 0.0014 0.0001 1.0000 0.9232 0.0645 0.0045 0.0003 1.0000 1.0000 0.2155 0.0151 0.0011 0.0001 1.0000 0.7196 0.0503 0.0035 0.0002 1.0000 1.0000 0.1680 0.0117 0.0008
0.0114 0.1673 1.0000 1.0000 0.0002 0.0035 0.0501 0.7169 1.0000 0.0001 0.0010 0.0150 0.2147 1.0000 1.0000 0.0003 0.0045 0.0643 0.9197 1.0000 0.0001 0.0013 0.0193 0.2754 1.0000 1.0000 0.0004 0.0058 0.0825 1.0000 1.0000 0.0001 0.0017 0.0248 0.3561 1.0000 1.0000 0.0005 0.0076 0.1101 1.0000 1.0000 0.0002 0.0024 0.0349 0.5062 1.0000 0.0001 0.0007 0.0091 0.0472 0.0091 0.0007 0.0001 1.0000 0.5062 0.0349 0.0024 0.0002 1.0000 1.0000 0.1101 0.0076 0.0005 1.0000 1.0000 0.3561 0.0248 0.0017 0.0001 1.0000 1.0000 0.0825 0.0058 0.0004 1.0000 1.0000 0.2754 0.0193 0.0013 0.0001 1.0000 0.9197 0.0643 0.0045 0.0003 1.0000 1.0000 0.2147 0.0150 0.0010 0.0001 1.0000 0.7169 0.0501 0.0035 0.0002 1.0000 1.0000 0.1673 0.0114
0.1410 1.0000 1.0000 0.0002 0.0030 0.0435 0.6228 1.0000 0.0001 0.0009 0.0130 0.1865 1.0000 1.0000 0.0003 0.0039 0.0559 0.7990 1.0000 0.0001 0.0012 0.0167 0.2393 1.0000 1.0000 0.0004 0.0050 0.0717 1.0000 1.0000 0.0001 0.0015 0.0215 0.3087 1.0000 1.0000 0.0005 0.0066 0.0946 1.0000 1.0000 0.0001 0.0021 0.0297 0.4298 1.0000 0.0000 0.0007 0.0091 0.1116 0.5761 0.1116 0.0091 0.0007 0.0000 1.0000 0.4298 0.0297 0.0021 0.0001 1.0000 1.0000 0.0946 0.0066 0.0005 1.0000 1.0000 0.3087 0.0215 0.0015 0.0001 1.0000 1.0000 0.0717 0.0050 0.0004 1.0000 1.0000 0.2393 0.0167 0.0012 0.0001 1.0000 0.7990 0.0559 0.0039 0.0003 1.0000 1.0000 0.1865 0.0130 0.0009 0.0001 1.0000 0.6228 0.0435 0.0030 0.0002 1.0000 1.0000 0.1410
0.7461 1.0000 0.0001 0.0011 0.0159 0.2273 1.0000 1.0000 0.0003 0.0048 0.0681 0.9737 1.0000 0.0001 0.0014 0.0204 0.2916 1.0000 1.0000 0.0004 0.0061 0.0873 1.0000 1.0000 0.0001 0.0018 0.0262 0.3741 1.0000 1.0000 0.0005 0.0078 0.1122 1.0000 1.0000 0.0002 0.0024 0.0342 0.4920 1.0000 0.0001 0.0007 0.0107 0.1542 1.0000 1.0000 0.0002 0.0034 0.0472 0.5761 1.0000 0.5761 0.0472 0.0034 0.0002 1.0000 1.0000 0.1542 0.0107 0.0007 0.0001 1.0000 0.4920 0.0342 0.0024 0.0002 1.0000 1.0000 0.1122 0.0078 0.0005 1.0000 1.0000 0.3741 0.0262 0.0018 0.0001 1.0000 1.0000 0.0873 0.0061 0.0004 1.0000 1.0000 0.2916 0.0204 0.0014 0.0001 1.0000 0.9737 0.0681 0.0048 0.0003 1.0000 1.0000 0.2273 0.0159 0.0011 0.0001 1.0000 0.7461
0.1410 1.0000 1.0000 0.0002 0.0030 0.0435 0.6228 1.0000 0.0001 0.0009 0.0130 0.1865 1.0000 1.0000 0.0003 0.0039 0.0559 0.7990 1.0000 0.0001 0.0012 0.0167 0.2393 1.0000 1.0000 0.0004 0.0050 0.0717 1.0000 1.0000 0.0001 0.0015 0.0215 0.3087 1.0000 1.0000 0.0005 0.0066 0.0946 1.0000 1.0000 0.0001 0.0021 0.0297 0.4298 1.0000 0.0000 0.0007 0.0091 0.1116 0.5761 0.1116 0.0091 0.0007 0.0000 1.0000 0.4298 0.0297 0.0021 0.0001 1.0000 1.0000 0.0946 0.0066 0.0005 1.0000 1.0000 0.3087 0.0215 0.0015 0.0001 1.0000 1.0000 0.0717 0.0050 0.0004 1.0000 1.0000 0.2393 0.0167 0.0012 0.0001 1.0000 0.7990 0.0559 0.0039 0.0003 1.0000 1.0000 0.1865 0.0130 0.0009 0.0001 1.0000 0.6228 0.0435 0.0030 0.0002 1.0000 1.0000 0.1410
0.0114 0.1673 1.0000 1.0000 0.0002 0.0035 0.0501 0.7169 1.0000 0.0001 0.0010 0.0150 0.2147 1.0000 1.0000 0.0003 0.0045 0.0643 0.9197 1.0000 0.0001 0.0013 0.0193 0.2754 1.0000 1.0000 0.0004 0.0058 0.0825 1.0000 1.0000 0.0001 0.0017 0.0248 0.3561 1.0000 1.0000 0.0005 0.0076 0.1101 1.0000 1.0000 0.0002 0.0024 0.0349 0.5062 1.0000 0.0001 0.0007 0.0091 0.0472 0.0091 0.0007 0.0001 1.0000 0.5062 0.0349 0.0024 0.0002 1.0000 1.0000 0.1101 0.0076 0.0005 1.0000 1.0000 0.3561 0.0248 0.0017 0.0001 1.0000 1.0000 0.0825 0.0058 0.0004 1.0000 1.0000 0.2754 0.0193 0.0013 0.0001 1.0000 0.9197 0.0643 0.0045 0.0003 1.0000 1.0000 0.2147 0.0150 0.0010 0.0001 1.0000 0.7169 0.0501 0.0035 0.0002 1.0000 1.0000 0.1673 0.0114
0.0008 0.0117 0.1680 1.0000 1.0000 0.0002 0.0035 0.0503 0.7196 1.0000 0.0001 0.0011 0.0151 0.2155 1.0000 1.0000 0.0003 0.0045 0.0645 0.9232 1.0000 0.0001 0.0014 0.0193 0.2765 1.0000 1.0000 0.0004 0.0058 0.0828 1.0000 1.0000 0.0001 0.0017 0.0251 0.3608 1.0000 1.0000 0.0005 0.0078 0.1127 1.0000 1.0000 0.0002 0.0025 0.0361 0.5238 1.0000 0.0001 0.0007 0.0034 0.0007 0.0001 1.0000 0.5238 0.0361 0.0025 0.0002 1.0000 1.0000 0.1127 0.0078 0.0005 1.0000 1.0000 0.3608 0.0251 0.0017 0.0001 1.0000 1.0000 0.0828 0.0058 0.0004 1.0000 1.0000 0.2765 0.0193 0.0014 0.0001 1.0000 0.9232 0.0645 0.0045 0.0003 1.0000 1.0000 0.2155 0.0151 0.0011 0.0001 1.0000 0.7196 0.0503 0.0035 0.0002 1.0000 1.0000 0.1680 0.0117 0.0008
0.0001 0.0008 0.0114 0.1633 1.0000 1.0000 0.0002 0.0034 0.0489 0.6994 1.0000 0.0001 0.0010 0.0146 0.2094 1.0000 1.0000 0.0003 0.0044 0.0627 0.8973 1.0000 0.0001 0.0013 0.0188 0.2687 1.0000 1.0000 0.0004 0.0056 0.0806 1.0000 1.0000 0.0001 0.0017 0.0247 0.3554 1.0000 1.0000 0.0005 0.0077 0.1120 1.0000 1.0000 0.0002 0.0025 0.0362 0.5238 1.0000 0.0000 0.0002 0.0000 1.0000 0.5238 0.0362 0.0025 0.0002 1.0000 1.0000 0.1120 0.0077 0.0005 1.0000 1.0000 0.3554 0.0247 0.0017 0.0001 1.0000 1.0000 0.0806 0.0056 0.0004 1.0000 1.0000 0.2687 0.0188 0.0013 0.0001 1.0000 0.8973 0.0627 0.0044 0.0003 1.0000 1.0000 0.2094 0.0146 0.0010 0.0001 1.0000 0.6994 0.0489 0.0034 0.0002 1.0000 1.0000 0.1633 0.0114 0.0008 0.0001
1.0000 0.0001 0.0008 0.0110 0.1575 1.0000 1.0000 0.0002 0.0033 0.0472 0.6746 1.0000 0.0001 0.0010 0.0141 0.2020 1.0000 1.0000 0.0003 0.0042 0.0605 0.8654 1.0000 0.0001 0.0013 0.0181 0.2592 1.0000 1.0000 0.0004 0.0055 0.0782 1.0000 1.0000 0.0001 0.0017 0.0242 0.3487 1.0000 1.0000 0.0005 0.0076 0.1110 1.0000 1.0000 0.0002 0.0025 0.0361 0.5062 1.0000 1.0000 1.0000 0.5062 0.0361 0.0025 0.0002 1.0000 1.0000 0.1110 0.0076 0.0005 1.0000 1.0000 0.3487 0.0242 0.0017 0.0001 1.0000 1.0000 0.0782 0.0055 0.0004 1.0000 1.0000 0.2592 0.0181 0.0013 0.0001 1.0000 0.8654 0.0605 0.0042 0.0003 1.0000 1.0000 0.2020 0.0141 0.0010 0.0001 1.0000 0.6746 0.0472 0.0033 0.0002 1.0000 1.0000 0.1575 0.0110 0.0008 0.0001 1.0000
