0.0219 -0.2359 -0.3294 -0.3838 0.0677 0.2779 -0.1897 -0.2961 -0.3754 -0.1082 0.2136 -0.1192 -0.2609 -0.3501 -0.3480 0.1262 0.1581 -0.2214 -0.3185 -0.3853 0.0302 0.2678 -0.1706 -0.2842 -0.3678 -0.2188 0.1833 -0.0710 -0.2485 -0.3397 -0.3738 0.0969 0.2528 -0.2055 -0.3069 -0.3811 -0.0254 0.2415 -0.1474 -0.2722 -0.3590 -0.3024 0.1536 0.0239 -0.2354 -0.3288 -0.3841 0.0641 0.2781 -0.1757 -0.2498 -0.1757 0.2781 0.0641 -0.3841 -0.3288 -0.2354 0.0239 0.1536 -0.3024 -0.3590 -0.2722 -0.1474 0.2415 -0.0254 -0.3811 -0.3069 -0.2055 0.2528 0.0969 -0.3738 -0.3397 -0.2485 -0.0710 0.1833 -0.2188 -0.3678 -0.2842 -0.1706 0.2678 0.0302 -0.3853 -0.3185 -0.2214 0.1581 0.1262 -0.3480 -0.3501 -0.2609 -0.1192 0.2136 -0.1082 -0.3754 -0.2961 -0.1897 0.2779 0.0677 -0.3838 -0.3294 -0.2359 0.0219
-0.2359 -0.3371 -0.3893 0.0674 0.2806 -0.1927 -0.3036 -0.3818 -0.1125 0.2118 -0.1170 -0.2686 -0.3571 -0.3533 0.1252 0.1752 -0.2272 -0.3257 -0.3911 0.0290 0.2674 -0.1721 -0.2917 -0.3744 -0.2243 0.1818 -0.0646 -0.2564 -0.3468 -0.3793 0.0960 0.2613 -0.2097 -0.3143 -0.3873 -0.0277 0.2398 -0.1473 -0.2797 -0.3658 -0.3078 0.1522 0.0398 -0.2428 -0.3360 -0.3898 0.0643 0.2804 -0.1881 -0.2952 -0.3518 -0.2952 -0.1881 0.2804 0.0643 -0.3898 -0.3360 -0.2428 0.0398 0.1522 -0.3078 -0.3658 -0.2797 -0.1473 0.2398 -0.0277 -0.3873 -0.3143 -0.2097 0.2613 0.0960 -0.3793 -0.3468 -0.2564 -0.0646 0.1818 -0.2243 -0.3744 -0.2917 -0.1721 0.2674 0.0290 -0.3911 -0.3257 -0.2272 0.1752 0.1252 -0.3533 -0.3571 -0.2686 -0.1170 0.2118 -0.1125 -0.3818 -0.3036 -0.1927 0.2806 0.0674 -0.3893 -0.3371 -0.2359
-0.3294 -0.3893 0.0660 0.2805 -0.1910 -0.3024 -0.3811 -0.1239 0.2085 -0.1128 -0.2673 -0.3560 -0.3572 0.1220 0.1887 -0.2253 -0.3245 -0.3909 0.0240 0.2648 -0.1696 -0.2904 -0.3735 -0.2353 0.1786 -0.0566 -0.2550 -0.3457 -0.3810 0.0928 0.2660 -0.2077 -0.3130 -0.3867 -0.0359 0.2365 -0.1442 -0.2784 -0.3648 -0.3146 0.1489 0.0558 -0.2410 -0.3348 -0.3903 0.0607 0.2800 -0.1883 -0.2996 -0.3789 -0.3828 -0.3789 -0.2996 -0.1883 0.2800 0.0607 -0.3903 -0.3348 -0.2410 0.0558 0.1489 -0.3146 -0.3648 -0.2784 -0.1442 0.2365 -0.0359 -0.3867 -0.3130 -0.2077 0.2660 0.0928 -0.3810 -0.3457 -0.2550 -0.0566 0.1786 -0.2353 -0.3735 -0.2904 -0.1696 0.2648 0.0240 -0.3909 -0.3245 -0.2253 0.1887 0.1220 -0.3572 -0.3560 -0.2673 -0.1128 0.2085 -0.1239 -0.3811 -0.3024 -0.1910 0.2805 0.0660 -0.3893 -0.3294
-0.3838 0.0674 0.2805 -0.1903 -0.3017 -0.3806 -0.1337 0.2056 -0.1085 -0.2661 -0.3549 -0.3606 0.1189 0.2012 -0.2234 -0.3233 -0.3906 0.0188 0.2620 -0.1671 -0.2891 -0.3726 -0.2459 0.1754 -0.0479 -0.2537 -0.3445 -0.3826 0.0895 0.2700 -0.2057 -0.3117 -0.3861 -0.0446 0.2331 -0.1410 -0.2771 -0.3638 -0.3211 0.1456 0.0723 -0.2391 -0.3336 -0.3907 0.0569 0.2792 -0.1867 -0.2996 -0.3792 -0.2202 0.0927 -0.2202 -0.3792 -0.2996 -0.1867 0.2792 0.0569 -0.3907 -0.3336 -0.2391 0.0723 0.1456 -0.3211 -0.3638 -0.2771 -0.1410 0.2331 -0.0446 -0.3861 -0.3117 -0.2057 0.2700 0.0895 -0.3826 -0.3445 -0.2537 -0.0479 0.1754 -0.2459 -0.3726 -0.2891 -0.1671 0.2620 0.0188 -0.3906 -0.3233 -0.2234 0.2012 0.1189 -0.3606 -0.3549 -0.2661 -0.1085 0.2056 -0.1337 -0.3806 -0.3017 -0.1903 0.2805 0.0674 -0.3838
0.0677 0.2806 -0.1910 -0.3017 -0.3804 -0.1395 0.2036 -0.1049 -0.2650 -0.3540 -0.3636 0.1160 0.2120 -0.2216 -0.3220 -0.3903 0.0133 0.2592 -0.1646 -0.2878 -0.3717 -0.2560 0.1722 -0.0384 -0.2523 -0.3433 -0.3840 0.0861 0.2732 -0.2038 -0.3105 -0.3855 -0.0538 0.2298 -0.1376 -0.2758 -0.3628 -0.3271 0.1424 0.0892 -0.2373 -0.3324 -0.3910 0.0529 0.2780 -0.1846 -0.2986 -0.3788 -0.1769 0.1767 0.2700 0.1767 -0.1769 -0.3788 -0.2986 -0.1846 0.2780 0.0529 -0.3910 -0.3324 -0.2373 0.0892 0.1424 -0.3271 -0.3628 -0.2758 -0.1376 0.2298 -0.0538 -0.3855 -0.3105 -0.2038 0.2732 0.0861 -0.3840 -0.3433 -0.2523 -0.0384 0.1722 -0.2560 -0.3717 -0.2878 -0.1646 0.2592 0.0133 -0.3903 -0.3220 -0.2216 0.2120 0.1160 -0.3636 -0.3540 -0.2650 -0.1049 0.2036 -0.1395 -0.3804 -0.3017 -0.1910 0.2806 0.0677
0.2779 -0.1927 -0.3024 -0.3806 -0.1395 0.2029 -0.1029 -0.2642 -0.3532 -0.3660 0.1133 0.2212 -0.2199 -0.3209 -0.3899 0.0077 0.2562 -0.1620 -0.2865 -0.3708 -0.2656 0.1691 -0.0281 -0.2510 -0.3422 -0.3853 0.0828 0.2758 -0.2017 -0.3092 -0.3849 -0.0636 0.2265 -0.1342 -0.2745 -0.3617 -0.3327 0.1392 0.1061 -0.2354 -0.3312 -0.3912 0.0488 0.2766 -0.1824 -0.2974 -0.3781 -0.1756 0.1913 -0.0490 -0.2077 -0.0490 0.1913 -0.1756 -0.3781 -0.2974 -0.1824 0.2766 0.0488 -0.3912 -0.3312 -0.2354 0.1061 0.1392 -0.3327 -0.3617 -0.2745 -0.1342 0.2265 -0.0636 -0.3849 -0.3092 -0.2017 0.2758 0.0828 -0.3853 -0.3422 -0.2510 -0.0281 0.1691 -0.2656 -0.3708 -0.2865 -0.1620 0.2562 0.0077 -0.3899 -0.3209 -0.2199 0.2212 0.1133 -0.3660 -0.3532 -0.2642 -0.1029 0.2029 -0.1395 -0.3806 -0.3024 -0.1927 0.2779
-0.1897 -0.3036 -0.3811 -0.1337 0.2036 -0.1029 -0.2640 -0.3528 -0.3675 0.1113 0.2284 -0.2184 -0.3198 -0.3895 0.0023 0.2533 -0.1594 -0.2852 -0.3699 -0.2748 0.1660 -0.0169 -0.2496 -0.3410 -0.3864 0.0794 0.2778 -0.1997 -0.3079 -0.3842 -0.0739 0.2231 -0.1305 -0.2731 -0.3607 -0.3380 0.1359 0.1229 -0.2335 -0.3299 -0.3913 0.0446 0.2749 -0.1801 -0.2961 -0.3773 -0.1848 0.1917 -0.0788 -0.2525 -0.3105 -0.2525 -0.0788 0.1917 -0.1848 -0.3773 -0.2961 -0.1801 0.2749 0.0446 -0.3913 -0.3299 -0.2335 0.1229 0.1359 -0.3380 -0.3607 -0.2731 -0.1305 0.2231 -0.0739 -0.3842 -0.3079 -0.1997 0.2778 0.0794 -0.3864 -0.3410 -0.2496 -0.0169 0.1660 -0.2748 -0.3699 -0.2852 -0.1594 0.2533 0.0023 -0.3895 -0.3198 -0.2184 0.2284 0.1113 -0.3675 -0.3528 -0.2640 -0.1029 0.2036 -0.1337 -0.3811 -0.3036 -0.1897
-0.2961 -0.3818 -0.1239 0.2056 -0.1049 -0.2642 -0.3528 -0.3680 0.1103 0.2327 -0.2172 -0.3189 -0.3892 -0.0029 0.2506 -0.1569 -0.2840 -0.3689 -0.2832 0.1628 -0.0048 -0.2482 -0.3398 -0.3874 0.0759 0.2792 -0.1977 -0.3066 -0.3835 -0.0847 0.2198 -0.1268 -0.2718 -0.3596 -0.3429 0.1327 0.1391 -0.2317 -0.3287 -0.3913 0.0402 0.2729 -0.1778 -0.2948 -0.3765 -0.1964 0.1893 -0.0796 -0.2577 -0.3444 -0.3912 -0.3444 -0.2577 -0.0796 0.1893 -0.1964 -0.3765 -0.2948 -0.1778 0.2729 0.0402 -0.3913 -0.3287 -0.2317 0.1391 0.1327 -0.3429 -0.3596 -0.2718 -0.1268 0.2198 -0.0847 -0.3835 -0.3066 -0.1977 0.2792 0.0759 -0.3874 -0.3398 -0.2482 -0.0048 0.1628 -0.2832 -0.3689 -0.2840 -0.1569 0.2506 -0.0029 -0.3892 -0.3189 -0.2172 0.2327 0.1103 -0.3680 -0.3528 -0.2642 -0.1049 0.2056 -0.1239 -0.3818 -0.2961
-0.3754 -0.1125 0.2085 -0.1085 -0.2650 -0.3532 -0.3675 0.1103 0.2341 -0.2165 -0.3183 -0.3889 -0.0075 0.2483 -0.1547 -0.2829 -0.3681 -0.2907 0.1596 0.0079 -0.2468 -0.3386 -0.3883 0.0724 0.2801 -0.1956 -0.3053 -0.3828 -0.0960 0.2164 -0.1228 -0.2705 -0.3586 -0.3474 0.1296 0.1548 -0.2298 -0.3275 -0.3913 0.0357 0.2707 -0.1754 -0.2935 -0.3757 -0.2082 0.1862 -0.0745 -0.2579 -0.3473 -0.3863 -0.0793 -0.3863 -0.3473 -0.2579 -0.0745 0.1862 -0.2082 -0.3757 -0.2935 -0.1754 0.2707 0.0357 -0.3913 -0.3275 -0.2298 0.1548 0.1296 -0.3474 -0.3586 -0.2705 -0.1228 0.2164 -0.0960 -0.3828 -0.3053 -0.1956 0.2801 0.0724 -0.3883 -0.3386 -0.2468 0.0079 0.1596 -0.2907 -0.3681 -0.2829 -0.1547 0.2483 -0.0075 -0.3889 -0.3183 -0.2165 0.2341 0.1103 -0.3675 -0.3532 -0.2650 -0.1085 0.2085 -0.1125 -0.3754
-0.1082 0.2118 -0.1128 -0.2661 -0.3540 -0.3660 0.1113 0.2327 -0.2165 -0.3181 -0.3887 -0.0105 0.2464 -0.1528 -0.2820 -0.3674 -0.2971 0.1568 0.0205 -0.2452 -0.3375 -0.3890 0.0688 0.2806 -0.1935 -0.3041 -0.3821 -0.1077 0.2131 -0.1187 -0.2692 -0.3575 -0.3517 0.1264 0.1696 -0.2279 -0.3262 -0.3912 0.0310 0.2684 -0.1731 -0.2922 -0.3748 -0.2198 0.1830 -0.0676 -0.2569 -0.3470 -0.3810 0.0763 0.2136 0.0763 -0.3810 -0.3470 -0.2569 -0.0676 0.1830 -0.2198 -0.3748 -0.2922 -0.1731 0.2684 0.0310 -0.3912 -0.3262 -0.2279 0.1696 0.1264 -0.3517 -0.3575 -0.2692 -0.1187 0.2131 -0.1077 -0.3821 -0.3041 -0.1935 0.2806 0.0688 -0.3890 -0.3375 -0.2452 0.0205 0.1568 -0.2971 -0.3674 -0.2820 -0.1528 0.2464 -0.0105 -0.3887 -0.3181 -0.2165 0.2327 0.1113 -0.3660 -0.3540 -0.2661 -0.1128 0.2118 -0.1082
0.2136 -0.1170 -0.2673 -0.3549 -0.3636 0.1133 0.2284 -0.2172 -0.3183 -0.3887 -0.0116 0.2455 -0.1516 -0.2812 -0.3667 -0.3023 0.1543 0.0323 -0.2436 -0.3364 -0.3896 0.0653 0.2806 -0.1915 -0.3028 -0.3814 -0.1198 0.2097 -0.1144 -0.2678 -0.3564 -0.3557 0.1232 0.1835 -0.2260 -0.3250 -0.3910 0.0261 0.2658 -0.1706 -0.2909 -0.3739 -0.2309 0.1798 -0.0599 -0.2556 -0.3461 -0.3808 0.0892 0.2804 -0.1192 0.2804 0.0892 -0.3808 -0.3461 -0.2556 -0.0599 0.1798 -0.2309 -0.3739 -0.2909 -0.1706 0.2658 0.0261 -0.3910 -0.3250 -0.2260 0.1835 0.1232 -0.3557 -0.3564 -0.2678 -0.1144 0.2097 -0.1198 -0.3814 -0.3028 -0.1915 0.2806 0.0653 -0.3896 -0.3364 -0.2436 0.0323 0.1543 -0.3023 -0.3667 -0.2812 -0.1516 0.2455 -0.0116 -0.3887 -0.3183 -0.2172 0.2284 0.1133 -0.3636 -0.3549 -0.2673 -0.1170 0.2136
-0.1192 -0.2686 -0.3560 -0.3606 0.1160 0.2212 -0.2184 -0.3189 -0.3889 -0.0105 0.2455 -0.1511 -0.2809 -0.3663 -0.3061 0.1523 0.0427 -0.2422 -0.3355 -0.3900 0.0621 0.2802 -0.1895 -0.3016 -0.3807 -0.1321 0.2064 -0.1098 -0.2665 -0.3553 -0.3593 0.1201 0.1964 -0.2242 -0.3238 -0.3907 0.0209 0.2631 -0.1681 -0.2896 -0.3730 -0.2417 0.1767 -0.0515 -0.2542 -0.3450 -0.3821 0.0897 0.2734 -0.1943 -0.2677 -0.1943 0.2734 0.0897 -0.3821 -0.3450 -0.2542 -0.0515 0.1767 -0.2417 -0.3730 -0.2896 -0.1681 0.2631 0.0209 -0.3907 -0.3238 -0.2242 0.1964 0.1201 -0.3593 -0.3553 -0.2665 -0.1098 0.2064 -0.1321 -0.3807 -0.3016 -0.1895 0.2802 0.0621 -0.3900 -0.3355 -0.2422 0.0427 0.1523 -0.3061 -0.3663 -0.2809 -0.1511 0.2455 -0.0105 -0.3889 -0.3189 -0.2184 0.2212 0.1160 -0.3606 -0.3560 -0.2686 -0.1192
-0.2609 -0.3571 -0.3572 0.1189 0.2120 -0.2199 -0.3198 -0.3892 -0.0075 0.2464 -0.1516 -0.2809 -0.3662 -0.3082 0.1510 0.0507 -0.2411 -0.3346 -0.3904 0.0592 0.2796 -0.1877 -0.3004 -0.3800 -0.1439 0.2032 -0.1050 -0.2652 -0.3542 -0.3627 0.1169 0.2082 -0.2223 -0.3225 -0.3904 0.0156 0.2603 -0.1656 -0.2883 -0.3721 -0.2520 0.1735 -0.0423 -0.2529 -0.3438 -0.3835 0.0873 0.2730 -0.2018 -0.3038 -0.3597 -0.3038 -0.2018 0.2730 0.0873 -0.3835 -0.3438 -0.2529 -0.0423 0.1735 -0.2520 -0.3721 -0.2883 -0.1656 0.2603 0.0156 -0.3904 -0.3225 -0.2223 0.2082 0.1169 -0.3627 -0.3542 -0.2652 -0.1050 0.2032 -0.1439 -0.3800 -0.3004 -0.1877 0.2796 0.0592 -0.3904 -0.3346 -0.2411 0.0507 0.1510 -0.3082 -0.3662 -0.2809 -0.1516 0.2464 -0.0075 -0.3892 -0.3198 -0.2199 0.2120 0.1189 -0.3572 -0.3571 -0.2609
-0.3501 -0.3533 0.1220 0.2012 -0.2216 -0.3209 -0.3895 -0.0029 0.2483 -0.1528 -0.2812 -0.3663 -0.3082 0.1505 0.0550 -0.2404 -0.3341 -0.3906 0.0567 0.2790 -0.1860 -0.2994 -0.3793 -0.1546 0.2002 -0.1002 -0.2639 -0.3531 -0.3659 0.1138 0.2190 -0.2204 -0.3213 -0.3901 0.0099 0.2574 -0.1630 -0.2870 -0.3712 -0.2618 0.1703 -0.0324 -0.2515 -0.3426 -0.3848 0.0841 0.2750 -0.2020 -0.3081 -0.3842 -0.3648 -0.3842 -0.3081 -0.2020 0.2750 0.0841 -0.3848 -0.3426 -0.2515 -0.0324 0.1703 -0.2618 -0.3712 -0.2870 -0.1630 0.2574 0.0099 -0.3901 -0.3213 -0.2204 0.2190 0.1138 -0.3659 -0.3531 -0.2639 -0.1002 0.2002 -0.1546 -0.3793 -0.2994 -0.1860 0.2790 0.0567 -0.3906 -0.3341 -0.2404 0.0550 0.1505 -0.3082 -0.3663 -0.2812 -0.1528 0.2483 -0.0029 -0.3895 -0.3209 -0.2216 0.2012 0.1220 -0.3533 -0.3501
-0.3480 0.1252 0.1887 -0.2234 -0.3220 -0.3899 0.0023 0.2506 -0.1547 -0.2820 -0.3667 -0.3061 0.1510 0.0550 -0.2402 -0.3338 -0.3907 0.0549 0.2784 -0.1847 -0.2985 -0.3787 -0.1644 0.1976 -0.0957 -0.2627 -0.3521 -0.3686 0.1107 0.2288 -0.2185 -0.3200 -0.3896 0.0040 0.2544 -0.1603 -0.2857 -0.3702 -0.2711 0.1672 -0.0215 -0.2502 -0.3415 -0.3860 0.0807 0.2771 -0.2004 -0.3081 -0.3840 -0.1403 0.1128 -0.1403 -0.3840 -0.3081 -0.2004 0.2771 0.0807 -0.3860 -0.3415 -0.2502 -0.0215 0.1672 -0.2711 -0.3702 -0.2857 -0.1603 0.2544 0.0040 -0.3896 -0.3200 -0.2185 0.2288 0.1107 -0.3686 -0.3521 -0.2627 -0.0957 0.1976 -0.1644 -0.3787 -0.2985 -0.1847 0.2784 0.0549 -0.3907 -0.3338 -0.2402 0.0550 0.1510 -0.3061 -0.3667 -0.2820 -0.1547 0.2506 0.0023 -0.3899 -0.3220 -0.2234 0.1887 0.1252 -0.3480
0.1262 0.1752 -0.2253 -0.3233 -0.3903 0.0077 0.2533 -0.1569 -0.2829 -0.3674 -0.3023 0.1523 0.0507 -0.2404 -0.3338 -0.3908 0.0539 0.2779 -0.1837 -0.2979 -0.3782 -0.1728 0.1952 -0.0914 -0.2616 -0.3512 -0.3710 0.1078 0.2371 -0.2166 -0.3188 -0.3892 -0.0023 0.2512 -0.1576 -0.2844 -0.3693 -0.2800 0.1641 -0.0098 -0.2488 -0.3403 -0.3870 0.0773 0.2787 -0.1985 -0.3071 -0.3837 -0.0963 0.1981 0.2309 0.1981 -0.0963 -0.3837 -0.3071 -0.1985 0.2787 0.0773 -0.3870 -0.3403 -0.2488 -0.0098 0.1641 -0.2800 -0.3693 -0.2844 -0.1576 0.2512 -0.0023 -0.3892 -0.3188 -0.2166 0.2371 0.1078 -0.3710 -0.3512 -0.2616 -0.0914 0.1952 -0.1728 -0.3782 -0.2979 -0.1837 0.2779 0.0539 -0.3908 -0.3338 -0.2404 0.0507 0.1523 -0.3023 -0.3674 -0.2829 -0.1569 0.2533 0.0077 -0.3903 -0.3233 -0.2253 0.1752 0.1262
0.1581 -0.2272 -0.3245 -0.3906 0.0133 0.2562 -0.1594 -0.2840 -0.3681 -0.2971 0.1543 0.0427 -0.2411 -0.3341 -0.3907 0.0539 0.2777 -0.1831 -0.2974 -0.3779 -0.1791 0.1933 -0.0876 -0.2607 -0.3503 -0.3730 0.1052 0.2439 -0.2149 -0.3176 -0.3887 -0.0089 0.2481 -0.1548 -0.2831 -0.3683 -0.2884 0.1608 0.0030 -0.2474 -0.3391 -0.3880 0.0738 0.2798 -0.1964 -0.3058 -0.3831 -0.0950 0.2129 -0.0953 -0.2192 -0.0953 0.2129 -0.0950 -0.3831 -0.3058 -0.1964 0.2798 0.0738 -0.3880 -0.3391 -0.2474 0.0030 0.1608 -0.2884 -0.3683 -0.2831 -0.1548 0.2481 -0.0089 -0.3887 -0.3176 -0.2149 0.2439 0.1052 -0.3730 -0.3503 -0.2607 -0.0876 0.1933 -0.1791 -0.3779 -0.2974 -0.1831 0.2777 0.0539 -0.3907 -0.3341 -0.2411 0.0427 0.1543 -0.2971 -0.3681 -0.2840 -0.1594 0.2562 0.0133 -0.3906 -0.3245 -0.2272 0.1581
-0.2214 -0.3257 -0.3909 0.0188 0.2592 -0.1620 -0.2852 -0.3689 -0.2907 0.1568 0.0323 -0.2422 -0.3346 -0.3906 0.0549 0.2779 -0.1831 -0.2972 -0.3777 -0.1830 0.1920 -0.0845 -0.2599 -0.3496 -0.3746 0.1028 0.2495 -0.2133 -0.3165 -0.3882 -0.0155 0.2449 -0.1520 -0.2818 -0.3674 -0.2964 0.1574 0.0167 -0.2457 -0.3379 -0.3888 0.0702 0.2805 -0.1944 -0.3046 -0.3824 -0.1036 0.2134 -0.1143 -0.2614 -0.3192 -0.2614 -0.1143 0.2134 -0.1036 -0.3824 -0.3046 -0.1944 0.2805 0.0702 -0.3888 -0.3379 -0.2457 0.0167 0.1574 -0.2964 -0.3674 -0.2818 -0.1520 0.2449 -0.0155 -0.3882 -0.3165 -0.2133 0.2495 0.1028 -0.3746 -0.3496 -0.2599 -0.0845 0.1920 -0.1830 -0.3777 -0.2972 -0.1831 0.2779 0.0549 -0.3906 -0.3346 -0.2422 0.0323 0.1568 -0.2907 -0.3689 -0.2852 -0.1620 0.2592 0.0188 -0.3909 -0.3257 -0.2214
-0.3185 -0.3911 0.0240 0.2620 -0.1646 -0.2865 -0.3699 -0.2832 0.1596 0.0205 -0.2436 -0.3355 -0.3904 0.0567 0.2784 -0.1837 -0.2974 -0.3777 -0.1845 0.1912 -0.0826 -0.2594 -0.3490 -0.3759 0.1007 0.2540 -0.2119 -0.3155 -0.3878 -0.0218 0.2420 -0.1493 -0.2805 -0.3664 -0.3039 0.1540 0.0314 -0.2439 -0.3367 -0.3894 0.0666 0.2806 -0.1923 -0.3033 -0.3817 -0.1150 0.2109 -0.1148 -0.2665 -0.3523 -0.3951 -0.3523 -0.2665 -0.1148 0.2109 -0.1150 -0.3817 -0.3033 -0.1923 0.2806 0.0666 -0.3894 -0.3367 -0.2439 0.0314 0.1540 -0.3039 -0.3664 -0.2805 -0.1493 0.2420 -0.0218 -0.3878 -0.3155 -0.2119 0.2540 0.1007 -0.3759 -0.3490 -0.2594 -0.0826 0.1912 -0.1845 -0.3777 -0.2974 -0.1837 0.2784 0.0567 -0.3904 -0.3355 -0.2436 0.0205 0.1596 -0.2832 -0.3699 -0.2865 -0.1646 0.2620 0.0240 -0.3911 -0.3185
-0.3853 0.0290 0.2648 -0.1671 -0.2878 -0.3708 -0.2748 0.1628 0.0079 -0.2452 -0.3364 -0.3900 0.0592 0.2790 -0.1847 -0.2979 -0.3779 -0.1830 0.1912 -0.0820 -0.2591 -0.3487 -0.3768 0.0991 0.2574 -0.2107 -0.3147 -0.3874 -0.0277 0.2394 -0.1467 -0.2794 -0.3655 -0.3105 0.1508 0.0469 -0.2420 -0.3355 -0.3900 0.0628 0.2803 -0.1901 -0.3020 -0.3809 -0.1272 0.2077 -0.1114 -0.2666 -0.3547 -0.3752 -0.0197 -0.3752 -0.3547 -0.2666 -0.1114 0.2077 -0.1272 -0.3809 -0.3020 -0.1901 0.2803 0.0628 -0.3900 -0.3355 -0.2420 0.0469 0.1508 -0.3105 -0.3655 -0.2794 -0.1467 0.2394 -0.0277 -0.3874 -0.3147 -0.2107 0.2574 0.0991 -0.3768 -0.3487 -0.2591 -0.0820 0.1912 -0.1830 -0.3779 -0.2979 -0.1847 0.2790 0.0592 -0.3900 -0.3364 -0.2452 0.0079 0.1628 -0.2748 -0.3708 -0.2878 -0.1671 0.2648 0.0290 -0.3853
0.0302 0.2674 -0.1696 -0.2891 -0.3717 -0.2656 0.1660 -0.0048 -0.2468 -0.3375 -0.3896 0.0621 0.2796 -0.1860 -0.2985 -0.3782 -0.1791 0.1920 -0.0826 -0.2591 -0.3485 -0.3772 0.0982 0.2597 -0.2097 -0.3140 -0.3870 -0.0329 0.2371 -0.1444 -0.2783 -0.3647 -0.3162 0.1478 0.0622 -0.2402 -0.3343 -0.3904 0.0590 0.2797 -0.1880 -0.3007 -0.3802 -0.1396 0.2044 -0.1070 -0.2656 -0.3544 -0.3659 0.0979 0.2357 0.0979 -0.3659 -0.3544 -0.2656 -0.1070 0.2044 -0.1396 -0.3802 -0.3007 -0.1880 0.2797 0.0590 -0.3904 -0.3343 -0.2402 0.0622 0.1478 -0.3162 -0.3647 -0.2783 -0.1444 0.2371 -0.0329 -0.3870 -0.3140 -0.2097 0.2597 0.0982 -0.3772 -0.3485 -0.2591 -0.0826 0.1920 -0.1791 -0.3782 -0.2985 -0.1860 0.2796 0.0621 -0.3896 -0.3375 -0.2468 -0.0048 0.1660 -0.2656 -0.3717 -0.2891 -0.1696 0.2674 0.0302
0.2678 -0.1721 -0.2904 -0.3726 -0.2560 0.1691 -0.0169 -0.2482 -0.3386 -0.3890 0.0653 0.2802 -0.1877 -0.2994 -0.3787 -0.1728 0.1933 -0.0845 -0.2594 -0.3487 -0.3772 0.0978 0.2607 -0.2091 -0.3135 -0.3867 -0.0375 0.2351 -0.1423 -0.2774 -0.3639 -0.3212 0.1452 0.0764 -0.2385 -0.3331 -0.3908 0.0551 0.2787 -0.1858 -0.2994 -0.3794 -0.1522 0.2011 -0.1020 -0.2644 -0.3535 -0.3656 0.1102 0.2633 -0.1443 0.2633 0.1102 -0.3656 -0.3535 -0.2644 -0.1020 0.2011 -0.1522 -0.3794 -0.2994 -0.1858 0.2787 0.0551 -0.3908 -0.3331 -0.2385 0.0764 0.1452 -0.3212 -0.3639 -0.2774 -0.1423 0.2351 -0.0375 -0.3867 -0.3135 -0.2091 0.2607 0.0978 -0.3772 -0.3487 -0.2594 -0.0845 0.1933 -0.1728 -0.3787 -0.2994 -0.1877 0.2802 0.0653 -0.3890 -0.3386 -0.2482 -0.0169 0.1691 -0.2560 -0.3726 -0.2904 -0.1721 0.2678
-0.1706 -0.2917 -0.3735 -0.2459 0.1722 -0.0281 -0.2496 -0.3398 -0.3883 0.0688 0.2806 -0.1895 -0.3004 -0.3793 -0.1644 0.1952 -0.0876 -0.2599 -0.3490 -0.3768 0.0982 0.2607 -0.2089 -0.3132 -0.3866 -0.0410 0.2335 -0.1405 -0.2766 -0.3632 -0.3254 0.1429 0.0891 -0.2370 -0.3321 -0.3910 0.0513 0.2775 -0.1836 -0.2981 -0.3786 -0.1648 0.1978 -0.0967 -0.2630 -0.3524 -0.3678 0.1108 0.2380 -0.2077 -0.2766 -0.2077 0.2380 0.1108 -0.3678 -0.3524 -0.2630 -0.0967 0.1978 -0.1648 -0.3786 -0.2981 -0.1836 0.2775 0.0513 -0.3910 -0.3321 -0.2370 0.0891 0.1429 -0.3254 -0.3632 -0.2766 -0.1405 0.2335 -0.0410 -0.3866 -0.3132 -0.2089 0.2607 0.0982 -0.3768 -0.3490 -0.2599 -0.0876 0.1952 -0.1644 -0.3793 -0.3004 -0.1895 0.2806 0.0688 -0.3883 -0.3398 -0.2496 -0.0281 0.1722 -0.2459 -0.3735 -0.2917 -0.1706
-0.2842 -0.3744 -0.2353 0.1754 -0.0384 -0.2510 -0.3410 -0.3874 0.0724 0.2806 -0.1915 -0.3016 -0.3800 -0.1546 0.1976 -0.0914 -0.2607 -0.3496 -0.3759 0.0991 0.2597 -0.2091 -0.3132 -0.3865 -0.0428 0.2325 -0.1392 -0.2760 -0.3627 -0.3289 0.1408 0.1005 -0.2357 -0.3312 -0.3912 0.0478 0.2761 -0.1816 -0.2969 -0.3778 -0.1772 0.1945 -0.0911 -0.2617 -0.3513 -0.3704 0.1085 0.2369 -0.2147 -0.3124 -0.3673 -0.3124 -0.2147 0.2369 0.1085 -0.3704 -0.3513 -0.2617 -0.0911 0.1945 -0.1772 -0.3778 -0.2969 -0.1816 0.2761 0.0478 -0.3912 -0.3312 -0.2357 0.1005 0.1408 -0.3289 -0.3627 -0.2760 -0.1392 0.2325 -0.0428 -0.3865 -0.3132 -0.2091 0.2597 0.0991 -0.3759 -0.3496 -0.2607 -0.0914 0.1976 -0.1546 -0.3800 -0.3016 -0.1915 0.2806 0.0724 -0.3874 -0.3410 -0.2510 -0.0384 0.1754 -0.2353 -0.3744 -0.2842
-0.3678 -0.2243 0.1786 -0.0479 -0.2523 -0.3422 -0.3864 0.0759 0.2801 -0.1935 -0.3028 -0.3807 -0.1439 0.2002 -0.0957 -0.2616 -0.3503 -0.3746 0.1007 0.2574 -0.2097 -0.3135 -0.3866 -0.0428 0.2322 -0.1385 -0.2756 -0.3623 -0.3315 0.1390 0.1106 -0.2346 -0.3304 -0.3913 0.0446 0.2746 -0.1796 -0.2958 -0.3771 -0.1889 0.1914 -0.0851 -0.2604 -0.3502 -0.3730 0.1055 0.2429 -0.2148 -0.3165 -0.3886 -0.3353 -0.3886 -0.3165 -0.2148 0.2429 0.1055 -0.3730 -0.3502 -0.2604 -0.0851 0.1914 -0.1889 -0.3771 -0.2958 -0.1796 0.2746 0.0446 -0.3913 -0.3304 -0.2346 0.1106 0.1390 -0.3315 -0.3623 -0.2756 -0.1385 0.2322 -0.0428 -0.3866 -0.3135 -0.2097 0.2574 0.1007 -0.3746 -0.3503 -0.2616 -0.0957 0.2002 -0.1439 -0.3807 -0.3028 -0.1935 0.2801 0.0759 -0.3864 -0.3422 -0.2523 -0.0479 0.1786 -0.2243 -0.3678
-0.2188 0.1818 -0.0566 -0.2537 -0.3433 -0.3853 0.0794 0.2792 -0.1956 -0.3041 -0.3814 -0.1321 0.2032 -0.1002 -0.2627 -0.3512 -0.3730 0.1028 0.2540 -0.2107 -0.3140 -0.3867 -0.0410 0.2325 -0.1385 -0.2755 -0.3621 -0.3332 0.1377 0.1186 -0.2335 -0.3297 -0.3913 0.0418 0.2733 -0.1779 -0.2947 -0.3764 -0.1992 0.1884 -0.0790 -0.2591 -0.3491 -0.3753 0.1023 0.2497 -0.2134 -0.3164 -0.3878 -0.0649 0.1327 -0.0649 -0.3878 -0.3164 -0.2134 0.2497 0.1023 -0.3753 -0.3491 -0.2591 -0.0790 0.1884 -0.1992 -0.3764 -0.2947 -0.1779 0.2733 0.0418 -0.3913 -0.3297 -0.2335 0.1186 0.1377 -0.3332 -0.3621 -0.2755 -0.1385 0.2325 -0.0410 -0.3867 -0.3140 -0.2107 0.2540 0.1028 -0.3730 -0.3512 -0.2627 -0.1002 0.2032 -0.1321 -0.3814 -0.3041 -0.1956 0.2792 0.0794 -0.3853 -0.3433 -0.2537 -0.0566 0.1818 -0.2188
0.1833 -0.0646 -0.2550 -0.3445 -0.3840 0.0828 0.2778 -0.1977 -0.3053 -0.3821 -0.1198 0.2064 -0.1050 -0.2639 -0.3521 -0.3710 0.1052 0.2495 -0.2119 -0.3147 -0.3870 -0.0375 0.2335 -0.1392 -0.2756 -0.3621 -0.3337 0.1371 0.1235 -0.2328 -0.3291 -0.3913 0.0394 0.2720 -0.1764 -0.2938 -0.3757 -0.2084 0.1859 -0.0732 -0.2578 -0.3480 -0.3774 0.0991 0.2560 -0.2115 -0.3154 -0.3877 -0.0316 0.2205 0.1506 0.2205 -0.0316 -0.3877 -0.3154 -0.2115 0.2560 0.0991 -0.3774 -0.3480 -0.2578 -0.0732 0.1859 -0.2084 -0.3757 -0.2938 -0.1764 0.2720 0.0394 -0.3913 -0.3291 -0.2328 0.1235 0.1371 -0.3337 -0.3621 -0.2756 -0.1392 0.2335 -0.0375 -0.3870 -0.3147 -0.2119 0.2495 0.1052 -0.3710 -0.3521 -0.2639 -0.1050 0.2064 -0.1198 -0.3821 -0.3053 -0.1977 0.2778 0.0828 -0.3840 -0.3445 -0.2550 -0.0646 0.1833
-0.0710 -0.2564 -0.3457 -0.3826 0.0861 0.2758 -0.1997 -0.3066 -0.3828 -0.1077 0.2097 -0.1098 -0.2652 -0.3531 -0.3686 0.1078 0.2439 -0.2133 -0.3155 -0.3874 -0.0329 0.2351 -0.1405 -0.2760 -0.3623 -0.3332 0.1371 0.1252 -0.2324 -0.3287 -0.3913 0.0373 0.2709 -0.1751 -0.2930 -0.3752 -0.2165 0.1835 -0.0677 -0.2568 -0.3470 -0.3791 0.0960 0.2614 -0.2096 -0.3142 -0.3872 -0.0306 0.2349 -0.1257 -0.2303 -0.1257 0.2349 -0.0306 -0.3872 -0.3142 -0.2096 0.2614 0.0960 -0.3791 -0.3470 -0.2568 -0.0677 0.1835 -0.2165 -0.3752 -0.2930 -0.1751 0.2709 0.0373 -0.3913 -0.3287 -0.2324 0.1252 0.1371 -0.3332 -0.3623 -0.2760 -0.1405 0.2351 -0.0329 -0.3874 -0.3155 -0.2133 0.2439 0.1078 -0.3686 -0.3531 -0.2652 -0.1098 0.2097 -0.1077 -0.3828 -0.3066 -0.1997 0.2758 0.0861 -0.3826 -0.3457 -0.2564 -0.0710
-0.2485 -0.3468 -0.3810 0.0895 0.2732 -0.2017 -0.3079 -0.3835 -0.0960 0.2131 -0.1144 -0.2665 -0.3542 -0.3659 0.1107 0.2371 -0.2149 -0.3165 -0.3878 -0.0277 0.2371 -0.1423 -0.2766 -0.3627 -0.3315 0.1377 0.1235 -0.2324 -0.3286 -0.3913 0.0360 0.2701 -0.1740 -0.2924 -0.3747 -0.2233 0.1815 -0.0626 -0.2558 -0.3461 -0.3805 0.0933 0.2657 -0.2077 -0.3130 -0.3867 -0.0368 0.2353 -0.1394 -0.2703 -0.3278 -0.2703 -0.1394 0.2353 -0.0368 -0.3867 -0.3130 -0.2077 0.2657 0.0933 -0.3805 -0.3461 -0.2558 -0.0626 0.1815 -0.2233 -0.3747 -0.2924 -0.1740 0.2701 0.0360 -0.3913 -0.3286 -0.2324 0.1235 0.1377 -0.3315 -0.3627 -0.2766 -0.1423 0.2371 -0.0277 -0.3878 -0.3165 -0.2149 0.2371 0.1107 -0.3659 -0.3542 -0.2665 -0.1144 0.2131 -0.0960 -0.3835 -0.3079 -0.2017 0.2732 0.0895 -0.3810 -0.3468 -0.2485
-0.3397 -0.3793 0.0928 0.2700 -0.2038 -0.3092 -0.3842 -0.0847 0.2164 -0.1187 -0.2678 -0.3553 -0.3627 0.1138 0.2288 -0.2166 -0.3176 -0.3882 -0.0218 0.2394 -0.1444 -0.2774 -0.3632 -0.3289 0.1390 0.1186 -0.2328 -0.3287 -0.3913 0.0355 0.2696 -0.1733 -0.2919 -0.3743 -0.2289 0.1797 -0.0577 -0.2550 -0.3454 -0.3817 0.0908 0.2690 -0.2061 -0.3118 -0.3861 -0.0446 0.2329 -0.1398 -0.2752 -0.3599 -0.3973 -0.3599 -0.2752 -0.1398 0.2329 -0.0446 -0.3861 -0.3118 -0.2061 0.2690 0.0908 -0.3817 -0.3454 -0.2550 -0.0577 0.1797 -0.2289 -0.3743 -0.2919 -0.1733 0.2696 0.0355 -0.3913 -0.3287 -0.2328 0.1186 0.1390 -0.3289 -0.3632 -0.2774 -0.1444 0.2394 -0.0218 -0.3882 -0.3176 -0.2166 0.2288 0.1138 -0.3627 -0.3553 -0.2678 -0.1187 0.2164 -0.0847 -0.3842 -0.3092 -0.2038 0.2700 0.0928 -0.3793 -0.3397
-0.3738 0.0960 0.2660 -0.2057 -0.3105 -0.3849 -0.0739 0.2198 -0.1228 -0.2692 -0.3564 -0.3593 0.1169 0.2190 -0.2185 -0.3188 -0.3887 -0.0155 0.2420 -0.1467 -0.2783 -0.3639 -0.3254 0.1408 0.1106 -0.2335 -0.3291 -0.3913 0.0360 0.2696 -0.1731 -0.2917 -0.3740 -0.2330 0.1783 -0.0535 -0.2542 -0.3447 -0.3826 0.0887 0.2714 -0.2046 -0.3108 -0.3856 -0.0526 0.2300 -0.1375 -0.2754 -0.3618 -0.3557 0.0208 -0.3557 -0.3618 -0.2754 -0.1375 0.2300 -0.0526 -0.3856 -0.3108 -0.2046 0.2714 0.0887 -0.3826 -0.3447 -0.2542 -0.0535 0.1783 -0.2330 -0.3740 -0.2917 -0.1731 0.2696 0.0360 -0.3913 -0.3291 -0.2335 0.1106 0.1408 -0.3254 -0.3639 -0.2783 -0.1467 0.2420 -0.0155 -0.3887 -0.3188 -0.2185 0.2190 0.1169 -0.3593 -0.3564 -0.2692 -0.1228 0.2198 -0.0739 -0.3849 -0.3105 -0.2057 0.2660 0.0960 -0.3738
0.0969 0.2613 -0.2077 -0.3117 -0.3855 -0.0636 0.2231 -0.1268 -0.2705 -0.3575 -0.3557 0.1201 0.2082 -0.2204 -0.3200 -0.3892 -0.0089 0.2449 -0.1493 -0.2794 -0.3647 -0.3212 0.1429 0.1005 -0.2346 -0.3297 -0.3913 0.0373 0.2701 -0.1733 -0.2917 -0.3739 -0.2352 0.1773 -0.0502 -0.2536 -0.3441 -0.3834 0.0868 0.2733 -0.2033 -0.3099 -0.3852 -0.0603 0.2273 -0.1347 -0.2745 -0.3616 -0.3401 0.1184 0.2567 0.1184 -0.3401 -0.3616 -0.2745 -0.1347 0.2273 -0.0603 -0.3852 -0.3099 -0.2033 0.2733 0.0868 -0.3834 -0.3441 -0.2536 -0.0502 0.1773 -0.2352 -0.3739 -0.2917 -0.1733 0.2701 0.0373 -0.3913 -0.3297 -0.2346 0.1005 0.1429 -0.3212 -0.3647 -0.2794 -0.1493 0.2449 -0.0089 -0.3892 -0.3200 -0.2204 0.2082 0.1201 -0.3557 -0.3575 -0.2705 -0.1268 0.2231 -0.0636 -0.3855 -0.3117 -0.2077 0.2613 0.0969
0.2528 -0.2097 -0.3130 -0.3861 -0.0538 0.2265 -0.1305 -0.2718 -0.3586 -0.3517 0.1232 0.1964 -0.2223 -0.3213 -0.3896 -0.0023 0.2481 -0.1520 -0.2805 -0.3655 -0.3162 0.1452 0.0891 -0.2357 -0.3304 -0.3913 0.0394 0.2709 -0.1740 -0.2919 -0.3740 -0.2352 0.1770 -0.0484 -0.2532 -0.3437 -0.3840 0.0852 0.2747 -0.2022 -0.3092 -0.3847 -0.0673 0.2248 -0.1319 -0.2735 -0.3608 -0.3391 0.1311 0.2114 -0.1646 0.2114 0.1311 -0.3391 -0.3608 -0.2735 -0.1319 0.2248 -0.0673 -0.3847 -0.3092 -0.2022 0.2747 0.0852 -0.3840 -0.3437 -0.2532 -0.0484 0.1770 -0.2352 -0.3740 -0.2919 -0.1740 0.2709 0.0394 -0.3913 -0.3304 -0.2357 0.0891 0.1452 -0.3162 -0.3655 -0.2805 -0.1520 0.2481 -0.0023 -0.3896 -0.3213 -0.2223 0.1964 0.1232 -0.3517 -0.3586 -0.2718 -0.1305 0.2265 -0.0538 -0.3861 -0.3130 -0.2097 0.2528
-0.2055 -0.3143 -0.3867 -0.0446 0.2298 -0.1342 -0.2731 -0.3596 -0.3474 0.1264 0.1835 -0.2242 -0.3225 -0.3901 0.0040 0.2512 -0.1548 -0.2818 -0.3664 -0.3105 0.1478 0.0764 -0.2370 -0.3312 -0.3913 0.0418 0.2720 -0.1751 -0.2924 -0.3743 -0.2330 0.1773 -0.0484 -0.2531 -0.3435 -0.3844 0.0840 0.2757 -0.2013 -0.3085 -0.3844 -0.0735 0.2226 -0.1294 -0.2726 -0.3601 -0.3418 0.1322 0.1597 -0.2208 -0.2856 -0.2208 0.1597 0.1322 -0.3418 -0.3601 -0.2726 -0.1294 0.2226 -0.0735 -0.3844 -0.3085 -0.2013 0.2757 0.0840 -0.3844 -0.3435 -0.2531 -0.0484 0.1773 -0.2330 -0.3743 -0.2924 -0.1751 0.2720 0.0418 -0.3913 -0.3312 -0.2370 0.0764 0.1478 -0.3105 -0.3664 -0.2818 -0.1548 0.2512 0.0040 -0.3901 -0.3225 -0.2242 0.1835 0.1264 -0.3474 -0.3596 -0.2731 -0.1342 0.2298 -0.0446 -0.3867 -0.3143 -0.2055
-0.3069 -0.3873 -0.0359 0.2331 -0.1376 -0.2745 -0.3607 -0.3429 0.1296 0.1696 -0.2260 -0.3238 -0.3904 0.0099 0.2544 -0.1576 -0.2831 -0.3674 -0.3039 0.1508 0.0622 -0.2385 -0.3321 -0.3912 0.0446 0.2733 -0.1764 -0.2930 -0.3747 -0.2289 0.1783 -0.0502 -0.2532 -0.3435 -0.3845 0.0833 0.2764 -0.2006 -0.3080 -0.3841 -0.0789 0.2208 -0.1271 -0.2717 -0.3593 -0.3449 0.1307 0.1553 -0.2276 -0.3212 -0.3747 -0.3212 -0.2276 0.1553 0.1307 -0.3449 -0.3593 -0.2717 -0.1271 0.2208 -0.0789 -0.3841 -0.3080 -0.2006 0.2764 0.0833 -0.3845 -0.3435 -0.2532 -0.0502 0.1783 -0.2289 -0.3747 -0.2930 -0.1764 0.2733 0.0446 -0.3912 -0.3321 -0.2385 0.0622 0.1508 -0.3039 -0.3674 -0.2831 -0.1576 0.2544 0.0099 -0.3904 -0.3238 -0.2260 0.1696 0.1296 -0.3429 -0.3607 -0.2745 -0.1376 0.2331 -0.0359 -0.3873 -0.3069
-0.3811 -0.0277 0.2365 -0.1410 -0.2758 -0.3617 -0.3380 0.1327 0.1548 -0.2279 -0.3250 -0.3907 0.0156 0.2574 -0.1603 -0.2844 -0.3683 -0.2964 0.1540 0.0469 -0.2402 -0.3331 -0.3910 0.0478 0.2746 -0.1779 -0.2938 -0.3752 -0.2233 0.1797 -0.0535 -0.2536 -0.3437 -0.3844 0.0833 0.2766 -0.2001 -0.3077 -0.3838 -0.0832 0.2193 -0.1252 -0.2710 -0.3587 -0.3476 0.1288 0.1620 -0.2281 -0.3252 -0.3918 -0.2877 -0.3918 -0.3252 -0.2281 0.1620 0.1288 -0.3476 -0.3587 -0.2710 -0.1252 0.2193 -0.0832 -0.3838 -0.3077 -0.2001 0.2766 0.0833 -0.3844 -0.3437 -0.2536 -0.0535 0.1797 -0.2233 -0.3752 -0.2938 -0.1779 0.2746 0.0478 -0.3910 -0.3331 -0.2402 0.0469 0.1540 -0.2964 -0.3683 -0.2844 -0.1603 0.2574 0.0156 -0.3907 -0.3250 -0.2279 0.1548 0.1327 -0.3380 -0.3617 -0.2758 -0.1410 0.2365 -0.0277 -0.3811
-0.0254 0.2398 -0.1442 -0.2771 -0.3628 -0.3327 0.1359 0.1391 -0.2298 -0.3262 -0.3910 0.0209 0.2603 -0.1630 -0.2857 -0.3693 -0.2884 0.1574 0.0314 -0.2420 -0.3343 -0.3908 0.0513 0.2761 -0.1796 -0.2947 -0.3757 -0.2165 0.1815 -0.0577 -0.2542 -0.3441 -0.3840 0.0840 0.2764 -0.2001 -0.3075 -0.3837 -0.0863 0.2181 -0.1236 -0.2704 -0.3582 -0.3500 0.1270 0.1700 -0.2274 -0.3254 -0.3907 -0.0072 0.1543 -0.0072 -0.3907 -0.3254 -0.2274 0.1700 0.1270 -0.3500 -0.3582 -0.2704 -0.1236 0.2181 -0.0863 -0.3837 -0.3075 -0.2001 0.2764 0.0840 -0.3840 -0.3441 -0.2542 -0.0577 0.1815 -0.2165 -0.3757 -0.2947 -0.1796 0.2761 0.0513 -0.3908 -0.3343 -0.2420 0.0314 0.1574 -0.2884 -0.3693 -0.2857 -0.1630 0.2603 0.0209 -0.3910 -0.3262 -0.2298 0.1391 0.1359 -0.3327 -0.3628 -0.2771 -0.1442 0.2398 -0.0254
0.2415 -0.1473 -0.2784 -0.3638 -0.3271 0.1392 0.1229 -0.2317 -0.3275 -0.3912 0.0261 0.2631 -0.1656 -0.2870 -0.3702 -0.2800 0.1608 0.0167 -0.2439 -0.3355 -0.3904 0.0551 0.2775 -0.1816 -0.2958 -0.3764 -0.2084 0.1835 -0.0626 -0.2550 -0.3447 -0.3834 0.0852 0.2757 -0.2006 -0.3077 -0.3837 -0.0874 0.2174 -0.1225 -0.2699 -0.3577 -0.3519 0.1254 0.1773 -0.2264 -0.3249 -0.3908 0.0165 0.2453 0.0341 0.2453 0.0165 -0.3908 -0.3249 -0.2264 0.1773 0.1254 -0.3519 -0.3577 -0.2699 -0.1225 0.2174 -0.0874 -0.3837 -0.3077 -0.2006 0.2757 0.0852 -0.3834 -0.3447 -0.2550 -0.0626 0.1835 -0.2084 -0.3764 -0.2958 -0.1816 0.2775 0.0551 -0.3904 -0.3355 -0.2439 0.0167 0.1608 -0.2800 -0.3702 -0.2870 -0.1656 0.2631 0.0261 -0.3912 -0.3275 -0.2317 0.1229 0.1392 -0.3271 -0.3638 -0.2784 -0.1473 0.2415
-0.1474 -0.2797 -0.3648 -0.3211 0.1424 0.1061 -0.2335 -0.3287 -0.3913 0.0310 0.2658 -0.1681 -0.2883 -0.3712 -0.2711 0.1641 0.0030 -0.2457 -0.3367 -0.3900 0.0590 0.2787 -0.1836 -0.2969 -0.3771 -0.1992 0.1859 -0.0677 -0.2558 -0.3454 -0.3826 0.0868 0.2747 -0.2013 -0.3080 -0.3838 -0.0863 0.2174 -0.1221 -0.2696 -0.3574 -0.3533 0.1241 0.1833 -0.2255 -0.3243 -0.3908 0.0191 0.2585 -0.1505 -0.2423 -0.1505 0.2585 0.0191 -0.3908 -0.3243 -0.2255 0.1833 0.1241 -0.3533 -0.3574 -0.2696 -0.1221 0.2174 -0.0863 -0.3838 -0.3080 -0.2013 0.2747 0.0868 -0.3826 -0.3454 -0.2558 -0.0677 0.1859 -0.1992 -0.3771 -0.2969 -0.1836 0.2787 0.0590 -0.3900 -0.3367 -0.2457 0.0030 0.1641 -0.2711 -0.3712 -0.2883 -0.1681 0.2658 0.0310 -0.3913 -0.3287 -0.2335 0.1061 0.1424 -0.3211 -0.3648 -0.2797 -0.1474
-0.2722 -0.3658 -0.3146 0.1456 0.0892 -0.2354 -0.3299 -0.3913 0.0357 0.2684 -0.1706 -0.2896 -0.3721 -0.2618 0.1672 -0.0098 -0.2474 -0.3379 -0.3894 0.0628 0.2797 -0.1858 -0.2981 -0.3778 -0.1889 0.1884 -0.0732 -0.2568 -0.3461 -0.3817 0.0887 0.2733 -0.2022 -0.3085 -0.3841 -0.0832 0.2181 -0.1225 -0.2696 -0.3573 -0.3541 0.1233 0.1880 -0.2248 -0.3238 -0.3907 0.0178 0.2600 -0.1620 -0.2804 -0.3375 -0.2804 -0.1620 0.2600 0.0178 -0.3907 -0.3238 -0.2248 0.1880 0.1233 -0.3541 -0.3573 -0.2696 -0.1225 0.2181 -0.0832 -0.3841 -0.3085 -0.2022 0.2733 0.0887 -0.3817 -0.3461 -0.2568 -0.0732 0.1884 -0.1889 -0.3778 -0.2981 -0.1858 0.2797 0.0628 -0.3894 -0.3379 -0.2474 -0.0098 0.1672 -0.2618 -0.3721 -0.2896 -0.1706 0.2684 0.0357 -0.3913 -0.3299 -0.2354 0.0892 0.1456 -0.3146 -0.3658 -0.2722
-0.3590 -0.3078 0.1489 0.0723 -0.2373 -0.3312 -0.3913 0.0402 0.2707 -0.1731 -0.2909 -0.3730 -0.2520 0.1703 -0.0215 -0.2488 -0.3391 -0.3888 0.0666 0.2803 -0.1880 -0.2994 -0.3786 -0.1772 0.1914 -0.0790 -0.2578 -0.3470 -0.3805 0.0908 0.2714 -0.2033 -0.3092 -0.3844 -0.0789 0.2193 -0.1236 -0.2699 -0.3574 -0.3541 0.1229 0.1906 -0.2243 -0.3234 -0.3906 0.0159 0.2595 -0.1635 -0.2856 -0.3683 -0.3961 -0.3683 -0.2856 -0.1635 0.2595 0.0159 -0.3906 -0.3234 -0.2243 0.1906 0.1229 -0.3541 -0.3574 -0.2699 -0.1236 0.2193 -0.0789 -0.3844 -0.3092 -0.2033 0.2714 0.0908 -0.3805 -0.3470 -0.2578 -0.0790 0.1914 -0.1772 -0.3786 -0.2994 -0.1880 0.2803 0.0666 -0.3888 -0.3391 -0.2488 -0.0215 0.1703 -0.2520 -0.3730 -0.2909 -0.1731 0.2707 0.0402 -0.3913 -0.3312 -0.2373 0.0723 0.1489 -0.3078 -0.3590
-0.3024 0.1522 0.0558 -0.2391 -0.3324 -0.3912 0.0446 0.2729 -0.1754 -0.2922 -0.3739 -0.2417 0.1735 -0.0324 -0.2502 -0.3403 -0.3880 0.0702 0.2806 -0.1901 -0.3007 -0.3794 -0.1648 0.1945 -0.0851 -0.2591 -0.3480 -0.3791 0.0933 0.2690 -0.2046 -0.3099 -0.3847 -0.0735 0.2208 -0.1252 -0.2704 -0.3577 -0.3533 0.1233 0.1906 -0.2241 -0.3231 -0.3905 0.0142 0.2586 -0.1631 -0.2863 -0.3700 -0.3152 0.0558 -0.3152 -0.3700 -0.2863 -0.1631 0.2586 0.0142 -0.3905 -0.3231 -0.2241 0.1906 0.1233 -0.3533 -0.3577 -0.2704 -0.1252 0.2208 -0.0735 -0.3847 -0.3099 -0.2046 0.2690 0.0933 -0.3791 -0.3480 -0.2591 -0.0851 0.1945 -0.1648 -0.3794 -0.3007 -0.1901 0.2806 0.0702 -0.3880 -0.3403 -0.2502 -0.0324 0.1735 -0.2417 -0.3739 -0.2922 -0.1754 0.2729 0.0446 -0.3912 -0.3324 -0.2391 0.0558 0.1522 -0.3024
0.1536 0.0398 -0.2410 -0.3336 -0.3910 0.0488 0.2749 -0.1778 -0.2935 -0.3748 -0.2309 0.1767 -0.0423 -0.2515 -0.3415 -0.3870 0.0738 0.2805 -0.1923 -0.3020 -0.3802 -0.1522 0.1978 -0.0911 -0.2604 -0.3491 -0.3774 0.0960 0.2657 -0.2061 -0.3108 -0.3852 -0.0673 0.2226 -0.1271 -0.2710 -0.3582 -0.3519 0.1241 0.1880 -0.2243 -0.3231 -0.3904 0.0131 0.2579 -0.1624 -0.2862 -0.3702 -0.2850 0.1439 0.2757 0.1439 -0.2850 -0.3702 -0.2862 -0.1624 0.2579 0.0131 -0.3904 -0.3231 -0.2243 0.1880 0.1241 -0.3519 -0.3582 -0.2710 -0.1271 0.2226 -0.0673 -0.3852 -0.3108 -0.2061 0.2657 0.0960 -0.3774 -0.3491 -0.2604 -0.0911 0.1978 -0.1522 -0.3802 -0.3020 -0.1923 0.2805 0.0738 -0.3870 -0.3415 -0.2515 -0.0423 0.1767 -0.2309 -0.3748 -0.2935 -0.1778 0.2749 0.0488 -0.3910 -0.3336 -0.2410 0.0398 0.1536
0.0239 -0.2428 -0.3348 -0.3907 0.0529 0.2766 -0.1801 -0.2948 -0.3757 -0.2198 0.1798 -0.0515 -0.2529 -0.3426 -0.3860 0.0773 0.2798 -0.1944 -0.3033 -0.3809 -0.1396 0.2011 -0.0967 -0.2617 -0.3502 -0.3753 0.0991 0.2614 -0.2077 -0.3118 -0.3856 -0.0603 0.2248 -0.1294 -0.2717 -0.3587 -0.3500 0.1254 0.1833 -0.2248 -0.3234 -0.3905 0.0131 0.2576 -0.1620 -0.2859 -0.3700 -0.2789 0.1591 0.0860 -0.1862 0.0860 0.1591 -0.2789 -0.3700 -0.2859 -0.1620 0.2576 0.0131 -0.3905 -0.3234 -0.2248 0.1833 0.1254 -0.3500 -0.3587 -0.2717 -0.1294 0.2248 -0.0603 -0.3856 -0.3118 -0.2077 0.2614 0.0991 -0.3753 -0.3502 -0.2617 -0.0967 0.2011 -0.1396 -0.3809 -0.3033 -0.1944 0.2798 0.0773 -0.3860 -0.3426 -0.2529 -0.0515 0.1798 -0.2198 -0.3757 -0.2948 -0.1801 0.2766 0.0529 -0.3907 -0.3348 -0.2428 0.0239
-0.2354 -0.3360 -0.3903 0.0569 0.2780 -0.1824 -0.2961 -0.3765 -0.2082 0.1830 -0.0599 -0.2542 -0.3438 -0.3848 0.0807 0.2787 -0.1964 -0.3046 -0.3817 -0.1272 0.2044 -0.1020 -0.2630 -0.3513 -0.3730 0.1023 0.2560 -0.2096 -0.3130 -0.3861 -0.0526 0.2273 -0.1319 -0.2726 -0.3593 -0.3476 0.1270 0.1773 -0.2255 -0.3238 -0.3906 0.0142 0.2579 -0.1620 -0.2858 -0.3699 -0.2785 0.1623 0.0158 -0.2373 -0.2972 -0.2373 0.0158 0.1623 -0.2785 -0.3699 -0.2858 -0.1620 0.2579 0.0142 -0.3906 -0.3238 -0.2255 0.1773 0.1270 -0.3476 -0.3593 -0.2726 -0.1319 0.2273 -0.0526 -0.3861 -0.3130 -0.2096 0.2560 0.1023 -0.3730 -0.3513 -0.2630 -0.1020 0.2044 -0.1272 -0.3817 -0.3046 -0.1964 0.2787 0.0807 -0.3848 -0.3438 -0.2542 -0.0599 0.1830 -0.2082 -0.3765 -0.2961 -0.1824 0.2780 0.0569 -0.3903 -0.3360 -0.2354
-0.3288 -0.3898 0.0607 0.2792 -0.1846 -0.2974 -0.3773 -0.1964 0.1862 -0.0676 -0.2556 -0.3450 -0.3835 0.0841 0.2771 -0.1985 -0.3058 -0.3824 -0.1150 0.2077 -0.1070 -0.2644 -0.3524 -0.3704 0.1055 0.2497 -0.2115 -0.3142 -0.3867 -0.0446 0.2300 -0.1347 -0.2735 -0.3601 -0.3449 0.1288 0.1700 -0.2264 -0.3243 -0.3907 0.0159 0.2586 -0.1624 -0.2859 -0.3699 -0.2788 0.1628 0.0040 -0.2449 -0.3327 -0.3835 -0.3327 -0.2449 0.0040 0.1628 -0.2788 -0.3699 -0.2859 -0.1624 0.2586 0.0159 -0.3907 -0.3243 -0.2264 0.1700 0.1288 -0.3449 -0.3601 -0.2735 -0.1347 0.2300 -0.0446 -0.3867 -0.3142 -0.2115 0.2497 0.1055 -0.3704 -0.3524 -0.2644 -0.1070 0.2077 -0.1150 -0.3824 -0.3058 -0.1985 0.2771 0.0841 -0.3835 -0.3450 -0.2556 -0.0676 0.1862 -0.1964 -0.3773 -0.2974 -0.1846 0.2792 0.0607 -0.3898 -0.3288
-0.3841 0.0643 0.2800 -0.1867 -0.2986 -0.3781 -0.1848 0.1893 -0.0745 -0.2569 -0.3461 -0.3821 0.0873 0.2750 -0.2004 -0.3071 -0.3831 -0.1036 0.2109 -0.1114 -0.2656 -0.3535 -0.3678 0.1085 0.2429 -0.2134 -0.3154 -0.3872 -0.0368 0.2329 -0.1375 -0.2745 -0.3608 -0.3418 0.1307 0.1620 -0.2274 -0.3249 -0.3908 0.0178 0.2595 -0.1631 -0.2862 -0.3700 -0.2785 0.1628 0.0023 -0.2464 -0.3369 -0.3925 -0.1917 -0.3925 -0.3369 -0.2464 0.0023 0.1628 -0.2785 -0.3700 -0.2862 -0.1631 0.2595 0.0178 -0.3908 -0.3249 -0.2274 0.1620 0.1307 -0.3418 -0.3608 -0.2745 -0.1375 0.2329 -0.0368 -0.3872 -0.3154 -0.2134 0.2429 0.1085 -0.3678 -0.3535 -0.2656 -0.1114 0.2109 -0.1036 -0.3831 -0.3071 -0.2004 0.2750 0.0873 -0.3821 -0.3461 -0.2569 -0.0745 0.1893 -0.1848 -0.3781 -0.2986 -0.1867 0.2800 0.0643 -0.3841
0.0641 0.2804 -0.1883 -0.2996 -0.3788 -0.1756 0.1917 -0.0796 -0.2579 -0.3470 -0.3808 0.0897 0.2730 -0.2020 -0.3081 -0.3837 -0.0950 0.2134 -0.1148 -0.2666 -0.3544 -0.3656 0.1108 0.2369 -0.2148 -0.3164 -0.3877 -0.0306 0.2353 -0.1398 -0.2754 -0.3616 -0.3391 0.1322 0.1553 -0.2281 -0.3254 -0.3908 0.0191 0.2600 -0.1635 -0.2863 -0.3702 -0.2789 0.1623 0.0040 -0.2464 -0.3375 -0.3899 0.0424 0.1837 0.0424 -0.3899 -0.3375 -0.2464 0.0040 0.1623 -0.2789 -0.3702 -0.2863 -0.1635 0.2600 0.0191 -0.3908 -0.3254 -0.2281 0.1553 0.1322 -0.3391 -0.3616 -0.2754 -0.1398 0.2353 -0.0306 -0.3877 -0.3164 -0.2148 0.2369 0.1108 -0.3656 -0.3544 -0.2666 -0.1148 0.2134 -0.0950 -0.3837 -0.3081 -0.2020 0.2730 0.0897 -0.3808 -0.3470 -0.2579 -0.0796 0.1917 -0.1756 -0.3788 -0.2996 -0.1883 0.2804 0.0641
0.2781 -0.1881 -0.2996 -0.3792 -0.1769 0.1913 -0.0788 -0.2577 -0.3473 -0.3810 0.0892 0.2734 -0.2018 -0.3081 -0.3840 -0.0963 0.2129 -0.1143 -0.2665 -0.3547 -0.3659 0.1102 0.2380 -0.2147 -0.3165 -0.3878 -0.0316 0.2349 -0.1394 -0.2752 -0.3618 -0.3401 0.1311 0.1597 -0.2276 -0.3252 -0.3907 0.0165 0.2585 -0.1620 -0.2856 -0.3700 -0.2850 0.1591 0.0158 -0.2449 -0.3369 -0.3899 0.0566 0.2707 -0.0625 0.2707 0.0566 -0.3899 -0.3369 -0.2449 0.0158 0.1591 -0.2850 -0.3700 -0.2856 -0.1620 0.2585 0.0165 -0.3907 -0.3252 -0.2276 0.1597 0.1311 -0.3401 -0.3618 -0.2752 -0.1394 0.2349 -0.0316 -0.3878 -0.3165 -0.2147 0.2380 0.1102 -0.3659 -0.3547 -0.2665 -0.1143 0.2129 -0.0963 -0.3840 -0.3081 -0.2018 0.2734 0.0892 -0.3810 -0.3473 -0.2577 -0.0788 0.1913 -0.1769 -0.3792 -0.2996 -0.1881 0.2781
-0.1757 -0.2952 -0.3789 -0.2202 0.1767 -0.0490 -0.2525 -0.3444 -0.3863 0.0763 0.2804 -0.1943 -0.3038 -0.3842 -0.1403 0.1981 -0.0953 -0.2614 -0.3523 -0.3752 0.0979 0.2633 -0.2077 -0.3124 -0.3886 -0.0649 0.2205 -0.1257 -0.2703 -0.3599 -0.3557 0.1184 0.2114 -0.2208 -0.3212 -0.3918 -0.0072 0.2453 -0.1505 -0.2804 -0.3683 -0.3152 0.1439 0.0860 -0.2373 -0.3327 -0.3925 0.0424 0.2707 -0.1627 -0.2484 -0.1627 0.2707 0.0424 -0.3925 -0.3327 -0.2373 0.0860 0.1439 -0.3152 -0.3683 -0.2804 -0.1505 0.2453 -0.0072 -0.3918 -0.3212 -0.2208 0.2114 0.1184 -0.3557 -0.3599 -0.2703 -0.1257 0.2205 -0.0649 -0.3886 -0.3124 -0.2077 0.2633 0.0979 -0.3752 -0.3523 -0.2614 -0.0953 0.1981 -0.1403 -0.3842 -0.3038 -0.1943 0.2804 0.0763 -0.3863 -0.3444 -0.2525 -0.0490 0.1767 -0.2202 -0.3789 -0.2952 -0.1757
-0.2498 -0.3518 -0.3828 0.0927 0.2700 -0.2077 -0.3105 -0.3912 -0.0793 0.2136 -0.1192 -0.2677 -0.3597 -0.3648 0.1128 0.2309 -0.2192 -0.3192 -0.3951 -0.0197 0.2357 -0.1443 -0.2766 -0.3673 -0.3353 0.1327 0.1506 -0.2303 -0.3278 -0.3973 0.0208 0.2567 -0.1646 -0.2856 -0.3747 -0.2877 0.1543 0.0341 -0.2423 -0.3375 -0.3961 0.0558 0.2757 -0.1862 -0.2972 -0.3835 -0.1917 0.1837 -0.0625 -0.2484 -0.3074 -0.2484 -0.0625 0.1837 -0.1917 -0.3835 -0.2972 -0.1862 0.2757 0.0558 -0.3961 -0.3375 -0.2423 0.0341 0.1543 -0.2877 -0.3747 -0.2856 -0.1646 0.2567 0.0208 -0.3973 -0.3278 -0.2303 0.1506 0.1327 -0.3353 -0.3673 -0.2766 -0.1443 0.2357 -0.0197 -0.3951 -0.3192 -0.2192 0.2309 0.1128 -0.3648 -0.3597 -0.2677 -0.1192 0.2136 -0.0793 -0.3912 -0.3105 -0.2077 0.2700 0.0927 -0.3828 -0.3518 -0.2498
