0.0015 0.0230 0.3434 1.0000 0.0000 0.0006 0.0084 0.1249 1.0000 1.0000 0.0002 0.0029 0.0407 0.5588 1.0000 0.0000 0.0004 0.0034 0.0143 0.0224 0.0232 0.0232 0.0232 0.0232 0.0232 0.0232 0.0232 0.0232 0.0232 0.0232 0.0232 0.0232 0.0232 0.0232 0.0232 0.0232 0.0232 0.0232 0.0232 0.0232 0.0232 0.0232 0.0232 0.0232 0.0232 0.0232 0.0232 0.0232 0.0232 0.0232 0.0232 0.0232 0.0232 0.0232 0.0232 0.0232 0.0232 0.0232 0.0232 0.0232 0.0232 0.0232 0.0232 0.0232 0.0232 0.0232 0.0232 0.0232 0.0232 0.0232 0.0232 0.0232 0.0232 0.0232 0.0232 0.0232 0.0232 0.0232 0.0232 0.0232 0.0232 0.0224 0.0143 0.0034 0.0004 0.0000 1.0000 0.5588 0.0407 0.0029 0.0002 1.0000 1.0000 0.1249 0.0084 0.0006 0.0000 1.0000 0.3434 0.0230 0.0015
0.0230 0.3460 1.0000 1.0000 0.0006 0.0083 0.1239 1.0000 1.0000 0.0002 0.0029 0.0423 0.5995 1.0000 0.0001 0.0006 0.0066 0.0518 0.2243 0.3657 0.3813 0.3820 0.3820 0.3820 0.3820 0.3820 0.3820 0.3820 0.3820 0.3820 0.3820 0.3820 0.3820 0.3820 0.3820 0.3820 0.3820 0.3820 0.3820 0.3820 0.3820 0.3820 0.3820 0.3820 0.3820 0.3820 0.3820 0.3820 0.3820 0.3820 0.3820 0.3820 0.3820 0.3820 0.3820 0.3820 0.3820 0.3820 0.3820 0.3820 0.3820 0.3820 0.3820 0.3820 0.3820 0.3820 0.3820 0.3820 0.3820 0.3820 0.3820 0.3820 0.3820 0.3820 0.3820 0.3820 0.3820 0.3820 0.3820 0.3820 0.3813 0.3657 0.2243 0.0518 0.0066 0.0006 0.0001 1.0000 0.5995 0.0423 0.0029 0.0002 1.0000 1.0000 0.1239 0.0083 0.0006 1.0000 1.0000 0.3460 0.0230
0.3434 1.0000 1.0000 0.0005 0.0081 0.1200 1.0000 1.0000 0.0002 0.0029 0.0419 0.6053 1.0000 0.0001 0.0008 0.0092 0.0955 0.7590 1.0000 1.0000 1.0000 1.0000 1.0000 1.0000 1.0000 1.0000 1.0000 1.0000 1.0000 1.0000 1.0000 1.0000 1.0000 1.0000 1.0000 1.0000 1.0000 1.0000 1.0000 1.0000 1.0000 1.0000 1.0000 1.0000 1.0000 1.0000 1.0000 1.0000 1.0000 1.0000 1.0000 1.0000 1.0000 1.0000 1.0000 1.0000 1.0000 1.0000 1.0000 1.0000 1.0000 1.0000 1.0000 1.0000 1.0000 1.0000 1.0000 1.0000 1.0000 1.0000 1.0000 1.0000 1.0000 1.0000 1.0000 1.0000 1.0000 1.0000 1.0000 1.0000 1.0000 1.0000 1.0000 0.7590 0.0955 0.0092 0.0008 0.0001 1.0000 0.6053 0.0419 0.0029 0.0002 1.0000 1.0000 0.1200 0.0081 0.0005 1.0000 1.0000 0.3434
1.0000 1.0000 0.0005 0.0080 0.1177 1.0000 1.0000 0.0002 0.0028 0.0411 0.6007 1.0000 0.0001 0.0008 0.0109 0.1317 1.0000 1.0000 1.0000 0.0000 0.0000 0.0000 0.0000 0.0000 0.0000 0.0000 0.0000 0.0000 0.0000 0.0000 0.0000 0.0000 0.0000 0.0000 0.0000 0.0000 0.0000 0.0000 0.0000 0.0000 0.0000 0.0000 0.0000 0.0000 0.0000 0.0000 0.0000 0.0000 0.0000 0.0000 0.0000 0.0000 0.0000 0.0000 0.0000 0.0000 0.0000 0.0000 0.0000 0.0000 0.0000 0.0000 0.0000 0.0000 0.0000 0.0000 0.0000 0.0000 0.0000 0.0000 0.0000 0.0000 0.0000 0.0000 0.0000 0.0000 0.0000 0.0000 0.0000 0.0000 0.0000 0.0000 1.0000 1.0000 1.0000 0.1317 0.0109 0.0008 0.0001 1.0000 0.6007 0.0411 0.0028 0.0002 1.0000 1.0000 0.1177 0.0080 0.0005 1.0000 1.0000
0.0000 0.0006 0.0081 0.1177 1.0000 1.0000 0.0002 0.0027 0.0402 0.5905 1.0000 0.0001 0.0009 0.0120 0.1572 1.0000 1.0000 0.0001 0.0004 0.0006 0.0006 0.0007 0.0007 0.0007 0.0007 0.0007 0.0007 0.0007 0.0007 0.0007 0.0007 0.0007 0.0007 0.0007 0.0007 0.0007 0.0007 0.0007 0.0007 0.0007 0.0007 0.0007 0.0007 0.0007 0.0007 0.0007 0.0007 0.0007 0.0007 0.0007 0.0007 0.0007 0.0007 0.0007 0.0007 0.0007 0.0007 0.0007 0.0007 0.0007 0.0007 0.0007 0.0007 0.0007 0.0007 0.0007 0.0007 0.0007 0.0007 0.0007 0.0007 0.0007 0.0007 0.0007 0.0007 0.0007 0.0007 0.0007 0.0007 0.0007 0.0006 0.0006 0.0004 0.0001 1.0000 1.0000 0.1572 0.0120 0.0009 0.0001 1.0000 0.5905 0.0402 0.0027 0.0002 1.0000 1.0000 0.1177 0.0081 0.0006 0.0000
0.0006 0.0083 0.1200 1.0000 1.0000 0.0002 0.0027 0.0395 0.5794 1.0000 0.0001 0.0009 0.0126 0.1725 1.0000 1.0000 0.0001 0.0011 0.0054 0.0098 0.0104 0.0104 0.0104 0.0104 0.0104 0.0104 0.0104 0.0104 0.0104 0.0104 0.0104 0.0104 0.0104 0.0104 0.0104 0.0104 0.0104 0.0104 0.0104 0.0104 0.0104 0.0104 0.0104 0.0104 0.0104 0.0104 0.0104 0.0104 0.0104 0.0104 0.0104 0.0104 0.0104 0.0104 0.0104 0.0104 0.0104 0.0104 0.0104 0.0104 0.0104 0.0104 0.0104 0.0104 0.0104 0.0104 0.0104 0.0104 0.0104 0.0104 0.0104 0.0104 0.0104 0.0104 0.0104 0.0104 0.0104 0.0104 0.0104 0.0104 0.0104 0.0098 0.0054 0.0011 0.0001 1.0000 1.0000 0.1725 0.0126 0.0009 0.0001 1.0000 0.5794 0.0395 0.0027 0.0002 1.0000 1.0000 0.1200 0.0083 0.0006
0.0084 0.1239 1.0000 1.0000 0.0002 0.0027 0.0393 0.5739 1.0000 0.0001 0.0009 0.0128 0.1806 1.0000 1.0000 0.0002 0.0020 0.0167 0.0817 0.1542 0.1648 0.1654 0.1654 0.1654 0.1654 0.1654 0.1654 0.1654 0.1654 0.1654 0.1654 0.1654 0.1654 0.1654 0.1654 0.1654 0.1654 0.1654 0.1654 0.1654 0.1654 0.1654 0.1654 0.1654 0.1654 0.1654 0.1654 0.1654 0.1654 0.1654 0.1654 0.1654 0.1654 0.1654 0.1654 0.1654 0.1654 0.1654 0.1654 0.1654 0.1654 0.1654 0.1654 0.1654 0.1654 0.1654 0.1654 0.1654 0.1654 0.1654 0.1654 0.1654 0.1654 0.1654 0.1654 0.1654 0.1654 0.1654 0.1654 0.1654 0.1648 0.1542 0.0817 0.0167 0.0020 0.0002 1.0000 1.0000 0.1806 0.0128 0.0009 0.0001 1.0000 0.5739 0.0393 0.0027 0.0002 1.0000 1.0000 0.1239 0.0084
0.1249 1.0000 1.0000 0.0002 0.0027 0.0395 0.5739 1.0000 0.0001 0.0009 0.0128 0.1840 1.0000 1.0000 0.0002 0.0028 0.0295 0.2453 1.0000 1.0000 1.0000 1.0000 1.0000 1.0000 1.0000 1.0000 1.0000 1.0000 1.0000 1.0000 1.0000 1.0000 1.0000 1.0000 1.0000 1.0000 1.0000 1.0000 1.0000 1.0000 1.0000 1.0000 1.0000 1.0000 1.0000 1.0000 1.0000 1.0000 1.0000 1.0000 1.0000 1.0000 1.0000 1.0000 1.0000 1.0000 1.0000 1.0000 1.0000 1.0000 1.0000 1.0000 1.0000 1.0000 1.0000 1.0000 1.0000 1.0000 1.0000 1.0000 1.0000 1.0000 1.0000 1.0000 1.0000 1.0000 1.0000 1.0000 1.0000 1.0000 1.0000 1.0000 1.0000 0.2453 0.0295 0.0028 0.0002 1.0000 1.0000 0.1840 0.0128 0.0009 0.0001 1.0000 0.5739 0.0395 0.0027 0.0002 1.0000 1.0000 0.1249
1.0000 1.0000 0.0002 0.0028 0.0402 0.5794 1.0000 0.0001 0.0009 0.0128 0.1851 1.0000 1.0000 0.0003 0.0033 0.0401 0.4266 1.0000 1.0000 1.0000 1.0000 1.0000 1.0000 1.0000 1.0000 1.0000 1.0000 1.0000 1.0000 1.0000 1.0000 1.0000 1.0000 1.0000 1.0000 1.0000 1.0000 1.0000 1.0000 1.0000 1.0000 1.0000 1.0000 1.0000 1.0000 1.0000 1.0000 1.0000 1.0000 1.0000 1.0000 1.0000 1.0000 1.0000 1.0000 1.0000 1.0000 1.0000 1.0000 1.0000 1.0000 1.0000 1.0000 1.0000 1.0000 1.0000 1.0000 1.0000 1.0000 1.0000 1.0000 1.0000 1.0000 1.0000 1.0000 1.0000 1.0000 1.0000 1.0000 1.0000 1.0000 1.0000 1.0000 1.0000 0.4266 0.0401 0.0033 0.0003 1.0000 1.0000 0.1851 0.0128 0.0009 0.0001 1.0000 0.5794 0.0402 0.0028 0.0002 1.0000 1.0000
1.0000 0.0002 0.0029 0.0411 0.5905 1.0000 0.0001 0.0009 0.0128 0.1854 1.0000 1.0000 0.0003 0.0036 0.0475 0.5761 1.0000 1.0000 0.0001 0.0003 0.0003 0.0003 0.0003 0.0003 0.0003 0.0003 0.0003 0.0003 0.0003 0.0003 0.0003 0.0003 0.0003 0.0003 0.0003 0.0003 0.0003 0.0003 0.0003 0.0003 0.0003 0.0003 0.0003 0.0003 0.0003 0.0003 0.0003 0.0003 0.0003 0.0003 0.0003 0.0003 0.0003 0.0003 0.0003 0.0003 0.0003 0.0003 0.0003 0.0003 0.0003 0.0003 0.0003 0.0003 0.0003 0.0003 0.0003 0.0003 0.0003 0.0003 0.0003 0.0003 0.0003 0.0003 0.0003 0.0003 0.0003 0.0003 0.0003 0.0003 0.0003 0.0003 0.0001 1.0000 1.0000 0.5761 0.0475 0.0036 0.0003 1.0000 1.0000 0.1854 0.0128 0.0009 0.0001 1.0000 0.5905 0.0411 0.0029 0.0002 1.0000
0.0002 0.0029 0.0419 0.6007 1.0000 0.0001 0.0009 0.0128 0.1851 1.0000 1.0000 0.0003 0.0038 0.0520 0.6784 1.0000 0.0000 0.0004 0.0019 0.0039 0.0043 0.0043 0.0043 0.0043 0.0043 0.0043 0.0043 0.0043 0.0043 0.0043 0.0043 0.0043 0.0043 0.0043 0.0043 0.0043 0.0043 0.0043 0.0043 0.0043 0.0043 0.0043 0.0043 0.0043 0.0043 0.0043 0.0043 0.0043 0.0043 0.0043 0.0043 0.0043 0.0043 0.0043 0.0043 0.0043 0.0043 0.0043 0.0043 0.0043 0.0043 0.0043 0.0043 0.0043 0.0043 0.0043 0.0043 0.0043 0.0043 0.0043 0.0043 0.0043 0.0043 0.0043 0.0043 0.0043 0.0043 0.0043 0.0043 0.0043 0.0043 0.0039 0.0019 0.0004 0.0000 1.0000 0.6784 0.0520 0.0038 0.0003 1.0000 1.0000 0.1851 0.0128 0.0009 0.0001 1.0000 0.6007 0.0419 0.0029 0.0002
0.0029 0.0423 0.6053 1.0000 0.0001 0.0009 0.0128 0.1840 1.0000 1.0000 0.0003 0.0039 0.0541 0.7362 1.0000 0.0001 0.0006 0.0052 0.0280 0.0604 0.0665 0.0669 0.0669 0.0669 0.0669 0.0669 0.0669 0.0669 0.0669 0.0669 0.0669 0.0669 0.0669 0.0669 0.0669 0.0669 0.0669 0.0669 0.0669 0.0669 0.0669 0.0669 0.0669 0.0669 0.0669 0.0669 0.0669 0.0669 0.0669 0.0669 0.0669 0.0669 0.0669 0.0669 0.0669 0.0669 0.0669 0.0669 0.0669 0.0669 0.0669 0.0669 0.0669 0.0669 0.0669 0.0669 0.0669 0.0669 0.0669 0.0669 0.0669 0.0669 0.0669 0.0669 0.0669 0.0669 0.0669 0.0669 0.0669 0.0669 0.0665 0.0604 0.0280 0.0052 0.0006 0.0001 1.0000 0.7362 0.0541 0.0039 0.0003 1.0000 1.0000 0.1840 0.0128 0.0009 0.0001 1.0000 0.6053 0.0423 0.0029
0.0407 0.5995 1.0000 0.0001 0.0009 0.0126 0.1806 1.0000 1.0000 0.0003 0.0038 0.0541 0.7547 1.0000 0.0001 0.0008 0.0086 0.0739 0.4052 0.9058 1.0000 1.0000 1.0000 1.0000 1.0000 1.0000 1.0000 1.0000 1.0000 1.0000 1.0000 1.0000 1.0000 1.0000 1.0000 1.0000 1.0000 1.0000 1.0000 1.0000 1.0000 1.0000 1.0000 1.0000 1.0000 1.0000 1.0000 1.0000 1.0000 1.0000 1.0000 1.0000 1.0000 1.0000 1.0000 1.0000 1.0000 1.0000 1.0000 1.0000 1.0000 1.0000 1.0000 1.0000 1.0000 1.0000 1.0000 1.0000 1.0000 1.0000 1.0000 1.0000 1.0000 1.0000 1.0000 1.0000 1.0000 1.0000 1.0000 1.0000 1.0000 0.9058 0.4052 0.0739 0.0086 0.0008 0.0001 1.0000 0.7547 0.0541 0.0038 0.0003 1.0000 1.0000 0.1806 0.0126 0.0009 0.0001 1.0000 0.5995 0.0407
0.5588 1.0000 0.0001 0.0008 0.0120 0.1725 1.0000 1.0000 0.0003 0.0036 0.0520 0.7362 1.0000 0.0001 0.0009 0.0109 0.1173 1.0000 1.0000 1.0000 1.0000 1.0000 1.0000 1.0000 1.0000 1.0000 1.0000 1.0000 1.0000 1.0000 1.0000 1.0000 1.0000 1.0000 1.0000 1.0000 1.0000 1.0000 1.0000 1.0000 1.0000 1.0000 1.0000 1.0000 1.0000 1.0000 1.0000 1.0000 1.0000 1.0000 1.0000 1.0000 1.0000 1.0000 1.0000 1.0000 1.0000 1.0000 1.0000 1.0000 1.0000 1.0000 1.0000 1.0000 1.0000 1.0000 1.0000 1.0000 1.0000 1.0000 1.0000 1.0000 1.0000 1.0000 1.0000 1.0000 1.0000 1.0000 1.0000 1.0000 1.0000 1.0000 1.0000 1.0000 0.1173 0.0109 0.0009 0.0001 1.0000 0.7362 0.0520 0.0036 0.0003 1.0000 1.0000 0.1725 0.0120 0.0008 0.0001 1.0000 0.5588
1.0000 0.0001 0.0008 0.0109 0.1572 1.0000 1.0000 0.0002 0.0033 0.0475 0.6784 1.0000 0.0001 0.0009 0.0117 0.1421 1.0000 1.0000 1.0000 0.0001 0.0001 0.0001 0.0001 0.0001 0.0001 0.0001 0.0001 0.0001 0.0001 0.0001 0.0001 0.0001 0.0001 0.0001 0.0001 0.0001 0.0001 0.0001 0.0001 0.0001 0.0001 0.0001 0.0001 0.0001 0.0001 0.0001 0.0001 0.0001 0.0001 0.0001 0.0001 0.0001 0.0001 0.0001 0.0001 0.0001 0.0001 0.0001 0.0001 0.0001 0.0001 0.0001 0.0001 0.0001 0.0001 0.0001 0.0001 0.0001 0.0001 0.0001 0.0001 0.0001 0.0001 0.0001 0.0001 0.0001 0.0001 0.0001 0.0001 0.0001 0.0001 0.0001 1.0000 1.0000 1.0000 0.1421 0.0117 0.0009 0.0001 1.0000 0.6784 0.0475 0.0033 0.0002 1.0000 1.0000 0.1572 0.0109 0.0008 0.0001 1.0000
0.0000 0.0006 0.0092 0.1317 1.0000 1.0000 0.0002 0.0028 0.0401 0.5761 1.0000 0.0001 0.0008 0.0109 0.1421 1.0000 1.0000 0.0001 0.0004 0.0010 0.0011 0.0011 0.0011 0.0011 0.0011 0.0011 0.0011 0.0011 0.0011 0.0011 0.0011 0.0011 0.0011 0.0011 0.0011 0.0011 0.0011 0.0011 0.0011 0.0011 0.0011 0.0011 0.0011 0.0011 0.0011 0.0011 0.0011 0.0011 0.0011 0.0011 0.0011 0.0011 0.0011 0.0011 0.0011 0.0011 0.0011 0.0011 0.0011 0.0011 0.0011 0.0011 0.0011 0.0011 0.0011 0.0011 0.0011 0.0011 0.0011 0.0011 0.0011 0.0011 0.0011 0.0011 0.0011 0.0011 0.0011 0.0011 0.0011 0.0011 0.0011 0.0010 0.0004 0.0001 1.0000 1.0000 0.1421 0.0109 0.0008 0.0001 1.0000 0.5761 0.0401 0.0028 0.0002 1.0000 1.0000 0.1317 0.0092 0.0006 0.0000
0.0004 0.0066 0.0955 1.0000 1.0000 0.0001 0.0020 0.0295 0.4266 1.0000 0.0000 0.0006 0.0086 0.1173 1.0000 1.0000 0.0001 0.0008 0.0047 0.0108 0.0121 0.0122 0.0122 0.0122 0.0122 0.0122 0.0122 0.0122 0.0122 0.0122 0.0122 0.0122 0.0122 0.0122 0.0122 0.0122 0.0122 0.0122 0.0122 0.0122 0.0122 0.0122 0.0122 0.0122 0.0122 0.0122 0.0122 0.0122 0.0122 0.0122 0.0122 0.0122 0.0122 0.0122 0.0122 0.0122 0.0122 0.0122 0.0122 0.0122 0.0122 0.0122 0.0122 0.0122 0.0122 0.0122 0.0122 0.0122 0.0122 0.0122 0.0122 0.0122 0.0122 0.0122 0.0122 0.0122 0.0122 0.0122 0.0122 0.0122 0.0121 0.0108 0.0047 0.0008 0.0001 1.0000 1.0000 0.1173 0.0086 0.0006 0.0000 1.0000 0.4266 0.0295 0.0020 0.0001 1.0000 1.0000 0.0955 0.0066 0.0004
0.0034 0.0518 0.7590 1.0000 0.0001 0.0011 0.0167 0.2453 1.0000 1.0000 0.0004 0.0052 0.0739 1.0000 1.0000 0.0001 0.0008 0.0073 0.0400 0.0905 0.1015 0.1021 0.1023 0.1023 0.1023 0.1023 0.1023 0.1023 0.1023 0.1023 0.1023 0.1023 0.1023 0.1023 0.1023 0.1023 0.1023 0.1023 0.1023 0.1023 0.1023 0.1023 0.1023 0.1023 0.1023 0.1023 0.1023 0.1023 0.1023 0.1023 0.1023 0.1023 0.1023 0.1023 0.1023 0.1023 0.1023 0.1023 0.1023 0.1023 0.1023 0.1023 0.1023 0.1023 0.1023 0.1023 0.1023 0.1023 0.1023 0.1023 0.1023 0.1023 0.1023 0.1023 0.1023 0.1023 0.1023 0.1023 0.1023 0.1021 0.1015 0.0905 0.0400 0.0073 0.0008 0.0001 1.0000 1.0000 0.0739 0.0052 0.0004 1.0000 1.0000 0.2453 0.0167 0.0011 0.0001 1.0000 0.7590 0.0518 0.0034
0.0143 0.2243 1.0000 1.0000 0.0004 0.0054 0.0817 1.0000 1.0000 0.0001 0.0019 0.0280 0.4052 1.0000 1.0000 0.0004 0.0047 0.0400 0.2079 0.4290 0.4691 0.4709 0.4709 0.4709 0.4709 0.4709 0.4709 0.4709 0.4709 0.4709 0.4709 0.4709 0.4709 0.4709 0.4709 0.4709 0.4709 0.4709 0.4709 0.4709 0.4709 0.4709 0.4709 0.4709 0.4709 0.4709 0.4709 0.4709 0.4709 0.4709 0.4709 0.4709 0.4709 0.4709 0.4709 0.4709 0.4709 0.4709 0.4709 0.4709 0.4709 0.4709 0.4709 0.4709 0.4709 0.4709 0.4709 0.4709 0.4709 0.4709 0.4709 0.4709 0.4709 0.4709 0.4709 0.4709 0.4709 0.4709 0.4709 0.4709 0.4691 0.4290 0.2079 0.0400 0.0047 0.0004 1.0000 1.0000 0.4052 0.0280 0.0019 0.0001 1.0000 1.0000 0.0817 0.0054 0.0004 1.0000 1.0000 0.2243 0.0143
0.0224 0.3657 1.0000 0.0000 0.0006 0.0098 0.1542 1.0000 1.0000 0.0003 0.0039 0.0604 0.9058 1.0000 0.0001 0.0010 0.0108 0.0905 0.4290 0.7490 0.7899 0.7914 0.7914 0.7914 0.7914 0.7914 0.7914 0.7914 0.7914 0.7914 0.7914 0.7914 0.7914 0.7914 0.7914 0.7914 0.7914 0.7914 0.7914 0.7914 0.7914 0.7914 0.7914 0.7914 0.7914 0.7914 0.7914 0.7914 0.7914 0.7914 0.7914 0.7914 0.7914 0.7914 0.7914 0.7914 0.7914 0.7914 0.7914 0.7914 0.7914 0.7914 0.7914 0.7914 0.7914 0.7914 0.7914 0.7914 0.7914 0.7914 0.7914 0.7914 0.7914 0.7914 0.7914 0.7914 0.7914 0.7914 0.7914 0.7914 0.7899 0.7490 0.4290 0.0905 0.0108 0.0010 0.0001 1.0000 0.9058 0.0604 0.0039 0.0003 1.0000 1.0000 0.1542 0.0098 0.0006 0.0000 1.0000 0.3657 0.0224
0.0232 0.3813 1.0000 0.0000 0.0006 0.0104 0.1648 1.0000 1.0000 0.0003 0.0043 0.0665 1.0000 1.0000 0.0001 0.0011 0.0121 0.1015 0.4691 0.7899 0.8284 0.8300 0.8300 0.8300 0.8300 0.8300 0.8300 0.8300 0.8300 0.8300 0.8300 0.8300 0.8300 0.8300 0.8300 0.8300 0.8300 0.8300 0.8300 0.8300 0.8300 0.8300 0.8300 0.8300 0.8300 0.8300 0.8300 0.8300 0.8300 0.8300 0.8300 0.8300 0.8300 0.8300 0.8300 0.8300 0.8300 0.8300 0.8300 0.8300 0.8300 0.8300 0.8300 0.8300 0.8300 0.8300 0.8300 0.8300 0.8300 0.8300 0.8300 0.8300 0.8300 0.8300 0.8300 0.8300 0.8300 0.8300 0.8300 0.8300 0.8284 0.7899 0.4691 0.1015 0.0121 0.0011 0.0001 1.0000 1.0000 0.0665 0.0043 0.0003 1.0000 1.0000 0.1648 0.0104 0.0006 0.0000 1.0000 0.3813 0.0232
0.0232 0.3820 1.0000 0.0000 0.0007 0.0104 0.1654 1.0000 1.0000 0.0003 0.0043 0.0669 1.0000 1.0000 0.0001 0.0011 0.0122 0.1021 0.4709 0.7914 0.8300 0.8315 0.8315 0.8315 0.8315 0.8315 0.8315 0.8315 0.8315 0.8315 0.8315 0.8315 0.8315 0.8315 0.8315 0.8315 0.8315 0.8315 0.8315 0.8315 0.8315 0.8315 0.8315 0.8315 0.8315 0.8315 0.8315 0.8315 0.8315 0.8315 0.8315 0.8315 0.8315 0.8315 0.8315 0.8315 0.8315 0.8315 0.8315 0.8315 0.8315 0.8315 0.8315 0.8315 0.8315 0.8315 0.8315 0.8315 0.8315 0.8315 0.8315 0.8315 0.8315 0.8315 0.8315 0.8315 0.8315 0.8315 0.8315 0.8315 0.8300 0.7914 0.4709 0.1021 0.0122 0.0011 0.0001 1.0000 1.0000 0.0669 0.0043 0.0003 1.0000 1.0000 0.1654 0.0104 0.0007 0.0000 1.0000 0.3820 0.0232
0.0232 0.3820 1.0000 0.0000 0.0007 0.0104 0.1654 1.0000 1.0000 0.0003 0.0043 0.0669 1.0000 1.0000 0.0001 0.0011 0.0122 0.1023 0.4709 0.7914 0.8300 0.8315 0.8315 0.8315 0.8315 0.8315 0.8315 0.8315 0.8315 0.8315 0.8315 0.8315 0.8315 0.8315 0.8315 0.8315 0.8315 0.8315 0.8315 0.8315 0.8315 0.8315 0.8315 0.8315 0.8315 0.8315 0.8315 0.8315 0.8315 0.8315 0.8315 0.8315 0.8315 0.8315 0.8315 0.8315 0.8315 0.8315 0.8315 0.8315 0.8315 0.8315 0.8315 0.8315 0.8315 0.8315 0.8315 0.8315 0.8315 0.8315 0.8315 0.8315 0.8315 0.8315 0.8315 0.8315 0.8315 0.8315 0.8315 0.8315 0.8300 0.7914 0.4709 0.1023 0.0122 0.0011 0.0001 1.0000 1.0000 0.0669 0.0043 0.0003 1.0000 1.0000 0.1654 0.0104 0.0007 0.0000 1.0000 0.3820 0.0232
0.0232 0.3820 1.0000 0.0000 0.0007 0.0104 0.1654 1.0000 1.0000 0.0003 0.0043 0.0669 1.0000 1.0000 0.0001 0.0011 0.0122 0.1023 0.4709 0.7914 0.8300 0.8315 0.8315 0.8315 0.8315 0.8315 0.8315 0.8315 0.8315 0.8315 0.8315 0.8315 0.8315 0.8315 0.8315 0.8315 0.8315 0.8315 0.8315 0.8315 0.8315 0.8315 0.8315 0.8315 0.8315 0.8315 0.8315 0.8315 0.8315 0.8315 0.8315 0.8315 0.8315 0.8315 0.8315 0.8315 0.8315 0.8315 0.8315 0.8315 0.8315 0.8315 0.8315 0.8315 0.8315 0.8315 0.8315 0.8315 0.8315 0.8315 0.8315 0.8315 0.8315 0.8315 0.8315 0.8315 0.8315 0.8315 0.8315 0.8315 0.8300 0.7914 0.4709 0.1023 0.0122 0.0011 0.0001 1.0000 1.0000 0.0669 0.0043 0.0003 1.0000 1.0000 0.1654 0.0104 0.0007 0.0000 1.0000 0.3820 0.0232
0.0232 0.3820 1.0000 0.0000 0.0007 0.0104 0.1654 1.0000 1.0000 0.0003 0.0043 0.0669 1.0000 1.0000 0.0001 0.0011 0.0122 0.1023 0.4709 0.7914 0.8300 0.8315 0.8315 0.8315 0.8315 0.8315 0.8315 0.8315 0.8315 0.8315 0.8315 0.8315 0.8315 0.8315 0.8315 0.8315 0.8315 0.8315 0.8315 0.8315 0.8315 0.8315 0.8315 0.8315 0.8315 0.8315 0.8315 0.8315 0.8315 0.8315 0.8315 0.8315 0.8315 0.8315 0.8315 0.8315 0.8315 0.8315 0.8315 0.8315 0.8315 0.8315 0.8315 0.8315 0.8315 0.8315 0.8315 0.8315 0.8315 0.8315 0.8315 0.8315 0.8315 0.8315 0.8315 0.8315 0.8315 0.8315 0.8315 0.8315 0.8300 0.7914 0.4709 0.1023 0.0122 0.0011 0.0001 1.0000 1.0000 0.0669 0.0043 0.0003 1.0000 1.0000 0.1654 0.0104 0.0007 0.0000 1.0000 0.3820 0.0232
0.0232 0.3820 1.0000 0.0000 0.0007 0.0104 0.1654 1.0000 1.0000 0.0003 0.0043 0.0669 1.0000 1.0000 0.0001 0.0011 0.0122 0.1023 0.4709 0.7914 0.8300 0.8315 0.8315 0.8315 0.8315 0.8315 0.8315 0.8315 0.8315 0.8315 0.8315 0.8315 0.8315 0.8315 0.8315 0.8315 0.8315 0.8315 0.8315 0.8315 0.8315 0.8315 0.8315 0.8315 0.8315 0.8315 0.8315 0.8315 0.8315 0.8315 0.8315 0.8315 0.8315 0.8315 0.8315 0.8315 0.8315 0.8315 0.8315 0.8315 0.8315 0.8315 0.8315 0.8315 0.8315 0.8315 0.8315 0.8315 0.8315 0.8315 0.8315 0.8315 0.8315 0.8315 0.8315 0.8315 0.8315 0.8315 0.8315 0.8315 0.8300 0.7914 0.4709 0.1023 0.0122 0.0011 0.0001 1.0000 1.0000 0.0669 0.0043 0.0003 1.0000 1.0000 0.1654 0.0104 0.0007 0.0000 1.0000 0.3820 0.0232
0.0232 0.3820 1.0000 0.0000 0.0007 0.0104 0.1654 1.0000 1.0000 0.0003 0.0043 0.0669 1.0000 1.0000 0.0001 0.0011 0.0122 0.1023 0.4709 0.7914 0.8300 0.8315 0.8315 0.8315 0.8315 0.8315 0.8315 0.8315 0.8315 0.8315 0.8315 0.8315 0.8315 0.8315 0.8315 0.8315 0.8315 0.8315 0.8315 0.8315 0.8315 0.8315 0.8315 0.8315 0.8315 0.8315 0.8315 0.8315 0.8315 0.8315 0.8315 0.8315 0.8315 0.8315 0.8315 0.8315 0.8315 0.8315 0.8315 0.8315 0.8315 0.8315 0.8315 0.8315 0.8315 0.8315 0.8315 0.8315 0.8315 0.8315 0.8315 0.8315 0.8315 0.8315 0.8315 0.8315 0.8315 0.8315 0.8315 0.8315 0.8300 0.7914 0.4709 0.1023 0.0122 0.0011 0.0001 1.0000 1.0000 0.0669 0.0043 0.0003 1.0000 1.0000 0.1654 0.0104 0.0007 0.0000 1.0000 0.3820 0.0232
0.0232 0.3820 1.0000 0.0000 0.0007 0.0104 0.1654 1.0000 1.0000 0.0003 0.0043 0.0669 1.0000 1.0000 0.0001 0.0011 0.0122 0.1023 0.4709 0.7914 0.8300 0.8315 0.8315 0.8315 0.8315 0.8315 0.8315 0.8315 0.8315 0.8315 0.8315 0.8315 0.8315 0.8315 0.8315 0.8315 0.8315 0.8315 0.8315 0.8315 0.8315 0.8315 0.8315 0.8315 0.8315 0.8315 0.8315 0.8315 0.8315 0.8315 0.8315 0.8315 0.8315 0.8315 0.8315 0.8315 0.8315 0.8315 0.8315 0.8315 0.8315 0.8315 0.8315 0.8315 0.8315 0.8315 0.8315 0.8315 0.8315 0.8315 0.8315 0.8315 0.8315 0.8315 0.8315 0.8315 0.8315 0.8315 0.8315 0.8315 0.8300 0.7914 0.4709 0.1023 0.0122 0.0011 0.0001 1.0000 1.0000 0.0669 0.0043 0.0003 1.0000 1.0000 0.1654 0.0104 0.0007 0.0000 1.0000 0.3820 0.0232
0.0232 0.3820 1.0000 0.0000 0.0007 0.0104 0.1654 1.0000 1.0000 0.0003 0.0043 0.0669 1.0000 1.0000 0.0001 0.0011 0.0122 0.1023 0.4709 0.7914 0.8300 0.8315 0.8315 0.8315 0.8315 0.8315 0.8315 0.8315 0.8315 0.8315 0.8315 0.8315 0.8315 0.8315 0.8315 0.8315 0.8315 0.8315 0.8315 0.8315 0.8315 0.8315 0.8315 0.8315 0.8315 0.8315 0.8315 0.8315 0.8315 0.8315 0.8315 0.8315 0.8315 0.8315 0.8315 0.8315 0.8315 0.8315 0.8315 0.8315 0.8315 0.8315 0.8315 0.8315 0.8315 0.8315 0.8315 0.8315 0.8315 0.8315 0.8315 0.8315 0.8315 0.8315 0.8315 0.8315 0.8315 0.8315 0.8315 0.8315 0.8300 0.7914 0.4709 0.1023 0.0122 0.0011 0.0001 1.0000 1.0000 0.0669 0.0043 0.0003 1.0000 1.0000 0.1654 0.0104 0.0007 0.0000 1.0000 0.3820 0.0232
0.0232 0.3820 1.0000 0.0000 0.0007 0.0104 0.1654 1.0000 1.0000 0.0003 0.0043 0.0669 1.0000 1.0000 0.0001 0.0011 0.0122 0.1023 0.4709 0.7914 0.8300 0.8315 0.8315 0.8315 0.8315 0.8315 0.8315 0.8315 0.8315 0.8315 0.8315 0.8315 0.8315 0.8315 0.8315 0.8315 0.8315 0.8315 0.8315 0.8315 0.8315 0.8315 0.8315 0.8315 0.8315 0.8315 0.8315 0.8315 0.8315 0.8315 0.8315 0.8315 0.8315 0.8315 0.8315 0.8315 0.8315 0.8315 0.8315 0.8315 0.8315 0.8315 0.8315 0.8315 0.8315 0.8315 0.8315 0.8315 0.8315 0.8315 0.8315 0.8315 0.8315 0.8315 0.8315 0.8315 0.8315 0.8315 0.8315 0.8315 0.8300 0.7914 0.4709 0.1023 0.0122 0.0011 0.0001 1.0000 1.0000 0.0669 0.0043 0.0003 1.0000 1.0000 0.1654 0.0104 0.0007 0.0000 1.0000 0.3820 0.0232
0.0233 0.3820 1.0000 0.0000 0.0007 0.0104 0.1654 1.0000 1.0000 0.0003 0.0043 0.0669 1.0000 1.0000 0.0001 0.0011 0.0122 0.1023 0.4709 0.7914 0.8300 0.8315 0.8315 0.8315 0.8315 0.8315 0.8315 0.8315 0.8315 0.8315 0.8315 0.8315 0.8315 0.8315 0.8315 0.8315 0.8315 0.8315 0.8315 0.8315 0.8315 0.8315 0.8315 0.8315 0.8315 0.8315 0.8315 0.8315 0.8315 0.8315 0.8315 0.8315 0.8315 0.8315 0.8315 0.8315 0.8315 0.8315 0.8315 0.8315 0.8315 0.8315 0.8315 0.8315 0.8315 0.8315 0.8315 0.8315 0.8315 0.8315 0.8315 0.8315 0.8315 0.8315 0.8315 0.8315 0.8315 0.8315 0.8315 0.8315 0.8300 0.7914 0.4709 0.1023 0.0122 0.0011 0.0001 1.0000 1.0000 0.0669 0.0043 0.0003 1.0000 1.0000 0.1654 0.0104 0.0007 0.0000 1.0000 0.3820 0.0232
0.0233 0.3827 1.0000 0.0000 0.0007 0.0104 0.1654 1.0000 1.0000 0.0003 0.0043 0.0669 1.0000 1.0000 0.0001 0.0011 0.0122 0.1023 0.4718 0.7929 0.8300 0.8315 0.8315 0.8315 0.8315 0.8315 0.8315 0.8315 0.8315 0.8315 0.8315 0.8315 0.8315 0.8315 0.8315 0.8315 0.8315 0.8315 0.8315 0.8315 0.8315 0.8315 0.8315 0.8315 0.8315 0.8315 0.8315 0.8315 0.8315 0.8315 0.8315 0.8315 0.8315 0.8315 0.8315 0.8315 0.8315 0.8315 0.8315 0.8315 0.8315 0.8315 0.8315 0.8315 0.8315 0.8315 0.8315 0.8315 0.8315 0.8315 0.8315 0.8315 0.8315 0.8315 0.8315 0.8315 0.8315 0.8315 0.8315 0.8315 0.8300 0.7914 0.4709 0.1023 0.0122 0.0011 0.0001 1.0000 1.0000 0.0669 0.0043 0.0003 1.0000 1.0000 0.1654 0.0104 0.0007 0.0000 1.0000 0.3820 0.0232
0.0233 0.3827 1.0000 0.0000 0.0007 0.0104 0.1658 1.0000 1.0000 0.0003 0.0043 0.0670 1.0000 1.0000 0.0001 0.0011 0.0122 0.1023 0.4718 0.7929 0.8300 0.8315 0.8315 0.8315 0.8315 0.8315 0.8315 0.8315 0.8315 0.8315 0.8315 0.8315 0.8315 0.8315 0.8315 0.8315 0.8315 0.8315 0.8315 0.8315 0.8315 0.8315 0.8315 0.8315 0.8315 0.8315 0.8315 0.8315 0.8315 0.8315 0.8315 0.8315 0.8315 0.8315 0.8315 0.8315 0.8315 0.8315 0.8315 0.8315 0.8315 0.8315 0.8315 0.8315 0.8315 0.8315 0.8315 0.8315 0.8315 0.8315 0.8315 0.8315 0.8315 0.8315 0.8315 0.8315 0.8315 0.8315 0.8315 0.8315 0.8300 0.7914 0.4709 0.1023 0.0122 0.0011 0.0001 1.0000 1.0000 0.0669 0.0043 0.0003 1.0000 1.0000 0.1654 0.0104 0.0007 0.0000 1.0000 0.3820 0.0232
0.0234 0.3842 1.0000 0.0000 0.0007 0.0104 0.1661 1.0000 1.0000 0.0003 0.0044 0.0673 1.0000 1.0000 0.0001 0.0011 0.0123 0.1026 0.4736 0.7944 0.8331 0.8347 0.8347 0.8347 0.8347 0.8347 0.8347 0.8347 0.8347 0.8347 0.8347 0.8347 0.8347 0.8347 0.8347 0.8347 0.8347 0.8347 0.8347 0.8347 0.8347 0.8347 0.8347 0.8347 0.8347 0.8347 0.8347 0.8347 0.8347 0.8331 0.8331 0.8331 0.8315 0.8315 0.8315 0.8315 0.8315 0.8315 0.8315 0.8315 0.8315 0.8315 0.8315 0.8315 0.8315 0.8315 0.8315 0.8315 0.8315 0.8315 0.8315 0.8315 0.8315 0.8315 0.8315 0.8315 0.8315 0.8315 0.8315 0.8315 0.8300 0.7914 0.4709 0.1023 0.0122 0.0011 0.0001 1.0000 1.0000 0.0669 0.0043 0.0003 1.0000 1.0000 0.1654 0.0104 0.0007 0.0000 1.0000 0.3820 0.0232
0.0236 0.3871 1.0000 0.0000 0.0007 0.0105 0.1677 1.0000 1.0000 0.0003 0.0044 0.0678 1.0000 1.0000 0.0001 0.0011 0.0124 0.1034 0.4772 0.8020 0.8395 0.8411 0.8427 0.8427 0.8427 0.8427 0.8427 0.8427 0.8427 0.8427 0.8427 0.8427 0.8427 0.8427 0.8427 0.8427 0.8427 0.8427 0.8427 0.8427 0.8427 0.8427 0.8427 0.8427 0.8411 0.8411 0.8411 0.8411 0.8395 0.8395 0.8363 0.8347 0.8331 0.8331 0.8315 0.8315 0.8315 0.8315 0.8315 0.8315 0.8315 0.8315 0.8315 0.8315 0.8315 0.8315 0.8315 0.8315 0.8315 0.8315 0.8315 0.8315 0.8315 0.8315 0.8315 0.8315 0.8315 0.8315 0.8315 0.8315 0.8300 0.7914 0.4709 0.1023 0.0122 0.0011 0.0001 1.0000 1.0000 0.0669 0.0043 0.0003 1.0000 1.0000 0.1654 0.0104 0.0007 0.0000 1.0000 0.3820 0.0232
0.0241 0.3953 1.0000 0.0000 0.0007 0.0107 0.1709 1.0000 1.0000 0.0003 0.0045 0.0691 1.0000 1.0000 0.0001 0.0011 0.0126 0.1054 0.4873 0.8190 0.8572 0.8589 0.8589 0.8589 0.8589 0.8589 0.8589 0.8589 0.8589 0.8589 0.8589 0.8589 0.8589 0.8589 0.8589 0.8589 0.8589 0.8589 0.8589 0.8589 0.8589 0.8589 0.8589 0.8589 0.8589 0.8589 0.8589 0.8572 0.8540 0.8507 0.8459 0.8427 0.8379 0.8347 0.8331 0.8315 0.8315 0.8315 0.8315 0.8315 0.8315 0.8315 0.8315 0.8315 0.8315 0.8315 0.8315 0.8315 0.8315 0.8315 0.8315 0.8315 0.8315 0.8315 0.8315 0.8315 0.8315 0.8315 0.8315 0.8315 0.8300 0.7914 0.4709 0.1023 0.0122 0.0011 0.0001 1.0000 1.0000 0.0669 0.0043 0.0003 1.0000 1.0000 0.1654 0.0104 0.0007 0.0000 1.0000 0.3820 0.0232
0.0250 0.4114 1.0000 0.0000 0.0007 0.0112 0.1782 1.0000 1.0000 0.0003 0.0047 0.0721 1.0000 1.0000 0.0001 0.0012 0.0131 0.1099 0.5081 0.8540 0.8956 0.8973 0.8973 0.8973 0.8973 0.8973 0.8973 0.8973 0.8973 0.8973 0.8973 0.8973 0.8973 0.8973 0.8973 0.8973 0.8973 0.8973 0.8973 0.8973 0.8973 0.8973 0.8973 0.8973 0.8973 0.8956 0.8939 0.8905 0.8854 0.8770 0.8671 0.8556 0.8475 0.8395 0.8347 0.8331 0.8315 0.8315 0.8315 0.8315 0.8315 0.8315 0.8315 0.8315 0.8315 0.8315 0.8315 0.8315 0.8315 0.8315 0.8315 0.8315 0.8315 0.8315 0.8315 0.8315 0.8315 0.8315 0.8315 0.8315 0.8300 0.7914 0.4709 0.1023 0.0122 0.0011 0.0001 1.0000 1.0000 0.0669 0.0043 0.0003 1.0000 1.0000 0.1654 0.0104 0.0007 0.0000 1.0000 0.3820 0.0232
0.0271 0.4448 1.0000 0.0000 0.0008 0.0121 0.1923 1.0000 1.0000 0.0003 0.0050 0.0778 1.0000 1.0000 0.0001 0.0013 0.0142 0.1186 0.5493 0.9250 0.9700 0.9719 0.9719 0.9719 0.9719 0.9719 0.9719 0.9719 0.9719 0.9719 0.9719 0.9719 0.9719 0.9719 0.9719 0.9719 0.9719 0.9719 0.9719 0.9719 0.9719 0.9719 0.9719 0.9719 0.9700 0.9682 0.9645 0.9572 0.9445 0.9267 0.9058 0.8837 0.8638 0.8491 0.8395 0.8347 0.8331 0.8315 0.8315 0.8315 0.8315 0.8315 0.8315 0.8315 0.8315 0.8315 0.8315 0.8315 0.8315 0.8315 0.8315 0.8315 0.8315 0.8315 0.8315 0.8315 0.8315 0.8315 0.8315 0.8315 0.8300 0.7914 0.4709 0.1023 0.0122 0.0011 0.0001 1.0000 1.0000 0.0669 0.0043 0.0003 1.0000 1.0000 0.1654 0.0104 0.0007 0.0000 1.0000 0.3820 0.0232
0.0307 0.5052 1.0000 0.0001 0.0009 0.0137 0.2184 1.0000 1.0000 0.0004 0.0057 0.0882 1.0000 1.0000 0.0001 0.0015 0.0161 0.1347 0.6240 1.0000 1.0000 1.0000 1.0000 1.0000 1.0000 1.0000 1.0000 1.0000 1.0000 1.0000 1.0000 1.0000 1.0000 1.0000 1.0000 1.0000 1.0000 1.0000 1.0000 1.0000 1.0000 1.0000 1.0000 1.0000 1.0000 1.0000 1.0000 1.0000 1.0000 1.0000 0.9700 0.9267 0.8905 0.8638 0.8475 0.8379 0.8331 0.8315 0.8315 0.8315 0.8315 0.8315 0.8315 0.8315 0.8315 0.8315 0.8315 0.8315 0.8315 0.8315 0.8315 0.8315 0.8315 0.8315 0.8315 0.8315 0.8315 0.8315 0.8315 0.8315 0.8300 0.7914 0.4709 0.1023 0.0122 0.0011 0.0001 1.0000 1.0000 0.0669 0.0043 0.0003 1.0000 1.0000 0.1654 0.0104 0.0007 0.0000 1.0000 0.3820 0.0232
0.0371 0.6099 1.0000 0.0001 0.0010 0.0165 0.2631 1.0000 1.0000 0.0004 0.0069 0.1060 1.0000 1.0000 0.0001 0.0017 0.0194 0.1623 0.7547 1.0000 1.0000 1.0000 1.0000 1.0000 1.0000 1.0000 1.0000 1.0000 1.0000 1.0000 1.0000 1.0000 1.0000 1.0000 1.0000 1.0000 1.0000 1.0000 1.0000 1.0000 1.0000 1.0000 1.0000 1.0000 1.0000 1.0000 1.0000 1.0000 1.0000 1.0000 1.0000 0.9924 0.9285 0.8854 0.8572 0.8427 0.8363 0.8331 0.8315 0.8315 0.8315 0.8315 0.8315 0.8315 0.8315 0.8315 0.8315 0.8315 0.8315 0.8315 0.8315 0.8315 0.8315 0.8315 0.8315 0.8315 0.8315 0.8315 0.8315 0.8315 0.8300 0.7914 0.4709 0.1023 0.0122 0.0011 0.0001 1.0000 1.0000 0.0669 0.0043 0.0003 1.0000 1.0000 0.1654 0.0104 0.0007 0.0000 1.0000 0.3820 0.0232
0.0477 0.7824 1.0000 0.0001 0.0013 0.0212 0.3369 1.0000 0.0000 0.0006 0.0088 0.1358 1.0000 1.0000 0.0002 0.0022 0.0247 0.2075 0.9682 1.0000 1.0000 1.0000 1.0000 1.0000 1.0000 1.0000 1.0000 1.0000 1.0000 1.0000 1.0000 1.0000 1.0000 1.0000 1.0000 1.0000 1.0000 1.0000 1.0000 1.0000 1.0000 1.0000 1.0000 1.0000 1.0000 1.0000 1.0000 1.0000 1.0000 1.0000 1.0000 1.0000 0.9774 0.9093 0.8687 0.8475 0.8379 0.8331 0.8315 0.8315 0.8315 0.8315 0.8315 0.8315 0.8315 0.8315 0.8315 0.8315 0.8315 0.8315 0.8315 0.8315 0.8315 0.8315 0.8315 0.8315 0.8315 0.8315 0.8315 0.8315 0.8300 0.7914 0.4709 0.1023 0.0122 0.0011 0.0001 1.0000 1.0000 0.0669 0.0043 0.0003 1.0000 1.0000 0.1654 0.0104 0.0007 0.0000 1.0000 0.3820 0.0232
0.0647 1.0000 1.0000 0.0001 0.0018 0.0287 0.4559 1.0000 0.0000 0.0008 0.0119 0.1833 1.0000 1.0000 0.0002 0.0030 0.0334 0.2802 1.0000 1.0000 1.0000 1.0000 1.0000 1.0000 1.0000 1.0000 1.0000 1.0000 1.0000 1.0000 1.0000 1.0000 1.0000 1.0000 1.0000 1.0000 1.0000 1.0000 1.0000 1.0000 1.0000 1.0000 1.0000 1.0000 1.0000 1.0000 1.0000 1.0000 1.0000 1.0000 1.0000 1.0000 1.0000 0.9374 0.8820 0.8540 0.8395 0.8347 0.8315 0.8315 0.8315 0.8315 0.8315 0.8315 0.8315 0.8315 0.8315 0.8315 0.8315 0.8315 0.8315 0.8315 0.8315 0.8315 0.8315 0.8315 0.8315 0.8315 0.8315 0.8315 0.8300 0.7914 0.4709 0.1023 0.0122 0.0011 0.0001 1.0000 1.0000 0.0669 0.0043 0.0003 1.0000 1.0000 0.1654 0.0104 0.0007 0.0000 1.0000 0.3820 0.0232
0.0916 1.0000 1.0000 0.0002 0.0025 0.0405 0.6445 1.0000 0.0001 0.0011 0.0167 0.2582 1.0000 1.0000 0.0003 0.0042 0.0470 0.3953 1.0000 1.0000 1.0000 1.0000 1.0000 1.0000 1.0000 1.0000 1.0000 1.0000 1.0000 1.0000 1.0000 1.0000 1.0000 1.0000 1.0000 1.0000 1.0000 1.0000 1.0000 1.0000 1.0000 1.0000 1.0000 1.0000 1.0000 1.0000 1.0000 1.0000 1.0000 1.0000 1.0000 1.0000 1.0000 0.9645 0.8956 0.8589 0.8427 0.8347 0.8331 0.8315 0.8315 0.8315 0.8315 0.8315 0.8315 0.8315 0.8315 0.8315 0.8315 0.8315 0.8315 0.8315 0.8315 0.8315 0.8315 0.8315 0.8315 0.8315 0.8315 0.8315 0.8300 0.7914 0.4709 0.1023 0.0122 0.0011 0.0001 1.0000 1.0000 0.0669 0.0043 0.0003 1.0000 1.0000 0.1654 0.0104 0.0007 0.0000 1.0000 0.3820 0.0232
0.1322 1.0000 1.0000 0.0002 0.0037 0.0585 0.9285 1.0000 0.0001 0.0015 0.0241 0.3720 1.0000 0.0000 0.0005 0.0061 0.0676 0.5695 1.0000 1.0000 1.0000 1.0000 1.0000 1.0000 1.0000 1.0000 1.0000 1.0000 1.0000 1.0000 1.0000 1.0000 1.0000 1.0000 1.0000 1.0000 1.0000 1.0000 1.0000 1.0000 1.0000 1.0000 1.0000 1.0000 1.0000 1.0000 1.0000 1.0000 1.0000 1.0000 1.0000 1.0000 1.0000 0.9887 0.9058 0.8638 0.8443 0.8363 0.8331 0.8315 0.8315 0.8315 0.8315 0.8315 0.8315 0.8315 0.8315 0.8315 0.8315 0.8315 0.8315 0.8315 0.8315 0.8315 0.8315 0.8315 0.8315 0.8315 0.8315 0.8315 0.8300 0.7914 0.4709 0.1023 0.0122 0.0011 0.0001 1.0000 1.0000 0.0669 0.0043 0.0003 1.0000 1.0000 0.1654 0.0104 0.0007 0.0000 1.0000 0.3820 0.0232
0.1854 1.0000 1.0000 0.0003 0.0052 0.0822 1.0000 1.0000 0.0001 0.0022 0.0339 0.5228 1.0000 0.0000 0.0007 0.0086 0.0949 0.7990 1.0000 1.0000 1.0000 1.0000 1.0000 1.0000 1.0000 1.0000 1.0000 1.0000 1.0000 1.0000 1.0000 1.0000 1.0000 1.0000 1.0000 1.0000 1.0000 1.0000 1.0000 1.0000 1.0000 1.0000 1.0000 1.0000 1.0000 1.0000 1.0000 1.0000 1.0000 1.0000 1.0000 1.0000 1.0000 1.0000 0.9162 0.8687 0.8459 0.8363 0.8331 0.8315 0.8315 0.8315 0.8315 0.8315 0.8315 0.8315 0.8315 0.8315 0.8315 0.8315 0.8315 0.8315 0.8315 0.8315 0.8315 0.8315 0.8315 0.8315 0.8315 0.8315 0.8300 0.7914 0.4709 0.1023 0.0122 0.0011 0.0001 1.0000 1.0000 0.0669 0.0043 0.0003 1.0000 1.0000 0.1654 0.0104 0.0007 0.0000 1.0000 0.3820 0.0232
0.2282 1.0000 1.0000 0.0004 0.0064 0.1015 1.0000 1.0000 0.0002 0.0027 0.0418 0.6457 1.0000 0.0001 0.0008 0.0106 0.1173 0.9887 1.0000 1.0000 1.0000 1.0000 1.0000 1.0000 1.0000 1.0000 1.0000 1.0000 1.0000 1.0000 1.0000 1.0000 1.0000 1.0000 1.0000 1.0000 1.0000 1.0000 1.0000 1.0000 1.0000 1.0000 1.0000 1.0000 1.0000 1.0000 1.0000 1.0000 1.0000 1.0000 1.0000 1.0000 1.0000 1.0000 0.9232 0.8720 0.8475 0.8363 0.8331 0.8315 0.8315 0.8315 0.8315 0.8315 0.8315 0.8315 0.8315 0.8315 0.8315 0.8315 0.8315 0.8315 0.8315 0.8315 0.8315 0.8315 0.8315 0.8315 0.8315 0.8315 0.8300 0.7914 0.4709 0.1023 0.0122 0.0011 0.0001 1.0000 1.0000 0.0669 0.0043 0.0003 1.0000 1.0000 0.1654 0.0104 0.0007 0.0000 1.0000 0.3820 0.0232
0.2123 1.0000 1.0000 0.0004 0.0059 0.0939 1.0000 1.0000 0.0002 0.0025 0.0386 0.5950 1.0000 0.0001 0.0008 0.0098 0.1085 0.9162 1.0000 1.0000 1.0000 1.0000 1.0000 1.0000 1.0000 1.0000 1.0000 1.0000 1.0000 1.0000 1.0000 1.0000 1.0000 1.0000 1.0000 1.0000 1.0000 1.0000 1.0000 1.0000 1.0000 1.0000 1.0000 1.0000 1.0000 1.0000 1.0000 1.0000 1.0000 1.0000 1.0000 1.0000 1.0000 1.0000 0.9267 0.8737 0.8475 0.8379 0.8331 0.8315 0.8315 0.8315 0.8315 0.8315 0.8315 0.8315 0.8315 0.8315 0.8315 0.8315 0.8315 0.8315 0.8315 0.8315 0.8315 0.8315 0.8315 0.8315 0.8315 0.8315 0.8300 0.7914 0.4709 0.1023 0.0122 0.0011 0.0001 1.0000 1.0000 0.0669 0.0043 0.0003 1.0000 1.0000 0.1654 0.0104 0.0007 0.0000 1.0000 0.3820 0.0232
0.1542 1.0000 1.0000 0.0003 0.0043 0.0679 1.0000 1.0000 0.0001 0.0018 0.0279 0.4298 1.0000 0.0000 0.0006 0.0071 0.0784 0.6644 1.0000 1.0000 1.0000 1.0000 1.0000 1.0000 1.0000 1.0000 1.0000 1.0000 1.0000 1.0000 1.0000 1.0000 1.0000 1.0000 1.0000 1.0000 1.0000 1.0000 1.0000 1.0000 1.0000 1.0000 1.0000 1.0000 1.0000 1.0000 1.0000 1.0000 1.0000 1.0000 1.0000 1.0000 1.0000 1.0000 0.9232 0.8720 0.8475 0.8363 0.8331 0.8315 0.8315 0.8315 0.8315 0.8315 0.8315 0.8315 0.8315 0.8315 0.8315 0.8315 0.8315 0.8315 0.8315 0.8315 0.8315 0.8315 0.8315 0.8315 0.8315 0.8315 0.8300 0.7914 0.4709 0.1023 0.0122 0.0011 0.0001 1.0000 1.0000 0.0669 0.0043 0.0003 1.0000 1.0000 0.1654 0.0104 0.0007 0.0000 1.0000 0.3820 0.0232
0.1026 1.0000 1.0000 0.0002 0.0028 0.0452 0.7183 1.0000 0.0001 0.0012 0.0186 0.2872 1.0000 1.0000 0.0004 0.0047 0.0524 0.4431 1.0000 1.0000 1.0000 1.0000 1.0000 1.0000 1.0000 1.0000 1.0000 1.0000 1.0000 1.0000 1.0000 1.0000 1.0000 1.0000 1.0000 1.0000 1.0000 1.0000 1.0000 1.0000 1.0000 1.0000 1.0000 1.0000 1.0000 1.0000 1.0000 1.0000 1.0000 1.0000 1.0000 1.0000 1.0000 0.9981 0.9128 0.8687 0.8459 0.8363 0.8331 0.8315 0.8315 0.8315 0.8315 0.8315 0.8315 0.8315 0.8315 0.8315 0.8315 0.8315 0.8315 0.8315 0.8315 0.8315 0.8315 0.8315 0.8315 0.8315 0.8315 0.8315 0.8300 0.7914 0.4709 0.1023 0.0122 0.0011 0.0001 1.0000 1.0000 0.0669 0.0043 0.0003 1.0000 1.0000 0.1654 0.0104 0.0007 0.0000 1.0000 0.3820 0.0232
0.0688 1.0000 1.0000 0.0001 0.0019 0.0304 0.4845 1.0000 0.0001 0.0008 0.0126 0.1937 1.0000 1.0000 0.0002 0.0032 0.0354 0.2989 1.0000 1.0000 1.0000 1.0000 1.0000 1.0000 1.0000 1.0000 1.0000 1.0000 1.0000 1.0000 1.0000 1.0000 1.0000 1.0000 1.0000 1.0000 1.0000 1.0000 1.0000 1.0000 1.0000 1.0000 1.0000 1.0000 1.0000 1.0000 1.0000 1.0000 1.0000 1.0000 1.0000 1.0000 1.0000 0.9645 0.8973 0.8605 0.8427 0.8347 0.8331 0.8315 0.8315 0.8315 0.8315 0.8315 0.8315 0.8315 0.8315 0.8315 0.8315 0.8315 0.8315 0.8315 0.8315 0.8315 0.8315 0.8315 0.8315 0.8315 0.8315 0.8315 0.8300 0.7914 0.4709 0.1023 0.0122 0.0011 0.0001 1.0000 1.0000 0.0669 0.0043 0.0003 1.0000 1.0000 0.1654 0.0104 0.0007 0.0000 1.0000 0.3820 0.0232
0.0487 0.7990 1.0000 0.0001 0.0014 0.0216 0.3441 1.0000 0.0000 0.0006 0.0089 0.1381 1.0000 1.0000 0.0002 0.0023 0.0252 0.2127 1.0000 1.0000 1.0000 1.0000 1.0000 1.0000 1.0000 1.0000 1.0000 1.0000 1.0000 1.0000 1.0000 1.0000 1.0000 1.0000 1.0000 1.0000 1.0000 1.0000 1.0000 1.0000 1.0000 1.0000 1.0000 1.0000 1.0000 1.0000 1.0000 1.0000 1.0000 1.0000 1.0000 1.0000 1.0000 0.9267 0.8787 0.8524 0.8395 0.8347 0.8315 0.8315 0.8315 0.8315 0.8315 0.8315 0.8315 0.8315 0.8315 0.8315 0.8315 0.8315 0.8315 0.8315 0.8315 0.8315 0.8315 0.8315 0.8315 0.8315 0.8315 0.8315 0.8300 0.7914 0.4709 0.1023 0.0122 0.0011 0.0001 1.0000 1.0000 0.0669 0.0043 0.0003 1.0000 1.0000 0.1654 0.0104 0.0007 0.0000 1.0000 0.3820 0.0232
0.0370 0.6076 1.0000 0.0001 0.0010 0.0164 0.2621 1.0000 1.0000 0.0004 0.0068 0.1056 1.0000 1.0000 0.0001 0.0017 0.0193 0.1620 0.7576 1.0000 1.0000 1.0000 1.0000 1.0000 1.0000 1.0000 1.0000 1.0000 1.0000 1.0000 1.0000 1.0000 1.0000 1.0000 1.0000 1.0000 1.0000 1.0000 1.0000 1.0000 1.0000 1.0000 1.0000 1.0000 1.0000 1.0000 1.0000 1.0000 1.0000 1.0000 1.0000 1.0000 0.9392 0.8922 0.8621 0.8443 0.8363 0.8331 0.8315 0.8315 0.8315 0.8315 0.8315 0.8315 0.8315 0.8315 0.8315 0.8315 0.8315 0.8315 0.8315 0.8315 0.8315 0.8315 0.8315 0.8315 0.8315 0.8315 0.8315 0.8315 0.8300 0.7914 0.4709 0.1023 0.0122 0.0011 0.0001 1.0000 1.0000 0.0669 0.0043 0.0003 1.0000 1.0000 0.1654 0.0104 0.0007 0.0000 1.0000 0.3820 0.0232
0.0303 0.4976 1.0000 0.0001 0.0008 0.0135 0.2151 1.0000 1.0000 0.0004 0.0056 0.0868 1.0000 1.0000 0.0001 0.0014 0.0159 0.1332 0.6181 1.0000 1.0000 1.0000 1.0000 1.0000 1.0000 1.0000 1.0000 1.0000 1.0000 1.0000 1.0000 1.0000 1.0000 1.0000 1.0000 1.0000 1.0000 1.0000 1.0000 1.0000 1.0000 1.0000 1.0000 1.0000 1.0000 1.0000 1.0000 1.0000 1.0000 1.0000 0.9700 0.9285 0.8922 0.8654 0.8491 0.8395 0.8347 0.8331 0.8315 0.8315 0.8315 0.8315 0.8315 0.8315 0.8315 0.8315 0.8315 0.8315 0.8315 0.8315 0.8315 0.8315 0.8315 0.8315 0.8315 0.8315 0.8315 0.8315 0.8315 0.8315 0.8300 0.7914 0.4709 0.1023 0.0122 0.0011 0.0001 1.0000 1.0000 0.0669 0.0043 0.0003 1.0000 1.0000 0.1654 0.0104 0.0007 0.0000 1.0000 0.3820 0.0232
0.0267 0.4381 1.0000 0.0000 0.0007 0.0119 0.1894 1.0000 1.0000 0.0003 0.0050 0.0766 1.0000 1.0000 0.0001 0.0013 0.0140 0.1170 0.5421 0.9145 0.9590 0.9608 0.9608 0.9608 0.9608 0.9608 0.9608 0.9608 0.9608 0.9608 0.9608 0.9608 0.9608 0.9608 0.9608 0.9608 0.9608 0.9608 0.9608 0.9608 0.9608 0.9608 0.9608 0.9608 0.9608 0.9590 0.9554 0.9481 0.9374 0.9197 0.9007 0.8804 0.8621 0.8491 0.8395 0.8347 0.8331 0.8315 0.8315 0.8315 0.8315 0.8315 0.8315 0.8315 0.8315 0.8315 0.8315 0.8315 0.8315 0.8315 0.8315 0.8315 0.8315 0.8315 0.8315 0.8315 0.8315 0.8315 0.8315 0.8315 0.8300 0.7914 0.4709 0.1023 0.0122 0.0011 0.0001 1.0000 1.0000 0.0669 0.0043 0.0003 1.0000 1.0000 0.1654 0.0104 0.0007 0.0000 1.0000 0.3820 0.0232
0.0248 0.4075 1.0000 0.0000 0.0007 0.0111 0.1762 1.0000 1.0000 0.0003 0.0046 0.0712 1.0000 1.0000 0.0001 0.0012 0.0130 0.1089 0.5033 0.8459 0.8871 0.8888 0.8888 0.8888 0.8888 0.8888 0.8888 0.8888 0.8888 0.8888 0.8888 0.8888 0.8888 0.8888 0.8888 0.8888 0.8888 0.8888 0.8888 0.8888 0.8888 0.8888 0.8888 0.8888 0.8888 0.8888 0.8871 0.8837 0.8787 0.8720 0.8621 0.8540 0.8459 0.8395 0.8347 0.8331 0.8315 0.8315 0.8315 0.8315 0.8315 0.8315 0.8315 0.8315 0.8315 0.8315 0.8315 0.8315 0.8315 0.8315 0.8315 0.8315 0.8315 0.8315 0.8315 0.8315 0.8315 0.8315 0.8315 0.8315 0.8300 0.7914 0.4709 0.1023 0.0122 0.0011 0.0001 1.0000 1.0000 0.0669 0.0043 0.0003 1.0000 1.0000 0.1654 0.0104 0.0007 0.0000 1.0000 0.3820 0.0232
0.0239 0.3923 1.0000 0.0000 0.0007 0.0107 0.1699 1.0000 1.0000 0.0003 0.0044 0.0687 1.0000 1.0000 0.0001 0.0011 0.0125 0.1048 0.4845 0.8143 0.8524 0.8540 0.8540 0.8540 0.8540 0.8540 0.8540 0.8540 0.8540 0.8540 0.8540 0.8540 0.8540 0.8540 0.8540 0.8540 0.8540 0.8540 0.8540 0.8540 0.8540 0.8540 0.8540 0.8540 0.8540 0.8540 0.8540 0.8524 0.8507 0.8475 0.8443 0.8395 0.8363 0.8347 0.8331 0.8315 0.8315 0.8315 0.8315 0.8315 0.8315 0.8315 0.8315 0.8315 0.8315 0.8315 0.8315 0.8315 0.8315 0.8315 0.8315 0.8315 0.8315 0.8315 0.8315 0.8315 0.8315 0.8315 0.8315 0.8315 0.8300 0.7914 0.4709 0.1023 0.0122 0.0011 0.0001 1.0000 1.0000 0.0669 0.0043 0.0003 1.0000 1.0000 0.1654 0.0104 0.0007 0.0000 1.0000 0.3820 0.0232
