0.5074 0.4087 0.1494 0.1488 0.2273 0.4326 0.4842 0.1931 0.1400 0.1867 0.3377 0.5164 0.3289 0.1413 0.1601 0.2640 0.4918 0.4390 0.1571 0.1447 0.2117 0.3987 0.5000 0.2348 0.1392 0.1761 0.3098 0.5167 0.3726 0.1446 0.1536 0.2439 0.4634 0.4651 0.1703 0.1418 0.1978 0.3658 0.5109 0.2843 0.1397 0.1671 0.2847 0.5089 0.4101 0.1498 0.1484 0.2255 0.4246 0.4960 0.3664 0.4960 0.4246 0.2255 0.1484 0.1498 0.4101 0.5089 0.2847 0.1671 0.1397 0.2843 0.5109 0.3658 0.1978 0.1418 0.1703 0.4651 0.4634 0.2439 0.1536 0.1446 0.3726 0.5167 0.3098 0.1761 0.1392 0.2348 0.5000 0.3987 0.2117 0.1447 0.1571 0.4390 0.4918 0.2640 0.1601 0.1413 0.3289 0.5164 0.3377 0.1867 0.1400 0.1931 0.4842 0.4326 0.2273 0.1488 0.1494 0.4087 0.5074
0.4087 0.1454 0.1452 0.2249 0.4317 0.4856 0.1932 0.1358 0.1837 0.3359 0.5172 0.3319 0.1372 0.1567 0.2616 0.4915 0.4410 0.1539 0.1409 0.2089 0.3973 0.5012 0.2370 0.1350 0.1730 0.3077 0.5173 0.3753 0.1406 0.1501 0.2414 0.4626 0.4667 0.1682 0.1377 0.1949 0.3642 0.5119 0.2873 0.1355 0.1638 0.2824 0.5091 0.4124 0.1461 0.1448 0.2233 0.4277 0.4896 0.2254 0.1385 0.2254 0.4896 0.4277 0.2233 0.1448 0.1461 0.4124 0.5091 0.2824 0.1638 0.1355 0.2873 0.5119 0.3642 0.1949 0.1377 0.1682 0.4667 0.4626 0.2414 0.1501 0.1406 0.3753 0.5173 0.3077 0.1730 0.1350 0.2370 0.5012 0.3973 0.2089 0.1409 0.1539 0.4410 0.4915 0.2616 0.1567 0.1372 0.3319 0.5172 0.3359 0.1837 0.1358 0.1932 0.4856 0.4317 0.2249 0.1452 0.1454 0.4087
0.1494 0.1452 0.2242 0.4294 0.4871 0.1968 0.1357 0.1825 0.3327 0.5175 0.3368 0.1375 0.1559 0.2593 0.4887 0.4441 0.1551 0.1405 0.2073 0.3936 0.5026 0.2424 0.1350 0.1719 0.3048 0.5169 0.3796 0.1411 0.1495 0.2393 0.4590 0.4692 0.1704 0.1374 0.1935 0.3607 0.5127 0.2928 0.1356 0.1629 0.2798 0.5076 0.4160 0.1469 0.1443 0.2216 0.4249 0.4895 0.2068 0.1344 0.1488 0.1344 0.2068 0.4895 0.4249 0.2216 0.1443 0.1469 0.4160 0.5076 0.2798 0.1629 0.1356 0.2928 0.5127 0.3607 0.1935 0.1374 0.1704 0.4692 0.4590 0.2393 0.1495 0.1411 0.3796 0.5169 0.3048 0.1719 0.1350 0.2424 0.5026 0.3936 0.2073 0.1405 0.1551 0.4441 0.4887 0.2593 0.1559 0.1375 0.3368 0.5175 0.3327 0.1825 0.1357 0.1968 0.4871 0.4294 0.2242 0.1452 0.1494
0.1488 0.2249 0.4294 0.4877 0.1990 0.1356 0.1815 0.3300 0.5177 0.3415 0.1378 0.1551 0.2570 0.4858 0.4471 0.1564 0.1401 0.2057 0.3899 0.5039 0.2478 0.1350 0.1708 0.3019 0.5163 0.3839 0.1416 0.1488 0.2373 0.4554 0.4716 0.1728 0.1372 0.1921 0.3572 0.5135 0.2982 0.1358 0.1620 0.2773 0.5059 0.4196 0.1477 0.1438 0.2198 0.4213 0.4909 0.2063 0.1351 0.1724 0.2380 0.1724 0.1351 0.2063 0.4909 0.4213 0.2198 0.1438 0.1477 0.4196 0.5059 0.2773 0.1620 0.1358 0.2982 0.5135 0.3572 0.1921 0.1372 0.1728 0.4716 0.4554 0.2373 0.1488 0.1416 0.3839 0.5163 0.3019 0.1708 0.1350 0.2478 0.5039 0.3899 0.2057 0.1401 0.1564 0.4471 0.4858 0.2570 0.1551 0.1378 0.3415 0.5177 0.3300 0.1815 0.1356 0.1990 0.4877 0.4294 0.2249 0.1488
0.2273 0.4317 0.4871 0.1990 0.1355 0.1810 0.3280 0.5179 0.3456 0.1381 0.1545 0.2549 0.4830 0.4499 0.1577 0.1397 0.2041 0.3862 0.5052 0.2533 0.1350 0.1698 0.2991 0.5157 0.3881 0.1422 0.1482 0.2353 0.4518 0.4740 0.1754 0.1369 0.1907 0.3538 0.5143 0.3036 0.1360 0.1611 0.2747 0.5040 0.4232 0.1485 0.1433 0.2181 0.4176 0.4926 0.2098 0.1352 0.1772 0.3053 0.4563 0.3053 0.1772 0.1352 0.2098 0.4926 0.4176 0.2181 0.1433 0.1485 0.4232 0.5040 0.2747 0.1611 0.1360 0.3036 0.5143 0.3538 0.1907 0.1369 0.1754 0.4740 0.4518 0.2353 0.1482 0.1422 0.3881 0.5157 0.2991 0.1698 0.1350 0.2533 0.5052 0.3862 0.2041 0.1397 0.1577 0.4499 0.4830 0.2549 0.1545 0.1381 0.3456 0.5179 0.3280 0.1810 0.1355 0.1990 0.4871 0.4317 0.2273
0.4326 0.4856 0.1968 0.1356 0.1810 0.3274 0.5179 0.3482 0.1383 0.1539 0.2531 0.4804 0.4525 0.1590 0.1394 0.2026 0.3826 0.5064 0.2588 0.1350 0.1688 0.2963 0.5149 0.3923 0.1427 0.1476 0.2333 0.4481 0.4763 0.1782 0.1367 0.1894 0.3504 0.5149 0.3090 0.1361 0.1603 0.2722 0.5020 0.4266 0.1494 0.1428 0.2163 0.4138 0.4943 0.2144 0.1352 0.1775 0.3165 0.5158 0.4727 0.5158 0.3165 0.1775 0.1352 0.2144 0.4943 0.4138 0.2163 0.1428 0.1494 0.4266 0.5020 0.2722 0.1603 0.1361 0.3090 0.5149 0.3504 0.1894 0.1367 0.1782 0.4763 0.4481 0.2333 0.1476 0.1427 0.3923 0.5149 0.2963 0.1688 0.1350 0.2588 0.5064 0.3826 0.2026 0.1394 0.1590 0.4525 0.4804 0.2531 0.1539 0.1383 0.3482 0.5179 0.3274 0.1810 0.1356 0.1968 0.4856 0.4326
0.4842 0.1932 0.1357 0.1815 0.3280 0.5179 0.3491 0.1384 0.1535 0.2516 0.4780 0.4548 0.1602 0.1391 0.2012 0.3791 0.5076 0.2642 0.1351 0.1678 0.2935 0.5141 0.3963 0.1433 0.1471 0.2313 0.4444 0.4785 0.1812 0.1365 0.1880 0.3470 0.5156 0.3143 0.1363 0.1594 0.2698 0.4998 0.4300 0.1503 0.1424 0.2146 0.4100 0.4960 0.2193 0.1351 0.1767 0.3168 0.5177 0.3875 0.1772 0.3875 0.5177 0.3168 0.1767 0.1351 0.2193 0.4960 0.4100 0.2146 0.1424 0.1503 0.4300 0.4998 0.2698 0.1594 0.1363 0.3143 0.5156 0.3470 0.1880 0.1365 0.1812 0.4785 0.4444 0.2313 0.1471 0.1433 0.3963 0.5141 0.2935 0.1678 0.1351 0.2642 0.5076 0.3791 0.2012 0.1391 0.1602 0.4548 0.4780 0.2516 0.1535 0.1384 0.3491 0.5179 0.3280 0.1815 0.1357 0.1932 0.4842
0.1931 0.1358 0.1825 0.3300 0.5179 0.3482 0.1384 0.1534 0.2509 0.4765 0.4565 0.1614 0.1388 0.2000 0.3761 0.5086 0.2693 0.1352 0.1668 0.2908 0.5131 0.4003 0.1439 0.1465 0.2294 0.4407 0.4807 0.1845 0.1362 0.1867 0.3437 0.5161 0.3195 0.1366 0.1586 0.2673 0.4975 0.4333 0.1513 0.1419 0.2129 0.4063 0.4976 0.2244 0.1351 0.1756 0.3146 0.5178 0.3709 0.1421 0.1355 0.1421 0.3709 0.5178 0.3146 0.1756 0.1351 0.2244 0.4976 0.4063 0.2129 0.1419 0.1513 0.4333 0.4975 0.2673 0.1586 0.1366 0.3195 0.5161 0.3437 0.1867 0.1362 0.1845 0.4807 0.4407 0.2294 0.1465 0.1439 0.4003 0.5131 0.2908 0.1668 0.1352 0.2693 0.5086 0.3761 0.2000 0.1388 0.1614 0.4565 0.4765 0.2509 0.1534 0.1384 0.3482 0.5179 0.3300 0.1825 0.1358 0.1931
0.1400 0.1837 0.3327 0.5177 0.3456 0.1383 0.1535 0.2509 0.4760 0.4574 0.1622 0.1386 0.1989 0.3734 0.5094 0.2740 0.1352 0.1660 0.2883 0.5120 0.4041 0.1446 0.1459 0.2275 0.4370 0.4828 0.1880 0.1361 0.1854 0.3404 0.5166 0.3247 0.1368 0.1578 0.2649 0.4951 0.4366 0.1524 0.1415 0.2112 0.4025 0.4991 0.2296 0.1350 0.1745 0.3118 0.5177 0.3704 0.1405 0.1465 0.1851 0.1465 0.1405 0.3704 0.5177 0.3118 0.1745 0.1350 0.2296 0.4991 0.4025 0.2112 0.1415 0.1524 0.4366 0.4951 0.2649 0.1578 0.1368 0.3247 0.5166 0.3404 0.1854 0.1361 0.1880 0.4828 0.4370 0.2275 0.1459 0.1446 0.4041 0.5120 0.2883 0.1660 0.1352 0.2740 0.5094 0.3734 0.1989 0.1386 0.1622 0.4574 0.4760 0.2509 0.1535 0.1383 0.3456 0.5177 0.3327 0.1837 0.1400
0.1867 0.3359 0.5175 0.3415 0.1381 0.1539 0.2516 0.4765 0.4574 0.1624 0.1385 0.1983 0.3714 0.5101 0.2780 0.1353 0.1652 0.2860 0.5109 0.4077 0.1452 0.1454 0.2256 0.4332 0.4848 0.1917 0.1359 0.1841 0.3371 0.5170 0.3299 0.1371 0.1570 0.2626 0.4925 0.4398 0.1535 0.1411 0.2095 0.3988 0.5006 0.2348 0.1350 0.1734 0.3089 0.5174 0.3738 0.1405 0.1493 0.2291 0.3405 0.2291 0.1493 0.1405 0.3738 0.5174 0.3089 0.1734 0.1350 0.2348 0.5006 0.3988 0.2095 0.1411 0.1535 0.4398 0.4925 0.2626 0.1570 0.1371 0.3299 0.5170 0.3371 0.1841 0.1359 0.1917 0.4848 0.4332 0.2256 0.1454 0.1452 0.4077 0.5109 0.2860 0.1652 0.1353 0.2780 0.5101 0.3714 0.1983 0.1385 0.1624 0.4574 0.4765 0.2516 0.1539 0.1381 0.3415 0.5175 0.3359 0.1867
0.3377 0.5172 0.3368 0.1378 0.1545 0.2531 0.4780 0.4565 0.1622 0.1385 0.1981 0.3703 0.5105 0.2810 0.1354 0.1645 0.2840 0.5098 0.4108 0.1459 0.1449 0.2238 0.4296 0.4867 0.1956 0.1357 0.1829 0.3339 0.5174 0.3349 0.1374 0.1562 0.2602 0.4898 0.4429 0.1546 0.1407 0.2079 0.3951 0.5020 0.2402 0.1350 0.1723 0.3059 0.5170 0.3779 0.1409 0.1495 0.2371 0.4377 0.5158 0.4377 0.2371 0.1495 0.1409 0.3779 0.5170 0.3059 0.1723 0.1350 0.2402 0.5020 0.3951 0.2079 0.1407 0.1546 0.4429 0.4898 0.2602 0.1562 0.1374 0.3349 0.5174 0.3339 0.1829 0.1357 0.1956 0.4867 0.4296 0.2238 0.1449 0.1459 0.4108 0.5098 0.2840 0.1645 0.1354 0.2810 0.5105 0.3703 0.1981 0.1385 0.1622 0.4565 0.4780 0.2531 0.1545 0.1378 0.3368 0.5172 0.3377
0.5164 0.3319 0.1375 0.1551 0.2549 0.4804 0.4548 0.1614 0.1386 0.1983 0.3703 0.5107 0.2826 0.1354 0.1641 0.2825 0.5088 0.4136 0.1465 0.1445 0.2223 0.4262 0.4885 0.1996 0.1356 0.1817 0.3307 0.5177 0.3399 0.1377 0.1554 0.2579 0.4870 0.4459 0.1559 0.1403 0.2063 0.3914 0.5034 0.2456 0.1350 0.1713 0.3031 0.5165 0.3822 0.1414 0.1491 0.2374 0.4516 0.4837 0.3347 0.4837 0.4516 0.2374 0.1491 0.1414 0.3822 0.5165 0.3031 0.1713 0.1350 0.2456 0.5034 0.3914 0.2063 0.1403 0.1559 0.4459 0.4870 0.2579 0.1554 0.1377 0.3399 0.5177 0.3307 0.1817 0.1356 0.1996 0.4885 0.4262 0.2223 0.1445 0.1465 0.4136 0.5088 0.2825 0.1641 0.1354 0.2826 0.5107 0.3703 0.1983 0.1386 0.1614 0.4548 0.4804 0.2549 0.1551 0.1375 0.3319 0.5164
0.3289 0.1372 0.1559 0.2570 0.4830 0.4525 0.1602 0.1388 0.1989 0.3714 0.5105 0.2826 0.1354 0.1638 0.2814 0.5081 0.4158 0.1470 0.1441 0.2209 0.4232 0.4901 0.2034 0.1355 0.1805 0.3276 0.5179 0.3448 0.1380 0.1547 0.2556 0.4841 0.4489 0.1572 0.1399 0.2047 0.3877 0.5047 0.2511 0.1350 0.1702 0.3002 0.5160 0.3865 0.1419 0.1485 0.2359 0.4521 0.4763 0.1947 0.1362 0.1947 0.4763 0.4521 0.2359 0.1485 0.1419 0.3865 0.5160 0.3002 0.1702 0.1350 0.2511 0.5047 0.3877 0.2047 0.1399 0.1572 0.4489 0.4841 0.2556 0.1547 0.1380 0.3448 0.5179 0.3276 0.1805 0.1355 0.2034 0.4901 0.4232 0.2209 0.1441 0.1470 0.4158 0.5081 0.2814 0.1638 0.1354 0.2826 0.5105 0.3714 0.1989 0.1388 0.1602 0.4525 0.4830 0.2570 0.1559 0.1372 0.3289
0.1413 0.1567 0.2593 0.4858 0.4499 0.1590 0.1391 0.2000 0.3734 0.5101 0.2810 0.1354 0.1638 0.2810 0.5076 0.4172 0.1474 0.1439 0.2197 0.4205 0.4914 0.2071 0.1354 0.1795 0.3248 0.5180 0.3495 0.1383 0.1539 0.2534 0.4810 0.4518 0.1585 0.1395 0.2032 0.3840 0.5060 0.2566 0.1350 0.1692 0.2974 0.5153 0.3906 0.1425 0.1479 0.2340 0.4494 0.4761 0.1812 0.1350 0.1532 0.1350 0.1812 0.4761 0.4494 0.2340 0.1479 0.1425 0.3906 0.5153 0.2974 0.1692 0.1350 0.2566 0.5060 0.3840 0.2032 0.1395 0.1585 0.4518 0.4810 0.2534 0.1539 0.1383 0.3495 0.5180 0.3248 0.1795 0.1354 0.2071 0.4914 0.4205 0.2197 0.1439 0.1474 0.4172 0.5076 0.2810 0.1638 0.1354 0.2810 0.5101 0.3734 0.2000 0.1391 0.1590 0.4499 0.4858 0.2593 0.1567 0.1413
0.1601 0.2616 0.4887 0.4471 0.1577 0.1394 0.2012 0.3761 0.5094 0.2780 0.1354 0.1641 0.2814 0.5076 0.4176 0.1476 0.1437 0.2189 0.4185 0.4925 0.2102 0.1353 0.1786 0.3223 0.5181 0.3538 0.1387 0.1533 0.2512 0.4779 0.4546 0.1600 0.1392 0.2016 0.3804 0.5072 0.2622 0.1351 0.1682 0.2946 0.5144 0.3947 0.1431 0.1473 0.2321 0.4459 0.4777 0.1809 0.1361 0.1799 0.2522 0.1799 0.1361 0.1809 0.4777 0.4459 0.2321 0.1473 0.1431 0.3947 0.5144 0.2946 0.1682 0.1351 0.2622 0.5072 0.3804 0.2016 0.1392 0.1600 0.4546 0.4779 0.2512 0.1533 0.1387 0.3538 0.5181 0.3223 0.1786 0.1353 0.2102 0.4925 0.4185 0.2189 0.1437 0.1476 0.4176 0.5076 0.2814 0.1641 0.1354 0.2780 0.5094 0.3761 0.2012 0.1394 0.1577 0.4471 0.4887 0.2616 0.1601
0.2640 0.4915 0.4441 0.1564 0.1397 0.2026 0.3791 0.5086 0.2740 0.1353 0.1645 0.2825 0.5081 0.4172 0.1476 0.1436 0.2185 0.4172 0.4933 0.2127 0.1352 0.1778 0.3201 0.5181 0.3576 0.1390 0.1526 0.2492 0.4748 0.4573 0.1616 0.1388 0.2001 0.3768 0.5083 0.2677 0.1351 0.1672 0.2919 0.5135 0.3987 0.1437 0.1467 0.2301 0.4422 0.4798 0.1833 0.1362 0.1852 0.3251 0.4785 0.3251 0.1852 0.1362 0.1833 0.4798 0.4422 0.2301 0.1467 0.1437 0.3987 0.5135 0.2919 0.1672 0.1351 0.2677 0.5083 0.3768 0.2001 0.1388 0.1616 0.4573 0.4748 0.2492 0.1526 0.1390 0.3576 0.5181 0.3201 0.1778 0.1352 0.2127 0.4933 0.4172 0.2185 0.1436 0.1476 0.4172 0.5081 0.2825 0.1645 0.1353 0.2740 0.5086 0.3791 0.2026 0.1397 0.1564 0.4441 0.4915 0.2640
0.4918 0.4410 0.1551 0.1401 0.2041 0.3826 0.5076 0.2693 0.1352 0.1652 0.2840 0.5088 0.4158 0.1474 0.1437 0.2185 0.4167 0.4937 0.2144 0.1352 0.1772 0.3183 0.5180 0.3609 0.1393 0.1521 0.2474 0.4720 0.4598 0.1632 0.1385 0.1986 0.3732 0.5094 0.2732 0.1352 0.1662 0.2892 0.5124 0.4027 0.1443 0.1462 0.2282 0.4385 0.4819 0.1865 0.1361 0.1855 0.3370 0.5174 0.4563 0.5174 0.3370 0.1855 0.1361 0.1865 0.4819 0.4385 0.2282 0.1462 0.1443 0.4027 0.5124 0.2892 0.1662 0.1352 0.2732 0.5094 0.3732 0.1986 0.1385 0.1632 0.4598 0.4720 0.2474 0.1521 0.1393 0.3609 0.5180 0.3183 0.1772 0.1352 0.2144 0.4937 0.4167 0.2185 0.1437 0.1474 0.4158 0.5088 0.2840 0.1652 0.1352 0.2693 0.5076 0.3826 0.2041 0.1401 0.1551 0.4410 0.4918
0.4390 0.1539 0.1405 0.2057 0.3862 0.5064 0.2642 0.1352 0.1660 0.2860 0.5098 0.4136 0.1470 0.1439 0.2189 0.4172 0.4937 0.2150 0.1352 0.1769 0.3171 0.5180 0.3635 0.1395 0.1516 0.2458 0.4694 0.4619 0.1647 0.1382 0.1972 0.3697 0.5104 0.2788 0.1353 0.1653 0.2865 0.5112 0.4065 0.1450 0.1456 0.2263 0.4347 0.4840 0.1902 0.1359 0.1846 0.3374 0.5172 0.3584 0.1620 0.3584 0.5172 0.3374 0.1846 0.1359 0.1902 0.4840 0.4347 0.2263 0.1456 0.1450 0.4065 0.5112 0.2865 0.1653 0.1353 0.2788 0.5104 0.3697 0.1972 0.1382 0.1647 0.4619 0.4694 0.2458 0.1516 0.1395 0.3635 0.5180 0.3171 0.1769 0.1352 0.2150 0.4937 0.4172 0.2189 0.1439 0.1470 0.4136 0.5098 0.2860 0.1660 0.1352 0.2642 0.5064 0.3862 0.2057 0.1405 0.1539 0.4390
0.1571 0.1409 0.2073 0.3899 0.5052 0.2588 0.1351 0.1668 0.2883 0.5109 0.4108 0.1465 0.1441 0.2197 0.4185 0.4933 0.2144 0.1352 0.1767 0.3164 0.5179 0.3654 0.1398 0.1512 0.2444 0.4670 0.4638 0.1662 0.1380 0.1960 0.3666 0.5113 0.2840 0.1354 0.1643 0.2839 0.5099 0.4103 0.1457 0.1451 0.2245 0.4310 0.4860 0.1940 0.1358 0.1834 0.3350 0.5173 0.3400 0.1389 0.1371 0.1389 0.3400 0.5173 0.3350 0.1834 0.1358 0.1940 0.4860 0.4310 0.2245 0.1451 0.1457 0.4103 0.5099 0.2839 0.1643 0.1354 0.2840 0.5113 0.3666 0.1960 0.1380 0.1662 0.4638 0.4670 0.2444 0.1512 0.1398 0.3654 0.5179 0.3164 0.1767 0.1352 0.2144 0.4933 0.4185 0.2197 0.1441 0.1465 0.4108 0.5109 0.2883 0.1668 0.1351 0.2588 0.5052 0.3899 0.2073 0.1409 0.1571
0.1447 0.2089 0.3936 0.5039 0.2533 0.1350 0.1678 0.2908 0.5120 0.4077 0.1459 0.1445 0.2209 0.4205 0.4925 0.2127 0.1352 0.1769 0.3164 0.5179 0.3663 0.1399 0.1509 0.2434 0.4650 0.4654 0.1675 0.1378 0.1949 0.3637 0.5120 0.2888 0.1355 0.1635 0.2813 0.5084 0.4140 0.1465 0.1446 0.2226 0.4272 0.4879 0.1981 0.1356 0.1822 0.3320 0.5176 0.3395 0.1379 0.1505 0.1941 0.1505 0.1379 0.3395 0.5176 0.3320 0.1822 0.1356 0.1981 0.4879 0.4272 0.2226 0.1446 0.1465 0.4140 0.5084 0.2813 0.1635 0.1355 0.2888 0.5120 0.3637 0.1949 0.1378 0.1675 0.4654 0.4650 0.2434 0.1509 0.1399 0.3663 0.5179 0.3164 0.1769 0.1352 0.2127 0.4925 0.4205 0.2209 0.1445 0.1459 0.4077 0.5120 0.2908 0.1678 0.1350 0.2533 0.5039 0.3936 0.2089 0.1447
0.2117 0.3973 0.5026 0.2478 0.1350 0.1688 0.2935 0.5131 0.4041 0.1452 0.1449 0.2223 0.4232 0.4914 0.2102 0.1352 0.1772 0.3171 0.5179 0.3663 0.1399 0.1508 0.2428 0.4636 0.4667 0.1687 0.1376 0.1940 0.3613 0.5127 0.2932 0.1356 0.1627 0.2790 0.5069 0.4176 0.1472 0.1440 0.2208 0.4234 0.4898 0.2025 0.1355 0.1809 0.3288 0.5178 0.3432 0.1379 0.1538 0.2424 0.3629 0.2424 0.1538 0.1379 0.3432 0.5178 0.3288 0.1809 0.1355 0.2025 0.4898 0.4234 0.2208 0.1440 0.1472 0.4176 0.5069 0.2790 0.1627 0.1356 0.2932 0.5127 0.3613 0.1940 0.1376 0.1687 0.4667 0.4636 0.2428 0.1508 0.1399 0.3663 0.5179 0.3171 0.1772 0.1352 0.2102 0.4914 0.4232 0.2223 0.1449 0.1452 0.4041 0.5131 0.2935 0.1688 0.1350 0.2478 0.5026 0.3973 0.2117
0.3987 0.5012 0.2424 0.1350 0.1698 0.2963 0.5141 0.4003 0.1446 0.1454 0.2238 0.4262 0.4901 0.2071 0.1353 0.1778 0.3183 0.5180 0.3654 0.1399 0.1508 0.2425 0.4629 0.4675 0.1696 0.1375 0.1932 0.3592 0.5132 0.2970 0.1358 0.1620 0.2769 0.5054 0.4208 0.1480 0.1436 0.2190 0.4197 0.4916 0.2070 0.1354 0.1797 0.3257 0.5180 0.3478 0.1382 0.1540 0.2510 0.4616 0.5117 0.4616 0.2510 0.1540 0.1382 0.3478 0.5180 0.3257 0.1797 0.1354 0.2070 0.4916 0.4197 0.2190 0.1436 0.1480 0.4208 0.5054 0.2769 0.1620 0.1358 0.2970 0.5132 0.3592 0.1932 0.1375 0.1696 0.4675 0.4629 0.2425 0.1508 0.1399 0.3654 0.5180 0.3183 0.1778 0.1353 0.2071 0.4901 0.4262 0.2238 0.1454 0.1446 0.4003 0.5141 0.2963 0.1698 0.1350 0.2424 0.5012 0.3987
0.5000 0.2370 0.1350 0.1708 0.2991 0.5149 0.3963 0.1439 0.1459 0.2256 0.4296 0.4885 0.2034 0.1354 0.1786 0.3201 0.5180 0.3635 0.1398 0.1509 0.2428 0.4629 0.4677 0.1701 0.1374 0.1927 0.3576 0.5136 0.3002 0.1359 0.1614 0.2751 0.5040 0.4236 0.1487 0.1431 0.2174 0.4160 0.4933 0.2117 0.1353 0.1785 0.3226 0.5181 0.3526 0.1385 0.1534 0.2513 0.4744 0.4693 0.3006 0.4693 0.4744 0.2513 0.1534 0.1385 0.3526 0.5181 0.3226 0.1785 0.1353 0.2117 0.4933 0.4160 0.2174 0.1431 0.1487 0.4236 0.5040 0.2751 0.1614 0.1359 0.3002 0.5136 0.3576 0.1927 0.1374 0.1701 0.4677 0.4629 0.2428 0.1509 0.1398 0.3635 0.5180 0.3201 0.1786 0.1354 0.2034 0.4885 0.4296 0.2256 0.1459 0.1439 0.3963 0.5149 0.2991 0.1708 0.1350 0.2370 0.5000
0.2348 0.1350 0.1719 0.3019 0.5157 0.3923 0.1433 0.1465 0.2275 0.4332 0.4867 0.1996 0.1355 0.1795 0.3223 0.5181 0.3609 0.1395 0.1512 0.2434 0.4636 0.4675 0.1701 0.1374 0.1924 0.3565 0.5139 0.3028 0.1360 0.1609 0.2735 0.5027 0.4260 0.1494 0.1428 0.2159 0.4126 0.4949 0.2163 0.1352 0.1774 0.3195 0.5181 0.3573 0.1389 0.1528 0.2497 0.4749 0.4601 0.1731 0.1348 0.1731 0.4601 0.4749 0.2497 0.1528 0.1389 0.3573 0.5181 0.3195 0.1774 0.1352 0.2163 0.4949 0.4126 0.2159 0.1428 0.1494 0.4260 0.5027 0.2735 0.1609 0.1360 0.3028 0.5139 0.3565 0.1924 0.1374 0.1701 0.4675 0.4636 0.2434 0.1512 0.1395 0.3609 0.5181 0.3223 0.1795 0.1355 0.1996 0.4867 0.4332 0.2275 0.1465 0.1433 0.3923 0.5157 0.3019 0.1719 0.1350 0.2348
0.1392 0.1730 0.3048 0.5163 0.3881 0.1427 0.1471 0.2294 0.4370 0.4848 0.1956 0.1356 0.1805 0.3248 0.5181 0.3576 0.1393 0.1516 0.2444 0.4650 0.4667 0.1696 0.1374 0.1924 0.3562 0.5141 0.3044 0.1360 0.1604 0.2721 0.5014 0.4281 0.1500 0.1424 0.2146 0.4096 0.4963 0.2206 0.1351 0.1763 0.3165 0.5180 0.3620 0.1393 0.1521 0.2476 0.4725 0.4599 0.1651 0.1363 0.1584 0.1363 0.1651 0.4599 0.4725 0.2476 0.1521 0.1393 0.3620 0.5180 0.3165 0.1763 0.1351 0.2206 0.4963 0.4096 0.2146 0.1424 0.1500 0.4281 0.5014 0.2721 0.1604 0.1360 0.3044 0.5141 0.3562 0.1924 0.1374 0.1696 0.4667 0.4650 0.2444 0.1516 0.1393 0.3576 0.5181 0.3248 0.1805 0.1356 0.1956 0.4848 0.4370 0.2294 0.1471 0.1427 0.3881 0.5163 0.3048 0.1730 0.1392
0.1761 0.3077 0.5169 0.3839 0.1422 0.1476 0.2313 0.4407 0.4828 0.1917 0.1357 0.1817 0.3276 0.5180 0.3538 0.1390 0.1521 0.2458 0.4670 0.4654 0.1687 0.1375 0.1927 0.3565 0.5141 0.3049 0.1361 0.1602 0.2711 0.5004 0.4300 0.1506 0.1422 0.2135 0.4069 0.4975 0.2247 0.1351 0.1753 0.3138 0.5178 0.3664 0.1397 0.1514 0.2455 0.4693 0.4618 0.1649 0.1378 0.1882 0.2677 0.1882 0.1378 0.1649 0.4618 0.4693 0.2455 0.1514 0.1397 0.3664 0.5178 0.3138 0.1753 0.1351 0.2247 0.4975 0.4069 0.2135 0.1422 0.1506 0.4300 0.5004 0.2711 0.1602 0.1361 0.3049 0.5141 0.3565 0.1927 0.1375 0.1687 0.4654 0.4670 0.2458 0.1521 0.1390 0.3538 0.5180 0.3276 0.1817 0.1357 0.1917 0.4828 0.4407 0.2313 0.1476 0.1422 0.3839 0.5169 0.3077 0.1761
0.3098 0.5173 0.3796 0.1416 0.1482 0.2333 0.4444 0.4807 0.1880 0.1359 0.1829 0.3307 0.5179 0.3495 0.1387 0.1526 0.2474 0.4694 0.4638 0.1675 0.1376 0.1932 0.3576 0.5139 0.3044 0.1361 0.1601 0.2707 0.4998 0.4313 0.1510 0.1419 0.2126 0.4047 0.4985 0.2283 0.1350 0.1745 0.3114 0.5177 0.3705 0.1401 0.1508 0.2434 0.4659 0.4643 0.1664 0.1379 0.1941 0.3463 0.4968 0.3463 0.1941 0.1379 0.1664 0.4643 0.4659 0.2434 0.1508 0.1401 0.3705 0.5177 0.3114 0.1745 0.1350 0.2283 0.4985 0.4047 0.2126 0.1419 0.1510 0.4313 0.4998 0.2707 0.1601 0.1361 0.3044 0.5139 0.3576 0.1932 0.1376 0.1675 0.4638 0.4694 0.2474 0.1526 0.1387 0.3495 0.5179 0.3307 0.1829 0.1359 0.1880 0.4807 0.4444 0.2333 0.1482 0.1416 0.3796 0.5173 0.3098
0.5167 0.3753 0.1411 0.1488 0.2353 0.4481 0.4785 0.1845 0.1361 0.1841 0.3339 0.5177 0.3448 0.1383 0.1533 0.2492 0.4720 0.4619 0.1662 0.1378 0.1940 0.3592 0.5136 0.3028 0.1360 0.1602 0.2707 0.4995 0.4320 0.1513 0.1418 0.2118 0.4028 0.4993 0.2315 0.1350 0.1737 0.3093 0.5174 0.3741 0.1405 0.1502 0.2414 0.4625 0.4668 0.1683 0.1377 0.1943 0.3589 0.5155 0.4371 0.5155 0.3589 0.1943 0.1377 0.1683 0.4668 0.4625 0.2414 0.1502 0.1405 0.3741 0.5174 0.3093 0.1737 0.1350 0.2315 0.4993 0.4028 0.2118 0.1418 0.1513 0.4320 0.4995 0.2707 0.1602 0.1360 0.3028 0.5136 0.3592 0.1940 0.1378 0.1662 0.4619 0.4720 0.2492 0.1533 0.1383 0.3448 0.5177 0.3339 0.1841 0.1361 0.1845 0.4785 0.4481 0.2353 0.1488 0.1411 0.3753 0.5167
0.3726 0.1406 0.1495 0.2373 0.4518 0.4763 0.1812 0.1362 0.1854 0.3371 0.5174 0.3399 0.1380 0.1539 0.2512 0.4748 0.4598 0.1647 0.1380 0.1949 0.3613 0.5132 0.3002 0.1360 0.1604 0.2711 0.4998 0.4320 0.1514 0.1417 0.2113 0.4014 0.5000 0.2341 0.1350 0.1731 0.3074 0.5172 0.3772 0.1409 0.1496 0.2396 0.4593 0.4692 0.1705 0.1374 0.1933 0.3594 0.5137 0.3262 0.1524 0.3262 0.5137 0.3594 0.1933 0.1374 0.1705 0.4692 0.4593 0.2396 0.1496 0.1409 0.3772 0.5172 0.3074 0.1731 0.1350 0.2341 0.5000 0.4014 0.2113 0.1417 0.1514 0.4320 0.4998 0.2711 0.1604 0.1360 0.3002 0.5132 0.3613 0.1949 0.1380 0.1647 0.4598 0.4748 0.2512 0.1539 0.1380 0.3399 0.5174 0.3371 0.1854 0.1362 0.1812 0.4763 0.4518 0.2373 0.1495 0.1406 0.3726
0.1446 0.1501 0.2393 0.4554 0.4740 0.1782 0.1365 0.1867 0.3404 0.5170 0.3349 0.1377 0.1547 0.2534 0.4779 0.4573 0.1632 0.1382 0.1960 0.3637 0.5127 0.2970 0.1359 0.1609 0.2721 0.5004 0.4313 0.1513 0.1417 0.2111 0.4007 0.5005 0.2361 0.1350 0.1725 0.3058 0.5169 0.3798 0.1412 0.1492 0.2381 0.4564 0.4712 0.1726 0.1372 0.1921 0.3569 0.5138 0.3062 0.1366 0.1394 0.1366 0.3062 0.5138 0.3569 0.1921 0.1372 0.1726 0.4712 0.4564 0.2381 0.1492 0.1412 0.3798 0.5169 0.3058 0.1725 0.1350 0.2361 0.5005 0.4007 0.2111 0.1417 0.1513 0.4313 0.5004 0.2721 0.1609 0.1359 0.2970 0.5127 0.3637 0.1960 0.1382 0.1632 0.4573 0.4779 0.2534 0.1547 0.1377 0.3349 0.5170 0.3404 0.1867 0.1365 0.1782 0.4740 0.4554 0.2393 0.1501 0.1446
0.1536 0.2414 0.4590 0.4716 0.1754 0.1367 0.1880 0.3437 0.5166 0.3299 0.1374 0.1554 0.2556 0.4810 0.4546 0.1616 0.1385 0.1972 0.3666 0.5120 0.2932 0.1358 0.1614 0.2735 0.5014 0.4300 0.1510 0.1418 0.2113 0.4007 0.5006 0.2372 0.1350 0.1721 0.3045 0.5167 0.3822 0.1415 0.1488 0.2368 0.4539 0.4730 0.1746 0.1370 0.1909 0.3540 0.5143 0.3054 0.1361 0.1552 0.2040 0.1552 0.1361 0.3054 0.5143 0.3540 0.1909 0.1370 0.1746 0.4730 0.4539 0.2368 0.1488 0.1415 0.3822 0.5167 0.3045 0.1721 0.1350 0.2372 0.5006 0.4007 0.2113 0.1418 0.1510 0.4300 0.5014 0.2735 0.1614 0.1358 0.2932 0.5120 0.3666 0.1972 0.1385 0.1616 0.4546 0.4810 0.2556 0.1554 0.1374 0.3299 0.5166 0.3437 0.1880 0.1367 0.1754 0.4716 0.4590 0.2414 0.1536
0.2439 0.4626 0.4692 0.1728 0.1369 0.1894 0.3470 0.5161 0.3247 0.1371 0.1562 0.2579 0.4841 0.4518 0.1600 0.1388 0.1986 0.3697 0.5113 0.2888 0.1356 0.1620 0.2751 0.5027 0.4281 0.1506 0.1419 0.2118 0.4014 0.5005 0.2372 0.1350 0.1719 0.3037 0.5165 0.3841 0.1418 0.1485 0.2357 0.4517 0.4745 0.1765 0.1368 0.1898 0.3512 0.5148 0.3089 0.1362 0.1589 0.2570 0.3867 0.2570 0.1589 0.1362 0.3089 0.5148 0.3512 0.1898 0.1368 0.1765 0.4745 0.4517 0.2357 0.1485 0.1418 0.3841 0.5165 0.3037 0.1719 0.1350 0.2372 0.5005 0.4014 0.2118 0.1419 0.1506 0.4281 0.5027 0.2751 0.1620 0.1356 0.2888 0.5113 0.3697 0.1986 0.1388 0.1600 0.4518 0.4841 0.2579 0.1562 0.1371 0.3247 0.5161 0.3470 0.1894 0.1369 0.1728 0.4692 0.4626 0.2439
0.4634 0.4667 0.1704 0.1372 0.1907 0.3504 0.5156 0.3195 0.1368 0.1570 0.2602 0.4870 0.4489 0.1585 0.1392 0.2001 0.3732 0.5104 0.2840 0.1355 0.1627 0.2769 0.5040 0.4260 0.1500 0.1422 0.2126 0.4028 0.5000 0.2361 0.1350 0.1719 0.3034 0.5164 0.3854 0.1420 0.1482 0.2347 0.4499 0.4758 0.1782 0.1366 0.1889 0.3487 0.5153 0.3129 0.1363 0.1592 0.2663 0.4834 0.5050 0.4834 0.2663 0.1592 0.1363 0.3129 0.5153 0.3487 0.1889 0.1366 0.1782 0.4758 0.4499 0.2347 0.1482 0.1420 0.3854 0.5164 0.3034 0.1719 0.1350 0.2361 0.5000 0.4028 0.2126 0.1422 0.1500 0.4260 0.5040 0.2769 0.1627 0.1355 0.2840 0.5104 0.3732 0.2001 0.1392 0.1585 0.4489 0.4870 0.2602 0.1570 0.1368 0.3195 0.5156 0.3504 0.1907 0.1372 0.1704 0.4667 0.4634
0.4651 0.1682 0.1374 0.1921 0.3538 0.5149 0.3143 0.1366 0.1578 0.2626 0.4898 0.4459 0.1572 0.1395 0.2016 0.3768 0.5094 0.2788 0.1354 0.1635 0.2790 0.5054 0.4236 0.1494 0.1424 0.2135 0.4047 0.4993 0.2341 0.1350 0.1721 0.3037 0.5164 0.3858 0.1421 0.1481 0.2340 0.4483 0.4768 0.1797 0.1365 0.1881 0.3465 0.5158 0.3166 0.1365 0.1588 0.2669 0.4942 0.4518 0.2639 0.4518 0.4942 0.2669 0.1588 0.1365 0.3166 0.5158 0.3465 0.1881 0.1365 0.1797 0.4768 0.4483 0.2340 0.1481 0.1421 0.3858 0.5164 0.3037 0.1721 0.1350 0.2341 0.4993 0.4047 0.2135 0.1424 0.1494 0.4236 0.5054 0.2790 0.1635 0.1354 0.2788 0.5094 0.3768 0.2016 0.1395 0.1572 0.4459 0.4898 0.2626 0.1578 0.1366 0.3143 0.5149 0.3538 0.1921 0.1374 0.1682 0.4651
0.1703 0.1377 0.1935 0.3572 0.5143 0.3090 0.1363 0.1586 0.2649 0.4925 0.4429 0.1559 0.1399 0.2032 0.3804 0.5083 0.2732 0.1353 0.1643 0.2813 0.5069 0.4208 0.1487 0.1428 0.2146 0.4069 0.4985 0.2315 0.1350 0.1725 0.3045 0.5165 0.3854 0.1421 0.1480 0.2336 0.4472 0.4776 0.1809 0.1364 0.1874 0.3447 0.5161 0.3200 0.1366 0.1582 0.2658 0.4950 0.4405 0.1597 0.1341 0.1597 0.4405 0.4950 0.2658 0.1582 0.1366 0.3200 0.5161 0.3447 0.1874 0.1364 0.1809 0.4776 0.4472 0.2336 0.1480 0.1421 0.3854 0.5165 0.3045 0.1725 0.1350 0.2315 0.4985 0.4069 0.2146 0.1428 0.1487 0.4208 0.5069 0.2813 0.1643 0.1353 0.2732 0.5083 0.3804 0.2032 0.1399 0.1559 0.4429 0.4925 0.2649 0.1586 0.1363 0.3090 0.5143 0.3572 0.1935 0.1377 0.1703
0.1418 0.1949 0.3607 0.5135 0.3036 0.1361 0.1594 0.2673 0.4951 0.4398 0.1546 0.1403 0.2047 0.3840 0.5072 0.2677 0.1352 0.1653 0.2839 0.5084 0.4176 0.1480 0.1431 0.2159 0.4096 0.4975 0.2283 0.1350 0.1731 0.3058 0.5167 0.3841 0.1420 0.1481 0.2336 0.4469 0.4780 0.1818 0.1363 0.1869 0.3432 0.5163 0.3229 0.1368 0.1577 0.2643 0.4939 0.4394 0.1546 0.1382 0.1645 0.1382 0.1546 0.4394 0.4939 0.2643 0.1577 0.1368 0.3229 0.5163 0.3432 0.1869 0.1363 0.1818 0.4780 0.4469 0.2336 0.1481 0.1420 0.3841 0.5167 0.3058 0.1731 0.1350 0.2283 0.4975 0.4096 0.2159 0.1431 0.1480 0.4176 0.5084 0.2839 0.1653 0.1352 0.2677 0.5072 0.3840 0.2047 0.1403 0.1546 0.4398 0.4951 0.2673 0.1594 0.1361 0.3036 0.5135 0.3607 0.1949 0.1418
0.1978 0.3642 0.5127 0.2982 0.1360 0.1603 0.2698 0.4975 0.4366 0.1535 0.1407 0.2063 0.3877 0.5060 0.2622 0.1351 0.1662 0.2865 0.5099 0.4140 0.1472 0.1436 0.2174 0.4126 0.4963 0.2247 0.1350 0.1737 0.3074 0.5169 0.3822 0.1418 0.1482 0.2340 0.4472 0.4780 0.1821 0.1363 0.1865 0.3421 0.5165 0.3252 0.1369 0.1573 0.2630 0.4924 0.4407 0.1543 0.1401 0.1981 0.2856 0.1981 0.1401 0.1543 0.4407 0.4924 0.2630 0.1573 0.1369 0.3252 0.5165 0.3421 0.1865 0.1363 0.1821 0.4780 0.4472 0.2340 0.1482 0.1418 0.3822 0.5169 0.3074 0.1737 0.1350 0.2247 0.4963 0.4126 0.2174 0.1436 0.1472 0.4140 0.5099 0.2865 0.1662 0.1351 0.2622 0.5060 0.3877 0.2063 0.1407 0.1535 0.4366 0.4975 0.2698 0.1603 0.1360 0.2982 0.5127 0.3642 0.1978
0.3658 0.5119 0.2928 0.1358 0.1611 0.2722 0.4998 0.4333 0.1524 0.1411 0.2079 0.3914 0.5047 0.2566 0.1351 0.1672 0.2892 0.5112 0.4103 0.1465 0.1440 0.2190 0.4160 0.4949 0.2206 0.1351 0.1745 0.3093 0.5172 0.3798 0.1415 0.1485 0.2347 0.4483 0.4776 0.1818 0.1363 0.1864 0.3414 0.5167 0.3270 0.1370 0.1569 0.2618 0.4911 0.4422 0.1547 0.1404 0.2049 0.3709 0.5098 0.3709 0.2049 0.1404 0.1547 0.4422 0.4911 0.2618 0.1569 0.1370 0.3270 0.5167 0.3414 0.1864 0.1363 0.1818 0.4776 0.4483 0.2347 0.1485 0.1415 0.3798 0.5172 0.3093 0.1745 0.1351 0.2206 0.4949 0.4160 0.2190 0.1440 0.1465 0.4103 0.5112 0.2892 0.1672 0.1351 0.2566 0.5047 0.3914 0.2079 0.1411 0.1524 0.4333 0.4998 0.2722 0.1611 0.1358 0.2928 0.5119 0.3658
0.5109 0.2873 0.1356 0.1620 0.2747 0.5020 0.4300 0.1513 0.1415 0.2095 0.3951 0.5034 0.2511 0.1350 0.1682 0.2919 0.5124 0.4065 0.1457 0.1446 0.2208 0.4197 0.4933 0.2163 0.1351 0.1753 0.3114 0.5174 0.3772 0.1412 0.1488 0.2357 0.4499 0.4768 0.1809 0.1363 0.1865 0.3414 0.5167 0.3280 0.1371 0.1567 0.2609 0.4899 0.4437 0.1553 0.1403 0.2057 0.3853 0.5101 0.4125 0.5101 0.3853 0.2057 0.1403 0.1553 0.4437 0.4899 0.2609 0.1567 0.1371 0.3280 0.5167 0.3414 0.1865 0.1363 0.1809 0.4768 0.4499 0.2357 0.1488 0.1412 0.3772 0.5174 0.3114 0.1753 0.1351 0.2163 0.4933 0.4197 0.2208 0.1446 0.1457 0.4065 0.5124 0.2919 0.1682 0.1350 0.2511 0.5034 0.3951 0.2095 0.1415 0.1513 0.4300 0.5020 0.2747 0.1620 0.1356 0.2873 0.5109
0.2843 0.1355 0.1629 0.2773 0.5040 0.4266 0.1503 0.1419 0.2112 0.3988 0.5020 0.2456 0.1350 0.1692 0.2946 0.5135 0.4027 0.1450 0.1451 0.2226 0.4234 0.4916 0.2117 0.1352 0.1763 0.3138 0.5177 0.3741 0.1409 0.1492 0.2368 0.4517 0.4758 0.1797 0.1364 0.1869 0.3421 0.5167 0.3280 0.1371 0.1565 0.2602 0.4889 0.4449 0.1558 0.1402 0.2054 0.3873 0.5063 0.2861 0.1453 0.2861 0.5063 0.3873 0.2054 0.1402 0.1558 0.4449 0.4889 0.2602 0.1565 0.1371 0.3280 0.5167 0.3421 0.1869 0.1364 0.1797 0.4758 0.4517 0.2368 0.1492 0.1409 0.3741 0.5177 0.3138 0.1763 0.1352 0.2117 0.4916 0.4234 0.2226 0.1451 0.1450 0.4027 0.5135 0.2946 0.1692 0.1350 0.2456 0.5020 0.3988 0.2112 0.1419 0.1503 0.4266 0.5040 0.2773 0.1629 0.1355 0.2843
0.1397 0.1638 0.2798 0.5059 0.4232 0.1494 0.1424 0.2129 0.4025 0.5006 0.2402 0.1350 0.1702 0.2974 0.5144 0.3987 0.1443 0.1456 0.2245 0.4272 0.4898 0.2070 0.1353 0.1774 0.3165 0.5178 0.3705 0.1405 0.1496 0.2381 0.4539 0.4745 0.1782 0.1365 0.1874 0.3432 0.5165 0.3270 0.1371 0.1565 0.2600 0.4883 0.4457 0.1562 0.1400 0.2048 0.3866 0.5057 0.2630 0.1350 0.1427 0.1350 0.2630 0.5057 0.3866 0.2048 0.1400 0.1562 0.4457 0.4883 0.2600 0.1565 0.1371 0.3270 0.5165 0.3432 0.1874 0.1365 0.1782 0.4745 0.4539 0.2381 0.1496 0.1405 0.3705 0.5178 0.3165 0.1774 0.1353 0.2070 0.4898 0.4272 0.2245 0.1456 0.1443 0.3987 0.5144 0.2974 0.1702 0.1350 0.2402 0.5006 0.4025 0.2129 0.1424 0.1494 0.4232 0.5059 0.2798 0.1638 0.1397
0.1671 0.2824 0.5076 0.4196 0.1485 0.1428 0.2146 0.4063 0.4991 0.2348 0.1350 0.1713 0.3002 0.5153 0.3947 0.1437 0.1462 0.2263 0.4310 0.4879 0.2025 0.1354 0.1785 0.3195 0.5180 0.3664 0.1401 0.1502 0.2396 0.4564 0.4730 0.1765 0.1366 0.1881 0.3447 0.5163 0.3252 0.1370 0.1567 0.2602 0.4883 0.4460 0.1565 0.1399 0.2043 0.3855 0.5059 0.2597 0.1350 0.1619 0.2174 0.1619 0.1350 0.2597 0.5059 0.3855 0.2043 0.1399 0.1565 0.4460 0.4883 0.2602 0.1567 0.1370 0.3252 0.5163 0.3447 0.1881 0.1366 0.1765 0.4730 0.4564 0.2396 0.1502 0.1401 0.3664 0.5180 0.3195 0.1785 0.1354 0.2025 0.4879 0.4310 0.2263 0.1462 0.1437 0.3947 0.5153 0.3002 0.1713 0.1350 0.2348 0.4991 0.4063 0.2146 0.1428 0.1485 0.4196 0.5076 0.2824 0.1671
0.2847 0.5091 0.4160 0.1477 0.1433 0.2163 0.4100 0.4976 0.2296 0.1350 0.1723 0.3031 0.5160 0.3906 0.1431 0.1467 0.2282 0.4347 0.4860 0.1981 0.1355 0.1797 0.3226 0.5181 0.3620 0.1397 0.1508 0.2414 0.4593 0.4712 0.1746 0.1368 0.1889 0.3465 0.5161 0.3229 0.1369 0.1569 0.2609 0.4889 0.4457 0.1565 0.1399 0.2040 0.3846 0.5062 0.2602 0.1350 0.1664 0.2770 0.4172 0.2770 0.1664 0.1350 0.2602 0.5062 0.3846 0.2040 0.1399 0.1565 0.4457 0.4889 0.2609 0.1569 0.1369 0.3229 0.5161 0.3465 0.1889 0.1368 0.1746 0.4712 0.4593 0.2414 0.1508 0.1397 0.3620 0.5181 0.3226 0.1797 0.1355 0.1981 0.4860 0.4347 0.2282 0.1467 0.1431 0.3906 0.5160 0.3031 0.1723 0.1350 0.2296 0.4976 0.4100 0.2163 0.1433 0.1477 0.4160 0.5091 0.2847
0.5089 0.4124 0.1469 0.1438 0.2181 0.4138 0.4960 0.2244 0.1350 0.1734 0.3059 0.5165 0.3865 0.1425 0.1473 0.2301 0.4385 0.4840 0.1940 0.1356 0.1809 0.3257 0.5181 0.3573 0.1393 0.1514 0.2434 0.4625 0.4692 0.1726 0.1370 0.1898 0.3487 0.5158 0.3200 0.1368 0.1573 0.2618 0.4899 0.4449 0.1562 0.1399 0.2040 0.3842 0.5064 0.2612 0.1351 0.1673 0.2884 0.5041 0.4929 0.5041 0.2884 0.1673 0.1351 0.2612 0.5064 0.3842 0.2040 0.1399 0.1562 0.4449 0.4899 0.2618 0.1573 0.1368 0.3200 0.5158 0.3487 0.1898 0.1370 0.1726 0.4692 0.4625 0.2434 0.1514 0.1393 0.3573 0.5181 0.3257 0.1809 0.1356 0.1940 0.4840 0.4385 0.2301 0.1473 0.1425 0.3865 0.5165 0.3059 0.1734 0.1350 0.2244 0.4960 0.4138 0.2181 0.1438 0.1469 0.4124 0.5089
0.4101 0.1461 0.1443 0.2198 0.4176 0.4943 0.2193 0.1351 0.1745 0.3089 0.5170 0.3822 0.1419 0.1479 0.2321 0.4422 0.4819 0.1902 0.1358 0.1822 0.3288 0.5180 0.3526 0.1389 0.1521 0.2455 0.4659 0.4668 0.1705 0.1372 0.1909 0.3512 0.5153 0.3166 0.1366 0.1577 0.2630 0.4911 0.4437 0.1558 0.1400 0.2043 0.3846 0.5064 0.2616 0.1351 0.1674 0.2905 0.5112 0.4245 0.2176 0.4245 0.5112 0.2905 0.1674 0.1351 0.2616 0.5064 0.3846 0.2043 0.1400 0.1558 0.4437 0.4911 0.2630 0.1577 0.1366 0.3166 0.5153 0.3512 0.1909 0.1372 0.1705 0.4668 0.4659 0.2455 0.1521 0.1389 0.3526 0.5180 0.3288 0.1822 0.1358 0.1902 0.4819 0.4422 0.2321 0.1479 0.1419 0.3822 0.5170 0.3089 0.1745 0.1351 0.2193 0.4943 0.4176 0.2198 0.1443 0.1461 0.4101
0.1498 0.1448 0.2216 0.4213 0.4926 0.2144 0.1351 0.1756 0.3118 0.5174 0.3779 0.1414 0.1485 0.2340 0.4459 0.4798 0.1865 0.1359 0.1834 0.3320 0.5178 0.3478 0.1385 0.1528 0.2476 0.4693 0.4643 0.1683 0.1374 0.1921 0.3540 0.5148 0.3129 0.1365 0.1582 0.2643 0.4924 0.4422 0.1553 0.1402 0.2048 0.3855 0.5062 0.2612 0.1351 0.1673 0.2908 0.5123 0.4086 0.1490 0.1342 0.1490 0.4086 0.5123 0.2908 0.1673 0.1351 0.2612 0.5062 0.3855 0.2048 0.1402 0.1553 0.4422 0.4924 0.2643 0.1582 0.1365 0.3129 0.5148 0.3540 0.1921 0.1374 0.1683 0.4643 0.4693 0.2476 0.1528 0.1385 0.3478 0.5178 0.3320 0.1834 0.1359 0.1865 0.4798 0.4459 0.2340 0.1485 0.1414 0.3779 0.5174 0.3118 0.1756 0.1351 0.2144 0.4926 0.4213 0.2216 0.1448 0.1498
0.1484 0.2233 0.4249 0.4909 0.2098 0.1352 0.1767 0.3146 0.5177 0.3738 0.1409 0.1491 0.2359 0.4494 0.4777 0.1833 0.1361 0.1846 0.3350 0.5176 0.3432 0.1382 0.1534 0.2497 0.4725 0.4618 0.1664 0.1377 0.1933 0.3569 0.5143 0.3089 0.1363 0.1588 0.2658 0.4939 0.4407 0.1547 0.1403 0.2054 0.3866 0.5059 0.2602 0.1351 0.1674 0.2908 0.5125 0.4053 0.1457 0.1418 0.1740 0.1418 0.1457 0.4053 0.5125 0.2908 0.1674 0.1351 0.2602 0.5059 0.3866 0.2054 0.1403 0.1547 0.4407 0.4939 0.2658 0.1588 0.1363 0.3089 0.5143 0.3569 0.1933 0.1377 0.1664 0.4618 0.4725 0.2497 0.1534 0.1382 0.3432 0.5176 0.3350 0.1846 0.1361 0.1833 0.4777 0.4494 0.2359 0.1491 0.1409 0.3738 0.5177 0.3146 0.1767 0.1352 0.2098 0.4909 0.4249 0.2233 0.1484
0.2255 0.4277 0.4895 0.2063 0.1352 0.1775 0.3168 0.5178 0.3704 0.1405 0.1495 0.2374 0.4521 0.4761 0.1809 0.1362 0.1855 0.3374 0.5173 0.3395 0.1379 0.1540 0.2513 0.4749 0.4599 0.1649 0.1379 0.1943 0.3594 0.5138 0.3054 0.1362 0.1592 0.2669 0.4950 0.4394 0.1543 0.1404 0.2057 0.3873 0.5057 0.2597 0.1350 0.1673 0.2905 0.5123 0.4053 0.1453 0.1444 0.2130 0.3118 0.2130 0.1444 0.1453 0.4053 0.5123 0.2905 0.1673 0.1350 0.2597 0.5057 0.3873 0.2057 0.1404 0.1543 0.4394 0.4950 0.2669 0.1592 0.1362 0.3054 0.5138 0.3594 0.1943 0.1379 0.1649 0.4599 0.4749 0.2513 0.1540 0.1379 0.3395 0.5173 0.3374 0.1855 0.1362 0.1809 0.4761 0.4521 0.2374 0.1495 0.1405 0.3704 0.5178 0.3168 0.1775 0.1352 0.2063 0.4895 0.4277 0.2255
0.4246 0.4896 0.2068 0.1351 0.1772 0.3165 0.5177 0.3709 0.1405 0.1493 0.2371 0.4516 0.4763 0.1812 0.1361 0.1852 0.3370 0.5172 0.3400 0.1379 0.1538 0.2510 0.4744 0.4601 0.1651 0.1378 0.1941 0.3589 0.5137 0.3062 0.1361 0.1589 0.2663 0.4942 0.4405 0.1546 0.1401 0.2049 0.3853 0.5063 0.2630 0.1350 0.1664 0.2884 0.5112 0.4086 0.1457 0.1444 0.2196 0.4022 0.5163 0.4022 0.2196 0.1444 0.1457 0.4086 0.5112 0.2884 0.1664 0.1350 0.2630 0.5063 0.3853 0.2049 0.1401 0.1546 0.4405 0.4942 0.2663 0.1589 0.1361 0.3062 0.5137 0.3589 0.1941 0.1378 0.1651 0.4601 0.4744 0.2510 0.1538 0.1379 0.3400 0.5172 0.3370 0.1852 0.1361 0.1812 0.4763 0.4516 0.2371 0.1493 0.1405 0.3709 0.5177 0.3165 0.1772 0.1351 0.2068 0.4896 0.4246
0.4960 0.2254 0.1344 0.1724 0.3053 0.5158 0.3875 0.1421 0.1465 0.2291 0.4377 0.4837 0.1947 0.1350 0.1799 0.3251 0.5174 0.3584 0.1389 0.1505 0.2424 0.4616 0.4693 0.1731 0.1363 0.1882 0.3463 0.5155 0.3262 0.1366 0.1552 0.2570 0.4834 0.4518 0.1597 0.1382 0.1981 0.3709 0.5101 0.2861 0.1350 0.1619 0.2770 0.5041 0.4245 0.1490 0.1418 0.2130 0.4022 0.5048 0.3971 0.5048 0.4022 0.2130 0.1418 0.1490 0.4245 0.5041 0.2770 0.1619 0.1350 0.2861 0.5101 0.3709 0.1981 0.1382 0.1597 0.4518 0.4834 0.2570 0.1552 0.1366 0.3262 0.5155 0.3463 0.1882 0.1363 0.1731 0.4693 0.4616 0.2424 0.1505 0.1389 0.3584 0.5174 0.3251 0.1799 0.1350 0.1947 0.4837 0.4377 0.2291 0.1465 0.1421 0.3875 0.5158 0.3053 0.1724 0.1344 0.2254 0.4960
0.3664 0.1385 0.1488 0.2380 0.4563 0.4727 0.1772 0.1355 0.1851 0.3405 0.5158 0.3347 0.1362 0.1532 0.2522 0.4785 0.4563 0.1620 0.1371 0.1941 0.3629 0.5117 0.3006 0.1348 0.1584 0.2677 0.4968 0.4371 0.1524 0.1394 0.2040 0.3867 0.5050 0.2639 0.1341 0.1645 0.2856 0.5098 0.4125 0.1453 0.1427 0.2174 0.4172 0.4929 0.2176 0.1342 0.1740 0.3118 0.5163 0.3971 0.1869 0.3971 0.5163 0.3118 0.1740 0.1342 0.2176 0.4929 0.4172 0.2174 0.1427 0.1453 0.4125 0.5098 0.2856 0.1645 0.1341 0.2639 0.5050 0.3867 0.2040 0.1394 0.1524 0.4371 0.4968 0.2677 0.1584 0.1348 0.3006 0.5117 0.3629 0.1941 0.1371 0.1620 0.4563 0.4785 0.2522 0.1532 0.1362 0.3347 0.5158 0.3405 0.1851 0.1355 0.1772 0.4727 0.4563 0.2380 0.1488 0.1385 0.3664
0.4960 0.2254 0.1344 0.1724 0.3053 0.5158 0.3875 0.1421 0.1465 0.2291 0.4377 0.4837 0.1947 0.1350 0.1799 0.3251 0.5174 0.3584 0.1389 0.1505 0.2424 0.4616 0.4693 0.1731 0.1363 0.1882 0.3463 0.5155 0.3262 0.1366 0.1552 0.2570 0.4834 0.4518 0.1597 0.1382 0.1981 0.3709 0.5101 0.2861 0.1350 0.1619 0.2770 0.5041 0.4245 0.1490 0.1418 0.2130 0.4022 0.5048 0.3971 0.5048 0.4022 0.2130 0.1418 0.1490 0.4245 0.5041 0.2770 0.1619 0.1350 0.2861 0.5101 0.3709 0.1981 0.1382 0.1597 0.4518 0.4834 0.2570 0.1552 0.1366 0.3262 0.5155 0.3463 0.1882 0.1363 0.1731 0.4693 0.4616 0.2424 0.1505 0.1389 0.3584 0.5174 0.3251 0.1799 0.1350 0.1947 0.4837 0.4377 0.2291 0.1465 0.1421 0.3875 0.5158 0.3053 0.1724 0.1344 0.2254 0.4960
0.4246 0.4896 0.2068 0.1351 0.1772 0.3165 0.5177 0.3709 0.1405 0.1493 0.2371 0.4516 0.4763 0.1812 0.1361 0.1852 0.3370 0.5172 0.3400 0.1379 0.1538 0.2510 0.4744 0.4601 0.1651 0.1378 0.1941 0.3589 0.5137 0.3062 0.1361 0.1589 0.2663 0.4942 0.4405 0.1546 0.1401 0.2049 0.3853 0.5063 0.2630 0.1350 0.1664 0.2884 0.5112 0.4086 0.1457 0.1444 0.2196 0.4022 0.5163 0.4022 0.2196 0.1444 0.1457 0.4086 0.5112 0.2884 0.1664 0.1350 0.2630 0.5063 0.3853 0.2049 0.1401 0.1546 0.4405 0.4942 0.2663 0.1589 0.1361 0.3062 0.5137 0.3589 0.1941 0.1378 0.1651 0.4601 0.4744 0.2510 0.1538 0.1379 0.3400 0.5172 0.3370 0.1852 0.1361 0.1812 0.4763 0.4516 0.2371 0.1493 0.1405 0.3709 0.5177 0.3165 0.1772 0.1351 0.2068 0.4896 0.4246
0.2255 0.4277 0.4895 0.2063 0.1352 0.1775 0.3168 0.5178 0.3704 0.1405 0.1495 0.2374 0.4521 0.4761 0.1809 0.1362 0.1855 0.3374 0.5173 0.3395 0.1379 0.1540 0.2513 0.4749 0.4599 0.1649 0.1379 0.1943 0.3594 0.5138 0.3054 0.1362 0.1592 0.2669 0.4950 0.4394 0.1543 0.1404 0.2057 0.3873 0.5057 0.2597 0.1350 0.1673 0.2905 0.5123 0.4053 0.1453 0.1444 0.2130 0.3118 0.2130 0.1444 0.1453 0.4053 0.5123 0.2905 0.1673 0.1350 0.2597 0.5057 0.3873 0.2057 0.1404 0.1543 0.4394 0.4950 0.2669 0.1592 0.1362 0.3054 0.5138 0.3594 0.1943 0.1379 0.1649 0.4599 0.4749 0.2513 0.1540 0.1379 0.3395 0.5173 0.3374 0.1855 0.1362 0.1809 0.4761 0.4521 0.2374 0.1495 0.1405 0.3704 0.5178 0.3168 0.1775 0.1352 0.2063 0.4895 0.4277 0.2255
0.1484 0.2233 0.4249 0.4909 0.2098 0.1352 0.1767 0.3146 0.5177 0.3738 0.1409 0.1491 0.2359 0.4494 0.4777 0.1833 0.1361 0.1846 0.3350 0.5176 0.3432 0.1382 0.1534 0.2497 0.4725 0.4618 0.1664 0.1377 0.1933 0.3569 0.5143 0.3089 0.1363 0.1588 0.2658 0.4939 0.4407 0.1547 0.1403 0.2054 0.3866 0.5059 0.2602 0.1351 0.1674 0.2908 0.5125 0.4053 0.1457 0.1418 0.1740 0.1418 0.1457 0.4053 0.5125 0.2908 0.1674 0.1351 0.2602 0.5059 0.3866 0.2054 0.1403 0.1547 0.4407 0.4939 0.2658 0.1588 0.1363 0.3089 0.5143 0.3569 0.1933 0.1377 0.1664 0.4618 0.4725 0.2497 0.1534 0.1382 0.3432 0.5176 0.3350 0.1846 0.1361 0.1833 0.4777 0.4494 0.2359 0.1491 0.1409 0.3738 0.5177 0.3146 0.1767 0.1352 0.2098 0.4909 0.4249 0.2233 0.1484
0.1498 0.1448 0.2216 0.4213 0.4926 0.2144 0.1351 0.1756 0.3118 0.5174 0.3779 0.1414 0.1485 0.2340 0.4459 0.4798 0.1865 0.1359 0.1834 0.3320 0.5178 0.3478 0.1385 0.1528 0.2476 0.4693 0.4643 0.1683 0.1374 0.1921 0.3540 0.5148 0.3129 0.1365 0.1582 0.2643 0.4924 0.4422 0.1553 0.1402 0.2048 0.3855 0.5062 0.2612 0.1351 0.1673 0.2908 0.5123 0.4086 0.1490 0.1342 0.1490 0.4086 0.5123 0.2908 0.1673 0.1351 0.2612 0.5062 0.3855 0.2048 0.1402 0.1553 0.4422 0.4924 0.2643 0.1582 0.1365 0.3129 0.5148 0.3540 0.1921 0.1374 0.1683 0.4643 0.4693 0.2476 0.1528 0.1385 0.3478 0.5178 0.3320 0.1834 0.1359 0.1865 0.4798 0.4459 0.2340 0.1485 0.1414 0.3779 0.5174 0.3118 0.1756 0.1351 0.2144 0.4926 0.4213 0.2216 0.1448 0.1498
