0.0228 0.3520 1.0000 0.0000 0.0006 0.0087 0.1292 1.0000 1.0000 0.0002 0.0032 0.0469 0.6967 1.0000 0.0001 0.0011 0.0170 0.2524 1.0000 1.0000 0.0004 0.0062 0.0914 1.0000 1.0000 0.0001 0.0022 0.0331 0.4920 1.0000 0.0001 0.0008 0.0120 0.1782 1.0000 1.0000 0.0003 0.0043 0.0645 0.9590 1.0000 0.0001 0.0016 0.0234 0.3474 1.0000 0.0000 0.0006 0.0080 0.0994 0.5258 0.0994 0.0080 0.0006 0.0000 1.0000 0.3474 0.0234 0.0016 0.0001 1.0000 0.9590 0.0645 0.0043 0.0003 1.0000 1.0000 0.1782 0.0120 0.0008 0.0001 1.0000 0.4920 0.0331 0.0022 0.0001 1.0000 1.0000 0.0914 0.0062 0.0004 1.0000 1.0000 0.2524 0.0170 0.0011 0.0001 1.0000 0.6967 0.0469 0.0032 0.0002 1.0000 1.0000 0.1292 0.0087 0.0006 0.0000 1.0000 0.3520 0.0228
0.3520 1.0000 0.0000 0.0006 0.0086 0.1280 1.0000 1.0000 0.0002 0.0031 0.0464 0.6888 1.0000 0.0001 0.0011 0.0168 0.2495 1.0000 1.0000 0.0004 0.0061 0.0904 1.0000 1.0000 0.0001 0.0022 0.0327 0.4864 1.0000 0.0001 0.0008 0.0119 0.1762 1.0000 1.0000 0.0003 0.0043 0.0638 0.9481 1.0000 0.0001 0.0016 0.0231 0.3434 1.0000 1.0000 0.0006 0.0083 0.1179 1.0000 1.0000 1.0000 0.1179 0.0083 0.0006 1.0000 1.0000 0.3434 0.0231 0.0016 0.0001 1.0000 0.9481 0.0638 0.0043 0.0003 1.0000 1.0000 0.1762 0.0119 0.0008 0.0001 1.0000 0.4864 0.0327 0.0022 0.0001 1.0000 1.0000 0.0904 0.0061 0.0004 1.0000 1.0000 0.2495 0.0168 0.0011 0.0001 1.0000 0.6888 0.0464 0.0031 0.0002 1.0000 1.0000 0.1280 0.0086 0.0006 0.0000 1.0000 0.3520
1.0000 0.0000 0.0006 0.0084 0.1244 1.0000 1.0000 0.0002 0.0030 0.0447 0.6644 1.0000 0.0001 0.0011 0.0162 0.2402 1.0000 1.0000 0.0004 0.0059 0.0870 1.0000 1.0000 0.0001 0.0021 0.0315 0.4682 1.0000 0.0001 0.0008 0.0114 0.1696 1.0000 1.0000 0.0003 0.0041 0.0614 0.9128 1.0000 0.0001 0.0015 0.0222 0.3306 1.0000 1.0000 0.0005 0.0080 0.1184 1.0000 1.0000 0.0001 1.0000 1.0000 0.1184 0.0080 0.0005 1.0000 1.0000 0.3306 0.0222 0.0015 0.0001 1.0000 0.9128 0.0614 0.0041 0.0003 1.0000 1.0000 0.1696 0.0114 0.0008 0.0001 1.0000 0.4682 0.0315 0.0021 0.0001 1.0000 1.0000 0.0870 0.0059 0.0004 1.0000 1.0000 0.2402 0.0162 0.0011 0.0001 1.0000 0.6644 0.0447 0.0030 0.0002 1.0000 1.0000 0.1244 0.0084 0.0006 0.0000 1.0000
0.0000 0.0006 0.0084 0.1227 1.0000 1.0000 0.0002 0.0029 0.0432 0.6408 1.0000 0.0001 0.0010 0.0156 0.2312 1.0000 1.0000 0.0004 0.0056 0.0837 1.0000 1.0000 0.0001 0.0020 0.0303 0.4507 1.0000 0.0000 0.0007 0.0110 0.1633 1.0000 1.0000 0.0003 0.0040 0.0591 0.8787 1.0000 0.0001 0.0014 0.0214 0.3183 1.0000 1.0000 0.0005 0.0078 0.1151 1.0000 1.0000 0.0001 0.0008 0.0001 1.0000 1.0000 0.1151 0.0078 0.0005 1.0000 1.0000 0.3183 0.0214 0.0014 0.0001 1.0000 0.8787 0.0591 0.0040 0.0003 1.0000 1.0000 0.1633 0.0110 0.0007 0.0000 1.0000 0.4507 0.0303 0.0020 0.0001 1.0000 1.0000 0.0837 0.0056 0.0004 1.0000 1.0000 0.2312 0.0156 0.0010 0.0001 1.0000 0.6408 0.0432 0.0029 0.0002 1.0000 1.0000 0.1227 0.0084 0.0006 0.0000
0.0006 0.0086 0.1244 1.0000 1.0000 0.0002 0.0028 0.0420 0.6204 1.0000 0.0001 0.0010 0.0150 0.2230 1.0000 1.0000 0.0004 0.0054 0.0806 1.0000 1.0000 0.0001 0.0020 0.0292 0.4339 1.0000 0.0000 0.0007 0.0106 0.1572 1.0000 1.0000 0.0003 0.0038 0.0569 0.8459 1.0000 0.0001 0.0014 0.0206 0.3064 1.0000 1.0000 0.0005 0.0075 0.1110 1.0000 1.0000 0.0002 0.0021 0.0112 0.0021 0.0002 1.0000 1.0000 0.1110 0.0075 0.0005 1.0000 1.0000 0.3064 0.0206 0.0014 0.0001 1.0000 0.8459 0.0569 0.0038 0.0003 1.0000 1.0000 0.1572 0.0106 0.0007 0.0000 1.0000 0.4339 0.0292 0.0020 0.0001 1.0000 1.0000 0.0806 0.0054 0.0004 1.0000 1.0000 0.2230 0.0150 0.0010 0.0001 1.0000 0.6204 0.0420 0.0028 0.0002 1.0000 1.0000 0.1244 0.0086 0.0006
0.0087 0.1280 1.0000 1.0000 0.0002 0.0028 0.0414 0.6076 1.0000 0.0001 0.0010 0.0145 0.2155 1.0000 1.0000 0.0004 0.0052 0.0776 1.0000 1.0000 0.0001 0.0019 0.0281 0.4177 1.0000 0.0000 0.0007 0.0102 0.1513 1.0000 1.0000 0.0002 0.0037 0.0548 0.8143 1.0000 0.0001 0.0013 0.0198 0.2949 1.0000 1.0000 0.0005 0.0072 0.1068 1.0000 1.0000 0.0002 0.0025 0.0307 0.1602 0.0307 0.0025 0.0002 1.0000 1.0000 0.1068 0.0072 0.0005 1.0000 1.0000 0.2949 0.0198 0.0013 0.0001 1.0000 0.8143 0.0548 0.0037 0.0002 1.0000 1.0000 0.1513 0.0102 0.0007 0.0000 1.0000 0.4177 0.0281 0.0019 0.0001 1.0000 1.0000 0.0776 0.0052 0.0004 1.0000 1.0000 0.2155 0.0145 0.0010 0.0001 1.0000 0.6076 0.0414 0.0028 0.0002 1.0000 1.0000 0.1280 0.0087
0.1292 1.0000 1.0000 0.0002 0.0028 0.0414 0.6041 1.0000 0.0001 0.0010 0.0141 0.2090 1.0000 1.0000 0.0003 0.0050 0.0749 1.0000 1.0000 0.0001 0.0018 0.0271 0.4021 1.0000 0.0000 0.0007 0.0098 0.1457 1.0000 1.0000 0.0002 0.0036 0.0528 0.7839 1.0000 0.0001 0.0013 0.0191 0.2839 1.0000 1.0000 0.0005 0.0069 0.1028 1.0000 1.0000 0.0002 0.0025 0.0353 0.4389 1.0000 0.4389 0.0353 0.0025 0.0002 1.0000 1.0000 0.1028 0.0069 0.0005 1.0000 1.0000 0.2839 0.0191 0.0013 0.0001 1.0000 0.7839 0.0528 0.0036 0.0002 1.0000 1.0000 0.1457 0.0098 0.0007 0.0000 1.0000 0.4021 0.0271 0.0018 0.0001 1.0000 1.0000 0.0749 0.0050 0.0003 1.0000 1.0000 0.2090 0.0141 0.0010 0.0001 1.0000 0.6041 0.0414 0.0028 0.0002 1.0000 1.0000 0.1292
1.0000 1.0000 0.0002 0.0029 0.0420 0.6076 1.0000 0.0001 0.0009 0.0139 0.2043 1.0000 1.0000 0.0003 0.0049 0.0723 1.0000 1.0000 0.0001 0.0018 0.0261 0.3871 1.0000 0.0000 0.0006 0.0094 0.1402 1.0000 1.0000 0.0002 0.0034 0.0508 0.7547 1.0000 0.0001 0.0012 0.0184 0.2733 1.0000 1.0000 0.0004 0.0067 0.0990 1.0000 1.0000 0.0002 0.0024 0.0355 0.5052 1.0000 1.0000 1.0000 0.5052 0.0355 0.0024 0.0002 1.0000 1.0000 0.0990 0.0067 0.0004 1.0000 1.0000 0.2733 0.0184 0.0012 0.0001 1.0000 0.7547 0.0508 0.0034 0.0002 1.0000 1.0000 0.1402 0.0094 0.0006 0.0000 1.0000 0.3871 0.0261 0.0018 0.0001 1.0000 1.0000 0.0723 0.0049 0.0003 1.0000 1.0000 0.2043 0.0139 0.0009 0.0001 1.0000 0.6076 0.0420 0.0029 0.0002 1.0000 1.0000
1.0000 0.0002 0.0030 0.0432 0.6204 1.0000 0.0001 0.0009 0.0138 0.2016 1.0000 1.0000 0.0003 0.0047 0.0702 1.0000 1.0000 0.0001 0.0017 0.0251 0.3734 1.0000 0.0000 0.0006 0.0091 0.1350 1.0000 1.0000 0.0002 0.0033 0.0489 0.7265 1.0000 0.0001 0.0012 0.0177 0.2631 1.0000 1.0000 0.0004 0.0064 0.0953 1.0000 1.0000 0.0002 0.0023 0.0345 0.5072 1.0000 0.0000 0.0002 0.0000 1.0000 0.5072 0.0345 0.0023 0.0002 1.0000 1.0000 0.0953 0.0064 0.0004 1.0000 1.0000 0.2631 0.0177 0.0012 0.0001 1.0000 0.7265 0.0489 0.0033 0.0002 1.0000 1.0000 0.1350 0.0091 0.0006 0.0000 1.0000 0.3734 0.0251 0.0017 0.0001 1.0000 1.0000 0.0702 0.0047 0.0003 1.0000 1.0000 0.2016 0.0138 0.0009 0.0001 1.0000 0.6204 0.0432 0.0030 0.0002 1.0000
0.0002 0.0031 0.0447 0.6408 1.0000 0.0001 0.0010 0.0139 0.2016 1.0000 1.0000 0.0003 0.0046 0.0685 1.0000 1.0000 0.0001 0.0016 0.0243 0.3601 1.0000 0.0000 0.0006 0.0087 0.1299 1.0000 1.0000 0.0002 0.0032 0.0471 0.6994 1.0000 0.0001 0.0011 0.0170 0.2533 1.0000 1.0000 0.0004 0.0062 0.0918 1.0000 1.0000 0.0002 0.0022 0.0332 0.4929 1.0000 0.0001 0.0006 0.0034 0.0006 0.0001 1.0000 0.4929 0.0332 0.0022 0.0002 1.0000 1.0000 0.0918 0.0062 0.0004 1.0000 1.0000 0.2533 0.0170 0.0011 0.0001 1.0000 0.6994 0.0471 0.0032 0.0002 1.0000 1.0000 0.1299 0.0087 0.0006 0.0000 1.0000 0.3601 0.0243 0.0016 0.0001 1.0000 1.0000 0.0685 0.0046 0.0003 1.0000 1.0000 0.2016 0.0139 0.0010 0.0001 1.0000 0.6408 0.0447 0.0031 0.0002
0.0032 0.0464 0.6644 1.0000 0.0001 0.0010 0.0141 0.2043 1.0000 1.0000 0.0003 0.0046 0.0674 0.9905 1.0000 0.0001 0.0016 0.0236 0.3487 1.0000 0.0000 0.0006 0.0084 0.1253 1.0000 1.0000 0.0002 0.0030 0.0453 0.6733 1.0000 0.0001 0.0011 0.0164 0.2439 1.0000 1.0000 0.0004 0.0059 0.0883 1.0000 1.0000 0.0001 0.0022 0.0320 0.4754 1.0000 0.0001 0.0007 0.0092 0.0480 0.0092 0.0007 0.0001 1.0000 0.4754 0.0320 0.0022 0.0001 1.0000 1.0000 0.0883 0.0059 0.0004 1.0000 1.0000 0.2439 0.0164 0.0011 0.0001 1.0000 0.6733 0.0453 0.0030 0.0002 1.0000 1.0000 0.1253 0.0084 0.0006 0.0000 1.0000 0.3487 0.0236 0.0016 0.0001 1.0000 0.9905 0.0674 0.0046 0.0003 1.0000 1.0000 0.2043 0.0141 0.0010 0.0001 1.0000 0.6644 0.0464 0.0032
0.0469 0.6888 1.0000 0.0001 0.0010 0.0145 0.2090 1.0000 1.0000 0.0003 0.0046 0.0670 0.9793 1.0000 0.0001 0.0016 0.0230 0.3395 1.0000 1.0000 0.0005 0.0082 0.1209 1.0000 1.0000 0.0002 0.0029 0.0436 0.6482 1.0000 0.0001 0.0011 0.0158 0.2348 1.0000 1.0000 0.0004 0.0057 0.0850 1.0000 1.0000 0.0001 0.0021 0.0308 0.4577 1.0000 0.0001 0.0007 0.0106 0.1314 0.6862 0.1314 0.0106 0.0007 0.0001 1.0000 0.4577 0.0308 0.0021 0.0001 1.0000 1.0000 0.0850 0.0057 0.0004 1.0000 1.0000 0.2348 0.0158 0.0011 0.0001 1.0000 0.6482 0.0436 0.0029 0.0002 1.0000 1.0000 0.1209 0.0082 0.0005 1.0000 1.0000 0.3395 0.0230 0.0016 0.0001 1.0000 0.9793 0.0670 0.0046 0.0003 1.0000 1.0000 0.2090 0.0145 0.0010 0.0001 1.0000 0.6888 0.0469
0.6967 1.0000 0.0001 0.0010 0.0150 0.2155 1.0000 1.0000 0.0003 0.0046 0.0674 0.9793 1.0000 0.0001 0.0015 0.0225 0.3319 1.0000 1.0000 0.0005 0.0079 0.1170 1.0000 1.0000 0.0002 0.0028 0.0420 0.6240 1.0000 0.0001 0.0010 0.0152 0.2260 1.0000 1.0000 0.0004 0.0055 0.0819 1.0000 1.0000 0.0001 0.0020 0.0296 0.4406 1.0000 0.0000 0.0007 0.0106 0.1513 1.0000 1.0000 1.0000 0.1513 0.0106 0.0007 0.0000 1.0000 0.4406 0.0296 0.0020 0.0001 1.0000 1.0000 0.0819 0.0055 0.0004 1.0000 1.0000 0.2260 0.0152 0.0010 0.0001 1.0000 0.6240 0.0420 0.0028 0.0002 1.0000 1.0000 0.1170 0.0079 0.0005 1.0000 1.0000 0.3319 0.0225 0.0015 0.0001 1.0000 0.9793 0.0674 0.0046 0.0003 1.0000 1.0000 0.2155 0.0150 0.0010 0.0001 1.0000 0.6967
1.0000 0.0001 0.0011 0.0156 0.2230 1.0000 1.0000 0.0003 0.0047 0.0685 0.9905 1.0000 0.0001 0.0015 0.0223 0.3268 1.0000 1.0000 0.0005 0.0077 0.1137 1.0000 1.0000 0.0002 0.0027 0.0405 0.6018 1.0000 0.0001 0.0010 0.0146 0.2176 1.0000 1.0000 0.0004 0.0053 0.0788 1.0000 1.0000 0.0001 0.0019 0.0285 0.4241 1.0000 0.0000 0.0007 0.0103 0.1519 1.0000 1.0000 0.0001 1.0000 1.0000 0.1519 0.0103 0.0007 0.0000 1.0000 0.4241 0.0285 0.0019 0.0001 1.0000 1.0000 0.0788 0.0053 0.0004 1.0000 1.0000 0.2176 0.0146 0.0010 0.0001 1.0000 0.6018 0.0405 0.0027 0.0002 1.0000 1.0000 0.1137 0.0077 0.0005 1.0000 1.0000 0.3268 0.0223 0.0015 0.0001 1.0000 0.9905 0.0685 0.0047 0.0003 1.0000 1.0000 0.2230 0.0156 0.0011 0.0001 1.0000
0.0001 0.0011 0.0162 0.2312 1.0000 1.0000 0.0003 0.0049 0.0702 1.0000 1.0000 0.0001 0.0015 0.0223 0.3256 1.0000 1.0000 0.0005 0.0075 0.1112 1.0000 1.0000 0.0002 0.0027 0.0392 0.5816 1.0000 0.0001 0.0010 0.0141 0.2094 1.0000 1.0000 0.0003 0.0051 0.0759 1.0000 1.0000 0.0001 0.0018 0.0275 0.4083 1.0000 0.0000 0.0007 0.0100 0.1476 1.0000 1.0000 0.0002 0.0010 0.0002 1.0000 1.0000 0.1476 0.0100 0.0007 0.0000 1.0000 0.4083 0.0275 0.0018 0.0001 1.0000 1.0000 0.0759 0.0051 0.0003 1.0000 1.0000 0.2094 0.0141 0.0010 0.0001 1.0000 0.5816 0.0392 0.0027 0.0002 1.0000 1.0000 0.1112 0.0075 0.0005 1.0000 1.0000 0.3256 0.0223 0.0015 0.0001 1.0000 1.0000 0.0702 0.0049 0.0003 1.0000 1.0000 0.2312 0.0162 0.0011 0.0001
0.0011 0.0168 0.2402 1.0000 1.0000 0.0004 0.0050 0.0723 1.0000 1.0000 0.0001 0.0016 0.0225 0.3268 1.0000 1.0000 0.0005 0.0074 0.1093 1.0000 1.0000 0.0002 0.0026 0.0381 0.5641 1.0000 0.0001 0.0009 0.0136 0.2020 1.0000 1.0000 0.0003 0.0049 0.0730 1.0000 1.0000 0.0001 0.0018 0.0265 0.3931 1.0000 0.0000 0.0006 0.0096 0.1424 1.0000 1.0000 0.0002 0.0028 0.0144 0.0028 0.0002 1.0000 1.0000 0.1424 0.0096 0.0006 0.0000 1.0000 0.3931 0.0265 0.0018 0.0001 1.0000 1.0000 0.0730 0.0049 0.0003 1.0000 1.0000 0.2020 0.0136 0.0009 0.0001 1.0000 0.5641 0.0381 0.0026 0.0002 1.0000 1.0000 0.1093 0.0074 0.0005 1.0000 1.0000 0.3268 0.0225 0.0016 0.0001 1.0000 1.0000 0.0723 0.0050 0.0004 1.0000 1.0000 0.2402 0.0168 0.0011
0.0170 0.2495 1.0000 1.0000 0.0004 0.0052 0.0749 1.0000 1.0000 0.0001 0.0016 0.0230 0.3319 1.0000 1.0000 0.0005 0.0074 0.1083 1.0000 1.0000 0.0002 0.0025 0.0372 0.5493 1.0000 0.0001 0.0009 0.0132 0.1952 1.0000 1.0000 0.0003 0.0047 0.0703 1.0000 1.0000 0.0001 0.0017 0.0255 0.3784 1.0000 0.0000 0.0006 0.0092 0.1371 1.0000 1.0000 0.0002 0.0032 0.0394 0.2055 0.0394 0.0032 0.0002 1.0000 1.0000 0.1371 0.0092 0.0006 0.0000 1.0000 0.3784 0.0255 0.0017 0.0001 1.0000 1.0000 0.0703 0.0047 0.0003 1.0000 1.0000 0.1952 0.0132 0.0009 0.0001 1.0000 0.5493 0.0372 0.0025 0.0002 1.0000 1.0000 0.1083 0.0074 0.0005 1.0000 1.0000 0.3319 0.0230 0.0016 0.0001 1.0000 1.0000 0.0749 0.0052 0.0004 1.0000 1.0000 0.2495 0.0170
0.2524 1.0000 1.0000 0.0004 0.0054 0.0776 1.0000 1.0000 0.0001 0.0016 0.0236 0.3395 1.0000 1.0000 0.0005 0.0074 0.1083 1.0000 1.0000 0.0002 0.0025 0.0365 0.5369 1.0000 0.0001 0.0009 0.0128 0.1894 1.0000 1.0000 0.0003 0.0046 0.0678 1.0000 1.0000 0.0001 0.0016 0.0245 0.3643 1.0000 0.0000 0.0006 0.0089 0.1319 1.0000 1.0000 0.0002 0.0032 0.0453 0.5631 1.0000 0.5631 0.0453 0.0032 0.0002 1.0000 1.0000 0.1319 0.0089 0.0006 0.0000 1.0000 0.3643 0.0245 0.0016 0.0001 1.0000 1.0000 0.0678 0.0046 0.0003 1.0000 1.0000 0.1894 0.0128 0.0009 0.0001 1.0000 0.5369 0.0365 0.0025 0.0002 1.0000 1.0000 0.1083 0.0074 0.0005 1.0000 1.0000 0.3395 0.0236 0.0016 0.0001 1.0000 1.0000 0.0776 0.0054 0.0004 1.0000 1.0000 0.2524
1.0000 1.0000 0.0004 0.0056 0.0806 1.0000 1.0000 0.0001 0.0017 0.0243 0.3487 1.0000 1.0000 0.0005 0.0075 0.1093 1.0000 1.0000 0.0002 0.0025 0.0361 0.5288 1.0000 0.0001 0.0008 0.0125 0.1840 1.0000 1.0000 0.0003 0.0044 0.0654 0.9700 1.0000 0.0001 0.0016 0.0236 0.3507 1.0000 0.0000 0.0006 0.0085 0.1270 1.0000 1.0000 0.0002 0.0031 0.0455 0.6482 1.0000 1.0000 1.0000 0.6482 0.0455 0.0031 0.0002 1.0000 1.0000 0.1270 0.0085 0.0006 0.0000 1.0000 0.3507 0.0236 0.0016 0.0001 1.0000 0.9700 0.0654 0.0044 0.0003 1.0000 1.0000 0.1840 0.0125 0.0008 0.0001 1.0000 0.5288 0.0361 0.0025 0.0002 1.0000 1.0000 0.1093 0.0075 0.0005 1.0000 1.0000 0.3487 0.0243 0.0017 0.0001 1.0000 1.0000 0.0806 0.0056 0.0004 1.0000 1.0000
1.0000 0.0004 0.0059 0.0837 1.0000 1.0000 0.0001 0.0018 0.0251 0.3601 1.0000 1.0000 0.0005 0.0077 0.1112 1.0000 1.0000 0.0002 0.0025 0.0359 0.5248 1.0000 0.0001 0.0008 0.0122 0.1795 1.0000 1.0000 0.0003 0.0043 0.0633 0.9392 1.0000 0.0001 0.0015 0.0227 0.3376 1.0000 1.0000 0.0006 0.0082 0.1223 1.0000 1.0000 0.0002 0.0030 0.0442 0.6506 1.0000 0.0001 0.0003 0.0001 1.0000 0.6506 0.0442 0.0030 0.0002 1.0000 1.0000 0.1223 0.0082 0.0006 1.0000 1.0000 0.3376 0.0227 0.0015 0.0001 1.0000 0.9392 0.0633 0.0043 0.0003 1.0000 1.0000 0.1795 0.0122 0.0008 0.0001 1.0000 0.5248 0.0359 0.0025 0.0002 1.0000 1.0000 0.1112 0.0077 0.0005 1.0000 1.0000 0.3601 0.0251 0.0018 0.0001 1.0000 1.0000 0.0837 0.0059 0.0004 1.0000
0.0004 0.0061 0.0870 1.0000 1.0000 0.0001 0.0018 0.0261 0.3734 1.0000 0.0000 0.0005 0.0079 0.1137 1.0000 1.0000 0.0002 0.0025 0.0361 0.5248 1.0000 0.0001 0.0008 0.0120 0.1762 1.0000 1.0000 0.0003 0.0042 0.0615 0.9110 1.0000 0.0001 0.0015 0.0219 0.3256 1.0000 1.0000 0.0005 0.0079 0.1177 1.0000 1.0000 0.0002 0.0029 0.0426 0.6323 1.0000 0.0001 0.0008 0.0043 0.0008 0.0001 1.0000 0.6323 0.0426 0.0029 0.0002 1.0000 1.0000 0.1177 0.0079 0.0005 1.0000 1.0000 0.3256 0.0219 0.0015 0.0001 1.0000 0.9110 0.0615 0.0042 0.0003 1.0000 1.0000 0.1762 0.0120 0.0008 0.0001 1.0000 0.5248 0.0361 0.0025 0.0002 1.0000 1.0000 0.1137 0.0079 0.0005 0.0000 1.0000 0.3734 0.0261 0.0018 0.0001 1.0000 1.0000 0.0870 0.0061 0.0004
0.0062 0.0904 1.0000 1.0000 0.0001 0.0019 0.0271 0.3871 1.0000 0.0000 0.0006 0.0082 0.1170 1.0000 1.0000 0.0002 0.0025 0.0365 0.5288 1.0000 0.0001 0.0008 0.0119 0.1742 1.0000 1.0000 0.0003 0.0041 0.0600 0.8871 1.0000 0.0001 0.0014 0.0212 0.3146 1.0000 1.0000 0.0005 0.0076 0.1133 1.0000 1.0000 0.0002 0.0028 0.0410 0.6099 1.0000 0.0001 0.0009 0.0118 0.0615 0.0118 0.0009 0.0001 1.0000 0.6099 0.0410 0.0028 0.0002 1.0000 1.0000 0.1133 0.0076 0.0005 1.0000 1.0000 0.3146 0.0212 0.0014 0.0001 1.0000 0.8871 0.0600 0.0041 0.0003 1.0000 1.0000 0.1742 0.0119 0.0008 0.0001 1.0000 0.5288 0.0365 0.0025 0.0002 1.0000 1.0000 0.1170 0.0082 0.0006 0.0000 1.0000 0.3871 0.0271 0.0019 0.0001 1.0000 1.0000 0.0904 0.0062
0.0914 1.0000 1.0000 0.0001 0.0020 0.0281 0.4021 1.0000 0.0000 0.0006 0.0084 0.1209 1.0000 1.0000 0.0002 0.0026 0.0372 0.5369 1.0000 0.0001 0.0008 0.0119 0.1735 1.0000 1.0000 0.0003 0.0040 0.0588 0.8671 1.0000 0.0001 0.0014 0.0206 0.3052 1.0000 1.0000 0.0005 0.0074 0.1093 1.0000 1.0000 0.0002 0.0027 0.0395 0.5871 1.0000 0.0001 0.0010 0.0136 0.1686 0.8804 0.1686 0.0136 0.0010 0.0001 1.0000 0.5871 0.0395 0.0027 0.0002 1.0000 1.0000 0.1093 0.0074 0.0005 1.0000 1.0000 0.3052 0.0206 0.0014 0.0001 1.0000 0.8671 0.0588 0.0040 0.0003 1.0000 1.0000 0.1735 0.0119 0.0008 0.0001 1.0000 0.5369 0.0372 0.0026 0.0002 1.0000 1.0000 0.1209 0.0084 0.0006 0.0000 1.0000 0.4021 0.0281 0.0020 0.0001 1.0000 1.0000 0.0914
1.0000 1.0000 0.0001 0.0020 0.0292 0.4177 1.0000 0.0000 0.0006 0.0087 0.1253 1.0000 1.0000 0.0002 0.0027 0.0381 0.5493 1.0000 0.0001 0.0008 0.0120 0.1742 1.0000 1.0000 0.0003 0.0039 0.0579 0.8507 1.0000 0.0001 0.0014 0.0201 0.2972 1.0000 1.0000 0.0005 0.0071 0.1054 1.0000 1.0000 0.0002 0.0026 0.0380 0.5652 1.0000 0.0001 0.0009 0.0136 0.1941 1.0000 1.0000 1.0000 0.1941 0.0136 0.0009 0.0001 1.0000 0.5652 0.0380 0.0026 0.0002 1.0000 1.0000 0.1054 0.0071 0.0005 1.0000 1.0000 0.2972 0.0201 0.0014 0.0001 1.0000 0.8507 0.0579 0.0039 0.0003 1.0000 1.0000 0.1742 0.0120 0.0008 0.0001 1.0000 0.5493 0.0381 0.0027 0.0002 1.0000 1.0000 0.1253 0.0087 0.0006 0.0000 1.0000 0.4177 0.0292 0.0020 0.0001 1.0000 1.0000
1.0000 0.0001 0.0021 0.0303 0.4339 1.0000 0.0000 0.0006 0.0091 0.1299 1.0000 1.0000 0.0002 0.0027 0.0392 0.5641 1.0000 0.0001 0.0008 0.0122 0.1762 1.0000 1.0000 0.0003 0.0039 0.0575 0.8411 1.0000 0.0001 0.0013 0.0197 0.2899 1.0000 1.0000 0.0005 0.0069 0.1021 1.0000 1.0000 0.0002 0.0025 0.0366 0.5441 1.0000 0.0001 0.0009 0.0132 0.1948 1.0000 1.0000 0.0001 1.0000 1.0000 0.1948 0.0132 0.0009 0.0001 1.0000 0.5441 0.0366 0.0025 0.0002 1.0000 1.0000 0.1021 0.0069 0.0005 1.0000 1.0000 0.2899 0.0197 0.0013 0.0001 1.0000 0.8411 0.0575 0.0039 0.0003 1.0000 1.0000 0.1762 0.0122 0.0008 0.0001 1.0000 0.5641 0.0392 0.0027 0.0002 1.0000 1.0000 0.1299 0.0091 0.0006 0.0000 1.0000 0.4339 0.0303 0.0021 0.0001 1.0000
0.0001 0.0022 0.0315 0.4507 1.0000 0.0000 0.0007 0.0094 0.1350 1.0000 1.0000 0.0002 0.0028 0.0405 0.5816 1.0000 0.0001 0.0009 0.0125 0.1795 1.0000 1.0000 0.0003 0.0039 0.0575 0.8379 1.0000 0.0001 0.0013 0.0193 0.2839 1.0000 1.0000 0.0005 0.0067 0.0992 1.0000 1.0000 0.0002 0.0024 0.0353 0.5248 1.0000 0.0001 0.0009 0.0128 0.1894 1.0000 1.0000 0.0002 0.0013 0.0002 1.0000 1.0000 0.1894 0.0128 0.0009 0.0001 1.0000 0.5248 0.0353 0.0024 0.0002 1.0000 1.0000 0.0992 0.0067 0.0005 1.0000 1.0000 0.2839 0.0193 0.0013 0.0001 1.0000 0.8379 0.0575 0.0039 0.0003 1.0000 1.0000 0.1795 0.0125 0.0009 0.0001 1.0000 0.5816 0.0405 0.0028 0.0002 1.0000 1.0000 0.1350 0.0094 0.0007 0.0000 1.0000 0.4507 0.0315 0.0022 0.0001
0.0022 0.0327 0.4682 1.0000 0.0000 0.0007 0.0098 0.1402 1.0000 1.0000 0.0002 0.0029 0.0420 0.6018 1.0000 0.0001 0.0009 0.0128 0.1840 1.0000 1.0000 0.0003 0.0040 0.0579 0.8411 1.0000 0.0001 0.0013 0.0191 0.2797 1.0000 1.0000 0.0004 0.0066 0.0968 1.0000 1.0000 0.0002 0.0023 0.0342 0.5072 1.0000 0.0001 0.0008 0.0123 0.1826 1.0000 1.0000 0.0003 0.0035 0.0184 0.0035 0.0003 1.0000 1.0000 0.1826 0.0123 0.0008 0.0001 1.0000 0.5072 0.0342 0.0023 0.0002 1.0000 1.0000 0.0968 0.0066 0.0004 1.0000 1.0000 0.2797 0.0191 0.0013 0.0001 1.0000 0.8411 0.0579 0.0040 0.0003 1.0000 1.0000 0.1840 0.0128 0.0009 0.0001 1.0000 0.6018 0.0420 0.0029 0.0002 1.0000 1.0000 0.1402 0.0098 0.0007 0.0000 1.0000 0.4682 0.0327 0.0022
0.0331 0.4864 1.0000 0.0000 0.0007 0.0102 0.1457 1.0000 1.0000 0.0002 0.0030 0.0436 0.6240 1.0000 0.0001 0.0009 0.0132 0.1894 1.0000 1.0000 0.0003 0.0041 0.0588 0.8507 1.0000 0.0001 0.0013 0.0190 0.2775 1.0000 1.0000 0.0004 0.0064 0.0948 1.0000 1.0000 0.0002 0.0022 0.0332 0.4920 1.0000 0.0001 0.0008 0.0119 0.1758 1.0000 1.0000 0.0003 0.0041 0.0505 0.2636 0.0505 0.0041 0.0003 1.0000 1.0000 0.1758 0.0119 0.0008 0.0001 1.0000 0.4920 0.0332 0.0022 0.0002 1.0000 1.0000 0.0948 0.0064 0.0004 1.0000 1.0000 0.2775 0.0190 0.0013 0.0001 1.0000 0.8507 0.0588 0.0041 0.0003 1.0000 1.0000 0.1894 0.0132 0.0009 0.0001 1.0000 0.6240 0.0436 0.0030 0.0002 1.0000 1.0000 0.1457 0.0102 0.0007 0.0000 1.0000 0.4864 0.0331
0.4920 1.0000 0.0001 0.0007 0.0106 0.1513 1.0000 1.0000 0.0002 0.0032 0.0453 0.6482 1.0000 0.0001 0.0010 0.0136 0.1952 1.0000 1.0000 0.0003 0.0042 0.0600 0.8671 1.0000 0.0001 0.0013 0.0191 0.2775 1.0000 1.0000 0.0004 0.0063 0.0932 1.0000 1.0000 0.0001 0.0022 0.0324 0.4790 1.0000 0.0001 0.0008 0.0115 0.1696 1.0000 1.0000 0.0003 0.0041 0.0581 0.7224 1.0000 0.7224 0.0581 0.0041 0.0003 1.0000 1.0000 0.1696 0.0115 0.0008 0.0001 1.0000 0.4790 0.0324 0.0022 0.0001 1.0000 1.0000 0.0932 0.0063 0.0004 1.0000 1.0000 0.2775 0.0191 0.0013 0.0001 1.0000 0.8671 0.0600 0.0042 0.0003 1.0000 1.0000 0.1952 0.0136 0.0010 0.0001 1.0000 0.6482 0.0453 0.0032 0.0002 1.0000 1.0000 0.1513 0.0106 0.0007 0.0001 1.0000 0.4920
1.0000 0.0001 0.0008 0.0110 0.1572 1.0000 1.0000 0.0002 0.0033 0.0471 0.6733 1.0000 0.0001 0.0010 0.0141 0.2020 1.0000 1.0000 0.0003 0.0043 0.0615 0.8871 1.0000 0.0001 0.0013 0.0193 0.2797 1.0000 1.0000 0.0004 0.0063 0.0921 1.0000 1.0000 0.0001 0.0021 0.0317 0.4673 1.0000 0.0001 0.0008 0.0111 0.1642 1.0000 1.0000 0.0003 0.0040 0.0583 0.8315 1.0000 1.0000 1.0000 0.8315 0.0583 0.0040 0.0003 1.0000 1.0000 0.1642 0.0111 0.0008 0.0001 1.0000 0.4673 0.0317 0.0021 0.0001 1.0000 1.0000 0.0921 0.0063 0.0004 1.0000 1.0000 0.2797 0.0193 0.0013 0.0001 1.0000 0.8871 0.0615 0.0043 0.0003 1.0000 1.0000 0.2020 0.0141 0.0010 0.0001 1.0000 0.6733 0.0471 0.0033 0.0002 1.0000 1.0000 0.1572 0.0110 0.0008 0.0001 1.0000
0.0001 0.0008 0.0114 0.1633 1.0000 1.0000 0.0002 0.0034 0.0489 0.6994 1.0000 0.0001 0.0010 0.0146 0.2094 1.0000 1.0000 0.0003 0.0044 0.0633 0.9110 1.0000 0.0001 0.0014 0.0197 0.2839 1.0000 1.0000 0.0004 0.0063 0.0918 1.0000 1.0000 0.0001 0.0021 0.0311 0.4577 1.0000 0.0000 0.0007 0.0108 0.1596 1.0000 1.0000 0.0003 0.0038 0.0568 0.8363 1.0000 0.0001 0.0004 0.0001 1.0000 0.8363 0.0568 0.0038 0.0003 1.0000 1.0000 0.1596 0.0108 0.0007 0.0000 1.0000 0.4577 0.0311 0.0021 0.0001 1.0000 1.0000 0.0918 0.0063 0.0004 1.0000 1.0000 0.2839 0.0197 0.0014 0.0001 1.0000 0.9110 0.0633 0.0044 0.0003 1.0000 1.0000 0.2094 0.0146 0.0010 0.0001 1.0000 0.6994 0.0489 0.0034 0.0002 1.0000 1.0000 0.1633 0.0114 0.0008 0.0001
0.0008 0.0119 0.1696 1.0000 1.0000 0.0002 0.0036 0.0508 0.7265 1.0000 0.0001 0.0011 0.0152 0.2176 1.0000 1.0000 0.0003 0.0046 0.0654 0.9392 1.0000 0.0001 0.0014 0.0201 0.2899 1.0000 1.0000 0.0004 0.0063 0.0921 1.0000 1.0000 0.0001 0.0021 0.0306 0.4499 1.0000 0.0000 0.0007 0.0106 0.1557 1.0000 1.0000 0.0003 0.0037 0.0551 0.8159 1.0000 0.0001 0.0011 0.0055 0.0011 0.0001 1.0000 0.8159 0.0551 0.0037 0.0003 1.0000 1.0000 0.1557 0.0106 0.0007 0.0000 1.0000 0.4499 0.0306 0.0021 0.0001 1.0000 1.0000 0.0921 0.0063 0.0004 1.0000 1.0000 0.2899 0.0201 0.0014 0.0001 1.0000 0.9392 0.0654 0.0046 0.0003 1.0000 1.0000 0.2176 0.0152 0.0011 0.0001 1.0000 0.7265 0.0508 0.0036 0.0002 1.0000 1.0000 0.1696 0.0119 0.0008
0.0120 0.1762 1.0000 1.0000 0.0003 0.0037 0.0528 0.7547 1.0000 0.0001 0.0011 0.0158 0.2260 1.0000 1.0000 0.0003 0.0047 0.0678 0.9700 1.0000 0.0001 0.0014 0.0206 0.2972 1.0000 1.0000 0.0004 0.0064 0.0932 1.0000 1.0000 0.0001 0.0021 0.0304 0.4448 1.0000 0.0000 0.0007 0.0104 0.1525 1.0000 1.0000 0.0002 0.0036 0.0536 0.7929 1.0000 0.0001 0.0012 0.0152 0.0791 0.0152 0.0012 0.0001 1.0000 0.7929 0.0536 0.0036 0.0002 1.0000 1.0000 0.1525 0.0104 0.0007 0.0000 1.0000 0.4448 0.0304 0.0021 0.0001 1.0000 1.0000 0.0932 0.0064 0.0004 1.0000 1.0000 0.2972 0.0206 0.0014 0.0001 1.0000 0.9700 0.0678 0.0047 0.0003 1.0000 1.0000 0.2260 0.0158 0.0011 0.0001 1.0000 0.7547 0.0528 0.0037 0.0003 1.0000 1.0000 0.1762 0.0120
0.1782 1.0000 1.0000 0.0003 0.0038 0.0548 0.7839 1.0000 0.0001 0.0011 0.0164 0.2348 1.0000 1.0000 0.0003 0.0049 0.0703 1.0000 1.0000 0.0001 0.0015 0.0212 0.3052 1.0000 1.0000 0.0005 0.0066 0.0948 1.0000 1.0000 0.0001 0.0021 0.0304 0.4431 1.0000 0.0000 0.0007 0.0102 0.1499 1.0000 1.0000 0.0002 0.0035 0.0522 0.7706 1.0000 0.0001 0.0012 0.0175 0.2176 1.0000 0.2176 0.0175 0.0012 0.0001 1.0000 0.7706 0.0522 0.0035 0.0002 1.0000 1.0000 0.1499 0.0102 0.0007 0.0000 1.0000 0.4431 0.0304 0.0021 0.0001 1.0000 1.0000 0.0948 0.0066 0.0005 1.0000 1.0000 0.3052 0.0212 0.0015 0.0001 1.0000 1.0000 0.0703 0.0049 0.0003 1.0000 1.0000 0.2348 0.0164 0.0011 0.0001 1.0000 0.7839 0.0548 0.0038 0.0003 1.0000 1.0000 0.1782
1.0000 1.0000 0.0003 0.0040 0.0569 0.8143 1.0000 0.0001 0.0012 0.0170 0.2439 1.0000 1.0000 0.0004 0.0051 0.0730 1.0000 1.0000 0.0001 0.0015 0.0219 0.3146 1.0000 1.0000 0.0005 0.0067 0.0968 1.0000 1.0000 0.0001 0.0021 0.0306 0.4448 1.0000 0.0000 0.0007 0.0101 0.1479 1.0000 1.0000 0.0002 0.0035 0.0510 0.7518 1.0000 0.0001 0.0012 0.0177 0.2509 1.0000 1.0000 1.0000 0.2509 0.0177 0.0012 0.0001 1.0000 0.7518 0.0510 0.0035 0.0002 1.0000 1.0000 0.1479 0.0101 0.0007 0.0000 1.0000 0.4448 0.0306 0.0021 0.0001 1.0000 1.0000 0.0968 0.0067 0.0005 1.0000 1.0000 0.3146 0.0219 0.0015 0.0001 1.0000 1.0000 0.0730 0.0051 0.0004 1.0000 1.0000 0.2439 0.0170 0.0012 0.0001 1.0000 0.8143 0.0569 0.0040 0.0003 1.0000 1.0000
1.0000 0.0003 0.0041 0.0591 0.8459 1.0000 0.0001 0.0012 0.0177 0.2533 1.0000 1.0000 0.0004 0.0053 0.0759 1.0000 1.0000 0.0001 0.0016 0.0227 0.3256 1.0000 1.0000 0.0005 0.0069 0.0992 1.0000 1.0000 0.0001 0.0021 0.0311 0.4499 1.0000 0.0000 0.0007 0.0100 0.1468 1.0000 1.0000 0.0002 0.0034 0.0500 0.7362 1.0000 0.0001 0.0012 0.0174 0.2543 1.0000 1.0000 0.0001 1.0000 1.0000 0.2543 0.0174 0.0012 0.0001 1.0000 0.7362 0.0500 0.0034 0.0002 1.0000 1.0000 0.1468 0.0100 0.0007 0.0000 1.0000 0.4499 0.0311 0.0021 0.0001 1.0000 1.0000 0.0992 0.0069 0.0005 1.0000 1.0000 0.3256 0.0227 0.0016 0.0001 1.0000 1.0000 0.0759 0.0053 0.0004 1.0000 1.0000 0.2533 0.0177 0.0012 0.0001 1.0000 0.8459 0.0591 0.0041 0.0003 1.0000
0.0003 0.0043 0.0614 0.8787 1.0000 0.0001 0.0013 0.0184 0.2631 1.0000 1.0000 0.0004 0.0055 0.0788 1.0000 1.0000 0.0001 0.0016 0.0236 0.3376 1.0000 1.0000 0.0005 0.0071 0.1021 1.0000 1.0000 0.0002 0.0022 0.0317 0.4577 1.0000 0.0000 0.0007 0.0101 0.1468 1.0000 1.0000 0.0002 0.0034 0.0493 0.7238 1.0000 0.0001 0.0012 0.0170 0.2504 1.0000 1.0000 0.0003 0.0017 0.0003 1.0000 1.0000 0.2504 0.0170 0.0012 0.0001 1.0000 0.7238 0.0493 0.0034 0.0002 1.0000 1.0000 0.1468 0.0101 0.0007 0.0000 1.0000 0.4577 0.0317 0.0022 0.0002 1.0000 1.0000 0.1021 0.0071 0.0005 1.0000 1.0000 0.3376 0.0236 0.0016 0.0001 1.0000 1.0000 0.0788 0.0055 0.0004 1.0000 1.0000 0.2631 0.0184 0.0013 0.0001 1.0000 0.8787 0.0614 0.0043 0.0003
0.0043 0.0638 0.9128 1.0000 0.0001 0.0013 0.0191 0.2733 1.0000 1.0000 0.0004 0.0057 0.0819 1.0000 1.0000 0.0001 0.0017 0.0245 0.3507 1.0000 1.0000 0.0005 0.0074 0.1054 1.0000 1.0000 0.0002 0.0022 0.0324 0.4673 1.0000 0.0000 0.0007 0.0102 0.1479 1.0000 1.0000 0.0002 0.0033 0.0487 0.7142 1.0000 0.0001 0.0011 0.0167 0.2457 1.0000 1.0000 0.0004 0.0046 0.0241 0.0046 0.0004 1.0000 1.0000 0.2457 0.0167 0.0011 0.0001 1.0000 0.7142 0.0487 0.0033 0.0002 1.0000 1.0000 0.1479 0.0102 0.0007 0.0000 1.0000 0.4673 0.0324 0.0022 0.0002 1.0000 1.0000 0.1054 0.0074 0.0005 1.0000 1.0000 0.3507 0.0245 0.0017 0.0001 1.0000 1.0000 0.0819 0.0057 0.0004 1.0000 1.0000 0.2733 0.0191 0.0013 0.0001 1.0000 0.9128 0.0638 0.0043
0.0645 0.9481 1.0000 0.0001 0.0014 0.0198 0.2839 1.0000 1.0000 0.0004 0.0059 0.0850 1.0000 1.0000 0.0001 0.0018 0.0255 0.3643 1.0000 1.0000 0.0005 0.0076 0.1093 1.0000 1.0000 0.0002 0.0023 0.0332 0.4790 1.0000 0.0000 0.0007 0.0104 0.1499 1.0000 1.0000 0.0002 0.0033 0.0485 0.7088 1.0000 0.0001 0.0011 0.0164 0.2416 1.0000 1.0000 0.0004 0.0054 0.0667 0.3467 0.0667 0.0054 0.0004 1.0000 1.0000 0.2416 0.0164 0.0011 0.0001 1.0000 0.7088 0.0485 0.0033 0.0002 1.0000 1.0000 0.1499 0.0104 0.0007 0.0000 1.0000 0.4790 0.0332 0.0023 0.0002 1.0000 1.0000 0.1093 0.0076 0.0005 1.0000 1.0000 0.3643 0.0255 0.0018 0.0001 1.0000 1.0000 0.0850 0.0059 0.0004 1.0000 1.0000 0.2839 0.0198 0.0014 0.0001 1.0000 0.9481 0.0645
0.9590 1.0000 0.0001 0.0014 0.0206 0.2949 1.0000 1.0000 0.0004 0.0062 0.0883 1.0000 1.0000 0.0001 0.0018 0.0265 0.3784 1.0000 0.0000 0.0006 0.0079 0.1133 1.0000 1.0000 0.0002 0.0024 0.0342 0.4920 1.0000 0.0001 0.0007 0.0106 0.1525 1.0000 1.0000 0.0002 0.0034 0.0487 0.7088 1.0000 0.0001 0.0011 0.0162 0.2379 1.0000 1.0000 0.0004 0.0055 0.0776 0.9608 1.0000 0.9608 0.0776 0.0055 0.0004 1.0000 1.0000 0.2379 0.0162 0.0011 0.0001 1.0000 0.7088 0.0487 0.0034 0.0002 1.0000 1.0000 0.1525 0.0106 0.0007 0.0001 1.0000 0.4920 0.0342 0.0024 0.0002 1.0000 1.0000 0.1133 0.0079 0.0006 0.0000 1.0000 0.3784 0.0265 0.0018 0.0001 1.0000 1.0000 0.0883 0.0062 0.0004 1.0000 1.0000 0.2949 0.0206 0.0014 0.0001 1.0000 0.9590
1.0000 0.0001 0.0015 0.0214 0.3064 1.0000 1.0000 0.0004 0.0064 0.0918 1.0000 1.0000 0.0001 0.0019 0.0275 0.3931 1.0000 0.0000 0.0006 0.0082 0.1177 1.0000 1.0000 0.0002 0.0025 0.0353 0.5072 1.0000 0.0001 0.0008 0.0108 0.1557 1.0000 1.0000 0.0002 0.0034 0.0493 0.7142 1.0000 0.0001 0.0011 0.0161 0.2352 1.0000 1.0000 0.0004 0.0054 0.0794 1.0000 1.0000 1.0000 1.0000 1.0000 0.0794 0.0054 0.0004 1.0000 1.0000 0.2352 0.0161 0.0011 0.0001 1.0000 0.7142 0.0493 0.0034 0.0002 1.0000 1.0000 0.1557 0.0108 0.0008 0.0001 1.0000 0.5072 0.0353 0.0025 0.0002 1.0000 1.0000 0.1177 0.0082 0.0006 0.0000 1.0000 0.3931 0.0275 0.0019 0.0001 1.0000 1.0000 0.0918 0.0064 0.0004 1.0000 1.0000 0.3064 0.0214 0.0015 0.0001 1.0000
0.0001 0.0016 0.0222 0.3183 1.0000 1.0000 0.0005 0.0067 0.0953 1.0000 1.0000 0.0001 0.0020 0.0285 0.4083 1.0000 0.0000 0.0006 0.0085 0.1223 1.0000 1.0000 0.0002 0.0026 0.0366 0.5248 1.0000 0.0001 0.0008 0.0111 0.1596 1.0000 1.0000 0.0002 0.0035 0.0500 0.7238 1.0000 0.0001 0.0011 0.0161 0.2343 1.0000 1.0000 0.0004 0.0054 0.0790 1.0000 1.0000 0.0001 0.0005 0.0001 1.0000 1.0000 0.0790 0.0054 0.0004 1.0000 1.0000 0.2343 0.0161 0.0011 0.0001 1.0000 0.7238 0.0500 0.0035 0.0002 1.0000 1.0000 0.1596 0.0111 0.0008 0.0001 1.0000 0.5248 0.0366 0.0026 0.0002 1.0000 1.0000 0.1223 0.0085 0.0006 0.0000 1.0000 0.4083 0.0285 0.0020 0.0001 1.0000 1.0000 0.0953 0.0067 0.0005 1.0000 1.0000 0.3183 0.0222 0.0016 0.0001
0.0016 0.0231 0.3306 1.0000 1.0000 0.0005 0.0069 0.0990 1.0000 1.0000 0.0001 0.0021 0.0296 0.4241 1.0000 0.0000 0.0006 0.0089 0.1270 1.0000 1.0000 0.0002 0.0027 0.0380 0.5441 1.0000 0.0001 0.0008 0.0115 0.1642 1.0000 1.0000 0.0002 0.0035 0.0510 0.7362 1.0000 0.0001 0.0011 0.0162 0.2352 1.0000 1.0000 0.0004 0.0053 0.0782 1.0000 1.0000 0.0001 0.0014 0.0075 0.0014 0.0001 1.0000 1.0000 0.0782 0.0053 0.0004 1.0000 1.0000 0.2352 0.0162 0.0011 0.0001 1.0000 0.7362 0.0510 0.0035 0.0002 1.0000 1.0000 0.1642 0.0115 0.0008 0.0001 1.0000 0.5441 0.0380 0.0027 0.0002 1.0000 1.0000 0.1270 0.0089 0.0006 0.0000 1.0000 0.4241 0.0296 0.0021 0.0001 1.0000 1.0000 0.0990 0.0069 0.0005 1.0000 1.0000 0.3306 0.0231 0.0016
0.0234 0.3434 1.0000 1.0000 0.0005 0.0072 0.1028 1.0000 1.0000 0.0002 0.0022 0.0308 0.4406 1.0000 0.0000 0.0006 0.0092 0.1319 1.0000 1.0000 0.0002 0.0028 0.0395 0.5652 1.0000 0.0001 0.0008 0.0119 0.1696 1.0000 1.0000 0.0003 0.0036 0.0522 0.7518 1.0000 0.0001 0.0011 0.0164 0.2379 1.0000 1.0000 0.0004 0.0053 0.0776 1.0000 1.0000 0.0001 0.0017 0.0209 0.1087 0.0209 0.0017 0.0001 1.0000 1.0000 0.0776 0.0053 0.0004 1.0000 1.0000 0.2379 0.0164 0.0011 0.0001 1.0000 0.7518 0.0522 0.0036 0.0003 1.0000 1.0000 0.1696 0.0119 0.0008 0.0001 1.0000 0.5652 0.0395 0.0028 0.0002 1.0000 1.0000 0.1319 0.0092 0.0006 0.0000 1.0000 0.4406 0.0308 0.0022 0.0002 1.0000 1.0000 0.1028 0.0072 0.0005 1.0000 1.0000 0.3434 0.0234
0.3474 1.0000 1.0000 0.0005 0.0075 0.1068 1.0000 1.0000 0.0002 0.0022 0.0320 0.4577 1.0000 0.0000 0.0007 0.0096 0.1371 1.0000 1.0000 0.0002 0.0029 0.0410 0.5871 1.0000 0.0001 0.0009 0.0123 0.1758 1.0000 1.0000 0.0003 0.0037 0.0536 0.7706 1.0000 0.0001 0.0012 0.0167 0.2416 1.0000 1.0000 0.0004 0.0053 0.0776 1.0000 1.0000 0.0001 0.0017 0.0246 0.3029 1.0000 0.3029 0.0246 0.0017 0.0001 1.0000 1.0000 0.0776 0.0053 0.0004 1.0000 1.0000 0.2416 0.0167 0.0012 0.0001 1.0000 0.7706 0.0536 0.0037 0.0003 1.0000 1.0000 0.1758 0.0123 0.0009 0.0001 1.0000 0.5871 0.0410 0.0029 0.0002 1.0000 1.0000 0.1371 0.0096 0.0007 0.0000 1.0000 0.4577 0.0320 0.0022 0.0002 1.0000 1.0000 0.1068 0.0075 0.0005 1.0000 1.0000 0.3474
1.0000 1.0000 0.0005 0.0078 0.1110 1.0000 1.0000 0.0002 0.0023 0.0332 0.4754 1.0000 0.0000 0.0007 0.0100 0.1424 1.0000 1.0000 0.0002 0.0030 0.0426 0.6099 1.0000 0.0001 0.0009 0.0128 0.1826 1.0000 1.0000 0.0003 0.0038 0.0551 0.7929 1.0000 0.0001 0.0012 0.0170 0.2457 1.0000 1.0000 0.0004 0.0054 0.0782 1.0000 1.0000 0.0001 0.0018 0.0254 0.3567 1.0000 1.0000 1.0000 0.3567 0.0254 0.0018 0.0001 1.0000 1.0000 0.0782 0.0054 0.0004 1.0000 1.0000 0.2457 0.0170 0.0012 0.0001 1.0000 0.7929 0.0551 0.0038 0.0003 1.0000 1.0000 0.1826 0.0128 0.0009 0.0001 1.0000 0.6099 0.0426 0.0030 0.0002 1.0000 1.0000 0.1424 0.0100 0.0007 0.0000 1.0000 0.4754 0.0332 0.0023 0.0002 1.0000 1.0000 0.1110 0.0078 0.0005 1.0000 1.0000
0.0000 0.0006 0.0080 0.1151 1.0000 1.0000 0.0002 0.0024 0.0345 0.4929 1.0000 0.0001 0.0007 0.0103 0.1476 1.0000 1.0000 0.0002 0.0031 0.0442 0.6323 1.0000 0.0001 0.0009 0.0132 0.1894 1.0000 1.0000 0.0003 0.0040 0.0568 0.8159 1.0000 0.0001 0.0012 0.0174 0.2504 1.0000 1.0000 0.0004 0.0054 0.0790 1.0000 1.0000 0.0001 0.0018 0.0255 0.3692 1.0000 1.0000 0.0002 1.0000 1.0000 0.3692 0.0255 0.0018 0.0001 1.0000 1.0000 0.0790 0.0054 0.0004 1.0000 1.0000 0.2504 0.0174 0.0012 0.0001 1.0000 0.8159 0.0568 0.0040 0.0003 1.0000 1.0000 0.1894 0.0132 0.0009 0.0001 1.0000 0.6323 0.0442 0.0031 0.0002 1.0000 1.0000 0.1476 0.0103 0.0007 0.0001 1.0000 0.4929 0.0345 0.0024 0.0002 1.0000 1.0000 0.1151 0.0080 0.0006 0.0000
0.0006 0.0083 0.1184 1.0000 1.0000 0.0002 0.0025 0.0355 0.5072 1.0000 0.0001 0.0007 0.0106 0.1519 1.0000 1.0000 0.0002 0.0032 0.0455 0.6506 1.0000 0.0001 0.0010 0.0136 0.1948 1.0000 1.0000 0.0003 0.0041 0.0583 0.8363 1.0000 0.0001 0.0012 0.0177 0.2543 1.0000 1.0000 0.0004 0.0055 0.0794 1.0000 1.0000 0.0001 0.0017 0.0254 0.3692 1.0000 1.0000 0.0005 0.0024 0.0005 1.0000 1.0000 0.3692 0.0254 0.0017 0.0001 1.0000 1.0000 0.0794 0.0055 0.0004 1.0000 1.0000 0.2543 0.0177 0.0012 0.0001 1.0000 0.8363 0.0583 0.0041 0.0003 1.0000 1.0000 0.1948 0.0136 0.0010 0.0001 1.0000 0.6506 0.0455 0.0032 0.0002 1.0000 1.0000 0.1519 0.0106 0.0007 0.0001 1.0000 0.5072 0.0355 0.0025 0.0002 1.0000 1.0000 0.1184 0.0083 0.0006
0.0080 0.1179 1.0000 1.0000 0.0002 0.0025 0.0353 0.5052 1.0000 0.0001 0.0007 0.0106 0.1513 1.0000 1.0000 0.0002 0.0032 0.0453 0.6482 1.0000 0.0001 0.0009 0.0136 0.1941 1.0000 1.0000 0.0003 0.0041 0.0581 0.8315 1.0000 0.0001 0.0012 0.0175 0.2509 1.0000 1.0000 0.0004 0.0054 0.0776 1.0000 1.0000 0.0001 0.0017 0.0246 0.3567 1.0000 1.0000 0.0005 0.0064 0.0332 0.0064 0.0005 1.0000 1.0000 0.3567 0.0246 0.0017 0.0001 1.0000 1.0000 0.0776 0.0054 0.0004 1.0000 1.0000 0.2509 0.0175 0.0012 0.0001 1.0000 0.8315 0.0581 0.0041 0.0003 1.0000 1.0000 0.1941 0.0136 0.0009 0.0001 1.0000 0.6482 0.0453 0.0032 0.0002 1.0000 1.0000 0.1513 0.0106 0.0007 0.0001 1.0000 0.5052 0.0353 0.0025 0.0002 1.0000 1.0000 0.1179 0.0080
0.0994 1.0000 1.0000 0.0001 0.0021 0.0307 0.4389 1.0000 0.0000 0.0006 0.0092 0.1314 1.0000 1.0000 0.0002 0.0028 0.0394 0.5631 1.0000 0.0001 0.0008 0.0118 0.1686 1.0000 1.0000 0.0002 0.0035 0.0505 0.7224 1.0000 0.0001 0.0011 0.0152 0.2176 1.0000 1.0000 0.0003 0.0046 0.0667 0.9608 1.0000 0.0001 0.0014 0.0209 0.3029 1.0000 1.0000 0.0005 0.0064 0.0787 0.4060 0.0787 0.0064 0.0005 1.0000 1.0000 0.3029 0.0209 0.0014 0.0001 1.0000 0.9608 0.0667 0.0046 0.0003 1.0000 1.0000 0.2176 0.0152 0.0011 0.0001 1.0000 0.7224 0.0505 0.0035 0.0002 1.0000 1.0000 0.1686 0.0118 0.0008 0.0001 1.0000 0.5631 0.0394 0.0028 0.0002 1.0000 1.0000 0.1314 0.0092 0.0006 0.0000 1.0000 0.4389 0.0307 0.0021 0.0001 1.0000 1.0000 0.0994
0.5258 1.0000 0.0001 0.0008 0.0112 0.1602 1.0000 1.0000 0.0002 0.0034 0.0480 0.6862 1.0000 0.0001 0.0010 0.0144 0.2055 1.0000 1.0000 0.0003 0.0043 0.0615 0.8804 1.0000 0.0001 0.0013 0.0184 0.2636 1.0000 1.0000 0.0004 0.0055 0.0791 1.0000 1.0000 0.0001 0.0017 0.0241 0.3467 1.0000 1.0000 0.0005 0.0075 0.1087 1.0000 1.0000 0.0002 0.0024 0.0332 0.4060 1.0000 0.4060 0.0332 0.0024 0.0002 1.0000 1.0000 0.1087 0.0075 0.0005 1.0000 1.0000 0.3467 0.0241 0.0017 0.0001 1.0000 1.0000 0.0791 0.0055 0.0004 1.0000 1.0000 0.2636 0.0184 0.0013 0.0001 1.0000 0.8804 0.0615 0.0043 0.0003 1.0000 1.0000 0.2055 0.0144 0.0010 0.0001 1.0000 0.6862 0.0480 0.0034 0.0002 1.0000 1.0000 0.1602 0.0112 0.0008 0.0001 1.0000 0.5258
0.0994 1.0000 1.0000 0.0001 0.0021 0.0307 0.4389 1.0000 0.0000 0.0006 0.0092 0.1314 1.0000 1.0000 0.0002 0.0028 0.0394 0.5631 1.0000 0.0001 0.0008 0.0118 0.1686 1.0000 1.0000 0.0002 0.0035 0.0505 0.7224 1.0000 0.0001 0.0011 0.0152 0.2176 1.0000 1.0000 0.0003 0.0046 0.0667 0.9608 1.0000 0.0001 0.0014 0.0209 0.3029 1.0000 1.0000 0.0005 0.0064 0.0787 0.4060 0.0787 0.0064 0.0005 1.0000 1.0000 0.3029 0.0209 0.0014 0.0001 1.0000 0.9608 0.0667 0.0046 0.0003 1.0000 1.0000 0.2176 0.0152 0.0011 0.0001 1.0000 0.7224 0.0505 0.0035 0.0002 1.0000 1.0000 0.1686 0.0118 0.0008 0.0001 1.0000 0.5631 0.0394 0.0028 0.0002 1.0000 1.0000 0.1314 0.0092 0.0006 0.0000 1.0000 0.4389 0.0307 0.0021 0.0001 1.0000 1.0000 0.0994
0.0080 0.1179 1.0000 1.0000 0.0002 0.0025 0.0353 0.5052 1.0000 0.0001 0.0007 0.0106 0.1513 1.0000 1.0000 0.0002 0.0032 0.0453 0.6482 1.0000 0.0001 0.0009 0.0136 0.1941 1.0000 1.0000 0.0003 0.0041 0.0581 0.8315 1.0000 0.0001 0.0012 0.0175 0.2509 1.0000 1.0000 0.0004 0.0054 0.0776 1.0000 1.0000 0.0001 0.0017 0.0246 0.3567 1.0000 1.0000 0.0005 0.0064 0.0332 0.0064 0.0005 1.0000 1.0000 0.3567 0.0246 0.0017 0.0001 1.0000 1.0000 0.0776 0.0054 0.0004 1.0000 1.0000 0.2509 0.0175 0.0012 0.0001 1.0000 0.8315 0.0581 0.0041 0.0003 1.0000 1.0000 0.1941 0.0136 0.0009 0.0001 1.0000 0.6482 0.0453 0.0032 0.0002 1.0000 1.0000 0.1513 0.0106 0.0007 0.0001 1.0000 0.5052 0.0353 0.0025 0.0002 1.0000 1.0000 0.1179 0.0080
0.0006 0.0083 0.1184 1.0000 1.0000 0.0002 0.0025 0.0355 0.5072 1.0000 0.0001 0.0007 0.0106 0.1519 1.0000 1.0000 0.0002 0.0032 0.0455 0.6506 1.0000 0.0001 0.0010 0.0136 0.1948 1.0000 1.0000 0.0003 0.0041 0.0583 0.8363 1.0000 0.0001 0.0012 0.0177 0.2543 1.0000 1.0000 0.0004 0.0055 0.0794 1.0000 1.0000 0.0001 0.0017 0.0254 0.3692 1.0000 1.0000 0.0005 0.0024 0.0005 1.0000 1.0000 0.3692 0.0254 0.0017 0.0001 1.0000 1.0000 0.0794 0.0055 0.0004 1.0000 1.0000 0.2543 0.0177 0.0012 0.0001 1.0000 0.8363 0.0583 0.0041 0.0003 1.0000 1.0000 0.1948 0.0136 0.0010 0.0001 1.0000 0.6506 0.0455 0.0032 0.0002 1.0000 1.0000 0.1519 0.0106 0.0007 0.0001 1.0000 0.5072 0.0355 0.0025 0.0002 1.0000 1.0000 0.1184 0.0083 0.0006
0.0000 0.0006 0.0080 0.1151 1.0000 1.0000 0.0002 0.0024 0.0345 0.4929 1.0000 0.0001 0.0007 0.0103 0.1476 1.0000 1.0000 0.0002 0.0031 0.0442 0.6323 1.0000 0.0001 0.0009 0.0132 0.1894 1.0000 1.0000 0.0003 0.0040 0.0568 0.8159 1.0000 0.0001 0.0012 0.0174 0.2504 1.0000 1.0000 0.0004 0.0054 0.0790 1.0000 1.0000 0.0001 0.0018 0.0255 0.3692 1.0000 1.0000 0.0002 1.0000 1.0000 0.3692 0.0255 0.0018 0.0001 1.0000 1.0000 0.0790 0.0054 0.0004 1.0000 1.0000 0.2504 0.0174 0.0012 0.0001 1.0000 0.8159 0.0568 0.0040 0.0003 1.0000 1.0000 0.1894 0.0132 0.0009 0.0001 1.0000 0.6323 0.0442 0.0031 0.0002 1.0000 1.0000 0.1476 0.0103 0.0007 0.0001 1.0000 0.4929 0.0345 0.0024 0.0002 1.0000 1.0000 0.1151 0.0080 0.0006 0.0000
1.0000 1.0000 0.0005 0.0078 0.1110 1.0000 1.0000 0.0002 0.0023 0.0332 0.4754 1.0000 0.0000 0.0007 0.0100 0.1424 1.0000 1.0000 0.0002 0.0030 0.0426 0.6099 1.0000 0.0001 0.0009 0.0128 0.1826 1.0000 1.0000 0.0003 0.0038 0.0551 0.7929 1.0000 0.0001 0.0012 0.0170 0.2457 1.0000 1.0000 0.0004 0.0054 0.0782 1.0000 1.0000 0.0001 0.0018 0.0254 0.3567 1.0000 1.0000 1.0000 0.3567 0.0254 0.0018 0.0001 1.0000 1.0000 0.0782 0.0054 0.0004 1.0000 1.0000 0.2457 0.0170 0.0012 0.0001 1.0000 0.7929 0.0551 0.0038 0.0003 1.0000 1.0000 0.1826 0.0128 0.0009 0.0001 1.0000 0.6099 0.0426 0.0030 0.0002 1.0000 1.0000 0.1424 0.0100 0.0007 0.0000 1.0000 0.4754 0.0332 0.0023 0.0002 1.0000 1.0000 0.1110 0.0078 0.0005 1.0000 1.0000
