-0.2408 -0.3411 -0.3711 0.1016 0.2430 -0.2082 -0.3089 -0.3821 -0.0136 0.2466 -0.1519 -0.2743 -0.3606 -0.2905 0.1590 0.0020 -0.2380 -0.3308 -0.3831 0.0712 0.2773 -0.1915 -0.2972 -0.3760 -0.0983 0.2164 -0.1225 -0.2621 -0.3510 -0.3445 0.1289 0.1452 -0.2228 -0.3196 -0.3854 0.0343 0.2697 -0.1725 -0.2853 -0.3685 -0.2091 0.1860 -0.0768 -0.2497 -0.3407 -0.3722 0.0994 0.2496 -0.2046 -0.3008 -0.3570 -0.3008 -0.2046 0.2496 0.0994 -0.3722 -0.3407 -0.2497 -0.0768 0.1860 -0.2091 -0.3685 -0.2853 -0.1725 0.2697 0.0343 -0.3854 -0.3196 -0.2228 0.1452 0.1289 -0.3445 -0.3510 -0.2621 -0.1225 0.2164 -0.0983 -0.3760 -0.2972 -0.1915 0.2773 0.0712 -0.3831 -0.3308 -0.2380 0.0020 0.1590 -0.2905 -0.3606 -0.2743 -0.1519 0.2466 -0.0136 -0.3821 -0.3089 -0.2082 0.2430 0.1016 -0.3711 -0.3411 -0.2408
-0.3411 -0.3756 0.1015 0.2519 -0.2128 -0.3163 -0.3882 -0.0155 0.2450 -0.1521 -0.2818 -0.3674 -0.2960 0.1576 0.0160 -0.2458 -0.3379 -0.3887 0.0704 0.2804 -0.1945 -0.3046 -0.3824 -0.1024 0.2146 -0.1206 -0.2698 -0.3580 -0.3498 0.1278 0.1630 -0.2288 -0.3268 -0.3912 0.0331 0.2694 -0.1741 -0.2928 -0.3752 -0.2146 0.1845 -0.0710 -0.2575 -0.3478 -0.3776 0.0988 0.2570 -0.2108 -0.3138 -0.3873 -0.3458 -0.3873 -0.3138 -0.2108 0.2570 0.0988 -0.3776 -0.3478 -0.2575 -0.0710 0.1845 -0.2146 -0.3752 -0.2928 -0.1741 0.2694 0.0331 -0.3912 -0.3268 -0.2288 0.1630 0.1278 -0.3498 -0.3580 -0.2698 -0.1206 0.2146 -0.1024 -0.3824 -0.3046 -0.1945 0.2804 0.0704 -0.3887 -0.3379 -0.2458 0.0160 0.1576 -0.2960 -0.3674 -0.2818 -0.1521 0.2450 -0.0155 -0.3882 -0.3163 -0.2128 0.2519 0.1015 -0.3756 -0.3411
-0.3711 0.1015 0.2542 -0.2116 -0.3153 -0.3877 -0.0223 0.2419 -0.1492 -0.2806 -0.3664 -0.3035 0.1542 0.0306 -0.2440 -0.3367 -0.3894 0.0667 0.2806 -0.1924 -0.3034 -0.3817 -0.1143 0.2112 -0.1164 -0.2684 -0.3569 -0.3539 0.1247 0.1773 -0.2269 -0.3256 -0.3911 0.0283 0.2670 -0.1717 -0.2915 -0.3743 -0.2260 0.1813 -0.0635 -0.2562 -0.3467 -0.3795 0.0955 0.2621 -0.2093 -0.3137 -0.3867 -0.0871 0.1264 -0.0871 -0.3867 -0.3137 -0.2093 0.2621 0.0955 -0.3795 -0.3467 -0.2562 -0.0635 0.1813 -0.2260 -0.3743 -0.2915 -0.1717 0.2670 0.0283 -0.3911 -0.3256 -0.2269 0.1773 0.1247 -0.3539 -0.3569 -0.2684 -0.1164 0.2112 -0.1143 -0.3817 -0.3034 -0.1924 0.2806 0.0667 -0.3894 -0.3367 -0.2440 0.0306 0.1542 -0.3035 -0.3664 -0.2806 -0.1492 0.2419 -0.0223 -0.3877 -0.3153 -0.2116 0.2542 0.1015 -0.3711
0.1016 0.2519 -0.2116 -0.3149 -0.3874 -0.0277 0.2393 -0.1466 -0.2794 -0.3655 -0.3102 0.1510 0.0457 -0.2421 -0.3355 -0.3900 0.0630 0.2804 -0.1902 -0.3021 -0.3810 -0.1266 0.2079 -0.1119 -0.2671 -0.3558 -0.3577 0.1215 0.1907 -0.2250 -0.3243 -0.3909 0.0233 0.2644 -0.1693 -0.2902 -0.3734 -0.2369 0.1781 -0.0553 -0.2548 -0.3455 -0.3813 0.0923 0.2666 -0.2074 -0.3128 -0.3865 -0.0499 0.2132 0.1808 0.2132 -0.0499 -0.3865 -0.3128 -0.2074 0.2666 0.0923 -0.3813 -0.3455 -0.2548 -0.0553 0.1781 -0.2369 -0.3734 -0.2902 -0.1693 0.2644 0.0233 -0.3909 -0.3243 -0.2250 0.1907 0.1215 -0.3577 -0.3558 -0.2671 -0.1119 0.2079 -0.1266 -0.3810 -0.3021 -0.1902 0.2804 0.0630 -0.3900 -0.3355 -0.2421 0.0457 0.1510 -0.3102 -0.3655 -0.2794 -0.1466 0.2393 -0.0277 -0.3874 -0.3149 -0.2116 0.2519 0.1016
0.2430 -0.2128 -0.3153 -0.3874 -0.0298 0.2378 -0.1447 -0.2784 -0.3646 -0.3160 0.1481 0.0606 -0.2403 -0.3344 -0.3904 0.0592 0.2797 -0.1881 -0.3008 -0.3802 -0.1390 0.2046 -0.1072 -0.2658 -0.3547 -0.3612 0.1183 0.2030 -0.2231 -0.3231 -0.3906 0.0180 0.2616 -0.1667 -0.2889 -0.3725 -0.2474 0.1749 -0.0465 -0.2535 -0.3443 -0.3828 0.0890 0.2705 -0.2054 -0.3115 -0.3860 -0.0488 0.2279 -0.1171 -0.2268 -0.1171 0.2279 -0.0488 -0.3860 -0.3115 -0.2054 0.2705 0.0890 -0.3828 -0.3443 -0.2535 -0.0465 0.1749 -0.2474 -0.3725 -0.2889 -0.1667 0.2616 0.0180 -0.3906 -0.3231 -0.2231 0.2030 0.1183 -0.3612 -0.3547 -0.2658 -0.1072 0.2046 -0.1390 -0.3802 -0.3008 -0.1881 0.2797 0.0592 -0.3904 -0.3344 -0.2403 0.0606 0.1481 -0.3160 -0.3646 -0.2784 -0.1447 0.2378 -0.0298 -0.3874 -0.3153 -0.2128 0.2430
-0.2082 -0.3163 -0.3877 -0.0277 0.2378 -0.1440 -0.2779 -0.3641 -0.3204 0.1456 0.0746 -0.2387 -0.3333 -0.3908 0.0555 0.2788 -0.1859 -0.2995 -0.3794 -0.1516 0.2013 -0.1023 -0.2644 -0.3536 -0.3645 0.1152 0.2143 -0.2212 -0.3218 -0.3902 0.0125 0.2587 -0.1642 -0.2876 -0.3716 -0.2574 0.1718 -0.0369 -0.2521 -0.3432 -0.3842 0.0856 0.2737 -0.2035 -0.3103 -0.3854 -0.0558 0.2283 -0.1321 -0.2675 -0.3251 -0.2675 -0.1321 0.2283 -0.0558 -0.3854 -0.3103 -0.2035 0.2737 0.0856 -0.3842 -0.3432 -0.2521 -0.0369 0.1718 -0.2574 -0.3716 -0.2876 -0.1642 0.2587 0.0125 -0.3902 -0.3218 -0.2212 0.2143 0.1152 -0.3645 -0.3536 -0.2644 -0.1023 0.2013 -0.1516 -0.3794 -0.2995 -0.1859 0.2788 0.0555 -0.3908 -0.3333 -0.2387 0.0746 0.1456 -0.3204 -0.3641 -0.2779 -0.1440 0.2378 -0.0277 -0.3877 -0.3163 -0.2082
-0.3089 -0.3882 -0.0223 0.2393 -0.1447 -0.2779 -0.3639 -0.3226 0.1439 0.0854 -0.2373 -0.3323 -0.3910 0.0520 0.2777 -0.1838 -0.2982 -0.3787 -0.1641 0.1980 -0.0970 -0.2631 -0.3525 -0.3675 0.1120 0.2246 -0.2193 -0.3206 -0.3898 0.0067 0.2557 -0.1615 -0.2863 -0.3707 -0.2670 0.1686 -0.0265 -0.2508 -0.3420 -0.3855 0.0823 0.2762 -0.2014 -0.3090 -0.3848 -0.0652 0.2258 -0.1325 -0.2724 -0.3575 -0.3969 -0.3575 -0.2724 -0.1325 0.2258 -0.0652 -0.3848 -0.3090 -0.2014 0.2762 0.0823 -0.3855 -0.3420 -0.2508 -0.0265 0.1686 -0.2670 -0.3707 -0.2863 -0.1615 0.2557 0.0067 -0.3898 -0.3206 -0.2193 0.2246 0.1120 -0.3675 -0.3525 -0.2631 -0.0970 0.1980 -0.1641 -0.3787 -0.2982 -0.1838 0.2777 0.0520 -0.3910 -0.3323 -0.2373 0.0854 0.1439 -0.3226 -0.3639 -0.2779 -0.1447 0.2393 -0.0223 -0.3882 -0.3089
-0.3821 -0.0155 0.2419 -0.1466 -0.2784 -0.3641 -0.3226 0.1433 0.0909 -0.2364 -0.3315 -0.3911 0.0489 0.2764 -0.1819 -0.2971 -0.3779 -0.1760 0.1948 -0.0914 -0.2618 -0.3514 -0.3703 0.1088 0.2338 -0.2174 -0.3193 -0.3894 0.0006 0.2527 -0.1589 -0.2850 -0.3697 -0.2761 0.1655 -0.0152 -0.2494 -0.3408 -0.3866 0.0788 0.2781 -0.1994 -0.3077 -0.3841 -0.0755 0.2226 -0.1298 -0.2726 -0.3596 -0.3631 0.0094 -0.3631 -0.3596 -0.2726 -0.1298 0.2226 -0.0755 -0.3841 -0.3077 -0.1994 0.2781 0.0788 -0.3866 -0.3408 -0.2494 -0.0152 0.1655 -0.2761 -0.3697 -0.2850 -0.1589 0.2527 0.0006 -0.3894 -0.3193 -0.2174 0.2338 0.1088 -0.3703 -0.3514 -0.2618 -0.0914 0.1948 -0.1760 -0.3779 -0.2971 -0.1819 0.2764 0.0489 -0.3911 -0.3315 -0.2364 0.0909 0.1433 -0.3226 -0.3641 -0.2784 -0.1466 0.2419 -0.0155 -0.3821
-0.0136 0.2450 -0.1492 -0.2794 -0.3646 -0.3204 0.1439 0.0909 -0.2362 -0.3311 -0.3912 0.0464 0.2753 -0.1802 -0.2960 -0.3772 -0.1868 0.1918 -0.0857 -0.2605 -0.3503 -0.3728 0.1057 0.2420 -0.2155 -0.3181 -0.3889 -0.0059 0.2495 -0.1561 -0.2837 -0.3688 -0.2847 0.1623 -0.0029 -0.2480 -0.3396 -0.3876 0.0754 0.2794 -0.1974 -0.3064 -0.3834 -0.0864 0.2192 -0.1262 -0.2716 -0.3593 -0.3498 0.1118 0.2502 0.1118 -0.3498 -0.3593 -0.2716 -0.1262 0.2192 -0.0864 -0.3834 -0.3064 -0.1974 0.2794 0.0754 -0.3876 -0.3396 -0.2480 -0.0029 0.1623 -0.2847 -0.3688 -0.2837 -0.1561 0.2495 -0.0059 -0.3889 -0.3181 -0.2155 0.2420 0.1057 -0.3728 -0.3503 -0.2605 -0.0857 0.1918 -0.1868 -0.3772 -0.2960 -0.1802 0.2753 0.0464 -0.3912 -0.3311 -0.2362 0.0909 0.1439 -0.3204 -0.3646 -0.2794 -0.1492 0.2450 -0.0136
0.2466 -0.1521 -0.2806 -0.3655 -0.3160 0.1456 0.0854 -0.2364 -0.3311 -0.3912 0.0450 0.2744 -0.1789 -0.2952 -0.3766 -0.1961 0.1892 -0.0803 -0.2593 -0.3492 -0.3750 0.1026 0.2493 -0.2136 -0.3168 -0.3884 -0.0128 0.2463 -0.1532 -0.2824 -0.3678 -0.2929 0.1589 0.0104 -0.2465 -0.3384 -0.3884 0.0718 0.2802 -0.1953 -0.3051 -0.3827 -0.0977 0.2159 -0.1222 -0.2703 -0.3584 -0.3494 0.1242 0.2332 -0.1583 0.2332 0.1242 -0.3494 -0.3584 -0.2703 -0.1222 0.2159 -0.0977 -0.3827 -0.3051 -0.1953 0.2802 0.0718 -0.3884 -0.3384 -0.2465 0.0104 0.1589 -0.2929 -0.3678 -0.2824 -0.1532 0.2463 -0.0128 -0.3884 -0.3168 -0.2136 0.2493 0.1026 -0.3750 -0.3492 -0.2593 -0.0803 0.1892 -0.1961 -0.3766 -0.2952 -0.1789 0.2744 0.0450 -0.3912 -0.3311 -0.2364 0.0854 0.1456 -0.3160 -0.3655 -0.2806 -0.1521 0.2466
-0.1519 -0.2818 -0.3664 -0.3102 0.1481 0.0746 -0.2373 -0.3315 -0.3912 0.0450 0.2741 -0.1782 -0.2946 -0.3761 -0.2036 0.1870 -0.0753 -0.2582 -0.3483 -0.3769 0.0997 0.2554 -0.2117 -0.3156 -0.3878 -0.0200 0.2430 -0.1503 -0.2811 -0.3668 -0.3006 0.1556 0.0247 -0.2447 -0.3372 -0.3891 0.0682 0.2806 -0.1932 -0.3039 -0.3820 -0.1095 0.2126 -0.1181 -0.2690 -0.3573 -0.3525 0.1248 0.1912 -0.2165 -0.2826 -0.2165 0.1912 0.1248 -0.3525 -0.3573 -0.2690 -0.1181 0.2126 -0.1095 -0.3820 -0.3039 -0.1932 0.2806 0.0682 -0.3891 -0.3372 -0.2447 0.0247 0.1556 -0.3006 -0.3668 -0.2811 -0.1503 0.2430 -0.0200 -0.3878 -0.3156 -0.2117 0.2554 0.0997 -0.3769 -0.3483 -0.2582 -0.0753 0.1870 -0.2036 -0.3761 -0.2946 -0.1782 0.2741 0.0450 -0.3912 -0.3315 -0.2373 0.0746 0.1481 -0.3102 -0.3664 -0.2818 -0.1519
-0.2743 -0.3674 -0.3035 0.1510 0.0606 -0.2387 -0.3323 -0.3911 0.0464 0.2744 -0.1782 -0.2945 -0.3759 -0.2086 0.1853 -0.0711 -0.2573 -0.3474 -0.3785 0.0970 0.2602 -0.2099 -0.3144 -0.3873 -0.0275 0.2398 -0.1473 -0.2797 -0.3658 -0.3078 0.1522 0.0398 -0.2428 -0.3360 -0.3898 0.0645 0.2805 -0.1911 -0.3026 -0.3813 -0.1216 0.2092 -0.1137 -0.2676 -0.3563 -0.3563 0.1226 0.1895 -0.2232 -0.3182 -0.3723 -0.3182 -0.2232 0.1895 0.1226 -0.3563 -0.3563 -0.2676 -0.1137 0.2092 -0.1216 -0.3813 -0.3026 -0.1911 0.2805 0.0645 -0.3898 -0.3360 -0.2428 0.0398 0.1522 -0.3078 -0.3658 -0.2797 -0.1473 0.2398 -0.0275 -0.3873 -0.3144 -0.2099 0.2602 0.0970 -0.3785 -0.3474 -0.2573 -0.0711 0.1853 -0.2086 -0.3759 -0.2945 -0.1782 0.2744 0.0464 -0.3911 -0.3323 -0.2387 0.0606 0.1510 -0.3035 -0.3674 -0.2743
-0.3606 -0.2960 0.1542 0.0457 -0.2403 -0.3333 -0.3910 0.0489 0.2753 -0.1789 -0.2946 -0.3759 -0.2103 0.1843 -0.0682 -0.2566 -0.3467 -0.3798 0.0946 0.2640 -0.2084 -0.3133 -0.3868 -0.0349 0.2366 -0.1443 -0.2784 -0.3648 -0.3146 0.1489 0.0558 -0.2410 -0.3348 -0.3903 0.0607 0.2800 -0.1890 -0.3013 -0.3805 -0.1340 0.2059 -0.1091 -0.2663 -0.3552 -0.3599 0.1196 0.1989 -0.2233 -0.3221 -0.3908 -0.3065 -0.3908 -0.3221 -0.2233 0.1989 0.1196 -0.3599 -0.3552 -0.2663 -0.1091 0.2059 -0.1340 -0.3805 -0.3013 -0.1890 0.2800 0.0607 -0.3903 -0.3348 -0.2410 0.0558 0.1489 -0.3146 -0.3648 -0.2784 -0.1443 0.2366 -0.0349 -0.3868 -0.3133 -0.2084 0.2640 0.0946 -0.3798 -0.3467 -0.2566 -0.0682 0.1843 -0.2103 -0.3759 -0.2946 -0.1789 0.2753 0.0489 -0.3910 -0.3333 -0.2403 0.0457 0.1542 -0.2960 -0.3606
-0.2905 0.1576 0.0306 -0.2421 -0.3344 -0.3908 0.0520 0.2764 -0.1802 -0.2952 -0.3761 -0.2086 0.1843 -0.0671 -0.2563 -0.3463 -0.3806 0.0927 0.2669 -0.2070 -0.3124 -0.3863 -0.0419 0.2338 -0.1414 -0.2772 -0.3638 -0.3209 0.1456 0.0723 -0.2391 -0.3336 -0.3907 0.0569 0.2792 -0.1868 -0.3000 -0.3798 -0.1465 0.2026 -0.1043 -0.2650 -0.3541 -0.3632 0.1164 0.2100 -0.2219 -0.3220 -0.3898 -0.0253 0.1464 -0.0253 -0.3898 -0.3220 -0.2219 0.2100 0.1164 -0.3632 -0.3541 -0.2650 -0.1043 0.2026 -0.1465 -0.3798 -0.3000 -0.1868 0.2792 0.0569 -0.3907 -0.3336 -0.2391 0.0723 0.1456 -0.3209 -0.3638 -0.2772 -0.1414 0.2338 -0.0419 -0.3863 -0.3124 -0.2070 0.2669 0.0927 -0.3806 -0.3463 -0.2563 -0.0671 0.1843 -0.2086 -0.3761 -0.2952 -0.1802 0.2764 0.0520 -0.3908 -0.3344 -0.2421 0.0306 0.1576 -0.2905
0.1590 0.0160 -0.2440 -0.3355 -0.3904 0.0555 0.2777 -0.1819 -0.2960 -0.3766 -0.2036 0.1853 -0.0682 -0.2563 -0.3461 -0.3810 0.0916 0.2687 -0.2059 -0.3116 -0.3859 -0.0486 0.2312 -0.1387 -0.2761 -0.3629 -0.3265 0.1426 0.0888 -0.2373 -0.3324 -0.3910 0.0529 0.2780 -0.1846 -0.2987 -0.3790 -0.1591 0.1993 -0.0991 -0.2636 -0.3529 -0.3663 0.1133 0.2206 -0.2201 -0.3210 -0.3898 0.0004 0.2360 0.0770 0.2360 0.0004 -0.3898 -0.3210 -0.2201 0.2206 0.1133 -0.3663 -0.3529 -0.2636 -0.0991 0.1993 -0.1591 -0.3790 -0.2987 -0.1846 0.2780 0.0529 -0.3910 -0.3324 -0.2373 0.0888 0.1426 -0.3265 -0.3629 -0.2761 -0.1387 0.2312 -0.0486 -0.3859 -0.3116 -0.2059 0.2687 0.0916 -0.3810 -0.3461 -0.2563 -0.0682 0.1853 -0.2036 -0.3766 -0.2960 -0.1819 0.2777 0.0555 -0.3904 -0.3355 -0.2440 0.0160 0.1590
0.0020 -0.2458 -0.3367 -0.3900 0.0592 0.2788 -0.1838 -0.2971 -0.3772 -0.1961 0.1870 -0.0711 -0.2566 -0.3463 -0.3810 0.0912 0.2696 -0.2052 -0.3110 -0.3856 -0.0542 0.2290 -0.1363 -0.2751 -0.3621 -0.3313 0.1397 0.1040 -0.2355 -0.3312 -0.3912 0.0488 0.2766 -0.1824 -0.2974 -0.3782 -0.1717 0.1960 -0.0937 -0.2623 -0.3518 -0.3692 0.1101 0.2302 -0.2182 -0.3198 -0.3895 0.0011 0.2495 -0.1417 -0.2377 -0.1417 0.2495 0.0011 -0.3895 -0.3198 -0.2182 0.2302 0.1101 -0.3692 -0.3518 -0.2623 -0.0937 0.1960 -0.1717 -0.3782 -0.2974 -0.1824 0.2766 0.0488 -0.3912 -0.3312 -0.2355 0.1040 0.1397 -0.3313 -0.3621 -0.2751 -0.1363 0.2290 -0.0542 -0.3856 -0.3110 -0.2052 0.2696 0.0912 -0.3810 -0.3463 -0.2566 -0.0711 0.1870 -0.1961 -0.3772 -0.2971 -0.1838 0.2788 0.0592 -0.3900 -0.3367 -0.2458 0.0020
-0.2380 -0.3379 -0.3894 0.0630 0.2797 -0.1859 -0.2982 -0.3779 -0.1868 0.1892 -0.0753 -0.2573 -0.3467 -0.3806 0.0916 0.2696 -0.2050 -0.3107 -0.3854 -0.0583 0.2273 -0.1342 -0.2742 -0.3614 -0.3353 0.1372 0.1178 -0.2339 -0.3301 -0.3913 0.0447 0.2749 -0.1801 -0.2961 -0.3773 -0.1841 0.1927 -0.0878 -0.2610 -0.3507 -0.3718 0.1069 0.2389 -0.2163 -0.3186 -0.3891 -0.0036 0.2498 -0.1532 -0.2763 -0.3336 -0.2763 -0.1532 0.2498 -0.0036 -0.3891 -0.3186 -0.2163 0.2389 0.1069 -0.3718 -0.3507 -0.2610 -0.0878 0.1927 -0.1841 -0.3773 -0.2961 -0.1801 0.2749 0.0447 -0.3913 -0.3301 -0.2339 0.1178 0.1372 -0.3353 -0.3614 -0.2742 -0.1342 0.2273 -0.0583 -0.3854 -0.3107 -0.2050 0.2696 0.0916 -0.3806 -0.3467 -0.2573 -0.0753 0.1892 -0.1868 -0.3779 -0.2982 -0.1859 0.2797 0.0630 -0.3894 -0.3379 -0.2380
-0.3308 -0.3887 0.0667 0.2804 -0.1881 -0.2995 -0.3787 -0.1760 0.1918 -0.0803 -0.2582 -0.3474 -0.3798 0.0927 0.2687 -0.2052 -0.3107 -0.3853 -0.0606 0.2262 -0.1328 -0.2736 -0.3607 -0.3387 0.1349 0.1301 -0.2325 -0.3291 -0.3913 0.0408 0.2730 -0.1779 -0.2949 -0.3765 -0.1963 0.1895 -0.0816 -0.2596 -0.3496 -0.3743 0.1038 0.2465 -0.2143 -0.3173 -0.3886 -0.0100 0.2474 -0.1535 -0.2811 -0.3648 -0.3972 -0.3648 -0.2811 -0.1535 0.2474 -0.0100 -0.3886 -0.3173 -0.2143 0.2465 0.1038 -0.3743 -0.3496 -0.2596 -0.0816 0.1895 -0.1963 -0.3765 -0.2949 -0.1779 0.2730 0.0408 -0.3913 -0.3291 -0.2325 0.1301 0.1349 -0.3387 -0.3607 -0.2736 -0.1328 0.2262 -0.0606 -0.3853 -0.3107 -0.2052 0.2687 0.0927 -0.3798 -0.3474 -0.2582 -0.0803 0.1918 -0.1760 -0.3787 -0.2995 -0.1881 0.2804 0.0667 -0.3887 -0.3308
-0.3831 0.0704 0.2806 -0.1902 -0.3008 -0.3794 -0.1641 0.1948 -0.0857 -0.2593 -0.3483 -0.3785 0.0946 0.2669 -0.2059 -0.3110 -0.3854 -0.0606 0.2258 -0.1320 -0.2732 -0.3603 -0.3411 0.1331 0.1406 -0.2312 -0.3282 -0.3913 0.0372 0.2712 -0.1758 -0.2937 -0.3757 -0.2079 0.1863 -0.0749 -0.2583 -0.3484 -0.3765 0.1005 0.2533 -0.2124 -0.3160 -0.3881 -0.0171 0.2443 -0.1513 -0.2812 -0.3664 -0.3359 0.0418 -0.3359 -0.3664 -0.2812 -0.1513 0.2443 -0.0171 -0.3881 -0.3160 -0.2124 0.2533 0.1005 -0.3765 -0.3484 -0.2583 -0.0749 0.1863 -0.2079 -0.3757 -0.2937 -0.1758 0.2712 0.0372 -0.3913 -0.3282 -0.2312 0.1406 0.1331 -0.3411 -0.3603 -0.2732 -0.1320 0.2258 -0.0606 -0.3854 -0.3110 -0.2059 0.2669 0.0946 -0.3785 -0.3483 -0.2593 -0.0857 0.1948 -0.1641 -0.3794 -0.3008 -0.1902 0.2806 0.0704 -0.3831
0.0712 0.2804 -0.1924 -0.3021 -0.3802 -0.1516 0.1980 -0.0914 -0.2605 -0.3492 -0.3769 0.0970 0.2640 -0.2070 -0.3116 -0.3856 -0.0583 0.2262 -0.1320 -0.2730 -0.3601 -0.3426 0.1318 0.1485 -0.2301 -0.3274 -0.3913 0.0339 0.2695 -0.1739 -0.2926 -0.3749 -0.2184 0.1832 -0.0679 -0.2569 -0.3473 -0.3785 0.0973 0.2592 -0.2105 -0.3148 -0.3875 -0.0246 0.2411 -0.1485 -0.2802 -0.3660 -0.3147 0.1320 0.2685 0.1320 -0.3147 -0.3660 -0.2802 -0.1485 0.2411 -0.0246 -0.3875 -0.3148 -0.2105 0.2592 0.0973 -0.3785 -0.3473 -0.2569 -0.0679 0.1832 -0.2184 -0.3749 -0.2926 -0.1739 0.2695 0.0339 -0.3913 -0.3274 -0.2301 0.1485 0.1318 -0.3426 -0.3601 -0.2730 -0.1320 0.2262 -0.0583 -0.3856 -0.3116 -0.2070 0.2640 0.0970 -0.3769 -0.3492 -0.2605 -0.0914 0.1980 -0.1516 -0.3802 -0.3021 -0.1924 0.2804 0.0712
0.2773 -0.1945 -0.3034 -0.3810 -0.1390 0.2013 -0.0970 -0.2618 -0.3503 -0.3750 0.0997 0.2602 -0.2084 -0.3124 -0.3859 -0.0542 0.2273 -0.1328 -0.2732 -0.3601 -0.3431 0.1312 0.1531 -0.2293 -0.3268 -0.3912 0.0310 0.2679 -0.1722 -0.2916 -0.3742 -0.2276 0.1805 -0.0609 -0.2557 -0.3462 -0.3803 0.0941 0.2642 -0.2085 -0.3135 -0.3869 -0.0326 0.2378 -0.1454 -0.2789 -0.3652 -0.3140 0.1450 0.1533 -0.1763 0.1533 0.1450 -0.3140 -0.3652 -0.2789 -0.1454 0.2378 -0.0326 -0.3869 -0.3135 -0.2085 0.2642 0.0941 -0.3803 -0.3462 -0.2557 -0.0609 0.1805 -0.2276 -0.3742 -0.2916 -0.1722 0.2679 0.0310 -0.3912 -0.3268 -0.2293 0.1531 0.1312 -0.3431 -0.3601 -0.2732 -0.1328 0.2273 -0.0542 -0.3859 -0.3124 -0.2084 0.2602 0.0997 -0.3750 -0.3503 -0.2618 -0.0970 0.2013 -0.1390 -0.3810 -0.3034 -0.1945 0.2773
-0.1915 -0.3046 -0.3817 -0.1266 0.2046 -0.1023 -0.2631 -0.3514 -0.3728 0.1026 0.2554 -0.2099 -0.3133 -0.3863 -0.0486 0.2290 -0.1342 -0.2736 -0.3603 -0.3426 0.1312 0.1546 -0.2290 -0.3264 -0.3911 0.0286 0.2665 -0.1707 -0.2907 -0.3736 -0.2357 0.1780 -0.0543 -0.2545 -0.3451 -0.3819 0.0909 0.2685 -0.2065 -0.3122 -0.3864 -0.0411 0.2345 -0.1423 -0.2776 -0.3642 -0.3189 0.1458 0.0898 -0.2290 -0.2915 -0.2290 0.0898 0.1458 -0.3189 -0.3642 -0.2776 -0.1423 0.2345 -0.0411 -0.3864 -0.3122 -0.2065 0.2685 0.0909 -0.3819 -0.3451 -0.2545 -0.0543 0.1780 -0.2357 -0.3736 -0.2907 -0.1707 0.2665 0.0286 -0.3911 -0.3264 -0.2290 0.1546 0.1312 -0.3426 -0.3603 -0.2736 -0.1342 0.2290 -0.0486 -0.3863 -0.3133 -0.2099 0.2554 0.1026 -0.3728 -0.3514 -0.2631 -0.1023 0.2046 -0.1266 -0.3817 -0.3046 -0.1915
-0.2972 -0.3824 -0.1143 0.2079 -0.1072 -0.2644 -0.3525 -0.3703 0.1057 0.2493 -0.2117 -0.3144 -0.3868 -0.0419 0.2312 -0.1363 -0.2742 -0.3607 -0.3411 0.1318 0.1531 -0.2290 -0.3263 -0.3911 0.0271 0.2654 -0.1695 -0.2900 -0.3731 -0.2426 0.1758 -0.0479 -0.2535 -0.3442 -0.3832 0.0879 0.2718 -0.2046 -0.3110 -0.3857 -0.0501 0.2311 -0.1390 -0.2763 -0.3632 -0.3247 0.1435 0.0877 -0.2356 -0.3267 -0.3791 -0.3267 -0.2356 0.0877 0.1435 -0.3247 -0.3632 -0.2763 -0.1390 0.2311 -0.0501 -0.3857 -0.3110 -0.2046 0.2718 0.0879 -0.3832 -0.3442 -0.2535 -0.0479 0.1758 -0.2426 -0.3731 -0.2900 -0.1695 0.2654 0.0271 -0.3911 -0.3263 -0.2290 0.1531 0.1318 -0.3411 -0.3607 -0.2742 -0.1363 0.2312 -0.0419 -0.3868 -0.3144 -0.2117 0.2493 0.1057 -0.3703 -0.3525 -0.2644 -0.1072 0.2079 -0.1143 -0.3824 -0.2972
-0.3760 -0.1024 0.2112 -0.1119 -0.2658 -0.3536 -0.3675 0.1088 0.2420 -0.2136 -0.3156 -0.3873 -0.0349 0.2338 -0.1387 -0.2751 -0.3614 -0.3387 0.1331 0.1485 -0.2293 -0.3264 -0.3911 0.0266 0.2649 -0.1688 -0.2895 -0.3726 -0.2483 0.1739 -0.0419 -0.2526 -0.3434 -0.3842 0.0852 0.2743 -0.2028 -0.3098 -0.3852 -0.0594 0.2278 -0.1356 -0.2750 -0.3622 -0.3305 0.1404 0.1003 -0.2356 -0.3303 -0.3928 -0.2482 -0.3928 -0.3303 -0.2356 0.1003 0.1404 -0.3305 -0.3622 -0.2750 -0.1356 0.2278 -0.0594 -0.3852 -0.3098 -0.2028 0.2743 0.0852 -0.3842 -0.3434 -0.2526 -0.0419 0.1739 -0.2483 -0.3726 -0.2895 -0.1688 0.2649 0.0266 -0.3911 -0.3264 -0.2293 0.1485 0.1331 -0.3387 -0.3614 -0.2751 -0.1387 0.2338 -0.0349 -0.3873 -0.3156 -0.2136 0.2420 0.1088 -0.3675 -0.3536 -0.2658 -0.1119 0.2112 -0.1024 -0.3760
-0.0983 0.2146 -0.1164 -0.2671 -0.3547 -0.3645 0.1120 0.2338 -0.2155 -0.3168 -0.3878 -0.0275 0.2366 -0.1414 -0.2761 -0.3621 -0.3353 0.1349 0.1406 -0.2301 -0.3268 -0.3911 0.0271 0.2649 -0.1685 -0.2892 -0.3724 -0.2524 0.1724 -0.0365 -0.2518 -0.3426 -0.3851 0.0829 0.2761 -0.2012 -0.3087 -0.3846 -0.0684 0.2246 -0.1321 -0.2737 -0.3611 -0.3359 0.1372 0.1163 -0.2342 -0.3301 -0.3913 0.0170 0.1673 0.0170 -0.3913 -0.3301 -0.2342 0.1163 0.1372 -0.3359 -0.3611 -0.2737 -0.1321 0.2246 -0.0684 -0.3846 -0.3087 -0.2012 0.2761 0.0829 -0.3851 -0.3426 -0.2518 -0.0365 0.1724 -0.2524 -0.3724 -0.2892 -0.1685 0.2649 0.0271 -0.3911 -0.3268 -0.2301 0.1406 0.1349 -0.3353 -0.3621 -0.2761 -0.1414 0.2366 -0.0275 -0.3878 -0.3168 -0.2155 0.2338 0.1120 -0.3645 -0.3547 -0.2671 -0.1164 0.2146 -0.0983
0.2164 -0.1206 -0.2684 -0.3558 -0.3612 0.1152 0.2246 -0.2174 -0.3181 -0.3884 -0.0200 0.2398 -0.1443 -0.2772 -0.3629 -0.3313 0.1372 0.1301 -0.2312 -0.3274 -0.3912 0.0286 0.2654 -0.1688 -0.2892 -0.3723 -0.2544 0.1715 -0.0324 -0.2511 -0.3420 -0.3857 0.0808 0.2775 -0.1998 -0.3078 -0.3841 -0.0770 0.2218 -0.1288 -0.2724 -0.3601 -0.3409 0.1340 0.1327 -0.2324 -0.3292 -0.3913 0.0355 0.2580 -0.0188 0.2580 0.0355 -0.3913 -0.3292 -0.2324 0.1327 0.1340 -0.3409 -0.3601 -0.2724 -0.1288 0.2218 -0.0770 -0.3841 -0.3078 -0.1998 0.2775 0.0808 -0.3857 -0.3420 -0.2511 -0.0324 0.1715 -0.2544 -0.3723 -0.2892 -0.1688 0.2654 0.0286 -0.3912 -0.3274 -0.2312 0.1301 0.1372 -0.3313 -0.3629 -0.2772 -0.1443 0.2398 -0.0200 -0.3884 -0.3181 -0.2174 0.2246 0.1152 -0.3612 -0.3558 -0.2684 -0.1206 0.2164
-0.1225 -0.2698 -0.3569 -0.3577 0.1183 0.2143 -0.2193 -0.3193 -0.3889 -0.0128 0.2430 -0.1473 -0.2784 -0.3638 -0.3265 0.1397 0.1178 -0.2325 -0.3282 -0.3913 0.0310 0.2665 -0.1695 -0.2895 -0.3724 -0.2544 0.1712 -0.0303 -0.2507 -0.3415 -0.3863 0.0790 0.2784 -0.1986 -0.3070 -0.3836 -0.0852 0.2192 -0.1257 -0.2713 -0.3591 -0.3454 0.1309 0.1485 -0.2305 -0.3280 -0.3913 0.0361 0.2683 -0.1610 -0.2481 -0.1610 0.2683 0.0361 -0.3913 -0.3280 -0.2305 0.1485 0.1309 -0.3454 -0.3591 -0.2713 -0.1257 0.2192 -0.0852 -0.3836 -0.3070 -0.1986 0.2784 0.0790 -0.3863 -0.3415 -0.2507 -0.0303 0.1712 -0.2544 -0.3724 -0.2895 -0.1695 0.2665 0.0310 -0.3913 -0.3282 -0.2325 0.1178 0.1397 -0.3265 -0.3638 -0.2784 -0.1473 0.2430 -0.0128 -0.3889 -0.3193 -0.2193 0.2143 0.1183 -0.3577 -0.3569 -0.2698 -0.1225
-0.2621 -0.3580 -0.3539 0.1215 0.2030 -0.2212 -0.3206 -0.3894 -0.0059 0.2463 -0.1503 -0.2797 -0.3648 -0.3209 0.1426 0.1040 -0.2339 -0.3291 -0.3913 0.0339 0.2679 -0.1707 -0.2900 -0.3726 -0.2524 0.1715 -0.0303 -0.2506 -0.3413 -0.3866 0.0777 0.2790 -0.1975 -0.3062 -0.3832 -0.0925 0.2168 -0.1229 -0.2703 -0.3583 -0.3491 0.1281 0.1629 -0.2287 -0.3267 -0.3912 0.0326 0.2686 -0.1706 -0.2850 -0.3421 -0.2850 -0.1706 0.2686 0.0326 -0.3912 -0.3267 -0.2287 0.1629 0.1281 -0.3491 -0.3583 -0.2703 -0.1229 0.2168 -0.0925 -0.3832 -0.3062 -0.1975 0.2790 0.0777 -0.3866 -0.3413 -0.2506 -0.0303 0.1715 -0.2524 -0.3726 -0.2900 -0.1707 0.2679 0.0339 -0.3913 -0.3291 -0.2339 0.1040 0.1426 -0.3209 -0.3648 -0.2797 -0.1503 0.2463 -0.0059 -0.3894 -0.3206 -0.2212 0.2030 0.1215 -0.3539 -0.3580 -0.2621
-0.3510 -0.3498 0.1247 0.1907 -0.2231 -0.3218 -0.3898 0.0006 0.2495 -0.1532 -0.2811 -0.3658 -0.3146 0.1456 0.0888 -0.2355 -0.3301 -0.3913 0.0372 0.2695 -0.1722 -0.2907 -0.3731 -0.2483 0.1724 -0.0324 -0.2507 -0.3413 -0.3867 0.0770 0.2793 -0.1968 -0.3057 -0.3828 -0.0988 0.2148 -0.1202 -0.2694 -0.3575 -0.3523 0.1255 0.1751 -0.2270 -0.3256 -0.3911 0.0282 0.2667 -0.1709 -0.2897 -0.3717 -0.3937 -0.3717 -0.2897 -0.1709 0.2667 0.0282 -0.3911 -0.3256 -0.2270 0.1751 0.1255 -0.3523 -0.3575 -0.2694 -0.1202 0.2148 -0.0988 -0.3828 -0.3057 -0.1968 0.2793 0.0770 -0.3867 -0.3413 -0.2507 -0.0324 0.1724 -0.2483 -0.3731 -0.2907 -0.1722 0.2695 0.0372 -0.3913 -0.3301 -0.2355 0.0888 0.1456 -0.3146 -0.3658 -0.2811 -0.1532 0.2495 0.0006 -0.3898 -0.3218 -0.2231 0.1907 0.1247 -0.3498 -0.3510
-0.3445 0.1278 0.1773 -0.2250 -0.3231 -0.3902 0.0067 0.2527 -0.1561 -0.2824 -0.3668 -0.3078 0.1489 0.0723 -0.2373 -0.3312 -0.3913 0.0408 0.2712 -0.1739 -0.2916 -0.3736 -0.2426 0.1739 -0.0365 -0.2511 -0.3415 -0.3866 0.0770 0.2795 -0.1964 -0.3053 -0.3825 -0.1041 0.2132 -0.1179 -0.2686 -0.3569 -0.3549 0.1233 0.1854 -0.2255 -0.3245 -0.3909 0.0236 0.2644 -0.1691 -0.2898 -0.3727 -0.2934 0.0673 -0.2934 -0.3727 -0.2898 -0.1691 0.2644 0.0236 -0.3909 -0.3245 -0.2255 0.1854 0.1233 -0.3549 -0.3569 -0.2686 -0.1179 0.2132 -0.1041 -0.3825 -0.3053 -0.1964 0.2795 0.0770 -0.3866 -0.3415 -0.2511 -0.0365 0.1739 -0.2426 -0.3736 -0.2916 -0.1739 0.2712 0.0408 -0.3913 -0.3312 -0.2373 0.0723 0.1489 -0.3078 -0.3668 -0.2824 -0.1561 0.2527 0.0067 -0.3902 -0.3231 -0.2250 0.1773 0.1278 -0.3445
0.1289 0.1630 -0.2269 -0.3243 -0.3906 0.0125 0.2557 -0.1589 -0.2837 -0.3678 -0.3006 0.1522 0.0558 -0.2391 -0.3324 -0.3912 0.0447 0.2730 -0.1758 -0.2926 -0.3742 -0.2357 0.1758 -0.0419 -0.2518 -0.3420 -0.3863 0.0777 0.2793 -0.1964 -0.3052 -0.3824 -0.1076 0.2119 -0.1160 -0.2680 -0.3563 -0.3570 0.1214 0.1938 -0.2242 -0.3236 -0.3907 0.0191 0.2620 -0.1669 -0.2888 -0.3723 -0.2619 0.1525 0.2788 0.1525 -0.2619 -0.3723 -0.2888 -0.1669 0.2620 0.0191 -0.3907 -0.3236 -0.2242 0.1938 0.1214 -0.3570 -0.3563 -0.2680 -0.1160 0.2119 -0.1076 -0.3824 -0.3052 -0.1964 0.2793 0.0777 -0.3863 -0.3420 -0.2518 -0.0419 0.1758 -0.2357 -0.3742 -0.2926 -0.1758 0.2730 0.0447 -0.3912 -0.3324 -0.2391 0.0558 0.1522 -0.3006 -0.3678 -0.2837 -0.1589 0.2557 0.0125 -0.3906 -0.3243 -0.2269 0.1630 0.1289
0.1452 -0.2288 -0.3256 -0.3909 0.0180 0.2587 -0.1615 -0.2850 -0.3688 -0.2929 0.1556 0.0398 -0.2410 -0.3336 -0.3910 0.0488 0.2749 -0.1779 -0.2937 -0.3749 -0.2276 0.1780 -0.0479 -0.2526 -0.3426 -0.3857 0.0790 0.2790 -0.1968 -0.3053 -0.3824 -0.1088 0.2113 -0.1147 -0.2675 -0.3558 -0.3589 0.1198 0.2005 -0.2231 -0.3228 -0.3904 0.0151 0.2597 -0.1648 -0.2878 -0.3716 -0.2604 0.1667 0.0447 -0.1924 0.0447 0.1667 -0.2604 -0.3716 -0.2878 -0.1648 0.2597 0.0151 -0.3904 -0.3228 -0.2231 0.2005 0.1198 -0.3589 -0.3558 -0.2675 -0.1147 0.2113 -0.1088 -0.3824 -0.3053 -0.1968 0.2790 0.0790 -0.3857 -0.3426 -0.2526 -0.0479 0.1780 -0.2276 -0.3749 -0.2937 -0.1779 0.2749 0.0488 -0.3910 -0.3336 -0.2410 0.0398 0.1556 -0.2929 -0.3688 -0.2850 -0.1615 0.2587 0.0180 -0.3909 -0.3256 -0.2288 0.1452
-0.2228 -0.3268 -0.3911 0.0233 0.2616 -0.1642 -0.2863 -0.3697 -0.2847 0.1589 0.0247 -0.2428 -0.3348 -0.3907 0.0529 0.2766 -0.1801 -0.2949 -0.3757 -0.2184 0.1805 -0.0543 -0.2535 -0.3434 -0.3851 0.0808 0.2784 -0.1975 -0.3057 -0.3825 -0.1076 0.2113 -0.1142 -0.2672 -0.3554 -0.3602 0.1184 0.2061 -0.2221 -0.3221 -0.3902 0.0114 0.2576 -0.1629 -0.2868 -0.3709 -0.2660 0.1679 -0.0104 -0.2413 -0.3004 -0.2413 -0.0104 0.1679 -0.2660 -0.3709 -0.2868 -0.1629 0.2576 0.0114 -0.3902 -0.3221 -0.2221 0.2061 0.1184 -0.3602 -0.3554 -0.2672 -0.1142 0.2113 -0.1076 -0.3825 -0.3057 -0.1975 0.2784 0.0808 -0.3851 -0.3434 -0.2535 -0.0543 0.1805 -0.2184 -0.3757 -0.2949 -0.1801 0.2766 0.0529 -0.3907 -0.3348 -0.2428 0.0247 0.1589 -0.2847 -0.3697 -0.2863 -0.1642 0.2616 0.0233 -0.3911 -0.3268 -0.2228
-0.3196 -0.3912 0.0283 0.2644 -0.1667 -0.2876 -0.3707 -0.2761 0.1623 0.0104 -0.2447 -0.3360 -0.3903 0.0569 0.2780 -0.1824 -0.2961 -0.3765 -0.2079 0.1832 -0.0609 -0.2545 -0.3442 -0.3842 0.0829 0.2775 -0.1986 -0.3062 -0.3828 -0.1041 0.2119 -0.1147 -0.2672 -0.3553 -0.3609 0.1174 0.2104 -0.2213 -0.3215 -0.3900 0.0082 0.2558 -0.1612 -0.2859 -0.3702 -0.2725 0.1662 -0.0134 -0.2476 -0.3352 -0.3854 -0.3352 -0.2476 -0.0134 0.1662 -0.2725 -0.3702 -0.2859 -0.1612 0.2558 0.0082 -0.3900 -0.3215 -0.2213 0.2104 0.1174 -0.3609 -0.3553 -0.2672 -0.1147 0.2119 -0.1041 -0.3828 -0.3062 -0.1986 0.2775 0.0829 -0.3842 -0.3442 -0.2545 -0.0609 0.1832 -0.2079 -0.3765 -0.2961 -0.1824 0.2780 0.0569 -0.3903 -0.3360 -0.2447 0.0104 0.1623 -0.2761 -0.3707 -0.2876 -0.1667 0.2644 0.0283 -0.3912 -0.3196
-0.3854 0.0331 0.2670 -0.1693 -0.2889 -0.3716 -0.2670 0.1655 -0.0029 -0.2465 -0.3372 -0.3898 0.0607 0.2792 -0.1846 -0.2974 -0.3773 -0.1963 0.1863 -0.0679 -0.2557 -0.3451 -0.3832 0.0852 0.2761 -0.1998 -0.3070 -0.3832 -0.0988 0.2132 -0.1160 -0.2675 -0.3554 -0.3609 0.1171 0.2126 -0.2208 -0.3211 -0.3899 0.0055 0.2543 -0.1597 -0.2851 -0.3696 -0.2784 0.1642 -0.0073 -0.2480 -0.3385 -0.3920 -0.1692 -0.3920 -0.3385 -0.2480 -0.0073 0.1642 -0.2784 -0.3696 -0.2851 -0.1597 0.2543 0.0055 -0.3899 -0.3211 -0.2208 0.2126 0.1171 -0.3609 -0.3554 -0.2675 -0.1160 0.2132 -0.0988 -0.3832 -0.3070 -0.1998 0.2761 0.0852 -0.3832 -0.3451 -0.2557 -0.0679 0.1863 -0.1963 -0.3773 -0.2974 -0.1846 0.2792 0.0607 -0.3898 -0.3372 -0.2465 -0.0029 0.1655 -0.2670 -0.3716 -0.2889 -0.1693 0.2670 0.0331 -0.3854
0.0343 0.2694 -0.1717 -0.2902 -0.3725 -0.2574 0.1686 -0.0152 -0.2480 -0.3384 -0.3891 0.0645 0.2800 -0.1868 -0.2987 -0.3782 -0.1841 0.1895 -0.0749 -0.2569 -0.3462 -0.3819 0.0879 0.2743 -0.2012 -0.3078 -0.3836 -0.0925 0.2148 -0.1179 -0.2680 -0.3558 -0.3602 0.1174 0.2126 -0.2206 -0.3208 -0.3897 0.0034 0.2531 -0.1585 -0.2844 -0.3691 -0.2836 0.1622 0.0003 -0.2474 -0.3386 -0.3892 0.0490 0.1892 0.0490 -0.3892 -0.3386 -0.2474 0.0003 0.1622 -0.2836 -0.3691 -0.2844 -0.1585 0.2531 0.0034 -0.3897 -0.3208 -0.2206 0.2126 0.1174 -0.3602 -0.3558 -0.2680 -0.1179 0.2148 -0.0925 -0.3836 -0.3078 -0.2012 0.2743 0.0879 -0.3819 -0.3462 -0.2569 -0.0749 0.1895 -0.1841 -0.3782 -0.2987 -0.1868 0.2800 0.0645 -0.3891 -0.3384 -0.2480 -0.0152 0.1686 -0.2574 -0.3725 -0.2902 -0.1717 0.2694 0.0343
0.2697 -0.1741 -0.2915 -0.3734 -0.2474 0.1718 -0.0265 -0.2494 -0.3396 -0.3884 0.0682 0.2805 -0.1890 -0.3000 -0.3790 -0.1717 0.1927 -0.0816 -0.2583 -0.3473 -0.3803 0.0909 0.2718 -0.2028 -0.3087 -0.3841 -0.0852 0.2168 -0.1202 -0.2686 -0.3563 -0.3589 0.1184 0.2104 -0.2208 -0.3208 -0.3897 0.0022 0.2522 -0.1575 -0.2839 -0.3687 -0.2878 0.1603 0.0079 -0.2465 -0.3381 -0.3889 0.0644 0.2753 -0.0804 0.2753 0.0644 -0.3889 -0.3381 -0.2465 0.0079 0.1603 -0.2878 -0.3687 -0.2839 -0.1575 0.2522 0.0022 -0.3897 -0.3208 -0.2208 0.2104 0.1184 -0.3589 -0.3563 -0.2686 -0.1202 0.2168 -0.0852 -0.3841 -0.3087 -0.2028 0.2718 0.0909 -0.3803 -0.3473 -0.2583 -0.0816 0.1927 -0.1717 -0.3790 -0.3000 -0.1890 0.2805 0.0682 -0.3884 -0.3396 -0.2494 -0.0265 0.1718 -0.2474 -0.3734 -0.2915 -0.1741 0.2697
-0.1725 -0.2928 -0.3743 -0.2369 0.1749 -0.0369 -0.2508 -0.3408 -0.3876 0.0718 0.2806 -0.1911 -0.3013 -0.3798 -0.1591 0.1960 -0.0878 -0.2596 -0.3484 -0.3785 0.0941 0.2685 -0.2046 -0.3098 -0.3846 -0.0770 0.2192 -0.1229 -0.2694 -0.3569 -0.3570 0.1198 0.2061 -0.2213 -0.3211 -0.3897 0.0022 0.2519 -0.1569 -0.2836 -0.3683 -0.2910 0.1588 0.0148 -0.2455 -0.3375 -0.3892 0.0661 0.2802 -0.1788 -0.2580 -0.1788 0.2802 0.0661 -0.3892 -0.3375 -0.2455 0.0148 0.1588 -0.2910 -0.3683 -0.2836 -0.1569 0.2519 0.0022 -0.3897 -0.3211 -0.2213 0.2061 0.1198 -0.3570 -0.3569 -0.2694 -0.1229 0.2192 -0.0770 -0.3846 -0.3098 -0.2046 0.2685 0.0941 -0.3785 -0.3484 -0.2596 -0.0878 0.1960 -0.1591 -0.3798 -0.3013 -0.1911 0.2806 0.0718 -0.3876 -0.3408 -0.2508 -0.0369 0.1749 -0.2369 -0.3743 -0.2928 -0.1725
-0.2853 -0.3752 -0.2260 0.1781 -0.0465 -0.2521 -0.3420 -0.3866 0.0754 0.2802 -0.1932 -0.3026 -0.3805 -0.1465 0.1993 -0.0937 -0.2610 -0.3496 -0.3765 0.0973 0.2642 -0.2065 -0.3110 -0.3852 -0.0684 0.2218 -0.1257 -0.2703 -0.3575 -0.3549 0.1214 0.2005 -0.2221 -0.3215 -0.3899 0.0034 0.2522 -0.1569 -0.2834 -0.3681 -0.2932 0.1576 0.0205 -0.2447 -0.3369 -0.3895 0.0651 0.2804 -0.1877 -0.2947 -0.3512 -0.2947 -0.1877 0.2804 0.0651 -0.3895 -0.3369 -0.2447 0.0205 0.1576 -0.2932 -0.3681 -0.2834 -0.1569 0.2522 0.0034 -0.3899 -0.3215 -0.2221 0.2005 0.1214 -0.3549 -0.3575 -0.2703 -0.1257 0.2218 -0.0684 -0.3852 -0.3110 -0.2065 0.2642 0.0973 -0.3765 -0.3496 -0.2610 -0.0937 0.1993 -0.1465 -0.3805 -0.3026 -0.1932 0.2802 0.0754 -0.3866 -0.3420 -0.2521 -0.0465 0.1781 -0.2260 -0.3752 -0.2853
-0.3685 -0.2146 0.1813 -0.0553 -0.2535 -0.3432 -0.3855 0.0788 0.2794 -0.1953 -0.3039 -0.3813 -0.1340 0.2026 -0.0991 -0.2623 -0.3507 -0.3743 0.1005 0.2592 -0.2085 -0.3122 -0.3857 -0.0594 0.2246 -0.1288 -0.2713 -0.3583 -0.3523 0.1233 0.1938 -0.2231 -0.3221 -0.3900 0.0055 0.2531 -0.1575 -0.2836 -0.3681 -0.2940 0.1569 0.0245 -0.2441 -0.3364 -0.3897 0.0636 0.2803 -0.1888 -0.2996 -0.3788 -0.3832 -0.3788 -0.2996 -0.1888 0.2803 0.0636 -0.3897 -0.3364 -0.2441 0.0245 0.1569 -0.2940 -0.3681 -0.2836 -0.1575 0.2531 0.0055 -0.3900 -0.3221 -0.2231 0.1938 0.1233 -0.3523 -0.3583 -0.2713 -0.1288 0.2246 -0.0594 -0.3857 -0.3122 -0.2085 0.2592 0.1005 -0.3743 -0.3507 -0.2623 -0.0991 0.2026 -0.1340 -0.3813 -0.3039 -0.1953 0.2794 0.0788 -0.3855 -0.3432 -0.2535 -0.0553 0.1813 -0.2146 -0.3685
-0.2091 0.1845 -0.0635 -0.2548 -0.3443 -0.3842 0.0823 0.2781 -0.1974 -0.3051 -0.3820 -0.1216 0.2059 -0.1043 -0.2636 -0.3518 -0.3718 0.1038 0.2533 -0.2105 -0.3135 -0.3864 -0.0501 0.2278 -0.1321 -0.2724 -0.3591 -0.3491 0.1255 0.1854 -0.2242 -0.3228 -0.3902 0.0082 0.2543 -0.1585 -0.2839 -0.3683 -0.2932 0.1569 0.0260 -0.2437 -0.3361 -0.3899 0.0622 0.2801 -0.1883 -0.3003 -0.3794 -0.2187 0.0928 -0.2187 -0.3794 -0.3003 -0.1883 0.2801 0.0622 -0.3899 -0.3361 -0.2437 0.0260 0.1569 -0.2932 -0.3683 -0.2839 -0.1585 0.2543 0.0082 -0.3902 -0.3228 -0.2242 0.1854 0.1255 -0.3491 -0.3591 -0.2724 -0.1321 0.2278 -0.0501 -0.3864 -0.3135 -0.2105 0.2533 0.1038 -0.3718 -0.3518 -0.2636 -0.1043 0.2059 -0.1216 -0.3820 -0.3051 -0.1974 0.2781 0.0823 -0.3842 -0.3443 -0.2548 -0.0635 0.1845 -0.2091
0.1860 -0.0710 -0.2562 -0.3455 -0.3828 0.0856 0.2762 -0.1994 -0.3064 -0.3827 -0.1095 0.2092 -0.1091 -0.2650 -0.3529 -0.3692 0.1069 0.2465 -0.2124 -0.3148 -0.3869 -0.0411 0.2311 -0.1356 -0.2737 -0.3601 -0.3454 0.1281 0.1751 -0.2255 -0.3236 -0.3904 0.0114 0.2558 -0.1597 -0.2844 -0.3687 -0.2910 0.1576 0.0245 -0.2437 -0.3360 -0.3900 0.0612 0.2799 -0.1877 -0.3000 -0.3794 -0.1701 0.1779 0.2689 0.1779 -0.1701 -0.3794 -0.3000 -0.1877 0.2799 0.0612 -0.3900 -0.3360 -0.2437 0.0245 0.1576 -0.2910 -0.3687 -0.2844 -0.1597 0.2558 0.0114 -0.3904 -0.3236 -0.2255 0.1751 0.1281 -0.3454 -0.3601 -0.2737 -0.1356 0.2311 -0.0411 -0.3869 -0.3148 -0.2124 0.2465 0.1069 -0.3692 -0.3529 -0.2650 -0.1091 0.2092 -0.1095 -0.3827 -0.3064 -0.1994 0.2762 0.0856 -0.3828 -0.3455 -0.2562 -0.0710 0.1860
-0.0768 -0.2575 -0.3467 -0.3813 0.0890 0.2737 -0.2014 -0.3077 -0.3834 -0.0977 0.2126 -0.1137 -0.2663 -0.3541 -0.3663 0.1101 0.2389 -0.2143 -0.3160 -0.3875 -0.0326 0.2345 -0.1390 -0.2750 -0.3611 -0.3409 0.1309 0.1629 -0.2270 -0.3245 -0.3907 0.0151 0.2576 -0.1612 -0.2851 -0.3691 -0.2878 0.1588 0.0205 -0.2441 -0.3361 -0.3900 0.0608 0.2797 -0.1871 -0.2997 -0.3793 -0.1620 0.1940 -0.0548 -0.2086 -0.0548 0.1940 -0.1620 -0.3793 -0.2997 -0.1871 0.2797 0.0608 -0.3900 -0.3361 -0.2441 0.0205 0.1588 -0.2878 -0.3691 -0.2851 -0.1612 0.2576 0.0151 -0.3907 -0.3245 -0.2270 0.1629 0.1309 -0.3409 -0.3611 -0.2750 -0.1390 0.2345 -0.0326 -0.3875 -0.3160 -0.2143 0.2389 0.1101 -0.3663 -0.3541 -0.2663 -0.1137 0.2126 -0.0977 -0.3834 -0.3077 -0.2014 0.2737 0.0890 -0.3813 -0.3467 -0.2575 -0.0768
-0.2497 -0.3478 -0.3795 0.0923 0.2705 -0.2035 -0.3090 -0.3841 -0.0864 0.2159 -0.1181 -0.2676 -0.3552 -0.3632 0.1133 0.2302 -0.2163 -0.3173 -0.3881 -0.0246 0.2378 -0.1423 -0.2763 -0.3622 -0.3359 0.1340 0.1485 -0.2287 -0.3256 -0.3909 0.0191 0.2597 -0.1629 -0.2859 -0.3696 -0.2836 0.1603 0.0148 -0.2447 -0.3364 -0.3899 0.0612 0.2797 -0.1869 -0.2995 -0.3791 -0.1623 0.1964 -0.0861 -0.2537 -0.3116 -0.2537 -0.0861 0.1964 -0.1623 -0.3791 -0.2995 -0.1869 0.2797 0.0612 -0.3899 -0.3364 -0.2447 0.0148 0.1603 -0.2836 -0.3696 -0.2859 -0.1629 0.2597 0.0191 -0.3909 -0.3256 -0.2287 0.1485 0.1340 -0.3359 -0.3622 -0.2763 -0.1423 0.2378 -0.0246 -0.3881 -0.3173 -0.2163 0.2302 0.1133 -0.3632 -0.3552 -0.2676 -0.1181 0.2159 -0.0864 -0.3841 -0.3090 -0.2035 0.2705 0.0923 -0.3795 -0.3478 -0.2497
-0.3407 -0.3776 0.0955 0.2666 -0.2054 -0.3103 -0.3848 -0.0755 0.2192 -0.1222 -0.2690 -0.3563 -0.3599 0.1164 0.2206 -0.2182 -0.3186 -0.3886 -0.0171 0.2411 -0.1454 -0.2776 -0.3632 -0.3305 0.1372 0.1327 -0.2305 -0.3267 -0.3911 0.0236 0.2620 -0.1648 -0.2868 -0.3702 -0.2784 0.1622 0.0079 -0.2455 -0.3369 -0.3897 0.0622 0.2799 -0.1871 -0.2995 -0.3790 -0.1635 0.1966 -0.0908 -0.2597 -0.3460 -0.3920 -0.3460 -0.2597 -0.0908 0.1966 -0.1635 -0.3790 -0.2995 -0.1871 0.2799 0.0622 -0.3897 -0.3369 -0.2455 0.0079 0.1622 -0.2784 -0.3702 -0.2868 -0.1648 0.2620 0.0236 -0.3911 -0.3267 -0.2305 0.1327 0.1372 -0.3305 -0.3632 -0.2776 -0.1454 0.2411 -0.0171 -0.3886 -0.3186 -0.2182 0.2206 0.1164 -0.3599 -0.3563 -0.2690 -0.1222 0.2192 -0.0755 -0.3848 -0.3103 -0.2054 0.2666 0.0955 -0.3776 -0.3407
-0.3722 0.0988 0.2621 -0.2074 -0.3115 -0.3854 -0.0652 0.2226 -0.1262 -0.2703 -0.3573 -0.3563 0.1196 0.2100 -0.2201 -0.3198 -0.3891 -0.0100 0.2443 -0.1485 -0.2789 -0.3642 -0.3247 0.1404 0.1163 -0.2324 -0.3280 -0.3912 0.0282 0.2644 -0.1669 -0.2878 -0.3709 -0.2725 0.1642 0.0003 -0.2465 -0.3375 -0.3895 0.0636 0.2801 -0.1877 -0.2997 -0.3791 -0.1635 0.1965 -0.0915 -0.2609 -0.3494 -0.3842 -0.0638 -0.3842 -0.3494 -0.2609 -0.0915 0.1965 -0.1635 -0.3791 -0.2997 -0.1877 0.2801 0.0636 -0.3895 -0.3375 -0.2465 0.0003 0.1642 -0.2725 -0.3709 -0.2878 -0.1669 0.2644 0.0282 -0.3912 -0.3280 -0.2324 0.1163 0.1404 -0.3247 -0.3642 -0.2789 -0.1485 0.2443 -0.0100 -0.3891 -0.3198 -0.2201 0.2100 0.1196 -0.3563 -0.3573 -0.2703 -0.1262 0.2226 -0.0652 -0.3854 -0.3115 -0.2074 0.2621 0.0988 -0.3722
0.0994 0.2570 -0.2093 -0.3128 -0.3860 -0.0558 0.2258 -0.1298 -0.2716 -0.3584 -0.3525 0.1226 0.1989 -0.2219 -0.3210 -0.3895 -0.0036 0.2474 -0.1513 -0.2802 -0.3652 -0.3189 0.1435 0.1003 -0.2342 -0.3292 -0.3913 0.0326 0.2667 -0.1691 -0.2888 -0.3716 -0.2660 0.1662 -0.0073 -0.2474 -0.3381 -0.3892 0.0651 0.2803 -0.1883 -0.3000 -0.3793 -0.1623 0.1966 -0.0915 -0.2610 -0.3501 -0.3768 0.0829 0.2197 0.0829 -0.3768 -0.3501 -0.2610 -0.0915 0.1966 -0.1623 -0.3793 -0.3000 -0.1883 0.2803 0.0651 -0.3892 -0.3381 -0.2474 -0.0073 0.1662 -0.2660 -0.3716 -0.2888 -0.1691 0.2667 0.0326 -0.3913 -0.3292 -0.2342 0.1003 0.1435 -0.3189 -0.3652 -0.2802 -0.1513 0.2474 -0.0036 -0.3895 -0.3210 -0.2219 0.1989 0.1226 -0.3525 -0.3584 -0.2716 -0.1298 0.2258 -0.0558 -0.3860 -0.3128 -0.2093 0.2570 0.0994
0.2496 -0.2108 -0.3137 -0.3865 -0.0488 0.2283 -0.1325 -0.2726 -0.3593 -0.3494 0.1248 0.1895 -0.2233 -0.3220 -0.3898 0.0011 0.2498 -0.1535 -0.2812 -0.3660 -0.3140 0.1458 0.0877 -0.2356 -0.3301 -0.3913 0.0361 0.2686 -0.1709 -0.2898 -0.3723 -0.2604 0.1679 -0.0134 -0.2480 -0.3386 -0.3889 0.0661 0.2804 -0.1888 -0.3003 -0.3794 -0.1620 0.1964 -0.0908 -0.2609 -0.3501 -0.3752 0.0971 0.2778 -0.1275 0.2778 0.0971 -0.3752 -0.3501 -0.2609 -0.0908 0.1964 -0.1620 -0.3794 -0.3003 -0.1888 0.2804 0.0661 -0.3889 -0.3386 -0.2480 -0.0134 0.1679 -0.2604 -0.3723 -0.2898 -0.1709 0.2686 0.0361 -0.3913 -0.3301 -0.2356 0.0877 0.1458 -0.3140 -0.3660 -0.2812 -0.1535 0.2498 0.0011 -0.3898 -0.3220 -0.2233 0.1895 0.1248 -0.3494 -0.3593 -0.2726 -0.1325 0.2283 -0.0488 -0.3865 -0.3137 -0.2108 0.2496
-0.2046 -0.3138 -0.3867 -0.0499 0.2279 -0.1321 -0.2724 -0.3596 -0.3498 0.1242 0.1912 -0.2232 -0.3221 -0.3898 0.0004 0.2495 -0.1532 -0.2811 -0.3664 -0.3147 0.1450 0.0898 -0.2356 -0.3303 -0.3913 0.0355 0.2683 -0.1706 -0.2897 -0.3727 -0.2619 0.1667 -0.0104 -0.2476 -0.3385 -0.3892 0.0644 0.2802 -0.1877 -0.2996 -0.3794 -0.1701 0.1940 -0.0861 -0.2597 -0.3494 -0.3768 0.0971 0.2669 -0.1977 -0.2695 -0.1977 0.2669 0.0971 -0.3768 -0.3494 -0.2597 -0.0861 0.1940 -0.1701 -0.3794 -0.2996 -0.1877 0.2802 0.0644 -0.3892 -0.3385 -0.2476 -0.0104 0.1667 -0.2619 -0.3727 -0.2897 -0.1706 0.2683 0.0355 -0.3913 -0.3303 -0.2356 0.0898 0.1450 -0.3147 -0.3664 -0.2811 -0.1532 0.2495 0.0004 -0.3898 -0.3221 -0.2232 0.1912 0.1242 -0.3498 -0.3596 -0.2724 -0.1321 0.2279 -0.0499 -0.3867 -0.3138 -0.2046
-0.3008 -0.3873 -0.0871 0.2132 -0.1171 -0.2675 -0.3575 -0.3631 0.1118 0.2332 -0.2165 -0.3182 -0.3908 -0.0253 0.2360 -0.1417 -0.2763 -0.3648 -0.3359 0.1320 0.1533 -0.2290 -0.3267 -0.3928 0.0170 0.2580 -0.1610 -0.2850 -0.3717 -0.2934 0.1525 0.0447 -0.2413 -0.3352 -0.3920 0.0490 0.2753 -0.1788 -0.2947 -0.3788 -0.2187 0.1779 -0.0548 -0.2537 -0.3460 -0.3842 0.0829 0.2778 -0.1977 -0.3011 -0.3587 -0.3011 -0.1977 0.2778 0.0829 -0.3842 -0.3460 -0.2537 -0.0548 0.1779 -0.2187 -0.3788 -0.2947 -0.1788 0.2753 0.0490 -0.3920 -0.3352 -0.2413 0.0447 0.1525 -0.2934 -0.3717 -0.2850 -0.1610 0.2580 0.0170 -0.3928 -0.3267 -0.2290 0.1533 0.1320 -0.3359 -0.3648 -0.2763 -0.1417 0.2360 -0.0253 -0.3908 -0.3182 -0.2165 0.2332 0.1118 -0.3631 -0.3575 -0.2675 -0.1171 0.2132 -0.0871 -0.3873 -0.3008
-0.3570 -0.3458 0.1264 0.1808 -0.2268 -0.3251 -0.3969 0.0094 0.2502 -0.1583 -0.2826 -0.3723 -0.3065 0.1464 0.0770 -0.2377 -0.3336 -0.3972 0.0418 0.2685 -0.1763 -0.2915 -0.3791 -0.2482 0.1673 -0.0188 -0.2481 -0.3421 -0.3937 0.0673 0.2788 -0.1924 -0.3004 -0.3854 -0.1692 0.1892 -0.0804 -0.2580 -0.3512 -0.3832 0.0928 0.2689 -0.2086 -0.3116 -0.3920 -0.0638 0.2197 -0.1275 -0.2695 -0.3587 -0.4027 -0.3587 -0.2695 -0.1275 0.2197 -0.0638 -0.3920 -0.3116 -0.2086 0.2689 0.0928 -0.3832 -0.3512 -0.2580 -0.0804 0.1892 -0.1692 -0.3854 -0.3004 -0.1924 0.2788 0.0673 -0.3937 -0.3421 -0.2481 -0.0188 0.1673 -0.2482 -0.3791 -0.2915 -0.1763 0.2685 0.0418 -0.3972 -0.3336 -0.2377 0.0770 0.1464 -0.3065 -0.3723 -0.2826 -0.1583 0.2502 0.0094 -0.3969 -0.3251 -0.2268 0.1808 0.1264 -0.3458 -0.3570
