0.1439 0.1698 0.2926 0.5127 0.3979 0.1477 0.1502 0.2322 0.4421 0.4790 0.1847 0.1404 0.1898 0.3459 0.5152 0.3160 0.1407 0.1620 0.2699 0.4979 0.4309 0.1546 0.1458 0.2158 0.4080 0.4962 0.2221 0.1393 0.1789 0.3171 0.5173 0.3612 0.1435 0.1553 0.2492 0.4718 0.4585 0.1658 0.1425 0.2014 0.3746 0.5084 0.2706 0.1395 0.1694 0.2912 0.5120 0.4017 0.1489 0.1460 0.1787 0.1460 0.1489 0.4017 0.5120 0.2912 0.1694 0.1395 0.2706 0.5084 0.3746 0.2014 0.1425 0.1658 0.4585 0.4718 0.2492 0.1553 0.1435 0.3612 0.5173 0.3171 0.1789 0.1393 0.2221 0.4962 0.4080 0.2158 0.1458 0.1546 0.4309 0.4979 0.2699 0.1620 0.1407 0.3160 0.5152 0.3459 0.1898 0.1404 0.1847 0.4790 0.4421 0.2322 0.1502 0.1477 0.3979 0.5127 0.2926 0.1698 0.1439
0.1698 0.2917 0.5133 0.3999 0.1439 0.1465 0.2296 0.4411 0.4804 0.1841 0.1363 0.1868 0.3440 0.5161 0.3190 0.1366 0.1587 0.2676 0.4978 0.4330 0.1512 0.1420 0.2130 0.4066 0.4974 0.2239 0.1351 0.1757 0.3151 0.5179 0.3640 0.1395 0.1518 0.2467 0.4712 0.4602 0.1634 0.1385 0.1985 0.3730 0.5094 0.2735 0.1352 0.1662 0.2890 0.5124 0.4031 0.1445 0.1452 0.2162 0.3182 0.2162 0.1452 0.1445 0.4031 0.5124 0.2890 0.1662 0.1352 0.2735 0.5094 0.3730 0.1985 0.1385 0.1634 0.4602 0.4712 0.2467 0.1518 0.1395 0.3640 0.5179 0.3151 0.1757 0.1351 0.2239 0.4974 0.4066 0.2130 0.1420 0.1512 0.4330 0.4978 0.2676 0.1587 0.1366 0.3190 0.5161 0.3440 0.1868 0.1363 0.1841 0.4804 0.4411 0.2296 0.1465 0.1439 0.3999 0.5133 0.2917 0.1698
0.2926 0.5133 0.4013 0.1443 0.1461 0.2279 0.4377 0.4824 0.1875 0.1361 0.1856 0.3407 0.5166 0.3242 0.1368 0.1579 0.2652 0.4954 0.4363 0.1523 0.1415 0.2114 0.4029 0.4990 0.2290 0.1350 0.1746 0.3121 0.5177 0.3686 0.1399 0.1511 0.2445 0.4678 0.4629 0.1652 0.1382 0.1971 0.3694 0.5104 0.2791 0.1353 0.1652 0.2864 0.5112 0.4067 0.1451 0.1454 0.2235 0.4112 0.5170 0.4112 0.2235 0.1454 0.1451 0.4067 0.5112 0.2864 0.1652 0.1353 0.2791 0.5104 0.3694 0.1971 0.1382 0.1652 0.4629 0.4678 0.2445 0.1511 0.1399 0.3686 0.5177 0.3121 0.1746 0.1350 0.2290 0.4990 0.4029 0.2114 0.1415 0.1523 0.4363 0.4954 0.2652 0.1579 0.1368 0.3242 0.5166 0.3407 0.1856 0.1361 0.1875 0.4824 0.4377 0.2279 0.1461 0.1443 0.4013 0.5133 0.2926
0.5127 0.3999 0.1443 0.1459 0.2269 0.4351 0.4840 0.1906 0.1359 0.1844 0.3376 0.5170 0.3292 0.1371 0.1571 0.2628 0.4928 0.4394 0.1533 0.1411 0.2097 0.3991 0.5005 0.2343 0.1350 0.1735 0.3091 0.5175 0.3731 0.1404 0.1504 0.2424 0.4643 0.4655 0.1672 0.1379 0.1956 0.3659 0.5114 0.2846 0.1354 0.1643 0.2837 0.5098 0.4105 0.1457 0.1450 0.2238 0.4253 0.4964 0.3682 0.4964 0.4253 0.2238 0.1450 0.1457 0.4105 0.5098 0.2837 0.1643 0.1354 0.2846 0.5114 0.3659 0.1956 0.1379 0.1672 0.4655 0.4643 0.2424 0.1504 0.1404 0.3731 0.5175 0.3091 0.1735 0.1350 0.2343 0.5005 0.3991 0.2097 0.1411 0.1533 0.4394 0.4928 0.2628 0.1571 0.1371 0.3292 0.5170 0.3376 0.1844 0.1359 0.1906 0.4840 0.4351 0.2269 0.1459 0.1443 0.3999 0.5127
0.3979 0.1439 0.1461 0.2269 0.4341 0.4850 0.1930 0.1358 0.1833 0.3348 0.5173 0.3339 0.1373 0.1563 0.2605 0.4901 0.4426 0.1545 0.1407 0.2081 0.3954 0.5019 0.2397 0.1350 0.1724 0.3062 0.5171 0.3775 0.1409 0.1498 0.2403 0.4608 0.4680 0.1693 0.1376 0.1942 0.3624 0.5123 0.2901 0.1356 0.1634 0.2811 0.5084 0.4142 0.1465 0.1445 0.2224 0.4258 0.4905 0.2280 0.1388 0.2280 0.4905 0.4258 0.2224 0.1445 0.1465 0.4142 0.5084 0.2811 0.1634 0.1356 0.2901 0.5123 0.3624 0.1942 0.1376 0.1693 0.4680 0.4608 0.2403 0.1498 0.1409 0.3775 0.5171 0.3062 0.1724 0.1350 0.2397 0.5019 0.3954 0.2081 0.1407 0.1545 0.4426 0.4901 0.2605 0.1563 0.1373 0.3339 0.5173 0.3348 0.1833 0.1358 0.1930 0.4850 0.4341 0.2269 0.1461 0.1439 0.3979
0.1477 0.1465 0.2279 0.4351 0.4850 0.1939 0.1357 0.1827 0.3326 0.5175 0.3381 0.1376 0.1556 0.2584 0.4875 0.4455 0.1557 0.1403 0.2065 0.3917 0.5033 0.2451 0.1350 0.1714 0.3033 0.5166 0.3818 0.1414 0.1492 0.2383 0.4572 0.4704 0.1716 0.1373 0.1928 0.3589 0.5131 0.2955 0.1357 0.1625 0.2785 0.5067 0.4179 0.1473 0.1440 0.2207 0.4230 0.4904 0.2091 0.1344 0.1484 0.1344 0.2091 0.4904 0.4230 0.2207 0.1440 0.1473 0.4179 0.5067 0.2785 0.1625 0.1357 0.2955 0.5131 0.3589 0.1928 0.1373 0.1716 0.4704 0.4572 0.2383 0.1492 0.1414 0.3818 0.5166 0.3033 0.1714 0.1350 0.2451 0.5033 0.3917 0.2065 0.1403 0.1557 0.4455 0.4875 0.2584 0.1556 0.1376 0.3381 0.5175 0.3326 0.1827 0.1357 0.1939 0.4850 0.4351 0.2279 0.1465 0.1477
0.1502 0.2296 0.4377 0.4840 0.1930 0.1357 0.1824 0.3315 0.5177 0.3413 0.1378 0.1550 0.2564 0.4849 0.4482 0.1569 0.1399 0.2049 0.3881 0.5046 0.2506 0.1350 0.1703 0.3005 0.5160 0.3860 0.1419 0.1485 0.2363 0.4536 0.4728 0.1741 0.1370 0.1914 0.3555 0.5139 0.3009 0.1359 0.1616 0.2760 0.5049 0.4214 0.1481 0.1435 0.2189 0.4194 0.4918 0.2086 0.1351 0.1718 0.2369 0.1718 0.1351 0.2086 0.4918 0.4194 0.2189 0.1435 0.1481 0.4214 0.5049 0.2760 0.1616 0.1359 0.3009 0.5139 0.3555 0.1914 0.1370 0.1741 0.4728 0.4536 0.2363 0.1485 0.1419 0.3860 0.5160 0.3005 0.1703 0.1350 0.2506 0.5046 0.3881 0.2049 0.1399 0.1569 0.4482 0.4849 0.2564 0.1550 0.1378 0.3413 0.5177 0.3315 0.1824 0.1357 0.1930 0.4840 0.4377 0.2296 0.1502
0.2322 0.4411 0.4824 0.1906 0.1358 0.1827 0.3315 0.5177 0.3429 0.1380 0.1545 0.2548 0.4826 0.4506 0.1581 0.1396 0.2035 0.3846 0.5058 0.2560 0.1350 0.1693 0.2977 0.5153 0.3902 0.1424 0.1479 0.2343 0.4500 0.4751 0.1768 0.1368 0.1900 0.3521 0.5146 0.3063 0.1360 0.1607 0.2735 0.5030 0.4249 0.1490 0.1431 0.2172 0.4157 0.4935 0.2122 0.1352 0.1767 0.3038 0.4545 0.3038 0.1767 0.1352 0.2122 0.4935 0.4157 0.2172 0.1431 0.1490 0.4249 0.5030 0.2735 0.1607 0.1360 0.3063 0.5146 0.3521 0.1900 0.1368 0.1768 0.4751 0.4500 0.2343 0.1479 0.1424 0.3902 0.5153 0.2977 0.1693 0.1350 0.2560 0.5058 0.3846 0.2035 0.1396 0.1581 0.4506 0.4826 0.2548 0.1545 0.1380 0.3429 0.5177 0.3315 0.1827 0.1358 0.1906 0.4824 0.4411 0.2322
0.4421 0.4804 0.1875 0.1359 0.1833 0.3326 0.5177 0.3429 0.1380 0.1543 0.2538 0.4808 0.4526 0.1592 0.1393 0.2022 0.3814 0.5069 0.2613 0.1351 0.1683 0.2949 0.5145 0.3943 0.1430 0.1473 0.2323 0.4463 0.4774 0.1797 0.1366 0.1887 0.3487 0.5153 0.3117 0.1362 0.1598 0.2710 0.5009 0.4283 0.1499 0.1426 0.2154 0.4119 0.4951 0.2168 0.1352 0.1769 0.3150 0.5155 0.4739 0.5155 0.3150 0.1769 0.1352 0.2168 0.4951 0.4119 0.2154 0.1426 0.1499 0.4283 0.5009 0.2710 0.1598 0.1362 0.3117 0.5153 0.3487 0.1887 0.1366 0.1797 0.4774 0.4463 0.2323 0.1473 0.1430 0.3943 0.5145 0.2949 0.1683 0.1351 0.2613 0.5069 0.3814 0.2022 0.1393 0.1592 0.4526 0.4808 0.2538 0.1543 0.1380 0.3429 0.5177 0.3326 0.1833 0.1359 0.1875 0.4804 0.4421
0.4790 0.1841 0.1361 0.1844 0.3348 0.5175 0.3413 0.1380 0.1543 0.2534 0.4798 0.4539 0.1600 0.1391 0.2011 0.3786 0.5078 0.2660 0.1351 0.1674 0.2923 0.5136 0.3983 0.1436 0.1468 0.2303 0.4426 0.4796 0.1828 0.1363 0.1874 0.3454 0.5159 0.3169 0.1365 0.1590 0.2685 0.4987 0.4317 0.1508 0.1421 0.2137 0.4081 0.4968 0.2218 0.1351 0.1761 0.3153 0.5176 0.3895 0.1787 0.3895 0.5176 0.3153 0.1761 0.1351 0.2218 0.4968 0.4081 0.2137 0.1421 0.1508 0.4317 0.4987 0.2685 0.1590 0.1365 0.3169 0.5159 0.3454 0.1874 0.1363 0.1828 0.4796 0.4426 0.2303 0.1468 0.1436 0.3983 0.5136 0.2923 0.1674 0.1351 0.2660 0.5078 0.3786 0.2011 0.1391 0.1600 0.4539 0.4798 0.2534 0.1543 0.1380 0.3413 0.5175 0.3348 0.1844 0.1361 0.1841 0.4790
0.1847 0.1363 0.1856 0.3376 0.5173 0.3381 0.1378 0.1545 0.2538 0.4798 0.4543 0.1605 0.1390 0.2003 0.3764 0.5086 0.2701 0.1352 0.1666 0.2899 0.5127 0.4020 0.1442 0.1462 0.2284 0.4388 0.4817 0.1862 0.1361 0.1861 0.3420 0.5164 0.3222 0.1367 0.1582 0.2661 0.4963 0.4350 0.1518 0.1417 0.2120 0.4044 0.4984 0.2270 0.1350 0.1750 0.3131 0.5177 0.3732 0.1424 0.1354 0.1424 0.3732 0.5177 0.3131 0.1750 0.1350 0.2270 0.4984 0.4044 0.2120 0.1417 0.1518 0.4350 0.4963 0.2661 0.1582 0.1367 0.3222 0.5164 0.3420 0.1861 0.1361 0.1862 0.4817 0.4388 0.2284 0.1462 0.1442 0.4020 0.5127 0.2899 0.1666 0.1352 0.2701 0.5086 0.3764 0.2003 0.1390 0.1605 0.4543 0.4798 0.2538 0.1545 0.1378 0.3381 0.5173 0.3376 0.1856 0.1363 0.1847
0.1404 0.1868 0.3407 0.5170 0.3339 0.1376 0.1550 0.2548 0.4808 0.4539 0.1605 0.1389 0.1998 0.3749 0.5092 0.2734 0.1352 0.1659 0.2878 0.5117 0.4053 0.1448 0.1457 0.2266 0.4352 0.4838 0.1898 0.1360 0.1848 0.3388 0.5168 0.3273 0.1370 0.1574 0.2637 0.4938 0.4382 0.1529 0.1413 0.2104 0.4006 0.4999 0.2322 0.1350 0.1739 0.3103 0.5176 0.3727 0.1407 0.1462 0.1845 0.1462 0.1407 0.3727 0.5176 0.3103 0.1739 0.1350 0.2322 0.4999 0.4006 0.2104 0.1413 0.1529 0.4382 0.4938 0.2637 0.1574 0.1370 0.3273 0.5168 0.3388 0.1848 0.1360 0.1898 0.4838 0.4352 0.2266 0.1457 0.1448 0.4053 0.5117 0.2878 0.1659 0.1352 0.2734 0.5092 0.3749 0.1998 0.1389 0.1605 0.4539 0.4808 0.2548 0.1550 0.1376 0.3339 0.5170 0.3407 0.1868 0.1404
0.1898 0.3440 0.5166 0.3292 0.1373 0.1556 0.2564 0.4826 0.4526 0.1600 0.1390 0.1998 0.3743 0.5095 0.2756 0.1353 0.1653 0.2860 0.5108 0.4083 0.1454 0.1453 0.2250 0.4318 0.4857 0.1935 0.1358 0.1835 0.3355 0.5172 0.3324 0.1372 0.1566 0.2614 0.4912 0.4413 0.1540 0.1409 0.2087 0.3969 0.5013 0.2375 0.1350 0.1729 0.3074 0.5172 0.3760 0.1408 0.1490 0.2282 0.3388 0.2282 0.1490 0.1408 0.3760 0.5172 0.3074 0.1729 0.1350 0.2375 0.5013 0.3969 0.2087 0.1409 0.1540 0.4413 0.4912 0.2614 0.1566 0.1372 0.3324 0.5172 0.3355 0.1835 0.1358 0.1935 0.4857 0.4318 0.2250 0.1453 0.1454 0.4083 0.5108 0.2860 0.1653 0.1353 0.2756 0.5095 0.3743 0.1998 0.1390 0.1600 0.4526 0.4826 0.2564 0.1556 0.1373 0.3292 0.5166 0.3440 0.1898
0.3459 0.5161 0.3242 0.1371 0.1563 0.2584 0.4849 0.4506 0.1592 0.1391 0.2003 0.3749 0.5095 0.2765 0.1353 0.1649 0.2848 0.5100 0.4107 0.1459 0.1449 0.2235 0.4287 0.4873 0.1972 0.1356 0.1823 0.3324 0.5175 0.3374 0.1375 0.1558 0.2591 0.4884 0.4444 0.1552 0.1405 0.2071 0.3932 0.5027 0.2429 0.1350 0.1718 0.3045 0.5168 0.3801 0.1412 0.1492 0.2361 0.4359 0.5160 0.4359 0.2361 0.1492 0.1412 0.3801 0.5168 0.3045 0.1718 0.1350 0.2429 0.5027 0.3932 0.2071 0.1405 0.1552 0.4444 0.4884 0.2591 0.1558 0.1375 0.3374 0.5175 0.3324 0.1823 0.1356 0.1972 0.4873 0.4287 0.2235 0.1449 0.1459 0.4107 0.5100 0.2848 0.1649 0.1353 0.2765 0.5095 0.3749 0.2003 0.1391 0.1592 0.4506 0.4849 0.2584 0.1563 0.1371 0.3242 0.5161 0.3459
0.5152 0.3190 0.1368 0.1571 0.2605 0.4875 0.4482 0.1581 0.1393 0.2011 0.3764 0.5092 0.2756 0.1353 0.1648 0.2841 0.5095 0.4124 0.1463 0.1446 0.2223 0.4259 0.4888 0.2006 0.1355 0.1812 0.3294 0.5178 0.3423 0.1378 0.1550 0.2568 0.4855 0.4474 0.1565 0.1401 0.2055 0.3895 0.5041 0.2484 0.1350 0.1707 0.3016 0.5163 0.3844 0.1417 0.1487 0.2364 0.4498 0.4847 0.3372 0.4847 0.4498 0.2364 0.1487 0.1417 0.3844 0.5163 0.3016 0.1707 0.1350 0.2484 0.5041 0.3895 0.2055 0.1401 0.1565 0.4474 0.4855 0.2568 0.1550 0.1378 0.3423 0.5178 0.3294 0.1812 0.1355 0.2006 0.4888 0.4259 0.2223 0.1446 0.1463 0.4124 0.5095 0.2841 0.1648 0.1353 0.2756 0.5092 0.3764 0.2011 0.1393 0.1581 0.4482 0.4875 0.2605 0.1571 0.1368 0.3190 0.5152
0.3160 0.1366 0.1579 0.2628 0.4901 0.4455 0.1569 0.1396 0.2022 0.3786 0.5086 0.2734 0.1353 0.1649 0.2841 0.5094 0.4133 0.1466 0.1443 0.2213 0.4236 0.4901 0.2038 0.1354 0.1803 0.3268 0.5179 0.3467 0.1381 0.1543 0.2545 0.4825 0.4503 0.1578 0.1397 0.2039 0.3858 0.5053 0.2539 0.1350 0.1697 0.2988 0.5156 0.3886 0.1422 0.1482 0.2349 0.4503 0.4774 0.1968 0.1364 0.1968 0.4774 0.4503 0.2349 0.1482 0.1422 0.3886 0.5156 0.2988 0.1697 0.1350 0.2539 0.5053 0.3858 0.2039 0.1397 0.1578 0.4503 0.4825 0.2545 0.1543 0.1381 0.3467 0.5179 0.3268 0.1803 0.1354 0.2038 0.4901 0.4236 0.2213 0.1443 0.1466 0.4133 0.5094 0.2841 0.1649 0.1353 0.2734 0.5086 0.3786 0.2022 0.1396 0.1569 0.4455 0.4901 0.2628 0.1579 0.1366 0.3160
0.1407 0.1587 0.2652 0.4928 0.4426 0.1557 0.1399 0.2035 0.3814 0.5078 0.2701 0.1352 0.1653 0.2848 0.5095 0.4133 0.1467 0.1442 0.2207 0.4221 0.4910 0.2065 0.1354 0.1794 0.3244 0.5180 0.3506 0.1384 0.1537 0.2524 0.4795 0.4532 0.1593 0.1393 0.2024 0.3822 0.5066 0.2594 0.1350 0.1687 0.2960 0.5149 0.3927 0.1428 0.1476 0.2331 0.4476 0.4772 0.1828 0.1350 0.1529 0.1350 0.1828 0.4772 0.4476 0.2331 0.1476 0.1428 0.3927 0.5149 0.2960 0.1687 0.1350 0.2594 0.5066 0.3822 0.2024 0.1393 0.1593 0.4532 0.4795 0.2524 0.1537 0.1384 0.3506 0.5180 0.3244 0.1794 0.1354 0.2065 0.4910 0.4221 0.2207 0.1442 0.1467 0.4133 0.5095 0.2848 0.1653 0.1352 0.2701 0.5078 0.3814 0.2035 0.1399 0.1557 0.4426 0.4928 0.2652 0.1587 0.1407
0.1620 0.2676 0.4954 0.4394 0.1545 0.1403 0.2049 0.3846 0.5069 0.2660 0.1352 0.1659 0.2860 0.5100 0.4124 0.1466 0.1442 0.2205 0.4211 0.4915 0.2083 0.1353 0.1787 0.3224 0.5181 0.3542 0.1387 0.1531 0.2505 0.4767 0.4558 0.1608 0.1390 0.2009 0.3786 0.5077 0.2649 0.1351 0.1677 0.2933 0.5140 0.3967 0.1434 0.1470 0.2311 0.4440 0.4788 0.1825 0.1360 0.1793 0.2511 0.1793 0.1360 0.1825 0.4788 0.4440 0.2311 0.1470 0.1434 0.3967 0.5140 0.2933 0.1677 0.1351 0.2649 0.5077 0.3786 0.2009 0.1390 0.1608 0.4558 0.4767 0.2505 0.1531 0.1387 0.3542 0.5181 0.3224 0.1787 0.1353 0.2083 0.4915 0.4211 0.2205 0.1442 0.1466 0.4124 0.5100 0.2860 0.1659 0.1352 0.2660 0.5069 0.3846 0.2049 0.1403 0.1545 0.4394 0.4954 0.2676 0.1620
0.2699 0.4978 0.4363 0.1533 0.1407 0.2065 0.3881 0.5058 0.2613 0.1351 0.1666 0.2878 0.5108 0.4107 0.1463 0.1443 0.2207 0.4211 0.4918 0.2094 0.1353 0.1783 0.3209 0.5181 0.3573 0.1390 0.1526 0.2488 0.4741 0.4582 0.1622 0.1387 0.1994 0.3751 0.5088 0.2705 0.1352 0.1667 0.2905 0.5130 0.4007 0.1440 0.1464 0.2292 0.4403 0.4809 0.1850 0.1361 0.1846 0.3235 0.4770 0.3235 0.1846 0.1361 0.1850 0.4809 0.4403 0.2292 0.1464 0.1440 0.4007 0.5130 0.2905 0.1667 0.1352 0.2705 0.5088 0.3751 0.1994 0.1387 0.1622 0.4582 0.4741 0.2488 0.1526 0.1390 0.3573 0.5181 0.3209 0.1783 0.1353 0.2094 0.4918 0.4211 0.2207 0.1443 0.1463 0.4107 0.5108 0.2878 0.1666 0.1351 0.2613 0.5058 0.3881 0.2065 0.1407 0.1533 0.4363 0.4978 0.2699
0.4979 0.4330 0.1523 0.1411 0.2081 0.3917 0.5046 0.2560 0.1351 0.1674 0.2899 0.5117 0.4083 0.1459 0.1446 0.2213 0.4221 0.4915 0.2094 0.1353 0.1780 0.3200 0.5181 0.3596 0.1392 0.1521 0.2474 0.4717 0.4602 0.1636 0.1384 0.1981 0.3718 0.5098 0.2759 0.1353 0.1657 0.2878 0.5119 0.4046 0.1447 0.1459 0.2273 0.4366 0.4830 0.1883 0.1360 0.1849 0.3354 0.5174 0.4577 0.5174 0.3354 0.1849 0.1360 0.1883 0.4830 0.4366 0.2273 0.1459 0.1447 0.4046 0.5119 0.2878 0.1657 0.1353 0.2759 0.5098 0.3718 0.1981 0.1384 0.1636 0.4602 0.4717 0.2474 0.1521 0.1392 0.3596 0.5181 0.3200 0.1780 0.1353 0.2094 0.4915 0.4221 0.2213 0.1446 0.1459 0.4083 0.5117 0.2899 0.1674 0.1351 0.2560 0.5046 0.3917 0.2081 0.1411 0.1523 0.4330 0.4979
0.4309 0.1512 0.1415 0.2097 0.3954 0.5033 0.2506 0.1350 0.1683 0.2923 0.5127 0.4053 0.1454 0.1449 0.2223 0.4236 0.4910 0.2083 0.1353 0.1780 0.3197 0.5180 0.3610 0.1394 0.1518 0.2461 0.4696 0.4619 0.1649 0.1382 0.1970 0.3689 0.5107 0.2809 0.1354 0.1648 0.2852 0.5106 0.4084 0.1454 0.1453 0.2254 0.4328 0.4850 0.1921 0.1359 0.1839 0.3358 0.5174 0.3608 0.1629 0.3608 0.5174 0.3358 0.1839 0.1359 0.1921 0.4850 0.4328 0.2254 0.1453 0.1454 0.4084 0.5106 0.2852 0.1648 0.1354 0.2809 0.5107 0.3689 0.1970 0.1382 0.1649 0.4619 0.4696 0.2461 0.1518 0.1394 0.3610 0.5180 0.3197 0.1780 0.1353 0.2083 0.4910 0.4236 0.2223 0.1449 0.1454 0.4053 0.5127 0.2923 0.1683 0.1350 0.2506 0.5033 0.3954 0.2097 0.1415 0.1512 0.4309
0.1546 0.1420 0.2114 0.3991 0.5019 0.2451 0.1350 0.1693 0.2949 0.5136 0.4020 0.1448 0.1453 0.2235 0.4259 0.4901 0.2065 0.1353 0.1783 0.3200 0.5180 0.3615 0.1395 0.1516 0.2453 0.4680 0.4634 0.1660 0.1380 0.1960 0.3663 0.5114 0.2853 0.1355 0.1640 0.2827 0.5092 0.4122 0.1461 0.1448 0.2235 0.4291 0.4870 0.1961 0.1357 0.1828 0.3334 0.5175 0.3425 0.1391 0.1370 0.1391 0.3425 0.5175 0.3334 0.1828 0.1357 0.1961 0.4870 0.4291 0.2235 0.1448 0.1461 0.4122 0.5092 0.2827 0.1640 0.1355 0.2853 0.5114 0.3663 0.1960 0.1380 0.1660 0.4634 0.4680 0.2453 0.1516 0.1395 0.3615 0.5180 0.3200 0.1783 0.1353 0.2065 0.4901 0.4259 0.2235 0.1453 0.1448 0.4020 0.5136 0.2949 0.1693 0.1350 0.2451 0.5019 0.3991 0.2114 0.1420 0.1546
0.1458 0.2130 0.4029 0.5005 0.2397 0.1350 0.1703 0.2977 0.5145 0.3983 0.1442 0.1457 0.2250 0.4287 0.4888 0.2038 0.1354 0.1787 0.3209 0.5181 0.3610 0.1395 0.1515 0.2449 0.4669 0.4644 0.1670 0.1378 0.1951 0.3640 0.5120 0.2892 0.1356 0.1632 0.2805 0.5078 0.4156 0.1468 0.1443 0.2217 0.4253 0.4889 0.2003 0.1356 0.1815 0.3304 0.5177 0.3419 0.1380 0.1502 0.1934 0.1502 0.1380 0.3419 0.5177 0.3304 0.1815 0.1356 0.2003 0.4889 0.4253 0.2217 0.1443 0.1468 0.4156 0.5078 0.2805 0.1632 0.1356 0.2892 0.5120 0.3640 0.1951 0.1378 0.1670 0.4644 0.4669 0.2449 0.1515 0.1395 0.3610 0.5181 0.3209 0.1787 0.1354 0.2038 0.4888 0.4287 0.2250 0.1457 0.1442 0.3983 0.5145 0.2977 0.1703 0.1350 0.2397 0.5005 0.4029 0.2130 0.1458
0.2158 0.4066 0.4990 0.2343 0.1350 0.1714 0.3005 0.5153 0.3943 0.1436 0.1462 0.2266 0.4318 0.4873 0.2006 0.1354 0.1794 0.3224 0.5181 0.3596 0.1394 0.1516 0.2449 0.4666 0.4649 0.1676 0.1377 0.1944 0.3621 0.5126 0.2928 0.1356 0.1626 0.2786 0.5065 0.4187 0.1475 0.1439 0.2200 0.4216 0.4907 0.2047 0.1354 0.1803 0.3272 0.5179 0.3456 0.1381 0.1534 0.2414 0.3612 0.2414 0.1534 0.1381 0.3456 0.5179 0.3272 0.1803 0.1354 0.2047 0.4907 0.4216 0.2200 0.1439 0.1475 0.4187 0.5065 0.2786 0.1626 0.1356 0.2928 0.5126 0.3621 0.1944 0.1377 0.1676 0.4649 0.4666 0.2449 0.1516 0.1394 0.3596 0.5181 0.3224 0.1794 0.1354 0.2006 0.4873 0.4318 0.2266 0.1462 0.1436 0.3943 0.5153 0.3005 0.1714 0.1350 0.2343 0.4990 0.4066 0.2158
0.4080 0.4974 0.2290 0.1350 0.1724 0.3033 0.5160 0.3902 0.1430 0.1468 0.2284 0.4352 0.4857 0.1972 0.1355 0.1803 0.3244 0.5181 0.3573 0.1392 0.1518 0.2453 0.4669 0.4649 0.1678 0.1377 0.1940 0.3607 0.5130 0.2958 0.1357 0.1621 0.2769 0.5053 0.4214 0.1482 0.1434 0.2185 0.4182 0.4924 0.2092 0.1353 0.1791 0.3241 0.5180 0.3502 0.1384 0.1536 0.2499 0.4598 0.5121 0.4598 0.2499 0.1536 0.1384 0.3502 0.5180 0.3241 0.1791 0.1353 0.2092 0.4924 0.4182 0.2185 0.1434 0.1482 0.4214 0.5053 0.2769 0.1621 0.1357 0.2958 0.5130 0.3607 0.1940 0.1377 0.1678 0.4649 0.4669 0.2453 0.1518 0.1392 0.3573 0.5181 0.3244 0.1803 0.1355 0.1972 0.4857 0.4352 0.2284 0.1468 0.1430 0.3902 0.5160 0.3033 0.1724 0.1350 0.2290 0.4974 0.4080
0.4962 0.2239 0.1350 0.1735 0.3062 0.5166 0.3860 0.1424 0.1473 0.2303 0.4388 0.4838 0.1935 0.1356 0.1812 0.3268 0.5180 0.3542 0.1390 0.1521 0.2461 0.4680 0.4644 0.1676 0.1377 0.1938 0.3600 0.5132 0.2979 0.1358 0.1616 0.2754 0.5041 0.4237 0.1488 0.1431 0.2171 0.4151 0.4939 0.2135 0.1352 0.1780 0.3210 0.5181 0.3550 0.1387 0.1531 0.2502 0.4728 0.4705 0.3033 0.4705 0.4728 0.2502 0.1531 0.1387 0.3550 0.5181 0.3210 0.1780 0.1352 0.2135 0.4939 0.4151 0.2171 0.1431 0.1488 0.4237 0.5041 0.2754 0.1616 0.1358 0.2979 0.5132 0.3600 0.1938 0.1377 0.1676 0.4644 0.4680 0.2461 0.1521 0.1390 0.3542 0.5180 0.3268 0.1812 0.1356 0.1935 0.4838 0.4388 0.2303 0.1473 0.1424 0.3860 0.5166 0.3062 0.1735 0.1350 0.2239 0.4962
0.2221 0.1351 0.1746 0.3091 0.5171 0.3818 0.1419 0.1479 0.2323 0.4426 0.4817 0.1898 0.1358 0.1823 0.3294 0.5179 0.3506 0.1387 0.1526 0.2474 0.4696 0.4634 0.1670 0.1377 0.1940 0.3600 0.5133 0.2990 0.1359 0.1612 0.2743 0.5031 0.4256 0.1493 0.1428 0.2158 0.4123 0.4952 0.2174 0.1352 0.1770 0.3181 0.5180 0.3596 0.1391 0.1524 0.2486 0.4732 0.4615 0.1744 0.1349 0.1744 0.4615 0.4732 0.2486 0.1524 0.1391 0.3596 0.5180 0.3181 0.1770 0.1352 0.2174 0.4952 0.4123 0.2158 0.1428 0.1493 0.4256 0.5031 0.2743 0.1612 0.1359 0.2990 0.5133 0.3600 0.1940 0.1377 0.1670 0.4634 0.4696 0.2474 0.1526 0.1387 0.3506 0.5179 0.3294 0.1823 0.1358 0.1898 0.4817 0.4426 0.2323 0.1479 0.1419 0.3818 0.5171 0.3091 0.1746 0.1351 0.2221
0.1393 0.1757 0.3121 0.5175 0.3775 0.1414 0.1485 0.2343 0.4463 0.4796 0.1862 0.1360 0.1835 0.3324 0.5178 0.3467 0.1384 0.1531 0.2488 0.4717 0.4619 0.1660 0.1378 0.1944 0.3607 0.5132 0.2990 0.1359 0.1611 0.2735 0.5023 0.4271 0.1498 0.1425 0.2148 0.4099 0.4963 0.2210 0.1351 0.1760 0.3156 0.5179 0.3640 0.1395 0.1517 0.2466 0.4708 0.4612 0.1660 0.1362 0.1580 0.1362 0.1660 0.4612 0.4708 0.2466 0.1517 0.1395 0.3640 0.5179 0.3156 0.1760 0.1351 0.2210 0.4963 0.4099 0.2148 0.1425 0.1498 0.4271 0.5023 0.2735 0.1611 0.1359 0.2990 0.5132 0.3607 0.1944 0.1378 0.1660 0.4619 0.4717 0.2488 0.1531 0.1384 0.3467 0.5178 0.3324 0.1835 0.1360 0.1862 0.4796 0.4463 0.2343 0.1485 0.1414 0.3775 0.5175 0.3121 0.1757 0.1393
0.1789 0.3151 0.5177 0.3731 0.1409 0.1492 0.2363 0.4500 0.4774 0.1828 0.1361 0.1848 0.3355 0.5175 0.3423 0.1381 0.1537 0.2505 0.4741 0.4602 0.1649 0.1380 0.1951 0.3621 0.5130 0.2979 0.1359 0.1611 0.2733 0.5019 0.4281 0.1501 0.1423 0.2140 0.4078 0.4973 0.2243 0.1351 0.1753 0.3133 0.5178 0.3679 0.1399 0.1511 0.2445 0.4677 0.4631 0.1659 0.1376 0.1876 0.2665 0.1876 0.1376 0.1659 0.4631 0.4677 0.2445 0.1511 0.1399 0.3679 0.5178 0.3133 0.1753 0.1351 0.2243 0.4973 0.4078 0.2140 0.1423 0.1501 0.4281 0.5019 0.2733 0.1611 0.1359 0.2979 0.5130 0.3621 0.1951 0.1380 0.1649 0.4602 0.4741 0.2505 0.1537 0.1381 0.3423 0.5175 0.3355 0.1848 0.1361 0.1828 0.4774 0.4500 0.2363 0.1492 0.1409 0.3731 0.5177 0.3151 0.1789
0.3171 0.5179 0.3686 0.1404 0.1498 0.2383 0.4536 0.4751 0.1797 0.1363 0.1861 0.3388 0.5172 0.3374 0.1378 0.1543 0.2524 0.4767 0.4582 0.1636 0.1382 0.1960 0.3640 0.5126 0.2958 0.1358 0.1612 0.2735 0.5019 0.4285 0.1503 0.1422 0.2133 0.4061 0.4981 0.2272 0.1350 0.1746 0.3114 0.5176 0.3713 0.1403 0.1505 0.2426 0.4645 0.4655 0.1673 0.1377 0.1934 0.3446 0.4956 0.3446 0.1934 0.1377 0.1673 0.4655 0.4645 0.2426 0.1505 0.1403 0.3713 0.5176 0.3114 0.1746 0.1350 0.2272 0.4981 0.4061 0.2133 0.1422 0.1503 0.4285 0.5019 0.2735 0.1612 0.1358 0.2958 0.5126 0.3640 0.1960 0.1382 0.1636 0.4582 0.4767 0.2524 0.1543 0.1378 0.3374 0.5172 0.3388 0.1861 0.1363 0.1797 0.4751 0.4536 0.2383 0.1498 0.1404 0.3686 0.5179 0.3171
0.5173 0.3640 0.1399 0.1504 0.2403 0.4572 0.4728 0.1768 0.1366 0.1874 0.3420 0.5168 0.3324 0.1375 0.1550 0.2545 0.4795 0.4558 0.1622 0.1384 0.1970 0.3663 0.5120 0.2928 0.1357 0.1616 0.2743 0.5023 0.4281 0.1503 0.1421 0.2130 0.4050 0.4987 0.2295 0.1350 0.1740 0.3097 0.5174 0.3742 0.1406 0.1501 0.2409 0.4615 0.4676 0.1691 0.1376 0.1937 0.3572 0.5157 0.4387 0.5157 0.3572 0.1937 0.1376 0.1691 0.4676 0.4615 0.2409 0.1501 0.1406 0.3742 0.5174 0.3097 0.1740 0.1350 0.2295 0.4987 0.4050 0.2130 0.1421 0.1503 0.4281 0.5023 0.2743 0.1616 0.1357 0.2928 0.5120 0.3663 0.1970 0.1384 0.1622 0.4558 0.4795 0.2545 0.1550 0.1375 0.3324 0.5168 0.3420 0.1874 0.1366 0.1768 0.4728 0.4572 0.2403 0.1504 0.1399 0.3640 0.5173
0.3612 0.1395 0.1511 0.2424 0.4608 0.4704 0.1741 0.1368 0.1887 0.3454 0.5164 0.3273 0.1372 0.1558 0.2568 0.4825 0.4532 0.1608 0.1387 0.1981 0.3689 0.5114 0.2892 0.1356 0.1621 0.2754 0.5031 0.4271 0.1501 0.1422 0.2130 0.4046 0.4990 0.2311 0.1350 0.1735 0.3082 0.5173 0.3766 0.1409 0.1496 0.2395 0.4589 0.4696 0.1710 0.1373 0.1928 0.3579 0.5141 0.3286 0.1530 0.3286 0.5141 0.3579 0.1928 0.1373 0.1710 0.4696 0.4589 0.2395 0.1496 0.1409 0.3766 0.5173 0.3082 0.1735 0.1350 0.2311 0.4990 0.4046 0.2130 0.1422 0.1501 0.4271 0.5031 0.2754 0.1621 0.1356 0.2892 0.5114 0.3689 0.1981 0.1387 0.1608 0.4532 0.4825 0.2568 0.1558 0.1372 0.3273 0.5164 0.3454 0.1887 0.1368 0.1741 0.4704 0.4608 0.2424 0.1511 0.1395 0.3612
0.1435 0.1518 0.2445 0.4643 0.4680 0.1716 0.1370 0.1900 0.3487 0.5159 0.3222 0.1370 0.1566 0.2591 0.4855 0.4503 0.1593 0.1390 0.1994 0.3718 0.5107 0.2853 0.1356 0.1626 0.2769 0.5041 0.4256 0.1498 0.1423 0.2133 0.4050 0.4990 0.2316 0.1350 0.1731 0.3071 0.5171 0.3786 0.1411 0.1493 0.2383 0.4565 0.4713 0.1728 0.1371 0.1918 0.3558 0.5140 0.3084 0.1367 0.1392 0.1367 0.3084 0.5140 0.3558 0.1918 0.1371 0.1728 0.4713 0.4565 0.2383 0.1493 0.1411 0.3786 0.5171 0.3071 0.1731 0.1350 0.2316 0.4990 0.4050 0.2133 0.1423 0.1498 0.4256 0.5041 0.2769 0.1626 0.1356 0.2853 0.5107 0.3718 0.1994 0.1390 0.1593 0.4503 0.4855 0.2591 0.1566 0.1370 0.3222 0.5159 0.3487 0.1900 0.1370 0.1716 0.4680 0.4643 0.2445 0.1518 0.1435
0.1553 0.2467 0.4678 0.4655 0.1693 0.1373 0.1914 0.3521 0.5153 0.3169 0.1367 0.1574 0.2614 0.4884 0.4474 0.1578 0.1393 0.2009 0.3751 0.5098 0.2809 0.1355 0.1632 0.2786 0.5053 0.4237 0.1493 0.1425 0.2140 0.4061 0.4987 0.2311 0.1350 0.1730 0.3065 0.5170 0.3803 0.1413 0.1490 0.2372 0.4546 0.4727 0.1744 0.1370 0.1908 0.3534 0.5145 0.3071 0.1362 0.1550 0.2034 0.1550 0.1362 0.3071 0.5145 0.3534 0.1908 0.1370 0.1744 0.4727 0.4546 0.2372 0.1490 0.1413 0.3803 0.5170 0.3065 0.1730 0.1350 0.2311 0.4987 0.4061 0.2140 0.1425 0.1493 0.4237 0.5053 0.2786 0.1632 0.1355 0.2809 0.5098 0.3751 0.2009 0.1393 0.1578 0.4474 0.4884 0.2614 0.1574 0.1367 0.3169 0.5153 0.3521 0.1914 0.1373 0.1693 0.4655 0.4678 0.2467 0.1553
0.2492 0.4712 0.4629 0.1672 0.1376 0.1928 0.3555 0.5146 0.3117 0.1365 0.1582 0.2637 0.4912 0.4444 0.1565 0.1397 0.2024 0.3786 0.5088 0.2759 0.1354 0.1640 0.2805 0.5065 0.4214 0.1488 0.1428 0.2148 0.4078 0.4981 0.2295 0.1350 0.1731 0.3065 0.5169 0.3811 0.1415 0.1488 0.2364 0.4529 0.4739 0.1759 0.1368 0.1899 0.3512 0.5149 0.3098 0.1362 0.1586 0.2562 0.3854 0.2562 0.1586 0.1362 0.3098 0.5149 0.3512 0.1899 0.1368 0.1759 0.4739 0.4529 0.2364 0.1488 0.1415 0.3811 0.5169 0.3065 0.1731 0.1350 0.2295 0.4981 0.4078 0.2148 0.1428 0.1488 0.4214 0.5065 0.2805 0.1640 0.1354 0.2759 0.5088 0.3786 0.2024 0.1397 0.1565 0.4444 0.4912 0.2637 0.1582 0.1365 0.3117 0.5146 0.3555 0.1928 0.1376 0.1672 0.4629 0.4712 0.2492
0.4718 0.4602 0.1652 0.1379 0.1942 0.3589 0.5139 0.3063 0.1362 0.1590 0.2661 0.4938 0.4413 0.1552 0.1401 0.2039 0.3822 0.5077 0.2705 0.1353 0.1648 0.2827 0.5078 0.4187 0.1482 0.1431 0.2158 0.4099 0.4973 0.2272 0.1350 0.1735 0.3071 0.5170 0.3811 0.1415 0.1487 0.2359 0.4516 0.4748 0.1772 0.1367 0.1892 0.3491 0.5153 0.3130 0.1363 0.1590 0.2658 0.4825 0.5053 0.4825 0.2658 0.1590 0.1363 0.3130 0.5153 0.3491 0.1892 0.1367 0.1772 0.4748 0.4516 0.2359 0.1487 0.1415 0.3811 0.5170 0.3071 0.1735 0.1350 0.2272 0.4973 0.4099 0.2158 0.1431 0.1482 0.4187 0.5078 0.2827 0.1648 0.1353 0.2705 0.5077 0.3822 0.2039 0.1401 0.1552 0.4413 0.4938 0.2661 0.1590 0.1362 0.3063 0.5139 0.3589 0.1942 0.1379 0.1652 0.4602 0.4718
0.4585 0.1634 0.1382 0.1956 0.3624 0.5131 0.3009 0.1360 0.1598 0.2685 0.4963 0.4382 0.1540 0.1405 0.2055 0.3858 0.5066 0.2649 0.1352 0.1657 0.2852 0.5092 0.4156 0.1475 0.1434 0.2171 0.4123 0.4963 0.2243 0.1350 0.1740 0.3082 0.5171 0.3803 0.1415 0.1487 0.2357 0.4509 0.4755 0.1782 0.1366 0.1886 0.3475 0.5156 0.3160 0.1365 0.1587 0.2667 0.4937 0.4525 0.2652 0.4525 0.4937 0.2667 0.1587 0.1365 0.3160 0.5156 0.3475 0.1886 0.1366 0.1782 0.4755 0.4509 0.2357 0.1487 0.1415 0.3803 0.5171 0.3082 0.1740 0.1350 0.2243 0.4963 0.4123 0.2171 0.1434 0.1475 0.4156 0.5092 0.2852 0.1657 0.1352 0.2649 0.5066 0.3858 0.2055 0.1405 0.1540 0.4382 0.4963 0.2685 0.1598 0.1360 0.3009 0.5131 0.3624 0.1956 0.1382 0.1634 0.4585
0.1658 0.1385 0.1971 0.3659 0.5123 0.2955 0.1359 0.1607 0.2710 0.4987 0.4350 0.1529 0.1409 0.2071 0.3895 0.5053 0.2594 0.1351 0.1667 0.2878 0.5106 0.4122 0.1468 0.1439 0.2185 0.4151 0.4952 0.2210 0.1351 0.1746 0.3097 0.5173 0.3786 0.1413 0.1488 0.2359 0.4509 0.4757 0.1787 0.1365 0.1881 0.3461 0.5159 0.3186 0.1366 0.1583 0.2659 0.4949 0.4407 0.1599 0.1341 0.1599 0.4407 0.4949 0.2659 0.1583 0.1366 0.3186 0.5159 0.3461 0.1881 0.1365 0.1787 0.4757 0.4509 0.2359 0.1488 0.1413 0.3786 0.5173 0.3097 0.1746 0.1351 0.2210 0.4952 0.4151 0.2185 0.1439 0.1468 0.4122 0.5106 0.2878 0.1667 0.1351 0.2594 0.5053 0.3895 0.2071 0.1409 0.1529 0.4350 0.4987 0.2710 0.1607 0.1359 0.2955 0.5123 0.3659 0.1971 0.1385 0.1658
0.1425 0.1985 0.3694 0.5114 0.2901 0.1357 0.1616 0.2735 0.5009 0.4317 0.1518 0.1413 0.2087 0.3932 0.5041 0.2539 0.1350 0.1677 0.2905 0.5119 0.4084 0.1461 0.1443 0.2200 0.4182 0.4939 0.2174 0.1351 0.1753 0.3114 0.5174 0.3766 0.1411 0.1490 0.2364 0.4516 0.4755 0.1787 0.1365 0.1878 0.3452 0.5161 0.3207 0.1367 0.1580 0.2649 0.4942 0.4392 0.1547 0.1382 0.1645 0.1382 0.1547 0.4392 0.4942 0.2649 0.1580 0.1367 0.3207 0.5161 0.3452 0.1878 0.1365 0.1787 0.4755 0.4516 0.2364 0.1490 0.1411 0.3766 0.5174 0.3114 0.1753 0.1351 0.2174 0.4939 0.4182 0.2200 0.1443 0.1461 0.4084 0.5119 0.2905 0.1677 0.1350 0.2539 0.5041 0.3932 0.2087 0.1413 0.1518 0.4317 0.5009 0.2735 0.1616 0.1357 0.2901 0.5114 0.3694 0.1985 0.1425
0.2014 0.3730 0.5104 0.2846 0.1356 0.1625 0.2760 0.5030 0.4283 0.1508 0.1417 0.2104 0.3969 0.5027 0.2484 0.1350 0.1687 0.2933 0.5130 0.4046 0.1454 0.1448 0.2217 0.4216 0.4924 0.2135 0.1352 0.1760 0.3133 0.5176 0.3742 0.1409 0.1493 0.2372 0.4529 0.4748 0.1782 0.1365 0.1878 0.3449 0.5162 0.3221 0.1368 0.1576 0.2639 0.4932 0.4400 0.1541 0.1402 0.1982 0.2856 0.1982 0.1402 0.1541 0.4400 0.4932 0.2639 0.1576 0.1368 0.3221 0.5162 0.3449 0.1878 0.1365 0.1782 0.4748 0.4529 0.2372 0.1493 0.1409 0.3742 0.5176 0.3133 0.1760 0.1352 0.2135 0.4924 0.4216 0.2217 0.1448 0.1454 0.4046 0.5130 0.2933 0.1687 0.1350 0.2484 0.5027 0.3969 0.2104 0.1417 0.1508 0.4283 0.5030 0.2760 0.1625 0.1356 0.2846 0.5104 0.3730 0.2014
0.3746 0.5094 0.2791 0.1354 0.1634 0.2785 0.5049 0.4249 0.1499 0.1421 0.2120 0.4006 0.5013 0.2429 0.1350 0.1697 0.2960 0.5140 0.4007 0.1447 0.1453 0.2235 0.4253 0.4907 0.2092 0.1352 0.1770 0.3156 0.5178 0.3713 0.1406 0.1496 0.2383 0.4546 0.4739 0.1772 0.1366 0.1881 0.3452 0.5162 0.3226 0.1368 0.1574 0.2631 0.4922 0.4411 0.1544 0.1405 0.2051 0.3713 0.5098 0.3713 0.2051 0.1405 0.1544 0.4411 0.4922 0.2631 0.1574 0.1368 0.3226 0.5162 0.3452 0.1881 0.1366 0.1772 0.4739 0.4546 0.2383 0.1496 0.1406 0.3713 0.5178 0.3156 0.1770 0.1352 0.2092 0.4907 0.4253 0.2235 0.1453 0.1447 0.4007 0.5140 0.2960 0.1697 0.1350 0.2429 0.5013 0.4006 0.2120 0.1421 0.1499 0.4249 0.5049 0.2785 0.1634 0.1354 0.2791 0.5094 0.3746
0.5084 0.2735 0.1353 0.1643 0.2811 0.5067 0.4214 0.1490 0.1426 0.2137 0.4044 0.4999 0.2375 0.1350 0.1707 0.2988 0.5149 0.3967 0.1440 0.1459 0.2254 0.4291 0.4889 0.2047 0.1353 0.1780 0.3181 0.5179 0.3679 0.1403 0.1501 0.2395 0.4565 0.4727 0.1759 0.1367 0.1886 0.3461 0.5161 0.3221 0.1368 0.1573 0.2626 0.4915 0.4421 0.1547 0.1405 0.2062 0.3862 0.5099 0.4119 0.5099 0.3862 0.2062 0.1405 0.1547 0.4421 0.4915 0.2626 0.1573 0.1368 0.3221 0.5161 0.3461 0.1886 0.1367 0.1759 0.4727 0.4565 0.2395 0.1501 0.1403 0.3679 0.5179 0.3181 0.1780 0.1353 0.2047 0.4889 0.4291 0.2254 0.1459 0.1440 0.3967 0.5149 0.2988 0.1707 0.1350 0.2375 0.4999 0.4044 0.2137 0.1426 0.1490 0.4214 0.5067 0.2811 0.1643 0.1353 0.2735 0.5084
0.2706 0.1352 0.1652 0.2837 0.5084 0.4179 0.1481 0.1431 0.2154 0.4081 0.4984 0.2322 0.1350 0.1718 0.3016 0.5156 0.3927 0.1434 0.1464 0.2273 0.4328 0.4870 0.2003 0.1354 0.1791 0.3210 0.5180 0.3640 0.1399 0.1505 0.2409 0.4589 0.4713 0.1744 0.1368 0.1892 0.3475 0.5159 0.3207 0.1368 0.1574 0.2626 0.4912 0.4427 0.1550 0.1404 0.2061 0.3887 0.5059 0.2847 0.1451 0.2847 0.5059 0.3887 0.2061 0.1404 0.1550 0.4427 0.4912 0.2626 0.1574 0.1368 0.3207 0.5159 0.3475 0.1892 0.1368 0.1744 0.4713 0.4589 0.2409 0.1505 0.1399 0.3640 0.5180 0.3210 0.1791 0.1354 0.2003 0.4870 0.4328 0.2273 0.1464 0.1434 0.3927 0.5156 0.3016 0.1718 0.1350 0.2322 0.4984 0.4081 0.2154 0.1431 0.1481 0.4179 0.5084 0.2837 0.1652 0.1352 0.2706
0.1395 0.1662 0.2864 0.5098 0.4142 0.1473 0.1435 0.2172 0.4119 0.4968 0.2270 0.1350 0.1729 0.3045 0.5163 0.3886 0.1428 0.1470 0.2292 0.4366 0.4850 0.1961 0.1356 0.1803 0.3241 0.5181 0.3596 0.1395 0.1511 0.2426 0.4615 0.4696 0.1728 0.1370 0.1899 0.3491 0.5156 0.3186 0.1367 0.1576 0.2631 0.4915 0.4427 0.1552 0.1403 0.2058 0.3886 0.5052 0.2609 0.1350 0.1428 0.1350 0.2609 0.5052 0.3886 0.2058 0.1403 0.1552 0.4427 0.4915 0.2631 0.1576 0.1367 0.3186 0.5156 0.3491 0.1899 0.1370 0.1728 0.4696 0.4615 0.2426 0.1511 0.1395 0.3596 0.5181 0.3241 0.1803 0.1356 0.1961 0.4850 0.4366 0.2292 0.1470 0.1428 0.3886 0.5163 0.3045 0.1729 0.1350 0.2270 0.4968 0.4119 0.2172 0.1435 0.1473 0.4142 0.5098 0.2864 0.1662 0.1395
0.1694 0.2890 0.5112 0.4105 0.1465 0.1440 0.2189 0.4157 0.4951 0.2218 0.1350 0.1739 0.3074 0.5168 0.3844 0.1422 0.1476 0.2311 0.4403 0.4830 0.1921 0.1357 0.1815 0.3272 0.5180 0.3550 0.1391 0.1517 0.2445 0.4645 0.4676 0.1710 0.1371 0.1908 0.3512 0.5153 0.3160 0.1366 0.1580 0.2639 0.4922 0.4421 0.1550 0.1403 0.2057 0.3882 0.5051 0.2566 0.1350 0.1622 0.2180 0.1622 0.1350 0.2566 0.5051 0.3882 0.2057 0.1403 0.1550 0.4421 0.4922 0.2639 0.1580 0.1366 0.3160 0.5153 0.3512 0.1908 0.1371 0.1710 0.4676 0.4645 0.2445 0.1517 0.1391 0.3550 0.5180 0.3272 0.1815 0.1357 0.1921 0.4830 0.4403 0.2311 0.1476 0.1422 0.3844 0.5168 0.3074 0.1739 0.1350 0.2218 0.4951 0.4157 0.2189 0.1440 0.1465 0.4105 0.5112 0.2890 0.1694
0.2912 0.5124 0.4067 0.1457 0.1445 0.2207 0.4194 0.4935 0.2168 0.1351 0.1750 0.3103 0.5172 0.3801 0.1417 0.1482 0.2331 0.4440 0.4809 0.1883 0.1359 0.1828 0.3304 0.5179 0.3502 0.1387 0.1524 0.2466 0.4677 0.4655 0.1691 0.1373 0.1918 0.3534 0.5149 0.3130 0.1365 0.1583 0.2649 0.4932 0.4411 0.1547 0.1404 0.2058 0.3882 0.5052 0.2560 0.1350 0.1670 0.2782 0.4189 0.2782 0.1670 0.1350 0.2560 0.5052 0.3882 0.2058 0.1404 0.1547 0.4411 0.4932 0.2649 0.1583 0.1365 0.3130 0.5149 0.3534 0.1918 0.1373 0.1691 0.4655 0.4677 0.2466 0.1524 0.1387 0.3502 0.5179 0.3304 0.1828 0.1359 0.1883 0.4809 0.4440 0.2331 0.1482 0.1417 0.3801 0.5172 0.3103 0.1750 0.1351 0.2168 0.4935 0.4194 0.2207 0.1445 0.1457 0.4067 0.5124 0.2912
0.5120 0.4031 0.1451 0.1450 0.2224 0.4230 0.4918 0.2122 0.1352 0.1761 0.3131 0.5176 0.3760 0.1412 0.1487 0.2349 0.4476 0.4788 0.1850 0.1360 0.1839 0.3334 0.5177 0.3456 0.1384 0.1531 0.2486 0.4708 0.4631 0.1673 0.1376 0.1928 0.3558 0.5145 0.3098 0.1363 0.1587 0.2659 0.4942 0.4400 0.1544 0.1405 0.2061 0.3886 0.5051 0.2560 0.1350 0.1680 0.2900 0.5051 0.4921 0.5051 0.2900 0.1680 0.1350 0.2560 0.5051 0.3886 0.2061 0.1405 0.1544 0.4400 0.4942 0.2659 0.1587 0.1363 0.3098 0.5145 0.3558 0.1928 0.1376 0.1673 0.4631 0.4708 0.2486 0.1531 0.1384 0.3456 0.5177 0.3334 0.1839 0.1360 0.1850 0.4788 0.4476 0.2349 0.1487 0.1412 0.3760 0.5176 0.3131 0.1761 0.1352 0.2122 0.4918 0.4230 0.2224 0.1450 0.1451 0.4031 0.5120
0.4017 0.1445 0.1454 0.2238 0.4258 0.4904 0.2086 0.1352 0.1769 0.3153 0.5177 0.3727 0.1408 0.1492 0.2364 0.4503 0.4772 0.1825 0.1361 0.1849 0.3358 0.5175 0.3419 0.1381 0.1536 0.2502 0.4732 0.4612 0.1659 0.1377 0.1937 0.3579 0.5140 0.3071 0.1362 0.1590 0.2667 0.4949 0.4392 0.1541 0.1405 0.2062 0.3887 0.5052 0.2566 0.1350 0.1680 0.2920 0.5117 0.4232 0.2159 0.4232 0.5117 0.2920 0.1680 0.1350 0.2566 0.5052 0.3887 0.2062 0.1405 0.1541 0.4392 0.4949 0.2667 0.1590 0.1362 0.3071 0.5140 0.3579 0.1937 0.1377 0.1659 0.4612 0.4732 0.2502 0.1536 0.1381 0.3419 0.5175 0.3358 0.1849 0.1361 0.1825 0.4772 0.4503 0.2364 0.1492 0.1408 0.3727 0.5177 0.3153 0.1769 0.1352 0.2086 0.4904 0.4258 0.2238 0.1454 0.1445 0.4017
0.1489 0.1452 0.2235 0.4253 0.4905 0.2091 0.1351 0.1767 0.3150 0.5176 0.3732 0.1407 0.1490 0.2361 0.4498 0.4774 0.1828 0.1360 0.1846 0.3354 0.5174 0.3425 0.1380 0.1534 0.2499 0.4728 0.4615 0.1660 0.1376 0.1934 0.3572 0.5141 0.3084 0.1362 0.1586 0.2658 0.4937 0.4407 0.1547 0.1402 0.2051 0.3862 0.5059 0.2609 0.1350 0.1670 0.2900 0.5117 0.4105 0.1494 0.1340 0.1494 0.4105 0.5117 0.2900 0.1670 0.1350 0.2609 0.5059 0.3862 0.2051 0.1402 0.1547 0.4407 0.4937 0.2658 0.1586 0.1362 0.3084 0.5141 0.3572 0.1934 0.1376 0.1660 0.4615 0.4728 0.2499 0.1534 0.1380 0.3425 0.5174 0.3354 0.1846 0.1360 0.1828 0.4774 0.4498 0.2361 0.1490 0.1407 0.3732 0.5176 0.3150 0.1767 0.1351 0.2091 0.4905 0.4253 0.2235 0.1452 0.1489
0.1460 0.2162 0.4112 0.4964 0.2280 0.1344 0.1718 0.3038 0.5155 0.3895 0.1424 0.1462 0.2282 0.4359 0.4847 0.1968 0.1350 0.1793 0.3235 0.5174 0.3608 0.1391 0.1502 0.2414 0.4598 0.4705 0.1744 0.1362 0.1876 0.3446 0.5157 0.3286 0.1367 0.1550 0.2562 0.4825 0.4525 0.1599 0.1382 0.1982 0.3713 0.5099 0.2847 0.1350 0.1622 0.2782 0.5051 0.4232 0.1494 0.1391 0.1677 0.1391 0.1494 0.4232 0.5051 0.2782 0.1622 0.1350 0.2847 0.5099 0.3713 0.1982 0.1382 0.1599 0.4525 0.4825 0.2562 0.1550 0.1367 0.3286 0.5157 0.3446 0.1876 0.1362 0.1744 0.4705 0.4598 0.2414 0.1502 0.1391 0.3608 0.5174 0.3235 0.1793 0.1350 0.1968 0.4847 0.4359 0.2282 0.1462 0.1424 0.3895 0.5155 0.3038 0.1718 0.1344 0.2280 0.4964 0.4112 0.2162 0.1460
0.1787 0.3182 0.5170 0.3682 0.1388 0.1484 0.2369 0.4545 0.4739 0.1787 0.1354 0.1845 0.3388 0.5160 0.3372 0.1364 0.1529 0.2511 0.4770 0.4577 0.1629 0.1370 0.1934 0.3612 0.5121 0.3033 0.1349 0.1580 0.2665 0.4956 0.4387 0.1530 0.1392 0.2034 0.3854 0.5053 0.2652 0.1341 0.1645 0.2856 0.5098 0.4119 0.1451 0.1428 0.2180 0.4188 0.4921 0.2159 0.1340 0.1677 0.2293 0.1677 0.1340 0.2159 0.4921 0.4189 0.2180 0.1428 0.1451 0.4119 0.5098 0.2856 0.1645 0.1341 0.2652 0.5053 0.3854 0.2034 0.1392 0.1530 0.4387 0.4956 0.2665 0.1580 0.1349 0.3033 0.5121 0.3612 0.1934 0.1370 0.1629 0.4577 0.4770 0.2511 0.1529 0.1364 0.3372 0.5160 0.3388 0.1845 0.1354 0.1787 0.4739 0.4545 0.2369 0.1484 0.1388 0.3682 0.5170 0.3182 0.1787
0.1460 0.2162 0.4112 0.4964 0.2280 0.1344 0.1718 0.3038 0.5155 0.3895 0.1424 0.1462 0.2282 0.4359 0.4847 0.1968 0.1350 0.1793 0.3235 0.5174 0.3608 0.1391 0.1502 0.2414 0.4598 0.4705 0.1744 0.1362 0.1876 0.3446 0.5157 0.3286 0.1367 0.1550 0.2562 0.4825 0.4525 0.1599 0.1382 0.1982 0.3713 0.5099 0.2847 0.1350 0.1622 0.2782 0.5051 0.4232 0.1494 0.1391 0.1677 0.1391 0.1494 0.4232 0.5051 0.2782 0.1622 0.1350 0.2847 0.5099 0.3713 0.1982 0.1382 0.1599 0.4525 0.4825 0.2562 0.1550 0.1367 0.3286 0.5157 0.3446 0.1876 0.1362 0.1744 0.4705 0.4598 0.2414 0.1502 0.1391 0.3608 0.5174 0.3235 0.1793 0.1350 0.1968 0.4847 0.4359 0.2282 0.1462 0.1424 0.3895 0.5155 0.3038 0.1718 0.1344 0.2280 0.4964 0.4112 0.2162 0.1460
0.1489 0.1452 0.2235 0.4253 0.4905 0.2091 0.1351 0.1767 0.3150 0.5176 0.3732 0.1407 0.1490 0.2361 0.4498 0.4774 0.1828 0.1360 0.1846 0.3354 0.5174 0.3425 0.1380 0.1534 0.2499 0.4728 0.4615 0.1660 0.1376 0.1934 0.3572 0.5141 0.3084 0.1362 0.1586 0.2658 0.4937 0.4407 0.1547 0.1402 0.2051 0.3862 0.5059 0.2609 0.1350 0.1670 0.2900 0.5117 0.4105 0.1494 0.1340 0.1494 0.4105 0.5117 0.2900 0.1670 0.1350 0.2609 0.5059 0.3862 0.2051 0.1402 0.1547 0.4407 0.4937 0.2658 0.1586 0.1362 0.3084 0.5141 0.3572 0.1934 0.1376 0.1660 0.4615 0.4728 0.2499 0.1534 0.1380 0.3425 0.5174 0.3354 0.1846 0.1360 0.1828 0.4774 0.4498 0.2361 0.1490 0.1407 0.3732 0.5176 0.3150 0.1767 0.1351 0.2091 0.4905 0.4253 0.2235 0.1452 0.1489
0.4017 0.1445 0.1454 0.2238 0.4258 0.4904 0.2086 0.1352 0.1769 0.3153 0.5177 0.3727 0.1408 0.1492 0.2364 0.4503 0.4772 0.1825 0.1361 0.1849 0.3358 0.5175 0.3419 0.1381 0.1536 0.2502 0.4732 0.4612 0.1659 0.1377 0.1937 0.3579 0.5140 0.3071 0.1362 0.1590 0.2667 0.4949 0.4392 0.1541 0.1405 0.2062 0.3887 0.5052 0.2566 0.1350 0.1680 0.2920 0.5117 0.4232 0.2159 0.4232 0.5117 0.2920 0.1680 0.1350 0.2566 0.5052 0.3887 0.2062 0.1405 0.1541 0.4392 0.4949 0.2667 0.1590 0.1362 0.3071 0.5140 0.3579 0.1937 0.1377 0.1659 0.4612 0.4732 0.2502 0.1536 0.1381 0.3419 0.5175 0.3358 0.1849 0.1361 0.1825 0.4772 0.4503 0.2364 0.1492 0.1408 0.3727 0.5177 0.3153 0.1769 0.1352 0.2086 0.4904 0.4258 0.2238 0.1454 0.1445 0.4017
0.5120 0.4031 0.1451 0.1450 0.2224 0.4230 0.4918 0.2122 0.1352 0.1761 0.3131 0.5176 0.3760 0.1412 0.1487 0.2349 0.4476 0.4788 0.1850 0.1360 0.1839 0.3334 0.5177 0.3456 0.1384 0.1531 0.2486 0.4708 0.4631 0.1673 0.1376 0.1928 0.3558 0.5145 0.3098 0.1363 0.1587 0.2659 0.4942 0.4400 0.1544 0.1405 0.2061 0.3886 0.5051 0.2560 0.1350 0.1680 0.2900 0.5051 0.4921 0.5051 0.2900 0.1680 0.1350 0.2560 0.5051 0.3886 0.2061 0.1405 0.1544 0.4400 0.4942 0.2659 0.1587 0.1363 0.3098 0.5145 0.3558 0.1928 0.1376 0.1673 0.4631 0.4708 0.2486 0.1531 0.1384 0.3456 0.5177 0.3334 0.1839 0.1360 0.1850 0.4788 0.4476 0.2349 0.1487 0.1412 0.3760 0.5176 0.3131 0.1761 0.1352 0.2122 0.4918 0.4230 0.2224 0.1450 0.1451 0.4031 0.5120
0.2912 0.5124 0.4067 0.1457 0.1445 0.2207 0.4194 0.4935 0.2168 0.1351 0.1750 0.3103 0.5172 0.3801 0.1417 0.1482 0.2331 0.4440 0.4809 0.1883 0.1359 0.1828 0.3304 0.5179 0.3502 0.1387 0.1524 0.2466 0.4677 0.4655 0.1691 0.1373 0.1918 0.3534 0.5149 0.3130 0.1365 0.1583 0.2649 0.4932 0.4411 0.1547 0.1404 0.2058 0.3882 0.5052 0.2560 0.1350 0.1670 0.2782 0.4189 0.2782 0.1670 0.1350 0.2560 0.5052 0.3882 0.2058 0.1404 0.1547 0.4411 0.4932 0.2649 0.1583 0.1365 0.3130 0.5149 0.3534 0.1918 0.1373 0.1691 0.4655 0.4677 0.2466 0.1524 0.1387 0.3502 0.5179 0.3304 0.1828 0.1359 0.1883 0.4809 0.4440 0.2331 0.1482 0.1417 0.3801 0.5172 0.3103 0.1750 0.1351 0.2168 0.4935 0.4194 0.2207 0.1445 0.1457 0.4067 0.5124 0.2912
