1.0000 0.0004 0.0055 0.0825 1.0000 1.0000 0.0001 0.0020 0.0300 0.4465 1.0000 0.0000 0.0007 0.0109 0.1617 1.0000 1.0000 0.0003 0.0039 0.0586 0.8704 1.0000 0.0001 0.0014 0.0212 0.3152 1.0000 1.0000 0.0005 0.0077 0.1142 1.0000 1.0000 0.0002 0.0028 0.0414 0.6146 1.0000 0.0001 0.0010 0.0150 0.2226 1.0000 1.0000 0.0004 0.0054 0.0803 1.0000 1.0000 0.0001 0.0006 0.0001 1.0000 1.0000 0.0803 0.0054 0.0004 1.0000 1.0000 0.2226 0.0150 0.0010 0.0001 1.0000 0.6146 0.0414 0.0028 0.0002 1.0000 1.0000 0.1142 0.0077 0.0005 1.0000 1.0000 0.3152 0.0212 0.0014 0.0001 1.0000 0.8704 0.0586 0.0039 0.0003 1.0000 1.0000 0.1617 0.0109 0.0007 0.0000 1.0000 0.4465 0.0300 0.0020 0.0001 1.0000 1.0000 0.0825 0.0055 0.0004 1.0000
0.0004 0.0056 0.0823 1.0000 1.0000 0.0001 0.0020 0.0297 0.4414 1.0000 0.0000 0.0007 0.0108 0.1599 1.0000 1.0000 0.0003 0.0039 0.0579 0.8605 1.0000 0.0001 0.0014 0.0210 0.3117 1.0000 1.0000 0.0005 0.0076 0.1129 1.0000 1.0000 0.0002 0.0028 0.0409 0.6076 1.0000 0.0001 0.0010 0.0148 0.2201 1.0000 1.0000 0.0004 0.0054 0.0797 1.0000 1.0000 0.0001 0.0015 0.0081 0.0015 0.0001 1.0000 1.0000 0.0797 0.0054 0.0004 1.0000 1.0000 0.2201 0.0148 0.0010 0.0001 1.0000 0.6076 0.0409 0.0028 0.0002 1.0000 1.0000 0.1129 0.0076 0.0005 1.0000 1.0000 0.3117 0.0210 0.0014 0.0001 1.0000 0.8605 0.0579 0.0039 0.0003 1.0000 1.0000 0.1599 0.0108 0.0007 0.0000 1.0000 0.4414 0.0297 0.0020 0.0001 1.0000 1.0000 0.0823 0.0056 0.0004
0.0055 0.0823 1.0000 1.0000 0.0001 0.0019 0.0287 0.4266 1.0000 0.0000 0.0007 0.0104 0.1539 1.0000 1.0000 0.0003 0.0038 0.0557 0.8284 1.0000 0.0001 0.0014 0.0202 0.3000 1.0000 1.0000 0.0005 0.0073 0.1087 1.0000 1.0000 0.0002 0.0026 0.0394 0.5849 1.0000 0.0001 0.0010 0.0143 0.2119 1.0000 1.0000 0.0003 0.0052 0.0767 1.0000 1.0000 0.0001 0.0018 0.0220 0.1151 0.0220 0.0018 0.0001 1.0000 1.0000 0.0767 0.0052 0.0003 1.0000 1.0000 0.2119 0.0143 0.0010 0.0001 1.0000 0.5849 0.0394 0.0026 0.0002 1.0000 1.0000 0.1087 0.0073 0.0005 1.0000 1.0000 0.3000 0.0202 0.0014 0.0001 1.0000 0.8284 0.0557 0.0038 0.0003 1.0000 1.0000 0.1539 0.0104 0.0007 0.0000 1.0000 0.4266 0.0287 0.0019 0.0001 1.0000 1.0000 0.0823 0.0055
0.0825 1.0000 1.0000 0.0001 0.0019 0.0280 0.4138 1.0000 0.0000 0.0007 0.0100 0.1484 1.0000 1.0000 0.0002 0.0036 0.0537 0.7975 1.0000 0.0001 0.0013 0.0194 0.2888 1.0000 1.0000 0.0005 0.0070 0.1046 1.0000 1.0000 0.0002 0.0025 0.0379 0.5631 1.0000 0.0001 0.0009 0.0137 0.2039 1.0000 1.0000 0.0003 0.0050 0.0739 1.0000 1.0000 0.0001 0.0018 0.0254 0.3152 1.0000 0.3152 0.0254 0.0018 0.0001 1.0000 1.0000 0.0739 0.0050 0.0003 1.0000 1.0000 0.2039 0.0137 0.0009 0.0001 1.0000 0.5631 0.0379 0.0025 0.0002 1.0000 1.0000 0.1046 0.0070 0.0005 1.0000 1.0000 0.2888 0.0194 0.0013 0.0001 1.0000 0.7975 0.0537 0.0036 0.0002 1.0000 1.0000 0.1484 0.0100 0.0007 0.0000 1.0000 0.4138 0.0280 0.0019 0.0001 1.0000 1.0000 0.0825
1.0000 1.0000 0.0001 0.0019 0.0277 0.4060 1.0000 0.0000 0.0007 0.0097 0.1435 1.0000 1.0000 0.0002 0.0035 0.0517 0.7677 1.0000 0.0001 0.0013 0.0187 0.2781 1.0000 1.0000 0.0005 0.0068 0.1007 1.0000 1.0000 0.0002 0.0025 0.0365 0.5421 1.0000 0.0001 0.0009 0.0132 0.1963 1.0000 1.0000 0.0003 0.0048 0.0711 1.0000 1.0000 0.0001 0.0017 0.0255 0.3629 1.0000 1.0000 1.0000 0.3629 0.0255 0.0017 0.0001 1.0000 1.0000 0.0711 0.0048 0.0003 1.0000 1.0000 0.1963 0.0132 0.0009 0.0001 1.0000 0.5421 0.0365 0.0025 0.0002 1.0000 1.0000 0.1007 0.0068 0.0005 1.0000 1.0000 0.2781 0.0187 0.0013 0.0001 1.0000 0.7677 0.0517 0.0035 0.0002 1.0000 1.0000 0.1435 0.0097 0.0007 0.0000 1.0000 0.4060 0.0277 0.0019 0.0001 1.0000 1.0000
1.0000 0.0001 0.0019 0.0280 0.4060 1.0000 0.0000 0.0006 0.0094 0.1394 1.0000 1.0000 0.0002 0.0034 0.0498 0.7405 1.0000 0.0001 0.0012 0.0180 0.2677 1.0000 1.0000 0.0004 0.0065 0.0970 1.0000 1.0000 0.0002 0.0024 0.0351 0.5218 1.0000 0.0001 0.0009 0.0127 0.1890 1.0000 1.0000 0.0003 0.0046 0.0685 1.0000 1.0000 0.0001 0.0017 0.0247 0.3643 1.0000 1.0000 0.0002 1.0000 1.0000 0.3643 0.0247 0.0017 0.0001 1.0000 1.0000 0.0685 0.0046 0.0003 1.0000 1.0000 0.1890 0.0127 0.0009 0.0001 1.0000 0.5218 0.0351 0.0024 0.0002 1.0000 1.0000 0.0970 0.0065 0.0004 1.0000 1.0000 0.2677 0.0180 0.0012 0.0001 1.0000 0.7405 0.0498 0.0034 0.0002 1.0000 1.0000 0.1394 0.0094 0.0006 0.0000 1.0000 0.4060 0.0280 0.0019 0.0001 1.0000
0.0001 0.0020 0.0287 0.4138 1.0000 0.0000 0.0006 0.0093 0.1365 1.0000 1.0000 0.0002 0.0033 0.0482 0.7155 1.0000 0.0001 0.0012 0.0173 0.2577 1.0000 1.0000 0.0004 0.0063 0.0933 1.0000 1.0000 0.0002 0.0023 0.0338 0.5024 1.0000 0.0001 0.0008 0.0122 0.1820 1.0000 1.0000 0.0003 0.0044 0.0659 0.9793 1.0000 0.0001 0.0016 0.0239 0.3540 1.0000 1.0000 0.0005 0.0024 0.0005 1.0000 1.0000 0.3540 0.0239 0.0016 0.0001 1.0000 0.9793 0.0659 0.0044 0.0003 1.0000 1.0000 0.1820 0.0122 0.0008 0.0001 1.0000 0.5024 0.0338 0.0023 0.0002 1.0000 1.0000 0.0933 0.0063 0.0004 1.0000 1.0000 0.2577 0.0173 0.0012 0.0001 1.0000 0.7155 0.0482 0.0033 0.0002 1.0000 1.0000 0.1365 0.0093 0.0006 0.0000 1.0000 0.4138 0.0287 0.0020 0.0001
0.0020 0.0297 0.4266 1.0000 0.0000 0.0006 0.0093 0.1358 1.0000 1.0000 0.0002 0.0032 0.0469 0.6928 1.0000 0.0001 0.0011 0.0167 0.2485 1.0000 1.0000 0.0004 0.0060 0.0899 1.0000 1.0000 0.0001 0.0022 0.0325 0.4836 1.0000 0.0001 0.0008 0.0118 0.1752 1.0000 1.0000 0.0003 0.0043 0.0634 0.9427 1.0000 0.0001 0.0015 0.0230 0.3415 1.0000 1.0000 0.0005 0.0066 0.0345 0.0066 0.0005 1.0000 1.0000 0.3415 0.0230 0.0015 0.0001 1.0000 0.9427 0.0634 0.0043 0.0003 1.0000 1.0000 0.1752 0.0118 0.0008 0.0001 1.0000 0.4836 0.0325 0.0022 0.0001 1.0000 1.0000 0.0899 0.0060 0.0004 1.0000 1.0000 0.2485 0.0167 0.0011 0.0001 1.0000 0.6928 0.0469 0.0032 0.0002 1.0000 1.0000 0.1358 0.0093 0.0006 0.0000 1.0000 0.4266 0.0297 0.0020
0.0300 0.4414 1.0000 0.0000 0.0007 0.0094 0.1365 1.0000 1.0000 0.0002 0.0031 0.0458 0.6759 1.0000 0.0001 0.0011 0.0162 0.2402 1.0000 1.0000 0.0004 0.0058 0.0865 1.0000 1.0000 0.0001 0.0021 0.0313 0.4656 1.0000 0.0001 0.0008 0.0113 0.1686 1.0000 1.0000 0.0003 0.0041 0.0611 0.9076 1.0000 0.0001 0.0015 0.0221 0.3287 1.0000 1.0000 0.0005 0.0076 0.0944 0.4929 0.0944 0.0076 0.0005 1.0000 1.0000 0.3287 0.0221 0.0015 0.0001 1.0000 0.9076 0.0611 0.0041 0.0003 1.0000 1.0000 0.1686 0.0113 0.0008 0.0001 1.0000 0.4656 0.0313 0.0021 0.0001 1.0000 1.0000 0.0865 0.0058 0.0004 1.0000 1.0000 0.2402 0.0162 0.0011 0.0001 1.0000 0.6759 0.0458 0.0031 0.0002 1.0000 1.0000 0.1365 0.0094 0.0007 0.0000 1.0000 0.4414 0.0300
0.4465 1.0000 0.0000 0.0007 0.0097 0.1394 1.0000 1.0000 0.0002 0.0031 0.0452 0.6644 1.0000 0.0001 0.0011 0.0157 0.2325 1.0000 1.0000 0.0004 0.0056 0.0834 1.0000 1.0000 0.0001 0.0020 0.0302 0.4482 1.0000 0.0000 0.0007 0.0109 0.1623 1.0000 1.0000 0.0003 0.0040 0.0588 0.8737 1.0000 0.0001 0.0014 0.0213 0.3164 1.0000 1.0000 0.0005 0.0076 0.1087 1.0000 1.0000 1.0000 0.1087 0.0076 0.0005 1.0000 1.0000 0.3164 0.0213 0.0014 0.0001 1.0000 0.8737 0.0588 0.0040 0.0003 1.0000 1.0000 0.1623 0.0109 0.0007 0.0000 1.0000 0.4482 0.0302 0.0020 0.0001 1.0000 1.0000 0.0834 0.0056 0.0004 1.0000 1.0000 0.2325 0.0157 0.0011 0.0001 1.0000 0.6644 0.0452 0.0031 0.0002 1.0000 1.0000 0.1394 0.0097 0.0007 0.0000 1.0000 0.4465
1.0000 0.0000 0.0007 0.0100 0.1435 1.0000 1.0000 0.0002 0.0031 0.0452 0.6606 1.0000 0.0001 0.0010 0.0154 0.2269 1.0000 1.0000 0.0004 0.0054 0.0806 1.0000 1.0000 0.0001 0.0020 0.0290 0.4315 1.0000 0.0000 0.0007 0.0105 0.1563 1.0000 1.0000 0.0003 0.0038 0.0566 0.8411 1.0000 0.0001 0.0014 0.0205 0.3046 1.0000 1.0000 0.0005 0.0074 0.1091 1.0000 1.0000 0.0001 1.0000 1.0000 0.1091 0.0074 0.0005 1.0000 1.0000 0.3046 0.0205 0.0014 0.0001 1.0000 0.8411 0.0566 0.0038 0.0003 1.0000 1.0000 0.1563 0.0105 0.0007 0.0000 1.0000 0.4315 0.0290 0.0020 0.0001 1.0000 1.0000 0.0806 0.0054 0.0004 1.0000 1.0000 0.2269 0.0154 0.0010 0.0001 1.0000 0.6606 0.0452 0.0031 0.0002 1.0000 1.0000 0.1435 0.0100 0.0007 0.0000 1.0000
0.0000 0.0007 0.0104 0.1484 1.0000 1.0000 0.0002 0.0032 0.0458 0.6644 1.0000 0.0001 0.0010 0.0151 0.2222 1.0000 1.0000 0.0004 0.0053 0.0781 1.0000 1.0000 0.0001 0.0019 0.0280 0.4153 1.0000 0.0000 0.0007 0.0101 0.1504 1.0000 1.0000 0.0002 0.0037 0.0545 0.8097 1.0000 0.0001 0.0013 0.0197 0.2933 1.0000 1.0000 0.0005 0.0071 0.1060 1.0000 1.0000 0.0001 0.0007 0.0001 1.0000 1.0000 0.1060 0.0071 0.0005 1.0000 1.0000 0.2933 0.0197 0.0013 0.0001 1.0000 0.8097 0.0545 0.0037 0.0002 1.0000 1.0000 0.1504 0.0101 0.0007 0.0000 1.0000 0.4153 0.0280 0.0019 0.0001 1.0000 1.0000 0.0781 0.0053 0.0004 1.0000 1.0000 0.2222 0.0151 0.0010 0.0001 1.0000 0.6644 0.0458 0.0032 0.0002 1.0000 1.0000 0.1484 0.0104 0.0007 0.0000
0.0007 0.0108 0.1539 1.0000 1.0000 0.0002 0.0033 0.0469 0.6759 1.0000 0.0001 0.0010 0.0150 0.2196 1.0000 1.0000 0.0003 0.0051 0.0760 1.0000 1.0000 0.0001 0.0018 0.0271 0.4006 1.0000 0.0000 0.0007 0.0097 0.1448 1.0000 1.0000 0.0002 0.0035 0.0525 0.7795 1.0000 0.0001 0.0013 0.0190 0.2823 1.0000 1.0000 0.0005 0.0069 0.1023 1.0000 1.0000 0.0002 0.0020 0.0103 0.0020 0.0002 1.0000 1.0000 0.1023 0.0069 0.0005 1.0000 1.0000 0.2823 0.0190 0.0013 0.0001 1.0000 0.7795 0.0525 0.0035 0.0002 1.0000 1.0000 0.1448 0.0097 0.0007 0.0000 1.0000 0.4006 0.0271 0.0018 0.0001 1.0000 1.0000 0.0760 0.0051 0.0003 1.0000 1.0000 0.2196 0.0150 0.0010 0.0001 1.0000 0.6759 0.0469 0.0033 0.0002 1.0000 1.0000 0.1539 0.0108 0.0007
0.0109 0.1599 1.0000 1.0000 0.0002 0.0034 0.0482 0.6928 1.0000 0.0001 0.0010 0.0151 0.2196 1.0000 1.0000 0.0003 0.0050 0.0743 1.0000 1.0000 0.0001 0.0018 0.0262 0.3879 1.0000 0.0000 0.0006 0.0094 0.1394 1.0000 1.0000 0.0002 0.0034 0.0505 0.7504 1.0000 0.0001 0.0012 0.0183 0.2718 1.0000 1.0000 0.0004 0.0066 0.0984 1.0000 1.0000 0.0002 0.0023 0.0283 0.1476 0.0283 0.0023 0.0002 1.0000 1.0000 0.0984 0.0066 0.0004 1.0000 1.0000 0.2718 0.0183 0.0012 0.0001 1.0000 0.7504 0.0505 0.0034 0.0002 1.0000 1.0000 0.1394 0.0094 0.0006 0.0000 1.0000 0.3879 0.0262 0.0018 0.0001 1.0000 1.0000 0.0743 0.0050 0.0003 1.0000 1.0000 0.2196 0.0151 0.0010 0.0001 1.0000 0.6928 0.0482 0.0034 0.0002 1.0000 1.0000 0.1599 0.0109
0.1617 1.0000 1.0000 0.0002 0.0035 0.0498 0.7155 1.0000 0.0001 0.0011 0.0154 0.2222 1.0000 1.0000 0.0003 0.0050 0.0733 1.0000 1.0000 0.0001 0.0017 0.0255 0.3770 1.0000 0.0000 0.0006 0.0091 0.1345 1.0000 1.0000 0.0002 0.0033 0.0486 0.7224 1.0000 0.0001 0.0012 0.0176 0.2616 1.0000 1.0000 0.0004 0.0064 0.0948 1.0000 1.0000 0.0002 0.0023 0.0325 0.4044 1.0000 0.4044 0.0325 0.0023 0.0002 1.0000 1.0000 0.0948 0.0064 0.0004 1.0000 1.0000 0.2616 0.0176 0.0012 0.0001 1.0000 0.7224 0.0486 0.0033 0.0002 1.0000 1.0000 0.1345 0.0091 0.0006 0.0000 1.0000 0.3770 0.0255 0.0017 0.0001 1.0000 1.0000 0.0733 0.0050 0.0003 1.0000 1.0000 0.2222 0.0154 0.0011 0.0001 1.0000 0.7155 0.0498 0.0035 0.0002 1.0000 1.0000 0.1617
1.0000 1.0000 0.0003 0.0036 0.0517 0.7405 1.0000 0.0001 0.0011 0.0157 0.2269 1.0000 1.0000 0.0003 0.0050 0.0730 1.0000 1.0000 0.0001 0.0017 0.0249 0.3671 1.0000 0.0000 0.0006 0.0088 0.1302 1.0000 1.0000 0.0002 0.0031 0.0468 0.6954 1.0000 0.0001 0.0011 0.0170 0.2519 1.0000 1.0000 0.0004 0.0061 0.0912 1.0000 1.0000 0.0001 0.0022 0.0327 0.4656 1.0000 1.0000 1.0000 0.4656 0.0327 0.0022 0.0001 1.0000 1.0000 0.0912 0.0061 0.0004 1.0000 1.0000 0.2519 0.0170 0.0011 0.0001 1.0000 0.6954 0.0468 0.0031 0.0002 1.0000 1.0000 0.1302 0.0088 0.0006 0.0000 1.0000 0.3671 0.0249 0.0017 0.0001 1.0000 1.0000 0.0730 0.0050 0.0003 1.0000 1.0000 0.2269 0.0157 0.0011 0.0001 1.0000 0.7405 0.0517 0.0036 0.0003 1.0000 1.0000
1.0000 0.0003 0.0038 0.0537 0.7677 1.0000 0.0001 0.0011 0.0162 0.2325 1.0000 1.0000 0.0003 0.0050 0.0733 1.0000 1.0000 0.0001 0.0017 0.0245 0.3601 1.0000 0.0000 0.0006 0.0085 0.1263 1.0000 1.0000 0.0002 0.0030 0.0451 0.6695 1.0000 0.0001 0.0011 0.0163 0.2425 1.0000 1.0000 0.0004 0.0059 0.0878 1.0000 1.0000 0.0001 0.0021 0.0317 0.4673 1.0000 0.0000 0.0002 0.0000 1.0000 0.4673 0.0317 0.0021 0.0001 1.0000 1.0000 0.0878 0.0059 0.0004 1.0000 1.0000 0.2425 0.0163 0.0011 0.0001 1.0000 0.6695 0.0451 0.0030 0.0002 1.0000 1.0000 0.1263 0.0085 0.0006 0.0000 1.0000 0.3601 0.0245 0.0017 0.0001 1.0000 1.0000 0.0733 0.0050 0.0003 1.0000 1.0000 0.2325 0.0162 0.0011 0.0001 1.0000 0.7677 0.0537 0.0038 0.0003 1.0000
0.0003 0.0039 0.0557 0.7975 1.0000 0.0001 0.0012 0.0167 0.2402 1.0000 1.0000 0.0004 0.0051 0.0743 1.0000 1.0000 0.0001 0.0017 0.0243 0.3561 1.0000 0.0000 0.0006 0.0083 0.1230 1.0000 1.0000 0.0002 0.0029 0.0436 0.6457 1.0000 0.0001 0.0011 0.0157 0.2334 1.0000 1.0000 0.0004 0.0057 0.0845 1.0000 1.0000 0.0001 0.0021 0.0306 0.4542 1.0000 0.0000 0.0006 0.0031 0.0006 0.0000 1.0000 0.4542 0.0306 0.0021 0.0001 1.0000 1.0000 0.0845 0.0057 0.0004 1.0000 1.0000 0.2334 0.0157 0.0011 0.0001 1.0000 0.6457 0.0436 0.0029 0.0002 1.0000 1.0000 0.1230 0.0083 0.0006 0.0000 1.0000 0.3561 0.0243 0.0017 0.0001 1.0000 1.0000 0.0743 0.0051 0.0004 1.0000 1.0000 0.2402 0.0167 0.0012 0.0001 1.0000 0.7975 0.0557 0.0039 0.0003
0.0039 0.0579 0.8284 1.0000 0.0001 0.0012 0.0173 0.2485 1.0000 1.0000 0.0004 0.0053 0.0760 1.0000 1.0000 0.0001 0.0017 0.0243 0.3547 1.0000 1.0000 0.0006 0.0082 0.1202 1.0000 1.0000 0.0002 0.0029 0.0423 0.6252 1.0000 0.0001 0.0010 0.0152 0.2247 1.0000 1.0000 0.0004 0.0055 0.0814 1.0000 1.0000 0.0001 0.0020 0.0295 0.4381 1.0000 0.0000 0.0007 0.0085 0.0442 0.0085 0.0007 0.0000 1.0000 0.4381 0.0295 0.0020 0.0001 1.0000 1.0000 0.0814 0.0055 0.0004 1.0000 1.0000 0.2247 0.0152 0.0010 0.0001 1.0000 0.6252 0.0423 0.0029 0.0002 1.0000 1.0000 0.1202 0.0082 0.0006 1.0000 1.0000 0.3547 0.0243 0.0017 0.0001 1.0000 1.0000 0.0760 0.0053 0.0004 1.0000 1.0000 0.2485 0.0173 0.0012 0.0001 1.0000 0.8284 0.0579 0.0039
0.0586 0.8605 1.0000 0.0001 0.0013 0.0180 0.2577 1.0000 1.0000 0.0004 0.0054 0.0781 1.0000 1.0000 0.0001 0.0017 0.0245 0.3561 1.0000 1.0000 0.0006 0.0081 0.1184 1.0000 1.0000 0.0002 0.0028 0.0412 0.6076 1.0000 0.0001 0.0010 0.0146 0.2167 1.0000 1.0000 0.0004 0.0053 0.0784 1.0000 1.0000 0.0001 0.0019 0.0284 0.4217 1.0000 0.0000 0.0007 0.0097 0.1211 0.6323 0.1211 0.0097 0.0007 0.0000 1.0000 0.4217 0.0284 0.0019 0.0001 1.0000 1.0000 0.0784 0.0053 0.0004 1.0000 1.0000 0.2167 0.0146 0.0010 0.0001 1.0000 0.6076 0.0412 0.0028 0.0002 1.0000 1.0000 0.1184 0.0081 0.0006 1.0000 1.0000 0.3561 0.0245 0.0017 0.0001 1.0000 1.0000 0.0781 0.0054 0.0004 1.0000 1.0000 0.2577 0.0180 0.0013 0.0001 1.0000 0.8605 0.0586
0.8704 1.0000 0.0001 0.0013 0.0187 0.2677 1.0000 1.0000 0.0004 0.0056 0.0806 1.0000 1.0000 0.0001 0.0017 0.0249 0.3601 1.0000 1.0000 0.0006 0.0080 0.1175 1.0000 1.0000 0.0002 0.0027 0.0402 0.5927 1.0000 0.0001 0.0010 0.0142 0.2098 1.0000 1.0000 0.0003 0.0051 0.0754 1.0000 1.0000 0.0001 0.0018 0.0273 0.4060 1.0000 0.0000 0.0007 0.0098 0.1394 1.0000 1.0000 1.0000 0.1394 0.0098 0.0007 0.0000 1.0000 0.4060 0.0273 0.0018 0.0001 1.0000 1.0000 0.0754 0.0051 0.0003 1.0000 1.0000 0.2098 0.0142 0.0010 0.0001 1.0000 0.5927 0.0402 0.0027 0.0002 1.0000 1.0000 0.1175 0.0080 0.0006 1.0000 1.0000 0.3601 0.0249 0.0017 0.0001 1.0000 1.0000 0.0806 0.0056 0.0004 1.0000 1.0000 0.2677 0.0187 0.0013 0.0001 1.0000 0.8704
1.0000 0.0001 0.0014 0.0194 0.2781 1.0000 1.0000 0.0004 0.0058 0.0834 1.0000 1.0000 0.0001 0.0018 0.0255 0.3671 1.0000 0.0000 0.0006 0.0081 0.1175 1.0000 1.0000 0.0002 0.0027 0.0394 0.5805 1.0000 0.0001 0.0009 0.0138 0.2039 1.0000 1.0000 0.0003 0.0049 0.0728 1.0000 1.0000 0.0001 0.0018 0.0263 0.3908 1.0000 0.0000 0.0006 0.0095 0.1400 1.0000 1.0000 0.0001 1.0000 1.0000 0.1400 0.0095 0.0006 0.0000 1.0000 0.3908 0.0263 0.0018 0.0001 1.0000 1.0000 0.0728 0.0049 0.0003 1.0000 1.0000 0.2039 0.0138 0.0009 0.0001 1.0000 0.5805 0.0394 0.0027 0.0002 1.0000 1.0000 0.1175 0.0081 0.0006 0.0000 1.0000 0.3671 0.0255 0.0018 0.0001 1.0000 1.0000 0.0834 0.0058 0.0004 1.0000 1.0000 0.2781 0.0194 0.0014 0.0001 1.0000
0.0001 0.0014 0.0202 0.2888 1.0000 1.0000 0.0004 0.0060 0.0865 1.0000 1.0000 0.0001 0.0018 0.0262 0.3770 1.0000 0.0000 0.0006 0.0082 0.1184 1.0000 1.0000 0.0002 0.0027 0.0390 0.5717 1.0000 0.0001 0.0009 0.0134 0.1986 1.0000 1.0000 0.0003 0.0047 0.0703 1.0000 1.0000 0.0001 0.0017 0.0253 0.3762 1.0000 0.0000 0.0006 0.0092 0.1360 1.0000 1.0000 0.0002 0.0009 0.0002 1.0000 1.0000 0.1360 0.0092 0.0006 0.0000 1.0000 0.3762 0.0253 0.0017 0.0001 1.0000 1.0000 0.0703 0.0047 0.0003 1.0000 1.0000 0.1986 0.0134 0.0009 0.0001 1.0000 0.5717 0.0390 0.0027 0.0002 1.0000 1.0000 0.1184 0.0082 0.0006 0.0000 1.0000 0.3770 0.0262 0.0018 0.0001 1.0000 1.0000 0.0865 0.0060 0.0004 1.0000 1.0000 0.2888 0.0202 0.0014 0.0001
0.0014 0.0210 0.3000 1.0000 1.0000 0.0004 0.0063 0.0899 1.0000 1.0000 0.0001 0.0019 0.0271 0.3879 1.0000 0.0000 0.0006 0.0083 0.1202 1.0000 1.0000 0.0002 0.0027 0.0388 0.5674 1.0000 0.0001 0.0009 0.0132 0.1941 1.0000 1.0000 0.0003 0.0046 0.0682 1.0000 1.0000 0.0001 0.0016 0.0244 0.3622 1.0000 0.0000 0.0006 0.0088 0.1312 1.0000 1.0000 0.0002 0.0025 0.0132 0.0025 0.0002 1.0000 1.0000 0.1312 0.0088 0.0006 0.0000 1.0000 0.3622 0.0244 0.0016 0.0001 1.0000 1.0000 0.0682 0.0046 0.0003 1.0000 1.0000 0.1941 0.0132 0.0009 0.0001 1.0000 0.5674 0.0388 0.0027 0.0002 1.0000 1.0000 0.1202 0.0083 0.0006 0.0000 1.0000 0.3879 0.0271 0.0019 0.0001 1.0000 1.0000 0.0899 0.0063 0.0004 1.0000 1.0000 0.3000 0.0210 0.0014
0.0212 0.3117 1.0000 1.0000 0.0005 0.0065 0.0933 1.0000 1.0000 0.0001 0.0020 0.0280 0.4006 1.0000 0.0000 0.0006 0.0085 0.1230 1.0000 1.0000 0.0002 0.0027 0.0390 0.5674 1.0000 0.0001 0.0009 0.0130 0.1904 1.0000 1.0000 0.0003 0.0045 0.0664 0.9793 1.0000 0.0001 0.0016 0.0236 0.3493 1.0000 0.0000 0.0006 0.0085 0.1263 1.0000 1.0000 0.0002 0.0029 0.0363 0.1894 0.0363 0.0029 0.0002 1.0000 1.0000 0.1263 0.0085 0.0006 0.0000 1.0000 0.3493 0.0236 0.0016 0.0001 1.0000 0.9793 0.0664 0.0045 0.0003 1.0000 1.0000 0.1904 0.0130 0.0009 0.0001 1.0000 0.5674 0.0390 0.0027 0.0002 1.0000 1.0000 0.1230 0.0085 0.0006 0.0000 1.0000 0.4006 0.0280 0.0020 0.0001 1.0000 1.0000 0.0933 0.0065 0.0005 1.0000 1.0000 0.3117 0.0212
0.3152 1.0000 1.0000 0.0005 0.0068 0.0970 1.0000 1.0000 0.0001 0.0020 0.0290 0.4153 1.0000 0.0000 0.0006 0.0088 0.1263 1.0000 1.0000 0.0002 0.0027 0.0394 0.5717 1.0000 0.0001 0.0009 0.0129 0.1883 1.0000 1.0000 0.0003 0.0044 0.0649 0.9554 1.0000 0.0001 0.0015 0.0228 0.3382 1.0000 1.0000 0.0006 0.0082 0.1216 1.0000 1.0000 0.0002 0.0029 0.0418 0.5189 1.0000 0.5189 0.0418 0.0029 0.0002 1.0000 1.0000 0.1216 0.0082 0.0006 1.0000 1.0000 0.3382 0.0228 0.0015 0.0001 1.0000 0.9554 0.0649 0.0044 0.0003 1.0000 1.0000 0.1883 0.0129 0.0009 0.0001 1.0000 0.5717 0.0394 0.0027 0.0002 1.0000 1.0000 0.1263 0.0088 0.0006 0.0000 1.0000 0.4153 0.0290 0.0020 0.0001 1.0000 1.0000 0.0970 0.0068 0.0005 1.0000 1.0000 0.3152
1.0000 1.0000 0.0005 0.0070 0.1007 1.0000 1.0000 0.0001 0.0021 0.0302 0.4315 1.0000 0.0000 0.0006 0.0091 0.1302 1.0000 1.0000 0.0002 0.0028 0.0402 0.5805 1.0000 0.0001 0.0009 0.0129 0.1876 1.0000 1.0000 0.0003 0.0043 0.0636 0.9356 1.0000 0.0001 0.0015 0.0222 0.3287 1.0000 1.0000 0.0005 0.0079 0.1173 1.0000 1.0000 0.0002 0.0028 0.0419 0.5973 1.0000 1.0000 1.0000 0.5973 0.0419 0.0028 0.0002 1.0000 1.0000 0.1173 0.0079 0.0005 1.0000 1.0000 0.3287 0.0222 0.0015 0.0001 1.0000 0.9356 0.0636 0.0043 0.0003 1.0000 1.0000 0.1876 0.0129 0.0009 0.0001 1.0000 0.5805 0.0402 0.0028 0.0002 1.0000 1.0000 0.1302 0.0091 0.0006 0.0000 1.0000 0.4315 0.0302 0.0021 0.0001 1.0000 1.0000 0.1007 0.0070 0.0005 1.0000 1.0000
1.0000 0.0005 0.0073 0.1046 1.0000 1.0000 0.0002 0.0022 0.0313 0.4482 1.0000 0.0000 0.0007 0.0094 0.1345 1.0000 1.0000 0.0002 0.0029 0.0412 0.5927 1.0000 0.0001 0.0009 0.0130 0.1883 1.0000 1.0000 0.0003 0.0043 0.0626 0.9197 1.0000 0.0001 0.0015 0.0217 0.3201 1.0000 1.0000 0.0005 0.0076 0.1133 1.0000 1.0000 0.0002 0.0027 0.0407 0.5995 1.0000 0.0001 0.0003 0.0001 1.0000 0.5995 0.0407 0.0027 0.0002 1.0000 1.0000 0.1133 0.0076 0.0005 1.0000 1.0000 0.3201 0.0217 0.0015 0.0001 1.0000 0.9197 0.0626 0.0043 0.0003 1.0000 1.0000 0.1883 0.0130 0.0009 0.0001 1.0000 0.5927 0.0412 0.0029 0.0002 1.0000 1.0000 0.1345 0.0094 0.0007 0.0000 1.0000 0.4482 0.0313 0.0022 0.0002 1.0000 1.0000 0.1046 0.0073 0.0005 1.0000
0.0005 0.0076 0.1087 1.0000 1.0000 0.0002 0.0023 0.0325 0.4656 1.0000 0.0000 0.0007 0.0097 0.1394 1.0000 1.0000 0.0002 0.0029 0.0423 0.6076 1.0000 0.0001 0.0009 0.0132 0.1904 1.0000 1.0000 0.0003 0.0043 0.0621 0.9093 1.0000 0.0001 0.0014 0.0212 0.3129 1.0000 1.0000 0.0005 0.0074 0.1099 1.0000 1.0000 0.0002 0.0026 0.0394 0.5827 1.0000 0.0001 0.0008 0.0040 0.0008 0.0001 1.0000 0.5827 0.0394 0.0026 0.0002 1.0000 1.0000 0.1099 0.0074 0.0005 1.0000 1.0000 0.3129 0.0212 0.0014 0.0001 1.0000 0.9093 0.0621 0.0043 0.0003 1.0000 1.0000 0.1904 0.0132 0.0009 0.0001 1.0000 0.6076 0.0423 0.0029 0.0002 1.0000 1.0000 0.1394 0.0097 0.0007 0.0000 1.0000 0.4656 0.0325 0.0023 0.0002 1.0000 1.0000 0.1087 0.0076 0.0005
0.0077 0.1129 1.0000 1.0000 0.0002 0.0024 0.0338 0.4836 1.0000 0.0000 0.0007 0.0101 0.1448 1.0000 1.0000 0.0002 0.0030 0.0436 0.6252 1.0000 0.0001 0.0009 0.0134 0.1941 1.0000 1.0000 0.0003 0.0043 0.0621 0.9058 1.0000 0.0001 0.0014 0.0209 0.3070 1.0000 1.0000 0.0005 0.0072 0.1070 1.0000 1.0000 0.0002 0.0026 0.0380 0.5631 1.0000 0.0001 0.0009 0.0109 0.0567 0.0109 0.0009 0.0001 1.0000 0.5631 0.0380 0.0026 0.0002 1.0000 1.0000 0.1070 0.0072 0.0005 1.0000 1.0000 0.3070 0.0209 0.0014 0.0001 1.0000 0.9058 0.0621 0.0043 0.0003 1.0000 1.0000 0.1941 0.0134 0.0009 0.0001 1.0000 0.6252 0.0436 0.0030 0.0002 1.0000 1.0000 0.1448 0.0101 0.0007 0.0000 1.0000 0.4836 0.0338 0.0024 0.0002 1.0000 1.0000 0.1129 0.0077
0.1142 1.0000 1.0000 0.0002 0.0025 0.0351 0.5024 1.0000 0.0001 0.0007 0.0105 0.1504 1.0000 1.0000 0.0002 0.0031 0.0451 0.6457 1.0000 0.0001 0.0010 0.0138 0.1986 1.0000 1.0000 0.0003 0.0043 0.0626 0.9093 1.0000 0.0001 0.0014 0.0206 0.3023 1.0000 1.0000 0.0005 0.0071 0.1046 1.0000 1.0000 0.0002 0.0025 0.0368 0.5452 1.0000 0.0001 0.0009 0.0125 0.1554 0.8112 0.1554 0.0125 0.0009 0.0001 1.0000 0.5452 0.0368 0.0025 0.0002 1.0000 1.0000 0.1046 0.0071 0.0005 1.0000 1.0000 0.3023 0.0206 0.0014 0.0001 1.0000 0.9093 0.0626 0.0043 0.0003 1.0000 1.0000 0.1986 0.0138 0.0010 0.0001 1.0000 0.6457 0.0451 0.0031 0.0002 1.0000 1.0000 0.1504 0.0105 0.0007 0.0001 1.0000 0.5024 0.0351 0.0025 0.0002 1.0000 1.0000 0.1142
1.0000 1.0000 0.0002 0.0025 0.0365 0.5218 1.0000 0.0001 0.0008 0.0109 0.1563 1.0000 1.0000 0.0002 0.0033 0.0468 0.6695 1.0000 0.0001 0.0010 0.0142 0.2039 1.0000 1.0000 0.0003 0.0044 0.0636 0.9197 1.0000 0.0001 0.0014 0.0205 0.3000 1.0000 1.0000 0.0005 0.0070 0.1025 1.0000 1.0000 0.0002 0.0024 0.0357 0.5288 1.0000 0.0001 0.0009 0.0126 0.1789 1.0000 1.0000 1.0000 0.1789 0.0126 0.0009 0.0001 1.0000 0.5288 0.0357 0.0024 0.0002 1.0000 1.0000 0.1025 0.0070 0.0005 1.0000 1.0000 0.3000 0.0205 0.0014 0.0001 1.0000 0.9197 0.0636 0.0044 0.0003 1.0000 1.0000 0.2039 0.0142 0.0010 0.0001 1.0000 0.6695 0.0468 0.0033 0.0002 1.0000 1.0000 0.1563 0.0109 0.0008 0.0001 1.0000 0.5218 0.0365 0.0025 0.0002 1.0000 1.0000
1.0000 0.0002 0.0026 0.0379 0.5421 1.0000 0.0001 0.0008 0.0113 0.1623 1.0000 1.0000 0.0002 0.0034 0.0486 0.6954 1.0000 0.0001 0.0010 0.0146 0.2098 1.0000 1.0000 0.0003 0.0045 0.0649 0.9356 1.0000 0.0001 0.0014 0.0206 0.3000 1.0000 1.0000 0.0005 0.0069 0.1007 1.0000 1.0000 0.0002 0.0024 0.0349 0.5149 1.0000 0.0001 0.0008 0.0123 0.1806 1.0000 1.0000 0.0001 1.0000 1.0000 0.1806 0.0123 0.0008 0.0001 1.0000 0.5149 0.0349 0.0024 0.0002 1.0000 1.0000 0.1007 0.0069 0.0005 1.0000 1.0000 0.3000 0.0206 0.0014 0.0001 1.0000 0.9356 0.0649 0.0045 0.0003 1.0000 1.0000 0.2098 0.0146 0.0010 0.0001 1.0000 0.6954 0.0486 0.0034 0.0002 1.0000 1.0000 0.1623 0.0113 0.0008 0.0001 1.0000 0.5421 0.0379 0.0026 0.0002 1.0000
0.0002 0.0028 0.0394 0.5631 1.0000 0.0001 0.0008 0.0118 0.1686 1.0000 1.0000 0.0002 0.0035 0.0505 0.7224 1.0000 0.0001 0.0011 0.0152 0.2167 1.0000 1.0000 0.0003 0.0046 0.0664 0.9554 1.0000 0.0001 0.0014 0.0209 0.3023 1.0000 1.0000 0.0005 0.0068 0.0996 1.0000 1.0000 0.0002 0.0023 0.0341 0.5033 1.0000 0.0001 0.0008 0.0120 0.1768 1.0000 1.0000 0.0002 0.0012 0.0002 1.0000 1.0000 0.1768 0.0120 0.0008 0.0001 1.0000 0.5033 0.0341 0.0023 0.0002 1.0000 1.0000 0.0996 0.0068 0.0005 1.0000 1.0000 0.3023 0.0209 0.0014 0.0001 1.0000 0.9554 0.0664 0.0046 0.0003 1.0000 1.0000 0.2167 0.0152 0.0011 0.0001 1.0000 0.7224 0.0505 0.0035 0.0002 1.0000 1.0000 0.1686 0.0118 0.0008 0.0001 1.0000 0.5631 0.0394 0.0028 0.0002
0.0028 0.0409 0.5849 1.0000 0.0001 0.0009 0.0122 0.1752 1.0000 1.0000 0.0003 0.0037 0.0525 0.7504 1.0000 0.0001 0.0011 0.0157 0.2247 1.0000 1.0000 0.0003 0.0047 0.0682 0.9793 1.0000 0.0001 0.0015 0.0212 0.3070 1.0000 1.0000 0.0005 0.0068 0.0992 1.0000 1.0000 0.0002 0.0023 0.0335 0.4938 1.0000 0.0001 0.0008 0.0117 0.1725 1.0000 1.0000 0.0003 0.0033 0.0171 0.0033 0.0003 1.0000 1.0000 0.1725 0.0117 0.0008 0.0001 1.0000 0.4938 0.0335 0.0023 0.0002 1.0000 1.0000 0.0992 0.0068 0.0005 1.0000 1.0000 0.3070 0.0212 0.0015 0.0001 1.0000 0.9793 0.0682 0.0047 0.0003 1.0000 1.0000 0.2247 0.0157 0.0011 0.0001 1.0000 0.7504 0.0525 0.0037 0.0003 1.0000 1.0000 0.1752 0.0122 0.0009 0.0001 1.0000 0.5849 0.0409 0.0028
0.0414 0.6076 1.0000 0.0001 0.0009 0.0127 0.1820 1.0000 1.0000 0.0003 0.0038 0.0545 0.7795 1.0000 0.0001 0.0011 0.0163 0.2334 1.0000 1.0000 0.0003 0.0049 0.0703 1.0000 1.0000 0.0001 0.0015 0.0217 0.3129 1.0000 1.0000 0.0005 0.0069 0.0996 1.0000 1.0000 0.0002 0.0023 0.0331 0.4864 1.0000 0.0001 0.0008 0.0114 0.1683 1.0000 1.0000 0.0003 0.0038 0.0471 0.2453 0.0471 0.0038 0.0003 1.0000 1.0000 0.1683 0.0114 0.0008 0.0001 1.0000 0.4864 0.0331 0.0023 0.0002 1.0000 1.0000 0.0996 0.0069 0.0005 1.0000 1.0000 0.3129 0.0217 0.0015 0.0001 1.0000 1.0000 0.0703 0.0049 0.0003 1.0000 1.0000 0.2334 0.0163 0.0011 0.0001 1.0000 0.7795 0.0545 0.0038 0.0003 1.0000 1.0000 0.1820 0.0127 0.0009 0.0001 1.0000 0.6076 0.0414
0.6146 1.0000 0.0001 0.0009 0.0132 0.1890 1.0000 1.0000 0.0003 0.0040 0.0566 0.8097 1.0000 0.0001 0.0012 0.0170 0.2425 1.0000 1.0000 0.0004 0.0051 0.0728 1.0000 1.0000 0.0001 0.0015 0.0222 0.3201 1.0000 1.0000 0.0005 0.0070 0.1007 1.0000 1.0000 0.0002 0.0022 0.0329 0.4809 1.0000 0.0001 0.0008 0.0112 0.1648 1.0000 1.0000 0.0003 0.0039 0.0545 0.6759 1.0000 0.6759 0.0545 0.0039 0.0003 1.0000 1.0000 0.1648 0.0112 0.0008 0.0001 1.0000 0.4809 0.0329 0.0022 0.0002 1.0000 1.0000 0.1007 0.0070 0.0005 1.0000 1.0000 0.3201 0.0222 0.0015 0.0001 1.0000 1.0000 0.0728 0.0051 0.0004 1.0000 1.0000 0.2425 0.0170 0.0012 0.0001 1.0000 0.8097 0.0566 0.0040 0.0003 1.0000 1.0000 0.1890 0.0132 0.0009 0.0001 1.0000 0.6146
1.0000 0.0001 0.0010 0.0137 0.1963 1.0000 1.0000 0.0003 0.0041 0.0588 0.8411 1.0000 0.0001 0.0012 0.0176 0.2519 1.0000 1.0000 0.0004 0.0053 0.0754 1.0000 1.0000 0.0001 0.0016 0.0228 0.3287 1.0000 1.0000 0.0005 0.0071 0.1025 1.0000 1.0000 0.0002 0.0023 0.0329 0.4790 1.0000 0.0001 0.0008 0.0110 0.1620 1.0000 1.0000 0.0003 0.0038 0.0554 0.7854 1.0000 1.0000 1.0000 0.7854 0.0554 0.0038 0.0003 1.0000 1.0000 0.1620 0.0110 0.0008 0.0001 1.0000 0.4790 0.0329 0.0023 0.0002 1.0000 1.0000 0.1025 0.0071 0.0005 1.0000 1.0000 0.3287 0.0228 0.0016 0.0001 1.0000 1.0000 0.0754 0.0053 0.0004 1.0000 1.0000 0.2519 0.0176 0.0012 0.0001 1.0000 0.8411 0.0588 0.0041 0.0003 1.0000 1.0000 0.1963 0.0137 0.0010 0.0001 1.0000
0.0001 0.0010 0.0143 0.2039 1.0000 1.0000 0.0003 0.0043 0.0611 0.8737 1.0000 0.0001 0.0013 0.0183 0.2616 1.0000 1.0000 0.0004 0.0055 0.0784 1.0000 1.0000 0.0001 0.0016 0.0236 0.3382 1.0000 1.0000 0.0005 0.0072 0.1046 1.0000 1.0000 0.0002 0.0023 0.0331 0.4809 1.0000 0.0001 0.0007 0.0109 0.1599 1.0000 1.0000 0.0003 0.0037 0.0548 0.8005 1.0000 0.0001 0.0004 0.0001 1.0000 0.8005 0.0548 0.0037 0.0003 1.0000 1.0000 0.1599 0.0109 0.0007 0.0001 1.0000 0.4809 0.0331 0.0023 0.0002 1.0000 1.0000 0.1046 0.0072 0.0005 1.0000 1.0000 0.3382 0.0236 0.0016 0.0001 1.0000 1.0000 0.0784 0.0055 0.0004 1.0000 1.0000 0.2616 0.0183 0.0013 0.0001 1.0000 0.8737 0.0611 0.0043 0.0003 1.0000 1.0000 0.2039 0.0143 0.0010 0.0001
0.0010 0.0148 0.2119 1.0000 1.0000 0.0003 0.0044 0.0634 0.9076 1.0000 0.0001 0.0013 0.0190 0.2718 1.0000 1.0000 0.0004 0.0057 0.0814 1.0000 1.0000 0.0001 0.0017 0.0244 0.3493 1.0000 1.0000 0.0005 0.0074 0.1070 1.0000 1.0000 0.0002 0.0023 0.0335 0.4864 1.0000 0.0001 0.0007 0.0109 0.1587 1.0000 1.0000 0.0003 0.0037 0.0540 0.7929 1.0000 0.0001 0.0010 0.0053 0.0010 0.0001 1.0000 0.7929 0.0540 0.0037 0.0003 1.0000 1.0000 0.1587 0.0109 0.0007 0.0001 1.0000 0.4864 0.0335 0.0023 0.0002 1.0000 1.0000 0.1070 0.0074 0.0005 1.0000 1.0000 0.3493 0.0244 0.0017 0.0001 1.0000 1.0000 0.0814 0.0057 0.0004 1.0000 1.0000 0.2718 0.0190 0.0013 0.0001 1.0000 0.9076 0.0634 0.0044 0.0003 1.0000 1.0000 0.2119 0.0148 0.0010
0.0150 0.2201 1.0000 1.0000 0.0003 0.0046 0.0659 0.9427 1.0000 0.0001 0.0014 0.0197 0.2823 1.0000 1.0000 0.0004 0.0059 0.0845 1.0000 1.0000 0.0001 0.0018 0.0253 0.3622 1.0000 1.0000 0.0005 0.0076 0.1099 1.0000 1.0000 0.0002 0.0024 0.0341 0.4938 1.0000 0.0001 0.0008 0.0109 0.1587 1.0000 1.0000 0.0002 0.0036 0.0533 0.7824 1.0000 0.0001 0.0012 0.0146 0.0759 0.0146 0.0012 0.0001 1.0000 0.7824 0.0533 0.0036 0.0002 1.0000 1.0000 0.1587 0.0109 0.0008 0.0001 1.0000 0.4938 0.0341 0.0024 0.0002 1.0000 1.0000 0.1099 0.0076 0.0005 1.0000 1.0000 0.3622 0.0253 0.0018 0.0001 1.0000 1.0000 0.0845 0.0059 0.0004 1.0000 1.0000 0.2823 0.0197 0.0014 0.0001 1.0000 0.9427 0.0659 0.0046 0.0003 1.0000 1.0000 0.2201 0.0150
0.2226 1.0000 1.0000 0.0003 0.0048 0.0685 0.9793 1.0000 0.0001 0.0014 0.0205 0.2933 1.0000 1.0000 0.0004 0.0061 0.0878 1.0000 1.0000 0.0001 0.0018 0.0263 0.3762 1.0000 0.0000 0.0006 0.0079 0.1133 1.0000 1.0000 0.0002 0.0024 0.0349 0.5033 1.0000 0.0001 0.0008 0.0110 0.1599 1.0000 1.0000 0.0002 0.0036 0.0527 0.7721 1.0000 0.0001 0.0012 0.0170 0.2106 1.0000 0.2106 0.0170 0.0012 0.0001 1.0000 0.7721 0.0527 0.0036 0.0002 1.0000 1.0000 0.1599 0.0110 0.0008 0.0001 1.0000 0.5033 0.0349 0.0024 0.0002 1.0000 1.0000 0.1133 0.0079 0.0006 0.0000 1.0000 0.3762 0.0263 0.0018 0.0001 1.0000 1.0000 0.0878 0.0061 0.0004 1.0000 1.0000 0.2933 0.0205 0.0014 0.0001 1.0000 0.9793 0.0685 0.0048 0.0003 1.0000 1.0000 0.2226
1.0000 1.0000 0.0003 0.0050 0.0711 1.0000 1.0000 0.0001 0.0015 0.0213 0.3046 1.0000 1.0000 0.0004 0.0064 0.0912 1.0000 1.0000 0.0001 0.0019 0.0273 0.3908 1.0000 0.0000 0.0006 0.0082 0.1173 1.0000 1.0000 0.0002 0.0025 0.0357 0.5149 1.0000 0.0001 0.0008 0.0112 0.1620 1.0000 1.0000 0.0002 0.0036 0.0525 0.7662 1.0000 0.0001 0.0012 0.0175 0.2462 1.0000 1.0000 1.0000 0.2462 0.0175 0.0012 0.0001 1.0000 0.7662 0.0525 0.0036 0.0002 1.0000 1.0000 0.1620 0.0112 0.0008 0.0001 1.0000 0.5149 0.0357 0.0025 0.0002 1.0000 1.0000 0.1173 0.0082 0.0006 0.0000 1.0000 0.3908 0.0273 0.0019 0.0001 1.0000 1.0000 0.0912 0.0064 0.0004 1.0000 1.0000 0.3046 0.0213 0.0015 0.0001 1.0000 1.0000 0.0711 0.0050 0.0003 1.0000 1.0000
1.0000 0.0004 0.0052 0.0739 1.0000 1.0000 0.0001 0.0015 0.0221 0.3164 1.0000 1.0000 0.0005 0.0066 0.0948 1.0000 1.0000 0.0001 0.0020 0.0284 0.4060 1.0000 0.0000 0.0006 0.0085 0.1216 1.0000 1.0000 0.0002 0.0026 0.0368 0.5288 1.0000 0.0001 0.0008 0.0114 0.1648 1.0000 1.0000 0.0003 0.0036 0.0527 0.7662 1.0000 0.0001 0.0012 0.0174 0.2533 1.0000 1.0000 0.0001 1.0000 1.0000 0.2533 0.0174 0.0012 0.0001 1.0000 0.7662 0.0527 0.0036 0.0003 1.0000 1.0000 0.1648 0.0114 0.0008 0.0001 1.0000 0.5288 0.0368 0.0026 0.0002 1.0000 1.0000 0.1216 0.0085 0.0006 0.0000 1.0000 0.4060 0.0284 0.0020 0.0001 1.0000 1.0000 0.0948 0.0066 0.0005 1.0000 1.0000 0.3164 0.0221 0.0015 0.0001 1.0000 1.0000 0.0739 0.0052 0.0004 1.0000
0.0004 0.0054 0.0767 1.0000 1.0000 0.0001 0.0016 0.0230 0.3287 1.0000 1.0000 0.0005 0.0069 0.0984 1.0000 1.0000 0.0001 0.0021 0.0295 0.4217 1.0000 0.0000 0.0006 0.0088 0.1263 1.0000 1.0000 0.0002 0.0026 0.0380 0.5452 1.0000 0.0001 0.0008 0.0117 0.1683 1.0000 1.0000 0.0003 0.0037 0.0533 0.7721 1.0000 0.0001 0.0012 0.0174 0.2538 1.0000 1.0000 0.0003 0.0017 0.0003 1.0000 1.0000 0.2538 0.0174 0.0012 0.0001 1.0000 0.7721 0.0533 0.0037 0.0003 1.0000 1.0000 0.1683 0.0117 0.0008 0.0001 1.0000 0.5452 0.0380 0.0026 0.0002 1.0000 1.0000 0.1263 0.0088 0.0006 0.0000 1.0000 0.4217 0.0295 0.0021 0.0001 1.0000 1.0000 0.0984 0.0069 0.0005 1.0000 1.0000 0.3287 0.0230 0.0016 0.0001 1.0000 1.0000 0.0767 0.0054 0.0004
0.0054 0.0797 1.0000 1.0000 0.0001 0.0017 0.0239 0.3415 1.0000 1.0000 0.0005 0.0071 0.1023 1.0000 1.0000 0.0001 0.0021 0.0306 0.4381 1.0000 0.0000 0.0006 0.0092 0.1312 1.0000 1.0000 0.0002 0.0027 0.0394 0.5631 1.0000 0.0001 0.0008 0.0120 0.1725 1.0000 1.0000 0.0003 0.0037 0.0540 0.7824 1.0000 0.0001 0.0012 0.0174 0.2533 1.0000 1.0000 0.0004 0.0046 0.0240 0.0046 0.0004 1.0000 1.0000 0.2533 0.0174 0.0012 0.0001 1.0000 0.7824 0.0540 0.0037 0.0003 1.0000 1.0000 0.1725 0.0120 0.0008 0.0001 1.0000 0.5631 0.0394 0.0027 0.0002 1.0000 1.0000 0.1312 0.0092 0.0006 0.0000 1.0000 0.4381 0.0306 0.0021 0.0001 1.0000 1.0000 0.1023 0.0071 0.0005 1.0000 1.0000 0.3415 0.0239 0.0017 0.0001 1.0000 1.0000 0.0797 0.0054
0.0803 1.0000 1.0000 0.0001 0.0017 0.0247 0.3540 1.0000 1.0000 0.0005 0.0074 0.1060 1.0000 1.0000 0.0002 0.0022 0.0317 0.4542 1.0000 0.0000 0.0007 0.0095 0.1360 1.0000 1.0000 0.0002 0.0028 0.0407 0.5827 1.0000 0.0001 0.0009 0.0123 0.1768 1.0000 1.0000 0.0003 0.0038 0.0548 0.7929 1.0000 0.0001 0.0012 0.0174 0.2538 1.0000 1.0000 0.0004 0.0054 0.0669 0.3467 0.0669 0.0054 0.0004 1.0000 1.0000 0.2538 0.0174 0.0012 0.0001 1.0000 0.7929 0.0548 0.0038 0.0003 1.0000 1.0000 0.1768 0.0123 0.0009 0.0001 1.0000 0.5827 0.0407 0.0028 0.0002 1.0000 1.0000 0.1360 0.0095 0.0007 0.0000 1.0000 0.4542 0.0317 0.0022 0.0002 1.0000 1.0000 0.1060 0.0074 0.0005 1.0000 1.0000 0.3540 0.0247 0.0017 0.0001 1.0000 1.0000 0.0803
1.0000 1.0000 0.0001 0.0018 0.0255 0.3643 1.0000 1.0000 0.0005 0.0076 0.1091 1.0000 1.0000 0.0002 0.0023 0.0327 0.4673 1.0000 0.0000 0.0007 0.0098 0.1400 1.0000 1.0000 0.0002 0.0029 0.0419 0.5995 1.0000 0.0001 0.0009 0.0126 0.1806 1.0000 1.0000 0.0003 0.0039 0.0554 0.8005 1.0000 0.0001 0.0012 0.0175 0.2533 1.0000 1.0000 0.0004 0.0056 0.0785 0.9645 1.0000 0.9645 0.0785 0.0056 0.0004 1.0000 1.0000 0.2533 0.0175 0.0012 0.0001 1.0000 0.8005 0.0554 0.0039 0.0003 1.0000 1.0000 0.1806 0.0126 0.0009 0.0001 1.0000 0.5995 0.0419 0.0029 0.0002 1.0000 1.0000 0.1400 0.0098 0.0007 0.0000 1.0000 0.4673 0.0327 0.0023 0.0002 1.0000 1.0000 0.1091 0.0076 0.0005 1.0000 1.0000 0.3643 0.0255 0.0018 0.0001 1.0000 1.0000
1.0000 0.0001 0.0018 0.0254 0.3629 1.0000 1.0000 0.0005 0.0076 0.1087 1.0000 1.0000 0.0002 0.0023 0.0325 0.4656 1.0000 0.0000 0.0007 0.0097 0.1394 1.0000 1.0000 0.0002 0.0029 0.0418 0.5973 1.0000 0.0001 0.0009 0.0125 0.1789 1.0000 1.0000 0.0003 0.0038 0.0545 0.7854 1.0000 0.0001 0.0012 0.0170 0.2462 1.0000 1.0000 0.0004 0.0054 0.0785 1.0000 1.0000 1.0000 1.0000 1.0000 0.0785 0.0054 0.0004 1.0000 1.0000 0.2462 0.0170 0.0012 0.0001 1.0000 0.7854 0.0545 0.0038 0.0003 1.0000 1.0000 0.1789 0.0125 0.0009 0.0001 1.0000 0.5973 0.0418 0.0029 0.0002 1.0000 1.0000 0.1394 0.0097 0.0007 0.0000 1.0000 0.4656 0.0325 0.0023 0.0002 1.0000 1.0000 0.1087 0.0076 0.0005 1.0000 1.0000 0.3629 0.0254 0.0018 0.0001 1.0000
0.0001 0.0015 0.0220 0.3152 1.0000 1.0000 0.0005 0.0066 0.0944 1.0000 1.0000 0.0001 0.0020 0.0283 0.4044 1.0000 0.0000 0.0006 0.0085 0.1211 1.0000 1.0000 0.0002 0.0025 0.0363 0.5189 1.0000 0.0001 0.0008 0.0109 0.1554 1.0000 1.0000 0.0002 0.0033 0.0471 0.6759 1.0000 0.0001 0.0010 0.0146 0.2106 1.0000 1.0000 0.0003 0.0046 0.0669 0.9645 1.0000 0.0001 0.0004 0.0001 1.0000 0.9645 0.0669 0.0046 0.0003 1.0000 1.0000 0.2106 0.0146 0.0010 0.0001 1.0000 0.6759 0.0471 0.0033 0.0002 1.0000 1.0000 0.1554 0.0109 0.0008 0.0001 1.0000 0.5189 0.0363 0.0025 0.0002 1.0000 1.0000 0.1211 0.0085 0.0006 0.0000 1.0000 0.4044 0.0283 0.0020 0.0001 1.0000 1.0000 0.0944 0.0066 0.0005 1.0000 1.0000 0.3152 0.0220 0.0015 0.0001
0.0006 0.0081 0.1151 1.0000 1.0000 0.0002 0.0024 0.0345 0.4929 1.0000 0.0001 0.0007 0.0103 0.1476 1.0000 1.0000 0.0002 0.0031 0.0442 0.6323 1.0000 0.0001 0.0009 0.0132 0.1894 1.0000 1.0000 0.0003 0.0040 0.0567 0.8112 1.0000 0.0001 0.0012 0.0171 0.2453 1.0000 1.0000 0.0004 0.0053 0.0759 1.0000 1.0000 0.0001 0.0017 0.0240 0.3467 1.0000 1.0000 0.0004 0.0022 0.0004 1.0000 1.0000 0.3467 0.0240 0.0017 0.0001 1.0000 1.0000 0.0759 0.0053 0.0004 1.0000 1.0000 0.2453 0.0171 0.0012 0.0001 1.0000 0.8112 0.0567 0.0040 0.0003 1.0000 1.0000 0.1894 0.0132 0.0009 0.0001 1.0000 0.6323 0.0442 0.0031 0.0002 1.0000 1.0000 0.1476 0.0103 0.0007 0.0001 1.0000 0.4929 0.0345 0.0024 0.0002 1.0000 1.0000 0.1151 0.0081 0.0006
0.0001 0.0015 0.0220 0.3152 1.0000 1.0000 0.0005 0.0066 0.0944 1.0000 1.0000 0.0001 0.0020 0.0283 0.4044 1.0000 0.0000 0.0006 0.0085 0.1211 1.0000 1.0000 0.0002 0.0025 0.0363 0.5189 1.0000 0.0001 0.0008 0.0109 0.1554 1.0000 1.0000 0.0002 0.0033 0.0471 0.6759 1.0000 0.0001 0.0010 0.0146 0.2106 1.0000 1.0000 0.0003 0.0046 0.0669 0.9645 1.0000 0.0001 0.0004 0.0001 1.0000 0.9645 0.0669 0.0046 0.0003 1.0000 1.0000 0.2106 0.0146 0.0010 0.0001 1.0000 0.6759 0.0471 0.0033 0.0002 1.0000 1.0000 0.1554 0.0109 0.0008 0.0001 1.0000 0.5189 0.0363 0.0025 0.0002 1.0000 1.0000 0.1211 0.0085 0.0006 0.0000 1.0000 0.4044 0.0283 0.0020 0.0001 1.0000 1.0000 0.0944 0.0066 0.0005 1.0000 1.0000 0.3152 0.0220 0.0015 0.0001
1.0000 0.0001 0.0018 0.0254 0.3629 1.0000 1.0000 0.0005 0.0076 0.1087 1.0000 1.0000 0.0002 0.0023 0.0325 0.4656 1.0000 0.0000 0.0007 0.0097 0.1394 1.0000 1.0000 0.0002 0.0029 0.0418 0.5973 1.0000 0.0001 0.0009 0.0125 0.1789 1.0000 1.0000 0.0003 0.0038 0.0545 0.7854 1.0000 0.0001 0.0012 0.0170 0.2462 1.0000 1.0000 0.0004 0.0054 0.0785 1.0000 1.0000 1.0000 1.0000 1.0000 0.0785 0.0054 0.0004 1.0000 1.0000 0.2462 0.0170 0.0012 0.0001 1.0000 0.7854 0.0545 0.0038 0.0003 1.0000 1.0000 0.1789 0.0125 0.0009 0.0001 1.0000 0.5973 0.0418 0.0029 0.0002 1.0000 1.0000 0.1394 0.0097 0.0007 0.0000 1.0000 0.4656 0.0325 0.0023 0.0002 1.0000 1.0000 0.1087 0.0076 0.0005 1.0000 1.0000 0.3629 0.0254 0.0018 0.0001 1.0000
1.0000 1.0000 0.0001 0.0018 0.0255 0.3643 1.0000 1.0000 0.0005 0.0076 0.1091 1.0000 1.0000 0.0002 0.0023 0.0327 0.4673 1.0000 0.0000 0.0007 0.0098 0.1400 1.0000 1.0000 0.0002 0.0029 0.0419 0.5995 1.0000 0.0001 0.0009 0.0126 0.1806 1.0000 1.0000 0.0003 0.0039 0.0554 0.8005 1.0000 0.0001 0.0012 0.0175 0.2533 1.0000 1.0000 0.0004 0.0056 0.0785 0.9645 1.0000 0.9645 0.0785 0.0056 0.0004 1.0000 1.0000 0.2533 0.0175 0.0012 0.0001 1.0000 0.8005 0.0554 0.0039 0.0003 1.0000 1.0000 0.1806 0.0126 0.0009 0.0001 1.0000 0.5995 0.0419 0.0029 0.0002 1.0000 1.0000 0.1400 0.0098 0.0007 0.0000 1.0000 0.4673 0.0327 0.0023 0.0002 1.0000 1.0000 0.1091 0.0076 0.0005 1.0000 1.0000 0.3643 0.0255 0.0018 0.0001 1.0000 1.0000
0.0803 1.0000 1.0000 0.0001 0.0017 0.0247 0.3540 1.0000 1.0000 0.0005 0.0074 0.1060 1.0000 1.0000 0.0002 0.0022 0.0317 0.4542 1.0000 0.0000 0.0007 0.0095 0.1360 1.0000 1.0000 0.0002 0.0028 0.0407 0.5827 1.0000 0.0001 0.0009 0.0123 0.1768 1.0000 1.0000 0.0003 0.0038 0.0548 0.7929 1.0000 0.0001 0.0012 0.0174 0.2538 1.0000 1.0000 0.0004 0.0054 0.0669 0.3467 0.0669 0.0054 0.0004 1.0000 1.0000 0.2538 0.0174 0.0012 0.0001 1.0000 0.7929 0.0548 0.0038 0.0003 1.0000 1.0000 0.1768 0.0123 0.0009 0.0001 1.0000 0.5827 0.0407 0.0028 0.0002 1.0000 1.0000 0.1360 0.0095 0.0007 0.0000 1.0000 0.4542 0.0317 0.0022 0.0002 1.0000 1.0000 0.1060 0.0074 0.0005 1.0000 1.0000 0.3540 0.0247 0.0017 0.0001 1.0000 1.0000 0.0803
0.0054 0.0797 1.0000 1.0000 0.0001 0.0017 0.0239 0.3415 1.0000 1.0000 0.0005 0.0071 0.1023 1.0000 1.0000 0.0001 0.0021 0.0306 0.4381 1.0000 0.0000 0.0006 0.0092 0.1312 1.0000 1.0000 0.0002 0.0027 0.0394 0.5631 1.0000 0.0001 0.0008 0.0120 0.1725 1.0000 1.0000 0.0003 0.0037 0.0540 0.7824 1.0000 0.0001 0.0012 0.0174 0.2533 1.0000 1.0000 0.0004 0.0046 0.0240 0.0046 0.0004 1.0000 1.0000 0.2533 0.0174 0.0012 0.0001 1.0000 0.7824 0.0540 0.0037 0.0003 1.0000 1.0000 0.1725 0.0120 0.0008 0.0001 1.0000 0.5631 0.0394 0.0027 0.0002 1.0000 1.0000 0.1312 0.0092 0.0006 0.0000 1.0000 0.4381 0.0306 0.0021 0.0001 1.0000 1.0000 0.1023 0.0071 0.0005 1.0000 1.0000 0.3415 0.0239 0.0017 0.0001 1.0000 1.0000 0.0797 0.0054
