0.1655 -0.2206 -0.3181 -0.3852 0.0294 0.2675 -0.1704 -0.2842 -0.3677 -0.2193 0.1831 -0.0707 -0.2484 -0.3397 -0.3739 0.0967 0.2531 -0.2054 -0.3069 -0.3811 -0.0258 0.2414 -0.1473 -0.2721 -0.3589 -0.3027 0.1534 0.0246 -0.2353 -0.3288 -0.3841 0.0652 0.2782 -0.1882 -0.2951 -0.3748 -0.1177 0.2109 -0.1159 -0.2599 -0.3492 -0.3511 0.1236 0.1696 -0.2200 -0.3175 -0.3850 0.0246 0.2623 -0.1534 -0.2367 -0.1534 0.2623 0.0246 -0.3850 -0.3175 -0.2200 0.1696 0.1236 -0.3511 -0.3492 -0.2599 -0.1159 0.2109 -0.1177 -0.3748 -0.2951 -0.1882 0.2782 0.0652 -0.3841 -0.3288 -0.2353 0.0246 0.1534 -0.3027 -0.3589 -0.2721 -0.1473 0.2414 -0.0258 -0.3811 -0.3069 -0.2054 0.2531 0.0967 -0.3739 -0.3397 -0.2484 -0.0707 0.1831 -0.2193 -0.3677 -0.2842 -0.1704 0.2675 0.0294 -0.3852 -0.3181 -0.2206 0.1655
-0.2206 -0.3259 -0.3911 0.0289 0.2672 -0.1720 -0.2917 -0.3744 -0.2248 0.1816 -0.0643 -0.2563 -0.3468 -0.3793 0.0959 0.2615 -0.2096 -0.3142 -0.3873 -0.0281 0.2396 -0.1471 -0.2797 -0.3658 -0.3082 0.1521 0.0406 -0.2427 -0.3360 -0.3898 0.0643 0.2805 -0.1910 -0.3025 -0.3812 -0.1223 0.2091 -0.1135 -0.2676 -0.3562 -0.3564 0.1226 0.1861 -0.2257 -0.3248 -0.3909 0.0248 0.2645 -0.1666 -0.2829 -0.3402 -0.2829 -0.1666 0.2645 0.0248 -0.3909 -0.3248 -0.2257 0.1861 0.1226 -0.3564 -0.3562 -0.2676 -0.1135 0.2091 -0.1223 -0.3812 -0.3025 -0.1910 0.2805 0.0643 -0.3898 -0.3360 -0.2427 0.0406 0.1521 -0.3082 -0.3658 -0.2797 -0.1471 0.2396 -0.0281 -0.3873 -0.3142 -0.2096 0.2615 0.0959 -0.3793 -0.3468 -0.2563 -0.0643 0.1816 -0.2248 -0.3744 -0.2917 -0.1720 0.2672 0.0289 -0.3911 -0.3259 -0.2206
-0.3181 -0.3911 0.0271 0.2656 -0.1700 -0.2905 -0.3736 -0.2351 0.1785 -0.0565 -0.2550 -0.3456 -0.3811 0.0926 0.2662 -0.2076 -0.3129 -0.3867 -0.0363 0.2363 -0.1440 -0.2784 -0.3648 -0.3150 0.1487 0.0566 -0.2409 -0.3348 -0.3903 0.0606 0.2800 -0.1888 -0.3012 -0.3805 -0.1346 0.2057 -0.1089 -0.2662 -0.3551 -0.3600 0.1194 0.1988 -0.2238 -0.3235 -0.3907 0.0199 0.2624 -0.1669 -0.2876 -0.3701 -0.3950 -0.3701 -0.2876 -0.1669 0.2624 0.0199 -0.3907 -0.3235 -0.2238 0.1988 0.1194 -0.3600 -0.3551 -0.2662 -0.1089 0.2057 -0.1346 -0.3805 -0.3012 -0.1888 0.2800 0.0606 -0.3903 -0.3348 -0.2409 0.0566 0.1487 -0.3150 -0.3648 -0.2784 -0.1440 0.2363 -0.0363 -0.3867 -0.3129 -0.2076 0.2662 0.0926 -0.3811 -0.3456 -0.2550 -0.0565 0.1785 -0.2351 -0.3736 -0.2905 -0.1700 0.2656 0.0271 -0.3911 -0.3181
-0.3852 0.0289 0.2656 -0.1692 -0.2898 -0.3729 -0.2435 0.1758 -0.0485 -0.2537 -0.3445 -0.3826 0.0894 0.2701 -0.2057 -0.3117 -0.3861 -0.0451 0.2330 -0.1408 -0.2770 -0.3638 -0.3214 0.1455 0.0732 -0.2390 -0.3335 -0.3907 0.0567 0.2792 -0.1867 -0.2999 -0.3797 -0.1472 0.2024 -0.1040 -0.2649 -0.3540 -0.3634 0.1163 0.2105 -0.2219 -0.3223 -0.3904 0.0145 0.2597 -0.1649 -0.2877 -0.3712 -0.3054 0.0615 -0.3054 -0.3712 -0.2877 -0.1649 0.2597 0.0145 -0.3904 -0.3223 -0.2219 0.2105 0.1163 -0.3634 -0.3540 -0.2649 -0.1040 0.2024 -0.1472 -0.3797 -0.2999 -0.1867 0.2792 0.0567 -0.3907 -0.3335 -0.2390 0.0732 0.1455 -0.3214 -0.3638 -0.2770 -0.1408 0.2330 -0.0451 -0.3861 -0.3117 -0.2057 0.2701 0.0894 -0.3826 -0.3445 -0.2537 -0.0485 0.1758 -0.2435 -0.3729 -0.2898 -0.1692 0.2656 0.0289 -0.3852
0.0294 0.2672 -0.1700 -0.2898 -0.3727 -0.2483 0.1738 -0.0416 -0.2526 -0.3435 -0.3839 0.0863 0.2732 -0.2037 -0.3104 -0.3855 -0.0543 0.2296 -0.1375 -0.2757 -0.3627 -0.3274 0.1422 0.0900 -0.2372 -0.3323 -0.3910 0.0527 0.2780 -0.1845 -0.2986 -0.3789 -0.1598 0.1991 -0.0989 -0.2636 -0.3529 -0.3665 0.1131 0.2211 -0.2200 -0.3210 -0.3900 0.0088 0.2568 -0.1625 -0.2867 -0.3708 -0.2766 0.1474 0.2774 0.1474 -0.2766 -0.3708 -0.2867 -0.1625 0.2568 0.0088 -0.3900 -0.3210 -0.2200 0.2211 0.1131 -0.3665 -0.3529 -0.2636 -0.0989 0.1991 -0.1598 -0.3789 -0.2986 -0.1845 0.2780 0.0527 -0.3910 -0.3323 -0.2372 0.0900 0.1422 -0.3274 -0.3627 -0.2757 -0.1375 0.2296 -0.0543 -0.3855 -0.3104 -0.2037 0.2732 0.0863 -0.3839 -0.3435 -0.2526 -0.0416 0.1738 -0.2483 -0.3727 -0.2898 -0.1700 0.2672 0.0294
0.2675 -0.1720 -0.2905 -0.3729 -0.2483 0.1731 -0.0378 -0.2519 -0.3427 -0.3849 0.0835 0.2755 -0.2019 -0.3092 -0.3849 -0.0639 0.2263 -0.1340 -0.2744 -0.3617 -0.3330 0.1390 0.1070 -0.2353 -0.3311 -0.3912 0.0486 0.2765 -0.1822 -0.2974 -0.3781 -0.1723 0.1958 -0.0934 -0.2622 -0.3518 -0.3693 0.1100 0.2307 -0.2181 -0.3198 -0.3895 0.0027 0.2537 -0.1598 -0.2854 -0.3700 -0.2757 0.1613 0.0714 -0.1885 0.0714 0.1613 -0.2757 -0.3700 -0.2854 -0.1598 0.2537 0.0027 -0.3895 -0.3198 -0.2181 0.2307 0.1100 -0.3693 -0.3518 -0.2622 -0.0934 0.1958 -0.1723 -0.3781 -0.2974 -0.1822 0.2765 0.0486 -0.3912 -0.3311 -0.2353 0.1070 0.1390 -0.3330 -0.3617 -0.2744 -0.1340 0.2263 -0.0639 -0.3849 -0.3092 -0.2019 0.2755 0.0835 -0.3849 -0.3427 -0.2519 -0.0378 0.1731 -0.2483 -0.3729 -0.2905 -0.1720 0.2675
-0.1704 -0.2917 -0.3736 -0.2435 0.1738 -0.0378 -0.2516 -0.3423 -0.3855 0.0813 0.2771 -0.2003 -0.3082 -0.3843 -0.0731 0.2231 -0.1305 -0.2731 -0.3606 -0.3382 0.1358 0.1237 -0.2334 -0.3299 -0.3913 0.0444 0.2748 -0.1800 -0.2961 -0.3773 -0.1847 0.1926 -0.0875 -0.2609 -0.3506 -0.3720 0.1068 0.2393 -0.2162 -0.3185 -0.3891 -0.0036 0.2506 -0.1571 -0.2841 -0.3691 -0.2822 0.1623 0.0115 -0.2383 -0.2981 -0.2383 0.0115 0.1623 -0.2822 -0.3691 -0.2841 -0.1571 0.2506 -0.0036 -0.3891 -0.3185 -0.2162 0.2393 0.1068 -0.3720 -0.3506 -0.2609 -0.0875 0.1926 -0.1847 -0.3773 -0.2961 -0.1800 0.2748 0.0444 -0.3913 -0.3299 -0.2334 0.1237 0.1358 -0.3382 -0.3606 -0.2731 -0.1305 0.2231 -0.0731 -0.3843 -0.3082 -0.2003 0.2771 0.0813 -0.3855 -0.3423 -0.2516 -0.0378 0.1738 -0.2435 -0.3736 -0.2917 -0.1704
-0.2842 -0.3744 -0.2351 0.1758 -0.0416 -0.2519 -0.3423 -0.3857 0.0802 0.2779 -0.1991 -0.3072 -0.3838 -0.0819 0.2203 -0.1271 -0.2719 -0.3596 -0.3430 0.1326 0.1399 -0.2316 -0.3286 -0.3913 0.0400 0.2728 -0.1777 -0.2948 -0.3765 -0.1969 0.1893 -0.0813 -0.2596 -0.3495 -0.3744 0.1036 0.2469 -0.2142 -0.3172 -0.3886 -0.0103 0.2474 -0.1542 -0.2828 -0.3681 -0.2901 0.1599 0.0099 -0.2448 -0.3330 -0.3838 -0.3330 -0.2448 0.0099 0.1599 -0.2901 -0.3681 -0.2828 -0.1542 0.2474 -0.0103 -0.3886 -0.3172 -0.2142 0.2469 0.1036 -0.3744 -0.3495 -0.2596 -0.0813 0.1893 -0.1969 -0.3765 -0.2948 -0.1777 0.2728 0.0400 -0.3913 -0.3286 -0.2316 0.1399 0.1326 -0.3430 -0.3596 -0.2719 -0.1271 0.2203 -0.0819 -0.3838 -0.3072 -0.1991 0.2779 0.0802 -0.3857 -0.3423 -0.2519 -0.0416 0.1758 -0.2351 -0.3744 -0.2842
-0.3677 -0.2248 0.1785 -0.0485 -0.2526 -0.3427 -0.3855 0.0802 0.2782 -0.1984 -0.3066 -0.3834 -0.0895 0.2178 -0.1240 -0.2708 -0.3587 -0.3471 0.1296 0.1550 -0.2297 -0.3274 -0.3913 0.0355 0.2706 -0.1753 -0.2935 -0.3756 -0.2088 0.1861 -0.0745 -0.2582 -0.3484 -0.3766 0.1004 0.2536 -0.2123 -0.3160 -0.3880 -0.0174 0.2442 -0.1514 -0.2815 -0.3672 -0.2979 0.1567 0.0204 -0.2448 -0.3363 -0.3925 -0.1915 -0.3925 -0.3363 -0.2448 0.0204 0.1567 -0.2979 -0.3672 -0.2815 -0.1514 0.2442 -0.0174 -0.3880 -0.3160 -0.2123 0.2536 0.1004 -0.3766 -0.3484 -0.2582 -0.0745 0.1861 -0.2088 -0.3756 -0.2935 -0.1753 0.2706 0.0355 -0.3913 -0.3274 -0.2297 0.1550 0.1296 -0.3471 -0.3587 -0.2708 -0.1240 0.2178 -0.0895 -0.3834 -0.3066 -0.1984 0.2782 0.0802 -0.3855 -0.3427 -0.2526 -0.0485 0.1785 -0.2248 -0.3677
-0.2193 0.1816 -0.0565 -0.2537 -0.3435 -0.3849 0.0813 0.2779 -0.1984 -0.3064 -0.3831 -0.0946 0.2159 -0.1214 -0.2698 -0.3579 -0.3506 0.1269 0.1683 -0.2280 -0.3262 -0.3912 0.0308 0.2682 -0.1729 -0.2922 -0.3747 -0.2203 0.1829 -0.0673 -0.2569 -0.3472 -0.3786 0.0972 0.2594 -0.2104 -0.3147 -0.3875 -0.0250 0.2409 -0.1484 -0.2802 -0.3662 -0.3053 0.1534 0.0345 -0.2434 -0.3362 -0.3902 0.0410 0.1831 0.0410 -0.3902 -0.3362 -0.2434 0.0345 0.1534 -0.3053 -0.3662 -0.2802 -0.1484 0.2409 -0.0250 -0.3875 -0.3147 -0.2104 0.2594 0.0972 -0.3786 -0.3472 -0.2569 -0.0673 0.1829 -0.2203 -0.3747 -0.2922 -0.1729 0.2682 0.0308 -0.3912 -0.3262 -0.2280 0.1683 0.1269 -0.3506 -0.3579 -0.2698 -0.1214 0.2159 -0.0946 -0.3831 -0.3064 -0.1984 0.2779 0.0813 -0.3849 -0.3435 -0.2537 -0.0565 0.1816 -0.2193
0.1831 -0.0643 -0.2550 -0.3445 -0.3839 0.0835 0.2771 -0.1991 -0.3066 -0.3831 -0.0964 0.2149 -0.1196 -0.2691 -0.3572 -0.3535 0.1245 0.1795 -0.2264 -0.3252 -0.3910 0.0261 0.2658 -0.1706 -0.2909 -0.3739 -0.2315 0.1797 -0.0595 -0.2555 -0.3461 -0.3804 0.0939 0.2644 -0.2084 -0.3134 -0.3869 -0.0330 0.2376 -0.1453 -0.2789 -0.3652 -0.3123 0.1501 0.0501 -0.2416 -0.3352 -0.3902 0.0565 0.2712 -0.0660 0.2712 0.0565 -0.3902 -0.3352 -0.2416 0.0501 0.1501 -0.3123 -0.3652 -0.2789 -0.1453 0.2376 -0.0330 -0.3869 -0.3134 -0.2084 0.2644 0.0939 -0.3804 -0.3461 -0.2555 -0.0595 0.1797 -0.2315 -0.3739 -0.2909 -0.1706 0.2658 0.0261 -0.3910 -0.3252 -0.2264 0.1795 0.1245 -0.3535 -0.3572 -0.2691 -0.1196 0.2149 -0.0964 -0.3831 -0.3066 -0.1991 0.2771 0.0835 -0.3839 -0.3445 -0.2550 -0.0643 0.1831
-0.0707 -0.2563 -0.3456 -0.3826 0.0863 0.2755 -0.2003 -0.3072 -0.3834 -0.0946 0.2149 -0.1190 -0.2687 -0.3567 -0.3555 0.1227 0.1885 -0.2250 -0.3242 -0.3908 0.0218 0.2634 -0.1683 -0.2896 -0.3730 -0.2422 0.1765 -0.0510 -0.2542 -0.3449 -0.3821 0.0906 0.2687 -0.2064 -0.3122 -0.3863 -0.0415 0.2343 -0.1421 -0.2776 -0.3642 -0.3189 0.1468 0.0665 -0.2398 -0.3340 -0.3905 0.0570 0.2780 -0.1737 -0.2550 -0.1737 0.2780 0.0570 -0.3905 -0.3340 -0.2398 0.0665 0.1468 -0.3189 -0.3642 -0.2776 -0.1421 0.2343 -0.0415 -0.3863 -0.3122 -0.2064 0.2687 0.0906 -0.3821 -0.3449 -0.2542 -0.0510 0.1765 -0.2422 -0.3730 -0.2896 -0.1683 0.2634 0.0218 -0.3908 -0.3242 -0.2250 0.1885 0.1227 -0.3555 -0.3567 -0.2687 -0.1190 0.2149 -0.0946 -0.3834 -0.3072 -0.2003 0.2755 0.0863 -0.3826 -0.3456 -0.2563 -0.0707
-0.2484 -0.3468 -0.3811 0.0894 0.2732 -0.2019 -0.3082 -0.3838 -0.0895 0.2159 -0.1196 -0.2687 -0.3566 -0.3566 0.1214 0.1949 -0.2239 -0.3233 -0.3906 0.0177 0.2611 -0.1661 -0.2885 -0.3722 -0.2519 0.1734 -0.0419 -0.2528 -0.3437 -0.3835 0.0873 0.2722 -0.2045 -0.3109 -0.3857 -0.0506 0.2310 -0.1388 -0.2763 -0.3631 -0.3250 0.1435 0.0833 -0.2379 -0.3328 -0.3909 0.0541 0.2781 -0.1823 -0.2916 -0.3484 -0.2916 -0.1823 0.2781 0.0541 -0.3909 -0.3328 -0.2379 0.0833 0.1435 -0.3250 -0.3631 -0.2763 -0.1388 0.2310 -0.0506 -0.3857 -0.3109 -0.2045 0.2722 0.0873 -0.3835 -0.3437 -0.2528 -0.0419 0.1734 -0.2519 -0.3722 -0.2885 -0.1661 0.2611 0.0177 -0.3906 -0.3233 -0.2239 0.1949 0.1214 -0.3566 -0.3566 -0.2687 -0.1196 0.2159 -0.0895 -0.3838 -0.3082 -0.2019 0.2732 0.0894 -0.3811 -0.3468 -0.2484
-0.3397 -0.3793 0.0926 0.2701 -0.2037 -0.3092 -0.3843 -0.0819 0.2178 -0.1214 -0.2691 -0.3567 -0.3566 0.1209 0.1982 -0.2232 -0.3227 -0.3904 0.0142 0.2591 -0.1642 -0.2874 -0.3714 -0.2603 0.1706 -0.0325 -0.2515 -0.3426 -0.3849 0.0840 0.2750 -0.2025 -0.3096 -0.3851 -0.0601 0.2276 -0.1354 -0.2749 -0.3621 -0.3308 0.1403 0.1002 -0.2360 -0.3316 -0.3911 0.0502 0.2770 -0.1825 -0.2962 -0.3765 -0.3877 -0.3765 -0.2962 -0.1825 0.2770 0.0502 -0.3911 -0.3316 -0.2360 0.1002 0.1403 -0.3308 -0.3621 -0.2749 -0.1354 0.2276 -0.0601 -0.3851 -0.3096 -0.2025 0.2750 0.0840 -0.3849 -0.3426 -0.2515 -0.0325 0.1706 -0.2603 -0.3714 -0.2874 -0.1642 0.2591 0.0142 -0.3904 -0.3227 -0.2232 0.1982 0.1209 -0.3566 -0.3567 -0.2691 -0.1214 0.2178 -0.0819 -0.3843 -0.3092 -0.2037 0.2701 0.0926 -0.3793 -0.3397
-0.3739 0.0959 0.2662 -0.2057 -0.3104 -0.3849 -0.0731 0.2203 -0.1240 -0.2698 -0.3572 -0.3555 0.1214 0.1982 -0.2230 -0.3224 -0.3903 0.0116 0.2575 -0.1626 -0.2866 -0.3707 -0.2676 0.1681 -0.0233 -0.2503 -0.3415 -0.3860 0.0806 0.2772 -0.2004 -0.3083 -0.3844 -0.0702 0.2243 -0.1318 -0.2736 -0.3611 -0.3361 0.1371 0.1170 -0.2342 -0.3304 -0.3913 0.0461 0.2755 -0.1808 -0.2962 -0.3770 -0.2488 0.0841 -0.2488 -0.3770 -0.2962 -0.1808 0.2755 0.0461 -0.3913 -0.3304 -0.2342 0.1170 0.1371 -0.3361 -0.3611 -0.2736 -0.1318 0.2243 -0.0702 -0.3844 -0.3083 -0.2004 0.2772 0.0806 -0.3860 -0.3415 -0.2503 -0.0233 0.1681 -0.2676 -0.3707 -0.2866 -0.1626 0.2575 0.0116 -0.3903 -0.3224 -0.2230 0.1982 0.1214 -0.3555 -0.3572 -0.2698 -0.1240 0.2203 -0.0731 -0.3849 -0.3104 -0.2057 0.2662 0.0959 -0.3739
0.0967 0.2615 -0.2076 -0.3117 -0.3855 -0.0639 0.2231 -0.1271 -0.2708 -0.3579 -0.3535 0.1227 0.1949 -0.2232 -0.3224 -0.3902 0.0102 0.2565 -0.1614 -0.2859 -0.3701 -0.2738 0.1658 -0.0147 -0.2492 -0.3405 -0.3869 0.0775 0.2787 -0.1984 -0.3071 -0.3838 -0.0809 0.2209 -0.1281 -0.2723 -0.3600 -0.3412 0.1339 0.1335 -0.2323 -0.3291 -0.3913 0.0418 0.2736 -0.1786 -0.2952 -0.3767 -0.2090 0.1683 0.2765 0.1683 -0.2090 -0.3767 -0.2952 -0.1786 0.2736 0.0418 -0.3913 -0.3291 -0.2323 0.1335 0.1339 -0.3412 -0.3600 -0.2723 -0.1281 0.2209 -0.0809 -0.3838 -0.3071 -0.1984 0.2787 0.0775 -0.3869 -0.3405 -0.2492 -0.0147 0.1658 -0.2738 -0.3701 -0.2859 -0.1614 0.2565 0.0102 -0.3902 -0.3224 -0.2232 0.1949 0.1227 -0.3535 -0.3579 -0.2708 -0.1271 0.2231 -0.0639 -0.3855 -0.3117 -0.2076 0.2615 0.0967
0.2531 -0.2096 -0.3129 -0.3861 -0.0543 0.2263 -0.1305 -0.2719 -0.3587 -0.3506 0.1245 0.1885 -0.2239 -0.3227 -0.3903 0.0102 0.2561 -0.1607 -0.2854 -0.3697 -0.2782 0.1640 -0.0068 -0.2482 -0.3396 -0.3877 0.0747 0.2797 -0.1966 -0.3059 -0.3831 -0.0919 0.2176 -0.1242 -0.2710 -0.3589 -0.3459 0.1307 0.1494 -0.2304 -0.3279 -0.3913 0.0373 0.2715 -0.1763 -0.2940 -0.3759 -0.2077 0.1828 -0.0223 -0.2028 -0.0223 0.1828 -0.2077 -0.3759 -0.2940 -0.1763 0.2715 0.0373 -0.3913 -0.3279 -0.2304 0.1494 0.1307 -0.3459 -0.3589 -0.2710 -0.1242 0.2176 -0.0919 -0.3831 -0.3059 -0.1966 0.2797 0.0747 -0.3877 -0.3396 -0.2482 -0.0068 0.1640 -0.2782 -0.3697 -0.2854 -0.1607 0.2561 0.0102 -0.3903 -0.3227 -0.2239 0.1885 0.1245 -0.3506 -0.3587 -0.2719 -0.1305 0.2263 -0.0543 -0.3861 -0.3129 -0.2096 0.2531
-0.2054 -0.3142 -0.3867 -0.0451 0.2296 -0.1340 -0.2731 -0.3596 -0.3471 0.1269 0.1795 -0.2250 -0.3233 -0.3904 0.0116 0.2565 -0.1607 -0.2853 -0.3695 -0.2810 0.1627 -0.0004 -0.2474 -0.3388 -0.3883 0.0720 0.2803 -0.1949 -0.3048 -0.3825 -0.1029 0.2143 -0.1203 -0.2696 -0.3579 -0.3502 0.1275 0.1645 -0.2286 -0.3267 -0.3912 0.0327 0.2692 -0.1739 -0.2927 -0.3751 -0.2164 0.1832 -0.0593 -0.2488 -0.3069 -0.2488 -0.0593 0.1832 -0.2164 -0.3751 -0.2927 -0.1739 0.2692 0.0327 -0.3912 -0.3267 -0.2286 0.1645 0.1275 -0.3502 -0.3579 -0.2696 -0.1203 0.2143 -0.1029 -0.3825 -0.3048 -0.1949 0.2803 0.0720 -0.3883 -0.3388 -0.2474 -0.0004 0.1627 -0.2810 -0.3695 -0.2853 -0.1607 0.2565 0.0116 -0.3904 -0.3233 -0.2250 0.1795 0.1269 -0.3471 -0.3596 -0.2731 -0.1340 0.2296 -0.0451 -0.3867 -0.3142 -0.2054
-0.3069 -0.3873 -0.0363 0.2330 -0.1375 -0.2744 -0.3606 -0.3430 0.1296 0.1683 -0.2264 -0.3242 -0.3906 0.0142 0.2575 -0.1614 -0.2854 -0.3695 -0.2820 0.1620 0.0035 -0.2468 -0.3382 -0.3887 0.0697 0.2805 -0.1934 -0.3038 -0.3819 -0.1130 0.2113 -0.1164 -0.2684 -0.3568 -0.3543 0.1243 0.1787 -0.2267 -0.3254 -0.3911 0.0278 0.2667 -0.1715 -0.2914 -0.3742 -0.2271 0.1808 -0.0602 -0.2541 -0.3412 -0.3893 -0.3412 -0.2541 -0.0602 0.1808 -0.2271 -0.3742 -0.2914 -0.1715 0.2667 0.0278 -0.3911 -0.3254 -0.2267 0.1787 0.1243 -0.3543 -0.3568 -0.2684 -0.1164 0.2113 -0.1130 -0.3819 -0.3038 -0.1934 0.2805 0.0697 -0.3887 -0.3382 -0.2468 0.0035 0.1620 -0.2820 -0.3695 -0.2854 -0.1614 0.2575 0.0142 -0.3906 -0.3242 -0.2264 0.1683 0.1296 -0.3430 -0.3606 -0.2744 -0.1375 0.2330 -0.0363 -0.3873 -0.3069
-0.3811 -0.0281 0.2363 -0.1408 -0.2757 -0.3617 -0.3382 0.1326 0.1550 -0.2280 -0.3252 -0.3908 0.0177 0.2591 -0.1626 -0.2859 -0.3697 -0.2810 0.1620 0.0049 -0.2465 -0.3379 -0.3890 0.0679 0.2806 -0.1921 -0.3029 -0.3814 -0.1221 0.2087 -0.1126 -0.2672 -0.3558 -0.3579 0.1213 0.1919 -0.2248 -0.3242 -0.3908 0.0228 0.2641 -0.1690 -0.2901 -0.3733 -0.2380 0.1778 -0.0540 -0.2543 -0.3442 -0.3890 -0.1096 -0.3890 -0.3442 -0.2543 -0.0540 0.1778 -0.2380 -0.3733 -0.2901 -0.1690 0.2641 0.0228 -0.3908 -0.3242 -0.2248 0.1919 0.1213 -0.3579 -0.3558 -0.2672 -0.1126 0.2087 -0.1221 -0.3814 -0.3029 -0.1921 0.2806 0.0679 -0.3890 -0.3379 -0.2465 0.0049 0.1620 -0.2810 -0.3697 -0.2859 -0.1626 0.2591 0.0177 -0.3908 -0.3252 -0.2280 0.1550 0.1326 -0.3382 -0.3617 -0.2757 -0.1408 0.2363 -0.0281 -0.3811
-0.0258 0.2396 -0.1440 -0.2770 -0.3627 -0.3330 0.1358 0.1399 -0.2297 -0.3262 -0.3910 0.0218 0.2611 -0.1642 -0.2866 -0.3701 -0.2782 0.1627 0.0035 -0.2465 -0.3378 -0.3891 0.0668 0.2806 -0.1910 -0.3022 -0.3809 -0.1302 0.2063 -0.1092 -0.2662 -0.3549 -0.3609 0.1184 0.2035 -0.2230 -0.3229 -0.3905 0.0175 0.2613 -0.1665 -0.2888 -0.3724 -0.2484 0.1746 -0.0455 -0.2533 -0.3440 -0.3848 0.0670 0.2047 0.0670 -0.3848 -0.3440 -0.2533 -0.0455 0.1746 -0.2484 -0.3724 -0.2888 -0.1665 0.2613 0.0175 -0.3905 -0.3229 -0.2230 0.2035 0.1184 -0.3609 -0.3549 -0.2662 -0.1092 0.2063 -0.1302 -0.3809 -0.3022 -0.1910 0.2806 0.0668 -0.3891 -0.3378 -0.2465 0.0035 0.1627 -0.2782 -0.3701 -0.2866 -0.1642 0.2611 0.0218 -0.3910 -0.3262 -0.2297 0.1399 0.1358 -0.3330 -0.3627 -0.2770 -0.1440 0.2396 -0.0258
0.2414 -0.1471 -0.2784 -0.3638 -0.3274 0.1390 0.1237 -0.2316 -0.3274 -0.3912 0.0261 0.2634 -0.1661 -0.2874 -0.3707 -0.2738 0.1640 -0.0004 -0.2468 -0.3379 -0.3891 0.0664 0.2805 -0.1904 -0.3017 -0.3805 -0.1370 0.2044 -0.1060 -0.2652 -0.3541 -0.3634 0.1159 0.2131 -0.2213 -0.3218 -0.3902 0.0120 0.2584 -0.1639 -0.2875 -0.3715 -0.2584 0.1714 -0.0359 -0.2520 -0.3430 -0.3847 0.0803 0.2807 -0.1068 0.2807 0.0803 -0.3847 -0.3430 -0.2520 -0.0359 0.1714 -0.2584 -0.3715 -0.2875 -0.1639 0.2584 0.0120 -0.3902 -0.3218 -0.2213 0.2131 0.1159 -0.3634 -0.3541 -0.2652 -0.1060 0.2044 -0.1370 -0.3805 -0.3017 -0.1904 0.2805 0.0664 -0.3891 -0.3379 -0.2468 -0.0004 0.1640 -0.2738 -0.3707 -0.2874 -0.1661 0.2634 0.0261 -0.3912 -0.3274 -0.2316 0.1237 0.1390 -0.3274 -0.3638 -0.2784 -0.1471 0.2414
-0.1473 -0.2797 -0.3648 -0.3214 0.1422 0.1070 -0.2334 -0.3286 -0.3913 0.0308 0.2658 -0.1683 -0.2885 -0.3714 -0.2676 0.1658 -0.0068 -0.2474 -0.3382 -0.3890 0.0668 0.2805 -0.1902 -0.3014 -0.3803 -0.1420 0.2028 -0.1033 -0.2644 -0.3534 -0.3656 0.1136 0.2210 -0.2198 -0.3207 -0.3898 0.0065 0.2555 -0.1613 -0.2862 -0.3706 -0.2679 0.1683 -0.0254 -0.2506 -0.3419 -0.3857 0.0808 0.2789 -0.1887 -0.2640 -0.1887 0.2789 0.0808 -0.3857 -0.3419 -0.2506 -0.0254 0.1683 -0.2679 -0.3706 -0.2862 -0.1613 0.2555 0.0065 -0.3898 -0.3207 -0.2198 0.2210 0.1136 -0.3656 -0.3534 -0.2644 -0.1033 0.2028 -0.1420 -0.3803 -0.3014 -0.1902 0.2805 0.0668 -0.3890 -0.3382 -0.2474 -0.0068 0.1658 -0.2676 -0.3714 -0.2885 -0.1683 0.2658 0.0308 -0.3913 -0.3286 -0.2334 0.1070 0.1422 -0.3214 -0.3648 -0.2797 -0.1473
-0.2721 -0.3658 -0.3150 0.1455 0.0900 -0.2353 -0.3299 -0.3913 0.0355 0.2682 -0.1706 -0.2896 -0.3722 -0.2603 0.1681 -0.0147 -0.2482 -0.3388 -0.3887 0.0679 0.2806 -0.1904 -0.3014 -0.3802 -0.1446 0.2018 -0.1013 -0.2638 -0.3528 -0.3674 0.1116 0.2276 -0.2184 -0.3198 -0.3895 0.0013 0.2528 -0.1589 -0.2849 -0.3696 -0.2769 0.1652 -0.0140 -0.2493 -0.3407 -0.3867 0.0783 0.2787 -0.1964 -0.3003 -0.3565 -0.3003 -0.1964 0.2787 0.0783 -0.3867 -0.3407 -0.2493 -0.0140 0.1652 -0.2769 -0.3696 -0.2849 -0.1589 0.2528 0.0013 -0.3895 -0.3198 -0.2184 0.2276 0.1116 -0.3674 -0.3528 -0.2638 -0.1013 0.2018 -0.1446 -0.3802 -0.3014 -0.1904 0.2806 0.0679 -0.3887 -0.3388 -0.2482 -0.0147 0.1681 -0.2603 -0.3722 -0.2896 -0.1706 0.2682 0.0355 -0.3913 -0.3299 -0.2353 0.0900 0.1455 -0.3150 -0.3658 -0.2721
-0.3589 -0.3082 0.1487 0.0732 -0.2372 -0.3311 -0.3913 0.0400 0.2706 -0.1729 -0.2909 -0.3730 -0.2519 0.1706 -0.0233 -0.2492 -0.3396 -0.3883 0.0697 0.2806 -0.1910 -0.3017 -0.3803 -0.1446 0.2015 -0.1002 -0.2634 -0.3523 -0.3688 0.1098 0.2331 -0.2172 -0.3189 -0.3891 -0.0035 0.2502 -0.1565 -0.2838 -0.3688 -0.2851 0.1620 -0.0017 -0.2479 -0.3395 -0.3877 0.0750 0.2796 -0.1966 -0.3047 -0.3822 -0.3733 -0.3822 -0.3047 -0.1966 0.2796 0.0750 -0.3877 -0.3395 -0.2479 -0.0017 0.1620 -0.2851 -0.3688 -0.2838 -0.1565 0.2502 -0.0035 -0.3891 -0.3189 -0.2172 0.2331 0.1098 -0.3688 -0.3523 -0.2634 -0.1002 0.2015 -0.1446 -0.3803 -0.3017 -0.1910 0.2806 0.0697 -0.3883 -0.3396 -0.2492 -0.0233 0.1706 -0.2519 -0.3730 -0.2909 -0.1729 0.2706 0.0400 -0.3913 -0.3311 -0.2372 0.0732 0.1487 -0.3082 -0.3589
-0.3027 0.1521 0.0566 -0.2390 -0.3323 -0.3912 0.0444 0.2728 -0.1753 -0.2922 -0.3739 -0.2422 0.1734 -0.0325 -0.2503 -0.3405 -0.3877 0.0720 0.2805 -0.1921 -0.3022 -0.3805 -0.1420 0.2018 -0.1002 -0.2633 -0.3521 -0.3696 0.1086 0.2371 -0.2162 -0.3182 -0.3888 -0.0079 0.2480 -0.1544 -0.2827 -0.3680 -0.2920 0.1590 0.0110 -0.2464 -0.3383 -0.3885 0.0715 0.2803 -0.1950 -0.3047 -0.3821 -0.1736 0.1047 -0.1736 -0.3821 -0.3047 -0.1950 0.2803 0.0715 -0.3885 -0.3383 -0.2464 0.0110 0.1590 -0.2920 -0.3680 -0.2827 -0.1544 0.2480 -0.0079 -0.3888 -0.3182 -0.2162 0.2371 0.1086 -0.3696 -0.3521 -0.2633 -0.1002 0.2018 -0.1420 -0.3805 -0.3022 -0.1921 0.2805 0.0720 -0.3877 -0.3405 -0.2503 -0.0325 0.1734 -0.2422 -0.3739 -0.2922 -0.1753 0.2728 0.0444 -0.3912 -0.3323 -0.2390 0.0566 0.1521 -0.3027
0.1534 0.0406 -0.2409 -0.3335 -0.3910 0.0486 0.2748 -0.1777 -0.2935 -0.3747 -0.2315 0.1765 -0.0419 -0.2515 -0.3415 -0.3869 0.0747 0.2803 -0.1934 -0.3029 -0.3809 -0.1370 0.2028 -0.1013 -0.2634 -0.3521 -0.3699 0.1079 0.2396 -0.2154 -0.3176 -0.3886 -0.0116 0.2461 -0.1525 -0.2818 -0.3673 -0.2980 0.1563 0.0231 -0.2447 -0.3372 -0.3892 0.0679 0.2806 -0.1930 -0.3037 -0.3818 -0.1281 0.1894 0.2512 0.1894 -0.1281 -0.3818 -0.3037 -0.1930 0.2806 0.0679 -0.3892 -0.3372 -0.2447 0.0231 0.1563 -0.2980 -0.3673 -0.2818 -0.1525 0.2461 -0.0116 -0.3886 -0.3176 -0.2154 0.2396 0.1079 -0.3699 -0.3521 -0.2634 -0.1013 0.2028 -0.1370 -0.3809 -0.3029 -0.1934 0.2803 0.0747 -0.3869 -0.3415 -0.2515 -0.0419 0.1765 -0.2315 -0.3747 -0.2935 -0.1777 0.2748 0.0486 -0.3910 -0.3335 -0.2409 0.0406 0.1534
0.0246 -0.2427 -0.3348 -0.3907 0.0527 0.2765 -0.1800 -0.2948 -0.3756 -0.2203 0.1797 -0.0510 -0.2528 -0.3426 -0.3860 0.0775 0.2797 -0.1949 -0.3038 -0.3814 -0.1302 0.2044 -0.1033 -0.2638 -0.3523 -0.3696 0.1079 0.2404 -0.2150 -0.3172 -0.3884 -0.0148 0.2445 -0.1509 -0.2810 -0.3666 -0.3033 0.1539 0.0343 -0.2433 -0.3361 -0.3897 0.0644 0.2805 -0.1909 -0.3024 -0.3812 -0.1267 0.2041 -0.0792 -0.2146 -0.0792 0.2041 -0.1267 -0.3812 -0.3024 -0.1909 0.2805 0.0644 -0.3897 -0.3361 -0.2433 0.0343 0.1539 -0.3033 -0.3666 -0.2810 -0.1509 0.2445 -0.0148 -0.3884 -0.3172 -0.2150 0.2404 0.1079 -0.3696 -0.3523 -0.2638 -0.1033 0.2044 -0.1302 -0.3814 -0.3038 -0.1949 0.2797 0.0775 -0.3860 -0.3426 -0.2528 -0.0510 0.1797 -0.2203 -0.3756 -0.2948 -0.1800 0.2765 0.0527 -0.3907 -0.3348 -0.2427 0.0246
-0.2353 -0.3360 -0.3903 0.0567 0.2780 -0.1822 -0.2961 -0.3765 -0.2088 0.1829 -0.0595 -0.2542 -0.3437 -0.3849 0.0806 0.2787 -0.1966 -0.3048 -0.3819 -0.1221 0.2063 -0.1060 -0.2644 -0.3528 -0.3688 0.1086 0.2396 -0.2150 -0.3171 -0.3883 -0.0170 0.2432 -0.1496 -0.2804 -0.3661 -0.3076 0.1518 0.0448 -0.2420 -0.3352 -0.3902 0.0612 0.2801 -0.1889 -0.3012 -0.3805 -0.1359 0.2045 -0.1016 -0.2578 -0.3157 -0.2578 -0.1016 0.2045 -0.1359 -0.3805 -0.3012 -0.1889 0.2801 0.0612 -0.3902 -0.3352 -0.2420 0.0448 0.1518 -0.3076 -0.3661 -0.2804 -0.1496 0.2432 -0.0170 -0.3883 -0.3171 -0.2150 0.2396 0.1086 -0.3688 -0.3528 -0.2644 -0.1060 0.2063 -0.1221 -0.3819 -0.3048 -0.1966 0.2787 0.0806 -0.3849 -0.3437 -0.2542 -0.0595 0.1829 -0.2088 -0.3765 -0.2961 -0.1822 0.2780 0.0567 -0.3903 -0.3360 -0.2353
-0.3288 -0.3898 0.0606 0.2792 -0.1845 -0.2974 -0.3773 -0.1969 0.1861 -0.0673 -0.2555 -0.3449 -0.3835 0.0840 0.2772 -0.1984 -0.3059 -0.3825 -0.1130 0.2087 -0.1092 -0.2652 -0.3534 -0.3674 0.1098 0.2371 -0.2154 -0.3172 -0.3883 -0.0177 0.2426 -0.1487 -0.2799 -0.3656 -0.3111 0.1499 0.0544 -0.2408 -0.3345 -0.3905 0.0583 0.2794 -0.1870 -0.3000 -0.3797 -0.1471 0.2022 -0.1022 -0.2630 -0.3492 -0.3937 -0.3492 -0.2630 -0.1022 0.2022 -0.1471 -0.3797 -0.3000 -0.1870 0.2794 0.0583 -0.3905 -0.3345 -0.2408 0.0544 0.1499 -0.3111 -0.3656 -0.2799 -0.1487 0.2426 -0.0177 -0.3883 -0.3172 -0.2154 0.2371 0.1098 -0.3674 -0.3534 -0.2652 -0.1092 0.2087 -0.1130 -0.3825 -0.3059 -0.1984 0.2772 0.0840 -0.3835 -0.3449 -0.2555 -0.0673 0.1861 -0.1969 -0.3773 -0.2974 -0.1845 0.2792 0.0606 -0.3898 -0.3288
-0.3841 0.0643 0.2800 -0.1867 -0.2986 -0.3781 -0.1847 0.1893 -0.0745 -0.2569 -0.3461 -0.3821 0.0873 0.2750 -0.2004 -0.3071 -0.3831 -0.1029 0.2113 -0.1126 -0.2662 -0.3541 -0.3656 0.1116 0.2331 -0.2162 -0.3176 -0.3884 -0.0170 0.2426 -0.1484 -0.2796 -0.3653 -0.3136 0.1485 0.0626 -0.2398 -0.3338 -0.3907 0.0557 0.2787 -0.1854 -0.2990 -0.3791 -0.1581 0.1994 -0.0986 -0.2631 -0.3517 -0.3805 -0.0411 -0.3805 -0.3517 -0.2631 -0.0986 0.1994 -0.1581 -0.3791 -0.2990 -0.1854 0.2787 0.0557 -0.3907 -0.3338 -0.2398 0.0626 0.1485 -0.3136 -0.3653 -0.2796 -0.1484 0.2426 -0.0170 -0.3884 -0.3176 -0.2162 0.2331 0.1116 -0.3656 -0.3541 -0.2662 -0.1126 0.2113 -0.1029 -0.3831 -0.3071 -0.2004 0.2750 0.0873 -0.3821 -0.3461 -0.2569 -0.0745 0.1893 -0.1847 -0.3781 -0.2986 -0.1867 0.2800 0.0643 -0.3841
0.0652 0.2805 -0.1888 -0.2999 -0.3789 -0.1723 0.1926 -0.0813 -0.2582 -0.3472 -0.3804 0.0906 0.2722 -0.2025 -0.3083 -0.3838 -0.0919 0.2143 -0.1164 -0.2672 -0.3549 -0.3634 0.1136 0.2276 -0.2172 -0.3182 -0.3886 -0.0148 0.2432 -0.1487 -0.2796 -0.3652 -0.3149 0.1475 0.0688 -0.2389 -0.3332 -0.3908 0.0535 0.2779 -0.1839 -0.2981 -0.3785 -0.1681 0.1967 -0.0942 -0.2623 -0.3515 -0.3730 0.0894 0.2269 0.0894 -0.3730 -0.3515 -0.2623 -0.0942 0.1967 -0.1681 -0.3785 -0.2981 -0.1839 0.2779 0.0535 -0.3908 -0.3332 -0.2389 0.0688 0.1475 -0.3149 -0.3652 -0.2796 -0.1487 0.2432 -0.0148 -0.3886 -0.3182 -0.2172 0.2276 0.1136 -0.3634 -0.3549 -0.2672 -0.1164 0.2143 -0.0919 -0.3838 -0.3083 -0.2025 0.2722 0.0906 -0.3804 -0.3472 -0.2582 -0.0813 0.1926 -0.1723 -0.3789 -0.2999 -0.1888 0.2805 0.0652
0.2782 -0.1910 -0.3012 -0.3797 -0.1598 0.1958 -0.0875 -0.2596 -0.3484 -0.3786 0.0939 0.2687 -0.2045 -0.3096 -0.3844 -0.0809 0.2176 -0.1203 -0.2684 -0.3558 -0.3609 0.1159 0.2210 -0.2184 -0.3189 -0.3888 -0.0116 0.2445 -0.1496 -0.2799 -0.3653 -0.3149 0.1471 0.0722 -0.2384 -0.3327 -0.3910 0.0516 0.2772 -0.1827 -0.2973 -0.3780 -0.1769 0.1942 -0.0898 -0.2613 -0.3508 -0.3725 0.1021 0.2733 -0.1352 0.2733 0.1021 -0.3725 -0.3508 -0.2613 -0.0898 0.1942 -0.1769 -0.3780 -0.2973 -0.1827 0.2772 0.0516 -0.3910 -0.3327 -0.2384 0.0722 0.1471 -0.3149 -0.3653 -0.2799 -0.1496 0.2445 -0.0116 -0.3888 -0.3189 -0.2184 0.2210 0.1159 -0.3609 -0.3558 -0.2684 -0.1203 0.2176 -0.0809 -0.3844 -0.3096 -0.2045 0.2687 0.0939 -0.3786 -0.3484 -0.2596 -0.0875 0.1958 -0.1598 -0.3797 -0.3012 -0.1910 0.2782
-0.1882 -0.3025 -0.3805 -0.1472 0.1991 -0.0934 -0.2609 -0.3495 -0.3766 0.0972 0.2644 -0.2064 -0.3109 -0.3851 -0.0702 0.2209 -0.1242 -0.2696 -0.3568 -0.3579 0.1184 0.2131 -0.2198 -0.3198 -0.3891 -0.0079 0.2461 -0.1509 -0.2804 -0.3656 -0.3136 0.1475 0.0722 -0.2382 -0.3325 -0.3910 0.0501 0.2766 -0.1817 -0.2967 -0.3775 -0.1843 0.1921 -0.0856 -0.2603 -0.3500 -0.3739 0.1030 0.2557 -0.2027 -0.2732 -0.2027 0.2557 0.1030 -0.3739 -0.3500 -0.2603 -0.0856 0.1921 -0.1843 -0.3775 -0.2967 -0.1817 0.2766 0.0501 -0.3910 -0.3325 -0.2382 0.0722 0.1475 -0.3136 -0.3656 -0.2804 -0.1509 0.2461 -0.0079 -0.3891 -0.3198 -0.2198 0.2131 0.1184 -0.3579 -0.3568 -0.2696 -0.1242 0.2209 -0.0702 -0.3851 -0.3109 -0.2064 0.2644 0.0972 -0.3766 -0.3495 -0.2609 -0.0934 0.1991 -0.1472 -0.3805 -0.3025 -0.1882
-0.2951 -0.3812 -0.1346 0.2024 -0.0989 -0.2622 -0.3506 -0.3744 0.1004 0.2594 -0.2084 -0.3122 -0.3857 -0.0601 0.2243 -0.1281 -0.2710 -0.3579 -0.3543 0.1213 0.2035 -0.2213 -0.3207 -0.3895 -0.0035 0.2480 -0.1525 -0.2810 -0.3661 -0.3111 0.1485 0.0688 -0.2384 -0.3325 -0.3911 0.0493 0.2761 -0.1809 -0.2962 -0.3771 -0.1904 0.1903 -0.0818 -0.2594 -0.3492 -0.3753 0.1015 0.2538 -0.2100 -0.3092 -0.3645 -0.3092 -0.2100 0.2538 0.1015 -0.3753 -0.3492 -0.2594 -0.0818 0.1903 -0.1904 -0.3771 -0.2962 -0.1809 0.2761 0.0493 -0.3911 -0.3325 -0.2384 0.0688 0.1485 -0.3111 -0.3661 -0.2810 -0.1525 0.2480 -0.0035 -0.3895 -0.3207 -0.2213 0.2035 0.1213 -0.3543 -0.3579 -0.2710 -0.1281 0.2243 -0.0601 -0.3857 -0.3122 -0.2084 0.2594 0.1004 -0.3744 -0.3506 -0.2622 -0.0989 0.2024 -0.1346 -0.3812 -0.2951
-0.3748 -0.1223 0.2057 -0.1040 -0.2636 -0.3518 -0.3720 0.1036 0.2536 -0.2104 -0.3134 -0.3863 -0.0506 0.2276 -0.1318 -0.2723 -0.3589 -0.3502 0.1243 0.1919 -0.2230 -0.3218 -0.3898 0.0013 0.2502 -0.1544 -0.2818 -0.3666 -0.3076 0.1499 0.0626 -0.2389 -0.3327 -0.3910 0.0493 0.2759 -0.1804 -0.2958 -0.3768 -0.1953 0.1889 -0.0785 -0.2587 -0.3485 -0.3767 0.0996 0.2565 -0.2106 -0.3135 -0.3872 -0.3476 -0.3872 -0.3135 -0.2106 0.2565 0.0996 -0.3767 -0.3485 -0.2587 -0.0785 0.1889 -0.1953 -0.3768 -0.2958 -0.1804 0.2759 0.0493 -0.3910 -0.3327 -0.2389 0.0626 0.1499 -0.3076 -0.3666 -0.2818 -0.1544 0.2502 0.0013 -0.3898 -0.3218 -0.2230 0.1919 0.1243 -0.3502 -0.3589 -0.2723 -0.1318 0.2276 -0.0506 -0.3863 -0.3134 -0.2104 0.2536 0.1036 -0.3720 -0.3518 -0.2636 -0.1040 0.2057 -0.1223 -0.3748
-0.1177 0.2091 -0.1089 -0.2649 -0.3529 -0.3693 0.1068 0.2469 -0.2123 -0.3147 -0.3869 -0.0415 0.2310 -0.1354 -0.2736 -0.3600 -0.3459 0.1275 0.1787 -0.2248 -0.3229 -0.3902 0.0065 0.2528 -0.1565 -0.2827 -0.3673 -0.3033 0.1518 0.0544 -0.2398 -0.3332 -0.3910 0.0501 0.2761 -0.1804 -0.2957 -0.3767 -0.1986 0.1877 -0.0758 -0.2581 -0.3479 -0.3778 0.0978 0.2596 -0.2098 -0.3138 -0.3867 -0.0886 0.1258 -0.0886 -0.3867 -0.3138 -0.2098 0.2596 0.0978 -0.3778 -0.3479 -0.2581 -0.0758 0.1877 -0.1986 -0.3767 -0.2957 -0.1804 0.2761 0.0501 -0.3910 -0.3332 -0.2398 0.0544 0.1518 -0.3033 -0.3673 -0.2827 -0.1565 0.2528 0.0065 -0.3902 -0.3229 -0.2248 0.1787 0.1275 -0.3459 -0.3600 -0.2736 -0.1354 0.2310 -0.0415 -0.3869 -0.3147 -0.2123 0.2469 0.1068 -0.3693 -0.3529 -0.2649 -0.1089 0.2091 -0.1177
0.2109 -0.1135 -0.2662 -0.3540 -0.3665 0.1100 0.2393 -0.2142 -0.3160 -0.3875 -0.0330 0.2343 -0.1388 -0.2749 -0.3611 -0.3412 0.1307 0.1645 -0.2267 -0.3242 -0.3905 0.0120 0.2555 -0.1589 -0.2838 -0.3680 -0.2980 0.1539 0.0448 -0.2408 -0.3338 -0.3908 0.0516 0.2766 -0.1809 -0.2958 -0.3767 -0.1998 0.1871 -0.0739 -0.2576 -0.3475 -0.3787 0.0961 0.2623 -0.2088 -0.3134 -0.3866 -0.0489 0.2133 0.1811 0.2133 -0.0489 -0.3866 -0.3134 -0.2088 0.2623 0.0961 -0.3787 -0.3475 -0.2576 -0.0739 0.1871 -0.1998 -0.3767 -0.2958 -0.1809 0.2766 0.0516 -0.3908 -0.3338 -0.2408 0.0448 0.1539 -0.2980 -0.3680 -0.2838 -0.1589 0.2555 0.0120 -0.3905 -0.3242 -0.2267 0.1645 0.1307 -0.3412 -0.3611 -0.2749 -0.1388 0.2343 -0.0330 -0.3875 -0.3160 -0.2142 0.2393 0.1100 -0.3665 -0.3540 -0.2662 -0.1135 0.2109
-0.1159 -0.2676 -0.3551 -0.3634 0.1131 0.2307 -0.2162 -0.3172 -0.3880 -0.0250 0.2376 -0.1421 -0.2763 -0.3621 -0.3361 0.1339 0.1494 -0.2286 -0.3254 -0.3908 0.0175 0.2584 -0.1613 -0.2849 -0.3688 -0.2920 0.1563 0.0343 -0.2420 -0.3345 -0.3907 0.0535 0.2772 -0.1817 -0.2962 -0.3768 -0.1986 0.1871 -0.0732 -0.2573 -0.3472 -0.3793 0.0948 0.2644 -0.2079 -0.3128 -0.3864 -0.0445 0.2288 -0.1179 -0.2270 -0.1179 0.2288 -0.0445 -0.3864 -0.3128 -0.2079 0.2644 0.0948 -0.3793 -0.3472 -0.2573 -0.0732 0.1871 -0.1986 -0.3768 -0.2962 -0.1817 0.2772 0.0535 -0.3907 -0.3345 -0.2420 0.0343 0.1563 -0.2920 -0.3688 -0.2849 -0.1613 0.2584 0.0175 -0.3908 -0.3254 -0.2286 0.1494 0.1339 -0.3361 -0.3621 -0.2763 -0.1421 0.2376 -0.0250 -0.3880 -0.3172 -0.2162 0.2307 0.1131 -0.3634 -0.3551 -0.2676 -0.1159
-0.2599 -0.3562 -0.3600 0.1163 0.2211 -0.2181 -0.3185 -0.3886 -0.0174 0.2409 -0.1453 -0.2776 -0.3631 -0.3308 0.1371 0.1335 -0.2304 -0.3267 -0.3911 0.0228 0.2613 -0.1639 -0.2862 -0.3696 -0.2851 0.1590 0.0231 -0.2433 -0.3352 -0.3905 0.0557 0.2779 -0.1827 -0.2967 -0.3771 -0.1953 0.1877 -0.0739 -0.2573 -0.3471 -0.3797 0.0939 0.2660 -0.2071 -0.3122 -0.3862 -0.0467 0.2306 -0.1340 -0.2680 -0.3255 -0.2680 -0.1340 0.2306 -0.0467 -0.3862 -0.3122 -0.2071 0.2660 0.0939 -0.3797 -0.3471 -0.2573 -0.0739 0.1877 -0.1953 -0.3771 -0.2967 -0.1827 0.2779 0.0557 -0.3905 -0.3352 -0.2433 0.0231 0.1590 -0.2851 -0.3696 -0.2862 -0.1639 0.2613 0.0228 -0.3911 -0.3267 -0.2304 0.1335 0.1371 -0.3308 -0.3631 -0.2776 -0.1453 0.2409 -0.0174 -0.3886 -0.3185 -0.2181 0.2211 0.1163 -0.3600 -0.3562 -0.2599
-0.3492 -0.3564 0.1194 0.2105 -0.2200 -0.3198 -0.3891 -0.0103 0.2442 -0.1484 -0.2789 -0.3642 -0.3250 0.1403 0.1170 -0.2323 -0.3279 -0.3912 0.0278 0.2641 -0.1665 -0.2875 -0.3706 -0.2769 0.1620 0.0110 -0.2447 -0.3361 -0.3902 0.0583 0.2787 -0.1839 -0.2973 -0.3775 -0.1904 0.1889 -0.0758 -0.2576 -0.3472 -0.3797 0.0936 0.2668 -0.2066 -0.3118 -0.3859 -0.0499 0.2300 -0.1360 -0.2735 -0.3582 -0.3970 -0.3582 -0.2735 -0.1360 0.2300 -0.0499 -0.3859 -0.3118 -0.2066 0.2668 0.0936 -0.3797 -0.3472 -0.2576 -0.0758 0.1889 -0.1904 -0.3775 -0.2973 -0.1839 0.2787 0.0583 -0.3902 -0.3361 -0.2447 0.0110 0.1620 -0.2769 -0.3706 -0.2875 -0.1665 0.2641 0.0278 -0.3912 -0.3279 -0.2323 0.1170 0.1403 -0.3250 -0.3642 -0.2789 -0.1484 0.2442 -0.0103 -0.3891 -0.3198 -0.2200 0.2105 0.1194 -0.3564 -0.3492
-0.3511 0.1226 0.1988 -0.2219 -0.3210 -0.3895 -0.0036 0.2474 -0.1514 -0.2802 -0.3652 -0.3189 0.1435 0.1002 -0.2342 -0.3291 -0.3913 0.0327 0.2667 -0.1690 -0.2888 -0.3715 -0.2679 0.1652 -0.0017 -0.2464 -0.3372 -0.3897 0.0612 0.2794 -0.1854 -0.2981 -0.3780 -0.1843 0.1903 -0.0785 -0.2581 -0.3475 -0.3793 0.0939 0.2668 -0.2064 -0.3115 -0.3858 -0.0529 0.2290 -0.1355 -0.2742 -0.3607 -0.3602 0.0138 -0.3602 -0.3607 -0.2742 -0.1355 0.2290 -0.0529 -0.3858 -0.3115 -0.2064 0.2668 0.0939 -0.3793 -0.3475 -0.2581 -0.0785 0.1903 -0.1843 -0.3780 -0.2981 -0.1854 0.2794 0.0612 -0.3897 -0.3372 -0.2464 -0.0017 0.1652 -0.2679 -0.3715 -0.2888 -0.1690 0.2667 0.0327 -0.3913 -0.3291 -0.2342 0.1002 0.1435 -0.3189 -0.3652 -0.2802 -0.1514 0.2474 -0.0036 -0.3895 -0.3210 -0.2219 0.1988 0.1226 -0.3511
0.1236 0.1861 -0.2238 -0.3223 -0.3900 0.0027 0.2506 -0.1542 -0.2815 -0.3662 -0.3123 0.1468 0.0833 -0.2360 -0.3304 -0.3913 0.0373 0.2692 -0.1715 -0.2901 -0.3724 -0.2584 0.1683 -0.0140 -0.2479 -0.3383 -0.3892 0.0644 0.2801 -0.1870 -0.2990 -0.3785 -0.1769 0.1921 -0.0818 -0.2587 -0.3479 -0.3787 0.0948 0.2660 -0.2066 -0.3115 -0.3857 -0.0547 0.2281 -0.1346 -0.2741 -0.3609 -0.3440 0.1154 0.2534 0.1154 -0.3440 -0.3609 -0.2741 -0.1346 0.2281 -0.0547 -0.3857 -0.3115 -0.2066 0.2660 0.0948 -0.3787 -0.3479 -0.2587 -0.0818 0.1921 -0.1769 -0.3785 -0.2990 -0.1870 0.2801 0.0644 -0.3892 -0.3383 -0.2479 -0.0140 0.1683 -0.2584 -0.3724 -0.2901 -0.1715 0.2692 0.0373 -0.3913 -0.3304 -0.2360 0.0833 0.1468 -0.3123 -0.3662 -0.2815 -0.1542 0.2506 0.0027 -0.3900 -0.3223 -0.2238 0.1861 0.1236
0.1696 -0.2257 -0.3235 -0.3904 0.0088 0.2537 -0.1571 -0.2828 -0.3672 -0.3053 0.1501 0.0665 -0.2379 -0.3316 -0.3913 0.0418 0.2715 -0.1739 -0.2914 -0.3733 -0.2484 0.1714 -0.0254 -0.2493 -0.3395 -0.3885 0.0679 0.2805 -0.1889 -0.3000 -0.3791 -0.1681 0.1942 -0.0856 -0.2594 -0.3485 -0.3778 0.0961 0.2644 -0.2071 -0.3118 -0.3858 -0.0547 0.2278 -0.1340 -0.2738 -0.3608 -0.3406 0.1294 0.2194 -0.1621 0.2194 0.1294 -0.3406 -0.3608 -0.2738 -0.1340 0.2278 -0.0547 -0.3858 -0.3118 -0.2071 0.2644 0.0961 -0.3778 -0.3485 -0.2594 -0.0856 0.1942 -0.1681 -0.3791 -0.3000 -0.1889 0.2805 0.0679 -0.3885 -0.3395 -0.2493 -0.0254 0.1714 -0.2484 -0.3733 -0.2914 -0.1739 0.2715 0.0418 -0.3913 -0.3316 -0.2379 0.0665 0.1501 -0.3053 -0.3672 -0.2828 -0.1571 0.2537 0.0088 -0.3904 -0.3235 -0.2257 0.1696
-0.2200 -0.3248 -0.3907 0.0145 0.2568 -0.1598 -0.2841 -0.3681 -0.2979 0.1534 0.0501 -0.2398 -0.3328 -0.3911 0.0461 0.2736 -0.1763 -0.2927 -0.3742 -0.2380 0.1746 -0.0359 -0.2506 -0.3407 -0.3877 0.0715 0.2806 -0.1909 -0.3012 -0.3797 -0.1581 0.1967 -0.0898 -0.2603 -0.3492 -0.3767 0.0978 0.2623 -0.2079 -0.3122 -0.3859 -0.0529 0.2281 -0.1340 -0.2738 -0.3607 -0.3403 0.1322 0.1636 -0.2198 -0.2848 -0.2198 0.1636 0.1322 -0.3403 -0.3607 -0.2738 -0.1340 0.2281 -0.0529 -0.3859 -0.3122 -0.2079 0.2623 0.0978 -0.3767 -0.3492 -0.2603 -0.0898 0.1967 -0.1581 -0.3797 -0.3012 -0.1909 0.2806 0.0715 -0.3877 -0.3407 -0.2506 -0.0359 0.1746 -0.2380 -0.3742 -0.2927 -0.1763 0.2736 0.0461 -0.3911 -0.3328 -0.2398 0.0501 0.1534 -0.2979 -0.3681 -0.2841 -0.1598 0.2568 0.0145 -0.3907 -0.3248 -0.2200
-0.3175 -0.3909 0.0199 0.2597 -0.1625 -0.2854 -0.3691 -0.2901 0.1567 0.0345 -0.2416 -0.3340 -0.3909 0.0502 0.2755 -0.1786 -0.2940 -0.3751 -0.2271 0.1778 -0.0455 -0.2520 -0.3419 -0.3867 0.0750 0.2803 -0.1930 -0.3024 -0.3805 -0.1471 0.1994 -0.0942 -0.2613 -0.3500 -0.3753 0.0996 0.2596 -0.2088 -0.3128 -0.3862 -0.0499 0.2290 -0.1346 -0.2738 -0.3607 -0.3405 0.1326 0.1506 -0.2277 -0.3209 -0.3743 -0.3209 -0.2277 0.1506 0.1326 -0.3405 -0.3607 -0.2738 -0.1346 0.2290 -0.0499 -0.3862 -0.3128 -0.2088 0.2596 0.0996 -0.3753 -0.3500 -0.2613 -0.0942 0.1994 -0.1471 -0.3805 -0.3024 -0.1930 0.2803 0.0750 -0.3867 -0.3419 -0.2520 -0.0455 0.1778 -0.2271 -0.3751 -0.2940 -0.1786 0.2755 0.0502 -0.3909 -0.3340 -0.2416 0.0345 0.1567 -0.2901 -0.3691 -0.2854 -0.1625 0.2597 0.0199 -0.3909 -0.3175
-0.3850 0.0248 0.2624 -0.1649 -0.2867 -0.3700 -0.2822 0.1599 0.0204 -0.2434 -0.3352 -0.3905 0.0541 0.2770 -0.1808 -0.2952 -0.3759 -0.2164 0.1808 -0.0540 -0.2533 -0.3430 -0.3857 0.0783 0.2796 -0.1950 -0.3037 -0.3812 -0.1359 0.2022 -0.0986 -0.2623 -0.3508 -0.3739 0.1015 0.2565 -0.2098 -0.3134 -0.3864 -0.0467 0.2300 -0.1355 -0.2741 -0.3608 -0.3403 0.1326 0.1487 -0.2292 -0.3255 -0.3918 -0.2884 -0.3918 -0.3255 -0.2292 0.1487 0.1326 -0.3403 -0.3608 -0.2741 -0.1355 0.2300 -0.0467 -0.3864 -0.3134 -0.2098 0.2565 0.1015 -0.3739 -0.3508 -0.2623 -0.0986 0.2022 -0.1359 -0.3812 -0.3037 -0.1950 0.2796 0.0783 -0.3857 -0.3430 -0.2533 -0.0540 0.1808 -0.2164 -0.3759 -0.2952 -0.1808 0.2770 0.0541 -0.3905 -0.3352 -0.2434 0.0204 0.1599 -0.2822 -0.3700 -0.2867 -0.1649 0.2624 0.0248 -0.3850
0.0246 0.2645 -0.1669 -0.2877 -0.3708 -0.2757 0.1623 0.0099 -0.2448 -0.3362 -0.3902 0.0570 0.2781 -0.1825 -0.2962 -0.3767 -0.2077 0.1832 -0.0602 -0.2543 -0.3440 -0.3847 0.0808 0.2787 -0.1966 -0.3047 -0.3818 -0.1267 0.2045 -0.1022 -0.2631 -0.3515 -0.3725 0.1030 0.2538 -0.2106 -0.3138 -0.3866 -0.0445 0.2306 -0.1360 -0.2742 -0.3609 -0.3406 0.1322 0.1506 -0.2292 -0.3263 -0.3908 -0.0064 0.1542 -0.0064 -0.3908 -0.3263 -0.2292 0.1506 0.1322 -0.3406 -0.3609 -0.2742 -0.1360 0.2306 -0.0445 -0.3866 -0.3138 -0.2106 0.2538 0.1030 -0.3725 -0.3515 -0.2631 -0.1022 0.2045 -0.1267 -0.3818 -0.3047 -0.1966 0.2787 0.0808 -0.3847 -0.3440 -0.2543 -0.0602 0.1832 -0.2077 -0.3767 -0.2962 -0.1825 0.2781 0.0570 -0.3902 -0.3362 -0.2448 0.0099 0.1623 -0.2757 -0.3708 -0.2877 -0.1669 0.2645 0.0246
0.2623 -0.1666 -0.2876 -0.3712 -0.2766 0.1613 0.0115 -0.2448 -0.3363 -0.3902 0.0565 0.2780 -0.1823 -0.2962 -0.3770 -0.2090 0.1828 -0.0593 -0.2541 -0.3442 -0.3848 0.0803 0.2789 -0.1964 -0.3047 -0.3821 -0.1281 0.2041 -0.1016 -0.2630 -0.3517 -0.3730 0.1021 0.2557 -0.2100 -0.3135 -0.3867 -0.0489 0.2288 -0.1340 -0.2735 -0.3607 -0.3440 0.1294 0.1636 -0.2277 -0.3255 -0.3908 0.0143 0.2431 0.0466 0.2431 0.0143 -0.3908 -0.3255 -0.2277 0.1636 0.1294 -0.3440 -0.3607 -0.2735 -0.1340 0.2288 -0.0489 -0.3867 -0.3135 -0.2100 0.2557 0.1021 -0.3730 -0.3517 -0.2630 -0.1016 0.2041 -0.1281 -0.3821 -0.3047 -0.1964 0.2789 0.0803 -0.3848 -0.3442 -0.2541 -0.0593 0.1828 -0.2090 -0.3770 -0.2962 -0.1823 0.2780 0.0565 -0.3902 -0.3363 -0.2448 0.0115 0.1613 -0.2766 -0.3712 -0.2876 -0.1666 0.2623
-0.1534 -0.2829 -0.3701 -0.3054 0.1474 0.0714 -0.2383 -0.3330 -0.3925 0.0410 0.2712 -0.1737 -0.2916 -0.3765 -0.2488 0.1683 -0.0223 -0.2488 -0.3412 -0.3890 0.0670 0.2807 -0.1887 -0.3003 -0.3822 -0.1736 0.1894 -0.0792 -0.2578 -0.3492 -0.3805 0.0894 0.2733 -0.2027 -0.3092 -0.3872 -0.0886 0.2133 -0.1179 -0.2680 -0.3582 -0.3602 0.1154 0.2194 -0.2198 -0.3209 -0.3918 -0.0064 0.2431 -0.1345 -0.2345 -0.1345 0.2431 -0.0064 -0.3918 -0.3209 -0.2198 0.2194 0.1154 -0.3602 -0.3582 -0.2680 -0.1179 0.2133 -0.0886 -0.3872 -0.3092 -0.2027 0.2733 0.0894 -0.3805 -0.3492 -0.2578 -0.0792 0.1894 -0.1736 -0.3822 -0.3003 -0.1887 0.2807 0.0670 -0.3890 -0.3412 -0.2488 -0.0223 0.1683 -0.2488 -0.3765 -0.2916 -0.1737 0.2712 0.0410 -0.3925 -0.3330 -0.2383 0.0714 0.1474 -0.3054 -0.3701 -0.2829 -0.1534
-0.2367 -0.3402 -0.3950 0.0615 0.2774 -0.1885 -0.2981 -0.3838 -0.1915 0.1831 -0.0660 -0.2550 -0.3484 -0.3877 0.0841 0.2765 -0.2028 -0.3069 -0.3893 -0.1096 0.2047 -0.1068 -0.2640 -0.3565 -0.3733 0.1047 0.2512 -0.2146 -0.3157 -0.3937 -0.0411 0.2269 -0.1352 -0.2732 -0.3645 -0.3476 0.1258 0.1811 -0.2270 -0.3255 -0.3970 0.0138 0.2534 -0.1621 -0.2848 -0.3743 -0.2884 0.1542 0.0466 -0.2345 -0.2946 -0.2345 0.0466 0.1542 -0.2884 -0.3743 -0.2848 -0.1621 0.2534 0.0138 -0.3970 -0.3255 -0.2270 0.1811 0.1258 -0.3476 -0.3645 -0.2732 -0.1352 0.2269 -0.0411 -0.3937 -0.3157 -0.2146 0.2512 0.1047 -0.3733 -0.3565 -0.2640 -0.1068 0.2047 -0.1096 -0.3893 -0.3069 -0.2028 0.2765 0.0841 -0.3877 -0.3484 -0.2550 -0.0660 0.1831 -0.1915 -0.3838 -0.2981 -0.1885 0.2774 0.0615 -0.3950 -0.3402 -0.2367
