0.1576 -0.0032 -0.2388 -0.3315 -0.3826 0.0738 0.2764 -0.1930 -0.2983 -0.3766 -0.0892 0.2191 -0.1255 -0.2631 -0.3519 -0.3410 0.1315 0.1326 -0.2242 -0.3205 -0.3855 0.0379 0.2714 -0.1743 -0.2864 -0.3693 -0.1998 0.1886 -0.0819 -0.2508 -0.3417 -0.3705 0.1022 0.2417 -0.2084 -0.3090 -0.3821 -0.0132 0.2468 -0.1520 -0.2743 -0.3606 -0.2902 0.1592 0.0014 -0.2381 -0.3308 -0.3833 0.0660 0.2752 -0.0892 0.2752 0.0660 -0.3833 -0.3308 -0.2381 0.0014 0.1592 -0.2902 -0.3606 -0.2743 -0.1520 0.2468 -0.0132 -0.3821 -0.3090 -0.2084 0.2417 0.1022 -0.3705 -0.3417 -0.2508 -0.0819 0.1886 -0.1998 -0.3693 -0.2864 -0.1743 0.2714 0.0379 -0.3855 -0.3205 -0.2242 0.1326 0.1315 -0.3410 -0.3519 -0.2631 -0.1255 0.2191 -0.0892 -0.3766 -0.2983 -0.1930 0.2764 0.0738 -0.3826 -0.3315 -0.2388 -0.0032 0.1576
-0.0032 -0.2475 -0.3390 -0.3881 0.0732 0.2800 -0.1961 -0.3057 -0.3830 -0.0931 0.2173 -0.1238 -0.2708 -0.3588 -0.3463 0.1304 0.1509 -0.2303 -0.3278 -0.3913 0.0368 0.2713 -0.1760 -0.2939 -0.3759 -0.2053 0.1871 -0.0766 -0.2586 -0.3487 -0.3759 0.1014 0.2517 -0.2129 -0.3164 -0.3882 -0.0152 0.2452 -0.1522 -0.2819 -0.3675 -0.2956 0.1578 0.0153 -0.2459 -0.3380 -0.3887 0.0694 0.2806 -0.1814 -0.2597 -0.1814 0.2806 0.0694 -0.3887 -0.3380 -0.2459 0.0153 0.1578 -0.2956 -0.3675 -0.2819 -0.1522 0.2452 -0.0152 -0.3882 -0.3164 -0.2129 0.2517 0.1014 -0.3759 -0.3487 -0.2586 -0.0766 0.1871 -0.2053 -0.3759 -0.2939 -0.1760 0.2713 0.0368 -0.3913 -0.3278 -0.2303 0.1509 0.1304 -0.3463 -0.3588 -0.2708 -0.1238 0.2173 -0.0931 -0.3830 -0.3057 -0.1961 0.2800 0.0732 -0.3881 -0.3390 -0.2475 -0.0032
-0.2388 -0.3390 -0.3884 0.0710 0.2804 -0.1943 -0.3045 -0.3823 -0.1043 0.2140 -0.1199 -0.2695 -0.3578 -0.3507 0.1272 0.1659 -0.2284 -0.3266 -0.3912 0.0322 0.2690 -0.1737 -0.2926 -0.3750 -0.2169 0.1838 -0.0695 -0.2573 -0.3476 -0.3780 0.0981 0.2578 -0.2110 -0.3151 -0.3877 -0.0227 0.2419 -0.1493 -0.2806 -0.3665 -0.3032 0.1544 0.0299 -0.2441 -0.3368 -0.3894 0.0667 0.2806 -0.1895 -0.2960 -0.3525 -0.2960 -0.1895 0.2806 0.0667 -0.3894 -0.3368 -0.2441 0.0299 0.1544 -0.3032 -0.3665 -0.2806 -0.1493 0.2419 -0.0227 -0.3877 -0.3151 -0.2110 0.2578 0.0981 -0.3780 -0.3476 -0.2573 -0.0695 0.1838 -0.2169 -0.3750 -0.2926 -0.1737 0.2690 0.0322 -0.3912 -0.3266 -0.2284 0.1659 0.1272 -0.3507 -0.3578 -0.2695 -0.1199 0.2140 -0.1043 -0.3823 -0.3045 -0.1943 0.2804 0.0710 -0.3884 -0.3390 -0.2388
-0.3315 -0.3881 0.0710 0.2805 -0.1932 -0.3036 -0.3817 -0.1147 0.2109 -0.1159 -0.2683 -0.3567 -0.3546 0.1240 0.1800 -0.2265 -0.3253 -0.3910 0.0273 0.2665 -0.1712 -0.2913 -0.3741 -0.2282 0.1806 -0.0619 -0.2559 -0.3464 -0.3799 0.0949 0.2630 -0.2090 -0.3138 -0.3871 -0.0305 0.2386 -0.1462 -0.2793 -0.3655 -0.3103 0.1511 0.0453 -0.2422 -0.3356 -0.3899 0.0632 0.2804 -0.1897 -0.3005 -0.3795 -0.3815 -0.3795 -0.3005 -0.1897 0.2804 0.0632 -0.3899 -0.3356 -0.2422 0.0453 0.1511 -0.3103 -0.3655 -0.2793 -0.1462 0.2386 -0.0305 -0.3871 -0.3138 -0.2090 0.2630 0.0949 -0.3799 -0.3464 -0.2559 -0.0619 0.1806 -0.2282 -0.3741 -0.2913 -0.1712 0.2665 0.0273 -0.3910 -0.3253 -0.2265 0.1800 0.1240 -0.3546 -0.3567 -0.2683 -0.1159 0.2109 -0.1147 -0.3817 -0.3036 -0.1932 0.2805 0.0710 -0.3881 -0.3315
-0.3826 0.0732 0.2804 -0.1932 -0.3033 -0.3814 -0.1222 0.2085 -0.1121 -0.2671 -0.3557 -0.3581 0.1211 0.1928 -0.2247 -0.3241 -0.3908 0.0222 0.2638 -0.1688 -0.2900 -0.3732 -0.2390 0.1775 -0.0536 -0.2546 -0.3453 -0.3816 0.0916 0.2675 -0.2070 -0.3126 -0.3865 -0.0389 0.2353 -0.1431 -0.2780 -0.3645 -0.3169 0.1478 0.0615 -0.2403 -0.3344 -0.3904 0.0594 0.2798 -0.1881 -0.3005 -0.3797 -0.2128 0.0946 -0.2128 -0.3797 -0.3005 -0.1881 0.2798 0.0594 -0.3904 -0.3344 -0.2403 0.0615 0.1478 -0.3169 -0.3645 -0.2780 -0.1431 0.2353 -0.0389 -0.3865 -0.3126 -0.2070 0.2675 0.0916 -0.3816 -0.3453 -0.2546 -0.0536 0.1775 -0.2390 -0.3732 -0.2900 -0.1688 0.2638 0.0222 -0.3908 -0.3241 -0.2247 0.1928 0.1211 -0.3581 -0.3557 -0.2671 -0.1121 0.2085 -0.1222 -0.3814 -0.3033 -0.1932 0.2804 0.0732 -0.3826
0.0738 0.2800 -0.1943 -0.3036 -0.3814 -0.1249 0.2072 -0.1096 -0.2662 -0.3549 -0.3610 0.1183 0.2037 -0.2229 -0.3229 -0.3905 0.0170 0.2610 -0.1662 -0.2886 -0.3723 -0.2494 0.1743 -0.0447 -0.2532 -0.3441 -0.3831 0.0883 0.2712 -0.2051 -0.3113 -0.3859 -0.0478 0.2320 -0.1398 -0.2766 -0.3634 -0.3232 0.1445 0.0782 -0.2385 -0.3332 -0.3908 0.0555 0.2788 -0.1860 -0.2995 -0.3794 -0.1688 0.1788 0.2677 0.1788 -0.1688 -0.3794 -0.2995 -0.1860 0.2788 0.0555 -0.3908 -0.3332 -0.2385 0.0782 0.1445 -0.3232 -0.3634 -0.2766 -0.1398 0.2320 -0.0478 -0.3859 -0.3113 -0.2051 0.2712 0.0883 -0.3831 -0.3441 -0.2532 -0.0447 0.1743 -0.2494 -0.3723 -0.2886 -0.1662 0.2610 0.0170 -0.3905 -0.3229 -0.2229 0.2037 0.1183 -0.3610 -0.3549 -0.2662 -0.1096 0.2072 -0.1249 -0.3814 -0.3036 -0.1943 0.2800 0.0738
0.2764 -0.1961 -0.3045 -0.3817 -0.1222 0.2072 -0.1088 -0.2657 -0.3543 -0.3632 0.1160 0.2127 -0.2213 -0.3218 -0.3902 0.0117 0.2582 -0.1637 -0.2873 -0.3714 -0.2594 0.1711 -0.0349 -0.2519 -0.3429 -0.3845 0.0850 0.2742 -0.2031 -0.3100 -0.3853 -0.0572 0.2286 -0.1364 -0.2753 -0.3624 -0.3291 0.1413 0.0951 -0.2366 -0.3320 -0.3910 0.0515 0.2776 -0.1838 -0.2983 -0.3787 -0.1674 0.1934 -0.0547 -0.2088 -0.0547 0.1934 -0.1674 -0.3787 -0.2983 -0.1838 0.2776 0.0515 -0.3910 -0.3320 -0.2366 0.0951 0.1413 -0.3291 -0.3624 -0.2753 -0.1364 0.2286 -0.0572 -0.3853 -0.3100 -0.2031 0.2742 0.0850 -0.3845 -0.3429 -0.2519 -0.0349 0.1711 -0.2594 -0.3714 -0.2873 -0.1637 0.2582 0.0117 -0.3902 -0.3218 -0.2213 0.2127 0.1160 -0.3632 -0.3543 -0.2657 -0.1088 0.2072 -0.1222 -0.3817 -0.3045 -0.1961 0.2764
-0.1930 -0.3057 -0.3823 -0.1147 0.2085 -0.1096 -0.2657 -0.3541 -0.3642 0.1145 0.2193 -0.2200 -0.3208 -0.3899 0.0067 0.2555 -0.1613 -0.2861 -0.3705 -0.2688 0.1680 -0.0243 -0.2505 -0.3417 -0.3857 0.0816 0.2766 -0.2010 -0.3087 -0.3846 -0.0671 0.2253 -0.1329 -0.2740 -0.3614 -0.3346 0.1380 0.1120 -0.2347 -0.3307 -0.3912 0.0474 0.2760 -0.1816 -0.2970 -0.3779 -0.1767 0.1938 -0.0830 -0.2534 -0.3113 -0.2534 -0.0830 0.1938 -0.1767 -0.3779 -0.2970 -0.1816 0.2760 0.0474 -0.3912 -0.3307 -0.2347 0.1120 0.1380 -0.3346 -0.3614 -0.2740 -0.1329 0.2253 -0.0671 -0.3846 -0.3087 -0.2010 0.2766 0.0816 -0.3857 -0.3417 -0.2505 -0.0243 0.1680 -0.2688 -0.3705 -0.2861 -0.1613 0.2555 0.0067 -0.3899 -0.3208 -0.2200 0.2193 0.1145 -0.3642 -0.3541 -0.2657 -0.1096 0.2085 -0.1147 -0.3823 -0.3057 -0.1930
-0.2983 -0.3830 -0.1043 0.2109 -0.1121 -0.2662 -0.3543 -0.3642 0.1140 0.2226 -0.2191 -0.3201 -0.3896 0.0022 0.2531 -0.1590 -0.2850 -0.3696 -0.2773 0.1650 -0.0131 -0.2491 -0.3406 -0.3868 0.0781 0.2784 -0.1990 -0.3075 -0.3840 -0.0776 0.2219 -0.1292 -0.2727 -0.3603 -0.3397 0.1348 0.1286 -0.2329 -0.3295 -0.3913 0.0431 0.2742 -0.1793 -0.2957 -0.3770 -0.1885 0.1914 -0.0838 -0.2586 -0.3452 -0.3917 -0.3452 -0.2586 -0.0838 0.1914 -0.1885 -0.3770 -0.2957 -0.1793 0.2742 0.0431 -0.3913 -0.3295 -0.2329 0.1286 0.1348 -0.3397 -0.3603 -0.2727 -0.1292 0.2219 -0.0776 -0.3840 -0.3075 -0.1990 0.2784 0.0781 -0.3868 -0.3406 -0.2491 -0.0131 0.1650 -0.2773 -0.3696 -0.2850 -0.1590 0.2531 0.0022 -0.3896 -0.3201 -0.2191 0.2226 0.1140 -0.3642 -0.3543 -0.2662 -0.1121 0.2109 -0.1043 -0.3830 -0.2983
-0.3766 -0.0931 0.2140 -0.1159 -0.2671 -0.3549 -0.3632 0.1145 0.2226 -0.2188 -0.3197 -0.3894 -0.0013 0.2511 -0.1570 -0.2840 -0.3689 -0.2846 0.1621 -0.0017 -0.2478 -0.3394 -0.3877 0.0747 0.2796 -0.1970 -0.3062 -0.3833 -0.0886 0.2186 -0.1254 -0.2714 -0.3593 -0.3445 0.1316 0.1447 -0.2310 -0.3283 -0.3913 0.0387 0.2722 -0.1770 -0.2944 -0.3762 -0.2005 0.1883 -0.0789 -0.2587 -0.3480 -0.3855 -0.0723 -0.3855 -0.3480 -0.2587 -0.0789 0.1883 -0.2005 -0.3762 -0.2944 -0.1770 0.2722 0.0387 -0.3913 -0.3283 -0.2310 0.1447 0.1316 -0.3445 -0.3593 -0.2714 -0.1254 0.2186 -0.0886 -0.3833 -0.3062 -0.1970 0.2796 0.0747 -0.3877 -0.3394 -0.2478 -0.0017 0.1621 -0.2846 -0.3689 -0.2840 -0.1570 0.2511 -0.0013 -0.3894 -0.3197 -0.2188 0.2226 0.1145 -0.3632 -0.3549 -0.2671 -0.1159 0.2140 -0.0931 -0.3766
-0.0892 0.2173 -0.1199 -0.2683 -0.3557 -0.3610 0.1160 0.2193 -0.2191 -0.3197 -0.3893 -0.0033 0.2497 -0.1555 -0.2831 -0.3682 -0.2908 0.1594 0.0096 -0.2465 -0.3383 -0.3885 0.0712 0.2803 -0.1949 -0.3049 -0.3826 -0.1001 0.2152 -0.1214 -0.2700 -0.3582 -0.3490 0.1285 0.1600 -0.2291 -0.3270 -0.3913 0.0341 0.2699 -0.1746 -0.2931 -0.3753 -0.2123 0.1851 -0.0724 -0.2577 -0.3478 -0.3798 0.0785 0.2158 0.0785 -0.3798 -0.3478 -0.2577 -0.0724 0.1851 -0.2123 -0.3753 -0.2931 -0.1746 0.2699 0.0341 -0.3913 -0.3270 -0.2291 0.1600 0.1285 -0.3490 -0.3582 -0.2700 -0.1214 0.2152 -0.1001 -0.3826 -0.3049 -0.1949 0.2803 0.0712 -0.3885 -0.3383 -0.2465 0.0096 0.1594 -0.2908 -0.3682 -0.2831 -0.1555 0.2497 -0.0033 -0.3893 -0.3197 -0.2191 0.2193 0.1160 -0.3610 -0.3557 -0.2683 -0.1199 0.2173 -0.0892
0.2191 -0.1238 -0.2695 -0.3567 -0.3581 0.1183 0.2127 -0.2200 -0.3201 -0.3894 -0.0033 0.2492 -0.1547 -0.2826 -0.3677 -0.2955 0.1571 0.0201 -0.2450 -0.3373 -0.3891 0.0680 0.2806 -0.1929 -0.3036 -0.3819 -0.1119 0.2119 -0.1172 -0.2687 -0.3571 -0.3531 0.1253 0.1745 -0.2273 -0.3258 -0.3911 0.0293 0.2675 -0.1722 -0.2918 -0.3745 -0.2237 0.1819 -0.0650 -0.2565 -0.3468 -0.3797 0.0913 0.2799 -0.1220 0.2799 0.0913 -0.3797 -0.3468 -0.2565 -0.0650 0.1819 -0.2237 -0.3745 -0.2918 -0.1722 0.2675 0.0293 -0.3911 -0.3258 -0.2273 0.1745 0.1253 -0.3531 -0.3571 -0.2687 -0.1172 0.2119 -0.1119 -0.3819 -0.3036 -0.1929 0.2806 0.0680 -0.3891 -0.3373 -0.2450 0.0201 0.1571 -0.2955 -0.3677 -0.2826 -0.1547 0.2492 -0.0033 -0.3894 -0.3201 -0.2200 0.2127 0.1183 -0.3581 -0.3567 -0.2695 -0.1238 0.2191
-0.1255 -0.2708 -0.3578 -0.3546 0.1211 0.2037 -0.2213 -0.3208 -0.3896 -0.0013 0.2497 -0.1547 -0.2824 -0.3674 -0.2986 0.1555 0.0289 -0.2438 -0.3365 -0.3896 0.0650 0.2805 -0.1911 -0.3025 -0.3812 -0.1238 0.2086 -0.1128 -0.2674 -0.3560 -0.3570 0.1221 0.1881 -0.2254 -0.3246 -0.3909 0.0243 0.2649 -0.1698 -0.2905 -0.3736 -0.2347 0.1787 -0.0570 -0.2551 -0.3457 -0.3810 0.0919 0.2714 -0.1957 -0.2686 -0.1957 0.2714 0.0919 -0.3810 -0.3457 -0.2551 -0.0570 0.1787 -0.2347 -0.3736 -0.2905 -0.1698 0.2649 0.0243 -0.3909 -0.3246 -0.2254 0.1881 0.1221 -0.3570 -0.3560 -0.2674 -0.1128 0.2086 -0.1238 -0.3812 -0.3025 -0.1911 0.2805 0.0650 -0.3896 -0.3365 -0.2438 0.0289 0.1555 -0.2986 -0.3674 -0.2824 -0.1547 0.2497 -0.0013 -0.3896 -0.3208 -0.2213 0.2037 0.1211 -0.3546 -0.3578 -0.2708 -0.1255
-0.2631 -0.3588 -0.3507 0.1240 0.1928 -0.2229 -0.3218 -0.3899 0.0022 0.2511 -0.1555 -0.2826 -0.3674 -0.2997 0.1546 0.0345 -0.2429 -0.3358 -0.3900 0.0624 0.2802 -0.1893 -0.3014 -0.3805 -0.1350 0.2054 -0.1083 -0.2661 -0.3549 -0.3606 0.1190 0.2006 -0.2235 -0.3233 -0.3906 0.0191 0.2622 -0.1673 -0.2892 -0.3727 -0.2453 0.1755 -0.0483 -0.2538 -0.3446 -0.3825 0.0894 0.2709 -0.2031 -0.3047 -0.3604 -0.3047 -0.2031 0.2709 0.0894 -0.3825 -0.3446 -0.2538 -0.0483 0.1755 -0.2453 -0.3727 -0.2892 -0.1673 0.2622 0.0191 -0.3906 -0.3233 -0.2235 0.2006 0.1190 -0.3606 -0.3549 -0.2661 -0.1083 0.2054 -0.1350 -0.3805 -0.3014 -0.1893 0.2802 0.0624 -0.3900 -0.3358 -0.2429 0.0345 0.1546 -0.2997 -0.3674 -0.2826 -0.1555 0.2511 0.0022 -0.3899 -0.3218 -0.2229 0.1928 0.1240 -0.3507 -0.3588 -0.2631
-0.3519 -0.3463 0.1272 0.1800 -0.2247 -0.3229 -0.3902 0.0067 0.2531 -0.1570 -0.2831 -0.3677 -0.2986 0.1546 0.0365 -0.2425 -0.3353 -0.3902 0.0603 0.2798 -0.1879 -0.3005 -0.3799 -0.1450 0.2026 -0.1039 -0.2649 -0.3539 -0.3638 0.1158 0.2121 -0.2216 -0.3221 -0.3903 0.0136 0.2593 -0.1647 -0.2879 -0.3718 -0.2555 0.1724 -0.0389 -0.2524 -0.3434 -0.3840 0.0863 0.2733 -0.2033 -0.3089 -0.3847 -0.3625 -0.3847 -0.3089 -0.2033 0.2733 0.0863 -0.3840 -0.3434 -0.2524 -0.0389 0.1724 -0.2555 -0.3718 -0.2879 -0.1647 0.2593 0.0136 -0.3903 -0.3221 -0.2216 0.2121 0.1158 -0.3638 -0.3539 -0.2649 -0.1039 0.2026 -0.1450 -0.3799 -0.3005 -0.1879 0.2798 0.0603 -0.3902 -0.3353 -0.2425 0.0365 0.1546 -0.2986 -0.3677 -0.2831 -0.1570 0.2531 0.0067 -0.3902 -0.3229 -0.2247 0.1800 0.1272 -0.3463 -0.3519
-0.3410 0.1304 0.1659 -0.2265 -0.3241 -0.3905 0.0117 0.2555 -0.1590 -0.2840 -0.3682 -0.2955 0.1555 0.0345 -0.2425 -0.3352 -0.3903 0.0590 0.2794 -0.1868 -0.2997 -0.3794 -0.1541 0.2001 -0.0998 -0.2637 -0.3529 -0.3666 0.1128 0.2223 -0.2197 -0.3208 -0.3899 0.0079 0.2563 -0.1621 -0.2866 -0.3708 -0.2651 0.1692 -0.0287 -0.2510 -0.3422 -0.3852 0.0829 0.2757 -0.2017 -0.3089 -0.3844 -0.1322 0.1148 -0.1322 -0.3844 -0.3089 -0.2017 0.2757 0.0829 -0.3852 -0.3422 -0.2510 -0.0287 0.1692 -0.2651 -0.3708 -0.2866 -0.1621 0.2563 0.0079 -0.3899 -0.3208 -0.2197 0.2223 0.1128 -0.3666 -0.3529 -0.2637 -0.0998 0.2001 -0.1541 -0.3794 -0.2997 -0.1868 0.2794 0.0590 -0.3903 -0.3352 -0.2425 0.0345 0.1555 -0.2955 -0.3682 -0.2840 -0.1590 0.2555 0.0117 -0.3905 -0.3241 -0.2265 0.1659 0.1304 -0.3410
0.1315 0.1509 -0.2284 -0.3253 -0.3908 0.0170 0.2582 -0.1613 -0.2850 -0.3689 -0.2908 0.1571 0.0289 -0.2429 -0.3353 -0.3903 0.0585 0.2792 -0.1860 -0.2991 -0.3790 -0.1615 0.1980 -0.0961 -0.2627 -0.3520 -0.3689 0.1101 0.2309 -0.2179 -0.3196 -0.3895 0.0018 0.2533 -0.1594 -0.2852 -0.3699 -0.2743 0.1661 -0.0175 -0.2497 -0.3410 -0.3864 0.0795 0.2777 -0.1998 -0.3079 -0.3841 -0.0889 0.2003 0.2249 0.2003 -0.0889 -0.3841 -0.3079 -0.1998 0.2777 0.0795 -0.3864 -0.3410 -0.2497 -0.0175 0.1661 -0.2743 -0.3699 -0.2852 -0.1594 0.2533 0.0018 -0.3895 -0.3196 -0.2179 0.2309 0.1101 -0.3689 -0.3520 -0.2627 -0.0961 0.1980 -0.1615 -0.3790 -0.2991 -0.1860 0.2792 0.0585 -0.3903 -0.3353 -0.2429 0.0289 0.1571 -0.2908 -0.3689 -0.2850 -0.1613 0.2582 0.0170 -0.3908 -0.3253 -0.2284 0.1509 0.1315
0.1326 -0.2303 -0.3266 -0.3910 0.0222 0.2610 -0.1637 -0.2861 -0.3696 -0.2846 0.1594 0.0201 -0.2438 -0.3358 -0.3902 0.0590 0.2792 -0.1857 -0.2988 -0.3787 -0.1666 0.1964 -0.0929 -0.2618 -0.3512 -0.3709 0.1077 0.2378 -0.2163 -0.3185 -0.3890 -0.0044 0.2502 -0.1567 -0.2839 -0.3690 -0.2830 0.1629 -0.0054 -0.2483 -0.3399 -0.3874 0.0761 0.2792 -0.1978 -0.3067 -0.3835 -0.0876 0.2151 -0.0989 -0.2203 -0.0989 0.2151 -0.0876 -0.3835 -0.3067 -0.1978 0.2792 0.0761 -0.3874 -0.3399 -0.2483 -0.0054 0.1629 -0.2830 -0.3690 -0.2839 -0.1567 0.2502 -0.0044 -0.3890 -0.3185 -0.2163 0.2378 0.1077 -0.3709 -0.3512 -0.2618 -0.0929 0.1964 -0.1666 -0.3787 -0.2988 -0.1857 0.2792 0.0590 -0.3902 -0.3358 -0.2438 0.0201 0.1594 -0.2846 -0.3696 -0.2861 -0.1637 0.2610 0.0222 -0.3910 -0.3266 -0.2303 0.1326
-0.2242 -0.3278 -0.3912 0.0273 0.2638 -0.1662 -0.2873 -0.3705 -0.2773 0.1621 0.0096 -0.2450 -0.3365 -0.3900 0.0603 0.2794 -0.1860 -0.2988 -0.3786 -0.1693 0.1954 -0.0905 -0.2612 -0.3506 -0.3726 0.1055 0.2436 -0.2148 -0.3175 -0.3886 -0.0104 0.2473 -0.1540 -0.2827 -0.3680 -0.2913 0.1596 0.0077 -0.2468 -0.3387 -0.3883 0.0725 0.2801 -0.1957 -0.3054 -0.3829 -0.0961 0.2155 -0.1172 -0.2623 -0.3200 -0.2623 -0.1172 0.2155 -0.0961 -0.3829 -0.3054 -0.1957 0.2801 0.0725 -0.3883 -0.3387 -0.2468 0.0077 0.1596 -0.2913 -0.3680 -0.2827 -0.1540 0.2473 -0.0104 -0.3886 -0.3175 -0.2148 0.2436 0.1055 -0.3726 -0.3506 -0.2612 -0.0905 0.1954 -0.1693 -0.3786 -0.2988 -0.1860 0.2794 0.0603 -0.3900 -0.3365 -0.2450 0.0096 0.1621 -0.2773 -0.3705 -0.2873 -0.1662 0.2638 0.0273 -0.3912 -0.3278 -0.2242
-0.3205 -0.3913 0.0322 0.2665 -0.1688 -0.2886 -0.3714 -0.2688 0.1650 -0.0017 -0.2465 -0.3373 -0.3896 0.0624 0.2798 -0.1868 -0.2991 -0.3787 -0.1693 0.1951 -0.0894 -0.2608 -0.3501 -0.3738 0.1036 0.2482 -0.2135 -0.3166 -0.3882 -0.0161 0.2445 -0.1514 -0.2815 -0.3671 -0.2989 0.1562 0.0217 -0.2451 -0.3375 -0.3890 0.0689 0.2806 -0.1936 -0.3041 -0.3822 -0.1072 0.2130 -0.1176 -0.2674 -0.3531 -0.3954 -0.3531 -0.2674 -0.1176 0.2130 -0.1072 -0.3822 -0.3041 -0.1936 0.2806 0.0689 -0.3890 -0.3375 -0.2451 0.0217 0.1562 -0.2989 -0.3671 -0.2815 -0.1514 0.2445 -0.0161 -0.3882 -0.3166 -0.2135 0.2482 0.1036 -0.3738 -0.3501 -0.2608 -0.0894 0.1951 -0.1693 -0.3787 -0.2991 -0.1868 0.2798 0.0624 -0.3896 -0.3373 -0.2465 -0.0017 0.1650 -0.2688 -0.3714 -0.2886 -0.1688 0.2665 0.0322 -0.3913 -0.3205
-0.3855 0.0368 0.2690 -0.1712 -0.2900 -0.3723 -0.2594 0.1680 -0.0131 -0.2478 -0.3383 -0.3891 0.0650 0.2802 -0.1879 -0.2997 -0.3790 -0.1666 0.1954 -0.0894 -0.2606 -0.3499 -0.3745 0.1023 0.2516 -0.2124 -0.3158 -0.3878 -0.0213 0.2421 -0.1491 -0.2804 -0.3662 -0.3055 0.1531 0.0364 -0.2432 -0.3363 -0.3896 0.0653 0.2806 -0.1915 -0.3028 -0.3814 -0.1192 0.2099 -0.1144 -0.2675 -0.3554 -0.3737 -0.0150 -0.3737 -0.3554 -0.2675 -0.1144 0.2099 -0.1192 -0.3814 -0.3028 -0.1915 0.2806 0.0653 -0.3896 -0.3363 -0.2432 0.0364 0.1531 -0.3055 -0.3662 -0.2804 -0.1491 0.2421 -0.0213 -0.3878 -0.3158 -0.2124 0.2516 0.1023 -0.3745 -0.3499 -0.2606 -0.0894 0.1954 -0.1666 -0.3790 -0.2997 -0.1879 0.2802 0.0650 -0.3891 -0.3383 -0.2478 -0.0131 0.1680 -0.2594 -0.3723 -0.2900 -0.1712 0.2690 0.0368 -0.3855
0.0379 0.2713 -0.1737 -0.2913 -0.3732 -0.2494 0.1711 -0.0243 -0.2491 -0.3394 -0.3885 0.0680 0.2805 -0.1893 -0.3005 -0.3794 -0.1615 0.1964 -0.0905 -0.2608 -0.3499 -0.3747 0.1017 0.2536 -0.2116 -0.3152 -0.3875 -0.0259 0.2400 -0.1469 -0.2794 -0.3654 -0.3111 0.1502 0.0505 -0.2415 -0.3351 -0.3902 0.0615 0.2802 -0.1894 -0.3015 -0.3807 -0.1315 0.2066 -0.1100 -0.2665 -0.3552 -0.3639 0.0999 0.2379 0.0999 -0.3639 -0.3552 -0.2665 -0.1100 0.2066 -0.1315 -0.3807 -0.3015 -0.1894 0.2802 0.0615 -0.3902 -0.3351 -0.2415 0.0505 0.1502 -0.3111 -0.3654 -0.2794 -0.1469 0.2400 -0.0259 -0.3875 -0.3152 -0.2116 0.2536 0.1017 -0.3747 -0.3499 -0.2608 -0.0905 0.1964 -0.1615 -0.3794 -0.3005 -0.1893 0.2805 0.0680 -0.3885 -0.3394 -0.2491 -0.0243 0.1711 -0.2494 -0.3732 -0.2913 -0.1737 0.2713 0.0379
0.2714 -0.1760 -0.2926 -0.3741 -0.2390 0.1743 -0.0349 -0.2505 -0.3406 -0.3877 0.0712 0.2806 -0.1911 -0.3014 -0.3799 -0.1541 0.1980 -0.0929 -0.2612 -0.3501 -0.3745 0.1017 0.2542 -0.2113 -0.3148 -0.3873 -0.0297 0.2381 -0.1451 -0.2786 -0.3647 -0.3159 0.1478 0.0636 -0.2399 -0.3340 -0.3906 0.0578 0.2794 -0.1872 -0.3003 -0.3799 -0.1440 0.2033 -0.1053 -0.2652 -0.3542 -0.3636 0.1123 0.2600 -0.1464 0.2600 0.1123 -0.3636 -0.3542 -0.2652 -0.1053 0.2033 -0.1440 -0.3799 -0.3003 -0.1872 0.2794 0.0578 -0.3906 -0.3340 -0.2399 0.0636 0.1478 -0.3159 -0.3647 -0.2786 -0.1451 0.2381 -0.0297 -0.3873 -0.3148 -0.2113 0.2542 0.1017 -0.3745 -0.3501 -0.2612 -0.0929 0.1980 -0.1541 -0.3799 -0.3014 -0.1911 0.2806 0.0712 -0.3877 -0.3406 -0.2505 -0.0349 0.1743 -0.2390 -0.3741 -0.2926 -0.1760 0.2714
-0.1743 -0.2939 -0.3750 -0.2282 0.1775 -0.0447 -0.2519 -0.3417 -0.3868 0.0747 0.2803 -0.1929 -0.3025 -0.3805 -0.1450 0.2001 -0.0961 -0.2618 -0.3506 -0.3738 0.1023 0.2536 -0.2113 -0.3147 -0.3872 -0.0321 0.2368 -0.1436 -0.2778 -0.3641 -0.3201 0.1456 0.0753 -0.2385 -0.3330 -0.3908 0.0543 0.2784 -0.1852 -0.2990 -0.3791 -0.1566 0.2000 -0.1002 -0.2639 -0.3532 -0.3659 0.1129 0.2324 -0.2090 -0.2775 -0.2090 0.2324 0.1129 -0.3659 -0.3532 -0.2639 -0.1002 0.2000 -0.1566 -0.3791 -0.2990 -0.1852 0.2784 0.0543 -0.3908 -0.3330 -0.2385 0.0753 0.1456 -0.3201 -0.3641 -0.2778 -0.1436 0.2368 -0.0321 -0.3872 -0.3147 -0.2113 0.2536 0.1023 -0.3738 -0.3506 -0.2618 -0.0961 0.2001 -0.1450 -0.3805 -0.3025 -0.1929 0.2803 0.0747 -0.3868 -0.3417 -0.2519 -0.0447 0.1775 -0.2282 -0.3750 -0.2939 -0.1743
-0.2864 -0.3759 -0.2169 0.1806 -0.0536 -0.2532 -0.3429 -0.3857 0.0781 0.2796 -0.1949 -0.3036 -0.3812 -0.1350 0.2026 -0.0998 -0.2627 -0.3512 -0.3726 0.1036 0.2516 -0.2116 -0.3148 -0.3872 -0.0329 0.2362 -0.1426 -0.2773 -0.3636 -0.3235 0.1436 0.0857 -0.2373 -0.3322 -0.3910 0.0510 0.2773 -0.1832 -0.2978 -0.3784 -0.1689 0.1967 -0.0948 -0.2626 -0.3521 -0.3687 0.1106 0.2313 -0.2160 -0.3133 -0.3680 -0.3133 -0.2160 0.2313 0.1106 -0.3687 -0.3521 -0.2626 -0.0948 0.1967 -0.1689 -0.3784 -0.2978 -0.1832 0.2773 0.0510 -0.3910 -0.3322 -0.2373 0.0857 0.1436 -0.3235 -0.3636 -0.2773 -0.1426 0.2362 -0.0329 -0.3872 -0.3148 -0.2116 0.2516 0.1036 -0.3726 -0.3512 -0.2627 -0.0998 0.2026 -0.1350 -0.3812 -0.3036 -0.1949 0.2796 0.0781 -0.3857 -0.3429 -0.2532 -0.0536 0.1806 -0.2169 -0.3759 -0.2864
-0.3693 -0.2053 0.1838 -0.0619 -0.2546 -0.3441 -0.3845 0.0816 0.2784 -0.1970 -0.3049 -0.3819 -0.1238 0.2054 -0.1039 -0.2637 -0.3520 -0.3709 0.1055 0.2482 -0.2124 -0.3152 -0.3873 -0.0321 0.2362 -0.1423 -0.2771 -0.3633 -0.3258 0.1421 0.0950 -0.2362 -0.3314 -0.3912 0.0481 0.2761 -0.1814 -0.2968 -0.3777 -0.1801 0.1936 -0.0892 -0.2612 -0.3509 -0.3713 0.1076 0.2377 -0.2161 -0.3173 -0.3890 -0.3316 -0.3890 -0.3173 -0.2161 0.2377 0.1076 -0.3713 -0.3509 -0.2612 -0.0892 0.1936 -0.1801 -0.3777 -0.2968 -0.1814 0.2761 0.0481 -0.3912 -0.3314 -0.2362 0.0950 0.1421 -0.3258 -0.3633 -0.2771 -0.1423 0.2362 -0.0321 -0.3873 -0.3152 -0.2124 0.2482 0.1055 -0.3709 -0.3520 -0.2637 -0.1039 0.2054 -0.1238 -0.3819 -0.3049 -0.1970 0.2784 0.0816 -0.3845 -0.3441 -0.2546 -0.0619 0.1838 -0.2053 -0.3693
-0.1998 0.1871 -0.0695 -0.2559 -0.3453 -0.3831 0.0850 0.2766 -0.1990 -0.3062 -0.3826 -0.1119 0.2086 -0.1083 -0.2649 -0.3529 -0.3689 0.1077 0.2436 -0.2135 -0.3158 -0.3875 -0.0297 0.2368 -0.1426 -0.2771 -0.3632 -0.3270 0.1411 0.1018 -0.2353 -0.3308 -0.3912 0.0456 0.2750 -0.1798 -0.2958 -0.3770 -0.1899 0.1908 -0.0837 -0.2600 -0.3498 -0.3738 0.1044 0.2451 -0.2146 -0.3172 -0.3882 -0.0584 0.1346 -0.0584 -0.3882 -0.3172 -0.2146 0.2451 0.1044 -0.3738 -0.3498 -0.2600 -0.0837 0.1908 -0.1899 -0.3770 -0.2958 -0.1798 0.2750 0.0456 -0.3912 -0.3308 -0.2353 0.1018 0.1411 -0.3270 -0.3632 -0.2771 -0.1426 0.2368 -0.0297 -0.3875 -0.3158 -0.2135 0.2436 0.1077 -0.3689 -0.3529 -0.2649 -0.1083 0.2086 -0.1119 -0.3826 -0.3062 -0.1990 0.2766 0.0850 -0.3831 -0.3453 -0.2559 -0.0695 0.1871 -0.1998
0.1886 -0.0766 -0.2573 -0.3464 -0.3816 0.0883 0.2742 -0.2010 -0.3075 -0.3833 -0.1001 0.2119 -0.1128 -0.2661 -0.3539 -0.3666 0.1101 0.2378 -0.2148 -0.3166 -0.3878 -0.0259 0.2381 -0.1436 -0.2773 -0.3633 -0.3270 0.1408 0.1051 -0.2348 -0.3303 -0.3913 0.0434 0.2739 -0.1784 -0.2950 -0.3764 -0.1987 0.1884 -0.0785 -0.2588 -0.3488 -0.3759 0.1013 0.2520 -0.2128 -0.3162 -0.3880 -0.0264 0.2227 0.1404 0.2227 -0.0264 -0.3880 -0.3162 -0.2128 0.2520 0.1013 -0.3759 -0.3488 -0.2588 -0.0785 0.1884 -0.1987 -0.3764 -0.2950 -0.1784 0.2739 0.0434 -0.3913 -0.3303 -0.2348 0.1051 0.1408 -0.3270 -0.3633 -0.2773 -0.1436 0.2381 -0.0259 -0.3878 -0.3166 -0.2148 0.2378 0.1101 -0.3666 -0.3539 -0.2661 -0.1128 0.2119 -0.1001 -0.3833 -0.3075 -0.2010 0.2742 0.0883 -0.3816 -0.3464 -0.2573 -0.0766 0.1886
-0.0819 -0.2586 -0.3476 -0.3799 0.0916 0.2712 -0.2031 -0.3087 -0.3840 -0.0886 0.2152 -0.1172 -0.2674 -0.3549 -0.3638 0.1128 0.2309 -0.2163 -0.3175 -0.3882 -0.0213 0.2400 -0.1451 -0.2778 -0.3636 -0.3258 0.1411 0.1051 -0.2346 -0.3301 -0.3913 0.0418 0.2730 -0.1773 -0.2943 -0.3759 -0.2063 0.1862 -0.0737 -0.2578 -0.3479 -0.3777 0.0984 0.2577 -0.2109 -0.3151 -0.3876 -0.0255 0.2370 -0.1283 -0.2314 -0.1283 0.2370 -0.0255 -0.3876 -0.3151 -0.2109 0.2577 0.0984 -0.3777 -0.3479 -0.2578 -0.0737 0.1862 -0.2063 -0.3759 -0.2943 -0.1773 0.2730 0.0418 -0.3913 -0.3301 -0.2346 0.1051 0.1411 -0.3258 -0.3636 -0.2778 -0.1451 0.2400 -0.0213 -0.3882 -0.3175 -0.2163 0.2309 0.1128 -0.3638 -0.3549 -0.2674 -0.1172 0.2152 -0.0886 -0.3840 -0.3087 -0.2031 0.2712 0.0916 -0.3799 -0.3476 -0.2586 -0.0819
-0.2508 -0.3487 -0.3780 0.0949 0.2675 -0.2051 -0.3100 -0.3846 -0.0776 0.2186 -0.1214 -0.2687 -0.3560 -0.3606 0.1158 0.2223 -0.2179 -0.3185 -0.3886 -0.0161 0.2421 -0.1469 -0.2786 -0.3641 -0.3235 0.1421 0.1018 -0.2348 -0.3301 -0.3913 0.0409 0.2724 -0.1764 -0.2937 -0.3755 -0.2128 0.1843 -0.0692 -0.2569 -0.3471 -0.3791 0.0958 0.2622 -0.2092 -0.3139 -0.3871 -0.0312 0.2374 -0.1416 -0.2712 -0.3287 -0.2712 -0.1416 0.2374 -0.0312 -0.3871 -0.3139 -0.2092 0.2622 0.0958 -0.3791 -0.3471 -0.2569 -0.0692 0.1843 -0.2128 -0.3755 -0.2937 -0.1764 0.2724 0.0409 -0.3913 -0.3301 -0.2348 0.1018 0.1421 -0.3235 -0.3641 -0.2786 -0.1469 0.2421 -0.0161 -0.3886 -0.3185 -0.2179 0.2223 0.1158 -0.3606 -0.3560 -0.2687 -0.1214 0.2186 -0.0776 -0.3846 -0.3100 -0.2051 0.2675 0.0949 -0.3780 -0.3487 -0.2508
-0.3417 -0.3759 0.0981 0.2630 -0.2070 -0.3113 -0.3853 -0.0671 0.2219 -0.1254 -0.2700 -0.3571 -0.3570 0.1190 0.2121 -0.2197 -0.3196 -0.3890 -0.0104 0.2445 -0.1491 -0.2794 -0.3647 -0.3201 0.1436 0.0950 -0.2353 -0.3303 -0.3913 0.0409 0.2722 -0.1759 -0.2933 -0.3752 -0.2180 0.1827 -0.0651 -0.2562 -0.3464 -0.3803 0.0935 0.2657 -0.2076 -0.3128 -0.3866 -0.0383 0.2351 -0.1420 -0.2761 -0.3606 -0.3974 -0.3606 -0.2761 -0.1420 0.2351 -0.0383 -0.3866 -0.3128 -0.2076 0.2657 0.0935 -0.3803 -0.3464 -0.2562 -0.0651 0.1827 -0.2180 -0.3752 -0.2933 -0.1759 0.2722 0.0409 -0.3913 -0.3303 -0.2353 0.0950 0.1436 -0.3201 -0.3647 -0.2794 -0.1491 0.2445 -0.0104 -0.3890 -0.3196 -0.2197 0.2121 0.1190 -0.3570 -0.3571 -0.2700 -0.1254 0.2219 -0.0671 -0.3853 -0.3113 -0.2070 0.2630 0.0981 -0.3759 -0.3417
-0.3705 0.1014 0.2578 -0.2090 -0.3126 -0.3859 -0.0572 0.2253 -0.1292 -0.2714 -0.3582 -0.3531 0.1221 0.2006 -0.2216 -0.3208 -0.3895 -0.0044 0.2473 -0.1514 -0.2804 -0.3654 -0.3159 0.1456 0.0857 -0.2362 -0.3308 -0.3913 0.0418 0.2724 -0.1759 -0.2931 -0.3750 -0.2214 0.1815 -0.0616 -0.2555 -0.3458 -0.3812 0.0915 0.2684 -0.2062 -0.3119 -0.3861 -0.0455 0.2325 -0.1399 -0.2763 -0.3625 -0.3531 0.0243 -0.3531 -0.3625 -0.2763 -0.1399 0.2325 -0.0455 -0.3861 -0.3119 -0.2062 0.2684 0.0915 -0.3812 -0.3458 -0.2555 -0.0616 0.1815 -0.2214 -0.3750 -0.2931 -0.1759 0.2724 0.0418 -0.3913 -0.3308 -0.2362 0.0857 0.1456 -0.3159 -0.3654 -0.2804 -0.1514 0.2473 -0.0044 -0.3895 -0.3208 -0.2216 0.2006 0.1221 -0.3531 -0.3582 -0.2714 -0.1292 0.2253 -0.0572 -0.3859 -0.3126 -0.2090 0.2578 0.1014 -0.3705
0.1022 0.2517 -0.2110 -0.3138 -0.3865 -0.0478 0.2286 -0.1329 -0.2727 -0.3593 -0.3490 0.1253 0.1881 -0.2235 -0.3221 -0.3899 0.0018 0.2502 -0.1540 -0.2815 -0.3662 -0.3111 0.1478 0.0753 -0.2373 -0.3314 -0.3912 0.0434 0.2730 -0.1764 -0.2933 -0.3750 -0.2225 0.1808 -0.0591 -0.2550 -0.3453 -0.3820 0.0899 0.2705 -0.2050 -0.3110 -0.3857 -0.0523 0.2299 -0.1373 -0.2755 -0.3623 -0.3365 0.1205 0.2587 0.1205 -0.3365 -0.3623 -0.2755 -0.1373 0.2299 -0.0523 -0.3857 -0.3110 -0.2050 0.2705 0.0899 -0.3820 -0.3453 -0.2550 -0.0591 0.1808 -0.2225 -0.3750 -0.2933 -0.1764 0.2730 0.0434 -0.3912 -0.3314 -0.2373 0.0753 0.1478 -0.3111 -0.3662 -0.2815 -0.1540 0.2502 0.0018 -0.3899 -0.3221 -0.2235 0.1881 0.1253 -0.3490 -0.3593 -0.2727 -0.1329 0.2286 -0.0478 -0.3865 -0.3138 -0.2110 0.2517 0.1022
0.2417 -0.2129 -0.3151 -0.3871 -0.0389 0.2320 -0.1364 -0.2740 -0.3603 -0.3445 0.1285 0.1745 -0.2254 -0.3233 -0.3903 0.0079 0.2533 -0.1567 -0.2827 -0.3671 -0.3055 0.1502 0.0636 -0.2385 -0.3322 -0.3912 0.0456 0.2739 -0.1773 -0.2937 -0.3752 -0.2214 0.1808 -0.0583 -0.2547 -0.3449 -0.3826 0.0885 0.2720 -0.2040 -0.3103 -0.3853 -0.0586 0.2276 -0.1349 -0.2745 -0.3616 -0.3354 0.1334 0.2034 -0.1665 0.2034 0.1334 -0.3354 -0.3616 -0.2745 -0.1349 0.2276 -0.0586 -0.3853 -0.3103 -0.2040 0.2720 0.0885 -0.3826 -0.3449 -0.2547 -0.0583 0.1808 -0.2214 -0.3752 -0.2937 -0.1773 0.2739 0.0456 -0.3912 -0.3322 -0.2385 0.0636 0.1502 -0.3055 -0.3671 -0.2827 -0.1567 0.2533 0.0079 -0.3903 -0.3233 -0.2254 0.1745 0.1285 -0.3445 -0.3603 -0.2740 -0.1364 0.2320 -0.0389 -0.3871 -0.3151 -0.2129 0.2417
-0.2084 -0.3164 -0.3877 -0.0305 0.2353 -0.1398 -0.2753 -0.3614 -0.3397 0.1316 0.1600 -0.2273 -0.3246 -0.3906 0.0136 0.2563 -0.1594 -0.2839 -0.3680 -0.2989 0.1531 0.0505 -0.2399 -0.3330 -0.3910 0.0481 0.2750 -0.1784 -0.2943 -0.3755 -0.2180 0.1815 -0.0591 -0.2547 -0.3448 -0.3829 0.0875 0.2731 -0.2032 -0.3098 -0.3850 -0.0640 0.2256 -0.1326 -0.2737 -0.3609 -0.3379 0.1346 0.1486 -0.2222 -0.2866 -0.2222 0.1486 0.1346 -0.3379 -0.3609 -0.2737 -0.1326 0.2256 -0.0640 -0.3850 -0.3098 -0.2032 0.2731 0.0875 -0.3829 -0.3448 -0.2547 -0.0591 0.1815 -0.2180 -0.3755 -0.2943 -0.1784 0.2750 0.0481 -0.3910 -0.3330 -0.2399 0.0505 0.1531 -0.2989 -0.3680 -0.2839 -0.1594 0.2563 0.0136 -0.3906 -0.3246 -0.2273 0.1600 0.1316 -0.3397 -0.3614 -0.2753 -0.1398 0.2353 -0.0305 -0.3877 -0.3164 -0.2084
-0.3090 -0.3882 -0.0227 0.2386 -0.1431 -0.2766 -0.3624 -0.3346 0.1348 0.1447 -0.2291 -0.3258 -0.3909 0.0191 0.2593 -0.1621 -0.2852 -0.3690 -0.2913 0.1562 0.0364 -0.2415 -0.3340 -0.3908 0.0510 0.2761 -0.1798 -0.2950 -0.3759 -0.2128 0.1827 -0.0616 -0.2550 -0.3449 -0.3829 0.0872 0.2736 -0.2027 -0.3093 -0.3847 -0.0686 0.2239 -0.1306 -0.2729 -0.3603 -0.3409 0.1333 0.1432 -0.2291 -0.3221 -0.3755 -0.3221 -0.2291 0.1432 0.1333 -0.3409 -0.3603 -0.2729 -0.1306 0.2239 -0.0686 -0.3847 -0.3093 -0.2027 0.2736 0.0872 -0.3829 -0.3449 -0.2550 -0.0616 0.1827 -0.2128 -0.3759 -0.2950 -0.1798 0.2761 0.0510 -0.3908 -0.3340 -0.2415 0.0364 0.1562 -0.2913 -0.3690 -0.2852 -0.1621 0.2593 0.0191 -0.3909 -0.3258 -0.2291 0.1447 0.1348 -0.3346 -0.3624 -0.2766 -0.1431 0.2386 -0.0227 -0.3882 -0.3090
-0.3821 -0.0152 0.2419 -0.1462 -0.2780 -0.3634 -0.3291 0.1380 0.1286 -0.2310 -0.3270 -0.3911 0.0243 0.2622 -0.1647 -0.2866 -0.3699 -0.2830 0.1596 0.0217 -0.2432 -0.3351 -0.3906 0.0543 0.2773 -0.1814 -0.2958 -0.3764 -0.2063 0.1843 -0.0651 -0.2555 -0.3453 -0.3826 0.0875 0.2736 -0.2025 -0.3091 -0.3845 -0.0722 0.2225 -0.1289 -0.2722 -0.3597 -0.3437 0.1315 0.1493 -0.2297 -0.3261 -0.3920 -0.2810 -0.3920 -0.3261 -0.2297 0.1493 0.1315 -0.3437 -0.3597 -0.2722 -0.1289 0.2225 -0.0722 -0.3845 -0.3091 -0.2025 0.2736 0.0875 -0.3826 -0.3453 -0.2555 -0.0651 0.1843 -0.2063 -0.3764 -0.2958 -0.1814 0.2773 0.0543 -0.3906 -0.3351 -0.2432 0.0217 0.1596 -0.2830 -0.3699 -0.2866 -0.1647 0.2622 0.0243 -0.3911 -0.3270 -0.2310 0.1286 0.1380 -0.3291 -0.3634 -0.2780 -0.1462 0.2419 -0.0152 -0.3821
-0.0132 0.2452 -0.1493 -0.2793 -0.3645 -0.3232 0.1413 0.1120 -0.2329 -0.3283 -0.3913 0.0293 0.2649 -0.1673 -0.2879 -0.3708 -0.2743 0.1629 0.0077 -0.2451 -0.3363 -0.3902 0.0578 0.2784 -0.1832 -0.2968 -0.3770 -0.1987 0.1862 -0.0692 -0.2562 -0.3458 -0.3820 0.0885 0.2731 -0.2027 -0.3091 -0.3845 -0.0743 0.2216 -0.1276 -0.2717 -0.3592 -0.3460 0.1299 0.1570 -0.2290 -0.3264 -0.3909 -0.0019 0.1569 -0.0019 -0.3909 -0.3264 -0.2290 0.1570 0.1299 -0.3460 -0.3592 -0.2717 -0.1276 0.2216 -0.0743 -0.3845 -0.3091 -0.2027 0.2731 0.0885 -0.3820 -0.3458 -0.2562 -0.0692 0.1862 -0.1987 -0.3770 -0.2968 -0.1832 0.2784 0.0578 -0.3902 -0.3363 -0.2451 0.0077 0.1629 -0.2743 -0.3708 -0.2879 -0.1673 0.2649 0.0293 -0.3913 -0.3283 -0.2329 0.1120 0.1413 -0.3232 -0.3645 -0.2793 -0.1493 0.2452 -0.0132
0.2468 -0.1522 -0.2806 -0.3655 -0.3169 0.1445 0.0951 -0.2347 -0.3295 -0.3913 0.0341 0.2675 -0.1698 -0.2892 -0.3718 -0.2651 0.1661 -0.0054 -0.2468 -0.3375 -0.3896 0.0615 0.2794 -0.1852 -0.2978 -0.3777 -0.1899 0.1884 -0.0737 -0.2569 -0.3464 -0.3812 0.0899 0.2720 -0.2032 -0.3093 -0.3845 -0.0743 0.2213 -0.1268 -0.2713 -0.3588 -0.3477 0.1285 0.1640 -0.2281 -0.3260 -0.3910 0.0210 0.2481 0.0221 0.2481 0.0210 -0.3910 -0.3260 -0.2281 0.1640 0.1285 -0.3477 -0.3588 -0.2713 -0.1268 0.2213 -0.0743 -0.3845 -0.3093 -0.2032 0.2720 0.0899 -0.3812 -0.3464 -0.2569 -0.0737 0.1884 -0.1899 -0.3777 -0.2978 -0.1852 0.2794 0.0615 -0.3896 -0.3375 -0.2468 -0.0054 0.1661 -0.2651 -0.3718 -0.2892 -0.1698 0.2675 0.0341 -0.3913 -0.3295 -0.2347 0.0951 0.1445 -0.3169 -0.3655 -0.2806 -0.1522 0.2468
-0.1520 -0.2819 -0.3665 -0.3103 0.1478 0.0782 -0.2366 -0.3307 -0.3913 0.0387 0.2699 -0.1722 -0.2905 -0.3727 -0.2555 0.1692 -0.0175 -0.2483 -0.3387 -0.3890 0.0653 0.2802 -0.1872 -0.2990 -0.3784 -0.1801 0.1908 -0.0785 -0.2578 -0.3471 -0.3803 0.0915 0.2705 -0.2040 -0.3098 -0.3847 -0.0722 0.2216 -0.1268 -0.2712 -0.3586 -0.3489 0.1274 0.1698 -0.2274 -0.3255 -0.3910 0.0238 0.2611 -0.1531 -0.2437 -0.1531 0.2611 0.0238 -0.3910 -0.3255 -0.2274 0.1698 0.1274 -0.3489 -0.3586 -0.2712 -0.1268 0.2216 -0.0722 -0.3847 -0.3098 -0.2040 0.2705 0.0915 -0.3803 -0.3471 -0.2578 -0.0785 0.1908 -0.1801 -0.3784 -0.2990 -0.1872 0.2802 0.0653 -0.3890 -0.3387 -0.2483 -0.0175 0.1692 -0.2555 -0.3727 -0.2905 -0.1722 0.2699 0.0387 -0.3913 -0.3307 -0.2366 0.0782 0.1478 -0.3103 -0.3665 -0.2819 -0.1520
-0.2743 -0.3675 -0.3032 0.1511 0.0615 -0.2385 -0.3320 -0.3912 0.0431 0.2722 -0.1746 -0.2918 -0.3736 -0.2453 0.1724 -0.0287 -0.2497 -0.3399 -0.3883 0.0689 0.2806 -0.1894 -0.3003 -0.3791 -0.1689 0.1936 -0.0837 -0.2588 -0.3479 -0.3791 0.0935 0.2684 -0.2050 -0.3103 -0.3850 -0.0686 0.2225 -0.1276 -0.2713 -0.3586 -0.3494 0.1267 0.1737 -0.2267 -0.3250 -0.3909 0.0228 0.2626 -0.1644 -0.2815 -0.3386 -0.2815 -0.1644 0.2626 0.0228 -0.3909 -0.3250 -0.2267 0.1737 0.1267 -0.3494 -0.3586 -0.2713 -0.1276 0.2225 -0.0686 -0.3850 -0.3103 -0.2050 0.2684 0.0935 -0.3791 -0.3479 -0.2588 -0.0837 0.1936 -0.1689 -0.3791 -0.3003 -0.1894 0.2806 0.0689 -0.3883 -0.3399 -0.2497 -0.0287 0.1724 -0.2453 -0.3736 -0.2918 -0.1746 0.2722 0.0431 -0.3912 -0.3320 -0.2385 0.0615 0.1511 -0.3032 -0.3675 -0.2743
-0.3606 -0.2956 0.1544 0.0453 -0.2403 -0.3332 -0.3910 0.0474 0.2742 -0.1770 -0.2931 -0.3745 -0.2347 0.1755 -0.0389 -0.2510 -0.3410 -0.3874 0.0725 0.2806 -0.1915 -0.3015 -0.3799 -0.1566 0.1967 -0.0892 -0.2600 -0.3488 -0.3777 0.0958 0.2657 -0.2062 -0.3110 -0.3853 -0.0640 0.2239 -0.1289 -0.2717 -0.3588 -0.3489 0.1267 0.1751 -0.2263 -0.3247 -0.3908 0.0212 0.2622 -0.1659 -0.2868 -0.3693 -0.3956 -0.3693 -0.2868 -0.1659 0.2622 0.0212 -0.3908 -0.3247 -0.2263 0.1751 0.1267 -0.3489 -0.3588 -0.2717 -0.1289 0.2239 -0.0640 -0.3853 -0.3110 -0.2062 0.2657 0.0958 -0.3777 -0.3488 -0.2600 -0.0892 0.1967 -0.1566 -0.3799 -0.3015 -0.1915 0.2806 0.0725 -0.3874 -0.3410 -0.2510 -0.0389 0.1755 -0.2347 -0.3745 -0.2931 -0.1770 0.2742 0.0474 -0.3910 -0.3332 -0.2403 0.0453 0.1544 -0.2956 -0.3606
-0.2902 0.1578 0.0299 -0.2422 -0.3344 -0.3908 0.0515 0.2760 -0.1793 -0.2944 -0.3753 -0.2237 0.1787 -0.0483 -0.2524 -0.3422 -0.3864 0.0761 0.2801 -0.1936 -0.3028 -0.3807 -0.1440 0.2000 -0.0948 -0.2612 -0.3498 -0.3759 0.0984 0.2622 -0.2076 -0.3119 -0.3857 -0.0586 0.2256 -0.1306 -0.2722 -0.3592 -0.3477 0.1274 0.1737 -0.2263 -0.3246 -0.3908 0.0199 0.2615 -0.1656 -0.2876 -0.3709 -0.3089 0.0592 -0.3089 -0.3709 -0.2876 -0.1656 0.2615 0.0199 -0.3908 -0.3246 -0.2263 0.1737 0.1274 -0.3477 -0.3592 -0.2722 -0.1306 0.2256 -0.0586 -0.3857 -0.3119 -0.2076 0.2622 0.0984 -0.3759 -0.3498 -0.2612 -0.0948 0.2000 -0.1440 -0.3807 -0.3028 -0.1936 0.2801 0.0761 -0.3864 -0.3422 -0.2524 -0.0483 0.1787 -0.2237 -0.3753 -0.2944 -0.1793 0.2760 0.0515 -0.3908 -0.3344 -0.2422 0.0299 0.1578 -0.2902
0.1592 0.0153 -0.2441 -0.3356 -0.3904 0.0555 0.2776 -0.1816 -0.2957 -0.3762 -0.2123 0.1819 -0.0570 -0.2538 -0.3434 -0.3852 0.0795 0.2792 -0.1957 -0.3041 -0.3814 -0.1315 0.2033 -0.1002 -0.2626 -0.3509 -0.3738 0.1013 0.2577 -0.2092 -0.3128 -0.3861 -0.0523 0.2276 -0.1326 -0.2729 -0.3597 -0.3460 0.1285 0.1698 -0.2267 -0.3247 -0.3908 0.0194 0.2611 -0.1652 -0.2875 -0.3711 -0.2767 0.1468 0.2770 0.1468 -0.2767 -0.3711 -0.2875 -0.1652 0.2611 0.0194 -0.3908 -0.3247 -0.2267 0.1698 0.1285 -0.3460 -0.3597 -0.2729 -0.1326 0.2276 -0.0523 -0.3861 -0.3128 -0.2092 0.2577 0.1013 -0.3738 -0.3509 -0.2626 -0.1002 0.2033 -0.1315 -0.3814 -0.3041 -0.1957 0.2792 0.0795 -0.3852 -0.3434 -0.2538 -0.0570 0.1819 -0.2123 -0.3762 -0.2957 -0.1816 0.2776 0.0555 -0.3904 -0.3356 -0.2441 0.0153 0.1592
0.0014 -0.2459 -0.3368 -0.3899 0.0594 0.2788 -0.1838 -0.2970 -0.3770 -0.2005 0.1851 -0.0650 -0.2551 -0.3446 -0.3840 0.0829 0.2777 -0.1978 -0.3054 -0.3822 -0.1192 0.2066 -0.1053 -0.2639 -0.3521 -0.3713 0.1044 0.2520 -0.2109 -0.3139 -0.3866 -0.0455 0.2299 -0.1349 -0.2737 -0.3603 -0.3437 0.1299 0.1640 -0.2274 -0.3250 -0.3908 0.0199 0.2611 -0.1650 -0.2874 -0.3710 -0.2697 0.1625 0.0696 -0.1884 0.0696 0.1625 -0.2697 -0.3710 -0.2874 -0.1650 0.2611 0.0199 -0.3908 -0.3250 -0.2274 0.1640 0.1299 -0.3437 -0.3603 -0.2737 -0.1349 0.2299 -0.0455 -0.3866 -0.3139 -0.2109 0.2520 0.1044 -0.3713 -0.3521 -0.2639 -0.1053 0.2066 -0.1192 -0.3822 -0.3054 -0.1978 0.2777 0.0829 -0.3840 -0.3446 -0.2551 -0.0650 0.1851 -0.2005 -0.3770 -0.2970 -0.1838 0.2788 0.0594 -0.3899 -0.3368 -0.2459 0.0014
-0.2381 -0.3380 -0.3894 0.0632 0.2798 -0.1860 -0.2983 -0.3779 -0.1885 0.1883 -0.0724 -0.2565 -0.3457 -0.3825 0.0863 0.2757 -0.1998 -0.3067 -0.3829 -0.1072 0.2099 -0.1100 -0.2652 -0.3532 -0.3687 0.1076 0.2451 -0.2128 -0.3151 -0.3871 -0.0383 0.2325 -0.1373 -0.2745 -0.3609 -0.3409 0.1315 0.1570 -0.2281 -0.3255 -0.3909 0.0212 0.2615 -0.1652 -0.2874 -0.3710 -0.2687 0.1659 0.0018 -0.2392 -0.2986 -0.2392 0.0018 0.1659 -0.2687 -0.3710 -0.2874 -0.1652 0.2615 0.0212 -0.3909 -0.3255 -0.2281 0.1570 0.1315 -0.3409 -0.3609 -0.2745 -0.1373 0.2325 -0.0383 -0.3871 -0.3151 -0.2128 0.2451 0.1076 -0.3687 -0.3532 -0.2652 -0.1100 0.2099 -0.1072 -0.3829 -0.3067 -0.1998 0.2757 0.0863 -0.3825 -0.3457 -0.2565 -0.0724 0.1883 -0.1885 -0.3779 -0.2983 -0.1860 0.2798 0.0632 -0.3894 -0.3380 -0.2381
-0.3308 -0.3887 0.0667 0.2804 -0.1881 -0.2995 -0.3787 -0.1767 0.1914 -0.0789 -0.2577 -0.3468 -0.3810 0.0894 0.2733 -0.2017 -0.3079 -0.3835 -0.0961 0.2130 -0.1144 -0.2665 -0.3542 -0.3659 0.1106 0.2377 -0.2146 -0.3162 -0.3876 -0.0312 0.2351 -0.1399 -0.2755 -0.3616 -0.3379 0.1333 0.1493 -0.2290 -0.3260 -0.3910 0.0228 0.2622 -0.1656 -0.2875 -0.3710 -0.2687 0.1663 -0.0094 -0.2466 -0.3340 -0.3844 -0.3340 -0.2466 -0.0094 0.1663 -0.2687 -0.3710 -0.2875 -0.1656 0.2622 0.0228 -0.3910 -0.3260 -0.2290 0.1493 0.1333 -0.3379 -0.3616 -0.2755 -0.1399 0.2351 -0.0312 -0.3876 -0.3162 -0.2146 0.2377 0.1106 -0.3659 -0.3542 -0.2665 -0.1144 0.2130 -0.0961 -0.3835 -0.3079 -0.2017 0.2733 0.0894 -0.3810 -0.3468 -0.2577 -0.0789 0.1914 -0.1767 -0.3787 -0.2995 -0.1881 0.2804 0.0667 -0.3887 -0.3308
-0.3833 0.0694 0.2806 -0.1897 -0.3005 -0.3794 -0.1674 0.1938 -0.0838 -0.2587 -0.3478 -0.3797 0.0919 0.2709 -0.2033 -0.3089 -0.3841 -0.0876 0.2155 -0.1176 -0.2675 -0.3552 -0.3636 0.1129 0.2313 -0.2161 -0.3172 -0.3880 -0.0255 0.2374 -0.1420 -0.2763 -0.3623 -0.3354 0.1346 0.1432 -0.2297 -0.3264 -0.3910 0.0238 0.2626 -0.1659 -0.2876 -0.3711 -0.2697 0.1659 -0.0094 -0.2477 -0.3380 -0.3923 -0.1813 -0.3923 -0.3380 -0.2477 -0.0094 0.1659 -0.2697 -0.3711 -0.2876 -0.1659 0.2626 0.0238 -0.3910 -0.3264 -0.2297 0.1432 0.1346 -0.3354 -0.3623 -0.2763 -0.1420 0.2374 -0.0255 -0.3880 -0.3172 -0.2161 0.2313 0.1129 -0.3636 -0.3552 -0.2675 -0.1176 0.2155 -0.0876 -0.3841 -0.3089 -0.2033 0.2709 0.0919 -0.3797 -0.3478 -0.2587 -0.0838 0.1938 -0.1674 -0.3794 -0.3005 -0.1897 0.2806 0.0694 -0.3833
0.0660 0.2806 -0.1895 -0.3005 -0.3797 -0.1688 0.1934 -0.0830 -0.2586 -0.3480 -0.3798 0.0913 0.2714 -0.2031 -0.3089 -0.3844 -0.0889 0.2151 -0.1172 -0.2674 -0.3554 -0.3639 0.1123 0.2324 -0.2160 -0.3173 -0.3882 -0.0264 0.2370 -0.1416 -0.2761 -0.3625 -0.3365 0.1334 0.1486 -0.2291 -0.3261 -0.3909 0.0210 0.2611 -0.1644 -0.2868 -0.3709 -0.2767 0.1625 0.0018 -0.2466 -0.3380 -0.3898 0.0427 0.1838 0.0427 -0.3898 -0.3380 -0.2466 0.0018 0.1625 -0.2767 -0.3709 -0.2868 -0.1644 0.2611 0.0210 -0.3909 -0.3261 -0.2291 0.1486 0.1334 -0.3365 -0.3625 -0.2761 -0.1416 0.2370 -0.0264 -0.3882 -0.3173 -0.2160 0.2324 0.1123 -0.3639 -0.3554 -0.2674 -0.1172 0.2151 -0.0889 -0.3844 -0.3089 -0.2031 0.2714 0.0913 -0.3798 -0.3480 -0.2586 -0.0830 0.1934 -0.1688 -0.3797 -0.3005 -0.1895 0.2806 0.0660
0.2752 -0.1814 -0.2960 -0.3795 -0.2128 0.1788 -0.0547 -0.2534 -0.3452 -0.3855 0.0785 0.2799 -0.1957 -0.3047 -0.3847 -0.1322 0.2003 -0.0989 -0.2623 -0.3531 -0.3737 0.0999 0.2600 -0.2090 -0.3133 -0.3890 -0.0584 0.2227 -0.1283 -0.2712 -0.3606 -0.3531 0.1205 0.2034 -0.2222 -0.3221 -0.3920 -0.0019 0.2481 -0.1531 -0.2815 -0.3693 -0.3089 0.1468 0.0696 -0.2392 -0.3340 -0.3923 0.0427 0.2615 -0.0285 0.2615 0.0427 -0.3923 -0.3340 -0.2392 0.0696 0.1468 -0.3089 -0.3693 -0.2815 -0.1531 0.2481 -0.0019 -0.3920 -0.3221 -0.2222 0.2034 0.1205 -0.3531 -0.3606 -0.2712 -0.1283 0.2227 -0.0584 -0.3890 -0.3133 -0.2090 0.2600 0.0999 -0.3737 -0.3531 -0.2623 -0.0989 0.2003 -0.1322 -0.3847 -0.3047 -0.1957 0.2799 0.0785 -0.3855 -0.3452 -0.2534 -0.0547 0.1788 -0.2128 -0.3795 -0.2960 -0.1814 0.2752
-0.0892 -0.2597 -0.3525 -0.3815 0.0946 0.2677 -0.2088 -0.3113 -0.3917 -0.0723 0.2158 -0.1220 -0.2686 -0.3604 -0.3625 0.1148 0.2249 -0.2203 -0.3200 -0.3954 -0.0150 0.2379 -0.1464 -0.2775 -0.3680 -0.3316 0.1346 0.1404 -0.2314 -0.3287 -0.3974 0.0243 0.2587 -0.1665 -0.2866 -0.3755 -0.2810 0.1569 0.0221 -0.2437 -0.3386 -0.3956 0.0592 0.2770 -0.1884 -0.2986 -0.3844 -0.1813 0.1838 -0.0285 -0.2075 -0.0285 0.1838 -0.1813 -0.3844 -0.2986 -0.1884 0.2770 0.0592 -0.3956 -0.3386 -0.2437 0.0221 0.1569 -0.2810 -0.3755 -0.2866 -0.1665 0.2587 0.0243 -0.3974 -0.3287 -0.2314 0.1404 0.1346 -0.3316 -0.3680 -0.2775 -0.1464 0.2379 -0.0150 -0.3954 -0.3200 -0.2203 0.2249 0.1148 -0.3625 -0.3604 -0.2686 -0.1220 0.2158 -0.0723 -0.3917 -0.3113 -0.2088 0.2677 0.0946 -0.3815 -0.3525 -0.2597 -0.0892
