0.3819 0.5052 0.2542 0.1393 0.1725 0.2999 0.5149 0.3872 0.1462 0.1516 0.2371 0.4513 0.4734 0.1778 0.1409 0.1931 0.3542 0.5136 0.3027 0.1402 0.1641 0.2761 0.5032 0.4224 0.1523 0.1469 0.2201 0.4173 0.4920 0.2102 0.1395 0.1817 0.3247 0.5173 0.3494 0.1426 0.1570 0.2546 0.4798 0.4515 0.1621 0.1433 0.2052 0.3836 0.5056 0.2570 0.1393 0.1715 0.2940 0.5065 0.4883 0.5065 0.2940 0.1715 0.1393 0.2570 0.5056 0.3836 0.2052 0.1433 0.1621 0.4515 0.4798 0.2546 0.1570 0.1426 0.3494 0.5173 0.3247 0.1817 0.1395 0.2102 0.4920 0.4173 0.2201 0.1469 0.1523 0.4224 0.5032 0.2761 0.1641 0.1402 0.3027 0.5136 0.3542 0.1931 0.1409 0.1778 0.4734 0.4513 0.2371 0.1516 0.1462 0.3872 0.5149 0.2999 0.1725 0.1393 0.2542 0.5052 0.3819
0.5052 0.2542 0.1350 0.1694 0.2979 0.5154 0.3898 0.1424 0.1480 0.2345 0.4504 0.4749 0.1765 0.1368 0.1902 0.3524 0.5146 0.3058 0.1360 0.1608 0.2737 0.5032 0.4246 0.1489 0.1431 0.2174 0.4161 0.4933 0.2115 0.1353 0.1786 0.3227 0.5181 0.3523 0.1385 0.1535 0.2521 0.4793 0.4534 0.1593 0.1393 0.2023 0.3820 0.5066 0.2597 0.1350 0.1686 0.2950 0.5134 0.4168 0.2059 0.4168 0.5134 0.2950 0.1686 0.1350 0.2597 0.5066 0.3820 0.2023 0.1393 0.1593 0.4534 0.4793 0.2521 0.1535 0.1385 0.3523 0.5181 0.3227 0.1786 0.1353 0.2115 0.4933 0.4161 0.2174 0.1431 0.1489 0.4246 0.5032 0.2737 0.1608 0.1360 0.3058 0.5146 0.3524 0.1902 0.1368 0.1765 0.4749 0.4504 0.2345 0.1480 0.1424 0.3898 0.5154 0.2979 0.1694 0.1350 0.2542 0.5052
0.2542 0.1350 0.1691 0.2962 0.5148 0.3934 0.1429 0.1474 0.2326 0.4468 0.4771 0.1793 0.1366 0.1888 0.3490 0.5152 0.3111 0.1362 0.1599 0.2712 0.5012 0.4280 0.1498 0.1426 0.2156 0.4123 0.4950 0.2163 0.1352 0.1774 0.3196 0.5181 0.3571 0.1389 0.1528 0.2499 0.4761 0.4562 0.1609 0.1390 0.2008 0.3784 0.5078 0.2652 0.1351 0.1676 0.2930 0.5136 0.4026 0.1474 0.1343 0.1474 0.4026 0.5136 0.2930 0.1676 0.1351 0.2652 0.5078 0.3784 0.2008 0.1390 0.1609 0.4562 0.4761 0.2499 0.1528 0.1389 0.3571 0.5181 0.3196 0.1774 0.1352 0.2163 0.4950 0.4123 0.2156 0.1426 0.1498 0.4280 0.5012 0.2712 0.1599 0.1362 0.3111 0.5152 0.3490 0.1888 0.1366 0.1793 0.4771 0.4468 0.2326 0.1474 0.1429 0.3934 0.5148 0.2962 0.1691 0.1350 0.2542
0.1393 0.1694 0.2962 0.5145 0.3956 0.1433 0.1470 0.2309 0.4434 0.4792 0.1823 0.1364 0.1875 0.3457 0.5158 0.3164 0.1364 0.1591 0.2688 0.4989 0.4314 0.1507 0.1422 0.2139 0.4085 0.4966 0.2213 0.1351 0.1763 0.3166 0.5180 0.3617 0.1393 0.1521 0.2477 0.4728 0.4589 0.1625 0.1387 0.1993 0.3748 0.5089 0.2707 0.1352 0.1667 0.2904 0.5129 0.4021 0.1449 0.1425 0.1759 0.1425 0.1449 0.4021 0.5129 0.2904 0.1667 0.1352 0.2707 0.5089 0.3748 0.1993 0.1387 0.1625 0.4589 0.4728 0.2477 0.1521 0.1393 0.3617 0.5180 0.3166 0.1763 0.1351 0.2213 0.4966 0.4085 0.2139 0.1422 0.1507 0.4314 0.4989 0.2688 0.1591 0.1364 0.3164 0.5158 0.3457 0.1875 0.1364 0.1823 0.4792 0.4434 0.2309 0.1470 0.1433 0.3956 0.5145 0.2962 0.1694 0.1393
0.1725 0.2979 0.5148 0.3956 0.1435 0.1467 0.2297 0.4406 0.4810 0.1852 0.1362 0.1863 0.3426 0.5163 0.3215 0.1367 0.1583 0.2664 0.4966 0.4346 0.1517 0.1417 0.2122 0.4048 0.4982 0.2264 0.1350 0.1752 0.3136 0.5178 0.3663 0.1397 0.1514 0.2456 0.4695 0.4616 0.1643 0.1383 0.1978 0.3712 0.5099 0.2763 0.1353 0.1657 0.2877 0.5118 0.4050 0.1449 0.1449 0.2153 0.3163 0.2153 0.1449 0.1449 0.4050 0.5118 0.2877 0.1657 0.1353 0.2763 0.5099 0.3712 0.1978 0.1383 0.1643 0.4616 0.4695 0.2456 0.1514 0.1397 0.3663 0.5178 0.3136 0.1752 0.1350 0.2264 0.4982 0.4048 0.2122 0.1417 0.1517 0.4346 0.4966 0.2664 0.1583 0.1367 0.3215 0.5163 0.3426 0.1863 0.1362 0.1852 0.4810 0.4406 0.2297 0.1467 0.1435 0.3956 0.5148 0.2979 0.1725
0.2999 0.5154 0.3934 0.1433 0.1467 0.2293 0.4392 0.4821 0.1876 0.1361 0.1852 0.3397 0.5167 0.3263 0.1369 0.1575 0.2640 0.4941 0.4379 0.1528 0.1413 0.2105 0.4010 0.4997 0.2317 0.1350 0.1741 0.3106 0.5176 0.3708 0.1402 0.1508 0.2435 0.4660 0.4642 0.1662 0.1380 0.1963 0.3677 0.5109 0.2818 0.1354 0.1647 0.2850 0.5105 0.4086 0.1454 0.1451 0.2225 0.4093 0.5169 0.4093 0.2225 0.1451 0.1454 0.4086 0.5105 0.2850 0.1647 0.1354 0.2818 0.5109 0.3677 0.1963 0.1380 0.1662 0.4642 0.4660 0.2435 0.1508 0.1402 0.3708 0.5176 0.3106 0.1741 0.1350 0.2317 0.4997 0.4010 0.2105 0.1413 0.1528 0.4379 0.4941 0.2640 0.1575 0.1369 0.3263 0.5167 0.3397 0.1852 0.1361 0.1876 0.4821 0.4392 0.2293 0.1467 0.1433 0.3934 0.5154 0.2999
0.5149 0.3898 0.1429 0.1470 0.2297 0.4392 0.4825 0.1889 0.1360 0.1844 0.3373 0.5171 0.3306 0.1371 0.1568 0.2618 0.4916 0.4409 0.1539 0.1409 0.2089 0.3973 0.5012 0.2370 0.1350 0.1730 0.3077 0.5173 0.3753 0.1406 0.1501 0.2414 0.4626 0.4667 0.1682 0.1377 0.1949 0.3642 0.5119 0.2873 0.1355 0.1638 0.2824 0.5091 0.4124 0.1461 0.1447 0.2229 0.4234 0.4972 0.3705 0.4972 0.4234 0.2229 0.1447 0.1461 0.4124 0.5091 0.2824 0.1638 0.1355 0.2873 0.5119 0.3642 0.1949 0.1377 0.1682 0.4667 0.4626 0.2414 0.1501 0.1406 0.3753 0.5173 0.3077 0.1730 0.1350 0.2370 0.5012 0.3973 0.2089 0.1409 0.1539 0.4409 0.4916 0.2618 0.1568 0.1371 0.3306 0.5171 0.3373 0.1844 0.1360 0.1889 0.4825 0.4392 0.2297 0.1470 0.1429 0.3898 0.5149
0.3872 0.1424 0.1474 0.2309 0.4406 0.4821 0.1889 0.1359 0.1840 0.3357 0.5173 0.3342 0.1374 0.1561 0.2598 0.4891 0.4438 0.1550 0.1405 0.2073 0.3936 0.5026 0.2424 0.1350 0.1719 0.3048 0.5169 0.3796 0.1411 0.1495 0.2393 0.4590 0.4692 0.1704 0.1374 0.1935 0.3607 0.5127 0.2928 0.1356 0.1629 0.2798 0.5076 0.4160 0.1469 0.1443 0.2215 0.4239 0.4914 0.2307 0.1391 0.2307 0.4914 0.4239 0.2215 0.1443 0.1469 0.4160 0.5076 0.2798 0.1629 0.1356 0.2928 0.5127 0.3607 0.1935 0.1374 0.1704 0.4692 0.4590 0.2393 0.1495 0.1411 0.3796 0.5169 0.3048 0.1719 0.1350 0.2424 0.5026 0.3936 0.2073 0.1405 0.1550 0.4438 0.4891 0.2598 0.1561 0.1374 0.3342 0.5173 0.3357 0.1840 0.1359 0.1889 0.4821 0.4406 0.2309 0.1474 0.1424 0.3872
0.1462 0.1480 0.2326 0.4434 0.4810 0.1876 0.1360 0.1840 0.3352 0.5174 0.3366 0.1375 0.1556 0.2580 0.4868 0.4463 0.1561 0.1402 0.2058 0.3900 0.5039 0.2478 0.1350 0.1708 0.3019 0.5163 0.3839 0.1416 0.1488 0.2373 0.4554 0.4716 0.1728 0.1372 0.1921 0.3572 0.5135 0.2982 0.1358 0.1620 0.2773 0.5059 0.4196 0.1477 0.1438 0.2198 0.4211 0.4913 0.2115 0.1344 0.1481 0.1344 0.2115 0.4913 0.4211 0.2198 0.1438 0.1477 0.4196 0.5059 0.2773 0.1620 0.1358 0.2982 0.5135 0.3572 0.1921 0.1372 0.1728 0.4716 0.4554 0.2373 0.1488 0.1416 0.3839 0.5163 0.3019 0.1708 0.1350 0.2478 0.5039 0.3900 0.2058 0.1402 0.1561 0.4463 0.4868 0.2580 0.1556 0.1375 0.3366 0.5174 0.3352 0.1840 0.1360 0.1876 0.4810 0.4434 0.2326 0.1480 0.1462
0.1516 0.2345 0.4468 0.4792 0.1852 0.1361 0.1844 0.3357 0.5174 0.3373 0.1376 0.1553 0.2568 0.4849 0.4485 0.1571 0.1399 0.2044 0.3867 0.5051 0.2530 0.1350 0.1698 0.2991 0.5157 0.3881 0.1422 0.1482 0.2353 0.4518 0.4740 0.1754 0.1369 0.1907 0.3538 0.5143 0.3036 0.1360 0.1611 0.2747 0.5040 0.4232 0.1485 0.1433 0.2181 0.4175 0.4927 0.2110 0.1350 0.1713 0.2359 0.1713 0.1350 0.2110 0.4927 0.4175 0.2181 0.1433 0.1485 0.4232 0.5040 0.2747 0.1611 0.1360 0.3036 0.5143 0.3538 0.1907 0.1369 0.1754 0.4740 0.4518 0.2353 0.1482 0.1422 0.3881 0.5157 0.2991 0.1698 0.1350 0.2530 0.5051 0.3867 0.2044 0.1399 0.1571 0.4485 0.4849 0.2568 0.1553 0.1376 0.3373 0.5174 0.3357 0.1844 0.1361 0.1852 0.4792 0.4468 0.2345 0.1516
0.2371 0.4504 0.4771 0.1823 0.1362 0.1852 0.3373 0.5173 0.3366 0.1376 0.1551 0.2561 0.4837 0.4501 0.1580 0.1396 0.2033 0.3838 0.5061 0.2578 0.1350 0.1689 0.2964 0.5150 0.3923 0.1427 0.1476 0.2333 0.4481 0.4763 0.1782 0.1367 0.1894 0.3504 0.5149 0.3090 0.1361 0.1603 0.2722 0.5020 0.4266 0.1494 0.1428 0.2163 0.4138 0.4943 0.2146 0.1352 0.1761 0.3024 0.4527 0.3024 0.1761 0.1352 0.2146 0.4943 0.4138 0.2163 0.1428 0.1494 0.4266 0.5020 0.2722 0.1603 0.1361 0.3090 0.5149 0.3504 0.1894 0.1367 0.1782 0.4763 0.4481 0.2333 0.1476 0.1427 0.3923 0.5150 0.2964 0.1689 0.1350 0.2578 0.5061 0.3838 0.2033 0.1396 0.1580 0.4501 0.4837 0.2561 0.1551 0.1376 0.3366 0.5173 0.3373 0.1852 0.1362 0.1823 0.4771 0.4504 0.2371
0.4513 0.4749 0.1793 0.1364 0.1863 0.3397 0.5171 0.3342 0.1375 0.1553 0.2561 0.4832 0.4509 0.1586 0.1394 0.2023 0.3813 0.5070 0.2622 0.1351 0.1680 0.2939 0.5142 0.3961 0.1433 0.1471 0.2313 0.4444 0.4785 0.1812 0.1365 0.1880 0.3470 0.5156 0.3143 0.1363 0.1594 0.2698 0.4998 0.4300 0.1503 0.1424 0.2146 0.4100 0.4960 0.2193 0.1351 0.1764 0.3135 0.5152 0.4750 0.5152 0.3135 0.1764 0.1351 0.2193 0.4960 0.4100 0.2146 0.1424 0.1503 0.4300 0.4998 0.2698 0.1594 0.1363 0.3143 0.5156 0.3470 0.1880 0.1365 0.1812 0.4785 0.4444 0.2313 0.1471 0.1433 0.3961 0.5142 0.2939 0.1680 0.1351 0.2622 0.5070 0.3813 0.2023 0.1394 0.1586 0.4509 0.4832 0.2561 0.1553 0.1375 0.3342 0.5171 0.3397 0.1863 0.1364 0.1793 0.4749 0.4513
0.4734 0.1765 0.1366 0.1875 0.3426 0.5167 0.3306 0.1374 0.1556 0.2568 0.4837 0.4509 0.1588 0.1393 0.2017 0.3795 0.5077 0.2659 0.1351 0.1672 0.2917 0.5134 0.3996 0.1439 0.1465 0.2294 0.4407 0.4806 0.1845 0.1362 0.1867 0.3437 0.5161 0.3195 0.1366 0.1586 0.2673 0.4975 0.4333 0.1513 0.1419 0.2129 0.4063 0.4976 0.2244 0.1351 0.1755 0.3138 0.5174 0.3916 0.1803 0.3916 0.5174 0.3138 0.1755 0.1351 0.2244 0.4976 0.4063 0.2129 0.1419 0.1513 0.4333 0.4975 0.2673 0.1586 0.1366 0.3195 0.5161 0.3437 0.1867 0.1362 0.1845 0.4806 0.4407 0.2294 0.1465 0.1439 0.3996 0.5134 0.2917 0.1672 0.1351 0.2659 0.5077 0.3795 0.2017 0.1393 0.1588 0.4509 0.4837 0.2568 0.1556 0.1374 0.3306 0.5167 0.3426 0.1875 0.1366 0.1765 0.4734
0.1778 0.1368 0.1888 0.3457 0.5163 0.3263 0.1371 0.1561 0.2580 0.4849 0.4501 0.1586 0.1393 0.2015 0.3786 0.5081 0.2686 0.1352 0.1666 0.2898 0.5126 0.4027 0.1444 0.1460 0.2277 0.4372 0.4827 0.1879 0.1361 0.1854 0.3404 0.5166 0.3247 0.1368 0.1578 0.2649 0.4951 0.4366 0.1524 0.1415 0.2112 0.4025 0.4991 0.2296 0.1350 0.1745 0.3116 0.5176 0.3754 0.1427 0.1353 0.1427 0.3754 0.5176 0.3116 0.1745 0.1350 0.2296 0.4991 0.4025 0.2112 0.1415 0.1524 0.4366 0.4951 0.2649 0.1578 0.1368 0.3247 0.5166 0.3404 0.1854 0.1361 0.1879 0.4827 0.4372 0.2277 0.1460 0.1444 0.4027 0.5126 0.2898 0.1666 0.1352 0.2686 0.5081 0.3786 0.2015 0.1393 0.1586 0.4501 0.4849 0.2580 0.1561 0.1371 0.3263 0.5163 0.3457 0.1888 0.1368 0.1778
0.1409 0.1902 0.3490 0.5158 0.3215 0.1369 0.1568 0.2598 0.4868 0.4485 0.1580 0.1394 0.2017 0.3786 0.5083 0.2699 0.1352 0.1662 0.2884 0.5118 0.4053 0.1449 0.1456 0.2262 0.4340 0.4845 0.1913 0.1359 0.1842 0.3371 0.5170 0.3299 0.1371 0.1570 0.2626 0.4925 0.4398 0.1535 0.1411 0.2095 0.3988 0.5006 0.2348 0.1350 0.1734 0.3088 0.5174 0.3749 0.1410 0.1459 0.1838 0.1459 0.1410 0.3749 0.5174 0.3088 0.1734 0.1350 0.2348 0.5006 0.3988 0.2095 0.1411 0.1535 0.4398 0.4925 0.2626 0.1570 0.1371 0.3299 0.5170 0.3371 0.1842 0.1359 0.1913 0.4845 0.4340 0.2262 0.1456 0.1449 0.4053 0.5118 0.2884 0.1662 0.1352 0.2699 0.5083 0.3786 0.2017 0.1394 0.1580 0.4485 0.4868 0.2598 0.1568 0.1369 0.3215 0.5158 0.3490 0.1902 0.1409
0.1931 0.3524 0.5152 0.3164 0.1367 0.1575 0.2618 0.4891 0.4463 0.1571 0.1396 0.2023 0.3795 0.5081 0.2699 0.1352 0.1659 0.2874 0.5113 0.4073 0.1453 0.1453 0.2248 0.4312 0.4861 0.1946 0.1357 0.1830 0.3341 0.5174 0.3349 0.1374 0.1562 0.2602 0.4898 0.4429 0.1546 0.1407 0.2079 0.3951 0.5020 0.2402 0.1350 0.1723 0.3059 0.5170 0.3782 0.1410 0.1487 0.2272 0.3371 0.2272 0.1487 0.1410 0.3782 0.5170 0.3059 0.1723 0.1350 0.2402 0.5020 0.3951 0.2079 0.1407 0.1546 0.4429 0.4898 0.2602 0.1562 0.1374 0.3349 0.5174 0.3341 0.1830 0.1357 0.1946 0.4861 0.4312 0.2248 0.1453 0.1453 0.4073 0.5113 0.2874 0.1659 0.1352 0.2699 0.5081 0.3795 0.2023 0.1396 0.1571 0.4463 0.4891 0.2618 0.1575 0.1367 0.3164 0.5152 0.3524 0.1931
0.3542 0.5146 0.3111 0.1364 0.1583 0.2640 0.4916 0.4438 0.1561 0.1399 0.2033 0.3813 0.5077 0.2686 0.1352 0.1659 0.2871 0.5110 0.4086 0.1456 0.1450 0.2237 0.4287 0.4875 0.1977 0.1356 0.1820 0.3314 0.5176 0.3396 0.1377 0.1554 0.2579 0.4870 0.4459 0.1559 0.1403 0.2063 0.3914 0.5034 0.2456 0.1350 0.1713 0.3031 0.5165 0.3822 0.1414 0.1489 0.2351 0.4340 0.5162 0.4340 0.2351 0.1489 0.1414 0.3822 0.5165 0.3031 0.1713 0.1350 0.2456 0.5034 0.3914 0.2063 0.1403 0.1559 0.4459 0.4870 0.2579 0.1554 0.1377 0.3396 0.5176 0.3314 0.1820 0.1356 0.1977 0.4875 0.4287 0.2237 0.1450 0.1456 0.4086 0.5110 0.2871 0.1659 0.1352 0.2686 0.5077 0.3813 0.2033 0.1399 0.1561 0.4438 0.4916 0.2640 0.1583 0.1364 0.3111 0.5146 0.3542
0.5136 0.3058 0.1362 0.1591 0.2664 0.4941 0.4409 0.1550 0.1402 0.2044 0.3838 0.5070 0.2659 0.1352 0.1662 0.2874 0.5110 0.4091 0.1458 0.1448 0.2230 0.4268 0.4886 0.2005 0.1355 0.1811 0.3289 0.5178 0.3438 0.1379 0.1547 0.2557 0.4841 0.4489 0.1572 0.1399 0.2047 0.3877 0.5047 0.2511 0.1350 0.1702 0.3002 0.5160 0.3865 0.1419 0.1484 0.2354 0.4479 0.4857 0.3397 0.4857 0.4479 0.2354 0.1484 0.1419 0.3865 0.5160 0.3002 0.1702 0.1350 0.2511 0.5047 0.3877 0.2047 0.1399 0.1572 0.4489 0.4841 0.2557 0.1547 0.1379 0.3438 0.5178 0.3289 0.1811 0.1355 0.2005 0.4886 0.4268 0.2230 0.1448 0.1458 0.4091 0.5110 0.2874 0.1662 0.1352 0.2659 0.5070 0.3838 0.2044 0.1402 0.1550 0.4409 0.4941 0.2664 0.1591 0.1362 0.3058 0.5136
0.3027 0.1360 0.1599 0.2688 0.4966 0.4379 0.1539 0.1405 0.2058 0.3867 0.5061 0.2622 0.1351 0.1666 0.2884 0.5113 0.4086 0.1458 0.1448 0.2226 0.4257 0.4893 0.2027 0.1355 0.1803 0.3267 0.5179 0.3475 0.1382 0.1541 0.2537 0.4813 0.4516 0.1585 0.1395 0.2032 0.3840 0.5060 0.2566 0.1350 0.1692 0.2974 0.5153 0.3906 0.1425 0.1479 0.2339 0.4484 0.4785 0.1989 0.1365 0.1989 0.4785 0.4484 0.2339 0.1479 0.1425 0.3906 0.5153 0.2974 0.1692 0.1350 0.2566 0.5060 0.3840 0.2032 0.1395 0.1585 0.4516 0.4813 0.2537 0.1541 0.1382 0.3475 0.5179 0.3267 0.1803 0.1355 0.2027 0.4893 0.4257 0.2226 0.1448 0.1458 0.4086 0.5113 0.2884 0.1666 0.1351 0.2622 0.5061 0.3867 0.2058 0.1405 0.1539 0.4379 0.4966 0.2688 0.1599 0.1360 0.3027
0.1402 0.1608 0.2712 0.4989 0.4346 0.1528 0.1409 0.2073 0.3900 0.5051 0.2578 0.1351 0.1672 0.2898 0.5118 0.4073 0.1456 0.1448 0.2226 0.4253 0.4897 0.2040 0.1354 0.1797 0.3249 0.5180 0.3507 0.1385 0.1535 0.2519 0.4787 0.4541 0.1598 0.1392 0.2017 0.3804 0.5072 0.2622 0.1351 0.1682 0.2946 0.5144 0.3947 0.1431 0.1473 0.2321 0.4457 0.4783 0.1844 0.1349 0.1525 0.1349 0.1844 0.4783 0.4457 0.2321 0.1473 0.1431 0.3947 0.5144 0.2946 0.1682 0.1351 0.2622 0.5072 0.3804 0.2017 0.1392 0.1598 0.4541 0.4787 0.2519 0.1535 0.1385 0.3507 0.5180 0.3249 0.1797 0.1354 0.2040 0.4897 0.4253 0.2226 0.1448 0.1456 0.4073 0.5118 0.2898 0.1672 0.1351 0.2578 0.5051 0.3900 0.2073 0.1409 0.1528 0.4346 0.4989 0.2712 0.1608 0.1402
0.1641 0.2737 0.5012 0.4314 0.1517 0.1413 0.2089 0.3936 0.5039 0.2530 0.1350 0.1680 0.2917 0.5126 0.4053 0.1453 0.1450 0.2230 0.4257 0.4897 0.2044 0.1354 0.1794 0.3237 0.5181 0.3535 0.1387 0.1531 0.2503 0.4763 0.4563 0.1611 0.1389 0.2003 0.3770 0.5083 0.2677 0.1351 0.1672 0.2919 0.5135 0.3987 0.1437 0.1467 0.2301 0.4422 0.4799 0.1841 0.1359 0.1787 0.2499 0.1787 0.1359 0.1841 0.4799 0.4422 0.2301 0.1467 0.1437 0.3987 0.5135 0.2919 0.1672 0.1351 0.2677 0.5083 0.3770 0.2003 0.1389 0.1611 0.4563 0.4763 0.2503 0.1531 0.1387 0.3535 0.5181 0.3237 0.1794 0.1354 0.2044 0.4897 0.4257 0.2230 0.1450 0.1453 0.4053 0.5126 0.2917 0.1680 0.1350 0.2530 0.5039 0.3936 0.2089 0.1413 0.1517 0.4314 0.5012 0.2737 0.1641
0.2761 0.5032 0.4280 0.1507 0.1417 0.2105 0.3973 0.5026 0.2478 0.1350 0.1689 0.2939 0.5134 0.4027 0.1449 0.1453 0.2237 0.4268 0.4893 0.2040 0.1354 0.1793 0.3230 0.5181 0.3554 0.1389 0.1527 0.2490 0.4742 0.4583 0.1623 0.1386 0.1991 0.3739 0.5092 0.2729 0.1352 0.1662 0.2892 0.5124 0.4027 0.1443 0.1462 0.2282 0.4385 0.4819 0.1867 0.1360 0.1839 0.3220 0.4754 0.3220 0.1839 0.1360 0.1867 0.4819 0.4385 0.2282 0.1462 0.1443 0.4027 0.5124 0.2892 0.1662 0.1352 0.2729 0.5092 0.3739 0.1991 0.1386 0.1623 0.4583 0.4742 0.2490 0.1527 0.1389 0.3554 0.5181 0.3230 0.1793 0.1354 0.2040 0.4893 0.4268 0.2237 0.1453 0.1449 0.4027 0.5134 0.2939 0.1689 0.1350 0.2478 0.5026 0.3973 0.2105 0.1417 0.1507 0.4280 0.5032 0.2761
0.5032 0.4246 0.1498 0.1422 0.2122 0.4010 0.5012 0.2424 0.1350 0.1698 0.2964 0.5142 0.3996 0.1444 0.1456 0.2248 0.4287 0.4886 0.2027 0.1354 0.1794 0.3230 0.5181 0.3563 0.1390 0.1524 0.2480 0.4723 0.4599 0.1635 0.1384 0.1980 0.3712 0.5101 0.2776 0.1353 0.1653 0.2866 0.5113 0.4065 0.1450 0.1456 0.2263 0.4347 0.4840 0.1902 0.1359 0.1842 0.3338 0.5174 0.4590 0.5174 0.3338 0.1842 0.1359 0.1902 0.4840 0.4347 0.2263 0.1456 0.1450 0.4065 0.5113 0.2866 0.1653 0.1353 0.2776 0.5101 0.3712 0.1980 0.1384 0.1635 0.4599 0.4723 0.2480 0.1524 0.1390 0.3563 0.5181 0.3230 0.1794 0.1354 0.2027 0.4886 0.4287 0.2248 0.1456 0.1444 0.3996 0.5142 0.2964 0.1698 0.1350 0.2424 0.5012 0.4010 0.2122 0.1422 0.1498 0.4246 0.5032
0.4224 0.1489 0.1426 0.2139 0.4048 0.4997 0.2370 0.1350 0.1708 0.2991 0.5150 0.3961 0.1439 0.1460 0.2262 0.4312 0.4875 0.2005 0.1355 0.1797 0.3237 0.5181 0.3563 0.1390 0.1523 0.2473 0.4710 0.4611 0.1645 0.1382 0.1971 0.3688 0.5108 0.2818 0.1354 0.1645 0.2842 0.5101 0.4101 0.1457 0.1451 0.2245 0.4310 0.4860 0.1940 0.1358 0.1833 0.3342 0.5175 0.3631 0.1638 0.3631 0.5175 0.3342 0.1833 0.1358 0.1940 0.4860 0.4310 0.2245 0.1451 0.1457 0.4101 0.5101 0.2842 0.1645 0.1354 0.2818 0.5108 0.3688 0.1971 0.1382 0.1645 0.4611 0.4710 0.2473 0.1523 0.1390 0.3563 0.5181 0.3237 0.1797 0.1355 0.2005 0.4875 0.4312 0.2262 0.1460 0.1439 0.3961 0.5150 0.2991 0.1708 0.1350 0.2370 0.4997 0.4048 0.2139 0.1426 0.1489 0.4224
0.1523 0.1431 0.2156 0.4085 0.4982 0.2317 0.1350 0.1719 0.3019 0.5157 0.3923 0.1433 0.1465 0.2277 0.4340 0.4861 0.1977 0.1355 0.1803 0.3249 0.5181 0.3554 0.1390 0.1523 0.2471 0.4703 0.4619 0.1652 0.1381 0.1963 0.3667 0.5113 0.2854 0.1355 0.1638 0.2821 0.5088 0.4134 0.1464 0.1446 0.2227 0.4272 0.4879 0.1981 0.1356 0.1821 0.3318 0.5176 0.3449 0.1393 0.1369 0.1393 0.3449 0.5176 0.3318 0.1821 0.1356 0.1981 0.4879 0.4272 0.2227 0.1446 0.1464 0.4134 0.5088 0.2821 0.1638 0.1355 0.2854 0.5113 0.3667 0.1963 0.1381 0.1652 0.4619 0.4703 0.2471 0.1523 0.1390 0.3554 0.5181 0.3249 0.1803 0.1355 0.1977 0.4861 0.4340 0.2277 0.1465 0.1433 0.3923 0.5157 0.3019 0.1719 0.1350 0.2317 0.4982 0.4085 0.2156 0.1431 0.1523
0.1469 0.2174 0.4123 0.4966 0.2264 0.1350 0.1730 0.3048 0.5163 0.3881 0.1427 0.1471 0.2294 0.4372 0.4845 0.1946 0.1356 0.1811 0.3267 0.5180 0.3535 0.1389 0.1524 0.2473 0.4703 0.4622 0.1656 0.1380 0.1957 0.3651 0.5118 0.2885 0.1355 0.1632 0.2803 0.5077 0.4163 0.1470 0.1442 0.2210 0.4236 0.4897 0.2025 0.1355 0.1809 0.3288 0.5178 0.3444 0.1382 0.1499 0.1927 0.1499 0.1382 0.3444 0.5178 0.3288 0.1809 0.1355 0.2025 0.4897 0.4236 0.2210 0.1442 0.1470 0.4163 0.5077 0.2803 0.1632 0.1355 0.2885 0.5118 0.3651 0.1957 0.1380 0.1656 0.4622 0.4703 0.2473 0.1524 0.1389 0.3535 0.5180 0.3267 0.1811 0.1356 0.1946 0.4845 0.4372 0.2294 0.1471 0.1427 0.3881 0.5163 0.3048 0.1730 0.1350 0.2264 0.4966 0.4123 0.2174 0.1469
0.2201 0.4161 0.4950 0.2213 0.1350 0.1741 0.3077 0.5169 0.3839 0.1422 0.1476 0.2313 0.4407 0.4827 0.1913 0.1357 0.1820 0.3289 0.5179 0.3507 0.1387 0.1527 0.2480 0.4710 0.4619 0.1656 0.1380 0.1954 0.3640 0.5122 0.2911 0.1356 0.1627 0.2788 0.5066 0.4188 0.1476 0.1438 0.2196 0.4204 0.4914 0.2067 0.1354 0.1797 0.3257 0.5180 0.3480 0.1383 0.1530 0.2403 0.3594 0.2403 0.1530 0.1383 0.3480 0.5180 0.3257 0.1797 0.1354 0.2067 0.4914 0.4204 0.2196 0.1438 0.1476 0.4188 0.5066 0.2788 0.1627 0.1356 0.2911 0.5122 0.3640 0.1954 0.1380 0.1656 0.4619 0.4710 0.2480 0.1527 0.1387 0.3507 0.5179 0.3289 0.1820 0.1357 0.1913 0.4827 0.4407 0.2313 0.1476 0.1422 0.3839 0.5169 0.3077 0.1741 0.1350 0.2213 0.4950 0.4161 0.2201
0.4173 0.4933 0.2163 0.1351 0.1752 0.3106 0.5173 0.3796 0.1416 0.1482 0.2333 0.4444 0.4806 0.1879 0.1359 0.1830 0.3314 0.5178 0.3475 0.1385 0.1531 0.2490 0.4723 0.4611 0.1652 0.1380 0.1954 0.3637 0.5124 0.2928 0.1357 0.1623 0.2775 0.5056 0.4209 0.1481 0.1434 0.2183 0.4176 0.4928 0.2107 0.1353 0.1786 0.3226 0.5181 0.3526 0.1386 0.1532 0.2488 0.4581 0.5125 0.4581 0.2488 0.1532 0.1386 0.3526 0.5181 0.3226 0.1786 0.1353 0.2107 0.4928 0.4176 0.2183 0.1434 0.1481 0.4209 0.5056 0.2775 0.1623 0.1357 0.2928 0.5124 0.3637 0.1954 0.1380 0.1652 0.4611 0.4723 0.2490 0.1531 0.1385 0.3475 0.5178 0.3314 0.1830 0.1359 0.1879 0.4806 0.4444 0.2333 0.1482 0.1416 0.3796 0.5173 0.3106 0.1752 0.1351 0.2163 0.4933 0.4173
0.4920 0.2115 0.1352 0.1763 0.3136 0.5176 0.3753 0.1411 0.1488 0.2353 0.4481 0.4785 0.1845 0.1361 0.1842 0.3341 0.5176 0.3438 0.1382 0.1535 0.2503 0.4742 0.4599 0.1645 0.1381 0.1957 0.3640 0.5124 0.2933 0.1357 0.1621 0.2765 0.5048 0.4227 0.1486 0.1431 0.2172 0.4150 0.4940 0.2143 0.1352 0.1776 0.3199 0.5181 0.3572 0.1389 0.1527 0.2491 0.4711 0.4717 0.3060 0.4717 0.4711 0.2491 0.1527 0.1389 0.3572 0.5181 0.3199 0.1776 0.1352 0.2143 0.4940 0.4150 0.2172 0.1431 0.1486 0.4227 0.5048 0.2765 0.1621 0.1357 0.2933 0.5124 0.3640 0.1957 0.1381 0.1645 0.4599 0.4742 0.2503 0.1535 0.1382 0.3438 0.5176 0.3341 0.1842 0.1361 0.1845 0.4785 0.4481 0.2353 0.1488 0.1411 0.3753 0.5176 0.3136 0.1763 0.1352 0.2115 0.4920
0.2102 0.1353 0.1774 0.3166 0.5178 0.3708 0.1406 0.1495 0.2373 0.4518 0.4763 0.1812 0.1362 0.1854 0.3371 0.5174 0.3396 0.1379 0.1541 0.2519 0.4763 0.4583 0.1635 0.1382 0.1963 0.3651 0.5122 0.2928 0.1357 0.1620 0.2760 0.5042 0.4240 0.1490 0.1429 0.2162 0.4128 0.4951 0.2175 0.1351 0.1768 0.3174 0.5180 0.3614 0.1393 0.1521 0.2476 0.4716 0.4628 0.1758 0.1349 0.1758 0.4628 0.4716 0.2476 0.1521 0.1393 0.3614 0.5180 0.3174 0.1768 0.1351 0.2175 0.4951 0.4128 0.2162 0.1429 0.1490 0.4240 0.5042 0.2760 0.1620 0.1357 0.2928 0.5122 0.3651 0.1963 0.1382 0.1635 0.4583 0.4763 0.2519 0.1541 0.1379 0.3396 0.5174 0.3371 0.1854 0.1362 0.1812 0.4763 0.4518 0.2373 0.1495 0.1406 0.3708 0.5178 0.3166 0.1774 0.1353 0.2102
0.1395 0.1786 0.3196 0.5180 0.3663 0.1402 0.1501 0.2393 0.4554 0.4740 0.1782 0.1365 0.1867 0.3404 0.5170 0.3349 0.1377 0.1547 0.2537 0.4787 0.4563 0.1623 0.1384 0.1971 0.3667 0.5118 0.2911 0.1357 0.1621 0.2760 0.5040 0.4247 0.1493 0.1427 0.2155 0.4109 0.4960 0.2204 0.1351 0.1760 0.3153 0.5179 0.3650 0.1396 0.1515 0.2457 0.4693 0.4624 0.1670 0.1361 0.1576 0.1361 0.1670 0.4624 0.4693 0.2457 0.1515 0.1396 0.3650 0.5179 0.3153 0.1760 0.1351 0.2204 0.4960 0.4109 0.2155 0.1427 0.1493 0.4247 0.5040 0.2760 0.1621 0.1357 0.2911 0.5118 0.3667 0.1971 0.1384 0.1623 0.4563 0.4787 0.2537 0.1547 0.1377 0.3349 0.5170 0.3404 0.1867 0.1365 0.1782 0.4740 0.4554 0.2393 0.1501 0.1402 0.3663 0.5180 0.3196 0.1786 0.1395
0.1817 0.3227 0.5181 0.3617 0.1397 0.1508 0.2414 0.4590 0.4716 0.1754 0.1367 0.1880 0.3437 0.5166 0.3299 0.1374 0.1554 0.2557 0.4813 0.4541 0.1611 0.1386 0.1980 0.3688 0.5113 0.2885 0.1356 0.1623 0.2765 0.5042 0.4247 0.1494 0.1426 0.2149 0.4095 0.4967 0.2229 0.1351 0.1754 0.3135 0.5178 0.3682 0.1399 0.1510 0.2440 0.4666 0.4641 0.1668 0.1375 0.1869 0.2653 0.1869 0.1375 0.1668 0.4641 0.4666 0.2440 0.1510 0.1399 0.3682 0.5178 0.3135 0.1754 0.1351 0.2229 0.4967 0.4095 0.2149 0.1426 0.1494 0.4247 0.5042 0.2765 0.1623 0.1356 0.2885 0.5113 0.3688 0.1980 0.1386 0.1611 0.4541 0.4813 0.2557 0.1554 0.1374 0.3299 0.5166 0.3437 0.1880 0.1367 0.1754 0.4716 0.4590 0.2414 0.1508 0.1397 0.3617 0.5181 0.3227 0.1817
0.3247 0.5181 0.3571 0.1393 0.1514 0.2435 0.4626 0.4692 0.1728 0.1369 0.1894 0.3470 0.5161 0.3247 0.1371 0.1562 0.2579 0.4841 0.4516 0.1598 0.1389 0.1991 0.3712 0.5108 0.2854 0.1355 0.1627 0.2775 0.5048 0.4240 0.1493 0.1426 0.2148 0.4087 0.4972 0.2248 0.1350 0.1749 0.3120 0.5177 0.3709 0.1402 0.1505 0.2424 0.4639 0.4660 0.1680 0.1376 0.1928 0.3432 0.4945 0.3432 0.1928 0.1376 0.1680 0.4660 0.4639 0.2424 0.1505 0.1402 0.3709 0.5177 0.3120 0.1749 0.1350 0.2248 0.4972 0.4087 0.2148 0.1426 0.1493 0.4240 0.5048 0.2775 0.1627 0.1355 0.2854 0.5108 0.3712 0.1991 0.1389 0.1598 0.4516 0.4841 0.2579 0.1562 0.1371 0.3247 0.5161 0.3470 0.1894 0.1369 0.1728 0.4692 0.4626 0.2435 0.1514 0.1393 0.3571 0.5181 0.3247
0.5173 0.3523 0.1389 0.1521 0.2456 0.4660 0.4667 0.1704 0.1372 0.1907 0.3504 0.5156 0.3195 0.1368 0.1570 0.2602 0.4870 0.4489 0.1585 0.1392 0.2003 0.3739 0.5101 0.2818 0.1355 0.1632 0.2788 0.5056 0.4227 0.1490 0.1427 0.2149 0.4087 0.4973 0.2259 0.1350 0.1745 0.3108 0.5175 0.3731 0.1405 0.1501 0.2411 0.4614 0.4678 0.1695 0.1375 0.1932 0.3560 0.5159 0.4398 0.5159 0.3560 0.1932 0.1375 0.1695 0.4678 0.4614 0.2411 0.1501 0.1405 0.3731 0.5175 0.3108 0.1745 0.1350 0.2259 0.4973 0.4087 0.2149 0.1427 0.1490 0.4227 0.5056 0.2788 0.1632 0.1355 0.2818 0.5101 0.3739 0.2003 0.1392 0.1585 0.4489 0.4870 0.2602 0.1570 0.1368 0.3195 0.5156 0.3504 0.1907 0.1372 0.1704 0.4667 0.4660 0.2456 0.1521 0.1389 0.3523 0.5173
0.3494 0.1385 0.1528 0.2477 0.4695 0.4642 0.1682 0.1374 0.1921 0.3538 0.5149 0.3143 0.1366 0.1578 0.2626 0.4898 0.4459 0.1572 0.1395 0.2017 0.3770 0.5092 0.2776 0.1354 0.1638 0.2803 0.5066 0.4209 0.1486 0.1429 0.2155 0.4095 0.4972 0.2259 0.1350 0.1742 0.3099 0.5174 0.3749 0.1407 0.1498 0.2399 0.4593 0.4694 0.1710 0.1373 0.1926 0.3571 0.5143 0.3303 0.1534 0.3303 0.5143 0.3571 0.1926 0.1373 0.1710 0.4694 0.4593 0.2399 0.1498 0.1407 0.3749 0.5174 0.3099 0.1742 0.1350 0.2259 0.4972 0.4095 0.2155 0.1429 0.1486 0.4209 0.5066 0.2803 0.1638 0.1354 0.2776 0.5092 0.3770 0.2017 0.1395 0.1572 0.4459 0.4898 0.2626 0.1578 0.1366 0.3143 0.5149 0.3538 0.1921 0.1374 0.1682 0.4642 0.4695 0.2477 0.1528 0.1385 0.3494
0.1426 0.1535 0.2499 0.4728 0.4616 0.1662 0.1377 0.1935 0.3572 0.5143 0.3090 0.1363 0.1586 0.2649 0.4925 0.4429 0.1559 0.1399 0.2032 0.3804 0.5083 0.2729 0.1353 0.1645 0.2821 0.5077 0.4188 0.1481 0.1431 0.2162 0.4109 0.4967 0.2248 0.1350 0.1742 0.3096 0.5174 0.3761 0.1409 0.1496 0.2390 0.4575 0.4708 0.1725 0.1372 0.1917 0.3555 0.5142 0.3096 0.1368 0.1391 0.1368 0.3096 0.5142 0.3555 0.1917 0.1372 0.1725 0.4708 0.4575 0.2390 0.1496 0.1409 0.3761 0.5174 0.3096 0.1742 0.1350 0.2248 0.4967 0.4109 0.2162 0.1431 0.1481 0.4188 0.5077 0.2821 0.1645 0.1353 0.2729 0.5083 0.3804 0.2032 0.1399 0.1559 0.4429 0.4925 0.2649 0.1586 0.1363 0.3090 0.5143 0.3572 0.1935 0.1377 0.1662 0.4616 0.4728 0.2499 0.1535 0.1426
0.1570 0.2521 0.4761 0.4589 0.1643 0.1380 0.1949 0.3607 0.5135 0.3036 0.1361 0.1594 0.2673 0.4951 0.4398 0.1546 0.1403 0.2047 0.3840 0.5072 0.2677 0.1352 0.1653 0.2842 0.5088 0.4163 0.1476 0.1434 0.2172 0.4128 0.4960 0.2229 0.1350 0.1745 0.3099 0.5174 0.3766 0.1410 0.1494 0.2383 0.4561 0.4718 0.1737 0.1370 0.1910 0.3537 0.5145 0.3076 0.1362 0.1548 0.2031 0.1548 0.1362 0.3076 0.5145 0.3537 0.1910 0.1370 0.1737 0.4718 0.4561 0.2383 0.1494 0.1410 0.3766 0.5174 0.3099 0.1745 0.1350 0.2229 0.4960 0.4128 0.2172 0.1434 0.1476 0.4163 0.5088 0.2842 0.1653 0.1352 0.2677 0.5072 0.3840 0.2047 0.1403 0.1546 0.4398 0.4951 0.2673 0.1594 0.1361 0.3036 0.5135 0.3607 0.1949 0.1380 0.1643 0.4589 0.4761 0.2521 0.1570
0.2546 0.4793 0.4562 0.1625 0.1383 0.1963 0.3642 0.5127 0.2982 0.1360 0.1603 0.2698 0.4975 0.4366 0.1535 0.1407 0.2063 0.3877 0.5060 0.2622 0.1351 0.1662 0.2866 0.5101 0.4134 0.1470 0.1438 0.2183 0.4150 0.4951 0.2204 0.1351 0.1749 0.3108 0.5174 0.3761 0.1410 0.1493 0.2379 0.4551 0.4727 0.1748 0.1369 0.1903 0.3519 0.5148 0.3094 0.1362 0.1586 0.2559 0.3849 0.2559 0.1586 0.1362 0.3094 0.5148 0.3519 0.1903 0.1369 0.1748 0.4727 0.4551 0.2379 0.1493 0.1410 0.3761 0.5174 0.3108 0.1749 0.1351 0.2204 0.4951 0.4150 0.2183 0.1438 0.1470 0.4134 0.5101 0.2866 0.1662 0.1351 0.2622 0.5060 0.3877 0.2063 0.1407 0.1535 0.4366 0.4975 0.2698 0.1603 0.1360 0.2982 0.5127 0.3642 0.1963 0.1383 0.1625 0.4562 0.4793 0.2546
0.4798 0.4534 0.1609 0.1387 0.1978 0.3677 0.5119 0.2928 0.1358 0.1611 0.2722 0.4998 0.4333 0.1524 0.1411 0.2079 0.3914 0.5047 0.2566 0.1351 0.1672 0.2892 0.5113 0.4101 0.1464 0.1442 0.2196 0.4176 0.4940 0.2175 0.1351 0.1754 0.3120 0.5175 0.3749 0.1409 0.1494 0.2379 0.4547 0.4731 0.1755 0.1368 0.1897 0.3504 0.5151 0.3118 0.1363 0.1591 0.2657 0.4824 0.5054 0.4824 0.2657 0.1591 0.1363 0.3118 0.5151 0.3504 0.1897 0.1368 0.1755 0.4731 0.4547 0.2379 0.1494 0.1409 0.3749 0.5175 0.3120 0.1754 0.1351 0.2175 0.4940 0.4176 0.2196 0.1442 0.1464 0.4101 0.5113 0.2892 0.1672 0.1351 0.2566 0.5047 0.3914 0.2079 0.1411 0.1524 0.4333 0.4998 0.2722 0.1611 0.1358 0.2928 0.5119 0.3677 0.1978 0.1387 0.1609 0.4534 0.4798
0.4515 0.1593 0.1390 0.1993 0.3712 0.5109 0.2873 0.1356 0.1620 0.2747 0.5020 0.4300 0.1513 0.1415 0.2095 0.3951 0.5034 0.2511 0.1350 0.1682 0.2919 0.5124 0.4065 0.1457 0.1446 0.2210 0.4204 0.4928 0.2143 0.1351 0.1760 0.3135 0.5177 0.3731 0.1407 0.1496 0.2383 0.4551 0.4731 0.1758 0.1368 0.1894 0.3492 0.5154 0.3140 0.1364 0.1589 0.2671 0.4939 0.4523 0.2653 0.4523 0.4939 0.2671 0.1589 0.1364 0.3140 0.5154 0.3492 0.1894 0.1368 0.1758 0.4731 0.4551 0.2383 0.1496 0.1407 0.3731 0.5177 0.3135 0.1760 0.1351 0.2143 0.4928 0.4204 0.2210 0.1446 0.1457 0.4065 0.5124 0.2919 0.1682 0.1350 0.2511 0.5034 0.3951 0.2095 0.1415 0.1513 0.4300 0.5020 0.2747 0.1620 0.1356 0.2873 0.5109 0.3712 0.1993 0.1390 0.1593 0.4515
0.1621 0.1393 0.2008 0.3748 0.5099 0.2818 0.1355 0.1629 0.2773 0.5040 0.4266 0.1503 0.1419 0.2112 0.3988 0.5020 0.2456 0.1350 0.1692 0.2946 0.5135 0.4027 0.1450 0.1451 0.2227 0.4236 0.4914 0.2107 0.1352 0.1768 0.3153 0.5178 0.3709 0.1405 0.1498 0.2390 0.4561 0.4727 0.1755 0.1368 0.1892 0.3486 0.5155 0.3158 0.1365 0.1586 0.2666 0.4955 0.4402 0.1597 0.1341 0.1597 0.4402 0.4955 0.2666 0.1586 0.1365 0.3158 0.5155 0.3486 0.1892 0.1368 0.1755 0.4727 0.4561 0.2390 0.1498 0.1405 0.3709 0.5178 0.3153 0.1768 0.1352 0.2107 0.4914 0.4236 0.2227 0.1451 0.1450 0.4027 0.5135 0.2946 0.1692 0.1350 0.2456 0.5020 0.3988 0.2112 0.1419 0.1503 0.4266 0.5040 0.2773 0.1629 0.1355 0.2818 0.5099 0.3748 0.2008 0.1393 0.1621
0.1433 0.2023 0.3784 0.5089 0.2763 0.1354 0.1638 0.2798 0.5059 0.4232 0.1494 0.1424 0.2129 0.4025 0.5006 0.2402 0.1350 0.1702 0.2974 0.5144 0.3987 0.1443 0.1456 0.2245 0.4272 0.4897 0.2067 0.1353 0.1776 0.3174 0.5179 0.3682 0.1402 0.1501 0.2399 0.4575 0.4718 0.1748 0.1368 0.1894 0.3486 0.5156 0.3169 0.1366 0.1584 0.2659 0.4951 0.4383 0.1544 0.1383 0.1646 0.1383 0.1544 0.4383 0.4951 0.2659 0.1584 0.1366 0.3169 0.5156 0.3486 0.1894 0.1368 0.1748 0.4718 0.4575 0.2399 0.1501 0.1402 0.3682 0.5179 0.3174 0.1776 0.1353 0.2067 0.4897 0.4272 0.2245 0.1456 0.1443 0.3987 0.5144 0.2974 0.1702 0.1350 0.2402 0.5006 0.4025 0.2129 0.1424 0.1494 0.4232 0.5059 0.2798 0.1638 0.1354 0.2763 0.5089 0.3784 0.2023 0.1433
0.2052 0.3820 0.5078 0.2707 0.1353 0.1647 0.2824 0.5076 0.4196 0.1485 0.1428 0.2146 0.4063 0.4991 0.2348 0.1350 0.1713 0.3002 0.5153 0.3947 0.1437 0.1462 0.2263 0.4310 0.4879 0.2025 0.1354 0.1786 0.3199 0.5180 0.3650 0.1399 0.1505 0.2411 0.4593 0.4708 0.1737 0.1369 0.1897 0.3492 0.5155 0.3169 0.1366 0.1582 0.2653 0.4945 0.4386 0.1537 0.1403 0.1985 0.2862 0.1985 0.1403 0.1537 0.4386 0.4945 0.2653 0.1582 0.1366 0.3169 0.5155 0.3492 0.1897 0.1369 0.1737 0.4708 0.4593 0.2411 0.1505 0.1399 0.3650 0.5180 0.3199 0.1786 0.1354 0.2025 0.4879 0.4310 0.2263 0.1462 0.1437 0.3947 0.5153 0.3002 0.1713 0.1350 0.2348 0.4991 0.4063 0.2146 0.1428 0.1485 0.4196 0.5076 0.2824 0.1647 0.1353 0.2707 0.5078 0.3820 0.2052
0.3836 0.5066 0.2652 0.1352 0.1657 0.2850 0.5091 0.4160 0.1477 0.1433 0.2163 0.4100 0.4976 0.2296 0.1350 0.1723 0.3031 0.5160 0.3906 0.1431 0.1467 0.2282 0.4347 0.4860 0.1981 0.1355 0.1797 0.3226 0.5181 0.3614 0.1396 0.1510 0.2424 0.4614 0.4694 0.1725 0.1370 0.1903 0.3504 0.5154 0.3158 0.1366 0.1582 0.2651 0.4941 0.4392 0.1537 0.1407 0.2057 0.3723 0.5102 0.3723 0.2057 0.1407 0.1537 0.4392 0.4941 0.2651 0.1582 0.1366 0.3158 0.5154 0.3504 0.1903 0.1370 0.1725 0.4694 0.4614 0.2424 0.1510 0.1396 0.3614 0.5181 0.3226 0.1797 0.1355 0.1981 0.4860 0.4347 0.2282 0.1467 0.1431 0.3906 0.5160 0.3031 0.1723 0.1350 0.2296 0.4976 0.4100 0.2163 0.1433 0.1477 0.4160 0.5091 0.2850 0.1657 0.1352 0.2652 0.5066 0.3836
0.5056 0.2597 0.1351 0.1667 0.2877 0.5105 0.4124 0.1469 0.1438 0.2181 0.4138 0.4960 0.2244 0.1350 0.1734 0.3059 0.5165 0.3865 0.1425 0.1473 0.2301 0.4385 0.4840 0.1940 0.1356 0.1809 0.3257 0.5181 0.3572 0.1393 0.1515 0.2440 0.4639 0.4678 0.1710 0.1372 0.1910 0.3519 0.5151 0.3140 0.1365 0.1584 0.2653 0.4941 0.4394 0.1539 0.1407 0.2071 0.3878 0.5096 0.4107 0.5096 0.3878 0.2071 0.1407 0.1539 0.4394 0.4941 0.2653 0.1584 0.1365 0.3140 0.5151 0.3519 0.1910 0.1372 0.1710 0.4678 0.4639 0.2440 0.1515 0.1393 0.3572 0.5181 0.3257 0.1809 0.1356 0.1940 0.4840 0.4385 0.2301 0.1473 0.1425 0.3865 0.5165 0.3059 0.1734 0.1350 0.2244 0.4960 0.4138 0.2181 0.1438 0.1469 0.4124 0.5105 0.2877 0.1667 0.1351 0.2597 0.5056
0.2570 0.1350 0.1676 0.2904 0.5118 0.4086 0.1461 0.1443 0.2198 0.4175 0.4943 0.2193 0.1351 0.1745 0.3088 0.5170 0.3822 0.1419 0.1479 0.2321 0.4422 0.4819 0.1902 0.1358 0.1821 0.3288 0.5180 0.3526 0.1389 0.1521 0.2457 0.4666 0.4660 0.1695 0.1373 0.1917 0.3537 0.5148 0.3118 0.1364 0.1586 0.2659 0.4945 0.4392 0.1539 0.1407 0.2073 0.3910 0.5053 0.2822 0.1448 0.2822 0.5053 0.3910 0.2073 0.1407 0.1539 0.4392 0.4945 0.2659 0.1586 0.1364 0.3118 0.5148 0.3537 0.1917 0.1373 0.1695 0.4660 0.4666 0.2457 0.1521 0.1389 0.3526 0.5180 0.3288 0.1821 0.1358 0.1902 0.4819 0.4422 0.2321 0.1479 0.1419 0.3822 0.5170 0.3088 0.1745 0.1351 0.2193 0.4943 0.4175 0.2198 0.1443 0.1461 0.4086 0.5118 0.2904 0.1676 0.1350 0.2570
0.1393 0.1686 0.2930 0.5129 0.4050 0.1454 0.1447 0.2215 0.4211 0.4927 0.2146 0.1351 0.1755 0.3116 0.5174 0.3782 0.1414 0.1484 0.2339 0.4457 0.4799 0.1867 0.1359 0.1833 0.3318 0.5178 0.3480 0.1386 0.1527 0.2476 0.4693 0.4641 0.1680 0.1375 0.1926 0.3555 0.5145 0.3094 0.1363 0.1589 0.2666 0.4951 0.4386 0.1537 0.1407 0.2073 0.3915 0.5043 0.2576 0.1349 0.1430 0.1349 0.2576 0.5043 0.3915 0.2073 0.1407 0.1537 0.4386 0.4951 0.2666 0.1589 0.1363 0.3094 0.5145 0.3555 0.1926 0.1375 0.1680 0.4641 0.4693 0.2476 0.1527 0.1386 0.3480 0.5178 0.3318 0.1833 0.1359 0.1867 0.4799 0.4457 0.2339 0.1484 0.1414 0.3782 0.5174 0.3116 0.1755 0.1351 0.2146 0.4927 0.4211 0.2215 0.1447 0.1454 0.4050 0.5129 0.2930 0.1686 0.1393
0.1715 0.2950 0.5136 0.4021 0.1449 0.1451 0.2229 0.4239 0.4913 0.2110 0.1352 0.1764 0.3138 0.5176 0.3749 0.1410 0.1489 0.2354 0.4484 0.4783 0.1841 0.1360 0.1842 0.3342 0.5176 0.3444 0.1383 0.1532 0.2491 0.4716 0.4624 0.1668 0.1376 0.1932 0.3571 0.5142 0.3076 0.1362 0.1591 0.2671 0.4955 0.4383 0.1537 0.1407 0.2071 0.3910 0.5043 0.2536 0.1349 0.1625 0.2185 0.1625 0.1349 0.2536 0.5043 0.3910 0.2071 0.1407 0.1537 0.4383 0.4955 0.2671 0.1591 0.1362 0.3076 0.5142 0.3571 0.1932 0.1376 0.1668 0.4624 0.4716 0.2491 0.1532 0.1383 0.3444 0.5176 0.3342 0.1842 0.1360 0.1841 0.4783 0.4484 0.2354 0.1489 0.1410 0.3749 0.5176 0.3138 0.1764 0.1352 0.2110 0.4913 0.4239 0.2229 0.1451 0.1449 0.4021 0.5136 0.2950 0.1715
0.2940 0.5134 0.4026 0.1449 0.1449 0.2225 0.4234 0.4914 0.2115 0.1350 0.1761 0.3135 0.5174 0.3754 0.1410 0.1487 0.2351 0.4479 0.4785 0.1844 0.1359 0.1839 0.3338 0.5175 0.3449 0.1382 0.1530 0.2488 0.4711 0.4628 0.1670 0.1375 0.1928 0.3560 0.5143 0.3096 0.1362 0.1586 0.2657 0.4939 0.4402 0.1544 0.1403 0.2057 0.3878 0.5053 0.2576 0.1349 0.1663 0.2767 0.4164 0.2767 0.1663 0.1349 0.2576 0.5053 0.3878 0.2057 0.1403 0.1544 0.4402 0.4939 0.2657 0.1586 0.1362 0.3096 0.5143 0.3560 0.1928 0.1375 0.1670 0.4628 0.4711 0.2488 0.1530 0.1382 0.3449 0.5175 0.3338 0.1839 0.1359 0.1844 0.4785 0.4479 0.2351 0.1487 0.1410 0.3754 0.5174 0.3135 0.1761 0.1350 0.2115 0.4914 0.4234 0.2225 0.1449 0.1449 0.4026 0.5134 0.2940
0.5065 0.4168 0.1474 0.1425 0.2153 0.4093 0.4972 0.2307 0.1344 0.1713 0.3024 0.5152 0.3916 0.1427 0.1459 0.2272 0.4340 0.4857 0.1989 0.1349 0.1787 0.3220 0.5174 0.3631 0.1393 0.1499 0.2403 0.4581 0.4717 0.1758 0.1361 0.1869 0.3432 0.5159 0.3303 0.1368 0.1548 0.2559 0.4824 0.4523 0.1597 0.1383 0.1985 0.3723 0.5096 0.2822 0.1349 0.1625 0.2767 0.4939 0.4994 0.4939 0.2767 0.1625 0.1349 0.2822 0.5096 0.3723 0.1985 0.1383 0.1597 0.4523 0.4824 0.2559 0.1548 0.1368 0.3303 0.5159 0.3432 0.1869 0.1361 0.1758 0.4717 0.4581 0.2403 0.1499 0.1393 0.3631 0.5174 0.3220 0.1787 0.1349 0.1989 0.4857 0.4340 0.2272 0.1459 0.1427 0.3916 0.5152 0.3024 0.1713 0.1344 0.2307 0.4972 0.4093 0.2153 0.1425 0.1474 0.4168 0.5065
0.4883 0.2059 0.1343 0.1759 0.3163 0.5169 0.3705 0.1391 0.1481 0.2359 0.4527 0.4750 0.1803 0.1353 0.1838 0.3371 0.5162 0.3397 0.1365 0.1525 0.2499 0.4754 0.4590 0.1638 0.1369 0.1927 0.3594 0.5125 0.3060 0.1349 0.1576 0.2653 0.4945 0.4398 0.1534 0.1391 0.2031 0.3849 0.5054 0.2653 0.1341 0.1646 0.2862 0.5102 0.4107 0.1448 0.1430 0.2185 0.4164 0.4994 0.3834 0.4994 0.4164 0.2185 0.1430 0.1448 0.4107 0.5102 0.2862 0.1646 0.1341 0.2653 0.5054 0.3849 0.2031 0.1391 0.1534 0.4398 0.4945 0.2653 0.1576 0.1349 0.3060 0.5125 0.3594 0.1927 0.1369 0.1638 0.4590 0.4754 0.2499 0.1525 0.1365 0.3397 0.5162 0.3371 0.1838 0.1353 0.1803 0.4750 0.4527 0.2359 0.1481 0.1391 0.3705 0.5169 0.3163 0.1759 0.1343 0.2059 0.4883
0.5065 0.4168 0.1474 0.1425 0.2153 0.4093 0.4972 0.2307 0.1344 0.1713 0.3024 0.5152 0.3916 0.1427 0.1459 0.2272 0.4340 0.4857 0.1989 0.1349 0.1787 0.3220 0.5174 0.3631 0.1393 0.1499 0.2403 0.4581 0.4717 0.1758 0.1361 0.1869 0.3432 0.5159 0.3303 0.1368 0.1548 0.2559 0.4824 0.4523 0.1597 0.1383 0.1985 0.3723 0.5096 0.2822 0.1349 0.1625 0.2767 0.4939 0.4994 0.4939 0.2767 0.1625 0.1349 0.2822 0.5096 0.3723 0.1985 0.1383 0.1597 0.4523 0.4824 0.2559 0.1548 0.1368 0.3303 0.5159 0.3432 0.1869 0.1361 0.1758 0.4717 0.4581 0.2403 0.1499 0.1393 0.3631 0.5174 0.3220 0.1787 0.1349 0.1989 0.4857 0.4340 0.2272 0.1459 0.1427 0.3916 0.5152 0.3024 0.1713 0.1344 0.2307 0.4972 0.4093 0.2153 0.1425 0.1474 0.4168 0.5065
0.2940 0.5134 0.4026 0.1449 0.1449 0.2225 0.4234 0.4914 0.2115 0.1350 0.1761 0.3135 0.5174 0.3754 0.1410 0.1487 0.2351 0.4479 0.4785 0.1844 0.1359 0.1839 0.3338 0.5175 0.3449 0.1382 0.1530 0.2488 0.4711 0.4628 0.1670 0.1375 0.1928 0.3560 0.5143 0.3096 0.1362 0.1586 0.2657 0.4939 0.4402 0.1544 0.1403 0.2057 0.3878 0.5053 0.2576 0.1349 0.1663 0.2767 0.4164 0.2767 0.1663 0.1349 0.2576 0.5053 0.3878 0.2057 0.1403 0.1544 0.4402 0.4939 0.2657 0.1586 0.1362 0.3096 0.5143 0.3560 0.1928 0.1375 0.1670 0.4628 0.4711 0.2488 0.1530 0.1382 0.3449 0.5175 0.3338 0.1839 0.1359 0.1844 0.4785 0.4479 0.2351 0.1487 0.1410 0.3754 0.5174 0.3135 0.1761 0.1350 0.2115 0.4914 0.4234 0.2225 0.1449 0.1449 0.4026 0.5134 0.2940
0.1715 0.2950 0.5136 0.4021 0.1449 0.1451 0.2229 0.4239 0.4913 0.2110 0.1352 0.1764 0.3138 0.5176 0.3749 0.1410 0.1489 0.2354 0.4484 0.4783 0.1841 0.1360 0.1842 0.3342 0.5176 0.3444 0.1383 0.1532 0.2491 0.4716 0.4624 0.1668 0.1376 0.1932 0.3571 0.5142 0.3076 0.1362 0.1591 0.2671 0.4955 0.4383 0.1537 0.1407 0.2071 0.3910 0.5043 0.2536 0.1349 0.1625 0.2185 0.1625 0.1349 0.2536 0.5043 0.3910 0.2071 0.1407 0.1537 0.4383 0.4955 0.2671 0.1591 0.1362 0.3076 0.5142 0.3571 0.1932 0.1376 0.1668 0.4624 0.4716 0.2491 0.1532 0.1383 0.3444 0.5176 0.3342 0.1842 0.1360 0.1841 0.4783 0.4484 0.2354 0.1489 0.1410 0.3749 0.5176 0.3138 0.1764 0.1352 0.2110 0.4913 0.4239 0.2229 0.1451 0.1449 0.4021 0.5136 0.2950 0.1715
0.1393 0.1686 0.2930 0.5129 0.4050 0.1454 0.1447 0.2215 0.4211 0.4927 0.2146 0.1351 0.1755 0.3116 0.5174 0.3782 0.1414 0.1484 0.2339 0.4457 0.4799 0.1867 0.1359 0.1833 0.3318 0.5178 0.3480 0.1386 0.1527 0.2476 0.4693 0.4641 0.1680 0.1375 0.1926 0.3555 0.5145 0.3094 0.1363 0.1589 0.2666 0.4951 0.4386 0.1537 0.1407 0.2073 0.3915 0.5043 0.2576 0.1349 0.1430 0.1349 0.2576 0.5043 0.3915 0.2073 0.1407 0.1537 0.4386 0.4951 0.2666 0.1589 0.1363 0.3094 0.5145 0.3555 0.1926 0.1375 0.1680 0.4641 0.4693 0.2476 0.1527 0.1386 0.3480 0.5178 0.3318 0.1833 0.1359 0.1867 0.4799 0.4457 0.2339 0.1484 0.1414 0.3782 0.5174 0.3116 0.1755 0.1351 0.2146 0.4927 0.4211 0.2215 0.1447 0.1454 0.4050 0.5129 0.2930 0.1686 0.1393
0.2570 0.1350 0.1676 0.2904 0.5118 0.4086 0.1461 0.1443 0.2198 0.4175 0.4943 0.2193 0.1351 0.1745 0.3088 0.5170 0.3822 0.1419 0.1479 0.2321 0.4422 0.4819 0.1902 0.1358 0.1821 0.3288 0.5180 0.3526 0.1389 0.1521 0.2457 0.4666 0.4660 0.1695 0.1373 0.1917 0.3537 0.5148 0.3118 0.1364 0.1586 0.2659 0.4945 0.4392 0.1539 0.1407 0.2073 0.3910 0.5053 0.2822 0.1448 0.2822 0.5053 0.3910 0.2073 0.1407 0.1539 0.4392 0.4945 0.2659 0.1586 0.1364 0.3118 0.5148 0.3537 0.1917 0.1373 0.1695 0.4660 0.4666 0.2457 0.1521 0.1389 0.3526 0.5180 0.3288 0.1821 0.1358 0.1902 0.4819 0.4422 0.2321 0.1479 0.1419 0.3822 0.5170 0.3088 0.1745 0.1351 0.2193 0.4943 0.4175 0.2198 0.1443 0.1461 0.4086 0.5118 0.2904 0.1676 0.1350 0.2570
