0.2888 0.5115 0.4018 0.1483 0.1497 0.2305 0.4389 0.4808 0.1874 0.1403 0.1888 0.3431 0.5157 0.3204 0.1409 0.1614 0.2679 0.4959 0.4337 0.1554 0.1454 0.2144 0.4048 0.4975 0.2263 0.1393 0.1779 0.3146 0.5172 0.3651 0.1439 0.1547 0.2474 0.4690 0.4608 0.1673 0.1422 0.2002 0.3716 0.5093 0.2753 0.1395 0.1686 0.2890 0.5111 0.4038 0.1487 0.1491 0.2264 0.4129 0.5164 0.4129 0.2264 0.1491 0.1487 0.4038 0.5111 0.2890 0.1686 0.1395 0.2753 0.5093 0.3716 0.2002 0.1422 0.1673 0.4608 0.4690 0.2474 0.1547 0.1439 0.3651 0.5172 0.3146 0.1779 0.1393 0.2263 0.4975 0.4048 0.2144 0.1454 0.1554 0.4337 0.4959 0.2679 0.1614 0.1409 0.3204 0.5157 0.3431 0.1888 0.1403 0.1874 0.4808 0.4389 0.2305 0.1497 0.1483 0.4018 0.5115 0.2888
0.5115 0.4023 0.1444 0.1461 0.2279 0.4379 0.4822 0.1870 0.1361 0.1857 0.3412 0.5165 0.3234 0.1368 0.1580 0.2655 0.4957 0.4358 0.1521 0.1416 0.2116 0.4034 0.4988 0.2283 0.1350 0.1748 0.3125 0.5178 0.3679 0.1399 0.1512 0.2448 0.4683 0.4625 0.1649 0.1382 0.1973 0.3700 0.5103 0.2782 0.1353 0.1654 0.2868 0.5114 0.4061 0.1449 0.1456 0.2259 0.4296 0.4945 0.3626 0.4945 0.4296 0.2259 0.1456 0.1449 0.4061 0.5114 0.2868 0.1654 0.1353 0.2782 0.5103 0.3700 0.1973 0.1382 0.1649 0.4625 0.4683 0.2448 0.1512 0.1399 0.3679 0.5178 0.3125 0.1748 0.1350 0.2283 0.4988 0.4034 0.2116 0.1416 0.1521 0.4358 0.4957 0.2655 0.1580 0.1368 0.3234 0.5165 0.3412 0.1857 0.1361 0.1870 0.4822 0.4379 0.2279 0.1461 0.1444 0.4023 0.5115
0.4018 0.1444 0.1459 0.2268 0.4350 0.4840 0.1904 0.1359 0.1845 0.3381 0.5169 0.3286 0.1370 0.1572 0.2631 0.4932 0.4390 0.1532 0.1412 0.2100 0.3997 0.5002 0.2335 0.1350 0.1737 0.3096 0.5175 0.3724 0.1403 0.1505 0.2427 0.4648 0.4651 0.1669 0.1379 0.1958 0.3664 0.5113 0.2837 0.1354 0.1644 0.2841 0.5100 0.4099 0.1456 0.1451 0.2245 0.4301 0.4884 0.2221 0.1383 0.2221 0.4884 0.4301 0.2245 0.1451 0.1456 0.4099 0.5100 0.2841 0.1644 0.1354 0.2837 0.5113 0.3664 0.1958 0.1379 0.1669 0.4651 0.4648 0.2427 0.1505 0.1403 0.3724 0.5175 0.3096 0.1737 0.1350 0.2335 0.5002 0.3997 0.2100 0.1412 0.1532 0.4390 0.4932 0.2631 0.1572 0.1370 0.3286 0.5169 0.3381 0.1845 0.1359 0.1904 0.4840 0.4350 0.2268 0.1459 0.1444 0.4018
0.1483 0.1461 0.2268 0.4338 0.4851 0.1930 0.1358 0.1834 0.3351 0.5173 0.3334 0.1373 0.1564 0.2608 0.4905 0.4421 0.1543 0.1408 0.2083 0.3960 0.5017 0.2389 0.1350 0.1726 0.3067 0.5171 0.3768 0.1408 0.1499 0.2406 0.4613 0.4676 0.1690 0.1376 0.1944 0.3629 0.5122 0.2892 0.1355 0.1635 0.2815 0.5086 0.4137 0.1464 0.1446 0.2228 0.4274 0.4883 0.2038 0.1345 0.1492 0.1345 0.2038 0.4883 0.4274 0.2228 0.1446 0.1464 0.4137 0.5086 0.2815 0.1635 0.1355 0.2892 0.5122 0.3629 0.1944 0.1376 0.1690 0.4676 0.4613 0.2406 0.1499 0.1408 0.3768 0.5171 0.3067 0.1726 0.1350 0.2389 0.5017 0.3960 0.2083 0.1408 0.1543 0.4421 0.4905 0.2608 0.1564 0.1373 0.3334 0.5173 0.3351 0.1834 0.1358 0.1930 0.4851 0.4338 0.2268 0.1461 0.1483
0.1497 0.2279 0.4350 0.4851 0.1941 0.1357 0.1827 0.3327 0.5175 0.3377 0.1376 0.1557 0.2586 0.4878 0.4451 0.1555 0.1404 0.2067 0.3923 0.5031 0.2443 0.1350 0.1715 0.3038 0.5167 0.3812 0.1413 0.1493 0.2386 0.4578 0.4701 0.1712 0.1373 0.1930 0.3594 0.5130 0.2947 0.1357 0.1626 0.2789 0.5070 0.4173 0.1472 0.1441 0.2210 0.4238 0.4897 0.2034 0.1352 0.1731 0.2393 0.1731 0.1352 0.2034 0.4897 0.4238 0.2210 0.1441 0.1472 0.4173 0.5070 0.2789 0.1626 0.1357 0.2947 0.5130 0.3594 0.1930 0.1373 0.1712 0.4701 0.4578 0.2386 0.1493 0.1413 0.3812 0.5167 0.3038 0.1715 0.1350 0.2443 0.5031 0.3923 0.2067 0.1404 0.1555 0.4451 0.4878 0.2586 0.1557 0.1376 0.3377 0.5175 0.3327 0.1827 0.1357 0.1941 0.4851 0.4350 0.2279 0.1497
0.2305 0.4379 0.4840 0.1930 0.1357 0.1824 0.3314 0.5177 0.3411 0.1378 0.1551 0.2566 0.4852 0.4478 0.1567 0.1400 0.2051 0.3886 0.5044 0.2497 0.1350 0.1705 0.3009 0.5161 0.3854 0.1418 0.1486 0.2366 0.4542 0.4725 0.1737 0.1371 0.1916 0.3560 0.5138 0.3001 0.1358 0.1617 0.2764 0.5052 0.4209 0.1480 0.1436 0.2192 0.4200 0.4914 0.2068 0.1353 0.1780 0.3072 0.4586 0.3072 0.1780 0.1353 0.2068 0.4914 0.4200 0.2192 0.1436 0.1480 0.4209 0.5052 0.2764 0.1617 0.1358 0.3001 0.5138 0.3560 0.1916 0.1371 0.1737 0.4725 0.4542 0.2366 0.1486 0.1418 0.3854 0.5161 0.3009 0.1705 0.1350 0.2497 0.5044 0.3886 0.2051 0.1400 0.1567 0.4478 0.4852 0.2566 0.1551 0.1378 0.3411 0.5177 0.3314 0.1824 0.1357 0.1930 0.4840 0.4379 0.2305
0.4389 0.4822 0.1904 0.1358 0.1827 0.3314 0.5177 0.3429 0.1380 0.1546 0.2549 0.4828 0.4503 0.1579 0.1397 0.2036 0.3850 0.5056 0.2552 0.1350 0.1694 0.2981 0.5154 0.3896 0.1423 0.1480 0.2346 0.4505 0.4748 0.1763 0.1368 0.1902 0.3526 0.5145 0.3055 0.1360 0.1608 0.2739 0.5033 0.4244 0.1488 0.1431 0.2174 0.4162 0.4932 0.2112 0.1353 0.1783 0.3184 0.5162 0.4712 0.5162 0.3184 0.1783 0.1353 0.2112 0.4932 0.4162 0.2174 0.1431 0.1488 0.4244 0.5033 0.2739 0.1608 0.1360 0.3055 0.5145 0.3526 0.1902 0.1368 0.1763 0.4748 0.4505 0.2346 0.1480 0.1423 0.3896 0.5154 0.2981 0.1694 0.1350 0.2552 0.5056 0.3850 0.2036 0.1397 0.1579 0.4503 0.4828 0.2549 0.1546 0.1380 0.3429 0.5177 0.3314 0.1827 0.1358 0.1904 0.4822 0.4389
0.4808 0.1870 0.1359 0.1834 0.3327 0.5177 0.3429 0.1380 0.1543 0.2539 0.4809 0.4524 0.1590 0.1394 0.2023 0.3818 0.5067 0.2605 0.1350 0.1684 0.2953 0.5147 0.3937 0.1429 0.1474 0.2326 0.4468 0.4771 0.1792 0.1366 0.1889 0.3492 0.5152 0.3109 0.1362 0.1600 0.2714 0.5013 0.4278 0.1497 0.1427 0.2157 0.4125 0.4949 0.2161 0.1352 0.1774 0.3188 0.5178 0.3847 0.1753 0.3847 0.5178 0.3188 0.1774 0.1352 0.2161 0.4949 0.4125 0.2157 0.1427 0.1497 0.4278 0.5013 0.2714 0.1600 0.1362 0.3109 0.5152 0.3492 0.1889 0.1366 0.1792 0.4771 0.4468 0.2326 0.1474 0.1429 0.3937 0.5147 0.2953 0.1684 0.1350 0.2605 0.5067 0.3818 0.2023 0.1394 0.1590 0.4524 0.4809 0.2539 0.1543 0.1380 0.3429 0.5177 0.3327 0.1834 0.1359 0.1870 0.4808
0.1874 0.1361 0.1845 0.3351 0.5175 0.3411 0.1380 0.1543 0.2535 0.4799 0.4537 0.1599 0.1391 0.2012 0.3789 0.5077 0.2653 0.1351 0.1675 0.2927 0.5138 0.3977 0.1435 0.1469 0.2306 0.4431 0.4793 0.1823 0.1364 0.1876 0.3459 0.5158 0.3161 0.1364 0.1591 0.2689 0.4991 0.4312 0.1507 0.1422 0.2140 0.4087 0.4965 0.2211 0.1351 0.1763 0.3166 0.5179 0.3680 0.1417 0.1356 0.1417 0.3680 0.5179 0.3166 0.1763 0.1351 0.2211 0.4965 0.4087 0.2140 0.1422 0.1507 0.4312 0.4991 0.2689 0.1591 0.1364 0.3161 0.5158 0.3459 0.1876 0.1364 0.1823 0.4793 0.4431 0.2306 0.1469 0.1435 0.3977 0.5138 0.2927 0.1675 0.1351 0.2653 0.5077 0.3789 0.2012 0.1391 0.1599 0.4537 0.4799 0.2535 0.1543 0.1380 0.3411 0.5175 0.3351 0.1845 0.1361 0.1874
0.1403 0.1857 0.3381 0.5173 0.3377 0.1378 0.1546 0.2539 0.4799 0.4541 0.1604 0.1390 0.2003 0.3766 0.5085 0.2696 0.1352 0.1667 0.2902 0.5128 0.4015 0.1441 0.1463 0.2287 0.4394 0.4814 0.1857 0.1362 0.1863 0.3425 0.5163 0.3214 0.1367 0.1583 0.2665 0.4967 0.4345 0.1517 0.1418 0.2123 0.4049 0.4981 0.2262 0.1350 0.1752 0.3137 0.5178 0.3675 0.1402 0.1468 0.1860 0.1468 0.1402 0.3675 0.5178 0.3137 0.1752 0.1350 0.2262 0.4981 0.4049 0.2123 0.1418 0.1517 0.4345 0.4967 0.2665 0.1583 0.1367 0.3214 0.5163 0.3425 0.1863 0.1362 0.1857 0.4814 0.4394 0.2287 0.1463 0.1441 0.4015 0.5128 0.2902 0.1667 0.1352 0.2696 0.5085 0.3766 0.2003 0.1390 0.1604 0.4541 0.4799 0.2539 0.1546 0.1378 0.3377 0.5173 0.3381 0.1857 0.1403
0.1888 0.3412 0.5169 0.3334 0.1376 0.1551 0.2549 0.4809 0.4537 0.1604 0.1389 0.1999 0.3750 0.5091 0.2730 0.1352 0.1660 0.2881 0.5119 0.4049 0.1447 0.1458 0.2269 0.4358 0.4835 0.1892 0.1360 0.1850 0.3392 0.5168 0.3265 0.1369 0.1575 0.2641 0.4942 0.4377 0.1527 0.1413 0.2106 0.4012 0.4996 0.2314 0.1350 0.1741 0.3108 0.5176 0.3709 0.1402 0.1497 0.2304 0.3426 0.2304 0.1497 0.1402 0.3709 0.5176 0.3108 0.1741 0.1350 0.2314 0.4996 0.4012 0.2106 0.1413 0.1527 0.4377 0.4942 0.2641 0.1575 0.1369 0.3265 0.5168 0.3392 0.1850 0.1360 0.1892 0.4835 0.4358 0.2269 0.1458 0.1447 0.4049 0.5119 0.2881 0.1660 0.1352 0.2730 0.5091 0.3750 0.1999 0.1389 0.1604 0.4537 0.4809 0.2549 0.1551 0.1376 0.3334 0.5169 0.3412 0.1888
0.3431 0.5165 0.3286 0.1373 0.1557 0.2566 0.4828 0.4524 0.1599 0.1390 0.1999 0.3745 0.5094 0.2754 0.1353 0.1654 0.2863 0.5109 0.4079 0.1453 0.1453 0.2252 0.4323 0.4854 0.1930 0.1358 0.1837 0.3360 0.5172 0.3316 0.1372 0.1567 0.2617 0.4916 0.4408 0.1539 0.1409 0.2090 0.3975 0.5011 0.2367 0.1350 0.1730 0.3078 0.5173 0.3751 0.1406 0.1499 0.2384 0.4402 0.5155 0.4402 0.2384 0.1499 0.1406 0.3751 0.5173 0.3078 0.1730 0.1350 0.2367 0.5011 0.3975 0.2090 0.1409 0.1539 0.4408 0.4916 0.2617 0.1567 0.1372 0.3316 0.5172 0.3360 0.1837 0.1358 0.1930 0.4854 0.4323 0.2252 0.1453 0.1453 0.4079 0.5109 0.2863 0.1654 0.1353 0.2754 0.5094 0.3745 0.1999 0.1390 0.1599 0.4524 0.4828 0.2566 0.1557 0.1373 0.3286 0.5165 0.3431
0.5157 0.3234 0.1370 0.1564 0.2586 0.4852 0.4503 0.1590 0.1391 0.2003 0.3750 0.5094 0.2762 0.1353 0.1650 0.2850 0.5101 0.4104 0.1458 0.1449 0.2237 0.4291 0.4871 0.1966 0.1357 0.1825 0.3328 0.5175 0.3367 0.1375 0.1559 0.2594 0.4888 0.4439 0.1550 0.1405 0.2073 0.3938 0.5025 0.2421 0.1350 0.1720 0.3049 0.5169 0.3794 0.1411 0.1495 0.2387 0.4539 0.4824 0.3315 0.4824 0.4539 0.2387 0.1495 0.1411 0.3794 0.5169 0.3049 0.1720 0.1350 0.2421 0.5025 0.3938 0.2073 0.1405 0.1550 0.4439 0.4888 0.2594 0.1559 0.1375 0.3367 0.5175 0.3328 0.1825 0.1357 0.1966 0.4871 0.4291 0.2237 0.1449 0.1458 0.4104 0.5101 0.2850 0.1650 0.1353 0.2762 0.5094 0.3750 0.2003 0.1391 0.1590 0.4503 0.4852 0.2586 0.1564 0.1370 0.3234 0.5157
0.3204 0.1368 0.1572 0.2608 0.4878 0.4478 0.1579 0.1394 0.2012 0.3766 0.5091 0.2754 0.1353 0.1649 0.2842 0.5096 0.4122 0.1463 0.1446 0.2224 0.4263 0.4886 0.2001 0.1356 0.1814 0.3298 0.5177 0.3415 0.1378 0.1552 0.2571 0.4860 0.4469 0.1563 0.1401 0.2057 0.3901 0.5039 0.2475 0.1350 0.1709 0.3021 0.5164 0.3837 0.1416 0.1489 0.2372 0.4545 0.4748 0.1921 0.1360 0.1921 0.4748 0.4545 0.2372 0.1489 0.1416 0.3837 0.5164 0.3021 0.1709 0.1350 0.2475 0.5039 0.3901 0.2057 0.1401 0.1563 0.4469 0.4860 0.2571 0.1552 0.1378 0.3415 0.5177 0.3298 0.1814 0.1356 0.2001 0.4886 0.4263 0.2224 0.1446 0.1463 0.4122 0.5096 0.2842 0.1649 0.1353 0.2754 0.5091 0.3766 0.2012 0.1394 0.1579 0.4478 0.4878 0.2608 0.1572 0.1368 0.3204
0.1409 0.1580 0.2631 0.4905 0.4451 0.1567 0.1397 0.2023 0.3789 0.5085 0.2730 0.1353 0.1650 0.2842 0.5094 0.4131 0.1465 0.1444 0.2214 0.4239 0.4899 0.2033 0.1355 0.1804 0.3271 0.5179 0.3460 0.1381 0.1544 0.2548 0.4830 0.4499 0.1576 0.1398 0.2042 0.3864 0.5052 0.2530 0.1350 0.1699 0.2992 0.5157 0.3879 0.1421 0.1483 0.2353 0.4518 0.4746 0.1792 0.1351 0.1537 0.1351 0.1792 0.4746 0.4518 0.2353 0.1483 0.1421 0.3879 0.5157 0.2992 0.1699 0.1350 0.2530 0.5052 0.3864 0.2042 0.1398 0.1576 0.4499 0.4830 0.2548 0.1544 0.1381 0.3460 0.5179 0.3271 0.1804 0.1355 0.2033 0.4899 0.4239 0.2214 0.1444 0.1465 0.4131 0.5094 0.2842 0.1650 0.1353 0.2730 0.5085 0.3789 0.2023 0.1397 0.1567 0.4451 0.4905 0.2631 0.1580 0.1409
0.1614 0.2655 0.4932 0.4421 0.1555 0.1400 0.2036 0.3818 0.5077 0.2696 0.1352 0.1654 0.2850 0.5096 0.4131 0.1466 0.1442 0.2208 0.4223 0.4908 0.2060 0.1354 0.1796 0.3248 0.5180 0.3501 0.1384 0.1538 0.2527 0.4800 0.4528 0.1591 0.1394 0.2026 0.3827 0.5064 0.2586 0.1350 0.1688 0.2964 0.5150 0.3921 0.1427 0.1477 0.2334 0.4483 0.4763 0.1789 0.1362 0.1807 0.2537 0.1807 0.1362 0.1789 0.4763 0.4483 0.2334 0.1477 0.1427 0.3921 0.5150 0.2964 0.1688 0.1350 0.2586 0.5064 0.3827 0.2026 0.1394 0.1591 0.4528 0.4800 0.2527 0.1538 0.1384 0.3501 0.5180 0.3248 0.1796 0.1354 0.2060 0.4908 0.4223 0.2208 0.1442 0.1466 0.4131 0.5096 0.2850 0.1654 0.1352 0.2696 0.5077 0.3818 0.2036 0.1400 0.1555 0.4421 0.4932 0.2655 0.1614
0.2679 0.4957 0.4390 0.1543 0.1404 0.2051 0.3850 0.5067 0.2653 0.1352 0.1660 0.2863 0.5101 0.4122 0.1465 0.1442 0.2206 0.4213 0.4914 0.2080 0.1353 0.1789 0.3227 0.5181 0.3537 0.1387 0.1532 0.2508 0.4771 0.4554 0.1605 0.1391 0.2011 0.3791 0.5076 0.2641 0.1351 0.1678 0.2937 0.5141 0.3961 0.1433 0.1471 0.2314 0.4446 0.4784 0.1812 0.1364 0.1861 0.3271 0.4806 0.3271 0.1861 0.1364 0.1812 0.4784 0.4446 0.2314 0.1471 0.1433 0.3961 0.5141 0.2937 0.1678 0.1351 0.2641 0.5076 0.3791 0.2011 0.1391 0.1605 0.4554 0.4771 0.2508 0.1532 0.1387 0.3537 0.5181 0.3227 0.1789 0.1353 0.2080 0.4914 0.4213 0.2206 0.1442 0.1465 0.4122 0.5101 0.2863 0.1660 0.1352 0.2653 0.5067 0.3850 0.2051 0.1404 0.1543 0.4390 0.4957 0.2679
0.4959 0.4358 0.1532 0.1408 0.2067 0.3886 0.5056 0.2605 0.1351 0.1667 0.2881 0.5109 0.4104 0.1463 0.1444 0.2208 0.4213 0.4917 0.2091 0.1353 0.1784 0.3212 0.5181 0.3568 0.1389 0.1527 0.2491 0.4745 0.4578 0.1620 0.1387 0.1996 0.3756 0.5087 0.2696 0.1352 0.1669 0.2909 0.5131 0.4001 0.1439 0.1465 0.2295 0.4409 0.4805 0.1843 0.1362 0.1863 0.3391 0.5173 0.4546 0.5173 0.3391 0.1863 0.1362 0.1843 0.4805 0.4409 0.2295 0.1465 0.1439 0.4001 0.5131 0.2909 0.1669 0.1352 0.2696 0.5087 0.3756 0.1996 0.1387 0.1620 0.4578 0.4745 0.2491 0.1527 0.1389 0.3568 0.5181 0.3212 0.1784 0.1353 0.2091 0.4917 0.4213 0.2208 0.1444 0.1463 0.4104 0.5109 0.2881 0.1667 0.1351 0.2605 0.5056 0.3886 0.2067 0.1408 0.1532 0.4358 0.4959
0.4337 0.1521 0.1412 0.2083 0.3923 0.5044 0.2552 0.1350 0.1675 0.2902 0.5119 0.4079 0.1458 0.1446 0.2214 0.4223 0.4914 0.2091 0.1353 0.1781 0.3203 0.5181 0.3591 0.1392 0.1522 0.2476 0.4722 0.4598 0.1633 0.1385 0.1983 0.3723 0.5097 0.2750 0.1352 0.1659 0.2882 0.5120 0.4040 0.1446 0.1460 0.2276 0.4372 0.4827 0.1878 0.1361 0.1854 0.3395 0.5170 0.3554 0.1608 0.3554 0.5170 0.3395 0.1854 0.1361 0.1878 0.4827 0.4372 0.2276 0.1460 0.1446 0.4040 0.5120 0.2882 0.1659 0.1352 0.2750 0.5097 0.3723 0.1983 0.1385 0.1633 0.4598 0.4722 0.2476 0.1522 0.1392 0.3591 0.5181 0.3203 0.1781 0.1353 0.2091 0.4914 0.4223 0.2214 0.1446 0.1458 0.4079 0.5119 0.2902 0.1675 0.1350 0.2552 0.5044 0.3923 0.2083 0.1412 0.1521 0.4337
0.1554 0.1416 0.2100 0.3960 0.5031 0.2497 0.1350 0.1684 0.2927 0.5128 0.4049 0.1453 0.1449 0.2224 0.4239 0.4908 0.2080 0.1353 0.1781 0.3200 0.5181 0.3605 0.1393 0.1519 0.2464 0.4700 0.4616 0.1646 0.1382 0.1971 0.3693 0.5106 0.2800 0.1353 0.1650 0.2856 0.5108 0.4079 0.1452 0.1454 0.2257 0.4334 0.4847 0.1915 0.1359 0.1842 0.3371 0.5171 0.3368 0.1386 0.1373 0.1386 0.3368 0.5171 0.3371 0.1842 0.1359 0.1915 0.4847 0.4334 0.2257 0.1454 0.1452 0.4079 0.5108 0.2856 0.1650 0.1353 0.2800 0.5106 0.3693 0.1971 0.1382 0.1646 0.4616 0.4700 0.2464 0.1519 0.1393 0.3605 0.5181 0.3200 0.1781 0.1353 0.2080 0.4908 0.4239 0.2224 0.1449 0.1453 0.4049 0.5128 0.2927 0.1684 0.1350 0.2497 0.5031 0.3960 0.2100 0.1416 0.1554
0.1454 0.2116 0.3997 0.5017 0.2443 0.1350 0.1694 0.2953 0.5138 0.4015 0.1447 0.1453 0.2237 0.4263 0.4899 0.2060 0.1353 0.1784 0.3203 0.5181 0.3610 0.1394 0.1516 0.2455 0.4683 0.4631 0.1658 0.1380 0.1961 0.3666 0.5113 0.2846 0.1354 0.1641 0.2831 0.5094 0.4116 0.1460 0.1449 0.2238 0.4296 0.4867 0.1955 0.1357 0.1830 0.3340 0.5174 0.3362 0.1377 0.1510 0.1950 0.1510 0.1377 0.3362 0.5174 0.3340 0.1830 0.1357 0.1955 0.4867 0.4296 0.2238 0.1449 0.1460 0.4116 0.5094 0.2831 0.1641 0.1354 0.2846 0.5113 0.3666 0.1961 0.1380 0.1658 0.4631 0.4683 0.2455 0.1516 0.1394 0.3610 0.5181 0.3203 0.1784 0.1353 0.2060 0.4899 0.4263 0.2237 0.1453 0.1447 0.4015 0.5138 0.2953 0.1694 0.1350 0.2443 0.5017 0.3997 0.2116 0.1454
0.2144 0.4034 0.5002 0.2389 0.1350 0.1705 0.2981 0.5147 0.3977 0.1441 0.1458 0.2252 0.4291 0.4886 0.2033 0.1354 0.1789 0.3212 0.5181 0.3605 0.1394 0.1516 0.2451 0.4673 0.4642 0.1668 0.1379 0.1952 0.3644 0.5120 0.2886 0.1355 0.1634 0.2809 0.5081 0.4151 0.1467 0.1444 0.2220 0.4259 0.4886 0.1996 0.1356 0.1817 0.3309 0.5177 0.3399 0.1377 0.1542 0.2438 0.3652 0.2438 0.1542 0.1377 0.3399 0.5177 0.3309 0.1817 0.1356 0.1996 0.4886 0.4259 0.2220 0.1444 0.1467 0.4151 0.5081 0.2809 0.1634 0.1355 0.2886 0.5120 0.3644 0.1952 0.1379 0.1668 0.4642 0.4673 0.2451 0.1516 0.1394 0.3605 0.5181 0.3212 0.1789 0.1354 0.2033 0.4886 0.4291 0.2252 0.1458 0.1441 0.3977 0.5147 0.2981 0.1705 0.1350 0.2389 0.5002 0.4034 0.2144
0.4048 0.4988 0.2335 0.1350 0.1715 0.3009 0.5154 0.3937 0.1435 0.1463 0.2269 0.4323 0.4871 0.2001 0.1355 0.1796 0.3227 0.5181 0.3591 0.1393 0.1516 0.2451 0.4669 0.4647 0.1674 0.1377 0.1946 0.3624 0.5125 0.2922 0.1356 0.1627 0.2789 0.5068 0.4182 0.1474 0.1439 0.2202 0.4222 0.4904 0.2040 0.1354 0.1805 0.3277 0.5179 0.3446 0.1380 0.1544 0.2524 0.4639 0.5112 0.4639 0.2524 0.1544 0.1380 0.3446 0.5179 0.3277 0.1805 0.1354 0.2040 0.4904 0.4222 0.2202 0.1439 0.1474 0.4182 0.5068 0.2789 0.1627 0.1356 0.2922 0.5125 0.3624 0.1946 0.1377 0.1674 0.4647 0.4669 0.2451 0.1516 0.1393 0.3591 0.5181 0.3227 0.1796 0.1355 0.2001 0.4871 0.4323 0.2269 0.1463 0.1435 0.3937 0.5154 0.3009 0.1715 0.1350 0.2335 0.4988 0.4048
0.4975 0.2283 0.1350 0.1726 0.3038 0.5161 0.3896 0.1429 0.1469 0.2287 0.4358 0.4854 0.1966 0.1356 0.1804 0.3248 0.5181 0.3568 0.1392 0.1519 0.2455 0.4673 0.4647 0.1676 0.1377 0.1941 0.3610 0.5129 0.2952 0.1357 0.1622 0.2772 0.5055 0.4209 0.1481 0.1435 0.2186 0.4187 0.4921 0.2085 0.1353 0.1793 0.3246 0.5180 0.3495 0.1383 0.1539 0.2528 0.4765 0.4678 0.2971 0.4678 0.4765 0.2528 0.1539 0.1383 0.3495 0.5180 0.3246 0.1793 0.1353 0.2085 0.4921 0.4187 0.2186 0.1435 0.1481 0.4209 0.5055 0.2772 0.1622 0.1357 0.2952 0.5129 0.3610 0.1941 0.1377 0.1676 0.4647 0.4673 0.2455 0.1519 0.1392 0.3568 0.5181 0.3248 0.1804 0.1356 0.1966 0.4854 0.4358 0.2287 0.1469 0.1429 0.3896 0.5161 0.3038 0.1726 0.1350 0.2283 0.4975
0.2263 0.1350 0.1737 0.3067 0.5167 0.3854 0.1423 0.1474 0.2306 0.4394 0.4835 0.1930 0.1357 0.1814 0.3271 0.5180 0.3537 0.1389 0.1522 0.2464 0.4683 0.4642 0.1674 0.1377 0.1940 0.3603 0.5131 0.2974 0.1358 0.1617 0.2757 0.5044 0.4231 0.1487 0.1431 0.2172 0.4155 0.4937 0.2128 0.1352 0.1782 0.3215 0.5181 0.3542 0.1387 0.1532 0.2511 0.4770 0.4584 0.1715 0.1347 0.1715 0.4584 0.4770 0.2511 0.1532 0.1387 0.3542 0.5181 0.3215 0.1782 0.1352 0.2128 0.4937 0.4155 0.2172 0.1431 0.1487 0.4231 0.5044 0.2757 0.1617 0.1358 0.2974 0.5131 0.3603 0.1940 0.1377 0.1674 0.4642 0.4683 0.2464 0.1522 0.1389 0.3537 0.5180 0.3271 0.1814 0.1357 0.1930 0.4835 0.4394 0.2306 0.1474 0.1423 0.3854 0.5167 0.3067 0.1737 0.1350 0.2263
0.1393 0.1748 0.3096 0.5171 0.3812 0.1418 0.1480 0.2326 0.4431 0.4814 0.1892 0.1358 0.1825 0.3298 0.5179 0.3501 0.1387 0.1527 0.2476 0.4700 0.4631 0.1668 0.1377 0.1941 0.3603 0.5132 0.2985 0.1359 0.1613 0.2745 0.5033 0.4251 0.1492 0.1428 0.2160 0.4127 0.4950 0.2168 0.1352 0.1771 0.3186 0.5181 0.3589 0.1391 0.1525 0.2490 0.4746 0.4581 0.1639 0.1365 0.1590 0.1365 0.1639 0.4581 0.4746 0.2490 0.1525 0.1391 0.3589 0.5181 0.3186 0.1771 0.1352 0.2168 0.4950 0.4127 0.2160 0.1428 0.1492 0.4251 0.5033 0.2745 0.1613 0.1359 0.2985 0.5132 0.3603 0.1941 0.1377 0.1668 0.4631 0.4700 0.2476 0.1527 0.1387 0.3501 0.5179 0.3298 0.1825 0.1358 0.1892 0.4814 0.4431 0.2326 0.1480 0.1418 0.3812 0.5171 0.3096 0.1748 0.1393
0.1779 0.3125 0.5175 0.3768 0.1413 0.1486 0.2346 0.4468 0.4793 0.1857 0.1360 0.1837 0.3328 0.5177 0.3460 0.1384 0.1532 0.2491 0.4722 0.4616 0.1658 0.1379 0.1946 0.3610 0.5131 0.2985 0.1359 0.1611 0.2738 0.5025 0.4268 0.1497 0.1426 0.2150 0.4102 0.4962 0.2205 0.1351 0.1762 0.3160 0.5180 0.3633 0.1394 0.1518 0.2469 0.4715 0.4601 0.1637 0.1379 0.1891 0.2693 0.1891 0.1379 0.1637 0.4601 0.4715 0.2469 0.1518 0.1394 0.3633 0.5180 0.3160 0.1762 0.1351 0.2205 0.4962 0.4102 0.2150 0.1426 0.1497 0.4268 0.5025 0.2738 0.1611 0.1359 0.2985 0.5131 0.3610 0.1946 0.1379 0.1658 0.4616 0.4722 0.2491 0.1532 0.1384 0.3460 0.5177 0.3328 0.1837 0.1360 0.1857 0.4793 0.4468 0.2346 0.1486 0.1413 0.3768 0.5175 0.3125 0.1779
0.3146 0.5178 0.3724 0.1408 0.1493 0.2366 0.4505 0.4771 0.1823 0.1362 0.1850 0.3360 0.5175 0.3415 0.1381 0.1538 0.2508 0.4745 0.4598 0.1646 0.1380 0.1952 0.3624 0.5129 0.2974 0.1359 0.1611 0.2735 0.5021 0.4278 0.1500 0.1424 0.2141 0.4082 0.4971 0.2238 0.1351 0.1754 0.3138 0.5178 0.3672 0.1398 0.1512 0.2448 0.4681 0.4626 0.1651 0.1381 0.1950 0.3485 0.4983 0.3485 0.1950 0.1381 0.1651 0.4626 0.4681 0.2448 0.1512 0.1398 0.3672 0.5178 0.3138 0.1754 0.1351 0.2238 0.4971 0.4082 0.2141 0.1424 0.1500 0.4278 0.5021 0.2735 0.1611 0.1359 0.2974 0.5129 0.3624 0.1952 0.1380 0.1646 0.4598 0.4745 0.2508 0.1538 0.1381 0.3415 0.5175 0.3360 0.1850 0.1362 0.1823 0.4771 0.4505 0.2366 0.1493 0.1408 0.3724 0.5178 0.3146
0.5172 0.3679 0.1403 0.1499 0.2386 0.4542 0.4748 0.1792 0.1364 0.1863 0.3392 0.5172 0.3367 0.1378 0.1544 0.2527 0.4771 0.4578 0.1633 0.1382 0.1961 0.3644 0.5125 0.2952 0.1358 0.1613 0.2738 0.5021 0.4281 0.1502 0.1422 0.2135 0.4065 0.4979 0.2267 0.1350 0.1747 0.3118 0.5177 0.3706 0.1402 0.1506 0.2429 0.4649 0.4651 0.1669 0.1379 0.1953 0.3612 0.5152 0.4351 0.5152 0.3612 0.1953 0.1379 0.1669 0.4651 0.4649 0.2429 0.1506 0.1402 0.3706 0.5177 0.3118 0.1747 0.1350 0.2267 0.4979 0.4065 0.2135 0.1422 0.1502 0.4281 0.5021 0.2738 0.1613 0.1358 0.2952 0.5125 0.3644 0.1961 0.1382 0.1633 0.4578 0.4771 0.2527 0.1544 0.1378 0.3367 0.5172 0.3392 0.1863 0.1364 0.1792 0.4748 0.4542 0.2386 0.1499 0.1403 0.3679 0.5172
0.3651 0.1399 0.1505 0.2406 0.4578 0.4725 0.1763 0.1366 0.1876 0.3425 0.5168 0.3316 0.1375 0.1552 0.2548 0.4800 0.4554 0.1620 0.1385 0.1971 0.3666 0.5120 0.2922 0.1357 0.1617 0.2745 0.5025 0.4278 0.1502 0.1422 0.2131 0.4054 0.4985 0.2290 0.1350 0.1741 0.3100 0.5175 0.3735 0.1405 0.1502 0.2412 0.4619 0.4674 0.1689 0.1376 0.1943 0.3617 0.5132 0.3228 0.1517 0.3228 0.5132 0.3617 0.1943 0.1376 0.1689 0.4674 0.4619 0.2412 0.1502 0.1405 0.3735 0.5175 0.3100 0.1741 0.1350 0.2290 0.4985 0.4054 0.2131 0.1422 0.1502 0.4278 0.5025 0.2745 0.1617 0.1357 0.2922 0.5120 0.3666 0.1971 0.1385 0.1620 0.4554 0.4800 0.2548 0.1552 0.1375 0.3316 0.5168 0.3425 0.1876 0.1366 0.1763 0.4725 0.4578 0.2406 0.1505 0.1399 0.3651
0.1439 0.1512 0.2427 0.4613 0.4701 0.1737 0.1368 0.1889 0.3459 0.5163 0.3265 0.1372 0.1559 0.2571 0.4830 0.4528 0.1605 0.1387 0.1983 0.3693 0.5113 0.2886 0.1356 0.1622 0.2757 0.5033 0.4268 0.1500 0.1422 0.2131 0.4050 0.4988 0.2306 0.1350 0.1736 0.3085 0.5173 0.3760 0.1408 0.1497 0.2398 0.4592 0.4694 0.1708 0.1374 0.1931 0.3593 0.5132 0.3027 0.1364 0.1396 0.1364 0.3027 0.5132 0.3593 0.1931 0.1374 0.1708 0.4694 0.4592 0.2398 0.1497 0.1408 0.3760 0.5173 0.3085 0.1736 0.1350 0.2306 0.4988 0.4050 0.2131 0.1422 0.1500 0.4268 0.5033 0.2757 0.1622 0.1356 0.2886 0.5113 0.3693 0.1983 0.1387 0.1605 0.4528 0.4830 0.2571 0.1559 0.1372 0.3265 0.5163 0.3459 0.1889 0.1368 0.1737 0.4701 0.4613 0.2427 0.1512 0.1439
0.1547 0.2448 0.4648 0.4676 0.1712 0.1371 0.1902 0.3492 0.5158 0.3214 0.1369 0.1567 0.2594 0.4860 0.4499 0.1591 0.1391 0.1996 0.3723 0.5106 0.2846 0.1355 0.1627 0.2772 0.5044 0.4251 0.1497 0.1424 0.2135 0.4054 0.4988 0.2311 0.1350 0.1733 0.3074 0.5171 0.3782 0.1411 0.1494 0.2385 0.4569 0.4711 0.1725 0.1372 0.1920 0.3565 0.5138 0.3018 0.1360 0.1558 0.2051 0.1558 0.1360 0.3018 0.5138 0.3565 0.1920 0.1372 0.1725 0.4711 0.4569 0.2385 0.1494 0.1411 0.3782 0.5171 0.3074 0.1733 0.1350 0.2311 0.4988 0.4054 0.2135 0.1424 0.1497 0.4251 0.5044 0.2772 0.1627 0.1355 0.2846 0.5106 0.3723 0.1996 0.1391 0.1591 0.4499 0.4860 0.2594 0.1567 0.1369 0.3214 0.5158 0.3492 0.1902 0.1371 0.1712 0.4676 0.4648 0.2448 0.1547
0.2474 0.4683 0.4651 0.1690 0.1373 0.1916 0.3526 0.5152 0.3161 0.1367 0.1575 0.2617 0.4888 0.4469 0.1576 0.1394 0.2011 0.3756 0.5097 0.2800 0.1354 0.1634 0.2789 0.5055 0.4231 0.1492 0.1426 0.2141 0.4065 0.4985 0.2306 0.1350 0.1731 0.3068 0.5170 0.3798 0.1413 0.1491 0.2375 0.4549 0.4725 0.1742 0.1370 0.1909 0.3539 0.5143 0.3050 0.1360 0.1595 0.2586 0.3893 0.2586 0.1595 0.1360 0.3050 0.5143 0.3539 0.1909 0.1370 0.1742 0.4725 0.4549 0.2375 0.1491 0.1413 0.3798 0.5170 0.3068 0.1731 0.1350 0.2306 0.4985 0.4065 0.2141 0.1426 0.1492 0.4231 0.5055 0.2789 0.1634 0.1354 0.2800 0.5097 0.3756 0.2011 0.1394 0.1576 0.4469 0.4888 0.2617 0.1575 0.1367 0.3161 0.5152 0.3526 0.1916 0.1373 0.1690 0.4651 0.4683 0.2474
0.4690 0.4625 0.1669 0.1376 0.1930 0.3560 0.5145 0.3109 0.1364 0.1583 0.2641 0.4916 0.4439 0.1563 0.1398 0.2026 0.3791 0.5087 0.2750 0.1353 0.1641 0.2809 0.5068 0.4209 0.1487 0.1428 0.2150 0.4082 0.4979 0.2290 0.1350 0.1733 0.3068 0.5170 0.3807 0.1414 0.1489 0.2367 0.4533 0.4737 0.1756 0.1368 0.1900 0.3515 0.5148 0.3087 0.1362 0.1598 0.2681 0.4854 0.5041 0.4854 0.2681 0.1598 0.1362 0.3087 0.5148 0.3515 0.1900 0.1368 0.1756 0.4737 0.4533 0.2367 0.1489 0.1414 0.3807 0.5170 0.3068 0.1733 0.1350 0.2290 0.4979 0.4082 0.2150 0.1428 0.1487 0.4209 0.5068 0.2809 0.1641 0.1353 0.2750 0.5087 0.3791 0.2026 0.1398 0.1563 0.4439 0.4916 0.2641 0.1583 0.1364 0.3109 0.5145 0.3560 0.1930 0.1376 0.1669 0.4625 0.4690
0.4608 0.1649 0.1379 0.1944 0.3594 0.5138 0.3055 0.1362 0.1591 0.2665 0.4942 0.4408 0.1550 0.1401 0.2042 0.3827 0.5076 0.2696 0.1352 0.1650 0.2831 0.5081 0.4182 0.1481 0.1431 0.2160 0.4102 0.4971 0.2267 0.1350 0.1736 0.3074 0.5170 0.3807 0.1415 0.1487 0.2361 0.4520 0.4746 0.1769 0.1367 0.1893 0.3495 0.5152 0.3123 0.1363 0.1594 0.2688 0.4960 0.4498 0.2600 0.4498 0.4960 0.2688 0.1594 0.1363 0.3123 0.5152 0.3495 0.1893 0.1367 0.1769 0.4746 0.4520 0.2361 0.1487 0.1415 0.3807 0.5170 0.3074 0.1736 0.1350 0.2267 0.4971 0.4102 0.2160 0.1431 0.1481 0.4182 0.5081 0.2831 0.1650 0.1352 0.2696 0.5076 0.3827 0.2042 0.1401 0.1550 0.4408 0.4942 0.2665 0.1591 0.1362 0.3055 0.5138 0.3594 0.1944 0.1379 0.1649 0.4608
0.1673 0.1382 0.1958 0.3629 0.5130 0.3001 0.1360 0.1600 0.2689 0.4967 0.4377 0.1539 0.1405 0.2057 0.3864 0.5064 0.2641 0.1352 0.1659 0.2856 0.5094 0.4151 0.1474 0.1435 0.2172 0.4127 0.4962 0.2238 0.1350 0.1741 0.3085 0.5171 0.3798 0.1414 0.1487 0.2359 0.4513 0.4752 0.1779 0.1366 0.1887 0.3478 0.5156 0.3154 0.1364 0.1589 0.2677 0.4969 0.4381 0.1586 0.1340 0.1586 0.4381 0.4969 0.2677 0.1589 0.1364 0.3154 0.5156 0.3478 0.1887 0.1366 0.1779 0.4752 0.4513 0.2359 0.1487 0.1414 0.3798 0.5171 0.3085 0.1741 0.1350 0.2238 0.4962 0.4127 0.2172 0.1435 0.1474 0.4151 0.5094 0.2856 0.1659 0.1352 0.2641 0.5064 0.3864 0.2057 0.1405 0.1539 0.4377 0.4967 0.2689 0.1600 0.1360 0.3001 0.5130 0.3629 0.1958 0.1382 0.1673
0.1422 0.1973 0.3664 0.5122 0.2947 0.1358 0.1608 0.2714 0.4991 0.4345 0.1527 0.1409 0.2073 0.3901 0.5052 0.2586 0.1351 0.1669 0.2882 0.5108 0.4116 0.1467 0.1439 0.2186 0.4155 0.4950 0.2205 0.1351 0.1747 0.3100 0.5173 0.3782 0.1413 0.1489 0.2361 0.4513 0.4755 0.1785 0.1366 0.1882 0.3465 0.5158 0.3181 0.1366 0.1585 0.2664 0.4960 0.4368 0.1537 0.1385 0.1653 0.1385 0.1537 0.4368 0.4960 0.2664 0.1585 0.1366 0.3181 0.5158 0.3465 0.1882 0.1366 0.1785 0.4755 0.4513 0.2361 0.1489 0.1413 0.3782 0.5173 0.3100 0.1747 0.1351 0.2205 0.4950 0.4155 0.2186 0.1439 0.1467 0.4116 0.5108 0.2882 0.1669 0.1351 0.2586 0.5052 0.3901 0.2073 0.1409 0.1527 0.4345 0.4991 0.2714 0.1608 0.1358 0.2947 0.5122 0.3664 0.1973 0.1422
0.2002 0.3700 0.5113 0.2892 0.1357 0.1617 0.2739 0.5013 0.4312 0.1517 0.1413 0.2090 0.3938 0.5039 0.2530 0.1350 0.1678 0.2909 0.5120 0.4079 0.1460 0.1444 0.2202 0.4187 0.4937 0.2168 0.1351 0.1754 0.3118 0.5175 0.3760 0.1411 0.1491 0.2367 0.4520 0.4752 0.1785 0.1365 0.1880 0.3455 0.5160 0.3202 0.1367 0.1580 0.2652 0.4947 0.4380 0.1533 0.1405 0.1993 0.2878 0.1993 0.1405 0.1533 0.4380 0.4947 0.2652 0.1580 0.1367 0.3202 0.5160 0.3455 0.1880 0.1365 0.1785 0.4752 0.4520 0.2367 0.1491 0.1411 0.3760 0.5175 0.3118 0.1754 0.1351 0.2168 0.4937 0.4187 0.2202 0.1444 0.1460 0.4079 0.5120 0.2909 0.1678 0.1350 0.2530 0.5039 0.3938 0.2090 0.1413 0.1517 0.4312 0.5013 0.2739 0.1617 0.1357 0.2892 0.5113 0.3700 0.2002
0.3716 0.5103 0.2837 0.1355 0.1626 0.2764 0.5033 0.4278 0.1507 0.1418 0.2106 0.3975 0.5025 0.2475 0.1350 0.1688 0.2937 0.5131 0.4040 0.1452 0.1449 0.2220 0.4222 0.4921 0.2128 0.1352 0.1762 0.3138 0.5177 0.3735 0.1408 0.1494 0.2375 0.4533 0.4746 0.1779 0.1366 0.1880 0.3452 0.5161 0.3216 0.1368 0.1577 0.2641 0.4935 0.4394 0.1537 0.1408 0.2062 0.3738 0.5108 0.3738 0.2062 0.1408 0.1537 0.4394 0.4935 0.2641 0.1577 0.1368 0.3216 0.5161 0.3452 0.1880 0.1366 0.1779 0.4746 0.4533 0.2375 0.1494 0.1408 0.3735 0.5177 0.3138 0.1762 0.1352 0.2128 0.4921 0.4222 0.2220 0.1449 0.1452 0.4040 0.5131 0.2937 0.1688 0.1350 0.2475 0.5025 0.3975 0.2106 0.1418 0.1507 0.4278 0.5033 0.2764 0.1626 0.1355 0.2837 0.5103 0.3716
0.5093 0.2782 0.1354 0.1635 0.2789 0.5052 0.4244 0.1497 0.1422 0.2123 0.4012 0.5011 0.2421 0.1350 0.1699 0.2964 0.5141 0.4001 0.1446 0.1454 0.2238 0.4259 0.4904 0.2085 0.1352 0.1771 0.3160 0.5178 0.3706 0.1405 0.1497 0.2385 0.4549 0.4737 0.1769 0.1366 0.1882 0.3455 0.5161 0.3221 0.1368 0.1575 0.2633 0.4925 0.4407 0.1541 0.1407 0.2072 0.3885 0.5093 0.4094 0.5093 0.3885 0.2072 0.1407 0.1541 0.4407 0.4925 0.2633 0.1575 0.1368 0.3221 0.5161 0.3455 0.1882 0.1366 0.1769 0.4737 0.4549 0.2385 0.1497 0.1405 0.3706 0.5178 0.3160 0.1771 0.1352 0.2085 0.4904 0.4259 0.2238 0.1454 0.1446 0.4001 0.5141 0.2964 0.1699 0.1350 0.2421 0.5011 0.4012 0.2123 0.1422 0.1497 0.4244 0.5052 0.2789 0.1635 0.1354 0.2782 0.5093
0.2753 0.1353 0.1644 0.2815 0.5070 0.4209 0.1488 0.1427 0.2140 0.4049 0.4996 0.2367 0.1350 0.1709 0.2992 0.5150 0.3961 0.1439 0.1460 0.2257 0.4296 0.4886 0.2040 0.1353 0.1782 0.3186 0.5180 0.3672 0.1402 0.1502 0.2398 0.4569 0.4725 0.1756 0.1367 0.1887 0.3465 0.5160 0.3216 0.1368 0.1574 0.2628 0.4918 0.4418 0.1546 0.1406 0.2069 0.3907 0.5052 0.2812 0.1446 0.2812 0.5052 0.3907 0.2069 0.1406 0.1546 0.4418 0.4918 0.2628 0.1574 0.1368 0.3216 0.5160 0.3465 0.1887 0.1367 0.1756 0.4725 0.4569 0.2398 0.1502 0.1402 0.3672 0.5180 0.3186 0.1782 0.1353 0.2040 0.4886 0.4296 0.2257 0.1460 0.1439 0.3961 0.5150 0.2992 0.1709 0.1350 0.2367 0.4996 0.4049 0.2140 0.1427 0.1488 0.4209 0.5070 0.2815 0.1644 0.1353 0.2753
0.1395 0.1654 0.2841 0.5086 0.4173 0.1480 0.1431 0.2157 0.4087 0.4981 0.2314 0.1350 0.1720 0.3021 0.5157 0.3921 0.1433 0.1465 0.2276 0.4334 0.4867 0.1996 0.1354 0.1793 0.3215 0.5181 0.3633 0.1398 0.1506 0.2412 0.4592 0.4711 0.1742 0.1368 0.1893 0.3478 0.5158 0.3202 0.1368 0.1575 0.2628 0.4915 0.4424 0.1549 0.1404 0.2064 0.3901 0.5046 0.2579 0.1349 0.1431 0.1349 0.2579 0.5046 0.3901 0.2064 0.1404 0.1549 0.4424 0.4915 0.2628 0.1575 0.1368 0.3202 0.5158 0.3478 0.1893 0.1368 0.1742 0.4711 0.4592 0.2412 0.1506 0.1398 0.3633 0.5181 0.3215 0.1793 0.1354 0.1996 0.4867 0.4334 0.2276 0.1465 0.1433 0.3921 0.5157 0.3021 0.1720 0.1350 0.2314 0.4981 0.4087 0.2157 0.1431 0.1480 0.4173 0.5086 0.2841 0.1654 0.1395
0.1686 0.2868 0.5100 0.4137 0.1472 0.1436 0.2174 0.4125 0.4965 0.2262 0.1350 0.1730 0.3049 0.5164 0.3879 0.1427 0.1471 0.2295 0.4372 0.4847 0.1955 0.1356 0.1805 0.3246 0.5181 0.3589 0.1394 0.1512 0.2429 0.4619 0.4694 0.1725 0.1370 0.1900 0.3495 0.5156 0.3181 0.1367 0.1577 0.2633 0.4918 0.4424 0.1550 0.1404 0.2060 0.3892 0.5047 0.2543 0.1349 0.1627 0.2190 0.1627 0.1349 0.2543 0.5047 0.3892 0.2060 0.1404 0.1550 0.4424 0.4918 0.2633 0.1577 0.1367 0.3181 0.5156 0.3495 0.1900 0.1370 0.1725 0.4694 0.4619 0.2429 0.1512 0.1394 0.3589 0.5181 0.3246 0.1805 0.1356 0.1955 0.4847 0.4372 0.2295 0.1471 0.1427 0.3879 0.5164 0.3049 0.1730 0.1350 0.2262 0.4965 0.4125 0.2174 0.1436 0.1472 0.4137 0.5100 0.2868 0.1686
0.2890 0.5114 0.4099 0.1464 0.1441 0.2192 0.4162 0.4949 0.2211 0.1350 0.1741 0.3078 0.5169 0.3837 0.1421 0.1477 0.2314 0.4409 0.4827 0.1915 0.1357 0.1817 0.3277 0.5180 0.3542 0.1391 0.1518 0.2448 0.4649 0.4674 0.1708 0.1372 0.1909 0.3515 0.5152 0.3154 0.1366 0.1580 0.2641 0.4925 0.4418 0.1549 0.1404 0.2058 0.3886 0.5049 0.2544 0.1350 0.1674 0.2794 0.4208 0.2794 0.1674 0.1350 0.2544 0.5049 0.3886 0.2058 0.1404 0.1549 0.4418 0.4925 0.2641 0.1580 0.1366 0.3154 0.5152 0.3515 0.1909 0.1372 0.1708 0.4674 0.4649 0.2448 0.1518 0.1391 0.3542 0.5180 0.3277 0.1817 0.1357 0.1915 0.4827 0.4409 0.2314 0.1477 0.1421 0.3837 0.5169 0.3078 0.1741 0.1350 0.2211 0.4949 0.4162 0.2192 0.1441 0.1464 0.4099 0.5114 0.2890
0.5111 0.4061 0.1456 0.1446 0.2210 0.4200 0.4932 0.2161 0.1351 0.1752 0.3108 0.5173 0.3794 0.1416 0.1483 0.2334 0.4446 0.4805 0.1878 0.1359 0.1830 0.3309 0.5179 0.3495 0.1387 0.1525 0.2469 0.4681 0.4651 0.1689 0.1374 0.1920 0.3539 0.5148 0.3123 0.1364 0.1585 0.2652 0.4935 0.4407 0.1546 0.1404 0.2060 0.3886 0.5050 0.2550 0.1350 0.1683 0.2911 0.5059 0.4913 0.5059 0.2911 0.1683 0.1350 0.2550 0.5050 0.3886 0.2060 0.1404 0.1546 0.4407 0.4935 0.2652 0.1585 0.1364 0.3123 0.5148 0.3539 0.1920 0.1374 0.1689 0.4651 0.4681 0.2469 0.1525 0.1387 0.3495 0.5179 0.3309 0.1830 0.1359 0.1878 0.4805 0.4446 0.2334 0.1483 0.1416 0.3794 0.5173 0.3108 0.1752 0.1351 0.2161 0.4932 0.4200 0.2210 0.1446 0.1456 0.4061 0.5111
0.4038 0.1449 0.1451 0.2228 0.4238 0.4914 0.2112 0.1352 0.1763 0.3137 0.5176 0.3751 0.1411 0.1489 0.2353 0.4483 0.4784 0.1843 0.1361 0.1842 0.3340 0.5177 0.3446 0.1383 0.1532 0.2490 0.4715 0.4626 0.1669 0.1376 0.1931 0.3565 0.5143 0.3087 0.1363 0.1589 0.2664 0.4947 0.4394 0.1541 0.1406 0.2064 0.3892 0.5049 0.2550 0.1350 0.1684 0.2934 0.5124 0.4210 0.2127 0.4210 0.5124 0.2934 0.1684 0.1350 0.2550 0.5049 0.3892 0.2064 0.1406 0.1541 0.4394 0.4947 0.2664 0.1589 0.1363 0.3087 0.5143 0.3565 0.1931 0.1376 0.1669 0.4626 0.4715 0.2490 0.1532 0.1383 0.3446 0.5177 0.3340 0.1842 0.1361 0.1843 0.4784 0.4483 0.2353 0.1489 0.1411 0.3751 0.5176 0.3137 0.1763 0.1352 0.2112 0.4914 0.4238 0.2228 0.1451 0.1449 0.4038
0.1487 0.1456 0.2245 0.4274 0.4897 0.2068 0.1353 0.1774 0.3166 0.5178 0.3709 0.1406 0.1495 0.2372 0.4518 0.4763 0.1812 0.1362 0.1854 0.3371 0.5174 0.3399 0.1380 0.1539 0.2511 0.4746 0.4601 0.1651 0.1379 0.1943 0.3593 0.5138 0.3050 0.1362 0.1594 0.2677 0.4960 0.4380 0.1537 0.1407 0.2069 0.3901 0.5047 0.2544 0.1350 0.1684 0.2938 0.5134 0.4047 0.1481 0.1342 0.1481 0.4047 0.5134 0.2938 0.1684 0.1350 0.2544 0.5047 0.3901 0.2069 0.1407 0.1537 0.4380 0.4960 0.2677 0.1594 0.1362 0.3050 0.5138 0.3593 0.1943 0.1379 0.1651 0.4601 0.4746 0.2511 0.1539 0.1380 0.3399 0.5174 0.3371 0.1854 0.1362 0.1812 0.4763 0.4518 0.2372 0.1495 0.1406 0.3709 0.5178 0.3166 0.1774 0.1353 0.2068 0.4897 0.4274 0.2245 0.1456 0.1487
0.1491 0.2259 0.4301 0.4883 0.2034 0.1353 0.1783 0.3188 0.5179 0.3675 0.1402 0.1499 0.2387 0.4545 0.4746 0.1789 0.1364 0.1863 0.3395 0.5171 0.3362 0.1377 0.1544 0.2528 0.4770 0.4581 0.1637 0.1381 0.1953 0.3617 0.5132 0.3018 0.1360 0.1598 0.2688 0.4969 0.4368 0.1533 0.1408 0.2072 0.3907 0.5046 0.2543 0.1350 0.1683 0.2934 0.5134 0.4019 0.1451 0.1422 0.1749 0.1422 0.1451 0.4019 0.5134 0.2934 0.1683 0.1350 0.2543 0.5046 0.3907 0.2072 0.1408 0.1533 0.4368 0.4969 0.2688 0.1598 0.1360 0.3018 0.5132 0.3617 0.1953 0.1381 0.1637 0.4581 0.4770 0.2528 0.1544 0.1377 0.3362 0.5171 0.3395 0.1863 0.1364 0.1789 0.4746 0.4545 0.2387 0.1499 0.1402 0.3675 0.5179 0.3188 0.1783 0.1353 0.2034 0.4883 0.4301 0.2259 0.1491
0.2264 0.4296 0.4884 0.2038 0.1352 0.1780 0.3184 0.5178 0.3680 0.1402 0.1497 0.2384 0.4539 0.4748 0.1792 0.1362 0.1861 0.3391 0.5170 0.3368 0.1377 0.1542 0.2524 0.4765 0.4584 0.1639 0.1379 0.1950 0.3612 0.5132 0.3027 0.1360 0.1595 0.2681 0.4960 0.4381 0.1537 0.1405 0.2062 0.3885 0.5052 0.2579 0.1349 0.1674 0.2911 0.5124 0.4047 0.1451 0.1443 0.2130 0.3119 0.2130 0.1443 0.1451 0.4047 0.5124 0.2911 0.1674 0.1349 0.2579 0.5052 0.3885 0.2062 0.1405 0.1537 0.4381 0.4960 0.2681 0.1595 0.1360 0.3027 0.5132 0.3612 0.1950 0.1379 0.1639 0.4584 0.4765 0.2524 0.1542 0.1377 0.3368 0.5170 0.3391 0.1861 0.1362 0.1792 0.4748 0.4539 0.2384 0.1497 0.1402 0.3680 0.5178 0.3184 0.1780 0.1352 0.2038 0.4884 0.4296 0.2264
0.4129 0.4945 0.2221 0.1345 0.1731 0.3072 0.5162 0.3847 0.1417 0.1468 0.2304 0.4402 0.4824 0.1921 0.1351 0.1807 0.3271 0.5173 0.3554 0.1386 0.1510 0.2438 0.4639 0.4678 0.1715 0.1365 0.1891 0.3485 0.5152 0.3228 0.1364 0.1558 0.2586 0.4854 0.4498 0.1586 0.1385 0.1993 0.3738 0.5093 0.2812 0.1349 0.1627 0.2794 0.5059 0.4210 0.1481 0.1422 0.2130 0.3894 0.5140 0.3894 0.2130 0.1422 0.1481 0.4210 0.5059 0.2794 0.1627 0.1349 0.2812 0.5093 0.3738 0.1993 0.1385 0.1586 0.4498 0.4854 0.2586 0.1558 0.1364 0.3228 0.5152 0.3485 0.1891 0.1365 0.1715 0.4678 0.4639 0.2438 0.1510 0.1386 0.3554 0.5173 0.3271 0.1807 0.1351 0.1921 0.4824 0.4402 0.2304 0.1468 0.1417 0.3847 0.5162 0.3072 0.1731 0.1345 0.2221 0.4945 0.4129
0.5164 0.3626 0.1383 0.1492 0.2393 0.4586 0.4712 0.1753 0.1356 0.1860 0.3426 0.5155 0.3315 0.1360 0.1537 0.2537 0.4806 0.4546 0.1608 0.1373 0.1950 0.3652 0.5112 0.2971 0.1347 0.1590 0.2693 0.4983 0.4351 0.1517 0.1396 0.2051 0.3893 0.5041 0.2600 0.1340 0.1653 0.2878 0.5108 0.4094 0.1446 0.1431 0.2190 0.4208 0.4913 0.2127 0.1342 0.1749 0.3119 0.5140 0.4768 0.5140 0.3119 0.1749 0.1342 0.2127 0.4913 0.4208 0.2190 0.1431 0.1446 0.4094 0.5108 0.2878 0.1653 0.1340 0.2600 0.5041 0.3893 0.2051 0.1396 0.1517 0.4351 0.4983 0.2693 0.1590 0.1347 0.2971 0.5112 0.3652 0.1950 0.1373 0.1608 0.4546 0.4806 0.2537 0.1537 0.1360 0.3315 0.5155 0.3426 0.1860 0.1356 0.1753 0.4712 0.4586 0.2393 0.1492 0.1383 0.3626 0.5164
0.4129 0.4945 0.2221 0.1345 0.1731 0.3072 0.5162 0.3847 0.1417 0.1468 0.2304 0.4402 0.4824 0.1921 0.1351 0.1807 0.3271 0.5173 0.3554 0.1386 0.1510 0.2438 0.4639 0.4678 0.1715 0.1365 0.1891 0.3485 0.5152 0.3228 0.1364 0.1558 0.2586 0.4854 0.4498 0.1586 0.1385 0.1993 0.3738 0.5093 0.2812 0.1349 0.1627 0.2794 0.5059 0.4210 0.1481 0.1422 0.2130 0.3894 0.5140 0.3894 0.2130 0.1422 0.1481 0.4210 0.5059 0.2794 0.1627 0.1349 0.2812 0.5093 0.3738 0.1993 0.1385 0.1586 0.4498 0.4854 0.2586 0.1558 0.1364 0.3228 0.5152 0.3485 0.1891 0.1365 0.1715 0.4678 0.4639 0.2438 0.1510 0.1386 0.3554 0.5173 0.3271 0.1807 0.1351 0.1921 0.4824 0.4402 0.2304 0.1468 0.1417 0.3847 0.5162 0.3072 0.1731 0.1345 0.2221 0.4945 0.4129
0.2264 0.4296 0.4884 0.2038 0.1352 0.1780 0.3184 0.5178 0.3680 0.1402 0.1497 0.2384 0.4539 0.4748 0.1792 0.1362 0.1861 0.3391 0.5170 0.3368 0.1377 0.1542 0.2524 0.4765 0.4584 0.1639 0.1379 0.1950 0.3612 0.5132 0.3027 0.1360 0.1595 0.2681 0.4960 0.4381 0.1537 0.1405 0.2062 0.3885 0.5052 0.2579 0.1349 0.1674 0.2911 0.5124 0.4047 0.1451 0.1443 0.2130 0.3119 0.2130 0.1443 0.1451 0.4047 0.5124 0.2911 0.1674 0.1349 0.2579 0.5052 0.3885 0.2062 0.1405 0.1537 0.4381 0.4960 0.2681 0.1595 0.1360 0.3027 0.5132 0.3612 0.1950 0.1379 0.1639 0.4584 0.4765 0.2524 0.1542 0.1377 0.3368 0.5170 0.3391 0.1861 0.1362 0.1792 0.4748 0.4539 0.2384 0.1497 0.1402 0.3680 0.5178 0.3184 0.1780 0.1352 0.2038 0.4884 0.4296 0.2264
0.1491 0.2259 0.4301 0.4883 0.2034 0.1353 0.1783 0.3188 0.5179 0.3675 0.1402 0.1499 0.2387 0.4545 0.4746 0.1789 0.1364 0.1863 0.3395 0.5171 0.3362 0.1377 0.1544 0.2528 0.4770 0.4581 0.1637 0.1381 0.1953 0.3617 0.5132 0.3018 0.1360 0.1598 0.2688 0.4969 0.4368 0.1533 0.1408 0.2072 0.3907 0.5046 0.2543 0.1350 0.1683 0.2934 0.5134 0.4019 0.1451 0.1422 0.1749 0.1422 0.1451 0.4019 0.5134 0.2934 0.1683 0.1350 0.2543 0.5046 0.3907 0.2072 0.1408 0.1533 0.4368 0.4969 0.2688 0.1598 0.1360 0.3018 0.5132 0.3617 0.1953 0.1381 0.1637 0.4581 0.4770 0.2528 0.1544 0.1377 0.3362 0.5171 0.3395 0.1863 0.1364 0.1789 0.4746 0.4545 0.2387 0.1499 0.1402 0.3675 0.5179 0.3188 0.1783 0.1353 0.2034 0.4883 0.4301 0.2259 0.1491
0.1487 0.1456 0.2245 0.4274 0.4897 0.2068 0.1353 0.1774 0.3166 0.5178 0.3709 0.1406 0.1495 0.2372 0.4518 0.4763 0.1812 0.1362 0.1854 0.3371 0.5174 0.3399 0.1380 0.1539 0.2511 0.4746 0.4601 0.1651 0.1379 0.1943 0.3593 0.5138 0.3050 0.1362 0.1594 0.2677 0.4960 0.4380 0.1537 0.1407 0.2069 0.3901 0.5047 0.2544 0.1350 0.1684 0.2938 0.5134 0.4047 0.1481 0.1342 0.1481 0.4047 0.5134 0.2938 0.1684 0.1350 0.2544 0.5047 0.3901 0.2069 0.1407 0.1537 0.4380 0.4960 0.2677 0.1594 0.1362 0.3050 0.5138 0.3593 0.1943 0.1379 0.1651 0.4601 0.4746 0.2511 0.1539 0.1380 0.3399 0.5174 0.3371 0.1854 0.1362 0.1812 0.4763 0.4518 0.2372 0.1495 0.1406 0.3709 0.5178 0.3166 0.1774 0.1353 0.2068 0.4897 0.4274 0.2245 0.1456 0.1487
0.4038 0.1449 0.1451 0.2228 0.4238 0.4914 0.2112 0.1352 0.1763 0.3137 0.5176 0.3751 0.1411 0.1489 0.2353 0.4483 0.4784 0.1843 0.1361 0.1842 0.3340 0.5177 0.3446 0.1383 0.1532 0.2490 0.4715 0.4626 0.1669 0.1376 0.1931 0.3565 0.5143 0.3087 0.1363 0.1589 0.2664 0.4947 0.4394 0.1541 0.1406 0.2064 0.3892 0.5049 0.2550 0.1350 0.1684 0.2934 0.5124 0.4210 0.2127 0.4210 0.5124 0.2934 0.1684 0.1350 0.2550 0.5049 0.3892 0.2064 0.1406 0.1541 0.4394 0.4947 0.2664 0.1589 0.1363 0.3087 0.5143 0.3565 0.1931 0.1376 0.1669 0.4626 0.4715 0.2490 0.1532 0.1383 0.3446 0.5177 0.3340 0.1842 0.1361 0.1843 0.4784 0.4483 0.2353 0.1489 0.1411 0.3751 0.5176 0.3137 0.1763 0.1352 0.2112 0.4914 0.4238 0.2228 0.1451 0.1449 0.4038
