0.0051 0.0791 1.0000 1.0000 0.0001 0.0020 0.0290 0.4323 1.0000 0.0000 0.0007 0.0105 0.1566 1.0000 1.0000 0.0003 0.0038 0.0567 0.8427 1.0000 0.0001 0.0014 0.0205 0.3052 1.0000 1.0000 0.0005 0.0074 0.1105 1.0000 1.0000 0.0002 0.0027 0.0400 0.5950 1.0000 0.0001 0.0010 0.0145 0.2155 1.0000 1.0000 0.0004 0.0053 0.0781 1.0000 1.0000 0.0001 0.0018 0.0223 0.1182 0.0223 0.0018 0.0001 1.0000 1.0000 0.0781 0.0053 0.0004 1.0000 1.0000 0.2155 0.0145 0.0010 0.0001 1.0000 0.5950 0.0400 0.0027 0.0002 1.0000 1.0000 0.1105 0.0074 0.0005 1.0000 1.0000 0.3052 0.0205 0.0014 0.0001 1.0000 0.8427 0.0567 0.0038 0.0003 1.0000 1.0000 0.1566 0.0105 0.0007 0.0000 1.0000 0.4323 0.0290 0.0020 0.0001 1.0000 1.0000 0.0791 0.0051
0.0791 1.0000 1.0000 0.0001 0.0019 0.0288 0.4282 1.0000 0.0000 0.0007 0.0104 0.1548 1.0000 1.0000 0.0003 0.0038 0.0561 0.8331 1.0000 0.0001 0.0014 0.0203 0.3018 1.0000 1.0000 0.0005 0.0074 0.1093 1.0000 1.0000 0.0002 0.0027 0.0396 0.5882 1.0000 0.0001 0.0010 0.0143 0.2131 1.0000 1.0000 0.0003 0.0052 0.0772 1.0000 1.0000 0.0001 0.0019 0.0265 0.3293 1.0000 0.3293 0.0265 0.0019 0.0001 1.0000 1.0000 0.0772 0.0052 0.0003 1.0000 1.0000 0.2131 0.0143 0.0010 0.0001 1.0000 0.5882 0.0396 0.0027 0.0002 1.0000 1.0000 0.1093 0.0074 0.0005 1.0000 1.0000 0.3018 0.0203 0.0014 0.0001 1.0000 0.8331 0.0561 0.0038 0.0003 1.0000 1.0000 0.1548 0.0104 0.0007 0.0000 1.0000 0.4282 0.0288 0.0019 0.0001 1.0000 1.0000 0.0791
1.0000 1.0000 0.0001 0.0019 0.0280 0.4138 1.0000 0.0000 0.0007 0.0100 0.1493 1.0000 1.0000 0.0002 0.0036 0.0540 0.8020 1.0000 0.0001 0.0013 0.0195 0.2905 1.0000 1.0000 0.0005 0.0071 0.1052 1.0000 1.0000 0.0002 0.0026 0.0381 0.5663 1.0000 0.0001 0.0009 0.0138 0.2051 1.0000 1.0000 0.0003 0.0050 0.0743 1.0000 1.0000 0.0001 0.0018 0.0266 0.3791 1.0000 1.0000 1.0000 0.3791 0.0266 0.0018 0.0001 1.0000 1.0000 0.0743 0.0050 0.0003 1.0000 1.0000 0.2051 0.0138 0.0009 0.0001 1.0000 0.5663 0.0381 0.0026 0.0002 1.0000 1.0000 0.1052 0.0071 0.0005 1.0000 1.0000 0.2905 0.0195 0.0013 0.0001 1.0000 0.8020 0.0540 0.0036 0.0002 1.0000 1.0000 0.1493 0.0100 0.0007 0.0000 1.0000 0.4138 0.0280 0.0019 0.0001 1.0000 1.0000
1.0000 0.0001 0.0019 0.0276 0.4052 1.0000 0.0000 0.0007 0.0097 0.1440 1.0000 1.0000 0.0002 0.0035 0.0520 0.7721 1.0000 0.0001 0.0013 0.0188 0.2797 1.0000 1.0000 0.0005 0.0068 0.1013 1.0000 1.0000 0.0002 0.0025 0.0367 0.5452 1.0000 0.0001 0.0009 0.0133 0.1975 1.0000 1.0000 0.0003 0.0048 0.0715 1.0000 1.0000 0.0001 0.0017 0.0259 0.3806 1.0000 1.0000 0.0002 1.0000 1.0000 0.3806 0.0259 0.0017 0.0001 1.0000 1.0000 0.0715 0.0048 0.0003 1.0000 1.0000 0.1975 0.0133 0.0009 0.0001 1.0000 0.5452 0.0367 0.0025 0.0002 1.0000 1.0000 0.1013 0.0068 0.0005 1.0000 1.0000 0.2797 0.0188 0.0013 0.0001 1.0000 0.7721 0.0520 0.0035 0.0002 1.0000 1.0000 0.1440 0.0097 0.0007 0.0000 1.0000 0.4052 0.0276 0.0019 0.0001 1.0000
0.0001 0.0019 0.0280 0.4052 1.0000 0.0000 0.0006 0.0094 0.1394 1.0000 1.0000 0.0002 0.0034 0.0501 0.7447 1.0000 0.0001 0.0012 0.0181 0.2692 1.0000 1.0000 0.0004 0.0066 0.0975 1.0000 1.0000 0.0002 0.0024 0.0353 0.5248 1.0000 0.0001 0.0009 0.0128 0.1901 1.0000 1.0000 0.0003 0.0046 0.0688 1.0000 1.0000 0.0001 0.0017 0.0249 0.3699 1.0000 0.0000 0.0005 0.0025 0.0005 0.0000 1.0000 0.3699 0.0249 0.0017 0.0001 1.0000 1.0000 0.0688 0.0046 0.0003 1.0000 1.0000 0.1901 0.0128 0.0009 0.0001 1.0000 0.5248 0.0353 0.0024 0.0002 1.0000 1.0000 0.0975 0.0066 0.0004 1.0000 1.0000 0.2692 0.0181 0.0012 0.0001 1.0000 0.7447 0.0501 0.0034 0.0002 1.0000 1.0000 0.1394 0.0094 0.0006 0.0000 1.0000 0.4052 0.0280 0.0019 0.0001
0.0020 0.0288 0.4138 1.0000 0.0000 0.0006 0.0093 0.1365 1.0000 1.0000 0.0002 0.0033 0.0484 0.7183 1.0000 0.0001 0.0012 0.0174 0.2592 1.0000 1.0000 0.0004 0.0063 0.0939 1.0000 1.0000 0.0002 0.0023 0.0340 0.5052 1.0000 0.0001 0.0008 0.0123 0.1830 1.0000 1.0000 0.0003 0.0045 0.0663 0.9849 1.0000 0.0001 0.0016 0.0240 0.3567 1.0000 0.0000 0.0006 0.0069 0.0360 0.0069 0.0006 0.0000 1.0000 0.3567 0.0240 0.0016 0.0001 1.0000 0.9849 0.0663 0.0045 0.0003 1.0000 1.0000 0.1830 0.0123 0.0008 0.0001 1.0000 0.5052 0.0340 0.0023 0.0002 1.0000 1.0000 0.0939 0.0063 0.0004 1.0000 1.0000 0.2592 0.0174 0.0012 0.0001 1.0000 0.7183 0.0484 0.0033 0.0002 1.0000 1.0000 0.1365 0.0093 0.0006 0.0000 1.0000 0.4138 0.0288 0.0020
0.0290 0.4282 1.0000 0.0000 0.0006 0.0093 0.1358 1.0000 1.0000 0.0002 0.0032 0.0470 0.6967 1.0000 0.0001 0.0011 0.0168 0.2500 1.0000 1.0000 0.0004 0.0061 0.0904 1.0000 1.0000 0.0001 0.0022 0.0327 0.4864 1.0000 0.0001 0.0008 0.0119 0.1762 1.0000 1.0000 0.0003 0.0043 0.0638 0.9481 1.0000 0.0001 0.0016 0.0231 0.3434 1.0000 1.0000 0.0006 0.0079 0.0986 0.5149 0.0986 0.0079 0.0006 1.0000 1.0000 0.3434 0.0231 0.0016 0.0001 1.0000 0.9481 0.0638 0.0043 0.0003 1.0000 1.0000 0.1762 0.0119 0.0008 0.0001 1.0000 0.4864 0.0327 0.0022 0.0001 1.0000 1.0000 0.0904 0.0061 0.0004 1.0000 1.0000 0.2500 0.0168 0.0011 0.0001 1.0000 0.6967 0.0470 0.0032 0.0002 1.0000 1.0000 0.1358 0.0093 0.0006 0.0000 1.0000 0.4282 0.0290
0.4323 1.0000 0.0000 0.0007 0.0094 0.1365 1.0000 1.0000 0.0002 0.0031 0.0459 0.6771 1.0000 0.0001 0.0011 0.0163 0.2411 1.0000 1.0000 0.0004 0.0059 0.0870 1.0000 1.0000 0.0001 0.0021 0.0315 0.4682 1.0000 0.0001 0.0008 0.0114 0.1696 1.0000 1.0000 0.0003 0.0041 0.0614 0.9128 1.0000 0.0001 0.0015 0.0222 0.3306 1.0000 1.0000 0.0005 0.0080 0.1135 1.0000 1.0000 1.0000 0.1135 0.0080 0.0005 1.0000 1.0000 0.3306 0.0222 0.0015 0.0001 1.0000 0.9128 0.0614 0.0041 0.0003 1.0000 1.0000 0.1696 0.0114 0.0008 0.0001 1.0000 0.4682 0.0315 0.0021 0.0001 1.0000 1.0000 0.0870 0.0059 0.0004 1.0000 1.0000 0.2411 0.0163 0.0011 0.0001 1.0000 0.6771 0.0459 0.0031 0.0002 1.0000 1.0000 0.1365 0.0094 0.0007 0.0000 1.0000 0.4323
1.0000 0.0000 0.0007 0.0097 0.1394 1.0000 1.0000 0.0002 0.0031 0.0453 0.6657 1.0000 0.0001 0.0011 0.0158 0.2339 1.0000 1.0000 0.0004 0.0056 0.0839 1.0000 1.0000 0.0001 0.0020 0.0303 0.4507 1.0000 0.0000 0.0007 0.0110 0.1633 1.0000 1.0000 0.0003 0.0040 0.0591 0.8787 1.0000 0.0001 0.0014 0.0214 0.3183 1.0000 1.0000 0.0005 0.0077 0.1140 1.0000 1.0000 0.0001 1.0000 1.0000 0.1140 0.0077 0.0005 1.0000 1.0000 0.3183 0.0214 0.0014 0.0001 1.0000 0.8787 0.0591 0.0040 0.0003 1.0000 1.0000 0.1633 0.0110 0.0007 0.0000 1.0000 0.4507 0.0303 0.0020 0.0001 1.0000 1.0000 0.0839 0.0056 0.0004 1.0000 1.0000 0.2339 0.0158 0.0011 0.0001 1.0000 0.6657 0.0453 0.0031 0.0002 1.0000 1.0000 0.1394 0.0097 0.0007 0.0000 1.0000
0.0000 0.0007 0.0100 0.1440 1.0000 1.0000 0.0002 0.0031 0.0453 0.6619 1.0000 0.0001 0.0010 0.0154 0.2273 1.0000 1.0000 0.0004 0.0055 0.0809 1.0000 1.0000 0.0001 0.0020 0.0292 0.4339 1.0000 0.0000 0.0007 0.0106 0.1572 1.0000 1.0000 0.0003 0.0038 0.0569 0.8459 1.0000 0.0001 0.0014 0.0206 0.3064 1.0000 1.0000 0.0005 0.0075 0.1108 1.0000 1.0000 0.0001 0.0008 0.0001 1.0000 1.0000 0.1108 0.0075 0.0005 1.0000 1.0000 0.3064 0.0206 0.0014 0.0001 1.0000 0.8459 0.0569 0.0038 0.0003 1.0000 1.0000 0.1572 0.0106 0.0007 0.0000 1.0000 0.4339 0.0292 0.0020 0.0001 1.0000 1.0000 0.0809 0.0055 0.0004 1.0000 1.0000 0.2273 0.0154 0.0010 0.0001 1.0000 0.6619 0.0453 0.0031 0.0002 1.0000 1.0000 0.1440 0.0100 0.0007 0.0000
0.0007 0.0104 0.1493 1.0000 1.0000 0.0002 0.0032 0.0459 0.6657 1.0000 0.0001 0.0010 0.0152 0.2226 1.0000 1.0000 0.0004 0.0053 0.0784 1.0000 1.0000 0.0001 0.0019 0.0282 0.4177 1.0000 0.0000 0.0007 0.0102 0.1513 1.0000 1.0000 0.0002 0.0037 0.0548 0.8143 1.0000 0.0001 0.0013 0.0198 0.2949 1.0000 1.0000 0.0005 0.0072 0.1068 1.0000 1.0000 0.0002 0.0021 0.0108 0.0021 0.0002 1.0000 1.0000 0.1068 0.0072 0.0005 1.0000 1.0000 0.2949 0.0198 0.0013 0.0001 1.0000 0.8143 0.0548 0.0037 0.0002 1.0000 1.0000 0.1513 0.0102 0.0007 0.0000 1.0000 0.4177 0.0282 0.0019 0.0001 1.0000 1.0000 0.0784 0.0053 0.0004 1.0000 1.0000 0.2226 0.0152 0.0010 0.0001 1.0000 0.6657 0.0459 0.0032 0.0002 1.0000 1.0000 0.1493 0.0104 0.0007
0.0105 0.1548 1.0000 1.0000 0.0002 0.0033 0.0470 0.6771 1.0000 0.0001 0.0010 0.0151 0.2201 1.0000 1.0000 0.0004 0.0052 0.0763 1.0000 1.0000 0.0001 0.0018 0.0272 0.4029 1.0000 0.0000 0.0007 0.0098 0.1457 1.0000 1.0000 0.0002 0.0036 0.0528 0.7839 1.0000 0.0001 0.0013 0.0191 0.2839 1.0000 1.0000 0.0005 0.0069 0.1028 1.0000 1.0000 0.0002 0.0024 0.0295 0.1542 0.0295 0.0024 0.0002 1.0000 1.0000 0.1028 0.0069 0.0005 1.0000 1.0000 0.2839 0.0191 0.0013 0.0001 1.0000 0.7839 0.0528 0.0036 0.0002 1.0000 1.0000 0.1457 0.0098 0.0007 0.0000 1.0000 0.4029 0.0272 0.0018 0.0001 1.0000 1.0000 0.0763 0.0052 0.0004 1.0000 1.0000 0.2201 0.0151 0.0010 0.0001 1.0000 0.6771 0.0470 0.0033 0.0002 1.0000 1.0000 0.1548 0.0105
0.1566 1.0000 1.0000 0.0002 0.0034 0.0484 0.6967 1.0000 0.0001 0.0010 0.0152 0.2201 1.0000 1.0000 0.0003 0.0051 0.0746 1.0000 1.0000 0.0001 0.0018 0.0263 0.3901 1.0000 0.0000 0.0006 0.0094 0.1402 1.0000 1.0000 0.0002 0.0034 0.0508 0.7547 1.0000 0.0001 0.0012 0.0184 0.2733 1.0000 1.0000 0.0004 0.0067 0.0990 1.0000 1.0000 0.0002 0.0024 0.0340 0.4225 1.0000 0.4225 0.0340 0.0024 0.0002 1.0000 1.0000 0.0990 0.0067 0.0004 1.0000 1.0000 0.2733 0.0184 0.0012 0.0001 1.0000 0.7547 0.0508 0.0034 0.0002 1.0000 1.0000 0.1402 0.0094 0.0006 0.0000 1.0000 0.3901 0.0263 0.0018 0.0001 1.0000 1.0000 0.0746 0.0051 0.0003 1.0000 1.0000 0.2201 0.0152 0.0010 0.0001 1.0000 0.6967 0.0484 0.0034 0.0002 1.0000 1.0000 0.1566
1.0000 1.0000 0.0002 0.0035 0.0501 0.7183 1.0000 0.0001 0.0011 0.0154 0.2226 1.0000 1.0000 0.0003 0.0050 0.0734 1.0000 1.0000 0.0001 0.0017 0.0256 0.3784 1.0000 0.0000 0.0006 0.0091 0.1352 1.0000 1.0000 0.0002 0.0033 0.0489 0.7265 1.0000 0.0001 0.0012 0.0177 0.2631 1.0000 1.0000 0.0004 0.0064 0.0953 1.0000 1.0000 0.0002 0.0023 0.0341 0.4864 1.0000 1.0000 1.0000 0.4864 0.0341 0.0023 0.0002 1.0000 1.0000 0.0953 0.0064 0.0004 1.0000 1.0000 0.2631 0.0177 0.0012 0.0001 1.0000 0.7265 0.0489 0.0033 0.0002 1.0000 1.0000 0.1352 0.0091 0.0006 0.0000 1.0000 0.3784 0.0256 0.0017 0.0001 1.0000 1.0000 0.0734 0.0050 0.0003 1.0000 1.0000 0.2226 0.0154 0.0011 0.0001 1.0000 0.7183 0.0501 0.0035 0.0002 1.0000 1.0000
1.0000 0.0003 0.0036 0.0520 0.7447 1.0000 0.0001 0.0011 0.0158 0.2273 1.0000 1.0000 0.0003 0.0050 0.0732 1.0000 1.0000 0.0001 0.0017 0.0250 0.3685 1.0000 0.0000 0.0006 0.0088 0.1307 1.0000 1.0000 0.0002 0.0032 0.0471 0.6994 1.0000 0.0001 0.0011 0.0170 0.2533 1.0000 1.0000 0.0004 0.0062 0.0918 1.0000 1.0000 0.0002 0.0022 0.0332 0.4882 1.0000 0.0000 0.0002 0.0000 1.0000 0.4882 0.0332 0.0022 0.0002 1.0000 1.0000 0.0918 0.0062 0.0004 1.0000 1.0000 0.2533 0.0170 0.0011 0.0001 1.0000 0.6994 0.0471 0.0032 0.0002 1.0000 1.0000 0.1307 0.0088 0.0006 0.0000 1.0000 0.3685 0.0250 0.0017 0.0001 1.0000 1.0000 0.0732 0.0050 0.0003 1.0000 1.0000 0.2273 0.0158 0.0011 0.0001 1.0000 0.7447 0.0520 0.0036 0.0003 1.0000
0.0003 0.0038 0.0540 0.7721 1.0000 0.0001 0.0011 0.0163 0.2339 1.0000 1.0000 0.0004 0.0051 0.0734 1.0000 1.0000 0.0001 0.0017 0.0246 0.3615 1.0000 0.0000 0.0006 0.0086 0.1268 1.0000 1.0000 0.0002 0.0031 0.0454 0.6733 1.0000 0.0001 0.0011 0.0164 0.2439 1.0000 1.0000 0.0004 0.0059 0.0883 1.0000 1.0000 0.0001 0.0022 0.0320 0.4745 1.0000 0.0000 0.0006 0.0032 0.0006 0.0000 1.0000 0.4745 0.0320 0.0022 0.0001 1.0000 1.0000 0.0883 0.0059 0.0004 1.0000 1.0000 0.2439 0.0164 0.0011 0.0001 1.0000 0.6733 0.0454 0.0031 0.0002 1.0000 1.0000 0.1268 0.0086 0.0006 0.0000 1.0000 0.3615 0.0246 0.0017 0.0001 1.0000 1.0000 0.0734 0.0051 0.0004 1.0000 1.0000 0.2339 0.0163 0.0011 0.0001 1.0000 0.7721 0.0540 0.0038 0.0003
0.0038 0.0561 0.8020 1.0000 0.0001 0.0012 0.0168 0.2411 1.0000 1.0000 0.0004 0.0052 0.0746 1.0000 1.0000 0.0001 0.0017 0.0243 0.3567 1.0000 0.0000 0.0006 0.0084 0.1234 1.0000 1.0000 0.0002 0.0030 0.0439 0.6494 1.0000 0.0001 0.0011 0.0158 0.2348 1.0000 1.0000 0.0004 0.0057 0.0850 1.0000 1.0000 0.0001 0.0021 0.0308 0.4577 1.0000 0.0000 0.0007 0.0088 0.0462 0.0088 0.0007 0.0000 1.0000 0.4577 0.0308 0.0021 0.0001 1.0000 1.0000 0.0850 0.0057 0.0004 1.0000 1.0000 0.2348 0.0158 0.0011 0.0001 1.0000 0.6494 0.0439 0.0030 0.0002 1.0000 1.0000 0.1234 0.0084 0.0006 0.0000 1.0000 0.3567 0.0243 0.0017 0.0001 1.0000 1.0000 0.0746 0.0052 0.0004 1.0000 1.0000 0.2411 0.0168 0.0012 0.0001 1.0000 0.8020 0.0561 0.0038
0.0567 0.8331 1.0000 0.0001 0.0012 0.0174 0.2500 1.0000 1.0000 0.0004 0.0053 0.0763 1.0000 1.0000 0.0001 0.0017 0.0243 0.3554 1.0000 1.0000 0.0006 0.0082 0.1207 1.0000 1.0000 0.0002 0.0029 0.0426 0.6287 1.0000 0.0001 0.0010 0.0152 0.2260 1.0000 1.0000 0.0004 0.0055 0.0819 1.0000 1.0000 0.0001 0.0020 0.0296 0.4406 1.0000 0.0000 0.0007 0.0102 0.1265 0.6606 0.1265 0.0102 0.0007 0.0000 1.0000 0.4406 0.0296 0.0020 0.0001 1.0000 1.0000 0.0819 0.0055 0.0004 1.0000 1.0000 0.2260 0.0152 0.0010 0.0001 1.0000 0.6287 0.0426 0.0029 0.0002 1.0000 1.0000 0.1207 0.0082 0.0006 1.0000 1.0000 0.3554 0.0243 0.0017 0.0001 1.0000 1.0000 0.0763 0.0053 0.0004 1.0000 1.0000 0.2500 0.0174 0.0012 0.0001 1.0000 0.8331 0.0567
0.8427 1.0000 0.0001 0.0013 0.0181 0.2592 1.0000 1.0000 0.0004 0.0055 0.0784 1.0000 1.0000 0.0001 0.0017 0.0246 0.3567 1.0000 1.0000 0.0006 0.0081 0.1188 1.0000 1.0000 0.0002 0.0028 0.0414 0.6111 1.0000 0.0001 0.0010 0.0147 0.2180 1.0000 1.0000 0.0004 0.0053 0.0788 1.0000 1.0000 0.0001 0.0019 0.0285 0.4241 1.0000 0.0000 0.0007 0.0102 0.1457 1.0000 1.0000 1.0000 0.1457 0.0102 0.0007 0.0000 1.0000 0.4241 0.0285 0.0019 0.0001 1.0000 1.0000 0.0788 0.0053 0.0004 1.0000 1.0000 0.2180 0.0147 0.0010 0.0001 1.0000 0.6111 0.0414 0.0028 0.0002 1.0000 1.0000 0.1188 0.0081 0.0006 1.0000 1.0000 0.3567 0.0246 0.0017 0.0001 1.0000 1.0000 0.0784 0.0055 0.0004 1.0000 1.0000 0.2592 0.0181 0.0013 0.0001 1.0000 0.8427
1.0000 0.0001 0.0013 0.0188 0.2692 1.0000 1.0000 0.0004 0.0056 0.0809 1.0000 1.0000 0.0001 0.0017 0.0250 0.3615 1.0000 1.0000 0.0006 0.0081 0.1179 1.0000 1.0000 0.0002 0.0027 0.0403 0.5961 1.0000 0.0001 0.0010 0.0142 0.2110 1.0000 1.0000 0.0003 0.0051 0.0759 1.0000 1.0000 0.0001 0.0018 0.0275 0.4083 1.0000 0.0000 0.0007 0.0099 0.1462 1.0000 1.0000 0.0001 1.0000 1.0000 0.1462 0.0099 0.0007 0.0000 1.0000 0.4083 0.0275 0.0018 0.0001 1.0000 1.0000 0.0759 0.0051 0.0003 1.0000 1.0000 0.2110 0.0142 0.0010 0.0001 1.0000 0.5961 0.0403 0.0027 0.0002 1.0000 1.0000 0.1179 0.0081 0.0006 1.0000 1.0000 0.3615 0.0250 0.0017 0.0001 1.0000 1.0000 0.0809 0.0056 0.0004 1.0000 1.0000 0.2692 0.0188 0.0013 0.0001 1.0000
0.0001 0.0014 0.0195 0.2797 1.0000 1.0000 0.0004 0.0059 0.0839 1.0000 1.0000 0.0001 0.0018 0.0256 0.3685 1.0000 0.0000 0.0006 0.0081 0.1179 1.0000 1.0000 0.0002 0.0027 0.0396 0.5827 1.0000 0.0001 0.0009 0.0138 0.2047 1.0000 1.0000 0.0003 0.0049 0.0732 1.0000 1.0000 0.0001 0.0018 0.0265 0.3931 1.0000 0.0000 0.0006 0.0096 0.1421 1.0000 1.0000 0.0002 0.0010 0.0002 1.0000 1.0000 0.1421 0.0096 0.0006 0.0000 1.0000 0.3931 0.0265 0.0018 0.0001 1.0000 1.0000 0.0732 0.0049 0.0003 1.0000 1.0000 0.2047 0.0138 0.0009 0.0001 1.0000 0.5827 0.0396 0.0027 0.0002 1.0000 1.0000 0.1179 0.0081 0.0006 0.0000 1.0000 0.3685 0.0256 0.0018 0.0001 1.0000 1.0000 0.0839 0.0059 0.0004 1.0000 1.0000 0.2797 0.0195 0.0014 0.0001
0.0014 0.0203 0.2905 1.0000 1.0000 0.0004 0.0061 0.0870 1.0000 1.0000 0.0001 0.0018 0.0263 0.3784 1.0000 0.0000 0.0006 0.0082 0.1188 1.0000 1.0000 0.0002 0.0027 0.0391 0.5739 1.0000 0.0001 0.0009 0.0135 0.1993 1.0000 1.0000 0.0003 0.0048 0.0707 1.0000 1.0000 0.0001 0.0017 0.0255 0.3784 1.0000 0.0000 0.0006 0.0092 0.1371 1.0000 1.0000 0.0002 0.0026 0.0138 0.0026 0.0002 1.0000 1.0000 0.1371 0.0092 0.0006 0.0000 1.0000 0.3784 0.0255 0.0017 0.0001 1.0000 1.0000 0.0707 0.0048 0.0003 1.0000 1.0000 0.1993 0.0135 0.0009 0.0001 1.0000 0.5739 0.0391 0.0027 0.0002 1.0000 1.0000 0.1188 0.0082 0.0006 0.0000 1.0000 0.3784 0.0263 0.0018 0.0001 1.0000 1.0000 0.0870 0.0061 0.0004 1.0000 1.0000 0.2905 0.0203 0.0014
0.0205 0.3018 1.0000 1.0000 0.0004 0.0063 0.0904 1.0000 1.0000 0.0001 0.0019 0.0272 0.3901 1.0000 0.0000 0.0006 0.0084 0.1207 1.0000 1.0000 0.0002 0.0027 0.0390 0.5695 1.0000 0.0001 0.0009 0.0132 0.1948 1.0000 1.0000 0.0003 0.0046 0.0686 1.0000 1.0000 0.0001 0.0017 0.0246 0.3643 1.0000 0.0000 0.0006 0.0089 0.1319 1.0000 1.0000 0.0002 0.0030 0.0379 0.1978 0.0379 0.0030 0.0002 1.0000 1.0000 0.1319 0.0089 0.0006 0.0000 1.0000 0.3643 0.0246 0.0017 0.0001 1.0000 1.0000 0.0686 0.0046 0.0003 1.0000 1.0000 0.1948 0.0132 0.0009 0.0001 1.0000 0.5695 0.0390 0.0027 0.0002 1.0000 1.0000 0.1207 0.0084 0.0006 0.0000 1.0000 0.3901 0.0272 0.0019 0.0001 1.0000 1.0000 0.0904 0.0063 0.0004 1.0000 1.0000 0.3018 0.0205
0.3052 1.0000 1.0000 0.0005 0.0066 0.0939 1.0000 1.0000 0.0001 0.0020 0.0282 0.4029 1.0000 0.0000 0.0006 0.0086 0.1234 1.0000 1.0000 0.0002 0.0027 0.0391 0.5695 1.0000 0.0001 0.0009 0.0130 0.1912 1.0000 1.0000 0.0003 0.0045 0.0668 0.9849 1.0000 0.0001 0.0016 0.0237 0.3513 1.0000 0.0000 0.0006 0.0085 0.1270 1.0000 1.0000 0.0002 0.0031 0.0436 0.5421 1.0000 0.5421 0.0436 0.0031 0.0002 1.0000 1.0000 0.1270 0.0085 0.0006 0.0000 1.0000 0.3513 0.0237 0.0016 0.0001 1.0000 0.9849 0.0668 0.0045 0.0003 1.0000 1.0000 0.1912 0.0130 0.0009 0.0001 1.0000 0.5695 0.0391 0.0027 0.0002 1.0000 1.0000 0.1234 0.0086 0.0006 0.0000 1.0000 0.4029 0.0282 0.0020 0.0001 1.0000 1.0000 0.0939 0.0066 0.0005 1.0000 1.0000 0.3052
1.0000 1.0000 0.0005 0.0068 0.0975 1.0000 1.0000 0.0001 0.0020 0.0292 0.4177 1.0000 0.0000 0.0006 0.0088 0.1268 1.0000 1.0000 0.0002 0.0027 0.0396 0.5739 1.0000 0.0001 0.0009 0.0129 0.1890 1.0000 1.0000 0.0003 0.0044 0.0652 0.9608 1.0000 0.0001 0.0015 0.0229 0.3402 1.0000 1.0000 0.0006 0.0082 0.1223 1.0000 1.0000 0.0002 0.0030 0.0438 0.6240 1.0000 1.0000 1.0000 0.6240 0.0438 0.0030 0.0002 1.0000 1.0000 0.1223 0.0082 0.0006 1.0000 1.0000 0.3402 0.0229 0.0015 0.0001 1.0000 0.9608 0.0652 0.0044 0.0003 1.0000 1.0000 0.1890 0.0129 0.0009 0.0001 1.0000 0.5739 0.0396 0.0027 0.0002 1.0000 1.0000 0.1268 0.0088 0.0006 0.0000 1.0000 0.4177 0.0292 0.0020 0.0001 1.0000 1.0000 0.0975 0.0068 0.0005 1.0000 1.0000
1.0000 0.0005 0.0071 0.1013 1.0000 1.0000 0.0001 0.0021 0.0303 0.4339 1.0000 0.0000 0.0006 0.0091 0.1307 1.0000 1.0000 0.0002 0.0028 0.0403 0.5827 1.0000 0.0001 0.0009 0.0129 0.1883 1.0000 1.0000 0.0003 0.0043 0.0638 0.9410 1.0000 0.0001 0.0015 0.0223 0.3300 1.0000 1.0000 0.0005 0.0079 0.1179 1.0000 1.0000 0.0002 0.0029 0.0426 0.6264 1.0000 0.0001 0.0003 0.0001 1.0000 0.6264 0.0426 0.0029 0.0002 1.0000 1.0000 0.1179 0.0079 0.0005 1.0000 1.0000 0.3300 0.0223 0.0015 0.0001 1.0000 0.9410 0.0638 0.0043 0.0003 1.0000 1.0000 0.1883 0.0129 0.0009 0.0001 1.0000 0.5827 0.0403 0.0028 0.0002 1.0000 1.0000 0.1307 0.0091 0.0006 0.0000 1.0000 0.4339 0.0303 0.0021 0.0001 1.0000 1.0000 0.1013 0.0071 0.0005 1.0000
0.0005 0.0074 0.1052 1.0000 1.0000 0.0002 0.0022 0.0315 0.4507 1.0000 0.0000 0.0007 0.0094 0.1352 1.0000 1.0000 0.0002 0.0029 0.0414 0.5961 1.0000 0.0001 0.0009 0.0130 0.1890 1.0000 1.0000 0.0003 0.0043 0.0628 0.9232 1.0000 0.0001 0.0015 0.0217 0.3213 1.0000 1.0000 0.0005 0.0077 0.1140 1.0000 1.0000 0.0002 0.0028 0.0410 0.6087 1.0000 0.0001 0.0008 0.0041 0.0008 0.0001 1.0000 0.6087 0.0410 0.0028 0.0002 1.0000 1.0000 0.1140 0.0077 0.0005 1.0000 1.0000 0.3213 0.0217 0.0015 0.0001 1.0000 0.9232 0.0628 0.0043 0.0003 1.0000 1.0000 0.1890 0.0130 0.0009 0.0001 1.0000 0.5961 0.0414 0.0029 0.0002 1.0000 1.0000 0.1352 0.0094 0.0007 0.0000 1.0000 0.4507 0.0315 0.0022 0.0002 1.0000 1.0000 0.1052 0.0074 0.0005
0.0074 0.1093 1.0000 1.0000 0.0002 0.0023 0.0327 0.4682 1.0000 0.0000 0.0007 0.0098 0.1402 1.0000 1.0000 0.0002 0.0030 0.0426 0.6111 1.0000 0.0001 0.0009 0.0132 0.1912 1.0000 1.0000 0.0003 0.0043 0.0624 0.9128 1.0000 0.0001 0.0014 0.0213 0.3141 1.0000 1.0000 0.0005 0.0075 0.1105 1.0000 1.0000 0.0002 0.0027 0.0395 0.5871 1.0000 0.0001 0.0009 0.0113 0.0592 0.0113 0.0009 0.0001 1.0000 0.5871 0.0395 0.0027 0.0002 1.0000 1.0000 0.1105 0.0075 0.0005 1.0000 1.0000 0.3141 0.0213 0.0014 0.0001 1.0000 0.9128 0.0624 0.0043 0.0003 1.0000 1.0000 0.1912 0.0132 0.0009 0.0001 1.0000 0.6111 0.0426 0.0030 0.0002 1.0000 1.0000 0.1402 0.0098 0.0007 0.0000 1.0000 0.4682 0.0327 0.0023 0.0002 1.0000 1.0000 0.1093 0.0074
0.1105 1.0000 1.0000 0.0002 0.0024 0.0340 0.4864 1.0000 0.0000 0.0007 0.0102 0.1457 1.0000 1.0000 0.0002 0.0031 0.0439 0.6287 1.0000 0.0001 0.0009 0.0135 0.1948 1.0000 1.0000 0.0003 0.0043 0.0624 0.9093 1.0000 0.0001 0.0014 0.0209 0.3081 1.0000 1.0000 0.0005 0.0073 0.1076 1.0000 1.0000 0.0002 0.0026 0.0381 0.5663 1.0000 0.0001 0.0009 0.0131 0.1623 0.8475 0.1623 0.0131 0.0009 0.0001 1.0000 0.5663 0.0381 0.0026 0.0002 1.0000 1.0000 0.1076 0.0073 0.0005 1.0000 1.0000 0.3081 0.0209 0.0014 0.0001 1.0000 0.9093 0.0624 0.0043 0.0003 1.0000 1.0000 0.1948 0.0135 0.0009 0.0001 1.0000 0.6287 0.0439 0.0031 0.0002 1.0000 1.0000 0.1457 0.0102 0.0007 0.0000 1.0000 0.4864 0.0340 0.0024 0.0002 1.0000 1.0000 0.1105
1.0000 1.0000 0.0002 0.0025 0.0353 0.5052 1.0000 0.0001 0.0007 0.0106 0.1513 1.0000 1.0000 0.0002 0.0032 0.0454 0.6494 1.0000 0.0001 0.0010 0.0138 0.1993 1.0000 1.0000 0.0003 0.0043 0.0628 0.9128 1.0000 0.0001 0.0014 0.0207 0.3035 1.0000 1.0000 0.0005 0.0071 0.1050 1.0000 1.0000 0.0002 0.0025 0.0369 0.5472 1.0000 0.0001 0.0009 0.0131 0.1869 1.0000 1.0000 1.0000 0.1869 0.0131 0.0009 0.0001 1.0000 0.5472 0.0369 0.0025 0.0002 1.0000 1.0000 0.1050 0.0071 0.0005 1.0000 1.0000 0.3035 0.0207 0.0014 0.0001 1.0000 0.9128 0.0628 0.0043 0.0003 1.0000 1.0000 0.1993 0.0138 0.0010 0.0001 1.0000 0.6494 0.0454 0.0032 0.0002 1.0000 1.0000 0.1513 0.0106 0.0007 0.0001 1.0000 0.5052 0.0353 0.0025 0.0002 1.0000 1.0000
1.0000 0.0002 0.0026 0.0367 0.5248 1.0000 0.0001 0.0008 0.0110 0.1572 1.0000 1.0000 0.0002 0.0033 0.0471 0.6733 1.0000 0.0001 0.0010 0.0142 0.2047 1.0000 1.0000 0.0003 0.0044 0.0638 0.9232 1.0000 0.0001 0.0014 0.0206 0.3012 1.0000 1.0000 0.0005 0.0070 0.1028 1.0000 1.0000 0.0002 0.0024 0.0359 0.5308 1.0000 0.0001 0.0009 0.0128 0.1879 1.0000 1.0000 0.0001 1.0000 1.0000 0.1879 0.0128 0.0009 0.0001 1.0000 0.5308 0.0359 0.0024 0.0002 1.0000 1.0000 0.1028 0.0070 0.0005 1.0000 1.0000 0.3012 0.0206 0.0014 0.0001 1.0000 0.9232 0.0638 0.0044 0.0003 1.0000 1.0000 0.2047 0.0142 0.0010 0.0001 1.0000 0.6733 0.0471 0.0033 0.0002 1.0000 1.0000 0.1572 0.0110 0.0008 0.0001 1.0000 0.5248 0.0367 0.0026 0.0002 1.0000
0.0002 0.0027 0.0381 0.5452 1.0000 0.0001 0.0008 0.0114 0.1633 1.0000 1.0000 0.0002 0.0034 0.0489 0.6994 1.0000 0.0001 0.0010 0.0147 0.2110 1.0000 1.0000 0.0003 0.0045 0.0652 0.9410 1.0000 0.0001 0.0014 0.0207 0.3012 1.0000 1.0000 0.0005 0.0069 0.1011 1.0000 1.0000 0.0002 0.0024 0.0350 0.5169 1.0000 0.0001 0.0008 0.0124 0.1833 1.0000 1.0000 0.0002 0.0012 0.0002 1.0000 1.0000 0.1833 0.0124 0.0008 0.0001 1.0000 0.5169 0.0350 0.0024 0.0002 1.0000 1.0000 0.1011 0.0069 0.0005 1.0000 1.0000 0.3012 0.0207 0.0014 0.0001 1.0000 0.9410 0.0652 0.0045 0.0003 1.0000 1.0000 0.2110 0.0147 0.0010 0.0001 1.0000 0.6994 0.0489 0.0034 0.0002 1.0000 1.0000 0.1633 0.0114 0.0008 0.0001 1.0000 0.5452 0.0381 0.0027 0.0002
0.0027 0.0396 0.5663 1.0000 0.0001 0.0008 0.0119 0.1696 1.0000 1.0000 0.0002 0.0036 0.0508 0.7265 1.0000 0.0001 0.0011 0.0152 0.2180 1.0000 1.0000 0.0003 0.0046 0.0668 0.9608 1.0000 0.0001 0.0014 0.0209 0.3035 1.0000 1.0000 0.0005 0.0068 0.0999 1.0000 1.0000 0.0002 0.0023 0.0343 0.5052 1.0000 0.0001 0.0008 0.0120 0.1782 1.0000 1.0000 0.0003 0.0034 0.0178 0.0034 0.0003 1.0000 1.0000 0.1782 0.0120 0.0008 0.0001 1.0000 0.5052 0.0343 0.0023 0.0002 1.0000 1.0000 0.0999 0.0068 0.0005 1.0000 1.0000 0.3035 0.0209 0.0014 0.0001 1.0000 0.9608 0.0668 0.0046 0.0003 1.0000 1.0000 0.2180 0.0152 0.0011 0.0001 1.0000 0.7265 0.0508 0.0036 0.0002 1.0000 1.0000 0.1696 0.0119 0.0008 0.0001 1.0000 0.5663 0.0396 0.0027
0.0400 0.5882 1.0000 0.0001 0.0009 0.0123 0.1762 1.0000 1.0000 0.0003 0.0037 0.0528 0.7547 1.0000 0.0001 0.0011 0.0158 0.2260 1.0000 1.0000 0.0003 0.0048 0.0686 0.9849 1.0000 0.0001 0.0015 0.0213 0.3081 1.0000 1.0000 0.0005 0.0068 0.0996 1.0000 1.0000 0.0002 0.0023 0.0337 0.4957 1.0000 0.0001 0.0008 0.0117 0.1732 1.0000 1.0000 0.0003 0.0039 0.0489 0.2548 0.0489 0.0039 0.0003 1.0000 1.0000 0.1732 0.0117 0.0008 0.0001 1.0000 0.4957 0.0337 0.0023 0.0002 1.0000 1.0000 0.0996 0.0068 0.0005 1.0000 1.0000 0.3081 0.0213 0.0015 0.0001 1.0000 0.9849 0.0686 0.0048 0.0003 1.0000 1.0000 0.2260 0.0158 0.0011 0.0001 1.0000 0.7547 0.0528 0.0037 0.0003 1.0000 1.0000 0.1762 0.0123 0.0009 0.0001 1.0000 0.5882 0.0400
0.5950 1.0000 0.0001 0.0009 0.0128 0.1830 1.0000 1.0000 0.0003 0.0038 0.0548 0.7839 1.0000 0.0001 0.0011 0.0164 0.2348 1.0000 1.0000 0.0003 0.0049 0.0707 1.0000 1.0000 0.0001 0.0015 0.0217 0.3141 1.0000 1.0000 0.0005 0.0069 0.0999 1.0000 1.0000 0.0002 0.0023 0.0332 0.4882 1.0000 0.0001 0.0008 0.0115 0.1689 1.0000 1.0000 0.0003 0.0040 0.0564 0.7007 1.0000 0.7007 0.0564 0.0040 0.0003 1.0000 1.0000 0.1689 0.0115 0.0008 0.0001 1.0000 0.4882 0.0332 0.0023 0.0002 1.0000 1.0000 0.0999 0.0069 0.0005 1.0000 1.0000 0.3141 0.0217 0.0015 0.0001 1.0000 1.0000 0.0707 0.0049 0.0003 1.0000 1.0000 0.2348 0.0164 0.0011 0.0001 1.0000 0.7839 0.0548 0.0038 0.0003 1.0000 1.0000 0.1830 0.0128 0.0009 0.0001 1.0000 0.5950
1.0000 0.0001 0.0009 0.0133 0.1901 1.0000 1.0000 0.0003 0.0040 0.0569 0.8143 1.0000 0.0001 0.0012 0.0170 0.2439 1.0000 1.0000 0.0004 0.0051 0.0732 1.0000 1.0000 0.0001 0.0015 0.0223 0.3213 1.0000 1.0000 0.0005 0.0070 0.1011 1.0000 1.0000 0.0002 0.0023 0.0330 0.4827 1.0000 0.0001 0.0008 0.0112 0.1654 1.0000 1.0000 0.0003 0.0039 0.0571 0.8112 1.0000 1.0000 1.0000 0.8112 0.0571 0.0039 0.0003 1.0000 1.0000 0.1654 0.0112 0.0008 0.0001 1.0000 0.4827 0.0330 0.0023 0.0002 1.0000 1.0000 0.1011 0.0070 0.0005 1.0000 1.0000 0.3213 0.0223 0.0015 0.0001 1.0000 1.0000 0.0732 0.0051 0.0004 1.0000 1.0000 0.2439 0.0170 0.0012 0.0001 1.0000 0.8143 0.0569 0.0040 0.0003 1.0000 1.0000 0.1901 0.0133 0.0009 0.0001 1.0000
0.0001 0.0010 0.0138 0.1975 1.0000 1.0000 0.0003 0.0041 0.0591 0.8459 1.0000 0.0001 0.0012 0.0177 0.2533 1.0000 1.0000 0.0004 0.0053 0.0759 1.0000 1.0000 0.0001 0.0016 0.0229 0.3300 1.0000 1.0000 0.0005 0.0071 0.1028 1.0000 1.0000 0.0002 0.0023 0.0330 0.4809 1.0000 0.0001 0.0008 0.0111 0.1626 1.0000 1.0000 0.0003 0.0038 0.0563 0.8237 1.0000 0.0001 0.0004 0.0001 1.0000 0.8237 0.0563 0.0038 0.0003 1.0000 1.0000 0.1626 0.0111 0.0008 0.0001 1.0000 0.4809 0.0330 0.0023 0.0002 1.0000 1.0000 0.1028 0.0071 0.0005 1.0000 1.0000 0.3300 0.0229 0.0016 0.0001 1.0000 1.0000 0.0759 0.0053 0.0004 1.0000 1.0000 0.2533 0.0177 0.0012 0.0001 1.0000 0.8459 0.0591 0.0041 0.0003 1.0000 1.0000 0.1975 0.0138 0.0010 0.0001
0.0010 0.0143 0.2051 1.0000 1.0000 0.0003 0.0043 0.0614 0.8787 1.0000 0.0001 0.0013 0.0184 0.2631 1.0000 1.0000 0.0004 0.0055 0.0788 1.0000 1.0000 0.0001 0.0017 0.0237 0.3402 1.0000 1.0000 0.0005 0.0073 0.1050 1.0000 1.0000 0.0002 0.0023 0.0332 0.4827 1.0000 0.0001 0.0007 0.0109 0.1605 1.0000 1.0000 0.0003 0.0038 0.0552 0.8128 1.0000 0.0001 0.0010 0.0054 0.0010 0.0001 1.0000 0.8128 0.0552 0.0038 0.0003 1.0000 1.0000 0.1605 0.0109 0.0007 0.0001 1.0000 0.4827 0.0332 0.0023 0.0002 1.0000 1.0000 0.1050 0.0073 0.0005 1.0000 1.0000 0.3402 0.0237 0.0017 0.0001 1.0000 1.0000 0.0788 0.0055 0.0004 1.0000 1.0000 0.2631 0.0184 0.0013 0.0001 1.0000 0.8787 0.0614 0.0043 0.0003 1.0000 1.0000 0.2051 0.0143 0.0010
0.0145 0.2131 1.0000 1.0000 0.0003 0.0045 0.0638 0.9128 1.0000 0.0001 0.0013 0.0191 0.2733 1.0000 1.0000 0.0004 0.0057 0.0819 1.0000 1.0000 0.0001 0.0017 0.0246 0.3513 1.0000 1.0000 0.0005 0.0075 0.1076 1.0000 1.0000 0.0002 0.0023 0.0337 0.4882 1.0000 0.0001 0.0007 0.0109 0.1593 1.0000 1.0000 0.0003 0.0037 0.0543 0.7990 1.0000 0.0001 0.0012 0.0150 0.0779 0.0150 0.0012 0.0001 1.0000 0.7990 0.0543 0.0037 0.0003 1.0000 1.0000 0.1593 0.0109 0.0007 0.0001 1.0000 0.4882 0.0337 0.0023 0.0002 1.0000 1.0000 0.1076 0.0075 0.0005 1.0000 1.0000 0.3513 0.0246 0.0017 0.0001 1.0000 1.0000 0.0819 0.0057 0.0004 1.0000 1.0000 0.2733 0.0191 0.0013 0.0001 1.0000 0.9128 0.0638 0.0045 0.0003 1.0000 1.0000 0.2131 0.0145
0.2155 1.0000 1.0000 0.0003 0.0046 0.0663 0.9481 1.0000 0.0001 0.0014 0.0198 0.2839 1.0000 1.0000 0.0004 0.0059 0.0850 1.0000 1.0000 0.0001 0.0018 0.0255 0.3643 1.0000 1.0000 0.0005 0.0077 0.1105 1.0000 1.0000 0.0002 0.0024 0.0343 0.4957 1.0000 0.0001 0.0008 0.0109 0.1593 1.0000 1.0000 0.0002 0.0036 0.0535 0.7854 1.0000 0.0001 0.0012 0.0174 0.2159 1.0000 0.2159 0.0174 0.0012 0.0001 1.0000 0.7854 0.0535 0.0036 0.0002 1.0000 1.0000 0.1593 0.0109 0.0008 0.0001 1.0000 0.4957 0.0343 0.0024 0.0002 1.0000 1.0000 0.1105 0.0077 0.0005 1.0000 1.0000 0.3643 0.0255 0.0018 0.0001 1.0000 1.0000 0.0850 0.0059 0.0004 1.0000 1.0000 0.2839 0.0198 0.0014 0.0001 1.0000 0.9481 0.0663 0.0046 0.0003 1.0000 1.0000 0.2155
1.0000 1.0000 0.0003 0.0048 0.0688 0.9849 1.0000 0.0001 0.0014 0.0206 0.2949 1.0000 1.0000 0.0004 0.0062 0.0883 1.0000 1.0000 0.0001 0.0018 0.0265 0.3784 1.0000 0.0000 0.0006 0.0079 0.1140 1.0000 1.0000 0.0002 0.0024 0.0350 0.5052 1.0000 0.0001 0.0008 0.0111 0.1605 1.0000 1.0000 0.0002 0.0036 0.0529 0.7750 1.0000 0.0001 0.0012 0.0178 0.2519 1.0000 1.0000 1.0000 0.2519 0.0178 0.0012 0.0001 1.0000 0.7750 0.0529 0.0036 0.0002 1.0000 1.0000 0.1605 0.0111 0.0008 0.0001 1.0000 0.5052 0.0350 0.0024 0.0002 1.0000 1.0000 0.1140 0.0079 0.0006 0.0000 1.0000 0.3784 0.0265 0.0018 0.0001 1.0000 1.0000 0.0883 0.0062 0.0004 1.0000 1.0000 0.2949 0.0206 0.0014 0.0001 1.0000 0.9849 0.0688 0.0048 0.0003 1.0000 1.0000
1.0000 0.0003 0.0050 0.0715 1.0000 1.0000 0.0001 0.0015 0.0214 0.3064 1.0000 1.0000 0.0004 0.0064 0.0918 1.0000 1.0000 0.0001 0.0019 0.0275 0.3931 1.0000 0.0000 0.0006 0.0082 0.1179 1.0000 1.0000 0.0002 0.0025 0.0359 0.5169 1.0000 0.0001 0.0008 0.0112 0.1626 1.0000 1.0000 0.0002 0.0036 0.0527 0.7692 1.0000 0.0001 0.0012 0.0177 0.2577 1.0000 1.0000 0.0001 1.0000 1.0000 0.2577 0.0177 0.0012 0.0001 1.0000 0.7692 0.0527 0.0036 0.0002 1.0000 1.0000 0.1626 0.0112 0.0008 0.0001 1.0000 0.5169 0.0359 0.0025 0.0002 1.0000 1.0000 0.1179 0.0082 0.0006 0.0000 1.0000 0.3931 0.0275 0.0019 0.0001 1.0000 1.0000 0.0918 0.0064 0.0004 1.0000 1.0000 0.3064 0.0214 0.0015 0.0001 1.0000 1.0000 0.0715 0.0050 0.0003 1.0000
0.0004 0.0052 0.0743 1.0000 1.0000 0.0001 0.0016 0.0222 0.3183 1.0000 1.0000 0.0005 0.0067 0.0953 1.0000 1.0000 0.0001 0.0020 0.0285 0.4083 1.0000 0.0000 0.0006 0.0085 0.1223 1.0000 1.0000 0.0002 0.0026 0.0369 0.5308 1.0000 0.0001 0.0008 0.0115 0.1654 1.0000 1.0000 0.0003 0.0036 0.0529 0.7692 1.0000 0.0001 0.0012 0.0176 0.2567 1.0000 1.0000 0.0003 0.0017 0.0003 1.0000 1.0000 0.2567 0.0176 0.0012 0.0001 1.0000 0.7692 0.0529 0.0036 0.0003 1.0000 1.0000 0.1654 0.0115 0.0008 0.0001 1.0000 0.5308 0.0369 0.0026 0.0002 1.0000 1.0000 0.1223 0.0085 0.0006 0.0000 1.0000 0.4083 0.0285 0.0020 0.0001 1.0000 1.0000 0.0953 0.0067 0.0005 1.0000 1.0000 0.3183 0.0222 0.0016 0.0001 1.0000 1.0000 0.0743 0.0052 0.0004
0.0053 0.0772 1.0000 1.0000 0.0001 0.0016 0.0231 0.3306 1.0000 1.0000 0.0005 0.0069 0.0990 1.0000 1.0000 0.0001 0.0021 0.0296 0.4241 1.0000 0.0000 0.0006 0.0089 0.1270 1.0000 1.0000 0.0002 0.0027 0.0381 0.5472 1.0000 0.0001 0.0008 0.0117 0.1689 1.0000 1.0000 0.0003 0.0037 0.0535 0.7750 1.0000 0.0001 0.0012 0.0174 0.2553 1.0000 1.0000 0.0004 0.0047 0.0244 0.0047 0.0004 1.0000 1.0000 0.2553 0.0174 0.0012 0.0001 1.0000 0.7750 0.0535 0.0037 0.0003 1.0000 1.0000 0.1689 0.0117 0.0008 0.0001 1.0000 0.5472 0.0381 0.0027 0.0002 1.0000 1.0000 0.1270 0.0089 0.0006 0.0000 1.0000 0.4241 0.0296 0.0021 0.0001 1.0000 1.0000 0.0990 0.0069 0.0005 1.0000 1.0000 0.3306 0.0231 0.0016 0.0001 1.0000 1.0000 0.0772 0.0053
0.0781 1.0000 1.0000 0.0001 0.0017 0.0240 0.3434 1.0000 1.0000 0.0005 0.0072 0.1028 1.0000 1.0000 0.0002 0.0022 0.0308 0.4406 1.0000 0.0000 0.0006 0.0092 0.1319 1.0000 1.0000 0.0002 0.0028 0.0395 0.5663 1.0000 0.0001 0.0008 0.0120 0.1732 1.0000 1.0000 0.0003 0.0038 0.0543 0.7854 1.0000 0.0001 0.0012 0.0174 0.2543 1.0000 1.0000 0.0004 0.0055 0.0681 0.3534 0.0681 0.0055 0.0004 1.0000 1.0000 0.2543 0.0174 0.0012 0.0001 1.0000 0.7854 0.0543 0.0038 0.0003 1.0000 1.0000 0.1732 0.0120 0.0008 0.0001 1.0000 0.5663 0.0395 0.0028 0.0002 1.0000 1.0000 0.1319 0.0092 0.0006 0.0000 1.0000 0.4406 0.0308 0.0022 0.0002 1.0000 1.0000 0.1028 0.0072 0.0005 1.0000 1.0000 0.3434 0.0240 0.0017 0.0001 1.0000 1.0000 0.0781
1.0000 1.0000 0.0001 0.0017 0.0249 0.3567 1.0000 1.0000 0.0005 0.0075 0.1068 1.0000 1.0000 0.0002 0.0022 0.0320 0.4577 1.0000 0.0000 0.0007 0.0096 0.1371 1.0000 1.0000 0.0002 0.0029 0.0410 0.5871 1.0000 0.0001 0.0009 0.0124 0.1782 1.0000 1.0000 0.0003 0.0038 0.0552 0.7990 1.0000 0.0001 0.0012 0.0176 0.2553 1.0000 1.0000 0.0004 0.0057 0.0802 0.9868 1.0000 0.9868 0.0802 0.0057 0.0004 1.0000 1.0000 0.2553 0.0176 0.0012 0.0001 1.0000 0.7990 0.0552 0.0038 0.0003 1.0000 1.0000 0.1782 0.0124 0.0009 0.0001 1.0000 0.5871 0.0410 0.0029 0.0002 1.0000 1.0000 0.1371 0.0096 0.0007 0.0000 1.0000 0.4577 0.0320 0.0022 0.0002 1.0000 1.0000 0.1068 0.0075 0.0005 1.0000 1.0000 0.3567 0.0249 0.0017 0.0001 1.0000 1.0000
1.0000 0.0001 0.0018 0.0259 0.3699 1.0000 1.0000 0.0005 0.0077 0.1108 1.0000 1.0000 0.0002 0.0023 0.0332 0.4745 1.0000 0.0000 0.0007 0.0099 0.1421 1.0000 1.0000 0.0002 0.0030 0.0426 0.6087 1.0000 0.0001 0.0009 0.0128 0.1833 1.0000 1.0000 0.0003 0.0039 0.0563 0.8128 1.0000 0.0001 0.0012 0.0177 0.2567 1.0000 1.0000 0.0004 0.0057 0.0830 1.0000 1.0000 1.0000 1.0000 1.0000 0.0830 0.0057 0.0004 1.0000 1.0000 0.2567 0.0177 0.0012 0.0001 1.0000 0.8128 0.0563 0.0039 0.0003 1.0000 1.0000 0.1833 0.0128 0.0009 0.0001 1.0000 0.6087 0.0426 0.0030 0.0002 1.0000 1.0000 0.1421 0.0099 0.0007 0.0000 1.0000 0.4745 0.0332 0.0023 0.0002 1.0000 1.0000 0.1108 0.0077 0.0005 1.0000 1.0000 0.3699 0.0259 0.0018 0.0001 1.0000
0.0001 0.0019 0.0266 0.3806 1.0000 0.0000 0.0006 0.0080 0.1140 1.0000 1.0000 0.0002 0.0024 0.0341 0.4882 1.0000 0.0000 0.0007 0.0102 0.1462 1.0000 1.0000 0.0002 0.0031 0.0438 0.6264 1.0000 0.0001 0.0009 0.0131 0.1879 1.0000 1.0000 0.0003 0.0040 0.0571 0.8237 1.0000 0.0001 0.0012 0.0178 0.2577 1.0000 1.0000 0.0004 0.0057 0.0830 1.0000 1.0000 0.0001 0.0005 0.0001 1.0000 1.0000 0.0830 0.0057 0.0004 1.0000 1.0000 0.2577 0.0178 0.0012 0.0001 1.0000 0.8237 0.0571 0.0040 0.0003 1.0000 1.0000 0.1879 0.0131 0.0009 0.0001 1.0000 0.6264 0.0438 0.0031 0.0002 1.0000 1.0000 0.1462 0.0102 0.0007 0.0000 1.0000 0.4882 0.0341 0.0024 0.0002 1.0000 1.0000 0.1140 0.0080 0.0006 0.0000 1.0000 0.3806 0.0266 0.0019 0.0001
0.0018 0.0265 0.3791 1.0000 0.0000 0.0006 0.0079 0.1135 1.0000 1.0000 0.0002 0.0024 0.0340 0.4864 1.0000 0.0000 0.0007 0.0102 0.1457 1.0000 1.0000 0.0002 0.0030 0.0436 0.6240 1.0000 0.0001 0.0009 0.0131 0.1869 1.0000 1.0000 0.0003 0.0039 0.0564 0.8112 1.0000 0.0001 0.0012 0.0174 0.2519 1.0000 1.0000 0.0004 0.0055 0.0802 1.0000 1.0000 0.0001 0.0014 0.0075 0.0014 0.0001 1.0000 1.0000 0.0802 0.0055 0.0004 1.0000 1.0000 0.2519 0.0174 0.0012 0.0001 1.0000 0.8112 0.0564 0.0039 0.0003 1.0000 1.0000 0.1869 0.0131 0.0009 0.0001 1.0000 0.6240 0.0436 0.0030 0.0002 1.0000 1.0000 0.1457 0.0102 0.0007 0.0000 1.0000 0.4864 0.0340 0.0024 0.0002 1.0000 1.0000 0.1135 0.0079 0.0006 0.0000 1.0000 0.3791 0.0265 0.0018
0.0223 0.3293 1.0000 1.0000 0.0005 0.0069 0.0986 1.0000 1.0000 0.0001 0.0021 0.0295 0.4225 1.0000 0.0000 0.0006 0.0088 0.1265 1.0000 1.0000 0.0002 0.0026 0.0379 0.5421 1.0000 0.0001 0.0008 0.0113 0.1623 1.0000 1.0000 0.0002 0.0034 0.0489 0.7007 1.0000 0.0001 0.0010 0.0150 0.2159 1.0000 1.0000 0.0003 0.0047 0.0681 0.9868 1.0000 0.0001 0.0014 0.0177 0.0912 0.0177 0.0014 0.0001 1.0000 0.9868 0.0681 0.0047 0.0003 1.0000 1.0000 0.2159 0.0150 0.0010 0.0001 1.0000 0.7007 0.0489 0.0034 0.0002 1.0000 1.0000 0.1623 0.0113 0.0008 0.0001 1.0000 0.5421 0.0379 0.0026 0.0002 1.0000 1.0000 0.1265 0.0088 0.0006 0.0000 1.0000 0.4225 0.0295 0.0021 0.0001 1.0000 1.0000 0.0986 0.0069 0.0005 1.0000 1.0000 0.3293 0.0223
0.1182 1.0000 1.0000 0.0002 0.0025 0.0360 0.5149 1.0000 0.0001 0.0008 0.0108 0.1542 1.0000 1.0000 0.0002 0.0032 0.0462 0.6606 1.0000 0.0001 0.0010 0.0138 0.1978 1.0000 1.0000 0.0003 0.0041 0.0592 0.8475 1.0000 0.0001 0.0012 0.0178 0.2548 1.0000 1.0000 0.0004 0.0054 0.0779 1.0000 1.0000 0.0001 0.0017 0.0244 0.3534 1.0000 1.0000 0.0005 0.0075 0.0912 0.4656 0.0912 0.0075 0.0005 1.0000 1.0000 0.3534 0.0244 0.0017 0.0001 1.0000 1.0000 0.0779 0.0054 0.0004 1.0000 1.0000 0.2548 0.0178 0.0012 0.0001 1.0000 0.8475 0.0592 0.0041 0.0003 1.0000 1.0000 0.1978 0.0138 0.0010 0.0001 1.0000 0.6606 0.0462 0.0032 0.0002 1.0000 1.0000 0.1542 0.0108 0.0008 0.0001 1.0000 0.5149 0.0360 0.0025 0.0002 1.0000 1.0000 0.1182
0.0223 0.3293 1.0000 1.0000 0.0005 0.0069 0.0986 1.0000 1.0000 0.0001 0.0021 0.0295 0.4225 1.0000 0.0000 0.0006 0.0088 0.1265 1.0000 1.0000 0.0002 0.0026 0.0379 0.5421 1.0000 0.0001 0.0008 0.0113 0.1623 1.0000 1.0000 0.0002 0.0034 0.0489 0.7007 1.0000 0.0001 0.0010 0.0150 0.2159 1.0000 1.0000 0.0003 0.0047 0.0681 0.9868 1.0000 0.0001 0.0014 0.0177 0.0912 0.0177 0.0014 0.0001 1.0000 0.9868 0.0681 0.0047 0.0003 1.0000 1.0000 0.2159 0.0150 0.0010 0.0001 1.0000 0.7007 0.0489 0.0034 0.0002 1.0000 1.0000 0.1623 0.0113 0.0008 0.0001 1.0000 0.5421 0.0379 0.0026 0.0002 1.0000 1.0000 0.1265 0.0088 0.0006 0.0000 1.0000 0.4225 0.0295 0.0021 0.0001 1.0000 1.0000 0.0986 0.0069 0.0005 1.0000 1.0000 0.3293 0.0223
0.0018 0.0265 0.3791 1.0000 0.0000 0.0006 0.0079 0.1135 1.0000 1.0000 0.0002 0.0024 0.0340 0.4864 1.0000 0.0000 0.0007 0.0102 0.1457 1.0000 1.0000 0.0002 0.0030 0.0436 0.6240 1.0000 0.0001 0.0009 0.0131 0.1869 1.0000 1.0000 0.0003 0.0039 0.0564 0.8112 1.0000 0.0001 0.0012 0.0174 0.2519 1.0000 1.0000 0.0004 0.0055 0.0802 1.0000 1.0000 0.0001 0.0014 0.0075 0.0014 0.0001 1.0000 1.0000 0.0802 0.0055 0.0004 1.0000 1.0000 0.2519 0.0174 0.0012 0.0001 1.0000 0.8112 0.0564 0.0039 0.0003 1.0000 1.0000 0.1869 0.0131 0.0009 0.0001 1.0000 0.6240 0.0436 0.0030 0.0002 1.0000 1.0000 0.1457 0.0102 0.0007 0.0000 1.0000 0.4864 0.0340 0.0024 0.0002 1.0000 1.0000 0.1135 0.0079 0.0006 0.0000 1.0000 0.3791 0.0265 0.0018
0.0001 0.0019 0.0266 0.3806 1.0000 0.0000 0.0006 0.0080 0.1140 1.0000 1.0000 0.0002 0.0024 0.0341 0.4882 1.0000 0.0000 0.0007 0.0102 0.1462 1.0000 1.0000 0.0002 0.0031 0.0438 0.6264 1.0000 0.0001 0.0009 0.0131 0.1879 1.0000 1.0000 0.0003 0.0040 0.0571 0.8237 1.0000 0.0001 0.0012 0.0178 0.2577 1.0000 1.0000 0.0004 0.0057 0.0830 1.0000 1.0000 0.0001 0.0005 0.0001 1.0000 1.0000 0.0830 0.0057 0.0004 1.0000 1.0000 0.2577 0.0178 0.0012 0.0001 1.0000 0.8237 0.0571 0.0040 0.0003 1.0000 1.0000 0.1879 0.0131 0.0009 0.0001 1.0000 0.6264 0.0438 0.0031 0.0002 1.0000 1.0000 0.1462 0.0102 0.0007 0.0000 1.0000 0.4882 0.0341 0.0024 0.0002 1.0000 1.0000 0.1140 0.0080 0.0006 0.0000 1.0000 0.3806 0.0266 0.0019 0.0001
1.0000 0.0001 0.0018 0.0259 0.3699 1.0000 1.0000 0.0005 0.0077 0.1108 1.0000 1.0000 0.0002 0.0023 0.0332 0.4745 1.0000 0.0000 0.0007 0.0099 0.1421 1.0000 1.0000 0.0002 0.0030 0.0426 0.6087 1.0000 0.0001 0.0009 0.0128 0.1833 1.0000 1.0000 0.0003 0.0039 0.0563 0.8128 1.0000 0.0001 0.0012 0.0177 0.2567 1.0000 1.0000 0.0004 0.0057 0.0830 1.0000 1.0000 1.0000 1.0000 1.0000 0.0830 0.0057 0.0004 1.0000 1.0000 0.2567 0.0177 0.0012 0.0001 1.0000 0.8128 0.0563 0.0039 0.0003 1.0000 1.0000 0.1833 0.0128 0.0009 0.0001 1.0000 0.6087 0.0426 0.0030 0.0002 1.0000 1.0000 0.1421 0.0099 0.0007 0.0000 1.0000 0.4745 0.0332 0.0023 0.0002 1.0000 1.0000 0.1108 0.0077 0.0005 1.0000 1.0000 0.3699 0.0259 0.0018 0.0001 1.0000
1.0000 1.0000 0.0001 0.0017 0.0249 0.3567 1.0000 1.0000 0.0005 0.0075 0.1068 1.0000 1.0000 0.0002 0.0022 0.0320 0.4577 1.0000 0.0000 0.0007 0.0096 0.1371 1.0000 1.0000 0.0002 0.0029 0.0410 0.5871 1.0000 0.0001 0.0009 0.0124 0.1782 1.0000 1.0000 0.0003 0.0038 0.0552 0.7990 1.0000 0.0001 0.0012 0.0176 0.2553 1.0000 1.0000 0.0004 0.0057 0.0802 0.9868 1.0000 0.9868 0.0802 0.0057 0.0004 1.0000 1.0000 0.2553 0.0176 0.0012 0.0001 1.0000 0.7990 0.0552 0.0038 0.0003 1.0000 1.0000 0.1782 0.0124 0.0009 0.0001 1.0000 0.5871 0.0410 0.0029 0.0002 1.0000 1.0000 0.1371 0.0096 0.0007 0.0000 1.0000 0.4577 0.0320 0.0022 0.0002 1.0000 1.0000 0.1068 0.0075 0.0005 1.0000 1.0000 0.3567 0.0249 0.0017 0.0001 1.0000 1.0000
