0.0002 0.0026 0.0383 0.5717 1.0000 0.0001 0.0009 0.0140 0.2083 1.0000 1.0000 0.0003 0.0051 0.0754 1.0000 1.0000 0.0001 0.0018 0.0273 0.4060 1.0000 0.0000 0.0007 0.0099 0.1470 1.0000 1.0000 0.0002 0.0036 0.0533 0.7914 1.0000 0.0001 0.0013 0.0193 0.2867 1.0000 1.0000 0.0005 0.0070 0.1038 1.0000 1.0000 0.0002 0.0025 0.0375 0.5567 1.0000 0.0001 0.0007 0.0038 0.0007 0.0001 1.0000 0.5567 0.0375 0.0025 0.0002 1.0000 1.0000 0.1038 0.0070 0.0005 1.0000 1.0000 0.2867 0.0193 0.0013 0.0001 1.0000 0.7914 0.0533 0.0036 0.0002 1.0000 1.0000 0.1470 0.0099 0.0007 0.0000 1.0000 0.4060 0.0273 0.0018 0.0001 1.0000 1.0000 0.0754 0.0051 0.0003 1.0000 1.0000 0.2083 0.0140 0.0009 0.0001 1.0000 0.5717 0.0383 0.0026 0.0002
0.0026 0.0386 0.5706 1.0000 0.0001 0.0009 0.0139 0.2059 1.0000 1.0000 0.0003 0.0050 0.0746 1.0000 1.0000 0.0001 0.0018 0.0270 0.4014 1.0000 0.0000 0.0007 0.0098 0.1454 1.0000 1.0000 0.0002 0.0035 0.0527 0.7824 1.0000 0.0001 0.0013 0.0191 0.2834 1.0000 1.0000 0.0005 0.0069 0.1026 1.0000 1.0000 0.0002 0.0025 0.0372 0.5525 1.0000 0.0001 0.0009 0.0107 0.0560 0.0107 0.0009 0.0001 1.0000 0.5525 0.0372 0.0025 0.0002 1.0000 1.0000 0.1026 0.0069 0.0005 1.0000 1.0000 0.2834 0.0191 0.0013 0.0001 1.0000 0.7824 0.0527 0.0035 0.0002 1.0000 1.0000 0.1454 0.0098 0.0007 0.0000 1.0000 0.4014 0.0270 0.0018 0.0001 1.0000 1.0000 0.0746 0.0050 0.0003 1.0000 1.0000 0.2059 0.0139 0.0009 0.0001 1.0000 0.5706 0.0386 0.0026
0.0383 0.5706 1.0000 0.0001 0.0009 0.0134 0.1990 1.0000 1.0000 0.0003 0.0048 0.0718 1.0000 1.0000 0.0001 0.0017 0.0260 0.3864 1.0000 0.0000 0.0006 0.0094 0.1400 1.0000 1.0000 0.0002 0.0034 0.0507 0.7532 1.0000 0.0001 0.0012 0.0184 0.2728 1.0000 1.0000 0.0004 0.0066 0.0988 1.0000 1.0000 0.0002 0.0024 0.0358 0.5318 1.0000 0.0001 0.0009 0.0123 0.1527 0.7975 0.1527 0.0123 0.0009 0.0001 1.0000 0.5318 0.0358 0.0024 0.0002 1.0000 1.0000 0.0988 0.0066 0.0004 1.0000 1.0000 0.2728 0.0184 0.0012 0.0001 1.0000 0.7532 0.0507 0.0034 0.0002 1.0000 1.0000 0.1400 0.0094 0.0006 0.0000 1.0000 0.3864 0.0260 0.0017 0.0001 1.0000 1.0000 0.0718 0.0048 0.0003 1.0000 1.0000 0.1990 0.0134 0.0009 0.0001 1.0000 0.5706 0.0383
0.5717 1.0000 0.0001 0.0009 0.0131 0.1937 1.0000 1.0000 0.0003 0.0047 0.0692 1.0000 1.0000 0.0001 0.0017 0.0250 0.3720 1.0000 0.0000 0.0006 0.0091 0.1347 1.0000 1.0000 0.0002 0.0033 0.0488 0.7251 1.0000 0.0001 0.0012 0.0177 0.2626 1.0000 1.0000 0.0004 0.0064 0.0951 1.0000 1.0000 0.0002 0.0023 0.0345 0.5120 1.0000 0.0001 0.0008 0.0123 0.1758 1.0000 1.0000 1.0000 0.1758 0.0123 0.0008 0.0001 1.0000 0.5120 0.0345 0.0023 0.0002 1.0000 1.0000 0.0951 0.0064 0.0004 1.0000 1.0000 0.2626 0.0177 0.0012 0.0001 1.0000 0.7251 0.0488 0.0033 0.0002 1.0000 1.0000 0.1347 0.0091 0.0006 0.0000 1.0000 0.3720 0.0250 0.0017 0.0001 1.0000 1.0000 0.0692 0.0047 0.0003 1.0000 1.0000 0.1937 0.0131 0.0009 0.0001 1.0000 0.5717
1.0000 0.0001 0.0009 0.0131 0.1919 1.0000 1.0000 0.0003 0.0045 0.0670 0.9943 1.0000 0.0001 0.0016 0.0241 0.3581 1.0000 0.0000 0.0006 0.0087 0.1297 1.0000 1.0000 0.0002 0.0032 0.0470 0.6981 1.0000 0.0001 0.0011 0.0170 0.2528 1.0000 1.0000 0.0004 0.0062 0.0916 1.0000 1.0000 0.0002 0.0022 0.0332 0.4929 1.0000 0.0001 0.0008 0.0120 0.1765 1.0000 1.0000 0.0001 1.0000 1.0000 0.1765 0.0120 0.0008 0.0001 1.0000 0.4929 0.0332 0.0022 0.0002 1.0000 1.0000 0.0916 0.0062 0.0004 1.0000 1.0000 0.2528 0.0170 0.0011 0.0001 1.0000 0.6981 0.0470 0.0032 0.0002 1.0000 1.0000 0.1297 0.0087 0.0006 0.0000 1.0000 0.3581 0.0241 0.0016 0.0001 1.0000 0.9943 0.0670 0.0045 0.0003 1.0000 1.0000 0.1919 0.0131 0.0009 0.0001 1.0000
0.0001 0.0009 0.0134 0.1937 1.0000 1.0000 0.0003 0.0044 0.0653 0.9663 1.0000 0.0001 0.0016 0.0233 0.3454 1.0000 1.0000 0.0006 0.0084 0.1249 1.0000 1.0000 0.0002 0.0030 0.0452 0.6720 1.0000 0.0001 0.0011 0.0164 0.2434 1.0000 1.0000 0.0004 0.0059 0.0882 1.0000 1.0000 0.0001 0.0021 0.0319 0.4745 1.0000 0.0001 0.0008 0.0116 0.1715 1.0000 1.0000 0.0002 0.0012 0.0002 1.0000 1.0000 0.1715 0.0116 0.0008 0.0001 1.0000 0.4745 0.0319 0.0021 0.0001 1.0000 1.0000 0.0882 0.0059 0.0004 1.0000 1.0000 0.2434 0.0164 0.0011 0.0001 1.0000 0.6720 0.0452 0.0030 0.0002 1.0000 1.0000 0.1249 0.0084 0.0006 1.0000 1.0000 0.3454 0.0233 0.0016 0.0001 1.0000 0.9663 0.0653 0.0044 0.0003 1.0000 1.0000 0.1937 0.0134 0.0009 0.0001
0.0009 0.0139 0.1990 1.0000 1.0000 0.0003 0.0044 0.0644 0.9463 1.0000 0.0001 0.0015 0.0226 0.3344 1.0000 1.0000 0.0005 0.0081 0.1202 1.0000 1.0000 0.0002 0.0029 0.0435 0.6469 1.0000 0.0001 0.0011 0.0158 0.2343 1.0000 1.0000 0.0004 0.0057 0.0849 1.0000 1.0000 0.0001 0.0021 0.0307 0.4568 1.0000 0.0001 0.0007 0.0111 0.1654 1.0000 1.0000 0.0003 0.0032 0.0167 0.0032 0.0003 1.0000 1.0000 0.1654 0.0111 0.0007 0.0001 1.0000 0.4568 0.0307 0.0021 0.0001 1.0000 1.0000 0.0849 0.0057 0.0004 1.0000 1.0000 0.2343 0.0158 0.0011 0.0001 1.0000 0.6469 0.0435 0.0029 0.0002 1.0000 1.0000 0.1202 0.0081 0.0005 1.0000 1.0000 0.3344 0.0226 0.0015 0.0001 1.0000 0.9463 0.0644 0.0044 0.0003 1.0000 1.0000 0.1990 0.0139 0.0009
0.0140 0.2059 1.0000 1.0000 0.0003 0.0044 0.0644 0.9410 1.0000 0.0001 0.0015 0.0220 0.3250 1.0000 1.0000 0.0005 0.0078 0.1159 1.0000 1.0000 0.0002 0.0028 0.0419 0.6228 1.0000 0.0001 0.0010 0.0152 0.2256 1.0000 1.0000 0.0004 0.0055 0.0817 1.0000 1.0000 0.0001 0.0020 0.0296 0.4397 1.0000 0.0000 0.0007 0.0107 0.1593 1.0000 1.0000 0.0003 0.0037 0.0457 0.2388 0.0457 0.0037 0.0003 1.0000 1.0000 0.1593 0.0107 0.0007 0.0000 1.0000 0.4397 0.0296 0.0020 0.0001 1.0000 1.0000 0.0817 0.0055 0.0004 1.0000 1.0000 0.2256 0.0152 0.0010 0.0001 1.0000 0.6228 0.0419 0.0028 0.0002 1.0000 1.0000 0.1159 0.0078 0.0005 1.0000 1.0000 0.3250 0.0220 0.0015 0.0001 1.0000 0.9410 0.0644 0.0044 0.0003 1.0000 1.0000 0.2059 0.0140
0.2083 1.0000 1.0000 0.0003 0.0045 0.0653 0.9463 1.0000 0.0001 0.0015 0.0216 0.3177 1.0000 1.0000 0.0005 0.0076 0.1122 1.0000 1.0000 0.0002 0.0027 0.0403 0.5995 1.0000 0.0001 0.0010 0.0146 0.2172 1.0000 1.0000 0.0004 0.0053 0.0787 1.0000 1.0000 0.0001 0.0019 0.0285 0.4233 1.0000 0.0000 0.0007 0.0103 0.1533 1.0000 1.0000 0.0003 0.0037 0.0527 0.6544 1.0000 0.6544 0.0527 0.0037 0.0003 1.0000 1.0000 0.1533 0.0103 0.0007 0.0000 1.0000 0.4233 0.0285 0.0019 0.0001 1.0000 1.0000 0.0787 0.0053 0.0004 1.0000 1.0000 0.2172 0.0146 0.0010 0.0001 1.0000 0.5995 0.0403 0.0027 0.0002 1.0000 1.0000 0.1122 0.0076 0.0005 1.0000 1.0000 0.3177 0.0216 0.0015 0.0001 1.0000 0.9463 0.0653 0.0045 0.0003 1.0000 1.0000 0.2083
1.0000 1.0000 0.0003 0.0047 0.0670 0.9663 1.0000 0.0001 0.0015 0.0215 0.3135 1.0000 1.0000 0.0005 0.0074 0.1091 1.0000 1.0000 0.0002 0.0026 0.0389 0.5783 1.0000 0.0001 0.0009 0.0141 0.2090 1.0000 1.0000 0.0003 0.0051 0.0757 1.0000 1.0000 0.0001 0.0018 0.0274 0.4075 1.0000 0.0000 0.0007 0.0099 0.1476 1.0000 1.0000 0.0002 0.0036 0.0529 0.7532 1.0000 1.0000 1.0000 0.7532 0.0529 0.0036 0.0002 1.0000 1.0000 0.1476 0.0099 0.0007 0.0000 1.0000 0.4075 0.0274 0.0018 0.0001 1.0000 1.0000 0.0757 0.0051 0.0003 1.0000 1.0000 0.2090 0.0141 0.0009 0.0001 1.0000 0.5783 0.0389 0.0026 0.0002 1.0000 1.0000 0.1091 0.0074 0.0005 1.0000 1.0000 0.3135 0.0215 0.0015 0.0001 1.0000 0.9663 0.0670 0.0047 0.0003 1.0000 1.0000
1.0000 0.0003 0.0048 0.0692 0.9943 1.0000 0.0001 0.0015 0.0216 0.3135 1.0000 1.0000 0.0005 0.0072 0.1064 1.0000 1.0000 0.0002 0.0025 0.0377 0.5588 1.0000 0.0001 0.0009 0.0135 0.2012 1.0000 1.0000 0.0003 0.0049 0.0729 1.0000 1.0000 0.0001 0.0018 0.0264 0.3923 1.0000 0.0000 0.0006 0.0096 0.1421 1.0000 1.0000 0.0002 0.0035 0.0514 0.7561 1.0000 0.0001 0.0003 0.0001 1.0000 0.7561 0.0514 0.0035 0.0002 1.0000 1.0000 0.1421 0.0096 0.0006 0.0000 1.0000 0.3923 0.0264 0.0018 0.0001 1.0000 1.0000 0.0729 0.0049 0.0003 1.0000 1.0000 0.2012 0.0135 0.0009 0.0001 1.0000 0.5588 0.0377 0.0025 0.0002 1.0000 1.0000 0.1064 0.0072 0.0005 1.0000 1.0000 0.3135 0.0216 0.0015 0.0001 1.0000 0.9943 0.0692 0.0048 0.0003 1.0000
0.0003 0.0050 0.0718 1.0000 1.0000 0.0001 0.0015 0.0220 0.3177 1.0000 1.0000 0.0005 0.0071 0.1048 1.0000 1.0000 0.0002 0.0025 0.0365 0.5410 1.0000 0.0001 0.0009 0.0131 0.1941 1.0000 1.0000 0.0003 0.0047 0.0702 1.0000 1.0000 0.0001 0.0017 0.0254 0.3777 1.0000 0.0000 0.0006 0.0092 0.1368 1.0000 1.0000 0.0002 0.0033 0.0495 0.7348 1.0000 0.0001 0.0010 0.0050 0.0010 0.0001 1.0000 0.7348 0.0495 0.0033 0.0002 1.0000 1.0000 0.1368 0.0092 0.0006 0.0000 1.0000 0.3777 0.0254 0.0017 0.0001 1.0000 1.0000 0.0702 0.0047 0.0003 1.0000 1.0000 0.1941 0.0131 0.0009 0.0001 1.0000 0.5410 0.0365 0.0025 0.0002 1.0000 1.0000 0.1048 0.0071 0.0005 1.0000 1.0000 0.3177 0.0220 0.0015 0.0001 1.0000 1.0000 0.0718 0.0050 0.0003
0.0051 0.0746 1.0000 1.0000 0.0001 0.0016 0.0226 0.3250 1.0000 1.0000 0.0005 0.0071 0.1042 1.0000 1.0000 0.0002 0.0024 0.0357 0.5268 1.0000 0.0001 0.0009 0.0126 0.1876 1.0000 1.0000 0.0003 0.0045 0.0676 1.0000 1.0000 0.0001 0.0016 0.0245 0.3636 1.0000 0.0000 0.0006 0.0089 0.1317 1.0000 1.0000 0.0002 0.0032 0.0477 0.7088 1.0000 0.0001 0.0011 0.0137 0.0715 0.0137 0.0011 0.0001 1.0000 0.7088 0.0477 0.0032 0.0002 1.0000 1.0000 0.1317 0.0089 0.0006 0.0000 1.0000 0.3636 0.0245 0.0016 0.0001 1.0000 1.0000 0.0676 0.0045 0.0003 1.0000 1.0000 0.1876 0.0126 0.0009 0.0001 1.0000 0.5268 0.0357 0.0024 0.0002 1.0000 1.0000 0.1042 0.0071 0.0005 1.0000 1.0000 0.3250 0.0226 0.0016 0.0001 1.0000 1.0000 0.0746 0.0051
0.0754 1.0000 1.0000 0.0001 0.0016 0.0233 0.3344 1.0000 1.0000 0.0005 0.0072 0.1048 1.0000 1.0000 0.0002 0.0024 0.0350 0.5149 1.0000 0.0001 0.0008 0.0123 0.1816 1.0000 1.0000 0.0003 0.0044 0.0652 0.9663 1.0000 0.0001 0.0016 0.0236 0.3500 1.0000 0.0000 0.0006 0.0085 0.1268 1.0000 1.0000 0.0002 0.0031 0.0459 0.6823 1.0000 0.0001 0.0011 0.0158 0.1960 1.0000 0.1960 0.0158 0.0011 0.0001 1.0000 0.6823 0.0459 0.0031 0.0002 1.0000 1.0000 0.1268 0.0085 0.0006 0.0000 1.0000 0.3500 0.0236 0.0016 0.0001 1.0000 0.9663 0.0652 0.0044 0.0003 1.0000 1.0000 0.1816 0.0123 0.0008 0.0001 1.0000 0.5149 0.0350 0.0024 0.0002 1.0000 1.0000 0.1048 0.0072 0.0005 1.0000 1.0000 0.3344 0.0233 0.0016 0.0001 1.0000 1.0000 0.0754
1.0000 1.0000 0.0001 0.0017 0.0241 0.3454 1.0000 1.0000 0.0005 0.0074 0.1064 1.0000 1.0000 0.0002 0.0024 0.0347 0.5081 1.0000 0.0001 0.0008 0.0119 0.1765 1.0000 1.0000 0.0003 0.0042 0.0628 0.9321 1.0000 0.0001 0.0015 0.0227 0.3369 1.0000 1.0000 0.0006 0.0082 0.1220 1.0000 1.0000 0.0002 0.0030 0.0442 0.6569 1.0000 0.0001 0.0011 0.0158 0.2256 1.0000 1.0000 1.0000 0.2256 0.0158 0.0011 0.0001 1.0000 0.6569 0.0442 0.0030 0.0002 1.0000 1.0000 0.1220 0.0082 0.0006 1.0000 1.0000 0.3369 0.0227 0.0015 0.0001 1.0000 0.9321 0.0628 0.0042 0.0003 1.0000 1.0000 0.1765 0.0119 0.0008 0.0001 1.0000 0.5081 0.0347 0.0024 0.0002 1.0000 1.0000 0.1064 0.0074 0.0005 1.0000 1.0000 0.3454 0.0241 0.0017 0.0001 1.0000 1.0000
1.0000 0.0001 0.0017 0.0250 0.3581 1.0000 1.0000 0.0005 0.0076 0.1091 1.0000 1.0000 0.0002 0.0024 0.0347 0.5062 1.0000 0.0001 0.0008 0.0117 0.1725 1.0000 1.0000 0.0003 0.0041 0.0608 0.9024 1.0000 0.0001 0.0015 0.0218 0.3244 1.0000 1.0000 0.0005 0.0079 0.1175 1.0000 1.0000 0.0002 0.0029 0.0426 0.6323 1.0000 0.0001 0.0010 0.0154 0.2264 1.0000 1.0000 0.0001 1.0000 1.0000 0.2264 0.0154 0.0010 0.0001 1.0000 0.6323 0.0426 0.0029 0.0002 1.0000 1.0000 0.1175 0.0079 0.0005 1.0000 1.0000 0.3244 0.0218 0.0015 0.0001 1.0000 0.9024 0.0608 0.0041 0.0003 1.0000 1.0000 0.1725 0.0117 0.0008 0.0001 1.0000 0.5062 0.0347 0.0024 0.0002 1.0000 1.0000 0.1091 0.0076 0.0005 1.0000 1.0000 0.3581 0.0250 0.0017 0.0001 1.0000
0.0001 0.0018 0.0260 0.3720 1.0000 1.0000 0.0005 0.0078 0.1122 1.0000 1.0000 0.0002 0.0024 0.0350 0.5081 1.0000 0.0001 0.0008 0.0116 0.1699 1.0000 1.0000 0.0003 0.0040 0.0591 0.8754 1.0000 0.0001 0.0014 0.0211 0.3129 1.0000 1.0000 0.0005 0.0076 0.1131 1.0000 1.0000 0.0002 0.0028 0.0410 0.6087 1.0000 0.0001 0.0010 0.0148 0.2201 1.0000 1.0000 0.0003 0.0015 0.0003 1.0000 1.0000 0.2201 0.0148 0.0010 0.0001 1.0000 0.6087 0.0410 0.0028 0.0002 1.0000 1.0000 0.1131 0.0076 0.0005 1.0000 1.0000 0.3129 0.0211 0.0014 0.0001 1.0000 0.8754 0.0591 0.0040 0.0003 1.0000 1.0000 0.1699 0.0116 0.0008 0.0001 1.0000 0.5081 0.0350 0.0024 0.0002 1.0000 1.0000 0.1122 0.0078 0.0005 1.0000 1.0000 0.3720 0.0260 0.0018 0.0001
0.0018 0.0270 0.3864 1.0000 0.0000 0.0006 0.0081 0.1159 1.0000 1.0000 0.0002 0.0025 0.0357 0.5149 1.0000 0.0001 0.0008 0.0115 0.1683 1.0000 1.0000 0.0003 0.0039 0.0577 0.8524 1.0000 0.0001 0.0014 0.0204 0.3023 1.0000 1.0000 0.0005 0.0073 0.1089 1.0000 1.0000 0.0002 0.0027 0.0394 0.5860 1.0000 0.0001 0.0010 0.0143 0.2123 1.0000 1.0000 0.0003 0.0041 0.0214 0.0041 0.0003 1.0000 1.0000 0.2123 0.0143 0.0010 0.0001 1.0000 0.5860 0.0394 0.0027 0.0002 1.0000 1.0000 0.1089 0.0073 0.0005 1.0000 1.0000 0.3023 0.0204 0.0014 0.0001 1.0000 0.8524 0.0577 0.0039 0.0003 1.0000 1.0000 0.1683 0.0115 0.0008 0.0001 1.0000 0.5149 0.0357 0.0025 0.0002 1.0000 1.0000 0.1159 0.0081 0.0006 0.0000 1.0000 0.3864 0.0270 0.0018
0.0273 0.4014 1.0000 0.0000 0.0006 0.0084 0.1202 1.0000 1.0000 0.0002 0.0025 0.0365 0.5268 1.0000 0.0001 0.0008 0.0116 0.1683 1.0000 1.0000 0.0003 0.0039 0.0566 0.8331 1.0000 0.0001 0.0013 0.0198 0.2933 1.0000 1.0000 0.0005 0.0071 0.1050 1.0000 1.0000 0.0002 0.0026 0.0380 0.5641 1.0000 0.0001 0.0009 0.0138 0.2043 1.0000 1.0000 0.0003 0.0047 0.0587 0.3064 0.0587 0.0047 0.0003 1.0000 1.0000 0.2043 0.0138 0.0009 0.0001 1.0000 0.5641 0.0380 0.0026 0.0002 1.0000 1.0000 0.1050 0.0071 0.0005 1.0000 1.0000 0.2933 0.0198 0.0013 0.0001 1.0000 0.8331 0.0566 0.0039 0.0003 1.0000 1.0000 0.1683 0.0116 0.0008 0.0001 1.0000 0.5268 0.0365 0.0025 0.0002 1.0000 1.0000 0.1202 0.0084 0.0006 0.0000 1.0000 0.4014 0.0273
0.4060 1.0000 0.0000 0.0006 0.0087 0.1249 1.0000 1.0000 0.0002 0.0026 0.0377 0.5410 1.0000 0.0001 0.0008 0.0117 0.1699 1.0000 1.0000 0.0003 0.0038 0.0560 0.8205 1.0000 0.0001 0.0013 0.0193 0.2856 1.0000 1.0000 0.0005 0.0068 0.1015 1.0000 1.0000 0.0002 0.0025 0.0365 0.5431 1.0000 0.0001 0.0009 0.0132 0.1967 1.0000 1.0000 0.0003 0.0047 0.0676 0.8395 1.0000 0.8395 0.0676 0.0047 0.0003 1.0000 1.0000 0.1967 0.0132 0.0009 0.0001 1.0000 0.5431 0.0365 0.0025 0.0002 1.0000 1.0000 0.1015 0.0068 0.0005 1.0000 1.0000 0.2856 0.0193 0.0013 0.0001 1.0000 0.8205 0.0560 0.0038 0.0003 1.0000 1.0000 0.1699 0.0117 0.0008 0.0001 1.0000 0.5410 0.0377 0.0026 0.0002 1.0000 1.0000 0.1249 0.0087 0.0006 0.0000 1.0000 0.4060
1.0000 0.0000 0.0006 0.0091 0.1297 1.0000 1.0000 0.0002 0.0027 0.0389 0.5588 1.0000 0.0001 0.0008 0.0119 0.1725 1.0000 1.0000 0.0003 0.0038 0.0557 0.8143 1.0000 0.0001 0.0013 0.0189 0.2786 1.0000 1.0000 0.0004 0.0066 0.0983 1.0000 1.0000 0.0002 0.0024 0.0352 0.5228 1.0000 0.0001 0.0009 0.0127 0.1894 1.0000 1.0000 0.0003 0.0046 0.0678 0.9663 1.0000 1.0000 1.0000 0.9663 0.0678 0.0046 0.0003 1.0000 1.0000 0.1894 0.0127 0.0009 0.0001 1.0000 0.5228 0.0352 0.0024 0.0002 1.0000 1.0000 0.0983 0.0066 0.0004 1.0000 1.0000 0.2786 0.0189 0.0013 0.0001 1.0000 0.8143 0.0557 0.0038 0.0003 1.0000 1.0000 0.1725 0.0119 0.0008 0.0001 1.0000 0.5588 0.0389 0.0027 0.0002 1.0000 1.0000 0.1297 0.0091 0.0006 0.0000 1.0000
0.0000 0.0007 0.0094 0.1347 1.0000 1.0000 0.0002 0.0028 0.0403 0.5783 1.0000 0.0001 0.0009 0.0123 0.1765 1.0000 1.0000 0.0003 0.0039 0.0560 0.8143 1.0000 0.0001 0.0013 0.0186 0.2733 1.0000 1.0000 0.0004 0.0065 0.0955 1.0000 1.0000 0.0002 0.0023 0.0339 0.5043 1.0000 0.0001 0.0008 0.0123 0.1823 1.0000 1.0000 0.0003 0.0044 0.0659 0.9700 1.0000 0.0001 0.0004 0.0001 1.0000 0.9700 0.0659 0.0044 0.0003 1.0000 1.0000 0.1823 0.0123 0.0008 0.0001 1.0000 0.5043 0.0339 0.0023 0.0002 1.0000 1.0000 0.0955 0.0065 0.0004 1.0000 1.0000 0.2733 0.0186 0.0013 0.0001 1.0000 0.8143 0.0560 0.0039 0.0003 1.0000 1.0000 0.1765 0.0123 0.0009 0.0001 1.0000 0.5783 0.0403 0.0028 0.0002 1.0000 1.0000 0.1347 0.0094 0.0007 0.0000
0.0007 0.0098 0.1400 1.0000 1.0000 0.0002 0.0029 0.0419 0.5995 1.0000 0.0001 0.0009 0.0126 0.1816 1.0000 1.0000 0.0003 0.0039 0.0566 0.8205 1.0000 0.0001 0.0013 0.0185 0.2702 1.0000 1.0000 0.0004 0.0063 0.0932 1.0000 1.0000 0.0002 0.0022 0.0329 0.4873 1.0000 0.0001 0.0008 0.0118 0.1755 1.0000 1.0000 0.0003 0.0043 0.0636 0.9427 1.0000 0.0001 0.0012 0.0064 0.0012 0.0001 1.0000 0.9427 0.0636 0.0043 0.0003 1.0000 1.0000 0.1755 0.0118 0.0008 0.0001 1.0000 0.4873 0.0329 0.0022 0.0002 1.0000 1.0000 0.0932 0.0063 0.0004 1.0000 1.0000 0.2702 0.0185 0.0013 0.0001 1.0000 0.8205 0.0566 0.0039 0.0003 1.0000 1.0000 0.1816 0.0126 0.0009 0.0001 1.0000 0.5995 0.0419 0.0029 0.0002 1.0000 1.0000 0.1400 0.0098 0.0007
0.0099 0.1454 1.0000 1.0000 0.0002 0.0030 0.0435 0.6228 1.0000 0.0001 0.0009 0.0131 0.1876 1.0000 1.0000 0.0003 0.0040 0.0577 0.8331 1.0000 0.0001 0.0013 0.0185 0.2692 1.0000 1.0000 0.0004 0.0062 0.0912 1.0000 1.0000 0.0001 0.0022 0.0319 0.4727 1.0000 0.0001 0.0008 0.0114 0.1693 1.0000 1.0000 0.0003 0.0041 0.0612 0.9093 1.0000 0.0001 0.0014 0.0176 0.0918 0.0176 0.0014 0.0001 1.0000 0.9093 0.0612 0.0041 0.0003 1.0000 1.0000 0.1693 0.0114 0.0008 0.0001 1.0000 0.4727 0.0319 0.0022 0.0001 1.0000 1.0000 0.0912 0.0062 0.0004 1.0000 1.0000 0.2692 0.0185 0.0013 0.0001 1.0000 0.8331 0.0577 0.0040 0.0003 1.0000 1.0000 0.1876 0.0131 0.0009 0.0001 1.0000 0.6228 0.0435 0.0030 0.0002 1.0000 1.0000 0.1454 0.0099
0.1470 1.0000 1.0000 0.0002 0.0032 0.0452 0.6469 1.0000 0.0001 0.0009 0.0135 0.1941 1.0000 1.0000 0.0003 0.0041 0.0591 0.8524 1.0000 0.0001 0.0013 0.0186 0.2702 1.0000 1.0000 0.0004 0.0061 0.0899 1.0000 1.0000 0.0001 0.0021 0.0312 0.4603 1.0000 0.0001 0.0007 0.0110 0.1636 1.0000 1.0000 0.0003 0.0040 0.0589 0.8754 1.0000 0.0001 0.0014 0.0202 0.2514 1.0000 0.2514 0.0202 0.0014 0.0001 1.0000 0.8754 0.0589 0.0040 0.0003 1.0000 1.0000 0.1636 0.0110 0.0007 0.0001 1.0000 0.4603 0.0312 0.0021 0.0001 1.0000 1.0000 0.0899 0.0061 0.0004 1.0000 1.0000 0.2702 0.0186 0.0013 0.0001 1.0000 0.8524 0.0591 0.0041 0.0003 1.0000 1.0000 0.1941 0.0135 0.0009 0.0001 1.0000 0.6469 0.0452 0.0032 0.0002 1.0000 1.0000 0.1470
1.0000 1.0000 0.0002 0.0033 0.0470 0.6720 1.0000 0.0001 0.0010 0.0141 0.2012 1.0000 1.0000 0.0003 0.0042 0.0608 0.8754 1.0000 0.0001 0.0013 0.0189 0.2733 1.0000 1.0000 0.0004 0.0061 0.0892 1.0000 1.0000 0.0001 0.0021 0.0305 0.4499 1.0000 0.0000 0.0007 0.0107 0.1584 1.0000 1.0000 0.0003 0.0038 0.0567 0.8427 1.0000 0.0001 0.0014 0.0203 0.2894 1.0000 1.0000 1.0000 0.2894 0.0203 0.0014 0.0001 1.0000 0.8427 0.0567 0.0038 0.0003 1.0000 1.0000 0.1584 0.0107 0.0007 0.0000 1.0000 0.4499 0.0305 0.0021 0.0001 1.0000 1.0000 0.0892 0.0061 0.0004 1.0000 1.0000 0.2733 0.0189 0.0013 0.0001 1.0000 0.8754 0.0608 0.0042 0.0003 1.0000 1.0000 0.2012 0.0141 0.0010 0.0001 1.0000 0.6720 0.0470 0.0033 0.0002 1.0000 1.0000
1.0000 0.0002 0.0034 0.0488 0.6981 1.0000 0.0001 0.0010 0.0146 0.2090 1.0000 1.0000 0.0003 0.0044 0.0628 0.9024 1.0000 0.0001 0.0013 0.0193 0.2786 1.0000 1.0000 0.0004 0.0061 0.0892 1.0000 1.0000 0.0001 0.0020 0.0299 0.4406 1.0000 0.0000 0.0007 0.0104 0.1539 1.0000 1.0000 0.0002 0.0037 0.0547 0.8128 1.0000 0.0001 0.0013 0.0197 0.2905 1.0000 1.0000 0.0001 1.0000 1.0000 0.2905 0.0197 0.0013 0.0001 1.0000 0.8128 0.0547 0.0037 0.0002 1.0000 1.0000 0.1539 0.0104 0.0007 0.0000 1.0000 0.4406 0.0299 0.0020 0.0001 1.0000 1.0000 0.0892 0.0061 0.0004 1.0000 1.0000 0.2786 0.0193 0.0013 0.0001 1.0000 0.9024 0.0628 0.0044 0.0003 1.0000 1.0000 0.2090 0.0146 0.0010 0.0001 1.0000 0.6981 0.0488 0.0034 0.0002 1.0000
0.0002 0.0035 0.0507 0.7251 1.0000 0.0001 0.0011 0.0152 0.2172 1.0000 1.0000 0.0003 0.0045 0.0652 0.9321 1.0000 0.0001 0.0014 0.0198 0.2856 1.0000 1.0000 0.0004 0.0062 0.0899 1.0000 1.0000 0.0001 0.0020 0.0296 0.4339 1.0000 0.0000 0.0007 0.0102 0.1502 1.0000 1.0000 0.0002 0.0036 0.0530 0.7854 1.0000 0.0001 0.0013 0.0190 0.2823 1.0000 1.0000 0.0004 0.0019 0.0004 1.0000 1.0000 0.2823 0.0190 0.0013 0.0001 1.0000 0.7854 0.0530 0.0036 0.0002 1.0000 1.0000 0.1502 0.0102 0.0007 0.0000 1.0000 0.4339 0.0296 0.0020 0.0001 1.0000 1.0000 0.0899 0.0062 0.0004 1.0000 1.0000 0.2856 0.0198 0.0014 0.0001 1.0000 0.9321 0.0652 0.0045 0.0003 1.0000 1.0000 0.2172 0.0152 0.0011 0.0001 1.0000 0.7251 0.0507 0.0035 0.0002
0.0036 0.0527 0.7532 1.0000 0.0001 0.0011 0.0158 0.2256 1.0000 1.0000 0.0003 0.0047 0.0676 0.9663 1.0000 0.0001 0.0014 0.0204 0.2933 1.0000 1.0000 0.0004 0.0063 0.0912 1.0000 1.0000 0.0001 0.0020 0.0295 0.4306 1.0000 0.0000 0.0007 0.0100 0.1470 1.0000 1.0000 0.0002 0.0035 0.0515 0.7619 1.0000 0.0001 0.0012 0.0184 0.2728 1.0000 1.0000 0.0004 0.0053 0.0275 0.0053 0.0004 1.0000 1.0000 0.2728 0.0184 0.0012 0.0001 1.0000 0.7619 0.0515 0.0035 0.0002 1.0000 1.0000 0.1470 0.0100 0.0007 0.0000 1.0000 0.4306 0.0295 0.0020 0.0001 1.0000 1.0000 0.0912 0.0063 0.0004 1.0000 1.0000 0.2933 0.0204 0.0014 0.0001 1.0000 0.9663 0.0676 0.0047 0.0003 1.0000 1.0000 0.2256 0.0158 0.0011 0.0001 1.0000 0.7532 0.0527 0.0036
0.0533 0.7824 1.0000 0.0001 0.0011 0.0164 0.2343 1.0000 1.0000 0.0003 0.0049 0.0702 1.0000 1.0000 0.0001 0.0015 0.0211 0.3023 1.0000 1.0000 0.0004 0.0065 0.0932 1.0000 1.0000 0.0001 0.0020 0.0296 0.4306 1.0000 0.0000 0.0007 0.0098 0.1445 1.0000 1.0000 0.0002 0.0034 0.0502 0.7419 1.0000 0.0001 0.0012 0.0177 0.2631 1.0000 1.0000 0.0004 0.0061 0.0753 0.3931 0.0753 0.0061 0.0004 1.0000 1.0000 0.2631 0.0177 0.0012 0.0001 1.0000 0.7419 0.0502 0.0034 0.0002 1.0000 1.0000 0.1445 0.0098 0.0007 0.0000 1.0000 0.4306 0.0296 0.0020 0.0001 1.0000 1.0000 0.0932 0.0065 0.0004 1.0000 1.0000 0.3023 0.0211 0.0015 0.0001 1.0000 1.0000 0.0702 0.0049 0.0003 1.0000 1.0000 0.2343 0.0164 0.0011 0.0001 1.0000 0.7824 0.0533
0.7914 1.0000 0.0001 0.0012 0.0170 0.2434 1.0000 1.0000 0.0004 0.0051 0.0729 1.0000 1.0000 0.0001 0.0015 0.0218 0.3129 1.0000 1.0000 0.0005 0.0066 0.0955 1.0000 1.0000 0.0001 0.0021 0.0299 0.4339 1.0000 0.0000 0.0007 0.0098 0.1429 1.0000 1.0000 0.0002 0.0033 0.0492 0.7251 1.0000 0.0001 0.0012 0.0172 0.2548 1.0000 1.0000 0.0004 0.0061 0.0867 1.0000 1.0000 1.0000 0.0867 0.0061 0.0004 1.0000 1.0000 0.2548 0.0172 0.0012 0.0001 1.0000 0.7251 0.0492 0.0033 0.0002 1.0000 1.0000 0.1429 0.0098 0.0007 0.0000 1.0000 0.4339 0.0299 0.0021 0.0001 1.0000 1.0000 0.0955 0.0066 0.0005 1.0000 1.0000 0.3129 0.0218 0.0015 0.0001 1.0000 1.0000 0.0729 0.0051 0.0004 1.0000 1.0000 0.2434 0.0170 0.0012 0.0001 1.0000 0.7914
1.0000 0.0001 0.0012 0.0177 0.2528 1.0000 1.0000 0.0004 0.0053 0.0757 1.0000 1.0000 0.0001 0.0016 0.0227 0.3244 1.0000 1.0000 0.0005 0.0068 0.0983 1.0000 1.0000 0.0001 0.0021 0.0305 0.4406 1.0000 0.0000 0.0007 0.0098 0.1424 1.0000 1.0000 0.0002 0.0033 0.0482 0.7101 1.0000 0.0001 0.0011 0.0168 0.2476 1.0000 1.0000 0.0004 0.0059 0.0872 1.0000 1.0000 0.0000 1.0000 1.0000 0.0872 0.0059 0.0004 1.0000 1.0000 0.2476 0.0168 0.0011 0.0001 1.0000 0.7101 0.0482 0.0033 0.0002 1.0000 1.0000 0.1424 0.0098 0.0007 0.0000 1.0000 0.4406 0.0305 0.0021 0.0001 1.0000 1.0000 0.0983 0.0068 0.0005 1.0000 1.0000 0.3244 0.0227 0.0016 0.0001 1.0000 1.0000 0.0757 0.0053 0.0004 1.0000 1.0000 0.2528 0.0177 0.0012 0.0001 1.0000
0.0001 0.0013 0.0184 0.2626 1.0000 1.0000 0.0004 0.0055 0.0787 1.0000 1.0000 0.0001 0.0016 0.0236 0.3369 1.0000 1.0000 0.0005 0.0071 0.1015 1.0000 1.0000 0.0002 0.0022 0.0312 0.4499 1.0000 0.0000 0.0007 0.0098 0.1429 1.0000 1.0000 0.0002 0.0032 0.0475 0.6981 1.0000 0.0001 0.0011 0.0164 0.2416 1.0000 1.0000 0.0004 0.0058 0.0852 1.0000 1.0000 0.0001 0.0006 0.0001 1.0000 1.0000 0.0852 0.0058 0.0004 1.0000 1.0000 0.2416 0.0164 0.0011 0.0001 1.0000 0.6981 0.0475 0.0032 0.0002 1.0000 1.0000 0.1429 0.0098 0.0007 0.0000 1.0000 0.4499 0.0312 0.0022 0.0002 1.0000 1.0000 0.1015 0.0071 0.0005 1.0000 1.0000 0.3369 0.0236 0.0016 0.0001 1.0000 1.0000 0.0787 0.0055 0.0004 1.0000 1.0000 0.2626 0.0184 0.0013 0.0001
0.0013 0.0191 0.2728 1.0000 1.0000 0.0004 0.0057 0.0817 1.0000 1.0000 0.0001 0.0017 0.0245 0.3500 1.0000 1.0000 0.0005 0.0073 0.1050 1.0000 1.0000 0.0002 0.0022 0.0319 0.4603 1.0000 0.0000 0.0007 0.0100 0.1445 1.0000 1.0000 0.0002 0.0032 0.0472 0.6901 1.0000 0.0001 0.0011 0.0161 0.2366 1.0000 1.0000 0.0004 0.0056 0.0830 1.0000 1.0000 0.0001 0.0016 0.0083 0.0016 0.0001 1.0000 1.0000 0.0830 0.0056 0.0004 1.0000 1.0000 0.2366 0.0161 0.0011 0.0001 1.0000 0.6901 0.0472 0.0032 0.0002 1.0000 1.0000 0.1445 0.0100 0.0007 0.0000 1.0000 0.4603 0.0319 0.0022 0.0002 1.0000 1.0000 0.1050 0.0073 0.0005 1.0000 1.0000 0.3500 0.0245 0.0017 0.0001 1.0000 1.0000 0.0817 0.0057 0.0004 1.0000 1.0000 0.2728 0.0191 0.0013
0.0193 0.2834 1.0000 1.0000 0.0004 0.0059 0.0849 1.0000 1.0000 0.0001 0.0018 0.0254 0.3636 1.0000 1.0000 0.0005 0.0076 0.1089 1.0000 1.0000 0.0002 0.0023 0.0329 0.4727 1.0000 0.0000 0.0007 0.0102 0.1470 1.0000 1.0000 0.0002 0.0032 0.0472 0.6875 1.0000 0.0001 0.0011 0.0158 0.2325 1.0000 1.0000 0.0004 0.0055 0.0809 1.0000 1.0000 0.0001 0.0018 0.0227 0.1184 0.0227 0.0018 0.0001 1.0000 1.0000 0.0809 0.0055 0.0004 1.0000 1.0000 0.2325 0.0158 0.0011 0.0001 1.0000 0.6875 0.0472 0.0032 0.0002 1.0000 1.0000 0.1470 0.0102 0.0007 0.0000 1.0000 0.4727 0.0329 0.0023 0.0002 1.0000 1.0000 0.1089 0.0076 0.0005 1.0000 1.0000 0.3636 0.0254 0.0018 0.0001 1.0000 1.0000 0.0849 0.0059 0.0004 1.0000 1.0000 0.2834 0.0193
0.2867 1.0000 1.0000 0.0004 0.0062 0.0882 1.0000 1.0000 0.0001 0.0018 0.0264 0.3777 1.0000 0.0000 0.0006 0.0079 0.1131 1.0000 1.0000 0.0002 0.0024 0.0339 0.4873 1.0000 0.0001 0.0007 0.0104 0.1502 1.0000 1.0000 0.0002 0.0033 0.0475 0.6901 1.0000 0.0001 0.0011 0.0156 0.2295 1.0000 1.0000 0.0004 0.0054 0.0791 1.0000 1.0000 0.0001 0.0019 0.0263 0.3262 1.0000 0.3262 0.0263 0.0019 0.0001 1.0000 1.0000 0.0791 0.0054 0.0004 1.0000 1.0000 0.2295 0.0156 0.0011 0.0001 1.0000 0.6901 0.0475 0.0033 0.0002 1.0000 1.0000 0.1502 0.0104 0.0007 0.0001 1.0000 0.4873 0.0339 0.0024 0.0002 1.0000 1.0000 0.1131 0.0079 0.0006 0.0000 1.0000 0.3777 0.0264 0.0018 0.0001 1.0000 1.0000 0.0882 0.0062 0.0004 1.0000 1.0000 0.2867
1.0000 1.0000 0.0004 0.0064 0.0916 1.0000 1.0000 0.0001 0.0019 0.0274 0.3923 1.0000 0.0000 0.0006 0.0082 0.1175 1.0000 1.0000 0.0002 0.0025 0.0352 0.5043 1.0000 0.0001 0.0007 0.0107 0.1539 1.0000 1.0000 0.0002 0.0033 0.0482 0.6981 1.0000 0.0001 0.0011 0.0156 0.2277 1.0000 1.0000 0.0004 0.0053 0.0776 1.0000 1.0000 0.0001 0.0018 0.0267 0.3777 1.0000 1.0000 1.0000 0.3777 0.0267 0.0018 0.0001 1.0000 1.0000 0.0776 0.0053 0.0004 1.0000 1.0000 0.2277 0.0156 0.0011 0.0001 1.0000 0.6981 0.0482 0.0033 0.0002 1.0000 1.0000 0.1539 0.0107 0.0007 0.0001 1.0000 0.5043 0.0352 0.0025 0.0002 1.0000 1.0000 0.1175 0.0082 0.0006 0.0000 1.0000 0.3923 0.0274 0.0019 0.0001 1.0000 1.0000 0.0916 0.0064 0.0004 1.0000 1.0000
1.0000 0.0005 0.0066 0.0951 1.0000 1.0000 0.0001 0.0020 0.0285 0.4075 1.0000 0.0000 0.0006 0.0085 0.1220 1.0000 1.0000 0.0002 0.0026 0.0365 0.5228 1.0000 0.0001 0.0008 0.0110 0.1584 1.0000 1.0000 0.0002 0.0034 0.0492 0.7101 1.0000 0.0001 0.0011 0.0156 0.2277 1.0000 1.0000 0.0004 0.0052 0.0764 1.0000 1.0000 0.0001 0.0018 0.0264 0.3842 1.0000 1.0000 0.0002 1.0000 1.0000 0.3842 0.0264 0.0018 0.0001 1.0000 1.0000 0.0764 0.0052 0.0004 1.0000 1.0000 0.2277 0.0156 0.0011 0.0001 1.0000 0.7101 0.0492 0.0034 0.0002 1.0000 1.0000 0.1584 0.0110 0.0008 0.0001 1.0000 0.5228 0.0365 0.0026 0.0002 1.0000 1.0000 0.1220 0.0085 0.0006 0.0000 1.0000 0.4075 0.0285 0.0020 0.0001 1.0000 1.0000 0.0951 0.0066 0.0005 1.0000
0.0005 0.0069 0.0988 1.0000 1.0000 0.0001 0.0021 0.0296 0.4233 1.0000 0.0000 0.0006 0.0089 0.1268 1.0000 1.0000 0.0002 0.0027 0.0380 0.5431 1.0000 0.0001 0.0008 0.0114 0.1636 1.0000 1.0000 0.0002 0.0035 0.0502 0.7251 1.0000 0.0001 0.0011 0.0158 0.2295 1.0000 1.0000 0.0004 0.0052 0.0756 1.0000 1.0000 0.0001 0.0018 0.0259 0.3798 1.0000 0.0000 0.0005 0.0025 0.0005 0.0000 1.0000 0.3798 0.0259 0.0018 0.0001 1.0000 1.0000 0.0756 0.0052 0.0004 1.0000 1.0000 0.2295 0.0158 0.0011 0.0001 1.0000 0.7251 0.0502 0.0035 0.0002 1.0000 1.0000 0.1636 0.0114 0.0008 0.0001 1.0000 0.5431 0.0380 0.0027 0.0002 1.0000 1.0000 0.1268 0.0089 0.0006 0.0000 1.0000 0.4233 0.0296 0.0021 0.0001 1.0000 1.0000 0.0988 0.0069 0.0005
0.0070 0.1026 1.0000 1.0000 0.0002 0.0021 0.0307 0.4397 1.0000 0.0000 0.0006 0.0092 0.1317 1.0000 1.0000 0.0002 0.0028 0.0394 0.5641 1.0000 0.0001 0.0008 0.0118 0.1693 1.0000 1.0000 0.0002 0.0036 0.0515 0.7419 1.0000 0.0001 0.0011 0.0161 0.2325 1.0000 1.0000 0.0004 0.0052 0.0753 1.0000 1.0000 0.0001 0.0017 0.0255 0.3741 1.0000 0.0000 0.0006 0.0070 0.0364 0.0070 0.0006 0.0000 1.0000 0.3741 0.0255 0.0017 0.0001 1.0000 1.0000 0.0753 0.0052 0.0004 1.0000 1.0000 0.2325 0.0161 0.0011 0.0001 1.0000 0.7419 0.0515 0.0036 0.0002 1.0000 1.0000 0.1693 0.0118 0.0008 0.0001 1.0000 0.5641 0.0394 0.0028 0.0002 1.0000 1.0000 0.1317 0.0092 0.0006 0.0000 1.0000 0.4397 0.0307 0.0021 0.0002 1.0000 1.0000 0.1026 0.0070
0.1038 1.0000 1.0000 0.0002 0.0022 0.0319 0.4568 1.0000 0.0000 0.0007 0.0096 0.1368 1.0000 1.0000 0.0002 0.0029 0.0410 0.5860 1.0000 0.0001 0.0009 0.0123 0.1755 1.0000 1.0000 0.0003 0.0037 0.0530 0.7619 1.0000 0.0001 0.0011 0.0164 0.2366 1.0000 1.0000 0.0004 0.0052 0.0756 1.0000 1.0000 0.0001 0.0017 0.0251 0.3692 1.0000 0.0000 0.0006 0.0082 0.1011 0.5258 0.1011 0.0082 0.0006 0.0000 1.0000 0.3692 0.0251 0.0017 0.0001 1.0000 1.0000 0.0756 0.0052 0.0004 1.0000 1.0000 0.2366 0.0164 0.0011 0.0001 1.0000 0.7619 0.0530 0.0037 0.0003 1.0000 1.0000 0.1755 0.0123 0.0009 0.0001 1.0000 0.5860 0.0410 0.0029 0.0002 1.0000 1.0000 0.1368 0.0096 0.0007 0.0000 1.0000 0.4568 0.0319 0.0022 0.0002 1.0000 1.0000 0.1038
1.0000 1.0000 0.0002 0.0023 0.0332 0.4745 1.0000 0.0000 0.0007 0.0099 0.1421 1.0000 1.0000 0.0002 0.0030 0.0426 0.6087 1.0000 0.0001 0.0009 0.0127 0.1823 1.0000 1.0000 0.0003 0.0038 0.0547 0.7854 1.0000 0.0001 0.0012 0.0168 0.2416 1.0000 1.0000 0.0004 0.0053 0.0764 1.0000 1.0000 0.0001 0.0017 0.0249 0.3650 1.0000 0.0000 0.0006 0.0084 0.1179 1.0000 1.0000 1.0000 0.1179 0.0084 0.0006 0.0000 1.0000 0.3650 0.0249 0.0017 0.0001 1.0000 1.0000 0.0764 0.0053 0.0004 1.0000 1.0000 0.2416 0.0168 0.0012 0.0001 1.0000 0.7854 0.0547 0.0038 0.0003 1.0000 1.0000 0.1823 0.0127 0.0009 0.0001 1.0000 0.6087 0.0426 0.0030 0.0002 1.0000 1.0000 0.1421 0.0099 0.0007 0.0000 1.0000 0.4745 0.0332 0.0023 0.0002 1.0000 1.0000
1.0000 0.0002 0.0024 0.0345 0.4929 1.0000 0.0001 0.0007 0.0103 0.1476 1.0000 1.0000 0.0002 0.0031 0.0442 0.6323 1.0000 0.0001 0.0009 0.0132 0.1894 1.0000 1.0000 0.0003 0.0040 0.0567 0.8128 1.0000 0.0001 0.0012 0.0172 0.2476 1.0000 1.0000 0.0004 0.0054 0.0776 1.0000 1.0000 0.0001 0.0017 0.0249 0.3636 1.0000 0.0000 0.0006 0.0083 0.1211 1.0000 1.0000 0.0001 1.0000 1.0000 0.1211 0.0083 0.0006 0.0000 1.0000 0.3636 0.0249 0.0017 0.0001 1.0000 1.0000 0.0776 0.0054 0.0004 1.0000 1.0000 0.2476 0.0172 0.0012 0.0001 1.0000 0.8128 0.0567 0.0040 0.0003 1.0000 1.0000 0.1894 0.0132 0.0009 0.0001 1.0000 0.6323 0.0442 0.0031 0.0002 1.0000 1.0000 0.1476 0.0103 0.0007 0.0001 1.0000 0.4929 0.0345 0.0024 0.0002 1.0000
0.0002 0.0025 0.0358 0.5120 1.0000 0.0001 0.0007 0.0107 0.1533 1.0000 1.0000 0.0002 0.0032 0.0459 0.6569 1.0000 0.0001 0.0010 0.0138 0.1967 1.0000 1.0000 0.0003 0.0041 0.0589 0.8427 1.0000 0.0001 0.0012 0.0177 0.2548 1.0000 1.0000 0.0004 0.0055 0.0791 1.0000 1.0000 0.0001 0.0017 0.0251 0.3650 1.0000 0.0000 0.0006 0.0083 0.1209 1.0000 1.0000 0.0002 0.0008 0.0002 1.0000 1.0000 0.1209 0.0083 0.0006 0.0000 1.0000 0.3650 0.0251 0.0017 0.0001 1.0000 1.0000 0.0791 0.0055 0.0004 1.0000 1.0000 0.2548 0.0177 0.0012 0.0001 1.0000 0.8427 0.0589 0.0041 0.0003 1.0000 1.0000 0.1967 0.0138 0.0010 0.0001 1.0000 0.6569 0.0459 0.0032 0.0002 1.0000 1.0000 0.1533 0.0107 0.0007 0.0001 1.0000 0.5120 0.0358 0.0025 0.0002
0.0025 0.0372 0.5318 1.0000 0.0001 0.0008 0.0111 0.1593 1.0000 1.0000 0.0002 0.0033 0.0477 0.6823 1.0000 0.0001 0.0010 0.0143 0.2043 1.0000 1.0000 0.0003 0.0043 0.0612 0.8754 1.0000 0.0001 0.0013 0.0184 0.2631 1.0000 1.0000 0.0004 0.0056 0.0809 1.0000 1.0000 0.0001 0.0018 0.0255 0.3692 1.0000 0.0000 0.0006 0.0082 0.1204 1.0000 1.0000 0.0002 0.0022 0.0115 0.0022 0.0002 1.0000 1.0000 0.1204 0.0082 0.0006 0.0000 1.0000 0.3692 0.0255 0.0018 0.0001 1.0000 1.0000 0.0809 0.0056 0.0004 1.0000 1.0000 0.2631 0.0184 0.0013 0.0001 1.0000 0.8754 0.0612 0.0043 0.0003 1.0000 1.0000 0.2043 0.0143 0.0010 0.0001 1.0000 0.6823 0.0477 0.0033 0.0002 1.0000 1.0000 0.1593 0.0111 0.0008 0.0001 1.0000 0.5318 0.0372 0.0025
0.0375 0.5525 1.0000 0.0001 0.0008 0.0116 0.1654 1.0000 1.0000 0.0002 0.0035 0.0495 0.7088 1.0000 0.0001 0.0010 0.0148 0.2123 1.0000 1.0000 0.0003 0.0044 0.0636 0.9093 1.0000 0.0001 0.0013 0.0190 0.2728 1.0000 1.0000 0.0004 0.0058 0.0830 1.0000 1.0000 0.0001 0.0018 0.0259 0.3741 1.0000 0.0000 0.0006 0.0083 0.1204 1.0000 1.0000 0.0002 0.0026 0.0320 0.1661 0.0320 0.0026 0.0002 1.0000 1.0000 0.1204 0.0083 0.0006 0.0000 1.0000 0.3741 0.0259 0.0018 0.0001 1.0000 1.0000 0.0830 0.0058 0.0004 1.0000 1.0000 0.2728 0.0190 0.0013 0.0001 1.0000 0.9093 0.0636 0.0044 0.0003 1.0000 1.0000 0.2123 0.0148 0.0010 0.0001 1.0000 0.7088 0.0495 0.0035 0.0002 1.0000 1.0000 0.1654 0.0116 0.0008 0.0001 1.0000 0.5525 0.0375
0.5567 1.0000 0.0001 0.0008 0.0120 0.1715 1.0000 1.0000 0.0003 0.0036 0.0514 0.7348 1.0000 0.0001 0.0011 0.0154 0.2201 1.0000 1.0000 0.0003 0.0046 0.0659 0.9427 1.0000 0.0001 0.0014 0.0197 0.2823 1.0000 1.0000 0.0004 0.0059 0.0852 1.0000 1.0000 0.0001 0.0018 0.0264 0.3798 1.0000 0.0000 0.0006 0.0083 0.1209 1.0000 1.0000 0.0002 0.0027 0.0377 0.4638 1.0000 0.4638 0.0377 0.0027 0.0002 1.0000 1.0000 0.1209 0.0083 0.0006 0.0000 1.0000 0.3798 0.0264 0.0018 0.0001 1.0000 1.0000 0.0852 0.0059 0.0004 1.0000 1.0000 0.2823 0.0197 0.0014 0.0001 1.0000 0.9427 0.0659 0.0046 0.0003 1.0000 1.0000 0.2201 0.0154 0.0011 0.0001 1.0000 0.7348 0.0514 0.0036 0.0003 1.0000 1.0000 0.1715 0.0120 0.0008 0.0001 1.0000 0.5567
1.0000 0.0001 0.0009 0.0123 0.1765 1.0000 1.0000 0.0003 0.0037 0.0529 0.7561 1.0000 0.0001 0.0011 0.0158 0.2264 1.0000 1.0000 0.0003 0.0047 0.0678 0.9700 1.0000 0.0001 0.0014 0.0203 0.2905 1.0000 1.0000 0.0004 0.0061 0.0872 1.0000 1.0000 0.0001 0.0019 0.0267 0.3842 1.0000 0.0000 0.0006 0.0084 0.1211 1.0000 1.0000 0.0002 0.0027 0.0388 0.5441 1.0000 1.0000 1.0000 0.5441 0.0388 0.0027 0.0002 1.0000 1.0000 0.1211 0.0084 0.0006 0.0000 1.0000 0.3842 0.0267 0.0019 0.0001 1.0000 1.0000 0.0872 0.0061 0.0004 1.0000 1.0000 0.2905 0.0203 0.0014 0.0001 1.0000 0.9700 0.0678 0.0047 0.0003 1.0000 1.0000 0.2264 0.0158 0.0011 0.0001 1.0000 0.7561 0.0529 0.0037 0.0003 1.0000 1.0000 0.1765 0.0123 0.0009 0.0001 1.0000
0.0001 0.0009 0.0123 0.1758 1.0000 1.0000 0.0003 0.0037 0.0527 0.7532 1.0000 0.0001 0.0011 0.0158 0.2256 1.0000 1.0000 0.0003 0.0047 0.0676 0.9663 1.0000 0.0001 0.0014 0.0202 0.2894 1.0000 1.0000 0.0004 0.0061 0.0867 1.0000 1.0000 0.0001 0.0018 0.0263 0.3777 1.0000 0.0000 0.0006 0.0082 0.1179 1.0000 1.0000 0.0002 0.0026 0.0377 0.5441 1.0000 0.0000 0.0002 0.0000 1.0000 0.5441 0.0377 0.0026 0.0002 1.0000 1.0000 0.1179 0.0082 0.0006 0.0000 1.0000 0.3777 0.0263 0.0018 0.0001 1.0000 1.0000 0.0867 0.0061 0.0004 1.0000 1.0000 0.2894 0.0202 0.0014 0.0001 1.0000 0.9663 0.0676 0.0047 0.0003 1.0000 1.0000 0.2256 0.0158 0.0011 0.0001 1.0000 0.7532 0.0527 0.0037 0.0003 1.0000 1.0000 0.1758 0.0123 0.0009 0.0001
0.0007 0.0107 0.1527 1.0000 1.0000 0.0002 0.0032 0.0457 0.6544 1.0000 0.0001 0.0010 0.0137 0.1960 1.0000 1.0000 0.0003 0.0041 0.0587 0.8395 1.0000 0.0001 0.0012 0.0176 0.2514 1.0000 1.0000 0.0004 0.0053 0.0753 1.0000 1.0000 0.0001 0.0016 0.0227 0.3262 1.0000 1.0000 0.0005 0.0070 0.1011 1.0000 1.0000 0.0002 0.0022 0.0320 0.4638 1.0000 0.0000 0.0006 0.0030 0.0006 0.0000 1.0000 0.4638 0.0320 0.0022 0.0002 1.0000 1.0000 0.1011 0.0070 0.0005 1.0000 1.0000 0.3262 0.0227 0.0016 0.0001 1.0000 1.0000 0.0753 0.0053 0.0004 1.0000 1.0000 0.2514 0.0176 0.0012 0.0001 1.0000 0.8395 0.0587 0.0041 0.0003 1.0000 1.0000 0.1960 0.0137 0.0010 0.0001 1.0000 0.6544 0.0457 0.0032 0.0002 1.0000 1.0000 0.1527 0.0107 0.0007
0.0038 0.0560 0.7975 1.0000 0.0001 0.0012 0.0167 0.2388 1.0000 1.0000 0.0003 0.0050 0.0715 1.0000 1.0000 0.0001 0.0015 0.0214 0.3064 1.0000 1.0000 0.0004 0.0064 0.0918 1.0000 1.0000 0.0001 0.0019 0.0275 0.3931 1.0000 0.0000 0.0006 0.0083 0.1184 1.0000 1.0000 0.0002 0.0025 0.0364 0.5258 1.0000 0.0001 0.0008 0.0115 0.1661 1.0000 1.0000 0.0002 0.0030 0.0151 0.0030 0.0002 1.0000 1.0000 0.1661 0.0115 0.0008 0.0001 1.0000 0.5258 0.0364 0.0025 0.0002 1.0000 1.0000 0.1184 0.0083 0.0006 0.0000 1.0000 0.3931 0.0275 0.0019 0.0001 1.0000 1.0000 0.0918 0.0064 0.0004 1.0000 1.0000 0.3064 0.0214 0.0015 0.0001 1.0000 1.0000 0.0715 0.0050 0.0003 1.0000 1.0000 0.2388 0.0167 0.0012 0.0001 1.0000 0.7975 0.0560 0.0038
0.0007 0.0107 0.1527 1.0000 1.0000 0.0002 0.0032 0.0457 0.6544 1.0000 0.0001 0.0010 0.0137 0.1960 1.0000 1.0000 0.0003 0.0041 0.0587 0.8395 1.0000 0.0001 0.0012 0.0176 0.2514 1.0000 1.0000 0.0004 0.0053 0.0753 1.0000 1.0000 0.0001 0.0016 0.0227 0.3262 1.0000 1.0000 0.0005 0.0070 0.1011 1.0000 1.0000 0.0002 0.0022 0.0320 0.4638 1.0000 0.0000 0.0006 0.0030 0.0006 0.0000 1.0000 0.4638 0.0320 0.0022 0.0002 1.0000 1.0000 0.1011 0.0070 0.0005 1.0000 1.0000 0.3262 0.0227 0.0016 0.0001 1.0000 1.0000 0.0753 0.0053 0.0004 1.0000 1.0000 0.2514 0.0176 0.0012 0.0001 1.0000 0.8395 0.0587 0.0041 0.0003 1.0000 1.0000 0.1960 0.0137 0.0010 0.0001 1.0000 0.6544 0.0457 0.0032 0.0002 1.0000 1.0000 0.1527 0.0107 0.0007
0.0001 0.0009 0.0123 0.1758 1.0000 1.0000 0.0003 0.0037 0.0527 0.7532 1.0000 0.0001 0.0011 0.0158 0.2256 1.0000 1.0000 0.0003 0.0047 0.0676 0.9663 1.0000 0.0001 0.0014 0.0202 0.2894 1.0000 1.0000 0.0004 0.0061 0.0867 1.0000 1.0000 0.0001 0.0018 0.0263 0.3777 1.0000 0.0000 0.0006 0.0082 0.1179 1.0000 1.0000 0.0002 0.0026 0.0377 0.5441 1.0000 0.0000 0.0002 0.0000 1.0000 0.5441 0.0377 0.0026 0.0002 1.0000 1.0000 0.1179 0.0082 0.0006 0.0000 1.0000 0.3777 0.0263 0.0018 0.0001 1.0000 1.0000 0.0867 0.0061 0.0004 1.0000 1.0000 0.2894 0.0202 0.0014 0.0001 1.0000 0.9663 0.0676 0.0047 0.0003 1.0000 1.0000 0.2256 0.0158 0.0011 0.0001 1.0000 0.7532 0.0527 0.0037 0.0003 1.0000 1.0000 0.1758 0.0123 0.0009 0.0001
1.0000 0.0001 0.0009 0.0123 0.1765 1.0000 1.0000 0.0003 0.0037 0.0529 0.7561 1.0000 0.0001 0.0011 0.0158 0.2264 1.0000 1.0000 0.0003 0.0047 0.0678 0.9700 1.0000 0.0001 0.0014 0.0203 0.2905 1.0000 1.0000 0.0004 0.0061 0.0872 1.0000 1.0000 0.0001 0.0019 0.0267 0.3842 1.0000 0.0000 0.0006 0.0084 0.1211 1.0000 1.0000 0.0002 0.0027 0.0388 0.5441 1.0000 1.0000 1.0000 0.5441 0.0388 0.0027 0.0002 1.0000 1.0000 0.1211 0.0084 0.0006 0.0000 1.0000 0.3842 0.0267 0.0019 0.0001 1.0000 1.0000 0.0872 0.0061 0.0004 1.0000 1.0000 0.2905 0.0203 0.0014 0.0001 1.0000 0.9700 0.0678 0.0047 0.0003 1.0000 1.0000 0.2264 0.0158 0.0011 0.0001 1.0000 0.7561 0.0529 0.0037 0.0003 1.0000 1.0000 0.1765 0.0123 0.0009 0.0001 1.0000
0.5567 1.0000 0.0001 0.0008 0.0120 0.1715 1.0000 1.0000 0.0003 0.0036 0.0514 0.7348 1.0000 0.0001 0.0011 0.0154 0.2201 1.0000 1.0000 0.0003 0.0046 0.0659 0.9427 1.0000 0.0001 0.0014 0.0197 0.2823 1.0000 1.0000 0.0004 0.0059 0.0852 1.0000 1.0000 0.0001 0.0018 0.0264 0.3798 1.0000 0.0000 0.0006 0.0083 0.1209 1.0000 1.0000 0.0002 0.0027 0.0377 0.4638 1.0000 0.4638 0.0377 0.0027 0.0002 1.0000 1.0000 0.1209 0.0083 0.0006 0.0000 1.0000 0.3798 0.0264 0.0018 0.0001 1.0000 1.0000 0.0852 0.0059 0.0004 1.0000 1.0000 0.2823 0.0197 0.0014 0.0001 1.0000 0.9427 0.0659 0.0046 0.0003 1.0000 1.0000 0.2201 0.0154 0.0011 0.0001 1.0000 0.7348 0.0514 0.0036 0.0003 1.0000 1.0000 0.1715 0.0120 0.0008 0.0001 1.0000 0.5567
0.0375 0.5525 1.0000 0.0001 0.0008 0.0116 0.1654 1.0000 1.0000 0.0002 0.0035 0.0495 0.7088 1.0000 0.0001 0.0010 0.0148 0.2123 1.0000 1.0000 0.0003 0.0044 0.0636 0.9093 1.0000 0.0001 0.0013 0.0190 0.2728 1.0000 1.0000 0.0004 0.0058 0.0830 1.0000 1.0000 0.0001 0.0018 0.0259 0.3741 1.0000 0.0000 0.0006 0.0083 0.1204 1.0000 1.0000 0.0002 0.0026 0.0320 0.1661 0.0320 0.0026 0.0002 1.0000 1.0000 0.1204 0.0083 0.0006 0.0000 1.0000 0.3741 0.0259 0.0018 0.0001 1.0000 1.0000 0.0830 0.0058 0.0004 1.0000 1.0000 0.2728 0.0190 0.0013 0.0001 1.0000 0.9093 0.0636 0.0044 0.0003 1.0000 1.0000 0.2123 0.0148 0.0010 0.0001 1.0000 0.7088 0.0495 0.0035 0.0002 1.0000 1.0000 0.1654 0.0116 0.0008 0.0001 1.0000 0.5525 0.0375
