-0.0862 -0.2524 -0.3432 -0.3672 0.1070 0.2292 -0.2112 -0.3111 -0.3830 -0.0025 0.2518 -0.1563 -0.2765 -0.3622 -0.2771 0.1644 -0.0181 -0.2403 -0.3328 -0.3818 0.0771 0.2750 -0.1946 -0.2994 -0.3773 -0.0799 0.2220 -0.1286 -0.2643 -0.3528 -0.3370 0.1342 0.1189 -0.2256 -0.3216 -0.3855 0.0417 0.2729 -0.1762 -0.2875 -0.3700 -0.1897 0.1914 -0.0871 -0.2519 -0.3426 -0.3688 0.1038 0.2462 -0.1991 -0.2660 -0.1991 0.2462 0.1038 -0.3688 -0.3426 -0.2519 -0.0871 0.1914 -0.1897 -0.3700 -0.2875 -0.1762 0.2729 0.0417 -0.3855 -0.3216 -0.2256 0.1189 0.1342 -0.3370 -0.3528 -0.2643 -0.1286 0.2220 -0.0799 -0.3773 -0.2994 -0.1946 0.2750 0.0771 -0.3818 -0.3328 -0.2403 -0.0181 0.1644 -0.2771 -0.3622 -0.2765 -0.1563 0.2518 -0.0025 -0.3830 -0.3111 -0.2112 0.2292 0.1070 -0.3672 -0.3432 -0.2524 -0.0862
-0.2524 -0.3507 -0.3720 0.1066 0.2402 -0.2160 -0.3184 -0.3890 -0.0042 0.2503 -0.1568 -0.2840 -0.3690 -0.2826 0.1631 -0.0061 -0.2484 -0.3399 -0.3873 0.0762 0.2791 -0.1979 -0.3068 -0.3836 -0.0836 0.2201 -0.1272 -0.2720 -0.3597 -0.3424 0.1331 0.1375 -0.2318 -0.3288 -0.3913 0.0407 0.2731 -0.1780 -0.2950 -0.3766 -0.1951 0.1899 -0.0822 -0.2598 -0.3497 -0.3740 0.1039 0.2481 -0.2119 -0.3105 -0.3658 -0.3105 -0.2119 0.2481 0.1039 -0.3740 -0.3497 -0.2598 -0.0822 0.1899 -0.1951 -0.3766 -0.2950 -0.1780 0.2731 0.0407 -0.3913 -0.3288 -0.2318 0.1375 0.1331 -0.3424 -0.3597 -0.2720 -0.1272 0.2201 -0.0836 -0.3836 -0.3068 -0.1979 0.2791 0.0762 -0.3873 -0.3399 -0.2484 -0.0061 0.1631 -0.2826 -0.3690 -0.2840 -0.1568 0.2503 -0.0042 -0.3890 -0.3184 -0.2160 0.2402 0.1066 -0.3720 -0.3507 -0.2524
-0.3432 -0.3720 0.1054 0.2449 -0.2145 -0.3173 -0.3885 -0.0106 0.2472 -0.1541 -0.2827 -0.3680 -0.2908 0.1598 0.0070 -0.2469 -0.3387 -0.3882 0.0727 0.2801 -0.1958 -0.3055 -0.3829 -0.0949 0.2167 -0.1232 -0.2706 -0.3587 -0.3470 0.1299 0.1532 -0.2300 -0.3276 -0.3913 0.0362 0.2709 -0.1757 -0.2937 -0.3757 -0.2070 0.1866 -0.0756 -0.2584 -0.3485 -0.3763 0.1008 0.2530 -0.2120 -0.3146 -0.3877 -0.3429 -0.3877 -0.3146 -0.2120 0.2530 0.1008 -0.3763 -0.3485 -0.2584 -0.0756 0.1866 -0.2070 -0.3757 -0.2937 -0.1757 0.2709 0.0362 -0.3913 -0.3276 -0.2300 0.1532 0.1299 -0.3470 -0.3587 -0.2706 -0.1232 0.2167 -0.0949 -0.3829 -0.3055 -0.1958 0.2801 0.0727 -0.3882 -0.3387 -0.2469 0.0070 0.1598 -0.2908 -0.3680 -0.2827 -0.1541 0.2472 -0.0106 -0.3885 -0.3173 -0.2145 0.2449 0.1054 -0.3720 -0.3432
-0.3672 0.1066 0.2449 -0.2138 -0.3166 -0.3882 -0.0162 0.2444 -0.1514 -0.2815 -0.3671 -0.2984 0.1565 0.0209 -0.2452 -0.3375 -0.3890 0.0691 0.2805 -0.1937 -0.3042 -0.3822 -0.1065 0.2134 -0.1191 -0.2693 -0.3576 -0.3513 0.1267 0.1681 -0.2281 -0.3264 -0.3912 0.0315 0.2686 -0.1733 -0.2924 -0.3749 -0.2186 0.1834 -0.0684 -0.2571 -0.3474 -0.3783 0.0976 0.2586 -0.2106 -0.3146 -0.3871 -0.0800 0.1283 -0.0800 -0.3871 -0.3146 -0.2106 0.2586 0.0976 -0.3783 -0.3474 -0.2571 -0.0684 0.1834 -0.2186 -0.3749 -0.2924 -0.1733 0.2686 0.0315 -0.3912 -0.3264 -0.2281 0.1681 0.1267 -0.3513 -0.3576 -0.2693 -0.1191 0.2134 -0.1065 -0.3822 -0.3042 -0.1937 0.2805 0.0691 -0.3890 -0.3375 -0.2452 0.0209 0.1565 -0.2984 -0.3671 -0.2815 -0.1514 0.2444 -0.0162 -0.3882 -0.3166 -0.2138 0.2449 0.1066 -0.3672
0.1070 0.2402 -0.2145 -0.3166 -0.3880 -0.0196 0.2424 -0.1492 -0.2804 -0.3662 -0.3051 0.1534 0.0351 -0.2434 -0.3364 -0.3896 0.0654 0.2806 -0.1916 -0.3029 -0.3815 -0.1186 0.2101 -0.1148 -0.2680 -0.3565 -0.3553 0.1235 0.1821 -0.2262 -0.3251 -0.3910 0.0266 0.2661 -0.1709 -0.2911 -0.3740 -0.2298 0.1802 -0.0607 -0.2557 -0.3462 -0.3801 0.0944 0.2637 -0.2087 -0.3136 -0.3869 -0.0440 0.2154 0.1720 0.2154 -0.0440 -0.3869 -0.3136 -0.2087 0.2637 0.0944 -0.3801 -0.3462 -0.2557 -0.0607 0.1802 -0.2298 -0.3740 -0.2911 -0.1709 0.2661 0.0266 -0.3910 -0.3251 -0.2262 0.1821 0.1235 -0.3553 -0.3565 -0.2680 -0.1148 0.2101 -0.1186 -0.3815 -0.3029 -0.1916 0.2806 0.0654 -0.3896 -0.3364 -0.2434 0.0351 0.1534 -0.3051 -0.3662 -0.2804 -0.1492 0.2424 -0.0196 -0.3880 -0.3166 -0.2145 0.2402 0.1070
0.2292 -0.2160 -0.3173 -0.3882 -0.0196 0.2417 -0.1480 -0.2797 -0.3655 -0.3104 0.1506 0.0487 -0.2417 -0.3352 -0.3901 0.0618 0.2802 -0.1895 -0.3016 -0.3807 -0.1309 0.2067 -0.1103 -0.2666 -0.3554 -0.3590 0.1204 0.1951 -0.2243 -0.3239 -0.3908 0.0215 0.2634 -0.1684 -0.2898 -0.3731 -0.2406 0.1770 -0.0523 -0.2544 -0.3451 -0.3818 0.0911 0.2681 -0.2067 -0.3124 -0.3864 -0.0429 0.2300 -0.1199 -0.2279 -0.1199 0.2300 -0.0429 -0.3864 -0.3124 -0.2067 0.2681 0.0911 -0.3818 -0.3451 -0.2544 -0.0523 0.1770 -0.2406 -0.3731 -0.2898 -0.1684 0.2634 0.0215 -0.3908 -0.3239 -0.2243 0.1951 0.1204 -0.3590 -0.3554 -0.2666 -0.1103 0.2067 -0.1309 -0.3807 -0.3016 -0.1895 0.2802 0.0618 -0.3901 -0.3352 -0.2417 0.0487 0.1506 -0.3104 -0.3655 -0.2797 -0.1480 0.2417 -0.0196 -0.3882 -0.3173 -0.2160 0.2292
-0.2112 -0.3184 -0.3885 -0.0162 0.2424 -0.1480 -0.2794 -0.3652 -0.3140 0.1485 0.0607 -0.2402 -0.3342 -0.3905 0.0583 0.2795 -0.1874 -0.3004 -0.3799 -0.1434 0.2034 -0.1055 -0.2653 -0.3543 -0.3624 0.1172 0.2071 -0.2225 -0.3226 -0.3905 0.0161 0.2606 -0.1659 -0.2885 -0.3722 -0.2510 0.1738 -0.0433 -0.2530 -0.3439 -0.3833 0.0878 0.2717 -0.2048 -0.3111 -0.3858 -0.0497 0.2304 -0.1345 -0.2683 -0.3259 -0.2683 -0.1345 0.2304 -0.0497 -0.3858 -0.3111 -0.2048 0.2717 0.0878 -0.3833 -0.3439 -0.2530 -0.0433 0.1738 -0.2510 -0.3722 -0.2885 -0.1659 0.2606 0.0161 -0.3905 -0.3226 -0.2225 0.2071 0.1172 -0.3624 -0.3543 -0.2653 -0.1055 0.2034 -0.1434 -0.3799 -0.3004 -0.1874 0.2795 0.0583 -0.3905 -0.3342 -0.2402 0.0607 0.1485 -0.3140 -0.3652 -0.2794 -0.1480 0.2424 -0.0162 -0.3885 -0.3184 -0.2112
-0.3111 -0.3890 -0.0106 0.2444 -0.1492 -0.2797 -0.3652 -0.3151 0.1475 0.0686 -0.2391 -0.3333 -0.3908 0.0551 0.2786 -0.1854 -0.2992 -0.3792 -0.1557 0.2001 -0.1005 -0.2640 -0.3532 -0.3656 0.1141 0.2180 -0.2206 -0.3214 -0.3901 0.0105 0.2577 -0.1633 -0.2871 -0.3713 -0.2608 0.1707 -0.0334 -0.2517 -0.3427 -0.3847 0.0845 0.2746 -0.2028 -0.3098 -0.3852 -0.0587 0.2279 -0.1348 -0.2733 -0.3583 -0.3970 -0.3583 -0.2733 -0.1348 0.2279 -0.0587 -0.3852 -0.3098 -0.2028 0.2746 0.0845 -0.3847 -0.3427 -0.2517 -0.0334 0.1707 -0.2608 -0.3713 -0.2871 -0.1633 0.2577 0.0105 -0.3901 -0.3214 -0.2206 0.2180 0.1141 -0.3656 -0.3532 -0.2640 -0.1005 0.2001 -0.1557 -0.3792 -0.2992 -0.1854 0.2786 0.0551 -0.3908 -0.3333 -0.2391 0.0686 0.1475 -0.3151 -0.3652 -0.2797 -0.1492 0.2444 -0.0106 -0.3890 -0.3111
-0.3830 -0.0042 0.2472 -0.1514 -0.2804 -0.3655 -0.3140 0.1475 0.0712 -0.2385 -0.3328 -0.3909 0.0524 0.2777 -0.1837 -0.2981 -0.3785 -0.1670 0.1970 -0.0952 -0.2627 -0.3521 -0.3685 0.1109 0.2279 -0.2187 -0.3201 -0.3897 0.0046 0.2547 -0.1606 -0.2858 -0.3703 -0.2702 0.1675 -0.0227 -0.2503 -0.3416 -0.3859 0.0811 0.2769 -0.2007 -0.3085 -0.3845 -0.0687 0.2248 -0.1322 -0.2734 -0.3603 -0.3610 0.0130 -0.3610 -0.3603 -0.2734 -0.1322 0.2248 -0.0687 -0.3845 -0.3085 -0.2007 0.2769 0.0811 -0.3859 -0.3416 -0.2503 -0.0227 0.1675 -0.2702 -0.3703 -0.2858 -0.1606 0.2547 0.0046 -0.3897 -0.3201 -0.2187 0.2279 0.1109 -0.3685 -0.3521 -0.2627 -0.0952 0.1970 -0.1670 -0.3785 -0.2981 -0.1837 0.2777 0.0524 -0.3909 -0.3328 -0.2385 0.0712 0.1475 -0.3140 -0.3655 -0.2804 -0.1514 0.2472 -0.0042 -0.3830
-0.0025 0.2503 -0.1541 -0.2815 -0.3662 -0.3104 0.1485 0.0686 -0.2385 -0.3326 -0.3910 0.0505 0.2768 -0.1822 -0.2971 -0.3779 -0.1772 0.1942 -0.0901 -0.2614 -0.3510 -0.3711 0.1078 0.2368 -0.2167 -0.3189 -0.3892 -0.0017 0.2516 -0.1579 -0.2845 -0.3694 -0.2792 0.1644 -0.0110 -0.2489 -0.3404 -0.3869 0.0776 0.2786 -0.1987 -0.3073 -0.3839 -0.0792 0.2214 -0.1287 -0.2724 -0.3600 -0.3470 0.1138 0.2522 0.1138 -0.3470 -0.3600 -0.2724 -0.1287 0.2214 -0.0792 -0.3839 -0.3073 -0.1987 0.2786 0.0776 -0.3869 -0.3404 -0.2489 -0.0110 0.1644 -0.2792 -0.3694 -0.2845 -0.1579 0.2516 -0.0017 -0.3892 -0.3189 -0.2167 0.2368 0.1078 -0.3711 -0.3510 -0.2614 -0.0901 0.1942 -0.1772 -0.3779 -0.2971 -0.1822 0.2768 0.0505 -0.3910 -0.3326 -0.2385 0.0686 0.1485 -0.3104 -0.3662 -0.2815 -0.1541 0.2503 -0.0025
0.2518 -0.1568 -0.2827 -0.3671 -0.3051 0.1506 0.0607 -0.2391 -0.3328 -0.3910 0.0499 0.2763 -0.1813 -0.2964 -0.3774 -0.1857 0.1918 -0.0853 -0.2603 -0.3501 -0.3734 0.1047 0.2445 -0.2149 -0.3176 -0.3887 -0.0083 0.2484 -0.1551 -0.2832 -0.3684 -0.2876 0.1611 0.0016 -0.2475 -0.3392 -0.3879 0.0741 0.2798 -0.1966 -0.3060 -0.3832 -0.0903 0.2181 -0.1248 -0.2712 -0.3591 -0.3466 0.1262 0.2272 -0.1602 0.2272 0.1262 -0.3466 -0.3591 -0.2712 -0.1248 0.2181 -0.0903 -0.3832 -0.3060 -0.1966 0.2798 0.0741 -0.3879 -0.3392 -0.2475 0.0016 0.1611 -0.2876 -0.3684 -0.2832 -0.1551 0.2484 -0.0083 -0.3887 -0.3176 -0.2149 0.2445 0.1047 -0.3734 -0.3501 -0.2603 -0.0853 0.1918 -0.1857 -0.3774 -0.2964 -0.1813 0.2763 0.0499 -0.3910 -0.3328 -0.2391 0.0607 0.1506 -0.3051 -0.3671 -0.2827 -0.1568 0.2518
-0.1563 -0.2840 -0.3680 -0.2984 0.1534 0.0487 -0.2402 -0.3333 -0.3909 0.0505 0.2763 -0.1809 -0.2961 -0.3770 -0.1921 0.1899 -0.0810 -0.2593 -0.3491 -0.3753 0.1020 0.2508 -0.2131 -0.3164 -0.3882 -0.0152 0.2452 -0.1522 -0.2819 -0.3675 -0.2956 0.1577 0.0153 -0.2459 -0.3380 -0.3887 0.0706 0.2804 -0.1946 -0.3047 -0.3825 -0.1018 0.2147 -0.1208 -0.2698 -0.3580 -0.3498 0.1269 0.1826 -0.2177 -0.2835 -0.2177 0.1826 0.1269 -0.3498 -0.3580 -0.2698 -0.1208 0.2147 -0.1018 -0.3825 -0.3047 -0.1946 0.2804 0.0706 -0.3887 -0.3380 -0.2459 0.0153 0.1577 -0.2956 -0.3675 -0.2819 -0.1522 0.2452 -0.0152 -0.3882 -0.3164 -0.2131 0.2508 0.1020 -0.3753 -0.3491 -0.2593 -0.0810 0.1899 -0.1921 -0.3770 -0.2961 -0.1809 0.2763 0.0505 -0.3909 -0.3333 -0.2402 0.0487 0.1534 -0.2984 -0.3680 -0.2840 -0.1563
-0.2765 -0.3690 -0.2908 0.1565 0.0351 -0.2417 -0.3342 -0.3908 0.0524 0.2768 -0.1813 -0.2961 -0.3769 -0.1957 0.1886 -0.0777 -0.2585 -0.3484 -0.3769 0.0996 0.2558 -0.2115 -0.3153 -0.3877 -0.0222 0.2420 -0.1493 -0.2806 -0.3665 -0.3032 0.1544 0.0299 -0.2441 -0.3368 -0.3894 0.0669 0.2806 -0.1925 -0.3034 -0.3818 -0.1137 0.2114 -0.1166 -0.2685 -0.3570 -0.3537 0.1246 0.1809 -0.2245 -0.3191 -0.3730 -0.3191 -0.2245 0.1809 0.1246 -0.3537 -0.3570 -0.2685 -0.1166 0.2114 -0.1137 -0.3818 -0.3034 -0.1925 0.2806 0.0669 -0.3894 -0.3368 -0.2441 0.0299 0.1544 -0.3032 -0.3665 -0.2806 -0.1493 0.2420 -0.0222 -0.3877 -0.3153 -0.2115 0.2558 0.0996 -0.3769 -0.3484 -0.2585 -0.0777 0.1886 -0.1957 -0.3769 -0.2961 -0.1813 0.2768 0.0524 -0.3908 -0.3342 -0.2417 0.0351 0.1565 -0.2908 -0.3690 -0.2765
-0.3622 -0.2826 0.1598 0.0209 -0.2434 -0.3352 -0.3905 0.0551 0.2777 -0.1822 -0.2964 -0.3770 -0.1957 0.1881 -0.0759 -0.2580 -0.3478 -0.3780 0.0975 0.2598 -0.2100 -0.3143 -0.3873 -0.0289 0.2390 -0.1464 -0.2793 -0.3655 -0.3102 0.1511 0.0453 -0.2422 -0.3356 -0.3899 0.0632 0.2804 -0.1903 -0.3021 -0.3810 -0.1259 0.2081 -0.1121 -0.2672 -0.3559 -0.3575 0.1216 0.1907 -0.2246 -0.3229 -0.3911 -0.3016 -0.3911 -0.3229 -0.2246 0.1907 0.1216 -0.3575 -0.3559 -0.2672 -0.1121 0.2081 -0.1259 -0.3810 -0.3021 -0.1903 0.2804 0.0632 -0.3899 -0.3356 -0.2422 0.0453 0.1511 -0.3102 -0.3655 -0.2793 -0.1464 0.2390 -0.0289 -0.3873 -0.3143 -0.2100 0.2598 0.0975 -0.3780 -0.3478 -0.2580 -0.0759 0.1881 -0.1957 -0.3770 -0.2964 -0.1822 0.2777 0.0551 -0.3905 -0.3352 -0.2434 0.0209 0.1598 -0.2826 -0.3622
-0.2771 0.1631 0.0070 -0.2452 -0.3364 -0.3901 0.0583 0.2786 -0.1837 -0.2971 -0.3774 -0.1921 0.1886 -0.0759 -0.2578 -0.3475 -0.3787 0.0960 0.2626 -0.2088 -0.3135 -0.3868 -0.0352 0.2364 -0.1437 -0.2781 -0.3646 -0.3166 0.1478 0.0615 -0.2403 -0.3344 -0.3904 0.0594 0.2798 -0.1882 -0.3008 -0.3803 -0.1384 0.2047 -0.1075 -0.2658 -0.3548 -0.3611 0.1185 0.2025 -0.2231 -0.3228 -0.3901 -0.0204 0.1484 -0.0204 -0.3901 -0.3228 -0.2231 0.2025 0.1185 -0.3611 -0.3548 -0.2658 -0.1075 0.2047 -0.1384 -0.3803 -0.3008 -0.1882 0.2798 0.0594 -0.3904 -0.3344 -0.2403 0.0615 0.1478 -0.3166 -0.3646 -0.2781 -0.1437 0.2364 -0.0352 -0.3868 -0.3135 -0.2088 0.2626 0.0960 -0.3787 -0.3475 -0.2578 -0.0759 0.1886 -0.1921 -0.3774 -0.2971 -0.1837 0.2786 0.0583 -0.3901 -0.3364 -0.2452 0.0070 0.1631 -0.2771
0.1644 -0.0061 -0.2469 -0.3375 -0.3896 0.0618 0.2795 -0.1854 -0.2981 -0.3779 -0.1857 0.1899 -0.0777 -0.2580 -0.3475 -0.3789 0.0952 0.2642 -0.2079 -0.3128 -0.3865 -0.0410 0.2340 -0.1413 -0.2771 -0.3637 -0.3221 0.1449 0.0772 -0.2385 -0.3332 -0.3908 0.0555 0.2788 -0.1860 -0.2995 -0.3795 -0.1510 0.2014 -0.1025 -0.2645 -0.3537 -0.3643 0.1153 0.2138 -0.2213 -0.3218 -0.3901 0.0044 0.2383 0.0661 0.2383 0.0044 -0.3901 -0.3218 -0.2213 0.2138 0.1153 -0.3643 -0.3537 -0.2645 -0.1025 0.2014 -0.1510 -0.3795 -0.2995 -0.1860 0.2788 0.0555 -0.3908 -0.3332 -0.2385 0.0772 0.1449 -0.3221 -0.3637 -0.2771 -0.1413 0.2340 -0.0410 -0.3865 -0.3128 -0.2079 0.2642 0.0952 -0.3789 -0.3475 -0.2580 -0.0777 0.1899 -0.1857 -0.3779 -0.2981 -0.1854 0.2795 0.0618 -0.3896 -0.3375 -0.2469 -0.0061 0.1644
-0.0181 -0.2484 -0.3387 -0.3890 0.0654 0.2802 -0.1874 -0.2992 -0.3785 -0.1772 0.1918 -0.0810 -0.2585 -0.3478 -0.3787 0.0952 0.2648 -0.2074 -0.3123 -0.3862 -0.0454 0.2320 -0.1392 -0.2762 -0.3629 -0.3269 0.1422 0.0916 -0.2368 -0.3320 -0.3910 0.0515 0.2776 -0.1838 -0.2983 -0.3787 -0.1635 0.1981 -0.0973 -0.2632 -0.3526 -0.3674 0.1122 0.2241 -0.2194 -0.3206 -0.3898 0.0051 0.2515 -0.1438 -0.2388 -0.1438 0.2515 0.0051 -0.3898 -0.3206 -0.2194 0.2241 0.1122 -0.3674 -0.3526 -0.2632 -0.0973 0.1981 -0.1635 -0.3787 -0.2983 -0.1838 0.2776 0.0515 -0.3910 -0.3320 -0.2368 0.0916 0.1422 -0.3269 -0.3629 -0.2762 -0.1392 0.2320 -0.0454 -0.3862 -0.3123 -0.2074 0.2648 0.0952 -0.3787 -0.3478 -0.2585 -0.0810 0.1918 -0.1772 -0.3785 -0.2992 -0.1874 0.2802 0.0654 -0.3890 -0.3387 -0.2484 -0.0181
-0.2403 -0.3399 -0.3882 0.0691 0.2806 -0.1895 -0.3004 -0.3792 -0.1670 0.1942 -0.0853 -0.2593 -0.3484 -0.3780 0.0960 0.2642 -0.2074 -0.3122 -0.3861 -0.0483 0.2307 -0.1375 -0.2754 -0.3623 -0.3309 0.1398 0.1047 -0.2353 -0.3310 -0.3912 0.0476 0.2761 -0.1816 -0.2970 -0.3779 -0.1761 0.1949 -0.0917 -0.2618 -0.3514 -0.3702 0.1090 0.2334 -0.2175 -0.3194 -0.3894 0.0005 0.2518 -0.1551 -0.2772 -0.3345 -0.2772 -0.1551 0.2518 0.0005 -0.3894 -0.3194 -0.2175 0.2334 0.1090 -0.3702 -0.3514 -0.2618 -0.0917 0.1949 -0.1761 -0.3779 -0.2970 -0.1816 0.2761 0.0476 -0.3912 -0.3310 -0.2353 0.1047 0.1398 -0.3309 -0.3623 -0.2754 -0.1375 0.2307 -0.0483 -0.3861 -0.3122 -0.2074 0.2642 0.0960 -0.3780 -0.3484 -0.2593 -0.0853 0.1942 -0.1670 -0.3792 -0.3004 -0.1895 0.2806 0.0691 -0.3882 -0.3399 -0.2403
-0.3328 -0.3873 0.0727 0.2805 -0.1916 -0.3016 -0.3799 -0.1557 0.1970 -0.0901 -0.2603 -0.3491 -0.3769 0.0975 0.2626 -0.2079 -0.3123 -0.3861 -0.0495 0.2299 -0.1365 -0.2749 -0.3617 -0.3340 0.1377 0.1165 -0.2340 -0.3301 -0.3913 0.0440 0.2745 -0.1795 -0.2957 -0.3771 -0.1884 0.1916 -0.0857 -0.2605 -0.3503 -0.3727 0.1058 0.2417 -0.2156 -0.3181 -0.3889 -0.0056 0.2495 -0.1554 -0.2820 -0.3655 -0.3970 -0.3655 -0.2820 -0.1554 0.2495 -0.0056 -0.3889 -0.3181 -0.2156 0.2417 0.1058 -0.3727 -0.3503 -0.2605 -0.0857 0.1916 -0.1884 -0.3771 -0.2957 -0.1795 0.2745 0.0440 -0.3913 -0.3301 -0.2340 0.1165 0.1377 -0.3340 -0.3617 -0.2749 -0.1365 0.2299 -0.0495 -0.3861 -0.3123 -0.2079 0.2626 0.0975 -0.3769 -0.3491 -0.2603 -0.0901 0.1970 -0.1557 -0.3799 -0.3016 -0.1916 0.2805 0.0727 -0.3873 -0.3328
-0.3818 0.0762 0.2801 -0.1937 -0.3029 -0.3807 -0.1434 0.2001 -0.0952 -0.2614 -0.3501 -0.3753 0.0996 0.2598 -0.2088 -0.3128 -0.3862 -0.0483 0.2299 -0.1361 -0.2746 -0.3614 -0.3361 0.1361 0.1260 -0.2328 -0.3292 -0.3913 0.0407 0.2729 -0.1776 -0.2946 -0.3763 -0.1998 0.1884 -0.0793 -0.2592 -0.3492 -0.3751 0.1026 0.2490 -0.2137 -0.3169 -0.3884 -0.0124 0.2464 -0.1532 -0.2820 -0.3670 -0.3324 0.0445 -0.3324 -0.3670 -0.2820 -0.1532 0.2464 -0.0124 -0.3884 -0.3169 -0.2137 0.2490 0.1026 -0.3751 -0.3492 -0.2592 -0.0793 0.1884 -0.1998 -0.3763 -0.2946 -0.1776 0.2729 0.0407 -0.3913 -0.3292 -0.2328 0.1260 0.1361 -0.3361 -0.3614 -0.2746 -0.1361 0.2299 -0.0483 -0.3862 -0.3128 -0.2088 0.2598 0.0996 -0.3753 -0.3501 -0.2614 -0.0952 0.2001 -0.1434 -0.3807 -0.3029 -0.1937 0.2801 0.0762 -0.3818
0.0771 0.2791 -0.1958 -0.3042 -0.3815 -0.1309 0.2034 -0.1005 -0.2627 -0.3510 -0.3734 0.1020 0.2558 -0.2100 -0.3135 -0.3865 -0.0454 0.2307 -0.1365 -0.2746 -0.3613 -0.3371 0.1352 0.1326 -0.2319 -0.3285 -0.3913 0.0378 0.2714 -0.1758 -0.2936 -0.3756 -0.2099 0.1855 -0.0728 -0.2578 -0.3480 -0.3772 0.0994 0.2554 -0.2117 -0.3156 -0.3879 -0.0196 0.2432 -0.1505 -0.2811 -0.3667 -0.3103 0.1340 0.2700 0.1340 -0.3103 -0.3667 -0.2811 -0.1505 0.2432 -0.0196 -0.3879 -0.3156 -0.2117 0.2554 0.0994 -0.3772 -0.3480 -0.2578 -0.0728 0.1855 -0.2099 -0.3756 -0.2936 -0.1758 0.2714 0.0378 -0.3913 -0.3285 -0.2319 0.1326 0.1352 -0.3371 -0.3613 -0.2746 -0.1365 0.2307 -0.0454 -0.3865 -0.3135 -0.2100 0.2558 0.1020 -0.3734 -0.3510 -0.2627 -0.1005 0.2034 -0.1309 -0.3815 -0.3042 -0.1958 0.2791 0.0771
0.2750 -0.1979 -0.3055 -0.3822 -0.1186 0.2067 -0.1055 -0.2640 -0.3521 -0.3711 0.1047 0.2508 -0.2115 -0.3143 -0.3868 -0.0410 0.2320 -0.1375 -0.2749 -0.3614 -0.3371 0.1349 0.1358 -0.2313 -0.3280 -0.3913 0.0353 0.2700 -0.1743 -0.2927 -0.3750 -0.2188 0.1830 -0.0666 -0.2566 -0.3469 -0.3791 0.0962 0.2610 -0.2098 -0.3143 -0.3873 -0.0273 0.2399 -0.1475 -0.2798 -0.3658 -0.3096 0.1471 0.1432 -0.1779 0.1432 0.1471 -0.3096 -0.3658 -0.2798 -0.1475 0.2399 -0.0273 -0.3873 -0.3143 -0.2098 0.2610 0.0962 -0.3791 -0.3469 -0.2566 -0.0666 0.1830 -0.2188 -0.3750 -0.2927 -0.1743 0.2700 0.0353 -0.3913 -0.3280 -0.2313 0.1358 0.1349 -0.3371 -0.3614 -0.2749 -0.1375 0.2320 -0.0410 -0.3868 -0.3143 -0.2115 0.2508 0.1047 -0.3711 -0.3521 -0.2640 -0.1055 0.2067 -0.1186 -0.3822 -0.3055 -0.1979 0.2750
-0.1946 -0.3068 -0.3829 -0.1065 0.2101 -0.1103 -0.2653 -0.3532 -0.3685 0.1078 0.2445 -0.2131 -0.3153 -0.3873 -0.0352 0.2340 -0.1392 -0.2754 -0.3617 -0.3361 0.1352 0.1358 -0.2311 -0.3278 -0.3913 0.0334 0.2689 -0.1730 -0.2919 -0.3744 -0.2267 0.1807 -0.0608 -0.2555 -0.3460 -0.3807 0.0931 0.2656 -0.2079 -0.3131 -0.3867 -0.0355 0.2366 -0.1443 -0.2785 -0.3649 -0.3147 0.1479 0.0788 -0.2302 -0.2923 -0.2302 0.0788 0.1479 -0.3147 -0.3649 -0.2785 -0.1443 0.2366 -0.0355 -0.3867 -0.3131 -0.2079 0.2656 0.0931 -0.3807 -0.3460 -0.2555 -0.0608 0.1807 -0.2267 -0.3744 -0.2919 -0.1730 0.2689 0.0334 -0.3913 -0.3278 -0.2311 0.1358 0.1352 -0.3361 -0.3617 -0.2754 -0.1392 0.2340 -0.0352 -0.3873 -0.3153 -0.2131 0.2445 0.1078 -0.3685 -0.3532 -0.2653 -0.1103 0.2101 -0.1065 -0.3829 -0.3068 -0.1946
-0.2994 -0.3836 -0.0949 0.2134 -0.1148 -0.2666 -0.3543 -0.3656 0.1109 0.2368 -0.2149 -0.3164 -0.3877 -0.0289 0.2364 -0.1413 -0.2762 -0.3623 -0.3340 0.1361 0.1326 -0.2313 -0.3278 -0.3913 0.0325 0.2681 -0.1720 -0.2913 -0.3739 -0.2333 0.1786 -0.0552 -0.2546 -0.3451 -0.3820 0.0903 0.2693 -0.2061 -0.3119 -0.3862 -0.0441 0.2333 -0.1411 -0.2772 -0.3639 -0.3208 0.1456 0.0767 -0.2368 -0.3275 -0.3797 -0.3275 -0.2368 0.0767 0.1456 -0.3208 -0.3639 -0.2772 -0.1411 0.2333 -0.0441 -0.3862 -0.3119 -0.2061 0.2693 0.0903 -0.3820 -0.3451 -0.2546 -0.0552 0.1786 -0.2333 -0.3739 -0.2913 -0.1720 0.2681 0.0325 -0.3913 -0.3278 -0.2313 0.1326 0.1361 -0.3340 -0.3623 -0.2762 -0.1413 0.2364 -0.0289 -0.3877 -0.3164 -0.2149 0.2368 0.1109 -0.3656 -0.3543 -0.2666 -0.1148 0.2134 -0.0949 -0.3836 -0.2994
-0.3773 -0.0836 0.2167 -0.1191 -0.2680 -0.3554 -0.3624 0.1141 0.2279 -0.2167 -0.3176 -0.3882 -0.0222 0.2390 -0.1437 -0.2771 -0.3629 -0.3309 0.1377 0.1260 -0.2319 -0.3280 -0.3913 0.0325 0.2679 -0.1715 -0.2909 -0.3735 -0.2384 0.1768 -0.0500 -0.2538 -0.3443 -0.3831 0.0878 0.2721 -0.2044 -0.3107 -0.3856 -0.0528 0.2300 -0.1378 -0.2759 -0.3628 -0.3268 0.1425 0.0893 -0.2368 -0.3311 -0.3929 -0.2413 -0.3929 -0.3311 -0.2368 0.0893 0.1425 -0.3268 -0.3628 -0.2759 -0.1378 0.2300 -0.0528 -0.3856 -0.3107 -0.2044 0.2721 0.0878 -0.3831 -0.3443 -0.2538 -0.0500 0.1768 -0.2384 -0.3735 -0.2909 -0.1715 0.2679 0.0325 -0.3913 -0.3280 -0.2319 0.1260 0.1377 -0.3309 -0.3629 -0.2771 -0.1437 0.2390 -0.0222 -0.3882 -0.3176 -0.2167 0.2279 0.1141 -0.3624 -0.3554 -0.2680 -0.1191 0.2167 -0.0836 -0.3773
-0.0799 0.2201 -0.1232 -0.2693 -0.3565 -0.3590 0.1172 0.2180 -0.2187 -0.3189 -0.3887 -0.0152 0.2420 -0.1464 -0.2781 -0.3637 -0.3269 0.1398 0.1165 -0.2328 -0.3285 -0.3913 0.0334 0.2681 -0.1715 -0.2907 -0.3734 -0.2416 0.1756 -0.0457 -0.2530 -0.3437 -0.3839 0.0857 0.2741 -0.2029 -0.3097 -0.3851 -0.0610 0.2270 -0.1345 -0.2746 -0.3618 -0.3324 0.1393 0.1054 -0.2354 -0.3309 -0.3912 0.0205 0.1694 0.0205 -0.3912 -0.3309 -0.2354 0.1054 0.1393 -0.3324 -0.3618 -0.2746 -0.1345 0.2270 -0.0610 -0.3851 -0.3097 -0.2029 0.2741 0.0857 -0.3839 -0.3437 -0.2530 -0.0457 0.1756 -0.2416 -0.3734 -0.2907 -0.1715 0.2681 0.0334 -0.3913 -0.3285 -0.2328 0.1165 0.1398 -0.3269 -0.3637 -0.2781 -0.1464 0.2420 -0.0152 -0.3887 -0.3189 -0.2187 0.2180 0.1172 -0.3590 -0.3565 -0.2693 -0.1232 0.2201 -0.0799
0.2220 -0.1272 -0.2706 -0.3576 -0.3553 0.1204 0.2071 -0.2206 -0.3201 -0.3892 -0.0083 0.2452 -0.1493 -0.2793 -0.3646 -0.3221 0.1422 0.1047 -0.2340 -0.3292 -0.3913 0.0353 0.2689 -0.1720 -0.2909 -0.3734 -0.2426 0.1749 -0.0429 -0.2525 -0.3431 -0.3846 0.0838 0.2756 -0.2016 -0.3088 -0.3846 -0.0689 0.2244 -0.1315 -0.2734 -0.3608 -0.3376 0.1361 0.1220 -0.2336 -0.3300 -0.3913 0.0384 0.2599 -0.0261 0.2599 0.0384 -0.3913 -0.3300 -0.2336 0.1220 0.1361 -0.3376 -0.3608 -0.2734 -0.1315 0.2244 -0.0689 -0.3846 -0.3088 -0.2016 0.2756 0.0838 -0.3846 -0.3431 -0.2525 -0.0429 0.1749 -0.2426 -0.3734 -0.2909 -0.1720 0.2689 0.0353 -0.3913 -0.3292 -0.2340 0.1047 0.1422 -0.3221 -0.3646 -0.2793 -0.1493 0.2452 -0.0083 -0.3892 -0.3201 -0.2206 0.2071 0.1204 -0.3553 -0.3576 -0.2706 -0.1272 0.2220
-0.1286 -0.2720 -0.3587 -0.3513 0.1235 0.1951 -0.2225 -0.3214 -0.3897 -0.0017 0.2484 -0.1522 -0.2806 -0.3655 -0.3166 0.1449 0.0916 -0.2353 -0.3301 -0.3913 0.0378 0.2700 -0.1730 -0.2913 -0.3735 -0.2416 0.1749 -0.0419 -0.2522 -0.3428 -0.3851 0.0823 0.2767 -0.2004 -0.3081 -0.3842 -0.0762 0.2219 -0.1287 -0.2723 -0.3599 -0.3420 0.1331 0.1379 -0.2318 -0.3288 -0.3913 0.0390 0.2699 -0.1628 -0.2490 -0.1628 0.2699 0.0390 -0.3913 -0.3288 -0.2318 0.1379 0.1331 -0.3420 -0.3599 -0.2723 -0.1287 0.2219 -0.0762 -0.3842 -0.3081 -0.2004 0.2767 0.0823 -0.3851 -0.3428 -0.2522 -0.0419 0.1749 -0.2416 -0.3735 -0.2913 -0.1730 0.2700 0.0378 -0.3913 -0.3301 -0.2353 0.0916 0.1449 -0.3166 -0.3655 -0.2806 -0.1522 0.2484 -0.0017 -0.3897 -0.3214 -0.2225 0.1951 0.1235 -0.3513 -0.3587 -0.2720 -0.1286
-0.2643 -0.3597 -0.3470 0.1267 0.1821 -0.2243 -0.3226 -0.3901 0.0046 0.2516 -0.1551 -0.2819 -0.3665 -0.3102 0.1478 0.0772 -0.2368 -0.3310 -0.3913 0.0407 0.2714 -0.1743 -0.2919 -0.3739 -0.2384 0.1756 -0.0429 -0.2522 -0.3426 -0.3854 0.0813 0.2775 -0.1995 -0.3074 -0.3838 -0.0827 0.2198 -0.1261 -0.2714 -0.3591 -0.3458 0.1304 0.1521 -0.2300 -0.3276 -0.3913 0.0357 0.2701 -0.1722 -0.2859 -0.3429 -0.2859 -0.1722 0.2701 0.0357 -0.3913 -0.3276 -0.2300 0.1521 0.1304 -0.3458 -0.3591 -0.2714 -0.1261 0.2198 -0.0827 -0.3838 -0.3074 -0.1995 0.2775 0.0813 -0.3854 -0.3426 -0.2522 -0.0429 0.1756 -0.2384 -0.3739 -0.2919 -0.1743 0.2714 0.0407 -0.3913 -0.3310 -0.2368 0.0772 0.1478 -0.3102 -0.3665 -0.2819 -0.1551 0.2516 0.0046 -0.3901 -0.3226 -0.2243 0.1821 0.1267 -0.3470 -0.3597 -0.2643
-0.3528 -0.3424 0.1299 0.1681 -0.2262 -0.3239 -0.3905 0.0105 0.2547 -0.1579 -0.2832 -0.3675 -0.3032 0.1511 0.0615 -0.2385 -0.3320 -0.3912 0.0440 0.2729 -0.1758 -0.2927 -0.3744 -0.2333 0.1768 -0.0457 -0.2525 -0.3428 -0.3854 0.0809 0.2778 -0.1989 -0.3069 -0.3835 -0.0882 0.2179 -0.1238 -0.2706 -0.3584 -0.3489 0.1280 0.1641 -0.2284 -0.3265 -0.3912 0.0315 0.2684 -0.1725 -0.2906 -0.3723 -0.3931 -0.3723 -0.2906 -0.1725 0.2684 0.0315 -0.3912 -0.3265 -0.2284 0.1641 0.1280 -0.3489 -0.3584 -0.2706 -0.1238 0.2179 -0.0882 -0.3835 -0.3069 -0.1989 0.2778 0.0809 -0.3854 -0.3428 -0.2525 -0.0457 0.1768 -0.2333 -0.3744 -0.2927 -0.1758 0.2729 0.0440 -0.3912 -0.3320 -0.2385 0.0615 0.1511 -0.3032 -0.3675 -0.2832 -0.1579 0.2547 0.0105 -0.3905 -0.3239 -0.2262 0.1681 0.1299 -0.3424 -0.3528
-0.3370 0.1331 0.1532 -0.2281 -0.3251 -0.3908 0.0161 0.2577 -0.1606 -0.2845 -0.3684 -0.2956 0.1544 0.0453 -0.2403 -0.3332 -0.3910 0.0476 0.2745 -0.1776 -0.2936 -0.3750 -0.2267 0.1786 -0.0500 -0.2530 -0.3431 -0.3851 0.0813 0.2778 -0.1987 -0.3067 -0.3833 -0.0925 0.2164 -0.1218 -0.2698 -0.3578 -0.3514 0.1259 0.1742 -0.2270 -0.3255 -0.3911 0.0272 0.2663 -0.1708 -0.2907 -0.3733 -0.2882 0.0696 -0.2882 -0.3733 -0.2907 -0.1708 0.2663 0.0272 -0.3911 -0.3255 -0.2270 0.1742 0.1259 -0.3514 -0.3578 -0.2698 -0.1218 0.2164 -0.0925 -0.3833 -0.3067 -0.1987 0.2778 0.0813 -0.3851 -0.3431 -0.2530 -0.0500 0.1786 -0.2267 -0.3750 -0.2936 -0.1776 0.2745 0.0476 -0.3910 -0.3332 -0.2403 0.0453 0.1544 -0.2956 -0.3684 -0.2845 -0.1606 0.2577 0.0161 -0.3908 -0.3251 -0.2281 0.1532 0.1331 -0.3370
0.1342 0.1375 -0.2300 -0.3264 -0.3910 0.0215 0.2606 -0.1633 -0.2858 -0.3694 -0.2876 0.1577 0.0299 -0.2422 -0.3344 -0.3908 0.0515 0.2761 -0.1795 -0.2946 -0.3756 -0.2188 0.1807 -0.0552 -0.2538 -0.3437 -0.3846 0.0823 0.2775 -0.1989 -0.3067 -0.3832 -0.0948 0.2154 -0.1202 -0.2692 -0.3573 -0.3535 0.1242 0.1825 -0.2258 -0.3246 -0.3909 0.0232 0.2641 -0.1688 -0.2898 -0.3730 -0.2553 0.1547 0.2791 0.1547 -0.2553 -0.3730 -0.2898 -0.1688 0.2641 0.0232 -0.3909 -0.3246 -0.2258 0.1825 0.1242 -0.3535 -0.3573 -0.2692 -0.1202 0.2154 -0.0948 -0.3832 -0.3067 -0.1989 0.2775 0.0823 -0.3846 -0.3437 -0.2538 -0.0552 0.1807 -0.2188 -0.3756 -0.2946 -0.1795 0.2761 0.0515 -0.3908 -0.3344 -0.2422 0.0299 0.1577 -0.2876 -0.3694 -0.2858 -0.1633 0.2606 0.0215 -0.3910 -0.3264 -0.2300 0.1375 0.1342
0.1189 -0.2318 -0.3276 -0.3912 0.0266 0.2634 -0.1659 -0.2871 -0.3703 -0.2792 0.1611 0.0153 -0.2441 -0.3356 -0.3904 0.0555 0.2776 -0.1816 -0.2957 -0.3763 -0.2099 0.1830 -0.0608 -0.2546 -0.3443 -0.3839 0.0838 0.2767 -0.1995 -0.3069 -0.3833 -0.0948 0.2151 -0.1194 -0.2689 -0.3569 -0.3553 0.1227 0.1891 -0.2247 -0.3239 -0.3907 0.0195 0.2620 -0.1668 -0.2888 -0.3723 -0.2533 0.1690 0.0338 -0.1940 0.0338 0.1690 -0.2533 -0.3723 -0.2888 -0.1668 0.2620 0.0195 -0.3907 -0.3239 -0.2247 0.1891 0.1227 -0.3553 -0.3569 -0.2689 -0.1194 0.2151 -0.0948 -0.3833 -0.3069 -0.1995 0.2767 0.0838 -0.3839 -0.3443 -0.2546 -0.0608 0.1830 -0.2099 -0.3763 -0.2957 -0.1816 0.2776 0.0555 -0.3904 -0.3356 -0.2441 0.0153 0.1611 -0.2792 -0.3703 -0.2871 -0.1659 0.2634 0.0266 -0.3912 -0.3276 -0.2318 0.1189
-0.2256 -0.3288 -0.3913 0.0315 0.2661 -0.1684 -0.2885 -0.3713 -0.2702 0.1644 0.0016 -0.2459 -0.3368 -0.3899 0.0594 0.2788 -0.1838 -0.2970 -0.3771 -0.1998 0.1855 -0.0666 -0.2555 -0.3451 -0.3831 0.0857 0.2756 -0.2004 -0.3074 -0.3835 -0.0925 0.2154 -0.1194 -0.2687 -0.3566 -0.3564 0.1215 0.1944 -0.2239 -0.3232 -0.3905 0.0163 0.2602 -0.1650 -0.2879 -0.3716 -0.2587 0.1702 -0.0190 -0.2424 -0.3013 -0.2424 -0.0190 0.1702 -0.2587 -0.3716 -0.2879 -0.1650 0.2602 0.0163 -0.3905 -0.3232 -0.2239 0.1944 0.1215 -0.3564 -0.3566 -0.2687 -0.1194 0.2154 -0.0925 -0.3835 -0.3074 -0.2004 0.2756 0.0857 -0.3831 -0.3451 -0.2555 -0.0666 0.1855 -0.1998 -0.3771 -0.2970 -0.1838 0.2788 0.0594 -0.3899 -0.3368 -0.2459 0.0016 0.1644 -0.2702 -0.3713 -0.2885 -0.1684 0.2661 0.0315 -0.3913 -0.3288 -0.2256
-0.3216 -0.3913 0.0362 0.2686 -0.1709 -0.2898 -0.3722 -0.2608 0.1675 -0.0110 -0.2475 -0.3380 -0.3894 0.0632 0.2798 -0.1860 -0.2983 -0.3779 -0.1884 0.1884 -0.0728 -0.2566 -0.3460 -0.3820 0.0878 0.2741 -0.2016 -0.3081 -0.3838 -0.0882 0.2164 -0.1202 -0.2689 -0.3566 -0.3568 0.1209 0.1981 -0.2232 -0.3227 -0.3904 0.0135 0.2586 -0.1635 -0.2870 -0.3710 -0.2649 0.1686 -0.0223 -0.2486 -0.3361 -0.3860 -0.3361 -0.2486 -0.0223 0.1686 -0.2649 -0.3710 -0.2870 -0.1635 0.2586 0.0135 -0.3904 -0.3227 -0.2232 0.1981 0.1209 -0.3568 -0.3566 -0.2689 -0.1202 0.2164 -0.0882 -0.3838 -0.3081 -0.2016 0.2741 0.0878 -0.3820 -0.3460 -0.2566 -0.0728 0.1884 -0.1884 -0.3779 -0.2983 -0.1860 0.2798 0.0632 -0.3894 -0.3380 -0.2475 -0.0110 0.1675 -0.2608 -0.3722 -0.2898 -0.1709 0.2686 0.0362 -0.3913 -0.3216
-0.3855 0.0407 0.2709 -0.1733 -0.2911 -0.3731 -0.2510 0.1707 -0.0227 -0.2489 -0.3392 -0.3887 0.0669 0.2804 -0.1882 -0.2995 -0.3787 -0.1761 0.1916 -0.0793 -0.2578 -0.3469 -0.3807 0.0903 0.2721 -0.2029 -0.3088 -0.3842 -0.0827 0.2179 -0.1218 -0.2692 -0.3569 -0.3564 0.1209 0.1993 -0.2228 -0.3224 -0.3903 0.0113 0.2573 -0.1622 -0.2863 -0.3704 -0.2707 0.1667 -0.0172 -0.2491 -0.3395 -0.3917 -0.1599 -0.3917 -0.3395 -0.2491 -0.0172 0.1667 -0.2707 -0.3704 -0.2863 -0.1622 0.2573 0.0113 -0.3903 -0.3224 -0.2228 0.1993 0.1209 -0.3564 -0.3569 -0.2692 -0.1218 0.2179 -0.0827 -0.3842 -0.3088 -0.2029 0.2721 0.0903 -0.3807 -0.3469 -0.2578 -0.0793 0.1916 -0.1761 -0.3787 -0.2995 -0.1882 0.2804 0.0669 -0.3887 -0.3392 -0.2489 -0.0227 0.1707 -0.2510 -0.3731 -0.2911 -0.1733 0.2709 0.0407 -0.3855
0.0417 0.2731 -0.1757 -0.2924 -0.3740 -0.2406 0.1738 -0.0334 -0.2503 -0.3404 -0.3879 0.0706 0.2806 -0.1903 -0.3008 -0.3795 -0.1635 0.1949 -0.0857 -0.2592 -0.3480 -0.3791 0.0931 0.2693 -0.2044 -0.3097 -0.3846 -0.0762 0.2198 -0.1238 -0.2698 -0.3573 -0.3553 0.1215 0.1981 -0.2228 -0.3223 -0.3902 0.0097 0.2562 -0.1611 -0.2857 -0.3700 -0.2756 0.1650 -0.0106 -0.2485 -0.3396 -0.3886 0.0522 0.1918 0.0522 -0.3886 -0.3396 -0.2485 -0.0106 0.1650 -0.2756 -0.3700 -0.2857 -0.1611 0.2562 0.0097 -0.3902 -0.3223 -0.2228 0.1981 0.1215 -0.3553 -0.3573 -0.2698 -0.1238 0.2198 -0.0762 -0.3846 -0.3097 -0.2044 0.2693 0.0931 -0.3791 -0.3480 -0.2592 -0.0857 0.1949 -0.1635 -0.3795 -0.3008 -0.1903 0.2806 0.0706 -0.3879 -0.3404 -0.2503 -0.0334 0.1738 -0.2406 -0.3740 -0.2924 -0.1757 0.2731 0.0417
0.2729 -0.1780 -0.2937 -0.3749 -0.2298 0.1770 -0.0433 -0.2517 -0.3416 -0.3869 0.0741 0.2804 -0.1925 -0.3021 -0.3803 -0.1510 0.1981 -0.0917 -0.2605 -0.3492 -0.3772 0.0962 0.2656 -0.2061 -0.3107 -0.3851 -0.0689 0.2219 -0.1261 -0.2706 -0.3578 -0.3535 0.1227 0.1944 -0.2232 -0.3224 -0.3902 0.0091 0.2556 -0.1604 -0.2853 -0.3696 -0.2795 0.1634 -0.0042 -0.2478 -0.3391 -0.3883 0.0674 0.2767 -0.0856 0.2767 0.0674 -0.3883 -0.3391 -0.2478 -0.0042 0.1634 -0.2795 -0.3696 -0.2853 -0.1604 0.2556 0.0091 -0.3902 -0.3224 -0.2232 0.1944 0.1227 -0.3535 -0.3578 -0.2706 -0.1261 0.2219 -0.0689 -0.3851 -0.3107 -0.2061 0.2656 0.0962 -0.3772 -0.3492 -0.2605 -0.0917 0.1981 -0.1510 -0.3803 -0.3021 -0.1925 0.2804 0.0741 -0.3869 -0.3416 -0.2517 -0.0433 0.1770 -0.2298 -0.3749 -0.2937 -0.1780 0.2729
-0.1762 -0.2950 -0.3757 -0.2186 0.1802 -0.0523 -0.2530 -0.3427 -0.3859 0.0776 0.2798 -0.1946 -0.3034 -0.3810 -0.1384 0.2014 -0.0973 -0.2618 -0.3503 -0.3751 0.0994 0.2610 -0.2079 -0.3119 -0.3856 -0.0610 0.2244 -0.1287 -0.2714 -0.3584 -0.3514 0.1242 0.1891 -0.2239 -0.3227 -0.3903 0.0097 0.2556 -0.1601 -0.2850 -0.3693 -0.2825 0.1621 0.0015 -0.2472 -0.3386 -0.3886 0.0693 0.2806 -0.1807 -0.2591 -0.1807 0.2806 0.0693 -0.3886 -0.3386 -0.2472 0.0015 0.1621 -0.2825 -0.3693 -0.2850 -0.1601 0.2556 0.0097 -0.3903 -0.3227 -0.2239 0.1891 0.1242 -0.3514 -0.3584 -0.2714 -0.1287 0.2244 -0.0610 -0.3856 -0.3119 -0.2079 0.2610 0.0994 -0.3751 -0.3503 -0.2618 -0.0973 0.2014 -0.1384 -0.3810 -0.3034 -0.1946 0.2798 0.0776 -0.3859 -0.3427 -0.2530 -0.0523 0.1802 -0.2186 -0.3757 -0.2950 -0.1762
-0.2875 -0.3766 -0.2070 0.1834 -0.0607 -0.2544 -0.3439 -0.3847 0.0811 0.2786 -0.1966 -0.3047 -0.3818 -0.1259 0.2047 -0.1025 -0.2632 -0.3514 -0.3727 0.1026 0.2554 -0.2098 -0.3131 -0.3862 -0.0528 0.2270 -0.1315 -0.2723 -0.3591 -0.3489 0.1259 0.1825 -0.2247 -0.3232 -0.3904 0.0113 0.2562 -0.1604 -0.2850 -0.3692 -0.2842 0.1612 0.0062 -0.2465 -0.3381 -0.3889 0.0684 0.2806 -0.1896 -0.2959 -0.3522 -0.2959 -0.1896 0.2806 0.0684 -0.3889 -0.3381 -0.2465 0.0062 0.1612 -0.2842 -0.3692 -0.2850 -0.1604 0.2562 0.0113 -0.3904 -0.3232 -0.2247 0.1825 0.1259 -0.3489 -0.3591 -0.2723 -0.1315 0.2270 -0.0528 -0.3862 -0.3131 -0.2098 0.2554 0.1026 -0.3727 -0.3514 -0.2632 -0.1025 0.2047 -0.1259 -0.3818 -0.3047 -0.1966 0.2786 0.0811 -0.3847 -0.3439 -0.2544 -0.0607 0.1834 -0.2070 -0.3766 -0.2875
-0.3700 -0.1951 0.1866 -0.0684 -0.2557 -0.3451 -0.3833 0.0845 0.2769 -0.1987 -0.3060 -0.3825 -0.1137 0.2081 -0.1075 -0.2645 -0.3526 -0.3702 0.1058 0.2490 -0.2117 -0.3143 -0.3867 -0.0441 0.2300 -0.1345 -0.2734 -0.3599 -0.3458 0.1280 0.1742 -0.2258 -0.3239 -0.3905 0.0135 0.2573 -0.1611 -0.2853 -0.3693 -0.2842 0.1608 0.0089 -0.2460 -0.3376 -0.3891 0.0672 0.2806 -0.1907 -0.3008 -0.3795 -0.3814 -0.3795 -0.3008 -0.1907 0.2806 0.0672 -0.3891 -0.3376 -0.2460 0.0089 0.1608 -0.2842 -0.3693 -0.2853 -0.1611 0.2573 0.0135 -0.3905 -0.3239 -0.2258 0.1742 0.1280 -0.3458 -0.3599 -0.2734 -0.1345 0.2300 -0.0441 -0.3867 -0.3143 -0.2117 0.2490 0.1058 -0.3702 -0.3526 -0.2645 -0.1075 0.2081 -0.1137 -0.3825 -0.3060 -0.1987 0.2769 0.0845 -0.3833 -0.3451 -0.2557 -0.0684 0.1866 -0.1951 -0.3700
-0.1897 0.1899 -0.0756 -0.2571 -0.3462 -0.3818 0.0878 0.2746 -0.2007 -0.3073 -0.3832 -0.1018 0.2114 -0.1121 -0.2658 -0.3537 -0.3674 0.1090 0.2417 -0.2137 -0.3156 -0.3873 -0.0355 0.2333 -0.1378 -0.2746 -0.3608 -0.3420 0.1304 0.1641 -0.2270 -0.3246 -0.3907 0.0163 0.2586 -0.1622 -0.2857 -0.3696 -0.2825 0.1612 0.0089 -0.2458 -0.3374 -0.3893 0.0660 0.2805 -0.1904 -0.3015 -0.3801 -0.2083 0.0956 -0.2083 -0.3801 -0.3015 -0.1904 0.2805 0.0660 -0.3893 -0.3374 -0.2458 0.0089 0.1612 -0.2825 -0.3696 -0.2857 -0.1622 0.2586 0.0163 -0.3907 -0.3246 -0.2270 0.1641 0.1304 -0.3420 -0.3608 -0.2746 -0.1378 0.2333 -0.0355 -0.3873 -0.3156 -0.2137 0.2417 0.1090 -0.3674 -0.3537 -0.2658 -0.1121 0.2114 -0.1018 -0.3832 -0.3073 -0.2007 0.2746 0.0878 -0.3818 -0.3462 -0.2571 -0.0756 0.1899 -0.1897
0.1914 -0.0822 -0.2584 -0.3474 -0.3801 0.0911 0.2717 -0.2028 -0.3085 -0.3839 -0.0903 0.2147 -0.1166 -0.2672 -0.3548 -0.3643 0.1122 0.2334 -0.2156 -0.3169 -0.3879 -0.0273 0.2366 -0.1411 -0.2759 -0.3618 -0.3376 0.1331 0.1521 -0.2284 -0.3255 -0.3909 0.0195 0.2602 -0.1635 -0.2863 -0.3700 -0.2795 0.1621 0.0062 -0.2460 -0.3374 -0.3894 0.0653 0.2805 -0.1899 -0.3013 -0.3802 -0.1585 0.1809 0.2655 0.1809 -0.1585 -0.3802 -0.3013 -0.1899 0.2805 0.0653 -0.3894 -0.3374 -0.2460 0.0062 0.1621 -0.2795 -0.3700 -0.2863 -0.1635 0.2602 0.0195 -0.3909 -0.3255 -0.2284 0.1521 0.1331 -0.3376 -0.3618 -0.2759 -0.1411 0.2366 -0.0273 -0.3879 -0.3169 -0.2156 0.2334 0.1122 -0.3643 -0.3548 -0.2672 -0.1166 0.2147 -0.0903 -0.3839 -0.3085 -0.2028 0.2717 0.0911 -0.3801 -0.3474 -0.2584 -0.0822 0.1914
-0.0871 -0.2598 -0.3485 -0.3783 0.0944 0.2681 -0.2048 -0.3098 -0.3845 -0.0792 0.2181 -0.1208 -0.2685 -0.3559 -0.3611 0.1153 0.2241 -0.2175 -0.3181 -0.3884 -0.0196 0.2399 -0.1443 -0.2772 -0.3628 -0.3324 0.1361 0.1379 -0.2300 -0.3265 -0.3911 0.0232 0.2620 -0.1650 -0.2870 -0.3704 -0.2756 0.1634 0.0015 -0.2465 -0.3376 -0.3893 0.0653 0.2804 -0.1895 -0.3011 -0.3801 -0.1494 0.1972 -0.0624 -0.2102 -0.0624 0.1972 -0.1494 -0.3801 -0.3011 -0.1895 0.2804 0.0653 -0.3893 -0.3376 -0.2465 0.0015 0.1634 -0.2756 -0.3704 -0.2870 -0.1650 0.2620 0.0232 -0.3911 -0.3265 -0.2300 0.1379 0.1361 -0.3324 -0.3628 -0.2772 -0.1443 0.2399 -0.0196 -0.3884 -0.3181 -0.2175 0.2241 0.1153 -0.3611 -0.3559 -0.2685 -0.1208 0.2181 -0.0792 -0.3845 -0.3098 -0.2048 0.2681 0.0944 -0.3783 -0.3485 -0.2598 -0.0871
-0.2519 -0.3497 -0.3763 0.0976 0.2637 -0.2067 -0.3111 -0.3852 -0.0687 0.2214 -0.1248 -0.2698 -0.3570 -0.3575 0.1185 0.2138 -0.2194 -0.3194 -0.3889 -0.0124 0.2432 -0.1475 -0.2785 -0.3639 -0.3268 0.1393 0.1220 -0.2318 -0.3276 -0.3912 0.0272 0.2641 -0.1668 -0.2879 -0.3710 -0.2707 0.1650 -0.0042 -0.2472 -0.3381 -0.3891 0.0660 0.2805 -0.1895 -0.3010 -0.3800 -0.1488 0.1998 -0.0921 -0.2551 -0.3128 -0.2551 -0.0921 0.1998 -0.1488 -0.3800 -0.3010 -0.1895 0.2805 0.0660 -0.3891 -0.3381 -0.2472 -0.0042 0.1650 -0.2707 -0.3710 -0.2879 -0.1668 0.2641 0.0272 -0.3912 -0.3276 -0.2318 0.1220 0.1393 -0.3268 -0.3639 -0.2785 -0.1475 0.2432 -0.0124 -0.3889 -0.3194 -0.2194 0.2138 0.1185 -0.3575 -0.3570 -0.2698 -0.1248 0.2214 -0.0687 -0.3852 -0.3111 -0.2067 0.2637 0.0976 -0.3763 -0.3497 -0.2519
-0.3426 -0.3740 0.1008 0.2586 -0.2087 -0.3124 -0.3858 -0.0587 0.2248 -0.1287 -0.2712 -0.3580 -0.3537 0.1216 0.2025 -0.2213 -0.3206 -0.3894 -0.0056 0.2464 -0.1505 -0.2798 -0.3649 -0.3208 0.1425 0.1054 -0.2336 -0.3288 -0.3913 0.0315 0.2663 -0.1688 -0.2888 -0.3716 -0.2649 0.1667 -0.0106 -0.2478 -0.3386 -0.3889 0.0672 0.2805 -0.1899 -0.3011 -0.3800 -0.1491 0.2002 -0.0968 -0.2611 -0.3472 -0.3926 -0.3472 -0.2611 -0.0968 0.2002 -0.1491 -0.3800 -0.3011 -0.1899 0.2805 0.0672 -0.3889 -0.3386 -0.2478 -0.0106 0.1667 -0.2649 -0.3716 -0.2888 -0.1688 0.2663 0.0315 -0.3913 -0.3288 -0.2336 0.1054 0.1425 -0.3208 -0.3649 -0.2798 -0.1505 0.2464 -0.0056 -0.3894 -0.3206 -0.2213 0.2025 0.1216 -0.3537 -0.3580 -0.2712 -0.1287 0.2248 -0.0587 -0.3858 -0.3124 -0.2087 0.2586 0.1008 -0.3740 -0.3426
-0.3688 0.1039 0.2530 -0.2106 -0.3136 -0.3864 -0.0497 0.2279 -0.1322 -0.2724 -0.3591 -0.3498 0.1246 0.1907 -0.2231 -0.3218 -0.3898 0.0005 0.2495 -0.1532 -0.2811 -0.3658 -0.3147 0.1456 0.0893 -0.2354 -0.3300 -0.3913 0.0357 0.2684 -0.1708 -0.2898 -0.3723 -0.2587 0.1686 -0.0172 -0.2485 -0.3391 -0.3886 0.0684 0.2806 -0.1904 -0.3013 -0.3801 -0.1488 0.2002 -0.0975 -0.2623 -0.3506 -0.3827 -0.0544 -0.3827 -0.3506 -0.2623 -0.0975 0.2002 -0.1488 -0.3801 -0.3013 -0.1904 0.2806 0.0684 -0.3886 -0.3391 -0.2485 -0.0172 0.1686 -0.2587 -0.3723 -0.2898 -0.1708 0.2684 0.0357 -0.3913 -0.3300 -0.2354 0.0893 0.1456 -0.3147 -0.3658 -0.2811 -0.1532 0.2495 0.0005 -0.3898 -0.3218 -0.2231 0.1907 0.1246 -0.3498 -0.3591 -0.2724 -0.1322 0.2279 -0.0497 -0.3864 -0.3136 -0.2106 0.2530 0.1039 -0.3688
0.1038 0.2481 -0.2120 -0.3146 -0.3869 -0.0429 0.2304 -0.1348 -0.2734 -0.3600 -0.3466 0.1269 0.1809 -0.2246 -0.3228 -0.3901 0.0051 0.2518 -0.1554 -0.2820 -0.3667 -0.3096 0.1479 0.0767 -0.2368 -0.3309 -0.3913 0.0390 0.2701 -0.1725 -0.2907 -0.3730 -0.2533 0.1702 -0.0223 -0.2491 -0.3396 -0.3883 0.0693 0.2806 -0.1907 -0.3015 -0.3802 -0.1494 0.1998 -0.0968 -0.2623 -0.3512 -0.3749 0.0856 0.2225 0.0856 -0.3749 -0.3512 -0.2623 -0.0968 0.1998 -0.1494 -0.3802 -0.3015 -0.1907 0.2806 0.0693 -0.3883 -0.3396 -0.2491 -0.0223 0.1702 -0.2533 -0.3730 -0.2907 -0.1725 0.2701 0.0390 -0.3913 -0.3309 -0.2368 0.0767 0.1479 -0.3096 -0.3667 -0.2820 -0.1554 0.2518 0.0051 -0.3901 -0.3228 -0.2246 0.1809 0.1269 -0.3466 -0.3600 -0.2734 -0.1348 0.2304 -0.0429 -0.3869 -0.3146 -0.2120 0.2481 0.1038
0.2462 -0.2119 -0.3146 -0.3871 -0.0440 0.2300 -0.1345 -0.2733 -0.3603 -0.3470 0.1262 0.1826 -0.2245 -0.3229 -0.3901 0.0044 0.2515 -0.1551 -0.2820 -0.3670 -0.3103 0.1471 0.0788 -0.2368 -0.3311 -0.3912 0.0384 0.2699 -0.1722 -0.2906 -0.3733 -0.2553 0.1690 -0.0190 -0.2486 -0.3395 -0.3886 0.0674 0.2806 -0.1896 -0.3008 -0.3801 -0.1585 0.1972 -0.0921 -0.2611 -0.3506 -0.3749 0.0972 0.2777 -0.1277 0.2777 0.0972 -0.3749 -0.3506 -0.2611 -0.0921 0.1972 -0.1585 -0.3801 -0.3008 -0.1896 0.2806 0.0674 -0.3886 -0.3395 -0.2486 -0.0190 0.1690 -0.2553 -0.3733 -0.2906 -0.1722 0.2699 0.0384 -0.3912 -0.3311 -0.2368 0.0788 0.1471 -0.3103 -0.3670 -0.2820 -0.1551 0.2515 0.0044 -0.3901 -0.3229 -0.2245 0.1826 0.1262 -0.3470 -0.3603 -0.2733 -0.1345 0.2300 -0.0440 -0.3871 -0.3146 -0.2119 0.2462
-0.1991 -0.3105 -0.3877 -0.0800 0.2154 -0.1199 -0.2683 -0.3583 -0.3610 0.1138 0.2272 -0.2177 -0.3191 -0.3911 -0.0204 0.2383 -0.1438 -0.2772 -0.3655 -0.3324 0.1340 0.1432 -0.2302 -0.3275 -0.3929 0.0205 0.2599 -0.1628 -0.2859 -0.3723 -0.2882 0.1547 0.0338 -0.2424 -0.3361 -0.3917 0.0522 0.2767 -0.1807 -0.2959 -0.3795 -0.2083 0.1809 -0.0624 -0.2551 -0.3472 -0.3827 0.0856 0.2777 -0.1905 -0.2647 -0.1905 0.2777 0.0856 -0.3827 -0.3472 -0.2551 -0.0624 0.1809 -0.2083 -0.3795 -0.2959 -0.1807 0.2767 0.0522 -0.3917 -0.3361 -0.2424 0.0338 0.1547 -0.2882 -0.3723 -0.2859 -0.1628 0.2599 0.0205 -0.3929 -0.3275 -0.2302 0.1432 0.1340 -0.3324 -0.3655 -0.2772 -0.1438 0.2383 -0.0204 -0.3911 -0.3191 -0.2177 0.2272 0.1138 -0.3610 -0.3583 -0.2683 -0.1199 0.2154 -0.0800 -0.3877 -0.3105 -0.1991
-0.2660 -0.3658 -0.3429 0.1283 0.1720 -0.2279 -0.3259 -0.3970 0.0130 0.2522 -0.1602 -0.2835 -0.3730 -0.3016 0.1484 0.0661 -0.2388 -0.3345 -0.3970 0.0445 0.2700 -0.1779 -0.2923 -0.3797 -0.2413 0.1694 -0.0261 -0.2490 -0.3429 -0.3931 0.0696 0.2791 -0.1940 -0.3013 -0.3860 -0.1599 0.1918 -0.0856 -0.2591 -0.3522 -0.3814 0.0956 0.2655 -0.2102 -0.3128 -0.3926 -0.0545 0.2225 -0.1277 -0.2647 -0.3237 -0.2647 -0.1277 0.2225 -0.0544 -0.3926 -0.3128 -0.2102 0.2655 0.0956 -0.3814 -0.3522 -0.2591 -0.0856 0.1918 -0.1599 -0.3860 -0.3013 -0.1940 0.2791 0.0696 -0.3931 -0.3429 -0.2490 -0.0261 0.1694 -0.2413 -0.3797 -0.2923 -0.1779 0.2700 0.0445 -0.3970 -0.3345 -0.2388 0.0661 0.1484 -0.3016 -0.3730 -0.2835 -0.1602 0.2522 0.0130 -0.3970 -0.3259 -0.2279 0.1720 0.1283 -0.3429 -0.3658 -0.2660
