0.0001 0.0008 0.0122 0.1823 1.0000 1.0000 0.0003 0.0045 0.0664 0.9868 1.0000 0.0001 0.0016 0.0241 0.3574 1.0000 0.0000 0.0006 0.0087 0.1295 1.0000 1.0000 0.0002 0.0032 0.0469 0.6967 1.0000 0.0001 0.0011 0.0170 0.2524 1.0000 1.0000 0.0004 0.0062 0.0914 1.0000 1.0000 0.0001 0.0022 0.0331 0.4920 1.0000 0.0001 0.0008 0.0120 0.1775 1.0000 1.0000 0.0002 0.0012 0.0002 1.0000 1.0000 0.1775 0.0120 0.0008 0.0001 1.0000 0.4920 0.0331 0.0022 0.0001 1.0000 1.0000 0.0914 0.0062 0.0004 1.0000 1.0000 0.2524 0.0170 0.0011 0.0001 1.0000 0.6967 0.0469 0.0032 0.0002 1.0000 1.0000 0.1295 0.0087 0.0006 0.0000 1.0000 0.3574 0.0241 0.0016 0.0001 1.0000 0.9868 0.0664 0.0045 0.0003 1.0000 1.0000 0.1823 0.0122 0.0008 0.0001
0.0008 0.0123 0.1820 1.0000 1.0000 0.0003 0.0044 0.0657 0.9756 1.0000 0.0001 0.0016 0.0238 0.3534 1.0000 0.0000 0.0006 0.0086 0.1280 1.0000 1.0000 0.0002 0.0031 0.0464 0.6888 1.0000 0.0001 0.0011 0.0168 0.2495 1.0000 1.0000 0.0004 0.0061 0.0904 1.0000 1.0000 0.0001 0.0022 0.0327 0.4864 1.0000 0.0001 0.0008 0.0119 0.1762 1.0000 1.0000 0.0003 0.0034 0.0178 0.0034 0.0003 1.0000 1.0000 0.1762 0.0119 0.0008 0.0001 1.0000 0.4864 0.0327 0.0022 0.0001 1.0000 1.0000 0.0904 0.0061 0.0004 1.0000 1.0000 0.2495 0.0168 0.0011 0.0001 1.0000 0.6888 0.0464 0.0031 0.0002 1.0000 1.0000 0.1280 0.0086 0.0006 0.0000 1.0000 0.3534 0.0238 0.0016 0.0001 1.0000 0.9756 0.0657 0.0044 0.0003 1.0000 1.0000 0.1820 0.0123 0.0008
0.0122 0.1820 1.0000 1.0000 0.0003 0.0043 0.0634 0.9427 1.0000 0.0001 0.0015 0.0229 0.3402 1.0000 1.0000 0.0006 0.0083 0.1232 1.0000 1.0000 0.0002 0.0030 0.0446 0.6631 1.0000 0.0001 0.0011 0.0162 0.2402 1.0000 1.0000 0.0004 0.0059 0.0870 1.0000 1.0000 0.0001 0.0021 0.0315 0.4682 1.0000 0.0001 0.0008 0.0114 0.1696 1.0000 1.0000 0.0003 0.0039 0.0487 0.2543 0.0487 0.0039 0.0003 1.0000 1.0000 0.1696 0.0114 0.0008 0.0001 1.0000 0.4682 0.0315 0.0021 0.0001 1.0000 1.0000 0.0870 0.0059 0.0004 1.0000 1.0000 0.2402 0.0162 0.0011 0.0001 1.0000 0.6631 0.0446 0.0030 0.0002 1.0000 1.0000 0.1232 0.0083 0.0006 1.0000 1.0000 0.3402 0.0229 0.0015 0.0001 1.0000 0.9427 0.0634 0.0043 0.0003 1.0000 1.0000 0.1820 0.0122
0.1823 1.0000 1.0000 0.0003 0.0042 0.0618 0.9145 1.0000 0.0001 0.0015 0.0221 0.3281 1.0000 1.0000 0.0005 0.0080 0.1186 1.0000 1.0000 0.0002 0.0029 0.0430 0.6384 1.0000 0.0001 0.0010 0.0156 0.2312 1.0000 1.0000 0.0004 0.0056 0.0837 1.0000 1.0000 0.0001 0.0020 0.0303 0.4507 1.0000 0.0000 0.0007 0.0110 0.1633 1.0000 1.0000 0.0003 0.0039 0.0561 0.6967 1.0000 0.6967 0.0561 0.0039 0.0003 1.0000 1.0000 0.1633 0.0110 0.0007 0.0000 1.0000 0.4507 0.0303 0.0020 0.0001 1.0000 1.0000 0.0837 0.0056 0.0004 1.0000 1.0000 0.2312 0.0156 0.0010 0.0001 1.0000 0.6384 0.0430 0.0029 0.0002 1.0000 1.0000 0.1186 0.0080 0.0005 1.0000 1.0000 0.3281 0.0221 0.0015 0.0001 1.0000 0.9145 0.0618 0.0042 0.0003 1.0000 1.0000 0.1823
1.0000 1.0000 0.0003 0.0042 0.0612 0.8973 1.0000 0.0001 0.0014 0.0214 0.3171 1.0000 1.0000 0.0005 0.0077 0.1142 1.0000 1.0000 0.0002 0.0028 0.0414 0.6146 1.0000 0.0001 0.0010 0.0150 0.2226 1.0000 1.0000 0.0004 0.0054 0.0806 1.0000 1.0000 0.0001 0.0020 0.0292 0.4339 1.0000 0.0000 0.0007 0.0106 0.1572 1.0000 1.0000 0.0003 0.0038 0.0563 0.8020 1.0000 1.0000 1.0000 0.8020 0.0563 0.0038 0.0003 1.0000 1.0000 0.1572 0.0106 0.0007 0.0000 1.0000 0.4339 0.0292 0.0020 0.0001 1.0000 1.0000 0.0806 0.0054 0.0004 1.0000 1.0000 0.2226 0.0150 0.0010 0.0001 1.0000 0.6146 0.0414 0.0028 0.0002 1.0000 1.0000 0.1142 0.0077 0.0005 1.0000 1.0000 0.3171 0.0214 0.0014 0.0001 1.0000 0.8973 0.0612 0.0042 0.0003 1.0000 1.0000
1.0000 0.0003 0.0043 0.0618 0.8973 1.0000 0.0001 0.0014 0.0208 0.3081 1.0000 1.0000 0.0005 0.0074 0.1101 1.0000 1.0000 0.0002 0.0027 0.0398 0.5916 1.0000 0.0001 0.0010 0.0144 0.2143 1.0000 1.0000 0.0004 0.0052 0.0776 1.0000 1.0000 0.0001 0.0019 0.0281 0.4177 1.0000 0.0000 0.0007 0.0102 0.1513 1.0000 1.0000 0.0002 0.0037 0.0547 0.8051 1.0000 0.0001 0.0004 0.0001 1.0000 0.8051 0.0547 0.0037 0.0002 1.0000 1.0000 0.1513 0.0102 0.0007 0.0000 1.0000 0.4177 0.0281 0.0019 0.0001 1.0000 1.0000 0.0776 0.0052 0.0004 1.0000 1.0000 0.2143 0.0144 0.0010 0.0001 1.0000 0.5916 0.0398 0.0027 0.0002 1.0000 1.0000 0.1101 0.0074 0.0005 1.0000 1.0000 0.3081 0.0208 0.0014 0.0001 1.0000 0.8973 0.0618 0.0043 0.0003 1.0000
0.0003 0.0044 0.0634 0.9145 1.0000 0.0001 0.0014 0.0205 0.3018 1.0000 1.0000 0.0005 0.0072 0.1066 1.0000 1.0000 0.0002 0.0026 0.0383 0.5695 1.0000 0.0001 0.0009 0.0139 0.2063 1.0000 1.0000 0.0003 0.0050 0.0747 1.0000 1.0000 0.0001 0.0018 0.0271 0.4021 1.0000 0.0000 0.0007 0.0098 0.1457 1.0000 1.0000 0.0002 0.0036 0.0528 0.7824 1.0000 0.0001 0.0010 0.0053 0.0010 0.0001 1.0000 0.7824 0.0528 0.0036 0.0002 1.0000 1.0000 0.1457 0.0098 0.0007 0.0000 1.0000 0.4021 0.0271 0.0018 0.0001 1.0000 1.0000 0.0747 0.0050 0.0003 1.0000 1.0000 0.2063 0.0139 0.0009 0.0001 1.0000 0.5695 0.0383 0.0026 0.0002 1.0000 1.0000 0.1066 0.0072 0.0005 1.0000 1.0000 0.3018 0.0205 0.0014 0.0001 1.0000 0.9145 0.0634 0.0044 0.0003
0.0045 0.0657 0.9427 1.0000 0.0001 0.0014 0.0205 0.3000 1.0000 1.0000 0.0005 0.0070 0.1036 1.0000 1.0000 0.0002 0.0025 0.0370 0.5493 1.0000 0.0001 0.0009 0.0134 0.1986 1.0000 1.0000 0.0003 0.0048 0.0719 1.0000 1.0000 0.0001 0.0018 0.0261 0.3871 1.0000 0.0000 0.0006 0.0094 0.1402 1.0000 1.0000 0.0002 0.0034 0.0508 0.7547 1.0000 0.0001 0.0012 0.0146 0.0762 0.0146 0.0012 0.0001 1.0000 0.7547 0.0508 0.0034 0.0002 1.0000 1.0000 0.1402 0.0094 0.0006 0.0000 1.0000 0.3871 0.0261 0.0018 0.0001 1.0000 1.0000 0.0719 0.0048 0.0003 1.0000 1.0000 0.1986 0.0134 0.0009 0.0001 1.0000 0.5493 0.0370 0.0025 0.0002 1.0000 1.0000 0.1036 0.0070 0.0005 1.0000 1.0000 0.3000 0.0205 0.0014 0.0001 1.0000 0.9427 0.0657 0.0045
0.0664 0.9756 1.0000 0.0001 0.0014 0.0208 0.3018 1.0000 1.0000 0.0005 0.0069 0.1013 1.0000 1.0000 0.0002 0.0024 0.0358 0.5308 1.0000 0.0001 0.0009 0.0129 0.1912 1.0000 1.0000 0.0003 0.0047 0.0692 1.0000 1.0000 0.0001 0.0017 0.0251 0.3727 1.0000 0.0000 0.0006 0.0091 0.1350 1.0000 1.0000 0.0002 0.0033 0.0489 0.7265 1.0000 0.0001 0.0012 0.0168 0.2087 1.0000 0.2087 0.0168 0.0012 0.0001 1.0000 0.7265 0.0489 0.0033 0.0002 1.0000 1.0000 0.1350 0.0091 0.0006 0.0000 1.0000 0.3727 0.0251 0.0017 0.0001 1.0000 1.0000 0.0692 0.0047 0.0003 1.0000 1.0000 0.1912 0.0129 0.0009 0.0001 1.0000 0.5308 0.0358 0.0024 0.0002 1.0000 1.0000 0.1013 0.0069 0.0005 1.0000 1.0000 0.3018 0.0208 0.0014 0.0001 1.0000 0.9756 0.0664
0.9868 1.0000 0.0001 0.0015 0.0214 0.3081 1.0000 1.0000 0.0005 0.0068 0.0999 1.0000 1.0000 0.0002 0.0023 0.0348 0.5139 1.0000 0.0001 0.0008 0.0124 0.1844 1.0000 1.0000 0.0003 0.0045 0.0667 0.9905 1.0000 0.0001 0.0016 0.0241 0.3588 1.0000 0.0000 0.0006 0.0087 0.1299 1.0000 1.0000 0.0002 0.0032 0.0471 0.6994 1.0000 0.0001 0.0011 0.0169 0.2402 1.0000 1.0000 1.0000 0.2402 0.0169 0.0011 0.0001 1.0000 0.6994 0.0471 0.0032 0.0002 1.0000 1.0000 0.1299 0.0087 0.0006 0.0000 1.0000 0.3588 0.0241 0.0016 0.0001 1.0000 0.9905 0.0667 0.0045 0.0003 1.0000 1.0000 0.1844 0.0124 0.0008 0.0001 1.0000 0.5139 0.0348 0.0023 0.0002 1.0000 1.0000 0.0999 0.0068 0.0005 1.0000 1.0000 0.3081 0.0214 0.0015 0.0001 1.0000 0.9868
1.0000 0.0001 0.0015 0.0221 0.3171 1.0000 1.0000 0.0005 0.0069 0.0999 1.0000 1.0000 0.0002 0.0023 0.0339 0.5014 1.0000 0.0001 0.0008 0.0120 0.1782 1.0000 1.0000 0.0003 0.0043 0.0642 0.9536 1.0000 0.0001 0.0016 0.0232 0.3454 1.0000 1.0000 0.0006 0.0084 0.1251 1.0000 1.0000 0.0002 0.0030 0.0453 0.6733 1.0000 0.0001 0.0011 0.0164 0.2411 1.0000 1.0000 0.0001 1.0000 1.0000 0.2411 0.0164 0.0011 0.0001 1.0000 0.6733 0.0453 0.0030 0.0002 1.0000 1.0000 0.1251 0.0084 0.0006 1.0000 1.0000 0.3454 0.0232 0.0016 0.0001 1.0000 0.9536 0.0642 0.0043 0.0003 1.0000 1.0000 0.1782 0.0120 0.0008 0.0001 1.0000 0.5014 0.0339 0.0023 0.0002 1.0000 1.0000 0.0999 0.0069 0.0005 1.0000 1.0000 0.3171 0.0221 0.0015 0.0001 1.0000
0.0001 0.0016 0.0229 0.3281 1.0000 1.0000 0.0005 0.0070 0.1013 1.0000 1.0000 0.0002 0.0023 0.0334 0.4910 1.0000 0.0001 0.0008 0.0117 0.1725 1.0000 1.0000 0.0003 0.0042 0.0619 0.9180 1.0000 0.0001 0.0015 0.0224 0.3325 1.0000 1.0000 0.0005 0.0081 0.1204 1.0000 1.0000 0.0002 0.0029 0.0436 0.6482 1.0000 0.0001 0.0011 0.0158 0.2343 1.0000 1.0000 0.0003 0.0016 0.0003 1.0000 1.0000 0.2343 0.0158 0.0011 0.0001 1.0000 0.6482 0.0436 0.0029 0.0002 1.0000 1.0000 0.1204 0.0081 0.0005 1.0000 1.0000 0.3325 0.0224 0.0015 0.0001 1.0000 0.9180 0.0619 0.0042 0.0003 1.0000 1.0000 0.1725 0.0117 0.0008 0.0001 1.0000 0.4910 0.0334 0.0023 0.0002 1.0000 1.0000 0.1013 0.0070 0.0005 1.0000 1.0000 0.3281 0.0229 0.0016 0.0001
0.0016 0.0238 0.3402 1.0000 1.0000 0.0005 0.0072 0.1036 1.0000 1.0000 0.0002 0.0023 0.0332 0.4854 1.0000 0.0001 0.0008 0.0114 0.1680 1.0000 1.0000 0.0003 0.0040 0.0598 0.8854 1.0000 0.0001 0.0014 0.0215 0.3201 1.0000 1.0000 0.0005 0.0078 0.1159 1.0000 1.0000 0.0002 0.0028 0.0420 0.6240 1.0000 0.0001 0.0010 0.0152 0.2260 1.0000 1.0000 0.0004 0.0044 0.0228 0.0044 0.0004 1.0000 1.0000 0.2260 0.0152 0.0010 0.0001 1.0000 0.6240 0.0420 0.0028 0.0002 1.0000 1.0000 0.1159 0.0078 0.0005 1.0000 1.0000 0.3201 0.0215 0.0014 0.0001 1.0000 0.8854 0.0598 0.0040 0.0003 1.0000 1.0000 0.1680 0.0114 0.0008 0.0001 1.0000 0.4854 0.0332 0.0023 0.0002 1.0000 1.0000 0.1036 0.0072 0.0005 1.0000 1.0000 0.3402 0.0238 0.0016
0.0241 0.3534 1.0000 1.0000 0.0005 0.0074 0.1066 1.0000 1.0000 0.0002 0.0023 0.0334 0.4854 1.0000 0.0001 0.0008 0.0112 0.1642 1.0000 1.0000 0.0003 0.0039 0.0579 0.8572 1.0000 0.0001 0.0014 0.0208 0.3081 1.0000 1.0000 0.0005 0.0075 0.1116 1.0000 1.0000 0.0002 0.0027 0.0404 0.6007 1.0000 0.0001 0.0010 0.0146 0.2176 1.0000 1.0000 0.0004 0.0050 0.0625 0.3262 0.0625 0.0050 0.0004 1.0000 1.0000 0.2176 0.0146 0.0010 0.0001 1.0000 0.6007 0.0404 0.0027 0.0002 1.0000 1.0000 0.1116 0.0075 0.0005 1.0000 1.0000 0.3081 0.0208 0.0014 0.0001 1.0000 0.8572 0.0579 0.0039 0.0003 1.0000 1.0000 0.1642 0.0112 0.0008 0.0001 1.0000 0.4854 0.0334 0.0023 0.0002 1.0000 1.0000 0.1066 0.0074 0.0005 1.0000 1.0000 0.3534 0.0241
0.3574 1.0000 1.0000 0.0005 0.0077 0.1101 1.0000 1.0000 0.0002 0.0023 0.0339 0.4910 1.0000 0.0001 0.0008 0.0110 0.1620 1.0000 1.0000 0.0003 0.0038 0.0563 0.8331 1.0000 0.0001 0.0014 0.0200 0.2972 1.0000 1.0000 0.0005 0.0072 0.1074 1.0000 1.0000 0.0002 0.0026 0.0389 0.5783 1.0000 0.0001 0.0009 0.0141 0.2094 1.0000 1.0000 0.0003 0.0050 0.0719 0.8939 1.0000 0.8939 0.0719 0.0050 0.0003 1.0000 1.0000 0.2094 0.0141 0.0009 0.0001 1.0000 0.5783 0.0389 0.0026 0.0002 1.0000 1.0000 0.1074 0.0072 0.0005 1.0000 1.0000 0.2972 0.0200 0.0014 0.0001 1.0000 0.8331 0.0563 0.0038 0.0003 1.0000 1.0000 0.1620 0.0110 0.0008 0.0001 1.0000 0.4910 0.0339 0.0023 0.0002 1.0000 1.0000 0.1101 0.0077 0.0005 1.0000 1.0000 0.3574
1.0000 0.0000 0.0006 0.0080 0.1142 1.0000 1.0000 0.0002 0.0024 0.0348 0.5014 1.0000 0.0001 0.0008 0.0110 0.1614 1.0000 1.0000 0.0003 0.0037 0.0550 0.8112 1.0000 0.0001 0.0013 0.0194 0.2877 1.0000 1.0000 0.0005 0.0070 0.1034 1.0000 1.0000 0.0002 0.0025 0.0375 0.5567 1.0000 0.0001 0.0009 0.0136 0.2016 1.0000 1.0000 0.0003 0.0049 0.0722 1.0000 1.0000 1.0000 1.0000 1.0000 0.0722 0.0049 0.0003 1.0000 1.0000 0.2016 0.0136 0.0009 0.0001 1.0000 0.5567 0.0375 0.0025 0.0002 1.0000 1.0000 0.1034 0.0070 0.0005 1.0000 1.0000 0.2877 0.0194 0.0013 0.0001 1.0000 0.8112 0.0550 0.0037 0.0003 1.0000 1.0000 0.1614 0.0110 0.0008 0.0001 1.0000 0.5014 0.0348 0.0024 0.0002 1.0000 1.0000 0.1142 0.0080 0.0006 0.0000 1.0000
0.0000 0.0006 0.0083 0.1186 1.0000 1.0000 0.0002 0.0025 0.0358 0.5139 1.0000 0.0001 0.0008 0.0112 0.1620 1.0000 1.0000 0.0003 0.0037 0.0542 0.7960 1.0000 0.0001 0.0013 0.0189 0.2791 1.0000 1.0000 0.0005 0.0067 0.0998 1.0000 1.0000 0.0002 0.0024 0.0361 0.5359 1.0000 0.0001 0.0009 0.0131 0.1941 1.0000 1.0000 0.0003 0.0047 0.0702 1.0000 1.0000 0.0001 0.0005 0.0001 1.0000 1.0000 0.0702 0.0047 0.0003 1.0000 1.0000 0.1941 0.0131 0.0009 0.0001 1.0000 0.5359 0.0361 0.0024 0.0002 1.0000 1.0000 0.0998 0.0067 0.0005 1.0000 1.0000 0.2791 0.0189 0.0013 0.0001 1.0000 0.7960 0.0542 0.0037 0.0003 1.0000 1.0000 0.1620 0.0112 0.0008 0.0001 1.0000 0.5139 0.0358 0.0025 0.0002 1.0000 1.0000 0.1186 0.0083 0.0006 0.0000
0.0006 0.0086 0.1232 1.0000 1.0000 0.0002 0.0026 0.0370 0.5308 1.0000 0.0001 0.0008 0.0114 0.1642 1.0000 1.0000 0.0003 0.0037 0.0537 0.7869 1.0000 0.0001 0.0012 0.0184 0.2718 1.0000 1.0000 0.0004 0.0065 0.0964 1.0000 1.0000 0.0002 0.0023 0.0347 0.5159 1.0000 0.0001 0.0008 0.0126 0.1869 1.0000 1.0000 0.0003 0.0046 0.0677 1.0000 1.0000 0.0001 0.0013 0.0068 0.0013 0.0001 1.0000 1.0000 0.0677 0.0046 0.0003 1.0000 1.0000 0.1869 0.0126 0.0008 0.0001 1.0000 0.5159 0.0347 0.0023 0.0002 1.0000 1.0000 0.0964 0.0065 0.0004 1.0000 1.0000 0.2718 0.0184 0.0012 0.0001 1.0000 0.7869 0.0537 0.0037 0.0003 1.0000 1.0000 0.1642 0.0114 0.0008 0.0001 1.0000 0.5308 0.0370 0.0026 0.0002 1.0000 1.0000 0.1232 0.0086 0.0006
0.0087 0.1280 1.0000 1.0000 0.0002 0.0027 0.0383 0.5493 1.0000 0.0001 0.0008 0.0117 0.1680 1.0000 1.0000 0.0003 0.0037 0.0537 0.7839 1.0000 0.0001 0.0012 0.0180 0.2657 1.0000 1.0000 0.0004 0.0063 0.0935 1.0000 1.0000 0.0002 0.0023 0.0335 0.4967 1.0000 0.0001 0.0008 0.0121 0.1799 1.0000 1.0000 0.0003 0.0044 0.0652 0.9682 1.0000 0.0001 0.0015 0.0187 0.0977 0.0187 0.0015 0.0001 1.0000 0.9682 0.0652 0.0044 0.0003 1.0000 1.0000 0.1799 0.0121 0.0008 0.0001 1.0000 0.4967 0.0335 0.0023 0.0002 1.0000 1.0000 0.0935 0.0063 0.0004 1.0000 1.0000 0.2657 0.0180 0.0012 0.0001 1.0000 0.7839 0.0537 0.0037 0.0003 1.0000 1.0000 0.1680 0.0117 0.0008 0.0001 1.0000 0.5493 0.0383 0.0027 0.0002 1.0000 1.0000 0.1280 0.0087
0.1295 1.0000 1.0000 0.0002 0.0028 0.0398 0.5695 1.0000 0.0001 0.0008 0.0120 0.1725 1.0000 1.0000 0.0003 0.0037 0.0542 0.7869 1.0000 0.0001 0.0012 0.0178 0.2616 1.0000 1.0000 0.0004 0.0062 0.0911 1.0000 1.0000 0.0001 0.0022 0.0324 0.4790 1.0000 0.0001 0.0008 0.0117 0.1732 1.0000 1.0000 0.0003 0.0042 0.0627 0.9321 1.0000 0.0001 0.0015 0.0215 0.2677 1.0000 0.2677 0.0215 0.0015 0.0001 1.0000 0.9321 0.0627 0.0042 0.0003 1.0000 1.0000 0.1732 0.0117 0.0008 0.0001 1.0000 0.4790 0.0324 0.0022 0.0001 1.0000 1.0000 0.0911 0.0062 0.0004 1.0000 1.0000 0.2616 0.0178 0.0012 0.0001 1.0000 0.7869 0.0542 0.0037 0.0003 1.0000 1.0000 0.1725 0.0120 0.0008 0.0001 1.0000 0.5695 0.0398 0.0028 0.0002 1.0000 1.0000 0.1295
1.0000 1.0000 0.0002 0.0029 0.0414 0.5916 1.0000 0.0001 0.0009 0.0124 0.1782 1.0000 1.0000 0.0003 0.0038 0.0550 0.7960 1.0000 0.0001 0.0012 0.0178 0.2597 1.0000 1.0000 0.0004 0.0060 0.0888 1.0000 1.0000 0.0001 0.0021 0.0313 0.4638 1.0000 0.0001 0.0008 0.0112 0.1667 1.0000 1.0000 0.0003 0.0041 0.0604 0.8973 1.0000 0.0001 0.0015 0.0216 0.3081 1.0000 1.0000 1.0000 0.3081 0.0216 0.0015 0.0001 1.0000 0.8973 0.0604 0.0041 0.0003 1.0000 1.0000 0.1667 0.0112 0.0008 0.0001 1.0000 0.4638 0.0313 0.0021 0.0001 1.0000 1.0000 0.0888 0.0060 0.0004 1.0000 1.0000 0.2597 0.0178 0.0012 0.0001 1.0000 0.7960 0.0550 0.0038 0.0003 1.0000 1.0000 0.1782 0.0124 0.0009 0.0001 1.0000 0.5916 0.0414 0.0029 0.0002 1.0000 1.0000
1.0000 0.0002 0.0030 0.0430 0.6146 1.0000 0.0001 0.0009 0.0129 0.1844 1.0000 1.0000 0.0003 0.0039 0.0563 0.8112 1.0000 0.0001 0.0012 0.0178 0.2597 1.0000 1.0000 0.0004 0.0059 0.0872 1.0000 1.0000 0.0001 0.0021 0.0304 0.4507 1.0000 0.0000 0.0007 0.0108 0.1608 1.0000 1.0000 0.0003 0.0039 0.0581 0.8638 1.0000 0.0001 0.0014 0.0210 0.3093 1.0000 1.0000 0.0001 1.0000 1.0000 0.3093 0.0210 0.0014 0.0001 1.0000 0.8638 0.0581 0.0039 0.0003 1.0000 1.0000 0.1608 0.0108 0.0007 0.0000 1.0000 0.4507 0.0304 0.0021 0.0001 1.0000 1.0000 0.0872 0.0059 0.0004 1.0000 1.0000 0.2597 0.0178 0.0012 0.0001 1.0000 0.8112 0.0563 0.0039 0.0003 1.0000 1.0000 0.1844 0.0129 0.0009 0.0001 1.0000 0.6146 0.0430 0.0030 0.0002 1.0000
0.0002 0.0031 0.0446 0.6384 1.0000 0.0001 0.0009 0.0134 0.1912 1.0000 1.0000 0.0003 0.0040 0.0579 0.8331 1.0000 0.0001 0.0012 0.0180 0.2616 1.0000 1.0000 0.0004 0.0059 0.0862 1.0000 1.0000 0.0001 0.0020 0.0297 0.4389 1.0000 0.0000 0.0007 0.0105 0.1554 1.0000 1.0000 0.0003 0.0038 0.0560 0.8315 1.0000 0.0001 0.0014 0.0203 0.3006 1.0000 1.0000 0.0004 0.0020 0.0004 1.0000 1.0000 0.3006 0.0203 0.0014 0.0001 1.0000 0.8315 0.0560 0.0038 0.0003 1.0000 1.0000 0.1554 0.0105 0.0007 0.0000 1.0000 0.4389 0.0297 0.0020 0.0001 1.0000 1.0000 0.0862 0.0059 0.0004 1.0000 1.0000 0.2616 0.0180 0.0012 0.0001 1.0000 0.8331 0.0579 0.0040 0.0003 1.0000 1.0000 0.1912 0.0134 0.0009 0.0001 1.0000 0.6384 0.0446 0.0031 0.0002
0.0032 0.0464 0.6631 1.0000 0.0001 0.0010 0.0139 0.1986 1.0000 1.0000 0.0003 0.0042 0.0598 0.8572 1.0000 0.0001 0.0013 0.0184 0.2657 1.0000 1.0000 0.0004 0.0059 0.0858 1.0000 1.0000 0.0001 0.0020 0.0291 0.4290 1.0000 0.0000 0.0007 0.0102 0.1507 1.0000 1.0000 0.0002 0.0036 0.0540 0.8005 1.0000 0.0001 0.0013 0.0195 0.2899 1.0000 1.0000 0.0005 0.0056 0.0293 0.0056 0.0005 1.0000 1.0000 0.2899 0.0195 0.0013 0.0001 1.0000 0.8005 0.0540 0.0036 0.0002 1.0000 1.0000 0.1507 0.0102 0.0007 0.0000 1.0000 0.4290 0.0291 0.0020 0.0001 1.0000 1.0000 0.0858 0.0059 0.0004 1.0000 1.0000 0.2657 0.0184 0.0013 0.0001 1.0000 0.8572 0.0598 0.0042 0.0003 1.0000 1.0000 0.1986 0.0139 0.0010 0.0001 1.0000 0.6631 0.0464 0.0032
0.0469 0.6888 1.0000 0.0001 0.0010 0.0144 0.2063 1.0000 1.0000 0.0003 0.0043 0.0619 0.8854 1.0000 0.0001 0.0013 0.0189 0.2718 1.0000 1.0000 0.0004 0.0059 0.0862 1.0000 1.0000 0.0001 0.0020 0.0287 0.4209 1.0000 0.0000 0.0007 0.0099 0.1468 1.0000 1.0000 0.0002 0.0035 0.0522 0.7721 1.0000 0.0001 0.0013 0.0188 0.2791 1.0000 1.0000 0.0005 0.0065 0.0802 0.4185 0.0802 0.0065 0.0005 1.0000 1.0000 0.2791 0.0188 0.0013 0.0001 1.0000 0.7721 0.0522 0.0035 0.0002 1.0000 1.0000 0.1468 0.0099 0.0007 0.0000 1.0000 0.4209 0.0287 0.0020 0.0001 1.0000 1.0000 0.0862 0.0059 0.0004 1.0000 1.0000 0.2718 0.0189 0.0013 0.0001 1.0000 0.8854 0.0619 0.0043 0.0003 1.0000 1.0000 0.2063 0.0144 0.0010 0.0001 1.0000 0.6888 0.0469
0.6967 1.0000 0.0001 0.0010 0.0150 0.2143 1.0000 1.0000 0.0003 0.0045 0.0642 0.9180 1.0000 0.0001 0.0014 0.0194 0.2791 1.0000 1.0000 0.0004 0.0060 0.0872 1.0000 1.0000 0.0001 0.0019 0.0284 0.4161 1.0000 0.0000 0.0007 0.0097 0.1435 1.0000 1.0000 0.0002 0.0034 0.0505 0.7475 1.0000 0.0001 0.0012 0.0181 0.2687 1.0000 1.0000 0.0004 0.0065 0.0923 1.0000 1.0000 1.0000 0.0923 0.0065 0.0004 1.0000 1.0000 0.2687 0.0181 0.0012 0.0001 1.0000 0.7475 0.0505 0.0034 0.0002 1.0000 1.0000 0.1435 0.0097 0.0007 0.0000 1.0000 0.4161 0.0284 0.0019 0.0001 1.0000 1.0000 0.0872 0.0060 0.0004 1.0000 1.0000 0.2791 0.0194 0.0014 0.0001 1.0000 0.9180 0.0642 0.0045 0.0003 1.0000 1.0000 0.2143 0.0150 0.0010 0.0001 1.0000 0.6967
1.0000 0.0001 0.0011 0.0156 0.2226 1.0000 1.0000 0.0003 0.0047 0.0667 0.9536 1.0000 0.0001 0.0014 0.0200 0.2877 1.0000 1.0000 0.0004 0.0062 0.0888 1.0000 1.0000 0.0001 0.0020 0.0284 0.4146 1.0000 0.0000 0.0006 0.0095 0.1405 1.0000 1.0000 0.0002 0.0033 0.0491 0.7265 1.0000 0.0001 0.0012 0.0174 0.2592 1.0000 1.0000 0.0004 0.0063 0.0926 1.0000 1.0000 0.0000 1.0000 1.0000 0.0926 0.0063 0.0004 1.0000 1.0000 0.2592 0.0174 0.0012 0.0001 1.0000 0.7265 0.0491 0.0033 0.0002 1.0000 1.0000 0.1405 0.0095 0.0006 0.0000 1.0000 0.4146 0.0284 0.0020 0.0001 1.0000 1.0000 0.0888 0.0062 0.0004 1.0000 1.0000 0.2877 0.0200 0.0014 0.0001 1.0000 0.9536 0.0667 0.0047 0.0003 1.0000 1.0000 0.2226 0.0156 0.0011 0.0001 1.0000
0.0001 0.0011 0.0162 0.2312 1.0000 1.0000 0.0003 0.0048 0.0692 0.9905 1.0000 0.0001 0.0014 0.0208 0.2972 1.0000 1.0000 0.0004 0.0063 0.0911 1.0000 1.0000 0.0001 0.0020 0.0287 0.4161 1.0000 0.0000 0.0006 0.0094 0.1384 1.0000 1.0000 0.0002 0.0032 0.0479 0.7074 1.0000 0.0001 0.0011 0.0169 0.2504 1.0000 1.0000 0.0004 0.0061 0.0900 1.0000 1.0000 0.0001 0.0006 0.0001 1.0000 1.0000 0.0900 0.0061 0.0004 1.0000 1.0000 0.2504 0.0169 0.0011 0.0001 1.0000 0.7074 0.0479 0.0032 0.0002 1.0000 1.0000 0.1384 0.0094 0.0006 0.0000 1.0000 0.4161 0.0287 0.0020 0.0001 1.0000 1.0000 0.0911 0.0063 0.0004 1.0000 1.0000 0.2972 0.0208 0.0014 0.0001 1.0000 0.9905 0.0692 0.0048 0.0003 1.0000 1.0000 0.2312 0.0162 0.0011 0.0001
0.0011 0.0168 0.2402 1.0000 1.0000 0.0004 0.0050 0.0719 1.0000 1.0000 0.0001 0.0015 0.0215 0.3081 1.0000 1.0000 0.0005 0.0065 0.0935 1.0000 1.0000 0.0001 0.0020 0.0291 0.4209 1.0000 0.0000 0.0006 0.0094 0.1373 1.0000 1.0000 0.0002 0.0032 0.0469 0.6915 1.0000 0.0001 0.0011 0.0164 0.2429 1.0000 1.0000 0.0004 0.0059 0.0870 1.0000 1.0000 0.0001 0.0017 0.0088 0.0017 0.0001 1.0000 1.0000 0.0870 0.0059 0.0004 1.0000 1.0000 0.2429 0.0164 0.0011 0.0001 1.0000 0.6915 0.0469 0.0032 0.0002 1.0000 1.0000 0.1373 0.0094 0.0006 0.0000 1.0000 0.4209 0.0291 0.0020 0.0001 1.0000 1.0000 0.0935 0.0065 0.0005 1.0000 1.0000 0.3081 0.0215 0.0015 0.0001 1.0000 1.0000 0.0719 0.0050 0.0004 1.0000 1.0000 0.2402 0.0168 0.0011
0.0170 0.2495 1.0000 1.0000 0.0004 0.0052 0.0747 1.0000 1.0000 0.0001 0.0016 0.0224 0.3201 1.0000 1.0000 0.0005 0.0067 0.0964 1.0000 1.0000 0.0001 0.0021 0.0297 0.4290 1.0000 0.0000 0.0006 0.0094 0.1373 1.0000 1.0000 0.0002 0.0031 0.0461 0.6784 1.0000 0.0001 0.0011 0.0160 0.2366 1.0000 1.0000 0.0004 0.0057 0.0839 1.0000 1.0000 0.0001 0.0019 0.0240 0.1253 0.0240 0.0019 0.0001 1.0000 1.0000 0.0839 0.0057 0.0004 1.0000 1.0000 0.2366 0.0160 0.0011 0.0001 1.0000 0.6784 0.0461 0.0031 0.0002 1.0000 1.0000 0.1373 0.0094 0.0006 0.0000 1.0000 0.4290 0.0297 0.0021 0.0001 1.0000 1.0000 0.0964 0.0067 0.0005 1.0000 1.0000 0.3201 0.0224 0.0016 0.0001 1.0000 1.0000 0.0747 0.0052 0.0004 1.0000 1.0000 0.2495 0.0170
0.2524 1.0000 1.0000 0.0004 0.0054 0.0776 1.0000 1.0000 0.0001 0.0016 0.0232 0.3325 1.0000 1.0000 0.0005 0.0070 0.0998 1.0000 1.0000 0.0001 0.0021 0.0304 0.4389 1.0000 0.0000 0.0007 0.0095 0.1384 1.0000 1.0000 0.0002 0.0031 0.0456 0.6682 1.0000 0.0001 0.0011 0.0157 0.2312 1.0000 1.0000 0.0004 0.0055 0.0812 1.0000 1.0000 0.0001 0.0019 0.0276 0.3434 1.0000 0.3434 0.0276 0.0019 0.0001 1.0000 1.0000 0.0812 0.0055 0.0004 1.0000 1.0000 0.2312 0.0157 0.0011 0.0001 1.0000 0.6682 0.0456 0.0031 0.0002 1.0000 1.0000 0.1384 0.0095 0.0007 0.0000 1.0000 0.4389 0.0304 0.0021 0.0001 1.0000 1.0000 0.0998 0.0070 0.0005 1.0000 1.0000 0.3325 0.0232 0.0016 0.0001 1.0000 1.0000 0.0776 0.0054 0.0004 1.0000 1.0000 0.2524
1.0000 1.0000 0.0004 0.0056 0.0806 1.0000 1.0000 0.0001 0.0017 0.0241 0.3454 1.0000 1.0000 0.0005 0.0072 0.1034 1.0000 1.0000 0.0002 0.0022 0.0313 0.4507 1.0000 0.0000 0.0007 0.0097 0.1405 1.0000 1.0000 0.0002 0.0031 0.0454 0.6631 1.0000 0.0001 0.0010 0.0154 0.2264 1.0000 1.0000 0.0004 0.0053 0.0790 1.0000 1.0000 0.0001 0.0019 0.0278 0.3953 1.0000 1.0000 1.0000 0.3953 0.0278 0.0019 0.0001 1.0000 1.0000 0.0790 0.0053 0.0004 1.0000 1.0000 0.2264 0.0154 0.0010 0.0001 1.0000 0.6631 0.0454 0.0031 0.0002 1.0000 1.0000 0.1405 0.0097 0.0007 0.0000 1.0000 0.4507 0.0313 0.0022 0.0002 1.0000 1.0000 0.1034 0.0072 0.0005 1.0000 1.0000 0.3454 0.0241 0.0017 0.0001 1.0000 1.0000 0.0806 0.0056 0.0004 1.0000 1.0000
1.0000 0.0004 0.0059 0.0837 1.0000 1.0000 0.0001 0.0018 0.0251 0.3588 1.0000 1.0000 0.0005 0.0075 0.1074 1.0000 1.0000 0.0002 0.0023 0.0324 0.4638 1.0000 0.0000 0.0007 0.0099 0.1435 1.0000 1.0000 0.0002 0.0031 0.0456 0.6631 1.0000 0.0001 0.0010 0.0152 0.2226 1.0000 1.0000 0.0004 0.0052 0.0770 1.0000 1.0000 0.0001 0.0018 0.0272 0.3991 1.0000 1.0000 0.0002 1.0000 1.0000 0.3991 0.0272 0.0018 0.0001 1.0000 1.0000 0.0770 0.0052 0.0004 1.0000 1.0000 0.2226 0.0152 0.0010 0.0001 1.0000 0.6631 0.0456 0.0031 0.0002 1.0000 1.0000 0.1435 0.0099 0.0007 0.0000 1.0000 0.4638 0.0324 0.0023 0.0002 1.0000 1.0000 0.1074 0.0075 0.0005 1.0000 1.0000 0.3588 0.0251 0.0018 0.0001 1.0000 1.0000 0.0837 0.0059 0.0004 1.0000
0.0004 0.0061 0.0870 1.0000 1.0000 0.0001 0.0018 0.0261 0.3727 1.0000 1.0000 0.0005 0.0078 0.1116 1.0000 1.0000 0.0002 0.0023 0.0335 0.4790 1.0000 0.0000 0.0007 0.0102 0.1468 1.0000 1.0000 0.0002 0.0032 0.0461 0.6682 1.0000 0.0001 0.0010 0.0150 0.2201 1.0000 1.0000 0.0003 0.0051 0.0754 1.0000 1.0000 0.0001 0.0018 0.0265 0.3908 1.0000 0.0000 0.0005 0.0026 0.0005 0.0000 1.0000 0.3908 0.0265 0.0018 0.0001 1.0000 1.0000 0.0754 0.0051 0.0003 1.0000 1.0000 0.2201 0.0150 0.0010 0.0001 1.0000 0.6682 0.0461 0.0032 0.0002 1.0000 1.0000 0.1468 0.0102 0.0007 0.0000 1.0000 0.4790 0.0335 0.0023 0.0002 1.0000 1.0000 0.1116 0.0078 0.0005 1.0000 1.0000 0.3727 0.0261 0.0018 0.0001 1.0000 1.0000 0.0870 0.0061 0.0004
0.0062 0.0904 1.0000 1.0000 0.0001 0.0019 0.0271 0.3871 1.0000 0.0000 0.0006 0.0081 0.1159 1.0000 1.0000 0.0002 0.0024 0.0347 0.4967 1.0000 0.0001 0.0007 0.0105 0.1507 1.0000 1.0000 0.0002 0.0032 0.0469 0.6784 1.0000 0.0001 0.0010 0.0150 0.2192 1.0000 1.0000 0.0003 0.0050 0.0741 1.0000 1.0000 0.0001 0.0017 0.0258 0.3813 1.0000 0.0000 0.0006 0.0072 0.0377 0.0072 0.0006 0.0000 1.0000 0.3813 0.0258 0.0017 0.0001 1.0000 1.0000 0.0741 0.0050 0.0003 1.0000 1.0000 0.2192 0.0150 0.0010 0.0001 1.0000 0.6784 0.0469 0.0032 0.0002 1.0000 1.0000 0.1507 0.0105 0.0007 0.0001 1.0000 0.4967 0.0347 0.0024 0.0002 1.0000 1.0000 0.1159 0.0081 0.0006 0.0000 1.0000 0.3871 0.0271 0.0019 0.0001 1.0000 1.0000 0.0904 0.0062
0.0914 1.0000 1.0000 0.0001 0.0020 0.0281 0.4021 1.0000 0.0000 0.0006 0.0084 0.1204 1.0000 1.0000 0.0002 0.0025 0.0361 0.5159 1.0000 0.0001 0.0008 0.0108 0.1554 1.0000 1.0000 0.0002 0.0033 0.0479 0.6915 1.0000 0.0001 0.0010 0.0152 0.2201 1.0000 1.0000 0.0003 0.0050 0.0732 1.0000 1.0000 0.0001 0.0017 0.0252 0.3720 1.0000 0.0000 0.0006 0.0084 0.1040 0.5421 0.1040 0.0084 0.0006 0.0000 1.0000 0.3720 0.0252 0.0017 0.0001 1.0000 1.0000 0.0732 0.0050 0.0003 1.0000 1.0000 0.2201 0.0152 0.0010 0.0001 1.0000 0.6915 0.0479 0.0033 0.0002 1.0000 1.0000 0.1554 0.0108 0.0008 0.0001 1.0000 0.5159 0.0361 0.0025 0.0002 1.0000 1.0000 0.1204 0.0084 0.0006 0.0000 1.0000 0.4021 0.0281 0.0020 0.0001 1.0000 1.0000 0.0914
1.0000 1.0000 0.0001 0.0020 0.0292 0.4177 1.0000 0.0000 0.0006 0.0087 0.1251 1.0000 1.0000 0.0002 0.0026 0.0375 0.5359 1.0000 0.0001 0.0008 0.0112 0.1608 1.0000 1.0000 0.0002 0.0034 0.0491 0.7074 1.0000 0.0001 0.0011 0.0154 0.2226 1.0000 1.0000 0.0003 0.0050 0.0726 1.0000 1.0000 0.0001 0.0017 0.0247 0.3643 1.0000 0.0000 0.0006 0.0085 0.1204 1.0000 1.0000 1.0000 0.1204 0.0085 0.0006 0.0000 1.0000 0.3643 0.0247 0.0017 0.0001 1.0000 1.0000 0.0726 0.0050 0.0003 1.0000 1.0000 0.2226 0.0154 0.0011 0.0001 1.0000 0.7074 0.0491 0.0034 0.0002 1.0000 1.0000 0.1608 0.0112 0.0008 0.0001 1.0000 0.5359 0.0375 0.0026 0.0002 1.0000 1.0000 0.1251 0.0087 0.0006 0.0000 1.0000 0.4177 0.0292 0.0020 0.0001 1.0000 1.0000
1.0000 0.0001 0.0021 0.0303 0.4339 1.0000 0.0000 0.0006 0.0091 0.1299 1.0000 1.0000 0.0002 0.0027 0.0389 0.5567 1.0000 0.0001 0.0008 0.0117 0.1667 1.0000 1.0000 0.0002 0.0035 0.0505 0.7265 1.0000 0.0001 0.0011 0.0157 0.2264 1.0000 1.0000 0.0003 0.0050 0.0726 1.0000 1.0000 0.0001 0.0017 0.0244 0.3581 1.0000 0.0000 0.0006 0.0084 0.1225 1.0000 1.0000 0.0001 1.0000 1.0000 0.1225 0.0084 0.0006 0.0000 1.0000 0.3581 0.0244 0.0017 0.0001 1.0000 1.0000 0.0726 0.0050 0.0003 1.0000 1.0000 0.2264 0.0157 0.0011 0.0001 1.0000 0.7265 0.0505 0.0035 0.0002 1.0000 1.0000 0.1667 0.0117 0.0008 0.0001 1.0000 0.5567 0.0389 0.0027 0.0002 1.0000 1.0000 0.1299 0.0091 0.0006 0.0000 1.0000 0.4339 0.0303 0.0021 0.0001 1.0000
0.0001 0.0022 0.0315 0.4507 1.0000 0.0000 0.0007 0.0094 0.1350 1.0000 1.0000 0.0002 0.0028 0.0404 0.5783 1.0000 0.0001 0.0008 0.0121 0.1732 1.0000 1.0000 0.0003 0.0036 0.0522 0.7475 1.0000 0.0001 0.0011 0.0160 0.2312 1.0000 1.0000 0.0003 0.0050 0.0732 1.0000 1.0000 0.0001 0.0016 0.0241 0.3534 1.0000 1.0000 0.0006 0.0083 0.1211 1.0000 1.0000 0.0002 0.0008 0.0002 1.0000 1.0000 0.1211 0.0083 0.0006 1.0000 1.0000 0.3534 0.0241 0.0016 0.0001 1.0000 1.0000 0.0732 0.0050 0.0003 1.0000 1.0000 0.2312 0.0160 0.0011 0.0001 1.0000 0.7475 0.0522 0.0036 0.0003 1.0000 1.0000 0.1732 0.0121 0.0008 0.0001 1.0000 0.5783 0.0404 0.0028 0.0002 1.0000 1.0000 0.1350 0.0094 0.0007 0.0000 1.0000 0.4507 0.0315 0.0022 0.0001
0.0022 0.0327 0.4682 1.0000 0.0000 0.0007 0.0098 0.1402 1.0000 1.0000 0.0002 0.0029 0.0420 0.6007 1.0000 0.0001 0.0009 0.0126 0.1799 1.0000 1.0000 0.0003 0.0038 0.0540 0.7721 1.0000 0.0001 0.0011 0.0164 0.2366 1.0000 1.0000 0.0004 0.0051 0.0741 1.0000 1.0000 0.0001 0.0016 0.0240 0.3507 1.0000 1.0000 0.0006 0.0081 0.1193 1.0000 1.0000 0.0002 0.0022 0.0116 0.0022 0.0002 1.0000 1.0000 0.1193 0.0081 0.0006 1.0000 1.0000 0.3507 0.0240 0.0016 0.0001 1.0000 1.0000 0.0741 0.0051 0.0004 1.0000 1.0000 0.2366 0.0164 0.0011 0.0001 1.0000 0.7721 0.0540 0.0038 0.0003 1.0000 1.0000 0.1799 0.0126 0.0009 0.0001 1.0000 0.6007 0.0420 0.0029 0.0002 1.0000 1.0000 0.1402 0.0098 0.0007 0.0000 1.0000 0.4682 0.0327 0.0022
0.0331 0.4864 1.0000 0.0000 0.0007 0.0102 0.1457 1.0000 1.0000 0.0002 0.0030 0.0436 0.6240 1.0000 0.0001 0.0009 0.0131 0.1869 1.0000 1.0000 0.0003 0.0039 0.0560 0.8005 1.0000 0.0001 0.0012 0.0169 0.2429 1.0000 1.0000 0.0004 0.0052 0.0754 1.0000 1.0000 0.0001 0.0017 0.0241 0.3507 1.0000 1.0000 0.0005 0.0080 0.1177 1.0000 1.0000 0.0002 0.0026 0.0322 0.1677 0.0322 0.0026 0.0002 1.0000 1.0000 0.1177 0.0080 0.0005 1.0000 1.0000 0.3507 0.0241 0.0017 0.0001 1.0000 1.0000 0.0754 0.0052 0.0004 1.0000 1.0000 0.2429 0.0169 0.0012 0.0001 1.0000 0.8005 0.0560 0.0039 0.0003 1.0000 1.0000 0.1869 0.0131 0.0009 0.0001 1.0000 0.6240 0.0436 0.0030 0.0002 1.0000 1.0000 0.1457 0.0102 0.0007 0.0000 1.0000 0.4864 0.0331
0.4920 1.0000 0.0001 0.0007 0.0106 0.1513 1.0000 1.0000 0.0002 0.0032 0.0453 0.6482 1.0000 0.0001 0.0009 0.0136 0.1941 1.0000 1.0000 0.0003 0.0041 0.0581 0.8315 1.0000 0.0001 0.0012 0.0174 0.2504 1.0000 1.0000 0.0004 0.0053 0.0770 1.0000 1.0000 0.0001 0.0017 0.0244 0.3534 1.0000 1.0000 0.0005 0.0080 0.1164 1.0000 1.0000 0.0002 0.0027 0.0376 0.4656 1.0000 0.4656 0.0376 0.0027 0.0002 1.0000 1.0000 0.1164 0.0080 0.0005 1.0000 1.0000 0.3534 0.0244 0.0017 0.0001 1.0000 1.0000 0.0770 0.0053 0.0004 1.0000 1.0000 0.2504 0.0174 0.0012 0.0001 1.0000 0.8315 0.0581 0.0041 0.0003 1.0000 1.0000 0.1941 0.0136 0.0009 0.0001 1.0000 0.6482 0.0453 0.0032 0.0002 1.0000 1.0000 0.1513 0.0106 0.0007 0.0001 1.0000 0.4920
1.0000 0.0001 0.0008 0.0110 0.1572 1.0000 1.0000 0.0002 0.0033 0.0471 0.6733 1.0000 0.0001 0.0010 0.0141 0.2016 1.0000 1.0000 0.0003 0.0042 0.0604 0.8638 1.0000 0.0001 0.0013 0.0181 0.2592 1.0000 1.0000 0.0004 0.0055 0.0790 1.0000 1.0000 0.0001 0.0017 0.0247 0.3581 1.0000 1.0000 0.0005 0.0080 0.1159 1.0000 1.0000 0.0002 0.0027 0.0386 0.5441 1.0000 1.0000 1.0000 0.5441 0.0386 0.0027 0.0002 1.0000 1.0000 0.1159 0.0080 0.0005 1.0000 1.0000 0.3581 0.0247 0.0017 0.0001 1.0000 1.0000 0.0790 0.0055 0.0004 1.0000 1.0000 0.2592 0.0181 0.0013 0.0001 1.0000 0.8638 0.0604 0.0042 0.0003 1.0000 1.0000 0.2016 0.0141 0.0010 0.0001 1.0000 0.6733 0.0471 0.0033 0.0002 1.0000 1.0000 0.1572 0.0110 0.0008 0.0001 1.0000
0.0001 0.0008 0.0114 0.1633 1.0000 1.0000 0.0002 0.0034 0.0489 0.6994 1.0000 0.0001 0.0010 0.0146 0.2094 1.0000 1.0000 0.0003 0.0044 0.0627 0.8973 1.0000 0.0001 0.0013 0.0188 0.2687 1.0000 1.0000 0.0004 0.0057 0.0812 1.0000 1.0000 0.0001 0.0017 0.0252 0.3643 1.0000 1.0000 0.0006 0.0080 0.1164 1.0000 1.0000 0.0002 0.0026 0.0385 0.5599 1.0000 0.0000 0.0003 0.0000 1.0000 0.5599 0.0385 0.0026 0.0002 1.0000 1.0000 0.1164 0.0080 0.0006 1.0000 1.0000 0.3643 0.0252 0.0017 0.0001 1.0000 1.0000 0.0812 0.0057 0.0004 1.0000 1.0000 0.2687 0.0188 0.0013 0.0001 1.0000 0.8973 0.0627 0.0044 0.0003 1.0000 1.0000 0.2094 0.0146 0.0010 0.0001 1.0000 0.6994 0.0489 0.0034 0.0002 1.0000 1.0000 0.1633 0.0114 0.0008 0.0001
0.0008 0.0119 0.1696 1.0000 1.0000 0.0002 0.0036 0.0508 0.7265 1.0000 0.0001 0.0011 0.0152 0.2176 1.0000 1.0000 0.0003 0.0046 0.0652 0.9321 1.0000 0.0001 0.0014 0.0195 0.2791 1.0000 1.0000 0.0004 0.0059 0.0839 1.0000 1.0000 0.0001 0.0018 0.0258 0.3720 1.0000 0.0000 0.0006 0.0081 0.1177 1.0000 1.0000 0.0002 0.0026 0.0384 0.5609 1.0000 0.0001 0.0007 0.0037 0.0007 0.0001 1.0000 0.5609 0.0384 0.0026 0.0002 1.0000 1.0000 0.1177 0.0081 0.0006 0.0000 1.0000 0.3720 0.0258 0.0018 0.0001 1.0000 1.0000 0.0839 0.0059 0.0004 1.0000 1.0000 0.2791 0.0195 0.0014 0.0001 1.0000 0.9321 0.0652 0.0046 0.0003 1.0000 1.0000 0.2176 0.0152 0.0011 0.0001 1.0000 0.7265 0.0508 0.0036 0.0002 1.0000 1.0000 0.1696 0.0119 0.0008
0.0120 0.1762 1.0000 1.0000 0.0003 0.0037 0.0528 0.7547 1.0000 0.0001 0.0011 0.0158 0.2260 1.0000 1.0000 0.0003 0.0047 0.0677 0.9682 1.0000 0.0001 0.0014 0.0203 0.2899 1.0000 1.0000 0.0004 0.0061 0.0870 1.0000 1.0000 0.0001 0.0018 0.0265 0.3813 1.0000 0.0000 0.0006 0.0083 0.1193 1.0000 1.0000 0.0002 0.0026 0.0384 0.5599 1.0000 0.0001 0.0008 0.0102 0.0530 0.0102 0.0008 0.0001 1.0000 0.5599 0.0384 0.0026 0.0002 1.0000 1.0000 0.1193 0.0083 0.0006 0.0000 1.0000 0.3813 0.0265 0.0018 0.0001 1.0000 1.0000 0.0870 0.0061 0.0004 1.0000 1.0000 0.2899 0.0203 0.0014 0.0001 1.0000 0.9682 0.0677 0.0047 0.0003 1.0000 1.0000 0.2260 0.0158 0.0011 0.0001 1.0000 0.7547 0.0528 0.0037 0.0003 1.0000 1.0000 0.1762 0.0120
0.1775 1.0000 1.0000 0.0003 0.0038 0.0547 0.7824 1.0000 0.0001 0.0011 0.0164 0.2343 1.0000 1.0000 0.0003 0.0049 0.0702 1.0000 1.0000 0.0001 0.0015 0.0210 0.3006 1.0000 1.0000 0.0004 0.0063 0.0900 1.0000 1.0000 0.0001 0.0019 0.0272 0.3908 1.0000 0.0000 0.0006 0.0084 0.1211 1.0000 1.0000 0.0002 0.0027 0.0385 0.5609 1.0000 0.0001 0.0009 0.0120 0.1479 0.7662 0.1479 0.0120 0.0009 0.0001 1.0000 0.5609 0.0385 0.0027 0.0002 1.0000 1.0000 0.1211 0.0084 0.0006 0.0000 1.0000 0.3908 0.0272 0.0019 0.0001 1.0000 1.0000 0.0900 0.0063 0.0004 1.0000 1.0000 0.3006 0.0210 0.0015 0.0001 1.0000 1.0000 0.0702 0.0049 0.0003 1.0000 1.0000 0.2343 0.0164 0.0011 0.0001 1.0000 0.7824 0.0547 0.0038 0.0003 1.0000 1.0000 0.1775
1.0000 1.0000 0.0003 0.0039 0.0563 0.8051 1.0000 0.0001 0.0012 0.0169 0.2411 1.0000 1.0000 0.0004 0.0050 0.0722 1.0000 1.0000 0.0001 0.0015 0.0216 0.3093 1.0000 1.0000 0.0005 0.0065 0.0926 1.0000 1.0000 0.0001 0.0019 0.0278 0.3991 1.0000 0.0000 0.0006 0.0085 0.1225 1.0000 1.0000 0.0002 0.0027 0.0386 0.5599 1.0000 0.0001 0.0009 0.0124 0.1735 1.0000 1.0000 1.0000 0.1735 0.0124 0.0009 0.0001 1.0000 0.5599 0.0386 0.0027 0.0002 1.0000 1.0000 0.1225 0.0085 0.0006 0.0000 1.0000 0.3991 0.0278 0.0019 0.0001 1.0000 1.0000 0.0926 0.0065 0.0005 1.0000 1.0000 0.3093 0.0216 0.0015 0.0001 1.0000 1.0000 0.0722 0.0050 0.0004 1.0000 1.0000 0.2411 0.0169 0.0012 0.0001 1.0000 0.8051 0.0563 0.0039 0.0003 1.0000 1.0000
1.0000 0.0003 0.0039 0.0561 0.8020 1.0000 0.0001 0.0012 0.0168 0.2402 1.0000 1.0000 0.0004 0.0050 0.0719 1.0000 1.0000 0.0001 0.0015 0.0215 0.3081 1.0000 1.0000 0.0005 0.0065 0.0923 1.0000 1.0000 0.0001 0.0019 0.0276 0.3953 1.0000 0.0000 0.0006 0.0084 0.1204 1.0000 1.0000 0.0002 0.0026 0.0376 0.5441 1.0000 0.0001 0.0008 0.0120 0.1735 1.0000 1.0000 0.0001 1.0000 1.0000 0.1735 0.0120 0.0008 0.0001 1.0000 0.5441 0.0376 0.0026 0.0002 1.0000 1.0000 0.1204 0.0084 0.0006 0.0000 1.0000 0.3953 0.0276 0.0019 0.0001 1.0000 1.0000 0.0923 0.0065 0.0005 1.0000 1.0000 0.3081 0.0215 0.0015 0.0001 1.0000 1.0000 0.0719 0.0050 0.0004 1.0000 1.0000 0.2402 0.0168 0.0012 0.0001 1.0000 0.8020 0.0561 0.0039 0.0003 1.0000
0.0002 0.0034 0.0487 0.6967 1.0000 0.0001 0.0010 0.0146 0.2087 1.0000 1.0000 0.0003 0.0044 0.0625 0.8939 1.0000 0.0001 0.0013 0.0187 0.2677 1.0000 1.0000 0.0004 0.0056 0.0802 1.0000 1.0000 0.0001 0.0017 0.0240 0.3434 1.0000 1.0000 0.0005 0.0072 0.1040 1.0000 1.0000 0.0002 0.0022 0.0322 0.4656 1.0000 0.0000 0.0007 0.0102 0.1479 1.0000 1.0000 0.0002 0.0009 0.0002 1.0000 1.0000 0.1479 0.0102 0.0007 0.0000 1.0000 0.4656 0.0322 0.0022 0.0002 1.0000 1.0000 0.1040 0.0072 0.0005 1.0000 1.0000 0.3434 0.0240 0.0017 0.0001 1.0000 1.0000 0.0802 0.0056 0.0004 1.0000 1.0000 0.2677 0.0187 0.0013 0.0001 1.0000 0.8939 0.0625 0.0044 0.0003 1.0000 1.0000 0.2087 0.0146 0.0010 0.0001 1.0000 0.6967 0.0487 0.0034 0.0002
0.0012 0.0178 0.2543 1.0000 1.0000 0.0004 0.0053 0.0762 1.0000 1.0000 0.0001 0.0016 0.0228 0.3262 1.0000 1.0000 0.0005 0.0068 0.0977 1.0000 1.0000 0.0001 0.0020 0.0293 0.4185 1.0000 0.0000 0.0006 0.0088 0.1253 1.0000 1.0000 0.0002 0.0026 0.0377 0.5421 1.0000 0.0001 0.0008 0.0116 0.1677 1.0000 1.0000 0.0003 0.0037 0.0530 0.7662 1.0000 0.0001 0.0009 0.0048 0.0009 0.0001 1.0000 0.7662 0.0530 0.0037 0.0003 1.0000 1.0000 0.1677 0.0116 0.0008 0.0001 1.0000 0.5421 0.0377 0.0026 0.0002 1.0000 1.0000 0.1253 0.0088 0.0006 0.0000 1.0000 0.4185 0.0293 0.0020 0.0001 1.0000 1.0000 0.0977 0.0068 0.0005 1.0000 1.0000 0.3262 0.0228 0.0016 0.0001 1.0000 1.0000 0.0762 0.0053 0.0004 1.0000 1.0000 0.2543 0.0178 0.0012
0.0002 0.0034 0.0487 0.6967 1.0000 0.0001 0.0010 0.0146 0.2087 1.0000 1.0000 0.0003 0.0044 0.0625 0.8939 1.0000 0.0001 0.0013 0.0187 0.2677 1.0000 1.0000 0.0004 0.0056 0.0802 1.0000 1.0000 0.0001 0.0017 0.0240 0.3434 1.0000 1.0000 0.0005 0.0072 0.1040 1.0000 1.0000 0.0002 0.0022 0.0322 0.4656 1.0000 0.0000 0.0007 0.0102 0.1479 1.0000 1.0000 0.0002 0.0009 0.0002 1.0000 1.0000 0.1479 0.0102 0.0007 0.0000 1.0000 0.4656 0.0322 0.0022 0.0002 1.0000 1.0000 0.1040 0.0072 0.0005 1.0000 1.0000 0.3434 0.0240 0.0017 0.0001 1.0000 1.0000 0.0802 0.0056 0.0004 1.0000 1.0000 0.2677 0.0187 0.0013 0.0001 1.0000 0.8939 0.0625 0.0044 0.0003 1.0000 1.0000 0.2087 0.0146 0.0010 0.0001 1.0000 0.6967 0.0487 0.0034 0.0002
1.0000 0.0003 0.0039 0.0561 0.8020 1.0000 0.0001 0.0012 0.0168 0.2402 1.0000 1.0000 0.0004 0.0050 0.0719 1.0000 1.0000 0.0001 0.0015 0.0215 0.3081 1.0000 1.0000 0.0005 0.0065 0.0923 1.0000 1.0000 0.0001 0.0019 0.0276 0.3953 1.0000 0.0000 0.0006 0.0084 0.1204 1.0000 1.0000 0.0002 0.0026 0.0376 0.5441 1.0000 0.0001 0.0008 0.0120 0.1735 1.0000 1.0000 0.0001 1.0000 1.0000 0.1735 0.0120 0.0008 0.0001 1.0000 0.5441 0.0376 0.0026 0.0002 1.0000 1.0000 0.1204 0.0084 0.0006 0.0000 1.0000 0.3953 0.0276 0.0019 0.0001 1.0000 1.0000 0.0923 0.0065 0.0005 1.0000 1.0000 0.3081 0.0215 0.0015 0.0001 1.0000 1.0000 0.0719 0.0050 0.0004 1.0000 1.0000 0.2402 0.0168 0.0012 0.0001 1.0000 0.8020 0.0561 0.0039 0.0003 1.0000
1.0000 1.0000 0.0003 0.0039 0.0563 0.8051 1.0000 0.0001 0.0012 0.0169 0.2411 1.0000 1.0000 0.0004 0.0050 0.0722 1.0000 1.0000 0.0001 0.0015 0.0216 0.3093 1.0000 1.0000 0.0005 0.0065 0.0926 1.0000 1.0000 0.0001 0.0019 0.0278 0.3991 1.0000 0.0000 0.0006 0.0085 0.1225 1.0000 1.0000 0.0002 0.0027 0.0386 0.5599 1.0000 0.0001 0.0009 0.0124 0.1735 1.0000 1.0000 1.0000 0.1735 0.0124 0.0009 0.0001 1.0000 0.5599 0.0386 0.0027 0.0002 1.0000 1.0000 0.1225 0.0085 0.0006 0.0000 1.0000 0.3991 0.0278 0.0019 0.0001 1.0000 1.0000 0.0926 0.0065 0.0005 1.0000 1.0000 0.3093 0.0216 0.0015 0.0001 1.0000 1.0000 0.0722 0.0050 0.0004 1.0000 1.0000 0.2411 0.0169 0.0012 0.0001 1.0000 0.8051 0.0563 0.0039 0.0003 1.0000 1.0000
0.1775 1.0000 1.0000 0.0003 0.0038 0.0547 0.7824 1.0000 0.0001 0.0011 0.0164 0.2343 1.0000 1.0000 0.0003 0.0049 0.0702 1.0000 1.0000 0.0001 0.0015 0.0210 0.3006 1.0000 1.0000 0.0004 0.0063 0.0900 1.0000 1.0000 0.0001 0.0019 0.0272 0.3908 1.0000 0.0000 0.0006 0.0084 0.1211 1.0000 1.0000 0.0002 0.0027 0.0385 0.5609 1.0000 0.0001 0.0009 0.0120 0.1479 0.7662 0.1479 0.0120 0.0009 0.0001 1.0000 0.5609 0.0385 0.0027 0.0002 1.0000 1.0000 0.1211 0.0084 0.0006 0.0000 1.0000 0.3908 0.0272 0.0019 0.0001 1.0000 1.0000 0.0900 0.0063 0.0004 1.0000 1.0000 0.3006 0.0210 0.0015 0.0001 1.0000 1.0000 0.0702 0.0049 0.0003 1.0000 1.0000 0.2343 0.0164 0.0011 0.0001 1.0000 0.7824 0.0547 0.0038 0.0003 1.0000 1.0000 0.1775
0.0120 0.1762 1.0000 1.0000 0.0003 0.0037 0.0528 0.7547 1.0000 0.0001 0.0011 0.0158 0.2260 1.0000 1.0000 0.0003 0.0047 0.0677 0.9682 1.0000 0.0001 0.0014 0.0203 0.2899 1.0000 1.0000 0.0004 0.0061 0.0870 1.0000 1.0000 0.0001 0.0018 0.0265 0.3813 1.0000 0.0000 0.0006 0.0083 0.1193 1.0000 1.0000 0.0002 0.0026 0.0384 0.5599 1.0000 0.0001 0.0008 0.0102 0.0530 0.0102 0.0008 0.0001 1.0000 0.5599 0.0384 0.0026 0.0002 1.0000 1.0000 0.1193 0.0083 0.0006 0.0000 1.0000 0.3813 0.0265 0.0018 0.0001 1.0000 1.0000 0.0870 0.0061 0.0004 1.0000 1.0000 0.2899 0.0203 0.0014 0.0001 1.0000 0.9682 0.0677 0.0047 0.0003 1.0000 1.0000 0.2260 0.0158 0.0011 0.0001 1.0000 0.7547 0.0528 0.0037 0.0003 1.0000 1.0000 0.1762 0.0120
