0.1631 0.1443 0.2099 0.3949 0.5015 0.2399 0.1392 0.1752 0.3072 0.5164 0.3765 0.1450 0.1531 0.2421 0.4602 0.4673 0.1721 0.1415 0.1966 0.3627 0.5117 0.2892 0.1398 0.1663 0.2824 0.5076 0.4134 0.1504 0.1480 0.2245 0.4267 0.4874 0.1995 0.1398 0.1847 0.3325 0.5169 0.3372 0.1418 0.1588 0.2602 0.4873 0.4441 0.1589 0.1441 0.2090 0.3924 0.5028 0.2512 0.1391 0.1474 0.1391 0.2512 0.5028 0.3924 0.2090 0.1441 0.1589 0.4441 0.4873 0.2602 0.1588 0.1418 0.3372 0.5169 0.3325 0.1847 0.1398 0.1995 0.4874 0.4267 0.2245 0.1480 0.1504 0.4134 0.5076 0.2824 0.1663 0.1398 0.2892 0.5117 0.3627 0.1966 0.1415 0.1721 0.4673 0.4602 0.2421 0.1531 0.1450 0.3765 0.5164 0.3072 0.1752 0.1392 0.2399 0.5015 0.3949 0.2099 0.1443 0.1631
0.1443 0.2078 0.3943 0.5024 0.2419 0.1350 0.1720 0.3051 0.5169 0.3792 0.1411 0.1495 0.2395 0.4594 0.4690 0.1702 0.1375 0.1936 0.3610 0.5126 0.2923 0.1356 0.1630 0.2801 0.5077 0.4157 0.1468 0.1443 0.2218 0.4255 0.4888 0.2001 0.1356 0.1816 0.3305 0.5177 0.3402 0.1377 0.1554 0.2578 0.4869 0.4461 0.1559 0.1403 0.2062 0.3912 0.5036 0.2476 0.1349 0.1642 0.2224 0.1642 0.1349 0.2476 0.5036 0.3912 0.2062 0.1403 0.1559 0.4461 0.4869 0.2578 0.1554 0.1377 0.3402 0.5177 0.3305 0.1816 0.1356 0.2001 0.4888 0.4255 0.2218 0.1443 0.1468 0.4157 0.5077 0.2801 0.1630 0.1356 0.2923 0.5126 0.3610 0.1936 0.1375 0.1702 0.4690 0.4594 0.2395 0.1495 0.1411 0.3792 0.5169 0.3051 0.1720 0.1350 0.2419 0.5024 0.3943 0.2078 0.1443
0.2099 0.3943 0.5029 0.2452 0.1350 0.1711 0.3025 0.5164 0.3833 0.1415 0.1489 0.2375 0.4558 0.4714 0.1726 0.1372 0.1922 0.3576 0.5134 0.2977 0.1358 0.1621 0.2775 0.5060 0.4193 0.1476 0.1438 0.2200 0.4217 0.4906 0.2045 0.1354 0.1804 0.3274 0.5179 0.3451 0.1380 0.1546 0.2555 0.4839 0.4490 0.1572 0.1399 0.2046 0.3875 0.5048 0.2517 0.1350 0.1685 0.2830 0.4265 0.2830 0.1685 0.1350 0.2517 0.5048 0.3875 0.2046 0.1399 0.1572 0.4490 0.4839 0.2555 0.1546 0.1380 0.3451 0.5179 0.3274 0.1804 0.1354 0.2045 0.4906 0.4217 0.2200 0.1438 0.1476 0.4193 0.5060 0.2775 0.1621 0.1358 0.2977 0.5134 0.3576 0.1922 0.1372 0.1726 0.4714 0.4558 0.2375 0.1489 0.1415 0.3833 0.5164 0.3025 0.1711 0.1350 0.2452 0.5029 0.3943 0.2099
0.3949 0.5024 0.2452 0.1350 0.1705 0.3005 0.5159 0.3870 0.1420 0.1483 0.2356 0.4523 0.4737 0.1751 0.1369 0.1908 0.3541 0.5142 0.3031 0.1359 0.1612 0.2750 0.5042 0.4228 0.1484 0.1433 0.2182 0.4179 0.4924 0.2091 0.1353 0.1792 0.3243 0.5180 0.3499 0.1383 0.1539 0.2532 0.4809 0.4519 0.1586 0.1395 0.2031 0.3838 0.5060 0.2569 0.1350 0.1688 0.2933 0.5076 0.4892 0.5076 0.2933 0.1688 0.1350 0.2569 0.5060 0.3838 0.2031 0.1395 0.1586 0.4519 0.4809 0.2532 0.1539 0.1383 0.3499 0.5180 0.3243 0.1792 0.1353 0.2091 0.4924 0.4179 0.2182 0.1433 0.1484 0.4228 0.5042 0.2750 0.1612 0.1359 0.3031 0.5142 0.3541 0.1908 0.1369 0.1751 0.4737 0.4523 0.2356 0.1483 0.1420 0.3870 0.5159 0.3005 0.1705 0.1350 0.2452 0.5024 0.3949
0.5015 0.2419 0.1350 0.1705 0.2998 0.5156 0.3896 0.1425 0.1479 0.2338 0.4490 0.4758 0.1777 0.1367 0.1895 0.3507 0.5149 0.3085 0.1361 0.1604 0.2725 0.5022 0.4263 0.1493 0.1429 0.2165 0.4142 0.4941 0.2139 0.1352 0.1780 0.3212 0.5181 0.3547 0.1387 0.1532 0.2510 0.4777 0.4548 0.1601 0.1392 0.2015 0.3802 0.5072 0.2624 0.1351 0.1681 0.2936 0.5128 0.4186 0.2087 0.4186 0.5128 0.2936 0.1681 0.1351 0.2624 0.5072 0.3802 0.2015 0.1392 0.1601 0.4548 0.4777 0.2510 0.1532 0.1387 0.3547 0.5181 0.3212 0.1780 0.1352 0.2139 0.4941 0.4142 0.2165 0.1429 0.1493 0.4263 0.5022 0.2725 0.1604 0.1361 0.3085 0.5149 0.3507 0.1895 0.1367 0.1777 0.4758 0.4490 0.2338 0.1479 0.1425 0.3896 0.5156 0.2998 0.1705 0.1350 0.2419 0.5015
0.2399 0.1350 0.1711 0.3005 0.5156 0.3905 0.1427 0.1475 0.2325 0.4462 0.4777 0.1803 0.1365 0.1883 0.3475 0.5155 0.3137 0.1363 0.1595 0.2700 0.5001 0.4297 0.1502 0.1424 0.2147 0.4104 0.4958 0.2188 0.1351 0.1769 0.3181 0.5180 0.3594 0.1391 0.1525 0.2488 0.4745 0.4575 0.1617 0.1388 0.2000 0.3766 0.5084 0.2680 0.1351 0.1671 0.2916 0.5131 0.4045 0.1478 0.1343 0.1478 0.4045 0.5131 0.2916 0.1671 0.1351 0.2680 0.5084 0.3766 0.2000 0.1388 0.1617 0.4575 0.4745 0.2488 0.1525 0.1391 0.3594 0.5180 0.3181 0.1769 0.1351 0.2188 0.4958 0.4104 0.2147 0.1424 0.1502 0.4297 0.5001 0.2700 0.1595 0.1363 0.3137 0.5155 0.3475 0.1883 0.1365 0.1803 0.4777 0.4462 0.2325 0.1475 0.1427 0.3905 0.5156 0.3005 0.1711 0.1350 0.2399
0.1392 0.1720 0.3025 0.5159 0.3896 0.1427 0.1474 0.2318 0.4443 0.4791 0.1826 0.1363 0.1872 0.3446 0.5160 0.3187 0.1365 0.1587 0.2676 0.4978 0.4330 0.1512 0.1420 0.2130 0.4066 0.4974 0.2239 0.1351 0.1757 0.3151 0.5179 0.3640 0.1395 0.1518 0.2467 0.4711 0.4602 0.1634 0.1385 0.1985 0.3730 0.5094 0.2735 0.1352 0.1662 0.2890 0.5123 0.4041 0.1452 0.1423 0.1753 0.1423 0.1452 0.4041 0.5123 0.2890 0.1662 0.1352 0.2735 0.5094 0.3730 0.1985 0.1385 0.1634 0.4602 0.4711 0.2467 0.1518 0.1395 0.3640 0.5179 0.3151 0.1757 0.1351 0.2239 0.4974 0.4066 0.2130 0.1420 0.1512 0.4330 0.4978 0.2676 0.1587 0.1365 0.3187 0.5160 0.3446 0.1872 0.1363 0.1826 0.4791 0.4443 0.2318 0.1474 0.1427 0.3896 0.5159 0.3025 0.1720 0.1392
0.1752 0.3051 0.5164 0.3870 0.1425 0.1475 0.2318 0.4436 0.4798 0.1842 0.1362 0.1863 0.3421 0.5164 0.3231 0.1368 0.1579 0.2653 0.4954 0.4362 0.1523 0.1415 0.2114 0.4029 0.4990 0.2290 0.1350 0.1746 0.3121 0.5177 0.3686 0.1399 0.1511 0.2445 0.4678 0.4629 0.1652 0.1382 0.1971 0.3694 0.5104 0.2791 0.1353 0.1652 0.2864 0.5112 0.4069 0.1452 0.1447 0.2144 0.3148 0.2144 0.1447 0.1452 0.4069 0.5112 0.2864 0.1652 0.1353 0.2791 0.5104 0.3694 0.1971 0.1382 0.1652 0.4629 0.4678 0.2445 0.1511 0.1399 0.3686 0.5177 0.3121 0.1746 0.1350 0.2290 0.4990 0.4029 0.2114 0.1415 0.1523 0.4362 0.4954 0.2653 0.1579 0.1368 0.3231 0.5164 0.3421 0.1863 0.1362 0.1842 0.4798 0.4436 0.2318 0.1475 0.1425 0.3870 0.5164 0.3051 0.1752
0.3072 0.5169 0.3833 0.1420 0.1479 0.2325 0.4443 0.4798 0.1847 0.1362 0.1856 0.3401 0.5167 0.3270 0.1370 0.1573 0.2632 0.4931 0.4393 0.1533 0.1411 0.2097 0.3991 0.5005 0.2343 0.1350 0.1735 0.3091 0.5175 0.3731 0.1404 0.1504 0.2424 0.4643 0.4655 0.1672 0.1379 0.1956 0.3659 0.5114 0.2846 0.1354 0.1643 0.2837 0.5098 0.4105 0.1458 0.1448 0.2216 0.4075 0.5168 0.4075 0.2216 0.1448 0.1458 0.4105 0.5098 0.2837 0.1643 0.1354 0.2846 0.5114 0.3659 0.1956 0.1379 0.1672 0.4655 0.4643 0.2424 0.1504 0.1404 0.3731 0.5175 0.3091 0.1735 0.1350 0.2343 0.5005 0.3991 0.2097 0.1411 0.1533 0.4393 0.4931 0.2632 0.1573 0.1370 0.3270 0.5167 0.3401 0.1856 0.1362 0.1847 0.4798 0.4443 0.2325 0.1479 0.1420 0.3833 0.5169 0.3072
0.5164 0.3792 0.1415 0.1483 0.2338 0.4462 0.4791 0.1842 0.1362 0.1854 0.3391 0.5169 0.3299 0.1371 0.1567 0.2614 0.4909 0.4419 0.1543 0.1407 0.2082 0.3955 0.5019 0.2397 0.1350 0.1724 0.3062 0.5171 0.3775 0.1409 0.1498 0.2403 0.4608 0.4680 0.1693 0.1376 0.1942 0.3624 0.5123 0.2901 0.1356 0.1634 0.2811 0.5084 0.4142 0.1465 0.1445 0.2219 0.4215 0.4979 0.3727 0.4979 0.4215 0.2219 0.1445 0.1465 0.4142 0.5084 0.2811 0.1634 0.1356 0.2901 0.5123 0.3624 0.1942 0.1376 0.1693 0.4680 0.4608 0.2403 0.1498 0.1409 0.3775 0.5171 0.3062 0.1724 0.1350 0.2397 0.5019 0.3955 0.2082 0.1407 0.1543 0.4419 0.4909 0.2614 0.1567 0.1371 0.3299 0.5169 0.3391 0.1854 0.1362 0.1842 0.4791 0.4462 0.2338 0.1483 0.1415 0.3792 0.5164
0.3765 0.1411 0.1489 0.2356 0.4490 0.4777 0.1826 0.1362 0.1856 0.3391 0.5170 0.3314 0.1373 0.1563 0.2600 0.4890 0.4442 0.1553 0.1404 0.2068 0.3922 0.5032 0.2449 0.1350 0.1714 0.3033 0.5166 0.3818 0.1414 0.1492 0.2383 0.4572 0.4704 0.1716 0.1373 0.1928 0.3589 0.5131 0.2955 0.1357 0.1625 0.2785 0.5067 0.4179 0.1473 0.1440 0.2206 0.4220 0.4923 0.2333 0.1393 0.2333 0.4923 0.4220 0.2206 0.1440 0.1473 0.4179 0.5067 0.2785 0.1625 0.1357 0.2955 0.5131 0.3589 0.1928 0.1373 0.1716 0.4704 0.4572 0.2383 0.1492 0.1414 0.3818 0.5166 0.3033 0.1714 0.1350 0.2449 0.5032 0.3922 0.2068 0.1404 0.1553 0.4442 0.4890 0.2600 0.1563 0.1373 0.3314 0.5170 0.3391 0.1856 0.1362 0.1826 0.4777 0.4490 0.2356 0.1489 0.1411 0.3765
0.1450 0.1495 0.2375 0.4523 0.4758 0.1803 0.1363 0.1863 0.3401 0.5169 0.3314 0.1373 0.1560 0.2590 0.4876 0.4460 0.1562 0.1401 0.2055 0.3892 0.5043 0.2498 0.1350 0.1704 0.3006 0.5160 0.3860 0.1419 0.1485 0.2363 0.4536 0.4728 0.1741 0.1370 0.1914 0.3555 0.5139 0.3009 0.1359 0.1616 0.2760 0.5049 0.4214 0.1481 0.1435 0.2189 0.4192 0.4922 0.2139 0.1344 0.1478 0.1344 0.2139 0.4922 0.4192 0.2189 0.1435 0.1481 0.4214 0.5049 0.2760 0.1616 0.1359 0.3009 0.5139 0.3555 0.1914 0.1370 0.1741 0.4728 0.4536 0.2363 0.1485 0.1419 0.3860 0.5160 0.3006 0.1704 0.1350 0.2498 0.5043 0.3892 0.2055 0.1401 0.1562 0.4460 0.4876 0.2590 0.1560 0.1373 0.3314 0.5169 0.3401 0.1863 0.1363 0.1803 0.4758 0.4523 0.2375 0.1495 0.1450
0.1531 0.2395 0.4558 0.4737 0.1777 0.1365 0.1872 0.3421 0.5167 0.3299 0.1373 0.1560 0.2586 0.4867 0.4472 0.1568 0.1399 0.2044 0.3864 0.5053 0.2542 0.1350 0.1695 0.2980 0.5154 0.3901 0.1424 0.1479 0.2343 0.4500 0.4751 0.1768 0.1368 0.1900 0.3521 0.5146 0.3063 0.1360 0.1607 0.2735 0.5030 0.4249 0.1490 0.1431 0.2172 0.4157 0.4935 0.2134 0.1350 0.1708 0.2349 0.1708 0.1350 0.2134 0.4935 0.4157 0.2172 0.1431 0.1490 0.4249 0.5030 0.2735 0.1607 0.1360 0.3063 0.5146 0.3521 0.1900 0.1368 0.1768 0.4751 0.4500 0.2343 0.1479 0.1424 0.3901 0.5154 0.2980 0.1695 0.1350 0.2542 0.5053 0.3864 0.2044 0.1399 0.1568 0.4472 0.4867 0.2586 0.1560 0.1373 0.3299 0.5167 0.3421 0.1872 0.1365 0.1777 0.4737 0.4558 0.2395 0.1531
0.2421 0.4594 0.4714 0.1751 0.1367 0.1883 0.3446 0.5164 0.3270 0.1371 0.1563 0.2590 0.4867 0.4476 0.1572 0.1398 0.2037 0.3844 0.5061 0.2581 0.1350 0.1687 0.2958 0.5147 0.3938 0.1430 0.1474 0.2323 0.4463 0.4774 0.1797 0.1366 0.1887 0.3487 0.5153 0.3117 0.1362 0.1598 0.2710 0.5009 0.4283 0.1499 0.1426 0.2154 0.4119 0.4952 0.2171 0.1351 0.1755 0.3010 0.4508 0.3010 0.1755 0.1351 0.2171 0.4952 0.4119 0.2154 0.1426 0.1499 0.4283 0.5009 0.2710 0.1598 0.1362 0.3117 0.5153 0.3487 0.1887 0.1366 0.1797 0.4774 0.4463 0.2323 0.1474 0.1430 0.3938 0.5147 0.2958 0.1687 0.1350 0.2581 0.5061 0.3844 0.2037 0.1398 0.1572 0.4476 0.4867 0.2590 0.1563 0.1371 0.3270 0.5164 0.3446 0.1883 0.1367 0.1751 0.4714 0.4594 0.2421
0.4602 0.4690 0.1726 0.1369 0.1895 0.3475 0.5160 0.3231 0.1370 0.1567 0.2600 0.4876 0.4472 0.1572 0.1397 0.2033 0.3831 0.5066 0.2611 0.1351 0.1680 0.2937 0.5140 0.3970 0.1435 0.1468 0.2305 0.4428 0.4795 0.1828 0.1363 0.1874 0.3454 0.5159 0.3169 0.1365 0.1590 0.2685 0.4987 0.4317 0.1508 0.1421 0.2137 0.4081 0.4968 0.2218 0.1351 0.1758 0.3120 0.5149 0.4761 0.5149 0.3120 0.1758 0.1351 0.2218 0.4968 0.4081 0.2137 0.1421 0.1508 0.4317 0.4987 0.2685 0.1590 0.1365 0.3169 0.5159 0.3454 0.1874 0.1363 0.1828 0.4795 0.4428 0.2305 0.1468 0.1435 0.3970 0.5140 0.2937 0.1680 0.1351 0.2611 0.5066 0.3831 0.2033 0.1397 0.1572 0.4472 0.4876 0.2600 0.1567 0.1370 0.3231 0.5160 0.3475 0.1895 0.1369 0.1726 0.4690 0.4602
0.4673 0.1702 0.1372 0.1908 0.3507 0.5155 0.3187 0.1368 0.1573 0.2614 0.4890 0.4460 0.1568 0.1398 0.2033 0.3826 0.5069 0.2630 0.1351 0.1675 0.2921 0.5134 0.3999 0.1440 0.1464 0.2289 0.4395 0.4815 0.1860 0.1362 0.1861 0.3420 0.5164 0.3222 0.1367 0.1582 0.2661 0.4963 0.4350 0.1518 0.1417 0.2120 0.4044 0.4984 0.2270 0.1350 0.1750 0.3124 0.5173 0.3936 0.1820 0.3936 0.5173 0.3124 0.1750 0.1350 0.2270 0.4984 0.4044 0.2120 0.1417 0.1518 0.4350 0.4963 0.2661 0.1582 0.1367 0.3222 0.5164 0.3420 0.1861 0.1362 0.1860 0.4815 0.4395 0.2289 0.1464 0.1440 0.3999 0.5134 0.2921 0.1675 0.1351 0.2630 0.5069 0.3826 0.2033 0.1398 0.1568 0.4460 0.4890 0.2614 0.1573 0.1368 0.3187 0.5155 0.3507 0.1908 0.1372 0.1702 0.4673
0.1721 0.1375 0.1922 0.3541 0.5149 0.3137 0.1365 0.1579 0.2632 0.4909 0.4442 0.1562 0.1399 0.2037 0.3831 0.5069 0.2637 0.1351 0.1671 0.2909 0.5128 0.4022 0.1444 0.1460 0.2275 0.4365 0.4832 0.1890 0.1360 0.1849 0.3388 0.5168 0.3273 0.1370 0.1574 0.2637 0.4938 0.4382 0.1529 0.1413 0.2104 0.4006 0.4999 0.2322 0.1350 0.1739 0.3102 0.5174 0.3776 0.1430 0.1352 0.1430 0.3776 0.5174 0.3102 0.1739 0.1350 0.2322 0.4999 0.4006 0.2104 0.1413 0.1529 0.4382 0.4938 0.2637 0.1574 0.1370 0.3273 0.5168 0.3388 0.1849 0.1360 0.1890 0.4832 0.4365 0.2275 0.1460 0.1444 0.4022 0.5128 0.2909 0.1671 0.1351 0.2637 0.5069 0.3831 0.2037 0.1399 0.1562 0.4442 0.4909 0.2632 0.1579 0.1365 0.3137 0.5149 0.3541 0.1922 0.1375 0.1721
0.1415 0.1936 0.3576 0.5142 0.3085 0.1363 0.1587 0.2653 0.4931 0.4419 0.1553 0.1401 0.2044 0.3844 0.5066 0.2630 0.1351 0.1670 0.2903 0.5125 0.4038 0.1447 0.1457 0.2263 0.4339 0.4847 0.1919 0.1358 0.1838 0.3359 0.5172 0.3322 0.1372 0.1566 0.2614 0.4912 0.4413 0.1540 0.1409 0.2087 0.3969 0.5013 0.2375 0.1350 0.1729 0.3074 0.5172 0.3771 0.1412 0.1456 0.1832 0.1456 0.1412 0.3771 0.5172 0.3074 0.1729 0.1350 0.2375 0.5013 0.3969 0.2087 0.1409 0.1540 0.4413 0.4912 0.2614 0.1566 0.1372 0.3322 0.5172 0.3359 0.1838 0.1358 0.1919 0.4847 0.4339 0.2263 0.1457 0.1447 0.4038 0.5125 0.2903 0.1670 0.1351 0.2630 0.5066 0.3844 0.2044 0.1401 0.1553 0.4419 0.4931 0.2653 0.1587 0.1363 0.3085 0.5142 0.3576 0.1936 0.1415
0.1966 0.3610 0.5134 0.3031 0.1361 0.1595 0.2676 0.4954 0.4393 0.1543 0.1404 0.2055 0.3864 0.5061 0.2611 0.1351 0.1671 0.2903 0.5123 0.4047 0.1449 0.1455 0.2253 0.4318 0.4860 0.1947 0.1357 0.1828 0.3333 0.5175 0.3368 0.1375 0.1559 0.2591 0.4884 0.4444 0.1552 0.1405 0.2071 0.3932 0.5027 0.2429 0.1350 0.1718 0.3045 0.5168 0.3803 0.1413 0.1484 0.2263 0.3355 0.2263 0.1484 0.1413 0.3803 0.5168 0.3045 0.1718 0.1350 0.2429 0.5027 0.3932 0.2071 0.1405 0.1552 0.4444 0.4884 0.2591 0.1559 0.1375 0.3368 0.5175 0.3333 0.1828 0.1357 0.1947 0.4860 0.4318 0.2253 0.1455 0.1449 0.4047 0.5123 0.2903 0.1671 0.1351 0.2611 0.5061 0.3864 0.2055 0.1404 0.1543 0.4393 0.4954 0.2676 0.1595 0.1361 0.3031 0.5134 0.3610 0.1966
0.3627 0.5126 0.2977 0.1359 0.1604 0.2700 0.4978 0.4362 0.1533 0.1407 0.2068 0.3892 0.5053 0.2581 0.1351 0.1675 0.2909 0.5125 0.4047 0.1450 0.1454 0.2248 0.4302 0.4869 0.1971 0.1356 0.1820 0.3311 0.5177 0.3407 0.1377 0.1552 0.2570 0.4857 0.4473 0.1565 0.1401 0.2055 0.3895 0.5041 0.2484 0.1350 0.1707 0.3016 0.5163 0.3844 0.1417 0.1486 0.2341 0.4321 0.5164 0.4321 0.2341 0.1486 0.1417 0.3844 0.5163 0.3016 0.1707 0.1350 0.2484 0.5041 0.3895 0.2055 0.1401 0.1565 0.4473 0.4857 0.2570 0.1552 0.1377 0.3407 0.5177 0.3311 0.1820 0.1356 0.1971 0.4869 0.4302 0.2248 0.1454 0.1450 0.4047 0.5125 0.2909 0.1675 0.1351 0.2581 0.5053 0.3892 0.2068 0.1407 0.1533 0.4362 0.4978 0.2700 0.1604 0.1359 0.2977 0.5126 0.3627
0.5117 0.2923 0.1358 0.1612 0.2725 0.5001 0.4330 0.1523 0.1411 0.2082 0.3922 0.5043 0.2542 0.1350 0.1680 0.2921 0.5128 0.4038 0.1449 0.1454 0.2246 0.4295 0.4875 0.1988 0.1356 0.1813 0.3291 0.5178 0.3442 0.1380 0.1546 0.2552 0.4832 0.4500 0.1578 0.1397 0.2039 0.3858 0.5053 0.2539 0.1350 0.1697 0.2988 0.5156 0.3886 0.1422 0.1481 0.2344 0.4461 0.4867 0.3422 0.4867 0.4461 0.2344 0.1481 0.1422 0.3886 0.5156 0.2988 0.1697 0.1350 0.2539 0.5053 0.3858 0.2039 0.1397 0.1578 0.4500 0.4832 0.2552 0.1546 0.1380 0.3442 0.5178 0.3291 0.1813 0.1356 0.1988 0.4875 0.4295 0.2246 0.1454 0.1449 0.4038 0.5128 0.2921 0.1680 0.1350 0.2542 0.5043 0.3922 0.2082 0.1411 0.1523 0.4330 0.5001 0.2725 0.1612 0.1358 0.2923 0.5117
0.2892 0.1356 0.1621 0.2750 0.5022 0.4297 0.1512 0.1415 0.2097 0.3955 0.5032 0.2498 0.1350 0.1687 0.2937 0.5134 0.4022 0.1447 0.1455 0.2248 0.4295 0.4877 0.1996 0.1355 0.1808 0.3276 0.5179 0.3471 0.1382 0.1541 0.2535 0.4808 0.4523 0.1590 0.1394 0.2025 0.3823 0.5066 0.2594 0.1350 0.1687 0.2960 0.5149 0.3927 0.1428 0.1476 0.2330 0.4466 0.4796 0.2011 0.1367 0.2011 0.4796 0.4466 0.2330 0.1476 0.1428 0.3927 0.5149 0.2960 0.1687 0.1350 0.2594 0.5066 0.3823 0.2025 0.1394 0.1590 0.4523 0.4808 0.2535 0.1541 0.1382 0.3471 0.5179 0.3276 0.1808 0.1355 0.1996 0.4877 0.4295 0.2248 0.1455 0.1447 0.4022 0.5134 0.2937 0.1687 0.1350 0.2498 0.5032 0.3955 0.2097 0.1415 0.1512 0.4297 0.5022 0.2750 0.1621 0.1356 0.2892
0.1398 0.1630 0.2775 0.5042 0.4263 0.1502 0.1420 0.2114 0.3991 0.5019 0.2449 0.1350 0.1695 0.2958 0.5140 0.3999 0.1444 0.1457 0.2253 0.4302 0.4875 0.1996 0.1355 0.1806 0.3266 0.5180 0.3494 0.1384 0.1536 0.2520 0.4786 0.4543 0.1601 0.1391 0.2012 0.3790 0.5077 0.2647 0.1351 0.1677 0.2933 0.5140 0.3967 0.1434 0.1470 0.2311 0.4439 0.4794 0.1862 0.1348 0.1522 0.1348 0.1862 0.4794 0.4439 0.2311 0.1470 0.1434 0.3967 0.5140 0.2933 0.1677 0.1351 0.2647 0.5077 0.3790 0.2012 0.1391 0.1601 0.4543 0.4786 0.2520 0.1536 0.1384 0.3494 0.5180 0.3266 0.1806 0.1355 0.1996 0.4875 0.4302 0.2253 0.1457 0.1444 0.3999 0.5140 0.2958 0.1695 0.1350 0.2449 0.5019 0.3991 0.2114 0.1420 0.1502 0.4263 0.5042 0.2775 0.1630 0.1398
0.1663 0.2801 0.5060 0.4228 0.1493 0.1424 0.2130 0.4029 0.5005 0.2397 0.1350 0.1704 0.2980 0.5147 0.3970 0.1440 0.1460 0.2263 0.4318 0.4869 0.1988 0.1355 0.1806 0.3263 0.5180 0.3509 0.1385 0.1533 0.2508 0.4767 0.4561 0.1612 0.1389 0.2000 0.3761 0.5086 0.2697 0.1352 0.1668 0.2906 0.5130 0.4007 0.1440 0.1464 0.2292 0.4403 0.4810 0.1858 0.1358 0.1781 0.2488 0.1781 0.1358 0.1858 0.4810 0.4403 0.2292 0.1464 0.1440 0.4007 0.5130 0.2906 0.1668 0.1352 0.2697 0.5086 0.3761 0.2000 0.1389 0.1612 0.4561 0.4767 0.2508 0.1533 0.1385 0.3509 0.5180 0.3263 0.1806 0.1355 0.1988 0.4869 0.4318 0.2263 0.1460 0.1440 0.3970 0.5147 0.2980 0.1704 0.1350 0.2397 0.5005 0.4029 0.2130 0.1424 0.1493 0.4228 0.5060 0.2801 0.1663
0.2824 0.5077 0.4193 0.1484 0.1429 0.2147 0.4066 0.4990 0.2343 0.1350 0.1714 0.3006 0.5154 0.3938 0.1435 0.1464 0.2275 0.4339 0.4860 0.1971 0.1356 0.1808 0.3266 0.5180 0.3513 0.1386 0.1531 0.2499 0.4752 0.4576 0.1621 0.1387 0.1991 0.3736 0.5094 0.2742 0.1352 0.1659 0.2882 0.5119 0.4045 0.1447 0.1459 0.2273 0.4366 0.4830 0.1885 0.1359 0.1833 0.3204 0.4737 0.3204 0.1833 0.1359 0.1885 0.4830 0.4366 0.2273 0.1459 0.1447 0.4045 0.5119 0.2882 0.1659 0.1352 0.2742 0.5094 0.3736 0.1991 0.1387 0.1621 0.4576 0.4752 0.2499 0.1531 0.1386 0.3513 0.5180 0.3266 0.1808 0.1356 0.1971 0.4860 0.4339 0.2275 0.1464 0.1435 0.3938 0.5154 0.3006 0.1714 0.1350 0.2343 0.4990 0.4066 0.2147 0.1429 0.1484 0.4193 0.5077 0.2824
0.5076 0.4157 0.1476 0.1433 0.2165 0.4104 0.4974 0.2290 0.1350 0.1724 0.3033 0.5160 0.3901 0.1430 0.1468 0.2289 0.4365 0.4847 0.1947 0.1356 0.1813 0.3276 0.5180 0.3509 0.1386 0.1530 0.2495 0.4742 0.4587 0.1629 0.1385 0.1982 0.3715 0.5101 0.2780 0.1353 0.1652 0.2860 0.5109 0.4080 0.1453 0.1454 0.2254 0.4328 0.4850 0.1921 0.1358 0.1836 0.3322 0.5173 0.4603 0.5173 0.3322 0.1836 0.1358 0.1921 0.4850 0.4328 0.2254 0.1454 0.1453 0.4080 0.5109 0.2860 0.1652 0.1353 0.2780 0.5101 0.3715 0.1982 0.1385 0.1629 0.4587 0.4742 0.2495 0.1530 0.1386 0.3509 0.5180 0.3276 0.1813 0.1356 0.1947 0.4847 0.4365 0.2289 0.1468 0.1430 0.3901 0.5160 0.3033 0.1724 0.1350 0.2290 0.4974 0.4104 0.2165 0.1433 0.1476 0.4157 0.5076
0.4134 0.1468 0.1438 0.2182 0.4142 0.4958 0.2239 0.1350 0.1735 0.3062 0.5166 0.3860 0.1424 0.1474 0.2305 0.4395 0.4832 0.1919 0.1357 0.1820 0.3291 0.5179 0.3494 0.1385 0.1531 0.2495 0.4738 0.4593 0.1635 0.1384 0.1975 0.3696 0.5106 0.2814 0.1354 0.1645 0.2840 0.5098 0.4110 0.1459 0.1449 0.2237 0.4292 0.4869 0.1961 0.1357 0.1827 0.3326 0.5176 0.3654 0.1648 0.3654 0.5176 0.3326 0.1827 0.1357 0.1961 0.4869 0.4292 0.2237 0.1449 0.1459 0.4110 0.5098 0.2840 0.1645 0.1354 0.2814 0.5106 0.3696 0.1975 0.1384 0.1635 0.4593 0.4738 0.2495 0.1531 0.1385 0.3494 0.5179 0.3291 0.1820 0.1357 0.1919 0.4832 0.4395 0.2305 0.1474 0.1424 0.3860 0.5166 0.3062 0.1735 0.1350 0.2239 0.4958 0.4142 0.2182 0.1438 0.1468 0.4134
0.1504 0.1443 0.2200 0.4179 0.4941 0.2188 0.1351 0.1746 0.3091 0.5171 0.3818 0.1419 0.1479 0.2323 0.4428 0.4815 0.1890 0.1358 0.1828 0.3311 0.5178 0.3471 0.1384 0.1533 0.2499 0.4742 0.4593 0.1636 0.1383 0.1971 0.3682 0.5111 0.2841 0.1354 0.1639 0.2823 0.5088 0.4136 0.1465 0.1445 0.2221 0.4258 0.4888 0.2002 0.1356 0.1815 0.3302 0.5177 0.3474 0.1395 0.1367 0.1395 0.3474 0.5177 0.3302 0.1815 0.1356 0.2002 0.4888 0.4258 0.2221 0.1445 0.1465 0.4136 0.5088 0.2823 0.1639 0.1354 0.2841 0.5111 0.3682 0.1971 0.1383 0.1636 0.4593 0.4742 0.2499 0.1533 0.1384 0.3471 0.5178 0.3311 0.1828 0.1358 0.1890 0.4815 0.4428 0.2323 0.1479 0.1419 0.3818 0.5171 0.3091 0.1746 0.1351 0.2188 0.4941 0.4179 0.2200 0.1443 0.1504
0.1480 0.2218 0.4217 0.4924 0.2139 0.1351 0.1757 0.3121 0.5175 0.3775 0.1414 0.1485 0.2343 0.4463 0.4795 0.1860 0.1360 0.1838 0.3333 0.5177 0.3442 0.1382 0.1536 0.2508 0.4752 0.4587 0.1635 0.1383 0.1969 0.3675 0.5113 0.2862 0.1355 0.1635 0.2809 0.5079 0.4160 0.1470 0.1441 0.2207 0.4228 0.4903 0.2041 0.1354 0.1804 0.3273 0.5179 0.3468 0.1384 0.1495 0.1920 0.1495 0.1384 0.3468 0.5179 0.3273 0.1804 0.1354 0.2041 0.4903 0.4228 0.2207 0.1441 0.1470 0.4160 0.5079 0.2809 0.1635 0.1355 0.2862 0.5113 0.3675 0.1969 0.1383 0.1635 0.4587 0.4752 0.2508 0.1536 0.1382 0.3442 0.5177 0.3333 0.1838 0.1360 0.1860 0.4795 0.4463 0.2343 0.1485 0.1414 0.3775 0.5175 0.3121 0.1757 0.1351 0.2139 0.4924 0.4217 0.2218 0.1480
0.2245 0.4255 0.4906 0.2091 0.1352 0.1769 0.3151 0.5177 0.3731 0.1409 0.1492 0.2363 0.4500 0.4774 0.1828 0.1362 0.1849 0.3359 0.5175 0.3407 0.1380 0.1541 0.2520 0.4767 0.4576 0.1629 0.1384 0.1971 0.3675 0.5114 0.2873 0.1355 0.1631 0.2797 0.5070 0.4180 0.1475 0.1438 0.2196 0.4201 0.4917 0.2078 0.1353 0.1793 0.3244 0.5180 0.3503 0.1384 0.1527 0.2393 0.3577 0.2393 0.1527 0.1384 0.3503 0.5180 0.3244 0.1793 0.1353 0.2078 0.4917 0.4201 0.2196 0.1438 0.1475 0.4180 0.5070 0.2797 0.1631 0.1355 0.2873 0.5114 0.3675 0.1971 0.1384 0.1629 0.4576 0.4767 0.2520 0.1541 0.1380 0.3407 0.5175 0.3359 0.1849 0.1362 0.1828 0.4774 0.4500 0.2363 0.1492 0.1409 0.3731 0.5177 0.3151 0.1769 0.1352 0.2091 0.4906 0.4255 0.2245
0.4267 0.4888 0.2045 0.1353 0.1780 0.3181 0.5179 0.3686 0.1404 0.1498 0.2383 0.4536 0.4751 0.1797 0.1363 0.1861 0.3388 0.5172 0.3368 0.1377 0.1546 0.2535 0.4786 0.4561 0.1621 0.1385 0.1975 0.3682 0.5113 0.2873 0.1356 0.1630 0.2789 0.5064 0.4196 0.1479 0.1435 0.2186 0.4178 0.4928 0.2111 0.1353 0.1784 0.3218 0.5181 0.3544 0.1387 0.1529 0.2477 0.4563 0.5129 0.4563 0.2477 0.1529 0.1387 0.3544 0.5181 0.3218 0.1784 0.1353 0.2111 0.4928 0.4178 0.2186 0.1435 0.1479 0.4196 0.5064 0.2789 0.1630 0.1356 0.2873 0.5113 0.3682 0.1975 0.1385 0.1621 0.4561 0.4786 0.2535 0.1546 0.1377 0.3368 0.5172 0.3388 0.1861 0.1363 0.1797 0.4751 0.4536 0.2383 0.1498 0.1404 0.3686 0.5179 0.3181 0.1780 0.1353 0.2045 0.4888 0.4267
0.4874 0.2001 0.1354 0.1792 0.3212 0.5180 0.3640 0.1399 0.1504 0.2403 0.4572 0.4728 0.1768 0.1366 0.1874 0.3420 0.5168 0.3322 0.1375 0.1552 0.2552 0.4808 0.4543 0.1612 0.1387 0.1982 0.3696 0.5111 0.2862 0.1355 0.1630 0.2787 0.5060 0.4207 0.1482 0.1433 0.2177 0.4159 0.4938 0.2140 0.1352 0.1775 0.3195 0.5181 0.3582 0.1390 0.1525 0.2481 0.4695 0.4728 0.3085 0.4728 0.4695 0.2481 0.1525 0.1390 0.3582 0.5181 0.3195 0.1775 0.1352 0.2140 0.4938 0.4159 0.2177 0.1433 0.1482 0.4207 0.5060 0.2787 0.1630 0.1355 0.2862 0.5111 0.3696 0.1982 0.1387 0.1612 0.4543 0.4808 0.2552 0.1552 0.1375 0.3322 0.5168 0.3420 0.1874 0.1366 0.1768 0.4728 0.4572 0.2403 0.1504 0.1399 0.3640 0.5180 0.3212 0.1792 0.1354 0.2001 0.4874
0.1995 0.1356 0.1804 0.3243 0.5181 0.3594 0.1395 0.1511 0.2424 0.4608 0.4704 0.1741 0.1368 0.1887 0.3454 0.5164 0.3273 0.1372 0.1559 0.2570 0.4832 0.4523 0.1601 0.1389 0.1991 0.3715 0.5106 0.2841 0.1355 0.1631 0.2789 0.5060 0.4210 0.1484 0.1432 0.2170 0.4142 0.4946 0.2164 0.1352 0.1768 0.3175 0.5180 0.3617 0.1393 0.1520 0.2469 0.4703 0.4639 0.1770 0.1350 0.1770 0.4639 0.4703 0.2469 0.1520 0.1393 0.3617 0.5180 0.3175 0.1768 0.1352 0.2164 0.4946 0.4142 0.2170 0.1432 0.1484 0.4210 0.5060 0.2789 0.1631 0.1355 0.2841 0.5106 0.3715 0.1991 0.1389 0.1601 0.4523 0.4832 0.2570 0.1559 0.1372 0.3273 0.5164 0.3454 0.1887 0.1368 0.1741 0.4704 0.4608 0.2424 0.1511 0.1395 0.3594 0.5181 0.3243 0.1804 0.1356 0.1995
0.1398 0.1816 0.3274 0.5180 0.3547 0.1391 0.1518 0.2445 0.4643 0.4680 0.1716 0.1370 0.1900 0.3487 0.5159 0.3222 0.1370 0.1566 0.2591 0.4857 0.4500 0.1590 0.1391 0.2000 0.3736 0.5101 0.2814 0.1354 0.1635 0.2797 0.5064 0.4207 0.1484 0.1431 0.2167 0.4131 0.4952 0.2185 0.1351 0.1763 0.3159 0.5179 0.3647 0.1396 0.1515 0.2454 0.4685 0.4633 0.1677 0.1360 0.1573 0.1360 0.1677 0.4633 0.4685 0.2454 0.1515 0.1396 0.3647 0.5179 0.3159 0.1763 0.1351 0.2185 0.4952 0.4131 0.2167 0.1431 0.1484 0.4207 0.5064 0.2797 0.1635 0.1354 0.2814 0.5101 0.3736 0.2000 0.1391 0.1590 0.4500 0.4857 0.2591 0.1566 0.1370 0.3222 0.5159 0.3487 0.1900 0.1370 0.1716 0.4680 0.4643 0.2445 0.1518 0.1391 0.3547 0.5180 0.3274 0.1816 0.1398
0.1847 0.3305 0.5179 0.3499 0.1387 0.1525 0.2467 0.4678 0.4655 0.1693 0.1373 0.1914 0.3521 0.5153 0.3169 0.1367 0.1574 0.2614 0.4884 0.4473 0.1578 0.1394 0.2012 0.3761 0.5094 0.2780 0.1354 0.1639 0.2809 0.5070 0.4196 0.1482 0.1432 0.2167 0.4127 0.4955 0.2200 0.1351 0.1758 0.3145 0.5179 0.3672 0.1399 0.1510 0.2440 0.4663 0.4646 0.1672 0.1374 0.1865 0.2645 0.1865 0.1374 0.1672 0.4646 0.4663 0.2440 0.1510 0.1399 0.3672 0.5179 0.3145 0.1758 0.1351 0.2200 0.4955 0.4127 0.2167 0.1432 0.1482 0.4196 0.5070 0.2809 0.1639 0.1354 0.2780 0.5094 0.3761 0.2012 0.1394 0.1578 0.4473 0.4884 0.2614 0.1574 0.1367 0.3169 0.5153 0.3521 0.1914 0.1373 0.1693 0.4655 0.4678 0.2467 0.1525 0.1387 0.3499 0.5179 0.3305 0.1847
0.3325 0.5177 0.3451 0.1383 0.1532 0.2488 0.4711 0.4629 0.1672 0.1376 0.1928 0.3555 0.5146 0.3117 0.1365 0.1582 0.2637 0.4912 0.4444 0.1565 0.1397 0.2025 0.3790 0.5086 0.2742 0.1353 0.1645 0.2823 0.5079 0.4180 0.1479 0.1433 0.2170 0.4131 0.4955 0.2205 0.1351 0.1755 0.3135 0.5178 0.3692 0.1401 0.1507 0.2427 0.4641 0.4661 0.1682 0.1376 0.1925 0.3422 0.4938 0.3422 0.1925 0.1376 0.1682 0.4661 0.4641 0.2427 0.1507 0.1401 0.3692 0.5178 0.3135 0.1755 0.1351 0.2205 0.4955 0.4131 0.2170 0.1433 0.1479 0.4180 0.5079 0.2823 0.1645 0.1353 0.2742 0.5086 0.3790 0.2025 0.1397 0.1565 0.4444 0.4912 0.2637 0.1582 0.1365 0.3117 0.5146 0.3555 0.1928 0.1376 0.1672 0.4629 0.4711 0.2488 0.1532 0.1383 0.3451 0.5177 0.3325
0.5169 0.3402 0.1380 0.1539 0.2510 0.4745 0.4602 0.1652 0.1379 0.1942 0.3589 0.5139 0.3063 0.1362 0.1590 0.2661 0.4938 0.4413 0.1552 0.1401 0.2039 0.3823 0.5077 0.2697 0.1352 0.1652 0.2840 0.5088 0.4160 0.1475 0.1435 0.2177 0.4142 0.4952 0.2200 0.1351 0.1754 0.3129 0.5177 0.3708 0.1403 0.1504 0.2417 0.4622 0.4675 0.1694 0.1375 0.1931 0.3555 0.5160 0.4406 0.5160 0.3555 0.1931 0.1375 0.1694 0.4675 0.4622 0.2417 0.1504 0.1403 0.3708 0.5177 0.3129 0.1754 0.1351 0.2200 0.4952 0.4142 0.2177 0.1435 0.1475 0.4160 0.5088 0.2840 0.1652 0.1352 0.2697 0.5077 0.3823 0.2039 0.1401 0.1552 0.4413 0.4938 0.2661 0.1590 0.1362 0.3063 0.5139 0.3589 0.1942 0.1379 0.1652 0.4602 0.4745 0.2510 0.1539 0.1380 0.3402 0.5169
0.3372 0.1377 0.1546 0.2532 0.4777 0.4575 0.1634 0.1382 0.1956 0.3624 0.5131 0.3009 0.1360 0.1598 0.2685 0.4963 0.4382 0.1540 0.1405 0.2055 0.3858 0.5066 0.2647 0.1352 0.1659 0.2860 0.5098 0.4136 0.1470 0.1438 0.2186 0.4159 0.4946 0.2185 0.1351 0.1755 0.3129 0.5177 0.3717 0.1404 0.1502 0.2408 0.4606 0.4688 0.1705 0.1374 0.1927 0.3570 0.5143 0.3310 0.1536 0.3310 0.5143 0.3570 0.1927 0.1374 0.1705 0.4688 0.4606 0.2408 0.1502 0.1404 0.3717 0.5177 0.3129 0.1755 0.1351 0.2185 0.4946 0.4159 0.2186 0.1438 0.1470 0.4136 0.5098 0.2860 0.1659 0.1352 0.2647 0.5066 0.3858 0.2055 0.1405 0.1540 0.4382 0.4963 0.2685 0.1598 0.1360 0.3009 0.5131 0.3624 0.1956 0.1382 0.1634 0.4575 0.4777 0.2532 0.1546 0.1377 0.3372
0.1418 0.1554 0.2555 0.4809 0.4548 0.1617 0.1385 0.1971 0.3659 0.5123 0.2955 0.1359 0.1607 0.2710 0.4987 0.4350 0.1529 0.1409 0.2071 0.3895 0.5053 0.2594 0.1351 0.1668 0.2882 0.5109 0.4110 0.1465 0.1441 0.2196 0.4178 0.4938 0.2164 0.1351 0.1758 0.3135 0.5177 0.3717 0.1405 0.1500 0.2403 0.4594 0.4697 0.1716 0.1372 0.1920 0.3560 0.5141 0.3097 0.1368 0.1391 0.1368 0.3097 0.5141 0.3560 0.1920 0.1372 0.1716 0.4697 0.4594 0.2403 0.1500 0.1405 0.3717 0.5177 0.3135 0.1758 0.1351 0.2164 0.4938 0.4178 0.2196 0.1441 0.1465 0.4110 0.5109 0.2882 0.1668 0.1351 0.2594 0.5053 0.3895 0.2071 0.1409 0.1529 0.4350 0.4987 0.2710 0.1607 0.1359 0.2955 0.5123 0.3659 0.1971 0.1385 0.1617 0.4548 0.4809 0.2555 0.1554 0.1418
0.1588 0.2578 0.4839 0.4519 0.1601 0.1388 0.1985 0.3694 0.5114 0.2901 0.1357 0.1616 0.2735 0.5009 0.4317 0.1518 0.1413 0.2087 0.3932 0.5041 0.2539 0.1350 0.1677 0.2906 0.5119 0.4080 0.1459 0.1445 0.2207 0.4201 0.4928 0.2140 0.1352 0.1763 0.3145 0.5178 0.3708 0.1404 0.1500 0.2400 0.4587 0.4704 0.1724 0.1371 0.1915 0.3546 0.5143 0.3069 0.1362 0.1548 0.2030 0.1548 0.1362 0.3069 0.5143 0.3546 0.1915 0.1371 0.1724 0.4704 0.4587 0.2400 0.1500 0.1404 0.3708 0.5178 0.3145 0.1763 0.1352 0.2140 0.4928 0.4201 0.2207 0.1445 0.1459 0.4080 0.5119 0.2906 0.1677 0.1350 0.2539 0.5041 0.3932 0.2087 0.1413 0.1518 0.4317 0.5009 0.2735 0.1616 0.1357 0.2901 0.5114 0.3694 0.1985 0.1388 0.1601 0.4519 0.4839 0.2578 0.1588
0.2602 0.4869 0.4490 0.1586 0.1392 0.2000 0.3730 0.5104 0.2846 0.1356 0.1625 0.2760 0.5030 0.4283 0.1508 0.1417 0.2104 0.3969 0.5027 0.2484 0.1350 0.1687 0.2933 0.5130 0.4045 0.1453 0.1449 0.2221 0.4228 0.4917 0.2111 0.1352 0.1768 0.3159 0.5179 0.3692 0.1403 0.1502 0.2403 0.4587 0.4706 0.1729 0.1371 0.1910 0.3534 0.5146 0.3079 0.1362 0.1587 0.2562 0.3851 0.2562 0.1587 0.1362 0.3079 0.5146 0.3534 0.1910 0.1371 0.1729 0.4706 0.4587 0.2403 0.1502 0.1403 0.3692 0.5179 0.3159 0.1768 0.1352 0.2111 0.4917 0.4228 0.2221 0.1449 0.1453 0.4045 0.5130 0.2933 0.1687 0.1350 0.2484 0.5027 0.3969 0.2104 0.1417 0.1508 0.4283 0.5030 0.2760 0.1625 0.1356 0.2846 0.5104 0.3730 0.2000 0.1392 0.1586 0.4490 0.4869 0.2602
0.4873 0.4461 0.1572 0.1395 0.2015 0.3766 0.5094 0.2791 0.1354 0.1634 0.2785 0.5049 0.4249 0.1499 0.1421 0.2120 0.4006 0.5013 0.2429 0.1350 0.1697 0.2960 0.5140 0.4007 0.1447 0.1454 0.2237 0.4258 0.4903 0.2078 0.1353 0.1775 0.3175 0.5179 0.3672 0.1401 0.1504 0.2408 0.4594 0.4704 0.1729 0.1370 0.1907 0.3524 0.5148 0.3095 0.1362 0.1593 0.2663 0.4829 0.5053 0.4829 0.2663 0.1593 0.1362 0.3095 0.5148 0.3524 0.1907 0.1370 0.1729 0.4704 0.4594 0.2408 0.1504 0.1401 0.3672 0.5179 0.3175 0.1775 0.1353 0.2078 0.4903 0.4258 0.2237 0.1454 0.1447 0.4007 0.5140 0.2960 0.1697 0.1350 0.2429 0.5013 0.4006 0.2120 0.1421 0.1499 0.4249 0.5049 0.2785 0.1634 0.1354 0.2791 0.5094 0.3766 0.2015 0.1395 0.1572 0.4461 0.4873
0.4441 0.1559 0.1399 0.2031 0.3802 0.5084 0.2735 0.1353 0.1643 0.2811 0.5067 0.4214 0.1490 0.1426 0.2137 0.4044 0.4999 0.2375 0.1350 0.1707 0.2988 0.5149 0.3967 0.1440 0.1459 0.2254 0.4292 0.4888 0.2041 0.1353 0.1784 0.3195 0.5180 0.3647 0.1399 0.1507 0.2417 0.4606 0.4697 0.1724 0.1371 0.1907 0.3521 0.5149 0.3108 0.1363 0.1593 0.2680 0.4947 0.4516 0.2641 0.4516 0.4947 0.2680 0.1593 0.1363 0.3108 0.5149 0.3521 0.1907 0.1371 0.1724 0.4697 0.4606 0.2417 0.1507 0.1399 0.3647 0.5180 0.3195 0.1784 0.1353 0.2041 0.4888 0.4292 0.2254 0.1459 0.1440 0.3967 0.5149 0.2988 0.1707 0.1350 0.2375 0.4999 0.4044 0.2137 0.1426 0.1490 0.4214 0.5067 0.2811 0.1643 0.1353 0.2735 0.5084 0.3802 0.2031 0.1399 0.1559 0.4441
0.1589 0.1403 0.2046 0.3838 0.5072 0.2680 0.1352 0.1652 0.2837 0.5084 0.4179 0.1481 0.1431 0.2154 0.4081 0.4984 0.2322 0.1350 0.1718 0.3016 0.5156 0.3927 0.1434 0.1464 0.2273 0.4328 0.4869 0.2002 0.1354 0.1793 0.3218 0.5181 0.3617 0.1396 0.1510 0.2427 0.4622 0.4688 0.1716 0.1371 0.1910 0.3524 0.5149 0.3113 0.1363 0.1592 0.2679 0.4966 0.4390 0.1593 0.1341 0.1593 0.4390 0.4966 0.2679 0.1592 0.1363 0.3113 0.5149 0.3524 0.1910 0.1371 0.1716 0.4688 0.4622 0.2427 0.1510 0.1396 0.3617 0.5181 0.3218 0.1793 0.1354 0.2002 0.4869 0.4328 0.2273 0.1464 0.1434 0.3927 0.5156 0.3016 0.1718 0.1350 0.2322 0.4984 0.4081 0.2154 0.1431 0.1481 0.4179 0.5084 0.2837 0.1652 0.1352 0.2680 0.5072 0.3838 0.2046 0.1403 0.1589
0.1441 0.2062 0.3875 0.5060 0.2624 0.1351 0.1662 0.2864 0.5098 0.4142 0.1473 0.1435 0.2172 0.4119 0.4968 0.2270 0.1350 0.1729 0.3045 0.5163 0.3886 0.1428 0.1470 0.2292 0.4366 0.4850 0.1961 0.1356 0.1804 0.3244 0.5181 0.3582 0.1393 0.1515 0.2440 0.4641 0.4675 0.1705 0.1372 0.1915 0.3534 0.5148 0.3108 0.1363 0.1591 0.2677 0.4968 0.4366 0.1538 0.1384 0.1649 0.1384 0.1538 0.4366 0.4968 0.2677 0.1591 0.1363 0.3108 0.5148 0.3534 0.1915 0.1372 0.1705 0.4675 0.4641 0.2440 0.1515 0.1393 0.3582 0.5181 0.3244 0.1804 0.1356 0.1961 0.4850 0.4366 0.2292 0.1470 0.1428 0.3886 0.5163 0.3045 0.1729 0.1350 0.2270 0.4968 0.4119 0.2172 0.1435 0.1473 0.4142 0.5098 0.2864 0.1662 0.1351 0.2624 0.5060 0.3875 0.2062 0.1441
0.2090 0.3912 0.5048 0.2569 0.1351 0.1671 0.2890 0.5112 0.4105 0.1465 0.1440 0.2189 0.4157 0.4952 0.2218 0.1350 0.1739 0.3074 0.5168 0.3844 0.1422 0.1476 0.2311 0.4403 0.4830 0.1921 0.1357 0.1815 0.3273 0.5180 0.3544 0.1390 0.1520 0.2454 0.4663 0.4661 0.1694 0.1374 0.1920 0.3546 0.5146 0.3095 0.1363 0.1592 0.2677 0.4967 0.4362 0.1530 0.1405 0.1992 0.2873 0.1992 0.1405 0.1530 0.4362 0.4967 0.2677 0.1592 0.1363 0.3095 0.5146 0.3546 0.1920 0.1374 0.1694 0.4661 0.4663 0.2454 0.1520 0.1390 0.3544 0.5180 0.3273 0.1815 0.1357 0.1921 0.4830 0.4403 0.2311 0.1476 0.1422 0.3844 0.5168 0.3074 0.1739 0.1350 0.2218 0.4952 0.4157 0.2189 0.1440 0.1465 0.4105 0.5112 0.2890 0.1671 0.1351 0.2569 0.5048 0.3912 0.2090
0.3924 0.5036 0.2517 0.1350 0.1681 0.2916 0.5123 0.4069 0.1458 0.1445 0.2206 0.4192 0.4935 0.2171 0.1351 0.1750 0.3102 0.5172 0.3803 0.1417 0.1481 0.2330 0.4439 0.4810 0.1885 0.1358 0.1827 0.3302 0.5179 0.3503 0.1387 0.1525 0.2469 0.4685 0.4646 0.1682 0.1375 0.1927 0.3560 0.5143 0.3079 0.1362 0.1593 0.2679 0.4968 0.4362 0.1528 0.1410 0.2067 0.3742 0.5108 0.3742 0.2067 0.1410 0.1528 0.4362 0.4968 0.2679 0.1593 0.1362 0.3079 0.5143 0.3560 0.1927 0.1375 0.1682 0.4646 0.4685 0.2469 0.1525 0.1387 0.3503 0.5179 0.3302 0.1827 0.1358 0.1885 0.4810 0.4439 0.2330 0.1481 0.1417 0.3803 0.5172 0.3102 0.1750 0.1351 0.2171 0.4935 0.4192 0.2206 0.1445 0.1458 0.4069 0.5123 0.2916 0.1681 0.1350 0.2517 0.5036 0.3924
0.5028 0.2476 0.1350 0.1688 0.2936 0.5131 0.4041 0.1452 0.1448 0.2219 0.4220 0.4922 0.2134 0.1351 0.1758 0.3124 0.5174 0.3771 0.1413 0.1486 0.2344 0.4466 0.4794 0.1858 0.1359 0.1836 0.3326 0.5177 0.3468 0.1384 0.1529 0.2481 0.4703 0.4633 0.1672 0.1376 0.1931 0.3570 0.5141 0.3069 0.1362 0.1593 0.2680 0.4966 0.4366 0.1530 0.1410 0.2079 0.3895 0.5092 0.4094 0.5092 0.3895 0.2079 0.1410 0.1530 0.4366 0.4966 0.2680 0.1593 0.1362 0.3069 0.5141 0.3570 0.1931 0.1376 0.1672 0.4633 0.4703 0.2481 0.1529 0.1384 0.3468 0.5177 0.3326 0.1836 0.1359 0.1858 0.4794 0.4466 0.2344 0.1486 0.1413 0.3771 0.5174 0.3124 0.1758 0.1351 0.2134 0.4922 0.4220 0.2219 0.1448 0.1452 0.4041 0.5131 0.2936 0.1688 0.1350 0.2476 0.5028
0.2512 0.1349 0.1685 0.2933 0.5128 0.4045 0.1452 0.1447 0.2216 0.4215 0.4923 0.2139 0.1350 0.1755 0.3120 0.5173 0.3776 0.1412 0.1484 0.2341 0.4461 0.4796 0.1862 0.1358 0.1833 0.3322 0.5176 0.3474 0.1384 0.1527 0.2477 0.4695 0.4639 0.1677 0.1374 0.1925 0.3555 0.5143 0.3097 0.1362 0.1587 0.2663 0.4947 0.4390 0.1538 0.1405 0.2067 0.3895 0.5057 0.2852 0.1452 0.2852 0.5057 0.3895 0.2067 0.1405 0.1538 0.4390 0.4947 0.2663 0.1587 0.1362 0.3097 0.5143 0.3555 0.1925 0.1374 0.1677 0.4639 0.4695 0.2477 0.1527 0.1384 0.3474 0.5176 0.3322 0.1833 0.1358 0.1862 0.4796 0.4461 0.2341 0.1484 0.1412 0.3776 0.5173 0.3120 0.1755 0.1350 0.2139 0.4923 0.4215 0.2216 0.1447 0.1452 0.4045 0.5128 0.2933 0.1685 0.1349 0.2512
0.1391 0.1642 0.2830 0.5076 0.4186 0.1478 0.1423 0.2144 0.4075 0.4979 0.2333 0.1344 0.1708 0.3010 0.5149 0.3936 0.1430 0.1456 0.2263 0.4321 0.4867 0.2011 0.1348 0.1781 0.3204 0.5173 0.3654 0.1395 0.1495 0.2393 0.4563 0.4728 0.1770 0.1360 0.1865 0.3422 0.5160 0.3310 0.1368 0.1548 0.2562 0.4829 0.4516 0.1593 0.1384 0.1992 0.3742 0.5092 0.2852 0.1352 0.1400 0.1352 0.2852 0.5092 0.3742 0.1992 0.1384 0.1593 0.4516 0.4829 0.2562 0.1548 0.1368 0.3310 0.5160 0.3422 0.1865 0.1360 0.1770 0.4728 0.4563 0.2393 0.1495 0.1395 0.3654 0.5173 0.3204 0.1781 0.1348 0.2011 0.4867 0.4321 0.2263 0.1456 0.1430 0.3936 0.5149 0.3010 0.1708 0.1344 0.2333 0.4979 0.4075 0.2144 0.1423 0.1478 0.4186 0.5076 0.2830 0.1642 0.1391
0.1474 0.2224 0.4265 0.4892 0.2087 0.1343 0.1753 0.3148 0.5168 0.3727 0.1393 0.1478 0.2349 0.4508 0.4761 0.1820 0.1352 0.1832 0.3355 0.5164 0.3422 0.1367 0.1522 0.2488 0.4737 0.4603 0.1648 0.1367 0.1920 0.3577 0.5129 0.3085 0.1350 0.1573 0.2645 0.4938 0.4406 0.1536 0.1391 0.2030 0.3851 0.5053 0.2641 0.1341 0.1649 0.2874 0.5108 0.4094 0.1452 0.1400 0.1702 0.1400 0.1452 0.4094 0.5108 0.2873 0.1649 0.1341 0.2641 0.5053 0.3851 0.2030 0.1391 0.1536 0.4406 0.4938 0.2645 0.1573 0.1350 0.3085 0.5129 0.3577 0.1920 0.1367 0.1648 0.4603 0.4737 0.2488 0.1522 0.1367 0.3422 0.5164 0.3355 0.1832 0.1352 0.1820 0.4761 0.4508 0.2349 0.1478 0.1393 0.3727 0.5168 0.3148 0.1753 0.1343 0.2087 0.4892 0.4265 0.2224 0.1474
0.1391 0.1642 0.2830 0.5076 0.4186 0.1478 0.1423 0.2144 0.4075 0.4979 0.2333 0.1344 0.1708 0.3010 0.5149 0.3936 0.1430 0.1456 0.2263 0.4321 0.4867 0.2011 0.1348 0.1781 0.3204 0.5173 0.3654 0.1395 0.1495 0.2393 0.4563 0.4728 0.1770 0.1360 0.1865 0.3422 0.5160 0.3310 0.1368 0.1548 0.2562 0.4829 0.4516 0.1593 0.1384 0.1992 0.3742 0.5092 0.2852 0.1352 0.1400 0.1352 0.2852 0.5092 0.3742 0.1992 0.1384 0.1593 0.4516 0.4829 0.2562 0.1548 0.1368 0.3310 0.5160 0.3422 0.1865 0.1360 0.1770 0.4728 0.4563 0.2393 0.1495 0.1395 0.3654 0.5173 0.3204 0.1781 0.1348 0.2011 0.4867 0.4321 0.2263 0.1456 0.1430 0.3936 0.5149 0.3010 0.1708 0.1344 0.2333 0.4979 0.4075 0.2144 0.1423 0.1478 0.4186 0.5076 0.2830 0.1642 0.1391
0.2512 0.1349 0.1685 0.2933 0.5128 0.4045 0.1452 0.1447 0.2216 0.4215 0.4923 0.2139 0.1350 0.1755 0.3120 0.5173 0.3776 0.1412 0.1484 0.2341 0.4461 0.4796 0.1862 0.1358 0.1833 0.3322 0.5176 0.3474 0.1384 0.1527 0.2477 0.4695 0.4639 0.1677 0.1374 0.1925 0.3555 0.5143 0.3097 0.1362 0.1587 0.2663 0.4947 0.4390 0.1538 0.1405 0.2067 0.3895 0.5057 0.2852 0.1452 0.2852 0.5057 0.3895 0.2067 0.1405 0.1538 0.4390 0.4947 0.2663 0.1587 0.1362 0.3097 0.5143 0.3555 0.1925 0.1374 0.1677 0.4639 0.4695 0.2477 0.1527 0.1384 0.3474 0.5176 0.3322 0.1833 0.1358 0.1862 0.4796 0.4461 0.2341 0.1484 0.1412 0.3776 0.5173 0.3120 0.1755 0.1350 0.2139 0.4923 0.4215 0.2216 0.1447 0.1452 0.4045 0.5128 0.2933 0.1685 0.1349 0.2512
0.5028 0.2476 0.1350 0.1688 0.2936 0.5131 0.4041 0.1452 0.1448 0.2219 0.4220 0.4922 0.2134 0.1351 0.1758 0.3124 0.5174 0.3771 0.1413 0.1486 0.2344 0.4466 0.4794 0.1858 0.1359 0.1836 0.3326 0.5177 0.3468 0.1384 0.1529 0.2481 0.4703 0.4633 0.1672 0.1376 0.1931 0.3570 0.5141 0.3069 0.1362 0.1593 0.2680 0.4966 0.4366 0.1530 0.1410 0.2079 0.3895 0.5092 0.4094 0.5092 0.3895 0.2079 0.1410 0.1530 0.4366 0.4966 0.2680 0.1593 0.1362 0.3069 0.5141 0.3570 0.1931 0.1376 0.1672 0.4633 0.4703 0.2481 0.1529 0.1384 0.3468 0.5177 0.3326 0.1836 0.1359 0.1858 0.4794 0.4466 0.2344 0.1486 0.1413 0.3771 0.5174 0.3124 0.1758 0.1351 0.2134 0.4922 0.4220 0.2219 0.1448 0.1452 0.4041 0.5131 0.2936 0.1688 0.1350 0.2476 0.5028
0.3924 0.5036 0.2517 0.1350 0.1681 0.2916 0.5123 0.4069 0.1458 0.1445 0.2206 0.4192 0.4935 0.2171 0.1351 0.1750 0.3102 0.5172 0.3803 0.1417 0.1481 0.2330 0.4439 0.4810 0.1885 0.1358 0.1827 0.3302 0.5179 0.3503 0.1387 0.1525 0.2469 0.4685 0.4646 0.1682 0.1375 0.1927 0.3560 0.5143 0.3079 0.1362 0.1593 0.2679 0.4968 0.4362 0.1528 0.1410 0.2067 0.3742 0.5108 0.3742 0.2067 0.1410 0.1528 0.4362 0.4968 0.2679 0.1593 0.1362 0.3079 0.5143 0.3560 0.1927 0.1375 0.1682 0.4646 0.4685 0.2469 0.1525 0.1387 0.3503 0.5179 0.3302 0.1827 0.1358 0.1885 0.4810 0.4439 0.2330 0.1481 0.1417 0.3803 0.5172 0.3102 0.1750 0.1351 0.2171 0.4935 0.4192 0.2206 0.1445 0.1458 0.4069 0.5123 0.2916 0.1681 0.1350 0.2517 0.5036 0.3924
0.2090 0.3912 0.5048 0.2569 0.1351 0.1671 0.2890 0.5112 0.4105 0.1465 0.1440 0.2189 0.4157 0.4952 0.2218 0.1350 0.1739 0.3074 0.5168 0.3844 0.1422 0.1476 0.2311 0.4403 0.4830 0.1921 0.1357 0.1815 0.3273 0.5180 0.3544 0.1390 0.1520 0.2454 0.4663 0.4661 0.1694 0.1374 0.1920 0.3546 0.5146 0.3095 0.1363 0.1592 0.2677 0.4967 0.4362 0.1530 0.1405 0.1992 0.2873 0.1992 0.1405 0.1530 0.4362 0.4967 0.2677 0.1592 0.1363 0.3095 0.5146 0.3546 0.1920 0.1374 0.1694 0.4661 0.4663 0.2454 0.1520 0.1390 0.3544 0.5180 0.3273 0.1815 0.1357 0.1921 0.4830 0.4403 0.2311 0.1476 0.1422 0.3844 0.5168 0.3074 0.1739 0.1350 0.2218 0.4952 0.4157 0.2189 0.1440 0.1465 0.4105 0.5112 0.2890 0.1671 0.1351 0.2569 0.5048 0.3912 0.2090
