0.2263 -0.1356 -0.2672 -0.3552 -0.3249 0.1419 0.0786 -0.2297 -0.3246 -0.3853 0.0520 0.2765 -0.1813 -0.2907 -0.3721 -0.1596 0.1995 -0.1004 -0.2553 -0.3454 -0.3623 0.1128 0.2119 -0.2142 -0.3132 -0.3838 0.0079 0.2568 -0.1606 -0.2787 -0.3639 -0.2619 0.1698 -0.0360 -0.2427 -0.3348 -0.3800 0.0829 0.2711 -0.1978 -0.3016 -0.3784 -0.0624 0.2277 -0.1344 -0.2665 -0.3546 -0.3301 0.1345 0.1880 -0.1666 0.1880 0.1345 -0.3301 -0.3546 -0.2665 -0.1344 0.2277 -0.0624 -0.3784 -0.3016 -0.1978 0.2711 0.0829 -0.3800 -0.3348 -0.2427 -0.0360 0.1698 -0.2619 -0.3639 -0.2787 -0.1606 0.2568 0.0079 -0.3838 -0.3132 -0.2142 0.2119 0.1128 -0.3623 -0.3454 -0.2553 -0.1004 0.1995 -0.1596 -0.3721 -0.2907 -0.1813 0.2765 0.0520 -0.3853 -0.3246 -0.2297 0.0786 0.1419 -0.3249 -0.3552 -0.2672 -0.1356 0.2263
-0.1356 -0.2755 -0.3623 -0.3296 0.1409 0.0968 -0.2364 -0.3318 -0.3911 0.0511 0.2774 -0.1836 -0.2981 -0.3786 -0.1648 0.1978 -0.0967 -0.2630 -0.3524 -0.3677 0.1119 0.2250 -0.2192 -0.3205 -0.3898 0.0064 0.2556 -0.1614 -0.2862 -0.3706 -0.2675 0.1685 -0.0260 -0.2507 -0.3419 -0.3855 0.0821 0.2763 -0.2013 -0.3089 -0.3847 -0.0656 0.2258 -0.1334 -0.2742 -0.3615 -0.3341 0.1374 0.1333 -0.2241 -0.2881 -0.2241 0.1333 0.1374 -0.3341 -0.3615 -0.2742 -0.1334 0.2258 -0.0656 -0.3847 -0.3089 -0.2013 0.2763 0.0821 -0.3855 -0.3419 -0.2507 -0.0260 0.1685 -0.2675 -0.3706 -0.2862 -0.1614 0.2556 0.0064 -0.3898 -0.3205 -0.2192 0.2250 0.1119 -0.3677 -0.3524 -0.2630 -0.0967 0.1978 -0.1648 -0.3786 -0.2981 -0.1836 0.2774 0.0511 -0.3911 -0.3318 -0.2364 0.0968 0.1409 -0.3296 -0.3623 -0.2755 -0.1356
-0.2672 -0.3623 -0.3316 0.1389 0.1101 -0.2348 -0.3307 -0.3912 0.0471 0.2759 -0.1814 -0.2968 -0.3778 -0.1773 0.1945 -0.0911 -0.2617 -0.3513 -0.3704 0.1087 0.2342 -0.2173 -0.3193 -0.3893 0.0003 0.2525 -0.1587 -0.2849 -0.3697 -0.2765 0.1653 -0.0146 -0.2493 -0.3407 -0.3866 0.0787 0.2782 -0.1993 -0.3076 -0.3841 -0.0760 0.2224 -0.1298 -0.2729 -0.3605 -0.3390 0.1351 0.1313 -0.2307 -0.3233 -0.3765 -0.3233 -0.2307 0.1313 0.1351 -0.3390 -0.3605 -0.2729 -0.1298 0.2224 -0.0760 -0.3841 -0.3076 -0.1993 0.2782 0.0787 -0.3866 -0.3407 -0.2493 -0.0146 0.1653 -0.2765 -0.3697 -0.2849 -0.1587 0.2525 0.0003 -0.3893 -0.3193 -0.2173 0.2342 0.1087 -0.3704 -0.3513 -0.2617 -0.0911 0.1945 -0.1773 -0.3778 -0.2968 -0.1814 0.2759 0.0471 -0.3912 -0.3307 -0.2348 0.1101 0.1389 -0.3316 -0.3623 -0.2672
-0.3552 -0.3296 0.1389 0.1154 -0.2338 -0.3299 -0.3913 0.0434 0.2742 -0.1792 -0.2956 -0.3770 -0.1893 0.1913 -0.0851 -0.2604 -0.3502 -0.3730 0.1055 0.2424 -0.2154 -0.3180 -0.3889 -0.0062 0.2493 -0.1559 -0.2836 -0.3687 -0.2851 0.1621 -0.0022 -0.2480 -0.3396 -0.3876 0.0752 0.2795 -0.1973 -0.3064 -0.3834 -0.0869 0.2191 -0.1260 -0.2716 -0.3594 -0.3438 0.1321 0.1432 -0.2308 -0.3270 -0.3923 -0.2736 -0.3923 -0.3270 -0.2308 0.1432 0.1321 -0.3438 -0.3594 -0.2716 -0.1260 0.2191 -0.0869 -0.3834 -0.3064 -0.1973 0.2795 0.0752 -0.3876 -0.3396 -0.2480 -0.0022 0.1621 -0.2851 -0.3687 -0.2836 -0.1559 0.2493 -0.0062 -0.3889 -0.3180 -0.2154 0.2424 0.1055 -0.3730 -0.3502 -0.2604 -0.0851 0.1913 -0.1893 -0.3770 -0.2956 -0.1792 0.2742 0.0434 -0.3913 -0.3299 -0.2338 0.1154 0.1389 -0.3296 -0.3552
-0.3249 0.1409 0.1101 -0.2338 -0.3295 -0.3913 0.0407 0.2727 -0.1773 -0.2945 -0.3762 -0.2005 0.1882 -0.0789 -0.2591 -0.3491 -0.3753 0.1023 0.2497 -0.2135 -0.3167 -0.3883 -0.0131 0.2461 -0.1531 -0.2823 -0.3677 -0.2933 0.1587 0.0111 -0.2464 -0.3384 -0.3885 0.0716 0.2803 -0.1952 -0.3051 -0.3827 -0.0983 0.2157 -0.1220 -0.2702 -0.3584 -0.3483 0.1289 0.1579 -0.2293 -0.3269 -0.3910 0.0020 0.1590 0.0020 -0.3910 -0.3269 -0.2293 0.1579 0.1289 -0.3483 -0.3584 -0.2702 -0.1220 0.2157 -0.0983 -0.3827 -0.3051 -0.1952 0.2803 0.0716 -0.3885 -0.3384 -0.2464 0.0111 0.1587 -0.2933 -0.3677 -0.2823 -0.1531 0.2461 -0.0131 -0.3883 -0.3167 -0.2135 0.2497 0.1023 -0.3753 -0.3491 -0.2591 -0.0789 0.1882 -0.2005 -0.3762 -0.2945 -0.1773 0.2727 0.0407 -0.3913 -0.3295 -0.2338 0.1101 0.1409 -0.3249
0.1419 0.0968 -0.2348 -0.3299 -0.3913 0.0397 0.2719 -0.1760 -0.2936 -0.3756 -0.2104 0.1854 -0.0727 -0.2578 -0.3480 -0.3774 0.0991 0.2560 -0.2115 -0.3155 -0.3878 -0.0204 0.2429 -0.1502 -0.2810 -0.3668 -0.3009 0.1554 0.0254 -0.2446 -0.3372 -0.3892 0.0680 0.2806 -0.1931 -0.3038 -0.3820 -0.1101 0.2124 -0.1179 -0.2689 -0.3573 -0.3525 0.1258 0.1724 -0.2275 -0.3259 -0.3911 0.0228 0.2497 0.0148 0.2497 0.0228 -0.3911 -0.3259 -0.2275 0.1724 0.1258 -0.3525 -0.3573 -0.2689 -0.1179 0.2124 -0.1101 -0.3820 -0.3038 -0.1931 0.2806 0.0680 -0.3892 -0.3372 -0.2446 0.0254 0.1554 -0.3009 -0.3668 -0.2810 -0.1502 0.2429 -0.0204 -0.3878 -0.3155 -0.2115 0.2560 0.0991 -0.3774 -0.3480 -0.2578 -0.0727 0.1854 -0.2104 -0.3756 -0.2936 -0.1760 0.2719 0.0397 -0.3913 -0.3299 -0.2348 0.0968 0.1419
0.0786 -0.2364 -0.3307 -0.3913 0.0407 0.2719 -0.1756 -0.2931 -0.3751 -0.2178 0.1830 -0.0669 -0.2567 -0.3470 -0.3791 0.0961 0.2614 -0.2096 -0.3142 -0.3873 -0.0281 0.2396 -0.1471 -0.2797 -0.3658 -0.3082 0.1521 0.0406 -0.2427 -0.3360 -0.3898 0.0643 0.2805 -0.1910 -0.3025 -0.3812 -0.1223 0.2091 -0.1135 -0.2676 -0.3562 -0.3564 0.1226 0.1861 -0.2257 -0.3247 -0.3909 0.0235 0.2614 -0.1538 -0.2442 -0.1538 0.2614 0.0235 -0.3909 -0.3247 -0.2257 0.1861 0.1226 -0.3564 -0.3562 -0.2676 -0.1135 0.2091 -0.1223 -0.3812 -0.3025 -0.1910 0.2805 0.0643 -0.3898 -0.3360 -0.2427 0.0406 0.1521 -0.3082 -0.3658 -0.2797 -0.1471 0.2396 -0.0281 -0.3873 -0.3142 -0.2096 0.2614 0.0961 -0.3791 -0.3470 -0.2567 -0.0669 0.1830 -0.2178 -0.3751 -0.2931 -0.1756 0.2719 0.0407 -0.3913 -0.3307 -0.2364 0.0786
-0.2297 -0.3318 -0.3912 0.0434 0.2727 -0.1760 -0.2931 -0.3750 -0.2215 0.1815 -0.0621 -0.2557 -0.3461 -0.3806 0.0933 0.2656 -0.2078 -0.3130 -0.3867 -0.0363 0.2363 -0.1440 -0.2784 -0.3648 -0.3150 0.1487 0.0566 -0.2409 -0.3348 -0.3903 0.0606 0.2800 -0.1888 -0.3012 -0.3805 -0.1346 0.2057 -0.1089 -0.2662 -0.3551 -0.3600 0.1194 0.1988 -0.2238 -0.3235 -0.3907 0.0196 0.2617 -0.1641 -0.2816 -0.3388 -0.2816 -0.1641 0.2617 0.0196 -0.3907 -0.3235 -0.2238 0.1988 0.1194 -0.3600 -0.3551 -0.2662 -0.1089 0.2057 -0.1346 -0.3805 -0.3012 -0.1888 0.2800 0.0606 -0.3903 -0.3348 -0.2409 0.0566 0.1487 -0.3150 -0.3648 -0.2784 -0.1440 0.2363 -0.0363 -0.3867 -0.3130 -0.2078 0.2656 0.0933 -0.3806 -0.3461 -0.2557 -0.0621 0.1815 -0.2215 -0.3750 -0.2931 -0.1760 0.2727 0.0434 -0.3912 -0.3318 -0.2297
-0.3246 -0.3911 0.0471 0.2742 -0.1773 -0.2936 -0.3751 -0.2215 0.1810 -0.0595 -0.2551 -0.3454 -0.3817 0.0908 0.2689 -0.2062 -0.3119 -0.3862 -0.0445 0.2331 -0.1409 -0.2770 -0.3638 -0.3214 0.1455 0.0732 -0.2390 -0.3335 -0.3907 0.0567 0.2792 -0.1867 -0.2999 -0.3797 -0.1472 0.2024 -0.1040 -0.2649 -0.3540 -0.3634 0.1163 0.2105 -0.2219 -0.3223 -0.3904 0.0144 0.2596 -0.1643 -0.2863 -0.3690 -0.3957 -0.3690 -0.2863 -0.1643 0.2596 0.0144 -0.3904 -0.3223 -0.2219 0.2105 0.1163 -0.3634 -0.3540 -0.2649 -0.1040 0.2024 -0.1472 -0.3797 -0.2999 -0.1867 0.2792 0.0567 -0.3907 -0.3335 -0.2390 0.0732 0.1455 -0.3214 -0.3638 -0.2770 -0.1409 0.2331 -0.0445 -0.3862 -0.3119 -0.2062 0.2689 0.0908 -0.3817 -0.3454 -0.2551 -0.0595 0.1810 -0.2215 -0.3751 -0.2936 -0.1773 0.2742 0.0471 -0.3911 -0.3246
-0.3853 0.0511 0.2759 -0.1792 -0.2945 -0.3756 -0.2178 0.1815 -0.0595 -0.2549 -0.3450 -0.3824 0.0890 0.2712 -0.2047 -0.3109 -0.3857 -0.0523 0.2301 -0.1378 -0.2758 -0.3628 -0.3273 0.1422 0.0900 -0.2372 -0.3323 -0.3910 0.0527 0.2780 -0.1845 -0.2986 -0.3789 -0.1598 0.1991 -0.0989 -0.2636 -0.3529 -0.3665 0.1131 0.2211 -0.2200 -0.3210 -0.3900 0.0088 0.2568 -0.1623 -0.2864 -0.3703 -0.3124 0.0577 -0.3124 -0.3703 -0.2864 -0.1623 0.2568 0.0088 -0.3900 -0.3210 -0.2200 0.2211 0.1131 -0.3665 -0.3529 -0.2636 -0.0989 0.1991 -0.1598 -0.3789 -0.2986 -0.1845 0.2780 0.0527 -0.3910 -0.3323 -0.2372 0.0900 0.1422 -0.3273 -0.3628 -0.2758 -0.1378 0.2301 -0.0523 -0.3857 -0.3109 -0.2047 0.2712 0.0890 -0.3824 -0.3450 -0.2549 -0.0595 0.1815 -0.2178 -0.3756 -0.2945 -0.1792 0.2759 0.0511 -0.3853
0.0520 0.2774 -0.1814 -0.2956 -0.3762 -0.2104 0.1830 -0.0621 -0.2551 -0.3450 -0.3826 0.0880 0.2726 -0.2036 -0.3101 -0.3852 -0.0595 0.2274 -0.1349 -0.2746 -0.3618 -0.3326 0.1391 0.1066 -0.2353 -0.3311 -0.3912 0.0486 0.2765 -0.1822 -0.2974 -0.3781 -0.1723 0.1958 -0.0934 -0.2622 -0.3518 -0.3693 0.1100 0.2307 -0.2181 -0.3198 -0.3895 0.0027 0.2537 -0.1598 -0.2854 -0.3699 -0.2852 0.1443 0.2761 0.1443 -0.2852 -0.3699 -0.2854 -0.1598 0.2537 0.0027 -0.3895 -0.3198 -0.2181 0.2307 0.1100 -0.3693 -0.3518 -0.2622 -0.0934 0.1958 -0.1723 -0.3781 -0.2974 -0.1822 0.2765 0.0486 -0.3912 -0.3311 -0.2353 0.1066 0.1391 -0.3326 -0.3618 -0.2746 -0.1349 0.2274 -0.0595 -0.3852 -0.3101 -0.2036 0.2726 0.0880 -0.3826 -0.3450 -0.2551 -0.0621 0.1830 -0.2104 -0.3762 -0.2956 -0.1814 0.2774 0.0520
0.2765 -0.1836 -0.2968 -0.3770 -0.2005 0.1854 -0.0669 -0.2557 -0.3454 -0.3824 0.0880 0.2730 -0.2031 -0.3096 -0.3849 -0.0654 0.2252 -0.1322 -0.2736 -0.3610 -0.3371 0.1362 0.1220 -0.2335 -0.3299 -0.3913 0.0444 0.2748 -0.1800 -0.2961 -0.3773 -0.1847 0.1926 -0.0875 -0.2609 -0.3506 -0.3720 0.1068 0.2393 -0.2162 -0.3185 -0.3891 -0.0036 0.2506 -0.1571 -0.2841 -0.3691 -0.2844 0.1580 0.0883 -0.1861 0.0883 0.1580 -0.2844 -0.3691 -0.2841 -0.1571 0.2506 -0.0036 -0.3891 -0.3185 -0.2162 0.2393 0.1068 -0.3720 -0.3506 -0.2609 -0.0875 0.1926 -0.1847 -0.3773 -0.2961 -0.1800 0.2748 0.0444 -0.3913 -0.3299 -0.2335 0.1220 0.1362 -0.3371 -0.3610 -0.2736 -0.1322 0.2252 -0.0654 -0.3849 -0.3096 -0.2031 0.2730 0.0880 -0.3824 -0.3454 -0.2557 -0.0669 0.1854 -0.2005 -0.3770 -0.2968 -0.1836 0.2765
-0.1813 -0.2981 -0.3778 -0.1893 0.1882 -0.0727 -0.2567 -0.3461 -0.3817 0.0890 0.2726 -0.2031 -0.3094 -0.3847 -0.0695 0.2235 -0.1301 -0.2727 -0.3602 -0.3410 0.1337 0.1358 -0.2319 -0.3288 -0.3913 0.0401 0.2728 -0.1777 -0.2948 -0.3765 -0.1969 0.1893 -0.0813 -0.2596 -0.3495 -0.3744 0.1036 0.2469 -0.2142 -0.3172 -0.3886 -0.0103 0.2474 -0.1542 -0.2828 -0.3681 -0.2905 0.1589 0.0259 -0.2365 -0.2968 -0.2365 0.0259 0.1589 -0.2905 -0.3681 -0.2828 -0.1542 0.2474 -0.0103 -0.3886 -0.3172 -0.2142 0.2469 0.1036 -0.3744 -0.3495 -0.2596 -0.0813 0.1893 -0.1969 -0.3765 -0.2948 -0.1777 0.2728 0.0401 -0.3913 -0.3288 -0.2319 0.1358 0.1337 -0.3410 -0.3602 -0.2727 -0.1301 0.2235 -0.0695 -0.3847 -0.3094 -0.2031 0.2726 0.0890 -0.3817 -0.3461 -0.2567 -0.0727 0.1882 -0.1893 -0.3778 -0.2981 -0.1813
-0.2907 -0.3786 -0.1773 0.1913 -0.0789 -0.2578 -0.3470 -0.3806 0.0908 0.2712 -0.2036 -0.3096 -0.3847 -0.0711 0.2226 -0.1287 -0.2721 -0.3596 -0.3441 0.1315 0.1477 -0.2304 -0.3278 -0.3913 0.0360 0.2707 -0.1754 -0.2935 -0.3756 -0.2088 0.1861 -0.0745 -0.2582 -0.3484 -0.3766 0.1004 0.2536 -0.2123 -0.3160 -0.3880 -0.0174 0.2442 -0.1514 -0.2815 -0.3672 -0.2980 0.1565 0.0241 -0.2429 -0.3317 -0.3829 -0.3317 -0.2429 0.0241 0.1565 -0.2980 -0.3672 -0.2815 -0.1514 0.2442 -0.0174 -0.3880 -0.3160 -0.2123 0.2536 0.1004 -0.3766 -0.3484 -0.2582 -0.0745 0.1861 -0.2088 -0.3756 -0.2935 -0.1754 0.2707 0.0360 -0.3913 -0.3278 -0.2304 0.1477 0.1315 -0.3441 -0.3596 -0.2721 -0.1287 0.2226 -0.0711 -0.3847 -0.3096 -0.2036 0.2712 0.0908 -0.3806 -0.3470 -0.2578 -0.0789 0.1913 -0.1773 -0.3786 -0.2907
-0.3721 -0.1648 0.1945 -0.0851 -0.2591 -0.3480 -0.3791 0.0933 0.2689 -0.2047 -0.3101 -0.3849 -0.0695 0.2226 -0.1282 -0.2718 -0.3592 -0.3461 0.1297 0.1572 -0.2291 -0.3269 -0.3912 0.0323 0.2687 -0.1733 -0.2923 -0.3748 -0.2201 0.1829 -0.0673 -0.2569 -0.3472 -0.3786 0.0972 0.2594 -0.2104 -0.3147 -0.3875 -0.0250 0.2409 -0.1484 -0.2802 -0.3662 -0.3053 0.1534 0.0353 -0.2430 -0.3351 -0.3927 -0.2037 -0.3927 -0.3351 -0.2430 0.0353 0.1534 -0.3053 -0.3662 -0.2802 -0.1484 0.2409 -0.0250 -0.3875 -0.3147 -0.2104 0.2594 0.0972 -0.3786 -0.3472 -0.2569 -0.0673 0.1829 -0.2201 -0.3748 -0.2923 -0.1733 0.2687 0.0323 -0.3912 -0.3269 -0.2291 0.1572 0.1297 -0.3461 -0.3592 -0.2718 -0.1282 0.2226 -0.0695 -0.3849 -0.3101 -0.2047 0.2689 0.0933 -0.3791 -0.3480 -0.2591 -0.0851 0.1945 -0.1648 -0.3721
-0.1596 0.1978 -0.0911 -0.2604 -0.3491 -0.3774 0.0961 0.2656 -0.2062 -0.3109 -0.3852 -0.0654 0.2235 -0.1287 -0.2718 -0.3591 -0.3472 0.1286 0.1638 -0.2282 -0.3261 -0.3911 0.0288 0.2669 -0.1713 -0.2912 -0.3740 -0.2301 0.1799 -0.0597 -0.2555 -0.3461 -0.3804 0.0939 0.2644 -0.2084 -0.3134 -0.3869 -0.0330 0.2376 -0.1453 -0.2789 -0.3652 -0.3123 0.1501 0.0502 -0.2415 -0.3350 -0.3906 0.0366 0.1799 0.0366 -0.3906 -0.3350 -0.2415 0.0502 0.1501 -0.3123 -0.3652 -0.2789 -0.1453 0.2376 -0.0330 -0.3869 -0.3134 -0.2084 0.2644 0.0939 -0.3804 -0.3461 -0.2555 -0.0597 0.1799 -0.2301 -0.3740 -0.2912 -0.1713 0.2669 0.0288 -0.3911 -0.3261 -0.2282 0.1638 0.1286 -0.3472 -0.3591 -0.2718 -0.1287 0.2235 -0.0654 -0.3852 -0.3109 -0.2062 0.2656 0.0961 -0.3774 -0.3491 -0.2604 -0.0911 0.1978 -0.1596
0.1995 -0.0967 -0.2617 -0.3502 -0.3753 0.0991 0.2614 -0.2078 -0.3119 -0.3857 -0.0595 0.2252 -0.1301 -0.2721 -0.3592 -0.3472 0.1282 0.1674 -0.2275 -0.3256 -0.3910 0.0259 0.2652 -0.1696 -0.2902 -0.3733 -0.2390 0.1772 -0.0521 -0.2542 -0.3449 -0.3821 0.0906 0.2687 -0.2064 -0.3122 -0.3863 -0.0415 0.2343 -0.1421 -0.2776 -0.3642 -0.3189 0.1468 0.0665 -0.2398 -0.3340 -0.3906 0.0525 0.2688 -0.0579 0.2688 0.0525 -0.3906 -0.3340 -0.2398 0.0665 0.1468 -0.3189 -0.3642 -0.2776 -0.1421 0.2343 -0.0415 -0.3863 -0.3122 -0.2064 0.2687 0.0906 -0.3821 -0.3449 -0.2542 -0.0521 0.1772 -0.2390 -0.3733 -0.2902 -0.1696 0.2652 0.0259 -0.3910 -0.3256 -0.2275 0.1674 0.1282 -0.3472 -0.3592 -0.2721 -0.1301 0.2252 -0.0595 -0.3857 -0.3119 -0.2078 0.2614 0.0991 -0.3753 -0.3502 -0.2617 -0.0967 0.1995
-0.1004 -0.2630 -0.3513 -0.3730 0.1023 0.2560 -0.2096 -0.3130 -0.3862 -0.0523 0.2274 -0.1322 -0.2727 -0.3596 -0.3461 0.1286 0.1674 -0.2273 -0.3253 -0.3910 0.0238 0.2638 -0.1682 -0.2894 -0.3727 -0.2468 0.1747 -0.0449 -0.2531 -0.3439 -0.3835 0.0874 0.2721 -0.2045 -0.3109 -0.3857 -0.0506 0.2310 -0.1388 -0.2763 -0.3631 -0.3250 0.1435 0.0833 -0.2379 -0.3328 -0.3909 0.0530 0.2765 -0.1712 -0.2536 -0.1712 0.2765 0.0530 -0.3909 -0.3328 -0.2379 0.0833 0.1435 -0.3250 -0.3631 -0.2763 -0.1388 0.2310 -0.0506 -0.3857 -0.3109 -0.2045 0.2721 0.0874 -0.3835 -0.3439 -0.2531 -0.0449 0.1747 -0.2468 -0.3727 -0.2894 -0.1682 0.2638 0.0238 -0.3910 -0.3253 -0.2273 0.1674 0.1286 -0.3461 -0.3596 -0.2727 -0.1322 0.2274 -0.0523 -0.3862 -0.3130 -0.2096 0.2560 0.1023 -0.3730 -0.3513 -0.2630 -0.1004
-0.2553 -0.3524 -0.3704 0.1055 0.2497 -0.2115 -0.3142 -0.3867 -0.0445 0.2301 -0.1349 -0.2736 -0.3602 -0.3441 0.1297 0.1638 -0.2275 -0.3253 -0.3909 0.0227 0.2630 -0.1671 -0.2887 -0.3721 -0.2534 0.1725 -0.0380 -0.2521 -0.3430 -0.3846 0.0844 0.2747 -0.2026 -0.3097 -0.3851 -0.0601 0.2276 -0.1354 -0.2749 -0.3621 -0.3308 0.1403 0.1002 -0.2360 -0.3316 -0.3911 0.0500 0.2767 -0.1800 -0.2903 -0.3471 -0.2903 -0.1800 0.2767 0.0500 -0.3911 -0.3316 -0.2360 0.1002 0.1403 -0.3308 -0.3621 -0.2749 -0.1354 0.2276 -0.0601 -0.3851 -0.3097 -0.2026 0.2747 0.0844 -0.3846 -0.3430 -0.2521 -0.0380 0.1725 -0.2534 -0.3721 -0.2887 -0.1671 0.2630 0.0227 -0.3909 -0.3253 -0.2275 0.1638 0.1297 -0.3441 -0.3602 -0.2736 -0.1349 0.2301 -0.0445 -0.3867 -0.3142 -0.2115 0.2497 0.1055 -0.3704 -0.3524 -0.2553
-0.3454 -0.3677 0.1087 0.2424 -0.2135 -0.3155 -0.3873 -0.0363 0.2331 -0.1378 -0.2746 -0.3610 -0.3410 0.1315 0.1572 -0.2282 -0.3256 -0.3910 0.0227 0.2627 -0.1666 -0.2883 -0.3718 -0.2583 0.1707 -0.0314 -0.2512 -0.3421 -0.3855 0.0817 0.2767 -0.2008 -0.3085 -0.3845 -0.0700 0.2243 -0.1318 -0.2736 -0.3611 -0.3361 0.1371 0.1170 -0.2342 -0.3304 -0.3913 0.0461 0.2754 -0.1802 -0.2949 -0.3756 -0.3892 -0.3756 -0.2949 -0.1802 0.2754 0.0461 -0.3913 -0.3304 -0.2342 0.1170 0.1371 -0.3361 -0.3611 -0.2736 -0.1318 0.2243 -0.0700 -0.3845 -0.3085 -0.2008 0.2767 0.0817 -0.3855 -0.3421 -0.2512 -0.0314 0.1707 -0.2583 -0.3718 -0.2883 -0.1666 0.2627 0.0227 -0.3910 -0.3256 -0.2282 0.1572 0.1315 -0.3410 -0.3610 -0.2746 -0.1378 0.2331 -0.0363 -0.3873 -0.3155 -0.2135 0.2424 0.1087 -0.3677 -0.3454
-0.3623 0.1119 0.2342 -0.2154 -0.3167 -0.3878 -0.0281 0.2363 -0.1409 -0.2758 -0.3618 -0.3371 0.1337 0.1477 -0.2291 -0.3261 -0.3910 0.0238 0.2630 -0.1666 -0.2882 -0.3716 -0.2612 0.1694 -0.0261 -0.2504 -0.3414 -0.3863 0.0793 0.2781 -0.1992 -0.3075 -0.3839 -0.0795 0.2211 -0.1282 -0.2723 -0.3600 -0.3412 0.1339 0.1335 -0.2323 -0.3291 -0.3913 0.0418 0.2736 -0.1785 -0.2949 -0.3762 -0.2587 0.0808 -0.2587 -0.3762 -0.2949 -0.1785 0.2736 0.0418 -0.3913 -0.3291 -0.2323 0.1335 0.1339 -0.3412 -0.3600 -0.2723 -0.1282 0.2211 -0.0795 -0.3839 -0.3075 -0.1992 0.2781 0.0793 -0.3863 -0.3414 -0.2504 -0.0261 0.1694 -0.2612 -0.3716 -0.2882 -0.1666 0.2630 0.0238 -0.3910 -0.3261 -0.2291 0.1477 0.1337 -0.3371 -0.3618 -0.2758 -0.1409 0.2363 -0.0281 -0.3878 -0.3167 -0.2154 0.2342 0.1119 -0.3623
0.1128 0.2250 -0.2173 -0.3180 -0.3883 -0.0204 0.2396 -0.1440 -0.2770 -0.3628 -0.3326 0.1362 0.1358 -0.2304 -0.3269 -0.3911 0.0259 0.2638 -0.1671 -0.2883 -0.3716 -0.2622 0.1688 -0.0227 -0.2498 -0.3408 -0.3868 0.0772 0.2790 -0.1977 -0.3065 -0.3834 -0.0883 0.2183 -0.1247 -0.2710 -0.3590 -0.3459 0.1307 0.1494 -0.2304 -0.3279 -0.3913 0.0373 0.2715 -0.1763 -0.2939 -0.3758 -0.2205 0.1652 0.2780 0.1652 -0.2205 -0.3758 -0.2939 -0.1763 0.2715 0.0373 -0.3913 -0.3279 -0.2304 0.1494 0.1307 -0.3459 -0.3590 -0.2710 -0.1247 0.2183 -0.0883 -0.3834 -0.3065 -0.1977 0.2790 0.0772 -0.3868 -0.3408 -0.2498 -0.0227 0.1688 -0.2622 -0.3716 -0.2883 -0.1671 0.2638 0.0259 -0.3911 -0.3269 -0.2304 0.1358 0.1362 -0.3326 -0.3628 -0.2770 -0.1440 0.2396 -0.0204 -0.3883 -0.3180 -0.2173 0.2250 0.1128
0.2119 -0.2192 -0.3193 -0.3889 -0.0131 0.2429 -0.1471 -0.2784 -0.3638 -0.3273 0.1391 0.1220 -0.2319 -0.3278 -0.3912 0.0288 0.2652 -0.1682 -0.2887 -0.3718 -0.2612 0.1688 -0.0216 -0.2496 -0.3404 -0.3872 0.0756 0.2796 -0.1965 -0.3057 -0.3829 -0.0965 0.2158 -0.1215 -0.2699 -0.3580 -0.3500 0.1276 0.1641 -0.2286 -0.3267 -0.3912 0.0327 0.2692 -0.1739 -0.2927 -0.3751 -0.2193 0.1796 -0.0106 -0.2010 -0.0106 0.1796 -0.2193 -0.3751 -0.2927 -0.1739 0.2692 0.0327 -0.3912 -0.3267 -0.2286 0.1641 0.1276 -0.3500 -0.3580 -0.2699 -0.1215 0.2158 -0.0965 -0.3829 -0.3057 -0.1965 0.2796 0.0756 -0.3872 -0.3404 -0.2496 -0.0216 0.1688 -0.2612 -0.3718 -0.2887 -0.1682 0.2652 0.0288 -0.3912 -0.3278 -0.2319 0.1220 0.1391 -0.3273 -0.3638 -0.2784 -0.1471 0.2429 -0.0131 -0.3889 -0.3193 -0.2192 0.2119
-0.2142 -0.3205 -0.3893 -0.0062 0.2461 -0.1502 -0.2797 -0.3648 -0.3214 0.1422 0.1066 -0.2335 -0.3288 -0.3913 0.0323 0.2669 -0.1696 -0.2894 -0.3721 -0.2583 0.1694 -0.0227 -0.2496 -0.3403 -0.3874 0.0745 0.2800 -0.1955 -0.3050 -0.3825 -0.1041 0.2135 -0.1186 -0.2689 -0.3571 -0.3535 0.1248 0.1773 -0.2268 -0.3255 -0.3911 0.0278 0.2667 -0.1715 -0.2914 -0.3742 -0.2277 0.1800 -0.0508 -0.2474 -0.3056 -0.2474 -0.0508 0.1800 -0.2277 -0.3742 -0.2914 -0.1715 0.2667 0.0278 -0.3911 -0.3255 -0.2268 0.1773 0.1248 -0.3535 -0.3571 -0.2689 -0.1186 0.2135 -0.1041 -0.3825 -0.3050 -0.1955 0.2800 0.0745 -0.3874 -0.3403 -0.2496 -0.0227 0.1694 -0.2583 -0.3721 -0.2894 -0.1696 0.2669 0.0323 -0.3913 -0.3288 -0.2335 0.1066 0.1422 -0.3214 -0.3648 -0.2797 -0.1502 0.2461 -0.0062 -0.3893 -0.3205 -0.2142
-0.3132 -0.3898 0.0003 0.2493 -0.1531 -0.2810 -0.3658 -0.3150 0.1455 0.0900 -0.2353 -0.3299 -0.3913 0.0360 0.2687 -0.1713 -0.2902 -0.3727 -0.2534 0.1707 -0.0261 -0.2498 -0.3404 -0.3874 0.0742 0.2801 -0.1949 -0.3044 -0.3821 -0.1106 0.2115 -0.1160 -0.2681 -0.3564 -0.3564 0.1222 0.1886 -0.2252 -0.3243 -0.3908 0.0229 0.2641 -0.1690 -0.2901 -0.3733 -0.2380 0.1776 -0.0518 -0.2528 -0.3399 -0.3885 -0.3399 -0.2528 -0.0518 0.1776 -0.2380 -0.3733 -0.2901 -0.1690 0.2641 0.0229 -0.3908 -0.3243 -0.2252 0.1886 0.1222 -0.3564 -0.3564 -0.2681 -0.1160 0.2115 -0.1106 -0.3821 -0.3044 -0.1949 0.2801 0.0742 -0.3874 -0.3404 -0.2498 -0.0261 0.1707 -0.2534 -0.3727 -0.2902 -0.1713 0.2687 0.0360 -0.3913 -0.3299 -0.2353 0.0900 0.1455 -0.3150 -0.3658 -0.2810 -0.1531 0.2493 0.0003 -0.3898 -0.3132
-0.3838 0.0064 0.2525 -0.1559 -0.2823 -0.3668 -0.3082 0.1487 0.0732 -0.2372 -0.3311 -0.3913 0.0401 0.2707 -0.1733 -0.2912 -0.3733 -0.2468 0.1725 -0.0314 -0.2504 -0.3408 -0.3872 0.0745 0.2801 -0.1947 -0.3042 -0.3819 -0.1154 0.2099 -0.1135 -0.2673 -0.3557 -0.3588 0.1200 0.1981 -0.2237 -0.3233 -0.3906 0.0182 0.2615 -0.1666 -0.2888 -0.3724 -0.2484 0.1746 -0.0451 -0.2529 -0.3430 -0.3898 -0.1218 -0.3898 -0.3430 -0.2529 -0.0451 0.1746 -0.2484 -0.3724 -0.2888 -0.1666 0.2615 0.0182 -0.3906 -0.3233 -0.2237 0.1981 0.1200 -0.3588 -0.3557 -0.2673 -0.1135 0.2099 -0.1154 -0.3819 -0.3042 -0.1947 0.2801 0.0745 -0.3872 -0.3408 -0.2504 -0.0314 0.1725 -0.2468 -0.3733 -0.2912 -0.1733 0.2707 0.0401 -0.3913 -0.3311 -0.2372 0.0732 0.1487 -0.3082 -0.3668 -0.2823 -0.1559 0.2525 0.0064 -0.3838
0.0079 0.2556 -0.1587 -0.2836 -0.3677 -0.3009 0.1521 0.0566 -0.2390 -0.3323 -0.3912 0.0444 0.2728 -0.1754 -0.2923 -0.3740 -0.2390 0.1747 -0.0380 -0.2512 -0.3414 -0.3868 0.0756 0.2800 -0.1949 -0.3042 -0.3818 -0.1179 0.2089 -0.1117 -0.2667 -0.3552 -0.3607 0.1181 0.2058 -0.2223 -0.3224 -0.3904 0.0138 0.2590 -0.1642 -0.2875 -0.3715 -0.2584 0.1714 -0.0359 -0.2519 -0.3428 -0.3860 0.0633 0.2014 0.0633 -0.3860 -0.3428 -0.2519 -0.0359 0.1714 -0.2584 -0.3715 -0.2875 -0.1642 0.2590 0.0138 -0.3904 -0.3224 -0.2223 0.2058 0.1181 -0.3607 -0.3552 -0.2667 -0.1117 0.2089 -0.1179 -0.3818 -0.3042 -0.1949 0.2800 0.0756 -0.3868 -0.3414 -0.2512 -0.0380 0.1747 -0.2390 -0.3740 -0.2923 -0.1754 0.2728 0.0444 -0.3912 -0.3323 -0.2390 0.0566 0.1521 -0.3009 -0.3677 -0.2836 -0.1587 0.2556 0.0079
0.2568 -0.1614 -0.2849 -0.3687 -0.2933 0.1554 0.0406 -0.2409 -0.3335 -0.3910 0.0486 0.2748 -0.1777 -0.2935 -0.3748 -0.2301 0.1772 -0.0449 -0.2521 -0.3421 -0.3863 0.0772 0.2796 -0.1955 -0.3044 -0.3819 -0.1179 0.2086 -0.1108 -0.2663 -0.3547 -0.3622 0.1166 0.2120 -0.2212 -0.3216 -0.3901 0.0097 0.2568 -0.1621 -0.2864 -0.3707 -0.2674 0.1684 -0.0255 -0.2506 -0.3418 -0.3859 0.0768 0.2801 -0.1016 0.2801 0.0768 -0.3859 -0.3418 -0.2506 -0.0255 0.1684 -0.2674 -0.3707 -0.2864 -0.1621 0.2568 0.0097 -0.3901 -0.3216 -0.2212 0.2120 0.1166 -0.3622 -0.3547 -0.2663 -0.1108 0.2086 -0.1179 -0.3819 -0.3044 -0.1955 0.2796 0.0772 -0.3863 -0.3421 -0.2521 -0.0449 0.1772 -0.2301 -0.3748 -0.2935 -0.1777 0.2748 0.0486 -0.3910 -0.3335 -0.2409 0.0406 0.1554 -0.2933 -0.3687 -0.2849 -0.1614 0.2568
-0.1606 -0.2862 -0.3697 -0.2851 0.1587 0.0254 -0.2427 -0.3348 -0.3907 0.0527 0.2765 -0.1800 -0.2948 -0.3756 -0.2201 0.1799 -0.0521 -0.2531 -0.3430 -0.3855 0.0793 0.2790 -0.1965 -0.3050 -0.3821 -0.1154 0.2089 -0.1108 -0.2661 -0.3545 -0.3632 0.1154 0.2169 -0.2202 -0.3209 -0.3898 0.0058 0.2548 -0.1603 -0.2855 -0.3699 -0.2751 0.1656 -0.0147 -0.2493 -0.3407 -0.3867 0.0774 0.2800 -0.1865 -0.2627 -0.1865 0.2800 0.0774 -0.3867 -0.3407 -0.2493 -0.0147 0.1656 -0.2751 -0.3699 -0.2855 -0.1603 0.2548 0.0058 -0.3898 -0.3209 -0.2202 0.2169 0.1154 -0.3632 -0.3545 -0.2661 -0.1108 0.2089 -0.1154 -0.3821 -0.3050 -0.1965 0.2790 0.0793 -0.3855 -0.3430 -0.2531 -0.0521 0.1799 -0.2201 -0.3756 -0.2948 -0.1800 0.2765 0.0527 -0.3907 -0.3348 -0.2427 0.0254 0.1587 -0.2851 -0.3697 -0.2862 -0.1606
-0.2787 -0.3706 -0.2765 0.1621 0.0111 -0.2446 -0.3360 -0.3903 0.0567 0.2780 -0.1822 -0.2961 -0.3765 -0.2088 0.1829 -0.0597 -0.2542 -0.3439 -0.3846 0.0817 0.2781 -0.1977 -0.3057 -0.3825 -0.1106 0.2099 -0.1117 -0.2663 -0.3545 -0.3635 0.1147 0.2200 -0.2195 -0.3203 -0.3896 0.0025 0.2529 -0.1586 -0.2846 -0.3693 -0.2817 0.1630 -0.0043 -0.2481 -0.3396 -0.3876 0.0749 0.2798 -0.1943 -0.2990 -0.3552 -0.2990 -0.1943 0.2798 0.0749 -0.3876 -0.3396 -0.2481 -0.0043 0.1630 -0.2817 -0.3693 -0.2846 -0.1586 0.2529 0.0025 -0.3896 -0.3203 -0.2195 0.2200 0.1147 -0.3635 -0.3545 -0.2663 -0.1117 0.2099 -0.1106 -0.3825 -0.3057 -0.1977 0.2781 0.0817 -0.3846 -0.3439 -0.2542 -0.0597 0.1829 -0.2088 -0.3765 -0.2961 -0.1822 0.2780 0.0567 -0.3903 -0.3360 -0.2446 0.0111 0.1621 -0.2765 -0.3706 -0.2787
-0.3639 -0.2675 0.1653 -0.0022 -0.2464 -0.3372 -0.3898 0.0606 0.2792 -0.1845 -0.2974 -0.3773 -0.1969 0.1861 -0.0673 -0.2555 -0.3449 -0.3835 0.0844 0.2767 -0.1992 -0.3065 -0.3829 -0.1041 0.2115 -0.1135 -0.2667 -0.3547 -0.3632 0.1147 0.2210 -0.2191 -0.3199 -0.3894 -0.0003 0.2513 -0.1571 -0.2839 -0.3687 -0.2871 0.1607 0.0055 -0.2469 -0.3386 -0.3884 0.0719 0.2803 -0.1945 -0.3034 -0.3814 -0.3761 -0.3814 -0.3034 -0.1945 0.2803 0.0719 -0.3884 -0.3386 -0.2469 0.0055 0.1607 -0.2871 -0.3687 -0.2839 -0.1571 0.2513 -0.0003 -0.3894 -0.3199 -0.2191 0.2210 0.1147 -0.3632 -0.3547 -0.2667 -0.1135 0.2115 -0.1041 -0.3829 -0.3065 -0.1992 0.2767 0.0844 -0.3835 -0.3449 -0.2555 -0.0673 0.1861 -0.1969 -0.3773 -0.2974 -0.1845 0.2792 0.0606 -0.3898 -0.3372 -0.2464 -0.0022 0.1653 -0.2675 -0.3639
-0.2619 0.1685 -0.0146 -0.2480 -0.3384 -0.3892 0.0643 0.2800 -0.1867 -0.2986 -0.3781 -0.1847 0.1893 -0.0745 -0.2569 -0.3461 -0.3821 0.0874 0.2747 -0.2008 -0.3075 -0.3834 -0.0965 0.2135 -0.1160 -0.2673 -0.3552 -0.3622 0.1154 0.2200 -0.2191 -0.3198 -0.3893 -0.0022 0.2502 -0.1558 -0.2832 -0.3682 -0.2916 0.1587 0.0145 -0.2457 -0.3377 -0.3889 0.0690 0.2806 -0.1932 -0.3035 -0.3814 -0.1855 0.1018 -0.1855 -0.3814 -0.3035 -0.1932 0.2806 0.0690 -0.3889 -0.3377 -0.2457 0.0145 0.1587 -0.2916 -0.3682 -0.2832 -0.1558 0.2502 -0.0022 -0.3893 -0.3198 -0.2191 0.2200 0.1154 -0.3622 -0.3552 -0.2673 -0.1160 0.2135 -0.0965 -0.3834 -0.3075 -0.2008 0.2747 0.0874 -0.3821 -0.3461 -0.2569 -0.0745 0.1893 -0.1847 -0.3781 -0.2986 -0.1867 0.2800 0.0643 -0.3892 -0.3384 -0.2480 -0.0146 0.1685 -0.2619
0.1698 -0.0260 -0.2493 -0.3396 -0.3885 0.0680 0.2805 -0.1888 -0.2999 -0.3789 -0.1723 0.1926 -0.0813 -0.2582 -0.3472 -0.3804 0.0906 0.2721 -0.2026 -0.3085 -0.3839 -0.0883 0.2158 -0.1186 -0.2681 -0.3557 -0.3607 0.1166 0.2169 -0.2195 -0.3199 -0.3893 -0.0029 0.2495 -0.1550 -0.2827 -0.3677 -0.2954 0.1570 0.0223 -0.2446 -0.3369 -0.3894 0.0662 0.2806 -0.1916 -0.3027 -0.3812 -0.1395 0.1864 0.2567 0.1864 -0.1395 -0.3812 -0.3027 -0.1916 0.2806 0.0662 -0.3894 -0.3369 -0.2446 0.0223 0.1570 -0.2954 -0.3677 -0.2827 -0.1550 0.2495 -0.0029 -0.3893 -0.3199 -0.2195 0.2169 0.1166 -0.3607 -0.3557 -0.2681 -0.1186 0.2158 -0.0883 -0.3839 -0.3085 -0.2026 0.2721 0.0906 -0.3804 -0.3472 -0.2582 -0.0813 0.1926 -0.1723 -0.3789 -0.2999 -0.1888 0.2805 0.0680 -0.3885 -0.3396 -0.2493 -0.0260 0.1698
-0.0360 -0.2507 -0.3407 -0.3876 0.0716 0.2806 -0.1910 -0.3012 -0.3797 -0.1598 0.1958 -0.0875 -0.2596 -0.3484 -0.3786 0.0939 0.2687 -0.2045 -0.3097 -0.3845 -0.0795 0.2183 -0.1215 -0.2689 -0.3564 -0.3588 0.1181 0.2120 -0.2202 -0.3203 -0.3894 -0.0022 0.2495 -0.1547 -0.2824 -0.3674 -0.2982 0.1556 0.0290 -0.2436 -0.3363 -0.3898 0.0638 0.2804 -0.1900 -0.3017 -0.3807 -0.1365 0.2013 -0.0732 -0.2130 -0.0732 0.2013 -0.1365 -0.3807 -0.3017 -0.1900 0.2804 0.0638 -0.3898 -0.3363 -0.2436 0.0290 0.1556 -0.2982 -0.3674 -0.2824 -0.1547 0.2495 -0.0022 -0.3894 -0.3203 -0.2202 0.2120 0.1181 -0.3588 -0.3564 -0.2689 -0.1215 0.2183 -0.0795 -0.3845 -0.3097 -0.2045 0.2687 0.0939 -0.3786 -0.3484 -0.2596 -0.0875 0.1958 -0.1598 -0.3797 -0.3012 -0.1910 0.2806 0.0716 -0.3876 -0.3407 -0.2507 -0.0360
-0.2427 -0.3419 -0.3866 0.0752 0.2803 -0.1931 -0.3025 -0.3805 -0.1472 0.1991 -0.0934 -0.2609 -0.3495 -0.3766 0.0972 0.2644 -0.2064 -0.3109 -0.3851 -0.0700 0.2211 -0.1247 -0.2699 -0.3571 -0.3564 0.1200 0.2058 -0.2212 -0.3209 -0.3896 -0.0003 0.2502 -0.1550 -0.2824 -0.3674 -0.2998 0.1546 0.0343 -0.2429 -0.3357 -0.3900 0.0617 0.2801 -0.1886 -0.3009 -0.3802 -0.1427 0.2023 -0.0976 -0.2567 -0.3146 -0.2567 -0.0976 0.2023 -0.1427 -0.3802 -0.3009 -0.1886 0.2801 0.0617 -0.3900 -0.3357 -0.2429 0.0343 0.1546 -0.2998 -0.3674 -0.2824 -0.1550 0.2502 -0.0003 -0.3896 -0.3209 -0.2212 0.2058 0.1200 -0.3564 -0.3571 -0.2699 -0.1247 0.2211 -0.0700 -0.3851 -0.3109 -0.2064 0.2644 0.0972 -0.3766 -0.3495 -0.2609 -0.0934 0.1991 -0.1472 -0.3805 -0.3025 -0.1931 0.2803 0.0752 -0.3866 -0.3419 -0.2427
-0.3348 -0.3855 0.0787 0.2795 -0.1952 -0.3038 -0.3812 -0.1346 0.2024 -0.0989 -0.2622 -0.3506 -0.3744 0.1004 0.2594 -0.2084 -0.3122 -0.3857 -0.0601 0.2243 -0.1282 -0.2710 -0.3580 -0.3535 0.1222 0.1981 -0.2223 -0.3216 -0.3898 0.0025 0.2513 -0.1558 -0.2827 -0.3674 -0.2998 0.1543 0.0374 -0.2424 -0.3353 -0.3902 0.0600 0.2797 -0.1875 -0.3001 -0.3797 -0.1503 0.2008 -0.0994 -0.2621 -0.3483 -0.3933 -0.3483 -0.2621 -0.0994 0.2008 -0.1503 -0.3797 -0.3001 -0.1875 0.2797 0.0600 -0.3902 -0.3353 -0.2424 0.0374 0.1543 -0.2998 -0.3674 -0.2827 -0.1558 0.2513 0.0025 -0.3898 -0.3216 -0.2223 0.1981 0.1222 -0.3535 -0.3580 -0.2710 -0.1282 0.2243 -0.0601 -0.3857 -0.3122 -0.2084 0.2594 0.1004 -0.3744 -0.3506 -0.2622 -0.0989 0.2024 -0.1346 -0.3812 -0.3038 -0.1952 0.2795 0.0787 -0.3855 -0.3348
-0.3800 0.0821 0.2782 -0.1973 -0.3051 -0.3820 -0.1223 0.2057 -0.1040 -0.2636 -0.3518 -0.3720 0.1036 0.2536 -0.2104 -0.3134 -0.3863 -0.0506 0.2276 -0.1318 -0.2723 -0.3590 -0.3500 0.1248 0.1886 -0.2237 -0.3224 -0.3901 0.0058 0.2529 -0.1571 -0.2832 -0.3677 -0.2982 0.1546 0.0374 -0.2422 -0.3351 -0.3903 0.0587 0.2793 -0.1865 -0.2995 -0.3792 -0.1575 0.1990 -0.0973 -0.2626 -0.3511 -0.3815 -0.0465 -0.3815 -0.3511 -0.2626 -0.0973 0.1990 -0.1575 -0.3792 -0.2995 -0.1865 0.2793 0.0587 -0.3903 -0.3351 -0.2422 0.0374 0.1546 -0.2982 -0.3677 -0.2832 -0.1571 0.2529 0.0058 -0.3901 -0.3224 -0.2237 0.1886 0.1248 -0.3500 -0.3590 -0.2723 -0.1318 0.2276 -0.0506 -0.3863 -0.3134 -0.2104 0.2536 0.1036 -0.3720 -0.3518 -0.2636 -0.1040 0.2057 -0.1223 -0.3820 -0.3051 -0.1973 0.2782 0.0821 -0.3800
0.0829 0.2763 -0.1993 -0.3064 -0.3827 -0.1101 0.2091 -0.1089 -0.2649 -0.3529 -0.3693 0.1068 0.2469 -0.2123 -0.3147 -0.3869 -0.0415 0.2310 -0.1354 -0.2736 -0.3600 -0.3459 0.1276 0.1773 -0.2252 -0.3233 -0.3904 0.0097 0.2548 -0.1586 -0.2839 -0.3682 -0.2954 0.1556 0.0343 -0.2424 -0.3351 -0.3904 0.0579 0.2791 -0.1857 -0.2989 -0.3789 -0.1638 0.1973 -0.0945 -0.2621 -0.3513 -0.3739 0.0879 0.2253 0.0879 -0.3739 -0.3513 -0.2621 -0.0945 0.1973 -0.1638 -0.3789 -0.2989 -0.1857 0.2791 0.0579 -0.3904 -0.3351 -0.2424 0.0343 0.1556 -0.2954 -0.3682 -0.2839 -0.1586 0.2548 0.0097 -0.3904 -0.3233 -0.2252 0.1773 0.1276 -0.3459 -0.3600 -0.2736 -0.1354 0.2310 -0.0415 -0.3869 -0.3147 -0.2123 0.2469 0.1068 -0.3693 -0.3529 -0.2649 -0.1089 0.2091 -0.1101 -0.3827 -0.3064 -0.1993 0.2763 0.0829
0.2711 -0.2013 -0.3076 -0.3834 -0.0983 0.2124 -0.1135 -0.2662 -0.3540 -0.3665 0.1100 0.2393 -0.2142 -0.3160 -0.3875 -0.0330 0.2343 -0.1388 -0.2749 -0.3611 -0.3412 0.1307 0.1641 -0.2268 -0.3243 -0.3906 0.0138 0.2568 -0.1603 -0.2846 -0.3687 -0.2916 0.1570 0.0290 -0.2429 -0.3353 -0.3903 0.0579 0.2790 -0.1853 -0.2986 -0.3786 -0.1688 0.1959 -0.0918 -0.2615 -0.3508 -0.3728 0.1013 0.2743 -0.1338 0.2743 0.1013 -0.3728 -0.3508 -0.2615 -0.0918 0.1959 -0.1688 -0.3786 -0.2986 -0.1853 0.2790 0.0579 -0.3903 -0.3353 -0.2429 0.0290 0.1570 -0.2916 -0.3687 -0.2846 -0.1603 0.2568 0.0138 -0.3906 -0.3243 -0.2268 0.1641 0.1307 -0.3412 -0.3611 -0.2749 -0.1388 0.2343 -0.0330 -0.3875 -0.3160 -0.2142 0.2393 0.1100 -0.3665 -0.3540 -0.2662 -0.1135 0.2124 -0.0983 -0.3834 -0.3076 -0.2013 0.2711
-0.1978 -0.3089 -0.3841 -0.0869 0.2157 -0.1179 -0.2676 -0.3551 -0.3634 0.1131 0.2307 -0.2162 -0.3172 -0.3880 -0.0250 0.2376 -0.1421 -0.2763 -0.3621 -0.3361 0.1339 0.1494 -0.2286 -0.3255 -0.3908 0.0182 0.2590 -0.1621 -0.2855 -0.3693 -0.2871 0.1587 0.0223 -0.2436 -0.3357 -0.3902 0.0587 0.2791 -0.1853 -0.2985 -0.3784 -0.1722 0.1947 -0.0895 -0.2610 -0.3504 -0.3734 0.1032 0.2562 -0.2023 -0.2728 -0.2023 0.2562 0.1032 -0.3734 -0.3504 -0.2610 -0.0895 0.1947 -0.1722 -0.3784 -0.2985 -0.1853 0.2791 0.0587 -0.3902 -0.3357 -0.2436 0.0223 0.1587 -0.2871 -0.3693 -0.2855 -0.1621 0.2590 0.0182 -0.3908 -0.3255 -0.2286 0.1494 0.1339 -0.3361 -0.3621 -0.2763 -0.1421 0.2376 -0.0250 -0.3880 -0.3172 -0.2162 0.2307 0.1131 -0.3634 -0.3551 -0.2676 -0.1179 0.2157 -0.0869 -0.3841 -0.3089 -0.1978
-0.3016 -0.3847 -0.0760 0.2191 -0.1220 -0.2689 -0.3562 -0.3600 0.1163 0.2211 -0.2181 -0.3185 -0.3886 -0.0174 0.2409 -0.1453 -0.2776 -0.3631 -0.3308 0.1371 0.1335 -0.2304 -0.3267 -0.3911 0.0229 0.2615 -0.1642 -0.2864 -0.3699 -0.2817 0.1607 0.0145 -0.2446 -0.3363 -0.3900 0.0600 0.2793 -0.1857 -0.2986 -0.3784 -0.1735 0.1941 -0.0879 -0.2605 -0.3499 -0.3742 0.1026 0.2526 -0.2102 -0.3092 -0.3643 -0.3092 -0.2102 0.2526 0.1026 -0.3742 -0.3499 -0.2605 -0.0879 0.1941 -0.1735 -0.3784 -0.2986 -0.1857 0.2793 0.0600 -0.3900 -0.3363 -0.2446 0.0145 0.1607 -0.2817 -0.3699 -0.2864 -0.1642 0.2615 0.0229 -0.3911 -0.3267 -0.2304 0.1335 0.1371 -0.3308 -0.3631 -0.2776 -0.1453 0.2409 -0.0174 -0.3886 -0.3185 -0.2181 0.2211 0.1163 -0.3600 -0.3562 -0.2689 -0.1220 0.2191 -0.0760 -0.3847 -0.3016
-0.3784 -0.0656 0.2224 -0.1260 -0.2702 -0.3573 -0.3564 0.1194 0.2105 -0.2200 -0.3198 -0.3891 -0.0103 0.2442 -0.1484 -0.2789 -0.3642 -0.3250 0.1403 0.1170 -0.2323 -0.3279 -0.3912 0.0278 0.2641 -0.1666 -0.2875 -0.3707 -0.2751 0.1630 0.0055 -0.2457 -0.3369 -0.3898 0.0617 0.2797 -0.1865 -0.2989 -0.3786 -0.1722 0.1941 -0.0873 -0.2602 -0.3496 -0.3749 0.1017 0.2535 -0.2113 -0.3138 -0.3872 -0.3473 -0.3872 -0.3138 -0.2113 0.2535 0.1017 -0.3749 -0.3496 -0.2602 -0.0873 0.1941 -0.1722 -0.3786 -0.2989 -0.1865 0.2797 0.0617 -0.3898 -0.3369 -0.2457 0.0055 0.1630 -0.2751 -0.3707 -0.2875 -0.1666 0.2641 0.0278 -0.3912 -0.3279 -0.2323 0.1170 0.1403 -0.3250 -0.3642 -0.2789 -0.1484 0.2442 -0.0103 -0.3891 -0.3198 -0.2200 0.2105 0.1194 -0.3564 -0.3573 -0.2702 -0.1260 0.2224 -0.0656 -0.3784
-0.0624 0.2258 -0.1298 -0.2716 -0.3584 -0.3525 0.1226 0.1988 -0.2219 -0.3210 -0.3895 -0.0036 0.2474 -0.1514 -0.2802 -0.3652 -0.3189 0.1435 0.1002 -0.2342 -0.3291 -0.3913 0.0327 0.2667 -0.1690 -0.2888 -0.3715 -0.2674 0.1656 -0.0043 -0.2469 -0.3377 -0.3894 0.0638 0.2801 -0.1875 -0.2995 -0.3789 -0.1688 0.1947 -0.0879 -0.2602 -0.3495 -0.3754 0.1009 0.2550 -0.2111 -0.3145 -0.3869 -0.0854 0.1264 -0.0854 -0.3869 -0.3145 -0.2111 0.2550 0.1009 -0.3754 -0.3495 -0.2602 -0.0879 0.1947 -0.1688 -0.3789 -0.2995 -0.1875 0.2801 0.0638 -0.3894 -0.3377 -0.2469 -0.0043 0.1656 -0.2674 -0.3715 -0.2888 -0.1690 0.2667 0.0327 -0.3913 -0.3291 -0.2342 0.1002 0.1435 -0.3189 -0.3652 -0.2802 -0.1514 0.2474 -0.0036 -0.3895 -0.3210 -0.2219 0.1988 0.1226 -0.3525 -0.3584 -0.2716 -0.1298 0.2258 -0.0624
0.2277 -0.1334 -0.2729 -0.3594 -0.3483 0.1258 0.1861 -0.2238 -0.3223 -0.3900 0.0027 0.2506 -0.1542 -0.2815 -0.3662 -0.3123 0.1468 0.0833 -0.2360 -0.3304 -0.3913 0.0373 0.2692 -0.1715 -0.2901 -0.3724 -0.2584 0.1684 -0.0147 -0.2481 -0.3386 -0.3889 0.0662 0.2804 -0.1886 -0.3001 -0.3792 -0.1638 0.1959 -0.0895 -0.2605 -0.3496 -0.3754 0.1006 0.2560 -0.2107 -0.3144 -0.3870 -0.0440 0.2147 0.1765 0.2147 -0.0440 -0.3870 -0.3144 -0.2107 0.2560 0.1006 -0.3754 -0.3496 -0.2605 -0.0895 0.1959 -0.1638 -0.3792 -0.3001 -0.1886 0.2804 0.0662 -0.3889 -0.3386 -0.2481 -0.0147 0.1684 -0.2584 -0.3724 -0.2901 -0.1715 0.2692 0.0373 -0.3913 -0.3304 -0.2360 0.0833 0.1468 -0.3123 -0.3662 -0.2815 -0.1542 0.2506 0.0027 -0.3900 -0.3223 -0.2238 0.1861 0.1258 -0.3483 -0.3594 -0.2729 -0.1334 0.2277
-0.1344 -0.2742 -0.3605 -0.3438 0.1289 0.1724 -0.2257 -0.3235 -0.3904 0.0088 0.2537 -0.1571 -0.2828 -0.3672 -0.3053 0.1501 0.0665 -0.2379 -0.3316 -0.3913 0.0418 0.2715 -0.1739 -0.2914 -0.3733 -0.2484 0.1714 -0.0255 -0.2493 -0.3396 -0.3884 0.0690 0.2806 -0.1900 -0.3009 -0.3797 -0.1575 0.1973 -0.0918 -0.2610 -0.3499 -0.3749 0.1009 0.2560 -0.2106 -0.3143 -0.3870 -0.0372 0.2312 -0.1203 -0.2278 -0.1203 0.2312 -0.0372 -0.3870 -0.3143 -0.2106 0.2560 0.1009 -0.3749 -0.3499 -0.2610 -0.0918 0.1973 -0.1575 -0.3797 -0.3009 -0.1900 0.2806 0.0690 -0.3884 -0.3396 -0.2493 -0.0255 0.1714 -0.2484 -0.3733 -0.2914 -0.1739 0.2715 0.0418 -0.3913 -0.3316 -0.2379 0.0665 0.1501 -0.3053 -0.3672 -0.2828 -0.1571 0.2537 0.0088 -0.3904 -0.3235 -0.2257 0.1724 0.1289 -0.3438 -0.3605 -0.2742 -0.1344
-0.2665 -0.3615 -0.3390 0.1321 0.1579 -0.2275 -0.3247 -0.3907 0.0144 0.2568 -0.1598 -0.2841 -0.3681 -0.2980 0.1534 0.0502 -0.2398 -0.3328 -0.3911 0.0461 0.2736 -0.1763 -0.2927 -0.3742 -0.2380 0.1746 -0.0359 -0.2506 -0.3407 -0.3876 0.0719 0.2806 -0.1916 -0.3017 -0.3802 -0.1503 0.1990 -0.0945 -0.2615 -0.3504 -0.3742 0.1017 0.2550 -0.2107 -0.3143 -0.3870 -0.0362 0.2340 -0.1370 -0.2690 -0.3263 -0.2690 -0.1370 0.2340 -0.0362 -0.3870 -0.3143 -0.2107 0.2550 0.1017 -0.3742 -0.3504 -0.2615 -0.0945 0.1990 -0.1503 -0.3802 -0.3017 -0.1916 0.2806 0.0719 -0.3876 -0.3407 -0.2506 -0.0359 0.1746 -0.2380 -0.3742 -0.2927 -0.1763 0.2736 0.0461 -0.3911 -0.3328 -0.2398 0.0502 0.1534 -0.2980 -0.3681 -0.2841 -0.1598 0.2568 0.0144 -0.3907 -0.3247 -0.2275 0.1579 0.1321 -0.3390 -0.3615 -0.2665
-0.3546 -0.3341 0.1351 0.1432 -0.2293 -0.3259 -0.3909 0.0196 0.2596 -0.1623 -0.2854 -0.3691 -0.2905 0.1565 0.0353 -0.2415 -0.3340 -0.3909 0.0500 0.2754 -0.1785 -0.2939 -0.3751 -0.2277 0.1776 -0.0451 -0.2519 -0.3418 -0.3867 0.0749 0.2803 -0.1932 -0.3027 -0.3807 -0.1427 0.2008 -0.0973 -0.2621 -0.3508 -0.3734 0.1026 0.2535 -0.2111 -0.3144 -0.3870 -0.0362 0.2345 -0.1399 -0.2748 -0.3592 -0.3972 -0.3592 -0.2748 -0.1399 0.2345 -0.0362 -0.3870 -0.3144 -0.2111 0.2535 0.1026 -0.3734 -0.3508 -0.2621 -0.0973 0.2008 -0.1427 -0.3807 -0.3027 -0.1932 0.2803 0.0749 -0.3867 -0.3418 -0.2519 -0.0451 0.1776 -0.2277 -0.3751 -0.2939 -0.1785 0.2754 0.0500 -0.3909 -0.3340 -0.2415 0.0353 0.1565 -0.2905 -0.3691 -0.2854 -0.1623 0.2596 0.0196 -0.3909 -0.3259 -0.2293 0.1432 0.1351 -0.3341 -0.3546
-0.3301 0.1374 0.1313 -0.2308 -0.3269 -0.3911 0.0235 0.2617 -0.1643 -0.2864 -0.3699 -0.2844 0.1589 0.0241 -0.2430 -0.3350 -0.3906 0.0530 0.2767 -0.1802 -0.2949 -0.3758 -0.2193 0.1800 -0.0518 -0.2529 -0.3428 -0.3859 0.0774 0.2798 -0.1945 -0.3035 -0.3812 -0.1365 0.2023 -0.0994 -0.2626 -0.3513 -0.3728 0.1032 0.2526 -0.2113 -0.3145 -0.3870 -0.0372 0.2340 -0.1399 -0.2757 -0.3618 -0.3575 0.0175 -0.3575 -0.3618 -0.2757 -0.1399 0.2340 -0.0372 -0.3870 -0.3145 -0.2113 0.2526 0.1032 -0.3728 -0.3513 -0.2626 -0.0994 0.2023 -0.1365 -0.3812 -0.3035 -0.1945 0.2798 0.0774 -0.3859 -0.3428 -0.2529 -0.0518 0.1800 -0.2193 -0.3758 -0.2949 -0.1802 0.2767 0.0530 -0.3906 -0.3350 -0.2430 0.0241 0.1589 -0.2844 -0.3699 -0.2864 -0.1643 0.2617 0.0235 -0.3911 -0.3269 -0.2308 0.1313 0.1374 -0.3301
0.1345 0.1333 -0.2307 -0.3270 -0.3910 0.0228 0.2614 -0.1641 -0.2863 -0.3703 -0.2852 0.1580 0.0259 -0.2429 -0.3351 -0.3906 0.0525 0.2765 -0.1800 -0.2949 -0.3762 -0.2205 0.1796 -0.0508 -0.2528 -0.3430 -0.3860 0.0768 0.2800 -0.1943 -0.3034 -0.3814 -0.1395 0.2013 -0.0976 -0.2621 -0.3511 -0.3739 0.1013 0.2562 -0.2102 -0.3138 -0.3869 -0.0440 0.2312 -0.1370 -0.2748 -0.3618 -0.3436 0.1147 0.2529 0.1147 -0.3436 -0.3618 -0.2748 -0.1370 0.2312 -0.0440 -0.3869 -0.3138 -0.2102 0.2562 0.1013 -0.3739 -0.3511 -0.2621 -0.0976 0.2013 -0.1395 -0.3814 -0.3034 -0.1943 0.2800 0.0768 -0.3860 -0.3430 -0.2528 -0.0508 0.1796 -0.2205 -0.3762 -0.2949 -0.1800 0.2765 0.0525 -0.3906 -0.3351 -0.2429 0.0259 0.1580 -0.2852 -0.3703 -0.2863 -0.1641 0.2614 0.0228 -0.3910 -0.3270 -0.2307 0.1333 0.1345
0.1880 -0.2241 -0.3233 -0.3923 0.0020 0.2497 -0.1538 -0.2816 -0.3690 -0.3124 0.1443 0.0883 -0.2365 -0.3317 -0.3927 0.0366 0.2688 -0.1712 -0.2903 -0.3756 -0.2587 0.1652 -0.0106 -0.2474 -0.3399 -0.3898 0.0633 0.2801 -0.1865 -0.2990 -0.3814 -0.1855 0.1864 -0.0732 -0.2567 -0.3483 -0.3815 0.0879 0.2743 -0.2023 -0.3092 -0.3872 -0.0854 0.2147 -0.1203 -0.2690 -0.3592 -0.3575 0.1147 0.2569 -0.1479 0.2569 0.1147 -0.3575 -0.3592 -0.2690 -0.1203 0.2147 -0.0854 -0.3872 -0.3092 -0.2023 0.2743 0.0879 -0.3815 -0.3483 -0.2567 -0.0732 0.1864 -0.1855 -0.3814 -0.2990 -0.1865 0.2801 0.0633 -0.3898 -0.3399 -0.2474 -0.0106 0.1652 -0.2587 -0.3756 -0.2903 -0.1712 0.2688 0.0366 -0.3927 -0.3317 -0.2365 0.0883 0.1443 -0.3124 -0.3690 -0.2816 -0.1538 0.2497 0.0020 -0.3923 -0.3233 -0.2241 0.1880
-0.1666 -0.2881 -0.3765 -0.2736 0.1590 0.0148 -0.2442 -0.3388 -0.3957 0.0577 0.2761 -0.1861 -0.2968 -0.3829 -0.2037 0.1799 -0.0579 -0.2536 -0.3471 -0.3892 0.0808 0.2780 -0.2010 -0.3056 -0.3885 -0.1218 0.2014 -0.1016 -0.2627 -0.3552 -0.3761 0.1018 0.2567 -0.2130 -0.3146 -0.3933 -0.0465 0.2253 -0.1338 -0.2728 -0.3643 -0.3473 0.1264 0.1765 -0.2278 -0.3263 -0.3972 0.0175 0.2529 -0.1479 -0.2393 -0.1479 0.2529 0.0175 -0.3972 -0.3263 -0.2278 0.1765 0.1264 -0.3473 -0.3643 -0.2728 -0.1338 0.2253 -0.0465 -0.3933 -0.3146 -0.2130 0.2567 0.1018 -0.3761 -0.3552 -0.2627 -0.1016 0.2014 -0.1218 -0.3885 -0.3056 -0.2010 0.2780 0.0808 -0.3892 -0.3471 -0.2536 -0.0579 0.1799 -0.2037 -0.3829 -0.2968 -0.1861 0.2761 0.0577 -0.3957 -0.3388 -0.2442 0.0148 0.1590 -0.2736 -0.3765 -0.2881 -0.1666
