0.1271 0.1397 -0.2236 -0.3203 -0.3855 0.0374 0.2712 -0.1742 -0.2863 -0.3692 -0.2004 0.1885 -0.0816 -0.2507 -0.3416 -0.3706 0.1020 0.2421 -0.2083 -0.3090 -0.3821 -0.0136 0.2466 -0.1519 -0.2743 -0.3606 -0.2905 0.1590 0.0020 -0.2380 -0.3308 -0.3831 0.0712 0.2773 -0.1915 -0.2972 -0.3760 -0.0983 0.2164 -0.1225 -0.2621 -0.3510 -0.3445 0.1289 0.1453 -0.2228 -0.3195 -0.3853 0.0272 0.2533 -0.0111 0.2533 0.0272 -0.3853 -0.3195 -0.2228 0.1453 0.1289 -0.3445 -0.3510 -0.2621 -0.1225 0.2164 -0.0983 -0.3760 -0.2972 -0.1915 0.2773 0.0712 -0.3831 -0.3308 -0.2380 0.0020 0.1590 -0.2905 -0.3606 -0.2743 -0.1519 0.2466 -0.0136 -0.3821 -0.3090 -0.2083 0.2421 0.1020 -0.3706 -0.3416 -0.2507 -0.0816 0.1885 -0.2004 -0.3692 -0.2863 -0.1742 0.2712 0.0374 -0.3855 -0.3203 -0.2236 0.1397 0.1271
0.1397 -0.2306 -0.3278 -0.3913 0.0365 0.2712 -0.1759 -0.2938 -0.3758 -0.2058 0.1870 -0.0763 -0.2585 -0.3487 -0.3761 0.1012 0.2520 -0.2128 -0.3163 -0.3882 -0.0156 0.2450 -0.1521 -0.2818 -0.3674 -0.2960 0.1576 0.0160 -0.2458 -0.3379 -0.3887 0.0704 0.2804 -0.1945 -0.3046 -0.3824 -0.1024 0.2146 -0.1206 -0.2698 -0.3580 -0.3498 0.1278 0.1630 -0.2288 -0.3268 -0.3912 0.0316 0.2659 -0.1585 -0.2470 -0.1585 0.2659 0.0316 -0.3912 -0.3268 -0.2288 0.1630 0.1278 -0.3498 -0.3580 -0.2698 -0.1206 0.2146 -0.1024 -0.3824 -0.3046 -0.1945 0.2804 0.0704 -0.3887 -0.3379 -0.2458 0.0160 0.1576 -0.2960 -0.3674 -0.2818 -0.1521 0.2450 -0.0156 -0.3882 -0.3163 -0.2128 0.2520 0.1012 -0.3761 -0.3487 -0.2585 -0.0763 0.1870 -0.2058 -0.3758 -0.2938 -0.1759 0.2712 0.0365 -0.3913 -0.3278 -0.2306 0.1397
-0.2236 -0.3278 -0.3913 0.0337 0.2694 -0.1738 -0.2926 -0.3750 -0.2170 0.1838 -0.0693 -0.2572 -0.3475 -0.3781 0.0980 0.2581 -0.2109 -0.3150 -0.3876 -0.0230 0.2417 -0.1491 -0.2805 -0.3664 -0.3035 0.1542 0.0306 -0.2440 -0.3367 -0.3894 0.0667 0.2806 -0.1924 -0.3034 -0.3817 -0.1143 0.2112 -0.1164 -0.2684 -0.3569 -0.3539 0.1247 0.1773 -0.2269 -0.3256 -0.3911 0.0280 0.2662 -0.1683 -0.2838 -0.3409 -0.2838 -0.1683 0.2662 0.0280 -0.3911 -0.3256 -0.2269 0.1773 0.1247 -0.3539 -0.3569 -0.2684 -0.1164 0.2112 -0.1143 -0.3817 -0.3034 -0.1924 0.2806 0.0667 -0.3894 -0.3367 -0.2440 0.0306 0.1542 -0.3035 -0.3664 -0.2805 -0.1491 0.2417 -0.0230 -0.3876 -0.3150 -0.2109 0.2581 0.0980 -0.3781 -0.3475 -0.2572 -0.0693 0.1838 -0.2170 -0.3750 -0.2926 -0.1738 0.2694 0.0337 -0.3913 -0.3278 -0.2236
-0.3203 -0.3913 0.0337 0.2686 -0.1725 -0.2917 -0.3743 -0.2268 0.1808 -0.0622 -0.2559 -0.3464 -0.3799 0.0947 0.2632 -0.2089 -0.3138 -0.3871 -0.0309 0.2384 -0.1461 -0.2792 -0.3654 -0.3106 0.1509 0.0461 -0.2421 -0.3355 -0.3900 0.0630 0.2804 -0.1902 -0.3021 -0.3810 -0.1266 0.2079 -0.1119 -0.2671 -0.3558 -0.3577 0.1215 0.1907 -0.2250 -0.3243 -0.3909 0.0233 0.2642 -0.1685 -0.2885 -0.3707 -0.3945 -0.3707 -0.2885 -0.1685 0.2642 0.0233 -0.3909 -0.3243 -0.2250 0.1907 0.1215 -0.3577 -0.3558 -0.2671 -0.1119 0.2079 -0.1266 -0.3810 -0.3021 -0.1902 0.2804 0.0630 -0.3900 -0.3355 -0.2421 0.0461 0.1509 -0.3106 -0.3654 -0.2792 -0.1461 0.2384 -0.0309 -0.3871 -0.3138 -0.2089 0.2632 0.0947 -0.3799 -0.3464 -0.2559 -0.0622 0.1808 -0.2268 -0.3743 -0.2917 -0.1725 0.2686 0.0337 -0.3913 -0.3203
-0.3855 0.0365 0.2694 -0.1725 -0.2914 -0.3739 -0.2336 0.1785 -0.0553 -0.2548 -0.3454 -0.3815 0.0916 0.2675 -0.2070 -0.3125 -0.3865 -0.0393 0.2351 -0.1429 -0.2779 -0.3644 -0.3173 0.1476 0.0624 -0.2402 -0.3343 -0.3904 0.0592 0.2797 -0.1881 -0.3008 -0.3802 -0.1390 0.2046 -0.1072 -0.2658 -0.3547 -0.3612 0.1183 0.2030 -0.2231 -0.3231 -0.3906 0.0180 0.2616 -0.1666 -0.2885 -0.3718 -0.3007 0.0639 -0.3007 -0.3718 -0.2885 -0.1666 0.2616 0.0180 -0.3906 -0.3231 -0.2231 0.2030 0.1183 -0.3612 -0.3547 -0.2658 -0.1072 0.2046 -0.1390 -0.3802 -0.3008 -0.1881 0.2797 0.0592 -0.3904 -0.3343 -0.2402 0.0624 0.1476 -0.3173 -0.3644 -0.2779 -0.1429 0.2351 -0.0393 -0.3865 -0.3125 -0.2070 0.2675 0.0916 -0.3815 -0.3454 -0.2548 -0.0553 0.1785 -0.2336 -0.3739 -0.2914 -0.1725 0.2694 0.0365 -0.3855
0.0374 0.2712 -0.1738 -0.2917 -0.3739 -0.2360 0.1772 -0.0506 -0.2538 -0.3445 -0.3828 0.0888 0.2709 -0.2052 -0.3113 -0.3859 -0.0482 0.2318 -0.1396 -0.2766 -0.3634 -0.3235 0.1443 0.0791 -0.2384 -0.3331 -0.3908 0.0553 0.2788 -0.1859 -0.2995 -0.3794 -0.1516 0.2013 -0.1023 -0.2644 -0.3536 -0.3645 0.1152 0.2143 -0.2212 -0.3218 -0.3902 0.0125 0.2587 -0.1642 -0.2875 -0.3714 -0.2708 0.1495 0.2781 0.1495 -0.2708 -0.3714 -0.2875 -0.1642 0.2587 0.0125 -0.3902 -0.3218 -0.2212 0.2143 0.1152 -0.3645 -0.3536 -0.2644 -0.1023 0.2013 -0.1516 -0.3794 -0.2995 -0.1859 0.2788 0.0553 -0.3908 -0.3331 -0.2384 0.0791 0.1443 -0.3235 -0.3634 -0.2766 -0.1396 0.2318 -0.0482 -0.3859 -0.3113 -0.2052 0.2709 0.0888 -0.3828 -0.3445 -0.2538 -0.0506 0.1772 -0.2360 -0.3739 -0.2917 -0.1738 0.2712 0.0374
0.2712 -0.1759 -0.2926 -0.3743 -0.2336 0.1772 -0.0490 -0.2534 -0.3438 -0.3837 0.0863 0.2734 -0.2035 -0.3102 -0.3853 -0.0571 0.2286 -0.1363 -0.2753 -0.3624 -0.3294 0.1411 0.0960 -0.2365 -0.3319 -0.3910 0.0513 0.2775 -0.1837 -0.2982 -0.3786 -0.1642 0.1980 -0.0970 -0.2631 -0.3525 -0.3675 0.1120 0.2246 -0.2193 -0.3206 -0.3898 0.0067 0.2557 -0.1615 -0.2863 -0.3706 -0.2699 0.1635 0.0606 -0.1900 0.0606 0.1635 -0.2699 -0.3706 -0.2863 -0.1615 0.2557 0.0067 -0.3898 -0.3206 -0.2193 0.2246 0.1120 -0.3675 -0.3525 -0.2631 -0.0970 0.1980 -0.1642 -0.3786 -0.2982 -0.1837 0.2775 0.0513 -0.3910 -0.3319 -0.2365 0.0960 0.1411 -0.3294 -0.3624 -0.2753 -0.1363 0.2286 -0.0571 -0.3853 -0.3102 -0.2035 0.2734 0.0863 -0.3837 -0.3438 -0.2534 -0.0490 0.1772 -0.2336 -0.3743 -0.2926 -0.1759 0.2712
-0.1742 -0.2938 -0.3750 -0.2268 0.1785 -0.0506 -0.2534 -0.3436 -0.3842 0.0847 0.2751 -0.2020 -0.3092 -0.3848 -0.0655 0.2256 -0.1331 -0.2740 -0.3614 -0.3348 0.1379 0.1129 -0.2346 -0.3307 -0.3912 0.0471 0.2759 -0.1815 -0.2969 -0.3778 -0.1767 0.1947 -0.0914 -0.2618 -0.3514 -0.3703 0.1088 0.2338 -0.2174 -0.3193 -0.3894 0.0006 0.2527 -0.1589 -0.2850 -0.3697 -0.2766 0.1645 0.0027 -0.2396 -0.2990 -0.2396 0.0027 0.1645 -0.2766 -0.3697 -0.2850 -0.1589 0.2527 0.0006 -0.3894 -0.3193 -0.2174 0.2338 0.1088 -0.3703 -0.3514 -0.2618 -0.0914 0.1947 -0.1767 -0.3778 -0.2969 -0.1815 0.2759 0.0471 -0.3912 -0.3307 -0.2346 0.1129 0.1379 -0.3348 -0.3614 -0.2740 -0.1331 0.2256 -0.0655 -0.3848 -0.3092 -0.2020 0.2751 0.0847 -0.3842 -0.3436 -0.2534 -0.0506 0.1785 -0.2268 -0.3750 -0.2938 -0.1742
-0.2863 -0.3758 -0.2170 0.1808 -0.0553 -0.2538 -0.3438 -0.3842 0.0842 0.2758 -0.2011 -0.3084 -0.3843 -0.0732 0.2229 -0.1300 -0.2729 -0.3604 -0.3397 0.1348 0.1290 -0.2328 -0.3294 -0.3913 0.0429 0.2741 -0.1792 -0.2956 -0.3770 -0.1890 0.1914 -0.0854 -0.2604 -0.3503 -0.3728 0.1057 0.2420 -0.2155 -0.3181 -0.3889 -0.0059 0.2495 -0.1561 -0.2837 -0.3688 -0.2848 0.1621 0.0011 -0.2460 -0.3338 -0.3844 -0.3338 -0.2460 0.0011 0.1621 -0.2848 -0.3688 -0.2837 -0.1561 0.2495 -0.0059 -0.3889 -0.3181 -0.2155 0.2420 0.1057 -0.3728 -0.3503 -0.2604 -0.0854 0.1914 -0.1890 -0.3770 -0.2956 -0.1792 0.2741 0.0429 -0.3913 -0.3294 -0.2328 0.1290 0.1348 -0.3397 -0.3604 -0.2729 -0.1300 0.2229 -0.0732 -0.3843 -0.3084 -0.2011 0.2758 0.0842 -0.3842 -0.3438 -0.2538 -0.0553 0.1808 -0.2170 -0.3758 -0.2863
-0.3692 -0.2058 0.1838 -0.0622 -0.2548 -0.3445 -0.3837 0.0847 0.2758 -0.2008 -0.3080 -0.3840 -0.0793 0.2207 -0.1273 -0.2718 -0.3595 -0.3438 0.1319 0.1438 -0.2310 -0.3282 -0.3913 0.0385 0.2721 -0.1769 -0.2943 -0.3762 -0.2011 0.1882 -0.0790 -0.2591 -0.3491 -0.3752 0.1025 0.2493 -0.2136 -0.3168 -0.3884 -0.0128 0.2463 -0.1532 -0.2824 -0.3678 -0.2929 0.1589 0.0112 -0.2460 -0.3371 -0.3924 -0.1835 -0.3924 -0.3371 -0.2460 0.0112 0.1589 -0.2929 -0.3678 -0.2824 -0.1532 0.2463 -0.0128 -0.3884 -0.3168 -0.2136 0.2493 0.1025 -0.3752 -0.3491 -0.2591 -0.0790 0.1882 -0.2011 -0.3762 -0.2943 -0.1769 0.2721 0.0385 -0.3913 -0.3282 -0.2310 0.1438 0.1319 -0.3438 -0.3595 -0.2718 -0.1273 0.2207 -0.0793 -0.3840 -0.3080 -0.2008 0.2758 0.0847 -0.3837 -0.3445 -0.2548 -0.0622 0.1838 -0.2058 -0.3692
-0.2004 0.1870 -0.0693 -0.2559 -0.3454 -0.3828 0.0863 0.2751 -0.2011 -0.3080 -0.3839 -0.0825 0.2193 -0.1252 -0.2710 -0.3588 -0.3472 0.1294 0.1569 -0.2294 -0.3271 -0.3913 0.0340 0.2699 -0.1745 -0.2930 -0.3753 -0.2129 0.1850 -0.0721 -0.2577 -0.3480 -0.3773 0.0993 0.2557 -0.2116 -0.3155 -0.3878 -0.0200 0.2430 -0.1503 -0.2811 -0.3668 -0.3006 0.1556 0.0247 -0.2446 -0.3369 -0.3899 0.0438 0.1852 0.0438 -0.3899 -0.3369 -0.2446 0.0247 0.1556 -0.3006 -0.3668 -0.2811 -0.1503 0.2430 -0.0200 -0.3878 -0.3155 -0.2116 0.2557 0.0993 -0.3773 -0.3480 -0.2577 -0.0721 0.1850 -0.2129 -0.3753 -0.2930 -0.1745 0.2699 0.0340 -0.3913 -0.3271 -0.2294 0.1569 0.1294 -0.3472 -0.3588 -0.2710 -0.1252 0.2193 -0.0825 -0.3839 -0.3080 -0.2011 0.2751 0.0863 -0.3828 -0.3454 -0.2559 -0.0693 0.1870 -0.2004
0.1885 -0.0763 -0.2572 -0.3464 -0.3815 0.0888 0.2734 -0.2020 -0.3084 -0.3840 -0.0825 0.2188 -0.1240 -0.2705 -0.3582 -0.3498 0.1272 0.1679 -0.2279 -0.3261 -0.3911 0.0297 0.2676 -0.1722 -0.2917 -0.3744 -0.2243 0.1818 -0.0646 -0.2564 -0.3468 -0.3792 0.0960 0.2613 -0.2097 -0.3143 -0.3873 -0.0277 0.2398 -0.1473 -0.2797 -0.3658 -0.3078 0.1522 0.0398 -0.2428 -0.3360 -0.3899 0.0590 0.2726 -0.0709 0.2726 0.0590 -0.3899 -0.3360 -0.2428 0.0398 0.1522 -0.3078 -0.3658 -0.2797 -0.1473 0.2398 -0.0277 -0.3873 -0.3143 -0.2097 0.2613 0.0960 -0.3792 -0.3468 -0.2564 -0.0646 0.1818 -0.2243 -0.3744 -0.2917 -0.1722 0.2676 0.0297 -0.3911 -0.3261 -0.2279 0.1679 0.1272 -0.3498 -0.3582 -0.2705 -0.1240 0.2188 -0.0825 -0.3840 -0.3084 -0.2020 0.2734 0.0888 -0.3815 -0.3464 -0.2572 -0.0763 0.1885
-0.0816 -0.2585 -0.3475 -0.3799 0.0916 0.2709 -0.2035 -0.3092 -0.3843 -0.0793 0.2193 -0.1240 -0.2703 -0.3579 -0.3514 0.1257 0.1764 -0.2266 -0.3252 -0.3910 0.0257 0.2654 -0.1701 -0.2906 -0.3736 -0.2350 0.1786 -0.0566 -0.2550 -0.3457 -0.3810 0.0928 0.2660 -0.2077 -0.3130 -0.3867 -0.0359 0.2365 -0.1442 -0.2784 -0.3648 -0.3146 0.1489 0.0558 -0.2410 -0.3348 -0.3903 0.0595 0.2788 -0.1752 -0.2559 -0.1752 0.2788 0.0595 -0.3903 -0.3348 -0.2410 0.0558 0.1489 -0.3146 -0.3648 -0.2784 -0.1442 0.2365 -0.0359 -0.3867 -0.3130 -0.2077 0.2660 0.0928 -0.3810 -0.3457 -0.2550 -0.0566 0.1786 -0.2350 -0.3736 -0.2906 -0.1701 0.2654 0.0257 -0.3910 -0.3252 -0.2266 0.1764 0.1257 -0.3514 -0.3579 -0.2703 -0.1240 0.2193 -0.0793 -0.3843 -0.3092 -0.2035 0.2709 0.0916 -0.3799 -0.3475 -0.2585 -0.0816
-0.2507 -0.3487 -0.3781 0.0947 0.2675 -0.2052 -0.3102 -0.3848 -0.0732 0.2207 -0.1252 -0.2705 -0.3579 -0.3520 0.1248 0.1815 -0.2257 -0.3245 -0.3908 0.0222 0.2634 -0.1681 -0.2895 -0.3728 -0.2446 0.1756 -0.0482 -0.2537 -0.3445 -0.3826 0.0895 0.2700 -0.2057 -0.3117 -0.3861 -0.0446 0.2331 -0.1410 -0.2771 -0.3638 -0.3211 0.1456 0.0723 -0.2391 -0.3336 -0.3907 0.0567 0.2789 -0.1837 -0.2925 -0.3492 -0.2925 -0.1837 0.2789 0.0567 -0.3907 -0.3336 -0.2391 0.0723 0.1456 -0.3211 -0.3638 -0.2771 -0.1410 0.2331 -0.0446 -0.3861 -0.3117 -0.2057 0.2700 0.0895 -0.3826 -0.3445 -0.2537 -0.0482 0.1756 -0.2446 -0.3728 -0.2895 -0.1681 0.2634 0.0222 -0.3908 -0.3245 -0.2257 0.1815 0.1248 -0.3520 -0.3579 -0.2705 -0.1252 0.2207 -0.0732 -0.3848 -0.3102 -0.2052 0.2675 0.0947 -0.3781 -0.3487 -0.2507
-0.3416 -0.3761 0.0980 0.2632 -0.2070 -0.3113 -0.3853 -0.0655 0.2229 -0.1273 -0.2710 -0.3582 -0.3514 0.1248 0.1832 -0.2253 -0.3240 -0.3907 0.0193 0.2617 -0.1664 -0.2885 -0.3721 -0.2527 0.1729 -0.0397 -0.2525 -0.3434 -0.3840 0.0862 0.2732 -0.2038 -0.3105 -0.3855 -0.0538 0.2298 -0.1376 -0.2758 -0.3628 -0.3271 0.1424 0.0892 -0.2373 -0.3324 -0.3910 0.0529 0.2780 -0.1839 -0.2970 -0.3771 -0.3866 -0.3771 -0.2970 -0.1839 0.2780 0.0529 -0.3910 -0.3324 -0.2373 0.0892 0.1424 -0.3271 -0.3628 -0.2758 -0.1376 0.2298 -0.0538 -0.3855 -0.3105 -0.2038 0.2732 0.0862 -0.3840 -0.3434 -0.2525 -0.0397 0.1729 -0.2527 -0.3721 -0.2885 -0.1664 0.2617 0.0193 -0.3907 -0.3240 -0.2253 0.1832 0.1248 -0.3514 -0.3582 -0.2710 -0.1273 0.2229 -0.0655 -0.3853 -0.3113 -0.2070 0.2632 0.0980 -0.3761 -0.3416
-0.3706 0.1012 0.2581 -0.2089 -0.3125 -0.3859 -0.0571 0.2256 -0.1300 -0.2718 -0.3588 -0.3498 0.1257 0.1815 -0.2253 -0.3239 -0.3907 0.0174 0.2604 -0.1651 -0.2877 -0.3715 -0.2598 0.1705 -0.0317 -0.2513 -0.3424 -0.3852 0.0830 0.2758 -0.2018 -0.3092 -0.3849 -0.0636 0.2265 -0.1342 -0.2745 -0.3617 -0.3327 0.1392 0.1061 -0.2354 -0.3312 -0.3912 0.0488 0.2766 -0.1822 -0.2971 -0.3776 -0.2421 0.0862 -0.2421 -0.3776 -0.2971 -0.1822 0.2766 0.0488 -0.3912 -0.3312 -0.2354 0.1061 0.1392 -0.3327 -0.3617 -0.2745 -0.1342 0.2265 -0.0636 -0.3849 -0.3092 -0.2018 0.2758 0.0830 -0.3852 -0.3424 -0.2513 -0.0317 0.1705 -0.2598 -0.3715 -0.2877 -0.1651 0.2604 0.0174 -0.3907 -0.3239 -0.2253 0.1815 0.1257 -0.3498 -0.3588 -0.2718 -0.1300 0.2256 -0.0571 -0.3859 -0.3125 -0.2089 0.2581 0.1012 -0.3706
0.1020 0.2520 -0.2109 -0.3138 -0.3865 -0.0482 0.2286 -0.1331 -0.2729 -0.3595 -0.3472 0.1272 0.1764 -0.2257 -0.3240 -0.3907 0.0168 0.2597 -0.1642 -0.2872 -0.3710 -0.2655 0.1685 -0.0241 -0.2503 -0.3414 -0.3861 0.0801 0.2776 -0.1998 -0.3079 -0.3842 -0.0739 0.2231 -0.1305 -0.2731 -0.3607 -0.3380 0.1359 0.1229 -0.2335 -0.3299 -0.3913 0.0446 0.2749 -0.1801 -0.2961 -0.3772 -0.2013 0.1704 0.2753 0.1704 -0.2013 -0.3772 -0.2961 -0.1801 0.2749 0.0446 -0.3913 -0.3299 -0.2335 0.1229 0.1359 -0.3380 -0.3607 -0.2731 -0.1305 0.2231 -0.0739 -0.3842 -0.3079 -0.1998 0.2776 0.0801 -0.3861 -0.3414 -0.2503 -0.0241 0.1685 -0.2655 -0.3710 -0.2872 -0.1642 0.2597 0.0168 -0.3907 -0.3240 -0.2257 0.1764 0.1272 -0.3472 -0.3595 -0.2729 -0.1331 0.2286 -0.0482 -0.3865 -0.3138 -0.2109 0.2520 0.1020
0.2421 -0.2128 -0.3150 -0.3871 -0.0393 0.2318 -0.1363 -0.2740 -0.3604 -0.3438 0.1294 0.1679 -0.2266 -0.3245 -0.3907 0.0174 0.2597 -0.1638 -0.2869 -0.3707 -0.2692 0.1669 -0.0176 -0.2494 -0.3406 -0.3869 0.0774 0.2788 -0.1981 -0.3068 -0.3836 -0.0843 0.2198 -0.1268 -0.2718 -0.3596 -0.3429 0.1327 0.1391 -0.2317 -0.3287 -0.3913 0.0402 0.2729 -0.1778 -0.2948 -0.3765 -0.2000 0.1848 -0.0294 -0.2040 -0.0294 0.1848 -0.2000 -0.3765 -0.2948 -0.1778 0.2729 0.0402 -0.3913 -0.3287 -0.2317 0.1391 0.1327 -0.3429 -0.3596 -0.2718 -0.1268 0.2198 -0.0843 -0.3836 -0.3068 -0.1981 0.2788 0.0774 -0.3869 -0.3406 -0.2494 -0.0176 0.1669 -0.2692 -0.3707 -0.2869 -0.1638 0.2597 0.0174 -0.3907 -0.3245 -0.2266 0.1679 0.1294 -0.3438 -0.3604 -0.2740 -0.1363 0.2318 -0.0393 -0.3871 -0.3150 -0.2128 0.2421
-0.2083 -0.3163 -0.3876 -0.0309 0.2351 -0.1396 -0.2753 -0.3614 -0.3397 0.1319 0.1569 -0.2279 -0.3252 -0.3908 0.0193 0.2604 -0.1642 -0.2869 -0.3706 -0.2713 0.1660 -0.0129 -0.2487 -0.3399 -0.3875 0.0750 0.2797 -0.1966 -0.3058 -0.3830 -0.0945 0.2168 -0.1231 -0.2705 -0.3586 -0.3474 0.1296 0.1548 -0.2298 -0.3275 -0.3913 0.0357 0.2707 -0.1754 -0.2935 -0.3757 -0.2089 0.1853 -0.0644 -0.2497 -0.3078 -0.2497 -0.0644 0.1853 -0.2089 -0.3757 -0.2935 -0.1754 0.2707 0.0357 -0.3913 -0.3275 -0.2298 0.1548 0.1296 -0.3474 -0.3586 -0.2705 -0.1231 0.2168 -0.0945 -0.3830 -0.3058 -0.1966 0.2797 0.0750 -0.3875 -0.3399 -0.2487 -0.0129 0.1660 -0.2713 -0.3706 -0.2869 -0.1642 0.2604 0.0193 -0.3908 -0.3252 -0.2279 0.1569 0.1319 -0.3397 -0.3614 -0.2753 -0.1396 0.2351 -0.0309 -0.3876 -0.3163 -0.2083
-0.3090 -0.3882 -0.0230 0.2384 -0.1429 -0.2766 -0.3624 -0.3348 0.1348 0.1438 -0.2294 -0.3261 -0.3910 0.0222 0.2617 -0.1651 -0.2872 -0.3707 -0.2713 0.1657 -0.0105 -0.2483 -0.3394 -0.3880 0.0729 0.2802 -0.1952 -0.3049 -0.3824 -0.1038 0.2139 -0.1195 -0.2693 -0.3576 -0.3516 0.1264 0.1696 -0.2279 -0.3262 -0.3912 0.0310 0.2684 -0.1731 -0.2922 -0.3748 -0.2198 0.1829 -0.0653 -0.2550 -0.3420 -0.3898 -0.3420 -0.2550 -0.0653 0.1829 -0.2198 -0.3748 -0.2922 -0.1731 0.2684 0.0310 -0.3912 -0.3262 -0.2279 0.1696 0.1264 -0.3516 -0.3576 -0.2693 -0.1195 0.2139 -0.1038 -0.3824 -0.3049 -0.1952 0.2802 0.0729 -0.3880 -0.3394 -0.2483 -0.0105 0.1657 -0.2713 -0.3707 -0.2872 -0.1651 0.2617 0.0222 -0.3910 -0.3261 -0.2294 0.1438 0.1348 -0.3348 -0.3624 -0.2766 -0.1429 0.2384 -0.0230 -0.3882 -0.3090
-0.3821 -0.0156 0.2417 -0.1461 -0.2779 -0.3634 -0.3294 0.1379 0.1290 -0.2310 -0.3271 -0.3911 0.0257 0.2634 -0.1664 -0.2877 -0.3710 -0.2692 0.1660 -0.0105 -0.2482 -0.3392 -0.3882 0.0715 0.2804 -0.1940 -0.3041 -0.3820 -0.1121 0.2114 -0.1161 -0.2682 -0.3566 -0.3552 0.1234 0.1831 -0.2260 -0.3250 -0.3910 0.0261 0.2658 -0.1706 -0.2909 -0.3739 -0.2309 0.1798 -0.0594 -0.2552 -0.3449 -0.3884 -0.1019 -0.3884 -0.3449 -0.2552 -0.0594 0.1798 -0.2309 -0.3739 -0.2909 -0.1706 0.2658 0.0261 -0.3910 -0.3250 -0.2260 0.1831 0.1234 -0.3552 -0.3566 -0.2682 -0.1161 0.2114 -0.1121 -0.3820 -0.3041 -0.1940 0.2804 0.0715 -0.3882 -0.3392 -0.2482 -0.0105 0.1660 -0.2692 -0.3710 -0.2877 -0.1664 0.2634 0.0257 -0.3911 -0.3271 -0.2310 0.1290 0.1379 -0.3294 -0.3634 -0.2779 -0.1461 0.2417 -0.0156 -0.3821
-0.0136 0.2450 -0.1491 -0.2792 -0.3644 -0.3235 0.1411 0.1129 -0.2328 -0.3282 -0.3913 0.0297 0.2654 -0.1681 -0.2885 -0.3715 -0.2655 0.1669 -0.0129 -0.2483 -0.3392 -0.3883 0.0708 0.2805 -0.1931 -0.3034 -0.3816 -0.1194 0.2093 -0.1130 -0.2673 -0.3558 -0.3582 0.1207 0.1948 -0.2243 -0.3238 -0.3907 0.0210 0.2631 -0.1681 -0.2896 -0.3730 -0.2417 0.1767 -0.0514 -0.2542 -0.3447 -0.3840 0.0693 0.2069 0.0693 -0.3840 -0.3447 -0.2542 -0.0514 0.1767 -0.2417 -0.3730 -0.2896 -0.1681 0.2631 0.0210 -0.3907 -0.3238 -0.2243 0.1948 0.1207 -0.3582 -0.3558 -0.2673 -0.1130 0.2093 -0.1194 -0.3816 -0.3034 -0.1931 0.2805 0.0708 -0.3883 -0.3392 -0.2483 -0.0129 0.1669 -0.2655 -0.3715 -0.2885 -0.1681 0.2654 0.0297 -0.3913 -0.3282 -0.2328 0.1129 0.1411 -0.3235 -0.3644 -0.2792 -0.1491 0.2450 -0.0136
0.2466 -0.1521 -0.2805 -0.3654 -0.3173 0.1443 0.0960 -0.2346 -0.3294 -0.3913 0.0340 0.2676 -0.1701 -0.2895 -0.3721 -0.2598 0.1685 -0.0176 -0.2487 -0.3394 -0.3882 0.0708 0.2806 -0.1927 -0.3030 -0.3813 -0.1252 0.2074 -0.1102 -0.2664 -0.3550 -0.3607 0.1184 0.2045 -0.2227 -0.3227 -0.3904 0.0158 0.2604 -0.1656 -0.2883 -0.3721 -0.2520 0.1735 -0.0423 -0.2529 -0.3438 -0.3839 0.0825 0.2809 -0.1100 0.2809 0.0825 -0.3839 -0.3438 -0.2529 -0.0423 0.1735 -0.2520 -0.3721 -0.2883 -0.1656 0.2604 0.0158 -0.3904 -0.3227 -0.2227 0.2045 0.1184 -0.3607 -0.3550 -0.2664 -0.1102 0.2074 -0.1252 -0.3813 -0.3030 -0.1927 0.2806 0.0708 -0.3882 -0.3394 -0.2487 -0.0176 0.1685 -0.2598 -0.3721 -0.2895 -0.1701 0.2676 0.0340 -0.3913 -0.3294 -0.2346 0.0960 0.1443 -0.3173 -0.3654 -0.2805 -0.1521 0.2466
-0.1519 -0.2818 -0.3664 -0.3106 0.1476 0.0791 -0.2365 -0.3307 -0.3913 0.0385 0.2699 -0.1722 -0.2906 -0.3728 -0.2527 0.1705 -0.0241 -0.2494 -0.3399 -0.3880 0.0715 0.2805 -0.1927 -0.3029 -0.3811 -0.1289 0.2061 -0.1080 -0.2657 -0.3544 -0.3629 0.1162 0.2124 -0.2212 -0.3217 -0.3901 0.0107 0.2577 -0.1632 -0.2870 -0.3712 -0.2618 0.1703 -0.0324 -0.2515 -0.3426 -0.3849 0.0830 0.2780 -0.1901 -0.2649 -0.1901 0.2780 0.0830 -0.3849 -0.3426 -0.2515 -0.0324 0.1703 -0.2618 -0.3712 -0.2870 -0.1632 0.2577 0.0107 -0.3901 -0.3217 -0.2212 0.2124 0.1162 -0.3629 -0.3544 -0.2657 -0.1080 0.2061 -0.1289 -0.3811 -0.3029 -0.1927 0.2805 0.0715 -0.3880 -0.3399 -0.2494 -0.0241 0.1705 -0.2527 -0.3728 -0.2906 -0.1722 0.2699 0.0385 -0.3913 -0.3307 -0.2365 0.0791 0.1476 -0.3106 -0.3664 -0.2818 -0.1519
-0.2743 -0.3674 -0.3035 0.1509 0.0624 -0.2384 -0.3319 -0.3912 0.0429 0.2721 -0.1745 -0.2917 -0.3736 -0.2446 0.1729 -0.0317 -0.2503 -0.3406 -0.3875 0.0729 0.2804 -0.1931 -0.3030 -0.3811 -0.1302 0.2054 -0.1065 -0.2651 -0.3538 -0.3646 0.1143 0.2190 -0.2200 -0.3208 -0.3898 0.0060 0.2551 -0.1608 -0.2859 -0.3703 -0.2709 0.1672 -0.0215 -0.2502 -0.3415 -0.3860 0.0805 0.2777 -0.1978 -0.3012 -0.3572 -0.3012 -0.1978 0.2777 0.0805 -0.3860 -0.3415 -0.2502 -0.0215 0.1672 -0.2709 -0.3703 -0.2859 -0.1608 0.2551 0.0060 -0.3898 -0.3208 -0.2200 0.2190 0.1143 -0.3646 -0.3538 -0.2651 -0.1065 0.2054 -0.1302 -0.3811 -0.3030 -0.1931 0.2804 0.0729 -0.3875 -0.3406 -0.2503 -0.0317 0.1729 -0.2446 -0.3736 -0.2917 -0.1745 0.2721 0.0429 -0.3912 -0.3319 -0.2384 0.0624 0.1509 -0.3035 -0.3674 -0.2743
-0.3606 -0.2960 0.1542 0.0461 -0.2402 -0.3331 -0.3910 0.0471 0.2741 -0.1769 -0.2930 -0.3744 -0.2350 0.1756 -0.0397 -0.2513 -0.3414 -0.3869 0.0750 0.2802 -0.1940 -0.3034 -0.3813 -0.1289 0.2054 -0.1060 -0.2649 -0.3535 -0.3659 0.1128 0.2245 -0.2189 -0.3200 -0.3895 0.0017 0.2528 -0.1587 -0.2848 -0.3695 -0.2789 0.1643 -0.0101 -0.2488 -0.3403 -0.3870 0.0773 0.2788 -0.1979 -0.3055 -0.3827 -0.3714 -0.3827 -0.3055 -0.1979 0.2788 0.0773 -0.3870 -0.3403 -0.2488 -0.0101 0.1643 -0.2789 -0.3695 -0.2848 -0.1587 0.2528 0.0017 -0.3895 -0.3200 -0.2189 0.2245 0.1128 -0.3659 -0.3535 -0.2649 -0.1060 0.2054 -0.1289 -0.3813 -0.3034 -0.1940 0.2802 0.0750 -0.3869 -0.3414 -0.2513 -0.0397 0.1756 -0.2350 -0.3744 -0.2930 -0.1769 0.2741 0.0471 -0.3910 -0.3331 -0.2402 0.0461 0.1542 -0.2960 -0.3606
-0.2905 0.1576 0.0306 -0.2421 -0.3343 -0.3908 0.0513 0.2759 -0.1792 -0.2943 -0.3753 -0.2243 0.1786 -0.0482 -0.2525 -0.3424 -0.3861 0.0774 0.2797 -0.1952 -0.3041 -0.3816 -0.1252 0.2061 -0.1065 -0.2649 -0.3534 -0.3665 0.1119 0.2283 -0.2180 -0.3194 -0.3893 -0.0021 0.2508 -0.1567 -0.2838 -0.3687 -0.2858 0.1615 0.0013 -0.2475 -0.3391 -0.3880 0.0738 0.2799 -0.1963 -0.3055 -0.3826 -0.1654 0.1067 -0.1654 -0.3826 -0.3055 -0.1963 0.2799 0.0738 -0.3880 -0.3391 -0.2475 0.0013 0.1615 -0.2858 -0.3687 -0.2838 -0.1567 0.2508 -0.0021 -0.3893 -0.3194 -0.2180 0.2283 0.1119 -0.3665 -0.3534 -0.2649 -0.1065 0.2061 -0.1252 -0.3816 -0.3041 -0.1952 0.2797 0.0774 -0.3861 -0.3424 -0.2525 -0.0482 0.1786 -0.2243 -0.3753 -0.2943 -0.1792 0.2759 0.0513 -0.3908 -0.3343 -0.2421 0.0306 0.1576 -0.2905
0.1590 0.0160 -0.2440 -0.3355 -0.3904 0.0553 0.2775 -0.1815 -0.2956 -0.3762 -0.2129 0.1818 -0.0566 -0.2537 -0.3434 -0.3852 0.0801 0.2788 -0.1966 -0.3049 -0.3820 -0.1194 0.2074 -0.1080 -0.2651 -0.3535 -0.3665 0.1116 0.2301 -0.2174 -0.3189 -0.3891 -0.0053 0.2490 -0.1551 -0.2830 -0.3681 -0.2916 0.1589 0.0121 -0.2461 -0.3380 -0.3887 0.0703 0.2805 -0.1944 -0.3045 -0.3823 -0.1201 0.1915 0.2469 0.1915 -0.1201 -0.3823 -0.3045 -0.1944 0.2805 0.0703 -0.3887 -0.3380 -0.2461 0.0121 0.1589 -0.2916 -0.3681 -0.2830 -0.1551 0.2490 -0.0053 -0.3891 -0.3189 -0.2174 0.2301 0.1116 -0.3665 -0.3535 -0.2651 -0.1080 0.2074 -0.1194 -0.3820 -0.3049 -0.1966 0.2788 0.0801 -0.3852 -0.3434 -0.2537 -0.0566 0.1818 -0.2129 -0.3762 -0.2956 -0.1815 0.2775 0.0553 -0.3904 -0.3355 -0.2440 0.0160 0.1590
0.0020 -0.2458 -0.3367 -0.3900 0.0592 0.2788 -0.1837 -0.2969 -0.3770 -0.2011 0.1850 -0.0646 -0.2550 -0.3445 -0.3840 0.0830 0.2776 -0.1981 -0.3058 -0.3824 -0.1121 0.2093 -0.1102 -0.2657 -0.3538 -0.3659 0.1119 0.2301 -0.2172 -0.3186 -0.3889 -0.0079 0.2476 -0.1536 -0.2822 -0.3675 -0.2967 0.1567 0.0221 -0.2447 -0.3371 -0.3893 0.0670 0.2806 -0.1923 -0.3033 -0.3817 -0.1187 0.2063 -0.0834 -0.2157 -0.0834 0.2063 -0.1187 -0.3817 -0.3033 -0.1923 0.2806 0.0670 -0.3893 -0.3371 -0.2447 0.0221 0.1567 -0.2967 -0.3675 -0.2822 -0.1536 0.2476 -0.0079 -0.3889 -0.3186 -0.2172 0.2301 0.1119 -0.3659 -0.3538 -0.2657 -0.1102 0.2093 -0.1121 -0.3824 -0.3058 -0.1981 0.2776 0.0830 -0.3840 -0.3445 -0.2550 -0.0646 0.1850 -0.2011 -0.3770 -0.2969 -0.1837 0.2788 0.0592 -0.3900 -0.3367 -0.2458 0.0020
-0.2380 -0.3379 -0.3894 0.0630 0.2797 -0.1859 -0.2982 -0.3778 -0.1890 0.1882 -0.0721 -0.2564 -0.3457 -0.3826 0.0862 0.2758 -0.1998 -0.3068 -0.3830 -0.1038 0.2114 -0.1130 -0.2664 -0.3544 -0.3646 0.1128 0.2283 -0.2174 -0.3186 -0.3889 -0.0092 0.2466 -0.1525 -0.2817 -0.3670 -0.3009 0.1547 0.0313 -0.2435 -0.3362 -0.3897 0.0641 0.2804 -0.1904 -0.3021 -0.3810 -0.1276 0.2067 -0.1049 -0.2587 -0.3165 -0.2587 -0.1049 0.2067 -0.1276 -0.3810 -0.3021 -0.1904 0.2804 0.0641 -0.3897 -0.3362 -0.2435 0.0313 0.1547 -0.3009 -0.3670 -0.2817 -0.1525 0.2466 -0.0092 -0.3889 -0.3186 -0.2174 0.2283 0.1128 -0.3646 -0.3544 -0.2664 -0.1130 0.2114 -0.1038 -0.3830 -0.3068 -0.1998 0.2758 0.0862 -0.3826 -0.3457 -0.2564 -0.0721 0.1882 -0.1890 -0.3778 -0.2982 -0.1859 0.2797 0.0630 -0.3894 -0.3379 -0.2380
-0.3308 -0.3887 0.0667 0.2804 -0.1881 -0.2995 -0.3786 -0.1767 0.1914 -0.0790 -0.2577 -0.3468 -0.3810 0.0895 0.2732 -0.2018 -0.3079 -0.3836 -0.0945 0.2139 -0.1161 -0.2673 -0.3550 -0.3629 0.1143 0.2245 -0.2180 -0.3189 -0.3889 -0.0092 0.2463 -0.1520 -0.2813 -0.3666 -0.3042 0.1530 0.0397 -0.2424 -0.3355 -0.3901 0.0614 0.2800 -0.1887 -0.3010 -0.3803 -0.1381 0.2044 -0.1056 -0.2638 -0.3500 -0.3941 -0.3500 -0.2638 -0.1056 0.2044 -0.1381 -0.3803 -0.3010 -0.1887 0.2800 0.0614 -0.3901 -0.3355 -0.2424 0.0397 0.1530 -0.3042 -0.3666 -0.2813 -0.1520 0.2463 -0.0092 -0.3889 -0.3189 -0.2180 0.2245 0.1143 -0.3629 -0.3550 -0.2673 -0.1161 0.2139 -0.0945 -0.3836 -0.3079 -0.2018 0.2732 0.0895 -0.3810 -0.3468 -0.2577 -0.0790 0.1914 -0.1767 -0.3786 -0.2995 -0.1881 0.2804 0.0667 -0.3887 -0.3308
-0.3831 0.0704 0.2806 -0.1902 -0.3008 -0.3794 -0.1642 0.1947 -0.0854 -0.2591 -0.3480 -0.3792 0.0928 0.2700 -0.2038 -0.3092 -0.3842 -0.0843 0.2168 -0.1195 -0.2682 -0.3558 -0.3607 0.1162 0.2190 -0.2189 -0.3194 -0.3891 -0.0079 0.2466 -0.1520 -0.2811 -0.3664 -0.3063 0.1518 0.0468 -0.2415 -0.3349 -0.3903 0.0591 0.2795 -0.1872 -0.3001 -0.3797 -0.1484 0.2018 -0.1024 -0.2640 -0.3525 -0.3792 -0.0352 -0.3792 -0.3525 -0.2640 -0.1024 0.2018 -0.1484 -0.3797 -0.3001 -0.1872 0.2795 0.0591 -0.3903 -0.3349 -0.2415 0.0468 0.1518 -0.3063 -0.3664 -0.2811 -0.1520 0.2466 -0.0079 -0.3891 -0.3194 -0.2189 0.2190 0.1162 -0.3607 -0.3558 -0.2682 -0.1195 0.2168 -0.0843 -0.3842 -0.3092 -0.2038 0.2700 0.0928 -0.3792 -0.3480 -0.2591 -0.0854 0.1947 -0.1642 -0.3794 -0.3008 -0.1902 0.2806 0.0704 -0.3831
0.0712 0.2804 -0.1924 -0.3021 -0.3802 -0.1516 0.1980 -0.0914 -0.2604 -0.3491 -0.3773 0.0960 0.2660 -0.2057 -0.3105 -0.3849 -0.0739 0.2198 -0.1231 -0.2693 -0.3566 -0.3582 0.1184 0.2124 -0.2200 -0.3200 -0.3893 -0.0053 0.2476 -0.1525 -0.2813 -0.3664 -0.3071 0.1511 0.0516 -0.2408 -0.3343 -0.3905 0.0572 0.2790 -0.1859 -0.2992 -0.3791 -0.1578 0.1992 -0.0984 -0.2632 -0.3524 -0.3712 0.0917 0.2293 0.0917 -0.3712 -0.3524 -0.2632 -0.0984 0.1992 -0.1578 -0.3791 -0.2992 -0.1859 0.2790 0.0572 -0.3905 -0.3343 -0.2408 0.0516 0.1511 -0.3071 -0.3664 -0.2813 -0.1525 0.2476 -0.0053 -0.3893 -0.3200 -0.2200 0.2124 0.1184 -0.3582 -0.3566 -0.2693 -0.1231 0.2198 -0.0739 -0.3849 -0.3105 -0.2057 0.2660 0.0960 -0.3773 -0.3491 -0.2604 -0.0914 0.1980 -0.1516 -0.3802 -0.3021 -0.1924 0.2804 0.0712
0.2773 -0.1945 -0.3034 -0.3810 -0.1390 0.2013 -0.0970 -0.2618 -0.3503 -0.3752 0.0993 0.2613 -0.2077 -0.3117 -0.3855 -0.0636 0.2231 -0.1268 -0.2705 -0.3576 -0.3552 0.1207 0.2045 -0.2212 -0.3208 -0.3895 -0.0021 0.2490 -0.1536 -0.2817 -0.3666 -0.3063 0.1511 0.0532 -0.2404 -0.3340 -0.3907 0.0555 0.2785 -0.1848 -0.2985 -0.3787 -0.1659 0.1969 -0.0945 -0.2623 -0.3517 -0.3707 0.1044 0.2711 -0.1378 0.2711 0.1044 -0.3707 -0.3517 -0.2623 -0.0945 0.1969 -0.1659 -0.3787 -0.2985 -0.1848 0.2785 0.0555 -0.3907 -0.3340 -0.2404 0.0532 0.1511 -0.3063 -0.3666 -0.2817 -0.1536 0.2490 -0.0021 -0.3895 -0.3208 -0.2212 0.2045 0.1207 -0.3552 -0.3576 -0.2705 -0.1268 0.2231 -0.0636 -0.3855 -0.3117 -0.2077 0.2613 0.0993 -0.3752 -0.3503 -0.2618 -0.0970 0.2013 -0.1390 -0.3810 -0.3034 -0.1945 0.2773
-0.1915 -0.3046 -0.3817 -0.1266 0.2046 -0.1023 -0.2631 -0.3514 -0.3728 0.1025 0.2557 -0.2097 -0.3130 -0.3861 -0.0538 0.2265 -0.1305 -0.2718 -0.3586 -0.3516 0.1234 0.1948 -0.2227 -0.3217 -0.3898 0.0017 0.2508 -0.1551 -0.2822 -0.3670 -0.3042 0.1518 0.0516 -0.2404 -0.3338 -0.3907 0.0543 0.2781 -0.1839 -0.2979 -0.3783 -0.1728 0.1950 -0.0908 -0.2614 -0.3509 -0.3720 0.1055 0.2511 -0.2041 -0.2741 -0.2041 0.2511 0.1055 -0.3720 -0.3509 -0.2614 -0.0908 0.1950 -0.1728 -0.3783 -0.2979 -0.1839 0.2781 0.0543 -0.3907 -0.3338 -0.2404 0.0516 0.1518 -0.3042 -0.3670 -0.2822 -0.1551 0.2508 0.0017 -0.3898 -0.3217 -0.2227 0.1948 0.1234 -0.3516 -0.3586 -0.2718 -0.1305 0.2265 -0.0538 -0.3861 -0.3130 -0.2097 0.2557 0.1025 -0.3728 -0.3514 -0.2631 -0.1023 0.2046 -0.1266 -0.3817 -0.3046 -0.1915
-0.2972 -0.3824 -0.1143 0.2079 -0.1072 -0.2644 -0.3525 -0.3703 0.1057 0.2493 -0.2116 -0.3143 -0.3867 -0.0446 0.2298 -0.1342 -0.2731 -0.3596 -0.3474 0.1264 0.1831 -0.2243 -0.3227 -0.3901 0.0060 0.2528 -0.1567 -0.2830 -0.3675 -0.3009 0.1530 0.0468 -0.2408 -0.3340 -0.3907 0.0539 0.2778 -0.1833 -0.2975 -0.3779 -0.1784 0.1933 -0.0876 -0.2606 -0.3502 -0.3734 0.1041 0.2487 -0.2116 -0.3102 -0.3653 -0.3102 -0.2116 0.2487 0.1041 -0.3734 -0.3502 -0.2606 -0.0876 0.1933 -0.1784 -0.3779 -0.2975 -0.1833 0.2778 0.0539 -0.3907 -0.3340 -0.2408 0.0468 0.1530 -0.3009 -0.3675 -0.2830 -0.1567 0.2528 0.0060 -0.3901 -0.3227 -0.2243 0.1831 0.1264 -0.3474 -0.3596 -0.2731 -0.1342 0.2298 -0.0446 -0.3867 -0.3143 -0.2116 0.2493 0.1057 -0.3703 -0.3525 -0.2644 -0.1072 0.2079 -0.1143 -0.3824 -0.2972
-0.3760 -0.1024 0.2112 -0.1119 -0.2658 -0.3536 -0.3675 0.1088 0.2420 -0.2136 -0.3155 -0.3873 -0.0359 0.2331 -0.1376 -0.2745 -0.3607 -0.3429 0.1296 0.1696 -0.2260 -0.3238 -0.3904 0.0107 0.2551 -0.1587 -0.2838 -0.3681 -0.2967 0.1547 0.0397 -0.2415 -0.3343 -0.3907 0.0543 0.2778 -0.1830 -0.2972 -0.3777 -0.1828 0.1920 -0.0848 -0.2599 -0.3496 -0.3748 0.1024 0.2514 -0.2122 -0.3145 -0.3876 -0.3438 -0.3876 -0.3145 -0.2122 0.2514 0.1024 -0.3748 -0.3496 -0.2599 -0.0848 0.1920 -0.1828 -0.3777 -0.2972 -0.1830 0.2778 0.0543 -0.3907 -0.3343 -0.2415 0.0397 0.1547 -0.2967 -0.3681 -0.2838 -0.1587 0.2551 0.0107 -0.3904 -0.3238 -0.2260 0.1696 0.1296 -0.3429 -0.3607 -0.2745 -0.1376 0.2331 -0.0359 -0.3873 -0.3155 -0.2136 0.2420 0.1088 -0.3675 -0.3536 -0.2658 -0.1119 0.2112 -0.1024 -0.3760
-0.0983 0.2146 -0.1164 -0.2671 -0.3547 -0.3645 0.1120 0.2338 -0.2155 -0.3168 -0.3878 -0.0277 0.2365 -0.1410 -0.2758 -0.3617 -0.3380 0.1327 0.1548 -0.2279 -0.3250 -0.3907 0.0158 0.2577 -0.1608 -0.2848 -0.3687 -0.2916 0.1567 0.0313 -0.2424 -0.3349 -0.3905 0.0555 0.2781 -0.1833 -0.2972 -0.3776 -0.1852 0.1911 -0.0826 -0.2594 -0.3491 -0.3759 0.1007 0.2545 -0.2115 -0.3149 -0.3871 -0.0798 0.1282 -0.0798 -0.3871 -0.3149 -0.2115 0.2545 0.1007 -0.3759 -0.3491 -0.2594 -0.0826 0.1911 -0.1852 -0.3776 -0.2972 -0.1833 0.2781 0.0555 -0.3905 -0.3349 -0.2424 0.0313 0.1567 -0.2916 -0.3687 -0.2848 -0.1608 0.2577 0.0158 -0.3907 -0.3250 -0.2279 0.1548 0.1327 -0.3380 -0.3617 -0.2758 -0.1410 0.2365 -0.0277 -0.3878 -0.3168 -0.2155 0.2338 0.1120 -0.3645 -0.3547 -0.2671 -0.1164 0.2146 -0.0983
0.2164 -0.1206 -0.2684 -0.3558 -0.3612 0.1152 0.2246 -0.2174 -0.3181 -0.3884 -0.0200 0.2398 -0.1442 -0.2771 -0.3628 -0.3327 0.1359 0.1391 -0.2298 -0.3262 -0.3910 0.0210 0.2604 -0.1632 -0.2859 -0.3695 -0.2858 0.1589 0.0221 -0.2435 -0.3355 -0.3903 0.0572 0.2785 -0.1839 -0.2975 -0.3777 -0.1852 0.1908 -0.0813 -0.2590 -0.3487 -0.3767 0.0993 0.2573 -0.2106 -0.3145 -0.3872 -0.0414 0.2161 0.1700 0.2161 -0.0414 -0.3872 -0.3145 -0.2106 0.2573 0.0993 -0.3767 -0.3487 -0.2590 -0.0813 0.1908 -0.1852 -0.3777 -0.2975 -0.1839 0.2785 0.0572 -0.3903 -0.3355 -0.2435 0.0221 0.1589 -0.2858 -0.3695 -0.2859 -0.1632 0.2604 0.0210 -0.3910 -0.3262 -0.2298 0.1391 0.1359 -0.3327 -0.3628 -0.2771 -0.1442 0.2398 -0.0200 -0.3884 -0.3181 -0.2174 0.2246 0.1152 -0.3612 -0.3558 -0.2684 -0.1206 0.2164
-0.1225 -0.2698 -0.3569 -0.3577 0.1183 0.2143 -0.2193 -0.3193 -0.3889 -0.0128 0.2430 -0.1473 -0.2784 -0.3638 -0.3271 0.1392 0.1229 -0.2317 -0.3275 -0.3912 0.0261 0.2631 -0.1656 -0.2870 -0.3703 -0.2789 0.1615 0.0121 -0.2447 -0.3362 -0.3901 0.0591 0.2790 -0.1848 -0.2979 -0.3779 -0.1828 0.1911 -0.0813 -0.2589 -0.3484 -0.3773 0.0982 0.2595 -0.2098 -0.3140 -0.3870 -0.0368 0.2318 -0.1215 -0.2284 -0.1215 0.2318 -0.0368 -0.3870 -0.3140 -0.2098 0.2595 0.0982 -0.3773 -0.3484 -0.2589 -0.0813 0.1911 -0.1828 -0.3779 -0.2979 -0.1848 0.2790 0.0591 -0.3901 -0.3362 -0.2447 0.0121 0.1615 -0.2789 -0.3703 -0.2870 -0.1656 0.2631 0.0261 -0.3912 -0.3275 -0.2317 0.1229 0.1392 -0.3271 -0.3638 -0.2784 -0.1473 0.2430 -0.0128 -0.3889 -0.3193 -0.2193 0.2143 0.1183 -0.3577 -0.3569 -0.2698 -0.1225
-0.2621 -0.3580 -0.3539 0.1215 0.2030 -0.2212 -0.3206 -0.3894 -0.0059 0.2463 -0.1503 -0.2797 -0.3648 -0.3211 0.1424 0.1061 -0.2335 -0.3287 -0.3913 0.0310 0.2658 -0.1681 -0.2883 -0.3712 -0.2709 0.1643 0.0013 -0.2461 -0.3371 -0.3897 0.0614 0.2795 -0.1859 -0.2985 -0.3783 -0.1784 0.1920 -0.0826 -0.2590 -0.3484 -0.3775 0.0975 0.2610 -0.2091 -0.3135 -0.3868 -0.0385 0.2337 -0.1371 -0.2692 -0.3266 -0.2692 -0.1371 0.2337 -0.0385 -0.3868 -0.3135 -0.2091 0.2610 0.0975 -0.3775 -0.3484 -0.2590 -0.0826 0.1920 -0.1784 -0.3783 -0.2985 -0.1859 0.2795 0.0614 -0.3897 -0.3371 -0.2461 0.0013 0.1643 -0.2709 -0.3712 -0.2883 -0.1681 0.2658 0.0310 -0.3913 -0.3287 -0.2335 0.1061 0.1424 -0.3211 -0.3648 -0.2797 -0.1503 0.2463 -0.0059 -0.3894 -0.3206 -0.2212 0.2030 0.1215 -0.3539 -0.3580 -0.2621
-0.3510 -0.3498 0.1247 0.1907 -0.2231 -0.3218 -0.3898 0.0006 0.2495 -0.1532 -0.2811 -0.3658 -0.3146 0.1456 0.0892 -0.2354 -0.3299 -0.3913 0.0357 0.2684 -0.1706 -0.2896 -0.3721 -0.2618 0.1672 -0.0101 -0.2475 -0.3380 -0.3893 0.0641 0.2800 -0.1872 -0.2992 -0.3787 -0.1728 0.1933 -0.0848 -0.2594 -0.3487 -0.3773 0.0975 0.2615 -0.2087 -0.3131 -0.3866 -0.0411 0.2332 -0.1392 -0.2747 -0.3592 -0.3972 -0.3592 -0.2747 -0.1392 0.2332 -0.0411 -0.3866 -0.3131 -0.2087 0.2615 0.0975 -0.3773 -0.3487 -0.2594 -0.0848 0.1933 -0.1728 -0.3787 -0.2992 -0.1872 0.2800 0.0641 -0.3893 -0.3380 -0.2475 -0.0101 0.1672 -0.2618 -0.3721 -0.2896 -0.1706 0.2684 0.0357 -0.3913 -0.3299 -0.2354 0.0892 0.1456 -0.3146 -0.3658 -0.2811 -0.1532 0.2495 0.0006 -0.3898 -0.3218 -0.2231 0.1907 0.1247 -0.3498 -0.3510
-0.3445 0.1278 0.1773 -0.2250 -0.3231 -0.3902 0.0067 0.2527 -0.1561 -0.2824 -0.3668 -0.3078 0.1489 0.0723 -0.2373 -0.3312 -0.3913 0.0402 0.2707 -0.1731 -0.2909 -0.3730 -0.2520 0.1703 -0.0215 -0.2488 -0.3391 -0.3887 0.0670 0.2804 -0.1887 -0.3001 -0.3791 -0.1659 0.1950 -0.0876 -0.2599 -0.3491 -0.3767 0.0982 0.2610 -0.2087 -0.3130 -0.3864 -0.0432 0.2324 -0.1388 -0.2755 -0.3617 -0.3569 0.0187 -0.3569 -0.3617 -0.2755 -0.1388 0.2324 -0.0432 -0.3864 -0.3130 -0.2087 0.2610 0.0982 -0.3767 -0.3491 -0.2599 -0.0876 0.1950 -0.1659 -0.3791 -0.3001 -0.1887 0.2804 0.0670 -0.3887 -0.3391 -0.2488 -0.0215 0.1703 -0.2520 -0.3730 -0.2909 -0.1731 0.2707 0.0402 -0.3913 -0.3312 -0.2373 0.0723 0.1489 -0.3078 -0.3668 -0.2824 -0.1561 0.2527 0.0067 -0.3902 -0.3231 -0.2250 0.1773 0.1278 -0.3445
0.1289 0.1630 -0.2269 -0.3243 -0.3906 0.0125 0.2557 -0.1589 -0.2837 -0.3678 -0.3006 0.1522 0.0558 -0.2391 -0.3324 -0.3912 0.0446 0.2729 -0.1754 -0.2922 -0.3739 -0.2417 0.1735 -0.0324 -0.2502 -0.3403 -0.3880 0.0703 0.2806 -0.1904 -0.3010 -0.3797 -0.1578 0.1969 -0.0908 -0.2606 -0.3496 -0.3759 0.0993 0.2595 -0.2091 -0.3131 -0.3864 -0.0441 0.2318 -0.1382 -0.2755 -0.3620 -0.3392 0.1182 0.2562 0.1182 -0.3392 -0.3620 -0.2755 -0.1382 0.2318 -0.0441 -0.3864 -0.3131 -0.2091 0.2595 0.0993 -0.3759 -0.3496 -0.2606 -0.0908 0.1969 -0.1578 -0.3797 -0.3010 -0.1904 0.2806 0.0703 -0.3880 -0.3403 -0.2502 -0.0324 0.1735 -0.2417 -0.3739 -0.2922 -0.1754 0.2729 0.0446 -0.3912 -0.3324 -0.2391 0.0558 0.1522 -0.3006 -0.3678 -0.2837 -0.1589 0.2557 0.0125 -0.3906 -0.3243 -0.2269 0.1630 0.1289
0.1453 -0.2288 -0.3256 -0.3909 0.0180 0.2587 -0.1615 -0.2850 -0.3688 -0.2929 0.1556 0.0398 -0.2410 -0.3336 -0.3910 0.0488 0.2749 -0.1778 -0.2935 -0.3748 -0.2309 0.1767 -0.0423 -0.2515 -0.3415 -0.3870 0.0738 0.2805 -0.1923 -0.3021 -0.3803 -0.1484 0.1992 -0.0945 -0.2614 -0.3502 -0.3748 0.1007 0.2573 -0.2098 -0.3135 -0.3866 -0.0432 0.2318 -0.1380 -0.2753 -0.3619 -0.3353 0.1325 0.2089 -0.1648 0.2089 0.1325 -0.3353 -0.3619 -0.2753 -0.1380 0.2318 -0.0432 -0.3866 -0.3135 -0.2098 0.2573 0.1007 -0.3748 -0.3502 -0.2614 -0.0945 0.1992 -0.1484 -0.3803 -0.3021 -0.1923 0.2805 0.0738 -0.3870 -0.3415 -0.2515 -0.0423 0.1767 -0.2309 -0.3748 -0.2935 -0.1778 0.2749 0.0488 -0.3910 -0.3336 -0.2410 0.0398 0.1556 -0.2929 -0.3688 -0.2850 -0.1615 0.2587 0.0180 -0.3909 -0.3256 -0.2288 0.1453
-0.2228 -0.3268 -0.3911 0.0233 0.2616 -0.1642 -0.2863 -0.3697 -0.2848 0.1589 0.0247 -0.2428 -0.3348 -0.3907 0.0529 0.2766 -0.1801 -0.2948 -0.3757 -0.2198 0.1798 -0.0514 -0.2529 -0.3426 -0.3860 0.0773 0.2799 -0.1944 -0.3033 -0.3810 -0.1381 0.2018 -0.0984 -0.2623 -0.3509 -0.3734 0.1024 0.2545 -0.2106 -0.3140 -0.3868 -0.0411 0.2324 -0.1382 -0.2753 -0.3619 -0.3347 0.1356 0.1481 -0.2218 -0.2862 -0.2218 0.1481 0.1356 -0.3347 -0.3619 -0.2753 -0.1382 0.2324 -0.0411 -0.3868 -0.3140 -0.2106 0.2545 0.1024 -0.3734 -0.3509 -0.2623 -0.0984 0.2018 -0.1381 -0.3810 -0.3033 -0.1944 0.2799 0.0773 -0.3860 -0.3426 -0.2529 -0.0514 0.1798 -0.2198 -0.3757 -0.2948 -0.1801 0.2766 0.0529 -0.3907 -0.3348 -0.2428 0.0247 0.1589 -0.2848 -0.3697 -0.2863 -0.1642 0.2616 0.0233 -0.3911 -0.3268 -0.2228
-0.3195 -0.3912 0.0280 0.2642 -0.1666 -0.2875 -0.3706 -0.2766 0.1621 0.0112 -0.2446 -0.3360 -0.3903 0.0567 0.2780 -0.1822 -0.2961 -0.3765 -0.2089 0.1829 -0.0594 -0.2542 -0.3438 -0.3849 0.0805 0.2788 -0.1963 -0.3045 -0.3817 -0.1276 0.2044 -0.1024 -0.2632 -0.3517 -0.3720 0.1041 0.2514 -0.2115 -0.3145 -0.3870 -0.0385 0.2332 -0.1388 -0.2755 -0.3619 -0.3347 0.1360 0.1340 -0.2296 -0.3222 -0.3754 -0.3222 -0.2296 0.1340 0.1360 -0.3347 -0.3619 -0.2755 -0.1388 0.2332 -0.0385 -0.3870 -0.3145 -0.2115 0.2514 0.1041 -0.3720 -0.3517 -0.2632 -0.1024 0.2044 -0.1276 -0.3817 -0.3045 -0.1963 0.2788 0.0805 -0.3849 -0.3438 -0.2542 -0.0594 0.1829 -0.2089 -0.3765 -0.2961 -0.1822 0.2780 0.0567 -0.3903 -0.3360 -0.2446 0.0112 0.1621 -0.2766 -0.3706 -0.2875 -0.1666 0.2642 0.0280 -0.3912 -0.3195
-0.3853 0.0316 0.2662 -0.1685 -0.2885 -0.3714 -0.2699 0.1645 0.0011 -0.2460 -0.3369 -0.3899 0.0595 0.2789 -0.1839 -0.2971 -0.3772 -0.2000 0.1853 -0.0653 -0.2552 -0.3447 -0.3839 0.0830 0.2777 -0.1979 -0.3055 -0.3823 -0.1187 0.2067 -0.1056 -0.2640 -0.3524 -0.3707 0.1055 0.2487 -0.2122 -0.3149 -0.3872 -0.0368 0.2337 -0.1392 -0.2755 -0.3620 -0.3353 0.1356 0.1340 -0.2309 -0.3267 -0.3921 -0.2812 -0.3921 -0.3267 -0.2309 0.1340 0.1356 -0.3353 -0.3620 -0.2755 -0.1392 0.2337 -0.0368 -0.3872 -0.3149 -0.2122 0.2487 0.1055 -0.3707 -0.3524 -0.2640 -0.1056 0.2067 -0.1187 -0.3823 -0.3055 -0.1979 0.2777 0.0830 -0.3839 -0.3447 -0.2552 -0.0653 0.1853 -0.2000 -0.3772 -0.2971 -0.1839 0.2789 0.0595 -0.3899 -0.3369 -0.2460 0.0011 0.1645 -0.2699 -0.3714 -0.2885 -0.1685 0.2662 0.0316 -0.3853
0.0272 0.2659 -0.1683 -0.2885 -0.3718 -0.2708 0.1635 0.0027 -0.2460 -0.3371 -0.3899 0.0590 0.2788 -0.1837 -0.2970 -0.3776 -0.2013 0.1848 -0.0644 -0.2550 -0.3449 -0.3840 0.0825 0.2780 -0.1978 -0.3055 -0.3826 -0.1201 0.2063 -0.1049 -0.2638 -0.3525 -0.3712 0.1044 0.2511 -0.2116 -0.3145 -0.3871 -0.0414 0.2318 -0.1371 -0.2747 -0.3617 -0.3392 0.1325 0.1481 -0.2296 -0.3267 -0.3908 -0.0060 0.1538 -0.0060 -0.3908 -0.3267 -0.2296 0.1481 0.1325 -0.3392 -0.3617 -0.2747 -0.1371 0.2318 -0.0414 -0.3871 -0.3145 -0.2116 0.2511 0.1044 -0.3712 -0.3525 -0.2638 -0.1049 0.2063 -0.1201 -0.3826 -0.3055 -0.1978 0.2780 0.0825 -0.3840 -0.3449 -0.2550 -0.0644 0.1848 -0.2013 -0.3776 -0.2970 -0.1837 0.2788 0.0590 -0.3899 -0.3371 -0.2460 0.0027 0.1635 -0.2708 -0.3718 -0.2885 -0.1683 0.2659 0.0272
0.2533 -0.1585 -0.2838 -0.3707 -0.3007 0.1495 0.0606 -0.2396 -0.3338 -0.3924 0.0438 0.2726 -0.1752 -0.2925 -0.3771 -0.2421 0.1704 -0.0294 -0.2497 -0.3420 -0.3884 0.0693 0.2809 -0.1901 -0.3012 -0.3827 -0.1654 0.1915 -0.0834 -0.2587 -0.3500 -0.3792 0.0917 0.2711 -0.2041 -0.3102 -0.3876 -0.0798 0.2161 -0.1215 -0.2692 -0.3592 -0.3569 0.1182 0.2089 -0.2218 -0.3222 -0.3921 -0.0060 0.2294 0.1075 0.2294 -0.0060 -0.3921 -0.3222 -0.2218 0.2089 0.1182 -0.3569 -0.3592 -0.2692 -0.1215 0.2161 -0.0798 -0.3876 -0.3102 -0.2041 0.2711 0.0917 -0.3792 -0.3500 -0.2587 -0.0834 0.1915 -0.1654 -0.3827 -0.3012 -0.1901 0.2809 0.0693 -0.3884 -0.3420 -0.2497 -0.0294 0.1704 -0.2421 -0.3771 -0.2925 -0.1752 0.2726 0.0438 -0.3924 -0.3338 -0.2396 0.0606 0.1495 -0.3007 -0.3707 -0.2838 -0.1585 0.2533
-0.0111 -0.2470 -0.3409 -0.3945 0.0639 0.2781 -0.1900 -0.2990 -0.3844 -0.1835 0.1852 -0.0709 -0.2559 -0.3492 -0.3866 0.0862 0.2753 -0.2040 -0.3078 -0.3898 -0.1019 0.2069 -0.1100 -0.2649 -0.3572 -0.3714 0.1067 0.2469 -0.2157 -0.3165 -0.3941 -0.0352 0.2293 -0.1378 -0.2741 -0.3653 -0.3438 0.1282 0.1700 -0.2284 -0.3266 -0.3972 0.0187 0.2562 -0.1648 -0.2862 -0.3754 -0.2812 0.1538 0.1075 -0.1863 0.1075 0.1538 -0.2812 -0.3754 -0.2862 -0.1648 0.2562 0.0187 -0.3972 -0.3266 -0.2284 0.1700 0.1282 -0.3438 -0.3653 -0.2741 -0.1378 0.2293 -0.0352 -0.3941 -0.3165 -0.2157 0.2469 0.1067 -0.3714 -0.3572 -0.2649 -0.1100 0.2069 -0.1019 -0.3898 -0.3078 -0.2040 0.2753 0.0862 -0.3866 -0.3492 -0.2559 -0.0709 0.1852 -0.1835 -0.3844 -0.2990 -0.1900 0.2781 0.0639 -0.3945 -0.3409 -0.2470 -0.0111
