1.0000 1.0000 0.0004 0.0059 0.0878 1.0000 1.0000 0.0001 0.0022 0.0320 0.4754 1.0000 0.0001 0.0008 0.0116 0.1722 1.0000 1.0000 0.0003 0.0042 0.0624 0.9267 1.0000 0.0001 0.0015 0.0226 0.3357 1.0000 1.0000 0.0006 0.0082 0.1216 1.0000 1.0000 0.0002 0.0030 0.0440 0.6544 1.0000 0.0001 0.0011 0.0159 0.2370 1.0000 1.0000 0.0004 0.0058 0.0847 1.0000 1.0000 0.0000 1.0000 1.0000 0.0847 0.0058 0.0004 1.0000 1.0000 0.2370 0.0159 0.0011 0.0001 1.0000 0.6544 0.0440 0.0030 0.0002 1.0000 1.0000 0.1216 0.0082 0.0006 1.0000 1.0000 0.3357 0.0226 0.0015 0.0001 1.0000 0.9267 0.0624 0.0042 0.0003 1.0000 1.0000 0.1722 0.0116 0.0008 0.0001 1.0000 0.4754 0.0320 0.0022 0.0001 1.0000 1.0000 0.0878 0.0059 0.0004 1.0000 1.0000
1.0000 0.0004 0.0059 0.0875 1.0000 1.0000 0.0001 0.0021 0.0316 0.4700 1.0000 0.0001 0.0008 0.0115 0.1702 1.0000 1.0000 0.0003 0.0041 0.0617 0.9162 1.0000 0.0001 0.0015 0.0223 0.3319 1.0000 1.0000 0.0005 0.0081 0.1202 1.0000 1.0000 0.0002 0.0029 0.0435 0.6469 1.0000 0.0001 0.0011 0.0158 0.2343 1.0000 1.0000 0.0004 0.0057 0.0847 1.0000 1.0000 0.0001 0.0006 0.0001 1.0000 1.0000 0.0847 0.0057 0.0004 1.0000 1.0000 0.2343 0.0158 0.0011 0.0001 1.0000 0.6469 0.0435 0.0029 0.0002 1.0000 1.0000 0.1202 0.0081 0.0005 1.0000 1.0000 0.3319 0.0223 0.0015 0.0001 1.0000 0.9162 0.0617 0.0041 0.0003 1.0000 1.0000 0.1702 0.0115 0.0008 0.0001 1.0000 0.4700 0.0316 0.0021 0.0001 1.0000 1.0000 0.0875 0.0059 0.0004 1.0000
0.0004 0.0059 0.0862 1.0000 1.0000 0.0001 0.0021 0.0306 0.4533 1.0000 0.0001 0.0007 0.0110 0.1639 1.0000 1.0000 0.0003 0.0040 0.0594 0.8820 1.0000 0.0001 0.0014 0.0215 0.3195 1.0000 1.0000 0.0005 0.0078 0.1157 1.0000 1.0000 0.0002 0.0028 0.0419 0.6228 1.0000 0.0001 0.0010 0.0152 0.2256 1.0000 1.0000 0.0004 0.0055 0.0817 1.0000 1.0000 0.0001 0.0016 0.0082 0.0016 0.0001 1.0000 1.0000 0.0817 0.0055 0.0004 1.0000 1.0000 0.2256 0.0152 0.0010 0.0001 1.0000 0.6228 0.0419 0.0028 0.0002 1.0000 1.0000 0.1157 0.0078 0.0005 1.0000 1.0000 0.3195 0.0215 0.0014 0.0001 1.0000 0.8820 0.0594 0.0040 0.0003 1.0000 1.0000 0.1639 0.0110 0.0007 0.0001 1.0000 0.4533 0.0306 0.0021 0.0001 1.0000 1.0000 0.0862 0.0059 0.0004
0.0059 0.0875 1.0000 1.0000 0.0001 0.0020 0.0296 0.4389 1.0000 0.0000 0.0007 0.0106 0.1581 1.0000 1.0000 0.0003 0.0038 0.0571 0.8491 1.0000 0.0001 0.0014 0.0207 0.3075 1.0000 1.0000 0.0005 0.0075 0.1114 1.0000 1.0000 0.0002 0.0027 0.0403 0.5995 1.0000 0.0001 0.0010 0.0146 0.2172 1.0000 1.0000 0.0004 0.0053 0.0787 1.0000 1.0000 0.0001 0.0018 0.0226 0.1179 0.0226 0.0018 0.0001 1.0000 1.0000 0.0787 0.0053 0.0004 1.0000 1.0000 0.2172 0.0146 0.0010 0.0001 1.0000 0.5995 0.0403 0.0027 0.0002 1.0000 1.0000 0.1114 0.0075 0.0005 1.0000 1.0000 0.3075 0.0207 0.0014 0.0001 1.0000 0.8491 0.0571 0.0038 0.0003 1.0000 1.0000 0.1581 0.0106 0.0007 0.0000 1.0000 0.4389 0.0296 0.0020 0.0001 1.0000 1.0000 0.0875 0.0059
0.0878 1.0000 1.0000 0.0001 0.0020 0.0291 0.4282 1.0000 0.0000 0.0007 0.0103 0.1525 1.0000 1.0000 0.0002 0.0037 0.0550 0.8174 1.0000 0.0001 0.0013 0.0199 0.2961 1.0000 1.0000 0.0005 0.0072 0.1072 1.0000 1.0000 0.0002 0.0026 0.0388 0.5772 1.0000 0.0001 0.0009 0.0141 0.2090 1.0000 1.0000 0.0003 0.0051 0.0757 1.0000 1.0000 0.0001 0.0018 0.0260 0.3231 1.0000 0.3231 0.0260 0.0018 0.0001 1.0000 1.0000 0.0757 0.0051 0.0003 1.0000 1.0000 0.2090 0.0141 0.0009 0.0001 1.0000 0.5772 0.0388 0.0026 0.0002 1.0000 1.0000 0.1072 0.0072 0.0005 1.0000 1.0000 0.2961 0.0199 0.0013 0.0001 1.0000 0.8174 0.0550 0.0037 0.0002 1.0000 1.0000 0.1525 0.0103 0.0007 0.0000 1.0000 0.4282 0.0291 0.0020 0.0001 1.0000 1.0000 0.0878
1.0000 1.0000 0.0001 0.0020 0.0291 0.4249 1.0000 0.0000 0.0007 0.0100 0.1479 1.0000 1.0000 0.0002 0.0036 0.0531 0.7869 1.0000 0.0001 0.0013 0.0192 0.2850 1.0000 1.0000 0.0005 0.0069 0.1032 1.0000 1.0000 0.0002 0.0025 0.0374 0.5556 1.0000 0.0001 0.0009 0.0135 0.2012 1.0000 1.0000 0.0003 0.0049 0.0729 1.0000 1.0000 0.0001 0.0018 0.0261 0.3720 1.0000 1.0000 1.0000 0.3720 0.0261 0.0018 0.0001 1.0000 1.0000 0.0729 0.0049 0.0003 1.0000 1.0000 0.2012 0.0135 0.0009 0.0001 1.0000 0.5556 0.0374 0.0025 0.0002 1.0000 1.0000 0.1032 0.0069 0.0005 1.0000 1.0000 0.2850 0.0192 0.0013 0.0001 1.0000 0.7869 0.0531 0.0036 0.0002 1.0000 1.0000 0.1479 0.0100 0.0007 0.0000 1.0000 0.4249 0.0291 0.0020 0.0001 1.0000 1.0000
1.0000 0.0001 0.0021 0.0296 0.4282 1.0000 0.0000 0.0007 0.0098 0.1443 1.0000 1.0000 0.0002 0.0035 0.0513 0.7590 1.0000 0.0001 0.0012 0.0185 0.2744 1.0000 1.0000 0.0005 0.0067 0.0994 1.0000 1.0000 0.0002 0.0024 0.0360 0.5349 1.0000 0.0001 0.0009 0.0130 0.1937 1.0000 1.0000 0.0003 0.0047 0.0702 1.0000 1.0000 0.0001 0.0017 0.0254 0.3734 1.0000 1.0000 0.0002 1.0000 1.0000 0.3734 0.0254 0.0017 0.0001 1.0000 1.0000 0.0702 0.0047 0.0003 1.0000 1.0000 0.1937 0.0130 0.0009 0.0001 1.0000 0.5349 0.0360 0.0024 0.0002 1.0000 1.0000 0.0994 0.0067 0.0005 1.0000 1.0000 0.2744 0.0185 0.0012 0.0001 1.0000 0.7590 0.0513 0.0035 0.0002 1.0000 1.0000 0.1443 0.0098 0.0007 0.0000 1.0000 0.4282 0.0296 0.0021 0.0001 1.0000
0.0001 0.0021 0.0306 0.4389 1.0000 0.0000 0.0007 0.0097 0.1424 1.0000 1.0000 0.0002 0.0034 0.0496 0.7348 1.0000 0.0001 0.0012 0.0178 0.2641 1.0000 1.0000 0.0004 0.0064 0.0957 1.0000 1.0000 0.0002 0.0023 0.0347 0.5149 1.0000 0.0001 0.0008 0.0126 0.1865 1.0000 1.0000 0.0003 0.0045 0.0676 1.0000 1.0000 0.0001 0.0016 0.0245 0.3629 1.0000 1.0000 0.0005 0.0025 0.0005 1.0000 1.0000 0.3629 0.0245 0.0016 0.0001 1.0000 1.0000 0.0676 0.0045 0.0003 1.0000 1.0000 0.1865 0.0126 0.0008 0.0001 1.0000 0.5149 0.0347 0.0023 0.0002 1.0000 1.0000 0.0957 0.0064 0.0004 1.0000 1.0000 0.2641 0.0178 0.0012 0.0001 1.0000 0.7348 0.0496 0.0034 0.0002 1.0000 1.0000 0.1424 0.0097 0.0007 0.0000 1.0000 0.4389 0.0306 0.0021 0.0001
0.0022 0.0316 0.4533 1.0000 0.0000 0.0007 0.0098 0.1424 1.0000 1.0000 0.0002 0.0033 0.0484 0.7155 1.0000 0.0001 0.0012 0.0172 0.2548 1.0000 1.0000 0.0004 0.0062 0.0921 1.0000 1.0000 0.0002 0.0022 0.0334 0.4957 1.0000 0.0001 0.0008 0.0121 0.1795 1.0000 1.0000 0.0003 0.0044 0.0650 0.9663 1.0000 0.0001 0.0016 0.0236 0.3500 1.0000 1.0000 0.0005 0.0068 0.0353 0.0068 0.0005 1.0000 1.0000 0.3500 0.0236 0.0016 0.0001 1.0000 0.9663 0.0650 0.0044 0.0003 1.0000 1.0000 0.1795 0.0121 0.0008 0.0001 1.0000 0.4957 0.0334 0.0022 0.0002 1.0000 1.0000 0.0921 0.0062 0.0004 1.0000 1.0000 0.2548 0.0172 0.0012 0.0001 1.0000 0.7155 0.0484 0.0033 0.0002 1.0000 1.0000 0.1424 0.0098 0.0007 0.0000 1.0000 0.4533 0.0316 0.0022
0.0320 0.4700 1.0000 0.0000 0.0007 0.0100 0.1443 1.0000 1.0000 0.0002 0.0032 0.0476 0.6994 1.0000 0.0001 0.0011 0.0167 0.2467 1.0000 1.0000 0.0004 0.0060 0.0887 1.0000 1.0000 0.0001 0.0022 0.0321 0.4772 1.0000 0.0001 0.0008 0.0116 0.1728 1.0000 1.0000 0.0003 0.0042 0.0626 0.9303 1.0000 0.0001 0.0015 0.0227 0.3369 1.0000 1.0000 0.0005 0.0078 0.0968 0.5052 0.0968 0.0078 0.0005 1.0000 1.0000 0.3369 0.0227 0.0015 0.0001 1.0000 0.9303 0.0626 0.0042 0.0003 1.0000 1.0000 0.1728 0.0116 0.0008 0.0001 1.0000 0.4772 0.0321 0.0022 0.0001 1.0000 1.0000 0.0887 0.0060 0.0004 1.0000 1.0000 0.2467 0.0167 0.0011 0.0001 1.0000 0.6994 0.0476 0.0032 0.0002 1.0000 1.0000 0.1443 0.0100 0.0007 0.0000 1.0000 0.4700 0.0320
0.4754 1.0000 0.0001 0.0007 0.0103 0.1479 1.0000 1.0000 0.0002 0.0032 0.0473 0.6915 1.0000 0.0001 0.0011 0.0163 0.2402 1.0000 1.0000 0.0004 0.0058 0.0855 1.0000 1.0000 0.0001 0.0021 0.0309 0.4594 1.0000 0.0001 0.0008 0.0112 0.1664 1.0000 1.0000 0.0003 0.0041 0.0603 0.8956 1.0000 0.0001 0.0015 0.0218 0.3244 1.0000 1.0000 0.0005 0.0078 0.1114 1.0000 1.0000 1.0000 0.1114 0.0078 0.0005 1.0000 1.0000 0.3244 0.0218 0.0015 0.0001 1.0000 0.8956 0.0603 0.0041 0.0003 1.0000 1.0000 0.1664 0.0112 0.0008 0.0001 1.0000 0.4594 0.0309 0.0021 0.0001 1.0000 1.0000 0.0855 0.0058 0.0004 1.0000 1.0000 0.2402 0.0163 0.0011 0.0001 1.0000 0.6915 0.0473 0.0032 0.0002 1.0000 1.0000 0.1479 0.0103 0.0007 0.0001 1.0000 0.4754
1.0000 0.0001 0.0007 0.0106 0.1525 1.0000 1.0000 0.0002 0.0033 0.0476 0.6915 1.0000 0.0001 0.0011 0.0159 0.2348 1.0000 1.0000 0.0004 0.0056 0.0828 1.0000 1.0000 0.0001 0.0020 0.0298 0.4423 1.0000 0.0000 0.0007 0.0108 0.1602 1.0000 1.0000 0.0003 0.0039 0.0580 0.8621 1.0000 0.0001 0.0014 0.0210 0.3123 1.0000 1.0000 0.0005 0.0076 0.1118 1.0000 1.0000 0.0001 1.0000 1.0000 0.1118 0.0076 0.0005 1.0000 1.0000 0.3123 0.0210 0.0014 0.0001 1.0000 0.8621 0.0580 0.0039 0.0003 1.0000 1.0000 0.1602 0.0108 0.0007 0.0000 1.0000 0.4423 0.0298 0.0020 0.0001 1.0000 1.0000 0.0828 0.0056 0.0004 1.0000 1.0000 0.2348 0.0159 0.0011 0.0001 1.0000 0.6915 0.0476 0.0033 0.0002 1.0000 1.0000 0.1525 0.0106 0.0007 0.0001 1.0000
0.0001 0.0008 0.0110 0.1581 1.0000 1.0000 0.0002 0.0034 0.0484 0.6994 1.0000 0.0001 0.0011 0.0157 0.2312 1.0000 1.0000 0.0004 0.0054 0.0805 1.0000 1.0000 0.0001 0.0019 0.0287 0.4266 1.0000 0.0000 0.0007 0.0104 0.1542 1.0000 1.0000 0.0003 0.0038 0.0559 0.8300 1.0000 0.0001 0.0014 0.0202 0.3006 1.0000 1.0000 0.0005 0.0073 0.1087 1.0000 1.0000 0.0001 0.0007 0.0001 1.0000 1.0000 0.1087 0.0073 0.0005 1.0000 1.0000 0.3006 0.0202 0.0014 0.0001 1.0000 0.8300 0.0559 0.0038 0.0003 1.0000 1.0000 0.1542 0.0104 0.0007 0.0000 1.0000 0.4266 0.0287 0.0019 0.0001 1.0000 1.0000 0.0805 0.0054 0.0004 1.0000 1.0000 0.2312 0.0157 0.0011 0.0001 1.0000 0.6994 0.0484 0.0034 0.0002 1.0000 1.0000 0.1581 0.0110 0.0008 0.0001
0.0008 0.0115 0.1639 1.0000 1.0000 0.0002 0.0035 0.0496 0.7155 1.0000 0.0001 0.0011 0.0157 0.2299 1.0000 1.0000 0.0004 0.0053 0.0785 1.0000 1.0000 0.0001 0.0019 0.0278 0.4122 1.0000 0.0000 0.0007 0.0100 0.1484 1.0000 1.0000 0.0002 0.0036 0.0538 0.7990 1.0000 0.0001 0.0013 0.0195 0.2894 1.0000 1.0000 0.0005 0.0071 0.1048 1.0000 1.0000 0.0002 0.0020 0.0106 0.0020 0.0002 1.0000 1.0000 0.1048 0.0071 0.0005 1.0000 1.0000 0.2894 0.0195 0.0013 0.0001 1.0000 0.7990 0.0538 0.0036 0.0002 1.0000 1.0000 0.1484 0.0100 0.0007 0.0000 1.0000 0.4122 0.0278 0.0019 0.0001 1.0000 1.0000 0.0785 0.0053 0.0004 1.0000 1.0000 0.2299 0.0157 0.0011 0.0001 1.0000 0.7155 0.0496 0.0035 0.0002 1.0000 1.0000 0.1639 0.0115 0.0008
0.0116 0.1702 1.0000 1.0000 0.0002 0.0036 0.0513 0.7348 1.0000 0.0001 0.0011 0.0159 0.2312 1.0000 1.0000 0.0004 0.0053 0.0772 1.0000 1.0000 0.0001 0.0018 0.0270 0.3998 1.0000 0.0000 0.0006 0.0096 0.1432 1.0000 1.0000 0.0002 0.0035 0.0518 0.7692 1.0000 0.0001 0.0013 0.0187 0.2786 1.0000 1.0000 0.0005 0.0068 0.1009 1.0000 1.0000 0.0002 0.0023 0.0290 0.1513 0.0290 0.0023 0.0002 1.0000 1.0000 0.1009 0.0068 0.0005 1.0000 1.0000 0.2786 0.0187 0.0013 0.0001 1.0000 0.7692 0.0518 0.0035 0.0002 1.0000 1.0000 0.1432 0.0096 0.0006 0.0000 1.0000 0.3998 0.0270 0.0018 0.0001 1.0000 1.0000 0.0772 0.0053 0.0004 1.0000 1.0000 0.2312 0.0159 0.0011 0.0001 1.0000 0.7348 0.0513 0.0036 0.0002 1.0000 1.0000 0.1702 0.0116
0.1722 1.0000 1.0000 0.0003 0.0037 0.0531 0.7590 1.0000 0.0001 0.0011 0.0163 0.2348 1.0000 1.0000 0.0004 0.0052 0.0764 1.0000 1.0000 0.0001 0.0018 0.0263 0.3886 1.0000 0.0000 0.0006 0.0093 0.1384 1.0000 1.0000 0.0002 0.0034 0.0498 0.7405 1.0000 0.0001 0.0012 0.0180 0.2682 1.0000 1.0000 0.0004 0.0065 0.0971 1.0000 1.0000 0.0002 0.0023 0.0334 0.4146 1.0000 0.4146 0.0334 0.0023 0.0002 1.0000 1.0000 0.0971 0.0065 0.0004 1.0000 1.0000 0.2682 0.0180 0.0012 0.0001 1.0000 0.7405 0.0498 0.0034 0.0002 1.0000 1.0000 0.1384 0.0093 0.0006 0.0000 1.0000 0.3886 0.0263 0.0018 0.0001 1.0000 1.0000 0.0764 0.0052 0.0004 1.0000 1.0000 0.2348 0.0163 0.0011 0.0001 1.0000 0.7590 0.0531 0.0037 0.0003 1.0000 1.0000 0.1722
1.0000 1.0000 0.0003 0.0038 0.0550 0.7869 1.0000 0.0001 0.0012 0.0167 0.2402 1.0000 1.0000 0.0004 0.0053 0.0764 1.0000 1.0000 0.0001 0.0018 0.0258 0.3798 1.0000 0.0000 0.0006 0.0090 0.1340 1.0000 1.0000 0.0002 0.0032 0.0480 0.7128 1.0000 0.0001 0.0012 0.0174 0.2582 1.0000 1.0000 0.0004 0.0063 0.0935 1.0000 1.0000 0.0002 0.0023 0.0335 0.4772 1.0000 1.0000 1.0000 0.4772 0.0335 0.0023 0.0002 1.0000 1.0000 0.0935 0.0063 0.0004 1.0000 1.0000 0.2582 0.0174 0.0012 0.0001 1.0000 0.7128 0.0480 0.0032 0.0002 1.0000 1.0000 0.1340 0.0090 0.0006 0.0000 1.0000 0.3798 0.0258 0.0018 0.0001 1.0000 1.0000 0.0764 0.0053 0.0004 1.0000 1.0000 0.2402 0.0167 0.0012 0.0001 1.0000 0.7869 0.0550 0.0038 0.0003 1.0000 1.0000
1.0000 0.0003 0.0040 0.0571 0.8174 1.0000 0.0001 0.0012 0.0172 0.2467 1.0000 1.0000 0.0004 0.0053 0.0772 1.0000 1.0000 0.0001 0.0017 0.0255 0.3741 1.0000 0.0000 0.0006 0.0088 0.1302 1.0000 1.0000 0.0002 0.0031 0.0463 0.6875 1.0000 0.0001 0.0011 0.0167 0.2485 1.0000 1.0000 0.0004 0.0061 0.0900 1.0000 1.0000 0.0001 0.0022 0.0325 0.4790 1.0000 0.0000 0.0002 0.0000 1.0000 0.4790 0.0325 0.0022 0.0001 1.0000 1.0000 0.0900 0.0061 0.0004 1.0000 1.0000 0.2485 0.0167 0.0011 0.0001 1.0000 0.6875 0.0463 0.0031 0.0002 1.0000 1.0000 0.1302 0.0088 0.0006 0.0000 1.0000 0.3741 0.0255 0.0017 0.0001 1.0000 1.0000 0.0772 0.0053 0.0004 1.0000 1.0000 0.2467 0.0172 0.0012 0.0001 1.0000 0.8174 0.0571 0.0040 0.0003 1.0000
0.0003 0.0041 0.0594 0.8491 1.0000 0.0001 0.0012 0.0178 0.2548 1.0000 1.0000 0.0004 0.0054 0.0785 1.0000 1.0000 0.0001 0.0017 0.0254 0.3713 1.0000 0.0000 0.0006 0.0086 0.1270 1.0000 1.0000 0.0002 0.0030 0.0448 0.6644 1.0000 0.0001 0.0011 0.0161 0.2393 1.0000 1.0000 0.0004 0.0058 0.0867 1.0000 1.0000 0.0001 0.0021 0.0314 0.4656 1.0000 0.0000 0.0006 0.0032 0.0006 0.0000 1.0000 0.4656 0.0314 0.0021 0.0001 1.0000 1.0000 0.0867 0.0058 0.0004 1.0000 1.0000 0.2393 0.0161 0.0011 0.0001 1.0000 0.6644 0.0448 0.0030 0.0002 1.0000 1.0000 0.1270 0.0086 0.0006 0.0000 1.0000 0.3713 0.0254 0.0017 0.0001 1.0000 1.0000 0.0785 0.0054 0.0004 1.0000 1.0000 0.2548 0.0178 0.0012 0.0001 1.0000 0.8491 0.0594 0.0041 0.0003
0.0042 0.0617 0.8820 1.0000 0.0001 0.0013 0.0185 0.2641 1.0000 1.0000 0.0004 0.0056 0.0805 1.0000 1.0000 0.0001 0.0018 0.0255 0.3713 1.0000 0.0000 0.0006 0.0085 0.1246 1.0000 1.0000 0.0002 0.0030 0.0435 0.6445 1.0000 0.0001 0.0010 0.0155 0.2308 1.0000 1.0000 0.0004 0.0056 0.0834 1.0000 1.0000 0.0001 0.0020 0.0302 0.4490 1.0000 0.0000 0.0007 0.0087 0.0453 0.0087 0.0007 0.0000 1.0000 0.4490 0.0302 0.0020 0.0001 1.0000 1.0000 0.0834 0.0056 0.0004 1.0000 1.0000 0.2308 0.0155 0.0010 0.0001 1.0000 0.6445 0.0435 0.0030 0.0002 1.0000 1.0000 0.1246 0.0085 0.0006 0.0000 1.0000 0.3713 0.0255 0.0018 0.0001 1.0000 1.0000 0.0805 0.0056 0.0004 1.0000 1.0000 0.2641 0.0185 0.0013 0.0001 1.0000 0.8820 0.0617 0.0042
0.0624 0.9162 1.0000 0.0001 0.0013 0.0192 0.2744 1.0000 1.0000 0.0004 0.0058 0.0828 1.0000 1.0000 0.0001 0.0018 0.0258 0.3741 1.0000 0.0000 0.0006 0.0084 0.1232 1.0000 1.0000 0.0002 0.0029 0.0425 0.6275 1.0000 0.0001 0.0010 0.0150 0.2230 1.0000 1.0000 0.0004 0.0054 0.0803 1.0000 1.0000 0.0001 0.0020 0.0291 0.4323 1.0000 0.0000 0.0007 0.0100 0.1241 0.6482 0.1241 0.0100 0.0007 0.0000 1.0000 0.4323 0.0291 0.0020 0.0001 1.0000 1.0000 0.0803 0.0054 0.0004 1.0000 1.0000 0.2230 0.0150 0.0010 0.0001 1.0000 0.6275 0.0425 0.0029 0.0002 1.0000 1.0000 0.1232 0.0084 0.0006 0.0000 1.0000 0.3741 0.0258 0.0018 0.0001 1.0000 1.0000 0.0828 0.0058 0.0004 1.0000 1.0000 0.2744 0.0192 0.0013 0.0001 1.0000 0.9162 0.0624
0.9267 1.0000 0.0001 0.0014 0.0199 0.2850 1.0000 1.0000 0.0004 0.0060 0.0855 1.0000 1.0000 0.0001 0.0018 0.0263 0.3798 1.0000 0.0000 0.0006 0.0084 0.1227 1.0000 1.0000 0.0002 0.0028 0.0416 0.6134 1.0000 0.0001 0.0010 0.0146 0.2163 1.0000 1.0000 0.0004 0.0052 0.0773 1.0000 1.0000 0.0001 0.0019 0.0280 0.4161 1.0000 0.0000 0.0007 0.0100 0.1429 1.0000 1.0000 1.0000 0.1429 0.0100 0.0007 0.0000 1.0000 0.4161 0.0280 0.0019 0.0001 1.0000 1.0000 0.0773 0.0052 0.0004 1.0000 1.0000 0.2163 0.0146 0.0010 0.0001 1.0000 0.6134 0.0416 0.0028 0.0002 1.0000 1.0000 0.1227 0.0084 0.0006 0.0000 1.0000 0.3798 0.0263 0.0018 0.0001 1.0000 1.0000 0.0855 0.0060 0.0004 1.0000 1.0000 0.2850 0.0199 0.0014 0.0001 1.0000 0.9267
1.0000 0.0001 0.0014 0.0207 0.2961 1.0000 1.0000 0.0004 0.0062 0.0887 1.0000 1.0000 0.0001 0.0019 0.0270 0.3886 1.0000 0.0000 0.0006 0.0085 0.1232 1.0000 1.0000 0.0002 0.0028 0.0410 0.6018 1.0000 0.0001 0.0010 0.0142 0.2102 1.0000 1.0000 0.0003 0.0050 0.0746 1.0000 1.0000 0.0001 0.0018 0.0270 0.4006 1.0000 0.0000 0.0007 0.0097 0.1435 1.0000 1.0000 0.0001 1.0000 1.0000 0.1435 0.0097 0.0007 0.0000 1.0000 0.4006 0.0270 0.0018 0.0001 1.0000 1.0000 0.0746 0.0050 0.0003 1.0000 1.0000 0.2102 0.0142 0.0010 0.0001 1.0000 0.6018 0.0410 0.0028 0.0002 1.0000 1.0000 0.1232 0.0085 0.0006 0.0000 1.0000 0.3886 0.0270 0.0019 0.0001 1.0000 1.0000 0.0887 0.0062 0.0004 1.0000 1.0000 0.2961 0.0207 0.0014 0.0001 1.0000
0.0001 0.0015 0.0215 0.3075 1.0000 1.0000 0.0005 0.0064 0.0921 1.0000 1.0000 0.0001 0.0019 0.0278 0.3998 1.0000 0.0000 0.0006 0.0086 0.1246 1.0000 1.0000 0.0002 0.0028 0.0407 0.5950 1.0000 0.0001 0.0009 0.0139 0.2051 1.0000 1.0000 0.0003 0.0049 0.0722 1.0000 1.0000 0.0001 0.0017 0.0260 0.3857 1.0000 0.0000 0.0006 0.0094 0.1394 1.0000 1.0000 0.0002 0.0009 0.0002 1.0000 1.0000 0.1394 0.0094 0.0006 0.0000 1.0000 0.3857 0.0260 0.0017 0.0001 1.0000 1.0000 0.0722 0.0049 0.0003 1.0000 1.0000 0.2051 0.0139 0.0009 0.0001 1.0000 0.5950 0.0407 0.0028 0.0002 1.0000 1.0000 0.1246 0.0086 0.0006 0.0000 1.0000 0.3998 0.0278 0.0019 0.0001 1.0000 1.0000 0.0921 0.0064 0.0005 1.0000 1.0000 0.3075 0.0215 0.0015 0.0001
0.0015 0.0223 0.3195 1.0000 1.0000 0.0005 0.0067 0.0957 1.0000 1.0000 0.0001 0.0020 0.0287 0.4122 1.0000 0.0000 0.0006 0.0088 0.1270 1.0000 1.0000 0.0002 0.0028 0.0407 0.5927 1.0000 0.0001 0.0009 0.0136 0.2009 1.0000 1.0000 0.0003 0.0048 0.0702 1.0000 1.0000 0.0001 0.0017 0.0250 0.3720 1.0000 0.0000 0.0006 0.0090 0.1345 1.0000 1.0000 0.0002 0.0026 0.0136 0.0026 0.0002 1.0000 1.0000 0.1345 0.0090 0.0006 0.0000 1.0000 0.3720 0.0250 0.0017 0.0001 1.0000 1.0000 0.0702 0.0048 0.0003 1.0000 1.0000 0.2009 0.0136 0.0009 0.0001 1.0000 0.5927 0.0407 0.0028 0.0002 1.0000 1.0000 0.1270 0.0088 0.0006 0.0000 1.0000 0.4122 0.0287 0.0020 0.0001 1.0000 1.0000 0.0957 0.0067 0.0005 1.0000 1.0000 0.3195 0.0223 0.0015
0.0226 0.3319 1.0000 1.0000 0.0005 0.0069 0.0994 1.0000 1.0000 0.0001 0.0021 0.0298 0.4266 1.0000 0.0000 0.0006 0.0090 0.1302 1.0000 1.0000 0.0002 0.0028 0.0410 0.5950 1.0000 0.0001 0.0009 0.0135 0.1978 1.0000 1.0000 0.0003 0.0047 0.0685 1.0000 1.0000 0.0001 0.0016 0.0242 0.3595 1.0000 0.0000 0.0006 0.0087 0.1295 1.0000 1.0000 0.0002 0.0030 0.0372 0.1941 0.0372 0.0030 0.0002 1.0000 1.0000 0.1295 0.0087 0.0006 0.0000 1.0000 0.3595 0.0242 0.0016 0.0001 1.0000 1.0000 0.0685 0.0047 0.0003 1.0000 1.0000 0.1978 0.0135 0.0009 0.0001 1.0000 0.5950 0.0410 0.0028 0.0002 1.0000 1.0000 0.1302 0.0090 0.0006 0.0000 1.0000 0.4266 0.0298 0.0021 0.0001 1.0000 1.0000 0.0994 0.0069 0.0005 1.0000 1.0000 0.3319 0.0226
0.3357 1.0000 1.0000 0.0005 0.0072 0.1032 1.0000 1.0000 0.0002 0.0022 0.0309 0.4423 1.0000 0.0000 0.0006 0.0093 0.1340 1.0000 1.0000 0.0002 0.0029 0.0416 0.6018 1.0000 0.0001 0.0009 0.0134 0.1963 1.0000 1.0000 0.0003 0.0046 0.0670 0.9887 1.0000 0.0001 0.0016 0.0236 0.3487 1.0000 1.0000 0.0006 0.0084 0.1246 1.0000 1.0000 0.0002 0.0030 0.0428 0.5318 1.0000 0.5318 0.0428 0.0030 0.0002 1.0000 1.0000 0.1246 0.0084 0.0006 1.0000 1.0000 0.3487 0.0236 0.0016 0.0001 1.0000 0.9887 0.0670 0.0046 0.0003 1.0000 1.0000 0.1963 0.0134 0.0009 0.0001 1.0000 0.6018 0.0416 0.0029 0.0002 1.0000 1.0000 0.1340 0.0093 0.0006 0.0000 1.0000 0.4423 0.0309 0.0022 0.0002 1.0000 1.0000 0.1032 0.0072 0.0005 1.0000 1.0000 0.3357
1.0000 1.0000 0.0005 0.0075 0.1072 1.0000 1.0000 0.0002 0.0022 0.0321 0.4594 1.0000 0.0000 0.0007 0.0096 0.1384 1.0000 1.0000 0.0002 0.0030 0.0425 0.6134 1.0000 0.0001 0.0009 0.0135 0.1963 1.0000 1.0000 0.0003 0.0045 0.0659 0.9700 1.0000 0.0001 0.0016 0.0229 0.3389 1.0000 1.0000 0.0005 0.0081 0.1202 1.0000 1.0000 0.0002 0.0029 0.0430 0.6122 1.0000 1.0000 1.0000 0.6122 0.0430 0.0029 0.0002 1.0000 1.0000 0.1202 0.0081 0.0005 1.0000 1.0000 0.3389 0.0229 0.0016 0.0001 1.0000 0.9700 0.0659 0.0045 0.0003 1.0000 1.0000 0.1963 0.0135 0.0009 0.0001 1.0000 0.6134 0.0425 0.0030 0.0002 1.0000 1.0000 0.1384 0.0096 0.0007 0.0000 1.0000 0.4594 0.0321 0.0022 0.0002 1.0000 1.0000 0.1072 0.0075 0.0005 1.0000 1.0000
1.0000 0.0005 0.0078 0.1114 1.0000 1.0000 0.0002 0.0023 0.0334 0.4772 1.0000 0.0000 0.0007 0.0100 0.1432 1.0000 1.0000 0.0002 0.0030 0.0435 0.6275 1.0000 0.0001 0.0009 0.0136 0.1978 1.0000 1.0000 0.0003 0.0045 0.0652 0.9554 1.0000 0.0001 0.0015 0.0224 0.3306 1.0000 1.0000 0.0005 0.0079 0.1164 1.0000 1.0000 0.0002 0.0028 0.0418 0.6146 1.0000 0.0001 0.0003 0.0001 1.0000 0.6146 0.0418 0.0028 0.0002 1.0000 1.0000 0.1164 0.0079 0.0005 1.0000 1.0000 0.3306 0.0224 0.0015 0.0001 1.0000 0.9554 0.0652 0.0045 0.0003 1.0000 1.0000 0.1978 0.0136 0.0009 0.0001 1.0000 0.6275 0.0435 0.0030 0.0002 1.0000 1.0000 0.1432 0.0100 0.0007 0.0000 1.0000 0.4772 0.0334 0.0023 0.0002 1.0000 1.0000 0.1114 0.0078 0.0005 1.0000
0.0006 0.0081 0.1157 1.0000 1.0000 0.0002 0.0024 0.0347 0.4957 1.0000 0.0001 0.0007 0.0104 0.1484 1.0000 1.0000 0.0002 0.0031 0.0448 0.6445 1.0000 0.0001 0.0010 0.0139 0.2009 1.0000 1.0000 0.0003 0.0045 0.0649 0.9481 1.0000 0.0001 0.0015 0.0220 0.3238 1.0000 1.0000 0.0005 0.0077 0.1131 1.0000 1.0000 0.0002 0.0027 0.0403 0.5984 1.0000 0.0001 0.0008 0.0041 0.0008 0.0001 1.0000 0.5984 0.0403 0.0027 0.0002 1.0000 1.0000 0.1131 0.0077 0.0005 1.0000 1.0000 0.3238 0.0220 0.0015 0.0001 1.0000 0.9481 0.0649 0.0045 0.0003 1.0000 1.0000 0.2009 0.0139 0.0010 0.0001 1.0000 0.6445 0.0448 0.0031 0.0002 1.0000 1.0000 0.1484 0.0104 0.0007 0.0001 1.0000 0.4957 0.0347 0.0024 0.0002 1.0000 1.0000 0.1157 0.0081 0.0006
0.0082 0.1202 1.0000 1.0000 0.0002 0.0025 0.0360 0.5149 1.0000 0.0001 0.0008 0.0108 0.1542 1.0000 1.0000 0.0002 0.0032 0.0463 0.6644 1.0000 0.0001 0.0010 0.0142 0.2051 1.0000 1.0000 0.0003 0.0045 0.0652 0.9481 1.0000 0.0001 0.0015 0.0217 0.3183 1.0000 1.0000 0.0005 0.0075 0.1103 1.0000 1.0000 0.0002 0.0026 0.0391 0.5794 1.0000 0.0001 0.0009 0.0111 0.0581 0.0111 0.0009 0.0001 1.0000 0.5794 0.0391 0.0026 0.0002 1.0000 1.0000 0.1103 0.0075 0.0005 1.0000 1.0000 0.3183 0.0217 0.0015 0.0001 1.0000 0.9481 0.0652 0.0045 0.0003 1.0000 1.0000 0.2051 0.0142 0.0010 0.0001 1.0000 0.6644 0.0463 0.0032 0.0002 1.0000 1.0000 0.1542 0.0108 0.0008 0.0001 1.0000 0.5149 0.0360 0.0025 0.0002 1.0000 1.0000 0.1202 0.0082
0.1216 1.0000 1.0000 0.0002 0.0026 0.0374 0.5349 1.0000 0.0001 0.0008 0.0112 0.1602 1.0000 1.0000 0.0002 0.0034 0.0480 0.6875 1.0000 0.0001 0.0010 0.0146 0.2102 1.0000 1.0000 0.0003 0.0046 0.0659 0.9554 1.0000 0.0001 0.0015 0.0215 0.3146 1.0000 1.0000 0.0005 0.0073 0.1081 1.0000 1.0000 0.0002 0.0026 0.0379 0.5609 1.0000 0.0001 0.0009 0.0128 0.1596 0.8315 0.1596 0.0128 0.0009 0.0001 1.0000 0.5609 0.0379 0.0026 0.0002 1.0000 1.0000 0.1081 0.0073 0.0005 1.0000 1.0000 0.3146 0.0215 0.0015 0.0001 1.0000 0.9554 0.0659 0.0046 0.0003 1.0000 1.0000 0.2102 0.0146 0.0010 0.0001 1.0000 0.6875 0.0480 0.0034 0.0002 1.0000 1.0000 0.1602 0.0112 0.0008 0.0001 1.0000 0.5349 0.0374 0.0026 0.0002 1.0000 1.0000 0.1216
1.0000 1.0000 0.0002 0.0027 0.0388 0.5556 1.0000 0.0001 0.0008 0.0116 0.1664 1.0000 1.0000 0.0002 0.0035 0.0498 0.7128 1.0000 0.0001 0.0010 0.0150 0.2163 1.0000 1.0000 0.0003 0.0047 0.0670 0.9700 1.0000 0.0001 0.0015 0.0215 0.3135 1.0000 1.0000 0.0005 0.0072 0.1062 1.0000 1.0000 0.0002 0.0025 0.0369 0.5452 1.0000 0.0001 0.0009 0.0129 0.1837 1.0000 1.0000 1.0000 0.1837 0.0129 0.0009 0.0001 1.0000 0.5452 0.0369 0.0025 0.0002 1.0000 1.0000 0.1062 0.0072 0.0005 1.0000 1.0000 0.3135 0.0215 0.0015 0.0001 1.0000 0.9700 0.0670 0.0047 0.0003 1.0000 1.0000 0.2163 0.0150 0.0010 0.0001 1.0000 0.7128 0.0498 0.0035 0.0002 1.0000 1.0000 0.1664 0.0116 0.0008 0.0001 1.0000 0.5556 0.0388 0.0027 0.0002 1.0000 1.0000
1.0000 0.0002 0.0028 0.0403 0.5772 1.0000 0.0001 0.0008 0.0121 0.1728 1.0000 1.0000 0.0003 0.0036 0.0518 0.7405 1.0000 0.0001 0.0011 0.0155 0.2230 1.0000 1.0000 0.0003 0.0048 0.0685 0.9887 1.0000 0.0001 0.0015 0.0217 0.3146 1.0000 1.0000 0.0005 0.0071 0.1046 1.0000 1.0000 0.0002 0.0024 0.0361 0.5318 1.0000 0.0001 0.0009 0.0127 0.1854 1.0000 1.0000 0.0001 1.0000 1.0000 0.1854 0.0127 0.0009 0.0001 1.0000 0.5318 0.0361 0.0024 0.0002 1.0000 1.0000 0.1046 0.0071 0.0005 1.0000 1.0000 0.3146 0.0217 0.0015 0.0001 1.0000 0.9887 0.0685 0.0048 0.0003 1.0000 1.0000 0.2230 0.0155 0.0011 0.0001 1.0000 0.7405 0.0518 0.0036 0.0003 1.0000 1.0000 0.1728 0.0121 0.0008 0.0001 1.0000 0.5772 0.0403 0.0028 0.0002 1.0000
0.0002 0.0029 0.0419 0.5995 1.0000 0.0001 0.0009 0.0126 0.1795 1.0000 1.0000 0.0003 0.0038 0.0538 0.7692 1.0000 0.0001 0.0011 0.0161 0.2308 1.0000 1.0000 0.0003 0.0049 0.0702 1.0000 1.0000 0.0001 0.0015 0.0220 0.3183 1.0000 1.0000 0.0005 0.0071 0.1038 1.0000 1.0000 0.0002 0.0024 0.0354 0.5208 1.0000 0.0001 0.0008 0.0124 0.1820 1.0000 1.0000 0.0002 0.0012 0.0002 1.0000 1.0000 0.1820 0.0124 0.0008 0.0001 1.0000 0.5208 0.0354 0.0024 0.0002 1.0000 1.0000 0.1038 0.0071 0.0005 1.0000 1.0000 0.3183 0.0220 0.0015 0.0001 1.0000 1.0000 0.0702 0.0049 0.0003 1.0000 1.0000 0.2308 0.0161 0.0011 0.0001 1.0000 0.7692 0.0538 0.0038 0.0003 1.0000 1.0000 0.1795 0.0126 0.0009 0.0001 1.0000 0.5995 0.0419 0.0029 0.0002
0.0030 0.0435 0.6228 1.0000 0.0001 0.0009 0.0130 0.1865 1.0000 1.0000 0.0003 0.0039 0.0559 0.7990 1.0000 0.0001 0.0012 0.0167 0.2393 1.0000 1.0000 0.0004 0.0050 0.0722 1.0000 1.0000 0.0001 0.0016 0.0224 0.3238 1.0000 1.0000 0.0005 0.0071 0.1038 1.0000 1.0000 0.0002 0.0024 0.0349 0.5120 1.0000 0.0001 0.0008 0.0121 0.1778 1.0000 1.0000 0.0003 0.0034 0.0176 0.0034 0.0003 1.0000 1.0000 0.1778 0.0121 0.0008 0.0001 1.0000 0.5120 0.0349 0.0024 0.0002 1.0000 1.0000 0.1038 0.0071 0.0005 1.0000 1.0000 0.3238 0.0224 0.0016 0.0001 1.0000 1.0000 0.0722 0.0050 0.0004 1.0000 1.0000 0.2393 0.0167 0.0012 0.0001 1.0000 0.7990 0.0559 0.0039 0.0003 1.0000 1.0000 0.1865 0.0130 0.0009 0.0001 1.0000 0.6228 0.0435 0.0030
0.0440 0.6469 1.0000 0.0001 0.0009 0.0135 0.1937 1.0000 1.0000 0.0003 0.0041 0.0580 0.8300 1.0000 0.0001 0.0012 0.0174 0.2485 1.0000 1.0000 0.0004 0.0052 0.0746 1.0000 1.0000 0.0001 0.0016 0.0229 0.3306 1.0000 1.0000 0.0005 0.0072 0.1046 1.0000 1.0000 0.0002 0.0024 0.0345 0.5052 1.0000 0.0001 0.0008 0.0118 0.1742 1.0000 1.0000 0.0003 0.0039 0.0484 0.2524 0.0484 0.0039 0.0003 1.0000 1.0000 0.1742 0.0118 0.0008 0.0001 1.0000 0.5052 0.0345 0.0024 0.0002 1.0000 1.0000 0.1046 0.0072 0.0005 1.0000 1.0000 0.3306 0.0229 0.0016 0.0001 1.0000 1.0000 0.0746 0.0052 0.0004 1.0000 1.0000 0.2485 0.0174 0.0012 0.0001 1.0000 0.8300 0.0580 0.0041 0.0003 1.0000 1.0000 0.1937 0.0135 0.0009 0.0001 1.0000 0.6469 0.0440
0.6544 1.0000 0.0001 0.0010 0.0141 0.2012 1.0000 1.0000 0.0003 0.0042 0.0603 0.8621 1.0000 0.0001 0.0013 0.0180 0.2582 1.0000 1.0000 0.0004 0.0054 0.0773 1.0000 1.0000 0.0001 0.0016 0.0236 0.3389 1.0000 1.0000 0.0005 0.0073 0.1062 1.0000 1.0000 0.0002 0.0024 0.0343 0.5014 1.0000 0.0001 0.0008 0.0116 0.1709 1.0000 1.0000 0.0003 0.0040 0.0563 0.6967 1.0000 0.6967 0.0563 0.0040 0.0003 1.0000 1.0000 0.1709 0.0116 0.0008 0.0001 1.0000 0.5014 0.0343 0.0024 0.0002 1.0000 1.0000 0.1062 0.0073 0.0005 1.0000 1.0000 0.3389 0.0236 0.0016 0.0001 1.0000 1.0000 0.0773 0.0054 0.0004 1.0000 1.0000 0.2582 0.0180 0.0013 0.0001 1.0000 0.8621 0.0603 0.0042 0.0003 1.0000 1.0000 0.2012 0.0141 0.0010 0.0001 1.0000 0.6544
1.0000 0.0001 0.0010 0.0146 0.2090 1.0000 1.0000 0.0003 0.0044 0.0626 0.8956 1.0000 0.0001 0.0013 0.0187 0.2682 1.0000 1.0000 0.0004 0.0056 0.0803 1.0000 1.0000 0.0001 0.0017 0.0242 0.3487 1.0000 1.0000 0.0005 0.0075 0.1081 1.0000 1.0000 0.0002 0.0024 0.0345 0.5014 1.0000 0.0001 0.0008 0.0115 0.1683 1.0000 1.0000 0.0003 0.0039 0.0574 0.8097 1.0000 1.0000 1.0000 0.8097 0.0574 0.0039 0.0003 1.0000 1.0000 0.1683 0.0115 0.0008 0.0001 1.0000 0.5014 0.0345 0.0024 0.0002 1.0000 1.0000 0.1081 0.0075 0.0005 1.0000 1.0000 0.3487 0.0242 0.0017 0.0001 1.0000 1.0000 0.0803 0.0056 0.0004 1.0000 1.0000 0.2682 0.0187 0.0013 0.0001 1.0000 0.8956 0.0626 0.0044 0.0003 1.0000 1.0000 0.2090 0.0146 0.0010 0.0001 1.0000
0.0001 0.0011 0.0152 0.2172 1.0000 1.0000 0.0003 0.0045 0.0650 0.9303 1.0000 0.0001 0.0014 0.0195 0.2786 1.0000 1.0000 0.0004 0.0058 0.0834 1.0000 1.0000 0.0001 0.0017 0.0250 0.3595 1.0000 1.0000 0.0005 0.0077 0.1103 1.0000 1.0000 0.0002 0.0024 0.0349 0.5052 1.0000 0.0001 0.0008 0.0114 0.1664 1.0000 1.0000 0.0003 0.0039 0.0568 0.8268 1.0000 0.0001 0.0004 0.0001 1.0000 0.8268 0.0568 0.0039 0.0003 1.0000 1.0000 0.1664 0.0114 0.0008 0.0001 1.0000 0.5052 0.0349 0.0024 0.0002 1.0000 1.0000 0.1103 0.0077 0.0005 1.0000 1.0000 0.3595 0.0250 0.0017 0.0001 1.0000 1.0000 0.0834 0.0058 0.0004 1.0000 1.0000 0.2786 0.0195 0.0014 0.0001 1.0000 0.9303 0.0650 0.0045 0.0003 1.0000 1.0000 0.2172 0.0152 0.0011 0.0001
0.0011 0.0158 0.2256 1.0000 1.0000 0.0003 0.0047 0.0676 0.9663 1.0000 0.0001 0.0014 0.0202 0.2894 1.0000 1.0000 0.0004 0.0061 0.0867 1.0000 1.0000 0.0001 0.0018 0.0260 0.3720 1.0000 1.0000 0.0005 0.0079 0.1131 1.0000 1.0000 0.0002 0.0024 0.0354 0.5120 1.0000 0.0001 0.0008 0.0114 0.1658 1.0000 1.0000 0.0003 0.0038 0.0561 0.8205 1.0000 0.0001 0.0010 0.0054 0.0010 0.0001 1.0000 0.8205 0.0561 0.0038 0.0003 1.0000 1.0000 0.1658 0.0114 0.0008 0.0001 1.0000 0.5120 0.0354 0.0024 0.0002 1.0000 1.0000 0.1131 0.0079 0.0005 1.0000 1.0000 0.3720 0.0260 0.0018 0.0001 1.0000 1.0000 0.0867 0.0061 0.0004 1.0000 1.0000 0.2894 0.0202 0.0014 0.0001 1.0000 0.9663 0.0676 0.0047 0.0003 1.0000 1.0000 0.2256 0.0158 0.0011
0.0159 0.2343 1.0000 1.0000 0.0003 0.0049 0.0702 1.0000 1.0000 0.0001 0.0015 0.0210 0.3006 1.0000 1.0000 0.0004 0.0063 0.0900 1.0000 1.0000 0.0001 0.0019 0.0270 0.3857 1.0000 0.0000 0.0006 0.0081 0.1164 1.0000 1.0000 0.0002 0.0025 0.0361 0.5208 1.0000 0.0001 0.0008 0.0115 0.1664 1.0000 1.0000 0.0003 0.0038 0.0553 0.8112 1.0000 0.0001 0.0012 0.0151 0.0785 0.0151 0.0012 0.0001 1.0000 0.8112 0.0553 0.0038 0.0003 1.0000 1.0000 0.1664 0.0115 0.0008 0.0001 1.0000 0.5208 0.0361 0.0025 0.0002 1.0000 1.0000 0.1164 0.0081 0.0006 0.0000 1.0000 0.3857 0.0270 0.0019 0.0001 1.0000 1.0000 0.0900 0.0063 0.0004 1.0000 1.0000 0.3006 0.0210 0.0015 0.0001 1.0000 1.0000 0.0702 0.0049 0.0003 1.0000 1.0000 0.2343 0.0159
0.2370 1.0000 1.0000 0.0004 0.0051 0.0729 1.0000 1.0000 0.0001 0.0015 0.0218 0.3123 1.0000 1.0000 0.0005 0.0065 0.0935 1.0000 1.0000 0.0001 0.0020 0.0280 0.4006 1.0000 0.0000 0.0006 0.0084 0.1202 1.0000 1.0000 0.0002 0.0026 0.0369 0.5318 1.0000 0.0001 0.0008 0.0116 0.1683 1.0000 1.0000 0.0003 0.0038 0.0549 0.8036 1.0000 0.0001 0.0013 0.0176 0.2180 1.0000 0.2180 0.0176 0.0013 0.0001 1.0000 0.8036 0.0549 0.0038 0.0003 1.0000 1.0000 0.1683 0.0116 0.0008 0.0001 1.0000 0.5318 0.0369 0.0026 0.0002 1.0000 1.0000 0.1202 0.0084 0.0006 0.0000 1.0000 0.4006 0.0280 0.0020 0.0001 1.0000 1.0000 0.0935 0.0065 0.0005 1.0000 1.0000 0.3123 0.0218 0.0015 0.0001 1.0000 1.0000 0.0729 0.0051 0.0004 1.0000 1.0000 0.2370
1.0000 1.0000 0.0004 0.0053 0.0757 1.0000 1.0000 0.0001 0.0016 0.0227 0.3244 1.0000 1.0000 0.0005 0.0068 0.0971 1.0000 1.0000 0.0001 0.0020 0.0291 0.4161 1.0000 0.0000 0.0006 0.0087 0.1246 1.0000 1.0000 0.0002 0.0026 0.0379 0.5452 1.0000 0.0001 0.0008 0.0118 0.1709 1.0000 1.0000 0.0003 0.0038 0.0549 0.8005 1.0000 0.0001 0.0012 0.0182 0.2557 1.0000 1.0000 1.0000 0.2557 0.0182 0.0012 0.0001 1.0000 0.8005 0.0549 0.0038 0.0003 1.0000 1.0000 0.1709 0.0118 0.0008 0.0001 1.0000 0.5452 0.0379 0.0026 0.0002 1.0000 1.0000 0.1246 0.0087 0.0006 0.0000 1.0000 0.4161 0.0291 0.0020 0.0001 1.0000 1.0000 0.0971 0.0068 0.0005 1.0000 1.0000 0.3244 0.0227 0.0016 0.0001 1.0000 1.0000 0.0757 0.0053 0.0004 1.0000 1.0000
1.0000 0.0004 0.0055 0.0787 1.0000 1.0000 0.0001 0.0016 0.0236 0.3369 1.0000 1.0000 0.0005 0.0071 0.1009 1.0000 1.0000 0.0001 0.0021 0.0302 0.4323 1.0000 0.0000 0.0006 0.0090 0.1295 1.0000 1.0000 0.0002 0.0027 0.0391 0.5609 1.0000 0.0001 0.0008 0.0121 0.1742 1.0000 1.0000 0.0003 0.0038 0.0553 0.8036 1.0000 0.0001 0.0012 0.0182 0.2631 1.0000 1.0000 0.0001 1.0000 1.0000 0.2631 0.0182 0.0012 0.0001 1.0000 0.8036 0.0553 0.0038 0.0003 1.0000 1.0000 0.1742 0.0121 0.0008 0.0001 1.0000 0.5609 0.0391 0.0027 0.0002 1.0000 1.0000 0.1295 0.0090 0.0006 0.0000 1.0000 0.4323 0.0302 0.0021 0.0001 1.0000 1.0000 0.1009 0.0071 0.0005 1.0000 1.0000 0.3369 0.0236 0.0016 0.0001 1.0000 1.0000 0.0787 0.0055 0.0004 1.0000
0.0004 0.0057 0.0817 1.0000 1.0000 0.0001 0.0017 0.0245 0.3500 1.0000 1.0000 0.0005 0.0073 0.1048 1.0000 1.0000 0.0002 0.0022 0.0314 0.4490 1.0000 0.0000 0.0007 0.0094 0.1345 1.0000 1.0000 0.0002 0.0028 0.0403 0.5794 1.0000 0.0001 0.0009 0.0124 0.1778 1.0000 1.0000 0.0003 0.0039 0.0561 0.8112 1.0000 0.0001 0.0012 0.0182 0.2646 1.0000 1.0000 0.0003 0.0017 0.0003 1.0000 1.0000 0.2646 0.0182 0.0012 0.0001 1.0000 0.8112 0.0561 0.0039 0.0003 1.0000 1.0000 0.1778 0.0124 0.0009 0.0001 1.0000 0.5794 0.0403 0.0028 0.0002 1.0000 1.0000 0.1345 0.0094 0.0007 0.0000 1.0000 0.4490 0.0314 0.0022 0.0002 1.0000 1.0000 0.1048 0.0073 0.0005 1.0000 1.0000 0.3500 0.0245 0.0017 0.0001 1.0000 1.0000 0.0817 0.0057 0.0004
0.0058 0.0847 1.0000 1.0000 0.0001 0.0018 0.0254 0.3629 1.0000 1.0000 0.0005 0.0076 0.1087 1.0000 1.0000 0.0002 0.0023 0.0325 0.4656 1.0000 0.0000 0.0007 0.0097 0.1394 1.0000 1.0000 0.0002 0.0029 0.0418 0.5984 1.0000 0.0001 0.0009 0.0127 0.1820 1.0000 1.0000 0.0003 0.0039 0.0568 0.8205 1.0000 0.0001 0.0012 0.0182 0.2646 1.0000 1.0000 0.0004 0.0048 0.0248 0.0048 0.0004 1.0000 1.0000 0.2646 0.0182 0.0012 0.0001 1.0000 0.8205 0.0568 0.0039 0.0003 1.0000 1.0000 0.1820 0.0127 0.0009 0.0001 1.0000 0.5984 0.0418 0.0029 0.0002 1.0000 1.0000 0.1394 0.0097 0.0007 0.0000 1.0000 0.4656 0.0325 0.0023 0.0002 1.0000 1.0000 0.1087 0.0076 0.0005 1.0000 1.0000 0.3629 0.0254 0.0018 0.0001 1.0000 1.0000 0.0847 0.0058
0.0847 1.0000 1.0000 0.0001 0.0018 0.0261 0.3734 1.0000 1.0000 0.0005 0.0078 0.1118 1.0000 1.0000 0.0002 0.0023 0.0335 0.4790 1.0000 0.0000 0.0007 0.0100 0.1435 1.0000 1.0000 0.0002 0.0030 0.0430 0.6146 1.0000 0.0001 0.0009 0.0129 0.1854 1.0000 1.0000 0.0003 0.0040 0.0574 0.8268 1.0000 0.0001 0.0013 0.0182 0.2631 1.0000 1.0000 0.0004 0.0056 0.0691 0.3581 0.0691 0.0056 0.0004 1.0000 1.0000 0.2631 0.0182 0.0013 0.0001 1.0000 0.8268 0.0574 0.0040 0.0003 1.0000 1.0000 0.1854 0.0129 0.0009 0.0001 1.0000 0.6146 0.0430 0.0030 0.0002 1.0000 1.0000 0.1435 0.0100 0.0007 0.0000 1.0000 0.4790 0.0335 0.0023 0.0002 1.0000 1.0000 0.1118 0.0078 0.0005 1.0000 1.0000 0.3734 0.0261 0.0018 0.0001 1.0000 1.0000 0.0847
1.0000 1.0000 0.0001 0.0018 0.0260 0.3720 1.0000 1.0000 0.0005 0.0078 0.1114 1.0000 1.0000 0.0002 0.0023 0.0334 0.4772 1.0000 0.0000 0.0007 0.0100 0.1429 1.0000 1.0000 0.0002 0.0030 0.0428 0.6122 1.0000 0.0001 0.0009 0.0128 0.1837 1.0000 1.0000 0.0003 0.0039 0.0563 0.8097 1.0000 0.0001 0.0012 0.0176 0.2557 1.0000 1.0000 0.0004 0.0056 0.0787 0.9663 1.0000 0.9663 0.0787 0.0056 0.0004 1.0000 1.0000 0.2557 0.0176 0.0012 0.0001 1.0000 0.8097 0.0563 0.0039 0.0003 1.0000 1.0000 0.1837 0.0128 0.0009 0.0001 1.0000 0.6122 0.0428 0.0030 0.0002 1.0000 1.0000 0.1429 0.0100 0.0007 0.0000 1.0000 0.4772 0.0334 0.0023 0.0002 1.0000 1.0000 0.1114 0.0078 0.0005 1.0000 1.0000 0.3720 0.0260 0.0018 0.0001 1.0000 1.0000
1.0000 0.0001 0.0016 0.0226 0.3231 1.0000 1.0000 0.0005 0.0068 0.0968 1.0000 1.0000 0.0001 0.0020 0.0290 0.4146 1.0000 0.0000 0.0006 0.0087 0.1241 1.0000 1.0000 0.0002 0.0026 0.0372 0.5318 1.0000 0.0001 0.0008 0.0111 0.1596 1.0000 1.0000 0.0002 0.0034 0.0484 0.6967 1.0000 0.0001 0.0010 0.0151 0.2180 1.0000 1.0000 0.0003 0.0048 0.0691 0.9663 1.0000 1.0000 1.0000 0.9663 0.0691 0.0048 0.0003 1.0000 1.0000 0.2180 0.0151 0.0010 0.0001 1.0000 0.6967 0.0484 0.0034 0.0002 1.0000 1.0000 0.1596 0.0111 0.0008 0.0001 1.0000 0.5318 0.0372 0.0026 0.0002 1.0000 1.0000 0.1241 0.0087 0.0006 0.0000 1.0000 0.4146 0.0290 0.0020 0.0001 1.0000 1.0000 0.0968 0.0068 0.0005 1.0000 1.0000 0.3231 0.0226 0.0016 0.0001 1.0000
0.0000 0.0006 0.0082 0.1179 1.0000 1.0000 0.0002 0.0025 0.0353 0.5052 1.0000 0.0001 0.0007 0.0106 0.1513 1.0000 1.0000 0.0002 0.0032 0.0453 0.6482 1.0000 0.0001 0.0009 0.0136 0.1941 1.0000 1.0000 0.0003 0.0041 0.0581 0.8315 1.0000 0.0001 0.0012 0.0176 0.2524 1.0000 1.0000 0.0004 0.0054 0.0785 1.0000 1.0000 0.0001 0.0017 0.0248 0.3581 1.0000 1.0000 0.0002 1.0000 1.0000 0.3581 0.0248 0.0017 0.0001 1.0000 1.0000 0.0785 0.0054 0.0004 1.0000 1.0000 0.2524 0.0176 0.0012 0.0001 1.0000 0.8315 0.0581 0.0041 0.0003 1.0000 1.0000 0.1941 0.0136 0.0009 0.0001 1.0000 0.6482 0.0453 0.0032 0.0002 1.0000 1.0000 0.1513 0.0106 0.0007 0.0001 1.0000 0.5052 0.0353 0.0025 0.0002 1.0000 1.0000 0.1179 0.0082 0.0006 0.0000
1.0000 0.0001 0.0016 0.0226 0.3231 1.0000 1.0000 0.0005 0.0068 0.0968 1.0000 1.0000 0.0001 0.0020 0.0290 0.4146 1.0000 0.0000 0.0006 0.0087 0.1241 1.0000 1.0000 0.0002 0.0026 0.0372 0.5318 1.0000 0.0001 0.0008 0.0111 0.1596 1.0000 1.0000 0.0002 0.0034 0.0484 0.6967 1.0000 0.0001 0.0010 0.0151 0.2180 1.0000 1.0000 0.0003 0.0048 0.0691 0.9663 1.0000 1.0000 1.0000 0.9663 0.0691 0.0048 0.0003 1.0000 1.0000 0.2180 0.0151 0.0010 0.0001 1.0000 0.6967 0.0484 0.0034 0.0002 1.0000 1.0000 0.1596 0.0111 0.0008 0.0001 1.0000 0.5318 0.0372 0.0026 0.0002 1.0000 1.0000 0.1241 0.0087 0.0006 0.0000 1.0000 0.4146 0.0290 0.0020 0.0001 1.0000 1.0000 0.0968 0.0068 0.0005 1.0000 1.0000 0.3231 0.0226 0.0016 0.0001 1.0000
1.0000 1.0000 0.0001 0.0018 0.0260 0.3720 1.0000 1.0000 0.0005 0.0078 0.1114 1.0000 1.0000 0.0002 0.0023 0.0334 0.4772 1.0000 0.0000 0.0007 0.0100 0.1429 1.0000 1.0000 0.0002 0.0030 0.0428 0.6122 1.0000 0.0001 0.0009 0.0128 0.1837 1.0000 1.0000 0.0003 0.0039 0.0563 0.8097 1.0000 0.0001 0.0012 0.0176 0.2557 1.0000 1.0000 0.0004 0.0056 0.0787 0.9663 1.0000 0.9663 0.0787 0.0056 0.0004 1.0000 1.0000 0.2557 0.0176 0.0012 0.0001 1.0000 0.8097 0.0563 0.0039 0.0003 1.0000 1.0000 0.1837 0.0128 0.0009 0.0001 1.0000 0.6122 0.0428 0.0030 0.0002 1.0000 1.0000 0.1429 0.0100 0.0007 0.0000 1.0000 0.4772 0.0334 0.0023 0.0002 1.0000 1.0000 0.1114 0.0078 0.0005 1.0000 1.0000 0.3720 0.0260 0.0018 0.0001 1.0000 1.0000
0.0847 1.0000 1.0000 0.0001 0.0018 0.0261 0.3734 1.0000 1.0000 0.0005 0.0078 0.1118 1.0000 1.0000 0.0002 0.0023 0.0335 0.4790 1.0000 0.0000 0.0007 0.0100 0.1435 1.0000 1.0000 0.0002 0.0030 0.0430 0.6146 1.0000 0.0001 0.0009 0.0129 0.1854 1.0000 1.0000 0.0003 0.0040 0.0574 0.8268 1.0000 0.0001 0.0013 0.0182 0.2631 1.0000 1.0000 0.0004 0.0056 0.0691 0.3581 0.0691 0.0056 0.0004 1.0000 1.0000 0.2631 0.0182 0.0013 0.0001 1.0000 0.8268 0.0574 0.0040 0.0003 1.0000 1.0000 0.1854 0.0129 0.0009 0.0001 1.0000 0.6146 0.0430 0.0030 0.0002 1.0000 1.0000 0.1435 0.0100 0.0007 0.0000 1.0000 0.4790 0.0335 0.0023 0.0002 1.0000 1.0000 0.1118 0.0078 0.0005 1.0000 1.0000 0.3734 0.0261 0.0018 0.0001 1.0000 1.0000 0.0847
0.0058 0.0847 1.0000 1.0000 0.0001 0.0018 0.0254 0.3629 1.0000 1.0000 0.0005 0.0076 0.1087 1.0000 1.0000 0.0002 0.0023 0.0325 0.4656 1.0000 0.0000 0.0007 0.0097 0.1394 1.0000 1.0000 0.0002 0.0029 0.0418 0.5984 1.0000 0.0001 0.0009 0.0127 0.1820 1.0000 1.0000 0.0003 0.0039 0.0568 0.8205 1.0000 0.0001 0.0012 0.0182 0.2646 1.0000 1.0000 0.0004 0.0048 0.0248 0.0048 0.0004 1.0000 1.0000 0.2646 0.0182 0.0012 0.0001 1.0000 0.8205 0.0568 0.0039 0.0003 1.0000 1.0000 0.1820 0.0127 0.0009 0.0001 1.0000 0.5984 0.0418 0.0029 0.0002 1.0000 1.0000 0.1394 0.0097 0.0007 0.0000 1.0000 0.4656 0.0325 0.0023 0.0002 1.0000 1.0000 0.1087 0.0076 0.0005 1.0000 1.0000 0.3629 0.0254 0.0018 0.0001 1.0000 1.0000 0.0847 0.0058
0.0004 0.0057 0.0817 1.0000 1.0000 0.0001 0.0017 0.0245 0.3500 1.0000 1.0000 0.0005 0.0073 0.1048 1.0000 1.0000 0.0002 0.0022 0.0314 0.4490 1.0000 0.0000 0.0007 0.0094 0.1345 1.0000 1.0000 0.0002 0.0028 0.0403 0.5794 1.0000 0.0001 0.0009 0.0124 0.1778 1.0000 1.0000 0.0003 0.0039 0.0561 0.8112 1.0000 0.0001 0.0012 0.0182 0.2646 1.0000 1.0000 0.0003 0.0017 0.0003 1.0000 1.0000 0.2646 0.0182 0.0012 0.0001 1.0000 0.8112 0.0561 0.0039 0.0003 1.0000 1.0000 0.1778 0.0124 0.0009 0.0001 1.0000 0.5794 0.0403 0.0028 0.0002 1.0000 1.0000 0.1345 0.0094 0.0007 0.0000 1.0000 0.4490 0.0314 0.0022 0.0002 1.0000 1.0000 0.1048 0.0073 0.0005 1.0000 1.0000 0.3500 0.0245 0.0017 0.0001 1.0000 1.0000 0.0817 0.0057 0.0004
