1.0000 1.0000 0.0001 0.0019 0.0280 0.4169 1.0000 0.0000 0.0007 0.0102 0.1516 1.0000 1.0000 0.0002 0.0037 0.0549 0.8159 1.0000 0.0001 0.0013 0.0199 0.2955 1.0000 1.0000 0.0005 0.0072 0.1070 1.0000 1.0000 0.0002 0.0026 0.0388 0.5761 1.0000 0.0001 0.0009 0.0140 0.2087 1.0000 1.0000 0.0003 0.0051 0.0756 1.0000 1.0000 0.0001 0.0018 0.0270 0.3849 1.0000 1.0000 1.0000 0.3849 0.0270 0.0018 0.0001 1.0000 1.0000 0.0756 0.0051 0.0003 1.0000 1.0000 0.2087 0.0140 0.0009 0.0001 1.0000 0.5761 0.0388 0.0026 0.0002 1.0000 1.0000 0.1070 0.0072 0.0005 1.0000 1.0000 0.2955 0.0199 0.0013 0.0001 1.0000 0.8159 0.0549 0.0037 0.0002 1.0000 1.0000 0.1516 0.0102 0.0007 0.0000 1.0000 0.4169 0.0280 0.0019 0.0001 1.0000 1.0000
1.0000 0.0001 0.0019 0.0279 0.4138 1.0000 0.0000 0.0007 0.0101 0.1499 1.0000 1.0000 0.0002 0.0037 0.0543 0.8066 1.0000 0.0001 0.0013 0.0197 0.2922 1.0000 1.0000 0.0005 0.0071 0.1058 1.0000 1.0000 0.0002 0.0026 0.0383 0.5695 1.0000 0.0001 0.0009 0.0139 0.2063 1.0000 1.0000 0.0003 0.0050 0.0747 1.0000 1.0000 0.0001 0.0018 0.0270 0.3976 1.0000 1.0000 0.0002 1.0000 1.0000 0.3976 0.0270 0.0018 0.0001 1.0000 1.0000 0.0747 0.0050 0.0003 1.0000 1.0000 0.2063 0.0139 0.0009 0.0001 1.0000 0.5695 0.0383 0.0026 0.0002 1.0000 1.0000 0.1058 0.0071 0.0005 1.0000 1.0000 0.2922 0.0197 0.0013 0.0001 1.0000 0.8066 0.0543 0.0037 0.0002 1.0000 1.0000 0.1499 0.0101 0.0007 0.0000 1.0000 0.4138 0.0279 0.0019 0.0001 1.0000
0.0001 0.0019 0.0275 0.4044 1.0000 0.0000 0.0007 0.0097 0.1445 1.0000 1.0000 0.0002 0.0035 0.0523 0.7765 1.0000 0.0001 0.0013 0.0189 0.2813 1.0000 1.0000 0.0005 0.0069 0.1019 1.0000 1.0000 0.0002 0.0025 0.0369 0.5483 1.0000 0.0001 0.0009 0.0134 0.1986 1.0000 1.0000 0.0003 0.0048 0.0719 1.0000 1.0000 0.0001 0.0018 0.0261 0.3864 1.0000 0.0000 0.0005 0.0026 0.0005 0.0000 1.0000 0.3864 0.0261 0.0018 0.0001 1.0000 1.0000 0.0719 0.0048 0.0003 1.0000 1.0000 0.1986 0.0134 0.0009 0.0001 1.0000 0.5483 0.0369 0.0025 0.0002 1.0000 1.0000 0.1019 0.0069 0.0005 1.0000 1.0000 0.2813 0.0189 0.0013 0.0001 1.0000 0.7765 0.0523 0.0035 0.0002 1.0000 1.0000 0.1445 0.0097 0.0007 0.0000 1.0000 0.4044 0.0275 0.0019 0.0001
0.0019 0.0279 0.4044 1.0000 0.0000 0.0006 0.0095 0.1400 1.0000 1.0000 0.0002 0.0034 0.0504 0.7475 1.0000 0.0001 0.0012 0.0182 0.2708 1.0000 1.0000 0.0004 0.0066 0.0981 1.0000 1.0000 0.0002 0.0024 0.0355 0.5278 1.0000 0.0001 0.0009 0.0129 0.1912 1.0000 1.0000 0.0003 0.0047 0.0692 1.0000 1.0000 0.0001 0.0017 0.0251 0.3727 1.0000 0.0000 0.0006 0.0072 0.0376 0.0072 0.0006 0.0000 1.0000 0.3727 0.0251 0.0017 0.0001 1.0000 1.0000 0.0692 0.0047 0.0003 1.0000 1.0000 0.1912 0.0129 0.0009 0.0001 1.0000 0.5278 0.0355 0.0024 0.0002 1.0000 1.0000 0.0981 0.0066 0.0004 1.0000 1.0000 0.2708 0.0182 0.0012 0.0001 1.0000 0.7475 0.0504 0.0034 0.0002 1.0000 1.0000 0.1400 0.0095 0.0006 0.0000 1.0000 0.4044 0.0279 0.0019
0.0280 0.4138 1.0000 0.0000 0.0006 0.0093 0.1365 1.0000 1.0000 0.0002 0.0033 0.0486 0.7210 1.0000 0.0001 0.0012 0.0175 0.2606 1.0000 1.0000 0.0004 0.0064 0.0944 1.0000 1.0000 0.0002 0.0023 0.0342 0.5081 1.0000 0.0001 0.0008 0.0124 0.1840 1.0000 1.0000 0.0003 0.0045 0.0667 0.9905 1.0000 0.0001 0.0016 0.0241 0.3588 1.0000 0.0000 0.0006 0.0083 0.1030 0.5380 0.1030 0.0083 0.0006 0.0000 1.0000 0.3588 0.0241 0.0016 0.0001 1.0000 0.9905 0.0667 0.0045 0.0003 1.0000 1.0000 0.1840 0.0124 0.0008 0.0001 1.0000 0.5081 0.0342 0.0023 0.0002 1.0000 1.0000 0.0944 0.0064 0.0004 1.0000 1.0000 0.2606 0.0175 0.0012 0.0001 1.0000 0.7210 0.0486 0.0033 0.0002 1.0000 1.0000 0.1365 0.0093 0.0006 0.0000 1.0000 0.4138 0.0280
0.4169 1.0000 0.0000 0.0006 0.0093 0.1355 1.0000 1.0000 0.0002 0.0032 0.0472 0.6981 1.0000 0.0001 0.0011 0.0169 0.2509 1.0000 1.0000 0.0004 0.0061 0.0909 1.0000 1.0000 0.0001 0.0022 0.0329 0.4892 1.0000 0.0001 0.0008 0.0119 0.1772 1.0000 1.0000 0.0003 0.0043 0.0642 0.9536 1.0000 0.0001 0.0016 0.0232 0.3454 1.0000 1.0000 0.0006 0.0083 0.1186 1.0000 1.0000 1.0000 0.1186 0.0083 0.0006 1.0000 1.0000 0.3454 0.0232 0.0016 0.0001 1.0000 0.9536 0.0642 0.0043 0.0003 1.0000 1.0000 0.1772 0.0119 0.0008 0.0001 1.0000 0.4892 0.0329 0.0022 0.0001 1.0000 1.0000 0.0909 0.0061 0.0004 1.0000 1.0000 0.2509 0.0169 0.0011 0.0001 1.0000 0.6981 0.0472 0.0032 0.0002 1.0000 1.0000 0.1355 0.0093 0.0006 0.0000 1.0000 0.4169
1.0000 0.0000 0.0007 0.0095 0.1365 1.0000 1.0000 0.0002 0.0031 0.0460 0.6784 1.0000 0.0001 0.0011 0.0163 0.2420 1.0000 1.0000 0.0004 0.0059 0.0875 1.0000 1.0000 0.0001 0.0021 0.0317 0.4709 1.0000 0.0001 0.0008 0.0115 0.1706 1.0000 1.0000 0.0003 0.0042 0.0618 0.9180 1.0000 0.0001 0.0015 0.0224 0.3325 1.0000 1.0000 0.0005 0.0081 0.1191 1.0000 1.0000 0.0001 1.0000 1.0000 0.1191 0.0081 0.0005 1.0000 1.0000 0.3325 0.0224 0.0015 0.0001 1.0000 0.9180 0.0618 0.0042 0.0003 1.0000 1.0000 0.1706 0.0115 0.0008 0.0001 1.0000 0.4709 0.0317 0.0021 0.0001 1.0000 1.0000 0.0875 0.0059 0.0004 1.0000 1.0000 0.2420 0.0163 0.0011 0.0001 1.0000 0.6784 0.0460 0.0031 0.0002 1.0000 1.0000 0.1365 0.0095 0.0007 0.0000 1.0000
0.0000 0.0007 0.0097 0.1400 1.0000 1.0000 0.0002 0.0031 0.0454 0.6669 1.0000 0.0001 0.0011 0.0158 0.2343 1.0000 1.0000 0.0004 0.0057 0.0842 1.0000 1.0000 0.0001 0.0021 0.0305 0.4533 1.0000 0.0001 0.0007 0.0110 0.1642 1.0000 1.0000 0.0003 0.0040 0.0595 0.8837 1.0000 0.0001 0.0014 0.0215 0.3201 1.0000 1.0000 0.0005 0.0078 0.1157 1.0000 1.0000 0.0002 0.0008 0.0002 1.0000 1.0000 0.1157 0.0078 0.0005 1.0000 1.0000 0.3201 0.0215 0.0014 0.0001 1.0000 0.8837 0.0595 0.0040 0.0003 1.0000 1.0000 0.1642 0.0110 0.0007 0.0001 1.0000 0.4533 0.0305 0.0021 0.0001 1.0000 1.0000 0.0842 0.0057 0.0004 1.0000 1.0000 0.2343 0.0158 0.0011 0.0001 1.0000 0.6669 0.0454 0.0031 0.0002 1.0000 1.0000 0.1400 0.0097 0.0007 0.0000
0.0007 0.0101 0.1445 1.0000 1.0000 0.0002 0.0031 0.0454 0.6631 1.0000 0.0001 0.0010 0.0154 0.2282 1.0000 1.0000 0.0004 0.0055 0.0812 1.0000 1.0000 0.0001 0.0020 0.0294 0.4364 1.0000 0.0000 0.0007 0.0106 0.1581 1.0000 1.0000 0.0003 0.0039 0.0573 0.8507 1.0000 0.0001 0.0014 0.0207 0.3081 1.0000 1.0000 0.0005 0.0075 0.1116 1.0000 1.0000 0.0002 0.0022 0.0113 0.0022 0.0002 1.0000 1.0000 0.1116 0.0075 0.0005 1.0000 1.0000 0.3081 0.0207 0.0014 0.0001 1.0000 0.8507 0.0573 0.0039 0.0003 1.0000 1.0000 0.1581 0.0106 0.0007 0.0000 1.0000 0.4364 0.0294 0.0020 0.0001 1.0000 1.0000 0.0812 0.0055 0.0004 1.0000 1.0000 0.2282 0.0154 0.0010 0.0001 1.0000 0.6631 0.0454 0.0031 0.0002 1.0000 1.0000 0.1445 0.0101 0.0007
0.0102 0.1499 1.0000 1.0000 0.0002 0.0032 0.0460 0.6669 1.0000 0.0001 0.0010 0.0152 0.2230 1.0000 1.0000 0.0004 0.0053 0.0787 1.0000 1.0000 0.0001 0.0019 0.0283 0.4201 1.0000 0.0000 0.0007 0.0102 0.1522 1.0000 1.0000 0.0002 0.0037 0.0551 0.8190 1.0000 0.0001 0.0013 0.0200 0.2966 1.0000 1.0000 0.0005 0.0072 0.1074 1.0000 1.0000 0.0002 0.0025 0.0309 0.1611 0.0309 0.0025 0.0002 1.0000 1.0000 0.1074 0.0072 0.0005 1.0000 1.0000 0.2966 0.0200 0.0013 0.0001 1.0000 0.8190 0.0551 0.0037 0.0002 1.0000 1.0000 0.1522 0.0102 0.0007 0.0000 1.0000 0.4201 0.0283 0.0019 0.0001 1.0000 1.0000 0.0787 0.0053 0.0004 1.0000 1.0000 0.2230 0.0152 0.0010 0.0001 1.0000 0.6669 0.0460 0.0032 0.0002 1.0000 1.0000 0.1499 0.0102
0.1516 1.0000 1.0000 0.0002 0.0033 0.0472 0.6784 1.0000 0.0001 0.0010 0.0151 0.2205 1.0000 1.0000 0.0004 0.0052 0.0766 1.0000 1.0000 0.0001 0.0018 0.0273 0.4052 1.0000 0.0000 0.0007 0.0099 0.1465 1.0000 1.0000 0.0002 0.0036 0.0531 0.7884 1.0000 0.0001 0.0013 0.0192 0.2856 1.0000 1.0000 0.0005 0.0070 0.1034 1.0000 1.0000 0.0002 0.0025 0.0355 0.4414 1.0000 0.4414 0.0355 0.0025 0.0002 1.0000 1.0000 0.1034 0.0070 0.0005 1.0000 1.0000 0.2856 0.0192 0.0013 0.0001 1.0000 0.7884 0.0531 0.0036 0.0002 1.0000 1.0000 0.1465 0.0099 0.0007 0.0000 1.0000 0.4052 0.0273 0.0018 0.0001 1.0000 1.0000 0.0766 0.0052 0.0004 1.0000 1.0000 0.2205 0.0151 0.0010 0.0001 1.0000 0.6784 0.0472 0.0033 0.0002 1.0000 1.0000 0.1516
1.0000 1.0000 0.0002 0.0034 0.0486 0.6981 1.0000 0.0001 0.0010 0.0152 0.2205 1.0000 1.0000 0.0003 0.0051 0.0749 1.0000 1.0000 0.0001 0.0018 0.0264 0.3916 1.0000 0.0000 0.0006 0.0095 0.1410 1.0000 1.0000 0.0002 0.0034 0.0511 0.7590 1.0000 0.0001 0.0012 0.0185 0.2749 1.0000 1.0000 0.0005 0.0067 0.0996 1.0000 1.0000 0.0002 0.0024 0.0357 0.5081 1.0000 1.0000 1.0000 0.5081 0.0357 0.0024 0.0002 1.0000 1.0000 0.0996 0.0067 0.0005 1.0000 1.0000 0.2749 0.0185 0.0012 0.0001 1.0000 0.7590 0.0511 0.0034 0.0002 1.0000 1.0000 0.1410 0.0095 0.0006 0.0000 1.0000 0.3916 0.0264 0.0018 0.0001 1.0000 1.0000 0.0749 0.0051 0.0003 1.0000 1.0000 0.2205 0.0152 0.0010 0.0001 1.0000 0.6981 0.0486 0.0034 0.0002 1.0000 1.0000
1.0000 0.0002 0.0035 0.0504 0.7210 1.0000 0.0001 0.0011 0.0154 0.2230 1.0000 1.0000 0.0003 0.0050 0.0737 1.0000 1.0000 0.0001 0.0017 0.0257 0.3798 1.0000 0.0000 0.0006 0.0092 0.1360 1.0000 1.0000 0.0002 0.0033 0.0492 0.7307 1.0000 0.0001 0.0012 0.0178 0.2646 1.0000 1.0000 0.0004 0.0065 0.0959 1.0000 1.0000 0.0002 0.0023 0.0347 0.5101 1.0000 0.0000 0.0002 0.0000 1.0000 0.5101 0.0347 0.0023 0.0002 1.0000 1.0000 0.0959 0.0065 0.0004 1.0000 1.0000 0.2646 0.0178 0.0012 0.0001 1.0000 0.7307 0.0492 0.0033 0.0002 1.0000 1.0000 0.1360 0.0092 0.0006 0.0000 1.0000 0.3798 0.0257 0.0017 0.0001 1.0000 1.0000 0.0737 0.0050 0.0003 1.0000 1.0000 0.2230 0.0154 0.0011 0.0001 1.0000 0.7210 0.0504 0.0035 0.0002 1.0000
0.0002 0.0037 0.0523 0.7475 1.0000 0.0001 0.0011 0.0158 0.2282 1.0000 1.0000 0.0003 0.0050 0.0733 1.0000 1.0000 0.0001 0.0017 0.0250 0.3699 1.0000 0.0000 0.0006 0.0089 0.1314 1.0000 1.0000 0.0002 0.0032 0.0473 0.7034 1.0000 0.0001 0.0012 0.0171 0.2548 1.0000 1.0000 0.0004 0.0062 0.0923 1.0000 1.0000 0.0002 0.0022 0.0334 0.4957 1.0000 0.0001 0.0006 0.0034 0.0006 0.0001 1.0000 0.4957 0.0334 0.0022 0.0002 1.0000 1.0000 0.0923 0.0062 0.0004 1.0000 1.0000 0.2548 0.0171 0.0012 0.0001 1.0000 0.7034 0.0473 0.0032 0.0002 1.0000 1.0000 0.1314 0.0089 0.0006 0.0000 1.0000 0.3699 0.0250 0.0017 0.0001 1.0000 1.0000 0.0733 0.0050 0.0003 1.0000 1.0000 0.2282 0.0158 0.0011 0.0001 1.0000 0.7475 0.0523 0.0037 0.0002
0.0037 0.0543 0.7765 1.0000 0.0001 0.0011 0.0163 0.2343 1.0000 1.0000 0.0004 0.0051 0.0737 1.0000 1.0000 0.0001 0.0017 0.0246 0.3622 1.0000 0.0000 0.0006 0.0086 0.1275 1.0000 1.0000 0.0002 0.0031 0.0457 0.6771 1.0000 0.0001 0.0011 0.0165 0.2453 1.0000 1.0000 0.0004 0.0060 0.0888 1.0000 1.0000 0.0001 0.0022 0.0322 0.4781 1.0000 0.0001 0.0007 0.0092 0.0482 0.0092 0.0007 0.0001 1.0000 0.4781 0.0322 0.0022 0.0001 1.0000 1.0000 0.0888 0.0060 0.0004 1.0000 1.0000 0.2453 0.0165 0.0011 0.0001 1.0000 0.6771 0.0457 0.0031 0.0002 1.0000 1.0000 0.1275 0.0086 0.0006 0.0000 1.0000 0.3622 0.0246 0.0017 0.0001 1.0000 1.0000 0.0737 0.0051 0.0004 1.0000 1.0000 0.2343 0.0163 0.0011 0.0001 1.0000 0.7765 0.0543 0.0037
0.0549 0.8066 1.0000 0.0001 0.0012 0.0169 0.2420 1.0000 1.0000 0.0004 0.0052 0.0749 1.0000 1.0000 0.0001 0.0017 0.0244 0.3574 1.0000 0.0000 0.0006 0.0084 0.1239 1.0000 1.0000 0.0002 0.0030 0.0441 0.6531 1.0000 0.0001 0.0011 0.0159 0.2361 1.0000 1.0000 0.0004 0.0058 0.0855 1.0000 1.0000 0.0001 0.0021 0.0310 0.4603 1.0000 0.0001 0.0007 0.0106 0.1322 0.6901 0.1322 0.0106 0.0007 0.0001 1.0000 0.4603 0.0310 0.0021 0.0001 1.0000 1.0000 0.0855 0.0058 0.0004 1.0000 1.0000 0.2361 0.0159 0.0011 0.0001 1.0000 0.6531 0.0441 0.0030 0.0002 1.0000 1.0000 0.1239 0.0084 0.0006 0.0000 1.0000 0.3574 0.0244 0.0017 0.0001 1.0000 1.0000 0.0749 0.0052 0.0004 1.0000 1.0000 0.2420 0.0169 0.0012 0.0001 1.0000 0.8066 0.0549
0.8159 1.0000 0.0001 0.0012 0.0175 0.2509 1.0000 1.0000 0.0004 0.0053 0.0766 1.0000 1.0000 0.0001 0.0017 0.0244 0.3561 1.0000 1.0000 0.0006 0.0082 0.1211 1.0000 1.0000 0.0002 0.0029 0.0427 0.6323 1.0000 0.0001 0.0010 0.0153 0.2273 1.0000 1.0000 0.0004 0.0055 0.0823 1.0000 1.0000 0.0001 0.0020 0.0298 0.4431 1.0000 0.0000 0.0007 0.0107 0.1522 1.0000 1.0000 1.0000 0.1522 0.0107 0.0007 0.0000 1.0000 0.4431 0.0298 0.0020 0.0001 1.0000 1.0000 0.0823 0.0055 0.0004 1.0000 1.0000 0.2273 0.0153 0.0010 0.0001 1.0000 0.6323 0.0427 0.0029 0.0002 1.0000 1.0000 0.1211 0.0082 0.0006 1.0000 1.0000 0.3561 0.0244 0.0017 0.0001 1.0000 1.0000 0.0766 0.0053 0.0004 1.0000 1.0000 0.2509 0.0175 0.0012 0.0001 1.0000 0.8159
1.0000 0.0001 0.0013 0.0182 0.2606 1.0000 1.0000 0.0004 0.0055 0.0787 1.0000 1.0000 0.0001 0.0017 0.0246 0.3574 1.0000 1.0000 0.0006 0.0081 0.1193 1.0000 1.0000 0.0002 0.0028 0.0415 0.6146 1.0000 0.0001 0.0010 0.0148 0.2192 1.0000 1.0000 0.0004 0.0053 0.0793 1.0000 1.0000 0.0001 0.0019 0.0287 0.4266 1.0000 0.0000 0.0007 0.0104 0.1527 1.0000 1.0000 0.0001 1.0000 1.0000 0.1527 0.0104 0.0007 0.0000 1.0000 0.4266 0.0287 0.0019 0.0001 1.0000 1.0000 0.0793 0.0053 0.0004 1.0000 1.0000 0.2192 0.0148 0.0010 0.0001 1.0000 0.6146 0.0415 0.0028 0.0002 1.0000 1.0000 0.1193 0.0081 0.0006 1.0000 1.0000 0.3574 0.0246 0.0017 0.0001 1.0000 1.0000 0.0787 0.0055 0.0004 1.0000 1.0000 0.2606 0.0182 0.0013 0.0001 1.0000
0.0001 0.0013 0.0189 0.2708 1.0000 1.0000 0.0004 0.0057 0.0812 1.0000 1.0000 0.0001 0.0017 0.0250 0.3622 1.0000 1.0000 0.0006 0.0081 0.1184 1.0000 1.0000 0.0002 0.0027 0.0405 0.5984 1.0000 0.0001 0.0010 0.0143 0.2119 1.0000 1.0000 0.0003 0.0051 0.0763 1.0000 1.0000 0.0001 0.0019 0.0276 0.4106 1.0000 0.0000 0.0007 0.0100 0.1484 1.0000 1.0000 0.0002 0.0010 0.0002 1.0000 1.0000 0.1484 0.0100 0.0007 0.0000 1.0000 0.4106 0.0276 0.0019 0.0001 1.0000 1.0000 0.0763 0.0051 0.0003 1.0000 1.0000 0.2119 0.0143 0.0010 0.0001 1.0000 0.5984 0.0405 0.0027 0.0002 1.0000 1.0000 0.1184 0.0081 0.0006 1.0000 1.0000 0.3622 0.0250 0.0017 0.0001 1.0000 1.0000 0.0812 0.0057 0.0004 1.0000 1.0000 0.2708 0.0189 0.0013 0.0001
0.0013 0.0197 0.2813 1.0000 1.0000 0.0004 0.0059 0.0842 1.0000 1.0000 0.0001 0.0018 0.0257 0.3699 1.0000 0.0000 0.0006 0.0081 0.1184 1.0000 1.0000 0.0002 0.0027 0.0397 0.5849 1.0000 0.0001 0.0009 0.0139 0.2055 1.0000 1.0000 0.0003 0.0050 0.0736 1.0000 1.0000 0.0001 0.0018 0.0266 0.3953 1.0000 0.0000 0.0006 0.0096 0.1432 1.0000 1.0000 0.0002 0.0028 0.0144 0.0028 0.0002 1.0000 1.0000 0.1432 0.0096 0.0006 0.0000 1.0000 0.3953 0.0266 0.0018 0.0001 1.0000 1.0000 0.0736 0.0050 0.0003 1.0000 1.0000 0.2055 0.0139 0.0009 0.0001 1.0000 0.5849 0.0397 0.0027 0.0002 1.0000 1.0000 0.1184 0.0081 0.0006 0.0000 1.0000 0.3699 0.0257 0.0018 0.0001 1.0000 1.0000 0.0842 0.0059 0.0004 1.0000 1.0000 0.2813 0.0197 0.0013
0.0199 0.2922 1.0000 1.0000 0.0004 0.0061 0.0875 1.0000 1.0000 0.0001 0.0018 0.0264 0.3798 1.0000 0.0000 0.0006 0.0082 0.1193 1.0000 1.0000 0.0002 0.0027 0.0393 0.5761 1.0000 0.0001 0.0009 0.0135 0.2001 1.0000 1.0000 0.0003 0.0048 0.0711 1.0000 1.0000 0.0001 0.0017 0.0256 0.3806 1.0000 0.0000 0.0006 0.0093 0.1378 1.0000 1.0000 0.0002 0.0032 0.0396 0.2067 0.0396 0.0032 0.0002 1.0000 1.0000 0.1378 0.0093 0.0006 0.0000 1.0000 0.3806 0.0256 0.0017 0.0001 1.0000 1.0000 0.0711 0.0048 0.0003 1.0000 1.0000 0.2001 0.0135 0.0009 0.0001 1.0000 0.5761 0.0393 0.0027 0.0002 1.0000 1.0000 0.1193 0.0082 0.0006 0.0000 1.0000 0.3798 0.0264 0.0018 0.0001 1.0000 1.0000 0.0875 0.0061 0.0004 1.0000 1.0000 0.2922 0.0199
0.2955 1.0000 1.0000 0.0004 0.0064 0.0909 1.0000 1.0000 0.0001 0.0019 0.0273 0.3916 1.0000 0.0000 0.0006 0.0084 0.1211 1.0000 1.0000 0.0002 0.0027 0.0391 0.5717 1.0000 0.0001 0.0009 0.0133 0.1956 1.0000 1.0000 0.0003 0.0047 0.0690 1.0000 1.0000 0.0001 0.0017 0.0247 0.3664 1.0000 0.0000 0.0006 0.0089 0.1327 1.0000 1.0000 0.0002 0.0032 0.0456 0.5663 1.0000 0.5663 0.0456 0.0032 0.0002 1.0000 1.0000 0.1327 0.0089 0.0006 0.0000 1.0000 0.3664 0.0247 0.0017 0.0001 1.0000 1.0000 0.0690 0.0047 0.0003 1.0000 1.0000 0.1956 0.0133 0.0009 0.0001 1.0000 0.5717 0.0391 0.0027 0.0002 1.0000 1.0000 0.1211 0.0084 0.0006 0.0000 1.0000 0.3916 0.0273 0.0019 0.0001 1.0000 1.0000 0.0909 0.0064 0.0004 1.0000 1.0000 0.2955
1.0000 1.0000 0.0005 0.0066 0.0944 1.0000 1.0000 0.0001 0.0020 0.0283 0.4052 1.0000 0.0000 0.0006 0.0086 0.1239 1.0000 1.0000 0.0002 0.0027 0.0393 0.5717 1.0000 0.0001 0.0009 0.0131 0.1919 1.0000 1.0000 0.0003 0.0045 0.0670 0.9905 1.0000 0.0001 0.0016 0.0238 0.3534 1.0000 0.0000 0.0006 0.0086 0.1277 1.0000 1.0000 0.0002 0.0031 0.0457 0.6519 1.0000 1.0000 1.0000 0.6519 0.0457 0.0031 0.0002 1.0000 1.0000 0.1277 0.0086 0.0006 0.0000 1.0000 0.3534 0.0238 0.0016 0.0001 1.0000 0.9905 0.0670 0.0045 0.0003 1.0000 1.0000 0.1919 0.0131 0.0009 0.0001 1.0000 0.5717 0.0393 0.0027 0.0002 1.0000 1.0000 0.1239 0.0086 0.0006 0.0000 1.0000 0.4052 0.0283 0.0020 0.0001 1.0000 1.0000 0.0944 0.0066 0.0005 1.0000 1.0000
1.0000 0.0005 0.0069 0.0981 1.0000 1.0000 0.0001 0.0021 0.0294 0.4201 1.0000 0.0000 0.0006 0.0089 0.1275 1.0000 1.0000 0.0002 0.0027 0.0397 0.5761 1.0000 0.0001 0.0009 0.0130 0.1897 1.0000 1.0000 0.0003 0.0044 0.0654 0.9663 1.0000 0.0001 0.0016 0.0230 0.3415 1.0000 1.0000 0.0006 0.0083 0.1230 1.0000 1.0000 0.0002 0.0030 0.0445 0.6544 1.0000 0.0001 0.0003 0.0001 1.0000 0.6544 0.0445 0.0030 0.0002 1.0000 1.0000 0.1230 0.0083 0.0006 1.0000 1.0000 0.3415 0.0230 0.0016 0.0001 1.0000 0.9663 0.0654 0.0044 0.0003 1.0000 1.0000 0.1897 0.0130 0.0009 0.0001 1.0000 0.5761 0.0397 0.0027 0.0002 1.0000 1.0000 0.1275 0.0089 0.0006 0.0000 1.0000 0.4201 0.0294 0.0021 0.0001 1.0000 1.0000 0.0981 0.0069 0.0005 1.0000
0.0005 0.0071 0.1019 1.0000 1.0000 0.0001 0.0021 0.0305 0.4364 1.0000 0.0000 0.0006 0.0092 0.1314 1.0000 1.0000 0.0002 0.0028 0.0405 0.5849 1.0000 0.0001 0.0009 0.0130 0.1890 1.0000 1.0000 0.0003 0.0044 0.0640 0.9445 1.0000 0.0001 0.0015 0.0224 0.3312 1.0000 1.0000 0.0005 0.0080 0.1186 1.0000 1.0000 0.0002 0.0029 0.0429 0.6360 1.0000 0.0001 0.0008 0.0043 0.0008 0.0001 1.0000 0.6360 0.0429 0.0029 0.0002 1.0000 1.0000 0.1186 0.0080 0.0005 1.0000 1.0000 0.3312 0.0224 0.0015 0.0001 1.0000 0.9445 0.0640 0.0044 0.0003 1.0000 1.0000 0.1890 0.0130 0.0009 0.0001 1.0000 0.5849 0.0405 0.0028 0.0002 1.0000 1.0000 0.1314 0.0092 0.0006 0.0000 1.0000 0.4364 0.0305 0.0021 0.0001 1.0000 1.0000 0.1019 0.0071 0.0005
0.0072 0.1058 1.0000 1.0000 0.0002 0.0022 0.0317 0.4533 1.0000 0.0000 0.0007 0.0095 0.1360 1.0000 1.0000 0.0002 0.0029 0.0415 0.5984 1.0000 0.0001 0.0009 0.0131 0.1897 1.0000 1.0000 0.0003 0.0043 0.0631 0.9267 1.0000 0.0001 0.0015 0.0218 0.3225 1.0000 1.0000 0.0005 0.0077 0.1146 1.0000 1.0000 0.0002 0.0028 0.0413 0.6134 1.0000 0.0001 0.0010 0.0119 0.0619 0.0119 0.0010 0.0001 1.0000 0.6134 0.0413 0.0028 0.0002 1.0000 1.0000 0.1146 0.0077 0.0005 1.0000 1.0000 0.3225 0.0218 0.0015 0.0001 1.0000 0.9267 0.0631 0.0043 0.0003 1.0000 1.0000 0.1897 0.0131 0.0009 0.0001 1.0000 0.5984 0.0415 0.0029 0.0002 1.0000 1.0000 0.1360 0.0095 0.0007 0.0000 1.0000 0.4533 0.0317 0.0022 0.0002 1.0000 1.0000 0.1058 0.0072
0.1070 1.0000 1.0000 0.0002 0.0023 0.0329 0.4709 1.0000 0.0000 0.0007 0.0099 0.1410 1.0000 1.0000 0.0002 0.0030 0.0427 0.6146 1.0000 0.0001 0.0009 0.0133 0.1919 1.0000 1.0000 0.0003 0.0043 0.0626 0.9162 1.0000 0.0001 0.0015 0.0214 0.3152 1.0000 1.0000 0.0005 0.0075 0.1112 1.0000 1.0000 0.0002 0.0027 0.0397 0.5905 1.0000 0.0001 0.0010 0.0136 0.1696 0.8854 0.1696 0.0136 0.0010 0.0001 1.0000 0.5905 0.0397 0.0027 0.0002 1.0000 1.0000 0.1112 0.0075 0.0005 1.0000 1.0000 0.3152 0.0214 0.0015 0.0001 1.0000 0.9162 0.0626 0.0043 0.0003 1.0000 1.0000 0.1919 0.0133 0.0009 0.0001 1.0000 0.6146 0.0427 0.0030 0.0002 1.0000 1.0000 0.1410 0.0099 0.0007 0.0000 1.0000 0.4709 0.0329 0.0023 0.0002 1.0000 1.0000 0.1070
1.0000 1.0000 0.0002 0.0024 0.0342 0.4892 1.0000 0.0001 0.0007 0.0102 0.1465 1.0000 1.0000 0.0002 0.0031 0.0441 0.6323 1.0000 0.0001 0.0009 0.0135 0.1956 1.0000 1.0000 0.0003 0.0043 0.0626 0.9128 1.0000 0.0001 0.0014 0.0210 0.3093 1.0000 1.0000 0.0005 0.0073 0.1081 1.0000 1.0000 0.0002 0.0026 0.0383 0.5695 1.0000 0.0001 0.0009 0.0137 0.1952 1.0000 1.0000 1.0000 0.1952 0.0137 0.0009 0.0001 1.0000 0.5695 0.0383 0.0026 0.0002 1.0000 1.0000 0.1081 0.0073 0.0005 1.0000 1.0000 0.3093 0.0210 0.0014 0.0001 1.0000 0.9128 0.0626 0.0043 0.0003 1.0000 1.0000 0.1956 0.0135 0.0009 0.0001 1.0000 0.6323 0.0441 0.0031 0.0002 1.0000 1.0000 0.1465 0.0102 0.0007 0.0001 1.0000 0.4892 0.0342 0.0024 0.0002 1.0000 1.0000
1.0000 0.0002 0.0025 0.0355 0.5081 1.0000 0.0001 0.0007 0.0106 0.1522 1.0000 1.0000 0.0002 0.0032 0.0457 0.6531 1.0000 0.0001 0.0010 0.0139 0.2001 1.0000 1.0000 0.0003 0.0044 0.0631 0.9162 1.0000 0.0001 0.0014 0.0208 0.3046 1.0000 1.0000 0.0005 0.0071 0.1054 1.0000 1.0000 0.0002 0.0025 0.0371 0.5504 1.0000 0.0001 0.0009 0.0133 0.1960 1.0000 1.0000 0.0001 1.0000 1.0000 0.1960 0.0133 0.0009 0.0001 1.0000 0.5504 0.0371 0.0025 0.0002 1.0000 1.0000 0.1054 0.0071 0.0005 1.0000 1.0000 0.3046 0.0208 0.0014 0.0001 1.0000 0.9162 0.0631 0.0044 0.0003 1.0000 1.0000 0.2001 0.0139 0.0010 0.0001 1.0000 0.6531 0.0457 0.0032 0.0002 1.0000 1.0000 0.1522 0.0106 0.0007 0.0001 1.0000 0.5081 0.0355 0.0025 0.0002 1.0000
0.0002 0.0026 0.0369 0.5278 1.0000 0.0001 0.0008 0.0110 0.1581 1.0000 1.0000 0.0002 0.0033 0.0473 0.6771 1.0000 0.0001 0.0010 0.0143 0.2055 1.0000 1.0000 0.0003 0.0044 0.0640 0.9267 1.0000 0.0001 0.0014 0.0207 0.3023 1.0000 1.0000 0.0005 0.0070 0.1032 1.0000 1.0000 0.0002 0.0024 0.0361 0.5339 1.0000 0.0001 0.0009 0.0129 0.1908 1.0000 1.0000 0.0002 0.0013 0.0002 1.0000 1.0000 0.1908 0.0129 0.0009 0.0001 1.0000 0.5339 0.0361 0.0024 0.0002 1.0000 1.0000 0.1032 0.0070 0.0005 1.0000 1.0000 0.3023 0.0207 0.0014 0.0001 1.0000 0.9267 0.0640 0.0044 0.0003 1.0000 1.0000 0.2055 0.0143 0.0010 0.0001 1.0000 0.6771 0.0473 0.0033 0.0002 1.0000 1.0000 0.1581 0.0110 0.0008 0.0001 1.0000 0.5278 0.0369 0.0026 0.0002
0.0026 0.0383 0.5483 1.0000 0.0001 0.0008 0.0115 0.1642 1.0000 1.0000 0.0002 0.0034 0.0492 0.7034 1.0000 0.0001 0.0010 0.0148 0.2119 1.0000 1.0000 0.0003 0.0045 0.0654 0.9445 1.0000 0.0001 0.0014 0.0208 0.3023 1.0000 1.0000 0.0005 0.0069 0.1015 1.0000 1.0000 0.0002 0.0024 0.0352 0.5198 1.0000 0.0001 0.0008 0.0125 0.1847 1.0000 1.0000 0.0003 0.0036 0.0185 0.0036 0.0003 1.0000 1.0000 0.1847 0.0125 0.0008 0.0001 1.0000 0.5198 0.0352 0.0024 0.0002 1.0000 1.0000 0.1015 0.0069 0.0005 1.0000 1.0000 0.3023 0.0208 0.0014 0.0001 1.0000 0.9445 0.0654 0.0045 0.0003 1.0000 1.0000 0.2119 0.0148 0.0010 0.0001 1.0000 0.7034 0.0492 0.0034 0.0002 1.0000 1.0000 0.1642 0.0115 0.0008 0.0001 1.0000 0.5483 0.0383 0.0026
0.0388 0.5695 1.0000 0.0001 0.0008 0.0119 0.1706 1.0000 1.0000 0.0002 0.0036 0.0511 0.7307 1.0000 0.0001 0.0011 0.0153 0.2192 1.0000 1.0000 0.0003 0.0047 0.0670 0.9663 1.0000 0.0001 0.0015 0.0210 0.3046 1.0000 1.0000 0.0005 0.0069 0.1003 1.0000 1.0000 0.0002 0.0023 0.0345 0.5081 1.0000 0.0001 0.0008 0.0121 0.1789 1.0000 1.0000 0.0003 0.0041 0.0509 0.2651 0.0509 0.0041 0.0003 1.0000 1.0000 0.1789 0.0121 0.0008 0.0001 1.0000 0.5081 0.0345 0.0023 0.0002 1.0000 1.0000 0.1003 0.0069 0.0005 1.0000 1.0000 0.3046 0.0210 0.0015 0.0001 1.0000 0.9663 0.0670 0.0047 0.0003 1.0000 1.0000 0.2192 0.0153 0.0011 0.0001 1.0000 0.7307 0.0511 0.0036 0.0002 1.0000 1.0000 0.1706 0.0119 0.0008 0.0001 1.0000 0.5695 0.0388
0.5761 1.0000 0.0001 0.0009 0.0124 0.1772 1.0000 1.0000 0.0003 0.0037 0.0531 0.7590 1.0000 0.0001 0.0011 0.0159 0.2273 1.0000 1.0000 0.0003 0.0048 0.0690 0.9905 1.0000 0.0001 0.0015 0.0214 0.3093 1.0000 1.0000 0.0005 0.0069 0.0999 1.0000 1.0000 0.0002 0.0023 0.0339 0.4985 1.0000 0.0001 0.0008 0.0118 0.1738 1.0000 1.0000 0.0003 0.0041 0.0586 0.7293 1.0000 0.7293 0.0586 0.0041 0.0003 1.0000 1.0000 0.1738 0.0118 0.0008 0.0001 1.0000 0.4985 0.0339 0.0023 0.0002 1.0000 1.0000 0.0999 0.0069 0.0005 1.0000 1.0000 0.3093 0.0214 0.0015 0.0001 1.0000 0.9905 0.0690 0.0048 0.0003 1.0000 1.0000 0.2273 0.0159 0.0011 0.0001 1.0000 0.7590 0.0531 0.0037 0.0003 1.0000 1.0000 0.1772 0.0124 0.0009 0.0001 1.0000 0.5761
1.0000 0.0001 0.0009 0.0129 0.1840 1.0000 1.0000 0.0003 0.0039 0.0551 0.7884 1.0000 0.0001 0.0012 0.0165 0.2361 1.0000 1.0000 0.0003 0.0050 0.0711 1.0000 1.0000 0.0001 0.0015 0.0218 0.3152 1.0000 1.0000 0.0005 0.0069 0.1003 1.0000 1.0000 0.0002 0.0023 0.0334 0.4901 1.0000 0.0001 0.0008 0.0115 0.1696 1.0000 1.0000 0.0003 0.0040 0.0591 0.8411 1.0000 1.0000 1.0000 0.8411 0.0591 0.0040 0.0003 1.0000 1.0000 0.1696 0.0115 0.0008 0.0001 1.0000 0.4901 0.0334 0.0023 0.0002 1.0000 1.0000 0.1003 0.0069 0.0005 1.0000 1.0000 0.3152 0.0218 0.0015 0.0001 1.0000 1.0000 0.0711 0.0050 0.0003 1.0000 1.0000 0.2361 0.0165 0.0012 0.0001 1.0000 0.7884 0.0551 0.0039 0.0003 1.0000 1.0000 0.1840 0.0129 0.0009 0.0001 1.0000
0.0001 0.0009 0.0134 0.1912 1.0000 1.0000 0.0003 0.0040 0.0573 0.8190 1.0000 0.0001 0.0012 0.0171 0.2453 1.0000 1.0000 0.0004 0.0051 0.0736 1.0000 1.0000 0.0001 0.0016 0.0224 0.3225 1.0000 1.0000 0.0005 0.0070 0.1015 1.0000 1.0000 0.0002 0.0023 0.0331 0.4845 1.0000 0.0001 0.0008 0.0113 0.1661 1.0000 1.0000 0.0003 0.0039 0.0580 0.8507 1.0000 0.0001 0.0004 0.0001 1.0000 0.8507 0.0580 0.0039 0.0003 1.0000 1.0000 0.1661 0.0113 0.0008 0.0001 1.0000 0.4845 0.0331 0.0023 0.0002 1.0000 1.0000 0.1015 0.0070 0.0005 1.0000 1.0000 0.3225 0.0224 0.0016 0.0001 1.0000 1.0000 0.0736 0.0051 0.0004 1.0000 1.0000 0.2453 0.0171 0.0012 0.0001 1.0000 0.8190 0.0573 0.0040 0.0003 1.0000 1.0000 0.1912 0.0134 0.0009 0.0001
0.0009 0.0139 0.1986 1.0000 1.0000 0.0003 0.0042 0.0595 0.8507 1.0000 0.0001 0.0012 0.0178 0.2548 1.0000 1.0000 0.0004 0.0053 0.0763 1.0000 1.0000 0.0001 0.0016 0.0230 0.3312 1.0000 1.0000 0.0005 0.0071 0.1032 1.0000 1.0000 0.0002 0.0023 0.0331 0.4827 1.0000 0.0001 0.0008 0.0111 0.1633 1.0000 1.0000 0.0003 0.0038 0.0567 0.8363 1.0000 0.0001 0.0011 0.0056 0.0011 0.0001 1.0000 0.8363 0.0567 0.0038 0.0003 1.0000 1.0000 0.1633 0.0111 0.0008 0.0001 1.0000 0.4827 0.0331 0.0023 0.0002 1.0000 1.0000 0.1032 0.0071 0.0005 1.0000 1.0000 0.3312 0.0230 0.0016 0.0001 1.0000 1.0000 0.0763 0.0053 0.0004 1.0000 1.0000 0.2548 0.0178 0.0012 0.0001 1.0000 0.8507 0.0595 0.0042 0.0003 1.0000 1.0000 0.1986 0.0139 0.0009
0.0140 0.2063 1.0000 1.0000 0.0003 0.0043 0.0618 0.8837 1.0000 0.0001 0.0013 0.0185 0.2646 1.0000 1.0000 0.0004 0.0055 0.0793 1.0000 1.0000 0.0001 0.0017 0.0238 0.3415 1.0000 1.0000 0.0005 0.0073 0.1054 1.0000 1.0000 0.0002 0.0023 0.0334 0.4845 1.0000 0.0001 0.0008 0.0110 0.1611 1.0000 1.0000 0.0003 0.0038 0.0555 0.8190 1.0000 0.0001 0.0012 0.0154 0.0805 0.0154 0.0012 0.0001 1.0000 0.8190 0.0555 0.0038 0.0003 1.0000 1.0000 0.1611 0.0110 0.0008 0.0001 1.0000 0.4845 0.0334 0.0023 0.0002 1.0000 1.0000 0.1054 0.0073 0.0005 1.0000 1.0000 0.3415 0.0238 0.0017 0.0001 1.0000 1.0000 0.0793 0.0055 0.0004 1.0000 1.0000 0.2646 0.0185 0.0013 0.0001 1.0000 0.8837 0.0618 0.0043 0.0003 1.0000 1.0000 0.2063 0.0140
0.2087 1.0000 1.0000 0.0003 0.0045 0.0642 0.9180 1.0000 0.0001 0.0013 0.0192 0.2749 1.0000 1.0000 0.0004 0.0058 0.0823 1.0000 1.0000 0.0001 0.0017 0.0247 0.3534 1.0000 1.0000 0.0005 0.0075 0.1081 1.0000 1.0000 0.0002 0.0023 0.0339 0.4901 1.0000 0.0001 0.0008 0.0109 0.1599 1.0000 1.0000 0.0003 0.0037 0.0545 0.8020 1.0000 0.0001 0.0013 0.0179 0.2222 1.0000 0.2222 0.0179 0.0013 0.0001 1.0000 0.8020 0.0545 0.0037 0.0003 1.0000 1.0000 0.1599 0.0109 0.0008 0.0001 1.0000 0.4901 0.0339 0.0023 0.0002 1.0000 1.0000 0.1081 0.0075 0.0005 1.0000 1.0000 0.3534 0.0247 0.0017 0.0001 1.0000 1.0000 0.0823 0.0058 0.0004 1.0000 1.0000 0.2749 0.0192 0.0013 0.0001 1.0000 0.9180 0.0642 0.0045 0.0003 1.0000 1.0000 0.2087
1.0000 1.0000 0.0003 0.0047 0.0667 0.9536 1.0000 0.0001 0.0014 0.0200 0.2856 1.0000 1.0000 0.0004 0.0060 0.0855 1.0000 1.0000 0.0001 0.0018 0.0256 0.3664 1.0000 1.0000 0.0005 0.0077 0.1112 1.0000 1.0000 0.0002 0.0024 0.0345 0.4985 1.0000 0.0001 0.0008 0.0110 0.1599 1.0000 1.0000 0.0002 0.0037 0.0537 0.7884 1.0000 0.0001 0.0013 0.0183 0.2582 1.0000 1.0000 1.0000 0.2582 0.0183 0.0013 0.0001 1.0000 0.7884 0.0537 0.0037 0.0002 1.0000 1.0000 0.1599 0.0110 0.0008 0.0001 1.0000 0.4985 0.0345 0.0024 0.0002 1.0000 1.0000 0.1112 0.0077 0.0005 1.0000 1.0000 0.3664 0.0256 0.0018 0.0001 1.0000 1.0000 0.0855 0.0060 0.0004 1.0000 1.0000 0.2856 0.0200 0.0014 0.0001 1.0000 0.9536 0.0667 0.0047 0.0003 1.0000 1.0000
1.0000 0.0003 0.0048 0.0692 0.9905 1.0000 0.0001 0.0014 0.0207 0.2966 1.0000 1.0000 0.0004 0.0062 0.0888 1.0000 1.0000 0.0001 0.0019 0.0266 0.3806 1.0000 0.0000 0.0006 0.0080 0.1146 1.0000 1.0000 0.0002 0.0024 0.0352 0.5081 1.0000 0.0001 0.0008 0.0111 0.1611 1.0000 1.0000 0.0002 0.0036 0.0531 0.7780 1.0000 0.0001 0.0012 0.0181 0.2636 1.0000 1.0000 0.0001 1.0000 1.0000 0.2636 0.0181 0.0012 0.0001 1.0000 0.7780 0.0531 0.0036 0.0002 1.0000 1.0000 0.1611 0.0111 0.0008 0.0001 1.0000 0.5081 0.0352 0.0024 0.0002 1.0000 1.0000 0.1146 0.0080 0.0006 0.0000 1.0000 0.3806 0.0266 0.0019 0.0001 1.0000 1.0000 0.0888 0.0062 0.0004 1.0000 1.0000 0.2966 0.0207 0.0014 0.0001 1.0000 0.9905 0.0692 0.0048 0.0003 1.0000
0.0003 0.0050 0.0719 1.0000 1.0000 0.0001 0.0015 0.0215 0.3081 1.0000 1.0000 0.0005 0.0065 0.0923 1.0000 1.0000 0.0001 0.0019 0.0276 0.3953 1.0000 0.0000 0.0006 0.0083 0.1186 1.0000 1.0000 0.0002 0.0025 0.0361 0.5198 1.0000 0.0001 0.0008 0.0113 0.1633 1.0000 1.0000 0.0002 0.0036 0.0529 0.7721 1.0000 0.0001 0.0012 0.0179 0.2616 1.0000 1.0000 0.0003 0.0017 0.0003 1.0000 1.0000 0.2616 0.0179 0.0012 0.0001 1.0000 0.7721 0.0529 0.0036 0.0002 1.0000 1.0000 0.1633 0.0113 0.0008 0.0001 1.0000 0.5198 0.0361 0.0025 0.0002 1.0000 1.0000 0.1186 0.0083 0.0006 0.0000 1.0000 0.3953 0.0276 0.0019 0.0001 1.0000 1.0000 0.0923 0.0065 0.0005 1.0000 1.0000 0.3081 0.0215 0.0015 0.0001 1.0000 1.0000 0.0719 0.0050 0.0003
0.0051 0.0747 1.0000 1.0000 0.0001 0.0016 0.0224 0.3201 1.0000 1.0000 0.0005 0.0067 0.0959 1.0000 1.0000 0.0001 0.0020 0.0287 0.4106 1.0000 0.0000 0.0006 0.0086 0.1230 1.0000 1.0000 0.0002 0.0026 0.0371 0.5339 1.0000 0.0001 0.0008 0.0115 0.1661 1.0000 1.0000 0.0003 0.0037 0.0531 0.7721 1.0000 0.0001 0.0012 0.0176 0.2587 1.0000 1.0000 0.0004 0.0048 0.0250 0.0048 0.0004 1.0000 1.0000 0.2587 0.0176 0.0012 0.0001 1.0000 0.7721 0.0531 0.0037 0.0003 1.0000 1.0000 0.1661 0.0115 0.0008 0.0001 1.0000 0.5339 0.0371 0.0026 0.0002 1.0000 1.0000 0.1230 0.0086 0.0006 0.0000 1.0000 0.4106 0.0287 0.0020 0.0001 1.0000 1.0000 0.0959 0.0067 0.0005 1.0000 1.0000 0.3201 0.0224 0.0016 0.0001 1.0000 1.0000 0.0747 0.0051
0.0756 1.0000 1.0000 0.0001 0.0016 0.0232 0.3325 1.0000 1.0000 0.0005 0.0070 0.0996 1.0000 1.0000 0.0001 0.0021 0.0298 0.4266 1.0000 0.0000 0.0006 0.0089 0.1277 1.0000 1.0000 0.0002 0.0027 0.0383 0.5504 1.0000 0.0001 0.0008 0.0118 0.1696 1.0000 1.0000 0.0003 0.0037 0.0537 0.7780 1.0000 0.0001 0.0012 0.0175 0.2562 1.0000 1.0000 0.0004 0.0056 0.0695 0.3615 0.0695 0.0056 0.0004 1.0000 1.0000 0.2562 0.0175 0.0012 0.0001 1.0000 0.7780 0.0537 0.0037 0.0003 1.0000 1.0000 0.1696 0.0118 0.0008 0.0001 1.0000 0.5504 0.0383 0.0027 0.0002 1.0000 1.0000 0.1277 0.0089 0.0006 0.0000 1.0000 0.4266 0.0298 0.0021 0.0001 1.0000 1.0000 0.0996 0.0070 0.0005 1.0000 1.0000 0.3325 0.0232 0.0016 0.0001 1.0000 1.0000 0.0756
1.0000 1.0000 0.0001 0.0017 0.0241 0.3454 1.0000 1.0000 0.0005 0.0072 0.1034 1.0000 1.0000 0.0002 0.0022 0.0310 0.4431 1.0000 0.0000 0.0006 0.0093 0.1327 1.0000 1.0000 0.0002 0.0028 0.0397 0.5695 1.0000 0.0001 0.0008 0.0121 0.1738 1.0000 1.0000 0.0003 0.0038 0.0545 0.7884 1.0000 0.0001 0.0012 0.0175 0.2553 1.0000 1.0000 0.0004 0.0058 0.0815 1.0000 1.0000 1.0000 0.0815 0.0058 0.0004 1.0000 1.0000 0.2553 0.0175 0.0012 0.0001 1.0000 0.7884 0.0545 0.0038 0.0003 1.0000 1.0000 0.1738 0.0121 0.0008 0.0001 1.0000 0.5695 0.0397 0.0028 0.0002 1.0000 1.0000 0.1327 0.0093 0.0006 0.0000 1.0000 0.4431 0.0310 0.0022 0.0002 1.0000 1.0000 0.1034 0.0072 0.0005 1.0000 1.0000 0.3454 0.0241 0.0017 0.0001 1.0000 1.0000
1.0000 0.0001 0.0018 0.0251 0.3588 1.0000 1.0000 0.0005 0.0075 0.1074 1.0000 1.0000 0.0002 0.0022 0.0322 0.4603 1.0000 0.0000 0.0007 0.0096 0.1378 1.0000 1.0000 0.0002 0.0029 0.0413 0.5905 1.0000 0.0001 0.0009 0.0125 0.1789 1.0000 1.0000 0.0003 0.0038 0.0555 0.8020 1.0000 0.0001 0.0012 0.0176 0.2562 1.0000 1.0000 0.0004 0.0058 0.0839 1.0000 1.0000 1.0000 1.0000 1.0000 0.0839 0.0058 0.0004 1.0000 1.0000 0.2562 0.0176 0.0012 0.0001 1.0000 0.8020 0.0555 0.0038 0.0003 1.0000 1.0000 0.1789 0.0125 0.0009 0.0001 1.0000 0.5905 0.0413 0.0029 0.0002 1.0000 1.0000 0.1378 0.0096 0.0007 0.0000 1.0000 0.4603 0.0322 0.0022 0.0002 1.0000 1.0000 0.1074 0.0075 0.0005 1.0000 1.0000 0.3588 0.0251 0.0018 0.0001 1.0000
0.0001 0.0018 0.0261 0.3727 1.0000 1.0000 0.0005 0.0078 0.1116 1.0000 1.0000 0.0002 0.0023 0.0334 0.4781 1.0000 0.0000 0.0007 0.0100 0.1432 1.0000 1.0000 0.0002 0.0030 0.0429 0.6134 1.0000 0.0001 0.0009 0.0129 0.1847 1.0000 1.0000 0.0003 0.0039 0.0567 0.8190 1.0000 0.0001 0.0012 0.0179 0.2587 1.0000 1.0000 0.0004 0.0058 0.0844 1.0000 1.0000 0.0001 0.0005 0.0001 1.0000 1.0000 0.0844 0.0058 0.0004 1.0000 1.0000 0.2587 0.0179 0.0012 0.0001 1.0000 0.8190 0.0567 0.0039 0.0003 1.0000 1.0000 0.1847 0.0129 0.0009 0.0001 1.0000 0.6134 0.0429 0.0030 0.0002 1.0000 1.0000 0.1432 0.0100 0.0007 0.0000 1.0000 0.4781 0.0334 0.0023 0.0002 1.0000 1.0000 0.1116 0.0078 0.0005 1.0000 1.0000 0.3727 0.0261 0.0018 0.0001
0.0018 0.0270 0.3864 1.0000 0.0000 0.0006 0.0081 0.1157 1.0000 1.0000 0.0002 0.0024 0.0347 0.4957 1.0000 0.0001 0.0007 0.0104 0.1484 1.0000 1.0000 0.0002 0.0031 0.0445 0.6360 1.0000 0.0001 0.0009 0.0133 0.1908 1.0000 1.0000 0.0003 0.0040 0.0580 0.8363 1.0000 0.0001 0.0013 0.0181 0.2616 1.0000 1.0000 0.0004 0.0058 0.0844 1.0000 1.0000 0.0001 0.0015 0.0079 0.0015 0.0001 1.0000 1.0000 0.0844 0.0058 0.0004 1.0000 1.0000 0.2616 0.0181 0.0013 0.0001 1.0000 0.8363 0.0580 0.0040 0.0003 1.0000 1.0000 0.1908 0.0133 0.0009 0.0001 1.0000 0.6360 0.0445 0.0031 0.0002 1.0000 1.0000 0.1484 0.0104 0.0007 0.0001 1.0000 0.4957 0.0347 0.0024 0.0002 1.0000 1.0000 0.1157 0.0081 0.0006 0.0000 1.0000 0.3864 0.0270 0.0018
0.0270 0.3976 1.0000 0.0000 0.0006 0.0083 0.1191 1.0000 1.0000 0.0002 0.0025 0.0357 0.5101 1.0000 0.0001 0.0007 0.0107 0.1527 1.0000 1.0000 0.0002 0.0032 0.0457 0.6544 1.0000 0.0001 0.0010 0.0137 0.1960 1.0000 1.0000 0.0003 0.0041 0.0591 0.8507 1.0000 0.0001 0.0013 0.0183 0.2636 1.0000 1.0000 0.0004 0.0058 0.0839 1.0000 1.0000 0.0001 0.0018 0.0220 0.1142 0.0220 0.0018 0.0001 1.0000 1.0000 0.0839 0.0058 0.0004 1.0000 1.0000 0.2636 0.0183 0.0013 0.0001 1.0000 0.8507 0.0591 0.0041 0.0003 1.0000 1.0000 0.1960 0.0137 0.0010 0.0001 1.0000 0.6544 0.0457 0.0032 0.0002 1.0000 1.0000 0.1527 0.0107 0.0007 0.0001 1.0000 0.5101 0.0357 0.0025 0.0002 1.0000 1.0000 0.1191 0.0083 0.0006 0.0000 1.0000 0.3976 0.0270
0.3849 1.0000 0.0000 0.0006 0.0083 0.1186 1.0000 1.0000 0.0002 0.0025 0.0355 0.5081 1.0000 0.0001 0.0007 0.0106 0.1522 1.0000 1.0000 0.0002 0.0032 0.0456 0.6519 1.0000 0.0001 0.0010 0.0136 0.1952 1.0000 1.0000 0.0003 0.0041 0.0586 0.8411 1.0000 0.0001 0.0012 0.0179 0.2582 1.0000 1.0000 0.0004 0.0056 0.0815 1.0000 1.0000 0.0001 0.0018 0.0251 0.3081 1.0000 0.3081 0.0251 0.0018 0.0001 1.0000 1.0000 0.0815 0.0056 0.0004 1.0000 1.0000 0.2582 0.0179 0.0012 0.0001 1.0000 0.8411 0.0586 0.0041 0.0003 1.0000 1.0000 0.1952 0.0136 0.0010 0.0001 1.0000 0.6519 0.0456 0.0032 0.0002 1.0000 1.0000 0.1522 0.0106 0.0007 0.0001 1.0000 0.5081 0.0355 0.0025 0.0002 1.0000 1.0000 0.1186 0.0083 0.0006 0.0000 1.0000 0.3849
1.0000 1.0000 0.0005 0.0072 0.1030 1.0000 1.0000 0.0002 0.0022 0.0309 0.4414 1.0000 0.0000 0.0006 0.0092 0.1322 1.0000 1.0000 0.0002 0.0028 0.0396 0.5663 1.0000 0.0001 0.0008 0.0119 0.1696 1.0000 1.0000 0.0002 0.0036 0.0509 0.7293 1.0000 0.0001 0.0011 0.0154 0.2222 1.0000 1.0000 0.0003 0.0048 0.0695 1.0000 1.0000 0.0001 0.0015 0.0220 0.3081 1.0000 1.0000 1.0000 0.3081 0.0220 0.0015 0.0001 1.0000 1.0000 0.0695 0.0048 0.0003 1.0000 1.0000 0.2222 0.0154 0.0011 0.0001 1.0000 0.7293 0.0509 0.0036 0.0002 1.0000 1.0000 0.1696 0.0119 0.0008 0.0001 1.0000 0.5663 0.0396 0.0028 0.0002 1.0000 1.0000 0.1322 0.0092 0.0006 0.0000 1.0000 0.4414 0.0309 0.0022 0.0002 1.0000 1.0000 0.1030 0.0072 0.0005 1.0000 1.0000
1.0000 0.0002 0.0026 0.0376 0.5380 1.0000 0.0001 0.0008 0.0113 0.1611 1.0000 1.0000 0.0002 0.0034 0.0482 0.6901 1.0000 0.0001 0.0010 0.0144 0.2067 1.0000 1.0000 0.0003 0.0043 0.0619 0.8854 1.0000 0.0001 0.0013 0.0185 0.2651 1.0000 1.0000 0.0004 0.0056 0.0805 1.0000 1.0000 0.0001 0.0017 0.0250 0.3615 1.0000 1.0000 0.0005 0.0079 0.1142 1.0000 1.0000 0.0000 1.0000 1.0000 0.1142 0.0079 0.0005 1.0000 1.0000 0.3615 0.0250 0.0017 0.0001 1.0000 1.0000 0.0805 0.0056 0.0004 1.0000 1.0000 0.2651 0.0185 0.0013 0.0001 1.0000 0.8854 0.0619 0.0043 0.0003 1.0000 1.0000 0.2067 0.0144 0.0010 0.0001 1.0000 0.6901 0.0482 0.0034 0.0002 1.0000 1.0000 0.1611 0.0113 0.0008 0.0001 1.0000 0.5380 0.0376 0.0026 0.0002 1.0000
1.0000 1.0000 0.0005 0.0072 0.1030 1.0000 1.0000 0.0002 0.0022 0.0309 0.4414 1.0000 0.0000 0.0006 0.0092 0.1322 1.0000 1.0000 0.0002 0.0028 0.0396 0.5663 1.0000 0.0001 0.0008 0.0119 0.1696 1.0000 1.0000 0.0002 0.0036 0.0509 0.7293 1.0000 0.0001 0.0011 0.0154 0.2222 1.0000 1.0000 0.0003 0.0048 0.0695 1.0000 1.0000 0.0001 0.0015 0.0220 0.3081 1.0000 1.0000 1.0000 0.3081 0.0220 0.0015 0.0001 1.0000 1.0000 0.0695 0.0048 0.0003 1.0000 1.0000 0.2222 0.0154 0.0011 0.0001 1.0000 0.7293 0.0509 0.0036 0.0002 1.0000 1.0000 0.1696 0.0119 0.0008 0.0001 1.0000 0.5663 0.0396 0.0028 0.0002 1.0000 1.0000 0.1322 0.0092 0.0006 0.0000 1.0000 0.4414 0.0309 0.0022 0.0002 1.0000 1.0000 0.1030 0.0072 0.0005 1.0000 1.0000
0.3849 1.0000 0.0000 0.0006 0.0083 0.1186 1.0000 1.0000 0.0002 0.0025 0.0355 0.5081 1.0000 0.0001 0.0007 0.0106 0.1522 1.0000 1.0000 0.0002 0.0032 0.0456 0.6519 1.0000 0.0001 0.0010 0.0136 0.1952 1.0000 1.0000 0.0003 0.0041 0.0586 0.8411 1.0000 0.0001 0.0012 0.0179 0.2582 1.0000 1.0000 0.0004 0.0056 0.0815 1.0000 1.0000 0.0001 0.0018 0.0251 0.3081 1.0000 0.3081 0.0251 0.0018 0.0001 1.0000 1.0000 0.0815 0.0056 0.0004 1.0000 1.0000 0.2582 0.0179 0.0012 0.0001 1.0000 0.8411 0.0586 0.0041 0.0003 1.0000 1.0000 0.1952 0.0136 0.0010 0.0001 1.0000 0.6519 0.0456 0.0032 0.0002 1.0000 1.0000 0.1522 0.0106 0.0007 0.0001 1.0000 0.5081 0.0355 0.0025 0.0002 1.0000 1.0000 0.1186 0.0083 0.0006 0.0000 1.0000 0.3849
0.0270 0.3976 1.0000 0.0000 0.0006 0.0083 0.1191 1.0000 1.0000 0.0002 0.0025 0.0357 0.5101 1.0000 0.0001 0.0007 0.0107 0.1527 1.0000 1.0000 0.0002 0.0032 0.0457 0.6544 1.0000 0.0001 0.0010 0.0137 0.1960 1.0000 1.0000 0.0003 0.0041 0.0591 0.8507 1.0000 0.0001 0.0013 0.0183 0.2636 1.0000 1.0000 0.0004 0.0058 0.0839 1.0000 1.0000 0.0001 0.0018 0.0220 0.1142 0.0220 0.0018 0.0001 1.0000 1.0000 0.0839 0.0058 0.0004 1.0000 1.0000 0.2636 0.0183 0.0013 0.0001 1.0000 0.8507 0.0591 0.0041 0.0003 1.0000 1.0000 0.1960 0.0137 0.0010 0.0001 1.0000 0.6544 0.0457 0.0032 0.0002 1.0000 1.0000 0.1527 0.0107 0.0007 0.0001 1.0000 0.5101 0.0357 0.0025 0.0002 1.0000 1.0000 0.1191 0.0083 0.0006 0.0000 1.0000 0.3976 0.0270
0.0018 0.0270 0.3864 1.0000 0.0000 0.0006 0.0081 0.1157 1.0000 1.0000 0.0002 0.0024 0.0347 0.4957 1.0000 0.0001 0.0007 0.0104 0.1484 1.0000 1.0000 0.0002 0.0031 0.0445 0.6360 1.0000 0.0001 0.0009 0.0133 0.1908 1.0000 1.0000 0.0003 0.0040 0.0580 0.8363 1.0000 0.0001 0.0013 0.0181 0.2616 1.0000 1.0000 0.0004 0.0058 0.0844 1.0000 1.0000 0.0001 0.0015 0.0079 0.0015 0.0001 1.0000 1.0000 0.0844 0.0058 0.0004 1.0000 1.0000 0.2616 0.0181 0.0013 0.0001 1.0000 0.8363 0.0580 0.0040 0.0003 1.0000 1.0000 0.1908 0.0133 0.0009 0.0001 1.0000 0.6360 0.0445 0.0031 0.0002 1.0000 1.0000 0.1484 0.0104 0.0007 0.0001 1.0000 0.4957 0.0347 0.0024 0.0002 1.0000 1.0000 0.1157 0.0081 0.0006 0.0000 1.0000 0.3864 0.0270 0.0018
0.0001 0.0018 0.0261 0.3727 1.0000 1.0000 0.0005 0.0078 0.1116 1.0000 1.0000 0.0002 0.0023 0.0334 0.4781 1.0000 0.0000 0.0007 0.0100 0.1432 1.0000 1.0000 0.0002 0.0030 0.0429 0.6134 1.0000 0.0001 0.0009 0.0129 0.1847 1.0000 1.0000 0.0003 0.0039 0.0567 0.8190 1.0000 0.0001 0.0012 0.0179 0.2587 1.0000 1.0000 0.0004 0.0058 0.0844 1.0000 1.0000 0.0001 0.0005 0.0001 1.0000 1.0000 0.0844 0.0058 0.0004 1.0000 1.0000 0.2587 0.0179 0.0012 0.0001 1.0000 0.8190 0.0567 0.0039 0.0003 1.0000 1.0000 0.1847 0.0129 0.0009 0.0001 1.0000 0.6134 0.0429 0.0030 0.0002 1.0000 1.0000 0.1432 0.0100 0.0007 0.0000 1.0000 0.4781 0.0334 0.0023 0.0002 1.0000 1.0000 0.1116 0.0078 0.0005 1.0000 1.0000 0.3727 0.0261 0.0018 0.0001
