0.4581 0.4663 0.1709 0.1417 0.1975 0.3653 0.5110 0.2849 0.1397 0.1670 0.2844 0.5088 0.4104 0.1498 0.1484 0.2260 0.4297 0.4859 0.1963 0.1399 0.1856 0.3350 0.5167 0.3332 0.1416 0.1594 0.2621 0.4895 0.4417 0.1580 0.1444 0.2103 0.3956 0.5012 0.2392 0.1392 0.1752 0.3073 0.5164 0.3763 0.1450 0.1531 0.2422 0.4604 0.4672 0.1720 0.1415 0.1961 0.3579 0.5151 0.4368 0.5151 0.3579 0.1961 0.1415 0.1720 0.4672 0.4604 0.2422 0.1531 0.1450 0.3763 0.5164 0.3073 0.1752 0.1392 0.2392 0.5012 0.3956 0.2103 0.1444 0.1580 0.4417 0.4895 0.2621 0.1594 0.1416 0.3332 0.5167 0.3350 0.1856 0.1399 0.1963 0.4859 0.4297 0.2260 0.1484 0.1498 0.4104 0.5088 0.2844 0.1670 0.1397 0.2849 0.5110 0.3653 0.1975 0.1417 0.1709 0.4663 0.4581
0.4663 0.1679 0.1377 0.1948 0.3638 0.5120 0.2878 0.1355 0.1637 0.2822 0.5090 0.4127 0.1462 0.1447 0.2233 0.4285 0.4873 0.1967 0.1357 0.1826 0.3331 0.5175 0.3362 0.1374 0.1560 0.2596 0.4891 0.4436 0.1549 0.1406 0.2075 0.3941 0.5024 0.2416 0.1350 0.1721 0.3052 0.5169 0.3790 0.1410 0.1496 0.2396 0.4596 0.4688 0.1701 0.1375 0.1936 0.3601 0.5136 0.3251 0.1521 0.3251 0.5136 0.3601 0.1936 0.1375 0.1701 0.4688 0.4596 0.2396 0.1496 0.1410 0.3790 0.5169 0.3052 0.1721 0.1350 0.2416 0.5024 0.3941 0.2075 0.1406 0.1549 0.4436 0.4891 0.2596 0.1560 0.1374 0.3362 0.5175 0.3331 0.1826 0.1357 0.1967 0.4873 0.4285 0.2233 0.1447 0.1462 0.4127 0.5090 0.2822 0.1637 0.1355 0.2878 0.5120 0.3638 0.1948 0.1377 0.1679 0.4663
0.1709 0.1377 0.1943 0.3616 0.5126 0.2926 0.1356 0.1629 0.2797 0.5074 0.4163 0.1470 0.1442 0.2214 0.4247 0.4891 0.2009 0.1355 0.1814 0.3299 0.5177 0.3412 0.1377 0.1552 0.2573 0.4863 0.4467 0.1562 0.1402 0.2059 0.3904 0.5037 0.2470 0.1350 0.1710 0.3023 0.5164 0.3833 0.1415 0.1489 0.2376 0.4560 0.4713 0.1724 0.1372 0.1923 0.3575 0.5136 0.3051 0.1366 0.1394 0.1366 0.3051 0.5136 0.3575 0.1923 0.1372 0.1724 0.4713 0.4560 0.2376 0.1489 0.1415 0.3833 0.5164 0.3023 0.1710 0.1350 0.2470 0.5037 0.3904 0.2059 0.1402 0.1562 0.4467 0.4863 0.2573 0.1552 0.1377 0.3412 0.5177 0.3299 0.1814 0.1355 0.2009 0.4891 0.4247 0.2214 0.1442 0.1470 0.4163 0.5074 0.2797 0.1629 0.1356 0.2926 0.5126 0.3616 0.1943 0.1377 0.1709
0.1417 0.1948 0.3616 0.5129 0.2956 0.1357 0.1622 0.2775 0.5059 0.4197 0.1477 0.1437 0.2197 0.4210 0.4910 0.2054 0.1354 0.1801 0.3268 0.5179 0.3461 0.1381 0.1545 0.2550 0.4833 0.4496 0.1575 0.1398 0.2043 0.3868 0.5050 0.2525 0.1350 0.1700 0.2995 0.5158 0.3875 0.1421 0.1483 0.2356 0.4523 0.4736 0.1750 0.1370 0.1909 0.3543 0.5142 0.3045 0.1361 0.1554 0.2044 0.1554 0.1361 0.3045 0.5142 0.3543 0.1909 0.1370 0.1750 0.4736 0.4523 0.2356 0.1483 0.1421 0.3875 0.5158 0.2995 0.1700 0.1350 0.2525 0.5050 0.3868 0.2043 0.1398 0.1575 0.4496 0.4833 0.2550 0.1545 0.1381 0.3461 0.5179 0.3268 0.1801 0.1354 0.2054 0.4910 0.4210 0.2197 0.1437 0.1477 0.4197 0.5059 0.2775 0.1622 0.1357 0.2956 0.5129 0.3616 0.1948 0.1417
0.1975 0.3638 0.5126 0.2956 0.1358 0.1618 0.2759 0.5045 0.4227 0.1484 0.1433 0.2181 0.4174 0.4927 0.2099 0.1353 0.1790 0.3236 0.5180 0.3509 0.1384 0.1538 0.2528 0.4802 0.4525 0.1589 0.1394 0.2028 0.3831 0.5063 0.2580 0.1350 0.1689 0.2967 0.5151 0.3917 0.1426 0.1477 0.2336 0.4487 0.4759 0.1777 0.1367 0.1896 0.3509 0.5149 0.3085 0.1361 0.1590 0.2574 0.3873 0.2574 0.1590 0.1361 0.3085 0.5149 0.3509 0.1896 0.1367 0.1777 0.4759 0.4487 0.2336 0.1477 0.1426 0.3917 0.5151 0.2967 0.1689 0.1350 0.2580 0.5063 0.3831 0.2028 0.1394 0.1589 0.4525 0.4802 0.2528 0.1538 0.1384 0.3509 0.5180 0.3236 0.1790 0.1353 0.2099 0.4927 0.4174 0.2181 0.1433 0.1484 0.4227 0.5045 0.2759 0.1618 0.1358 0.2956 0.5126 0.3638 0.1975
0.3653 0.5120 0.2926 0.1357 0.1618 0.2753 0.5038 0.4246 0.1491 0.1430 0.2166 0.4141 0.4942 0.2143 0.1352 0.1778 0.3206 0.5181 0.3557 0.1388 0.1530 0.2506 0.4771 0.4553 0.1604 0.1391 0.2012 0.3795 0.5075 0.2635 0.1351 0.1679 0.2939 0.5142 0.3957 0.1432 0.1471 0.2316 0.4450 0.4782 0.1807 0.1365 0.1882 0.3475 0.5155 0.3135 0.1363 0.1592 0.2666 0.4837 0.5048 0.4837 0.2666 0.1592 0.1363 0.3135 0.5155 0.3475 0.1882 0.1365 0.1807 0.4782 0.4450 0.2316 0.1471 0.1432 0.3957 0.5142 0.2939 0.1679 0.1351 0.2635 0.5075 0.3795 0.2012 0.1391 0.1604 0.4553 0.4771 0.2506 0.1530 0.1388 0.3557 0.5181 0.3206 0.1778 0.1352 0.2143 0.4942 0.4141 0.2166 0.1430 0.1491 0.4246 0.5038 0.2753 0.1618 0.1357 0.2926 0.5120 0.3653
0.5110 0.2878 0.1356 0.1622 0.2759 0.5038 0.4252 0.1494 0.1427 0.2155 0.4113 0.4956 0.2185 0.1351 0.1768 0.3177 0.5180 0.3602 0.1392 0.1523 0.2484 0.4738 0.4581 0.1620 0.1388 0.1997 0.3759 0.5086 0.2691 0.1351 0.1670 0.2912 0.5132 0.3997 0.1438 0.1466 0.2297 0.4413 0.4803 0.1840 0.1363 0.1869 0.3442 0.5160 0.3188 0.1365 0.1587 0.2669 0.4943 0.4516 0.2635 0.4516 0.4943 0.2669 0.1587 0.1365 0.3188 0.5160 0.3442 0.1869 0.1363 0.1840 0.4803 0.4413 0.2297 0.1466 0.1438 0.3997 0.5132 0.2912 0.1670 0.1351 0.2691 0.5086 0.3759 0.1997 0.1388 0.1620 0.4581 0.4738 0.2484 0.1523 0.1392 0.3602 0.5180 0.3177 0.1768 0.1351 0.2185 0.4956 0.4113 0.2155 0.1427 0.1494 0.4252 0.5038 0.2759 0.1622 0.1356 0.2878 0.5110
0.2849 0.1355 0.1629 0.2775 0.5045 0.4246 0.1494 0.1426 0.2149 0.4095 0.4966 0.2221 0.1351 0.1759 0.3151 0.5179 0.3645 0.1396 0.1517 0.2462 0.4705 0.4608 0.1637 0.1384 0.1982 0.3723 0.5096 0.2746 0.1352 0.1660 0.2885 0.5121 0.4036 0.1445 0.1460 0.2278 0.4375 0.4824 0.1874 0.1361 0.1856 0.3409 0.5165 0.3240 0.1368 0.1579 0.2652 0.4947 0.4406 0.1597 0.1341 0.1597 0.4406 0.4947 0.2652 0.1579 0.1368 0.3240 0.5165 0.3409 0.1856 0.1361 0.1874 0.4824 0.4375 0.2278 0.1460 0.1445 0.4036 0.5121 0.2885 0.1660 0.1352 0.2746 0.5096 0.3723 0.1982 0.1384 0.1637 0.4608 0.4705 0.2462 0.1517 0.1396 0.3645 0.5179 0.3151 0.1759 0.1351 0.2221 0.4966 0.4095 0.2149 0.1426 0.1494 0.4246 0.5045 0.2775 0.1629 0.1355 0.2849
0.1397 0.1637 0.2797 0.5059 0.4227 0.1491 0.1427 0.2149 0.4090 0.4971 0.2245 0.1351 0.1751 0.3129 0.5178 0.3683 0.1399 0.1510 0.2442 0.4672 0.4633 0.1656 0.1381 0.1968 0.3687 0.5106 0.2802 0.1353 0.1650 0.2858 0.5109 0.4075 0.1452 0.1455 0.2259 0.4338 0.4845 0.1911 0.1359 0.1843 0.3376 0.5170 0.3291 0.1370 0.1571 0.2629 0.4928 0.4402 0.1548 0.1382 0.1645 0.1382 0.1548 0.4402 0.4928 0.2629 0.1571 0.1370 0.3291 0.5170 0.3376 0.1843 0.1359 0.1911 0.4845 0.4338 0.2259 0.1455 0.1452 0.4075 0.5109 0.2858 0.1650 0.1353 0.2802 0.5106 0.3687 0.1968 0.1381 0.1656 0.4633 0.4672 0.2442 0.1510 0.1399 0.3683 0.5178 0.3129 0.1751 0.1351 0.2245 0.4971 0.4090 0.2149 0.1427 0.1491 0.4227 0.5059 0.2797 0.1637 0.1397
0.1670 0.2822 0.5074 0.4197 0.1484 0.1430 0.2155 0.4095 0.4971 0.2253 0.1350 0.1746 0.3112 0.5176 0.3715 0.1403 0.1505 0.2424 0.4641 0.4657 0.1675 0.1378 0.1953 0.3652 0.5116 0.2857 0.1354 0.1641 0.2832 0.5095 0.4113 0.1459 0.1449 0.2240 0.4300 0.4865 0.1950 0.1357 0.1831 0.3344 0.5173 0.3342 0.1373 0.1563 0.2606 0.4902 0.4426 0.1548 0.1400 0.1978 0.2851 0.1978 0.1400 0.1548 0.4426 0.4902 0.2606 0.1563 0.1373 0.3342 0.5173 0.3344 0.1831 0.1357 0.1950 0.4865 0.4300 0.2240 0.1449 0.1459 0.4113 0.5095 0.2832 0.1641 0.1354 0.2857 0.5116 0.3652 0.1953 0.1378 0.1675 0.4657 0.4641 0.2424 0.1505 0.1403 0.3715 0.5176 0.3112 0.1746 0.1350 0.2253 0.4971 0.4095 0.2155 0.1430 0.1484 0.4197 0.5074 0.2822 0.1670
0.2844 0.5090 0.4163 0.1477 0.1433 0.2166 0.4113 0.4966 0.2245 0.1350 0.1744 0.3103 0.5175 0.3740 0.1406 0.1501 0.2409 0.4613 0.4678 0.1693 0.1376 0.1940 0.3618 0.5124 0.2911 0.1356 0.1632 0.2806 0.5080 0.4149 0.1466 0.1444 0.2222 0.4262 0.4884 0.1992 0.1356 0.1818 0.3312 0.5176 0.3392 0.1376 0.1555 0.2582 0.4874 0.4455 0.1557 0.1402 0.2041 0.3696 0.5093 0.3696 0.2041 0.1402 0.1557 0.4455 0.4874 0.2582 0.1555 0.1376 0.3392 0.5176 0.3312 0.1818 0.1356 0.1992 0.4884 0.4262 0.2222 0.1444 0.1466 0.4149 0.5080 0.2806 0.1632 0.1356 0.2911 0.5124 0.3618 0.1940 0.1376 0.1693 0.4678 0.4613 0.2409 0.1501 0.1406 0.3740 0.5175 0.3103 0.1744 0.1350 0.2245 0.4966 0.4113 0.2166 0.1433 0.1477 0.4163 0.5090 0.2844
0.5088 0.4127 0.1470 0.1437 0.2181 0.4141 0.4956 0.2221 0.1351 0.1746 0.3103 0.5174 0.3753 0.1408 0.1497 0.2397 0.4589 0.4697 0.1712 0.1373 0.1928 0.3587 0.5132 0.2963 0.1357 0.1623 0.2780 0.5064 0.4186 0.1474 0.1439 0.2204 0.4225 0.4903 0.2036 0.1355 0.1806 0.3280 0.5178 0.3441 0.1379 0.1548 0.2560 0.4845 0.4484 0.1570 0.1399 0.2044 0.3829 0.5106 0.4143 0.5106 0.3829 0.2044 0.1399 0.1570 0.4484 0.4845 0.2560 0.1548 0.1379 0.3441 0.5178 0.3280 0.1806 0.1355 0.2036 0.4903 0.4225 0.2204 0.1439 0.1474 0.4186 0.5064 0.2780 0.1623 0.1357 0.2963 0.5132 0.3587 0.1928 0.1373 0.1712 0.4697 0.4589 0.2397 0.1497 0.1408 0.3753 0.5174 0.3103 0.1746 0.1351 0.2221 0.4956 0.4141 0.2181 0.1437 0.1470 0.4127 0.5088
0.4104 0.1462 0.1442 0.2197 0.4174 0.4942 0.2185 0.1351 0.1751 0.3112 0.5175 0.3753 0.1409 0.1495 0.2388 0.4571 0.4711 0.1728 0.1371 0.1917 0.3560 0.5139 0.3010 0.1359 0.1614 0.2756 0.5046 0.4221 0.1483 0.1434 0.2186 0.4187 0.4921 0.2082 0.1353 0.1794 0.3249 0.5180 0.3490 0.1383 0.1540 0.2537 0.4815 0.4513 0.1583 0.1396 0.2033 0.3834 0.5073 0.2902 0.1458 0.2902 0.5073 0.3834 0.2033 0.1396 0.1583 0.4513 0.4815 0.2537 0.1540 0.1383 0.3490 0.5180 0.3249 0.1794 0.1353 0.2082 0.4921 0.4187 0.2186 0.1434 0.1483 0.4221 0.5046 0.2756 0.1614 0.1359 0.3010 0.5139 0.3560 0.1917 0.1371 0.1728 0.4711 0.4571 0.2388 0.1495 0.1409 0.3753 0.5175 0.3112 0.1751 0.1351 0.2185 0.4942 0.4174 0.2197 0.1442 0.1462 0.4104
0.1498 0.1447 0.2214 0.4210 0.4927 0.2143 0.1351 0.1759 0.3129 0.5176 0.3740 0.1408 0.1495 0.2385 0.4561 0.4720 0.1740 0.1370 0.1908 0.3536 0.5144 0.3053 0.1360 0.1607 0.2733 0.5027 0.4255 0.1491 0.1430 0.2168 0.4149 0.4938 0.2129 0.1352 0.1783 0.3218 0.5181 0.3538 0.1386 0.1533 0.2515 0.4783 0.4542 0.1598 0.1392 0.2018 0.3807 0.5073 0.2692 0.1351 0.1422 0.1351 0.2692 0.5073 0.3807 0.2018 0.1392 0.1598 0.4542 0.4783 0.2515 0.1533 0.1386 0.3538 0.5181 0.3218 0.1783 0.1352 0.2129 0.4938 0.4149 0.2168 0.1430 0.1491 0.4255 0.5027 0.2733 0.1607 0.1360 0.3053 0.5144 0.3536 0.1908 0.1370 0.1740 0.4720 0.4561 0.2385 0.1495 0.1408 0.3740 0.5176 0.3129 0.1759 0.1351 0.2143 0.4927 0.4210 0.2214 0.1447 0.1498
0.1484 0.2233 0.4247 0.4910 0.2099 0.1352 0.1768 0.3151 0.5178 0.3715 0.1406 0.1497 0.2388 0.4561 0.4723 0.1746 0.1369 0.1902 0.3517 0.5148 0.3090 0.1362 0.1600 0.2713 0.5010 0.4286 0.1500 0.1425 0.2151 0.4112 0.4955 0.2178 0.1352 0.1771 0.3187 0.5181 0.3585 0.1390 0.1526 0.2493 0.4751 0.4570 0.1614 0.1389 0.2003 0.3773 0.5082 0.2686 0.1351 0.1608 0.2153 0.1608 0.1351 0.2686 0.5082 0.3773 0.2003 0.1389 0.1614 0.4570 0.4751 0.2493 0.1526 0.1390 0.3585 0.5181 0.3187 0.1771 0.1352 0.2178 0.4955 0.4112 0.2151 0.1425 0.1500 0.4286 0.5010 0.2713 0.1600 0.1362 0.3090 0.5148 0.3517 0.1902 0.1369 0.1746 0.4723 0.4561 0.2388 0.1497 0.1406 0.3715 0.5178 0.3151 0.1768 0.1352 0.2099 0.4910 0.4247 0.2233 0.1484
0.2260 0.4285 0.4891 0.2054 0.1353 0.1778 0.3177 0.5179 0.3683 0.1403 0.1501 0.2397 0.4571 0.4720 0.1746 0.1369 0.1899 0.3505 0.5151 0.3117 0.1363 0.1595 0.2695 0.4993 0.4312 0.1508 0.1421 0.2136 0.4076 0.4971 0.2228 0.1351 0.1760 0.3157 0.5180 0.3631 0.1394 0.1519 0.2471 0.4718 0.4597 0.1630 0.1386 0.1988 0.3737 0.5092 0.2727 0.1352 0.1648 0.2732 0.4119 0.2732 0.1648 0.1352 0.2727 0.5092 0.3737 0.1988 0.1386 0.1630 0.4597 0.4718 0.2471 0.1519 0.1394 0.3631 0.5180 0.3157 0.1760 0.1351 0.2228 0.4971 0.4076 0.2136 0.1421 0.1508 0.4312 0.4993 0.2695 0.1595 0.1363 0.3117 0.5151 0.3505 0.1899 0.1369 0.1746 0.4720 0.4571 0.2397 0.1501 0.1403 0.3683 0.5179 0.3177 0.1778 0.1353 0.2054 0.4891 0.4285 0.2260
0.4297 0.4873 0.2009 0.1354 0.1790 0.3206 0.5180 0.3645 0.1399 0.1505 0.2409 0.4589 0.4711 0.1740 0.1369 0.1899 0.3501 0.5153 0.3135 0.1364 0.1591 0.2681 0.4978 0.4335 0.1515 0.1418 0.2122 0.4044 0.4985 0.2277 0.1350 0.1748 0.3127 0.5178 0.3677 0.1398 0.1512 0.2450 0.4684 0.4624 0.1648 0.1382 0.1974 0.3701 0.5102 0.2780 0.1353 0.1651 0.2831 0.5006 0.4956 0.5006 0.2831 0.1651 0.1353 0.2780 0.5102 0.3701 0.1974 0.1382 0.1648 0.4624 0.4684 0.2450 0.1512 0.1398 0.3677 0.5178 0.3127 0.1748 0.1350 0.2277 0.4985 0.4044 0.2122 0.1418 0.1515 0.4335 0.4978 0.2681 0.1591 0.1364 0.3135 0.5153 0.3501 0.1899 0.1369 0.1740 0.4711 0.4589 0.2409 0.1505 0.1399 0.3645 0.5180 0.3206 0.1790 0.1354 0.2009 0.4873 0.4297
0.4859 0.1967 0.1355 0.1801 0.3236 0.5181 0.3602 0.1396 0.1510 0.2424 0.4613 0.4697 0.1728 0.1370 0.1902 0.3505 0.5153 0.3142 0.1364 0.1588 0.2671 0.4966 0.4354 0.1522 0.1415 0.2110 0.4015 0.4997 0.2322 0.1350 0.1738 0.3098 0.5175 0.3722 0.1403 0.1506 0.2428 0.4650 0.4649 0.1668 0.1379 0.1959 0.3666 0.5112 0.2835 0.1354 0.1644 0.2834 0.5078 0.4316 0.2278 0.4316 0.5078 0.2834 0.1644 0.1354 0.2835 0.5112 0.3666 0.1959 0.1379 0.1668 0.4649 0.4650 0.2428 0.1506 0.1403 0.3722 0.5175 0.3098 0.1738 0.1350 0.2322 0.4997 0.4015 0.2110 0.1415 0.1522 0.4354 0.4966 0.2671 0.1588 0.1364 0.3142 0.5153 0.3505 0.1902 0.1370 0.1728 0.4697 0.4613 0.2424 0.1510 0.1396 0.3602 0.5181 0.3236 0.1801 0.1355 0.1967 0.4859
0.1963 0.1357 0.1814 0.3268 0.5180 0.3557 0.1392 0.1517 0.2442 0.4641 0.4678 0.1712 0.1371 0.1908 0.3517 0.5151 0.3135 0.1364 0.1587 0.2666 0.4959 0.4367 0.1527 0.1412 0.2099 0.3989 0.5007 0.2361 0.1350 0.1729 0.3072 0.5172 0.3763 0.1407 0.1499 0.2407 0.4615 0.4675 0.1689 0.1376 0.1945 0.3631 0.5121 0.2890 0.1355 0.1635 0.2815 0.5081 0.4186 0.1514 0.1340 0.1514 0.4186 0.5081 0.2815 0.1635 0.1355 0.2890 0.5121 0.3631 0.1945 0.1376 0.1689 0.4675 0.4615 0.2407 0.1499 0.1407 0.3763 0.5172 0.3072 0.1729 0.1350 0.2361 0.5007 0.3989 0.2099 0.1412 0.1527 0.4367 0.4959 0.2666 0.1587 0.1364 0.3135 0.5151 0.3517 0.1908 0.1371 0.1712 0.4678 0.4641 0.2442 0.1517 0.1392 0.3557 0.5180 0.3268 0.1814 0.1357 0.1963
0.1399 0.1826 0.3299 0.5179 0.3509 0.1388 0.1523 0.2462 0.4672 0.4657 0.1693 0.1373 0.1917 0.3536 0.5148 0.3117 0.1364 0.1588 0.2666 0.4956 0.4374 0.1531 0.1411 0.2091 0.3968 0.5017 0.2398 0.1350 0.1721 0.3049 0.5168 0.3802 0.1412 0.1493 0.2387 0.4580 0.4699 0.1711 0.1374 0.1931 0.3596 0.5130 0.2944 0.1357 0.1626 0.2790 0.5070 0.4182 0.1482 0.1406 0.1711 0.1406 0.1482 0.4182 0.5070 0.2790 0.1626 0.1357 0.2944 0.5130 0.3596 0.1931 0.1374 0.1711 0.4699 0.4580 0.2387 0.1493 0.1412 0.3802 0.5168 0.3049 0.1721 0.1350 0.2398 0.5017 0.3968 0.2091 0.1411 0.1531 0.4374 0.4956 0.2666 0.1588 0.1364 0.3117 0.5148 0.3536 0.1917 0.1373 0.1693 0.4657 0.4672 0.2462 0.1523 0.1388 0.3509 0.5179 0.3299 0.1826 0.1399
0.1856 0.3331 0.5177 0.3461 0.1384 0.1530 0.2484 0.4705 0.4633 0.1675 0.1376 0.1928 0.3560 0.5144 0.3090 0.1363 0.1591 0.2671 0.4959 0.4374 0.1532 0.1410 0.2086 0.3953 0.5024 0.2429 0.1350 0.1714 0.3029 0.5164 0.3836 0.1416 0.1488 0.2369 0.4545 0.4723 0.1736 0.1371 0.1917 0.3562 0.5138 0.2999 0.1358 0.1617 0.2765 0.5053 0.4209 0.1482 0.1428 0.2080 0.3035 0.2080 0.1428 0.1482 0.4209 0.5053 0.2765 0.1617 0.1358 0.2999 0.5138 0.3562 0.1917 0.1371 0.1736 0.4723 0.4545 0.2369 0.1488 0.1416 0.3836 0.5164 0.3029 0.1714 0.1350 0.2429 0.5024 0.3953 0.2086 0.1410 0.1532 0.4374 0.4959 0.2671 0.1591 0.1363 0.3090 0.5144 0.3560 0.1928 0.1376 0.1675 0.4633 0.4705 0.2484 0.1530 0.1384 0.3461 0.5177 0.3331 0.1856
0.3350 0.5175 0.3412 0.1381 0.1538 0.2506 0.4738 0.4608 0.1656 0.1378 0.1940 0.3587 0.5139 0.3053 0.1362 0.1595 0.2681 0.4966 0.4367 0.1531 0.1410 0.2084 0.3945 0.5028 0.2450 0.1350 0.1708 0.3012 0.5161 0.3865 0.1420 0.1483 0.2353 0.4515 0.4744 0.1760 0.1368 0.1903 0.3528 0.5145 0.3053 0.1360 0.1609 0.2740 0.5034 0.4242 0.1488 0.1430 0.2149 0.3933 0.5154 0.3933 0.2149 0.1430 0.1488 0.4242 0.5034 0.2740 0.1609 0.1360 0.3053 0.5145 0.3528 0.1903 0.1368 0.1760 0.4744 0.4515 0.2353 0.1483 0.1420 0.3865 0.5161 0.3012 0.1708 0.1350 0.2450 0.5028 0.3945 0.2084 0.1410 0.1531 0.4367 0.4966 0.2681 0.1595 0.1362 0.3053 0.5139 0.3587 0.1940 0.1378 0.1656 0.4608 0.4738 0.2506 0.1538 0.1381 0.3412 0.5175 0.3350
0.5167 0.3362 0.1377 0.1545 0.2528 0.4771 0.4581 0.1637 0.1381 0.1953 0.3618 0.5132 0.3010 0.1360 0.1600 0.2695 0.4978 0.4354 0.1527 0.1411 0.2086 0.3945 0.5029 0.2461 0.1350 0.1704 0.2998 0.5157 0.3890 0.1424 0.1479 0.2339 0.4487 0.4762 0.1785 0.1366 0.1890 0.3495 0.5151 0.3106 0.1362 0.1600 0.2715 0.5014 0.4277 0.1497 0.1426 0.2152 0.4072 0.5033 0.3889 0.5033 0.4072 0.2152 0.1426 0.1497 0.4277 0.5014 0.2715 0.1600 0.1362 0.3106 0.5151 0.3495 0.1890 0.1366 0.1785 0.4762 0.4487 0.2339 0.1479 0.1424 0.3890 0.5157 0.2998 0.1704 0.1350 0.2461 0.5029 0.3945 0.2086 0.1411 0.1527 0.4354 0.4978 0.2695 0.1600 0.1360 0.3010 0.5132 0.3618 0.1953 0.1381 0.1637 0.4581 0.4771 0.2528 0.1545 0.1377 0.3362 0.5167
0.3332 0.1374 0.1552 0.2550 0.4802 0.4553 0.1620 0.1384 0.1968 0.3652 0.5124 0.2963 0.1359 0.1607 0.2713 0.4993 0.4335 0.1522 0.1412 0.2091 0.3953 0.5028 0.2461 0.1350 0.1702 0.2990 0.5154 0.3910 0.1427 0.1475 0.2326 0.4462 0.4778 0.1807 0.1365 0.1879 0.3465 0.5157 0.3156 0.1364 0.1592 0.2690 0.4992 0.4310 0.1506 0.1422 0.2140 0.4077 0.4986 0.2540 0.1413 0.2540 0.4986 0.4077 0.2140 0.1422 0.1506 0.4310 0.4992 0.2690 0.1592 0.1364 0.3156 0.5157 0.3465 0.1879 0.1365 0.1807 0.4778 0.4462 0.2326 0.1475 0.1427 0.3910 0.5154 0.2990 0.1702 0.1350 0.2461 0.5028 0.3953 0.2091 0.1412 0.1522 0.4335 0.4993 0.2713 0.1607 0.1359 0.2963 0.5124 0.3652 0.1968 0.1384 0.1620 0.4553 0.4802 0.2550 0.1552 0.1374 0.3332
0.1416 0.1560 0.2573 0.4833 0.4525 0.1604 0.1388 0.1982 0.3687 0.5116 0.2911 0.1357 0.1614 0.2733 0.5010 0.4312 0.1515 0.1415 0.2099 0.3968 0.5024 0.2450 0.1350 0.1702 0.2987 0.5153 0.3922 0.1429 0.1473 0.2315 0.4440 0.4791 0.1828 0.1363 0.1869 0.3438 0.5161 0.3202 0.1366 0.1584 0.2667 0.4968 0.4343 0.1516 0.1418 0.2124 0.4049 0.4985 0.2333 0.1345 0.1456 0.1345 0.2333 0.4985 0.4049 0.2124 0.1418 0.1516 0.4343 0.4968 0.2667 0.1584 0.1366 0.3202 0.5161 0.3438 0.1869 0.1363 0.1828 0.4791 0.4440 0.2315 0.1473 0.1429 0.3922 0.5153 0.2987 0.1702 0.1350 0.2450 0.5024 0.3968 0.2099 0.1415 0.1515 0.4312 0.5010 0.2733 0.1614 0.1357 0.2911 0.5116 0.3687 0.1982 0.1388 0.1604 0.4525 0.4833 0.2573 0.1560 0.1416
0.1594 0.2596 0.4863 0.4496 0.1589 0.1391 0.1997 0.3723 0.5106 0.2857 0.1356 0.1623 0.2756 0.5027 0.4286 0.1508 0.1418 0.2110 0.3989 0.5017 0.2429 0.1350 0.1704 0.2990 0.5153 0.3927 0.1430 0.1471 0.2307 0.4422 0.4803 0.1847 0.1362 0.1861 0.3415 0.5165 0.3243 0.1368 0.1577 0.2645 0.4945 0.4375 0.1527 0.1414 0.2107 0.4014 0.4996 0.2328 0.1348 0.1669 0.2274 0.1669 0.1348 0.2328 0.4996 0.4014 0.2107 0.1414 0.1527 0.4375 0.4945 0.2645 0.1577 0.1368 0.3243 0.5165 0.3415 0.1861 0.1362 0.1847 0.4803 0.4422 0.2307 0.1471 0.1430 0.3927 0.5153 0.2990 0.1704 0.1350 0.2429 0.5017 0.3989 0.2110 0.1418 0.1508 0.4286 0.5027 0.2756 0.1623 0.1356 0.2857 0.5106 0.3723 0.1997 0.1391 0.1589 0.4496 0.4863 0.2596 0.1594
0.2621 0.4891 0.4467 0.1575 0.1394 0.2012 0.3759 0.5096 0.2802 0.1354 0.1632 0.2780 0.5046 0.4255 0.1500 0.1421 0.2122 0.4015 0.5007 0.2398 0.1350 0.1708 0.2998 0.5154 0.3922 0.1430 0.1470 0.2304 0.4411 0.4812 0.1863 0.1361 0.1854 0.3395 0.5168 0.3279 0.1370 0.1571 0.2626 0.4923 0.4403 0.1537 0.1410 0.2091 0.3977 0.5010 0.2367 0.1349 0.1714 0.2904 0.4367 0.2904 0.1714 0.1349 0.2367 0.5010 0.3977 0.2091 0.1410 0.1537 0.4403 0.4923 0.2626 0.1571 0.1370 0.3279 0.5168 0.3395 0.1854 0.1361 0.1863 0.4812 0.4411 0.2304 0.1470 0.1430 0.3922 0.5154 0.2998 0.1708 0.1350 0.2398 0.5007 0.4015 0.2122 0.1421 0.1500 0.4255 0.5046 0.2780 0.1632 0.1354 0.2802 0.5096 0.3759 0.2012 0.1394 0.1575 0.4467 0.4891 0.2621
0.4895 0.4436 0.1562 0.1398 0.2028 0.3795 0.5086 0.2746 0.1353 0.1641 0.2806 0.5064 0.4221 0.1491 0.1425 0.2136 0.4044 0.4997 0.2361 0.1350 0.1714 0.3012 0.5157 0.3910 0.1429 0.1471 0.2304 0.4407 0.4816 0.1874 0.1360 0.1848 0.3379 0.5170 0.3310 0.1372 0.1565 0.2609 0.4903 0.4428 0.1547 0.1406 0.2075 0.3940 0.5024 0.2418 0.1350 0.1716 0.3009 0.5113 0.4840 0.5113 0.3009 0.1716 0.1350 0.2418 0.5024 0.3940 0.2075 0.1406 0.1547 0.4428 0.4903 0.2609 0.1565 0.1372 0.3310 0.5170 0.3379 0.1848 0.1360 0.1874 0.4816 0.4407 0.2304 0.1471 0.1429 0.3910 0.5157 0.3012 0.1714 0.1350 0.2361 0.4997 0.4044 0.2136 0.1425 0.1491 0.4221 0.5064 0.2806 0.1641 0.1353 0.2746 0.5086 0.3795 0.2028 0.1398 0.1562 0.4436 0.4895
0.4417 0.1549 0.1402 0.2043 0.3831 0.5075 0.2691 0.1352 0.1650 0.2832 0.5080 0.4186 0.1483 0.1430 0.2151 0.4076 0.4985 0.2322 0.1350 0.1721 0.3029 0.5161 0.3890 0.1427 0.1473 0.2307 0.4411 0.4816 0.1877 0.1360 0.1844 0.3367 0.5172 0.3335 0.1374 0.1561 0.2594 0.4884 0.4449 0.1557 0.1403 0.2062 0.3907 0.5037 0.2471 0.1350 0.1709 0.3013 0.5153 0.4085 0.1964 0.4085 0.5153 0.3013 0.1709 0.1350 0.2471 0.5037 0.3907 0.2062 0.1403 0.1557 0.4449 0.4884 0.2594 0.1561 0.1374 0.3335 0.5172 0.3367 0.1844 0.1360 0.1877 0.4816 0.4411 0.2307 0.1473 0.1427 0.3890 0.5161 0.3029 0.1721 0.1350 0.2322 0.4985 0.4076 0.2151 0.1430 0.1483 0.4186 0.5080 0.2832 0.1650 0.1352 0.2691 0.5075 0.3831 0.2043 0.1402 0.1549 0.4417
0.1580 0.1406 0.2059 0.3868 0.5063 0.2635 0.1351 0.1660 0.2858 0.5095 0.4149 0.1474 0.1434 0.2168 0.4112 0.4971 0.2277 0.1350 0.1729 0.3049 0.5164 0.3865 0.1424 0.1475 0.2315 0.4422 0.4812 0.1874 0.1360 0.1843 0.3360 0.5173 0.3354 0.1375 0.1557 0.2582 0.4867 0.4468 0.1565 0.1400 0.2050 0.3878 0.5048 0.2520 0.1350 0.1700 0.2993 0.5155 0.3936 0.1456 0.1346 0.1456 0.3936 0.5155 0.2993 0.1700 0.1350 0.2520 0.5048 0.3878 0.2050 0.1400 0.1565 0.4468 0.4867 0.2582 0.1557 0.1375 0.3354 0.5173 0.3360 0.1843 0.1360 0.1874 0.4812 0.4422 0.2315 0.1475 0.1424 0.3865 0.5164 0.3049 0.1729 0.1350 0.2277 0.4971 0.4112 0.2168 0.1434 0.1474 0.4149 0.5095 0.2858 0.1660 0.1351 0.2635 0.5063 0.3868 0.2059 0.1406 0.1580
0.1444 0.2075 0.3904 0.5050 0.2580 0.1351 0.1670 0.2885 0.5109 0.4113 0.1466 0.1439 0.2186 0.4149 0.4955 0.2228 0.1350 0.1738 0.3072 0.5168 0.3836 0.1420 0.1479 0.2326 0.4440 0.4803 0.1863 0.1360 0.1844 0.3360 0.5173 0.3364 0.1376 0.1554 0.2571 0.4852 0.4484 0.1572 0.1398 0.2039 0.3852 0.5058 0.2564 0.1350 0.1691 0.2969 0.5150 0.3930 0.1434 0.1436 0.1785 0.1436 0.1434 0.3930 0.5150 0.2969 0.1691 0.1350 0.2564 0.5058 0.3852 0.2039 0.1398 0.1572 0.4484 0.4852 0.2571 0.1554 0.1376 0.3364 0.5173 0.3360 0.1844 0.1360 0.1863 0.4803 0.4440 0.2326 0.1479 0.1420 0.3836 0.5168 0.3072 0.1738 0.1350 0.2228 0.4955 0.4149 0.2186 0.1439 0.1466 0.4113 0.5109 0.2885 0.1670 0.1351 0.2580 0.5050 0.3904 0.2075 0.1444
0.2103 0.3941 0.5037 0.2525 0.1350 0.1679 0.2912 0.5121 0.4075 0.1459 0.1444 0.2204 0.4187 0.4938 0.2178 0.1351 0.1748 0.3098 0.5172 0.3802 0.1416 0.1483 0.2339 0.4462 0.4791 0.1847 0.1361 0.1848 0.3367 0.5173 0.3364 0.1376 0.1552 0.2564 0.4841 0.4497 0.1579 0.1396 0.2031 0.3830 0.5066 0.2603 0.1351 0.1683 0.2946 0.5143 0.3956 0.1434 0.1462 0.2193 0.3234 0.2193 0.1462 0.1434 0.3956 0.5143 0.2946 0.1683 0.1351 0.2603 0.5066 0.3830 0.2031 0.1396 0.1579 0.4497 0.4841 0.2564 0.1552 0.1376 0.3364 0.5173 0.3367 0.1848 0.1361 0.1847 0.4791 0.4462 0.2339 0.1483 0.1416 0.3802 0.5172 0.3098 0.1748 0.1351 0.2178 0.4938 0.4187 0.2204 0.1444 0.1459 0.4075 0.5121 0.2912 0.1679 0.1350 0.2525 0.5037 0.3941 0.2103
0.3956 0.5024 0.2470 0.1350 0.1689 0.2939 0.5132 0.4036 0.1452 0.1449 0.2222 0.4225 0.4921 0.2129 0.1352 0.1760 0.3127 0.5175 0.3763 0.1412 0.1488 0.2353 0.4487 0.4778 0.1828 0.1362 0.1854 0.3379 0.5172 0.3354 0.1376 0.1552 0.2562 0.4835 0.4506 0.1585 0.1394 0.2024 0.3812 0.5072 0.2636 0.1351 0.1676 0.2926 0.5136 0.3987 0.1438 0.1464 0.2269 0.4181 0.5170 0.4181 0.2269 0.1464 0.1438 0.3987 0.5136 0.2926 0.1676 0.1351 0.2636 0.5072 0.3812 0.2024 0.1394 0.1585 0.4506 0.4835 0.2562 0.1552 0.1376 0.3354 0.5172 0.3379 0.1854 0.1362 0.1828 0.4778 0.4487 0.2353 0.1488 0.1412 0.3763 0.5175 0.3127 0.1760 0.1352 0.2129 0.4921 0.4225 0.2222 0.1449 0.1452 0.4036 0.5132 0.2939 0.1689 0.1350 0.2470 0.5024 0.3956
0.5012 0.2416 0.1350 0.1700 0.2967 0.5142 0.3997 0.1445 0.1455 0.2240 0.4262 0.4903 0.2082 0.1352 0.1771 0.3157 0.5178 0.3722 0.1407 0.1493 0.2369 0.4515 0.4762 0.1807 0.1363 0.1861 0.3395 0.5170 0.3335 0.1375 0.1554 0.2564 0.4835 0.4509 0.1588 0.1393 0.2018 0.3797 0.5077 0.2664 0.1351 0.1670 0.2908 0.5129 0.4015 0.1442 0.1461 0.2274 0.4325 0.4933 0.3596 0.4933 0.4325 0.2274 0.1461 0.1442 0.4015 0.5129 0.2908 0.1670 0.1351 0.2664 0.5077 0.3797 0.2018 0.1393 0.1588 0.4509 0.4835 0.2564 0.1554 0.1375 0.3335 0.5170 0.3395 0.1861 0.1363 0.1807 0.4762 0.4515 0.2369 0.1493 0.1407 0.3722 0.5178 0.3157 0.1771 0.1352 0.2082 0.4903 0.4262 0.2240 0.1455 0.1445 0.3997 0.5142 0.2967 0.1700 0.1350 0.2416 0.5012
0.2392 0.1350 0.1710 0.2995 0.5151 0.3957 0.1438 0.1460 0.2259 0.4300 0.4884 0.2036 0.1353 0.1783 0.3187 0.5180 0.3677 0.1403 0.1499 0.2387 0.4545 0.4744 0.1785 0.1365 0.1869 0.3415 0.5168 0.3310 0.1374 0.1557 0.2571 0.4841 0.4506 0.1588 0.1393 0.2015 0.3786 0.5081 0.2686 0.1352 0.1665 0.2893 0.5122 0.4040 0.1447 0.1458 0.2265 0.4336 0.4868 0.2180 0.1380 0.2180 0.4868 0.4336 0.2265 0.1458 0.1447 0.4040 0.5122 0.2893 0.1665 0.1352 0.2686 0.5081 0.3786 0.2015 0.1393 0.1588 0.4506 0.4841 0.2571 0.1557 0.1374 0.3310 0.5168 0.3415 0.1869 0.1365 0.1785 0.4744 0.4545 0.2387 0.1499 0.1403 0.3677 0.5180 0.3187 0.1783 0.1353 0.2036 0.4884 0.4300 0.2259 0.1460 0.1438 0.3957 0.5151 0.2995 0.1710 0.1350 0.2392
0.1392 0.1721 0.3023 0.5158 0.3917 0.1432 0.1466 0.2278 0.4338 0.4865 0.1992 0.1355 0.1794 0.3218 0.5181 0.3631 0.1398 0.1506 0.2407 0.4580 0.4723 0.1760 0.1366 0.1879 0.3438 0.5165 0.3279 0.1372 0.1561 0.2582 0.4852 0.4497 0.1585 0.1393 0.2015 0.3782 0.5083 0.2701 0.1352 0.1661 0.2881 0.5117 0.4061 0.1451 0.1454 0.2254 0.4320 0.4863 0.1996 0.1345 0.1497 0.1345 0.1996 0.4863 0.4320 0.2254 0.1454 0.1451 0.4061 0.5117 0.2881 0.1661 0.1352 0.2701 0.5083 0.3782 0.2015 0.1393 0.1585 0.4497 0.4852 0.2582 0.1561 0.1372 0.3279 0.5165 0.3438 0.1879 0.1366 0.1760 0.4723 0.4580 0.2407 0.1506 0.1398 0.3631 0.5181 0.3218 0.1794 0.1355 0.1992 0.4865 0.4338 0.2278 0.1466 0.1432 0.3917 0.5158 0.3023 0.1721 0.1392
0.1752 0.3052 0.5164 0.3875 0.1426 0.1471 0.2297 0.4375 0.4845 0.1950 0.1356 0.1806 0.3249 0.5181 0.3585 0.1394 0.1512 0.2428 0.4615 0.4699 0.1736 0.1368 0.1890 0.3465 0.5161 0.3243 0.1370 0.1565 0.2594 0.4867 0.4484 0.1579 0.1394 0.2018 0.3786 0.5083 0.2707 0.1352 0.1659 0.2872 0.5112 0.4078 0.1454 0.1452 0.2243 0.4299 0.4870 0.1981 0.1353 0.1742 0.2414 0.1742 0.1353 0.1981 0.4870 0.4299 0.2243 0.1452 0.1454 0.4078 0.5112 0.2872 0.1659 0.1352 0.2707 0.5083 0.3786 0.2018 0.1394 0.1579 0.4484 0.4867 0.2594 0.1565 0.1370 0.3243 0.5161 0.3465 0.1890 0.1368 0.1736 0.4699 0.4615 0.2428 0.1512 0.1394 0.3585 0.5181 0.3249 0.1806 0.1356 0.1950 0.4845 0.4375 0.2297 0.1471 0.1426 0.3875 0.5164 0.3052 0.1752
0.3073 0.5169 0.3833 0.1421 0.1477 0.2316 0.4413 0.4824 0.1911 0.1357 0.1818 0.3280 0.5180 0.3538 0.1390 0.1519 0.2450 0.4650 0.4675 0.1711 0.1371 0.1903 0.3495 0.5157 0.3202 0.1368 0.1571 0.2609 0.4884 0.4468 0.1572 0.1396 0.2024 0.3797 0.5081 0.2701 0.1352 0.1658 0.2867 0.5108 0.4092 0.1457 0.1449 0.2234 0.4280 0.4880 0.1996 0.1355 0.1795 0.3106 0.4627 0.3106 0.1795 0.1355 0.1996 0.4880 0.4280 0.2234 0.1449 0.1457 0.4092 0.5108 0.2867 0.1658 0.1352 0.2701 0.5081 0.3797 0.2024 0.1396 0.1572 0.4468 0.4884 0.2609 0.1571 0.1368 0.3202 0.5157 0.3495 0.1903 0.1371 0.1711 0.4675 0.4650 0.2450 0.1519 0.1390 0.3538 0.5180 0.3280 0.1818 0.1357 0.1911 0.4824 0.4413 0.2316 0.1477 0.1421 0.3833 0.5169 0.3073
0.5164 0.3790 0.1415 0.1483 0.2336 0.4450 0.4803 0.1874 0.1359 0.1831 0.3312 0.5178 0.3490 0.1386 0.1526 0.2471 0.4684 0.4649 0.1689 0.1374 0.1917 0.3528 0.5151 0.3156 0.1366 0.1577 0.2626 0.4903 0.4449 0.1565 0.1398 0.2031 0.3812 0.5077 0.2686 0.1352 0.1659 0.2867 0.5107 0.4099 0.1459 0.1447 0.2227 0.4263 0.4889 0.2015 0.1355 0.1802 0.3229 0.5167 0.4681 0.5167 0.3229 0.1802 0.1355 0.2015 0.4889 0.4263 0.2227 0.1447 0.1459 0.4099 0.5107 0.2867 0.1659 0.1352 0.2686 0.5077 0.3812 0.2031 0.1398 0.1565 0.4449 0.4903 0.2626 0.1577 0.1366 0.3156 0.5151 0.3528 0.1917 0.1374 0.1689 0.4649 0.4684 0.2471 0.1526 0.1386 0.3490 0.5178 0.3312 0.1831 0.1359 0.1874 0.4803 0.4450 0.2336 0.1483 0.1415 0.3790 0.5164
0.3763 0.1410 0.1489 0.2356 0.4487 0.4782 0.1840 0.1361 0.1843 0.3344 0.5176 0.3441 0.1383 0.1533 0.2493 0.4718 0.4624 0.1668 0.1376 0.1931 0.3562 0.5145 0.3106 0.1364 0.1584 0.2645 0.4923 0.4428 0.1557 0.1400 0.2039 0.3830 0.5072 0.2664 0.1352 0.1661 0.2872 0.5108 0.4099 0.1460 0.1446 0.2222 0.4250 0.4896 0.2033 0.1354 0.1799 0.3245 0.5179 0.3781 0.1714 0.3781 0.5179 0.3245 0.1799 0.1354 0.2033 0.4896 0.4250 0.2222 0.1446 0.1460 0.4099 0.5108 0.2872 0.1661 0.1352 0.2664 0.5072 0.3830 0.2039 0.1400 0.1557 0.4428 0.4923 0.2645 0.1584 0.1364 0.3106 0.5145 0.3562 0.1931 0.1376 0.1668 0.4624 0.4718 0.2493 0.1533 0.1383 0.3441 0.5176 0.3344 0.1843 0.1361 0.1840 0.4782 0.4487 0.2356 0.1489 0.1410 0.3763
0.1450 0.1496 0.2376 0.4523 0.4759 0.1807 0.1363 0.1856 0.3376 0.5173 0.3392 0.1379 0.1540 0.2515 0.4751 0.4597 0.1648 0.1379 0.1945 0.3596 0.5138 0.3053 0.1362 0.1592 0.2667 0.4945 0.4403 0.1547 0.1403 0.2050 0.3852 0.5066 0.2636 0.1351 0.1665 0.2881 0.5112 0.4092 0.1459 0.1446 0.2220 0.4242 0.4901 0.2049 0.1354 0.1795 0.3239 0.5180 0.3592 0.1408 0.1360 0.1408 0.3592 0.5180 0.3239 0.1795 0.1354 0.2049 0.4901 0.4242 0.2220 0.1446 0.1459 0.4092 0.5112 0.2881 0.1665 0.1351 0.2636 0.5066 0.3852 0.2050 0.1403 0.1547 0.4403 0.4945 0.2667 0.1592 0.1362 0.3053 0.5138 0.3596 0.1945 0.1379 0.1648 0.4597 0.4751 0.2515 0.1540 0.1379 0.3392 0.5173 0.3376 0.1856 0.1363 0.1807 0.4759 0.4523 0.2376 0.1496 0.1450
0.1531 0.2396 0.4560 0.4736 0.1777 0.1365 0.1869 0.3409 0.5170 0.3342 0.1376 0.1548 0.2537 0.4783 0.4570 0.1630 0.1382 0.1959 0.3631 0.5130 0.2999 0.1360 0.1600 0.2690 0.4968 0.4375 0.1537 0.1406 0.2062 0.3878 0.5058 0.2603 0.1351 0.1670 0.2893 0.5117 0.4078 0.1457 0.1447 0.2222 0.4242 0.4903 0.2058 0.1354 0.1791 0.3230 0.5181 0.3564 0.1392 0.1481 0.1886 0.1481 0.1392 0.3564 0.5181 0.3230 0.1791 0.1354 0.2058 0.4903 0.4242 0.2222 0.1447 0.1457 0.4078 0.5117 0.2893 0.1670 0.1351 0.2603 0.5058 0.3878 0.2062 0.1406 0.1537 0.4375 0.4968 0.2690 0.1600 0.1360 0.2999 0.5130 0.3631 0.1959 0.1382 0.1630 0.4570 0.4783 0.2537 0.1548 0.1376 0.3342 0.5170 0.3409 0.1869 0.1365 0.1777 0.4736 0.4560 0.2396 0.1531
0.2422 0.4596 0.4713 0.1750 0.1367 0.1882 0.3442 0.5165 0.3291 0.1373 0.1555 0.2560 0.4815 0.4542 0.1614 0.1386 0.1974 0.3666 0.5121 0.2944 0.1358 0.1609 0.2715 0.4992 0.4343 0.1527 0.1410 0.2075 0.3907 0.5048 0.2564 0.1351 0.1676 0.2908 0.5122 0.4061 0.1454 0.1449 0.2227 0.4250 0.4901 0.2058 0.1353 0.1789 0.3223 0.5181 0.3568 0.1391 0.1514 0.2350 0.3501 0.2350 0.1514 0.1391 0.3568 0.5181 0.3223 0.1789 0.1353 0.2058 0.4901 0.4250 0.2227 0.1449 0.1454 0.4061 0.5122 0.2908 0.1676 0.1351 0.2564 0.5048 0.3907 0.2075 0.1410 0.1527 0.4343 0.4992 0.2715 0.1609 0.1358 0.2944 0.5121 0.3666 0.1974 0.1386 0.1614 0.4542 0.4815 0.2560 0.1555 0.1373 0.3291 0.5165 0.3442 0.1882 0.1367 0.1750 0.4713 0.4596 0.2422
0.4604 0.4688 0.1724 0.1370 0.1896 0.3475 0.5160 0.3240 0.1370 0.1563 0.2582 0.4845 0.4513 0.1598 0.1389 0.1988 0.3701 0.5112 0.2890 0.1357 0.1617 0.2740 0.5014 0.4310 0.1516 0.1414 0.2091 0.3940 0.5037 0.2520 0.1350 0.1683 0.2926 0.5129 0.4040 0.1451 0.1452 0.2234 0.4263 0.4896 0.2049 0.1354 0.1789 0.3220 0.5181 0.3576 0.1391 0.1520 0.2443 0.4497 0.5142 0.4497 0.2443 0.1520 0.1391 0.3576 0.5181 0.3220 0.1789 0.1354 0.2049 0.4896 0.4263 0.2234 0.1452 0.1451 0.4040 0.5129 0.2926 0.1683 0.1350 0.2520 0.5037 0.3940 0.2091 0.1414 0.1516 0.4310 0.5014 0.2740 0.1617 0.1357 0.2890 0.5112 0.3701 0.1988 0.1389 0.1598 0.4513 0.4845 0.2582 0.1563 0.1370 0.3240 0.5160 0.3475 0.1896 0.1370 0.1724 0.4688 0.4604
0.4672 0.1701 0.1372 0.1909 0.3509 0.5155 0.3188 0.1368 0.1571 0.2606 0.4874 0.4484 0.1583 0.1392 0.2003 0.3737 0.5102 0.2835 0.1355 0.1626 0.2765 0.5034 0.4277 0.1506 0.1418 0.2107 0.3977 0.5024 0.2471 0.1350 0.1691 0.2946 0.5136 0.4015 0.1447 0.1454 0.2243 0.4280 0.4889 0.2033 0.1354 0.1791 0.3223 0.5181 0.3580 0.1392 0.1520 0.2460 0.4651 0.4762 0.3171 0.4762 0.4651 0.2460 0.1520 0.1392 0.3580 0.5181 0.3223 0.1791 0.1354 0.2033 0.4889 0.4280 0.2243 0.1454 0.1447 0.4015 0.5136 0.2946 0.1691 0.1350 0.2471 0.5024 0.3977 0.2107 0.1418 0.1506 0.4277 0.5034 0.2765 0.1626 0.1355 0.2835 0.5102 0.3737 0.2003 0.1392 0.1583 0.4484 0.4874 0.2606 0.1571 0.1368 0.3188 0.5155 0.3509 0.1909 0.1372 0.1701 0.4672
0.1720 0.1375 0.1923 0.3543 0.5149 0.3135 0.1365 0.1579 0.2629 0.4902 0.4455 0.1570 0.1396 0.2018 0.3773 0.5092 0.2780 0.1354 0.1635 0.2790 0.5053 0.4242 0.1497 0.1422 0.2124 0.4014 0.5010 0.2418 0.1350 0.1700 0.2969 0.5143 0.3987 0.1442 0.1458 0.2254 0.4299 0.4880 0.2015 0.1354 0.1795 0.3230 0.5181 0.3576 0.1392 0.1520 0.2463 0.4681 0.4663 0.1806 0.1353 0.1806 0.4663 0.4681 0.2463 0.1520 0.1392 0.3576 0.5181 0.3230 0.1795 0.1354 0.2015 0.4880 0.4299 0.2254 0.1458 0.1442 0.3987 0.5143 0.2969 0.1700 0.1350 0.2418 0.5010 0.4014 0.2124 0.1422 0.1497 0.4242 0.5053 0.2790 0.1635 0.1354 0.2780 0.5092 0.3773 0.2018 0.1396 0.1570 0.4455 0.4902 0.2629 0.1579 0.1365 0.3135 0.5149 0.3543 0.1923 0.1375 0.1720
0.1415 0.1936 0.3575 0.5142 0.3085 0.1363 0.1587 0.2652 0.4928 0.4426 0.1557 0.1399 0.2033 0.3807 0.5082 0.2727 0.1353 0.1644 0.2815 0.5070 0.4209 0.1488 0.1426 0.2140 0.4049 0.4996 0.2367 0.1350 0.1709 0.2993 0.5150 0.3956 0.1438 0.1461 0.2265 0.4320 0.4870 0.1996 0.1355 0.1799 0.3239 0.5181 0.3568 0.1391 0.1520 0.2463 0.4686 0.4641 0.1692 0.1358 0.1564 0.1358 0.1692 0.4641 0.4686 0.2463 0.1520 0.1391 0.3568 0.5181 0.3239 0.1799 0.1355 0.1996 0.4870 0.4320 0.2265 0.1461 0.1438 0.3956 0.5150 0.2993 0.1709 0.1350 0.2367 0.4996 0.4049 0.2140 0.1426 0.1488 0.4209 0.5070 0.2815 0.1644 0.1353 0.2727 0.5082 0.3807 0.2033 0.1399 0.1557 0.4426 0.4928 0.2652 0.1587 0.1363 0.3085 0.5142 0.3575 0.1936 0.1415
0.1961 0.3601 0.5136 0.3045 0.1361 0.1592 0.2669 0.4947 0.4402 0.1548 0.1402 0.2044 0.3834 0.5073 0.2686 0.1352 0.1651 0.2834 0.5081 0.4182 0.1482 0.1430 0.2152 0.4077 0.4985 0.2328 0.1349 0.1716 0.3013 0.5155 0.3930 0.1434 0.1464 0.2274 0.4336 0.4863 0.1981 0.1355 0.1802 0.3245 0.5180 0.3564 0.1391 0.1520 0.2460 0.4681 0.4641 0.1676 0.1372 0.1854 0.2621 0.1854 0.1372 0.1676 0.4641 0.4681 0.2460 0.1520 0.1391 0.3564 0.5180 0.3245 0.1802 0.1355 0.1981 0.4863 0.4336 0.2274 0.1464 0.1434 0.3930 0.5155 0.3013 0.1716 0.1349 0.2328 0.4985 0.4077 0.2152 0.1430 0.1482 0.4182 0.5081 0.2834 0.1651 0.1352 0.2686 0.5073 0.3834 0.2044 0.1402 0.1548 0.4402 0.4947 0.2669 0.1592 0.1361 0.3045 0.5136 0.3601 0.1961
0.3579 0.5136 0.3051 0.1361 0.1590 0.2666 0.4943 0.4406 0.1548 0.1400 0.2041 0.3829 0.5073 0.2692 0.1351 0.1648 0.2831 0.5078 0.4186 0.1482 0.1428 0.2149 0.4072 0.4986 0.2333 0.1348 0.1714 0.3009 0.5153 0.3936 0.1434 0.1462 0.2269 0.4325 0.4868 0.1996 0.1353 0.1795 0.3229 0.5179 0.3592 0.1392 0.1514 0.2443 0.4651 0.4663 0.1692 0.1372 0.1906 0.3373 0.4892 0.3373 0.1906 0.1372 0.1692 0.4663 0.4651 0.2443 0.1514 0.1392 0.3592 0.5179 0.3229 0.1795 0.1353 0.1996 0.4868 0.4325 0.2269 0.1462 0.1434 0.3936 0.5153 0.3009 0.1714 0.1348 0.2333 0.4986 0.4072 0.2149 0.1428 0.1482 0.4186 0.5078 0.2831 0.1648 0.1351 0.2692 0.5073 0.3829 0.2041 0.1400 0.1548 0.4406 0.4943 0.2666 0.1590 0.1361 0.3051 0.5136 0.3579
0.5151 0.3251 0.1366 0.1554 0.2574 0.4837 0.4516 0.1597 0.1382 0.1978 0.3696 0.5106 0.2902 0.1351 0.1608 0.2732 0.5006 0.4316 0.1514 0.1406 0.2080 0.3933 0.5033 0.2540 0.1345 0.1669 0.2904 0.5113 0.4085 0.1456 0.1436 0.2193 0.4181 0.4933 0.2180 0.1345 0.1742 0.3106 0.5167 0.3781 0.1408 0.1481 0.2350 0.4497 0.4762 0.1806 0.1358 0.1854 0.3373 0.5167 0.4575 0.5167 0.3373 0.1854 0.1358 0.1806 0.4762 0.4497 0.2350 0.1481 0.1408 0.3781 0.5167 0.3106 0.1742 0.1345 0.2180 0.4933 0.4181 0.2193 0.1436 0.1456 0.4085 0.5113 0.2904 0.1669 0.1345 0.2540 0.5033 0.3933 0.2080 0.1406 0.1514 0.4316 0.5006 0.2732 0.1608 0.1351 0.2902 0.5106 0.3696 0.1978 0.1382 0.1597 0.4516 0.4837 0.2574 0.1554 0.1366 0.3251 0.5151
0.4368 0.1521 0.1394 0.2044 0.3873 0.5048 0.2635 0.1341 0.1645 0.2851 0.5093 0.4143 0.1458 0.1422 0.2153 0.4119 0.4956 0.2278 0.1340 0.1711 0.3035 0.5154 0.3889 0.1413 0.1456 0.2274 0.4367 0.4840 0.1964 0.1346 0.1785 0.3234 0.5170 0.3596 0.1380 0.1497 0.2414 0.4627 0.4681 0.1714 0.1360 0.1886 0.3501 0.5142 0.3171 0.1353 0.1564 0.2621 0.4892 0.4575 0.2806 0.4575 0.4892 0.2621 0.1564 0.1353 0.3171 0.5142 0.3501 0.1886 0.1360 0.1714 0.4681 0.4627 0.2414 0.1497 0.1380 0.3596 0.5170 0.3234 0.1785 0.1346 0.1964 0.4840 0.4367 0.2274 0.1456 0.1413 0.3889 0.5154 0.3035 0.1711 0.1340 0.2278 0.4956 0.4119 0.2153 0.1422 0.1458 0.4143 0.5093 0.2851 0.1645 0.1341 0.2635 0.5048 0.3873 0.2044 0.1394 0.1521 0.4368
0.5151 0.3251 0.1366 0.1554 0.2574 0.4837 0.4516 0.1597 0.1382 0.1978 0.3696 0.5106 0.2902 0.1351 0.1608 0.2732 0.5006 0.4316 0.1514 0.1406 0.2080 0.3933 0.5033 0.2540 0.1345 0.1669 0.2904 0.5113 0.4085 0.1456 0.1436 0.2193 0.4181 0.4933 0.2180 0.1345 0.1742 0.3106 0.5167 0.3781 0.1408 0.1481 0.2350 0.4497 0.4762 0.1806 0.1358 0.1854 0.3373 0.5167 0.4575 0.5167 0.3373 0.1854 0.1358 0.1806 0.4762 0.4497 0.2350 0.1481 0.1408 0.3781 0.5167 0.3106 0.1742 0.1345 0.2180 0.4933 0.4181 0.2193 0.1436 0.1456 0.4085 0.5113 0.2904 0.1669 0.1345 0.2540 0.5033 0.3933 0.2080 0.1406 0.1514 0.4316 0.5006 0.2732 0.1608 0.1351 0.2902 0.5106 0.3696 0.1978 0.1382 0.1597 0.4516 0.4837 0.2574 0.1554 0.1366 0.3251 0.5151
0.3579 0.5136 0.3051 0.1361 0.1590 0.2666 0.4943 0.4406 0.1548 0.1400 0.2041 0.3829 0.5073 0.2692 0.1351 0.1648 0.2831 0.5078 0.4186 0.1482 0.1428 0.2149 0.4072 0.4986 0.2333 0.1348 0.1714 0.3009 0.5153 0.3936 0.1434 0.1462 0.2269 0.4325 0.4868 0.1996 0.1353 0.1795 0.3229 0.5179 0.3592 0.1392 0.1514 0.2443 0.4651 0.4663 0.1692 0.1372 0.1906 0.3373 0.4892 0.3373 0.1906 0.1372 0.1692 0.4663 0.4651 0.2443 0.1514 0.1392 0.3592 0.5179 0.3229 0.1795 0.1353 0.1996 0.4868 0.4325 0.2269 0.1462 0.1434 0.3936 0.5153 0.3009 0.1714 0.1348 0.2333 0.4986 0.4072 0.2149 0.1428 0.1482 0.4186 0.5078 0.2831 0.1648 0.1351 0.2692 0.5073 0.3829 0.2041 0.1400 0.1548 0.4406 0.4943 0.2666 0.1590 0.1361 0.3051 0.5136 0.3579
0.1961 0.3601 0.5136 0.3045 0.1361 0.1592 0.2669 0.4947 0.4402 0.1548 0.1402 0.2044 0.3834 0.5073 0.2686 0.1352 0.1651 0.2834 0.5081 0.4182 0.1482 0.1430 0.2152 0.4077 0.4985 0.2328 0.1349 0.1716 0.3013 0.5155 0.3930 0.1434 0.1464 0.2274 0.4336 0.4863 0.1981 0.1355 0.1802 0.3245 0.5180 0.3564 0.1391 0.1520 0.2460 0.4681 0.4641 0.1676 0.1372 0.1854 0.2621 0.1854 0.1372 0.1676 0.4641 0.4681 0.2460 0.1520 0.1391 0.3564 0.5180 0.3245 0.1802 0.1355 0.1981 0.4863 0.4336 0.2274 0.1464 0.1434 0.3930 0.5155 0.3013 0.1716 0.1349 0.2328 0.4985 0.4077 0.2152 0.1430 0.1482 0.4182 0.5081 0.2834 0.1651 0.1352 0.2686 0.5073 0.3834 0.2044 0.1402 0.1548 0.4402 0.4947 0.2669 0.1592 0.1361 0.3045 0.5136 0.3601 0.1961
0.1415 0.1936 0.3575 0.5142 0.3085 0.1363 0.1587 0.2652 0.4928 0.4426 0.1557 0.1399 0.2033 0.3807 0.5082 0.2727 0.1353 0.1644 0.2815 0.5070 0.4209 0.1488 0.1426 0.2140 0.4049 0.4996 0.2367 0.1350 0.1709 0.2993 0.5150 0.3956 0.1438 0.1461 0.2265 0.4320 0.4870 0.1996 0.1355 0.1799 0.3239 0.5181 0.3568 0.1391 0.1520 0.2463 0.4686 0.4641 0.1692 0.1358 0.1564 0.1358 0.1692 0.4641 0.4686 0.2463 0.1520 0.1391 0.3568 0.5181 0.3239 0.1799 0.1355 0.1996 0.4870 0.4320 0.2265 0.1461 0.1438 0.3956 0.5150 0.2993 0.1709 0.1350 0.2367 0.4996 0.4049 0.2140 0.1426 0.1488 0.4209 0.5070 0.2815 0.1644 0.1353 0.2727 0.5082 0.3807 0.2033 0.1399 0.1557 0.4426 0.4928 0.2652 0.1587 0.1363 0.3085 0.5142 0.3575 0.1936 0.1415
0.1720 0.1375 0.1923 0.3543 0.5149 0.3135 0.1365 0.1579 0.2629 0.4902 0.4455 0.1570 0.1396 0.2018 0.3773 0.5092 0.2780 0.1354 0.1635 0.2790 0.5053 0.4242 0.1497 0.1422 0.2124 0.4014 0.5010 0.2418 0.1350 0.1700 0.2969 0.5143 0.3987 0.1442 0.1458 0.2254 0.4299 0.4880 0.2015 0.1354 0.1795 0.3230 0.5181 0.3576 0.1392 0.1520 0.2463 0.4681 0.4663 0.1806 0.1353 0.1806 0.4663 0.4681 0.2463 0.1520 0.1392 0.3576 0.5181 0.3230 0.1795 0.1354 0.2015 0.4880 0.4299 0.2254 0.1458 0.1442 0.3987 0.5143 0.2969 0.1700 0.1350 0.2418 0.5010 0.4014 0.2124 0.1422 0.1497 0.4242 0.5053 0.2790 0.1635 0.1354 0.2780 0.5092 0.3773 0.2018 0.1396 0.1570 0.4455 0.4902 0.2629 0.1579 0.1365 0.3135 0.5149 0.3543 0.1923 0.1375 0.1720
