-0.2788 0.1657 -0.0243 -0.2412 -0.3336 -0.3811 0.0797 0.2734 -0.1961 -0.3004 -0.3778 -0.0715 0.2246 -0.1314 -0.2654 -0.3537 -0.3331 0.1368 0.1057 -0.2269 -0.3226 -0.3855 0.0452 0.2743 -0.1779 -0.2885 -0.3707 -0.1800 0.1940 -0.0916 -0.2530 -0.3435 -0.3667 0.1075 0.2281 -0.2113 -0.3111 -0.3830 -0.0022 0.2519 -0.1564 -0.2765 -0.3623 -0.2767 0.1645 -0.0185 -0.2403 -0.3325 -0.3829 0.0540 0.1955 0.0540 -0.3829 -0.3325 -0.2403 -0.0185 0.1645 -0.2767 -0.3623 -0.2765 -0.1564 0.2519 -0.0022 -0.3830 -0.3111 -0.2113 0.2281 0.1075 -0.3667 -0.3435 -0.2530 -0.0916 0.1940 -0.1800 -0.3707 -0.2885 -0.1779 0.2743 0.0452 -0.3855 -0.3226 -0.2269 0.1057 0.1368 -0.3331 -0.3537 -0.2654 -0.1314 0.2246 -0.0715 -0.3778 -0.3004 -0.1961 0.2734 0.0797 -0.3811 -0.3336 -0.2412 -0.0243 0.1657 -0.2788
0.1657 -0.0185 -0.2496 -0.3409 -0.3866 0.0790 0.2780 -0.1995 -0.3078 -0.3841 -0.0749 0.2228 -0.1302 -0.2730 -0.3606 -0.3385 0.1356 0.1245 -0.2333 -0.3298 -0.3913 0.0442 0.2747 -0.1799 -0.2960 -0.3773 -0.1854 0.1925 -0.0872 -0.2608 -0.3506 -0.3721 0.1066 0.2397 -0.2161 -0.3184 -0.3890 -0.0039 0.2504 -0.1569 -0.2841 -0.3691 -0.2822 0.1633 -0.0067 -0.2484 -0.3399 -0.3876 0.0712 0.2784 -0.0933 0.2784 0.0712 -0.3876 -0.3399 -0.2484 -0.0067 0.1633 -0.2822 -0.3691 -0.2841 -0.1569 0.2504 -0.0039 -0.3890 -0.3184 -0.2161 0.2397 0.1066 -0.3721 -0.3506 -0.2608 -0.0872 0.1925 -0.1854 -0.3773 -0.2960 -0.1799 0.2747 0.0442 -0.3913 -0.3298 -0.2333 0.1245 0.1356 -0.3385 -0.3606 -0.2730 -0.1302 0.2228 -0.0749 -0.3841 -0.3078 -0.1995 0.2780 0.0790 -0.3866 -0.3409 -0.2496 -0.0185 0.1657
-0.0243 -0.2496 -0.3404 -0.3872 0.0763 0.2792 -0.1977 -0.3066 -0.3835 -0.0854 0.2195 -0.1264 -0.2717 -0.3595 -0.3433 0.1324 0.1407 -0.2315 -0.3286 -0.3913 0.0398 0.2727 -0.1776 -0.2947 -0.3764 -0.1975 0.1892 -0.0809 -0.2595 -0.3495 -0.3745 0.1034 0.2473 -0.2142 -0.3172 -0.3885 -0.0107 0.2473 -0.1541 -0.2828 -0.3681 -0.2905 0.1599 0.0063 -0.2470 -0.3388 -0.3882 0.0717 0.2807 -0.1829 -0.2605 -0.1829 0.2807 0.0717 -0.3882 -0.3388 -0.2470 0.0063 0.1599 -0.2905 -0.3681 -0.2828 -0.1541 0.2473 -0.0107 -0.3885 -0.3172 -0.2142 0.2473 0.1034 -0.3745 -0.3495 -0.2595 -0.0809 0.1892 -0.1975 -0.3764 -0.2947 -0.1776 0.2727 0.0398 -0.3913 -0.3286 -0.2315 0.1407 0.1324 -0.3433 -0.3595 -0.2717 -0.1264 0.2195 -0.0854 -0.3835 -0.3066 -0.1977 0.2792 0.0763 -0.3872 -0.3404 -0.2496 -0.0243
-0.2412 -0.3409 -0.3872 0.0752 0.2798 -0.1962 -0.3056 -0.3829 -0.0958 0.2163 -0.1227 -0.2704 -0.3585 -0.3479 0.1293 0.1563 -0.2296 -0.3274 -0.3913 0.0352 0.2705 -0.1752 -0.2934 -0.3756 -0.2094 0.1859 -0.0742 -0.2581 -0.3483 -0.3767 0.1002 0.2539 -0.2122 -0.3159 -0.3880 -0.0178 0.2440 -0.1512 -0.2814 -0.3671 -0.2983 0.1566 0.0203 -0.2453 -0.3376 -0.3889 0.0691 0.2806 -0.1909 -0.2969 -0.3533 -0.2969 -0.1909 0.2806 0.0691 -0.3889 -0.3376 -0.2453 0.0203 0.1566 -0.2983 -0.3671 -0.2814 -0.1512 0.2440 -0.0178 -0.3880 -0.3159 -0.2122 0.2539 0.1002 -0.3767 -0.3483 -0.2581 -0.0742 0.1859 -0.2094 -0.3756 -0.2934 -0.1752 0.2705 0.0352 -0.3913 -0.3274 -0.2296 0.1563 0.1293 -0.3479 -0.3585 -0.2704 -0.1227 0.2163 -0.0958 -0.3829 -0.3056 -0.1962 0.2798 0.0752 -0.3872 -0.3409 -0.2412
-0.3336 -0.3866 0.0763 0.2798 -0.1957 -0.3050 -0.3824 -0.1045 0.2136 -0.1191 -0.2692 -0.3575 -0.3519 0.1262 0.1706 -0.2277 -0.3261 -0.3912 0.0305 0.2681 -0.1728 -0.2921 -0.3747 -0.2209 0.1827 -0.0669 -0.2568 -0.3472 -0.3787 0.0970 0.2597 -0.2103 -0.3146 -0.3875 -0.0254 0.2407 -0.1482 -0.2801 -0.3661 -0.3057 0.1532 0.0352 -0.2434 -0.3364 -0.3896 0.0656 0.2806 -0.1911 -0.3013 -0.3800 -0.3800 -0.3800 -0.3013 -0.1911 0.2806 0.0656 -0.3896 -0.3364 -0.2434 0.0352 0.1532 -0.3057 -0.3661 -0.2801 -0.1482 0.2407 -0.0254 -0.3875 -0.3146 -0.2103 0.2597 0.0970 -0.3787 -0.3472 -0.2568 -0.0669 0.1827 -0.2209 -0.3747 -0.2921 -0.1728 0.2681 0.0305 -0.3912 -0.3261 -0.2277 0.1706 0.1262 -0.3519 -0.3575 -0.2692 -0.1191 0.2136 -0.1045 -0.3824 -0.3050 -0.1957 0.2798 0.0763 -0.3866 -0.3336
-0.3811 0.0790 0.2792 -0.1962 -0.3050 -0.3823 -0.1091 0.2117 -0.1162 -0.2682 -0.3566 -0.3553 0.1234 0.1834 -0.2260 -0.3249 -0.3910 0.0256 0.2656 -0.1704 -0.2908 -0.3738 -0.2320 0.1795 -0.0591 -0.2554 -0.3460 -0.3805 0.0937 0.2647 -0.2083 -0.3134 -0.3869 -0.0334 0.2375 -0.1451 -0.2788 -0.3651 -0.3126 0.1499 0.0509 -0.2415 -0.3352 -0.3901 0.0619 0.2802 -0.1895 -0.3013 -0.3802 -0.2052 0.0967 -0.2052 -0.3802 -0.3013 -0.1895 0.2802 0.0619 -0.3901 -0.3352 -0.2415 0.0509 0.1499 -0.3126 -0.3651 -0.2788 -0.1451 0.2375 -0.0334 -0.3869 -0.3134 -0.2083 0.2647 0.0937 -0.3805 -0.3460 -0.2554 -0.0591 0.1795 -0.2320 -0.3738 -0.2908 -0.1704 0.2656 0.0256 -0.3910 -0.3249 -0.2260 0.1834 0.1234 -0.3553 -0.3566 -0.2682 -0.1162 0.2117 -0.1091 -0.3823 -0.3050 -0.1962 0.2792 0.0790 -0.3811
0.0797 0.2780 -0.1977 -0.3056 -0.3824 -0.1091 0.2112 -0.1146 -0.2675 -0.3559 -0.3581 0.1209 0.1943 -0.2243 -0.3238 -0.3907 0.0206 0.2629 -0.1679 -0.2895 -0.3729 -0.2427 0.1763 -0.0506 -0.2541 -0.3449 -0.3821 0.0905 0.2689 -0.2063 -0.3121 -0.3863 -0.0420 0.2341 -0.1419 -0.2775 -0.3641 -0.3192 0.1466 0.0673 -0.2397 -0.3340 -0.3905 0.0581 0.2795 -0.1874 -0.3003 -0.3799 -0.1606 0.1809 0.2650 0.1809 -0.1606 -0.3799 -0.3003 -0.1874 0.2795 0.0581 -0.3905 -0.3340 -0.2397 0.0673 0.1466 -0.3192 -0.3641 -0.2775 -0.1419 0.2341 -0.0420 -0.3863 -0.3121 -0.2063 0.2689 0.0905 -0.3821 -0.3449 -0.2541 -0.0506 0.1763 -0.2427 -0.3729 -0.2895 -0.1679 0.2629 0.0206 -0.3907 -0.3238 -0.2243 0.1943 0.1209 -0.3581 -0.3559 -0.2675 -0.1146 0.2112 -0.1091 -0.3824 -0.3056 -0.1977 0.2780 0.0797
0.2734 -0.1995 -0.3066 -0.3829 -0.1045 0.2117 -0.1146 -0.2673 -0.3555 -0.3598 0.1189 0.2030 -0.2229 -0.3228 -0.3905 0.0158 0.2603 -0.1655 -0.2882 -0.3720 -0.2529 0.1732 -0.0413 -0.2527 -0.3437 -0.3836 0.0871 0.2723 -0.2044 -0.3108 -0.3857 -0.0510 0.2308 -0.1386 -0.2762 -0.3631 -0.3253 0.1434 0.0841 -0.2378 -0.3328 -0.3909 0.0541 0.2784 -0.1852 -0.2991 -0.3792 -0.1593 0.1956 -0.0601 -0.2100 -0.0601 0.1956 -0.1593 -0.3792 -0.2991 -0.1852 0.2784 0.0541 -0.3909 -0.3328 -0.2378 0.0841 0.1434 -0.3253 -0.3631 -0.2762 -0.1386 0.2308 -0.0510 -0.3857 -0.3108 -0.2044 0.2723 0.0871 -0.3836 -0.3437 -0.2527 -0.0413 0.1732 -0.2529 -0.3720 -0.2882 -0.1655 0.2603 0.0158 -0.3905 -0.3228 -0.2229 0.2030 0.1189 -0.3598 -0.3555 -0.2673 -0.1146 0.2117 -0.1045 -0.3829 -0.3066 -0.1995 0.2734
-0.1961 -0.3078 -0.3835 -0.0958 0.2136 -0.1162 -0.2675 -0.3555 -0.3603 0.1179 0.2085 -0.2217 -0.3219 -0.3902 0.0113 0.2579 -0.1632 -0.2870 -0.3711 -0.2624 0.1701 -0.0314 -0.2514 -0.3425 -0.3849 0.0838 0.2751 -0.2024 -0.3096 -0.3851 -0.0606 0.2275 -0.1352 -0.2749 -0.3621 -0.3310 0.1401 0.1011 -0.2360 -0.3315 -0.3911 0.0501 0.2771 -0.1830 -0.2978 -0.3784 -0.1686 0.1960 -0.0871 -0.2543 -0.3122 -0.2543 -0.0871 0.1960 -0.1686 -0.3784 -0.2978 -0.1830 0.2771 0.0501 -0.3911 -0.3315 -0.2360 0.1011 0.1401 -0.3310 -0.3621 -0.2749 -0.1352 0.2275 -0.0606 -0.3851 -0.3096 -0.2024 0.2751 0.0838 -0.3849 -0.3425 -0.2514 -0.0314 0.1701 -0.2624 -0.3711 -0.2870 -0.1632 0.2579 0.0113 -0.3902 -0.3219 -0.2217 0.2085 0.1179 -0.3603 -0.3555 -0.2675 -0.1162 0.2136 -0.0958 -0.3835 -0.3078 -0.1961
-0.3004 -0.3841 -0.0854 0.2163 -0.1191 -0.2682 -0.3559 -0.3598 0.1179 0.2103 -0.2211 -0.3213 -0.3900 0.0075 0.2557 -0.1612 -0.2860 -0.3703 -0.2708 0.1672 -0.0211 -0.2501 -0.3413 -0.3861 0.0804 0.2773 -0.2003 -0.3083 -0.3844 -0.0708 0.2241 -0.1316 -0.2735 -0.3610 -0.3364 0.1369 0.1179 -0.2341 -0.3303 -0.3913 0.0459 0.2754 -0.1808 -0.2965 -0.3776 -0.1805 0.1935 -0.0878 -0.2595 -0.3460 -0.3921 -0.3460 -0.2595 -0.0878 0.1935 -0.1805 -0.3776 -0.2965 -0.1808 0.2754 0.0459 -0.3913 -0.3303 -0.2341 0.1179 0.1369 -0.3364 -0.3610 -0.2735 -0.1316 0.2241 -0.0708 -0.3844 -0.3083 -0.2003 0.2773 0.0804 -0.3861 -0.3413 -0.2501 -0.0211 0.1672 -0.2708 -0.3703 -0.2860 -0.1612 0.2557 0.0075 -0.3900 -0.3213 -0.2211 0.2103 0.1179 -0.3598 -0.3559 -0.2682 -0.1191 0.2163 -0.0854 -0.3841 -0.3004
-0.3778 -0.0749 0.2195 -0.1227 -0.2692 -0.3566 -0.3581 0.1189 0.2085 -0.2211 -0.3211 -0.3898 0.0050 0.2540 -0.1595 -0.2851 -0.3696 -0.2780 0.1646 -0.0108 -0.2488 -0.3402 -0.3871 0.0770 0.2789 -0.1983 -0.3070 -0.3837 -0.0814 0.2208 -0.1279 -0.2722 -0.3600 -0.3414 0.1337 0.1343 -0.2322 -0.3291 -0.3913 0.0416 0.2735 -0.1785 -0.2952 -0.3768 -0.1927 0.1904 -0.0832 -0.2596 -0.3488 -0.3846 -0.0656 -0.3846 -0.3488 -0.2596 -0.0832 0.1904 -0.1927 -0.3768 -0.2952 -0.1785 0.2735 0.0416 -0.3913 -0.3291 -0.2322 0.1343 0.1337 -0.3414 -0.3600 -0.2722 -0.1279 0.2208 -0.0814 -0.3837 -0.3070 -0.1983 0.2789 0.0770 -0.3871 -0.3402 -0.2488 -0.0108 0.1646 -0.2780 -0.3696 -0.2851 -0.1595 0.2540 0.0050 -0.3898 -0.3211 -0.2211 0.2085 0.1189 -0.3581 -0.3566 -0.2692 -0.1227 0.2195 -0.0749 -0.3778
-0.0715 0.2228 -0.1264 -0.2704 -0.3575 -0.3553 0.1209 0.2030 -0.2217 -0.3213 -0.3898 0.0041 0.2531 -0.1584 -0.2844 -0.3690 -0.2837 0.1622 -0.0008 -0.2477 -0.3392 -0.3879 0.0738 0.2799 -0.1963 -0.3057 -0.3830 -0.0926 0.2174 -0.1240 -0.2709 -0.3589 -0.3461 0.1305 0.1501 -0.2304 -0.3278 -0.3913 0.0371 0.2714 -0.1761 -0.2939 -0.3759 -0.2047 0.1872 -0.0769 -0.2586 -0.3485 -0.3786 0.0807 0.2180 0.0807 -0.3786 -0.3485 -0.2586 -0.0769 0.1872 -0.2047 -0.3759 -0.2939 -0.1761 0.2714 0.0371 -0.3913 -0.3278 -0.2304 0.1501 0.1305 -0.3461 -0.3589 -0.2709 -0.1240 0.2174 -0.0926 -0.3830 -0.3057 -0.1963 0.2799 0.0738 -0.3879 -0.3392 -0.2477 -0.0008 0.1622 -0.2837 -0.3690 -0.2844 -0.1584 0.2531 0.0041 -0.3898 -0.3213 -0.2217 0.2030 0.1209 -0.3553 -0.3575 -0.2704 -0.1264 0.2228 -0.0715
0.2246 -0.1302 -0.2717 -0.3585 -0.3519 0.1234 0.1943 -0.2229 -0.3219 -0.3900 0.0050 0.2531 -0.1579 -0.2840 -0.3687 -0.2879 0.1602 0.0081 -0.2466 -0.3383 -0.3886 0.0708 0.2804 -0.1944 -0.3045 -0.3824 -0.1041 0.2141 -0.1200 -0.2696 -0.3578 -0.3505 0.1273 0.1652 -0.2285 -0.3266 -0.3912 0.0324 0.2691 -0.1738 -0.2926 -0.3750 -0.2163 0.1840 -0.0699 -0.2573 -0.3476 -0.3785 0.0934 0.2791 -0.1248 0.2791 0.0934 -0.3785 -0.3476 -0.2573 -0.0699 0.1840 -0.2163 -0.3750 -0.2926 -0.1738 0.2691 0.0324 -0.3912 -0.3266 -0.2285 0.1652 0.1273 -0.3505 -0.3578 -0.2696 -0.1200 0.2141 -0.1041 -0.3824 -0.3045 -0.1944 0.2804 0.0708 -0.3886 -0.3383 -0.2466 0.0081 0.1602 -0.2879 -0.3687 -0.2840 -0.1579 0.2531 0.0050 -0.3900 -0.3219 -0.2229 0.1943 0.1234 -0.3519 -0.3585 -0.2717 -0.1302 0.2246
-0.1314 -0.2730 -0.3595 -0.3479 0.1262 0.1834 -0.2243 -0.3228 -0.3902 0.0075 0.2540 -0.1584 -0.2840 -0.3685 -0.2901 0.1589 0.0147 -0.2455 -0.3375 -0.3891 0.0681 0.2806 -0.1927 -0.3034 -0.3817 -0.1154 0.2108 -0.1158 -0.2682 -0.3567 -0.3545 0.1242 0.1794 -0.2266 -0.3254 -0.3911 0.0276 0.2666 -0.1714 -0.2913 -0.3742 -0.2276 0.1808 -0.0623 -0.2560 -0.3465 -0.3799 0.0940 0.2691 -0.1971 -0.2694 -0.1971 0.2691 0.0940 -0.3799 -0.3465 -0.2560 -0.0623 0.1808 -0.2276 -0.3742 -0.2913 -0.1714 0.2666 0.0276 -0.3911 -0.3254 -0.2266 0.1794 0.1242 -0.3545 -0.3567 -0.2682 -0.1158 0.2108 -0.1154 -0.3817 -0.3034 -0.1927 0.2806 0.0681 -0.3891 -0.3375 -0.2455 0.0147 0.1589 -0.2901 -0.3685 -0.2840 -0.1584 0.2540 0.0075 -0.3902 -0.3228 -0.2243 0.1834 0.1262 -0.3479 -0.3595 -0.2730 -0.1314
-0.2654 -0.3606 -0.3433 0.1293 0.1706 -0.2260 -0.3238 -0.3905 0.0113 0.2557 -0.1595 -0.2844 -0.3687 -0.2901 0.1585 0.0182 -0.2449 -0.3370 -0.3894 0.0658 0.2806 -0.1911 -0.3024 -0.3811 -0.1258 0.2078 -0.1117 -0.2670 -0.3557 -0.3583 0.1210 0.1926 -0.2247 -0.3241 -0.3908 0.0225 0.2640 -0.1689 -0.2900 -0.3733 -0.2385 0.1776 -0.0541 -0.2546 -0.3453 -0.3815 0.0916 0.2685 -0.2044 -0.3055 -0.3612 -0.3055 -0.2044 0.2685 0.0916 -0.3815 -0.3453 -0.2546 -0.0541 0.1776 -0.2385 -0.3733 -0.2900 -0.1689 0.2640 0.0225 -0.3908 -0.3241 -0.2247 0.1926 0.1210 -0.3583 -0.3557 -0.2670 -0.1117 0.2078 -0.1258 -0.3811 -0.3024 -0.1911 0.2806 0.0658 -0.3894 -0.3370 -0.2449 0.0182 0.1585 -0.2901 -0.3687 -0.2844 -0.1595 0.2557 0.0113 -0.3905 -0.3238 -0.2260 0.1706 0.1293 -0.3433 -0.3606 -0.2654
-0.3537 -0.3385 0.1324 0.1563 -0.2277 -0.3249 -0.3907 0.0158 0.2579 -0.1612 -0.2851 -0.3690 -0.2879 0.1589 0.0182 -0.2446 -0.3367 -0.3896 0.0641 0.2804 -0.1898 -0.3016 -0.3806 -0.1351 0.2052 -0.1077 -0.2658 -0.3547 -0.3616 0.1179 0.2047 -0.2228 -0.3229 -0.3905 0.0172 0.2612 -0.1664 -0.2887 -0.3724 -0.2489 0.1744 -0.0451 -0.2533 -0.3442 -0.3830 0.0885 0.2712 -0.2046 -0.3097 -0.3852 -0.3600 -0.3852 -0.3097 -0.2046 0.2712 0.0885 -0.3830 -0.3442 -0.2533 -0.0451 0.1744 -0.2489 -0.3724 -0.2887 -0.1664 0.2612 0.0172 -0.3905 -0.3229 -0.2228 0.2047 0.1179 -0.3616 -0.3547 -0.2658 -0.1077 0.2052 -0.1351 -0.3806 -0.3016 -0.1898 0.2804 0.0641 -0.3896 -0.3367 -0.2446 0.0182 0.1589 -0.2879 -0.3690 -0.2851 -0.1612 0.2579 0.0158 -0.3907 -0.3249 -0.2277 0.1563 0.1324 -0.3385 -0.3537
-0.3331 0.1356 0.1407 -0.2296 -0.3261 -0.3910 0.0206 0.2603 -0.1632 -0.2860 -0.3696 -0.2837 0.1602 0.0147 -0.2449 -0.3367 -0.3897 0.0632 0.2802 -0.1889 -0.3009 -0.3801 -0.1433 0.2029 -0.1041 -0.2648 -0.3538 -0.3643 0.1151 0.2153 -0.2210 -0.3216 -0.3902 0.0116 0.2583 -0.1638 -0.2874 -0.3715 -0.2589 0.1713 -0.0354 -0.2519 -0.3430 -0.3844 0.0851 0.2741 -0.2031 -0.3097 -0.3848 -0.1242 0.1167 -0.1242 -0.3848 -0.3097 -0.2031 0.2741 0.0851 -0.3844 -0.3430 -0.2519 -0.0354 0.1713 -0.2589 -0.3715 -0.2874 -0.1638 0.2583 0.0116 -0.3902 -0.3216 -0.2210 0.2153 0.1151 -0.3643 -0.3538 -0.2648 -0.1041 0.2029 -0.1433 -0.3801 -0.3009 -0.1889 0.2802 0.0632 -0.3897 -0.3367 -0.2449 0.0147 0.1602 -0.2837 -0.3696 -0.2860 -0.1632 0.2603 0.0206 -0.3910 -0.3261 -0.2296 0.1407 0.1356 -0.3331
0.1368 0.1245 -0.2315 -0.3274 -0.3912 0.0256 0.2629 -0.1655 -0.2870 -0.3703 -0.2780 0.1622 0.0081 -0.2455 -0.3370 -0.3896 0.0632 0.2801 -0.1884 -0.3005 -0.3798 -0.1496 0.2010 -0.1007 -0.2638 -0.3529 -0.3667 0.1126 0.2240 -0.2193 -0.3205 -0.3898 0.0059 0.2553 -0.1611 -0.2861 -0.3705 -0.2684 0.1681 -0.0249 -0.2506 -0.3418 -0.3857 0.0818 0.2765 -0.2011 -0.3087 -0.3846 -0.0817 0.2025 0.2185 0.2025 -0.0817 -0.3846 -0.3087 -0.2011 0.2765 0.0818 -0.3857 -0.3418 -0.2506 -0.0249 0.1681 -0.2684 -0.3705 -0.2861 -0.1611 0.2553 0.0059 -0.3898 -0.3205 -0.2193 0.2240 0.1126 -0.3667 -0.3529 -0.2638 -0.1007 0.2010 -0.1496 -0.3798 -0.3005 -0.1884 0.2801 0.0632 -0.3896 -0.3370 -0.2455 0.0081 0.1622 -0.2780 -0.3703 -0.2870 -0.1655 0.2629 0.0256 -0.3912 -0.3274 -0.2315 0.1245 0.1368
0.1057 -0.2333 -0.3286 -0.3913 0.0305 0.2656 -0.1679 -0.2882 -0.3711 -0.2708 0.1646 -0.0008 -0.2466 -0.3375 -0.3894 0.0641 0.2802 -0.1884 -0.3003 -0.3796 -0.1534 0.1996 -0.0981 -0.2631 -0.3522 -0.3687 0.1103 0.2311 -0.2177 -0.3194 -0.3894 0.0003 0.2524 -0.1585 -0.2848 -0.3696 -0.2774 0.1650 -0.0134 -0.2492 -0.3406 -0.3867 0.0783 0.2783 -0.1991 -0.3075 -0.3840 -0.0804 0.2173 -0.1023 -0.2214 -0.1023 0.2173 -0.0804 -0.3840 -0.3075 -0.1991 0.2783 0.0783 -0.3867 -0.3406 -0.2492 -0.0134 0.1650 -0.2774 -0.3696 -0.2848 -0.1585 0.2524 0.0003 -0.3894 -0.3194 -0.2177 0.2311 0.1103 -0.3687 -0.3522 -0.2631 -0.0981 0.1996 -0.1534 -0.3796 -0.3003 -0.1884 0.2802 0.0641 -0.3894 -0.3375 -0.2466 -0.0008 0.1646 -0.2708 -0.3711 -0.2882 -0.1679 0.2656 0.0305 -0.3913 -0.3286 -0.2333 0.1057
-0.2269 -0.3298 -0.3913 0.0352 0.2681 -0.1704 -0.2895 -0.3720 -0.2624 0.1672 -0.0108 -0.2477 -0.3383 -0.3891 0.0658 0.2804 -0.1889 -0.3005 -0.3796 -0.1546 0.1990 -0.0965 -0.2625 -0.3517 -0.3703 0.1082 0.2369 -0.2164 -0.3184 -0.3890 -0.0052 0.2496 -0.1560 -0.2836 -0.3686 -0.2859 0.1618 -0.0010 -0.2478 -0.3394 -0.3877 0.0748 0.2796 -0.1971 -0.3062 -0.3833 -0.0887 0.2177 -0.1199 -0.2632 -0.3209 -0.2632 -0.1199 0.2177 -0.0887 -0.3833 -0.3062 -0.1971 0.2796 0.0748 -0.3877 -0.3394 -0.2478 -0.0010 0.1618 -0.2859 -0.3686 -0.2836 -0.1560 0.2496 -0.0052 -0.3890 -0.3184 -0.2164 0.2369 0.1082 -0.3703 -0.3517 -0.2625 -0.0965 0.1990 -0.1546 -0.3796 -0.3005 -0.1889 0.2804 0.0658 -0.3891 -0.3383 -0.2477 -0.0108 0.1672 -0.2624 -0.3720 -0.2895 -0.1704 0.2681 0.0352 -0.3913 -0.3298 -0.2269
-0.3226 -0.3913 0.0398 0.2705 -0.1728 -0.2908 -0.3729 -0.2529 0.1701 -0.0211 -0.2488 -0.3392 -0.3886 0.0681 0.2806 -0.1898 -0.3009 -0.3798 -0.1534 0.1990 -0.0959 -0.2622 -0.3513 -0.3713 0.1067 0.2416 -0.2152 -0.3176 -0.3886 -0.0102 0.2470 -0.1537 -0.2824 -0.3678 -0.2936 0.1585 0.0124 -0.2463 -0.3382 -0.3885 0.0713 0.2803 -0.1950 -0.3050 -0.3826 -0.0995 0.2152 -0.1204 -0.2682 -0.3539 -0.3957 -0.3539 -0.2682 -0.1204 0.2152 -0.0995 -0.3826 -0.3050 -0.1950 0.2803 0.0713 -0.3885 -0.3382 -0.2463 0.0124 0.1585 -0.2936 -0.3678 -0.2824 -0.1537 0.2470 -0.0102 -0.3886 -0.3176 -0.2152 0.2416 0.1067 -0.3713 -0.3513 -0.2622 -0.0959 0.1990 -0.1534 -0.3798 -0.3009 -0.1898 0.2806 0.0681 -0.3886 -0.3392 -0.2488 -0.0211 0.1701 -0.2529 -0.3729 -0.2908 -0.1728 0.2705 0.0398 -0.3913 -0.3226
-0.3855 0.0442 0.2727 -0.1752 -0.2921 -0.3738 -0.2427 0.1732 -0.0314 -0.2501 -0.3402 -0.3879 0.0708 0.2806 -0.1911 -0.3016 -0.3801 -0.1496 0.1996 -0.0965 -0.2622 -0.3512 -0.3718 0.1057 0.2446 -0.2143 -0.3169 -0.3883 -0.0148 0.2448 -0.1515 -0.2814 -0.3670 -0.3001 0.1555 0.0260 -0.2445 -0.3370 -0.3892 0.0677 0.2806 -0.1929 -0.3037 -0.3819 -0.1113 0.2120 -0.1172 -0.2684 -0.3562 -0.3721 -0.0105 -0.3721 -0.3562 -0.2684 -0.1172 0.2120 -0.1113 -0.3819 -0.3037 -0.1929 0.2806 0.0677 -0.3892 -0.3370 -0.2445 0.0260 0.1555 -0.3001 -0.3670 -0.2814 -0.1515 0.2448 -0.0148 -0.3883 -0.3169 -0.2143 0.2446 0.1057 -0.3718 -0.3512 -0.2622 -0.0965 0.1996 -0.1496 -0.3801 -0.3016 -0.1911 0.2806 0.0708 -0.3879 -0.3402 -0.2501 -0.0314 0.1732 -0.2427 -0.3738 -0.2921 -0.1752 0.2727 0.0442 -0.3855
0.0452 0.2747 -0.1776 -0.2934 -0.3747 -0.2320 0.1763 -0.0413 -0.2514 -0.3413 -0.3871 0.0738 0.2804 -0.1927 -0.3024 -0.3806 -0.1433 0.2010 -0.0981 -0.2625 -0.3513 -0.3718 0.1054 0.2461 -0.2137 -0.3164 -0.3881 -0.0188 0.2428 -0.1496 -0.2805 -0.3663 -0.3056 0.1528 0.0389 -0.2428 -0.3359 -0.3898 0.0641 0.2805 -0.1908 -0.3024 -0.3812 -0.1235 0.2087 -0.1130 -0.2674 -0.3559 -0.3617 0.1020 0.2400 0.1020 -0.3617 -0.3559 -0.2674 -0.1130 0.2087 -0.1235 -0.3812 -0.3024 -0.1908 0.2805 0.0641 -0.3898 -0.3359 -0.2428 0.0389 0.1528 -0.3056 -0.3663 -0.2805 -0.1496 0.2428 -0.0188 -0.3881 -0.3164 -0.2137 0.2461 0.1054 -0.3718 -0.3513 -0.2625 -0.0981 0.2010 -0.1433 -0.3806 -0.3024 -0.1927 0.2804 0.0738 -0.3871 -0.3413 -0.2514 -0.0413 0.1763 -0.2320 -0.3747 -0.2934 -0.1776 0.2747 0.0452
0.2743 -0.1799 -0.2947 -0.3756 -0.2209 0.1795 -0.0506 -0.2527 -0.3425 -0.3861 0.0770 0.2799 -0.1944 -0.3034 -0.3811 -0.1351 0.2029 -0.1007 -0.2631 -0.3517 -0.3713 0.1057 0.2461 -0.2135 -0.3162 -0.3879 -0.0218 0.2413 -0.1479 -0.2797 -0.3656 -0.3104 0.1505 0.0508 -0.2413 -0.3349 -0.3903 0.0606 0.2800 -0.1887 -0.3011 -0.3804 -0.1359 0.2054 -0.1084 -0.2661 -0.3550 -0.3614 0.1143 0.2563 -0.1486 0.2563 0.1143 -0.3614 -0.3550 -0.2661 -0.1084 0.2054 -0.1359 -0.3804 -0.3011 -0.1887 0.2800 0.0606 -0.3903 -0.3349 -0.2413 0.0508 0.1505 -0.3104 -0.3656 -0.2797 -0.1479 0.2413 -0.0218 -0.3879 -0.3162 -0.2135 0.2461 0.1057 -0.3713 -0.3517 -0.2631 -0.1007 0.2029 -0.1351 -0.3811 -0.3034 -0.1944 0.2799 0.0770 -0.3861 -0.3425 -0.2527 -0.0506 0.1795 -0.2209 -0.3756 -0.2947 -0.1799 0.2743
-0.1779 -0.2960 -0.3764 -0.2094 0.1827 -0.0591 -0.2541 -0.3437 -0.3849 0.0804 0.2789 -0.1963 -0.3045 -0.3817 -0.1258 0.2052 -0.1041 -0.2638 -0.3522 -0.3703 0.1067 0.2446 -0.2137 -0.3162 -0.3878 -0.0234 0.2403 -0.1467 -0.2791 -0.3651 -0.3144 0.1484 0.0614 -0.2400 -0.3340 -0.3906 0.0573 0.2792 -0.1867 -0.2999 -0.3797 -0.1484 0.2021 -0.1035 -0.2648 -0.3539 -0.3639 0.1149 0.2264 -0.2103 -0.2783 -0.2103 0.2264 0.1149 -0.3639 -0.3539 -0.2648 -0.1035 0.2021 -0.1484 -0.3797 -0.2999 -0.1867 0.2792 0.0573 -0.3906 -0.3340 -0.2400 0.0614 0.1484 -0.3144 -0.3651 -0.2791 -0.1467 0.2403 -0.0234 -0.3878 -0.3162 -0.2137 0.2446 0.1067 -0.3703 -0.3522 -0.2638 -0.1041 0.2052 -0.1258 -0.3817 -0.3045 -0.1963 0.2789 0.0804 -0.3849 -0.3437 -0.2541 -0.0591 0.1827 -0.2094 -0.3764 -0.2960 -0.1779
-0.2885 -0.3773 -0.1975 0.1859 -0.0669 -0.2554 -0.3449 -0.3836 0.0838 0.2773 -0.1983 -0.3057 -0.3824 -0.1154 0.2078 -0.1077 -0.2648 -0.3529 -0.3687 0.1082 0.2416 -0.2143 -0.3164 -0.3879 -0.0234 0.2400 -0.1461 -0.2787 -0.3647 -0.3175 0.1467 0.0709 -0.2389 -0.3332 -0.3908 0.0543 0.2783 -0.1849 -0.2988 -0.3789 -0.1603 0.1989 -0.0983 -0.2634 -0.3528 -0.3668 0.1126 0.2252 -0.2172 -0.3141 -0.3688 -0.3141 -0.2172 0.2252 0.1126 -0.3668 -0.3528 -0.2634 -0.0983 0.1989 -0.1603 -0.3789 -0.2988 -0.1849 0.2783 0.0543 -0.3908 -0.3332 -0.2389 0.0709 0.1467 -0.3175 -0.3647 -0.2787 -0.1461 0.2400 -0.0234 -0.3879 -0.3164 -0.2143 0.2416 0.1082 -0.3687 -0.3529 -0.2648 -0.1077 0.2078 -0.1154 -0.3824 -0.3057 -0.1983 0.2773 0.0838 -0.3836 -0.3449 -0.2554 -0.0669 0.1859 -0.1975 -0.3773 -0.2885
-0.3707 -0.1854 0.1892 -0.0742 -0.2568 -0.3460 -0.3821 0.0871 0.2751 -0.2003 -0.3070 -0.3830 -0.1041 0.2108 -0.1117 -0.2658 -0.3538 -0.3667 0.1103 0.2369 -0.2152 -0.3169 -0.3881 -0.0218 0.2403 -0.1461 -0.2786 -0.3645 -0.3194 0.1453 0.0789 -0.2379 -0.3325 -0.3910 0.0517 0.2774 -0.1833 -0.2978 -0.3783 -0.1710 0.1959 -0.0931 -0.2621 -0.3517 -0.3696 0.1096 0.2321 -0.2173 -0.3181 -0.3893 -0.3277 -0.3893 -0.3181 -0.2173 0.2321 0.1096 -0.3696 -0.3517 -0.2621 -0.0931 0.1959 -0.1710 -0.3783 -0.2978 -0.1833 0.2774 0.0517 -0.3910 -0.3325 -0.2379 0.0789 0.1453 -0.3194 -0.3645 -0.2786 -0.1461 0.2403 -0.0218 -0.3881 -0.3169 -0.2152 0.2369 0.1103 -0.3667 -0.3538 -0.2658 -0.1117 0.2108 -0.1041 -0.3830 -0.3070 -0.2003 0.2751 0.0871 -0.3821 -0.3460 -0.2568 -0.0742 0.1892 -0.1854 -0.3707
-0.1800 0.1925 -0.0809 -0.2581 -0.3472 -0.3805 0.0905 0.2723 -0.2024 -0.3083 -0.3837 -0.0926 0.2141 -0.1158 -0.2670 -0.3547 -0.3643 0.1126 0.2311 -0.2164 -0.3176 -0.3883 -0.0188 0.2413 -0.1467 -0.2787 -0.3645 -0.3201 0.1447 0.0840 -0.2372 -0.3320 -0.3911 0.0495 0.2765 -0.1818 -0.2969 -0.3777 -0.1803 0.1933 -0.0882 -0.2609 -0.3506 -0.3722 0.1065 0.2401 -0.2159 -0.3180 -0.3885 -0.0522 0.1366 -0.0522 -0.3885 -0.3180 -0.2159 0.2401 0.1065 -0.3722 -0.3506 -0.2609 -0.0882 0.1933 -0.1803 -0.3777 -0.2969 -0.1818 0.2765 0.0495 -0.3911 -0.3320 -0.2372 0.0840 0.1447 -0.3201 -0.3645 -0.2787 -0.1467 0.2413 -0.0188 -0.3883 -0.3176 -0.2164 0.2311 0.1126 -0.3643 -0.3547 -0.2670 -0.1158 0.2141 -0.0926 -0.3837 -0.3083 -0.2024 0.2723 0.0905 -0.3805 -0.3472 -0.2581 -0.0809 0.1925 -0.1800
0.1940 -0.0872 -0.2595 -0.3483 -0.3787 0.0937 0.2689 -0.2044 -0.3096 -0.3844 -0.0814 0.2174 -0.1200 -0.2682 -0.3557 -0.3616 0.1151 0.2240 -0.2177 -0.3184 -0.3886 -0.0148 0.2428 -0.1479 -0.2791 -0.3647 -0.3194 0.1447 0.0857 -0.2368 -0.3316 -0.3912 0.0476 0.2756 -0.1806 -0.2961 -0.3772 -0.1886 0.1910 -0.0835 -0.2599 -0.3496 -0.3743 0.1035 0.2474 -0.2141 -0.3171 -0.3884 -0.0214 0.2250 0.1299 0.2250 -0.0214 -0.3884 -0.3171 -0.2141 0.2474 0.1035 -0.3743 -0.3496 -0.2599 -0.0835 0.1910 -0.1886 -0.3772 -0.2961 -0.1806 0.2756 0.0476 -0.3912 -0.3316 -0.2368 0.0857 0.1447 -0.3194 -0.3647 -0.2791 -0.1479 0.2428 -0.0148 -0.3886 -0.3184 -0.2177 0.2240 0.1151 -0.3616 -0.3557 -0.2682 -0.1200 0.2174 -0.0814 -0.3844 -0.3096 -0.2044 0.2689 0.0937 -0.3787 -0.3483 -0.2595 -0.0872 0.1940
-0.0916 -0.2608 -0.3495 -0.3767 0.0970 0.2647 -0.2063 -0.3108 -0.3851 -0.0708 0.2208 -0.1240 -0.2696 -0.3567 -0.3583 0.1179 0.2153 -0.2193 -0.3194 -0.3890 -0.0102 0.2448 -0.1496 -0.2797 -0.3651 -0.3175 0.1453 0.0840 -0.2368 -0.3315 -0.3912 0.0463 0.2750 -0.1795 -0.2955 -0.3767 -0.1959 0.1890 -0.0793 -0.2589 -0.3488 -0.3761 0.1007 0.2534 -0.2123 -0.3159 -0.3880 -0.0205 0.2392 -0.1307 -0.2325 -0.1307 0.2392 -0.0205 -0.3880 -0.3159 -0.2123 0.2534 0.1007 -0.3761 -0.3488 -0.2589 -0.0793 0.1890 -0.1959 -0.3767 -0.2955 -0.1795 0.2750 0.0463 -0.3912 -0.3315 -0.2368 0.0840 0.1453 -0.3175 -0.3651 -0.2797 -0.1496 0.2448 -0.0102 -0.3890 -0.3194 -0.2193 0.2153 0.1179 -0.3583 -0.3567 -0.2696 -0.1240 0.2208 -0.0708 -0.3851 -0.3108 -0.2063 0.2647 0.0970 -0.3767 -0.3495 -0.2608 -0.0916
-0.2530 -0.3506 -0.3745 0.1002 0.2597 -0.2083 -0.3121 -0.3857 -0.0606 0.2241 -0.1279 -0.2709 -0.3578 -0.3545 0.1210 0.2047 -0.2210 -0.3205 -0.3894 -0.0052 0.2470 -0.1515 -0.2805 -0.3656 -0.3144 0.1467 0.0789 -0.2372 -0.3316 -0.3912 0.0459 0.2746 -0.1788 -0.2950 -0.3763 -0.2019 0.1873 -0.0755 -0.2581 -0.3480 -0.3776 0.0983 0.2581 -0.2107 -0.3148 -0.3875 -0.0257 0.2396 -0.1437 -0.2721 -0.3295 -0.2721 -0.1437 0.2396 -0.0257 -0.3875 -0.3148 -0.2107 0.2581 0.0983 -0.3776 -0.3480 -0.2581 -0.0755 0.1873 -0.2019 -0.3763 -0.2950 -0.1788 0.2746 0.0459 -0.3912 -0.3316 -0.2372 0.0789 0.1467 -0.3144 -0.3656 -0.2805 -0.1515 0.2470 -0.0052 -0.3894 -0.3205 -0.2210 0.2047 0.1210 -0.3545 -0.3578 -0.2709 -0.1279 0.2241 -0.0606 -0.3857 -0.3121 -0.2083 0.2597 0.1002 -0.3745 -0.3506 -0.2530
-0.3435 -0.3721 0.1034 0.2539 -0.2103 -0.3134 -0.3863 -0.0510 0.2275 -0.1316 -0.2722 -0.3589 -0.3505 0.1242 0.1926 -0.2228 -0.3216 -0.3898 0.0003 0.2496 -0.1537 -0.2814 -0.3663 -0.3104 0.1484 0.0709 -0.2379 -0.3320 -0.3912 0.0463 0.2746 -0.1786 -0.2947 -0.3761 -0.2063 0.1858 -0.0719 -0.2574 -0.3474 -0.3787 0.0962 0.2619 -0.2092 -0.3138 -0.3870 -0.0322 0.2375 -0.1442 -0.2770 -0.3614 -0.3974 -0.3614 -0.2770 -0.1442 0.2375 -0.0322 -0.3870 -0.3138 -0.2092 0.2619 0.0962 -0.3787 -0.3474 -0.2574 -0.0719 0.1858 -0.2063 -0.3761 -0.2947 -0.1786 0.2746 0.0463 -0.3912 -0.3320 -0.2379 0.0709 0.1484 -0.3104 -0.3663 -0.2814 -0.1537 0.2496 0.0003 -0.3898 -0.3216 -0.2228 0.1926 0.1242 -0.3505 -0.3589 -0.2722 -0.1316 0.2275 -0.0510 -0.3863 -0.3134 -0.2103 0.2539 0.1034 -0.3721 -0.3435
-0.3667 0.1066 0.2473 -0.2122 -0.3146 -0.3869 -0.0420 0.2308 -0.1352 -0.2735 -0.3600 -0.3461 0.1273 0.1794 -0.2247 -0.3229 -0.3902 0.0059 0.2524 -0.1560 -0.2824 -0.3670 -0.3056 0.1505 0.0614 -0.2389 -0.3325 -0.3911 0.0476 0.2750 -0.1788 -0.2947 -0.3760 -0.2087 0.1848 -0.0692 -0.2568 -0.3469 -0.3797 0.0944 0.2647 -0.2079 -0.3129 -0.3866 -0.0386 0.2350 -0.1423 -0.2772 -0.3633 -0.3503 0.0278 -0.3503 -0.3633 -0.2772 -0.1423 0.2350 -0.0386 -0.3866 -0.3129 -0.2079 0.2647 0.0944 -0.3797 -0.3469 -0.2568 -0.0692 0.1848 -0.2087 -0.3760 -0.2947 -0.1788 0.2750 0.0476 -0.3911 -0.3325 -0.2389 0.0614 0.1505 -0.3056 -0.3670 -0.2824 -0.1560 0.2524 0.0059 -0.3902 -0.3229 -0.2247 0.1794 0.1273 -0.3461 -0.3600 -0.2735 -0.1352 0.2308 -0.0420 -0.3869 -0.3146 -0.2122 0.2473 0.1066 -0.3667
0.1075 0.2397 -0.2142 -0.3159 -0.3875 -0.0334 0.2341 -0.1386 -0.2749 -0.3610 -0.3414 0.1305 0.1652 -0.2266 -0.3241 -0.3905 0.0116 0.2553 -0.1585 -0.2836 -0.3678 -0.3001 0.1528 0.0508 -0.2400 -0.3332 -0.3910 0.0495 0.2756 -0.1795 -0.2950 -0.3761 -0.2087 0.1845 -0.0677 -0.2564 -0.3464 -0.3804 0.0930 0.2669 -0.2069 -0.3121 -0.3862 -0.0448 0.2326 -0.1400 -0.2765 -0.3631 -0.3327 0.1227 0.2607 0.1227 -0.3327 -0.3631 -0.2765 -0.1400 0.2326 -0.0448 -0.3862 -0.3121 -0.2069 0.2669 0.0930 -0.3804 -0.3464 -0.2564 -0.0677 0.1845 -0.2087 -0.3761 -0.2950 -0.1795 0.2756 0.0495 -0.3910 -0.3332 -0.2400 0.0508 0.1528 -0.3001 -0.3678 -0.2836 -0.1585 0.2553 0.0116 -0.3905 -0.3241 -0.2266 0.1652 0.1305 -0.3414 -0.3610 -0.2749 -0.1386 0.2341 -0.0334 -0.3875 -0.3159 -0.2142 0.2397 0.1075
0.2281 -0.2161 -0.3172 -0.3880 -0.0254 0.2375 -0.1419 -0.2762 -0.3621 -0.3364 0.1337 0.1501 -0.2285 -0.3254 -0.3908 0.0172 0.2583 -0.1611 -0.2848 -0.3686 -0.2936 0.1555 0.0389 -0.2413 -0.3340 -0.3908 0.0517 0.2765 -0.1806 -0.2955 -0.3763 -0.2063 0.1848 -0.0677 -0.2563 -0.3462 -0.3809 0.0918 0.2685 -0.2060 -0.3115 -0.3859 -0.0502 0.2305 -0.1377 -0.2756 -0.3624 -0.3312 0.1357 0.1946 -0.1684 0.1946 0.1357 -0.3312 -0.3624 -0.2756 -0.1377 0.2305 -0.0502 -0.3859 -0.3115 -0.2060 0.2685 0.0918 -0.3809 -0.3462 -0.2563 -0.0677 0.1848 -0.2063 -0.3763 -0.2955 -0.1806 0.2765 0.0517 -0.3908 -0.3340 -0.2413 0.0389 0.1555 -0.2936 -0.3686 -0.2848 -0.1611 0.2583 0.0172 -0.3908 -0.3254 -0.2285 0.1501 0.1337 -0.3364 -0.3621 -0.2762 -0.1419 0.2375 -0.0254 -0.3880 -0.3172 -0.2161 0.2281
-0.2113 -0.3184 -0.3885 -0.0178 0.2407 -0.1451 -0.2775 -0.3631 -0.3310 0.1369 0.1343 -0.2304 -0.3266 -0.3911 0.0225 0.2612 -0.1638 -0.2861 -0.3696 -0.2859 0.1585 0.0260 -0.2428 -0.3349 -0.3906 0.0543 0.2774 -0.1818 -0.2961 -0.3767 -0.2019 0.1858 -0.0692 -0.2564 -0.3462 -0.3811 0.0912 0.2696 -0.2053 -0.3110 -0.3856 -0.0549 0.2287 -0.1357 -0.2748 -0.3618 -0.3337 0.1371 0.1364 -0.2236 -0.2876 -0.2236 0.1364 0.1371 -0.3337 -0.3618 -0.2748 -0.1357 0.2287 -0.0549 -0.3856 -0.3110 -0.2053 0.2696 0.0912 -0.3811 -0.3462 -0.2564 -0.0692 0.1858 -0.2019 -0.3767 -0.2961 -0.1818 0.2774 0.0543 -0.3906 -0.3349 -0.2428 0.0260 0.1585 -0.2859 -0.3696 -0.2861 -0.1638 0.2612 0.0225 -0.3911 -0.3266 -0.2304 0.1343 0.1369 -0.3310 -0.3631 -0.2775 -0.1451 0.2407 -0.0178 -0.3885 -0.3184 -0.2113
-0.3111 -0.3890 -0.0107 0.2440 -0.1482 -0.2788 -0.3641 -0.3253 0.1401 0.1179 -0.2322 -0.3278 -0.3912 0.0276 0.2640 -0.1664 -0.2874 -0.3705 -0.2774 0.1618 0.0124 -0.2445 -0.3359 -0.3903 0.0573 0.2783 -0.1833 -0.2969 -0.3772 -0.1959 0.1873 -0.0719 -0.2568 -0.3464 -0.3809 0.0912 0.2699 -0.2049 -0.3107 -0.3854 -0.0588 0.2271 -0.1339 -0.2741 -0.3612 -0.3366 0.1359 0.1300 -0.2306 -0.3231 -0.3763 -0.3231 -0.2306 0.1300 0.1359 -0.3366 -0.3612 -0.2741 -0.1339 0.2271 -0.0588 -0.3854 -0.3107 -0.2049 0.2699 0.0912 -0.3809 -0.3464 -0.2568 -0.0719 0.1873 -0.1959 -0.3772 -0.2969 -0.1833 0.2783 0.0573 -0.3903 -0.3359 -0.2445 0.0124 0.1618 -0.2774 -0.3705 -0.2874 -0.1664 0.2640 0.0276 -0.3912 -0.3278 -0.2322 0.1179 0.1401 -0.3253 -0.3641 -0.2788 -0.1482 0.2440 -0.0107 -0.3890 -0.3111
-0.3830 -0.0039 0.2473 -0.1512 -0.2801 -0.3651 -0.3192 0.1434 0.1011 -0.2341 -0.3291 -0.3913 0.0324 0.2666 -0.1689 -0.2887 -0.3715 -0.2684 0.1650 -0.0010 -0.2463 -0.3370 -0.3898 0.0606 0.2792 -0.1849 -0.2978 -0.3777 -0.1886 0.1890 -0.0755 -0.2574 -0.3469 -0.3804 0.0918 0.2696 -0.2049 -0.3105 -0.3852 -0.0615 0.2260 -0.1325 -0.2735 -0.3607 -0.3392 0.1343 0.1356 -0.2312 -0.3272 -0.3923 -0.2738 -0.3923 -0.3272 -0.2312 0.1356 0.1343 -0.3392 -0.3607 -0.2735 -0.1325 0.2260 -0.0615 -0.3852 -0.3105 -0.2049 0.2696 0.0918 -0.3804 -0.3469 -0.2574 -0.0755 0.1890 -0.1886 -0.3777 -0.2978 -0.1849 0.2792 0.0606 -0.3898 -0.3370 -0.2463 -0.0010 0.1650 -0.2684 -0.3715 -0.2887 -0.1689 0.2666 0.0324 -0.3913 -0.3291 -0.2341 0.1011 0.1434 -0.3192 -0.3651 -0.2801 -0.1512 0.2473 -0.0039 -0.3830
-0.0022 0.2504 -0.1541 -0.2814 -0.3661 -0.3126 0.1466 0.0841 -0.2360 -0.3303 -0.3913 0.0371 0.2691 -0.1714 -0.2900 -0.3724 -0.2589 0.1681 -0.0134 -0.2478 -0.3382 -0.3892 0.0641 0.2800 -0.1867 -0.2988 -0.3783 -0.1803 0.1910 -0.0793 -0.2581 -0.3474 -0.3797 0.0930 0.2685 -0.2053 -0.3107 -0.3852 -0.0625 0.2253 -0.1315 -0.2730 -0.3602 -0.3414 0.1329 0.1428 -0.2306 -0.3275 -0.3911 0.0032 0.1595 0.0032 -0.3911 -0.3275 -0.2306 0.1428 0.1329 -0.3414 -0.3602 -0.2730 -0.1315 0.2253 -0.0625 -0.3852 -0.3107 -0.2053 0.2685 0.0930 -0.3797 -0.3474 -0.2581 -0.0793 0.1910 -0.1803 -0.3783 -0.2988 -0.1867 0.2800 0.0641 -0.3892 -0.3382 -0.2478 -0.0134 0.1681 -0.2589 -0.3724 -0.2900 -0.1714 0.2691 0.0371 -0.3913 -0.3303 -0.2360 0.0841 0.1466 -0.3126 -0.3661 -0.2814 -0.1541 0.2504 -0.0022
0.2519 -0.1569 -0.2828 -0.3671 -0.3057 0.1499 0.0673 -0.2378 -0.3315 -0.3913 0.0416 0.2714 -0.1738 -0.2913 -0.3733 -0.2489 0.1713 -0.0249 -0.2492 -0.3394 -0.3885 0.0677 0.2805 -0.1887 -0.2999 -0.3789 -0.1710 0.1933 -0.0835 -0.2589 -0.3480 -0.3787 0.0944 0.2669 -0.2060 -0.3110 -0.3854 -0.0615 0.2253 -0.1311 -0.2728 -0.3600 -0.3431 0.1316 0.1493 -0.2299 -0.3271 -0.3912 0.0255 0.2511 0.0101 0.2511 0.0255 -0.3912 -0.3271 -0.2299 0.1493 0.1316 -0.3431 -0.3600 -0.2728 -0.1311 0.2253 -0.0615 -0.3854 -0.3110 -0.2060 0.2669 0.0944 -0.3787 -0.3480 -0.2589 -0.0835 0.1933 -0.1710 -0.3789 -0.2999 -0.1887 0.2805 0.0677 -0.3885 -0.3394 -0.2492 -0.0249 0.1713 -0.2489 -0.3733 -0.2913 -0.1738 0.2714 0.0416 -0.3913 -0.3315 -0.2378 0.0673 0.1499 -0.3057 -0.3671 -0.2828 -0.1569 0.2519
-0.1564 -0.2841 -0.3681 -0.2983 0.1532 0.0509 -0.2397 -0.3328 -0.3911 0.0459 0.2735 -0.1761 -0.2926 -0.3742 -0.2385 0.1744 -0.0354 -0.2506 -0.3406 -0.3877 0.0713 0.2806 -0.1908 -0.3011 -0.3797 -0.1603 0.1959 -0.0882 -0.2599 -0.3488 -0.3776 0.0962 0.2647 -0.2069 -0.3115 -0.3856 -0.0588 0.2260 -0.1315 -0.2728 -0.3599 -0.3440 0.1307 0.1546 -0.2292 -0.3267 -0.3912 0.0284 0.2636 -0.1556 -0.2451 -0.1556 0.2636 0.0284 -0.3912 -0.3267 -0.2292 0.1546 0.1307 -0.3440 -0.3599 -0.2728 -0.1315 0.2260 -0.0588 -0.3856 -0.3115 -0.2069 0.2647 0.0962 -0.3776 -0.3488 -0.2599 -0.0882 0.1959 -0.1603 -0.3797 -0.3011 -0.1908 0.2806 0.0713 -0.3877 -0.3406 -0.2506 -0.0354 0.1744 -0.2385 -0.3742 -0.2926 -0.1761 0.2735 0.0459 -0.3911 -0.3328 -0.2397 0.0509 0.1532 -0.2983 -0.3681 -0.2841 -0.1564
-0.2765 -0.3691 -0.2905 0.1566 0.0352 -0.2415 -0.3340 -0.3909 0.0501 0.2754 -0.1785 -0.2939 -0.3750 -0.2276 0.1776 -0.0451 -0.2519 -0.3418 -0.3867 0.0748 0.2803 -0.1929 -0.3024 -0.3804 -0.1484 0.1989 -0.0931 -0.2609 -0.3496 -0.3761 0.0983 0.2619 -0.2079 -0.3121 -0.3859 -0.0549 0.2271 -0.1325 -0.2730 -0.3600 -0.3440 0.1304 0.1577 -0.2287 -0.3263 -0.3911 0.0277 0.2652 -0.1667 -0.2827 -0.3398 -0.2827 -0.1667 0.2652 0.0277 -0.3911 -0.3263 -0.2287 0.1577 0.1304 -0.3440 -0.3600 -0.2730 -0.1325 0.2271 -0.0549 -0.3859 -0.3121 -0.2079 0.2619 0.0983 -0.3761 -0.3496 -0.2609 -0.0931 0.1989 -0.1484 -0.3804 -0.3024 -0.1929 0.2803 0.0748 -0.3867 -0.3418 -0.2519 -0.0451 0.1776 -0.2276 -0.3750 -0.2939 -0.1785 0.2754 0.0501 -0.3909 -0.3340 -0.2415 0.0352 0.1566 -0.2905 -0.3691 -0.2765
-0.3623 -0.2822 0.1599 0.0203 -0.2434 -0.3352 -0.3905 0.0541 0.2771 -0.1808 -0.2952 -0.3759 -0.2163 0.1808 -0.0541 -0.2533 -0.3430 -0.3857 0.0783 0.2796 -0.1950 -0.3037 -0.3812 -0.1359 0.2021 -0.0983 -0.2621 -0.3506 -0.3743 0.1007 0.2581 -0.2092 -0.3129 -0.3862 -0.0502 0.2287 -0.1339 -0.2735 -0.3602 -0.3431 0.1307 0.1577 -0.2285 -0.3261 -0.3911 0.0264 0.2649 -0.1683 -0.2880 -0.3702 -0.3950 -0.3702 -0.2880 -0.1683 0.2649 0.0264 -0.3911 -0.3261 -0.2285 0.1577 0.1307 -0.3431 -0.3602 -0.2735 -0.1339 0.2287 -0.0502 -0.3862 -0.3129 -0.2092 0.2581 0.1007 -0.3743 -0.3506 -0.2621 -0.0983 0.2021 -0.1359 -0.3812 -0.3037 -0.1950 0.2796 0.0783 -0.3857 -0.3430 -0.2533 -0.0541 0.1808 -0.2163 -0.3759 -0.2952 -0.1808 0.2771 0.0541 -0.3905 -0.3352 -0.2434 0.0203 0.1599 -0.2822 -0.3623
-0.2767 0.1633 0.0063 -0.2453 -0.3364 -0.3901 0.0581 0.2784 -0.1830 -0.2965 -0.3768 -0.2047 0.1840 -0.0623 -0.2546 -0.3442 -0.3844 0.0818 0.2783 -0.1971 -0.3050 -0.3819 -0.1235 0.2054 -0.1035 -0.2634 -0.3517 -0.3722 0.1035 0.2534 -0.2107 -0.3138 -0.3866 -0.0448 0.2305 -0.1357 -0.2741 -0.3607 -0.3414 0.1316 0.1546 -0.2287 -0.3261 -0.3911 0.0256 0.2644 -0.1683 -0.2889 -0.3718 -0.3023 0.0627 -0.3023 -0.3718 -0.2889 -0.1683 0.2644 0.0256 -0.3911 -0.3261 -0.2287 0.1546 0.1316 -0.3414 -0.3607 -0.2741 -0.1357 0.2305 -0.0448 -0.3866 -0.3138 -0.2107 0.2534 0.1035 -0.3722 -0.3517 -0.2634 -0.1035 0.2054 -0.1235 -0.3819 -0.3050 -0.1971 0.2783 0.0818 -0.3844 -0.3442 -0.2546 -0.0623 0.1840 -0.2047 -0.3768 -0.2965 -0.1830 0.2784 0.0581 -0.3901 -0.3364 -0.2453 0.0063 0.1633 -0.2767
0.1645 -0.0067 -0.2470 -0.3376 -0.3896 0.0619 0.2795 -0.1852 -0.2978 -0.3776 -0.1927 0.1872 -0.0699 -0.2560 -0.3453 -0.3830 0.0851 0.2765 -0.1991 -0.3062 -0.3826 -0.1113 0.2087 -0.1084 -0.2648 -0.3528 -0.3696 0.1065 0.2474 -0.2123 -0.3148 -0.3870 -0.0386 0.2326 -0.1377 -0.2748 -0.3612 -0.3392 0.1329 0.1493 -0.2292 -0.3263 -0.3911 0.0256 0.2642 -0.1680 -0.2889 -0.3720 -0.2676 0.1499 0.2780 0.1499 -0.2676 -0.3720 -0.2889 -0.1680 0.2642 0.0256 -0.3911 -0.3263 -0.2292 0.1493 0.1329 -0.3392 -0.3612 -0.2748 -0.1377 0.2326 -0.0386 -0.3870 -0.3148 -0.2123 0.2474 0.1065 -0.3696 -0.3528 -0.2648 -0.1084 0.2087 -0.1113 -0.3826 -0.3062 -0.1991 0.2765 0.0851 -0.3830 -0.3453 -0.2560 -0.0699 0.1872 -0.1927 -0.3776 -0.2978 -0.1852 0.2795 0.0619 -0.3896 -0.3376 -0.2470 -0.0067 0.1645
-0.0185 -0.2484 -0.3388 -0.3889 0.0656 0.2802 -0.1874 -0.2991 -0.3784 -0.1805 0.1904 -0.0769 -0.2573 -0.3465 -0.3815 0.0885 0.2741 -0.2011 -0.3075 -0.3833 -0.0995 0.2120 -0.1130 -0.2661 -0.3539 -0.3668 0.1096 0.2401 -0.2141 -0.3159 -0.3875 -0.0322 0.2350 -0.1400 -0.2756 -0.3618 -0.3366 0.1343 0.1428 -0.2299 -0.3267 -0.3911 0.0264 0.2644 -0.1680 -0.2889 -0.3721 -0.2597 0.1658 0.0531 -0.1908 0.0531 0.1658 -0.2597 -0.3721 -0.2889 -0.1680 0.2644 0.0264 -0.3911 -0.3267 -0.2299 0.1428 0.1343 -0.3366 -0.3618 -0.2756 -0.1400 0.2350 -0.0322 -0.3875 -0.3159 -0.2141 0.2401 0.1096 -0.3668 -0.3539 -0.2661 -0.1130 0.2120 -0.0995 -0.3833 -0.3075 -0.2011 0.2741 0.0885 -0.3815 -0.3465 -0.2573 -0.0769 0.1904 -0.1805 -0.3784 -0.2991 -0.1874 0.2802 0.0656 -0.3889 -0.3388 -0.2484 -0.0185
-0.2403 -0.3399 -0.3882 0.0691 0.2806 -0.1895 -0.3003 -0.3792 -0.1686 0.1935 -0.0832 -0.2586 -0.3476 -0.3799 0.0916 0.2712 -0.2031 -0.3087 -0.3840 -0.0887 0.2152 -0.1172 -0.2674 -0.3550 -0.3639 0.1126 0.2321 -0.2159 -0.3171 -0.3880 -0.0257 0.2375 -0.1423 -0.2765 -0.3624 -0.3337 0.1359 0.1356 -0.2306 -0.3271 -0.3912 0.0277 0.2649 -0.1683 -0.2889 -0.3721 -0.2584 0.1691 -0.0111 -0.2408 -0.2999 -0.2408 -0.0111 0.1691 -0.2584 -0.3721 -0.2889 -0.1683 0.2649 0.0277 -0.3912 -0.3271 -0.2306 0.1356 0.1359 -0.3337 -0.3624 -0.2765 -0.1423 0.2375 -0.0257 -0.3880 -0.3171 -0.2159 0.2321 0.1126 -0.3639 -0.3550 -0.2674 -0.1172 0.2152 -0.0887 -0.3840 -0.3087 -0.2031 0.2712 0.0916 -0.3799 -0.3476 -0.2586 -0.0832 0.1935 -0.1686 -0.3792 -0.3003 -0.1895 0.2806 0.0691 -0.3882 -0.3399 -0.2403
-0.3325 -0.3876 0.0717 0.2806 -0.1911 -0.3013 -0.3799 -0.1593 0.1960 -0.0878 -0.2596 -0.3485 -0.3785 0.0940 0.2685 -0.2046 -0.3097 -0.3846 -0.0804 0.2177 -0.1204 -0.2684 -0.3559 -0.3614 0.1149 0.2252 -0.2173 -0.3180 -0.3884 -0.0205 0.2396 -0.1442 -0.2772 -0.3631 -0.3312 0.1371 0.1300 -0.2312 -0.3275 -0.3912 0.0284 0.2652 -0.1683 -0.2889 -0.3720 -0.2597 0.1691 -0.0198 -0.2478 -0.3351 -0.3852 -0.3351 -0.2478 -0.0198 0.1691 -0.2597 -0.3720 -0.2889 -0.1683 0.2652 0.0284 -0.3912 -0.3275 -0.2312 0.1300 0.1371 -0.3312 -0.3631 -0.2772 -0.1442 0.2396 -0.0205 -0.3884 -0.3180 -0.2173 0.2252 0.1149 -0.3614 -0.3559 -0.2684 -0.1204 0.2177 -0.0804 -0.3846 -0.3097 -0.2046 0.2685 0.0940 -0.3785 -0.3485 -0.2596 -0.0878 0.1960 -0.1593 -0.3799 -0.3013 -0.1911 0.2806 0.0717 -0.3876 -0.3325
-0.3829 0.0712 0.2807 -0.1909 -0.3013 -0.3802 -0.1606 0.1956 -0.0871 -0.2595 -0.3488 -0.3786 0.0934 0.2691 -0.2044 -0.3097 -0.3848 -0.0817 0.2173 -0.1199 -0.2682 -0.3562 -0.3617 0.1143 0.2264 -0.2172 -0.3181 -0.3885 -0.0214 0.2392 -0.1437 -0.2770 -0.3633 -0.3327 0.1357 0.1364 -0.2306 -0.3272 -0.3911 0.0255 0.2636 -0.1667 -0.2880 -0.3718 -0.2676 0.1658 -0.0111 -0.2478 -0.3384 -0.3922 -0.1809 -0.3922 -0.3384 -0.2478 -0.0111 0.1658 -0.2676 -0.3718 -0.2880 -0.1667 0.2636 0.0255 -0.3911 -0.3272 -0.2306 0.1364 0.1357 -0.3327 -0.3633 -0.2770 -0.1437 0.2392 -0.0214 -0.3885 -0.3181 -0.2172 0.2264 0.1143 -0.3617 -0.3562 -0.2682 -0.1199 0.2173 -0.0817 -0.3848 -0.3097 -0.2044 0.2691 0.0934 -0.3786 -0.3488 -0.2595 -0.0871 0.1956 -0.1606 -0.3802 -0.3013 -0.1909 0.2807 0.0712 -0.3829
0.0540 0.2784 -0.1829 -0.2969 -0.3800 -0.2052 0.1809 -0.0601 -0.2543 -0.3460 -0.3846 0.0807 0.2791 -0.1971 -0.3055 -0.3852 -0.1242 0.2025 -0.1023 -0.2632 -0.3539 -0.3721 0.1020 0.2563 -0.2103 -0.3141 -0.3893 -0.0522 0.2250 -0.1307 -0.2721 -0.3614 -0.3503 0.1227 0.1946 -0.2236 -0.3231 -0.3923 0.0032 0.2511 -0.1556 -0.2827 -0.3702 -0.3023 0.1499 0.0531 -0.2408 -0.3351 -0.3922 0.0269 0.1699 0.0269 -0.3922 -0.3351 -0.2408 0.0531 0.1499 -0.3023 -0.3702 -0.2827 -0.1556 0.2511 0.0032 -0.3923 -0.3231 -0.2236 0.1946 0.1227 -0.3503 -0.3614 -0.2721 -0.1307 0.2250 -0.0522 -0.3893 -0.3141 -0.2103 0.2563 0.1020 -0.3721 -0.3539 -0.2632 -0.1023 0.2025 -0.1242 -0.3852 -0.3055 -0.1971 0.2791 0.0807 -0.3846 -0.3460 -0.2543 -0.0601 0.1809 -0.2052 -0.3800 -0.2969 -0.1829 0.2784 0.0540
0.1955 -0.0933 -0.2605 -0.3533 -0.3800 0.0967 0.2650 -0.2100 -0.3122 -0.3921 -0.0656 0.2180 -0.1248 -0.2694 -0.3612 -0.3600 0.1167 0.2185 -0.2214 -0.3209 -0.3957 -0.0105 0.2400 -0.1486 -0.2783 -0.3688 -0.3277 0.1366 0.1299 -0.2325 -0.3295 -0.3974 0.0278 0.2607 -0.1684 -0.2876 -0.3763 -0.2738 0.1595 0.0101 -0.2451 -0.3398 -0.3950 0.0627 0.2780 -0.1908 -0.2999 -0.3852 -0.1809 0.1699 0.2744 0.1699 -0.1809 -0.3852 -0.2999 -0.1908 0.2780 0.0627 -0.3950 -0.3398 -0.2451 0.0101 0.1595 -0.2738 -0.3763 -0.2876 -0.1684 0.2607 0.0278 -0.3974 -0.3295 -0.2325 0.1299 0.1366 -0.3277 -0.3688 -0.2783 -0.1486 0.2400 -0.0105 -0.3957 -0.3209 -0.2214 0.2185 0.1167 -0.3600 -0.3612 -0.2694 -0.1248 0.2180 -0.0656 -0.3921 -0.3122 -0.2100 0.2650 0.0967 -0.3800 -0.3533 -0.2605 -0.0933 0.1955
