-0.0709 -0.2491 -0.3403 -0.3726 0.0991 0.2482 -0.2069 -0.3080 -0.3816 -0.0194 0.2441 -0.1497 -0.2732 -0.3598 -0.2966 0.1563 0.0126 -0.2367 -0.3298 -0.3836 0.0683 0.2779 -0.1899 -0.2962 -0.3754 -0.1076 0.2137 -0.1194 -0.2610 -0.3502 -0.3479 0.1262 0.1596 -0.2209 -0.3177 -0.3850 0.0199 0.2592 -0.1577 -0.2727 -0.3550 -0.3628 0.0641 0.2094 0.2712 0.2745 0.2746 0.2746 0.2746 0.2746 0.2746 0.2746 0.2746 0.2746 0.2746 0.2745 0.2712 0.2094 0.0641 -0.3628 -0.3550 -0.2727 -0.1577 0.2592 0.0199 -0.3850 -0.3177 -0.2209 0.1596 0.1262 -0.3479 -0.3502 -0.2610 -0.1194 0.2137 -0.1076 -0.3754 -0.2962 -0.1899 0.2779 0.0683 -0.3836 -0.3298 -0.2367 0.0126 0.1563 -0.2966 -0.3598 -0.2732 -0.1497 0.2441 -0.0194 -0.3816 -0.3080 -0.2069 0.2482 0.0991 -0.3726 -0.3403 -0.2491 -0.0709
-0.2491 -0.3479 -0.3775 0.0987 0.2570 -0.2112 -0.3153 -0.3877 -0.0215 0.2424 -0.1497 -0.2808 -0.3666 -0.3021 0.1549 0.0276 -0.2443 -0.3370 -0.3893 0.0675 0.2806 -0.1928 -0.3036 -0.3819 -0.1119 0.2119 -0.1172 -0.2687 -0.3571 -0.3531 0.1253 0.1752 -0.2270 -0.3254 -0.3910 0.0231 0.2620 -0.1637 -0.2846 -0.3669 -0.3357 0.1106 0.2810 -0.1201 -0.1828 -0.1884 -0.1887 -0.1888 -0.1888 -0.1888 -0.1888 -0.1888 -0.1888 -0.1888 -0.1887 -0.1884 -0.1828 -0.1201 0.2810 0.1106 -0.3357 -0.3669 -0.2846 -0.1637 0.2620 0.0231 -0.3910 -0.3254 -0.2270 0.1752 0.1253 -0.3531 -0.3571 -0.2687 -0.1172 0.2119 -0.1119 -0.3819 -0.3036 -0.1928 0.2806 0.0675 -0.3893 -0.3370 -0.2443 0.0276 0.1549 -0.3021 -0.3666 -0.2808 -0.1497 0.2424 -0.0215 -0.3877 -0.3153 -0.2112 0.2570 0.0987 -0.3775 -0.3479 -0.2491
-0.3403 -0.3775 0.0975 0.2604 -0.2097 -0.3142 -0.3872 -0.0288 0.2392 -0.1468 -0.2795 -0.3656 -0.3092 0.1516 0.0430 -0.2425 -0.3358 -0.3899 0.0638 0.2804 -0.1907 -0.3023 -0.3811 -0.1241 0.2086 -0.1128 -0.2674 -0.3560 -0.3570 0.1221 0.1882 -0.2253 -0.3244 -0.3908 0.0207 0.2615 -0.1645 -0.2860 -0.3688 -0.3115 0.1334 0.2343 -0.1909 -0.2667 -0.2957 -0.2998 -0.3000 -0.3001 -0.3001 -0.3001 -0.3001 -0.3001 -0.3001 -0.3001 -0.3000 -0.2998 -0.2957 -0.2667 -0.1909 0.2343 0.1334 -0.3115 -0.3688 -0.2860 -0.1645 0.2615 0.0207 -0.3908 -0.3244 -0.2253 0.1882 0.1221 -0.3570 -0.3560 -0.2674 -0.1128 0.2086 -0.1241 -0.3811 -0.3023 -0.1907 0.2804 0.0638 -0.3899 -0.3358 -0.2425 0.0430 0.1516 -0.3092 -0.3656 -0.2795 -0.1468 0.2392 -0.0288 -0.3872 -0.3142 -0.2097 0.2604 0.0975 -0.3775 -0.3403
-0.3726 0.0987 0.2604 -0.2091 -0.3135 -0.3868 -0.0353 0.2364 -0.1439 -0.2783 -0.3647 -0.3157 0.1483 0.0590 -0.2406 -0.3346 -0.3903 0.0600 0.2799 -0.1885 -0.3010 -0.3804 -0.1365 0.2052 -0.1082 -0.2660 -0.3549 -0.3606 0.1190 0.2006 -0.2235 -0.3232 -0.3906 0.0170 0.2601 -0.1641 -0.2864 -0.3697 -0.2956 0.1466 0.1466 -0.2165 -0.3006 -0.3591 -0.3833 -0.3859 -0.3860 -0.3860 -0.3860 -0.3860 -0.3860 -0.3860 -0.3860 -0.3860 -0.3860 -0.3859 -0.3833 -0.3591 -0.3006 -0.2165 0.1466 0.1466 -0.2956 -0.3697 -0.2864 -0.1641 0.2601 0.0170 -0.3906 -0.3232 -0.2235 0.2006 0.1190 -0.3606 -0.3549 -0.2660 -0.1082 0.2052 -0.1365 -0.3804 -0.3010 -0.1885 0.2799 0.0600 -0.3903 -0.3346 -0.2406 0.0590 0.1483 -0.3157 -0.3647 -0.2783 -0.1439 0.2364 -0.0353 -0.3868 -0.3135 -0.2091 0.2604 0.0987 -0.3726
0.0991 0.2570 -0.2097 -0.3135 -0.3867 -0.0393 0.2343 -0.1415 -0.2772 -0.3638 -0.3214 0.1453 0.0747 -0.2388 -0.3334 -0.3907 0.0561 0.2790 -0.1863 -0.2997 -0.3796 -0.1491 0.2019 -0.1033 -0.2647 -0.3538 -0.3639 0.1158 0.2121 -0.2216 -0.3221 -0.3903 0.0125 0.2581 -0.1628 -0.2862 -0.3699 -0.2871 0.1539 0.0805 -0.2296 -0.3172 -0.3823 -0.3565 -0.1518 -0.1045 -0.1019 -0.1019 -0.1018 -0.1018 -0.1018 -0.1018 -0.1018 -0.1019 -0.1019 -0.1045 -0.1518 -0.3565 -0.3823 -0.3172 -0.2296 0.0805 0.1539 -0.2871 -0.3699 -0.2862 -0.1628 0.2581 0.0125 -0.3903 -0.3221 -0.2216 0.2121 0.1158 -0.3639 -0.3538 -0.2647 -0.1033 0.2019 -0.1491 -0.3796 -0.2997 -0.1863 0.2790 0.0561 -0.3907 -0.3334 -0.2388 0.0747 0.1453 -0.3214 -0.3638 -0.2772 -0.1415 0.2343 -0.0393 -0.3867 -0.3135 -0.2097 0.2570 0.0991
0.2482 -0.2112 -0.3142 -0.3868 -0.0393 0.2336 -0.1402 -0.2765 -0.3631 -0.3261 0.1426 0.0894 -0.2371 -0.3323 -0.3910 0.0522 0.2778 -0.1842 -0.2985 -0.3788 -0.1617 0.1986 -0.0981 -0.2634 -0.3527 -0.3669 0.1126 0.2226 -0.2197 -0.3208 -0.3899 0.0073 0.2557 -0.1610 -0.2856 -0.3697 -0.2844 0.1576 0.0450 -0.2368 -0.3260 -0.3889 -0.1575 0.1212 0.2026 0.2172 0.2180 0.2181 0.2181 0.2181 0.2181 0.2181 0.2181 0.2181 0.2180 0.2172 0.2026 0.1212 -0.1575 -0.3889 -0.3260 -0.2368 0.0450 0.1576 -0.2844 -0.3697 -0.2856 -0.1610 0.2557 0.0073 -0.3899 -0.3208 -0.2197 0.2226 0.1126 -0.3669 -0.3527 -0.2634 -0.0981 0.1986 -0.1617 -0.3788 -0.2985 -0.1842 0.2778 0.0522 -0.3910 -0.3323 -0.2371 0.0894 0.1426 -0.3261 -0.3631 -0.2765 -0.1402 0.2336 -0.0393 -0.3868 -0.3142 -0.2112 0.2482
-0.2069 -0.3153 -0.3872 -0.0353 0.2343 -0.1402 -0.2762 -0.3627 -0.3291 0.1405 0.1019 -0.2357 -0.3312 -0.3912 0.0485 0.2764 -0.1820 -0.2972 -0.3780 -0.1742 0.1954 -0.0925 -0.2620 -0.3516 -0.3697 0.1095 0.2320 -0.2178 -0.3196 -0.3895 0.0016 0.2530 -0.1588 -0.2847 -0.3692 -0.2857 0.1588 0.0291 -0.2407 -0.3308 -0.3908 -0.0253 0.1956 0.1858 -0.1141 -0.1325 -0.1334 -0.1334 -0.1334 -0.1334 -0.1334 -0.1334 -0.1334 -0.1334 -0.1334 -0.1325 -0.1141 0.1858 0.1956 -0.0253 -0.3908 -0.3308 -0.2407 0.0291 0.1588 -0.2857 -0.3692 -0.2847 -0.1588 0.2530 0.0016 -0.3895 -0.3196 -0.2178 0.2320 0.1095 -0.3697 -0.3516 -0.2620 -0.0925 0.1954 -0.1742 -0.3780 -0.2972 -0.1820 0.2764 0.0485 -0.3912 -0.3312 -0.2357 0.1019 0.1405 -0.3291 -0.3627 -0.2762 -0.1402 0.2343 -0.0353 -0.3872 -0.3153 -0.2069
-0.3080 -0.3877 -0.0288 0.2364 -0.1415 -0.2765 -0.3627 -0.3300 0.1395 0.1100 -0.2345 -0.3303 -0.3913 0.0451 0.2749 -0.1799 -0.2960 -0.3772 -0.1863 0.1921 -0.0866 -0.2607 -0.3505 -0.3723 0.1063 0.2405 -0.2159 -0.3183 -0.3890 -0.0046 0.2500 -0.1564 -0.2836 -0.3686 -0.2896 0.1583 0.0245 -0.2425 -0.3333 -0.3912 0.0189 0.2383 -0.0940 -0.2250 -0.2640 -0.2702 -0.2706 -0.2706 -0.2706 -0.2706 -0.2706 -0.2706 -0.2706 -0.2706 -0.2706 -0.2702 -0.2640 -0.2250 -0.0940 0.2383 0.0189 -0.3912 -0.3333 -0.2425 0.0245 0.1583 -0.2896 -0.3686 -0.2836 -0.1564 0.2500 -0.0046 -0.3890 -0.3183 -0.2159 0.2405 0.1063 -0.3723 -0.3505 -0.2607 -0.0866 0.1921 -0.1863 -0.3772 -0.2960 -0.1799 0.2749 0.0451 -0.3913 -0.3303 -0.2345 0.1100 0.1395 -0.3300 -0.3627 -0.2765 -0.1415 0.2364 -0.0288 -0.3877 -0.3080
-0.3816 -0.0215 0.2392 -0.1439 -0.2772 -0.3631 -0.3291 0.1395 0.1126 -0.2339 -0.3298 -0.3913 0.0421 0.2734 -0.1781 -0.2949 -0.3765 -0.1972 0.1890 -0.0805 -0.2594 -0.3493 -0.3747 0.1031 0.2480 -0.2140 -0.3170 -0.3885 -0.0114 0.2469 -0.1537 -0.2825 -0.3678 -0.2949 0.1568 0.0269 -0.2429 -0.3345 -0.3910 0.0379 0.2597 -0.1437 -0.2603 -0.3243 -0.3584 -0.3641 -0.3644 -0.3644 -0.3644 -0.3644 -0.3644 -0.3644 -0.3644 -0.3644 -0.3644 -0.3641 -0.3584 -0.3243 -0.2603 -0.1437 0.2597 0.0379 -0.3910 -0.3345 -0.2429 0.0269 0.1568 -0.2949 -0.3678 -0.2825 -0.1537 0.2469 -0.0114 -0.3885 -0.3170 -0.2140 0.2480 0.1031 -0.3747 -0.3493 -0.2594 -0.0805 0.1890 -0.1972 -0.3765 -0.2949 -0.1781 0.2734 0.0421 -0.3913 -0.3298 -0.2339 0.1126 0.1395 -0.3291 -0.3631 -0.2772 -0.1439 0.2392 -0.0215 -0.3816
-0.0194 0.2424 -0.1468 -0.2783 -0.3638 -0.3261 0.1405 0.1100 -0.2339 -0.3296 -0.3913 0.0401 0.2723 -0.1766 -0.2940 -0.3758 -0.2069 0.1863 -0.0744 -0.2582 -0.3483 -0.3768 0.0999 0.2545 -0.2120 -0.3158 -0.3880 -0.0185 0.2437 -0.1509 -0.2813 -0.3669 -0.3009 0.1546 0.0338 -0.2426 -0.3348 -0.3907 0.0472 0.2698 -0.1629 -0.2765 -0.3516 -0.3943 -0.3561 -0.3280 -0.3257 -0.3256 -0.3256 -0.3256 -0.3256 -0.3256 -0.3256 -0.3256 -0.3257 -0.3280 -0.3561 -0.3943 -0.3516 -0.2765 -0.1629 0.2698 0.0472 -0.3907 -0.3348 -0.2426 0.0338 0.1546 -0.3009 -0.3669 -0.2813 -0.1509 0.2437 -0.0185 -0.3880 -0.3158 -0.2120 0.2545 0.0999 -0.3768 -0.3483 -0.2582 -0.0744 0.1863 -0.2069 -0.3758 -0.2940 -0.1766 0.2723 0.0401 -0.3913 -0.3296 -0.2339 0.1100 0.1405 -0.3261 -0.3638 -0.2783 -0.1468 0.2424 -0.0194
0.2441 -0.1497 -0.2795 -0.3647 -0.3214 0.1426 0.1019 -0.2345 -0.3298 -0.3913 0.0394 0.2716 -0.1756 -0.2933 -0.3753 -0.2150 0.1839 -0.0687 -0.2570 -0.3473 -0.3786 0.0969 0.2601 -0.2101 -0.3145 -0.3874 -0.0261 0.2404 -0.1479 -0.2800 -0.3660 -0.3072 0.1520 0.0441 -0.2417 -0.3346 -0.3907 0.0514 0.2743 -0.1723 -0.2854 -0.3639 -0.3745 0.0189 0.1259 0.1459 0.1471 0.1472 0.1472 0.1472 0.1472 0.1472 0.1472 0.1472 0.1471 0.1459 0.1259 0.0189 -0.3745 -0.3639 -0.2854 -0.1723 0.2743 0.0514 -0.3907 -0.3346 -0.2417 0.0441 0.1520 -0.3072 -0.3660 -0.2800 -0.1479 0.2404 -0.0261 -0.3874 -0.3145 -0.2101 0.2601 0.0969 -0.3786 -0.3473 -0.2570 -0.0687 0.1839 -0.2150 -0.3753 -0.2933 -0.1756 0.2716 0.0394 -0.3913 -0.3298 -0.2345 0.1019 0.1426 -0.3214 -0.3647 -0.2795 -0.1497 0.2441
-0.1497 -0.2808 -0.3656 -0.3157 0.1453 0.0894 -0.2357 -0.3303 -0.3913 0.0401 0.2716 -0.1752 -0.2929 -0.3749 -0.2209 0.1820 -0.0636 -0.2560 -0.3463 -0.3801 0.0941 0.2645 -0.2083 -0.3133 -0.3868 -0.0342 0.2371 -0.1448 -0.2787 -0.3650 -0.3136 0.1491 0.0569 -0.2405 -0.3341 -0.3907 0.0526 0.2761 -0.1772 -0.2904 -0.3700 -0.3321 0.1003 0.2604 0.1480 0.0327 0.0263 0.0259 0.0259 0.0259 0.0259 0.0259 0.0259 0.0259 0.0263 0.0327 0.1480 0.2604 0.1003 -0.3321 -0.3700 -0.2904 -0.1772 0.2761 0.0526 -0.3907 -0.3341 -0.2405 0.0569 0.1491 -0.3136 -0.3650 -0.2787 -0.1448 0.2371 -0.0342 -0.3868 -0.3133 -0.2083 0.2645 0.0941 -0.3801 -0.3463 -0.2560 -0.0636 0.1820 -0.2209 -0.3749 -0.2929 -0.1752 0.2716 0.0401 -0.3913 -0.3303 -0.2357 0.0894 0.1453 -0.3157 -0.3656 -0.2808 -0.1497
-0.2732 -0.3666 -0.3092 0.1483 0.0747 -0.2371 -0.3312 -0.3913 0.0421 0.2723 -0.1756 -0.2929 -0.3748 -0.2243 0.1807 -0.0596 -0.2552 -0.3456 -0.3814 0.0916 0.2679 -0.2067 -0.3122 -0.3863 -0.0423 0.2339 -0.1416 -0.2774 -0.3640 -0.3199 0.1461 0.0713 -0.2390 -0.3333 -0.3909 0.0521 0.2765 -0.1794 -0.2931 -0.3732 -0.2885 0.1358 0.2559 -0.1676 -0.2282 -0.2392 -0.2400 -0.2400 -0.2400 -0.2400 -0.2400 -0.2400 -0.2400 -0.2400 -0.2400 -0.2392 -0.2282 -0.1676 0.2559 0.1358 -0.2885 -0.3732 -0.2931 -0.1794 0.2765 0.0521 -0.3909 -0.3333 -0.2390 0.0713 0.1461 -0.3199 -0.3640 -0.2774 -0.1416 0.2339 -0.0423 -0.3863 -0.3122 -0.2067 0.2679 0.0916 -0.3814 -0.3456 -0.2552 -0.0596 0.1807 -0.2243 -0.3748 -0.2929 -0.1756 0.2723 0.0421 -0.3913 -0.3312 -0.2371 0.0747 0.1483 -0.3092 -0.3666 -0.2732
-0.3598 -0.3021 0.1516 0.0590 -0.2388 -0.3323 -0.3912 0.0451 0.2734 -0.1766 -0.2933 -0.3749 -0.2243 0.1802 -0.0574 -0.2547 -0.3450 -0.3823 0.0895 0.2705 -0.2052 -0.3112 -0.3858 -0.0500 0.2309 -0.1385 -0.2761 -0.3630 -0.3259 0.1430 0.0867 -0.2374 -0.3323 -0.3910 0.0502 0.2763 -0.1800 -0.2943 -0.3748 -0.2553 0.1567 0.1302 -0.2116 -0.2873 -0.3282 -0.3373 -0.3379 -0.3379 -0.3379 -0.3379 -0.3379 -0.3379 -0.3379 -0.3379 -0.3379 -0.3373 -0.3282 -0.2873 -0.2116 0.1302 0.1567 -0.2553 -0.3748 -0.2943 -0.1800 0.2763 0.0502 -0.3910 -0.3323 -0.2374 0.0867 0.1430 -0.3259 -0.3630 -0.2761 -0.1385 0.2309 -0.0500 -0.3858 -0.3112 -0.2052 0.2705 0.0895 -0.3823 -0.3450 -0.2547 -0.0574 0.1802 -0.2243 -0.3749 -0.2933 -0.1766 0.2734 0.0451 -0.3912 -0.3323 -0.2388 0.0590 0.1516 -0.3021 -0.3598
-0.2966 0.1549 0.0430 -0.2406 -0.3334 -0.3910 0.0485 0.2749 -0.1781 -0.2940 -0.3753 -0.2209 0.1807 -0.0574 -0.2545 -0.3447 -0.3828 0.0880 0.2723 -0.2039 -0.3103 -0.3853 -0.0574 0.2282 -0.1356 -0.2749 -0.3621 -0.3313 0.1399 0.1029 -0.2357 -0.3312 -0.3912 0.0475 0.2755 -0.1797 -0.2947 -0.3755 -0.2345 0.1691 0.0275 -0.2320 -0.3140 -0.3751 -0.3959 -0.3922 -0.3915 -0.3914 -0.3914 -0.3914 -0.3914 -0.3914 -0.3914 -0.3914 -0.3915 -0.3922 -0.3959 -0.3751 -0.3140 -0.2320 0.0275 0.1691 -0.2345 -0.3755 -0.2947 -0.1797 0.2755 0.0475 -0.3912 -0.3312 -0.2357 0.1029 0.1399 -0.3313 -0.3621 -0.2749 -0.1356 0.2282 -0.0574 -0.3853 -0.3103 -0.2039 0.2723 0.0880 -0.3828 -0.3447 -0.2545 -0.0574 0.1807 -0.2209 -0.3753 -0.2940 -0.1781 0.2749 0.0485 -0.3910 -0.3334 -0.2406 0.0430 0.1549 -0.2966
0.1563 0.0276 -0.2425 -0.3346 -0.3907 0.0522 0.2764 -0.1799 -0.2949 -0.3758 -0.2150 0.1820 -0.0596 -0.2547 -0.3447 -0.3830 0.0871 0.2734 -0.2030 -0.3097 -0.3850 -0.0640 0.2258 -0.1329 -0.2739 -0.3612 -0.3360 0.1370 0.1186 -0.2339 -0.3301 -0.3913 0.0443 0.2743 -0.1786 -0.2945 -0.3757 -0.2239 0.1756 -0.0195 -0.2429 -0.3277 -0.3886 -0.2594 0.0424 0.0753 0.0773 0.0774 0.0774 0.0774 0.0774 0.0774 0.0774 0.0774 0.0773 0.0753 0.0424 -0.2594 -0.3886 -0.3277 -0.2429 -0.0195 0.1756 -0.2239 -0.3757 -0.2945 -0.1786 0.2743 0.0443 -0.3913 -0.3301 -0.2339 0.1186 0.1370 -0.3360 -0.3612 -0.2739 -0.1329 0.2258 -0.0640 -0.3850 -0.3097 -0.2030 0.2734 0.0871 -0.3830 -0.3447 -0.2547 -0.0596 0.1820 -0.2150 -0.3758 -0.2949 -0.1799 0.2764 0.0522 -0.3907 -0.3346 -0.2425 0.0276 0.1563
0.0126 -0.2443 -0.3358 -0.3903 0.0561 0.2778 -0.1820 -0.2960 -0.3765 -0.2069 0.1839 -0.0636 -0.2552 -0.3450 -0.3828 0.0871 0.2738 -0.2025 -0.3092 -0.3847 -0.0691 0.2238 -0.1306 -0.2729 -0.3604 -0.3400 0.1344 0.1326 -0.2323 -0.3290 -0.3913 0.0407 0.2728 -0.1771 -0.2940 -0.3755 -0.2206 0.1787 -0.0400 -0.2483 -0.3351 -0.3912 -0.0419 0.1673 0.2733 0.2738 0.2721 0.2721 0.2721 0.2721 0.2721 0.2721 0.2721 0.2721 0.2721 0.2738 0.2733 0.1673 -0.0419 -0.3912 -0.3351 -0.2483 -0.0400 0.1787 -0.2206 -0.3755 -0.2940 -0.1771 0.2728 0.0407 -0.3913 -0.3290 -0.2323 0.1326 0.1344 -0.3400 -0.3604 -0.2729 -0.1306 0.2238 -0.0691 -0.3847 -0.3092 -0.2025 0.2738 0.0871 -0.3828 -0.3450 -0.2552 -0.0636 0.1839 -0.2069 -0.3765 -0.2960 -0.1820 0.2778 0.0561 -0.3903 -0.3358 -0.2443 0.0126
-0.2367 -0.3370 -0.3899 0.0600 0.2790 -0.1842 -0.2972 -0.3772 -0.1972 0.1863 -0.0687 -0.2560 -0.3456 -0.3823 0.0880 0.2734 -0.2025 -0.3091 -0.3845 -0.0724 0.2225 -0.1287 -0.2722 -0.3597 -0.3434 0.1320 0.1449 -0.2308 -0.3280 -0.3913 0.0368 0.2710 -0.1754 -0.2932 -0.3752 -0.2222 0.1796 -0.0487 -0.2511 -0.3392 -0.3905 0.0268 0.2323 -0.0314 -0.1833 -0.2009 -0.2022 -0.2023 -0.2023 -0.2023 -0.2023 -0.2023 -0.2023 -0.2023 -0.2022 -0.2009 -0.1833 -0.0314 0.2323 0.0268 -0.3905 -0.3392 -0.2511 -0.0487 0.1796 -0.2222 -0.3752 -0.2932 -0.1754 0.2710 0.0368 -0.3913 -0.3280 -0.2308 0.1449 0.1320 -0.3434 -0.3597 -0.2722 -0.1287 0.2225 -0.0724 -0.3845 -0.3091 -0.2025 0.2734 0.0880 -0.3823 -0.3456 -0.2560 -0.0687 0.1863 -0.1972 -0.3772 -0.2972 -0.1842 0.2790 0.0600 -0.3899 -0.3370 -0.2367
-0.3298 -0.3893 0.0638 0.2799 -0.1863 -0.2985 -0.3780 -0.1863 0.1890 -0.0744 -0.2570 -0.3463 -0.3814 0.0895 0.2723 -0.2030 -0.3092 -0.3845 -0.0737 0.2217 -0.1276 -0.2716 -0.3592 -0.3461 0.1299 0.1558 -0.2294 -0.3270 -0.3912 0.0329 0.2691 -0.1735 -0.2922 -0.3746 -0.2267 0.1793 -0.0513 -0.2524 -0.3414 -0.3888 0.0532 0.2645 -0.1387 -0.2489 -0.2955 -0.3084 -0.3094 -0.3094 -0.3094 -0.3094 -0.3094 -0.3094 -0.3094 -0.3094 -0.3094 -0.3084 -0.2955 -0.2489 -0.1387 0.2645 0.0532 -0.3888 -0.3414 -0.2524 -0.0513 0.1793 -0.2267 -0.3746 -0.2922 -0.1735 0.2691 0.0329 -0.3912 -0.3270 -0.2294 0.1558 0.1299 -0.3461 -0.3592 -0.2716 -0.1276 0.2217 -0.0737 -0.3845 -0.3092 -0.2030 0.2723 0.0895 -0.3814 -0.3463 -0.2570 -0.0744 0.1890 -0.1863 -0.3780 -0.2985 -0.1863 0.2799 0.0638 -0.3893 -0.3298
-0.3836 0.0675 0.2804 -0.1885 -0.2997 -0.3788 -0.1742 0.1921 -0.0805 -0.2582 -0.3473 -0.3801 0.0916 0.2705 -0.2039 -0.3097 -0.3847 -0.0724 0.2217 -0.1272 -0.2714 -0.3588 -0.3478 0.1283 0.1644 -0.2282 -0.3262 -0.3911 0.0293 0.2672 -0.1716 -0.2913 -0.3740 -0.2331 0.1780 -0.0502 -0.2528 -0.3424 -0.3872 0.0664 0.2772 -0.1677 -0.2745 -0.3428 -0.3827 -0.3907 -0.3910 -0.3910 -0.3910 -0.3910 -0.3910 -0.3910 -0.3910 -0.3910 -0.3910 -0.3907 -0.3827 -0.3428 -0.2745 -0.1677 0.2772 0.0664 -0.3872 -0.3424 -0.2528 -0.0502 0.1780 -0.2331 -0.3740 -0.2913 -0.1716 0.2672 0.0293 -0.3911 -0.3262 -0.2282 0.1644 0.1283 -0.3478 -0.3588 -0.2714 -0.1272 0.2217 -0.0724 -0.3847 -0.3097 -0.2039 0.2705 0.0916 -0.3801 -0.3473 -0.2582 -0.0805 0.1921 -0.1742 -0.3788 -0.2997 -0.1885 0.2804 0.0675 -0.3836
0.0683 0.2806 -0.1907 -0.3010 -0.3796 -0.1617 0.1954 -0.0866 -0.2594 -0.3483 -0.3786 0.0941 0.2679 -0.2052 -0.3103 -0.3850 -0.0691 0.2225 -0.1276 -0.2714 -0.3587 -0.3487 0.1274 0.1702 -0.2273 -0.3255 -0.3910 0.0261 0.2654 -0.1699 -0.2903 -0.3734 -0.2401 0.1763 -0.0468 -0.2527 -0.3428 -0.3862 0.0733 0.2805 -0.1814 -0.2879 -0.3631 -0.3874 -0.1665 -0.0398 -0.0322 -0.0319 -0.0319 -0.0319 -0.0319 -0.0319 -0.0319 -0.0319 -0.0322 -0.0398 -0.1665 -0.3874 -0.3631 -0.2879 -0.1814 0.2805 0.0733 -0.3862 -0.3428 -0.2527 -0.0468 0.1763 -0.2401 -0.3734 -0.2903 -0.1699 0.2654 0.0261 -0.3910 -0.3255 -0.2273 0.1702 0.1274 -0.3487 -0.3587 -0.2714 -0.1276 0.2225 -0.0691 -0.3850 -0.3103 -0.2052 0.2679 0.0941 -0.3786 -0.3483 -0.2594 -0.0866 0.1954 -0.1617 -0.3796 -0.3010 -0.1907 0.2806 0.0683
0.2779 -0.1928 -0.3023 -0.3804 -0.1491 0.1986 -0.0925 -0.2607 -0.3493 -0.3768 0.0969 0.2645 -0.2067 -0.3112 -0.3853 -0.0640 0.2238 -0.1287 -0.2716 -0.3588 -0.3487 0.1271 0.1730 -0.2267 -0.3250 -0.3909 0.0233 0.2638 -0.1683 -0.2895 -0.3727 -0.2469 0.1743 -0.0419 -0.2522 -0.3426 -0.3859 0.0766 0.2805 -0.1886 -0.2954 -0.3723 -0.3376 0.0776 0.1965 0.2380 0.2413 0.2415 0.2415 0.2415 0.2415 0.2415 0.2415 0.2415 0.2413 0.2380 0.1965 0.0776 -0.3376 -0.3723 -0.2954 -0.1886 0.2805 0.0766 -0.3859 -0.3426 -0.2522 -0.0419 0.1743 -0.2469 -0.3727 -0.2895 -0.1683 0.2638 0.0233 -0.3909 -0.3250 -0.2267 0.1730 0.1271 -0.3487 -0.3588 -0.2716 -0.1287 0.2238 -0.0640 -0.3853 -0.3112 -0.2067 0.2645 0.0969 -0.3768 -0.3493 -0.2607 -0.0925 0.1986 -0.1491 -0.3804 -0.3023 -0.1928 0.2779
-0.1899 -0.3036 -0.3811 -0.1365 0.2019 -0.0981 -0.2620 -0.3505 -0.3747 0.0999 0.2601 -0.2083 -0.3122 -0.3858 -0.0574 0.2258 -0.1306 -0.2722 -0.3592 -0.3478 0.1274 0.1730 -0.2265 -0.3248 -0.3909 0.0213 0.2625 -0.1669 -0.2887 -0.3722 -0.2533 0.1724 -0.0363 -0.2516 -0.3422 -0.3860 0.0778 0.2800 -0.1925 -0.2997 -0.3769 -0.2696 0.1328 0.2792 -0.1031 -0.1518 -0.1546 -0.1548 -0.1548 -0.1548 -0.1548 -0.1548 -0.1548 -0.1548 -0.1546 -0.1518 -0.1031 0.2792 0.1328 -0.2696 -0.3769 -0.2997 -0.1925 0.2800 0.0778 -0.3860 -0.3422 -0.2516 -0.0363 0.1724 -0.2533 -0.3722 -0.2887 -0.1669 0.2625 0.0213 -0.3909 -0.3248 -0.2265 0.1730 0.1274 -0.3478 -0.3592 -0.2722 -0.1306 0.2258 -0.0574 -0.3858 -0.3122 -0.2083 0.2601 0.0999 -0.3747 -0.3505 -0.2620 -0.0981 0.2019 -0.1365 -0.3811 -0.3036 -0.1899
-0.2962 -0.3819 -0.1241 0.2052 -0.1033 -0.2634 -0.3516 -0.3723 0.1031 0.2545 -0.2101 -0.3133 -0.3863 -0.0500 0.2282 -0.1329 -0.2729 -0.3597 -0.3461 0.1283 0.1702 -0.2267 -0.3248 -0.3908 0.0202 0.2616 -0.1659 -0.2881 -0.3717 -0.2588 0.1706 -0.0305 -0.2509 -0.3417 -0.3863 0.0777 0.2796 -0.1944 -0.3021 -0.3793 -0.2111 0.1640 0.1410 -0.1992 -0.2615 -0.2786 -0.2801 -0.2801 -0.2802 -0.2802 -0.2802 -0.2802 -0.2802 -0.2801 -0.2801 -0.2786 -0.2615 -0.1992 0.1410 0.1640 -0.2111 -0.3793 -0.3021 -0.1944 0.2796 0.0777 -0.3863 -0.3417 -0.2509 -0.0305 0.1706 -0.2588 -0.3717 -0.2881 -0.1659 0.2616 0.0202 -0.3908 -0.3248 -0.2267 0.1702 0.1283 -0.3461 -0.3597 -0.2729 -0.1329 0.2282 -0.0500 -0.3863 -0.3133 -0.2101 0.2545 0.1031 -0.3723 -0.3516 -0.2634 -0.1033 0.2052 -0.1241 -0.3819 -0.2962
-0.3754 -0.1119 0.2086 -0.1082 -0.2647 -0.3527 -0.3697 0.1063 0.2480 -0.2120 -0.3145 -0.3868 -0.0423 0.2309 -0.1356 -0.2739 -0.3604 -0.3434 0.1299 0.1644 -0.2273 -0.3250 -0.3909 0.0202 0.2613 -0.1654 -0.2877 -0.3713 -0.2632 0.1690 -0.0251 -0.2502 -0.3411 -0.3867 0.0769 0.2796 -0.1952 -0.3034 -0.3806 -0.1714 0.1827 -0.0064 -0.2313 -0.3060 -0.3556 -0.3709 -0.3721 -0.3721 -0.3721 -0.3721 -0.3721 -0.3721 -0.3721 -0.3721 -0.3721 -0.3709 -0.3556 -0.3060 -0.2313 -0.0064 0.1827 -0.1714 -0.3806 -0.3034 -0.1952 0.2796 0.0769 -0.3867 -0.3411 -0.2502 -0.0251 0.1690 -0.2632 -0.3713 -0.2877 -0.1654 0.2613 0.0202 -0.3909 -0.3250 -0.2273 0.1644 0.1299 -0.3434 -0.3604 -0.2739 -0.1356 0.2309 -0.0423 -0.3868 -0.3145 -0.2120 0.2480 0.1063 -0.3697 -0.3527 -0.2647 -0.1082 0.2086 -0.1119 -0.3754
-0.1076 0.2119 -0.1128 -0.2660 -0.3538 -0.3669 0.1095 0.2405 -0.2140 -0.3158 -0.3874 -0.0342 0.2339 -0.1385 -0.2749 -0.3612 -0.3400 0.1320 0.1558 -0.2282 -0.3255 -0.3909 0.0213 0.2616 -0.1654 -0.2875 -0.3711 -0.2660 0.1679 -0.0204 -0.2496 -0.3406 -0.3871 0.0757 0.2798 -0.1952 -0.3039 -0.3813 -0.1478 0.1933 -0.0613 -0.2468 -0.3274 -0.3863 -0.3662 -0.2860 -0.2736 -0.2730 -0.2730 -0.2730 -0.2730 -0.2730 -0.2730 -0.2730 -0.2736 -0.2860 -0.3662 -0.3863 -0.3274 -0.2468 -0.0613 0.1933 -0.1478 -0.3813 -0.3039 -0.1952 0.2798 0.0757 -0.3871 -0.3406 -0.2496 -0.0204 0.1679 -0.2660 -0.3711 -0.2875 -0.1654 0.2616 0.0213 -0.3909 -0.3255 -0.2282 0.1558 0.1320 -0.3400 -0.3612 -0.2749 -0.1385 0.2339 -0.0342 -0.3874 -0.3158 -0.2140 0.2405 0.1095 -0.3669 -0.3538 -0.2660 -0.1128 0.2119 -0.1076
0.2137 -0.1172 -0.2674 -0.3549 -0.3639 0.1126 0.2320 -0.2159 -0.3170 -0.3880 -0.0261 0.2371 -0.1416 -0.2761 -0.3621 -0.3360 0.1344 0.1449 -0.2294 -0.3262 -0.3910 0.0233 0.2625 -0.1659 -0.2877 -0.3711 -0.2669 0.1672 -0.0170 -0.2491 -0.3402 -0.3875 0.0744 0.2800 -0.1949 -0.3040 -0.3815 -0.1353 0.1994 -0.0840 -0.2544 -0.3386 -0.3916 -0.0979 0.1151 0.1641 0.1690 0.1692 0.1692 0.1692 0.1692 0.1692 0.1692 0.1692 0.1690 0.1641 0.1151 -0.0979 -0.3916 -0.3386 -0.2544 -0.0840 0.1994 -0.1353 -0.3815 -0.3040 -0.1949 0.2800 0.0744 -0.3875 -0.3402 -0.2491 -0.0170 0.1672 -0.2669 -0.3711 -0.2877 -0.1659 0.2625 0.0233 -0.3910 -0.3262 -0.2294 0.1449 0.1344 -0.3360 -0.3621 -0.2761 -0.1416 0.2371 -0.0261 -0.3880 -0.3170 -0.2159 0.2320 0.1126 -0.3639 -0.3549 -0.2674 -0.1172 0.2137
-0.1194 -0.2687 -0.3560 -0.3606 0.1158 0.2226 -0.2178 -0.3183 -0.3885 -0.0185 0.2404 -0.1448 -0.2774 -0.3630 -0.3313 0.1370 0.1326 -0.2308 -0.3270 -0.3911 0.0261 0.2638 -0.1669 -0.2881 -0.3713 -0.2660 0.1672 -0.0159 -0.2489 -0.3399 -0.3877 0.0733 0.2802 -0.1944 -0.3039 -0.3816 -0.1295 0.2028 -0.0950 -0.2588 -0.3448 -0.3891 0.0270 0.2128 0.2041 -0.0373 -0.0535 -0.0542 -0.0542 -0.0542 -0.0542 -0.0542 -0.0542 -0.0542 -0.0535 -0.0373 0.2041 0.2128 0.0270 -0.3891 -0.3448 -0.2588 -0.0950 0.2028 -0.1295 -0.3816 -0.3039 -0.1944 0.2802 0.0733 -0.3877 -0.3399 -0.2489 -0.0159 0.1672 -0.2660 -0.3713 -0.2881 -0.1669 0.2638 0.0261 -0.3911 -0.3270 -0.2308 0.1326 0.1370 -0.3313 -0.3630 -0.2774 -0.1448 0.2404 -0.0185 -0.3885 -0.3183 -0.2178 0.2226 0.1158 -0.3606 -0.3560 -0.2687 -0.1194
-0.2610 -0.3571 -0.3570 0.1190 0.2121 -0.2197 -0.3196 -0.3890 -0.0114 0.2437 -0.1479 -0.2787 -0.3640 -0.3259 0.1399 0.1186 -0.2323 -0.3280 -0.3912 0.0293 0.2654 -0.1683 -0.2887 -0.3717 -0.2632 0.1679 -0.0170 -0.2489 -0.3397 -0.3879 0.0726 0.2804 -0.1940 -0.3037 -0.3815 -0.1275 0.2045 -0.1006 -0.2614 -0.3484 -0.3838 0.0650 0.2653 -0.1206 -0.2221 -0.2477 -0.2500 -0.2501 -0.2501 -0.2501 -0.2501 -0.2501 -0.2501 -0.2501 -0.2500 -0.2477 -0.2221 -0.1206 0.2653 0.0650 -0.3838 -0.3484 -0.2614 -0.1006 0.2045 -0.1275 -0.3815 -0.3037 -0.1940 0.2804 0.0726 -0.3879 -0.3397 -0.2489 -0.0170 0.1679 -0.2632 -0.3717 -0.2887 -0.1683 0.2654 0.0293 -0.3912 -0.3280 -0.2323 0.1186 0.1399 -0.3259 -0.3640 -0.2787 -0.1479 0.2437 -0.0114 -0.3890 -0.3196 -0.2197 0.2121 0.1190 -0.3570 -0.3571 -0.2610
-0.3502 -0.3531 0.1221 0.2006 -0.2216 -0.3208 -0.3895 -0.0046 0.2469 -0.1509 -0.2800 -0.3650 -0.3199 0.1430 0.1029 -0.2339 -0.3290 -0.3913 0.0329 0.2672 -0.1699 -0.2895 -0.3722 -0.2588 0.1690 -0.0204 -0.2491 -0.3399 -0.3879 0.0723 0.2804 -0.1936 -0.3035 -0.3814 -0.1273 0.2052 -0.1033 -0.2629 -0.3504 -0.3787 0.0836 0.2805 -0.1691 -0.2678 -0.3229 -0.3443 -0.3465 -0.3466 -0.3466 -0.3466 -0.3466 -0.3466 -0.3466 -0.3466 -0.3465 -0.3443 -0.3229 -0.2678 -0.1691 0.2805 0.0836 -0.3787 -0.3504 -0.2629 -0.1033 0.2052 -0.1273 -0.3814 -0.3035 -0.1936 0.2804 0.0723 -0.3879 -0.3399 -0.2491 -0.0204 0.1690 -0.2588 -0.3722 -0.2895 -0.1699 0.2672 0.0329 -0.3913 -0.3290 -0.2339 0.1029 0.1430 -0.3199 -0.3650 -0.2800 -0.1509 0.2469 -0.0046 -0.3895 -0.3208 -0.2216 0.2006 0.1221 -0.3531 -0.3502
-0.3479 0.1253 0.1882 -0.2235 -0.3221 -0.3899 0.0016 0.2500 -0.1537 -0.2813 -0.3660 -0.3136 0.1461 0.0867 -0.2357 -0.3301 -0.3913 0.0368 0.2691 -0.1716 -0.2903 -0.3727 -0.2533 0.1706 -0.0251 -0.2496 -0.3402 -0.3877 0.0726 0.2804 -0.1935 -0.3033 -0.3813 -0.1279 0.2054 -0.1046 -0.2636 -0.3516 -0.3747 0.0942 0.2769 -0.1891 -0.2887 -0.3588 -0.3950 -0.3862 -0.3822 -0.3819 -0.3819 -0.3819 -0.3819 -0.3819 -0.3819 -0.3819 -0.3822 -0.3862 -0.3950 -0.3588 -0.2887 -0.1891 0.2769 0.0942 -0.3747 -0.3516 -0.2636 -0.1046 0.2054 -0.1279 -0.3813 -0.3033 -0.1935 0.2804 0.0726 -0.3877 -0.3402 -0.2496 -0.0251 0.1706 -0.2533 -0.3727 -0.2903 -0.1716 0.2691 0.0368 -0.3913 -0.3301 -0.2357 0.0867 0.1461 -0.3136 -0.3660 -0.2813 -0.1537 0.2500 0.0016 -0.3899 -0.3221 -0.2235 0.1882 0.1253 -0.3479
0.1262 0.1752 -0.2253 -0.3232 -0.3903 0.0073 0.2530 -0.1564 -0.2825 -0.3669 -0.3072 0.1491 0.0713 -0.2374 -0.3312 -0.3913 0.0407 0.2710 -0.1735 -0.2913 -0.3734 -0.2469 0.1724 -0.0305 -0.2502 -0.3406 -0.3875 0.0733 0.2804 -0.1936 -0.3033 -0.3813 -0.1283 0.2054 -0.1051 -0.2640 -0.3522 -0.3721 0.1004 0.2672 -0.1997 -0.3001 -0.3736 -0.3559 0.0177 0.0917 0.0990 0.0993 0.0993 0.0993 0.0993 0.0993 0.0993 0.0993 0.0990 0.0917 0.0177 -0.3559 -0.3736 -0.3001 -0.1997 0.2672 0.1004 -0.3721 -0.3522 -0.2640 -0.1051 0.2054 -0.1283 -0.3813 -0.3033 -0.1936 0.2804 0.0733 -0.3875 -0.3406 -0.2502 -0.0305 0.1724 -0.2469 -0.3734 -0.2913 -0.1735 0.2710 0.0407 -0.3913 -0.3312 -0.2374 0.0713 0.1491 -0.3072 -0.3669 -0.2825 -0.1564 0.2530 0.0073 -0.3903 -0.3232 -0.2253 0.1752 0.1262
0.1596 -0.2270 -0.3244 -0.3906 0.0125 0.2557 -0.1588 -0.2836 -0.3678 -0.3009 0.1520 0.0569 -0.2390 -0.3323 -0.3912 0.0443 0.2728 -0.1754 -0.2922 -0.3740 -0.2401 0.1743 -0.0364 -0.2509 -0.3411 -0.3871 0.0744 0.2802 -0.1940 -0.3035 -0.3813 -0.1283 0.2054 -0.1053 -0.2642 -0.3526 -0.3705 0.1040 0.2580 -0.2059 -0.3067 -0.3802 -0.2607 0.1202 0.2600 0.2576 0.2410 0.2401 0.2401 0.2401 0.2401 0.2401 0.2401 0.2401 0.2410 0.2576 0.2600 0.1202 -0.2607 -0.3802 -0.3067 -0.2059 0.2580 0.1040 -0.3705 -0.3526 -0.2642 -0.1053 0.2054 -0.1283 -0.3813 -0.3035 -0.1940 0.2802 0.0744 -0.3871 -0.3411 -0.2509 -0.0363 0.1743 -0.2401 -0.3740 -0.2922 -0.1754 0.2728 0.0443 -0.3912 -0.3323 -0.2390 0.0569 0.1520 -0.3009 -0.3678 -0.2836 -0.1588 0.2557 0.0125 -0.3906 -0.3244 -0.2270 0.1596
-0.2209 -0.3254 -0.3908 0.0170 0.2582 -0.1610 -0.2847 -0.3686 -0.2949 0.1546 0.0441 -0.2405 -0.3333 -0.3910 0.0475 0.2743 -0.1771 -0.2932 -0.3746 -0.2331 0.1763 -0.0420 -0.2516 -0.3417 -0.3867 0.0757 0.2800 -0.1944 -0.3037 -0.3814 -0.1278 0.2054 -0.1053 -0.2643 -0.3527 -0.3697 0.1060 0.2514 -0.2095 -0.3106 -0.3835 -0.1658 0.1667 0.1955 -0.1686 -0.2090 -0.2132 -0.2134 -0.2134 -0.2134 -0.2134 -0.2134 -0.2134 -0.2134 -0.2132 -0.2089 -0.1686 0.1956 0.1667 -0.1658 -0.3835 -0.3106 -0.2095 0.2514 0.1060 -0.3697 -0.3527 -0.2643 -0.1053 0.2054 -0.1279 -0.3814 -0.3037 -0.1944 0.2800 0.0757 -0.3867 -0.3417 -0.2516 -0.0419 0.1763 -0.2331 -0.3746 -0.2932 -0.1771 0.2743 0.0475 -0.3910 -0.3333 -0.2405 0.0441 0.1546 -0.2949 -0.3686 -0.2847 -0.1610 0.2581 0.0170 -0.3908 -0.3254 -0.2209
-0.3177 -0.3910 0.0207 0.2601 -0.1628 -0.2856 -0.3692 -0.2896 0.1568 0.0337 -0.2417 -0.3341 -0.3908 0.0502 0.2755 -0.1786 -0.2940 -0.3752 -0.2267 0.1780 -0.0468 -0.2522 -0.3422 -0.3863 0.0769 0.2798 -0.1949 -0.3039 -0.3815 -0.1272 0.2054 -0.1051 -0.2642 -0.3527 -0.3694 0.1068 0.2475 -0.2114 -0.3129 -0.3853 -0.1048 0.1946 -0.0190 -0.2243 -0.2872 -0.3135 -0.3169 -0.3170 -0.3170 -0.3170 -0.3170 -0.3170 -0.3170 -0.3170 -0.3169 -0.3135 -0.2872 -0.2243 -0.0190 0.1946 -0.1049 -0.3852 -0.3129 -0.2114 0.2475 0.1068 -0.3694 -0.3527 -0.2642 -0.1051 0.2054 -0.1273 -0.3815 -0.3039 -0.1949 0.2798 0.0769 -0.3863 -0.3422 -0.2522 -0.0468 0.1780 -0.2267 -0.3752 -0.2940 -0.1786 0.2755 0.0502 -0.3909 -0.3341 -0.2417 0.0338 0.1568 -0.2896 -0.3692 -0.2856 -0.1628 0.2601 0.0207 -0.3910 -0.3177
-0.3850 0.0232 0.2615 -0.1641 -0.2862 -0.3697 -0.2857 0.1584 0.0266 -0.2427 -0.3347 -0.3907 0.0521 0.2763 -0.1797 -0.2945 -0.3756 -0.2221 0.1793 -0.0503 -0.2527 -0.3426 -0.3859 0.0777 0.2796 -0.1953 -0.3040 -0.3816 -0.1273 0.2052 -0.1046 -0.2641 -0.3526 -0.3696 0.1069 0.2462 -0.2123 -0.3141 -0.3862 -0.0727 0.2105 -0.0863 -0.2477 -0.3225 -0.3757 -0.3927 -0.3938 -0.3938 -0.3938 -0.3938 -0.3938 -0.3938 -0.3938 -0.3938 -0.3938 -0.3927 -0.3757 -0.3225 -0.2477 -0.0863 0.2105 -0.0728 -0.3862 -0.3140 -0.2123 0.2463 0.1068 -0.3697 -0.3526 -0.2640 -0.1046 0.2052 -0.1275 -0.3816 -0.3040 -0.1952 0.2796 0.0777 -0.3860 -0.3426 -0.2527 -0.0502 0.1793 -0.2222 -0.3755 -0.2945 -0.1797 0.2763 0.0521 -0.3907 -0.3346 -0.2426 0.0269 0.1583 -0.2857 -0.3697 -0.2862 -0.1641 0.2615 0.0231 -0.3850
0.0201 0.2620 -0.1646 -0.2864 -0.3699 -0.2842 0.1589 0.0240 -0.2430 -0.3349 -0.3906 0.0527 0.2766 -0.1801 -0.2947 -0.3757 -0.2204 0.1797 -0.0515 -0.2529 -0.3428 -0.3859 0.0779 0.2796 -0.1952 -0.3040 -0.3815 -0.1292 0.2045 -0.1035 -0.2637 -0.3523 -0.3704 0.1061 0.2474 -0.2124 -0.3144 -0.3866 -0.0575 0.2194 -0.1104 -0.2585 -0.3394 -0.3919 -0.2610 -0.0240 -0.0029 -0.0020 -0.0019 -0.0020 -0.0020 -0.0020 -0.0020 -0.0021 -0.0030 -0.0242 -0.2613 -0.3919 -0.3394 -0.2585 -0.1103 0.2194 -0.0577 -0.3866 -0.3144 -0.2123 0.2475 0.1060 -0.3705 -0.3522 -0.2636 -0.1033 0.2045 -0.1295 -0.3815 -0.3039 -0.1952 0.2796 0.0778 -0.3859 -0.3428 -0.2528 -0.0513 0.1796 -0.2206 -0.3757 -0.2947 -0.1800 0.2765 0.0526 -0.3907 -0.3348 -0.2429 0.0245 0.1588 -0.2844 -0.3699 -0.2864 -0.1645 0.2620 0.0199
0.2594 -0.1639 -0.2860 -0.3697 -0.2866 0.1578 0.0281 -0.2426 -0.3346 -0.3907 0.0516 0.2761 -0.1795 -0.2944 -0.3756 -0.2234 0.1789 -0.0492 -0.2525 -0.3425 -0.3862 0.0768 0.2799 -0.1946 -0.3035 -0.3813 -0.1347 0.2029 -0.1008 -0.2629 -0.3516 -0.3720 0.1041 0.2511 -0.2115 -0.3141 -0.3866 -0.0529 0.2235 -0.1207 -0.2643 -0.3479 -0.3891 -0.0007 0.1646 0.2392 0.2498 0.2503 0.2503 0.2502 0.2502 0.2502 0.2502 0.2502 0.2496 0.2390 0.1645 -0.0011 -0.3892 -0.3479 -0.2643 -0.1206 0.2234 -0.0533 -0.3866 -0.3140 -0.2114 0.2514 0.1040 -0.3721 -0.3516 -0.2629 -0.1006 0.2028 -0.1353 -0.3813 -0.3034 -0.1944 0.2800 0.0766 -0.3862 -0.3424 -0.2524 -0.0487 0.1787 -0.2239 -0.3755 -0.2943 -0.1794 0.2761 0.0514 -0.3907 -0.3345 -0.2425 0.0291 0.1576 -0.2871 -0.3697 -0.2860 -0.1637 0.2592
-0.1581 -0.2848 -0.3689 -0.2944 0.1545 0.0426 -0.2409 -0.3335 -0.3910 0.0478 0.2745 -0.1775 -0.2932 -0.3749 -0.2331 0.1761 -0.0412 -0.2512 -0.3415 -0.3871 0.0737 0.2805 -0.1928 -0.3023 -0.3807 -0.1465 0.1997 -0.0956 -0.2615 -0.3505 -0.3745 0.1007 0.2575 -0.2096 -0.3130 -0.3862 -0.0568 0.2237 -0.1238 -0.2669 -0.3521 -0.3819 0.0595 0.2469 -0.0085 -0.1477 -0.1563 -0.1568 -0.1568 -0.1567 -0.1566 -0.1566 -0.1566 -0.1565 -0.1560 -0.1473 -0.0071 0.2465 0.0591 -0.3820 -0.3520 -0.2668 -0.1235 0.2234 -0.0577 -0.3862 -0.3129 -0.2095 0.2580 0.1004 -0.3747 -0.3504 -0.2614 -0.0950 0.1994 -0.1478 -0.3806 -0.3021 -0.1925 0.2805 0.0733 -0.3872 -0.3414 -0.2511 -0.0400 0.1756 -0.2345 -0.3748 -0.2931 -0.1772 0.2743 0.0472 -0.3910 -0.3333 -0.2407 0.0450 0.1539 -0.2956 -0.3688 -0.2846 -0.1577
-0.2732 -0.3672 -0.3091 0.1478 0.0745 -0.2374 -0.3312 -0.3912 0.0394 0.2706 -0.1731 -0.2908 -0.3734 -0.2523 0.1701 -0.0226 -0.2487 -0.3395 -0.3886 0.0674 0.2806 -0.1892 -0.3001 -0.3795 -0.1684 0.1940 -0.0854 -0.2591 -0.3486 -0.3782 0.0949 0.2663 -0.2063 -0.3109 -0.3854 -0.0706 0.2201 -0.1214 -0.2671 -0.3534 -0.3763 0.0815 0.2773 -0.1470 -0.2420 -0.2722 -0.2765 -0.2767 -0.2767 -0.2766 -0.2765 -0.2765 -0.2765 -0.2764 -0.2761 -0.2717 -0.2416 -0.1463 0.2770 0.0808 -0.3767 -0.3532 -0.2668 -0.1206 0.2194 -0.0728 -0.3852 -0.3106 -0.2059 0.2672 0.0942 -0.3787 -0.3484 -0.2588 -0.0840 0.1933 -0.1714 -0.3793 -0.2997 -0.1886 0.2805 0.0664 -0.3888 -0.3392 -0.2483 -0.0195 0.1691 -0.2553 -0.3732 -0.2904 -0.1723 0.2698 0.0379 -0.3912 -0.3308 -0.2368 0.0805 0.1466 -0.3115 -0.3669 -0.2727
-0.3558 -0.3313 0.1361 0.1336 -0.2310 -0.3269 -0.3910 0.0228 0.2618 -0.1647 -0.2863 -0.3706 -0.2828 0.1591 0.0181 -0.2439 -0.3358 -0.3903 0.0557 0.2780 -0.1827 -0.2962 -0.3773 -0.2045 0.1845 -0.0654 -0.2551 -0.3453 -0.3831 0.0853 0.2758 -0.2007 -0.3073 -0.3837 -0.0994 0.2120 -0.1124 -0.2649 -0.3525 -0.3758 0.0884 0.2808 -0.1754 -0.2732 -0.3332 -0.3612 -0.3648 -0.3649 -0.3649 -0.3648 -0.3647 -0.3646 -0.3645 -0.3644 -0.3642 -0.3604 -0.3325 -0.2725 -0.1743 0.2809 0.0869 -0.3767 -0.3520 -0.2642 -0.1103 0.2105 -0.1049 -0.3835 -0.3067 -0.1997 0.2769 0.0836 -0.3838 -0.3448 -0.2544 -0.0613 0.1827 -0.2111 -0.3769 -0.2954 -0.1814 0.2772 0.0532 -0.3905 -0.3351 -0.2429 0.0275 0.1567 -0.2885 -0.3700 -0.2854 -0.1629 0.2597 0.0189 -0.3908 -0.3260 -0.2296 0.1466 0.1334 -0.3357 -0.3550
-0.3570 0.1168 0.2160 -0.2199 -0.3195 -0.3894 -0.0124 0.2439 -0.1489 -0.2787 -0.3654 -0.3231 0.1408 0.1053 -0.2347 -0.3294 -0.3912 0.0335 0.2681 -0.1710 -0.2896 -0.3733 -0.2576 0.1682 -0.0209 -0.2485 -0.3399 -0.3883 0.0691 0.2808 -0.1914 -0.3014 -0.3808 -0.1527 0.1980 -0.0923 -0.2599 -0.3490 -0.3805 0.0841 0.2806 -0.1835 -0.2856 -0.3582 -0.3949 -0.3726 -0.3621 -0.3618 -0.3624 -0.3630 -0.3637 -0.3644 -0.3649 -0.3655 -0.3667 -0.3766 -0.3949 -0.3569 -0.2842 -0.1812 0.2809 0.0808 -0.3820 -0.3479 -0.2585 -0.0863 0.1946 -0.1658 -0.3802 -0.3001 -0.1891 0.2805 0.0650 -0.3891 -0.3386 -0.2468 -0.0064 0.1640 -0.2696 -0.3723 -0.2879 -0.1677 0.2645 0.0268 -0.3912 -0.3277 -0.2320 0.1302 0.1358 -0.3321 -0.3639 -0.2765 -0.1437 0.2383 -0.0253 -0.3889 -0.3172 -0.2165 0.2343 0.1106 -0.3628
0.0806 0.2772 -0.2001 -0.3064 -0.3847 -0.1060 0.2106 -0.1139 -0.2658 -0.3557 -0.3646 0.1118 0.2288 -0.2182 -0.3184 -0.3896 -0.0160 0.2430 -0.1486 -0.2786 -0.3659 -0.3211 0.1420 0.0941 -0.2360 -0.3307 -0.3913 0.0393 0.2715 -0.1751 -0.2919 -0.3754 -0.2366 0.1746 -0.0430 -0.2509 -0.3419 -0.3876 0.0673 0.2798 -0.1794 -0.2872 -0.3652 -0.3799 -0.0310 0.0754 0.0850 0.0845 0.0833 0.0818 0.0802 0.0787 0.0773 0.0760 0.0744 0.0629 -0.0592 -0.3841 -0.3628 -0.2842 -0.1743 0.2770 0.0591 -0.3892 -0.3394 -0.2477 -0.0190 0.1667 -0.2607 -0.3736 -0.2887 -0.1691 0.2653 0.0270 -0.3916 -0.3274 -0.2313 0.1410 0.1328 -0.3376 -0.3631 -0.2745 -0.1387 0.2323 -0.0419 -0.3886 -0.3140 -0.2116 0.2559 0.1003 -0.3745 -0.3516 -0.2603 -0.0940 0.1956 -0.1575 -0.3823 -0.3006 -0.1909 0.2810 0.0641
0.2498 -0.1583 -0.2823 -0.3707 -0.2966 0.1532 0.0276 -0.2419 -0.3365 -0.3912 0.0589 0.2799 -0.1876 -0.2987 -0.3816 -0.1693 0.1929 -0.0909 -0.2596 -0.3513 -0.3748 0.1003 0.2547 -0.2123 -0.3146 -0.3891 -0.0356 0.2354 -0.1423 -0.2759 -0.3646 -0.3299 0.1375 0.1148 -0.2336 -0.3290 -0.3918 0.0272 0.2620 -0.1607 -0.2795 -0.3623 -0.3742 0.0469 0.1841 0.2493 0.2550 0.2527 0.2495 0.2459 0.2421 0.2383 0.2348 0.2316 0.2287 0.2190 0.1592 0.0182 -0.3841 -0.3569 -0.2725 -0.1463 0.2465 -0.0011 -0.3919 -0.3225 -0.2243 0.1956 0.1202 -0.3559 -0.3588 -0.2678 -0.1206 0.2128 -0.0979 -0.3863 -0.3060 -0.1992 0.2792 0.0776 -0.3874 -0.3428 -0.2489 -0.0314 0.1673 -0.2594 -0.3751 -0.2873 -0.1676 0.2604 0.0189 -0.3943 -0.3243 -0.2250 0.1858 0.1212 -0.3565 -0.3591 -0.2667 -0.1201 0.2094
0.1005 -0.2329 -0.3312 -0.3952 0.0487 0.2754 -0.1856 -0.2968 -0.3829 -0.1647 0.1959 -0.1006 -0.2611 -0.3547 -0.3686 0.1111 0.2213 -0.2198 -0.3206 -0.3938 0.0051 0.2533 -0.1623 -0.2844 -0.3733 -0.2750 0.1625 -0.0169 -0.2470 -0.3414 -0.3888 0.0747 0.2801 -0.1979 -0.3047 -0.3859 -0.1171 0.2042 -0.1031 -0.2590 -0.3477 -0.3896 0.0289 0.2070 0.2432 0.0657 0.0681 0.1002 0.1387 0.1764 0.2089 0.2335 0.2503 0.2610 0.2674 0.2727 0.2675 0.1588 -0.0600 -0.3949 -0.3325 -0.2416 -0.0071 0.1645 -0.2613 -0.3757 -0.2872 -0.1686 0.2600 0.0177 -0.3950 -0.3229 -0.2221 0.2041 0.1151 -0.3662 -0.3556 -0.2615 -0.1031 0.1965 -0.1665 -0.3827 -0.2955 -0.1833 0.2733 0.0424 -0.3959 -0.3282 -0.2282 0.1480 0.1259 -0.3561 -0.3584 -0.2640 -0.1141 0.2026 -0.1518 -0.3833 -0.2957 -0.1828 0.2712
-0.0633 -0.2519 -0.3482 -0.3802 0.1028 0.2320 -0.2157 -0.3192 -0.3950 0.0141 0.2613 -0.1711 -0.2887 -0.3785 -0.2143 0.1861 -0.0887 -0.2572 -0.3526 -0.3724 0.1114 0.2087 -0.2203 -0.3223 -0.3956 0.0226 0.2643 -0.1743 -0.2901 -0.3791 -0.2134 0.1842 -0.0818 -0.2559 -0.3505 -0.3788 0.0991 0.2557 -0.2082 -0.3089 -0.3878 -0.1890 0.1502 0.2711 -0.0585 -0.0866 -0.0722 -0.0475 -0.0101 0.0427 0.1044 0.1602 0.2013 0.2282 0.2449 0.2562 0.2741 0.2168 0.0618 -0.3769 -0.3604 -0.2717 -0.1473 0.2390 -0.0243 -0.3927 -0.3135 -0.2089 0.2576 0.0917 -0.3862 -0.3443 -0.2477 -0.0373 0.1641 -0.2860 -0.3709 -0.2786 -0.1518 0.2380 -0.0398 -0.3907 -0.3084 -0.2009 0.2738 0.0753 -0.3922 -0.3373 -0.2392 0.0327 0.1459 -0.3280 -0.3641 -0.2702 -0.1325 0.2172 -0.1045 -0.3859 -0.2998 -0.1884 0.2745
-0.0627 -0.2518 -0.3482 -0.3793 0.1040 0.2263 -0.2167 -0.3201 -0.3950 0.0203 0.2650 -0.1743 -0.2908 -0.3801 -0.1874 0.1948 -0.1049 -0.2610 -0.3563 -0.3602 0.1246 0.1438 -0.2279 -0.3286 -0.3956 0.0498 0.2766 -0.1877 -0.2992 -0.3857 -0.1126 0.2143 -0.1286 -0.2683 -0.3621 -0.3425 0.1343 0.1170 -0.2274 -0.3239 -0.3946 -0.0546 0.1848 0.2164 -0.0799 -0.0889 -0.0740 -0.0497 -0.0130 0.0390 0.1006 0.1569 0.1987 0.2263 0.2434 0.2549 0.2728 0.2241 0.0723 -0.3675 -0.3641 -0.2760 -0.1560 0.2496 -0.0031 -0.3938 -0.3169 -0.2132 0.2410 0.0990 -0.3822 -0.3465 -0.2500 -0.0535 0.1690 -0.2736 -0.3721 -0.2801 -0.1546 0.2413 -0.0322 -0.3910 -0.3094 -0.2022 0.2721 0.0773 -0.3915 -0.3379 -0.2400 0.0263 0.1471 -0.3257 -0.3644 -0.2706 -0.1334 0.2180 -0.1019 -0.3860 -0.3000 -0.1887 0.2746
-0.0332 -0.2471 -0.3439 -0.3856 0.0931 0.2522 -0.2108 -0.3156 -0.3936 0.0012 0.2558 -0.1666 -0.2864 -0.3768 -0.2263 0.1839 -0.0872 -0.2565 -0.3523 -0.3706 0.1146 0.1891 -0.2225 -0.3245 -0.3955 0.0366 0.2723 -0.1816 -0.2953 -0.3830 -0.1476 0.2049 -0.1179 -0.2646 -0.3589 -0.3538 0.1264 0.1552 -0.2232 -0.3207 -0.3933 -0.0790 0.1766 0.2402 -0.0598 -0.0725 -0.0568 -0.0311 0.0073 0.0590 0.1165 0.1671 0.2044 0.2293 0.2450 0.2556 0.2728 0.2245 0.0729 -0.3668 -0.3642 -0.2763 -0.1564 0.2501 -0.0021 -0.3938 -0.3170 -0.2134 0.2401 0.0993 -0.3819 -0.3466 -0.2501 -0.0542 0.1692 -0.2730 -0.3721 -0.2801 -0.1548 0.2415 -0.0319 -0.3910 -0.3094 -0.2023 0.2721 0.0774 -0.3914 -0.3379 -0.2400 0.0259 0.1472 -0.3256 -0.3644 -0.2706 -0.1334 0.2181 -0.1019 -0.3860 -0.3001 -0.1888 0.2746
0.0256 -0.2400 -0.3379 -0.3914 0.0772 0.2723 -0.2021 -0.3093 -0.3909 -0.0330 0.2410 -0.1544 -0.2799 -0.3719 -0.2747 0.1685 -0.0527 -0.2499 -0.3464 -0.3820 0.0995 0.2387 -0.2142 -0.3182 -0.3944 0.0124 0.2612 -0.1710 -0.2889 -0.3786 -0.2065 0.1891 -0.0953 -0.2581 -0.3532 -0.3704 0.1116 0.2159 -0.2151 -0.3144 -0.3907 -0.1343 0.1615 0.2667 -0.0177 -0.0403 -0.0231 0.0051 0.0447 0.0930 0.1421 0.1834 0.2139 0.2345 0.2477 0.2570 0.2730 0.2244 0.0729 -0.3668 -0.3642 -0.2763 -0.1565 0.2501 -0.0021 -0.3938 -0.3170 -0.2134 0.2401 0.0993 -0.3819 -0.3466 -0.2501 -0.0542 0.1692 -0.2730 -0.3721 -0.2802 -0.1548 0.2415 -0.0319 -0.3910 -0.3094 -0.2023 0.2721 0.0774 -0.3914 -0.3379 -0.2400 0.0259 0.1472 -0.3256 -0.3644 -0.2706 -0.1334 0.2181 -0.1018 -0.3860 -0.3001 -0.1888 0.2746
0.1096 -0.2313 -0.3312 -0.3947 0.0582 0.2779 -0.1922 -0.3023 -0.3873 -0.0828 0.2237 -0.1390 -0.2729 -0.3662 -0.3153 0.1523 0.0039 -0.2426 -0.3399 -0.3898 0.0825 0.2677 -0.2050 -0.3113 -0.3918 -0.0212 0.2457 -0.1583 -0.2819 -0.3734 -0.2623 0.1724 -0.0612 -0.2509 -0.3468 -0.3826 0.0953 0.2564 -0.2059 -0.3075 -0.3871 -0.1984 0.1455 0.2770 0.0505 0.0126 0.0307 0.0592 0.0952 0.1345 0.1716 0.2021 0.2249 0.2406 0.2511 0.2587 0.2733 0.2242 0.0728 -0.3668 -0.3642 -0.2763 -0.1565 0.2501 -0.0021 -0.3938 -0.3170 -0.2134 0.2401 0.0993 -0.3819 -0.3466 -0.2501 -0.0542 0.1692 -0.2730 -0.3721 -0.2802 -0.1548 0.2415 -0.0319 -0.3910 -0.3094 -0.2023 0.2721 0.0774 -0.3914 -0.3379 -0.2400 0.0259 0.1472 -0.3256 -0.3644 -0.2706 -0.1334 0.2181 -0.1018 -0.3860 -0.3001 -0.1888 0.2746
0.1851 -0.2227 -0.3246 -0.3954 0.0373 0.2726 -0.1820 -0.2956 -0.3832 -0.1428 0.2067 -0.1209 -0.2660 -0.3605 -0.3441 0.1362 0.0815 -0.2342 -0.3335 -0.3939 0.0649 0.2775 -0.1956 -0.3047 -0.3886 -0.0647 0.2294 -0.1443 -0.2751 -0.3680 -0.3044 0.1567 -0.0121 -0.2440 -0.3406 -0.3899 0.0789 0.2744 -0.1966 -0.3008 -0.3830 -0.2535 0.1303 0.2747 0.1305 0.0836 0.0983 0.1210 0.1474 0.1744 0.1992 0.2199 0.2356 0.2469 0.2546 0.2605 0.2736 0.2240 0.0727 -0.3669 -0.3643 -0.2763 -0.1565 0.2501 -0.0021 -0.3938 -0.3170 -0.2134 0.2401 0.0993 -0.3819 -0.3466 -0.2501 -0.0542 0.1692 -0.2730 -0.3721 -0.2802 -0.1548 0.2415 -0.0319 -0.3910 -0.3094 -0.2023 0.2721 0.0774 -0.3914 -0.3379 -0.2400 0.0259 0.1472 -0.3256 -0.3644 -0.2706 -0.1334 0.2181 -0.1018 -0.3860 -0.3001 -0.1888 0.2746
