0.0036 0.0557 0.8331 1.0000 0.0001 0.0014 0.0205 0.3046 1.0000 1.0000 0.0005 0.0074 0.1103 1.0000 1.0000 0.0002 0.0027 0.0400 0.5939 1.0000 0.0001 0.0010 0.0145 0.2151 1.0000 1.0000 0.0004 0.0052 0.0779 1.0000 1.0000 0.0001 0.0019 0.0282 0.4193 1.0000 0.0000 0.0007 0.0102 0.1519 1.0000 1.0000 0.0002 0.0037 0.0550 0.8159 1.0000 0.0001 0.0013 0.0157 0.0833 0.0157 0.0013 0.0001 1.0000 0.8159 0.0550 0.0037 0.0002 1.0000 1.0000 0.1519 0.0102 0.0007 0.0000 1.0000 0.4193 0.0282 0.0019 0.0001 1.0000 1.0000 0.0779 0.0052 0.0004 1.0000 1.0000 0.2151 0.0145 0.0010 0.0001 1.0000 0.5939 0.0400 0.0027 0.0002 1.0000 1.0000 0.1103 0.0074 0.0005 1.0000 1.0000 0.3046 0.0205 0.0014 0.0001 1.0000 0.8331 0.0557 0.0036
0.0557 0.8395 1.0000 0.0001 0.0014 0.0203 0.3018 1.0000 1.0000 0.0005 0.0073 0.1091 1.0000 1.0000 0.0002 0.0027 0.0395 0.5871 1.0000 0.0001 0.0010 0.0143 0.2127 1.0000 1.0000 0.0003 0.0052 0.0770 1.0000 1.0000 0.0001 0.0019 0.0279 0.4146 1.0000 0.0000 0.0007 0.0101 0.1502 1.0000 1.0000 0.0002 0.0037 0.0544 0.8082 1.0000 0.0001 0.0013 0.0187 0.2321 1.0000 0.2321 0.0187 0.0013 0.0001 1.0000 0.8082 0.0544 0.0037 0.0002 1.0000 1.0000 0.1502 0.0101 0.0007 0.0000 1.0000 0.4146 0.0279 0.0019 0.0001 1.0000 1.0000 0.0770 0.0052 0.0003 1.0000 1.0000 0.2127 0.0143 0.0010 0.0001 1.0000 0.5871 0.0395 0.0027 0.0002 1.0000 1.0000 0.1091 0.0073 0.0005 1.0000 1.0000 0.3018 0.0203 0.0014 0.0001 1.0000 0.8395 0.0557
0.8331 1.0000 0.0001 0.0013 0.0197 0.2916 1.0000 1.0000 0.0005 0.0071 0.1052 1.0000 1.0000 0.0002 0.0026 0.0380 0.5652 1.0000 0.0001 0.0009 0.0138 0.2047 1.0000 1.0000 0.0003 0.0050 0.0741 1.0000 1.0000 0.0001 0.0018 0.0269 0.3991 1.0000 0.0000 0.0007 0.0097 0.1445 1.0000 1.0000 0.0002 0.0035 0.0524 0.7780 1.0000 0.0001 0.0013 0.0187 0.2672 1.0000 1.0000 1.0000 0.2672 0.0187 0.0013 0.0001 1.0000 0.7780 0.0524 0.0035 0.0002 1.0000 1.0000 0.1445 0.0097 0.0007 0.0000 1.0000 0.3991 0.0269 0.0018 0.0001 1.0000 1.0000 0.0741 0.0050 0.0003 1.0000 1.0000 0.2047 0.0138 0.0009 0.0001 1.0000 0.5652 0.0380 0.0026 0.0002 1.0000 1.0000 0.1052 0.0071 0.0005 1.0000 1.0000 0.2916 0.0197 0.0013 0.0001 1.0000 0.8331
1.0000 0.0001 0.0013 0.0194 0.2856 1.0000 1.0000 0.0005 0.0068 0.1015 1.0000 1.0000 0.0002 0.0025 0.0366 0.5441 1.0000 0.0001 0.0009 0.0133 0.1971 1.0000 1.0000 0.0003 0.0048 0.0714 1.0000 1.0000 0.0001 0.0017 0.0259 0.3842 1.0000 0.0000 0.0006 0.0094 0.1392 1.0000 1.0000 0.0002 0.0034 0.0504 0.7490 1.0000 0.0001 0.0012 0.0182 0.2682 1.0000 1.0000 0.0001 1.0000 1.0000 0.2682 0.0182 0.0012 0.0001 1.0000 0.7490 0.0504 0.0034 0.0002 1.0000 1.0000 0.1392 0.0094 0.0006 0.0000 1.0000 0.3842 0.0259 0.0017 0.0001 1.0000 1.0000 0.0714 0.0048 0.0003 1.0000 1.0000 0.1971 0.0133 0.0009 0.0001 1.0000 0.5441 0.0366 0.0025 0.0002 1.0000 1.0000 0.1015 0.0068 0.0005 1.0000 1.0000 0.2856 0.0194 0.0013 0.0001 1.0000
0.0001 0.0014 0.0197 0.2856 1.0000 1.0000 0.0005 0.0066 0.0983 1.0000 1.0000 0.0002 0.0024 0.0353 0.5248 1.0000 0.0001 0.0009 0.0128 0.1897 1.0000 1.0000 0.0003 0.0046 0.0687 1.0000 1.0000 0.0001 0.0017 0.0249 0.3699 1.0000 0.0000 0.0006 0.0090 0.1340 1.0000 1.0000 0.0002 0.0033 0.0485 0.7210 1.0000 0.0001 0.0012 0.0176 0.2606 1.0000 1.0000 0.0003 0.0018 0.0003 1.0000 1.0000 0.2606 0.0176 0.0012 0.0001 1.0000 0.7210 0.0485 0.0033 0.0002 1.0000 1.0000 0.1340 0.0090 0.0006 0.0000 1.0000 0.3699 0.0249 0.0017 0.0001 1.0000 1.0000 0.0687 0.0046 0.0003 1.0000 1.0000 0.1897 0.0128 0.0009 0.0001 1.0000 0.5248 0.0353 0.0024 0.0002 1.0000 1.0000 0.0983 0.0066 0.0005 1.0000 1.0000 0.2856 0.0197 0.0014 0.0001
0.0014 0.0203 0.2916 1.0000 1.0000 0.0004 0.0065 0.0962 1.0000 1.0000 0.0002 0.0023 0.0341 0.5062 1.0000 0.0001 0.0008 0.0123 0.1826 1.0000 1.0000 0.0003 0.0045 0.0662 0.9830 1.0000 0.0001 0.0016 0.0240 0.3561 1.0000 0.0000 0.0006 0.0087 0.1290 1.0000 1.0000 0.0002 0.0031 0.0467 0.6941 1.0000 0.0001 0.0011 0.0169 0.2514 1.0000 1.0000 0.0004 0.0049 0.0254 0.0049 0.0004 1.0000 1.0000 0.2514 0.0169 0.0011 0.0001 1.0000 0.6941 0.0467 0.0031 0.0002 1.0000 1.0000 0.1290 0.0087 0.0006 0.0000 1.0000 0.3561 0.0240 0.0016 0.0001 1.0000 0.9830 0.0662 0.0045 0.0003 1.0000 1.0000 0.1826 0.0123 0.0008 0.0001 1.0000 0.5062 0.0341 0.0023 0.0002 1.0000 1.0000 0.0962 0.0065 0.0004 1.0000 1.0000 0.2916 0.0203 0.0014
0.0205 0.3018 1.0000 1.0000 0.0005 0.0065 0.0957 1.0000 1.0000 0.0002 0.0022 0.0331 0.4910 1.0000 0.0001 0.0008 0.0119 0.1762 1.0000 1.0000 0.0003 0.0043 0.0637 0.9463 1.0000 0.0001 0.0016 0.0231 0.3428 1.0000 1.0000 0.0006 0.0084 0.1241 1.0000 1.0000 0.0002 0.0030 0.0450 0.6682 1.0000 0.0001 0.0011 0.0163 0.2420 1.0000 1.0000 0.0004 0.0056 0.0695 0.3629 0.0695 0.0056 0.0004 1.0000 1.0000 0.2420 0.0163 0.0011 0.0001 1.0000 0.6682 0.0450 0.0030 0.0002 1.0000 1.0000 0.1241 0.0084 0.0006 1.0000 1.0000 0.3428 0.0231 0.0016 0.0001 1.0000 0.9463 0.0637 0.0043 0.0003 1.0000 1.0000 0.1762 0.0119 0.0008 0.0001 1.0000 0.4910 0.0331 0.0022 0.0002 1.0000 1.0000 0.0957 0.0065 0.0005 1.0000 1.0000 0.3018 0.0205
0.3046 1.0000 1.0000 0.0005 0.0066 0.0962 1.0000 1.0000 0.0001 0.0022 0.0324 0.4772 1.0000 0.0001 0.0008 0.0115 0.1699 1.0000 1.0000 0.0003 0.0041 0.0613 0.9110 1.0000 0.0001 0.0015 0.0222 0.3300 1.0000 1.0000 0.0005 0.0080 0.1195 1.0000 1.0000 0.0002 0.0029 0.0433 0.6433 1.0000 0.0001 0.0011 0.0157 0.2330 1.0000 1.0000 0.0004 0.0056 0.0800 0.9943 1.0000 0.9943 0.0800 0.0056 0.0004 1.0000 1.0000 0.2330 0.0157 0.0011 0.0001 1.0000 0.6433 0.0433 0.0029 0.0002 1.0000 1.0000 0.1195 0.0080 0.0005 1.0000 1.0000 0.3300 0.0222 0.0015 0.0001 1.0000 0.9110 0.0613 0.0041 0.0003 1.0000 1.0000 0.1699 0.0115 0.0008 0.0001 1.0000 0.4772 0.0324 0.0022 0.0001 1.0000 1.0000 0.0962 0.0066 0.0005 1.0000 1.0000 0.3046
1.0000 1.0000 0.0005 0.0068 0.0983 1.0000 1.0000 0.0001 0.0022 0.0319 0.4691 1.0000 0.0001 0.0008 0.0111 0.1648 1.0000 1.0000 0.0003 0.0040 0.0591 0.8770 1.0000 0.0001 0.0014 0.0214 0.3177 1.0000 1.0000 0.0005 0.0077 0.1151 1.0000 1.0000 0.0002 0.0028 0.0417 0.6192 1.0000 0.0001 0.0010 0.0151 0.2243 1.0000 1.0000 0.0004 0.0055 0.0803 1.0000 1.0000 1.0000 1.0000 1.0000 0.0803 0.0055 0.0004 1.0000 1.0000 0.2243 0.0151 0.0010 0.0001 1.0000 0.6192 0.0417 0.0028 0.0002 1.0000 1.0000 0.1151 0.0077 0.0005 1.0000 1.0000 0.3177 0.0214 0.0014 0.0001 1.0000 0.8770 0.0591 0.0040 0.0003 1.0000 1.0000 0.1648 0.0111 0.0008 0.0001 1.0000 0.4691 0.0319 0.0022 0.0001 1.0000 1.0000 0.0983 0.0068 0.0005 1.0000 1.0000
1.0000 0.0005 0.0071 0.1015 1.0000 1.0000 0.0002 0.0022 0.0319 0.4664 1.0000 0.0001 0.0007 0.0108 0.1602 1.0000 1.0000 0.0003 0.0038 0.0570 0.8459 1.0000 0.0001 0.0014 0.0206 0.3058 1.0000 1.0000 0.0005 0.0075 0.1108 1.0000 1.0000 0.0002 0.0027 0.0401 0.5961 1.0000 0.0001 0.0010 0.0145 0.2159 1.0000 1.0000 0.0004 0.0053 0.0781 1.0000 1.0000 0.0001 0.0005 0.0001 1.0000 1.0000 0.0781 0.0053 0.0004 1.0000 1.0000 0.2159 0.0145 0.0010 0.0001 1.0000 0.5961 0.0401 0.0027 0.0002 1.0000 1.0000 0.1108 0.0075 0.0005 1.0000 1.0000 0.3058 0.0206 0.0014 0.0001 1.0000 0.8459 0.0570 0.0038 0.0003 1.0000 1.0000 0.1602 0.0108 0.0007 0.0001 1.0000 0.4664 0.0319 0.0022 0.0002 1.0000 1.0000 0.1015 0.0071 0.0005 1.0000
0.0005 0.0073 0.1052 1.0000 1.0000 0.0002 0.0022 0.0324 0.4691 1.0000 0.0000 0.0007 0.0107 0.1569 1.0000 1.0000 0.0003 0.0037 0.0552 0.8190 1.0000 0.0001 0.0013 0.0198 0.2944 1.0000 1.0000 0.0005 0.0072 0.1066 1.0000 1.0000 0.0002 0.0026 0.0386 0.5739 1.0000 0.0001 0.0009 0.0140 0.2079 1.0000 1.0000 0.0003 0.0051 0.0753 1.0000 1.0000 0.0001 0.0015 0.0076 0.0015 0.0001 1.0000 1.0000 0.0753 0.0051 0.0003 1.0000 1.0000 0.2079 0.0140 0.0009 0.0001 1.0000 0.5739 0.0386 0.0026 0.0002 1.0000 1.0000 0.1066 0.0072 0.0005 1.0000 1.0000 0.2944 0.0198 0.0013 0.0001 1.0000 0.8190 0.0552 0.0037 0.0003 1.0000 1.0000 0.1569 0.0107 0.0007 0.0000 1.0000 0.4691 0.0324 0.0022 0.0002 1.0000 1.0000 0.1052 0.0073 0.0005
0.0074 0.1091 1.0000 1.0000 0.0002 0.0023 0.0331 0.4772 1.0000 0.0001 0.0007 0.0106 0.1551 1.0000 1.0000 0.0002 0.0036 0.0538 0.7944 1.0000 0.0001 0.0013 0.0191 0.2839 1.0000 1.0000 0.0005 0.0069 0.1026 1.0000 1.0000 0.0002 0.0025 0.0372 0.5525 1.0000 0.0001 0.0009 0.0135 0.2001 1.0000 1.0000 0.0003 0.0049 0.0725 1.0000 1.0000 0.0001 0.0017 0.0208 0.1087 0.0208 0.0017 0.0001 1.0000 1.0000 0.0725 0.0049 0.0003 1.0000 1.0000 0.2001 0.0135 0.0009 0.0001 1.0000 0.5525 0.0372 0.0025 0.0002 1.0000 1.0000 0.1026 0.0069 0.0005 1.0000 1.0000 0.2839 0.0191 0.0013 0.0001 1.0000 0.7944 0.0538 0.0036 0.0002 1.0000 1.0000 0.1551 0.0106 0.0007 0.0001 1.0000 0.4772 0.0331 0.0023 0.0002 1.0000 1.0000 0.1091 0.0074
0.1103 1.0000 1.0000 0.0002 0.0024 0.0341 0.4910 1.0000 0.0001 0.0007 0.0107 0.1551 1.0000 1.0000 0.0002 0.0036 0.0526 0.7750 1.0000 0.0001 0.0013 0.0185 0.2749 1.0000 1.0000 0.0004 0.0066 0.0988 1.0000 1.0000 0.0002 0.0024 0.0358 0.5318 1.0000 0.0001 0.0009 0.0130 0.1926 1.0000 1.0000 0.0003 0.0047 0.0698 1.0000 1.0000 0.0001 0.0017 0.0240 0.2978 1.0000 0.2978 0.0240 0.0017 0.0001 1.0000 1.0000 0.0698 0.0047 0.0003 1.0000 1.0000 0.1926 0.0130 0.0009 0.0001 1.0000 0.5318 0.0358 0.0024 0.0002 1.0000 1.0000 0.0988 0.0066 0.0004 1.0000 1.0000 0.2749 0.0185 0.0013 0.0001 1.0000 0.7750 0.0526 0.0036 0.0002 1.0000 1.0000 0.1551 0.0107 0.0007 0.0001 1.0000 0.4910 0.0341 0.0024 0.0002 1.0000 1.0000 0.1103
1.0000 1.0000 0.0002 0.0025 0.0353 0.5062 1.0000 0.0001 0.0008 0.0108 0.1569 1.0000 1.0000 0.0002 0.0035 0.0518 0.7604 1.0000 0.0001 0.0012 0.0180 0.2667 1.0000 1.0000 0.0004 0.0064 0.0953 1.0000 1.0000 0.0002 0.0023 0.0345 0.5120 1.0000 0.0001 0.0008 0.0125 0.1854 1.0000 1.0000 0.0003 0.0045 0.0672 0.9981 1.0000 0.0001 0.0016 0.0241 0.3428 1.0000 1.0000 1.0000 0.3428 0.0241 0.0016 0.0001 1.0000 0.9981 0.0672 0.0045 0.0003 1.0000 1.0000 0.1854 0.0125 0.0008 0.0001 1.0000 0.5120 0.0345 0.0023 0.0002 1.0000 1.0000 0.0953 0.0064 0.0004 1.0000 1.0000 0.2667 0.0180 0.0012 0.0001 1.0000 0.7604 0.0518 0.0035 0.0002 1.0000 1.0000 0.1569 0.0108 0.0008 0.0001 1.0000 0.5062 0.0353 0.0025 0.0002 1.0000 1.0000
1.0000 0.0002 0.0026 0.0366 0.5248 1.0000 0.0001 0.0008 0.0111 0.1602 1.0000 1.0000 0.0002 0.0035 0.0516 0.7532 1.0000 0.0001 0.0012 0.0176 0.2597 1.0000 1.0000 0.0004 0.0062 0.0921 1.0000 1.0000 0.0002 0.0022 0.0332 0.4929 1.0000 0.0001 0.0008 0.0120 0.1785 1.0000 1.0000 0.0003 0.0044 0.0647 0.9608 1.0000 0.0001 0.0016 0.0234 0.3441 1.0000 1.0000 0.0002 1.0000 1.0000 0.3441 0.0234 0.0016 0.0001 1.0000 0.9608 0.0647 0.0044 0.0003 1.0000 1.0000 0.1785 0.0120 0.0008 0.0001 1.0000 0.4929 0.0332 0.0022 0.0002 1.0000 1.0000 0.0921 0.0062 0.0004 1.0000 1.0000 0.2597 0.0176 0.0012 0.0001 1.0000 0.7532 0.0516 0.0035 0.0002 1.0000 1.0000 0.1602 0.0111 0.0008 0.0001 1.0000 0.5248 0.0366 0.0026 0.0002 1.0000
0.0002 0.0027 0.0380 0.5441 1.0000 0.0001 0.0008 0.0115 0.1648 1.0000 1.0000 0.0002 0.0036 0.0518 0.7532 1.0000 0.0001 0.0012 0.0173 0.2548 1.0000 1.0000 0.0004 0.0060 0.0893 1.0000 1.0000 0.0001 0.0022 0.0320 0.4745 1.0000 0.0001 0.0008 0.0116 0.1719 1.0000 1.0000 0.0003 0.0042 0.0622 0.9250 1.0000 0.0001 0.0015 0.0225 0.3344 1.0000 1.0000 0.0004 0.0023 0.0004 1.0000 1.0000 0.3344 0.0225 0.0015 0.0001 1.0000 0.9250 0.0622 0.0042 0.0003 1.0000 1.0000 0.1719 0.0116 0.0008 0.0001 1.0000 0.4745 0.0320 0.0022 0.0001 1.0000 1.0000 0.0893 0.0060 0.0004 1.0000 1.0000 0.2548 0.0173 0.0012 0.0001 1.0000 0.7532 0.0518 0.0036 0.0002 1.0000 1.0000 0.1648 0.0115 0.0008 0.0001 1.0000 0.5441 0.0380 0.0027 0.0002
0.0027 0.0395 0.5652 1.0000 0.0001 0.0008 0.0119 0.1699 1.0000 1.0000 0.0003 0.0036 0.0526 0.7604 1.0000 0.0001 0.0012 0.0171 0.2514 1.0000 1.0000 0.0004 0.0059 0.0870 1.0000 1.0000 0.0001 0.0021 0.0309 0.4577 1.0000 0.0001 0.0007 0.0111 0.1654 1.0000 1.0000 0.0003 0.0040 0.0599 0.8905 1.0000 0.0001 0.0015 0.0217 0.3225 1.0000 1.0000 0.0005 0.0062 0.0325 0.0062 0.0005 1.0000 1.0000 0.3225 0.0217 0.0015 0.0001 1.0000 0.8905 0.0599 0.0040 0.0003 1.0000 1.0000 0.1654 0.0111 0.0007 0.0001 1.0000 0.4577 0.0309 0.0021 0.0001 1.0000 1.0000 0.0870 0.0059 0.0004 1.0000 1.0000 0.2514 0.0171 0.0012 0.0001 1.0000 0.7604 0.0526 0.0036 0.0003 1.0000 1.0000 0.1699 0.0119 0.0008 0.0001 1.0000 0.5652 0.0395 0.0027
0.0400 0.5871 1.0000 0.0001 0.0009 0.0123 0.1762 1.0000 1.0000 0.0003 0.0037 0.0538 0.7750 1.0000 0.0001 0.0012 0.0171 0.2504 1.0000 1.0000 0.0004 0.0058 0.0850 1.0000 1.0000 0.0001 0.0020 0.0300 0.4431 1.0000 0.0000 0.0007 0.0107 0.1593 1.0000 1.0000 0.0003 0.0039 0.0577 0.8572 1.0000 0.0001 0.0014 0.0209 0.3105 1.0000 1.0000 0.0005 0.0072 0.0892 0.4656 0.0892 0.0072 0.0005 1.0000 1.0000 0.3105 0.0209 0.0014 0.0001 1.0000 0.8572 0.0577 0.0039 0.0003 1.0000 1.0000 0.1593 0.0107 0.0007 0.0000 1.0000 0.4431 0.0300 0.0020 0.0001 1.0000 1.0000 0.0850 0.0058 0.0004 1.0000 1.0000 0.2504 0.0171 0.0012 0.0001 1.0000 0.7750 0.0538 0.0037 0.0003 1.0000 1.0000 0.1762 0.0123 0.0009 0.0001 1.0000 0.5871 0.0400
0.5939 1.0000 0.0001 0.0009 0.0128 0.1826 1.0000 1.0000 0.0003 0.0038 0.0552 0.7944 1.0000 0.0001 0.0012 0.0173 0.2514 1.0000 1.0000 0.0004 0.0057 0.0837 1.0000 1.0000 0.0001 0.0020 0.0291 0.4306 1.0000 0.0000 0.0007 0.0104 0.1536 1.0000 1.0000 0.0003 0.0037 0.0555 0.8252 1.0000 0.0001 0.0014 0.0201 0.2989 1.0000 1.0000 0.0005 0.0072 0.1026 1.0000 1.0000 1.0000 0.1026 0.0072 0.0005 1.0000 1.0000 0.2989 0.0201 0.0014 0.0001 1.0000 0.8252 0.0555 0.0037 0.0003 1.0000 1.0000 0.1536 0.0104 0.0007 0.0000 1.0000 0.4306 0.0291 0.0020 0.0001 1.0000 1.0000 0.0837 0.0057 0.0004 1.0000 1.0000 0.2514 0.0173 0.0012 0.0001 1.0000 0.7944 0.0552 0.0038 0.0003 1.0000 1.0000 0.1826 0.0128 0.0009 0.0001 1.0000 0.5939
1.0000 0.0001 0.0009 0.0133 0.1897 1.0000 1.0000 0.0003 0.0040 0.0570 0.8190 1.0000 0.0001 0.0012 0.0176 0.2548 1.0000 1.0000 0.0004 0.0057 0.0831 1.0000 1.0000 0.0001 0.0019 0.0284 0.4201 1.0000 0.0000 0.0007 0.0100 0.1487 1.0000 1.0000 0.0002 0.0036 0.0535 0.7944 1.0000 0.0001 0.0013 0.0194 0.2877 1.0000 1.0000 0.0005 0.0070 0.1030 1.0000 1.0000 0.0000 1.0000 1.0000 0.1030 0.0070 0.0005 1.0000 1.0000 0.2877 0.0194 0.0013 0.0001 1.0000 0.7944 0.0535 0.0036 0.0002 1.0000 1.0000 0.1487 0.0100 0.0007 0.0000 1.0000 0.4201 0.0284 0.0019 0.0001 1.0000 1.0000 0.0831 0.0057 0.0004 1.0000 1.0000 0.2548 0.0176 0.0012 0.0001 1.0000 0.8190 0.0570 0.0040 0.0003 1.0000 1.0000 0.1897 0.0133 0.0009 0.0001 1.0000
0.0001 0.0010 0.0138 0.1971 1.0000 1.0000 0.0003 0.0041 0.0591 0.8459 1.0000 0.0001 0.0013 0.0180 0.2597 1.0000 1.0000 0.0004 0.0057 0.0831 1.0000 1.0000 0.0001 0.0019 0.0279 0.4106 1.0000 0.0000 0.0007 0.0097 0.1443 1.0000 1.0000 0.0002 0.0035 0.0516 0.7648 1.0000 0.0001 0.0013 0.0186 0.2770 1.0000 1.0000 0.0005 0.0068 0.1001 1.0000 1.0000 0.0001 0.0007 0.0001 1.0000 1.0000 0.1001 0.0068 0.0005 1.0000 1.0000 0.2770 0.0186 0.0013 0.0001 1.0000 0.7648 0.0516 0.0035 0.0002 1.0000 1.0000 0.1443 0.0097 0.0007 0.0000 1.0000 0.4106 0.0279 0.0019 0.0001 1.0000 1.0000 0.0831 0.0057 0.0004 1.0000 1.0000 0.2597 0.0180 0.0013 0.0001 1.0000 0.8459 0.0591 0.0041 0.0003 1.0000 1.0000 0.1971 0.0138 0.0010 0.0001
0.0010 0.0143 0.2047 1.0000 1.0000 0.0003 0.0043 0.0613 0.8770 1.0000 0.0001 0.0013 0.0185 0.2667 1.0000 1.0000 0.0004 0.0058 0.0837 1.0000 1.0000 0.0001 0.0019 0.0276 0.4044 1.0000 0.0000 0.0006 0.0095 0.1405 1.0000 1.0000 0.0002 0.0034 0.0498 0.7376 1.0000 0.0001 0.0012 0.0179 0.2667 1.0000 1.0000 0.0004 0.0065 0.0966 1.0000 1.0000 0.0002 0.0019 0.0097 0.0019 0.0002 1.0000 1.0000 0.0966 0.0065 0.0004 1.0000 1.0000 0.2667 0.0179 0.0012 0.0001 1.0000 0.7376 0.0498 0.0034 0.0002 1.0000 1.0000 0.1405 0.0095 0.0006 0.0000 1.0000 0.4044 0.0276 0.0019 0.0001 1.0000 1.0000 0.0837 0.0058 0.0004 1.0000 1.0000 0.2667 0.0185 0.0013 0.0001 1.0000 0.8770 0.0613 0.0043 0.0003 1.0000 1.0000 0.2047 0.0143 0.0010
0.0145 0.2127 1.0000 1.0000 0.0003 0.0045 0.0637 0.9110 1.0000 0.0001 0.0013 0.0191 0.2749 1.0000 1.0000 0.0004 0.0059 0.0850 1.0000 1.0000 0.0001 0.0019 0.0275 0.4014 1.0000 0.0000 0.0006 0.0093 0.1373 1.0000 1.0000 0.0002 0.0033 0.0483 0.7142 1.0000 0.0001 0.0012 0.0173 0.2567 1.0000 1.0000 0.0004 0.0063 0.0930 1.0000 1.0000 0.0002 0.0021 0.0267 0.1394 0.0267 0.0021 0.0002 1.0000 1.0000 0.0930 0.0063 0.0004 1.0000 1.0000 0.2567 0.0173 0.0012 0.0001 1.0000 0.7142 0.0483 0.0033 0.0002 1.0000 1.0000 0.1373 0.0093 0.0006 0.0000 1.0000 0.4014 0.0275 0.0019 0.0001 1.0000 1.0000 0.0850 0.0059 0.0004 1.0000 1.0000 0.2749 0.0191 0.0013 0.0001 1.0000 0.9110 0.0637 0.0045 0.0003 1.0000 1.0000 0.2127 0.0145
0.2151 1.0000 1.0000 0.0003 0.0046 0.0662 0.9463 1.0000 0.0001 0.0014 0.0198 0.2839 1.0000 1.0000 0.0004 0.0060 0.0870 1.0000 1.0000 0.0001 0.0019 0.0276 0.4014 1.0000 0.0000 0.0006 0.0092 0.1347 1.0000 1.0000 0.0002 0.0032 0.0471 0.6941 1.0000 0.0001 0.0011 0.0167 0.2476 1.0000 1.0000 0.0004 0.0060 0.0895 1.0000 1.0000 0.0001 0.0022 0.0307 0.3820 1.0000 0.3820 0.0307 0.0022 0.0001 1.0000 1.0000 0.0895 0.0060 0.0004 1.0000 1.0000 0.2476 0.0167 0.0011 0.0001 1.0000 0.6941 0.0471 0.0032 0.0002 1.0000 1.0000 0.1347 0.0092 0.0006 0.0000 1.0000 0.4014 0.0276 0.0019 0.0001 1.0000 1.0000 0.0870 0.0060 0.0004 1.0000 1.0000 0.2839 0.0198 0.0014 0.0001 1.0000 0.9463 0.0662 0.0046 0.0003 1.0000 1.0000 0.2151
1.0000 1.0000 0.0003 0.0048 0.0687 0.9830 1.0000 0.0001 0.0014 0.0206 0.2944 1.0000 1.0000 0.0004 0.0062 0.0893 1.0000 1.0000 0.0001 0.0019 0.0279 0.4044 1.0000 0.0000 0.0006 0.0091 0.1332 1.0000 1.0000 0.0002 0.0031 0.0459 0.6771 1.0000 0.0001 0.0011 0.0162 0.2397 1.0000 1.0000 0.0004 0.0058 0.0862 1.0000 1.0000 0.0001 0.0021 0.0309 0.4397 1.0000 1.0000 1.0000 0.4397 0.0309 0.0021 0.0001 1.0000 1.0000 0.0862 0.0058 0.0004 1.0000 1.0000 0.2397 0.0162 0.0011 0.0001 1.0000 0.6771 0.0459 0.0031 0.0002 1.0000 1.0000 0.1332 0.0091 0.0006 0.0000 1.0000 0.4044 0.0279 0.0019 0.0001 1.0000 1.0000 0.0893 0.0062 0.0004 1.0000 1.0000 0.2944 0.0206 0.0014 0.0001 1.0000 0.9830 0.0687 0.0048 0.0003 1.0000 1.0000
1.0000 0.0003 0.0050 0.0714 1.0000 1.0000 0.0001 0.0015 0.0214 0.3058 1.0000 1.0000 0.0004 0.0064 0.0921 1.0000 1.0000 0.0001 0.0020 0.0284 0.4106 1.0000 0.0000 0.0006 0.0091 0.1327 1.0000 1.0000 0.0002 0.0031 0.0450 0.6631 1.0000 0.0001 0.0011 0.0157 0.2325 1.0000 1.0000 0.0004 0.0056 0.0831 1.0000 1.0000 0.0001 0.0020 0.0300 0.4414 1.0000 0.0000 0.0002 0.0000 1.0000 0.4414 0.0300 0.0020 0.0001 1.0000 1.0000 0.0831 0.0056 0.0004 1.0000 1.0000 0.2325 0.0157 0.0011 0.0001 1.0000 0.6631 0.0450 0.0031 0.0002 1.0000 1.0000 0.1327 0.0091 0.0006 0.0000 1.0000 0.4106 0.0284 0.0020 0.0001 1.0000 1.0000 0.0921 0.0064 0.0004 1.0000 1.0000 0.3058 0.0214 0.0015 0.0001 1.0000 1.0000 0.0714 0.0050 0.0003 1.0000
0.0004 0.0052 0.0741 1.0000 1.0000 0.0001 0.0016 0.0222 0.3177 1.0000 1.0000 0.0005 0.0066 0.0953 1.0000 1.0000 0.0001 0.0020 0.0291 0.4201 1.0000 0.0000 0.0006 0.0092 0.1332 1.0000 1.0000 0.0002 0.0030 0.0443 0.6506 1.0000 0.0001 0.0010 0.0153 0.2264 1.0000 1.0000 0.0004 0.0054 0.0803 1.0000 1.0000 0.0001 0.0019 0.0289 0.4290 1.0000 0.0000 0.0006 0.0029 0.0006 0.0000 1.0000 0.4290 0.0289 0.0019 0.0001 1.0000 1.0000 0.0803 0.0054 0.0004 1.0000 1.0000 0.2264 0.0153 0.0010 0.0001 1.0000 0.6506 0.0443 0.0030 0.0002 1.0000 1.0000 0.1332 0.0092 0.0006 0.0000 1.0000 0.4201 0.0291 0.0020 0.0001 1.0000 1.0000 0.0953 0.0066 0.0005 1.0000 1.0000 0.3177 0.0222 0.0016 0.0001 1.0000 1.0000 0.0741 0.0052 0.0004
0.0052 0.0770 1.0000 1.0000 0.0001 0.0016 0.0231 0.3300 1.0000 1.0000 0.0005 0.0069 0.0988 1.0000 1.0000 0.0001 0.0021 0.0300 0.4306 1.0000 0.0000 0.0006 0.0093 0.1347 1.0000 1.0000 0.0002 0.0030 0.0440 0.6433 1.0000 0.0001 0.0010 0.0150 0.2213 1.0000 1.0000 0.0004 0.0053 0.0779 1.0000 1.0000 0.0001 0.0019 0.0278 0.4138 1.0000 0.0000 0.0006 0.0080 0.0418 0.0080 0.0006 0.0000 1.0000 0.4138 0.0278 0.0019 0.0001 1.0000 1.0000 0.0779 0.0053 0.0004 1.0000 1.0000 0.2213 0.0150 0.0010 0.0001 1.0000 0.6433 0.0440 0.0030 0.0002 1.0000 1.0000 0.1347 0.0093 0.0006 0.0000 1.0000 0.4306 0.0300 0.0021 0.0001 1.0000 1.0000 0.0988 0.0069 0.0005 1.0000 1.0000 0.3300 0.0231 0.0016 0.0001 1.0000 1.0000 0.0770 0.0052
0.0779 1.0000 1.0000 0.0001 0.0017 0.0240 0.3428 1.0000 1.0000 0.0005 0.0072 0.1026 1.0000 1.0000 0.0002 0.0022 0.0309 0.4431 1.0000 0.0000 0.0007 0.0095 0.1373 1.0000 1.0000 0.0002 0.0030 0.0440 0.6408 1.0000 0.0001 0.0010 0.0148 0.2172 1.0000 1.0000 0.0003 0.0051 0.0759 1.0000 1.0000 0.0001 0.0018 0.0269 0.3991 1.0000 0.0000 0.0006 0.0092 0.1144 0.5973 0.1144 0.0092 0.0006 0.0000 1.0000 0.3991 0.0269 0.0018 0.0001 1.0000 1.0000 0.0759 0.0051 0.0003 1.0000 1.0000 0.2172 0.0148 0.0010 0.0001 1.0000 0.6408 0.0440 0.0030 0.0002 1.0000 1.0000 0.1373 0.0095 0.0007 0.0000 1.0000 0.4431 0.0309 0.0022 0.0002 1.0000 1.0000 0.1026 0.0072 0.0005 1.0000 1.0000 0.3428 0.0240 0.0017 0.0001 1.0000 1.0000 0.0779
1.0000 1.0000 0.0001 0.0017 0.0249 0.3561 1.0000 1.0000 0.0005 0.0075 0.1066 1.0000 1.0000 0.0002 0.0022 0.0320 0.4577 1.0000 0.0000 0.0007 0.0097 0.1405 1.0000 1.0000 0.0002 0.0031 0.0443 0.6433 1.0000 0.0001 0.0010 0.0146 0.2139 1.0000 1.0000 0.0003 0.0050 0.0740 1.0000 1.0000 0.0001 0.0018 0.0260 0.3857 1.0000 0.0000 0.0006 0.0092 0.1317 1.0000 1.0000 1.0000 0.1317 0.0092 0.0006 0.0000 1.0000 0.3857 0.0260 0.0018 0.0001 1.0000 1.0000 0.0740 0.0050 0.0003 1.0000 1.0000 0.2139 0.0146 0.0010 0.0001 1.0000 0.6433 0.0443 0.0031 0.0002 1.0000 1.0000 0.1405 0.0097 0.0007 0.0000 1.0000 0.4577 0.0320 0.0022 0.0002 1.0000 1.0000 0.1066 0.0075 0.0005 1.0000 1.0000 0.3561 0.0249 0.0017 0.0001 1.0000 1.0000
1.0000 0.0001 0.0018 0.0259 0.3699 1.0000 1.0000 0.0005 0.0077 0.1108 1.0000 1.0000 0.0002 0.0023 0.0332 0.4745 1.0000 0.0000 0.0007 0.0100 0.1443 1.0000 1.0000 0.0002 0.0031 0.0450 0.6506 1.0000 0.0001 0.0010 0.0145 0.2123 1.0000 1.0000 0.0003 0.0049 0.0725 1.0000 1.0000 0.0001 0.0017 0.0253 0.3741 1.0000 0.0000 0.0006 0.0090 0.1324 1.0000 1.0000 0.0001 1.0000 1.0000 0.1324 0.0090 0.0006 0.0000 1.0000 0.3741 0.0253 0.0017 0.0001 1.0000 1.0000 0.0725 0.0049 0.0003 1.0000 1.0000 0.2123 0.0145 0.0010 0.0001 1.0000 0.6506 0.0450 0.0031 0.0002 1.0000 1.0000 0.1443 0.0100 0.0007 0.0000 1.0000 0.4745 0.0332 0.0023 0.0002 1.0000 1.0000 0.1108 0.0077 0.0005 1.0000 1.0000 0.3699 0.0259 0.0018 0.0001 1.0000
0.0001 0.0019 0.0269 0.3842 1.0000 0.0000 0.0006 0.0080 0.1151 1.0000 1.0000 0.0002 0.0024 0.0345 0.4929 1.0000 0.0001 0.0007 0.0104 0.1487 1.0000 1.0000 0.0002 0.0032 0.0459 0.6631 1.0000 0.0001 0.0010 0.0146 0.2123 1.0000 1.0000 0.0003 0.0048 0.0712 1.0000 1.0000 0.0001 0.0017 0.0247 0.3643 1.0000 0.0000 0.0006 0.0087 0.1292 1.0000 1.0000 0.0002 0.0009 0.0002 1.0000 1.0000 0.1292 0.0087 0.0006 0.0000 1.0000 0.3643 0.0247 0.0017 0.0001 1.0000 1.0000 0.0712 0.0048 0.0003 1.0000 1.0000 0.2123 0.0146 0.0010 0.0001 1.0000 0.6631 0.0459 0.0032 0.0002 1.0000 1.0000 0.1487 0.0104 0.0007 0.0001 1.0000 0.4929 0.0345 0.0024 0.0002 1.0000 1.0000 0.1151 0.0080 0.0006 0.0000 1.0000 0.3842 0.0269 0.0019 0.0001
0.0019 0.0279 0.3991 1.0000 0.0000 0.0006 0.0084 0.1195 1.0000 1.0000 0.0002 0.0025 0.0358 0.5120 1.0000 0.0001 0.0007 0.0107 0.1536 1.0000 1.0000 0.0002 0.0033 0.0471 0.6771 1.0000 0.0001 0.0010 0.0148 0.2139 1.0000 1.0000 0.0003 0.0048 0.0704 1.0000 1.0000 0.0001 0.0016 0.0241 0.3561 1.0000 0.0000 0.0006 0.0085 0.1256 1.0000 1.0000 0.0002 0.0024 0.0125 0.0024 0.0002 1.0000 1.0000 0.1256 0.0085 0.0006 0.0000 1.0000 0.3561 0.0241 0.0016 0.0001 1.0000 1.0000 0.0704 0.0048 0.0003 1.0000 1.0000 0.2139 0.0148 0.0010 0.0001 1.0000 0.6771 0.0471 0.0033 0.0002 1.0000 1.0000 0.1536 0.0107 0.0007 0.0001 1.0000 0.5120 0.0358 0.0025 0.0002 1.0000 1.0000 0.1195 0.0084 0.0006 0.0000 1.0000 0.3991 0.0279 0.0019
0.0282 0.4146 1.0000 0.0000 0.0006 0.0087 0.1241 1.0000 1.0000 0.0002 0.0026 0.0372 0.5318 1.0000 0.0001 0.0008 0.0111 0.1593 1.0000 1.0000 0.0002 0.0034 0.0483 0.6941 1.0000 0.0001 0.0010 0.0150 0.2172 1.0000 1.0000 0.0003 0.0048 0.0702 1.0000 1.0000 0.0001 0.0016 0.0237 0.3493 1.0000 1.0000 0.0006 0.0083 0.1220 1.0000 1.0000 0.0002 0.0028 0.0345 0.1795 0.0345 0.0028 0.0002 1.0000 1.0000 0.1220 0.0083 0.0006 1.0000 1.0000 0.3493 0.0237 0.0016 0.0001 1.0000 1.0000 0.0702 0.0048 0.0003 1.0000 1.0000 0.2172 0.0150 0.0010 0.0001 1.0000 0.6941 0.0483 0.0034 0.0002 1.0000 1.0000 0.1593 0.0111 0.0008 0.0001 1.0000 0.5318 0.0372 0.0026 0.0002 1.0000 1.0000 0.1241 0.0087 0.0006 0.0000 1.0000 0.4146 0.0282
0.4193 1.0000 0.0000 0.0006 0.0090 0.1290 1.0000 1.0000 0.0002 0.0027 0.0386 0.5525 1.0000 0.0001 0.0008 0.0116 0.1654 1.0000 1.0000 0.0002 0.0035 0.0498 0.7142 1.0000 0.0001 0.0011 0.0153 0.2213 1.0000 1.0000 0.0003 0.0048 0.0704 1.0000 1.0000 0.0001 0.0016 0.0234 0.3441 1.0000 1.0000 0.0005 0.0081 0.1191 1.0000 1.0000 0.0002 0.0028 0.0397 0.4938 1.0000 0.4938 0.0397 0.0028 0.0002 1.0000 1.0000 0.1191 0.0081 0.0005 1.0000 1.0000 0.3441 0.0234 0.0016 0.0001 1.0000 1.0000 0.0704 0.0048 0.0003 1.0000 1.0000 0.2213 0.0153 0.0011 0.0001 1.0000 0.7142 0.0498 0.0035 0.0002 1.0000 1.0000 0.1654 0.0116 0.0008 0.0001 1.0000 0.5525 0.0386 0.0027 0.0002 1.0000 1.0000 0.1290 0.0090 0.0006 0.0000 1.0000 0.4193
1.0000 0.0000 0.0007 0.0094 0.1340 1.0000 1.0000 0.0002 0.0028 0.0401 0.5739 1.0000 0.0001 0.0008 0.0120 0.1719 1.0000 1.0000 0.0003 0.0036 0.0516 0.7376 1.0000 0.0001 0.0011 0.0157 0.2264 1.0000 1.0000 0.0003 0.0049 0.0712 1.0000 1.0000 0.0001 0.0016 0.0232 0.3402 1.0000 1.0000 0.0005 0.0079 0.1166 1.0000 1.0000 0.0002 0.0028 0.0403 0.5717 1.0000 1.0000 1.0000 0.5717 0.0403 0.0028 0.0002 1.0000 1.0000 0.1166 0.0079 0.0005 1.0000 1.0000 0.3402 0.0232 0.0016 0.0001 1.0000 1.0000 0.0712 0.0049 0.0003 1.0000 1.0000 0.2264 0.0157 0.0011 0.0001 1.0000 0.7376 0.0516 0.0036 0.0003 1.0000 1.0000 0.1719 0.0120 0.0008 0.0001 1.0000 0.5739 0.0401 0.0028 0.0002 1.0000 1.0000 0.1340 0.0094 0.0007 0.0000 1.0000
0.0000 0.0007 0.0097 0.1392 1.0000 1.0000 0.0002 0.0029 0.0417 0.5961 1.0000 0.0001 0.0009 0.0125 0.1785 1.0000 1.0000 0.0003 0.0037 0.0535 0.7648 1.0000 0.0001 0.0011 0.0162 0.2325 1.0000 1.0000 0.0003 0.0050 0.0725 1.0000 1.0000 0.0001 0.0016 0.0232 0.3389 1.0000 1.0000 0.0005 0.0078 0.1146 1.0000 1.0000 0.0002 0.0027 0.0397 0.5805 1.0000 0.0001 0.0003 0.0001 1.0000 0.5805 0.0397 0.0027 0.0002 1.0000 1.0000 0.1146 0.0078 0.0005 1.0000 1.0000 0.3389 0.0232 0.0016 0.0001 1.0000 1.0000 0.0725 0.0050 0.0003 1.0000 1.0000 0.2325 0.0162 0.0011 0.0001 1.0000 0.7648 0.0535 0.0037 0.0003 1.0000 1.0000 0.1785 0.0125 0.0009 0.0001 1.0000 0.5961 0.0417 0.0029 0.0002 1.0000 1.0000 0.1392 0.0097 0.0007 0.0000
0.0007 0.0101 0.1445 1.0000 1.0000 0.0002 0.0030 0.0433 0.6192 1.0000 0.0001 0.0009 0.0130 0.1854 1.0000 1.0000 0.0003 0.0039 0.0555 0.7944 1.0000 0.0001 0.0012 0.0167 0.2397 1.0000 1.0000 0.0004 0.0051 0.0740 1.0000 1.0000 0.0001 0.0016 0.0234 0.3402 1.0000 1.0000 0.0005 0.0077 0.1131 1.0000 1.0000 0.0002 0.0026 0.0389 0.5728 1.0000 0.0001 0.0007 0.0038 0.0007 0.0001 1.0000 0.5728 0.0389 0.0026 0.0002 1.0000 1.0000 0.1131 0.0077 0.0005 1.0000 1.0000 0.3402 0.0234 0.0016 0.0001 1.0000 1.0000 0.0740 0.0051 0.0004 1.0000 1.0000 0.2397 0.0167 0.0012 0.0001 1.0000 0.7944 0.0555 0.0039 0.0003 1.0000 1.0000 0.1854 0.0130 0.0009 0.0001 1.0000 0.6192 0.0433 0.0030 0.0002 1.0000 1.0000 0.1445 0.0101 0.0007
0.0102 0.1502 1.0000 1.0000 0.0002 0.0031 0.0450 0.6433 1.0000 0.0001 0.0009 0.0135 0.1926 1.0000 1.0000 0.0003 0.0040 0.0577 0.8252 1.0000 0.0001 0.0012 0.0173 0.2476 1.0000 1.0000 0.0004 0.0053 0.0759 1.0000 1.0000 0.0001 0.0016 0.0237 0.3441 1.0000 1.0000 0.0005 0.0077 0.1122 1.0000 1.0000 0.0002 0.0026 0.0383 0.5631 1.0000 0.0001 0.0009 0.0106 0.0549 0.0106 0.0009 0.0001 1.0000 0.5631 0.0383 0.0026 0.0002 1.0000 1.0000 0.1122 0.0077 0.0005 1.0000 1.0000 0.3441 0.0237 0.0016 0.0001 1.0000 1.0000 0.0759 0.0053 0.0004 1.0000 1.0000 0.2476 0.0173 0.0012 0.0001 1.0000 0.8252 0.0577 0.0040 0.0003 1.0000 1.0000 0.1926 0.0135 0.0009 0.0001 1.0000 0.6433 0.0450 0.0031 0.0002 1.0000 1.0000 0.1502 0.0102
0.1519 1.0000 1.0000 0.0002 0.0033 0.0467 0.6682 1.0000 0.0001 0.0010 0.0140 0.2001 1.0000 1.0000 0.0003 0.0042 0.0599 0.8572 1.0000 0.0001 0.0013 0.0179 0.2567 1.0000 1.0000 0.0004 0.0054 0.0779 1.0000 1.0000 0.0001 0.0017 0.0241 0.3493 1.0000 1.0000 0.0005 0.0077 0.1122 1.0000 1.0000 0.0002 0.0026 0.0377 0.5535 1.0000 0.0001 0.0009 0.0123 0.1522 0.7914 0.1522 0.0123 0.0009 0.0001 1.0000 0.5535 0.0377 0.0026 0.0002 1.0000 1.0000 0.1122 0.0077 0.0005 1.0000 1.0000 0.3493 0.0241 0.0017 0.0001 1.0000 1.0000 0.0779 0.0054 0.0004 1.0000 1.0000 0.2567 0.0179 0.0013 0.0001 1.0000 0.8572 0.0599 0.0042 0.0003 1.0000 1.0000 0.2001 0.0140 0.0010 0.0001 1.0000 0.6682 0.0467 0.0033 0.0002 1.0000 1.0000 0.1519
1.0000 1.0000 0.0002 0.0034 0.0485 0.6941 1.0000 0.0001 0.0010 0.0145 0.2079 1.0000 1.0000 0.0003 0.0044 0.0622 0.8905 1.0000 0.0001 0.0013 0.0186 0.2667 1.0000 1.0000 0.0004 0.0056 0.0803 1.0000 1.0000 0.0001 0.0017 0.0247 0.3561 1.0000 1.0000 0.0005 0.0078 0.1131 1.0000 1.0000 0.0002 0.0025 0.0372 0.5462 1.0000 0.0001 0.0009 0.0126 0.1775 1.0000 1.0000 1.0000 0.1775 0.0126 0.0009 0.0001 1.0000 0.5462 0.0372 0.0025 0.0002 1.0000 1.0000 0.1131 0.0078 0.0005 1.0000 1.0000 0.3561 0.0247 0.0017 0.0001 1.0000 1.0000 0.0803 0.0056 0.0004 1.0000 1.0000 0.2667 0.0186 0.0013 0.0001 1.0000 0.8905 0.0622 0.0044 0.0003 1.0000 1.0000 0.2079 0.0145 0.0010 0.0001 1.0000 0.6941 0.0485 0.0034 0.0002 1.0000 1.0000
1.0000 0.0002 0.0035 0.0504 0.7210 1.0000 0.0001 0.0011 0.0151 0.2159 1.0000 1.0000 0.0003 0.0045 0.0647 0.9250 1.0000 0.0001 0.0014 0.0194 0.2770 1.0000 1.0000 0.0004 0.0058 0.0831 1.0000 1.0000 0.0001 0.0018 0.0253 0.3643 1.0000 1.0000 0.0005 0.0079 0.1146 1.0000 1.0000 0.0002 0.0025 0.0371 0.5421 1.0000 0.0001 0.0009 0.0125 0.1816 1.0000 1.0000 0.0001 1.0000 1.0000 0.1816 0.0125 0.0009 0.0001 1.0000 0.5421 0.0371 0.0025 0.0002 1.0000 1.0000 0.1146 0.0079 0.0005 1.0000 1.0000 0.3643 0.0253 0.0018 0.0001 1.0000 1.0000 0.0831 0.0058 0.0004 1.0000 1.0000 0.2770 0.0194 0.0014 0.0001 1.0000 0.9250 0.0647 0.0045 0.0003 1.0000 1.0000 0.2159 0.0151 0.0011 0.0001 1.0000 0.7210 0.0504 0.0035 0.0002 1.0000
0.0002 0.0037 0.0524 0.7490 1.0000 0.0001 0.0011 0.0157 0.2243 1.0000 1.0000 0.0003 0.0047 0.0672 0.9608 1.0000 0.0001 0.0014 0.0201 0.2877 1.0000 1.0000 0.0004 0.0060 0.0862 1.0000 1.0000 0.0001 0.0018 0.0260 0.3741 1.0000 0.0000 0.0006 0.0081 0.1166 1.0000 1.0000 0.0002 0.0026 0.0372 0.5421 1.0000 0.0001 0.0008 0.0124 0.1809 1.0000 1.0000 0.0002 0.0012 0.0002 1.0000 1.0000 0.1809 0.0124 0.0008 0.0001 1.0000 0.5421 0.0372 0.0026 0.0002 1.0000 1.0000 0.1166 0.0081 0.0006 0.0000 1.0000 0.3741 0.0260 0.0018 0.0001 1.0000 1.0000 0.0862 0.0060 0.0004 1.0000 1.0000 0.2877 0.0201 0.0014 0.0001 1.0000 0.9608 0.0672 0.0047 0.0003 1.0000 1.0000 0.2243 0.0157 0.0011 0.0001 1.0000 0.7490 0.0524 0.0037 0.0002
0.0037 0.0544 0.7780 1.0000 0.0001 0.0011 0.0163 0.2330 1.0000 1.0000 0.0003 0.0049 0.0698 0.9981 1.0000 0.0001 0.0015 0.0209 0.2989 1.0000 1.0000 0.0004 0.0063 0.0895 1.0000 1.0000 0.0001 0.0019 0.0269 0.3857 1.0000 0.0000 0.0006 0.0083 0.1191 1.0000 1.0000 0.0002 0.0026 0.0377 0.5462 1.0000 0.0001 0.0008 0.0123 0.1799 1.0000 1.0000 0.0003 0.0033 0.0172 0.0033 0.0003 1.0000 1.0000 0.1799 0.0123 0.0008 0.0001 1.0000 0.5462 0.0377 0.0026 0.0002 1.0000 1.0000 0.1191 0.0083 0.0006 0.0000 1.0000 0.3857 0.0269 0.0019 0.0001 1.0000 1.0000 0.0895 0.0063 0.0004 1.0000 1.0000 0.2989 0.0209 0.0015 0.0001 1.0000 0.9981 0.0698 0.0049 0.0003 1.0000 1.0000 0.2330 0.0163 0.0011 0.0001 1.0000 0.7780 0.0544 0.0037
0.0550 0.8082 1.0000 0.0001 0.0012 0.0169 0.2420 1.0000 1.0000 0.0004 0.0051 0.0725 1.0000 1.0000 0.0001 0.0015 0.0217 0.3105 1.0000 1.0000 0.0005 0.0065 0.0930 1.0000 1.0000 0.0001 0.0019 0.0278 0.3991 1.0000 0.0000 0.0006 0.0085 0.1220 1.0000 1.0000 0.0002 0.0026 0.0383 0.5535 1.0000 0.0001 0.0008 0.0123 0.1792 1.0000 1.0000 0.0003 0.0039 0.0480 0.2490 0.0480 0.0039 0.0003 1.0000 1.0000 0.1792 0.0123 0.0008 0.0001 1.0000 0.5535 0.0383 0.0026 0.0002 1.0000 1.0000 0.1220 0.0085 0.0006 0.0000 1.0000 0.3991 0.0278 0.0019 0.0001 1.0000 1.0000 0.0930 0.0065 0.0005 1.0000 1.0000 0.3105 0.0217 0.0015 0.0001 1.0000 1.0000 0.0725 0.0051 0.0004 1.0000 1.0000 0.2420 0.0169 0.0012 0.0001 1.0000 0.8082 0.0550
0.8159 1.0000 0.0001 0.0012 0.0176 0.2514 1.0000 1.0000 0.0004 0.0053 0.0753 1.0000 1.0000 0.0001 0.0016 0.0225 0.3225 1.0000 1.0000 0.0005 0.0068 0.0966 1.0000 1.0000 0.0001 0.0020 0.0289 0.4138 1.0000 0.0000 0.0006 0.0087 0.1256 1.0000 1.0000 0.0002 0.0027 0.0389 0.5631 1.0000 0.0001 0.0009 0.0124 0.1799 1.0000 1.0000 0.0003 0.0040 0.0565 0.6954 1.0000 0.6954 0.0565 0.0040 0.0003 1.0000 1.0000 0.1799 0.0124 0.0009 0.0001 1.0000 0.5631 0.0389 0.0027 0.0002 1.0000 1.0000 0.1256 0.0087 0.0006 0.0000 1.0000 0.4138 0.0289 0.0020 0.0001 1.0000 1.0000 0.0966 0.0068 0.0005 1.0000 1.0000 0.3225 0.0225 0.0016 0.0001 1.0000 1.0000 0.0753 0.0053 0.0004 1.0000 1.0000 0.2514 0.0176 0.0012 0.0001 1.0000 0.8159
1.0000 0.0001 0.0013 0.0182 0.2606 1.0000 1.0000 0.0004 0.0055 0.0781 1.0000 1.0000 0.0001 0.0016 0.0234 0.3344 1.0000 1.0000 0.0005 0.0070 0.1001 1.0000 1.0000 0.0001 0.0021 0.0300 0.4290 1.0000 0.0000 0.0006 0.0090 0.1292 1.0000 1.0000 0.0002 0.0028 0.0397 0.5728 1.0000 0.0001 0.0009 0.0125 0.1809 1.0000 1.0000 0.0003 0.0040 0.0585 0.8205 1.0000 1.0000 1.0000 0.8205 0.0585 0.0040 0.0003 1.0000 1.0000 0.1809 0.0125 0.0009 0.0001 1.0000 0.5728 0.0397 0.0028 0.0002 1.0000 1.0000 0.1292 0.0090 0.0006 0.0000 1.0000 0.4290 0.0300 0.0021 0.0001 1.0000 1.0000 0.1001 0.0070 0.0005 1.0000 1.0000 0.3344 0.0234 0.0016 0.0001 1.0000 1.0000 0.0781 0.0055 0.0004 1.0000 1.0000 0.2606 0.0182 0.0013 0.0001 1.0000
0.0001 0.0013 0.0187 0.2682 1.0000 1.0000 0.0004 0.0056 0.0803 1.0000 1.0000 0.0001 0.0017 0.0241 0.3441 1.0000 1.0000 0.0005 0.0072 0.1030 1.0000 1.0000 0.0002 0.0022 0.0309 0.4414 1.0000 0.0000 0.0006 0.0092 0.1324 1.0000 1.0000 0.0002 0.0028 0.0403 0.5805 1.0000 0.0001 0.0009 0.0126 0.1816 1.0000 1.0000 0.0003 0.0040 0.0585 0.8427 1.0000 0.0001 0.0004 0.0001 1.0000 0.8427 0.0585 0.0040 0.0003 1.0000 1.0000 0.1816 0.0126 0.0009 0.0001 1.0000 0.5805 0.0403 0.0028 0.0002 1.0000 1.0000 0.1324 0.0092 0.0006 0.0000 1.0000 0.4414 0.0309 0.0022 0.0002 1.0000 1.0000 0.1030 0.0072 0.0005 1.0000 1.0000 0.3441 0.0241 0.0017 0.0001 1.0000 1.0000 0.0803 0.0056 0.0004 1.0000 1.0000 0.2682 0.0187 0.0013 0.0001
0.0013 0.0187 0.2672 1.0000 1.0000 0.0004 0.0056 0.0800 1.0000 1.0000 0.0001 0.0017 0.0240 0.3428 1.0000 1.0000 0.0005 0.0072 0.1026 1.0000 1.0000 0.0002 0.0021 0.0307 0.4397 1.0000 0.0000 0.0006 0.0092 0.1317 1.0000 1.0000 0.0002 0.0028 0.0397 0.5717 1.0000 0.0001 0.0009 0.0123 0.1775 1.0000 1.0000 0.0003 0.0039 0.0565 0.8205 1.0000 0.0001 0.0010 0.0053 0.0010 0.0001 1.0000 0.8205 0.0565 0.0039 0.0003 1.0000 1.0000 0.1775 0.0123 0.0009 0.0001 1.0000 0.5717 0.0397 0.0028 0.0002 1.0000 1.0000 0.1317 0.0092 0.0006 0.0000 1.0000 0.4397 0.0307 0.0021 0.0002 1.0000 1.0000 0.1026 0.0072 0.0005 1.0000 1.0000 0.3428 0.0240 0.0017 0.0001 1.0000 1.0000 0.0800 0.0056 0.0004 1.0000 1.0000 0.2672 0.0187 0.0013
0.0157 0.2321 1.0000 1.0000 0.0003 0.0049 0.0695 0.9943 1.0000 0.0001 0.0015 0.0208 0.2978 1.0000 1.0000 0.0004 0.0062 0.0892 1.0000 1.0000 0.0001 0.0019 0.0267 0.3820 1.0000 0.0000 0.0006 0.0080 0.1144 1.0000 1.0000 0.0002 0.0024 0.0345 0.4938 1.0000 0.0001 0.0007 0.0106 0.1522 1.0000 1.0000 0.0002 0.0033 0.0480 0.6954 1.0000 0.0001 0.0010 0.0125 0.0643 0.0125 0.0010 0.0001 1.0000 0.6954 0.0480 0.0033 0.0002 1.0000 1.0000 0.1522 0.0106 0.0007 0.0001 1.0000 0.4938 0.0345 0.0024 0.0002 1.0000 1.0000 0.1144 0.0080 0.0006 0.0000 1.0000 0.3820 0.0267 0.0019 0.0001 1.0000 1.0000 0.0892 0.0062 0.0004 1.0000 1.0000 0.2978 0.0208 0.0015 0.0001 1.0000 0.9943 0.0695 0.0049 0.0003 1.0000 1.0000 0.2321 0.0157
0.0833 1.0000 1.0000 0.0001 0.0018 0.0254 0.3629 1.0000 1.0000 0.0005 0.0076 0.1087 1.0000 1.0000 0.0002 0.0023 0.0325 0.4656 1.0000 0.0000 0.0007 0.0097 0.1394 1.0000 1.0000 0.0002 0.0029 0.0418 0.5973 1.0000 0.0001 0.0009 0.0125 0.1795 1.0000 1.0000 0.0003 0.0038 0.0549 0.7914 1.0000 0.0001 0.0012 0.0172 0.2490 1.0000 1.0000 0.0004 0.0053 0.0643 0.3281 0.0643 0.0053 0.0004 1.0000 1.0000 0.2490 0.0172 0.0012 0.0001 1.0000 0.7914 0.0549 0.0038 0.0003 1.0000 1.0000 0.1795 0.0125 0.0009 0.0001 1.0000 0.5973 0.0418 0.0029 0.0002 1.0000 1.0000 0.1394 0.0097 0.0007 0.0000 1.0000 0.4656 0.0325 0.0023 0.0002 1.0000 1.0000 0.1087 0.0076 0.0005 1.0000 1.0000 0.3629 0.0254 0.0018 0.0001 1.0000 1.0000 0.0833
0.0157 0.2321 1.0000 1.0000 0.0003 0.0049 0.0695 0.9943 1.0000 0.0001 0.0015 0.0208 0.2978 1.0000 1.0000 0.0004 0.0062 0.0892 1.0000 1.0000 0.0001 0.0019 0.0267 0.3820 1.0000 0.0000 0.0006 0.0080 0.1144 1.0000 1.0000 0.0002 0.0024 0.0345 0.4938 1.0000 0.0001 0.0007 0.0106 0.1522 1.0000 1.0000 0.0002 0.0033 0.0480 0.6954 1.0000 0.0001 0.0010 0.0125 0.0643 0.0125 0.0010 0.0001 1.0000 0.6954 0.0480 0.0033 0.0002 1.0000 1.0000 0.1522 0.0106 0.0007 0.0001 1.0000 0.4938 0.0345 0.0024 0.0002 1.0000 1.0000 0.1144 0.0080 0.0006 0.0000 1.0000 0.3820 0.0267 0.0019 0.0001 1.0000 1.0000 0.0892 0.0062 0.0004 1.0000 1.0000 0.2978 0.0208 0.0015 0.0001 1.0000 0.9943 0.0695 0.0049 0.0003 1.0000 1.0000 0.2321 0.0157
0.0013 0.0187 0.2672 1.0000 1.0000 0.0004 0.0056 0.0800 1.0000 1.0000 0.0001 0.0017 0.0240 0.3428 1.0000 1.0000 0.0005 0.0072 0.1026 1.0000 1.0000 0.0002 0.0021 0.0307 0.4397 1.0000 0.0000 0.0006 0.0092 0.1317 1.0000 1.0000 0.0002 0.0028 0.0397 0.5717 1.0000 0.0001 0.0009 0.0123 0.1775 1.0000 1.0000 0.0003 0.0039 0.0565 0.8205 1.0000 0.0001 0.0010 0.0053 0.0010 0.0001 1.0000 0.8205 0.0565 0.0039 0.0003 1.0000 1.0000 0.1775 0.0123 0.0009 0.0001 1.0000 0.5717 0.0397 0.0028 0.0002 1.0000 1.0000 0.1317 0.0092 0.0006 0.0000 1.0000 0.4397 0.0307 0.0021 0.0002 1.0000 1.0000 0.1026 0.0072 0.0005 1.0000 1.0000 0.3428 0.0240 0.0017 0.0001 1.0000 1.0000 0.0800 0.0056 0.0004 1.0000 1.0000 0.2672 0.0187 0.0013
0.0001 0.0013 0.0187 0.2682 1.0000 1.0000 0.0004 0.0056 0.0803 1.0000 1.0000 0.0001 0.0017 0.0241 0.3441 1.0000 1.0000 0.0005 0.0072 0.1030 1.0000 1.0000 0.0002 0.0022 0.0309 0.4414 1.0000 0.0000 0.0006 0.0092 0.1324 1.0000 1.0000 0.0002 0.0028 0.0403 0.5805 1.0000 0.0001 0.0009 0.0126 0.1816 1.0000 1.0000 0.0003 0.0040 0.0585 0.8427 1.0000 0.0001 0.0004 0.0001 1.0000 0.8427 0.0585 0.0040 0.0003 1.0000 1.0000 0.1816 0.0126 0.0009 0.0001 1.0000 0.5805 0.0403 0.0028 0.0002 1.0000 1.0000 0.1324 0.0092 0.0006 0.0000 1.0000 0.4414 0.0309 0.0022 0.0002 1.0000 1.0000 0.1030 0.0072 0.0005 1.0000 1.0000 0.3441 0.0241 0.0017 0.0001 1.0000 1.0000 0.0803 0.0056 0.0004 1.0000 1.0000 0.2682 0.0187 0.0013 0.0001
1.0000 0.0001 0.0013 0.0182 0.2606 1.0000 1.0000 0.0004 0.0055 0.0781 1.0000 1.0000 0.0001 0.0016 0.0234 0.3344 1.0000 1.0000 0.0005 0.0070 0.1001 1.0000 1.0000 0.0001 0.0021 0.0300 0.4290 1.0000 0.0000 0.0006 0.0090 0.1292 1.0000 1.0000 0.0002 0.0028 0.0397 0.5728 1.0000 0.0001 0.0009 0.0125 0.1809 1.0000 1.0000 0.0003 0.0040 0.0585 0.8205 1.0000 1.0000 1.0000 0.8205 0.0585 0.0040 0.0003 1.0000 1.0000 0.1809 0.0125 0.0009 0.0001 1.0000 0.5728 0.0397 0.0028 0.0002 1.0000 1.0000 0.1292 0.0090 0.0006 0.0000 1.0000 0.4290 0.0300 0.0021 0.0001 1.0000 1.0000 0.1001 0.0070 0.0005 1.0000 1.0000 0.3344 0.0234 0.0016 0.0001 1.0000 1.0000 0.0781 0.0055 0.0004 1.0000 1.0000 0.2606 0.0182 0.0013 0.0001 1.0000
0.8159 1.0000 0.0001 0.0012 0.0176 0.2514 1.0000 1.0000 0.0004 0.0053 0.0753 1.0000 1.0000 0.0001 0.0016 0.0225 0.3225 1.0000 1.0000 0.0005 0.0068 0.0966 1.0000 1.0000 0.0001 0.0020 0.0289 0.4138 1.0000 0.0000 0.0006 0.0087 0.1256 1.0000 1.0000 0.0002 0.0027 0.0389 0.5631 1.0000 0.0001 0.0009 0.0124 0.1799 1.0000 1.0000 0.0003 0.0040 0.0565 0.6954 1.0000 0.6954 0.0565 0.0040 0.0003 1.0000 1.0000 0.1799 0.0124 0.0009 0.0001 1.0000 0.5631 0.0389 0.0027 0.0002 1.0000 1.0000 0.1256 0.0087 0.0006 0.0000 1.0000 0.4138 0.0289 0.0020 0.0001 1.0000 1.0000 0.0966 0.0068 0.0005 1.0000 1.0000 0.3225 0.0225 0.0016 0.0001 1.0000 1.0000 0.0753 0.0053 0.0004 1.0000 1.0000 0.2514 0.0176 0.0012 0.0001 1.0000 0.8159
