0.1517 0.2267 0.4318 0.4846 0.1937 0.1400 0.1866 0.3376 0.5164 0.3291 0.1414 0.1600 0.2639 0.4916 0.4392 0.1571 0.1447 0.2116 0.3985 0.5001 0.2350 0.1392 0.1761 0.3096 0.5167 0.3728 0.1446 0.1536 0.2438 0.4632 0.4652 0.1704 0.1417 0.1978 0.3657 0.5109 0.2846 0.1397 0.1671 0.2846 0.5088 0.4102 0.1498 0.1484 0.2260 0.4298 0.4859 0.1974 0.1396 0.1776 0.2453 0.1776 0.1396 0.1974 0.4859 0.4298 0.2260 0.1484 0.1498 0.4102 0.5088 0.2846 0.1671 0.1397 0.2846 0.5109 0.3657 0.1978 0.1417 0.1704 0.4652 0.4632 0.2438 0.1536 0.1446 0.3728 0.5167 0.3096 0.1761 0.1392 0.2350 0.5001 0.3985 0.2116 0.1447 0.1571 0.4392 0.4916 0.2639 0.1600 0.1414 0.3291 0.5164 0.3376 0.1866 0.1400 0.1937 0.4846 0.4318 0.2267 0.1517
0.2267 0.4325 0.4855 0.1934 0.1358 0.1836 0.3357 0.5172 0.3321 0.1372 0.1566 0.2615 0.4913 0.4412 0.1540 0.1409 0.2088 0.3971 0.5013 0.2373 0.1350 0.1729 0.3075 0.5173 0.3755 0.1406 0.1501 0.2413 0.4624 0.4669 0.1683 0.1377 0.1948 0.3640 0.5119 0.2876 0.1355 0.1638 0.2823 0.5090 0.4126 0.1461 0.1448 0.2234 0.4287 0.4872 0.1967 0.1356 0.1807 0.3140 0.4670 0.3140 0.1807 0.1356 0.1967 0.4872 0.4287 0.2234 0.1448 0.1461 0.4126 0.5090 0.2823 0.1638 0.1355 0.2876 0.5119 0.3640 0.1948 0.1377 0.1683 0.4669 0.4624 0.2413 0.1501 0.1406 0.3755 0.5173 0.3075 0.1729 0.1350 0.2373 0.5013 0.3971 0.2088 0.1409 0.1540 0.4412 0.4913 0.2615 0.1566 0.1372 0.3321 0.5172 0.3357 0.1836 0.1358 0.1934 0.4855 0.4325 0.2267
0.4318 0.4855 0.1948 0.1357 0.1826 0.3329 0.5175 0.3369 0.1375 0.1559 0.2592 0.4886 0.4442 0.1552 0.1405 0.2072 0.3934 0.5027 0.2426 0.1350 0.1718 0.3046 0.5168 0.3799 0.1411 0.1494 0.2392 0.4588 0.4693 0.1705 0.1374 0.1934 0.3605 0.5128 0.2931 0.1356 0.1629 0.2797 0.5075 0.4162 0.1469 0.1442 0.2215 0.4249 0.4891 0.2007 0.1355 0.1810 0.3255 0.5170 0.4656 0.5170 0.3255 0.1810 0.1355 0.2007 0.4891 0.4249 0.2215 0.1442 0.1469 0.4162 0.5075 0.2797 0.1629 0.1356 0.2931 0.5128 0.3605 0.1934 0.1374 0.1705 0.4693 0.4588 0.2392 0.1494 0.1411 0.3799 0.5168 0.3046 0.1718 0.1350 0.2426 0.5027 0.3934 0.2072 0.1405 0.1552 0.4442 0.4886 0.2592 0.1559 0.1375 0.3369 0.5175 0.3329 0.1826 0.1357 0.1948 0.4855 0.4318
0.4846 0.1934 0.1357 0.1822 0.3312 0.5177 0.3408 0.1378 0.1552 0.2571 0.4859 0.4471 0.1564 0.1401 0.2056 0.3897 0.5040 0.2481 0.1350 0.1708 0.3018 0.5163 0.3841 0.1416 0.1488 0.2372 0.4552 0.4717 0.1729 0.1372 0.1920 0.3570 0.5136 0.2985 0.1358 0.1620 0.2771 0.5058 0.4198 0.1477 0.1438 0.2197 0.4211 0.4909 0.2052 0.1354 0.1801 0.3259 0.5179 0.3748 0.1693 0.3748 0.5179 0.3259 0.1801 0.1354 0.2052 0.4909 0.4211 0.2197 0.1438 0.1477 0.4198 0.5058 0.2771 0.1620 0.1358 0.2985 0.5136 0.3570 0.1920 0.1372 0.1729 0.4717 0.4552 0.2372 0.1488 0.1416 0.3841 0.5163 0.3018 0.1708 0.1350 0.2481 0.5040 0.3897 0.2056 0.1401 0.1564 0.4471 0.4859 0.2571 0.1552 0.1378 0.3408 0.5177 0.3312 0.1822 0.1357 0.1934 0.4846
0.1937 0.1358 0.1826 0.3312 0.5177 0.3431 0.1380 0.1546 0.2552 0.4833 0.4498 0.1576 0.1398 0.2041 0.3861 0.5053 0.2536 0.1350 0.1698 0.2989 0.5157 0.3884 0.1422 0.1482 0.2352 0.4516 0.4741 0.1755 0.1369 0.1906 0.3536 0.5143 0.3039 0.1360 0.1611 0.2746 0.5039 0.4233 0.1486 0.1433 0.2180 0.4174 0.4927 0.2098 0.1353 0.1790 0.3236 0.5180 0.3574 0.1405 0.1362 0.1405 0.3574 0.5180 0.3236 0.1790 0.1353 0.2098 0.4927 0.4174 0.2180 0.1433 0.1486 0.4233 0.5039 0.2746 0.1611 0.1360 0.3039 0.5143 0.3536 0.1906 0.1369 0.1755 0.4741 0.4516 0.2352 0.1482 0.1422 0.3884 0.5157 0.2989 0.1698 0.1350 0.2536 0.5053 0.3861 0.2041 0.1398 0.1576 0.4498 0.4833 0.2552 0.1546 0.1380 0.3431 0.5177 0.3312 0.1826 0.1358 0.1937
0.1400 0.1836 0.3329 0.5177 0.3431 0.1380 0.1543 0.2539 0.4812 0.4520 0.1588 0.1394 0.2027 0.3828 0.5064 0.2590 0.1350 0.1687 0.2962 0.5149 0.3925 0.1427 0.1476 0.2332 0.4479 0.4764 0.1783 0.1367 0.1893 0.3502 0.5150 0.3093 0.1362 0.1602 0.2721 0.5019 0.4268 0.1495 0.1428 0.2162 0.4136 0.4944 0.2146 0.1352 0.1778 0.3207 0.5181 0.3569 0.1392 0.1482 0.1890 0.1482 0.1392 0.3569 0.5181 0.3207 0.1778 0.1352 0.2146 0.4944 0.4136 0.2162 0.1428 0.1495 0.4268 0.5019 0.2721 0.1602 0.1362 0.3093 0.5150 0.3502 0.1893 0.1367 0.1783 0.4764 0.4479 0.2332 0.1476 0.1427 0.3925 0.5149 0.2962 0.1687 0.1350 0.2590 0.5064 0.3828 0.2027 0.1394 0.1588 0.4520 0.4812 0.2539 0.1543 0.1380 0.3431 0.5177 0.3329 0.1836 0.1400
0.1866 0.3357 0.5175 0.3408 0.1380 0.1543 0.2535 0.4801 0.4535 0.1598 0.1392 0.2015 0.3797 0.5075 0.2640 0.1351 0.1678 0.2935 0.5140 0.3965 0.1433 0.1470 0.2312 0.4443 0.4786 0.1814 0.1364 0.1880 0.3469 0.5156 0.3146 0.1364 0.1594 0.2696 0.4997 0.4302 0.1504 0.1423 0.2145 0.4098 0.4961 0.2195 0.1351 0.1767 0.3177 0.5180 0.3604 0.1392 0.1512 0.2350 0.3504 0.2350 0.1512 0.1392 0.3604 0.5180 0.3177 0.1767 0.1351 0.2195 0.4961 0.4098 0.2145 0.1423 0.1504 0.4302 0.4997 0.2696 0.1594 0.1364 0.3146 0.5156 0.3469 0.1880 0.1364 0.1814 0.4786 0.4443 0.2312 0.1470 0.1433 0.3965 0.5140 0.2935 0.1678 0.1351 0.2640 0.5075 0.3797 0.2015 0.1392 0.1598 0.4535 0.4801 0.2535 0.1543 0.1380 0.3408 0.5175 0.3357 0.1866
0.3376 0.5172 0.3369 0.1378 0.1546 0.2539 0.4801 0.4540 0.1603 0.1390 0.2005 0.3771 0.5083 0.2685 0.1351 0.1669 0.2909 0.5131 0.4004 0.1440 0.1465 0.2293 0.4405 0.4808 0.1846 0.1362 0.1866 0.3435 0.5161 0.3198 0.1366 0.1585 0.2672 0.4974 0.4335 0.1514 0.1419 0.2128 0.4061 0.4977 0.2246 0.1351 0.1756 0.3146 0.5179 0.3648 0.1396 0.1514 0.2432 0.4487 0.5143 0.4487 0.2432 0.1514 0.1396 0.3648 0.5179 0.3146 0.1756 0.1351 0.2246 0.4977 0.4061 0.2128 0.1419 0.1514 0.4335 0.4974 0.2672 0.1585 0.1366 0.3198 0.5161 0.3435 0.1866 0.1362 0.1846 0.4808 0.4405 0.2293 0.1465 0.1440 0.4004 0.5131 0.2909 0.1669 0.1351 0.2685 0.5083 0.3771 0.2005 0.1390 0.1603 0.4540 0.4801 0.2539 0.1546 0.1378 0.3369 0.5172 0.3376
0.5164 0.3321 0.1375 0.1552 0.2552 0.4812 0.4535 0.1603 0.1390 0.2000 0.3754 0.5090 0.2723 0.1352 0.1661 0.2887 0.5121 0.4039 0.1446 0.1459 0.2274 0.4368 0.4829 0.1881 0.1360 0.1854 0.3402 0.5166 0.3250 0.1368 0.1577 0.2648 0.4950 0.4367 0.1524 0.1415 0.2111 0.4023 0.4992 0.2298 0.1350 0.1744 0.3117 0.5177 0.3693 0.1400 0.1510 0.2435 0.4622 0.4776 0.3197 0.4776 0.4622 0.2435 0.1510 0.1400 0.3693 0.5177 0.3117 0.1744 0.1350 0.2298 0.4992 0.4023 0.2111 0.1415 0.1524 0.4367 0.4950 0.2648 0.1577 0.1368 0.3250 0.5166 0.3402 0.1854 0.1360 0.1881 0.4829 0.4368 0.2274 0.1459 0.1446 0.4039 0.5121 0.2887 0.1661 0.1352 0.2723 0.5090 0.3754 0.2000 0.1390 0.1603 0.4535 0.4812 0.2552 0.1552 0.1375 0.3321 0.5164
0.3291 0.1372 0.1559 0.2571 0.4833 0.4520 0.1598 0.1390 0.2000 0.3749 0.5093 0.2748 0.1353 0.1655 0.2868 0.5112 0.4071 0.1452 0.1454 0.2257 0.4333 0.4848 0.1919 0.1359 0.1841 0.3370 0.5170 0.3301 0.1371 0.1569 0.2624 0.4924 0.4399 0.1535 0.1410 0.2095 0.3986 0.5007 0.2351 0.1350 0.1733 0.3087 0.5174 0.3737 0.1404 0.1503 0.2420 0.4627 0.4693 0.1837 0.1355 0.1837 0.4693 0.4627 0.2420 0.1503 0.1404 0.3737 0.5174 0.3087 0.1733 0.1350 0.2351 0.5007 0.3986 0.2095 0.1410 0.1535 0.4399 0.4924 0.2624 0.1569 0.1371 0.3301 0.5170 0.3370 0.1841 0.1359 0.1919 0.4848 0.4333 0.2257 0.1454 0.1452 0.4071 0.5112 0.2868 0.1655 0.1353 0.2748 0.5093 0.3749 0.2000 0.1390 0.1598 0.4520 0.4833 0.2571 0.1559 0.1372 0.3291
0.1414 0.1566 0.2592 0.4859 0.4498 0.1588 0.1392 0.2005 0.3754 0.5093 0.2756 0.1353 0.1651 0.2853 0.5104 0.4097 0.1457 0.1450 0.2241 0.4300 0.4866 0.1956 0.1357 0.1829 0.3338 0.5174 0.3352 0.1374 0.1562 0.2601 0.4897 0.4430 0.1547 0.1406 0.2078 0.3949 0.5021 0.2405 0.1350 0.1723 0.3058 0.5170 0.3781 0.1409 0.1497 0.2400 0.4601 0.4691 0.1729 0.1355 0.1555 0.1355 0.1729 0.4691 0.4601 0.2400 0.1497 0.1409 0.3781 0.5170 0.3058 0.1723 0.1350 0.2405 0.5021 0.3949 0.2078 0.1406 0.1547 0.4430 0.4897 0.2601 0.1562 0.1374 0.3352 0.5174 0.3338 0.1829 0.1357 0.1956 0.4866 0.4300 0.2241 0.1450 0.1457 0.4097 0.5104 0.2853 0.1651 0.1353 0.2756 0.5093 0.3754 0.2005 0.1392 0.1588 0.4498 0.4859 0.2592 0.1566 0.1414
0.1600 0.2615 0.4886 0.4471 0.1576 0.1394 0.2015 0.3771 0.5090 0.2748 0.1353 0.1650 0.2845 0.5098 0.4116 0.1461 0.1447 0.2227 0.4270 0.4882 0.1992 0.1356 0.1817 0.3307 0.5177 0.3401 0.1377 0.1554 0.2578 0.4869 0.4461 0.1559 0.1403 0.2062 0.3912 0.5035 0.2459 0.1350 0.1712 0.3029 0.5165 0.3824 0.1414 0.1491 0.2380 0.4567 0.4709 0.1727 0.1368 0.1835 0.2590 0.1835 0.1368 0.1727 0.4709 0.4567 0.2380 0.1491 0.1414 0.3824 0.5165 0.3029 0.1712 0.1350 0.2459 0.5035 0.3912 0.2062 0.1403 0.1559 0.4461 0.4869 0.2578 0.1554 0.1377 0.3401 0.5177 0.3307 0.1817 0.1356 0.1992 0.4882 0.4270 0.2227 0.1447 0.1461 0.4116 0.5098 0.2845 0.1650 0.1353 0.2748 0.5090 0.3771 0.2015 0.1394 0.1576 0.4471 0.4886 0.2615 0.1600
0.2639 0.4913 0.4442 0.1564 0.1398 0.2027 0.3797 0.5083 0.2723 0.1353 0.1651 0.2845 0.5096 0.4127 0.1464 0.1444 0.2217 0.4244 0.4896 0.2025 0.1355 0.1807 0.3280 0.5179 0.3448 0.1380 0.1546 0.2555 0.4839 0.4490 0.1572 0.1399 0.2046 0.3875 0.5048 0.2514 0.1350 0.1702 0.3001 0.5159 0.3867 0.1420 0.1484 0.2360 0.4531 0.4732 0.1746 0.1369 0.1891 0.3344 0.4874 0.3344 0.1891 0.1369 0.1746 0.4732 0.4531 0.2360 0.1484 0.1420 0.3867 0.5159 0.3001 0.1702 0.1350 0.2514 0.5048 0.3875 0.2046 0.1399 0.1572 0.4490 0.4839 0.2555 0.1546 0.1380 0.3448 0.5179 0.3280 0.1807 0.1355 0.2025 0.4896 0.4244 0.2217 0.1444 0.1464 0.4127 0.5096 0.2845 0.1651 0.1353 0.2723 0.5083 0.3797 0.2027 0.1398 0.1564 0.4442 0.4913 0.2639
0.4916 0.4412 0.1552 0.1401 0.2041 0.3828 0.5075 0.2685 0.1352 0.1655 0.2853 0.5098 0.4127 0.1466 0.1443 0.2210 0.4226 0.4906 0.2054 0.1354 0.1798 0.3255 0.5180 0.3489 0.1383 0.1539 0.2533 0.4809 0.4519 0.1586 0.1395 0.2031 0.3838 0.5060 0.2569 0.1350 0.1691 0.2973 0.5152 0.3908 0.1425 0.1478 0.2340 0.4494 0.4755 0.1772 0.1367 0.1894 0.3467 0.5169 0.4480 0.5169 0.3467 0.1894 0.1367 0.1772 0.4755 0.4494 0.2340 0.1478 0.1425 0.3908 0.5152 0.2973 0.1691 0.1350 0.2569 0.5060 0.3838 0.2031 0.1395 0.1586 0.4519 0.4809 0.2533 0.1539 0.1383 0.3489 0.5180 0.3255 0.1798 0.1354 0.2054 0.4906 0.4226 0.2210 0.1443 0.1466 0.4127 0.5098 0.2853 0.1655 0.1352 0.2685 0.5075 0.3828 0.2041 0.1401 0.1552 0.4412 0.4916
0.4392 0.1540 0.1405 0.2056 0.3861 0.5064 0.2640 0.1351 0.1661 0.2868 0.5104 0.4116 0.1464 0.1443 0.2208 0.4217 0.4913 0.2075 0.1353 0.1791 0.3234 0.5181 0.3527 0.1386 0.1533 0.2513 0.4780 0.4546 0.1601 0.1392 0.2015 0.3802 0.5072 0.2624 0.1351 0.1681 0.2945 0.5144 0.3949 0.1431 0.1473 0.2320 0.4457 0.4777 0.1801 0.1365 0.1884 0.3471 0.5160 0.3443 0.1572 0.3443 0.5160 0.3471 0.1884 0.1365 0.1801 0.4777 0.4457 0.2320 0.1473 0.1431 0.3949 0.5144 0.2945 0.1681 0.1351 0.2624 0.5072 0.3802 0.2015 0.1392 0.1601 0.4546 0.4780 0.2513 0.1533 0.1386 0.3527 0.5181 0.3234 0.1791 0.1353 0.2075 0.4913 0.4217 0.2208 0.1443 0.1464 0.4116 0.5104 0.2868 0.1661 0.1351 0.2640 0.5064 0.3861 0.2056 0.1405 0.1540 0.4392
0.1571 0.1409 0.2072 0.3897 0.5053 0.2590 0.1351 0.1669 0.2887 0.5112 0.4097 0.1461 0.1444 0.2210 0.4217 0.4915 0.2086 0.1353 0.1785 0.3217 0.5181 0.3559 0.1389 0.1528 0.2496 0.4753 0.4570 0.1615 0.1388 0.2001 0.3766 0.5084 0.2680 0.1351 0.1671 0.2918 0.5134 0.3989 0.1437 0.1467 0.2300 0.4420 0.4799 0.1833 0.1363 0.1872 0.3447 0.5161 0.3251 0.1377 0.1381 0.1377 0.3251 0.5161 0.3447 0.1872 0.1363 0.1833 0.4799 0.4420 0.2300 0.1467 0.1437 0.3989 0.5134 0.2918 0.1671 0.1351 0.2680 0.5084 0.3766 0.2001 0.1388 0.1615 0.4570 0.4753 0.2496 0.1528 0.1389 0.3559 0.5181 0.3217 0.1785 0.1353 0.2086 0.4915 0.4217 0.2210 0.1444 0.1461 0.4097 0.5112 0.2887 0.1669 0.1351 0.2590 0.5053 0.3897 0.2072 0.1409 0.1571
0.1447 0.2088 0.3934 0.5040 0.2536 0.1350 0.1678 0.2909 0.5121 0.4071 0.1457 0.1447 0.2217 0.4226 0.4913 0.2086 0.1353 0.1783 0.3207 0.5181 0.3582 0.1391 0.1523 0.2480 0.4728 0.4592 0.1629 0.1386 0.1987 0.3732 0.5094 0.2735 0.1352 0.1662 0.2890 0.5124 0.4029 0.1444 0.1461 0.2281 0.4383 0.4820 0.1867 0.1361 0.1859 0.3415 0.5165 0.3245 0.1370 0.1526 0.1984 0.1526 0.1370 0.3245 0.5165 0.3415 0.1859 0.1361 0.1867 0.4820 0.4383 0.2281 0.1461 0.1444 0.4029 0.5124 0.2890 0.1662 0.1352 0.2735 0.5094 0.3732 0.1987 0.1386 0.1629 0.4592 0.4728 0.2480 0.1523 0.1391 0.3582 0.5181 0.3207 0.1783 0.1353 0.2086 0.4913 0.4226 0.2217 0.1447 0.1457 0.4071 0.5121 0.2909 0.1678 0.1350 0.2536 0.5040 0.3934 0.2088 0.1447
0.2116 0.3971 0.5027 0.2481 0.1350 0.1687 0.2935 0.5131 0.4039 0.1452 0.1450 0.2227 0.4244 0.4906 0.2075 0.1353 0.1783 0.3203 0.5181 0.3597 0.1393 0.1520 0.2468 0.4707 0.4611 0.1642 0.1383 0.1975 0.3702 0.5103 0.2787 0.1353 0.1652 0.2864 0.5112 0.4067 0.1450 0.1456 0.2262 0.4345 0.4841 0.1904 0.1359 0.1846 0.3383 0.5169 0.3284 0.1370 0.1560 0.2488 0.3734 0.2488 0.1560 0.1370 0.3284 0.5169 0.3383 0.1846 0.1359 0.1904 0.4841 0.4345 0.2262 0.1456 0.1450 0.4067 0.5112 0.2864 0.1652 0.1353 0.2787 0.5103 0.3702 0.1975 0.1383 0.1642 0.4611 0.4707 0.2468 0.1520 0.1393 0.3597 0.5181 0.3203 0.1783 0.1353 0.2075 0.4906 0.4244 0.2227 0.1450 0.1452 0.4039 0.5131 0.2935 0.1687 0.1350 0.2481 0.5027 0.3971 0.2116
0.3985 0.5013 0.2426 0.1350 0.1698 0.2962 0.5140 0.4004 0.1446 0.1454 0.2241 0.4270 0.4896 0.2054 0.1353 0.1785 0.3207 0.5181 0.3603 0.1393 0.1518 0.2459 0.4690 0.4626 0.1654 0.1381 0.1965 0.3675 0.5111 0.2834 0.1354 0.1644 0.2839 0.5099 0.4105 0.1457 0.1450 0.2244 0.4308 0.4861 0.1942 0.1358 0.1833 0.3350 0.5173 0.3332 0.1373 0.1562 0.2576 0.4717 0.5090 0.4717 0.2576 0.1562 0.1373 0.3332 0.5173 0.3350 0.1833 0.1358 0.1942 0.4861 0.4308 0.2244 0.1450 0.1457 0.4105 0.5099 0.2839 0.1644 0.1354 0.2834 0.5111 0.3675 0.1965 0.1381 0.1654 0.4626 0.4690 0.2459 0.1518 0.1393 0.3603 0.5181 0.3207 0.1785 0.1353 0.2054 0.4896 0.4270 0.2241 0.1454 0.1446 0.4004 0.5140 0.2962 0.1698 0.1350 0.2426 0.5013 0.3985
0.5001 0.2373 0.1350 0.1708 0.2989 0.5149 0.3965 0.1440 0.1459 0.2257 0.4300 0.4882 0.2025 0.1354 0.1791 0.3217 0.5181 0.3597 0.1393 0.1517 0.2455 0.4680 0.4636 0.1664 0.1379 0.1956 0.3651 0.5117 0.2875 0.1355 0.1636 0.2816 0.5085 0.4140 0.1465 0.1445 0.2225 0.4270 0.4880 0.1984 0.1356 0.1821 0.3318 0.5176 0.3382 0.1376 0.1556 0.2580 0.4837 0.4620 0.2845 0.4620 0.4837 0.2580 0.1556 0.1376 0.3382 0.5176 0.3318 0.1821 0.1356 0.1984 0.4880 0.4270 0.2225 0.1445 0.1465 0.4140 0.5085 0.2816 0.1636 0.1355 0.2875 0.5117 0.3651 0.1956 0.1379 0.1664 0.4636 0.4680 0.2455 0.1517 0.1393 0.3597 0.5181 0.3217 0.1791 0.1354 0.2025 0.4882 0.4300 0.2257 0.1459 0.1440 0.3965 0.5149 0.2989 0.1708 0.1350 0.2373 0.5001
0.2350 0.1350 0.1718 0.3018 0.5157 0.3925 0.1433 0.1465 0.2274 0.4333 0.4866 0.1992 0.1355 0.1798 0.3234 0.5181 0.3582 0.1393 0.1518 0.2455 0.4676 0.4642 0.1670 0.1378 0.1948 0.3631 0.5123 0.2911 0.1356 0.1629 0.2795 0.5072 0.4171 0.1472 0.1441 0.2208 0.4232 0.4899 0.2027 0.1355 0.1809 0.3286 0.5178 0.3431 0.1379 0.1549 0.2563 0.4841 0.4520 0.1664 0.1344 0.1664 0.4520 0.4841 0.2563 0.1549 0.1379 0.3431 0.5178 0.3286 0.1809 0.1355 0.2027 0.4899 0.4232 0.2208 0.1441 0.1472 0.4171 0.5072 0.2795 0.1629 0.1356 0.2911 0.5123 0.3631 0.1948 0.1378 0.1670 0.4642 0.4676 0.2455 0.1518 0.1393 0.3582 0.5181 0.3234 0.1798 0.1355 0.1992 0.4866 0.4333 0.2274 0.1465 0.1433 0.3925 0.5157 0.3018 0.1718 0.1350 0.2350
0.1392 0.1729 0.3046 0.5163 0.3884 0.1427 0.1470 0.2293 0.4368 0.4848 0.1956 0.1356 0.1807 0.3255 0.5181 0.3559 0.1391 0.1520 0.2459 0.4680 0.4642 0.1672 0.1377 0.1944 0.3617 0.5127 0.2941 0.1357 0.1623 0.2777 0.5060 0.4199 0.1478 0.1436 0.2192 0.4197 0.4917 0.2072 0.1354 0.1797 0.3255 0.5180 0.3480 0.1382 0.1542 0.2541 0.4819 0.4517 0.1600 0.1371 0.1610 0.1371 0.1600 0.4517 0.4819 0.2541 0.1542 0.1382 0.3480 0.5180 0.3255 0.1797 0.1354 0.2072 0.4917 0.4197 0.2192 0.1436 0.1478 0.4199 0.5060 0.2777 0.1623 0.1357 0.2941 0.5127 0.3617 0.1944 0.1377 0.1672 0.4642 0.4680 0.2459 0.1520 0.1391 0.3559 0.5181 0.3255 0.1807 0.1356 0.1956 0.4848 0.4368 0.2293 0.1470 0.1427 0.3884 0.5163 0.3046 0.1729 0.1392
0.1761 0.3075 0.5168 0.3841 0.1422 0.1476 0.2312 0.4405 0.4829 0.1919 0.1357 0.1817 0.3280 0.5180 0.3527 0.1389 0.1523 0.2468 0.4690 0.4636 0.1670 0.1377 0.1943 0.3610 0.5130 0.2963 0.1358 0.1618 0.2762 0.5048 0.4224 0.1484 0.1433 0.2177 0.4165 0.4932 0.2117 0.1353 0.1785 0.3224 0.5181 0.3528 0.1386 0.1535 0.2519 0.4790 0.4538 0.1599 0.1387 0.1923 0.2751 0.1923 0.1387 0.1599 0.4538 0.4790 0.2519 0.1535 0.1386 0.3528 0.5181 0.3224 0.1785 0.1353 0.2117 0.4932 0.4165 0.2177 0.1433 0.1484 0.4224 0.5048 0.2762 0.1618 0.1358 0.2963 0.5130 0.3610 0.1943 0.1377 0.1670 0.4636 0.4690 0.2468 0.1523 0.1389 0.3527 0.5180 0.3280 0.1817 0.1357 0.1919 0.4829 0.4405 0.2312 0.1476 0.1422 0.3841 0.5168 0.3075 0.1761
0.3096 0.5173 0.3799 0.1416 0.1482 0.2332 0.4443 0.4808 0.1881 0.1359 0.1829 0.3307 0.5179 0.3489 0.1386 0.1528 0.2480 0.4707 0.4626 0.1664 0.1378 0.1944 0.3610 0.5130 0.2974 0.1358 0.1615 0.2750 0.5037 0.4244 0.1490 0.1430 0.2165 0.4136 0.4946 0.2158 0.1352 0.1774 0.3195 0.5181 0.3575 0.1389 0.1527 0.2497 0.4758 0.4564 0.1611 0.1388 0.1983 0.3563 0.5031 0.3563 0.1983 0.1388 0.1611 0.4564 0.4758 0.2497 0.1527 0.1389 0.3575 0.5181 0.3195 0.1774 0.1352 0.2158 0.4946 0.4136 0.2165 0.1430 0.1490 0.4244 0.5037 0.2750 0.1615 0.1358 0.2974 0.5130 0.3610 0.1944 0.1378 0.1664 0.4626 0.4707 0.2480 0.1528 0.1386 0.3489 0.5179 0.3307 0.1829 0.1359 0.1881 0.4808 0.4443 0.2332 0.1482 0.1416 0.3799 0.5173 0.3096
0.5167 0.3755 0.1411 0.1488 0.2352 0.4479 0.4786 0.1846 0.1360 0.1841 0.3338 0.5177 0.3448 0.1383 0.1533 0.2496 0.4728 0.4611 0.1654 0.1379 0.1948 0.3617 0.5130 0.2974 0.1358 0.1613 0.2743 0.5029 0.4261 0.1495 0.1427 0.2154 0.4112 0.4958 0.2195 0.1351 0.1765 0.3168 0.5180 0.3619 0.1393 0.1521 0.2475 0.4725 0.4592 0.1627 0.1386 0.1986 0.3693 0.5137 0.4276 0.5137 0.3693 0.1986 0.1386 0.1627 0.4592 0.4725 0.2475 0.1521 0.1393 0.3619 0.5180 0.3168 0.1765 0.1351 0.2195 0.4958 0.4112 0.2154 0.1427 0.1495 0.4261 0.5029 0.2743 0.1613 0.1358 0.2974 0.5130 0.3617 0.1948 0.1379 0.1654 0.4611 0.4728 0.2496 0.1533 0.1383 0.3448 0.5177 0.3338 0.1841 0.1360 0.1846 0.4786 0.4479 0.2352 0.1488 0.1411 0.3755 0.5167
0.3728 0.1406 0.1494 0.2372 0.4516 0.4764 0.1814 0.1362 0.1854 0.3370 0.5174 0.3401 0.1380 0.1539 0.2513 0.4753 0.4592 0.1642 0.1381 0.1956 0.3631 0.5127 0.2963 0.1358 0.1613 0.2740 0.5025 0.4271 0.1499 0.1425 0.2145 0.4090 0.4967 0.2228 0.1351 0.1756 0.3144 0.5179 0.3658 0.1397 0.1514 0.2454 0.4691 0.4618 0.1645 0.1383 0.1976 0.3697 0.5113 0.3108 0.1493 0.3108 0.5113 0.3697 0.1976 0.1383 0.1645 0.4618 0.4691 0.2454 0.1514 0.1397 0.3658 0.5179 0.3144 0.1756 0.1351 0.2228 0.4967 0.4090 0.2145 0.1425 0.1499 0.4271 0.5025 0.2740 0.1613 0.1358 0.2963 0.5127 0.3631 0.1956 0.1381 0.1642 0.4592 0.4753 0.2513 0.1539 0.1380 0.3401 0.5174 0.3370 0.1854 0.1362 0.1814 0.4764 0.4516 0.2372 0.1494 0.1406 0.3728
0.1446 0.1501 0.2392 0.4552 0.4741 0.1783 0.1364 0.1866 0.3402 0.5170 0.3352 0.1377 0.1546 0.2533 0.4780 0.4570 0.1629 0.1383 0.1965 0.3651 0.5123 0.2941 0.1358 0.1615 0.2743 0.5025 0.4275 0.1501 0.1423 0.2138 0.4072 0.4976 0.2256 0.1350 0.1749 0.3124 0.5177 0.3694 0.1401 0.1508 0.2435 0.4659 0.4644 0.1664 0.1380 0.1962 0.3671 0.5113 0.2902 0.1359 0.1405 0.1359 0.2902 0.5113 0.3671 0.1962 0.1380 0.1664 0.4644 0.4659 0.2435 0.1508 0.1401 0.3694 0.5177 0.3124 0.1749 0.1350 0.2256 0.4976 0.4072 0.2138 0.1423 0.1501 0.4275 0.5025 0.2743 0.1615 0.1358 0.2941 0.5123 0.3651 0.1965 0.1383 0.1629 0.4570 0.4780 0.2533 0.1546 0.1377 0.3352 0.5170 0.3402 0.1866 0.1364 0.1783 0.4741 0.4552 0.2392 0.1501 0.1446
0.1536 0.2413 0.4588 0.4717 0.1755 0.1367 0.1880 0.3435 0.5166 0.3301 0.1374 0.1554 0.2555 0.4809 0.4546 0.1615 0.1386 0.1975 0.3675 0.5117 0.2911 0.1357 0.1618 0.2750 0.5029 0.4271 0.1501 0.1423 0.2135 0.4061 0.4982 0.2280 0.1350 0.1743 0.3106 0.5176 0.3725 0.1404 0.1503 0.2418 0.4629 0.4667 0.1683 0.1377 0.1948 0.3638 0.5120 0.2896 0.1356 0.1576 0.2088 0.1576 0.1356 0.2896 0.5120 0.3638 0.1948 0.1377 0.1683 0.4667 0.4629 0.2418 0.1503 0.1404 0.3725 0.5176 0.3106 0.1743 0.1350 0.2280 0.4982 0.4061 0.2135 0.1423 0.1501 0.4271 0.5029 0.2750 0.1618 0.1357 0.2911 0.5117 0.3675 0.1975 0.1386 0.1615 0.4546 0.4809 0.2555 0.1554 0.1374 0.3301 0.5166 0.3435 0.1880 0.1367 0.1755 0.4717 0.4588 0.2413 0.1536
0.2438 0.4624 0.4693 0.1729 0.1369 0.1893 0.3469 0.5161 0.3250 0.1371 0.1562 0.2578 0.4839 0.4519 0.1601 0.1388 0.1987 0.3702 0.5111 0.2875 0.1356 0.1623 0.2762 0.5037 0.4261 0.1499 0.1423 0.2135 0.4057 0.4985 0.2295 0.1350 0.1738 0.3091 0.5174 0.3751 0.1407 0.1499 0.2404 0.4603 0.4687 0.1702 0.1375 0.1934 0.3604 0.5128 0.2936 0.1357 0.1614 0.2638 0.3976 0.2638 0.1614 0.1357 0.2936 0.5128 0.3604 0.1934 0.1375 0.1702 0.4687 0.4603 0.2404 0.1499 0.1407 0.3751 0.5174 0.3091 0.1738 0.1350 0.2295 0.4985 0.4057 0.2135 0.1423 0.1499 0.4261 0.5037 0.2762 0.1623 0.1356 0.2875 0.5111 0.3702 0.1987 0.1388 0.1601 0.4519 0.4839 0.2578 0.1562 0.1371 0.3250 0.5161 0.3469 0.1893 0.1369 0.1729 0.4693 0.4624 0.2438
0.4632 0.4669 0.1705 0.1372 0.1906 0.3502 0.5156 0.3198 0.1368 0.1569 0.2601 0.4869 0.4490 0.1586 0.1392 0.2001 0.3732 0.5103 0.2834 0.1355 0.1629 0.2777 0.5048 0.4244 0.1495 0.1425 0.2138 0.4061 0.4985 0.2300 0.1350 0.1735 0.3080 0.5172 0.3773 0.1410 0.1495 0.2391 0.4580 0.4704 0.1719 0.1372 0.1922 0.3573 0.5135 0.2985 0.1358 0.1616 0.2733 0.4915 0.5013 0.4915 0.2733 0.1616 0.1358 0.2985 0.5135 0.3573 0.1922 0.1372 0.1719 0.4704 0.4580 0.2391 0.1495 0.1410 0.3773 0.5172 0.3080 0.1735 0.1350 0.2300 0.4985 0.4061 0.2138 0.1425 0.1495 0.4244 0.5048 0.2777 0.1629 0.1355 0.2834 0.5103 0.3732 0.2001 0.1392 0.1586 0.4490 0.4869 0.2601 0.1569 0.1368 0.3198 0.5156 0.3502 0.1906 0.1372 0.1705 0.4669 0.4632
0.4652 0.1683 0.1374 0.1920 0.3536 0.5150 0.3146 0.1366 0.1577 0.2624 0.4897 0.4461 0.1572 0.1395 0.2015 0.3766 0.5094 0.2787 0.1354 0.1636 0.2795 0.5060 0.4224 0.1490 0.1427 0.2145 0.4072 0.4982 0.2295 0.1350 0.1734 0.3074 0.5171 0.3790 0.1412 0.1492 0.2380 0.4559 0.4718 0.1735 0.1370 0.1912 0.3546 0.5142 0.3032 0.1359 0.1610 0.2737 0.5007 0.4436 0.2483 0.4436 0.5007 0.2737 0.1610 0.1359 0.3032 0.5142 0.3546 0.1912 0.1370 0.1735 0.4718 0.4559 0.2380 0.1492 0.1412 0.3790 0.5171 0.3074 0.1734 0.1350 0.2295 0.4982 0.4072 0.2145 0.1427 0.1490 0.4224 0.5060 0.2795 0.1636 0.1354 0.2787 0.5094 0.3766 0.2015 0.1395 0.1572 0.4461 0.4897 0.2624 0.1577 0.1366 0.3146 0.5150 0.3536 0.1920 0.1374 0.1683 0.4652
0.1704 0.1377 0.1934 0.3570 0.5143 0.3093 0.1364 0.1585 0.2648 0.4924 0.4430 0.1559 0.1399 0.2031 0.3802 0.5084 0.2735 0.1353 0.1644 0.2816 0.5072 0.4199 0.1484 0.1430 0.2154 0.4090 0.4976 0.2280 0.1350 0.1735 0.3074 0.5170 0.3798 0.1413 0.1490 0.2371 0.4541 0.4730 0.1750 0.1369 0.1903 0.3522 0.5147 0.3075 0.1361 0.1604 0.2722 0.5012 0.4316 0.1558 0.1340 0.1558 0.4316 0.5012 0.2722 0.1604 0.1361 0.3075 0.5147 0.3522 0.1903 0.1369 0.1750 0.4730 0.4541 0.2371 0.1490 0.1413 0.3798 0.5170 0.3074 0.1735 0.1350 0.2280 0.4976 0.4090 0.2154 0.1430 0.1484 0.4199 0.5072 0.2816 0.1644 0.1353 0.2735 0.5084 0.3802 0.2031 0.1399 0.1559 0.4430 0.4924 0.2648 0.1585 0.1364 0.3093 0.5143 0.3570 0.1934 0.1377 0.1704
0.1417 0.1948 0.3605 0.5136 0.3039 0.1362 0.1594 0.2672 0.4950 0.4399 0.1547 0.1403 0.2046 0.3838 0.5072 0.2680 0.1352 0.1652 0.2839 0.5085 0.4171 0.1478 0.1433 0.2165 0.4112 0.4967 0.2256 0.1350 0.1738 0.3080 0.5171 0.3798 0.1414 0.1489 0.2365 0.4527 0.4741 0.1763 0.1368 0.1896 0.3502 0.5151 0.3112 0.1363 0.1597 0.2703 0.5000 0.4310 0.1517 0.1392 0.1672 0.1392 0.1517 0.4310 0.5000 0.2703 0.1597 0.1363 0.3112 0.5151 0.3502 0.1896 0.1368 0.1763 0.4741 0.4527 0.2365 0.1489 0.1414 0.3798 0.5171 0.3080 0.1738 0.1350 0.2256 0.4967 0.4112 0.2165 0.1433 0.1478 0.4171 0.5085 0.2839 0.1652 0.1352 0.2680 0.5072 0.3838 0.2046 0.1403 0.1547 0.4399 0.4950 0.2672 0.1594 0.1362 0.3039 0.5136 0.3605 0.1948 0.1417
0.1978 0.3640 0.5128 0.2985 0.1360 0.1602 0.2696 0.4974 0.4367 0.1535 0.1406 0.2062 0.3875 0.5060 0.2624 0.1351 0.1662 0.2864 0.5099 0.4140 0.1472 0.1436 0.2177 0.4136 0.4958 0.2228 0.1350 0.1743 0.3091 0.5172 0.3790 0.1413 0.1489 0.2363 0.4520 0.4748 0.1773 0.1367 0.1890 0.3485 0.5154 0.3144 0.1364 0.1591 0.2686 0.4984 0.4328 0.1515 0.1412 0.2021 0.2930 0.2021 0.1412 0.1515 0.4328 0.4984 0.2686 0.1591 0.1364 0.3144 0.5154 0.3485 0.1890 0.1367 0.1773 0.4748 0.4520 0.2363 0.1489 0.1413 0.3790 0.5172 0.3091 0.1743 0.1350 0.2228 0.4958 0.4136 0.2177 0.1436 0.1472 0.4140 0.5099 0.2864 0.1662 0.1351 0.2624 0.5060 0.3875 0.2062 0.1406 0.1535 0.4367 0.4974 0.2696 0.1602 0.1360 0.2985 0.5128 0.3640 0.1978
0.3657 0.5119 0.2931 0.1358 0.1611 0.2721 0.4997 0.4335 0.1524 0.1410 0.2078 0.3912 0.5048 0.2569 0.1351 0.1671 0.2890 0.5112 0.4105 0.1465 0.1441 0.2192 0.4165 0.4946 0.2195 0.1351 0.1749 0.3106 0.5174 0.3773 0.1412 0.1490 0.2365 0.4520 0.4750 0.1779 0.1366 0.1885 0.3471 0.5157 0.3170 0.1365 0.1586 0.2670 0.4968 0.4349 0.1520 0.1414 0.2089 0.3802 0.5127 0.3802 0.2089 0.1414 0.1520 0.4349 0.4968 0.2670 0.1586 0.1365 0.3170 0.5157 0.3471 0.1885 0.1366 0.1779 0.4750 0.4520 0.2365 0.1490 0.1412 0.3773 0.5174 0.3106 0.1749 0.1351 0.2195 0.4946 0.4165 0.2192 0.1441 0.1465 0.4105 0.5112 0.2890 0.1671 0.1351 0.2569 0.5048 0.3912 0.2078 0.1410 0.1524 0.4335 0.4997 0.2721 0.1611 0.1358 0.2931 0.5119 0.3657
0.5109 0.2876 0.1356 0.1620 0.2746 0.5019 0.4302 0.1514 0.1415 0.2095 0.3949 0.5035 0.2514 0.1350 0.1681 0.2918 0.5124 0.4067 0.1457 0.1445 0.2208 0.4197 0.4932 0.2158 0.1351 0.1756 0.3124 0.5176 0.3751 0.1410 0.1492 0.2371 0.4527 0.4748 0.1779 0.1366 0.1882 0.3462 0.5159 0.3191 0.1366 0.1582 0.2657 0.4953 0.4369 0.1527 0.1413 0.2096 0.3943 0.5075 0.4030 0.5075 0.3943 0.2096 0.1413 0.1527 0.4369 0.4953 0.2657 0.1582 0.1366 0.3191 0.5159 0.3462 0.1882 0.1366 0.1779 0.4748 0.4527 0.2371 0.1492 0.1410 0.3751 0.5176 0.3124 0.1756 0.1351 0.2158 0.4932 0.4197 0.2208 0.1445 0.1457 0.4067 0.5124 0.2918 0.1681 0.1350 0.2514 0.5035 0.3949 0.2095 0.1415 0.1514 0.4302 0.5019 0.2746 0.1620 0.1356 0.2876 0.5109
0.2846 0.1355 0.1629 0.2771 0.5039 0.4268 0.1504 0.1419 0.2111 0.3986 0.5021 0.2459 0.1350 0.1691 0.2945 0.5134 0.4029 0.1450 0.1450 0.2225 0.4232 0.4917 0.2117 0.1352 0.1765 0.3144 0.5177 0.3725 0.1407 0.1495 0.2380 0.4541 0.4741 0.1773 0.1366 0.1882 0.3459 0.5160 0.3205 0.1367 0.1579 0.2646 0.4941 0.4386 0.1533 0.1410 0.2090 0.3958 0.5033 0.2727 0.1435 0.2727 0.5033 0.3958 0.2090 0.1410 0.1533 0.4386 0.4941 0.2646 0.1579 0.1367 0.3205 0.5160 0.3459 0.1882 0.1366 0.1773 0.4741 0.4541 0.2380 0.1495 0.1407 0.3725 0.5177 0.3144 0.1765 0.1352 0.2117 0.4917 0.4232 0.2225 0.1450 0.1450 0.4029 0.5134 0.2945 0.1691 0.1350 0.2459 0.5021 0.3986 0.2111 0.1419 0.1504 0.4268 0.5039 0.2771 0.1629 0.1355 0.2846
0.1397 0.1638 0.2797 0.5058 0.4233 0.1495 0.1423 0.2128 0.4023 0.5007 0.2405 0.1350 0.1702 0.2973 0.5144 0.3989 0.1444 0.1456 0.2244 0.4270 0.4899 0.2072 0.1353 0.1774 0.3168 0.5179 0.3694 0.1404 0.1499 0.2391 0.4559 0.4730 0.1763 0.1367 0.1885 0.3462 0.5160 0.3211 0.1368 0.1577 0.2638 0.4930 0.4400 0.1539 0.1408 0.2082 0.3946 0.5028 0.2503 0.1347 0.1438 0.1347 0.2503 0.5028 0.3946 0.2082 0.1408 0.1539 0.4400 0.4930 0.2638 0.1577 0.1368 0.3211 0.5160 0.3462 0.1885 0.1367 0.1763 0.4730 0.4559 0.2391 0.1499 0.1404 0.3694 0.5179 0.3168 0.1774 0.1353 0.2072 0.4899 0.4270 0.2244 0.1456 0.1444 0.3989 0.5144 0.2973 0.1702 0.1350 0.2405 0.5007 0.4023 0.2128 0.1423 0.1495 0.4233 0.5058 0.2797 0.1638 0.1397
0.1671 0.2823 0.5075 0.4198 0.1486 0.1428 0.2145 0.4061 0.4992 0.2351 0.1350 0.1712 0.3001 0.5152 0.3949 0.1437 0.1461 0.2262 0.4308 0.4880 0.2027 0.1354 0.1785 0.3195 0.5180 0.3658 0.1401 0.1503 0.2404 0.4580 0.4718 0.1750 0.1368 0.1890 0.3471 0.5159 0.3205 0.1368 0.1576 0.2633 0.4923 0.4411 0.1543 0.1407 0.2074 0.3929 0.5033 0.2477 0.1349 0.1640 0.2215 0.1640 0.1349 0.2477 0.5033 0.3929 0.2074 0.1407 0.1543 0.4411 0.4923 0.2633 0.1576 0.1368 0.3205 0.5159 0.3471 0.1890 0.1368 0.1750 0.4718 0.4580 0.2404 0.1503 0.1401 0.3658 0.5180 0.3195 0.1785 0.1354 0.2027 0.4880 0.4308 0.2262 0.1461 0.1437 0.3949 0.5152 0.3001 0.1712 0.1350 0.2351 0.4992 0.4061 0.2145 0.1428 0.1486 0.4198 0.5075 0.2823 0.1671
0.2846 0.5090 0.4162 0.1477 0.1433 0.2162 0.4098 0.4977 0.2298 0.1350 0.1723 0.3029 0.5159 0.3908 0.1431 0.1467 0.2281 0.4345 0.4861 0.1984 0.1355 0.1797 0.3224 0.5181 0.3619 0.1397 0.1508 0.2418 0.4603 0.4704 0.1735 0.1369 0.1896 0.3485 0.5157 0.3191 0.1367 0.1577 0.2633 0.4920 0.4418 0.1547 0.1405 0.2068 0.3914 0.5038 0.2491 0.1350 0.1686 0.2827 0.4257 0.2827 0.1686 0.1350 0.2491 0.5038 0.3914 0.2068 0.1405 0.1547 0.4418 0.4920 0.2633 0.1577 0.1367 0.3191 0.5157 0.3485 0.1896 0.1369 0.1735 0.4704 0.4603 0.2418 0.1508 0.1397 0.3619 0.5181 0.3224 0.1797 0.1355 0.1984 0.4861 0.4345 0.2281 0.1467 0.1431 0.3908 0.5159 0.3029 0.1723 0.1350 0.2298 0.4977 0.4098 0.2162 0.1433 0.1477 0.4162 0.5090 0.2846
0.5088 0.4126 0.1469 0.1438 0.2180 0.4136 0.4961 0.2246 0.1350 0.1733 0.3058 0.5165 0.3867 0.1425 0.1473 0.2300 0.4383 0.4841 0.1942 0.1356 0.1809 0.3255 0.5181 0.3575 0.1393 0.1514 0.2435 0.4629 0.4687 0.1719 0.1370 0.1903 0.3502 0.5154 0.3170 0.1366 0.1579 0.2638 0.4923 0.4418 0.1548 0.1404 0.2063 0.3901 0.5043 0.2510 0.1350 0.1693 0.2940 0.5078 0.4891 0.5078 0.2940 0.1693 0.1350 0.2510 0.5043 0.3901 0.2063 0.1404 0.1548 0.4418 0.4923 0.2638 0.1579 0.1366 0.3170 0.5154 0.3502 0.1903 0.1370 0.1719 0.4687 0.4629 0.2435 0.1514 0.1393 0.3575 0.5181 0.3255 0.1809 0.1356 0.1942 0.4841 0.4383 0.2300 0.1473 0.1425 0.3867 0.5165 0.3058 0.1733 0.1350 0.2246 0.4961 0.4136 0.2180 0.1438 0.1469 0.4126 0.5088
0.4102 0.1461 0.1442 0.2197 0.4174 0.4944 0.2195 0.1351 0.1744 0.3087 0.5170 0.3824 0.1420 0.1478 0.2320 0.4420 0.4820 0.1904 0.1358 0.1821 0.3286 0.5180 0.3528 0.1389 0.1521 0.2454 0.4659 0.4667 0.1702 0.1372 0.1912 0.3522 0.5151 0.3144 0.1365 0.1582 0.2646 0.4930 0.4411 0.1547 0.1404 0.2062 0.3894 0.5046 0.2527 0.1350 0.1692 0.2957 0.5134 0.4172 0.2073 0.4172 0.5134 0.2957 0.1692 0.1350 0.2527 0.5046 0.3894 0.2062 0.1404 0.1547 0.4411 0.4930 0.2646 0.1582 0.1365 0.3144 0.5151 0.3522 0.1912 0.1372 0.1702 0.4667 0.4659 0.2454 0.1521 0.1389 0.3528 0.5180 0.3286 0.1821 0.1358 0.1904 0.4820 0.4420 0.2320 0.1478 0.1420 0.3824 0.5170 0.3087 0.1744 0.1351 0.2195 0.4944 0.4174 0.2197 0.1442 0.1461 0.4102
0.1498 0.1448 0.2215 0.4211 0.4927 0.2146 0.1351 0.1756 0.3117 0.5174 0.3781 0.1414 0.1484 0.2340 0.4457 0.4799 0.1867 0.1359 0.1833 0.3318 0.5178 0.3480 0.1386 0.1527 0.2475 0.4691 0.4644 0.1683 0.1375 0.1922 0.3546 0.5147 0.3112 0.1364 0.1586 0.2657 0.4941 0.4400 0.1543 0.1405 0.2063 0.3894 0.5048 0.2538 0.1350 0.1689 0.2955 0.5142 0.4013 0.1472 0.1343 0.1472 0.4013 0.5142 0.2955 0.1689 0.1350 0.2538 0.5048 0.3894 0.2063 0.1405 0.1543 0.4400 0.4941 0.2657 0.1586 0.1364 0.3112 0.5147 0.3546 0.1922 0.1375 0.1683 0.4644 0.4691 0.2475 0.1527 0.1386 0.3480 0.5178 0.3318 0.1833 0.1359 0.1867 0.4799 0.4457 0.2340 0.1484 0.1414 0.3781 0.5174 0.3117 0.1756 0.1351 0.2146 0.4927 0.4211 0.2215 0.1448 0.1498
0.1484 0.2234 0.4249 0.4909 0.2098 0.1352 0.1767 0.3146 0.5177 0.3737 0.1409 0.1491 0.2360 0.4494 0.4777 0.1833 0.1361 0.1846 0.3350 0.5176 0.3431 0.1382 0.1535 0.2497 0.4725 0.4618 0.1664 0.1377 0.1934 0.3573 0.5142 0.3075 0.1363 0.1591 0.2670 0.4953 0.4386 0.1539 0.1407 0.2068 0.3901 0.5046 0.2538 0.1350 0.1688 0.2950 0.5142 0.3984 0.1444 0.1427 0.1762 0.1427 0.1444 0.3984 0.5142 0.2950 0.1688 0.1350 0.2538 0.5046 0.3901 0.2068 0.1407 0.1539 0.4386 0.4953 0.2670 0.1591 0.1363 0.3075 0.5142 0.3573 0.1934 0.1377 0.1664 0.4618 0.4725 0.2497 0.1535 0.1382 0.3431 0.5176 0.3350 0.1846 0.1361 0.1833 0.4777 0.4494 0.2360 0.1491 0.1409 0.3737 0.5177 0.3146 0.1767 0.1352 0.2098 0.4909 0.4249 0.2234 0.1484
0.2260 0.4287 0.4891 0.2052 0.1353 0.1778 0.3177 0.5179 0.3693 0.1404 0.1497 0.2380 0.4531 0.4755 0.1801 0.1363 0.1859 0.3383 0.5173 0.3382 0.1379 0.1542 0.2519 0.4758 0.4592 0.1645 0.1380 0.1948 0.3604 0.5135 0.3032 0.1361 0.1597 0.2686 0.4968 0.4369 0.1533 0.1408 0.2074 0.3914 0.5043 0.2527 0.1350 0.1688 0.2948 0.5141 0.3982 0.1440 0.1455 0.2166 0.3183 0.2166 0.1455 0.1440 0.3982 0.5141 0.2948 0.1688 0.1350 0.2527 0.5043 0.3914 0.2074 0.1408 0.1533 0.4369 0.4968 0.2686 0.1597 0.1361 0.3032 0.5135 0.3604 0.1948 0.1380 0.1645 0.4592 0.4758 0.2519 0.1542 0.1379 0.3382 0.5173 0.3383 0.1859 0.1363 0.1801 0.4755 0.4531 0.2380 0.1497 0.1404 0.3693 0.5179 0.3177 0.1778 0.1353 0.2052 0.4891 0.4287 0.2260
0.4298 0.4872 0.2007 0.1354 0.1790 0.3207 0.5180 0.3648 0.1400 0.1503 0.2400 0.4567 0.4732 0.1772 0.1365 0.1872 0.3415 0.5169 0.3332 0.1376 0.1549 0.2541 0.4790 0.4564 0.1627 0.1383 0.1962 0.3638 0.5128 0.2985 0.1359 0.1604 0.2703 0.4984 0.4349 0.1527 0.1410 0.2082 0.3929 0.5038 0.2510 0.1350 0.1689 0.2950 0.5141 0.3983 0.1440 0.1460 0.2251 0.4135 0.5170 0.4135 0.2251 0.1460 0.1440 0.3983 0.5141 0.2950 0.1689 0.1350 0.2510 0.5038 0.3929 0.2082 0.1410 0.1527 0.4349 0.4984 0.2703 0.1604 0.1359 0.2985 0.5128 0.3638 0.1962 0.1383 0.1627 0.4564 0.4790 0.2541 0.1549 0.1376 0.3332 0.5169 0.3415 0.1872 0.1365 0.1772 0.4732 0.4567 0.2400 0.1503 0.1400 0.3648 0.5180 0.3207 0.1790 0.1354 0.2007 0.4872 0.4298
0.4859 0.1967 0.1355 0.1801 0.3236 0.5181 0.3604 0.1396 0.1510 0.2420 0.4601 0.4709 0.1746 0.1367 0.1884 0.3447 0.5165 0.3284 0.1373 0.1556 0.2563 0.4819 0.4538 0.1611 0.1386 0.1976 0.3671 0.5120 0.2936 0.1358 0.1610 0.2722 0.5000 0.4328 0.1520 0.1413 0.2090 0.3946 0.5033 0.2491 0.1350 0.1692 0.2955 0.5142 0.3982 0.1440 0.1461 0.2268 0.4300 0.4948 0.3647 0.4948 0.4300 0.2268 0.1461 0.1440 0.3982 0.5142 0.2955 0.1692 0.1350 0.2491 0.5033 0.3946 0.2090 0.1413 0.1520 0.4328 0.5000 0.2722 0.1610 0.1358 0.2936 0.5120 0.3671 0.1976 0.1386 0.1611 0.4538 0.4819 0.2563 0.1556 0.1373 0.3284 0.5165 0.3447 0.1884 0.1367 0.1746 0.4709 0.4601 0.2420 0.1510 0.1396 0.3604 0.5181 0.3236 0.1801 0.1355 0.1967 0.4859
0.1974 0.1356 0.1810 0.3259 0.5180 0.3569 0.1392 0.1514 0.2435 0.4627 0.4691 0.1727 0.1369 0.1894 0.3471 0.5161 0.3245 0.1370 0.1562 0.2580 0.4841 0.4517 0.1599 0.1388 0.1986 0.3697 0.5113 0.2896 0.1357 0.1616 0.2737 0.5012 0.4310 0.1515 0.1414 0.2096 0.3958 0.5028 0.2477 0.1350 0.1693 0.2957 0.5142 0.3984 0.1440 0.1460 0.2268 0.4328 0.4878 0.2222 0.1384 0.2222 0.4878 0.4328 0.2268 0.1460 0.1440 0.3984 0.5142 0.2957 0.1693 0.1350 0.2477 0.5028 0.3958 0.2096 0.1414 0.1515 0.4310 0.5012 0.2737 0.1616 0.1357 0.2896 0.5113 0.3697 0.1986 0.1388 0.1599 0.4517 0.4841 0.2580 0.1562 0.1370 0.3245 0.5161 0.3471 0.1894 0.1369 0.1727 0.4691 0.4627 0.2435 0.1514 0.1392 0.3569 0.5180 0.3259 0.1810 0.1356 0.1974
0.1396 0.1807 0.3255 0.5179 0.3574 0.1392 0.1512 0.2432 0.4622 0.4693 0.1729 0.1368 0.1891 0.3467 0.5160 0.3251 0.1370 0.1560 0.2576 0.4837 0.4520 0.1600 0.1387 0.1983 0.3693 0.5113 0.2902 0.1356 0.1614 0.2733 0.5007 0.4316 0.1517 0.1412 0.2089 0.3943 0.5033 0.2503 0.1349 0.1686 0.2940 0.5134 0.4013 0.1444 0.1455 0.2251 0.4300 0.4878 0.2050 0.1343 0.1485 0.1343 0.2050 0.4878 0.4300 0.2251 0.1455 0.1444 0.4013 0.5134 0.2940 0.1686 0.1349 0.2503 0.5033 0.3943 0.2089 0.1412 0.1517 0.4316 0.5007 0.2733 0.1614 0.1356 0.2902 0.5113 0.3693 0.1983 0.1387 0.1600 0.4520 0.4837 0.2576 0.1560 0.1370 0.3251 0.5160 0.3467 0.1891 0.1368 0.1729 0.4693 0.4622 0.2432 0.1512 0.1392 0.3574 0.5179 0.3255 0.1807 0.1396
0.1776 0.3140 0.5170 0.3748 0.1405 0.1482 0.2350 0.4487 0.4776 0.1837 0.1355 0.1835 0.3344 0.5169 0.3443 0.1377 0.1526 0.2488 0.4717 0.4620 0.1664 0.1371 0.1923 0.3563 0.5137 0.3108 0.1359 0.1576 0.2638 0.4915 0.4436 0.1558 0.1392 0.2021 0.3802 0.5075 0.2727 0.1347 0.1640 0.2827 0.5078 0.4172 0.1472 0.1427 0.2166 0.4135 0.4948 0.2222 0.1343 0.1673 0.2286 0.1673 0.1343 0.2222 0.4948 0.4135 0.2166 0.1427 0.1472 0.4172 0.5078 0.2827 0.1640 0.1347 0.2727 0.5075 0.3802 0.2021 0.1392 0.1558 0.4436 0.4915 0.2638 0.1576 0.1359 0.3108 0.5137 0.3563 0.1923 0.1371 0.1664 0.4620 0.4717 0.2488 0.1526 0.1377 0.3443 0.5169 0.3344 0.1835 0.1355 0.1837 0.4776 0.4487 0.2350 0.1482 0.1405 0.3748 0.5170 0.3140 0.1776
0.2453 0.4670 0.4656 0.1693 0.1362 0.1890 0.3504 0.5143 0.3197 0.1355 0.1555 0.2590 0.4874 0.4480 0.1572 0.1381 0.1984 0.3734 0.5090 0.2845 0.1344 0.1610 0.2751 0.5031 0.4276 0.1493 0.1405 0.2088 0.3976 0.5013 0.2483 0.1340 0.1672 0.2930 0.5127 0.4030 0.1435 0.1438 0.2215 0.4257 0.4891 0.2073 0.1343 0.1762 0.3183 0.5170 0.3647 0.1384 0.1485 0.2286 0.3400 0.2286 0.1485 0.1384 0.3647 0.5170 0.3183 0.1762 0.1343 0.2073 0.4891 0.4257 0.2215 0.1438 0.1435 0.4030 0.5127 0.2930 0.1672 0.1340 0.2483 0.5013 0.3976 0.2088 0.1405 0.1493 0.4276 0.5031 0.2751 0.1610 0.1344 0.2845 0.5090 0.3734 0.1984 0.1381 0.1572 0.4480 0.4874 0.2590 0.1555 0.1355 0.3197 0.5143 0.3504 0.1890 0.1362 0.1693 0.4656 0.4670 0.2453
0.1776 0.3140 0.5170 0.3748 0.1405 0.1482 0.2350 0.4487 0.4776 0.1837 0.1355 0.1835 0.3344 0.5169 0.3443 0.1377 0.1526 0.2488 0.4717 0.4620 0.1664 0.1371 0.1923 0.3563 0.5137 0.3108 0.1359 0.1576 0.2638 0.4915 0.4436 0.1558 0.1392 0.2021 0.3802 0.5075 0.2727 0.1347 0.1640 0.2827 0.5078 0.4172 0.1472 0.1427 0.2166 0.4135 0.4948 0.2222 0.1343 0.1673 0.2286 0.1673 0.1343 0.2222 0.4948 0.4135 0.2166 0.1427 0.1472 0.4172 0.5078 0.2827 0.1640 0.1347 0.2727 0.5075 0.3802 0.2021 0.1392 0.1558 0.4436 0.4915 0.2638 0.1576 0.1359 0.3108 0.5137 0.3563 0.1923 0.1371 0.1664 0.4620 0.4717 0.2488 0.1526 0.1377 0.3443 0.5169 0.3344 0.1835 0.1355 0.1837 0.4776 0.4487 0.2350 0.1482 0.1405 0.3748 0.5170 0.3140 0.1776
0.1396 0.1807 0.3255 0.5179 0.3574 0.1392 0.1512 0.2432 0.4622 0.4693 0.1729 0.1368 0.1891 0.3467 0.5160 0.3251 0.1370 0.1560 0.2576 0.4837 0.4520 0.1600 0.1387 0.1983 0.3693 0.5113 0.2902 0.1356 0.1614 0.2733 0.5007 0.4316 0.1517 0.1412 0.2089 0.3943 0.5033 0.2503 0.1349 0.1686 0.2940 0.5134 0.4013 0.1444 0.1455 0.2251 0.4300 0.4878 0.2050 0.1343 0.1485 0.1343 0.2050 0.4878 0.4300 0.2251 0.1455 0.1444 0.4013 0.5134 0.2940 0.1686 0.1349 0.2503 0.5033 0.3943 0.2089 0.1412 0.1517 0.4316 0.5007 0.2733 0.1614 0.1356 0.2902 0.5113 0.3693 0.1983 0.1387 0.1600 0.4520 0.4837 0.2576 0.1560 0.1370 0.3251 0.5160 0.3467 0.1891 0.1368 0.1729 0.4693 0.4622 0.2432 0.1512 0.1392 0.3574 0.5179 0.3255 0.1807 0.1396
0.1974 0.1356 0.1810 0.3259 0.5180 0.3569 0.1392 0.1514 0.2435 0.4627 0.4691 0.1727 0.1369 0.1894 0.3471 0.5161 0.3245 0.1370 0.1562 0.2580 0.4841 0.4517 0.1599 0.1388 0.1986 0.3697 0.5113 0.2896 0.1357 0.1616 0.2737 0.5012 0.4310 0.1515 0.1414 0.2096 0.3958 0.5028 0.2477 0.1350 0.1693 0.2957 0.5142 0.3984 0.1440 0.1460 0.2268 0.4328 0.4878 0.2222 0.1384 0.2222 0.4878 0.4328 0.2268 0.1460 0.1440 0.3984 0.5142 0.2957 0.1693 0.1350 0.2477 0.5028 0.3958 0.2096 0.1414 0.1515 0.4310 0.5012 0.2737 0.1616 0.1357 0.2896 0.5113 0.3697 0.1986 0.1388 0.1599 0.4517 0.4841 0.2580 0.1562 0.1370 0.3245 0.5161 0.3471 0.1894 0.1369 0.1727 0.4691 0.4627 0.2435 0.1514 0.1392 0.3569 0.5180 0.3259 0.1810 0.1356 0.1974
0.4859 0.1967 0.1355 0.1801 0.3236 0.5181 0.3604 0.1396 0.1510 0.2420 0.4601 0.4709 0.1746 0.1367 0.1884 0.3447 0.5165 0.3284 0.1373 0.1556 0.2563 0.4819 0.4538 0.1611 0.1386 0.1976 0.3671 0.5120 0.2936 0.1358 0.1610 0.2722 0.5000 0.4328 0.1520 0.1413 0.2090 0.3946 0.5033 0.2491 0.1350 0.1692 0.2955 0.5142 0.3982 0.1440 0.1461 0.2268 0.4300 0.4948 0.3647 0.4948 0.4300 0.2268 0.1461 0.1440 0.3982 0.5142 0.2955 0.1692 0.1350 0.2491 0.5033 0.3946 0.2090 0.1413 0.1520 0.4328 0.5000 0.2722 0.1610 0.1358 0.2936 0.5120 0.3671 0.1976 0.1386 0.1611 0.4538 0.4819 0.2563 0.1556 0.1373 0.3284 0.5165 0.3447 0.1884 0.1367 0.1746 0.4709 0.4601 0.2420 0.1510 0.1396 0.3604 0.5181 0.3236 0.1801 0.1355 0.1967 0.4859
0.4298 0.4872 0.2007 0.1354 0.1790 0.3207 0.5180 0.3648 0.1400 0.1503 0.2400 0.4567 0.4732 0.1772 0.1365 0.1872 0.3415 0.5169 0.3332 0.1376 0.1549 0.2541 0.4790 0.4564 0.1627 0.1383 0.1962 0.3638 0.5128 0.2985 0.1359 0.1604 0.2703 0.4984 0.4349 0.1527 0.1410 0.2082 0.3929 0.5038 0.2510 0.1350 0.1689 0.2950 0.5141 0.3983 0.1440 0.1460 0.2251 0.4135 0.5170 0.4135 0.2251 0.1460 0.1440 0.3983 0.5141 0.2950 0.1689 0.1350 0.2510 0.5038 0.3929 0.2082 0.1410 0.1527 0.4349 0.4984 0.2703 0.1604 0.1359 0.2985 0.5128 0.3638 0.1962 0.1383 0.1627 0.4564 0.4790 0.2541 0.1549 0.1376 0.3332 0.5169 0.3415 0.1872 0.1365 0.1772 0.4732 0.4567 0.2400 0.1503 0.1400 0.3648 0.5180 0.3207 0.1790 0.1354 0.2007 0.4872 0.4298
