0.1437 0.1821 0.3263 0.5173 0.3464 0.1424 0.1575 0.2563 0.4821 0.4494 0.1611 0.1435 0.2063 0.3863 0.5046 0.2529 0.1393 0.1726 0.3001 0.5149 0.3872 0.1462 0.1516 0.2371 0.4513 0.4734 0.1778 0.1409 0.1931 0.3542 0.5136 0.3027 0.1402 0.1641 0.2761 0.5032 0.4224 0.1523 0.1469 0.2201 0.4173 0.4920 0.2102 0.1395 0.1817 0.3246 0.5173 0.3510 0.1430 0.1522 0.1933 0.1522 0.1430 0.3510 0.5173 0.3246 0.1817 0.1395 0.2102 0.4920 0.4173 0.2201 0.1469 0.1523 0.4224 0.5032 0.2761 0.1641 0.1402 0.3027 0.5136 0.3542 0.1931 0.1409 0.1778 0.4734 0.4513 0.2371 0.1516 0.1462 0.3872 0.5149 0.3001 0.1726 0.1393 0.2529 0.5046 0.3863 0.2063 0.1435 0.1611 0.4494 0.4821 0.2563 0.1575 0.1424 0.3464 0.5173 0.3263 0.1821 0.1437
0.1821 0.3258 0.5180 0.3486 0.1383 0.1541 0.2538 0.4817 0.4512 0.1583 0.1396 0.2035 0.3847 0.5057 0.2555 0.1350 0.1694 0.2980 0.5154 0.3898 0.1424 0.1480 0.2345 0.4503 0.4749 0.1765 0.1368 0.1902 0.3524 0.5146 0.3058 0.1360 0.1608 0.2737 0.5032 0.4246 0.1489 0.1431 0.2174 0.4161 0.4933 0.2115 0.1353 0.1786 0.3227 0.5181 0.3526 0.1386 0.1524 0.2384 0.3564 0.2384 0.1524 0.1386 0.3526 0.5181 0.3227 0.1786 0.1353 0.2115 0.4933 0.4161 0.2174 0.1431 0.1489 0.4246 0.5032 0.2737 0.1608 0.1360 0.3058 0.5146 0.3524 0.1902 0.1368 0.1765 0.4749 0.4503 0.2345 0.1480 0.1424 0.3898 0.5154 0.2980 0.1694 0.1350 0.2555 0.5057 0.3847 0.2035 0.1396 0.1583 0.4512 0.4817 0.2538 0.1541 0.1383 0.3486 0.5180 0.3258 0.1821
0.3263 0.5180 0.3504 0.1385 0.1535 0.2519 0.4788 0.4539 0.1597 0.1393 0.2020 0.3811 0.5069 0.2610 0.1351 0.1684 0.2952 0.5146 0.3939 0.1430 0.1474 0.2325 0.4467 0.4772 0.1794 0.1366 0.1888 0.3490 0.5152 0.3111 0.1362 0.1599 0.2712 0.5012 0.4280 0.1498 0.1426 0.2156 0.4123 0.4950 0.2163 0.1352 0.1774 0.3196 0.5181 0.3571 0.1389 0.1526 0.2467 0.4547 0.5132 0.4547 0.2467 0.1526 0.1389 0.3571 0.5181 0.3196 0.1774 0.1352 0.2163 0.4950 0.4123 0.2156 0.1426 0.1498 0.4280 0.5012 0.2712 0.1599 0.1362 0.3111 0.5152 0.3490 0.1888 0.1366 0.1794 0.4772 0.4467 0.2325 0.1474 0.1430 0.3939 0.5146 0.2952 0.1684 0.1351 0.2610 0.5069 0.3811 0.2020 0.1393 0.1597 0.4539 0.4788 0.2519 0.1535 0.1385 0.3504 0.5180 0.3263
0.5173 0.3486 0.1385 0.1533 0.2507 0.4766 0.4561 0.1610 0.1389 0.2005 0.3777 0.5080 0.2665 0.1351 0.1674 0.2924 0.5137 0.3979 0.1436 0.1468 0.2305 0.4430 0.4794 0.1825 0.1364 0.1875 0.3457 0.5158 0.3164 0.1364 0.1591 0.2688 0.4989 0.4314 0.1507 0.1422 0.2139 0.4085 0.4966 0.2213 0.1351 0.1763 0.3166 0.5180 0.3617 0.1393 0.1521 0.2470 0.4679 0.4739 0.3109 0.4739 0.4679 0.2470 0.1521 0.1393 0.3617 0.5180 0.3166 0.1763 0.1351 0.2213 0.4966 0.4085 0.2139 0.1422 0.1507 0.4314 0.4989 0.2688 0.1591 0.1364 0.3164 0.5158 0.3457 0.1875 0.1364 0.1825 0.4794 0.4430 0.2305 0.1468 0.1436 0.3979 0.5137 0.2924 0.1674 0.1351 0.2665 0.5080 0.3777 0.2005 0.1389 0.1610 0.4561 0.4766 0.2507 0.1533 0.1385 0.3486 0.5173
0.3464 0.1383 0.1535 0.2507 0.4757 0.4574 0.1620 0.1387 0.1993 0.3746 0.5090 0.2716 0.1352 0.1665 0.2898 0.5127 0.4019 0.1442 0.1463 0.2286 0.4392 0.4815 0.1858 0.1362 0.1862 0.3424 0.5163 0.3216 0.1367 0.1583 0.2664 0.4966 0.4346 0.1517 0.1417 0.2122 0.4048 0.4982 0.2264 0.1350 0.1752 0.3136 0.5178 0.3663 0.1397 0.1514 0.2455 0.4684 0.4652 0.1785 0.1351 0.1785 0.4652 0.4684 0.2455 0.1514 0.1397 0.3663 0.5178 0.3136 0.1752 0.1350 0.2264 0.4982 0.4048 0.2122 0.1417 0.1517 0.4346 0.4966 0.2664 0.1583 0.1367 0.3216 0.5163 0.3424 0.1862 0.1362 0.1858 0.4815 0.4392 0.2286 0.1463 0.1442 0.4019 0.5127 0.2898 0.1665 0.1352 0.2716 0.5090 0.3746 0.1993 0.1387 0.1620 0.4574 0.4757 0.2507 0.1535 0.1383 0.3464
0.1424 0.1541 0.2519 0.4766 0.4574 0.1624 0.1386 0.1985 0.3721 0.5098 0.2762 0.1353 0.1656 0.2873 0.5116 0.4057 0.1449 0.1457 0.2267 0.4355 0.4836 0.1894 0.1360 0.1849 0.3391 0.5168 0.3268 0.1369 0.1575 0.2640 0.4941 0.4379 0.1528 0.1413 0.2105 0.4010 0.4997 0.2317 0.1350 0.1741 0.3106 0.5176 0.3708 0.1402 0.1508 0.2435 0.4658 0.4650 0.1690 0.1359 0.1568 0.1359 0.1690 0.4650 0.4658 0.2435 0.1508 0.1402 0.3708 0.5176 0.3106 0.1741 0.1350 0.2317 0.4997 0.4010 0.2105 0.1413 0.1528 0.4379 0.4941 0.2640 0.1575 0.1369 0.3268 0.5168 0.3391 0.1849 0.1360 0.1894 0.4836 0.4355 0.2267 0.1457 0.1449 0.4057 0.5116 0.2873 0.1656 0.1353 0.2762 0.5098 0.3721 0.1985 0.1386 0.1624 0.4574 0.4766 0.2519 0.1541 0.1424
0.1575 0.2538 0.4788 0.4561 0.1620 0.1386 0.1982 0.3709 0.5103 0.2798 0.1353 0.1648 0.2851 0.5104 0.4091 0.1455 0.1452 0.2249 0.4317 0.4856 0.1932 0.1358 0.1836 0.3358 0.5172 0.3319 0.1372 0.1567 0.2616 0.4915 0.4410 0.1539 0.1409 0.2089 0.3973 0.5012 0.2370 0.1350 0.1730 0.3077 0.5173 0.3753 0.1406 0.1501 0.2414 0.4625 0.4669 0.1689 0.1372 0.1857 0.2629 0.1857 0.1372 0.1689 0.4669 0.4625 0.2414 0.1501 0.1406 0.3753 0.5173 0.3077 0.1730 0.1350 0.2370 0.5012 0.3973 0.2089 0.1409 0.1539 0.4410 0.4915 0.2616 0.1567 0.1372 0.3319 0.5172 0.3358 0.1836 0.1358 0.1932 0.4856 0.4317 0.2249 0.1452 0.1455 0.4091 0.5104 0.2851 0.1648 0.1353 0.2798 0.5103 0.3709 0.1982 0.1386 0.1620 0.4561 0.4788 0.2538 0.1575
0.2563 0.4817 0.4539 0.1610 0.1387 0.1985 0.3709 0.5105 0.2815 0.1354 0.1643 0.2832 0.5094 0.4122 0.1461 0.1447 0.2232 0.4282 0.4875 0.1973 0.1357 0.1824 0.3326 0.5175 0.3369 0.1375 0.1559 0.2593 0.4887 0.4441 0.1551 0.1405 0.2073 0.3936 0.5026 0.2424 0.1350 0.1719 0.3048 0.5169 0.3796 0.1411 0.1495 0.2393 0.4590 0.4692 0.1705 0.1373 0.1913 0.3398 0.4919 0.3398 0.1913 0.1373 0.1705 0.4692 0.4590 0.2393 0.1495 0.1411 0.3796 0.5169 0.3048 0.1719 0.1350 0.2424 0.5026 0.3936 0.2073 0.1405 0.1551 0.4441 0.4887 0.2593 0.1559 0.1375 0.3369 0.5175 0.3326 0.1824 0.1357 0.1973 0.4875 0.4282 0.2232 0.1447 0.1461 0.4122 0.5094 0.2832 0.1643 0.1354 0.2815 0.5105 0.3709 0.1985 0.1387 0.1610 0.4539 0.4817 0.2563
0.4821 0.4512 0.1597 0.1389 0.1993 0.3721 0.5103 0.2815 0.1354 0.1640 0.2820 0.5085 0.4147 0.1467 0.1443 0.2217 0.4249 0.4892 0.2013 0.1355 0.1812 0.3294 0.5178 0.3419 0.1378 0.1551 0.2570 0.4858 0.4471 0.1564 0.1401 0.2057 0.3899 0.5039 0.2478 0.1350 0.1708 0.3019 0.5163 0.3839 0.1416 0.1488 0.2373 0.4554 0.4716 0.1728 0.1372 0.1916 0.3523 0.5164 0.4432 0.5164 0.3523 0.1916 0.1372 0.1728 0.4716 0.4554 0.2373 0.1488 0.1416 0.3839 0.5163 0.3019 0.1708 0.1350 0.2478 0.5039 0.3899 0.2057 0.1401 0.1564 0.4471 0.4858 0.2570 0.1551 0.1378 0.3419 0.5178 0.3294 0.1812 0.1355 0.2013 0.4892 0.4249 0.2217 0.1443 0.1467 0.4147 0.5085 0.2820 0.1640 0.1354 0.2815 0.5103 0.3721 0.1993 0.1389 0.1597 0.4512 0.4821
0.4494 0.1583 0.1393 0.2005 0.3746 0.5098 0.2798 0.1354 0.1640 0.2816 0.5080 0.4163 0.1472 0.1440 0.2204 0.4220 0.4907 0.2051 0.1354 0.1801 0.3265 0.5179 0.3468 0.1381 0.1544 0.2547 0.4828 0.4500 0.1577 0.1397 0.2041 0.3862 0.5052 0.2533 0.1350 0.1698 0.2991 0.5157 0.3881 0.1422 0.1482 0.2353 0.4518 0.4740 0.1754 0.1369 0.1906 0.3527 0.5150 0.3361 0.1549 0.3361 0.5150 0.3527 0.1906 0.1369 0.1754 0.4740 0.4518 0.2353 0.1482 0.1422 0.3881 0.5157 0.2991 0.1698 0.1350 0.2533 0.5052 0.3862 0.2041 0.1397 0.1577 0.4500 0.4828 0.2547 0.1544 0.1381 0.3468 0.5179 0.3265 0.1801 0.1354 0.2051 0.4907 0.4220 0.2204 0.1440 0.1472 0.4163 0.5080 0.2816 0.1640 0.1354 0.2798 0.5098 0.3746 0.2005 0.1393 0.1583 0.4494
0.1611 0.1396 0.2020 0.3777 0.5090 0.2762 0.1353 0.1643 0.2820 0.5080 0.4169 0.1474 0.1438 0.2194 0.4196 0.4919 0.2086 0.1353 0.1791 0.3237 0.5180 0.3513 0.1385 0.1537 0.2525 0.4798 0.4529 0.1591 0.1394 0.2025 0.3826 0.5065 0.2588 0.1350 0.1688 0.2963 0.5149 0.3923 0.1427 0.1476 0.2333 0.4481 0.4763 0.1782 0.1367 0.1893 0.3502 0.5151 0.3165 0.1372 0.1386 0.1372 0.3165 0.5151 0.3502 0.1893 0.1367 0.1782 0.4763 0.4481 0.2333 0.1476 0.1427 0.3923 0.5149 0.2963 0.1688 0.1350 0.2588 0.5065 0.3826 0.2025 0.1394 0.1591 0.4529 0.4798 0.2525 0.1537 0.1385 0.3513 0.5180 0.3237 0.1791 0.1353 0.2086 0.4919 0.4196 0.2194 0.1438 0.1474 0.4169 0.5080 0.2820 0.1643 0.1353 0.2762 0.5090 0.3777 0.2020 0.1396 0.1611
0.1435 0.2035 0.3811 0.5080 0.2716 0.1353 0.1648 0.2832 0.5085 0.4163 0.1474 0.1437 0.2189 0.4180 0.4929 0.2114 0.1353 0.1782 0.3213 0.5181 0.3554 0.1388 0.1530 0.2504 0.4767 0.4557 0.1606 0.1390 0.2010 0.3789 0.5076 0.2644 0.1351 0.1678 0.2935 0.5141 0.3963 0.1433 0.1471 0.2313 0.4444 0.4785 0.1812 0.1365 0.1880 0.3470 0.5156 0.3159 0.1365 0.1538 0.2010 0.1538 0.1365 0.3159 0.5156 0.3470 0.1880 0.1365 0.1812 0.4785 0.4444 0.2313 0.1471 0.1433 0.3963 0.5141 0.2935 0.1678 0.1351 0.2644 0.5076 0.3789 0.2010 0.1390 0.1606 0.4557 0.4767 0.2504 0.1530 0.1388 0.3554 0.5181 0.3213 0.1782 0.1353 0.2114 0.4929 0.4180 0.2189 0.1437 0.1474 0.4163 0.5085 0.2832 0.1648 0.1353 0.2716 0.5080 0.3811 0.2035 0.1435
0.2063 0.3847 0.5069 0.2665 0.1352 0.1656 0.2851 0.5094 0.4147 0.1472 0.1438 0.2189 0.4174 0.4934 0.2133 0.1352 0.1775 0.3192 0.5181 0.3590 0.1391 0.1524 0.2485 0.4737 0.4583 0.1622 0.1387 0.1995 0.3753 0.5087 0.2699 0.1352 0.1668 0.2908 0.5131 0.4003 0.1439 0.1465 0.2294 0.4407 0.4807 0.1845 0.1362 0.1867 0.3437 0.5161 0.3198 0.1366 0.1573 0.2525 0.3794 0.2525 0.1573 0.1366 0.3198 0.5161 0.3437 0.1867 0.1362 0.1845 0.4807 0.4407 0.2294 0.1465 0.1439 0.4003 0.5131 0.2908 0.1668 0.1352 0.2699 0.5087 0.3753 0.1995 0.1387 0.1622 0.4583 0.4737 0.2485 0.1524 0.1391 0.3590 0.5181 0.3192 0.1775 0.1352 0.2133 0.4934 0.4174 0.2189 0.1438 0.1472 0.4147 0.5094 0.2851 0.1656 0.1352 0.2665 0.5069 0.3847 0.2063
0.3863 0.5057 0.2610 0.1351 0.1665 0.2873 0.5104 0.4122 0.1467 0.1440 0.2194 0.4180 0.4934 0.2140 0.1352 0.1771 0.3178 0.5180 0.3620 0.1394 0.1519 0.2467 0.4710 0.4606 0.1638 0.1384 0.1981 0.3718 0.5098 0.2755 0.1352 0.1658 0.2881 0.5120 0.4042 0.1446 0.1459 0.2275 0.4370 0.4828 0.1880 0.1361 0.1854 0.3404 0.5166 0.3248 0.1368 0.1575 0.2615 0.4771 0.5073 0.4771 0.2615 0.1575 0.1368 0.3248 0.5166 0.3404 0.1854 0.1361 0.1880 0.4828 0.4370 0.2275 0.1459 0.1446 0.4042 0.5120 0.2881 0.1658 0.1352 0.2755 0.5098 0.3718 0.1981 0.1384 0.1638 0.4606 0.4710 0.2467 0.1519 0.1394 0.3620 0.5180 0.3178 0.1771 0.1352 0.2140 0.4934 0.4180 0.2194 0.1440 0.1467 0.4122 0.5104 0.2873 0.1665 0.1351 0.2610 0.5057 0.3863
0.5046 0.2555 0.1351 0.1674 0.2898 0.5116 0.4091 0.1461 0.1443 0.2204 0.4196 0.4929 0.2133 0.1352 0.1769 0.3170 0.5180 0.3641 0.1396 0.1515 0.2453 0.4685 0.4627 0.1653 0.1381 0.1968 0.3686 0.5107 0.2809 0.1353 0.1649 0.2854 0.5107 0.4081 0.1453 0.1454 0.2256 0.4332 0.4848 0.1917 0.1359 0.1841 0.3371 0.5170 0.3299 0.1371 0.1569 0.2618 0.4885 0.4576 0.2754 0.4576 0.4885 0.2618 0.1569 0.1371 0.3299 0.5170 0.3371 0.1841 0.1359 0.1917 0.4848 0.4332 0.2256 0.1454 0.1453 0.4081 0.5107 0.2854 0.1649 0.1353 0.2809 0.5107 0.3686 0.1968 0.1381 0.1653 0.4627 0.4685 0.2453 0.1515 0.1396 0.3641 0.5180 0.3170 0.1769 0.1352 0.2133 0.4929 0.4196 0.2204 0.1443 0.1461 0.4091 0.5116 0.2898 0.1674 0.1351 0.2555 0.5046
0.2529 0.1350 0.1684 0.2924 0.5127 0.4057 0.1455 0.1447 0.2217 0.4220 0.4919 0.2114 0.1352 0.1771 0.3170 0.5180 0.3652 0.1398 0.1512 0.2442 0.4664 0.4644 0.1667 0.1379 0.1956 0.3656 0.5116 0.2858 0.1355 0.1640 0.2828 0.5093 0.4118 0.1460 0.1449 0.2237 0.4295 0.4868 0.1957 0.1357 0.1829 0.3339 0.5174 0.3349 0.1374 0.1562 0.2601 0.4889 0.4472 0.1633 0.1342 0.1633 0.4472 0.4889 0.2601 0.1562 0.1374 0.3349 0.5174 0.3339 0.1829 0.1357 0.1957 0.4868 0.4295 0.2237 0.1449 0.1460 0.4118 0.5093 0.2828 0.1640 0.1355 0.2858 0.5116 0.3656 0.1956 0.1379 0.1667 0.4644 0.4664 0.2442 0.1512 0.1398 0.3652 0.5180 0.3170 0.1771 0.1352 0.2114 0.4919 0.4220 0.2217 0.1447 0.1455 0.4057 0.5127 0.2924 0.1684 0.1350 0.2529
0.1393 0.1694 0.2952 0.5137 0.4019 0.1449 0.1452 0.2232 0.4249 0.4907 0.2086 0.1353 0.1775 0.3178 0.5180 0.3652 0.1398 0.1510 0.2435 0.4650 0.4657 0.1679 0.1377 0.1946 0.3630 0.5123 0.2903 0.1356 0.1632 0.2804 0.5078 0.4155 0.1468 0.1444 0.2219 0.4257 0.4887 0.1999 0.1356 0.1817 0.3307 0.5177 0.3399 0.1377 0.1554 0.2579 0.4868 0.4468 0.1576 0.1375 0.1624 0.1375 0.1576 0.4468 0.4868 0.2579 0.1554 0.1377 0.3399 0.5177 0.3307 0.1817 0.1356 0.1999 0.4887 0.4257 0.2219 0.1444 0.1468 0.4155 0.5078 0.2804 0.1632 0.1356 0.2903 0.5123 0.3630 0.1946 0.1377 0.1679 0.4657 0.4650 0.2435 0.1510 0.1398 0.3652 0.5180 0.3178 0.1775 0.1353 0.2086 0.4907 0.4249 0.2232 0.1452 0.1449 0.4019 0.5137 0.2952 0.1694 0.1393
0.1726 0.2980 0.5146 0.3979 0.1442 0.1457 0.2249 0.4282 0.4892 0.2051 0.1353 0.1782 0.3192 0.5180 0.3641 0.1398 0.1510 0.2432 0.4641 0.4665 0.1687 0.1376 0.1938 0.3607 0.5129 0.2944 0.1357 0.1624 0.2782 0.5063 0.4189 0.1475 0.1439 0.2201 0.4219 0.4905 0.2043 0.1354 0.1804 0.3275 0.5179 0.3448 0.1380 0.1547 0.2556 0.4840 0.4490 0.1575 0.1392 0.1946 0.2794 0.1946 0.1392 0.1575 0.4490 0.4840 0.2556 0.1547 0.1380 0.3448 0.5179 0.3275 0.1804 0.1354 0.2043 0.4905 0.4219 0.2201 0.1439 0.1475 0.4189 0.5063 0.2782 0.1624 0.1357 0.2944 0.5129 0.3607 0.1938 0.1376 0.1687 0.4665 0.4641 0.2432 0.1510 0.1398 0.3641 0.5180 0.3192 0.1782 0.1353 0.2051 0.4892 0.4282 0.2249 0.1457 0.1442 0.3979 0.5146 0.2980 0.1726
0.3001 0.5154 0.3939 0.1436 0.1463 0.2267 0.4317 0.4875 0.2013 0.1354 0.1791 0.3213 0.5181 0.3620 0.1396 0.1512 0.2435 0.4641 0.4668 0.1692 0.1375 0.1932 0.3590 0.5133 0.2979 0.1358 0.1618 0.2763 0.5049 0.4219 0.1483 0.1434 0.2184 0.4182 0.4923 0.2089 0.1353 0.1793 0.3244 0.5180 0.3497 0.1383 0.1539 0.2534 0.4810 0.4518 0.1586 0.1394 0.2008 0.3620 0.5060 0.3620 0.2008 0.1394 0.1586 0.4518 0.4810 0.2534 0.1539 0.1383 0.3497 0.5180 0.3244 0.1793 0.1353 0.2089 0.4923 0.4182 0.2184 0.1434 0.1483 0.4219 0.5049 0.2763 0.1618 0.1358 0.2979 0.5133 0.3590 0.1932 0.1375 0.1692 0.4668 0.4641 0.2435 0.1512 0.1396 0.3620 0.5181 0.3213 0.1791 0.1354 0.2013 0.4875 0.4317 0.2267 0.1463 0.1436 0.3939 0.5154 0.3001
0.5149 0.3898 0.1430 0.1468 0.2286 0.4355 0.4856 0.1973 0.1355 0.1801 0.3237 0.5181 0.3590 0.1394 0.1515 0.2442 0.4650 0.4665 0.1692 0.1375 0.1929 0.3579 0.5136 0.3006 0.1359 0.1612 0.2746 0.5036 0.4245 0.1490 0.1430 0.2169 0.4148 0.4940 0.2135 0.1352 0.1781 0.3213 0.5181 0.3545 0.1387 0.1532 0.2511 0.4779 0.4546 0.1600 0.1391 0.2011 0.3752 0.5125 0.4219 0.5125 0.3752 0.2011 0.1391 0.1600 0.4546 0.4779 0.2511 0.1532 0.1387 0.3545 0.5181 0.3213 0.1781 0.1352 0.2135 0.4940 0.4148 0.2169 0.1430 0.1490 0.4245 0.5036 0.2746 0.1612 0.1359 0.3006 0.5136 0.3579 0.1929 0.1375 0.1692 0.4665 0.4650 0.2442 0.1515 0.1394 0.3590 0.5181 0.3237 0.1801 0.1355 0.1973 0.4856 0.4355 0.2286 0.1468 0.1430 0.3898 0.5149
0.3872 0.1424 0.1474 0.2305 0.4392 0.4836 0.1932 0.1357 0.1812 0.3265 0.5180 0.3554 0.1391 0.1519 0.2453 0.4664 0.4657 0.1687 0.1375 0.1929 0.3576 0.5138 0.3023 0.1360 0.1608 0.2731 0.5023 0.4268 0.1496 0.1427 0.2155 0.4117 0.4954 0.2179 0.1352 0.1770 0.3183 0.5180 0.3592 0.1391 0.1525 0.2489 0.4746 0.4574 0.1616 0.1388 0.2000 0.3756 0.5097 0.3019 0.1477 0.3019 0.5097 0.3756 0.2000 0.1388 0.1616 0.4574 0.4746 0.2489 0.1525 0.1391 0.3592 0.5180 0.3183 0.1770 0.1352 0.2179 0.4954 0.4117 0.2155 0.1427 0.1496 0.4268 0.5023 0.2731 0.1608 0.1360 0.3023 0.5138 0.3576 0.1929 0.1375 0.1687 0.4657 0.4664 0.2453 0.1519 0.1391 0.3554 0.5180 0.3265 0.1812 0.1357 0.1932 0.4836 0.4392 0.2305 0.1474 0.1424 0.3872
0.1462 0.1480 0.2325 0.4430 0.4815 0.1894 0.1358 0.1824 0.3294 0.5179 0.3513 0.1388 0.1524 0.2467 0.4685 0.4644 0.1679 0.1376 0.1932 0.3579 0.5138 0.3028 0.1360 0.1605 0.2721 0.5013 0.4286 0.1502 0.1424 0.2143 0.4089 0.4966 0.2220 0.1351 0.1759 0.3154 0.5179 0.3638 0.1395 0.1518 0.2468 0.4713 0.4601 0.1633 0.1385 0.1986 0.3730 0.5097 0.2811 0.1355 0.1412 0.1355 0.2811 0.5097 0.3730 0.1986 0.1385 0.1633 0.4601 0.4713 0.2468 0.1518 0.1395 0.3638 0.5179 0.3154 0.1759 0.1351 0.2220 0.4966 0.4089 0.2143 0.1424 0.1502 0.4286 0.5013 0.2721 0.1605 0.1360 0.3028 0.5138 0.3579 0.1932 0.1376 0.1679 0.4644 0.4685 0.2467 0.1524 0.1388 0.3513 0.5179 0.3294 0.1824 0.1358 0.1894 0.4815 0.4430 0.2325 0.1480 0.1462
0.1516 0.2345 0.4467 0.4794 0.1858 0.1360 0.1836 0.3326 0.5178 0.3468 0.1385 0.1530 0.2485 0.4710 0.4627 0.1667 0.1377 0.1938 0.3590 0.5136 0.3023 0.1360 0.1604 0.2716 0.5006 0.4300 0.1506 0.1421 0.2133 0.4065 0.4978 0.2256 0.1350 0.1750 0.3129 0.5178 0.3681 0.1399 0.1511 0.2446 0.4679 0.4627 0.1651 0.1382 0.1971 0.3696 0.5104 0.2805 0.1353 0.1589 0.2116 0.1589 0.1353 0.2805 0.5104 0.3696 0.1971 0.1382 0.1651 0.4627 0.4679 0.2446 0.1511 0.1399 0.3681 0.5178 0.3129 0.1750 0.1350 0.2256 0.4978 0.4065 0.2133 0.1421 0.1506 0.4300 0.5006 0.2716 0.1604 0.1360 0.3023 0.5136 0.3590 0.1938 0.1377 0.1667 0.4627 0.4710 0.2485 0.1530 0.1385 0.3468 0.5178 0.3326 0.1836 0.1360 0.1858 0.4794 0.4467 0.2345 0.1516
0.2371 0.4503 0.4772 0.1825 0.1362 0.1849 0.3358 0.5175 0.3419 0.1381 0.1537 0.2504 0.4737 0.4606 0.1653 0.1379 0.1946 0.3607 0.5133 0.3006 0.1360 0.1605 0.2716 0.5004 0.4307 0.1509 0.1419 0.2125 0.4044 0.4987 0.2290 0.1350 0.1743 0.3106 0.5176 0.3719 0.1403 0.1505 0.2426 0.4646 0.4653 0.1671 0.1379 0.1957 0.3661 0.5114 0.2846 0.1354 0.1629 0.2678 0.4038 0.2678 0.1629 0.1354 0.2846 0.5114 0.3661 0.1957 0.1379 0.1671 0.4653 0.4646 0.2426 0.1505 0.1403 0.3719 0.5176 0.3106 0.1743 0.1350 0.2290 0.4987 0.4044 0.2125 0.1419 0.1509 0.4307 0.5004 0.2716 0.1605 0.1360 0.3006 0.5133 0.3607 0.1946 0.1379 0.1653 0.4606 0.4737 0.2504 0.1537 0.1381 0.3419 0.5175 0.3358 0.1849 0.1362 0.1825 0.4772 0.4503 0.2371
0.4513 0.4749 0.1794 0.1364 0.1862 0.3391 0.5172 0.3369 0.1378 0.1544 0.2525 0.4767 0.4583 0.1638 0.1381 0.1956 0.3630 0.5129 0.2979 0.1359 0.1608 0.2721 0.5006 0.4307 0.1510 0.1419 0.2120 0.4029 0.4994 0.2319 0.1350 0.1736 0.3087 0.5173 0.3752 0.1407 0.1500 0.2408 0.4614 0.4677 0.1691 0.1376 0.1943 0.3626 0.5122 0.2898 0.1355 0.1631 0.2775 0.4957 0.4989 0.4957 0.2775 0.1631 0.1355 0.2898 0.5122 0.3626 0.1943 0.1376 0.1691 0.4677 0.4614 0.2408 0.1500 0.1407 0.3752 0.5173 0.3087 0.1736 0.1350 0.2319 0.4994 0.4029 0.2120 0.1419 0.1510 0.4307 0.5006 0.2721 0.1608 0.1359 0.2979 0.5129 0.3630 0.1956 0.1381 0.1638 0.4583 0.4767 0.2525 0.1544 0.1378 0.3369 0.5172 0.3391 0.1862 0.1364 0.1794 0.4749 0.4513
0.4734 0.1765 0.1366 0.1875 0.3424 0.5168 0.3319 0.1375 0.1551 0.2547 0.4798 0.4557 0.1622 0.1384 0.1968 0.3656 0.5123 0.2944 0.1358 0.1612 0.2731 0.5013 0.4300 0.1509 0.1419 0.2118 0.4022 0.4999 0.2340 0.1350 0.1730 0.3071 0.5171 0.3781 0.1410 0.1495 0.2392 0.4585 0.4698 0.1712 0.1373 0.1929 0.3591 0.5131 0.2953 0.1357 0.1624 0.2779 0.5041 0.4385 0.2393 0.4385 0.5041 0.2779 0.1624 0.1357 0.2953 0.5131 0.3591 0.1929 0.1373 0.1712 0.4698 0.4585 0.2392 0.1495 0.1410 0.3781 0.5171 0.3071 0.1730 0.1350 0.2340 0.4999 0.4022 0.2118 0.1419 0.1509 0.4300 0.5013 0.2731 0.1612 0.1358 0.2944 0.5123 0.3656 0.1968 0.1384 0.1622 0.4557 0.4798 0.2547 0.1551 0.1375 0.3319 0.5168 0.3424 0.1875 0.1366 0.1765 0.4734
0.1778 0.1368 0.1888 0.3457 0.5163 0.3268 0.1372 0.1559 0.2570 0.4828 0.4529 0.1606 0.1387 0.1981 0.3686 0.5116 0.2903 0.1357 0.1618 0.2746 0.5023 0.4286 0.1506 0.1419 0.2120 0.4022 0.5000 0.2351 0.1350 0.1726 0.3057 0.5169 0.3805 0.1413 0.1491 0.2377 0.4558 0.4717 0.1731 0.1371 0.1916 0.3559 0.5138 0.3007 0.1359 0.1616 0.2760 0.5044 0.4262 0.1538 0.1340 0.1538 0.4262 0.5044 0.2760 0.1616 0.1359 0.3007 0.5138 0.3559 0.1916 0.1371 0.1731 0.4717 0.4558 0.2377 0.1491 0.1413 0.3805 0.5169 0.3057 0.1726 0.1350 0.2351 0.5000 0.4022 0.2120 0.1419 0.1506 0.4286 0.5023 0.2746 0.1618 0.1357 0.2903 0.5116 0.3686 0.1981 0.1387 0.1606 0.4529 0.4828 0.2570 0.1559 0.1372 0.3268 0.5163 0.3457 0.1888 0.1368 0.1778
0.1409 0.1902 0.3490 0.5158 0.3216 0.1369 0.1567 0.2593 0.4858 0.4500 0.1591 0.1390 0.1995 0.3718 0.5107 0.2858 0.1356 0.1624 0.2763 0.5036 0.4268 0.1502 0.1421 0.2125 0.4029 0.4999 0.2351 0.1350 0.1723 0.3048 0.5167 0.3824 0.1416 0.1488 0.2365 0.4535 0.4733 0.1750 0.1369 0.1905 0.3530 0.5145 0.3057 0.1360 0.1607 0.2736 0.5030 0.4258 0.1501 0.1398 0.1688 0.1398 0.1501 0.4258 0.5030 0.2736 0.1607 0.1360 0.3057 0.5145 0.3530 0.1905 0.1369 0.1750 0.4733 0.4535 0.2365 0.1488 0.1416 0.3824 0.5167 0.3048 0.1723 0.1350 0.2351 0.4999 0.4029 0.2125 0.1421 0.1502 0.4268 0.5036 0.2763 0.1624 0.1356 0.2858 0.5107 0.3718 0.1995 0.1390 0.1591 0.4500 0.4858 0.2593 0.1567 0.1369 0.3216 0.5158 0.3490 0.1902 0.1409
0.1931 0.3524 0.5152 0.3164 0.1367 0.1575 0.2616 0.4887 0.4471 0.1577 0.1394 0.2010 0.3753 0.5098 0.2809 0.1355 0.1632 0.2782 0.5049 0.4245 0.1496 0.1424 0.2133 0.4044 0.4994 0.2340 0.1350 0.1723 0.3045 0.5166 0.3837 0.1418 0.1485 0.2355 0.4515 0.4747 0.1767 0.1368 0.1896 0.3504 0.5150 0.3103 0.1362 0.1599 0.2712 0.5011 0.4283 0.1501 0.1418 0.2045 0.2973 0.2045 0.1418 0.1501 0.4283 0.5011 0.2712 0.1599 0.1362 0.3103 0.5150 0.3504 0.1896 0.1368 0.1767 0.4747 0.4515 0.2355 0.1485 0.1418 0.3837 0.5166 0.3045 0.1723 0.1350 0.2340 0.4994 0.4044 0.2133 0.1424 0.1496 0.4245 0.5049 0.2782 0.1632 0.1355 0.2809 0.5098 0.3753 0.2010 0.1394 0.1577 0.4471 0.4887 0.2616 0.1575 0.1367 0.3164 0.5152 0.3524 0.1931
0.3542 0.5146 0.3111 0.1364 0.1583 0.2640 0.4915 0.4441 0.1564 0.1397 0.2025 0.3789 0.5087 0.2755 0.1353 0.1640 0.2804 0.5063 0.4219 0.1490 0.1427 0.2143 0.4065 0.4987 0.2319 0.1350 0.1726 0.3048 0.5166 0.3841 0.1419 0.1483 0.2348 0.4498 0.4759 0.1783 0.1366 0.1888 0.3482 0.5155 0.3143 0.1364 0.1592 0.2690 0.4991 0.4313 0.1508 0.1420 0.2113 0.3854 0.5140 0.3854 0.2113 0.1420 0.1508 0.4313 0.4991 0.2690 0.1592 0.1364 0.3143 0.5155 0.3482 0.1888 0.1366 0.1783 0.4759 0.4498 0.2348 0.1483 0.1419 0.3841 0.5166 0.3048 0.1726 0.1350 0.2319 0.4987 0.4065 0.2143 0.1427 0.1490 0.4219 0.5063 0.2804 0.1640 0.1353 0.2755 0.5087 0.3789 0.2025 0.1397 0.1564 0.4441 0.4915 0.2640 0.1583 0.1364 0.3111 0.5146 0.3542
0.5136 0.3058 0.1362 0.1591 0.2664 0.4941 0.4410 0.1551 0.1401 0.2041 0.3826 0.5076 0.2699 0.1352 0.1649 0.2828 0.5078 0.4189 0.1483 0.1430 0.2155 0.4089 0.4978 0.2290 0.1350 0.1730 0.3057 0.5167 0.3837 0.1419 0.1482 0.2344 0.4487 0.4767 0.1796 0.1365 0.1880 0.3463 0.5158 0.3177 0.1365 0.1586 0.2671 0.4971 0.4342 0.1517 0.1417 0.2116 0.3992 0.5060 0.3976 0.5060 0.3992 0.2116 0.1417 0.1517 0.4342 0.4971 0.2671 0.1586 0.1365 0.3177 0.5158 0.3463 0.1880 0.1365 0.1796 0.4767 0.4487 0.2344 0.1482 0.1419 0.3837 0.5167 0.3057 0.1730 0.1350 0.2290 0.4978 0.4089 0.2155 0.1430 0.1483 0.4189 0.5078 0.2828 0.1649 0.1352 0.2699 0.5076 0.3826 0.2041 0.1401 0.1551 0.4410 0.4941 0.2664 0.1591 0.1362 0.3058 0.5136
0.3027 0.1360 0.1599 0.2688 0.4966 0.4379 0.1539 0.1405 0.2057 0.3862 0.5065 0.2644 0.1352 0.1658 0.2854 0.5093 0.4155 0.1475 0.1434 0.2169 0.4117 0.4966 0.2256 0.1350 0.1736 0.3071 0.5169 0.3824 0.1418 0.1483 0.2344 0.4483 0.4772 0.1806 0.1364 0.1874 0.3446 0.5161 0.3206 0.1367 0.1581 0.2654 0.4953 0.4368 0.1525 0.1414 0.2106 0.3998 0.5017 0.2657 0.1426 0.2657 0.5017 0.3998 0.2106 0.1414 0.1525 0.4368 0.4953 0.2654 0.1581 0.1367 0.3206 0.5161 0.3446 0.1874 0.1364 0.1806 0.4772 0.4483 0.2344 0.1483 0.1418 0.3824 0.5169 0.3071 0.1736 0.1350 0.2256 0.4966 0.4117 0.2169 0.1434 0.1475 0.4155 0.5093 0.2854 0.1658 0.1352 0.2644 0.5065 0.3862 0.2057 0.1405 0.1539 0.4379 0.4966 0.2688 0.1599 0.1360 0.3027
0.1402 0.1608 0.2712 0.4989 0.4346 0.1528 0.1409 0.2073 0.3899 0.5052 0.2588 0.1351 0.1668 0.2881 0.5107 0.4118 0.1468 0.1439 0.2184 0.4148 0.4954 0.2220 0.1350 0.1743 0.3087 0.5171 0.3805 0.1416 0.1485 0.2348 0.4487 0.4772 0.1809 0.1364 0.1871 0.3434 0.5163 0.3230 0.1368 0.1576 0.2639 0.4936 0.4390 0.1533 0.1411 0.2093 0.3977 0.5015 0.2444 0.1346 0.1445 0.1346 0.2444 0.5015 0.3977 0.2093 0.1411 0.1533 0.4390 0.4936 0.2639 0.1576 0.1368 0.3230 0.5163 0.3434 0.1871 0.1364 0.1809 0.4772 0.4487 0.2348 0.1485 0.1416 0.3805 0.5171 0.3087 0.1743 0.1350 0.2220 0.4954 0.4148 0.2184 0.1439 0.1468 0.4118 0.5107 0.2881 0.1668 0.1351 0.2588 0.5052 0.3899 0.2073 0.1409 0.1528 0.4346 0.4989 0.2712 0.1608 0.1402
0.1641 0.2737 0.5012 0.4314 0.1517 0.1413 0.2089 0.3936 0.5039 0.2533 0.1350 0.1678 0.2908 0.5120 0.4081 0.1460 0.1444 0.2201 0.4182 0.4940 0.2179 0.1351 0.1750 0.3106 0.5173 0.3781 0.1413 0.1488 0.2355 0.4498 0.4767 0.1806 0.1364 0.1869 0.3427 0.5165 0.3250 0.1369 0.1573 0.2628 0.4922 0.4409 0.1541 0.1408 0.2082 0.3951 0.5023 0.2432 0.1348 0.1649 0.2235 0.1649 0.1348 0.2432 0.5023 0.3951 0.2082 0.1408 0.1541 0.4409 0.4922 0.2628 0.1573 0.1369 0.3250 0.5165 0.3427 0.1869 0.1364 0.1806 0.4767 0.4498 0.2355 0.1488 0.1413 0.3781 0.5173 0.3106 0.1750 0.1351 0.2179 0.4940 0.4182 0.2201 0.1444 0.1460 0.4081 0.5120 0.2908 0.1678 0.1350 0.2533 0.5039 0.3936 0.2089 0.1413 0.1517 0.4314 0.5012 0.2737 0.1641
0.2761 0.5032 0.4280 0.1507 0.1417 0.2105 0.3973 0.5026 0.2478 0.1350 0.1688 0.2935 0.5131 0.4042 0.1453 0.1449 0.2219 0.4219 0.4923 0.2135 0.1352 0.1759 0.3129 0.5176 0.3752 0.1410 0.1491 0.2365 0.4515 0.4759 0.1796 0.1364 0.1871 0.3427 0.5165 0.3260 0.1370 0.1570 0.2618 0.4909 0.4424 0.1547 0.1405 0.2071 0.3926 0.5032 0.2459 0.1349 0.1694 0.2851 0.4293 0.2851 0.1694 0.1349 0.2459 0.5032 0.3926 0.2071 0.1405 0.1547 0.4424 0.4909 0.2618 0.1570 0.1370 0.3260 0.5165 0.3427 0.1871 0.1364 0.1796 0.4759 0.4515 0.2365 0.1491 0.1410 0.3752 0.5176 0.3129 0.1759 0.1352 0.2135 0.4923 0.4219 0.2219 0.1449 0.1453 0.4042 0.5131 0.2935 0.1688 0.1350 0.2478 0.5026 0.3973 0.2105 0.1417 0.1507 0.4280 0.5032 0.2761
0.5032 0.4246 0.1498 0.1422 0.2122 0.4010 0.5012 0.2424 0.1350 0.1698 0.2963 0.5141 0.4003 0.1446 0.1454 0.2237 0.4257 0.4905 0.2089 0.1352 0.1770 0.3154 0.5178 0.3719 0.1407 0.1495 0.2377 0.4535 0.4747 0.1783 0.1365 0.1874 0.3434 0.5165 0.3260 0.1370 0.1568 0.2612 0.4900 0.4437 0.1553 0.1403 0.2062 0.3904 0.5040 0.2492 0.1350 0.1699 0.2959 0.5089 0.4876 0.5089 0.2959 0.1699 0.1350 0.2492 0.5040 0.3904 0.2062 0.1403 0.1553 0.4437 0.4900 0.2612 0.1568 0.1370 0.3260 0.5165 0.3434 0.1874 0.1365 0.1783 0.4747 0.4535 0.2377 0.1495 0.1407 0.3719 0.5178 0.3154 0.1770 0.1352 0.2089 0.4905 0.4257 0.2237 0.1454 0.1446 0.4003 0.5141 0.2963 0.1698 0.1350 0.2424 0.5012 0.4010 0.2122 0.1422 0.1498 0.4246 0.5032
0.4224 0.1489 0.1426 0.2139 0.4048 0.4997 0.2370 0.1350 0.1708 0.2991 0.5149 0.3963 0.1439 0.1459 0.2256 0.4295 0.4887 0.2043 0.1353 0.1781 0.3183 0.5179 0.3681 0.1403 0.1500 0.2392 0.4558 0.4733 0.1767 0.1366 0.1880 0.3446 0.5163 0.3250 0.1370 0.1568 0.2609 0.4894 0.4445 0.1557 0.1402 0.2055 0.3885 0.5047 0.2523 0.1350 0.1695 0.2970 0.5139 0.4149 0.2041 0.4149 0.5139 0.2970 0.1695 0.1350 0.2523 0.5047 0.3885 0.2055 0.1402 0.1557 0.4445 0.4894 0.2609 0.1568 0.1370 0.3250 0.5163 0.3446 0.1880 0.1366 0.1767 0.4733 0.4558 0.2392 0.1500 0.1403 0.3681 0.5179 0.3183 0.1781 0.1353 0.2043 0.4887 0.4295 0.2256 0.1459 0.1439 0.3963 0.5149 0.2991 0.1708 0.1350 0.2370 0.4997 0.4048 0.2139 0.1426 0.1489 0.4224
0.1523 0.1431 0.2156 0.4085 0.4982 0.2317 0.1350 0.1719 0.3019 0.5157 0.3923 0.1433 0.1465 0.2275 0.4332 0.4868 0.1999 0.1354 0.1793 0.3213 0.5180 0.3638 0.1399 0.1505 0.2408 0.4585 0.4717 0.1750 0.1368 0.1888 0.3463 0.5161 0.3230 0.1369 0.1570 0.2612 0.4894 0.4448 0.1560 0.1401 0.2050 0.3871 0.5053 0.2551 0.1350 0.1690 0.2961 0.5144 0.3996 0.1468 0.1344 0.1468 0.3996 0.5144 0.2961 0.1690 0.1350 0.2551 0.5053 0.3871 0.2050 0.1401 0.1560 0.4448 0.4894 0.2612 0.1570 0.1369 0.3230 0.5161 0.3463 0.1888 0.1368 0.1750 0.4717 0.4585 0.2408 0.1505 0.1399 0.3638 0.5180 0.3213 0.1793 0.1354 0.1999 0.4868 0.4332 0.2275 0.1465 0.1433 0.3923 0.5157 0.3019 0.1719 0.1350 0.2317 0.4982 0.4085 0.2156 0.1431 0.1523
0.1469 0.2174 0.4123 0.4966 0.2264 0.1350 0.1730 0.3048 0.5163 0.3881 0.1427 0.1471 0.2294 0.4370 0.4848 0.1957 0.1356 0.1804 0.3244 0.5181 0.3592 0.1395 0.1511 0.2426 0.4614 0.4698 0.1731 0.1369 0.1896 0.3482 0.5158 0.3206 0.1368 0.1573 0.2618 0.4900 0.4445 0.1560 0.1400 0.2047 0.3861 0.5057 0.2573 0.1350 0.1685 0.2948 0.5142 0.3977 0.1442 0.1429 0.1768 0.1429 0.1442 0.3977 0.5142 0.2948 0.1685 0.1350 0.2573 0.5057 0.3861 0.2047 0.1400 0.1560 0.4445 0.4900 0.2618 0.1573 0.1368 0.3206 0.5158 0.3482 0.1896 0.1369 0.1731 0.4698 0.4614 0.2426 0.1511 0.1395 0.3592 0.5181 0.3244 0.1804 0.1356 0.1957 0.4848 0.4370 0.2294 0.1471 0.1427 0.3881 0.5163 0.3048 0.1730 0.1350 0.2264 0.4966 0.4123 0.2174 0.1469
0.2201 0.4161 0.4950 0.2213 0.1350 0.1741 0.3077 0.5169 0.3839 0.1422 0.1476 0.2313 0.4407 0.4828 0.1917 0.1357 0.1817 0.3275 0.5180 0.3545 0.1391 0.1518 0.2446 0.4646 0.4677 0.1712 0.1371 0.1905 0.3504 0.5155 0.3177 0.1367 0.1576 0.2628 0.4909 0.4437 0.1557 0.1401 0.2047 0.3857 0.5060 0.2588 0.1351 0.1681 0.2937 0.5138 0.3987 0.1440 0.1456 0.2171 0.3194 0.2171 0.1456 0.1440 0.3987 0.5138 0.2937 0.1681 0.1351 0.2588 0.5060 0.3857 0.2047 0.1401 0.1557 0.4437 0.4909 0.2628 0.1576 0.1367 0.3177 0.5155 0.3504 0.1905 0.1371 0.1712 0.4677 0.4646 0.2446 0.1518 0.1391 0.3545 0.5180 0.3275 0.1817 0.1357 0.1917 0.4828 0.4407 0.2313 0.1476 0.1422 0.3839 0.5169 0.3077 0.1741 0.1350 0.2213 0.4950 0.4161 0.2201
0.4173 0.4933 0.2163 0.1351 0.1752 0.3106 0.5173 0.3796 0.1416 0.1482 0.2333 0.4444 0.4807 0.1880 0.1359 0.1829 0.3307 0.5179 0.3497 0.1387 0.1525 0.2468 0.4679 0.4653 0.1691 0.1373 0.1916 0.3530 0.5150 0.3143 0.1365 0.1581 0.2639 0.4922 0.4424 0.1553 0.1402 0.2050 0.3861 0.5060 0.2593 0.1351 0.1678 0.2927 0.5135 0.4000 0.1441 0.1460 0.2252 0.4142 0.5170 0.4142 0.2252 0.1460 0.1441 0.4000 0.5135 0.2927 0.1678 0.1351 0.2593 0.5060 0.3861 0.2050 0.1402 0.1553 0.4424 0.4922 0.2639 0.1581 0.1365 0.3143 0.5150 0.3530 0.1916 0.1373 0.1691 0.4653 0.4679 0.2468 0.1525 0.1387 0.3497 0.5179 0.3307 0.1829 0.1359 0.1880 0.4807 0.4444 0.2333 0.1482 0.1416 0.3796 0.5173 0.3106 0.1752 0.1351 0.2163 0.4933 0.4173
0.4920 0.2115 0.1352 0.1763 0.3136 0.5176 0.3753 0.1411 0.1488 0.2353 0.4481 0.4785 0.1845 0.1361 0.1841 0.3339 0.5177 0.3448 0.1383 0.1532 0.2489 0.4713 0.4627 0.1671 0.1376 0.1929 0.3559 0.5145 0.3103 0.1364 0.1586 0.2654 0.4936 0.4409 0.1547 0.1403 0.2055 0.3871 0.5057 0.2588 0.1351 0.1678 0.2922 0.5132 0.4013 0.1443 0.1459 0.2264 0.4298 0.4947 0.3639 0.4947 0.4298 0.2264 0.1459 0.1443 0.4013 0.5132 0.2922 0.1678 0.1351 0.2588 0.5057 0.3871 0.2055 0.1403 0.1547 0.4409 0.4936 0.2654 0.1586 0.1364 0.3103 0.5145 0.3559 0.1929 0.1376 0.1671 0.4627 0.4713 0.2489 0.1532 0.1383 0.3448 0.5177 0.3339 0.1841 0.1361 0.1845 0.4785 0.4481 0.2353 0.1488 0.1411 0.3753 0.5176 0.3136 0.1763 0.1352 0.2115 0.4920
0.2102 0.1353 0.1774 0.3166 0.5178 0.3708 0.1406 0.1495 0.2373 0.4518 0.4763 0.1812 0.1362 0.1854 0.3371 0.5174 0.3399 0.1380 0.1539 0.2511 0.4746 0.4601 0.1651 0.1379 0.1943 0.3591 0.5138 0.3057 0.1362 0.1592 0.2671 0.4953 0.4390 0.1541 0.1405 0.2062 0.3885 0.5053 0.2573 0.1351 0.1678 0.2922 0.5131 0.4021 0.1445 0.1458 0.2262 0.4323 0.4878 0.2213 0.1383 0.2213 0.4878 0.4323 0.2262 0.1458 0.1445 0.4021 0.5131 0.2922 0.1678 0.1351 0.2573 0.5053 0.3885 0.2062 0.1405 0.1541 0.4390 0.4953 0.2671 0.1592 0.1362 0.3057 0.5138 0.3591 0.1943 0.1379 0.1651 0.4601 0.4746 0.2511 0.1539 0.1380 0.3399 0.5174 0.3371 0.1854 0.1362 0.1812 0.4763 0.4518 0.2373 0.1495 0.1406 0.3708 0.5178 0.3166 0.1774 0.1353 0.2102
0.1395 0.1786 0.3196 0.5180 0.3663 0.1402 0.1501 0.2393 0.4554 0.4740 0.1782 0.1365 0.1867 0.3404 0.5170 0.3349 0.1377 0.1547 0.2534 0.4779 0.4574 0.1633 0.1382 0.1957 0.3626 0.5131 0.3007 0.1360 0.1599 0.2690 0.4971 0.4368 0.1533 0.1408 0.2071 0.3904 0.5047 0.2551 0.1350 0.1681 0.2927 0.5132 0.4021 0.1446 0.1457 0.2259 0.4323 0.4865 0.2010 0.1345 0.1494 0.1345 0.2010 0.4865 0.4323 0.2259 0.1457 0.1446 0.4021 0.5132 0.2927 0.1681 0.1350 0.2551 0.5047 0.3904 0.2071 0.1408 0.1533 0.4368 0.4971 0.2690 0.1599 0.1360 0.3007 0.5131 0.3626 0.1957 0.1382 0.1633 0.4574 0.4779 0.2534 0.1547 0.1377 0.3349 0.5170 0.3404 0.1867 0.1365 0.1782 0.4740 0.4554 0.2393 0.1501 0.1402 0.3663 0.5180 0.3196 0.1786 0.1395
0.1817 0.3227 0.5181 0.3617 0.1397 0.1508 0.2414 0.4590 0.4716 0.1754 0.1367 0.1880 0.3437 0.5166 0.3299 0.1374 0.1554 0.2556 0.4810 0.4546 0.1616 0.1385 0.1971 0.3661 0.5122 0.2953 0.1359 0.1607 0.2712 0.4991 0.4342 0.1525 0.1411 0.2082 0.3926 0.5040 0.2523 0.1350 0.1685 0.2937 0.5135 0.4013 0.1445 0.1457 0.2258 0.4319 0.4864 0.1977 0.1353 0.1739 0.2407 0.1739 0.1353 0.1977 0.4864 0.4319 0.2258 0.1457 0.1445 0.4013 0.5135 0.2937 0.1685 0.1350 0.2523 0.5040 0.3926 0.2082 0.1411 0.1525 0.4342 0.4991 0.2712 0.1607 0.1359 0.2953 0.5122 0.3661 0.1971 0.1385 0.1616 0.4546 0.4810 0.2556 0.1554 0.1374 0.3299 0.5166 0.3437 0.1880 0.1367 0.1754 0.4716 0.4590 0.2414 0.1508 0.1397 0.3617 0.5181 0.3227 0.1817
0.3246 0.5181 0.3571 0.1393 0.1514 0.2435 0.4625 0.4692 0.1728 0.1369 0.1893 0.3470 0.5161 0.3248 0.1371 0.1562 0.2579 0.4840 0.4518 0.1600 0.1388 0.1986 0.3696 0.5114 0.2898 0.1357 0.1616 0.2736 0.5011 0.4313 0.1517 0.1414 0.2093 0.3951 0.5032 0.2492 0.1350 0.1690 0.2948 0.5138 0.4000 0.1443 0.1458 0.2259 0.4319 0.4865 0.1972 0.1355 0.1796 0.3105 0.4621 0.3105 0.1796 0.1355 0.1972 0.4865 0.4319 0.2259 0.1458 0.1443 0.4000 0.5138 0.2948 0.1690 0.1350 0.2492 0.5032 0.3951 0.2093 0.1414 0.1517 0.4313 0.5011 0.2736 0.1616 0.1357 0.2898 0.5114 0.3696 0.1986 0.1388 0.1600 0.4518 0.4840 0.2579 0.1562 0.1371 0.3248 0.5161 0.3470 0.1893 0.1369 0.1728 0.4692 0.4625 0.2435 0.1514 0.1393 0.3571 0.5181 0.3246
0.5173 0.3526 0.1389 0.1521 0.2455 0.4658 0.4669 0.1705 0.1372 0.1906 0.3502 0.5156 0.3198 0.1368 0.1569 0.2601 0.4868 0.4490 0.1586 0.1391 0.2000 0.3730 0.5104 0.2846 0.1355 0.1624 0.2760 0.5030 0.4283 0.1508 0.1417 0.2106 0.3977 0.5023 0.2459 0.1350 0.1695 0.2961 0.5142 0.3987 0.1441 0.1459 0.2262 0.4323 0.4864 0.1972 0.1356 0.1808 0.3238 0.5167 0.4682 0.5167 0.3238 0.1808 0.1356 0.1972 0.4864 0.4323 0.2262 0.1459 0.1441 0.3987 0.5142 0.2961 0.1695 0.1350 0.2459 0.5023 0.3977 0.2106 0.1417 0.1508 0.4283 0.5030 0.2760 0.1624 0.1355 0.2846 0.5104 0.3730 0.2000 0.1391 0.1586 0.4490 0.4868 0.2601 0.1569 0.1368 0.3198 0.5156 0.3502 0.1906 0.1372 0.1705 0.4669 0.4658 0.2455 0.1521 0.1389 0.3526 0.5173
0.3510 0.1386 0.1526 0.2470 0.4684 0.4650 0.1689 0.1373 0.1916 0.3527 0.5151 0.3159 0.1366 0.1575 0.2618 0.4889 0.4468 0.1575 0.1394 0.2011 0.3756 0.5097 0.2805 0.1354 0.1631 0.2779 0.5044 0.4258 0.1501 0.1420 0.2116 0.3998 0.5015 0.2432 0.1349 0.1699 0.2970 0.5144 0.3977 0.1440 0.1460 0.2264 0.4323 0.4865 0.1977 0.1355 0.1808 0.3261 0.5179 0.3777 0.1714 0.3777 0.5179 0.3261 0.1808 0.1355 0.1977 0.4865 0.4323 0.2264 0.1460 0.1440 0.3977 0.5144 0.2970 0.1699 0.1349 0.2432 0.5015 0.3998 0.2116 0.1420 0.1501 0.4258 0.5044 0.2779 0.1631 0.1354 0.2805 0.5097 0.3756 0.2011 0.1394 0.1575 0.4468 0.4889 0.2618 0.1575 0.1366 0.3159 0.5151 0.3527 0.1916 0.1373 0.1689 0.4650 0.4684 0.2470 0.1526 0.1386 0.3510
0.1430 0.1524 0.2467 0.4679 0.4652 0.1690 0.1372 0.1913 0.3523 0.5150 0.3165 0.1365 0.1573 0.2615 0.4885 0.4472 0.1576 0.1392 0.2008 0.3752 0.5097 0.2811 0.1353 0.1629 0.2775 0.5041 0.4262 0.1501 0.1418 0.2113 0.3992 0.5017 0.2444 0.1348 0.1694 0.2959 0.5139 0.3996 0.1442 0.1456 0.2252 0.4298 0.4878 0.2010 0.1353 0.1796 0.3238 0.5179 0.3617 0.1410 0.1357 0.1410 0.3617 0.5179 0.3238 0.1796 0.1353 0.2010 0.4878 0.4298 0.2252 0.1456 0.1442 0.3996 0.5139 0.2959 0.1694 0.1348 0.2444 0.5017 0.3992 0.2113 0.1418 0.1501 0.4262 0.5041 0.2775 0.1629 0.1353 0.2811 0.5097 0.3752 0.2008 0.1392 0.1576 0.4472 0.4885 0.2615 0.1573 0.1365 0.3165 0.5150 0.3523 0.1913 0.1372 0.1690 0.4652 0.4679 0.2467 0.1524 0.1430
0.1522 0.2384 0.4547 0.4739 0.1785 0.1359 0.1857 0.3398 0.5164 0.3361 0.1372 0.1538 0.2525 0.4771 0.4576 0.1633 0.1375 0.1946 0.3620 0.5125 0.3019 0.1355 0.1589 0.2678 0.4957 0.4385 0.1538 0.1398 0.2045 0.3854 0.5060 0.2657 0.1346 0.1649 0.2851 0.5089 0.4149 0.1468 0.1429 0.2171 0.4142 0.4947 0.2213 0.1345 0.1739 0.3105 0.5167 0.3777 0.1410 0.1444 0.1809 0.1444 0.1410 0.3777 0.5167 0.3105 0.1739 0.1345 0.2213 0.4947 0.4142 0.2171 0.1429 0.1468 0.4149 0.5089 0.2851 0.1649 0.1346 0.2657 0.5060 0.3854 0.2045 0.1398 0.1538 0.4385 0.4957 0.2678 0.1589 0.1355 0.3019 0.5125 0.3620 0.1946 0.1375 0.1633 0.4576 0.4771 0.2525 0.1538 0.1372 0.3361 0.5164 0.3398 0.1857 0.1359 0.1785 0.4739 0.4547 0.2384 0.1522
0.1933 0.3564 0.5132 0.3109 0.1351 0.1568 0.2629 0.4919 0.4432 0.1549 0.1386 0.2010 0.3794 0.5073 0.2754 0.1342 0.1624 0.2794 0.5060 0.4219 0.1477 0.1412 0.2116 0.4038 0.4989 0.2393 0.1340 0.1688 0.2973 0.5140 0.3976 0.1426 0.1445 0.2235 0.4293 0.4876 0.2041 0.1344 0.1768 0.3194 0.5170 0.3639 0.1383 0.1494 0.2407 0.4621 0.4682 0.1714 0.1357 0.1809 0.2545 0.1809 0.1357 0.1714 0.4682 0.4621 0.2407 0.1494 0.1383 0.3639 0.5170 0.3194 0.1768 0.1344 0.2041 0.4876 0.4293 0.2235 0.1445 0.1426 0.3976 0.5140 0.2973 0.1688 0.1340 0.2393 0.4989 0.4038 0.2116 0.1412 0.1477 0.4219 0.5060 0.2794 0.1624 0.1342 0.2754 0.5073 0.3794 0.2010 0.1386 0.1549 0.4432 0.4919 0.2629 0.1568 0.1351 0.3109 0.5132 0.3564 0.1933
0.1522 0.2384 0.4547 0.4739 0.1785 0.1359 0.1857 0.3398 0.5164 0.3361 0.1372 0.1538 0.2525 0.4771 0.4576 0.1633 0.1375 0.1946 0.3620 0.5125 0.3019 0.1355 0.1589 0.2678 0.4957 0.4385 0.1538 0.1398 0.2045 0.3854 0.5060 0.2657 0.1346 0.1649 0.2851 0.5089 0.4149 0.1468 0.1429 0.2171 0.4142 0.4947 0.2213 0.1345 0.1739 0.3105 0.5167 0.3777 0.1410 0.1444 0.1809 0.1444 0.1410 0.3777 0.5167 0.3105 0.1739 0.1345 0.2213 0.4947 0.4142 0.2171 0.1429 0.1468 0.4149 0.5089 0.2851 0.1649 0.1346 0.2657 0.5060 0.3854 0.2045 0.1398 0.1538 0.4385 0.4957 0.2678 0.1589 0.1355 0.3019 0.5125 0.3620 0.1946 0.1375 0.1633 0.4576 0.4771 0.2525 0.1538 0.1372 0.3361 0.5164 0.3398 0.1857 0.1359 0.1785 0.4739 0.4547 0.2384 0.1522
0.1430 0.1524 0.2467 0.4679 0.4652 0.1690 0.1372 0.1913 0.3523 0.5150 0.3165 0.1365 0.1573 0.2615 0.4885 0.4472 0.1576 0.1392 0.2008 0.3752 0.5097 0.2811 0.1353 0.1629 0.2775 0.5041 0.4262 0.1501 0.1418 0.2113 0.3992 0.5017 0.2444 0.1348 0.1694 0.2959 0.5139 0.3996 0.1442 0.1456 0.2252 0.4298 0.4878 0.2010 0.1353 0.1796 0.3238 0.5179 0.3617 0.1410 0.1357 0.1410 0.3617 0.5179 0.3238 0.1796 0.1353 0.2010 0.4878 0.4298 0.2252 0.1456 0.1442 0.3996 0.5139 0.2959 0.1694 0.1348 0.2444 0.5017 0.3992 0.2113 0.1418 0.1501 0.4262 0.5041 0.2775 0.1629 0.1353 0.2811 0.5097 0.3752 0.2008 0.1392 0.1576 0.4472 0.4885 0.2615 0.1573 0.1365 0.3165 0.5150 0.3523 0.1913 0.1372 0.1690 0.4652 0.4679 0.2467 0.1524 0.1430
0.3510 0.1386 0.1526 0.2470 0.4684 0.4650 0.1689 0.1373 0.1916 0.3527 0.5151 0.3159 0.1366 0.1575 0.2618 0.4889 0.4468 0.1575 0.1394 0.2011 0.3756 0.5097 0.2805 0.1354 0.1631 0.2779 0.5044 0.4258 0.1501 0.1420 0.2116 0.3998 0.5015 0.2432 0.1349 0.1699 0.2970 0.5144 0.3977 0.1440 0.1460 0.2264 0.4323 0.4865 0.1977 0.1355 0.1808 0.3261 0.5179 0.3777 0.1714 0.3777 0.5179 0.3261 0.1808 0.1355 0.1977 0.4865 0.4323 0.2264 0.1460 0.1440 0.3977 0.5144 0.2970 0.1699 0.1349 0.2432 0.5015 0.3998 0.2116 0.1420 0.1501 0.4258 0.5044 0.2779 0.1631 0.1354 0.2805 0.5097 0.3756 0.2011 0.1394 0.1575 0.4468 0.4889 0.2618 0.1575 0.1366 0.3159 0.5151 0.3527 0.1916 0.1373 0.1689 0.4650 0.4684 0.2470 0.1526 0.1386 0.3510
0.5173 0.3526 0.1389 0.1521 0.2455 0.4658 0.4669 0.1705 0.1372 0.1906 0.3502 0.5156 0.3198 0.1368 0.1569 0.2601 0.4868 0.4490 0.1586 0.1391 0.2000 0.3730 0.5104 0.2846 0.1355 0.1624 0.2760 0.5030 0.4283 0.1508 0.1417 0.2106 0.3977 0.5023 0.2459 0.1350 0.1695 0.2961 0.5142 0.3987 0.1441 0.1459 0.2262 0.4323 0.4864 0.1972 0.1356 0.1808 0.3238 0.5167 0.4682 0.5167 0.3238 0.1808 0.1356 0.1972 0.4864 0.4323 0.2262 0.1459 0.1441 0.3987 0.5142 0.2961 0.1695 0.1350 0.2459 0.5023 0.3977 0.2106 0.1417 0.1508 0.4283 0.5030 0.2760 0.1624 0.1355 0.2846 0.5104 0.3730 0.2000 0.1391 0.1586 0.4490 0.4868 0.2601 0.1569 0.1368 0.3198 0.5156 0.3502 0.1906 0.1372 0.1705 0.4669 0.4658 0.2455 0.1521 0.1389 0.3526 0.5173
0.3246 0.5181 0.3571 0.1393 0.1514 0.2435 0.4625 0.4692 0.1728 0.1369 0.1893 0.3470 0.5161 0.3248 0.1371 0.1562 0.2579 0.4840 0.4518 0.1600 0.1388 0.1986 0.3696 0.5114 0.2898 0.1357 0.1616 0.2736 0.5011 0.4313 0.1517 0.1414 0.2093 0.3951 0.5032 0.2492 0.1350 0.1690 0.2948 0.5138 0.4000 0.1443 0.1458 0.2259 0.4319 0.4865 0.1972 0.1355 0.1796 0.3105 0.4621 0.3105 0.1796 0.1355 0.1972 0.4865 0.4319 0.2259 0.1458 0.1443 0.4000 0.5138 0.2948 0.1690 0.1350 0.2492 0.5032 0.3951 0.2093 0.1414 0.1517 0.4313 0.5011 0.2736 0.1616 0.1357 0.2898 0.5114 0.3696 0.1986 0.1388 0.1600 0.4518 0.4840 0.2579 0.1562 0.1371 0.3248 0.5161 0.3470 0.1893 0.1369 0.1728 0.4692 0.4625 0.2435 0.1514 0.1393 0.3571 0.5181 0.3246
