0.0001 0.0018 0.0270 0.4029 1.0000 0.0000 0.0007 0.0099 0.1468 1.0000 1.0000 0.0002 0.0036 0.0532 0.7899 1.0000 0.0001 0.0013 0.0193 0.2861 1.0000 1.0000 0.0005 0.0070 0.1036 1.0000 1.0000 0.0002 0.0025 0.0375 0.5577 1.0000 0.0001 0.0009 0.0136 0.2020 1.0000 1.0000 0.0003 0.0049 0.0732 1.0000 1.0000 0.0001 0.0018 0.0265 0.3923 1.0000 0.0000 0.0005 0.0027 0.0005 0.0000 1.0000 0.3923 0.0265 0.0018 0.0001 1.0000 1.0000 0.0732 0.0049 0.0003 1.0000 1.0000 0.2020 0.0136 0.0009 0.0001 1.0000 0.5577 0.0375 0.0025 0.0002 1.0000 1.0000 0.1036 0.0070 0.0005 1.0000 1.0000 0.2861 0.0193 0.0013 0.0001 1.0000 0.7899 0.0532 0.0036 0.0002 1.0000 1.0000 0.1468 0.0099 0.0007 0.0000 1.0000 0.4029 0.0270 0.0018 0.0001
0.0018 0.0272 0.4021 1.0000 0.0000 0.0007 0.0098 0.1451 1.0000 1.0000 0.0002 0.0035 0.0526 0.7810 1.0000 0.0001 0.0013 0.0190 0.2829 1.0000 1.0000 0.0005 0.0069 0.1025 1.0000 1.0000 0.0002 0.0025 0.0371 0.5514 1.0000 0.0001 0.0009 0.0134 0.1997 1.0000 1.0000 0.0003 0.0049 0.0723 1.0000 1.0000 0.0001 0.0018 0.0262 0.3893 1.0000 0.0000 0.0006 0.0075 0.0394 0.0075 0.0006 0.0000 1.0000 0.3893 0.0262 0.0018 0.0001 1.0000 1.0000 0.0723 0.0049 0.0003 1.0000 1.0000 0.1997 0.0134 0.0009 0.0001 1.0000 0.5514 0.0371 0.0025 0.0002 1.0000 1.0000 0.1025 0.0069 0.0005 1.0000 1.0000 0.2829 0.0190 0.0013 0.0001 1.0000 0.7810 0.0526 0.0035 0.0002 1.0000 1.0000 0.1451 0.0098 0.0007 0.0000 1.0000 0.4021 0.0272 0.0018
0.0270 0.4021 1.0000 0.0000 0.0006 0.0095 0.1402 1.0000 1.0000 0.0002 0.0034 0.0506 0.7518 1.0000 0.0001 0.0012 0.0183 0.2723 1.0000 1.0000 0.0004 0.0066 0.0986 1.0000 1.0000 0.0002 0.0024 0.0357 0.5308 1.0000 0.0001 0.0009 0.0129 0.1923 1.0000 1.0000 0.0003 0.0047 0.0696 1.0000 1.0000 0.0001 0.0017 0.0252 0.3748 1.0000 0.0000 0.0006 0.0087 0.1076 0.5620 0.1076 0.0087 0.0006 0.0000 1.0000 0.3748 0.0252 0.0017 0.0001 1.0000 1.0000 0.0696 0.0047 0.0003 1.0000 1.0000 0.1923 0.0129 0.0009 0.0001 1.0000 0.5308 0.0357 0.0024 0.0002 1.0000 1.0000 0.0986 0.0066 0.0004 1.0000 1.0000 0.2723 0.0183 0.0012 0.0001 1.0000 0.7518 0.0506 0.0034 0.0002 1.0000 1.0000 0.1402 0.0095 0.0006 0.0000 1.0000 0.4021 0.0270
0.4029 1.0000 0.0000 0.0006 0.0093 0.1365 1.0000 1.0000 0.0002 0.0033 0.0488 0.7251 1.0000 0.0001 0.0012 0.0176 0.2621 1.0000 1.0000 0.0004 0.0064 0.0949 1.0000 1.0000 0.0002 0.0023 0.0344 0.5110 1.0000 0.0001 0.0008 0.0125 0.1851 1.0000 1.0000 0.0003 0.0045 0.0670 0.9962 1.0000 0.0001 0.0016 0.0243 0.3608 1.0000 0.0000 0.0006 0.0087 0.1239 1.0000 1.0000 1.0000 0.1239 0.0087 0.0006 0.0000 1.0000 0.3608 0.0243 0.0016 0.0001 1.0000 0.9962 0.0670 0.0045 0.0003 1.0000 1.0000 0.1851 0.0125 0.0008 0.0001 1.0000 0.5110 0.0344 0.0023 0.0002 1.0000 1.0000 0.0949 0.0064 0.0004 1.0000 1.0000 0.2621 0.0176 0.0012 0.0001 1.0000 0.7251 0.0488 0.0033 0.0002 1.0000 1.0000 0.1365 0.0093 0.0006 0.0000 1.0000 0.4029
1.0000 0.0000 0.0006 0.0093 0.1352 1.0000 1.0000 0.0002 0.0032 0.0472 0.7007 1.0000 0.0001 0.0011 0.0170 0.2524 1.0000 1.0000 0.0004 0.0062 0.0914 1.0000 1.0000 0.0001 0.0022 0.0331 0.4920 1.0000 0.0001 0.0008 0.0120 0.1782 1.0000 1.0000 0.0003 0.0043 0.0645 0.9590 1.0000 0.0001 0.0016 0.0234 0.3474 1.0000 0.0000 0.0006 0.0085 0.1244 1.0000 1.0000 0.0001 1.0000 1.0000 0.1244 0.0085 0.0006 0.0000 1.0000 0.3474 0.0234 0.0016 0.0001 1.0000 0.9590 0.0645 0.0043 0.0003 1.0000 1.0000 0.1782 0.0120 0.0008 0.0001 1.0000 0.4920 0.0331 0.0022 0.0001 1.0000 1.0000 0.0914 0.0062 0.0004 1.0000 1.0000 0.2524 0.0170 0.0011 0.0001 1.0000 0.7007 0.0472 0.0032 0.0002 1.0000 1.0000 0.1352 0.0093 0.0006 0.0000 1.0000
0.0000 0.0007 0.0095 0.1365 1.0000 1.0000 0.0002 0.0031 0.0460 0.6810 1.0000 0.0001 0.0011 0.0164 0.2434 1.0000 1.0000 0.0004 0.0059 0.0880 1.0000 1.0000 0.0001 0.0021 0.0319 0.4736 1.0000 0.0001 0.0008 0.0115 0.1715 1.0000 1.0000 0.0003 0.0042 0.0621 0.9232 1.0000 0.0001 0.0015 0.0225 0.3344 1.0000 1.0000 0.0005 0.0082 0.1209 1.0000 1.0000 0.0002 0.0008 0.0002 1.0000 1.0000 0.1209 0.0082 0.0005 1.0000 1.0000 0.3344 0.0225 0.0015 0.0001 1.0000 0.9232 0.0621 0.0042 0.0003 1.0000 1.0000 0.1715 0.0115 0.0008 0.0001 1.0000 0.4736 0.0319 0.0021 0.0001 1.0000 1.0000 0.0880 0.0059 0.0004 1.0000 1.0000 0.2434 0.0164 0.0011 0.0001 1.0000 0.6810 0.0460 0.0031 0.0002 1.0000 1.0000 0.1365 0.0095 0.0007 0.0000
0.0007 0.0098 0.1402 1.0000 1.0000 0.0002 0.0031 0.0454 0.6669 1.0000 0.0001 0.0011 0.0159 0.2357 1.0000 1.0000 0.0004 0.0057 0.0847 1.0000 1.0000 0.0001 0.0021 0.0307 0.4559 1.0000 0.0001 0.0007 0.0111 0.1651 1.0000 1.0000 0.0003 0.0040 0.0598 0.8888 1.0000 0.0001 0.0015 0.0217 0.3219 1.0000 1.0000 0.0005 0.0078 0.1166 1.0000 1.0000 0.0002 0.0023 0.0118 0.0023 0.0002 1.0000 1.0000 0.1166 0.0078 0.0005 1.0000 1.0000 0.3219 0.0217 0.0015 0.0001 1.0000 0.8888 0.0598 0.0040 0.0003 1.0000 1.0000 0.1651 0.0111 0.0007 0.0001 1.0000 0.4559 0.0307 0.0021 0.0001 1.0000 1.0000 0.0847 0.0057 0.0004 1.0000 1.0000 0.2357 0.0159 0.0011 0.0001 1.0000 0.6669 0.0454 0.0031 0.0002 1.0000 1.0000 0.1402 0.0098 0.0007
0.0099 0.1451 1.0000 1.0000 0.0002 0.0031 0.0454 0.6631 1.0000 0.0001 0.0010 0.0155 0.2290 1.0000 1.0000 0.0004 0.0055 0.0817 1.0000 1.0000 0.0001 0.0020 0.0295 0.4389 1.0000 0.0000 0.0007 0.0107 0.1590 1.0000 1.0000 0.0003 0.0039 0.0576 0.8556 1.0000 0.0001 0.0014 0.0209 0.3099 1.0000 1.0000 0.0005 0.0076 0.1122 1.0000 1.0000 0.0002 0.0026 0.0322 0.1683 0.0322 0.0026 0.0002 1.0000 1.0000 0.1122 0.0076 0.0005 1.0000 1.0000 0.3099 0.0209 0.0014 0.0001 1.0000 0.8556 0.0576 0.0039 0.0003 1.0000 1.0000 0.1590 0.0107 0.0007 0.0000 1.0000 0.4389 0.0295 0.0020 0.0001 1.0000 1.0000 0.0817 0.0055 0.0004 1.0000 1.0000 0.2290 0.0155 0.0010 0.0001 1.0000 0.6631 0.0454 0.0031 0.0002 1.0000 1.0000 0.1451 0.0099
0.1468 1.0000 1.0000 0.0002 0.0032 0.0460 0.6669 1.0000 0.0001 0.0010 0.0152 0.2239 1.0000 1.0000 0.0004 0.0053 0.0791 1.0000 1.0000 0.0001 0.0019 0.0284 0.4225 1.0000 0.0000 0.0007 0.0103 0.1530 1.0000 1.0000 0.0003 0.0037 0.0554 0.8237 1.0000 0.0001 0.0014 0.0201 0.2983 1.0000 1.0000 0.0005 0.0073 0.1081 1.0000 1.0000 0.0002 0.0026 0.0371 0.4611 1.0000 0.4611 0.0371 0.0026 0.0002 1.0000 1.0000 0.1081 0.0073 0.0005 1.0000 1.0000 0.2983 0.0201 0.0014 0.0001 1.0000 0.8237 0.0554 0.0037 0.0003 1.0000 1.0000 0.1530 0.0103 0.0007 0.0000 1.0000 0.4225 0.0284 0.0019 0.0001 1.0000 1.0000 0.0791 0.0053 0.0004 1.0000 1.0000 0.2239 0.0152 0.0010 0.0001 1.0000 0.6669 0.0460 0.0032 0.0002 1.0000 1.0000 0.1468
1.0000 1.0000 0.0002 0.0033 0.0472 0.6810 1.0000 0.0001 0.0010 0.0151 0.2209 1.0000 1.0000 0.0004 0.0052 0.0769 1.0000 1.0000 0.0001 0.0018 0.0274 0.4075 1.0000 0.0000 0.0007 0.0099 0.1473 1.0000 1.0000 0.0002 0.0036 0.0534 0.7929 1.0000 0.0001 0.0013 0.0193 0.2872 1.0000 1.0000 0.0005 0.0070 0.1040 1.0000 1.0000 0.0002 0.0025 0.0372 0.5308 1.0000 1.0000 1.0000 0.5308 0.0372 0.0025 0.0002 1.0000 1.0000 0.1040 0.0070 0.0005 1.0000 1.0000 0.2872 0.0193 0.0013 0.0001 1.0000 0.7929 0.0534 0.0036 0.0002 1.0000 1.0000 0.1473 0.0099 0.0007 0.0000 1.0000 0.4075 0.0274 0.0018 0.0001 1.0000 1.0000 0.0769 0.0052 0.0004 1.0000 1.0000 0.2209 0.0151 0.0010 0.0001 1.0000 0.6810 0.0472 0.0033 0.0002 1.0000 1.0000
1.0000 0.0002 0.0034 0.0488 0.7007 1.0000 0.0001 0.0010 0.0152 0.2209 1.0000 1.0000 0.0003 0.0051 0.0750 1.0000 1.0000 0.0001 0.0018 0.0266 0.3938 1.0000 0.0000 0.0006 0.0095 0.1418 1.0000 1.0000 0.0002 0.0035 0.0514 0.7633 1.0000 0.0001 0.0013 0.0186 0.2765 1.0000 1.0000 0.0005 0.0067 0.1001 1.0000 1.0000 0.0002 0.0024 0.0362 0.5329 1.0000 0.0000 0.0002 0.0000 1.0000 0.5329 0.0362 0.0024 0.0002 1.0000 1.0000 0.1001 0.0067 0.0005 1.0000 1.0000 0.2765 0.0186 0.0013 0.0001 1.0000 0.7633 0.0514 0.0035 0.0002 1.0000 1.0000 0.1418 0.0095 0.0006 0.0000 1.0000 0.3938 0.0266 0.0018 0.0001 1.0000 1.0000 0.0750 0.0051 0.0003 1.0000 1.0000 0.2209 0.0152 0.0010 0.0001 1.0000 0.7007 0.0488 0.0034 0.0002 1.0000
0.0002 0.0035 0.0506 0.7251 1.0000 0.0001 0.0011 0.0155 0.2239 1.0000 1.0000 0.0003 0.0050 0.0739 1.0000 1.0000 0.0001 0.0017 0.0258 0.3813 1.0000 0.0000 0.0006 0.0092 0.1368 1.0000 1.0000 0.0002 0.0033 0.0495 0.7348 1.0000 0.0001 0.0012 0.0179 0.2662 1.0000 1.0000 0.0004 0.0065 0.0964 1.0000 1.0000 0.0002 0.0023 0.0349 0.5179 1.0000 0.0001 0.0007 0.0035 0.0007 0.0001 1.0000 0.5179 0.0349 0.0023 0.0002 1.0000 1.0000 0.0964 0.0065 0.0004 1.0000 1.0000 0.2662 0.0179 0.0012 0.0001 1.0000 0.7348 0.0495 0.0033 0.0002 1.0000 1.0000 0.1368 0.0092 0.0006 0.0000 1.0000 0.3813 0.0258 0.0017 0.0001 1.0000 1.0000 0.0739 0.0050 0.0003 1.0000 1.0000 0.2239 0.0155 0.0011 0.0001 1.0000 0.7251 0.0506 0.0035 0.0002
0.0036 0.0526 0.7518 1.0000 0.0001 0.0011 0.0159 0.2290 1.0000 1.0000 0.0003 0.0050 0.0734 1.0000 1.0000 0.0001 0.0017 0.0251 0.3713 1.0000 0.0000 0.0006 0.0089 0.1322 1.0000 1.0000 0.0002 0.0032 0.0476 0.7074 1.0000 0.0001 0.0012 0.0172 0.2562 1.0000 1.0000 0.0004 0.0062 0.0928 1.0000 1.0000 0.0002 0.0023 0.0336 0.4995 1.0000 0.0001 0.0008 0.0097 0.0504 0.0097 0.0008 0.0001 1.0000 0.4995 0.0336 0.0023 0.0002 1.0000 1.0000 0.0928 0.0062 0.0004 1.0000 1.0000 0.2562 0.0172 0.0012 0.0001 1.0000 0.7074 0.0476 0.0032 0.0002 1.0000 1.0000 0.1322 0.0089 0.0006 0.0000 1.0000 0.3713 0.0251 0.0017 0.0001 1.0000 1.0000 0.0734 0.0050 0.0003 1.0000 1.0000 0.2290 0.0159 0.0011 0.0001 1.0000 0.7518 0.0526 0.0036
0.0532 0.7810 1.0000 0.0001 0.0011 0.0164 0.2357 1.0000 1.0000 0.0004 0.0051 0.0739 1.0000 1.0000 0.0001 0.0017 0.0247 0.3629 1.0000 0.0000 0.0006 0.0086 0.1280 1.0000 1.0000 0.0002 0.0031 0.0459 0.6810 1.0000 0.0001 0.0011 0.0166 0.2467 1.0000 1.0000 0.0004 0.0060 0.0893 1.0000 1.0000 0.0001 0.0022 0.0324 0.4809 1.0000 0.0001 0.0008 0.0111 0.1381 0.7210 0.1381 0.0111 0.0008 0.0001 1.0000 0.4809 0.0324 0.0022 0.0001 1.0000 1.0000 0.0893 0.0060 0.0004 1.0000 1.0000 0.2467 0.0166 0.0011 0.0001 1.0000 0.6810 0.0459 0.0031 0.0002 1.0000 1.0000 0.1280 0.0086 0.0006 0.0000 1.0000 0.3629 0.0247 0.0017 0.0001 1.0000 1.0000 0.0739 0.0051 0.0004 1.0000 1.0000 0.2357 0.0164 0.0011 0.0001 1.0000 0.7810 0.0532
0.7899 1.0000 0.0001 0.0012 0.0170 0.2434 1.0000 1.0000 0.0004 0.0052 0.0750 1.0000 1.0000 0.0001 0.0017 0.0244 0.3581 1.0000 0.0000 0.0006 0.0084 0.1244 1.0000 1.0000 0.0002 0.0030 0.0443 0.6569 1.0000 0.0001 0.0011 0.0160 0.2375 1.0000 1.0000 0.0004 0.0058 0.0860 1.0000 1.0000 0.0001 0.0021 0.0312 0.4629 1.0000 0.0001 0.0008 0.0112 0.1590 1.0000 1.0000 1.0000 0.1590 0.0112 0.0008 0.0001 1.0000 0.4629 0.0312 0.0021 0.0001 1.0000 1.0000 0.0860 0.0058 0.0004 1.0000 1.0000 0.2375 0.0160 0.0011 0.0001 1.0000 0.6569 0.0443 0.0030 0.0002 1.0000 1.0000 0.1244 0.0084 0.0006 0.0000 1.0000 0.3581 0.0244 0.0017 0.0001 1.0000 1.0000 0.0750 0.0052 0.0004 1.0000 1.0000 0.2434 0.0170 0.0012 0.0001 1.0000 0.7899
1.0000 0.0001 0.0012 0.0176 0.2524 1.0000 1.0000 0.0004 0.0053 0.0769 1.0000 1.0000 0.0001 0.0017 0.0244 0.3567 1.0000 1.0000 0.0006 0.0083 0.1216 1.0000 1.0000 0.0002 0.0029 0.0429 0.6360 1.0000 0.0001 0.0010 0.0154 0.2286 1.0000 1.0000 0.0004 0.0056 0.0828 1.0000 1.0000 0.0001 0.0020 0.0300 0.4456 1.0000 0.0000 0.0007 0.0108 0.1596 1.0000 1.0000 0.0001 1.0000 1.0000 0.1596 0.0108 0.0007 0.0000 1.0000 0.4456 0.0300 0.0020 0.0001 1.0000 1.0000 0.0828 0.0056 0.0004 1.0000 1.0000 0.2286 0.0154 0.0010 0.0001 1.0000 0.6360 0.0429 0.0029 0.0002 1.0000 1.0000 0.1216 0.0083 0.0006 1.0000 1.0000 0.3567 0.0244 0.0017 0.0001 1.0000 1.0000 0.0769 0.0053 0.0004 1.0000 1.0000 0.2524 0.0176 0.0012 0.0001 1.0000
0.0001 0.0013 0.0183 0.2621 1.0000 1.0000 0.0004 0.0055 0.0791 1.0000 1.0000 0.0001 0.0017 0.0247 0.3581 1.0000 1.0000 0.0006 0.0082 0.1197 1.0000 1.0000 0.0002 0.0028 0.0417 0.6169 1.0000 0.0001 0.0010 0.0148 0.2205 1.0000 1.0000 0.0004 0.0054 0.0797 1.0000 1.0000 0.0001 0.0019 0.0289 0.4290 1.0000 0.0000 0.0007 0.0105 0.1551 1.0000 1.0000 0.0002 0.0011 0.0002 1.0000 1.0000 0.1551 0.0105 0.0007 0.0000 1.0000 0.4290 0.0289 0.0019 0.0001 1.0000 1.0000 0.0797 0.0054 0.0004 1.0000 1.0000 0.2205 0.0148 0.0010 0.0001 1.0000 0.6169 0.0417 0.0028 0.0002 1.0000 1.0000 0.1197 0.0082 0.0006 1.0000 1.0000 0.3581 0.0247 0.0017 0.0001 1.0000 1.0000 0.0791 0.0055 0.0004 1.0000 1.0000 0.2621 0.0183 0.0013 0.0001
0.0013 0.0190 0.2723 1.0000 1.0000 0.0004 0.0057 0.0817 1.0000 1.0000 0.0001 0.0017 0.0251 0.3629 1.0000 1.0000 0.0006 0.0081 0.1186 1.0000 1.0000 0.0002 0.0028 0.0407 0.6007 1.0000 0.0001 0.0010 0.0144 0.2131 1.0000 1.0000 0.0003 0.0052 0.0767 1.0000 1.0000 0.0001 0.0019 0.0278 0.4130 1.0000 0.0000 0.0007 0.0101 0.1496 1.0000 1.0000 0.0002 0.0029 0.0151 0.0029 0.0002 1.0000 1.0000 0.1496 0.0101 0.0007 0.0000 1.0000 0.4130 0.0278 0.0019 0.0001 1.0000 1.0000 0.0767 0.0052 0.0003 1.0000 1.0000 0.2131 0.0144 0.0010 0.0001 1.0000 0.6007 0.0407 0.0028 0.0002 1.0000 1.0000 0.1186 0.0081 0.0006 1.0000 1.0000 0.3629 0.0251 0.0017 0.0001 1.0000 1.0000 0.0817 0.0057 0.0004 1.0000 1.0000 0.2723 0.0190 0.0013
0.0193 0.2829 1.0000 1.0000 0.0004 0.0059 0.0847 1.0000 1.0000 0.0001 0.0018 0.0258 0.3713 1.0000 0.0000 0.0006 0.0082 0.1186 1.0000 1.0000 0.0002 0.0027 0.0399 0.5871 1.0000 0.0001 0.0009 0.0140 0.2067 1.0000 1.0000 0.0003 0.0050 0.0740 1.0000 1.0000 0.0001 0.0018 0.0268 0.3976 1.0000 0.0000 0.0007 0.0097 0.1440 1.0000 1.0000 0.0002 0.0033 0.0414 0.2159 0.0414 0.0033 0.0002 1.0000 1.0000 0.1440 0.0097 0.0007 0.0000 1.0000 0.3976 0.0268 0.0018 0.0001 1.0000 1.0000 0.0740 0.0050 0.0003 1.0000 1.0000 0.2067 0.0140 0.0009 0.0001 1.0000 0.5871 0.0399 0.0027 0.0002 1.0000 1.0000 0.1186 0.0082 0.0006 0.0000 1.0000 0.3713 0.0258 0.0018 0.0001 1.0000 1.0000 0.0847 0.0059 0.0004 1.0000 1.0000 0.2829 0.0193
0.2861 1.0000 1.0000 0.0004 0.0062 0.0880 1.0000 1.0000 0.0001 0.0018 0.0266 0.3813 1.0000 0.0000 0.0006 0.0083 0.1197 1.0000 1.0000 0.0002 0.0027 0.0394 0.5783 1.0000 0.0001 0.0009 0.0136 0.2012 1.0000 1.0000 0.0003 0.0048 0.0715 1.0000 1.0000 0.0001 0.0017 0.0258 0.3827 1.0000 0.0000 0.0006 0.0093 0.1386 1.0000 1.0000 0.0002 0.0033 0.0476 0.5916 1.0000 0.5916 0.0476 0.0033 0.0002 1.0000 1.0000 0.1386 0.0093 0.0006 0.0000 1.0000 0.3827 0.0258 0.0017 0.0001 1.0000 1.0000 0.0715 0.0048 0.0003 1.0000 1.0000 0.2012 0.0136 0.0009 0.0001 1.0000 0.5783 0.0394 0.0027 0.0002 1.0000 1.0000 0.1197 0.0083 0.0006 0.0000 1.0000 0.3813 0.0266 0.0018 0.0001 1.0000 1.0000 0.0880 0.0062 0.0004 1.0000 1.0000 0.2861
1.0000 1.0000 0.0004 0.0064 0.0914 1.0000 1.0000 0.0001 0.0019 0.0274 0.3938 1.0000 0.0000 0.0006 0.0084 0.1216 1.0000 1.0000 0.0002 0.0027 0.0393 0.5739 1.0000 0.0001 0.0009 0.0133 0.1963 1.0000 1.0000 0.0003 0.0047 0.0692 1.0000 1.0000 0.0001 0.0017 0.0248 0.3685 1.0000 0.0000 0.0006 0.0090 0.1335 1.0000 1.0000 0.0002 0.0032 0.0478 0.6810 1.0000 1.0000 1.0000 0.6810 0.0478 0.0032 0.0002 1.0000 1.0000 0.1335 0.0090 0.0006 0.0000 1.0000 0.3685 0.0248 0.0017 0.0001 1.0000 1.0000 0.0692 0.0047 0.0003 1.0000 1.0000 0.1963 0.0133 0.0009 0.0001 1.0000 0.5739 0.0393 0.0027 0.0002 1.0000 1.0000 0.1216 0.0084 0.0006 0.0000 1.0000 0.3938 0.0274 0.0019 0.0001 1.0000 1.0000 0.0914 0.0064 0.0004 1.0000 1.0000
1.0000 0.0005 0.0066 0.0949 1.0000 1.0000 0.0001 0.0020 0.0284 0.4075 1.0000 0.0000 0.0006 0.0086 0.1244 1.0000 1.0000 0.0002 0.0027 0.0394 0.5739 1.0000 0.0001 0.0009 0.0131 0.1926 1.0000 1.0000 0.0003 0.0046 0.0673 0.9962 1.0000 0.0001 0.0016 0.0239 0.3554 1.0000 0.0000 0.0006 0.0086 0.1285 1.0000 1.0000 0.0002 0.0031 0.0464 0.6836 1.0000 0.0001 0.0003 0.0001 1.0000 0.6836 0.0464 0.0031 0.0002 1.0000 1.0000 0.1285 0.0086 0.0006 0.0000 1.0000 0.3554 0.0239 0.0016 0.0001 1.0000 0.9962 0.0673 0.0046 0.0003 1.0000 1.0000 0.1926 0.0131 0.0009 0.0001 1.0000 0.5739 0.0394 0.0027 0.0002 1.0000 1.0000 0.1244 0.0086 0.0006 0.0000 1.0000 0.4075 0.0284 0.0020 0.0001 1.0000 1.0000 0.0949 0.0066 0.0005 1.0000
0.0005 0.0069 0.0986 1.0000 1.0000 0.0001 0.0021 0.0295 0.4225 1.0000 0.0000 0.0006 0.0089 0.1280 1.0000 1.0000 0.0002 0.0028 0.0399 0.5783 1.0000 0.0001 0.0009 0.0130 0.1904 1.0000 1.0000 0.0003 0.0045 0.0657 0.9700 1.0000 0.0001 0.0016 0.0232 0.3434 1.0000 1.0000 0.0006 0.0083 0.1237 1.0000 1.0000 0.0002 0.0030 0.0448 0.6644 1.0000 0.0001 0.0009 0.0045 0.0009 0.0001 1.0000 0.6644 0.0448 0.0030 0.0002 1.0000 1.0000 0.1237 0.0083 0.0006 1.0000 1.0000 0.3434 0.0232 0.0016 0.0001 1.0000 0.9700 0.0657 0.0045 0.0003 1.0000 1.0000 0.1904 0.0130 0.0009 0.0001 1.0000 0.5783 0.0399 0.0028 0.0002 1.0000 1.0000 0.1280 0.0089 0.0006 0.0000 1.0000 0.4225 0.0295 0.0021 0.0001 1.0000 1.0000 0.0986 0.0069 0.0005
0.0070 0.1025 1.0000 1.0000 0.0001 0.0021 0.0307 0.4389 1.0000 0.0000 0.0006 0.0092 0.1322 1.0000 1.0000 0.0002 0.0028 0.0407 0.5871 1.0000 0.0001 0.0009 0.0130 0.1897 1.0000 1.0000 0.0003 0.0044 0.0643 0.9481 1.0000 0.0001 0.0015 0.0225 0.3331 1.0000 1.0000 0.0005 0.0080 0.1193 1.0000 1.0000 0.0002 0.0029 0.0431 0.6408 1.0000 0.0001 0.0010 0.0124 0.0647 0.0124 0.0010 0.0001 1.0000 0.6408 0.0431 0.0029 0.0002 1.0000 1.0000 0.1193 0.0080 0.0005 1.0000 1.0000 0.3331 0.0225 0.0015 0.0001 1.0000 0.9481 0.0643 0.0044 0.0003 1.0000 1.0000 0.1897 0.0130 0.0009 0.0001 1.0000 0.5871 0.0407 0.0028 0.0002 1.0000 1.0000 0.1322 0.0092 0.0006 0.0000 1.0000 0.4389 0.0307 0.0021 0.0001 1.0000 1.0000 0.1025 0.0070
0.1036 1.0000 1.0000 0.0002 0.0022 0.0319 0.4559 1.0000 0.0000 0.0007 0.0095 0.1368 1.0000 1.0000 0.0002 0.0029 0.0417 0.6007 1.0000 0.0001 0.0009 0.0131 0.1904 1.0000 1.0000 0.0003 0.0043 0.0633 0.9303 1.0000 0.0001 0.0015 0.0220 0.3244 1.0000 1.0000 0.0005 0.0078 0.1153 1.0000 1.0000 0.0002 0.0028 0.0415 0.6169 1.0000 0.0001 0.0010 0.0143 0.1772 0.9250 0.1772 0.0143 0.0010 0.0001 1.0000 0.6169 0.0415 0.0028 0.0002 1.0000 1.0000 0.1153 0.0078 0.0005 1.0000 1.0000 0.3244 0.0220 0.0015 0.0001 1.0000 0.9303 0.0633 0.0043 0.0003 1.0000 1.0000 0.1904 0.0131 0.0009 0.0001 1.0000 0.6007 0.0417 0.0029 0.0002 1.0000 1.0000 0.1368 0.0095 0.0007 0.0000 1.0000 0.4559 0.0319 0.0022 0.0002 1.0000 1.0000 0.1036
1.0000 1.0000 0.0002 0.0023 0.0331 0.4736 1.0000 0.0000 0.0007 0.0099 0.1418 1.0000 1.0000 0.0002 0.0030 0.0429 0.6169 1.0000 0.0001 0.0009 0.0133 0.1926 1.0000 1.0000 0.0003 0.0043 0.0628 0.9197 1.0000 0.0001 0.0015 0.0215 0.3171 1.0000 1.0000 0.0005 0.0075 0.1116 1.0000 1.0000 0.0002 0.0027 0.0400 0.5939 1.0000 0.0001 0.0010 0.0143 0.2039 1.0000 1.0000 1.0000 0.2039 0.0143 0.0010 0.0001 1.0000 0.5939 0.0400 0.0027 0.0002 1.0000 1.0000 0.1116 0.0075 0.0005 1.0000 1.0000 0.3171 0.0215 0.0015 0.0001 1.0000 0.9197 0.0628 0.0043 0.0003 1.0000 1.0000 0.1926 0.0133 0.0009 0.0001 1.0000 0.6169 0.0429 0.0030 0.0002 1.0000 1.0000 0.1418 0.0099 0.0007 0.0000 1.0000 0.4736 0.0331 0.0023 0.0002 1.0000 1.0000
1.0000 0.0002 0.0024 0.0344 0.4920 1.0000 0.0001 0.0007 0.0103 0.1473 1.0000 1.0000 0.0002 0.0031 0.0443 0.6360 1.0000 0.0001 0.0009 0.0136 0.1963 1.0000 1.0000 0.0003 0.0043 0.0628 0.9162 1.0000 0.0001 0.0014 0.0211 0.3105 1.0000 1.0000 0.0005 0.0073 0.1085 1.0000 1.0000 0.0002 0.0026 0.0385 0.5728 1.0000 0.0001 0.0009 0.0139 0.2047 1.0000 1.0000 0.0001 1.0000 1.0000 0.2047 0.0139 0.0009 0.0001 1.0000 0.5728 0.0385 0.0026 0.0002 1.0000 1.0000 0.1085 0.0073 0.0005 1.0000 1.0000 0.3105 0.0211 0.0014 0.0001 1.0000 0.9162 0.0628 0.0043 0.0003 1.0000 1.0000 0.1963 0.0136 0.0009 0.0001 1.0000 0.6360 0.0443 0.0031 0.0002 1.0000 1.0000 0.1473 0.0103 0.0007 0.0001 1.0000 0.4920 0.0344 0.0024 0.0002 1.0000
0.0002 0.0025 0.0357 0.5110 1.0000 0.0001 0.0007 0.0107 0.1530 1.0000 1.0000 0.0002 0.0032 0.0459 0.6569 1.0000 0.0001 0.0010 0.0140 0.2012 1.0000 1.0000 0.0003 0.0044 0.0633 0.9197 1.0000 0.0001 0.0014 0.0209 0.3058 1.0000 1.0000 0.0005 0.0072 0.1058 1.0000 1.0000 0.0002 0.0025 0.0373 0.5535 1.0000 0.0001 0.0009 0.0134 0.1990 1.0000 1.0000 0.0003 0.0014 0.0003 1.0000 1.0000 0.1990 0.0134 0.0009 0.0001 1.0000 0.5535 0.0373 0.0025 0.0002 1.0000 1.0000 0.1058 0.0072 0.0005 1.0000 1.0000 0.3058 0.0209 0.0014 0.0001 1.0000 0.9197 0.0633 0.0044 0.0003 1.0000 1.0000 0.2012 0.0140 0.0010 0.0001 1.0000 0.6569 0.0459 0.0032 0.0002 1.0000 1.0000 0.1530 0.0107 0.0007 0.0001 1.0000 0.5110 0.0357 0.0025 0.0002
0.0025 0.0371 0.5308 1.0000 0.0001 0.0008 0.0111 0.1590 1.0000 1.0000 0.0002 0.0033 0.0476 0.6810 1.0000 0.0001 0.0010 0.0144 0.2067 1.0000 1.0000 0.0003 0.0045 0.0643 0.9303 1.0000 0.0001 0.0014 0.0208 0.3035 1.0000 1.0000 0.0005 0.0070 0.1036 1.0000 1.0000 0.0002 0.0025 0.0363 0.5369 1.0000 0.0001 0.0009 0.0129 0.1923 1.0000 1.0000 0.0003 0.0037 0.0194 0.0037 0.0003 1.0000 1.0000 0.1923 0.0129 0.0009 0.0001 1.0000 0.5369 0.0363 0.0025 0.0002 1.0000 1.0000 0.1036 0.0070 0.0005 1.0000 1.0000 0.3035 0.0208 0.0014 0.0001 1.0000 0.9303 0.0643 0.0045 0.0003 1.0000 1.0000 0.2067 0.0144 0.0010 0.0001 1.0000 0.6810 0.0476 0.0033 0.0002 1.0000 1.0000 0.1590 0.0111 0.0008 0.0001 1.0000 0.5308 0.0371 0.0025
0.0375 0.5514 1.0000 0.0001 0.0008 0.0115 0.1651 1.0000 1.0000 0.0002 0.0035 0.0495 0.7074 1.0000 0.0001 0.0010 0.0148 0.2131 1.0000 1.0000 0.0003 0.0046 0.0657 0.9481 1.0000 0.0001 0.0014 0.0209 0.3035 1.0000 1.0000 0.0005 0.0069 0.1019 1.0000 1.0000 0.0002 0.0024 0.0354 0.5228 1.0000 0.0001 0.0008 0.0125 0.1854 1.0000 1.0000 0.0003 0.0043 0.0531 0.2770 0.0531 0.0043 0.0003 1.0000 1.0000 0.1854 0.0125 0.0008 0.0001 1.0000 0.5228 0.0354 0.0024 0.0002 1.0000 1.0000 0.1019 0.0069 0.0005 1.0000 1.0000 0.3035 0.0209 0.0014 0.0001 1.0000 0.9481 0.0657 0.0046 0.0003 1.0000 1.0000 0.2131 0.0148 0.0010 0.0001 1.0000 0.7074 0.0495 0.0035 0.0002 1.0000 1.0000 0.1651 0.0115 0.0008 0.0001 1.0000 0.5514 0.0375
0.5577 1.0000 0.0001 0.0008 0.0120 0.1715 1.0000 1.0000 0.0003 0.0036 0.0514 0.7348 1.0000 0.0001 0.0011 0.0154 0.2205 1.0000 1.0000 0.0003 0.0047 0.0673 0.9700 1.0000 0.0001 0.0015 0.0211 0.3058 1.0000 1.0000 0.0005 0.0069 0.1007 1.0000 1.0000 0.0002 0.0023 0.0347 0.5110 1.0000 0.0001 0.0008 0.0121 0.1795 1.0000 1.0000 0.0003 0.0043 0.0611 0.7590 1.0000 0.7590 0.0611 0.0043 0.0003 1.0000 1.0000 0.1795 0.0121 0.0008 0.0001 1.0000 0.5110 0.0347 0.0023 0.0002 1.0000 1.0000 0.1007 0.0069 0.0005 1.0000 1.0000 0.3058 0.0211 0.0015 0.0001 1.0000 0.9700 0.0673 0.0047 0.0003 1.0000 1.0000 0.2205 0.0154 0.0011 0.0001 1.0000 0.7348 0.0514 0.0036 0.0003 1.0000 1.0000 0.1715 0.0120 0.0008 0.0001 1.0000 0.5577
1.0000 0.0001 0.0009 0.0125 0.1782 1.0000 1.0000 0.0003 0.0037 0.0534 0.7633 1.0000 0.0001 0.0011 0.0160 0.2286 1.0000 1.0000 0.0003 0.0048 0.0692 0.9962 1.0000 0.0001 0.0015 0.0215 0.3105 1.0000 1.0000 0.0005 0.0069 0.1003 1.0000 1.0000 0.0002 0.0023 0.0340 0.5004 1.0000 0.0001 0.0008 0.0118 0.1745 1.0000 1.0000 0.0003 0.0042 0.0614 0.8737 1.0000 1.0000 1.0000 0.8737 0.0614 0.0042 0.0003 1.0000 1.0000 0.1745 0.0118 0.0008 0.0001 1.0000 0.5004 0.0340 0.0023 0.0002 1.0000 1.0000 0.1003 0.0069 0.0005 1.0000 1.0000 0.3105 0.0215 0.0015 0.0001 1.0000 0.9962 0.0692 0.0048 0.0003 1.0000 1.0000 0.2286 0.0160 0.0011 0.0001 1.0000 0.7633 0.0534 0.0037 0.0003 1.0000 1.0000 0.1782 0.0125 0.0009 0.0001 1.0000
0.0001 0.0009 0.0129 0.1851 1.0000 1.0000 0.0003 0.0039 0.0554 0.7929 1.0000 0.0001 0.0012 0.0166 0.2375 1.0000 1.0000 0.0003 0.0050 0.0715 1.0000 1.0000 0.0001 0.0015 0.0220 0.3171 1.0000 1.0000 0.0005 0.0069 0.1007 1.0000 1.0000 0.0002 0.0023 0.0335 0.4920 1.0000 0.0001 0.0008 0.0115 0.1702 1.0000 1.0000 0.0003 0.0041 0.0600 0.8820 1.0000 0.0001 0.0004 0.0001 1.0000 0.8820 0.0600 0.0041 0.0003 1.0000 1.0000 0.1702 0.0115 0.0008 0.0001 1.0000 0.4920 0.0335 0.0023 0.0002 1.0000 1.0000 0.1007 0.0069 0.0005 1.0000 1.0000 0.3171 0.0220 0.0015 0.0001 1.0000 1.0000 0.0715 0.0050 0.0003 1.0000 1.0000 0.2375 0.0166 0.0012 0.0001 1.0000 0.7929 0.0554 0.0039 0.0003 1.0000 1.0000 0.1851 0.0129 0.0009 0.0001
0.0009 0.0134 0.1923 1.0000 1.0000 0.0003 0.0040 0.0576 0.8237 1.0000 0.0001 0.0012 0.0172 0.2467 1.0000 1.0000 0.0004 0.0052 0.0740 1.0000 1.0000 0.0001 0.0016 0.0225 0.3244 1.0000 1.0000 0.0005 0.0070 0.1019 1.0000 1.0000 0.0002 0.0023 0.0332 0.4864 1.0000 0.0001 0.0008 0.0113 0.1667 1.0000 1.0000 0.0003 0.0040 0.0585 0.8638 1.0000 0.0001 0.0011 0.0058 0.0011 0.0001 1.0000 0.8638 0.0585 0.0040 0.0003 1.0000 1.0000 0.1667 0.0113 0.0008 0.0001 1.0000 0.4864 0.0332 0.0023 0.0002 1.0000 1.0000 0.1019 0.0070 0.0005 1.0000 1.0000 0.3244 0.0225 0.0016 0.0001 1.0000 1.0000 0.0740 0.0052 0.0004 1.0000 1.0000 0.2467 0.0172 0.0012 0.0001 1.0000 0.8237 0.0576 0.0040 0.0003 1.0000 1.0000 0.1923 0.0134 0.0009
0.0136 0.1997 1.0000 1.0000 0.0003 0.0042 0.0598 0.8556 1.0000 0.0001 0.0013 0.0179 0.2562 1.0000 1.0000 0.0004 0.0054 0.0767 1.0000 1.0000 0.0001 0.0016 0.0232 0.3331 1.0000 1.0000 0.0005 0.0072 0.1036 1.0000 1.0000 0.0002 0.0023 0.0332 0.4845 1.0000 0.0001 0.0008 0.0112 0.1639 1.0000 1.0000 0.0003 0.0039 0.0570 0.8427 1.0000 0.0001 0.0013 0.0160 0.0834 0.0160 0.0013 0.0001 1.0000 0.8427 0.0570 0.0039 0.0003 1.0000 1.0000 0.1639 0.0112 0.0008 0.0001 1.0000 0.4845 0.0332 0.0023 0.0002 1.0000 1.0000 0.1036 0.0072 0.0005 1.0000 1.0000 0.3331 0.0232 0.0016 0.0001 1.0000 1.0000 0.0767 0.0054 0.0004 1.0000 1.0000 0.2562 0.0179 0.0013 0.0001 1.0000 0.8556 0.0598 0.0042 0.0003 1.0000 1.0000 0.1997 0.0136
0.2020 1.0000 1.0000 0.0003 0.0043 0.0621 0.8888 1.0000 0.0001 0.0013 0.0186 0.2662 1.0000 1.0000 0.0004 0.0056 0.0797 1.0000 1.0000 0.0001 0.0017 0.0239 0.3434 1.0000 1.0000 0.0005 0.0073 0.1058 1.0000 1.0000 0.0002 0.0023 0.0335 0.4864 1.0000 0.0001 0.0008 0.0110 0.1617 1.0000 1.0000 0.0003 0.0038 0.0557 0.8221 1.0000 0.0001 0.0013 0.0185 0.2299 1.0000 0.2299 0.0185 0.0013 0.0001 1.0000 0.8221 0.0557 0.0038 0.0003 1.0000 1.0000 0.1617 0.0110 0.0008 0.0001 1.0000 0.4864 0.0335 0.0023 0.0002 1.0000 1.0000 0.1058 0.0073 0.0005 1.0000 1.0000 0.3434 0.0239 0.0017 0.0001 1.0000 1.0000 0.0797 0.0056 0.0004 1.0000 1.0000 0.2662 0.0186 0.0013 0.0001 1.0000 0.8888 0.0621 0.0043 0.0003 1.0000 1.0000 0.2020
1.0000 1.0000 0.0003 0.0045 0.0645 0.9232 1.0000 0.0001 0.0014 0.0193 0.2765 1.0000 1.0000 0.0004 0.0058 0.0828 1.0000 1.0000 0.0001 0.0017 0.0248 0.3554 1.0000 1.0000 0.0005 0.0075 0.1085 1.0000 1.0000 0.0002 0.0023 0.0340 0.4920 1.0000 0.0001 0.0008 0.0110 0.1605 1.0000 1.0000 0.0003 0.0037 0.0547 0.8051 1.0000 0.0001 0.0013 0.0188 0.2662 1.0000 1.0000 1.0000 0.2662 0.0188 0.0013 0.0001 1.0000 0.8051 0.0547 0.0037 0.0003 1.0000 1.0000 0.1605 0.0110 0.0008 0.0001 1.0000 0.4920 0.0340 0.0023 0.0002 1.0000 1.0000 0.1085 0.0075 0.0005 1.0000 1.0000 0.3554 0.0248 0.0017 0.0001 1.0000 1.0000 0.0828 0.0058 0.0004 1.0000 1.0000 0.2765 0.0193 0.0014 0.0001 1.0000 0.9232 0.0645 0.0045 0.0003 1.0000 1.0000
1.0000 0.0003 0.0047 0.0670 0.9590 1.0000 0.0001 0.0014 0.0201 0.2872 1.0000 1.0000 0.0004 0.0060 0.0860 1.0000 1.0000 0.0001 0.0018 0.0258 0.3685 1.0000 1.0000 0.0005 0.0078 0.1116 1.0000 1.0000 0.0002 0.0024 0.0347 0.5004 1.0000 0.0001 0.0008 0.0110 0.1605 1.0000 1.0000 0.0003 0.0037 0.0539 0.7914 1.0000 0.0001 0.0013 0.0186 0.2708 1.0000 1.0000 0.0001 1.0000 1.0000 0.2708 0.0186 0.0013 0.0001 1.0000 0.7914 0.0539 0.0037 0.0003 1.0000 1.0000 0.1605 0.0110 0.0008 0.0001 1.0000 0.5004 0.0347 0.0024 0.0002 1.0000 1.0000 0.1116 0.0078 0.0005 1.0000 1.0000 0.3685 0.0258 0.0018 0.0001 1.0000 1.0000 0.0860 0.0060 0.0004 1.0000 1.0000 0.2872 0.0201 0.0014 0.0001 1.0000 0.9590 0.0670 0.0047 0.0003 1.0000
0.0003 0.0049 0.0696 0.9962 1.0000 0.0001 0.0015 0.0209 0.2983 1.0000 1.0000 0.0004 0.0062 0.0893 1.0000 1.0000 0.0001 0.0019 0.0268 0.3827 1.0000 0.0000 0.0006 0.0080 0.1153 1.0000 1.0000 0.0002 0.0025 0.0354 0.5110 1.0000 0.0001 0.0008 0.0112 0.1617 1.0000 1.0000 0.0002 0.0036 0.0533 0.7810 1.0000 0.0001 0.0012 0.0183 0.2677 1.0000 1.0000 0.0003 0.0018 0.0003 1.0000 1.0000 0.2677 0.0183 0.0012 0.0001 1.0000 0.7810 0.0533 0.0036 0.0002 1.0000 1.0000 0.1617 0.0112 0.0008 0.0001 1.0000 0.5110 0.0354 0.0025 0.0002 1.0000 1.0000 0.1153 0.0080 0.0006 0.0000 1.0000 0.3827 0.0268 0.0019 0.0001 1.0000 1.0000 0.0893 0.0062 0.0004 1.0000 1.0000 0.2983 0.0209 0.0015 0.0001 1.0000 0.9962 0.0696 0.0049 0.0003
0.0049 0.0723 1.0000 1.0000 0.0001 0.0015 0.0217 0.3099 1.0000 1.0000 0.0005 0.0065 0.0928 1.0000 1.0000 0.0001 0.0019 0.0278 0.3976 1.0000 0.0000 0.0006 0.0083 0.1193 1.0000 1.0000 0.0002 0.0025 0.0363 0.5228 1.0000 0.0001 0.0008 0.0113 0.1639 1.0000 1.0000 0.0003 0.0036 0.0531 0.7750 1.0000 0.0001 0.0012 0.0179 0.2636 1.0000 1.0000 0.0004 0.0049 0.0257 0.0049 0.0004 1.0000 1.0000 0.2636 0.0179 0.0012 0.0001 1.0000 0.7750 0.0531 0.0036 0.0003 1.0000 1.0000 0.1639 0.0113 0.0008 0.0001 1.0000 0.5228 0.0363 0.0025 0.0002 1.0000 1.0000 0.1193 0.0083 0.0006 0.0000 1.0000 0.3976 0.0278 0.0019 0.0001 1.0000 1.0000 0.0928 0.0065 0.0005 1.0000 1.0000 0.3099 0.0217 0.0015 0.0001 1.0000 1.0000 0.0723 0.0049
0.0732 1.0000 1.0000 0.0001 0.0016 0.0225 0.3219 1.0000 1.0000 0.0005 0.0067 0.0964 1.0000 1.0000 0.0001 0.0020 0.0289 0.4130 1.0000 0.0000 0.0006 0.0086 0.1237 1.0000 1.0000 0.0002 0.0026 0.0373 0.5369 1.0000 0.0001 0.0008 0.0115 0.1667 1.0000 1.0000 0.0003 0.0037 0.0533 0.7750 1.0000 0.0001 0.0012 0.0177 0.2602 1.0000 1.0000 0.0004 0.0058 0.0712 0.3706 0.0712 0.0058 0.0004 1.0000 1.0000 0.2602 0.0177 0.0012 0.0001 1.0000 0.7750 0.0533 0.0037 0.0003 1.0000 1.0000 0.1667 0.0115 0.0008 0.0001 1.0000 0.5369 0.0373 0.0026 0.0002 1.0000 1.0000 0.1237 0.0086 0.0006 0.0000 1.0000 0.4130 0.0289 0.0020 0.0001 1.0000 1.0000 0.0964 0.0067 0.0005 1.0000 1.0000 0.3219 0.0225 0.0016 0.0001 1.0000 1.0000 0.0732
1.0000 1.0000 0.0001 0.0016 0.0234 0.3344 1.0000 1.0000 0.0005 0.0070 0.1001 1.0000 1.0000 0.0001 0.0021 0.0300 0.4290 1.0000 0.0000 0.0006 0.0090 0.1285 1.0000 1.0000 0.0002 0.0027 0.0385 0.5535 1.0000 0.0001 0.0008 0.0118 0.1702 1.0000 1.0000 0.0003 0.0037 0.0539 0.7810 1.0000 0.0001 0.0012 0.0176 0.2572 1.0000 1.0000 0.0004 0.0059 0.0831 1.0000 1.0000 1.0000 0.0831 0.0059 0.0004 1.0000 1.0000 0.2572 0.0176 0.0012 0.0001 1.0000 0.7810 0.0539 0.0037 0.0003 1.0000 1.0000 0.1702 0.0118 0.0008 0.0001 1.0000 0.5535 0.0385 0.0027 0.0002 1.0000 1.0000 0.1285 0.0090 0.0006 0.0000 1.0000 0.4290 0.0300 0.0021 0.0001 1.0000 1.0000 0.1001 0.0070 0.0005 1.0000 1.0000 0.3344 0.0234 0.0016 0.0001 1.0000 1.0000
1.0000 0.0001 0.0017 0.0243 0.3474 1.0000 1.0000 0.0005 0.0073 0.1040 1.0000 1.0000 0.0002 0.0022 0.0312 0.4456 1.0000 0.0000 0.0007 0.0093 0.1335 1.0000 1.0000 0.0002 0.0028 0.0400 0.5728 1.0000 0.0001 0.0008 0.0121 0.1745 1.0000 1.0000 0.0003 0.0038 0.0547 0.7914 1.0000 0.0001 0.0012 0.0176 0.2562 1.0000 1.0000 0.0004 0.0059 0.0854 1.0000 1.0000 1.0000 1.0000 1.0000 0.0854 0.0059 0.0004 1.0000 1.0000 0.2562 0.0176 0.0012 0.0001 1.0000 0.7914 0.0547 0.0038 0.0003 1.0000 1.0000 0.1745 0.0121 0.0008 0.0001 1.0000 0.5728 0.0400 0.0028 0.0002 1.0000 1.0000 0.1335 0.0093 0.0007 0.0000 1.0000 0.4456 0.0312 0.0022 0.0002 1.0000 1.0000 0.1040 0.0073 0.0005 1.0000 1.0000 0.3474 0.0243 0.0017 0.0001 1.0000
0.0001 0.0018 0.0252 0.3608 1.0000 1.0000 0.0005 0.0076 0.1081 1.0000 1.0000 0.0002 0.0023 0.0324 0.4629 1.0000 0.0000 0.0007 0.0097 0.1386 1.0000 1.0000 0.0002 0.0029 0.0415 0.5939 1.0000 0.0001 0.0009 0.0125 0.1795 1.0000 1.0000 0.0003 0.0039 0.0557 0.8051 1.0000 0.0001 0.0012 0.0177 0.2572 1.0000 1.0000 0.0004 0.0058 0.0852 1.0000 1.0000 0.0001 0.0006 0.0001 1.0000 1.0000 0.0852 0.0058 0.0004 1.0000 1.0000 0.2572 0.0177 0.0012 0.0001 1.0000 0.8051 0.0557 0.0039 0.0003 1.0000 1.0000 0.1795 0.0125 0.0009 0.0001 1.0000 0.5939 0.0415 0.0029 0.0002 1.0000 1.0000 0.1386 0.0097 0.0007 0.0000 1.0000 0.4629 0.0324 0.0023 0.0002 1.0000 1.0000 0.1081 0.0076 0.0005 1.0000 1.0000 0.3608 0.0252 0.0018 0.0001
0.0018 0.0262 0.3748 1.0000 0.0000 0.0005 0.0078 0.1122 1.0000 1.0000 0.0002 0.0023 0.0336 0.4809 1.0000 0.0000 0.0007 0.0101 0.1440 1.0000 1.0000 0.0002 0.0030 0.0431 0.6169 1.0000 0.0001 0.0009 0.0129 0.1854 1.0000 1.0000 0.0003 0.0040 0.0570 0.8221 1.0000 0.0001 0.0012 0.0179 0.2602 1.0000 1.0000 0.0004 0.0058 0.0849 1.0000 1.0000 0.0001 0.0016 0.0081 0.0016 0.0001 1.0000 1.0000 0.0849 0.0058 0.0004 1.0000 1.0000 0.2602 0.0179 0.0012 0.0001 1.0000 0.8221 0.0570 0.0040 0.0003 1.0000 1.0000 0.1854 0.0129 0.0009 0.0001 1.0000 0.6169 0.0431 0.0030 0.0002 1.0000 1.0000 0.1440 0.0101 0.0007 0.0000 1.0000 0.4809 0.0336 0.0023 0.0002 1.0000 1.0000 0.1122 0.0078 0.0005 0.0000 1.0000 0.3748 0.0262 0.0018
0.0265 0.3893 1.0000 0.0000 0.0006 0.0082 0.1166 1.0000 1.0000 0.0002 0.0024 0.0349 0.4995 1.0000 0.0001 0.0007 0.0105 0.1496 1.0000 1.0000 0.0002 0.0031 0.0448 0.6408 1.0000 0.0001 0.0009 0.0134 0.1923 1.0000 1.0000 0.0003 0.0041 0.0585 0.8427 1.0000 0.0001 0.0013 0.0183 0.2636 1.0000 1.0000 0.0004 0.0058 0.0849 1.0000 1.0000 0.0001 0.0018 0.0225 0.1170 0.0225 0.0018 0.0001 1.0000 1.0000 0.0849 0.0058 0.0004 1.0000 1.0000 0.2636 0.0183 0.0013 0.0001 1.0000 0.8427 0.0585 0.0041 0.0003 1.0000 1.0000 0.1923 0.0134 0.0009 0.0001 1.0000 0.6408 0.0448 0.0031 0.0002 1.0000 1.0000 0.1496 0.0105 0.0007 0.0001 1.0000 0.4995 0.0349 0.0024 0.0002 1.0000 1.0000 0.1166 0.0082 0.0006 0.0000 1.0000 0.3893 0.0265
0.3923 1.0000 0.0000 0.0006 0.0085 0.1209 1.0000 1.0000 0.0002 0.0025 0.0362 0.5179 1.0000 0.0001 0.0008 0.0108 0.1551 1.0000 1.0000 0.0002 0.0032 0.0464 0.6644 1.0000 0.0001 0.0010 0.0139 0.1990 1.0000 1.0000 0.0003 0.0042 0.0600 0.8638 1.0000 0.0001 0.0013 0.0186 0.2677 1.0000 1.0000 0.0004 0.0059 0.0852 1.0000 1.0000 0.0001 0.0019 0.0266 0.3268 1.0000 0.3268 0.0266 0.0019 0.0001 1.0000 1.0000 0.0852 0.0059 0.0004 1.0000 1.0000 0.2677 0.0186 0.0013 0.0001 1.0000 0.8638 0.0600 0.0042 0.0003 1.0000 1.0000 0.1990 0.0139 0.0010 0.0001 1.0000 0.6644 0.0464 0.0032 0.0002 1.0000 1.0000 0.1551 0.0108 0.0008 0.0001 1.0000 0.5179 0.0362 0.0025 0.0002 1.0000 1.0000 0.1209 0.0085 0.0006 0.0000 1.0000 0.3923
1.0000 0.0000 0.0006 0.0087 0.1244 1.0000 1.0000 0.0002 0.0026 0.0372 0.5329 1.0000 0.0001 0.0008 0.0112 0.1596 1.0000 1.0000 0.0002 0.0033 0.0478 0.6836 1.0000 0.0001 0.0010 0.0143 0.2047 1.0000 1.0000 0.0003 0.0043 0.0614 0.8820 1.0000 0.0001 0.0013 0.0188 0.2708 1.0000 1.0000 0.0004 0.0059 0.0854 1.0000 1.0000 0.0001 0.0019 0.0273 0.3835 1.0000 1.0000 1.0000 0.3835 0.0273 0.0019 0.0001 1.0000 1.0000 0.0854 0.0059 0.0004 1.0000 1.0000 0.2708 0.0188 0.0013 0.0001 1.0000 0.8820 0.0614 0.0043 0.0003 1.0000 1.0000 0.2047 0.0143 0.0010 0.0001 1.0000 0.6836 0.0478 0.0033 0.0002 1.0000 1.0000 0.1596 0.0112 0.0008 0.0001 1.0000 0.5329 0.0372 0.0026 0.0002 1.0000 1.0000 0.1244 0.0087 0.0006 0.0000 1.0000
0.0000 0.0006 0.0087 0.1239 1.0000 1.0000 0.0002 0.0026 0.0371 0.5308 1.0000 0.0001 0.0008 0.0111 0.1590 1.0000 1.0000 0.0002 0.0033 0.0476 0.6810 1.0000 0.0001 0.0010 0.0143 0.2039 1.0000 1.0000 0.0003 0.0043 0.0611 0.8737 1.0000 0.0001 0.0013 0.0185 0.2662 1.0000 1.0000 0.0004 0.0058 0.0831 1.0000 1.0000 0.0001 0.0018 0.0266 0.3835 1.0000 1.0000 0.0002 1.0000 1.0000 0.3835 0.0266 0.0018 0.0001 1.0000 1.0000 0.0831 0.0058 0.0004 1.0000 1.0000 0.2662 0.0185 0.0013 0.0001 1.0000 0.8737 0.0611 0.0043 0.0003 1.0000 1.0000 0.2039 0.0143 0.0010 0.0001 1.0000 0.6810 0.0476 0.0033 0.0002 1.0000 1.0000 0.1590 0.0111 0.0008 0.0001 1.0000 0.5308 0.0371 0.0026 0.0002 1.0000 1.0000 0.1239 0.0087 0.0006 0.0000
0.0005 0.0075 0.1076 1.0000 1.0000 0.0002 0.0023 0.0322 0.4611 1.0000 0.0000 0.0007 0.0097 0.1381 1.0000 1.0000 0.0002 0.0029 0.0414 0.5916 1.0000 0.0001 0.0009 0.0124 0.1772 1.0000 1.0000 0.0003 0.0037 0.0531 0.7590 1.0000 0.0001 0.0011 0.0160 0.2299 1.0000 1.0000 0.0003 0.0049 0.0712 1.0000 1.0000 0.0001 0.0016 0.0225 0.3268 1.0000 1.0000 0.0004 0.0021 0.0004 1.0000 1.0000 0.3268 0.0225 0.0016 0.0001 1.0000 1.0000 0.0712 0.0049 0.0003 1.0000 1.0000 0.2299 0.0160 0.0011 0.0001 1.0000 0.7590 0.0531 0.0037 0.0003 1.0000 1.0000 0.1772 0.0124 0.0009 0.0001 1.0000 0.5916 0.0414 0.0029 0.0002 1.0000 1.0000 0.1381 0.0097 0.0007 0.0000 1.0000 0.4611 0.0322 0.0023 0.0002 1.0000 1.0000 0.1076 0.0075 0.0005
0.0027 0.0394 0.5620 1.0000 0.0001 0.0008 0.0118 0.1683 1.0000 1.0000 0.0002 0.0035 0.0504 0.7210 1.0000 0.0001 0.0011 0.0151 0.2159 1.0000 1.0000 0.0003 0.0045 0.0647 0.9250 1.0000 0.0001 0.0014 0.0194 0.2770 1.0000 1.0000 0.0004 0.0058 0.0834 1.0000 1.0000 0.0001 0.0018 0.0257 0.3706 1.0000 1.0000 0.0006 0.0081 0.1170 1.0000 1.0000 0.0002 0.0021 0.0106 0.0021 0.0002 1.0000 1.0000 0.1170 0.0081 0.0006 1.0000 1.0000 0.3706 0.0257 0.0018 0.0001 1.0000 1.0000 0.0834 0.0058 0.0004 1.0000 1.0000 0.2770 0.0194 0.0014 0.0001 1.0000 0.9250 0.0647 0.0045 0.0003 1.0000 1.0000 0.2159 0.0151 0.0011 0.0001 1.0000 0.7210 0.0504 0.0035 0.0002 1.0000 1.0000 0.1683 0.0118 0.0008 0.0001 1.0000 0.5620 0.0394 0.0027
0.0005 0.0075 0.1076 1.0000 1.0000 0.0002 0.0023 0.0322 0.4611 1.0000 0.0000 0.0007 0.0097 0.1381 1.0000 1.0000 0.0002 0.0029 0.0414 0.5916 1.0000 0.0001 0.0009 0.0124 0.1772 1.0000 1.0000 0.0003 0.0037 0.0531 0.7590 1.0000 0.0001 0.0011 0.0160 0.2299 1.0000 1.0000 0.0003 0.0049 0.0712 1.0000 1.0000 0.0001 0.0016 0.0225 0.3268 1.0000 1.0000 0.0004 0.0021 0.0004 1.0000 1.0000 0.3268 0.0225 0.0016 0.0001 1.0000 1.0000 0.0712 0.0049 0.0003 1.0000 1.0000 0.2299 0.0160 0.0011 0.0001 1.0000 0.7590 0.0531 0.0037 0.0003 1.0000 1.0000 0.1772 0.0124 0.0009 0.0001 1.0000 0.5916 0.0414 0.0029 0.0002 1.0000 1.0000 0.1381 0.0097 0.0007 0.0000 1.0000 0.4611 0.0322 0.0023 0.0002 1.0000 1.0000 0.1076 0.0075 0.0005
0.0000 0.0006 0.0087 0.1239 1.0000 1.0000 0.0002 0.0026 0.0371 0.5308 1.0000 0.0001 0.0008 0.0111 0.1590 1.0000 1.0000 0.0002 0.0033 0.0476 0.6810 1.0000 0.0001 0.0010 0.0143 0.2039 1.0000 1.0000 0.0003 0.0043 0.0611 0.8737 1.0000 0.0001 0.0013 0.0185 0.2662 1.0000 1.0000 0.0004 0.0058 0.0831 1.0000 1.0000 0.0001 0.0018 0.0266 0.3835 1.0000 1.0000 0.0002 1.0000 1.0000 0.3835 0.0266 0.0018 0.0001 1.0000 1.0000 0.0831 0.0058 0.0004 1.0000 1.0000 0.2662 0.0185 0.0013 0.0001 1.0000 0.8737 0.0611 0.0043 0.0003 1.0000 1.0000 0.2039 0.0143 0.0010 0.0001 1.0000 0.6810 0.0476 0.0033 0.0002 1.0000 1.0000 0.1590 0.0111 0.0008 0.0001 1.0000 0.5308 0.0371 0.0026 0.0002 1.0000 1.0000 0.1239 0.0087 0.0006 0.0000
1.0000 0.0000 0.0006 0.0087 0.1244 1.0000 1.0000 0.0002 0.0026 0.0372 0.5329 1.0000 0.0001 0.0008 0.0112 0.1596 1.0000 1.0000 0.0002 0.0033 0.0478 0.6836 1.0000 0.0001 0.0010 0.0143 0.2047 1.0000 1.0000 0.0003 0.0043 0.0614 0.8820 1.0000 0.0001 0.0013 0.0188 0.2708 1.0000 1.0000 0.0004 0.0059 0.0854 1.0000 1.0000 0.0001 0.0019 0.0273 0.3835 1.0000 1.0000 1.0000 0.3835 0.0273 0.0019 0.0001 1.0000 1.0000 0.0854 0.0059 0.0004 1.0000 1.0000 0.2708 0.0188 0.0013 0.0001 1.0000 0.8820 0.0614 0.0043 0.0003 1.0000 1.0000 0.2047 0.0143 0.0010 0.0001 1.0000 0.6836 0.0478 0.0033 0.0002 1.0000 1.0000 0.1596 0.0112 0.0008 0.0001 1.0000 0.5329 0.0372 0.0026 0.0002 1.0000 1.0000 0.1244 0.0087 0.0006 0.0000 1.0000
0.3923 1.0000 0.0000 0.0006 0.0085 0.1209 1.0000 1.0000 0.0002 0.0025 0.0362 0.5179 1.0000 0.0001 0.0008 0.0108 0.1551 1.0000 1.0000 0.0002 0.0032 0.0464 0.6644 1.0000 0.0001 0.0010 0.0139 0.1990 1.0000 1.0000 0.0003 0.0042 0.0600 0.8638 1.0000 0.0001 0.0013 0.0186 0.2677 1.0000 1.0000 0.0004 0.0059 0.0852 1.0000 1.0000 0.0001 0.0019 0.0266 0.3268 1.0000 0.3268 0.0266 0.0019 0.0001 1.0000 1.0000 0.0852 0.0059 0.0004 1.0000 1.0000 0.2677 0.0186 0.0013 0.0001 1.0000 0.8638 0.0600 0.0042 0.0003 1.0000 1.0000 0.1990 0.0139 0.0010 0.0001 1.0000 0.6644 0.0464 0.0032 0.0002 1.0000 1.0000 0.1551 0.0108 0.0008 0.0001 1.0000 0.5179 0.0362 0.0025 0.0002 1.0000 1.0000 0.1209 0.0085 0.0006 0.0000 1.0000 0.3923
0.0265 0.3893 1.0000 0.0000 0.0006 0.0082 0.1166 1.0000 1.0000 0.0002 0.0024 0.0349 0.4995 1.0000 0.0001 0.0007 0.0105 0.1496 1.0000 1.0000 0.0002 0.0031 0.0448 0.6408 1.0000 0.0001 0.0009 0.0134 0.1923 1.0000 1.0000 0.0003 0.0041 0.0585 0.8427 1.0000 0.0001 0.0013 0.0183 0.2636 1.0000 1.0000 0.0004 0.0058 0.0849 1.0000 1.0000 0.0001 0.0018 0.0225 0.1170 0.0225 0.0018 0.0001 1.0000 1.0000 0.0849 0.0058 0.0004 1.0000 1.0000 0.2636 0.0183 0.0013 0.0001 1.0000 0.8427 0.0585 0.0041 0.0003 1.0000 1.0000 0.1923 0.0134 0.0009 0.0001 1.0000 0.6408 0.0448 0.0031 0.0002 1.0000 1.0000 0.1496 0.0105 0.0007 0.0001 1.0000 0.4995 0.0349 0.0024 0.0002 1.0000 1.0000 0.1166 0.0082 0.0006 0.0000 1.0000 0.3893 0.0265
