-0.0099 -0.2397 -0.3324 -0.3820 0.0765 0.2752 -0.1945 -0.2993 -0.3772 -0.0804 0.2218 -0.1284 -0.2642 -0.3528 -0.3373 0.1340 0.1197 -0.2255 -0.3215 -0.3855 0.0415 0.2729 -0.1760 -0.2874 -0.3700 -0.1903 0.1912 -0.0868 -0.2519 -0.3426 -0.3687 0.1048 0.2355 -0.2098 -0.3101 -0.3826 -0.0077 0.2493 -0.1542 -0.2754 -0.3614 -0.2838 0.1619 -0.0087 -0.2392 -0.3318 -0.3825 0.0730 0.2778 -0.1809 -0.2532 -0.1809 0.2778 0.0730 -0.3825 -0.3318 -0.2392 -0.0087 0.1619 -0.2838 -0.3614 -0.2754 -0.1542 0.2493 -0.0077 -0.3826 -0.3101 -0.2098 0.2355 0.1048 -0.3687 -0.3426 -0.2519 -0.0868 0.1912 -0.1903 -0.3700 -0.2874 -0.1760 0.2729 0.0415 -0.3855 -0.3215 -0.2255 0.1197 0.1340 -0.3373 -0.3528 -0.2642 -0.1284 0.2218 -0.0804 -0.3772 -0.2993 -0.1945 0.2752 0.0765 -0.3820 -0.3324 -0.2397 -0.0099
-0.2397 -0.3401 -0.3873 0.0761 0.2792 -0.1978 -0.3067 -0.3836 -0.0841 0.2200 -0.1270 -0.2719 -0.3597 -0.3426 0.1329 0.1383 -0.2318 -0.3288 -0.3913 0.0405 0.2730 -0.1779 -0.2949 -0.3765 -0.1957 0.1897 -0.0819 -0.2597 -0.3496 -0.3742 0.1039 0.2462 -0.2144 -0.3174 -0.3886 -0.0096 0.2477 -0.1545 -0.2830 -0.3682 -0.2893 0.1605 0.0043 -0.2472 -0.3390 -0.3881 0.0732 0.2802 -0.1934 -0.2984 -0.3548 -0.2984 -0.1934 0.2802 0.0732 -0.3881 -0.3390 -0.2472 0.0043 0.1605 -0.2893 -0.3682 -0.2830 -0.1545 0.2477 -0.0096 -0.3886 -0.3174 -0.2144 0.2462 0.1039 -0.3742 -0.3496 -0.2597 -0.0819 0.1897 -0.1957 -0.3765 -0.2949 -0.1779 0.2730 0.0405 -0.3913 -0.3288 -0.2318 0.1383 0.1329 -0.3426 -0.3597 -0.2719 -0.1270 0.2200 -0.0841 -0.3836 -0.3067 -0.1978 0.2792 0.0761 -0.3873 -0.3401 -0.2397
-0.3324 -0.3873 0.0749 0.2798 -0.1962 -0.3056 -0.3829 -0.0947 0.2167 -0.1232 -0.2706 -0.3586 -0.3472 0.1297 0.1540 -0.2299 -0.3275 -0.3913 0.0359 0.2708 -0.1756 -0.2936 -0.3757 -0.2076 0.1864 -0.0752 -0.2583 -0.3485 -0.3764 0.1007 0.2530 -0.2125 -0.3161 -0.3881 -0.0167 0.2445 -0.1516 -0.2816 -0.3673 -0.2972 0.1571 0.0181 -0.2455 -0.3378 -0.3888 0.0698 0.2805 -0.1935 -0.3028 -0.3810 -0.3772 -0.3810 -0.3028 -0.1935 0.2805 0.0698 -0.3888 -0.3378 -0.2455 0.0181 0.1571 -0.2972 -0.3673 -0.2816 -0.1516 0.2445 -0.0167 -0.3881 -0.3161 -0.2125 0.2530 0.1007 -0.3764 -0.3485 -0.2583 -0.0752 0.1864 -0.2076 -0.3757 -0.2936 -0.1756 0.2708 0.0359 -0.3913 -0.3275 -0.2299 0.1540 0.1297 -0.3472 -0.3586 -0.2706 -0.1232 0.2167 -0.0947 -0.3829 -0.3056 -0.1962 0.2798 0.0749 -0.3873 -0.3324
-0.3820 0.0761 0.2798 -0.1955 -0.3049 -0.3824 -0.1039 0.2138 -0.1194 -0.2693 -0.3576 -0.3514 0.1266 0.1688 -0.2280 -0.3263 -0.3912 0.0312 0.2685 -0.1732 -0.2923 -0.3748 -0.2192 0.1832 -0.0680 -0.2570 -0.3473 -0.3784 0.0975 0.2589 -0.2106 -0.3148 -0.3875 -0.0242 0.2412 -0.1487 -0.2803 -0.3663 -0.3046 0.1537 0.0329 -0.2437 -0.3366 -0.3895 0.0662 0.2806 -0.1919 -0.3028 -0.3811 -0.1914 0.1003 -0.1914 -0.3811 -0.3028 -0.1919 0.2806 0.0662 -0.3895 -0.3366 -0.2437 0.0329 0.1537 -0.3046 -0.3663 -0.2803 -0.1487 0.2412 -0.0242 -0.3875 -0.3148 -0.2106 0.2589 0.0975 -0.3784 -0.3473 -0.2570 -0.0680 0.1832 -0.2192 -0.3748 -0.2923 -0.1732 0.2685 0.0312 -0.3912 -0.3263 -0.2280 0.1688 0.1266 -0.3514 -0.3576 -0.2693 -0.1194 0.2138 -0.1039 -0.3824 -0.3049 -0.1955 0.2798 0.0761 -0.3820
0.0765 0.2792 -0.1962 -0.3049 -0.3822 -0.1094 0.2117 -0.1163 -0.2682 -0.3567 -0.3549 0.1237 0.1820 -0.2262 -0.3251 -0.3910 0.0263 0.2659 -0.1707 -0.2910 -0.3739 -0.2304 0.1800 -0.0603 -0.2556 -0.3462 -0.3802 0.0942 0.2640 -0.2086 -0.3136 -0.3870 -0.0322 0.2379 -0.1456 -0.2790 -0.3653 -0.3116 0.1504 0.0485 -0.2418 -0.3354 -0.3900 0.0625 0.2803 -0.1899 -0.3018 -0.3807 -0.1462 0.1846 0.2596 0.1846 -0.1462 -0.3807 -0.3018 -0.1899 0.2803 0.0625 -0.3900 -0.3354 -0.2418 0.0485 0.1504 -0.3116 -0.3653 -0.2790 -0.1456 0.2379 -0.0322 -0.3870 -0.3136 -0.2086 0.2640 0.0942 -0.3802 -0.3462 -0.2556 -0.0603 0.1800 -0.2304 -0.3739 -0.2910 -0.1707 0.2659 0.0263 -0.3910 -0.3251 -0.2262 0.1820 0.1237 -0.3549 -0.3567 -0.2682 -0.1163 0.2117 -0.1094 -0.3822 -0.3049 -0.1962 0.2792 0.0765
0.2752 -0.1978 -0.3056 -0.3824 -0.1094 0.2110 -0.1145 -0.2675 -0.3559 -0.3578 0.1211 0.1934 -0.2245 -0.3239 -0.3908 0.0213 0.2633 -0.1683 -0.2897 -0.3731 -0.2412 0.1768 -0.0519 -0.2543 -0.3450 -0.3819 0.0910 0.2683 -0.2066 -0.3123 -0.3864 -0.0406 0.2346 -0.1424 -0.2777 -0.3643 -0.3182 0.1471 0.0648 -0.2400 -0.3341 -0.3905 0.0586 0.2796 -0.1878 -0.3006 -0.3801 -0.1448 0.1993 -0.0690 -0.2120 -0.0690 0.1993 -0.1448 -0.3801 -0.3006 -0.1878 0.2796 0.0586 -0.3905 -0.3341 -0.2400 0.0648 0.1471 -0.3182 -0.3643 -0.2777 -0.1424 0.2346 -0.0406 -0.3864 -0.3123 -0.2066 0.2683 0.0910 -0.3819 -0.3450 -0.2543 -0.0519 0.1768 -0.2412 -0.3731 -0.2897 -0.1683 0.2633 0.0213 -0.3908 -0.3239 -0.2245 0.1934 0.1211 -0.3578 -0.3559 -0.2675 -0.1145 0.2110 -0.1094 -0.3824 -0.3056 -0.1978 0.2752
-0.1945 -0.3067 -0.3829 -0.1039 0.2117 -0.1145 -0.2673 -0.3555 -0.3597 0.1191 0.2024 -0.2230 -0.3229 -0.3905 0.0165 0.2606 -0.1658 -0.2884 -0.3721 -0.2515 0.1737 -0.0428 -0.2529 -0.3439 -0.3834 0.0876 0.2719 -0.2047 -0.3110 -0.3858 -0.0496 0.2313 -0.1391 -0.2764 -0.3632 -0.3244 0.1438 0.0816 -0.2381 -0.3329 -0.3908 0.0547 0.2786 -0.1856 -0.2993 -0.3793 -0.1542 0.1997 -0.0938 -0.2558 -0.3137 -0.2558 -0.0938 0.1997 -0.1542 -0.3793 -0.2993 -0.1856 0.2786 0.0547 -0.3908 -0.3329 -0.2381 0.0816 0.1438 -0.3244 -0.3632 -0.2764 -0.1391 0.2313 -0.0496 -0.3858 -0.3110 -0.2047 0.2719 0.0876 -0.3834 -0.3439 -0.2529 -0.0428 0.1737 -0.2515 -0.3721 -0.2884 -0.1658 0.2606 0.0165 -0.3905 -0.3229 -0.2230 0.2024 0.1191 -0.3597 -0.3555 -0.2673 -0.1145 0.2117 -0.1039 -0.3829 -0.3067 -0.1945
-0.2993 -0.3836 -0.0947 0.2138 -0.1163 -0.2675 -0.3555 -0.3603 0.1180 0.2080 -0.2218 -0.3220 -0.3902 0.0120 0.2582 -0.1635 -0.2872 -0.3713 -0.2611 0.1705 -0.0329 -0.2516 -0.3427 -0.3847 0.0843 0.2747 -0.2027 -0.3098 -0.3852 -0.0591 0.2280 -0.1357 -0.2751 -0.3622 -0.3302 0.1406 0.0985 -0.2362 -0.3317 -0.3911 0.0507 0.2773 -0.1834 -0.2980 -0.3785 -0.1661 0.1973 -0.0944 -0.2610 -0.3474 -0.3928 -0.3474 -0.2610 -0.0944 0.1973 -0.1661 -0.3785 -0.2980 -0.1834 0.2773 0.0507 -0.3911 -0.3317 -0.2362 0.0985 0.1406 -0.3302 -0.3622 -0.2751 -0.1357 0.2280 -0.0591 -0.3852 -0.3098 -0.2027 0.2747 0.0843 -0.3847 -0.3427 -0.2516 -0.0329 0.1705 -0.2611 -0.3713 -0.2872 -0.1635 0.2582 0.0120 -0.3902 -0.3220 -0.2218 0.2080 0.1180 -0.3603 -0.3555 -0.2675 -0.1163 0.2138 -0.0947 -0.3836 -0.2993
-0.3772 -0.0841 0.2167 -0.1194 -0.2682 -0.3559 -0.3597 0.1180 0.2097 -0.2212 -0.3214 -0.3900 0.0080 0.2559 -0.1614 -0.2861 -0.3704 -0.2696 0.1675 -0.0225 -0.2503 -0.3415 -0.3859 0.0809 0.2770 -0.2006 -0.3085 -0.3845 -0.0692 0.2246 -0.1322 -0.2737 -0.3612 -0.3356 0.1374 0.1154 -0.2344 -0.3305 -0.3912 0.0465 0.2757 -0.1811 -0.2967 -0.3777 -0.1785 0.1942 -0.0902 -0.2612 -0.3501 -0.3829 -0.0543 -0.3829 -0.3501 -0.2612 -0.0902 0.1942 -0.1785 -0.3777 -0.2967 -0.1811 0.2757 0.0465 -0.3912 -0.3305 -0.2344 0.1154 0.1374 -0.3356 -0.3612 -0.2737 -0.1322 0.2246 -0.0692 -0.3845 -0.3085 -0.2006 0.2770 0.0809 -0.3859 -0.3415 -0.2503 -0.0225 0.1675 -0.2696 -0.3704 -0.2861 -0.1614 0.2559 0.0080 -0.3900 -0.3214 -0.2212 0.2097 0.1180 -0.3597 -0.3559 -0.2682 -0.1194 0.2167 -0.0841 -0.3772
-0.0804 0.2200 -0.1232 -0.2693 -0.3567 -0.3578 0.1191 0.2080 -0.2212 -0.3212 -0.3899 0.0053 0.2542 -0.1597 -0.2852 -0.3697 -0.2769 0.1649 -0.0120 -0.2490 -0.3404 -0.3870 0.0775 0.2787 -0.1986 -0.3072 -0.3838 -0.0798 0.2213 -0.1285 -0.2724 -0.3601 -0.3407 0.1342 0.1319 -0.2325 -0.3293 -0.3913 0.0422 0.2738 -0.1788 -0.2954 -0.3769 -0.1908 0.1910 -0.0844 -0.2602 -0.3498 -0.3763 0.0846 0.2219 0.0846 -0.3763 -0.3498 -0.2602 -0.0844 0.1910 -0.1908 -0.3769 -0.2954 -0.1788 0.2738 0.0422 -0.3913 -0.3293 -0.2325 0.1319 0.1342 -0.3407 -0.3601 -0.2724 -0.1285 0.2213 -0.0798 -0.3838 -0.3072 -0.1986 0.2787 0.0775 -0.3870 -0.3404 -0.2490 -0.0120 0.1649 -0.2769 -0.3697 -0.2852 -0.1597 0.2542 0.0053 -0.3899 -0.3212 -0.2212 0.2080 0.1191 -0.3578 -0.3567 -0.2693 -0.1232 0.2200 -0.0804
0.2218 -0.1270 -0.2706 -0.3576 -0.3549 0.1211 0.2024 -0.2218 -0.3214 -0.3899 0.0044 0.2533 -0.1585 -0.2845 -0.3691 -0.2829 0.1625 -0.0021 -0.2478 -0.3393 -0.3878 0.0742 0.2798 -0.1966 -0.3059 -0.3831 -0.0909 0.2179 -0.1246 -0.2711 -0.3591 -0.3454 0.1310 0.1478 -0.2306 -0.3280 -0.3913 0.0378 0.2717 -0.1765 -0.2941 -0.3760 -0.2029 0.1877 -0.0780 -0.2589 -0.3489 -0.3762 0.0972 0.2771 -0.1294 0.2771 0.0972 -0.3762 -0.3489 -0.2589 -0.0780 0.1877 -0.2029 -0.3760 -0.2941 -0.1765 0.2717 0.0378 -0.3913 -0.3280 -0.2306 0.1478 0.1310 -0.3454 -0.3591 -0.2711 -0.1246 0.2179 -0.0909 -0.3831 -0.3059 -0.1966 0.2798 0.0742 -0.3878 -0.3393 -0.2478 -0.0021 0.1625 -0.2829 -0.3691 -0.2845 -0.1585 0.2533 0.0044 -0.3899 -0.3214 -0.2218 0.2024 0.1211 -0.3549 -0.3576 -0.2706 -0.1270 0.2218
-0.1284 -0.2719 -0.3586 -0.3514 0.1237 0.1934 -0.2230 -0.3220 -0.3900 0.0053 0.2533 -0.1581 -0.2841 -0.3687 -0.2872 0.1605 0.0067 -0.2467 -0.3384 -0.3885 0.0711 0.2804 -0.1947 -0.3047 -0.3825 -0.1024 0.2146 -0.1206 -0.2698 -0.3580 -0.3498 0.1278 0.1630 -0.2288 -0.3268 -0.3912 0.0331 0.2694 -0.1741 -0.2928 -0.3752 -0.2146 0.1845 -0.0710 -0.2575 -0.3478 -0.3777 0.0977 0.2642 -0.1994 -0.2710 -0.1994 0.2642 0.0977 -0.3777 -0.3478 -0.2575 -0.0710 0.1845 -0.2146 -0.3752 -0.2928 -0.1741 0.2694 0.0331 -0.3912 -0.3268 -0.2288 0.1630 0.1278 -0.3498 -0.3580 -0.2698 -0.1206 0.2146 -0.1024 -0.3825 -0.3047 -0.1947 0.2804 0.0711 -0.3885 -0.3384 -0.2467 0.0067 0.1605 -0.2872 -0.3687 -0.2841 -0.1581 0.2533 0.0053 -0.3900 -0.3220 -0.2230 0.1934 0.1237 -0.3514 -0.3586 -0.2719 -0.1284
-0.2642 -0.3597 -0.3472 0.1266 0.1820 -0.2245 -0.3229 -0.3902 0.0080 0.2542 -0.1585 -0.2841 -0.3686 -0.2896 0.1592 0.0136 -0.2457 -0.3376 -0.3890 0.0684 0.2806 -0.1929 -0.3036 -0.3818 -0.1136 0.2113 -0.1164 -0.2684 -0.3569 -0.3539 0.1247 0.1773 -0.2269 -0.3256 -0.3911 0.0283 0.2670 -0.1717 -0.2915 -0.3743 -0.2260 0.1813 -0.0635 -0.2562 -0.3467 -0.3795 0.0953 0.2636 -0.2067 -0.3070 -0.3626 -0.3070 -0.2067 0.2636 0.0953 -0.3795 -0.3467 -0.2562 -0.0635 0.1813 -0.2260 -0.3743 -0.2915 -0.1717 0.2670 0.0283 -0.3911 -0.3256 -0.2269 0.1773 0.1247 -0.3539 -0.3569 -0.2684 -0.1164 0.2113 -0.1136 -0.3818 -0.3036 -0.1929 0.2806 0.0684 -0.3890 -0.3376 -0.2457 0.0136 0.1592 -0.2896 -0.3686 -0.2841 -0.1585 0.2542 0.0080 -0.3902 -0.3229 -0.2245 0.1820 0.1266 -0.3472 -0.3597 -0.2642
-0.3528 -0.3426 0.1297 0.1688 -0.2262 -0.3239 -0.3905 0.0120 0.2559 -0.1597 -0.2845 -0.3687 -0.2896 0.1587 0.0174 -0.2450 -0.3370 -0.3894 0.0660 0.2806 -0.1913 -0.3026 -0.3812 -0.1240 0.2083 -0.1122 -0.2672 -0.3558 -0.3577 0.1215 0.1907 -0.2250 -0.3243 -0.3909 0.0233 0.2644 -0.1693 -0.2902 -0.3734 -0.2369 0.1781 -0.0553 -0.2548 -0.3455 -0.3813 0.0923 0.2669 -0.2069 -0.3112 -0.3860 -0.3554 -0.3860 -0.3112 -0.2069 0.2669 0.0923 -0.3813 -0.3455 -0.2548 -0.0553 0.1781 -0.2369 -0.3734 -0.2902 -0.1693 0.2644 0.0233 -0.3909 -0.3243 -0.2250 0.1907 0.1215 -0.3577 -0.3558 -0.2672 -0.1122 0.2083 -0.1240 -0.3812 -0.3026 -0.1913 0.2806 0.0660 -0.3894 -0.3370 -0.2450 0.0174 0.1587 -0.2896 -0.3687 -0.2845 -0.1597 0.2559 0.0120 -0.3905 -0.3239 -0.2262 0.1688 0.1297 -0.3426 -0.3528
-0.3373 0.1329 0.1540 -0.2280 -0.3251 -0.3908 0.0165 0.2582 -0.1614 -0.2852 -0.3691 -0.2872 0.1592 0.0174 -0.2447 -0.3367 -0.3896 0.0643 0.2804 -0.1900 -0.3017 -0.3806 -0.1336 0.2056 -0.1082 -0.2660 -0.3548 -0.3610 0.1184 0.2030 -0.2231 -0.3231 -0.3906 0.0180 0.2616 -0.1667 -0.2889 -0.3725 -0.2474 0.1749 -0.0465 -0.2535 -0.3443 -0.3828 0.0890 0.2705 -0.2053 -0.3112 -0.3855 -0.1103 0.1202 -0.1103 -0.3855 -0.3112 -0.2053 0.2705 0.0890 -0.3828 -0.3443 -0.2535 -0.0465 0.1749 -0.2474 -0.3725 -0.2889 -0.1667 0.2616 0.0180 -0.3906 -0.3231 -0.2231 0.2030 0.1184 -0.3610 -0.3548 -0.2660 -0.1082 0.2056 -0.1336 -0.3806 -0.3017 -0.1900 0.2804 0.0643 -0.3896 -0.3367 -0.2447 0.0174 0.1592 -0.2872 -0.3691 -0.2852 -0.1614 0.2582 0.0165 -0.3908 -0.3251 -0.2280 0.1540 0.1329 -0.3373
0.1340 0.1383 -0.2299 -0.3263 -0.3910 0.0213 0.2606 -0.1635 -0.2861 -0.3697 -0.2829 0.1605 0.0136 -0.2450 -0.3367 -0.3897 0.0634 0.2802 -0.1890 -0.3010 -0.3802 -0.1420 0.2033 -0.1046 -0.2649 -0.3539 -0.3639 0.1156 0.2137 -0.2213 -0.3218 -0.3902 0.0125 0.2587 -0.1642 -0.2876 -0.3716 -0.2574 0.1718 -0.0369 -0.2521 -0.3432 -0.3842 0.0856 0.2737 -0.2034 -0.3102 -0.3853 -0.0694 0.2064 0.2060 0.2064 -0.0694 -0.3853 -0.3102 -0.2034 0.2737 0.0856 -0.3842 -0.3432 -0.2521 -0.0369 0.1718 -0.2574 -0.3716 -0.2876 -0.1642 0.2587 0.0125 -0.3902 -0.3218 -0.2213 0.2137 0.1156 -0.3639 -0.3539 -0.2649 -0.1046 0.2033 -0.1420 -0.3802 -0.3010 -0.1890 0.2802 0.0634 -0.3897 -0.3367 -0.2450 0.0136 0.1605 -0.2829 -0.3697 -0.2861 -0.1635 0.2606 0.0213 -0.3910 -0.3263 -0.2299 0.1383 0.1340
0.1197 -0.2318 -0.3275 -0.3912 0.0263 0.2633 -0.1658 -0.2872 -0.3704 -0.2769 0.1625 0.0067 -0.2457 -0.3370 -0.3896 0.0634 0.2802 -0.1885 -0.3006 -0.3798 -0.1483 0.2013 -0.1013 -0.2640 -0.3531 -0.3664 0.1130 0.2225 -0.2196 -0.3206 -0.3898 0.0067 0.2557 -0.1615 -0.2863 -0.3707 -0.2670 0.1686 -0.0265 -0.2508 -0.3420 -0.3855 0.0823 0.2762 -0.2014 -0.3090 -0.3847 -0.0683 0.2211 -0.1080 -0.2234 -0.1080 0.2211 -0.0683 -0.3847 -0.3090 -0.2014 0.2762 0.0823 -0.3855 -0.3420 -0.2508 -0.0265 0.1686 -0.2670 -0.3707 -0.2863 -0.1615 0.2557 0.0067 -0.3898 -0.3206 -0.2196 0.2225 0.1130 -0.3664 -0.3531 -0.2640 -0.1013 0.2013 -0.1483 -0.3798 -0.3006 -0.1885 0.2802 0.0634 -0.3896 -0.3370 -0.2457 0.0067 0.1625 -0.2769 -0.3704 -0.2872 -0.1658 0.2633 0.0263 -0.3912 -0.3275 -0.2318 0.1197
-0.2255 -0.3288 -0.3913 0.0312 0.2659 -0.1683 -0.2884 -0.3713 -0.2696 0.1649 -0.0021 -0.2467 -0.3376 -0.3894 0.0643 0.2802 -0.1885 -0.3004 -0.3796 -0.1524 0.2000 -0.0986 -0.2632 -0.3523 -0.3684 0.1106 0.2299 -0.2180 -0.3196 -0.3894 0.0009 0.2528 -0.1589 -0.2850 -0.3697 -0.2761 0.1655 -0.0152 -0.2494 -0.3408 -0.3866 0.0788 0.2781 -0.1994 -0.3077 -0.3841 -0.0761 0.2216 -0.1246 -0.2648 -0.3224 -0.2648 -0.1246 0.2216 -0.0761 -0.3841 -0.3077 -0.1994 0.2781 0.0788 -0.3866 -0.3408 -0.2494 -0.0152 0.1655 -0.2761 -0.3697 -0.2850 -0.1589 0.2528 0.0009 -0.3894 -0.3196 -0.2180 0.2299 0.1106 -0.3684 -0.3523 -0.2632 -0.0986 0.2000 -0.1524 -0.3796 -0.3004 -0.1885 0.2802 0.0643 -0.3894 -0.3376 -0.2467 -0.0021 0.1649 -0.2696 -0.3713 -0.2884 -0.1683 0.2659 0.0312 -0.3913 -0.3288 -0.2255
-0.3215 -0.3913 0.0359 0.2685 -0.1707 -0.2897 -0.3721 -0.2611 0.1675 -0.0120 -0.2478 -0.3384 -0.3890 0.0660 0.2804 -0.1890 -0.3006 -0.3796 -0.1539 0.1993 -0.0970 -0.2627 -0.3518 -0.3700 0.1086 0.2361 -0.2167 -0.3186 -0.3890 -0.0045 0.2499 -0.1564 -0.2838 -0.3688 -0.2847 0.1623 -0.0029 -0.2480 -0.3396 -0.3876 0.0754 0.2794 -0.1974 -0.3064 -0.3834 -0.0864 0.2191 -0.1250 -0.2698 -0.3552 -0.3962 -0.3552 -0.2698 -0.1250 0.2191 -0.0864 -0.3834 -0.3064 -0.1974 0.2794 0.0754 -0.3876 -0.3396 -0.2480 -0.0029 0.1623 -0.2847 -0.3688 -0.2838 -0.1564 0.2499 -0.0045 -0.3890 -0.3186 -0.2167 0.2361 0.1086 -0.3700 -0.3518 -0.2627 -0.0970 0.1993 -0.1539 -0.3796 -0.3006 -0.1890 0.2804 0.0660 -0.3890 -0.3384 -0.2478 -0.0120 0.1675 -0.2611 -0.3721 -0.2897 -0.1707 0.2685 0.0359 -0.3913 -0.3215
-0.3855 0.0405 0.2708 -0.1732 -0.2910 -0.3731 -0.2515 0.1705 -0.0225 -0.2490 -0.3393 -0.3885 0.0684 0.2806 -0.1900 -0.3010 -0.3798 -0.1524 0.1993 -0.0965 -0.2624 -0.3514 -0.3711 0.1070 0.2408 -0.2154 -0.3178 -0.3887 -0.0096 0.2474 -0.1540 -0.2826 -0.3679 -0.2924 0.1590 0.0103 -0.2465 -0.3384 -0.3884 0.0718 0.2802 -0.1953 -0.3051 -0.3827 -0.0977 0.2159 -0.1220 -0.2699 -0.3574 -0.3691 -0.0028 -0.3691 -0.3574 -0.2699 -0.1220 0.2159 -0.0977 -0.3827 -0.3051 -0.1953 0.2802 0.0718 -0.3884 -0.3384 -0.2465 0.0103 0.1590 -0.2924 -0.3679 -0.2826 -0.1540 0.2474 -0.0096 -0.3887 -0.3178 -0.2154 0.2408 0.1070 -0.3711 -0.3514 -0.2624 -0.0965 0.1993 -0.1524 -0.3798 -0.3010 -0.1900 0.2806 0.0684 -0.3885 -0.3393 -0.2490 -0.0225 0.1705 -0.2515 -0.3731 -0.2910 -0.1732 0.2708 0.0405 -0.3855
0.0415 0.2730 -0.1756 -0.2923 -0.3739 -0.2412 0.1737 -0.0329 -0.2503 -0.3404 -0.3878 0.0711 0.2806 -0.1913 -0.3017 -0.3802 -0.1483 0.2000 -0.0970 -0.2624 -0.3513 -0.3716 0.1060 0.2439 -0.2145 -0.3171 -0.3884 -0.0141 0.2451 -0.1518 -0.2816 -0.3671 -0.2990 0.1560 0.0238 -0.2447 -0.3372 -0.3891 0.0682 0.2806 -0.1932 -0.3039 -0.3820 -0.1095 0.2126 -0.1181 -0.2689 -0.3571 -0.3577 0.1056 0.2438 0.1056 -0.3577 -0.3571 -0.2689 -0.1181 0.2126 -0.1095 -0.3820 -0.3039 -0.1932 0.2806 0.0682 -0.3891 -0.3372 -0.2447 0.0238 0.1560 -0.2990 -0.3671 -0.2816 -0.1518 0.2451 -0.0141 -0.3884 -0.3171 -0.2145 0.2439 0.1060 -0.3716 -0.3513 -0.2624 -0.0970 0.2000 -0.1483 -0.3802 -0.3017 -0.1913 0.2806 0.0711 -0.3878 -0.3404 -0.2503 -0.0329 0.1737 -0.2412 -0.3739 -0.2923 -0.1756 0.2730 0.0415
0.2729 -0.1779 -0.2936 -0.3748 -0.2304 0.1768 -0.0428 -0.2516 -0.3415 -0.3870 0.0742 0.2804 -0.1929 -0.3026 -0.3806 -0.1420 0.2013 -0.0986 -0.2627 -0.3514 -0.3716 0.1057 0.2454 -0.2139 -0.3166 -0.3881 -0.0181 0.2432 -0.1499 -0.2806 -0.3664 -0.3047 0.1533 0.0366 -0.2431 -0.3361 -0.3897 0.0645 0.2805 -0.1911 -0.3026 -0.3813 -0.1216 0.2092 -0.1137 -0.2676 -0.3562 -0.3574 0.1179 0.2489 -0.1522 0.2489 0.1179 -0.3574 -0.3562 -0.2676 -0.1137 0.2092 -0.1216 -0.3813 -0.3026 -0.1911 0.2805 0.0645 -0.3897 -0.3361 -0.2431 0.0366 0.1533 -0.3047 -0.3664 -0.2806 -0.1499 0.2432 -0.0181 -0.3881 -0.3166 -0.2139 0.2454 0.1057 -0.3716 -0.3514 -0.2627 -0.0986 0.2013 -0.1420 -0.3806 -0.3026 -0.1929 0.2804 0.0742 -0.3870 -0.3415 -0.2516 -0.0428 0.1768 -0.2304 -0.3748 -0.2936 -0.1779 0.2729
-0.1760 -0.2949 -0.3757 -0.2192 0.1800 -0.0519 -0.2529 -0.3427 -0.3859 0.0775 0.2798 -0.1947 -0.3036 -0.3812 -0.1336 0.2033 -0.1013 -0.2632 -0.3518 -0.3711 0.1060 0.2454 -0.2137 -0.3163 -0.3880 -0.0211 0.2416 -0.1482 -0.2799 -0.3657 -0.3097 0.1509 0.0484 -0.2416 -0.3351 -0.3902 0.0610 0.2801 -0.1890 -0.3013 -0.3805 -0.1340 0.2059 -0.1091 -0.2663 -0.3552 -0.3601 0.1185 0.2147 -0.2126 -0.2799 -0.2126 0.2147 0.1185 -0.3601 -0.3552 -0.2663 -0.1091 0.2059 -0.1340 -0.3805 -0.3013 -0.1890 0.2801 0.0610 -0.3902 -0.3351 -0.2416 0.0484 0.1509 -0.3097 -0.3657 -0.2799 -0.1482 0.2416 -0.0211 -0.3880 -0.3163 -0.2137 0.2454 0.1060 -0.3711 -0.3518 -0.2632 -0.1013 0.2033 -0.1336 -0.3812 -0.3036 -0.1947 0.2798 0.0775 -0.3859 -0.3427 -0.2529 -0.0519 0.1800 -0.2192 -0.3757 -0.2949 -0.1760
-0.2874 -0.3765 -0.2076 0.1832 -0.0603 -0.2543 -0.3439 -0.3847 0.0809 0.2787 -0.1966 -0.3047 -0.3818 -0.1240 0.2056 -0.1046 -0.2640 -0.3523 -0.3700 0.1070 0.2439 -0.2139 -0.3163 -0.3879 -0.0226 0.2406 -0.1470 -0.2792 -0.3652 -0.3138 0.1488 0.0593 -0.2403 -0.3341 -0.3905 0.0577 0.2793 -0.1870 -0.3001 -0.3798 -0.1465 0.2026 -0.1043 -0.2650 -0.3541 -0.3632 0.1162 0.2134 -0.2194 -0.3156 -0.3701 -0.3156 -0.2194 0.2134 0.1162 -0.3632 -0.3541 -0.2650 -0.1043 0.2026 -0.1465 -0.3798 -0.3001 -0.1870 0.2793 0.0577 -0.3905 -0.3341 -0.2403 0.0593 0.1488 -0.3138 -0.3652 -0.2792 -0.1470 0.2406 -0.0226 -0.3879 -0.3163 -0.2139 0.2439 0.1070 -0.3700 -0.3523 -0.2640 -0.1046 0.2056 -0.1240 -0.3818 -0.3047 -0.1966 0.2787 0.0809 -0.3847 -0.3439 -0.2543 -0.0603 0.1832 -0.2076 -0.3765 -0.2874
-0.3700 -0.1957 0.1864 -0.0680 -0.2556 -0.3450 -0.3834 0.0843 0.2770 -0.1986 -0.3059 -0.3825 -0.1136 0.2083 -0.1082 -0.2649 -0.3531 -0.3684 0.1086 0.2408 -0.2145 -0.3166 -0.3880 -0.0226 0.2403 -0.1464 -0.2788 -0.3648 -0.3169 0.1470 0.0693 -0.2391 -0.3334 -0.3908 0.0547 0.2785 -0.1852 -0.2989 -0.3791 -0.1584 0.1994 -0.0991 -0.2636 -0.3529 -0.3663 0.1133 0.2211 -0.2195 -0.3196 -0.3899 -0.3204 -0.3899 -0.3196 -0.2195 0.2211 0.1133 -0.3663 -0.3529 -0.2636 -0.0991 0.1994 -0.1584 -0.3791 -0.2989 -0.1852 0.2785 0.0547 -0.3908 -0.3334 -0.2391 0.0693 0.1470 -0.3169 -0.3648 -0.2788 -0.1464 0.2403 -0.0226 -0.3880 -0.3166 -0.2145 0.2408 0.1086 -0.3684 -0.3531 -0.2649 -0.1082 0.2083 -0.1136 -0.3825 -0.3059 -0.1986 0.2770 0.0843 -0.3834 -0.3450 -0.2556 -0.0680 0.1864 -0.1957 -0.3700
-0.1903 0.1897 -0.0752 -0.2570 -0.3462 -0.3819 0.0876 0.2747 -0.2006 -0.3072 -0.3831 -0.1024 0.2113 -0.1122 -0.2660 -0.3539 -0.3664 0.1106 0.2361 -0.2154 -0.3171 -0.3881 -0.0211 0.2406 -0.1464 -0.2787 -0.3646 -0.3188 0.1457 0.0772 -0.2381 -0.3327 -0.3909 0.0521 0.2775 -0.1835 -0.2979 -0.3784 -0.1691 0.1964 -0.0940 -0.2623 -0.3518 -0.3692 0.1101 0.2303 -0.2181 -0.3195 -0.3890 -0.0418 0.1402 -0.0418 -0.3890 -0.3195 -0.2181 0.2303 0.1101 -0.3692 -0.3518 -0.2623 -0.0940 0.1964 -0.1691 -0.3784 -0.2979 -0.1835 0.2775 0.0521 -0.3909 -0.3327 -0.2381 0.0772 0.1457 -0.3188 -0.3646 -0.2787 -0.1464 0.2406 -0.0211 -0.3881 -0.3171 -0.2154 0.2361 0.1106 -0.3664 -0.3539 -0.2660 -0.1122 0.2113 -0.1024 -0.3831 -0.3072 -0.2006 0.2747 0.0876 -0.3819 -0.3462 -0.2570 -0.0752 0.1897 -0.1903
0.1912 -0.0819 -0.2583 -0.3473 -0.3802 0.0910 0.2719 -0.2027 -0.3085 -0.3838 -0.0909 0.2146 -0.1164 -0.2672 -0.3548 -0.3639 0.1130 0.2299 -0.2167 -0.3178 -0.3884 -0.0181 0.2416 -0.1470 -0.2788 -0.3646 -0.3194 0.1450 0.0823 -0.2374 -0.3321 -0.3911 0.0499 0.2766 -0.1820 -0.2970 -0.3778 -0.1788 0.1938 -0.0891 -0.2611 -0.3508 -0.3718 0.1070 0.2389 -0.2163 -0.3185 -0.3889 -0.0130 0.2290 0.1109 0.2290 -0.0130 -0.3889 -0.3185 -0.2163 0.2389 0.1070 -0.3718 -0.3508 -0.2611 -0.0891 0.1938 -0.1788 -0.3778 -0.2970 -0.1820 0.2766 0.0499 -0.3911 -0.3321 -0.2374 0.0823 0.1450 -0.3194 -0.3646 -0.2788 -0.1470 0.2416 -0.0181 -0.3884 -0.3178 -0.2167 0.2299 0.1130 -0.3639 -0.3548 -0.2672 -0.1164 0.2146 -0.0909 -0.3838 -0.3085 -0.2027 0.2719 0.0910 -0.3802 -0.3473 -0.2583 -0.0819 0.1912
-0.0868 -0.2597 -0.3485 -0.3784 0.0942 0.2683 -0.2047 -0.3098 -0.3845 -0.0798 0.2179 -0.1206 -0.2684 -0.3558 -0.3610 0.1156 0.2225 -0.2180 -0.3186 -0.3887 -0.0141 0.2432 -0.1482 -0.2792 -0.3648 -0.3188 0.1450 0.0840 -0.2370 -0.3317 -0.3911 0.0480 0.2758 -0.1808 -0.2962 -0.3773 -0.1874 0.1915 -0.0845 -0.2601 -0.3498 -0.3740 0.1039 0.2464 -0.2144 -0.3173 -0.3886 -0.0121 0.2430 -0.1349 -0.2344 -0.1349 0.2430 -0.0121 -0.3886 -0.3173 -0.2144 0.2464 0.1039 -0.3740 -0.3498 -0.2601 -0.0845 0.1915 -0.1874 -0.3773 -0.2962 -0.1808 0.2758 0.0480 -0.3911 -0.3317 -0.2370 0.0840 0.1450 -0.3188 -0.3648 -0.2792 -0.1482 0.2432 -0.0141 -0.3887 -0.3186 -0.2180 0.2225 0.1156 -0.3610 -0.3558 -0.2684 -0.1206 0.2179 -0.0798 -0.3845 -0.3098 -0.2047 0.2683 0.0942 -0.3784 -0.3485 -0.2597 -0.0868
-0.2519 -0.3496 -0.3764 0.0975 0.2640 -0.2066 -0.3110 -0.3852 -0.0692 0.2213 -0.1246 -0.2698 -0.3569 -0.3577 0.1184 0.2137 -0.2196 -0.3196 -0.3890 -0.0096 0.2451 -0.1499 -0.2799 -0.3652 -0.3169 0.1457 0.0823 -0.2370 -0.3316 -0.3912 0.0468 0.2752 -0.1798 -0.2956 -0.3768 -0.1947 0.1894 -0.0802 -0.2591 -0.3489 -0.3758 0.1012 0.2525 -0.2125 -0.3161 -0.3881 -0.0174 0.2433 -0.1473 -0.2736 -0.3310 -0.2736 -0.1473 0.2433 -0.0174 -0.3881 -0.3161 -0.2125 0.2525 0.1012 -0.3758 -0.3489 -0.2591 -0.0802 0.1894 -0.1947 -0.3768 -0.2956 -0.1798 0.2752 0.0468 -0.3912 -0.3316 -0.2370 0.0823 0.1457 -0.3169 -0.3652 -0.2799 -0.1499 0.2451 -0.0096 -0.3890 -0.3196 -0.2196 0.2137 0.1184 -0.3577 -0.3569 -0.2698 -0.1246 0.2213 -0.0692 -0.3852 -0.3110 -0.2066 0.2640 0.0975 -0.3764 -0.3496 -0.2519
-0.3426 -0.3742 0.1007 0.2589 -0.2086 -0.3123 -0.3858 -0.0591 0.2246 -0.1285 -0.2711 -0.3580 -0.3539 0.1215 0.2030 -0.2213 -0.3206 -0.3894 -0.0045 0.2474 -0.1518 -0.2806 -0.3657 -0.3138 0.1470 0.0772 -0.2374 -0.3317 -0.3912 0.0463 0.2748 -0.1791 -0.2951 -0.3764 -0.2007 0.1876 -0.0762 -0.2583 -0.3482 -0.3773 0.0988 0.2574 -0.2109 -0.3149 -0.3876 -0.0242 0.2410 -0.1476 -0.2785 -0.3627 -0.3974 -0.3627 -0.2785 -0.1476 0.2410 -0.0242 -0.3876 -0.3149 -0.2109 0.2574 0.0988 -0.3773 -0.3482 -0.2583 -0.0762 0.1876 -0.2007 -0.3764 -0.2951 -0.1791 0.2748 0.0463 -0.3912 -0.3317 -0.2374 0.0772 0.1470 -0.3138 -0.3657 -0.2806 -0.1518 0.2474 -0.0045 -0.3894 -0.3206 -0.2213 0.2030 0.1215 -0.3539 -0.3580 -0.2711 -0.1285 0.2246 -0.0591 -0.3858 -0.3123 -0.2086 0.2589 0.1007 -0.3742 -0.3426
-0.3687 0.1039 0.2530 -0.2106 -0.3136 -0.3864 -0.0496 0.2280 -0.1322 -0.2724 -0.3591 -0.3498 0.1247 0.1907 -0.2231 -0.3218 -0.3898 0.0009 0.2499 -0.1540 -0.2816 -0.3664 -0.3097 0.1488 0.0693 -0.2381 -0.3321 -0.3911 0.0468 0.2748 -0.1788 -0.2948 -0.3762 -0.2052 0.1861 -0.0727 -0.2575 -0.3475 -0.3784 0.0967 0.2612 -0.2094 -0.3139 -0.3871 -0.0311 0.2382 -0.1455 -0.2786 -0.3644 -0.3456 0.0328 -0.3456 -0.3644 -0.2786 -0.1455 0.2382 -0.0311 -0.3871 -0.3139 -0.2094 0.2612 0.0967 -0.3784 -0.3475 -0.2575 -0.0727 0.1861 -0.2052 -0.3762 -0.2948 -0.1788 0.2748 0.0468 -0.3911 -0.3321 -0.2381 0.0693 0.1488 -0.3097 -0.3664 -0.2816 -0.1540 0.2499 0.0009 -0.3898 -0.3218 -0.2231 0.1907 0.1247 -0.3498 -0.3591 -0.2724 -0.1322 0.2280 -0.0496 -0.3864 -0.3136 -0.2106 0.2530 0.1039 -0.3687
0.1048 0.2462 -0.2125 -0.3148 -0.3870 -0.0406 0.2313 -0.1357 -0.2737 -0.3601 -0.3454 0.1278 0.1773 -0.2250 -0.3231 -0.3902 0.0067 0.2528 -0.1564 -0.2826 -0.3671 -0.3047 0.1509 0.0593 -0.2391 -0.3327 -0.3911 0.0480 0.2752 -0.1791 -0.2948 -0.3761 -0.2075 0.1852 -0.0700 -0.2569 -0.3470 -0.3794 0.0949 0.2641 -0.2081 -0.3130 -0.3867 -0.0378 0.2355 -0.1429 -0.2777 -0.3641 -0.3269 0.1259 0.2636 0.1259 -0.3269 -0.3641 -0.2777 -0.1429 0.2355 -0.0378 -0.3867 -0.3130 -0.2081 0.2641 0.0949 -0.3794 -0.3470 -0.2569 -0.0700 0.1852 -0.2075 -0.3761 -0.2948 -0.1791 0.2752 0.0480 -0.3911 -0.3327 -0.2391 0.0593 0.1509 -0.3047 -0.3671 -0.2826 -0.1564 0.2528 0.0067 -0.3902 -0.3231 -0.2250 0.1773 0.1278 -0.3454 -0.3601 -0.2737 -0.1357 0.2313 -0.0406 -0.3870 -0.3148 -0.2125 0.2462 0.1048
0.2355 -0.2144 -0.3161 -0.3875 -0.0322 0.2346 -0.1391 -0.2751 -0.3612 -0.3407 0.1310 0.1630 -0.2269 -0.3243 -0.3906 0.0125 0.2557 -0.1589 -0.2838 -0.3679 -0.2990 0.1533 0.0484 -0.2403 -0.3334 -0.3909 0.0499 0.2758 -0.1798 -0.2951 -0.3762 -0.2075 0.1848 -0.0685 -0.2565 -0.3465 -0.3802 0.0934 0.2663 -0.2070 -0.3123 -0.3863 -0.0439 0.2330 -0.1404 -0.2767 -0.3634 -0.3258 0.1388 0.1812 -0.1712 0.1812 0.1388 -0.3258 -0.3634 -0.2767 -0.1404 0.2330 -0.0439 -0.3863 -0.3123 -0.2070 0.2663 0.0934 -0.3802 -0.3465 -0.2565 -0.0685 0.1848 -0.2075 -0.3762 -0.2951 -0.1798 0.2758 0.0499 -0.3909 -0.3334 -0.2403 0.0484 0.1533 -0.2990 -0.3679 -0.2838 -0.1589 0.2557 0.0125 -0.3906 -0.3243 -0.2269 0.1630 0.1310 -0.3407 -0.3612 -0.2751 -0.1391 0.2346 -0.0322 -0.3875 -0.3161 -0.2144 0.2355
-0.2098 -0.3174 -0.3881 -0.0242 0.2379 -0.1424 -0.2764 -0.3622 -0.3356 0.1342 0.1478 -0.2288 -0.3256 -0.3909 0.0180 0.2587 -0.1615 -0.2850 -0.3688 -0.2924 0.1560 0.0366 -0.2416 -0.3341 -0.3908 0.0521 0.2766 -0.1808 -0.2956 -0.3764 -0.2052 0.1852 -0.0685 -0.2564 -0.3463 -0.3807 0.0921 0.2681 -0.2062 -0.3116 -0.3859 -0.0493 0.2308 -0.1381 -0.2758 -0.3626 -0.3290 0.1400 0.1209 -0.2254 -0.2889 -0.2254 0.1209 0.1400 -0.3290 -0.3626 -0.2758 -0.1381 0.2308 -0.0493 -0.3859 -0.3116 -0.2062 0.2681 0.0921 -0.3807 -0.3463 -0.2564 -0.0685 0.1852 -0.2052 -0.3764 -0.2956 -0.1808 0.2766 0.0521 -0.3908 -0.3341 -0.2416 0.0366 0.1560 -0.2924 -0.3688 -0.2850 -0.1615 0.2587 0.0180 -0.3909 -0.3256 -0.2288 0.1478 0.1342 -0.3356 -0.3622 -0.2764 -0.1424 0.2379 -0.0242 -0.3881 -0.3174 -0.2098
-0.3101 -0.3886 -0.0167 0.2412 -0.1456 -0.2777 -0.3632 -0.3302 0.1374 0.1319 -0.2306 -0.3268 -0.3911 0.0233 0.2616 -0.1642 -0.2863 -0.3697 -0.2847 0.1590 0.0238 -0.2431 -0.3351 -0.3905 0.0547 0.2775 -0.1820 -0.2962 -0.3768 -0.2007 0.1861 -0.0700 -0.2565 -0.3463 -0.3809 0.0915 0.2692 -0.2055 -0.3111 -0.3857 -0.0540 0.2290 -0.1360 -0.2749 -0.3619 -0.3326 0.1385 0.1160 -0.2322 -0.3244 -0.3773 -0.3244 -0.2322 0.1160 0.1385 -0.3326 -0.3619 -0.2749 -0.1360 0.2290 -0.0540 -0.3857 -0.3111 -0.2055 0.2692 0.0915 -0.3809 -0.3463 -0.2565 -0.0700 0.1861 -0.2007 -0.3768 -0.2962 -0.1820 0.2775 0.0547 -0.3905 -0.3351 -0.2431 0.0238 0.1590 -0.2847 -0.3697 -0.2863 -0.1642 0.2616 0.0233 -0.3911 -0.3268 -0.2306 0.1319 0.1374 -0.3302 -0.3632 -0.2777 -0.1456 0.2412 -0.0167 -0.3886 -0.3101
-0.3826 -0.0096 0.2445 -0.1487 -0.2790 -0.3643 -0.3244 0.1406 0.1154 -0.2325 -0.3280 -0.3912 0.0283 0.2644 -0.1667 -0.2876 -0.3707 -0.2761 0.1623 0.0103 -0.2447 -0.3361 -0.3902 0.0577 0.2785 -0.1835 -0.2970 -0.3773 -0.1947 0.1876 -0.0727 -0.2569 -0.3465 -0.3807 0.0915 0.2696 -0.2051 -0.3108 -0.3854 -0.0578 0.2275 -0.1343 -0.2742 -0.3613 -0.3359 0.1366 0.1234 -0.2327 -0.3282 -0.3925 -0.2655 -0.3925 -0.3282 -0.2327 0.1234 0.1366 -0.3359 -0.3613 -0.2742 -0.1343 0.2275 -0.0578 -0.3854 -0.3108 -0.2051 0.2696 0.0915 -0.3807 -0.3465 -0.2569 -0.0727 0.1876 -0.1947 -0.3773 -0.2970 -0.1835 0.2785 0.0577 -0.3902 -0.3361 -0.2447 0.0103 0.1623 -0.2761 -0.3707 -0.2876 -0.1667 0.2644 0.0283 -0.3912 -0.3280 -0.2325 0.1154 0.1406 -0.3244 -0.3643 -0.2790 -0.1487 0.2445 -0.0096 -0.3826
-0.0077 0.2477 -0.1516 -0.2803 -0.3653 -0.3182 0.1438 0.0985 -0.2344 -0.3293 -0.3913 0.0331 0.2670 -0.1693 -0.2889 -0.3716 -0.2670 0.1655 -0.0029 -0.2465 -0.3372 -0.3897 0.0610 0.2793 -0.1852 -0.2979 -0.3778 -0.1874 0.1894 -0.0762 -0.2575 -0.3470 -0.3802 0.0921 0.2692 -0.2051 -0.3107 -0.3853 -0.0605 0.2263 -0.1328 -0.2736 -0.3608 -0.3387 0.1348 0.1324 -0.2320 -0.3284 -0.3912 0.0081 0.1623 0.0081 -0.3912 -0.3284 -0.2320 0.1324 0.1348 -0.3387 -0.3608 -0.2736 -0.1328 0.2263 -0.0605 -0.3853 -0.3107 -0.2051 0.2692 0.0921 -0.3802 -0.3470 -0.2575 -0.0762 0.1894 -0.1874 -0.3778 -0.2979 -0.1852 0.2793 0.0610 -0.3897 -0.3372 -0.2465 -0.0029 0.1655 -0.2670 -0.3716 -0.2889 -0.1693 0.2670 0.0331 -0.3913 -0.3293 -0.2344 0.0985 0.1438 -0.3182 -0.3653 -0.2803 -0.1516 0.2477 -0.0077
0.2493 -0.1545 -0.2816 -0.3663 -0.3116 0.1471 0.0816 -0.2362 -0.3305 -0.3913 0.0378 0.2694 -0.1717 -0.2902 -0.3725 -0.2574 0.1686 -0.0152 -0.2480 -0.3384 -0.3891 0.0645 0.2801 -0.1870 -0.2989 -0.3784 -0.1788 0.1915 -0.0802 -0.2583 -0.3475 -0.3794 0.0934 0.2681 -0.2055 -0.3108 -0.3853 -0.0615 0.2256 -0.1319 -0.2732 -0.3604 -0.3409 0.1332 0.1407 -0.2310 -0.3280 -0.3913 0.0291 0.2536 -0.0008 0.2536 0.0291 -0.3913 -0.3280 -0.2310 0.1407 0.1332 -0.3409 -0.3604 -0.2732 -0.1319 0.2256 -0.0615 -0.3853 -0.3108 -0.2055 0.2681 0.0934 -0.3794 -0.3475 -0.2583 -0.0802 0.1915 -0.1788 -0.3784 -0.2989 -0.1870 0.2801 0.0645 -0.3891 -0.3384 -0.2480 -0.0152 0.1686 -0.2574 -0.3725 -0.2902 -0.1717 0.2694 0.0378 -0.3913 -0.3305 -0.2362 0.0816 0.1471 -0.3116 -0.3663 -0.2816 -0.1545 0.2493
-0.1542 -0.2830 -0.3673 -0.3046 0.1504 0.0648 -0.2381 -0.3317 -0.3912 0.0422 0.2717 -0.1741 -0.2915 -0.3734 -0.2474 0.1718 -0.0265 -0.2494 -0.3396 -0.3884 0.0682 0.2805 -0.1890 -0.3001 -0.3791 -0.1691 0.1938 -0.0845 -0.2591 -0.3482 -0.3784 0.0949 0.2663 -0.2062 -0.3111 -0.3854 -0.0605 0.2256 -0.1315 -0.2729 -0.3601 -0.3426 0.1319 0.1477 -0.2301 -0.3274 -0.3912 0.0315 0.2654 -0.1576 -0.2463 -0.1576 0.2654 0.0315 -0.3912 -0.3274 -0.2301 0.1477 0.1319 -0.3426 -0.3601 -0.2729 -0.1315 0.2256 -0.0605 -0.3854 -0.3111 -0.2062 0.2663 0.0949 -0.3784 -0.3482 -0.2591 -0.0845 0.1938 -0.1691 -0.3791 -0.3001 -0.1890 0.2805 0.0682 -0.3884 -0.3396 -0.2494 -0.0265 0.1718 -0.2474 -0.3734 -0.2915 -0.1741 0.2717 0.0422 -0.3912 -0.3317 -0.2381 0.0648 0.1504 -0.3046 -0.3673 -0.2830 -0.1542
-0.2754 -0.3682 -0.2972 0.1537 0.0485 -0.2400 -0.3329 -0.3911 0.0465 0.2738 -0.1765 -0.2928 -0.3743 -0.2369 0.1749 -0.0369 -0.2508 -0.3408 -0.3876 0.0718 0.2806 -0.1911 -0.3013 -0.3798 -0.1584 0.1964 -0.0891 -0.2601 -0.3489 -0.3773 0.0967 0.2641 -0.2070 -0.3116 -0.3857 -0.0578 0.2263 -0.1319 -0.2729 -0.3600 -0.3435 0.1310 0.1531 -0.2294 -0.3269 -0.3912 0.0303 0.2667 -0.1683 -0.2836 -0.3406 -0.2836 -0.1683 0.2667 0.0303 -0.3912 -0.3269 -0.2294 0.1531 0.1310 -0.3435 -0.3600 -0.2729 -0.1319 0.2263 -0.0578 -0.3857 -0.3116 -0.2070 0.2641 0.0967 -0.3773 -0.3489 -0.2601 -0.0891 0.1964 -0.1584 -0.3798 -0.3013 -0.1911 0.2806 0.0718 -0.3876 -0.3408 -0.2508 -0.0369 0.1749 -0.2369 -0.3743 -0.2928 -0.1765 0.2738 0.0465 -0.3911 -0.3329 -0.2400 0.0485 0.1537 -0.2972 -0.3682 -0.2754
-0.3614 -0.2893 0.1571 0.0329 -0.2418 -0.3341 -0.3908 0.0507 0.2757 -0.1788 -0.2941 -0.3752 -0.2260 0.1781 -0.0465 -0.2521 -0.3420 -0.3866 0.0754 0.2802 -0.1932 -0.3026 -0.3805 -0.1465 0.1994 -0.0940 -0.2611 -0.3498 -0.3758 0.0988 0.2612 -0.2081 -0.3123 -0.3859 -0.0540 0.2275 -0.1328 -0.2732 -0.3601 -0.3435 0.1307 0.1561 -0.2289 -0.3264 -0.3911 0.0286 0.2662 -0.1697 -0.2888 -0.3708 -0.3945 -0.3708 -0.2888 -0.1697 0.2662 0.0286 -0.3911 -0.3264 -0.2289 0.1561 0.1307 -0.3435 -0.3601 -0.2732 -0.1328 0.2275 -0.0540 -0.3859 -0.3123 -0.2081 0.2612 0.0988 -0.3758 -0.3498 -0.2611 -0.0940 0.1994 -0.1465 -0.3805 -0.3026 -0.1932 0.2802 0.0754 -0.3866 -0.3420 -0.2521 -0.0465 0.1781 -0.2260 -0.3752 -0.2941 -0.1788 0.2757 0.0507 -0.3908 -0.3341 -0.2418 0.0329 0.1571 -0.2893 -0.3614
-0.2838 0.1605 0.0181 -0.2437 -0.3354 -0.3905 0.0547 0.2773 -0.1811 -0.2954 -0.3760 -0.2146 0.1813 -0.0553 -0.2535 -0.3432 -0.3855 0.0788 0.2794 -0.1953 -0.3039 -0.3813 -0.1340 0.2026 -0.0991 -0.2623 -0.3508 -0.3740 0.1012 0.2574 -0.2094 -0.3130 -0.3863 -0.0493 0.2290 -0.1343 -0.2736 -0.3604 -0.3426 0.1310 0.1561 -0.2287 -0.3262 -0.3911 0.0271 0.2654 -0.1693 -0.2895 -0.3723 -0.2978 0.0649 -0.2978 -0.3723 -0.2895 -0.1693 0.2654 0.0271 -0.3911 -0.3262 -0.2287 0.1561 0.1310 -0.3426 -0.3604 -0.2736 -0.1343 0.2290 -0.0493 -0.3863 -0.3130 -0.2094 0.2574 0.1012 -0.3740 -0.3508 -0.2623 -0.0991 0.2026 -0.1340 -0.3813 -0.3039 -0.1953 0.2794 0.0788 -0.3855 -0.3432 -0.2535 -0.0553 0.1813 -0.2146 -0.3760 -0.2954 -0.1811 0.2773 0.0547 -0.3905 -0.3354 -0.2437 0.0181 0.1605 -0.2838
0.1619 0.0043 -0.2455 -0.3366 -0.3900 0.0586 0.2786 -0.1834 -0.2967 -0.3769 -0.2029 0.1845 -0.0635 -0.2548 -0.3443 -0.3842 0.0823 0.2781 -0.1974 -0.3051 -0.3820 -0.1216 0.2059 -0.1043 -0.2636 -0.3518 -0.3718 0.1039 0.2525 -0.2109 -0.3139 -0.3867 -0.0439 0.2308 -0.1360 -0.2742 -0.3608 -0.3409 0.1319 0.1531 -0.2289 -0.3262 -0.3911 0.0261 0.2648 -0.1687 -0.2894 -0.3724 -0.2631 0.1516 0.2785 0.1516 -0.2631 -0.3724 -0.2894 -0.1687 0.2648 0.0261 -0.3911 -0.3262 -0.2289 0.1531 0.1319 -0.3409 -0.3608 -0.2742 -0.1360 0.2308 -0.0439 -0.3867 -0.3139 -0.2109 0.2525 0.1039 -0.3718 -0.3518 -0.2636 -0.1043 0.2059 -0.1216 -0.3820 -0.3051 -0.1974 0.2781 0.0823 -0.3842 -0.3443 -0.2548 -0.0635 0.1845 -0.2029 -0.3769 -0.2967 -0.1834 0.2786 0.0586 -0.3900 -0.3366 -0.2455 0.0043 0.1619
-0.0087 -0.2472 -0.3378 -0.3895 0.0625 0.2796 -0.1856 -0.2980 -0.3777 -0.1908 0.1877 -0.0710 -0.2562 -0.3455 -0.3828 0.0856 0.2762 -0.1994 -0.3064 -0.3827 -0.1095 0.2092 -0.1091 -0.2650 -0.3529 -0.3692 0.1070 0.2464 -0.2125 -0.3149 -0.3871 -0.0378 0.2330 -0.1381 -0.2749 -0.3613 -0.3387 0.1332 0.1477 -0.2294 -0.3264 -0.3911 0.0261 0.2645 -0.1683 -0.2891 -0.3723 -0.2562 0.1672 0.0455 -0.1920 0.0455 0.1672 -0.2562 -0.3723 -0.2891 -0.1683 0.2645 0.0261 -0.3911 -0.3264 -0.2294 0.1477 0.1332 -0.3387 -0.3613 -0.2749 -0.1381 0.2330 -0.0378 -0.3871 -0.3149 -0.2125 0.2464 0.1070 -0.3692 -0.3529 -0.2650 -0.1091 0.2092 -0.1095 -0.3827 -0.3064 -0.1994 0.2762 0.0856 -0.3828 -0.3455 -0.2562 -0.0710 0.1877 -0.1908 -0.3777 -0.2980 -0.1856 0.2796 0.0625 -0.3895 -0.3378 -0.2472 -0.0087
-0.2392 -0.3390 -0.3888 0.0662 0.2803 -0.1878 -0.2993 -0.3785 -0.1785 0.1910 -0.0780 -0.2575 -0.3467 -0.3813 0.0890 0.2737 -0.2014 -0.3077 -0.3834 -0.0977 0.2126 -0.1137 -0.2663 -0.3541 -0.3663 0.1101 0.2389 -0.2144 -0.3161 -0.3876 -0.0311 0.2355 -0.1404 -0.2758 -0.3619 -0.3359 0.1348 0.1407 -0.2301 -0.3269 -0.3911 0.0271 0.2648 -0.1683 -0.2890 -0.3722 -0.2557 0.1702 -0.0159 -0.2416 -0.3005 -0.2416 -0.0159 0.1702 -0.2557 -0.3722 -0.2890 -0.1683 0.2648 0.0271 -0.3911 -0.3269 -0.2301 0.1407 0.1348 -0.3359 -0.3619 -0.2758 -0.1404 0.2355 -0.0311 -0.3876 -0.3161 -0.2144 0.2389 0.1101 -0.3663 -0.3541 -0.2663 -0.1137 0.2126 -0.0977 -0.3834 -0.3077 -0.2014 0.2737 0.0890 -0.3813 -0.3467 -0.2575 -0.0780 0.1910 -0.1785 -0.3785 -0.2993 -0.1878 0.2803 0.0662 -0.3888 -0.3390 -0.2392
-0.3318 -0.3881 0.0698 0.2806 -0.1899 -0.3006 -0.3793 -0.1661 0.1942 -0.0844 -0.2589 -0.3478 -0.3795 0.0923 0.2705 -0.2034 -0.3090 -0.3841 -0.0864 0.2159 -0.1181 -0.2676 -0.3552 -0.3632 0.1133 0.2303 -0.2163 -0.3173 -0.3881 -0.0242 0.2382 -0.1429 -0.2767 -0.3626 -0.3326 0.1366 0.1324 -0.2310 -0.3274 -0.3912 0.0286 0.2654 -0.1687 -0.2891 -0.3722 -0.2560 0.1706 -0.0256 -0.2486 -0.3358 -0.3857 -0.3358 -0.2486 -0.0256 0.1706 -0.2560 -0.3722 -0.2891 -0.1687 0.2654 0.0286 -0.3912 -0.3274 -0.2310 0.1324 0.1366 -0.3326 -0.3626 -0.2767 -0.1429 0.2382 -0.0242 -0.3881 -0.3173 -0.2163 0.2303 0.1133 -0.3632 -0.3552 -0.2676 -0.1181 0.2159 -0.0864 -0.3841 -0.3090 -0.2034 0.2705 0.0923 -0.3795 -0.3478 -0.2589 -0.0844 0.1942 -0.1661 -0.3793 -0.3006 -0.1899 0.2806 0.0698 -0.3881 -0.3318
-0.3825 0.0732 0.2805 -0.1919 -0.3018 -0.3801 -0.1542 0.1973 -0.0902 -0.2602 -0.3489 -0.3777 0.0953 0.2669 -0.2053 -0.3102 -0.3847 -0.0761 0.2191 -0.1220 -0.2689 -0.3562 -0.3601 0.1162 0.2211 -0.2181 -0.3185 -0.3886 -0.0174 0.2410 -0.1455 -0.2777 -0.3634 -0.3290 0.1385 0.1234 -0.2320 -0.3280 -0.3912 0.0303 0.2662 -0.1693 -0.2894 -0.3723 -0.2557 0.1706 -0.0270 -0.2498 -0.3398 -0.3917 -0.1610 -0.3917 -0.3398 -0.2498 -0.0270 0.1706 -0.2557 -0.3723 -0.2894 -0.1693 0.2662 0.0303 -0.3912 -0.3280 -0.2320 0.1234 0.1385 -0.3290 -0.3634 -0.2777 -0.1455 0.2410 -0.0174 -0.3886 -0.3185 -0.2181 0.2211 0.1162 -0.3601 -0.3562 -0.2689 -0.1220 0.2191 -0.0761 -0.3847 -0.3102 -0.2053 0.2669 0.0953 -0.3777 -0.3489 -0.2602 -0.0902 0.1973 -0.1542 -0.3801 -0.3018 -0.1919 0.2805 0.0732 -0.3825
0.0730 0.2802 -0.1935 -0.3028 -0.3807 -0.1448 0.1997 -0.0944 -0.2612 -0.3498 -0.3762 0.0977 0.2636 -0.2069 -0.3112 -0.3853 -0.0683 0.2216 -0.1250 -0.2699 -0.3571 -0.3574 0.1185 0.2134 -0.2195 -0.3195 -0.3889 -0.0121 0.2433 -0.1476 -0.2786 -0.3641 -0.3258 0.1400 0.1160 -0.2327 -0.3284 -0.3913 0.0315 0.2667 -0.1697 -0.2895 -0.3724 -0.2562 0.1702 -0.0256 -0.2498 -0.3405 -0.3883 0.0526 0.1917 0.0526 -0.3883 -0.3405 -0.2498 -0.0256 0.1702 -0.2562 -0.3724 -0.2895 -0.1697 0.2667 0.0315 -0.3913 -0.3284 -0.2327 0.1160 0.1400 -0.3258 -0.3641 -0.2786 -0.1476 0.2433 -0.0121 -0.3889 -0.3195 -0.2195 0.2134 0.1185 -0.3574 -0.3571 -0.2699 -0.1250 0.2216 -0.0683 -0.3853 -0.3112 -0.2069 0.2636 0.0977 -0.3762 -0.3498 -0.2612 -0.0944 0.1997 -0.1448 -0.3807 -0.3028 -0.1935 0.2802 0.0730
0.2778 -0.1934 -0.3028 -0.3811 -0.1462 0.1993 -0.0938 -0.2610 -0.3501 -0.3763 0.0972 0.2642 -0.2067 -0.3112 -0.3855 -0.0694 0.2211 -0.1246 -0.2698 -0.3574 -0.3577 0.1179 0.2147 -0.2194 -0.3196 -0.3890 -0.0130 0.2430 -0.1473 -0.2785 -0.3644 -0.3269 0.1388 0.1209 -0.2322 -0.3282 -0.3912 0.0291 0.2654 -0.1683 -0.2888 -0.3723 -0.2631 0.1672 -0.0159 -0.2486 -0.3398 -0.3883 0.0659 0.2757 -0.0805 0.2757 0.0659 -0.3883 -0.3398 -0.2486 -0.0159 0.1672 -0.2631 -0.3723 -0.2888 -0.1683 0.2654 0.0291 -0.3912 -0.3282 -0.2322 0.1209 0.1388 -0.3269 -0.3644 -0.2785 -0.1473 0.2430 -0.0130 -0.3890 -0.3196 -0.2194 0.2147 0.1179 -0.3577 -0.3574 -0.2698 -0.1246 0.2211 -0.0694 -0.3855 -0.3112 -0.2067 0.2642 0.0972 -0.3763 -0.3501 -0.2610 -0.0938 0.1993 -0.1462 -0.3811 -0.3028 -0.1934 0.2778
-0.1809 -0.2984 -0.3810 -0.1914 0.1846 -0.0690 -0.2558 -0.3474 -0.3829 0.0846 0.2771 -0.1994 -0.3070 -0.3860 -0.1103 0.2064 -0.1080 -0.2648 -0.3552 -0.3691 0.1056 0.2489 -0.2126 -0.3156 -0.3899 -0.0418 0.2290 -0.1349 -0.2736 -0.3627 -0.3456 0.1259 0.1812 -0.2254 -0.3244 -0.3925 0.0081 0.2536 -0.1576 -0.2836 -0.3708 -0.2978 0.1516 0.0455 -0.2416 -0.3358 -0.3917 0.0526 0.2757 -0.1690 -0.2518 -0.1690 0.2757 0.0526 -0.3917 -0.3358 -0.2416 0.0455 0.1516 -0.2978 -0.3708 -0.2836 -0.1576 0.2536 0.0081 -0.3925 -0.3244 -0.2254 0.1812 0.1259 -0.3456 -0.3627 -0.2736 -0.1349 0.2290 -0.0418 -0.3899 -0.3156 -0.2126 0.2489 0.1056 -0.3691 -0.3552 -0.2648 -0.1080 0.2064 -0.1103 -0.3860 -0.3070 -0.1994 0.2771 0.0846 -0.3829 -0.3474 -0.2558 -0.0690 0.1846 -0.1914 -0.3810 -0.2984 -0.1809
-0.2532 -0.3548 -0.3772 0.1003 0.2596 -0.2120 -0.3137 -0.3928 -0.0543 0.2219 -0.1294 -0.2710 -0.3626 -0.3554 0.1202 0.2060 -0.2234 -0.3224 -0.3962 -0.0028 0.2438 -0.1522 -0.2799 -0.3701 -0.3204 0.1402 0.1109 -0.2344 -0.3310 -0.3974 0.0328 0.2636 -0.1712 -0.2889 -0.3773 -0.2655 0.1623 -0.0008 -0.2463 -0.3406 -0.3945 0.0649 0.2785 -0.1920 -0.3005 -0.3857 -0.1609 0.1917 -0.0805 -0.2518 -0.3109 -0.2518 -0.0805 0.1917 -0.1610 -0.3857 -0.3005 -0.1920 0.2785 0.0649 -0.3945 -0.3406 -0.2463 -0.0008 0.1623 -0.2655 -0.3773 -0.2889 -0.1712 0.2636 0.0328 -0.3974 -0.3310 -0.2344 0.1109 0.1402 -0.3204 -0.3701 -0.2799 -0.1522 0.2438 -0.0028 -0.3962 -0.3224 -0.2234 0.2060 0.1202 -0.3554 -0.3626 -0.2710 -0.1294 0.2219 -0.0543 -0.3928 -0.3137 -0.2120 0.2596 0.1003 -0.3772 -0.3548 -0.2532
