0.2757 -0.1872 -0.2946 -0.3746 -0.1203 0.2103 -0.1154 -0.2597 -0.3491 -0.3515 0.1233 0.1710 -0.2198 -0.3174 -0.3850 0.0258 0.2657 -0.1686 -0.2830 -0.3670 -0.2287 0.1803 -0.0645 -0.2473 -0.3387 -0.3754 0.0939 0.2579 -0.2039 -0.3058 -0.3806 -0.0326 0.2386 -0.1448 -0.2710 -0.3581 -0.3086 0.1506 0.0373 -0.2339 -0.3277 -0.3845 0.0620 0.2781 -0.1865 -0.2940 -0.3741 -0.1321 0.2032 -0.0790 -0.2091 -0.0790 0.2032 -0.1321 -0.3741 -0.2940 -0.1865 0.2781 0.0620 -0.3845 -0.3277 -0.2339 0.0373 0.1506 -0.3086 -0.3581 -0.2710 -0.1448 0.2386 -0.0326 -0.3806 -0.3058 -0.2039 0.2579 0.0939 -0.3754 -0.3387 -0.2473 -0.0645 0.1803 -0.2287 -0.3670 -0.2830 -0.1686 0.2657 0.0258 -0.3850 -0.3174 -0.2198 0.1710 0.1233 -0.3515 -0.3491 -0.2597 -0.1154 0.2103 -0.1203 -0.3746 -0.2946 -0.1872 0.2757
-0.1872 -0.3027 -0.3812 -0.1233 0.2087 -0.1130 -0.2675 -0.3561 -0.3568 0.1223 0.1874 -0.2255 -0.3246 -0.3909 0.0246 0.2650 -0.1699 -0.2905 -0.3736 -0.2342 0.1789 -0.0574 -0.2552 -0.3458 -0.3808 0.0931 0.2656 -0.2079 -0.3131 -0.3868 -0.0351 0.2368 -0.1445 -0.2786 -0.3649 -0.3140 0.1493 0.0542 -0.2412 -0.3349 -0.3902 0.0611 0.2801 -0.1892 -0.3014 -0.3806 -0.1335 0.2052 -0.1027 -0.2581 -0.3161 -0.2581 -0.1027 0.2052 -0.1335 -0.3806 -0.3014 -0.1892 0.2801 0.0611 -0.3902 -0.3349 -0.2412 0.0542 0.1493 -0.3140 -0.3649 -0.2786 -0.1445 0.2368 -0.0351 -0.3868 -0.3131 -0.2079 0.2656 0.0931 -0.3808 -0.3458 -0.2552 -0.0574 0.1789 -0.2342 -0.3736 -0.2905 -0.1699 0.2650 0.0246 -0.3909 -0.3246 -0.2255 0.1874 0.1223 -0.3568 -0.3561 -0.2675 -0.1130 0.2087 -0.1233 -0.3812 -0.3027 -0.1872
-0.2946 -0.3812 -0.1277 0.2066 -0.1094 -0.2663 -0.3551 -0.3602 0.1193 0.1996 -0.2236 -0.3234 -0.3907 0.0194 0.2623 -0.1674 -0.2892 -0.3727 -0.2448 0.1757 -0.0488 -0.2538 -0.3446 -0.3824 0.0898 0.2696 -0.2059 -0.3119 -0.3862 -0.0437 0.2335 -0.1413 -0.2772 -0.3639 -0.3204 0.1460 0.0707 -0.2393 -0.3337 -0.3906 0.0573 0.2793 -0.1870 -0.3001 -0.3798 -0.1454 0.2027 -0.1032 -0.2632 -0.3494 -0.3938 -0.3494 -0.2632 -0.1032 0.2027 -0.1454 -0.3798 -0.3001 -0.1870 0.2793 0.0573 -0.3906 -0.3337 -0.2393 0.0707 0.1460 -0.3204 -0.3639 -0.2772 -0.1413 0.2335 -0.0437 -0.3862 -0.3119 -0.2059 0.2696 0.0898 -0.3824 -0.3446 -0.2538 -0.0488 0.1757 -0.2448 -0.3727 -0.2892 -0.1674 0.2623 0.0194 -0.3907 -0.3234 -0.2236 0.1996 0.1193 -0.3602 -0.3551 -0.2663 -0.1094 0.2066 -0.1277 -0.3812 -0.2946
-0.3746 -0.1233 0.2066 -0.1079 -0.2656 -0.3543 -0.3628 0.1165 0.2103 -0.2219 -0.3222 -0.3903 0.0140 0.2595 -0.1648 -0.2879 -0.3718 -0.2550 0.1725 -0.0394 -0.2525 -0.3435 -0.3839 0.0865 0.2729 -0.2040 -0.3106 -0.3856 -0.0529 0.2301 -0.1380 -0.2759 -0.3629 -0.3265 0.1427 0.0875 -0.2374 -0.3325 -0.3909 0.0533 0.2782 -0.1848 -0.2988 -0.3790 -0.1579 0.1996 -0.0994 -0.2634 -0.3520 -0.3801 -0.0392 -0.3801 -0.3520 -0.2634 -0.0994 0.1996 -0.1579 -0.3790 -0.2988 -0.1848 0.2782 0.0533 -0.3909 -0.3325 -0.2374 0.0875 0.1427 -0.3265 -0.3629 -0.2759 -0.1380 0.2301 -0.0529 -0.3856 -0.3106 -0.2040 0.2729 0.0865 -0.3839 -0.3435 -0.2525 -0.0394 0.1725 -0.2550 -0.3718 -0.2879 -0.1648 0.2595 0.0140 -0.3903 -0.3222 -0.2219 0.2103 0.1165 -0.3628 -0.3543 -0.2656 -0.1079 0.2066 -0.1233 -0.3746
-0.1203 0.2087 -0.1094 -0.2656 -0.3540 -0.3643 0.1146 0.2183 -0.2203 -0.3211 -0.3900 0.0088 0.2567 -0.1623 -0.2867 -0.3709 -0.2647 0.1694 -0.0292 -0.2511 -0.3423 -0.3852 0.0831 0.2756 -0.2020 -0.3093 -0.3849 -0.0626 0.2268 -0.1345 -0.2746 -0.3618 -0.3321 0.1395 0.1044 -0.2356 -0.3313 -0.3911 0.0492 0.2767 -0.1826 -0.2975 -0.3782 -0.1704 0.1963 -0.0942 -0.2624 -0.3517 -0.3726 0.0900 0.2275 0.0900 -0.3726 -0.3517 -0.2624 -0.0942 0.1963 -0.1704 -0.3782 -0.2975 -0.1826 0.2767 0.0492 -0.3911 -0.3313 -0.2356 0.1044 0.1395 -0.3321 -0.3618 -0.2746 -0.1345 0.2268 -0.0626 -0.3849 -0.3093 -0.2020 0.2756 0.0831 -0.3852 -0.3423 -0.2511 -0.0292 0.1694 -0.2647 -0.3709 -0.2867 -0.1623 0.2567 0.0088 -0.3900 -0.3211 -0.2203 0.2183 0.1146 -0.3643 -0.3540 -0.2656 -0.1094 0.2087 -0.1203
0.2103 -0.1130 -0.2663 -0.3543 -0.3643 0.1139 0.2223 -0.2192 -0.3202 -0.3897 0.0038 0.2540 -0.1599 -0.2855 -0.3700 -0.2736 0.1663 -0.0182 -0.2497 -0.3411 -0.3863 0.0797 0.2776 -0.1999 -0.3080 -0.3843 -0.0728 0.2234 -0.1309 -0.2733 -0.3608 -0.3374 0.1363 0.1212 -0.2337 -0.3301 -0.3913 0.0450 0.2750 -0.1803 -0.2963 -0.3774 -0.1829 0.1931 -0.0884 -0.2611 -0.3508 -0.3723 0.1024 0.2730 -0.1357 0.2730 0.1024 -0.3723 -0.3508 -0.2611 -0.0884 0.1931 -0.1829 -0.3774 -0.2963 -0.1803 0.2750 0.0450 -0.3913 -0.3301 -0.2337 0.1212 0.1363 -0.3374 -0.3608 -0.2733 -0.1309 0.2234 -0.0728 -0.3843 -0.3080 -0.1999 0.2776 0.0797 -0.3863 -0.3411 -0.2497 -0.0182 0.1663 -0.2736 -0.3700 -0.2855 -0.1599 0.2540 0.0038 -0.3897 -0.3202 -0.2192 0.2223 0.1139 -0.3643 -0.3543 -0.2663 -0.1130 0.2103
-0.1154 -0.2675 -0.3551 -0.3628 0.1146 0.2223 -0.2189 -0.3198 -0.3894 -0.0002 0.2517 -0.1577 -0.2843 -0.3692 -0.2815 0.1633 -0.0065 -0.2484 -0.3399 -0.3873 0.0762 0.2791 -0.1979 -0.3068 -0.3836 -0.0836 0.2201 -0.1272 -0.2720 -0.3597 -0.3424 0.1331 0.1375 -0.2318 -0.3288 -0.3913 0.0407 0.2731 -0.1780 -0.2950 -0.3766 -0.1951 0.1898 -0.0822 -0.2598 -0.3497 -0.3742 0.1030 0.2554 -0.2028 -0.2733 -0.2028 0.2554 0.1030 -0.3742 -0.3497 -0.2598 -0.0822 0.1898 -0.1951 -0.3766 -0.2950 -0.1780 0.2731 0.0407 -0.3913 -0.3288 -0.2318 0.1375 0.1331 -0.3424 -0.3597 -0.2720 -0.1272 0.2201 -0.0836 -0.3836 -0.3068 -0.1979 0.2791 0.0762 -0.3873 -0.3399 -0.2484 -0.0065 0.1633 -0.2815 -0.3692 -0.2843 -0.1577 0.2517 -0.0002 -0.3894 -0.3198 -0.2189 0.2223 0.1146 -0.3628 -0.3551 -0.2675 -0.1154
-0.2597 -0.3561 -0.3602 0.1165 0.2183 -0.2192 -0.3198 -0.3893 -0.0023 0.2502 -0.1560 -0.2834 -0.3684 -0.2884 0.1605 0.0051 -0.2471 -0.3388 -0.3882 0.0727 0.2801 -0.1958 -0.3055 -0.3829 -0.0949 0.2167 -0.1232 -0.2706 -0.3587 -0.3470 0.1299 0.1532 -0.2300 -0.3276 -0.3913 0.0362 0.2709 -0.1757 -0.2937 -0.3757 -0.2070 0.1866 -0.0756 -0.2584 -0.3485 -0.3763 0.1007 0.2546 -0.2100 -0.3092 -0.3645 -0.3092 -0.2100 0.2546 0.1007 -0.3763 -0.3485 -0.2584 -0.0756 0.1866 -0.2070 -0.3757 -0.2937 -0.1757 0.2709 0.0362 -0.3913 -0.3276 -0.2300 0.1532 0.1299 -0.3470 -0.3587 -0.2706 -0.1232 0.2167 -0.0949 -0.3829 -0.3055 -0.1958 0.2801 0.0727 -0.3882 -0.3388 -0.2471 0.0051 0.1605 -0.2884 -0.3684 -0.2834 -0.1560 0.2502 -0.0023 -0.3893 -0.3198 -0.2192 0.2183 0.1165 -0.3602 -0.3561 -0.2597
-0.3491 -0.3568 0.1193 0.2103 -0.2203 -0.3202 -0.3894 -0.0023 0.2497 -0.1551 -0.2828 -0.3678 -0.2939 0.1580 0.0161 -0.2457 -0.3377 -0.3889 0.0693 0.2805 -0.1938 -0.3042 -0.3822 -0.1065 0.2134 -0.1191 -0.2693 -0.3576 -0.3513 0.1267 0.1681 -0.2281 -0.3264 -0.3912 0.0315 0.2686 -0.1733 -0.2924 -0.3749 -0.2186 0.1834 -0.0684 -0.2571 -0.3474 -0.3783 0.0976 0.2589 -0.2101 -0.3133 -0.3871 -0.3480 -0.3871 -0.3133 -0.2101 0.2589 0.0976 -0.3783 -0.3474 -0.2571 -0.0684 0.1834 -0.2186 -0.3749 -0.2924 -0.1733 0.2686 0.0315 -0.3912 -0.3264 -0.2281 0.1681 0.1267 -0.3513 -0.3576 -0.2693 -0.1191 0.2134 -0.1065 -0.3822 -0.3042 -0.1938 0.2805 0.0693 -0.3889 -0.3377 -0.2457 0.0161 0.1580 -0.2939 -0.3678 -0.2828 -0.1551 0.2497 -0.0023 -0.3894 -0.3202 -0.2203 0.2103 0.1193 -0.3568 -0.3491
-0.3515 0.1223 0.1996 -0.2219 -0.3211 -0.3897 -0.0002 0.2502 -0.1551 -0.2826 -0.3675 -0.2974 0.1561 0.0255 -0.2443 -0.3368 -0.3894 0.0662 0.2806 -0.1918 -0.3030 -0.3815 -0.1185 0.2101 -0.1148 -0.2680 -0.3565 -0.3553 0.1235 0.1821 -0.2262 -0.3251 -0.3910 0.0266 0.2661 -0.1709 -0.2911 -0.3740 -0.2298 0.1802 -0.0607 -0.2557 -0.3462 -0.3801 0.0944 0.2638 -0.2086 -0.3133 -0.3865 -0.0911 0.1252 -0.0911 -0.3865 -0.3133 -0.2086 0.2638 0.0944 -0.3801 -0.3462 -0.2557 -0.0607 0.1802 -0.2298 -0.3740 -0.2911 -0.1709 0.2661 0.0266 -0.3910 -0.3251 -0.2262 0.1821 0.1235 -0.3553 -0.3565 -0.2680 -0.1148 0.2101 -0.1185 -0.3815 -0.3030 -0.1918 0.2806 0.0662 -0.3894 -0.3368 -0.2443 0.0255 0.1561 -0.2974 -0.3675 -0.2826 -0.1551 0.2502 -0.0002 -0.3897 -0.3211 -0.2219 0.1996 0.1223 -0.3515
0.1233 0.1874 -0.2236 -0.3222 -0.3900 0.0038 0.2517 -0.1560 -0.2828 -0.3675 -0.2985 0.1551 0.0319 -0.2433 -0.3361 -0.3898 0.0634 0.2804 -0.1900 -0.3018 -0.3808 -0.1302 0.2068 -0.1104 -0.2666 -0.3554 -0.3590 0.1204 0.1951 -0.2243 -0.3239 -0.3908 0.0215 0.2634 -0.1684 -0.2898 -0.3731 -0.2406 0.1770 -0.0523 -0.2544 -0.3451 -0.3818 0.0911 0.2681 -0.2067 -0.3123 -0.3863 -0.0531 0.2120 0.1857 0.2120 -0.0531 -0.3863 -0.3123 -0.2067 0.2681 0.0911 -0.3818 -0.3451 -0.2544 -0.0523 0.1770 -0.2406 -0.3731 -0.2898 -0.1684 0.2634 0.0215 -0.3908 -0.3239 -0.2243 0.1951 0.1204 -0.3590 -0.3554 -0.2666 -0.1104 0.2068 -0.1302 -0.3808 -0.3018 -0.1900 0.2804 0.0634 -0.3898 -0.3361 -0.2433 0.0319 0.1551 -0.2985 -0.3675 -0.2828 -0.1560 0.2517 0.0038 -0.3900 -0.3222 -0.2236 0.1874 0.1233
0.1710 -0.2255 -0.3234 -0.3903 0.0088 0.2540 -0.1577 -0.2834 -0.3678 -0.2974 0.1551 0.0342 -0.2427 -0.3355 -0.3901 0.0612 0.2800 -0.1884 -0.3008 -0.3802 -0.1408 0.2039 -0.1060 -0.2654 -0.3544 -0.3624 0.1172 0.2071 -0.2225 -0.3226 -0.3905 0.0161 0.2606 -0.1659 -0.2885 -0.3722 -0.2510 0.1738 -0.0433 -0.2530 -0.3439 -0.3833 0.0878 0.2717 -0.2048 -0.3111 -0.3858 -0.0521 0.2267 -0.1156 -0.2262 -0.1156 0.2267 -0.0521 -0.3858 -0.3111 -0.2048 0.2717 0.0878 -0.3833 -0.3439 -0.2530 -0.0433 0.1738 -0.2510 -0.3722 -0.2885 -0.1659 0.2606 0.0161 -0.3905 -0.3226 -0.2225 0.2071 0.1172 -0.3624 -0.3544 -0.2654 -0.1060 0.2039 -0.1408 -0.3802 -0.3008 -0.1884 0.2800 0.0612 -0.3901 -0.3355 -0.2427 0.0342 0.1551 -0.2974 -0.3678 -0.2834 -0.1577 0.2540 0.0088 -0.3903 -0.3234 -0.2255 0.1710
-0.2198 -0.3246 -0.3907 0.0140 0.2567 -0.1599 -0.2843 -0.3684 -0.2939 0.1561 0.0319 -0.2427 -0.3354 -0.3902 0.0597 0.2796 -0.1871 -0.3000 -0.3796 -0.1505 0.2012 -0.1018 -0.2642 -0.3534 -0.3654 0.1142 0.2180 -0.2206 -0.3214 -0.3901 0.0105 0.2577 -0.1633 -0.2871 -0.3713 -0.2608 0.1707 -0.0334 -0.2517 -0.3427 -0.3847 0.0845 0.2746 -0.2028 -0.3098 -0.3852 -0.0592 0.2271 -0.1309 -0.2670 -0.3246 -0.2670 -0.1309 0.2271 -0.0592 -0.3852 -0.3098 -0.2028 0.2746 0.0845 -0.3847 -0.3427 -0.2517 -0.0334 0.1707 -0.2608 -0.3713 -0.2871 -0.1633 0.2577 0.0105 -0.3901 -0.3214 -0.2206 0.2180 0.1142 -0.3654 -0.3534 -0.2642 -0.1018 0.2012 -0.1505 -0.3796 -0.3000 -0.1871 0.2796 0.0597 -0.3902 -0.3354 -0.2427 0.0319 0.1561 -0.2939 -0.3684 -0.2843 -0.1599 0.2567 0.0140 -0.3907 -0.3246 -0.2198
-0.3174 -0.3909 0.0194 0.2595 -0.1623 -0.2855 -0.3692 -0.2884 0.1580 0.0255 -0.2433 -0.3355 -0.3902 0.0591 0.2793 -0.1863 -0.2993 -0.3791 -0.1586 0.1989 -0.0978 -0.2632 -0.3524 -0.3679 0.1113 0.2273 -0.2187 -0.3202 -0.3897 0.0046 0.2547 -0.1606 -0.2858 -0.3703 -0.2702 0.1675 -0.0227 -0.2503 -0.3416 -0.3859 0.0811 0.2769 -0.2007 -0.3085 -0.3845 -0.0687 0.2246 -0.1313 -0.2720 -0.3571 -0.3968 -0.3571 -0.2720 -0.1313 0.2246 -0.0687 -0.3845 -0.3085 -0.2007 0.2769 0.0811 -0.3859 -0.3416 -0.2503 -0.0227 0.1675 -0.2702 -0.3703 -0.2858 -0.1606 0.2547 0.0046 -0.3897 -0.3202 -0.2187 0.2273 0.1113 -0.3679 -0.3524 -0.2632 -0.0978 0.1989 -0.1586 -0.3791 -0.2993 -0.1863 0.2793 0.0591 -0.3902 -0.3355 -0.2433 0.0255 0.1580 -0.2884 -0.3692 -0.2855 -0.1623 0.2595 0.0194 -0.3909 -0.3174
-0.3850 0.0246 0.2623 -0.1648 -0.2867 -0.3700 -0.2815 0.1605 0.0161 -0.2443 -0.3361 -0.3901 0.0597 0.2793 -0.1861 -0.2990 -0.3789 -0.1643 0.1971 -0.0944 -0.2623 -0.3516 -0.3701 0.1088 0.2350 -0.2170 -0.3190 -0.3892 -0.0015 0.2516 -0.1579 -0.2845 -0.3694 -0.2792 0.1644 -0.0110 -0.2489 -0.3404 -0.3869 0.0776 0.2786 -0.1987 -0.3073 -0.3839 -0.0792 0.2214 -0.1285 -0.2721 -0.3592 -0.3642 0.0073 -0.3642 -0.3592 -0.2721 -0.1285 0.2214 -0.0792 -0.3839 -0.3073 -0.1987 0.2786 0.0776 -0.3869 -0.3404 -0.2489 -0.0110 0.1644 -0.2792 -0.3694 -0.2845 -0.1579 0.2516 -0.0015 -0.3892 -0.3190 -0.2170 0.2350 0.1088 -0.3701 -0.3516 -0.2623 -0.0944 0.1971 -0.1643 -0.3789 -0.2990 -0.1861 0.2793 0.0597 -0.3901 -0.3361 -0.2443 0.0161 0.1605 -0.2815 -0.3700 -0.2867 -0.1648 0.2623 0.0246 -0.3850
0.0258 0.2650 -0.1674 -0.2879 -0.3709 -0.2736 0.1633 0.0051 -0.2457 -0.3368 -0.3898 0.0612 0.2796 -0.1863 -0.2990 -0.3788 -0.1673 0.1960 -0.0919 -0.2616 -0.3509 -0.3718 0.1065 0.2412 -0.2155 -0.3179 -0.3888 -0.0074 0.2486 -0.1552 -0.2832 -0.3684 -0.2876 0.1611 0.0016 -0.2475 -0.3392 -0.3879 0.0741 0.2798 -0.1966 -0.3060 -0.3832 -0.0903 0.2181 -0.1248 -0.2711 -0.3589 -0.3513 0.1107 0.2491 0.1107 -0.3513 -0.3589 -0.2711 -0.1248 0.2181 -0.0903 -0.3832 -0.3060 -0.1966 0.2798 0.0741 -0.3879 -0.3392 -0.2475 0.0016 0.1611 -0.2876 -0.3684 -0.2832 -0.1552 0.2486 -0.0074 -0.3888 -0.3179 -0.2155 0.2412 0.1065 -0.3718 -0.3509 -0.2616 -0.0919 0.1960 -0.1673 -0.3788 -0.2990 -0.1863 0.2796 0.0612 -0.3898 -0.3368 -0.2457 0.0051 0.1633 -0.2736 -0.3709 -0.2879 -0.1674 0.2650 0.0258
0.2657 -0.1699 -0.2892 -0.3718 -0.2647 0.1663 -0.0065 -0.2471 -0.3377 -0.3894 0.0634 0.2800 -0.1871 -0.2993 -0.3789 -0.1673 0.1956 -0.0905 -0.2611 -0.3505 -0.3731 0.1046 0.2461 -0.2141 -0.3170 -0.3884 -0.0131 0.2458 -0.1526 -0.2820 -0.3675 -0.2956 0.1577 0.0153 -0.2459 -0.3380 -0.3887 0.0706 0.2804 -0.1946 -0.3047 -0.3825 -0.1018 0.2147 -0.1208 -0.2698 -0.3580 -0.3509 0.1231 0.2362 -0.1572 0.2362 0.1231 -0.3509 -0.3580 -0.2698 -0.1208 0.2147 -0.1018 -0.3825 -0.3047 -0.1946 0.2804 0.0706 -0.3887 -0.3380 -0.2459 0.0153 0.1577 -0.2956 -0.3675 -0.2820 -0.1526 0.2458 -0.0131 -0.3884 -0.3170 -0.2141 0.2461 0.1046 -0.3731 -0.3505 -0.2611 -0.0905 0.1956 -0.1673 -0.3789 -0.2993 -0.1871 0.2800 0.0634 -0.3894 -0.3377 -0.2471 -0.0065 0.1663 -0.2647 -0.3718 -0.2892 -0.1699 0.2657
-0.1686 -0.2905 -0.3727 -0.2550 0.1694 -0.0182 -0.2484 -0.3388 -0.3889 0.0662 0.2804 -0.1884 -0.3000 -0.3791 -0.1643 0.1960 -0.0905 -0.2609 -0.3502 -0.3738 0.1033 0.2496 -0.2130 -0.3162 -0.3880 -0.0185 0.2433 -0.1502 -0.2809 -0.3666 -0.3027 0.1545 0.0295 -0.2441 -0.3368 -0.3894 0.0669 0.2806 -0.1925 -0.3034 -0.3818 -0.1137 0.2114 -0.1166 -0.2685 -0.3570 -0.3539 0.1237 0.1956 -0.2158 -0.2821 -0.2158 0.1956 0.1237 -0.3539 -0.3570 -0.2685 -0.1166 0.2114 -0.1137 -0.3818 -0.3034 -0.1925 0.2806 0.0669 -0.3894 -0.3368 -0.2441 0.0295 0.1545 -0.3027 -0.3666 -0.2809 -0.1502 0.2433 -0.0185 -0.3880 -0.3162 -0.2130 0.2496 0.1033 -0.3738 -0.3502 -0.2609 -0.0905 0.1960 -0.1643 -0.3791 -0.3000 -0.1884 0.2804 0.0662 -0.3889 -0.3388 -0.2484 -0.0182 0.1694 -0.2550 -0.3727 -0.2905 -0.1686
-0.2830 -0.3736 -0.2448 0.1725 -0.0292 -0.2497 -0.3399 -0.3882 0.0693 0.2806 -0.1900 -0.3008 -0.3796 -0.1586 0.1971 -0.0919 -0.2611 -0.3502 -0.3741 0.1026 0.2516 -0.2122 -0.3155 -0.3877 -0.0234 0.2410 -0.1481 -0.2799 -0.3658 -0.3088 0.1515 0.0437 -0.2423 -0.3356 -0.3899 0.0632 0.2804 -0.1903 -0.3021 -0.3810 -0.1259 0.2081 -0.1121 -0.2672 -0.3559 -0.3576 0.1215 0.1940 -0.2226 -0.3178 -0.3719 -0.3178 -0.2226 0.1940 0.1215 -0.3576 -0.3559 -0.2672 -0.1121 0.2081 -0.1259 -0.3810 -0.3021 -0.1903 0.2804 0.0632 -0.3899 -0.3356 -0.2423 0.0437 0.1515 -0.3088 -0.3658 -0.2799 -0.1481 0.2410 -0.0234 -0.3877 -0.3155 -0.2122 0.2516 0.1026 -0.3741 -0.3502 -0.2611 -0.0919 0.1971 -0.1586 -0.3796 -0.3008 -0.1900 0.2806 0.0693 -0.3882 -0.3399 -0.2497 -0.0292 0.1725 -0.2448 -0.3736 -0.2830
-0.3670 -0.2342 0.1757 -0.0394 -0.2511 -0.3411 -0.3873 0.0727 0.2805 -0.1918 -0.3018 -0.3802 -0.1505 0.1989 -0.0944 -0.2616 -0.3505 -0.3738 0.1026 0.2523 -0.2118 -0.3152 -0.3875 -0.0273 0.2391 -0.1461 -0.2790 -0.3651 -0.3139 0.1489 0.0573 -0.2407 -0.3345 -0.3904 0.0595 0.2798 -0.1882 -0.3008 -0.3803 -0.1384 0.2047 -0.1075 -0.2658 -0.3548 -0.3611 0.1185 0.2031 -0.2227 -0.3216 -0.3907 -0.3091 -0.3907 -0.3216 -0.2227 0.2031 0.1185 -0.3611 -0.3548 -0.2658 -0.1075 0.2047 -0.1384 -0.3803 -0.3008 -0.1882 0.2798 0.0595 -0.3904 -0.3345 -0.2407 0.0573 0.1489 -0.3139 -0.3651 -0.2790 -0.1461 0.2391 -0.0273 -0.3875 -0.3152 -0.2118 0.2523 0.1026 -0.3738 -0.3505 -0.2616 -0.0944 0.1989 -0.1505 -0.3802 -0.3018 -0.1918 0.2805 0.0727 -0.3873 -0.3411 -0.2511 -0.0394 0.1757 -0.2342 -0.3670
-0.2287 0.1789 -0.0488 -0.2525 -0.3423 -0.3863 0.0762 0.2801 -0.1938 -0.3030 -0.3808 -0.1408 0.2012 -0.0978 -0.2623 -0.3509 -0.3731 0.1033 0.2516 -0.2118 -0.3150 -0.3874 -0.0297 0.2378 -0.1445 -0.2782 -0.3645 -0.3182 0.1466 0.0697 -0.2392 -0.3335 -0.3907 0.0560 0.2789 -0.1861 -0.2996 -0.3795 -0.1510 0.2014 -0.1025 -0.2645 -0.3537 -0.3643 0.1153 0.2138 -0.2212 -0.3216 -0.3897 -0.0281 0.1453 -0.0281 -0.3897 -0.3216 -0.2212 0.2138 0.1153 -0.3643 -0.3537 -0.2645 -0.1025 0.2014 -0.1510 -0.3795 -0.2996 -0.1861 0.2789 0.0560 -0.3907 -0.3335 -0.2392 0.0697 0.1466 -0.3182 -0.3645 -0.2782 -0.1445 0.2378 -0.0297 -0.3874 -0.3150 -0.2118 0.2516 0.1033 -0.3731 -0.3509 -0.2623 -0.0978 0.2012 -0.1408 -0.3808 -0.3030 -0.1938 0.2801 0.0762 -0.3863 -0.3423 -0.2525 -0.0488 0.1789 -0.2287
0.1803 -0.0574 -0.2538 -0.3435 -0.3852 0.0797 0.2791 -0.1958 -0.3042 -0.3815 -0.1302 0.2039 -0.1018 -0.2632 -0.3516 -0.3718 0.1046 0.2496 -0.2122 -0.3152 -0.3874 -0.0305 0.2371 -0.1436 -0.2777 -0.3640 -0.3216 0.1446 0.0806 -0.2379 -0.3326 -0.3909 0.0528 0.2779 -0.1841 -0.2983 -0.3787 -0.1635 0.1982 -0.0973 -0.2632 -0.3526 -0.3674 0.1122 0.2241 -0.2194 -0.3206 -0.3897 -0.0019 0.2348 0.0829 0.2348 -0.0019 -0.3897 -0.3206 -0.2194 0.2241 0.1122 -0.3674 -0.3526 -0.2632 -0.0973 0.1982 -0.1635 -0.3787 -0.2983 -0.1841 0.2779 0.0528 -0.3909 -0.3326 -0.2379 0.0806 0.1446 -0.3216 -0.3640 -0.2777 -0.1436 0.2371 -0.0305 -0.3874 -0.3152 -0.2122 0.2496 0.1046 -0.3718 -0.3516 -0.2632 -0.1018 0.2039 -0.1302 -0.3815 -0.3042 -0.1958 0.2791 0.0797 -0.3852 -0.3435 -0.2538 -0.0574 0.1803
-0.0645 -0.2552 -0.3446 -0.3839 0.0831 0.2776 -0.1979 -0.3055 -0.3822 -0.1185 0.2068 -0.1060 -0.2642 -0.3524 -0.3701 0.1065 0.2461 -0.2130 -0.3155 -0.3875 -0.0297 0.2371 -0.1433 -0.2774 -0.3636 -0.3241 0.1431 0.0899 -0.2368 -0.3318 -0.3911 0.0499 0.2768 -0.1823 -0.2972 -0.3780 -0.1753 0.1950 -0.0918 -0.2618 -0.3514 -0.3702 0.1090 0.2334 -0.2175 -0.3194 -0.3894 -0.0011 0.2483 -0.1405 -0.2371 -0.1405 0.2483 -0.0011 -0.3894 -0.3194 -0.2175 0.2334 0.1090 -0.3702 -0.3514 -0.2618 -0.0918 0.1950 -0.1753 -0.3780 -0.2972 -0.1823 0.2768 0.0499 -0.3911 -0.3318 -0.2368 0.0899 0.1431 -0.3241 -0.3636 -0.2774 -0.1433 0.2371 -0.0297 -0.3875 -0.3155 -0.2130 0.2461 0.1065 -0.3701 -0.3524 -0.2642 -0.1060 0.2068 -0.1185 -0.3822 -0.3055 -0.1979 0.2776 0.0831 -0.3839 -0.3446 -0.2552 -0.0645
-0.2473 -0.3458 -0.3824 0.0865 0.2756 -0.1999 -0.3068 -0.3829 -0.1065 0.2101 -0.1104 -0.2654 -0.3534 -0.3679 0.1088 0.2412 -0.2141 -0.3162 -0.3877 -0.0273 0.2378 -0.1436 -0.2774 -0.3635 -0.3253 0.1421 0.0967 -0.2359 -0.3312 -0.3912 0.0472 0.2756 -0.1807 -0.2963 -0.3773 -0.1858 0.1920 -0.0863 -0.2606 -0.3503 -0.3727 0.1058 0.2417 -0.2156 -0.3181 -0.3889 -0.0059 0.2487 -0.1522 -0.2758 -0.3332 -0.2758 -0.1522 0.2487 -0.0059 -0.3889 -0.3181 -0.2156 0.2417 0.1058 -0.3727 -0.3503 -0.2606 -0.0863 0.1920 -0.1858 -0.3773 -0.2963 -0.1807 0.2756 0.0472 -0.3912 -0.3312 -0.2359 0.0967 0.1421 -0.3253 -0.3635 -0.2774 -0.1436 0.2378 -0.0273 -0.3877 -0.3162 -0.2141 0.2412 0.1088 -0.3679 -0.3534 -0.2654 -0.1104 0.2101 -0.1065 -0.3829 -0.3068 -0.1999 0.2756 0.0865 -0.3824 -0.3458 -0.2473
-0.3387 -0.3808 0.0898 0.2729 -0.2020 -0.3080 -0.3836 -0.0949 0.2134 -0.1148 -0.2666 -0.3544 -0.3654 0.1113 0.2350 -0.2155 -0.3170 -0.3880 -0.0234 0.2391 -0.1445 -0.2777 -0.3636 -0.3253 0.1418 0.1001 -0.2353 -0.3307 -0.3913 0.0448 0.2746 -0.1793 -0.2954 -0.3767 -0.1950 0.1894 -0.0810 -0.2594 -0.3493 -0.3749 0.1027 0.2490 -0.2137 -0.3169 -0.3884 -0.0124 0.2463 -0.1525 -0.2806 -0.3645 -0.3973 -0.3645 -0.2806 -0.1525 0.2463 -0.0124 -0.3884 -0.3169 -0.2137 0.2490 0.1027 -0.3749 -0.3493 -0.2594 -0.0810 0.1894 -0.1950 -0.3767 -0.2954 -0.1793 0.2746 0.0448 -0.3913 -0.3307 -0.2353 0.1001 0.1418 -0.3253 -0.3636 -0.2777 -0.1445 0.2391 -0.0234 -0.3880 -0.3170 -0.2155 0.2350 0.1113 -0.3654 -0.3544 -0.2666 -0.1148 0.2134 -0.0949 -0.3836 -0.3080 -0.2020 0.2729 0.0898 -0.3808 -0.3387
-0.3754 0.0931 0.2696 -0.2040 -0.3093 -0.3843 -0.0836 0.2167 -0.1191 -0.2680 -0.3554 -0.3624 0.1142 0.2273 -0.2170 -0.3179 -0.3884 -0.0185 0.2410 -0.1461 -0.2782 -0.3640 -0.3241 0.1421 0.1001 -0.2351 -0.3304 -0.3913 0.0431 0.2736 -0.1780 -0.2947 -0.3762 -0.2028 0.1872 -0.0760 -0.2583 -0.3484 -0.3768 0.0998 0.2551 -0.2118 -0.3156 -0.3879 -0.0196 0.2432 -0.1503 -0.2807 -0.3660 -0.3377 0.0403 -0.3377 -0.3660 -0.2807 -0.1503 0.2432 -0.0196 -0.3879 -0.3156 -0.2118 0.2551 0.0998 -0.3768 -0.3484 -0.2583 -0.0760 0.1872 -0.2028 -0.3762 -0.2947 -0.1780 0.2736 0.0431 -0.3913 -0.3304 -0.2351 0.1001 0.1421 -0.3241 -0.3640 -0.2782 -0.1461 0.2410 -0.0185 -0.3884 -0.3179 -0.2170 0.2273 0.1142 -0.3624 -0.3554 -0.2680 -0.1191 0.2167 -0.0836 -0.3843 -0.3093 -0.2040 0.2696 0.0931 -0.3754
0.0939 0.2656 -0.2059 -0.3106 -0.3849 -0.0728 0.2201 -0.1232 -0.2693 -0.3565 -0.3590 0.1172 0.2180 -0.2187 -0.3190 -0.3888 -0.0131 0.2433 -0.1481 -0.2790 -0.3645 -0.3216 0.1431 0.0967 -0.2353 -0.3304 -0.3913 0.0422 0.2730 -0.1771 -0.2941 -0.3758 -0.2093 0.1852 -0.0714 -0.2574 -0.3475 -0.3783 0.0972 0.2599 -0.2100 -0.3144 -0.3873 -0.0273 0.2399 -0.1474 -0.2797 -0.3657 -0.3170 0.1309 0.2677 0.1309 -0.3170 -0.3657 -0.2797 -0.1474 0.2399 -0.0273 -0.3873 -0.3144 -0.2100 0.2599 0.0972 -0.3783 -0.3475 -0.2574 -0.0714 0.1852 -0.2093 -0.3758 -0.2941 -0.1771 0.2730 0.0422 -0.3913 -0.3304 -0.2353 0.0967 0.1431 -0.3216 -0.3645 -0.2790 -0.1481 0.2433 -0.0131 -0.3888 -0.3190 -0.2187 0.2180 0.1172 -0.3590 -0.3565 -0.2693 -0.1232 0.2201 -0.0728 -0.3849 -0.3106 -0.2059 0.2656 0.0939
0.2579 -0.2079 -0.3119 -0.3856 -0.0626 0.2234 -0.1272 -0.2706 -0.3576 -0.3553 0.1204 0.2071 -0.2206 -0.3202 -0.3892 -0.0074 0.2458 -0.1502 -0.2799 -0.3651 -0.3182 0.1446 0.0899 -0.2359 -0.3307 -0.3913 0.0422 0.2728 -0.1766 -0.2937 -0.3754 -0.2145 0.1836 -0.0674 -0.2566 -0.3468 -0.3796 0.0949 0.2637 -0.2085 -0.3133 -0.3868 -0.0350 0.2367 -0.1444 -0.2785 -0.3648 -0.3163 0.1439 0.1586 -0.1754 0.1586 0.1439 -0.3163 -0.3648 -0.2785 -0.1444 0.2367 -0.0350 -0.3868 -0.3133 -0.2085 0.2637 0.0949 -0.3796 -0.3468 -0.2566 -0.0674 0.1836 -0.2145 -0.3754 -0.2937 -0.1766 0.2728 0.0422 -0.3913 -0.3307 -0.2359 0.0899 0.1446 -0.3182 -0.3651 -0.2799 -0.1502 0.2458 -0.0074 -0.3892 -0.3202 -0.2206 0.2071 0.1204 -0.3553 -0.3576 -0.2706 -0.1272 0.2234 -0.0626 -0.3856 -0.3119 -0.2079 0.2579
-0.2039 -0.3131 -0.3862 -0.0529 0.2268 -0.1309 -0.2720 -0.3587 -0.3513 0.1235 0.1951 -0.2225 -0.3214 -0.3897 -0.0015 0.2486 -0.1526 -0.2809 -0.3658 -0.3139 0.1466 0.0806 -0.2368 -0.3312 -0.3913 0.0431 0.2730 -0.1766 -0.2935 -0.3753 -0.2180 0.1824 -0.0639 -0.2559 -0.3461 -0.3807 0.0928 0.2667 -0.2071 -0.3124 -0.3863 -0.0423 0.2337 -0.1413 -0.2772 -0.3639 -0.3211 0.1446 0.0957 -0.2283 -0.2910 -0.2283 0.0957 0.1446 -0.3211 -0.3639 -0.2772 -0.1413 0.2337 -0.0423 -0.3863 -0.3124 -0.2071 0.2667 0.0928 -0.3807 -0.3461 -0.2559 -0.0639 0.1824 -0.2180 -0.3753 -0.2935 -0.1766 0.2730 0.0431 -0.3913 -0.3312 -0.2368 0.0806 0.1466 -0.3139 -0.3658 -0.2809 -0.1526 0.2486 -0.0015 -0.3897 -0.3214 -0.2225 0.1951 0.1235 -0.3513 -0.3587 -0.2720 -0.1309 0.2268 -0.0529 -0.3862 -0.3131 -0.2039
-0.3058 -0.3868 -0.0437 0.2301 -0.1345 -0.2733 -0.3597 -0.3470 0.1267 0.1821 -0.2243 -0.3226 -0.3901 0.0046 0.2516 -0.1552 -0.2820 -0.3666 -0.3088 0.1489 0.0697 -0.2379 -0.3318 -0.3912 0.0448 0.2736 -0.1771 -0.2937 -0.3753 -0.2191 0.1818 -0.0616 -0.2554 -0.3456 -0.3815 0.0910 0.2691 -0.2059 -0.3115 -0.3859 -0.0491 0.2310 -0.1385 -0.2760 -0.3629 -0.3265 0.1424 0.0936 -0.2349 -0.3262 -0.3787 -0.3262 -0.2349 0.0936 0.1424 -0.3265 -0.3629 -0.2760 -0.1385 0.2310 -0.0491 -0.3859 -0.3115 -0.2059 0.2691 0.0910 -0.3815 -0.3456 -0.2554 -0.0616 0.1818 -0.2191 -0.3753 -0.2937 -0.1771 0.2736 0.0448 -0.3912 -0.3318 -0.2379 0.0697 0.1489 -0.3088 -0.3666 -0.2820 -0.1552 0.2516 0.0046 -0.3901 -0.3226 -0.2243 0.1821 0.1267 -0.3470 -0.3597 -0.2733 -0.1345 0.2301 -0.0437 -0.3868 -0.3058
-0.3806 -0.0351 0.2335 -0.1380 -0.2746 -0.3608 -0.3424 0.1299 0.1681 -0.2262 -0.3239 -0.3905 0.0105 0.2547 -0.1579 -0.2832 -0.3675 -0.3027 0.1515 0.0573 -0.2392 -0.3326 -0.3911 0.0472 0.2746 -0.1780 -0.2941 -0.3754 -0.2180 0.1818 -0.0608 -0.2551 -0.3453 -0.3821 0.0895 0.2709 -0.2048 -0.3108 -0.3855 -0.0552 0.2287 -0.1359 -0.2750 -0.3621 -0.3314 0.1397 0.1052 -0.2350 -0.3298 -0.3927 -0.2518 -0.3927 -0.3298 -0.2350 0.1052 0.1397 -0.3314 -0.3621 -0.2750 -0.1359 0.2287 -0.0552 -0.3855 -0.3108 -0.2048 0.2709 0.0895 -0.3821 -0.3453 -0.2551 -0.0608 0.1818 -0.2180 -0.3754 -0.2941 -0.1780 0.2746 0.0472 -0.3911 -0.3326 -0.2392 0.0573 0.1515 -0.3027 -0.3675 -0.2832 -0.1579 0.2547 0.0105 -0.3905 -0.3239 -0.2262 0.1681 0.1299 -0.3424 -0.3608 -0.2746 -0.1380 0.2335 -0.0351 -0.3806
-0.0326 0.2368 -0.1413 -0.2759 -0.3618 -0.3374 0.1331 0.1532 -0.2281 -0.3251 -0.3908 0.0161 0.2577 -0.1606 -0.2845 -0.3684 -0.2956 0.1545 0.0437 -0.2407 -0.3335 -0.3909 0.0499 0.2756 -0.1793 -0.2947 -0.3758 -0.2145 0.1824 -0.0616 -0.2551 -0.3451 -0.3824 0.0885 0.2721 -0.2039 -0.3102 -0.3852 -0.0605 0.2267 -0.1337 -0.2741 -0.3613 -0.3357 0.1371 0.1187 -0.2338 -0.3298 -0.3913 0.0153 0.1663 0.0153 -0.3913 -0.3298 -0.2338 0.1187 0.1371 -0.3357 -0.3613 -0.2741 -0.1337 0.2267 -0.0605 -0.3852 -0.3102 -0.2039 0.2721 0.0885 -0.3824 -0.3451 -0.2551 -0.0616 0.1824 -0.2145 -0.3758 -0.2947 -0.1793 0.2756 0.0499 -0.3909 -0.3335 -0.2407 0.0437 0.1545 -0.2956 -0.3684 -0.2845 -0.1606 0.2577 0.0161 -0.3908 -0.3251 -0.2281 0.1532 0.1331 -0.3374 -0.3618 -0.2759 -0.1413 0.2368 -0.0326
0.2386 -0.1445 -0.2772 -0.3629 -0.3321 0.1363 0.1375 -0.2300 -0.3264 -0.3910 0.0215 0.2606 -0.1633 -0.2858 -0.3694 -0.2876 0.1577 0.0295 -0.2423 -0.3345 -0.3907 0.0528 0.2768 -0.1807 -0.2954 -0.3762 -0.2093 0.1836 -0.0639 -0.2554 -0.3453 -0.3824 0.0882 0.2728 -0.2033 -0.3097 -0.3849 -0.0653 0.2250 -0.1317 -0.2733 -0.3606 -0.3393 0.1347 0.1313 -0.2324 -0.3290 -0.3913 0.0343 0.2572 -0.0156 0.2572 0.0343 -0.3913 -0.3290 -0.2324 0.1313 0.1347 -0.3393 -0.3606 -0.2733 -0.1317 0.2250 -0.0653 -0.3849 -0.3097 -0.2033 0.2728 0.0882 -0.3824 -0.3453 -0.2554 -0.0639 0.1836 -0.2093 -0.3762 -0.2954 -0.1807 0.2768 0.0528 -0.3907 -0.3345 -0.2423 0.0295 0.1577 -0.2876 -0.3694 -0.2858 -0.1633 0.2606 0.0215 -0.3910 -0.3264 -0.2300 0.1375 0.1363 -0.3321 -0.3629 -0.2772 -0.1445 0.2386
-0.1448 -0.2786 -0.3639 -0.3265 0.1395 0.1212 -0.2318 -0.3276 -0.3912 0.0266 0.2634 -0.1659 -0.2871 -0.3703 -0.2792 0.1611 0.0153 -0.2441 -0.3356 -0.3904 0.0560 0.2779 -0.1823 -0.2963 -0.3767 -0.2028 0.1852 -0.0674 -0.2559 -0.3456 -0.3821 0.0885 0.2728 -0.2031 -0.3094 -0.3847 -0.0691 0.2236 -0.1300 -0.2726 -0.3600 -0.3422 0.1326 0.1426 -0.2310 -0.3281 -0.3913 0.0354 0.2679 -0.1604 -0.2478 -0.1604 0.2679 0.0354 -0.3913 -0.3281 -0.2310 0.1426 0.1326 -0.3422 -0.3600 -0.2726 -0.1300 0.2236 -0.0691 -0.3847 -0.3094 -0.2031 0.2728 0.0885 -0.3821 -0.3456 -0.2559 -0.0674 0.1852 -0.2028 -0.3767 -0.2963 -0.1823 0.2779 0.0560 -0.3904 -0.3356 -0.2441 0.0153 0.1611 -0.2792 -0.3703 -0.2871 -0.1659 0.2634 0.0266 -0.3912 -0.3276 -0.2318 0.1212 0.1395 -0.3265 -0.3639 -0.2786 -0.1448
-0.2710 -0.3649 -0.3204 0.1427 0.1044 -0.2337 -0.3288 -0.3913 0.0315 0.2661 -0.1684 -0.2885 -0.3713 -0.2702 0.1644 0.0016 -0.2459 -0.3368 -0.3899 0.0595 0.2789 -0.1841 -0.2972 -0.3773 -0.1950 0.1872 -0.0714 -0.2566 -0.3461 -0.3815 0.0895 0.2721 -0.2033 -0.3094 -0.3847 -0.0712 0.2226 -0.1287 -0.2721 -0.3595 -0.3446 0.1309 0.1519 -0.2298 -0.3273 -0.3913 0.0331 0.2685 -0.1704 -0.2849 -0.3419 -0.2849 -0.1704 0.2685 0.0331 -0.3913 -0.3273 -0.2298 0.1519 0.1309 -0.3446 -0.3595 -0.2721 -0.1287 0.2226 -0.0712 -0.3847 -0.3094 -0.2033 0.2721 0.0895 -0.3815 -0.3461 -0.2566 -0.0714 0.1872 -0.1950 -0.3773 -0.2972 -0.1841 0.2789 0.0595 -0.3899 -0.3368 -0.2459 0.0016 0.1644 -0.2702 -0.3713 -0.2885 -0.1684 0.2661 0.0315 -0.3913 -0.3288 -0.2337 0.1044 0.1427 -0.3204 -0.3649 -0.2710
-0.3581 -0.3140 0.1460 0.0875 -0.2356 -0.3301 -0.3913 0.0362 0.2686 -0.1709 -0.2898 -0.3722 -0.2608 0.1675 -0.0110 -0.2475 -0.3380 -0.3894 0.0632 0.2798 -0.1861 -0.2983 -0.3780 -0.1858 0.1894 -0.0760 -0.2574 -0.3468 -0.3807 0.0910 0.2709 -0.2039 -0.3097 -0.3847 -0.0712 0.2223 -0.1280 -0.2717 -0.3592 -0.3464 0.1294 0.1595 -0.2288 -0.3265 -0.3912 0.0303 0.2674 -0.1711 -0.2897 -0.3716 -0.3938 -0.3716 -0.2897 -0.1711 0.2674 0.0303 -0.3912 -0.3265 -0.2288 0.1595 0.1294 -0.3464 -0.3592 -0.2717 -0.1280 0.2223 -0.0712 -0.3847 -0.3097 -0.2039 0.2709 0.0910 -0.3807 -0.3468 -0.2574 -0.0760 0.1894 -0.1858 -0.3780 -0.2983 -0.1861 0.2798 0.0632 -0.3894 -0.3380 -0.2475 -0.0110 0.1675 -0.2608 -0.3722 -0.2898 -0.1709 0.2686 0.0362 -0.3913 -0.3301 -0.2356 0.0875 0.1460 -0.3140 -0.3581
-0.3086 0.1493 0.0707 -0.2374 -0.3313 -0.3913 0.0407 0.2709 -0.1733 -0.2911 -0.3731 -0.2510 0.1707 -0.0227 -0.2489 -0.3392 -0.3887 0.0669 0.2804 -0.1882 -0.2996 -0.3787 -0.1753 0.1920 -0.0810 -0.2583 -0.3475 -0.3796 0.0928 0.2691 -0.2048 -0.3102 -0.3849 -0.0691 0.2226 -0.1280 -0.2716 -0.3589 -0.3476 0.1283 0.1655 -0.2279 -0.3259 -0.3911 0.0275 0.2660 -0.1701 -0.2901 -0.3728 -0.2929 0.0674 -0.2929 -0.3728 -0.2901 -0.1701 0.2660 0.0275 -0.3911 -0.3259 -0.2279 0.1655 0.1283 -0.3476 -0.3589 -0.2716 -0.1280 0.2226 -0.0691 -0.3849 -0.3102 -0.2048 0.2691 0.0928 -0.3796 -0.3475 -0.2583 -0.0810 0.1920 -0.1753 -0.3787 -0.2996 -0.1882 0.2804 0.0669 -0.3887 -0.3392 -0.2489 -0.0227 0.1707 -0.2510 -0.3731 -0.2911 -0.1733 0.2709 0.0407 -0.3913 -0.3313 -0.2374 0.0707 0.1493 -0.3086
0.1506 0.0542 -0.2393 -0.3325 -0.3911 0.0450 0.2731 -0.1757 -0.2924 -0.3740 -0.2406 0.1738 -0.0334 -0.2503 -0.3404 -0.3879 0.0706 0.2806 -0.1903 -0.3008 -0.3795 -0.1635 0.1950 -0.0863 -0.2594 -0.3484 -0.3783 0.0949 0.2667 -0.2059 -0.3108 -0.3852 -0.0653 0.2236 -0.1287 -0.2717 -0.3589 -0.3481 0.1277 0.1694 -0.2273 -0.3254 -0.3910 0.0250 0.2646 -0.1689 -0.2897 -0.3727 -0.2590 0.1532 0.2789 0.1532 -0.2590 -0.3727 -0.2897 -0.1689 0.2646 0.0250 -0.3910 -0.3254 -0.2273 0.1694 0.1277 -0.3481 -0.3589 -0.2717 -0.1287 0.2236 -0.0653 -0.3852 -0.3108 -0.2059 0.2667 0.0949 -0.3783 -0.3484 -0.2594 -0.0863 0.1950 -0.1635 -0.3795 -0.3008 -0.1903 0.2806 0.0706 -0.3879 -0.3404 -0.2503 -0.0334 0.1738 -0.2406 -0.3740 -0.2924 -0.1757 0.2731 0.0450 -0.3911 -0.3325 -0.2393 0.0542 0.1506
0.0373 -0.2412 -0.3337 -0.3909 0.0492 0.2750 -0.1780 -0.2937 -0.3749 -0.2298 0.1770 -0.0433 -0.2517 -0.3416 -0.3869 0.0741 0.2804 -0.1925 -0.3021 -0.3803 -0.1510 0.1982 -0.0918 -0.2606 -0.3493 -0.3768 0.0972 0.2637 -0.2071 -0.3115 -0.3855 -0.0605 0.2250 -0.1300 -0.2721 -0.3592 -0.3476 0.1277 0.1709 -0.2269 -0.3251 -0.3909 0.0229 0.2634 -0.1677 -0.2891 -0.3723 -0.2543 0.1682 0.0390 -0.1931 0.0390 0.1682 -0.2543 -0.3723 -0.2891 -0.1677 0.2634 0.0229 -0.3909 -0.3251 -0.2269 0.1709 0.1277 -0.3476 -0.3592 -0.2721 -0.1300 0.2250 -0.0605 -0.3855 -0.3115 -0.2071 0.2637 0.0972 -0.3768 -0.3493 -0.2606 -0.0918 0.1982 -0.1510 -0.3803 -0.3021 -0.1925 0.2804 0.0741 -0.3869 -0.3416 -0.2517 -0.0433 0.1770 -0.2298 -0.3749 -0.2937 -0.1780 0.2750 0.0492 -0.3909 -0.3337 -0.2412 0.0373
-0.2339 -0.3349 -0.3906 0.0533 0.2767 -0.1803 -0.2950 -0.3757 -0.2186 0.1802 -0.0523 -0.2530 -0.3427 -0.3859 0.0776 0.2798 -0.1946 -0.3034 -0.3810 -0.1384 0.2014 -0.0973 -0.2618 -0.3503 -0.3749 0.0998 0.2599 -0.2085 -0.3124 -0.3859 -0.0552 0.2267 -0.1317 -0.2726 -0.3595 -0.3464 0.1283 0.1694 -0.2269 -0.3249 -0.3909 0.0215 0.2625 -0.1667 -0.2885 -0.3720 -0.2568 0.1703 -0.0179 -0.2421 -0.3010 -0.2421 -0.0179 0.1703 -0.2568 -0.3720 -0.2885 -0.1667 0.2625 0.0215 -0.3909 -0.3249 -0.2269 0.1694 0.1283 -0.3464 -0.3595 -0.2726 -0.1317 0.2267 -0.0552 -0.3859 -0.3124 -0.2085 0.2599 0.0998 -0.3749 -0.3503 -0.2618 -0.0973 0.2014 -0.1384 -0.3810 -0.3034 -0.1946 0.2798 0.0776 -0.3859 -0.3427 -0.2530 -0.0523 0.1802 -0.2186 -0.3757 -0.2950 -0.1803 0.2767 0.0533 -0.3906 -0.3349 -0.2339
-0.3277 -0.3902 0.0573 0.2782 -0.1826 -0.2963 -0.3766 -0.2070 0.1834 -0.0607 -0.2544 -0.3439 -0.3847 0.0811 0.2786 -0.1966 -0.3047 -0.3818 -0.1259 0.2047 -0.1025 -0.2632 -0.3514 -0.3727 0.1027 0.2551 -0.2100 -0.3133 -0.3863 -0.0491 0.2287 -0.1337 -0.2733 -0.3600 -0.3446 0.1294 0.1655 -0.2273 -0.3251 -0.3909 0.0210 0.2619 -0.1660 -0.2881 -0.3716 -0.2602 0.1697 -0.0245 -0.2487 -0.3360 -0.3859 -0.3360 -0.2487 -0.0245 0.1697 -0.2602 -0.3716 -0.2881 -0.1660 0.2619 0.0210 -0.3909 -0.3251 -0.2273 0.1655 0.1294 -0.3446 -0.3600 -0.2733 -0.1337 0.2287 -0.0491 -0.3863 -0.3133 -0.2100 0.2551 0.1027 -0.3727 -0.3514 -0.2632 -0.1025 0.2047 -0.1259 -0.3818 -0.3047 -0.1966 0.2786 0.0811 -0.3847 -0.3439 -0.2544 -0.0607 0.1834 -0.2070 -0.3766 -0.2963 -0.1826 0.2782 0.0573 -0.3902 -0.3277
-0.3845 0.0611 0.2793 -0.1848 -0.2975 -0.3774 -0.1951 0.1866 -0.0684 -0.2557 -0.3451 -0.3833 0.0845 0.2769 -0.1987 -0.3060 -0.3825 -0.1137 0.2081 -0.1075 -0.2645 -0.3526 -0.3702 0.1058 0.2490 -0.2118 -0.3144 -0.3868 -0.0423 0.2310 -0.1359 -0.2741 -0.3606 -0.3422 0.1309 0.1595 -0.2279 -0.3254 -0.3909 0.0215 0.2619 -0.1657 -0.2878 -0.3714 -0.2632 0.1688 -0.0229 -0.2495 -0.3397 -0.3916 -0.1589 -0.3916 -0.3397 -0.2495 -0.0229 0.1688 -0.2632 -0.3714 -0.2878 -0.1657 0.2619 0.0215 -0.3909 -0.3254 -0.2279 0.1595 0.1309 -0.3422 -0.3606 -0.2741 -0.1359 0.2310 -0.0423 -0.3868 -0.3144 -0.2118 0.2490 0.1058 -0.3702 -0.3526 -0.2645 -0.1075 0.2081 -0.1137 -0.3825 -0.3060 -0.1987 0.2769 0.0845 -0.3833 -0.3451 -0.2557 -0.0684 0.1866 -0.1951 -0.3774 -0.2975 -0.1848 0.2793 0.0611 -0.3845
0.0620 0.2801 -0.1870 -0.2988 -0.3782 -0.1829 0.1898 -0.0756 -0.2571 -0.3462 -0.3818 0.0878 0.2746 -0.2007 -0.3073 -0.3832 -0.1018 0.2114 -0.1121 -0.2658 -0.3537 -0.3674 0.1090 0.2417 -0.2137 -0.3156 -0.3873 -0.0350 0.2337 -0.1385 -0.2750 -0.3613 -0.3393 0.1326 0.1519 -0.2288 -0.3259 -0.3910 0.0229 0.2625 -0.1660 -0.2878 -0.3713 -0.2650 0.1680 -0.0201 -0.2494 -0.3402 -0.3883 0.0533 0.1924 0.0533 -0.3883 -0.3402 -0.2494 -0.0201 0.1680 -0.2650 -0.3713 -0.2878 -0.1660 0.2625 0.0229 -0.3910 -0.3259 -0.2288 0.1519 0.1326 -0.3393 -0.3613 -0.2750 -0.1385 0.2337 -0.0350 -0.3873 -0.3156 -0.2137 0.2417 0.1090 -0.3674 -0.3537 -0.2658 -0.1121 0.2114 -0.1018 -0.3832 -0.3073 -0.2007 0.2746 0.0878 -0.3818 -0.3462 -0.2571 -0.0756 0.1898 -0.1829 -0.3782 -0.2988 -0.1870 0.2801 0.0620
0.2781 -0.1892 -0.3001 -0.3790 -0.1704 0.1931 -0.0822 -0.2584 -0.3474 -0.3801 0.0911 0.2717 -0.2028 -0.3085 -0.3839 -0.0903 0.2147 -0.1166 -0.2672 -0.3548 -0.3643 0.1122 0.2334 -0.2156 -0.3169 -0.3879 -0.0273 0.2367 -0.1413 -0.2760 -0.3621 -0.3357 0.1347 0.1426 -0.2298 -0.3265 -0.3911 0.0250 0.2634 -0.1667 -0.2881 -0.3714 -0.2650 0.1677 -0.0182 -0.2492 -0.3401 -0.3878 0.0694 0.2774 -0.0877 0.2774 0.0694 -0.3878 -0.3401 -0.2492 -0.0182 0.1677 -0.2650 -0.3714 -0.2881 -0.1667 0.2634 0.0250 -0.3911 -0.3265 -0.2298 0.1426 0.1347 -0.3357 -0.3621 -0.2760 -0.1413 0.2367 -0.0273 -0.3879 -0.3169 -0.2156 0.2334 0.1122 -0.3643 -0.3548 -0.2672 -0.1166 0.2147 -0.0903 -0.3839 -0.3085 -0.2028 0.2717 0.0911 -0.3801 -0.3474 -0.2584 -0.0822 0.1931 -0.1704 -0.3790 -0.3001 -0.1892 0.2781
-0.1865 -0.3014 -0.3798 -0.1579 0.1963 -0.0884 -0.2598 -0.3485 -0.3783 0.0944 0.2681 -0.2048 -0.3098 -0.3845 -0.0792 0.2181 -0.1208 -0.2685 -0.3559 -0.3611 0.1153 0.2241 -0.2175 -0.3181 -0.3884 -0.0196 0.2399 -0.1444 -0.2772 -0.3629 -0.3314 0.1371 0.1313 -0.2310 -0.3273 -0.3912 0.0275 0.2646 -0.1677 -0.2885 -0.3716 -0.2632 0.1680 -0.0182 -0.2491 -0.3400 -0.3877 0.0723 0.2807 -0.1820 -0.2598 -0.1820 0.2807 0.0723 -0.3877 -0.3400 -0.2491 -0.0182 0.1680 -0.2632 -0.3716 -0.2885 -0.1677 0.2646 0.0275 -0.3912 -0.3273 -0.2310 0.1313 0.1371 -0.3314 -0.3629 -0.2772 -0.1444 0.2399 -0.0196 -0.3884 -0.3181 -0.2175 0.2241 0.1153 -0.3611 -0.3559 -0.2685 -0.1208 0.2181 -0.0792 -0.3845 -0.3098 -0.2048 0.2681 0.0944 -0.3783 -0.3485 -0.2598 -0.0884 0.1963 -0.1579 -0.3798 -0.3014 -0.1865
-0.2940 -0.3806 -0.1454 0.1996 -0.0942 -0.2611 -0.3497 -0.3763 0.0976 0.2638 -0.2067 -0.3111 -0.3852 -0.0687 0.2214 -0.1248 -0.2698 -0.3570 -0.3576 0.1185 0.2138 -0.2194 -0.3194 -0.3889 -0.0124 0.2432 -0.1474 -0.2785 -0.3639 -0.3265 0.1397 0.1187 -0.2324 -0.3281 -0.3913 0.0303 0.2660 -0.1689 -0.2891 -0.3720 -0.2602 0.1688 -0.0201 -0.2492 -0.3400 -0.3878 0.0728 0.2805 -0.1914 -0.2968 -0.3530 -0.2968 -0.1914 0.2805 0.0728 -0.3878 -0.3400 -0.2492 -0.0201 0.1688 -0.2602 -0.3720 -0.2891 -0.1689 0.2660 0.0303 -0.3913 -0.3281 -0.2324 0.1187 0.1397 -0.3265 -0.3639 -0.2785 -0.1474 0.2432 -0.0124 -0.3889 -0.3194 -0.2194 0.2138 0.1185 -0.3576 -0.3570 -0.2698 -0.1248 0.2214 -0.0687 -0.3852 -0.3111 -0.2067 0.2638 0.0976 -0.3763 -0.3497 -0.2611 -0.0942 0.1996 -0.1454 -0.3806 -0.2940
-0.3741 -0.1335 0.2027 -0.0994 -0.2624 -0.3508 -0.3742 0.1007 0.2589 -0.2086 -0.3123 -0.3858 -0.0592 0.2246 -0.1285 -0.2711 -0.3580 -0.3539 0.1215 0.2031 -0.2212 -0.3206 -0.3894 -0.0059 0.2463 -0.1503 -0.2797 -0.3648 -0.3211 0.1424 0.1052 -0.2338 -0.3290 -0.3913 0.0331 0.2674 -0.1701 -0.2897 -0.3723 -0.2568 0.1697 -0.0229 -0.2494 -0.3401 -0.3877 0.0728 0.2804 -0.1932 -0.3021 -0.3803 -0.3797 -0.3803 -0.3021 -0.1932 0.2804 0.0728 -0.3877 -0.3401 -0.2494 -0.0229 0.1697 -0.2568 -0.3723 -0.2897 -0.1701 0.2674 0.0331 -0.3913 -0.3290 -0.2338 0.1052 0.1424 -0.3211 -0.3648 -0.2797 -0.1503 0.2463 -0.0059 -0.3894 -0.3206 -0.2212 0.2031 0.1215 -0.3539 -0.3580 -0.2711 -0.1285 0.2246 -0.0592 -0.3858 -0.3123 -0.2086 0.2589 0.1007 -0.3742 -0.3508 -0.2624 -0.0994 0.2027 -0.1335 -0.3741
-0.1321 0.2052 -0.1032 -0.2634 -0.3517 -0.3723 0.1030 0.2546 -0.2101 -0.3133 -0.3863 -0.0521 0.2271 -0.1313 -0.2721 -0.3589 -0.3509 0.1237 0.1940 -0.2227 -0.3216 -0.3897 -0.0011 0.2487 -0.1525 -0.2807 -0.3657 -0.3163 0.1446 0.0936 -0.2350 -0.3298 -0.3913 0.0354 0.2685 -0.1711 -0.2901 -0.3727 -0.2543 0.1703 -0.0245 -0.2495 -0.3402 -0.3878 0.0723 0.2805 -0.1932 -0.3029 -0.3809 -0.1995 0.0976 -0.1995 -0.3809 -0.3029 -0.1932 0.2805 0.0723 -0.3878 -0.3402 -0.2495 -0.0245 0.1703 -0.2543 -0.3727 -0.2901 -0.1711 0.2685 0.0354 -0.3913 -0.3298 -0.2350 0.0936 0.1446 -0.3163 -0.3657 -0.2807 -0.1525 0.2487 -0.0011 -0.3897 -0.3216 -0.2227 0.1940 0.1237 -0.3509 -0.3589 -0.2721 -0.1313 0.2271 -0.0521 -0.3863 -0.3133 -0.2101 0.2546 0.1030 -0.3723 -0.3517 -0.2634 -0.1032 0.2052 -0.1321
0.2032 -0.1027 -0.2632 -0.3520 -0.3726 0.1024 0.2554 -0.2100 -0.3133 -0.3865 -0.0531 0.2267 -0.1309 -0.2720 -0.3592 -0.3513 0.1231 0.1956 -0.2226 -0.3216 -0.3897 -0.0019 0.2483 -0.1522 -0.2806 -0.3660 -0.3170 0.1439 0.0957 -0.2349 -0.3298 -0.3913 0.0343 0.2679 -0.1704 -0.2897 -0.3728 -0.2590 0.1682 -0.0179 -0.2487 -0.3397 -0.3883 0.0694 0.2807 -0.1914 -0.3021 -0.3809 -0.1577 0.1805 0.2664 0.1805 -0.1577 -0.3809 -0.3021 -0.1914 0.2807 0.0694 -0.3883 -0.3397 -0.2487 -0.0179 0.1682 -0.2590 -0.3728 -0.2897 -0.1704 0.2679 0.0343 -0.3913 -0.3298 -0.2349 0.0957 0.1439 -0.3170 -0.3660 -0.2806 -0.1522 0.2483 -0.0019 -0.3897 -0.3216 -0.2226 0.1956 0.1231 -0.3513 -0.3592 -0.2720 -0.1309 0.2267 -0.0531 -0.3865 -0.3133 -0.2100 0.2554 0.1024 -0.3726 -0.3520 -0.2632 -0.1027 0.2032
-0.0790 -0.2581 -0.3494 -0.3801 0.0900 0.2730 -0.2028 -0.3092 -0.3871 -0.0911 0.2120 -0.1156 -0.2670 -0.3571 -0.3642 0.1107 0.2362 -0.2158 -0.3178 -0.3907 -0.0281 0.2348 -0.1405 -0.2758 -0.3645 -0.3377 0.1309 0.1586 -0.2283 -0.3262 -0.3927 0.0153 0.2572 -0.1604 -0.2849 -0.3716 -0.2929 0.1532 0.0390 -0.2421 -0.3360 -0.3916 0.0533 0.2774 -0.1820 -0.2968 -0.3803 -0.1995 0.1805 -0.0179 -0.2021 -0.0179 0.1805 -0.1995 -0.3803 -0.2968 -0.1820 0.2774 0.0533 -0.3916 -0.3360 -0.2421 0.0390 0.1532 -0.2929 -0.3716 -0.2849 -0.1604 0.2572 0.0153 -0.3927 -0.3262 -0.2283 0.1586 0.1309 -0.3377 -0.3645 -0.2758 -0.1405 0.2348 -0.0281 -0.3907 -0.3178 -0.2158 0.2362 0.1107 -0.3642 -0.3571 -0.2670 -0.1156 0.2120 -0.0911 -0.3871 -0.3092 -0.2028 0.2730 0.0900 -0.3801 -0.3494 -0.2581 -0.0790
-0.2091 -0.3161 -0.3938 -0.0392 0.2275 -0.1357 -0.2733 -0.3645 -0.3480 0.1252 0.1857 -0.2262 -0.3246 -0.3968 0.0073 0.2491 -0.1572 -0.2821 -0.3719 -0.3091 0.1453 0.0829 -0.2371 -0.3332 -0.3973 0.0403 0.2677 -0.1754 -0.2910 -0.3787 -0.2518 0.1663 -0.0156 -0.2478 -0.3419 -0.3938 0.0674 0.2789 -0.1931 -0.3010 -0.3859 -0.1589 0.1924 -0.0877 -0.2598 -0.3530 -0.3797 0.0976 0.2664 -0.2021 -0.2689 -0.2021 0.2664 0.0976 -0.3797 -0.3530 -0.2598 -0.0877 0.1924 -0.1589 -0.3859 -0.3010 -0.1931 0.2789 0.0674 -0.3938 -0.3419 -0.2478 -0.0156 0.1663 -0.2518 -0.3787 -0.2910 -0.1754 0.2677 0.0403 -0.3973 -0.3332 -0.2371 0.0829 0.1453 -0.3091 -0.3719 -0.2821 -0.1572 0.2491 0.0073 -0.3968 -0.3246 -0.2262 0.1857 0.1252 -0.3480 -0.3645 -0.2733 -0.1357 0.2275 -0.0392 -0.3938 -0.3161 -0.2091
