1.0000 0.0001 0.0009 0.0131 0.1941 1.0000 1.0000 0.0003 0.0048 0.0707 1.0000 1.0000 0.0001 0.0017 0.0256 0.3806 1.0000 0.0000 0.0006 0.0093 0.1378 1.0000 1.0000 0.0002 0.0034 0.0499 0.7419 1.0000 0.0001 0.0012 0.0181 0.2687 1.0000 1.0000 0.0004 0.0065 0.0973 1.0000 1.0000 0.0002 0.0024 0.0353 0.5238 1.0000 0.0001 0.0009 0.0127 0.1872 1.0000 1.0000 0.0001 1.0000 1.0000 0.1872 0.0127 0.0009 0.0001 1.0000 0.5238 0.0353 0.0024 0.0002 1.0000 1.0000 0.0973 0.0065 0.0004 1.0000 1.0000 0.2687 0.0181 0.0012 0.0001 1.0000 0.7419 0.0499 0.0034 0.0002 1.0000 1.0000 0.1378 0.0093 0.0006 0.0000 1.0000 0.3806 0.0256 0.0017 0.0001 1.0000 1.0000 0.0707 0.0048 0.0003 1.0000 1.0000 0.1941 0.0131 0.0009 0.0001 1.0000
0.0001 0.0009 0.0130 0.1934 1.0000 1.0000 0.0003 0.0047 0.0699 1.0000 1.0000 0.0001 0.0017 0.0253 0.3762 1.0000 0.0000 0.0006 0.0092 0.1363 1.0000 1.0000 0.0002 0.0033 0.0494 0.7335 1.0000 0.0001 0.0012 0.0179 0.2657 1.0000 1.0000 0.0004 0.0065 0.0962 1.0000 1.0000 0.0002 0.0023 0.0349 0.5179 1.0000 0.0001 0.0008 0.0126 0.1872 1.0000 1.0000 0.0002 0.0013 0.0002 1.0000 1.0000 0.1872 0.0126 0.0008 0.0001 1.0000 0.5179 0.0349 0.0023 0.0002 1.0000 1.0000 0.0962 0.0065 0.0004 1.0000 1.0000 0.2657 0.0179 0.0012 0.0001 1.0000 0.7335 0.0494 0.0033 0.0002 1.0000 1.0000 0.1363 0.0092 0.0006 0.0000 1.0000 0.3762 0.0253 0.0017 0.0001 1.0000 1.0000 0.0699 0.0047 0.0003 1.0000 1.0000 0.1934 0.0130 0.0009 0.0001
0.0009 0.0130 0.1904 1.0000 1.0000 0.0003 0.0045 0.0676 1.0000 1.0000 0.0001 0.0016 0.0244 0.3622 1.0000 0.0000 0.0006 0.0088 0.1312 1.0000 1.0000 0.0002 0.0032 0.0475 0.7061 1.0000 0.0001 0.0012 0.0172 0.2557 1.0000 1.0000 0.0004 0.0062 0.0926 1.0000 1.0000 0.0002 0.0023 0.0335 0.4985 1.0000 0.0001 0.0008 0.0122 0.1806 1.0000 1.0000 0.0003 0.0035 0.0182 0.0035 0.0003 1.0000 1.0000 0.1806 0.0122 0.0008 0.0001 1.0000 0.4985 0.0335 0.0023 0.0002 1.0000 1.0000 0.0926 0.0062 0.0004 1.0000 1.0000 0.2557 0.0172 0.0012 0.0001 1.0000 0.7061 0.0475 0.0032 0.0002 1.0000 1.0000 0.1312 0.0088 0.0006 0.0000 1.0000 0.3622 0.0244 0.0016 0.0001 1.0000 1.0000 0.0676 0.0045 0.0003 1.0000 1.0000 0.1904 0.0130 0.0009
0.0131 0.1934 1.0000 1.0000 0.0003 0.0044 0.0655 0.9700 1.0000 0.0001 0.0016 0.0235 0.3493 1.0000 0.0000 0.0006 0.0085 0.1263 1.0000 1.0000 0.0002 0.0031 0.0457 0.6797 1.0000 0.0001 0.0011 0.0166 0.2462 1.0000 1.0000 0.0004 0.0060 0.0892 1.0000 1.0000 0.0001 0.0022 0.0323 0.4799 1.0000 0.0001 0.0008 0.0117 0.1738 1.0000 1.0000 0.0003 0.0040 0.0499 0.2606 0.0499 0.0040 0.0003 1.0000 1.0000 0.1738 0.0117 0.0008 0.0001 1.0000 0.4799 0.0323 0.0022 0.0001 1.0000 1.0000 0.0892 0.0060 0.0004 1.0000 1.0000 0.2462 0.0166 0.0011 0.0001 1.0000 0.6797 0.0457 0.0031 0.0002 1.0000 1.0000 0.1263 0.0085 0.0006 0.0000 1.0000 0.3493 0.0235 0.0016 0.0001 1.0000 0.9700 0.0655 0.0044 0.0003 1.0000 1.0000 0.1934 0.0131
0.1941 1.0000 1.0000 0.0003 0.0044 0.0643 0.9463 1.0000 0.0001 0.0015 0.0227 0.3369 1.0000 1.0000 0.0006 0.0082 0.1216 1.0000 1.0000 0.0002 0.0030 0.0440 0.6544 1.0000 0.0001 0.0011 0.0159 0.2370 1.0000 1.0000 0.0004 0.0058 0.0858 1.0000 1.0000 0.0001 0.0021 0.0311 0.4620 1.0000 0.0001 0.0008 0.0113 0.1673 1.0000 1.0000 0.0003 0.0040 0.0575 0.7142 1.0000 0.7142 0.0575 0.0040 0.0003 1.0000 1.0000 0.1673 0.0113 0.0008 0.0001 1.0000 0.4620 0.0311 0.0021 0.0001 1.0000 1.0000 0.0858 0.0058 0.0004 1.0000 1.0000 0.2370 0.0159 0.0011 0.0001 1.0000 0.6544 0.0440 0.0030 0.0002 1.0000 1.0000 0.1216 0.0082 0.0006 1.0000 1.0000 0.3369 0.0227 0.0015 0.0001 1.0000 0.9463 0.0643 0.0044 0.0003 1.0000 1.0000 0.1941
1.0000 1.0000 0.0003 0.0044 0.0643 0.9392 1.0000 0.0001 0.0015 0.0221 0.3268 1.0000 1.0000 0.0005 0.0079 0.1173 1.0000 1.0000 0.0002 0.0029 0.0424 0.6299 1.0000 0.0001 0.0010 0.0154 0.2282 1.0000 1.0000 0.0004 0.0056 0.0826 1.0000 1.0000 0.0001 0.0020 0.0299 0.4448 1.0000 0.0000 0.0007 0.0108 0.1611 1.0000 1.0000 0.0003 0.0039 0.0577 0.8221 1.0000 1.0000 1.0000 0.8221 0.0577 0.0039 0.0003 1.0000 1.0000 0.1611 0.0108 0.0007 0.0000 1.0000 0.4448 0.0299 0.0020 0.0001 1.0000 1.0000 0.0826 0.0056 0.0004 1.0000 1.0000 0.2282 0.0154 0.0010 0.0001 1.0000 0.6299 0.0424 0.0029 0.0002 1.0000 1.0000 0.1173 0.0079 0.0005 1.0000 1.0000 0.3268 0.0221 0.0015 0.0001 1.0000 0.9392 0.0643 0.0044 0.0003 1.0000 1.0000
1.0000 0.0003 0.0045 0.0655 0.9463 1.0000 0.0001 0.0015 0.0216 0.3189 1.0000 1.0000 0.0005 0.0076 0.1133 1.0000 1.0000 0.0002 0.0027 0.0408 0.6064 1.0000 0.0001 0.0010 0.0148 0.2196 1.0000 1.0000 0.0004 0.0054 0.0796 1.0000 1.0000 0.0001 0.0019 0.0288 0.4282 1.0000 0.0000 0.0007 0.0104 0.1551 1.0000 1.0000 0.0003 0.0038 0.0561 0.8252 1.0000 0.0001 0.0004 0.0001 1.0000 0.8252 0.0561 0.0038 0.0003 1.0000 1.0000 0.1551 0.0104 0.0007 0.0000 1.0000 0.4282 0.0288 0.0019 0.0001 1.0000 1.0000 0.0796 0.0054 0.0004 1.0000 1.0000 0.2196 0.0148 0.0010 0.0001 1.0000 0.6064 0.0408 0.0027 0.0002 1.0000 1.0000 0.1133 0.0076 0.0005 1.0000 1.0000 0.3189 0.0216 0.0015 0.0001 1.0000 0.9463 0.0655 0.0045 0.0003 1.0000
0.0003 0.0047 0.0676 0.9700 1.0000 0.0001 0.0015 0.0215 0.3146 1.0000 1.0000 0.0005 0.0074 0.1097 1.0000 1.0000 0.0002 0.0026 0.0394 0.5838 1.0000 0.0001 0.0010 0.0142 0.2114 1.0000 1.0000 0.0003 0.0052 0.0766 1.0000 1.0000 0.0001 0.0019 0.0277 0.4122 1.0000 0.0000 0.0007 0.0100 0.1493 1.0000 1.0000 0.0002 0.0036 0.0541 0.8020 1.0000 0.0001 0.0010 0.0055 0.0010 0.0001 1.0000 0.8020 0.0541 0.0036 0.0002 1.0000 1.0000 0.1493 0.0100 0.0007 0.0000 1.0000 0.4122 0.0277 0.0019 0.0001 1.0000 1.0000 0.0766 0.0052 0.0003 1.0000 1.0000 0.2114 0.0142 0.0010 0.0001 1.0000 0.5838 0.0394 0.0026 0.0002 1.0000 1.0000 0.1097 0.0074 0.0005 1.0000 1.0000 0.3146 0.0215 0.0015 0.0001 1.0000 0.9700 0.0676 0.0047 0.0003
0.0048 0.0699 1.0000 1.0000 0.0001 0.0015 0.0216 0.3146 1.0000 1.0000 0.0005 0.0073 0.1070 1.0000 1.0000 0.0002 0.0026 0.0380 0.5631 1.0000 0.0001 0.0009 0.0137 0.2036 1.0000 1.0000 0.0003 0.0050 0.0737 1.0000 1.0000 0.0001 0.0018 0.0267 0.3968 1.0000 0.0000 0.0007 0.0097 0.1437 1.0000 1.0000 0.0002 0.0035 0.0521 0.7736 1.0000 0.0001 0.0012 0.0150 0.0781 0.0150 0.0012 0.0001 1.0000 0.7736 0.0521 0.0035 0.0002 1.0000 1.0000 0.1437 0.0097 0.0007 0.0000 1.0000 0.3968 0.0267 0.0018 0.0001 1.0000 1.0000 0.0737 0.0050 0.0003 1.0000 1.0000 0.2036 0.0137 0.0009 0.0001 1.0000 0.5631 0.0380 0.0026 0.0002 1.0000 1.0000 0.1070 0.0073 0.0005 1.0000 1.0000 0.3146 0.0216 0.0015 0.0001 1.0000 1.0000 0.0699 0.0048
0.0707 1.0000 1.0000 0.0001 0.0015 0.0221 0.3189 1.0000 1.0000 0.0005 0.0072 0.1052 1.0000 1.0000 0.0002 0.0025 0.0368 0.5452 1.0000 0.0001 0.0009 0.0132 0.1960 1.0000 1.0000 0.0003 0.0048 0.0710 1.0000 1.0000 0.0001 0.0017 0.0257 0.3820 1.0000 0.0000 0.0006 0.0093 0.1384 1.0000 1.0000 0.0002 0.0034 0.0501 0.7447 1.0000 0.0001 0.0012 0.0172 0.2139 1.0000 0.2139 0.0172 0.0012 0.0001 1.0000 0.7447 0.0501 0.0034 0.0002 1.0000 1.0000 0.1384 0.0093 0.0006 0.0000 1.0000 0.3820 0.0257 0.0017 0.0001 1.0000 1.0000 0.0710 0.0048 0.0003 1.0000 1.0000 0.1960 0.0132 0.0009 0.0001 1.0000 0.5452 0.0368 0.0025 0.0002 1.0000 1.0000 0.1052 0.0072 0.0005 1.0000 1.0000 0.3189 0.0221 0.0015 0.0001 1.0000 1.0000 0.0707
1.0000 1.0000 0.0001 0.0016 0.0227 0.3268 1.0000 1.0000 0.0005 0.0072 0.1046 1.0000 1.0000 0.0002 0.0024 0.0359 0.5308 1.0000 0.0001 0.0009 0.0128 0.1890 1.0000 1.0000 0.0003 0.0046 0.0683 1.0000 1.0000 0.0001 0.0017 0.0247 0.3678 1.0000 0.0000 0.0006 0.0090 0.1332 1.0000 1.0000 0.0002 0.0032 0.0482 0.7169 1.0000 0.0001 0.0012 0.0173 0.2462 1.0000 1.0000 1.0000 0.2462 0.0173 0.0012 0.0001 1.0000 0.7169 0.0482 0.0032 0.0002 1.0000 1.0000 0.1332 0.0090 0.0006 0.0000 1.0000 0.3678 0.0247 0.0017 0.0001 1.0000 1.0000 0.0683 0.0046 0.0003 1.0000 1.0000 0.1890 0.0128 0.0009 0.0001 1.0000 0.5308 0.0359 0.0024 0.0002 1.0000 1.0000 0.1046 0.0072 0.0005 1.0000 1.0000 0.3268 0.0227 0.0016 0.0001 1.0000 1.0000
1.0000 0.0001 0.0016 0.0235 0.3369 1.0000 1.0000 0.0005 0.0073 0.1052 1.0000 1.0000 0.0002 0.0024 0.0352 0.5189 1.0000 0.0001 0.0008 0.0124 0.1830 1.0000 1.0000 0.0003 0.0044 0.0658 0.9774 1.0000 0.0001 0.0016 0.0238 0.3540 1.0000 0.0000 0.0006 0.0086 0.1282 1.0000 1.0000 0.0002 0.0031 0.0464 0.6901 1.0000 0.0001 0.0011 0.0168 0.2471 1.0000 1.0000 0.0001 1.0000 1.0000 0.2471 0.0168 0.0011 0.0001 1.0000 0.6901 0.0464 0.0031 0.0002 1.0000 1.0000 0.1282 0.0086 0.0006 0.0000 1.0000 0.3540 0.0238 0.0016 0.0001 1.0000 0.9774 0.0658 0.0044 0.0003 1.0000 1.0000 0.1830 0.0124 0.0008 0.0001 1.0000 0.5189 0.0352 0.0024 0.0002 1.0000 1.0000 0.1052 0.0073 0.0005 1.0000 1.0000 0.3369 0.0235 0.0016 0.0001 1.0000
0.0001 0.0017 0.0244 0.3493 1.0000 1.0000 0.0005 0.0074 0.1070 1.0000 1.0000 0.0002 0.0024 0.0348 0.5110 1.0000 0.0001 0.0008 0.0120 0.1778 1.0000 1.0000 0.0003 0.0043 0.0634 0.9427 1.0000 0.0001 0.0015 0.0229 0.3408 1.0000 1.0000 0.0006 0.0083 0.1234 1.0000 1.0000 0.0002 0.0030 0.0447 0.6644 1.0000 0.0001 0.0011 0.0162 0.2402 1.0000 1.0000 0.0003 0.0016 0.0003 1.0000 1.0000 0.2402 0.0162 0.0011 0.0001 1.0000 0.6644 0.0447 0.0030 0.0002 1.0000 1.0000 0.1234 0.0083 0.0006 1.0000 1.0000 0.3408 0.0229 0.0015 0.0001 1.0000 0.9427 0.0634 0.0043 0.0003 1.0000 1.0000 0.1778 0.0120 0.0008 0.0001 1.0000 0.5110 0.0348 0.0024 0.0002 1.0000 1.0000 0.1070 0.0074 0.0005 1.0000 1.0000 0.3493 0.0244 0.0017 0.0001
0.0017 0.0253 0.3622 1.0000 1.0000 0.0005 0.0076 0.1097 1.0000 1.0000 0.0002 0.0024 0.0348 0.5081 1.0000 0.0001 0.0008 0.0118 0.1735 1.0000 1.0000 0.0003 0.0041 0.0614 0.9110 1.0000 0.0001 0.0015 0.0221 0.3281 1.0000 1.0000 0.0005 0.0080 0.1188 1.0000 1.0000 0.0002 0.0029 0.0430 0.6396 1.0000 0.0001 0.0010 0.0156 0.2317 1.0000 1.0000 0.0004 0.0045 0.0234 0.0045 0.0004 1.0000 1.0000 0.2317 0.0156 0.0010 0.0001 1.0000 0.6396 0.0430 0.0029 0.0002 1.0000 1.0000 0.1188 0.0080 0.0005 1.0000 1.0000 0.3281 0.0221 0.0015 0.0001 1.0000 0.9110 0.0614 0.0041 0.0003 1.0000 1.0000 0.1735 0.0118 0.0008 0.0001 1.0000 0.5081 0.0348 0.0024 0.0002 1.0000 1.0000 0.1097 0.0076 0.0005 1.0000 1.0000 0.3622 0.0253 0.0017
0.0256 0.3762 1.0000 0.0000 0.0006 0.0079 0.1133 1.0000 1.0000 0.0002 0.0024 0.0352 0.5110 1.0000 0.0001 0.0008 0.0116 0.1706 1.0000 1.0000 0.0003 0.0040 0.0597 0.8837 1.0000 0.0001 0.0014 0.0213 0.3164 1.0000 1.0000 0.0005 0.0077 0.1144 1.0000 1.0000 0.0002 0.0028 0.0414 0.6157 1.0000 0.0001 0.0010 0.0150 0.2230 1.0000 1.0000 0.0004 0.0052 0.0640 0.3344 0.0640 0.0052 0.0004 1.0000 1.0000 0.2230 0.0150 0.0010 0.0001 1.0000 0.6157 0.0414 0.0028 0.0002 1.0000 1.0000 0.1144 0.0077 0.0005 1.0000 1.0000 0.3164 0.0213 0.0014 0.0001 1.0000 0.8837 0.0597 0.0040 0.0003 1.0000 1.0000 0.1706 0.0116 0.0008 0.0001 1.0000 0.5110 0.0352 0.0024 0.0002 1.0000 1.0000 0.1133 0.0079 0.0006 0.0000 1.0000 0.3762 0.0256
0.3806 1.0000 0.0000 0.0006 0.0082 0.1173 1.0000 1.0000 0.0002 0.0025 0.0359 0.5189 1.0000 0.0001 0.0008 0.0116 0.1689 1.0000 1.0000 0.0003 0.0039 0.0581 0.8589 1.0000 0.0001 0.0014 0.0206 0.3058 1.0000 1.0000 0.0005 0.0074 0.1101 1.0000 1.0000 0.0002 0.0027 0.0399 0.5927 1.0000 0.0001 0.0010 0.0144 0.2147 1.0000 1.0000 0.0004 0.0052 0.0737 0.9162 1.0000 0.9162 0.0737 0.0052 0.0004 1.0000 1.0000 0.2147 0.0144 0.0010 0.0001 1.0000 0.5927 0.0399 0.0027 0.0002 1.0000 1.0000 0.1101 0.0074 0.0005 1.0000 1.0000 0.3058 0.0206 0.0014 0.0001 1.0000 0.8589 0.0581 0.0039 0.0003 1.0000 1.0000 0.1689 0.0116 0.0008 0.0001 1.0000 0.5189 0.0359 0.0025 0.0002 1.0000 1.0000 0.1173 0.0082 0.0006 0.0000 1.0000 0.3806
1.0000 0.0000 0.0006 0.0085 0.1216 1.0000 1.0000 0.0002 0.0026 0.0368 0.5308 1.0000 0.0001 0.0008 0.0116 0.1689 1.0000 1.0000 0.0003 0.0039 0.0570 0.8395 1.0000 0.0001 0.0014 0.0200 0.2961 1.0000 1.0000 0.0005 0.0071 0.1060 1.0000 1.0000 0.0002 0.0026 0.0384 0.5706 1.0000 0.0001 0.0009 0.0139 0.2067 1.0000 1.0000 0.0003 0.0050 0.0740 1.0000 1.0000 1.0000 1.0000 1.0000 0.0740 0.0050 0.0003 1.0000 1.0000 0.2067 0.0139 0.0009 0.0001 1.0000 0.5706 0.0384 0.0026 0.0002 1.0000 1.0000 0.1060 0.0071 0.0005 1.0000 1.0000 0.2961 0.0200 0.0014 0.0001 1.0000 0.8395 0.0570 0.0039 0.0003 1.0000 1.0000 0.1689 0.0116 0.0008 0.0001 1.0000 0.5308 0.0368 0.0026 0.0002 1.0000 1.0000 0.1216 0.0085 0.0006 0.0000 1.0000
0.0000 0.0006 0.0088 0.1263 1.0000 1.0000 0.0002 0.0026 0.0380 0.5452 1.0000 0.0001 0.0008 0.0118 0.1706 1.0000 1.0000 0.0003 0.0038 0.0564 0.8268 1.0000 0.0001 0.0013 0.0195 0.2877 1.0000 1.0000 0.0005 0.0069 0.1023 1.0000 1.0000 0.0002 0.0025 0.0370 0.5493 1.0000 0.0001 0.0009 0.0134 0.1990 1.0000 1.0000 0.0003 0.0048 0.0719 1.0000 1.0000 0.0001 0.0005 0.0001 1.0000 1.0000 0.0719 0.0048 0.0003 1.0000 1.0000 0.1990 0.0134 0.0009 0.0001 1.0000 0.5493 0.0370 0.0025 0.0002 1.0000 1.0000 0.1023 0.0069 0.0005 1.0000 1.0000 0.2877 0.0195 0.0013 0.0001 1.0000 0.8268 0.0564 0.0038 0.0003 1.0000 1.0000 0.1706 0.0118 0.0008 0.0001 1.0000 0.5452 0.0380 0.0026 0.0002 1.0000 1.0000 0.1263 0.0088 0.0006 0.0000
0.0006 0.0092 0.1312 1.0000 1.0000 0.0002 0.0027 0.0394 0.5631 1.0000 0.0001 0.0008 0.0120 0.1735 1.0000 1.0000 0.0003 0.0038 0.0562 0.8205 1.0000 0.0001 0.0013 0.0190 0.2807 1.0000 1.0000 0.0005 0.0067 0.0990 1.0000 1.0000 0.0002 0.0024 0.0356 0.5288 1.0000 0.0001 0.0009 0.0129 0.1915 1.0000 1.0000 0.0003 0.0047 0.0694 1.0000 1.0000 0.0001 0.0013 0.0070 0.0013 0.0001 1.0000 1.0000 0.0694 0.0047 0.0003 1.0000 1.0000 0.1915 0.0129 0.0009 0.0001 1.0000 0.5288 0.0356 0.0024 0.0002 1.0000 1.0000 0.0990 0.0067 0.0005 1.0000 1.0000 0.2807 0.0190 0.0013 0.0001 1.0000 0.8205 0.0562 0.0038 0.0003 1.0000 1.0000 0.1735 0.0120 0.0008 0.0001 1.0000 0.5631 0.0394 0.0027 0.0002 1.0000 1.0000 0.1312 0.0092 0.0006
0.0093 0.1363 1.0000 1.0000 0.0002 0.0029 0.0408 0.5838 1.0000 0.0001 0.0009 0.0124 0.1778 1.0000 1.0000 0.0003 0.0039 0.0564 0.8205 1.0000 0.0001 0.0013 0.0187 0.2754 1.0000 1.0000 0.0004 0.0065 0.0962 1.0000 1.0000 0.0002 0.0023 0.0343 0.5101 1.0000 0.0001 0.0008 0.0124 0.1844 1.0000 1.0000 0.0003 0.0045 0.0668 0.9924 1.0000 0.0001 0.0015 0.0192 0.1001 0.0192 0.0015 0.0001 1.0000 0.9924 0.0668 0.0045 0.0003 1.0000 1.0000 0.1844 0.0124 0.0008 0.0001 1.0000 0.5101 0.0343 0.0023 0.0002 1.0000 1.0000 0.0962 0.0065 0.0004 1.0000 1.0000 0.2754 0.0187 0.0013 0.0001 1.0000 0.8205 0.0564 0.0039 0.0003 1.0000 1.0000 0.1778 0.0124 0.0009 0.0001 1.0000 0.5838 0.0408 0.0029 0.0002 1.0000 1.0000 0.1363 0.0093
0.1378 1.0000 1.0000 0.0002 0.0030 0.0424 0.6064 1.0000 0.0001 0.0009 0.0128 0.1830 1.0000 1.0000 0.0003 0.0039 0.0570 0.8268 1.0000 0.0001 0.0013 0.0186 0.2723 1.0000 1.0000 0.0004 0.0064 0.0939 1.0000 1.0000 0.0002 0.0022 0.0332 0.4929 1.0000 0.0001 0.0008 0.0119 0.1775 1.0000 1.0000 0.0003 0.0043 0.0643 0.9554 1.0000 0.0001 0.0015 0.0221 0.2744 1.0000 0.2744 0.0221 0.0015 0.0001 1.0000 0.9554 0.0643 0.0043 0.0003 1.0000 1.0000 0.1775 0.0119 0.0008 0.0001 1.0000 0.4929 0.0332 0.0022 0.0002 1.0000 1.0000 0.0939 0.0064 0.0004 1.0000 1.0000 0.2723 0.0186 0.0013 0.0001 1.0000 0.8268 0.0570 0.0039 0.0003 1.0000 1.0000 0.1830 0.0128 0.0009 0.0001 1.0000 0.6064 0.0424 0.0030 0.0002 1.0000 1.0000 0.1378
1.0000 1.0000 0.0002 0.0031 0.0440 0.6299 1.0000 0.0001 0.0009 0.0132 0.1890 1.0000 1.0000 0.0003 0.0040 0.0581 0.8395 1.0000 0.0001 0.0013 0.0186 0.2713 1.0000 1.0000 0.0004 0.0062 0.0919 1.0000 1.0000 0.0001 0.0022 0.0323 0.4781 1.0000 0.0001 0.0008 0.0115 0.1709 1.0000 1.0000 0.0003 0.0042 0.0619 0.9197 1.0000 0.0001 0.0015 0.0222 0.3158 1.0000 1.0000 1.0000 0.3158 0.0222 0.0015 0.0001 1.0000 0.9197 0.0619 0.0042 0.0003 1.0000 1.0000 0.1709 0.0115 0.0008 0.0001 1.0000 0.4781 0.0323 0.0022 0.0001 1.0000 1.0000 0.0919 0.0062 0.0004 1.0000 1.0000 0.2713 0.0186 0.0013 0.0001 1.0000 0.8395 0.0581 0.0040 0.0003 1.0000 1.0000 0.1890 0.0132 0.0009 0.0001 1.0000 0.6299 0.0440 0.0031 0.0002 1.0000 1.0000
1.0000 0.0002 0.0032 0.0457 0.6544 1.0000 0.0001 0.0010 0.0137 0.1960 1.0000 1.0000 0.0003 0.0041 0.0597 0.8589 1.0000 0.0001 0.0013 0.0187 0.2723 1.0000 1.0000 0.0004 0.0062 0.0905 1.0000 1.0000 0.0001 0.0021 0.0314 0.4647 1.0000 0.0001 0.0008 0.0111 0.1648 1.0000 1.0000 0.0003 0.0040 0.0596 0.8854 1.0000 0.0001 0.0015 0.0215 0.3171 1.0000 1.0000 0.0001 1.0000 1.0000 0.3171 0.0215 0.0015 0.0001 1.0000 0.8854 0.0596 0.0040 0.0003 1.0000 1.0000 0.1648 0.0111 0.0008 0.0001 1.0000 0.4647 0.0314 0.0021 0.0001 1.0000 1.0000 0.0905 0.0062 0.0004 1.0000 1.0000 0.2723 0.0187 0.0013 0.0001 1.0000 0.8589 0.0597 0.0041 0.0003 1.0000 1.0000 0.1960 0.0137 0.0010 0.0001 1.0000 0.6544 0.0457 0.0032 0.0002 1.0000
0.0002 0.0033 0.0475 0.6797 1.0000 0.0001 0.0010 0.0142 0.2036 1.0000 1.0000 0.0003 0.0043 0.0614 0.8837 1.0000 0.0001 0.0013 0.0190 0.2754 1.0000 1.0000 0.0004 0.0062 0.0899 1.0000 1.0000 0.0001 0.0021 0.0307 0.4533 1.0000 0.0000 0.0007 0.0108 0.1596 1.0000 1.0000 0.0003 0.0039 0.0574 0.8524 1.0000 0.0001 0.0014 0.0208 0.3081 1.0000 1.0000 0.0004 0.0021 0.0004 1.0000 1.0000 0.3081 0.0208 0.0014 0.0001 1.0000 0.8524 0.0574 0.0039 0.0003 1.0000 1.0000 0.1596 0.0108 0.0007 0.0000 1.0000 0.4533 0.0307 0.0021 0.0001 1.0000 1.0000 0.0899 0.0062 0.0004 1.0000 1.0000 0.2754 0.0190 0.0013 0.0001 1.0000 0.8837 0.0614 0.0043 0.0003 1.0000 1.0000 0.2036 0.0142 0.0010 0.0001 1.0000 0.6797 0.0475 0.0033 0.0002
0.0034 0.0494 0.7061 1.0000 0.0001 0.0010 0.0148 0.2114 1.0000 1.0000 0.0003 0.0044 0.0634 0.9110 1.0000 0.0001 0.0014 0.0195 0.2807 1.0000 1.0000 0.0004 0.0062 0.0899 1.0000 1.0000 0.0001 0.0021 0.0302 0.4439 1.0000 0.0000 0.0007 0.0105 0.1551 1.0000 1.0000 0.0003 0.0037 0.0553 0.8221 1.0000 0.0001 0.0013 0.0200 0.2972 1.0000 1.0000 0.0005 0.0057 0.0300 0.0057 0.0005 1.0000 1.0000 0.2972 0.0200 0.0013 0.0001 1.0000 0.8221 0.0553 0.0037 0.0003 1.0000 1.0000 0.1551 0.0105 0.0007 0.0000 1.0000 0.4439 0.0302 0.0021 0.0001 1.0000 1.0000 0.0899 0.0062 0.0004 1.0000 1.0000 0.2807 0.0195 0.0014 0.0001 1.0000 0.9110 0.0634 0.0044 0.0003 1.0000 1.0000 0.2114 0.0148 0.0010 0.0001 1.0000 0.7061 0.0494 0.0034
0.0499 0.7335 1.0000 0.0001 0.0011 0.0154 0.2196 1.0000 1.0000 0.0003 0.0046 0.0658 0.9427 1.0000 0.0001 0.0014 0.0200 0.2877 1.0000 1.0000 0.0004 0.0062 0.0905 1.0000 1.0000 0.0001 0.0020 0.0298 0.4372 1.0000 0.0000 0.0007 0.0103 0.1513 1.0000 1.0000 0.0002 0.0036 0.0536 0.7944 1.0000 0.0001 0.0013 0.0193 0.2861 1.0000 1.0000 0.0005 0.0066 0.0822 0.4290 0.0822 0.0066 0.0005 1.0000 1.0000 0.2861 0.0193 0.0013 0.0001 1.0000 0.7944 0.0536 0.0036 0.0002 1.0000 1.0000 0.1513 0.0103 0.0007 0.0000 1.0000 0.4372 0.0298 0.0020 0.0001 1.0000 1.0000 0.0905 0.0062 0.0004 1.0000 1.0000 0.2877 0.0200 0.0014 0.0001 1.0000 0.9427 0.0658 0.0046 0.0003 1.0000 1.0000 0.2196 0.0154 0.0011 0.0001 1.0000 0.7335 0.0499
0.7419 1.0000 0.0001 0.0011 0.0159 0.2282 1.0000 1.0000 0.0003 0.0048 0.0683 0.9774 1.0000 0.0001 0.0014 0.0206 0.2961 1.0000 1.0000 0.0004 0.0064 0.0919 1.0000 1.0000 0.0001 0.0020 0.0297 0.4339 1.0000 0.0000 0.0007 0.0101 0.1482 1.0000 1.0000 0.0002 0.0035 0.0521 0.7706 1.0000 0.0001 0.0012 0.0186 0.2754 1.0000 1.0000 0.0005 0.0066 0.0946 1.0000 1.0000 1.0000 0.0946 0.0066 0.0005 1.0000 1.0000 0.2754 0.0186 0.0012 0.0001 1.0000 0.7706 0.0521 0.0035 0.0002 1.0000 1.0000 0.1482 0.0101 0.0007 0.0000 1.0000 0.4339 0.0297 0.0020 0.0001 1.0000 1.0000 0.0919 0.0064 0.0004 1.0000 1.0000 0.2961 0.0206 0.0014 0.0001 1.0000 0.9774 0.0683 0.0048 0.0003 1.0000 1.0000 0.2282 0.0159 0.0011 0.0001 1.0000 0.7419
1.0000 0.0001 0.0012 0.0166 0.2370 1.0000 1.0000 0.0003 0.0050 0.0710 1.0000 1.0000 0.0001 0.0015 0.0213 0.3058 1.0000 1.0000 0.0005 0.0065 0.0939 1.0000 1.0000 0.0001 0.0021 0.0298 0.4339 1.0000 0.0000 0.0007 0.0099 0.1457 1.0000 1.0000 0.0002 0.0034 0.0507 0.7490 1.0000 0.0001 0.0012 0.0179 0.2657 1.0000 1.0000 0.0004 0.0065 0.0949 1.0000 1.0000 0.0000 1.0000 1.0000 0.0949 0.0065 0.0004 1.0000 1.0000 0.2657 0.0179 0.0012 0.0001 1.0000 0.7490 0.0507 0.0034 0.0002 1.0000 1.0000 0.1457 0.0099 0.0007 0.0000 1.0000 0.4339 0.0298 0.0021 0.0001 1.0000 1.0000 0.0939 0.0065 0.0005 1.0000 1.0000 0.3058 0.0213 0.0015 0.0001 1.0000 1.0000 0.0710 0.0050 0.0003 1.0000 1.0000 0.2370 0.0166 0.0012 0.0001 1.0000
0.0001 0.0012 0.0172 0.2462 1.0000 1.0000 0.0004 0.0052 0.0737 1.0000 1.0000 0.0001 0.0015 0.0221 0.3164 1.0000 1.0000 0.0005 0.0067 0.0962 1.0000 1.0000 0.0001 0.0021 0.0302 0.4372 1.0000 0.0000 0.0007 0.0098 0.1440 1.0000 1.0000 0.0002 0.0034 0.0495 0.7307 1.0000 0.0001 0.0012 0.0174 0.2572 1.0000 1.0000 0.0004 0.0062 0.0923 1.0000 1.0000 0.0001 0.0006 0.0001 1.0000 1.0000 0.0923 0.0062 0.0004 1.0000 1.0000 0.2572 0.0174 0.0012 0.0001 1.0000 0.7307 0.0495 0.0034 0.0002 1.0000 1.0000 0.1440 0.0098 0.0007 0.0000 1.0000 0.4372 0.0302 0.0021 0.0001 1.0000 1.0000 0.0962 0.0067 0.0005 1.0000 1.0000 0.3164 0.0221 0.0015 0.0001 1.0000 1.0000 0.0737 0.0052 0.0004 1.0000 1.0000 0.2462 0.0172 0.0012 0.0001
0.0012 0.0179 0.2557 1.0000 1.0000 0.0004 0.0054 0.0766 1.0000 1.0000 0.0001 0.0016 0.0229 0.3281 1.0000 1.0000 0.0005 0.0069 0.0990 1.0000 1.0000 0.0001 0.0021 0.0307 0.4439 1.0000 0.0000 0.0007 0.0098 0.1435 1.0000 1.0000 0.0002 0.0033 0.0486 0.7155 1.0000 0.0001 0.0011 0.0170 0.2500 1.0000 1.0000 0.0004 0.0060 0.0892 1.0000 1.0000 0.0001 0.0017 0.0090 0.0017 0.0001 1.0000 1.0000 0.0892 0.0060 0.0004 1.0000 1.0000 0.2500 0.0170 0.0011 0.0001 1.0000 0.7155 0.0486 0.0033 0.0002 1.0000 1.0000 0.1435 0.0098 0.0007 0.0000 1.0000 0.4439 0.0307 0.0021 0.0001 1.0000 1.0000 0.0990 0.0069 0.0005 1.0000 1.0000 0.3281 0.0229 0.0016 0.0001 1.0000 1.0000 0.0766 0.0054 0.0004 1.0000 1.0000 0.2557 0.0179 0.0012
0.0181 0.2657 1.0000 1.0000 0.0004 0.0056 0.0796 1.0000 1.0000 0.0001 0.0017 0.0238 0.3408 1.0000 1.0000 0.0005 0.0071 0.1023 1.0000 1.0000 0.0002 0.0022 0.0314 0.4533 1.0000 0.0000 0.0007 0.0099 0.1440 1.0000 1.0000 0.0002 0.0033 0.0479 0.7034 1.0000 0.0001 0.0011 0.0166 0.2439 1.0000 1.0000 0.0004 0.0058 0.0863 1.0000 1.0000 0.0001 0.0020 0.0246 0.1285 0.0246 0.0020 0.0001 1.0000 1.0000 0.0863 0.0058 0.0004 1.0000 1.0000 0.2439 0.0166 0.0011 0.0001 1.0000 0.7034 0.0479 0.0033 0.0002 1.0000 1.0000 0.1440 0.0099 0.0007 0.0000 1.0000 0.4533 0.0314 0.0022 0.0002 1.0000 1.0000 0.1023 0.0071 0.0005 1.0000 1.0000 0.3408 0.0238 0.0017 0.0001 1.0000 1.0000 0.0796 0.0056 0.0004 1.0000 1.0000 0.2657 0.0181
0.2687 1.0000 1.0000 0.0004 0.0058 0.0826 1.0000 1.0000 0.0001 0.0017 0.0247 0.3540 1.0000 1.0000 0.0005 0.0074 0.1060 1.0000 1.0000 0.0002 0.0022 0.0323 0.4647 1.0000 0.0000 0.0007 0.0101 0.1457 1.0000 1.0000 0.0002 0.0033 0.0475 0.6954 1.0000 0.0001 0.0011 0.0162 0.2388 1.0000 1.0000 0.0004 0.0057 0.0837 1.0000 1.0000 0.0001 0.0020 0.0283 0.3527 1.0000 0.3527 0.0283 0.0020 0.0001 1.0000 1.0000 0.0837 0.0057 0.0004 1.0000 1.0000 0.2388 0.0162 0.0011 0.0001 1.0000 0.6954 0.0475 0.0033 0.0002 1.0000 1.0000 0.1457 0.0101 0.0007 0.0000 1.0000 0.4647 0.0323 0.0022 0.0002 1.0000 1.0000 0.1060 0.0074 0.0005 1.0000 1.0000 0.3540 0.0247 0.0017 0.0001 1.0000 1.0000 0.0826 0.0058 0.0004 1.0000 1.0000 0.2687
1.0000 1.0000 0.0004 0.0060 0.0858 1.0000 1.0000 0.0001 0.0018 0.0257 0.3678 1.0000 1.0000 0.0005 0.0077 0.1101 1.0000 1.0000 0.0002 0.0023 0.0332 0.4781 1.0000 0.0000 0.0007 0.0103 0.1482 1.0000 1.0000 0.0002 0.0033 0.0475 0.6928 1.0000 0.0001 0.0011 0.0159 0.2348 1.0000 1.0000 0.0004 0.0055 0.0815 1.0000 1.0000 0.0001 0.0019 0.0286 0.4060 1.0000 1.0000 1.0000 0.4060 0.0286 0.0019 0.0001 1.0000 1.0000 0.0815 0.0055 0.0004 1.0000 1.0000 0.2348 0.0159 0.0011 0.0001 1.0000 0.6928 0.0475 0.0033 0.0002 1.0000 1.0000 0.1482 0.0103 0.0007 0.0000 1.0000 0.4781 0.0332 0.0023 0.0002 1.0000 1.0000 0.1101 0.0077 0.0005 1.0000 1.0000 0.3678 0.0257 0.0018 0.0001 1.0000 1.0000 0.0858 0.0060 0.0004 1.0000 1.0000
1.0000 0.0004 0.0062 0.0892 1.0000 1.0000 0.0001 0.0019 0.0267 0.3820 1.0000 0.0000 0.0006 0.0080 0.1144 1.0000 1.0000 0.0002 0.0024 0.0343 0.4929 1.0000 0.0001 0.0007 0.0105 0.1513 1.0000 1.0000 0.0002 0.0033 0.0479 0.6954 1.0000 0.0001 0.0011 0.0158 0.2312 1.0000 1.0000 0.0004 0.0054 0.0797 1.0000 1.0000 0.0001 0.0019 0.0280 0.4099 1.0000 1.0000 0.0002 1.0000 1.0000 0.4099 0.0280 0.0019 0.0001 1.0000 1.0000 0.0797 0.0054 0.0004 1.0000 1.0000 0.2312 0.0158 0.0011 0.0001 1.0000 0.6954 0.0479 0.0033 0.0002 1.0000 1.0000 0.1513 0.0105 0.0007 0.0001 1.0000 0.4929 0.0343 0.0024 0.0002 1.0000 1.0000 0.1144 0.0080 0.0006 0.0000 1.0000 0.3820 0.0267 0.0019 0.0001 1.0000 1.0000 0.0892 0.0062 0.0004 1.0000
0.0004 0.0065 0.0926 1.0000 1.0000 0.0001 0.0019 0.0277 0.3968 1.0000 0.0000 0.0006 0.0083 0.1188 1.0000 1.0000 0.0002 0.0025 0.0356 0.5101 1.0000 0.0001 0.0008 0.0108 0.1551 1.0000 1.0000 0.0002 0.0034 0.0486 0.7034 1.0000 0.0001 0.0011 0.0157 0.2295 1.0000 1.0000 0.0004 0.0053 0.0782 1.0000 1.0000 0.0001 0.0018 0.0273 0.4021 1.0000 0.0000 0.0005 0.0027 0.0005 0.0000 1.0000 0.4021 0.0273 0.0018 0.0001 1.0000 1.0000 0.0782 0.0053 0.0004 1.0000 1.0000 0.2295 0.0157 0.0011 0.0001 1.0000 0.7034 0.0486 0.0034 0.0002 1.0000 1.0000 0.1551 0.0108 0.0008 0.0001 1.0000 0.5101 0.0356 0.0025 0.0002 1.0000 1.0000 0.1188 0.0083 0.0006 0.0000 1.0000 0.3968 0.0277 0.0019 0.0001 1.0000 1.0000 0.0926 0.0065 0.0004
0.0065 0.0962 1.0000 1.0000 0.0001 0.0020 0.0288 0.4122 1.0000 0.0000 0.0006 0.0086 0.1234 1.0000 1.0000 0.0002 0.0026 0.0370 0.5288 1.0000 0.0001 0.0008 0.0111 0.1596 1.0000 1.0000 0.0002 0.0034 0.0495 0.7155 1.0000 0.0001 0.0011 0.0158 0.2295 1.0000 1.0000 0.0004 0.0052 0.0770 1.0000 1.0000 0.0001 0.0018 0.0267 0.3931 1.0000 0.0000 0.0006 0.0075 0.0388 0.0075 0.0006 0.0000 1.0000 0.3931 0.0267 0.0018 0.0001 1.0000 1.0000 0.0770 0.0052 0.0004 1.0000 1.0000 0.2295 0.0158 0.0011 0.0001 1.0000 0.7155 0.0495 0.0034 0.0002 1.0000 1.0000 0.1596 0.0111 0.0008 0.0001 1.0000 0.5288 0.0370 0.0026 0.0002 1.0000 1.0000 0.1234 0.0086 0.0006 0.0000 1.0000 0.4122 0.0288 0.0020 0.0001 1.0000 1.0000 0.0962 0.0065
0.0973 1.0000 1.0000 0.0001 0.0021 0.0299 0.4282 1.0000 0.0000 0.0006 0.0090 0.1282 1.0000 1.0000 0.0002 0.0027 0.0384 0.5493 1.0000 0.0001 0.0008 0.0115 0.1648 1.0000 1.0000 0.0002 0.0035 0.0507 0.7307 1.0000 0.0001 0.0011 0.0159 0.2312 1.0000 1.0000 0.0004 0.0052 0.0762 1.0000 1.0000 0.0001 0.0018 0.0261 0.3849 1.0000 0.0000 0.0006 0.0086 0.1070 0.5577 0.1070 0.0086 0.0006 0.0000 1.0000 0.3849 0.0261 0.0018 0.0001 1.0000 1.0000 0.0762 0.0052 0.0004 1.0000 1.0000 0.2312 0.0159 0.0011 0.0001 1.0000 0.7307 0.0507 0.0035 0.0002 1.0000 1.0000 0.1648 0.0115 0.0008 0.0001 1.0000 0.5493 0.0384 0.0027 0.0002 1.0000 1.0000 0.1282 0.0090 0.0006 0.0000 1.0000 0.4282 0.0299 0.0021 0.0001 1.0000 1.0000 0.0973
1.0000 1.0000 0.0002 0.0022 0.0311 0.4448 1.0000 0.0000 0.0007 0.0093 0.1332 1.0000 1.0000 0.0002 0.0028 0.0399 0.5706 1.0000 0.0001 0.0008 0.0119 0.1709 1.0000 1.0000 0.0003 0.0036 0.0521 0.7490 1.0000 0.0001 0.0011 0.0162 0.2348 1.0000 1.0000 0.0004 0.0052 0.0759 1.0000 1.0000 0.0001 0.0017 0.0257 0.3777 1.0000 0.0000 0.0006 0.0088 0.1244 1.0000 1.0000 1.0000 0.1244 0.0088 0.0006 0.0000 1.0000 0.3777 0.0257 0.0017 0.0001 1.0000 1.0000 0.0759 0.0052 0.0004 1.0000 1.0000 0.2348 0.0162 0.0011 0.0001 1.0000 0.7490 0.0521 0.0036 0.0003 1.0000 1.0000 0.1709 0.0119 0.0008 0.0001 1.0000 0.5706 0.0399 0.0028 0.0002 1.0000 1.0000 0.1332 0.0093 0.0007 0.0000 1.0000 0.4448 0.0311 0.0022 0.0002 1.0000 1.0000
1.0000 0.0002 0.0023 0.0323 0.4620 1.0000 0.0000 0.0007 0.0097 0.1384 1.0000 1.0000 0.0002 0.0029 0.0414 0.5927 1.0000 0.0001 0.0009 0.0124 0.1775 1.0000 1.0000 0.0003 0.0037 0.0536 0.7706 1.0000 0.0001 0.0011 0.0166 0.2388 1.0000 1.0000 0.0004 0.0052 0.0762 1.0000 1.0000 0.0001 0.0017 0.0253 0.3720 1.0000 0.0000 0.0006 0.0087 0.1268 1.0000 1.0000 0.0001 1.0000 1.0000 0.1268 0.0087 0.0006 0.0000 1.0000 0.3720 0.0253 0.0017 0.0001 1.0000 1.0000 0.0762 0.0052 0.0004 1.0000 1.0000 0.2388 0.0166 0.0011 0.0001 1.0000 0.7706 0.0536 0.0037 0.0003 1.0000 1.0000 0.1775 0.0124 0.0009 0.0001 1.0000 0.5927 0.0414 0.0029 0.0002 1.0000 1.0000 0.1384 0.0097 0.0007 0.0000 1.0000 0.4620 0.0323 0.0023 0.0002 1.0000
0.0002 0.0023 0.0335 0.4799 1.0000 0.0000 0.0007 0.0100 0.1437 1.0000 1.0000 0.0002 0.0030 0.0430 0.6157 1.0000 0.0001 0.0009 0.0129 0.1844 1.0000 1.0000 0.0003 0.0039 0.0553 0.7944 1.0000 0.0001 0.0012 0.0170 0.2439 1.0000 1.0000 0.0004 0.0053 0.0770 1.0000 1.0000 0.0001 0.0017 0.0251 0.3678 1.0000 0.0000 0.0006 0.0085 0.1256 1.0000 1.0000 0.0002 0.0008 0.0002 1.0000 1.0000 0.1256 0.0085 0.0006 0.0000 1.0000 0.3678 0.0251 0.0017 0.0001 1.0000 1.0000 0.0770 0.0053 0.0004 1.0000 1.0000 0.2439 0.0170 0.0012 0.0001 1.0000 0.7944 0.0553 0.0039 0.0003 1.0000 1.0000 0.1844 0.0129 0.0009 0.0001 1.0000 0.6157 0.0430 0.0030 0.0002 1.0000 1.0000 0.1437 0.0100 0.0007 0.0000 1.0000 0.4799 0.0335 0.0023 0.0002
0.0024 0.0349 0.4985 1.0000 0.0001 0.0007 0.0104 0.1493 1.0000 1.0000 0.0002 0.0031 0.0447 0.6396 1.0000 0.0001 0.0009 0.0134 0.1915 1.0000 1.0000 0.0003 0.0040 0.0574 0.8221 1.0000 0.0001 0.0012 0.0174 0.2500 1.0000 1.0000 0.0004 0.0054 0.0782 1.0000 1.0000 0.0001 0.0017 0.0251 0.3664 1.0000 0.0000 0.0006 0.0084 0.1239 1.0000 1.0000 0.0002 0.0023 0.0120 0.0023 0.0002 1.0000 1.0000 0.1239 0.0084 0.0006 0.0000 1.0000 0.3664 0.0251 0.0017 0.0001 1.0000 1.0000 0.0782 0.0054 0.0004 1.0000 1.0000 0.2500 0.0174 0.0012 0.0001 1.0000 0.8221 0.0574 0.0040 0.0003 1.0000 1.0000 0.1915 0.0134 0.0009 0.0001 1.0000 0.6396 0.0447 0.0031 0.0002 1.0000 1.0000 0.1493 0.0104 0.0007 0.0001 1.0000 0.4985 0.0349 0.0024
0.0353 0.5179 1.0000 0.0001 0.0008 0.0108 0.1551 1.0000 1.0000 0.0002 0.0032 0.0464 0.6644 1.0000 0.0001 0.0010 0.0139 0.1990 1.0000 1.0000 0.0003 0.0042 0.0596 0.8524 1.0000 0.0001 0.0012 0.0179 0.2572 1.0000 1.0000 0.0004 0.0055 0.0797 1.0000 1.0000 0.0001 0.0017 0.0253 0.3678 1.0000 0.0000 0.0006 0.0083 0.1223 1.0000 1.0000 0.0002 0.0027 0.0334 0.1735 0.0334 0.0027 0.0002 1.0000 1.0000 0.1223 0.0083 0.0006 0.0000 1.0000 0.3678 0.0253 0.0017 0.0001 1.0000 1.0000 0.0797 0.0055 0.0004 1.0000 1.0000 0.2572 0.0179 0.0012 0.0001 1.0000 0.8524 0.0596 0.0042 0.0003 1.0000 1.0000 0.1990 0.0139 0.0010 0.0001 1.0000 0.6644 0.0464 0.0032 0.0002 1.0000 1.0000 0.1551 0.0108 0.0008 0.0001 1.0000 0.5179 0.0353
0.5238 1.0000 0.0001 0.0008 0.0113 0.1611 1.0000 1.0000 0.0002 0.0034 0.0482 0.6901 1.0000 0.0001 0.0010 0.0144 0.2067 1.0000 1.0000 0.0003 0.0043 0.0619 0.8854 1.0000 0.0001 0.0013 0.0186 0.2657 1.0000 1.0000 0.0004 0.0057 0.0815 1.0000 1.0000 0.0001 0.0018 0.0257 0.3720 1.0000 0.0000 0.0006 0.0083 0.1213 1.0000 1.0000 0.0002 0.0028 0.0390 0.4818 1.0000 0.4818 0.0390 0.0028 0.0002 1.0000 1.0000 0.1213 0.0083 0.0006 0.0000 1.0000 0.3720 0.0257 0.0018 0.0001 1.0000 1.0000 0.0815 0.0057 0.0004 1.0000 1.0000 0.2657 0.0186 0.0013 0.0001 1.0000 0.8854 0.0619 0.0043 0.0003 1.0000 1.0000 0.2067 0.0144 0.0010 0.0001 1.0000 0.6901 0.0482 0.0034 0.0002 1.0000 1.0000 0.1611 0.0113 0.0008 0.0001 1.0000 0.5238
1.0000 0.0001 0.0008 0.0117 0.1673 1.0000 1.0000 0.0002 0.0035 0.0501 0.7169 1.0000 0.0001 0.0010 0.0150 0.2147 1.0000 1.0000 0.0003 0.0045 0.0643 0.9197 1.0000 0.0001 0.0013 0.0193 0.2754 1.0000 1.0000 0.0004 0.0058 0.0837 1.0000 1.0000 0.0001 0.0018 0.0261 0.3777 1.0000 0.0000 0.0006 0.0083 0.1213 1.0000 1.0000 0.0002 0.0028 0.0401 0.5652 1.0000 1.0000 1.0000 0.5652 0.0401 0.0028 0.0002 1.0000 1.0000 0.1213 0.0083 0.0006 0.0000 1.0000 0.3777 0.0261 0.0018 0.0001 1.0000 1.0000 0.0837 0.0058 0.0004 1.0000 1.0000 0.2754 0.0193 0.0013 0.0001 1.0000 0.9197 0.0643 0.0045 0.0003 1.0000 1.0000 0.2147 0.0150 0.0010 0.0001 1.0000 0.7169 0.0501 0.0035 0.0002 1.0000 1.0000 0.1673 0.0117 0.0008 0.0001 1.0000
0.0001 0.0008 0.0122 0.1738 1.0000 1.0000 0.0003 0.0036 0.0521 0.7447 1.0000 0.0001 0.0011 0.0156 0.2230 1.0000 1.0000 0.0003 0.0047 0.0668 0.9554 1.0000 0.0001 0.0014 0.0200 0.2861 1.0000 1.0000 0.0004 0.0060 0.0863 1.0000 1.0000 0.0001 0.0018 0.0267 0.3849 1.0000 0.0000 0.0006 0.0084 0.1223 1.0000 1.0000 0.0002 0.0028 0.0402 0.5816 1.0000 0.0001 0.0003 0.0001 1.0000 0.5816 0.0402 0.0028 0.0002 1.0000 1.0000 0.1223 0.0084 0.0006 0.0000 1.0000 0.3849 0.0267 0.0018 0.0001 1.0000 1.0000 0.0863 0.0060 0.0004 1.0000 1.0000 0.2861 0.0200 0.0014 0.0001 1.0000 0.9554 0.0668 0.0047 0.0003 1.0000 1.0000 0.2230 0.0156 0.0011 0.0001 1.0000 0.7447 0.0521 0.0036 0.0003 1.0000 1.0000 0.1738 0.0122 0.0008 0.0001
0.0009 0.0126 0.1806 1.0000 1.0000 0.0003 0.0038 0.0541 0.7736 1.0000 0.0001 0.0011 0.0162 0.2317 1.0000 1.0000 0.0003 0.0048 0.0694 0.9924 1.0000 0.0001 0.0015 0.0208 0.2972 1.0000 1.0000 0.0004 0.0062 0.0892 1.0000 1.0000 0.0001 0.0019 0.0273 0.3931 1.0000 0.0000 0.0006 0.0085 0.1239 1.0000 1.0000 0.0002 0.0028 0.0401 0.5849 1.0000 0.0001 0.0007 0.0038 0.0007 0.0001 1.0000 0.5849 0.0401 0.0028 0.0002 1.0000 1.0000 0.1239 0.0085 0.0006 0.0000 1.0000 0.3931 0.0273 0.0019 0.0001 1.0000 1.0000 0.0892 0.0062 0.0004 1.0000 1.0000 0.2972 0.0208 0.0015 0.0001 1.0000 0.9924 0.0694 0.0048 0.0003 1.0000 1.0000 0.2317 0.0162 0.0011 0.0001 1.0000 0.7736 0.0541 0.0038 0.0003 1.0000 1.0000 0.1806 0.0126 0.0009
0.0127 0.1872 1.0000 1.0000 0.0003 0.0039 0.0561 0.8020 1.0000 0.0001 0.0012 0.0168 0.2402 1.0000 1.0000 0.0004 0.0050 0.0719 1.0000 1.0000 0.0001 0.0015 0.0215 0.3081 1.0000 1.0000 0.0005 0.0065 0.0923 1.0000 1.0000 0.0001 0.0019 0.0280 0.4021 1.0000 0.0000 0.0006 0.0087 0.1256 1.0000 1.0000 0.0002 0.0028 0.0402 0.5849 1.0000 0.0001 0.0009 0.0106 0.0549 0.0106 0.0009 0.0001 1.0000 0.5849 0.0402 0.0028 0.0002 1.0000 1.0000 0.1256 0.0087 0.0006 0.0000 1.0000 0.4021 0.0280 0.0019 0.0001 1.0000 1.0000 0.0923 0.0065 0.0005 1.0000 1.0000 0.3081 0.0215 0.0015 0.0001 1.0000 1.0000 0.0719 0.0050 0.0004 1.0000 1.0000 0.2402 0.0168 0.0012 0.0001 1.0000 0.8020 0.0561 0.0039 0.0003 1.0000 1.0000 0.1872 0.0127
0.1872 1.0000 1.0000 0.0003 0.0040 0.0577 0.8252 1.0000 0.0001 0.0012 0.0173 0.2471 1.0000 1.0000 0.0004 0.0052 0.0740 1.0000 1.0000 0.0001 0.0015 0.0222 0.3171 1.0000 1.0000 0.0005 0.0066 0.0949 1.0000 1.0000 0.0001 0.0020 0.0286 0.4099 1.0000 0.0000 0.0006 0.0088 0.1268 1.0000 1.0000 0.0002 0.0028 0.0401 0.5816 1.0000 0.0001 0.0009 0.0124 0.1527 0.7914 0.1527 0.0124 0.0009 0.0001 1.0000 0.5816 0.0401 0.0028 0.0002 1.0000 1.0000 0.1268 0.0088 0.0006 0.0000 1.0000 0.4099 0.0286 0.0020 0.0001 1.0000 1.0000 0.0949 0.0066 0.0005 1.0000 1.0000 0.3171 0.0222 0.0015 0.0001 1.0000 1.0000 0.0740 0.0052 0.0004 1.0000 1.0000 0.2471 0.0173 0.0012 0.0001 1.0000 0.8252 0.0577 0.0040 0.0003 1.0000 1.0000 0.1872
1.0000 1.0000 0.0003 0.0040 0.0575 0.8221 1.0000 0.0001 0.0012 0.0172 0.2462 1.0000 1.0000 0.0004 0.0052 0.0737 1.0000 1.0000 0.0001 0.0015 0.0221 0.3158 1.0000 1.0000 0.0005 0.0066 0.0946 1.0000 1.0000 0.0001 0.0020 0.0283 0.4060 1.0000 0.0000 0.0006 0.0086 0.1244 1.0000 1.0000 0.0002 0.0027 0.0390 0.5652 1.0000 0.0001 0.0009 0.0124 0.1738 1.0000 1.0000 1.0000 0.1738 0.0124 0.0009 0.0001 1.0000 0.5652 0.0390 0.0027 0.0002 1.0000 1.0000 0.1244 0.0086 0.0006 0.0000 1.0000 0.4060 0.0283 0.0020 0.0001 1.0000 1.0000 0.0946 0.0066 0.0005 1.0000 1.0000 0.3158 0.0221 0.0015 0.0001 1.0000 1.0000 0.0737 0.0052 0.0004 1.0000 1.0000 0.2462 0.0172 0.0012 0.0001 1.0000 0.8221 0.0575 0.0040 0.0003 1.0000 1.0000
1.0000 0.0002 0.0035 0.0499 0.7142 1.0000 0.0001 0.0010 0.0150 0.2139 1.0000 1.0000 0.0003 0.0045 0.0640 0.9162 1.0000 0.0001 0.0013 0.0192 0.2744 1.0000 1.0000 0.0004 0.0057 0.0822 1.0000 1.0000 0.0001 0.0017 0.0246 0.3527 1.0000 1.0000 0.0005 0.0075 0.1070 1.0000 1.0000 0.0002 0.0023 0.0334 0.4818 1.0000 0.0001 0.0007 0.0106 0.1527 1.0000 1.0000 0.0001 1.0000 1.0000 0.1527 0.0106 0.0007 0.0001 1.0000 0.4818 0.0334 0.0023 0.0002 1.0000 1.0000 0.1070 0.0075 0.0005 1.0000 1.0000 0.3527 0.0246 0.0017 0.0001 1.0000 1.0000 0.0822 0.0057 0.0004 1.0000 1.0000 0.2744 0.0192 0.0013 0.0001 1.0000 0.9162 0.0640 0.0045 0.0003 1.0000 1.0000 0.2139 0.0150 0.0010 0.0001 1.0000 0.7142 0.0499 0.0035 0.0002 1.0000
0.0001 0.0013 0.0182 0.2606 1.0000 1.0000 0.0004 0.0055 0.0781 1.0000 1.0000 0.0001 0.0016 0.0234 0.3344 1.0000 1.0000 0.0005 0.0070 0.1001 1.0000 1.0000 0.0001 0.0021 0.0300 0.4290 1.0000 0.0000 0.0006 0.0090 0.1285 1.0000 1.0000 0.0002 0.0027 0.0388 0.5577 1.0000 0.0001 0.0008 0.0120 0.1735 1.0000 1.0000 0.0003 0.0038 0.0549 0.7914 1.0000 0.0001 0.0003 0.0001 1.0000 0.7914 0.0549 0.0038 0.0003 1.0000 1.0000 0.1735 0.0120 0.0008 0.0001 1.0000 0.5577 0.0388 0.0027 0.0002 1.0000 1.0000 0.1285 0.0090 0.0006 0.0000 1.0000 0.4290 0.0300 0.0021 0.0001 1.0000 1.0000 0.1001 0.0070 0.0005 1.0000 1.0000 0.3344 0.0234 0.0016 0.0001 1.0000 1.0000 0.0781 0.0055 0.0004 1.0000 1.0000 0.2606 0.0182 0.0013 0.0001
1.0000 0.0002 0.0035 0.0499 0.7142 1.0000 0.0001 0.0010 0.0150 0.2139 1.0000 1.0000 0.0003 0.0045 0.0640 0.9162 1.0000 0.0001 0.0013 0.0192 0.2744 1.0000 1.0000 0.0004 0.0057 0.0822 1.0000 1.0000 0.0001 0.0017 0.0246 0.3527 1.0000 1.0000 0.0005 0.0075 0.1070 1.0000 1.0000 0.0002 0.0023 0.0334 0.4818 1.0000 0.0001 0.0007 0.0106 0.1527 1.0000 1.0000 0.0001 1.0000 1.0000 0.1527 0.0106 0.0007 0.0001 1.0000 0.4818 0.0334 0.0023 0.0002 1.0000 1.0000 0.1070 0.0075 0.0005 1.0000 1.0000 0.3527 0.0246 0.0017 0.0001 1.0000 1.0000 0.0822 0.0057 0.0004 1.0000 1.0000 0.2744 0.0192 0.0013 0.0001 1.0000 0.9162 0.0640 0.0045 0.0003 1.0000 1.0000 0.2139 0.0150 0.0010 0.0001 1.0000 0.7142 0.0499 0.0035 0.0002 1.0000
1.0000 1.0000 0.0003 0.0040 0.0575 0.8221 1.0000 0.0001 0.0012 0.0172 0.2462 1.0000 1.0000 0.0004 0.0052 0.0737 1.0000 1.0000 0.0001 0.0015 0.0221 0.3158 1.0000 1.0000 0.0005 0.0066 0.0946 1.0000 1.0000 0.0001 0.0020 0.0283 0.4060 1.0000 0.0000 0.0006 0.0086 0.1244 1.0000 1.0000 0.0002 0.0027 0.0390 0.5652 1.0000 0.0001 0.0009 0.0124 0.1738 1.0000 1.0000 1.0000 0.1738 0.0124 0.0009 0.0001 1.0000 0.5652 0.0390 0.0027 0.0002 1.0000 1.0000 0.1244 0.0086 0.0006 0.0000 1.0000 0.4060 0.0283 0.0020 0.0001 1.0000 1.0000 0.0946 0.0066 0.0005 1.0000 1.0000 0.3158 0.0221 0.0015 0.0001 1.0000 1.0000 0.0737 0.0052 0.0004 1.0000 1.0000 0.2462 0.0172 0.0012 0.0001 1.0000 0.8221 0.0575 0.0040 0.0003 1.0000 1.0000
0.1872 1.0000 1.0000 0.0003 0.0040 0.0577 0.8252 1.0000 0.0001 0.0012 0.0173 0.2471 1.0000 1.0000 0.0004 0.0052 0.0740 1.0000 1.0000 0.0001 0.0015 0.0222 0.3171 1.0000 1.0000 0.0005 0.0066 0.0949 1.0000 1.0000 0.0001 0.0020 0.0286 0.4099 1.0000 0.0000 0.0006 0.0088 0.1268 1.0000 1.0000 0.0002 0.0028 0.0401 0.5816 1.0000 0.0001 0.0009 0.0124 0.1527 0.7914 0.1527 0.0124 0.0009 0.0001 1.0000 0.5816 0.0401 0.0028 0.0002 1.0000 1.0000 0.1268 0.0088 0.0006 0.0000 1.0000 0.4099 0.0286 0.0020 0.0001 1.0000 1.0000 0.0949 0.0066 0.0005 1.0000 1.0000 0.3171 0.0222 0.0015 0.0001 1.0000 1.0000 0.0740 0.0052 0.0004 1.0000 1.0000 0.2471 0.0173 0.0012 0.0001 1.0000 0.8252 0.0577 0.0040 0.0003 1.0000 1.0000 0.1872
0.0127 0.1872 1.0000 1.0000 0.0003 0.0039 0.0561 0.8020 1.0000 0.0001 0.0012 0.0168 0.2402 1.0000 1.0000 0.0004 0.0050 0.0719 1.0000 1.0000 0.0001 0.0015 0.0215 0.3081 1.0000 1.0000 0.0005 0.0065 0.0923 1.0000 1.0000 0.0001 0.0019 0.0280 0.4021 1.0000 0.0000 0.0006 0.0087 0.1256 1.0000 1.0000 0.0002 0.0028 0.0402 0.5849 1.0000 0.0001 0.0009 0.0106 0.0549 0.0106 0.0009 0.0001 1.0000 0.5849 0.0402 0.0028 0.0002 1.0000 1.0000 0.1256 0.0087 0.0006 0.0000 1.0000 0.4021 0.0280 0.0019 0.0001 1.0000 1.0000 0.0923 0.0065 0.0005 1.0000 1.0000 0.3081 0.0215 0.0015 0.0001 1.0000 1.0000 0.0719 0.0050 0.0004 1.0000 1.0000 0.2402 0.0168 0.0012 0.0001 1.0000 0.8020 0.0561 0.0039 0.0003 1.0000 1.0000 0.1872 0.0127
0.0009 0.0126 0.1806 1.0000 1.0000 0.0003 0.0038 0.0541 0.7736 1.0000 0.0001 0.0011 0.0162 0.2317 1.0000 1.0000 0.0003 0.0048 0.0694 0.9924 1.0000 0.0001 0.0015 0.0208 0.2972 1.0000 1.0000 0.0004 0.0062 0.0892 1.0000 1.0000 0.0001 0.0019 0.0273 0.3931 1.0000 0.0000 0.0006 0.0085 0.1239 1.0000 1.0000 0.0002 0.0028 0.0401 0.5849 1.0000 0.0001 0.0007 0.0038 0.0007 0.0001 1.0000 0.5849 0.0401 0.0028 0.0002 1.0000 1.0000 0.1239 0.0085 0.0006 0.0000 1.0000 0.3931 0.0273 0.0019 0.0001 1.0000 1.0000 0.0892 0.0062 0.0004 1.0000 1.0000 0.2972 0.0208 0.0015 0.0001 1.0000 0.9924 0.0694 0.0048 0.0003 1.0000 1.0000 0.2317 0.0162 0.0011 0.0001 1.0000 0.7736 0.0541 0.0038 0.0003 1.0000 1.0000 0.1806 0.0126 0.0009
