0.5046 0.2507 0.1393 0.1733 0.3020 0.5154 0.3840 0.1458 0.1521 0.2387 0.4542 0.4715 0.1758 0.1411 0.1942 0.3569 0.5131 0.2985 0.1401 0.1648 0.2781 0.5047 0.4196 0.1517 0.1472 0.2215 0.4203 0.4906 0.2066 0.1396 0.1826 0.3272 0.5173 0.3456 0.1423 0.1576 0.2564 0.4823 0.4492 0.1610 0.1435 0.2064 0.3865 0.5046 0.2526 0.1393 0.1726 0.2993 0.5137 0.4118 0.2006 0.4118 0.5137 0.2993 0.1726 0.1393 0.2526 0.5046 0.3865 0.2064 0.1435 0.1610 0.4492 0.4823 0.2564 0.1576 0.1423 0.3456 0.5173 0.3272 0.1826 0.1396 0.2066 0.4906 0.4203 0.2215 0.1472 0.1517 0.4196 0.5047 0.2781 0.1648 0.1401 0.2985 0.5131 0.3569 0.1942 0.1411 0.1758 0.4715 0.4542 0.2387 0.1521 0.1458 0.3840 0.5154 0.3020 0.1733 0.1393 0.2507 0.5046
0.2507 0.1350 0.1703 0.3003 0.5160 0.3865 0.1419 0.1485 0.2361 0.4533 0.4730 0.1743 0.1370 0.1913 0.3551 0.5140 0.3015 0.1359 0.1615 0.2757 0.5048 0.4218 0.1482 0.1435 0.2188 0.4191 0.4919 0.2077 0.1354 0.1795 0.3252 0.5180 0.3485 0.1382 0.1541 0.2539 0.4818 0.4511 0.1582 0.1396 0.2035 0.3849 0.5057 0.2552 0.1350 0.1694 0.2980 0.5152 0.3954 0.1459 0.1345 0.1459 0.3954 0.5152 0.2980 0.1694 0.1350 0.2552 0.5057 0.3849 0.2035 0.1396 0.1582 0.4511 0.4818 0.2539 0.1541 0.1382 0.3485 0.5180 0.3252 0.1795 0.1354 0.2077 0.4919 0.4191 0.2188 0.1435 0.1482 0.4218 0.5048 0.2757 0.1615 0.1359 0.3015 0.5140 0.3551 0.1913 0.1370 0.1743 0.4730 0.4533 0.2361 0.1485 0.1419 0.3865 0.5160 0.3003 0.1703 0.1350 0.2507
0.1393 0.1703 0.2993 0.5155 0.3898 0.1424 0.1479 0.2342 0.4497 0.4753 0.1770 0.1368 0.1899 0.3517 0.5147 0.3069 0.1361 0.1606 0.2732 0.5028 0.4253 0.1490 0.1430 0.2170 0.4153 0.4936 0.2124 0.1352 0.1784 0.3221 0.5181 0.3533 0.1386 0.1534 0.2517 0.4787 0.4539 0.1596 0.1393 0.2020 0.3813 0.5069 0.2608 0.1350 0.1684 0.2953 0.5146 0.3950 0.1437 0.1434 0.1780 0.1434 0.1437 0.3950 0.5146 0.2953 0.1684 0.1350 0.2608 0.5069 0.3813 0.2020 0.1393 0.1596 0.4539 0.4787 0.2517 0.1534 0.1386 0.3533 0.5181 0.3221 0.1784 0.1352 0.2124 0.4936 0.4153 0.2170 0.1430 0.1490 0.4253 0.5028 0.2732 0.1606 0.1361 0.3069 0.5147 0.3517 0.1899 0.1368 0.1770 0.4753 0.4497 0.2342 0.1479 0.1424 0.3898 0.5155 0.2993 0.1703 0.1393
0.1733 0.3003 0.5155 0.3911 0.1427 0.1475 0.2326 0.4466 0.4774 0.1797 0.1366 0.1886 0.3484 0.5153 0.3122 0.1363 0.1598 0.2708 0.5007 0.4287 0.1500 0.1425 0.2153 0.4115 0.4953 0.2173 0.1352 0.1772 0.3190 0.5181 0.3580 0.1390 0.1527 0.2495 0.4754 0.4567 0.1612 0.1389 0.2005 0.3777 0.5080 0.2663 0.1351 0.1674 0.2926 0.5137 0.3980 0.1437 0.1459 0.2184 0.3220 0.2184 0.1459 0.1437 0.3980 0.5137 0.2926 0.1674 0.1351 0.2663 0.5080 0.3777 0.2005 0.1389 0.1612 0.4567 0.4754 0.2495 0.1527 0.1390 0.3580 0.5181 0.3190 0.1772 0.1352 0.2173 0.4953 0.4115 0.2153 0.1425 0.1500 0.4287 0.5007 0.2708 0.1598 0.1363 0.3122 0.5153 0.3484 0.1886 0.1366 0.1797 0.4774 0.4466 0.2326 0.1475 0.1427 0.3911 0.5155 0.3003 0.1733
0.3020 0.5160 0.3898 0.1427 0.1474 0.2317 0.4443 0.4790 0.1823 0.1364 0.1874 0.3454 0.5159 0.3173 0.1365 0.1589 0.2683 0.4985 0.4320 0.1509 0.1421 0.2136 0.4078 0.4969 0.2223 0.1351 0.1761 0.3160 0.5180 0.3627 0.1394 0.1520 0.2473 0.4722 0.4594 0.1629 0.1386 0.1990 0.3741 0.5091 0.2719 0.1352 0.1665 0.2899 0.5127 0.4017 0.1442 0.1461 0.2259 0.4161 0.5171 0.4161 0.2259 0.1461 0.1442 0.4017 0.5127 0.2899 0.1665 0.1352 0.2719 0.5091 0.3741 0.1990 0.1386 0.1629 0.4594 0.4722 0.2473 0.1520 0.1394 0.3627 0.5180 0.3160 0.1761 0.1351 0.2223 0.4969 0.4078 0.2136 0.1421 0.1509 0.4320 0.4985 0.2683 0.1589 0.1365 0.3173 0.5159 0.3454 0.1874 0.1364 0.1823 0.4790 0.4443 0.2317 0.1474 0.1427 0.3898 0.5160 0.3020
0.5154 0.3865 0.1424 0.1475 0.2317 0.4435 0.4798 0.1841 0.1362 0.1864 0.3426 0.5163 0.3220 0.1367 0.1581 0.2659 0.4961 0.4353 0.1519 0.1417 0.2119 0.4040 0.4985 0.2275 0.1350 0.1749 0.3130 0.5178 0.3672 0.1398 0.1513 0.2452 0.4688 0.4621 0.1647 0.1383 0.1975 0.3705 0.5101 0.2774 0.1353 0.1655 0.2872 0.5115 0.4056 0.1448 0.1457 0.2262 0.4302 0.4943 0.3623 0.4943 0.4302 0.2262 0.1457 0.1448 0.4056 0.5115 0.2872 0.1655 0.1353 0.2774 0.5101 0.3705 0.1975 0.1383 0.1647 0.4621 0.4688 0.2452 0.1513 0.1398 0.3672 0.5178 0.3130 0.1749 0.1350 0.2275 0.4985 0.4040 0.2119 0.1417 0.1519 0.4353 0.4961 0.2659 0.1581 0.1367 0.3220 0.5163 0.3426 0.1864 0.1362 0.1841 0.4798 0.4435 0.2317 0.1475 0.1424 0.3865 0.5154
0.3840 0.1419 0.1479 0.2326 0.4443 0.4798 0.1847 0.1362 0.1858 0.3405 0.5167 0.3261 0.1369 0.1574 0.2638 0.4937 0.4384 0.1530 0.1412 0.2102 0.4003 0.5000 0.2327 0.1350 0.1738 0.3100 0.5176 0.3717 0.1402 0.1506 0.2430 0.4653 0.4647 0.1666 0.1380 0.1960 0.3670 0.5111 0.2829 0.1354 0.1646 0.2845 0.5103 0.4094 0.1455 0.1452 0.2248 0.4307 0.4881 0.2213 0.1383 0.2213 0.4881 0.4307 0.2248 0.1452 0.1455 0.4094 0.5103 0.2845 0.1646 0.1354 0.2829 0.5111 0.3670 0.1960 0.1380 0.1666 0.4647 0.4653 0.2430 0.1506 0.1402 0.3717 0.5176 0.3100 0.1738 0.1350 0.2327 0.5000 0.4003 0.2102 0.1412 0.1530 0.4384 0.4937 0.2638 0.1574 0.1369 0.3261 0.5167 0.3405 0.1858 0.1362 0.1847 0.4798 0.4443 0.2326 0.1479 0.1419 0.3840
0.1458 0.1485 0.2342 0.4466 0.4790 0.1841 0.1362 0.1855 0.3394 0.5169 0.3292 0.1371 0.1568 0.2619 0.4915 0.4412 0.1540 0.1409 0.2086 0.3966 0.5015 0.2381 0.1350 0.1728 0.3071 0.5172 0.3762 0.1407 0.1500 0.2410 0.4618 0.4672 0.1686 0.1377 0.1946 0.3635 0.5120 0.2884 0.1355 0.1636 0.2819 0.5088 0.4131 0.1463 0.1447 0.2231 0.4279 0.4880 0.2032 0.1345 0.1493 0.1345 0.2032 0.4880 0.4279 0.2231 0.1447 0.1463 0.4131 0.5088 0.2819 0.1636 0.1355 0.2884 0.5120 0.3635 0.1946 0.1377 0.1686 0.4672 0.4618 0.2410 0.1500 0.1407 0.3762 0.5172 0.3071 0.1728 0.1350 0.2381 0.5015 0.3966 0.2086 0.1409 0.1540 0.4412 0.4915 0.2619 0.1568 0.1371 0.3292 0.5169 0.3394 0.1855 0.1362 0.1841 0.4790 0.4466 0.2342 0.1485 0.1458
0.1521 0.2361 0.4497 0.4774 0.1823 0.1362 0.1858 0.3394 0.5169 0.3309 0.1372 0.1564 0.2603 0.4895 0.4436 0.1550 0.1405 0.2071 0.3931 0.5028 0.2433 0.1350 0.1717 0.3042 0.5168 0.3805 0.1412 0.1493 0.2389 0.4583 0.4697 0.1709 0.1374 0.1932 0.3600 0.5129 0.2939 0.1357 0.1627 0.2793 0.5072 0.4168 0.1470 0.1442 0.2213 0.4243 0.4894 0.2027 0.1352 0.1733 0.2396 0.1733 0.1352 0.2027 0.4894 0.4243 0.2213 0.1442 0.1470 0.4168 0.5072 0.2793 0.1627 0.1357 0.2939 0.5129 0.3600 0.1932 0.1374 0.1709 0.4697 0.4583 0.2389 0.1493 0.1412 0.3805 0.5168 0.3042 0.1717 0.1350 0.2433 0.5028 0.3931 0.2071 0.1405 0.1550 0.4436 0.4895 0.2603 0.1564 0.1372 0.3309 0.5169 0.3394 0.1858 0.1362 0.1823 0.4774 0.4497 0.2361 0.1521
0.2387 0.4533 0.4753 0.1797 0.1364 0.1864 0.3405 0.5169 0.3309 0.1373 0.1561 0.2592 0.4879 0.4456 0.1559 0.1402 0.2058 0.3899 0.5040 0.2483 0.1350 0.1707 0.3014 0.5162 0.3848 0.1417 0.1487 0.2369 0.4547 0.4721 0.1733 0.1371 0.1918 0.3565 0.5137 0.2993 0.1358 0.1618 0.2768 0.5055 0.4204 0.1478 0.1437 0.2195 0.4206 0.4912 0.2061 0.1353 0.1782 0.3076 0.4591 0.3076 0.1782 0.1353 0.2061 0.4912 0.4206 0.2195 0.1437 0.1478 0.4204 0.5055 0.2768 0.1618 0.1358 0.2993 0.5137 0.3565 0.1918 0.1371 0.1733 0.4721 0.4547 0.2369 0.1487 0.1417 0.3848 0.5162 0.3014 0.1707 0.1350 0.2483 0.5040 0.3899 0.2058 0.1402 0.1559 0.4456 0.4879 0.2592 0.1561 0.1373 0.3309 0.5169 0.3405 0.1864 0.1364 0.1797 0.4753 0.4533 0.2387
0.4542 0.4730 0.1770 0.1366 0.1874 0.3426 0.5167 0.3292 0.1372 0.1561 0.2589 0.4870 0.4469 0.1566 0.1400 0.2048 0.3872 0.5050 0.2530 0.1350 0.1697 0.2987 0.5156 0.3889 0.1423 0.1481 0.2349 0.4511 0.4744 0.1759 0.1369 0.1904 0.3531 0.5144 0.3047 0.1360 0.1610 0.2742 0.5036 0.4239 0.1487 0.1432 0.2177 0.4168 0.4929 0.2105 0.1353 0.1784 0.3189 0.5162 0.4709 0.5162 0.3189 0.1784 0.1353 0.2105 0.4929 0.4168 0.2177 0.1432 0.1487 0.4239 0.5036 0.2742 0.1610 0.1360 0.3047 0.5144 0.3531 0.1904 0.1369 0.1759 0.4744 0.4511 0.2349 0.1481 0.1423 0.3889 0.5156 0.2987 0.1697 0.1350 0.2530 0.5050 0.3872 0.2048 0.1400 0.1566 0.4469 0.4870 0.2589 0.1561 0.1372 0.3292 0.5167 0.3426 0.1874 0.1366 0.1770 0.4730 0.4542
0.4715 0.1743 0.1368 0.1886 0.3454 0.5163 0.3261 0.1371 0.1564 0.2592 0.4870 0.4473 0.1570 0.1398 0.2039 0.3850 0.5059 0.2571 0.1350 0.1689 0.2963 0.5149 0.3927 0.1428 0.1475 0.2329 0.4474 0.4767 0.1788 0.1366 0.1891 0.3497 0.5151 0.3101 0.1362 0.1601 0.2717 0.5016 0.4273 0.1496 0.1427 0.2160 0.4130 0.4946 0.2153 0.1352 0.1776 0.3193 0.5178 0.3841 0.1749 0.3841 0.5178 0.3193 0.1776 0.1352 0.2153 0.4946 0.4130 0.2160 0.1427 0.1496 0.4273 0.5016 0.2717 0.1601 0.1362 0.3101 0.5151 0.3497 0.1891 0.1366 0.1788 0.4767 0.4474 0.2329 0.1475 0.1428 0.3927 0.5149 0.2963 0.1689 0.1350 0.2571 0.5059 0.3850 0.2039 0.1398 0.1570 0.4473 0.4870 0.2592 0.1564 0.1371 0.3261 0.5163 0.3454 0.1886 0.1368 0.1743 0.4715
0.1758 0.1370 0.1899 0.3484 0.5159 0.3220 0.1369 0.1568 0.2603 0.4879 0.4469 0.1570 0.1398 0.2035 0.3835 0.5065 0.2604 0.1351 0.1682 0.2942 0.5142 0.3961 0.1433 0.1470 0.2310 0.4438 0.4789 0.1818 0.1364 0.1878 0.3464 0.5157 0.3154 0.1364 0.1593 0.2693 0.4994 0.4307 0.1505 0.1423 0.2142 0.4093 0.4963 0.2203 0.1351 0.1765 0.3170 0.5179 0.3673 0.1416 0.1357 0.1416 0.3673 0.5179 0.3170 0.1765 0.1351 0.2203 0.4963 0.4093 0.2142 0.1423 0.1505 0.4307 0.4994 0.2693 0.1593 0.1364 0.3154 0.5157 0.3464 0.1878 0.1364 0.1818 0.4789 0.4438 0.2310 0.1470 0.1433 0.3961 0.5142 0.2942 0.1682 0.1351 0.2604 0.5065 0.3835 0.2035 0.1398 0.1570 0.4469 0.4879 0.2603 0.1568 0.1369 0.3220 0.5159 0.3484 0.1899 0.1370 0.1758
0.1411 0.1913 0.3517 0.5153 0.3173 0.1367 0.1574 0.2619 0.4895 0.4456 0.1566 0.1398 0.2035 0.3830 0.5068 0.2625 0.1351 0.1676 0.2924 0.5135 0.3991 0.1438 0.1465 0.2294 0.4404 0.4810 0.1850 0.1362 0.1865 0.3430 0.5162 0.3206 0.1366 0.1584 0.2669 0.4971 0.4340 0.1515 0.1418 0.2125 0.4055 0.4979 0.2254 0.1351 0.1754 0.3142 0.5179 0.3668 0.1401 0.1469 0.1862 0.1469 0.1401 0.3668 0.5179 0.3142 0.1754 0.1351 0.2254 0.4979 0.4055 0.2125 0.1418 0.1515 0.4340 0.4971 0.2669 0.1584 0.1366 0.3206 0.5162 0.3430 0.1865 0.1362 0.1850 0.4810 0.4404 0.2294 0.1465 0.1438 0.3991 0.5135 0.2924 0.1676 0.1351 0.2625 0.5068 0.3830 0.2035 0.1398 0.1566 0.4456 0.4895 0.2619 0.1574 0.1367 0.3173 0.5153 0.3517 0.1913 0.1411
0.1942 0.3551 0.5147 0.3122 0.1365 0.1581 0.2638 0.4915 0.4436 0.1559 0.1400 0.2039 0.3835 0.5068 0.2632 0.1351 0.1672 0.2912 0.5130 0.4015 0.1443 0.1461 0.2279 0.4374 0.4827 0.1882 0.1360 0.1852 0.3398 0.5167 0.3258 0.1369 0.1576 0.2645 0.4946 0.4372 0.1526 0.1414 0.2109 0.4018 0.4994 0.2306 0.1350 0.1743 0.3112 0.5177 0.3702 0.1402 0.1498 0.2307 0.3431 0.2307 0.1498 0.1402 0.3702 0.5177 0.3112 0.1743 0.1350 0.2306 0.4994 0.4018 0.2109 0.1414 0.1526 0.4372 0.4946 0.2645 0.1576 0.1369 0.3258 0.5167 0.3398 0.1852 0.1360 0.1882 0.4827 0.4374 0.2279 0.1461 0.1443 0.4015 0.5130 0.2912 0.1672 0.1351 0.2632 0.5068 0.3835 0.2039 0.1400 0.1559 0.4436 0.4915 0.2638 0.1581 0.1365 0.3122 0.5147 0.3551 0.1942
0.3569 0.5140 0.3069 0.1363 0.1589 0.2659 0.4937 0.4412 0.1550 0.1402 0.2048 0.3850 0.5065 0.2625 0.1351 0.1671 0.2905 0.5126 0.4033 0.1446 0.1458 0.2266 0.4347 0.4843 0.1912 0.1359 0.1841 0.3369 0.5171 0.3308 0.1371 0.1568 0.2621 0.4920 0.4404 0.1537 0.1410 0.2092 0.3980 0.5009 0.2359 0.1350 0.1732 0.3083 0.5174 0.3744 0.1405 0.1500 0.2387 0.4407 0.5155 0.4407 0.2387 0.1500 0.1405 0.3744 0.5174 0.3083 0.1732 0.1350 0.2359 0.5009 0.3980 0.2092 0.1410 0.1537 0.4404 0.4920 0.2621 0.1568 0.1371 0.3308 0.5171 0.3369 0.1841 0.1359 0.1912 0.4843 0.4347 0.2266 0.1458 0.1446 0.4033 0.5126 0.2905 0.1671 0.1351 0.2625 0.5065 0.3850 0.2048 0.1402 0.1550 0.4412 0.4937 0.2659 0.1589 0.1363 0.3069 0.5140 0.3569
0.5131 0.3015 0.1361 0.1598 0.2683 0.4961 0.4384 0.1540 0.1405 0.2058 0.3872 0.5059 0.2604 0.1351 0.1672 0.2905 0.5125 0.4042 0.1448 0.1456 0.2257 0.4325 0.4856 0.1939 0.1358 0.1831 0.3342 0.5174 0.3353 0.1374 0.1561 0.2598 0.4893 0.4435 0.1549 0.1406 0.2076 0.3943 0.5023 0.2413 0.1350 0.1721 0.3054 0.5169 0.3788 0.1410 0.1496 0.2391 0.4545 0.4821 0.3307 0.4821 0.4545 0.2391 0.1496 0.1410 0.3788 0.5169 0.3054 0.1721 0.1350 0.2413 0.5023 0.3943 0.2076 0.1406 0.1549 0.4435 0.4893 0.2598 0.1561 0.1374 0.3353 0.5174 0.3342 0.1831 0.1358 0.1939 0.4856 0.4325 0.2257 0.1456 0.1448 0.4042 0.5125 0.2905 0.1672 0.1351 0.2604 0.5059 0.3872 0.2058 0.1405 0.1540 0.4384 0.4961 0.2683 0.1598 0.1361 0.3015 0.5131
0.2985 0.1359 0.1606 0.2708 0.4985 0.4353 0.1530 0.1409 0.2071 0.3899 0.5050 0.2571 0.1351 0.1676 0.2912 0.5126 0.4042 0.1449 0.1454 0.2251 0.4310 0.4866 0.1962 0.1357 0.1823 0.3318 0.5176 0.3393 0.1377 0.1554 0.2576 0.4865 0.4464 0.1561 0.1402 0.2060 0.3906 0.5037 0.2467 0.1350 0.1711 0.3025 0.5164 0.3831 0.1415 0.1490 0.2376 0.4550 0.4744 0.1915 0.1360 0.1915 0.4744 0.4550 0.2376 0.1490 0.1415 0.3831 0.5164 0.3025 0.1711 0.1350 0.2467 0.5037 0.3906 0.2060 0.1402 0.1561 0.4464 0.4865 0.2576 0.1554 0.1377 0.3393 0.5176 0.3318 0.1823 0.1357 0.1962 0.4866 0.4310 0.2251 0.1454 0.1449 0.4042 0.5126 0.2912 0.1676 0.1351 0.2571 0.5050 0.3899 0.2071 0.1409 0.1530 0.4353 0.4985 0.2708 0.1606 0.1359 0.2985
0.1401 0.1615 0.2732 0.5007 0.4320 0.1519 0.1412 0.2086 0.3931 0.5040 0.2530 0.1350 0.1682 0.2924 0.5130 0.4033 0.1448 0.1454 0.2249 0.4302 0.4871 0.1979 0.1356 0.1816 0.3298 0.5178 0.3429 0.1379 0.1548 0.2556 0.4839 0.4492 0.1573 0.1398 0.2044 0.3869 0.5050 0.2522 0.1350 0.1700 0.2997 0.5158 0.3873 0.1420 0.1484 0.2356 0.4523 0.4742 0.1787 0.1352 0.1538 0.1352 0.1787 0.4742 0.4523 0.2356 0.1484 0.1420 0.3873 0.5158 0.2997 0.1700 0.1350 0.2522 0.5050 0.3869 0.2044 0.1398 0.1573 0.4492 0.4839 0.2556 0.1548 0.1379 0.3429 0.5178 0.3298 0.1816 0.1356 0.1979 0.4871 0.4302 0.2249 0.1454 0.1448 0.4033 0.5130 0.2924 0.1682 0.1350 0.2530 0.5040 0.3931 0.2086 0.1412 0.1519 0.4320 0.5007 0.2732 0.1615 0.1401
0.1648 0.2757 0.5028 0.4287 0.1509 0.1417 0.2102 0.3966 0.5028 0.2483 0.1350 0.1689 0.2942 0.5135 0.4015 0.1446 0.1456 0.2251 0.4302 0.4873 0.1988 0.1356 0.1811 0.3282 0.5179 0.3460 0.1381 0.1542 0.2539 0.4814 0.4516 0.1586 0.1395 0.2029 0.3834 0.5062 0.2577 0.1350 0.1690 0.2969 0.5151 0.3915 0.1426 0.1478 0.2337 0.4488 0.4759 0.1785 0.1363 0.1809 0.2540 0.1809 0.1363 0.1785 0.4759 0.4488 0.2337 0.1478 0.1426 0.3915 0.5151 0.2969 0.1690 0.1350 0.2577 0.5062 0.3834 0.2029 0.1395 0.1586 0.4516 0.4814 0.2539 0.1542 0.1381 0.3460 0.5179 0.3282 0.1811 0.1356 0.1988 0.4873 0.4302 0.2251 0.1456 0.1446 0.4015 0.5135 0.2942 0.1689 0.1350 0.2483 0.5028 0.3966 0.2102 0.1417 0.1509 0.4287 0.5028 0.2757 0.1648
0.2781 0.5048 0.4253 0.1500 0.1421 0.2119 0.4003 0.5015 0.2433 0.1350 0.1697 0.2963 0.5142 0.3991 0.1443 0.1458 0.2257 0.4310 0.4871 0.1988 0.1355 0.1808 0.3273 0.5179 0.3484 0.1383 0.1538 0.2525 0.4792 0.4537 0.1597 0.1392 0.2016 0.3801 0.5073 0.2631 0.1351 0.1680 0.2941 0.5143 0.3955 0.1432 0.1472 0.2317 0.4452 0.4781 0.1807 0.1364 0.1863 0.3276 0.4810 0.3276 0.1863 0.1364 0.1807 0.4781 0.4452 0.2317 0.1472 0.1432 0.3955 0.5143 0.2941 0.1680 0.1351 0.2631 0.5073 0.3801 0.2016 0.1392 0.1597 0.4537 0.4792 0.2525 0.1538 0.1383 0.3484 0.5179 0.3273 0.1808 0.1355 0.1988 0.4871 0.4310 0.2257 0.1458 0.1443 0.3991 0.5142 0.2963 0.1697 0.1350 0.2433 0.5015 0.4003 0.2119 0.1421 0.1500 0.4253 0.5048 0.2781
0.5047 0.4218 0.1490 0.1425 0.2136 0.4040 0.5000 0.2381 0.1350 0.1707 0.2987 0.5149 0.3961 0.1438 0.1461 0.2266 0.4325 0.4866 0.1979 0.1356 0.1808 0.3269 0.5180 0.3499 0.1385 0.1534 0.2513 0.4773 0.4556 0.1608 0.1390 0.2005 0.3772 0.5083 0.2681 0.1351 0.1670 0.2914 0.5133 0.3995 0.1438 0.1466 0.2298 0.4415 0.4802 0.1838 0.1363 0.1865 0.3396 0.5173 0.4541 0.5173 0.3396 0.1865 0.1363 0.1838 0.4802 0.4415 0.2298 0.1466 0.1438 0.3995 0.5133 0.2914 0.1670 0.1351 0.2681 0.5083 0.3772 0.2005 0.1390 0.1608 0.4556 0.4773 0.2513 0.1534 0.1385 0.3499 0.5180 0.3269 0.1808 0.1356 0.1979 0.4866 0.4325 0.2266 0.1461 0.1438 0.3961 0.5149 0.2987 0.1707 0.1350 0.2381 0.5000 0.4040 0.2136 0.1425 0.1490 0.4218 0.5047
0.4196 0.1482 0.1430 0.2153 0.4078 0.4985 0.2327 0.1350 0.1717 0.3014 0.5156 0.3927 0.1433 0.1465 0.2279 0.4347 0.4856 0.1962 0.1356 0.1811 0.3273 0.5180 0.3504 0.1385 0.1532 0.2504 0.4758 0.4571 0.1618 0.1387 0.1994 0.3746 0.5091 0.2726 0.1352 0.1662 0.2888 0.5122 0.4034 0.1445 0.1460 0.2278 0.4377 0.4823 0.1872 0.1361 0.1856 0.3400 0.5169 0.3546 0.1606 0.3546 0.5169 0.3400 0.1856 0.1361 0.1872 0.4823 0.4377 0.2278 0.1460 0.1445 0.4034 0.5122 0.2888 0.1662 0.1352 0.2726 0.5091 0.3746 0.1994 0.1387 0.1618 0.4571 0.4758 0.2504 0.1532 0.1385 0.3504 0.5180 0.3273 0.1811 0.1356 0.1962 0.4856 0.4347 0.2279 0.1465 0.1433 0.3927 0.5156 0.3014 0.1717 0.1350 0.2327 0.4985 0.4078 0.2153 0.1430 0.1482 0.4196
0.1517 0.1435 0.2170 0.4115 0.4969 0.2275 0.1350 0.1728 0.3042 0.5162 0.3889 0.1428 0.1470 0.2294 0.4374 0.4843 0.1939 0.1357 0.1816 0.3282 0.5179 0.3499 0.1385 0.1531 0.2499 0.4748 0.4582 0.1626 0.1386 0.1985 0.3723 0.5098 0.2764 0.1353 0.1654 0.2865 0.5112 0.4069 0.1451 0.1455 0.2260 0.4340 0.4844 0.1909 0.1359 0.1844 0.3376 0.5170 0.3360 0.1385 0.1374 0.1385 0.3360 0.5170 0.3376 0.1844 0.1359 0.1909 0.4844 0.4340 0.2260 0.1455 0.1451 0.4069 0.5112 0.2865 0.1654 0.1353 0.2764 0.5098 0.3723 0.1985 0.1386 0.1626 0.4582 0.4748 0.2499 0.1531 0.1385 0.3499 0.5179 0.3282 0.1816 0.1357 0.1939 0.4843 0.4374 0.2294 0.1470 0.1428 0.3889 0.5162 0.3042 0.1728 0.1350 0.2275 0.4969 0.4115 0.2170 0.1435 0.1517
0.1472 0.2188 0.4153 0.4953 0.2223 0.1350 0.1738 0.3071 0.5168 0.3848 0.1423 0.1475 0.2310 0.4404 0.4827 0.1912 0.1358 0.1823 0.3298 0.5179 0.3484 0.1385 0.1532 0.2499 0.4745 0.4587 0.1631 0.1384 0.1978 0.3704 0.5104 0.2799 0.1353 0.1647 0.2845 0.5101 0.4101 0.1457 0.1450 0.2242 0.4303 0.4864 0.1948 0.1357 0.1831 0.3345 0.5173 0.3355 0.1376 0.1511 0.1952 0.1511 0.1376 0.3355 0.5173 0.3345 0.1831 0.1357 0.1948 0.4864 0.4303 0.2242 0.1450 0.1457 0.4101 0.5101 0.2845 0.1647 0.1353 0.2799 0.5104 0.3704 0.1978 0.1384 0.1631 0.4587 0.4745 0.2499 0.1532 0.1385 0.3484 0.5179 0.3298 0.1823 0.1358 0.1912 0.4827 0.4404 0.2310 0.1475 0.1423 0.3848 0.5168 0.3071 0.1738 0.1350 0.2223 0.4953 0.4153 0.2188 0.1472
0.2215 0.4191 0.4936 0.2173 0.1351 0.1749 0.3100 0.5172 0.3805 0.1417 0.1481 0.2329 0.4438 0.4810 0.1882 0.1359 0.1831 0.3318 0.5178 0.3460 0.1383 0.1534 0.2504 0.4748 0.4587 0.1633 0.1384 0.1974 0.3689 0.5109 0.2829 0.1354 0.1642 0.2828 0.5091 0.4129 0.1463 0.1446 0.2226 0.4269 0.4882 0.1989 0.1356 0.1819 0.3313 0.5176 0.3392 0.1377 0.1543 0.2441 0.3657 0.2441 0.1543 0.1377 0.3392 0.5176 0.3313 0.1819 0.1356 0.1989 0.4882 0.4269 0.2226 0.1446 0.1463 0.4129 0.5091 0.2828 0.1642 0.1354 0.2829 0.5109 0.3689 0.1974 0.1384 0.1633 0.4587 0.4748 0.2504 0.1534 0.1383 0.3460 0.5178 0.3318 0.1831 0.1359 0.1882 0.4810 0.4438 0.2329 0.1481 0.1417 0.3805 0.5172 0.3100 0.1749 0.1351 0.2173 0.4936 0.4191 0.2215
0.4203 0.4919 0.2124 0.1352 0.1761 0.3130 0.5176 0.3762 0.1412 0.1487 0.2349 0.4474 0.4789 0.1850 0.1360 0.1841 0.3342 0.5176 0.3429 0.1381 0.1538 0.2513 0.4758 0.4582 0.1631 0.1384 0.1972 0.3682 0.5112 0.2851 0.1355 0.1637 0.2814 0.5082 0.4153 0.1469 0.1442 0.2212 0.4239 0.4898 0.2028 0.1355 0.1807 0.3282 0.5178 0.3439 0.1379 0.1545 0.2528 0.4644 0.5110 0.4644 0.2528 0.1545 0.1379 0.3439 0.5178 0.3282 0.1807 0.1355 0.2028 0.4898 0.4239 0.2212 0.1442 0.1469 0.4153 0.5082 0.2814 0.1637 0.1355 0.2851 0.5112 0.3682 0.1972 0.1384 0.1631 0.4582 0.4758 0.2513 0.1538 0.1381 0.3429 0.5176 0.3342 0.1841 0.1360 0.1850 0.4789 0.4474 0.2349 0.1487 0.1412 0.3762 0.5176 0.3130 0.1761 0.1352 0.2124 0.4919 0.4203
0.4906 0.2077 0.1352 0.1772 0.3160 0.5178 0.3717 0.1407 0.1493 0.2369 0.4511 0.4767 0.1818 0.1362 0.1852 0.3369 0.5174 0.3393 0.1379 0.1542 0.2525 0.4773 0.4571 0.1626 0.1384 0.1974 0.3682 0.5113 0.2862 0.1355 0.1633 0.2802 0.5074 0.4173 0.1473 0.1439 0.2200 0.4212 0.4911 0.2064 0.1354 0.1796 0.3252 0.5180 0.3487 0.1383 0.1540 0.2531 0.4770 0.4674 0.2963 0.4674 0.4770 0.2531 0.1540 0.1383 0.3487 0.5180 0.3252 0.1796 0.1354 0.2064 0.4911 0.4212 0.2200 0.1439 0.1473 0.4173 0.5074 0.2802 0.1633 0.1355 0.2862 0.5113 0.3682 0.1974 0.1384 0.1626 0.4571 0.4773 0.2525 0.1542 0.1379 0.3393 0.5174 0.3369 0.1852 0.1362 0.1818 0.4767 0.4511 0.2369 0.1493 0.1407 0.3717 0.5178 0.3160 0.1772 0.1352 0.2077 0.4906
0.2066 0.1354 0.1784 0.3190 0.5180 0.3672 0.1402 0.1500 0.2389 0.4547 0.4744 0.1788 0.1364 0.1865 0.3398 0.5171 0.3353 0.1377 0.1548 0.2539 0.4792 0.4556 0.1618 0.1386 0.1978 0.3689 0.5112 0.2862 0.1355 0.1631 0.2795 0.5067 0.4189 0.1477 0.1436 0.2189 0.4187 0.4924 0.2097 0.1353 0.1787 0.3226 0.5181 0.3532 0.1386 0.1534 0.2515 0.4775 0.4580 0.1712 0.1347 0.1712 0.4580 0.4775 0.2515 0.1534 0.1386 0.3532 0.5181 0.3226 0.1787 0.1353 0.2097 0.4924 0.4187 0.2189 0.1436 0.1477 0.4189 0.5067 0.2795 0.1631 0.1355 0.2862 0.5112 0.3689 0.1978 0.1386 0.1618 0.4556 0.4792 0.2539 0.1548 0.1377 0.3353 0.5171 0.3398 0.1865 0.1364 0.1788 0.4744 0.4547 0.2389 0.1500 0.1402 0.3672 0.5180 0.3190 0.1784 0.1354 0.2066
0.1396 0.1795 0.3221 0.5181 0.3627 0.1398 0.1506 0.2410 0.4583 0.4721 0.1759 0.1366 0.1878 0.3430 0.5167 0.3308 0.1374 0.1554 0.2556 0.4814 0.4537 0.1608 0.1387 0.1985 0.3704 0.5109 0.2851 0.1355 0.1631 0.2792 0.5064 0.4200 0.1480 0.1434 0.2180 0.4167 0.4934 0.2126 0.1352 0.1779 0.3203 0.5181 0.3573 0.1389 0.1527 0.2495 0.4752 0.4577 0.1636 0.1365 0.1591 0.1365 0.1636 0.4577 0.4752 0.2495 0.1527 0.1389 0.3573 0.5181 0.3203 0.1779 0.1352 0.2126 0.4934 0.4167 0.2180 0.1434 0.1480 0.4200 0.5064 0.2792 0.1631 0.1355 0.2851 0.5109 0.3704 0.1985 0.1387 0.1608 0.4537 0.4814 0.2556 0.1554 0.1374 0.3308 0.5167 0.3430 0.1878 0.1366 0.1759 0.4721 0.4583 0.2410 0.1506 0.1398 0.3627 0.5181 0.3221 0.1795 0.1396
0.1826 0.3252 0.5181 0.3580 0.1394 0.1513 0.2430 0.4618 0.4697 0.1733 0.1369 0.1891 0.3464 0.5162 0.3258 0.1371 0.1561 0.2576 0.4839 0.4516 0.1597 0.1390 0.1994 0.3723 0.5104 0.2829 0.1355 0.1633 0.2795 0.5064 0.4203 0.1482 0.1433 0.2174 0.4150 0.4943 0.2153 0.1352 0.1772 0.3183 0.5180 0.3608 0.1393 0.1521 0.2476 0.4724 0.4596 0.1634 0.1380 0.1893 0.2697 0.1893 0.1380 0.1634 0.4596 0.4724 0.2476 0.1521 0.1393 0.3608 0.5180 0.3183 0.1772 0.1352 0.2153 0.4943 0.4150 0.2174 0.1433 0.1482 0.4203 0.5064 0.2795 0.1633 0.1355 0.2829 0.5104 0.3723 0.1994 0.1390 0.1597 0.4516 0.4839 0.2576 0.1561 0.1371 0.3258 0.5162 0.3464 0.1891 0.1369 0.1733 0.4697 0.4618 0.2430 0.1513 0.1394 0.3580 0.5181 0.3252 0.1826
0.3272 0.5180 0.3533 0.1390 0.1520 0.2452 0.4653 0.4672 0.1709 0.1371 0.1904 0.3497 0.5157 0.3206 0.1369 0.1568 0.2598 0.4865 0.4492 0.1586 0.1392 0.2005 0.3746 0.5098 0.2799 0.1354 0.1637 0.2802 0.5067 0.4200 0.1482 0.1432 0.2170 0.4138 0.4949 0.2175 0.1351 0.1766 0.3166 0.5180 0.3638 0.1396 0.1516 0.2459 0.4696 0.4617 0.1646 0.1381 0.1952 0.3491 0.4987 0.3491 0.1952 0.1381 0.1646 0.4617 0.4696 0.2459 0.1516 0.1396 0.3638 0.5180 0.3166 0.1766 0.1351 0.2175 0.4949 0.4138 0.2170 0.1432 0.1482 0.4200 0.5067 0.2802 0.1637 0.1354 0.2799 0.5098 0.3746 0.2005 0.1392 0.1586 0.4492 0.4865 0.2598 0.1568 0.1369 0.3206 0.5157 0.3497 0.1904 0.1371 0.1709 0.4672 0.4653 0.2452 0.1520 0.1390 0.3533 0.5180 0.3272
0.5173 0.3485 0.1386 0.1527 0.2473 0.4688 0.4647 0.1686 0.1374 0.1918 0.3531 0.5151 0.3154 0.1366 0.1576 0.2621 0.4893 0.4464 0.1573 0.1395 0.2016 0.3772 0.5091 0.2764 0.1353 0.1642 0.2814 0.5074 0.4189 0.1480 0.1433 0.2170 0.4134 0.4952 0.2190 0.1351 0.1761 0.3152 0.5179 0.3663 0.1398 0.1512 0.2444 0.4671 0.4637 0.1660 0.1380 0.1957 0.3620 0.5150 0.4343 0.5150 0.3620 0.1957 0.1380 0.1660 0.4637 0.4671 0.2444 0.1512 0.1398 0.3663 0.5179 0.3152 0.1761 0.1351 0.2190 0.4952 0.4134 0.2170 0.1433 0.1480 0.4189 0.5074 0.2814 0.1642 0.1353 0.2764 0.5091 0.3772 0.2016 0.1395 0.1573 0.4464 0.4893 0.2621 0.1576 0.1366 0.3154 0.5151 0.3531 0.1918 0.1374 0.1686 0.4647 0.4688 0.2473 0.1527 0.1386 0.3485 0.5173
0.3456 0.1382 0.1534 0.2495 0.4722 0.4621 0.1666 0.1377 0.1932 0.3565 0.5144 0.3101 0.1364 0.1584 0.2645 0.4920 0.4435 0.1561 0.1398 0.2029 0.3801 0.5083 0.2726 0.1353 0.1647 0.2828 0.5082 0.4173 0.1477 0.1434 0.2174 0.4138 0.4952 0.2195 0.1351 0.1757 0.3141 0.5178 0.3683 0.1400 0.1508 0.2431 0.4649 0.4655 0.1675 0.1378 0.1949 0.3629 0.5130 0.3214 0.1514 0.3214 0.5130 0.3629 0.1949 0.1378 0.1675 0.4655 0.4649 0.2431 0.1508 0.1400 0.3683 0.5178 0.3141 0.1757 0.1351 0.2195 0.4952 0.4138 0.2174 0.1434 0.1477 0.4173 0.5082 0.2828 0.1647 0.1353 0.2726 0.5083 0.3801 0.2029 0.1398 0.1561 0.4435 0.4920 0.2645 0.1584 0.1364 0.3101 0.5144 0.3565 0.1932 0.1377 0.1666 0.4621 0.4722 0.2495 0.1534 0.1382 0.3456
0.1423 0.1541 0.2517 0.4754 0.4594 0.1647 0.1380 0.1946 0.3600 0.5137 0.3047 0.1362 0.1593 0.2669 0.4946 0.4404 0.1549 0.1402 0.2044 0.3834 0.5073 0.2681 0.1352 0.1654 0.2845 0.5091 0.4153 0.1473 0.1436 0.2180 0.4150 0.4949 0.2190 0.1351 0.1756 0.3135 0.5178 0.3699 0.1402 0.1505 0.2421 0.4629 0.4670 0.1688 0.1376 0.1940 0.3612 0.5129 0.3006 0.1363 0.1397 0.1363 0.3006 0.5129 0.3612 0.1940 0.1376 0.1688 0.4670 0.4629 0.2421 0.1505 0.1402 0.3699 0.5178 0.3135 0.1756 0.1351 0.2190 0.4949 0.4150 0.2180 0.1436 0.1473 0.4153 0.5091 0.2845 0.1654 0.1352 0.2681 0.5073 0.3834 0.2044 0.1402 0.1549 0.4404 0.4946 0.2669 0.1593 0.1362 0.3047 0.5137 0.3600 0.1946 0.1380 0.1647 0.4594 0.4754 0.2517 0.1541 0.1423
0.1576 0.2539 0.4787 0.4567 0.1629 0.1383 0.1960 0.3635 0.5129 0.2993 0.1360 0.1601 0.2693 0.4971 0.4372 0.1537 0.1406 0.2060 0.3869 0.5062 0.2631 0.1351 0.1662 0.2865 0.5101 0.4129 0.1469 0.1439 0.2189 0.4167 0.4943 0.2175 0.1351 0.1757 0.3135 0.5177 0.3708 0.1403 0.1503 0.2412 0.4614 0.4683 0.1701 0.1374 0.1931 0.3591 0.5133 0.2988 0.1359 0.1561 0.2057 0.1561 0.1359 0.2988 0.5133 0.3591 0.1931 0.1374 0.1701 0.4683 0.4614 0.2412 0.1503 0.1403 0.3708 0.5177 0.3135 0.1757 0.1351 0.2175 0.4943 0.4167 0.2189 0.1439 0.1469 0.4129 0.5101 0.2865 0.1662 0.1351 0.2631 0.5062 0.3869 0.2060 0.1406 0.1537 0.4372 0.4971 0.2693 0.1601 0.1360 0.2993 0.5129 0.3635 0.1960 0.1383 0.1629 0.4567 0.4787 0.2539 0.1576
0.2564 0.4818 0.4539 0.1612 0.1386 0.1975 0.3670 0.5120 0.2939 0.1358 0.1610 0.2717 0.4994 0.4340 0.1526 0.1410 0.2076 0.3906 0.5050 0.2577 0.1351 0.1670 0.2888 0.5112 0.4101 0.1463 0.1442 0.2200 0.4187 0.4934 0.2153 0.1351 0.1761 0.3141 0.5178 0.3708 0.1404 0.1502 0.2407 0.4601 0.4692 0.1711 0.1373 0.1924 0.3571 0.5137 0.3009 0.1359 0.1599 0.2597 0.3910 0.2597 0.1599 0.1359 0.3009 0.5137 0.3571 0.1924 0.1373 0.1711 0.4692 0.4601 0.2407 0.1502 0.1404 0.3708 0.5178 0.3141 0.1761 0.1351 0.2153 0.4934 0.4187 0.2200 0.1442 0.1463 0.4101 0.5112 0.2888 0.1670 0.1351 0.2577 0.5050 0.3906 0.2076 0.1410 0.1526 0.4340 0.4994 0.2717 0.1610 0.1358 0.2939 0.5120 0.3670 0.1975 0.1386 0.1612 0.4539 0.4818 0.2564
0.4823 0.4511 0.1596 0.1389 0.1990 0.3705 0.5111 0.2884 0.1357 0.1618 0.2742 0.5016 0.4307 0.1515 0.1414 0.2092 0.3943 0.5037 0.2522 0.1350 0.1680 0.2914 0.5122 0.4069 0.1457 0.1446 0.2212 0.4212 0.4924 0.2126 0.1352 0.1766 0.3152 0.5178 0.3699 0.1403 0.1502 0.2405 0.4594 0.4699 0.1719 0.1372 0.1918 0.3554 0.5141 0.3036 0.1360 0.1604 0.2696 0.4871 0.5034 0.4871 0.2696 0.1604 0.1360 0.3036 0.5141 0.3554 0.1918 0.1372 0.1719 0.4699 0.4594 0.2405 0.1502 0.1403 0.3699 0.5178 0.3152 0.1766 0.1352 0.2126 0.4924 0.4212 0.2212 0.1446 0.1457 0.4069 0.5122 0.2914 0.1680 0.1350 0.2522 0.5037 0.3943 0.2092 0.1414 0.1515 0.4307 0.5016 0.2742 0.1618 0.1357 0.2884 0.5111 0.3705 0.1990 0.1389 0.1596 0.4511 0.4823
0.4492 0.1582 0.1393 0.2005 0.3741 0.5101 0.2829 0.1355 0.1627 0.2768 0.5036 0.4273 0.1505 0.1418 0.2109 0.3980 0.5023 0.2467 0.1350 0.1690 0.2941 0.5133 0.4034 0.1451 0.1450 0.2226 0.4239 0.4911 0.2097 0.1352 0.1772 0.3166 0.5179 0.3683 0.1402 0.1503 0.2407 0.4594 0.4702 0.1724 0.1371 0.1913 0.3541 0.5144 0.3062 0.1361 0.1602 0.2709 0.4978 0.4478 0.2563 0.4478 0.4978 0.2709 0.1602 0.1361 0.3062 0.5144 0.3541 0.1913 0.1371 0.1724 0.4702 0.4594 0.2407 0.1503 0.1402 0.3683 0.5179 0.3166 0.1772 0.1352 0.2097 0.4911 0.4239 0.2226 0.1450 0.1451 0.4034 0.5133 0.2941 0.1690 0.1350 0.2467 0.5023 0.3980 0.2109 0.1418 0.1505 0.4273 0.5036 0.2768 0.1627 0.1355 0.2829 0.5101 0.3741 0.2005 0.1393 0.1582 0.4492
0.1610 0.1396 0.2020 0.3777 0.5091 0.2774 0.1354 0.1636 0.2793 0.5055 0.4239 0.1496 0.1423 0.2125 0.4018 0.5009 0.2413 0.1350 0.1700 0.2969 0.5143 0.3995 0.1445 0.1455 0.2242 0.4269 0.4898 0.2064 0.1353 0.1779 0.3183 0.5180 0.3663 0.1400 0.1505 0.2412 0.4601 0.4699 0.1724 0.1371 0.1910 0.3531 0.5146 0.3083 0.1362 0.1599 0.2703 0.4991 0.4353 0.1574 0.1340 0.1574 0.4353 0.4991 0.2703 0.1599 0.1362 0.3083 0.5146 0.3531 0.1910 0.1371 0.1724 0.4699 0.4601 0.2412 0.1505 0.1400 0.3663 0.5180 0.3183 0.1779 0.1353 0.2064 0.4898 0.4269 0.2242 0.1455 0.1445 0.3995 0.5143 0.2969 0.1700 0.1350 0.2413 0.5009 0.4018 0.2125 0.1423 0.1496 0.4239 0.5055 0.2793 0.1636 0.1354 0.2774 0.5091 0.3777 0.2020 0.1396 0.1610
0.1435 0.2035 0.3813 0.5080 0.2719 0.1353 0.1646 0.2819 0.5072 0.4204 0.1487 0.1427 0.2142 0.4055 0.4994 0.2359 0.1350 0.1711 0.2997 0.5151 0.3955 0.1438 0.1460 0.2260 0.4303 0.4882 0.2028 0.1354 0.1787 0.3203 0.5180 0.3638 0.1398 0.1508 0.2421 0.4614 0.4692 0.1719 0.1371 0.1910 0.3528 0.5148 0.3098 0.1362 0.1596 0.2694 0.4987 0.4334 0.1526 0.1388 0.1661 0.1388 0.1526 0.4334 0.4987 0.2694 0.1596 0.1362 0.3098 0.5148 0.3528 0.1910 0.1371 0.1719 0.4692 0.4614 0.2421 0.1508 0.1398 0.3638 0.5180 0.3203 0.1787 0.1354 0.2028 0.4882 0.4303 0.2260 0.1460 0.1438 0.3955 0.5151 0.2997 0.1711 0.1350 0.2359 0.4994 0.4055 0.2142 0.1427 0.1487 0.4204 0.5072 0.2819 0.1646 0.1353 0.2719 0.5080 0.3813 0.2035 0.1435
0.2064 0.3849 0.5069 0.2663 0.1352 0.1655 0.2845 0.5088 0.4168 0.1478 0.1432 0.2160 0.4093 0.4979 0.2306 0.1350 0.1721 0.3025 0.5158 0.3915 0.1432 0.1466 0.2278 0.4340 0.4864 0.1989 0.1355 0.1796 0.3226 0.5181 0.3608 0.1396 0.1512 0.2431 0.4629 0.4683 0.1711 0.1372 0.1913 0.3531 0.5148 0.3103 0.1363 0.1593 0.2687 0.4980 0.4339 0.1521 0.1409 0.2008 0.2904 0.2008 0.1409 0.1521 0.4339 0.4980 0.2687 0.1593 0.1363 0.3103 0.5148 0.3531 0.1913 0.1372 0.1711 0.4683 0.4629 0.2431 0.1512 0.1396 0.3608 0.5181 0.3226 0.1796 0.1355 0.1989 0.4864 0.4340 0.2278 0.1466 0.1432 0.3915 0.5158 0.3025 0.1721 0.1350 0.2306 0.4979 0.4093 0.2160 0.1432 0.1478 0.4168 0.5088 0.2845 0.1655 0.1352 0.2663 0.5069 0.3849 0.2064
0.3865 0.5057 0.2608 0.1351 0.1665 0.2872 0.5103 0.4131 0.1470 0.1437 0.2177 0.4130 0.4963 0.2254 0.1350 0.1732 0.3054 0.5164 0.3873 0.1426 0.1472 0.2298 0.4377 0.4844 0.1948 0.1356 0.1807 0.3252 0.5181 0.3573 0.1393 0.1516 0.2444 0.4649 0.4670 0.1701 0.1373 0.1918 0.3541 0.5146 0.3098 0.1363 0.1593 0.2682 0.4974 0.4347 0.1522 0.1413 0.2081 0.3778 0.5120 0.3778 0.2081 0.1413 0.1522 0.4347 0.4974 0.2682 0.1593 0.1363 0.3098 0.5146 0.3541 0.1918 0.1373 0.1701 0.4670 0.4649 0.2444 0.1516 0.1393 0.3573 0.5181 0.3252 0.1807 0.1356 0.1948 0.4844 0.4377 0.2298 0.1472 0.1426 0.3873 0.5164 0.3054 0.1732 0.1350 0.2254 0.4963 0.4130 0.2177 0.1437 0.1470 0.4131 0.5103 0.2872 0.1665 0.1351 0.2608 0.5057 0.3865
0.5046 0.2552 0.1350 0.1674 0.2899 0.5115 0.4094 0.1463 0.1442 0.2195 0.4168 0.4946 0.2203 0.1351 0.1743 0.3083 0.5169 0.3831 0.1420 0.1478 0.2317 0.4415 0.4823 0.1909 0.1357 0.1819 0.3282 0.5180 0.3532 0.1389 0.1521 0.2459 0.4671 0.4655 0.1688 0.1374 0.1924 0.3554 0.5144 0.3083 0.1362 0.1593 0.2682 0.4972 0.4353 0.1524 0.1413 0.2094 0.3932 0.5081 0.4050 0.5081 0.3932 0.2094 0.1413 0.1524 0.4353 0.4972 0.2682 0.1593 0.1362 0.3083 0.5144 0.3554 0.1924 0.1374 0.1688 0.4655 0.4671 0.2459 0.1521 0.1389 0.3532 0.5180 0.3282 0.1819 0.1357 0.1909 0.4823 0.4415 0.2317 0.1478 0.1420 0.3831 0.5169 0.3083 0.1743 0.1351 0.2203 0.4946 0.4168 0.2195 0.1442 0.1463 0.4094 0.5115 0.2899 0.1674 0.1350 0.2552 0.5046
0.2526 0.1350 0.1684 0.2926 0.5127 0.4056 0.1455 0.1447 0.2213 0.4206 0.4929 0.2153 0.1351 0.1754 0.3112 0.5174 0.3788 0.1415 0.1484 0.2337 0.4452 0.4802 0.1872 0.1359 0.1831 0.3313 0.5178 0.3487 0.1386 0.1527 0.2476 0.4696 0.4637 0.1675 0.1376 0.1931 0.3571 0.5141 0.3062 0.1362 0.1596 0.2687 0.4974 0.4353 0.1525 0.1413 0.2095 0.3962 0.5034 0.2742 0.1437 0.2742 0.5034 0.3962 0.2095 0.1413 0.1525 0.4353 0.4974 0.2687 0.1596 0.1362 0.3062 0.5141 0.3571 0.1931 0.1376 0.1675 0.4637 0.4696 0.2476 0.1527 0.1386 0.3487 0.5178 0.3313 0.1831 0.1359 0.1872 0.4802 0.4452 0.2337 0.1484 0.1415 0.3788 0.5174 0.3112 0.1754 0.1351 0.2153 0.4929 0.4206 0.2213 0.1447 0.1455 0.4056 0.5127 0.2926 0.1684 0.1350 0.2526
0.1393 0.1694 0.2953 0.5137 0.4017 0.1448 0.1452 0.2231 0.4243 0.4912 0.2105 0.1352 0.1765 0.3142 0.5177 0.3744 0.1410 0.1490 0.2356 0.4488 0.4781 0.1838 0.1361 0.1844 0.3345 0.5176 0.3439 0.1383 0.1534 0.2495 0.4724 0.4617 0.1660 0.1378 0.1940 0.3591 0.5137 0.3036 0.1361 0.1599 0.2694 0.4980 0.4347 0.1524 0.1413 0.2095 0.3966 0.5024 0.2497 0.1347 0.1438 0.1347 0.2497 0.5024 0.3966 0.2095 0.1413 0.1524 0.4347 0.4980 0.2694 0.1599 0.1361 0.3036 0.5137 0.3591 0.1940 0.1378 0.1660 0.4617 0.4724 0.2495 0.1534 0.1383 0.3439 0.5176 0.3345 0.1844 0.1361 0.1838 0.4781 0.4488 0.2356 0.1490 0.1410 0.3744 0.5177 0.3142 0.1765 0.1352 0.2105 0.4912 0.4243 0.2231 0.1452 0.1448 0.4017 0.5137 0.2953 0.1694 0.1393
0.1726 0.2980 0.5146 0.3980 0.1442 0.1457 0.2248 0.4279 0.4894 0.2061 0.1353 0.1776 0.3170 0.5179 0.3702 0.1405 0.1496 0.2376 0.4523 0.4759 0.1807 0.1363 0.1856 0.3376 0.5173 0.3392 0.1379 0.1540 0.2515 0.4752 0.4596 0.1646 0.1380 0.1949 0.3612 0.5133 0.3009 0.1360 0.1602 0.2703 0.4987 0.4339 0.1522 0.1413 0.2095 0.3966 0.5022 0.2450 0.1349 0.1641 0.2215 0.1641 0.1349 0.2450 0.5022 0.3966 0.2095 0.1413 0.1522 0.4339 0.4987 0.2703 0.1602 0.1360 0.3009 0.5133 0.3612 0.1949 0.1380 0.1646 0.4596 0.4752 0.2515 0.1540 0.1379 0.3392 0.5173 0.3376 0.1856 0.1363 0.1807 0.4759 0.4523 0.2376 0.1496 0.1405 0.3702 0.5179 0.3170 0.1776 0.1353 0.2061 0.4894 0.4279 0.2248 0.1457 0.1442 0.3980 0.5146 0.2980 0.1726
0.2993 0.5152 0.3950 0.1437 0.1461 0.2262 0.4307 0.4880 0.2027 0.1353 0.1784 0.3193 0.5179 0.3668 0.1402 0.1500 0.2391 0.4550 0.4742 0.1785 0.1364 0.1865 0.3400 0.5170 0.3355 0.1377 0.1545 0.2531 0.4775 0.4577 0.1634 0.1381 0.1957 0.3629 0.5129 0.2988 0.1359 0.1604 0.2709 0.4991 0.4334 0.1521 0.1413 0.2094 0.3962 0.5024 0.2450 0.1349 0.1688 0.2829 0.4256 0.2829 0.1688 0.1349 0.2450 0.5024 0.3962 0.2094 0.1413 0.1521 0.4334 0.4991 0.2709 0.1604 0.1359 0.2988 0.5129 0.3629 0.1957 0.1381 0.1634 0.4577 0.4775 0.2531 0.1545 0.1377 0.3355 0.5170 0.3400 0.1865 0.1364 0.1785 0.4742 0.4550 0.2391 0.1500 0.1402 0.3668 0.5179 0.3193 0.1784 0.1353 0.2027 0.4880 0.4307 0.2262 0.1461 0.1437 0.3950 0.5152 0.2993
0.5137 0.3954 0.1437 0.1459 0.2259 0.4302 0.4881 0.2032 0.1352 0.1782 0.3189 0.5178 0.3673 0.1401 0.1498 0.2387 0.4545 0.4744 0.1787 0.1363 0.1863 0.3396 0.5169 0.3360 0.1376 0.1543 0.2528 0.4770 0.4580 0.1636 0.1380 0.1952 0.3620 0.5130 0.3006 0.1359 0.1599 0.2696 0.4978 0.4353 0.1526 0.1409 0.2081 0.3932 0.5034 0.2497 0.1349 0.1688 0.2925 0.5065 0.4905 0.5065 0.2925 0.1688 0.1349 0.2497 0.5034 0.3932 0.2081 0.1409 0.1526 0.4353 0.4978 0.2696 0.1599 0.1359 0.3006 0.5130 0.3620 0.1952 0.1380 0.1636 0.4580 0.4770 0.2528 0.1543 0.1376 0.3360 0.5169 0.3396 0.1863 0.1363 0.1787 0.4744 0.4545 0.2387 0.1498 0.1401 0.3673 0.5178 0.3189 0.1782 0.1352 0.2032 0.4881 0.4302 0.2259 0.1459 0.1437 0.3954 0.5137
0.4118 0.1459 0.1434 0.2184 0.4161 0.4943 0.2213 0.1345 0.1733 0.3076 0.5162 0.3841 0.1416 0.1469 0.2307 0.4407 0.4821 0.1915 0.1352 0.1809 0.3276 0.5173 0.3546 0.1385 0.1511 0.2441 0.4644 0.4674 0.1712 0.1365 0.1893 0.3491 0.5150 0.3214 0.1363 0.1561 0.2597 0.4871 0.4478 0.1574 0.1388 0.2008 0.3778 0.5081 0.2742 0.1347 0.1641 0.2829 0.5065 0.4346 0.2343 0.4346 0.5065 0.2829 0.1641 0.1347 0.2742 0.5081 0.3778 0.2008 0.1388 0.1574 0.4478 0.4871 0.2597 0.1561 0.1363 0.3214 0.5150 0.3491 0.1893 0.1365 0.1712 0.4674 0.4644 0.2441 0.1511 0.1385 0.3546 0.5173 0.3276 0.1809 0.1352 0.1915 0.4821 0.4407 0.2307 0.1469 0.1416 0.3841 0.5162 0.3076 0.1733 0.1345 0.2213 0.4943 0.4161 0.2184 0.1434 0.1459 0.4118
0.2006 0.1345 0.1780 0.3220 0.5171 0.3623 0.1383 0.1493 0.2396 0.4591 0.4709 0.1749 0.1357 0.1862 0.3431 0.5155 0.3307 0.1360 0.1538 0.2540 0.4810 0.4541 0.1606 0.1374 0.1952 0.3657 0.5110 0.2963 0.1347 0.1591 0.2697 0.4987 0.4343 0.1514 0.1397 0.2057 0.3910 0.5034 0.2563 0.1340 0.1661 0.2904 0.5120 0.4050 0.1437 0.1438 0.2215 0.4256 0.4905 0.2343 0.1381 0.2343 0.4905 0.4256 0.2215 0.1438 0.1437 0.4050 0.5120 0.2904 0.1661 0.1340 0.2563 0.5034 0.3910 0.2057 0.1397 0.1514 0.4343 0.4987 0.2697 0.1591 0.1347 0.2963 0.5110 0.3657 0.1952 0.1374 0.1606 0.4541 0.4810 0.2540 0.1538 0.1360 0.3307 0.5155 0.3431 0.1862 0.1357 0.1749 0.4709 0.4591 0.2396 0.1493 0.1383 0.3623 0.5171 0.3220 0.1780 0.1345 0.2006
0.4118 0.1459 0.1434 0.2184 0.4161 0.4943 0.2213 0.1345 0.1733 0.3076 0.5162 0.3841 0.1416 0.1469 0.2307 0.4407 0.4821 0.1915 0.1352 0.1809 0.3276 0.5173 0.3546 0.1385 0.1511 0.2441 0.4644 0.4674 0.1712 0.1365 0.1893 0.3491 0.5150 0.3214 0.1363 0.1561 0.2597 0.4871 0.4478 0.1574 0.1388 0.2008 0.3778 0.5081 0.2742 0.1347 0.1641 0.2829 0.5065 0.4346 0.2343 0.4346 0.5065 0.2829 0.1641 0.1347 0.2742 0.5081 0.3778 0.2008 0.1388 0.1574 0.4478 0.4871 0.2597 0.1561 0.1363 0.3214 0.5150 0.3491 0.1893 0.1365 0.1712 0.4674 0.4644 0.2441 0.1511 0.1385 0.3546 0.5173 0.3276 0.1809 0.1352 0.1915 0.4821 0.4407 0.2307 0.1469 0.1416 0.3841 0.5162 0.3076 0.1733 0.1345 0.2213 0.4943 0.4161 0.2184 0.1434 0.1459 0.4118
0.5137 0.3954 0.1437 0.1459 0.2259 0.4302 0.4881 0.2032 0.1352 0.1782 0.3189 0.5178 0.3673 0.1401 0.1498 0.2387 0.4545 0.4744 0.1787 0.1363 0.1863 0.3396 0.5169 0.3360 0.1376 0.1543 0.2528 0.4770 0.4580 0.1636 0.1380 0.1952 0.3620 0.5130 0.3006 0.1359 0.1599 0.2696 0.4978 0.4353 0.1526 0.1409 0.2081 0.3932 0.5034 0.2497 0.1349 0.1688 0.2925 0.5065 0.4905 0.5065 0.2925 0.1688 0.1349 0.2497 0.5034 0.3932 0.2081 0.1409 0.1526 0.4353 0.4978 0.2696 0.1599 0.1359 0.3006 0.5130 0.3620 0.1952 0.1380 0.1636 0.4580 0.4770 0.2528 0.1543 0.1376 0.3360 0.5169 0.3396 0.1863 0.1363 0.1787 0.4744 0.4545 0.2387 0.1498 0.1401 0.3673 0.5178 0.3189 0.1782 0.1352 0.2032 0.4881 0.4302 0.2259 0.1459 0.1437 0.3954 0.5137
0.2993 0.5152 0.3950 0.1437 0.1461 0.2262 0.4307 0.4880 0.2027 0.1353 0.1784 0.3193 0.5179 0.3668 0.1402 0.1500 0.2391 0.4550 0.4742 0.1785 0.1364 0.1865 0.3400 0.5170 0.3355 0.1377 0.1545 0.2531 0.4775 0.4577 0.1634 0.1381 0.1957 0.3629 0.5129 0.2988 0.1359 0.1604 0.2709 0.4991 0.4334 0.1521 0.1413 0.2094 0.3962 0.5024 0.2450 0.1349 0.1688 0.2829 0.4256 0.2829 0.1688 0.1349 0.2450 0.5024 0.3962 0.2094 0.1413 0.1521 0.4334 0.4991 0.2709 0.1604 0.1359 0.2988 0.5129 0.3629 0.1957 0.1381 0.1634 0.4577 0.4775 0.2531 0.1545 0.1377 0.3355 0.5170 0.3400 0.1865 0.1364 0.1785 0.4742 0.4550 0.2391 0.1500 0.1402 0.3668 0.5179 0.3193 0.1784 0.1353 0.2027 0.4880 0.4307 0.2262 0.1461 0.1437 0.3950 0.5152 0.2993
0.1726 0.2980 0.5146 0.3980 0.1442 0.1457 0.2248 0.4279 0.4894 0.2061 0.1353 0.1776 0.3170 0.5179 0.3702 0.1405 0.1496 0.2376 0.4523 0.4759 0.1807 0.1363 0.1856 0.3376 0.5173 0.3392 0.1379 0.1540 0.2515 0.4752 0.4596 0.1646 0.1380 0.1949 0.3612 0.5133 0.3009 0.1360 0.1602 0.2703 0.4987 0.4339 0.1522 0.1413 0.2095 0.3966 0.5022 0.2450 0.1349 0.1641 0.2215 0.1641 0.1349 0.2450 0.5022 0.3966 0.2095 0.1413 0.1522 0.4339 0.4987 0.2703 0.1602 0.1360 0.3009 0.5133 0.3612 0.1949 0.1380 0.1646 0.4596 0.4752 0.2515 0.1540 0.1379 0.3392 0.5173 0.3376 0.1856 0.1363 0.1807 0.4759 0.4523 0.2376 0.1496 0.1405 0.3702 0.5179 0.3170 0.1776 0.1353 0.2061 0.4894 0.4279 0.2248 0.1457 0.1442 0.3980 0.5146 0.2980 0.1726
0.1393 0.1694 0.2953 0.5137 0.4017 0.1448 0.1452 0.2231 0.4243 0.4912 0.2105 0.1352 0.1765 0.3142 0.5177 0.3744 0.1410 0.1490 0.2356 0.4488 0.4781 0.1838 0.1361 0.1844 0.3345 0.5176 0.3439 0.1383 0.1534 0.2495 0.4724 0.4617 0.1660 0.1378 0.1940 0.3591 0.5137 0.3036 0.1361 0.1599 0.2694 0.4980 0.4347 0.1524 0.1413 0.2095 0.3966 0.5024 0.2497 0.1347 0.1438 0.1347 0.2497 0.5024 0.3966 0.2095 0.1413 0.1524 0.4347 0.4980 0.2694 0.1599 0.1361 0.3036 0.5137 0.3591 0.1940 0.1378 0.1660 0.4617 0.4724 0.2495 0.1534 0.1383 0.3439 0.5176 0.3345 0.1844 0.1361 0.1838 0.4781 0.4488 0.2356 0.1490 0.1410 0.3744 0.5177 0.3142 0.1765 0.1352 0.2105 0.4912 0.4243 0.2231 0.1452 0.1448 0.4017 0.5137 0.2953 0.1694 0.1393
