1.0000 0.0002 0.0036 0.0530 0.7869 1.0000 0.0001 0.0013 0.0193 0.2867 1.0000 1.0000 0.0005 0.0070 0.1038 1.0000 1.0000 0.0002 0.0025 0.0376 0.5588 1.0000 0.0001 0.0009 0.0136 0.2024 1.0000 1.0000 0.0003 0.0049 0.0733 1.0000 1.0000 0.0001 0.0018 0.0266 0.3946 1.0000 0.0000 0.0006 0.0096 0.1413 1.0000 1.0000 0.0002 0.0031 0.0435 0.5827 1.0000 0.0000 0.0002 0.0000 1.0000 0.5827 0.0435 0.0031 0.0002 1.0000 1.0000 0.1413 0.0096 0.0006 0.0000 1.0000 0.3946 0.0266 0.0018 0.0001 1.0000 1.0000 0.0733 0.0049 0.0003 1.0000 1.0000 0.2024 0.0136 0.0009 0.0001 1.0000 0.5588 0.0376 0.0025 0.0002 1.0000 1.0000 0.1038 0.0070 0.0005 1.0000 1.0000 0.2867 0.0193 0.0013 0.0001 1.0000 0.7869 0.0530 0.0036 0.0002 1.0000
0.0002 0.0036 0.0529 0.7839 1.0000 0.0001 0.0013 0.0191 0.2834 1.0000 1.0000 0.0005 0.0069 0.1026 1.0000 1.0000 0.0002 0.0025 0.0372 0.5525 1.0000 0.0001 0.0009 0.0135 0.2001 1.0000 1.0000 0.0003 0.0049 0.0725 1.0000 1.0000 0.0001 0.0018 0.0263 0.3901 1.0000 0.0000 0.0006 0.0095 0.1408 1.0000 1.0000 0.0002 0.0032 0.0459 0.6396 1.0000 0.0001 0.0006 0.0027 0.0006 0.0001 1.0000 0.6396 0.0459 0.0032 0.0002 1.0000 1.0000 0.1408 0.0095 0.0006 0.0000 1.0000 0.3901 0.0263 0.0018 0.0001 1.0000 1.0000 0.0725 0.0049 0.0003 1.0000 1.0000 0.2001 0.0135 0.0009 0.0001 1.0000 0.5525 0.0372 0.0025 0.0002 1.0000 1.0000 0.1026 0.0069 0.0005 1.0000 1.0000 0.2834 0.0191 0.0013 0.0001 1.0000 0.7839 0.0529 0.0036 0.0002
0.0036 0.0529 0.7721 1.0000 0.0001 0.0012 0.0184 0.2739 1.0000 1.0000 0.0004 0.0066 0.0988 1.0000 1.0000 0.0002 0.0024 0.0358 0.5318 1.0000 0.0001 0.0009 0.0130 0.1926 1.0000 1.0000 0.0003 0.0047 0.0698 1.0000 1.0000 0.0001 0.0017 0.0253 0.3755 1.0000 0.0000 0.0006 0.0092 0.1360 1.0000 1.0000 0.0002 0.0032 0.0461 0.6569 1.0000 0.0001 0.0008 0.0082 0.0388 0.0082 0.0008 0.0001 1.0000 0.6569 0.0461 0.0032 0.0002 1.0000 1.0000 0.1360 0.0092 0.0006 0.0000 1.0000 0.3755 0.0253 0.0017 0.0001 1.0000 1.0000 0.0698 0.0047 0.0003 1.0000 1.0000 0.1926 0.0130 0.0009 0.0001 1.0000 0.5318 0.0358 0.0024 0.0002 1.0000 1.0000 0.0988 0.0066 0.0004 1.0000 1.0000 0.2739 0.0184 0.0012 0.0001 1.0000 0.7721 0.0529 0.0036
0.0530 0.7839 1.0000 0.0001 0.0012 0.0179 0.2657 1.0000 1.0000 0.0004 0.0064 0.0953 1.0000 1.0000 0.0002 0.0023 0.0345 0.5120 1.0000 0.0001 0.0008 0.0125 0.1854 1.0000 1.0000 0.0003 0.0045 0.0672 0.9981 1.0000 0.0001 0.0016 0.0243 0.3615 1.0000 0.0000 0.0006 0.0088 0.1309 1.0000 1.0000 0.0002 0.0031 0.0456 0.6594 1.0000 0.0001 0.0009 0.0110 0.1184 0.5588 0.1184 0.0110 0.0009 0.0001 1.0000 0.6594 0.0456 0.0031 0.0002 1.0000 1.0000 0.1309 0.0088 0.0006 0.0000 1.0000 0.3615 0.0243 0.0016 0.0001 1.0000 0.9981 0.0672 0.0045 0.0003 1.0000 1.0000 0.1854 0.0125 0.0008 0.0001 1.0000 0.5120 0.0345 0.0023 0.0002 1.0000 1.0000 0.0953 0.0064 0.0004 1.0000 1.0000 0.2657 0.0179 0.0012 0.0001 1.0000 0.7839 0.0530
0.7869 1.0000 0.0001 0.0012 0.0178 0.2606 1.0000 1.0000 0.0004 0.0062 0.0921 1.0000 1.0000 0.0002 0.0022 0.0332 0.4929 1.0000 0.0001 0.0008 0.0120 0.1785 1.0000 1.0000 0.0003 0.0044 0.0647 0.9608 1.0000 0.0001 0.0016 0.0234 0.3480 1.0000 0.0000 0.0006 0.0085 0.1261 1.0000 1.0000 0.0002 0.0030 0.0446 0.6519 1.0000 0.0001 0.0009 0.0125 0.1575 1.0000 1.0000 1.0000 0.1575 0.0125 0.0009 0.0001 1.0000 0.6519 0.0446 0.0030 0.0002 1.0000 1.0000 0.1261 0.0085 0.0006 0.0000 1.0000 0.3480 0.0234 0.0016 0.0001 1.0000 0.9608 0.0647 0.0044 0.0003 1.0000 1.0000 0.1785 0.0120 0.0008 0.0001 1.0000 0.4929 0.0332 0.0022 0.0002 1.0000 1.0000 0.0921 0.0062 0.0004 1.0000 1.0000 0.2606 0.0178 0.0012 0.0001 1.0000 0.7869
1.0000 0.0001 0.0012 0.0179 0.2606 1.0000 1.0000 0.0004 0.0060 0.0895 1.0000 1.0000 0.0001 0.0022 0.0320 0.4754 1.0000 0.0001 0.0008 0.0116 0.1719 1.0000 1.0000 0.0003 0.0042 0.0622 0.9250 1.0000 0.0001 0.0015 0.0225 0.3350 1.0000 1.0000 0.0005 0.0082 0.1213 1.0000 1.0000 0.0002 0.0029 0.0435 0.6384 1.0000 0.0001 0.0010 0.0133 0.1789 1.0000 1.0000 0.0001 1.0000 1.0000 0.1789 0.0133 0.0010 0.0001 1.0000 0.6384 0.0435 0.0029 0.0002 1.0000 1.0000 0.1213 0.0082 0.0005 1.0000 1.0000 0.3350 0.0225 0.0015 0.0001 1.0000 0.9250 0.0622 0.0042 0.0003 1.0000 1.0000 0.1719 0.0116 0.0008 0.0001 1.0000 0.4754 0.0320 0.0022 0.0001 1.0000 1.0000 0.0895 0.0060 0.0004 1.0000 1.0000 0.2606 0.0179 0.0012 0.0001 1.0000
0.0001 0.0013 0.0184 0.2657 1.0000 1.0000 0.0004 0.0060 0.0877 1.0000 1.0000 0.0001 0.0021 0.0310 0.4594 1.0000 0.0001 0.0008 0.0111 0.1654 1.0000 1.0000 0.0003 0.0040 0.0599 0.8905 1.0000 0.0001 0.0015 0.0217 0.3225 1.0000 1.0000 0.0005 0.0079 0.1168 1.0000 1.0000 0.0002 0.0028 0.0421 0.6216 1.0000 0.0001 0.0010 0.0137 0.1908 1.0000 1.0000 0.0002 0.0008 0.0002 1.0000 1.0000 0.1908 0.0137 0.0010 0.0001 1.0000 0.6216 0.0421 0.0028 0.0002 1.0000 1.0000 0.1168 0.0079 0.0005 1.0000 1.0000 0.3225 0.0217 0.0015 0.0001 1.0000 0.8905 0.0599 0.0040 0.0003 1.0000 1.0000 0.1654 0.0111 0.0008 0.0001 1.0000 0.4594 0.0310 0.0021 0.0001 1.0000 1.0000 0.0877 0.0060 0.0004 1.0000 1.0000 0.2657 0.0184 0.0013 0.0001
0.0013 0.0191 0.2739 1.0000 1.0000 0.0004 0.0060 0.0872 1.0000 1.0000 0.0001 0.0020 0.0301 0.4448 1.0000 0.0000 0.0007 0.0107 0.1596 1.0000 1.0000 0.0003 0.0039 0.0577 0.8572 1.0000 0.0001 0.0014 0.0209 0.3105 1.0000 1.0000 0.0005 0.0076 0.1125 1.0000 1.0000 0.0002 0.0027 0.0407 0.6018 1.0000 0.0001 0.0010 0.0138 0.1960 1.0000 1.0000 0.0002 0.0025 0.0118 0.0025 0.0002 1.0000 1.0000 0.1960 0.0138 0.0010 0.0001 1.0000 0.6018 0.0407 0.0027 0.0002 1.0000 1.0000 0.1125 0.0076 0.0005 1.0000 1.0000 0.3105 0.0209 0.0014 0.0001 1.0000 0.8572 0.0577 0.0039 0.0003 1.0000 1.0000 0.1596 0.0107 0.0007 0.0000 1.0000 0.4448 0.0301 0.0020 0.0001 1.0000 1.0000 0.0872 0.0060 0.0004 1.0000 1.0000 0.2739 0.0191 0.0013
0.0193 0.2834 1.0000 1.0000 0.0004 0.0060 0.0877 1.0000 1.0000 0.0001 0.0020 0.0294 0.4339 1.0000 0.0000 0.0007 0.0104 0.1542 1.0000 1.0000 0.0003 0.0037 0.0555 0.8252 1.0000 0.0001 0.0014 0.0201 0.2989 1.0000 1.0000 0.0005 0.0073 0.1083 1.0000 1.0000 0.0002 0.0026 0.0392 0.5816 1.0000 0.0001 0.0009 0.0136 0.1967 1.0000 1.0000 0.0003 0.0033 0.0358 0.1696 0.0358 0.0033 0.0003 1.0000 1.0000 0.1967 0.0136 0.0009 0.0001 1.0000 0.5816 0.0392 0.0026 0.0002 1.0000 1.0000 0.1083 0.0073 0.0005 1.0000 1.0000 0.2989 0.0201 0.0014 0.0001 1.0000 0.8252 0.0555 0.0037 0.0003 1.0000 1.0000 0.1542 0.0104 0.0007 0.0000 1.0000 0.4339 0.0294 0.0020 0.0001 1.0000 1.0000 0.0877 0.0060 0.0004 1.0000 1.0000 0.2834 0.0193
0.2867 1.0000 1.0000 0.0004 0.0062 0.0895 1.0000 1.0000 0.0001 0.0020 0.0290 0.4266 1.0000 0.0000 0.0007 0.0101 0.1493 1.0000 1.0000 0.0002 0.0036 0.0536 0.7944 1.0000 0.0001 0.0013 0.0194 0.2877 1.0000 1.0000 0.0005 0.0070 0.1042 1.0000 1.0000 0.0002 0.0025 0.0377 0.5609 1.0000 0.0001 0.0009 0.0133 0.1948 1.0000 1.0000 0.0003 0.0037 0.0474 0.5149 1.0000 0.5149 0.0474 0.0037 0.0003 1.0000 1.0000 0.1948 0.0133 0.0009 0.0001 1.0000 0.5609 0.0377 0.0025 0.0002 1.0000 1.0000 0.1042 0.0070 0.0005 1.0000 1.0000 0.2877 0.0194 0.0013 0.0001 1.0000 0.7944 0.0536 0.0036 0.0002 1.0000 1.0000 0.1493 0.0101 0.0007 0.0000 1.0000 0.4266 0.0290 0.0020 0.0001 1.0000 1.0000 0.0895 0.0062 0.0004 1.0000 1.0000 0.2867
1.0000 1.0000 0.0004 0.0064 0.0921 1.0000 1.0000 0.0001 0.0020 0.0290 0.4241 1.0000 0.0000 0.0007 0.0099 0.1457 1.0000 1.0000 0.0002 0.0035 0.0518 0.7662 1.0000 0.0001 0.0013 0.0186 0.2770 1.0000 1.0000 0.0005 0.0068 0.1003 1.0000 1.0000 0.0002 0.0024 0.0363 0.5400 1.0000 0.0001 0.0009 0.0130 0.1908 1.0000 1.0000 0.0003 0.0040 0.0537 0.6797 1.0000 1.0000 1.0000 0.6797 0.0537 0.0040 0.0003 1.0000 1.0000 0.1908 0.0130 0.0009 0.0001 1.0000 0.5400 0.0363 0.0024 0.0002 1.0000 1.0000 0.1003 0.0068 0.0005 1.0000 1.0000 0.2770 0.0186 0.0013 0.0001 1.0000 0.7662 0.0518 0.0035 0.0002 1.0000 1.0000 0.1457 0.0099 0.0007 0.0000 1.0000 0.4241 0.0290 0.0020 0.0001 1.0000 1.0000 0.0921 0.0064 0.0004 1.0000 1.0000
1.0000 0.0005 0.0066 0.0953 1.0000 1.0000 0.0001 0.0020 0.0294 0.4266 1.0000 0.0000 0.0007 0.0097 0.1426 1.0000 1.0000 0.0002 0.0034 0.0501 0.7419 1.0000 0.0001 0.0012 0.0180 0.2667 1.0000 1.0000 0.0004 0.0065 0.0966 1.0000 1.0000 0.0002 0.0024 0.0350 0.5198 1.0000 0.0001 0.0008 0.0126 0.1854 1.0000 1.0000 0.0003 0.0041 0.0570 0.7692 1.0000 0.0001 0.0002 0.0001 1.0000 0.7692 0.0570 0.0041 0.0003 1.0000 1.0000 0.1854 0.0126 0.0008 0.0001 1.0000 0.5198 0.0350 0.0024 0.0002 1.0000 1.0000 0.0966 0.0065 0.0004 1.0000 1.0000 0.2667 0.0180 0.0012 0.0001 1.0000 0.7419 0.0501 0.0034 0.0002 1.0000 1.0000 0.1426 0.0097 0.0007 0.0000 1.0000 0.4266 0.0294 0.0020 0.0001 1.0000 1.0000 0.0953 0.0066 0.0005 1.0000
0.0005 0.0069 0.0988 1.0000 1.0000 0.0001 0.0021 0.0301 0.4339 1.0000 0.0000 0.0007 0.0097 0.1410 1.0000 1.0000 0.0002 0.0033 0.0488 0.7210 1.0000 0.0001 0.0012 0.0174 0.2572 1.0000 1.0000 0.0004 0.0063 0.0930 1.0000 1.0000 0.0002 0.0023 0.0337 0.5004 1.0000 0.0001 0.0008 0.0122 0.1799 1.0000 1.0000 0.0003 0.0041 0.0586 0.8174 1.0000 0.0001 0.0008 0.0036 0.0008 0.0001 1.0000 0.8174 0.0586 0.0041 0.0003 1.0000 1.0000 0.1799 0.0122 0.0008 0.0001 1.0000 0.5004 0.0337 0.0023 0.0002 1.0000 1.0000 0.0930 0.0063 0.0004 1.0000 1.0000 0.2572 0.0174 0.0012 0.0001 1.0000 0.7210 0.0488 0.0033 0.0002 1.0000 1.0000 0.1410 0.0097 0.0007 0.0000 1.0000 0.4339 0.0301 0.0021 0.0001 1.0000 1.0000 0.0988 0.0069 0.0005
0.0070 0.1026 1.0000 1.0000 0.0002 0.0022 0.0310 0.4448 1.0000 0.0000 0.0007 0.0097 0.1410 1.0000 1.0000 0.0002 0.0032 0.0477 0.7034 1.0000 0.0001 0.0011 0.0168 0.2490 1.0000 1.0000 0.0004 0.0060 0.0895 1.0000 1.0000 0.0001 0.0022 0.0324 0.4818 1.0000 0.0001 0.0008 0.0117 0.1738 1.0000 1.0000 0.0003 0.0041 0.0588 0.8379 1.0000 0.0001 0.0010 0.0109 0.0520 0.0109 0.0010 0.0001 1.0000 0.8379 0.0588 0.0041 0.0003 1.0000 1.0000 0.1738 0.0117 0.0008 0.0001 1.0000 0.4818 0.0324 0.0022 0.0001 1.0000 1.0000 0.0895 0.0060 0.0004 1.0000 1.0000 0.2490 0.0168 0.0011 0.0001 1.0000 0.7034 0.0477 0.0032 0.0002 1.0000 1.0000 0.1410 0.0097 0.0007 0.0000 1.0000 0.4448 0.0310 0.0022 0.0002 1.0000 1.0000 0.1026 0.0070
0.1038 1.0000 1.0000 0.0002 0.0022 0.0320 0.4594 1.0000 0.0000 0.0007 0.0099 0.1426 1.0000 1.0000 0.0002 0.0032 0.0471 0.6915 1.0000 0.0001 0.0011 0.0163 0.2420 1.0000 1.0000 0.0004 0.0058 0.0863 1.0000 1.0000 0.0001 0.0021 0.0312 0.4638 1.0000 0.0001 0.0008 0.0113 0.1677 1.0000 1.0000 0.0003 0.0040 0.0581 0.8411 1.0000 0.0001 0.0011 0.0143 0.1569 0.7504 0.1569 0.0143 0.0011 0.0001 1.0000 0.8411 0.0581 0.0040 0.0003 1.0000 1.0000 0.1677 0.0113 0.0008 0.0001 1.0000 0.4638 0.0312 0.0021 0.0001 1.0000 1.0000 0.0863 0.0058 0.0004 1.0000 1.0000 0.2420 0.0163 0.0011 0.0001 1.0000 0.6915 0.0471 0.0032 0.0002 1.0000 1.0000 0.1426 0.0099 0.0007 0.0000 1.0000 0.4594 0.0320 0.0022 0.0002 1.0000 1.0000 0.1038
1.0000 1.0000 0.0002 0.0023 0.0332 0.4754 1.0000 0.0000 0.0007 0.0101 0.1457 1.0000 1.0000 0.0002 0.0032 0.0469 0.6849 1.0000 0.0001 0.0011 0.0160 0.2357 1.0000 1.0000 0.0004 0.0056 0.0836 1.0000 1.0000 0.0001 0.0020 0.0300 0.4465 1.0000 0.0000 0.0007 0.0109 0.1617 1.0000 1.0000 0.0003 0.0039 0.0570 0.8315 1.0000 0.0001 0.0012 0.0161 0.2059 1.0000 1.0000 1.0000 0.2059 0.0161 0.0012 0.0001 1.0000 0.8315 0.0570 0.0039 0.0003 1.0000 1.0000 0.1617 0.0109 0.0007 0.0000 1.0000 0.4465 0.0300 0.0020 0.0001 1.0000 1.0000 0.0836 0.0056 0.0004 1.0000 1.0000 0.2357 0.0160 0.0011 0.0001 1.0000 0.6849 0.0469 0.0032 0.0002 1.0000 1.0000 0.1457 0.0101 0.0007 0.0000 1.0000 0.4754 0.0332 0.0023 0.0002 1.0000 1.0000
1.0000 0.0002 0.0024 0.0345 0.4929 1.0000 0.0001 0.0007 0.0104 0.1493 1.0000 1.0000 0.0002 0.0032 0.0471 0.6849 1.0000 0.0001 0.0011 0.0157 0.2312 1.0000 1.0000 0.0004 0.0055 0.0811 1.0000 1.0000 0.0001 0.0020 0.0290 0.4298 1.0000 0.0000 0.0007 0.0105 0.1557 1.0000 1.0000 0.0003 0.0038 0.0555 0.8159 1.0000 0.0001 0.0012 0.0171 0.2317 1.0000 1.0000 0.0001 1.0000 1.0000 0.2317 0.0171 0.0012 0.0001 1.0000 0.8159 0.0555 0.0038 0.0003 1.0000 1.0000 0.1557 0.0105 0.0007 0.0000 1.0000 0.4298 0.0290 0.0020 0.0001 1.0000 1.0000 0.0811 0.0055 0.0004 1.0000 1.0000 0.2312 0.0157 0.0011 0.0001 1.0000 0.6849 0.0471 0.0032 0.0002 1.0000 1.0000 0.1493 0.0104 0.0007 0.0001 1.0000 0.4929 0.0345 0.0024 0.0002 1.0000
0.0002 0.0025 0.0358 0.5120 1.0000 0.0001 0.0008 0.0107 0.1542 1.0000 1.0000 0.0002 0.0033 0.0477 0.6915 1.0000 0.0001 0.0011 0.0156 0.2286 1.0000 1.0000 0.0004 0.0053 0.0790 1.0000 1.0000 0.0001 0.0019 0.0280 0.4146 1.0000 0.0000 0.0007 0.0101 0.1499 1.0000 1.0000 0.0002 0.0036 0.0538 0.7944 1.0000 0.0001 0.0012 0.0175 0.2453 1.0000 1.0000 0.0002 0.0011 0.0002 1.0000 1.0000 0.2453 0.0175 0.0012 0.0001 1.0000 0.7944 0.0538 0.0036 0.0002 1.0000 1.0000 0.1499 0.0101 0.0007 0.0000 1.0000 0.4146 0.0280 0.0019 0.0001 1.0000 1.0000 0.0790 0.0053 0.0004 1.0000 1.0000 0.2286 0.0156 0.0011 0.0001 1.0000 0.6915 0.0477 0.0033 0.0002 1.0000 1.0000 0.1542 0.0107 0.0008 0.0001 1.0000 0.5120 0.0358 0.0025 0.0002
0.0025 0.0372 0.5318 1.0000 0.0001 0.0008 0.0111 0.1596 1.0000 1.0000 0.0002 0.0034 0.0488 0.7034 1.0000 0.0001 0.0011 0.0156 0.2277 1.0000 1.0000 0.0004 0.0052 0.0772 1.0000 1.0000 0.0001 0.0018 0.0272 0.4014 1.0000 0.0000 0.0007 0.0097 0.1443 1.0000 1.0000 0.0002 0.0035 0.0521 0.7692 1.0000 0.0001 0.0012 0.0176 0.2509 1.0000 1.0000 0.0003 0.0033 0.0160 0.0033 0.0003 1.0000 1.0000 0.2509 0.0176 0.0012 0.0001 1.0000 0.7692 0.0521 0.0035 0.0002 1.0000 1.0000 0.1443 0.0097 0.0007 0.0000 1.0000 0.4014 0.0272 0.0018 0.0001 1.0000 1.0000 0.0772 0.0052 0.0004 1.0000 1.0000 0.2277 0.0156 0.0011 0.0001 1.0000 0.7034 0.0488 0.0034 0.0002 1.0000 1.0000 0.1596 0.0111 0.0008 0.0001 1.0000 0.5318 0.0372 0.0025
0.0376 0.5525 1.0000 0.0001 0.0008 0.0116 0.1654 1.0000 1.0000 0.0002 0.0035 0.0501 0.7210 1.0000 0.0001 0.0011 0.0157 0.2286 1.0000 1.0000 0.0004 0.0052 0.0760 1.0000 1.0000 0.0001 0.0018 0.0265 0.3901 1.0000 0.0000 0.0006 0.0094 0.1392 1.0000 1.0000 0.0002 0.0034 0.0502 0.7447 1.0000 0.0001 0.0012 0.0174 0.2519 1.0000 1.0000 0.0003 0.0043 0.0479 0.2303 0.0479 0.0043 0.0003 1.0000 1.0000 0.2519 0.0174 0.0012 0.0001 1.0000 0.7447 0.0502 0.0034 0.0002 1.0000 1.0000 0.1392 0.0094 0.0006 0.0000 1.0000 0.3901 0.0265 0.0018 0.0001 1.0000 1.0000 0.0760 0.0052 0.0004 1.0000 1.0000 0.2286 0.0157 0.0011 0.0001 1.0000 0.7210 0.0501 0.0035 0.0002 1.0000 1.0000 0.1654 0.0116 0.0008 0.0001 1.0000 0.5525 0.0376
0.5588 1.0000 0.0001 0.0008 0.0120 0.1719 1.0000 1.0000 0.0003 0.0036 0.0518 0.7419 1.0000 0.0001 0.0011 0.0160 0.2312 1.0000 1.0000 0.0004 0.0052 0.0754 1.0000 1.0000 0.0001 0.0017 0.0258 0.3806 1.0000 0.0000 0.0006 0.0091 0.1347 1.0000 1.0000 0.0002 0.0033 0.0484 0.7183 1.0000 0.0001 0.0012 0.0170 0.2490 1.0000 1.0000 0.0004 0.0049 0.0624 0.6888 1.0000 0.6888 0.0624 0.0049 0.0004 1.0000 1.0000 0.2490 0.0170 0.0012 0.0001 1.0000 0.7183 0.0484 0.0033 0.0002 1.0000 1.0000 0.1347 0.0091 0.0006 0.0000 1.0000 0.3806 0.0258 0.0017 0.0001 1.0000 1.0000 0.0754 0.0052 0.0004 1.0000 1.0000 0.2312 0.0160 0.0011 0.0001 1.0000 0.7419 0.0518 0.0036 0.0003 1.0000 1.0000 0.1719 0.0120 0.0008 0.0001 1.0000 0.5588
1.0000 0.0001 0.0009 0.0125 0.1785 1.0000 1.0000 0.0003 0.0037 0.0536 0.7662 1.0000 0.0001 0.0011 0.0163 0.2357 1.0000 1.0000 0.0004 0.0052 0.0754 1.0000 1.0000 0.0001 0.0017 0.0253 0.3727 1.0000 0.0000 0.0006 0.0088 0.1309 1.0000 1.0000 0.0002 0.0031 0.0467 0.6928 1.0000 0.0001 0.0011 0.0166 0.2439 1.0000 1.0000 0.0004 0.0051 0.0698 0.8956 1.0000 1.0000 1.0000 0.8956 0.0698 0.0051 0.0004 1.0000 1.0000 0.2439 0.0166 0.0011 0.0001 1.0000 0.6928 0.0467 0.0031 0.0002 1.0000 1.0000 0.1309 0.0088 0.0006 0.0000 1.0000 0.3727 0.0253 0.0017 0.0001 1.0000 1.0000 0.0754 0.0052 0.0004 1.0000 1.0000 0.2357 0.0163 0.0011 0.0001 1.0000 0.7662 0.0536 0.0037 0.0003 1.0000 1.0000 0.1785 0.0125 0.0009 0.0001 1.0000
0.0001 0.0009 0.0130 0.1854 1.0000 1.0000 0.0003 0.0039 0.0555 0.7944 1.0000 0.0001 0.0012 0.0168 0.2420 1.0000 1.0000 0.0004 0.0052 0.0760 1.0000 1.0000 0.0001 0.0017 0.0250 0.3671 1.0000 0.0000 0.0006 0.0086 0.1275 1.0000 1.0000 0.0002 0.0030 0.0451 0.6682 1.0000 0.0001 0.0011 0.0161 0.2379 1.0000 1.0000 0.0004 0.0053 0.0737 1.0000 1.0000 0.0001 0.0003 0.0001 1.0000 1.0000 0.0737 0.0053 0.0004 1.0000 1.0000 0.2379 0.0161 0.0011 0.0001 1.0000 0.6682 0.0451 0.0030 0.0002 1.0000 1.0000 0.1275 0.0086 0.0006 0.0000 1.0000 0.3671 0.0250 0.0017 0.0001 1.0000 1.0000 0.0760 0.0052 0.0004 1.0000 1.0000 0.2420 0.0168 0.0012 0.0001 1.0000 0.7944 0.0555 0.0039 0.0003 1.0000 1.0000 0.1854 0.0130 0.0009 0.0001
0.0009 0.0135 0.1926 1.0000 1.0000 0.0003 0.0040 0.0577 0.8252 1.0000 0.0001 0.0012 0.0174 0.2490 1.0000 1.0000 0.0004 0.0053 0.0772 1.0000 1.0000 0.0001 0.0017 0.0249 0.3643 1.0000 0.0000 0.0006 0.0085 0.1246 1.0000 1.0000 0.0002 0.0030 0.0438 0.6469 1.0000 0.0001 0.0011 0.0156 0.2308 1.0000 1.0000 0.0004 0.0053 0.0754 1.0000 1.0000 0.0001 0.0010 0.0049 0.0010 0.0001 1.0000 1.0000 0.0754 0.0053 0.0004 1.0000 1.0000 0.2308 0.0156 0.0011 0.0001 1.0000 0.6469 0.0438 0.0030 0.0002 1.0000 1.0000 0.1246 0.0085 0.0006 0.0000 1.0000 0.3643 0.0249 0.0017 0.0001 1.0000 1.0000 0.0772 0.0053 0.0004 1.0000 1.0000 0.2490 0.0174 0.0012 0.0001 1.0000 0.8252 0.0577 0.0040 0.0003 1.0000 1.0000 0.1926 0.0135 0.0009
0.0136 0.2001 1.0000 1.0000 0.0003 0.0042 0.0599 0.8572 1.0000 0.0001 0.0013 0.0180 0.2572 1.0000 1.0000 0.0004 0.0055 0.0790 1.0000 1.0000 0.0001 0.0017 0.0250 0.3643 1.0000 0.0000 0.0006 0.0083 0.1223 1.0000 1.0000 0.0002 0.0029 0.0426 0.6287 1.0000 0.0001 0.0010 0.0151 0.2239 1.0000 1.0000 0.0004 0.0052 0.0756 1.0000 1.0000 0.0001 0.0013 0.0146 0.0708 0.0146 0.0013 0.0001 1.0000 1.0000 0.0756 0.0052 0.0004 1.0000 1.0000 0.2239 0.0151 0.0010 0.0001 1.0000 0.6287 0.0426 0.0029 0.0002 1.0000 1.0000 0.1223 0.0083 0.0006 0.0000 1.0000 0.3643 0.0250 0.0017 0.0001 1.0000 1.0000 0.0790 0.0055 0.0004 1.0000 1.0000 0.2572 0.0180 0.0013 0.0001 1.0000 0.8572 0.0599 0.0042 0.0003 1.0000 1.0000 0.2001 0.0136
0.2024 1.0000 1.0000 0.0003 0.0044 0.0622 0.8905 1.0000 0.0001 0.0013 0.0186 0.2667 1.0000 1.0000 0.0004 0.0056 0.0811 1.0000 1.0000 0.0001 0.0017 0.0253 0.3671 1.0000 0.0000 0.0006 0.0083 0.1209 1.0000 1.0000 0.0002 0.0028 0.0417 0.6134 1.0000 0.0001 0.0010 0.0147 0.2167 1.0000 1.0000 0.0003 0.0051 0.0747 1.0000 1.0000 0.0001 0.0015 0.0189 0.2110 1.0000 0.2110 0.0189 0.0015 0.0001 1.0000 1.0000 0.0747 0.0051 0.0003 1.0000 1.0000 0.2167 0.0147 0.0010 0.0001 1.0000 0.6134 0.0417 0.0028 0.0002 1.0000 1.0000 0.1209 0.0083 0.0006 0.0000 1.0000 0.3671 0.0253 0.0017 0.0001 1.0000 1.0000 0.0811 0.0056 0.0004 1.0000 1.0000 0.2667 0.0186 0.0013 0.0001 1.0000 0.8905 0.0622 0.0044 0.0003 1.0000 1.0000 0.2024
1.0000 1.0000 0.0003 0.0045 0.0647 0.9250 1.0000 0.0001 0.0014 0.0194 0.2770 1.0000 1.0000 0.0004 0.0058 0.0836 1.0000 1.0000 0.0001 0.0018 0.0258 0.3727 1.0000 0.0000 0.0006 0.0083 0.1204 1.0000 1.0000 0.0002 0.0028 0.0408 0.6007 1.0000 0.0001 0.0010 0.0143 0.2106 1.0000 1.0000 0.0003 0.0050 0.0734 1.0000 1.0000 0.0001 0.0015 0.0211 0.2723 1.0000 1.0000 1.0000 0.2723 0.0211 0.0015 0.0001 1.0000 1.0000 0.0734 0.0050 0.0003 1.0000 1.0000 0.2106 0.0143 0.0010 0.0001 1.0000 0.6007 0.0408 0.0028 0.0002 1.0000 1.0000 0.1204 0.0083 0.0006 0.0000 1.0000 0.3727 0.0258 0.0018 0.0001 1.0000 1.0000 0.0836 0.0058 0.0004 1.0000 1.0000 0.2770 0.0194 0.0014 0.0001 1.0000 0.9250 0.0647 0.0045 0.0003 1.0000 1.0000
1.0000 0.0003 0.0047 0.0672 0.9608 1.0000 0.0001 0.0014 0.0201 0.2877 1.0000 1.0000 0.0004 0.0060 0.0863 1.0000 1.0000 0.0001 0.0018 0.0265 0.3806 1.0000 0.0000 0.0006 0.0083 0.1209 1.0000 1.0000 0.0002 0.0027 0.0402 0.5905 1.0000 0.0001 0.0009 0.0139 0.2055 1.0000 1.0000 0.0003 0.0049 0.0718 1.0000 1.0000 0.0001 0.0016 0.0222 0.3029 1.0000 1.0000 0.0001 1.0000 1.0000 0.3029 0.0222 0.0016 0.0001 1.0000 1.0000 0.0718 0.0049 0.0003 1.0000 1.0000 0.2055 0.0139 0.0009 0.0001 1.0000 0.5905 0.0402 0.0027 0.0002 1.0000 1.0000 0.1209 0.0083 0.0006 0.0000 1.0000 0.3806 0.0265 0.0018 0.0001 1.0000 1.0000 0.0863 0.0060 0.0004 1.0000 1.0000 0.2877 0.0201 0.0014 0.0001 1.0000 0.9608 0.0672 0.0047 0.0003 1.0000
0.0003 0.0049 0.0698 0.9981 1.0000 0.0001 0.0015 0.0209 0.2989 1.0000 1.0000 0.0004 0.0063 0.0895 1.0000 1.0000 0.0001 0.0019 0.0272 0.3901 1.0000 0.0000 0.0006 0.0085 0.1223 1.0000 1.0000 0.0002 0.0027 0.0399 0.5838 1.0000 0.0001 0.0009 0.0136 0.2009 1.0000 1.0000 0.0003 0.0048 0.0702 1.0000 1.0000 0.0001 0.0016 0.0228 0.3189 1.0000 1.0000 0.0003 0.0015 0.0003 1.0000 1.0000 0.3189 0.0228 0.0016 0.0001 1.0000 1.0000 0.0702 0.0048 0.0003 1.0000 1.0000 0.2009 0.0136 0.0009 0.0001 1.0000 0.5838 0.0399 0.0027 0.0002 1.0000 1.0000 0.1223 0.0085 0.0006 0.0000 1.0000 0.3901 0.0272 0.0019 0.0001 1.0000 1.0000 0.0895 0.0063 0.0004 1.0000 1.0000 0.2989 0.0209 0.0015 0.0001 1.0000 0.9981 0.0698 0.0049 0.0003
0.0049 0.0725 1.0000 1.0000 0.0001 0.0015 0.0217 0.3105 1.0000 1.0000 0.0005 0.0065 0.0930 1.0000 1.0000 0.0001 0.0020 0.0280 0.4014 1.0000 0.0000 0.0006 0.0086 0.1246 1.0000 1.0000 0.0002 0.0027 0.0399 0.5816 1.0000 0.0001 0.0009 0.0134 0.1971 1.0000 1.0000 0.0003 0.0046 0.0685 1.0000 1.0000 0.0001 0.0016 0.0228 0.3262 1.0000 1.0000 0.0004 0.0045 0.0219 0.0045 0.0004 1.0000 1.0000 0.3262 0.0228 0.0016 0.0001 1.0000 1.0000 0.0685 0.0046 0.0003 1.0000 1.0000 0.1971 0.0134 0.0009 0.0001 1.0000 0.5816 0.0399 0.0027 0.0002 1.0000 1.0000 0.1246 0.0086 0.0006 0.0000 1.0000 0.4014 0.0280 0.0020 0.0001 1.0000 1.0000 0.0930 0.0065 0.0005 1.0000 1.0000 0.3105 0.0217 0.0015 0.0001 1.0000 1.0000 0.0725 0.0049
0.0733 1.0000 1.0000 0.0001 0.0016 0.0225 0.3225 1.0000 1.0000 0.0005 0.0068 0.0966 1.0000 1.0000 0.0001 0.0020 0.0290 0.4146 1.0000 0.0000 0.0006 0.0088 0.1275 1.0000 1.0000 0.0002 0.0028 0.0402 0.5838 1.0000 0.0001 0.0009 0.0132 0.1941 1.0000 1.0000 0.0003 0.0045 0.0670 0.9868 1.0000 0.0001 0.0016 0.0227 0.3281 1.0000 1.0000 0.0004 0.0058 0.0648 0.3158 0.0648 0.0058 0.0004 1.0000 1.0000 0.3281 0.0227 0.0016 0.0001 1.0000 0.9868 0.0670 0.0045 0.0003 1.0000 1.0000 0.1941 0.0132 0.0009 0.0001 1.0000 0.5838 0.0402 0.0028 0.0002 1.0000 1.0000 0.1275 0.0088 0.0006 0.0000 1.0000 0.4146 0.0290 0.0020 0.0001 1.0000 1.0000 0.0966 0.0068 0.0005 1.0000 1.0000 0.3225 0.0225 0.0016 0.0001 1.0000 1.0000 0.0733
1.0000 1.0000 0.0001 0.0016 0.0234 0.3350 1.0000 1.0000 0.0005 0.0070 0.1003 1.0000 1.0000 0.0001 0.0021 0.0300 0.4298 1.0000 0.0000 0.0006 0.0091 0.1309 1.0000 1.0000 0.0002 0.0028 0.0408 0.5905 1.0000 0.0001 0.0009 0.0132 0.1926 1.0000 1.0000 0.0003 0.0045 0.0657 0.9663 1.0000 0.0001 0.0015 0.0224 0.3262 1.0000 1.0000 0.0005 0.0064 0.0834 0.9356 1.0000 0.9356 0.0834 0.0064 0.0005 1.0000 1.0000 0.3262 0.0224 0.0015 0.0001 1.0000 0.9663 0.0657 0.0045 0.0003 1.0000 1.0000 0.1926 0.0132 0.0009 0.0001 1.0000 0.5905 0.0408 0.0028 0.0002 1.0000 1.0000 0.1309 0.0091 0.0006 0.0000 1.0000 0.4298 0.0300 0.0021 0.0001 1.0000 1.0000 0.1003 0.0070 0.0005 1.0000 1.0000 0.3350 0.0234 0.0016 0.0001 1.0000 1.0000
1.0000 0.0001 0.0017 0.0243 0.3480 1.0000 1.0000 0.0005 0.0073 0.1042 1.0000 1.0000 0.0002 0.0022 0.0312 0.4465 1.0000 0.0000 0.0007 0.0094 0.1347 1.0000 1.0000 0.0002 0.0029 0.0417 0.6007 1.0000 0.0001 0.0009 0.0132 0.1926 1.0000 1.0000 0.0003 0.0044 0.0647 0.9499 1.0000 0.0001 0.0015 0.0221 0.3231 1.0000 1.0000 0.0005 0.0068 0.0926 1.0000 1.0000 1.0000 1.0000 1.0000 0.0926 0.0068 0.0005 1.0000 1.0000 0.3231 0.0221 0.0015 0.0001 1.0000 0.9499 0.0647 0.0044 0.0003 1.0000 1.0000 0.1926 0.0132 0.0009 0.0001 1.0000 0.6007 0.0417 0.0029 0.0002 1.0000 1.0000 0.1347 0.0094 0.0007 0.0000 1.0000 0.4465 0.0312 0.0022 0.0002 1.0000 1.0000 0.1042 0.0073 0.0005 1.0000 1.0000 0.3480 0.0243 0.0017 0.0001 1.0000
0.0001 0.0018 0.0253 0.3615 1.0000 1.0000 0.0005 0.0076 0.1083 1.0000 1.0000 0.0002 0.0023 0.0324 0.4638 1.0000 0.0000 0.0007 0.0097 0.1392 1.0000 1.0000 0.0002 0.0030 0.0426 0.6134 1.0000 0.0001 0.0009 0.0134 0.1941 1.0000 1.0000 0.0003 0.0044 0.0639 0.9374 1.0000 0.0001 0.0015 0.0217 0.3189 1.0000 1.0000 0.0005 0.0070 0.0977 1.0000 1.0000 0.0001 0.0005 0.0001 1.0000 1.0000 0.0977 0.0070 0.0005 1.0000 1.0000 0.3189 0.0217 0.0015 0.0001 1.0000 0.9374 0.0639 0.0044 0.0003 1.0000 1.0000 0.1941 0.0134 0.0009 0.0001 1.0000 0.6134 0.0426 0.0030 0.0002 1.0000 1.0000 0.1392 0.0097 0.0007 0.0000 1.0000 0.4638 0.0324 0.0023 0.0002 1.0000 1.0000 0.1083 0.0076 0.0005 1.0000 1.0000 0.3615 0.0253 0.0018 0.0001
0.0018 0.0263 0.3755 1.0000 0.0000 0.0005 0.0079 0.1125 1.0000 1.0000 0.0002 0.0024 0.0337 0.4818 1.0000 0.0000 0.0007 0.0101 0.1443 1.0000 1.0000 0.0002 0.0030 0.0438 0.6287 1.0000 0.0001 0.0009 0.0136 0.1971 1.0000 1.0000 0.0003 0.0044 0.0637 0.9303 1.0000 0.0001 0.0015 0.0215 0.3146 1.0000 1.0000 0.0005 0.0070 0.1001 1.0000 1.0000 0.0001 0.0014 0.0068 0.0014 0.0001 1.0000 1.0000 0.1001 0.0070 0.0005 1.0000 1.0000 0.3146 0.0215 0.0015 0.0001 1.0000 0.9303 0.0637 0.0044 0.0003 1.0000 1.0000 0.1971 0.0136 0.0009 0.0001 1.0000 0.6287 0.0438 0.0030 0.0002 1.0000 1.0000 0.1443 0.0101 0.0007 0.0000 1.0000 0.4818 0.0337 0.0024 0.0002 1.0000 1.0000 0.1125 0.0079 0.0005 0.0000 1.0000 0.3755 0.0263 0.0018
0.0266 0.3901 1.0000 0.0000 0.0006 0.0082 0.1168 1.0000 1.0000 0.0002 0.0024 0.0350 0.5004 1.0000 0.0001 0.0007 0.0105 0.1499 1.0000 1.0000 0.0002 0.0031 0.0451 0.6469 1.0000 0.0001 0.0010 0.0139 0.2009 1.0000 1.0000 0.0003 0.0044 0.0639 0.9303 1.0000 0.0001 0.0014 0.0213 0.3111 1.0000 1.0000 0.0005 0.0070 0.1013 1.0000 1.0000 0.0001 0.0018 0.0201 0.0983 0.0201 0.0018 0.0001 1.0000 1.0000 0.1013 0.0070 0.0005 1.0000 1.0000 0.3111 0.0213 0.0014 0.0001 1.0000 0.9303 0.0639 0.0044 0.0003 1.0000 1.0000 0.2009 0.0139 0.0010 0.0001 1.0000 0.6469 0.0451 0.0031 0.0002 1.0000 1.0000 0.1499 0.0105 0.0007 0.0001 1.0000 0.5004 0.0350 0.0024 0.0002 1.0000 1.0000 0.1168 0.0082 0.0006 0.0000 1.0000 0.3901 0.0266
0.3946 1.0000 0.0000 0.0006 0.0085 0.1213 1.0000 1.0000 0.0002 0.0025 0.0363 0.5198 1.0000 0.0001 0.0008 0.0109 0.1557 1.0000 1.0000 0.0002 0.0033 0.0467 0.6682 1.0000 0.0001 0.0010 0.0143 0.2055 1.0000 1.0000 0.0003 0.0045 0.0647 0.9374 1.0000 0.0001 0.0014 0.0211 0.3087 1.0000 1.0000 0.0005 0.0070 0.1015 1.0000 1.0000 0.0001 0.0020 0.0258 0.2910 1.0000 0.2910 0.0258 0.0020 0.0001 1.0000 1.0000 0.1015 0.0070 0.0005 1.0000 1.0000 0.3087 0.0211 0.0014 0.0001 1.0000 0.9374 0.0647 0.0045 0.0003 1.0000 1.0000 0.2055 0.0143 0.0010 0.0001 1.0000 0.6682 0.0467 0.0033 0.0002 1.0000 1.0000 0.1557 0.0109 0.0008 0.0001 1.0000 0.5198 0.0363 0.0025 0.0002 1.0000 1.0000 0.1213 0.0085 0.0006 0.0000 1.0000 0.3946
1.0000 0.0000 0.0006 0.0088 0.1261 1.0000 1.0000 0.0002 0.0026 0.0377 0.5400 1.0000 0.0001 0.0008 0.0113 0.1617 1.0000 1.0000 0.0002 0.0034 0.0484 0.6928 1.0000 0.0001 0.0010 0.0147 0.2106 1.0000 1.0000 0.0003 0.0045 0.0658 0.9499 1.0000 0.0001 0.0014 0.0211 0.3075 1.0000 1.0000 0.0005 0.0070 0.1013 1.0000 1.0000 0.0001 0.0021 0.0287 0.3734 1.0000 1.0000 1.0000 0.3734 0.0287 0.0021 0.0001 1.0000 1.0000 0.1013 0.0070 0.0005 1.0000 1.0000 0.3075 0.0211 0.0014 0.0001 1.0000 0.9499 0.0657 0.0045 0.0003 1.0000 1.0000 0.2106 0.0147 0.0010 0.0001 1.0000 0.6928 0.0484 0.0034 0.0002 1.0000 1.0000 0.1617 0.0113 0.0008 0.0001 1.0000 0.5400 0.0377 0.0026 0.0002 1.0000 1.0000 0.1261 0.0088 0.0006 0.0000 1.0000
0.0000 0.0006 0.0092 0.1309 1.0000 1.0000 0.0002 0.0027 0.0392 0.5609 1.0000 0.0001 0.0008 0.0117 0.1677 1.0000 1.0000 0.0002 0.0035 0.0502 0.7183 1.0000 0.0001 0.0011 0.0151 0.2167 1.0000 1.0000 0.0003 0.0046 0.0670 0.9663 1.0000 0.0001 0.0015 0.0213 0.3087 1.0000 1.0000 0.0005 0.0069 0.1011 1.0000 1.0000 0.0002 0.0022 0.0304 0.4146 1.0000 1.0000 0.0001 1.0000 1.0000 0.4146 0.0304 0.0022 0.0002 1.0000 1.0000 0.1011 0.0069 0.0005 1.0000 1.0000 0.3087 0.0213 0.0015 0.0001 1.0000 0.9663 0.0670 0.0046 0.0003 1.0000 1.0000 0.2167 0.0151 0.0011 0.0001 1.0000 0.7183 0.0502 0.0035 0.0002 1.0000 1.0000 0.1677 0.0117 0.0008 0.0001 1.0000 0.5609 0.0392 0.0027 0.0002 1.0000 1.0000 0.1309 0.0092 0.0006 0.0000
0.0006 0.0095 0.1360 1.0000 1.0000 0.0002 0.0028 0.0407 0.5816 1.0000 0.0001 0.0008 0.0122 0.1738 1.0000 1.0000 0.0003 0.0036 0.0521 0.7447 1.0000 0.0001 0.0011 0.0156 0.2239 1.0000 1.0000 0.0003 0.0048 0.0685 0.9868 1.0000 0.0001 0.0015 0.0215 0.3111 1.0000 1.0000 0.0005 0.0069 0.1009 1.0000 1.0000 0.0002 0.0022 0.0313 0.4389 1.0000 0.0000 0.0004 0.0021 0.0004 0.0000 1.0000 0.4389 0.0313 0.0022 0.0002 1.0000 1.0000 0.1009 0.0069 0.0005 1.0000 1.0000 0.3111 0.0215 0.0015 0.0001 1.0000 0.9868 0.0685 0.0048 0.0003 1.0000 1.0000 0.2239 0.0156 0.0011 0.0001 1.0000 0.7447 0.0521 0.0036 0.0003 1.0000 1.0000 0.1738 0.0122 0.0008 0.0001 1.0000 0.5816 0.0407 0.0028 0.0002 1.0000 1.0000 0.1360 0.0095 0.0006
0.0096 0.1408 1.0000 1.0000 0.0002 0.0029 0.0421 0.6018 1.0000 0.0001 0.0009 0.0126 0.1799 1.0000 1.0000 0.0003 0.0038 0.0538 0.7692 1.0000 0.0001 0.0011 0.0161 0.2308 1.0000 1.0000 0.0003 0.0049 0.0702 1.0000 1.0000 0.0001 0.0015 0.0218 0.3146 1.0000 1.0000 0.0005 0.0069 0.1009 1.0000 1.0000 0.0002 0.0022 0.0319 0.4525 1.0000 0.0000 0.0006 0.0063 0.0309 0.0063 0.0006 0.0000 1.0000 0.4525 0.0319 0.0022 0.0002 1.0000 1.0000 0.1009 0.0069 0.0005 1.0000 1.0000 0.3146 0.0217 0.0015 0.0001 1.0000 1.0000 0.0702 0.0049 0.0003 1.0000 1.0000 0.2308 0.0161 0.0011 0.0001 1.0000 0.7692 0.0538 0.0038 0.0003 1.0000 1.0000 0.1799 0.0126 0.0009 0.0001 1.0000 0.6018 0.0421 0.0029 0.0002 1.0000 1.0000 0.1408 0.0096
0.1416 1.0000 1.0000 0.0002 0.0030 0.0435 0.6216 1.0000 0.0001 0.0009 0.0130 0.1858 1.0000 1.0000 0.0003 0.0039 0.0555 0.7944 1.0000 0.0001 0.0012 0.0166 0.2379 1.0000 1.0000 0.0003 0.0050 0.0719 1.0000 1.0000 0.0001 0.0015 0.0221 0.3189 1.0000 1.0000 0.0005 0.0070 0.1011 1.0000 1.0000 0.0002 0.0022 0.0321 0.4603 1.0000 0.0000 0.0006 0.0081 0.0911 0.4465 0.0911 0.0081 0.0006 0.0000 1.0000 0.4603 0.0321 0.0022 0.0002 1.0000 1.0000 0.1011 0.0070 0.0005 1.0000 1.0000 0.3189 0.0221 0.0015 0.0001 1.0000 1.0000 0.0718 0.0050 0.0003 1.0000 1.0000 0.2379 0.0166 0.0012 0.0001 1.0000 0.7944 0.0555 0.0039 0.0003 1.0000 1.0000 0.1854 0.0130 0.0009 0.0001 1.0000 0.6216 0.0435 0.0030 0.0002 1.0000 1.0000 0.1413
1.0000 1.0000 0.0002 0.0031 0.0447 0.6396 1.0000 0.0001 0.0009 0.0134 0.1912 1.0000 1.0000 0.0003 0.0040 0.0571 0.8174 1.0000 0.0001 0.0012 0.0171 0.2443 1.0000 1.0000 0.0004 0.0051 0.0736 1.0000 1.0000 0.0001 0.0016 0.0225 0.3231 1.0000 1.0000 0.0005 0.0070 0.1015 1.0000 1.0000 0.0002 0.0022 0.0322 0.4638 1.0000 0.0000 0.0007 0.0089 0.1164 1.0000 1.0000 1.0000 0.1162 0.0089 0.0007 0.0000 1.0000 0.4638 0.0322 0.0022 0.0002 1.0000 1.0000 0.1013 0.0070 0.0005 1.0000 1.0000 0.3231 0.0224 0.0016 0.0001 1.0000 1.0000 0.0734 0.0051 0.0004 1.0000 1.0000 0.2439 0.0170 0.0012 0.0001 1.0000 0.8159 0.0570 0.0040 0.0003 1.0000 1.0000 0.1908 0.0133 0.0009 0.0001 1.0000 0.6384 0.0446 0.0031 0.0002 1.0000 1.0000
1.0000 0.0002 0.0032 0.0457 0.6544 1.0000 0.0001 0.0010 0.0136 0.1952 1.0000 1.0000 0.0003 0.0041 0.0583 0.8347 1.0000 0.0001 0.0012 0.0174 0.2495 1.0000 1.0000 0.0004 0.0052 0.0750 1.0000 1.0000 0.0001 0.0016 0.0228 0.3275 1.0000 1.0000 0.0005 0.0070 0.1017 1.0000 1.0000 0.0002 0.0022 0.0322 0.4647 1.0000 0.0000 0.0007 0.0094 0.1285 1.0000 1.0000 0.0000 1.0000 1.0000 0.1282 0.0094 0.0007 0.0000 1.0000 0.4638 0.0321 0.0022 0.0002 1.0000 1.0000 0.1015 0.0070 0.0005 1.0000 1.0000 0.3262 0.0227 0.0016 0.0001 1.0000 1.0000 0.0747 0.0052 0.0004 1.0000 1.0000 0.2490 0.0174 0.0012 0.0001 1.0000 0.8315 0.0581 0.0041 0.0003 1.0000 1.0000 0.1948 0.0136 0.0010 0.0001 1.0000 0.6519 0.0456 0.0032 0.0002 1.0000
0.0002 0.0032 0.0464 0.6631 1.0000 0.0001 0.0010 0.0139 0.1978 1.0000 1.0000 0.0003 0.0041 0.0591 0.8459 1.0000 0.0001 0.0012 0.0177 0.2533 1.0000 1.0000 0.0004 0.0053 0.0759 1.0000 1.0000 0.0001 0.0016 0.0229 0.3293 1.0000 1.0000 0.0005 0.0071 0.1017 1.0000 1.0000 0.0002 0.0022 0.0320 0.4620 1.0000 0.0000 0.0007 0.0097 0.1347 1.0000 1.0000 0.0001 0.0007 0.0001 1.0000 1.0000 0.1342 0.0096 0.0007 0.0000 1.0000 0.4603 0.0319 0.0022 0.0002 1.0000 1.0000 0.1013 0.0070 0.0005 1.0000 1.0000 0.3281 0.0228 0.0016 0.0001 1.0000 1.0000 0.0756 0.0053 0.0004 1.0000 1.0000 0.2519 0.0176 0.0012 0.0001 1.0000 0.8411 0.0588 0.0041 0.0003 1.0000 1.0000 0.1967 0.0138 0.0010 0.0001 1.0000 0.6594 0.0461 0.0032 0.0002
0.0032 0.0464 0.6644 1.0000 0.0001 0.0010 0.0139 0.1982 1.0000 1.0000 0.0003 0.0041 0.0592 0.8475 1.0000 0.0001 0.0012 0.0177 0.2533 1.0000 1.0000 0.0004 0.0053 0.0760 1.0000 1.0000 0.0001 0.0016 0.0229 0.3287 1.0000 1.0000 0.0005 0.0070 0.1009 1.0000 1.0000 0.0002 0.0022 0.0315 0.4550 1.0000 0.0000 0.0007 0.0097 0.1368 1.0000 1.0000 0.0002 0.0019 0.0093 0.0019 0.0002 1.0000 1.0000 0.1360 0.0096 0.0007 0.0000 1.0000 0.4525 0.0313 0.0022 0.0001 1.0000 1.0000 0.1001 0.0070 0.0005 1.0000 1.0000 0.3262 0.0228 0.0016 0.0001 1.0000 1.0000 0.0754 0.0053 0.0004 1.0000 1.0000 0.2509 0.0175 0.0012 0.0001 1.0000 0.8379 0.0586 0.0041 0.0003 1.0000 1.0000 0.1960 0.0137 0.0010 0.0001 1.0000 0.6569 0.0459 0.0031
0.0443 0.6519 1.0000 0.0001 0.0010 0.0136 0.1945 1.0000 1.0000 0.0003 0.0041 0.0581 0.8315 1.0000 0.0001 0.0012 0.0174 0.2490 1.0000 1.0000 0.0004 0.0052 0.0747 1.0000 1.0000 0.0001 0.0016 0.0225 0.3238 1.0000 1.0000 0.0005 0.0069 0.0988 1.0000 1.0000 0.0001 0.0021 0.0307 0.4431 1.0000 0.0000 0.0007 0.0095 0.1358 1.0000 1.0000 0.0002 0.0023 0.0266 0.1295 0.0263 0.0023 0.0002 1.0000 1.0000 0.1342 0.0094 0.0007 0.0000 1.0000 0.4389 0.0304 0.0021 0.0001 1.0000 1.0000 0.0977 0.0068 0.0005 1.0000 1.0000 0.3189 0.0222 0.0015 0.0001 1.0000 1.0000 0.0737 0.0051 0.0004 1.0000 1.0000 0.2453 0.0171 0.0012 0.0001 1.0000 0.8174 0.0570 0.0040 0.0003 1.0000 1.0000 0.1908 0.0133 0.0009 0.0001 1.0000 0.6396 0.0435
0.6018 1.0000 0.0001 0.0009 0.0129 0.1847 1.0000 1.0000 0.0003 0.0039 0.0553 0.7929 1.0000 0.0001 0.0012 0.0166 0.2379 1.0000 1.0000 0.0003 0.0050 0.0715 1.0000 1.0000 0.0001 0.0015 0.0216 0.3099 1.0000 1.0000 0.0005 0.0066 0.0946 1.0000 1.0000 0.0001 0.0020 0.0293 0.4225 1.0000 0.0000 0.0006 0.0091 0.1304 1.0000 1.0000 0.0002 0.0025 0.0322 0.3636 1.0000 0.3588 0.0317 0.0024 0.0002 1.0000 1.0000 0.1282 0.0089 0.0006 0.0000 1.0000 0.4146 0.0287 0.0020 0.0001 1.0000 1.0000 0.0926 0.0064 0.0004 1.0000 1.0000 0.3029 0.0211 0.0015 0.0001 1.0000 1.0000 0.0698 0.0049 0.0003 1.0000 1.0000 0.2317 0.0161 0.0011 0.0001 1.0000 0.7692 0.0537 0.0037 0.0003 1.0000 1.0000 0.1789 0.0125 0.0009 0.0001 1.0000 0.5827
1.0000 0.0001 0.0008 0.0116 0.1658 1.0000 1.0000 0.0002 0.0035 0.0497 0.7128 1.0000 0.0001 0.0010 0.0150 0.2147 1.0000 1.0000 0.0003 0.0045 0.0649 0.9321 1.0000 0.0001 0.0014 0.0197 0.2823 1.0000 1.0000 0.0004 0.0060 0.0862 1.0000 1.0000 0.0001 0.0018 0.0267 0.3849 1.0000 0.0000 0.0006 0.0083 0.1195 1.0000 1.0000 0.0002 0.0024 0.0325 0.4225 1.0000 1.0000 1.0000 0.4122 0.0317 0.0023 0.0002 1.0000 1.0000 0.1162 0.0081 0.0006 0.0000 1.0000 0.3734 0.0258 0.0018 0.0001 1.0000 1.0000 0.0834 0.0058 0.0004 1.0000 1.0000 0.2723 0.0189 0.0013 0.0001 1.0000 0.8956 0.0624 0.0043 0.0003 1.0000 1.0000 0.2059 0.0143 0.0010 0.0001 1.0000 0.6797 0.0474 0.0033 0.0002 1.0000 1.0000 0.1575 0.0110 0.0008 0.0001 1.0000
0.0000 0.0006 0.0089 0.1273 1.0000 1.0000 0.0002 0.0027 0.0383 0.5504 1.0000 0.0001 0.0008 0.0116 0.1667 1.0000 1.0000 0.0002 0.0035 0.0507 0.7279 1.0000 0.0001 0.0011 0.0154 0.2217 1.0000 1.0000 0.0003 0.0047 0.0679 0.9793 1.0000 0.0001 0.0015 0.0210 0.3035 1.0000 1.0000 0.0005 0.0065 0.0946 1.0000 1.0000 0.0001 0.0020 0.0273 0.3713 1.0000 1.0000 0.0001 1.0000 1.0000 0.3581 0.0263 0.0019 0.0001 1.0000 1.0000 0.0911 0.0063 0.0004 1.0000 1.0000 0.2910 0.0201 0.0014 0.0001 1.0000 0.9356 0.0648 0.0045 0.0003 1.0000 1.0000 0.2110 0.0146 0.0010 0.0001 1.0000 0.6888 0.0479 0.0033 0.0002 1.0000 1.0000 0.1569 0.0109 0.0008 0.0001 1.0000 0.5149 0.0358 0.0025 0.0002 1.0000 1.0000 0.1184 0.0082 0.0006 0.0000
0.0002 0.0029 0.0414 0.5961 1.0000 0.0001 0.0009 0.0125 0.1802 1.0000 1.0000 0.0003 0.0038 0.0549 0.7899 1.0000 0.0001 0.0012 0.0168 0.2416 1.0000 1.0000 0.0004 0.0051 0.0740 1.0000 1.0000 0.0001 0.0016 0.0227 0.3281 1.0000 1.0000 0.0005 0.0070 0.1017 1.0000 1.0000 0.0002 0.0022 0.0319 0.4603 1.0000 0.0000 0.0007 0.0095 0.1327 1.0000 1.0000 0.0001 0.0006 0.0001 1.0000 1.0000 0.1290 0.0092 0.0007 0.0000 1.0000 0.4465 0.0309 0.0021 0.0001 1.0000 1.0000 0.0983 0.0068 0.0005 1.0000 1.0000 0.3158 0.0219 0.0015 0.0001 1.0000 1.0000 0.0708 0.0049 0.0003 1.0000 1.0000 0.2303 0.0160 0.0011 0.0001 1.0000 0.7504 0.0520 0.0036 0.0002 1.0000 1.0000 0.1696 0.0118 0.0008 0.0001 1.0000 0.5588 0.0388 0.0027 0.0002
0.0000 0.0006 0.0085 0.1216 1.0000 1.0000 0.0002 0.0025 0.0366 0.5268 1.0000 0.0001 0.0008 0.0111 0.1602 1.0000 1.0000 0.0002 0.0034 0.0488 0.7021 1.0000 0.0001 0.0010 0.0149 0.2147 1.0000 1.0000 0.0003 0.0046 0.0658 0.9499 1.0000 0.0001 0.0014 0.0204 0.2949 1.0000 1.0000 0.0004 0.0064 0.0923 1.0000 1.0000 0.0001 0.0019 0.0266 0.3622 1.0000 1.0000 0.0001 1.0000 1.0000 0.3581 0.0263 0.0019 0.0001 1.0000 1.0000 0.0911 0.0063 0.0004 1.0000 1.0000 0.2910 0.0201 0.0014 0.0001 1.0000 0.9356 0.0648 0.0045 0.0003 1.0000 1.0000 0.2110 0.0146 0.0010 0.0001 1.0000 0.6888 0.0479 0.0033 0.0002 1.0000 1.0000 0.1569 0.0109 0.0008 0.0001 1.0000 0.5149 0.0358 0.0025 0.0002 1.0000 1.0000 0.1184 0.0082 0.0006 0.0000
1.0000 0.0001 0.0008 0.0111 0.1596 1.0000 1.0000 0.0002 0.0033 0.0479 0.6875 1.0000 0.0001 0.0010 0.0145 0.2079 1.0000 1.0000 0.0003 0.0044 0.0628 0.9041 1.0000 0.0001 0.0013 0.0191 0.2744 1.0000 1.0000 0.0004 0.0058 0.0839 1.0000 1.0000 0.0001 0.0018 0.0260 0.3755 1.0000 0.0000 0.0006 0.0081 0.1168 1.0000 1.0000 0.0002 0.0023 0.0319 0.4138 1.0000 1.0000 1.0000 0.4122 0.0317 0.0023 0.0002 1.0000 1.0000 0.1162 0.0081 0.0006 0.0000 1.0000 0.3734 0.0258 0.0018 0.0001 1.0000 1.0000 0.0834 0.0058 0.0004 1.0000 1.0000 0.2723 0.0189 0.0013 0.0001 1.0000 0.8956 0.0624 0.0043 0.0003 1.0000 1.0000 0.2059 0.0143 0.0010 0.0001 1.0000 0.6797 0.0474 0.0033 0.0002 1.0000 1.0000 0.1575 0.0110 0.0008 0.0001 1.0000
0.5860 1.0000 0.0001 0.0009 0.0126 0.1802 1.0000 1.0000 0.0003 0.0038 0.0540 0.7736 1.0000 0.0001 0.0011 0.0162 0.2325 1.0000 1.0000 0.0003 0.0049 0.0700 1.0000 1.0000 0.0001 0.0015 0.0212 0.3046 1.0000 1.0000 0.0004 0.0065 0.0930 1.0000 1.0000 0.0001 0.0020 0.0288 0.4161 1.0000 0.0000 0.0006 0.0090 0.1287 1.0000 1.0000 0.0002 0.0024 0.0317 0.3588 1.0000 0.3581 0.0317 0.0024 0.0002 1.0000 1.0000 0.1282 0.0089 0.0006 0.0000 1.0000 0.4146 0.0287 0.0020 0.0001 1.0000 1.0000 0.0926 0.0064 0.0004 1.0000 1.0000 0.3029 0.0211 0.0015 0.0001 1.0000 1.0000 0.0698 0.0049 0.0003 1.0000 1.0000 0.2317 0.0161 0.0011 0.0001 1.0000 0.7692 0.0537 0.0037 0.0003 1.0000 1.0000 0.1789 0.0125 0.0009 0.0001 1.0000 0.5827
0.0435 0.6408 1.0000 0.0001 0.0009 0.0134 0.1912 1.0000 1.0000 0.0003 0.0040 0.0573 0.8190 1.0000 0.0001 0.0012 0.0171 0.2457 1.0000 1.0000 0.0004 0.0052 0.0739 1.0000 1.0000 0.0001 0.0016 0.0223 0.3201 1.0000 1.0000 0.0005 0.0068 0.0977 1.0000 1.0000 0.0001 0.0021 0.0304 0.4389 1.0000 0.0000 0.0007 0.0094 0.1345 1.0000 1.0000 0.0002 0.0023 0.0263 0.1290 0.0263 0.0023 0.0002 1.0000 1.0000 0.1342 0.0094 0.0007 0.0000 1.0000 0.4389 0.0304 0.0021 0.0001 1.0000 1.0000 0.0977 0.0068 0.0005 1.0000 1.0000 0.3189 0.0222 0.0015 0.0001 1.0000 1.0000 0.0737 0.0051 0.0004 1.0000 1.0000 0.2453 0.0171 0.0012 0.0001 1.0000 0.8174 0.0570 0.0040 0.0003 1.0000 1.0000 0.1908 0.0133 0.0009 0.0001 1.0000 0.6396 0.0435
0.0031 0.0460 0.6581 1.0000 0.0001 0.0010 0.0137 0.1963 1.0000 1.0000 0.0003 0.0041 0.0587 0.8395 1.0000 0.0001 0.0012 0.0175 0.2514 1.0000 1.0000 0.0004 0.0053 0.0754 1.0000 1.0000 0.0001 0.0016 0.0228 0.3268 1.0000 1.0000 0.0005 0.0070 0.1003 1.0000 1.0000 0.0002 0.0022 0.0313 0.4525 1.0000 0.0000 0.0007 0.0096 0.1363 1.0000 1.0000 0.0002 0.0019 0.0092 0.0019 0.0002 1.0000 1.0000 0.1360 0.0096 0.0007 0.0000 1.0000 0.4525 0.0313 0.0022 0.0001 1.0000 1.0000 0.1001 0.0070 0.0005 1.0000 1.0000 0.3262 0.0228 0.0016 0.0001 1.0000 1.0000 0.0754 0.0053 0.0004 1.0000 1.0000 0.2509 0.0175 0.0012 0.0001 1.0000 0.8379 0.0586 0.0041 0.0003 1.0000 1.0000 0.1960 0.0137 0.0010 0.0001 1.0000 0.6569 0.0459 0.0031
