0.3214 0.5174 0.3511 0.1427 0.1568 0.2542 0.4795 0.4518 0.1622 0.1432 0.2050 0.3832 0.5057 0.2575 0.1393 0.1718 0.2978 0.5143 0.3908 0.1467 0.1511 0.2354 0.4482 0.4753 0.1800 0.1407 0.1920 0.3513 0.5142 0.3073 0.1404 0.1634 0.2740 0.5015 0.4253 0.1531 0.1465 0.2186 0.4142 0.4935 0.2141 0.1394 0.1807 0.3221 0.5174 0.3536 0.1429 0.1561 0.2495 0.4559 0.5120 0.4559 0.2495 0.1561 0.1429 0.3536 0.5174 0.3221 0.1807 0.1394 0.2141 0.4935 0.4142 0.2186 0.1465 0.1531 0.4253 0.5015 0.2740 0.1634 0.1404 0.3073 0.5142 0.3513 0.1920 0.1407 0.1800 0.4753 0.4482 0.2354 0.1511 0.1467 0.3908 0.5143 0.2978 0.1718 0.1393 0.2575 0.5057 0.3832 0.2050 0.1432 0.1622 0.4518 0.4795 0.2542 0.1568 0.1427 0.3511 0.5174 0.3214
0.5174 0.3517 0.1385 0.1535 0.2519 0.4790 0.4536 0.1595 0.1393 0.2022 0.3817 0.5068 0.2602 0.1350 0.1685 0.2956 0.5147 0.3933 0.1429 0.1475 0.2328 0.4472 0.4768 0.1789 0.1366 0.1890 0.3495 0.5151 0.3103 0.1362 0.1601 0.2716 0.5015 0.4275 0.1496 0.1427 0.2159 0.4128 0.4947 0.2156 0.1352 0.1776 0.3201 0.5181 0.3564 0.1388 0.1529 0.2495 0.4718 0.4712 0.3044 0.4712 0.4718 0.2495 0.1529 0.1388 0.3564 0.5181 0.3201 0.1776 0.1352 0.2156 0.4947 0.4128 0.2159 0.1427 0.1496 0.4275 0.5015 0.2716 0.1601 0.1362 0.3103 0.5151 0.3495 0.1890 0.1366 0.1789 0.4768 0.4472 0.2328 0.1475 0.1429 0.3933 0.5147 0.2956 0.1685 0.1350 0.2602 0.5068 0.3817 0.2022 0.1393 0.1595 0.4536 0.4790 0.2519 0.1535 0.1385 0.3517 0.5174
0.3511 0.1385 0.1532 0.2505 0.4765 0.4561 0.1609 0.1390 0.2007 0.3781 0.5079 0.2657 0.1351 0.1675 0.2928 0.5138 0.3973 0.1435 0.1469 0.2308 0.4435 0.4790 0.1820 0.1364 0.1877 0.3462 0.5157 0.3156 0.1364 0.1592 0.2692 0.4993 0.4309 0.1506 0.1423 0.2141 0.4091 0.4964 0.2206 0.1351 0.1765 0.3170 0.5180 0.3610 0.1392 0.1522 0.2479 0.4722 0.4623 0.1753 0.1349 0.1753 0.4623 0.4722 0.2479 0.1522 0.1392 0.3610 0.5180 0.3170 0.1765 0.1351 0.2206 0.4964 0.4091 0.2141 0.1423 0.1506 0.4309 0.4993 0.2692 0.1592 0.1364 0.3156 0.5157 0.3462 0.1877 0.1364 0.1820 0.4790 0.4435 0.2308 0.1469 0.1435 0.3973 0.5138 0.2928 0.1675 0.1351 0.2657 0.5079 0.3781 0.2007 0.1390 0.1609 0.4561 0.4765 0.2505 0.1532 0.1385 0.3511
0.1427 0.1535 0.2505 0.4755 0.4576 0.1620 0.1387 0.1994 0.3748 0.5089 0.2710 0.1352 0.1666 0.2901 0.5128 0.4013 0.1441 0.1463 0.2289 0.4398 0.4812 0.1853 0.1362 0.1864 0.3429 0.5162 0.3209 0.1366 0.1584 0.2667 0.4970 0.4341 0.1516 0.1418 0.2125 0.4053 0.4980 0.2257 0.1351 0.1753 0.3140 0.5179 0.3656 0.1396 0.1515 0.2459 0.4698 0.4620 0.1666 0.1361 0.1578 0.1361 0.1666 0.4620 0.4698 0.2459 0.1515 0.1396 0.3656 0.5179 0.3140 0.1753 0.1351 0.2257 0.4980 0.4053 0.2125 0.1418 0.1516 0.4341 0.4970 0.2667 0.1584 0.1366 0.3209 0.5162 0.3429 0.1864 0.1362 0.1853 0.4812 0.4398 0.2289 0.1463 0.1441 0.4013 0.5128 0.2901 0.1666 0.1352 0.2710 0.5089 0.3748 0.1994 0.1387 0.1620 0.4576 0.4755 0.2505 0.1535 0.1427
0.1568 0.2519 0.4765 0.4576 0.1625 0.1386 0.1985 0.3722 0.5098 0.2758 0.1353 0.1657 0.2876 0.5117 0.4051 0.1448 0.1458 0.2270 0.4360 0.4833 0.1889 0.1360 0.1851 0.3396 0.5167 0.3260 0.1369 0.1576 0.2643 0.4945 0.4374 0.1526 0.1414 0.2108 0.4016 0.4995 0.2309 0.1350 0.1742 0.3111 0.5177 0.3702 0.1401 0.1509 0.2438 0.4665 0.4639 0.1665 0.1375 0.1872 0.2657 0.1872 0.1375 0.1665 0.4639 0.4665 0.2438 0.1509 0.1401 0.3702 0.5177 0.3111 0.1742 0.1350 0.2309 0.4995 0.4016 0.2108 0.1414 0.1526 0.4374 0.4945 0.2643 0.1576 0.1369 0.3260 0.5167 0.3396 0.1851 0.1360 0.1889 0.4833 0.4360 0.2270 0.1458 0.1448 0.4051 0.5117 0.2876 0.1657 0.1353 0.2758 0.5098 0.3722 0.1985 0.1386 0.1625 0.4576 0.4765 0.2519 0.1568
0.2542 0.4790 0.4561 0.1620 0.1386 0.1982 0.3708 0.5103 0.2796 0.1353 0.1649 0.2853 0.5106 0.4086 0.1454 0.1453 0.2251 0.4323 0.4853 0.1927 0.1358 0.1838 0.3363 0.5171 0.3311 0.1372 0.1568 0.2620 0.4919 0.4405 0.1537 0.1410 0.2091 0.3978 0.5010 0.2362 0.1350 0.1731 0.3081 0.5173 0.3746 0.1405 0.1502 0.2417 0.4631 0.4664 0.1680 0.1377 0.1929 0.3436 0.4948 0.3436 0.1929 0.1377 0.1680 0.4664 0.4631 0.2417 0.1502 0.1405 0.3746 0.5173 0.3081 0.1731 0.1350 0.2362 0.5010 0.3978 0.2091 0.1410 0.1537 0.4405 0.4919 0.2620 0.1568 0.1372 0.3311 0.5171 0.3363 0.1838 0.1358 0.1927 0.4853 0.4323 0.2251 0.1453 0.1454 0.4086 0.5106 0.2853 0.1649 0.1353 0.2796 0.5103 0.3708 0.1982 0.1386 0.1620 0.4561 0.4790 0.2542
0.4795 0.4536 0.1609 0.1387 0.1985 0.3708 0.5105 0.2815 0.1354 0.1643 0.2833 0.5095 0.4118 0.1461 0.1448 0.2234 0.4286 0.4872 0.1967 0.1357 0.1826 0.3331 0.5175 0.3362 0.1374 0.1560 0.2596 0.4891 0.4436 0.1549 0.1406 0.2075 0.3941 0.5024 0.2416 0.1350 0.1721 0.3052 0.5169 0.3790 0.1410 0.1496 0.2396 0.4595 0.4688 0.1701 0.1375 0.1932 0.3562 0.5159 0.4396 0.5159 0.3562 0.1932 0.1375 0.1701 0.4688 0.4595 0.2396 0.1496 0.1410 0.3790 0.5169 0.3052 0.1721 0.1350 0.2416 0.5024 0.3941 0.2075 0.1406 0.1549 0.4436 0.4891 0.2596 0.1560 0.1374 0.3362 0.5175 0.3331 0.1826 0.1357 0.1967 0.4872 0.4286 0.2234 0.1448 0.1461 0.4118 0.5095 0.2833 0.1643 0.1354 0.2815 0.5105 0.3708 0.1985 0.1387 0.1609 0.4536 0.4795
0.4518 0.1595 0.1390 0.1994 0.3722 0.5103 0.2815 0.1354 0.1640 0.2821 0.5085 0.4144 0.1466 0.1444 0.2218 0.4253 0.4890 0.2007 0.1355 0.1814 0.3299 0.5177 0.3412 0.1377 0.1552 0.2573 0.4863 0.4467 0.1562 0.1402 0.2059 0.3904 0.5037 0.2470 0.1350 0.1710 0.3023 0.5164 0.3833 0.1415 0.1489 0.2376 0.4560 0.4713 0.1724 0.1372 0.1922 0.3566 0.5143 0.3303 0.1534 0.3303 0.5143 0.3566 0.1922 0.1372 0.1724 0.4713 0.4560 0.2376 0.1489 0.1415 0.3833 0.5164 0.3023 0.1710 0.1350 0.2470 0.5037 0.3904 0.2059 0.1402 0.1562 0.4467 0.4863 0.2573 0.1552 0.1377 0.3412 0.5177 0.3299 0.1814 0.1355 0.2007 0.4890 0.4253 0.2218 0.1444 0.1466 0.4144 0.5085 0.2821 0.1640 0.1354 0.2815 0.5103 0.3722 0.1994 0.1390 0.1595 0.4518
0.1622 0.1393 0.2007 0.3748 0.5098 0.2796 0.1354 0.1640 0.2817 0.5080 0.4161 0.1471 0.1440 0.2205 0.4223 0.4905 0.2046 0.1354 0.1802 0.3269 0.5179 0.3460 0.1381 0.1545 0.2550 0.4833 0.4496 0.1575 0.1398 0.2043 0.3868 0.5050 0.2525 0.1350 0.1700 0.2995 0.5158 0.3875 0.1421 0.1483 0.2356 0.4523 0.4736 0.1750 0.1370 0.1909 0.3541 0.5143 0.3104 0.1368 0.1391 0.1368 0.3104 0.5143 0.3541 0.1909 0.1370 0.1750 0.4736 0.4523 0.2356 0.1483 0.1421 0.3875 0.5158 0.2995 0.1700 0.1350 0.2525 0.5050 0.3868 0.2043 0.1398 0.1575 0.4496 0.4833 0.2550 0.1545 0.1381 0.3460 0.5179 0.3269 0.1802 0.1354 0.2046 0.4905 0.4223 0.2205 0.1440 0.1471 0.4161 0.5080 0.2817 0.1640 0.1354 0.2796 0.5098 0.3748 0.2007 0.1393 0.1622
0.1432 0.2022 0.3781 0.5089 0.2758 0.1353 0.1643 0.2821 0.5080 0.4167 0.1474 0.1438 0.2195 0.4198 0.4918 0.2081 0.1353 0.1792 0.3241 0.5180 0.3506 0.1384 0.1538 0.2528 0.4802 0.4525 0.1589 0.1394 0.2028 0.3831 0.5063 0.2580 0.1350 0.1689 0.2967 0.5151 0.3917 0.1426 0.1477 0.2336 0.4487 0.4759 0.1777 0.1367 0.1896 0.3509 0.5149 0.3098 0.1363 0.1546 0.2028 0.1546 0.1363 0.3098 0.5149 0.3509 0.1896 0.1367 0.1777 0.4759 0.4487 0.2336 0.1477 0.1426 0.3917 0.5151 0.2967 0.1689 0.1350 0.2580 0.5063 0.3831 0.2028 0.1394 0.1589 0.4525 0.4802 0.2528 0.1538 0.1384 0.3506 0.5180 0.3241 0.1792 0.1353 0.2081 0.4918 0.4198 0.2195 0.1438 0.1474 0.4167 0.5080 0.2821 0.1643 0.1353 0.2758 0.5089 0.3781 0.2022 0.1432
0.2050 0.3817 0.5079 0.2710 0.1353 0.1649 0.2833 0.5085 0.4161 0.1474 0.1437 0.2189 0.4182 0.4928 0.2110 0.1353 0.1783 0.3216 0.5181 0.3548 0.1387 0.1531 0.2507 0.4771 0.4553 0.1604 0.1391 0.2012 0.3795 0.5075 0.2635 0.1351 0.1679 0.2939 0.5142 0.3957 0.1432 0.1471 0.2316 0.4450 0.4782 0.1807 0.1365 0.1882 0.3475 0.5155 0.3138 0.1364 0.1582 0.2551 0.3837 0.2551 0.1582 0.1364 0.3138 0.5155 0.3475 0.1882 0.1365 0.1807 0.4782 0.4450 0.2316 0.1471 0.1432 0.3957 0.5142 0.2939 0.1679 0.1351 0.2635 0.5075 0.3795 0.2012 0.1391 0.1604 0.4553 0.4771 0.2507 0.1531 0.1387 0.3548 0.5181 0.3216 0.1783 0.1353 0.2110 0.4928 0.4182 0.2189 0.1437 0.1474 0.4161 0.5085 0.2833 0.1649 0.1353 0.2710 0.5079 0.3817 0.2050
0.3832 0.5068 0.2657 0.1352 0.1657 0.2853 0.5095 0.4144 0.1471 0.1438 0.2189 0.4176 0.4933 0.2131 0.1352 0.1776 0.3195 0.5181 0.3585 0.1391 0.1525 0.2487 0.4742 0.4579 0.1620 0.1388 0.1997 0.3759 0.5086 0.2691 0.1351 0.1670 0.2912 0.5132 0.3997 0.1438 0.1466 0.2297 0.4413 0.4803 0.1840 0.1363 0.1869 0.3442 0.5160 0.3188 0.1365 0.1584 0.2642 0.4807 0.5060 0.4807 0.2642 0.1584 0.1365 0.3188 0.5160 0.3442 0.1869 0.1363 0.1840 0.4803 0.4413 0.2297 0.1466 0.1438 0.3997 0.5132 0.2912 0.1670 0.1351 0.2691 0.5086 0.3759 0.1997 0.1388 0.1620 0.4579 0.4742 0.2487 0.1525 0.1391 0.3585 0.5181 0.3195 0.1776 0.1352 0.2131 0.4933 0.4176 0.2189 0.1438 0.1471 0.4144 0.5095 0.2853 0.1657 0.1352 0.2657 0.5068 0.3832
0.5057 0.2602 0.1351 0.1666 0.2876 0.5106 0.4118 0.1466 0.1440 0.2195 0.4182 0.4933 0.2138 0.1352 0.1772 0.3180 0.5180 0.3617 0.1394 0.1519 0.2470 0.4713 0.4603 0.1635 0.1384 0.1983 0.3723 0.5096 0.2746 0.1352 0.1660 0.2885 0.5121 0.4036 0.1445 0.1460 0.2278 0.4375 0.4824 0.1874 0.1361 0.1856 0.3409 0.5165 0.3240 0.1368 0.1578 0.2645 0.4917 0.4544 0.2691 0.4544 0.4917 0.2645 0.1578 0.1368 0.3240 0.5165 0.3409 0.1856 0.1361 0.1874 0.4824 0.4375 0.2278 0.1460 0.1445 0.4036 0.5121 0.2885 0.1660 0.1352 0.2746 0.5096 0.3723 0.1983 0.1384 0.1635 0.4603 0.4713 0.2470 0.1519 0.1394 0.3617 0.5180 0.3180 0.1772 0.1352 0.2138 0.4933 0.4182 0.2195 0.1440 0.1466 0.4118 0.5106 0.2876 0.1666 0.1351 0.2602 0.5057
0.2575 0.1350 0.1675 0.2901 0.5117 0.4086 0.1461 0.1444 0.2205 0.4198 0.4928 0.2131 0.1352 0.1770 0.3172 0.5180 0.3638 0.1396 0.1515 0.2455 0.4688 0.4624 0.1650 0.1382 0.1970 0.3689 0.5106 0.2800 0.1353 0.1650 0.2858 0.5109 0.4075 0.1452 0.1455 0.2259 0.4338 0.4845 0.1911 0.1359 0.1843 0.3376 0.5170 0.3291 0.1370 0.1571 0.2628 0.4921 0.4437 0.1613 0.1341 0.1613 0.4437 0.4921 0.2628 0.1571 0.1370 0.3291 0.5170 0.3376 0.1843 0.1359 0.1911 0.4845 0.4338 0.2259 0.1455 0.1452 0.4075 0.5109 0.2858 0.1650 0.1353 0.2800 0.5106 0.3689 0.1970 0.1382 0.1650 0.4624 0.4688 0.2455 0.1515 0.1396 0.3638 0.5180 0.3172 0.1770 0.1352 0.2131 0.4928 0.4198 0.2205 0.1444 0.1461 0.4086 0.5117 0.2901 0.1675 0.1350 0.2575
0.1393 0.1685 0.2928 0.5128 0.4051 0.1454 0.1448 0.2218 0.4223 0.4918 0.2110 0.1352 0.1772 0.3172 0.5180 0.3650 0.1397 0.1512 0.2443 0.4667 0.4642 0.1665 0.1379 0.1958 0.3659 0.5115 0.2851 0.1354 0.1641 0.2832 0.5095 0.4113 0.1459 0.1449 0.2240 0.4300 0.4865 0.1950 0.1357 0.1831 0.3344 0.5173 0.3342 0.1373 0.1563 0.2606 0.4901 0.4433 0.1561 0.1379 0.1635 0.1379 0.1561 0.4433 0.4901 0.2606 0.1563 0.1373 0.3342 0.5173 0.3344 0.1831 0.1357 0.1950 0.4865 0.4300 0.2240 0.1449 0.1459 0.4113 0.5095 0.2832 0.1641 0.1354 0.2851 0.5115 0.3659 0.1958 0.1379 0.1665 0.4642 0.4667 0.2443 0.1512 0.1397 0.3650 0.5180 0.3172 0.1772 0.1352 0.2110 0.4918 0.4223 0.2218 0.1448 0.1454 0.4051 0.5128 0.2928 0.1685 0.1393
0.1718 0.2956 0.5138 0.4013 0.1448 0.1453 0.2234 0.4253 0.4905 0.2081 0.1353 0.1776 0.3180 0.5180 0.3650 0.1398 0.1510 0.2436 0.4652 0.4655 0.1677 0.1377 0.1948 0.3633 0.5122 0.2897 0.1356 0.1633 0.2807 0.5081 0.4149 0.1466 0.1444 0.2222 0.4262 0.4884 0.1992 0.1356 0.1818 0.3312 0.5176 0.3392 0.1376 0.1555 0.2582 0.4874 0.4456 0.1560 0.1397 0.1963 0.2824 0.1963 0.1397 0.1560 0.4456 0.4874 0.2582 0.1555 0.1376 0.3392 0.5176 0.3312 0.1818 0.1356 0.1992 0.4884 0.4262 0.2222 0.1444 0.1466 0.4149 0.5081 0.2807 0.1633 0.1356 0.2897 0.5122 0.3633 0.1948 0.1377 0.1677 0.4655 0.4652 0.2436 0.1510 0.1398 0.3650 0.5180 0.3180 0.1776 0.1353 0.2081 0.4905 0.4253 0.2234 0.1453 0.1448 0.4013 0.5138 0.2956 0.1718
0.2978 0.5147 0.3973 0.1441 0.1458 0.2251 0.4286 0.4890 0.2046 0.1353 0.1783 0.3195 0.5180 0.3638 0.1397 0.1510 0.2433 0.4643 0.4664 0.1686 0.1376 0.1939 0.3610 0.5128 0.2938 0.1357 0.1626 0.2786 0.5066 0.4184 0.1474 0.1439 0.2204 0.4225 0.4903 0.2036 0.1355 0.1806 0.3280 0.5178 0.3441 0.1379 0.1548 0.2560 0.4845 0.4484 0.1570 0.1398 0.2026 0.3660 0.5079 0.3660 0.2026 0.1398 0.1570 0.4484 0.4845 0.2560 0.1548 0.1379 0.3441 0.5178 0.3280 0.1806 0.1355 0.2036 0.4903 0.4225 0.2204 0.1439 0.1474 0.4184 0.5066 0.2786 0.1626 0.1357 0.2938 0.5128 0.3610 0.1939 0.1376 0.1686 0.4664 0.4643 0.2433 0.1510 0.1397 0.3638 0.5180 0.3195 0.1783 0.1353 0.2046 0.4890 0.4286 0.2251 0.1458 0.1441 0.3973 0.5147 0.2978
0.5143 0.3933 0.1435 0.1463 0.2270 0.4323 0.4872 0.2007 0.1354 0.1792 0.3216 0.5181 0.3617 0.1396 0.1512 0.2436 0.4643 0.4667 0.1691 0.1375 0.1934 0.3593 0.5132 0.2974 0.1358 0.1619 0.2766 0.5052 0.4214 0.1482 0.1435 0.2186 0.4188 0.4920 0.2082 0.1353 0.1794 0.3249 0.5180 0.3490 0.1383 0.1540 0.2537 0.4815 0.4513 0.1583 0.1396 0.2029 0.3793 0.5115 0.4179 0.5115 0.3793 0.2029 0.1396 0.1583 0.4513 0.4815 0.2537 0.1540 0.1383 0.3490 0.5180 0.3249 0.1794 0.1353 0.2082 0.4920 0.4188 0.2186 0.1435 0.1482 0.4214 0.5052 0.2766 0.1619 0.1358 0.2974 0.5132 0.3593 0.1934 0.1375 0.1691 0.4667 0.4643 0.2436 0.1512 0.1396 0.3617 0.5181 0.3216 0.1792 0.1354 0.2007 0.4872 0.4323 0.2270 0.1463 0.1435 0.3933 0.5143
0.3908 0.1429 0.1469 0.2289 0.4360 0.4853 0.1967 0.1355 0.1802 0.3241 0.5181 0.3585 0.1394 0.1515 0.2443 0.4652 0.4664 0.1691 0.1375 0.1930 0.3583 0.5136 0.3001 0.1359 0.1613 0.2748 0.5038 0.4240 0.1488 0.1431 0.2171 0.4153 0.4937 0.2128 0.1352 0.1783 0.3218 0.5181 0.3538 0.1386 0.1533 0.2515 0.4783 0.4542 0.1598 0.1392 0.2018 0.3798 0.5084 0.2957 0.1467 0.2957 0.5084 0.3798 0.2018 0.1392 0.1598 0.4542 0.4783 0.2515 0.1533 0.1386 0.3538 0.5181 0.3218 0.1783 0.1352 0.2128 0.4937 0.4153 0.2171 0.1431 0.1488 0.4240 0.5038 0.2748 0.1613 0.1359 0.3001 0.5136 0.3583 0.1930 0.1375 0.1691 0.4664 0.4652 0.2443 0.1515 0.1394 0.3585 0.5181 0.3241 0.1802 0.1355 0.1967 0.4853 0.4360 0.2289 0.1469 0.1429 0.3908
0.1467 0.1475 0.2308 0.4398 0.4833 0.1927 0.1357 0.1814 0.3269 0.5180 0.3548 0.1391 0.1519 0.2455 0.4667 0.4655 0.1686 0.1375 0.1930 0.3579 0.5137 0.3017 0.1360 0.1609 0.2734 0.5025 0.4263 0.1495 0.1427 0.2157 0.4121 0.4952 0.2172 0.1352 0.1771 0.3187 0.5181 0.3585 0.1390 0.1526 0.2493 0.4751 0.4570 0.1614 0.1389 0.2003 0.3771 0.5084 0.2747 0.1353 0.1418 0.1353 0.2747 0.5084 0.3771 0.2003 0.1389 0.1614 0.4570 0.4751 0.2493 0.1526 0.1390 0.3585 0.5181 0.3187 0.1771 0.1352 0.2172 0.4952 0.4121 0.2157 0.1427 0.1495 0.4263 0.5025 0.2734 0.1609 0.1360 0.3017 0.5137 0.3579 0.1930 0.1375 0.1686 0.4655 0.4667 0.2455 0.1519 0.1391 0.3548 0.5180 0.3269 0.1814 0.1357 0.1927 0.4833 0.4398 0.2308 0.1475 0.1467
0.1511 0.2328 0.4435 0.4812 0.1889 0.1358 0.1826 0.3299 0.5179 0.3506 0.1387 0.1525 0.2470 0.4688 0.4642 0.1677 0.1376 0.1934 0.3583 0.5137 0.3023 0.1360 0.1606 0.2724 0.5015 0.4283 0.1501 0.1424 0.2145 0.4093 0.4965 0.2213 0.1351 0.1761 0.3159 0.5180 0.3631 0.1394 0.1519 0.2471 0.4718 0.4597 0.1630 0.1386 0.1988 0.3737 0.5093 0.2741 0.1352 0.1599 0.2136 0.1599 0.1352 0.2741 0.5093 0.3737 0.1988 0.1386 0.1630 0.4597 0.4718 0.2471 0.1519 0.1394 0.3631 0.5180 0.3159 0.1761 0.1351 0.2213 0.4965 0.4093 0.2145 0.1424 0.1501 0.4283 0.5015 0.2724 0.1606 0.1360 0.3023 0.5137 0.3583 0.1934 0.1376 0.1677 0.4642 0.4688 0.2470 0.1525 0.1387 0.3506 0.5179 0.3299 0.1826 0.1358 0.1889 0.4812 0.4435 0.2328 0.1511
0.2354 0.4472 0.4790 0.1853 0.1360 0.1838 0.3331 0.5177 0.3460 0.1384 0.1531 0.2487 0.4713 0.4624 0.1665 0.1377 0.1939 0.3593 0.5136 0.3017 0.1360 0.1605 0.2719 0.5009 0.4297 0.1505 0.1422 0.2134 0.4069 0.4976 0.2251 0.1351 0.1752 0.3133 0.5178 0.3674 0.1398 0.1512 0.2450 0.4684 0.4624 0.1648 0.1382 0.1974 0.3701 0.5102 0.2783 0.1353 0.1639 0.2707 0.4081 0.2707 0.1639 0.1353 0.2783 0.5102 0.3701 0.1974 0.1382 0.1648 0.4624 0.4684 0.2450 0.1512 0.1398 0.3674 0.5178 0.3133 0.1752 0.1351 0.2251 0.4976 0.4069 0.2134 0.1422 0.1505 0.4297 0.5009 0.2719 0.1605 0.1360 0.3017 0.5136 0.3593 0.1939 0.1377 0.1665 0.4624 0.4713 0.2487 0.1531 0.1384 0.3460 0.5177 0.3331 0.1838 0.1360 0.1853 0.4790 0.4472 0.2354
0.4482 0.4768 0.1820 0.1362 0.1851 0.3363 0.5175 0.3412 0.1381 0.1538 0.2507 0.4742 0.4603 0.1650 0.1379 0.1948 0.3610 0.5132 0.3001 0.1360 0.1606 0.2719 0.5006 0.4303 0.1508 0.1420 0.2126 0.4048 0.4985 0.2285 0.1350 0.1744 0.3111 0.5176 0.3713 0.1402 0.1506 0.2429 0.4651 0.4649 0.1668 0.1379 0.1959 0.3666 0.5112 0.2835 0.1354 0.1641 0.2805 0.4984 0.4972 0.4984 0.2805 0.1641 0.1354 0.2835 0.5112 0.3666 0.1959 0.1379 0.1668 0.4649 0.4651 0.2429 0.1506 0.1402 0.3713 0.5176 0.3111 0.1744 0.1350 0.2285 0.4985 0.4048 0.2126 0.1420 0.1508 0.4303 0.5006 0.2719 0.1606 0.1360 0.3001 0.5132 0.3610 0.1948 0.1379 0.1650 0.4603 0.4742 0.2507 0.1538 0.1381 0.3412 0.5175 0.3363 0.1851 0.1362 0.1820 0.4768 0.4482
0.4753 0.1789 0.1364 0.1864 0.3396 0.5171 0.3362 0.1377 0.1545 0.2528 0.4771 0.4579 0.1635 0.1382 0.1958 0.3633 0.5128 0.2974 0.1359 0.1609 0.2724 0.5009 0.4303 0.1509 0.1419 0.2121 0.4033 0.4993 0.2314 0.1350 0.1737 0.3091 0.5174 0.3746 0.1406 0.1501 0.2410 0.4619 0.4673 0.1688 0.1376 0.1945 0.3631 0.5121 0.2890 0.1355 0.1635 0.2808 0.5062 0.4348 0.2331 0.4348 0.5062 0.2808 0.1635 0.1355 0.2890 0.5121 0.3631 0.1945 0.1376 0.1688 0.4673 0.4619 0.2410 0.1501 0.1406 0.3746 0.5174 0.3091 0.1737 0.1350 0.2314 0.4993 0.4033 0.2121 0.1419 0.1509 0.4303 0.5009 0.2724 0.1609 0.1359 0.2974 0.5128 0.3633 0.1958 0.1382 0.1635 0.4579 0.4771 0.2528 0.1545 0.1377 0.3362 0.5171 0.3396 0.1864 0.1364 0.1789 0.4753
0.1800 0.1366 0.1877 0.3429 0.5167 0.3311 0.1374 0.1552 0.2550 0.4802 0.4553 0.1620 0.1384 0.1970 0.3659 0.5122 0.2938 0.1358 0.1613 0.2734 0.5015 0.4297 0.1508 0.1419 0.2120 0.4025 0.4997 0.2335 0.1350 0.1731 0.3073 0.5172 0.3774 0.1409 0.1496 0.2394 0.4589 0.4695 0.1708 0.1374 0.1931 0.3596 0.5130 0.2944 0.1357 0.1626 0.2789 0.5065 0.4222 0.1525 0.1340 0.1525 0.4222 0.5065 0.2789 0.1626 0.1357 0.2944 0.5130 0.3596 0.1931 0.1374 0.1708 0.4695 0.4589 0.2394 0.1496 0.1409 0.3774 0.5172 0.3073 0.1731 0.1350 0.2335 0.4997 0.4025 0.2120 0.1419 0.1508 0.4297 0.5015 0.2734 0.1613 0.1358 0.2938 0.5122 0.3659 0.1970 0.1384 0.1620 0.4553 0.4802 0.2550 0.1552 0.1374 0.3311 0.5167 0.3429 0.1877 0.1366 0.1800
0.1407 0.1890 0.3462 0.5162 0.3260 0.1372 0.1560 0.2573 0.4833 0.4525 0.1604 0.1388 0.1983 0.3689 0.5115 0.2897 0.1357 0.1619 0.2748 0.5025 0.4283 0.1505 0.1420 0.2121 0.4025 0.4999 0.2345 0.1350 0.1727 0.3060 0.5169 0.3799 0.1412 0.1492 0.2379 0.4562 0.4714 0.1728 0.1372 0.1918 0.3564 0.5137 0.2998 0.1358 0.1617 0.2765 0.5052 0.4218 0.1490 0.1402 0.1700 0.1402 0.1490 0.4218 0.5052 0.2765 0.1617 0.1358 0.2998 0.5137 0.3564 0.1918 0.1372 0.1728 0.4714 0.4562 0.2379 0.1492 0.1412 0.3799 0.5169 0.3060 0.1727 0.1350 0.2345 0.4999 0.4025 0.2121 0.1420 0.1505 0.4283 0.5025 0.2748 0.1619 0.1357 0.2897 0.5115 0.3689 0.1983 0.1388 0.1604 0.4525 0.4833 0.2573 0.1560 0.1372 0.3260 0.5162 0.3462 0.1890 0.1407
0.1920 0.3495 0.5157 0.3209 0.1369 0.1568 0.2596 0.4863 0.4496 0.1589 0.1391 0.1997 0.3723 0.5106 0.2851 0.1356 0.1626 0.2766 0.5038 0.4263 0.1501 0.1422 0.2126 0.4033 0.4997 0.2345 0.1350 0.1724 0.3051 0.5167 0.3820 0.1415 0.1488 0.2367 0.4538 0.4731 0.1747 0.1370 0.1907 0.3535 0.5144 0.3049 0.1360 0.1609 0.2740 0.5034 0.4244 0.1490 0.1423 0.2064 0.3006 0.2064 0.1423 0.1490 0.4244 0.5034 0.2740 0.1609 0.1360 0.3049 0.5144 0.3535 0.1907 0.1370 0.1747 0.4731 0.4538 0.2367 0.1488 0.1415 0.3820 0.5167 0.3051 0.1724 0.1350 0.2345 0.4997 0.4033 0.2126 0.1422 0.1501 0.4263 0.5038 0.2766 0.1626 0.1356 0.2851 0.5106 0.3723 0.1997 0.1391 0.1589 0.4496 0.4863 0.2596 0.1568 0.1369 0.3209 0.5157 0.3495 0.1920
0.3513 0.5151 0.3156 0.1366 0.1576 0.2620 0.4891 0.4467 0.1575 0.1394 0.2012 0.3759 0.5096 0.2800 0.1354 0.1633 0.2786 0.5052 0.4240 0.1495 0.1424 0.2134 0.4048 0.4993 0.2335 0.1350 0.1724 0.3048 0.5166 0.3833 0.1417 0.1485 0.2357 0.4518 0.4745 0.1765 0.1368 0.1898 0.3509 0.5149 0.3095 0.1362 0.1601 0.2716 0.5014 0.4277 0.1497 0.1425 0.2132 0.3896 0.5148 0.3896 0.2132 0.1425 0.1497 0.4277 0.5014 0.2716 0.1601 0.1362 0.3095 0.5149 0.3509 0.1898 0.1368 0.1765 0.4745 0.4518 0.2357 0.1485 0.1417 0.3833 0.5166 0.3048 0.1724 0.1350 0.2335 0.4993 0.4048 0.2134 0.1424 0.1495 0.4240 0.5052 0.2786 0.1633 0.1354 0.2800 0.5096 0.3759 0.2012 0.1394 0.1575 0.4467 0.4891 0.2620 0.1576 0.1366 0.3156 0.5151 0.3513
0.5142 0.3103 0.1364 0.1584 0.2643 0.4919 0.4436 0.1562 0.1398 0.2028 0.3795 0.5086 0.2746 0.1353 0.1641 0.2807 0.5066 0.4214 0.1488 0.1427 0.2145 0.4069 0.4985 0.2314 0.1350 0.1727 0.3051 0.5166 0.3837 0.1418 0.1484 0.2350 0.4502 0.4756 0.1780 0.1366 0.1889 0.3486 0.5154 0.3135 0.1363 0.1593 0.2693 0.4993 0.4309 0.1506 0.1422 0.2135 0.4034 0.5046 0.3930 0.5046 0.4034 0.2135 0.1422 0.1506 0.4309 0.4993 0.2693 0.1593 0.1363 0.3135 0.5154 0.3486 0.1889 0.1366 0.1780 0.4756 0.4502 0.2350 0.1484 0.1418 0.3837 0.5166 0.3051 0.1727 0.1350 0.2314 0.4985 0.4069 0.2145 0.1427 0.1488 0.4214 0.5066 0.2807 0.1641 0.1353 0.2746 0.5086 0.3795 0.2028 0.1398 0.1562 0.4436 0.4919 0.2643 0.1584 0.1364 0.3103 0.5142
0.3073 0.1362 0.1592 0.2667 0.4945 0.4405 0.1549 0.1402 0.2043 0.3831 0.5075 0.2691 0.1352 0.1650 0.2832 0.5081 0.4184 0.1482 0.1431 0.2157 0.4093 0.4976 0.2285 0.1350 0.1731 0.3060 0.5167 0.3833 0.1418 0.1483 0.2346 0.4491 0.4765 0.1793 0.1365 0.1882 0.3466 0.5157 0.3169 0.1365 0.1587 0.2674 0.4973 0.4339 0.1515 0.1418 0.2123 0.4040 0.5001 0.2595 0.1419 0.2595 0.5001 0.4040 0.2123 0.1418 0.1515 0.4339 0.4973 0.2674 0.1587 0.1365 0.3169 0.5157 0.3466 0.1882 0.1365 0.1793 0.4765 0.4491 0.2346 0.1483 0.1418 0.3833 0.5167 0.3060 0.1731 0.1350 0.2285 0.4976 0.4093 0.2157 0.1431 0.1482 0.4184 0.5081 0.2832 0.1650 0.1352 0.2691 0.5075 0.3831 0.2043 0.1402 0.1549 0.4405 0.4945 0.2667 0.1592 0.1362 0.3073
0.1404 0.1601 0.2692 0.4970 0.4374 0.1537 0.1406 0.2059 0.3868 0.5063 0.2635 0.1351 0.1660 0.2858 0.5095 0.4149 0.1474 0.1435 0.2171 0.4121 0.4965 0.2251 0.1350 0.1737 0.3073 0.5169 0.3820 0.1417 0.1484 0.2346 0.4487 0.4769 0.1802 0.1364 0.1876 0.3450 0.5160 0.3199 0.1366 0.1582 0.2657 0.4955 0.4365 0.1524 0.1414 0.2109 0.4014 0.5000 0.2387 0.1345 0.1450 0.1345 0.2387 0.5000 0.4014 0.2109 0.1414 0.1524 0.4365 0.4955 0.2657 0.1582 0.1366 0.3199 0.5160 0.3450 0.1876 0.1364 0.1802 0.4769 0.4487 0.2346 0.1484 0.1417 0.3820 0.5169 0.3073 0.1737 0.1350 0.2251 0.4965 0.4121 0.2171 0.1435 0.1474 0.4149 0.5095 0.2858 0.1660 0.1351 0.2635 0.5063 0.3868 0.2059 0.1406 0.1537 0.4374 0.4970 0.2692 0.1601 0.1404
0.1634 0.2716 0.4993 0.4341 0.1526 0.1410 0.2075 0.3904 0.5050 0.2580 0.1351 0.1670 0.2885 0.5109 0.4113 0.1466 0.1439 0.2186 0.4153 0.4952 0.2213 0.1351 0.1744 0.3091 0.5172 0.3799 0.1415 0.1485 0.2350 0.4491 0.4769 0.1806 0.1364 0.1872 0.3437 0.5163 0.3225 0.1368 0.1577 0.2643 0.4939 0.4387 0.1532 0.1411 0.2096 0.3984 0.5009 0.2378 0.1348 0.1659 0.2255 0.1659 0.1348 0.2378 0.5009 0.3984 0.2096 0.1411 0.1532 0.4387 0.4939 0.2643 0.1577 0.1368 0.3225 0.5163 0.3437 0.1872 0.1364 0.1806 0.4769 0.4491 0.2350 0.1485 0.1415 0.3799 0.5172 0.3091 0.1744 0.1351 0.2213 0.4952 0.4153 0.2186 0.1439 0.1466 0.4113 0.5109 0.2885 0.1670 0.1351 0.2580 0.5050 0.3904 0.2075 0.1410 0.1526 0.4341 0.4993 0.2716 0.1634
0.2740 0.5015 0.4309 0.1516 0.1414 0.2091 0.3941 0.5037 0.2525 0.1350 0.1679 0.2912 0.5121 0.4075 0.1459 0.1444 0.2204 0.4188 0.4937 0.2172 0.1351 0.1752 0.3111 0.5174 0.3774 0.1412 0.1488 0.2357 0.4502 0.4765 0.1802 0.1364 0.1871 0.3431 0.5164 0.3244 0.1369 0.1574 0.2631 0.4924 0.4406 0.1540 0.1408 0.2083 0.3955 0.5020 0.2410 0.1349 0.1704 0.2879 0.4333 0.2879 0.1704 0.1349 0.2410 0.5020 0.3955 0.2083 0.1408 0.1540 0.4406 0.4924 0.2631 0.1574 0.1369 0.3244 0.5164 0.3431 0.1871 0.1364 0.1802 0.4765 0.4502 0.2357 0.1488 0.1412 0.3774 0.5174 0.3111 0.1752 0.1351 0.2172 0.4937 0.4188 0.2204 0.1444 0.1459 0.4075 0.5121 0.2912 0.1679 0.1350 0.2525 0.5037 0.3941 0.2091 0.1414 0.1516 0.4309 0.5015 0.2740
0.5015 0.4275 0.1506 0.1418 0.2108 0.3978 0.5024 0.2470 0.1350 0.1689 0.2939 0.5132 0.4036 0.1452 0.1449 0.2222 0.4225 0.4920 0.2128 0.1352 0.1761 0.3133 0.5176 0.3746 0.1409 0.1492 0.2367 0.4518 0.4756 0.1793 0.1364 0.1872 0.3431 0.5165 0.3255 0.1370 0.1571 0.2621 0.4912 0.4421 0.1546 0.1406 0.2073 0.3930 0.5030 0.2448 0.1350 0.1708 0.2986 0.5103 0.4857 0.5103 0.2986 0.1708 0.1350 0.2448 0.5030 0.3930 0.2073 0.1406 0.1546 0.4421 0.4912 0.2621 0.1571 0.1370 0.3255 0.5165 0.3431 0.1872 0.1364 0.1793 0.4756 0.4518 0.2367 0.1492 0.1409 0.3746 0.5176 0.3133 0.1761 0.1352 0.2128 0.4920 0.4225 0.2222 0.1449 0.1452 0.4036 0.5132 0.2939 0.1689 0.1350 0.2470 0.5024 0.3978 0.2108 0.1418 0.1506 0.4275 0.5015
0.4253 0.1496 0.1423 0.2125 0.4016 0.5010 0.2416 0.1350 0.1700 0.2967 0.5142 0.3997 0.1445 0.1455 0.2240 0.4262 0.4903 0.2082 0.1352 0.1771 0.3159 0.5178 0.3713 0.1406 0.1496 0.2379 0.4538 0.4745 0.1780 0.1365 0.1876 0.3437 0.5164 0.3255 0.1370 0.1569 0.2614 0.4903 0.4434 0.1552 0.1404 0.2064 0.3907 0.5039 0.2485 0.1350 0.1703 0.2994 0.5147 0.4115 0.1999 0.4115 0.5147 0.2994 0.1703 0.1350 0.2485 0.5039 0.3907 0.2064 0.1404 0.1552 0.4434 0.4903 0.2614 0.1569 0.1370 0.3255 0.5164 0.3437 0.1876 0.1365 0.1780 0.4745 0.4538 0.2379 0.1496 0.1406 0.3713 0.5178 0.3159 0.1771 0.1352 0.2082 0.4903 0.4262 0.2240 0.1455 0.1445 0.3997 0.5142 0.2967 0.1700 0.1350 0.2416 0.5010 0.4016 0.2125 0.1423 0.1496 0.4253
0.1531 0.1427 0.2141 0.4053 0.4995 0.2362 0.1350 0.1710 0.2995 0.5151 0.3957 0.1438 0.1460 0.2259 0.4300 0.4884 0.2036 0.1353 0.1783 0.3187 0.5180 0.3674 0.1402 0.1501 0.2394 0.4562 0.4731 0.1765 0.1366 0.1882 0.3450 0.5163 0.3244 0.1370 0.1569 0.2612 0.4897 0.4442 0.1556 0.1402 0.2057 0.3889 0.5046 0.2518 0.1350 0.1697 0.2982 0.5151 0.3962 0.1461 0.1345 0.1461 0.3962 0.5151 0.2982 0.1697 0.1350 0.2518 0.5046 0.3889 0.2057 0.1402 0.1556 0.4442 0.4897 0.2612 0.1569 0.1370 0.3244 0.5163 0.3450 0.1882 0.1366 0.1765 0.4731 0.4562 0.2394 0.1501 0.1402 0.3674 0.5180 0.3187 0.1783 0.1353 0.2036 0.4884 0.4300 0.2259 0.1460 0.1438 0.3957 0.5151 0.2995 0.1710 0.1350 0.2362 0.4995 0.4053 0.2141 0.1427 0.1531
0.1465 0.2159 0.4091 0.4980 0.2309 0.1350 0.1721 0.3023 0.5158 0.3917 0.1432 0.1466 0.2278 0.4338 0.4865 0.1992 0.1355 0.1794 0.3218 0.5181 0.3631 0.1398 0.1506 0.2410 0.4589 0.4714 0.1747 0.1368 0.1889 0.3466 0.5160 0.3225 0.1369 0.1571 0.2614 0.4897 0.4445 0.1558 0.1401 0.2051 0.3874 0.5052 0.2545 0.1350 0.1691 0.2966 0.5148 0.3947 0.1437 0.1433 0.1778 0.1433 0.1437 0.3947 0.5148 0.2966 0.1691 0.1350 0.2545 0.5052 0.3874 0.2051 0.1401 0.1558 0.4445 0.4897 0.2614 0.1571 0.1369 0.3225 0.5160 0.3466 0.1889 0.1368 0.1747 0.4714 0.4589 0.2410 0.1506 0.1398 0.3631 0.5181 0.3218 0.1794 0.1355 0.1992 0.4865 0.4338 0.2278 0.1466 0.1432 0.3917 0.5158 0.3023 0.1721 0.1350 0.2309 0.4980 0.4091 0.2159 0.1465
0.2186 0.4128 0.4964 0.2257 0.1350 0.1731 0.3052 0.5164 0.3875 0.1426 0.1471 0.2297 0.4375 0.4845 0.1950 0.1356 0.1806 0.3249 0.5181 0.3585 0.1394 0.1512 0.2429 0.4619 0.4695 0.1728 0.1370 0.1898 0.3486 0.5157 0.3199 0.1368 0.1574 0.2621 0.4903 0.4442 0.1558 0.1401 0.2048 0.3864 0.5056 0.2567 0.1350 0.1686 0.2952 0.5144 0.3961 0.1435 0.1460 0.2185 0.3219 0.2185 0.1460 0.1435 0.3961 0.5144 0.2952 0.1686 0.1350 0.2567 0.5056 0.3864 0.2048 0.1401 0.1558 0.4442 0.4903 0.2621 0.1574 0.1368 0.3199 0.5157 0.3486 0.1898 0.1370 0.1728 0.4695 0.4619 0.2429 0.1512 0.1394 0.3585 0.5181 0.3249 0.1806 0.1356 0.1950 0.4845 0.4375 0.2297 0.1471 0.1426 0.3875 0.5164 0.3052 0.1731 0.1350 0.2257 0.4964 0.4128 0.2186
0.4142 0.4947 0.2206 0.1351 0.1742 0.3081 0.5169 0.3833 0.1421 0.1477 0.2316 0.4413 0.4824 0.1911 0.1357 0.1818 0.3280 0.5180 0.3538 0.1390 0.1519 0.2450 0.4651 0.4673 0.1708 0.1372 0.1907 0.3509 0.5154 0.3169 0.1366 0.1577 0.2631 0.4912 0.4434 0.1556 0.1401 0.2048 0.3861 0.5058 0.2582 0.1350 0.1682 0.2940 0.5140 0.3979 0.1437 0.1463 0.2264 0.4169 0.5171 0.4169 0.2264 0.1463 0.1437 0.3979 0.5140 0.2940 0.1682 0.1350 0.2582 0.5058 0.3861 0.2048 0.1401 0.1556 0.4434 0.4912 0.2631 0.1577 0.1366 0.3169 0.5154 0.3509 0.1907 0.1372 0.1708 0.4673 0.4651 0.2450 0.1519 0.1390 0.3538 0.5180 0.3280 0.1818 0.1357 0.1911 0.4824 0.4413 0.2316 0.1477 0.1421 0.3833 0.5169 0.3081 0.1742 0.1351 0.2206 0.4947 0.4142
0.4935 0.2156 0.1351 0.1753 0.3111 0.5173 0.3790 0.1415 0.1483 0.2336 0.4450 0.4803 0.1874 0.1359 0.1831 0.3312 0.5178 0.3490 0.1386 0.1526 0.2471 0.4684 0.4649 0.1688 0.1374 0.1918 0.3535 0.5149 0.3135 0.1365 0.1582 0.2643 0.4924 0.4421 0.1552 0.1402 0.2051 0.3864 0.5058 0.2588 0.1351 0.1679 0.2930 0.5136 0.3995 0.1440 0.1462 0.2275 0.4321 0.4936 0.3608 0.4936 0.4321 0.2275 0.1462 0.1440 0.3995 0.5136 0.2930 0.1679 0.1351 0.2588 0.5058 0.3864 0.2051 0.1402 0.1552 0.4421 0.4924 0.2643 0.1582 0.1365 0.3135 0.5149 0.3535 0.1918 0.1374 0.1688 0.4649 0.4684 0.2471 0.1526 0.1386 0.3490 0.5178 0.3312 0.1831 0.1359 0.1874 0.4803 0.4450 0.2336 0.1483 0.1415 0.3790 0.5173 0.3111 0.1753 0.1351 0.2156 0.4935
0.2141 0.1352 0.1765 0.3140 0.5177 0.3746 0.1410 0.1489 0.2356 0.4487 0.4782 0.1840 0.1361 0.1843 0.3344 0.5176 0.3441 0.1383 0.1533 0.2493 0.4718 0.4624 0.1668 0.1376 0.1931 0.3564 0.5144 0.3095 0.1363 0.1587 0.2657 0.4939 0.4406 0.1546 0.1404 0.2057 0.3874 0.5056 0.2582 0.1351 0.1678 0.2925 0.5133 0.4009 0.1442 0.1461 0.2272 0.4344 0.4867 0.2181 0.1380 0.2181 0.4867 0.4344 0.2272 0.1461 0.1442 0.4009 0.5133 0.2925 0.1678 0.1351 0.2582 0.5056 0.3874 0.2057 0.1404 0.1546 0.4406 0.4939 0.2657 0.1587 0.1363 0.3095 0.5144 0.3564 0.1931 0.1376 0.1668 0.4624 0.4718 0.2493 0.1533 0.1383 0.3441 0.5176 0.3344 0.1843 0.1361 0.1840 0.4782 0.4487 0.2356 0.1489 0.1410 0.3746 0.5177 0.3140 0.1765 0.1352 0.2141
0.1394 0.1776 0.3170 0.5179 0.3702 0.1405 0.1496 0.2376 0.4523 0.4759 0.1807 0.1363 0.1856 0.3376 0.5173 0.3392 0.1379 0.1540 0.2515 0.4751 0.4597 0.1648 0.1379 0.1945 0.3596 0.5137 0.3049 0.1362 0.1593 0.2674 0.4955 0.4387 0.1540 0.1406 0.2064 0.3889 0.5052 0.2567 0.1350 0.1679 0.2925 0.5132 0.4017 0.1444 0.1459 0.2266 0.4338 0.4856 0.1986 0.1345 0.1498 0.1345 0.1986 0.4856 0.4338 0.2266 0.1459 0.1444 0.4017 0.5132 0.2925 0.1679 0.1350 0.2567 0.5052 0.3889 0.2064 0.1406 0.1540 0.4387 0.4955 0.2674 0.1593 0.1362 0.3049 0.5137 0.3596 0.1945 0.1379 0.1648 0.4597 0.4751 0.2515 0.1540 0.1379 0.3392 0.5173 0.3376 0.1856 0.1363 0.1807 0.4759 0.4523 0.2376 0.1496 0.1405 0.3702 0.5179 0.3170 0.1776 0.1394
0.1807 0.3201 0.5180 0.3656 0.1401 0.1502 0.2396 0.4560 0.4736 0.1777 0.1365 0.1869 0.3409 0.5170 0.3342 0.1376 0.1548 0.2537 0.4783 0.4570 0.1630 0.1382 0.1959 0.3631 0.5130 0.2998 0.1360 0.1601 0.2693 0.4973 0.4365 0.1532 0.1408 0.2073 0.3907 0.5046 0.2545 0.1350 0.1682 0.2930 0.5133 0.4017 0.1445 0.1458 0.2262 0.4329 0.4858 0.1959 0.1354 0.1746 0.2419 0.1746 0.1354 0.1959 0.4858 0.4329 0.2262 0.1458 0.1445 0.4017 0.5133 0.2930 0.1682 0.1350 0.2545 0.5046 0.3907 0.2073 0.1408 0.1532 0.4365 0.4973 0.2693 0.1601 0.1360 0.2998 0.5130 0.3631 0.1959 0.1382 0.1630 0.4570 0.4783 0.2537 0.1548 0.1376 0.3342 0.5170 0.3409 0.1869 0.1365 0.1777 0.4736 0.4560 0.2396 0.1502 0.1401 0.3656 0.5180 0.3201 0.1807
0.3221 0.5181 0.3610 0.1396 0.1509 0.2417 0.4595 0.4713 0.1750 0.1367 0.1882 0.3442 0.5165 0.3291 0.1373 0.1555 0.2560 0.4815 0.4542 0.1614 0.1386 0.1974 0.3666 0.5121 0.2944 0.1358 0.1609 0.2716 0.4993 0.4339 0.1524 0.1411 0.2083 0.3930 0.5039 0.2518 0.1350 0.1686 0.2940 0.5136 0.4009 0.1444 0.1458 0.2260 0.4323 0.4861 0.1961 0.1356 0.1801 0.3119 0.4638 0.3119 0.1801 0.1356 0.1961 0.4861 0.4323 0.2260 0.1458 0.1444 0.4009 0.5136 0.2940 0.1686 0.1350 0.2518 0.5039 0.3930 0.2083 0.1411 0.1524 0.4339 0.4993 0.2716 0.1609 0.1358 0.2944 0.5121 0.3666 0.1974 0.1386 0.1614 0.4542 0.4815 0.2560 0.1555 0.1373 0.3291 0.5165 0.3442 0.1882 0.1367 0.1750 0.4713 0.4595 0.2417 0.1509 0.1396 0.3610 0.5181 0.3221
0.5174 0.3564 0.1392 0.1515 0.2438 0.4631 0.4688 0.1724 0.1370 0.1896 0.3475 0.5160 0.3240 0.1370 0.1563 0.2582 0.4845 0.4513 0.1598 0.1389 0.1988 0.3701 0.5112 0.2890 0.1357 0.1617 0.2740 0.5014 0.4309 0.1515 0.1414 0.2096 0.3955 0.5030 0.2485 0.1350 0.1691 0.2952 0.5140 0.3995 0.1442 0.1459 0.2262 0.4323 0.4863 0.1965 0.1356 0.1812 0.3250 0.5169 0.4669 0.5169 0.3250 0.1812 0.1356 0.1965 0.4863 0.4323 0.2262 0.1459 0.1442 0.3995 0.5140 0.2952 0.1691 0.1350 0.2485 0.5030 0.3955 0.2096 0.1414 0.1515 0.4309 0.5014 0.2740 0.1617 0.1357 0.2890 0.5112 0.3701 0.1988 0.1389 0.1598 0.4513 0.4845 0.2582 0.1563 0.1370 0.3240 0.5160 0.3475 0.1896 0.1370 0.1724 0.4688 0.4631 0.2438 0.1515 0.1392 0.3564 0.5174
0.3536 0.1388 0.1522 0.2459 0.4665 0.4664 0.1701 0.1372 0.1909 0.3509 0.5155 0.3188 0.1368 0.1571 0.2606 0.4874 0.4484 0.1583 0.1392 0.2003 0.3737 0.5102 0.2835 0.1355 0.1626 0.2765 0.5034 0.4277 0.1506 0.1418 0.2109 0.3984 0.5020 0.2448 0.1350 0.1697 0.2966 0.5144 0.3979 0.1440 0.1461 0.2266 0.4329 0.4861 0.1965 0.1356 0.1814 0.3277 0.5179 0.3750 0.1698 0.3750 0.5179 0.3277 0.1814 0.1356 0.1965 0.4861 0.4329 0.2266 0.1461 0.1440 0.3979 0.5144 0.2966 0.1697 0.1350 0.2448 0.5020 0.3984 0.2109 0.1418 0.1506 0.4277 0.5034 0.2765 0.1626 0.1355 0.2835 0.5102 0.3737 0.2003 0.1392 0.1583 0.4484 0.4874 0.2606 0.1571 0.1368 0.3188 0.5155 0.3509 0.1909 0.1372 0.1701 0.4664 0.4665 0.2459 0.1522 0.1388 0.3536
0.1429 0.1529 0.2479 0.4698 0.4639 0.1680 0.1375 0.1922 0.3541 0.5149 0.3138 0.1365 0.1578 0.2628 0.4901 0.4456 0.1570 0.1396 0.2018 0.3771 0.5093 0.2783 0.1354 0.1635 0.2789 0.5052 0.4244 0.1497 0.1422 0.2123 0.4014 0.5009 0.2410 0.1350 0.1703 0.2982 0.5148 0.3961 0.1437 0.1462 0.2272 0.4338 0.4858 0.1961 0.1356 0.1814 0.3282 0.5179 0.3546 0.1404 0.1362 0.1404 0.3546 0.5179 0.3282 0.1814 0.1356 0.1961 0.4858 0.4338 0.2272 0.1462 0.1437 0.3961 0.5148 0.2982 0.1703 0.1350 0.2410 0.5009 0.4014 0.2123 0.1422 0.1497 0.4244 0.5052 0.2789 0.1635 0.1354 0.2783 0.5093 0.3771 0.2018 0.1396 0.1570 0.4456 0.4901 0.2628 0.1578 0.1365 0.3138 0.5149 0.3541 0.1922 0.1375 0.1680 0.4639 0.4698 0.2479 0.1529 0.1429
0.1561 0.2495 0.4722 0.4620 0.1665 0.1377 0.1932 0.3566 0.5143 0.3098 0.1364 0.1584 0.2645 0.4921 0.4433 0.1560 0.1398 0.2029 0.3798 0.5084 0.2741 0.1353 0.1641 0.2808 0.5065 0.4218 0.1490 0.1425 0.2135 0.4040 0.5000 0.2378 0.1349 0.1708 0.2994 0.5151 0.3947 0.1435 0.1463 0.2275 0.4344 0.4856 0.1959 0.1356 0.1812 0.3277 0.5179 0.3511 0.1389 0.1485 0.1895 0.1485 0.1389 0.3511 0.5179 0.3277 0.1812 0.1356 0.1959 0.4856 0.4344 0.2275 0.1463 0.1435 0.3947 0.5151 0.2994 0.1708 0.1349 0.2378 0.5000 0.4040 0.2135 0.1425 0.1490 0.4218 0.5065 0.2808 0.1641 0.1353 0.2741 0.5084 0.3798 0.2029 0.1398 0.1560 0.4433 0.4921 0.2645 0.1584 0.1364 0.3098 0.5143 0.3566 0.1932 0.1377 0.1665 0.4620 0.4722 0.2495 0.1561
0.2495 0.4718 0.4623 0.1666 0.1375 0.1929 0.3562 0.5143 0.3104 0.1363 0.1582 0.2642 0.4917 0.4437 0.1561 0.1397 0.2026 0.3793 0.5084 0.2747 0.1352 0.1639 0.2805 0.5062 0.4222 0.1490 0.1423 0.2132 0.4034 0.5001 0.2387 0.1348 0.1704 0.2986 0.5147 0.3962 0.1437 0.1460 0.2264 0.4321 0.4867 0.1986 0.1354 0.1801 0.3250 0.5179 0.3546 0.1389 0.1512 0.2347 0.3493 0.2347 0.1512 0.1389 0.3546 0.5179 0.3250 0.1801 0.1354 0.1986 0.4867 0.4321 0.2264 0.1460 0.1437 0.3962 0.5147 0.2986 0.1704 0.1348 0.2387 0.5001 0.4034 0.2132 0.1423 0.1490 0.4222 0.5062 0.2805 0.1639 0.1352 0.2747 0.5084 0.3793 0.2026 0.1397 0.1561 0.4437 0.4917 0.2642 0.1582 0.1363 0.3104 0.5143 0.3562 0.1929 0.1375 0.1666 0.4623 0.4718 0.2495
0.4559 0.4712 0.1753 0.1361 0.1872 0.3436 0.5159 0.3303 0.1368 0.1546 0.2551 0.4807 0.4544 0.1613 0.1379 0.1963 0.3660 0.5115 0.2957 0.1353 0.1599 0.2707 0.4984 0.4348 0.1525 0.1402 0.2064 0.3896 0.5046 0.2595 0.1345 0.1659 0.2879 0.5103 0.4115 0.1461 0.1433 0.2185 0.4169 0.4936 0.2181 0.1345 0.1746 0.3119 0.5169 0.3750 0.1404 0.1485 0.2347 0.4329 0.5157 0.4329 0.2347 0.1485 0.1404 0.3750 0.5169 0.3119 0.1746 0.1345 0.2181 0.4936 0.4169 0.2185 0.1433 0.1461 0.4115 0.5103 0.2879 0.1659 0.1345 0.2595 0.5046 0.3896 0.2064 0.1402 0.1525 0.4348 0.4984 0.2707 0.1599 0.1353 0.2957 0.5115 0.3660 0.1963 0.1379 0.1613 0.4544 0.4807 0.2551 0.1546 0.1368 0.3303 0.5159 0.3436 0.1872 0.1361 0.1753 0.4712 0.4559
0.5120 0.3044 0.1349 0.1578 0.2657 0.4948 0.4396 0.1534 0.1391 0.2028 0.3837 0.5060 0.2691 0.1341 0.1635 0.2824 0.5079 0.4179 0.1467 0.1418 0.2136 0.4081 0.4972 0.2331 0.1340 0.1700 0.3006 0.5148 0.3930 0.1419 0.1450 0.2255 0.4333 0.4857 0.1999 0.1345 0.1778 0.3219 0.5171 0.3608 0.1380 0.1498 0.2419 0.4638 0.4669 0.1698 0.1362 0.1895 0.3493 0.5157 0.4479 0.5157 0.3493 0.1895 0.1362 0.1698 0.4669 0.4638 0.2419 0.1498 0.1380 0.3608 0.5171 0.3219 0.1778 0.1345 0.1999 0.4857 0.4333 0.2255 0.1450 0.1419 0.3930 0.5148 0.3006 0.1700 0.1340 0.2331 0.4972 0.4081 0.2136 0.1418 0.1467 0.4179 0.5079 0.2824 0.1635 0.1341 0.2691 0.5060 0.3837 0.2028 0.1391 0.1534 0.4396 0.4948 0.2657 0.1578 0.1349 0.3044 0.5120
0.4559 0.4712 0.1753 0.1361 0.1872 0.3436 0.5159 0.3303 0.1368 0.1546 0.2551 0.4807 0.4544 0.1613 0.1379 0.1963 0.3660 0.5115 0.2957 0.1353 0.1599 0.2707 0.4984 0.4348 0.1525 0.1402 0.2064 0.3896 0.5046 0.2595 0.1345 0.1659 0.2879 0.5103 0.4115 0.1461 0.1433 0.2185 0.4169 0.4936 0.2181 0.1345 0.1746 0.3119 0.5169 0.3750 0.1404 0.1485 0.2347 0.4329 0.5157 0.4329 0.2347 0.1485 0.1404 0.3750 0.5169 0.3119 0.1746 0.1345 0.2181 0.4936 0.4169 0.2185 0.1433 0.1461 0.4115 0.5103 0.2879 0.1659 0.1345 0.2595 0.5046 0.3896 0.2064 0.1402 0.1525 0.4348 0.4984 0.2707 0.1599 0.1353 0.2957 0.5115 0.3660 0.1963 0.1379 0.1613 0.4544 0.4807 0.2551 0.1546 0.1368 0.3303 0.5159 0.3436 0.1872 0.1361 0.1753 0.4712 0.4559
0.2495 0.4718 0.4623 0.1666 0.1375 0.1929 0.3562 0.5143 0.3104 0.1363 0.1582 0.2642 0.4917 0.4437 0.1561 0.1397 0.2026 0.3793 0.5084 0.2747 0.1352 0.1639 0.2805 0.5062 0.4222 0.1490 0.1423 0.2132 0.4034 0.5001 0.2387 0.1348 0.1704 0.2986 0.5147 0.3962 0.1437 0.1460 0.2264 0.4321 0.4867 0.1986 0.1354 0.1801 0.3250 0.5179 0.3546 0.1389 0.1512 0.2347 0.3493 0.2347 0.1512 0.1389 0.3546 0.5179 0.3250 0.1801 0.1354 0.1986 0.4867 0.4321 0.2264 0.1460 0.1437 0.3962 0.5147 0.2986 0.1704 0.1348 0.2387 0.5001 0.4034 0.2132 0.1423 0.1490 0.4222 0.5062 0.2805 0.1639 0.1352 0.2747 0.5084 0.3793 0.2026 0.1397 0.1561 0.4437 0.4917 0.2642 0.1582 0.1363 0.3104 0.5143 0.3562 0.1929 0.1375 0.1666 0.4623 0.4718 0.2495
0.1561 0.2495 0.4722 0.4620 0.1665 0.1377 0.1932 0.3566 0.5143 0.3098 0.1364 0.1584 0.2645 0.4921 0.4433 0.1560 0.1398 0.2029 0.3798 0.5084 0.2741 0.1353 0.1641 0.2808 0.5065 0.4218 0.1490 0.1425 0.2135 0.4040 0.5000 0.2378 0.1349 0.1708 0.2994 0.5151 0.3947 0.1435 0.1463 0.2275 0.4344 0.4856 0.1959 0.1356 0.1812 0.3277 0.5179 0.3511 0.1389 0.1485 0.1895 0.1485 0.1389 0.3511 0.5179 0.3277 0.1812 0.1356 0.1959 0.4856 0.4344 0.2275 0.1463 0.1435 0.3947 0.5151 0.2994 0.1708 0.1349 0.2378 0.5000 0.4040 0.2135 0.1425 0.1490 0.4218 0.5065 0.2808 0.1641 0.1353 0.2741 0.5084 0.3798 0.2029 0.1398 0.1560 0.4433 0.4921 0.2645 0.1584 0.1364 0.3098 0.5143 0.3566 0.1932 0.1377 0.1665 0.4620 0.4722 0.2495 0.1561
0.1429 0.1529 0.2479 0.4698 0.4639 0.1680 0.1375 0.1922 0.3541 0.5149 0.3138 0.1365 0.1578 0.2628 0.4901 0.4456 0.1570 0.1396 0.2018 0.3771 0.5093 0.2783 0.1354 0.1635 0.2789 0.5052 0.4244 0.1497 0.1422 0.2123 0.4014 0.5009 0.2410 0.1350 0.1703 0.2982 0.5148 0.3961 0.1437 0.1462 0.2272 0.4338 0.4858 0.1961 0.1356 0.1814 0.3282 0.5179 0.3546 0.1404 0.1362 0.1404 0.3546 0.5179 0.3282 0.1814 0.1356 0.1961 0.4858 0.4338 0.2272 0.1462 0.1437 0.3961 0.5148 0.2982 0.1703 0.1350 0.2410 0.5009 0.4014 0.2123 0.1422 0.1497 0.4244 0.5052 0.2789 0.1635 0.1354 0.2783 0.5093 0.3771 0.2018 0.1396 0.1570 0.4456 0.4901 0.2628 0.1578 0.1365 0.3138 0.5149 0.3541 0.1922 0.1375 0.1680 0.4639 0.4698 0.2479 0.1529 0.1429
0.3536 0.1388 0.1522 0.2459 0.4665 0.4664 0.1701 0.1372 0.1909 0.3509 0.5155 0.3188 0.1368 0.1571 0.2606 0.4874 0.4484 0.1583 0.1392 0.2003 0.3737 0.5102 0.2835 0.1355 0.1626 0.2765 0.5034 0.4277 0.1506 0.1418 0.2109 0.3984 0.5020 0.2448 0.1350 0.1697 0.2966 0.5144 0.3979 0.1440 0.1461 0.2266 0.4329 0.4861 0.1965 0.1356 0.1814 0.3277 0.5179 0.3750 0.1698 0.3750 0.5179 0.3277 0.1814 0.1356 0.1965 0.4861 0.4329 0.2266 0.1461 0.1440 0.3979 0.5144 0.2966 0.1697 0.1350 0.2448 0.5020 0.3984 0.2109 0.1418 0.1506 0.4277 0.5034 0.2765 0.1626 0.1355 0.2835 0.5102 0.3737 0.2003 0.1392 0.1583 0.4484 0.4874 0.2606 0.1571 0.1368 0.3188 0.5155 0.3509 0.1909 0.1372 0.1701 0.4664 0.4665 0.2459 0.1522 0.1388 0.3536
