-0.3791 0.0278 0.2670 -0.1700 -0.2839 -0.3676 -0.2202 0.1829 -0.0703 -0.2484 -0.3396 -0.3740 0.0965 0.2534 -0.2053 -0.3068 -0.3811 -0.0262 0.2412 -0.1471 -0.2720 -0.3589 -0.3031 0.1533 0.0253 -0.2352 -0.3287 -0.3842 0.0650 0.2782 -0.1881 -0.2950 -0.3748 -0.1183 0.2107 -0.1157 -0.2598 -0.3492 -0.3513 0.1235 0.1703 -0.2199 -0.3174 -0.3851 0.0260 0.2658 -0.1685 -0.2827 -0.3663 -0.2857 0.0704 -0.2857 -0.3663 -0.2827 -0.1685 0.2658 0.0260 -0.3851 -0.3174 -0.2199 0.1703 0.1235 -0.3513 -0.3492 -0.2598 -0.1157 0.2107 -0.1183 -0.3748 -0.2950 -0.1881 0.2782 0.0650 -0.3842 -0.3287 -0.2352 0.0253 0.1533 -0.3031 -0.3589 -0.2720 -0.1471 0.2412 -0.0262 -0.3811 -0.3068 -0.2053 0.2534 0.0965 -0.3740 -0.3396 -0.2484 -0.0703 0.1829 -0.2202 -0.3676 -0.2839 -0.1700 0.2670 0.0278 -0.3791
0.0278 0.2677 -0.1720 -0.2916 -0.3743 -0.2254 0.1815 -0.0639 -0.2563 -0.3467 -0.3794 0.0957 0.2618 -0.2095 -0.3141 -0.3872 -0.0285 0.2395 -0.1470 -0.2796 -0.3657 -0.3085 0.1519 0.0414 -0.2427 -0.3359 -0.3898 0.0642 0.2805 -0.1909 -0.3025 -0.3812 -0.1229 0.2089 -0.1133 -0.2675 -0.3561 -0.3566 0.1225 0.1868 -0.2256 -0.3247 -0.3909 0.0248 0.2652 -0.1700 -0.2905 -0.3735 -0.2486 0.1569 0.2793 0.1569 -0.2486 -0.3735 -0.2905 -0.1700 0.2652 0.0248 -0.3909 -0.3247 -0.2256 0.1868 0.1225 -0.3566 -0.3561 -0.2675 -0.1133 0.2089 -0.1229 -0.3812 -0.3025 -0.1909 0.2805 0.0642 -0.3898 -0.3359 -0.2427 0.0414 0.1519 -0.3085 -0.3657 -0.2796 -0.1470 0.2395 -0.0285 -0.3872 -0.3141 -0.2095 0.2618 0.0957 -0.3794 -0.3467 -0.2563 -0.0639 0.1815 -0.2254 -0.3743 -0.2916 -0.1720 0.2677 0.0278
0.2670 -0.1720 -0.2911 -0.3737 -0.2341 0.1787 -0.0566 -0.2550 -0.3456 -0.3811 0.0925 0.2664 -0.2075 -0.3129 -0.3867 -0.0368 0.2361 -0.1439 -0.2783 -0.3647 -0.3153 0.1486 0.0574 -0.2408 -0.3347 -0.3903 0.0604 0.2800 -0.1887 -0.3012 -0.3804 -0.1353 0.2056 -0.1087 -0.2662 -0.3551 -0.3602 0.1193 0.1994 -0.2237 -0.3234 -0.3907 0.0196 0.2624 -0.1675 -0.2893 -0.3728 -0.2475 0.1710 0.0245 -0.1955 0.0245 0.1710 -0.2475 -0.3728 -0.2893 -0.1675 0.2624 0.0196 -0.3907 -0.3234 -0.2237 0.1994 0.1193 -0.3602 -0.3551 -0.2662 -0.1087 0.2056 -0.1353 -0.3804 -0.3012 -0.1887 0.2800 0.0604 -0.3903 -0.3347 -0.2408 0.0574 0.1486 -0.3153 -0.3647 -0.2783 -0.1439 0.2361 -0.0368 -0.3867 -0.3129 -0.2075 0.2664 0.0925 -0.3811 -0.3456 -0.2550 -0.0566 0.1787 -0.2341 -0.3737 -0.2911 -0.1720 0.2670
-0.1700 -0.2916 -0.3737 -0.2375 0.1770 -0.0506 -0.2539 -0.3446 -0.3826 0.0894 0.2701 -0.2056 -0.3116 -0.3861 -0.0455 0.2328 -0.1406 -0.2770 -0.3637 -0.3217 0.1453 0.0740 -0.2389 -0.3335 -0.3907 0.0565 0.2791 -0.1866 -0.2999 -0.3797 -0.1478 0.2023 -0.1038 -0.2648 -0.3539 -0.3636 0.1161 0.2110 -0.2218 -0.3222 -0.3903 0.0142 0.2596 -0.1650 -0.2880 -0.3719 -0.2550 0.1717 -0.0251 -0.2434 -0.3021 -0.2434 -0.0251 0.1717 -0.2550 -0.3719 -0.2880 -0.1650 0.2596 0.0142 -0.3903 -0.3222 -0.2218 0.2110 0.1161 -0.3636 -0.3539 -0.2648 -0.1038 0.2023 -0.1478 -0.3797 -0.2999 -0.1866 0.2791 0.0565 -0.3907 -0.3335 -0.2389 0.0740 0.1453 -0.3217 -0.3637 -0.2770 -0.1406 0.2328 -0.0455 -0.3861 -0.3116 -0.2056 0.2701 0.0894 -0.3826 -0.3446 -0.2539 -0.0506 0.1770 -0.2375 -0.3737 -0.2916 -0.1700
-0.2839 -0.3743 -0.2341 0.1770 -0.0482 -0.2533 -0.3438 -0.3837 0.0866 0.2730 -0.2038 -0.3105 -0.3855 -0.0545 0.2295 -0.1373 -0.2757 -0.3627 -0.3276 0.1421 0.0909 -0.2371 -0.3323 -0.3910 0.0525 0.2779 -0.1844 -0.2986 -0.3789 -0.1604 0.1990 -0.0986 -0.2635 -0.3528 -0.3666 0.1130 0.2216 -0.2199 -0.3209 -0.3900 0.0085 0.2566 -0.1623 -0.2867 -0.3709 -0.2642 0.1694 -0.0264 -0.2492 -0.3367 -0.3864 -0.3367 -0.2492 -0.0264 0.1694 -0.2642 -0.3709 -0.2867 -0.1623 0.2566 0.0085 -0.3900 -0.3209 -0.2199 0.2216 0.1130 -0.3666 -0.3528 -0.2635 -0.0986 0.1990 -0.1604 -0.3789 -0.2986 -0.1844 0.2779 0.0525 -0.3910 -0.3323 -0.2371 0.0909 0.1421 -0.3276 -0.3627 -0.2757 -0.1373 0.2295 -0.0545 -0.3855 -0.3105 -0.2038 0.2730 0.0866 -0.3837 -0.3438 -0.2533 -0.0482 0.1770 -0.2341 -0.3743 -0.2839
-0.3676 -0.2254 0.1787 -0.0506 -0.2533 -0.3436 -0.3842 0.0848 0.2749 -0.2023 -0.3094 -0.3849 -0.0632 0.2265 -0.1340 -0.2744 -0.3616 -0.3332 0.1388 0.1078 -0.2352 -0.3310 -0.3912 0.0484 0.2764 -0.1821 -0.2973 -0.3781 -0.1729 0.1957 -0.0931 -0.2622 -0.3517 -0.3695 0.1098 0.2311 -0.2180 -0.3197 -0.3895 0.0024 0.2536 -0.1597 -0.2854 -0.3700 -0.2734 0.1664 -0.0180 -0.2494 -0.3399 -0.3915 -0.1544 -0.3915 -0.3399 -0.2494 -0.0180 0.1664 -0.2734 -0.3700 -0.2854 -0.1597 0.2536 0.0024 -0.3895 -0.3197 -0.2180 0.2311 0.1098 -0.3695 -0.3517 -0.2622 -0.0931 0.1957 -0.1729 -0.3781 -0.2973 -0.1821 0.2764 0.0484 -0.3912 -0.3310 -0.2352 0.1078 0.1388 -0.3332 -0.3616 -0.2744 -0.1340 0.2265 -0.0632 -0.3849 -0.3094 -0.2023 0.2749 0.0848 -0.3842 -0.3436 -0.2533 -0.0506 0.1787 -0.2254 -0.3676
-0.2202 0.1815 -0.0566 -0.2539 -0.3438 -0.3842 0.0842 0.2757 -0.2012 -0.3086 -0.3844 -0.0713 0.2236 -0.1309 -0.2732 -0.3606 -0.3383 0.1357 0.1244 -0.2333 -0.3298 -0.3913 0.0442 0.2747 -0.1799 -0.2960 -0.3773 -0.1853 0.1924 -0.0872 -0.2608 -0.3506 -0.3721 0.1066 0.2397 -0.2161 -0.3184 -0.3890 -0.0039 0.2504 -0.1569 -0.2841 -0.3691 -0.2822 0.1633 -0.0066 -0.2484 -0.3397 -0.3884 0.0533 0.1928 0.0533 -0.3884 -0.3397 -0.2484 -0.0066 0.1633 -0.2822 -0.3691 -0.2841 -0.1569 0.2504 -0.0039 -0.3890 -0.3184 -0.2161 0.2397 0.1066 -0.3721 -0.3506 -0.2608 -0.0872 0.1924 -0.1853 -0.3773 -0.2960 -0.1799 0.2747 0.0442 -0.3913 -0.3298 -0.2333 0.1244 0.1357 -0.3383 -0.3606 -0.2732 -0.1309 0.2236 -0.0713 -0.3844 -0.3086 -0.2012 0.2757 0.0842 -0.3842 -0.3438 -0.2539 -0.0566 0.1815 -0.2202
0.1829 -0.0639 -0.2550 -0.3446 -0.3837 0.0848 0.2757 -0.2009 -0.3081 -0.3841 -0.0779 0.2212 -0.1280 -0.2721 -0.3597 -0.3427 0.1328 0.1398 -0.2315 -0.3286 -0.3913 0.0398 0.2727 -0.1776 -0.2947 -0.3764 -0.1975 0.1892 -0.0809 -0.2595 -0.3495 -0.3745 0.1034 0.2473 -0.2142 -0.3172 -0.3885 -0.0107 0.2473 -0.1541 -0.2828 -0.3681 -0.2905 0.1599 0.0063 -0.2470 -0.3387 -0.3884 0.0676 0.2769 -0.0866 0.2769 0.0676 -0.3884 -0.3387 -0.2470 0.0063 0.1599 -0.2905 -0.3681 -0.2828 -0.1541 0.2473 -0.0107 -0.3885 -0.3172 -0.2142 0.2473 0.1034 -0.3745 -0.3495 -0.2595 -0.0809 0.1892 -0.1975 -0.3764 -0.2947 -0.1776 0.2727 0.0398 -0.3913 -0.3286 -0.2315 0.1398 0.1328 -0.3427 -0.3597 -0.2721 -0.1280 0.2212 -0.0779 -0.3841 -0.3081 -0.2009 0.2757 0.0848 -0.3837 -0.3446 -0.2550 -0.0639 0.1829
-0.0703 -0.2563 -0.3456 -0.3826 0.0866 0.2749 -0.2012 -0.3081 -0.3840 -0.0814 0.2197 -0.1257 -0.2712 -0.3589 -0.3464 0.1301 0.1535 -0.2298 -0.3274 -0.3913 0.0353 0.2705 -0.1752 -0.2934 -0.3756 -0.2094 0.1859 -0.0742 -0.2581 -0.3483 -0.3767 0.1002 0.2539 -0.2122 -0.3159 -0.3880 -0.0178 0.2440 -0.1512 -0.2814 -0.3671 -0.2983 0.1566 0.0203 -0.2453 -0.3376 -0.3890 0.0681 0.2806 -0.1806 -0.2591 -0.1806 0.2806 0.0681 -0.3890 -0.3376 -0.2453 0.0203 0.1566 -0.2983 -0.3671 -0.2814 -0.1512 0.2440 -0.0178 -0.3880 -0.3159 -0.2122 0.2539 0.1002 -0.3767 -0.3483 -0.2581 -0.0742 0.1859 -0.2094 -0.3756 -0.2934 -0.1752 0.2705 0.0353 -0.3913 -0.3274 -0.2298 0.1535 0.1301 -0.3464 -0.3589 -0.2712 -0.1257 0.2197 -0.0814 -0.3840 -0.3081 -0.2012 0.2749 0.0866 -0.3826 -0.3456 -0.2563 -0.0703
-0.2484 -0.3467 -0.3811 0.0894 0.2730 -0.2023 -0.3086 -0.3841 -0.0814 0.2191 -0.1244 -0.2706 -0.3583 -0.3492 0.1278 0.1650 -0.2283 -0.3264 -0.3912 0.0310 0.2683 -0.1729 -0.2921 -0.3747 -0.2209 0.1827 -0.0669 -0.2568 -0.3472 -0.3787 0.0970 0.2597 -0.2103 -0.3146 -0.3875 -0.0254 0.2407 -0.1482 -0.2801 -0.3661 -0.3057 0.1532 0.0352 -0.2434 -0.3364 -0.3896 0.0654 0.2805 -0.1888 -0.2956 -0.3520 -0.2956 -0.1888 0.2805 0.0654 -0.3896 -0.3364 -0.2434 0.0352 0.1532 -0.3057 -0.3661 -0.2801 -0.1482 0.2407 -0.0254 -0.3875 -0.3146 -0.2103 0.2597 0.0970 -0.3787 -0.3472 -0.2568 -0.0669 0.1827 -0.2209 -0.3747 -0.2921 -0.1729 0.2683 0.0310 -0.3912 -0.3264 -0.2283 0.1650 0.1278 -0.3492 -0.3583 -0.2706 -0.1244 0.2191 -0.0814 -0.3841 -0.3086 -0.2023 0.2730 0.0894 -0.3811 -0.3467 -0.2484
-0.3396 -0.3794 0.0925 0.2701 -0.2038 -0.3094 -0.3844 -0.0779 0.2197 -0.1244 -0.2704 -0.3580 -0.3510 0.1261 0.1739 -0.2270 -0.3254 -0.3910 0.0269 0.2660 -0.1707 -0.2909 -0.3738 -0.2318 0.1795 -0.0591 -0.2554 -0.3460 -0.3805 0.0937 0.2647 -0.2083 -0.3134 -0.3869 -0.0334 0.2375 -0.1451 -0.2788 -0.3651 -0.3126 0.1499 0.0509 -0.2415 -0.3352 -0.3901 0.0619 0.2802 -0.1890 -0.3000 -0.3792 -0.3822 -0.3792 -0.3000 -0.1890 0.2802 0.0619 -0.3901 -0.3352 -0.2415 0.0509 0.1499 -0.3126 -0.3651 -0.2788 -0.1451 0.2375 -0.0334 -0.3869 -0.3134 -0.2083 0.2647 0.0937 -0.3805 -0.3460 -0.2554 -0.0591 0.1795 -0.2318 -0.3738 -0.2909 -0.1707 0.2660 0.0269 -0.3910 -0.3254 -0.2270 0.1739 0.1261 -0.3510 -0.3580 -0.2704 -0.1244 0.2197 -0.0779 -0.3844 -0.3094 -0.2038 0.2701 0.0925 -0.3794 -0.3396
-0.3740 0.0957 0.2664 -0.2056 -0.3105 -0.3849 -0.0713 0.2212 -0.1257 -0.2706 -0.3580 -0.3516 0.1251 0.1798 -0.2260 -0.3247 -0.3909 0.0231 0.2639 -0.1686 -0.2898 -0.3730 -0.2416 0.1765 -0.0508 -0.2541 -0.3449 -0.3821 0.0905 0.2689 -0.2063 -0.3121 -0.3863 -0.0420 0.2341 -0.1419 -0.2775 -0.3641 -0.3192 0.1466 0.0673 -0.2397 -0.3340 -0.3905 0.0581 0.2795 -0.1873 -0.3000 -0.3794 -0.2168 0.0935 -0.2168 -0.3794 -0.3000 -0.1873 0.2795 0.0581 -0.3905 -0.3340 -0.2397 0.0673 0.1466 -0.3192 -0.3641 -0.2775 -0.1419 0.2341 -0.0420 -0.3863 -0.3121 -0.2063 0.2689 0.0905 -0.3821 -0.3449 -0.2541 -0.0508 0.1765 -0.2416 -0.3730 -0.2898 -0.1686 0.2639 0.0231 -0.3909 -0.3247 -0.2260 0.1798 0.1251 -0.3516 -0.3580 -0.2706 -0.1257 0.2212 -0.0713 -0.3849 -0.3105 -0.2056 0.2664 0.0957 -0.3740
0.0965 0.2618 -0.2075 -0.3116 -0.3855 -0.0632 0.2236 -0.1280 -0.2712 -0.3583 -0.3510 0.1251 0.1819 -0.2255 -0.3242 -0.3908 0.0200 0.2621 -0.1668 -0.2888 -0.3723 -0.2504 0.1738 -0.0425 -0.2528 -0.3437 -0.3836 0.0872 0.2723 -0.2044 -0.3108 -0.3857 -0.0510 0.2308 -0.1386 -0.2762 -0.3631 -0.3253 0.1434 0.0841 -0.2378 -0.3328 -0.3909 0.0541 0.2784 -0.1852 -0.2990 -0.3791 -0.1732 0.1777 0.2690 0.1777 -0.1732 -0.3791 -0.2990 -0.1852 0.2784 0.0541 -0.3909 -0.3328 -0.2378 0.0841 0.1434 -0.3253 -0.3631 -0.2762 -0.1386 0.2308 -0.0510 -0.3857 -0.3108 -0.2044 0.2723 0.0872 -0.3836 -0.3437 -0.2528 -0.0425 0.1738 -0.2504 -0.3723 -0.2888 -0.1668 0.2621 0.0200 -0.3908 -0.3242 -0.2255 0.1819 0.1251 -0.3510 -0.3583 -0.2712 -0.1280 0.2236 -0.0632 -0.3855 -0.3116 -0.2075 0.2618 0.0965
0.2534 -0.2095 -0.3129 -0.3861 -0.0545 0.2265 -0.1309 -0.2721 -0.3589 -0.3492 0.1261 0.1798 -0.2255 -0.3240 -0.3907 0.0180 0.2607 -0.1653 -0.2879 -0.3717 -0.2578 0.1712 -0.0345 -0.2517 -0.3427 -0.3849 0.0839 0.2751 -0.2024 -0.3096 -0.3851 -0.0606 0.2275 -0.1352 -0.2749 -0.3621 -0.3310 0.1401 0.1011 -0.2360 -0.3315 -0.3911 0.0501 0.2771 -0.1830 -0.2978 -0.3784 -0.1718 0.1923 -0.0517 -0.2082 -0.0517 0.1923 -0.1718 -0.3784 -0.2978 -0.1830 0.2771 0.0501 -0.3911 -0.3315 -0.2360 0.1011 0.1401 -0.3310 -0.3621 -0.2749 -0.1352 0.2275 -0.0606 -0.3851 -0.3096 -0.2024 0.2751 0.0839 -0.3849 -0.3427 -0.2517 -0.0345 0.1712 -0.2578 -0.3717 -0.2879 -0.1653 0.2607 0.0180 -0.3907 -0.3240 -0.2255 0.1798 0.1261 -0.3492 -0.3589 -0.2721 -0.1309 0.2265 -0.0545 -0.3861 -0.3129 -0.2095 0.2534
-0.2053 -0.3141 -0.3867 -0.0455 0.2295 -0.1340 -0.2732 -0.3597 -0.3464 0.1278 0.1739 -0.2260 -0.3242 -0.3907 0.0173 0.2600 -0.1644 -0.2873 -0.3711 -0.2638 0.1691 -0.0266 -0.2506 -0.3417 -0.3859 0.0808 0.2771 -0.2004 -0.3083 -0.3844 -0.0708 0.2241 -0.1316 -0.2735 -0.3610 -0.3364 0.1369 0.1179 -0.2341 -0.3303 -0.3913 0.0459 0.2754 -0.1808 -0.2965 -0.3776 -0.1811 0.1927 -0.0808 -0.2529 -0.3109 -0.2529 -0.0808 0.1927 -0.1811 -0.3776 -0.2965 -0.1808 0.2754 0.0459 -0.3913 -0.3303 -0.2341 0.1179 0.1369 -0.3364 -0.3610 -0.2735 -0.1316 0.2241 -0.0708 -0.3844 -0.3083 -0.2004 0.2771 0.0808 -0.3859 -0.3417 -0.2506 -0.0266 0.1691 -0.2638 -0.3711 -0.2873 -0.1644 0.2600 0.0173 -0.3907 -0.3242 -0.2260 0.1739 0.1278 -0.3464 -0.3597 -0.2732 -0.1340 0.2295 -0.0455 -0.3867 -0.3141 -0.2053
-0.3068 -0.3872 -0.0368 0.2328 -0.1373 -0.2744 -0.3606 -0.3427 0.1301 0.1650 -0.2270 -0.3247 -0.3908 0.0180 0.2600 -0.1641 -0.2870 -0.3708 -0.2680 0.1675 -0.0199 -0.2497 -0.3409 -0.3867 0.0781 0.2785 -0.1987 -0.3072 -0.3838 -0.0811 0.2208 -0.1279 -0.2722 -0.3600 -0.3414 0.1337 0.1343 -0.2322 -0.3291 -0.3913 0.0416 0.2735 -0.1785 -0.2952 -0.3768 -0.1927 0.1903 -0.0815 -0.2581 -0.3448 -0.3914 -0.3448 -0.2581 -0.0815 0.1903 -0.1927 -0.3768 -0.2952 -0.1785 0.2735 0.0416 -0.3913 -0.3291 -0.2322 0.1343 0.1337 -0.3414 -0.3600 -0.2722 -0.1279 0.2208 -0.0811 -0.3838 -0.3072 -0.1987 0.2785 0.0781 -0.3867 -0.3409 -0.2497 -0.0199 0.1675 -0.2680 -0.3708 -0.2870 -0.1641 0.2600 0.0180 -0.3908 -0.3247 -0.2270 0.1650 0.1301 -0.3427 -0.3606 -0.2744 -0.1373 0.2328 -0.0368 -0.3872 -0.3068
-0.3811 -0.0285 0.2361 -0.1406 -0.2757 -0.3616 -0.3383 0.1328 0.1535 -0.2283 -0.3254 -0.3909 0.0200 0.2607 -0.1644 -0.2870 -0.3707 -0.2703 0.1664 -0.0150 -0.2490 -0.3402 -0.3873 0.0757 0.2795 -0.1970 -0.3061 -0.3832 -0.0912 0.2176 -0.1241 -0.2709 -0.3589 -0.3461 0.1305 0.1501 -0.2304 -0.3278 -0.3913 0.0371 0.2714 -0.1761 -0.2939 -0.3759 -0.2047 0.1872 -0.0766 -0.2583 -0.3476 -0.3859 -0.0760 -0.3859 -0.3476 -0.2583 -0.0766 0.1872 -0.2047 -0.3759 -0.2939 -0.1761 0.2714 0.0371 -0.3913 -0.3278 -0.2304 0.1501 0.1305 -0.3461 -0.3589 -0.2709 -0.1241 0.2176 -0.0912 -0.3832 -0.3061 -0.1970 0.2795 0.0757 -0.3873 -0.3402 -0.2490 -0.0150 0.1664 -0.2703 -0.3707 -0.2870 -0.1644 0.2607 0.0200 -0.3909 -0.3254 -0.2283 0.1535 0.1328 -0.3383 -0.3616 -0.2757 -0.1406 0.2361 -0.0285 -0.3811
-0.0262 0.2395 -0.1439 -0.2770 -0.3627 -0.3332 0.1357 0.1398 -0.2298 -0.3264 -0.3910 0.0231 0.2621 -0.1653 -0.2873 -0.3708 -0.2703 0.1660 -0.0122 -0.2486 -0.3397 -0.3878 0.0736 0.2800 -0.1956 -0.3052 -0.3826 -0.1004 0.2147 -0.1205 -0.2696 -0.3579 -0.3504 0.1274 0.1652 -0.2285 -0.3266 -0.3912 0.0324 0.2691 -0.1738 -0.2926 -0.3750 -0.2163 0.1840 -0.0699 -0.2573 -0.3474 -0.3805 0.0773 0.2146 0.0773 -0.3805 -0.3474 -0.2573 -0.0699 0.1840 -0.2163 -0.3750 -0.2926 -0.1738 0.2691 0.0324 -0.3912 -0.3266 -0.2285 0.1652 0.1274 -0.3504 -0.3579 -0.2696 -0.1205 0.2147 -0.1004 -0.3826 -0.3052 -0.1956 0.2800 0.0736 -0.3878 -0.3397 -0.2486 -0.0122 0.1660 -0.2703 -0.3708 -0.2873 -0.1653 0.2621 0.0231 -0.3910 -0.3264 -0.2298 0.1398 0.1357 -0.3332 -0.3627 -0.2770 -0.1439 0.2395 -0.0262
0.2412 -0.1470 -0.2783 -0.3637 -0.3276 0.1388 0.1244 -0.2315 -0.3274 -0.3912 0.0269 0.2639 -0.1668 -0.2879 -0.3711 -0.2680 0.1664 -0.0122 -0.2484 -0.3394 -0.3880 0.0722 0.2803 -0.1944 -0.3043 -0.3821 -0.1089 0.2122 -0.1171 -0.2685 -0.3569 -0.3541 0.1244 0.1790 -0.2266 -0.3254 -0.3911 0.0276 0.2666 -0.1714 -0.2913 -0.3742 -0.2276 0.1808 -0.0623 -0.2560 -0.3464 -0.3803 0.0902 0.2802 -0.1205 0.2802 0.0902 -0.3803 -0.3464 -0.2560 -0.0623 0.1808 -0.2276 -0.3742 -0.2913 -0.1714 0.2666 0.0276 -0.3911 -0.3254 -0.2266 0.1790 0.1244 -0.3541 -0.3569 -0.2685 -0.1171 0.2122 -0.1089 -0.3821 -0.3043 -0.1944 0.2803 0.0722 -0.3880 -0.3394 -0.2484 -0.0122 0.1664 -0.2680 -0.3711 -0.2879 -0.1668 0.2639 0.0269 -0.3912 -0.3274 -0.2315 0.1244 0.1388 -0.3276 -0.3637 -0.2783 -0.1470 0.2412
-0.1471 -0.2796 -0.3647 -0.3217 0.1421 0.1078 -0.2333 -0.3286 -0.3913 0.0310 0.2660 -0.1686 -0.2888 -0.3717 -0.2638 0.1675 -0.0150 -0.2486 -0.3394 -0.3881 0.0715 0.2805 -0.1935 -0.3037 -0.3817 -0.1166 0.2100 -0.1141 -0.2675 -0.3560 -0.3573 0.1216 0.1910 -0.2248 -0.3242 -0.3908 0.0225 0.2640 -0.1689 -0.2900 -0.3733 -0.2385 0.1776 -0.0541 -0.2546 -0.3453 -0.3816 0.0907 0.2725 -0.1950 -0.2681 -0.1950 0.2725 0.0907 -0.3816 -0.3453 -0.2546 -0.0541 0.1776 -0.2385 -0.3733 -0.2900 -0.1689 0.2640 0.0225 -0.3908 -0.3242 -0.2248 0.1910 0.1216 -0.3573 -0.3560 -0.2675 -0.1141 0.2100 -0.1166 -0.3817 -0.3037 -0.1935 0.2805 0.0715 -0.3881 -0.3394 -0.2486 -0.0150 0.1675 -0.2638 -0.3717 -0.2888 -0.1686 0.2660 0.0310 -0.3913 -0.3286 -0.2333 0.1078 0.1421 -0.3217 -0.3647 -0.2796 -0.1471
-0.2720 -0.3657 -0.3153 0.1453 0.0909 -0.2352 -0.3298 -0.3913 0.0353 0.2683 -0.1707 -0.2898 -0.3723 -0.2578 0.1691 -0.0199 -0.2490 -0.3397 -0.3880 0.0715 0.2805 -0.1931 -0.3033 -0.3814 -0.1228 0.2081 -0.1112 -0.2667 -0.3552 -0.3600 0.1191 0.2012 -0.2232 -0.3230 -0.3905 0.0173 0.2612 -0.1664 -0.2887 -0.3724 -0.2489 0.1744 -0.0451 -0.2533 -0.3442 -0.3830 0.0883 0.2721 -0.2024 -0.3042 -0.3600 -0.3042 -0.2024 0.2721 0.0883 -0.3830 -0.3442 -0.2533 -0.0451 0.1744 -0.2489 -0.3724 -0.2887 -0.1664 0.2612 0.0173 -0.3905 -0.3230 -0.2232 0.2012 0.1191 -0.3600 -0.3552 -0.2667 -0.1112 0.2081 -0.1228 -0.3814 -0.3033 -0.1931 0.2805 0.0715 -0.3880 -0.3397 -0.2490 -0.0199 0.1691 -0.2578 -0.3723 -0.2898 -0.1707 0.2683 0.0353 -0.3913 -0.3298 -0.2352 0.0909 0.1453 -0.3153 -0.3657 -0.2720
-0.3589 -0.3085 0.1486 0.0740 -0.2371 -0.3310 -0.3913 0.0398 0.2705 -0.1729 -0.2909 -0.3730 -0.2504 0.1712 -0.0266 -0.2497 -0.3402 -0.3878 0.0722 0.2805 -0.1931 -0.3032 -0.3813 -0.1265 0.2068 -0.1089 -0.2659 -0.3546 -0.3622 0.1169 0.2098 -0.2218 -0.3220 -0.3902 0.0124 0.2584 -0.1639 -0.2874 -0.3715 -0.2589 0.1713 -0.0354 -0.2519 -0.3430 -0.3844 0.0851 0.2742 -0.2026 -0.3085 -0.3845 -0.3638 -0.3845 -0.3085 -0.2026 0.2742 0.0851 -0.3844 -0.3430 -0.2519 -0.0354 0.1713 -0.2589 -0.3715 -0.2874 -0.1639 0.2584 0.0124 -0.3902 -0.3220 -0.2218 0.2098 0.1169 -0.3622 -0.3546 -0.2659 -0.1089 0.2068 -0.1265 -0.3813 -0.3032 -0.1931 0.2805 0.0722 -0.3878 -0.3402 -0.2497 -0.0266 0.1712 -0.2504 -0.3730 -0.2909 -0.1729 0.2705 0.0398 -0.3913 -0.3310 -0.2371 0.0740 0.1486 -0.3085 -0.3589
-0.3031 0.1519 0.0574 -0.2389 -0.3323 -0.3912 0.0442 0.2727 -0.1752 -0.2921 -0.3738 -0.2416 0.1738 -0.0345 -0.2506 -0.3409 -0.3873 0.0736 0.2803 -0.1935 -0.3033 -0.3813 -0.1277 0.2061 -0.1075 -0.2654 -0.3541 -0.3640 0.1150 0.2169 -0.2204 -0.3211 -0.3900 0.0077 0.2559 -0.1615 -0.2862 -0.3705 -0.2682 0.1682 -0.0249 -0.2506 -0.3418 -0.3857 0.0818 0.2765 -0.2010 -0.3085 -0.3842 -0.1366 0.1137 -0.1366 -0.3842 -0.3085 -0.2010 0.2765 0.0818 -0.3857 -0.3418 -0.2506 -0.0249 0.1682 -0.2682 -0.3705 -0.2862 -0.1615 0.2559 0.0077 -0.3900 -0.3211 -0.2204 0.2169 0.1150 -0.3640 -0.3541 -0.2654 -0.1075 0.2061 -0.1277 -0.3813 -0.3033 -0.1935 0.2803 0.0736 -0.3873 -0.3409 -0.2506 -0.0345 0.1738 -0.2416 -0.3738 -0.2921 -0.1752 0.2727 0.0442 -0.3912 -0.3323 -0.2389 0.0574 0.1519 -0.3031
0.1533 0.0414 -0.2408 -0.3335 -0.3910 0.0484 0.2747 -0.1776 -0.2934 -0.3747 -0.2318 0.1765 -0.0425 -0.2517 -0.3417 -0.3867 0.0757 0.2800 -0.1944 -0.3037 -0.3814 -0.1265 0.2061 -0.1070 -0.2651 -0.3537 -0.3653 0.1135 0.2225 -0.2193 -0.3203 -0.3897 0.0035 0.2536 -0.1593 -0.2851 -0.3697 -0.2765 0.1652 -0.0137 -0.2492 -0.3406 -0.3867 0.0783 0.2783 -0.1991 -0.3075 -0.3839 -0.0928 0.1991 0.2282 0.1991 -0.0928 -0.3839 -0.3075 -0.1991 0.2783 0.0783 -0.3867 -0.3406 -0.2492 -0.0137 0.1652 -0.2765 -0.3697 -0.2851 -0.1593 0.2536 0.0035 -0.3897 -0.3203 -0.2193 0.2225 0.1135 -0.3653 -0.3537 -0.2651 -0.1070 0.2061 -0.1265 -0.3814 -0.3037 -0.1944 0.2800 0.0757 -0.3867 -0.3417 -0.2517 -0.0425 0.1765 -0.2318 -0.3747 -0.2934 -0.1776 0.2747 0.0484 -0.3910 -0.3335 -0.2408 0.0414 0.1533
0.0253 -0.2427 -0.3347 -0.3907 0.0525 0.2764 -0.1799 -0.2947 -0.3756 -0.2209 0.1795 -0.0508 -0.2528 -0.3427 -0.3859 0.0781 0.2795 -0.1956 -0.3043 -0.3817 -0.1228 0.2068 -0.1075 -0.2651 -0.3536 -0.3659 0.1125 0.2264 -0.2184 -0.3196 -0.3894 -0.0004 0.2516 -0.1574 -0.2841 -0.3689 -0.2838 0.1624 -0.0026 -0.2479 -0.3395 -0.3877 0.0748 0.2796 -0.1971 -0.3062 -0.3833 -0.0916 0.2139 -0.0970 -0.2197 -0.0970 0.2139 -0.0916 -0.3833 -0.3062 -0.1971 0.2796 0.0748 -0.3877 -0.3395 -0.2479 -0.0026 0.1624 -0.2838 -0.3689 -0.2841 -0.1574 0.2516 -0.0004 -0.3894 -0.3196 -0.2184 0.2264 0.1125 -0.3659 -0.3536 -0.2651 -0.1075 0.2068 -0.1228 -0.3817 -0.3043 -0.1956 0.2795 0.0781 -0.3859 -0.3427 -0.2528 -0.0508 0.1795 -0.2209 -0.3756 -0.2947 -0.1799 0.2764 0.0525 -0.3907 -0.3347 -0.2427 0.0253
-0.2352 -0.3359 -0.3903 0.0565 0.2779 -0.1821 -0.2960 -0.3764 -0.2094 0.1827 -0.0591 -0.2541 -0.3437 -0.3849 0.0808 0.2785 -0.1970 -0.3052 -0.3821 -0.1166 0.2081 -0.1089 -0.2654 -0.3537 -0.3659 0.1122 0.2283 -0.2178 -0.3191 -0.3892 -0.0039 0.2498 -0.1557 -0.2832 -0.3683 -0.2900 0.1597 0.0083 -0.2466 -0.3384 -0.3885 0.0714 0.2803 -0.1950 -0.3050 -0.3826 -0.1001 0.2144 -0.1156 -0.2618 -0.3196 -0.2618 -0.1156 0.2144 -0.1001 -0.3826 -0.3050 -0.1950 0.2803 0.0714 -0.3885 -0.3384 -0.2466 0.0083 0.1597 -0.2900 -0.3683 -0.2832 -0.1557 0.2498 -0.0039 -0.3892 -0.3191 -0.2178 0.2283 0.1122 -0.3659 -0.3537 -0.2654 -0.1089 0.2081 -0.1166 -0.3821 -0.3052 -0.1970 0.2785 0.0808 -0.3849 -0.3437 -0.2541 -0.0591 0.1827 -0.2094 -0.3764 -0.2960 -0.1821 0.2779 0.0565 -0.3903 -0.3359 -0.2352
-0.3287 -0.3898 0.0604 0.2791 -0.1844 -0.2973 -0.3773 -0.1975 0.1859 -0.0669 -0.2554 -0.3449 -0.3836 0.0839 0.2771 -0.1987 -0.3061 -0.3826 -0.1089 0.2100 -0.1112 -0.2659 -0.3541 -0.3653 0.1125 0.2283 -0.2176 -0.3189 -0.3890 -0.0065 0.2482 -0.1543 -0.2825 -0.3677 -0.2952 0.1574 0.0187 -0.2452 -0.3374 -0.3891 0.0681 0.2806 -0.1929 -0.3037 -0.3819 -0.1114 0.2119 -0.1161 -0.2669 -0.3527 -0.3953 -0.3527 -0.2669 -0.1161 0.2119 -0.1114 -0.3819 -0.3037 -0.1929 0.2806 0.0681 -0.3891 -0.3374 -0.2452 0.0187 0.1574 -0.2952 -0.3677 -0.2825 -0.1543 0.2482 -0.0065 -0.3890 -0.3189 -0.2176 0.2283 0.1125 -0.3653 -0.3541 -0.2659 -0.1112 0.2100 -0.1089 -0.3826 -0.3061 -0.1987 0.2771 0.0839 -0.3836 -0.3449 -0.2554 -0.0669 0.1859 -0.1975 -0.3773 -0.2973 -0.1844 0.2791 0.0604 -0.3898 -0.3287
-0.3842 0.0642 0.2800 -0.1866 -0.2986 -0.3781 -0.1853 0.1892 -0.0742 -0.2568 -0.3460 -0.3821 0.0872 0.2751 -0.2004 -0.3072 -0.3832 -0.1004 0.2122 -0.1141 -0.2667 -0.3546 -0.3640 0.1135 0.2264 -0.2178 -0.3189 -0.3890 -0.0079 0.2473 -0.1531 -0.2819 -0.3672 -0.2994 0.1553 0.0282 -0.2439 -0.3366 -0.3896 0.0652 0.2805 -0.1910 -0.3025 -0.3812 -0.1234 0.2087 -0.1128 -0.2670 -0.3551 -0.3745 -0.0175 -0.3745 -0.3551 -0.2670 -0.1128 0.2087 -0.1234 -0.3812 -0.3025 -0.1910 0.2805 0.0652 -0.3896 -0.3366 -0.2439 0.0282 0.1553 -0.2994 -0.3672 -0.2819 -0.1531 0.2473 -0.0079 -0.3890 -0.3189 -0.2178 0.2264 0.1135 -0.3640 -0.3546 -0.2667 -0.1141 0.2122 -0.1004 -0.3832 -0.3072 -0.2004 0.2751 0.0872 -0.3821 -0.3460 -0.2568 -0.0742 0.1892 -0.1853 -0.3781 -0.2986 -0.1866 0.2800 0.0642 -0.3842
0.0650 0.2805 -0.1887 -0.2999 -0.3789 -0.1729 0.1924 -0.0809 -0.2581 -0.3472 -0.3805 0.0905 0.2723 -0.2024 -0.3083 -0.3838 -0.0912 0.2147 -0.1171 -0.2675 -0.3552 -0.3622 0.1150 0.2225 -0.2184 -0.3191 -0.3890 -0.0079 0.2470 -0.1525 -0.2815 -0.3668 -0.3027 0.1537 0.0366 -0.2428 -0.3358 -0.3899 0.0625 0.2802 -0.1893 -0.3014 -0.3805 -0.1351 0.2055 -0.1085 -0.2660 -0.3548 -0.3650 0.0988 0.2367 0.0988 -0.3650 -0.3548 -0.2660 -0.1085 0.2055 -0.1351 -0.3805 -0.3014 -0.1893 0.2802 0.0625 -0.3899 -0.3358 -0.2428 0.0366 0.1537 -0.3027 -0.3668 -0.2815 -0.1525 0.2470 -0.0079 -0.3890 -0.3191 -0.2184 0.2225 0.1150 -0.3622 -0.3552 -0.2675 -0.1171 0.2147 -0.0912 -0.3838 -0.3083 -0.2024 0.2723 0.0905 -0.3805 -0.3472 -0.2581 -0.0809 0.1924 -0.1729 -0.3789 -0.2999 -0.1887 0.2805 0.0650
0.2782 -0.1909 -0.3012 -0.3797 -0.1604 0.1957 -0.0872 -0.2595 -0.3483 -0.3787 0.0937 0.2689 -0.2044 -0.3096 -0.3844 -0.0811 0.2176 -0.1205 -0.2685 -0.3560 -0.3600 0.1169 0.2169 -0.2193 -0.3196 -0.3892 -0.0065 0.2473 -0.1525 -0.2814 -0.3666 -0.3049 0.1524 0.0436 -0.2419 -0.3351 -0.3902 0.0602 0.2798 -0.1878 -0.3004 -0.3799 -0.1458 0.2025 -0.1040 -0.2648 -0.3539 -0.3647 0.1111 0.2618 -0.1453 0.2618 0.1111 -0.3647 -0.3539 -0.2648 -0.1040 0.2025 -0.1458 -0.3799 -0.3004 -0.1878 0.2798 0.0602 -0.3902 -0.3351 -0.2419 0.0436 0.1524 -0.3049 -0.3666 -0.2814 -0.1525 0.2473 -0.0065 -0.3892 -0.3196 -0.2193 0.2169 0.1169 -0.3600 -0.3560 -0.2685 -0.1205 0.2176 -0.0811 -0.3844 -0.3096 -0.2044 0.2689 0.0937 -0.3787 -0.3483 -0.2595 -0.0872 0.1957 -0.1604 -0.3797 -0.3012 -0.1909 0.2782
-0.1881 -0.3025 -0.3804 -0.1478 0.1990 -0.0931 -0.2608 -0.3495 -0.3767 0.0970 0.2647 -0.2063 -0.3108 -0.3851 -0.0708 0.2208 -0.1241 -0.2696 -0.3569 -0.3573 0.1191 0.2098 -0.2204 -0.3203 -0.3894 -0.0039 0.2482 -0.1531 -0.2815 -0.3666 -0.3056 0.1518 0.0484 -0.2412 -0.3346 -0.3905 0.0581 0.2793 -0.1865 -0.2996 -0.3793 -0.1552 0.1999 -0.0997 -0.2637 -0.3529 -0.3668 0.1118 0.2354 -0.2083 -0.2770 -0.2083 0.2354 0.1118 -0.3668 -0.3529 -0.2637 -0.0997 0.1999 -0.1552 -0.3793 -0.2996 -0.1865 0.2793 0.0581 -0.3905 -0.3346 -0.2412 0.0484 0.1518 -0.3056 -0.3666 -0.2815 -0.1531 0.2482 -0.0039 -0.3894 -0.3203 -0.2204 0.2098 0.1191 -0.3573 -0.3569 -0.2696 -0.1241 0.2208 -0.0708 -0.3851 -0.3108 -0.2063 0.2647 0.0970 -0.3767 -0.3495 -0.2608 -0.0931 0.1990 -0.1478 -0.3804 -0.3025 -0.1881
-0.2950 -0.3812 -0.1353 0.2023 -0.0986 -0.2622 -0.3506 -0.3745 0.1002 0.2597 -0.2083 -0.3121 -0.3857 -0.0606 0.2241 -0.1279 -0.2709 -0.3579 -0.3541 0.1216 0.2012 -0.2218 -0.3211 -0.3897 -0.0004 0.2498 -0.1543 -0.2819 -0.3668 -0.3049 0.1518 0.0500 -0.2408 -0.3342 -0.3906 0.0563 0.2788 -0.1854 -0.2988 -0.3789 -0.1634 0.1976 -0.0957 -0.2626 -0.3520 -0.3691 0.1098 0.2339 -0.2154 -0.3128 -0.3677 -0.3128 -0.2154 0.2339 0.1098 -0.3691 -0.3520 -0.2626 -0.0957 0.1976 -0.1634 -0.3789 -0.2988 -0.1854 0.2788 0.0563 -0.3906 -0.3342 -0.2408 0.0500 0.1518 -0.3049 -0.3668 -0.2819 -0.1543 0.2498 -0.0004 -0.3897 -0.3211 -0.2218 0.2012 0.1216 -0.3541 -0.3579 -0.2709 -0.1279 0.2241 -0.0606 -0.3857 -0.3121 -0.2083 0.2597 0.1002 -0.3745 -0.3506 -0.2622 -0.0986 0.2023 -0.1353 -0.3812 -0.2950
-0.3748 -0.1229 0.2056 -0.1038 -0.2635 -0.3517 -0.3721 0.1034 0.2539 -0.2103 -0.3134 -0.3863 -0.0510 0.2275 -0.1316 -0.2722 -0.3589 -0.3504 0.1244 0.1910 -0.2232 -0.3220 -0.3900 0.0035 0.2516 -0.1557 -0.2825 -0.3672 -0.3027 0.1524 0.0484 -0.2408 -0.3341 -0.3907 0.0551 0.2783 -0.1844 -0.2982 -0.3785 -0.1703 0.1956 -0.0920 -0.2617 -0.3512 -0.3711 0.1075 0.2388 -0.2157 -0.3169 -0.3888 -0.3331 -0.3888 -0.3169 -0.2157 0.2388 0.1075 -0.3711 -0.3512 -0.2617 -0.0920 0.1956 -0.1703 -0.3785 -0.2982 -0.1844 0.2783 0.0551 -0.3907 -0.3341 -0.2408 0.0484 0.1524 -0.3027 -0.3672 -0.2825 -0.1557 0.2516 0.0035 -0.3900 -0.3220 -0.2232 0.1910 0.1244 -0.3504 -0.3589 -0.2722 -0.1316 0.2275 -0.0510 -0.3863 -0.3134 -0.2103 0.2539 0.1034 -0.3721 -0.3517 -0.2635 -0.1038 0.2056 -0.1229 -0.3748
-0.1183 0.2089 -0.1087 -0.2648 -0.3528 -0.3695 0.1066 0.2473 -0.2122 -0.3146 -0.3869 -0.0420 0.2308 -0.1352 -0.2735 -0.3600 -0.3461 0.1274 0.1790 -0.2248 -0.3230 -0.3902 0.0077 0.2536 -0.1574 -0.2832 -0.3677 -0.2994 0.1537 0.0436 -0.2412 -0.3342 -0.3907 0.0547 0.2781 -0.1837 -0.2977 -0.3781 -0.1760 0.1940 -0.0888 -0.2609 -0.3504 -0.3729 0.1052 0.2443 -0.2146 -0.3170 -0.3881 -0.0606 0.1340 -0.0606 -0.3881 -0.3170 -0.2146 0.2443 0.1052 -0.3729 -0.3504 -0.2609 -0.0888 0.1940 -0.1760 -0.3781 -0.2977 -0.1837 0.2781 0.0547 -0.3907 -0.3342 -0.2412 0.0436 0.1537 -0.2994 -0.3677 -0.2832 -0.1574 0.2536 0.0077 -0.3902 -0.3230 -0.2248 0.1790 0.1274 -0.3461 -0.3600 -0.2735 -0.1352 0.2308 -0.0420 -0.3869 -0.3146 -0.2122 0.2473 0.1066 -0.3695 -0.3528 -0.2648 -0.1087 0.2089 -0.1183
0.2107 -0.1133 -0.2662 -0.3539 -0.3666 0.1098 0.2397 -0.2142 -0.3159 -0.3875 -0.0334 0.2341 -0.1386 -0.2749 -0.3610 -0.3414 0.1305 0.1652 -0.2266 -0.3242 -0.3905 0.0124 0.2559 -0.1593 -0.2841 -0.3683 -0.2952 0.1553 0.0366 -0.2419 -0.3346 -0.3906 0.0551 0.2781 -0.1835 -0.2975 -0.3779 -0.1803 0.1927 -0.0860 -0.2602 -0.3498 -0.3743 0.1031 0.2491 -0.2133 -0.3164 -0.3880 -0.0273 0.2222 0.1430 0.2222 -0.0273 -0.3880 -0.3164 -0.2133 0.2491 0.1031 -0.3743 -0.3498 -0.2602 -0.0860 0.1927 -0.1803 -0.3779 -0.2975 -0.1835 0.2781 0.0551 -0.3906 -0.3346 -0.2419 0.0366 0.1553 -0.2952 -0.3683 -0.2841 -0.1593 0.2559 0.0124 -0.3905 -0.3242 -0.2266 0.1652 0.1305 -0.3414 -0.3610 -0.2749 -0.1386 0.2341 -0.0334 -0.3875 -0.3159 -0.2142 0.2397 0.1098 -0.3666 -0.3539 -0.2662 -0.1133 0.2107
-0.1157 -0.2675 -0.3551 -0.3636 0.1130 0.2311 -0.2161 -0.3172 -0.3880 -0.0254 0.2375 -0.1419 -0.2762 -0.3621 -0.3364 0.1337 0.1501 -0.2285 -0.3254 -0.3908 0.0173 0.2584 -0.1615 -0.2851 -0.3689 -0.2900 0.1574 0.0282 -0.2428 -0.3351 -0.3905 0.0563 0.2783 -0.1837 -0.2975 -0.3778 -0.1828 0.1918 -0.0839 -0.2597 -0.3493 -0.3754 0.1014 0.2531 -0.2121 -0.3156 -0.3878 -0.0246 0.2371 -0.1280 -0.2312 -0.1280 0.2371 -0.0246 -0.3878 -0.3156 -0.2121 0.2531 0.1014 -0.3754 -0.3493 -0.2597 -0.0839 0.1918 -0.1828 -0.3778 -0.2975 -0.1837 0.2783 0.0563 -0.3905 -0.3351 -0.2428 0.0282 0.1574 -0.2900 -0.3689 -0.2851 -0.1615 0.2584 0.0173 -0.3908 -0.3254 -0.2285 0.1501 0.1337 -0.3364 -0.3621 -0.2762 -0.1419 0.2375 -0.0254 -0.3880 -0.3172 -0.2161 0.2311 0.1130 -0.3636 -0.3551 -0.2675 -0.1157
-0.2598 -0.3561 -0.3602 0.1161 0.2216 -0.2180 -0.3184 -0.3885 -0.0178 0.2407 -0.1451 -0.2775 -0.3631 -0.3310 0.1369 0.1343 -0.2304 -0.3266 -0.3911 0.0225 0.2612 -0.1639 -0.2862 -0.3697 -0.2838 0.1597 0.0187 -0.2439 -0.3358 -0.3902 0.0581 0.2788 -0.1844 -0.2977 -0.3779 -0.1828 0.1915 -0.0826 -0.2593 -0.3489 -0.3763 0.0999 0.2561 -0.2111 -0.3149 -0.3874 -0.0277 0.2383 -0.1420 -0.2713 -0.3287 -0.2713 -0.1420 0.2383 -0.0277 -0.3874 -0.3149 -0.2111 0.2561 0.0999 -0.3763 -0.3489 -0.2593 -0.0826 0.1915 -0.1828 -0.3779 -0.2977 -0.1844 0.2788 0.0581 -0.3902 -0.3358 -0.2439 0.0187 0.1597 -0.2838 -0.3697 -0.2862 -0.1639 0.2612 0.0225 -0.3911 -0.3266 -0.2304 0.1343 0.1369 -0.3310 -0.3631 -0.2775 -0.1451 0.2407 -0.0178 -0.3885 -0.3184 -0.2180 0.2216 0.1161 -0.3602 -0.3561 -0.2598
-0.3492 -0.3566 0.1193 0.2110 -0.2199 -0.3197 -0.3890 -0.0107 0.2440 -0.1482 -0.2788 -0.3641 -0.3253 0.1401 0.1179 -0.2322 -0.3278 -0.3912 0.0276 0.2640 -0.1664 -0.2874 -0.3705 -0.2765 0.1624 0.0083 -0.2452 -0.3366 -0.3899 0.0602 0.2793 -0.1854 -0.2982 -0.3781 -0.1803 0.1918 -0.0826 -0.2592 -0.3487 -0.3769 0.0988 0.2584 -0.2102 -0.3142 -0.3871 -0.0317 0.2372 -0.1434 -0.2765 -0.3609 -0.3974 -0.3609 -0.2765 -0.1434 0.2372 -0.0317 -0.3871 -0.3142 -0.2102 0.2584 0.0988 -0.3769 -0.3487 -0.2592 -0.0826 0.1918 -0.1803 -0.3781 -0.2982 -0.1854 0.2793 0.0602 -0.3899 -0.3366 -0.2452 0.0083 0.1624 -0.2765 -0.3705 -0.2874 -0.1664 0.2640 0.0276 -0.3912 -0.3278 -0.2322 0.1179 0.1401 -0.3253 -0.3641 -0.2788 -0.1482 0.2440 -0.0107 -0.3890 -0.3197 -0.2199 0.2110 0.1193 -0.3566 -0.3492
-0.3513 0.1225 0.1994 -0.2218 -0.3209 -0.3895 -0.0039 0.2473 -0.1512 -0.2801 -0.3651 -0.3192 0.1434 0.1011 -0.2341 -0.3291 -0.3913 0.0324 0.2666 -0.1689 -0.2887 -0.3715 -0.2682 0.1652 -0.0026 -0.2466 -0.3374 -0.3896 0.0625 0.2798 -0.1865 -0.2988 -0.3785 -0.1760 0.1927 -0.0839 -0.2593 -0.3487 -0.3771 0.0982 0.2599 -0.2095 -0.3137 -0.3869 -0.0356 0.2357 -0.1424 -0.2771 -0.3630 -0.3517 0.0258 -0.3517 -0.3630 -0.2771 -0.1424 0.2357 -0.0356 -0.3869 -0.3137 -0.2095 0.2599 0.0982 -0.3771 -0.3487 -0.2593 -0.0839 0.1927 -0.1760 -0.3785 -0.2988 -0.1865 0.2798 0.0625 -0.3896 -0.3374 -0.2466 -0.0026 0.1652 -0.2682 -0.3715 -0.2887 -0.1689 0.2666 0.0324 -0.3913 -0.3291 -0.2341 0.1011 0.1434 -0.3192 -0.3651 -0.2801 -0.1512 0.2473 -0.0039 -0.3895 -0.3209 -0.2218 0.1994 0.1225 -0.3513
0.1235 0.1868 -0.2237 -0.3222 -0.3900 0.0024 0.2504 -0.1541 -0.2814 -0.3661 -0.3126 0.1466 0.0841 -0.2360 -0.3303 -0.3913 0.0371 0.2691 -0.1714 -0.2900 -0.3724 -0.2589 0.1682 -0.0137 -0.2479 -0.3384 -0.3891 0.0652 0.2802 -0.1878 -0.2996 -0.3789 -0.1703 0.1940 -0.0860 -0.2597 -0.3489 -0.3769 0.0982 0.2605 -0.2091 -0.3134 -0.3867 -0.0390 0.2343 -0.1411 -0.2767 -0.3631 -0.3332 0.1221 0.2600 0.1221 -0.3332 -0.3631 -0.2767 -0.1411 0.2343 -0.0390 -0.3867 -0.3134 -0.2091 0.2605 0.0982 -0.3769 -0.3489 -0.2597 -0.0860 0.1940 -0.1703 -0.3789 -0.2996 -0.1878 0.2802 0.0652 -0.3891 -0.3384 -0.2479 -0.0137 0.1682 -0.2589 -0.3724 -0.2900 -0.1714 0.2691 0.0371 -0.3913 -0.3303 -0.2360 0.0841 0.1466 -0.3126 -0.3661 -0.2814 -0.1541 0.2504 0.0024 -0.3900 -0.3222 -0.2237 0.1868 0.1235
0.1703 -0.2256 -0.3234 -0.3903 0.0085 0.2536 -0.1569 -0.2828 -0.3671 -0.3057 0.1499 0.0673 -0.2378 -0.3315 -0.3913 0.0416 0.2714 -0.1738 -0.2913 -0.3733 -0.2489 0.1713 -0.0249 -0.2492 -0.3395 -0.3885 0.0681 0.2805 -0.1893 -0.3004 -0.3793 -0.1634 0.1956 -0.0888 -0.2602 -0.3493 -0.3763 0.0988 0.2599 -0.2091 -0.3133 -0.3866 -0.0414 0.2332 -0.1399 -0.2763 -0.3628 -0.3301 0.1359 0.1949 -0.1682 0.1949 0.1359 -0.3301 -0.3628 -0.2763 -0.1399 0.2332 -0.0414 -0.3866 -0.3133 -0.2091 0.2599 0.0988 -0.3763 -0.3493 -0.2602 -0.0888 0.1956 -0.1634 -0.3793 -0.3004 -0.1893 0.2805 0.0681 -0.3885 -0.3395 -0.2492 -0.0249 0.1713 -0.2489 -0.3733 -0.2913 -0.1738 0.2714 0.0416 -0.3913 -0.3315 -0.2378 0.0673 0.1499 -0.3057 -0.3671 -0.2828 -0.1569 0.2536 0.0085 -0.3903 -0.3234 -0.2256 0.1703
-0.2199 -0.3247 -0.3907 0.0142 0.2566 -0.1597 -0.2841 -0.3681 -0.2983 0.1532 0.0509 -0.2397 -0.3328 -0.3911 0.0459 0.2735 -0.1761 -0.2926 -0.3742 -0.2385 0.1744 -0.0354 -0.2506 -0.3406 -0.3877 0.0714 0.2806 -0.1910 -0.3014 -0.3799 -0.1552 0.1976 -0.0920 -0.2609 -0.3498 -0.3754 0.0999 0.2584 -0.2095 -0.3134 -0.3866 -0.0423 0.2325 -0.1390 -0.2759 -0.3625 -0.3309 0.1382 0.1326 -0.2238 -0.2877 -0.2238 0.1326 0.1382 -0.3309 -0.3625 -0.2759 -0.1390 0.2325 -0.0423 -0.3866 -0.3134 -0.2095 0.2584 0.0999 -0.3754 -0.3498 -0.2609 -0.0920 0.1976 -0.1552 -0.3799 -0.3014 -0.1910 0.2806 0.0714 -0.3877 -0.3406 -0.2506 -0.0354 0.1744 -0.2385 -0.3742 -0.2926 -0.1761 0.2735 0.0459 -0.3911 -0.3328 -0.2397 0.0509 0.1532 -0.2983 -0.3681 -0.2841 -0.1597 0.2566 0.0142 -0.3907 -0.3247 -0.2199
-0.3174 -0.3909 0.0196 0.2596 -0.1623 -0.2854 -0.3691 -0.2905 0.1566 0.0352 -0.2415 -0.3340 -0.3909 0.0501 0.2754 -0.1785 -0.2939 -0.3750 -0.2276 0.1776 -0.0451 -0.2519 -0.3418 -0.3867 0.0748 0.2803 -0.1929 -0.3025 -0.3805 -0.1458 0.1999 -0.0957 -0.2617 -0.3504 -0.3743 0.1014 0.2561 -0.2102 -0.3137 -0.3867 -0.0414 0.2325 -0.1387 -0.2756 -0.3622 -0.3323 0.1380 0.1217 -0.2313 -0.3235 -0.3765 -0.3235 -0.2313 0.1217 0.1380 -0.3323 -0.3622 -0.2756 -0.1387 0.2325 -0.0414 -0.3867 -0.3137 -0.2102 0.2561 0.1014 -0.3743 -0.3504 -0.2617 -0.0957 0.1999 -0.1458 -0.3805 -0.3025 -0.1929 0.2803 0.0748 -0.3867 -0.3418 -0.2519 -0.0451 0.1776 -0.2276 -0.3750 -0.2939 -0.1785 0.2754 0.0501 -0.3909 -0.3340 -0.2415 0.0352 0.1566 -0.2905 -0.3691 -0.2854 -0.1623 0.2596 0.0196 -0.3909 -0.3174
-0.3851 0.0248 0.2624 -0.1650 -0.2867 -0.3700 -0.2822 0.1599 0.0203 -0.2434 -0.3352 -0.3905 0.0541 0.2771 -0.1808 -0.2952 -0.3759 -0.2163 0.1808 -0.0541 -0.2533 -0.3430 -0.3857 0.0783 0.2796 -0.1950 -0.3037 -0.3812 -0.1351 0.2025 -0.0997 -0.2626 -0.3512 -0.3729 0.1031 0.2531 -0.2111 -0.3142 -0.3869 -0.0390 0.2332 -0.1390 -0.2756 -0.3621 -0.3332 0.1375 0.1220 -0.2325 -0.3278 -0.3924 -0.2707 -0.3924 -0.3278 -0.2325 0.1220 0.1375 -0.3332 -0.3621 -0.2756 -0.1390 0.2332 -0.0390 -0.3869 -0.3142 -0.2111 0.2531 0.1031 -0.3729 -0.3512 -0.2626 -0.0997 0.2025 -0.1351 -0.3812 -0.3037 -0.1950 0.2796 0.0783 -0.3857 -0.3430 -0.2533 -0.0541 0.1808 -0.2163 -0.3759 -0.2952 -0.1808 0.2771 0.0541 -0.3905 -0.3352 -0.2434 0.0203 0.1599 -0.2822 -0.3700 -0.2867 -0.1650 0.2624 0.0248 -0.3851
0.0260 0.2652 -0.1675 -0.2880 -0.3709 -0.2734 0.1633 0.0063 -0.2453 -0.3364 -0.3901 0.0581 0.2784 -0.1830 -0.2965 -0.3768 -0.2047 0.1840 -0.0623 -0.2546 -0.3442 -0.3844 0.0818 0.2783 -0.1971 -0.3050 -0.3819 -0.1234 0.2055 -0.1040 -0.2637 -0.3520 -0.3711 0.1052 0.2491 -0.2121 -0.3149 -0.3871 -0.0356 0.2343 -0.1399 -0.2759 -0.3622 -0.3332 0.1373 0.1236 -0.2326 -0.3285 -0.3912 0.0067 0.1612 0.0067 -0.3912 -0.3285 -0.2326 0.1236 0.1373 -0.3332 -0.3622 -0.2759 -0.1399 0.2343 -0.0356 -0.3871 -0.3149 -0.2121 0.2491 0.1052 -0.3711 -0.3520 -0.2637 -0.1040 0.2055 -0.1234 -0.3819 -0.3050 -0.1971 0.2783 0.0818 -0.3844 -0.3442 -0.2546 -0.0623 0.1840 -0.2047 -0.3768 -0.2965 -0.1830 0.2784 0.0581 -0.3901 -0.3364 -0.2453 0.0063 0.1633 -0.2734 -0.3709 -0.2880 -0.1675 0.2652 0.0260
0.2658 -0.1700 -0.2893 -0.3719 -0.2642 0.1664 -0.0066 -0.2470 -0.3376 -0.3896 0.0619 0.2795 -0.1852 -0.2978 -0.3776 -0.1927 0.1872 -0.0699 -0.2560 -0.3453 -0.3830 0.0851 0.2765 -0.1991 -0.3062 -0.3826 -0.1114 0.2087 -0.1085 -0.2648 -0.3529 -0.3691 0.1075 0.2443 -0.2133 -0.3156 -0.3874 -0.0317 0.2357 -0.1411 -0.2763 -0.3625 -0.3323 0.1375 0.1236 -0.2325 -0.3286 -0.3913 0.0297 0.2534 0.0014 0.2534 0.0297 -0.3913 -0.3286 -0.2325 0.1236 0.1375 -0.3323 -0.3625 -0.2763 -0.1411 0.2357 -0.0317 -0.3874 -0.3156 -0.2133 0.2443 0.1075 -0.3691 -0.3529 -0.2648 -0.1085 0.2087 -0.1114 -0.3826 -0.3062 -0.1991 0.2765 0.0851 -0.3830 -0.3453 -0.2560 -0.0699 0.1872 -0.1927 -0.3776 -0.2978 -0.1852 0.2795 0.0619 -0.3896 -0.3376 -0.2470 -0.0066 0.1664 -0.2642 -0.3719 -0.2893 -0.1700 0.2658
-0.1685 -0.2905 -0.3728 -0.2550 0.1694 -0.0180 -0.2484 -0.3387 -0.3890 0.0654 0.2802 -0.1873 -0.2990 -0.3784 -0.1811 0.1903 -0.0766 -0.2573 -0.3464 -0.3816 0.0883 0.2742 -0.2010 -0.3075 -0.3833 -0.1001 0.2119 -0.1128 -0.2660 -0.3539 -0.3668 0.1098 0.2388 -0.2146 -0.3164 -0.3878 -0.0277 0.2372 -0.1424 -0.2767 -0.3628 -0.3309 0.1380 0.1220 -0.2326 -0.3286 -0.3913 0.0339 0.2662 -0.1579 -0.2463 -0.1579 0.2662 0.0339 -0.3913 -0.3286 -0.2326 0.1220 0.1380 -0.3309 -0.3628 -0.2767 -0.1424 0.2372 -0.0277 -0.3878 -0.3164 -0.2146 0.2388 0.1098 -0.3668 -0.3539 -0.2660 -0.1128 0.2119 -0.1001 -0.3833 -0.3075 -0.2010 0.2742 0.0883 -0.3816 -0.3464 -0.2573 -0.0766 0.1903 -0.1811 -0.3784 -0.2990 -0.1873 0.2802 0.0654 -0.3890 -0.3387 -0.2484 -0.0180 0.1694 -0.2550 -0.3728 -0.2905 -0.1685
-0.2827 -0.3735 -0.2475 0.1717 -0.0264 -0.2494 -0.3397 -0.3884 0.0681 0.2805 -0.1890 -0.3000 -0.3791 -0.1718 0.1927 -0.0815 -0.2583 -0.3474 -0.3803 0.0907 0.2721 -0.2026 -0.3085 -0.3839 -0.0916 0.2144 -0.1161 -0.2670 -0.3548 -0.3647 0.1118 0.2339 -0.2157 -0.3170 -0.3880 -0.0246 0.2383 -0.1434 -0.2771 -0.3631 -0.3301 0.1382 0.1217 -0.2325 -0.3285 -0.3913 0.0339 0.2680 -0.1690 -0.2838 -0.3407 -0.2838 -0.1690 0.2680 0.0339 -0.3913 -0.3285 -0.2325 0.1217 0.1382 -0.3301 -0.3631 -0.2771 -0.1434 0.2383 -0.0246 -0.3880 -0.3170 -0.2157 0.2339 0.1118 -0.3647 -0.3548 -0.2670 -0.1161 0.2144 -0.0916 -0.3839 -0.3085 -0.2026 0.2721 0.0907 -0.3803 -0.3474 -0.2583 -0.0815 0.1927 -0.1718 -0.3791 -0.3000 -0.1890 0.2805 0.0681 -0.3884 -0.3397 -0.2494 -0.0264 0.1717 -0.2475 -0.3735 -0.2827
-0.3663 -0.2486 0.1710 -0.0251 -0.2492 -0.3399 -0.3884 0.0676 0.2806 -0.1888 -0.3000 -0.3794 -0.1732 0.1923 -0.0808 -0.2581 -0.3476 -0.3805 0.0902 0.2725 -0.2024 -0.3085 -0.3842 -0.0928 0.2139 -0.1156 -0.2669 -0.3551 -0.3650 0.1111 0.2354 -0.2154 -0.3169 -0.3881 -0.0273 0.2371 -0.1420 -0.2765 -0.3630 -0.3332 0.1359 0.1326 -0.2313 -0.3278 -0.3912 0.0297 0.2662 -0.1690 -0.2882 -0.3707 -0.3951 -0.3707 -0.2882 -0.1690 0.2662 0.0297 -0.3912 -0.3278 -0.2313 0.1326 0.1359 -0.3332 -0.3630 -0.2765 -0.1420 0.2371 -0.0273 -0.3881 -0.3169 -0.2154 0.2354 0.1111 -0.3650 -0.3551 -0.2669 -0.1156 0.2139 -0.0928 -0.3842 -0.3085 -0.2024 0.2725 0.0902 -0.3805 -0.3476 -0.2581 -0.0808 0.1923 -0.1732 -0.3794 -0.3000 -0.1888 0.2806 0.0676 -0.3884 -0.3399 -0.2492 -0.0251 0.1710 -0.2486 -0.3663
-0.2857 0.1569 0.0245 -0.2434 -0.3367 -0.3915 0.0533 0.2769 -0.1806 -0.2956 -0.3792 -0.2168 0.1777 -0.0517 -0.2529 -0.3448 -0.3859 0.0773 0.2802 -0.1950 -0.3042 -0.3845 -0.1366 0.1991 -0.0970 -0.2618 -0.3527 -0.3745 0.0988 0.2618 -0.2083 -0.3128 -0.3888 -0.0606 0.2222 -0.1280 -0.2713 -0.3609 -0.3517 0.1221 0.1949 -0.2238 -0.3235 -0.3924 0.0067 0.2534 -0.1579 -0.2838 -0.3707 -0.3302 0.0444 -0.3302 -0.3707 -0.2838 -0.1579 0.2534 0.0067 -0.3924 -0.3235 -0.2238 0.1949 0.1221 -0.3517 -0.3609 -0.2713 -0.1280 0.2222 -0.0606 -0.3888 -0.3128 -0.2083 0.2618 0.0988 -0.3745 -0.3527 -0.2618 -0.0970 0.1991 -0.1366 -0.3845 -0.3042 -0.1950 0.2802 0.0773 -0.3859 -0.3448 -0.2529 -0.0517 0.1777 -0.2168 -0.3792 -0.2956 -0.1806 0.2769 0.0533 -0.3915 -0.3367 -0.2434 0.0245 0.1569 -0.2857
0.0704 0.2793 -0.1955 -0.3021 -0.3864 -0.1544 0.1928 -0.0866 -0.2591 -0.3520 -0.3822 0.0935 0.2690 -0.2082 -0.3109 -0.3914 -0.0760 0.2146 -0.1205 -0.2681 -0.3600 -0.3638 0.1137 0.2282 -0.2197 -0.3196 -0.3953 -0.0175 0.2367 -0.1453 -0.2770 -0.3677 -0.3331 0.1340 0.1430 -0.2312 -0.3287 -0.3974 0.0258 0.2600 -0.1682 -0.2877 -0.3765 -0.2707 0.1612 0.0013 -0.2463 -0.3407 -0.3951 0.0444 0.1799 0.0444 -0.3951 -0.3407 -0.2463 0.0014 0.1612 -0.2707 -0.3765 -0.2877 -0.1682 0.2600 0.0258 -0.3974 -0.3287 -0.2312 0.1430 0.1340 -0.3331 -0.3677 -0.2770 -0.1453 0.2367 -0.0175 -0.3953 -0.3196 -0.2197 0.2282 0.1137 -0.3638 -0.3600 -0.2681 -0.1205 0.2146 -0.0760 -0.3914 -0.3109 -0.2082 0.2690 0.0935 -0.3822 -0.3520 -0.2591 -0.0866 0.1928 -0.1544 -0.3864 -0.3021 -0.1955 0.2793 0.0704
