0.0003 0.0040 0.0597 0.8905 1.0000 0.0001 0.0015 0.0218 0.3244 1.0000 1.0000 0.0005 0.0079 0.1175 1.0000 1.0000 0.0002 0.0029 0.0426 0.6323 1.0000 0.0001 0.0010 0.0154 0.2290 1.0000 1.0000 0.0004 0.0056 0.0830 1.0000 1.0000 0.0001 0.0020 0.0300 0.4465 1.0000 0.0000 0.0007 0.0109 0.1617 1.0000 1.0000 0.0003 0.0039 0.0585 0.8671 1.0000 0.0001 0.0011 0.0060 0.0011 0.0001 1.0000 0.8671 0.0585 0.0039 0.0003 1.0000 1.0000 0.1617 0.0109 0.0007 0.0000 1.0000 0.4465 0.0300 0.0020 0.0001 1.0000 1.0000 0.0830 0.0056 0.0004 1.0000 1.0000 0.2290 0.0154 0.0010 0.0001 1.0000 0.6323 0.0426 0.0029 0.0002 1.0000 1.0000 0.1175 0.0079 0.0005 1.0000 1.0000 0.3244 0.0218 0.0015 0.0001 1.0000 0.8905 0.0597 0.0040 0.0003
0.0040 0.0602 0.8888 1.0000 0.0001 0.0015 0.0216 0.3207 1.0000 1.0000 0.0005 0.0078 0.1162 1.0000 1.0000 0.0002 0.0028 0.0421 0.6252 1.0000 0.0001 0.0010 0.0152 0.2264 1.0000 1.0000 0.0004 0.0055 0.0820 1.0000 1.0000 0.0001 0.0020 0.0297 0.4414 1.0000 0.0000 0.0007 0.0108 0.1599 1.0000 1.0000 0.0003 0.0039 0.0579 0.8605 1.0000 0.0001 0.0013 0.0166 0.0872 0.0166 0.0013 0.0001 1.0000 0.8605 0.0579 0.0039 0.0003 1.0000 1.0000 0.1599 0.0108 0.0007 0.0000 1.0000 0.4414 0.0297 0.0020 0.0001 1.0000 1.0000 0.0820 0.0055 0.0004 1.0000 1.0000 0.2264 0.0152 0.0010 0.0001 1.0000 0.6252 0.0421 0.0028 0.0002 1.0000 1.0000 0.1162 0.0078 0.0005 1.0000 1.0000 0.3207 0.0216 0.0015 0.0001 1.0000 0.8888 0.0602 0.0040
0.0597 0.8888 1.0000 0.0001 0.0014 0.0209 0.3099 1.0000 1.0000 0.0005 0.0075 0.1118 1.0000 1.0000 0.0002 0.0027 0.0405 0.6018 1.0000 0.0001 0.0010 0.0147 0.2180 1.0000 1.0000 0.0004 0.0053 0.0790 1.0000 1.0000 0.0001 0.0019 0.0286 0.4249 1.0000 0.0000 0.0007 0.0104 0.1539 1.0000 1.0000 0.0003 0.0038 0.0557 0.8284 1.0000 0.0001 0.0013 0.0191 0.2379 1.0000 0.2379 0.0191 0.0013 0.0001 1.0000 0.8284 0.0557 0.0038 0.0003 1.0000 1.0000 0.1539 0.0104 0.0007 0.0000 1.0000 0.4249 0.0286 0.0019 0.0001 1.0000 1.0000 0.0790 0.0053 0.0004 1.0000 1.0000 0.2180 0.0147 0.0010 0.0001 1.0000 0.6018 0.0405 0.0027 0.0002 1.0000 1.0000 0.1118 0.0075 0.0005 1.0000 1.0000 0.3099 0.0209 0.0014 0.0001 1.0000 0.8888 0.0597
0.8905 1.0000 0.0001 0.0014 0.0205 0.3018 1.0000 1.0000 0.0005 0.0073 0.1078 1.0000 1.0000 0.0002 0.0026 0.0390 0.5794 1.0000 0.0001 0.0010 0.0141 0.2098 1.0000 1.0000 0.0003 0.0051 0.0760 1.0000 1.0000 0.0001 0.0019 0.0275 0.4091 1.0000 0.0000 0.0007 0.0100 0.1482 1.0000 1.0000 0.0002 0.0036 0.0537 0.7975 1.0000 0.0001 0.0013 0.0192 0.2739 1.0000 1.0000 1.0000 0.2739 0.0192 0.0013 0.0001 1.0000 0.7975 0.0537 0.0036 0.0002 1.0000 1.0000 0.1482 0.0100 0.0007 0.0000 1.0000 0.4091 0.0275 0.0019 0.0001 1.0000 1.0000 0.0760 0.0051 0.0003 1.0000 1.0000 0.2098 0.0141 0.0010 0.0001 1.0000 0.5794 0.0390 0.0026 0.0002 1.0000 1.0000 0.1078 0.0073 0.0005 1.0000 1.0000 0.3018 0.0205 0.0014 0.0001 1.0000 0.8905
1.0000 0.0001 0.0014 0.0205 0.2989 1.0000 1.0000 0.0005 0.0070 0.1044 1.0000 1.0000 0.0002 0.0025 0.0376 0.5577 1.0000 0.0001 0.0009 0.0136 0.2020 1.0000 1.0000 0.0003 0.0049 0.0732 1.0000 1.0000 0.0001 0.0018 0.0265 0.3938 1.0000 0.0000 0.0006 0.0096 0.1426 1.0000 1.0000 0.0002 0.0035 0.0517 0.7677 1.0000 0.0001 0.0013 0.0187 0.2749 1.0000 1.0000 0.0001 1.0000 1.0000 0.2749 0.0187 0.0013 0.0001 1.0000 0.7677 0.0517 0.0035 0.0002 1.0000 1.0000 0.1426 0.0096 0.0006 0.0000 1.0000 0.3938 0.0265 0.0018 0.0001 1.0000 1.0000 0.0732 0.0049 0.0003 1.0000 1.0000 0.2020 0.0136 0.0009 0.0001 1.0000 0.5577 0.0376 0.0025 0.0002 1.0000 1.0000 0.1044 0.0070 0.0005 1.0000 1.0000 0.2989 0.0205 0.0014 0.0001 1.0000
0.0001 0.0015 0.0209 0.3018 1.0000 1.0000 0.0005 0.0069 0.1017 1.0000 1.0000 0.0002 0.0024 0.0363 0.5380 1.0000 0.0001 0.0009 0.0131 0.1945 1.0000 1.0000 0.0003 0.0047 0.0704 1.0000 1.0000 0.0001 0.0017 0.0255 0.3791 1.0000 0.0000 0.0006 0.0092 0.1373 1.0000 1.0000 0.0002 0.0033 0.0497 0.7391 1.0000 0.0001 0.0012 0.0180 0.2672 1.0000 1.0000 0.0003 0.0018 0.0003 1.0000 1.0000 0.2672 0.0180 0.0012 0.0001 1.0000 0.7391 0.0497 0.0033 0.0002 1.0000 1.0000 0.1373 0.0092 0.0006 0.0000 1.0000 0.3791 0.0255 0.0017 0.0001 1.0000 1.0000 0.0704 0.0047 0.0003 1.0000 1.0000 0.1945 0.0131 0.0009 0.0001 1.0000 0.5380 0.0363 0.0024 0.0002 1.0000 1.0000 0.1017 0.0069 0.0005 1.0000 1.0000 0.3018 0.0209 0.0015 0.0001
0.0015 0.0216 0.3099 1.0000 1.0000 0.0005 0.0069 0.1003 1.0000 1.0000 0.0002 0.0024 0.0352 0.5208 1.0000 0.0001 0.0008 0.0126 0.1872 1.0000 1.0000 0.0003 0.0046 0.0678 1.0000 1.0000 0.0001 0.0017 0.0246 0.3650 1.0000 0.0000 0.0006 0.0089 0.1322 1.0000 1.0000 0.0002 0.0032 0.0479 0.7115 1.0000 0.0001 0.0012 0.0173 0.2577 1.0000 1.0000 0.0004 0.0050 0.0260 0.0050 0.0004 1.0000 1.0000 0.2577 0.0173 0.0012 0.0001 1.0000 0.7115 0.0479 0.0032 0.0002 1.0000 1.0000 0.1322 0.0089 0.0006 0.0000 1.0000 0.3650 0.0246 0.0017 0.0001 1.0000 1.0000 0.0678 0.0046 0.0003 1.0000 1.0000 0.1872 0.0126 0.0008 0.0001 1.0000 0.5208 0.0352 0.0024 0.0002 1.0000 1.0000 0.1003 0.0069 0.0005 1.0000 1.0000 0.3099 0.0216 0.0015
0.0218 0.3207 1.0000 1.0000 0.0005 0.0069 0.1003 1.0000 1.0000 0.0002 0.0023 0.0342 0.5062 1.0000 0.0001 0.0008 0.0122 0.1806 1.0000 1.0000 0.0003 0.0044 0.0653 0.9700 1.0000 0.0001 0.0016 0.0236 0.3513 1.0000 0.0000 0.0006 0.0086 0.1273 1.0000 1.0000 0.0002 0.0031 0.0461 0.6849 1.0000 0.0001 0.0011 0.0167 0.2481 1.0000 1.0000 0.0004 0.0057 0.0712 0.3720 0.0712 0.0057 0.0004 1.0000 1.0000 0.2481 0.0167 0.0011 0.0001 1.0000 0.6849 0.0461 0.0031 0.0002 1.0000 1.0000 0.1273 0.0086 0.0006 0.0000 1.0000 0.3513 0.0236 0.0016 0.0001 1.0000 0.9700 0.0653 0.0044 0.0003 1.0000 1.0000 0.1806 0.0122 0.0008 0.0001 1.0000 0.5062 0.0342 0.0023 0.0002 1.0000 1.0000 0.1003 0.0069 0.0005 1.0000 1.0000 0.3207 0.0218
0.3244 1.0000 1.0000 0.0005 0.0070 0.1017 1.0000 1.0000 0.0002 0.0023 0.0336 0.4948 1.0000 0.0001 0.0008 0.0118 0.1748 1.0000 1.0000 0.0003 0.0042 0.0628 0.9338 1.0000 0.0001 0.0015 0.0228 0.3382 1.0000 1.0000 0.0006 0.0082 0.1225 1.0000 1.0000 0.0002 0.0030 0.0444 0.6594 1.0000 0.0001 0.0011 0.0161 0.2388 1.0000 1.0000 0.0004 0.0058 0.0820 1.0000 1.0000 1.0000 0.0820 0.0058 0.0004 1.0000 1.0000 0.2388 0.0161 0.0011 0.0001 1.0000 0.6594 0.0444 0.0030 0.0002 1.0000 1.0000 0.1225 0.0082 0.0006 1.0000 1.0000 0.3382 0.0228 0.0015 0.0001 1.0000 0.9338 0.0628 0.0042 0.0003 1.0000 1.0000 0.1748 0.0118 0.0008 0.0001 1.0000 0.4948 0.0336 0.0023 0.0002 1.0000 1.0000 0.1017 0.0070 0.0005 1.0000 1.0000 0.3244
1.0000 1.0000 0.0005 0.0073 0.1044 1.0000 1.0000 0.0002 0.0023 0.0334 0.4882 1.0000 0.0001 0.0008 0.0115 0.1699 1.0000 1.0000 0.0003 0.0041 0.0606 0.9007 1.0000 0.0001 0.0015 0.0219 0.3256 1.0000 1.0000 0.0005 0.0079 0.1179 1.0000 1.0000 0.0002 0.0029 0.0427 0.6347 1.0000 0.0001 0.0010 0.0155 0.2299 1.0000 1.0000 0.0004 0.0056 0.0823 1.0000 1.0000 1.0000 1.0000 1.0000 0.0823 0.0056 0.0004 1.0000 1.0000 0.2299 0.0155 0.0010 0.0001 1.0000 0.6347 0.0427 0.0029 0.0002 1.0000 1.0000 0.1179 0.0079 0.0005 1.0000 1.0000 0.3256 0.0219 0.0015 0.0001 1.0000 0.9007 0.0606 0.0041 0.0003 1.0000 1.0000 0.1699 0.0115 0.0008 0.0001 1.0000 0.4882 0.0334 0.0023 0.0002 1.0000 1.0000 0.1044 0.0073 0.0005 1.0000 1.0000
1.0000 0.0005 0.0075 0.1078 1.0000 1.0000 0.0002 0.0023 0.0336 0.4882 1.0000 0.0001 0.0008 0.0112 0.1658 1.0000 1.0000 0.0003 0.0040 0.0587 0.8704 1.0000 0.0001 0.0014 0.0211 0.3135 1.0000 1.0000 0.0005 0.0076 0.1135 1.0000 1.0000 0.0002 0.0028 0.0411 0.6111 1.0000 0.0001 0.0010 0.0149 0.2213 1.0000 1.0000 0.0004 0.0054 0.0800 1.0000 1.0000 0.0001 0.0005 0.0001 1.0000 1.0000 0.0800 0.0054 0.0004 1.0000 1.0000 0.2213 0.0149 0.0010 0.0001 1.0000 0.6111 0.0411 0.0028 0.0002 1.0000 1.0000 0.1135 0.0076 0.0005 1.0000 1.0000 0.3135 0.0211 0.0014 0.0001 1.0000 0.8704 0.0587 0.0040 0.0003 1.0000 1.0000 0.1658 0.0112 0.0008 0.0001 1.0000 0.4882 0.0336 0.0023 0.0002 1.0000 1.0000 0.1078 0.0075 0.0005 1.0000
0.0005 0.0078 0.1118 1.0000 1.0000 0.0002 0.0024 0.0342 0.4948 1.0000 0.0001 0.0008 0.0111 0.1633 1.0000 1.0000 0.0003 0.0039 0.0569 0.8427 1.0000 0.0001 0.0014 0.0203 0.3023 1.0000 1.0000 0.0005 0.0074 0.1093 1.0000 1.0000 0.0002 0.0027 0.0396 0.5882 1.0000 0.0001 0.0010 0.0143 0.2131 1.0000 1.0000 0.0003 0.0052 0.0772 1.0000 1.0000 0.0001 0.0015 0.0078 0.0015 0.0001 1.0000 1.0000 0.0772 0.0052 0.0003 1.0000 1.0000 0.2131 0.0143 0.0010 0.0001 1.0000 0.5882 0.0396 0.0027 0.0002 1.0000 1.0000 0.1093 0.0074 0.0005 1.0000 1.0000 0.3023 0.0203 0.0014 0.0001 1.0000 0.8427 0.0569 0.0039 0.0003 1.0000 1.0000 0.1633 0.0111 0.0008 0.0001 1.0000 0.4948 0.0342 0.0024 0.0002 1.0000 1.0000 0.1118 0.0078 0.0005
0.0079 0.1162 1.0000 1.0000 0.0002 0.0024 0.0352 0.5062 1.0000 0.0001 0.0008 0.0111 0.1623 1.0000 1.0000 0.0003 0.0038 0.0555 0.8205 1.0000 0.0001 0.0013 0.0197 0.2922 1.0000 1.0000 0.0005 0.0071 0.1052 1.0000 1.0000 0.0002 0.0026 0.0381 0.5663 1.0000 0.0001 0.0009 0.0138 0.2051 1.0000 1.0000 0.0003 0.0050 0.0743 1.0000 1.0000 0.0001 0.0017 0.0213 0.1114 0.0213 0.0017 0.0001 1.0000 1.0000 0.0743 0.0050 0.0003 1.0000 1.0000 0.2051 0.0138 0.0009 0.0001 1.0000 0.5663 0.0381 0.0026 0.0002 1.0000 1.0000 0.1052 0.0071 0.0005 1.0000 1.0000 0.2922 0.0197 0.0013 0.0001 1.0000 0.8205 0.0555 0.0038 0.0003 1.0000 1.0000 0.1623 0.0111 0.0008 0.0001 1.0000 0.5062 0.0352 0.0024 0.0002 1.0000 1.0000 0.1162 0.0079
0.1175 1.0000 1.0000 0.0002 0.0025 0.0363 0.5208 1.0000 0.0001 0.0008 0.0112 0.1633 1.0000 1.0000 0.0003 0.0037 0.0545 0.8020 1.0000 0.0001 0.0013 0.0191 0.2829 1.0000 1.0000 0.0005 0.0068 0.1015 1.0000 1.0000 0.0002 0.0025 0.0367 0.5452 1.0000 0.0001 0.0009 0.0133 0.1975 1.0000 1.0000 0.0003 0.0048 0.0715 1.0000 1.0000 0.0001 0.0017 0.0246 0.3052 1.0000 0.3052 0.0246 0.0017 0.0001 1.0000 1.0000 0.0715 0.0048 0.0003 1.0000 1.0000 0.1975 0.0133 0.0009 0.0001 1.0000 0.5452 0.0367 0.0025 0.0002 1.0000 1.0000 0.1015 0.0068 0.0005 1.0000 1.0000 0.2829 0.0191 0.0013 0.0001 1.0000 0.8020 0.0545 0.0037 0.0003 1.0000 1.0000 0.1633 0.0112 0.0008 0.0001 1.0000 0.5208 0.0363 0.0025 0.0002 1.0000 1.0000 0.1175
1.0000 1.0000 0.0002 0.0026 0.0376 0.5380 1.0000 0.0001 0.0008 0.0115 0.1658 1.0000 1.0000 0.0003 0.0037 0.0540 0.7914 1.0000 0.0001 0.0013 0.0186 0.2749 1.0000 1.0000 0.0004 0.0066 0.0979 1.0000 1.0000 0.0002 0.0024 0.0353 0.5248 1.0000 0.0001 0.0009 0.0128 0.1901 1.0000 1.0000 0.0003 0.0046 0.0688 1.0000 1.0000 0.0001 0.0017 0.0247 0.3513 1.0000 1.0000 1.0000 0.3513 0.0247 0.0017 0.0001 1.0000 1.0000 0.0688 0.0046 0.0003 1.0000 1.0000 0.1901 0.0128 0.0009 0.0001 1.0000 0.5248 0.0353 0.0024 0.0002 1.0000 1.0000 0.0979 0.0066 0.0004 1.0000 1.0000 0.2749 0.0186 0.0013 0.0001 1.0000 0.7914 0.0540 0.0037 0.0003 1.0000 1.0000 0.1658 0.0115 0.0008 0.0001 1.0000 0.5380 0.0376 0.0026 0.0002 1.0000 1.0000
1.0000 0.0002 0.0027 0.0390 0.5577 1.0000 0.0001 0.0008 0.0118 0.1699 1.0000 1.0000 0.0003 0.0037 0.0540 0.7884 1.0000 0.0001 0.0012 0.0183 0.2687 1.0000 1.0000 0.0004 0.0064 0.0948 1.0000 1.0000 0.0002 0.0023 0.0340 0.5052 1.0000 0.0001 0.0008 0.0123 0.1830 1.0000 1.0000 0.0003 0.0045 0.0663 0.9849 1.0000 0.0001 0.0016 0.0240 0.3527 1.0000 1.0000 0.0002 1.0000 1.0000 0.3527 0.0240 0.0016 0.0001 1.0000 0.9849 0.0663 0.0045 0.0003 1.0000 1.0000 0.1830 0.0123 0.0008 0.0001 1.0000 0.5052 0.0340 0.0023 0.0002 1.0000 1.0000 0.0948 0.0064 0.0004 1.0000 1.0000 0.2687 0.0183 0.0012 0.0001 1.0000 0.7884 0.0540 0.0037 0.0003 1.0000 1.0000 0.1699 0.0118 0.0008 0.0001 1.0000 0.5577 0.0390 0.0027 0.0002 1.0000
0.0002 0.0028 0.0405 0.5794 1.0000 0.0001 0.0008 0.0122 0.1748 1.0000 1.0000 0.0003 0.0038 0.0545 0.7914 1.0000 0.0001 0.0012 0.0180 0.2646 1.0000 1.0000 0.0004 0.0062 0.0921 1.0000 1.0000 0.0001 0.0022 0.0328 0.4873 1.0000 0.0001 0.0008 0.0119 0.1762 1.0000 1.0000 0.0003 0.0043 0.0638 0.9481 1.0000 0.0001 0.0016 0.0231 0.3428 1.0000 1.0000 0.0004 0.0023 0.0004 1.0000 1.0000 0.3428 0.0231 0.0016 0.0001 1.0000 0.9481 0.0638 0.0043 0.0003 1.0000 1.0000 0.1762 0.0119 0.0008 0.0001 1.0000 0.4873 0.0328 0.0022 0.0001 1.0000 1.0000 0.0921 0.0062 0.0004 1.0000 1.0000 0.2646 0.0180 0.0012 0.0001 1.0000 0.7914 0.0545 0.0038 0.0003 1.0000 1.0000 0.1748 0.0122 0.0008 0.0001 1.0000 0.5794 0.0405 0.0028 0.0002
0.0029 0.0421 0.6018 1.0000 0.0001 0.0009 0.0126 0.1806 1.0000 1.0000 0.0003 0.0039 0.0555 0.8020 1.0000 0.0001 0.0012 0.0179 0.2621 1.0000 1.0000 0.0004 0.0061 0.0899 1.0000 1.0000 0.0001 0.0021 0.0317 0.4709 1.0000 0.0001 0.0008 0.0114 0.1696 1.0000 1.0000 0.0003 0.0041 0.0614 0.9128 1.0000 0.0001 0.0015 0.0222 0.3306 1.0000 1.0000 0.0005 0.0064 0.0334 0.0064 0.0005 1.0000 1.0000 0.3306 0.0222 0.0015 0.0001 1.0000 0.9128 0.0614 0.0041 0.0003 1.0000 1.0000 0.1696 0.0114 0.0008 0.0001 1.0000 0.4709 0.0317 0.0021 0.0001 1.0000 1.0000 0.0899 0.0061 0.0004 1.0000 1.0000 0.2621 0.0179 0.0012 0.0001 1.0000 0.8020 0.0555 0.0039 0.0003 1.0000 1.0000 0.1806 0.0126 0.0009 0.0001 1.0000 0.6018 0.0421 0.0029
0.0426 0.6252 1.0000 0.0001 0.0009 0.0131 0.1872 1.0000 1.0000 0.0003 0.0040 0.0569 0.8205 1.0000 0.0001 0.0012 0.0180 0.2621 1.0000 1.0000 0.0004 0.0060 0.0882 1.0000 1.0000 0.0001 0.0021 0.0309 0.4568 1.0000 0.0001 0.0007 0.0110 0.1636 1.0000 1.0000 0.0003 0.0040 0.0591 0.8787 1.0000 0.0001 0.0014 0.0214 0.3183 1.0000 1.0000 0.0005 0.0074 0.0914 0.4772 0.0914 0.0074 0.0005 1.0000 1.0000 0.3183 0.0214 0.0014 0.0001 1.0000 0.8787 0.0591 0.0040 0.0003 1.0000 1.0000 0.1636 0.0110 0.0007 0.0001 1.0000 0.4568 0.0309 0.0021 0.0001 1.0000 1.0000 0.0882 0.0060 0.0004 1.0000 1.0000 0.2621 0.0180 0.0012 0.0001 1.0000 0.8205 0.0569 0.0040 0.0003 1.0000 1.0000 0.1872 0.0131 0.0009 0.0001 1.0000 0.6252 0.0426
0.6323 1.0000 0.0001 0.0010 0.0136 0.1945 1.0000 1.0000 0.0003 0.0041 0.0587 0.8427 1.0000 0.0001 0.0013 0.0183 0.2646 1.0000 1.0000 0.0004 0.0060 0.0872 1.0000 1.0000 0.0001 0.0020 0.0301 0.4448 1.0000 0.0000 0.0007 0.0107 0.1581 1.0000 1.0000 0.0003 0.0038 0.0569 0.8459 1.0000 0.0001 0.0014 0.0206 0.3064 1.0000 1.0000 0.0005 0.0074 0.1052 1.0000 1.0000 1.0000 0.1052 0.0074 0.0005 1.0000 1.0000 0.3064 0.0206 0.0014 0.0001 1.0000 0.8459 0.0569 0.0038 0.0003 1.0000 1.0000 0.1581 0.0107 0.0007 0.0000 1.0000 0.4448 0.0301 0.0020 0.0001 1.0000 1.0000 0.0872 0.0060 0.0004 1.0000 1.0000 0.2646 0.0183 0.0013 0.0001 1.0000 0.8427 0.0587 0.0041 0.0003 1.0000 1.0000 0.1945 0.0136 0.0010 0.0001 1.0000 0.6323
1.0000 0.0001 0.0010 0.0141 0.2020 1.0000 1.0000 0.0003 0.0042 0.0606 0.8704 1.0000 0.0001 0.0013 0.0186 0.2687 1.0000 1.0000 0.0004 0.0060 0.0868 1.0000 1.0000 0.0001 0.0020 0.0294 0.4339 1.0000 0.0000 0.0007 0.0103 0.1530 1.0000 1.0000 0.0002 0.0037 0.0548 0.8143 1.0000 0.0001 0.0013 0.0198 0.2949 1.0000 1.0000 0.0005 0.0072 0.1056 1.0000 1.0000 0.0000 1.0000 1.0000 0.1056 0.0072 0.0005 1.0000 1.0000 0.2949 0.0198 0.0013 0.0001 1.0000 0.8143 0.0548 0.0037 0.0002 1.0000 1.0000 0.1530 0.0103 0.0007 0.0000 1.0000 0.4339 0.0294 0.0020 0.0001 1.0000 1.0000 0.0868 0.0060 0.0004 1.0000 1.0000 0.2687 0.0186 0.0013 0.0001 1.0000 0.8704 0.0606 0.0042 0.0003 1.0000 1.0000 0.2020 0.0141 0.0010 0.0001 1.0000
0.0001 0.0010 0.0147 0.2098 1.0000 1.0000 0.0003 0.0044 0.0628 0.9007 1.0000 0.0001 0.0013 0.0191 0.2749 1.0000 1.0000 0.0004 0.0060 0.0872 1.0000 1.0000 0.0001 0.0020 0.0290 0.4257 1.0000 0.0000 0.0007 0.0101 0.1487 1.0000 1.0000 0.0002 0.0036 0.0529 0.7854 1.0000 0.0001 0.0013 0.0191 0.2839 1.0000 1.0000 0.0005 0.0069 0.1026 1.0000 1.0000 0.0001 0.0007 0.0001 1.0000 1.0000 0.1026 0.0069 0.0005 1.0000 1.0000 0.2839 0.0191 0.0013 0.0001 1.0000 0.7854 0.0529 0.0036 0.0002 1.0000 1.0000 0.1487 0.0101 0.0007 0.0000 1.0000 0.4257 0.0290 0.0020 0.0001 1.0000 1.0000 0.0872 0.0060 0.0004 1.0000 1.0000 0.2749 0.0191 0.0013 0.0001 1.0000 0.9007 0.0628 0.0044 0.0003 1.0000 1.0000 0.2098 0.0147 0.0010 0.0001
0.0010 0.0152 0.2180 1.0000 1.0000 0.0003 0.0046 0.0653 0.9338 1.0000 0.0001 0.0014 0.0197 0.2829 1.0000 1.0000 0.0004 0.0061 0.0882 1.0000 1.0000 0.0001 0.0020 0.0288 0.4209 1.0000 0.0000 0.0007 0.0098 0.1451 1.0000 1.0000 0.0002 0.0035 0.0512 0.7590 1.0000 0.0001 0.0012 0.0184 0.2733 1.0000 1.0000 0.0004 0.0067 0.0990 1.0000 1.0000 0.0002 0.0019 0.0100 0.0019 0.0002 1.0000 1.0000 0.0990 0.0067 0.0004 1.0000 1.0000 0.2733 0.0184 0.0012 0.0001 1.0000 0.7590 0.0512 0.0035 0.0002 1.0000 1.0000 0.1451 0.0098 0.0007 0.0000 1.0000 0.4209 0.0288 0.0020 0.0001 1.0000 1.0000 0.0882 0.0061 0.0004 1.0000 1.0000 0.2829 0.0197 0.0014 0.0001 1.0000 0.9338 0.0653 0.0046 0.0003 1.0000 1.0000 0.2180 0.0152 0.0010
0.0154 0.2264 1.0000 1.0000 0.0003 0.0047 0.0678 0.9700 1.0000 0.0001 0.0014 0.0203 0.2922 1.0000 1.0000 0.0004 0.0062 0.0899 1.0000 1.0000 0.0001 0.0020 0.0288 0.4193 1.0000 0.0000 0.0007 0.0097 0.1421 1.0000 1.0000 0.0002 0.0034 0.0497 0.7362 1.0000 0.0001 0.0012 0.0177 0.2636 1.0000 1.0000 0.0004 0.0064 0.0953 1.0000 1.0000 0.0002 0.0022 0.0274 0.1429 0.0274 0.0022 0.0002 1.0000 1.0000 0.0953 0.0064 0.0004 1.0000 1.0000 0.2636 0.0177 0.0012 0.0001 1.0000 0.7362 0.0497 0.0034 0.0002 1.0000 1.0000 0.1421 0.0097 0.0007 0.0000 1.0000 0.4193 0.0288 0.0020 0.0001 1.0000 1.0000 0.0899 0.0062 0.0004 1.0000 1.0000 0.2922 0.0203 0.0014 0.0001 1.0000 0.9700 0.0678 0.0047 0.0003 1.0000 1.0000 0.2264 0.0154
0.2290 1.0000 1.0000 0.0003 0.0049 0.0704 1.0000 1.0000 0.0001 0.0015 0.0211 0.3023 1.0000 1.0000 0.0004 0.0064 0.0921 1.0000 1.0000 0.0001 0.0020 0.0290 0.4209 1.0000 0.0000 0.0007 0.0095 0.1400 1.0000 1.0000 0.0002 0.0033 0.0485 0.7169 1.0000 0.0001 0.0012 0.0172 0.2548 1.0000 1.0000 0.0004 0.0062 0.0918 1.0000 1.0000 0.0002 0.0022 0.0315 0.3916 1.0000 0.3916 0.0315 0.0022 0.0002 1.0000 1.0000 0.0918 0.0062 0.0004 1.0000 1.0000 0.2548 0.0172 0.0012 0.0001 1.0000 0.7169 0.0485 0.0033 0.0002 1.0000 1.0000 0.1400 0.0095 0.0007 0.0000 1.0000 0.4209 0.0290 0.0020 0.0001 1.0000 1.0000 0.0921 0.0064 0.0004 1.0000 1.0000 0.3023 0.0211 0.0015 0.0001 1.0000 1.0000 0.0704 0.0049 0.0003 1.0000 1.0000 0.2290
1.0000 1.0000 0.0004 0.0051 0.0732 1.0000 1.0000 0.0001 0.0015 0.0219 0.3135 1.0000 1.0000 0.0005 0.0066 0.0948 1.0000 1.0000 0.0001 0.0020 0.0294 0.4257 1.0000 0.0000 0.0007 0.0095 0.1389 1.0000 1.0000 0.0002 0.0032 0.0475 0.7007 1.0000 0.0001 0.0011 0.0167 0.2467 1.0000 1.0000 0.0004 0.0060 0.0883 1.0000 1.0000 0.0001 0.0021 0.0316 0.4507 1.0000 1.0000 1.0000 0.4507 0.0316 0.0021 0.0001 1.0000 1.0000 0.0883 0.0060 0.0004 1.0000 1.0000 0.2467 0.0167 0.0011 0.0001 1.0000 0.7007 0.0475 0.0032 0.0002 1.0000 1.0000 0.1389 0.0095 0.0007 0.0000 1.0000 0.4257 0.0294 0.0020 0.0001 1.0000 1.0000 0.0948 0.0066 0.0005 1.0000 1.0000 0.3135 0.0219 0.0015 0.0001 1.0000 1.0000 0.0732 0.0051 0.0004 1.0000 1.0000
1.0000 0.0004 0.0053 0.0760 1.0000 1.0000 0.0001 0.0016 0.0228 0.3256 1.0000 1.0000 0.0005 0.0068 0.0979 1.0000 1.0000 0.0001 0.0021 0.0301 0.4339 1.0000 0.0000 0.0007 0.0095 0.1389 1.0000 1.0000 0.0002 0.0032 0.0466 0.6862 1.0000 0.0001 0.0011 0.0162 0.2397 1.0000 1.0000 0.0004 0.0058 0.0852 1.0000 1.0000 0.0001 0.0021 0.0307 0.4525 1.0000 0.0000 0.0002 0.0000 1.0000 0.4525 0.0307 0.0021 0.0001 1.0000 1.0000 0.0852 0.0058 0.0004 1.0000 1.0000 0.2397 0.0162 0.0011 0.0001 1.0000 0.6862 0.0466 0.0032 0.0002 1.0000 1.0000 0.1389 0.0095 0.0007 0.0000 1.0000 0.4339 0.0301 0.0021 0.0001 1.0000 1.0000 0.0979 0.0068 0.0005 1.0000 1.0000 0.3256 0.0228 0.0016 0.0001 1.0000 1.0000 0.0760 0.0053 0.0004 1.0000
0.0004 0.0055 0.0790 1.0000 1.0000 0.0001 0.0017 0.0236 0.3382 1.0000 1.0000 0.0005 0.0071 0.1015 1.0000 1.0000 0.0001 0.0021 0.0309 0.4448 1.0000 0.0000 0.0007 0.0097 0.1400 1.0000 1.0000 0.0002 0.0031 0.0461 0.6759 1.0000 0.0001 0.0011 0.0159 0.2339 1.0000 1.0000 0.0004 0.0056 0.0825 1.0000 1.0000 0.0001 0.0020 0.0296 0.4397 1.0000 0.0000 0.0006 0.0030 0.0006 0.0000 1.0000 0.4397 0.0296 0.0020 0.0001 1.0000 1.0000 0.0825 0.0056 0.0004 1.0000 1.0000 0.2339 0.0159 0.0011 0.0001 1.0000 0.6759 0.0461 0.0031 0.0002 1.0000 1.0000 0.1400 0.0097 0.0007 0.0000 1.0000 0.4448 0.0309 0.0021 0.0001 1.0000 1.0000 0.1015 0.0071 0.0005 1.0000 1.0000 0.3382 0.0236 0.0017 0.0001 1.0000 1.0000 0.0790 0.0055 0.0004
0.0056 0.0820 1.0000 1.0000 0.0001 0.0017 0.0246 0.3513 1.0000 1.0000 0.0005 0.0074 0.1052 1.0000 1.0000 0.0002 0.0022 0.0317 0.4568 1.0000 0.0000 0.0007 0.0098 0.1421 1.0000 1.0000 0.0002 0.0031 0.0459 0.6707 1.0000 0.0001 0.0011 0.0156 0.2290 1.0000 1.0000 0.0004 0.0054 0.0802 1.0000 1.0000 0.0001 0.0019 0.0286 0.4249 1.0000 0.0000 0.0007 0.0082 0.0428 0.0082 0.0007 0.0000 1.0000 0.4249 0.0286 0.0019 0.0001 1.0000 1.0000 0.0802 0.0054 0.0004 1.0000 1.0000 0.2290 0.0156 0.0011 0.0001 1.0000 0.6707 0.0459 0.0031 0.0002 1.0000 1.0000 0.1421 0.0098 0.0007 0.0000 1.0000 0.4568 0.0317 0.0022 0.0002 1.0000 1.0000 0.1052 0.0074 0.0005 1.0000 1.0000 0.3513 0.0246 0.0017 0.0001 1.0000 1.0000 0.0820 0.0056
0.0830 1.0000 1.0000 0.0001 0.0018 0.0255 0.3650 1.0000 1.0000 0.0005 0.0076 0.1093 1.0000 1.0000 0.0002 0.0023 0.0328 0.4709 1.0000 0.0000 0.0007 0.0101 0.1451 1.0000 1.0000 0.0002 0.0032 0.0461 0.6707 1.0000 0.0001 0.0010 0.0153 0.2251 1.0000 1.0000 0.0004 0.0053 0.0782 1.0000 1.0000 0.0001 0.0019 0.0276 0.4099 1.0000 0.0000 0.0007 0.0094 0.1173 0.6122 0.1173 0.0094 0.0007 0.0000 1.0000 0.4099 0.0276 0.0019 0.0001 1.0000 1.0000 0.0782 0.0053 0.0004 1.0000 1.0000 0.2251 0.0153 0.0010 0.0001 1.0000 0.6707 0.0461 0.0032 0.0002 1.0000 1.0000 0.1451 0.0101 0.0007 0.0000 1.0000 0.4709 0.0328 0.0023 0.0002 1.0000 1.0000 0.1093 0.0076 0.0005 1.0000 1.0000 0.3650 0.0255 0.0018 0.0001 1.0000 1.0000 0.0830
1.0000 1.0000 0.0001 0.0019 0.0265 0.3791 1.0000 0.0000 0.0006 0.0079 0.1135 1.0000 1.0000 0.0002 0.0024 0.0340 0.4873 1.0000 0.0001 0.0007 0.0103 0.1487 1.0000 1.0000 0.0002 0.0032 0.0466 0.6759 1.0000 0.0001 0.0010 0.0152 0.2226 1.0000 1.0000 0.0004 0.0052 0.0766 1.0000 1.0000 0.0001 0.0018 0.0268 0.3968 1.0000 0.0000 0.0006 0.0095 0.1350 1.0000 1.0000 1.0000 0.1350 0.0095 0.0006 0.0000 1.0000 0.3968 0.0268 0.0018 0.0001 1.0000 1.0000 0.0766 0.0052 0.0004 1.0000 1.0000 0.2226 0.0152 0.0010 0.0001 1.0000 0.6759 0.0466 0.0032 0.0002 1.0000 1.0000 0.1487 0.0103 0.0007 0.0001 1.0000 0.4873 0.0340 0.0024 0.0002 1.0000 1.0000 0.1135 0.0079 0.0006 0.0000 1.0000 0.3791 0.0265 0.0019 0.0001 1.0000 1.0000
1.0000 0.0001 0.0019 0.0275 0.3938 1.0000 0.0000 0.0006 0.0082 0.1179 1.0000 1.0000 0.0002 0.0025 0.0353 0.5052 1.0000 0.0001 0.0007 0.0107 0.1530 1.0000 1.0000 0.0002 0.0033 0.0475 0.6862 1.0000 0.0001 0.0010 0.0152 0.2217 1.0000 1.0000 0.0003 0.0051 0.0751 1.0000 1.0000 0.0001 0.0018 0.0261 0.3857 1.0000 0.0000 0.0006 0.0093 0.1358 1.0000 1.0000 0.0001 1.0000 1.0000 0.1358 0.0093 0.0006 0.0000 1.0000 0.3857 0.0261 0.0018 0.0001 1.0000 1.0000 0.0751 0.0051 0.0003 1.0000 1.0000 0.2217 0.0152 0.0010 0.0001 1.0000 0.6862 0.0475 0.0033 0.0002 1.0000 1.0000 0.1530 0.0107 0.0007 0.0001 1.0000 0.5052 0.0353 0.0025 0.0002 1.0000 1.0000 0.1179 0.0082 0.0006 0.0000 1.0000 0.3938 0.0275 0.0019 0.0001 1.0000
0.0001 0.0020 0.0286 0.4091 1.0000 0.0000 0.0006 0.0086 0.1225 1.0000 1.0000 0.0002 0.0026 0.0367 0.5248 1.0000 0.0001 0.0008 0.0110 0.1581 1.0000 1.0000 0.0002 0.0034 0.0485 0.7007 1.0000 0.0001 0.0011 0.0153 0.2226 1.0000 1.0000 0.0003 0.0050 0.0740 1.0000 1.0000 0.0001 0.0017 0.0255 0.3762 1.0000 0.0000 0.0006 0.0090 0.1327 1.0000 1.0000 0.0002 0.0009 0.0002 1.0000 1.0000 0.1327 0.0090 0.0006 0.0000 1.0000 0.3762 0.0255 0.0017 0.0001 1.0000 1.0000 0.0740 0.0050 0.0003 1.0000 1.0000 0.2226 0.0153 0.0011 0.0001 1.0000 0.7007 0.0485 0.0034 0.0002 1.0000 1.0000 0.1581 0.0110 0.0008 0.0001 1.0000 0.5248 0.0367 0.0026 0.0002 1.0000 1.0000 0.1225 0.0086 0.0006 0.0000 1.0000 0.4091 0.0286 0.0020 0.0001
0.0020 0.0297 0.4249 1.0000 0.0000 0.0006 0.0089 0.1273 1.0000 1.0000 0.0002 0.0027 0.0381 0.5452 1.0000 0.0001 0.0008 0.0114 0.1636 1.0000 1.0000 0.0002 0.0035 0.0497 0.7169 1.0000 0.0001 0.0011 0.0156 0.2251 1.0000 1.0000 0.0003 0.0050 0.0734 1.0000 1.0000 0.0001 0.0017 0.0250 0.3685 1.0000 0.0000 0.0006 0.0087 0.1292 1.0000 1.0000 0.0002 0.0025 0.0129 0.0025 0.0002 1.0000 1.0000 0.1292 0.0087 0.0006 0.0000 1.0000 0.3685 0.0250 0.0017 0.0001 1.0000 1.0000 0.0734 0.0050 0.0003 1.0000 1.0000 0.2251 0.0156 0.0011 0.0001 1.0000 0.7169 0.0497 0.0035 0.0002 1.0000 1.0000 0.1636 0.0114 0.0008 0.0001 1.0000 0.5452 0.0381 0.0027 0.0002 1.0000 1.0000 0.1273 0.0089 0.0006 0.0000 1.0000 0.4249 0.0297 0.0020
0.0300 0.4414 1.0000 0.0000 0.0006 0.0092 0.1322 1.0000 1.0000 0.0002 0.0028 0.0396 0.5663 1.0000 0.0001 0.0008 0.0119 0.1696 1.0000 1.0000 0.0002 0.0036 0.0512 0.7362 1.0000 0.0001 0.0011 0.0159 0.2290 1.0000 1.0000 0.0003 0.0050 0.0734 1.0000 1.0000 0.0001 0.0017 0.0247 0.3622 1.0000 0.0000 0.0006 0.0085 0.1261 1.0000 1.0000 0.0002 0.0028 0.0354 0.1844 0.0354 0.0028 0.0002 1.0000 1.0000 0.1261 0.0085 0.0006 0.0000 1.0000 0.3622 0.0247 0.0017 0.0001 1.0000 1.0000 0.0734 0.0050 0.0003 1.0000 1.0000 0.2290 0.0159 0.0011 0.0001 1.0000 0.7362 0.0512 0.0036 0.0002 1.0000 1.0000 0.1696 0.0119 0.0008 0.0001 1.0000 0.5663 0.0396 0.0028 0.0002 1.0000 1.0000 0.1322 0.0092 0.0006 0.0000 1.0000 0.4414 0.0300
0.4465 1.0000 0.0000 0.0007 0.0096 0.1373 1.0000 1.0000 0.0002 0.0029 0.0411 0.5882 1.0000 0.0001 0.0009 0.0123 0.1762 1.0000 1.0000 0.0003 0.0037 0.0529 0.7590 1.0000 0.0001 0.0011 0.0162 0.2339 1.0000 1.0000 0.0004 0.0051 0.0740 1.0000 1.0000 0.0001 0.0017 0.0244 0.3574 1.0000 0.0000 0.0006 0.0084 0.1232 1.0000 1.0000 0.0002 0.0029 0.0410 0.5081 1.0000 0.5081 0.0410 0.0029 0.0002 1.0000 1.0000 0.1232 0.0084 0.0006 0.0000 1.0000 0.3574 0.0244 0.0017 0.0001 1.0000 1.0000 0.0740 0.0051 0.0004 1.0000 1.0000 0.2339 0.0162 0.0011 0.0001 1.0000 0.7590 0.0529 0.0037 0.0003 1.0000 1.0000 0.1762 0.0123 0.0009 0.0001 1.0000 0.5882 0.0411 0.0029 0.0002 1.0000 1.0000 0.1373 0.0096 0.0007 0.0000 1.0000 0.4465
1.0000 0.0000 0.0007 0.0100 0.1426 1.0000 1.0000 0.0002 0.0030 0.0427 0.6111 1.0000 0.0001 0.0009 0.0128 0.1830 1.0000 1.0000 0.0003 0.0038 0.0548 0.7854 1.0000 0.0001 0.0012 0.0167 0.2397 1.0000 1.0000 0.0004 0.0052 0.0751 1.0000 1.0000 0.0001 0.0017 0.0243 0.3547 1.0000 1.0000 0.0006 0.0082 0.1209 1.0000 1.0000 0.0002 0.0028 0.0416 0.5882 1.0000 1.0000 1.0000 0.5882 0.0416 0.0028 0.0002 1.0000 1.0000 0.1209 0.0082 0.0006 1.0000 1.0000 0.3547 0.0243 0.0017 0.0001 1.0000 1.0000 0.0751 0.0052 0.0004 1.0000 1.0000 0.2397 0.0167 0.0012 0.0001 1.0000 0.7854 0.0548 0.0038 0.0003 1.0000 1.0000 0.1830 0.0128 0.0009 0.0001 1.0000 0.6111 0.0427 0.0030 0.0002 1.0000 1.0000 0.1426 0.0100 0.0007 0.0000 1.0000
0.0000 0.0007 0.0104 0.1482 1.0000 1.0000 0.0002 0.0031 0.0444 0.6347 1.0000 0.0001 0.0009 0.0133 0.1901 1.0000 1.0000 0.0003 0.0040 0.0569 0.8143 1.0000 0.0001 0.0012 0.0172 0.2467 1.0000 1.0000 0.0004 0.0053 0.0766 1.0000 1.0000 0.0001 0.0017 0.0244 0.3547 1.0000 1.0000 0.0006 0.0081 0.1191 1.0000 1.0000 0.0002 0.0028 0.0410 0.5984 1.0000 0.0001 0.0003 0.0001 1.0000 0.5984 0.0410 0.0028 0.0002 1.0000 1.0000 0.1191 0.0081 0.0006 1.0000 1.0000 0.3547 0.0244 0.0017 0.0001 1.0000 1.0000 0.0766 0.0053 0.0004 1.0000 1.0000 0.2467 0.0172 0.0012 0.0001 1.0000 0.8143 0.0569 0.0040 0.0003 1.0000 1.0000 0.1901 0.0133 0.0009 0.0001 1.0000 0.6347 0.0444 0.0031 0.0002 1.0000 1.0000 0.1482 0.0104 0.0007 0.0000
0.0007 0.0108 0.1539 1.0000 1.0000 0.0002 0.0032 0.0461 0.6594 1.0000 0.0001 0.0010 0.0138 0.1975 1.0000 1.0000 0.0003 0.0041 0.0591 0.8459 1.0000 0.0001 0.0012 0.0177 0.2548 1.0000 1.0000 0.0004 0.0054 0.0782 1.0000 1.0000 0.0001 0.0017 0.0247 0.3574 1.0000 1.0000 0.0006 0.0080 0.1177 1.0000 1.0000 0.0002 0.0027 0.0403 0.5916 1.0000 0.0001 0.0008 0.0039 0.0008 0.0001 1.0000 0.5916 0.0403 0.0027 0.0002 1.0000 1.0000 0.1177 0.0080 0.0006 1.0000 1.0000 0.3574 0.0247 0.0017 0.0001 1.0000 1.0000 0.0782 0.0054 0.0004 1.0000 1.0000 0.2548 0.0177 0.0012 0.0001 1.0000 0.8459 0.0591 0.0041 0.0003 1.0000 1.0000 0.1975 0.0138 0.0010 0.0001 1.0000 0.6594 0.0461 0.0032 0.0002 1.0000 1.0000 0.1539 0.0108 0.0007
0.0109 0.1599 1.0000 1.0000 0.0002 0.0033 0.0479 0.6849 1.0000 0.0001 0.0010 0.0143 0.2051 1.0000 1.0000 0.0003 0.0043 0.0614 0.8787 1.0000 0.0001 0.0013 0.0184 0.2636 1.0000 1.0000 0.0004 0.0056 0.0802 1.0000 1.0000 0.0001 0.0017 0.0250 0.3622 1.0000 1.0000 0.0006 0.0080 0.1173 1.0000 1.0000 0.0002 0.0027 0.0397 0.5827 1.0000 0.0001 0.0009 0.0109 0.0567 0.0109 0.0009 0.0001 1.0000 0.5827 0.0397 0.0027 0.0002 1.0000 1.0000 0.1173 0.0080 0.0006 1.0000 1.0000 0.3622 0.0250 0.0017 0.0001 1.0000 1.0000 0.0802 0.0056 0.0004 1.0000 1.0000 0.2636 0.0184 0.0013 0.0001 1.0000 0.8787 0.0614 0.0043 0.0003 1.0000 1.0000 0.2051 0.0143 0.0010 0.0001 1.0000 0.6849 0.0479 0.0033 0.0002 1.0000 1.0000 0.1599 0.0109
0.1617 1.0000 1.0000 0.0002 0.0035 0.0497 0.7115 1.0000 0.0001 0.0010 0.0149 0.2131 1.0000 1.0000 0.0003 0.0045 0.0638 0.9128 1.0000 0.0001 0.0013 0.0191 0.2733 1.0000 1.0000 0.0004 0.0058 0.0825 1.0000 1.0000 0.0001 0.0018 0.0255 0.3685 1.0000 0.0000 0.0006 0.0081 0.1177 1.0000 1.0000 0.0002 0.0027 0.0391 0.5750 1.0000 0.0001 0.0009 0.0127 0.1575 0.8190 0.1575 0.0127 0.0009 0.0001 1.0000 0.5750 0.0391 0.0027 0.0002 1.0000 1.0000 0.1177 0.0081 0.0006 0.0000 1.0000 0.3685 0.0255 0.0018 0.0001 1.0000 1.0000 0.0825 0.0058 0.0004 1.0000 1.0000 0.2733 0.0191 0.0013 0.0001 1.0000 0.9128 0.0638 0.0045 0.0003 1.0000 1.0000 0.2131 0.0149 0.0010 0.0001 1.0000 0.7115 0.0497 0.0035 0.0002 1.0000 1.0000 0.1617
1.0000 1.0000 0.0003 0.0036 0.0517 0.7391 1.0000 0.0001 0.0011 0.0155 0.2213 1.0000 1.0000 0.0003 0.0046 0.0663 0.9481 1.0000 0.0001 0.0014 0.0198 0.2839 1.0000 1.0000 0.0004 0.0060 0.0852 1.0000 1.0000 0.0001 0.0018 0.0261 0.3762 1.0000 0.0000 0.0006 0.0082 0.1191 1.0000 1.0000 0.0002 0.0027 0.0388 0.5685 1.0000 0.0001 0.0009 0.0130 0.1837 1.0000 1.0000 1.0000 0.1837 0.0130 0.0009 0.0001 1.0000 0.5685 0.0388 0.0027 0.0002 1.0000 1.0000 0.1191 0.0082 0.0006 0.0000 1.0000 0.3762 0.0261 0.0018 0.0001 1.0000 1.0000 0.0852 0.0060 0.0004 1.0000 1.0000 0.2839 0.0198 0.0014 0.0001 1.0000 0.9481 0.0663 0.0046 0.0003 1.0000 1.0000 0.2213 0.0155 0.0011 0.0001 1.0000 0.7391 0.0517 0.0036 0.0003 1.0000 1.0000
1.0000 0.0003 0.0038 0.0537 0.7677 1.0000 0.0001 0.0011 0.0161 0.2299 1.0000 1.0000 0.0003 0.0048 0.0688 0.9849 1.0000 0.0001 0.0014 0.0206 0.2949 1.0000 1.0000 0.0004 0.0062 0.0883 1.0000 1.0000 0.0001 0.0019 0.0268 0.3857 1.0000 0.0000 0.0006 0.0084 0.1209 1.0000 1.0000 0.0002 0.0027 0.0388 0.5663 1.0000 0.0001 0.0009 0.0130 0.1886 1.0000 1.0000 0.0001 1.0000 1.0000 0.1886 0.0130 0.0009 0.0001 1.0000 0.5663 0.0388 0.0027 0.0002 1.0000 1.0000 0.1209 0.0084 0.0006 0.0000 1.0000 0.3857 0.0268 0.0019 0.0001 1.0000 1.0000 0.0883 0.0062 0.0004 1.0000 1.0000 0.2949 0.0206 0.0014 0.0001 1.0000 0.9849 0.0688 0.0048 0.0003 1.0000 1.0000 0.2299 0.0161 0.0011 0.0001 1.0000 0.7677 0.0537 0.0038 0.0003 1.0000
0.0003 0.0039 0.0557 0.7975 1.0000 0.0001 0.0012 0.0167 0.2388 1.0000 1.0000 0.0003 0.0050 0.0715 1.0000 1.0000 0.0001 0.0015 0.0214 0.3064 1.0000 1.0000 0.0004 0.0064 0.0918 1.0000 1.0000 0.0001 0.0019 0.0276 0.3968 1.0000 0.0000 0.0006 0.0085 0.1232 1.0000 1.0000 0.0002 0.0027 0.0391 0.5685 1.0000 0.0001 0.0009 0.0129 0.1883 1.0000 1.0000 0.0002 0.0012 0.0002 1.0000 1.0000 0.1883 0.0129 0.0009 0.0001 1.0000 0.5685 0.0391 0.0027 0.0002 1.0000 1.0000 0.1232 0.0085 0.0006 0.0000 1.0000 0.3968 0.0276 0.0019 0.0001 1.0000 1.0000 0.0918 0.0064 0.0004 1.0000 1.0000 0.3064 0.0214 0.0015 0.0001 1.0000 1.0000 0.0715 0.0050 0.0003 1.0000 1.0000 0.2388 0.0167 0.0012 0.0001 1.0000 0.7975 0.0557 0.0039 0.0003
0.0039 0.0579 0.8284 1.0000 0.0001 0.0012 0.0173 0.2481 1.0000 1.0000 0.0004 0.0052 0.0743 1.0000 1.0000 0.0001 0.0016 0.0222 0.3183 1.0000 1.0000 0.0005 0.0067 0.0953 1.0000 1.0000 0.0001 0.0020 0.0286 0.4099 1.0000 0.0000 0.0006 0.0087 0.1261 1.0000 1.0000 0.0002 0.0027 0.0397 0.5750 1.0000 0.0001 0.0009 0.0128 0.1876 1.0000 1.0000 0.0003 0.0034 0.0178 0.0034 0.0003 1.0000 1.0000 0.1876 0.0128 0.0009 0.0001 1.0000 0.5750 0.0397 0.0027 0.0002 1.0000 1.0000 0.1261 0.0087 0.0006 0.0000 1.0000 0.4099 0.0286 0.0020 0.0001 1.0000 1.0000 0.0953 0.0067 0.0005 1.0000 1.0000 0.3183 0.0222 0.0016 0.0001 1.0000 1.0000 0.0743 0.0052 0.0004 1.0000 1.0000 0.2481 0.0173 0.0012 0.0001 1.0000 0.8284 0.0579 0.0039
0.0585 0.8605 1.0000 0.0001 0.0013 0.0180 0.2577 1.0000 1.0000 0.0004 0.0054 0.0772 1.0000 1.0000 0.0001 0.0016 0.0231 0.3306 1.0000 1.0000 0.0005 0.0069 0.0990 1.0000 1.0000 0.0001 0.0021 0.0296 0.4249 1.0000 0.0000 0.0006 0.0090 0.1292 1.0000 1.0000 0.0002 0.0028 0.0403 0.5827 1.0000 0.0001 0.0009 0.0129 0.1876 1.0000 1.0000 0.0003 0.0040 0.0498 0.2587 0.0498 0.0040 0.0003 1.0000 1.0000 0.1876 0.0129 0.0009 0.0001 1.0000 0.5827 0.0403 0.0028 0.0002 1.0000 1.0000 0.1292 0.0090 0.0006 0.0000 1.0000 0.4249 0.0296 0.0021 0.0001 1.0000 1.0000 0.0990 0.0069 0.0005 1.0000 1.0000 0.3306 0.0231 0.0016 0.0001 1.0000 1.0000 0.0772 0.0054 0.0004 1.0000 1.0000 0.2577 0.0180 0.0013 0.0001 1.0000 0.8605 0.0585
0.8671 1.0000 0.0001 0.0013 0.0187 0.2672 1.0000 1.0000 0.0004 0.0056 0.0800 1.0000 1.0000 0.0001 0.0017 0.0240 0.3428 1.0000 1.0000 0.0005 0.0072 0.1026 1.0000 1.0000 0.0002 0.0021 0.0307 0.4397 1.0000 0.0000 0.0006 0.0093 0.1327 1.0000 1.0000 0.0002 0.0028 0.0410 0.5916 1.0000 0.0001 0.0009 0.0130 0.1883 1.0000 1.0000 0.0003 0.0042 0.0588 0.7224 1.0000 0.7224 0.0588 0.0042 0.0003 1.0000 1.0000 0.1883 0.0130 0.0009 0.0001 1.0000 0.5916 0.0410 0.0028 0.0002 1.0000 1.0000 0.1327 0.0093 0.0006 0.0000 1.0000 0.4397 0.0307 0.0021 0.0002 1.0000 1.0000 0.1026 0.0072 0.0005 1.0000 1.0000 0.3428 0.0240 0.0017 0.0001 1.0000 1.0000 0.0800 0.0056 0.0004 1.0000 1.0000 0.2672 0.0187 0.0013 0.0001 1.0000 0.8671
1.0000 0.0001 0.0013 0.0192 0.2749 1.0000 1.0000 0.0004 0.0058 0.0823 1.0000 1.0000 0.0001 0.0017 0.0247 0.3527 1.0000 1.0000 0.0005 0.0074 0.1056 1.0000 1.0000 0.0002 0.0022 0.0316 0.4525 1.0000 0.0000 0.0007 0.0095 0.1358 1.0000 1.0000 0.0002 0.0029 0.0416 0.5984 1.0000 0.0001 0.0009 0.0130 0.1886 1.0000 1.0000 0.0003 0.0042 0.0604 0.8475 1.0000 1.0000 1.0000 0.8475 0.0604 0.0042 0.0003 1.0000 1.0000 0.1886 0.0130 0.0009 0.0001 1.0000 0.5984 0.0416 0.0029 0.0002 1.0000 1.0000 0.1358 0.0095 0.0007 0.0000 1.0000 0.4525 0.0316 0.0022 0.0002 1.0000 1.0000 0.1056 0.0074 0.0005 1.0000 1.0000 0.3527 0.0247 0.0017 0.0001 1.0000 1.0000 0.0823 0.0058 0.0004 1.0000 1.0000 0.2749 0.0192 0.0013 0.0001 1.0000
0.0001 0.0013 0.0191 0.2739 1.0000 1.0000 0.0004 0.0057 0.0820 1.0000 1.0000 0.0001 0.0017 0.0246 0.3513 1.0000 1.0000 0.0005 0.0074 0.1052 1.0000 1.0000 0.0002 0.0022 0.0315 0.4507 1.0000 0.0000 0.0007 0.0094 0.1350 1.0000 1.0000 0.0002 0.0028 0.0410 0.5882 1.0000 0.0001 0.0009 0.0127 0.1837 1.0000 1.0000 0.0003 0.0040 0.0588 0.8475 1.0000 0.0001 0.0004 0.0001 1.0000 0.8475 0.0588 0.0040 0.0003 1.0000 1.0000 0.1837 0.0127 0.0009 0.0001 1.0000 0.5882 0.0410 0.0028 0.0002 1.0000 1.0000 0.1350 0.0094 0.0007 0.0000 1.0000 0.4507 0.0315 0.0022 0.0002 1.0000 1.0000 0.1052 0.0074 0.0005 1.0000 1.0000 0.3513 0.0246 0.0017 0.0001 1.0000 1.0000 0.0820 0.0057 0.0004 1.0000 1.0000 0.2739 0.0191 0.0013 0.0001
0.0011 0.0166 0.2379 1.0000 1.0000 0.0003 0.0050 0.0712 1.0000 1.0000 0.0001 0.0015 0.0213 0.3052 1.0000 1.0000 0.0004 0.0064 0.0914 1.0000 1.0000 0.0001 0.0019 0.0274 0.3916 1.0000 0.0000 0.0006 0.0082 0.1173 1.0000 1.0000 0.0002 0.0025 0.0354 0.5081 1.0000 0.0001 0.0008 0.0109 0.1575 1.0000 1.0000 0.0002 0.0034 0.0498 0.7224 1.0000 0.0001 0.0009 0.0046 0.0009 0.0001 1.0000 0.7224 0.0498 0.0034 0.0002 1.0000 1.0000 0.1575 0.0109 0.0008 0.0001 1.0000 0.5081 0.0354 0.0025 0.0002 1.0000 1.0000 0.1173 0.0082 0.0006 0.0000 1.0000 0.3916 0.0274 0.0019 0.0001 1.0000 1.0000 0.0914 0.0064 0.0004 1.0000 1.0000 0.3052 0.0213 0.0015 0.0001 1.0000 1.0000 0.0712 0.0050 0.0003 1.0000 1.0000 0.2379 0.0166 0.0011
0.0060 0.0872 1.0000 1.0000 0.0001 0.0018 0.0260 0.3720 1.0000 1.0000 0.0005 0.0078 0.1114 1.0000 1.0000 0.0002 0.0023 0.0334 0.4772 1.0000 0.0000 0.0007 0.0100 0.1429 1.0000 1.0000 0.0002 0.0030 0.0428 0.6122 1.0000 0.0001 0.0009 0.0129 0.1844 1.0000 1.0000 0.0003 0.0039 0.0567 0.8190 1.0000 0.0001 0.0012 0.0178 0.2587 1.0000 1.0000 0.0004 0.0046 0.0235 0.0046 0.0004 1.0000 1.0000 0.2587 0.0178 0.0012 0.0001 1.0000 0.8190 0.0567 0.0039 0.0003 1.0000 1.0000 0.1844 0.0129 0.0009 0.0001 1.0000 0.6122 0.0428 0.0030 0.0002 1.0000 1.0000 0.1429 0.0100 0.0007 0.0000 1.0000 0.4772 0.0334 0.0023 0.0002 1.0000 1.0000 0.1114 0.0078 0.0005 1.0000 1.0000 0.3720 0.0260 0.0018 0.0001 1.0000 1.0000 0.0872 0.0060
0.0011 0.0166 0.2379 1.0000 1.0000 0.0003 0.0050 0.0712 1.0000 1.0000 0.0001 0.0015 0.0213 0.3052 1.0000 1.0000 0.0004 0.0064 0.0914 1.0000 1.0000 0.0001 0.0019 0.0274 0.3916 1.0000 0.0000 0.0006 0.0082 0.1173 1.0000 1.0000 0.0002 0.0025 0.0354 0.5081 1.0000 0.0001 0.0008 0.0109 0.1575 1.0000 1.0000 0.0002 0.0034 0.0498 0.7224 1.0000 0.0001 0.0009 0.0046 0.0009 0.0001 1.0000 0.7224 0.0498 0.0034 0.0002 1.0000 1.0000 0.1575 0.0109 0.0008 0.0001 1.0000 0.5081 0.0354 0.0025 0.0002 1.0000 1.0000 0.1173 0.0082 0.0006 0.0000 1.0000 0.3916 0.0274 0.0019 0.0001 1.0000 1.0000 0.0914 0.0064 0.0004 1.0000 1.0000 0.3052 0.0213 0.0015 0.0001 1.0000 1.0000 0.0712 0.0050 0.0003 1.0000 1.0000 0.2379 0.0166 0.0011
0.0001 0.0013 0.0191 0.2739 1.0000 1.0000 0.0004 0.0057 0.0820 1.0000 1.0000 0.0001 0.0017 0.0246 0.3513 1.0000 1.0000 0.0005 0.0074 0.1052 1.0000 1.0000 0.0002 0.0022 0.0315 0.4507 1.0000 0.0000 0.0007 0.0094 0.1350 1.0000 1.0000 0.0002 0.0028 0.0410 0.5882 1.0000 0.0001 0.0009 0.0127 0.1837 1.0000 1.0000 0.0003 0.0040 0.0588 0.8475 1.0000 0.0001 0.0004 0.0001 1.0000 0.8475 0.0588 0.0040 0.0003 1.0000 1.0000 0.1837 0.0127 0.0009 0.0001 1.0000 0.5882 0.0410 0.0028 0.0002 1.0000 1.0000 0.1350 0.0094 0.0007 0.0000 1.0000 0.4507 0.0315 0.0022 0.0002 1.0000 1.0000 0.1052 0.0074 0.0005 1.0000 1.0000 0.3513 0.0246 0.0017 0.0001 1.0000 1.0000 0.0820 0.0057 0.0004 1.0000 1.0000 0.2739 0.0191 0.0013 0.0001
1.0000 0.0001 0.0013 0.0192 0.2749 1.0000 1.0000 0.0004 0.0058 0.0823 1.0000 1.0000 0.0001 0.0017 0.0247 0.3527 1.0000 1.0000 0.0005 0.0074 0.1056 1.0000 1.0000 0.0002 0.0022 0.0316 0.4525 1.0000 0.0000 0.0007 0.0095 0.1358 1.0000 1.0000 0.0002 0.0029 0.0416 0.5984 1.0000 0.0001 0.0009 0.0130 0.1886 1.0000 1.0000 0.0003 0.0042 0.0604 0.8475 1.0000 1.0000 1.0000 0.8475 0.0604 0.0042 0.0003 1.0000 1.0000 0.1886 0.0130 0.0009 0.0001 1.0000 0.5984 0.0416 0.0029 0.0002 1.0000 1.0000 0.1358 0.0095 0.0007 0.0000 1.0000 0.4525 0.0316 0.0022 0.0002 1.0000 1.0000 0.1056 0.0074 0.0005 1.0000 1.0000 0.3527 0.0247 0.0017 0.0001 1.0000 1.0000 0.0823 0.0058 0.0004 1.0000 1.0000 0.2749 0.0192 0.0013 0.0001 1.0000
0.8671 1.0000 0.0001 0.0013 0.0187 0.2672 1.0000 1.0000 0.0004 0.0056 0.0800 1.0000 1.0000 0.0001 0.0017 0.0240 0.3428 1.0000 1.0000 0.0005 0.0072 0.1026 1.0000 1.0000 0.0002 0.0021 0.0307 0.4397 1.0000 0.0000 0.0006 0.0093 0.1327 1.0000 1.0000 0.0002 0.0028 0.0410 0.5916 1.0000 0.0001 0.0009 0.0130 0.1883 1.0000 1.0000 0.0003 0.0042 0.0588 0.7224 1.0000 0.7224 0.0588 0.0042 0.0003 1.0000 1.0000 0.1883 0.0130 0.0009 0.0001 1.0000 0.5916 0.0410 0.0028 0.0002 1.0000 1.0000 0.1327 0.0093 0.0006 0.0000 1.0000 0.4397 0.0307 0.0021 0.0002 1.0000 1.0000 0.1026 0.0072 0.0005 1.0000 1.0000 0.3428 0.0240 0.0017 0.0001 1.0000 1.0000 0.0800 0.0056 0.0004 1.0000 1.0000 0.2672 0.0187 0.0013 0.0001 1.0000 0.8671
0.0585 0.8605 1.0000 0.0001 0.0013 0.0180 0.2577 1.0000 1.0000 0.0004 0.0054 0.0772 1.0000 1.0000 0.0001 0.0016 0.0231 0.3306 1.0000 1.0000 0.0005 0.0069 0.0990 1.0000 1.0000 0.0001 0.0021 0.0296 0.4249 1.0000 0.0000 0.0006 0.0090 0.1292 1.0000 1.0000 0.0002 0.0028 0.0403 0.5827 1.0000 0.0001 0.0009 0.0129 0.1876 1.0000 1.0000 0.0003 0.0040 0.0498 0.2587 0.0498 0.0040 0.0003 1.0000 1.0000 0.1876 0.0129 0.0009 0.0001 1.0000 0.5827 0.0403 0.0028 0.0002 1.0000 1.0000 0.1292 0.0090 0.0006 0.0000 1.0000 0.4249 0.0296 0.0021 0.0001 1.0000 1.0000 0.0990 0.0069 0.0005 1.0000 1.0000 0.3306 0.0231 0.0016 0.0001 1.0000 1.0000 0.0772 0.0054 0.0004 1.0000 1.0000 0.2577 0.0180 0.0013 0.0001 1.0000 0.8605 0.0585
