0.1287 -0.2247 -0.3211 -0.3855 0.0408 0.2726 -0.1759 -0.2874 -0.3699 -0.1909 0.1911 -0.0865 -0.2518 -0.3425 -0.3689 0.1046 0.2359 -0.2097 -0.3100 -0.3825 -0.0081 0.2491 -0.1541 -0.2753 -0.3614 -0.2842 0.1617 -0.0081 -0.2391 -0.3317 -0.3825 0.0741 0.2764 -0.1930 -0.2983 -0.3766 -0.0892 0.2191 -0.1255 -0.2631 -0.3519 -0.3410 0.1315 0.1326 -0.2241 -0.3205 -0.3855 0.0364 0.2684 -0.1598 -0.2403 -0.1598 0.2684 0.0364 -0.3855 -0.3205 -0.2241 0.1326 0.1315 -0.3410 -0.3519 -0.2631 -0.1255 0.2191 -0.0892 -0.3766 -0.2983 -0.1930 0.2764 0.0741 -0.3825 -0.3317 -0.2391 -0.0081 0.1617 -0.2842 -0.3614 -0.2753 -0.1541 0.2491 -0.0081 -0.3825 -0.3100 -0.2097 0.2359 0.1046 -0.3689 -0.3425 -0.2518 -0.0865 0.1911 -0.1909 -0.3699 -0.2874 -0.1759 0.2726 0.0408 -0.3855 -0.3211 -0.2247 0.1287
-0.2247 -0.3290 -0.3913 0.0403 0.2729 -0.1778 -0.2948 -0.3765 -0.1963 0.1895 -0.0816 -0.2596 -0.3496 -0.3743 0.1038 0.2465 -0.2143 -0.3173 -0.3886 -0.0100 0.2476 -0.1544 -0.2829 -0.3682 -0.2897 0.1603 0.0050 -0.2471 -0.3389 -0.3881 0.0732 0.2800 -0.1961 -0.3057 -0.3830 -0.0931 0.2173 -0.1238 -0.2708 -0.3588 -0.3463 0.1304 0.1509 -0.2303 -0.3278 -0.3913 0.0366 0.2706 -0.1727 -0.2862 -0.3433 -0.2862 -0.1727 0.2706 0.0366 -0.3913 -0.3278 -0.2303 0.1509 0.1304 -0.3463 -0.3588 -0.2708 -0.1238 0.2173 -0.0931 -0.3830 -0.3057 -0.1961 0.2800 0.0732 -0.3881 -0.3389 -0.2471 0.0050 0.1603 -0.2897 -0.3682 -0.2829 -0.1544 0.2476 -0.0100 -0.3886 -0.3173 -0.2143 0.2465 0.1038 -0.3743 -0.3496 -0.2596 -0.0816 0.1895 -0.1963 -0.3765 -0.2948 -0.1778 0.2729 0.0403 -0.3913 -0.3290 -0.2247
-0.3211 -0.3913 0.0387 0.2716 -0.1759 -0.2937 -0.3757 -0.2075 0.1864 -0.0751 -0.2583 -0.3484 -0.3765 0.1005 0.2533 -0.2124 -0.3160 -0.3881 -0.0171 0.2443 -0.1515 -0.2816 -0.3672 -0.2975 0.1569 0.0188 -0.2454 -0.3377 -0.3889 0.0697 0.2805 -0.1940 -0.3044 -0.3823 -0.1048 0.2139 -0.1198 -0.2695 -0.3578 -0.3507 0.1272 0.1659 -0.2284 -0.3266 -0.3912 0.0322 0.2688 -0.1729 -0.2908 -0.3725 -0.3929 -0.3725 -0.2908 -0.1729 0.2688 0.0322 -0.3912 -0.3266 -0.2284 0.1659 0.1272 -0.3507 -0.3578 -0.2695 -0.1198 0.2139 -0.1048 -0.3823 -0.3044 -0.1940 0.2805 0.0697 -0.3889 -0.3377 -0.2454 0.0188 0.1569 -0.2975 -0.3672 -0.2816 -0.1515 0.2443 -0.0171 -0.3881 -0.3160 -0.2124 0.2533 0.1005 -0.3765 -0.3484 -0.2583 -0.0751 0.1864 -0.2075 -0.3757 -0.2937 -0.1759 0.2716 0.0387 -0.3913 -0.3211
-0.3855 0.0403 0.2716 -0.1752 -0.2930 -0.3751 -0.2167 0.1836 -0.0685 -0.2570 -0.3473 -0.3784 0.0974 0.2591 -0.2105 -0.3148 -0.3875 -0.0246 0.2411 -0.1485 -0.2803 -0.3662 -0.3050 0.1535 0.0337 -0.2436 -0.3365 -0.3895 0.0660 0.2806 -0.1919 -0.3031 -0.3816 -0.1168 0.2106 -0.1155 -0.2682 -0.3567 -0.3547 0.1240 0.1801 -0.2265 -0.3253 -0.3910 0.0273 0.2665 -0.1711 -0.2909 -0.3735 -0.2866 0.0703 -0.2866 -0.3735 -0.2909 -0.1711 0.2665 0.0273 -0.3910 -0.3253 -0.2265 0.1801 0.1240 -0.3547 -0.3567 -0.2682 -0.1155 0.2106 -0.1168 -0.3816 -0.3031 -0.1919 0.2806 0.0660 -0.3895 -0.3365 -0.2436 0.0337 0.1535 -0.3050 -0.3662 -0.2803 -0.1485 0.2411 -0.0246 -0.3875 -0.3148 -0.2105 0.2591 0.0974 -0.3784 -0.3473 -0.2570 -0.0685 0.1836 -0.2167 -0.3751 -0.2930 -0.1752 0.2716 0.0403 -0.3855
0.0408 0.2729 -0.1759 -0.2930 -0.3749 -0.2219 0.1816 -0.0629 -0.2559 -0.3463 -0.3801 0.0944 0.2639 -0.2086 -0.3135 -0.3869 -0.0326 0.2378 -0.1454 -0.2790 -0.3652 -0.3120 0.1502 0.0493 -0.2417 -0.3353 -0.3901 0.0623 0.2803 -0.1898 -0.3018 -0.3808 -0.1290 0.2072 -0.1110 -0.2668 -0.3556 -0.3584 0.1209 0.1932 -0.2246 -0.3241 -0.3908 0.0222 0.2638 -0.1688 -0.2899 -0.3731 -0.2536 0.1552 0.2792 0.1552 -0.2536 -0.3731 -0.2899 -0.1688 0.2638 0.0222 -0.3908 -0.3241 -0.2246 0.1932 0.1209 -0.3584 -0.3556 -0.2668 -0.1110 0.2072 -0.1290 -0.3808 -0.3018 -0.1898 0.2803 0.0623 -0.3901 -0.3353 -0.2417 0.0493 0.1502 -0.3120 -0.3652 -0.2790 -0.1454 0.2378 -0.0326 -0.3869 -0.3135 -0.2086 0.2639 0.0944 -0.3801 -0.3463 -0.2559 -0.0629 0.1816 -0.2219 -0.3749 -0.2930 -0.1759 0.2729 0.0408
0.2726 -0.1778 -0.2937 -0.3751 -0.2219 0.1809 -0.0598 -0.2552 -0.3455 -0.3814 0.0917 0.2677 -0.2068 -0.3124 -0.3864 -0.0409 0.2345 -0.1423 -0.2776 -0.3642 -0.3185 0.1469 0.0657 -0.2399 -0.3341 -0.3905 0.0584 0.2796 -0.1877 -0.3005 -0.3801 -0.1415 0.2039 -0.1062 -0.2655 -0.3545 -0.3619 0.1177 0.2053 -0.2227 -0.3228 -0.3905 0.0169 0.2610 -0.1662 -0.2886 -0.3723 -0.2526 0.1694 0.0320 -0.1943 0.0320 0.1694 -0.2526 -0.3723 -0.2886 -0.1662 0.2610 0.0169 -0.3905 -0.3228 -0.2227 0.2053 0.1177 -0.3619 -0.3545 -0.2655 -0.1062 0.2039 -0.1415 -0.3801 -0.3005 -0.1877 0.2796 0.0584 -0.3905 -0.3341 -0.2399 0.0657 0.1469 -0.3185 -0.3642 -0.2776 -0.1423 0.2345 -0.0409 -0.3864 -0.3124 -0.2068 0.2677 0.0917 -0.3814 -0.3455 -0.2552 -0.0598 0.1809 -0.2219 -0.3751 -0.2937 -0.1778 0.2726
-0.1759 -0.2948 -0.3757 -0.2167 0.1816 -0.0598 -0.2549 -0.3451 -0.3822 0.0896 0.2705 -0.2052 -0.3113 -0.3859 -0.0489 0.2313 -0.1391 -0.2764 -0.3632 -0.3247 0.1437 0.0824 -0.2380 -0.3329 -0.3908 0.0545 0.2785 -0.1855 -0.2992 -0.3793 -0.1541 0.2006 -0.1012 -0.2642 -0.3534 -0.3651 0.1145 0.2164 -0.2208 -0.3216 -0.3902 0.0114 0.2581 -0.1637 -0.2873 -0.3714 -0.2599 0.1701 -0.0195 -0.2426 -0.3014 -0.2426 -0.0195 0.1701 -0.2599 -0.3714 -0.2873 -0.1637 0.2581 0.0114 -0.3902 -0.3216 -0.2208 0.2164 0.1145 -0.3651 -0.3534 -0.2642 -0.1012 0.2006 -0.1541 -0.3793 -0.2992 -0.1855 0.2785 0.0545 -0.3908 -0.3329 -0.2380 0.0824 0.1437 -0.3247 -0.3632 -0.2764 -0.1391 0.2313 -0.0489 -0.3859 -0.3113 -0.2052 0.2705 0.0896 -0.3822 -0.3451 -0.2549 -0.0598 0.1816 -0.2167 -0.3757 -0.2948 -0.1759
-0.2874 -0.3765 -0.2075 0.1836 -0.0629 -0.2552 -0.3451 -0.3825 0.0885 0.2721 -0.2040 -0.3104 -0.3854 -0.0566 0.2285 -0.1360 -0.2751 -0.3622 -0.3303 0.1405 0.0993 -0.2361 -0.3317 -0.3911 0.0505 0.2772 -0.1833 -0.2979 -0.3785 -0.1667 0.1973 -0.0959 -0.2628 -0.3523 -0.3681 0.1114 0.2265 -0.2189 -0.3203 -0.3897 0.0055 0.2551 -0.1610 -0.2860 -0.3705 -0.2689 0.1678 -0.0208 -0.2485 -0.3361 -0.3860 -0.3361 -0.2485 -0.0208 0.1678 -0.2689 -0.3705 -0.2860 -0.1610 0.2551 0.0055 -0.3897 -0.3203 -0.2189 0.2265 0.1114 -0.3681 -0.3523 -0.2628 -0.0959 0.1973 -0.1667 -0.3785 -0.2979 -0.1833 0.2772 0.0505 -0.3911 -0.3317 -0.2361 0.0993 0.1405 -0.3303 -0.3622 -0.2751 -0.1360 0.2285 -0.0566 -0.3854 -0.3104 -0.2040 0.2721 0.0885 -0.3825 -0.3451 -0.2552 -0.0629 0.1836 -0.2075 -0.3765 -0.2874
-0.3699 -0.1963 0.1864 -0.0685 -0.2559 -0.3455 -0.3822 0.0885 0.2726 -0.2034 -0.3098 -0.3850 -0.0634 0.2260 -0.1332 -0.2740 -0.3613 -0.3352 0.1374 0.1156 -0.2343 -0.3304 -0.3912 0.0463 0.2756 -0.1810 -0.2966 -0.3777 -0.1792 0.1940 -0.0902 -0.2615 -0.3512 -0.3708 0.1082 0.2355 -0.2170 -0.3191 -0.3893 -0.0007 0.2520 -0.1583 -0.2847 -0.3695 -0.2779 0.1649 -0.0121 -0.2487 -0.3393 -0.3917 -0.1608 -0.3917 -0.3393 -0.2487 -0.0121 0.1649 -0.2779 -0.3695 -0.2847 -0.1583 0.2520 -0.0007 -0.3893 -0.3191 -0.2170 0.2355 0.1082 -0.3708 -0.3512 -0.2615 -0.0902 0.1940 -0.1792 -0.3777 -0.2966 -0.1810 0.2756 0.0463 -0.3912 -0.3304 -0.2343 0.1156 0.1374 -0.3352 -0.3613 -0.2740 -0.1332 0.2260 -0.0634 -0.3850 -0.3098 -0.2034 0.2726 0.0885 -0.3822 -0.3455 -0.2559 -0.0685 0.1864 -0.1963 -0.3699
-0.1909 0.1895 -0.0751 -0.2570 -0.3463 -0.3814 0.0896 0.2721 -0.2034 -0.3096 -0.3848 -0.0680 0.2241 -0.1309 -0.2731 -0.3605 -0.3394 0.1347 0.1305 -0.2326 -0.3293 -0.3913 0.0420 0.2737 -0.1787 -0.2953 -0.3768 -0.1915 0.1908 -0.0841 -0.2602 -0.3500 -0.3733 0.1050 0.2436 -0.2151 -0.3178 -0.3888 -0.0072 0.2489 -0.1555 -0.2834 -0.3686 -0.2864 0.1616 -0.0002 -0.2477 -0.3391 -0.3888 0.0513 0.1911 0.0513 -0.3888 -0.3391 -0.2477 -0.0002 0.1616 -0.2864 -0.3686 -0.2834 -0.1555 0.2489 -0.0072 -0.3888 -0.3178 -0.2151 0.2436 0.1050 -0.3733 -0.3500 -0.2602 -0.0841 0.1908 -0.1915 -0.3768 -0.2953 -0.1787 0.2737 0.0420 -0.3913 -0.3293 -0.2326 0.1305 0.1347 -0.3394 -0.3605 -0.2731 -0.1309 0.2241 -0.0680 -0.3848 -0.3096 -0.2034 0.2721 0.0896 -0.3814 -0.3463 -0.2570 -0.0751 0.1895 -0.1909
0.1911 -0.0816 -0.2583 -0.3473 -0.3801 0.0917 0.2705 -0.2040 -0.3098 -0.3848 -0.0695 0.2231 -0.1293 -0.2723 -0.3598 -0.3428 0.1323 0.1433 -0.2310 -0.3282 -0.3913 0.0378 0.2717 -0.1764 -0.2941 -0.3760 -0.2035 0.1875 -0.0776 -0.2588 -0.3489 -0.3756 0.1018 0.2507 -0.2132 -0.3165 -0.3883 -0.0142 0.2456 -0.1527 -0.2821 -0.3676 -0.2944 0.1582 0.0132 -0.2462 -0.3381 -0.3888 0.0658 0.2761 -0.0834 0.2761 0.0658 -0.3888 -0.3381 -0.2462 0.0132 0.1582 -0.2944 -0.3676 -0.2821 -0.1527 0.2456 -0.0142 -0.3883 -0.3165 -0.2132 0.2507 0.1018 -0.3756 -0.3489 -0.2588 -0.0776 0.1875 -0.2035 -0.3760 -0.2941 -0.1764 0.2717 0.0378 -0.3913 -0.3282 -0.2310 0.1433 0.1323 -0.3428 -0.3598 -0.2723 -0.1293 0.2231 -0.0695 -0.3848 -0.3098 -0.2040 0.2705 0.0917 -0.3801 -0.3473 -0.2583 -0.0816 0.1911
-0.0865 -0.2596 -0.3484 -0.3784 0.0944 0.2677 -0.2052 -0.3104 -0.3850 -0.0680 0.2231 -0.1287 -0.2720 -0.3594 -0.3452 0.1304 0.1537 -0.2296 -0.3272 -0.3913 0.0339 0.2696 -0.1743 -0.2928 -0.3752 -0.2151 0.1843 -0.0706 -0.2575 -0.3477 -0.3777 0.0986 0.2569 -0.2112 -0.3153 -0.3877 -0.0215 0.2424 -0.1497 -0.2808 -0.3666 -0.3020 0.1549 0.0276 -0.2443 -0.3370 -0.3893 0.0663 0.2803 -0.1795 -0.2584 -0.1795 0.2803 0.0663 -0.3893 -0.3370 -0.2443 0.0276 0.1549 -0.3020 -0.3666 -0.2808 -0.1497 0.2424 -0.0215 -0.3877 -0.3153 -0.2112 0.2569 0.0986 -0.3777 -0.3477 -0.2575 -0.0706 0.1843 -0.2151 -0.3752 -0.2928 -0.1743 0.2696 0.0339 -0.3913 -0.3272 -0.2296 0.1537 0.1304 -0.3452 -0.3594 -0.2720 -0.1287 0.2231 -0.0680 -0.3850 -0.3104 -0.2052 0.2677 0.0944 -0.3784 -0.3484 -0.2596 -0.0865
-0.2518 -0.3496 -0.3765 0.0974 0.2639 -0.2068 -0.3113 -0.3854 -0.0634 0.2241 -0.1293 -0.2720 -0.3592 -0.3465 0.1292 0.1613 -0.2285 -0.3264 -0.3912 0.0302 0.2677 -0.1722 -0.2917 -0.3744 -0.2259 0.1812 -0.0631 -0.2561 -0.3466 -0.3796 0.0954 0.2623 -0.2093 -0.3140 -0.3872 -0.0293 0.2391 -0.1467 -0.2795 -0.3656 -0.3092 0.1516 0.0430 -0.2425 -0.3358 -0.3899 0.0636 0.2803 -0.1877 -0.2949 -0.3514 -0.2949 -0.1877 0.2803 0.0636 -0.3899 -0.3358 -0.2425 0.0430 0.1516 -0.3092 -0.3656 -0.2795 -0.1467 0.2391 -0.0293 -0.3872 -0.3140 -0.2093 0.2623 0.0954 -0.3796 -0.3466 -0.2561 -0.0631 0.1812 -0.2259 -0.3744 -0.2917 -0.1722 0.2677 0.0302 -0.3912 -0.3264 -0.2285 0.1613 0.1292 -0.3465 -0.3592 -0.2720 -0.1293 0.2241 -0.0634 -0.3854 -0.3113 -0.2068 0.2639 0.0974 -0.3765 -0.3496 -0.2518
-0.3425 -0.3743 0.1005 0.2591 -0.2086 -0.3124 -0.3859 -0.0566 0.2260 -0.1309 -0.2723 -0.3594 -0.3465 0.1287 0.1652 -0.2278 -0.3258 -0.3911 0.0270 0.2659 -0.1704 -0.2906 -0.3736 -0.2352 0.1783 -0.0554 -0.2548 -0.3455 -0.3813 0.0921 0.2669 -0.2073 -0.3127 -0.3866 -0.0376 0.2358 -0.1435 -0.2782 -0.3646 -0.3160 0.1483 0.0591 -0.2406 -0.3346 -0.3903 0.0600 0.2799 -0.1879 -0.2994 -0.3787 -0.3833 -0.3787 -0.2994 -0.1879 0.2799 0.0600 -0.3903 -0.3346 -0.2406 0.0591 0.1483 -0.3160 -0.3646 -0.2782 -0.1435 0.2358 -0.0376 -0.3866 -0.3127 -0.2073 0.2669 0.0921 -0.3813 -0.3455 -0.2548 -0.0554 0.1783 -0.2352 -0.3736 -0.2906 -0.1704 0.2659 0.0270 -0.3911 -0.3258 -0.2278 0.1652 0.1287 -0.3465 -0.3594 -0.2723 -0.1309 0.2260 -0.0566 -0.3859 -0.3124 -0.2086 0.2591 0.1005 -0.3743 -0.3425
-0.3689 0.1038 0.2533 -0.2105 -0.3135 -0.3864 -0.0489 0.2285 -0.1332 -0.2731 -0.3598 -0.3452 0.1292 0.1652 -0.2276 -0.3255 -0.3910 0.0248 0.2645 -0.1689 -0.2898 -0.3730 -0.2434 0.1758 -0.0480 -0.2536 -0.3444 -0.3828 0.0889 0.2707 -0.2054 -0.3115 -0.3860 -0.0464 0.2325 -0.1403 -0.2768 -0.3636 -0.3223 0.1450 0.0757 -0.2387 -0.3334 -0.3907 0.0561 0.2790 -0.1862 -0.2994 -0.3790 -0.2225 0.0920 -0.2225 -0.3790 -0.2994 -0.1862 0.2790 0.0561 -0.3907 -0.3334 -0.2387 0.0757 0.1450 -0.3223 -0.3636 -0.2768 -0.1403 0.2325 -0.0464 -0.3860 -0.3115 -0.2054 0.2707 0.0889 -0.3828 -0.3444 -0.2536 -0.0480 0.1758 -0.2434 -0.3730 -0.2898 -0.1689 0.2645 0.0248 -0.3910 -0.3255 -0.2276 0.1652 0.1292 -0.3452 -0.3598 -0.2731 -0.1332 0.2285 -0.0489 -0.3864 -0.3135 -0.2105 0.2533 0.1038 -0.3689
0.1046 0.2465 -0.2124 -0.3148 -0.3869 -0.0409 0.2313 -0.1360 -0.2740 -0.3605 -0.3428 0.1304 0.1613 -0.2278 -0.3255 -0.3910 0.0235 0.2635 -0.1677 -0.2891 -0.3724 -0.2504 0.1735 -0.0410 -0.2525 -0.3434 -0.3840 0.0859 0.2736 -0.2034 -0.3102 -0.3854 -0.0557 0.2291 -0.1369 -0.2755 -0.3626 -0.3282 0.1417 0.0926 -0.2369 -0.3321 -0.3910 0.0521 0.2778 -0.1841 -0.2984 -0.3787 -0.1794 0.1761 0.2706 0.1761 -0.1794 -0.3787 -0.2984 -0.1841 0.2778 0.0521 -0.3910 -0.3321 -0.2369 0.0926 0.1417 -0.3282 -0.3626 -0.2755 -0.1369 0.2291 -0.0557 -0.3854 -0.3102 -0.2034 0.2736 0.0859 -0.3840 -0.3434 -0.2525 -0.0410 0.1735 -0.2504 -0.3724 -0.2891 -0.1677 0.2635 0.0235 -0.3910 -0.3255 -0.2278 0.1613 0.1304 -0.3428 -0.3605 -0.2740 -0.1360 0.2313 -0.0409 -0.3869 -0.3148 -0.2124 0.2465 0.1046
0.2359 -0.2143 -0.3160 -0.3875 -0.0326 0.2345 -0.1391 -0.2751 -0.3613 -0.3394 0.1323 0.1537 -0.2285 -0.3258 -0.3910 0.0235 0.2632 -0.1671 -0.2886 -0.3720 -0.2554 0.1716 -0.0345 -0.2516 -0.3425 -0.3851 0.0831 0.2758 -0.2016 -0.3090 -0.3848 -0.0656 0.2258 -0.1334 -0.2742 -0.3615 -0.3338 0.1385 0.1095 -0.2350 -0.3309 -0.3912 0.0480 0.2763 -0.1819 -0.2972 -0.3780 -0.1780 0.1907 -0.0472 -0.2073 -0.0472 0.1907 -0.1780 -0.3780 -0.2972 -0.1819 0.2763 0.0480 -0.3912 -0.3309 -0.2350 0.1095 0.1385 -0.3338 -0.3615 -0.2742 -0.1334 0.2258 -0.0656 -0.3848 -0.3090 -0.2016 0.2758 0.0831 -0.3851 -0.3425 -0.2516 -0.0345 0.1716 -0.2554 -0.3720 -0.2886 -0.1671 0.2632 0.0235 -0.3910 -0.3258 -0.2285 0.1537 0.1323 -0.3394 -0.3613 -0.2751 -0.1391 0.2345 -0.0326 -0.3875 -0.3160 -0.2143 0.2359
-0.2097 -0.3173 -0.3881 -0.0246 0.2378 -0.1423 -0.2764 -0.3622 -0.3352 0.1347 0.1433 -0.2296 -0.3264 -0.3911 0.0248 0.2635 -0.1671 -0.2885 -0.3718 -0.2585 0.1704 -0.0293 -0.2508 -0.3418 -0.3859 0.0806 0.2774 -0.2000 -0.3079 -0.3842 -0.0754 0.2225 -0.1299 -0.2729 -0.3605 -0.3390 0.1353 0.1262 -0.2332 -0.3297 -0.3913 0.0437 0.2745 -0.1796 -0.2959 -0.3772 -0.1872 0.1911 -0.0774 -0.2522 -0.3102 -0.2522 -0.0774 0.1911 -0.1872 -0.3772 -0.2959 -0.1796 0.2745 0.0437 -0.3913 -0.3297 -0.2332 0.1262 0.1353 -0.3390 -0.3605 -0.2729 -0.1299 0.2225 -0.0754 -0.3842 -0.3079 -0.2000 0.2774 0.0806 -0.3859 -0.3418 -0.2508 -0.0293 0.1704 -0.2585 -0.3718 -0.2885 -0.1671 0.2635 0.0248 -0.3911 -0.3264 -0.2296 0.1433 0.1347 -0.3352 -0.3622 -0.2764 -0.1423 0.2378 -0.0246 -0.3881 -0.3173 -0.2097
-0.3100 -0.3886 -0.0171 0.2411 -0.1454 -0.2776 -0.3632 -0.3303 0.1374 0.1305 -0.2310 -0.3272 -0.3912 0.0270 0.2645 -0.1677 -0.2886 -0.3718 -0.2597 0.1697 -0.0261 -0.2502 -0.3412 -0.3865 0.0784 0.2786 -0.1985 -0.3069 -0.3836 -0.0846 0.2195 -0.1264 -0.2716 -0.3595 -0.3438 0.1321 0.1423 -0.2313 -0.3285 -0.3913 0.0393 0.2725 -0.1773 -0.2946 -0.3763 -0.1988 0.1887 -0.0782 -0.2574 -0.3442 -0.3911 -0.3442 -0.2574 -0.0782 0.1887 -0.1988 -0.3763 -0.2946 -0.1773 0.2725 0.0393 -0.3913 -0.3285 -0.2313 0.1423 0.1321 -0.3438 -0.3595 -0.2716 -0.1264 0.2195 -0.0846 -0.3836 -0.3069 -0.1985 0.2786 0.0784 -0.3865 -0.3412 -0.2502 -0.0261 0.1697 -0.2597 -0.3718 -0.2886 -0.1677 0.2645 0.0270 -0.3912 -0.3272 -0.2310 0.1305 0.1374 -0.3303 -0.3632 -0.2776 -0.1454 0.2411 -0.0171 -0.3886 -0.3100
-0.3825 -0.0100 0.2443 -0.1485 -0.2790 -0.3642 -0.3247 0.1405 0.1156 -0.2326 -0.3282 -0.3913 0.0302 0.2659 -0.1689 -0.2891 -0.3720 -0.2585 0.1697 -0.0250 -0.2500 -0.3408 -0.3869 0.0766 0.2793 -0.1972 -0.3061 -0.3831 -0.0930 0.2169 -0.1231 -0.2705 -0.3585 -0.3481 0.1290 0.1577 -0.2294 -0.3272 -0.3913 0.0348 0.2703 -0.1750 -0.2933 -0.3755 -0.2106 0.1856 -0.0731 -0.2576 -0.3470 -0.3865 -0.0814 -0.3865 -0.3470 -0.2576 -0.0731 0.1856 -0.2106 -0.3755 -0.2933 -0.1750 0.2703 0.0348 -0.3913 -0.3272 -0.2294 0.1577 0.1290 -0.3481 -0.3585 -0.2705 -0.1231 0.2169 -0.0930 -0.3831 -0.3061 -0.1972 0.2793 0.0766 -0.3869 -0.3408 -0.2500 -0.0250 0.1697 -0.2585 -0.3720 -0.2891 -0.1689 0.2659 0.0302 -0.3913 -0.3282 -0.2326 0.1156 0.1405 -0.3247 -0.3642 -0.2790 -0.1485 0.2443 -0.0100 -0.3825
-0.0081 0.2476 -0.1515 -0.2803 -0.3652 -0.3185 0.1437 0.0993 -0.2343 -0.3293 -0.3913 0.0339 0.2677 -0.1704 -0.2898 -0.3724 -0.2554 0.1704 -0.0261 -0.2500 -0.3407 -0.3871 0.0756 0.2797 -0.1961 -0.3053 -0.3827 -0.1005 0.2145 -0.1200 -0.2694 -0.3576 -0.3517 0.1262 0.1716 -0.2276 -0.3260 -0.3911 0.0300 0.2679 -0.1726 -0.2920 -0.3746 -0.2220 0.1824 -0.0661 -0.2566 -0.3468 -0.3813 0.0756 0.2130 0.0756 -0.3813 -0.3468 -0.2566 -0.0661 0.1824 -0.2220 -0.3746 -0.2920 -0.1726 0.2679 0.0300 -0.3911 -0.3260 -0.2276 0.1716 0.1262 -0.3517 -0.3576 -0.2694 -0.1200 0.2145 -0.1005 -0.3827 -0.3053 -0.1961 0.2797 0.0756 -0.3871 -0.3407 -0.2500 -0.0261 0.1704 -0.2554 -0.3724 -0.2898 -0.1704 0.2677 0.0339 -0.3913 -0.3293 -0.2343 0.0993 0.1437 -0.3185 -0.3652 -0.2803 -0.1515 0.2476 -0.0081
0.2491 -0.1544 -0.2816 -0.3662 -0.3120 0.1469 0.0824 -0.2361 -0.3304 -0.3913 0.0378 0.2696 -0.1722 -0.2906 -0.3730 -0.2504 0.1716 -0.0293 -0.2502 -0.3408 -0.3871 0.0752 0.2799 -0.1955 -0.3048 -0.3823 -0.1070 0.2125 -0.1173 -0.2685 -0.3568 -0.3548 0.1236 0.1834 -0.2259 -0.3248 -0.3910 0.0251 0.2653 -0.1701 -0.2907 -0.3737 -0.2331 0.1792 -0.0583 -0.2553 -0.3459 -0.3812 0.0885 0.2806 -0.1184 0.2806 0.0885 -0.3812 -0.3459 -0.2553 -0.0583 0.1792 -0.2331 -0.3737 -0.2907 -0.1701 0.2653 0.0251 -0.3910 -0.3248 -0.2259 0.1834 0.1236 -0.3548 -0.3568 -0.2685 -0.1173 0.2125 -0.1070 -0.3823 -0.3048 -0.1955 0.2799 0.0752 -0.3871 -0.3408 -0.2502 -0.0293 0.1716 -0.2504 -0.3730 -0.2906 -0.1722 0.2696 0.0378 -0.3913 -0.3304 -0.2361 0.0824 0.1469 -0.3120 -0.3662 -0.2816 -0.1544 0.2491
-0.1541 -0.2829 -0.3672 -0.3050 0.1502 0.0657 -0.2380 -0.3317 -0.3912 0.0420 0.2717 -0.1743 -0.2917 -0.3736 -0.2434 0.1735 -0.0345 -0.2508 -0.3412 -0.3869 0.0756 0.2799 -0.1953 -0.3046 -0.3821 -0.1118 0.2109 -0.1149 -0.2677 -0.3561 -0.3574 0.1214 0.1931 -0.2244 -0.3238 -0.3907 0.0202 0.2627 -0.1677 -0.2894 -0.3728 -0.2438 0.1760 -0.0497 -0.2540 -0.3447 -0.3824 0.0890 0.2740 -0.1939 -0.2674 -0.1939 0.2740 0.0890 -0.3824 -0.3447 -0.2540 -0.0497 0.1760 -0.2438 -0.3728 -0.2894 -0.1677 0.2627 0.0202 -0.3907 -0.3238 -0.2244 0.1931 0.1214 -0.3574 -0.3561 -0.2677 -0.1149 0.2109 -0.1118 -0.3821 -0.3046 -0.1953 0.2799 0.0756 -0.3869 -0.3412 -0.2508 -0.0345 0.1735 -0.2434 -0.3736 -0.2917 -0.1743 0.2717 0.0420 -0.3912 -0.3317 -0.2380 0.0657 0.1502 -0.3050 -0.3672 -0.2829 -0.1541
-0.2753 -0.3682 -0.2975 0.1535 0.0493 -0.2399 -0.3329 -0.3911 0.0463 0.2737 -0.1764 -0.2928 -0.3744 -0.2352 0.1758 -0.0410 -0.2516 -0.3418 -0.3865 0.0766 0.2797 -0.1955 -0.3046 -0.3820 -0.1142 0.2099 -0.1131 -0.2671 -0.3555 -0.3596 0.1193 0.2014 -0.2231 -0.3228 -0.3905 0.0156 0.2601 -0.1654 -0.2881 -0.3719 -0.2539 0.1729 -0.0404 -0.2526 -0.3436 -0.3838 0.0866 0.2736 -0.2014 -0.3036 -0.3594 -0.3036 -0.2014 0.2736 0.0866 -0.3838 -0.3436 -0.2526 -0.0404 0.1729 -0.2539 -0.3719 -0.2881 -0.1654 0.2601 0.0156 -0.3905 -0.3228 -0.2231 0.2014 0.1193 -0.3596 -0.3555 -0.2671 -0.1131 0.2099 -0.1142 -0.3820 -0.3046 -0.1955 0.2797 0.0766 -0.3865 -0.3418 -0.2516 -0.0410 0.1758 -0.2352 -0.3744 -0.2928 -0.1764 0.2737 0.0463 -0.3911 -0.3329 -0.2399 0.0493 0.1535 -0.2975 -0.3682 -0.2753
-0.3614 -0.2897 0.1569 0.0337 -0.2417 -0.3341 -0.3908 0.0505 0.2756 -0.1787 -0.2941 -0.3752 -0.2259 0.1783 -0.0480 -0.2525 -0.3425 -0.3859 0.0784 0.2793 -0.1961 -0.3048 -0.3821 -0.1142 0.2096 -0.1122 -0.2667 -0.3551 -0.3612 0.1176 0.2084 -0.2219 -0.3220 -0.3902 0.0114 0.2578 -0.1632 -0.2870 -0.3711 -0.2632 0.1698 -0.0303 -0.2512 -0.3424 -0.3851 0.0834 0.2755 -0.2016 -0.3078 -0.3841 -0.3655 -0.3841 -0.3078 -0.2016 0.2755 0.0834 -0.3851 -0.3424 -0.2512 -0.0303 0.1698 -0.2632 -0.3711 -0.2870 -0.1632 0.2578 0.0114 -0.3902 -0.3220 -0.2219 0.2084 0.1176 -0.3612 -0.3551 -0.2667 -0.1122 0.2096 -0.1142 -0.3821 -0.3048 -0.1961 0.2793 0.0784 -0.3859 -0.3425 -0.2525 -0.0480 0.1783 -0.2259 -0.3752 -0.2941 -0.1787 0.2756 0.0505 -0.3908 -0.3341 -0.2417 0.0337 0.1569 -0.2897 -0.3614
-0.2842 0.1603 0.0188 -0.2436 -0.3353 -0.3905 0.0545 0.2772 -0.1810 -0.2953 -0.3760 -0.2151 0.1812 -0.0554 -0.2536 -0.3434 -0.3851 0.0806 0.2786 -0.1972 -0.3053 -0.3823 -0.1118 0.2099 -0.1122 -0.2665 -0.3548 -0.3622 0.1163 0.2137 -0.2209 -0.3213 -0.3900 0.0076 0.2557 -0.1612 -0.2859 -0.3703 -0.2711 0.1670 -0.0199 -0.2499 -0.3412 -0.3862 0.0800 0.2775 -0.2000 -0.3078 -0.3838 -0.1428 0.1122 -0.1428 -0.3838 -0.3078 -0.2000 0.2775 0.0800 -0.3862 -0.3412 -0.2499 -0.0199 0.1670 -0.2711 -0.3703 -0.2859 -0.1612 0.2557 0.0076 -0.3900 -0.3213 -0.2209 0.2137 0.1163 -0.3622 -0.3548 -0.2665 -0.1122 0.2099 -0.1118 -0.3823 -0.3053 -0.1972 0.2786 0.0806 -0.3851 -0.3434 -0.2536 -0.0554 0.1812 -0.2151 -0.3760 -0.2953 -0.1810 0.2772 0.0545 -0.3905 -0.3353 -0.2436 0.0188 0.1603 -0.2842
0.1617 0.0050 -0.2454 -0.3365 -0.3901 0.0584 0.2785 -0.1833 -0.2966 -0.3768 -0.2035 0.1843 -0.0631 -0.2548 -0.3444 -0.3840 0.0831 0.2774 -0.1985 -0.3061 -0.3827 -0.1070 0.2109 -0.1131 -0.2667 -0.3548 -0.3626 0.1157 0.2169 -0.2201 -0.3207 -0.3898 0.0043 0.2538 -0.1594 -0.2850 -0.3696 -0.2780 0.1645 -0.0099 -0.2487 -0.3401 -0.3872 0.0766 0.2790 -0.1981 -0.3068 -0.3836 -0.0986 0.1975 0.2327 0.1975 -0.0986 -0.3836 -0.3068 -0.1981 0.2790 0.0766 -0.3872 -0.3401 -0.2487 -0.0099 0.1645 -0.2780 -0.3696 -0.2850 -0.1594 0.2538 0.0043 -0.3898 -0.3207 -0.2201 0.2169 0.1157 -0.3626 -0.3548 -0.2667 -0.1131 0.2109 -0.1070 -0.3827 -0.3061 -0.1985 0.2774 0.0831 -0.3840 -0.3444 -0.2548 -0.0631 0.1843 -0.2035 -0.3768 -0.2966 -0.1833 0.2785 0.0584 -0.3901 -0.3365 -0.2454 0.0050 0.1617
-0.0081 -0.2471 -0.3377 -0.3895 0.0623 0.2796 -0.1855 -0.2979 -0.3777 -0.1915 0.1875 -0.0706 -0.2561 -0.3455 -0.3828 0.0859 0.2758 -0.2000 -0.3069 -0.3831 -0.1005 0.2125 -0.1149 -0.2671 -0.3551 -0.3622 0.1157 0.2179 -0.2197 -0.3203 -0.3896 0.0016 0.2523 -0.1579 -0.2842 -0.3690 -0.2840 0.1622 -0.0004 -0.2476 -0.3391 -0.3880 0.0733 0.2800 -0.1960 -0.3056 -0.3830 -0.0973 0.2123 -0.0942 -0.2188 -0.0942 0.2123 -0.0973 -0.3830 -0.3056 -0.1960 0.2800 0.0733 -0.3880 -0.3391 -0.2476 -0.0004 0.1622 -0.2840 -0.3690 -0.2842 -0.1579 0.2523 0.0016 -0.3896 -0.3203 -0.2197 0.2179 0.1157 -0.3622 -0.3551 -0.2671 -0.1149 0.2125 -0.1005 -0.3831 -0.3069 -0.2000 0.2758 0.0859 -0.3828 -0.3455 -0.2561 -0.0706 0.1875 -0.1915 -0.3777 -0.2979 -0.1855 0.2796 0.0623 -0.3895 -0.3377 -0.2471 -0.0081
-0.2391 -0.3389 -0.3889 0.0660 0.2803 -0.1877 -0.2992 -0.3785 -0.1792 0.1908 -0.0776 -0.2575 -0.3466 -0.3813 0.0889 0.2736 -0.2016 -0.3079 -0.3836 -0.0930 0.2145 -0.1173 -0.2677 -0.3555 -0.3612 0.1163 0.2169 -0.2197 -0.3202 -0.3895 -0.0003 0.2511 -0.1567 -0.2836 -0.3685 -0.2890 0.1600 0.0086 -0.2465 -0.3382 -0.3887 0.0702 0.2805 -0.1941 -0.3044 -0.3823 -0.1060 0.2127 -0.1134 -0.2612 -0.3189 -0.2612 -0.1134 0.2127 -0.1060 -0.3823 -0.3044 -0.1941 0.2805 0.0702 -0.3887 -0.3382 -0.2465 0.0086 0.1600 -0.2890 -0.3685 -0.2836 -0.1567 0.2511 -0.0003 -0.3895 -0.3202 -0.2197 0.2169 0.1163 -0.3612 -0.3555 -0.2677 -0.1173 0.2145 -0.0930 -0.3836 -0.3079 -0.2016 0.2736 0.0889 -0.3813 -0.3466 -0.2575 -0.0776 0.1908 -0.1792 -0.3785 -0.2992 -0.1877 0.2803 0.0660 -0.3889 -0.3389 -0.2391
-0.3317 -0.3881 0.0697 0.2806 -0.1898 -0.3005 -0.3793 -0.1667 0.1940 -0.0841 -0.2588 -0.3477 -0.3796 0.0921 0.2707 -0.2034 -0.3090 -0.3842 -0.0846 0.2169 -0.1200 -0.2685 -0.3561 -0.3596 0.1176 0.2137 -0.2201 -0.3203 -0.3895 -0.0010 0.2505 -0.1558 -0.2831 -0.3680 -0.2930 0.1581 0.0169 -0.2454 -0.3374 -0.3892 0.0675 0.2806 -0.1923 -0.3032 -0.3816 -0.1167 0.2103 -0.1139 -0.2662 -0.3521 -0.3950 -0.3521 -0.2662 -0.1139 0.2103 -0.1167 -0.3816 -0.3032 -0.1923 0.2806 0.0675 -0.3892 -0.3374 -0.2454 0.0169 0.1581 -0.2930 -0.3680 -0.2831 -0.1558 0.2505 -0.0010 -0.3895 -0.3203 -0.2201 0.2137 0.1176 -0.3596 -0.3561 -0.2685 -0.1200 0.2169 -0.0846 -0.3842 -0.3090 -0.2034 0.2707 0.0921 -0.3796 -0.3477 -0.2588 -0.0841 0.1940 -0.1667 -0.3793 -0.3005 -0.1898 0.2806 0.0697 -0.3881 -0.3317
-0.3825 0.0732 0.2805 -0.1919 -0.3018 -0.3801 -0.1541 0.1973 -0.0902 -0.2602 -0.3489 -0.3777 0.0954 0.2669 -0.2054 -0.3102 -0.3848 -0.0754 0.2195 -0.1231 -0.2694 -0.3568 -0.3574 0.1193 0.2084 -0.2209 -0.3207 -0.3896 -0.0003 0.2505 -0.1555 -0.2828 -0.3677 -0.2959 0.1566 0.0242 -0.2443 -0.3367 -0.3895 0.0651 0.2805 -0.1907 -0.3022 -0.3810 -0.1274 0.2075 -0.1108 -0.2664 -0.3545 -0.3756 -0.0212 -0.3756 -0.3545 -0.2664 -0.1108 0.2075 -0.1274 -0.3810 -0.3022 -0.1907 0.2805 0.0651 -0.3895 -0.3367 -0.2443 0.0242 0.1566 -0.2959 -0.3677 -0.2828 -0.1555 0.2505 -0.0003 -0.3896 -0.3207 -0.2209 0.2084 0.1193 -0.3574 -0.3568 -0.2694 -0.1231 0.2195 -0.0754 -0.3848 -0.3102 -0.2054 0.2669 0.0954 -0.3777 -0.3489 -0.2602 -0.0902 0.1973 -0.1541 -0.3801 -0.3018 -0.1919 0.2805 0.0732 -0.3825
0.0741 0.2800 -0.1940 -0.3031 -0.3808 -0.1415 0.2006 -0.0959 -0.2615 -0.3500 -0.3756 0.0986 0.2623 -0.2073 -0.3115 -0.3854 -0.0656 0.2225 -0.1264 -0.2705 -0.3576 -0.3548 0.1214 0.2014 -0.2219 -0.3213 -0.3898 0.0016 0.2511 -0.1558 -0.2828 -0.3676 -0.2975 0.1556 0.0298 -0.2435 -0.3361 -0.3898 0.0630 0.2803 -0.1893 -0.3013 -0.3804 -0.1373 0.2048 -0.1070 -0.2655 -0.3543 -0.3664 0.0973 0.2351 0.0973 -0.3664 -0.3543 -0.2655 -0.1070 0.2048 -0.1373 -0.3804 -0.3013 -0.1893 0.2803 0.0630 -0.3898 -0.3361 -0.2435 0.0298 0.1556 -0.2975 -0.3676 -0.2828 -0.1558 0.2511 0.0016 -0.3898 -0.3213 -0.2219 0.2014 0.1214 -0.3548 -0.3576 -0.2705 -0.1264 0.2225 -0.0656 -0.3854 -0.3115 -0.2073 0.2623 0.0986 -0.3756 -0.3500 -0.2615 -0.0959 0.2006 -0.1415 -0.3808 -0.3031 -0.1940 0.2800 0.0741
0.2764 -0.1961 -0.3044 -0.3816 -0.1290 0.2039 -0.1012 -0.2628 -0.3512 -0.3733 0.1018 0.2569 -0.2093 -0.3127 -0.3860 -0.0557 0.2258 -0.1299 -0.2716 -0.3585 -0.3517 0.1236 0.1931 -0.2231 -0.3220 -0.3900 0.0043 0.2523 -0.1567 -0.2831 -0.3677 -0.2975 0.1553 0.0328 -0.2429 -0.3357 -0.3901 0.0613 0.2800 -0.1881 -0.3005 -0.3799 -0.1461 0.2023 -0.1032 -0.2645 -0.3535 -0.3658 0.1098 0.2639 -0.1439 0.2639 0.1098 -0.3658 -0.3535 -0.2645 -0.1032 0.2023 -0.1461 -0.3799 -0.3005 -0.1881 0.2800 0.0613 -0.3901 -0.3357 -0.2429 0.0328 0.1553 -0.2975 -0.3677 -0.2831 -0.1567 0.2523 0.0043 -0.3900 -0.3220 -0.2231 0.1931 0.1236 -0.3517 -0.3585 -0.2716 -0.1299 0.2258 -0.0557 -0.3860 -0.3127 -0.2093 0.2569 0.1018 -0.3733 -0.3512 -0.2628 -0.1012 0.2039 -0.1290 -0.3816 -0.3044 -0.1961 0.2764
-0.1930 -0.3057 -0.3823 -0.1168 0.2072 -0.1062 -0.2642 -0.3523 -0.3708 0.1050 0.2507 -0.2112 -0.3140 -0.3866 -0.0464 0.2291 -0.1334 -0.2729 -0.3595 -0.3481 0.1262 0.1834 -0.2244 -0.3228 -0.3902 0.0076 0.2538 -0.1579 -0.2836 -0.3680 -0.2959 0.1556 0.0328 -0.2428 -0.3354 -0.3902 0.0598 0.2796 -0.1871 -0.2998 -0.3795 -0.1537 0.2001 -0.0996 -0.2636 -0.3527 -0.3675 0.1108 0.2383 -0.2076 -0.2765 -0.2076 0.2383 0.1108 -0.3675 -0.3527 -0.2636 -0.0996 0.2001 -0.1537 -0.3795 -0.2998 -0.1871 0.2796 0.0598 -0.3902 -0.3354 -0.2428 0.0328 0.1556 -0.2959 -0.3680 -0.2836 -0.1579 0.2538 0.0076 -0.3902 -0.3228 -0.2244 0.1834 0.1262 -0.3481 -0.3595 -0.2729 -0.1334 0.2291 -0.0464 -0.3866 -0.3140 -0.2112 0.2507 0.1050 -0.3708 -0.3523 -0.2642 -0.1062 0.2072 -0.1168 -0.3823 -0.3057 -0.1930
-0.2983 -0.3830 -0.1048 0.2106 -0.1110 -0.2655 -0.3534 -0.3681 0.1082 0.2436 -0.2132 -0.3153 -0.3872 -0.0376 0.2325 -0.1369 -0.2742 -0.3605 -0.3438 0.1290 0.1716 -0.2259 -0.3238 -0.3905 0.0114 0.2557 -0.1594 -0.2842 -0.3685 -0.2930 0.1566 0.0298 -0.2429 -0.3354 -0.3903 0.0591 0.2794 -0.1864 -0.2993 -0.3791 -0.1600 0.1983 -0.0963 -0.2627 -0.3520 -0.3693 0.1093 0.2359 -0.2148 -0.3124 -0.3673 -0.3124 -0.2148 0.2359 0.1093 -0.3693 -0.3520 -0.2627 -0.0963 0.1983 -0.1600 -0.3791 -0.2993 -0.1864 0.2794 0.0591 -0.3903 -0.3354 -0.2429 0.0298 0.1566 -0.2930 -0.3685 -0.2842 -0.1594 0.2557 0.0114 -0.3905 -0.3238 -0.2259 0.1716 0.1290 -0.3438 -0.3605 -0.2742 -0.1369 0.2325 -0.0376 -0.3872 -0.3153 -0.2132 0.2436 0.1082 -0.3681 -0.3534 -0.2655 -0.1110 0.2106 -0.1048 -0.3830 -0.2983
-0.3766 -0.0931 0.2139 -0.1155 -0.2668 -0.3545 -0.3651 0.1114 0.2355 -0.2151 -0.3165 -0.3877 -0.0293 0.2358 -0.1403 -0.2755 -0.3615 -0.3390 0.1321 0.1577 -0.2276 -0.3248 -0.3907 0.0156 0.2578 -0.1612 -0.2850 -0.3690 -0.2890 0.1581 0.0242 -0.2435 -0.3357 -0.3902 0.0591 0.2793 -0.1859 -0.2990 -0.3788 -0.1650 0.1969 -0.0936 -0.2620 -0.3513 -0.3709 0.1074 0.2395 -0.2153 -0.3167 -0.3886 -0.3349 -0.3886 -0.3167 -0.2153 0.2395 0.1074 -0.3709 -0.3513 -0.2620 -0.0936 0.1969 -0.1650 -0.3788 -0.2990 -0.1859 0.2793 0.0591 -0.3902 -0.3357 -0.2435 0.0242 0.1581 -0.2890 -0.3690 -0.2850 -0.1612 0.2578 0.0156 -0.3907 -0.3248 -0.2276 0.1577 0.1321 -0.3390 -0.3615 -0.2755 -0.1403 0.2358 -0.0293 -0.3877 -0.3165 -0.2151 0.2355 0.1114 -0.3651 -0.3545 -0.2668 -0.1155 0.2139 -0.0931 -0.3766
-0.0892 0.2173 -0.1198 -0.2682 -0.3556 -0.3619 0.1145 0.2265 -0.2170 -0.3178 -0.3883 -0.0215 0.2391 -0.1435 -0.2768 -0.3626 -0.3338 0.1353 0.1423 -0.2294 -0.3260 -0.3910 0.0202 0.2601 -0.1632 -0.2859 -0.3696 -0.2840 0.1600 0.0169 -0.2443 -0.3361 -0.3901 0.0598 0.2794 -0.1859 -0.2988 -0.3787 -0.1685 0.1957 -0.0913 -0.2614 -0.3507 -0.3723 0.1056 0.2438 -0.2145 -0.3169 -0.3880 -0.0627 0.1333 -0.0627 -0.3880 -0.3169 -0.2145 0.2438 0.1056 -0.3723 -0.3507 -0.2614 -0.0913 0.1957 -0.1685 -0.3787 -0.2988 -0.1859 0.2794 0.0598 -0.3901 -0.3361 -0.2443 0.0169 0.1600 -0.2840 -0.3696 -0.2859 -0.1632 0.2601 0.0202 -0.3910 -0.3260 -0.2294 0.1423 0.1353 -0.3338 -0.3626 -0.2768 -0.1435 0.2391 -0.0215 -0.3883 -0.3178 -0.2170 0.2265 0.1145 -0.3619 -0.3556 -0.2682 -0.1198 0.2173 -0.0892
0.2191 -0.1238 -0.2695 -0.3567 -0.3584 0.1177 0.2164 -0.2189 -0.3191 -0.3888 -0.0142 0.2424 -0.1467 -0.2782 -0.3636 -0.3282 0.1385 0.1262 -0.2313 -0.3272 -0.3911 0.0251 0.2627 -0.1654 -0.2870 -0.3703 -0.2780 0.1622 0.0086 -0.2454 -0.3367 -0.3898 0.0613 0.2796 -0.1864 -0.2990 -0.3787 -0.1697 0.1951 -0.0897 -0.2609 -0.3503 -0.3734 0.1040 0.2476 -0.2136 -0.3165 -0.3880 -0.0279 0.2217 0.1452 0.2217 -0.0279 -0.3880 -0.3165 -0.2136 0.2476 0.1040 -0.3734 -0.3503 -0.2609 -0.0897 0.1951 -0.1697 -0.3787 -0.2990 -0.1864 0.2796 0.0613 -0.3898 -0.3367 -0.2454 0.0086 0.1622 -0.2780 -0.3703 -0.2870 -0.1654 0.2627 0.0251 -0.3911 -0.3272 -0.2313 0.1262 0.1385 -0.3282 -0.3636 -0.2782 -0.1467 0.2424 -0.0142 -0.3888 -0.3191 -0.2189 0.2164 0.1177 -0.3584 -0.3567 -0.2695 -0.1238 0.2191
-0.1255 -0.2708 -0.3578 -0.3547 0.1209 0.2053 -0.2208 -0.3203 -0.3893 -0.0072 0.2456 -0.1497 -0.2795 -0.3646 -0.3223 0.1417 0.1095 -0.2332 -0.3285 -0.3913 0.0300 0.2653 -0.1677 -0.2881 -0.3711 -0.2711 0.1645 -0.0004 -0.2465 -0.3374 -0.3895 0.0630 0.2800 -0.1871 -0.2993 -0.3788 -0.1685 0.1951 -0.0891 -0.2606 -0.3500 -0.3742 0.1027 0.2506 -0.2127 -0.3159 -0.3878 -0.0241 0.2370 -0.1279 -0.2311 -0.1279 0.2370 -0.0241 -0.3878 -0.3159 -0.2127 0.2506 0.1027 -0.3742 -0.3500 -0.2606 -0.0891 0.1951 -0.1685 -0.3788 -0.2993 -0.1871 0.2800 0.0630 -0.3895 -0.3374 -0.2465 -0.0004 0.1645 -0.2711 -0.3711 -0.2881 -0.1677 0.2653 0.0300 -0.3913 -0.3285 -0.2332 0.1095 0.1417 -0.3223 -0.3646 -0.2795 -0.1497 0.2456 -0.0072 -0.3893 -0.3203 -0.2208 0.2053 0.1209 -0.3547 -0.3578 -0.2708 -0.1255
-0.2631 -0.3588 -0.3507 0.1240 0.1932 -0.2227 -0.3216 -0.3897 -0.0007 0.2489 -0.1527 -0.2808 -0.3656 -0.3160 0.1450 0.0926 -0.2350 -0.3297 -0.3913 0.0348 0.2679 -0.1701 -0.2894 -0.3719 -0.2632 0.1670 -0.0099 -0.2476 -0.3382 -0.3892 0.0651 0.2803 -0.1881 -0.2998 -0.3791 -0.1650 0.1957 -0.0897 -0.2606 -0.3499 -0.3747 0.1019 0.2529 -0.2119 -0.3153 -0.3876 -0.0260 0.2388 -0.1423 -0.2713 -0.3287 -0.2713 -0.1423 0.2388 -0.0260 -0.3876 -0.3153 -0.2119 0.2529 0.1019 -0.3747 -0.3499 -0.2606 -0.0897 0.1957 -0.1650 -0.3791 -0.2998 -0.1881 0.2803 0.0651 -0.3892 -0.3382 -0.2476 -0.0099 0.1670 -0.2632 -0.3719 -0.2894 -0.1701 0.2679 0.0348 -0.3913 -0.3297 -0.2350 0.0926 0.1450 -0.3160 -0.3656 -0.2808 -0.1527 0.2489 -0.0007 -0.3897 -0.3216 -0.2227 0.1932 0.1240 -0.3507 -0.3588 -0.2631
-0.3519 -0.3463 0.1272 0.1801 -0.2246 -0.3228 -0.3902 0.0055 0.2520 -0.1555 -0.2821 -0.3666 -0.3092 0.1483 0.0757 -0.2369 -0.3309 -0.3913 0.0393 0.2703 -0.1726 -0.2907 -0.3728 -0.2539 0.1698 -0.0199 -0.2487 -0.3391 -0.3887 0.0675 0.2805 -0.1893 -0.3005 -0.3795 -0.1600 0.1969 -0.0913 -0.2609 -0.3500 -0.3747 0.1015 0.2542 -0.2114 -0.3149 -0.3874 -0.0288 0.2381 -0.1441 -0.2767 -0.3610 -0.3974 -0.3610 -0.2767 -0.1441 0.2381 -0.0288 -0.3874 -0.3149 -0.2114 0.2542 0.1015 -0.3747 -0.3500 -0.2609 -0.0913 0.1969 -0.1600 -0.3795 -0.3005 -0.1893 0.2805 0.0675 -0.3887 -0.3391 -0.2487 -0.0199 0.1698 -0.2539 -0.3728 -0.2907 -0.1726 0.2703 0.0393 -0.3913 -0.3309 -0.2369 0.0757 0.1483 -0.3092 -0.3666 -0.2821 -0.1555 0.2520 0.0055 -0.3902 -0.3228 -0.2246 0.1801 0.1272 -0.3463 -0.3519
-0.3410 0.1304 0.1659 -0.2265 -0.3241 -0.3905 0.0114 0.2551 -0.1583 -0.2834 -0.3676 -0.3020 0.1516 0.0591 -0.2387 -0.3321 -0.3912 0.0437 0.2725 -0.1750 -0.2920 -0.3737 -0.2438 0.1729 -0.0303 -0.2499 -0.3401 -0.3880 0.0702 0.2806 -0.1907 -0.3013 -0.3799 -0.1537 0.1983 -0.0936 -0.2614 -0.3503 -0.3742 0.1019 0.2542 -0.2112 -0.3147 -0.3872 -0.0313 0.2371 -0.1436 -0.2775 -0.3633 -0.3509 0.0266 -0.3509 -0.3633 -0.2775 -0.1436 0.2371 -0.0313 -0.3872 -0.3147 -0.2112 0.2542 0.1019 -0.3742 -0.3503 -0.2614 -0.0936 0.1983 -0.1537 -0.3799 -0.3013 -0.1907 0.2806 0.0702 -0.3880 -0.3401 -0.2499 -0.0303 0.1729 -0.2438 -0.3737 -0.2920 -0.1750 0.2725 0.0437 -0.3912 -0.3321 -0.2387 0.0591 0.1516 -0.3020 -0.3676 -0.2834 -0.1583 0.2551 0.0114 -0.3905 -0.3241 -0.2265 0.1659 0.1304 -0.3410
0.1315 0.1509 -0.2284 -0.3253 -0.3908 0.0169 0.2581 -0.1610 -0.2847 -0.3686 -0.2944 0.1549 0.0430 -0.2406 -0.3334 -0.3910 0.0480 0.2745 -0.1773 -0.2933 -0.3746 -0.2331 0.1760 -0.0404 -0.2512 -0.3412 -0.3872 0.0733 0.2805 -0.1923 -0.3022 -0.3804 -0.1461 0.2001 -0.0963 -0.2620 -0.3507 -0.3734 0.1027 0.2529 -0.2114 -0.3147 -0.3872 -0.0329 0.2363 -0.1428 -0.2773 -0.3635 -0.3315 0.1229 0.2606 0.1229 -0.3315 -0.3635 -0.2773 -0.1428 0.2363 -0.0329 -0.3872 -0.3147 -0.2114 0.2529 0.1027 -0.3734 -0.3507 -0.2620 -0.0963 0.2001 -0.1461 -0.3804 -0.3022 -0.1923 0.2805 0.0733 -0.3872 -0.3412 -0.2512 -0.0404 0.1760 -0.2331 -0.3746 -0.2933 -0.1773 0.2745 0.0480 -0.3910 -0.3334 -0.2406 0.0430 0.1549 -0.2944 -0.3686 -0.2847 -0.1610 0.2581 0.0169 -0.3908 -0.3253 -0.2284 0.1509 0.1315
0.1326 -0.2303 -0.3266 -0.3910 0.0222 0.2610 -0.1637 -0.2860 -0.3695 -0.2864 0.1582 0.0276 -0.2425 -0.3346 -0.3907 0.0521 0.2763 -0.1796 -0.2946 -0.3755 -0.2220 0.1792 -0.0497 -0.2526 -0.3424 -0.3862 0.0766 0.2800 -0.1941 -0.3032 -0.3810 -0.1373 0.2023 -0.0996 -0.2627 -0.3513 -0.3723 0.1040 0.2506 -0.2119 -0.3149 -0.3872 -0.0329 0.2360 -0.1423 -0.2771 -0.3634 -0.3275 0.1371 0.1911 -0.1690 0.1911 0.1371 -0.3275 -0.3634 -0.2771 -0.1423 0.2360 -0.0329 -0.3872 -0.3149 -0.2119 0.2506 0.1040 -0.3723 -0.3513 -0.2627 -0.0996 0.2023 -0.1373 -0.3810 -0.3032 -0.1941 0.2800 0.0766 -0.3862 -0.3424 -0.2526 -0.0497 0.1792 -0.2220 -0.3755 -0.2946 -0.1796 0.2763 0.0521 -0.3907 -0.3346 -0.2425 0.0276 0.1582 -0.2864 -0.3695 -0.2860 -0.1637 0.2610 0.0222 -0.3910 -0.3266 -0.2303 0.1326
-0.2241 -0.3278 -0.3912 0.0273 0.2638 -0.1662 -0.2873 -0.3705 -0.2779 0.1616 0.0132 -0.2443 -0.3358 -0.3903 0.0561 0.2778 -0.1819 -0.2959 -0.3763 -0.2106 0.1824 -0.0583 -0.2540 -0.3436 -0.3851 0.0800 0.2790 -0.1960 -0.3044 -0.3816 -0.1274 0.2048 -0.1032 -0.2636 -0.3520 -0.3709 0.1056 0.2476 -0.2127 -0.3153 -0.3874 -0.0313 0.2363 -0.1423 -0.2770 -0.3632 -0.3272 0.1400 0.1252 -0.2245 -0.2881 -0.2245 0.1252 0.1400 -0.3272 -0.3632 -0.2770 -0.1423 0.2363 -0.0313 -0.3874 -0.3153 -0.2127 0.2476 0.1056 -0.3709 -0.3520 -0.2636 -0.1032 0.2048 -0.1274 -0.3816 -0.3044 -0.1960 0.2790 0.0800 -0.3851 -0.3436 -0.2540 -0.0583 0.1824 -0.2106 -0.3763 -0.2959 -0.1819 0.2778 0.0561 -0.3903 -0.3358 -0.2443 0.0132 0.1616 -0.2779 -0.3705 -0.2873 -0.1662 0.2638 0.0273 -0.3912 -0.3278 -0.2241
-0.3205 -0.3913 0.0322 0.2665 -0.1688 -0.2886 -0.3714 -0.2689 0.1649 -0.0002 -0.2462 -0.3370 -0.3899 0.0600 0.2790 -0.1841 -0.2972 -0.3772 -0.1988 0.1856 -0.0661 -0.2553 -0.3447 -0.3838 0.0834 0.2775 -0.1981 -0.3056 -0.3823 -0.1167 0.2075 -0.1070 -0.2645 -0.3527 -0.3693 0.1074 0.2438 -0.2136 -0.3159 -0.3876 -0.0288 0.2371 -0.1428 -0.2771 -0.3632 -0.3274 0.1405 0.1109 -0.2323 -0.3241 -0.3769 -0.3241 -0.2323 0.1109 0.1405 -0.3274 -0.3632 -0.2771 -0.1428 0.2371 -0.0288 -0.3876 -0.3159 -0.2136 0.2438 0.1074 -0.3693 -0.3527 -0.2645 -0.1070 0.2075 -0.1167 -0.3823 -0.3056 -0.1981 0.2775 0.0834 -0.3838 -0.3447 -0.2553 -0.0661 0.1856 -0.1988 -0.3772 -0.2972 -0.1841 0.2790 0.0600 -0.3899 -0.3370 -0.2462 -0.0002 0.1649 -0.2689 -0.3714 -0.2886 -0.1688 0.2665 0.0322 -0.3913 -0.3205
-0.3855 0.0366 0.2688 -0.1711 -0.2899 -0.3723 -0.2599 0.1678 -0.0121 -0.2477 -0.3381 -0.3893 0.0636 0.2799 -0.1862 -0.2984 -0.3780 -0.1872 0.1887 -0.0731 -0.2566 -0.3459 -0.3824 0.0866 0.2755 -0.2000 -0.3068 -0.3830 -0.1060 0.2103 -0.1108 -0.2655 -0.3535 -0.3675 0.1093 0.2395 -0.2145 -0.3165 -0.3878 -0.0260 0.2381 -0.1436 -0.2773 -0.3634 -0.3272 0.1405 0.1087 -0.2338 -0.3286 -0.3925 -0.2663 -0.3925 -0.3286 -0.2338 0.1087 0.1405 -0.3272 -0.3634 -0.2773 -0.1436 0.2381 -0.0260 -0.3878 -0.3165 -0.2145 0.2395 0.1093 -0.3675 -0.3535 -0.2655 -0.1108 0.2103 -0.1060 -0.3830 -0.3068 -0.2000 0.2755 0.0866 -0.3824 -0.3459 -0.2566 -0.0731 0.1887 -0.1872 -0.3780 -0.2984 -0.1862 0.2799 0.0636 -0.3893 -0.3381 -0.2477 -0.0121 0.1678 -0.2599 -0.3723 -0.2899 -0.1711 0.2688 0.0366 -0.3855
0.0364 0.2706 -0.1729 -0.2909 -0.3731 -0.2526 0.1701 -0.0208 -0.2487 -0.3391 -0.3888 0.0663 0.2803 -0.1879 -0.2994 -0.3787 -0.1780 0.1911 -0.0782 -0.2576 -0.3468 -0.3812 0.0890 0.2736 -0.2016 -0.3078 -0.3836 -0.0973 0.2127 -0.1139 -0.2664 -0.3543 -0.3658 0.1108 0.2359 -0.2153 -0.3169 -0.3880 -0.0241 0.2388 -0.1441 -0.2775 -0.3635 -0.3275 0.1400 0.1109 -0.2338 -0.3293 -0.3912 0.0088 0.1621 0.0088 -0.3912 -0.3293 -0.2338 0.1109 0.1400 -0.3275 -0.3635 -0.2775 -0.1441 0.2388 -0.0241 -0.3880 -0.3169 -0.2153 0.2359 0.1108 -0.3658 -0.3543 -0.2664 -0.1139 0.2127 -0.0973 -0.3836 -0.3078 -0.2016 0.2736 0.0890 -0.3812 -0.3468 -0.2576 -0.0782 0.1911 -0.1780 -0.3787 -0.2994 -0.1879 0.2803 0.0663 -0.3888 -0.3391 -0.2487 -0.0208 0.1701 -0.2526 -0.3731 -0.2909 -0.1729 0.2706 0.0364
0.2684 -0.1727 -0.2908 -0.3735 -0.2536 0.1694 -0.0195 -0.2485 -0.3393 -0.3888 0.0658 0.2803 -0.1877 -0.2994 -0.3790 -0.1794 0.1907 -0.0774 -0.2574 -0.3470 -0.3813 0.0885 0.2740 -0.2014 -0.3078 -0.3838 -0.0986 0.2123 -0.1134 -0.2662 -0.3545 -0.3664 0.1098 0.2383 -0.2148 -0.3167 -0.3880 -0.0279 0.2370 -0.1423 -0.2767 -0.3633 -0.3315 0.1371 0.1252 -0.2323 -0.3286 -0.3912 0.0272 0.2516 0.0099 0.2516 0.0272 -0.3912 -0.3286 -0.2323 0.1252 0.1371 -0.3315 -0.3633 -0.2767 -0.1423 0.2370 -0.0279 -0.3880 -0.3167 -0.2148 0.2383 0.1098 -0.3664 -0.3545 -0.2662 -0.1134 0.2123 -0.0986 -0.3838 -0.3078 -0.2014 0.2740 0.0885 -0.3813 -0.3470 -0.2574 -0.0774 0.1907 -0.1794 -0.3790 -0.2994 -0.1877 0.2803 0.0658 -0.3888 -0.3393 -0.2485 -0.0195 0.1694 -0.2536 -0.3735 -0.2908 -0.1727 0.2684
-0.1598 -0.2862 -0.3725 -0.2866 0.1552 0.0320 -0.2426 -0.3361 -0.3917 0.0513 0.2761 -0.1795 -0.2949 -0.3787 -0.2225 0.1761 -0.0472 -0.2522 -0.3442 -0.3865 0.0756 0.2806 -0.1939 -0.3036 -0.3841 -0.1428 0.1975 -0.0942 -0.2612 -0.3521 -0.3756 0.0973 0.2639 -0.2076 -0.3124 -0.3886 -0.0627 0.2217 -0.1279 -0.2713 -0.3610 -0.3509 0.1229 0.1911 -0.2245 -0.3241 -0.3925 0.0088 0.2516 -0.1428 -0.2386 -0.1428 0.2516 0.0088 -0.3925 -0.3241 -0.2245 0.1911 0.1229 -0.3509 -0.3610 -0.2713 -0.1279 0.2217 -0.0627 -0.3886 -0.3124 -0.2076 0.2639 0.0973 -0.3756 -0.3521 -0.2612 -0.0942 0.1975 -0.1428 -0.3841 -0.3036 -0.1939 0.2806 0.0756 -0.3865 -0.3442 -0.2522 -0.0472 0.1761 -0.2225 -0.3787 -0.2949 -0.1795 0.2761 0.0513 -0.3917 -0.3361 -0.2426 0.0320 0.1552 -0.2866 -0.3725 -0.2862 -0.1598
-0.2403 -0.3433 -0.3929 0.0703 0.2792 -0.1943 -0.3014 -0.3860 -0.1608 0.1911 -0.0834 -0.2584 -0.3514 -0.3833 0.0920 0.2706 -0.2073 -0.3102 -0.3911 -0.0814 0.2130 -0.1184 -0.2674 -0.3594 -0.3655 0.1122 0.2327 -0.2188 -0.3189 -0.3950 -0.0212 0.2351 -0.1439 -0.2765 -0.3673 -0.3349 0.1333 0.1452 -0.2311 -0.3287 -0.3974 0.0266 0.2606 -0.1690 -0.2881 -0.3769 -0.2663 0.1621 0.0099 -0.2386 -0.2980 -0.2386 0.0099 0.1621 -0.2663 -0.3769 -0.2881 -0.1690 0.2606 0.0266 -0.3974 -0.3287 -0.2311 0.1452 0.1333 -0.3349 -0.3673 -0.2765 -0.1439 0.2351 -0.0212 -0.3950 -0.3189 -0.2188 0.2327 0.1122 -0.3655 -0.3594 -0.2674 -0.1184 0.2130 -0.0814 -0.3911 -0.3102 -0.2073 0.2706 0.0920 -0.3833 -0.3514 -0.2584 -0.0834 0.1911 -0.1608 -0.3860 -0.3014 -0.1943 0.2792 0.0703 -0.3929 -0.3433 -0.2403
