0.3590 0.1431 0.1562 0.2522 0.4765 0.4544 0.1635 0.1429 0.2037 0.3802 0.5067 0.2621 0.1394 0.1709 0.2954 0.5136 0.3942 0.1472 0.1506 0.2337 0.4451 0.4772 0.1824 0.1406 0.1909 0.3485 0.5148 0.3118 0.1406 0.1627 0.2719 0.4997 0.4282 0.1538 0.1461 0.2172 0.4110 0.4949 0.2182 0.1394 0.1798 0.3195 0.5174 0.3575 0.1432 0.1558 0.2508 0.4733 0.4602 0.1764 0.1391 0.1764 0.4602 0.4733 0.2508 0.1558 0.1432 0.3575 0.5174 0.3195 0.1798 0.1394 0.2182 0.4949 0.4110 0.2172 0.1461 0.1538 0.4282 0.4997 0.2719 0.1627 0.1406 0.3118 0.5148 0.3485 0.1909 0.1406 0.1824 0.4772 0.4451 0.2337 0.1506 0.1472 0.3942 0.5136 0.2954 0.1709 0.1394 0.2621 0.5067 0.3802 0.2037 0.1429 0.1635 0.4544 0.4765 0.2522 0.1562 0.1431 0.3590
0.1431 0.1530 0.2502 0.4763 0.4561 0.1608 0.1390 0.2009 0.3786 0.5077 0.2649 0.1351 0.1677 0.2933 0.5140 0.3967 0.1434 0.1470 0.2311 0.4441 0.4787 0.1815 0.1364 0.1879 0.3467 0.5156 0.3148 0.1364 0.1593 0.2695 0.4996 0.4304 0.1504 0.1423 0.2144 0.4096 0.4961 0.2198 0.1351 0.1766 0.3175 0.5180 0.3603 0.1392 0.1523 0.2484 0.4736 0.4589 0.1644 0.1364 0.1588 0.1364 0.1644 0.4589 0.4736 0.2484 0.1523 0.1392 0.3603 0.5180 0.3175 0.1766 0.1351 0.2198 0.4961 0.4096 0.2144 0.1423 0.1504 0.4304 0.4996 0.2695 0.1593 0.1364 0.3148 0.5156 0.3467 0.1879 0.1364 0.1815 0.4787 0.4441 0.2311 0.1470 0.1434 0.3967 0.5140 0.2933 0.1677 0.1351 0.2649 0.5077 0.3786 0.2009 0.1390 0.1608 0.4561 0.4763 0.2502 0.1530 0.1431
0.1562 0.2502 0.4752 0.4577 0.1621 0.1387 0.1995 0.3752 0.5088 0.2703 0.1352 0.1667 0.2905 0.5130 0.4007 0.1440 0.1464 0.2292 0.4403 0.4809 0.1848 0.1362 0.1866 0.3434 0.5162 0.3201 0.1366 0.1585 0.2671 0.4973 0.4337 0.1514 0.1419 0.2127 0.4059 0.4977 0.2249 0.1351 0.1755 0.3145 0.5179 0.3650 0.1396 0.1516 0.2462 0.4705 0.4609 0.1643 0.1379 0.1887 0.2686 0.1887 0.1379 0.1643 0.4609 0.4705 0.2462 0.1516 0.1396 0.3650 0.5179 0.3145 0.1755 0.1351 0.2249 0.4977 0.4059 0.2127 0.1419 0.1514 0.4337 0.4973 0.2671 0.1585 0.1366 0.3201 0.5162 0.3434 0.1866 0.1362 0.1848 0.4809 0.4403 0.2292 0.1464 0.1440 0.4007 0.5130 0.2905 0.1667 0.1352 0.2703 0.5088 0.3752 0.1995 0.1387 0.1621 0.4577 0.4752 0.2502 0.1562
0.2522 0.4763 0.4577 0.1626 0.1385 0.1985 0.3724 0.5097 0.2754 0.1352 0.1658 0.2879 0.5119 0.4046 0.1447 0.1459 0.2273 0.4366 0.4830 0.1883 0.1360 0.1853 0.3401 0.5167 0.3253 0.1368 0.1577 0.2647 0.4949 0.4369 0.1525 0.1414 0.2110 0.4021 0.4993 0.2301 0.1350 0.1744 0.3115 0.5177 0.3695 0.1400 0.1510 0.2441 0.4671 0.4634 0.1657 0.1380 0.1946 0.3474 0.4976 0.3474 0.1946 0.1380 0.1657 0.4634 0.4671 0.2441 0.1510 0.1400 0.3695 0.5177 0.3115 0.1744 0.1350 0.2301 0.4993 0.4021 0.2110 0.1414 0.1525 0.4369 0.4949 0.2647 0.1577 0.1368 0.3253 0.5167 0.3401 0.1853 0.1360 0.1883 0.4830 0.4366 0.2273 0.1459 0.1447 0.4046 0.5119 0.2879 0.1658 0.1352 0.2754 0.5097 0.3724 0.1985 0.1385 0.1626 0.4577 0.4763 0.2522
0.4765 0.4561 0.1621 0.1385 0.1981 0.3707 0.5103 0.2795 0.1353 0.1650 0.2855 0.5107 0.4082 0.1453 0.1454 0.2254 0.4328 0.4850 0.1921 0.1359 0.1840 0.3368 0.5171 0.3304 0.1371 0.1569 0.2623 0.4923 0.4401 0.1536 0.1410 0.2094 0.3984 0.5008 0.2354 0.1350 0.1733 0.3086 0.5174 0.3740 0.1405 0.1503 0.2420 0.4636 0.4660 0.1676 0.1378 0.1948 0.3602 0.5153 0.4360 0.5153 0.3602 0.1948 0.1378 0.1676 0.4660 0.4636 0.2420 0.1503 0.1405 0.3740 0.5174 0.3086 0.1733 0.1350 0.2354 0.5008 0.3984 0.2094 0.1410 0.1536 0.4401 0.4923 0.2623 0.1569 0.1371 0.3304 0.5171 0.3368 0.1840 0.1359 0.1921 0.4850 0.4328 0.2254 0.1454 0.1453 0.4082 0.5107 0.2855 0.1650 0.1353 0.2795 0.5103 0.3707 0.1981 0.1385 0.1621 0.4561 0.4765
0.4544 0.1608 0.1387 0.1985 0.3707 0.5106 0.2816 0.1354 0.1643 0.2835 0.5096 0.4115 0.1460 0.1449 0.2237 0.4292 0.4869 0.1961 0.1357 0.1828 0.3336 0.5174 0.3354 0.1374 0.1561 0.2600 0.4895 0.4432 0.1547 0.1406 0.2077 0.3947 0.5022 0.2408 0.1350 0.1722 0.3057 0.5170 0.3783 0.1410 0.1497 0.2399 0.4601 0.4685 0.1697 0.1375 0.1938 0.3606 0.5135 0.3244 0.1520 0.3244 0.5135 0.3606 0.1938 0.1375 0.1697 0.4685 0.4601 0.2399 0.1497 0.1410 0.3783 0.5170 0.3057 0.1722 0.1350 0.2408 0.5022 0.3947 0.2077 0.1406 0.1547 0.4432 0.4895 0.2600 0.1561 0.1374 0.3354 0.5174 0.3336 0.1828 0.1357 0.1961 0.4869 0.4292 0.2237 0.1449 0.1460 0.4115 0.5096 0.2835 0.1643 0.1354 0.2816 0.5106 0.3707 0.1985 0.1387 0.1608 0.4544
0.1635 0.1390 0.1995 0.3724 0.5103 0.2816 0.1354 0.1640 0.2822 0.5086 0.4142 0.1466 0.1444 0.2221 0.4258 0.4888 0.2001 0.1356 0.1815 0.3304 0.5177 0.3404 0.1377 0.1553 0.2577 0.4867 0.4462 0.1560 0.1402 0.2061 0.3910 0.5035 0.2462 0.1350 0.1712 0.3028 0.5165 0.3827 0.1415 0.1490 0.2379 0.4565 0.4709 0.1721 0.1373 0.1925 0.3580 0.5135 0.3043 0.1365 0.1395 0.1365 0.3043 0.5135 0.3580 0.1925 0.1373 0.1721 0.4709 0.4565 0.2379 0.1490 0.1415 0.3827 0.5165 0.3028 0.1712 0.1350 0.2462 0.5035 0.3910 0.2061 0.1402 0.1560 0.4462 0.4867 0.2577 0.1553 0.1377 0.3404 0.5177 0.3304 0.1815 0.1356 0.2001 0.4888 0.4258 0.2221 0.1444 0.1466 0.4142 0.5086 0.2822 0.1640 0.1354 0.2816 0.5103 0.3724 0.1995 0.1390 0.1635
0.1429 0.2009 0.3752 0.5097 0.2795 0.1354 0.1640 0.2817 0.5081 0.4160 0.1471 0.1441 0.2207 0.4227 0.4903 0.2041 0.1354 0.1804 0.3273 0.5179 0.3453 0.1380 0.1546 0.2554 0.4838 0.4492 0.1573 0.1399 0.2046 0.3873 0.5048 0.2517 0.1350 0.1701 0.2999 0.5159 0.3869 0.1420 0.1484 0.2359 0.4529 0.4733 0.1746 0.1370 0.1911 0.3548 0.5141 0.3037 0.1360 0.1555 0.2046 0.1555 0.1360 0.3037 0.5141 0.3548 0.1911 0.1370 0.1746 0.4733 0.4529 0.2359 0.1484 0.1420 0.3869 0.5159 0.2999 0.1701 0.1350 0.2517 0.5048 0.3873 0.2046 0.1399 0.1573 0.4492 0.4838 0.2554 0.1546 0.1380 0.3453 0.5179 0.3273 0.1804 0.1354 0.2041 0.4903 0.4227 0.2207 0.1441 0.1471 0.4160 0.5081 0.2817 0.1640 0.1354 0.2795 0.5097 0.3752 0.2009 0.1429
0.2037 0.3786 0.5088 0.2754 0.1353 0.1643 0.2822 0.5081 0.4165 0.1473 0.1438 0.2196 0.4201 0.4917 0.2077 0.1353 0.1794 0.3245 0.5180 0.3500 0.1384 0.1539 0.2531 0.4807 0.4521 0.1587 0.1395 0.2030 0.3836 0.5061 0.2572 0.1350 0.1691 0.2971 0.5152 0.3910 0.1425 0.1478 0.2339 0.4492 0.4756 0.1773 0.1367 0.1898 0.3514 0.5148 0.3077 0.1361 0.1592 0.2577 0.3879 0.2577 0.1592 0.1361 0.3077 0.5148 0.3514 0.1898 0.1367 0.1773 0.4756 0.4492 0.2339 0.1478 0.1425 0.3910 0.5152 0.2971 0.1691 0.1350 0.2572 0.5061 0.3836 0.2030 0.1395 0.1587 0.4521 0.4807 0.2531 0.1539 0.1384 0.3500 0.5180 0.3245 0.1794 0.1353 0.2077 0.4917 0.4201 0.2196 0.1438 0.1473 0.4165 0.5081 0.2822 0.1643 0.1353 0.2754 0.5088 0.3786 0.2037
0.3802 0.5077 0.2703 0.1352 0.1650 0.2835 0.5086 0.4160 0.1473 0.1438 0.2190 0.4184 0.4927 0.2108 0.1353 0.1784 0.3220 0.5181 0.3543 0.1387 0.1532 0.2510 0.4776 0.4549 0.1602 0.1391 0.2015 0.3800 0.5073 0.2627 0.1351 0.1681 0.2944 0.5143 0.3951 0.1431 0.1472 0.2319 0.4455 0.4778 0.1803 0.1365 0.1884 0.3480 0.5154 0.3127 0.1363 0.1594 0.2669 0.4842 0.5046 0.4842 0.2669 0.1594 0.1363 0.3127 0.5154 0.3480 0.1884 0.1365 0.1803 0.4778 0.4455 0.2319 0.1472 0.1431 0.3951 0.5143 0.2944 0.1681 0.1351 0.2627 0.5073 0.3800 0.2015 0.1391 0.1602 0.4549 0.4776 0.2510 0.1532 0.1387 0.3543 0.5181 0.3220 0.1784 0.1353 0.2108 0.4927 0.4184 0.2190 0.1438 0.1473 0.4160 0.5086 0.2835 0.1650 0.1352 0.2703 0.5077 0.3802
0.5067 0.2649 0.1352 0.1658 0.2855 0.5096 0.4142 0.1471 0.1438 0.2190 0.4178 0.4932 0.2128 0.1352 0.1777 0.3198 0.5181 0.3581 0.1390 0.1526 0.2490 0.4745 0.4576 0.1617 0.1388 0.2000 0.3764 0.5084 0.2683 0.1351 0.1671 0.2916 0.5134 0.3991 0.1437 0.1467 0.2300 0.4418 0.4800 0.1835 0.1363 0.1871 0.3447 0.5160 0.3180 0.1365 0.1588 0.2673 0.4946 0.4512 0.2627 0.4512 0.4946 0.2673 0.1588 0.1365 0.3180 0.5160 0.3447 0.1871 0.1363 0.1835 0.4800 0.4418 0.2300 0.1467 0.1437 0.3991 0.5134 0.2916 0.1671 0.1351 0.2683 0.5084 0.3764 0.2000 0.1388 0.1617 0.4576 0.4745 0.2490 0.1526 0.1390 0.3581 0.5181 0.3198 0.1777 0.1352 0.2128 0.4932 0.4178 0.2190 0.1438 0.1471 0.4142 0.5096 0.2855 0.1658 0.1352 0.2649 0.5067
0.2621 0.1351 0.1667 0.2879 0.5107 0.4115 0.1466 0.1441 0.2196 0.4184 0.4932 0.2135 0.1352 0.1772 0.3183 0.5180 0.3612 0.1393 0.1520 0.2472 0.4717 0.4600 0.1633 0.1385 0.1985 0.3728 0.5095 0.2738 0.1352 0.1661 0.2889 0.5123 0.4031 0.1444 0.1461 0.2280 0.4381 0.4821 0.1869 0.1361 0.1858 0.3414 0.5165 0.3232 0.1367 0.1580 0.2655 0.4950 0.4401 0.1595 0.1341 0.1595 0.4401 0.4950 0.2655 0.1580 0.1367 0.3232 0.5165 0.3414 0.1858 0.1361 0.1869 0.4821 0.4381 0.2280 0.1461 0.1444 0.4031 0.5123 0.2889 0.1661 0.1352 0.2738 0.5095 0.3728 0.1985 0.1385 0.1633 0.4600 0.4717 0.2472 0.1520 0.1393 0.3612 0.5180 0.3183 0.1772 0.1352 0.2135 0.4932 0.4184 0.2196 0.1441 0.1466 0.4115 0.5107 0.2879 0.1667 0.1351 0.2621
0.1394 0.1677 0.2905 0.5119 0.4082 0.1460 0.1444 0.2207 0.4201 0.4927 0.2128 0.1352 0.1771 0.3174 0.5180 0.3635 0.1396 0.1516 0.2456 0.4691 0.4621 0.1648 0.1382 0.1972 0.3695 0.5105 0.2793 0.1353 0.1652 0.2862 0.5111 0.4069 0.1451 0.1456 0.2261 0.4344 0.4842 0.1905 0.1359 0.1845 0.3381 0.5169 0.3283 0.1370 0.1572 0.2633 0.4932 0.4398 0.1547 0.1383 0.1646 0.1383 0.1547 0.4398 0.4932 0.2633 0.1572 0.1370 0.3283 0.5169 0.3381 0.1845 0.1359 0.1905 0.4842 0.4344 0.2261 0.1456 0.1451 0.4069 0.5111 0.2862 0.1652 0.1353 0.2793 0.5105 0.3695 0.1972 0.1382 0.1648 0.4621 0.4691 0.2456 0.1516 0.1396 0.3635 0.5180 0.3174 0.1771 0.1352 0.2128 0.4927 0.4201 0.2207 0.1444 0.1460 0.4082 0.5119 0.2905 0.1677 0.1394
0.1709 0.2933 0.5130 0.4046 0.1453 0.1449 0.2221 0.4227 0.4917 0.2108 0.1352 0.1772 0.3174 0.5180 0.3647 0.1397 0.1512 0.2444 0.4669 0.4639 0.1663 0.1380 0.1960 0.3665 0.5113 0.2845 0.1354 0.1643 0.2836 0.5098 0.4107 0.1458 0.1450 0.2243 0.4306 0.4862 0.1944 0.1358 0.1833 0.3349 0.5173 0.3334 0.1373 0.1564 0.2609 0.4906 0.4421 0.1546 0.1401 0.1980 0.2855 0.1980 0.1401 0.1546 0.4421 0.4906 0.2609 0.1564 0.1373 0.3334 0.5173 0.3349 0.1833 0.1358 0.1944 0.4862 0.4306 0.2243 0.1450 0.1458 0.4107 0.5098 0.2836 0.1643 0.1354 0.2845 0.5113 0.3665 0.1960 0.1380 0.1663 0.4639 0.4669 0.2444 0.1512 0.1397 0.3647 0.5180 0.3174 0.1772 0.1352 0.2108 0.4917 0.4227 0.2221 0.1449 0.1453 0.4046 0.5130 0.2933 0.1709
0.2954 0.5140 0.4007 0.1447 0.1454 0.2237 0.4258 0.4903 0.2077 0.1353 0.1777 0.3183 0.5180 0.3647 0.1398 0.1511 0.2437 0.4653 0.4653 0.1675 0.1378 0.1949 0.3637 0.5121 0.2892 0.1355 0.1634 0.2811 0.5083 0.4144 0.1465 0.1445 0.2224 0.4268 0.4881 0.1986 0.1356 0.1820 0.3317 0.5176 0.3384 0.1376 0.1557 0.2586 0.4879 0.4450 0.1555 0.1402 0.2044 0.3701 0.5095 0.3701 0.2044 0.1402 0.1555 0.4450 0.4879 0.2586 0.1557 0.1376 0.3384 0.5176 0.3317 0.1820 0.1356 0.1986 0.4881 0.4268 0.2224 0.1445 0.1465 0.4144 0.5083 0.2811 0.1634 0.1355 0.2892 0.5121 0.3637 0.1949 0.1378 0.1675 0.4653 0.4653 0.2437 0.1511 0.1398 0.3647 0.5180 0.3183 0.1777 0.1353 0.2077 0.4903 0.4258 0.2237 0.1454 0.1447 0.4007 0.5140 0.2954
0.5136 0.3967 0.1440 0.1459 0.2254 0.4292 0.4888 0.2041 0.1353 0.1784 0.3198 0.5180 0.3635 0.1397 0.1511 0.2434 0.4645 0.4662 0.1685 0.1376 0.1941 0.3614 0.5127 0.2933 0.1357 0.1626 0.2789 0.5068 0.4178 0.1473 0.1440 0.2206 0.4230 0.4900 0.2029 0.1355 0.1808 0.3285 0.5178 0.3434 0.1379 0.1549 0.2563 0.4850 0.4480 0.1568 0.1400 0.2047 0.3835 0.5105 0.4137 0.5105 0.3835 0.2047 0.1400 0.1568 0.4480 0.4850 0.2563 0.1549 0.1379 0.3434 0.5178 0.3285 0.1808 0.1355 0.2029 0.4900 0.4230 0.2206 0.1440 0.1473 0.4178 0.5068 0.2789 0.1626 0.1357 0.2933 0.5127 0.3614 0.1941 0.1376 0.1685 0.4662 0.4645 0.2434 0.1511 0.1397 0.3635 0.5180 0.3198 0.1784 0.1353 0.2041 0.4888 0.4292 0.2254 0.1459 0.1440 0.3967 0.5136
0.3942 0.1434 0.1464 0.2273 0.4328 0.4869 0.2001 0.1354 0.1794 0.3220 0.5181 0.3612 0.1396 0.1512 0.2437 0.4645 0.4666 0.1690 0.1375 0.1935 0.3597 0.5132 0.2968 0.1358 0.1620 0.2768 0.5054 0.4209 0.1480 0.1435 0.2189 0.4193 0.4918 0.2075 0.1354 0.1796 0.3253 0.5180 0.3482 0.1382 0.1542 0.2540 0.4819 0.4509 0.1581 0.1396 0.2035 0.3840 0.5071 0.2894 0.1457 0.2894 0.5071 0.3840 0.2035 0.1396 0.1581 0.4509 0.4819 0.2540 0.1542 0.1382 0.3482 0.5180 0.3253 0.1796 0.1354 0.2075 0.4918 0.4193 0.2189 0.1435 0.1480 0.4209 0.5054 0.2768 0.1620 0.1358 0.2968 0.5132 0.3597 0.1935 0.1375 0.1690 0.4666 0.4645 0.2437 0.1512 0.1396 0.3612 0.5181 0.3220 0.1794 0.1354 0.2001 0.4869 0.4328 0.2273 0.1464 0.1434 0.3942
0.1472 0.1470 0.2292 0.4366 0.4850 0.1961 0.1356 0.1804 0.3245 0.5181 0.3581 0.1393 0.1516 0.2444 0.4653 0.4662 0.1690 0.1375 0.1931 0.3585 0.5135 0.2996 0.1359 0.1614 0.2751 0.5040 0.4236 0.1487 0.1431 0.2173 0.4157 0.4935 0.2121 0.1353 0.1784 0.3222 0.5181 0.3531 0.1386 0.1534 0.2518 0.4788 0.4538 0.1596 0.1393 0.2021 0.3813 0.5071 0.2683 0.1351 0.1423 0.1351 0.2683 0.5071 0.3813 0.2021 0.1393 0.1596 0.4538 0.4788 0.2518 0.1534 0.1386 0.3531 0.5181 0.3222 0.1784 0.1353 0.2121 0.4935 0.4157 0.2173 0.1431 0.1487 0.4236 0.5040 0.2751 0.1614 0.1359 0.2996 0.5135 0.3585 0.1931 0.1375 0.1690 0.4662 0.4653 0.2444 0.1516 0.1393 0.3581 0.5181 0.3245 0.1804 0.1356 0.1961 0.4850 0.4366 0.2292 0.1470 0.1472
0.1506 0.2311 0.4403 0.4830 0.1921 0.1357 0.1815 0.3273 0.5180 0.3543 0.1390 0.1520 0.2456 0.4669 0.4653 0.1685 0.1375 0.1931 0.3581 0.5137 0.3012 0.1359 0.1610 0.2736 0.5027 0.4260 0.1494 0.1428 0.2159 0.4125 0.4950 0.2165 0.1352 0.1773 0.3192 0.5181 0.3578 0.1390 0.1527 0.2496 0.4756 0.4566 0.1611 0.1389 0.2006 0.3778 0.5080 0.2677 0.1351 0.1609 0.2156 0.1609 0.1351 0.2677 0.5080 0.3778 0.2006 0.1389 0.1611 0.4566 0.4756 0.2496 0.1527 0.1390 0.3578 0.5181 0.3192 0.1773 0.1352 0.2165 0.4950 0.4125 0.2159 0.1428 0.1494 0.4260 0.5027 0.2736 0.1610 0.1359 0.3012 0.5137 0.3581 0.1931 0.1375 0.1685 0.4653 0.4669 0.2456 0.1520 0.1390 0.3543 0.5180 0.3273 0.1815 0.1357 0.1921 0.4830 0.4403 0.2311 0.1506
0.2337 0.4441 0.4809 0.1883 0.1359 0.1828 0.3304 0.5179 0.3500 0.1387 0.1526 0.2472 0.4691 0.4639 0.1675 0.1376 0.1935 0.3585 0.5137 0.3017 0.1360 0.1607 0.2726 0.5017 0.4280 0.1500 0.1425 0.2147 0.4097 0.4963 0.2208 0.1351 0.1763 0.3163 0.5180 0.3624 0.1394 0.1520 0.2474 0.4723 0.4593 0.1628 0.1386 0.1991 0.3742 0.5091 0.2719 0.1352 0.1650 0.2736 0.4125 0.2736 0.1650 0.1352 0.2719 0.5091 0.3742 0.1991 0.1386 0.1628 0.4593 0.4723 0.2474 0.1520 0.1394 0.3624 0.5180 0.3163 0.1763 0.1351 0.2208 0.4963 0.4097 0.2147 0.1425 0.1500 0.4280 0.5017 0.2726 0.1607 0.1360 0.3017 0.5137 0.3585 0.1935 0.1376 0.1675 0.4639 0.4691 0.2472 0.1526 0.1387 0.3500 0.5179 0.3304 0.1828 0.1359 0.1883 0.4809 0.4441 0.2337
0.4451 0.4787 0.1848 0.1360 0.1840 0.3336 0.5177 0.3453 0.1384 0.1532 0.2490 0.4717 0.4621 0.1663 0.1378 0.1941 0.3597 0.5135 0.3012 0.1360 0.1606 0.2721 0.5011 0.4293 0.1504 0.1422 0.2136 0.4072 0.4974 0.2246 0.1351 0.1753 0.3138 0.5178 0.3668 0.1398 0.1513 0.2453 0.4690 0.4620 0.1646 0.1383 0.1976 0.3707 0.5101 0.2771 0.1353 0.1652 0.2835 0.5009 0.4954 0.5009 0.2835 0.1652 0.1353 0.2771 0.5101 0.3707 0.1976 0.1383 0.1646 0.4620 0.4690 0.2453 0.1513 0.1398 0.3668 0.5178 0.3138 0.1753 0.1351 0.2246 0.4974 0.4072 0.2136 0.1422 0.1504 0.4293 0.5011 0.2721 0.1606 0.1360 0.3012 0.5135 0.3597 0.1941 0.1378 0.1663 0.4621 0.4717 0.2490 0.1532 0.1384 0.3453 0.5177 0.3336 0.1840 0.1360 0.1848 0.4787 0.4451
0.4772 0.1815 0.1362 0.1853 0.3368 0.5174 0.3404 0.1380 0.1539 0.2510 0.4745 0.4600 0.1648 0.1380 0.1949 0.3614 0.5132 0.2996 0.1359 0.1607 0.2721 0.5009 0.4300 0.1507 0.1420 0.2128 0.4052 0.4984 0.2280 0.1350 0.1745 0.3115 0.5177 0.3706 0.1402 0.1507 0.2432 0.4655 0.4646 0.1665 0.1380 0.1961 0.3671 0.5111 0.2826 0.1354 0.1645 0.2838 0.5081 0.4311 0.2270 0.4311 0.5081 0.2838 0.1645 0.1354 0.2826 0.5111 0.3671 0.1961 0.1380 0.1665 0.4646 0.4655 0.2432 0.1507 0.1402 0.3706 0.5177 0.3115 0.1745 0.1350 0.2280 0.4984 0.4052 0.2128 0.1420 0.1507 0.4300 0.5009 0.2721 0.1607 0.1359 0.2996 0.5132 0.3614 0.1949 0.1380 0.1648 0.4600 0.4745 0.2510 0.1539 0.1380 0.3404 0.5174 0.3368 0.1853 0.1362 0.1815 0.4772
0.1824 0.1364 0.1866 0.3401 0.5171 0.3354 0.1377 0.1546 0.2531 0.4776 0.4576 0.1633 0.1382 0.1960 0.3637 0.5127 0.2968 0.1359 0.1610 0.2726 0.5011 0.4300 0.1508 0.1419 0.2123 0.4037 0.4991 0.2308 0.1350 0.1738 0.3094 0.5174 0.3739 0.1405 0.1502 0.2413 0.4622 0.4670 0.1685 0.1377 0.1947 0.3636 0.5120 0.2881 0.1355 0.1637 0.2819 0.5084 0.4181 0.1512 0.1340 0.1512 0.4181 0.5084 0.2819 0.1637 0.1355 0.2881 0.5120 0.3636 0.1947 0.1377 0.1685 0.4670 0.4622 0.2413 0.1502 0.1405 0.3739 0.5174 0.3094 0.1738 0.1350 0.2308 0.4991 0.4037 0.2123 0.1419 0.1508 0.4300 0.5011 0.2726 0.1610 0.1359 0.2968 0.5127 0.3637 0.1960 0.1382 0.1633 0.4576 0.4776 0.2531 0.1546 0.1377 0.3354 0.5171 0.3401 0.1866 0.1364 0.1824
0.1406 0.1879 0.3434 0.5167 0.3304 0.1374 0.1553 0.2554 0.4807 0.4549 0.1617 0.1385 0.1972 0.3665 0.5121 0.2933 0.1358 0.1614 0.2736 0.5017 0.4293 0.1507 0.1419 0.2121 0.4029 0.4996 0.2329 0.1350 0.1732 0.3076 0.5172 0.3769 0.1409 0.1497 0.2397 0.4592 0.4692 0.1705 0.1374 0.1933 0.3602 0.5128 0.2936 0.1356 0.1628 0.2794 0.5072 0.4177 0.1480 0.1407 0.1712 0.1407 0.1480 0.4177 0.5072 0.2794 0.1628 0.1356 0.2936 0.5128 0.3602 0.1933 0.1374 0.1705 0.4692 0.4592 0.2397 0.1497 0.1409 0.3769 0.5172 0.3076 0.1732 0.1350 0.2329 0.4996 0.4029 0.2121 0.1419 0.1507 0.4293 0.5017 0.2736 0.1614 0.1358 0.2933 0.5121 0.3665 0.1972 0.1385 0.1617 0.4549 0.4807 0.2554 0.1553 0.1374 0.3304 0.5167 0.3434 0.1879 0.1406
0.1909 0.3467 0.5162 0.3253 0.1371 0.1561 0.2577 0.4838 0.4521 0.1602 0.1388 0.1985 0.3695 0.5113 0.2892 0.1357 0.1620 0.2751 0.5027 0.4280 0.1504 0.1420 0.2123 0.4029 0.4997 0.2340 0.1350 0.1728 0.3063 0.5170 0.3795 0.1412 0.1493 0.2382 0.4565 0.4712 0.1725 0.1372 0.1921 0.3569 0.5136 0.2990 0.1358 0.1619 0.2769 0.5056 0.4204 0.1480 0.1429 0.2082 0.3039 0.2082 0.1429 0.1480 0.4204 0.5056 0.2769 0.1619 0.1358 0.2990 0.5136 0.3569 0.1921 0.1372 0.1725 0.4712 0.4565 0.2382 0.1493 0.1412 0.3795 0.5170 0.3063 0.1728 0.1350 0.2340 0.4997 0.4029 0.2123 0.1420 0.1504 0.4280 0.5027 0.2751 0.1620 0.1357 0.2892 0.5113 0.3695 0.1985 0.1388 0.1602 0.4521 0.4838 0.2577 0.1561 0.1371 0.3253 0.5162 0.3467 0.1909
0.3485 0.5156 0.3201 0.1368 0.1569 0.2600 0.4867 0.4492 0.1587 0.1391 0.2000 0.3728 0.5105 0.2845 0.1355 0.1626 0.2768 0.5040 0.4260 0.1500 0.1422 0.2128 0.4037 0.4996 0.2340 0.1350 0.1726 0.3054 0.5168 0.3815 0.1415 0.1489 0.2370 0.4542 0.4729 0.1744 0.1370 0.1909 0.3540 0.5143 0.3041 0.1360 0.1610 0.2744 0.5037 0.4237 0.1487 0.1430 0.2152 0.3939 0.5155 0.3939 0.2152 0.1430 0.1487 0.4237 0.5037 0.2744 0.1610 0.1360 0.3041 0.5143 0.3540 0.1909 0.1370 0.1744 0.4729 0.4542 0.2370 0.1489 0.1415 0.3815 0.5168 0.3054 0.1726 0.1350 0.2340 0.4996 0.4037 0.2128 0.1422 0.1500 0.4260 0.5040 0.2768 0.1626 0.1355 0.2845 0.5105 0.3728 0.2000 0.1391 0.1587 0.4492 0.4867 0.2600 0.1569 0.1368 0.3201 0.5156 0.3485
0.5148 0.3148 0.1366 0.1577 0.2623 0.4895 0.4462 0.1573 0.1395 0.2015 0.3764 0.5095 0.2793 0.1354 0.1634 0.2789 0.5054 0.4236 0.1494 0.1425 0.2136 0.4052 0.4991 0.2329 0.1350 0.1726 0.3051 0.5167 0.3828 0.1417 0.1486 0.2360 0.4522 0.4743 0.1762 0.1368 0.1899 0.3513 0.5148 0.3087 0.1361 0.1602 0.2719 0.5017 0.4271 0.1495 0.1427 0.2155 0.4078 0.5031 0.3883 0.5031 0.4078 0.2155 0.1427 0.1495 0.4271 0.5017 0.2719 0.1602 0.1361 0.3087 0.5148 0.3513 0.1899 0.1368 0.1762 0.4743 0.4522 0.2360 0.1486 0.1417 0.3828 0.5167 0.3051 0.1726 0.1350 0.2329 0.4991 0.4052 0.2136 0.1425 0.1494 0.4236 0.5054 0.2789 0.1634 0.1354 0.2793 0.5095 0.3764 0.2015 0.1395 0.1573 0.4462 0.4895 0.2623 0.1577 0.1366 0.3148 0.5148
0.3118 0.1364 0.1585 0.2647 0.4923 0.4432 0.1560 0.1399 0.2030 0.3800 0.5084 0.2738 0.1353 0.1643 0.2811 0.5068 0.4209 0.1487 0.1428 0.2147 0.4072 0.4984 0.2308 0.1350 0.1728 0.3054 0.5167 0.3833 0.1418 0.1484 0.2352 0.4505 0.4754 0.1777 0.1367 0.1890 0.3490 0.5153 0.3127 0.1363 0.1595 0.2697 0.4996 0.4304 0.1505 0.1423 0.2142 0.4083 0.4983 0.2531 0.1412 0.2531 0.4983 0.4083 0.2142 0.1423 0.1505 0.4304 0.4996 0.2697 0.1595 0.1363 0.3127 0.5153 0.3490 0.1890 0.1367 0.1777 0.4754 0.4505 0.2352 0.1484 0.1418 0.3833 0.5167 0.3054 0.1728 0.1350 0.2308 0.4984 0.4072 0.2147 0.1428 0.1487 0.4209 0.5068 0.2811 0.1643 0.1353 0.2738 0.5084 0.3800 0.2030 0.1399 0.1560 0.4432 0.4923 0.2647 0.1585 0.1364 0.3118
0.1406 0.1593 0.2671 0.4949 0.4401 0.1547 0.1402 0.2046 0.3836 0.5073 0.2683 0.1352 0.1652 0.2836 0.5083 0.4178 0.1480 0.1431 0.2159 0.4097 0.4974 0.2280 0.1350 0.1732 0.3063 0.5168 0.3828 0.1418 0.1484 0.2348 0.4494 0.4763 0.1790 0.1366 0.1883 0.3470 0.5157 0.3162 0.1365 0.1588 0.2678 0.4977 0.4334 0.1514 0.1419 0.2127 0.4055 0.4983 0.2325 0.1345 0.1457 0.1345 0.2325 0.4983 0.4055 0.2127 0.1419 0.1514 0.4334 0.4977 0.2678 0.1588 0.1365 0.3162 0.5157 0.3470 0.1883 0.1366 0.1790 0.4763 0.4494 0.2348 0.1484 0.1418 0.3828 0.5168 0.3063 0.1732 0.1350 0.2280 0.4974 0.4097 0.2159 0.1431 0.1480 0.4178 0.5083 0.2836 0.1652 0.1352 0.2683 0.5073 0.3836 0.2046 0.1402 0.1547 0.4401 0.4949 0.2671 0.1593 0.1406
0.1627 0.2695 0.4973 0.4369 0.1536 0.1406 0.2061 0.3873 0.5061 0.2627 0.1351 0.1661 0.2862 0.5098 0.4144 0.1473 0.1435 0.2173 0.4125 0.4963 0.2246 0.1350 0.1738 0.3076 0.5170 0.3815 0.1417 0.1484 0.2348 0.4491 0.4767 0.1799 0.1365 0.1877 0.3453 0.5160 0.3194 0.1366 0.1583 0.2661 0.4959 0.4360 0.1523 0.1415 0.2111 0.4021 0.4994 0.2319 0.1348 0.1670 0.2277 0.1670 0.1348 0.2319 0.4994 0.4021 0.2111 0.1415 0.1523 0.4360 0.4959 0.2661 0.1583 0.1366 0.3194 0.5160 0.3453 0.1877 0.1365 0.1799 0.4767 0.4491 0.2348 0.1484 0.1417 0.3815 0.5170 0.3076 0.1738 0.1350 0.2246 0.4963 0.4125 0.2173 0.1435 0.1473 0.4144 0.5098 0.2862 0.1661 0.1351 0.2627 0.5061 0.3873 0.2061 0.1406 0.1536 0.4369 0.4973 0.2695 0.1627
0.2719 0.4996 0.4337 0.1525 0.1410 0.2077 0.3910 0.5048 0.2572 0.1351 0.1671 0.2889 0.5111 0.4107 0.1465 0.1440 0.2189 0.4157 0.4950 0.2208 0.1351 0.1745 0.3094 0.5172 0.3795 0.1415 0.1486 0.2352 0.4494 0.4767 0.1802 0.1364 0.1873 0.3441 0.5162 0.3220 0.1367 0.1578 0.2646 0.4942 0.4383 0.1531 0.1411 0.2097 0.3989 0.5006 0.2356 0.1349 0.1715 0.2908 0.4373 0.2908 0.1715 0.1349 0.2356 0.5006 0.3989 0.2097 0.1411 0.1531 0.4383 0.4942 0.2646 0.1578 0.1367 0.3220 0.5162 0.3441 0.1873 0.1364 0.1802 0.4767 0.4494 0.2352 0.1486 0.1415 0.3795 0.5172 0.3094 0.1745 0.1351 0.2208 0.4950 0.4157 0.2189 0.1440 0.1465 0.4107 0.5111 0.2889 0.1671 0.1351 0.2572 0.5048 0.3910 0.2077 0.1410 0.1525 0.4337 0.4996 0.2719
0.4997 0.4304 0.1514 0.1414 0.2094 0.3947 0.5035 0.2517 0.1350 0.1681 0.2916 0.5123 0.4069 0.1458 0.1445 0.2206 0.4193 0.4935 0.2165 0.1351 0.1753 0.3115 0.5174 0.3769 0.1412 0.1489 0.2360 0.4505 0.4763 0.1799 0.1364 0.1872 0.3434 0.5164 0.3239 0.1369 0.1574 0.2634 0.4928 0.4401 0.1539 0.1409 0.2085 0.3959 0.5018 0.2399 0.1350 0.1719 0.3015 0.5116 0.4836 0.5116 0.3015 0.1719 0.1350 0.2399 0.5018 0.3959 0.2085 0.1409 0.1539 0.4401 0.4928 0.2634 0.1574 0.1369 0.3239 0.5164 0.3434 0.1872 0.1364 0.1799 0.4763 0.4505 0.2360 0.1489 0.1412 0.3769 0.5174 0.3115 0.1753 0.1351 0.2165 0.4935 0.4193 0.2206 0.1445 0.1458 0.4069 0.5123 0.2916 0.1681 0.1350 0.2517 0.5035 0.3947 0.2094 0.1414 0.1514 0.4304 0.4997
0.4282 0.1504 0.1419 0.2110 0.3984 0.5022 0.2462 0.1350 0.1691 0.2944 0.5134 0.4031 0.1451 0.1450 0.2224 0.4230 0.4918 0.2121 0.1352 0.1763 0.3138 0.5177 0.3739 0.1409 0.1493 0.2370 0.4522 0.4754 0.1790 0.1365 0.1873 0.3434 0.5164 0.3250 0.1369 0.1571 0.2623 0.4916 0.4417 0.1545 0.1406 0.2074 0.3933 0.5029 0.2441 0.1350 0.1713 0.3021 0.5155 0.4076 0.1954 0.4076 0.5155 0.3021 0.1713 0.1350 0.2441 0.5029 0.3933 0.2074 0.1406 0.1545 0.4417 0.4916 0.2623 0.1571 0.1369 0.3250 0.5164 0.3434 0.1873 0.1365 0.1790 0.4754 0.4522 0.2370 0.1493 0.1409 0.3739 0.5177 0.3138 0.1763 0.1352 0.2121 0.4918 0.4230 0.2224 0.1450 0.1451 0.4031 0.5134 0.2944 0.1691 0.1350 0.2462 0.5022 0.3984 0.2110 0.1419 0.1504 0.4282
0.1538 0.1423 0.2127 0.4021 0.5008 0.2408 0.1350 0.1701 0.2971 0.5143 0.3991 0.1444 0.1456 0.2243 0.4268 0.4900 0.2075 0.1353 0.1773 0.3163 0.5178 0.3706 0.1405 0.1497 0.2382 0.4542 0.4743 0.1777 0.1366 0.1877 0.3441 0.5164 0.3250 0.1370 0.1570 0.2616 0.4905 0.4430 0.1550 0.1404 0.2066 0.3911 0.5037 0.2479 0.1350 0.1705 0.3006 0.5157 0.3923 0.1454 0.1346 0.1454 0.3923 0.5157 0.3006 0.1705 0.1350 0.2479 0.5037 0.3911 0.2066 0.1404 0.1550 0.4430 0.4905 0.2616 0.1570 0.1370 0.3250 0.5164 0.3441 0.1877 0.1366 0.1777 0.4743 0.4542 0.2382 0.1497 0.1405 0.3706 0.5178 0.3163 0.1773 0.1353 0.2075 0.4900 0.4268 0.2243 0.1456 0.1444 0.3991 0.5143 0.2971 0.1701 0.1350 0.2408 0.5008 0.4021 0.2127 0.1423 0.1538
0.1461 0.2144 0.4059 0.4993 0.2354 0.1350 0.1712 0.2999 0.5152 0.3951 0.1437 0.1461 0.2261 0.4306 0.4881 0.2029 0.1354 0.1784 0.3192 0.5180 0.3668 0.1402 0.1502 0.2397 0.4565 0.4729 0.1762 0.1367 0.1883 0.3453 0.5162 0.3239 0.1369 0.1570 0.2614 0.4900 0.4439 0.1555 0.1403 0.2058 0.3893 0.5044 0.2512 0.1350 0.1698 0.2987 0.5154 0.3912 0.1432 0.1438 0.1789 0.1438 0.1432 0.3912 0.5154 0.2987 0.1698 0.1350 0.2512 0.5044 0.3893 0.2058 0.1403 0.1555 0.4439 0.4900 0.2614 0.1570 0.1369 0.3239 0.5162 0.3453 0.1883 0.1367 0.1762 0.4729 0.4565 0.2397 0.1502 0.1402 0.3668 0.5180 0.3192 0.1784 0.1354 0.2029 0.4881 0.4306 0.2261 0.1461 0.1437 0.3951 0.5152 0.2999 0.1712 0.1350 0.2354 0.4993 0.4059 0.2144 0.1461
0.2172 0.4096 0.4977 0.2301 0.1350 0.1722 0.3028 0.5159 0.3910 0.1431 0.1467 0.2280 0.4344 0.4862 0.1986 0.1355 0.1796 0.3222 0.5181 0.3624 0.1398 0.1507 0.2413 0.4592 0.4712 0.1744 0.1368 0.1890 0.3470 0.5160 0.3220 0.1369 0.1571 0.2616 0.4900 0.4442 0.1557 0.1402 0.2053 0.3878 0.5050 0.2540 0.1350 0.1692 0.2970 0.5150 0.3930 0.1430 0.1464 0.2200 0.3246 0.2200 0.1464 0.1430 0.3930 0.5150 0.2970 0.1692 0.1350 0.2540 0.5050 0.3878 0.2053 0.1402 0.1557 0.4442 0.4900 0.2616 0.1571 0.1369 0.3220 0.5160 0.3470 0.1890 0.1368 0.1744 0.4712 0.4592 0.2413 0.1507 0.1398 0.3624 0.5181 0.3222 0.1796 0.1355 0.1986 0.4862 0.4344 0.2280 0.1467 0.1431 0.3910 0.5159 0.3028 0.1722 0.1350 0.2301 0.4977 0.4096 0.2172
0.4110 0.4961 0.2249 0.1350 0.1733 0.3057 0.5165 0.3869 0.1425 0.1472 0.2300 0.4381 0.4842 0.1944 0.1356 0.1808 0.3253 0.5181 0.3578 0.1394 0.1513 0.2432 0.4622 0.4692 0.1725 0.1370 0.1899 0.3490 0.5157 0.3194 0.1367 0.1574 0.2623 0.4905 0.4439 0.1557 0.1401 0.2050 0.3868 0.5055 0.2562 0.1350 0.1687 0.2955 0.5145 0.3953 0.1433 0.1468 0.2279 0.4199 0.5170 0.4199 0.2279 0.1468 0.1433 0.3953 0.5145 0.2955 0.1687 0.1350 0.2562 0.5055 0.3868 0.2050 0.1401 0.1557 0.4439 0.4905 0.2623 0.1574 0.1367 0.3194 0.5157 0.3490 0.1899 0.1370 0.1725 0.4692 0.4622 0.2432 0.1513 0.1394 0.3578 0.5181 0.3253 0.1808 0.1356 0.1944 0.4842 0.4381 0.2300 0.1472 0.1425 0.3869 0.5165 0.3057 0.1733 0.1350 0.2249 0.4961 0.4110
0.4949 0.2198 0.1351 0.1744 0.3086 0.5170 0.3827 0.1420 0.1478 0.2319 0.4418 0.4821 0.1905 0.1358 0.1820 0.3285 0.5180 0.3531 0.1390 0.1520 0.2453 0.4655 0.4670 0.1705 0.1372 0.1909 0.3513 0.5153 0.3162 0.1366 0.1578 0.2634 0.4916 0.4430 0.1555 0.1402 0.2050 0.3864 0.5057 0.2577 0.1350 0.1683 0.2942 0.5141 0.3973 0.1436 0.1466 0.2289 0.4349 0.4923 0.3570 0.4923 0.4349 0.2289 0.1466 0.1436 0.3973 0.5141 0.2942 0.1683 0.1350 0.2577 0.5057 0.3864 0.2050 0.1402 0.1555 0.4430 0.4916 0.2634 0.1578 0.1366 0.3162 0.5153 0.3513 0.1909 0.1372 0.1705 0.4670 0.4655 0.2453 0.1520 0.1390 0.3531 0.5180 0.3285 0.1820 0.1358 0.1905 0.4821 0.4418 0.2319 0.1478 0.1420 0.3827 0.5170 0.3086 0.1744 0.1351 0.2198 0.4949
0.2182 0.1351 0.1755 0.3115 0.5174 0.3783 0.1415 0.1484 0.2339 0.4455 0.4800 0.1869 0.1359 0.1833 0.3317 0.5178 0.3482 0.1386 0.1527 0.2474 0.4690 0.4646 0.1685 0.1374 0.1921 0.3540 0.5148 0.3127 0.1365 0.1583 0.2646 0.4928 0.4417 0.1550 0.1403 0.2053 0.3868 0.5057 0.2582 0.1351 0.1680 0.2933 0.5137 0.3991 0.1439 0.1464 0.2283 0.4368 0.4854 0.2146 0.1377 0.2146 0.4854 0.4368 0.2283 0.1464 0.1439 0.3991 0.5137 0.2933 0.1680 0.1351 0.2582 0.5057 0.3868 0.2053 0.1403 0.1550 0.4417 0.4928 0.2646 0.1583 0.1365 0.3127 0.5148 0.3540 0.1921 0.1374 0.1685 0.4646 0.4690 0.2474 0.1527 0.1386 0.3482 0.5178 0.3317 0.1833 0.1359 0.1869 0.4800 0.4455 0.2339 0.1484 0.1415 0.3783 0.5174 0.3115 0.1755 0.1351 0.2182
0.1394 0.1766 0.3145 0.5177 0.3740 0.1410 0.1490 0.2359 0.4492 0.4778 0.1835 0.1361 0.1845 0.3349 0.5176 0.3434 0.1382 0.1534 0.2496 0.4723 0.4620 0.1665 0.1377 0.1933 0.3569 0.5143 0.3087 0.1363 0.1588 0.2661 0.4942 0.4401 0.1545 0.1404 0.2058 0.3878 0.5055 0.2577 0.1351 0.1679 0.2927 0.5134 0.4005 0.1442 0.1461 0.2276 0.4359 0.4844 0.1960 0.1346 0.1503 0.1346 0.1960 0.4844 0.4359 0.2276 0.1461 0.1442 0.4005 0.5134 0.2927 0.1679 0.1351 0.2577 0.5055 0.3878 0.2058 0.1404 0.1545 0.4401 0.4942 0.2661 0.1588 0.1363 0.3087 0.5143 0.3569 0.1933 0.1377 0.1665 0.4620 0.4723 0.2496 0.1534 0.1382 0.3434 0.5176 0.3349 0.1845 0.1361 0.1835 0.4778 0.4492 0.2359 0.1490 0.1410 0.3740 0.5177 0.3145 0.1766 0.1394
0.1798 0.3175 0.5179 0.3695 0.1405 0.1497 0.2379 0.4529 0.4756 0.1803 0.1363 0.1858 0.3381 0.5173 0.3384 0.1379 0.1542 0.2518 0.4756 0.4593 0.1646 0.1380 0.1947 0.3602 0.5136 0.3041 0.1361 0.1595 0.2678 0.4959 0.4383 0.1539 0.1406 0.2066 0.3893 0.5050 0.2562 0.1350 0.1680 0.2927 0.5133 0.4013 0.1444 0.1459 0.2269 0.4346 0.4848 0.1937 0.1355 0.1753 0.2433 0.1753 0.1355 0.1937 0.4848 0.4346 0.2269 0.1459 0.1444 0.4013 0.5133 0.2927 0.1680 0.1350 0.2562 0.5050 0.3893 0.2066 0.1406 0.1539 0.4383 0.4959 0.2678 0.1595 0.1361 0.3041 0.5136 0.3602 0.1947 0.1380 0.1646 0.4593 0.4756 0.2518 0.1542 0.1379 0.3384 0.5173 0.3381 0.1858 0.1363 0.1803 0.4756 0.4529 0.2379 0.1497 0.1405 0.3695 0.5179 0.3175 0.1798
0.3195 0.5180 0.3650 0.1400 0.1503 0.2399 0.4565 0.4733 0.1773 0.1365 0.1871 0.3414 0.5169 0.3334 0.1376 0.1549 0.2540 0.4788 0.4566 0.1628 0.1383 0.1961 0.3636 0.5128 0.2990 0.1360 0.1602 0.2697 0.4977 0.4360 0.1531 0.1409 0.2074 0.3911 0.5044 0.2540 0.1350 0.1683 0.2933 0.5134 0.4013 0.1444 0.1458 0.2264 0.4334 0.4854 0.1944 0.1356 0.1808 0.3137 0.4660 0.3137 0.1808 0.1356 0.1944 0.4854 0.4334 0.2264 0.1458 0.1444 0.4013 0.5134 0.2933 0.1683 0.1350 0.2540 0.5044 0.3911 0.2074 0.1409 0.1531 0.4360 0.4977 0.2697 0.1602 0.1360 0.2990 0.5128 0.3636 0.1961 0.1383 0.1628 0.4566 0.4788 0.2540 0.1549 0.1376 0.3334 0.5169 0.3414 0.1871 0.1365 0.1773 0.4733 0.4565 0.2399 0.1503 0.1400 0.3650 0.5180 0.3195
0.5174 0.3603 0.1396 0.1510 0.2420 0.4601 0.4709 0.1746 0.1367 0.1884 0.3447 0.5165 0.3283 0.1373 0.1557 0.2563 0.4819 0.4538 0.1611 0.1386 0.1976 0.3671 0.5120 0.2936 0.1358 0.1610 0.2719 0.4996 0.4334 0.1523 0.1411 0.2085 0.3933 0.5037 0.2512 0.1350 0.1687 0.2942 0.5137 0.4005 0.1444 0.1458 0.2262 0.4327 0.4859 0.1954 0.1357 0.1817 0.3265 0.5170 0.4656 0.5170 0.3265 0.1817 0.1357 0.1954 0.4859 0.4327 0.2262 0.1458 0.1444 0.4005 0.5137 0.2942 0.1687 0.1350 0.2512 0.5037 0.3933 0.2085 0.1411 0.1523 0.4334 0.4996 0.2719 0.1610 0.1358 0.2936 0.5120 0.3671 0.1976 0.1386 0.1611 0.4538 0.4819 0.2563 0.1557 0.1373 0.3283 0.5165 0.3447 0.1884 0.1367 0.1746 0.4709 0.4601 0.2420 0.1510 0.1396 0.3603 0.5174
0.3575 0.1392 0.1516 0.2441 0.4636 0.4685 0.1721 0.1370 0.1898 0.3480 0.5160 0.3232 0.1370 0.1564 0.2586 0.4850 0.4509 0.1596 0.1389 0.1991 0.3707 0.5111 0.2881 0.1356 0.1619 0.2744 0.5017 0.4304 0.1514 0.1415 0.2097 0.3959 0.5029 0.2479 0.1350 0.1692 0.2955 0.5141 0.3991 0.1442 0.1459 0.2264 0.4327 0.4861 0.1960 0.1356 0.1817 0.3289 0.5178 0.3729 0.1686 0.3729 0.5178 0.3289 0.1817 0.1356 0.1960 0.4861 0.4327 0.2264 0.1459 0.1442 0.3991 0.5141 0.2955 0.1692 0.1350 0.2479 0.5029 0.3959 0.2097 0.1415 0.1514 0.4304 0.5017 0.2744 0.1619 0.1356 0.2881 0.5111 0.3707 0.1991 0.1389 0.1596 0.4509 0.4850 0.2586 0.1564 0.1370 0.3232 0.5160 0.3480 0.1898 0.1370 0.1721 0.4685 0.4636 0.2441 0.1516 0.1392 0.3575
0.1432 0.1523 0.2462 0.4671 0.4660 0.1697 0.1373 0.1911 0.3514 0.5154 0.3180 0.1367 0.1572 0.2609 0.4879 0.4480 0.1581 0.1393 0.2006 0.3742 0.5101 0.2826 0.1355 0.1628 0.2769 0.5037 0.4271 0.1505 0.1419 0.2111 0.3989 0.5018 0.2441 0.1350 0.1698 0.2970 0.5145 0.3973 0.1439 0.1461 0.2269 0.4334 0.4859 0.1960 0.1356 0.1816 0.3290 0.5179 0.3527 0.1401 0.1363 0.1401 0.3527 0.5179 0.3290 0.1816 0.1356 0.1960 0.4859 0.4334 0.2269 0.1461 0.1439 0.3973 0.5145 0.2970 0.1698 0.1350 0.2441 0.5018 0.3989 0.2111 0.1419 0.1505 0.4271 0.5037 0.2769 0.1628 0.1355 0.2826 0.5101 0.3742 0.2006 0.1393 0.1581 0.4480 0.4879 0.2609 0.1572 0.1367 0.3180 0.5154 0.3514 0.1911 0.1373 0.1697 0.4660 0.4671 0.2462 0.1523 0.1432
0.1558 0.2484 0.4705 0.4634 0.1676 0.1375 0.1925 0.3548 0.5148 0.3127 0.1365 0.1580 0.2633 0.4906 0.4450 0.1568 0.1396 0.2021 0.3778 0.5091 0.2771 0.1354 0.1637 0.2794 0.5056 0.4237 0.1495 0.1423 0.2127 0.4021 0.5006 0.2399 0.1350 0.1705 0.2987 0.5150 0.3953 0.1436 0.1464 0.2276 0.4346 0.4854 0.1954 0.1356 0.1816 0.3289 0.5179 0.3486 0.1387 0.1489 0.1904 0.1489 0.1387 0.3486 0.5179 0.3289 0.1816 0.1356 0.1954 0.4854 0.4346 0.2276 0.1464 0.1436 0.3953 0.5150 0.2987 0.1705 0.1350 0.2399 0.5006 0.4021 0.2127 0.1423 0.1495 0.4237 0.5056 0.2794 0.1637 0.1354 0.2771 0.5091 0.3778 0.2021 0.1396 0.1568 0.4450 0.4906 0.2633 0.1580 0.1365 0.3127 0.5148 0.3548 0.1925 0.1375 0.1676 0.4634 0.4705 0.2484 0.1558
0.2508 0.4736 0.4609 0.1657 0.1378 0.1938 0.3580 0.5141 0.3077 0.1363 0.1588 0.2655 0.4932 0.4421 0.1555 0.1400 0.2035 0.3813 0.5080 0.2719 0.1353 0.1645 0.2819 0.5072 0.4204 0.1487 0.1427 0.2142 0.4055 0.4994 0.2356 0.1350 0.1713 0.3006 0.5154 0.3930 0.1433 0.1466 0.2283 0.4359 0.4848 0.1944 0.1357 0.1817 0.3290 0.5179 0.3480 0.1384 0.1524 0.2379 0.3548 0.2379 0.1524 0.1384 0.3480 0.5179 0.3290 0.1817 0.1357 0.1944 0.4848 0.4359 0.2283 0.1466 0.1433 0.3930 0.5154 0.3006 0.1713 0.1350 0.2356 0.4994 0.4055 0.2142 0.1427 0.1487 0.4204 0.5072 0.2819 0.1645 0.1353 0.2719 0.5080 0.3813 0.2035 0.1400 0.1555 0.4421 0.4932 0.2655 0.1588 0.1363 0.3077 0.5141 0.3580 0.1938 0.1378 0.1657 0.4609 0.4736 0.2508
0.4733 0.4589 0.1643 0.1380 0.1948 0.3606 0.5135 0.3037 0.1361 0.1594 0.2673 0.4950 0.4398 0.1546 0.1402 0.2047 0.3840 0.5071 0.2677 0.1352 0.1652 0.2838 0.5084 0.4177 0.1480 0.1430 0.2155 0.4083 0.4983 0.2319 0.1349 0.1719 0.3021 0.5157 0.3912 0.1430 0.1468 0.2289 0.4368 0.4844 0.1937 0.1356 0.1817 0.3289 0.5179 0.3486 0.1384 0.1530 0.2473 0.4546 0.5133 0.4546 0.2473 0.1530 0.1384 0.3486 0.5179 0.3289 0.1817 0.1356 0.1937 0.4844 0.4368 0.2289 0.1468 0.1430 0.3912 0.5157 0.3021 0.1719 0.1349 0.2319 0.4983 0.4083 0.2155 0.1430 0.1480 0.4177 0.5084 0.2838 0.1652 0.1352 0.2677 0.5071 0.3840 0.2047 0.1402 0.1546 0.4398 0.4950 0.2673 0.1594 0.1361 0.3037 0.5135 0.3606 0.1948 0.1380 0.1643 0.4589 0.4733
0.4602 0.1644 0.1379 0.1946 0.3602 0.5135 0.3043 0.1360 0.1592 0.2669 0.4946 0.4401 0.1547 0.1401 0.2044 0.3835 0.5071 0.2683 0.1351 0.1650 0.2835 0.5081 0.4181 0.1480 0.1429 0.2152 0.4078 0.4983 0.2325 0.1348 0.1715 0.3015 0.5155 0.3923 0.1432 0.1464 0.2279 0.4349 0.4854 0.1960 0.1355 0.1808 0.3265 0.5178 0.3527 0.1387 0.1524 0.2473 0.4668 0.4752 0.3152 0.4752 0.4668 0.2473 0.1524 0.1387 0.3527 0.5178 0.3265 0.1808 0.1355 0.1960 0.4854 0.4349 0.2279 0.1464 0.1432 0.3923 0.5155 0.3015 0.1715 0.1348 0.2325 0.4983 0.4078 0.2152 0.1429 0.1480 0.4181 0.5081 0.2835 0.1650 0.1351 0.2683 0.5071 0.3835 0.2044 0.1401 0.1547 0.4401 0.4946 0.2669 0.1592 0.1360 0.3043 0.5135 0.3602 0.1946 0.1379 0.1644 0.4602
0.1764 0.1364 0.1887 0.3474 0.5153 0.3244 0.1365 0.1555 0.2577 0.4842 0.4512 0.1595 0.1383 0.1980 0.3701 0.5105 0.2894 0.1351 0.1609 0.2736 0.5009 0.4311 0.1512 0.1407 0.2082 0.3939 0.5031 0.2531 0.1345 0.1670 0.2908 0.5116 0.4076 0.1454 0.1438 0.2200 0.4199 0.4923 0.2146 0.1346 0.1753 0.3137 0.5170 0.3729 0.1401 0.1489 0.2379 0.4546 0.4752 0.1953 0.1358 0.1953 0.4752 0.4546 0.2379 0.1489 0.1401 0.3729 0.5170 0.3137 0.1753 0.1346 0.2146 0.4923 0.4199 0.2200 0.1438 0.1454 0.4076 0.5116 0.2908 0.1670 0.1345 0.2531 0.5031 0.3939 0.2082 0.1407 0.1512 0.4311 0.5009 0.2736 0.1609 0.1351 0.2894 0.5105 0.3701 0.1980 0.1383 0.1595 0.4512 0.4842 0.2577 0.1555 0.1365 0.3244 0.5153 0.3474 0.1887 0.1364 0.1764
0.1391 0.1588 0.2686 0.4976 0.4360 0.1520 0.1395 0.2046 0.3879 0.5046 0.2627 0.1341 0.1646 0.2855 0.5095 0.4137 0.1457 0.1423 0.2156 0.4125 0.4954 0.2270 0.1340 0.1712 0.3039 0.5155 0.3883 0.1412 0.1457 0.2277 0.4373 0.4836 0.1954 0.1346 0.1789 0.3246 0.5170 0.3570 0.1377 0.1503 0.2433 0.4660 0.4656 0.1686 0.1363 0.1904 0.3548 0.5133 0.3152 0.1358 0.1373 0.1358 0.3152 0.5133 0.3548 0.1904 0.1363 0.1686 0.4656 0.4660 0.2433 0.1503 0.1377 0.3570 0.5170 0.3246 0.1789 0.1346 0.1954 0.4836 0.4373 0.2277 0.1457 0.1412 0.3883 0.5155 0.3039 0.1712 0.1340 0.2270 0.4954 0.4125 0.2156 0.1423 0.1457 0.4137 0.5095 0.2855 0.1646 0.1341 0.2627 0.5046 0.3879 0.2046 0.1395 0.1520 0.4360 0.4976 0.2686 0.1588 0.1391
0.1764 0.1364 0.1887 0.3474 0.5153 0.3244 0.1365 0.1555 0.2577 0.4842 0.4512 0.1595 0.1383 0.1980 0.3701 0.5105 0.2894 0.1351 0.1609 0.2736 0.5009 0.4311 0.1512 0.1407 0.2082 0.3939 0.5031 0.2531 0.1345 0.1670 0.2908 0.5116 0.4076 0.1454 0.1438 0.2200 0.4199 0.4923 0.2146 0.1346 0.1753 0.3137 0.5170 0.3729 0.1401 0.1489 0.2379 0.4546 0.4752 0.1953 0.1358 0.1953 0.4752 0.4546 0.2379 0.1489 0.1401 0.3729 0.5170 0.3137 0.1753 0.1346 0.2146 0.4923 0.4199 0.2200 0.1438 0.1454 0.4076 0.5116 0.2908 0.1670 0.1345 0.2531 0.5031 0.3939 0.2082 0.1407 0.1512 0.4311 0.5009 0.2736 0.1609 0.1351 0.2894 0.5105 0.3701 0.1980 0.1383 0.1595 0.4512 0.4842 0.2577 0.1555 0.1365 0.3244 0.5153 0.3474 0.1887 0.1364 0.1764
0.4602 0.1644 0.1379 0.1946 0.3602 0.5135 0.3043 0.1360 0.1592 0.2669 0.4946 0.4401 0.1547 0.1401 0.2044 0.3835 0.5071 0.2683 0.1351 0.1650 0.2835 0.5081 0.4181 0.1480 0.1429 0.2152 0.4078 0.4983 0.2325 0.1348 0.1715 0.3015 0.5155 0.3923 0.1432 0.1464 0.2279 0.4349 0.4854 0.1960 0.1355 0.1808 0.3265 0.5178 0.3527 0.1387 0.1524 0.2473 0.4668 0.4752 0.3152 0.4752 0.4668 0.2473 0.1524 0.1387 0.3527 0.5178 0.3265 0.1808 0.1355 0.1960 0.4854 0.4349 0.2279 0.1464 0.1432 0.3923 0.5155 0.3015 0.1715 0.1348 0.2325 0.4983 0.4078 0.2152 0.1429 0.1480 0.4181 0.5081 0.2835 0.1650 0.1351 0.2683 0.5071 0.3835 0.2044 0.1401 0.1547 0.4401 0.4946 0.2669 0.1592 0.1360 0.3043 0.5135 0.3602 0.1946 0.1379 0.1644 0.4602
0.4733 0.4589 0.1643 0.1380 0.1948 0.3606 0.5135 0.3037 0.1361 0.1594 0.2673 0.4950 0.4398 0.1546 0.1402 0.2047 0.3840 0.5071 0.2677 0.1352 0.1652 0.2838 0.5084 0.4177 0.1480 0.1430 0.2155 0.4083 0.4983 0.2319 0.1349 0.1719 0.3021 0.5157 0.3912 0.1430 0.1468 0.2289 0.4368 0.4844 0.1937 0.1356 0.1817 0.3289 0.5179 0.3486 0.1384 0.1530 0.2473 0.4546 0.5133 0.4546 0.2473 0.1530 0.1384 0.3486 0.5179 0.3289 0.1817 0.1356 0.1937 0.4844 0.4368 0.2289 0.1468 0.1430 0.3912 0.5157 0.3021 0.1719 0.1349 0.2319 0.4983 0.4083 0.2155 0.1430 0.1480 0.4177 0.5084 0.2838 0.1652 0.1352 0.2677 0.5071 0.3840 0.2047 0.1402 0.1546 0.4398 0.4950 0.2673 0.1594 0.1361 0.3037 0.5135 0.3606 0.1948 0.1380 0.1643 0.4589 0.4733
0.2508 0.4736 0.4609 0.1657 0.1378 0.1938 0.3580 0.5141 0.3077 0.1363 0.1588 0.2655 0.4932 0.4421 0.1555 0.1400 0.2035 0.3813 0.5080 0.2719 0.1353 0.1645 0.2819 0.5072 0.4204 0.1487 0.1427 0.2142 0.4055 0.4994 0.2356 0.1350 0.1713 0.3006 0.5154 0.3930 0.1433 0.1466 0.2283 0.4359 0.4848 0.1944 0.1357 0.1817 0.3290 0.5179 0.3480 0.1384 0.1524 0.2379 0.3548 0.2379 0.1524 0.1384 0.3480 0.5179 0.3290 0.1817 0.1357 0.1944 0.4848 0.4359 0.2283 0.1466 0.1433 0.3930 0.5154 0.3006 0.1713 0.1350 0.2356 0.4994 0.4055 0.2142 0.1427 0.1487 0.4204 0.5072 0.2819 0.1645 0.1353 0.2719 0.5080 0.3813 0.2035 0.1400 0.1555 0.4421 0.4932 0.2655 0.1588 0.1363 0.3077 0.5141 0.3580 0.1938 0.1378 0.1657 0.4609 0.4736 0.2508
0.1558 0.2484 0.4705 0.4634 0.1676 0.1375 0.1925 0.3548 0.5148 0.3127 0.1365 0.1580 0.2633 0.4906 0.4450 0.1568 0.1396 0.2021 0.3778 0.5091 0.2771 0.1354 0.1637 0.2794 0.5056 0.4237 0.1495 0.1423 0.2127 0.4021 0.5006 0.2399 0.1350 0.1705 0.2987 0.5150 0.3953 0.1436 0.1464 0.2276 0.4346 0.4854 0.1954 0.1356 0.1816 0.3289 0.5179 0.3486 0.1387 0.1489 0.1904 0.1489 0.1387 0.3486 0.5179 0.3289 0.1816 0.1356 0.1954 0.4854 0.4346 0.2276 0.1464 0.1436 0.3953 0.5150 0.2987 0.1705 0.1350 0.2399 0.5006 0.4021 0.2127 0.1423 0.1495 0.4237 0.5056 0.2794 0.1637 0.1354 0.2771 0.5091 0.3778 0.2021 0.1396 0.1568 0.4450 0.4906 0.2633 0.1580 0.1365 0.3127 0.5148 0.3548 0.1925 0.1375 0.1676 0.4634 0.4705 0.2484 0.1558
