1.0000 0.0000 0.0006 0.0092 0.1368 1.0000 1.0000 0.0002 0.0034 0.0498 0.7405 1.0000 0.0001 0.0012 0.0180 0.2682 1.0000 1.0000 0.0004 0.0065 0.0971 1.0000 1.0000 0.0002 0.0024 0.0352 0.5228 1.0000 0.0001 0.0009 0.0127 0.1894 1.0000 1.0000 0.0003 0.0046 0.0686 1.0000 1.0000 0.0001 0.0017 0.0248 0.3692 1.0000 0.0000 0.0006 0.0090 0.1319 1.0000 1.0000 0.0001 1.0000 1.0000 0.1319 0.0090 0.0006 0.0000 1.0000 0.3692 0.0248 0.0017 0.0001 1.0000 1.0000 0.0686 0.0046 0.0003 1.0000 1.0000 0.1894 0.0127 0.0009 0.0001 1.0000 0.5228 0.0352 0.0024 0.0002 1.0000 1.0000 0.0971 0.0065 0.0004 1.0000 1.0000 0.2682 0.0180 0.0012 0.0001 1.0000 0.7405 0.0498 0.0034 0.0002 1.0000 1.0000 0.1368 0.0092 0.0006 0.0000 1.0000
0.0000 0.0006 0.0092 0.1363 1.0000 1.0000 0.0002 0.0033 0.0493 0.7321 1.0000 0.0001 0.0012 0.0178 0.2651 1.0000 1.0000 0.0004 0.0065 0.0960 1.0000 1.0000 0.0002 0.0023 0.0348 0.5169 1.0000 0.0001 0.0008 0.0126 0.1872 1.0000 1.0000 0.0003 0.0046 0.0678 1.0000 1.0000 0.0001 0.0017 0.0246 0.3650 1.0000 0.0000 0.0006 0.0089 0.1319 1.0000 1.0000 0.0002 0.0009 0.0002 1.0000 1.0000 0.1319 0.0089 0.0006 0.0000 1.0000 0.3650 0.0246 0.0017 0.0001 1.0000 1.0000 0.0678 0.0046 0.0003 1.0000 1.0000 0.1872 0.0126 0.0008 0.0001 1.0000 0.5169 0.0348 0.0023 0.0002 1.0000 1.0000 0.0960 0.0065 0.0004 1.0000 1.0000 0.2651 0.0178 0.0012 0.0001 1.0000 0.7321 0.0493 0.0033 0.0002 1.0000 1.0000 0.1363 0.0092 0.0006 0.0000
0.0006 0.0092 0.1342 1.0000 1.0000 0.0002 0.0032 0.0476 0.7061 1.0000 0.0001 0.0012 0.0172 0.2553 1.0000 1.0000 0.0004 0.0062 0.0925 1.0000 1.0000 0.0002 0.0023 0.0335 0.4976 1.0000 0.0001 0.0008 0.0121 0.1802 1.0000 1.0000 0.0003 0.0044 0.0653 0.9700 1.0000 0.0001 0.0016 0.0236 0.3513 1.0000 0.0000 0.0006 0.0086 0.1273 1.0000 1.0000 0.0002 0.0025 0.0128 0.0025 0.0002 1.0000 1.0000 0.1273 0.0086 0.0006 0.0000 1.0000 0.3513 0.0236 0.0016 0.0001 1.0000 0.9700 0.0653 0.0044 0.0003 1.0000 1.0000 0.1802 0.0121 0.0008 0.0001 1.0000 0.4976 0.0335 0.0023 0.0002 1.0000 1.0000 0.0925 0.0062 0.0004 1.0000 1.0000 0.2553 0.0172 0.0012 0.0001 1.0000 0.7061 0.0476 0.0032 0.0002 1.0000 1.0000 0.1342 0.0092 0.0006
0.0092 0.1363 1.0000 1.0000 0.0002 0.0031 0.0462 0.6836 1.0000 0.0001 0.0011 0.0166 0.2462 1.0000 1.0000 0.0004 0.0060 0.0890 1.0000 1.0000 0.0001 0.0022 0.0322 0.4790 1.0000 0.0001 0.0008 0.0117 0.1735 1.0000 1.0000 0.0003 0.0042 0.0628 0.9338 1.0000 0.0001 0.0015 0.0228 0.3382 1.0000 1.0000 0.0006 0.0082 0.1225 1.0000 1.0000 0.0002 0.0028 0.0352 0.1837 0.0352 0.0028 0.0002 1.0000 1.0000 0.1225 0.0082 0.0006 1.0000 1.0000 0.3382 0.0228 0.0015 0.0001 1.0000 0.9338 0.0628 0.0042 0.0003 1.0000 1.0000 0.1735 0.0117 0.0008 0.0001 1.0000 0.4790 0.0322 0.0022 0.0001 1.0000 1.0000 0.0890 0.0060 0.0004 1.0000 1.0000 0.2462 0.0166 0.0011 0.0001 1.0000 0.6836 0.0462 0.0031 0.0002 1.0000 1.0000 0.1363 0.0092
0.1368 1.0000 1.0000 0.0002 0.0031 0.0453 0.6669 1.0000 0.0001 0.0011 0.0160 0.2375 1.0000 1.0000 0.0004 0.0058 0.0857 1.0000 1.0000 0.0001 0.0021 0.0310 0.4611 1.0000 0.0001 0.0008 0.0112 0.1670 1.0000 1.0000 0.0003 0.0041 0.0605 0.8990 1.0000 0.0001 0.0015 0.0219 0.3256 1.0000 1.0000 0.0005 0.0079 0.1179 1.0000 1.0000 0.0002 0.0028 0.0405 0.5033 1.0000 0.5033 0.0405 0.0028 0.0002 1.0000 1.0000 0.1179 0.0079 0.0005 1.0000 1.0000 0.3256 0.0219 0.0015 0.0001 1.0000 0.8990 0.0605 0.0041 0.0003 1.0000 1.0000 0.1670 0.0112 0.0008 0.0001 1.0000 0.4611 0.0310 0.0021 0.0001 1.0000 1.0000 0.0857 0.0058 0.0004 1.0000 1.0000 0.2375 0.0160 0.0011 0.0001 1.0000 0.6669 0.0453 0.0031 0.0002 1.0000 1.0000 0.1368
1.0000 1.0000 0.0002 0.0031 0.0453 0.6619 1.0000 0.0001 0.0011 0.0156 0.2303 1.0000 1.0000 0.0004 0.0056 0.0826 1.0000 1.0000 0.0001 0.0020 0.0299 0.4439 1.0000 0.0000 0.0007 0.0108 0.1608 1.0000 1.0000 0.0003 0.0039 0.0582 0.8654 1.0000 0.0001 0.0014 0.0211 0.3135 1.0000 1.0000 0.0005 0.0076 0.1135 1.0000 1.0000 0.0002 0.0028 0.0407 0.5794 1.0000 1.0000 1.0000 0.5794 0.0407 0.0028 0.0002 1.0000 1.0000 0.1135 0.0076 0.0005 1.0000 1.0000 0.3135 0.0211 0.0014 0.0001 1.0000 0.8654 0.0582 0.0039 0.0003 1.0000 1.0000 0.1608 0.0108 0.0007 0.0000 1.0000 0.4439 0.0299 0.0020 0.0001 1.0000 1.0000 0.0826 0.0056 0.0004 1.0000 1.0000 0.2303 0.0156 0.0011 0.0001 1.0000 0.6619 0.0453 0.0031 0.0002 1.0000 1.0000
1.0000 0.0002 0.0032 0.0462 0.6669 1.0000 0.0001 0.0010 0.0152 0.2247 1.0000 1.0000 0.0004 0.0054 0.0799 1.0000 1.0000 0.0001 0.0019 0.0288 0.4274 1.0000 0.0000 0.0007 0.0104 0.1548 1.0000 1.0000 0.0003 0.0038 0.0561 0.8331 1.0000 0.0001 0.0014 0.0203 0.3018 1.0000 1.0000 0.0005 0.0074 0.1093 1.0000 1.0000 0.0002 0.0027 0.0395 0.5816 1.0000 0.0001 0.0003 0.0001 1.0000 0.5816 0.0395 0.0027 0.0002 1.0000 1.0000 0.1093 0.0074 0.0005 1.0000 1.0000 0.3018 0.0203 0.0014 0.0001 1.0000 0.8331 0.0561 0.0038 0.0003 1.0000 1.0000 0.1548 0.0104 0.0007 0.0000 1.0000 0.4274 0.0288 0.0019 0.0001 1.0000 1.0000 0.0799 0.0054 0.0004 1.0000 1.0000 0.2247 0.0152 0.0010 0.0001 1.0000 0.6669 0.0462 0.0032 0.0002 1.0000
0.0002 0.0033 0.0476 0.6836 1.0000 0.0001 0.0010 0.0152 0.2217 1.0000 1.0000 0.0004 0.0052 0.0773 1.0000 1.0000 0.0001 0.0019 0.0277 0.4114 1.0000 0.0000 0.0007 0.0100 0.1490 1.0000 1.0000 0.0002 0.0036 0.0540 0.8020 1.0000 0.0001 0.0013 0.0195 0.2905 1.0000 1.0000 0.0005 0.0071 0.1052 1.0000 1.0000 0.0002 0.0026 0.0381 0.5652 1.0000 0.0001 0.0007 0.0038 0.0007 0.0001 1.0000 0.5652 0.0381 0.0026 0.0002 1.0000 1.0000 0.1052 0.0071 0.0005 1.0000 1.0000 0.2905 0.0195 0.0013 0.0001 1.0000 0.8020 0.0540 0.0036 0.0002 1.0000 1.0000 0.1490 0.0100 0.0007 0.0000 1.0000 0.4114 0.0277 0.0019 0.0001 1.0000 1.0000 0.0773 0.0052 0.0004 1.0000 1.0000 0.2217 0.0152 0.0010 0.0001 1.0000 0.6836 0.0476 0.0033 0.0002
0.0034 0.0493 0.7061 1.0000 0.0001 0.0011 0.0152 0.2217 1.0000 1.0000 0.0003 0.0051 0.0754 1.0000 1.0000 0.0001 0.0018 0.0268 0.3968 1.0000 0.0000 0.0006 0.0097 0.1435 1.0000 1.0000 0.0002 0.0035 0.0520 0.7721 1.0000 0.0001 0.0013 0.0188 0.2797 1.0000 1.0000 0.0005 0.0068 0.1013 1.0000 1.0000 0.0002 0.0025 0.0367 0.5452 1.0000 0.0001 0.0008 0.0105 0.0550 0.0105 0.0008 0.0001 1.0000 0.5452 0.0367 0.0025 0.0002 1.0000 1.0000 0.1013 0.0068 0.0005 1.0000 1.0000 0.2797 0.0188 0.0013 0.0001 1.0000 0.7721 0.0520 0.0035 0.0002 1.0000 1.0000 0.1435 0.0097 0.0006 0.0000 1.0000 0.3968 0.0268 0.0018 0.0001 1.0000 1.0000 0.0754 0.0051 0.0003 1.0000 1.0000 0.2217 0.0152 0.0011 0.0001 1.0000 0.7061 0.0493 0.0034
0.0498 0.7321 1.0000 0.0001 0.0011 0.0156 0.2247 1.0000 1.0000 0.0003 0.0050 0.0741 1.0000 1.0000 0.0001 0.0018 0.0260 0.3842 1.0000 0.0000 0.0006 0.0093 0.1381 1.0000 1.0000 0.0002 0.0034 0.0500 0.7433 1.0000 0.0001 0.0012 0.0181 0.2692 1.0000 1.0000 0.0004 0.0066 0.0975 1.0000 1.0000 0.0002 0.0024 0.0353 0.5248 1.0000 0.0001 0.0009 0.0121 0.1507 0.7869 0.1507 0.0121 0.0009 0.0001 1.0000 0.5248 0.0353 0.0024 0.0002 1.0000 1.0000 0.0975 0.0066 0.0004 1.0000 1.0000 0.2692 0.0181 0.0012 0.0001 1.0000 0.7433 0.0500 0.0034 0.0002 1.0000 1.0000 0.1381 0.0093 0.0006 0.0000 1.0000 0.3842 0.0260 0.0018 0.0001 1.0000 1.0000 0.0741 0.0050 0.0003 1.0000 1.0000 0.2247 0.0156 0.0011 0.0001 1.0000 0.7321 0.0498
0.7405 1.0000 0.0001 0.0011 0.0160 0.2303 1.0000 1.0000 0.0003 0.0050 0.0737 1.0000 1.0000 0.0001 0.0017 0.0253 0.3741 1.0000 0.0000 0.0006 0.0090 0.1332 1.0000 1.0000 0.0002 0.0032 0.0482 0.7155 1.0000 0.0001 0.0012 0.0174 0.2592 1.0000 1.0000 0.0004 0.0063 0.0939 1.0000 1.0000 0.0002 0.0023 0.0340 0.5052 1.0000 0.0001 0.0008 0.0122 0.1735 1.0000 1.0000 1.0000 0.1735 0.0122 0.0008 0.0001 1.0000 0.5052 0.0340 0.0023 0.0002 1.0000 1.0000 0.0939 0.0063 0.0004 1.0000 1.0000 0.2592 0.0174 0.0012 0.0001 1.0000 0.7155 0.0482 0.0032 0.0002 1.0000 1.0000 0.1332 0.0090 0.0006 0.0000 1.0000 0.3741 0.0253 0.0017 0.0001 1.0000 1.0000 0.0737 0.0050 0.0003 1.0000 1.0000 0.2303 0.0160 0.0011 0.0001 1.0000 0.7405
1.0000 0.0001 0.0012 0.0166 0.2375 1.0000 1.0000 0.0004 0.0051 0.0741 1.0000 1.0000 0.0001 0.0017 0.0248 0.3657 1.0000 0.0000 0.0006 0.0087 0.1290 1.0000 1.0000 0.0002 0.0031 0.0464 0.6888 1.0000 0.0001 0.0011 0.0168 0.2495 1.0000 1.0000 0.0004 0.0061 0.0904 1.0000 1.0000 0.0001 0.0022 0.0327 0.4864 1.0000 0.0001 0.0008 0.0118 0.1742 1.0000 1.0000 0.0001 1.0000 1.0000 0.1742 0.0118 0.0008 0.0001 1.0000 0.4864 0.0327 0.0022 0.0001 1.0000 1.0000 0.0904 0.0061 0.0004 1.0000 1.0000 0.2495 0.0168 0.0011 0.0001 1.0000 0.6888 0.0464 0.0031 0.0002 1.0000 1.0000 0.1290 0.0087 0.0006 0.0000 1.0000 0.3657 0.0248 0.0017 0.0001 1.0000 1.0000 0.0741 0.0051 0.0004 1.0000 1.0000 0.2375 0.0166 0.0012 0.0001 1.0000
0.0001 0.0012 0.0172 0.2462 1.0000 1.0000 0.0004 0.0052 0.0754 1.0000 1.0000 0.0001 0.0017 0.0245 0.3601 1.0000 0.0000 0.0006 0.0085 0.1253 1.0000 1.0000 0.0002 0.0030 0.0447 0.6644 1.0000 0.0001 0.0011 0.0162 0.2402 1.0000 1.0000 0.0004 0.0059 0.0870 1.0000 1.0000 0.0001 0.0021 0.0315 0.4682 1.0000 0.0001 0.0008 0.0114 0.1693 1.0000 1.0000 0.0002 0.0012 0.0002 1.0000 1.0000 0.1693 0.0114 0.0008 0.0001 1.0000 0.4682 0.0315 0.0021 0.0001 1.0000 1.0000 0.0870 0.0059 0.0004 1.0000 1.0000 0.2402 0.0162 0.0011 0.0001 1.0000 0.6644 0.0447 0.0030 0.0002 1.0000 1.0000 0.1253 0.0085 0.0006 0.0000 1.0000 0.3601 0.0245 0.0017 0.0001 1.0000 1.0000 0.0754 0.0052 0.0004 1.0000 1.0000 0.2462 0.0172 0.0012 0.0001
0.0012 0.0178 0.2553 1.0000 1.0000 0.0004 0.0054 0.0773 1.0000 1.0000 0.0001 0.0017 0.0245 0.3581 1.0000 0.0000 0.0006 0.0083 0.1223 1.0000 1.0000 0.0002 0.0029 0.0433 0.6420 1.0000 0.0001 0.0010 0.0156 0.2312 1.0000 1.0000 0.0004 0.0056 0.0837 1.0000 1.0000 0.0001 0.0020 0.0303 0.4507 1.0000 0.0000 0.0007 0.0110 0.1633 1.0000 1.0000 0.0003 0.0032 0.0165 0.0032 0.0003 1.0000 1.0000 0.1633 0.0110 0.0007 0.0000 1.0000 0.4507 0.0303 0.0020 0.0001 1.0000 1.0000 0.0837 0.0056 0.0004 1.0000 1.0000 0.2312 0.0156 0.0010 0.0001 1.0000 0.6420 0.0433 0.0029 0.0002 1.0000 1.0000 0.1223 0.0083 0.0006 0.0000 1.0000 0.3581 0.0245 0.0017 0.0001 1.0000 1.0000 0.0773 0.0054 0.0004 1.0000 1.0000 0.2553 0.0178 0.0012
0.0180 0.2651 1.0000 1.0000 0.0004 0.0056 0.0799 1.0000 1.0000 0.0001 0.0017 0.0248 0.3601 1.0000 1.0000 0.0006 0.0082 0.1202 1.0000 1.0000 0.0002 0.0028 0.0421 0.6228 1.0000 0.0001 0.0010 0.0150 0.2230 1.0000 1.0000 0.0004 0.0054 0.0806 1.0000 1.0000 0.0001 0.0020 0.0292 0.4339 1.0000 0.0000 0.0007 0.0106 0.1572 1.0000 1.0000 0.0003 0.0036 0.0451 0.2357 0.0451 0.0036 0.0003 1.0000 1.0000 0.1572 0.0106 0.0007 0.0000 1.0000 0.4339 0.0292 0.0020 0.0001 1.0000 1.0000 0.0806 0.0054 0.0004 1.0000 1.0000 0.2230 0.0150 0.0010 0.0001 1.0000 0.6228 0.0421 0.0028 0.0002 1.0000 1.0000 0.1202 0.0082 0.0006 1.0000 1.0000 0.3601 0.0248 0.0017 0.0001 1.0000 1.0000 0.0799 0.0056 0.0004 1.0000 1.0000 0.2651 0.0180
0.2682 1.0000 1.0000 0.0004 0.0058 0.0826 1.0000 1.0000 0.0001 0.0018 0.0253 0.3657 1.0000 0.0000 0.0006 0.0082 0.1191 1.0000 1.0000 0.0002 0.0028 0.0410 0.6053 1.0000 0.0001 0.0010 0.0145 0.2155 1.0000 1.0000 0.0004 0.0052 0.0776 1.0000 1.0000 0.0001 0.0019 0.0281 0.4177 1.0000 0.0000 0.0007 0.0102 0.1513 1.0000 1.0000 0.0002 0.0036 0.0520 0.6457 1.0000 0.6457 0.0520 0.0036 0.0002 1.0000 1.0000 0.1513 0.0102 0.0007 0.0000 1.0000 0.4177 0.0281 0.0019 0.0001 1.0000 1.0000 0.0776 0.0052 0.0004 1.0000 1.0000 0.2155 0.0145 0.0010 0.0001 1.0000 0.6053 0.0410 0.0028 0.0002 1.0000 1.0000 0.1191 0.0082 0.0006 0.0000 1.0000 0.3657 0.0253 0.0018 0.0001 1.0000 1.0000 0.0826 0.0058 0.0004 1.0000 1.0000 0.2682
1.0000 1.0000 0.0004 0.0060 0.0857 1.0000 1.0000 0.0001 0.0018 0.0260 0.3741 1.0000 0.0000 0.0006 0.0082 0.1191 1.0000 1.0000 0.0002 0.0027 0.0402 0.5916 1.0000 0.0001 0.0010 0.0141 0.2087 1.0000 1.0000 0.0003 0.0050 0.0747 1.0000 1.0000 0.0001 0.0018 0.0271 0.4021 1.0000 0.0000 0.0007 0.0098 0.1457 1.0000 1.0000 0.0002 0.0035 0.0522 0.7433 1.0000 1.0000 1.0000 0.7433 0.0522 0.0035 0.0002 1.0000 1.0000 0.1457 0.0098 0.0007 0.0000 1.0000 0.4021 0.0271 0.0018 0.0001 1.0000 1.0000 0.0747 0.0050 0.0003 1.0000 1.0000 0.2087 0.0141 0.0010 0.0001 1.0000 0.5916 0.0402 0.0027 0.0002 1.0000 1.0000 0.1191 0.0082 0.0006 0.0000 1.0000 0.3741 0.0260 0.0018 0.0001 1.0000 1.0000 0.0857 0.0060 0.0004 1.0000 1.0000
1.0000 0.0004 0.0062 0.0890 1.0000 1.0000 0.0001 0.0019 0.0268 0.3842 1.0000 0.0000 0.0006 0.0083 0.1202 1.0000 1.0000 0.0002 0.0027 0.0397 0.5827 1.0000 0.0001 0.0009 0.0137 0.2028 1.0000 1.0000 0.0003 0.0049 0.0721 1.0000 1.0000 0.0001 0.0018 0.0261 0.3871 1.0000 0.0000 0.0006 0.0094 0.1402 1.0000 1.0000 0.0002 0.0034 0.0507 0.7461 1.0000 0.0001 0.0003 0.0001 1.0000 0.7461 0.0507 0.0034 0.0002 1.0000 1.0000 0.1402 0.0094 0.0006 0.0000 1.0000 0.3871 0.0261 0.0018 0.0001 1.0000 1.0000 0.0721 0.0049 0.0003 1.0000 1.0000 0.2028 0.0137 0.0009 0.0001 1.0000 0.5827 0.0397 0.0027 0.0002 1.0000 1.0000 0.1202 0.0083 0.0006 0.0000 1.0000 0.3842 0.0268 0.0019 0.0001 1.0000 1.0000 0.0890 0.0062 0.0004 1.0000
0.0004 0.0065 0.0925 1.0000 1.0000 0.0001 0.0019 0.0277 0.3968 1.0000 0.0000 0.0006 0.0085 0.1223 1.0000 1.0000 0.0002 0.0027 0.0396 0.5783 1.0000 0.0001 0.0009 0.0134 0.1978 1.0000 1.0000 0.0003 0.0047 0.0698 1.0000 1.0000 0.0001 0.0017 0.0251 0.3727 1.0000 0.0000 0.0006 0.0091 0.1350 1.0000 1.0000 0.0002 0.0033 0.0489 0.7251 1.0000 0.0001 0.0009 0.0049 0.0009 0.0001 1.0000 0.7251 0.0489 0.0033 0.0002 1.0000 1.0000 0.1350 0.0091 0.0006 0.0000 1.0000 0.3727 0.0251 0.0017 0.0001 1.0000 1.0000 0.0698 0.0047 0.0003 1.0000 1.0000 0.1978 0.0134 0.0009 0.0001 1.0000 0.5783 0.0396 0.0027 0.0002 1.0000 1.0000 0.1223 0.0085 0.0006 0.0000 1.0000 0.3968 0.0277 0.0019 0.0001 1.0000 1.0000 0.0925 0.0065 0.0004
0.0065 0.0960 1.0000 1.0000 0.0001 0.0020 0.0288 0.4114 1.0000 0.0000 0.0006 0.0087 0.1253 1.0000 1.0000 0.0002 0.0027 0.0397 0.5783 1.0000 0.0001 0.0009 0.0132 0.1941 1.0000 1.0000 0.0003 0.0046 0.0678 1.0000 1.0000 0.0001 0.0016 0.0242 0.3595 1.0000 0.0000 0.0006 0.0087 0.1299 1.0000 1.0000 0.0002 0.0032 0.0471 0.6994 1.0000 0.0001 0.0011 0.0135 0.0706 0.0135 0.0011 0.0001 1.0000 0.6994 0.0471 0.0032 0.0002 1.0000 1.0000 0.1299 0.0087 0.0006 0.0000 1.0000 0.3595 0.0242 0.0016 0.0001 1.0000 1.0000 0.0678 0.0046 0.0003 1.0000 1.0000 0.1941 0.0132 0.0009 0.0001 1.0000 0.5783 0.0397 0.0027 0.0002 1.0000 1.0000 0.1253 0.0087 0.0006 0.0000 1.0000 0.4114 0.0288 0.0020 0.0001 1.0000 1.0000 0.0960 0.0065
0.0971 1.0000 1.0000 0.0001 0.0021 0.0299 0.4274 1.0000 0.0000 0.0006 0.0090 0.1290 1.0000 1.0000 0.0002 0.0028 0.0402 0.5827 1.0000 0.0001 0.0009 0.0131 0.1919 1.0000 1.0000 0.0003 0.0045 0.0662 0.9774 1.0000 0.0001 0.0016 0.0234 0.3474 1.0000 1.0000 0.0006 0.0084 0.1251 1.0000 1.0000 0.0002 0.0030 0.0453 0.6733 1.0000 0.0001 0.0011 0.0156 0.1934 1.0000 0.1934 0.0156 0.0011 0.0001 1.0000 0.6733 0.0453 0.0030 0.0002 1.0000 1.0000 0.1251 0.0084 0.0006 1.0000 1.0000 0.3474 0.0234 0.0016 0.0001 1.0000 0.9774 0.0662 0.0045 0.0003 1.0000 1.0000 0.1919 0.0131 0.0009 0.0001 1.0000 0.5827 0.0402 0.0028 0.0002 1.0000 1.0000 0.1290 0.0090 0.0006 0.0000 1.0000 0.4274 0.0299 0.0021 0.0001 1.0000 1.0000 0.0971
1.0000 1.0000 0.0002 0.0022 0.0310 0.4439 1.0000 0.0000 0.0006 0.0093 0.1332 1.0000 1.0000 0.0002 0.0028 0.0410 0.5916 1.0000 0.0001 0.0009 0.0131 0.1912 1.0000 1.0000 0.0003 0.0044 0.0648 0.9554 1.0000 0.0001 0.0015 0.0228 0.3369 1.0000 1.0000 0.0005 0.0081 0.1204 1.0000 1.0000 0.0002 0.0029 0.0436 0.6482 1.0000 0.0001 0.0011 0.0156 0.2226 1.0000 1.0000 1.0000 0.2226 0.0156 0.0011 0.0001 1.0000 0.6482 0.0436 0.0029 0.0002 1.0000 1.0000 0.1204 0.0081 0.0005 1.0000 1.0000 0.3369 0.0228 0.0015 0.0001 1.0000 0.9554 0.0648 0.0044 0.0003 1.0000 1.0000 0.1912 0.0131 0.0009 0.0001 1.0000 0.5916 0.0410 0.0028 0.0002 1.0000 1.0000 0.1332 0.0093 0.0006 0.0000 1.0000 0.4439 0.0310 0.0022 0.0002 1.0000 1.0000
1.0000 0.0002 0.0023 0.0322 0.4611 1.0000 0.0000 0.0007 0.0097 0.1381 1.0000 1.0000 0.0002 0.0029 0.0421 0.6053 1.0000 0.0001 0.0009 0.0132 0.1919 1.0000 1.0000 0.0003 0.0044 0.0638 0.9374 1.0000 0.0001 0.0015 0.0222 0.3275 1.0000 1.0000 0.0005 0.0078 0.1162 1.0000 1.0000 0.0002 0.0028 0.0420 0.6240 1.0000 0.0001 0.0010 0.0152 0.2234 1.0000 1.0000 0.0001 1.0000 1.0000 0.2234 0.0152 0.0010 0.0001 1.0000 0.6240 0.0420 0.0028 0.0002 1.0000 1.0000 0.1162 0.0078 0.0005 1.0000 1.0000 0.3275 0.0222 0.0015 0.0001 1.0000 0.9374 0.0638 0.0044 0.0003 1.0000 1.0000 0.1919 0.0132 0.0009 0.0001 1.0000 0.6053 0.0421 0.0029 0.0002 1.0000 1.0000 0.1381 0.0097 0.0007 0.0000 1.0000 0.4611 0.0322 0.0023 0.0002 1.0000
0.0002 0.0023 0.0335 0.4790 1.0000 0.0000 0.0007 0.0100 0.1435 1.0000 1.0000 0.0002 0.0030 0.0433 0.6228 1.0000 0.0001 0.0009 0.0134 0.1941 1.0000 1.0000 0.0003 0.0043 0.0633 0.9267 1.0000 0.0001 0.0015 0.0217 0.3195 1.0000 1.0000 0.0005 0.0076 0.1125 1.0000 1.0000 0.0002 0.0027 0.0404 0.6007 1.0000 0.0001 0.0010 0.0146 0.2172 1.0000 1.0000 0.0003 0.0015 0.0003 1.0000 1.0000 0.2172 0.0146 0.0010 0.0001 1.0000 0.6007 0.0404 0.0027 0.0002 1.0000 1.0000 0.1125 0.0076 0.0005 1.0000 1.0000 0.3195 0.0217 0.0015 0.0001 1.0000 0.9267 0.0633 0.0043 0.0003 1.0000 1.0000 0.1941 0.0134 0.0009 0.0001 1.0000 0.6228 0.0433 0.0030 0.0002 1.0000 1.0000 0.1435 0.0100 0.0007 0.0000 1.0000 0.4790 0.0335 0.0023 0.0002
0.0024 0.0348 0.4976 1.0000 0.0001 0.0007 0.0104 0.1490 1.0000 1.0000 0.0002 0.0031 0.0447 0.6420 1.0000 0.0001 0.0010 0.0137 0.1978 1.0000 1.0000 0.0003 0.0044 0.0633 0.9232 1.0000 0.0001 0.0014 0.0213 0.3129 1.0000 1.0000 0.0005 0.0074 0.1093 1.0000 1.0000 0.0002 0.0026 0.0390 0.5794 1.0000 0.0001 0.0009 0.0141 0.2094 1.0000 1.0000 0.0003 0.0040 0.0211 0.0040 0.0003 1.0000 1.0000 0.2094 0.0141 0.0009 0.0001 1.0000 0.5794 0.0390 0.0026 0.0002 1.0000 1.0000 0.1093 0.0074 0.0005 1.0000 1.0000 0.3129 0.0213 0.0014 0.0001 1.0000 0.9232 0.0633 0.0044 0.0003 1.0000 1.0000 0.1978 0.0137 0.0010 0.0001 1.0000 0.6420 0.0447 0.0031 0.0002 1.0000 1.0000 0.1490 0.0104 0.0007 0.0001 1.0000 0.4976 0.0348 0.0024
0.0352 0.5169 1.0000 0.0001 0.0008 0.0108 0.1548 1.0000 1.0000 0.0002 0.0032 0.0464 0.6644 1.0000 0.0001 0.0010 0.0141 0.2028 1.0000 1.0000 0.0003 0.0044 0.0638 0.9267 1.0000 0.0001 0.0014 0.0210 0.3081 1.0000 1.0000 0.0005 0.0072 0.1066 1.0000 1.0000 0.0002 0.0025 0.0377 0.5599 1.0000 0.0001 0.0009 0.0136 0.2016 1.0000 1.0000 0.0003 0.0047 0.0579 0.3023 0.0579 0.0047 0.0003 1.0000 1.0000 0.2016 0.0136 0.0009 0.0001 1.0000 0.5599 0.0377 0.0025 0.0002 1.0000 1.0000 0.1066 0.0072 0.0005 1.0000 1.0000 0.3081 0.0210 0.0014 0.0001 1.0000 0.9267 0.0638 0.0044 0.0003 1.0000 1.0000 0.2028 0.0141 0.0010 0.0001 1.0000 0.6644 0.0464 0.0032 0.0002 1.0000 1.0000 0.1548 0.0108 0.0008 0.0001 1.0000 0.5169 0.0352
0.5228 1.0000 0.0001 0.0008 0.0112 0.1608 1.0000 1.0000 0.0002 0.0034 0.0482 0.6888 1.0000 0.0001 0.0010 0.0145 0.2087 1.0000 1.0000 0.0003 0.0045 0.0648 0.9374 1.0000 0.0001 0.0014 0.0209 0.3058 1.0000 1.0000 0.0005 0.0071 0.1044 1.0000 1.0000 0.0002 0.0025 0.0367 0.5431 1.0000 0.0001 0.0009 0.0131 0.1941 1.0000 1.0000 0.0003 0.0047 0.0667 0.8284 1.0000 0.8284 0.0667 0.0047 0.0003 1.0000 1.0000 0.1941 0.0131 0.0009 0.0001 1.0000 0.5431 0.0367 0.0025 0.0002 1.0000 1.0000 0.1044 0.0071 0.0005 1.0000 1.0000 0.3058 0.0209 0.0014 0.0001 1.0000 0.9374 0.0648 0.0045 0.0003 1.0000 1.0000 0.2087 0.0145 0.0010 0.0001 1.0000 0.6888 0.0482 0.0034 0.0002 1.0000 1.0000 0.1608 0.0112 0.0008 0.0001 1.0000 0.5228
1.0000 0.0001 0.0008 0.0117 0.1670 1.0000 1.0000 0.0002 0.0035 0.0500 0.7155 1.0000 0.0001 0.0010 0.0150 0.2155 1.0000 1.0000 0.0003 0.0046 0.0662 0.9554 1.0000 0.0001 0.0014 0.0210 0.3058 1.0000 1.0000 0.0005 0.0070 0.1026 1.0000 1.0000 0.0002 0.0024 0.0357 0.5278 1.0000 0.0001 0.0009 0.0126 0.1872 1.0000 1.0000 0.0003 0.0045 0.0669 0.9536 1.0000 1.0000 1.0000 0.9536 0.0669 0.0045 0.0003 1.0000 1.0000 0.1872 0.0126 0.0009 0.0001 1.0000 0.5278 0.0357 0.0024 0.0002 1.0000 1.0000 0.1026 0.0070 0.0005 1.0000 1.0000 0.3058 0.0210 0.0014 0.0001 1.0000 0.9554 0.0662 0.0046 0.0003 1.0000 1.0000 0.2155 0.0150 0.0010 0.0001 1.0000 0.7155 0.0500 0.0035 0.0002 1.0000 1.0000 0.1670 0.0117 0.0008 0.0001 1.0000
0.0001 0.0008 0.0121 0.1735 1.0000 1.0000 0.0003 0.0036 0.0520 0.7433 1.0000 0.0001 0.0011 0.0156 0.2230 1.0000 1.0000 0.0003 0.0047 0.0678 0.9774 1.0000 0.0001 0.0015 0.0213 0.3081 1.0000 1.0000 0.0005 0.0069 0.1015 1.0000 1.0000 0.0002 0.0024 0.0349 0.5149 1.0000 0.0001 0.0008 0.0123 0.1813 1.0000 1.0000 0.0003 0.0044 0.0650 0.9572 1.0000 0.0001 0.0004 0.0001 1.0000 0.9572 0.0650 0.0044 0.0003 1.0000 1.0000 0.1813 0.0123 0.0008 0.0001 1.0000 0.5149 0.0349 0.0024 0.0002 1.0000 1.0000 0.1015 0.0069 0.0005 1.0000 1.0000 0.3081 0.0213 0.0015 0.0001 1.0000 0.9774 0.0678 0.0047 0.0003 1.0000 1.0000 0.2230 0.0156 0.0011 0.0001 1.0000 0.7433 0.0520 0.0036 0.0003 1.0000 1.0000 0.1735 0.0121 0.0008 0.0001
0.0009 0.0126 0.1802 1.0000 1.0000 0.0003 0.0038 0.0540 0.7721 1.0000 0.0001 0.0011 0.0162 0.2312 1.0000 1.0000 0.0003 0.0049 0.0698 1.0000 1.0000 0.0001 0.0015 0.0217 0.3129 1.0000 1.0000 0.0005 0.0069 0.1011 1.0000 1.0000 0.0002 0.0023 0.0343 0.5043 1.0000 0.0001 0.0008 0.0119 0.1762 1.0000 1.0000 0.0003 0.0042 0.0628 0.9321 1.0000 0.0001 0.0012 0.0063 0.0012 0.0001 1.0000 0.9321 0.0628 0.0042 0.0003 1.0000 1.0000 0.1762 0.0119 0.0008 0.0001 1.0000 0.5043 0.0343 0.0023 0.0002 1.0000 1.0000 0.1011 0.0069 0.0005 1.0000 1.0000 0.3129 0.0217 0.0015 0.0001 1.0000 1.0000 0.0698 0.0049 0.0003 1.0000 1.0000 0.2312 0.0162 0.0011 0.0001 1.0000 0.7721 0.0540 0.0038 0.0003 1.0000 1.0000 0.1802 0.0126 0.0009
0.0127 0.1872 1.0000 1.0000 0.0003 0.0039 0.0561 0.8020 1.0000 0.0001 0.0012 0.0168 0.2402 1.0000 1.0000 0.0004 0.0050 0.0721 1.0000 1.0000 0.0001 0.0015 0.0222 0.3195 1.0000 1.0000 0.0005 0.0070 0.1015 1.0000 1.0000 0.0002 0.0023 0.0337 0.4957 1.0000 0.0001 0.0008 0.0117 0.1719 1.0000 1.0000 0.0003 0.0041 0.0608 0.9024 1.0000 0.0001 0.0014 0.0173 0.0905 0.0173 0.0014 0.0001 1.0000 0.9024 0.0608 0.0041 0.0003 1.0000 1.0000 0.1719 0.0117 0.0008 0.0001 1.0000 0.4957 0.0337 0.0023 0.0002 1.0000 1.0000 0.1015 0.0070 0.0005 1.0000 1.0000 0.3195 0.0222 0.0015 0.0001 1.0000 1.0000 0.0721 0.0050 0.0004 1.0000 1.0000 0.2402 0.0168 0.0012 0.0001 1.0000 0.8020 0.0561 0.0039 0.0003 1.0000 1.0000 0.1872 0.0127
0.1894 1.0000 1.0000 0.0003 0.0041 0.0582 0.8331 1.0000 0.0001 0.0012 0.0174 0.2495 1.0000 1.0000 0.0004 0.0052 0.0747 1.0000 1.0000 0.0001 0.0016 0.0228 0.3275 1.0000 1.0000 0.0005 0.0071 0.1026 1.0000 1.0000 0.0002 0.0023 0.0335 0.4901 1.0000 0.0001 0.0008 0.0114 0.1683 1.0000 1.0000 0.0003 0.0040 0.0590 0.8737 1.0000 0.0001 0.0014 0.0200 0.2485 1.0000 0.2485 0.0200 0.0014 0.0001 1.0000 0.8737 0.0590 0.0040 0.0003 1.0000 1.0000 0.1683 0.0114 0.0008 0.0001 1.0000 0.4901 0.0335 0.0023 0.0002 1.0000 1.0000 0.1026 0.0071 0.0005 1.0000 1.0000 0.3275 0.0228 0.0016 0.0001 1.0000 1.0000 0.0747 0.0052 0.0004 1.0000 1.0000 0.2495 0.0174 0.0012 0.0001 1.0000 0.8331 0.0582 0.0041 0.0003 1.0000 1.0000 0.1894
1.0000 1.0000 0.0003 0.0042 0.0605 0.8654 1.0000 0.0001 0.0013 0.0181 0.2592 1.0000 1.0000 0.0004 0.0054 0.0776 1.0000 1.0000 0.0001 0.0016 0.0234 0.3369 1.0000 1.0000 0.0005 0.0072 0.1044 1.0000 1.0000 0.0002 0.0023 0.0335 0.4882 1.0000 0.0001 0.0008 0.0112 0.1654 1.0000 1.0000 0.0003 0.0039 0.0575 0.8491 1.0000 0.0001 0.0014 0.0202 0.2861 1.0000 1.0000 1.0000 0.2861 0.0202 0.0014 0.0001 1.0000 0.8491 0.0575 0.0039 0.0003 1.0000 1.0000 0.1654 0.0112 0.0008 0.0001 1.0000 0.4882 0.0335 0.0023 0.0002 1.0000 1.0000 0.1044 0.0072 0.0005 1.0000 1.0000 0.3369 0.0234 0.0016 0.0001 1.0000 1.0000 0.0776 0.0054 0.0004 1.0000 1.0000 0.2592 0.0181 0.0013 0.0001 1.0000 0.8654 0.0605 0.0042 0.0003 1.0000 1.0000
1.0000 0.0003 0.0044 0.0628 0.8990 1.0000 0.0001 0.0013 0.0188 0.2692 1.0000 1.0000 0.0004 0.0056 0.0806 1.0000 1.0000 0.0001 0.0017 0.0242 0.3474 1.0000 1.0000 0.0005 0.0074 0.1066 1.0000 1.0000 0.0002 0.0023 0.0337 0.4901 1.0000 0.0001 0.0008 0.0111 0.1629 1.0000 1.0000 0.0003 0.0038 0.0562 0.8284 1.0000 0.0001 0.0013 0.0197 0.2888 1.0000 1.0000 0.0001 1.0000 1.0000 0.2888 0.0197 0.0013 0.0001 1.0000 0.8284 0.0562 0.0038 0.0003 1.0000 1.0000 0.1629 0.0111 0.0008 0.0001 1.0000 0.4901 0.0337 0.0023 0.0002 1.0000 1.0000 0.1066 0.0074 0.0005 1.0000 1.0000 0.3474 0.0242 0.0017 0.0001 1.0000 1.0000 0.0806 0.0056 0.0004 1.0000 1.0000 0.2692 0.0188 0.0013 0.0001 1.0000 0.8990 0.0628 0.0044 0.0003 1.0000
0.0003 0.0046 0.0653 0.9338 1.0000 0.0001 0.0014 0.0195 0.2797 1.0000 1.0000 0.0004 0.0059 0.0837 1.0000 1.0000 0.0001 0.0018 0.0251 0.3595 1.0000 1.0000 0.0005 0.0076 0.1093 1.0000 1.0000 0.0002 0.0024 0.0343 0.4957 1.0000 0.0001 0.0008 0.0111 0.1617 1.0000 1.0000 0.0003 0.0037 0.0551 0.8112 1.0000 0.0001 0.0013 0.0193 0.2834 1.0000 1.0000 0.0004 0.0019 0.0004 1.0000 1.0000 0.2834 0.0193 0.0013 0.0001 1.0000 0.8112 0.0551 0.0037 0.0003 1.0000 1.0000 0.1617 0.0111 0.0008 0.0001 1.0000 0.4957 0.0343 0.0024 0.0002 1.0000 1.0000 0.1093 0.0076 0.0005 1.0000 1.0000 0.3595 0.0251 0.0018 0.0001 1.0000 1.0000 0.0837 0.0059 0.0004 1.0000 1.0000 0.2797 0.0195 0.0014 0.0001 1.0000 0.9338 0.0653 0.0046 0.0003
0.0046 0.0678 0.9700 1.0000 0.0001 0.0014 0.0203 0.2905 1.0000 1.0000 0.0004 0.0061 0.0870 1.0000 1.0000 0.0001 0.0018 0.0261 0.3727 1.0000 1.0000 0.0005 0.0078 0.1125 1.0000 1.0000 0.0002 0.0024 0.0349 0.5043 1.0000 0.0001 0.0008 0.0111 0.1617 1.0000 1.0000 0.0003 0.0037 0.0543 0.7975 1.0000 0.0001 0.0013 0.0188 0.2770 1.0000 1.0000 0.0004 0.0053 0.0274 0.0053 0.0004 1.0000 1.0000 0.2770 0.0188 0.0013 0.0001 1.0000 0.7975 0.0543 0.0037 0.0003 1.0000 1.0000 0.1617 0.0111 0.0008 0.0001 1.0000 0.5043 0.0349 0.0024 0.0002 1.0000 1.0000 0.1125 0.0078 0.0005 1.0000 1.0000 0.3727 0.0261 0.0018 0.0001 1.0000 1.0000 0.0870 0.0061 0.0004 1.0000 1.0000 0.2905 0.0203 0.0014 0.0001 1.0000 0.9700 0.0678 0.0046
0.0686 1.0000 1.0000 0.0001 0.0015 0.0211 0.3018 1.0000 1.0000 0.0004 0.0063 0.0904 1.0000 1.0000 0.0001 0.0019 0.0271 0.3871 1.0000 0.0000 0.0006 0.0081 0.1162 1.0000 1.0000 0.0002 0.0025 0.0357 0.5149 1.0000 0.0001 0.0008 0.0112 0.1629 1.0000 1.0000 0.0003 0.0037 0.0537 0.7869 1.0000 0.0001 0.0012 0.0184 0.2713 1.0000 1.0000 0.0004 0.0061 0.0754 0.3931 0.0754 0.0061 0.0004 1.0000 1.0000 0.2713 0.0184 0.0012 0.0001 1.0000 0.7869 0.0537 0.0037 0.0003 1.0000 1.0000 0.1629 0.0112 0.0008 0.0001 1.0000 0.5149 0.0357 0.0025 0.0002 1.0000 1.0000 0.1162 0.0081 0.0006 0.0000 1.0000 0.3871 0.0271 0.0019 0.0001 1.0000 1.0000 0.0904 0.0063 0.0004 1.0000 1.0000 0.3018 0.0211 0.0015 0.0001 1.0000 1.0000 0.0686
1.0000 1.0000 0.0001 0.0015 0.0219 0.3135 1.0000 1.0000 0.0005 0.0066 0.0939 1.0000 1.0000 0.0001 0.0020 0.0281 0.4021 1.0000 0.0000 0.0006 0.0084 0.1204 1.0000 1.0000 0.0002 0.0025 0.0367 0.5278 1.0000 0.0001 0.0008 0.0114 0.1654 1.0000 1.0000 0.0003 0.0037 0.0535 0.7810 1.0000 0.0001 0.0012 0.0181 0.2662 1.0000 1.0000 0.0004 0.0062 0.0877 1.0000 1.0000 1.0000 0.0877 0.0062 0.0004 1.0000 1.0000 0.2662 0.0181 0.0012 0.0001 1.0000 0.7810 0.0535 0.0037 0.0003 1.0000 1.0000 0.1654 0.0114 0.0008 0.0001 1.0000 0.5278 0.0367 0.0025 0.0002 1.0000 1.0000 0.1204 0.0084 0.0006 0.0000 1.0000 0.4021 0.0281 0.0020 0.0001 1.0000 1.0000 0.0939 0.0066 0.0005 1.0000 1.0000 0.3135 0.0219 0.0015 0.0001 1.0000 1.0000
1.0000 0.0001 0.0016 0.0228 0.3256 1.0000 1.0000 0.0005 0.0068 0.0975 1.0000 1.0000 0.0001 0.0020 0.0292 0.4177 1.0000 0.0000 0.0006 0.0087 0.1251 1.0000 1.0000 0.0002 0.0026 0.0377 0.5431 1.0000 0.0001 0.0008 0.0117 0.1683 1.0000 1.0000 0.0003 0.0037 0.0537 0.7810 1.0000 0.0001 0.0012 0.0178 0.2621 1.0000 1.0000 0.0004 0.0061 0.0893 1.0000 1.0000 0.0000 1.0000 1.0000 0.0893 0.0061 0.0004 1.0000 1.0000 0.2621 0.0178 0.0012 0.0001 1.0000 0.7810 0.0537 0.0037 0.0003 1.0000 1.0000 0.1683 0.0117 0.0008 0.0001 1.0000 0.5431 0.0377 0.0026 0.0002 1.0000 1.0000 0.1251 0.0087 0.0006 0.0000 1.0000 0.4177 0.0292 0.0020 0.0001 1.0000 1.0000 0.0975 0.0068 0.0005 1.0000 1.0000 0.3256 0.0228 0.0016 0.0001 1.0000
0.0001 0.0017 0.0236 0.3382 1.0000 1.0000 0.0005 0.0071 0.1013 1.0000 1.0000 0.0001 0.0021 0.0303 0.4339 1.0000 0.0000 0.0006 0.0091 0.1299 1.0000 1.0000 0.0002 0.0027 0.0390 0.5599 1.0000 0.0001 0.0008 0.0119 0.1719 1.0000 1.0000 0.0003 0.0037 0.0543 0.7869 1.0000 0.0001 0.0012 0.0177 0.2592 1.0000 1.0000 0.0004 0.0060 0.0885 1.0000 1.0000 0.0001 0.0006 0.0001 1.0000 1.0000 0.0885 0.0060 0.0004 1.0000 1.0000 0.2592 0.0177 0.0012 0.0001 1.0000 0.7869 0.0543 0.0037 0.0003 1.0000 1.0000 0.1719 0.0119 0.0008 0.0001 1.0000 0.5599 0.0390 0.0027 0.0002 1.0000 1.0000 0.1299 0.0091 0.0006 0.0000 1.0000 0.4339 0.0303 0.0021 0.0001 1.0000 1.0000 0.1013 0.0071 0.0005 1.0000 1.0000 0.3382 0.0236 0.0017 0.0001
0.0017 0.0246 0.3513 1.0000 1.0000 0.0005 0.0074 0.1052 1.0000 1.0000 0.0002 0.0022 0.0315 0.4507 1.0000 0.0000 0.0007 0.0094 0.1350 1.0000 1.0000 0.0002 0.0028 0.0404 0.5794 1.0000 0.0001 0.0009 0.0123 0.1762 1.0000 1.0000 0.0003 0.0038 0.0551 0.7975 1.0000 0.0001 0.0012 0.0177 0.2582 1.0000 1.0000 0.0004 0.0059 0.0873 1.0000 1.0000 0.0001 0.0016 0.0085 0.0016 0.0001 1.0000 1.0000 0.0873 0.0059 0.0004 1.0000 1.0000 0.2582 0.0177 0.0012 0.0001 1.0000 0.7975 0.0551 0.0038 0.0003 1.0000 1.0000 0.1762 0.0123 0.0009 0.0001 1.0000 0.5794 0.0404 0.0028 0.0002 1.0000 1.0000 0.1350 0.0094 0.0007 0.0000 1.0000 0.4507 0.0315 0.0022 0.0002 1.0000 1.0000 0.1052 0.0074 0.0005 1.0000 1.0000 0.3513 0.0246 0.0017
0.0248 0.3650 1.0000 1.0000 0.0005 0.0076 0.1093 1.0000 1.0000 0.0002 0.0023 0.0327 0.4682 1.0000 0.0000 0.0007 0.0098 0.1402 1.0000 1.0000 0.0002 0.0029 0.0420 0.6007 1.0000 0.0001 0.0009 0.0126 0.1813 1.0000 1.0000 0.0003 0.0039 0.0562 0.8112 1.0000 0.0001 0.0012 0.0178 0.2592 1.0000 1.0000 0.0004 0.0059 0.0862 1.0000 1.0000 0.0001 0.0019 0.0235 0.1223 0.0235 0.0019 0.0001 1.0000 1.0000 0.0862 0.0059 0.0004 1.0000 1.0000 0.2592 0.0178 0.0012 0.0001 1.0000 0.8112 0.0562 0.0039 0.0003 1.0000 1.0000 0.1813 0.0126 0.0009 0.0001 1.0000 0.6007 0.0420 0.0029 0.0002 1.0000 1.0000 0.1402 0.0098 0.0007 0.0000 1.0000 0.4682 0.0327 0.0023 0.0002 1.0000 1.0000 0.1093 0.0076 0.0005 1.0000 1.0000 0.3650 0.0248
0.3692 1.0000 0.0000 0.0006 0.0079 0.1135 1.0000 1.0000 0.0002 0.0024 0.0340 0.4864 1.0000 0.0000 0.0007 0.0102 0.1457 1.0000 1.0000 0.0002 0.0030 0.0436 0.6240 1.0000 0.0001 0.0009 0.0131 0.1872 1.0000 1.0000 0.0003 0.0040 0.0575 0.8284 1.0000 0.0001 0.0012 0.0181 0.2621 1.0000 1.0000 0.0004 0.0059 0.0855 1.0000 1.0000 0.0001 0.0020 0.0275 0.3395 1.0000 0.3395 0.0275 0.0020 0.0001 1.0000 1.0000 0.0855 0.0059 0.0004 1.0000 1.0000 0.2621 0.0181 0.0012 0.0001 1.0000 0.8284 0.0575 0.0040 0.0003 1.0000 1.0000 0.1872 0.0131 0.0009 0.0001 1.0000 0.6240 0.0436 0.0030 0.0002 1.0000 1.0000 0.1457 0.0102 0.0007 0.0000 1.0000 0.4864 0.0340 0.0024 0.0002 1.0000 1.0000 0.1135 0.0079 0.0006 0.0000 1.0000 0.3692
1.0000 0.0000 0.0006 0.0082 0.1179 1.0000 1.0000 0.0002 0.0025 0.0353 0.5052 1.0000 0.0001 0.0007 0.0106 0.1513 1.0000 1.0000 0.0002 0.0032 0.0453 0.6482 1.0000 0.0001 0.0009 0.0136 0.1941 1.0000 1.0000 0.0003 0.0041 0.0590 0.8491 1.0000 0.0001 0.0013 0.0184 0.2662 1.0000 1.0000 0.0004 0.0059 0.0855 1.0000 1.0000 0.0001 0.0019 0.0283 0.3983 1.0000 1.0000 1.0000 0.3983 0.0283 0.0019 0.0001 1.0000 1.0000 0.0855 0.0059 0.0004 1.0000 1.0000 0.2662 0.0184 0.0013 0.0001 1.0000 0.8491 0.0590 0.0041 0.0003 1.0000 1.0000 0.1941 0.0136 0.0009 0.0001 1.0000 0.6482 0.0453 0.0032 0.0002 1.0000 1.0000 0.1513 0.0106 0.0007 0.0001 1.0000 0.5052 0.0353 0.0025 0.0002 1.0000 1.0000 0.1179 0.0082 0.0006 0.0000 1.0000
0.0000 0.0006 0.0086 0.1225 1.0000 1.0000 0.0002 0.0026 0.0367 0.5248 1.0000 0.0001 0.0008 0.0110 0.1572 1.0000 1.0000 0.0002 0.0033 0.0471 0.6733 1.0000 0.0001 0.0010 0.0141 0.2016 1.0000 1.0000 0.0003 0.0042 0.0608 0.8737 1.0000 0.0001 0.0013 0.0188 0.2713 1.0000 1.0000 0.0004 0.0059 0.0862 1.0000 1.0000 0.0001 0.0019 0.0283 0.4099 1.0000 1.0000 0.0002 1.0000 1.0000 0.4099 0.0283 0.0019 0.0001 1.0000 1.0000 0.0862 0.0059 0.0004 1.0000 1.0000 0.2713 0.0188 0.0013 0.0001 1.0000 0.8737 0.0608 0.0042 0.0003 1.0000 1.0000 0.2016 0.0141 0.0010 0.0001 1.0000 0.6733 0.0471 0.0033 0.0002 1.0000 1.0000 0.1572 0.0110 0.0008 0.0001 1.0000 0.5248 0.0367 0.0026 0.0002 1.0000 1.0000 0.1225 0.0086 0.0006 0.0000
0.0006 0.0089 0.1273 1.0000 1.0000 0.0002 0.0027 0.0381 0.5452 1.0000 0.0001 0.0008 0.0114 0.1633 1.0000 1.0000 0.0002 0.0034 0.0489 0.6994 1.0000 0.0001 0.0010 0.0146 0.2094 1.0000 1.0000 0.0003 0.0044 0.0628 0.9024 1.0000 0.0001 0.0013 0.0193 0.2770 1.0000 1.0000 0.0004 0.0060 0.0873 1.0000 1.0000 0.0001 0.0019 0.0283 0.4122 1.0000 0.0000 0.0005 0.0027 0.0005 0.0000 1.0000 0.4122 0.0283 0.0019 0.0001 1.0000 1.0000 0.0873 0.0060 0.0004 1.0000 1.0000 0.2770 0.0193 0.0013 0.0001 1.0000 0.9024 0.0628 0.0044 0.0003 1.0000 1.0000 0.2094 0.0146 0.0010 0.0001 1.0000 0.6994 0.0489 0.0034 0.0002 1.0000 1.0000 0.1633 0.0114 0.0008 0.0001 1.0000 0.5452 0.0381 0.0027 0.0002 1.0000 1.0000 0.1273 0.0089 0.0006
0.0090 0.1319 1.0000 1.0000 0.0002 0.0028 0.0395 0.5652 1.0000 0.0001 0.0008 0.0118 0.1693 1.0000 1.0000 0.0002 0.0035 0.0507 0.7251 1.0000 0.0001 0.0011 0.0152 0.2172 1.0000 1.0000 0.0003 0.0045 0.0650 0.9321 1.0000 0.0001 0.0014 0.0197 0.2834 1.0000 1.0000 0.0004 0.0061 0.0885 1.0000 1.0000 0.0001 0.0019 0.0283 0.4122 1.0000 0.0000 0.0006 0.0075 0.0387 0.0075 0.0006 0.0000 1.0000 0.4122 0.0283 0.0019 0.0001 1.0000 1.0000 0.0885 0.0061 0.0004 1.0000 1.0000 0.2834 0.0197 0.0014 0.0001 1.0000 0.9321 0.0650 0.0045 0.0003 1.0000 1.0000 0.2172 0.0152 0.0011 0.0001 1.0000 0.7251 0.0507 0.0035 0.0002 1.0000 1.0000 0.1693 0.0118 0.0008 0.0001 1.0000 0.5652 0.0395 0.0028 0.0002 1.0000 1.0000 0.1319 0.0090
0.1319 1.0000 1.0000 0.0002 0.0028 0.0407 0.5816 1.0000 0.0001 0.0009 0.0122 0.1742 1.0000 1.0000 0.0003 0.0036 0.0522 0.7461 1.0000 0.0001 0.0011 0.0156 0.2234 1.0000 1.0000 0.0003 0.0047 0.0669 0.9572 1.0000 0.0001 0.0014 0.0202 0.2888 1.0000 1.0000 0.0004 0.0062 0.0893 1.0000 1.0000 0.0001 0.0020 0.0283 0.4099 1.0000 0.0000 0.0006 0.0088 0.1076 0.5577 0.1076 0.0088 0.0006 0.0000 1.0000 0.4099 0.0283 0.0020 0.0001 1.0000 1.0000 0.0893 0.0062 0.0004 1.0000 1.0000 0.2888 0.0202 0.0014 0.0001 1.0000 0.9572 0.0669 0.0047 0.0003 1.0000 1.0000 0.2234 0.0156 0.0011 0.0001 1.0000 0.7461 0.0522 0.0036 0.0003 1.0000 1.0000 0.1742 0.0122 0.0009 0.0001 1.0000 0.5816 0.0407 0.0028 0.0002 1.0000 1.0000 0.1319
1.0000 1.0000 0.0002 0.0028 0.0405 0.5794 1.0000 0.0001 0.0008 0.0121 0.1735 1.0000 1.0000 0.0003 0.0036 0.0520 0.7433 1.0000 0.0001 0.0011 0.0156 0.2226 1.0000 1.0000 0.0003 0.0047 0.0667 0.9536 1.0000 0.0001 0.0014 0.0200 0.2861 1.0000 1.0000 0.0004 0.0061 0.0877 1.0000 1.0000 0.0001 0.0019 0.0275 0.3983 1.0000 0.0000 0.0006 0.0088 0.1225 1.0000 1.0000 1.0000 0.1225 0.0088 0.0006 0.0000 1.0000 0.3983 0.0275 0.0019 0.0001 1.0000 1.0000 0.0877 0.0061 0.0004 1.0000 1.0000 0.2861 0.0200 0.0014 0.0001 1.0000 0.9536 0.0667 0.0047 0.0003 1.0000 1.0000 0.2226 0.0156 0.0011 0.0001 1.0000 0.7433 0.0520 0.0036 0.0003 1.0000 1.0000 0.1735 0.0121 0.0008 0.0001 1.0000 0.5794 0.0405 0.0028 0.0002 1.0000 1.0000
1.0000 0.0002 0.0025 0.0352 0.5033 1.0000 0.0001 0.0007 0.0105 0.1507 1.0000 1.0000 0.0002 0.0032 0.0451 0.6457 1.0000 0.0001 0.0009 0.0135 0.1934 1.0000 1.0000 0.0003 0.0040 0.0579 0.8284 1.0000 0.0001 0.0012 0.0173 0.2485 1.0000 1.0000 0.0004 0.0053 0.0754 1.0000 1.0000 0.0001 0.0016 0.0235 0.3395 1.0000 1.0000 0.0005 0.0075 0.1076 1.0000 1.0000 0.0000 1.0000 1.0000 0.1076 0.0075 0.0005 1.0000 1.0000 0.3395 0.0235 0.0016 0.0001 1.0000 1.0000 0.0754 0.0053 0.0004 1.0000 1.0000 0.2485 0.0173 0.0012 0.0001 1.0000 0.8284 0.0579 0.0040 0.0003 1.0000 1.0000 0.1934 0.0135 0.0009 0.0001 1.0000 0.6457 0.0451 0.0032 0.0002 1.0000 1.0000 0.1507 0.0105 0.0007 0.0001 1.0000 0.5033 0.0352 0.0025 0.0002 1.0000
0.0001 0.0009 0.0128 0.1837 1.0000 1.0000 0.0003 0.0038 0.0550 0.7869 1.0000 0.0001 0.0012 0.0165 0.2357 1.0000 1.0000 0.0003 0.0049 0.0706 1.0000 1.0000 0.0001 0.0015 0.0211 0.3023 1.0000 1.0000 0.0004 0.0063 0.0905 1.0000 1.0000 0.0001 0.0019 0.0274 0.3931 1.0000 0.0000 0.0006 0.0085 0.1223 1.0000 1.0000 0.0002 0.0027 0.0387 0.5577 1.0000 0.0000 0.0002 0.0000 1.0000 0.5577 0.0387 0.0027 0.0002 1.0000 1.0000 0.1223 0.0085 0.0006 0.0000 1.0000 0.3931 0.0274 0.0019 0.0001 1.0000 1.0000 0.0905 0.0063 0.0004 1.0000 1.0000 0.3023 0.0211 0.0015 0.0001 1.0000 1.0000 0.0706 0.0049 0.0003 1.0000 1.0000 0.2357 0.0165 0.0012 0.0001 1.0000 0.7869 0.0550 0.0038 0.0003 1.0000 1.0000 0.1837 0.0128 0.0009 0.0001
1.0000 0.0002 0.0025 0.0352 0.5033 1.0000 0.0001 0.0007 0.0105 0.1507 1.0000 1.0000 0.0002 0.0032 0.0451 0.6457 1.0000 0.0001 0.0009 0.0135 0.1934 1.0000 1.0000 0.0003 0.0040 0.0579 0.8284 1.0000 0.0001 0.0012 0.0173 0.2485 1.0000 1.0000 0.0004 0.0053 0.0754 1.0000 1.0000 0.0001 0.0016 0.0235 0.3395 1.0000 1.0000 0.0005 0.0075 0.1076 1.0000 1.0000 0.0000 1.0000 1.0000 0.1076 0.0075 0.0005 1.0000 1.0000 0.3395 0.0235 0.0016 0.0001 1.0000 1.0000 0.0754 0.0053 0.0004 1.0000 1.0000 0.2485 0.0173 0.0012 0.0001 1.0000 0.8284 0.0579 0.0040 0.0003 1.0000 1.0000 0.1934 0.0135 0.0009 0.0001 1.0000 0.6457 0.0451 0.0032 0.0002 1.0000 1.0000 0.1507 0.0105 0.0007 0.0001 1.0000 0.5033 0.0352 0.0025 0.0002 1.0000
1.0000 1.0000 0.0002 0.0028 0.0405 0.5794 1.0000 0.0001 0.0008 0.0121 0.1735 1.0000 1.0000 0.0003 0.0036 0.0520 0.7433 1.0000 0.0001 0.0011 0.0156 0.2226 1.0000 1.0000 0.0003 0.0047 0.0667 0.9536 1.0000 0.0001 0.0014 0.0200 0.2861 1.0000 1.0000 0.0004 0.0061 0.0877 1.0000 1.0000 0.0001 0.0019 0.0275 0.3983 1.0000 0.0000 0.0006 0.0088 0.1225 1.0000 1.0000 1.0000 0.1225 0.0088 0.0006 0.0000 1.0000 0.3983 0.0275 0.0019 0.0001 1.0000 1.0000 0.0877 0.0061 0.0004 1.0000 1.0000 0.2861 0.0200 0.0014 0.0001 1.0000 0.9536 0.0667 0.0047 0.0003 1.0000 1.0000 0.2226 0.0156 0.0011 0.0001 1.0000 0.7433 0.0520 0.0036 0.0003 1.0000 1.0000 0.1735 0.0121 0.0008 0.0001 1.0000 0.5794 0.0405 0.0028 0.0002 1.0000 1.0000
0.1319 1.0000 1.0000 0.0002 0.0028 0.0407 0.5816 1.0000 0.0001 0.0009 0.0122 0.1742 1.0000 1.0000 0.0003 0.0036 0.0522 0.7461 1.0000 0.0001 0.0011 0.0156 0.2234 1.0000 1.0000 0.0003 0.0047 0.0669 0.9572 1.0000 0.0001 0.0014 0.0202 0.2888 1.0000 1.0000 0.0004 0.0062 0.0893 1.0000 1.0000 0.0001 0.0020 0.0283 0.4099 1.0000 0.0000 0.0006 0.0088 0.1076 0.5577 0.1076 0.0088 0.0006 0.0000 1.0000 0.4099 0.0283 0.0020 0.0001 1.0000 1.0000 0.0893 0.0062 0.0004 1.0000 1.0000 0.2888 0.0202 0.0014 0.0001 1.0000 0.9572 0.0669 0.0047 0.0003 1.0000 1.0000 0.2234 0.0156 0.0011 0.0001 1.0000 0.7461 0.0522 0.0036 0.0003 1.0000 1.0000 0.1742 0.0122 0.0009 0.0001 1.0000 0.5816 0.0407 0.0028 0.0002 1.0000 1.0000 0.1319
0.0090 0.1319 1.0000 1.0000 0.0002 0.0028 0.0395 0.5652 1.0000 0.0001 0.0008 0.0118 0.1693 1.0000 1.0000 0.0002 0.0035 0.0507 0.7251 1.0000 0.0001 0.0011 0.0152 0.2172 1.0000 1.0000 0.0003 0.0045 0.0650 0.9321 1.0000 0.0001 0.0014 0.0197 0.2834 1.0000 1.0000 0.0004 0.0061 0.0885 1.0000 1.0000 0.0001 0.0019 0.0283 0.4122 1.0000 0.0000 0.0006 0.0075 0.0387 0.0075 0.0006 0.0000 1.0000 0.4122 0.0283 0.0019 0.0001 1.0000 1.0000 0.0885 0.0061 0.0004 1.0000 1.0000 0.2834 0.0197 0.0014 0.0001 1.0000 0.9321 0.0650 0.0045 0.0003 1.0000 1.0000 0.2172 0.0152 0.0011 0.0001 1.0000 0.7251 0.0507 0.0035 0.0002 1.0000 1.0000 0.1693 0.0118 0.0008 0.0001 1.0000 0.5652 0.0395 0.0028 0.0002 1.0000 1.0000 0.1319 0.0090
0.0006 0.0089 0.1273 1.0000 1.0000 0.0002 0.0027 0.0381 0.5452 1.0000 0.0001 0.0008 0.0114 0.1633 1.0000 1.0000 0.0002 0.0034 0.0489 0.6994 1.0000 0.0001 0.0010 0.0146 0.2094 1.0000 1.0000 0.0003 0.0044 0.0628 0.9024 1.0000 0.0001 0.0013 0.0193 0.2770 1.0000 1.0000 0.0004 0.0060 0.0873 1.0000 1.0000 0.0001 0.0019 0.0283 0.4122 1.0000 0.0000 0.0005 0.0027 0.0005 0.0000 1.0000 0.4122 0.0283 0.0019 0.0001 1.0000 1.0000 0.0873 0.0060 0.0004 1.0000 1.0000 0.2770 0.0193 0.0013 0.0001 1.0000 0.9024 0.0628 0.0044 0.0003 1.0000 1.0000 0.2094 0.0146 0.0010 0.0001 1.0000 0.6994 0.0489 0.0034 0.0002 1.0000 1.0000 0.1633 0.0114 0.0008 0.0001 1.0000 0.5452 0.0381 0.0027 0.0002 1.0000 1.0000 0.1273 0.0089 0.0006
