0.0657 0.2777 -0.1908 -0.2969 -0.3759 -0.1003 0.2160 -0.1221 -0.2619 -0.3509 -0.3449 0.1286 0.1467 -0.2226 -0.3194 -0.3854 0.0338 0.2695 -0.1723 -0.2852 -0.3685 -0.2103 0.1857 -0.0761 -0.2495 -0.3406 -0.3724 0.0993 0.2481 -0.2068 -0.3079 -0.3816 -0.0197 0.2439 -0.1495 -0.2731 -0.3597 -0.2970 0.1561 0.0133 -0.2366 -0.3298 -0.3837 0.0681 0.2779 -0.1898 -0.2961 -0.3753 -0.1255 0.1904 0.2403 0.1904 -0.1255 -0.3753 -0.2961 -0.1898 0.2779 0.0681 -0.3837 -0.3298 -0.2366 0.0133 0.1561 -0.2970 -0.3597 -0.2731 -0.1495 0.2439 -0.0197 -0.3816 -0.3079 -0.2068 0.2481 0.0993 -0.3724 -0.3406 -0.2495 -0.0761 0.1857 -0.2103 -0.3685 -0.2852 -0.1723 0.2695 0.0338 -0.3854 -0.3194 -0.2226 0.1467 0.1286 -0.3449 -0.3509 -0.2619 -0.1221 0.2160 -0.1003 -0.3759 -0.2969 -0.1908 0.2777 0.0657
0.2777 -0.1947 -0.3046 -0.3824 -0.1038 0.2143 -0.1202 -0.2696 -0.3579 -0.3502 0.1275 0.1645 -0.2286 -0.3267 -0.3912 0.0327 0.2692 -0.1739 -0.2927 -0.3751 -0.2158 0.1842 -0.0703 -0.2574 -0.3477 -0.3778 0.0985 0.2572 -0.2111 -0.3152 -0.3877 -0.0219 0.2422 -0.1496 -0.2807 -0.3666 -0.3024 0.1547 0.0284 -0.2442 -0.3369 -0.3893 0.0673 0.2806 -0.1927 -0.3035 -0.3818 -0.1163 0.2070 -0.0847 -0.2163 -0.0847 0.2070 -0.1163 -0.3818 -0.3035 -0.1927 0.2806 0.0673 -0.3893 -0.3369 -0.2442 0.0284 0.1547 -0.3024 -0.3666 -0.2807 -0.1496 0.2422 -0.0219 -0.3877 -0.3152 -0.2111 0.2572 0.0985 -0.3778 -0.3477 -0.2574 -0.0703 0.1842 -0.2158 -0.3751 -0.2927 -0.1739 0.2692 0.0327 -0.3912 -0.3267 -0.2286 0.1645 0.1275 -0.3502 -0.3579 -0.2696 -0.1202 0.2143 -0.1038 -0.3824 -0.3046 -0.1947 0.2777
-0.1908 -0.3046 -0.3821 -0.1110 0.2116 -0.1165 -0.2684 -0.3569 -0.3542 0.1245 0.1784 -0.2267 -0.3254 -0.3911 0.0278 0.2667 -0.1715 -0.2914 -0.3742 -0.2271 0.1810 -0.0627 -0.2561 -0.3465 -0.3797 0.0952 0.2625 -0.2092 -0.3140 -0.3871 -0.0297 0.2389 -0.1465 -0.2794 -0.3656 -0.3096 0.1514 0.0438 -0.2424 -0.3357 -0.3899 0.0636 0.2804 -0.1906 -0.3023 -0.3811 -0.1254 0.2074 -0.1059 -0.2590 -0.3168 -0.2590 -0.1059 0.2074 -0.1254 -0.3811 -0.3023 -0.1906 0.2804 0.0636 -0.3899 -0.3357 -0.2424 0.0438 0.1514 -0.3096 -0.3656 -0.2794 -0.1465 0.2389 -0.0297 -0.3871 -0.3140 -0.2092 0.2625 0.0952 -0.3797 -0.3465 -0.2561 -0.0627 0.1810 -0.2271 -0.3742 -0.2914 -0.1715 0.2667 0.0278 -0.3911 -0.3254 -0.2267 0.1784 0.1245 -0.3542 -0.3569 -0.2684 -0.1165 0.2116 -0.1110 -0.3821 -0.3046 -0.1908
-0.2969 -0.3824 -0.1110 0.2105 -0.1141 -0.2675 -0.3560 -0.3575 0.1216 0.1909 -0.2249 -0.3242 -0.3908 0.0228 0.2641 -0.1690 -0.2901 -0.3733 -0.2380 0.1778 -0.0545 -0.2547 -0.3454 -0.3814 0.0919 0.2671 -0.2072 -0.3127 -0.3866 -0.0380 0.2356 -0.1434 -0.2781 -0.3646 -0.3163 0.1481 0.0599 -0.2405 -0.3345 -0.3904 0.0598 0.2799 -0.1884 -0.3010 -0.3803 -0.1372 0.2049 -0.1065 -0.2641 -0.3502 -0.3942 -0.3502 -0.2641 -0.1065 0.2049 -0.1372 -0.3803 -0.3010 -0.1884 0.2799 0.0598 -0.3904 -0.3345 -0.2405 0.0599 0.1481 -0.3163 -0.3646 -0.2781 -0.1434 0.2356 -0.0380 -0.3866 -0.3127 -0.2072 0.2671 0.0919 -0.3814 -0.3454 -0.2547 -0.0545 0.1778 -0.2380 -0.3733 -0.2901 -0.1690 0.2641 0.0228 -0.3908 -0.3242 -0.2249 0.1909 0.1216 -0.3575 -0.3560 -0.2675 -0.1141 0.2105 -0.1110 -0.3824 -0.2969
-0.3759 -0.1038 0.2116 -0.1141 -0.2672 -0.3555 -0.3597 0.1192 0.2012 -0.2233 -0.3231 -0.3906 0.0178 0.2614 -0.1666 -0.2888 -0.3724 -0.2484 0.1746 -0.0456 -0.2533 -0.3442 -0.3830 0.0886 0.2709 -0.2053 -0.3114 -0.3860 -0.0469 0.2323 -0.1401 -0.2768 -0.3635 -0.3226 0.1448 0.0765 -0.2387 -0.3333 -0.3907 0.0559 0.2789 -0.1862 -0.2997 -0.3796 -0.1497 0.2017 -0.1027 -0.2642 -0.3527 -0.3789 -0.0339 -0.3789 -0.3527 -0.2642 -0.1027 0.2017 -0.1497 -0.3796 -0.2997 -0.1862 0.2789 0.0559 -0.3907 -0.3333 -0.2387 0.0765 0.1448 -0.3226 -0.3635 -0.2768 -0.1401 0.2323 -0.0469 -0.3860 -0.3114 -0.2053 0.2709 0.0886 -0.3830 -0.3442 -0.2533 -0.0456 0.1746 -0.2484 -0.3724 -0.2888 -0.1666 0.2614 0.0178 -0.3906 -0.3231 -0.2233 0.2012 0.1192 -0.3597 -0.3555 -0.2672 -0.1141 0.2116 -0.1038 -0.3759
-0.1003 0.2143 -0.1165 -0.2675 -0.3555 -0.3604 0.1180 0.2076 -0.2220 -0.3221 -0.3903 0.0130 0.2588 -0.1642 -0.2875 -0.3715 -0.2584 0.1715 -0.0359 -0.2520 -0.3430 -0.3844 0.0853 0.2739 -0.2033 -0.3101 -0.3853 -0.0562 0.2290 -0.1368 -0.2755 -0.3625 -0.3285 0.1416 0.0934 -0.2368 -0.3321 -0.3910 0.0519 0.2777 -0.1840 -0.2984 -0.3788 -0.1623 0.1985 -0.0978 -0.2632 -0.3524 -0.3709 0.0921 0.2297 0.0921 -0.3709 -0.3524 -0.2632 -0.0978 0.1985 -0.1623 -0.3788 -0.2984 -0.1840 0.2777 0.0519 -0.3910 -0.3321 -0.2368 0.0934 0.1416 -0.3285 -0.3625 -0.2755 -0.1368 0.2290 -0.0562 -0.3853 -0.3101 -0.2033 0.2739 0.0853 -0.3844 -0.3430 -0.2520 -0.0359 0.1715 -0.2584 -0.3715 -0.2875 -0.1642 0.2588 0.0130 -0.3903 -0.3221 -0.2220 0.2076 0.1180 -0.3604 -0.3555 -0.2675 -0.1165 0.2143 -0.1003
0.2160 -0.1202 -0.2684 -0.3560 -0.3597 0.1180 0.2096 -0.2213 -0.3215 -0.3900 0.0087 0.2565 -0.1620 -0.2864 -0.3707 -0.2674 0.1684 -0.0257 -0.2506 -0.3419 -0.3856 0.0819 0.2764 -0.2012 -0.3089 -0.3847 -0.0661 0.2256 -0.1333 -0.2741 -0.3615 -0.3340 0.1384 0.1103 -0.2349 -0.3309 -0.3912 0.0478 0.2762 -0.1818 -0.2971 -0.3780 -0.1748 0.1952 -0.0922 -0.2620 -0.3515 -0.3707 0.1045 0.2708 -0.1380 0.2708 0.1045 -0.3707 -0.3515 -0.2620 -0.0922 0.1952 -0.1748 -0.3780 -0.2971 -0.1818 0.2762 0.0478 -0.3912 -0.3309 -0.2349 0.1103 0.1384 -0.3340 -0.3615 -0.2741 -0.1333 0.2256 -0.0661 -0.3847 -0.3089 -0.2012 0.2764 0.0819 -0.3856 -0.3419 -0.2506 -0.0257 0.1684 -0.2674 -0.3707 -0.2864 -0.1620 0.2565 0.0087 -0.3900 -0.3215 -0.2213 0.2096 0.1180 -0.3597 -0.3560 -0.2684 -0.1202 0.2160
-0.1221 -0.2696 -0.3569 -0.3575 0.1192 0.2076 -0.2213 -0.3213 -0.3899 0.0059 0.2546 -0.1601 -0.2854 -0.3699 -0.2751 0.1656 -0.0152 -0.2493 -0.3407 -0.3867 0.0785 0.2782 -0.1992 -0.3076 -0.3840 -0.0766 0.2223 -0.1296 -0.2728 -0.3604 -0.3392 0.1351 0.1270 -0.2331 -0.3296 -0.3913 0.0435 0.2744 -0.1795 -0.2958 -0.3771 -0.1872 0.1919 -0.0863 -0.2606 -0.3504 -0.3726 0.1051 0.2513 -0.2041 -0.2741 -0.2041 0.2513 0.1051 -0.3726 -0.3504 -0.2606 -0.0863 0.1919 -0.1872 -0.3771 -0.2958 -0.1795 0.2744 0.0435 -0.3913 -0.3296 -0.2331 0.1270 0.1351 -0.3392 -0.3604 -0.2728 -0.1296 0.2223 -0.0766 -0.3840 -0.3076 -0.1992 0.2782 0.0785 -0.3867 -0.3407 -0.2493 -0.0152 0.1656 -0.2751 -0.3699 -0.2854 -0.1601 0.2546 0.0059 -0.3899 -0.3213 -0.2213 0.2076 0.1192 -0.3575 -0.3569 -0.2696 -0.1221
-0.2619 -0.3579 -0.3542 0.1216 0.2012 -0.2220 -0.3215 -0.3899 0.0050 0.2536 -0.1588 -0.2846 -0.3692 -0.2816 0.1631 -0.0050 -0.2482 -0.3396 -0.3876 0.0751 0.2795 -0.1972 -0.3063 -0.3834 -0.0875 0.2189 -0.1258 -0.2715 -0.3594 -0.3440 0.1320 0.1431 -0.2312 -0.3284 -0.3913 0.0391 0.2724 -0.1772 -0.2945 -0.3763 -0.1993 0.1887 -0.0800 -0.2593 -0.3493 -0.3748 0.1028 0.2505 -0.2112 -0.3101 -0.3652 -0.3101 -0.2112 0.2505 0.1028 -0.3748 -0.3493 -0.2593 -0.0800 0.1887 -0.1993 -0.3763 -0.2945 -0.1772 0.2724 0.0391 -0.3913 -0.3284 -0.2312 0.1431 0.1320 -0.3440 -0.3594 -0.2715 -0.1258 0.2189 -0.0875 -0.3834 -0.3063 -0.1972 0.2795 0.0751 -0.3876 -0.3396 -0.2482 -0.0050 0.1631 -0.2816 -0.3692 -0.2846 -0.1588 0.2536 0.0050 -0.3899 -0.3215 -0.2220 0.2012 0.1216 -0.3542 -0.3579 -0.2619
-0.3509 -0.3502 0.1245 0.1909 -0.2233 -0.3221 -0.3900 0.0059 0.2536 -0.1584 -0.2842 -0.3688 -0.2864 0.1610 0.0044 -0.2470 -0.3387 -0.3883 0.0719 0.2802 -0.1952 -0.3051 -0.3827 -0.0988 0.2156 -0.1218 -0.2702 -0.3583 -0.3485 0.1288 0.1585 -0.2293 -0.3272 -0.3913 0.0345 0.2701 -0.1748 -0.2932 -0.3754 -0.2111 0.1855 -0.0731 -0.2579 -0.3481 -0.3770 0.0997 0.2552 -0.2114 -0.3142 -0.3875 -0.3448 -0.3875 -0.3142 -0.2114 0.2552 0.0997 -0.3770 -0.3481 -0.2579 -0.0731 0.1855 -0.2111 -0.3754 -0.2932 -0.1748 0.2701 0.0345 -0.3913 -0.3272 -0.2293 0.1585 0.1288 -0.3485 -0.3583 -0.2702 -0.1218 0.2156 -0.0988 -0.3827 -0.3051 -0.1952 0.2802 0.0719 -0.3883 -0.3387 -0.2470 0.0044 0.1610 -0.2864 -0.3688 -0.2842 -0.1584 0.2536 0.0059 -0.3900 -0.3221 -0.2233 0.1909 0.1245 -0.3502 -0.3509
-0.3449 0.1275 0.1784 -0.2249 -0.3231 -0.3903 0.0087 0.2546 -0.1588 -0.2842 -0.3687 -0.2888 0.1595 0.0118 -0.2460 -0.3378 -0.3889 0.0691 0.2806 -0.1934 -0.3039 -0.3820 -0.1103 0.2123 -0.1177 -0.2688 -0.3572 -0.3527 0.1256 0.1731 -0.2274 -0.3259 -0.3911 0.0298 0.2677 -0.1724 -0.2919 -0.3746 -0.2226 0.1822 -0.0658 -0.2566 -0.3470 -0.3790 0.0965 0.2605 -0.2099 -0.3141 -0.3869 -0.0838 0.1272 -0.0838 -0.3869 -0.3141 -0.2099 0.2605 0.0965 -0.3790 -0.3470 -0.2566 -0.0658 0.1822 -0.2226 -0.3746 -0.2919 -0.1724 0.2677 0.0298 -0.3911 -0.3259 -0.2274 0.1731 0.1256 -0.3527 -0.3572 -0.2688 -0.1177 0.2123 -0.1103 -0.3820 -0.3039 -0.1934 0.2806 0.0691 -0.3889 -0.3378 -0.2460 0.0118 0.1595 -0.2888 -0.3687 -0.2842 -0.1588 0.2546 0.0087 -0.3903 -0.3231 -0.2249 0.1784 0.1275 -0.3449
0.1286 0.1645 -0.2267 -0.3242 -0.3906 0.0130 0.2565 -0.1601 -0.2846 -0.3688 -0.2888 0.1590 0.0160 -0.2452 -0.3372 -0.3893 0.0666 0.2806 -0.1917 -0.3028 -0.3813 -0.1212 0.2092 -0.1135 -0.2675 -0.3561 -0.3566 0.1224 0.1868 -0.2256 -0.3247 -0.3909 0.0248 0.2652 -0.1700 -0.2906 -0.3737 -0.2337 0.1790 -0.0578 -0.2552 -0.3458 -0.3808 0.0933 0.2653 -0.2080 -0.3131 -0.3867 -0.0471 0.2142 0.1769 0.2142 -0.0471 -0.3867 -0.3131 -0.2080 0.2653 0.0933 -0.3808 -0.3458 -0.2552 -0.0578 0.1790 -0.2337 -0.3737 -0.2906 -0.1700 0.2652 0.0248 -0.3909 -0.3247 -0.2256 0.1868 0.1224 -0.3566 -0.3561 -0.2675 -0.1135 0.2092 -0.1212 -0.3813 -0.3028 -0.1917 0.2806 0.0666 -0.3893 -0.3372 -0.2452 0.0160 0.1590 -0.2888 -0.3688 -0.2846 -0.1601 0.2565 0.0130 -0.3906 -0.3242 -0.2267 0.1645 0.1286
0.1467 -0.2286 -0.3254 -0.3908 0.0178 0.2588 -0.1620 -0.2854 -0.3692 -0.2864 0.1595 0.0160 -0.2449 -0.3368 -0.3895 0.0648 0.2805 -0.1903 -0.3019 -0.3808 -0.1311 0.2064 -0.1095 -0.2663 -0.3551 -0.3601 0.1193 0.1994 -0.2237 -0.3234 -0.3907 0.0196 0.2624 -0.1675 -0.2893 -0.3728 -0.2443 0.1759 -0.0492 -0.2539 -0.3447 -0.3824 0.0900 0.2694 -0.2060 -0.3119 -0.3862 -0.0461 0.2289 -0.1184 -0.2273 -0.1184 0.2289 -0.0461 -0.3862 -0.3119 -0.2060 0.2694 0.0900 -0.3824 -0.3447 -0.2539 -0.0492 0.1759 -0.2443 -0.3728 -0.2893 -0.1675 0.2624 0.0196 -0.3907 -0.3234 -0.2237 0.1994 0.1193 -0.3601 -0.3551 -0.2663 -0.1095 0.2064 -0.1311 -0.3808 -0.3019 -0.1903 0.2805 0.0648 -0.3895 -0.3368 -0.2449 0.0160 0.1595 -0.2864 -0.3692 -0.2854 -0.1620 0.2588 0.0178 -0.3908 -0.3254 -0.2286 0.1467
-0.2226 -0.3267 -0.3911 0.0228 0.2614 -0.1642 -0.2864 -0.3699 -0.2816 0.1610 0.0118 -0.2452 -0.3368 -0.3896 0.0638 0.2803 -0.1893 -0.3011 -0.3803 -0.1398 0.2039 -0.1057 -0.2653 -0.3542 -0.3632 0.1163 0.2106 -0.2218 -0.3222 -0.3903 0.0142 0.2596 -0.1650 -0.2880 -0.3719 -0.2545 0.1727 -0.0399 -0.2525 -0.3435 -0.3838 0.0866 0.2728 -0.2041 -0.3106 -0.3856 -0.0529 0.2293 -0.1332 -0.2679 -0.3255 -0.2679 -0.1332 0.2293 -0.0529 -0.3856 -0.3106 -0.2041 0.2728 0.0866 -0.3838 -0.3435 -0.2525 -0.0399 0.1727 -0.2545 -0.3719 -0.2880 -0.1650 0.2596 0.0142 -0.3903 -0.3222 -0.2218 0.2106 0.1163 -0.3632 -0.3542 -0.2653 -0.1057 0.2039 -0.1398 -0.3803 -0.3011 -0.1893 0.2803 0.0638 -0.3896 -0.3368 -0.2452 0.0118 0.1610 -0.2816 -0.3699 -0.2864 -0.1642 0.2614 0.0228 -0.3911 -0.3267 -0.2226
-0.3194 -0.3912 0.0278 0.2641 -0.1666 -0.2875 -0.3707 -0.2751 0.1631 0.0044 -0.2460 -0.3372 -0.3895 0.0638 0.2802 -0.1887 -0.3007 -0.3799 -0.1466 0.2019 -0.1023 -0.2643 -0.3533 -0.3657 0.1136 0.2202 -0.2201 -0.3210 -0.3900 0.0085 0.2566 -0.1623 -0.2867 -0.3709 -0.2642 0.1696 -0.0297 -0.2512 -0.3423 -0.3851 0.0833 0.2755 -0.2021 -0.3094 -0.3850 -0.0622 0.2268 -0.1336 -0.2728 -0.3579 -0.3969 -0.3579 -0.2728 -0.1336 0.2268 -0.0622 -0.3850 -0.3094 -0.2021 0.2755 0.0833 -0.3851 -0.3423 -0.2512 -0.0297 0.1696 -0.2642 -0.3709 -0.2867 -0.1623 0.2566 0.0085 -0.3900 -0.3210 -0.2201 0.2202 0.1136 -0.3657 -0.3533 -0.2643 -0.1023 0.2019 -0.1466 -0.3799 -0.3007 -0.1887 0.2802 0.0638 -0.3895 -0.3372 -0.2460 0.0044 0.1631 -0.2751 -0.3707 -0.2875 -0.1666 0.2641 0.0278 -0.3912 -0.3194
-0.3854 0.0327 0.2667 -0.1690 -0.2888 -0.3715 -0.2674 0.1656 -0.0050 -0.2470 -0.3378 -0.3893 0.0648 0.2803 -0.1887 -0.3005 -0.3797 -0.1510 0.2004 -0.0996 -0.2635 -0.3526 -0.3678 0.1113 0.2281 -0.2185 -0.3199 -0.3896 0.0028 0.2537 -0.1597 -0.2854 -0.3700 -0.2734 0.1664 -0.0187 -0.2498 -0.3412 -0.3863 0.0799 0.2776 -0.2000 -0.3081 -0.3843 -0.0723 0.2236 -0.1309 -0.2729 -0.3599 -0.3621 0.0111 -0.3621 -0.3599 -0.2729 -0.1309 0.2236 -0.0723 -0.3843 -0.3081 -0.2000 0.2776 0.0799 -0.3863 -0.3412 -0.2498 -0.0187 0.1664 -0.2734 -0.3700 -0.2854 -0.1597 0.2537 0.0028 -0.3896 -0.3199 -0.2185 0.2281 0.1113 -0.3678 -0.3526 -0.2635 -0.0996 0.2004 -0.1510 -0.3797 -0.3005 -0.1887 0.2803 0.0648 -0.3893 -0.3378 -0.2470 -0.0050 0.1656 -0.2674 -0.3715 -0.2888 -0.1690 0.2667 0.0327 -0.3854
0.0338 0.2692 -0.1715 -0.2901 -0.3724 -0.2584 0.1684 -0.0152 -0.2482 -0.3387 -0.3889 0.0666 0.2805 -0.1893 -0.3007 -0.3797 -0.1526 0.1996 -0.0978 -0.2629 -0.3520 -0.3695 0.1092 0.2344 -0.2170 -0.3189 -0.3892 -0.0026 0.2508 -0.1571 -0.2841 -0.3690 -0.2821 0.1633 -0.0067 -0.2484 -0.3400 -0.3873 0.0764 0.2791 -0.1980 -0.3068 -0.3836 -0.0831 0.2203 -0.1273 -0.2720 -0.3596 -0.3485 0.1127 0.2511 0.1127 -0.3485 -0.3596 -0.2720 -0.1273 0.2203 -0.0831 -0.3836 -0.3068 -0.1980 0.2791 0.0764 -0.3873 -0.3400 -0.2484 -0.0067 0.1633 -0.2821 -0.3690 -0.2841 -0.1571 0.2508 -0.0026 -0.3892 -0.3189 -0.2170 0.2344 0.1092 -0.3695 -0.3520 -0.2629 -0.0978 0.1996 -0.1526 -0.3797 -0.3007 -0.1893 0.2805 0.0666 -0.3889 -0.3387 -0.2482 -0.0152 0.1684 -0.2584 -0.3724 -0.2901 -0.1715 0.2692 0.0338
0.2695 -0.1739 -0.2914 -0.3733 -0.2484 0.1715 -0.0257 -0.2493 -0.3396 -0.3883 0.0691 0.2806 -0.1903 -0.3011 -0.3799 -0.1510 0.1996 -0.0971 -0.2626 -0.3516 -0.3705 0.1076 0.2392 -0.2158 -0.3180 -0.3888 -0.0077 0.2483 -0.1547 -0.2829 -0.3681 -0.2902 0.1600 0.0063 -0.2470 -0.3388 -0.3882 0.0729 0.2800 -0.1959 -0.3055 -0.3829 -0.0943 0.2169 -0.1234 -0.2707 -0.3587 -0.3481 0.1251 0.2305 -0.1592 0.2305 0.1251 -0.3481 -0.3587 -0.2707 -0.1234 0.2169 -0.0943 -0.3829 -0.3055 -0.1959 0.2800 0.0729 -0.3882 -0.3388 -0.2470 0.0063 0.1600 -0.2902 -0.3681 -0.2829 -0.1547 0.2483 -0.0077 -0.3888 -0.3180 -0.2158 0.2392 0.1076 -0.3705 -0.3516 -0.2626 -0.0971 0.1996 -0.1510 -0.3799 -0.3011 -0.1903 0.2806 0.0691 -0.3883 -0.3396 -0.2493 -0.0257 0.1715 -0.2484 -0.3733 -0.2914 -0.1739 0.2695
-0.1723 -0.2927 -0.3742 -0.2380 0.1746 -0.0359 -0.2506 -0.3407 -0.3876 0.0719 0.2806 -0.1917 -0.3019 -0.3803 -0.1466 0.2004 -0.0978 -0.2626 -0.3515 -0.3711 0.1067 0.2424 -0.2148 -0.3173 -0.3885 -0.0125 0.2460 -0.1525 -0.2819 -0.3673 -0.2973 0.1569 0.0194 -0.2453 -0.3376 -0.3889 0.0693 0.2805 -0.1938 -0.3042 -0.3822 -0.1059 0.2136 -0.1194 -0.2694 -0.3577 -0.3513 0.1258 0.1873 -0.2170 -0.2830 -0.2170 0.1873 0.1258 -0.3513 -0.3577 -0.2694 -0.1194 0.2136 -0.1059 -0.3822 -0.3042 -0.1938 0.2805 0.0693 -0.3889 -0.3376 -0.2453 0.0194 0.1569 -0.2973 -0.3673 -0.2819 -0.1525 0.2460 -0.0125 -0.3885 -0.3173 -0.2148 0.2424 0.1067 -0.3711 -0.3515 -0.2626 -0.0978 0.2004 -0.1466 -0.3803 -0.3019 -0.1917 0.2806 0.0719 -0.3876 -0.3407 -0.2506 -0.0359 0.1746 -0.2380 -0.3742 -0.2927 -0.1723
-0.2852 -0.3751 -0.2271 0.1778 -0.0456 -0.2520 -0.3419 -0.3867 0.0751 0.2802 -0.1934 -0.3028 -0.3808 -0.1398 0.2019 -0.0996 -0.2629 -0.3516 -0.3711 0.1063 0.2439 -0.2143 -0.3168 -0.3882 -0.0166 0.2439 -0.1506 -0.2810 -0.3666 -0.3033 0.1541 0.0324 -0.2436 -0.3364 -0.3896 0.0656 0.2806 -0.1917 -0.3030 -0.3815 -0.1180 0.2102 -0.1151 -0.2680 -0.3566 -0.3551 0.1235 0.1856 -0.2238 -0.3186 -0.3726 -0.3186 -0.2238 0.1856 0.1235 -0.3551 -0.3566 -0.2680 -0.1151 0.2102 -0.1180 -0.3815 -0.3030 -0.1917 0.2806 0.0656 -0.3896 -0.3364 -0.2436 0.0324 0.1541 -0.3033 -0.3666 -0.2810 -0.1506 0.2439 -0.0166 -0.3882 -0.3168 -0.2143 0.2439 0.1063 -0.3711 -0.3516 -0.2629 -0.0996 0.2019 -0.1398 -0.3808 -0.3028 -0.1934 0.2802 0.0751 -0.3867 -0.3419 -0.2520 -0.0456 0.1778 -0.2271 -0.3751 -0.2852
-0.3685 -0.2158 0.1810 -0.0545 -0.2533 -0.3430 -0.3856 0.0785 0.2795 -0.1952 -0.3039 -0.3813 -0.1311 0.2039 -0.1023 -0.2635 -0.3520 -0.3705 0.1067 0.2439 -0.2141 -0.3166 -0.3881 -0.0196 0.2423 -0.1488 -0.2801 -0.3659 -0.3083 0.1516 0.0448 -0.2421 -0.3354 -0.3901 0.0621 0.2802 -0.1896 -0.3017 -0.3807 -0.1303 0.2069 -0.1105 -0.2667 -0.3555 -0.3588 0.1205 0.1952 -0.2239 -0.3225 -0.3910 -0.3043 -0.3910 -0.3225 -0.2239 0.1952 0.1205 -0.3588 -0.3555 -0.2667 -0.1105 0.2069 -0.1303 -0.3807 -0.3017 -0.1896 0.2802 0.0621 -0.3901 -0.3354 -0.2421 0.0448 0.1516 -0.3083 -0.3659 -0.2801 -0.1488 0.2423 -0.0196 -0.3881 -0.3166 -0.2141 0.2439 0.1067 -0.3705 -0.3520 -0.2635 -0.1023 0.2039 -0.1311 -0.3813 -0.3039 -0.1952 0.2795 0.0785 -0.3856 -0.3430 -0.2533 -0.0545 0.1810 -0.2158 -0.3685
-0.2103 0.1842 -0.0627 -0.2547 -0.3442 -0.3844 0.0819 0.2782 -0.1972 -0.3051 -0.3820 -0.1212 0.2064 -0.1057 -0.2643 -0.3526 -0.3695 0.1076 0.2424 -0.2143 -0.3166 -0.3880 -0.0211 0.2413 -0.1476 -0.2795 -0.3654 -0.3124 0.1494 0.0561 -0.2407 -0.3345 -0.3904 0.0589 0.2796 -0.1876 -0.3004 -0.3800 -0.1427 0.2036 -0.1058 -0.2654 -0.3544 -0.3622 0.1174 0.2066 -0.2225 -0.3224 -0.3900 -0.0230 0.1473 -0.0230 -0.3900 -0.3224 -0.2225 0.2066 0.1174 -0.3622 -0.3544 -0.2654 -0.1058 0.2036 -0.1427 -0.3800 -0.3004 -0.1876 0.2796 0.0589 -0.3904 -0.3345 -0.2407 0.0561 0.1494 -0.3124 -0.3654 -0.2795 -0.1476 0.2413 -0.0211 -0.3880 -0.3166 -0.2143 0.2424 0.1076 -0.3695 -0.3526 -0.2643 -0.1057 0.2064 -0.1212 -0.3820 -0.3051 -0.1972 0.2782 0.0819 -0.3844 -0.3442 -0.2547 -0.0627 0.1842 -0.2103
0.1857 -0.0703 -0.2561 -0.3454 -0.3830 0.0853 0.2764 -0.1992 -0.3063 -0.3827 -0.1103 0.2092 -0.1095 -0.2653 -0.3533 -0.3678 0.1092 0.2392 -0.2148 -0.3168 -0.3881 -0.0211 0.2409 -0.1470 -0.2791 -0.3650 -0.3156 0.1476 0.0659 -0.2395 -0.3336 -0.3907 0.0559 0.2788 -0.1857 -0.2993 -0.3792 -0.1549 0.2004 -0.1007 -0.2640 -0.3533 -0.3654 0.1142 0.2175 -0.2206 -0.3214 -0.3900 0.0022 0.2370 0.0720 0.2370 0.0022 -0.3900 -0.3214 -0.2206 0.2175 0.1142 -0.3654 -0.3533 -0.2640 -0.1007 0.2004 -0.1549 -0.3792 -0.2993 -0.1857 0.2788 0.0559 -0.3907 -0.3336 -0.2395 0.0659 0.1476 -0.3156 -0.3650 -0.2791 -0.1470 0.2409 -0.0211 -0.3881 -0.3168 -0.2148 0.2392 0.1092 -0.3678 -0.3533 -0.2653 -0.1095 0.2092 -0.1103 -0.3827 -0.3063 -0.1992 0.2764 0.0853 -0.3830 -0.3454 -0.2561 -0.0703 0.1857
-0.0761 -0.2574 -0.3465 -0.3814 0.0886 0.2739 -0.2012 -0.3076 -0.3834 -0.0988 0.2123 -0.1135 -0.2663 -0.3542 -0.3657 0.1113 0.2344 -0.2158 -0.3173 -0.3882 -0.0196 0.2413 -0.1470 -0.2790 -0.3648 -0.3175 0.1463 0.0739 -0.2385 -0.3329 -0.3909 0.0532 0.2779 -0.1840 -0.2982 -0.3786 -0.1663 0.1973 -0.0957 -0.2627 -0.3522 -0.3684 0.1111 0.2274 -0.2188 -0.3202 -0.3897 0.0030 0.2504 -0.1426 -0.2382 -0.1426 0.2504 0.0030 -0.3897 -0.3202 -0.2188 0.2274 0.1111 -0.3684 -0.3522 -0.2627 -0.0957 0.1973 -0.1663 -0.3786 -0.2982 -0.1840 0.2779 0.0532 -0.3909 -0.3329 -0.2385 0.0739 0.1463 -0.3175 -0.3648 -0.2790 -0.1470 0.2413 -0.0196 -0.3882 -0.3173 -0.2158 0.2344 0.1113 -0.3657 -0.3542 -0.2663 -0.1135 0.2123 -0.0988 -0.3834 -0.3076 -0.2012 0.2739 0.0886 -0.3814 -0.3465 -0.2574 -0.0761
-0.2495 -0.3477 -0.3797 0.0919 0.2709 -0.2033 -0.3089 -0.3840 -0.0875 0.2156 -0.1177 -0.2675 -0.3551 -0.3632 0.1136 0.2281 -0.2170 -0.3180 -0.3885 -0.0166 0.2423 -0.1476 -0.2791 -0.3648 -0.3182 0.1457 0.0789 -0.2377 -0.3323 -0.3910 0.0508 0.2771 -0.1826 -0.2973 -0.3780 -0.1763 0.1946 -0.0907 -0.2615 -0.3511 -0.3710 0.1079 0.2364 -0.2168 -0.3189 -0.3892 -0.0017 0.2507 -0.1541 -0.2767 -0.3340 -0.2767 -0.1541 0.2507 -0.0017 -0.3892 -0.3189 -0.2168 0.2364 0.1079 -0.3710 -0.3511 -0.2615 -0.0907 0.1946 -0.1763 -0.3780 -0.2973 -0.1826 0.2771 0.0508 -0.3910 -0.3323 -0.2377 0.0789 0.1457 -0.3182 -0.3648 -0.2791 -0.1476 0.2423 -0.0166 -0.3885 -0.3180 -0.2170 0.2281 0.1136 -0.3632 -0.3551 -0.2675 -0.1177 0.2156 -0.0875 -0.3840 -0.3089 -0.2033 0.2709 0.0919 -0.3797 -0.3477 -0.2495
-0.3406 -0.3778 0.0952 0.2671 -0.2053 -0.3101 -0.3847 -0.0766 0.2189 -0.1218 -0.2688 -0.3561 -0.3601 0.1163 0.2202 -0.2185 -0.3189 -0.3888 -0.0125 0.2439 -0.1488 -0.2795 -0.3650 -0.3175 0.1457 0.0806 -0.2374 -0.3320 -0.3911 0.0489 0.2762 -0.1813 -0.2965 -0.3774 -0.1849 0.1921 -0.0859 -0.2604 -0.3501 -0.3733 0.1049 0.2442 -0.2149 -0.3177 -0.3887 -0.0080 0.2484 -0.1544 -0.2815 -0.3652 -0.3971 -0.3652 -0.2815 -0.1544 0.2484 -0.0080 -0.3887 -0.3177 -0.2149 0.2442 0.1049 -0.3733 -0.3501 -0.2604 -0.0859 0.1921 -0.1849 -0.3774 -0.2965 -0.1813 0.2762 0.0489 -0.3911 -0.3320 -0.2374 0.0806 0.1457 -0.3175 -0.3650 -0.2795 -0.1488 0.2439 -0.0125 -0.3888 -0.3189 -0.2185 0.2202 0.1163 -0.3601 -0.3561 -0.2688 -0.1218 0.2189 -0.0766 -0.3847 -0.3101 -0.2053 0.2671 0.0952 -0.3778 -0.3406
-0.3724 0.0985 0.2625 -0.2072 -0.3114 -0.3853 -0.0661 0.2223 -0.1258 -0.2702 -0.3572 -0.3566 0.1193 0.2106 -0.2201 -0.3199 -0.3892 -0.0077 0.2460 -0.1506 -0.2801 -0.3654 -0.3156 0.1463 0.0789 -0.2374 -0.3318 -0.3911 0.0476 0.2755 -0.1802 -0.2959 -0.3770 -0.1923 0.1900 -0.0815 -0.2594 -0.3493 -0.3751 0.1022 0.2505 -0.2131 -0.3165 -0.3882 -0.0149 0.2453 -0.1522 -0.2816 -0.3667 -0.3343 0.0431 -0.3343 -0.3667 -0.2816 -0.1522 0.2453 -0.0149 -0.3882 -0.3165 -0.2131 0.2505 0.1022 -0.3751 -0.3493 -0.2594 -0.0815 0.1900 -0.1923 -0.3770 -0.2959 -0.1802 0.2755 0.0476 -0.3911 -0.3318 -0.2374 0.0789 0.1463 -0.3156 -0.3654 -0.2801 -0.1506 0.2460 -0.0077 -0.3892 -0.3199 -0.2201 0.2106 0.1193 -0.3566 -0.3572 -0.2702 -0.1258 0.2223 -0.0661 -0.3853 -0.3114 -0.2072 0.2625 0.0985 -0.3724
0.0993 0.2572 -0.2092 -0.3127 -0.3860 -0.0562 0.2256 -0.1296 -0.2715 -0.3583 -0.3527 0.1224 0.1994 -0.2218 -0.3210 -0.3896 -0.0026 0.2483 -0.1525 -0.2810 -0.3659 -0.3124 0.1476 0.0739 -0.2377 -0.3320 -0.3911 0.0472 0.2752 -0.1795 -0.2954 -0.3766 -0.1983 0.1882 -0.0775 -0.2586 -0.3485 -0.3767 0.0998 0.2556 -0.2115 -0.3153 -0.3877 -0.0221 0.2421 -0.1494 -0.2806 -0.3663 -0.3127 0.1329 0.2692 0.1329 -0.3127 -0.3663 -0.2806 -0.1494 0.2421 -0.0221 -0.3877 -0.3153 -0.2115 0.2556 0.0998 -0.3767 -0.3485 -0.2586 -0.0775 0.1882 -0.1983 -0.3766 -0.2954 -0.1795 0.2752 0.0472 -0.3911 -0.3320 -0.2377 0.0739 0.1476 -0.3124 -0.3659 -0.2810 -0.1525 0.2483 -0.0026 -0.3896 -0.3210 -0.2218 0.1994 0.1224 -0.3527 -0.3583 -0.2715 -0.1296 0.2256 -0.0562 -0.3860 -0.3127 -0.2092 0.2572 0.0993
0.2481 -0.2111 -0.3140 -0.3866 -0.0469 0.2290 -0.1333 -0.2728 -0.3594 -0.3485 0.1256 0.1868 -0.2237 -0.3222 -0.3900 0.0028 0.2508 -0.1547 -0.2819 -0.3666 -0.3083 0.1494 0.0659 -0.2385 -0.3323 -0.3911 0.0476 0.2752 -0.1793 -0.2951 -0.3763 -0.2028 0.1868 -0.0741 -0.2578 -0.3478 -0.3780 0.0976 0.2596 -0.2100 -0.3143 -0.3872 -0.0291 0.2390 -0.1465 -0.2794 -0.3655 -0.3120 0.1460 0.1487 -0.1770 0.1487 0.1460 -0.3120 -0.3655 -0.2794 -0.1465 0.2390 -0.0291 -0.3872 -0.3143 -0.2100 0.2596 0.0976 -0.3780 -0.3478 -0.2578 -0.0741 0.1868 -0.2028 -0.3763 -0.2951 -0.1793 0.2752 0.0476 -0.3911 -0.3323 -0.2385 0.0659 0.1494 -0.3083 -0.3666 -0.2819 -0.1547 0.2508 0.0028 -0.3900 -0.3222 -0.2237 0.1868 0.1256 -0.3485 -0.3594 -0.2728 -0.1333 0.2290 -0.0469 -0.3866 -0.3140 -0.2111 0.2481
-0.2068 -0.3152 -0.3871 -0.0380 0.2323 -0.1368 -0.2741 -0.3604 -0.3440 0.1288 0.1731 -0.2256 -0.3234 -0.3903 0.0085 0.2537 -0.1571 -0.2829 -0.3673 -0.3033 0.1516 0.0561 -0.2395 -0.3329 -0.3910 0.0489 0.2755 -0.1795 -0.2951 -0.3762 -0.2052 0.1858 -0.0714 -0.2572 -0.3472 -0.3790 0.0957 0.2628 -0.2087 -0.3134 -0.3868 -0.0357 0.2362 -0.1437 -0.2782 -0.3646 -0.3168 0.1468 0.0847 -0.2296 -0.2919 -0.2296 0.0847 0.1468 -0.3168 -0.3646 -0.2782 -0.1437 0.2362 -0.0357 -0.3868 -0.3134 -0.2087 0.2628 0.0957 -0.3790 -0.3472 -0.2572 -0.0714 0.1858 -0.2052 -0.3762 -0.2951 -0.1795 0.2755 0.0489 -0.3910 -0.3329 -0.2395 0.0561 0.1516 -0.3033 -0.3673 -0.2829 -0.1571 0.2537 0.0085 -0.3903 -0.3234 -0.2256 0.1731 0.1288 -0.3440 -0.3604 -0.2741 -0.1368 0.2323 -0.0380 -0.3871 -0.3152 -0.2068
-0.3079 -0.3877 -0.0297 0.2356 -0.1401 -0.2755 -0.3615 -0.3392 0.1320 0.1585 -0.2274 -0.3247 -0.3907 0.0142 0.2566 -0.1597 -0.2841 -0.3681 -0.2973 0.1541 0.0448 -0.2407 -0.3336 -0.3909 0.0508 0.2762 -0.1802 -0.2954 -0.3763 -0.2052 0.1855 -0.0700 -0.2568 -0.3468 -0.3799 0.0940 0.2653 -0.2076 -0.3126 -0.3864 -0.0417 0.2337 -0.1411 -0.2771 -0.3637 -0.3222 0.1446 0.0822 -0.2361 -0.3271 -0.3794 -0.3271 -0.2361 0.0822 0.1446 -0.3222 -0.3637 -0.2771 -0.1411 0.2337 -0.0417 -0.3864 -0.3126 -0.2076 0.2653 0.0940 -0.3799 -0.3468 -0.2568 -0.0700 0.1855 -0.2052 -0.3763 -0.2954 -0.1802 0.2762 0.0508 -0.3909 -0.3336 -0.2407 0.0448 0.1541 -0.2973 -0.3681 -0.2841 -0.1597 0.2566 0.0142 -0.3907 -0.3247 -0.2274 0.1585 0.1320 -0.3392 -0.3615 -0.2755 -0.1401 0.2356 -0.0297 -0.3877 -0.3079
-0.3816 -0.0219 0.2389 -0.1434 -0.2768 -0.3625 -0.3340 0.1351 0.1431 -0.2293 -0.3259 -0.3909 0.0196 0.2596 -0.1623 -0.2854 -0.3690 -0.2902 0.1569 0.0324 -0.2421 -0.3345 -0.3907 0.0532 0.2771 -0.1813 -0.2959 -0.3766 -0.2028 0.1858 -0.0700 -0.2567 -0.3465 -0.3804 0.0928 0.2672 -0.2066 -0.3120 -0.3861 -0.0471 0.2315 -0.1388 -0.2761 -0.3629 -0.3270 0.1421 0.0931 -0.2363 -0.3307 -0.3928 -0.2447 -0.3928 -0.3307 -0.2363 0.0931 0.1421 -0.3270 -0.3629 -0.2761 -0.1388 0.2315 -0.0471 -0.3861 -0.3120 -0.2066 0.2672 0.0928 -0.3804 -0.3465 -0.2567 -0.0700 0.1858 -0.2028 -0.3766 -0.2959 -0.1813 0.2771 0.0532 -0.3907 -0.3345 -0.2421 0.0324 0.1569 -0.2902 -0.3690 -0.2854 -0.1623 0.2596 0.0196 -0.3909 -0.3259 -0.2293 0.1431 0.1351 -0.3340 -0.3625 -0.2768 -0.1434 0.2389 -0.0219 -0.3816
-0.0197 0.2422 -0.1465 -0.2781 -0.3635 -0.3285 0.1384 0.1270 -0.2312 -0.3272 -0.3911 0.0248 0.2624 -0.1650 -0.2867 -0.3700 -0.2821 0.1600 0.0194 -0.2436 -0.3354 -0.3904 0.0559 0.2779 -0.1826 -0.2965 -0.3770 -0.1983 0.1868 -0.0714 -0.2568 -0.3465 -0.3806 0.0921 0.2684 -0.2059 -0.3114 -0.3858 -0.0517 0.2297 -0.1367 -0.2752 -0.3621 -0.3313 0.1396 0.1058 -0.2351 -0.3307 -0.3913 0.0191 0.1685 0.0191 -0.3913 -0.3307 -0.2351 0.1058 0.1396 -0.3313 -0.3621 -0.2752 -0.1367 0.2297 -0.0517 -0.3858 -0.3114 -0.2059 0.2684 0.0921 -0.3806 -0.3465 -0.2568 -0.0714 0.1868 -0.1983 -0.3770 -0.2965 -0.1826 0.2779 0.0559 -0.3904 -0.3354 -0.2436 0.0194 0.1600 -0.2821 -0.3700 -0.2867 -0.1650 0.2624 0.0248 -0.3911 -0.3272 -0.2312 0.1270 0.1384 -0.3285 -0.3635 -0.2781 -0.1465 0.2422 -0.0197
0.2439 -0.1496 -0.2794 -0.3646 -0.3226 0.1416 0.1103 -0.2331 -0.3284 -0.3913 0.0298 0.2652 -0.1675 -0.2880 -0.3709 -0.2734 0.1633 0.0063 -0.2453 -0.3364 -0.3901 0.0589 0.2788 -0.1840 -0.2973 -0.3774 -0.1923 0.1882 -0.0741 -0.2572 -0.3468 -0.3804 0.0921 0.2688 -0.2055 -0.3110 -0.3856 -0.0557 0.2282 -0.1350 -0.2745 -0.3615 -0.3348 0.1373 0.1178 -0.2338 -0.3299 -0.3913 0.0376 0.2593 -0.0237 0.2593 0.0376 -0.3913 -0.3299 -0.2338 0.1178 0.1373 -0.3348 -0.3615 -0.2745 -0.1350 0.2282 -0.0557 -0.3856 -0.3110 -0.2055 0.2688 0.0921 -0.3804 -0.3468 -0.2572 -0.0741 0.1882 -0.1923 -0.3774 -0.2973 -0.1840 0.2788 0.0589 -0.3901 -0.3364 -0.2453 0.0063 0.1633 -0.2734 -0.3709 -0.2880 -0.1675 0.2652 0.0298 -0.3913 -0.3284 -0.2331 0.1103 0.1416 -0.3226 -0.3646 -0.2794 -0.1496 0.2439
-0.1495 -0.2807 -0.3656 -0.3163 0.1448 0.0934 -0.2349 -0.3296 -0.3913 0.0345 0.2677 -0.1700 -0.2893 -0.3719 -0.2642 0.1664 -0.0067 -0.2470 -0.3376 -0.3896 0.0621 0.2796 -0.1857 -0.2982 -0.3780 -0.1849 0.1900 -0.0775 -0.2578 -0.3472 -0.3799 0.0928 0.2684 -0.2055 -0.3109 -0.3854 -0.0586 0.2270 -0.1336 -0.2739 -0.3610 -0.3377 0.1354 0.1285 -0.2326 -0.3291 -0.3913 0.0389 0.2696 -0.1624 -0.2488 -0.1624 0.2696 0.0389 -0.3913 -0.3291 -0.2326 0.1285 0.1354 -0.3377 -0.3610 -0.2739 -0.1336 0.2270 -0.0586 -0.3854 -0.3109 -0.2055 0.2684 0.0928 -0.3799 -0.3472 -0.2578 -0.0775 0.1900 -0.1849 -0.3780 -0.2982 -0.1857 0.2796 0.0621 -0.3896 -0.3376 -0.2470 -0.0067 0.1664 -0.2642 -0.3719 -0.2893 -0.1700 0.2677 0.0345 -0.3913 -0.3296 -0.2349 0.0934 0.1448 -0.3163 -0.3656 -0.2807 -0.1495
-0.2731 -0.3666 -0.3096 0.1481 0.0765 -0.2368 -0.3309 -0.3913 0.0391 0.2701 -0.1724 -0.2906 -0.3728 -0.2545 0.1696 -0.0187 -0.2484 -0.3388 -0.3889 0.0656 0.2802 -0.1876 -0.2993 -0.3786 -0.1763 0.1921 -0.0815 -0.2586 -0.3478 -0.3790 0.0940 0.2672 -0.2059 -0.3110 -0.3854 -0.0595 0.2263 -0.1326 -0.2734 -0.3606 -0.3399 0.1338 0.1374 -0.2314 -0.3283 -0.3913 0.0369 0.2704 -0.1722 -0.2858 -0.3428 -0.2858 -0.1722 0.2704 0.0369 -0.3913 -0.3283 -0.2314 0.1374 0.1338 -0.3399 -0.3606 -0.2734 -0.1326 0.2263 -0.0595 -0.3854 -0.3110 -0.2059 0.2672 0.0940 -0.3790 -0.3478 -0.2586 -0.0815 0.1921 -0.1763 -0.3786 -0.2993 -0.1876 0.2802 0.0656 -0.3889 -0.3388 -0.2484 -0.0187 0.1696 -0.2545 -0.3728 -0.2906 -0.1724 0.2701 0.0391 -0.3913 -0.3309 -0.2368 0.0765 0.1481 -0.3096 -0.3666 -0.2731
-0.3597 -0.3024 0.1514 0.0599 -0.2387 -0.3321 -0.3912 0.0435 0.2724 -0.1748 -0.2919 -0.3737 -0.2443 0.1727 -0.0297 -0.2498 -0.3400 -0.3882 0.0693 0.2806 -0.1896 -0.3004 -0.3792 -0.1663 0.1946 -0.0859 -0.2594 -0.3485 -0.3780 0.0957 0.2653 -0.2066 -0.3114 -0.3856 -0.0586 0.2263 -0.1322 -0.2732 -0.3603 -0.3416 0.1325 0.1445 -0.2305 -0.3277 -0.3913 0.0344 0.2695 -0.1731 -0.2907 -0.3724 -0.3931 -0.3724 -0.2907 -0.1731 0.2695 0.0344 -0.3913 -0.3277 -0.2305 0.1445 0.1325 -0.3416 -0.3603 -0.2732 -0.1322 0.2263 -0.0586 -0.3856 -0.3114 -0.2066 0.2653 0.0957 -0.3780 -0.3485 -0.2594 -0.0859 0.1946 -0.1663 -0.3792 -0.3004 -0.1896 0.2806 0.0693 -0.3882 -0.3400 -0.2498 -0.0297 0.1727 -0.2443 -0.3737 -0.2919 -0.1748 0.2724 0.0435 -0.3912 -0.3321 -0.2387 0.0599 0.1514 -0.3024 -0.3597
-0.2970 0.1547 0.0438 -0.2405 -0.3333 -0.3910 0.0478 0.2744 -0.1772 -0.2932 -0.3746 -0.2337 0.1759 -0.0399 -0.2512 -0.3412 -0.3873 0.0729 0.2805 -0.1917 -0.3017 -0.3800 -0.1549 0.1973 -0.0907 -0.2604 -0.3493 -0.3767 0.0976 0.2628 -0.2076 -0.3120 -0.3858 -0.0557 0.2270 -0.1326 -0.2732 -0.3602 -0.3426 0.1317 0.1500 -0.2298 -0.3271 -0.3912 0.0320 0.2682 -0.1723 -0.2912 -0.3735 -0.2864 0.0703 -0.2864 -0.3735 -0.2912 -0.1723 0.2682 0.0320 -0.3912 -0.3271 -0.2298 0.1500 0.1317 -0.3426 -0.3602 -0.2732 -0.1326 0.2270 -0.0557 -0.3858 -0.3120 -0.2076 0.2628 0.0976 -0.3767 -0.3493 -0.2604 -0.0907 0.1973 -0.1549 -0.3800 -0.3017 -0.1917 0.2805 0.0729 -0.3873 -0.3412 -0.2512 -0.0399 0.1759 -0.2337 -0.3746 -0.2932 -0.1772 0.2744 0.0478 -0.3910 -0.3333 -0.2405 0.0438 0.1547 -0.2970
0.1561 0.0284 -0.2424 -0.3345 -0.3907 0.0519 0.2762 -0.1795 -0.2945 -0.3754 -0.2226 0.1790 -0.0492 -0.2525 -0.3423 -0.3863 0.0764 0.2800 -0.1938 -0.3030 -0.3807 -0.1427 0.2004 -0.0957 -0.2615 -0.3501 -0.3751 0.0998 0.2596 -0.2087 -0.3126 -0.3861 -0.0517 0.2282 -0.1336 -0.2734 -0.3603 -0.3426 0.1314 0.1531 -0.2292 -0.3267 -0.3912 0.0298 0.2671 -0.1712 -0.2908 -0.3735 -0.2507 0.1559 0.2792 0.1559 -0.2507 -0.3735 -0.2908 -0.1712 0.2671 0.0298 -0.3912 -0.3267 -0.2292 0.1531 0.1314 -0.3426 -0.3603 -0.2734 -0.1336 0.2282 -0.0517 -0.3861 -0.3126 -0.2087 0.2596 0.0998 -0.3751 -0.3501 -0.2615 -0.0957 0.2004 -0.1427 -0.3807 -0.3030 -0.1938 0.2800 0.0764 -0.3863 -0.3423 -0.2525 -0.0492 0.1790 -0.2226 -0.3754 -0.2945 -0.1795 0.2762 0.0519 -0.3907 -0.3345 -0.2424 0.0284 0.1561
0.0133 -0.2442 -0.3357 -0.3904 0.0559 0.2777 -0.1818 -0.2958 -0.3763 -0.2111 0.1822 -0.0578 -0.2539 -0.3435 -0.3851 0.0799 0.2791 -0.1959 -0.3042 -0.3815 -0.1303 0.2036 -0.1007 -0.2627 -0.3511 -0.3733 0.1022 0.2556 -0.2100 -0.3134 -0.3864 -0.0471 0.2297 -0.1350 -0.2739 -0.3606 -0.3416 0.1317 0.1531 -0.2291 -0.3264 -0.3911 0.0281 0.2660 -0.1701 -0.2903 -0.3732 -0.2453 0.1711 0.0260 -0.1950 0.0260 0.1711 -0.2453 -0.3732 -0.2903 -0.1701 0.2660 0.0281 -0.3911 -0.3264 -0.2291 0.1531 0.1317 -0.3416 -0.3606 -0.2739 -0.1350 0.2297 -0.0471 -0.3864 -0.3134 -0.2100 0.2556 0.1022 -0.3733 -0.3511 -0.2627 -0.1007 0.2036 -0.1303 -0.3815 -0.3042 -0.1959 0.2791 0.0799 -0.3851 -0.3435 -0.2539 -0.0578 0.1822 -0.2111 -0.3763 -0.2958 -0.1818 0.2777 0.0559 -0.3904 -0.3357 -0.2442 0.0133
-0.2366 -0.3369 -0.3899 0.0598 0.2789 -0.1840 -0.2971 -0.3771 -0.1993 0.1855 -0.0658 -0.2552 -0.3447 -0.3838 0.0833 0.2776 -0.1980 -0.3055 -0.3822 -0.1180 0.2069 -0.1058 -0.2640 -0.3522 -0.3710 0.1049 0.2505 -0.2115 -0.3143 -0.3868 -0.0417 0.2315 -0.1367 -0.2745 -0.3610 -0.3399 0.1325 0.1500 -0.2292 -0.3264 -0.3911 0.0271 0.2653 -0.1693 -0.2898 -0.3728 -0.2474 0.1732 -0.0280 -0.2435 -0.3021 -0.2435 -0.0280 0.1732 -0.2474 -0.3728 -0.2898 -0.1693 0.2653 0.0271 -0.3911 -0.3264 -0.2292 0.1500 0.1325 -0.3399 -0.3610 -0.2745 -0.1367 0.2315 -0.0417 -0.3868 -0.3143 -0.2115 0.2505 0.1049 -0.3710 -0.3522 -0.2640 -0.1058 0.2069 -0.1180 -0.3822 -0.3055 -0.1980 0.2776 0.0833 -0.3838 -0.3447 -0.2552 -0.0658 0.1855 -0.1993 -0.3771 -0.2971 -0.1840 0.2789 0.0598 -0.3899 -0.3369 -0.2366
-0.3298 -0.3893 0.0636 0.2799 -0.1862 -0.2984 -0.3780 -0.1872 0.1887 -0.0731 -0.2566 -0.3458 -0.3824 0.0866 0.2755 -0.2000 -0.3068 -0.3829 -0.1059 0.2102 -0.1105 -0.2654 -0.3533 -0.3684 0.1079 0.2442 -0.2131 -0.3153 -0.3872 -0.0357 0.2337 -0.1388 -0.2752 -0.3615 -0.3377 0.1338 0.1445 -0.2298 -0.3267 -0.3911 0.0271 0.2650 -0.1688 -0.2894 -0.3726 -0.2504 0.1728 -0.0344 -0.2499 -0.3372 -0.3866 -0.3372 -0.2499 -0.0344 0.1728 -0.2504 -0.3726 -0.2894 -0.1688 0.2650 0.0271 -0.3911 -0.3267 -0.2298 0.1445 0.1338 -0.3377 -0.3615 -0.2752 -0.1388 0.2337 -0.0357 -0.3872 -0.3153 -0.2131 0.2442 0.1079 -0.3684 -0.3533 -0.2654 -0.1105 0.2102 -0.1059 -0.3829 -0.3068 -0.2000 0.2755 0.0866 -0.3824 -0.3458 -0.2566 -0.0731 0.1887 -0.1872 -0.3780 -0.2984 -0.1862 0.2799 0.0636 -0.3893 -0.3298
-0.3837 0.0673 0.2804 -0.1884 -0.2997 -0.3788 -0.1748 0.1919 -0.0800 -0.2579 -0.3470 -0.3808 0.0900 0.2728 -0.2021 -0.3081 -0.3836 -0.0943 0.2136 -0.1151 -0.2667 -0.3544 -0.3654 0.1111 0.2364 -0.2149 -0.3165 -0.3877 -0.0291 0.2362 -0.1411 -0.2761 -0.3621 -0.3348 0.1354 0.1374 -0.2305 -0.3271 -0.3912 0.0281 0.2653 -0.1688 -0.2893 -0.3724 -0.2529 0.1720 -0.0334 -0.2509 -0.3408 -0.3911 -0.1475 -0.3911 -0.3408 -0.2509 -0.0334 0.1720 -0.2529 -0.3724 -0.2893 -0.1688 0.2653 0.0281 -0.3912 -0.3271 -0.2305 0.1374 0.1354 -0.3348 -0.3621 -0.2761 -0.1411 0.2362 -0.0291 -0.3877 -0.3165 -0.2149 0.2364 0.1111 -0.3654 -0.3544 -0.2667 -0.1151 0.2136 -0.0943 -0.3836 -0.3081 -0.2021 0.2728 0.0900 -0.3808 -0.3470 -0.2579 -0.0800 0.1919 -0.1748 -0.3788 -0.2997 -0.1884 0.2804 0.0673 -0.3837
0.0681 0.2806 -0.1906 -0.3010 -0.3796 -0.1623 0.1952 -0.0863 -0.2593 -0.3481 -0.3790 0.0933 0.2694 -0.2041 -0.3094 -0.3843 -0.0831 0.2169 -0.1194 -0.2680 -0.3555 -0.3622 0.1142 0.2274 -0.2168 -0.3177 -0.3882 -0.0221 0.2390 -0.1437 -0.2771 -0.3629 -0.3313 0.1373 0.1285 -0.2314 -0.3277 -0.3912 0.0298 0.2660 -0.1693 -0.2894 -0.3724 -0.2539 0.1715 -0.0316 -0.2508 -0.3414 -0.3875 0.0570 0.1955 0.0570 -0.3875 -0.3414 -0.2508 -0.0316 0.1715 -0.2539 -0.3724 -0.2894 -0.1693 0.2660 0.0298 -0.3912 -0.3277 -0.2314 0.1285 0.1373 -0.3313 -0.3629 -0.2771 -0.1437 0.2390 -0.0221 -0.3882 -0.3177 -0.2168 0.2274 0.1142 -0.3622 -0.3555 -0.2680 -0.1194 0.2169 -0.0831 -0.3843 -0.3094 -0.2041 0.2694 0.0933 -0.3790 -0.3481 -0.2593 -0.0863 0.1952 -0.1623 -0.3796 -0.3010 -0.1906 0.2806 0.0681
0.2779 -0.1927 -0.3023 -0.3803 -0.1497 0.1985 -0.0922 -0.2606 -0.3493 -0.3770 0.0965 0.2653 -0.2060 -0.3106 -0.3850 -0.0723 0.2203 -0.1234 -0.2694 -0.3566 -0.3588 0.1174 0.2175 -0.2188 -0.3189 -0.3887 -0.0149 0.2421 -0.1465 -0.2782 -0.3637 -0.3270 0.1396 0.1178 -0.2326 -0.3283 -0.3913 0.0320 0.2671 -0.1701 -0.2898 -0.3726 -0.2529 0.1715 -0.0309 -0.2507 -0.3414 -0.3868 0.0730 0.2787 -0.0935 0.2787 0.0730 -0.3868 -0.3414 -0.2507 -0.0309 0.1715 -0.2529 -0.3726 -0.2898 -0.1701 0.2671 0.0320 -0.3913 -0.3283 -0.2326 0.1178 0.1396 -0.3270 -0.3637 -0.2782 -0.1465 0.2421 -0.0149 -0.3887 -0.3189 -0.2188 0.2175 0.1174 -0.3588 -0.3566 -0.2694 -0.1234 0.2203 -0.0723 -0.3850 -0.3106 -0.2060 0.2653 0.0965 -0.3770 -0.3493 -0.2606 -0.0922 0.1985 -0.1497 -0.3803 -0.3023 -0.1927 0.2779
-0.1898 -0.3035 -0.3811 -0.1372 0.2017 -0.0978 -0.2620 -0.3504 -0.3748 0.0997 0.2605 -0.2080 -0.3119 -0.3856 -0.0622 0.2236 -0.1273 -0.2707 -0.3577 -0.3551 0.1205 0.2066 -0.2206 -0.3202 -0.3892 -0.0080 0.2453 -0.1494 -0.2794 -0.3646 -0.3222 0.1421 0.1058 -0.2338 -0.3291 -0.3913 0.0344 0.2682 -0.1712 -0.2903 -0.3728 -0.2504 0.1720 -0.0316 -0.2507 -0.3413 -0.3867 0.0761 0.2805 -0.1843 -0.2611 -0.1843 0.2805 0.0761 -0.3867 -0.3413 -0.2507 -0.0316 0.1720 -0.2504 -0.3728 -0.2903 -0.1712 0.2682 0.0344 -0.3913 -0.3291 -0.2338 0.1058 0.1421 -0.3222 -0.3646 -0.2794 -0.1494 0.2453 -0.0080 -0.3892 -0.3202 -0.2206 0.2066 0.1205 -0.3551 -0.3577 -0.2707 -0.1273 0.2236 -0.0622 -0.3856 -0.3119 -0.2080 0.2605 0.0997 -0.3748 -0.3504 -0.2620 -0.0978 0.2017 -0.1372 -0.3811 -0.3035 -0.1898
-0.2961 -0.3818 -0.1254 0.2049 -0.1027 -0.2632 -0.3515 -0.3726 0.1028 0.2552 -0.2099 -0.3131 -0.3862 -0.0529 0.2268 -0.1309 -0.2720 -0.3587 -0.3513 0.1235 0.1952 -0.2225 -0.3214 -0.3897 -0.0017 0.2484 -0.1522 -0.2806 -0.3655 -0.3168 0.1446 0.0931 -0.2351 -0.3299 -0.3913 0.0369 0.2695 -0.1723 -0.2908 -0.3732 -0.2474 0.1728 -0.0334 -0.2508 -0.3414 -0.3867 0.0765 0.2798 -0.1936 -0.2981 -0.3542 -0.2981 -0.1936 0.2798 0.0765 -0.3867 -0.3414 -0.2508 -0.0334 0.1728 -0.2474 -0.3732 -0.2908 -0.1723 0.2695 0.0369 -0.3913 -0.3299 -0.2351 0.0931 0.1446 -0.3168 -0.3655 -0.2806 -0.1522 0.2484 -0.0017 -0.3897 -0.3214 -0.2225 0.1952 0.1235 -0.3513 -0.3587 -0.2720 -0.1309 0.2268 -0.0529 -0.3862 -0.3131 -0.2099 0.2552 0.1028 -0.3726 -0.3515 -0.2632 -0.1027 0.2049 -0.1254 -0.3818 -0.2961
-0.3753 -0.1163 0.2074 -0.1065 -0.2642 -0.3524 -0.3707 0.1051 0.2505 -0.2114 -0.3141 -0.3867 -0.0461 0.2293 -0.1336 -0.2729 -0.3596 -0.3481 0.1258 0.1856 -0.2239 -0.3224 -0.3900 0.0030 0.2507 -0.1544 -0.2816 -0.3663 -0.3120 0.1468 0.0822 -0.2363 -0.3307 -0.3913 0.0389 0.2704 -0.1731 -0.2912 -0.3735 -0.2453 0.1732 -0.0344 -0.2509 -0.3414 -0.3868 0.0761 0.2798 -0.1950 -0.3032 -0.3811 -0.3777 -0.3811 -0.3032 -0.1950 0.2798 0.0761 -0.3868 -0.3414 -0.2509 -0.0344 0.1732 -0.2453 -0.3735 -0.2912 -0.1731 0.2704 0.0389 -0.3913 -0.3307 -0.2363 0.0822 0.1468 -0.3120 -0.3663 -0.2816 -0.1544 0.2507 0.0030 -0.3900 -0.3224 -0.2239 0.1856 0.1258 -0.3481 -0.3596 -0.2729 -0.1336 0.2293 -0.0461 -0.3867 -0.3141 -0.2114 0.2505 0.1051 -0.3707 -0.3524 -0.2642 -0.1065 0.2074 -0.1163 -0.3753
-0.1255 0.2070 -0.1059 -0.2641 -0.3527 -0.3709 0.1045 0.2513 -0.2112 -0.3142 -0.3869 -0.0471 0.2289 -0.1332 -0.2728 -0.3599 -0.3485 0.1251 0.1873 -0.2238 -0.3225 -0.3900 0.0022 0.2504 -0.1541 -0.2815 -0.3667 -0.3127 0.1460 0.0847 -0.2361 -0.3307 -0.3913 0.0376 0.2696 -0.1722 -0.2907 -0.3735 -0.2507 0.1711 -0.0280 -0.2499 -0.3408 -0.3875 0.0730 0.2805 -0.1936 -0.3032 -0.3814 -0.1985 0.0976 -0.1985 -0.3814 -0.3032 -0.1936 0.2805 0.0730 -0.3875 -0.3408 -0.2499 -0.0280 0.1711 -0.2507 -0.3735 -0.2907 -0.1722 0.2696 0.0376 -0.3913 -0.3307 -0.2361 0.0847 0.1460 -0.3127 -0.3667 -0.2815 -0.1541 0.2504 0.0022 -0.3900 -0.3225 -0.2238 0.1873 0.1251 -0.3485 -0.3599 -0.2728 -0.1332 0.2289 -0.0471 -0.3869 -0.3142 -0.2112 0.2513 0.1045 -0.3709 -0.3527 -0.2641 -0.1059 0.2070 -0.1255
0.1904 -0.0847 -0.2590 -0.3502 -0.3789 0.0921 0.2708 -0.2041 -0.3101 -0.3875 -0.0838 0.2142 -0.1184 -0.2679 -0.3579 -0.3621 0.1127 0.2305 -0.2170 -0.3186 -0.3910 -0.0230 0.2370 -0.1426 -0.2767 -0.3652 -0.3343 0.1329 0.1487 -0.2296 -0.3271 -0.3928 0.0191 0.2593 -0.1624 -0.2858 -0.3724 -0.2864 0.1559 0.0260 -0.2435 -0.3372 -0.3911 0.0570 0.2787 -0.1843 -0.2981 -0.3811 -0.1985 0.1669 0.2769 0.1669 -0.1985 -0.3811 -0.2981 -0.1843 0.2787 0.0570 -0.3911 -0.3372 -0.2435 0.0260 0.1559 -0.2864 -0.3724 -0.2858 -0.1624 0.2593 0.0191 -0.3928 -0.3271 -0.2296 0.1487 0.1329 -0.3343 -0.3652 -0.2767 -0.1426 0.2370 -0.0230 -0.3910 -0.3186 -0.2170 0.2305 0.1127 -0.3621 -0.3579 -0.2679 -0.1184 0.2142 -0.0838 -0.3875 -0.3101 -0.2041 0.2708 0.0921 -0.3789 -0.3502 -0.2590 -0.0847 0.1904
0.2403 -0.2163 -0.3168 -0.3942 -0.0339 0.2297 -0.1380 -0.2741 -0.3652 -0.3448 0.1272 0.1769 -0.2273 -0.3255 -0.3969 0.0111 0.2511 -0.1592 -0.2830 -0.3726 -0.3043 0.1473 0.0720 -0.2382 -0.3340 -0.3971 0.0431 0.2692 -0.1770 -0.2919 -0.3794 -0.2447 0.1685 -0.0237 -0.2488 -0.3428 -0.3931 0.0703 0.2792 -0.1950 -0.3021 -0.3866 -0.1475 0.1955 -0.0935 -0.2611 -0.3542 -0.3777 0.0976 0.2769 -0.1270 0.2769 0.0976 -0.3777 -0.3542 -0.2611 -0.0935 0.1955 -0.1475 -0.3866 -0.3021 -0.1950 0.2792 0.0703 -0.3931 -0.3428 -0.2488 -0.0237 0.1685 -0.2447 -0.3794 -0.2919 -0.1770 0.2692 0.0431 -0.3971 -0.3340 -0.2382 0.0720 0.1473 -0.3043 -0.3726 -0.2830 -0.1592 0.2511 0.0111 -0.3969 -0.3255 -0.2273 0.1769 0.1272 -0.3448 -0.3652 -0.2741 -0.1380 0.2297 -0.0339 -0.3942 -0.3168 -0.2163 0.2403
