0.5134 0.3009 0.1402 0.1646 0.2776 0.5045 0.4198 0.1517 0.1472 0.2214 0.4201 0.4907 0.2068 0.1396 0.1826 0.3270 0.5173 0.3458 0.1424 0.1575 0.2563 0.4821 0.4494 0.1611 0.1435 0.2063 0.3863 0.5046 0.2529 0.1393 0.1726 0.3001 0.5149 0.3872 0.1462 0.1516 0.2371 0.4513 0.4734 0.1778 0.1409 0.1931 0.3542 0.5136 0.3028 0.1402 0.1640 0.2752 0.5001 0.4428 0.2458 0.4428 0.5001 0.2752 0.1640 0.1402 0.3028 0.5136 0.3542 0.1931 0.1409 0.1778 0.4734 0.4513 0.2371 0.1516 0.1462 0.3872 0.5149 0.3001 0.1726 0.1393 0.2529 0.5046 0.3863 0.2063 0.1435 0.1611 0.4494 0.4821 0.2563 0.1575 0.1424 0.3458 0.5173 0.3270 0.1826 0.1396 0.2068 0.4907 0.4201 0.2214 0.1472 0.1517 0.4198 0.5045 0.2776 0.1646 0.1402 0.3009 0.5134
0.3009 0.1359 0.1615 0.2757 0.5047 0.4220 0.1482 0.1435 0.2187 0.4189 0.4920 0.2079 0.1353 0.1795 0.3250 0.5180 0.3487 0.1383 0.1541 0.2538 0.4816 0.4512 0.1583 0.1396 0.2035 0.3847 0.5057 0.2555 0.1350 0.1694 0.2980 0.5154 0.3898 0.1424 0.1480 0.2345 0.4503 0.4749 0.1765 0.1368 0.1902 0.3524 0.5146 0.3058 0.1360 0.1608 0.2736 0.5026 0.4294 0.1549 0.1340 0.1549 0.4294 0.5026 0.2736 0.1608 0.1360 0.3058 0.5146 0.3524 0.1902 0.1368 0.1765 0.4749 0.4503 0.2345 0.1480 0.1424 0.3898 0.5154 0.2980 0.1694 0.1350 0.2555 0.5057 0.3847 0.2035 0.1396 0.1583 0.4512 0.4816 0.2538 0.1541 0.1383 0.3487 0.5180 0.3250 0.1795 0.1353 0.2079 0.4920 0.4189 0.2187 0.1435 0.1482 0.4220 0.5047 0.2757 0.1615 0.1359 0.3009
0.1402 0.1615 0.2748 0.5035 0.4247 0.1490 0.1430 0.2170 0.4153 0.4937 0.2125 0.1352 0.1783 0.3219 0.5181 0.3535 0.1386 0.1534 0.2516 0.4785 0.4541 0.1597 0.1392 0.2019 0.3811 0.5069 0.2610 0.1351 0.1684 0.2952 0.5146 0.3939 0.1430 0.1474 0.2325 0.4467 0.4772 0.1794 0.1366 0.1888 0.3490 0.5152 0.3111 0.1362 0.1599 0.2712 0.5010 0.4290 0.1510 0.1394 0.1679 0.1394 0.1510 0.4290 0.5010 0.2712 0.1599 0.1362 0.3111 0.5152 0.3490 0.1888 0.1366 0.1794 0.4772 0.4467 0.2325 0.1474 0.1430 0.3939 0.5146 0.2952 0.1684 0.1351 0.2610 0.5069 0.3811 0.2019 0.1392 0.1597 0.4541 0.4785 0.2516 0.1534 0.1386 0.3535 0.5181 0.3219 0.1783 0.1352 0.2125 0.4937 0.4153 0.2170 0.1430 0.1490 0.4247 0.5035 0.2748 0.1615 0.1402
0.1646 0.2757 0.5035 0.4258 0.1495 0.1427 0.2157 0.4120 0.4952 0.2171 0.1352 0.1772 0.3189 0.5181 0.3582 0.1390 0.1526 0.2494 0.4753 0.4568 0.1613 0.1389 0.2004 0.3775 0.5081 0.2666 0.1351 0.1674 0.2924 0.5137 0.3979 0.1436 0.1468 0.2305 0.4430 0.4794 0.1825 0.1364 0.1875 0.3457 0.5158 0.3164 0.1364 0.1591 0.2688 0.4989 0.4315 0.1510 0.1414 0.2030 0.2946 0.2030 0.1414 0.1510 0.4315 0.4989 0.2688 0.1591 0.1364 0.3164 0.5158 0.3457 0.1875 0.1364 0.1825 0.4794 0.4430 0.2305 0.1468 0.1436 0.3979 0.5137 0.2924 0.1674 0.1351 0.2666 0.5081 0.3775 0.2004 0.1389 0.1613 0.4568 0.4753 0.2494 0.1526 0.1390 0.3582 0.5181 0.3189 0.1772 0.1352 0.2171 0.4952 0.4120 0.2157 0.1427 0.1495 0.4258 0.5035 0.2757 0.1646
0.2776 0.5047 0.4247 0.1495 0.1426 0.2149 0.4097 0.4964 0.2213 0.1351 0.1762 0.3162 0.5180 0.3627 0.1394 0.1520 0.2472 0.4720 0.4596 0.1630 0.1386 0.1989 0.3739 0.5092 0.2721 0.1352 0.1664 0.2897 0.5127 0.4019 0.1442 0.1463 0.2286 0.4392 0.4815 0.1858 0.1362 0.1862 0.3424 0.5163 0.3216 0.1367 0.1583 0.2664 0.4966 0.4347 0.1518 0.1416 0.2097 0.3819 0.5132 0.3819 0.2097 0.1416 0.1518 0.4347 0.4966 0.2664 0.1583 0.1367 0.3216 0.5163 0.3424 0.1862 0.1362 0.1858 0.4815 0.4392 0.2286 0.1463 0.1442 0.4019 0.5127 0.2897 0.1664 0.1352 0.2721 0.5092 0.3739 0.1989 0.1386 0.1630 0.4596 0.4720 0.2472 0.1520 0.1394 0.3627 0.5180 0.3162 0.1762 0.1351 0.2213 0.4964 0.4097 0.2149 0.1426 0.1495 0.4247 0.5047 0.2776
0.5045 0.4220 0.1490 0.1427 0.2149 0.4089 0.4971 0.2241 0.1351 0.1753 0.3136 0.5178 0.3668 0.1398 0.1513 0.2451 0.4686 0.4622 0.1647 0.1383 0.1974 0.3703 0.5102 0.2777 0.1353 0.1655 0.2870 0.5115 0.4058 0.1449 0.1457 0.2267 0.4355 0.4836 0.1894 0.1360 0.1849 0.3391 0.5168 0.3268 0.1369 0.1575 0.2640 0.4941 0.4379 0.1528 0.1413 0.2100 0.3956 0.5071 0.4013 0.5071 0.3956 0.2100 0.1413 0.1528 0.4379 0.4941 0.2640 0.1575 0.1369 0.3268 0.5168 0.3391 0.1849 0.1360 0.1894 0.4836 0.4355 0.2267 0.1457 0.1449 0.4058 0.5115 0.2870 0.1655 0.1353 0.2777 0.5102 0.3703 0.1974 0.1383 0.1647 0.4622 0.4686 0.2451 0.1513 0.1398 0.3668 0.5178 0.3136 0.1753 0.1351 0.2241 0.4971 0.4089 0.2149 0.1427 0.1490 0.4220 0.5045
0.4198 0.1482 0.1430 0.2157 0.4097 0.4971 0.2250 0.1350 0.1747 0.3117 0.5177 0.3704 0.1401 0.1507 0.2432 0.4654 0.4647 0.1666 0.1380 0.1960 0.3668 0.5112 0.2832 0.1354 0.1645 0.2844 0.5102 0.4096 0.1456 0.1452 0.2248 0.4317 0.4856 0.1932 0.1358 0.1836 0.3358 0.5172 0.3319 0.1372 0.1567 0.2616 0.4915 0.4410 0.1539 0.1409 0.2088 0.3961 0.5030 0.2712 0.1433 0.2712 0.5030 0.3961 0.2088 0.1409 0.1539 0.4410 0.4915 0.2616 0.1567 0.1372 0.3319 0.5172 0.3358 0.1836 0.1358 0.1932 0.4856 0.4317 0.2248 0.1452 0.1456 0.4096 0.5102 0.2844 0.1645 0.1354 0.2832 0.5112 0.3668 0.1960 0.1380 0.1666 0.4647 0.4654 0.2432 0.1507 0.1401 0.3704 0.5177 0.3117 0.1747 0.1350 0.2250 0.4971 0.4097 0.2157 0.1430 0.1482 0.4198
0.1517 0.1435 0.2170 0.4120 0.4964 0.2241 0.1350 0.1745 0.3108 0.5175 0.3732 0.1405 0.1502 0.2415 0.4624 0.4670 0.1685 0.1377 0.1946 0.3633 0.5121 0.2887 0.1355 0.1636 0.2818 0.5087 0.4133 0.1463 0.1447 0.2230 0.4279 0.4875 0.1973 0.1357 0.1824 0.3326 0.5175 0.3369 0.1375 0.1559 0.2593 0.4887 0.4441 0.1551 0.1405 0.2073 0.3934 0.5030 0.2501 0.1347 0.1439 0.1347 0.2501 0.5030 0.3934 0.2073 0.1405 0.1551 0.4441 0.4887 0.2593 0.1559 0.1375 0.3369 0.5175 0.3326 0.1824 0.1357 0.1973 0.4875 0.4279 0.2230 0.1447 0.1463 0.4133 0.5087 0.2818 0.1636 0.1355 0.2887 0.5121 0.3633 0.1946 0.1377 0.1685 0.4670 0.4624 0.2415 0.1502 0.1405 0.3732 0.5175 0.3108 0.1745 0.1350 0.2241 0.4964 0.4120 0.2170 0.1435 0.1517
0.1472 0.2187 0.4153 0.4952 0.2213 0.1351 0.1747 0.3108 0.5175 0.3746 0.1407 0.1498 0.2401 0.4598 0.4690 0.1704 0.1374 0.1933 0.3600 0.5129 0.2940 0.1357 0.1627 0.2792 0.5071 0.4170 0.1471 0.1441 0.2212 0.4242 0.4894 0.2016 0.1355 0.1812 0.3294 0.5178 0.3419 0.1378 0.1551 0.2570 0.4858 0.4471 0.1564 0.1401 0.2057 0.3899 0.5040 0.2495 0.1349 0.1639 0.2215 0.1639 0.1349 0.2495 0.5040 0.3899 0.2057 0.1401 0.1564 0.4471 0.4858 0.2570 0.1551 0.1378 0.3419 0.5178 0.3294 0.1812 0.1355 0.2016 0.4894 0.4242 0.2212 0.1441 0.1471 0.4170 0.5071 0.2792 0.1627 0.1357 0.2940 0.5129 0.3600 0.1933 0.1374 0.1704 0.4690 0.4598 0.2401 0.1498 0.1407 0.3746 0.5175 0.3108 0.1747 0.1351 0.2213 0.4952 0.4153 0.2187 0.1472
0.2214 0.4189 0.4937 0.2171 0.1351 0.1753 0.3117 0.5175 0.3746 0.1408 0.1496 0.2391 0.4578 0.4706 0.1721 0.1372 0.1922 0.3571 0.5136 0.2990 0.1358 0.1618 0.2766 0.5054 0.4205 0.1479 0.1437 0.2194 0.4204 0.4913 0.2061 0.1354 0.1800 0.3263 0.5179 0.3468 0.1381 0.1544 0.2547 0.4828 0.4500 0.1577 0.1397 0.2041 0.3862 0.5052 0.2536 0.1350 0.1682 0.2821 0.4250 0.2821 0.1682 0.1350 0.2536 0.5052 0.3862 0.2041 0.1397 0.1577 0.4500 0.4828 0.2547 0.1544 0.1381 0.3468 0.5179 0.3263 0.1800 0.1354 0.2061 0.4913 0.4204 0.2194 0.1437 0.1479 0.4205 0.5054 0.2766 0.1618 0.1358 0.2990 0.5136 0.3571 0.1922 0.1372 0.1721 0.4706 0.4578 0.2391 0.1496 0.1408 0.3746 0.5175 0.3117 0.1753 0.1351 0.2171 0.4937 0.4189 0.2214
0.4201 0.4920 0.2125 0.1352 0.1762 0.3136 0.5177 0.3732 0.1407 0.1496 0.2388 0.4567 0.4716 0.1734 0.1371 0.1912 0.3545 0.5142 0.3036 0.1360 0.1610 0.2743 0.5036 0.4240 0.1487 0.1432 0.2176 0.4166 0.4930 0.2107 0.1353 0.1788 0.3232 0.5180 0.3516 0.1385 0.1536 0.2525 0.4798 0.4529 0.1591 0.1394 0.2025 0.3826 0.5065 0.2589 0.1350 0.1684 0.2923 0.5070 0.4898 0.5070 0.2923 0.1684 0.1350 0.2589 0.5065 0.3826 0.2025 0.1394 0.1591 0.4529 0.4798 0.2525 0.1536 0.1385 0.3516 0.5180 0.3232 0.1788 0.1353 0.2107 0.4930 0.4166 0.2176 0.1432 0.1487 0.4240 0.5036 0.2743 0.1610 0.1360 0.3036 0.5142 0.3545 0.1912 0.1371 0.1734 0.4716 0.4567 0.2388 0.1496 0.1407 0.3732 0.5177 0.3136 0.1762 0.1352 0.2125 0.4920 0.4201
0.4907 0.2079 0.1352 0.1772 0.3162 0.5178 0.3704 0.1405 0.1498 0.2391 0.4567 0.4719 0.1742 0.1370 0.1905 0.3525 0.5147 0.3076 0.1361 0.1603 0.2721 0.5018 0.4271 0.1496 0.1427 0.2159 0.4128 0.4947 0.2156 0.1352 0.1776 0.3201 0.5181 0.3564 0.1388 0.1529 0.2503 0.4766 0.4557 0.1606 0.1390 0.2010 0.3789 0.5076 0.2644 0.1351 0.1677 0.2927 0.5125 0.4198 0.2104 0.4198 0.5125 0.2927 0.1677 0.1351 0.2644 0.5076 0.3789 0.2010 0.1390 0.1606 0.4557 0.4766 0.2503 0.1529 0.1388 0.3564 0.5181 0.3201 0.1776 0.1352 0.2156 0.4947 0.4128 0.2159 0.1427 0.1496 0.4271 0.5018 0.2721 0.1603 0.1361 0.3076 0.5147 0.3525 0.1905 0.1370 0.1742 0.4719 0.4567 0.2391 0.1498 0.1405 0.3704 0.5178 0.3162 0.1772 0.1352 0.2079 0.4907
0.2068 0.1353 0.1783 0.3189 0.5180 0.3668 0.1401 0.1502 0.2401 0.4578 0.4716 0.1742 0.1369 0.1901 0.3511 0.5150 0.3108 0.1363 0.1597 0.2702 0.5000 0.4300 0.1504 0.1423 0.2142 0.4092 0.4964 0.2205 0.1351 0.1765 0.3170 0.5180 0.3610 0.1392 0.1522 0.2481 0.4733 0.4585 0.1623 0.1387 0.1995 0.3753 0.5087 0.2699 0.1352 0.1668 0.2906 0.5127 0.4058 0.1481 0.1342 0.1481 0.4058 0.5127 0.2906 0.1668 0.1352 0.2699 0.5087 0.3753 0.1995 0.1387 0.1623 0.4585 0.4733 0.2481 0.1522 0.1392 0.3610 0.5180 0.3170 0.1765 0.1351 0.2205 0.4964 0.4092 0.2142 0.1423 0.1504 0.4300 0.5000 0.2702 0.1597 0.1363 0.3108 0.5150 0.3511 0.1901 0.1369 0.1742 0.4716 0.4578 0.2401 0.1502 0.1401 0.3668 0.5180 0.3189 0.1783 0.1353 0.2068
0.1396 0.1795 0.3219 0.5181 0.3627 0.1398 0.1507 0.2415 0.4598 0.4706 0.1734 0.1370 0.1901 0.3506 0.5152 0.3128 0.1364 0.1592 0.2687 0.4985 0.4325 0.1512 0.1419 0.2128 0.4058 0.4979 0.2255 0.1351 0.1753 0.3140 0.5179 0.3656 0.1396 0.1515 0.2459 0.4700 0.4612 0.1640 0.1384 0.1980 0.3717 0.5098 0.2755 0.1352 0.1658 0.2881 0.5119 0.4054 0.1455 0.1421 0.1749 0.1421 0.1455 0.4054 0.5119 0.2881 0.1658 0.1352 0.2755 0.5098 0.3717 0.1980 0.1384 0.1640 0.4612 0.4700 0.2459 0.1515 0.1396 0.3656 0.5179 0.3140 0.1753 0.1351 0.2255 0.4979 0.4058 0.2128 0.1419 0.1512 0.4325 0.4985 0.2687 0.1592 0.1364 0.3128 0.5152 0.3506 0.1901 0.1370 0.1734 0.4706 0.4598 0.2415 0.1507 0.1398 0.3627 0.5181 0.3219 0.1795 0.1396
0.1826 0.3250 0.5181 0.3582 0.1394 0.1513 0.2432 0.4624 0.4690 0.1721 0.1371 0.1905 0.3511 0.5152 0.3134 0.1364 0.1589 0.2676 0.4972 0.4345 0.1519 0.1416 0.2115 0.4028 0.4992 0.2302 0.1350 0.1743 0.3111 0.5177 0.3702 0.1401 0.1509 0.2438 0.4666 0.4638 0.1659 0.1381 0.1966 0.3682 0.5108 0.2810 0.1353 0.1649 0.2854 0.5107 0.4083 0.1455 0.1445 0.2138 0.3137 0.2138 0.1445 0.1455 0.4083 0.5107 0.2854 0.1649 0.1353 0.2810 0.5108 0.3682 0.1966 0.1381 0.1659 0.4638 0.4666 0.2438 0.1509 0.1401 0.3702 0.5177 0.3111 0.1743 0.1350 0.2302 0.4992 0.4028 0.2115 0.1416 0.1519 0.4345 0.4972 0.2676 0.1589 0.1364 0.3134 0.5152 0.3511 0.1905 0.1371 0.1721 0.4690 0.4624 0.2432 0.1513 0.1394 0.3582 0.5181 0.3250 0.1826
0.3270 0.5180 0.3535 0.1390 0.1520 0.2451 0.4654 0.4670 0.1704 0.1372 0.1912 0.3525 0.5150 0.3128 0.1364 0.1588 0.2670 0.4963 0.4360 0.1524 0.1414 0.2104 0.4001 0.5003 0.2344 0.1350 0.1733 0.3085 0.5174 0.3745 0.1405 0.1502 0.2417 0.4631 0.4663 0.1679 0.1378 0.1951 0.3647 0.5117 0.2865 0.1355 0.1640 0.2828 0.5093 0.4118 0.1460 0.1447 0.2210 0.4062 0.5168 0.4062 0.2210 0.1447 0.1460 0.4118 0.5093 0.2828 0.1640 0.1355 0.2865 0.5117 0.3647 0.1951 0.1378 0.1679 0.4663 0.4631 0.2417 0.1502 0.1405 0.3745 0.5174 0.3085 0.1733 0.1350 0.2344 0.5003 0.4001 0.2104 0.1414 0.1524 0.4360 0.4963 0.2670 0.1588 0.1364 0.3128 0.5150 0.3525 0.1912 0.1372 0.1704 0.4670 0.4654 0.2451 0.1520 0.1390 0.3535 0.5180 0.3270
0.5173 0.3487 0.1386 0.1526 0.2472 0.4686 0.4647 0.1685 0.1374 0.1922 0.3545 0.5147 0.3108 0.1364 0.1589 0.2670 0.4960 0.4367 0.1528 0.1412 0.2096 0.3979 0.5012 0.2381 0.1350 0.1725 0.3061 0.5170 0.3785 0.1410 0.1496 0.2396 0.4596 0.4688 0.1701 0.1375 0.1937 0.3612 0.5126 0.2920 0.1356 0.1630 0.2802 0.5078 0.4155 0.1468 0.1443 0.2213 0.4202 0.4985 0.3742 0.4985 0.4202 0.2213 0.1443 0.1468 0.4155 0.5078 0.2802 0.1630 0.1356 0.2920 0.5126 0.3612 0.1937 0.1375 0.1701 0.4688 0.4596 0.2396 0.1496 0.1410 0.3785 0.5170 0.3061 0.1725 0.1350 0.2381 0.5012 0.3979 0.2096 0.1412 0.1528 0.4367 0.4960 0.2670 0.1589 0.1364 0.3108 0.5147 0.3545 0.1922 0.1374 0.1685 0.4647 0.4686 0.2472 0.1526 0.1386 0.3487 0.5173
0.3458 0.1383 0.1534 0.2494 0.4720 0.4622 0.1666 0.1377 0.1933 0.3571 0.5142 0.3076 0.1363 0.1592 0.2676 0.4963 0.4367 0.1529 0.1411 0.2090 0.3964 0.5020 0.2412 0.1350 0.1717 0.3040 0.5166 0.3819 0.1414 0.1490 0.2377 0.4561 0.4712 0.1724 0.1372 0.1923 0.3577 0.5134 0.2974 0.1358 0.1621 0.2776 0.5061 0.4191 0.1476 0.1438 0.2200 0.4207 0.4929 0.2352 0.1395 0.2352 0.4929 0.4207 0.2200 0.1438 0.1476 0.4191 0.5061 0.2776 0.1621 0.1358 0.2974 0.5134 0.3577 0.1923 0.1372 0.1724 0.4712 0.4561 0.2377 0.1490 0.1414 0.3819 0.5166 0.3040 0.1717 0.1350 0.2412 0.5020 0.3964 0.2090 0.1411 0.1529 0.4367 0.4963 0.2676 0.1592 0.1363 0.3076 0.5142 0.3571 0.1933 0.1377 0.1666 0.4622 0.4720 0.2494 0.1534 0.1383 0.3458
0.1424 0.1541 0.2516 0.4753 0.4596 0.1647 0.1380 0.1946 0.3600 0.5136 0.3036 0.1361 0.1597 0.2687 0.4972 0.4360 0.1528 0.1411 0.2088 0.3956 0.5024 0.2434 0.1350 0.1711 0.3021 0.5163 0.3850 0.1418 0.1485 0.2360 0.4528 0.4734 0.1748 0.1370 0.1909 0.3543 0.5142 0.3028 0.1359 0.1613 0.2751 0.5043 0.4226 0.1484 0.1434 0.2183 0.4179 0.4928 0.2156 0.1344 0.1476 0.1344 0.2156 0.4928 0.4179 0.2183 0.1434 0.1484 0.4226 0.5043 0.2751 0.1613 0.1359 0.3028 0.5142 0.3543 0.1909 0.1370 0.1748 0.4734 0.4528 0.2360 0.1485 0.1418 0.3850 0.5163 0.3021 0.1711 0.1350 0.2434 0.5024 0.3956 0.2088 0.1411 0.1528 0.4360 0.4972 0.2687 0.1597 0.1361 0.3036 0.5136 0.3600 0.1946 0.1380 0.1647 0.4596 0.4753 0.2516 0.1541 0.1424
0.1575 0.2538 0.4785 0.4568 0.1630 0.1383 0.1960 0.3633 0.5129 0.2990 0.1360 0.1603 0.2702 0.4985 0.4345 0.1524 0.1412 0.2090 0.3956 0.5025 0.2445 0.1350 0.1707 0.3007 0.5159 0.3877 0.1422 0.1481 0.2345 0.4499 0.4753 0.1772 0.1367 0.1896 0.3510 0.5148 0.3082 0.1361 0.1604 0.2726 0.5023 0.4261 0.1493 0.1429 0.2166 0.4143 0.4941 0.2151 0.1350 0.1704 0.2342 0.1704 0.1350 0.2151 0.4941 0.4143 0.2166 0.1429 0.1493 0.4261 0.5023 0.2726 0.1604 0.1361 0.3082 0.5148 0.3510 0.1896 0.1367 0.1772 0.4753 0.4499 0.2345 0.1481 0.1422 0.3877 0.5159 0.3007 0.1707 0.1350 0.2445 0.5025 0.3956 0.2090 0.1412 0.1524 0.4345 0.4985 0.2702 0.1603 0.1360 0.2990 0.5129 0.3633 0.1960 0.1383 0.1630 0.4568 0.4785 0.2538 0.1575
0.2563 0.4816 0.4541 0.1613 0.1386 0.1974 0.3668 0.5121 0.2940 0.1358 0.1610 0.2721 0.5000 0.4325 0.1519 0.1414 0.2096 0.3964 0.5024 0.2445 0.1350 0.1705 0.2998 0.5156 0.3898 0.1425 0.1477 0.2332 0.4473 0.4770 0.1796 0.1366 0.1885 0.3479 0.5154 0.3134 0.1363 0.1595 0.2701 0.5002 0.4295 0.1502 0.1424 0.2148 0.4106 0.4957 0.2188 0.1351 0.1751 0.3000 0.4496 0.3000 0.1751 0.1351 0.2188 0.4957 0.4106 0.2148 0.1424 0.1502 0.4295 0.5002 0.2701 0.1595 0.1363 0.3134 0.5154 0.3479 0.1885 0.1366 0.1796 0.4770 0.4473 0.2332 0.1477 0.1425 0.3898 0.5156 0.2998 0.1705 0.1350 0.2445 0.5024 0.3964 0.2096 0.1414 0.1519 0.4325 0.5000 0.2721 0.1610 0.1358 0.2940 0.5121 0.3668 0.1974 0.1386 0.1613 0.4541 0.4816 0.2563
0.4821 0.4512 0.1597 0.1389 0.1989 0.3703 0.5112 0.2887 0.1357 0.1618 0.2743 0.5018 0.4300 0.1512 0.1416 0.2104 0.3979 0.5020 0.2434 0.1350 0.1705 0.2995 0.5155 0.3910 0.1427 0.1474 0.2321 0.4451 0.4785 0.1817 0.1364 0.1875 0.3453 0.5159 0.3181 0.1365 0.1587 0.2677 0.4979 0.4328 0.1512 0.1420 0.2131 0.4068 0.4973 0.2236 0.1351 0.1754 0.3109 0.5146 0.4769 0.5146 0.3109 0.1754 0.1351 0.2236 0.4973 0.4068 0.2131 0.1420 0.1512 0.4328 0.4979 0.2677 0.1587 0.1365 0.3181 0.5159 0.3453 0.1875 0.1364 0.1817 0.4785 0.4451 0.2321 0.1474 0.1427 0.3910 0.5155 0.2995 0.1705 0.1350 0.2434 0.5020 0.3979 0.2104 0.1416 0.1512 0.4300 0.5018 0.2743 0.1618 0.1357 0.2887 0.5112 0.3703 0.1989 0.1389 0.1597 0.4512 0.4821
0.4494 0.1583 0.1392 0.2004 0.3739 0.5102 0.2832 0.1355 0.1627 0.2766 0.5036 0.4271 0.1504 0.1419 0.2115 0.4001 0.5012 0.2412 0.1350 0.1707 0.2998 0.5155 0.3914 0.1429 0.1473 0.2313 0.4434 0.4797 0.1837 0.1363 0.1866 0.3429 0.5163 0.3223 0.1367 0.1580 0.2654 0.4956 0.4360 0.1522 0.1416 0.2114 0.4031 0.4989 0.2288 0.1350 0.1746 0.3113 0.5172 0.3950 0.1831 0.3950 0.5172 0.3113 0.1746 0.1350 0.2288 0.4989 0.4031 0.2114 0.1416 0.1522 0.4360 0.4956 0.2654 0.1580 0.1367 0.3223 0.5163 0.3429 0.1866 0.1363 0.1837 0.4797 0.4434 0.2313 0.1473 0.1429 0.3914 0.5155 0.2998 0.1707 0.1350 0.2412 0.5012 0.4001 0.2115 0.1419 0.1504 0.4271 0.5036 0.2766 0.1627 0.1355 0.2832 0.5102 0.3739 0.2004 0.1392 0.1583 0.4494
0.1611 0.1396 0.2019 0.3775 0.5092 0.2777 0.1354 0.1636 0.2792 0.5054 0.4240 0.1496 0.1423 0.2128 0.4028 0.5003 0.2381 0.1350 0.1711 0.3007 0.5156 0.3910 0.1429 0.1472 0.2309 0.4422 0.4805 0.1853 0.1361 0.1858 0.3408 0.5166 0.3259 0.1369 0.1574 0.2634 0.4933 0.4390 0.1532 0.1411 0.2098 0.3993 0.5004 0.2341 0.1350 0.1736 0.3091 0.5173 0.3791 0.1432 0.1351 0.1432 0.3791 0.5173 0.3091 0.1736 0.1350 0.2341 0.5004 0.3993 0.2098 0.1411 0.1532 0.4390 0.4933 0.2634 0.1574 0.1369 0.3259 0.5166 0.3408 0.1858 0.1361 0.1853 0.4805 0.4422 0.2309 0.1472 0.1429 0.3910 0.5156 0.3007 0.1711 0.1350 0.2381 0.5003 0.4028 0.2128 0.1423 0.1496 0.4240 0.5054 0.2792 0.1636 0.1354 0.2777 0.5092 0.3775 0.2019 0.1396 0.1611
0.1435 0.2035 0.3811 0.5081 0.2721 0.1353 0.1645 0.2818 0.5071 0.4205 0.1487 0.1427 0.2142 0.4058 0.4992 0.2344 0.1350 0.1717 0.3021 0.5159 0.3898 0.1427 0.1473 0.2309 0.4419 0.4810 0.1863 0.1361 0.1852 0.3389 0.5169 0.3291 0.1371 0.1568 0.2616 0.4912 0.4416 0.1542 0.1408 0.2083 0.3957 0.5018 0.2394 0.1350 0.1725 0.3064 0.5171 0.3786 0.1414 0.1454 0.1827 0.1454 0.1414 0.3786 0.5171 0.3064 0.1725 0.1350 0.2394 0.5018 0.3957 0.2083 0.1408 0.1542 0.4416 0.4912 0.2616 0.1568 0.1371 0.3291 0.5169 0.3389 0.1852 0.1361 0.1863 0.4810 0.4419 0.2309 0.1473 0.1427 0.3898 0.5159 0.3021 0.1717 0.1350 0.2344 0.4992 0.4058 0.2142 0.1427 0.1487 0.4205 0.5071 0.2818 0.1645 0.1353 0.2721 0.5081 0.3811 0.2035 0.1435
0.2063 0.3847 0.5069 0.2666 0.1352 0.1655 0.2844 0.5087 0.4170 0.1479 0.1432 0.2159 0.4092 0.4979 0.2302 0.1350 0.1725 0.3040 0.5163 0.3877 0.1425 0.1474 0.2313 0.4422 0.4810 0.1867 0.1360 0.1848 0.3376 0.5171 0.3319 0.1373 0.1563 0.2601 0.4892 0.4439 0.1552 0.1405 0.2069 0.3924 0.5031 0.2447 0.1350 0.1714 0.3035 0.5166 0.3818 0.1415 0.1482 0.2256 0.3344 0.2256 0.1482 0.1415 0.3818 0.5166 0.3035 0.1714 0.1350 0.2447 0.5031 0.3924 0.2069 0.1405 0.1552 0.4439 0.4892 0.2601 0.1563 0.1373 0.3319 0.5171 0.3376 0.1848 0.1360 0.1867 0.4810 0.4422 0.2313 0.1474 0.1425 0.3877 0.5163 0.3040 0.1725 0.1350 0.2302 0.4979 0.4092 0.2159 0.1432 0.1479 0.4170 0.5087 0.2844 0.1655 0.1352 0.2666 0.5069 0.3847 0.2063
0.3863 0.5057 0.2610 0.1351 0.1664 0.2870 0.5102 0.4133 0.1471 0.1437 0.2176 0.4128 0.4964 0.2255 0.1350 0.1733 0.3061 0.5166 0.3850 0.1422 0.1477 0.2321 0.4434 0.4805 0.1863 0.1360 0.1847 0.3370 0.5172 0.3339 0.1374 0.1559 0.2588 0.4875 0.4459 0.1561 0.1402 0.2056 0.3894 0.5043 0.2496 0.1350 0.1704 0.3007 0.5160 0.3859 0.1419 0.1483 0.2334 0.4308 0.5165 0.4308 0.2334 0.1483 0.1419 0.3859 0.5160 0.3007 0.1704 0.1350 0.2496 0.5043 0.3894 0.2056 0.1402 0.1561 0.4459 0.4875 0.2588 0.1559 0.1374 0.3339 0.5172 0.3370 0.1847 0.1360 0.1863 0.4805 0.4434 0.2321 0.1477 0.1422 0.3850 0.5166 0.3061 0.1733 0.1350 0.2255 0.4964 0.4128 0.2176 0.1437 0.1471 0.4133 0.5102 0.2870 0.1664 0.1351 0.2610 0.5057 0.3863
0.5046 0.2555 0.1351 0.1674 0.2897 0.5115 0.4096 0.1463 0.1441 0.2194 0.4166 0.4947 0.2205 0.1351 0.1743 0.3085 0.5170 0.3819 0.1418 0.1481 0.2332 0.4451 0.4797 0.1853 0.1361 0.1848 0.3370 0.5172 0.3349 0.1375 0.1556 0.2578 0.4861 0.4475 0.1568 0.1399 0.2045 0.3868 0.5052 0.2540 0.1350 0.1695 0.2980 0.5154 0.3900 0.1424 0.1479 0.2337 0.4448 0.4873 0.3439 0.4873 0.4448 0.2337 0.1479 0.1424 0.3900 0.5154 0.2980 0.1695 0.1350 0.2540 0.5052 0.3868 0.2045 0.1399 0.1568 0.4475 0.4861 0.2578 0.1556 0.1375 0.3349 0.5172 0.3370 0.1848 0.1361 0.1853 0.4797 0.4451 0.2332 0.1481 0.1418 0.3819 0.5170 0.3085 0.1743 0.1351 0.2205 0.4947 0.4166 0.2194 0.1441 0.1463 0.4096 0.5115 0.2897 0.1674 0.1351 0.2555 0.5046
0.2529 0.1350 0.1684 0.2924 0.5127 0.4058 0.1456 0.1447 0.2212 0.4204 0.4930 0.2156 0.1351 0.1753 0.3111 0.5174 0.3785 0.1414 0.1485 0.2345 0.4473 0.4785 0.1837 0.1361 0.1852 0.3376 0.5172 0.3349 0.1375 0.1555 0.2571 0.4850 0.4488 0.1575 0.1397 0.2036 0.3844 0.5061 0.2579 0.1350 0.1687 0.2956 0.5147 0.3939 0.1430 0.1474 0.2323 0.4453 0.4803 0.2026 0.1368 0.2026 0.4803 0.4453 0.2323 0.1474 0.1430 0.3939 0.5147 0.2956 0.1687 0.1350 0.2579 0.5061 0.3844 0.2036 0.1397 0.1575 0.4488 0.4850 0.2571 0.1555 0.1375 0.3349 0.5172 0.3376 0.1852 0.1361 0.1837 0.4785 0.4473 0.2345 0.1485 0.1414 0.3785 0.5174 0.3111 0.1753 0.1351 0.2156 0.4930 0.4204 0.2212 0.1447 0.1456 0.4058 0.5127 0.2924 0.1684 0.1350 0.2529
0.1393 0.1694 0.2952 0.5137 0.4019 0.1449 0.1452 0.2230 0.4242 0.4913 0.2107 0.1352 0.1765 0.3140 0.5177 0.3745 0.1410 0.1490 0.2360 0.4499 0.4770 0.1817 0.1363 0.1858 0.3389 0.5171 0.3339 0.1375 0.1555 0.2569 0.4844 0.4497 0.1580 0.1396 0.2028 0.3824 0.5068 0.2613 0.1351 0.1680 0.2936 0.5140 0.3973 0.1435 0.1469 0.2305 0.4426 0.4801 0.1874 0.1348 0.1519 0.1348 0.1874 0.4801 0.4426 0.2305 0.1469 0.1435 0.3973 0.5140 0.2936 0.1680 0.1351 0.2613 0.5068 0.3824 0.2028 0.1396 0.1580 0.4497 0.4844 0.2569 0.1555 0.1375 0.3339 0.5171 0.3389 0.1858 0.1363 0.1817 0.4770 0.4499 0.2360 0.1490 0.1410 0.3745 0.5177 0.3140 0.1765 0.1352 0.2107 0.4913 0.4242 0.2230 0.1452 0.1449 0.4019 0.5137 0.2952 0.1694 0.1393
0.1726 0.2980 0.5146 0.3979 0.1442 0.1457 0.2248 0.4279 0.4894 0.2061 0.1353 0.1776 0.3170 0.5179 0.3702 0.1405 0.1496 0.2377 0.4528 0.4753 0.1796 0.1364 0.1866 0.3408 0.5169 0.3319 0.1374 0.1556 0.2571 0.4844 0.4500 0.1583 0.1394 0.2022 0.3808 0.5074 0.2643 0.1351 0.1674 0.2918 0.5133 0.4003 0.1440 0.1464 0.2289 0.4395 0.4816 0.1870 0.1358 0.1777 0.2481 0.1777 0.1358 0.1870 0.4816 0.4395 0.2289 0.1464 0.1440 0.4003 0.5133 0.2918 0.1674 0.1351 0.2643 0.5074 0.3808 0.2022 0.1394 0.1583 0.4500 0.4844 0.2571 0.1556 0.1374 0.3319 0.5169 0.3408 0.1866 0.1364 0.1796 0.4753 0.4528 0.2377 0.1496 0.1405 0.3702 0.5179 0.3170 0.1776 0.1353 0.2061 0.4894 0.4279 0.2248 0.1457 0.1442 0.3979 0.5146 0.2980 0.1726
0.3001 0.5154 0.3939 0.1436 0.1463 0.2267 0.4317 0.4875 0.2016 0.1354 0.1788 0.3201 0.5180 0.3656 0.1401 0.1502 0.2396 0.4561 0.4734 0.1772 0.1366 0.1875 0.3429 0.5166 0.3291 0.1373 0.1559 0.2578 0.4850 0.4497 0.1583 0.1394 0.2019 0.3797 0.5078 0.2668 0.1351 0.1669 0.2903 0.5126 0.4028 0.1445 0.1460 0.2273 0.4364 0.4833 0.1893 0.1359 0.1829 0.3194 0.4727 0.3194 0.1829 0.1359 0.1893 0.4833 0.4364 0.2273 0.1460 0.1445 0.4028 0.5126 0.2903 0.1669 0.1351 0.2668 0.5078 0.3797 0.2019 0.1394 0.1583 0.4497 0.4850 0.2578 0.1559 0.1373 0.3291 0.5166 0.3429 0.1875 0.1366 0.1772 0.4734 0.4561 0.2396 0.1502 0.1401 0.3656 0.5180 0.3201 0.1788 0.1354 0.2016 0.4875 0.4317 0.2267 0.1463 0.1436 0.3939 0.5154 0.3001
0.5149 0.3898 0.1430 0.1468 0.2286 0.4355 0.4856 0.1973 0.1355 0.1800 0.3232 0.5181 0.3610 0.1396 0.1509 0.2417 0.4596 0.4712 0.1748 0.1367 0.1885 0.3453 0.5163 0.3259 0.1371 0.1563 0.2588 0.4861 0.4488 0.1580 0.1394 0.2019 0.3793 0.5080 0.2685 0.1352 0.1664 0.2890 0.5121 0.4050 0.1449 0.1456 0.2260 0.4336 0.4848 0.1922 0.1358 0.1833 0.3313 0.5173 0.4610 0.5173 0.3313 0.1833 0.1358 0.1922 0.4848 0.4336 0.2260 0.1456 0.1449 0.4050 0.5121 0.2890 0.1664 0.1352 0.2685 0.5080 0.3793 0.2019 0.1394 0.1580 0.4488 0.4861 0.2588 0.1563 0.1371 0.3259 0.5163 0.3453 0.1885 0.1367 0.1748 0.4712 0.4596 0.2417 0.1509 0.1396 0.3610 0.5181 0.3232 0.1800 0.1355 0.1973 0.4856 0.4355 0.2286 0.1468 0.1430 0.3898 0.5149
0.3872 0.1424 0.1474 0.2305 0.4392 0.4836 0.1932 0.1357 0.1812 0.3263 0.5180 0.3564 0.1392 0.1515 0.2438 0.4631 0.4688 0.1724 0.1370 0.1896 0.3479 0.5159 0.3223 0.1369 0.1568 0.2601 0.4875 0.4475 0.1575 0.1396 0.2022 0.3797 0.5080 0.2690 0.1352 0.1661 0.2880 0.5116 0.4067 0.1452 0.1453 0.2249 0.4312 0.4862 0.1950 0.1357 0.1827 0.3321 0.5177 0.3664 0.1653 0.3664 0.5177 0.3321 0.1827 0.1357 0.1950 0.4862 0.4312 0.2249 0.1453 0.1452 0.4067 0.5116 0.2880 0.1661 0.1352 0.2690 0.5080 0.3797 0.2022 0.1396 0.1575 0.4475 0.4875 0.2601 0.1568 0.1369 0.3223 0.5159 0.3479 0.1896 0.1370 0.1724 0.4688 0.4631 0.2438 0.1515 0.1392 0.3564 0.5180 0.3263 0.1812 0.1357 0.1932 0.4836 0.4392 0.2305 0.1474 0.1424 0.3872
0.1462 0.1480 0.2325 0.4430 0.4815 0.1894 0.1358 0.1824 0.3294 0.5179 0.3516 0.1388 0.1522 0.2459 0.4666 0.4663 0.1701 0.1372 0.1909 0.3510 0.5154 0.3181 0.1367 0.1574 0.2616 0.4892 0.4459 0.1568 0.1397 0.2028 0.3808 0.5078 0.2685 0.1352 0.1660 0.2875 0.5112 0.4080 0.1455 0.1451 0.2240 0.4291 0.4874 0.1977 0.1356 0.1819 0.3305 0.5177 0.3479 0.1396 0.1367 0.1396 0.3479 0.5177 0.3305 0.1819 0.1356 0.1977 0.4874 0.4291 0.2240 0.1451 0.1455 0.4080 0.5112 0.2875 0.1660 0.1352 0.2685 0.5078 0.3808 0.2028 0.1397 0.1568 0.4459 0.4892 0.2616 0.1574 0.1367 0.3181 0.5154 0.3510 0.1909 0.1372 0.1701 0.4663 0.4666 0.2459 0.1522 0.1388 0.3516 0.5179 0.3294 0.1824 0.1358 0.1894 0.4815 0.4430 0.2325 0.1480 0.1462
0.1516 0.2345 0.4467 0.4794 0.1858 0.1360 0.1836 0.3326 0.5178 0.3468 0.1385 0.1529 0.2481 0.4700 0.4638 0.1679 0.1375 0.1923 0.3543 0.5148 0.3134 0.1365 0.1580 0.2634 0.4912 0.4439 0.1561 0.1399 0.2036 0.3824 0.5074 0.2668 0.1352 0.1661 0.2875 0.5111 0.4088 0.1457 0.1449 0.2232 0.4274 0.4883 0.2000 0.1355 0.1811 0.3286 0.5178 0.3463 0.1384 0.1495 0.1918 0.1495 0.1384 0.3463 0.5178 0.3286 0.1811 0.1355 0.2000 0.4883 0.4274 0.2232 0.1449 0.1457 0.4088 0.5111 0.2875 0.1661 0.1352 0.2668 0.5074 0.3824 0.2036 0.1399 0.1561 0.4439 0.4912 0.2634 0.1580 0.1365 0.3134 0.5148 0.3543 0.1923 0.1375 0.1679 0.4638 0.4700 0.2481 0.1529 0.1385 0.3468 0.5178 0.3326 0.1836 0.1360 0.1858 0.4794 0.4467 0.2345 0.1516
0.2371 0.4503 0.4772 0.1825 0.1362 0.1849 0.3358 0.5175 0.3419 0.1381 0.1536 0.2503 0.4733 0.4612 0.1659 0.1378 0.1937 0.3577 0.5142 0.3082 0.1363 0.1587 0.2654 0.4933 0.4416 0.1552 0.1402 0.2045 0.3844 0.5068 0.2643 0.1351 0.1664 0.2880 0.5112 0.4088 0.1458 0.1448 0.2227 0.4261 0.4891 0.2020 0.1355 0.1805 0.3269 0.5179 0.3482 0.1383 0.1528 0.2394 0.3578 0.2394 0.1528 0.1383 0.3482 0.5179 0.3269 0.1805 0.1355 0.2020 0.4891 0.4261 0.2227 0.1448 0.1458 0.4088 0.5112 0.2880 0.1664 0.1351 0.2643 0.5068 0.3844 0.2045 0.1402 0.1552 0.4416 0.4933 0.2654 0.1587 0.1363 0.3082 0.5142 0.3577 0.1937 0.1378 0.1659 0.4612 0.4733 0.2503 0.1536 0.1381 0.3419 0.5175 0.3358 0.1849 0.1362 0.1825 0.4772 0.4503 0.2371
0.4513 0.4749 0.1794 0.1364 0.1862 0.3391 0.5172 0.3369 0.1378 0.1544 0.2525 0.4766 0.4585 0.1640 0.1381 0.1951 0.3612 0.5134 0.3028 0.1361 0.1595 0.2677 0.4956 0.4390 0.1542 0.1405 0.2056 0.3868 0.5061 0.2613 0.1351 0.1669 0.2890 0.5116 0.4080 0.1457 0.1448 0.2226 0.4253 0.4896 0.2035 0.1354 0.1799 0.3253 0.5180 0.3506 0.1385 0.1532 0.2484 0.4571 0.5128 0.4571 0.2484 0.1532 0.1385 0.3506 0.5180 0.3253 0.1799 0.1354 0.2035 0.4896 0.4253 0.2226 0.1448 0.1457 0.4080 0.5116 0.2890 0.1669 0.1351 0.2613 0.5061 0.3868 0.2056 0.1405 0.1542 0.4390 0.4956 0.2677 0.1595 0.1361 0.3028 0.5134 0.3612 0.1951 0.1381 0.1640 0.4585 0.4766 0.2525 0.1544 0.1378 0.3369 0.5172 0.3391 0.1862 0.1364 0.1794 0.4749 0.4513
0.4734 0.1765 0.1366 0.1875 0.3424 0.5168 0.3319 0.1375 0.1551 0.2547 0.4798 0.4557 0.1623 0.1384 0.1966 0.3647 0.5126 0.2974 0.1359 0.1604 0.2701 0.4979 0.4360 0.1532 0.1408 0.2069 0.3894 0.5052 0.2579 0.1351 0.1674 0.2903 0.5121 0.4067 0.1455 0.1449 0.2227 0.4253 0.4898 0.2044 0.1354 0.1795 0.3241 0.5180 0.3529 0.1387 0.1530 0.2495 0.4711 0.4720 0.3068 0.4720 0.4711 0.2495 0.1530 0.1387 0.3529 0.5180 0.3241 0.1795 0.1354 0.2044 0.4898 0.4253 0.2227 0.1449 0.1455 0.4067 0.5121 0.2903 0.1674 0.1351 0.2579 0.5052 0.3894 0.2069 0.1408 0.1532 0.4360 0.4979 0.2701 0.1604 0.1359 0.2974 0.5126 0.3647 0.1966 0.1384 0.1623 0.4557 0.4798 0.2547 0.1551 0.1375 0.3319 0.5168 0.3424 0.1875 0.1366 0.1765 0.4734
0.1778 0.1368 0.1888 0.3457 0.5163 0.3268 0.1372 0.1559 0.2570 0.4828 0.4529 0.1606 0.1387 0.1980 0.3682 0.5117 0.2920 0.1358 0.1613 0.2726 0.5002 0.4328 0.1522 0.1411 0.2083 0.3924 0.5043 0.2540 0.1350 0.1680 0.2918 0.5126 0.4050 0.1452 0.1451 0.2232 0.4261 0.4896 0.2044 0.1354 0.1793 0.3232 0.5181 0.3548 0.1388 0.1528 0.2490 0.4729 0.4622 0.1755 0.1349 0.1755 0.4622 0.4729 0.2490 0.1528 0.1388 0.3548 0.5181 0.3232 0.1793 0.1354 0.2044 0.4896 0.4261 0.2232 0.1451 0.1452 0.4050 0.5126 0.2918 0.1680 0.1350 0.2540 0.5043 0.3924 0.2083 0.1411 0.1522 0.4328 0.5002 0.2726 0.1613 0.1358 0.2920 0.5117 0.3682 0.1980 0.1387 0.1606 0.4529 0.4828 0.2570 0.1559 0.1372 0.3268 0.5163 0.3457 0.1888 0.1368 0.1778
0.1409 0.1902 0.3490 0.5158 0.3216 0.1369 0.1567 0.2593 0.4858 0.4500 0.1591 0.1390 0.1995 0.3717 0.5108 0.2865 0.1356 0.1621 0.2751 0.5023 0.4295 0.1512 0.1416 0.2098 0.3957 0.5031 0.2496 0.1350 0.1687 0.2936 0.5133 0.4028 0.1449 0.1453 0.2240 0.4274 0.4891 0.2035 0.1354 0.1793 0.3229 0.5181 0.3561 0.1390 0.1525 0.2482 0.4723 0.4607 0.1661 0.1361 0.1578 0.1361 0.1661 0.4607 0.4723 0.2482 0.1525 0.1390 0.3561 0.5181 0.3229 0.1793 0.1354 0.2035 0.4891 0.4274 0.2240 0.1453 0.1449 0.4028 0.5133 0.2936 0.1687 0.1350 0.2496 0.5031 0.3957 0.2098 0.1416 0.1512 0.4295 0.5023 0.2751 0.1621 0.1356 0.2865 0.5108 0.3717 0.1995 0.1390 0.1591 0.4500 0.4858 0.2593 0.1567 0.1369 0.3216 0.5158 0.3490 0.1902 0.1409
0.1931 0.3524 0.5152 0.3164 0.1367 0.1575 0.2616 0.4887 0.4471 0.1577 0.1394 0.2010 0.3753 0.5098 0.2810 0.1355 0.1630 0.2776 0.5043 0.4261 0.1502 0.1420 0.2114 0.3993 0.5018 0.2447 0.1350 0.1695 0.2956 0.5140 0.4003 0.1445 0.1456 0.2249 0.4291 0.4883 0.2020 0.1354 0.1795 0.3232 0.5181 0.3566 0.1390 0.1523 0.2475 0.4713 0.4611 0.1650 0.1377 0.1877 0.2665 0.1877 0.1377 0.1650 0.4611 0.4713 0.2475 0.1523 0.1390 0.3566 0.5181 0.3232 0.1795 0.1354 0.2020 0.4883 0.4291 0.2249 0.1456 0.1445 0.4003 0.5140 0.2956 0.1695 0.1350 0.2447 0.5018 0.3993 0.2114 0.1420 0.1502 0.4261 0.5043 0.2776 0.1630 0.1355 0.2810 0.5098 0.3753 0.2010 0.1394 0.1577 0.4471 0.4887 0.2616 0.1575 0.1367 0.3164 0.5152 0.3524 0.1931
0.3542 0.5146 0.3111 0.1364 0.1583 0.2640 0.4915 0.4441 0.1564 0.1397 0.2025 0.3789 0.5087 0.2755 0.1353 0.1640 0.2802 0.5061 0.4226 0.1493 0.1424 0.2131 0.4031 0.5004 0.2394 0.1350 0.1704 0.2980 0.5147 0.3973 0.1440 0.1460 0.2260 0.4312 0.4874 0.2000 0.1355 0.1799 0.3241 0.5181 0.3561 0.1390 0.1522 0.2471 0.4705 0.4618 0.1652 0.1380 0.1941 0.3458 0.4962 0.3458 0.1941 0.1380 0.1652 0.4618 0.4705 0.2471 0.1522 0.1390 0.3561 0.5181 0.3241 0.1799 0.1355 0.2000 0.4874 0.4312 0.2260 0.1460 0.1440 0.3973 0.5147 0.2980 0.1704 0.1350 0.2394 0.5004 0.4031 0.2131 0.1424 0.1493 0.4226 0.5061 0.2802 0.1640 0.1353 0.2755 0.5087 0.3789 0.2025 0.1397 0.1564 0.4441 0.4915 0.2640 0.1583 0.1364 0.3111 0.5146 0.3542
0.5136 0.3058 0.1362 0.1591 0.2664 0.4941 0.4410 0.1551 0.1401 0.2041 0.3826 0.5076 0.2699 0.1352 0.1649 0.2828 0.5078 0.4191 0.1484 0.1429 0.2148 0.4068 0.4989 0.2341 0.1350 0.1714 0.3007 0.5154 0.3939 0.1435 0.1464 0.2273 0.4336 0.4862 0.1977 0.1355 0.1805 0.3253 0.5180 0.3548 0.1390 0.1523 0.2471 0.4702 0.4622 0.1655 0.1380 0.1953 0.3601 0.5154 0.4370 0.5154 0.3601 0.1953 0.1380 0.1655 0.4622 0.4702 0.2471 0.1523 0.1390 0.3548 0.5180 0.3253 0.1805 0.1355 0.1977 0.4862 0.4336 0.2273 0.1464 0.1435 0.3939 0.5154 0.3007 0.1714 0.1350 0.2341 0.4989 0.4068 0.2148 0.1429 0.1484 0.4191 0.5078 0.2828 0.1649 0.1352 0.2699 0.5076 0.3826 0.2041 0.1401 0.1551 0.4410 0.4941 0.2664 0.1591 0.1362 0.3058 0.5136
0.3028 0.1360 0.1599 0.2688 0.4966 0.4379 0.1539 0.1405 0.2057 0.3862 0.5065 0.2644 0.1352 0.1658 0.2854 0.5093 0.4155 0.1476 0.1434 0.2166 0.4106 0.4973 0.2288 0.1350 0.1725 0.3035 0.5160 0.3900 0.1430 0.1469 0.2289 0.4364 0.4848 0.1950 0.1356 0.1811 0.3269 0.5180 0.3529 0.1388 0.1525 0.2475 0.4705 0.4622 0.1657 0.1380 0.1954 0.3629 0.5132 0.3238 0.1521 0.3238 0.5132 0.3629 0.1954 0.1380 0.1657 0.4622 0.4705 0.2475 0.1525 0.1388 0.3529 0.5180 0.3269 0.1811 0.1356 0.1950 0.4848 0.4364 0.2289 0.1469 0.1430 0.3900 0.5160 0.3035 0.1725 0.1350 0.2288 0.4973 0.4106 0.2166 0.1434 0.1476 0.4155 0.5093 0.2854 0.1658 0.1352 0.2644 0.5065 0.3862 0.2057 0.1405 0.1539 0.4379 0.4966 0.2688 0.1599 0.1360 0.3028
0.1402 0.1608 0.2712 0.4989 0.4347 0.1528 0.1409 0.2073 0.3899 0.5052 0.2589 0.1351 0.1668 0.2881 0.5107 0.4118 0.1468 0.1438 0.2183 0.4143 0.4957 0.2236 0.1350 0.1736 0.3064 0.5166 0.3859 0.1424 0.1474 0.2305 0.4395 0.4833 0.1922 0.1357 0.1819 0.3286 0.5179 0.3506 0.1387 0.1528 0.2482 0.4713 0.4618 0.1655 0.1380 0.1953 0.3633 0.5126 0.3004 0.1364 0.1396 0.1364 0.3004 0.5126 0.3633 0.1953 0.1380 0.1655 0.4618 0.4713 0.2482 0.1528 0.1387 0.3506 0.5179 0.3286 0.1819 0.1357 0.1922 0.4833 0.4395 0.2305 0.1474 0.1424 0.3859 0.5166 0.3064 0.1736 0.1350 0.2236 0.4957 0.4143 0.2183 0.1438 0.1468 0.4118 0.5107 0.2881 0.1668 0.1351 0.2589 0.5052 0.3899 0.2073 0.1409 0.1528 0.4347 0.4989 0.2712 0.1608 0.1402
0.1640 0.2736 0.5010 0.4315 0.1518 0.1413 0.2088 0.3934 0.5040 0.2536 0.1350 0.1677 0.2906 0.5119 0.4083 0.1460 0.1443 0.2200 0.4179 0.4941 0.2188 0.1351 0.1746 0.3091 0.5171 0.3818 0.1419 0.1479 0.2323 0.4426 0.4816 0.1893 0.1358 0.1827 0.3305 0.5178 0.3482 0.1385 0.1530 0.2490 0.4723 0.4611 0.1652 0.1380 0.1954 0.3633 0.5125 0.2957 0.1358 0.1561 0.2056 0.1561 0.1358 0.2957 0.5125 0.3633 0.1954 0.1380 0.1652 0.4611 0.4723 0.2490 0.1530 0.1385 0.3482 0.5178 0.3305 0.1827 0.1358 0.1893 0.4816 0.4426 0.2323 0.1479 0.1419 0.3818 0.5171 0.3091 0.1746 0.1351 0.2188 0.4941 0.4179 0.2200 0.1443 0.1460 0.4083 0.5119 0.2906 0.1677 0.1350 0.2536 0.5040 0.3934 0.2088 0.1413 0.1518 0.4315 0.5010 0.2736 0.1640
0.2752 0.5026 0.4290 0.1510 0.1416 0.2100 0.3961 0.5030 0.2495 0.1350 0.1684 0.2927 0.5127 0.4054 0.1455 0.1447 0.2213 0.4207 0.4928 0.2151 0.1351 0.1754 0.3113 0.5173 0.3786 0.1415 0.1483 0.2337 0.4453 0.4801 0.1870 0.1359 0.1833 0.3321 0.5177 0.3463 0.1383 0.1532 0.2495 0.4729 0.4607 0.1650 0.1380 0.1953 0.3629 0.5126 0.2957 0.1358 0.1602 0.2600 0.3909 0.2600 0.1602 0.1358 0.2957 0.5126 0.3629 0.1953 0.1380 0.1650 0.4607 0.4729 0.2495 0.1532 0.1383 0.3463 0.5177 0.3321 0.1833 0.1359 0.1870 0.4801 0.4453 0.2337 0.1483 0.1415 0.3786 0.5173 0.3113 0.1754 0.1351 0.2151 0.4928 0.4207 0.2213 0.1447 0.1455 0.4054 0.5127 0.2927 0.1684 0.1350 0.2495 0.5030 0.3961 0.2100 0.1416 0.1510 0.4290 0.5026 0.2752
0.5001 0.4294 0.1510 0.1414 0.2097 0.3956 0.5030 0.2501 0.1349 0.1682 0.2923 0.5125 0.4058 0.1455 0.1445 0.2210 0.4202 0.4929 0.2156 0.1350 0.1751 0.3109 0.5172 0.3791 0.1414 0.1482 0.2334 0.4448 0.4803 0.1874 0.1358 0.1829 0.3313 0.5177 0.3479 0.1384 0.1528 0.2484 0.4711 0.4622 0.1661 0.1377 0.1941 0.3601 0.5132 0.3004 0.1358 0.1602 0.2686 0.4852 0.5043 0.4852 0.2686 0.1602 0.1358 0.3004 0.5132 0.3601 0.1941 0.1377 0.1661 0.4622 0.4711 0.2484 0.1528 0.1384 0.3479 0.5177 0.3313 0.1829 0.1358 0.1874 0.4803 0.4448 0.2334 0.1482 0.1414 0.3791 0.5172 0.3109 0.1751 0.1350 0.2156 0.4929 0.4202 0.2210 0.1445 0.1455 0.4058 0.5125 0.2923 0.1682 0.1349 0.2501 0.5030 0.3956 0.2097 0.1414 0.1510 0.4294 0.5001
0.4428 0.1549 0.1394 0.2030 0.3819 0.5071 0.2712 0.1347 0.1639 0.2821 0.5070 0.4198 0.1481 0.1421 0.2138 0.4062 0.4985 0.2352 0.1344 0.1704 0.3000 0.5146 0.3950 0.1432 0.1454 0.2256 0.4308 0.4873 0.2026 0.1348 0.1777 0.3194 0.5173 0.3664 0.1396 0.1495 0.2394 0.4571 0.4720 0.1755 0.1361 0.1877 0.3458 0.5154 0.3238 0.1364 0.1561 0.2600 0.4852 0.4611 0.2850 0.4611 0.4852 0.2600 0.1561 0.1364 0.3238 0.5154 0.3458 0.1877 0.1361 0.1755 0.4720 0.4571 0.2394 0.1495 0.1396 0.3664 0.5173 0.3194 0.1777 0.1348 0.2026 0.4873 0.4308 0.2256 0.1454 0.1432 0.3950 0.5146 0.3000 0.1704 0.1344 0.2352 0.4985 0.4062 0.2138 0.1421 0.1481 0.4198 0.5070 0.2821 0.1639 0.1347 0.2712 0.5071 0.3819 0.2030 0.1394 0.1549 0.4428
0.2458 0.1340 0.1679 0.2946 0.5132 0.4013 0.1433 0.1439 0.2215 0.4250 0.4898 0.2104 0.1342 0.1749 0.3137 0.5168 0.3742 0.1395 0.1476 0.2342 0.4496 0.4769 0.1831 0.1351 0.1827 0.3344 0.5165 0.3439 0.1368 0.1519 0.2481 0.4727 0.4610 0.1653 0.1367 0.1918 0.3578 0.5128 0.3068 0.1349 0.1578 0.2665 0.4962 0.4370 0.1521 0.1396 0.2056 0.3909 0.5043 0.2850 0.1440 0.2850 0.5043 0.3909 0.2056 0.1396 0.1521 0.4370 0.4962 0.2665 0.1578 0.1349 0.3068 0.5128 0.3578 0.1918 0.1367 0.1653 0.4610 0.4727 0.2481 0.1519 0.1368 0.3439 0.5165 0.3344 0.1827 0.1351 0.1831 0.4769 0.4496 0.2342 0.1476 0.1395 0.3742 0.5168 0.3137 0.1749 0.1342 0.2104 0.4898 0.4250 0.2215 0.1439 0.1433 0.4013 0.5132 0.2946 0.1679 0.1340 0.2458
0.4428 0.1549 0.1394 0.2030 0.3819 0.5071 0.2712 0.1347 0.1639 0.2821 0.5070 0.4198 0.1481 0.1421 0.2138 0.4062 0.4985 0.2352 0.1344 0.1704 0.3000 0.5146 0.3950 0.1432 0.1454 0.2256 0.4308 0.4873 0.2026 0.1348 0.1777 0.3194 0.5173 0.3664 0.1396 0.1495 0.2394 0.4571 0.4720 0.1755 0.1361 0.1877 0.3458 0.5154 0.3238 0.1364 0.1561 0.2600 0.4852 0.4611 0.2850 0.4611 0.4852 0.2600 0.1561 0.1364 0.3238 0.5154 0.3458 0.1877 0.1361 0.1755 0.4720 0.4571 0.2394 0.1495 0.1396 0.3664 0.5173 0.3194 0.1777 0.1348 0.2026 0.4873 0.4308 0.2256 0.1454 0.1432 0.3950 0.5146 0.3000 0.1704 0.1344 0.2352 0.4985 0.4062 0.2138 0.1421 0.1481 0.4198 0.5070 0.2821 0.1639 0.1347 0.2712 0.5071 0.3819 0.2030 0.1394 0.1549 0.4428
0.5001 0.4294 0.1510 0.1414 0.2097 0.3956 0.5030 0.2501 0.1349 0.1682 0.2923 0.5125 0.4058 0.1455 0.1445 0.2210 0.4202 0.4929 0.2156 0.1350 0.1751 0.3109 0.5172 0.3791 0.1414 0.1482 0.2334 0.4448 0.4803 0.1874 0.1358 0.1829 0.3313 0.5177 0.3479 0.1384 0.1528 0.2484 0.4711 0.4622 0.1661 0.1377 0.1941 0.3601 0.5132 0.3004 0.1358 0.1602 0.2686 0.4852 0.5043 0.4852 0.2686 0.1602 0.1358 0.3004 0.5132 0.3601 0.1941 0.1377 0.1661 0.4622 0.4711 0.2484 0.1528 0.1384 0.3479 0.5177 0.3313 0.1829 0.1358 0.1874 0.4803 0.4448 0.2334 0.1482 0.1414 0.3791 0.5172 0.3109 0.1751 0.1350 0.2156 0.4929 0.4202 0.2210 0.1445 0.1455 0.4058 0.5125 0.2923 0.1682 0.1349 0.2501 0.5030 0.3956 0.2097 0.1414 0.1510 0.4294 0.5001
0.2752 0.5026 0.4290 0.1510 0.1416 0.2100 0.3961 0.5030 0.2495 0.1350 0.1684 0.2927 0.5127 0.4054 0.1455 0.1447 0.2213 0.4207 0.4928 0.2151 0.1351 0.1754 0.3113 0.5173 0.3786 0.1415 0.1483 0.2337 0.4453 0.4801 0.1870 0.1359 0.1833 0.3321 0.5177 0.3463 0.1383 0.1532 0.2495 0.4729 0.4607 0.1650 0.1380 0.1953 0.3629 0.5126 0.2957 0.1358 0.1602 0.2600 0.3909 0.2600 0.1602 0.1358 0.2957 0.5126 0.3629 0.1953 0.1380 0.1650 0.4607 0.4729 0.2495 0.1532 0.1383 0.3463 0.5177 0.3321 0.1833 0.1359 0.1870 0.4801 0.4453 0.2337 0.1483 0.1415 0.3786 0.5173 0.3113 0.1754 0.1351 0.2151 0.4928 0.4207 0.2213 0.1447 0.1455 0.4054 0.5127 0.2927 0.1684 0.1350 0.2495 0.5030 0.3961 0.2100 0.1416 0.1510 0.4290 0.5026 0.2752
0.1640 0.2736 0.5010 0.4315 0.1518 0.1413 0.2088 0.3934 0.5040 0.2536 0.1350 0.1677 0.2906 0.5119 0.4083 0.1460 0.1443 0.2200 0.4179 0.4941 0.2188 0.1351 0.1746 0.3091 0.5171 0.3818 0.1419 0.1479 0.2323 0.4426 0.4816 0.1893 0.1358 0.1827 0.3305 0.5178 0.3482 0.1385 0.1530 0.2490 0.4723 0.4611 0.1652 0.1380 0.1954 0.3633 0.5125 0.2957 0.1358 0.1561 0.2056 0.1561 0.1358 0.2957 0.5125 0.3633 0.1954 0.1380 0.1652 0.4611 0.4723 0.2490 0.1530 0.1385 0.3482 0.5178 0.3305 0.1827 0.1358 0.1893 0.4816 0.4426 0.2323 0.1479 0.1419 0.3818 0.5171 0.3091 0.1746 0.1351 0.2188 0.4941 0.4179 0.2200 0.1443 0.1460 0.4083 0.5119 0.2906 0.1677 0.1350 0.2536 0.5040 0.3934 0.2088 0.1413 0.1518 0.4315 0.5010 0.2736 0.1640
0.1402 0.1608 0.2712 0.4989 0.4347 0.1528 0.1409 0.2073 0.3899 0.5052 0.2589 0.1351 0.1668 0.2881 0.5107 0.4118 0.1468 0.1438 0.2183 0.4143 0.4957 0.2236 0.1350 0.1736 0.3064 0.5166 0.3859 0.1424 0.1474 0.2305 0.4395 0.4833 0.1922 0.1357 0.1819 0.3286 0.5179 0.3506 0.1387 0.1528 0.2482 0.4713 0.4618 0.1655 0.1380 0.1953 0.3633 0.5126 0.3004 0.1364 0.1396 0.1364 0.3004 0.5126 0.3633 0.1953 0.1380 0.1655 0.4618 0.4713 0.2482 0.1528 0.1387 0.3506 0.5179 0.3286 0.1819 0.1357 0.1922 0.4833 0.4395 0.2305 0.1474 0.1424 0.3859 0.5166 0.3064 0.1736 0.1350 0.2236 0.4957 0.4143 0.2183 0.1438 0.1468 0.4118 0.5107 0.2881 0.1668 0.1351 0.2589 0.5052 0.3899 0.2073 0.1409 0.1528 0.4347 0.4989 0.2712 0.1608 0.1402
