0.0176 0.2723 1.0000 1.0000 0.0005 0.0067 0.0999 1.0000 1.0000 0.0002 0.0024 0.0363 0.5390 1.0000 0.0001 0.0009 0.0131 0.1952 1.0000 1.0000 0.0003 0.0048 0.0707 1.0000 1.0000 0.0001 0.0017 0.0256 0.3806 1.0000 0.0000 0.0006 0.0093 0.1378 1.0000 1.0000 0.0002 0.0034 0.0499 0.7419 1.0000 0.0001 0.0012 0.0181 0.2687 1.0000 1.0000 0.0004 0.0062 0.0769 0.4068 0.0769 0.0062 0.0004 1.0000 1.0000 0.2687 0.0181 0.0012 0.0001 1.0000 0.7419 0.0499 0.0034 0.0002 1.0000 1.0000 0.1378 0.0093 0.0006 0.0000 1.0000 0.3806 0.0256 0.0017 0.0001 1.0000 1.0000 0.0707 0.0048 0.0003 1.0000 1.0000 0.1952 0.0131 0.0009 0.0001 1.0000 0.5390 0.0363 0.0024 0.0002 1.0000 1.0000 0.0999 0.0067 0.0005 1.0000 1.0000 0.2723 0.0176
0.2723 1.0000 1.0000 0.0004 0.0067 0.0990 1.0000 1.0000 0.0002 0.0024 0.0359 0.5329 1.0000 0.0001 0.0009 0.0130 0.1930 1.0000 1.0000 0.0003 0.0047 0.0699 1.0000 1.0000 0.0001 0.0017 0.0253 0.3762 1.0000 0.0000 0.0006 0.0092 0.1363 1.0000 1.0000 0.0002 0.0033 0.0494 0.7335 1.0000 0.0001 0.0012 0.0179 0.2657 1.0000 1.0000 0.0004 0.0064 0.0912 1.0000 1.0000 1.0000 0.0912 0.0064 0.0004 1.0000 1.0000 0.2657 0.0179 0.0012 0.0001 1.0000 0.7335 0.0494 0.0033 0.0002 1.0000 1.0000 0.1363 0.0092 0.0006 0.0000 1.0000 0.3762 0.0253 0.0017 0.0001 1.0000 1.0000 0.0699 0.0047 0.0003 1.0000 1.0000 0.1930 0.0130 0.0009 0.0001 1.0000 0.5329 0.0359 0.0024 0.0002 1.0000 1.0000 0.0990 0.0067 0.0004 1.0000 1.0000 0.2723
1.0000 1.0000 0.0004 0.0065 0.0962 1.0000 1.0000 0.0002 0.0023 0.0346 0.5139 1.0000 0.0001 0.0008 0.0125 0.1858 1.0000 1.0000 0.0003 0.0045 0.0673 1.0000 1.0000 0.0001 0.0016 0.0244 0.3622 1.0000 0.0000 0.0006 0.0088 0.1312 1.0000 1.0000 0.0002 0.0032 0.0475 0.7061 1.0000 0.0001 0.0012 0.0172 0.2557 1.0000 1.0000 0.0004 0.0062 0.0916 1.0000 1.0000 0.0000 1.0000 1.0000 0.0916 0.0062 0.0004 1.0000 1.0000 0.2557 0.0172 0.0012 0.0001 1.0000 0.7061 0.0475 0.0032 0.0002 1.0000 1.0000 0.1312 0.0088 0.0006 0.0000 1.0000 0.3622 0.0244 0.0016 0.0001 1.0000 1.0000 0.0673 0.0045 0.0003 1.0000 1.0000 0.1858 0.0125 0.0008 0.0001 1.0000 0.5139 0.0346 0.0023 0.0002 1.0000 1.0000 0.0962 0.0065 0.0004 1.0000 1.0000
1.0000 0.0004 0.0065 0.0949 1.0000 1.0000 0.0002 0.0023 0.0334 0.4957 1.0000 0.0001 0.0008 0.0120 0.1789 1.0000 1.0000 0.0003 0.0044 0.0648 0.9627 1.0000 0.0001 0.0016 0.0235 0.3487 1.0000 0.0000 0.0006 0.0085 0.1263 1.0000 1.0000 0.0002 0.0031 0.0457 0.6797 1.0000 0.0001 0.0011 0.0166 0.2462 1.0000 1.0000 0.0004 0.0060 0.0890 1.0000 1.0000 0.0001 0.0006 0.0001 1.0000 1.0000 0.0890 0.0060 0.0004 1.0000 1.0000 0.2462 0.0166 0.0011 0.0001 1.0000 0.6797 0.0457 0.0031 0.0002 1.0000 1.0000 0.1263 0.0085 0.0006 0.0000 1.0000 0.3487 0.0235 0.0016 0.0001 1.0000 0.9627 0.0648 0.0044 0.0003 1.0000 1.0000 0.1789 0.0120 0.0008 0.0001 1.0000 0.4957 0.0334 0.0023 0.0002 1.0000 1.0000 0.0949 0.0065 0.0004 1.0000
0.0005 0.0067 0.0962 1.0000 1.0000 0.0001 0.0022 0.0325 0.4799 1.0000 0.0001 0.0008 0.0116 0.1725 1.0000 1.0000 0.0003 0.0042 0.0624 0.9267 1.0000 0.0001 0.0015 0.0226 0.3357 1.0000 1.0000 0.0006 0.0082 0.1216 1.0000 1.0000 0.0002 0.0030 0.0440 0.6544 1.0000 0.0001 0.0011 0.0159 0.2370 1.0000 1.0000 0.0004 0.0058 0.0858 1.0000 1.0000 0.0001 0.0017 0.0087 0.0017 0.0001 1.0000 1.0000 0.0858 0.0058 0.0004 1.0000 1.0000 0.2370 0.0159 0.0011 0.0001 1.0000 0.6544 0.0440 0.0030 0.0002 1.0000 1.0000 0.1216 0.0082 0.0006 1.0000 1.0000 0.3357 0.0226 0.0015 0.0001 1.0000 0.9267 0.0624 0.0042 0.0003 1.0000 1.0000 0.1725 0.0116 0.0008 0.0001 1.0000 0.4799 0.0325 0.0022 0.0001 1.0000 1.0000 0.0962 0.0067 0.0005
0.0067 0.0990 1.0000 1.0000 0.0001 0.0022 0.0320 0.4700 1.0000 0.0001 0.0008 0.0112 0.1667 1.0000 1.0000 0.0003 0.0040 0.0600 0.8922 1.0000 0.0001 0.0015 0.0217 0.3231 1.0000 1.0000 0.0005 0.0079 0.1170 1.0000 1.0000 0.0002 0.0029 0.0424 0.6299 1.0000 0.0001 0.0010 0.0154 0.2282 1.0000 1.0000 0.0004 0.0056 0.0826 1.0000 1.0000 0.0001 0.0019 0.0237 0.1239 0.0237 0.0019 0.0001 1.0000 1.0000 0.0826 0.0056 0.0004 1.0000 1.0000 0.2282 0.0154 0.0010 0.0001 1.0000 0.6299 0.0424 0.0029 0.0002 1.0000 1.0000 0.1170 0.0079 0.0005 1.0000 1.0000 0.3231 0.0217 0.0015 0.0001 1.0000 0.8922 0.0600 0.0040 0.0003 1.0000 1.0000 0.1667 0.0112 0.0008 0.0001 1.0000 0.4700 0.0320 0.0022 0.0001 1.0000 1.0000 0.0990 0.0067
0.0999 1.0000 1.0000 0.0002 0.0022 0.0320 0.4673 1.0000 0.0001 0.0007 0.0109 0.1617 1.0000 1.0000 0.0003 0.0039 0.0579 0.8605 1.0000 0.0001 0.0014 0.0209 0.3111 1.0000 1.0000 0.0005 0.0076 0.1127 1.0000 1.0000 0.0002 0.0027 0.0408 0.6064 1.0000 0.0001 0.0010 0.0148 0.2196 1.0000 1.0000 0.0004 0.0054 0.0796 1.0000 1.0000 0.0001 0.0019 0.0273 0.3395 1.0000 0.3395 0.0273 0.0019 0.0001 1.0000 1.0000 0.0796 0.0054 0.0004 1.0000 1.0000 0.2196 0.0148 0.0010 0.0001 1.0000 0.6064 0.0408 0.0027 0.0002 1.0000 1.0000 0.1127 0.0076 0.0005 1.0000 1.0000 0.3111 0.0209 0.0014 0.0001 1.0000 0.8605 0.0579 0.0039 0.0003 1.0000 1.0000 0.1617 0.0109 0.0007 0.0001 1.0000 0.4673 0.0320 0.0022 0.0002 1.0000 1.0000 0.0999
1.0000 1.0000 0.0002 0.0023 0.0325 0.4700 1.0000 0.0000 0.0007 0.0107 0.1581 1.0000 1.0000 0.0003 0.0038 0.0560 0.8300 1.0000 0.0001 0.0014 0.0202 0.2995 1.0000 1.0000 0.0005 0.0073 0.1085 1.0000 1.0000 0.0002 0.0026 0.0393 0.5838 1.0000 0.0001 0.0010 0.0142 0.2114 1.0000 1.0000 0.0003 0.0052 0.0766 1.0000 1.0000 0.0001 0.0019 0.0274 0.3908 1.0000 1.0000 1.0000 0.3908 0.0274 0.0019 0.0001 1.0000 1.0000 0.0766 0.0052 0.0003 1.0000 1.0000 0.2114 0.0142 0.0010 0.0001 1.0000 0.5838 0.0393 0.0026 0.0002 1.0000 1.0000 0.1085 0.0073 0.0005 1.0000 1.0000 0.2995 0.0202 0.0014 0.0001 1.0000 0.8300 0.0560 0.0038 0.0003 1.0000 1.0000 0.1581 0.0107 0.0007 0.0000 1.0000 0.4700 0.0325 0.0023 0.0002 1.0000 1.0000
1.0000 0.0002 0.0023 0.0334 0.4799 1.0000 0.0001 0.0007 0.0107 0.1560 1.0000 1.0000 0.0002 0.0037 0.0543 0.8051 1.0000 0.0001 0.0013 0.0194 0.2888 1.0000 1.0000 0.0005 0.0070 0.1044 1.0000 1.0000 0.0002 0.0025 0.0378 0.5620 1.0000 0.0001 0.0009 0.0137 0.2036 1.0000 1.0000 0.0003 0.0050 0.0737 1.0000 1.0000 0.0001 0.0018 0.0267 0.3923 1.0000 1.0000 0.0002 1.0000 1.0000 0.3923 0.0267 0.0018 0.0001 1.0000 1.0000 0.0737 0.0050 0.0003 1.0000 1.0000 0.2036 0.0137 0.0009 0.0001 1.0000 0.5620 0.0378 0.0025 0.0002 1.0000 1.0000 0.1044 0.0070 0.0005 1.0000 1.0000 0.2888 0.0194 0.0013 0.0001 1.0000 0.8051 0.0543 0.0037 0.0002 1.0000 1.0000 0.1560 0.0107 0.0007 0.0001 1.0000 0.4799 0.0334 0.0023 0.0002 1.0000
0.0002 0.0024 0.0346 0.4957 1.0000 0.0001 0.0007 0.0107 0.1560 1.0000 1.0000 0.0002 0.0036 0.0530 0.7824 1.0000 0.0001 0.0013 0.0188 0.2786 1.0000 1.0000 0.0005 0.0068 0.1005 1.0000 1.0000 0.0002 0.0025 0.0364 0.5410 1.0000 0.0001 0.0009 0.0132 0.1960 1.0000 1.0000 0.0003 0.0048 0.0710 1.0000 1.0000 0.0001 0.0017 0.0257 0.3813 1.0000 0.0000 0.0005 0.0026 0.0005 0.0000 1.0000 0.3813 0.0257 0.0017 0.0001 1.0000 1.0000 0.0710 0.0048 0.0003 1.0000 1.0000 0.1960 0.0132 0.0009 0.0001 1.0000 0.5410 0.0364 0.0025 0.0002 1.0000 1.0000 0.1005 0.0068 0.0005 1.0000 1.0000 0.2786 0.0188 0.0013 0.0001 1.0000 0.7824 0.0530 0.0036 0.0002 1.0000 1.0000 0.1560 0.0107 0.0007 0.0001 1.0000 0.4957 0.0346 0.0024 0.0002
0.0024 0.0359 0.5139 1.0000 0.0001 0.0008 0.0109 0.1581 1.0000 1.0000 0.0002 0.0036 0.0522 0.7662 1.0000 0.0001 0.0012 0.0182 0.2697 1.0000 1.0000 0.0004 0.0065 0.0970 1.0000 1.0000 0.0002 0.0024 0.0350 0.5208 1.0000 0.0001 0.0009 0.0127 0.1886 1.0000 1.0000 0.0003 0.0046 0.0683 1.0000 1.0000 0.0001 0.0017 0.0247 0.3678 1.0000 0.0000 0.0006 0.0071 0.0371 0.0071 0.0006 0.0000 1.0000 0.3678 0.0247 0.0017 0.0001 1.0000 1.0000 0.0683 0.0046 0.0003 1.0000 1.0000 0.1886 0.0127 0.0009 0.0001 1.0000 0.5208 0.0350 0.0024 0.0002 1.0000 1.0000 0.0970 0.0065 0.0004 1.0000 1.0000 0.2697 0.0182 0.0012 0.0001 1.0000 0.7662 0.0522 0.0036 0.0002 1.0000 1.0000 0.1581 0.0109 0.0008 0.0001 1.0000 0.5139 0.0359 0.0024
0.0363 0.5329 1.0000 0.0001 0.0008 0.0112 0.1617 1.0000 1.0000 0.0002 0.0036 0.0519 0.7576 1.0000 0.0001 0.0012 0.0178 0.2626 1.0000 1.0000 0.0004 0.0063 0.0935 1.0000 1.0000 0.0002 0.0023 0.0337 0.5014 1.0000 0.0001 0.0008 0.0122 0.1816 1.0000 1.0000 0.0003 0.0044 0.0658 0.9774 1.0000 0.0001 0.0016 0.0238 0.3540 1.0000 0.0000 0.0006 0.0082 0.1017 0.5308 0.1017 0.0082 0.0006 0.0000 1.0000 0.3540 0.0238 0.0016 0.0001 1.0000 0.9774 0.0658 0.0044 0.0003 1.0000 1.0000 0.1816 0.0122 0.0008 0.0001 1.0000 0.5014 0.0337 0.0023 0.0002 1.0000 1.0000 0.0935 0.0063 0.0004 1.0000 1.0000 0.2626 0.0178 0.0012 0.0001 1.0000 0.7576 0.0519 0.0036 0.0002 1.0000 1.0000 0.1617 0.0112 0.0008 0.0001 1.0000 0.5329 0.0363
0.5390 1.0000 0.0001 0.0008 0.0116 0.1667 1.0000 1.0000 0.0002 0.0036 0.0522 0.7576 1.0000 0.0001 0.0012 0.0174 0.2567 1.0000 1.0000 0.0004 0.0061 0.0905 1.0000 1.0000 0.0001 0.0022 0.0325 0.4827 1.0000 0.0001 0.0008 0.0118 0.1748 1.0000 1.0000 0.0003 0.0043 0.0633 0.9410 1.0000 0.0001 0.0015 0.0229 0.3408 1.0000 1.0000 0.0006 0.0082 0.1170 1.0000 1.0000 1.0000 0.1170 0.0082 0.0006 1.0000 1.0000 0.3408 0.0229 0.0015 0.0001 1.0000 0.9410 0.0633 0.0043 0.0003 1.0000 1.0000 0.1748 0.0118 0.0008 0.0001 1.0000 0.4827 0.0325 0.0022 0.0001 1.0000 1.0000 0.0905 0.0061 0.0004 1.0000 1.0000 0.2567 0.0174 0.0012 0.0001 1.0000 0.7576 0.0522 0.0036 0.0002 1.0000 1.0000 0.1667 0.0116 0.0008 0.0001 1.0000 0.5390
1.0000 0.0001 0.0008 0.0120 0.1725 1.0000 1.0000 0.0003 0.0037 0.0530 0.7662 1.0000 0.0001 0.0012 0.0172 0.2528 1.0000 1.0000 0.0004 0.0060 0.0880 1.0000 1.0000 0.0001 0.0021 0.0313 0.4656 1.0000 0.0001 0.0008 0.0113 0.1683 1.0000 1.0000 0.0003 0.0041 0.0610 0.9058 1.0000 0.0001 0.0015 0.0221 0.3281 1.0000 1.0000 0.0005 0.0080 0.1175 1.0000 1.0000 0.0001 1.0000 1.0000 0.1175 0.0080 0.0005 1.0000 1.0000 0.3281 0.0221 0.0015 0.0001 1.0000 0.9058 0.0610 0.0041 0.0003 1.0000 1.0000 0.1683 0.0113 0.0008 0.0001 1.0000 0.4656 0.0313 0.0021 0.0001 1.0000 1.0000 0.0880 0.0060 0.0004 1.0000 1.0000 0.2528 0.0172 0.0012 0.0001 1.0000 0.7662 0.0530 0.0037 0.0003 1.0000 1.0000 0.1725 0.0120 0.0008 0.0001 1.0000
0.0001 0.0009 0.0125 0.1789 1.0000 1.0000 0.0003 0.0038 0.0543 0.7824 1.0000 0.0001 0.0012 0.0172 0.2519 1.0000 1.0000 0.0004 0.0058 0.0860 1.0000 1.0000 0.0001 0.0021 0.0303 0.4499 1.0000 0.0000 0.0007 0.0109 0.1620 1.0000 1.0000 0.0003 0.0039 0.0587 0.8720 1.0000 0.0001 0.0014 0.0213 0.3158 1.0000 1.0000 0.0005 0.0077 0.1142 1.0000 1.0000 0.0001 0.0008 0.0001 1.0000 1.0000 0.1142 0.0077 0.0005 1.0000 1.0000 0.3158 0.0213 0.0014 0.0001 1.0000 0.8720 0.0587 0.0039 0.0003 1.0000 1.0000 0.1620 0.0109 0.0007 0.0000 1.0000 0.4499 0.0303 0.0021 0.0001 1.0000 1.0000 0.0860 0.0058 0.0004 1.0000 1.0000 0.2519 0.0172 0.0012 0.0001 1.0000 0.7824 0.0543 0.0038 0.0003 1.0000 1.0000 0.1789 0.0125 0.0009 0.0001
0.0009 0.0130 0.1858 1.0000 1.0000 0.0003 0.0039 0.0560 0.8051 1.0000 0.0001 0.0012 0.0174 0.2528 1.0000 1.0000 0.0004 0.0058 0.0845 1.0000 1.0000 0.0001 0.0020 0.0295 0.4364 1.0000 0.0000 0.0007 0.0105 0.1563 1.0000 1.0000 0.0003 0.0038 0.0565 0.8395 1.0000 0.0001 0.0014 0.0205 0.3041 1.0000 1.0000 0.0005 0.0074 0.1101 1.0000 1.0000 0.0002 0.0021 0.0111 0.0021 0.0002 1.0000 1.0000 0.1101 0.0074 0.0005 1.0000 1.0000 0.3041 0.0205 0.0014 0.0001 1.0000 0.8395 0.0565 0.0038 0.0003 1.0000 1.0000 0.1563 0.0105 0.0007 0.0000 1.0000 0.4364 0.0295 0.0020 0.0001 1.0000 1.0000 0.0845 0.0058 0.0004 1.0000 1.0000 0.2528 0.0174 0.0012 0.0001 1.0000 0.8051 0.0560 0.0039 0.0003 1.0000 1.0000 0.1858 0.0130 0.0009
0.0131 0.1930 1.0000 1.0000 0.0003 0.0040 0.0579 0.8300 1.0000 0.0001 0.0012 0.0178 0.2567 1.0000 1.0000 0.0004 0.0057 0.0837 1.0000 1.0000 0.0001 0.0020 0.0288 0.4249 1.0000 0.0000 0.0007 0.0102 0.1510 1.0000 1.0000 0.0002 0.0037 0.0544 0.8082 1.0000 0.0001 0.0013 0.0197 0.2927 1.0000 1.0000 0.0005 0.0071 0.1060 1.0000 1.0000 0.0002 0.0025 0.0304 0.1590 0.0304 0.0025 0.0002 1.0000 1.0000 0.1060 0.0071 0.0005 1.0000 1.0000 0.2927 0.0197 0.0013 0.0001 1.0000 0.8082 0.0544 0.0037 0.0002 1.0000 1.0000 0.1510 0.0102 0.0007 0.0000 1.0000 0.4249 0.0288 0.0020 0.0001 1.0000 1.0000 0.0837 0.0057 0.0004 1.0000 1.0000 0.2567 0.0178 0.0012 0.0001 1.0000 0.8300 0.0579 0.0040 0.0003 1.0000 1.0000 0.1930 0.0131
0.1952 1.0000 1.0000 0.0003 0.0042 0.0600 0.8605 1.0000 0.0001 0.0013 0.0182 0.2626 1.0000 1.0000 0.0004 0.0058 0.0837 1.0000 1.0000 0.0001 0.0019 0.0282 0.4153 1.0000 0.0000 0.0007 0.0099 0.1465 1.0000 1.0000 0.0002 0.0035 0.0525 0.7780 1.0000 0.0001 0.0013 0.0190 0.2818 1.0000 1.0000 0.0005 0.0069 0.1021 1.0000 1.0000 0.0002 0.0025 0.0350 0.4356 1.0000 0.4356 0.0350 0.0025 0.0002 1.0000 1.0000 0.1021 0.0069 0.0005 1.0000 1.0000 0.2818 0.0190 0.0013 0.0001 1.0000 0.7780 0.0525 0.0035 0.0002 1.0000 1.0000 0.1465 0.0099 0.0007 0.0000 1.0000 0.4153 0.0282 0.0019 0.0001 1.0000 1.0000 0.0837 0.0058 0.0004 1.0000 1.0000 0.2626 0.0182 0.0013 0.0001 1.0000 0.8605 0.0600 0.0042 0.0003 1.0000 1.0000 0.1952
1.0000 1.0000 0.0003 0.0044 0.0624 0.8922 1.0000 0.0001 0.0013 0.0188 0.2697 1.0000 1.0000 0.0004 0.0058 0.0845 1.0000 1.0000 0.0001 0.0019 0.0279 0.4091 1.0000 0.0000 0.0007 0.0096 0.1424 1.0000 1.0000 0.0002 0.0034 0.0506 0.7504 1.0000 0.0001 0.0012 0.0183 0.2713 1.0000 1.0000 0.0004 0.0066 0.0983 1.0000 1.0000 0.0002 0.0024 0.0352 0.5014 1.0000 1.0000 1.0000 0.5014 0.0352 0.0024 0.0002 1.0000 1.0000 0.0983 0.0066 0.0004 1.0000 1.0000 0.2713 0.0183 0.0012 0.0001 1.0000 0.7504 0.0506 0.0034 0.0002 1.0000 1.0000 0.1424 0.0096 0.0007 0.0000 1.0000 0.4091 0.0279 0.0019 0.0001 1.0000 1.0000 0.0845 0.0058 0.0004 1.0000 1.0000 0.2697 0.0188 0.0013 0.0001 1.0000 0.8922 0.0624 0.0044 0.0003 1.0000 1.0000
1.0000 0.0003 0.0045 0.0648 0.9267 1.0000 0.0001 0.0014 0.0194 0.2786 1.0000 1.0000 0.0004 0.0060 0.0860 1.0000 1.0000 0.0001 0.0019 0.0278 0.4060 1.0000 0.0000 0.0006 0.0094 0.1389 1.0000 1.0000 0.0002 0.0033 0.0490 0.7265 1.0000 0.0001 0.0012 0.0176 0.2611 1.0000 1.0000 0.0004 0.0064 0.0946 1.0000 1.0000 0.0002 0.0023 0.0342 0.5033 1.0000 0.0000 0.0002 0.0000 1.0000 0.5033 0.0342 0.0023 0.0002 1.0000 1.0000 0.0946 0.0064 0.0004 1.0000 1.0000 0.2611 0.0176 0.0012 0.0001 1.0000 0.7265 0.0490 0.0033 0.0002 1.0000 1.0000 0.1389 0.0094 0.0006 0.0000 1.0000 0.4060 0.0278 0.0019 0.0001 1.0000 1.0000 0.0860 0.0060 0.0004 1.0000 1.0000 0.2786 0.0194 0.0014 0.0001 1.0000 0.9267 0.0648 0.0045 0.0003 1.0000
0.0003 0.0047 0.0673 0.9627 1.0000 0.0001 0.0014 0.0202 0.2888 1.0000 1.0000 0.0004 0.0061 0.0880 1.0000 1.0000 0.0001 0.0019 0.0279 0.4060 1.0000 0.0000 0.0006 0.0093 0.1363 1.0000 1.0000 0.0002 0.0032 0.0476 0.7047 1.0000 0.0001 0.0011 0.0170 0.2519 1.0000 1.0000 0.0004 0.0061 0.0911 1.0000 1.0000 0.0001 0.0022 0.0330 0.4892 1.0000 0.0001 0.0006 0.0033 0.0006 0.0001 1.0000 0.4892 0.0330 0.0022 0.0001 1.0000 1.0000 0.0911 0.0061 0.0004 1.0000 1.0000 0.2519 0.0170 0.0011 0.0001 1.0000 0.7047 0.0476 0.0032 0.0002 1.0000 1.0000 0.1363 0.0093 0.0006 0.0000 1.0000 0.4060 0.0279 0.0019 0.0001 1.0000 1.0000 0.0880 0.0061 0.0004 1.0000 1.0000 0.2888 0.0202 0.0014 0.0001 1.0000 0.9627 0.0673 0.0047 0.0003
0.0048 0.0699 1.0000 1.0000 0.0001 0.0015 0.0209 0.2995 1.0000 1.0000 0.0004 0.0063 0.0905 1.0000 1.0000 0.0001 0.0020 0.0282 0.4091 1.0000 0.0000 0.0006 0.0092 0.1347 1.0000 1.0000 0.0002 0.0031 0.0464 0.6862 1.0000 0.0001 0.0011 0.0164 0.2434 1.0000 1.0000 0.0004 0.0059 0.0877 1.0000 1.0000 0.0001 0.0021 0.0317 0.4718 1.0000 0.0001 0.0007 0.0091 0.0476 0.0091 0.0007 0.0001 1.0000 0.4718 0.0317 0.0021 0.0001 1.0000 1.0000 0.0877 0.0059 0.0004 1.0000 1.0000 0.2434 0.0164 0.0011 0.0001 1.0000 0.6862 0.0464 0.0031 0.0002 1.0000 1.0000 0.1347 0.0092 0.0006 0.0000 1.0000 0.4091 0.0282 0.0020 0.0001 1.0000 1.0000 0.0905 0.0063 0.0004 1.0000 1.0000 0.2995 0.0209 0.0015 0.0001 1.0000 1.0000 0.0699 0.0048
0.0707 1.0000 1.0000 0.0001 0.0015 0.0217 0.3111 1.0000 1.0000 0.0005 0.0065 0.0935 1.0000 1.0000 0.0001 0.0020 0.0288 0.4153 1.0000 0.0000 0.0006 0.0092 0.1342 1.0000 1.0000 0.0002 0.0031 0.0455 0.6707 1.0000 0.0001 0.0011 0.0159 0.2361 1.0000 1.0000 0.0004 0.0057 0.0845 1.0000 1.0000 0.0001 0.0021 0.0306 0.4542 1.0000 0.0001 0.0007 0.0105 0.1304 0.6810 0.1304 0.0105 0.0007 0.0001 1.0000 0.4542 0.0306 0.0021 0.0001 1.0000 1.0000 0.0845 0.0057 0.0004 1.0000 1.0000 0.2361 0.0159 0.0011 0.0001 1.0000 0.6707 0.0455 0.0031 0.0002 1.0000 1.0000 0.1342 0.0092 0.0006 0.0000 1.0000 0.4153 0.0288 0.0020 0.0001 1.0000 1.0000 0.0935 0.0065 0.0005 1.0000 1.0000 0.3111 0.0217 0.0015 0.0001 1.0000 1.0000 0.0707
1.0000 1.0000 0.0001 0.0016 0.0226 0.3231 1.0000 1.0000 0.0005 0.0068 0.0970 1.0000 1.0000 0.0001 0.0021 0.0295 0.4249 1.0000 0.0000 0.0006 0.0093 0.1347 1.0000 1.0000 0.0002 0.0031 0.0448 0.6581 1.0000 0.0001 0.0011 0.0156 0.2299 1.0000 1.0000 0.0004 0.0055 0.0815 1.0000 1.0000 0.0001 0.0020 0.0294 0.4372 1.0000 0.0000 0.0007 0.0105 0.1502 1.0000 1.0000 1.0000 0.1502 0.0105 0.0007 0.0000 1.0000 0.4372 0.0294 0.0020 0.0001 1.0000 1.0000 0.0815 0.0055 0.0004 1.0000 1.0000 0.2299 0.0156 0.0011 0.0001 1.0000 0.6581 0.0448 0.0031 0.0002 1.0000 1.0000 0.1347 0.0093 0.0006 0.0000 1.0000 0.4249 0.0295 0.0021 0.0001 1.0000 1.0000 0.0970 0.0068 0.0005 1.0000 1.0000 0.3231 0.0226 0.0016 0.0001 1.0000 1.0000
1.0000 0.0001 0.0016 0.0235 0.3357 1.0000 1.0000 0.0005 0.0070 0.1005 1.0000 1.0000 0.0001 0.0021 0.0303 0.4364 1.0000 0.0000 0.0007 0.0094 0.1363 1.0000 1.0000 0.0002 0.0030 0.0445 0.6506 1.0000 0.0001 0.0010 0.0152 0.2243 1.0000 1.0000 0.0004 0.0053 0.0790 1.0000 1.0000 0.0001 0.0019 0.0283 0.4209 1.0000 0.0000 0.0007 0.0102 0.1507 1.0000 1.0000 0.0001 1.0000 1.0000 0.1507 0.0102 0.0007 0.0000 1.0000 0.4209 0.0283 0.0019 0.0001 1.0000 1.0000 0.0790 0.0053 0.0004 1.0000 1.0000 0.2243 0.0152 0.0010 0.0001 1.0000 0.6506 0.0445 0.0030 0.0002 1.0000 1.0000 0.1363 0.0094 0.0007 0.0000 1.0000 0.4364 0.0303 0.0021 0.0001 1.0000 1.0000 0.1005 0.0070 0.0005 1.0000 1.0000 0.3357 0.0235 0.0016 0.0001 1.0000
0.0001 0.0017 0.0244 0.3487 1.0000 1.0000 0.0005 0.0073 0.1044 1.0000 1.0000 0.0002 0.0022 0.0313 0.4499 1.0000 0.0000 0.0007 0.0096 0.1389 1.0000 1.0000 0.0002 0.0031 0.0445 0.6482 1.0000 0.0001 0.0010 0.0149 0.2196 1.0000 1.0000 0.0004 0.0052 0.0767 1.0000 1.0000 0.0001 0.0018 0.0273 0.4060 1.0000 0.0000 0.0007 0.0099 0.1465 1.0000 1.0000 0.0002 0.0010 0.0002 1.0000 1.0000 0.1465 0.0099 0.0007 0.0000 1.0000 0.4060 0.0273 0.0018 0.0001 1.0000 1.0000 0.0767 0.0052 0.0004 1.0000 1.0000 0.2196 0.0149 0.0010 0.0001 1.0000 0.6482 0.0445 0.0031 0.0002 1.0000 1.0000 0.1389 0.0096 0.0007 0.0000 1.0000 0.4499 0.0313 0.0022 0.0002 1.0000 1.0000 0.1044 0.0073 0.0005 1.0000 1.0000 0.3487 0.0244 0.0017 0.0001
0.0017 0.0253 0.3622 1.0000 1.0000 0.0005 0.0076 0.1085 1.0000 1.0000 0.0002 0.0023 0.0325 0.4656 1.0000 0.0000 0.0007 0.0099 0.1424 1.0000 1.0000 0.0002 0.0031 0.0448 0.6506 1.0000 0.0001 0.0010 0.0148 0.2163 1.0000 1.0000 0.0003 0.0051 0.0749 1.0000 1.0000 0.0001 0.0018 0.0265 0.3923 1.0000 0.0000 0.0006 0.0095 0.1413 1.0000 1.0000 0.0002 0.0027 0.0143 0.0027 0.0002 1.0000 1.0000 0.1413 0.0095 0.0006 0.0000 1.0000 0.3923 0.0265 0.0018 0.0001 1.0000 1.0000 0.0749 0.0051 0.0003 1.0000 1.0000 0.2163 0.0148 0.0010 0.0001 1.0000 0.6506 0.0448 0.0031 0.0002 1.0000 1.0000 0.1424 0.0099 0.0007 0.0000 1.0000 0.4656 0.0325 0.0023 0.0002 1.0000 1.0000 0.1085 0.0076 0.0005 1.0000 1.0000 0.3622 0.0253 0.0017
0.0256 0.3762 1.0000 0.0000 0.0006 0.0079 0.1127 1.0000 1.0000 0.0002 0.0024 0.0337 0.4827 1.0000 0.0000 0.0007 0.0102 0.1465 1.0000 1.0000 0.0002 0.0031 0.0455 0.6581 1.0000 0.0001 0.0010 0.0147 0.2147 1.0000 1.0000 0.0003 0.0050 0.0733 1.0000 1.0000 0.0001 0.0017 0.0257 0.3806 1.0000 0.0000 0.0006 0.0092 0.1360 1.0000 1.0000 0.0002 0.0031 0.0391 0.2039 0.0391 0.0031 0.0002 1.0000 1.0000 0.1360 0.0092 0.0006 0.0000 1.0000 0.3806 0.0257 0.0017 0.0001 1.0000 1.0000 0.0733 0.0050 0.0003 1.0000 1.0000 0.2147 0.0147 0.0010 0.0001 1.0000 0.6581 0.0455 0.0031 0.0002 1.0000 1.0000 0.1465 0.0102 0.0007 0.0000 1.0000 0.4827 0.0337 0.0024 0.0002 1.0000 1.0000 0.1127 0.0079 0.0006 0.0000 1.0000 0.3762 0.0256
0.3806 1.0000 0.0000 0.0006 0.0082 0.1170 1.0000 1.0000 0.0002 0.0025 0.0350 0.5014 1.0000 0.0001 0.0007 0.0105 0.1510 1.0000 1.0000 0.0002 0.0032 0.0464 0.6707 1.0000 0.0001 0.0010 0.0148 0.2147 1.0000 1.0000 0.0003 0.0049 0.0721 1.0000 1.0000 0.0001 0.0017 0.0251 0.3706 1.0000 0.0000 0.0006 0.0089 0.1312 1.0000 1.0000 0.0002 0.0032 0.0450 0.5588 1.0000 0.5588 0.0450 0.0032 0.0002 1.0000 1.0000 0.1312 0.0089 0.0006 0.0000 1.0000 0.3706 0.0251 0.0017 0.0001 1.0000 1.0000 0.0721 0.0049 0.0003 1.0000 1.0000 0.2147 0.0148 0.0010 0.0001 1.0000 0.6707 0.0464 0.0032 0.0002 1.0000 1.0000 0.1510 0.0105 0.0007 0.0001 1.0000 0.5014 0.0350 0.0025 0.0002 1.0000 1.0000 0.1170 0.0082 0.0006 0.0000 1.0000 0.3806
1.0000 0.0000 0.0006 0.0085 0.1216 1.0000 1.0000 0.0002 0.0025 0.0364 0.5208 1.0000 0.0001 0.0008 0.0109 0.1563 1.0000 1.0000 0.0002 0.0033 0.0476 0.6862 1.0000 0.0001 0.0010 0.0149 0.2163 1.0000 1.0000 0.0003 0.0049 0.0712 1.0000 1.0000 0.0001 0.0017 0.0245 0.3615 1.0000 0.0000 0.0006 0.0086 0.1270 1.0000 1.0000 0.0002 0.0031 0.0451 0.6433 1.0000 1.0000 1.0000 0.6433 0.0451 0.0031 0.0002 1.0000 1.0000 0.1270 0.0086 0.0006 0.0000 1.0000 0.3615 0.0245 0.0017 0.0001 1.0000 1.0000 0.0712 0.0049 0.0003 1.0000 1.0000 0.2163 0.0149 0.0010 0.0001 1.0000 0.6862 0.0476 0.0033 0.0002 1.0000 1.0000 0.1563 0.0109 0.0008 0.0001 1.0000 0.5208 0.0364 0.0025 0.0002 1.0000 1.0000 0.1216 0.0085 0.0006 0.0000 1.0000
0.0000 0.0006 0.0088 0.1263 1.0000 1.0000 0.0002 0.0026 0.0378 0.5410 1.0000 0.0001 0.0008 0.0113 0.1620 1.0000 1.0000 0.0002 0.0034 0.0490 0.7047 1.0000 0.0001 0.0011 0.0152 0.2196 1.0000 1.0000 0.0003 0.0049 0.0710 1.0000 1.0000 0.0001 0.0016 0.0241 0.3540 1.0000 0.0000 0.0006 0.0084 0.1234 1.0000 1.0000 0.0002 0.0030 0.0440 0.6469 1.0000 0.0001 0.0003 0.0001 1.0000 0.6469 0.0440 0.0030 0.0002 1.0000 1.0000 0.1234 0.0084 0.0006 0.0000 1.0000 0.3540 0.0241 0.0016 0.0001 1.0000 1.0000 0.0710 0.0049 0.0003 1.0000 1.0000 0.2196 0.0152 0.0011 0.0001 1.0000 0.7047 0.0490 0.0034 0.0002 1.0000 1.0000 0.1620 0.0113 0.0008 0.0001 1.0000 0.5410 0.0378 0.0026 0.0002 1.0000 1.0000 0.1263 0.0088 0.0006 0.0000
0.0006 0.0092 0.1312 1.0000 1.0000 0.0002 0.0027 0.0393 0.5620 1.0000 0.0001 0.0008 0.0118 0.1683 1.0000 1.0000 0.0002 0.0035 0.0506 0.7265 1.0000 0.0001 0.0011 0.0156 0.2243 1.0000 1.0000 0.0003 0.0049 0.0712 1.0000 1.0000 0.0001 0.0016 0.0237 0.3480 1.0000 1.0000 0.0006 0.0082 0.1204 1.0000 1.0000 0.0002 0.0029 0.0426 0.6311 1.0000 0.0001 0.0008 0.0043 0.0008 0.0001 1.0000 0.6311 0.0426 0.0029 0.0002 1.0000 1.0000 0.1204 0.0082 0.0006 1.0000 1.0000 0.3480 0.0237 0.0016 0.0001 1.0000 1.0000 0.0712 0.0049 0.0003 1.0000 1.0000 0.2243 0.0156 0.0011 0.0001 1.0000 0.7265 0.0506 0.0035 0.0002 1.0000 1.0000 0.1683 0.0118 0.0008 0.0001 1.0000 0.5620 0.0393 0.0027 0.0002 1.0000 1.0000 0.1312 0.0092 0.0006
0.0093 0.1363 1.0000 1.0000 0.0002 0.0029 0.0408 0.5838 1.0000 0.0001 0.0009 0.0122 0.1748 1.0000 1.0000 0.0003 0.0037 0.0525 0.7504 1.0000 0.0001 0.0011 0.0159 0.2299 1.0000 1.0000 0.0003 0.0050 0.0721 1.0000 1.0000 0.0001 0.0016 0.0235 0.3441 1.0000 1.0000 0.0005 0.0080 0.1179 1.0000 1.0000 0.0002 0.0028 0.0414 0.6134 1.0000 0.0001 0.0009 0.0117 0.0612 0.0117 0.0009 0.0001 1.0000 0.6134 0.0414 0.0028 0.0002 1.0000 1.0000 0.1179 0.0080 0.0005 1.0000 1.0000 0.3441 0.0235 0.0016 0.0001 1.0000 1.0000 0.0721 0.0050 0.0003 1.0000 1.0000 0.2299 0.0159 0.0011 0.0001 1.0000 0.7504 0.0525 0.0037 0.0003 1.0000 1.0000 0.1748 0.0122 0.0009 0.0001 1.0000 0.5838 0.0408 0.0029 0.0002 1.0000 1.0000 0.1363 0.0093
0.1378 1.0000 1.0000 0.0002 0.0030 0.0424 0.6064 1.0000 0.0001 0.0009 0.0127 0.1816 1.0000 1.0000 0.0003 0.0038 0.0544 0.7780 1.0000 0.0001 0.0011 0.0164 0.2361 1.0000 1.0000 0.0004 0.0051 0.0733 1.0000 1.0000 0.0001 0.0016 0.0235 0.3428 1.0000 1.0000 0.0005 0.0079 0.1159 1.0000 1.0000 0.0002 0.0027 0.0403 0.5961 1.0000 0.0001 0.0010 0.0135 0.1683 0.8770 0.1683 0.0135 0.0010 0.0001 1.0000 0.5961 0.0403 0.0027 0.0002 1.0000 1.0000 0.1159 0.0079 0.0005 1.0000 1.0000 0.3428 0.0235 0.0016 0.0001 1.0000 1.0000 0.0733 0.0051 0.0004 1.0000 1.0000 0.2361 0.0164 0.0011 0.0001 1.0000 0.7780 0.0544 0.0038 0.0003 1.0000 1.0000 0.1816 0.0127 0.0009 0.0001 1.0000 0.6064 0.0424 0.0030 0.0002 1.0000 1.0000 0.1378
1.0000 1.0000 0.0002 0.0031 0.0440 0.6299 1.0000 0.0001 0.0009 0.0132 0.1886 1.0000 1.0000 0.0003 0.0039 0.0565 0.8082 1.0000 0.0001 0.0012 0.0170 0.2434 1.0000 1.0000 0.0004 0.0052 0.0749 1.0000 1.0000 0.0001 0.0016 0.0237 0.3441 1.0000 1.0000 0.0005 0.0078 0.1144 1.0000 1.0000 0.0002 0.0027 0.0394 0.5816 1.0000 0.0001 0.0009 0.0137 0.1941 1.0000 1.0000 1.0000 0.1941 0.0137 0.0009 0.0001 1.0000 0.5816 0.0394 0.0027 0.0002 1.0000 1.0000 0.1144 0.0078 0.0005 1.0000 1.0000 0.3441 0.0237 0.0016 0.0001 1.0000 1.0000 0.0749 0.0052 0.0004 1.0000 1.0000 0.2434 0.0170 0.0012 0.0001 1.0000 0.8082 0.0565 0.0039 0.0003 1.0000 1.0000 0.1886 0.0132 0.0009 0.0001 1.0000 0.6299 0.0440 0.0031 0.0002 1.0000 1.0000
1.0000 0.0002 0.0032 0.0457 0.6544 1.0000 0.0001 0.0010 0.0137 0.1960 1.0000 1.0000 0.0003 0.0041 0.0587 0.8395 1.0000 0.0001 0.0012 0.0176 0.2519 1.0000 1.0000 0.0004 0.0053 0.0767 1.0000 1.0000 0.0001 0.0017 0.0241 0.3480 1.0000 1.0000 0.0005 0.0078 0.1135 1.0000 1.0000 0.0002 0.0026 0.0387 0.5695 1.0000 0.0001 0.0009 0.0135 0.1967 1.0000 1.0000 0.0001 1.0000 1.0000 0.1967 0.0135 0.0009 0.0001 1.0000 0.5695 0.0387 0.0026 0.0002 1.0000 1.0000 0.1135 0.0078 0.0005 1.0000 1.0000 0.3480 0.0241 0.0017 0.0001 1.0000 1.0000 0.0767 0.0053 0.0004 1.0000 1.0000 0.2519 0.0176 0.0012 0.0001 1.0000 0.8395 0.0587 0.0041 0.0003 1.0000 1.0000 0.1960 0.0137 0.0010 0.0001 1.0000 0.6544 0.0457 0.0032 0.0002 1.0000
0.0002 0.0033 0.0475 0.6797 1.0000 0.0001 0.0010 0.0142 0.2036 1.0000 1.0000 0.0003 0.0043 0.0610 0.8720 1.0000 0.0001 0.0013 0.0183 0.2611 1.0000 1.0000 0.0004 0.0055 0.0790 1.0000 1.0000 0.0001 0.0017 0.0245 0.3540 1.0000 1.0000 0.0005 0.0078 0.1135 1.0000 1.0000 0.0002 0.0026 0.0381 0.5599 1.0000 0.0001 0.0009 0.0132 0.1937 1.0000 1.0000 0.0002 0.0013 0.0002 1.0000 1.0000 0.1937 0.0132 0.0009 0.0001 1.0000 0.5599 0.0381 0.0026 0.0002 1.0000 1.0000 0.1135 0.0078 0.0005 1.0000 1.0000 0.3540 0.0245 0.0017 0.0001 1.0000 1.0000 0.0790 0.0055 0.0004 1.0000 1.0000 0.2611 0.0183 0.0013 0.0001 1.0000 0.8720 0.0610 0.0043 0.0003 1.0000 1.0000 0.2036 0.0142 0.0010 0.0001 1.0000 0.6797 0.0475 0.0033 0.0002
0.0034 0.0494 0.7061 1.0000 0.0001 0.0010 0.0148 0.2114 1.0000 1.0000 0.0003 0.0044 0.0633 0.9058 1.0000 0.0001 0.0013 0.0190 0.2713 1.0000 1.0000 0.0004 0.0057 0.0815 1.0000 1.0000 0.0001 0.0017 0.0251 0.3615 1.0000 1.0000 0.0005 0.0079 0.1144 1.0000 1.0000 0.0002 0.0026 0.0377 0.5525 1.0000 0.0001 0.0009 0.0129 0.1901 1.0000 1.0000 0.0003 0.0036 0.0186 0.0036 0.0003 1.0000 1.0000 0.1901 0.0129 0.0009 0.0001 1.0000 0.5525 0.0377 0.0026 0.0002 1.0000 1.0000 0.1144 0.0079 0.0005 1.0000 1.0000 0.3615 0.0251 0.0017 0.0001 1.0000 1.0000 0.0815 0.0057 0.0004 1.0000 1.0000 0.2713 0.0190 0.0013 0.0001 1.0000 0.9058 0.0633 0.0044 0.0003 1.0000 1.0000 0.2114 0.0148 0.0010 0.0001 1.0000 0.7061 0.0494 0.0034
0.0499 0.7335 1.0000 0.0001 0.0011 0.0154 0.2196 1.0000 1.0000 0.0003 0.0046 0.0658 0.9410 1.0000 0.0001 0.0014 0.0197 0.2818 1.0000 1.0000 0.0004 0.0059 0.0845 1.0000 1.0000 0.0001 0.0018 0.0257 0.3706 1.0000 0.0000 0.0006 0.0080 0.1159 1.0000 1.0000 0.0002 0.0026 0.0375 0.5483 1.0000 0.0001 0.0009 0.0127 0.1869 1.0000 1.0000 0.0003 0.0042 0.0516 0.2682 0.0516 0.0042 0.0003 1.0000 1.0000 0.1869 0.0127 0.0009 0.0001 1.0000 0.5483 0.0375 0.0026 0.0002 1.0000 1.0000 0.1159 0.0080 0.0006 0.0000 1.0000 0.3706 0.0257 0.0018 0.0001 1.0000 1.0000 0.0845 0.0059 0.0004 1.0000 1.0000 0.2818 0.0197 0.0014 0.0001 1.0000 0.9410 0.0658 0.0046 0.0003 1.0000 1.0000 0.2196 0.0154 0.0011 0.0001 1.0000 0.7335 0.0499
0.7419 1.0000 0.0001 0.0011 0.0159 0.2282 1.0000 1.0000 0.0003 0.0048 0.0683 0.9774 1.0000 0.0001 0.0014 0.0205 0.2927 1.0000 1.0000 0.0004 0.0061 0.0877 1.0000 1.0000 0.0001 0.0018 0.0265 0.3806 1.0000 0.0000 0.0006 0.0082 0.1179 1.0000 1.0000 0.0002 0.0026 0.0377 0.5483 1.0000 0.0001 0.0009 0.0125 0.1840 1.0000 1.0000 0.0003 0.0042 0.0600 0.7433 1.0000 0.7433 0.0600 0.0042 0.0003 1.0000 1.0000 0.1840 0.0125 0.0009 0.0001 1.0000 0.5483 0.0377 0.0026 0.0002 1.0000 1.0000 0.1179 0.0082 0.0006 0.0000 1.0000 0.3806 0.0265 0.0018 0.0001 1.0000 1.0000 0.0877 0.0061 0.0004 1.0000 1.0000 0.2927 0.0205 0.0014 0.0001 1.0000 0.9774 0.0683 0.0048 0.0003 1.0000 1.0000 0.2282 0.0159 0.0011 0.0001 1.0000 0.7419
1.0000 0.0001 0.0012 0.0166 0.2370 1.0000 1.0000 0.0003 0.0050 0.0710 1.0000 1.0000 0.0001 0.0015 0.0213 0.3041 1.0000 1.0000 0.0004 0.0064 0.0911 1.0000 1.0000 0.0001 0.0019 0.0273 0.3923 1.0000 0.0000 0.0006 0.0084 0.1204 1.0000 1.0000 0.0002 0.0026 0.0381 0.5525 1.0000 0.0001 0.0009 0.0124 0.1820 1.0000 1.0000 0.0003 0.0042 0.0614 0.8671 1.0000 1.0000 1.0000 0.8671 0.0614 0.0042 0.0003 1.0000 1.0000 0.1820 0.0124 0.0009 0.0001 1.0000 0.5525 0.0381 0.0026 0.0002 1.0000 1.0000 0.1204 0.0084 0.0006 0.0000 1.0000 0.3923 0.0273 0.0019 0.0001 1.0000 1.0000 0.0911 0.0064 0.0004 1.0000 1.0000 0.3041 0.0213 0.0015 0.0001 1.0000 1.0000 0.0710 0.0050 0.0003 1.0000 1.0000 0.2370 0.0166 0.0012 0.0001 1.0000
0.0001 0.0012 0.0172 0.2462 1.0000 1.0000 0.0004 0.0052 0.0737 1.0000 1.0000 0.0001 0.0015 0.0221 0.3158 1.0000 1.0000 0.0005 0.0066 0.0946 1.0000 1.0000 0.0001 0.0020 0.0283 0.4060 1.0000 0.0000 0.0006 0.0086 0.1234 1.0000 1.0000 0.0002 0.0027 0.0387 0.5599 1.0000 0.0001 0.0009 0.0124 0.1813 1.0000 1.0000 0.0003 0.0042 0.0611 0.8871 1.0000 0.0001 0.0004 0.0001 1.0000 0.8871 0.0611 0.0042 0.0003 1.0000 1.0000 0.1813 0.0124 0.0009 0.0001 1.0000 0.5599 0.0387 0.0027 0.0002 1.0000 1.0000 0.1234 0.0086 0.0006 0.0000 1.0000 0.4060 0.0283 0.0020 0.0001 1.0000 1.0000 0.0946 0.0066 0.0005 1.0000 1.0000 0.3158 0.0221 0.0015 0.0001 1.0000 1.0000 0.0737 0.0052 0.0004 1.0000 1.0000 0.2462 0.0172 0.0012 0.0001
0.0012 0.0179 0.2557 1.0000 1.0000 0.0004 0.0054 0.0766 1.0000 1.0000 0.0001 0.0016 0.0229 0.3281 1.0000 1.0000 0.0005 0.0069 0.0983 1.0000 1.0000 0.0001 0.0021 0.0294 0.4209 1.0000 0.0000 0.0006 0.0089 0.1270 1.0000 1.0000 0.0002 0.0027 0.0394 0.5695 1.0000 0.0001 0.0009 0.0125 0.1820 1.0000 1.0000 0.0003 0.0041 0.0605 0.8837 1.0000 0.0001 0.0011 0.0058 0.0011 0.0001 1.0000 0.8837 0.0605 0.0041 0.0003 1.0000 1.0000 0.1820 0.0125 0.0009 0.0001 1.0000 0.5695 0.0394 0.0027 0.0002 1.0000 1.0000 0.1270 0.0089 0.0006 0.0000 1.0000 0.4209 0.0294 0.0021 0.0001 1.0000 1.0000 0.0983 0.0069 0.0005 1.0000 1.0000 0.3281 0.0229 0.0016 0.0001 1.0000 1.0000 0.0766 0.0054 0.0004 1.0000 1.0000 0.2557 0.0179 0.0012
0.0181 0.2657 1.0000 1.0000 0.0004 0.0056 0.0796 1.0000 1.0000 0.0001 0.0017 0.0238 0.3408 1.0000 1.0000 0.0005 0.0071 0.1021 1.0000 1.0000 0.0001 0.0021 0.0306 0.4372 1.0000 0.0000 0.0006 0.0092 0.1312 1.0000 1.0000 0.0002 0.0028 0.0403 0.5816 1.0000 0.0001 0.0009 0.0127 0.1840 1.0000 1.0000 0.0003 0.0041 0.0600 0.8787 1.0000 0.0001 0.0013 0.0162 0.0841 0.0162 0.0013 0.0001 1.0000 0.8787 0.0600 0.0041 0.0003 1.0000 1.0000 0.1840 0.0127 0.0009 0.0001 1.0000 0.5816 0.0403 0.0028 0.0002 1.0000 1.0000 0.1312 0.0092 0.0006 0.0000 1.0000 0.4372 0.0306 0.0021 0.0001 1.0000 1.0000 0.1021 0.0071 0.0005 1.0000 1.0000 0.3408 0.0238 0.0017 0.0001 1.0000 1.0000 0.0796 0.0056 0.0004 1.0000 1.0000 0.2657 0.0181
0.2687 1.0000 1.0000 0.0004 0.0058 0.0826 1.0000 1.0000 0.0001 0.0017 0.0247 0.3540 1.0000 1.0000 0.0005 0.0074 0.1060 1.0000 1.0000 0.0002 0.0022 0.0317 0.4542 1.0000 0.0000 0.0007 0.0095 0.1360 1.0000 1.0000 0.0002 0.0029 0.0414 0.5961 1.0000 0.0001 0.0009 0.0129 0.1869 1.0000 1.0000 0.0003 0.0041 0.0600 0.8754 1.0000 0.0001 0.0014 0.0190 0.2343 1.0000 0.2343 0.0190 0.0014 0.0001 1.0000 0.8754 0.0600 0.0041 0.0003 1.0000 1.0000 0.1869 0.0129 0.0009 0.0001 1.0000 0.5961 0.0414 0.0029 0.0002 1.0000 1.0000 0.1360 0.0095 0.0007 0.0000 1.0000 0.4542 0.0317 0.0022 0.0002 1.0000 1.0000 0.1060 0.0074 0.0005 1.0000 1.0000 0.3540 0.0247 0.0017 0.0001 1.0000 1.0000 0.0826 0.0058 0.0004 1.0000 1.0000 0.2687
1.0000 1.0000 0.0004 0.0060 0.0858 1.0000 1.0000 0.0001 0.0018 0.0257 0.3678 1.0000 1.0000 0.0005 0.0077 0.1101 1.0000 1.0000 0.0002 0.0023 0.0330 0.4718 1.0000 0.0000 0.0007 0.0099 0.1413 1.0000 1.0000 0.0002 0.0030 0.0426 0.6134 1.0000 0.0001 0.0009 0.0132 0.1901 1.0000 1.0000 0.0003 0.0042 0.0605 0.8787 1.0000 0.0001 0.0014 0.0197 0.2760 1.0000 1.0000 1.0000 0.2760 0.0197 0.0014 0.0001 1.0000 0.8787 0.0605 0.0042 0.0003 1.0000 1.0000 0.1901 0.0132 0.0009 0.0001 1.0000 0.6134 0.0426 0.0030 0.0002 1.0000 1.0000 0.1413 0.0099 0.0007 0.0000 1.0000 0.4718 0.0330 0.0023 0.0002 1.0000 1.0000 0.1101 0.0077 0.0005 1.0000 1.0000 0.3678 0.0257 0.0018 0.0001 1.0000 1.0000 0.0858 0.0060 0.0004 1.0000 1.0000
1.0000 0.0004 0.0062 0.0890 1.0000 1.0000 0.0001 0.0019 0.0267 0.3813 1.0000 0.0000 0.0006 0.0080 0.1142 1.0000 1.0000 0.0002 0.0024 0.0342 0.4892 1.0000 0.0001 0.0007 0.0102 0.1465 1.0000 1.0000 0.0002 0.0031 0.0440 0.6311 1.0000 0.0001 0.0009 0.0135 0.1937 1.0000 1.0000 0.0003 0.0042 0.0611 0.8837 1.0000 0.0001 0.0014 0.0197 0.2856 1.0000 1.0000 0.0001 1.0000 1.0000 0.2856 0.0197 0.0014 0.0001 1.0000 0.8837 0.0611 0.0042 0.0003 1.0000 1.0000 0.1937 0.0135 0.0009 0.0001 1.0000 0.6311 0.0440 0.0031 0.0002 1.0000 1.0000 0.1465 0.0102 0.0007 0.0001 1.0000 0.4892 0.0342 0.0024 0.0002 1.0000 1.0000 0.1142 0.0080 0.0006 0.0000 1.0000 0.3813 0.0267 0.0019 0.0001 1.0000 1.0000 0.0890 0.0062 0.0004 1.0000
0.0004 0.0064 0.0916 1.0000 1.0000 0.0001 0.0019 0.0274 0.3923 1.0000 0.0000 0.0006 0.0082 0.1175 1.0000 1.0000 0.0002 0.0025 0.0352 0.5033 1.0000 0.0001 0.0007 0.0105 0.1507 1.0000 1.0000 0.0002 0.0032 0.0451 0.6469 1.0000 0.0001 0.0010 0.0137 0.1967 1.0000 1.0000 0.0003 0.0042 0.0614 0.8871 1.0000 0.0001 0.0014 0.0197 0.2856 1.0000 1.0000 0.0004 0.0018 0.0004 1.0000 1.0000 0.2856 0.0197 0.0014 0.0001 1.0000 0.8871 0.0614 0.0042 0.0003 1.0000 1.0000 0.1967 0.0137 0.0010 0.0001 1.0000 0.6469 0.0451 0.0032 0.0002 1.0000 1.0000 0.1507 0.0105 0.0007 0.0001 1.0000 0.5033 0.0352 0.0025 0.0002 1.0000 1.0000 0.1175 0.0082 0.0006 0.0000 1.0000 0.3923 0.0274 0.0019 0.0001 1.0000 1.0000 0.0916 0.0064 0.0004
0.0062 0.0912 1.0000 1.0000 0.0001 0.0019 0.0273 0.3908 1.0000 0.0000 0.0006 0.0082 0.1170 1.0000 1.0000 0.0002 0.0025 0.0350 0.5014 1.0000 0.0001 0.0007 0.0105 0.1502 1.0000 1.0000 0.0002 0.0031 0.0450 0.6433 1.0000 0.0001 0.0009 0.0135 0.1941 1.0000 1.0000 0.0003 0.0042 0.0600 0.8671 1.0000 0.0001 0.0013 0.0190 0.2760 1.0000 1.0000 0.0004 0.0050 0.0257 0.0050 0.0004 1.0000 1.0000 0.2760 0.0190 0.0013 0.0001 1.0000 0.8671 0.0600 0.0042 0.0003 1.0000 1.0000 0.1941 0.0135 0.0009 0.0001 1.0000 0.6433 0.0450 0.0031 0.0002 1.0000 1.0000 0.1502 0.0105 0.0007 0.0001 1.0000 0.5014 0.0350 0.0025 0.0002 1.0000 1.0000 0.1170 0.0082 0.0006 0.0000 1.0000 0.3908 0.0273 0.0019 0.0001 1.0000 1.0000 0.0912 0.0062
0.0769 1.0000 1.0000 0.0001 0.0017 0.0237 0.3395 1.0000 1.0000 0.0005 0.0071 0.1017 1.0000 1.0000 0.0001 0.0021 0.0304 0.4356 1.0000 0.0000 0.0006 0.0091 0.1304 1.0000 1.0000 0.0002 0.0027 0.0391 0.5588 1.0000 0.0001 0.0008 0.0117 0.1683 1.0000 1.0000 0.0002 0.0036 0.0516 0.7433 1.0000 0.0001 0.0011 0.0162 0.2343 1.0000 1.0000 0.0004 0.0050 0.0608 0.3141 0.0608 0.0050 0.0004 1.0000 1.0000 0.2343 0.0162 0.0011 0.0001 1.0000 0.7433 0.0516 0.0036 0.0002 1.0000 1.0000 0.1683 0.0117 0.0008 0.0001 1.0000 0.5588 0.0391 0.0027 0.0002 1.0000 1.0000 0.1304 0.0091 0.0006 0.0000 1.0000 0.4356 0.0304 0.0021 0.0001 1.0000 1.0000 0.1017 0.0071 0.0005 1.0000 1.0000 0.3395 0.0237 0.0017 0.0001 1.0000 1.0000 0.0769
0.4068 1.0000 0.0000 0.0006 0.0087 0.1239 1.0000 1.0000 0.0002 0.0026 0.0371 0.5308 1.0000 0.0001 0.0008 0.0111 0.1590 1.0000 1.0000 0.0002 0.0033 0.0476 0.6810 1.0000 0.0001 0.0010 0.0143 0.2039 1.0000 1.0000 0.0003 0.0043 0.0612 0.8770 1.0000 0.0001 0.0013 0.0186 0.2682 1.0000 1.0000 0.0004 0.0058 0.0841 1.0000 1.0000 0.0001 0.0018 0.0257 0.3141 1.0000 0.3141 0.0257 0.0018 0.0001 1.0000 1.0000 0.0841 0.0058 0.0004 1.0000 1.0000 0.2682 0.0186 0.0013 0.0001 1.0000 0.8770 0.0612 0.0043 0.0003 1.0000 1.0000 0.2039 0.0143 0.0010 0.0001 1.0000 0.6810 0.0476 0.0033 0.0002 1.0000 1.0000 0.1590 0.0111 0.0008 0.0001 1.0000 0.5308 0.0371 0.0026 0.0002 1.0000 1.0000 0.1239 0.0087 0.0006 0.0000 1.0000 0.4068
0.0769 1.0000 1.0000 0.0001 0.0017 0.0237 0.3395 1.0000 1.0000 0.0005 0.0071 0.1017 1.0000 1.0000 0.0001 0.0021 0.0304 0.4356 1.0000 0.0000 0.0006 0.0091 0.1304 1.0000 1.0000 0.0002 0.0027 0.0391 0.5588 1.0000 0.0001 0.0008 0.0117 0.1683 1.0000 1.0000 0.0002 0.0036 0.0516 0.7433 1.0000 0.0001 0.0011 0.0162 0.2343 1.0000 1.0000 0.0004 0.0050 0.0608 0.3141 0.0608 0.0050 0.0004 1.0000 1.0000 0.2343 0.0162 0.0011 0.0001 1.0000 0.7433 0.0516 0.0036 0.0002 1.0000 1.0000 0.1683 0.0117 0.0008 0.0001 1.0000 0.5588 0.0391 0.0027 0.0002 1.0000 1.0000 0.1304 0.0091 0.0006 0.0000 1.0000 0.4356 0.0304 0.0021 0.0001 1.0000 1.0000 0.1017 0.0071 0.0005 1.0000 1.0000 0.3395 0.0237 0.0017 0.0001 1.0000 1.0000 0.0769
0.0062 0.0912 1.0000 1.0000 0.0001 0.0019 0.0273 0.3908 1.0000 0.0000 0.0006 0.0082 0.1170 1.0000 1.0000 0.0002 0.0025 0.0350 0.5014 1.0000 0.0001 0.0007 0.0105 0.1502 1.0000 1.0000 0.0002 0.0031 0.0450 0.6433 1.0000 0.0001 0.0009 0.0135 0.1941 1.0000 1.0000 0.0003 0.0042 0.0600 0.8671 1.0000 0.0001 0.0013 0.0190 0.2760 1.0000 1.0000 0.0004 0.0050 0.0257 0.0050 0.0004 1.0000 1.0000 0.2760 0.0190 0.0013 0.0001 1.0000 0.8671 0.0600 0.0042 0.0003 1.0000 1.0000 0.1941 0.0135 0.0009 0.0001 1.0000 0.6433 0.0450 0.0031 0.0002 1.0000 1.0000 0.1502 0.0105 0.0007 0.0001 1.0000 0.5014 0.0350 0.0025 0.0002 1.0000 1.0000 0.1170 0.0082 0.0006 0.0000 1.0000 0.3908 0.0273 0.0019 0.0001 1.0000 1.0000 0.0912 0.0062
0.0004 0.0064 0.0916 1.0000 1.0000 0.0001 0.0019 0.0274 0.3923 1.0000 0.0000 0.0006 0.0082 0.1175 1.0000 1.0000 0.0002 0.0025 0.0352 0.5033 1.0000 0.0001 0.0007 0.0105 0.1507 1.0000 1.0000 0.0002 0.0032 0.0451 0.6469 1.0000 0.0001 0.0010 0.0137 0.1967 1.0000 1.0000 0.0003 0.0042 0.0614 0.8871 1.0000 0.0001 0.0014 0.0197 0.2856 1.0000 1.0000 0.0004 0.0018 0.0004 1.0000 1.0000 0.2856 0.0197 0.0014 0.0001 1.0000 0.8871 0.0614 0.0042 0.0003 1.0000 1.0000 0.1967 0.0137 0.0010 0.0001 1.0000 0.6469 0.0451 0.0032 0.0002 1.0000 1.0000 0.1507 0.0105 0.0007 0.0001 1.0000 0.5033 0.0352 0.0025 0.0002 1.0000 1.0000 0.1175 0.0082 0.0006 0.0000 1.0000 0.3923 0.0274 0.0019 0.0001 1.0000 1.0000 0.0916 0.0064 0.0004
1.0000 0.0004 0.0062 0.0890 1.0000 1.0000 0.0001 0.0019 0.0267 0.3813 1.0000 0.0000 0.0006 0.0080 0.1142 1.0000 1.0000 0.0002 0.0024 0.0342 0.4892 1.0000 0.0001 0.0007 0.0102 0.1465 1.0000 1.0000 0.0002 0.0031 0.0440 0.6311 1.0000 0.0001 0.0009 0.0135 0.1937 1.0000 1.0000 0.0003 0.0042 0.0611 0.8837 1.0000 0.0001 0.0014 0.0197 0.2856 1.0000 1.0000 0.0001 1.0000 1.0000 0.2856 0.0197 0.0014 0.0001 1.0000 0.8837 0.0611 0.0042 0.0003 1.0000 1.0000 0.1937 0.0135 0.0009 0.0001 1.0000 0.6311 0.0440 0.0031 0.0002 1.0000 1.0000 0.1465 0.0102 0.0007 0.0001 1.0000 0.4892 0.0342 0.0024 0.0002 1.0000 1.0000 0.1142 0.0080 0.0006 0.0000 1.0000 0.3813 0.0267 0.0019 0.0001 1.0000 1.0000 0.0890 0.0062 0.0004 1.0000
1.0000 1.0000 0.0004 0.0060 0.0858 1.0000 1.0000 0.0001 0.0018 0.0257 0.3678 1.0000 1.0000 0.0005 0.0077 0.1101 1.0000 1.0000 0.0002 0.0023 0.0330 0.4718 1.0000 0.0000 0.0007 0.0099 0.1413 1.0000 1.0000 0.0002 0.0030 0.0426 0.6134 1.0000 0.0001 0.0009 0.0132 0.1901 1.0000 1.0000 0.0003 0.0042 0.0605 0.8787 1.0000 0.0001 0.0014 0.0197 0.2760 1.0000 1.0000 1.0000 0.2760 0.0197 0.0014 0.0001 1.0000 0.8787 0.0605 0.0042 0.0003 1.0000 1.0000 0.1901 0.0132 0.0009 0.0001 1.0000 0.6134 0.0426 0.0030 0.0002 1.0000 1.0000 0.1413 0.0099 0.0007 0.0000 1.0000 0.4718 0.0330 0.0023 0.0002 1.0000 1.0000 0.1101 0.0077 0.0005 1.0000 1.0000 0.3678 0.0257 0.0018 0.0001 1.0000 1.0000 0.0858 0.0060 0.0004 1.0000 1.0000
