0.0018 0.0277 0.4138 1.0000 0.0000 0.0007 0.0102 0.1513 1.0000 1.0000 0.0002 0.0037 0.0548 0.8143 1.0000 0.0001 0.0013 0.0198 0.2949 1.0000 1.0000 0.0005 0.0072 0.1068 1.0000 1.0000 0.0002 0.0026 0.0387 0.5750 1.0000 0.0001 0.0009 0.0140 0.2083 1.0000 1.0000 0.0003 0.0051 0.0754 1.0000 1.0000 0.0001 0.0018 0.0273 0.4052 1.0000 0.0000 0.0006 0.0078 0.0414 0.0078 0.0006 0.0000 1.0000 0.4052 0.0273 0.0018 0.0001 1.0000 1.0000 0.0754 0.0051 0.0003 1.0000 1.0000 0.2083 0.0140 0.0009 0.0001 1.0000 0.5750 0.0387 0.0026 0.0002 1.0000 1.0000 0.1068 0.0072 0.0005 1.0000 1.0000 0.2949 0.0198 0.0013 0.0001 1.0000 0.8143 0.0548 0.0037 0.0002 1.0000 1.0000 0.1513 0.0102 0.0007 0.0000 1.0000 0.4138 0.0277 0.0018
0.0277 0.4169 1.0000 0.0000 0.0007 0.0101 0.1499 1.0000 1.0000 0.0002 0.0036 0.0542 0.8051 1.0000 0.0001 0.0013 0.0196 0.2916 1.0000 1.0000 0.0005 0.0071 0.1056 1.0000 1.0000 0.0002 0.0026 0.0383 0.5685 1.0000 0.0001 0.0009 0.0139 0.2059 1.0000 1.0000 0.0003 0.0050 0.0746 1.0000 1.0000 0.0001 0.0018 0.0270 0.4014 1.0000 0.0000 0.0007 0.0093 0.1153 0.6041 0.1153 0.0093 0.0007 0.0000 1.0000 0.4014 0.0270 0.0018 0.0001 1.0000 1.0000 0.0746 0.0050 0.0003 1.0000 1.0000 0.2059 0.0139 0.0009 0.0001 1.0000 0.5685 0.0383 0.0026 0.0002 1.0000 1.0000 0.1056 0.0071 0.0005 1.0000 1.0000 0.2916 0.0196 0.0013 0.0001 1.0000 0.8051 0.0542 0.0036 0.0002 1.0000 1.0000 0.1499 0.0101 0.0007 0.0000 1.0000 0.4169 0.0277
0.4138 1.0000 0.0000 0.0007 0.0098 0.1448 1.0000 1.0000 0.0002 0.0035 0.0523 0.7750 1.0000 0.0001 0.0013 0.0189 0.2807 1.0000 1.0000 0.0005 0.0068 0.1017 1.0000 1.0000 0.0002 0.0025 0.0368 0.5472 1.0000 0.0001 0.0009 0.0133 0.1982 1.0000 1.0000 0.0003 0.0048 0.0718 1.0000 1.0000 0.0001 0.0017 0.0260 0.3864 1.0000 0.0000 0.0006 0.0093 0.1327 1.0000 1.0000 1.0000 0.1327 0.0093 0.0006 0.0000 1.0000 0.3864 0.0260 0.0017 0.0001 1.0000 1.0000 0.0718 0.0048 0.0003 1.0000 1.0000 0.1982 0.0133 0.0009 0.0001 1.0000 0.5472 0.0368 0.0025 0.0002 1.0000 1.0000 0.1017 0.0068 0.0005 1.0000 1.0000 0.2807 0.0189 0.0013 0.0001 1.0000 0.7750 0.0523 0.0035 0.0002 1.0000 1.0000 0.1448 0.0098 0.0007 0.0000 1.0000 0.4138
1.0000 0.0000 0.0007 0.0097 0.1418 1.0000 1.0000 0.0002 0.0034 0.0504 0.7475 1.0000 0.0001 0.0012 0.0182 0.2702 1.0000 1.0000 0.0004 0.0066 0.0979 1.0000 1.0000 0.0002 0.0024 0.0355 0.5268 1.0000 0.0001 0.0009 0.0128 0.1908 1.0000 1.0000 0.0003 0.0047 0.0691 1.0000 1.0000 0.0001 0.0017 0.0250 0.3720 1.0000 0.0000 0.0006 0.0090 0.1332 1.0000 1.0000 0.0001 1.0000 1.0000 0.1332 0.0090 0.0006 0.0000 1.0000 0.3720 0.0250 0.0017 0.0001 1.0000 1.0000 0.0691 0.0047 0.0003 1.0000 1.0000 0.1908 0.0128 0.0009 0.0001 1.0000 0.5268 0.0355 0.0024 0.0002 1.0000 1.0000 0.0979 0.0066 0.0004 1.0000 1.0000 0.2702 0.0182 0.0012 0.0001 1.0000 0.7475 0.0504 0.0034 0.0002 1.0000 1.0000 0.1418 0.0097 0.0007 0.0000 1.0000
0.0000 0.0007 0.0098 0.1418 1.0000 1.0000 0.0002 0.0033 0.0488 0.7238 1.0000 0.0001 0.0012 0.0175 0.2606 1.0000 1.0000 0.0004 0.0063 0.0942 1.0000 1.0000 0.0002 0.0023 0.0341 0.5072 1.0000 0.0001 0.0008 0.0124 0.1837 1.0000 1.0000 0.0003 0.0045 0.0665 0.9887 1.0000 0.0001 0.0016 0.0241 0.3581 1.0000 0.0000 0.0006 0.0087 0.1295 1.0000 1.0000 0.0002 0.0009 0.0002 1.0000 1.0000 0.1295 0.0087 0.0006 0.0000 1.0000 0.3581 0.0241 0.0016 0.0001 1.0000 0.9887 0.0665 0.0045 0.0003 1.0000 1.0000 0.1837 0.0124 0.0008 0.0001 1.0000 0.5072 0.0341 0.0023 0.0002 1.0000 1.0000 0.0942 0.0063 0.0004 1.0000 1.0000 0.2606 0.0175 0.0012 0.0001 1.0000 0.7238 0.0488 0.0033 0.0002 1.0000 1.0000 0.1418 0.0098 0.0007 0.0000
0.0007 0.0101 0.1448 1.0000 1.0000 0.0002 0.0033 0.0478 0.7047 1.0000 0.0001 0.0011 0.0170 0.2514 1.0000 1.0000 0.0004 0.0061 0.0907 1.0000 1.0000 0.0001 0.0022 0.0329 0.4882 1.0000 0.0001 0.0008 0.0119 0.1768 1.0000 1.0000 0.0003 0.0043 0.0640 0.9518 1.0000 0.0001 0.0016 0.0232 0.3447 1.0000 1.0000 0.0006 0.0084 0.1249 1.0000 1.0000 0.0002 0.0024 0.0126 0.0024 0.0002 1.0000 1.0000 0.1249 0.0084 0.0006 1.0000 1.0000 0.3447 0.0232 0.0016 0.0001 1.0000 0.9518 0.0640 0.0043 0.0003 1.0000 1.0000 0.1768 0.0119 0.0008 0.0001 1.0000 0.4882 0.0329 0.0022 0.0001 1.0000 1.0000 0.0907 0.0061 0.0004 1.0000 1.0000 0.2514 0.0170 0.0011 0.0001 1.0000 0.7047 0.0478 0.0033 0.0002 1.0000 1.0000 0.1448 0.0101 0.0007
0.0102 0.1499 1.0000 1.0000 0.0002 0.0033 0.0475 0.6954 1.0000 0.0001 0.0011 0.0164 0.2439 1.0000 1.0000 0.0004 0.0059 0.0875 1.0000 1.0000 0.0001 0.0021 0.0316 0.4700 1.0000 0.0001 0.0008 0.0115 0.1702 1.0000 1.0000 0.0003 0.0041 0.0617 0.9162 1.0000 0.0001 0.0015 0.0223 0.3319 1.0000 1.0000 0.0005 0.0081 0.1202 1.0000 1.0000 0.0002 0.0028 0.0345 0.1802 0.0345 0.0028 0.0002 1.0000 1.0000 0.1202 0.0081 0.0005 1.0000 1.0000 0.3319 0.0223 0.0015 0.0001 1.0000 0.9162 0.0617 0.0041 0.0003 1.0000 1.0000 0.1702 0.0115 0.0008 0.0001 1.0000 0.4700 0.0316 0.0021 0.0001 1.0000 1.0000 0.0875 0.0059 0.0004 1.0000 1.0000 0.2439 0.0164 0.0011 0.0001 1.0000 0.6954 0.0475 0.0033 0.0002 1.0000 1.0000 0.1499 0.0102
0.1513 1.0000 1.0000 0.0002 0.0033 0.0478 0.6954 1.0000 0.0001 0.0011 0.0161 0.2370 1.0000 1.0000 0.0004 0.0057 0.0844 1.0000 1.0000 0.0001 0.0020 0.0304 0.4525 1.0000 0.0000 0.0007 0.0110 0.1639 1.0000 1.0000 0.0003 0.0040 0.0594 0.8820 1.0000 0.0001 0.0014 0.0215 0.3195 1.0000 1.0000 0.0005 0.0078 0.1157 1.0000 1.0000 0.0002 0.0028 0.0397 0.4938 1.0000 0.4938 0.0397 0.0028 0.0002 1.0000 1.0000 0.1157 0.0078 0.0005 1.0000 1.0000 0.3195 0.0215 0.0014 0.0001 1.0000 0.8820 0.0594 0.0040 0.0003 1.0000 1.0000 0.1639 0.0110 0.0007 0.0000 1.0000 0.4525 0.0304 0.0020 0.0001 1.0000 1.0000 0.0844 0.0057 0.0004 1.0000 1.0000 0.2370 0.0161 0.0011 0.0001 1.0000 0.6954 0.0478 0.0033 0.0002 1.0000 1.0000 0.1513
1.0000 1.0000 0.0002 0.0034 0.0488 0.7047 1.0000 0.0001 0.0011 0.0159 0.2330 1.0000 1.0000 0.0004 0.0055 0.0819 1.0000 1.0000 0.0001 0.0020 0.0294 0.4356 1.0000 0.0000 0.0007 0.0106 0.1578 1.0000 1.0000 0.0003 0.0038 0.0571 0.8491 1.0000 0.0001 0.0014 0.0207 0.3075 1.0000 1.0000 0.0005 0.0075 0.1114 1.0000 1.0000 0.0002 0.0027 0.0399 0.5685 1.0000 1.0000 1.0000 0.5685 0.0399 0.0027 0.0002 1.0000 1.0000 0.1114 0.0075 0.0005 1.0000 1.0000 0.3075 0.0207 0.0014 0.0001 1.0000 0.8491 0.0571 0.0038 0.0003 1.0000 1.0000 0.1578 0.0106 0.0007 0.0000 1.0000 0.4356 0.0294 0.0020 0.0001 1.0000 1.0000 0.0819 0.0055 0.0004 1.0000 1.0000 0.2330 0.0159 0.0011 0.0001 1.0000 0.7047 0.0488 0.0034 0.0002 1.0000 1.0000
1.0000 0.0002 0.0035 0.0504 0.7238 1.0000 0.0001 0.0011 0.0159 0.2317 1.0000 1.0000 0.0004 0.0054 0.0796 1.0000 1.0000 0.0001 0.0019 0.0283 0.4201 1.0000 0.0000 0.0007 0.0102 0.1519 1.0000 1.0000 0.0002 0.0037 0.0550 0.8174 1.0000 0.0001 0.0013 0.0199 0.2961 1.0000 1.0000 0.0005 0.0072 0.1072 1.0000 1.0000 0.0002 0.0026 0.0388 0.5706 1.0000 0.0001 0.0003 0.0001 1.0000 0.5706 0.0388 0.0026 0.0002 1.0000 1.0000 0.1072 0.0072 0.0005 1.0000 1.0000 0.2961 0.0199 0.0013 0.0001 1.0000 0.8174 0.0550 0.0037 0.0002 1.0000 1.0000 0.1519 0.0102 0.0007 0.0000 1.0000 0.4201 0.0283 0.0019 0.0001 1.0000 1.0000 0.0796 0.0054 0.0004 1.0000 1.0000 0.2317 0.0159 0.0011 0.0001 1.0000 0.7238 0.0504 0.0035 0.0002 1.0000
0.0002 0.0036 0.0523 0.7475 1.0000 0.0001 0.0011 0.0161 0.2330 1.0000 1.0000 0.0004 0.0053 0.0779 1.0000 1.0000 0.0001 0.0019 0.0274 0.4068 1.0000 0.0000 0.0007 0.0099 0.1462 1.0000 1.0000 0.0002 0.0036 0.0530 0.7869 1.0000 0.0001 0.0013 0.0192 0.2850 1.0000 1.0000 0.0005 0.0069 0.1032 1.0000 1.0000 0.0002 0.0025 0.0374 0.5546 1.0000 0.0001 0.0007 0.0038 0.0007 0.0001 1.0000 0.5546 0.0374 0.0025 0.0002 1.0000 1.0000 0.1032 0.0069 0.0005 1.0000 1.0000 0.2850 0.0192 0.0013 0.0001 1.0000 0.7869 0.0530 0.0036 0.0002 1.0000 1.0000 0.1462 0.0099 0.0007 0.0000 1.0000 0.4068 0.0274 0.0019 0.0001 1.0000 1.0000 0.0779 0.0053 0.0004 1.0000 1.0000 0.2330 0.0161 0.0011 0.0001 1.0000 0.7475 0.0523 0.0036 0.0002
0.0037 0.0542 0.7750 1.0000 0.0001 0.0011 0.0164 0.2370 1.0000 1.0000 0.0004 0.0053 0.0770 1.0000 1.0000 0.0001 0.0018 0.0267 0.3946 1.0000 0.0000 0.0006 0.0095 0.1410 1.0000 1.0000 0.0002 0.0034 0.0510 0.7576 1.0000 0.0001 0.0012 0.0185 0.2744 1.0000 1.0000 0.0005 0.0067 0.0994 1.0000 1.0000 0.0002 0.0024 0.0360 0.5349 1.0000 0.0001 0.0008 0.0103 0.0540 0.0103 0.0008 0.0001 1.0000 0.5349 0.0360 0.0024 0.0002 1.0000 1.0000 0.0994 0.0067 0.0005 1.0000 1.0000 0.2744 0.0185 0.0012 0.0001 1.0000 0.7576 0.0510 0.0034 0.0002 1.0000 1.0000 0.1410 0.0095 0.0006 0.0000 1.0000 0.3946 0.0267 0.0018 0.0001 1.0000 1.0000 0.0770 0.0053 0.0004 1.0000 1.0000 0.2370 0.0164 0.0011 0.0001 1.0000 0.7750 0.0542 0.0037
0.0548 0.8051 1.0000 0.0001 0.0012 0.0170 0.2439 1.0000 1.0000 0.0004 0.0053 0.0770 1.0000 1.0000 0.0001 0.0018 0.0261 0.3849 1.0000 0.0000 0.0006 0.0092 0.1365 1.0000 1.0000 0.0002 0.0033 0.0491 0.7293 1.0000 0.0001 0.0012 0.0178 0.2641 1.0000 1.0000 0.0004 0.0064 0.0957 1.0000 1.0000 0.0002 0.0023 0.0347 0.5149 1.0000 0.0001 0.0008 0.0119 0.1479 0.7721 0.1479 0.0119 0.0008 0.0001 1.0000 0.5149 0.0347 0.0023 0.0002 1.0000 1.0000 0.0957 0.0064 0.0004 1.0000 1.0000 0.2641 0.0178 0.0012 0.0001 1.0000 0.7293 0.0491 0.0033 0.0002 1.0000 1.0000 0.1365 0.0092 0.0006 0.0000 1.0000 0.3849 0.0261 0.0018 0.0001 1.0000 1.0000 0.0770 0.0053 0.0004 1.0000 1.0000 0.2439 0.0170 0.0012 0.0001 1.0000 0.8051 0.0548
0.8143 1.0000 0.0001 0.0012 0.0175 0.2514 1.0000 1.0000 0.0004 0.0054 0.0779 1.0000 1.0000 0.0001 0.0018 0.0257 0.3777 1.0000 0.0000 0.0006 0.0089 0.1324 1.0000 1.0000 0.0002 0.0032 0.0473 0.7034 1.0000 0.0001 0.0012 0.0171 0.2543 1.0000 1.0000 0.0004 0.0062 0.0921 1.0000 1.0000 0.0002 0.0022 0.0334 0.4957 1.0000 0.0001 0.0008 0.0119 0.1702 1.0000 1.0000 1.0000 0.1702 0.0119 0.0008 0.0001 1.0000 0.4957 0.0334 0.0022 0.0002 1.0000 1.0000 0.0921 0.0062 0.0004 1.0000 1.0000 0.2543 0.0171 0.0012 0.0001 1.0000 0.7034 0.0473 0.0032 0.0002 1.0000 1.0000 0.1324 0.0089 0.0006 0.0000 1.0000 0.3777 0.0257 0.0018 0.0001 1.0000 1.0000 0.0779 0.0054 0.0004 1.0000 1.0000 0.2514 0.0175 0.0012 0.0001 1.0000 0.8143
1.0000 0.0001 0.0013 0.0182 0.2606 1.0000 1.0000 0.0004 0.0055 0.0796 1.0000 1.0000 0.0001 0.0018 0.0256 0.3741 1.0000 0.0000 0.0006 0.0087 0.1290 1.0000 1.0000 0.0002 0.0031 0.0457 0.6784 1.0000 0.0001 0.0011 0.0165 0.2448 1.0000 1.0000 0.0004 0.0060 0.0887 1.0000 1.0000 0.0001 0.0022 0.0321 0.4772 1.0000 0.0001 0.0008 0.0116 0.1709 1.0000 1.0000 0.0001 1.0000 1.0000 0.1709 0.0116 0.0008 0.0001 1.0000 0.4772 0.0321 0.0022 0.0001 1.0000 1.0000 0.0887 0.0060 0.0004 1.0000 1.0000 0.2448 0.0165 0.0011 0.0001 1.0000 0.6784 0.0457 0.0031 0.0002 1.0000 1.0000 0.1290 0.0087 0.0006 0.0000 1.0000 0.3741 0.0256 0.0018 0.0001 1.0000 1.0000 0.0796 0.0055 0.0004 1.0000 1.0000 0.2606 0.0182 0.0013 0.0001 1.0000
0.0001 0.0013 0.0189 0.2702 1.0000 1.0000 0.0004 0.0057 0.0819 1.0000 1.0000 0.0001 0.0018 0.0257 0.3741 1.0000 0.0000 0.0006 0.0086 0.1265 1.0000 1.0000 0.0002 0.0030 0.0444 0.6569 1.0000 0.0001 0.0011 0.0159 0.2357 1.0000 1.0000 0.0004 0.0057 0.0854 1.0000 1.0000 0.0001 0.0021 0.0309 0.4594 1.0000 0.0001 0.0008 0.0112 0.1661 1.0000 1.0000 0.0002 0.0011 0.0002 1.0000 1.0000 0.1661 0.0112 0.0008 0.0001 1.0000 0.4594 0.0309 0.0021 0.0001 1.0000 1.0000 0.0854 0.0057 0.0004 1.0000 1.0000 0.2357 0.0159 0.0011 0.0001 1.0000 0.6569 0.0444 0.0030 0.0002 1.0000 1.0000 0.1265 0.0086 0.0006 0.0000 1.0000 0.3741 0.0257 0.0018 0.0001 1.0000 1.0000 0.0819 0.0057 0.0004 1.0000 1.0000 0.2702 0.0189 0.0013 0.0001
0.0013 0.0196 0.2807 1.0000 1.0000 0.0004 0.0059 0.0844 1.0000 1.0000 0.0001 0.0018 0.0261 0.3777 1.0000 0.0000 0.0006 0.0085 0.1249 1.0000 1.0000 0.0002 0.0029 0.0432 0.6384 1.0000 0.0001 0.0010 0.0154 0.2273 1.0000 1.0000 0.0004 0.0055 0.0822 1.0000 1.0000 0.0001 0.0020 0.0298 0.4423 1.0000 0.0000 0.0007 0.0108 0.1602 1.0000 1.0000 0.0002 0.0031 0.0162 0.0031 0.0002 1.0000 1.0000 0.1602 0.0108 0.0007 0.0000 1.0000 0.4423 0.0298 0.0020 0.0001 1.0000 1.0000 0.0822 0.0055 0.0004 1.0000 1.0000 0.2273 0.0154 0.0010 0.0001 1.0000 0.6384 0.0432 0.0029 0.0002 1.0000 1.0000 0.1249 0.0085 0.0006 0.0000 1.0000 0.3777 0.0261 0.0018 0.0001 1.0000 1.0000 0.0844 0.0059 0.0004 1.0000 1.0000 0.2807 0.0196 0.0013
0.0198 0.2916 1.0000 1.0000 0.0004 0.0061 0.0875 1.0000 1.0000 0.0001 0.0019 0.0267 0.3849 1.0000 0.0000 0.0006 0.0085 0.1244 1.0000 1.0000 0.0002 0.0029 0.0422 0.6228 1.0000 0.0001 0.0010 0.0149 0.2201 1.0000 1.0000 0.0004 0.0053 0.0791 1.0000 1.0000 0.0001 0.0019 0.0287 0.4257 1.0000 0.0000 0.0007 0.0104 0.1542 1.0000 1.0000 0.0003 0.0036 0.0443 0.2312 0.0443 0.0036 0.0003 1.0000 1.0000 0.1542 0.0104 0.0007 0.0000 1.0000 0.4257 0.0287 0.0019 0.0001 1.0000 1.0000 0.0791 0.0053 0.0004 1.0000 1.0000 0.2201 0.0149 0.0010 0.0001 1.0000 0.6228 0.0422 0.0029 0.0002 1.0000 1.0000 0.1244 0.0085 0.0006 0.0000 1.0000 0.3849 0.0267 0.0019 0.0001 1.0000 1.0000 0.0875 0.0061 0.0004 1.0000 1.0000 0.2916 0.0198
0.2949 1.0000 1.0000 0.0004 0.0063 0.0907 1.0000 1.0000 0.0001 0.0019 0.0274 0.3946 1.0000 0.0000 0.0006 0.0086 0.1249 1.0000 1.0000 0.0002 0.0028 0.0416 0.6111 1.0000 0.0001 0.0010 0.0145 0.2139 1.0000 1.0000 0.0003 0.0051 0.0763 1.0000 1.0000 0.0001 0.0019 0.0276 0.4099 1.0000 0.0000 0.0007 0.0100 0.1484 1.0000 1.0000 0.0002 0.0036 0.0510 0.6335 1.0000 0.6335 0.0510 0.0036 0.0002 1.0000 1.0000 0.1484 0.0100 0.0007 0.0000 1.0000 0.4099 0.0276 0.0019 0.0001 1.0000 1.0000 0.0763 0.0051 0.0003 1.0000 1.0000 0.2139 0.0145 0.0010 0.0001 1.0000 0.6111 0.0416 0.0028 0.0002 1.0000 1.0000 0.1249 0.0086 0.0006 0.0000 1.0000 0.3946 0.0274 0.0019 0.0001 1.0000 1.0000 0.0907 0.0063 0.0004 1.0000 1.0000 0.2949
1.0000 1.0000 0.0005 0.0066 0.0942 1.0000 1.0000 0.0001 0.0020 0.0283 0.4068 1.0000 0.0000 0.0006 0.0087 0.1265 1.0000 1.0000 0.0002 0.0028 0.0413 0.6041 1.0000 0.0001 0.0010 0.0141 0.2087 1.0000 1.0000 0.0003 0.0050 0.0739 1.0000 1.0000 0.0001 0.0018 0.0266 0.3946 1.0000 0.0000 0.0006 0.0096 0.1429 1.0000 1.0000 0.0002 0.0035 0.0512 0.7293 1.0000 1.0000 1.0000 0.7293 0.0512 0.0035 0.0002 1.0000 1.0000 0.1429 0.0096 0.0006 0.0000 1.0000 0.3946 0.0266 0.0018 0.0001 1.0000 1.0000 0.0739 0.0050 0.0003 1.0000 1.0000 0.2087 0.0141 0.0010 0.0001 1.0000 0.6041 0.0413 0.0028 0.0002 1.0000 1.0000 0.1265 0.0087 0.0006 0.0000 1.0000 0.4068 0.0283 0.0020 0.0001 1.0000 1.0000 0.0942 0.0066 0.0005 1.0000 1.0000
1.0000 0.0005 0.0068 0.0979 1.0000 1.0000 0.0001 0.0020 0.0294 0.4201 1.0000 0.0000 0.0006 0.0089 0.1290 1.0000 1.0000 0.0002 0.0028 0.0413 0.6018 1.0000 0.0001 0.0009 0.0139 0.2039 1.0000 1.0000 0.0003 0.0048 0.0717 1.0000 1.0000 0.0001 0.0017 0.0256 0.3798 1.0000 0.0000 0.0006 0.0093 0.1376 1.0000 1.0000 0.0002 0.0034 0.0497 0.7321 1.0000 0.0001 0.0003 0.0001 1.0000 0.7321 0.0497 0.0034 0.0002 1.0000 1.0000 0.1376 0.0093 0.0006 0.0000 1.0000 0.3798 0.0256 0.0017 0.0001 1.0000 1.0000 0.0717 0.0048 0.0003 1.0000 1.0000 0.2039 0.0139 0.0009 0.0001 1.0000 0.6018 0.0413 0.0028 0.0002 1.0000 1.0000 0.1290 0.0089 0.0006 0.0000 1.0000 0.4201 0.0294 0.0020 0.0001 1.0000 1.0000 0.0979 0.0068 0.0005 1.0000
0.0005 0.0071 0.1017 1.0000 1.0000 0.0001 0.0021 0.0304 0.4356 1.0000 0.0000 0.0006 0.0092 0.1324 1.0000 1.0000 0.0002 0.0029 0.0416 0.6041 1.0000 0.0001 0.0009 0.0137 0.2009 1.0000 1.0000 0.0003 0.0047 0.0698 1.0000 1.0000 0.0001 0.0017 0.0247 0.3664 1.0000 0.0000 0.0006 0.0089 0.1324 1.0000 1.0000 0.0002 0.0032 0.0480 0.7115 1.0000 0.0001 0.0009 0.0048 0.0009 0.0001 1.0000 0.7115 0.0480 0.0032 0.0002 1.0000 1.0000 0.1324 0.0089 0.0006 0.0000 1.0000 0.3664 0.0247 0.0017 0.0001 1.0000 1.0000 0.0698 0.0047 0.0003 1.0000 1.0000 0.2009 0.0137 0.0009 0.0001 1.0000 0.6041 0.0416 0.0029 0.0002 1.0000 1.0000 0.1324 0.0092 0.0006 0.0000 1.0000 0.4356 0.0304 0.0021 0.0001 1.0000 1.0000 0.1017 0.0071 0.0005
0.0072 0.1056 1.0000 1.0000 0.0002 0.0022 0.0316 0.4525 1.0000 0.0000 0.0007 0.0095 0.1365 1.0000 1.0000 0.0002 0.0029 0.0422 0.6111 1.0000 0.0001 0.0009 0.0136 0.1993 1.0000 1.0000 0.0003 0.0046 0.0682 1.0000 1.0000 0.0001 0.0016 0.0240 0.3547 1.0000 0.0000 0.0006 0.0086 0.1275 1.0000 1.0000 0.0002 0.0031 0.0462 0.6862 1.0000 0.0001 0.0011 0.0133 0.0692 0.0133 0.0011 0.0001 1.0000 0.6862 0.0462 0.0031 0.0002 1.0000 1.0000 0.1275 0.0086 0.0006 0.0000 1.0000 0.3547 0.0240 0.0016 0.0001 1.0000 1.0000 0.0682 0.0046 0.0003 1.0000 1.0000 0.1993 0.0136 0.0009 0.0001 1.0000 0.6111 0.0422 0.0029 0.0002 1.0000 1.0000 0.1365 0.0095 0.0007 0.0000 1.0000 0.4525 0.0316 0.0022 0.0002 1.0000 1.0000 0.1056 0.0072
0.1068 1.0000 1.0000 0.0002 0.0023 0.0329 0.4700 1.0000 0.0000 0.0007 0.0099 0.1410 1.0000 1.0000 0.0002 0.0030 0.0432 0.6228 1.0000 0.0001 0.0009 0.0137 0.1993 1.0000 1.0000 0.0003 0.0046 0.0669 0.9849 1.0000 0.0001 0.0016 0.0234 0.3447 1.0000 1.0000 0.0006 0.0083 0.1230 1.0000 1.0000 0.0002 0.0030 0.0445 0.6606 1.0000 0.0001 0.0011 0.0153 0.1897 0.9905 0.1897 0.0153 0.0011 0.0001 1.0000 0.6606 0.0445 0.0030 0.0002 1.0000 1.0000 0.1230 0.0083 0.0006 1.0000 1.0000 0.3447 0.0234 0.0016 0.0001 1.0000 0.9849 0.0669 0.0046 0.0003 1.0000 1.0000 0.1993 0.0137 0.0009 0.0001 1.0000 0.6228 0.0432 0.0030 0.0002 1.0000 1.0000 0.1410 0.0099 0.0007 0.0000 1.0000 0.4700 0.0329 0.0023 0.0002 1.0000 1.0000 0.1068
1.0000 1.0000 0.0002 0.0024 0.0341 0.4882 1.0000 0.0000 0.0007 0.0102 0.1462 1.0000 1.0000 0.0002 0.0031 0.0444 0.6384 1.0000 0.0001 0.0010 0.0139 0.2009 1.0000 1.0000 0.0003 0.0045 0.0662 0.9700 1.0000 0.0001 0.0015 0.0228 0.3363 1.0000 1.0000 0.0005 0.0080 0.1191 1.0000 1.0000 0.0002 0.0029 0.0428 0.6360 1.0000 0.0001 0.0010 0.0153 0.2184 1.0000 1.0000 1.0000 0.2184 0.0153 0.0010 0.0001 1.0000 0.6360 0.0428 0.0029 0.0002 1.0000 1.0000 0.1191 0.0080 0.0005 1.0000 1.0000 0.3363 0.0228 0.0015 0.0001 1.0000 0.9700 0.0662 0.0045 0.0003 1.0000 1.0000 0.2009 0.0139 0.0010 0.0001 1.0000 0.6384 0.0444 0.0031 0.0002 1.0000 1.0000 0.1462 0.0102 0.0007 0.0000 1.0000 0.4882 0.0341 0.0024 0.0002 1.0000 1.0000
1.0000 0.0002 0.0025 0.0355 0.5072 1.0000 0.0001 0.0007 0.0106 0.1519 1.0000 1.0000 0.0002 0.0032 0.0457 0.6569 1.0000 0.0001 0.0010 0.0141 0.2039 1.0000 1.0000 0.0003 0.0045 0.0659 0.9627 1.0000 0.0001 0.0015 0.0223 0.3293 1.0000 1.0000 0.0005 0.0078 0.1155 1.0000 1.0000 0.0002 0.0028 0.0413 0.6122 1.0000 0.0001 0.0010 0.0149 0.2192 1.0000 1.0000 0.0001 1.0000 1.0000 0.2192 0.0149 0.0010 0.0001 1.0000 0.6122 0.0413 0.0028 0.0002 1.0000 1.0000 0.1155 0.0078 0.0005 1.0000 1.0000 0.3293 0.0223 0.0015 0.0001 1.0000 0.9627 0.0659 0.0045 0.0003 1.0000 1.0000 0.2039 0.0141 0.0010 0.0001 1.0000 0.6569 0.0457 0.0032 0.0002 1.0000 1.0000 0.1519 0.0106 0.0007 0.0001 1.0000 0.5072 0.0355 0.0025 0.0002 1.0000
0.0002 0.0026 0.0368 0.5268 1.0000 0.0001 0.0008 0.0110 0.1578 1.0000 1.0000 0.0002 0.0033 0.0473 0.6784 1.0000 0.0001 0.0010 0.0145 0.2087 1.0000 1.0000 0.0003 0.0046 0.0662 0.9627 1.0000 0.0001 0.0015 0.0220 0.3231 1.0000 1.0000 0.0005 0.0076 0.1125 1.0000 1.0000 0.0002 0.0027 0.0399 0.5905 1.0000 0.0001 0.0010 0.0144 0.2131 1.0000 1.0000 0.0003 0.0014 0.0003 1.0000 1.0000 0.2131 0.0144 0.0010 0.0001 1.0000 0.5905 0.0399 0.0027 0.0002 1.0000 1.0000 0.1125 0.0076 0.0005 1.0000 1.0000 0.3231 0.0220 0.0015 0.0001 1.0000 0.9627 0.0662 0.0046 0.0003 1.0000 1.0000 0.2087 0.0145 0.0010 0.0001 1.0000 0.6784 0.0473 0.0033 0.0002 1.0000 1.0000 0.1578 0.0110 0.0008 0.0001 1.0000 0.5268 0.0368 0.0026 0.0002
0.0026 0.0383 0.5472 1.0000 0.0001 0.0008 0.0115 0.1639 1.0000 1.0000 0.0002 0.0034 0.0491 0.7034 1.0000 0.0001 0.0010 0.0149 0.2139 1.0000 1.0000 0.0003 0.0046 0.0669 0.9700 1.0000 0.0001 0.0015 0.0218 0.3195 1.0000 1.0000 0.0005 0.0075 0.1099 1.0000 1.0000 0.0002 0.0026 0.0387 0.5717 1.0000 0.0001 0.0009 0.0138 0.2055 1.0000 1.0000 0.0003 0.0040 0.0207 0.0040 0.0003 1.0000 1.0000 0.2055 0.0138 0.0009 0.0001 1.0000 0.5717 0.0387 0.0026 0.0002 1.0000 1.0000 0.1099 0.0075 0.0005 1.0000 1.0000 0.3195 0.0218 0.0015 0.0001 1.0000 0.9700 0.0669 0.0046 0.0003 1.0000 1.0000 0.2139 0.0149 0.0010 0.0001 1.0000 0.7034 0.0491 0.0034 0.0002 1.0000 1.0000 0.1639 0.0115 0.0008 0.0001 1.0000 0.5472 0.0383 0.0026
0.0387 0.5685 1.0000 0.0001 0.0008 0.0119 0.1702 1.0000 1.0000 0.0002 0.0036 0.0510 0.7293 1.0000 0.0001 0.0011 0.0154 0.2201 1.0000 1.0000 0.0003 0.0047 0.0682 0.9849 1.0000 0.0001 0.0015 0.0218 0.3183 1.0000 1.0000 0.0005 0.0073 0.1078 1.0000 1.0000 0.0002 0.0025 0.0377 0.5556 1.0000 0.0001 0.0009 0.0133 0.1982 1.0000 1.0000 0.0003 0.0046 0.0568 0.2966 0.0568 0.0046 0.0003 1.0000 1.0000 0.1982 0.0133 0.0009 0.0001 1.0000 0.5556 0.0377 0.0025 0.0002 1.0000 1.0000 0.1078 0.0073 0.0005 1.0000 1.0000 0.3183 0.0218 0.0015 0.0001 1.0000 0.9849 0.0682 0.0047 0.0003 1.0000 1.0000 0.2201 0.0154 0.0011 0.0001 1.0000 0.7293 0.0510 0.0036 0.0002 1.0000 1.0000 0.1702 0.0119 0.0008 0.0001 1.0000 0.5685 0.0387
0.5750 1.0000 0.0001 0.0009 0.0124 0.1768 1.0000 1.0000 0.0003 0.0037 0.0530 0.7576 1.0000 0.0001 0.0011 0.0159 0.2273 1.0000 1.0000 0.0003 0.0048 0.0698 1.0000 1.0000 0.0001 0.0015 0.0220 0.3195 1.0000 1.0000 0.0005 0.0072 0.1062 1.0000 1.0000 0.0002 0.0025 0.0368 0.5421 1.0000 0.0001 0.0009 0.0129 0.1915 1.0000 1.0000 0.0003 0.0046 0.0654 0.8128 1.0000 0.8128 0.0654 0.0046 0.0003 1.0000 1.0000 0.1915 0.0129 0.0009 0.0001 1.0000 0.5421 0.0368 0.0025 0.0002 1.0000 1.0000 0.1062 0.0072 0.0005 1.0000 1.0000 0.3195 0.0220 0.0015 0.0001 1.0000 1.0000 0.0698 0.0048 0.0003 1.0000 1.0000 0.2273 0.0159 0.0011 0.0001 1.0000 0.7576 0.0530 0.0037 0.0003 1.0000 1.0000 0.1768 0.0124 0.0009 0.0001 1.0000 0.5750
1.0000 0.0001 0.0009 0.0128 0.1837 1.0000 1.0000 0.0003 0.0038 0.0550 0.7869 1.0000 0.0001 0.0012 0.0165 0.2357 1.0000 1.0000 0.0003 0.0050 0.0717 1.0000 1.0000 0.0001 0.0015 0.0223 0.3231 1.0000 1.0000 0.0005 0.0072 0.1054 1.0000 1.0000 0.0002 0.0024 0.0360 0.5308 1.0000 0.0001 0.0009 0.0126 0.1858 1.0000 1.0000 0.0003 0.0045 0.0658 0.9356 1.0000 1.0000 1.0000 0.9356 0.0658 0.0045 0.0003 1.0000 1.0000 0.1858 0.0126 0.0009 0.0001 1.0000 0.5308 0.0360 0.0024 0.0002 1.0000 1.0000 0.1054 0.0072 0.0005 1.0000 1.0000 0.3231 0.0223 0.0015 0.0001 1.0000 1.0000 0.0717 0.0050 0.0003 1.0000 1.0000 0.2357 0.0165 0.0012 0.0001 1.0000 0.7869 0.0550 0.0038 0.0003 1.0000 1.0000 0.1837 0.0128 0.0009 0.0001 1.0000
0.0001 0.0009 0.0133 0.1908 1.0000 1.0000 0.0003 0.0040 0.0571 0.8174 1.0000 0.0001 0.0012 0.0171 0.2448 1.0000 1.0000 0.0004 0.0051 0.0739 1.0000 1.0000 0.0001 0.0016 0.0228 0.3293 1.0000 1.0000 0.0005 0.0072 0.1054 1.0000 1.0000 0.0002 0.0024 0.0354 0.5208 1.0000 0.0001 0.0008 0.0122 0.1809 1.0000 1.0000 0.0003 0.0043 0.0642 0.9410 1.0000 0.0001 0.0004 0.0001 1.0000 0.9410 0.0642 0.0043 0.0003 1.0000 1.0000 0.1809 0.0122 0.0008 0.0001 1.0000 0.5208 0.0354 0.0024 0.0002 1.0000 1.0000 0.1054 0.0072 0.0005 1.0000 1.0000 0.3293 0.0228 0.0016 0.0001 1.0000 1.0000 0.0739 0.0051 0.0004 1.0000 1.0000 0.2448 0.0171 0.0012 0.0001 1.0000 0.8174 0.0571 0.0040 0.0003 1.0000 1.0000 0.1908 0.0133 0.0009 0.0001
0.0009 0.0139 0.1982 1.0000 1.0000 0.0003 0.0041 0.0594 0.8491 1.0000 0.0001 0.0012 0.0178 0.2543 1.0000 1.0000 0.0004 0.0053 0.0763 1.0000 1.0000 0.0001 0.0016 0.0234 0.3363 1.0000 1.0000 0.0005 0.0073 0.1062 1.0000 1.0000 0.0002 0.0024 0.0350 0.5130 1.0000 0.0001 0.0008 0.0120 0.1768 1.0000 1.0000 0.0003 0.0042 0.0624 0.9197 1.0000 0.0001 0.0012 0.0062 0.0012 0.0001 1.0000 0.9197 0.0624 0.0042 0.0003 1.0000 1.0000 0.1768 0.0120 0.0008 0.0001 1.0000 0.5130 0.0350 0.0024 0.0002 1.0000 1.0000 0.1062 0.0073 0.0005 1.0000 1.0000 0.3363 0.0234 0.0016 0.0001 1.0000 1.0000 0.0763 0.0053 0.0004 1.0000 1.0000 0.2543 0.0178 0.0012 0.0001 1.0000 0.8491 0.0594 0.0041 0.0003 1.0000 1.0000 0.1982 0.0139 0.0009
0.0140 0.2059 1.0000 1.0000 0.0003 0.0043 0.0617 0.8820 1.0000 0.0001 0.0013 0.0185 0.2641 1.0000 1.0000 0.0004 0.0055 0.0791 1.0000 1.0000 0.0001 0.0017 0.0240 0.3447 1.0000 1.0000 0.0005 0.0075 0.1078 1.0000 1.0000 0.0002 0.0024 0.0349 0.5091 1.0000 0.0001 0.0008 0.0118 0.1735 1.0000 1.0000 0.0003 0.0041 0.0606 0.8956 1.0000 0.0001 0.0014 0.0171 0.0892 0.0171 0.0014 0.0001 1.0000 0.8956 0.0606 0.0041 0.0003 1.0000 1.0000 0.1735 0.0118 0.0008 0.0001 1.0000 0.5091 0.0349 0.0024 0.0002 1.0000 1.0000 0.1078 0.0075 0.0005 1.0000 1.0000 0.3447 0.0240 0.0017 0.0001 1.0000 1.0000 0.0791 0.0055 0.0004 1.0000 1.0000 0.2641 0.0185 0.0013 0.0001 1.0000 0.8820 0.0617 0.0043 0.0003 1.0000 1.0000 0.2059 0.0140
0.2083 1.0000 1.0000 0.0003 0.0045 0.0640 0.9162 1.0000 0.0001 0.0013 0.0192 0.2744 1.0000 1.0000 0.0004 0.0057 0.0822 1.0000 1.0000 0.0001 0.0017 0.0247 0.3547 1.0000 1.0000 0.0005 0.0076 0.1099 1.0000 1.0000 0.0002 0.0024 0.0350 0.5091 1.0000 0.0001 0.0008 0.0116 0.1709 1.0000 1.0000 0.0003 0.0040 0.0591 0.8737 1.0000 0.0001 0.0014 0.0197 0.2453 1.0000 0.2453 0.0197 0.0014 0.0001 1.0000 0.8737 0.0591 0.0040 0.0003 1.0000 1.0000 0.1709 0.0116 0.0008 0.0001 1.0000 0.5091 0.0350 0.0024 0.0002 1.0000 1.0000 0.1099 0.0076 0.0005 1.0000 1.0000 0.3547 0.0247 0.0017 0.0001 1.0000 1.0000 0.0822 0.0057 0.0004 1.0000 1.0000 0.2744 0.0192 0.0013 0.0001 1.0000 0.9162 0.0640 0.0045 0.0003 1.0000 1.0000 0.2083
1.0000 1.0000 0.0003 0.0047 0.0665 0.9518 1.0000 0.0001 0.0014 0.0199 0.2850 1.0000 1.0000 0.0004 0.0060 0.0854 1.0000 1.0000 0.0001 0.0018 0.0256 0.3664 1.0000 1.0000 0.0005 0.0078 0.1125 1.0000 1.0000 0.0002 0.0024 0.0354 0.5130 1.0000 0.0001 0.0008 0.0115 0.1689 1.0000 1.0000 0.0003 0.0039 0.0579 0.8540 1.0000 0.0001 0.0014 0.0200 0.2839 1.0000 1.0000 1.0000 0.2839 0.0200 0.0014 0.0001 1.0000 0.8540 0.0579 0.0039 0.0003 1.0000 1.0000 0.1689 0.0115 0.0008 0.0001 1.0000 0.5130 0.0354 0.0024 0.0002 1.0000 1.0000 0.1125 0.0078 0.0005 1.0000 1.0000 0.3664 0.0256 0.0018 0.0001 1.0000 1.0000 0.0854 0.0060 0.0004 1.0000 1.0000 0.2850 0.0199 0.0014 0.0001 1.0000 0.9518 0.0665 0.0047 0.0003 1.0000 1.0000
1.0000 0.0003 0.0048 0.0691 0.9887 1.0000 0.0001 0.0014 0.0207 0.2961 1.0000 1.0000 0.0004 0.0062 0.0887 1.0000 1.0000 0.0001 0.0019 0.0266 0.3798 1.0000 0.0000 0.0006 0.0080 0.1155 1.0000 1.0000 0.0002 0.0025 0.0360 0.5208 1.0000 0.0001 0.0008 0.0115 0.1683 1.0000 1.0000 0.0003 0.0039 0.0569 0.8379 1.0000 0.0001 0.0013 0.0197 0.2883 1.0000 1.0000 0.0001 1.0000 1.0000 0.2883 0.0197 0.0013 0.0001 1.0000 0.8379 0.0569 0.0039 0.0003 1.0000 1.0000 0.1683 0.0115 0.0008 0.0001 1.0000 0.5208 0.0360 0.0025 0.0002 1.0000 1.0000 0.1155 0.0080 0.0006 0.0000 1.0000 0.3798 0.0266 0.0019 0.0001 1.0000 1.0000 0.0887 0.0062 0.0004 1.0000 1.0000 0.2961 0.0207 0.0014 0.0001 1.0000 0.9887 0.0691 0.0048 0.0003 1.0000
0.0003 0.0050 0.0718 1.0000 1.0000 0.0001 0.0015 0.0215 0.3075 1.0000 1.0000 0.0005 0.0064 0.0921 1.0000 1.0000 0.0001 0.0019 0.0276 0.3946 1.0000 0.0000 0.0006 0.0083 0.1191 1.0000 1.0000 0.0002 0.0025 0.0368 0.5308 1.0000 0.0001 0.0008 0.0116 0.1689 1.0000 1.0000 0.0003 0.0038 0.0562 0.8252 1.0000 0.0001 0.0013 0.0193 0.2845 1.0000 1.0000 0.0004 0.0019 0.0004 1.0000 1.0000 0.2845 0.0193 0.0013 0.0001 1.0000 0.8252 0.0562 0.0038 0.0003 1.0000 1.0000 0.1689 0.0116 0.0008 0.0001 1.0000 0.5308 0.0368 0.0025 0.0002 1.0000 1.0000 0.1191 0.0083 0.0006 0.0000 1.0000 0.3946 0.0276 0.0019 0.0001 1.0000 1.0000 0.0921 0.0064 0.0005 1.0000 1.0000 0.3075 0.0215 0.0015 0.0001 1.0000 1.0000 0.0718 0.0050 0.0003
0.0051 0.0746 1.0000 1.0000 0.0001 0.0016 0.0223 0.3195 1.0000 1.0000 0.0005 0.0067 0.0957 1.0000 1.0000 0.0001 0.0020 0.0287 0.4099 1.0000 0.0000 0.0006 0.0086 0.1230 1.0000 1.0000 0.0002 0.0026 0.0377 0.5421 1.0000 0.0001 0.0008 0.0118 0.1709 1.0000 1.0000 0.0003 0.0038 0.0557 0.8159 1.0000 0.0001 0.0013 0.0190 0.2797 1.0000 1.0000 0.0004 0.0052 0.0273 0.0052 0.0004 1.0000 1.0000 0.2797 0.0190 0.0013 0.0001 1.0000 0.8159 0.0557 0.0038 0.0003 1.0000 1.0000 0.1709 0.0118 0.0008 0.0001 1.0000 0.5421 0.0377 0.0026 0.0002 1.0000 1.0000 0.1230 0.0086 0.0006 0.0000 1.0000 0.4099 0.0287 0.0020 0.0001 1.0000 1.0000 0.0957 0.0067 0.0005 1.0000 1.0000 0.3195 0.0223 0.0016 0.0001 1.0000 1.0000 0.0746 0.0051
0.0754 1.0000 1.0000 0.0001 0.0016 0.0232 0.3319 1.0000 1.0000 0.0005 0.0069 0.0994 1.0000 1.0000 0.0001 0.0021 0.0298 0.4257 1.0000 0.0000 0.0006 0.0089 0.1275 1.0000 1.0000 0.0002 0.0027 0.0387 0.5556 1.0000 0.0001 0.0008 0.0120 0.1735 1.0000 1.0000 0.0003 0.0038 0.0557 0.8128 1.0000 0.0001 0.0013 0.0187 0.2749 1.0000 1.0000 0.0004 0.0061 0.0756 0.3931 0.0756 0.0061 0.0004 1.0000 1.0000 0.2749 0.0187 0.0013 0.0001 1.0000 0.8128 0.0557 0.0038 0.0003 1.0000 1.0000 0.1735 0.0120 0.0008 0.0001 1.0000 0.5556 0.0387 0.0027 0.0002 1.0000 1.0000 0.1275 0.0089 0.0006 0.0000 1.0000 0.4257 0.0298 0.0021 0.0001 1.0000 1.0000 0.0994 0.0069 0.0005 1.0000 1.0000 0.3319 0.0232 0.0016 0.0001 1.0000 1.0000 0.0754
1.0000 1.0000 0.0001 0.0017 0.0241 0.3447 1.0000 1.0000 0.0005 0.0072 0.1032 1.0000 1.0000 0.0002 0.0022 0.0309 0.4423 1.0000 0.0000 0.0006 0.0093 0.1324 1.0000 1.0000 0.0002 0.0028 0.0399 0.5717 1.0000 0.0001 0.0009 0.0122 0.1768 1.0000 1.0000 0.0003 0.0039 0.0562 0.8159 1.0000 0.0001 0.0013 0.0185 0.2713 1.0000 1.0000 0.0004 0.0062 0.0882 1.0000 1.0000 1.0000 0.0882 0.0062 0.0004 1.0000 1.0000 0.2713 0.0185 0.0013 0.0001 1.0000 0.8159 0.0562 0.0039 0.0003 1.0000 1.0000 0.1768 0.0122 0.0009 0.0001 1.0000 0.5717 0.0399 0.0028 0.0002 1.0000 1.0000 0.1324 0.0093 0.0006 0.0000 1.0000 0.4423 0.0309 0.0022 0.0002 1.0000 1.0000 0.1032 0.0072 0.0005 1.0000 1.0000 0.3447 0.0241 0.0017 0.0001 1.0000 1.0000
1.0000 0.0001 0.0017 0.0250 0.3581 1.0000 1.0000 0.0005 0.0075 0.1072 1.0000 1.0000 0.0002 0.0022 0.0321 0.4594 1.0000 0.0000 0.0007 0.0096 0.1376 1.0000 1.0000 0.0002 0.0029 0.0413 0.5905 1.0000 0.0001 0.0009 0.0126 0.1809 1.0000 1.0000 0.0003 0.0039 0.0569 0.8252 1.0000 0.0001 0.0013 0.0184 0.2692 1.0000 1.0000 0.0004 0.0062 0.0902 1.0000 1.0000 0.0000 1.0000 1.0000 0.0902 0.0062 0.0004 1.0000 1.0000 0.2692 0.0184 0.0013 0.0001 1.0000 0.8252 0.0569 0.0039 0.0003 1.0000 1.0000 0.1809 0.0126 0.0009 0.0001 1.0000 0.5905 0.0413 0.0029 0.0002 1.0000 1.0000 0.1376 0.0096 0.0007 0.0000 1.0000 0.4594 0.0321 0.0022 0.0002 1.0000 1.0000 0.1072 0.0075 0.0005 1.0000 1.0000 0.3581 0.0250 0.0017 0.0001 1.0000
0.0001 0.0018 0.0260 0.3720 1.0000 1.0000 0.0005 0.0078 0.1114 1.0000 1.0000 0.0002 0.0023 0.0334 0.4772 1.0000 0.0000 0.0007 0.0100 0.1429 1.0000 1.0000 0.0002 0.0030 0.0428 0.6122 1.0000 0.0001 0.0009 0.0129 0.1858 1.0000 1.0000 0.0003 0.0040 0.0579 0.8379 1.0000 0.0001 0.0013 0.0185 0.2692 1.0000 1.0000 0.0004 0.0062 0.0899 1.0000 1.0000 0.0001 0.0006 0.0001 1.0000 1.0000 0.0899 0.0062 0.0004 1.0000 1.0000 0.2692 0.0185 0.0013 0.0001 1.0000 0.8379 0.0579 0.0040 0.0003 1.0000 1.0000 0.1858 0.0129 0.0009 0.0001 1.0000 0.6122 0.0428 0.0030 0.0002 1.0000 1.0000 0.1429 0.0100 0.0007 0.0000 1.0000 0.4772 0.0334 0.0023 0.0002 1.0000 1.0000 0.1114 0.0078 0.0005 1.0000 1.0000 0.3720 0.0260 0.0018 0.0001
0.0018 0.0270 0.3864 1.0000 0.0000 0.0006 0.0081 0.1157 1.0000 1.0000 0.0002 0.0024 0.0347 0.4957 1.0000 0.0001 0.0007 0.0104 0.1484 1.0000 1.0000 0.0002 0.0031 0.0445 0.6360 1.0000 0.0001 0.0009 0.0133 0.1915 1.0000 1.0000 0.0003 0.0041 0.0591 0.8540 1.0000 0.0001 0.0013 0.0187 0.2713 1.0000 1.0000 0.0004 0.0061 0.0893 1.0000 1.0000 0.0001 0.0016 0.0085 0.0016 0.0001 1.0000 1.0000 0.0893 0.0061 0.0004 1.0000 1.0000 0.2713 0.0187 0.0013 0.0001 1.0000 0.8540 0.0591 0.0041 0.0003 1.0000 1.0000 0.1915 0.0133 0.0009 0.0001 1.0000 0.6360 0.0445 0.0031 0.0002 1.0000 1.0000 0.1484 0.0104 0.0007 0.0001 1.0000 0.4957 0.0347 0.0024 0.0002 1.0000 1.0000 0.1157 0.0081 0.0006 0.0000 1.0000 0.3864 0.0270 0.0018
0.0273 0.4014 1.0000 0.0000 0.0006 0.0084 0.1202 1.0000 1.0000 0.0002 0.0025 0.0360 0.5149 1.0000 0.0001 0.0008 0.0108 0.1542 1.0000 1.0000 0.0002 0.0032 0.0462 0.6606 1.0000 0.0001 0.0010 0.0138 0.1982 1.0000 1.0000 0.0003 0.0042 0.0606 0.8737 1.0000 0.0001 0.0013 0.0190 0.2749 1.0000 1.0000 0.0004 0.0061 0.0890 1.0000 1.0000 0.0001 0.0019 0.0238 0.1237 0.0238 0.0019 0.0001 1.0000 1.0000 0.0890 0.0061 0.0004 1.0000 1.0000 0.2749 0.0190 0.0013 0.0001 1.0000 0.8737 0.0606 0.0042 0.0003 1.0000 1.0000 0.1982 0.0138 0.0010 0.0001 1.0000 0.6606 0.0462 0.0032 0.0002 1.0000 1.0000 0.1542 0.0108 0.0008 0.0001 1.0000 0.5149 0.0360 0.0025 0.0002 1.0000 1.0000 0.1202 0.0084 0.0006 0.0000 1.0000 0.4014 0.0273
0.4052 1.0000 0.0000 0.0006 0.0087 0.1249 1.0000 1.0000 0.0002 0.0026 0.0374 0.5349 1.0000 0.0001 0.0008 0.0112 0.1602 1.0000 1.0000 0.0002 0.0034 0.0480 0.6862 1.0000 0.0001 0.0010 0.0144 0.2055 1.0000 1.0000 0.0003 0.0043 0.0624 0.8956 1.0000 0.0001 0.0013 0.0193 0.2797 1.0000 1.0000 0.0004 0.0062 0.0893 1.0000 1.0000 0.0001 0.0020 0.0281 0.3454 1.0000 0.3454 0.0281 0.0020 0.0001 1.0000 1.0000 0.0893 0.0062 0.0004 1.0000 1.0000 0.2797 0.0193 0.0013 0.0001 1.0000 0.8956 0.0624 0.0043 0.0003 1.0000 1.0000 0.2055 0.0144 0.0010 0.0001 1.0000 0.6862 0.0480 0.0034 0.0002 1.0000 1.0000 0.1602 0.0112 0.0008 0.0001 1.0000 0.5349 0.0374 0.0026 0.0002 1.0000 1.0000 0.1249 0.0087 0.0006 0.0000 1.0000 0.4052
1.0000 0.0000 0.0006 0.0090 0.1295 1.0000 1.0000 0.0002 0.0027 0.0388 0.5546 1.0000 0.0001 0.0008 0.0116 0.1661 1.0000 1.0000 0.0002 0.0035 0.0497 0.7115 1.0000 0.0001 0.0010 0.0149 0.2131 1.0000 1.0000 0.0003 0.0045 0.0642 0.9197 1.0000 0.0001 0.0014 0.0197 0.2845 1.0000 1.0000 0.0004 0.0062 0.0899 1.0000 1.0000 0.0001 0.0020 0.0290 0.4075 1.0000 1.0000 1.0000 0.4075 0.0290 0.0020 0.0001 1.0000 1.0000 0.0899 0.0062 0.0004 1.0000 1.0000 0.2845 0.0197 0.0014 0.0001 1.0000 0.9197 0.0642 0.0045 0.0003 1.0000 1.0000 0.2131 0.0149 0.0010 0.0001 1.0000 0.7115 0.0497 0.0035 0.0002 1.0000 1.0000 0.1661 0.0116 0.0008 0.0001 1.0000 0.5546 0.0388 0.0027 0.0002 1.0000 1.0000 0.1295 0.0090 0.0006 0.0000 1.0000
0.0000 0.0007 0.0093 0.1332 1.0000 1.0000 0.0002 0.0028 0.0399 0.5706 1.0000 0.0001 0.0008 0.0119 0.1709 1.0000 1.0000 0.0003 0.0036 0.0512 0.7321 1.0000 0.0001 0.0011 0.0153 0.2192 1.0000 1.0000 0.0003 0.0046 0.0658 0.9410 1.0000 0.0001 0.0014 0.0200 0.2883 1.0000 1.0000 0.0004 0.0062 0.0902 1.0000 1.0000 0.0001 0.0020 0.0290 0.4185 1.0000 1.0000 0.0002 1.0000 1.0000 0.4185 0.0290 0.0020 0.0001 1.0000 1.0000 0.0902 0.0062 0.0004 1.0000 1.0000 0.2883 0.0200 0.0014 0.0001 1.0000 0.9410 0.0658 0.0046 0.0003 1.0000 1.0000 0.2192 0.0153 0.0011 0.0001 1.0000 0.7321 0.0512 0.0036 0.0003 1.0000 1.0000 0.1709 0.0119 0.0008 0.0001 1.0000 0.5706 0.0399 0.0028 0.0002 1.0000 1.0000 0.1332 0.0093 0.0007 0.0000
0.0006 0.0093 0.1327 1.0000 1.0000 0.0002 0.0028 0.0397 0.5685 1.0000 0.0001 0.0008 0.0119 0.1702 1.0000 1.0000 0.0002 0.0036 0.0510 0.7293 1.0000 0.0001 0.0011 0.0153 0.2184 1.0000 1.0000 0.0003 0.0046 0.0654 0.9356 1.0000 0.0001 0.0014 0.0197 0.2839 1.0000 1.0000 0.0004 0.0061 0.0882 1.0000 1.0000 0.0001 0.0019 0.0281 0.4075 1.0000 0.0000 0.0005 0.0026 0.0005 0.0000 1.0000 0.4075 0.0281 0.0019 0.0001 1.0000 1.0000 0.0882 0.0061 0.0004 1.0000 1.0000 0.2839 0.0197 0.0014 0.0001 1.0000 0.9356 0.0654 0.0046 0.0003 1.0000 1.0000 0.2184 0.0153 0.0011 0.0001 1.0000 0.7293 0.0510 0.0036 0.0002 1.0000 1.0000 0.1702 0.0119 0.0008 0.0001 1.0000 0.5685 0.0397 0.0028 0.0002 1.0000 1.0000 0.1327 0.0093 0.0006
0.0078 0.1153 1.0000 1.0000 0.0002 0.0024 0.0345 0.4938 1.0000 0.0001 0.0007 0.0103 0.1479 1.0000 1.0000 0.0002 0.0031 0.0443 0.6335 1.0000 0.0001 0.0009 0.0133 0.1897 1.0000 1.0000 0.0003 0.0040 0.0568 0.8128 1.0000 0.0001 0.0012 0.0171 0.2453 1.0000 1.0000 0.0004 0.0052 0.0756 1.0000 1.0000 0.0001 0.0016 0.0238 0.3454 1.0000 1.0000 0.0005 0.0062 0.0319 0.0062 0.0005 1.0000 1.0000 0.3454 0.0238 0.0016 0.0001 1.0000 1.0000 0.0756 0.0052 0.0004 1.0000 1.0000 0.2453 0.0171 0.0012 0.0001 1.0000 0.8128 0.0568 0.0040 0.0003 1.0000 1.0000 0.1897 0.0133 0.0009 0.0001 1.0000 0.6335 0.0443 0.0031 0.0002 1.0000 1.0000 0.1479 0.0103 0.0007 0.0001 1.0000 0.4938 0.0345 0.0024 0.0002 1.0000 1.0000 0.1153 0.0078
0.0414 0.6041 1.0000 0.0001 0.0009 0.0126 0.1802 1.0000 1.0000 0.0003 0.0038 0.0540 0.7721 1.0000 0.0001 0.0011 0.0162 0.2312 1.0000 1.0000 0.0003 0.0048 0.0692 0.9905 1.0000 0.0001 0.0014 0.0207 0.2966 1.0000 1.0000 0.0004 0.0062 0.0892 1.0000 1.0000 0.0001 0.0019 0.0273 0.3931 1.0000 0.0000 0.0006 0.0085 0.1237 1.0000 1.0000 0.0002 0.0026 0.0319 0.1629 0.0319 0.0026 0.0002 1.0000 1.0000 0.1237 0.0085 0.0006 0.0000 1.0000 0.3931 0.0273 0.0019 0.0001 1.0000 1.0000 0.0892 0.0062 0.0004 1.0000 1.0000 0.2966 0.0207 0.0014 0.0001 1.0000 0.9905 0.0692 0.0048 0.0003 1.0000 1.0000 0.2312 0.0162 0.0011 0.0001 1.0000 0.7721 0.0540 0.0038 0.0003 1.0000 1.0000 0.1802 0.0126 0.0009 0.0001 1.0000 0.6041 0.0414
0.0078 0.1153 1.0000 1.0000 0.0002 0.0024 0.0345 0.4938 1.0000 0.0001 0.0007 0.0103 0.1479 1.0000 1.0000 0.0002 0.0031 0.0443 0.6335 1.0000 0.0001 0.0009 0.0133 0.1897 1.0000 1.0000 0.0003 0.0040 0.0568 0.8128 1.0000 0.0001 0.0012 0.0171 0.2453 1.0000 1.0000 0.0004 0.0052 0.0756 1.0000 1.0000 0.0001 0.0016 0.0238 0.3454 1.0000 1.0000 0.0005 0.0062 0.0319 0.0062 0.0005 1.0000 1.0000 0.3454 0.0238 0.0016 0.0001 1.0000 1.0000 0.0756 0.0052 0.0004 1.0000 1.0000 0.2453 0.0171 0.0012 0.0001 1.0000 0.8128 0.0568 0.0040 0.0003 1.0000 1.0000 0.1897 0.0133 0.0009 0.0001 1.0000 0.6335 0.0443 0.0031 0.0002 1.0000 1.0000 0.1479 0.0103 0.0007 0.0001 1.0000 0.4938 0.0345 0.0024 0.0002 1.0000 1.0000 0.1153 0.0078
0.0006 0.0093 0.1327 1.0000 1.0000 0.0002 0.0028 0.0397 0.5685 1.0000 0.0001 0.0008 0.0119 0.1702 1.0000 1.0000 0.0002 0.0036 0.0510 0.7293 1.0000 0.0001 0.0011 0.0153 0.2184 1.0000 1.0000 0.0003 0.0046 0.0654 0.9356 1.0000 0.0001 0.0014 0.0197 0.2839 1.0000 1.0000 0.0004 0.0061 0.0882 1.0000 1.0000 0.0001 0.0019 0.0281 0.4075 1.0000 0.0000 0.0005 0.0026 0.0005 0.0000 1.0000 0.4075 0.0281 0.0019 0.0001 1.0000 1.0000 0.0882 0.0061 0.0004 1.0000 1.0000 0.2839 0.0197 0.0014 0.0001 1.0000 0.9356 0.0654 0.0046 0.0003 1.0000 1.0000 0.2184 0.0153 0.0011 0.0001 1.0000 0.7293 0.0510 0.0036 0.0002 1.0000 1.0000 0.1702 0.0119 0.0008 0.0001 1.0000 0.5685 0.0397 0.0028 0.0002 1.0000 1.0000 0.1327 0.0093 0.0006
0.0000 0.0007 0.0093 0.1332 1.0000 1.0000 0.0002 0.0028 0.0399 0.5706 1.0000 0.0001 0.0008 0.0119 0.1709 1.0000 1.0000 0.0003 0.0036 0.0512 0.7321 1.0000 0.0001 0.0011 0.0153 0.2192 1.0000 1.0000 0.0003 0.0046 0.0658 0.9410 1.0000 0.0001 0.0014 0.0200 0.2883 1.0000 1.0000 0.0004 0.0062 0.0902 1.0000 1.0000 0.0001 0.0020 0.0290 0.4185 1.0000 1.0000 0.0002 1.0000 1.0000 0.4185 0.0290 0.0020 0.0001 1.0000 1.0000 0.0902 0.0062 0.0004 1.0000 1.0000 0.2883 0.0200 0.0014 0.0001 1.0000 0.9410 0.0658 0.0046 0.0003 1.0000 1.0000 0.2192 0.0153 0.0011 0.0001 1.0000 0.7321 0.0512 0.0036 0.0003 1.0000 1.0000 0.1709 0.0119 0.0008 0.0001 1.0000 0.5706 0.0399 0.0028 0.0002 1.0000 1.0000 0.1332 0.0093 0.0007 0.0000
1.0000 0.0000 0.0006 0.0090 0.1295 1.0000 1.0000 0.0002 0.0027 0.0388 0.5546 1.0000 0.0001 0.0008 0.0116 0.1661 1.0000 1.0000 0.0002 0.0035 0.0497 0.7115 1.0000 0.0001 0.0010 0.0149 0.2131 1.0000 1.0000 0.0003 0.0045 0.0642 0.9197 1.0000 0.0001 0.0014 0.0197 0.2845 1.0000 1.0000 0.0004 0.0062 0.0899 1.0000 1.0000 0.0001 0.0020 0.0290 0.4075 1.0000 1.0000 1.0000 0.4075 0.0290 0.0020 0.0001 1.0000 1.0000 0.0899 0.0062 0.0004 1.0000 1.0000 0.2845 0.0197 0.0014 0.0001 1.0000 0.9197 0.0642 0.0045 0.0003 1.0000 1.0000 0.2131 0.0149 0.0010 0.0001 1.0000 0.7115 0.0497 0.0035 0.0002 1.0000 1.0000 0.1661 0.0116 0.0008 0.0001 1.0000 0.5546 0.0388 0.0027 0.0002 1.0000 1.0000 0.1295 0.0090 0.0006 0.0000 1.0000
0.4052 1.0000 0.0000 0.0006 0.0087 0.1249 1.0000 1.0000 0.0002 0.0026 0.0374 0.5349 1.0000 0.0001 0.0008 0.0112 0.1602 1.0000 1.0000 0.0002 0.0034 0.0480 0.6862 1.0000 0.0001 0.0010 0.0144 0.2055 1.0000 1.0000 0.0003 0.0043 0.0624 0.8956 1.0000 0.0001 0.0013 0.0193 0.2797 1.0000 1.0000 0.0004 0.0062 0.0893 1.0000 1.0000 0.0001 0.0020 0.0281 0.3454 1.0000 0.3454 0.0281 0.0020 0.0001 1.0000 1.0000 0.0893 0.0062 0.0004 1.0000 1.0000 0.2797 0.0193 0.0013 0.0001 1.0000 0.8956 0.0624 0.0043 0.0003 1.0000 1.0000 0.2055 0.0144 0.0010 0.0001 1.0000 0.6862 0.0480 0.0034 0.0002 1.0000 1.0000 0.1602 0.0112 0.0008 0.0001 1.0000 0.5349 0.0374 0.0026 0.0002 1.0000 1.0000 0.1249 0.0087 0.0006 0.0000 1.0000 0.4052
