0.0002 0.0028 0.0421 0.6275 1.0000 0.0001 0.0010 0.0154 0.2286 1.0000 1.0000 0.0004 0.0056 0.0828 1.0000 1.0000 0.0001 0.0020 0.0300 0.4456 1.0000 0.0000 0.0007 0.0109 0.1614 1.0000 1.0000 0.0003 0.0039 0.0585 0.8687 1.0000 0.0001 0.0014 0.0212 0.3146 1.0000 1.0000 0.0005 0.0077 0.1140 1.0000 1.0000 0.0002 0.0028 0.0412 0.6111 1.0000 0.0001 0.0008 0.0042 0.0008 0.0001 1.0000 0.6111 0.0412 0.0028 0.0002 1.0000 1.0000 0.1140 0.0077 0.0005 1.0000 1.0000 0.3146 0.0212 0.0014 0.0001 1.0000 0.8687 0.0585 0.0039 0.0003 1.0000 1.0000 0.1614 0.0109 0.0007 0.0000 1.0000 0.4456 0.0300 0.0020 0.0001 1.0000 1.0000 0.0828 0.0056 0.0004 1.0000 1.0000 0.2286 0.0154 0.0010 0.0001 1.0000 0.6275 0.0421 0.0028 0.0002
0.0028 0.0424 0.6264 1.0000 0.0001 0.0010 0.0152 0.2260 1.0000 1.0000 0.0004 0.0055 0.0819 1.0000 1.0000 0.0001 0.0020 0.0296 0.4406 1.0000 0.0000 0.0007 0.0107 0.1596 1.0000 1.0000 0.0003 0.0039 0.0578 0.8589 1.0000 0.0001 0.0014 0.0209 0.3111 1.0000 1.0000 0.0005 0.0076 0.1127 1.0000 1.0000 0.0002 0.0027 0.0408 0.6064 1.0000 0.0001 0.0009 0.0117 0.0614 0.0117 0.0009 0.0001 1.0000 0.6064 0.0408 0.0027 0.0002 1.0000 1.0000 0.1127 0.0076 0.0005 1.0000 1.0000 0.3111 0.0209 0.0014 0.0001 1.0000 0.8589 0.0578 0.0039 0.0003 1.0000 1.0000 0.1596 0.0107 0.0007 0.0000 1.0000 0.4406 0.0296 0.0020 0.0001 1.0000 1.0000 0.0819 0.0055 0.0004 1.0000 1.0000 0.2260 0.0152 0.0010 0.0001 1.0000 0.6264 0.0424 0.0028
0.0421 0.6264 1.0000 0.0001 0.0010 0.0147 0.2184 1.0000 1.0000 0.0004 0.0053 0.0788 1.0000 1.0000 0.0001 0.0019 0.0285 0.4241 1.0000 0.0000 0.0007 0.0103 0.1536 1.0000 1.0000 0.0003 0.0037 0.0556 0.8268 1.0000 0.0001 0.0014 0.0202 0.2995 1.0000 1.0000 0.0005 0.0073 0.1085 1.0000 1.0000 0.0002 0.0026 0.0393 0.5838 1.0000 0.0001 0.0009 0.0135 0.1677 0.8754 0.1677 0.0135 0.0009 0.0001 1.0000 0.5838 0.0393 0.0026 0.0002 1.0000 1.0000 0.1085 0.0073 0.0005 1.0000 1.0000 0.2995 0.0202 0.0014 0.0001 1.0000 0.8268 0.0556 0.0037 0.0003 1.0000 1.0000 0.1536 0.0103 0.0007 0.0000 1.0000 0.4241 0.0285 0.0019 0.0001 1.0000 1.0000 0.0788 0.0053 0.0004 1.0000 1.0000 0.2184 0.0147 0.0010 0.0001 1.0000 0.6264 0.0421
0.6275 1.0000 0.0001 0.0010 0.0144 0.2127 1.0000 1.0000 0.0003 0.0051 0.0760 1.0000 1.0000 0.0001 0.0018 0.0275 0.4083 1.0000 0.0000 0.0007 0.0100 0.1479 1.0000 1.0000 0.0002 0.0036 0.0536 0.7960 1.0000 0.0001 0.0013 0.0194 0.2883 1.0000 1.0000 0.0005 0.0070 0.1044 1.0000 1.0000 0.0002 0.0025 0.0378 0.5620 1.0000 0.0001 0.0009 0.0135 0.1930 1.0000 1.0000 1.0000 0.1930 0.0135 0.0009 0.0001 1.0000 0.5620 0.0378 0.0025 0.0002 1.0000 1.0000 0.1044 0.0070 0.0005 1.0000 1.0000 0.2883 0.0194 0.0013 0.0001 1.0000 0.7960 0.0536 0.0036 0.0002 1.0000 1.0000 0.1479 0.0100 0.0007 0.0000 1.0000 0.4083 0.0275 0.0018 0.0001 1.0000 1.0000 0.0760 0.0051 0.0003 1.0000 1.0000 0.2127 0.0144 0.0010 0.0001 1.0000 0.6275
1.0000 0.0001 0.0010 0.0144 0.2106 1.0000 1.0000 0.0003 0.0050 0.0736 1.0000 1.0000 0.0001 0.0018 0.0265 0.3931 1.0000 0.0000 0.0006 0.0096 0.1424 1.0000 1.0000 0.0002 0.0035 0.0516 0.7662 1.0000 0.0001 0.0013 0.0187 0.2775 1.0000 1.0000 0.0005 0.0068 0.1005 1.0000 1.0000 0.0002 0.0025 0.0364 0.5410 1.0000 0.0001 0.0009 0.0132 0.1937 1.0000 1.0000 0.0001 1.0000 1.0000 0.1937 0.0132 0.0009 0.0001 1.0000 0.5410 0.0364 0.0025 0.0002 1.0000 1.0000 0.1005 0.0068 0.0005 1.0000 1.0000 0.2775 0.0187 0.0013 0.0001 1.0000 0.7662 0.0516 0.0035 0.0002 1.0000 1.0000 0.1424 0.0096 0.0006 0.0000 1.0000 0.3931 0.0265 0.0018 0.0001 1.0000 1.0000 0.0736 0.0050 0.0003 1.0000 1.0000 0.2106 0.0144 0.0010 0.0001 1.0000
0.0001 0.0010 0.0147 0.2127 1.0000 1.0000 0.0003 0.0049 0.0717 1.0000 1.0000 0.0001 0.0017 0.0256 0.3791 1.0000 0.0000 0.0006 0.0092 0.1371 1.0000 1.0000 0.0002 0.0033 0.0496 0.7376 1.0000 0.0001 0.0012 0.0180 0.2672 1.0000 1.0000 0.0004 0.0065 0.0968 1.0000 1.0000 0.0002 0.0024 0.0350 0.5208 1.0000 0.0001 0.0009 0.0127 0.1883 1.0000 1.0000 0.0002 0.0013 0.0002 1.0000 1.0000 0.1883 0.0127 0.0009 0.0001 1.0000 0.5208 0.0350 0.0024 0.0002 1.0000 1.0000 0.0968 0.0065 0.0004 1.0000 1.0000 0.2672 0.0180 0.0012 0.0001 1.0000 0.7376 0.0496 0.0033 0.0002 1.0000 1.0000 0.1371 0.0092 0.0006 0.0000 1.0000 0.3791 0.0256 0.0017 0.0001 1.0000 1.0000 0.0717 0.0049 0.0003 1.0000 1.0000 0.2127 0.0147 0.0010 0.0001
0.0010 0.0152 0.2184 1.0000 1.0000 0.0003 0.0048 0.0707 1.0000 1.0000 0.0001 0.0017 0.0248 0.3671 1.0000 0.0000 0.0006 0.0089 0.1319 1.0000 1.0000 0.0002 0.0032 0.0478 0.7101 1.0000 0.0001 0.0012 0.0173 0.2572 1.0000 1.0000 0.0004 0.0063 0.0932 1.0000 1.0000 0.0002 0.0023 0.0337 0.5014 1.0000 0.0001 0.0008 0.0122 0.1816 1.0000 1.0000 0.0003 0.0035 0.0183 0.0035 0.0003 1.0000 1.0000 0.1816 0.0122 0.0008 0.0001 1.0000 0.5014 0.0337 0.0023 0.0002 1.0000 1.0000 0.0932 0.0063 0.0004 1.0000 1.0000 0.2572 0.0173 0.0012 0.0001 1.0000 0.7101 0.0478 0.0032 0.0002 1.0000 1.0000 0.1319 0.0089 0.0006 0.0000 1.0000 0.3671 0.0248 0.0017 0.0001 1.0000 1.0000 0.0707 0.0048 0.0003 1.0000 1.0000 0.2184 0.0152 0.0010
0.0154 0.2260 1.0000 1.0000 0.0003 0.0049 0.0707 1.0000 1.0000 0.0001 0.0016 0.0241 0.3567 1.0000 0.0000 0.0006 0.0086 0.1273 1.0000 1.0000 0.0002 0.0031 0.0460 0.6836 1.0000 0.0001 0.0011 0.0167 0.2476 1.0000 1.0000 0.0004 0.0060 0.0897 1.0000 1.0000 0.0001 0.0022 0.0325 0.4827 1.0000 0.0001 0.0008 0.0118 0.1748 1.0000 1.0000 0.0003 0.0040 0.0502 0.2621 0.0502 0.0040 0.0003 1.0000 1.0000 0.1748 0.0118 0.0008 0.0001 1.0000 0.4827 0.0325 0.0022 0.0001 1.0000 1.0000 0.0897 0.0060 0.0004 1.0000 1.0000 0.2476 0.0167 0.0011 0.0001 1.0000 0.6836 0.0460 0.0031 0.0002 1.0000 1.0000 0.1273 0.0086 0.0006 0.0000 1.0000 0.3567 0.0241 0.0016 0.0001 1.0000 1.0000 0.0707 0.0049 0.0003 1.0000 1.0000 0.2260 0.0154
0.2286 1.0000 1.0000 0.0003 0.0050 0.0717 1.0000 1.0000 0.0001 0.0016 0.0237 0.3487 1.0000 1.0000 0.0006 0.0083 0.1232 1.0000 1.0000 0.0002 0.0030 0.0443 0.6581 1.0000 0.0001 0.0011 0.0160 0.2384 1.0000 1.0000 0.0004 0.0058 0.0863 1.0000 1.0000 0.0001 0.0021 0.0313 0.4647 1.0000 0.0001 0.0008 0.0113 0.1683 1.0000 1.0000 0.0003 0.0041 0.0578 0.7183 1.0000 0.7183 0.0578 0.0041 0.0003 1.0000 1.0000 0.1683 0.0113 0.0008 0.0001 1.0000 0.4647 0.0313 0.0021 0.0001 1.0000 1.0000 0.0863 0.0058 0.0004 1.0000 1.0000 0.2384 0.0160 0.0011 0.0001 1.0000 0.6581 0.0443 0.0030 0.0002 1.0000 1.0000 0.1232 0.0083 0.0006 1.0000 1.0000 0.3487 0.0237 0.0016 0.0001 1.0000 1.0000 0.0717 0.0050 0.0003 1.0000 1.0000 0.2286
1.0000 1.0000 0.0004 0.0051 0.0736 1.0000 1.0000 0.0001 0.0016 0.0236 0.3441 1.0000 1.0000 0.0005 0.0081 0.1197 1.0000 1.0000 0.0002 0.0029 0.0427 0.6347 1.0000 0.0001 0.0010 0.0154 0.2295 1.0000 1.0000 0.0004 0.0056 0.0831 1.0000 1.0000 0.0001 0.0020 0.0301 0.4473 1.0000 0.0000 0.0007 0.0109 0.1620 1.0000 1.0000 0.0003 0.0039 0.0580 0.8268 1.0000 1.0000 1.0000 0.8268 0.0580 0.0039 0.0003 1.0000 1.0000 0.1620 0.0109 0.0007 0.0000 1.0000 0.4473 0.0301 0.0020 0.0001 1.0000 1.0000 0.0831 0.0056 0.0004 1.0000 1.0000 0.2295 0.0154 0.0010 0.0001 1.0000 0.6347 0.0427 0.0029 0.0002 1.0000 1.0000 0.1197 0.0081 0.0005 1.0000 1.0000 0.3441 0.0236 0.0016 0.0001 1.0000 1.0000 0.0736 0.0051 0.0004 1.0000 1.0000
1.0000 0.0004 0.0053 0.0760 1.0000 1.0000 0.0001 0.0016 0.0237 0.3441 1.0000 1.0000 0.0005 0.0079 0.1168 1.0000 1.0000 0.0002 0.0028 0.0414 0.6134 1.0000 0.0001 0.0010 0.0149 0.2209 1.0000 1.0000 0.0004 0.0054 0.0800 1.0000 1.0000 0.0001 0.0020 0.0290 0.4306 1.0000 0.0000 0.0007 0.0105 0.1560 1.0000 1.0000 0.0003 0.0038 0.0564 0.8300 1.0000 0.0001 0.0004 0.0001 1.0000 0.8300 0.0564 0.0038 0.0003 1.0000 1.0000 0.1560 0.0105 0.0007 0.0000 1.0000 0.4306 0.0290 0.0020 0.0001 1.0000 1.0000 0.0800 0.0054 0.0004 1.0000 1.0000 0.2209 0.0149 0.0010 0.0001 1.0000 0.6134 0.0414 0.0028 0.0002 1.0000 1.0000 0.1168 0.0079 0.0005 1.0000 1.0000 0.3441 0.0237 0.0016 0.0001 1.0000 1.0000 0.0760 0.0053 0.0004 1.0000
0.0004 0.0055 0.0788 1.0000 1.0000 0.0001 0.0017 0.0241 0.3487 1.0000 1.0000 0.0005 0.0078 0.1151 1.0000 1.0000 0.0002 0.0027 0.0401 0.5939 1.0000 0.0001 0.0010 0.0143 0.2131 1.0000 1.0000 0.0003 0.0052 0.0770 1.0000 1.0000 0.0001 0.0019 0.0279 0.4146 1.0000 0.0000 0.0007 0.0101 0.1502 1.0000 1.0000 0.0002 0.0037 0.0544 0.8066 1.0000 0.0001 0.0011 0.0055 0.0011 0.0001 1.0000 0.8066 0.0544 0.0037 0.0002 1.0000 1.0000 0.1502 0.0101 0.0007 0.0000 1.0000 0.4146 0.0279 0.0019 0.0001 1.0000 1.0000 0.0770 0.0052 0.0003 1.0000 1.0000 0.2131 0.0143 0.0010 0.0001 1.0000 0.5939 0.0401 0.0027 0.0002 1.0000 1.0000 0.1151 0.0078 0.0005 1.0000 1.0000 0.3487 0.0241 0.0017 0.0001 1.0000 1.0000 0.0788 0.0055 0.0004
0.0056 0.0819 1.0000 1.0000 0.0001 0.0017 0.0248 0.3567 1.0000 1.0000 0.0005 0.0078 0.1144 1.0000 1.0000 0.0002 0.0027 0.0391 0.5783 1.0000 0.0001 0.0009 0.0139 0.2059 1.0000 1.0000 0.0003 0.0050 0.0741 1.0000 1.0000 0.0001 0.0018 0.0269 0.3991 1.0000 0.0000 0.0007 0.0097 0.1445 1.0000 1.0000 0.0002 0.0035 0.0524 0.7780 1.0000 0.0001 0.0012 0.0150 0.0785 0.0150 0.0012 0.0001 1.0000 0.7780 0.0524 0.0035 0.0002 1.0000 1.0000 0.1445 0.0097 0.0007 0.0000 1.0000 0.3991 0.0269 0.0018 0.0001 1.0000 1.0000 0.0741 0.0050 0.0003 1.0000 1.0000 0.2059 0.0139 0.0009 0.0001 1.0000 0.5783 0.0391 0.0027 0.0002 1.0000 1.0000 0.1144 0.0078 0.0005 1.0000 1.0000 0.3567 0.0248 0.0017 0.0001 1.0000 1.0000 0.0819 0.0056
0.0828 1.0000 1.0000 0.0001 0.0018 0.0256 0.3671 1.0000 1.0000 0.0005 0.0079 0.1151 1.0000 1.0000 0.0002 0.0026 0.0384 0.5652 1.0000 0.0001 0.0009 0.0135 0.1993 1.0000 1.0000 0.0003 0.0048 0.0715 1.0000 1.0000 0.0001 0.0017 0.0259 0.3842 1.0000 0.0000 0.0006 0.0094 0.1392 1.0000 1.0000 0.0002 0.0034 0.0504 0.7490 1.0000 0.0001 0.0012 0.0173 0.2151 1.0000 0.2151 0.0173 0.0012 0.0001 1.0000 0.7490 0.0504 0.0034 0.0002 1.0000 1.0000 0.1392 0.0094 0.0006 0.0000 1.0000 0.3842 0.0259 0.0017 0.0001 1.0000 1.0000 0.0715 0.0048 0.0003 1.0000 1.0000 0.1993 0.0135 0.0009 0.0001 1.0000 0.5652 0.0384 0.0026 0.0002 1.0000 1.0000 0.1151 0.0079 0.0005 1.0000 1.0000 0.3671 0.0256 0.0018 0.0001 1.0000 1.0000 0.0828
1.0000 1.0000 0.0001 0.0018 0.0265 0.3791 1.0000 0.0000 0.0006 0.0081 0.1168 1.0000 1.0000 0.0002 0.0026 0.0380 0.5577 1.0000 0.0001 0.0009 0.0131 0.1937 1.0000 1.0000 0.0003 0.0047 0.0690 1.0000 1.0000 0.0001 0.0017 0.0249 0.3699 1.0000 0.0000 0.0006 0.0090 0.1340 1.0000 1.0000 0.0002 0.0033 0.0485 0.7210 1.0000 0.0001 0.0012 0.0174 0.2476 1.0000 1.0000 1.0000 0.2476 0.0174 0.0012 0.0001 1.0000 0.7210 0.0485 0.0033 0.0002 1.0000 1.0000 0.1340 0.0090 0.0006 0.0000 1.0000 0.3699 0.0249 0.0017 0.0001 1.0000 1.0000 0.0690 0.0047 0.0003 1.0000 1.0000 0.1937 0.0131 0.0009 0.0001 1.0000 0.5577 0.0380 0.0026 0.0002 1.0000 1.0000 0.1168 0.0081 0.0006 0.0000 1.0000 0.3791 0.0265 0.0018 0.0001 1.0000 1.0000
1.0000 0.0001 0.0019 0.0275 0.3931 1.0000 0.0000 0.0006 0.0083 0.1197 1.0000 1.0000 0.0002 0.0026 0.0380 0.5556 1.0000 0.0001 0.0009 0.0129 0.1894 1.0000 1.0000 0.0003 0.0045 0.0668 0.9905 1.0000 0.0001 0.0016 0.0240 0.3561 1.0000 0.0000 0.0006 0.0087 0.1290 1.0000 1.0000 0.0002 0.0031 0.0467 0.6941 1.0000 0.0001 0.0011 0.0169 0.2485 1.0000 1.0000 0.0001 1.0000 1.0000 0.2485 0.0169 0.0011 0.0001 1.0000 0.6941 0.0467 0.0031 0.0002 1.0000 1.0000 0.1290 0.0087 0.0006 0.0000 1.0000 0.3561 0.0240 0.0016 0.0001 1.0000 0.9905 0.0668 0.0045 0.0003 1.0000 1.0000 0.1894 0.0129 0.0009 0.0001 1.0000 0.5556 0.0380 0.0026 0.0002 1.0000 1.0000 0.1197 0.0083 0.0006 0.0000 1.0000 0.3931 0.0275 0.0019 0.0001 1.0000
0.0001 0.0020 0.0285 0.4083 1.0000 0.0000 0.0006 0.0086 0.1232 1.0000 1.0000 0.0002 0.0027 0.0384 0.5577 1.0000 0.0001 0.0009 0.0127 0.1865 1.0000 1.0000 0.0003 0.0044 0.0649 0.9608 1.0000 0.0001 0.0016 0.0231 0.3434 1.0000 1.0000 0.0006 0.0084 0.1241 1.0000 1.0000 0.0002 0.0030 0.0450 0.6682 1.0000 0.0001 0.0011 0.0163 0.2416 1.0000 1.0000 0.0003 0.0016 0.0003 1.0000 1.0000 0.2416 0.0163 0.0011 0.0001 1.0000 0.6682 0.0450 0.0030 0.0002 1.0000 1.0000 0.1241 0.0084 0.0006 1.0000 1.0000 0.3434 0.0231 0.0016 0.0001 1.0000 0.9608 0.0649 0.0044 0.0003 1.0000 1.0000 0.1865 0.0127 0.0009 0.0001 1.0000 0.5577 0.0384 0.0027 0.0002 1.0000 1.0000 0.1232 0.0086 0.0006 0.0000 1.0000 0.4083 0.0285 0.0020 0.0001
0.0020 0.0296 0.4241 1.0000 0.0000 0.0006 0.0089 0.1273 1.0000 1.0000 0.0002 0.0027 0.0391 0.5652 1.0000 0.0001 0.0009 0.0126 0.1847 1.0000 1.0000 0.0003 0.0043 0.0633 0.9356 1.0000 0.0001 0.0015 0.0224 0.3319 1.0000 1.0000 0.0005 0.0080 0.1195 1.0000 1.0000 0.0002 0.0029 0.0433 0.6433 1.0000 0.0001 0.0011 0.0157 0.2330 1.0000 1.0000 0.0004 0.0045 0.0235 0.0045 0.0004 1.0000 1.0000 0.2330 0.0157 0.0011 0.0001 1.0000 0.6433 0.0433 0.0029 0.0002 1.0000 1.0000 0.1195 0.0080 0.0005 1.0000 1.0000 0.3319 0.0224 0.0015 0.0001 1.0000 0.9356 0.0633 0.0043 0.0003 1.0000 1.0000 0.1847 0.0126 0.0009 0.0001 1.0000 0.5652 0.0391 0.0027 0.0002 1.0000 1.0000 0.1273 0.0089 0.0006 0.0000 1.0000 0.4241 0.0296 0.0020
0.0300 0.4406 1.0000 0.0000 0.0006 0.0092 0.1319 1.0000 1.0000 0.0002 0.0028 0.0401 0.5783 1.0000 0.0001 0.0009 0.0127 0.1847 1.0000 1.0000 0.0003 0.0042 0.0621 0.9145 1.0000 0.0001 0.0015 0.0217 0.3219 1.0000 1.0000 0.0005 0.0078 0.1153 1.0000 1.0000 0.0002 0.0028 0.0417 0.6192 1.0000 0.0001 0.0010 0.0151 0.2243 1.0000 1.0000 0.0004 0.0052 0.0644 0.3363 0.0644 0.0052 0.0004 1.0000 1.0000 0.2243 0.0151 0.0010 0.0001 1.0000 0.6192 0.0417 0.0028 0.0002 1.0000 1.0000 0.1153 0.0078 0.0005 1.0000 1.0000 0.3219 0.0217 0.0015 0.0001 1.0000 0.9145 0.0621 0.0042 0.0003 1.0000 1.0000 0.1847 0.0127 0.0009 0.0001 1.0000 0.5783 0.0401 0.0028 0.0002 1.0000 1.0000 0.1319 0.0092 0.0006 0.0000 1.0000 0.4406 0.0300
0.4456 1.0000 0.0000 0.0007 0.0096 0.1371 1.0000 1.0000 0.0002 0.0029 0.0414 0.5939 1.0000 0.0001 0.0009 0.0129 0.1865 1.0000 1.0000 0.0003 0.0042 0.0614 0.9007 1.0000 0.0001 0.0014 0.0212 0.3135 1.0000 1.0000 0.0005 0.0075 0.1114 1.0000 1.0000 0.0002 0.0027 0.0401 0.5961 1.0000 0.0001 0.0010 0.0145 0.2159 1.0000 1.0000 0.0004 0.0052 0.0741 0.9215 1.0000 0.9215 0.0741 0.0052 0.0004 1.0000 1.0000 0.2159 0.0145 0.0010 0.0001 1.0000 0.5961 0.0401 0.0027 0.0002 1.0000 1.0000 0.1114 0.0075 0.0005 1.0000 1.0000 0.3135 0.0212 0.0014 0.0001 1.0000 0.9007 0.0614 0.0042 0.0003 1.0000 1.0000 0.1865 0.0129 0.0009 0.0001 1.0000 0.5939 0.0414 0.0029 0.0002 1.0000 1.0000 0.1371 0.0096 0.0007 0.0000 1.0000 0.4456
1.0000 0.0000 0.0007 0.0100 0.1424 1.0000 1.0000 0.0002 0.0030 0.0427 0.6134 1.0000 0.0001 0.0009 0.0131 0.1894 1.0000 1.0000 0.0003 0.0042 0.0612 0.8939 1.0000 0.0001 0.0014 0.0207 0.3058 1.0000 1.0000 0.0005 0.0073 0.1078 1.0000 1.0000 0.0002 0.0026 0.0386 0.5739 1.0000 0.0001 0.0009 0.0140 0.2079 1.0000 1.0000 0.0003 0.0051 0.0744 1.0000 1.0000 1.0000 1.0000 1.0000 0.0744 0.0051 0.0003 1.0000 1.0000 0.2079 0.0140 0.0009 0.0001 1.0000 0.5739 0.0386 0.0026 0.0002 1.0000 1.0000 0.1078 0.0073 0.0005 1.0000 1.0000 0.3058 0.0207 0.0014 0.0001 1.0000 0.8939 0.0612 0.0042 0.0003 1.0000 1.0000 0.1894 0.0131 0.0009 0.0001 1.0000 0.6134 0.0427 0.0030 0.0002 1.0000 1.0000 0.1424 0.0100 0.0007 0.0000 1.0000
0.0000 0.0007 0.0103 0.1479 1.0000 1.0000 0.0002 0.0031 0.0443 0.6347 1.0000 0.0001 0.0009 0.0135 0.1937 1.0000 1.0000 0.0003 0.0042 0.0614 0.8939 1.0000 0.0001 0.0014 0.0204 0.3000 1.0000 1.0000 0.0005 0.0071 0.1048 1.0000 1.0000 0.0002 0.0025 0.0372 0.5535 1.0000 0.0001 0.0009 0.0135 0.2001 1.0000 1.0000 0.0003 0.0049 0.0723 1.0000 1.0000 0.0001 0.0005 0.0001 1.0000 1.0000 0.0723 0.0049 0.0003 1.0000 1.0000 0.2001 0.0135 0.0009 0.0001 1.0000 0.5535 0.0372 0.0025 0.0002 1.0000 1.0000 0.1048 0.0071 0.0005 1.0000 1.0000 0.3000 0.0204 0.0014 0.0001 1.0000 0.8939 0.0614 0.0042 0.0003 1.0000 1.0000 0.1937 0.0135 0.0009 0.0001 1.0000 0.6347 0.0443 0.0031 0.0002 1.0000 1.0000 0.1479 0.0103 0.0007 0.0000
0.0007 0.0107 0.1536 1.0000 1.0000 0.0002 0.0032 0.0460 0.6581 1.0000 0.0001 0.0010 0.0139 0.1993 1.0000 1.0000 0.0003 0.0043 0.0621 0.9007 1.0000 0.0001 0.0014 0.0203 0.2966 1.0000 1.0000 0.0005 0.0069 0.1023 1.0000 1.0000 0.0002 0.0024 0.0361 0.5349 1.0000 0.0001 0.0009 0.0130 0.1926 1.0000 1.0000 0.0003 0.0047 0.0698 1.0000 1.0000 0.0001 0.0013 0.0070 0.0013 0.0001 1.0000 1.0000 0.0698 0.0047 0.0003 1.0000 1.0000 0.1926 0.0130 0.0009 0.0001 1.0000 0.5349 0.0361 0.0024 0.0002 1.0000 1.0000 0.1023 0.0069 0.0005 1.0000 1.0000 0.2966 0.0203 0.0014 0.0001 1.0000 0.9007 0.0621 0.0043 0.0003 1.0000 1.0000 0.1993 0.0139 0.0010 0.0001 1.0000 0.6581 0.0460 0.0032 0.0002 1.0000 1.0000 0.1536 0.0107 0.0007
0.0109 0.1596 1.0000 1.0000 0.0002 0.0033 0.0478 0.6836 1.0000 0.0001 0.0010 0.0143 0.2059 1.0000 1.0000 0.0003 0.0044 0.0633 0.9145 1.0000 0.0001 0.0014 0.0203 0.2955 1.0000 1.0000 0.0005 0.0068 0.1001 1.0000 1.0000 0.0002 0.0024 0.0350 0.5189 1.0000 0.0001 0.0008 0.0125 0.1858 1.0000 1.0000 0.0003 0.0045 0.0672 0.9981 1.0000 0.0001 0.0016 0.0193 0.1007 0.0193 0.0016 0.0001 1.0000 0.9981 0.0672 0.0045 0.0003 1.0000 1.0000 0.1858 0.0125 0.0008 0.0001 1.0000 0.5189 0.0350 0.0024 0.0002 1.0000 1.0000 0.1001 0.0068 0.0005 1.0000 1.0000 0.2955 0.0203 0.0014 0.0001 1.0000 0.9145 0.0633 0.0044 0.0003 1.0000 1.0000 0.2059 0.0143 0.0010 0.0001 1.0000 0.6836 0.0478 0.0033 0.0002 1.0000 1.0000 0.1596 0.0109
0.1614 1.0000 1.0000 0.0002 0.0035 0.0496 0.7101 1.0000 0.0001 0.0010 0.0149 0.2131 1.0000 1.0000 0.0003 0.0045 0.0649 0.9356 1.0000 0.0001 0.0014 0.0204 0.2966 1.0000 1.0000 0.0005 0.0067 0.0986 1.0000 1.0000 0.0002 0.0023 0.0342 0.5052 1.0000 0.0001 0.0008 0.0121 0.1795 1.0000 1.0000 0.0003 0.0044 0.0647 0.9608 1.0000 0.0001 0.0016 0.0222 0.2760 1.0000 0.2760 0.0222 0.0016 0.0001 1.0000 0.9608 0.0647 0.0044 0.0003 1.0000 1.0000 0.1795 0.0121 0.0008 0.0001 1.0000 0.5052 0.0342 0.0023 0.0002 1.0000 1.0000 0.0986 0.0067 0.0005 1.0000 1.0000 0.2966 0.0204 0.0014 0.0001 1.0000 0.9356 0.0649 0.0045 0.0003 1.0000 1.0000 0.2131 0.0149 0.0010 0.0001 1.0000 0.7101 0.0496 0.0035 0.0002 1.0000 1.0000 0.1614
1.0000 1.0000 0.0003 0.0036 0.0516 0.7376 1.0000 0.0001 0.0011 0.0154 0.2209 1.0000 1.0000 0.0003 0.0047 0.0668 0.9608 1.0000 0.0001 0.0014 0.0207 0.3000 1.0000 1.0000 0.0005 0.0067 0.0979 1.0000 1.0000 0.0002 0.0023 0.0335 0.4938 1.0000 0.0001 0.0008 0.0117 0.1738 1.0000 1.0000 0.0003 0.0042 0.0622 0.9250 1.0000 0.0001 0.0015 0.0223 0.3177 1.0000 1.0000 1.0000 0.3177 0.0223 0.0015 0.0001 1.0000 0.9250 0.0622 0.0042 0.0003 1.0000 1.0000 0.1738 0.0117 0.0008 0.0001 1.0000 0.4938 0.0335 0.0023 0.0002 1.0000 1.0000 0.0979 0.0067 0.0005 1.0000 1.0000 0.3000 0.0207 0.0014 0.0001 1.0000 0.9608 0.0668 0.0047 0.0003 1.0000 1.0000 0.2209 0.0154 0.0011 0.0001 1.0000 0.7376 0.0516 0.0036 0.0003 1.0000 1.0000
1.0000 0.0003 0.0037 0.0536 0.7662 1.0000 0.0001 0.0011 0.0160 0.2295 1.0000 1.0000 0.0003 0.0048 0.0690 0.9905 1.0000 0.0001 0.0015 0.0212 0.3058 1.0000 1.0000 0.0005 0.0067 0.0979 1.0000 1.0000 0.0002 0.0022 0.0329 0.4836 1.0000 0.0001 0.0008 0.0114 0.1689 1.0000 1.0000 0.0003 0.0041 0.0600 0.8922 1.0000 0.0001 0.0015 0.0217 0.3189 1.0000 1.0000 0.0001 1.0000 1.0000 0.3189 0.0217 0.0015 0.0001 1.0000 0.8922 0.0600 0.0041 0.0003 1.0000 1.0000 0.1689 0.0114 0.0008 0.0001 1.0000 0.4836 0.0329 0.0022 0.0002 1.0000 1.0000 0.0979 0.0067 0.0005 1.0000 1.0000 0.3058 0.0212 0.0015 0.0001 1.0000 0.9905 0.0690 0.0048 0.0003 1.0000 1.0000 0.2295 0.0160 0.0011 0.0001 1.0000 0.7662 0.0536 0.0037 0.0003 1.0000
0.0003 0.0039 0.0556 0.7960 1.0000 0.0001 0.0012 0.0167 0.2384 1.0000 1.0000 0.0003 0.0050 0.0715 1.0000 1.0000 0.0001 0.0015 0.0217 0.3135 1.0000 1.0000 0.0005 0.0068 0.0986 1.0000 1.0000 0.0002 0.0022 0.0325 0.4763 1.0000 0.0001 0.0008 0.0112 0.1648 1.0000 1.0000 0.0003 0.0039 0.0581 0.8621 1.0000 0.0001 0.0014 0.0209 0.3099 1.0000 1.0000 0.0004 0.0021 0.0004 1.0000 1.0000 0.3099 0.0209 0.0014 0.0001 1.0000 0.8621 0.0581 0.0039 0.0003 1.0000 1.0000 0.1648 0.0112 0.0008 0.0001 1.0000 0.4763 0.0325 0.0022 0.0002 1.0000 1.0000 0.0986 0.0068 0.0005 1.0000 1.0000 0.3135 0.0217 0.0015 0.0001 1.0000 1.0000 0.0715 0.0050 0.0003 1.0000 1.0000 0.2384 0.0167 0.0012 0.0001 1.0000 0.7960 0.0556 0.0039 0.0003
0.0039 0.0578 0.8268 1.0000 0.0001 0.0012 0.0173 0.2476 1.0000 1.0000 0.0004 0.0052 0.0741 1.0000 1.0000 0.0001 0.0016 0.0224 0.3219 1.0000 1.0000 0.0005 0.0069 0.1001 1.0000 1.0000 0.0002 0.0022 0.0324 0.4727 1.0000 0.0001 0.0007 0.0110 0.1614 1.0000 1.0000 0.0003 0.0038 0.0565 0.8363 1.0000 0.0001 0.0014 0.0202 0.2995 1.0000 1.0000 0.0005 0.0058 0.0302 0.0058 0.0005 1.0000 1.0000 0.2995 0.0202 0.0014 0.0001 1.0000 0.8363 0.0565 0.0038 0.0003 1.0000 1.0000 0.1614 0.0110 0.0007 0.0001 1.0000 0.4727 0.0324 0.0022 0.0002 1.0000 1.0000 0.1001 0.0069 0.0005 1.0000 1.0000 0.3219 0.0224 0.0016 0.0001 1.0000 1.0000 0.0741 0.0052 0.0004 1.0000 1.0000 0.2476 0.0173 0.0012 0.0001 1.0000 0.8268 0.0578 0.0039
0.0585 0.8589 1.0000 0.0001 0.0013 0.0180 0.2572 1.0000 1.0000 0.0004 0.0054 0.0770 1.0000 1.0000 0.0001 0.0016 0.0231 0.3319 1.0000 1.0000 0.0005 0.0071 0.1023 1.0000 1.0000 0.0002 0.0022 0.0325 0.4727 1.0000 0.0001 0.0007 0.0108 0.1587 1.0000 1.0000 0.0003 0.0037 0.0551 0.8143 1.0000 0.0001 0.0013 0.0195 0.2888 1.0000 1.0000 0.0005 0.0066 0.0826 0.4315 0.0826 0.0066 0.0005 1.0000 1.0000 0.2888 0.0195 0.0013 0.0001 1.0000 0.8143 0.0551 0.0037 0.0003 1.0000 1.0000 0.1587 0.0108 0.0007 0.0001 1.0000 0.4727 0.0325 0.0022 0.0002 1.0000 1.0000 0.1023 0.0071 0.0005 1.0000 1.0000 0.3319 0.0231 0.0016 0.0001 1.0000 1.0000 0.0770 0.0054 0.0004 1.0000 1.0000 0.2572 0.0180 0.0013 0.0001 1.0000 0.8589 0.0585
0.8687 1.0000 0.0001 0.0013 0.0187 0.2672 1.0000 1.0000 0.0004 0.0056 0.0800 1.0000 1.0000 0.0001 0.0017 0.0240 0.3434 1.0000 1.0000 0.0005 0.0073 0.1048 1.0000 1.0000 0.0002 0.0023 0.0329 0.4763 1.0000 0.0001 0.0007 0.0107 0.1569 1.0000 1.0000 0.0002 0.0037 0.0540 0.7960 1.0000 0.0001 0.0013 0.0189 0.2797 1.0000 1.0000 0.0005 0.0067 0.0951 1.0000 1.0000 1.0000 0.0951 0.0067 0.0005 1.0000 1.0000 0.2797 0.0189 0.0013 0.0001 1.0000 0.7960 0.0540 0.0037 0.0002 1.0000 1.0000 0.1569 0.0107 0.0007 0.0001 1.0000 0.4763 0.0329 0.0023 0.0002 1.0000 1.0000 0.1048 0.0073 0.0005 1.0000 1.0000 0.3434 0.0240 0.0017 0.0001 1.0000 1.0000 0.0800 0.0056 0.0004 1.0000 1.0000 0.2672 0.0187 0.0013 0.0001 1.0000 0.8687
1.0000 0.0001 0.0014 0.0194 0.2775 1.0000 1.0000 0.0004 0.0058 0.0831 1.0000 1.0000 0.0001 0.0017 0.0249 0.3561 1.0000 1.0000 0.0005 0.0075 0.1078 1.0000 1.0000 0.0002 0.0023 0.0335 0.4836 1.0000 0.0001 0.0007 0.0107 0.1563 1.0000 1.0000 0.0002 0.0036 0.0530 0.7795 1.0000 0.0001 0.0012 0.0184 0.2718 1.0000 1.0000 0.0004 0.0065 0.0957 1.0000 1.0000 0.0000 1.0000 1.0000 0.0957 0.0065 0.0004 1.0000 1.0000 0.2718 0.0184 0.0012 0.0001 1.0000 0.7795 0.0530 0.0036 0.0002 1.0000 1.0000 0.1563 0.0107 0.0007 0.0001 1.0000 0.4836 0.0335 0.0023 0.0002 1.0000 1.0000 0.1078 0.0075 0.0005 1.0000 1.0000 0.3561 0.0249 0.0017 0.0001 1.0000 1.0000 0.0831 0.0058 0.0004 1.0000 1.0000 0.2775 0.0194 0.0014 0.0001 1.0000
0.0001 0.0014 0.0202 0.2883 1.0000 1.0000 0.0004 0.0060 0.0863 1.0000 1.0000 0.0001 0.0018 0.0259 0.3699 1.0000 1.0000 0.0005 0.0078 0.1114 1.0000 1.0000 0.0002 0.0024 0.0342 0.4938 1.0000 0.0001 0.0007 0.0108 0.1569 1.0000 1.0000 0.0002 0.0036 0.0522 0.7662 1.0000 0.0001 0.0012 0.0180 0.2651 1.0000 1.0000 0.0004 0.0063 0.0935 1.0000 1.0000 0.0001 0.0006 0.0001 1.0000 1.0000 0.0935 0.0063 0.0004 1.0000 1.0000 0.2651 0.0180 0.0012 0.0001 1.0000 0.7662 0.0522 0.0036 0.0002 1.0000 1.0000 0.1569 0.0108 0.0007 0.0001 1.0000 0.4938 0.0342 0.0024 0.0002 1.0000 1.0000 0.1114 0.0078 0.0005 1.0000 1.0000 0.3699 0.0259 0.0018 0.0001 1.0000 1.0000 0.0863 0.0060 0.0004 1.0000 1.0000 0.2883 0.0202 0.0014 0.0001
0.0014 0.0209 0.2995 1.0000 1.0000 0.0004 0.0063 0.0897 1.0000 1.0000 0.0001 0.0019 0.0269 0.3842 1.0000 0.0000 0.0006 0.0080 0.1153 1.0000 1.0000 0.0002 0.0024 0.0350 0.5052 1.0000 0.0001 0.0008 0.0110 0.1587 1.0000 1.0000 0.0002 0.0035 0.0518 0.7576 1.0000 0.0001 0.0012 0.0176 0.2597 1.0000 1.0000 0.0004 0.0062 0.0911 1.0000 1.0000 0.0001 0.0017 0.0091 0.0017 0.0001 1.0000 1.0000 0.0911 0.0062 0.0004 1.0000 1.0000 0.2597 0.0176 0.0012 0.0001 1.0000 0.7576 0.0518 0.0035 0.0002 1.0000 1.0000 0.1587 0.0110 0.0008 0.0001 1.0000 0.5052 0.0350 0.0024 0.0002 1.0000 1.0000 0.1153 0.0080 0.0006 0.0000 1.0000 0.3842 0.0269 0.0019 0.0001 1.0000 1.0000 0.0897 0.0063 0.0004 1.0000 1.0000 0.2995 0.0209 0.0014
0.0212 0.3111 1.0000 1.0000 0.0005 0.0065 0.0932 1.0000 1.0000 0.0001 0.0020 0.0279 0.3991 1.0000 0.0000 0.0006 0.0084 0.1195 1.0000 1.0000 0.0002 0.0025 0.0361 0.5189 1.0000 0.0001 0.0008 0.0112 0.1614 1.0000 1.0000 0.0002 0.0036 0.0518 0.7547 1.0000 0.0001 0.0012 0.0174 0.2553 1.0000 1.0000 0.0004 0.0060 0.0888 1.0000 1.0000 0.0001 0.0020 0.0249 0.1299 0.0249 0.0020 0.0001 1.0000 1.0000 0.0888 0.0060 0.0004 1.0000 1.0000 0.2553 0.0174 0.0012 0.0001 1.0000 0.7547 0.0518 0.0036 0.0002 1.0000 1.0000 0.1614 0.0112 0.0008 0.0001 1.0000 0.5189 0.0361 0.0025 0.0002 1.0000 1.0000 0.1195 0.0084 0.0006 0.0000 1.0000 0.3991 0.0279 0.0020 0.0001 1.0000 1.0000 0.0932 0.0065 0.0005 1.0000 1.0000 0.3111 0.0212
0.3146 1.0000 1.0000 0.0005 0.0068 0.0968 1.0000 1.0000 0.0001 0.0020 0.0290 0.4146 1.0000 0.0000 0.0006 0.0087 0.1241 1.0000 1.0000 0.0002 0.0026 0.0372 0.5349 1.0000 0.0001 0.0008 0.0114 0.1648 1.0000 1.0000 0.0002 0.0036 0.0522 0.7576 1.0000 0.0001 0.0012 0.0172 0.2519 1.0000 1.0000 0.0004 0.0059 0.0868 1.0000 1.0000 0.0001 0.0020 0.0289 0.3581 1.0000 0.3581 0.0289 0.0020 0.0001 1.0000 1.0000 0.0868 0.0059 0.0004 1.0000 1.0000 0.2519 0.0172 0.0012 0.0001 1.0000 0.7576 0.0522 0.0036 0.0002 1.0000 1.0000 0.1648 0.0114 0.0008 0.0001 1.0000 0.5349 0.0372 0.0026 0.0002 1.0000 1.0000 0.1241 0.0087 0.0006 0.0000 1.0000 0.4146 0.0290 0.0020 0.0001 1.0000 1.0000 0.0968 0.0068 0.0005 1.0000 1.0000 0.3146
1.0000 1.0000 0.0005 0.0070 0.1005 1.0000 1.0000 0.0001 0.0021 0.0301 0.4306 1.0000 0.0000 0.0006 0.0090 0.1290 1.0000 1.0000 0.0002 0.0027 0.0386 0.5535 1.0000 0.0001 0.0008 0.0117 0.1689 1.0000 1.0000 0.0003 0.0037 0.0530 0.7662 1.0000 0.0001 0.0012 0.0171 0.2500 1.0000 1.0000 0.0004 0.0058 0.0852 1.0000 1.0000 0.0001 0.0020 0.0293 0.4146 1.0000 1.0000 1.0000 0.4146 0.0293 0.0020 0.0001 1.0000 1.0000 0.0852 0.0058 0.0004 1.0000 1.0000 0.2500 0.0171 0.0012 0.0001 1.0000 0.7662 0.0530 0.0037 0.0003 1.0000 1.0000 0.1689 0.0117 0.0008 0.0001 1.0000 0.5535 0.0386 0.0027 0.0002 1.0000 1.0000 0.1290 0.0090 0.0006 0.0000 1.0000 0.4306 0.0301 0.0021 0.0001 1.0000 1.0000 0.1005 0.0070 0.0005 1.0000 1.0000
1.0000 0.0005 0.0073 0.1044 1.0000 1.0000 0.0002 0.0022 0.0313 0.4473 1.0000 0.0000 0.0007 0.0094 0.1340 1.0000 1.0000 0.0002 0.0028 0.0401 0.5739 1.0000 0.0001 0.0008 0.0121 0.1738 1.0000 1.0000 0.0003 0.0037 0.0540 0.7795 1.0000 0.0001 0.0012 0.0172 0.2500 1.0000 1.0000 0.0004 0.0057 0.0839 1.0000 1.0000 0.0001 0.0020 0.0289 0.4217 1.0000 1.0000 0.0002 1.0000 1.0000 0.4217 0.0289 0.0020 0.0001 1.0000 1.0000 0.0839 0.0057 0.0004 1.0000 1.0000 0.2500 0.0172 0.0012 0.0001 1.0000 0.7795 0.0540 0.0037 0.0003 1.0000 1.0000 0.1738 0.0121 0.0008 0.0001 1.0000 0.5739 0.0401 0.0028 0.0002 1.0000 1.0000 0.1340 0.0094 0.0007 0.0000 1.0000 0.4473 0.0313 0.0022 0.0002 1.0000 1.0000 0.1044 0.0073 0.0005 1.0000
0.0005 0.0076 0.1085 1.0000 1.0000 0.0002 0.0023 0.0325 0.4647 1.0000 0.0000 0.0007 0.0097 0.1392 1.0000 1.0000 0.0002 0.0029 0.0417 0.5961 1.0000 0.0001 0.0009 0.0125 0.1795 1.0000 1.0000 0.0003 0.0038 0.0551 0.7960 1.0000 0.0001 0.0012 0.0174 0.2519 1.0000 1.0000 0.0004 0.0057 0.0830 1.0000 1.0000 0.0001 0.0019 0.0284 0.4169 1.0000 0.0000 0.0005 0.0028 0.0005 0.0000 1.0000 0.4169 0.0284 0.0019 0.0001 1.0000 1.0000 0.0830 0.0057 0.0004 1.0000 1.0000 0.2519 0.0174 0.0012 0.0001 1.0000 0.7960 0.0551 0.0038 0.0003 1.0000 1.0000 0.1795 0.0125 0.0009 0.0001 1.0000 0.5961 0.0417 0.0029 0.0002 1.0000 1.0000 0.1392 0.0097 0.0007 0.0000 1.0000 0.4647 0.0325 0.0023 0.0002 1.0000 1.0000 0.1085 0.0076 0.0005
0.0077 0.1127 1.0000 1.0000 0.0002 0.0024 0.0337 0.4827 1.0000 0.0000 0.0007 0.0101 0.1445 1.0000 1.0000 0.0002 0.0030 0.0433 0.6192 1.0000 0.0001 0.0009 0.0130 0.1858 1.0000 1.0000 0.0003 0.0039 0.0565 0.8143 1.0000 0.0001 0.0012 0.0176 0.2553 1.0000 1.0000 0.0004 0.0057 0.0826 1.0000 1.0000 0.0001 0.0019 0.0280 0.4106 1.0000 0.0000 0.0006 0.0077 0.0400 0.0077 0.0006 0.0000 1.0000 0.4106 0.0280 0.0019 0.0001 1.0000 1.0000 0.0826 0.0057 0.0004 1.0000 1.0000 0.2553 0.0176 0.0012 0.0001 1.0000 0.8143 0.0565 0.0039 0.0003 1.0000 1.0000 0.1858 0.0130 0.0009 0.0001 1.0000 0.6192 0.0433 0.0030 0.0002 1.0000 1.0000 0.1445 0.0101 0.0007 0.0000 1.0000 0.4827 0.0337 0.0024 0.0002 1.0000 1.0000 0.1127 0.0077
0.1140 1.0000 1.0000 0.0002 0.0025 0.0350 0.5014 1.0000 0.0001 0.0007 0.0105 0.1502 1.0000 1.0000 0.0002 0.0031 0.0450 0.6433 1.0000 0.0001 0.0009 0.0135 0.1926 1.0000 1.0000 0.0003 0.0041 0.0581 0.8363 1.0000 0.0001 0.0012 0.0180 0.2597 1.0000 1.0000 0.0004 0.0057 0.0830 1.0000 1.0000 0.0001 0.0019 0.0276 0.4052 1.0000 0.0000 0.0006 0.0090 0.1110 0.5772 0.1110 0.0090 0.0006 0.0000 1.0000 0.4052 0.0276 0.0019 0.0001 1.0000 1.0000 0.0830 0.0057 0.0004 1.0000 1.0000 0.2597 0.0180 0.0012 0.0001 1.0000 0.8363 0.0581 0.0041 0.0003 1.0000 1.0000 0.1926 0.0135 0.0009 0.0001 1.0000 0.6433 0.0450 0.0031 0.0002 1.0000 1.0000 0.1502 0.0105 0.0007 0.0001 1.0000 0.5014 0.0350 0.0025 0.0002 1.0000 1.0000 0.1140
1.0000 1.0000 0.0002 0.0025 0.0364 0.5208 1.0000 0.0001 0.0008 0.0109 0.1560 1.0000 1.0000 0.0002 0.0033 0.0467 0.6682 1.0000 0.0001 0.0010 0.0140 0.2001 1.0000 1.0000 0.0003 0.0042 0.0600 0.8621 1.0000 0.0001 0.0013 0.0184 0.2651 1.0000 1.0000 0.0004 0.0058 0.0839 1.0000 1.0000 0.0001 0.0019 0.0274 0.4006 1.0000 0.0000 0.0006 0.0092 0.1295 1.0000 1.0000 1.0000 0.1295 0.0092 0.0006 0.0000 1.0000 0.4006 0.0274 0.0019 0.0001 1.0000 1.0000 0.0839 0.0058 0.0004 1.0000 1.0000 0.2651 0.0184 0.0013 0.0001 1.0000 0.8621 0.0600 0.0042 0.0003 1.0000 1.0000 0.2001 0.0140 0.0010 0.0001 1.0000 0.6682 0.0467 0.0033 0.0002 1.0000 1.0000 0.1560 0.0109 0.0008 0.0001 1.0000 0.5208 0.0364 0.0025 0.0002 1.0000 1.0000
1.0000 0.0002 0.0026 0.0378 0.5410 1.0000 0.0001 0.0008 0.0113 0.1620 1.0000 1.0000 0.0002 0.0034 0.0485 0.6941 1.0000 0.0001 0.0010 0.0145 0.2079 1.0000 1.0000 0.0003 0.0044 0.0622 0.8922 1.0000 0.0001 0.0013 0.0189 0.2718 1.0000 1.0000 0.0004 0.0059 0.0852 1.0000 1.0000 0.0001 0.0019 0.0274 0.3991 1.0000 0.0000 0.0006 0.0091 0.1329 1.0000 1.0000 0.0001 1.0000 1.0000 0.1329 0.0091 0.0006 0.0000 1.0000 0.3991 0.0274 0.0019 0.0001 1.0000 1.0000 0.0852 0.0059 0.0004 1.0000 1.0000 0.2718 0.0189 0.0013 0.0001 1.0000 0.8922 0.0622 0.0044 0.0003 1.0000 1.0000 0.2079 0.0145 0.0010 0.0001 1.0000 0.6941 0.0485 0.0034 0.0002 1.0000 1.0000 0.1620 0.0113 0.0008 0.0001 1.0000 0.5410 0.0378 0.0026 0.0002 1.0000
0.0002 0.0027 0.0393 0.5620 1.0000 0.0001 0.0008 0.0118 0.1683 1.0000 1.0000 0.0002 0.0035 0.0504 0.7210 1.0000 0.0001 0.0011 0.0151 0.2159 1.0000 1.0000 0.0003 0.0045 0.0647 0.9250 1.0000 0.0001 0.0014 0.0195 0.2797 1.0000 1.0000 0.0004 0.0060 0.0868 1.0000 1.0000 0.0001 0.0019 0.0276 0.4006 1.0000 0.0000 0.0006 0.0091 0.1327 1.0000 1.0000 0.0002 0.0009 0.0002 1.0000 1.0000 0.1327 0.0091 0.0006 0.0000 1.0000 0.4006 0.0276 0.0019 0.0001 1.0000 1.0000 0.0868 0.0060 0.0004 1.0000 1.0000 0.2797 0.0195 0.0014 0.0001 1.0000 0.9250 0.0647 0.0045 0.0003 1.0000 1.0000 0.2159 0.0151 0.0011 0.0001 1.0000 0.7210 0.0504 0.0035 0.0002 1.0000 1.0000 0.1683 0.0118 0.0008 0.0001 1.0000 0.5620 0.0393 0.0027 0.0002
0.0028 0.0408 0.5838 1.0000 0.0001 0.0009 0.0122 0.1748 1.0000 1.0000 0.0003 0.0037 0.0524 0.7490 1.0000 0.0001 0.0011 0.0157 0.2243 1.0000 1.0000 0.0003 0.0047 0.0672 0.9608 1.0000 0.0001 0.0014 0.0202 0.2888 1.0000 1.0000 0.0004 0.0062 0.0888 1.0000 1.0000 0.0001 0.0019 0.0280 0.4052 1.0000 0.0000 0.0006 0.0090 0.1322 1.0000 1.0000 0.0002 0.0024 0.0126 0.0024 0.0002 1.0000 1.0000 0.1322 0.0090 0.0006 0.0000 1.0000 0.4052 0.0280 0.0019 0.0001 1.0000 1.0000 0.0888 0.0062 0.0004 1.0000 1.0000 0.2888 0.0202 0.0014 0.0001 1.0000 0.9608 0.0672 0.0047 0.0003 1.0000 1.0000 0.2243 0.0157 0.0011 0.0001 1.0000 0.7490 0.0524 0.0037 0.0003 1.0000 1.0000 0.1748 0.0122 0.0009 0.0001 1.0000 0.5838 0.0408 0.0028
0.0412 0.6064 1.0000 0.0001 0.0009 0.0127 0.1816 1.0000 1.0000 0.0003 0.0038 0.0544 0.7780 1.0000 0.0001 0.0011 0.0163 0.2330 1.0000 1.0000 0.0003 0.0049 0.0698 0.9981 1.0000 0.0001 0.0015 0.0209 0.2995 1.0000 1.0000 0.0004 0.0063 0.0911 1.0000 1.0000 0.0001 0.0020 0.0284 0.4106 1.0000 0.0000 0.0006 0.0091 0.1322 1.0000 1.0000 0.0002 0.0029 0.0351 0.1823 0.0351 0.0029 0.0002 1.0000 1.0000 0.1322 0.0091 0.0006 0.0000 1.0000 0.4106 0.0284 0.0020 0.0001 1.0000 1.0000 0.0911 0.0063 0.0004 1.0000 1.0000 0.2995 0.0209 0.0015 0.0001 1.0000 0.9981 0.0698 0.0049 0.0003 1.0000 1.0000 0.2330 0.0163 0.0011 0.0001 1.0000 0.7780 0.0544 0.0038 0.0003 1.0000 1.0000 0.1816 0.0127 0.0009 0.0001 1.0000 0.6064 0.0412
0.6111 1.0000 0.0001 0.0009 0.0132 0.1883 1.0000 1.0000 0.0003 0.0039 0.0564 0.8066 1.0000 0.0001 0.0012 0.0169 0.2416 1.0000 1.0000 0.0004 0.0051 0.0723 1.0000 1.0000 0.0001 0.0015 0.0217 0.3099 1.0000 1.0000 0.0005 0.0065 0.0935 1.0000 1.0000 0.0001 0.0020 0.0289 0.4169 1.0000 0.0000 0.0006 0.0091 0.1327 1.0000 1.0000 0.0002 0.0030 0.0414 0.5091 1.0000 0.5091 0.0414 0.0030 0.0002 1.0000 1.0000 0.1327 0.0091 0.0006 0.0000 1.0000 0.4169 0.0289 0.0020 0.0001 1.0000 1.0000 0.0935 0.0065 0.0005 1.0000 1.0000 0.3099 0.0217 0.0015 0.0001 1.0000 1.0000 0.0723 0.0051 0.0004 1.0000 1.0000 0.2416 0.0169 0.0012 0.0001 1.0000 0.8066 0.0564 0.0039 0.0003 1.0000 1.0000 0.1883 0.0132 0.0009 0.0001 1.0000 0.6111
1.0000 0.0001 0.0009 0.0135 0.1937 1.0000 1.0000 0.0003 0.0041 0.0580 0.8300 1.0000 0.0001 0.0012 0.0174 0.2485 1.0000 1.0000 0.0004 0.0052 0.0744 1.0000 1.0000 0.0001 0.0016 0.0223 0.3189 1.0000 1.0000 0.0005 0.0067 0.0957 1.0000 1.0000 0.0001 0.0020 0.0293 0.4217 1.0000 0.0000 0.0006 0.0092 0.1329 1.0000 1.0000 0.0002 0.0030 0.0426 0.5973 1.0000 1.0000 1.0000 0.5973 0.0426 0.0030 0.0002 1.0000 1.0000 0.1329 0.0092 0.0006 0.0000 1.0000 0.4217 0.0293 0.0020 0.0001 1.0000 1.0000 0.0957 0.0067 0.0005 1.0000 1.0000 0.3189 0.0223 0.0016 0.0001 1.0000 1.0000 0.0744 0.0052 0.0004 1.0000 1.0000 0.2485 0.0174 0.0012 0.0001 1.0000 0.8300 0.0580 0.0041 0.0003 1.0000 1.0000 0.1937 0.0135 0.0009 0.0001 1.0000
0.0001 0.0009 0.0135 0.1930 1.0000 1.0000 0.0003 0.0040 0.0578 0.8268 1.0000 0.0001 0.0012 0.0173 0.2476 1.0000 1.0000 0.0004 0.0052 0.0741 1.0000 1.0000 0.0001 0.0016 0.0222 0.3177 1.0000 1.0000 0.0005 0.0066 0.0951 1.0000 1.0000 0.0001 0.0020 0.0289 0.4146 1.0000 0.0000 0.0006 0.0090 0.1295 1.0000 1.0000 0.0002 0.0029 0.0414 0.5973 1.0000 0.0001 0.0003 0.0001 1.0000 0.5973 0.0414 0.0029 0.0002 1.0000 1.0000 0.1295 0.0090 0.0006 0.0000 1.0000 0.4146 0.0289 0.0020 0.0001 1.0000 1.0000 0.0951 0.0066 0.0005 1.0000 1.0000 0.3177 0.0222 0.0016 0.0001 1.0000 1.0000 0.0741 0.0052 0.0004 1.0000 1.0000 0.2476 0.0173 0.0012 0.0001 1.0000 0.8268 0.0578 0.0040 0.0003 1.0000 1.0000 0.1930 0.0135 0.0009 0.0001
0.0008 0.0117 0.1677 1.0000 1.0000 0.0002 0.0035 0.0502 0.7183 1.0000 0.0001 0.0011 0.0150 0.2151 1.0000 1.0000 0.0003 0.0045 0.0644 0.9215 1.0000 0.0001 0.0013 0.0193 0.2760 1.0000 1.0000 0.0004 0.0058 0.0826 1.0000 1.0000 0.0001 0.0017 0.0249 0.3581 1.0000 1.0000 0.0005 0.0077 0.1110 1.0000 1.0000 0.0002 0.0024 0.0351 0.5091 1.0000 0.0001 0.0006 0.0032 0.0006 0.0001 1.0000 0.5091 0.0351 0.0024 0.0002 1.0000 1.0000 0.1110 0.0077 0.0005 1.0000 1.0000 0.3581 0.0249 0.0017 0.0001 1.0000 1.0000 0.0826 0.0058 0.0004 1.0000 1.0000 0.2760 0.0193 0.0013 0.0001 1.0000 0.9215 0.0644 0.0045 0.0003 1.0000 1.0000 0.2151 0.0150 0.0011 0.0001 1.0000 0.7183 0.0502 0.0035 0.0002 1.0000 1.0000 0.1677 0.0117 0.0008
0.0042 0.0614 0.8754 1.0000 0.0001 0.0013 0.0183 0.2621 1.0000 1.0000 0.0004 0.0055 0.0785 1.0000 1.0000 0.0001 0.0016 0.0235 0.3363 1.0000 1.0000 0.0005 0.0070 0.1007 1.0000 1.0000 0.0001 0.0021 0.0302 0.4315 1.0000 0.0000 0.0006 0.0091 0.1299 1.0000 1.0000 0.0002 0.0028 0.0400 0.5772 1.0000 0.0001 0.0009 0.0126 0.1823 1.0000 1.0000 0.0003 0.0032 0.0166 0.0032 0.0003 1.0000 1.0000 0.1823 0.0126 0.0009 0.0001 1.0000 0.5772 0.0400 0.0028 0.0002 1.0000 1.0000 0.1299 0.0091 0.0006 0.0000 1.0000 0.4315 0.0302 0.0021 0.0001 1.0000 1.0000 0.1007 0.0070 0.0005 1.0000 1.0000 0.3363 0.0235 0.0016 0.0001 1.0000 1.0000 0.0785 0.0055 0.0004 1.0000 1.0000 0.2621 0.0183 0.0013 0.0001 1.0000 0.8754 0.0614 0.0042
0.0008 0.0117 0.1677 1.0000 1.0000 0.0002 0.0035 0.0502 0.7183 1.0000 0.0001 0.0011 0.0150 0.2151 1.0000 1.0000 0.0003 0.0045 0.0644 0.9215 1.0000 0.0001 0.0013 0.0193 0.2760 1.0000 1.0000 0.0004 0.0058 0.0826 1.0000 1.0000 0.0001 0.0017 0.0249 0.3581 1.0000 1.0000 0.0005 0.0077 0.1110 1.0000 1.0000 0.0002 0.0024 0.0351 0.5091 1.0000 0.0001 0.0006 0.0032 0.0006 0.0001 1.0000 0.5091 0.0351 0.0024 0.0002 1.0000 1.0000 0.1110 0.0077 0.0005 1.0000 1.0000 0.3581 0.0249 0.0017 0.0001 1.0000 1.0000 0.0826 0.0058 0.0004 1.0000 1.0000 0.2760 0.0193 0.0013 0.0001 1.0000 0.9215 0.0644 0.0045 0.0003 1.0000 1.0000 0.2151 0.0150 0.0011 0.0001 1.0000 0.7183 0.0502 0.0035 0.0002 1.0000 1.0000 0.1677 0.0117 0.0008
0.0001 0.0009 0.0135 0.1930 1.0000 1.0000 0.0003 0.0040 0.0578 0.8268 1.0000 0.0001 0.0012 0.0173 0.2476 1.0000 1.0000 0.0004 0.0052 0.0741 1.0000 1.0000 0.0001 0.0016 0.0222 0.3177 1.0000 1.0000 0.0005 0.0066 0.0951 1.0000 1.0000 0.0001 0.0020 0.0289 0.4146 1.0000 0.0000 0.0006 0.0090 0.1295 1.0000 1.0000 0.0002 0.0029 0.0414 0.5973 1.0000 0.0001 0.0003 0.0001 1.0000 0.5973 0.0414 0.0029 0.0002 1.0000 1.0000 0.1295 0.0090 0.0006 0.0000 1.0000 0.4146 0.0289 0.0020 0.0001 1.0000 1.0000 0.0951 0.0066 0.0005 1.0000 1.0000 0.3177 0.0222 0.0016 0.0001 1.0000 1.0000 0.0741 0.0052 0.0004 1.0000 1.0000 0.2476 0.0173 0.0012 0.0001 1.0000 0.8268 0.0578 0.0040 0.0003 1.0000 1.0000 0.1930 0.0135 0.0009 0.0001
1.0000 0.0001 0.0009 0.0135 0.1937 1.0000 1.0000 0.0003 0.0041 0.0580 0.8300 1.0000 0.0001 0.0012 0.0174 0.2485 1.0000 1.0000 0.0004 0.0052 0.0744 1.0000 1.0000 0.0001 0.0016 0.0223 0.3189 1.0000 1.0000 0.0005 0.0067 0.0957 1.0000 1.0000 0.0001 0.0020 0.0293 0.4217 1.0000 0.0000 0.0006 0.0092 0.1329 1.0000 1.0000 0.0002 0.0030 0.0426 0.5973 1.0000 1.0000 1.0000 0.5973 0.0426 0.0030 0.0002 1.0000 1.0000 0.1329 0.0092 0.0006 0.0000 1.0000 0.4217 0.0293 0.0020 0.0001 1.0000 1.0000 0.0957 0.0067 0.0005 1.0000 1.0000 0.3189 0.0223 0.0016 0.0001 1.0000 1.0000 0.0744 0.0052 0.0004 1.0000 1.0000 0.2485 0.0174 0.0012 0.0001 1.0000 0.8300 0.0580 0.0041 0.0003 1.0000 1.0000 0.1937 0.0135 0.0009 0.0001 1.0000
0.6111 1.0000 0.0001 0.0009 0.0132 0.1883 1.0000 1.0000 0.0003 0.0039 0.0564 0.8066 1.0000 0.0001 0.0012 0.0169 0.2416 1.0000 1.0000 0.0004 0.0051 0.0723 1.0000 1.0000 0.0001 0.0015 0.0217 0.3099 1.0000 1.0000 0.0005 0.0065 0.0935 1.0000 1.0000 0.0001 0.0020 0.0289 0.4169 1.0000 0.0000 0.0006 0.0091 0.1327 1.0000 1.0000 0.0002 0.0030 0.0414 0.5091 1.0000 0.5091 0.0414 0.0030 0.0002 1.0000 1.0000 0.1327 0.0091 0.0006 0.0000 1.0000 0.4169 0.0289 0.0020 0.0001 1.0000 1.0000 0.0935 0.0065 0.0005 1.0000 1.0000 0.3099 0.0217 0.0015 0.0001 1.0000 1.0000 0.0723 0.0051 0.0004 1.0000 1.0000 0.2416 0.0169 0.0012 0.0001 1.0000 0.8066 0.0564 0.0039 0.0003 1.0000 1.0000 0.1883 0.0132 0.0009 0.0001 1.0000 0.6111
0.0412 0.6064 1.0000 0.0001 0.0009 0.0127 0.1816 1.0000 1.0000 0.0003 0.0038 0.0544 0.7780 1.0000 0.0001 0.0011 0.0163 0.2330 1.0000 1.0000 0.0003 0.0049 0.0698 0.9981 1.0000 0.0001 0.0015 0.0209 0.2995 1.0000 1.0000 0.0004 0.0063 0.0911 1.0000 1.0000 0.0001 0.0020 0.0284 0.4106 1.0000 0.0000 0.0006 0.0091 0.1322 1.0000 1.0000 0.0002 0.0029 0.0351 0.1823 0.0351 0.0029 0.0002 1.0000 1.0000 0.1322 0.0091 0.0006 0.0000 1.0000 0.4106 0.0284 0.0020 0.0001 1.0000 1.0000 0.0911 0.0063 0.0004 1.0000 1.0000 0.2995 0.0209 0.0015 0.0001 1.0000 0.9981 0.0698 0.0049 0.0003 1.0000 1.0000 0.2330 0.0163 0.0011 0.0001 1.0000 0.7780 0.0544 0.0038 0.0003 1.0000 1.0000 0.1816 0.0127 0.0009 0.0001 1.0000 0.6064 0.0412
