-0.0992 -0.2557 -0.3460 -0.3605 0.1148 0.2044 -0.2154 -0.3142 -0.3842 0.0123 0.2590 -0.1625 -0.2797 -0.3646 -0.2548 0.1722 -0.0432 -0.2437 -0.3357 -0.3791 0.0854 0.2688 -0.1992 -0.3025 -0.3790 -0.0551 0.2302 -0.1369 -0.2676 -0.3554 -0.3243 0.1422 0.0781 -0.2297 -0.3246 -0.3853 0.0520 0.2765 -0.1813 -0.2907 -0.3721 -0.1596 0.1995 -0.1004 -0.2552 -0.3454 -0.3625 0.1117 0.2264 -0.2036 -0.2693 -0.2036 0.2264 0.1117 -0.3625 -0.3454 -0.2552 -0.1004 0.1995 -0.1596 -0.3721 -0.2907 -0.1813 0.2765 0.0520 -0.3853 -0.3246 -0.2297 0.0781 0.1422 -0.3243 -0.3554 -0.2676 -0.1369 0.2302 -0.0551 -0.3790 -0.3025 -0.1992 0.2688 0.0854 -0.3791 -0.3357 -0.2437 -0.0432 0.1722 -0.2548 -0.3646 -0.2797 -0.1625 0.2590 0.0123 -0.3842 -0.3142 -0.2154 0.2044 0.1148 -0.3605 -0.3460 -0.2557 -0.0992
-0.2557 -0.3535 -0.3652 0.1143 0.2177 -0.2206 -0.3215 -0.3901 0.0108 0.2578 -0.1634 -0.2872 -0.3713 -0.2604 0.1708 -0.0339 -0.2517 -0.3428 -0.3846 0.0846 0.2745 -0.2029 -0.3099 -0.3852 -0.0582 0.2283 -0.1361 -0.2752 -0.3623 -0.3297 0.1410 0.0968 -0.2364 -0.3318 -0.3911 0.0511 0.2774 -0.1836 -0.2981 -0.3786 -0.1648 0.1978 -0.0967 -0.2630 -0.3524 -0.3677 0.1117 0.2280 -0.2167 -0.3137 -0.3686 -0.3137 -0.2167 0.2280 0.1117 -0.3677 -0.3524 -0.2630 -0.0967 0.1978 -0.1648 -0.3786 -0.2981 -0.1836 0.2774 0.0511 -0.3911 -0.3318 -0.2364 0.0968 0.1410 -0.3297 -0.3623 -0.2752 -0.1361 0.2283 -0.0582 -0.3852 -0.3099 -0.2029 0.2745 0.0846 -0.3846 -0.3428 -0.2517 -0.0339 0.1708 -0.2604 -0.3713 -0.2872 -0.1634 0.2578 0.0108 -0.3901 -0.3215 -0.2206 0.2177 0.1143 -0.3652 -0.3535 -0.2557
-0.3460 -0.3652 0.1132 0.2238 -0.2191 -0.3203 -0.3897 0.0053 0.2549 -0.1608 -0.2859 -0.3704 -0.2697 0.1677 -0.0232 -0.2504 -0.3416 -0.3858 0.0812 0.2768 -0.2008 -0.3086 -0.3846 -0.0682 0.2249 -0.1325 -0.2739 -0.3613 -0.3351 0.1377 0.1137 -0.2346 -0.3306 -0.3912 0.0469 0.2758 -0.1813 -0.2968 -0.3778 -0.1773 0.1945 -0.0911 -0.2617 -0.3513 -0.3704 0.1087 0.2347 -0.2168 -0.3177 -0.3892 -0.3293 -0.3892 -0.3177 -0.2168 0.2347 0.1087 -0.3704 -0.3513 -0.2617 -0.0911 0.1945 -0.1773 -0.3778 -0.2968 -0.1813 0.2758 0.0469 -0.3912 -0.3306 -0.2346 0.1137 0.1377 -0.3351 -0.3613 -0.2739 -0.1325 0.2249 -0.0682 -0.3846 -0.3086 -0.2008 0.2768 0.0812 -0.3858 -0.3416 -0.2504 -0.0232 0.1677 -0.2697 -0.3704 -0.2859 -0.1608 0.2549 0.0053 -0.3897 -0.3203 -0.2191 0.2238 0.1132 -0.3652 -0.3460
-0.3605 0.1143 0.2238 -0.2185 -0.3197 -0.3894 0.0004 0.2522 -0.1583 -0.2847 -0.3695 -0.2784 0.1646 -0.0117 -0.2490 -0.3404 -0.3869 0.0778 0.2785 -0.1988 -0.3073 -0.3839 -0.0787 0.2216 -0.1289 -0.2726 -0.3602 -0.3402 0.1345 0.1303 -0.2327 -0.3294 -0.3913 0.0426 0.2740 -0.1791 -0.2955 -0.3770 -0.1896 0.1913 -0.0851 -0.2604 -0.3502 -0.3730 0.1055 0.2425 -0.2153 -0.3177 -0.3883 -0.0551 0.1358 -0.0551 -0.3883 -0.3177 -0.2153 0.2425 0.1055 -0.3730 -0.3502 -0.2604 -0.0851 0.1913 -0.1896 -0.3770 -0.2955 -0.1791 0.2740 0.0426 -0.3913 -0.3294 -0.2327 0.1303 0.1345 -0.3402 -0.3602 -0.2726 -0.1289 0.2216 -0.0787 -0.3839 -0.3073 -0.1988 0.2785 0.0778 -0.3869 -0.3404 -0.2490 -0.0117 0.1646 -0.2784 -0.3695 -0.2847 -0.1583 0.2522 0.0004 -0.3894 -0.3197 -0.2185 0.2238 0.1143 -0.3605
0.1148 0.2177 -0.2191 -0.3197 -0.3893 -0.0026 0.2503 -0.1563 -0.2836 -0.3686 -0.2861 0.1617 0.0002 -0.2477 -0.3393 -0.3878 0.0743 0.2797 -0.1968 -0.3060 -0.3832 -0.0897 0.2182 -0.1250 -0.2712 -0.3592 -0.3450 0.1313 0.1463 -0.2308 -0.3282 -0.3913 0.0382 0.2719 -0.1767 -0.2942 -0.3761 -0.2017 0.1880 -0.0786 -0.2590 -0.3491 -0.3753 0.1023 0.2497 -0.2135 -0.3167 -0.3882 -0.0237 0.2239 0.1348 0.2239 -0.0237 -0.3882 -0.3167 -0.2135 0.2497 0.1023 -0.3753 -0.3491 -0.2590 -0.0786 0.1880 -0.2017 -0.3761 -0.2942 -0.1767 0.2719 0.0382 -0.3913 -0.3282 -0.2308 0.1463 0.1313 -0.3450 -0.3592 -0.2712 -0.1250 0.2182 -0.0897 -0.3832 -0.3060 -0.1968 0.2797 0.0743 -0.3878 -0.3393 -0.2477 0.0002 0.1617 -0.2861 -0.3686 -0.2836 -0.1563 0.2503 -0.0026 -0.3893 -0.3197 -0.2191 0.2177 0.1148
0.2044 -0.2206 -0.3203 -0.3894 -0.0026 0.2496 -0.1552 -0.2829 -0.3680 -0.2923 0.1588 0.0119 -0.2462 -0.3382 -0.3886 0.0708 0.2804 -0.1947 -0.3048 -0.3825 -0.1012 0.2149 -0.1210 -0.2699 -0.3581 -0.3494 0.1281 0.1615 -0.2289 -0.3269 -0.3912 0.0336 0.2697 -0.1744 -0.2929 -0.3753 -0.2135 0.1848 -0.0717 -0.2577 -0.3479 -0.3774 0.0991 0.2560 -0.2115 -0.3155 -0.3878 -0.0228 0.2382 -0.1296 -0.2320 -0.1296 0.2382 -0.0228 -0.3878 -0.3155 -0.2115 0.2560 0.0991 -0.3774 -0.3479 -0.2577 -0.0717 0.1848 -0.2135 -0.3753 -0.2929 -0.1744 0.2697 0.0336 -0.3912 -0.3269 -0.2289 0.1615 0.1281 -0.3494 -0.3581 -0.2699 -0.1210 0.2149 -0.1012 -0.3825 -0.3048 -0.1947 0.2804 0.0708 -0.3886 -0.3382 -0.2462 0.0119 0.1588 -0.2923 -0.3680 -0.2829 -0.1552 0.2496 -0.0026 -0.3894 -0.3203 -0.2206 0.2044
-0.2154 -0.3215 -0.3897 0.0004 0.2503 -0.1552 -0.2827 -0.3676 -0.2964 0.1567 0.0225 -0.2448 -0.3372 -0.3892 0.0676 0.2806 -0.1926 -0.3035 -0.3818 -0.1131 0.2116 -0.1168 -0.2686 -0.3570 -0.3535 0.1250 0.1759 -0.2271 -0.3257 -0.3911 0.0288 0.2672 -0.1720 -0.2916 -0.3744 -0.2248 0.1816 -0.0642 -0.2563 -0.3468 -0.3793 0.0959 0.2615 -0.2096 -0.3142 -0.3873 -0.0286 0.2386 -0.1427 -0.2716 -0.3291 -0.2716 -0.1427 0.2386 -0.0286 -0.3873 -0.3142 -0.2096 0.2615 0.0959 -0.3793 -0.3468 -0.2563 -0.0642 0.1816 -0.2248 -0.3744 -0.2916 -0.1720 0.2672 0.0288 -0.3911 -0.3257 -0.2271 0.1759 0.1250 -0.3535 -0.3570 -0.2686 -0.1168 0.2116 -0.1131 -0.3818 -0.3035 -0.1926 0.2806 0.0676 -0.3892 -0.3372 -0.2448 0.0225 0.1567 -0.2964 -0.3676 -0.2827 -0.1552 0.2503 0.0004 -0.3897 -0.3215 -0.2154
-0.3142 -0.3901 0.0053 0.2522 -0.1563 -0.2829 -0.3676 -0.2977 0.1556 0.0295 -0.2436 -0.3363 -0.3897 0.0646 0.2805 -0.1907 -0.3023 -0.3811 -0.1250 0.2082 -0.1124 -0.2672 -0.3559 -0.3574 0.1218 0.1894 -0.2252 -0.3244 -0.3909 0.0238 0.2646 -0.1695 -0.2903 -0.3735 -0.2358 0.1784 -0.0562 -0.2550 -0.3456 -0.3811 0.0926 0.2662 -0.2076 -0.3129 -0.3867 -0.0364 0.2361 -0.1431 -0.2765 -0.3610 -0.3974 -0.3610 -0.2765 -0.1431 0.2361 -0.0364 -0.3867 -0.3129 -0.2076 0.2662 0.0926 -0.3811 -0.3456 -0.2550 -0.0562 0.1784 -0.2358 -0.3735 -0.2903 -0.1695 0.2646 0.0238 -0.3909 -0.3244 -0.2252 0.1894 0.1218 -0.3574 -0.3559 -0.2672 -0.1124 0.2082 -0.1250 -0.3811 -0.3023 -0.1907 0.2805 0.0646 -0.3897 -0.3363 -0.2436 0.0295 0.1556 -0.2977 -0.3676 -0.2829 -0.1563 0.2522 0.0053 -0.3901 -0.3142
-0.3842 0.0108 0.2549 -0.1583 -0.2836 -0.3680 -0.2964 0.1556 0.0319 -0.2430 -0.3357 -0.3900 0.0620 0.2801 -0.1890 -0.3012 -0.3804 -0.1362 0.2051 -0.1079 -0.2659 -0.3548 -0.3609 0.1187 0.2018 -0.2233 -0.3232 -0.3906 0.0186 0.2619 -0.1670 -0.2890 -0.3726 -0.2464 0.1752 -0.0474 -0.2536 -0.3444 -0.3827 0.0893 0.2702 -0.2056 -0.3117 -0.3861 -0.0451 0.2330 -0.1406 -0.2767 -0.3629 -0.3518 0.0259 -0.3518 -0.3629 -0.2767 -0.1406 0.2330 -0.0451 -0.3861 -0.3117 -0.2056 0.2702 0.0893 -0.3827 -0.3444 -0.2536 -0.0474 0.1752 -0.2464 -0.3726 -0.2890 -0.1670 0.2619 0.0186 -0.3906 -0.3232 -0.2233 0.2018 0.1187 -0.3609 -0.3548 -0.2659 -0.1079 0.2051 -0.1362 -0.3804 -0.3012 -0.1890 0.2801 0.0620 -0.3900 -0.3357 -0.2430 0.0319 0.1556 -0.2964 -0.3680 -0.2836 -0.1583 0.2549 0.0108 -0.3842
0.0123 0.2578 -0.1608 -0.2847 -0.3686 -0.2923 0.1567 0.0295 -0.2430 -0.3355 -0.3902 0.0602 0.2797 -0.1876 -0.3003 -0.3798 -0.1464 0.2023 -0.1034 -0.2647 -0.3538 -0.3641 0.1155 0.2132 -0.2214 -0.3219 -0.3903 0.0131 0.2590 -0.1644 -0.2877 -0.3717 -0.2565 0.1721 -0.0379 -0.2523 -0.3433 -0.3841 0.0860 0.2734 -0.2037 -0.3104 -0.3855 -0.0543 0.2296 -0.1374 -0.2757 -0.3625 -0.3351 0.1213 0.2595 0.1213 -0.3351 -0.3625 -0.2757 -0.1374 0.2296 -0.0543 -0.3855 -0.3104 -0.2037 0.2734 0.0860 -0.3841 -0.3433 -0.2523 -0.0379 0.1721 -0.2565 -0.3717 -0.2877 -0.1644 0.2590 0.0131 -0.3903 -0.3219 -0.2214 0.2132 0.1155 -0.3641 -0.3538 -0.2647 -0.1034 0.2023 -0.1464 -0.3798 -0.3003 -0.1876 0.2797 0.0602 -0.3902 -0.3355 -0.2430 0.0295 0.1567 -0.2923 -0.3686 -0.2847 -0.1608 0.2578 0.0123
0.2590 -0.1634 -0.2859 -0.3695 -0.2861 0.1588 0.0225 -0.2436 -0.3357 -0.3902 0.0597 0.2795 -0.1867 -0.2996 -0.3793 -0.1551 0.1998 -0.0993 -0.2636 -0.3528 -0.3669 0.1125 0.2232 -0.2196 -0.3207 -0.3899 0.0073 0.2560 -0.1618 -0.2864 -0.3708 -0.2661 0.1689 -0.0276 -0.2509 -0.3421 -0.3854 0.0826 0.2759 -0.2016 -0.3091 -0.3848 -0.0641 0.2263 -0.1340 -0.2744 -0.3617 -0.3346 0.1340 0.2008 -0.1671 0.2008 0.1340 -0.3346 -0.3617 -0.2744 -0.1340 0.2263 -0.0641 -0.3848 -0.3091 -0.2016 0.2759 0.0826 -0.3854 -0.3421 -0.2509 -0.0276 0.1689 -0.2661 -0.3708 -0.2864 -0.1618 0.2560 0.0073 -0.3899 -0.3207 -0.2196 0.2232 0.1125 -0.3669 -0.3528 -0.2636 -0.0993 0.1998 -0.1551 -0.3793 -0.2996 -0.1867 0.2795 0.0597 -0.3902 -0.3357 -0.2436 0.0225 0.1588 -0.2861 -0.3695 -0.2859 -0.1634 0.2590
-0.1625 -0.2872 -0.3704 -0.2784 0.1617 0.0119 -0.2448 -0.3363 -0.3900 0.0602 0.2795 -0.1864 -0.2992 -0.3790 -0.1617 0.1979 -0.0957 -0.2626 -0.3519 -0.3692 0.1098 0.2317 -0.2178 -0.3195 -0.3894 0.0012 0.2530 -0.1591 -0.2851 -0.3698 -0.2752 0.1658 -0.0164 -0.2495 -0.3409 -0.3865 0.0792 0.2779 -0.1996 -0.3078 -0.3842 -0.0744 0.2229 -0.1304 -0.2731 -0.3606 -0.3385 0.1347 0.1468 -0.2224 -0.2868 -0.2224 0.1468 0.1347 -0.3385 -0.3606 -0.2731 -0.1304 0.2229 -0.0744 -0.3842 -0.3078 -0.1996 0.2779 0.0792 -0.3865 -0.3409 -0.2495 -0.0164 0.1658 -0.2752 -0.3698 -0.2851 -0.1591 0.2530 0.0012 -0.3894 -0.3195 -0.2178 0.2317 0.1098 -0.3692 -0.3519 -0.2626 -0.0957 0.1979 -0.1617 -0.3790 -0.2992 -0.1864 0.2795 0.0602 -0.3900 -0.3363 -0.2448 0.0119 0.1617 -0.2784 -0.3704 -0.2872 -0.1625
-0.2797 -0.3713 -0.2697 0.1646 0.0002 -0.2462 -0.3372 -0.3897 0.0620 0.2797 -0.1867 -0.2992 -0.3789 -0.1654 0.1966 -0.0929 -0.2618 -0.3512 -0.3712 0.1074 0.2386 -0.2162 -0.3184 -0.3890 -0.0049 0.2499 -0.1564 -0.2838 -0.3689 -0.2839 0.1626 -0.0042 -0.2482 -0.3397 -0.3875 0.0757 0.2793 -0.1976 -0.3066 -0.3835 -0.0853 0.2196 -0.1266 -0.2718 -0.3596 -0.3431 0.1324 0.1449 -0.2291 -0.3222 -0.3756 -0.3222 -0.2291 0.1449 0.1324 -0.3431 -0.3596 -0.2718 -0.1266 0.2196 -0.0853 -0.3835 -0.3066 -0.1976 0.2793 0.0757 -0.3875 -0.3397 -0.2482 -0.0042 0.1626 -0.2839 -0.3689 -0.2838 -0.1564 0.2499 -0.0049 -0.3890 -0.3184 -0.2162 0.2386 0.1074 -0.3712 -0.3512 -0.2618 -0.0929 0.1966 -0.1654 -0.3789 -0.2992 -0.1867 0.2797 0.0620 -0.3897 -0.3372 -0.2462 0.0002 0.1646 -0.2697 -0.3713 -0.2797
-0.3646 -0.2604 0.1677 -0.0117 -0.2477 -0.3382 -0.3892 0.0646 0.2801 -0.1876 -0.2996 -0.3790 -0.1654 0.1961 -0.0914 -0.2613 -0.3506 -0.3726 0.1053 0.2440 -0.2147 -0.3174 -0.3886 -0.0106 0.2470 -0.1537 -0.2825 -0.3679 -0.2920 0.1593 0.0090 -0.2467 -0.3385 -0.3883 0.0722 0.2802 -0.1955 -0.3053 -0.3828 -0.0966 0.2162 -0.1226 -0.2704 -0.3585 -0.3477 0.1294 0.1564 -0.2292 -0.3260 -0.3920 -0.2814 -0.3920 -0.3260 -0.2292 0.1564 0.1294 -0.3477 -0.3585 -0.2704 -0.1226 0.2162 -0.0966 -0.3828 -0.3053 -0.1955 0.2802 0.0722 -0.3883 -0.3385 -0.2467 0.0090 0.1593 -0.2920 -0.3679 -0.2825 -0.1537 0.2470 -0.0106 -0.3886 -0.3174 -0.2147 0.2440 0.1053 -0.3726 -0.3506 -0.2613 -0.0914 0.1961 -0.1654 -0.3790 -0.2996 -0.1876 0.2801 0.0646 -0.3892 -0.3382 -0.2477 -0.0117 0.1677 -0.2604 -0.3646
-0.2548 0.1708 -0.0232 -0.2490 -0.3393 -0.3886 0.0676 0.2805 -0.1890 -0.3003 -0.3793 -0.1617 0.1966 -0.0914 -0.2611 -0.3503 -0.3735 0.1039 0.2480 -0.2135 -0.3166 -0.3882 -0.0161 0.2444 -0.1512 -0.2814 -0.3670 -0.2994 0.1560 0.0231 -0.2449 -0.3373 -0.3891 0.0686 0.2806 -0.1934 -0.3040 -0.3821 -0.1083 0.2129 -0.1185 -0.2691 -0.3574 -0.3519 0.1262 0.1704 -0.2277 -0.3259 -0.3908 -0.0033 0.1563 -0.0033 -0.3908 -0.3259 -0.2277 0.1704 0.1262 -0.3519 -0.3574 -0.2691 -0.1185 0.2129 -0.1083 -0.3821 -0.3040 -0.1934 0.2806 0.0686 -0.3891 -0.3373 -0.2449 0.0231 0.1560 -0.2994 -0.3670 -0.2814 -0.1512 0.2444 -0.0161 -0.3882 -0.3166 -0.2135 0.2480 0.1039 -0.3735 -0.3503 -0.2611 -0.0914 0.1966 -0.1617 -0.3793 -0.3003 -0.1890 0.2805 0.0676 -0.3886 -0.3393 -0.2490 -0.0232 0.1708 -0.2548
0.1722 -0.0339 -0.2504 -0.3404 -0.3878 0.0708 0.2806 -0.1907 -0.3012 -0.3798 -0.1551 0.1979 -0.0929 -0.2613 -0.3503 -0.3738 0.1031 0.2504 -0.2127 -0.3159 -0.3879 -0.0211 0.2421 -0.1490 -0.2803 -0.3662 -0.3058 0.1530 0.0374 -0.2431 -0.3361 -0.3897 0.0649 0.2805 -0.1913 -0.3027 -0.3813 -0.1204 0.2096 -0.1142 -0.2678 -0.3564 -0.3559 0.1231 0.1841 -0.2259 -0.3249 -0.3909 0.0183 0.2468 0.0272 0.2468 0.0183 -0.3909 -0.3249 -0.2259 0.1841 0.1231 -0.3559 -0.3564 -0.2678 -0.1142 0.2096 -0.1204 -0.3813 -0.3027 -0.1913 0.2805 0.0649 -0.3897 -0.3361 -0.2431 0.0374 0.1530 -0.3058 -0.3662 -0.2803 -0.1490 0.2421 -0.0211 -0.3879 -0.3159 -0.2127 0.2504 0.1031 -0.3738 -0.3503 -0.2613 -0.0929 0.1979 -0.1551 -0.3798 -0.3012 -0.1907 0.2806 0.0708 -0.3878 -0.3404 -0.2504 -0.0339 0.1722
-0.0432 -0.2517 -0.3416 -0.3869 0.0743 0.2804 -0.1926 -0.3023 -0.3804 -0.1464 0.1998 -0.0957 -0.2618 -0.3506 -0.3735 0.1031 0.2512 -0.2122 -0.3155 -0.3876 -0.0249 0.2401 -0.1470 -0.2794 -0.3654 -0.3114 0.1502 0.0508 -0.2414 -0.3350 -0.3902 0.0611 0.2801 -0.1892 -0.3014 -0.3806 -0.1328 0.2062 -0.1096 -0.2664 -0.3553 -0.3595 0.1199 0.1970 -0.2241 -0.3237 -0.3907 0.0190 0.2590 -0.1513 -0.2428 -0.1513 0.2590 0.0190 -0.3907 -0.3237 -0.2241 0.1970 0.1199 -0.3595 -0.3553 -0.2664 -0.1096 0.2062 -0.1328 -0.3806 -0.3014 -0.1892 0.2801 0.0611 -0.3902 -0.3350 -0.2414 0.0508 0.1502 -0.3114 -0.3654 -0.2794 -0.1470 0.2401 -0.0249 -0.3876 -0.3155 -0.2122 0.2512 0.1031 -0.3735 -0.3506 -0.2618 -0.0957 0.1998 -0.1464 -0.3804 -0.3023 -0.1926 0.2804 0.0743 -0.3869 -0.3416 -0.2517 -0.0432
-0.2437 -0.3428 -0.3858 0.0778 0.2797 -0.1947 -0.3035 -0.3811 -0.1362 0.2023 -0.0993 -0.2626 -0.3512 -0.3726 0.1039 0.2504 -0.2122 -0.3153 -0.3875 -0.0274 0.2388 -0.1455 -0.2786 -0.3648 -0.3161 0.1478 0.0635 -0.2399 -0.3340 -0.3906 0.0575 0.2793 -0.1871 -0.3001 -0.3798 -0.1453 0.2029 -0.1048 -0.2651 -0.3542 -0.3629 0.1168 0.2088 -0.2222 -0.3224 -0.3904 0.0150 0.2593 -0.1618 -0.2804 -0.3377 -0.2804 -0.1618 0.2593 0.0150 -0.3904 -0.3224 -0.2222 0.2088 0.1168 -0.3629 -0.3542 -0.2651 -0.1048 0.2029 -0.1453 -0.3798 -0.3001 -0.1871 0.2793 0.0575 -0.3906 -0.3340 -0.2399 0.0635 0.1478 -0.3161 -0.3648 -0.2786 -0.1455 0.2388 -0.0274 -0.3875 -0.3153 -0.2122 0.2504 0.1039 -0.3726 -0.3512 -0.2626 -0.0993 0.2023 -0.1362 -0.3811 -0.3035 -0.1947 0.2797 0.0778 -0.3858 -0.3428 -0.2437
-0.3357 -0.3846 0.0812 0.2785 -0.1968 -0.3048 -0.3818 -0.1250 0.2051 -0.1034 -0.2636 -0.3519 -0.3712 0.1053 0.2480 -0.2127 -0.3155 -0.3875 -0.0284 0.2381 -0.1445 -0.2781 -0.3643 -0.3197 0.1457 0.0751 -0.2386 -0.3331 -0.3908 0.0542 0.2783 -0.1850 -0.2989 -0.3791 -0.1578 0.1996 -0.0997 -0.2638 -0.3531 -0.3660 0.1136 0.2196 -0.2203 -0.3212 -0.3900 0.0096 0.2571 -0.1621 -0.2852 -0.3682 -0.3961 -0.3682 -0.2852 -0.1621 0.2571 0.0096 -0.3900 -0.3212 -0.2203 0.2196 0.1136 -0.3660 -0.3531 -0.2638 -0.0997 0.1996 -0.1578 -0.3791 -0.2989 -0.1850 0.2783 0.0542 -0.3908 -0.3331 -0.2386 0.0751 0.1457 -0.3197 -0.3643 -0.2781 -0.1445 0.2381 -0.0284 -0.3875 -0.3155 -0.2127 0.2480 0.1053 -0.3712 -0.3519 -0.2636 -0.1034 0.2051 -0.1250 -0.3818 -0.3048 -0.1968 0.2785 0.0812 -0.3846 -0.3357
-0.3791 0.0846 0.2768 -0.1988 -0.3060 -0.3825 -0.1131 0.2082 -0.1079 -0.2647 -0.3528 -0.3692 0.1074 0.2440 -0.2135 -0.3159 -0.3876 -0.0274 0.2381 -0.1442 -0.2778 -0.3640 -0.3222 0.1440 0.0848 -0.2374 -0.3322 -0.3910 0.0511 0.2773 -0.1832 -0.2978 -0.3783 -0.1697 0.1964 -0.0942 -0.2624 -0.3519 -0.3689 0.1104 0.2293 -0.2184 -0.3199 -0.3896 0.0037 0.2542 -0.1601 -0.2853 -0.3694 -0.3180 0.0545 -0.3180 -0.3694 -0.2853 -0.1601 0.2542 0.0037 -0.3896 -0.3199 -0.2184 0.2293 0.1104 -0.3689 -0.3519 -0.2624 -0.0942 0.1964 -0.1697 -0.3783 -0.2978 -0.1832 0.2773 0.0511 -0.3910 -0.3322 -0.2374 0.0848 0.1440 -0.3222 -0.3640 -0.2778 -0.1442 0.2381 -0.0274 -0.3876 -0.3159 -0.2135 0.2440 0.1074 -0.3692 -0.3528 -0.2647 -0.1079 0.2082 -0.1131 -0.3825 -0.3060 -0.1988 0.2768 0.0846 -0.3791
0.0854 0.2745 -0.2008 -0.3073 -0.3832 -0.1012 0.2116 -0.1124 -0.2659 -0.3538 -0.3669 0.1098 0.2386 -0.2147 -0.3166 -0.3879 -0.0249 0.2388 -0.1445 -0.2778 -0.3639 -0.3235 0.1431 0.0916 -0.2364 -0.3315 -0.3911 0.0484 0.2762 -0.1815 -0.2967 -0.3777 -0.1803 0.1935 -0.0888 -0.2611 -0.3508 -0.3716 0.1073 0.2380 -0.2165 -0.3187 -0.3891 -0.0026 0.2511 -0.1575 -0.2843 -0.3691 -0.2922 0.1416 0.2748 0.1416 -0.2922 -0.3691 -0.2843 -0.1575 0.2511 -0.0026 -0.3891 -0.3187 -0.2165 0.2380 0.1073 -0.3716 -0.3508 -0.2611 -0.0888 0.1935 -0.1803 -0.3777 -0.2967 -0.1815 0.2762 0.0484 -0.3911 -0.3315 -0.2364 0.0916 0.1431 -0.3235 -0.3639 -0.2778 -0.1445 0.2388 -0.0249 -0.3879 -0.3166 -0.2147 0.2386 0.1098 -0.3669 -0.3538 -0.2659 -0.1124 0.2116 -0.1012 -0.3832 -0.3073 -0.2008 0.2745 0.0854
0.2688 -0.2029 -0.3086 -0.3839 -0.0897 0.2149 -0.1168 -0.2672 -0.3548 -0.3641 0.1125 0.2317 -0.2162 -0.3174 -0.3882 -0.0211 0.2401 -0.1455 -0.2781 -0.3640 -0.3235 0.1427 0.0950 -0.2359 -0.3310 -0.3912 0.0461 0.2751 -0.1800 -0.2958 -0.3770 -0.1898 0.1909 -0.0835 -0.2599 -0.3497 -0.3740 0.1041 0.2458 -0.2145 -0.3174 -0.3886 -0.0093 0.2479 -0.1547 -0.2830 -0.3683 -0.2913 0.1551 0.1027 -0.1840 0.1027 0.1551 -0.2913 -0.3683 -0.2830 -0.1547 0.2479 -0.0093 -0.3886 -0.3174 -0.2145 0.2458 0.1041 -0.3740 -0.3497 -0.2599 -0.0835 0.1909 -0.1898 -0.3770 -0.2958 -0.1800 0.2751 0.0461 -0.3912 -0.3310 -0.2359 0.0950 0.1427 -0.3235 -0.3640 -0.2781 -0.1455 0.2401 -0.0211 -0.3882 -0.3174 -0.2162 0.2317 0.1125 -0.3641 -0.3548 -0.2672 -0.1168 0.2149 -0.0897 -0.3839 -0.3086 -0.2029 0.2688
-0.1992 -0.3099 -0.3846 -0.0787 0.2182 -0.1210 -0.2686 -0.3559 -0.3609 0.1155 0.2232 -0.2178 -0.3184 -0.3886 -0.0161 0.2421 -0.1470 -0.2786 -0.3643 -0.3222 0.1431 0.0950 -0.2357 -0.3308 -0.3913 0.0444 0.2742 -0.1787 -0.2951 -0.3765 -0.1983 0.1885 -0.0787 -0.2588 -0.3488 -0.3760 0.1011 0.2524 -0.2127 -0.3162 -0.3881 -0.0163 0.2447 -0.1518 -0.2817 -0.3673 -0.2972 0.1560 0.0388 -0.2349 -0.2956 -0.2349 0.0388 0.1560 -0.2972 -0.3673 -0.2817 -0.1518 0.2447 -0.0163 -0.3881 -0.3162 -0.2127 0.2524 0.1011 -0.3760 -0.3488 -0.2588 -0.0787 0.1885 -0.1983 -0.3765 -0.2951 -0.1787 0.2742 0.0444 -0.3913 -0.3308 -0.2357 0.0950 0.1431 -0.3222 -0.3643 -0.2786 -0.1470 0.2421 -0.0161 -0.3886 -0.3184 -0.2178 0.2232 0.1155 -0.3609 -0.3559 -0.2686 -0.1210 0.2182 -0.0787 -0.3846 -0.3099 -0.1992
-0.3025 -0.3852 -0.0682 0.2216 -0.1250 -0.2699 -0.3570 -0.3574 0.1187 0.2132 -0.2196 -0.3195 -0.3890 -0.0106 0.2444 -0.1490 -0.2794 -0.3648 -0.3197 0.1440 0.0916 -0.2359 -0.3308 -0.3913 0.0436 0.2736 -0.1778 -0.2944 -0.3760 -0.2055 0.1864 -0.0741 -0.2579 -0.3479 -0.3777 0.0983 0.2579 -0.2109 -0.3150 -0.3876 -0.0238 0.2414 -0.1488 -0.2804 -0.3663 -0.3043 0.1537 0.0369 -0.2413 -0.3306 -0.3821 -0.3306 -0.2413 0.0369 0.1537 -0.3043 -0.3663 -0.2804 -0.1488 0.2414 -0.0238 -0.3876 -0.3150 -0.2109 0.2579 0.0983 -0.3777 -0.3479 -0.2579 -0.0741 0.1864 -0.2055 -0.3760 -0.2944 -0.1778 0.2736 0.0436 -0.3913 -0.3308 -0.2359 0.0916 0.1440 -0.3197 -0.3648 -0.2794 -0.1490 0.2444 -0.0106 -0.3890 -0.3195 -0.2196 0.2132 0.1187 -0.3574 -0.3570 -0.2699 -0.1250 0.2216 -0.0682 -0.3852 -0.3025
-0.3790 -0.0582 0.2249 -0.1289 -0.2712 -0.3581 -0.3535 0.1218 0.2018 -0.2214 -0.3207 -0.3894 -0.0049 0.2470 -0.1512 -0.2803 -0.3654 -0.3161 0.1457 0.0848 -0.2364 -0.3310 -0.3913 0.0436 0.2734 -0.1773 -0.2941 -0.3757 -0.2110 0.1847 -0.0698 -0.2571 -0.3472 -0.3790 0.0959 0.2621 -0.2092 -0.3139 -0.3871 -0.0313 0.2382 -0.1458 -0.2791 -0.3653 -0.3113 0.1505 0.0486 -0.2414 -0.3341 -0.3928 -0.2138 -0.3928 -0.3341 -0.2414 0.0486 0.1505 -0.3113 -0.3653 -0.2791 -0.1458 0.2382 -0.0313 -0.3871 -0.3139 -0.2092 0.2621 0.0959 -0.3790 -0.3472 -0.2571 -0.0698 0.1847 -0.2110 -0.3757 -0.2941 -0.1773 0.2734 0.0436 -0.3913 -0.3310 -0.2364 0.0848 0.1457 -0.3161 -0.3654 -0.2803 -0.1512 0.2470 -0.0049 -0.3894 -0.3207 -0.2214 0.2018 0.1218 -0.3535 -0.3581 -0.2712 -0.1289 0.2249 -0.0582 -0.3790
-0.0551 0.2283 -0.1325 -0.2726 -0.3592 -0.3494 0.1250 0.1894 -0.2233 -0.3219 -0.3899 0.0012 0.2499 -0.1537 -0.2814 -0.3662 -0.3114 0.1478 0.0751 -0.2374 -0.3315 -0.3912 0.0444 0.2736 -0.1773 -0.2939 -0.3755 -0.2145 0.1834 -0.0662 -0.2563 -0.3465 -0.3801 0.0938 0.2654 -0.2077 -0.3128 -0.3866 -0.0384 0.2352 -0.1428 -0.2778 -0.3643 -0.3179 0.1473 0.0641 -0.2400 -0.3339 -0.3909 0.0326 0.1772 0.0326 -0.3909 -0.3339 -0.2400 0.0641 0.1473 -0.3179 -0.3643 -0.2778 -0.1428 0.2352 -0.0384 -0.3866 -0.3128 -0.2077 0.2654 0.0938 -0.3801 -0.3465 -0.2563 -0.0662 0.1834 -0.2145 -0.3755 -0.2939 -0.1773 0.2736 0.0444 -0.3912 -0.3315 -0.2374 0.0751 0.1478 -0.3114 -0.3662 -0.2814 -0.1537 0.2499 0.0012 -0.3899 -0.3219 -0.2233 0.1894 0.1250 -0.3494 -0.3592 -0.2726 -0.1325 0.2283 -0.0551
0.2302 -0.1361 -0.2739 -0.3602 -0.3450 0.1281 0.1759 -0.2252 -0.3232 -0.3903 0.0073 0.2530 -0.1564 -0.2825 -0.3670 -0.3058 0.1502 0.0635 -0.2386 -0.3322 -0.3911 0.0461 0.2742 -0.1778 -0.2941 -0.3755 -0.2157 0.1827 -0.0639 -0.2558 -0.3460 -0.3810 0.0920 0.2679 -0.2065 -0.3120 -0.3861 -0.0452 0.2325 -0.1400 -0.2766 -0.3633 -0.3240 0.1440 0.0807 -0.2382 -0.3329 -0.3909 0.0490 0.2667 -0.0505 0.2667 0.0490 -0.3909 -0.3329 -0.2382 0.0807 0.1440 -0.3240 -0.3633 -0.2766 -0.1400 0.2325 -0.0452 -0.3861 -0.3120 -0.2065 0.2679 0.0920 -0.3810 -0.3460 -0.2558 -0.0639 0.1827 -0.2157 -0.3755 -0.2941 -0.1778 0.2742 0.0461 -0.3911 -0.3322 -0.2386 0.0635 0.1502 -0.3058 -0.3670 -0.2825 -0.1564 0.2530 0.0073 -0.3903 -0.3232 -0.2252 0.1759 0.1281 -0.3450 -0.3602 -0.2739 -0.1361 0.2302
-0.1369 -0.2752 -0.3613 -0.3402 0.1313 0.1615 -0.2271 -0.3244 -0.3906 0.0131 0.2560 -0.1591 -0.2838 -0.3679 -0.2994 0.1530 0.0508 -0.2399 -0.3331 -0.3910 0.0484 0.2751 -0.1787 -0.2944 -0.3757 -0.2145 0.1827 -0.0631 -0.2555 -0.3456 -0.3816 0.0905 0.2699 -0.2054 -0.3112 -0.3857 -0.0516 0.2301 -0.1375 -0.2756 -0.3625 -0.3292 0.1409 0.0973 -0.2363 -0.3318 -0.3911 0.0496 0.2751 -0.1691 -0.2525 -0.1691 0.2751 0.0496 -0.3911 -0.3318 -0.2363 0.0973 0.1409 -0.3292 -0.3625 -0.2756 -0.1375 0.2301 -0.0516 -0.3857 -0.3112 -0.2054 0.2699 0.0905 -0.3816 -0.3456 -0.2555 -0.0631 0.1827 -0.2145 -0.3757 -0.2944 -0.1787 0.2751 0.0484 -0.3910 -0.3331 -0.2399 0.0508 0.1530 -0.2994 -0.3679 -0.2838 -0.1591 0.2560 0.0131 -0.3906 -0.3244 -0.2271 0.1615 0.1313 -0.3402 -0.3613 -0.2752 -0.1369
-0.2676 -0.3623 -0.3351 0.1345 0.1463 -0.2289 -0.3257 -0.3909 0.0186 0.2590 -0.1618 -0.2851 -0.3689 -0.2920 0.1560 0.0374 -0.2414 -0.3340 -0.3908 0.0511 0.2762 -0.1800 -0.2951 -0.3760 -0.2110 0.1834 -0.0639 -0.2555 -0.3455 -0.3820 0.0895 0.2712 -0.2045 -0.3106 -0.3854 -0.0574 0.2280 -0.1351 -0.2746 -0.3617 -0.3336 0.1382 0.1125 -0.2346 -0.3306 -0.3912 0.0465 0.2752 -0.1781 -0.2892 -0.3460 -0.2892 -0.1781 0.2752 0.0465 -0.3912 -0.3306 -0.2346 0.1125 0.1382 -0.3336 -0.3617 -0.2746 -0.1351 0.2280 -0.0574 -0.3854 -0.3106 -0.2045 0.2712 0.0895 -0.3820 -0.3455 -0.2555 -0.0639 0.1834 -0.2110 -0.3760 -0.2951 -0.1800 0.2762 0.0511 -0.3908 -0.3340 -0.2414 0.0374 0.1560 -0.2920 -0.3689 -0.2851 -0.1618 0.2590 0.0186 -0.3909 -0.3257 -0.2289 0.1463 0.1345 -0.3351 -0.3623 -0.2676
-0.3554 -0.3297 0.1377 0.1303 -0.2308 -0.3269 -0.3911 0.0238 0.2619 -0.1644 -0.2864 -0.3698 -0.2839 0.1593 0.0231 -0.2431 -0.3350 -0.3906 0.0542 0.2773 -0.1815 -0.2958 -0.3765 -0.2055 0.1847 -0.0662 -0.2558 -0.3456 -0.3820 0.0892 0.2718 -0.2039 -0.3101 -0.3851 -0.0623 0.2261 -0.1330 -0.2738 -0.3610 -0.3373 0.1358 0.1258 -0.2330 -0.3295 -0.3913 0.0427 0.2739 -0.1783 -0.2938 -0.3747 -0.3904 -0.3747 -0.2938 -0.1783 0.2739 0.0427 -0.3913 -0.3295 -0.2330 0.1258 0.1358 -0.3373 -0.3610 -0.2738 -0.1330 0.2261 -0.0623 -0.3851 -0.3101 -0.2039 0.2718 0.0892 -0.3820 -0.3456 -0.2558 -0.0662 0.1847 -0.2055 -0.3765 -0.2958 -0.1815 0.2773 0.0542 -0.3906 -0.3350 -0.2431 0.0231 0.1593 -0.2839 -0.3698 -0.2864 -0.1644 0.2619 0.0238 -0.3911 -0.3269 -0.2308 0.1303 0.1377 -0.3297 -0.3554
-0.3243 0.1410 0.1137 -0.2327 -0.3282 -0.3912 0.0288 0.2646 -0.1670 -0.2877 -0.3708 -0.2752 0.1626 0.0090 -0.2449 -0.3361 -0.3902 0.0575 0.2783 -0.1832 -0.2967 -0.3770 -0.1983 0.1864 -0.0698 -0.2563 -0.3460 -0.3816 0.0895 0.2718 -0.2037 -0.3098 -0.3849 -0.0660 0.2246 -0.1312 -0.2731 -0.3604 -0.3403 0.1337 0.1371 -0.2316 -0.3285 -0.3913 0.0388 0.2721 -0.1766 -0.2938 -0.3755 -0.2668 0.0780 -0.2668 -0.3755 -0.2938 -0.1766 0.2721 0.0388 -0.3913 -0.3285 -0.2316 0.1371 0.1337 -0.3403 -0.3604 -0.2731 -0.1312 0.2246 -0.0660 -0.3849 -0.3098 -0.2037 0.2718 0.0895 -0.3816 -0.3460 -0.2563 -0.0698 0.1864 -0.1983 -0.3770 -0.2967 -0.1832 0.2783 0.0575 -0.3902 -0.3361 -0.2449 0.0090 0.1626 -0.2752 -0.3708 -0.2877 -0.1670 0.2646 0.0288 -0.3912 -0.3282 -0.2327 0.1137 0.1410 -0.3243
0.1422 0.0968 -0.2346 -0.3294 -0.3913 0.0336 0.2672 -0.1695 -0.2890 -0.3717 -0.2661 0.1658 -0.0042 -0.2467 -0.3373 -0.3897 0.0611 0.2793 -0.1850 -0.2978 -0.3777 -0.1898 0.1885 -0.0741 -0.2571 -0.3465 -0.3810 0.0905 0.2712 -0.2039 -0.3098 -0.3849 -0.0681 0.2236 -0.1298 -0.2725 -0.3599 -0.3428 0.1320 0.1467 -0.2304 -0.3276 -0.3913 0.0352 0.2703 -0.1747 -0.2930 -0.3751 -0.2297 0.1626 0.2787 0.1626 -0.2297 -0.3751 -0.2930 -0.1747 0.2703 0.0352 -0.3913 -0.3276 -0.2304 0.1467 0.1320 -0.3428 -0.3599 -0.2725 -0.1298 0.2236 -0.0681 -0.3849 -0.3098 -0.2039 0.2712 0.0905 -0.3810 -0.3465 -0.2571 -0.0741 0.1885 -0.1898 -0.3777 -0.2978 -0.1850 0.2793 0.0611 -0.3897 -0.3373 -0.2467 -0.0042 0.1658 -0.2661 -0.3717 -0.2890 -0.1695 0.2672 0.0336 -0.3913 -0.3294 -0.2346 0.0968 0.1422
0.0781 -0.2364 -0.3306 -0.3913 0.0382 0.2697 -0.1720 -0.2903 -0.3726 -0.2565 0.1689 -0.0164 -0.2482 -0.3385 -0.3891 0.0649 0.2801 -0.1871 -0.2989 -0.3783 -0.1803 0.1909 -0.0787 -0.2579 -0.3472 -0.3801 0.0920 0.2699 -0.2045 -0.3101 -0.3849 -0.0681 0.2233 -0.1291 -0.2721 -0.3595 -0.3449 0.1305 0.1544 -0.2293 -0.3269 -0.3912 0.0319 0.2685 -0.1729 -0.2920 -0.3745 -0.2275 0.1771 -0.0009 -0.1995 -0.0009 0.1771 -0.2275 -0.3745 -0.2920 -0.1729 0.2685 0.0319 -0.3912 -0.3269 -0.2293 0.1544 0.1305 -0.3449 -0.3595 -0.2721 -0.1291 0.2233 -0.0681 -0.3849 -0.3101 -0.2045 0.2699 0.0920 -0.3801 -0.3472 -0.2579 -0.0787 0.1909 -0.1803 -0.3783 -0.2989 -0.1871 0.2801 0.0649 -0.3891 -0.3385 -0.2482 -0.0164 0.1689 -0.2565 -0.3726 -0.2903 -0.1720 0.2697 0.0382 -0.3913 -0.3306 -0.2364 0.0781
-0.2297 -0.3318 -0.3912 0.0426 0.2719 -0.1744 -0.2916 -0.3735 -0.2464 0.1721 -0.0276 -0.2495 -0.3397 -0.3883 0.0686 0.2805 -0.1892 -0.3001 -0.3791 -0.1697 0.1935 -0.0835 -0.2588 -0.3479 -0.3790 0.0938 0.2679 -0.2054 -0.3106 -0.3851 -0.0660 0.2236 -0.1291 -0.2720 -0.3593 -0.3463 0.1293 0.1607 -0.2285 -0.3263 -0.3911 0.0290 0.2669 -0.1712 -0.2911 -0.3739 -0.2335 0.1779 -0.0444 -0.2464 -0.3046 -0.2464 -0.0444 0.1779 -0.2335 -0.3739 -0.2911 -0.1712 0.2669 0.0290 -0.3911 -0.3263 -0.2285 0.1607 0.1293 -0.3463 -0.3593 -0.2720 -0.1291 0.2236 -0.0660 -0.3851 -0.3106 -0.2054 0.2679 0.0938 -0.3790 -0.3479 -0.2588 -0.0835 0.1935 -0.1697 -0.3791 -0.3001 -0.1892 0.2805 0.0686 -0.3883 -0.3397 -0.2495 -0.0276 0.1721 -0.2464 -0.3735 -0.2916 -0.1744 0.2719 0.0426 -0.3912 -0.3318 -0.2297
-0.3246 -0.3911 0.0469 0.2740 -0.1767 -0.2929 -0.3744 -0.2358 0.1752 -0.0379 -0.2509 -0.3409 -0.3875 0.0722 0.2806 -0.1913 -0.3014 -0.3798 -0.1578 0.1964 -0.0888 -0.2599 -0.3488 -0.3777 0.0959 0.2654 -0.2065 -0.3112 -0.3854 -0.0623 0.2246 -0.1298 -0.2721 -0.3593 -0.3467 0.1286 0.1651 -0.2278 -0.3258 -0.3911 0.0265 0.2654 -0.1697 -0.2902 -0.3733 -0.2404 0.1763 -0.0471 -0.2519 -0.3391 -0.3880 -0.3391 -0.2519 -0.0471 0.1763 -0.2404 -0.3733 -0.2902 -0.1697 0.2654 0.0265 -0.3911 -0.3258 -0.2278 0.1651 0.1286 -0.3467 -0.3593 -0.2721 -0.1298 0.2246 -0.0623 -0.3854 -0.3112 -0.2065 0.2654 0.0959 -0.3777 -0.3488 -0.2599 -0.0888 0.1964 -0.1578 -0.3798 -0.3014 -0.1913 0.2806 0.0722 -0.3875 -0.3409 -0.2509 -0.0379 0.1752 -0.2358 -0.3744 -0.2929 -0.1767 0.2740 0.0469 -0.3911 -0.3246
-0.3853 0.0511 0.2758 -0.1791 -0.2942 -0.3753 -0.2248 0.1784 -0.0474 -0.2523 -0.3421 -0.3865 0.0757 0.2802 -0.1934 -0.3027 -0.3806 -0.1453 0.1996 -0.0942 -0.2611 -0.3497 -0.3760 0.0983 0.2621 -0.2077 -0.3120 -0.3857 -0.0574 0.2261 -0.1312 -0.2725 -0.3595 -0.3463 0.1286 0.1666 -0.2275 -0.3254 -0.3910 0.0245 0.2642 -0.1685 -0.2895 -0.3727 -0.2468 0.1744 -0.0430 -0.2524 -0.3424 -0.3903 -0.1290 -0.3903 -0.3424 -0.2524 -0.0430 0.1744 -0.2468 -0.3727 -0.2895 -0.1685 0.2642 0.0245 -0.3910 -0.3254 -0.2275 0.1666 0.1286 -0.3463 -0.3595 -0.2725 -0.1312 0.2261 -0.0574 -0.3857 -0.3120 -0.2077 0.2621 0.0983 -0.3760 -0.3497 -0.2611 -0.0942 0.1996 -0.1453 -0.3806 -0.3027 -0.1934 0.2802 0.0757 -0.3865 -0.3421 -0.2523 -0.0474 0.1784 -0.2248 -0.3753 -0.2942 -0.1791 0.2758 0.0511 -0.3853
0.0520 0.2774 -0.1813 -0.2955 -0.3761 -0.2135 0.1816 -0.0562 -0.2536 -0.3433 -0.3854 0.0792 0.2793 -0.1955 -0.3040 -0.3813 -0.1328 0.2029 -0.0997 -0.2624 -0.3508 -0.3740 0.1011 0.2579 -0.2092 -0.3128 -0.3861 -0.0516 0.2280 -0.1330 -0.2731 -0.3599 -0.3449 0.1293 0.1651 -0.2275 -0.3253 -0.3909 0.0231 0.2633 -0.1675 -0.2889 -0.3723 -0.2524 0.1727 -0.0376 -0.2519 -0.3425 -0.3864 0.0617 0.1999 0.0617 -0.3864 -0.3425 -0.2519 -0.0376 0.1727 -0.2524 -0.3723 -0.2889 -0.1675 0.2633 0.0231 -0.3909 -0.3253 -0.2275 0.1651 0.1293 -0.3449 -0.3599 -0.2731 -0.1330 0.2280 -0.0516 -0.3861 -0.3128 -0.2092 0.2579 0.1011 -0.3740 -0.3508 -0.2624 -0.0997 0.2029 -0.1328 -0.3813 -0.3040 -0.1955 0.2793 0.0792 -0.3854 -0.3433 -0.2536 -0.0562 0.1816 -0.2135 -0.3761 -0.2955 -0.1813 0.2774 0.0520
0.2765 -0.1836 -0.2968 -0.3770 -0.2017 0.1848 -0.0642 -0.2550 -0.3444 -0.3841 0.0826 0.2779 -0.1976 -0.3053 -0.3821 -0.1204 0.2062 -0.1048 -0.2638 -0.3519 -0.3716 0.1041 0.2524 -0.2109 -0.3139 -0.3866 -0.0452 0.2301 -0.1351 -0.2738 -0.3604 -0.3428 0.1305 0.1607 -0.2278 -0.3254 -0.3909 0.0226 0.2627 -0.1668 -0.2885 -0.3719 -0.2569 0.1711 -0.0324 -0.2512 -0.3420 -0.3860 0.0762 0.2799 -0.1000 0.2799 0.0762 -0.3860 -0.3420 -0.2512 -0.0324 0.1711 -0.2569 -0.3719 -0.2885 -0.1668 0.2627 0.0226 -0.3909 -0.3254 -0.2278 0.1607 0.1305 -0.3428 -0.3604 -0.2738 -0.1351 0.2301 -0.0452 -0.3866 -0.3139 -0.2109 0.2524 0.1041 -0.3716 -0.3519 -0.2638 -0.1048 0.2062 -0.1204 -0.3821 -0.3053 -0.1976 0.2779 0.0826 -0.3841 -0.3444 -0.2550 -0.0642 0.1848 -0.2017 -0.3770 -0.2968 -0.1836 0.2765
-0.1813 -0.2981 -0.3778 -0.1896 0.1880 -0.0717 -0.2563 -0.3456 -0.3827 0.0860 0.2759 -0.1996 -0.3066 -0.3828 -0.1083 0.2096 -0.1096 -0.2651 -0.3531 -0.3689 0.1073 0.2458 -0.2127 -0.3150 -0.3871 -0.0384 0.2325 -0.1375 -0.2746 -0.3610 -0.3403 0.1320 0.1544 -0.2285 -0.3258 -0.3910 0.0231 0.2627 -0.1665 -0.2882 -0.3716 -0.2603 0.1698 -0.0277 -0.2505 -0.3415 -0.3863 0.0780 0.2800 -0.1862 -0.2625 -0.1862 0.2800 0.0780 -0.3863 -0.3415 -0.2505 -0.0277 0.1698 -0.2603 -0.3716 -0.2882 -0.1665 0.2627 0.0231 -0.3910 -0.3258 -0.2285 0.1544 0.1320 -0.3403 -0.3610 -0.2746 -0.1375 0.2325 -0.0384 -0.3871 -0.3150 -0.2127 0.2458 0.1073 -0.3689 -0.3531 -0.2651 -0.1096 0.2096 -0.1083 -0.3828 -0.3066 -0.1996 0.2759 0.0860 -0.3827 -0.3456 -0.2563 -0.0717 0.1880 -0.1896 -0.3778 -0.2981 -0.1813
-0.2907 -0.3786 -0.1773 0.1913 -0.0786 -0.2577 -0.3468 -0.3811 0.0893 0.2734 -0.2016 -0.3078 -0.3835 -0.0966 0.2129 -0.1142 -0.2664 -0.3542 -0.3660 0.1104 0.2380 -0.2145 -0.3162 -0.3876 -0.0313 0.2352 -0.1400 -0.2756 -0.3617 -0.3373 0.1337 0.1467 -0.2293 -0.3263 -0.3911 0.0245 0.2633 -0.1668 -0.2882 -0.3715 -0.2622 0.1690 -0.0239 -0.2500 -0.3410 -0.3867 0.0772 0.2794 -0.1948 -0.2991 -0.3552 -0.2991 -0.1948 0.2794 0.0772 -0.3867 -0.3410 -0.2500 -0.0239 0.1690 -0.2622 -0.3715 -0.2882 -0.1668 0.2633 0.0245 -0.3911 -0.3263 -0.2293 0.1467 0.1337 -0.3373 -0.3617 -0.2756 -0.1400 0.2352 -0.0313 -0.3876 -0.3162 -0.2145 0.2380 0.1104 -0.3660 -0.3542 -0.2664 -0.1142 0.2129 -0.0966 -0.3835 -0.3078 -0.2016 0.2734 0.0893 -0.3811 -0.3468 -0.2577 -0.0786 0.1913 -0.1773 -0.3786 -0.2907
-0.3721 -0.1648 0.1945 -0.0851 -0.2590 -0.3479 -0.3793 0.0926 0.2702 -0.2037 -0.3091 -0.3842 -0.0853 0.2162 -0.1185 -0.2678 -0.3553 -0.3629 0.1136 0.2293 -0.2165 -0.3174 -0.3881 -0.0238 0.2382 -0.1428 -0.2766 -0.3625 -0.3336 0.1358 0.1371 -0.2304 -0.3269 -0.3911 0.0265 0.2642 -0.1675 -0.2885 -0.3716 -0.2622 0.1686 -0.0216 -0.2496 -0.3406 -0.3871 0.0759 0.2796 -0.1959 -0.3040 -0.3816 -0.3754 -0.3816 -0.3040 -0.1959 0.2796 0.0759 -0.3871 -0.3406 -0.2496 -0.0216 0.1686 -0.2622 -0.3716 -0.2885 -0.1675 0.2642 0.0265 -0.3911 -0.3269 -0.2304 0.1371 0.1358 -0.3336 -0.3625 -0.2766 -0.1428 0.2382 -0.0238 -0.3881 -0.3174 -0.2165 0.2293 0.1136 -0.3629 -0.3553 -0.2678 -0.1185 0.2162 -0.0853 -0.3842 -0.3091 -0.2037 0.2702 0.0926 -0.3793 -0.3479 -0.2590 -0.0851 0.1945 -0.1648 -0.3721
-0.1596 0.1978 -0.0911 -0.2604 -0.3491 -0.3774 0.0959 0.2662 -0.2056 -0.3104 -0.3848 -0.0744 0.2196 -0.1226 -0.2691 -0.3564 -0.3595 0.1168 0.2196 -0.2184 -0.3187 -0.3886 -0.0163 0.2414 -0.1458 -0.2778 -0.3633 -0.3292 0.1382 0.1258 -0.2316 -0.3276 -0.3912 0.0290 0.2654 -0.1685 -0.2889 -0.3719 -0.2603 0.1690 -0.0216 -0.2495 -0.3403 -0.3874 0.0748 0.2799 -0.1956 -0.3046 -0.3820 -0.1788 0.1032 -0.1788 -0.3820 -0.3046 -0.1956 0.2799 0.0748 -0.3874 -0.3403 -0.2495 -0.0216 0.1690 -0.2603 -0.3719 -0.2889 -0.1685 0.2654 0.0290 -0.3912 -0.3276 -0.2316 0.1258 0.1382 -0.3292 -0.3633 -0.2778 -0.1458 0.2414 -0.0163 -0.3886 -0.3187 -0.2184 0.2196 0.1168 -0.3595 -0.3564 -0.2691 -0.1226 0.2196 -0.0744 -0.3848 -0.3104 -0.2056 0.2662 0.0959 -0.3774 -0.3491 -0.2604 -0.0911 0.1978 -0.1596
0.1995 -0.0967 -0.2617 -0.3502 -0.3753 0.0991 0.2615 -0.2076 -0.3117 -0.3855 -0.0641 0.2229 -0.1266 -0.2704 -0.3574 -0.3559 0.1199 0.2088 -0.2203 -0.3199 -0.3891 -0.0093 0.2447 -0.1488 -0.2791 -0.3643 -0.3240 0.1409 0.1125 -0.2330 -0.3285 -0.3913 0.0319 0.2669 -0.1697 -0.2895 -0.3723 -0.2569 0.1698 -0.0239 -0.2496 -0.3403 -0.3875 0.0742 0.2801 -0.1950 -0.3045 -0.3820 -0.1278 0.1889 0.2528 0.1889 -0.1278 -0.3820 -0.3045 -0.1950 0.2801 0.0742 -0.3875 -0.3403 -0.2496 -0.0239 0.1698 -0.2569 -0.3723 -0.2895 -0.1697 0.2669 0.0319 -0.3913 -0.3285 -0.2330 0.1125 0.1409 -0.3240 -0.3643 -0.2791 -0.1488 0.2447 -0.0093 -0.3891 -0.3199 -0.2203 0.2088 0.1199 -0.3559 -0.3574 -0.2704 -0.1266 0.2229 -0.0641 -0.3855 -0.3117 -0.2076 0.2615 0.0991 -0.3753 -0.3502 -0.2617 -0.0967 0.1995
-0.1004 -0.2630 -0.3513 -0.3730 0.1023 0.2560 -0.2096 -0.3129 -0.3861 -0.0543 0.2263 -0.1304 -0.2718 -0.3585 -0.3519 0.1231 0.1970 -0.2222 -0.3212 -0.3896 -0.0026 0.2479 -0.1518 -0.2804 -0.3653 -0.3179 0.1440 0.0973 -0.2346 -0.3295 -0.3913 0.0352 0.2685 -0.1712 -0.2902 -0.3727 -0.2524 0.1711 -0.0277 -0.2500 -0.3406 -0.3874 0.0742 0.2801 -0.1947 -0.3042 -0.3819 -0.1189 0.2053 -0.0801 -0.2146 -0.0801 0.2053 -0.1189 -0.3819 -0.3042 -0.1947 0.2801 0.0742 -0.3874 -0.3406 -0.2500 -0.0277 0.1711 -0.2524 -0.3727 -0.2902 -0.1712 0.2685 0.0352 -0.3913 -0.3295 -0.2346 0.0973 0.1440 -0.3179 -0.3653 -0.2804 -0.1518 0.2479 -0.0026 -0.3896 -0.3212 -0.2222 0.1970 0.1231 -0.3519 -0.3585 -0.2718 -0.1304 0.2263 -0.0543 -0.3861 -0.3129 -0.2096 0.2560 0.1023 -0.3730 -0.3513 -0.2630 -0.1004
-0.2552 -0.3524 -0.3704 0.1055 0.2497 -0.2115 -0.3142 -0.3867 -0.0451 0.2296 -0.1340 -0.2731 -0.3596 -0.3477 0.1262 0.1841 -0.2241 -0.3224 -0.3900 0.0037 0.2511 -0.1547 -0.2817 -0.3663 -0.3113 0.1473 0.0807 -0.2363 -0.3306 -0.3913 0.0388 0.2703 -0.1729 -0.2911 -0.3733 -0.2468 0.1727 -0.0324 -0.2505 -0.3410 -0.3871 0.0748 0.2801 -0.1947 -0.3041 -0.3818 -0.1183 0.2079 -0.1051 -0.2584 -0.3161 -0.2584 -0.1051 0.2079 -0.1183 -0.3818 -0.3041 -0.1947 0.2801 0.0748 -0.3871 -0.3410 -0.2505 -0.0324 0.1727 -0.2468 -0.3733 -0.2911 -0.1729 0.2703 0.0388 -0.3913 -0.3306 -0.2363 0.0807 0.1473 -0.3113 -0.3663 -0.2817 -0.1547 0.2511 0.0037 -0.3900 -0.3224 -0.2241 0.1841 0.1262 -0.3477 -0.3596 -0.2731 -0.1340 0.2296 -0.0451 -0.3867 -0.3142 -0.2115 0.2497 0.1055 -0.3704 -0.3524 -0.2552
-0.3454 -0.3677 0.1087 0.2425 -0.2135 -0.3155 -0.3873 -0.0364 0.2330 -0.1374 -0.2744 -0.3606 -0.3431 0.1294 0.1704 -0.2259 -0.3237 -0.3904 0.0096 0.2542 -0.1575 -0.2830 -0.3673 -0.3043 0.1505 0.0641 -0.2382 -0.3318 -0.3912 0.0427 0.2721 -0.1747 -0.2920 -0.3739 -0.2404 0.1744 -0.0376 -0.2512 -0.3415 -0.3867 0.0759 0.2799 -0.1950 -0.3042 -0.3818 -0.1186 0.2083 -0.1092 -0.2644 -0.3501 -0.3941 -0.3501 -0.2644 -0.1092 0.2083 -0.1186 -0.3818 -0.3042 -0.1950 0.2799 0.0759 -0.3867 -0.3415 -0.2512 -0.0376 0.1744 -0.2404 -0.3739 -0.2920 -0.1747 0.2721 0.0427 -0.3912 -0.3318 -0.2382 0.0641 0.1505 -0.3043 -0.3673 -0.2830 -0.1575 0.2542 0.0096 -0.3904 -0.3237 -0.2259 0.1704 0.1294 -0.3431 -0.3606 -0.2744 -0.1374 0.2330 -0.0364 -0.3873 -0.3155 -0.2135 0.2425 0.1087 -0.3677 -0.3454
-0.3625 0.1117 0.2347 -0.2153 -0.3167 -0.3878 -0.0286 0.2361 -0.1406 -0.2757 -0.3617 -0.3385 0.1324 0.1564 -0.2277 -0.3249 -0.3907 0.0150 0.2571 -0.1601 -0.2843 -0.3683 -0.2972 0.1537 0.0486 -0.2400 -0.3329 -0.3911 0.0465 0.2739 -0.1766 -0.2930 -0.3745 -0.2335 0.1763 -0.0430 -0.2519 -0.3420 -0.3863 0.0772 0.2796 -0.1956 -0.3045 -0.3819 -0.1183 0.2083 -0.1098 -0.2655 -0.3534 -0.3783 -0.0327 -0.3783 -0.3534 -0.2655 -0.1098 0.2083 -0.1183 -0.3819 -0.3045 -0.1956 0.2796 0.0772 -0.3863 -0.3420 -0.2519 -0.0430 0.1763 -0.2335 -0.3745 -0.2930 -0.1766 0.2739 0.0465 -0.3911 -0.3329 -0.2400 0.0486 0.1537 -0.2972 -0.3683 -0.2843 -0.1601 0.2571 0.0150 -0.3907 -0.3249 -0.2277 0.1564 0.1324 -0.3385 -0.3617 -0.2757 -0.1406 0.2361 -0.0286 -0.3878 -0.3167 -0.2153 0.2347 0.1117 -0.3625
0.1117 0.2280 -0.2168 -0.3177 -0.3882 -0.0228 0.2386 -0.1431 -0.2767 -0.3625 -0.3346 0.1347 0.1449 -0.2292 -0.3259 -0.3909 0.0190 0.2593 -0.1621 -0.2853 -0.3691 -0.2913 0.1560 0.0369 -0.2414 -0.3339 -0.3909 0.0496 0.2752 -0.1783 -0.2938 -0.3751 -0.2275 0.1779 -0.0471 -0.2524 -0.3425 -0.3860 0.0780 0.2794 -0.1959 -0.3046 -0.3820 -0.1189 0.2079 -0.1092 -0.2655 -0.3539 -0.3688 0.0936 0.2308 0.0936 -0.3688 -0.3539 -0.2655 -0.1092 0.2079 -0.1189 -0.3820 -0.3046 -0.1959 0.2794 0.0780 -0.3860 -0.3425 -0.2524 -0.0471 0.1779 -0.2275 -0.3751 -0.2938 -0.1783 0.2752 0.0496 -0.3909 -0.3339 -0.2414 0.0369 0.1560 -0.2913 -0.3691 -0.2853 -0.1621 0.2593 0.0190 -0.3909 -0.3259 -0.2292 0.1449 0.1347 -0.3346 -0.3625 -0.2767 -0.1431 0.2386 -0.0228 -0.3882 -0.3177 -0.2168 0.2280 0.1117
0.2264 -0.2167 -0.3177 -0.3883 -0.0237 0.2382 -0.1427 -0.2765 -0.3629 -0.3351 0.1340 0.1468 -0.2291 -0.3260 -0.3908 0.0183 0.2590 -0.1618 -0.2852 -0.3694 -0.2922 0.1551 0.0388 -0.2413 -0.3341 -0.3909 0.0490 0.2751 -0.1781 -0.2938 -0.3755 -0.2297 0.1771 -0.0444 -0.2519 -0.3424 -0.3864 0.0762 0.2800 -0.1948 -0.3040 -0.3820 -0.1278 0.2053 -0.1051 -0.2644 -0.3534 -0.3688 0.1050 0.2713 -0.1370 0.2713 0.1050 -0.3688 -0.3534 -0.2644 -0.1051 0.2053 -0.1278 -0.3820 -0.3040 -0.1948 0.2800 0.0762 -0.3864 -0.3424 -0.2519 -0.0444 0.1771 -0.2297 -0.3755 -0.2938 -0.1781 0.2751 0.0490 -0.3909 -0.3341 -0.2413 0.0388 0.1551 -0.2922 -0.3694 -0.2852 -0.1618 0.2590 0.0183 -0.3908 -0.3260 -0.2291 0.1468 0.1340 -0.3351 -0.3629 -0.2765 -0.1427 0.2382 -0.0237 -0.3883 -0.3177 -0.2167 0.2264
-0.2036 -0.3137 -0.3892 -0.0551 0.2239 -0.1296 -0.2716 -0.3610 -0.3518 0.1213 0.2008 -0.2224 -0.3222 -0.3920 -0.0033 0.2468 -0.1513 -0.2804 -0.3682 -0.3180 0.1416 0.1027 -0.2349 -0.3306 -0.3928 0.0326 0.2667 -0.1691 -0.2892 -0.3747 -0.2668 0.1626 -0.0009 -0.2464 -0.3391 -0.3903 0.0617 0.2799 -0.1862 -0.2991 -0.3816 -0.1788 0.1889 -0.0801 -0.2584 -0.3501 -0.3783 0.0936 0.2713 -0.1958 -0.2681 -0.1958 0.2713 0.0936 -0.3783 -0.3501 -0.2584 -0.0801 0.1889 -0.1788 -0.3816 -0.2991 -0.1862 0.2799 0.0617 -0.3903 -0.3391 -0.2464 -0.0009 0.1626 -0.2668 -0.3747 -0.2892 -0.1691 0.2667 0.0326 -0.3928 -0.3306 -0.2349 0.1027 0.1416 -0.3180 -0.3682 -0.2804 -0.1513 0.2468 -0.0033 -0.3920 -0.3222 -0.2224 0.2008 0.1213 -0.3518 -0.3610 -0.2716 -0.1296 0.2239 -0.0551 -0.3892 -0.3137 -0.2036
-0.2693 -0.3686 -0.3293 0.1358 0.1348 -0.2320 -0.3291 -0.3974 0.0259 0.2595 -0.1671 -0.2868 -0.3756 -0.2814 0.1563 0.0272 -0.2428 -0.3377 -0.3961 0.0545 0.2748 -0.1840 -0.2956 -0.3821 -0.2138 0.1772 -0.0505 -0.2525 -0.3460 -0.3904 0.0780 0.2787 -0.1995 -0.3046 -0.3880 -0.1290 0.1999 -0.1000 -0.2625 -0.3552 -0.3754 0.1032 0.2528 -0.2146 -0.3161 -0.3941 -0.0327 0.2308 -0.1370 -0.2681 -0.3271 -0.2681 -0.1370 0.2308 -0.0327 -0.3941 -0.3161 -0.2146 0.2528 0.1032 -0.3754 -0.3552 -0.2625 -0.1000 0.1999 -0.1290 -0.3880 -0.3046 -0.1995 0.2787 0.0780 -0.3904 -0.3460 -0.2525 -0.0505 0.1772 -0.2138 -0.3821 -0.2956 -0.1840 0.2748 0.0545 -0.3961 -0.3377 -0.2428 0.0272 0.1563 -0.2814 -0.3756 -0.2868 -0.1671 0.2595 0.0259 -0.3974 -0.3291 -0.2320 0.1348 0.1358 -0.3293 -0.3686 -0.2693
