0.0001 0.0009 0.0134 0.2001 1.0000 1.0000 0.0003 0.0049 0.0729 1.0000 1.0000 0.0001 0.0018 0.0264 0.3923 1.0000 0.0000 0.0006 0.0096 0.1421 1.0000 1.0000 0.0002 0.0035 0.0515 0.7648 1.0000 0.0001 0.0013 0.0186 0.2770 1.0000 1.0000 0.0005 0.0068 0.1003 1.0000 1.0000 0.0002 0.0024 0.0363 0.5400 1.0000 0.0001 0.0009 0.0131 0.1948 1.0000 1.0000 0.0003 0.0013 0.0003 1.0000 1.0000 0.1948 0.0131 0.0009 0.0001 1.0000 0.5400 0.0363 0.0024 0.0002 1.0000 1.0000 0.1003 0.0068 0.0005 1.0000 1.0000 0.2770 0.0186 0.0013 0.0001 1.0000 0.7648 0.0515 0.0035 0.0002 1.0000 1.0000 0.1421 0.0096 0.0006 0.0000 1.0000 0.3923 0.0264 0.0018 0.0001 1.0000 1.0000 0.0729 0.0049 0.0003 1.0000 1.0000 0.2001 0.0134 0.0009 0.0001
0.0009 0.0135 0.1997 1.0000 1.0000 0.0003 0.0049 0.0721 1.0000 1.0000 0.0001 0.0018 0.0261 0.3879 1.0000 0.0000 0.0006 0.0095 0.1405 1.0000 1.0000 0.0002 0.0034 0.0509 0.7561 1.0000 0.0001 0.0012 0.0184 0.2739 1.0000 1.0000 0.0004 0.0067 0.0992 1.0000 1.0000 0.0002 0.0024 0.0359 0.5339 1.0000 0.0001 0.0009 0.0130 0.1934 1.0000 1.0000 0.0003 0.0037 0.0196 0.0037 0.0003 1.0000 1.0000 0.1934 0.0130 0.0009 0.0001 1.0000 0.5339 0.0359 0.0024 0.0002 1.0000 1.0000 0.0992 0.0067 0.0004 1.0000 1.0000 0.2739 0.0184 0.0012 0.0001 1.0000 0.7561 0.0509 0.0034 0.0002 1.0000 1.0000 0.1405 0.0095 0.0006 0.0000 1.0000 0.3879 0.0261 0.0018 0.0001 1.0000 1.0000 0.0721 0.0049 0.0003 1.0000 1.0000 0.1997 0.0135 0.0009
0.0134 0.1997 1.0000 1.0000 0.0003 0.0047 0.0696 1.0000 1.0000 0.0001 0.0017 0.0251 0.3734 1.0000 0.0000 0.0006 0.0091 0.1352 1.0000 1.0000 0.0002 0.0033 0.0490 0.7279 1.0000 0.0001 0.0012 0.0177 0.2636 1.0000 1.0000 0.0004 0.0064 0.0955 1.0000 1.0000 0.0002 0.0023 0.0346 0.5139 1.0000 0.0001 0.0008 0.0125 0.1862 1.0000 1.0000 0.0003 0.0043 0.0535 0.2791 0.0535 0.0043 0.0003 1.0000 1.0000 0.1862 0.0125 0.0008 0.0001 1.0000 0.5139 0.0346 0.0023 0.0002 1.0000 1.0000 0.0955 0.0064 0.0004 1.0000 1.0000 0.2636 0.0177 0.0012 0.0001 1.0000 0.7279 0.0490 0.0033 0.0002 1.0000 1.0000 0.1352 0.0091 0.0006 0.0000 1.0000 0.3734 0.0251 0.0017 0.0001 1.0000 1.0000 0.0696 0.0047 0.0003 1.0000 1.0000 0.1997 0.0134
0.2001 1.0000 1.0000 0.0003 0.0046 0.0678 1.0000 1.0000 0.0001 0.0016 0.0242 0.3601 1.0000 0.0000 0.0006 0.0088 0.1302 1.0000 1.0000 0.0002 0.0032 0.0472 0.7007 1.0000 0.0001 0.0011 0.0171 0.2538 1.0000 1.0000 0.0004 0.0062 0.0919 1.0000 1.0000 0.0002 0.0022 0.0333 0.4948 1.0000 0.0001 0.0008 0.0121 0.1792 1.0000 1.0000 0.0003 0.0043 0.0615 0.7648 1.0000 0.7648 0.0615 0.0043 0.0003 1.0000 1.0000 0.1792 0.0121 0.0008 0.0001 1.0000 0.4948 0.0333 0.0022 0.0002 1.0000 1.0000 0.0919 0.0062 0.0004 1.0000 1.0000 0.2538 0.0171 0.0011 0.0001 1.0000 0.7007 0.0472 0.0032 0.0002 1.0000 1.0000 0.1302 0.0088 0.0006 0.0000 1.0000 0.3601 0.0242 0.0016 0.0001 1.0000 1.0000 0.0678 0.0046 0.0003 1.0000 1.0000 0.2001
1.0000 1.0000 0.0003 0.0046 0.0672 0.9849 1.0000 0.0001 0.0016 0.0235 0.3480 1.0000 0.0000 0.0006 0.0085 0.1253 1.0000 1.0000 0.0002 0.0031 0.0454 0.6746 1.0000 0.0001 0.0011 0.0164 0.2443 1.0000 1.0000 0.0004 0.0060 0.0885 1.0000 1.0000 0.0001 0.0022 0.0321 0.4763 1.0000 0.0001 0.0008 0.0116 0.1725 1.0000 1.0000 0.0003 0.0042 0.0618 0.8804 1.0000 1.0000 1.0000 0.8804 0.0618 0.0042 0.0003 1.0000 1.0000 0.1725 0.0116 0.0008 0.0001 1.0000 0.4763 0.0321 0.0022 0.0001 1.0000 1.0000 0.0885 0.0060 0.0004 1.0000 1.0000 0.2443 0.0164 0.0011 0.0001 1.0000 0.6746 0.0454 0.0031 0.0002 1.0000 1.0000 0.1253 0.0085 0.0006 0.0000 1.0000 0.3480 0.0235 0.0016 0.0001 1.0000 0.9849 0.0672 0.0046 0.0003 1.0000 1.0000
1.0000 0.0003 0.0047 0.0678 0.9849 1.0000 0.0001 0.0015 0.0228 0.3382 1.0000 1.0000 0.0005 0.0082 0.1209 1.0000 1.0000 0.0002 0.0029 0.0437 0.6494 1.0000 0.0001 0.0011 0.0158 0.2352 1.0000 1.0000 0.0004 0.0057 0.0852 1.0000 1.0000 0.0001 0.0021 0.0309 0.4585 1.0000 0.0001 0.0008 0.0112 0.1661 1.0000 1.0000 0.0003 0.0040 0.0600 0.8837 1.0000 0.0001 0.0004 0.0001 1.0000 0.8837 0.0600 0.0040 0.0003 1.0000 1.0000 0.1661 0.0112 0.0008 0.0001 1.0000 0.4585 0.0309 0.0021 0.0001 1.0000 1.0000 0.0852 0.0057 0.0004 1.0000 1.0000 0.2352 0.0158 0.0011 0.0001 1.0000 0.6494 0.0437 0.0029 0.0002 1.0000 1.0000 0.1209 0.0082 0.0005 1.0000 1.0000 0.3382 0.0228 0.0015 0.0001 1.0000 0.9849 0.0678 0.0047 0.0003 1.0000
0.0003 0.0049 0.0696 1.0000 1.0000 0.0001 0.0015 0.0225 0.3312 1.0000 1.0000 0.0005 0.0079 0.1170 1.0000 1.0000 0.0002 0.0028 0.0421 0.6252 1.0000 0.0001 0.0010 0.0152 0.2264 1.0000 1.0000 0.0004 0.0055 0.0820 1.0000 1.0000 0.0001 0.0020 0.0297 0.4414 1.0000 0.0000 0.0007 0.0108 0.1599 1.0000 1.0000 0.0003 0.0039 0.0579 0.8589 1.0000 0.0001 0.0011 0.0058 0.0011 0.0001 1.0000 0.8589 0.0579 0.0039 0.0003 1.0000 1.0000 0.1599 0.0108 0.0007 0.0000 1.0000 0.4414 0.0297 0.0020 0.0001 1.0000 1.0000 0.0820 0.0055 0.0004 1.0000 1.0000 0.2264 0.0152 0.0010 0.0001 1.0000 0.6252 0.0421 0.0028 0.0002 1.0000 1.0000 0.1170 0.0079 0.0005 1.0000 1.0000 0.3312 0.0225 0.0015 0.0001 1.0000 1.0000 0.0696 0.0049 0.0003
0.0049 0.0721 1.0000 1.0000 0.0001 0.0015 0.0225 0.3293 1.0000 1.0000 0.0005 0.0077 0.1137 1.0000 1.0000 0.0002 0.0027 0.0406 0.6030 1.0000 0.0001 0.0010 0.0147 0.2180 1.0000 1.0000 0.0004 0.0053 0.0790 1.0000 1.0000 0.0001 0.0019 0.0286 0.4249 1.0000 0.0000 0.0007 0.0104 0.1539 1.0000 1.0000 0.0003 0.0038 0.0557 0.8284 1.0000 0.0001 0.0013 0.0160 0.0836 0.0160 0.0013 0.0001 1.0000 0.8284 0.0557 0.0038 0.0003 1.0000 1.0000 0.1539 0.0104 0.0007 0.0000 1.0000 0.4249 0.0286 0.0019 0.0001 1.0000 1.0000 0.0790 0.0053 0.0004 1.0000 1.0000 0.2180 0.0147 0.0010 0.0001 1.0000 0.6030 0.0406 0.0027 0.0002 1.0000 1.0000 0.1137 0.0077 0.0005 1.0000 1.0000 0.3293 0.0225 0.0015 0.0001 1.0000 1.0000 0.0721 0.0049
0.0729 1.0000 1.0000 0.0001 0.0016 0.0228 0.3312 1.0000 1.0000 0.0005 0.0076 0.1112 1.0000 1.0000 0.0002 0.0027 0.0393 0.5827 1.0000 0.0001 0.0010 0.0141 0.2098 1.0000 1.0000 0.0003 0.0051 0.0760 1.0000 1.0000 0.0001 0.0019 0.0275 0.4091 1.0000 0.0000 0.0007 0.0100 0.1482 1.0000 1.0000 0.0002 0.0036 0.0537 0.7975 1.0000 0.0001 0.0013 0.0184 0.2290 1.0000 0.2290 0.0184 0.0013 0.0001 1.0000 0.7975 0.0537 0.0036 0.0002 1.0000 1.0000 0.1482 0.0100 0.0007 0.0000 1.0000 0.4091 0.0275 0.0019 0.0001 1.0000 1.0000 0.0760 0.0051 0.0003 1.0000 1.0000 0.2098 0.0141 0.0010 0.0001 1.0000 0.5827 0.0393 0.0027 0.0002 1.0000 1.0000 0.1112 0.0076 0.0005 1.0000 1.0000 0.3312 0.0228 0.0016 0.0001 1.0000 1.0000 0.0729
1.0000 1.0000 0.0001 0.0016 0.0235 0.3382 1.0000 1.0000 0.0005 0.0075 0.1097 1.0000 1.0000 0.0002 0.0026 0.0382 0.5641 1.0000 0.0001 0.0009 0.0136 0.2024 1.0000 1.0000 0.0003 0.0049 0.0732 1.0000 1.0000 0.0001 0.0018 0.0265 0.3938 1.0000 0.0000 0.0006 0.0096 0.1426 1.0000 1.0000 0.0002 0.0035 0.0517 0.7677 1.0000 0.0001 0.0013 0.0185 0.2636 1.0000 1.0000 1.0000 0.2636 0.0185 0.0013 0.0001 1.0000 0.7677 0.0517 0.0035 0.0002 1.0000 1.0000 0.1426 0.0096 0.0006 0.0000 1.0000 0.3938 0.0265 0.0018 0.0001 1.0000 1.0000 0.0732 0.0049 0.0003 1.0000 1.0000 0.2024 0.0136 0.0009 0.0001 1.0000 0.5641 0.0382 0.0026 0.0002 1.0000 1.0000 0.1097 0.0075 0.0005 1.0000 1.0000 0.3382 0.0235 0.0016 0.0001 1.0000 1.0000
1.0000 0.0001 0.0017 0.0242 0.3480 1.0000 1.0000 0.0005 0.0076 0.1097 1.0000 1.0000 0.0002 0.0025 0.0372 0.5504 1.0000 0.0001 0.0009 0.0132 0.1956 1.0000 1.0000 0.0003 0.0047 0.0704 1.0000 1.0000 0.0001 0.0017 0.0255 0.3791 1.0000 0.0000 0.0006 0.0092 0.1373 1.0000 1.0000 0.0002 0.0033 0.0497 0.7391 1.0000 0.0001 0.0012 0.0180 0.2646 1.0000 1.0000 0.0001 1.0000 1.0000 0.2646 0.0180 0.0012 0.0001 1.0000 0.7391 0.0497 0.0033 0.0002 1.0000 1.0000 0.1373 0.0092 0.0006 0.0000 1.0000 0.3791 0.0255 0.0017 0.0001 1.0000 1.0000 0.0704 0.0047 0.0003 1.0000 1.0000 0.1956 0.0132 0.0009 0.0001 1.0000 0.5504 0.0372 0.0025 0.0002 1.0000 1.0000 0.1097 0.0076 0.0005 1.0000 1.0000 0.3480 0.0242 0.0017 0.0001 1.0000
0.0001 0.0018 0.0251 0.3601 1.0000 1.0000 0.0005 0.0077 0.1112 1.0000 1.0000 0.0002 0.0025 0.0367 0.5390 1.0000 0.0001 0.0009 0.0128 0.1894 1.0000 1.0000 0.0003 0.0046 0.0679 1.0000 1.0000 0.0001 0.0017 0.0246 0.3650 1.0000 0.0000 0.0006 0.0089 0.1322 1.0000 1.0000 0.0002 0.0032 0.0479 0.7115 1.0000 0.0001 0.0012 0.0173 0.2572 1.0000 1.0000 0.0003 0.0017 0.0003 1.0000 1.0000 0.2572 0.0173 0.0012 0.0001 1.0000 0.7115 0.0479 0.0032 0.0002 1.0000 1.0000 0.1322 0.0089 0.0006 0.0000 1.0000 0.3650 0.0246 0.0017 0.0001 1.0000 1.0000 0.0679 0.0046 0.0003 1.0000 1.0000 0.1894 0.0128 0.0009 0.0001 1.0000 0.5390 0.0367 0.0025 0.0002 1.0000 1.0000 0.1112 0.0077 0.0005 1.0000 1.0000 0.3601 0.0251 0.0018 0.0001
0.0018 0.0261 0.3734 1.0000 0.0000 0.0005 0.0079 0.1137 1.0000 1.0000 0.0002 0.0025 0.0365 0.5329 1.0000 0.0001 0.0008 0.0125 0.1844 1.0000 1.0000 0.0003 0.0044 0.0657 0.9719 1.0000 0.0001 0.0016 0.0236 0.3513 1.0000 0.0000 0.0006 0.0086 0.1273 1.0000 1.0000 0.0002 0.0031 0.0461 0.6849 1.0000 0.0001 0.0011 0.0167 0.2481 1.0000 1.0000 0.0004 0.0048 0.0250 0.0048 0.0004 1.0000 1.0000 0.2481 0.0167 0.0011 0.0001 1.0000 0.6849 0.0461 0.0031 0.0002 1.0000 1.0000 0.1273 0.0086 0.0006 0.0000 1.0000 0.3513 0.0236 0.0016 0.0001 1.0000 0.9719 0.0657 0.0044 0.0003 1.0000 1.0000 0.1844 0.0125 0.0008 0.0001 1.0000 0.5329 0.0365 0.0025 0.0002 1.0000 1.0000 0.1137 0.0079 0.0005 0.0000 1.0000 0.3734 0.0261 0.0018
0.0264 0.3879 1.0000 0.0000 0.0006 0.0082 0.1170 1.0000 1.0000 0.0002 0.0025 0.0367 0.5329 1.0000 0.0001 0.0008 0.0122 0.1802 1.0000 1.0000 0.0003 0.0043 0.0636 0.9410 1.0000 0.0001 0.0015 0.0228 0.3382 1.0000 1.0000 0.0006 0.0082 0.1225 1.0000 1.0000 0.0002 0.0030 0.0444 0.6594 1.0000 0.0001 0.0011 0.0161 0.2388 1.0000 1.0000 0.0004 0.0055 0.0686 0.3581 0.0686 0.0055 0.0004 1.0000 1.0000 0.2388 0.0161 0.0011 0.0001 1.0000 0.6594 0.0444 0.0030 0.0002 1.0000 1.0000 0.1225 0.0082 0.0006 1.0000 1.0000 0.3382 0.0228 0.0015 0.0001 1.0000 0.9410 0.0636 0.0043 0.0003 1.0000 1.0000 0.1802 0.0122 0.0008 0.0001 1.0000 0.5329 0.0367 0.0025 0.0002 1.0000 1.0000 0.1170 0.0082 0.0006 0.0000 1.0000 0.3879 0.0264
0.3923 1.0000 0.0000 0.0006 0.0085 0.1209 1.0000 1.0000 0.0002 0.0026 0.0372 0.5390 1.0000 0.0001 0.0008 0.0121 0.1778 1.0000 1.0000 0.0003 0.0042 0.0618 0.9145 1.0000 0.0001 0.0015 0.0220 0.3262 1.0000 1.0000 0.0005 0.0079 0.1179 1.0000 1.0000 0.0002 0.0029 0.0427 0.6347 1.0000 0.0001 0.0010 0.0155 0.2299 1.0000 1.0000 0.0004 0.0055 0.0790 0.9812 1.0000 0.9812 0.0790 0.0055 0.0004 1.0000 1.0000 0.2299 0.0155 0.0010 0.0001 1.0000 0.6347 0.0427 0.0029 0.0002 1.0000 1.0000 0.1179 0.0079 0.0005 1.0000 1.0000 0.3262 0.0220 0.0015 0.0001 1.0000 0.9145 0.0618 0.0042 0.0003 1.0000 1.0000 0.1778 0.0121 0.0008 0.0001 1.0000 0.5390 0.0372 0.0026 0.0002 1.0000 1.0000 0.1209 0.0085 0.0006 0.0000 1.0000 0.3923
1.0000 0.0000 0.0006 0.0088 0.1253 1.0000 1.0000 0.0002 0.0027 0.0382 0.5504 1.0000 0.0001 0.0008 0.0121 0.1772 1.0000 1.0000 0.0003 0.0041 0.0604 0.8905 1.0000 0.0001 0.0014 0.0213 0.3158 1.0000 1.0000 0.0005 0.0076 0.1135 1.0000 1.0000 0.0002 0.0028 0.0411 0.6111 1.0000 0.0001 0.0010 0.0149 0.2213 1.0000 1.0000 0.0004 0.0054 0.0793 1.0000 1.0000 1.0000 1.0000 1.0000 0.0793 0.0054 0.0004 1.0000 1.0000 0.2213 0.0149 0.0010 0.0001 1.0000 0.6111 0.0411 0.0028 0.0002 1.0000 1.0000 0.1135 0.0076 0.0005 1.0000 1.0000 0.3158 0.0213 0.0014 0.0001 1.0000 0.8905 0.0604 0.0041 0.0003 1.0000 1.0000 0.1772 0.0121 0.0008 0.0001 1.0000 0.5504 0.0382 0.0027 0.0002 1.0000 1.0000 0.1253 0.0088 0.0006 0.0000 1.0000
0.0000 0.0006 0.0091 0.1302 1.0000 1.0000 0.0002 0.0027 0.0393 0.5641 1.0000 0.0001 0.0008 0.0122 0.1778 1.0000 1.0000 0.0003 0.0040 0.0595 0.8737 1.0000 0.0001 0.0014 0.0207 0.3064 1.0000 1.0000 0.0005 0.0074 0.1095 1.0000 1.0000 0.0002 0.0027 0.0396 0.5882 1.0000 0.0001 0.0010 0.0143 0.2131 1.0000 1.0000 0.0003 0.0052 0.0770 1.0000 1.0000 0.0001 0.0005 0.0001 1.0000 1.0000 0.0770 0.0052 0.0003 1.0000 1.0000 0.2131 0.0143 0.0010 0.0001 1.0000 0.5882 0.0396 0.0027 0.0002 1.0000 1.0000 0.1095 0.0074 0.0005 1.0000 1.0000 0.3064 0.0207 0.0014 0.0001 1.0000 0.8737 0.0595 0.0040 0.0003 1.0000 1.0000 0.1778 0.0122 0.0008 0.0001 1.0000 0.5641 0.0393 0.0027 0.0002 1.0000 1.0000 0.1302 0.0091 0.0006 0.0000
0.0006 0.0095 0.1352 1.0000 1.0000 0.0002 0.0028 0.0406 0.5827 1.0000 0.0001 0.0009 0.0125 0.1802 1.0000 1.0000 0.0003 0.0040 0.0589 0.8638 1.0000 0.0001 0.0014 0.0202 0.2983 1.0000 1.0000 0.0005 0.0071 0.1058 1.0000 1.0000 0.0002 0.0026 0.0381 0.5663 1.0000 0.0001 0.0009 0.0138 0.2051 1.0000 1.0000 0.0003 0.0050 0.0743 1.0000 1.0000 0.0001 0.0014 0.0075 0.0014 0.0001 1.0000 1.0000 0.0743 0.0050 0.0003 1.0000 1.0000 0.2051 0.0138 0.0009 0.0001 1.0000 0.5663 0.0381 0.0026 0.0002 1.0000 1.0000 0.1058 0.0071 0.0005 1.0000 1.0000 0.2983 0.0202 0.0014 0.0001 1.0000 0.8638 0.0589 0.0040 0.0003 1.0000 1.0000 0.1802 0.0125 0.0009 0.0001 1.0000 0.5827 0.0406 0.0028 0.0002 1.0000 1.0000 0.1352 0.0095 0.0006
0.0096 0.1405 1.0000 1.0000 0.0002 0.0029 0.0421 0.6030 1.0000 0.0001 0.0009 0.0128 0.1844 1.0000 1.0000 0.0003 0.0040 0.0589 0.8605 1.0000 0.0001 0.0013 0.0198 0.2916 1.0000 1.0000 0.0005 0.0069 0.1026 1.0000 1.0000 0.0002 0.0025 0.0368 0.5452 1.0000 0.0001 0.0009 0.0133 0.1975 1.0000 1.0000 0.0003 0.0048 0.0715 1.0000 1.0000 0.0001 0.0017 0.0205 0.1072 0.0205 0.0017 0.0001 1.0000 1.0000 0.0715 0.0048 0.0003 1.0000 1.0000 0.1975 0.0133 0.0009 0.0001 1.0000 0.5452 0.0368 0.0025 0.0002 1.0000 1.0000 0.1026 0.0069 0.0005 1.0000 1.0000 0.2916 0.0198 0.0013 0.0001 1.0000 0.8605 0.0589 0.0040 0.0003 1.0000 1.0000 0.1844 0.0128 0.0009 0.0001 1.0000 0.6030 0.0421 0.0029 0.0002 1.0000 1.0000 0.1405 0.0096
0.1421 1.0000 1.0000 0.0002 0.0031 0.0437 0.6252 1.0000 0.0001 0.0009 0.0132 0.1894 1.0000 1.0000 0.0003 0.0041 0.0595 0.8638 1.0000 0.0001 0.0013 0.0196 0.2872 1.0000 1.0000 0.0005 0.0068 0.0999 1.0000 1.0000 0.0002 0.0024 0.0355 0.5258 1.0000 0.0001 0.0009 0.0128 0.1901 1.0000 1.0000 0.0003 0.0046 0.0688 1.0000 1.0000 0.0001 0.0017 0.0236 0.2938 1.0000 0.2938 0.0236 0.0017 0.0001 1.0000 1.0000 0.0688 0.0046 0.0003 1.0000 1.0000 0.1901 0.0128 0.0009 0.0001 1.0000 0.5258 0.0355 0.0024 0.0002 1.0000 1.0000 0.0999 0.0068 0.0005 1.0000 1.0000 0.2872 0.0196 0.0013 0.0001 1.0000 0.8638 0.0595 0.0041 0.0003 1.0000 1.0000 0.1894 0.0132 0.0009 0.0001 1.0000 0.6252 0.0437 0.0031 0.0002 1.0000 1.0000 0.1421
1.0000 1.0000 0.0002 0.0032 0.0454 0.6494 1.0000 0.0001 0.0010 0.0136 0.1956 1.0000 1.0000 0.0003 0.0042 0.0604 0.8737 1.0000 0.0001 0.0013 0.0195 0.2850 1.0000 1.0000 0.0004 0.0066 0.0975 1.0000 1.0000 0.0002 0.0023 0.0344 0.5091 1.0000 0.0001 0.0008 0.0123 0.1830 1.0000 1.0000 0.0003 0.0045 0.0663 0.9849 1.0000 0.0001 0.0016 0.0237 0.3382 1.0000 1.0000 1.0000 0.3382 0.0237 0.0016 0.0001 1.0000 0.9849 0.0663 0.0045 0.0003 1.0000 1.0000 0.1830 0.0123 0.0008 0.0001 1.0000 0.5091 0.0344 0.0023 0.0002 1.0000 1.0000 0.0975 0.0066 0.0004 1.0000 1.0000 0.2850 0.0195 0.0013 0.0001 1.0000 0.8737 0.0604 0.0042 0.0003 1.0000 1.0000 0.1956 0.0136 0.0010 0.0001 1.0000 0.6494 0.0454 0.0032 0.0002 1.0000 1.0000
1.0000 0.0002 0.0033 0.0472 0.6746 1.0000 0.0001 0.0010 0.0141 0.2024 1.0000 1.0000 0.0003 0.0043 0.0618 0.8905 1.0000 0.0001 0.0013 0.0196 0.2850 1.0000 1.0000 0.0004 0.0065 0.0957 1.0000 1.0000 0.0002 0.0023 0.0334 0.4948 1.0000 0.0001 0.0008 0.0119 0.1765 1.0000 1.0000 0.0003 0.0043 0.0638 0.9481 1.0000 0.0001 0.0016 0.0231 0.3395 1.0000 1.0000 0.0002 1.0000 1.0000 0.3395 0.0231 0.0016 0.0001 1.0000 0.9481 0.0638 0.0043 0.0003 1.0000 1.0000 0.1765 0.0119 0.0008 0.0001 1.0000 0.4948 0.0334 0.0023 0.0002 1.0000 1.0000 0.0957 0.0065 0.0004 1.0000 1.0000 0.2850 0.0196 0.0013 0.0001 1.0000 0.8905 0.0618 0.0043 0.0003 1.0000 1.0000 0.2024 0.0141 0.0010 0.0001 1.0000 0.6746 0.0472 0.0033 0.0002 1.0000
0.0002 0.0034 0.0490 0.7007 1.0000 0.0001 0.0010 0.0147 0.2098 1.0000 1.0000 0.0003 0.0044 0.0636 0.9145 1.0000 0.0001 0.0014 0.0198 0.2872 1.0000 1.0000 0.0004 0.0065 0.0946 1.0000 1.0000 0.0001 0.0022 0.0326 0.4818 1.0000 0.0001 0.0008 0.0115 0.1706 1.0000 1.0000 0.0003 0.0041 0.0614 0.9128 1.0000 0.0001 0.0015 0.0222 0.3300 1.0000 1.0000 0.0004 0.0022 0.0004 1.0000 1.0000 0.3300 0.0222 0.0015 0.0001 1.0000 0.9128 0.0614 0.0041 0.0003 1.0000 1.0000 0.1706 0.0115 0.0008 0.0001 1.0000 0.4818 0.0326 0.0022 0.0001 1.0000 1.0000 0.0946 0.0065 0.0004 1.0000 1.0000 0.2872 0.0198 0.0014 0.0001 1.0000 0.9145 0.0636 0.0044 0.0003 1.0000 1.0000 0.2098 0.0147 0.0010 0.0001 1.0000 0.7007 0.0490 0.0034 0.0002
0.0035 0.0509 0.7279 1.0000 0.0001 0.0011 0.0152 0.2180 1.0000 1.0000 0.0003 0.0046 0.0657 0.9410 1.0000 0.0001 0.0014 0.0202 0.2916 1.0000 1.0000 0.0004 0.0065 0.0942 1.0000 1.0000 0.0001 0.0022 0.0319 0.4709 1.0000 0.0001 0.0008 0.0112 0.1654 1.0000 1.0000 0.0003 0.0040 0.0592 0.8787 1.0000 0.0001 0.0014 0.0214 0.3183 1.0000 1.0000 0.0005 0.0062 0.0321 0.0062 0.0005 1.0000 1.0000 0.3183 0.0214 0.0014 0.0001 1.0000 0.8787 0.0592 0.0040 0.0003 1.0000 1.0000 0.1654 0.0112 0.0008 0.0001 1.0000 0.4709 0.0319 0.0022 0.0001 1.0000 1.0000 0.0942 0.0065 0.0004 1.0000 1.0000 0.2916 0.0202 0.0014 0.0001 1.0000 0.9410 0.0657 0.0046 0.0003 1.0000 1.0000 0.2180 0.0152 0.0011 0.0001 1.0000 0.7279 0.0509 0.0035
0.0515 0.7561 1.0000 0.0001 0.0011 0.0158 0.2264 1.0000 1.0000 0.0003 0.0047 0.0679 0.9719 1.0000 0.0001 0.0014 0.0207 0.2983 1.0000 1.0000 0.0004 0.0065 0.0946 1.0000 1.0000 0.0001 0.0021 0.0314 0.4620 1.0000 0.0001 0.0007 0.0109 0.1611 1.0000 1.0000 0.0003 0.0039 0.0573 0.8475 1.0000 0.0001 0.0014 0.0206 0.3064 1.0000 1.0000 0.0005 0.0071 0.0880 0.4594 0.0880 0.0071 0.0005 1.0000 1.0000 0.3064 0.0206 0.0014 0.0001 1.0000 0.8475 0.0573 0.0039 0.0003 1.0000 1.0000 0.1611 0.0109 0.0007 0.0001 1.0000 0.4620 0.0314 0.0021 0.0001 1.0000 1.0000 0.0946 0.0065 0.0004 1.0000 1.0000 0.2983 0.0207 0.0014 0.0001 1.0000 0.9719 0.0679 0.0047 0.0003 1.0000 1.0000 0.2264 0.0158 0.0011 0.0001 1.0000 0.7561 0.0515
0.7648 1.0000 0.0001 0.0011 0.0164 0.2352 1.0000 1.0000 0.0003 0.0049 0.0704 1.0000 1.0000 0.0001 0.0015 0.0213 0.3064 1.0000 1.0000 0.0005 0.0066 0.0957 1.0000 1.0000 0.0001 0.0021 0.0312 0.4568 1.0000 0.0000 0.0007 0.0107 0.1575 1.0000 1.0000 0.0003 0.0037 0.0554 0.8205 1.0000 0.0001 0.0013 0.0198 0.2949 1.0000 1.0000 0.0005 0.0071 0.1013 1.0000 1.0000 1.0000 0.1013 0.0071 0.0005 1.0000 1.0000 0.2949 0.0198 0.0013 0.0001 1.0000 0.8205 0.0554 0.0037 0.0003 1.0000 1.0000 0.1575 0.0107 0.0007 0.0000 1.0000 0.4568 0.0312 0.0021 0.0001 1.0000 1.0000 0.0957 0.0066 0.0005 1.0000 1.0000 0.3064 0.0213 0.0015 0.0001 1.0000 1.0000 0.0704 0.0049 0.0003 1.0000 1.0000 0.2352 0.0164 0.0011 0.0001 1.0000 0.7648
1.0000 0.0001 0.0012 0.0171 0.2443 1.0000 1.0000 0.0004 0.0051 0.0732 1.0000 1.0000 0.0001 0.0015 0.0220 0.3158 1.0000 1.0000 0.0005 0.0068 0.0975 1.0000 1.0000 0.0001 0.0021 0.0312 0.4550 1.0000 0.0000 0.0007 0.0105 0.1542 1.0000 1.0000 0.0002 0.0036 0.0539 0.7975 1.0000 0.0001 0.0013 0.0191 0.2845 1.0000 1.0000 0.0005 0.0069 0.1017 1.0000 1.0000 0.0000 1.0000 1.0000 0.1017 0.0069 0.0005 1.0000 1.0000 0.2845 0.0191 0.0013 0.0001 1.0000 0.7975 0.0539 0.0036 0.0002 1.0000 1.0000 0.1542 0.0105 0.0007 0.0000 1.0000 0.4550 0.0312 0.0021 0.0001 1.0000 1.0000 0.0975 0.0068 0.0005 1.0000 1.0000 0.3158 0.0220 0.0015 0.0001 1.0000 1.0000 0.0732 0.0051 0.0004 1.0000 1.0000 0.2443 0.0171 0.0012 0.0001 1.0000
0.0001 0.0012 0.0177 0.2538 1.0000 1.0000 0.0004 0.0053 0.0760 1.0000 1.0000 0.0001 0.0016 0.0228 0.3262 1.0000 1.0000 0.0005 0.0069 0.0999 1.0000 1.0000 0.0001 0.0022 0.0314 0.4568 1.0000 0.0000 0.0007 0.0104 0.1519 1.0000 1.0000 0.0002 0.0036 0.0526 0.7765 1.0000 0.0001 0.0013 0.0185 0.2749 1.0000 1.0000 0.0004 0.0067 0.0988 1.0000 1.0000 0.0001 0.0007 0.0001 1.0000 1.0000 0.0988 0.0067 0.0004 1.0000 1.0000 0.2749 0.0185 0.0013 0.0001 1.0000 0.7765 0.0526 0.0036 0.0002 1.0000 1.0000 0.1519 0.0104 0.0007 0.0000 1.0000 0.4568 0.0314 0.0022 0.0001 1.0000 1.0000 0.0999 0.0069 0.0005 1.0000 1.0000 0.3262 0.0228 0.0016 0.0001 1.0000 1.0000 0.0760 0.0053 0.0004 1.0000 1.0000 0.2538 0.0177 0.0012 0.0001
0.0013 0.0184 0.2636 1.0000 1.0000 0.0004 0.0055 0.0790 1.0000 1.0000 0.0001 0.0017 0.0236 0.3382 1.0000 1.0000 0.0005 0.0071 0.1026 1.0000 1.0000 0.0002 0.0022 0.0319 0.4620 1.0000 0.0000 0.0007 0.0103 0.1507 1.0000 1.0000 0.0002 0.0035 0.0515 0.7590 1.0000 0.0001 0.0012 0.0180 0.2667 1.0000 1.0000 0.0004 0.0064 0.0955 1.0000 1.0000 0.0001 0.0018 0.0096 0.0018 0.0001 1.0000 1.0000 0.0955 0.0064 0.0004 1.0000 1.0000 0.2667 0.0180 0.0012 0.0001 1.0000 0.7590 0.0515 0.0035 0.0002 1.0000 1.0000 0.1507 0.0103 0.0007 0.0000 1.0000 0.4620 0.0319 0.0022 0.0002 1.0000 1.0000 0.1026 0.0071 0.0005 1.0000 1.0000 0.3382 0.0236 0.0017 0.0001 1.0000 1.0000 0.0790 0.0055 0.0004 1.0000 1.0000 0.2636 0.0184 0.0013
0.0186 0.2739 1.0000 1.0000 0.0004 0.0057 0.0820 1.0000 1.0000 0.0001 0.0017 0.0246 0.3513 1.0000 1.0000 0.0005 0.0074 0.1058 1.0000 1.0000 0.0002 0.0023 0.0326 0.4709 1.0000 0.0000 0.0007 0.0104 0.1507 1.0000 1.0000 0.0002 0.0034 0.0506 0.7447 1.0000 0.0001 0.0012 0.0176 0.2597 1.0000 1.0000 0.0004 0.0062 0.0921 1.0000 1.0000 0.0001 0.0021 0.0264 0.1376 0.0264 0.0021 0.0001 1.0000 1.0000 0.0921 0.0062 0.0004 1.0000 1.0000 0.2597 0.0176 0.0012 0.0001 1.0000 0.7447 0.0506 0.0034 0.0002 1.0000 1.0000 0.1507 0.0104 0.0007 0.0000 1.0000 0.4709 0.0326 0.0023 0.0002 1.0000 1.0000 0.1058 0.0074 0.0005 1.0000 1.0000 0.3513 0.0246 0.0017 0.0001 1.0000 1.0000 0.0820 0.0057 0.0004 1.0000 1.0000 0.2739 0.0186
0.2770 1.0000 1.0000 0.0004 0.0060 0.0852 1.0000 1.0000 0.0001 0.0018 0.0255 0.3650 1.0000 1.0000 0.0005 0.0076 0.1095 1.0000 1.0000 0.0002 0.0023 0.0334 0.4818 1.0000 0.0001 0.0007 0.0105 0.1519 1.0000 1.0000 0.0002 0.0034 0.0500 0.7335 1.0000 0.0001 0.0012 0.0172 0.2538 1.0000 1.0000 0.0004 0.0060 0.0892 1.0000 1.0000 0.0001 0.0021 0.0303 0.3770 1.0000 0.3770 0.0303 0.0021 0.0001 1.0000 1.0000 0.0892 0.0060 0.0004 1.0000 1.0000 0.2538 0.0172 0.0012 0.0001 1.0000 0.7335 0.0500 0.0034 0.0002 1.0000 1.0000 0.1519 0.0105 0.0007 0.0001 1.0000 0.4818 0.0334 0.0023 0.0002 1.0000 1.0000 0.1095 0.0076 0.0005 1.0000 1.0000 0.3650 0.0255 0.0018 0.0001 1.0000 1.0000 0.0852 0.0060 0.0004 1.0000 1.0000 0.2770
1.0000 1.0000 0.0004 0.0062 0.0885 1.0000 1.0000 0.0001 0.0019 0.0265 0.3791 1.0000 0.0000 0.0006 0.0079 0.1135 1.0000 1.0000 0.0002 0.0024 0.0344 0.4948 1.0000 0.0001 0.0007 0.0107 0.1542 1.0000 1.0000 0.0002 0.0034 0.0498 0.7279 1.0000 0.0001 0.0011 0.0169 0.2485 1.0000 1.0000 0.0004 0.0059 0.0867 1.0000 1.0000 0.0001 0.0021 0.0305 0.4339 1.0000 1.0000 1.0000 0.4339 0.0305 0.0021 0.0001 1.0000 1.0000 0.0867 0.0059 0.0004 1.0000 1.0000 0.2485 0.0169 0.0011 0.0001 1.0000 0.7279 0.0498 0.0034 0.0002 1.0000 1.0000 0.1542 0.0107 0.0007 0.0001 1.0000 0.4948 0.0344 0.0024 0.0002 1.0000 1.0000 0.1135 0.0079 0.0006 0.0000 1.0000 0.3791 0.0265 0.0019 0.0001 1.0000 1.0000 0.0885 0.0062 0.0004 1.0000 1.0000
1.0000 0.0004 0.0064 0.0919 1.0000 1.0000 0.0001 0.0019 0.0275 0.3938 1.0000 0.0000 0.0006 0.0082 0.1179 1.0000 1.0000 0.0002 0.0025 0.0355 0.5091 1.0000 0.0001 0.0008 0.0109 0.1575 1.0000 1.0000 0.0002 0.0034 0.0500 0.7279 1.0000 0.0001 0.0011 0.0166 0.2443 1.0000 1.0000 0.0004 0.0057 0.0845 1.0000 1.0000 0.0001 0.0020 0.0298 0.4381 1.0000 0.0000 0.0002 0.0000 1.0000 0.4381 0.0298 0.0020 0.0001 1.0000 1.0000 0.0845 0.0057 0.0004 1.0000 1.0000 0.2443 0.0166 0.0011 0.0001 1.0000 0.7279 0.0500 0.0034 0.0002 1.0000 1.0000 0.1575 0.0109 0.0008 0.0001 1.0000 0.5091 0.0355 0.0025 0.0002 1.0000 1.0000 0.1179 0.0082 0.0006 0.0000 1.0000 0.3938 0.0275 0.0019 0.0001 1.0000 1.0000 0.0919 0.0064 0.0004 1.0000
0.0005 0.0067 0.0955 1.0000 1.0000 0.0001 0.0020 0.0286 0.4091 1.0000 0.0000 0.0006 0.0086 0.1225 1.0000 1.0000 0.0002 0.0026 0.0368 0.5258 1.0000 0.0001 0.0008 0.0112 0.1611 1.0000 1.0000 0.0002 0.0035 0.0506 0.7335 1.0000 0.0001 0.0011 0.0165 0.2416 1.0000 1.0000 0.0004 0.0056 0.0828 1.0000 1.0000 0.0001 0.0020 0.0290 0.4290 1.0000 0.0000 0.0006 0.0029 0.0006 0.0000 1.0000 0.4290 0.0290 0.0020 0.0001 1.0000 1.0000 0.0828 0.0056 0.0004 1.0000 1.0000 0.2416 0.0165 0.0011 0.0001 1.0000 0.7335 0.0506 0.0035 0.0002 1.0000 1.0000 0.1611 0.0112 0.0008 0.0001 1.0000 0.5258 0.0368 0.0026 0.0002 1.0000 1.0000 0.1225 0.0086 0.0006 0.0000 1.0000 0.4091 0.0286 0.0020 0.0001 1.0000 1.0000 0.0955 0.0067 0.0005
0.0068 0.0992 1.0000 1.0000 0.0001 0.0021 0.0297 0.4249 1.0000 0.0000 0.0006 0.0089 0.1273 1.0000 1.0000 0.0002 0.0027 0.0381 0.5452 1.0000 0.0001 0.0008 0.0115 0.1654 1.0000 1.0000 0.0002 0.0036 0.0515 0.7447 1.0000 0.0001 0.0011 0.0165 0.2406 1.0000 1.0000 0.0004 0.0055 0.0814 1.0000 1.0000 0.0001 0.0019 0.0283 0.4185 1.0000 0.0000 0.0006 0.0080 0.0414 0.0080 0.0006 0.0000 1.0000 0.4185 0.0283 0.0019 0.0001 1.0000 1.0000 0.0814 0.0055 0.0004 1.0000 1.0000 0.2406 0.0165 0.0011 0.0001 1.0000 0.7447 0.0515 0.0036 0.0002 1.0000 1.0000 0.1654 0.0115 0.0008 0.0001 1.0000 0.5452 0.0381 0.0027 0.0002 1.0000 1.0000 0.1273 0.0089 0.0006 0.0000 1.0000 0.4249 0.0297 0.0021 0.0001 1.0000 1.0000 0.0992 0.0068
0.1003 1.0000 1.0000 0.0002 0.0022 0.0309 0.4414 1.0000 0.0000 0.0006 0.0092 0.1322 1.0000 1.0000 0.0002 0.0028 0.0396 0.5663 1.0000 0.0001 0.0008 0.0119 0.1706 1.0000 1.0000 0.0003 0.0036 0.0526 0.7590 1.0000 0.0001 0.0011 0.0166 0.2416 1.0000 1.0000 0.0004 0.0055 0.0803 1.0000 1.0000 0.0001 0.0019 0.0277 0.4083 1.0000 0.0000 0.0006 0.0092 0.1142 0.5950 0.1142 0.0092 0.0006 0.0000 1.0000 0.4083 0.0277 0.0019 0.0001 1.0000 1.0000 0.0803 0.0055 0.0004 1.0000 1.0000 0.2416 0.0166 0.0011 0.0001 1.0000 0.7590 0.0526 0.0036 0.0003 1.0000 1.0000 0.1706 0.0119 0.0008 0.0001 1.0000 0.5663 0.0396 0.0028 0.0002 1.0000 1.0000 0.1322 0.0092 0.0006 0.0000 1.0000 0.4414 0.0309 0.0022 0.0002 1.0000 1.0000 0.1003
1.0000 1.0000 0.0002 0.0022 0.0321 0.4585 1.0000 0.0000 0.0007 0.0096 0.1373 1.0000 1.0000 0.0002 0.0029 0.0411 0.5882 1.0000 0.0001 0.0009 0.0123 0.1765 1.0000 1.0000 0.0003 0.0037 0.0539 0.7765 1.0000 0.0001 0.0012 0.0169 0.2443 1.0000 1.0000 0.0004 0.0055 0.0797 1.0000 1.0000 0.0001 0.0018 0.0272 0.3998 1.0000 0.0000 0.0006 0.0093 0.1322 1.0000 1.0000 1.0000 0.1322 0.0093 0.0006 0.0000 1.0000 0.3998 0.0272 0.0018 0.0001 1.0000 1.0000 0.0797 0.0055 0.0004 1.0000 1.0000 0.2443 0.0169 0.0012 0.0001 1.0000 0.7765 0.0539 0.0037 0.0003 1.0000 1.0000 0.1765 0.0123 0.0009 0.0001 1.0000 0.5882 0.0411 0.0029 0.0002 1.0000 1.0000 0.1373 0.0096 0.0007 0.0000 1.0000 0.4585 0.0321 0.0022 0.0002 1.0000 1.0000
1.0000 0.0002 0.0023 0.0333 0.4763 1.0000 0.0000 0.0007 0.0100 0.1426 1.0000 1.0000 0.0002 0.0030 0.0427 0.6111 1.0000 0.0001 0.0009 0.0128 0.1830 1.0000 1.0000 0.0003 0.0039 0.0554 0.7975 1.0000 0.0001 0.0012 0.0172 0.2485 1.0000 1.0000 0.0004 0.0055 0.0797 1.0000 1.0000 0.0001 0.0018 0.0268 0.3931 1.0000 0.0000 0.0006 0.0092 0.1345 1.0000 1.0000 0.0001 1.0000 1.0000 0.1345 0.0092 0.0006 0.0000 1.0000 0.3931 0.0268 0.0018 0.0001 1.0000 1.0000 0.0797 0.0055 0.0004 1.0000 1.0000 0.2485 0.0172 0.0012 0.0001 1.0000 0.7975 0.0554 0.0039 0.0003 1.0000 1.0000 0.1830 0.0128 0.0009 0.0001 1.0000 0.6111 0.0427 0.0030 0.0002 1.0000 1.0000 0.1426 0.0100 0.0007 0.0000 1.0000 0.4763 0.0333 0.0023 0.0002 1.0000
0.0002 0.0024 0.0346 0.4948 1.0000 0.0001 0.0007 0.0104 0.1482 1.0000 1.0000 0.0002 0.0031 0.0444 0.6347 1.0000 0.0001 0.0009 0.0133 0.1901 1.0000 1.0000 0.0003 0.0040 0.0573 0.8205 1.0000 0.0001 0.0012 0.0176 0.2538 1.0000 1.0000 0.0004 0.0055 0.0803 1.0000 1.0000 0.0001 0.0018 0.0265 0.3879 1.0000 0.0000 0.0006 0.0091 0.1329 1.0000 1.0000 0.0002 0.0009 0.0002 1.0000 1.0000 0.1329 0.0091 0.0006 0.0000 1.0000 0.3879 0.0265 0.0018 0.0001 1.0000 1.0000 0.0803 0.0055 0.0004 1.0000 1.0000 0.2538 0.0176 0.0012 0.0001 1.0000 0.8205 0.0573 0.0040 0.0003 1.0000 1.0000 0.1901 0.0133 0.0009 0.0001 1.0000 0.6347 0.0444 0.0031 0.0002 1.0000 1.0000 0.1482 0.0104 0.0007 0.0001 1.0000 0.4948 0.0346 0.0024 0.0002
0.0024 0.0359 0.5139 1.0000 0.0001 0.0008 0.0108 0.1539 1.0000 1.0000 0.0002 0.0032 0.0461 0.6594 1.0000 0.0001 0.0010 0.0138 0.1975 1.0000 1.0000 0.0003 0.0041 0.0592 0.8475 1.0000 0.0001 0.0013 0.0180 0.2597 1.0000 1.0000 0.0004 0.0056 0.0814 1.0000 1.0000 0.0001 0.0018 0.0264 0.3849 1.0000 0.0000 0.0006 0.0089 0.1309 1.0000 1.0000 0.0002 0.0025 0.0127 0.0025 0.0002 1.0000 1.0000 0.1309 0.0089 0.0006 0.0000 1.0000 0.3849 0.0264 0.0018 0.0001 1.0000 1.0000 0.0814 0.0056 0.0004 1.0000 1.0000 0.2597 0.0180 0.0013 0.0001 1.0000 0.8475 0.0592 0.0041 0.0003 1.0000 1.0000 0.1975 0.0138 0.0010 0.0001 1.0000 0.6594 0.0461 0.0032 0.0002 1.0000 1.0000 0.1539 0.0108 0.0008 0.0001 1.0000 0.5139 0.0359 0.0024
0.0363 0.5339 1.0000 0.0001 0.0008 0.0112 0.1599 1.0000 1.0000 0.0002 0.0033 0.0479 0.6849 1.0000 0.0001 0.0010 0.0143 0.2051 1.0000 1.0000 0.0003 0.0043 0.0614 0.8787 1.0000 0.0001 0.0013 0.0185 0.2667 1.0000 1.0000 0.0004 0.0057 0.0828 1.0000 1.0000 0.0001 0.0018 0.0265 0.3849 1.0000 0.0000 0.0006 0.0088 0.1292 1.0000 1.0000 0.0002 0.0029 0.0354 0.1840 0.0354 0.0029 0.0002 1.0000 1.0000 0.1292 0.0088 0.0006 0.0000 1.0000 0.3849 0.0265 0.0018 0.0001 1.0000 1.0000 0.0828 0.0057 0.0004 1.0000 1.0000 0.2667 0.0185 0.0013 0.0001 1.0000 0.8787 0.0614 0.0043 0.0003 1.0000 1.0000 0.2051 0.0143 0.0010 0.0001 1.0000 0.6849 0.0479 0.0033 0.0002 1.0000 1.0000 0.1599 0.0112 0.0008 0.0001 1.0000 0.5339 0.0363
0.5400 1.0000 0.0001 0.0008 0.0116 0.1661 1.0000 1.0000 0.0002 0.0035 0.0497 0.7115 1.0000 0.0001 0.0010 0.0149 0.2131 1.0000 1.0000 0.0003 0.0045 0.0638 0.9128 1.0000 0.0001 0.0013 0.0191 0.2749 1.0000 1.0000 0.0004 0.0059 0.0845 1.0000 1.0000 0.0001 0.0018 0.0268 0.3879 1.0000 0.0000 0.0006 0.0087 0.1277 1.0000 1.0000 0.0002 0.0029 0.0413 0.5110 1.0000 0.5110 0.0413 0.0029 0.0002 1.0000 1.0000 0.1277 0.0087 0.0006 0.0000 1.0000 0.3879 0.0268 0.0018 0.0001 1.0000 1.0000 0.0845 0.0059 0.0004 1.0000 1.0000 0.2749 0.0191 0.0013 0.0001 1.0000 0.9128 0.0638 0.0045 0.0003 1.0000 1.0000 0.2131 0.0149 0.0010 0.0001 1.0000 0.7115 0.0497 0.0035 0.0002 1.0000 1.0000 0.1661 0.0116 0.0008 0.0001 1.0000 0.5400
1.0000 0.0001 0.0008 0.0121 0.1725 1.0000 1.0000 0.0003 0.0036 0.0517 0.7391 1.0000 0.0001 0.0011 0.0155 0.2213 1.0000 1.0000 0.0003 0.0046 0.0663 0.9481 1.0000 0.0001 0.0014 0.0198 0.2845 1.0000 1.0000 0.0004 0.0060 0.0867 1.0000 1.0000 0.0001 0.0019 0.0272 0.3931 1.0000 0.0000 0.0006 0.0087 0.1273 1.0000 1.0000 0.0002 0.0029 0.0424 0.5973 1.0000 1.0000 1.0000 0.5973 0.0424 0.0029 0.0002 1.0000 1.0000 0.1273 0.0087 0.0006 0.0000 1.0000 0.3931 0.0272 0.0019 0.0001 1.0000 1.0000 0.0867 0.0060 0.0004 1.0000 1.0000 0.2845 0.0198 0.0014 0.0001 1.0000 0.9481 0.0663 0.0046 0.0003 1.0000 1.0000 0.2213 0.0155 0.0011 0.0001 1.0000 0.7391 0.0517 0.0036 0.0003 1.0000 1.0000 0.1725 0.0121 0.0008 0.0001 1.0000
0.0001 0.0009 0.0125 0.1792 1.0000 1.0000 0.0003 0.0038 0.0537 0.7677 1.0000 0.0001 0.0011 0.0161 0.2299 1.0000 1.0000 0.0003 0.0048 0.0688 0.9849 1.0000 0.0001 0.0014 0.0206 0.2949 1.0000 1.0000 0.0004 0.0062 0.0892 1.0000 1.0000 0.0001 0.0019 0.0277 0.3998 1.0000 0.0000 0.0006 0.0088 0.1277 1.0000 1.0000 0.0002 0.0029 0.0423 0.6146 1.0000 0.0001 0.0003 0.0001 1.0000 0.6146 0.0423 0.0029 0.0002 1.0000 1.0000 0.1277 0.0088 0.0006 0.0000 1.0000 0.3998 0.0277 0.0019 0.0001 1.0000 1.0000 0.0892 0.0062 0.0004 1.0000 1.0000 0.2949 0.0206 0.0014 0.0001 1.0000 0.9849 0.0688 0.0048 0.0003 1.0000 1.0000 0.2299 0.0161 0.0011 0.0001 1.0000 0.7677 0.0537 0.0038 0.0003 1.0000 1.0000 0.1792 0.0125 0.0009 0.0001
0.0009 0.0130 0.1862 1.0000 1.0000 0.0003 0.0039 0.0557 0.7975 1.0000 0.0001 0.0012 0.0167 0.2388 1.0000 1.0000 0.0003 0.0050 0.0715 1.0000 1.0000 0.0001 0.0015 0.0214 0.3064 1.0000 1.0000 0.0004 0.0064 0.0921 1.0000 1.0000 0.0001 0.0020 0.0283 0.4083 1.0000 0.0000 0.0006 0.0089 0.1292 1.0000 1.0000 0.0002 0.0029 0.0422 0.6157 1.0000 0.0001 0.0008 0.0040 0.0008 0.0001 1.0000 0.6157 0.0422 0.0029 0.0002 1.0000 1.0000 0.1292 0.0089 0.0006 0.0000 1.0000 0.4083 0.0283 0.0020 0.0001 1.0000 1.0000 0.0921 0.0064 0.0004 1.0000 1.0000 0.3064 0.0214 0.0015 0.0001 1.0000 1.0000 0.0715 0.0050 0.0003 1.0000 1.0000 0.2388 0.0167 0.0012 0.0001 1.0000 0.7975 0.0557 0.0039 0.0003 1.0000 1.0000 0.1862 0.0130 0.0009
0.0131 0.1934 1.0000 1.0000 0.0003 0.0040 0.0579 0.8284 1.0000 0.0001 0.0012 0.0173 0.2481 1.0000 1.0000 0.0004 0.0052 0.0743 1.0000 1.0000 0.0001 0.0016 0.0222 0.3183 1.0000 1.0000 0.0005 0.0067 0.0955 1.0000 1.0000 0.0001 0.0020 0.0290 0.4185 1.0000 0.0000 0.0006 0.0091 0.1309 1.0000 1.0000 0.0002 0.0029 0.0422 0.6146 1.0000 0.0001 0.0009 0.0112 0.0581 0.0112 0.0009 0.0001 1.0000 0.6146 0.0422 0.0029 0.0002 1.0000 1.0000 0.1309 0.0091 0.0006 0.0000 1.0000 0.4185 0.0290 0.0020 0.0001 1.0000 1.0000 0.0955 0.0067 0.0005 1.0000 1.0000 0.3183 0.0222 0.0016 0.0001 1.0000 1.0000 0.0743 0.0052 0.0004 1.0000 1.0000 0.2481 0.0173 0.0012 0.0001 1.0000 0.8284 0.0579 0.0040 0.0003 1.0000 1.0000 0.1934 0.0131
0.1948 1.0000 1.0000 0.0003 0.0042 0.0600 0.8589 1.0000 0.0001 0.0013 0.0180 0.2572 1.0000 1.0000 0.0004 0.0054 0.0770 1.0000 1.0000 0.0001 0.0016 0.0231 0.3300 1.0000 1.0000 0.0005 0.0069 0.0988 1.0000 1.0000 0.0001 0.0021 0.0298 0.4290 1.0000 0.0000 0.0006 0.0092 0.1329 1.0000 1.0000 0.0002 0.0029 0.0423 0.6157 1.0000 0.0001 0.0009 0.0132 0.1623 0.8411 0.1623 0.0132 0.0009 0.0001 1.0000 0.6157 0.0423 0.0029 0.0002 1.0000 1.0000 0.1329 0.0092 0.0006 0.0000 1.0000 0.4290 0.0298 0.0021 0.0001 1.0000 1.0000 0.0988 0.0069 0.0005 1.0000 1.0000 0.3300 0.0231 0.0016 0.0001 1.0000 1.0000 0.0770 0.0054 0.0004 1.0000 1.0000 0.2572 0.0180 0.0013 0.0001 1.0000 0.8589 0.0600 0.0042 0.0003 1.0000 1.0000 0.1948
1.0000 1.0000 0.0003 0.0043 0.0618 0.8837 1.0000 0.0001 0.0013 0.0185 0.2646 1.0000 1.0000 0.0004 0.0055 0.0793 1.0000 1.0000 0.0001 0.0017 0.0237 0.3395 1.0000 1.0000 0.0005 0.0071 0.1017 1.0000 1.0000 0.0001 0.0021 0.0305 0.4381 1.0000 0.0000 0.0006 0.0093 0.1345 1.0000 1.0000 0.0002 0.0029 0.0424 0.6146 1.0000 0.0001 0.0009 0.0136 0.1904 1.0000 1.0000 1.0000 0.1904 0.0136 0.0009 0.0001 1.0000 0.6146 0.0424 0.0029 0.0002 1.0000 1.0000 0.1345 0.0093 0.0006 0.0000 1.0000 0.4381 0.0305 0.0021 0.0001 1.0000 1.0000 0.1017 0.0071 0.0005 1.0000 1.0000 0.3395 0.0237 0.0017 0.0001 1.0000 1.0000 0.0793 0.0055 0.0004 1.0000 1.0000 0.2646 0.0185 0.0013 0.0001 1.0000 0.8837 0.0618 0.0043 0.0003 1.0000 1.0000
1.0000 0.0003 0.0043 0.0615 0.8804 1.0000 0.0001 0.0013 0.0184 0.2636 1.0000 1.0000 0.0004 0.0055 0.0790 1.0000 1.0000 0.0001 0.0017 0.0236 0.3382 1.0000 1.0000 0.0005 0.0071 0.1013 1.0000 1.0000 0.0001 0.0021 0.0303 0.4339 1.0000 0.0000 0.0006 0.0092 0.1322 1.0000 1.0000 0.0002 0.0029 0.0413 0.5973 1.0000 0.0001 0.0009 0.0132 0.1904 1.0000 1.0000 0.0001 1.0000 1.0000 0.1904 0.0132 0.0009 0.0001 1.0000 0.5973 0.0413 0.0029 0.0002 1.0000 1.0000 0.1322 0.0092 0.0006 0.0000 1.0000 0.4339 0.0303 0.0021 0.0001 1.0000 1.0000 0.1013 0.0071 0.0005 1.0000 1.0000 0.3382 0.0236 0.0017 0.0001 1.0000 1.0000 0.0790 0.0055 0.0004 1.0000 1.0000 0.2636 0.0184 0.0013 0.0001 1.0000 0.8804 0.0615 0.0043 0.0003 1.0000
0.0003 0.0037 0.0535 0.7648 1.0000 0.0001 0.0011 0.0160 0.2290 1.0000 1.0000 0.0003 0.0048 0.0686 0.9812 1.0000 0.0001 0.0014 0.0205 0.2938 1.0000 1.0000 0.0004 0.0062 0.0880 1.0000 1.0000 0.0001 0.0018 0.0264 0.3770 1.0000 0.0000 0.0006 0.0080 0.1142 1.0000 1.0000 0.0002 0.0025 0.0354 0.5110 1.0000 0.0001 0.0008 0.0112 0.1623 1.0000 1.0000 0.0002 0.0010 0.0002 1.0000 1.0000 0.1623 0.0112 0.0008 0.0001 1.0000 0.5110 0.0354 0.0025 0.0002 1.0000 1.0000 0.1142 0.0080 0.0006 0.0000 1.0000 0.3770 0.0264 0.0018 0.0001 1.0000 1.0000 0.0880 0.0062 0.0004 1.0000 1.0000 0.2938 0.0205 0.0014 0.0001 1.0000 0.9812 0.0686 0.0048 0.0003 1.0000 1.0000 0.2290 0.0160 0.0011 0.0001 1.0000 0.7648 0.0535 0.0037 0.0003
0.0013 0.0196 0.2791 1.0000 1.0000 0.0004 0.0058 0.0836 1.0000 1.0000 0.0001 0.0017 0.0250 0.3581 1.0000 1.0000 0.0005 0.0075 0.1072 1.0000 1.0000 0.0002 0.0022 0.0321 0.4594 1.0000 0.0000 0.0007 0.0096 0.1376 1.0000 1.0000 0.0002 0.0029 0.0414 0.5950 1.0000 0.0001 0.0009 0.0127 0.1840 1.0000 1.0000 0.0003 0.0040 0.0581 0.8411 1.0000 0.0001 0.0010 0.0053 0.0010 0.0001 1.0000 0.8411 0.0581 0.0040 0.0003 1.0000 1.0000 0.1840 0.0127 0.0009 0.0001 1.0000 0.5950 0.0414 0.0029 0.0002 1.0000 1.0000 0.1376 0.0096 0.0007 0.0000 1.0000 0.4594 0.0321 0.0022 0.0002 1.0000 1.0000 0.1072 0.0075 0.0005 1.0000 1.0000 0.3581 0.0250 0.0017 0.0001 1.0000 1.0000 0.0836 0.0058 0.0004 1.0000 1.0000 0.2791 0.0196 0.0013
0.0003 0.0037 0.0535 0.7648 1.0000 0.0001 0.0011 0.0160 0.2290 1.0000 1.0000 0.0003 0.0048 0.0686 0.9812 1.0000 0.0001 0.0014 0.0205 0.2938 1.0000 1.0000 0.0004 0.0062 0.0880 1.0000 1.0000 0.0001 0.0018 0.0264 0.3770 1.0000 0.0000 0.0006 0.0080 0.1142 1.0000 1.0000 0.0002 0.0025 0.0354 0.5110 1.0000 0.0001 0.0008 0.0112 0.1623 1.0000 1.0000 0.0002 0.0010 0.0002 1.0000 1.0000 0.1623 0.0112 0.0008 0.0001 1.0000 0.5110 0.0354 0.0025 0.0002 1.0000 1.0000 0.1142 0.0080 0.0006 0.0000 1.0000 0.3770 0.0264 0.0018 0.0001 1.0000 1.0000 0.0880 0.0062 0.0004 1.0000 1.0000 0.2938 0.0205 0.0014 0.0001 1.0000 0.9812 0.0686 0.0048 0.0003 1.0000 1.0000 0.2290 0.0160 0.0011 0.0001 1.0000 0.7648 0.0535 0.0037 0.0003
1.0000 0.0003 0.0043 0.0615 0.8804 1.0000 0.0001 0.0013 0.0184 0.2636 1.0000 1.0000 0.0004 0.0055 0.0790 1.0000 1.0000 0.0001 0.0017 0.0236 0.3382 1.0000 1.0000 0.0005 0.0071 0.1013 1.0000 1.0000 0.0001 0.0021 0.0303 0.4339 1.0000 0.0000 0.0006 0.0092 0.1322 1.0000 1.0000 0.0002 0.0029 0.0413 0.5973 1.0000 0.0001 0.0009 0.0132 0.1904 1.0000 1.0000 0.0001 1.0000 1.0000 0.1904 0.0132 0.0009 0.0001 1.0000 0.5973 0.0413 0.0029 0.0002 1.0000 1.0000 0.1322 0.0092 0.0006 0.0000 1.0000 0.4339 0.0303 0.0021 0.0001 1.0000 1.0000 0.1013 0.0071 0.0005 1.0000 1.0000 0.3382 0.0236 0.0017 0.0001 1.0000 1.0000 0.0790 0.0055 0.0004 1.0000 1.0000 0.2636 0.0184 0.0013 0.0001 1.0000 0.8804 0.0615 0.0043 0.0003 1.0000
1.0000 1.0000 0.0003 0.0043 0.0618 0.8837 1.0000 0.0001 0.0013 0.0185 0.2646 1.0000 1.0000 0.0004 0.0055 0.0793 1.0000 1.0000 0.0001 0.0017 0.0237 0.3395 1.0000 1.0000 0.0005 0.0071 0.1017 1.0000 1.0000 0.0001 0.0021 0.0305 0.4381 1.0000 0.0000 0.0006 0.0093 0.1345 1.0000 1.0000 0.0002 0.0029 0.0424 0.6146 1.0000 0.0001 0.0009 0.0136 0.1904 1.0000 1.0000 1.0000 0.1904 0.0136 0.0009 0.0001 1.0000 0.6146 0.0424 0.0029 0.0002 1.0000 1.0000 0.1345 0.0093 0.0006 0.0000 1.0000 0.4381 0.0305 0.0021 0.0001 1.0000 1.0000 0.1017 0.0071 0.0005 1.0000 1.0000 0.3395 0.0237 0.0017 0.0001 1.0000 1.0000 0.0793 0.0055 0.0004 1.0000 1.0000 0.2646 0.0185 0.0013 0.0001 1.0000 0.8837 0.0618 0.0043 0.0003 1.0000 1.0000
0.1948 1.0000 1.0000 0.0003 0.0042 0.0600 0.8589 1.0000 0.0001 0.0013 0.0180 0.2572 1.0000 1.0000 0.0004 0.0054 0.0770 1.0000 1.0000 0.0001 0.0016 0.0231 0.3300 1.0000 1.0000 0.0005 0.0069 0.0988 1.0000 1.0000 0.0001 0.0021 0.0298 0.4290 1.0000 0.0000 0.0006 0.0092 0.1329 1.0000 1.0000 0.0002 0.0029 0.0423 0.6157 1.0000 0.0001 0.0009 0.0132 0.1623 0.8411 0.1623 0.0132 0.0009 0.0001 1.0000 0.6157 0.0423 0.0029 0.0002 1.0000 1.0000 0.1329 0.0092 0.0006 0.0000 1.0000 0.4290 0.0298 0.0021 0.0001 1.0000 1.0000 0.0988 0.0069 0.0005 1.0000 1.0000 0.3300 0.0231 0.0016 0.0001 1.0000 1.0000 0.0770 0.0054 0.0004 1.0000 1.0000 0.2572 0.0180 0.0013 0.0001 1.0000 0.8589 0.0600 0.0042 0.0003 1.0000 1.0000 0.1948
0.0131 0.1934 1.0000 1.0000 0.0003 0.0040 0.0579 0.8284 1.0000 0.0001 0.0012 0.0173 0.2481 1.0000 1.0000 0.0004 0.0052 0.0743 1.0000 1.0000 0.0001 0.0016 0.0222 0.3183 1.0000 1.0000 0.0005 0.0067 0.0955 1.0000 1.0000 0.0001 0.0020 0.0290 0.4185 1.0000 0.0000 0.0006 0.0091 0.1309 1.0000 1.0000 0.0002 0.0029 0.0422 0.6146 1.0000 0.0001 0.0009 0.0112 0.0581 0.0112 0.0009 0.0001 1.0000 0.6146 0.0422 0.0029 0.0002 1.0000 1.0000 0.1309 0.0091 0.0006 0.0000 1.0000 0.4185 0.0290 0.0020 0.0001 1.0000 1.0000 0.0955 0.0067 0.0005 1.0000 1.0000 0.3183 0.0222 0.0016 0.0001 1.0000 1.0000 0.0743 0.0052 0.0004 1.0000 1.0000 0.2481 0.0173 0.0012 0.0001 1.0000 0.8284 0.0579 0.0040 0.0003 1.0000 1.0000 0.1934 0.0131
