0.5159 0.3708 0.1443 0.1541 0.2454 0.4659 0.4631 0.1688 0.1420 0.1990 0.3686 0.5101 0.2800 0.1396 0.1678 0.2868 0.5100 0.4070 0.1492 0.1489 0.2276 0.4331 0.4841 0.1929 0.1400 0.1867 0.3379 0.5164 0.3286 0.1413 0.1601 0.2641 0.4919 0.4389 0.1570 0.1448 0.2118 0.3989 0.4999 0.2345 0.1392 0.1762 0.3099 0.5167 0.3724 0.1446 0.1536 0.2433 0.4583 0.4790 0.3219 0.4790 0.4583 0.2433 0.1536 0.1446 0.3724 0.5167 0.3099 0.1762 0.1392 0.2345 0.4999 0.3989 0.2118 0.1448 0.1570 0.4389 0.4919 0.2641 0.1601 0.1413 0.3286 0.5164 0.3379 0.1867 0.1400 0.1929 0.4841 0.4331 0.2276 0.1489 0.1492 0.4070 0.5100 0.2868 0.1678 0.1396 0.2800 0.5101 0.3686 0.1990 0.1420 0.1688 0.4631 0.4659 0.2454 0.1541 0.1443 0.3708 0.5159
0.3708 0.1402 0.1507 0.2431 0.4653 0.4647 0.1666 0.1380 0.1961 0.3670 0.5111 0.2829 0.1354 0.1646 0.2845 0.5103 0.4094 0.1455 0.1452 0.2249 0.4319 0.4855 0.1931 0.1358 0.1837 0.3360 0.5172 0.3316 0.1372 0.1567 0.2617 0.4916 0.4409 0.1539 0.1409 0.2090 0.3975 0.5011 0.2367 0.1350 0.1730 0.3078 0.5173 0.3751 0.1406 0.1501 0.2414 0.4616 0.4701 0.1848 0.1355 0.1848 0.4701 0.4616 0.2414 0.1501 0.1406 0.3751 0.5173 0.3078 0.1730 0.1350 0.2367 0.5011 0.3975 0.2090 0.1409 0.1539 0.4409 0.4916 0.2617 0.1567 0.1372 0.3316 0.5172 0.3360 0.1837 0.1358 0.1931 0.4855 0.4319 0.2249 0.1452 0.1455 0.4094 0.5103 0.2845 0.1646 0.1354 0.2829 0.5111 0.3670 0.1961 0.1380 0.1666 0.4647 0.4653 0.2431 0.1507 0.1402 0.3708
0.1443 0.1507 0.2423 0.4632 0.4667 0.1684 0.1377 0.1947 0.3636 0.5120 0.2883 0.1355 0.1636 0.2819 0.5088 0.4131 0.1463 0.1447 0.2231 0.4281 0.4874 0.1971 0.1357 0.1825 0.3328 0.5175 0.3367 0.1375 0.1559 0.2594 0.4888 0.4439 0.1550 0.1405 0.2073 0.3938 0.5025 0.2421 0.1350 0.1720 0.3049 0.5169 0.3794 0.1411 0.1495 0.2394 0.4590 0.4698 0.1737 0.1355 0.1553 0.1355 0.1737 0.4698 0.4590 0.2394 0.1495 0.1411 0.3794 0.5169 0.3049 0.1720 0.1350 0.2421 0.5025 0.3938 0.2073 0.1405 0.1550 0.4439 0.4888 0.2594 0.1559 0.1375 0.3367 0.5175 0.3328 0.1825 0.1357 0.1971 0.4874 0.4281 0.2231 0.1447 0.1463 0.4131 0.5088 0.2819 0.1636 0.1355 0.2883 0.5120 0.3636 0.1947 0.1377 0.1684 0.4667 0.4632 0.2423 0.1507 0.1443
0.1541 0.2431 0.4632 0.4675 0.1695 0.1375 0.1936 0.3606 0.5128 0.2934 0.1356 0.1628 0.2794 0.5072 0.4168 0.1470 0.1442 0.2213 0.4244 0.4893 0.2014 0.1355 0.1812 0.3296 0.5177 0.3417 0.1378 0.1552 0.2571 0.4860 0.4469 0.1563 0.1401 0.2057 0.3901 0.5039 0.2475 0.1350 0.1709 0.3021 0.5164 0.3837 0.1416 0.1489 0.2374 0.4556 0.4716 0.1734 0.1367 0.1832 0.2583 0.1832 0.1367 0.1734 0.4716 0.4556 0.2374 0.1489 0.1416 0.3837 0.5164 0.3021 0.1709 0.1350 0.2475 0.5039 0.3901 0.2057 0.1401 0.1563 0.4469 0.4860 0.2571 0.1552 0.1378 0.3417 0.5177 0.3296 0.1812 0.1355 0.2014 0.4893 0.4244 0.2213 0.1442 0.1470 0.4168 0.5072 0.2794 0.1628 0.1356 0.2934 0.5128 0.3606 0.1936 0.1375 0.1695 0.4675 0.4632 0.2431 0.1541
0.2454 0.4653 0.4667 0.1695 0.1374 0.1929 0.3584 0.5134 0.2980 0.1358 0.1620 0.2770 0.5056 0.4202 0.1478 0.1437 0.2195 0.4206 0.4912 0.2058 0.1354 0.1800 0.3264 0.5179 0.3466 0.1381 0.1544 0.2548 0.4830 0.4499 0.1576 0.1398 0.2042 0.3864 0.5052 0.2530 0.1350 0.1699 0.2992 0.5157 0.3879 0.1421 0.1483 0.2354 0.4520 0.4739 0.1754 0.1368 0.1887 0.3335 0.4865 0.3335 0.1887 0.1368 0.1754 0.4739 0.4520 0.2354 0.1483 0.1421 0.3879 0.5157 0.2992 0.1699 0.1350 0.2530 0.5052 0.3864 0.2042 0.1398 0.1576 0.4499 0.4830 0.2548 0.1544 0.1381 0.3466 0.5179 0.3264 0.1800 0.1354 0.2058 0.4912 0.4206 0.2195 0.1437 0.1478 0.4202 0.5056 0.2770 0.1620 0.1358 0.2980 0.5134 0.3584 0.1929 0.1374 0.1695 0.4667 0.4653 0.2454
0.4659 0.4647 0.1684 0.1375 0.1929 0.3577 0.5137 0.3009 0.1359 0.1613 0.2749 0.5040 0.4234 0.1486 0.1432 0.2177 0.4168 0.4929 0.2105 0.1353 0.1788 0.3233 0.5180 0.3514 0.1385 0.1537 0.2526 0.4799 0.4528 0.1591 0.1394 0.2026 0.3827 0.5064 0.2586 0.1350 0.1688 0.2964 0.5150 0.3921 0.1427 0.1477 0.2334 0.4483 0.4762 0.1781 0.1367 0.1890 0.3457 0.5170 0.4489 0.5170 0.3457 0.1890 0.1367 0.1781 0.4762 0.4483 0.2334 0.1477 0.1427 0.3921 0.5150 0.2964 0.1688 0.1350 0.2586 0.5064 0.3827 0.2026 0.1394 0.1591 0.4528 0.4799 0.2526 0.1537 0.1385 0.3514 0.5180 0.3233 0.1788 0.1353 0.2105 0.4929 0.4168 0.2177 0.1432 0.1486 0.4234 0.5040 0.2749 0.1613 0.1359 0.3009 0.5137 0.3577 0.1929 0.1375 0.1684 0.4647 0.4659
0.4631 0.1666 0.1377 0.1936 0.3584 0.5137 0.3019 0.1360 0.1608 0.2733 0.5025 0.4261 0.1494 0.1428 0.2162 0.4133 0.4946 0.2152 0.1352 0.1777 0.3202 0.5181 0.3561 0.1388 0.1530 0.2504 0.4767 0.4556 0.1606 0.1391 0.2011 0.3791 0.5076 0.2641 0.1351 0.1678 0.2937 0.5141 0.3961 0.1433 0.1471 0.2314 0.4446 0.4784 0.1810 0.1365 0.1880 0.3461 0.5161 0.3457 0.1576 0.3457 0.5161 0.3461 0.1880 0.1365 0.1810 0.4784 0.4446 0.2314 0.1471 0.1433 0.3961 0.5141 0.2937 0.1678 0.1351 0.2641 0.5076 0.3791 0.2011 0.1391 0.1606 0.4556 0.4767 0.2504 0.1530 0.1388 0.3561 0.5181 0.3202 0.1777 0.1352 0.2152 0.4946 0.4133 0.2162 0.1428 0.1494 0.4261 0.5025 0.2733 0.1608 0.1360 0.3019 0.5137 0.3584 0.1936 0.1377 0.1666 0.4631
0.1688 0.1380 0.1947 0.3606 0.5134 0.3009 0.1360 0.1607 0.2725 0.5015 0.4283 0.1500 0.1425 0.2148 0.4101 0.4961 0.2198 0.1351 0.1766 0.3172 0.5180 0.3608 0.1392 0.1523 0.2482 0.4735 0.4583 0.1622 0.1387 0.1996 0.3755 0.5087 0.2696 0.1352 0.1669 0.2909 0.5131 0.4001 0.1439 0.1465 0.2295 0.4409 0.4805 0.1843 0.1363 0.1868 0.3437 0.5162 0.3266 0.1378 0.1380 0.1378 0.3266 0.5162 0.3437 0.1868 0.1363 0.1843 0.4805 0.4409 0.2295 0.1465 0.1439 0.4001 0.5131 0.2909 0.1669 0.1352 0.2696 0.5087 0.3755 0.1996 0.1387 0.1622 0.4583 0.4735 0.2482 0.1523 0.1392 0.3608 0.5180 0.3172 0.1766 0.1351 0.2198 0.4961 0.4101 0.2148 0.1425 0.1500 0.4283 0.5015 0.2725 0.1607 0.1360 0.3009 0.5134 0.3606 0.1947 0.1380 0.1688
0.1420 0.1961 0.3636 0.5128 0.2980 0.1359 0.1608 0.2725 0.5012 0.4293 0.1505 0.1422 0.2136 0.4073 0.4974 0.2241 0.1351 0.1755 0.3144 0.5179 0.3653 0.1396 0.1516 0.2460 0.4701 0.4610 0.1639 0.1384 0.1981 0.3719 0.5097 0.2752 0.1352 0.1659 0.2882 0.5120 0.4040 0.1446 0.1460 0.2276 0.4372 0.4827 0.1878 0.1361 0.1855 0.3405 0.5166 0.3261 0.1371 0.1524 0.1980 0.1524 0.1371 0.3261 0.5166 0.3405 0.1855 0.1361 0.1878 0.4827 0.4372 0.2276 0.1460 0.1446 0.4040 0.5120 0.2882 0.1659 0.1352 0.2752 0.5097 0.3719 0.1981 0.1384 0.1639 0.4610 0.4701 0.2460 0.1516 0.1396 0.3653 0.5179 0.3144 0.1755 0.1351 0.2241 0.4974 0.4073 0.2136 0.1422 0.1505 0.4293 0.5012 0.2725 0.1608 0.1359 0.2980 0.5128 0.3636 0.1961 0.1420
0.1990 0.3670 0.5120 0.2934 0.1358 0.1613 0.2733 0.5015 0.4293 0.1506 0.1421 0.2128 0.4051 0.4984 0.2278 0.1350 0.1746 0.3118 0.5177 0.3695 0.1400 0.1509 0.2439 0.4667 0.4637 0.1658 0.1381 0.1966 0.3684 0.5107 0.2807 0.1353 0.1649 0.2856 0.5108 0.4079 0.1452 0.1454 0.2257 0.4334 0.4847 0.1915 0.1359 0.1842 0.3373 0.5170 0.3299 0.1371 0.1557 0.2481 0.3724 0.2481 0.1557 0.1371 0.3299 0.5170 0.3373 0.1842 0.1359 0.1915 0.4847 0.4334 0.2257 0.1454 0.1452 0.4079 0.5108 0.2856 0.1649 0.1353 0.2807 0.5107 0.3684 0.1966 0.1381 0.1658 0.4637 0.4667 0.2439 0.1509 0.1400 0.3695 0.5177 0.3118 0.1746 0.1350 0.2278 0.4984 0.4051 0.2128 0.1421 0.1506 0.4293 0.5015 0.2733 0.1613 0.1358 0.2934 0.5120 0.3670 0.1990
0.3686 0.5111 0.2883 0.1356 0.1620 0.2749 0.5025 0.4283 0.1505 0.1421 0.2126 0.4040 0.4990 0.2306 0.1350 0.1739 0.3096 0.5175 0.3733 0.1404 0.1503 0.2419 0.4634 0.4662 0.1678 0.1378 0.1952 0.3649 0.5117 0.2862 0.1355 0.1640 0.2829 0.5094 0.4116 0.1460 0.1449 0.2238 0.4296 0.4867 0.1955 0.1357 0.1830 0.3341 0.5174 0.3347 0.1374 0.1560 0.2569 0.4707 0.5093 0.4707 0.2569 0.1560 0.1374 0.3347 0.5174 0.3341 0.1830 0.1357 0.1955 0.4867 0.4296 0.2238 0.1449 0.1460 0.4116 0.5094 0.2829 0.1640 0.1355 0.2862 0.5117 0.3649 0.1952 0.1378 0.1678 0.4662 0.4634 0.2419 0.1503 0.1404 0.3733 0.5175 0.3096 0.1739 0.1350 0.2306 0.4990 0.4040 0.2126 0.1421 0.1505 0.4283 0.5025 0.2749 0.1620 0.1356 0.2883 0.5111 0.3686
0.5101 0.2829 0.1355 0.1628 0.2770 0.5040 0.4261 0.1500 0.1422 0.2128 0.4040 0.4992 0.2322 0.1350 0.1733 0.3079 0.5172 0.3765 0.1408 0.1498 0.2402 0.4602 0.4685 0.1698 0.1375 0.1938 0.3614 0.5126 0.2917 0.1356 0.1631 0.2803 0.5079 0.4153 0.1467 0.1444 0.2220 0.4259 0.4886 0.1996 0.1356 0.1817 0.3309 0.5177 0.3397 0.1377 0.1554 0.2573 0.4828 0.4627 0.2862 0.4627 0.4828 0.2573 0.1554 0.1377 0.3397 0.5177 0.3309 0.1817 0.1356 0.1996 0.4886 0.4259 0.2220 0.1444 0.1467 0.4153 0.5079 0.2803 0.1631 0.1356 0.2917 0.5126 0.3614 0.1938 0.1375 0.1698 0.4685 0.4602 0.2402 0.1498 0.1408 0.3765 0.5172 0.3079 0.1733 0.1350 0.2322 0.4992 0.4040 0.2128 0.1422 0.1500 0.4261 0.5040 0.2770 0.1628 0.1355 0.2829 0.5101
0.2800 0.1354 0.1636 0.2794 0.5056 0.4234 0.1494 0.1425 0.2136 0.4051 0.4990 0.2322 0.1350 0.1730 0.3067 0.5170 0.3791 0.1411 0.1493 0.2386 0.4573 0.4705 0.1719 0.1373 0.1924 0.3580 0.5134 0.2971 0.1357 0.1622 0.2778 0.5062 0.4189 0.1475 0.1439 0.2202 0.4221 0.4904 0.2040 0.1354 0.1805 0.3277 0.5179 0.3446 0.1380 0.1547 0.2556 0.4832 0.4528 0.1670 0.1344 0.1670 0.4528 0.4832 0.2556 0.1547 0.1380 0.3446 0.5179 0.3277 0.1805 0.1354 0.2040 0.4904 0.4221 0.2202 0.1439 0.1475 0.4189 0.5062 0.2778 0.1622 0.1357 0.2971 0.5134 0.3580 0.1924 0.1373 0.1719 0.4705 0.4573 0.2386 0.1493 0.1411 0.3791 0.5170 0.3067 0.1730 0.1350 0.2322 0.4990 0.4051 0.2136 0.1425 0.1494 0.4234 0.5056 0.2794 0.1636 0.1354 0.2800
0.1396 0.1646 0.2819 0.5072 0.4202 0.1486 0.1428 0.2148 0.4073 0.4984 0.2306 0.1350 0.1730 0.3063 0.5169 0.3808 0.1414 0.1490 0.2373 0.4548 0.4723 0.1739 0.1370 0.1913 0.3549 0.5141 0.3024 0.1359 0.1613 0.2752 0.5044 0.4225 0.1483 0.1434 0.2184 0.4183 0.4922 0.2086 0.1353 0.1793 0.3246 0.5180 0.3495 0.1383 0.1540 0.2535 0.4810 0.4525 0.1605 0.1370 0.1607 0.1370 0.1605 0.4525 0.4810 0.2535 0.1540 0.1383 0.3495 0.5180 0.3246 0.1793 0.1353 0.2086 0.4922 0.4183 0.2184 0.1434 0.1483 0.4225 0.5044 0.2752 0.1613 0.1359 0.3024 0.5141 0.3549 0.1913 0.1370 0.1739 0.4723 0.4548 0.2373 0.1490 0.1414 0.3808 0.5169 0.3063 0.1730 0.1350 0.2306 0.4984 0.4073 0.2148 0.1428 0.1486 0.4202 0.5072 0.2819 0.1646 0.1396
0.1678 0.2845 0.5088 0.4168 0.1478 0.1432 0.2162 0.4101 0.4974 0.2278 0.1350 0.1733 0.3067 0.5169 0.3813 0.1415 0.1488 0.2363 0.4529 0.4738 0.1756 0.1369 0.1902 0.3522 0.5147 0.3072 0.1361 0.1605 0.2728 0.5024 0.4259 0.1492 0.1429 0.2167 0.4145 0.4940 0.2134 0.1352 0.1781 0.3215 0.5181 0.3542 0.1387 0.1532 0.2512 0.4780 0.4546 0.1604 0.1386 0.1919 0.2744 0.1919 0.1386 0.1604 0.4546 0.4780 0.2512 0.1532 0.1387 0.3542 0.5181 0.3215 0.1781 0.1352 0.2134 0.4940 0.4145 0.2167 0.1429 0.1492 0.4259 0.5024 0.2728 0.1605 0.1361 0.3072 0.5147 0.3522 0.1902 0.1369 0.1756 0.4738 0.4529 0.2363 0.1488 0.1415 0.3813 0.5169 0.3067 0.1733 0.1350 0.2278 0.4974 0.4101 0.2162 0.1432 0.1478 0.4168 0.5088 0.2845 0.1678
0.2868 0.5103 0.4131 0.1470 0.1437 0.2177 0.4133 0.4961 0.2241 0.1350 0.1739 0.3079 0.5170 0.3808 0.1415 0.1487 0.2359 0.4516 0.4748 0.1771 0.1367 0.1893 0.3497 0.5152 0.3115 0.1363 0.1597 0.2706 0.5004 0.4293 0.1501 0.1425 0.2149 0.4108 0.4956 0.2183 0.1351 0.1770 0.3184 0.5180 0.3590 0.1391 0.1525 0.2490 0.4748 0.4573 0.1616 0.1387 0.1979 0.3553 0.5025 0.3553 0.1979 0.1387 0.1616 0.4573 0.4748 0.2490 0.1525 0.1391 0.3590 0.5180 0.3184 0.1770 0.1351 0.2183 0.4956 0.4108 0.2149 0.1425 0.1501 0.4293 0.5004 0.2706 0.1597 0.1363 0.3115 0.5152 0.3497 0.1893 0.1367 0.1771 0.4748 0.4516 0.2359 0.1487 0.1415 0.3808 0.5170 0.3079 0.1739 0.1350 0.2241 0.4961 0.4133 0.2177 0.1437 0.1470 0.4131 0.5103 0.2868
0.5100 0.4094 0.1463 0.1442 0.2195 0.4168 0.4946 0.2198 0.1351 0.1746 0.3096 0.5172 0.3791 0.1414 0.1488 0.2359 0.4511 0.4754 0.1781 0.1366 0.1886 0.3477 0.5156 0.3152 0.1364 0.1591 0.2686 0.4985 0.4323 0.1511 0.1420 0.2132 0.4070 0.4973 0.2233 0.1351 0.1758 0.3154 0.5179 0.3636 0.1395 0.1518 0.2469 0.4715 0.4600 0.1632 0.1385 0.1982 0.3682 0.5139 0.4286 0.5139 0.3682 0.1982 0.1385 0.1632 0.4600 0.4715 0.2469 0.1518 0.1395 0.3636 0.5179 0.3154 0.1758 0.1351 0.2233 0.4973 0.4070 0.2132 0.1420 0.1511 0.4323 0.4985 0.2686 0.1591 0.1364 0.3152 0.5156 0.3477 0.1886 0.1366 0.1781 0.4754 0.4511 0.2359 0.1488 0.1414 0.3791 0.5172 0.3096 0.1746 0.1351 0.2198 0.4946 0.4168 0.2195 0.1442 0.1463 0.4094 0.5100
0.4070 0.1455 0.1447 0.2213 0.4206 0.4929 0.2152 0.1351 0.1755 0.3118 0.5175 0.3765 0.1411 0.1490 0.2363 0.4516 0.4754 0.1784 0.1366 0.1882 0.3464 0.5158 0.3182 0.1366 0.1585 0.2668 0.4967 0.4349 0.1519 0.1416 0.2116 0.4034 0.4988 0.2285 0.1350 0.1747 0.3124 0.5178 0.3681 0.1399 0.1512 0.2447 0.4681 0.4626 0.1650 0.1382 0.1971 0.3687 0.5115 0.3124 0.1496 0.3124 0.5115 0.3687 0.1971 0.1382 0.1650 0.4626 0.4681 0.2447 0.1512 0.1399 0.3681 0.5178 0.3124 0.1747 0.1350 0.2285 0.4988 0.4034 0.2116 0.1416 0.1519 0.4349 0.4967 0.2668 0.1585 0.1366 0.3182 0.5158 0.3464 0.1882 0.1366 0.1784 0.4754 0.4516 0.2363 0.1490 0.1411 0.3765 0.5175 0.3118 0.1755 0.1351 0.2152 0.4929 0.4206 0.2213 0.1447 0.1455 0.4070
0.1492 0.1452 0.2231 0.4244 0.4912 0.2105 0.1352 0.1766 0.3144 0.5177 0.3733 0.1408 0.1493 0.2373 0.4529 0.4748 0.1781 0.1366 0.1881 0.3456 0.5160 0.3203 0.1367 0.1580 0.2652 0.4949 0.4372 0.1527 0.1413 0.2102 0.4000 0.5002 0.2335 0.1350 0.1736 0.3094 0.5175 0.3726 0.1403 0.1505 0.2426 0.4646 0.4652 0.1670 0.1379 0.1957 0.3661 0.5116 0.2918 0.1359 0.1404 0.1359 0.2918 0.5116 0.3661 0.1957 0.1379 0.1670 0.4652 0.4646 0.2426 0.1505 0.1403 0.3726 0.5175 0.3094 0.1736 0.1350 0.2335 0.5002 0.4000 0.2102 0.1413 0.1527 0.4372 0.4949 0.2652 0.1580 0.1367 0.3203 0.5160 0.3456 0.1881 0.1366 0.1781 0.4748 0.4529 0.2373 0.1493 0.1408 0.3733 0.5177 0.3144 0.1766 0.1352 0.2105 0.4912 0.4244 0.2231 0.1452 0.1492
0.1489 0.2249 0.4281 0.4893 0.2058 0.1353 0.1777 0.3172 0.5179 0.3695 0.1404 0.1498 0.2386 0.4548 0.4738 0.1771 0.1366 0.1882 0.3456 0.5161 0.3213 0.1368 0.1577 0.2640 0.4935 0.4393 0.1535 0.1410 0.2090 0.3970 0.5014 0.2381 0.1350 0.1726 0.3066 0.5171 0.3770 0.1408 0.1499 0.2405 0.4611 0.4677 0.1691 0.1376 0.1943 0.3627 0.5122 0.2912 0.1356 0.1573 0.2083 0.1573 0.1356 0.2912 0.5122 0.3627 0.1943 0.1376 0.1691 0.4677 0.4611 0.2405 0.1499 0.1408 0.3770 0.5171 0.3066 0.1726 0.1350 0.2381 0.5014 0.3970 0.2090 0.1410 0.1535 0.4393 0.4935 0.2640 0.1577 0.1368 0.3213 0.5161 0.3456 0.1882 0.1366 0.1771 0.4738 0.4548 0.2386 0.1498 0.1404 0.3695 0.5179 0.3172 0.1777 0.1353 0.2058 0.4893 0.4281 0.2249 0.1489
0.2276 0.4319 0.4874 0.2014 0.1354 0.1788 0.3202 0.5180 0.3653 0.1400 0.1503 0.2402 0.4573 0.4723 0.1756 0.1367 0.1886 0.3464 0.5160 0.3213 0.1368 0.1575 0.2633 0.4924 0.4408 0.1541 0.1407 0.2079 0.3944 0.5024 0.2425 0.1350 0.1717 0.3040 0.5167 0.3813 0.1413 0.1492 0.2385 0.4576 0.4702 0.1714 0.1373 0.1929 0.3593 0.5131 0.2953 0.1357 0.1611 0.2631 0.3965 0.2631 0.1611 0.1357 0.2953 0.5131 0.3593 0.1929 0.1373 0.1714 0.4702 0.4576 0.2385 0.1492 0.1413 0.3813 0.5167 0.3040 0.1717 0.1350 0.2425 0.5024 0.3944 0.2079 0.1407 0.1541 0.4408 0.4924 0.2633 0.1575 0.1368 0.3213 0.5160 0.3464 0.1886 0.1367 0.1756 0.4723 0.4573 0.2402 0.1503 0.1400 0.3653 0.5180 0.3202 0.1788 0.1354 0.2014 0.4874 0.4319 0.2276
0.4331 0.4855 0.1971 0.1355 0.1800 0.3233 0.5181 0.3608 0.1396 0.1509 0.2419 0.4602 0.4705 0.1739 0.1369 0.1893 0.3477 0.5158 0.3203 0.1368 0.1575 0.2631 0.4919 0.4418 0.1546 0.1406 0.2070 0.3922 0.5033 0.2463 0.1350 0.1709 0.3017 0.5162 0.3851 0.1418 0.1486 0.2365 0.4540 0.4726 0.1738 0.1371 0.1915 0.3558 0.5138 0.3004 0.1358 0.1613 0.2726 0.4907 0.5017 0.4907 0.2726 0.1613 0.1358 0.3004 0.5138 0.3558 0.1915 0.1371 0.1738 0.4726 0.4540 0.2365 0.1486 0.1418 0.3851 0.5162 0.3017 0.1709 0.1350 0.2463 0.5033 0.3922 0.2070 0.1406 0.1546 0.4418 0.4919 0.2631 0.1575 0.1368 0.3203 0.5158 0.3477 0.1893 0.1369 0.1739 0.4705 0.4602 0.2419 0.1509 0.1396 0.3608 0.5181 0.3233 0.1800 0.1355 0.1971 0.4855 0.4331
0.4841 0.1931 0.1357 0.1812 0.3264 0.5180 0.3561 0.1392 0.1516 0.2439 0.4634 0.4685 0.1719 0.1370 0.1902 0.3497 0.5156 0.3182 0.1367 0.1577 0.2633 0.4919 0.4421 0.1549 0.1404 0.2064 0.3905 0.5041 0.2496 0.1350 0.1702 0.2997 0.5157 0.3885 0.1423 0.1481 0.2346 0.4505 0.4748 0.1765 0.1368 0.1902 0.3524 0.5145 0.3058 0.1360 0.1607 0.2729 0.5001 0.4445 0.2500 0.4445 0.5001 0.2729 0.1607 0.1360 0.3058 0.5145 0.3524 0.1902 0.1368 0.1765 0.4748 0.4505 0.2346 0.1481 0.1423 0.3885 0.5157 0.2997 0.1702 0.1350 0.2496 0.5041 0.3905 0.2064 0.1404 0.1549 0.4421 0.4919 0.2633 0.1577 0.1367 0.3182 0.5156 0.3497 0.1902 0.1370 0.1719 0.4685 0.4634 0.2439 0.1516 0.1392 0.3561 0.5180 0.3264 0.1812 0.1357 0.1931 0.4841
0.1929 0.1358 0.1825 0.3296 0.5179 0.3514 0.1388 0.1523 0.2460 0.4667 0.4662 0.1698 0.1373 0.1913 0.3522 0.5152 0.3152 0.1366 0.1580 0.2640 0.4924 0.4418 0.1549 0.1404 0.2061 0.3894 0.5046 0.2522 0.1350 0.1695 0.2979 0.5152 0.3914 0.1427 0.1476 0.2329 0.4472 0.4769 0.1792 0.1366 0.1888 0.3490 0.5152 0.3111 0.1362 0.1599 0.2711 0.5004 0.4327 0.1562 0.1340 0.1562 0.4327 0.5004 0.2711 0.1599 0.1362 0.3111 0.5152 0.3490 0.1888 0.1366 0.1792 0.4769 0.4472 0.2329 0.1476 0.1427 0.3914 0.5152 0.2979 0.1695 0.1350 0.2522 0.5046 0.3894 0.2061 0.1404 0.1549 0.4418 0.4924 0.2640 0.1580 0.1366 0.3152 0.5152 0.3522 0.1913 0.1373 0.1698 0.4662 0.4667 0.2460 0.1523 0.1388 0.3514 0.5179 0.3296 0.1825 0.1358 0.1929
0.1400 0.1837 0.3328 0.5177 0.3466 0.1385 0.1530 0.2482 0.4701 0.4637 0.1678 0.1375 0.1924 0.3549 0.5147 0.3115 0.1364 0.1585 0.2652 0.4935 0.4408 0.1546 0.1404 0.2061 0.3890 0.5048 0.2538 0.1350 0.1691 0.2963 0.5148 0.3939 0.1431 0.1472 0.2314 0.4442 0.4788 0.1819 0.1364 0.1876 0.3458 0.5158 0.3164 0.1364 0.1591 0.2688 0.4988 0.4324 0.1521 0.1391 0.1668 0.1391 0.1521 0.4324 0.4988 0.2688 0.1591 0.1364 0.3164 0.5158 0.3458 0.1876 0.1364 0.1819 0.4788 0.4442 0.2314 0.1472 0.1431 0.3939 0.5148 0.2963 0.1691 0.1350 0.2538 0.5048 0.3890 0.2061 0.1404 0.1546 0.4408 0.4935 0.2652 0.1585 0.1364 0.3115 0.5147 0.3549 0.1924 0.1375 0.1678 0.4637 0.4701 0.2482 0.1530 0.1385 0.3466 0.5177 0.3328 0.1837 0.1400
0.1867 0.3360 0.5175 0.3417 0.1381 0.1537 0.2504 0.4735 0.4610 0.1658 0.1378 0.1938 0.3580 0.5141 0.3072 0.1363 0.1591 0.2668 0.4949 0.4393 0.1541 0.1406 0.2064 0.3894 0.5048 0.2544 0.1350 0.1688 0.2952 0.5144 0.3961 0.1434 0.1468 0.2302 0.4416 0.4804 0.1845 0.1362 0.1865 0.3428 0.5163 0.3215 0.1367 0.1583 0.2664 0.4966 0.4348 0.1520 0.1410 0.2015 0.2918 0.2015 0.1410 0.1520 0.4348 0.4966 0.2664 0.1583 0.1367 0.3215 0.5163 0.3428 0.1865 0.1362 0.1845 0.4804 0.4416 0.2302 0.1468 0.1434 0.3961 0.5144 0.2952 0.1688 0.1350 0.2544 0.5048 0.3894 0.2064 0.1406 0.1541 0.4393 0.4949 0.2668 0.1591 0.1363 0.3072 0.5141 0.3580 0.1938 0.1378 0.1658 0.4610 0.4735 0.2504 0.1537 0.1381 0.3417 0.5175 0.3360 0.1867
0.3379 0.5172 0.3367 0.1378 0.1544 0.2526 0.4767 0.4583 0.1639 0.1381 0.1952 0.3614 0.5134 0.3024 0.1361 0.1597 0.2686 0.4967 0.4372 0.1535 0.1407 0.2070 0.3905 0.5046 0.2538 0.1350 0.1686 0.2947 0.5141 0.3977 0.1437 0.1465 0.2291 0.4394 0.4818 0.1869 0.1361 0.1855 0.3401 0.5167 0.3262 0.1369 0.1575 0.2640 0.4941 0.4379 0.1528 0.1412 0.2080 0.3783 0.5122 0.3783 0.2080 0.1412 0.1528 0.4379 0.4941 0.2640 0.1575 0.1369 0.3262 0.5167 0.3401 0.1855 0.1361 0.1869 0.4818 0.4394 0.2291 0.1465 0.1437 0.3977 0.5141 0.2947 0.1686 0.1350 0.2538 0.5046 0.3905 0.2070 0.1407 0.1535 0.4372 0.4967 0.2686 0.1597 0.1361 0.3024 0.5134 0.3614 0.1952 0.1381 0.1639 0.4583 0.4767 0.2526 0.1544 0.1378 0.3367 0.5172 0.3379
0.5164 0.3316 0.1375 0.1552 0.2548 0.4799 0.4556 0.1622 0.1384 0.1966 0.3649 0.5126 0.2971 0.1359 0.1605 0.2706 0.4985 0.4349 0.1527 0.1410 0.2079 0.3922 0.5041 0.2522 0.1350 0.1688 0.2947 0.5140 0.3985 0.1439 0.1463 0.2282 0.4375 0.4829 0.1891 0.1360 0.1846 0.3378 0.5170 0.3302 0.1371 0.1568 0.2618 0.4915 0.4410 0.1539 0.1409 0.2083 0.3919 0.5082 0.4052 0.5082 0.3919 0.2083 0.1409 0.1539 0.4410 0.4915 0.2618 0.1568 0.1371 0.3302 0.5170 0.3378 0.1846 0.1360 0.1891 0.4829 0.4375 0.2282 0.1463 0.1439 0.3985 0.5140 0.2947 0.1688 0.1350 0.2522 0.5041 0.3922 0.2079 0.1410 0.1527 0.4349 0.4985 0.2706 0.1605 0.1359 0.2971 0.5126 0.3649 0.1966 0.1384 0.1622 0.4556 0.4799 0.2548 0.1552 0.1375 0.3316 0.5164
0.3286 0.1372 0.1559 0.2571 0.4830 0.4528 0.1606 0.1387 0.1981 0.3684 0.5117 0.2917 0.1357 0.1613 0.2728 0.5004 0.4323 0.1519 0.1413 0.2090 0.3944 0.5033 0.2496 0.1350 0.1691 0.2952 0.5141 0.3985 0.1440 0.1462 0.2277 0.4361 0.4839 0.1910 0.1359 0.1838 0.3357 0.5173 0.3338 0.1374 0.1561 0.2598 0.4891 0.4439 0.1551 0.1405 0.2072 0.3924 0.5043 0.2767 0.1440 0.2767 0.5043 0.3924 0.2072 0.1405 0.1551 0.4439 0.4891 0.2598 0.1561 0.1374 0.3338 0.5173 0.3357 0.1838 0.1359 0.1910 0.4839 0.4361 0.2277 0.1462 0.1440 0.3985 0.5141 0.2952 0.1691 0.1350 0.2496 0.5033 0.3944 0.2090 0.1413 0.1519 0.4323 0.5004 0.2728 0.1613 0.1357 0.2917 0.5117 0.3684 0.1981 0.1387 0.1606 0.4528 0.4830 0.2571 0.1559 0.1372 0.3286
0.1413 0.1567 0.2594 0.4860 0.4499 0.1591 0.1391 0.1996 0.3719 0.5107 0.2862 0.1356 0.1622 0.2752 0.5024 0.4293 0.1511 0.1416 0.2102 0.3970 0.5024 0.2463 0.1350 0.1695 0.2963 0.5144 0.3977 0.1439 0.1462 0.2275 0.4353 0.4845 0.1924 0.1358 0.1832 0.3339 0.5175 0.3369 0.1375 0.1556 0.2580 0.4868 0.4465 0.1562 0.1402 0.2058 0.3898 0.5043 0.2556 0.1348 0.1434 0.1348 0.2556 0.5043 0.3898 0.2058 0.1402 0.1562 0.4465 0.4868 0.2580 0.1556 0.1375 0.3369 0.5175 0.3339 0.1832 0.1358 0.1924 0.4845 0.4353 0.2275 0.1462 0.1439 0.3977 0.5144 0.2963 0.1695 0.1350 0.2463 0.5024 0.3970 0.2102 0.1416 0.1511 0.4293 0.5024 0.2752 0.1622 0.1356 0.2862 0.5107 0.3719 0.1996 0.1391 0.1591 0.4499 0.4860 0.2594 0.1567 0.1413
0.1601 0.2617 0.4888 0.4469 0.1576 0.1394 0.2011 0.3755 0.5097 0.2807 0.1355 0.1631 0.2778 0.5044 0.4259 0.1501 0.1420 0.2116 0.4000 0.5014 0.2425 0.1350 0.1702 0.2979 0.5148 0.3961 0.1437 0.1463 0.2277 0.4353 0.4847 0.1932 0.1357 0.1827 0.3325 0.5176 0.3396 0.1377 0.1551 0.2565 0.4847 0.4487 0.1572 0.1398 0.2044 0.3866 0.5052 0.2549 0.1349 0.1630 0.2197 0.1630 0.1349 0.2549 0.5052 0.3866 0.2044 0.1398 0.1572 0.4487 0.4847 0.2565 0.1551 0.1377 0.3396 0.5176 0.3325 0.1827 0.1357 0.1932 0.4847 0.4353 0.2277 0.1463 0.1437 0.3961 0.5148 0.2979 0.1702 0.1350 0.2425 0.5014 0.4000 0.2116 0.1420 0.1501 0.4259 0.5044 0.2778 0.1631 0.1355 0.2807 0.5097 0.3755 0.2011 0.1394 0.1576 0.4469 0.4888 0.2617 0.1601
0.2641 0.4916 0.4439 0.1563 0.1398 0.2026 0.3791 0.5087 0.2752 0.1353 0.1640 0.2803 0.5062 0.4225 0.1492 0.1425 0.2132 0.4034 0.5002 0.2381 0.1350 0.1709 0.2997 0.5152 0.3939 0.1434 0.1465 0.2282 0.4361 0.4845 0.1932 0.1357 0.1825 0.3315 0.5177 0.3419 0.1379 0.1547 0.2553 0.4829 0.4506 0.1582 0.1396 0.2031 0.3837 0.5062 0.2584 0.1350 0.1672 0.2795 0.4213 0.2795 0.1672 0.1350 0.2584 0.5062 0.3837 0.2031 0.1396 0.1582 0.4506 0.4829 0.2553 0.1547 0.1379 0.3419 0.5177 0.3315 0.1825 0.1357 0.1932 0.4845 0.4361 0.2282 0.1465 0.1434 0.3939 0.5152 0.2997 0.1709 0.1350 0.2381 0.5002 0.4034 0.2132 0.1425 0.1492 0.4225 0.5062 0.2803 0.1640 0.1353 0.2752 0.5087 0.3791 0.2026 0.1398 0.1563 0.4439 0.4916 0.2641
0.4919 0.4409 0.1550 0.1401 0.2042 0.3827 0.5076 0.2696 0.1352 0.1649 0.2829 0.5079 0.4189 0.1483 0.1429 0.2149 0.4070 0.4988 0.2335 0.1350 0.1717 0.3017 0.5157 0.3914 0.1431 0.1468 0.2291 0.4375 0.4839 0.1924 0.1357 0.1825 0.3312 0.5177 0.3433 0.1380 0.1544 0.2542 0.4814 0.4522 0.1591 0.1393 0.2021 0.3810 0.5071 0.2626 0.1351 0.1676 0.2898 0.5055 0.4914 0.5055 0.2898 0.1676 0.1351 0.2626 0.5071 0.3810 0.2021 0.1393 0.1591 0.4522 0.4814 0.2542 0.1544 0.1380 0.3433 0.5177 0.3312 0.1825 0.1357 0.1924 0.4839 0.4375 0.2291 0.1468 0.1431 0.3914 0.5157 0.3017 0.1717 0.1350 0.2335 0.4988 0.4070 0.2149 0.1429 0.1483 0.4189 0.5079 0.2829 0.1649 0.1352 0.2696 0.5076 0.3827 0.2042 0.1401 0.1550 0.4409 0.4919
0.4389 0.1539 0.1405 0.2057 0.3864 0.5064 0.2641 0.1352 0.1659 0.2856 0.5094 0.4153 0.1475 0.1434 0.2167 0.4108 0.4973 0.2285 0.1350 0.1726 0.3040 0.5162 0.3885 0.1427 0.1472 0.2302 0.4394 0.4829 0.1910 0.1358 0.1827 0.3315 0.5177 0.3438 0.1381 0.1542 0.2534 0.4801 0.4535 0.1598 0.1391 0.2011 0.3786 0.5079 0.2666 0.1351 0.1671 0.2905 0.5115 0.4229 0.2146 0.4229 0.5115 0.2905 0.1671 0.1351 0.2666 0.5079 0.3786 0.2011 0.1391 0.1598 0.4535 0.4801 0.2534 0.1542 0.1381 0.3438 0.5177 0.3315 0.1827 0.1358 0.1910 0.4829 0.4394 0.2302 0.1472 0.1427 0.3885 0.5162 0.3040 0.1726 0.1350 0.2285 0.4973 0.4108 0.2167 0.1434 0.1475 0.4153 0.5094 0.2856 0.1659 0.1352 0.2641 0.5064 0.3864 0.2057 0.1405 0.1539 0.4389
0.1570 0.1409 0.2073 0.3901 0.5052 0.2586 0.1351 0.1669 0.2882 0.5108 0.4116 0.1467 0.1439 0.2184 0.4145 0.4956 0.2233 0.1350 0.1736 0.3066 0.5167 0.3851 0.1423 0.1476 0.2314 0.4416 0.4818 0.1891 0.1359 0.1832 0.3325 0.5177 0.3433 0.1381 0.1541 0.2529 0.4792 0.4545 0.1604 0.1390 0.2004 0.3766 0.5086 0.2701 0.1352 0.1664 0.2892 0.5120 0.4088 0.1488 0.1342 0.1488 0.4088 0.5120 0.2892 0.1664 0.1352 0.2701 0.5086 0.3766 0.2004 0.1390 0.1604 0.4545 0.4792 0.2529 0.1541 0.1381 0.3433 0.5177 0.3325 0.1832 0.1359 0.1891 0.4818 0.4416 0.2314 0.1476 0.1423 0.3851 0.5167 0.3066 0.1736 0.1350 0.2233 0.4956 0.4145 0.2184 0.1439 0.1467 0.4116 0.5108 0.2882 0.1669 0.1351 0.2586 0.5052 0.3901 0.2073 0.1409 0.1570
0.1448 0.2090 0.3938 0.5039 0.2530 0.1350 0.1678 0.2909 0.5120 0.4079 0.1460 0.1444 0.2202 0.4183 0.4940 0.2183 0.1351 0.1747 0.3094 0.5171 0.3813 0.1418 0.1481 0.2329 0.4442 0.4804 0.1869 0.1360 0.1838 0.3339 0.5176 0.3419 0.1380 0.1542 0.2529 0.4788 0.4550 0.1609 0.1389 0.1998 0.3750 0.5091 0.2732 0.1352 0.1658 0.2876 0.5114 0.4075 0.1459 0.1418 0.1741 0.1418 0.1459 0.4075 0.5114 0.2876 0.1658 0.1352 0.2732 0.5091 0.3750 0.1998 0.1389 0.1609 0.4550 0.4788 0.2529 0.1542 0.1380 0.3419 0.5176 0.3339 0.1838 0.1360 0.1869 0.4804 0.4442 0.2329 0.1481 0.1418 0.3813 0.5171 0.3094 0.1747 0.1351 0.2183 0.4940 0.4183 0.2202 0.1444 0.1460 0.4079 0.5120 0.2909 0.1678 0.1350 0.2530 0.5039 0.3938 0.2090 0.1448
0.2118 0.3975 0.5025 0.2475 0.1350 0.1688 0.2937 0.5131 0.4040 0.1452 0.1449 0.2220 0.4221 0.4922 0.2134 0.1351 0.1758 0.3124 0.5175 0.3770 0.1413 0.1486 0.2346 0.4472 0.4788 0.1845 0.1361 0.1846 0.3357 0.5175 0.3396 0.1379 0.1544 0.2534 0.4792 0.4550 0.1610 0.1388 0.1994 0.3737 0.5096 0.2757 0.1353 0.1653 0.2861 0.5107 0.4090 0.1457 0.1442 0.2128 0.3119 0.2128 0.1442 0.1457 0.4090 0.5107 0.2861 0.1653 0.1353 0.2757 0.5096 0.3737 0.1994 0.1388 0.1610 0.4550 0.4792 0.2534 0.1544 0.1379 0.3396 0.5175 0.3357 0.1846 0.1361 0.1845 0.4788 0.4472 0.2346 0.1486 0.1413 0.3770 0.5175 0.3124 0.1758 0.1351 0.2134 0.4922 0.4221 0.2220 0.1449 0.1452 0.4040 0.5131 0.2937 0.1688 0.1350 0.2475 0.5025 0.3975 0.2118
0.3989 0.5011 0.2421 0.1350 0.1699 0.2964 0.5141 0.4001 0.1446 0.1454 0.2238 0.4259 0.4904 0.2086 0.1352 0.1770 0.3154 0.5178 0.3726 0.1408 0.1492 0.2365 0.4505 0.4769 0.1819 0.1362 0.1855 0.3378 0.5173 0.3369 0.1377 0.1547 0.2542 0.4801 0.4545 0.1609 0.1388 0.1992 0.3730 0.5098 0.2776 0.1353 0.1649 0.2847 0.5101 0.4109 0.1460 0.1446 0.2204 0.4045 0.5167 0.4045 0.2204 0.1446 0.1460 0.4109 0.5101 0.2847 0.1649 0.1353 0.2776 0.5098 0.3730 0.1992 0.1388 0.1609 0.4545 0.4801 0.2542 0.1547 0.1377 0.3369 0.5173 0.3378 0.1855 0.1362 0.1819 0.4769 0.4505 0.2365 0.1492 0.1408 0.3726 0.5178 0.3154 0.1770 0.1352 0.2086 0.4904 0.4259 0.2238 0.1454 0.1446 0.4001 0.5141 0.2964 0.1699 0.1350 0.2421 0.5011 0.3989
0.4999 0.2367 0.1350 0.1709 0.2992 0.5150 0.3961 0.1439 0.1460 0.2257 0.4296 0.4886 0.2040 0.1353 0.1781 0.3184 0.5179 0.3681 0.1403 0.1499 0.2385 0.4540 0.4748 0.1792 0.1364 0.1865 0.3401 0.5170 0.3338 0.1375 0.1551 0.2553 0.4814 0.4535 0.1604 0.1389 0.1994 0.3730 0.5099 0.2787 0.1353 0.1646 0.2837 0.5094 0.4126 0.1464 0.1444 0.2214 0.4196 0.4988 0.3756 0.4988 0.4196 0.2214 0.1444 0.1464 0.4126 0.5094 0.2837 0.1646 0.1353 0.2787 0.5099 0.3730 0.1994 0.1389 0.1604 0.4535 0.4814 0.2553 0.1551 0.1375 0.3338 0.5170 0.3401 0.1865 0.1364 0.1792 0.4748 0.4540 0.2385 0.1499 0.1403 0.3681 0.5179 0.3184 0.1781 0.1353 0.2040 0.4886 0.4296 0.2257 0.1460 0.1439 0.3961 0.5150 0.2992 0.1709 0.1350 0.2367 0.4999
0.2345 0.1350 0.1720 0.3021 0.5157 0.3921 0.1433 0.1465 0.2276 0.4334 0.4867 0.1996 0.1354 0.1793 0.3215 0.5180 0.3636 0.1399 0.1505 0.2405 0.4576 0.4726 0.1765 0.1366 0.1876 0.3428 0.5167 0.3302 0.1374 0.1556 0.2565 0.4829 0.4522 0.1598 0.1390 0.1998 0.3737 0.5098 0.2787 0.1354 0.1644 0.2830 0.5089 0.4141 0.1467 0.1443 0.2209 0.4217 0.4928 0.2354 0.1395 0.2354 0.4928 0.4217 0.2209 0.1443 0.1467 0.4141 0.5089 0.2830 0.1644 0.1354 0.2787 0.5098 0.3737 0.1998 0.1390 0.1598 0.4522 0.4829 0.2565 0.1556 0.1374 0.3302 0.5167 0.3428 0.1876 0.1366 0.1765 0.4726 0.4576 0.2405 0.1505 0.1399 0.3636 0.5180 0.3215 0.1793 0.1354 0.1996 0.4867 0.4334 0.2276 0.1465 0.1433 0.3921 0.5157 0.3021 0.1720 0.1350 0.2345
0.1392 0.1730 0.3049 0.5164 0.3879 0.1427 0.1471 0.2295 0.4372 0.4847 0.1955 0.1356 0.1805 0.3246 0.5181 0.3590 0.1395 0.1512 0.2426 0.4611 0.4702 0.1738 0.1368 0.1888 0.3458 0.5163 0.3262 0.1371 0.1561 0.2580 0.4847 0.4506 0.1591 0.1391 0.2004 0.3750 0.5096 0.2776 0.1353 0.1644 0.2827 0.5086 0.4151 0.1469 0.1441 0.2203 0.4210 0.4919 0.2141 0.1344 0.1477 0.1344 0.2141 0.4919 0.4210 0.2203 0.1441 0.1469 0.4151 0.5086 0.2827 0.1644 0.1353 0.2776 0.5096 0.3750 0.2004 0.1391 0.1591 0.4506 0.4847 0.2580 0.1561 0.1371 0.3262 0.5163 0.3458 0.1888 0.1368 0.1738 0.4702 0.4611 0.2426 0.1512 0.1395 0.3590 0.5181 0.3246 0.1805 0.1356 0.1955 0.4847 0.4372 0.2295 0.1471 0.1427 0.3879 0.5164 0.3049 0.1730 0.1392
0.1762 0.3078 0.5169 0.3837 0.1421 0.1477 0.2314 0.4409 0.4827 0.1915 0.1357 0.1817 0.3277 0.5180 0.3542 0.1391 0.1518 0.2447 0.4646 0.4677 0.1714 0.1371 0.1902 0.3490 0.5158 0.3215 0.1369 0.1568 0.2598 0.4868 0.4487 0.1582 0.1393 0.2011 0.3766 0.5091 0.2757 0.1353 0.1646 0.2830 0.5086 0.4155 0.1471 0.1439 0.2197 0.4198 0.4922 0.2112 0.1350 0.1709 0.2349 0.1709 0.1350 0.2112 0.4922 0.4198 0.2197 0.1439 0.1471 0.4155 0.5086 0.2830 0.1646 0.1353 0.2757 0.5091 0.3766 0.2011 0.1393 0.1582 0.4487 0.4868 0.2598 0.1568 0.1369 0.3215 0.5158 0.3490 0.1902 0.1371 0.1714 0.4677 0.4646 0.2447 0.1518 0.1391 0.3542 0.5180 0.3277 0.1817 0.1357 0.1915 0.4827 0.4409 0.2314 0.1477 0.1421 0.3837 0.5169 0.3078 0.1762
0.3099 0.5173 0.3794 0.1416 0.1483 0.2334 0.4446 0.4805 0.1878 0.1359 0.1830 0.3309 0.5179 0.3495 0.1387 0.1525 0.2469 0.4681 0.4652 0.1691 0.1373 0.1915 0.3524 0.5152 0.3164 0.1367 0.1575 0.2618 0.4891 0.4465 0.1572 0.1396 0.2021 0.3786 0.5086 0.2732 0.1353 0.1649 0.2837 0.5089 0.4151 0.1471 0.1439 0.2194 0.4189 0.4926 0.2117 0.1352 0.1761 0.3020 0.4518 0.3020 0.1761 0.1352 0.2117 0.4926 0.4189 0.2194 0.1439 0.1471 0.4151 0.5089 0.2837 0.1649 0.1353 0.2732 0.5086 0.3786 0.2021 0.1396 0.1572 0.4465 0.4891 0.2618 0.1575 0.1367 0.3164 0.5152 0.3524 0.1915 0.1373 0.1691 0.4652 0.4681 0.2469 0.1525 0.1387 0.3495 0.5179 0.3309 0.1830 0.1359 0.1878 0.4805 0.4446 0.2334 0.1483 0.1416 0.3794 0.5173 0.3099
0.5167 0.3751 0.1411 0.1489 0.2354 0.4483 0.4784 0.1843 0.1361 0.1842 0.3341 0.5177 0.3446 0.1383 0.1532 0.2490 0.4715 0.4626 0.1670 0.1376 0.1929 0.3558 0.5145 0.3111 0.1364 0.1583 0.2640 0.4915 0.4439 0.1562 0.1398 0.2031 0.3810 0.5079 0.2701 0.1352 0.1653 0.2847 0.5094 0.4141 0.1469 0.1439 0.2194 0.4185 0.4929 0.2125 0.1352 0.1771 0.3145 0.5153 0.4749 0.5153 0.3145 0.1771 0.1352 0.2125 0.4929 0.4185 0.2194 0.1439 0.1469 0.4141 0.5094 0.2847 0.1653 0.1352 0.2701 0.5079 0.3810 0.2031 0.1398 0.1562 0.4439 0.4915 0.2640 0.1583 0.1364 0.3111 0.5145 0.3558 0.1929 0.1376 0.1670 0.4626 0.4715 0.2490 0.1532 0.1383 0.3446 0.5177 0.3341 0.1842 0.1361 0.1843 0.4784 0.4483 0.2354 0.1489 0.1411 0.3751 0.5167
0.3724 0.1406 0.1495 0.2374 0.4520 0.4762 0.1810 0.1363 0.1855 0.3373 0.5174 0.3397 0.1380 0.1540 0.2512 0.4748 0.4600 0.1650 0.1379 0.1943 0.3593 0.5138 0.3058 0.1362 0.1591 0.2664 0.4941 0.4410 0.1551 0.1402 0.2044 0.3837 0.5071 0.2666 0.1352 0.1658 0.2861 0.5101 0.4126 0.1467 0.1441 0.2197 0.4189 0.4929 0.2129 0.1352 0.1772 0.3169 0.5176 0.3897 0.1793 0.3897 0.5176 0.3169 0.1772 0.1352 0.2129 0.4929 0.4189 0.2197 0.1441 0.1467 0.4126 0.5101 0.2861 0.1658 0.1352 0.2666 0.5071 0.3837 0.2044 0.1402 0.1551 0.4410 0.4941 0.2664 0.1591 0.1362 0.3058 0.5138 0.3593 0.1943 0.1379 0.1650 0.4600 0.4748 0.2512 0.1540 0.1380 0.3397 0.5174 0.3373 0.1855 0.1363 0.1810 0.4762 0.4520 0.2374 0.1495 0.1406 0.3724
0.1446 0.1501 0.2394 0.4556 0.4739 0.1781 0.1365 0.1868 0.3405 0.5170 0.3347 0.1377 0.1547 0.2535 0.4780 0.4573 0.1632 0.1382 0.1957 0.3627 0.5131 0.3004 0.1360 0.1599 0.2688 0.4966 0.4379 0.1539 0.1405 0.2058 0.3866 0.5062 0.2626 0.1351 0.1664 0.2876 0.5107 0.4109 0.1464 0.1443 0.2203 0.4198 0.4926 0.2125 0.1352 0.1771 0.3172 0.5179 0.3706 0.1422 0.1354 0.1422 0.3706 0.5179 0.3172 0.1771 0.1352 0.2125 0.4926 0.4198 0.2203 0.1443 0.1464 0.4109 0.5107 0.2876 0.1664 0.1351 0.2626 0.5062 0.3866 0.2058 0.1405 0.1539 0.4379 0.4966 0.2688 0.1599 0.1360 0.3004 0.5131 0.3627 0.1957 0.1382 0.1632 0.4573 0.4780 0.2535 0.1547 0.1377 0.3347 0.5170 0.3405 0.1868 0.1365 0.1781 0.4739 0.4556 0.2394 0.1501 0.1446
0.1536 0.2414 0.4590 0.4716 0.1754 0.1367 0.1880 0.3437 0.5166 0.3299 0.1374 0.1554 0.2556 0.4810 0.4546 0.1616 0.1385 0.1971 0.3661 0.5122 0.2953 0.1358 0.1607 0.2711 0.4988 0.4348 0.1528 0.1409 0.2072 0.3898 0.5052 0.2584 0.1351 0.1671 0.2892 0.5114 0.4090 0.1460 0.1444 0.2209 0.4210 0.4922 0.2117 0.1352 0.1772 0.3172 0.5179 0.3667 0.1403 0.1466 0.1851 0.1466 0.1403 0.3667 0.5179 0.3172 0.1772 0.1352 0.2117 0.4922 0.4210 0.2209 0.1444 0.1460 0.4090 0.5114 0.2892 0.1671 0.1351 0.2584 0.5052 0.3898 0.2072 0.1409 0.1528 0.4348 0.4988 0.2711 0.1607 0.1358 0.2953 0.5122 0.3661 0.1971 0.1385 0.1616 0.4546 0.4810 0.2556 0.1554 0.1374 0.3299 0.5166 0.3437 0.1880 0.1367 0.1754 0.4716 0.4590 0.2414 0.1536
0.2433 0.4616 0.4698 0.1734 0.1368 0.1890 0.3461 0.5162 0.3261 0.1371 0.1560 0.2573 0.4832 0.4525 0.1604 0.1387 0.1982 0.3687 0.5116 0.2912 0.1357 0.1613 0.2729 0.5004 0.4324 0.1520 0.1412 0.2083 0.3924 0.5043 0.2549 0.1350 0.1676 0.2905 0.5120 0.4075 0.1457 0.1446 0.2214 0.4217 0.4919 0.2112 0.1352 0.1771 0.3169 0.5179 0.3667 0.1400 0.1497 0.2298 0.3410 0.2298 0.1497 0.1400 0.3667 0.5179 0.3169 0.1771 0.1352 0.2112 0.4919 0.4217 0.2214 0.1446 0.1457 0.4075 0.5120 0.2905 0.1676 0.1350 0.2549 0.5043 0.3924 0.2083 0.1412 0.1520 0.4324 0.5004 0.2729 0.1613 0.1357 0.2912 0.5116 0.3687 0.1982 0.1387 0.1604 0.4525 0.4832 0.2573 0.1560 0.1371 0.3261 0.5162 0.3461 0.1890 0.1368 0.1734 0.4698 0.4616 0.2433
0.4583 0.4701 0.1737 0.1367 0.1887 0.3457 0.5161 0.3266 0.1371 0.1557 0.2569 0.4828 0.4528 0.1605 0.1386 0.1979 0.3682 0.5115 0.2918 0.1356 0.1611 0.2726 0.5001 0.4327 0.1521 0.1410 0.2080 0.3919 0.5043 0.2556 0.1349 0.1672 0.2898 0.5115 0.4088 0.1459 0.1442 0.2204 0.4196 0.4928 0.2141 0.1350 0.1761 0.3145 0.5176 0.3706 0.1403 0.1497 0.2371 0.4367 0.5158 0.4367 0.2371 0.1497 0.1403 0.3706 0.5176 0.3145 0.1761 0.1350 0.2141 0.4928 0.4196 0.2204 0.1442 0.1459 0.4088 0.5115 0.2898 0.1672 0.1349 0.2556 0.5043 0.3919 0.2080 0.1410 0.1521 0.4327 0.5001 0.2726 0.1611 0.1356 0.2918 0.5115 0.3682 0.1979 0.1386 0.1605 0.4528 0.4828 0.2569 0.1557 0.1371 0.3266 0.5161 0.3457 0.1887 0.1367 0.1737 0.4701 0.4583
0.4790 0.1848 0.1355 0.1832 0.3335 0.5170 0.3457 0.1378 0.1524 0.2481 0.4707 0.4627 0.1670 0.1370 0.1919 0.3553 0.5139 0.3124 0.1359 0.1573 0.2631 0.4907 0.4445 0.1562 0.1391 0.2015 0.3783 0.5082 0.2767 0.1348 0.1630 0.2795 0.5055 0.4229 0.1488 0.1418 0.2128 0.4045 0.4988 0.2354 0.1344 0.1709 0.3020 0.5153 0.3897 0.1422 0.1466 0.2298 0.4367 0.4913 0.3574 0.4913 0.4367 0.2298 0.1466 0.1422 0.3897 0.5153 0.3020 0.1709 0.1344 0.2354 0.4988 0.4045 0.2128 0.1418 0.1488 0.4229 0.5055 0.2795 0.1630 0.1348 0.2767 0.5082 0.3783 0.2015 0.1391 0.1562 0.4445 0.4907 0.2631 0.1573 0.1359 0.3124 0.5139 0.3553 0.1919 0.1370 0.1670 0.4627 0.4707 0.2481 0.1524 0.1378 0.3457 0.5170 0.3335 0.1832 0.1355 0.1848 0.4790
0.3219 0.1355 0.1553 0.2583 0.4865 0.4489 0.1576 0.1380 0.1980 0.3724 0.5093 0.2862 0.1344 0.1607 0.2744 0.5025 0.4286 0.1496 0.1404 0.2083 0.3965 0.5017 0.2500 0.1340 0.1668 0.2918 0.5122 0.4052 0.1440 0.1434 0.2197 0.4213 0.4914 0.2146 0.1342 0.1741 0.3119 0.5167 0.3756 0.1395 0.1477 0.2349 0.4518 0.4749 0.1793 0.1354 0.1851 0.3410 0.5158 0.3574 0.1615 0.3574 0.5158 0.3410 0.1851 0.1354 0.1793 0.4749 0.4518 0.2349 0.1477 0.1395 0.3756 0.5167 0.3119 0.1741 0.1342 0.2146 0.4914 0.4213 0.2197 0.1434 0.1440 0.4052 0.5122 0.2918 0.1668 0.1340 0.2500 0.5017 0.3965 0.2083 0.1404 0.1496 0.4286 0.5025 0.2744 0.1607 0.1344 0.2862 0.5093 0.3724 0.1980 0.1380 0.1576 0.4489 0.4865 0.2583 0.1553 0.1355 0.3219
0.4790 0.1848 0.1355 0.1832 0.3335 0.5170 0.3457 0.1378 0.1524 0.2481 0.4707 0.4627 0.1670 0.1370 0.1919 0.3553 0.5139 0.3124 0.1359 0.1573 0.2631 0.4907 0.4445 0.1562 0.1391 0.2015 0.3783 0.5082 0.2767 0.1348 0.1630 0.2795 0.5055 0.4229 0.1488 0.1418 0.2128 0.4045 0.4988 0.2354 0.1344 0.1709 0.3020 0.5153 0.3897 0.1422 0.1466 0.2298 0.4367 0.4913 0.3574 0.4913 0.4367 0.2298 0.1466 0.1422 0.3897 0.5153 0.3020 0.1709 0.1344 0.2354 0.4988 0.4045 0.2128 0.1418 0.1488 0.4229 0.5055 0.2795 0.1630 0.1348 0.2767 0.5082 0.3783 0.2015 0.1391 0.1562 0.4445 0.4907 0.2631 0.1573 0.1359 0.3124 0.5139 0.3553 0.1919 0.1370 0.1670 0.4627 0.4707 0.2481 0.1524 0.1378 0.3457 0.5170 0.3335 0.1832 0.1355 0.1848 0.4790
0.4583 0.4701 0.1737 0.1367 0.1887 0.3457 0.5161 0.3266 0.1371 0.1557 0.2569 0.4828 0.4528 0.1605 0.1386 0.1979 0.3682 0.5115 0.2918 0.1356 0.1611 0.2726 0.5001 0.4327 0.1521 0.1410 0.2080 0.3919 0.5043 0.2556 0.1349 0.1672 0.2898 0.5115 0.4088 0.1459 0.1442 0.2204 0.4196 0.4928 0.2141 0.1350 0.1761 0.3145 0.5176 0.3706 0.1403 0.1497 0.2371 0.4367 0.5158 0.4367 0.2371 0.1497 0.1403 0.3706 0.5176 0.3145 0.1761 0.1350 0.2141 0.4928 0.4196 0.2204 0.1442 0.1459 0.4088 0.5115 0.2898 0.1672 0.1349 0.2556 0.5043 0.3919 0.2080 0.1410 0.1521 0.4327 0.5001 0.2726 0.1611 0.1356 0.2918 0.5115 0.3682 0.1979 0.1386 0.1605 0.4528 0.4828 0.2569 0.1557 0.1371 0.3266 0.5161 0.3457 0.1887 0.1367 0.1737 0.4701 0.4583
0.2433 0.4616 0.4698 0.1734 0.1368 0.1890 0.3461 0.5162 0.3261 0.1371 0.1560 0.2573 0.4832 0.4525 0.1604 0.1387 0.1982 0.3687 0.5116 0.2912 0.1357 0.1613 0.2729 0.5004 0.4324 0.1520 0.1412 0.2083 0.3924 0.5043 0.2549 0.1350 0.1676 0.2905 0.5120 0.4075 0.1457 0.1446 0.2214 0.4217 0.4919 0.2112 0.1352 0.1771 0.3169 0.5179 0.3667 0.1400 0.1497 0.2298 0.3410 0.2298 0.1497 0.1400 0.3667 0.5179 0.3169 0.1771 0.1352 0.2112 0.4919 0.4217 0.2214 0.1446 0.1457 0.4075 0.5120 0.2905 0.1676 0.1350 0.2549 0.5043 0.3924 0.2083 0.1412 0.1520 0.4324 0.5004 0.2729 0.1613 0.1357 0.2912 0.5116 0.3687 0.1982 0.1387 0.1604 0.4525 0.4832 0.2573 0.1560 0.1371 0.3261 0.5162 0.3461 0.1890 0.1368 0.1734 0.4698 0.4616 0.2433
0.1536 0.2414 0.4590 0.4716 0.1754 0.1367 0.1880 0.3437 0.5166 0.3299 0.1374 0.1554 0.2556 0.4810 0.4546 0.1616 0.1385 0.1971 0.3661 0.5122 0.2953 0.1358 0.1607 0.2711 0.4988 0.4348 0.1528 0.1409 0.2072 0.3898 0.5052 0.2584 0.1351 0.1671 0.2892 0.5114 0.4090 0.1460 0.1444 0.2209 0.4210 0.4922 0.2117 0.1352 0.1772 0.3172 0.5179 0.3667 0.1403 0.1466 0.1851 0.1466 0.1403 0.3667 0.5179 0.3172 0.1772 0.1352 0.2117 0.4922 0.4210 0.2209 0.1444 0.1460 0.4090 0.5114 0.2892 0.1671 0.1351 0.2584 0.5052 0.3898 0.2072 0.1409 0.1528 0.4348 0.4988 0.2711 0.1607 0.1358 0.2953 0.5122 0.3661 0.1971 0.1385 0.1616 0.4546 0.4810 0.2556 0.1554 0.1374 0.3299 0.5166 0.3437 0.1880 0.1367 0.1754 0.4716 0.4590 0.2414 0.1536
0.1446 0.1501 0.2394 0.4556 0.4739 0.1781 0.1365 0.1868 0.3405 0.5170 0.3347 0.1377 0.1547 0.2535 0.4780 0.4573 0.1632 0.1382 0.1957 0.3627 0.5131 0.3004 0.1360 0.1599 0.2688 0.4966 0.4379 0.1539 0.1405 0.2058 0.3866 0.5062 0.2626 0.1351 0.1664 0.2876 0.5107 0.4109 0.1464 0.1443 0.2203 0.4198 0.4926 0.2125 0.1352 0.1771 0.3172 0.5179 0.3706 0.1422 0.1354 0.1422 0.3706 0.5179 0.3172 0.1771 0.1352 0.2125 0.4926 0.4198 0.2203 0.1443 0.1464 0.4109 0.5107 0.2876 0.1664 0.1351 0.2626 0.5062 0.3866 0.2058 0.1405 0.1539 0.4379 0.4966 0.2688 0.1599 0.1360 0.3004 0.5131 0.3627 0.1957 0.1382 0.1632 0.4573 0.4780 0.2535 0.1547 0.1377 0.3347 0.5170 0.3405 0.1868 0.1365 0.1781 0.4739 0.4556 0.2394 0.1501 0.1446
