0.0000 0.0000 0.0000 0.0000 0.0000 0.0000 0.0000 0.0000 0.0000 0.0000 0.0000 0.0000 0.0000 0.0000 0.0000 0.0000 0.0000 0.0000 0.0000 0.0000 0.0000 0.0000 0.0000 0.0000 0.0000 0.0000 0.0000 0.0000 0.0000 0.0000 0.0000 0.0000 0.0000 0.0000 0.0000 0.0000 0.0000 0.0000 0.0000 0.0000 0.0000 0.0000 0.0000 0.0000 0.0000 0.0000 0.0000 0.0000 0.0000 0.0000 0.0000 0.0000 0.0000 0.0000 0.0000 0.0000 0.0000 0.0000 0.0000 0.0000 0.0000 0.0000 0.0000 0.0000 0.0000 0.0000 0.0000 0.0000 0.0000 0.0000 0.0000 0.0000 0.0000 0.0000 0.0000 0.0000 0.0000 0.0000 0.0000 0.0000 0.0000 0.0000 0.0000 0.0000 0.0000 0.0000 0.0000 0.0000 0.0000 0.0000 0.0000 0.0000 0.0000 0.0000 0.0000 0.0000 0.0000 0.0000 0.0000 0.0000 0.0000
0.0000 1.0000 1.0000 0.6299 0.1519 0.0324 0.0068 0.0014 0.0003 0.0001 0.0000 1.0000 1.0000 0.2226 0.0474 0.0101 0.0022 0.0005 0.0001 0.0000 1.0000 1.0000 0.3402 0.0725 0.0154 0.0033 0.0007 0.0001 0.0000 1.0000 1.0000 0.5198 0.1108 0.0236 0.0050 0.0011 0.0002 0.0000 0.0000 1.0000 0.7944 0.1693 0.0361 0.0077 0.0016 0.0003 0.0001 0.0000 1.0000 1.0000 0.2587 0.0551 0.0117 0.0025 0.0005 0.0001 0.0000 1.0000 1.0000 0.3953 0.0842 0.0179 0.0038 0.0008 0.0002 0.0000 1.0000 1.0000 0.6041 0.1287 0.0274 0.0058 0.0012 0.0003 0.0001 0.0000 1.0000 0.9338 0.2001 0.0430 0.0093 0.0020 0.0004 0.0001 0.0000 1.0000 1.0000 0.3650 0.0805 0.0180 0.0041 0.0010 0.0002 0.0001 0.0000 1.0000 1.0000 1.0000 1.0000 1.0000 0.0000
0.0000 1.0000 1.0000 0.4656 0.1661 0.0410 0.0089 0.0019 0.0004 0.0001 0.0000 1.0000 1.0000 0.2966 0.0632 0.0135 0.0029 0.0006 0.0001 0.0000 1.0000 1.0000 0.4533 0.0966 0.0206 0.0044 0.0009 0.0002 0.0000 0.0000 1.0000 0.6928 0.1476 0.0314 0.0067 0.0014 0.0003 0.0001 0.0000 1.0000 1.0000 0.2256 0.0481 0.0102 0.0022 0.0005 0.0001 0.0000 1.0000 1.0000 0.3447 0.0734 0.0156 0.0033 0.0007 0.0002 0.0000 1.0000 1.0000 0.5268 0.1122 0.0239 0.0051 0.0011 0.0002 0.0000 0.0000 1.0000 0.8051 0.1719 0.0367 0.0078 0.0017 0.0004 0.0001 0.0000 1.0000 1.0000 0.2602 0.0547 0.0114 0.0023 0.0005 0.0001 0.0000 1.0000 1.0000 0.2933 0.0611 0.0129 0.0027 0.0006 0.0001 0.0000 1.0000 1.0000 1.0000 0.7884 0.4920 0.3595 0.0000
0.0000 0.6299 0.4656 0.2462 0.1044 0.0401 0.0116 0.0027 0.0006 0.0001 0.0000 1.0000 1.0000 0.4274 0.0911 0.0194 0.0041 0.0009 0.0002 0.0000 1.0000 1.0000 0.6531 0.1392 0.0296 0.0063 0.0013 0.0003 0.0001 0.0000 1.0000 0.9981 0.2127 0.0453 0.0097 0.0021 0.0004 0.0001 0.0000 1.0000 1.0000 0.3250 0.0692 0.0148 0.0031 0.0007 0.0001 0.0000 1.0000 1.0000 0.4967 0.1058 0.0225 0.0048 0.0010 0.0002 0.0000 0.0000 1.0000 0.7590 0.1617 0.0345 0.0073 0.0016 0.0003 0.0001 0.0000 1.0000 1.0000 0.2490 0.0530 0.0113 0.0024 0.0005 0.0001 0.0000 1.0000 1.0000 0.3075 0.0611 0.0121 0.0024 0.0005 0.0001 0.0000 1.0000 1.0000 0.2592 0.0527 0.0108 0.0022 0.0005 0.0001 0.0000 1.0000 1.0000 0.4153 0.1768 0.0983 0.0698 0.0000
0.0000 0.1519 0.1661 0.1044 0.0479 0.0200 0.0081 0.0029 0.0007 0.0002 0.0000 1.0000 1.0000 0.5849 0.1246 0.0266 0.0057 0.0012 0.0003 0.0001 0.0000 1.0000 0.8939 0.1904 0.0406 0.0086 0.0018 0.0004 0.0001 0.0000 1.0000 1.0000 0.2910 0.0620 0.0132 0.0028 0.0006 0.0001 0.0000 1.0000 1.0000 0.4448 0.0948 0.0202 0.0043 0.0009 0.0002 0.0000 1.0000 1.0000 0.6797 0.1448 0.0309 0.0066 0.0014 0.0003 0.0001 0.0000 1.0000 1.0000 0.2217 0.0472 0.0101 0.0022 0.0005 0.0001 0.0000 1.0000 1.0000 0.3369 0.0708 0.0148 0.0030 0.0006 0.0001 0.0000 1.0000 1.0000 0.3093 0.0604 0.0118 0.0023 0.0005 0.0001 0.0000 1.0000 1.0000 0.2286 0.0452 0.0090 0.0018 0.0004 0.0001 0.0000 1.0000 0.9024 0.1865 0.0499 0.0202 0.0119 0.0000
0.0000 0.0324 0.0410 0.0401 0.0200 0.0087 0.0037 0.0015 0.0006 0.0002 0.0000 0.0000 1.0000 0.7914 0.1686 0.0359 0.0077 0.0016 0.0003 0.0001 0.0000 1.0000 1.0000 0.2577 0.0549 0.0117 0.0025 0.0005 0.0001 0.0000 1.0000 1.0000 0.3938 0.0839 0.0179 0.0038 0.0008 0.0002 0.0000 1.0000 1.0000 0.6018 0.1282 0.0273 0.0058 0.0012 0.0003 0.0001 0.0000 1.0000 0.9197 0.1960 0.0418 0.0089 0.0019 0.0004 0.0001 0.0000 1.0000 1.0000 0.3006 0.0640 0.0136 0.0029 0.0006 0.0001 0.0000 1.0000 1.0000 0.4130 0.0833 0.0165 0.0032 0.0006 0.0001 0.0000 1.0000 1.0000 0.2938 0.0570 0.0111 0.0022 0.0004 0.0001 0.0000 1.0000 1.0000 0.1990 0.0388 0.0076 0.0015 0.0003 0.0001 0.0000 1.0000 0.6335 0.1044 0.0217 0.0048 0.0017 0.0000
0.0000 0.0068 0.0089 0.0116 0.0081 0.0037 0.0016 0.0007 0.0003 0.0001 0.0000 0.0000 1.0000 1.0000 0.2277 0.0485 0.0103 0.0022 0.0005 0.0001 0.0000 1.0000 1.0000 0.3474 0.0740 0.0158 0.0034 0.0007 0.0002 0.0000 1.0000 1.0000 0.5308 0.1131 0.0241 0.0051 0.0011 0.0002 0.0000 0.0000 1.0000 0.8112 0.1728 0.0368 0.0078 0.0017 0.0004 0.0001 0.0000 1.0000 1.0000 0.2641 0.0563 0.0120 0.0026 0.0005 0.0001 0.0000 1.0000 1.0000 0.4037 0.0855 0.0181 0.0038 0.0008 0.0002 0.0000 1.0000 1.0000 0.4331 0.0841 0.0163 0.0032 0.0006 0.0001 0.0000 1.0000 1.0000 0.2818 0.0545 0.0106 0.0020 0.0004 0.0001 0.0000 1.0000 0.9374 0.1816 0.0351 0.0068 0.0013 0.0003 0.0000 1.0000 1.0000 0.4153 0.0578 0.0108 0.0018 0.0003 0.0000
0.0000 0.0014 0.0019 0.0027 0.0029 0.0015 0.0007 0.0003 0.0001 0.0001 0.0000 1.0000 1.0000 1.0000 0.3029 0.0652 0.0139 0.0030 0.0006 0.0001 0.0000 1.0000 1.0000 0.4682 0.0998 0.0213 0.0045 0.0010 0.0002 0.0000 1.0000 1.0000 0.7155 0.1525 0.0325 0.0069 0.0015 0.0003 0.0001 0.0000 1.0000 1.0000 0.2330 0.0496 0.0106 0.0023 0.0005 0.0001 0.0000 1.0000 1.0000 0.3567 0.0760 0.0162 0.0035 0.0007 0.0002 0.0000 1.0000 1.0000 0.5268 0.1095 0.0226 0.0046 0.0009 0.0002 0.0000 1.0000 1.0000 0.4550 0.0883 0.0171 0.0033 0.0006 0.0001 0.0000 1.0000 1.0000 0.3006 0.0583 0.0114 0.0022 0.0004 0.0001 0.0000 1.0000 1.0000 0.2067 0.0405 0.0079 0.0016 0.0003 0.0001 0.0000 1.0000 0.7265 0.1569 0.0607 0.0000 0.0000 0.0000
0.0000 0.0003 0.0004 0.0006 0.0007 0.0006 0.0003 0.0001 0.0001 0.0000 0.0000 1.0000 1.0000 1.0000 0.3748 0.0862 0.0186 0.0040 0.0009 0.0002 0.0000 1.0000 1.0000 0.6311 0.1345 0.0287 0.0061 0.0013 0.0003 0.0001 0.0000 1.0000 0.9645 0.2055 0.0438 0.0093 0.0020 0.0004 0.0001 0.0000 1.0000 1.0000 0.3141 0.0669 0.0143 0.0030 0.0006 0.0001 0.0000 1.0000 1.0000 0.4809 0.1023 0.0217 0.0046 0.0010 0.0002 0.0000 1.0000 1.0000 0.6482 0.1314 0.0264 0.0052 0.0010 0.0002 0.0000 1.0000 1.0000 0.4948 0.0962 0.0187 0.0036 0.0007 0.0001 0.0000 1.0000 1.0000 0.3363 0.0658 0.0129 0.0025 0.0005 0.0001 0.0000 1.0000 1.0000 0.2519 0.0502 0.0101 0.0020 0.0004 0.0001 0.0000 1.0000 1.0000 0.7101 0.3447 1.0000 1.0000 0.0000
0.0000 0.0001 0.0001 0.0001 0.0002 0.0002 0.0001 0.0001 0.0000 0.0000 1.0000 1.0000 1.0000 0.6064 0.2616 0.0946 0.0241 0.0053 0.0011 0.0002 0.0001 0.0000 1.0000 0.8507 0.1813 0.0386 0.0082 0.0018 0.0004 0.0001 0.0000 1.0000 1.0000 0.2770 0.0590 0.0126 0.0027 0.0006 0.0001 0.0000 1.0000 1.0000 0.4233 0.0902 0.0192 0.0041 0.0009 0.0002 0.0000 1.0000 1.0000 0.6433 0.1365 0.0288 0.0061 0.0013 0.0003 0.0001 0.0000 1.0000 0.7576 0.1504 0.0298 0.0058 0.0011 0.0002 0.0000 1.0000 1.0000 0.5493 0.1072 0.0209 0.0041 0.0008 0.0002 0.0000 1.0000 1.0000 0.3908 0.0769 0.0152 0.0030 0.0006 0.0001 0.0000 1.0000 1.0000 0.3244 0.0660 0.0135 0.0028 0.0006 0.0001 0.0000 0.0000 1.0000 1.0000 1.0000 1.0000 0.0000 0.0000
0.0000 0.0000 0.0000 0.0000 0.0000 0.0000 0.0000 0.0000 0.0000 1.0000 1.0000 1.0000 0.5599 0.2548 0.1159 0.0516 0.0215 0.0065 0.0015 0.0003 0.0001 0.0000 1.0000 1.0000 0.2443 0.0521 0.0111 0.0024 0.0005 0.0001 0.0000 1.0000 1.0000 0.3734 0.0796 0.0170 0.0036 0.0008 0.0002 0.0000 1.0000 1.0000 0.5706 0.1218 0.0259 0.0055 0.0012 0.0003 0.0001 0.0000 1.0000 0.8491 0.1782 0.0372 0.0077 0.0016 0.0003 0.0001 0.0000 1.0000 0.8671 0.1709 0.0335 0.0066 0.0013 0.0003 0.0000 1.0000 1.0000 0.6228 0.1220 0.0239 0.0047 0.0009 0.0002 0.0000 1.0000 1.0000 0.4656 0.0925 0.0184 0.0037 0.0007 0.0001 0.0000 1.0000 1.0000 0.4372 0.0911 0.0190 0.0040 0.0009 0.0002 0.0001 0.0000 0.0000 0.0000 0.0000 0.0000 0.0000 0.0000
0.0000 1.0000 1.0000 1.0000 1.0000 0.0000 0.0000 1.0000 1.0000 1.0000 1.0000 0.5339 0.2321 0.1040 0.0476 0.0220 0.0101 0.0044 0.0016 0.0004 0.0001 0.0000 1.0000 1.0000 0.3293 0.0702 0.0150 0.0032 0.0007 0.0001 0.0000 1.0000 1.0000 0.5033 0.1072 0.0228 0.0049 0.0010 0.0002 0.0000 0.0000 1.0000 0.7706 0.1642 0.0349 0.0074 0.0016 0.0003 0.0001 0.0000 1.0000 1.0000 0.2256 0.0463 0.0094 0.0019 0.0004 0.0001 0.0000 1.0000 0.9887 0.1945 0.0382 0.0075 0.0015 0.0003 0.0001 0.0000 1.0000 0.7210 0.1418 0.0280 0.0055 0.0011 0.0002 0.0000 1.0000 1.0000 0.5717 0.1146 0.0231 0.0047 0.0009 0.0002 0.0000 1.0000 1.0000 0.6146 0.1307 0.0281 0.0062 0.0016 0.0005 0.0002 0.0001 0.0001 0.0001 0.0001 0.0001 0.0001 0.0000
0.0000 1.0000 1.0000 1.0000 1.0000 1.0000 1.0000 1.0000 1.0000 1.0000 0.5599 0.2321 0.0983 0.0429 0.0194 0.0089 0.0042 0.0020 0.0009 0.0004 0.0001 0.0000 1.0000 1.0000 0.4448 0.0946 0.0202 0.0043 0.0009 0.0002 0.0000 1.0000 1.0000 0.6784 0.1445 0.0308 0.0066 0.0014 0.0003 0.0001 0.0000 1.0000 1.0000 0.2196 0.0465 0.0098 0.0021 0.0004 0.0001 0.0000 1.0000 1.0000 0.2765 0.0559 0.0112 0.0022 0.0004 0.0001 0.0000 1.0000 1.0000 0.2230 0.0439 0.0086 0.0017 0.0003 0.0001 0.0000 1.0000 0.8507 0.1683 0.0333 0.0066 0.0013 0.0003 0.0001 0.0000 1.0000 0.7183 0.1454 0.0296 0.0061 0.0012 0.0003 0.0001 0.0000 1.0000 0.8939 0.1952 0.0440 0.0113 0.0037 0.0017 0.0010 0.0007 0.0005 0.0004 0.0003 0.0004 0.0006 0.0000
0.0000 0.2226 0.2966 0.4274 0.5849 0.7914 1.0000 1.0000 1.0000 0.6064 0.2548 0.1040 0.0429 0.0182 0.0080 0.0036 0.0017 0.0008 0.0004 0.0002 0.0001 0.0000 1.0000 1.0000 0.5961 0.1277 0.0272 0.0058 0.0012 0.0003 0.0001 0.0000 1.0000 0.9145 0.1948 0.0416 0.0089 0.0019 0.0004 0.0001 0.0000 1.0000 1.0000 0.2910 0.0614 0.0129 0.0027 0.0006 0.0001 0.0000 1.0000 1.0000 0.3306 0.0662 0.0131 0.0026 0.0005 0.0001 0.0000 1.0000 1.0000 0.2592 0.0511 0.0101 0.0020 0.0004 0.0001 0.0000 1.0000 1.0000 0.2032 0.0404 0.0081 0.0016 0.0003 0.0001 0.0000 1.0000 0.9215 0.1890 0.0390 0.0081 0.0017 0.0004 0.0001 0.0000 1.0000 1.0000 0.3093 0.0806 0.0268 0.0124 0.0072 0.0048 0.0033 0.0024 0.0019 0.0015 0.0018 0.0025 0.0000
0.0000 0.0474 0.0632 0.0911 0.1246 0.1686 0.2277 0.3029 0.3748 0.2616 0.1159 0.0476 0.0194 0.0080 0.0034 0.0015 0.0007 0.0003 0.0001 0.0001 0.0000 0.0000 1.0000 1.0000 0.7884 0.1706 0.0366 0.0078 0.0017 0.0004 0.0001 0.0000 1.0000 1.0000 0.2626 0.0560 0.0119 0.0025 0.0005 0.0001 0.0000 1.0000 1.0000 0.3806 0.0794 0.0165 0.0034 0.0007 0.0001 0.0000 1.0000 1.0000 0.3908 0.0776 0.0154 0.0030 0.0006 0.0001 0.0000 1.0000 1.0000 0.3052 0.0603 0.0119 0.0024 0.0005 0.0001 0.0000 1.0000 1.0000 0.2490 0.0499 0.0100 0.0020 0.0004 0.0001 0.0000 1.0000 1.0000 0.2514 0.0526 0.0111 0.0024 0.0005 0.0001 0.0000 1.0000 1.0000 0.5674 0.1897 0.0877 0.0507 0.0330 0.0225 0.0161 0.0120 0.0095 0.0077 0.0085 0.0107 0.0000
0.0000 0.0101 0.0135 0.0194 0.0266 0.0359 0.0485 0.0652 0.0862 0.0946 0.0516 0.0220 0.0089 0.0036 0.0015 0.0006 0.0003 0.0001 0.0001 0.0000 0.0000 1.0000 1.0000 1.0000 0.8475 0.2201 0.0488 0.0105 0.0022 0.0005 0.0001 0.0000 1.0000 1.0000 0.3534 0.0751 0.0159 0.0034 0.0007 0.0002 0.0000 1.0000 1.0000 0.4873 0.1007 0.0207 0.0042 0.0009 0.0002 0.0000 1.0000 1.0000 0.4603 0.0914 0.0181 0.0036 0.0007 0.0001 0.0000 1.0000 1.0000 0.3629 0.0722 0.0143 0.0029 0.0006 0.0001 0.0000 1.0000 1.0000 0.3105 0.0626 0.0127 0.0026 0.0005 0.0001 0.0000 1.0000 1.0000 0.3421 0.0726 0.0156 0.0034 0.0007 0.0002 0.0000 0.0000 1.0000 1.0000 0.6146 0.3527 0.2269 0.1533 0.1070 0.0779 0.0591 0.0470 0.0384 0.0409 0.0470 0.0000
0.0000 0.0022 0.0029 0.0041 0.0057 0.0077 0.0103 0.0139 0.0186 0.0241 0.0215 0.0101 0.0042 0.0017 0.0007 0.0003 0.0001 0.0001 0.0000 0.0000 1.0000 1.0000 1.0000 0.9849 0.4499 0.1912 0.0595 0.0139 0.0030 0.0006 0.0001 0.0000 1.0000 1.0000 0.4727 0.1003 0.0212 0.0045 0.0009 0.0002 0.0000 1.0000 1.0000 0.6122 0.1251 0.0254 0.0051 0.0010 0.0002 0.0000 1.0000 1.0000 0.5431 0.1076 0.0213 0.0042 0.0008 0.0002 0.0000 1.0000 1.0000 0.4372 0.0872 0.0174 0.0035 0.0007 0.0001 0.0000 1.0000 1.0000 0.3931 0.0799 0.0163 0.0033 0.0007 0.0001 0.0000 1.0000 1.0000 0.4772 0.1030 0.0225 0.0050 0.0011 0.0003 0.0001 0.0000 1.0000 1.0000 1.0000 1.0000 1.0000 0.7169 0.5110 0.3777 0.2916 0.2334 0.1915 0.1971 0.2067 0.0000
0.0000 0.0005 0.0006 0.0009 0.0012 0.0016 0.0022 0.0030 0.0040 0.0053 0.0065 0.0044 0.0020 0.0008 0.0003 0.0001 0.0001 0.0000 0.0000 1.0000 1.0000 1.0000 0.8128 0.3953 0.1901 0.0887 0.0394 0.0148 0.0038 0.0009 0.0002 0.0000 1.0000 1.0000 0.6275 0.1324 0.0279 0.0059 0.0012 0.0003 0.0001 0.0000 1.0000 0.7547 0.1525 0.0307 0.0062 0.0012 0.0002 0.0000 1.0000 1.0000 0.6445 0.1280 0.0254 0.0050 0.0010 0.0002 0.0000 1.0000 1.0000 0.5329 0.1068 0.0214 0.0043 0.0009 0.0002 0.0000 1.0000 1.0000 0.5043 0.1034 0.0213 0.0044 0.0009 0.0002 0.0000 1.0000 1.0000 0.6810 0.1499 0.0334 0.0075 0.0017 0.0004 0.0001 0.0000 0.0000 0.0000 1.0000 1.0000 1.0000 1.0000 1.0000 1.0000 1.0000 1.0000 0.9554 0.9481 0.9041 0.0000
0.0000 0.0001 0.0001 0.0002 0.0003 0.0003 0.0005 0.0006 0.0009 0.0011 0.0015 0.0016 0.0009 0.0004 0.0001 0.0001 0.0000 0.0000 1.0000 1.0000 1.0000 0.6408 0.3129 0.1536 0.0754 0.0365 0.0173 0.0078 0.0033 0.0010 0.0002 0.0001 0.0000 1.0000 0.8268 0.1735 0.0361 0.0075 0.0016 0.0003 0.0001 0.0000 1.0000 0.9162 0.1840 0.0368 0.0074 0.0015 0.0003 0.0001 0.0000 1.0000 0.7692 0.1530 0.0304 0.0061 0.0012 0.0002 0.0000 1.0000 1.0000 0.6569 0.1322 0.0266 0.0054 0.0011 0.0002 0.0000 1.0000 1.0000 0.6569 0.1358 0.0282 0.0059 0.0012 0.0003 0.0001 0.0000 1.0000 0.9924 0.2226 0.0506 0.0117 0.0028 0.0008 0.0003 0.0001 0.0001 0.0000 0.0000 0.0000 0.0000 1.0000 1.0000 1.0000 1.0000 1.0000 1.0000 1.0000 1.0000 0.0000
0.0000 0.0000 0.0000 0.0000 0.0001 0.0001 0.0001 0.0001 0.0002 0.0002 0.0003 0.0004 0.0004 0.0002 0.0001 0.0000 0.0000 1.0000 1.0000 1.0000 0.5349 0.2476 0.1191 0.0587 0.0290 0.0143 0.0070 0.0033 0.0015 0.0007 0.0002 0.0001 0.0000 1.0000 1.0000 0.2230 0.0462 0.0095 0.0019 0.0004 0.0001 0.0000 1.0000 1.0000 0.2213 0.0441 0.0088 0.0018 0.0003 0.0001 0.0000 1.0000 0.9285 0.1851 0.0370 0.0074 0.0015 0.0003 0.0001 0.0000 1.0000 0.8174 0.1651 0.0334 0.0068 0.0014 0.0003 0.0001 0.0000 1.0000 0.8704 0.1816 0.0381 0.0081 0.0017 0.0004 0.0001 0.0000 1.0000 1.0000 0.3389 0.0788 0.0191 0.0052 0.0018 0.0008 0.0005 0.0003 0.0002 0.0001 0.0001 0.0001 0.0000 0.0000 0.0000 0.0000 0.0000 0.0000 0.0000 0.0000 0.0000
0.0000 1.0000 1.0000 1.0000 0.0000 0.0000 0.0000 0.0000 0.0000 0.0001 0.0001 0.0001 0.0001 0.0001 0.0000 0.0000 1.0000 1.0000 1.0000 0.5349 0.2230 0.0981 0.0457 0.0221 0.0110 0.0055 0.0027 0.0013 0.0006 0.0003 0.0001 0.0001 0.0000 1.0000 1.0000 0.2813 0.0579 0.0118 0.0024 0.0005 0.0001 0.0000 1.0000 1.0000 0.2667 0.0532 0.0106 0.0021 0.0004 0.0001 0.0000 1.0000 1.0000 0.2256 0.0451 0.0090 0.0018 0.0004 0.0001 0.0000 1.0000 1.0000 0.2090 0.0426 0.0087 0.0018 0.0004 0.0001 0.0000 1.0000 1.0000 0.2462 0.0523 0.0112 0.0024 0.0005 0.0001 0.0000 1.0000 1.0000 0.5298 0.1290 0.0355 0.0122 0.0056 0.0031 0.0019 0.0013 0.0008 0.0006 0.0004 0.0003 0.0002 0.0002 0.0001 0.0001 0.0001 0.0001 0.0001 0.0000 0.0000
0.0000 1.0000 1.0000 1.0000 1.0000 1.0000 1.0000 1.0000 1.0000 0.0000 0.0000 0.0000 0.0000 0.0000 0.0000 1.0000 1.0000 1.0000 0.6408 0.2476 0.0981 0.0407 0.0179 0.0084 0.0041 0.0021 0.0010 0.0005 0.0003 0.0001 0.0001 0.0000 0.0000 1.0000 1.0000 0.3382 0.0708 0.0145 0.0029 0.0006 0.0001 0.0000 1.0000 1.0000 0.3207 0.0642 0.0128 0.0026 0.0005 0.0001 0.0000 1.0000 1.0000 0.2781 0.0559 0.0112 0.0023 0.0005 0.0001 0.0000 1.0000 1.0000 0.2682 0.0550 0.0113 0.0023 0.0005 0.0001 0.0000 1.0000 1.0000 0.3382 0.0726 0.0157 0.0034 0.0008 0.0002 0.0000 1.0000 1.0000 0.8704 0.2402 0.0825 0.0377 0.0211 0.0131 0.0085 0.0056 0.0038 0.0027 0.0019 0.0014 0.0011 0.0008 0.0006 0.0005 0.0004 0.0003 0.0003 0.0002 0.0000
0.0000 0.3402 0.4533 0.6531 0.8939 1.0000 1.0000 1.0000 1.0000 1.0000 1.0000 1.0000 1.0000 1.0000 1.0000 1.0000 1.0000 0.8128 0.3129 0.1191 0.0457 0.0179 0.0074 0.0033 0.0015 0.0008 0.0004 0.0002 0.0001 0.0000 0.0000 0.0000 1.0000 1.0000 1.0000 0.3755 0.0828 0.0174 0.0036 0.0007 0.0001 0.0000 1.0000 1.0000 0.3886 0.0778 0.0156 0.0031 0.0006 0.0001 0.0000 1.0000 1.0000 0.3441 0.0694 0.0140 0.0028 0.0006 0.0001 0.0000 1.0000 1.0000 0.3480 0.0718 0.0149 0.0031 0.0006 0.0001 0.0000 1.0000 1.0000 0.4727 0.1026 0.0225 0.0050 0.0011 0.0003 0.0001 0.0000 1.0000 1.0000 0.5577 0.2543 0.1421 0.0882 0.0569 0.0376 0.0255 0.0176 0.0125 0.0091 0.0068 0.0051 0.0040 0.0031 0.0025 0.0020 0.0016 0.0012 0.0009 0.0000
0.0000 0.0725 0.0966 0.1392 0.1904 0.2577 0.3474 0.4682 0.6311 0.8507 1.0000 1.0000 1.0000 1.0000 1.0000 1.0000 0.9849 0.3953 0.1536 0.0587 0.0221 0.0084 0.0033 0.0013 0.0006 0.0003 0.0001 0.0001 0.0000 0.0000 0.0000 1.0000 1.0000 1.0000 0.7884 0.3075 0.0887 0.0200 0.0042 0.0009 0.0002 0.0000 1.0000 1.0000 0.4736 0.0949 0.0190 0.0038 0.0008 0.0002 0.0000 1.0000 1.0000 0.4306 0.0872 0.0177 0.0036 0.0007 0.0001 0.0000 1.0000 1.0000 0.4550 0.0946 0.0197 0.0041 0.0009 0.0002 0.0000 1.0000 1.0000 0.6707 0.1479 0.0330 0.0074 0.0017 0.0004 0.0001 0.0000 1.0000 1.0000 1.0000 0.9536 0.5905 0.3798 0.2504 0.1683 0.1162 0.0819 0.0590 0.0435 0.0327 0.0250 0.0195 0.0154 0.0123 0.0099 0.0078 0.0055 0.0039 0.0000
0.0000 0.0154 0.0206 0.0296 0.0406 0.0549 0.0740 0.0998 0.1345 0.1813 0.2443 0.3293 0.4448 0.5961 0.7884 0.8475 0.4499 0.1901 0.0754 0.0290 0.0110 0.0041 0.0015 0.0006 0.0002 0.0001 0.0001 0.0000 0.0000 1.0000 1.0000 1.0000 1.0000 0.7633 0.3615 0.1623 0.0660 0.0206 0.0048 0.0010 0.0002 0.0000 1.0000 1.0000 0.5805 0.1164 0.0234 0.0047 0.0009 0.0002 0.0000 1.0000 1.0000 0.5431 0.1105 0.0225 0.0046 0.0009 0.0002 0.0000 1.0000 1.0000 0.6030 0.1261 0.0265 0.0056 0.0012 0.0003 0.0001 0.0000 1.0000 0.9663 0.2163 0.0491 0.0113 0.0026 0.0006 0.0002 0.0000 0.0000 1.0000 1.0000 1.0000 1.0000 1.0000 1.0000 0.7633 0.5349 0.3827 0.2797 0.2083 0.1578 0.1216 0.0949 0.0753 0.0599 0.0473 0.0363 0.0249 0.0174 0.0000
0.0000 0.0033 0.0044 0.0063 0.0086 0.0117 0.0158 0.0213 0.0287 0.0386 0.0521 0.0702 0.0946 0.1277 0.1706 0.2201 0.1912 0.0887 0.0365 0.0143 0.0055 0.0021 0.0008 0.0003 0.0001 0.0000 0.0000 0.0000 1.0000 1.0000 1.0000 1.0000 0.5961 0.3035 0.1504 0.0725 0.0334 0.0141 0.0048 0.0012 0.0002 0.0001 0.0000 1.0000 0.7155 0.1440 0.0290 0.0059 0.0012 0.0002 0.0000 0.0000 1.0000 0.6901 0.1413 0.0289 0.0059 0.0012 0.0003 0.0001 0.0000 1.0000 0.8066 0.1699 0.0360 0.0077 0.0016 0.0004 0.0001 0.0000 1.0000 1.0000 0.3238 0.0747 0.0174 0.0042 0.0010 0.0003 0.0001 0.0000 0.0000 0.0000 0.0000 1.0000 1.0000 1.0000 1.0000 1.0000 1.0000 1.0000 1.0000 0.7648 0.5916 0.4629 0.3650 0.2877 0.2230 0.1670 0.1125 0.0782 0.0000
0.0000 0.0007 0.0009 0.0013 0.0018 0.0025 0.0034 0.0045 0.0061 0.0082 0.0111 0.0150 0.0202 0.0272 0.0366 0.0488 0.0595 0.0394 0.0173 0.0070 0.0027 0.0010 0.0004 0.0001 0.0001 0.0000 1.0000 1.0000 1.0000 1.0000 0.7518 0.4044 0.2155 0.1135 0.0587 0.0297 0.0146 0.0069 0.0030 0.0011 0.0003 0.0001 0.0000 1.0000 0.8871 0.1792 0.0363 0.0073 0.0015 0.0003 0.0001 0.0000 1.0000 0.8854 0.1820 0.0375 0.0077 0.0016 0.0003 0.0001 0.0000 1.0000 1.0000 0.2317 0.0495 0.0106 0.0023 0.0005 0.0001 0.0000 1.0000 1.0000 0.4929 0.1157 0.0276 0.0069 0.0019 0.0007 0.0003 0.0002 0.0001 0.0001 0.0000 0.0000 0.0000 0.0000 1.0000 1.0000 1.0000 1.0000 1.0000 1.0000 1.0000 1.0000 1.0000 1.0000 1.0000 0.7619 0.5072 0.3520 0.0000
0.0000 0.0001 0.0002 0.0003 0.0004 0.0005 0.0007 0.0010 0.0013 0.0018 0.0024 0.0032 0.0043 0.0058 0.0078 0.0105 0.0139 0.0148 0.0078 0.0033 0.0013 0.0005 0.0002 0.0001 0.0000 0.0000 1.0000 1.0000 0.9962 0.4854 0.2533 0.1368 0.0746 0.0403 0.0216 0.0113 0.0058 0.0029 0.0014 0.0006 0.0002 0.0001 0.0000 1.0000 1.0000 0.2247 0.0457 0.0093 0.0019 0.0004 0.0001 0.0000 1.0000 1.0000 0.2366 0.0490 0.0102 0.0021 0.0004 0.0001 0.0000 1.0000 1.0000 0.3195 0.0688 0.0150 0.0033 0.0007 0.0002 0.0000 1.0000 1.0000 0.7648 0.1833 0.0458 0.0129 0.0045 0.0020 0.0011 0.0007 0.0004 0.0003 0.0002 0.0001 0.0001 0.0001 0.0000 0.0000 0.0000 0.0000 0.0000 0.0000 1.0000 1.0000 1.0000 1.0000 1.0000 1.0000 1.0000 1.0000 0.0000
0.0000 0.0000 0.0000 0.0001 0.0001 0.0001 0.0002 0.0002 0.0003 0.0004 0.0005 0.0007 0.0009 0.0012 0.0017 0.0022 0.0030 0.0038 0.0033 0.0015 0.0006 0.0003 0.0001 0.0000 0.0000 1.0000 1.0000 0.9962 0.3931 0.1738 0.0855 0.0452 0.0247 0.0136 0.0075 0.0041 0.0022 0.0011 0.0006 0.0003 0.0001 0.0001 0.0000 1.0000 1.0000 0.2823 0.0578 0.0118 0.0024 0.0005 0.0001 0.0000 1.0000 1.0000 0.3099 0.0644 0.0135 0.0028 0.0006 0.0001 0.0000 1.0000 1.0000 0.4448 0.0970 0.0213 0.0047 0.0011 0.0002 0.0001 0.0000 1.0000 1.0000 0.3046 0.0858 0.0298 0.0136 0.0075 0.0046 0.0029 0.0019 0.0012 0.0008 0.0006 0.0004 0.0003 0.0002 0.0002 0.0001 0.0001 0.0001 0.0001 0.0000 0.0000 0.0000 0.0000 0.0000 1.0000 1.0000 1.0000 0.0000
0.0000 1.0000 0.0000 0.0000 0.0000 0.0000 0.0000 0.0000 0.0001 0.0001 0.0001 0.0001 0.0002 0.0003 0.0004 0.0005 0.0006 0.0009 0.0010 0.0007 0.0003 0.0001 0.0000 0.0000 1.0000 1.0000 1.0000 0.4854 0.1738 0.0681 0.0302 0.0149 0.0080 0.0044 0.0025 0.0014 0.0008 0.0004 0.0002 0.0001 0.0001 0.0000 0.0000 1.0000 1.0000 0.3500 0.0732 0.0151 0.0031 0.0006 0.0001 0.0000 1.0000 1.0000 0.4099 0.0857 0.0180 0.0038 0.0008 0.0002 0.0000 1.0000 1.0000 0.6287 0.1381 0.0307 0.0069 0.0016 0.0004 0.0001 0.0000 1.0000 1.0000 0.5706 0.1982 0.0899 0.0495 0.0302 0.0192 0.0124 0.0082 0.0055 0.0038 0.0026 0.0019 0.0014 0.0010 0.0007 0.0005 0.0004 0.0003 0.0002 0.0002 0.0001 0.0001 0.0001 0.0001 0.0000 0.0000 0.0000 0.0000
0.0000 1.0000 1.0000 1.0000 1.0000 1.0000 1.0000 1.0000 0.0000 0.0000 0.0000 0.0000 0.0000 0.0001 0.0001 0.0001 0.0001 0.0002 0.0002 0.0002 0.0001 0.0001 0.0000 0.0000 1.0000 1.0000 0.7518 0.2533 0.0855 0.0302 0.0117 0.0052 0.0026 0.0014 0.0008 0.0004 0.0003 0.0001 0.0001 0.0000 0.0000 0.0000 1.0000 1.0000 1.0000 0.4249 0.0918 0.0193 0.0040 0.0008 0.0002 0.0000 1.0000 1.0000 0.5472 0.1151 0.0243 0.0052 0.0011 0.0002 0.0001 0.0000 1.0000 0.8990 0.2001 0.0450 0.0102 0.0024 0.0005 0.0001 0.0000 1.0000 1.0000 1.0000 0.5973 0.3281 0.1997 0.1263 0.0817 0.0539 0.0362 0.0247 0.0172 0.0122 0.0087 0.0063 0.0047 0.0035 0.0026 0.0020 0.0015 0.0012 0.0009 0.0007 0.0005 0.0004 0.0003 0.0002 0.0001 0.0001 0.0000
0.0000 0.5198 0.6928 0.9981 1.0000 1.0000 1.0000 1.0000 1.0000 1.0000 1.0000 1.0000 1.0000 0.0000 0.0000 0.0000 0.0000 0.0000 0.0001 0.0001 0.0001 0.0000 0.0000 1.0000 1.0000 1.0000 0.4044 0.1368 0.0452 0.0149 0.0052 0.0020 0.0009 0.0004 0.0002 0.0001 0.0001 0.0000 0.0000 0.0000 1.0000 1.0000 1.0000 1.0000 0.9445 0.3968 0.1110 0.0245 0.0052 0.0011 0.0002 0.0000 0.0000 1.0000 0.7362 0.1560 0.0332 0.0071 0.0015 0.0003 0.0001 0.0000 1.0000 1.0000 0.2933 0.0668 0.0154 0.0036 0.0009 0.0002 0.0001 0.0000 1.0000 1.0000 1.0000 1.0000 0.8347 0.5390 0.3534 0.2370 0.1617 0.1120 0.0790 0.0563 0.0407 0.0299 0.0221 0.0166 0.0125 0.0095 0.0073 0.0055 0.0042 0.0031 0.0023 0.0017 0.0012 0.0009 0.0006 0.0004 0.0000
0.0000 0.1108 0.1476 0.2127 0.2910 0.3938 0.5308 0.7155 0.9645 1.0000 1.0000 1.0000 1.0000 1.0000 1.0000 1.0000 1.0000 1.0000 0.0000 0.0000 0.0000 0.0000 1.0000 1.0000 1.0000 0.5961 0.2155 0.0746 0.0247 0.0080 0.0026 0.0009 0.0003 0.0001 0.0001 0.0000 0.0000 0.0000 1.0000 1.0000 1.0000 1.0000 1.0000 0.7692 0.4037 0.1997 0.0911 0.0292 0.0067 0.0014 0.0003 0.0001 0.0000 1.0000 1.0000 0.2131 0.0457 0.0098 0.0021 0.0005 0.0001 0.0000 1.0000 1.0000 0.4381 0.1011 0.0237 0.0056 0.0014 0.0003 0.0001 0.0000 0.0000 0.0000 1.0000 1.0000 1.0000 1.0000 1.0000 1.0000 0.7293 0.5120 0.3643 0.2621 0.1915 0.1410 0.1052 0.0790 0.0596 0.0453 0.0344 0.0261 0.0196 0.0146 0.0107 0.0077 0.0055 0.0039 0.0025 0.0017 0.0000
0.0000 0.0236 0.0314 0.0453 0.0620 0.0839 0.1131 0.1525 0.2055 0.2770 0.3734 0.5033 0.6784 0.9145 1.0000 1.0000 1.0000 1.0000 1.0000 1.0000 1.0000 1.0000 1.0000 1.0000 0.7633 0.3035 0.1135 0.0403 0.0136 0.0044 0.0014 0.0004 0.0001 0.0001 0.0000 0.0000 1.0000 1.0000 1.0000 1.0000 1.0000 0.8205 0.4745 0.2697 0.1499 0.0812 0.0418 0.0201 0.0076 0.0019 0.0004 0.0001 0.0000 1.0000 1.0000 0.2933 0.0632 0.0137 0.0030 0.0007 0.0001 0.0000 1.0000 1.0000 0.6631 0.1557 0.0371 0.0090 0.0023 0.0006 0.0002 0.0001 0.0001 0.0000 0.0000 0.0000 1.0000 1.0000 1.0000 1.0000 1.0000 1.0000 1.0000 1.0000 0.9007 0.6682 0.4985 0.3755 0.2834 0.2143 0.1623 0.1223 0.0911 0.0669 0.0486 0.0349 0.0248 0.0174 0.0114 0.0079 0.0000
0.0000 0.0050 0.0067 0.0097 0.0132 0.0179 0.0241 0.0325 0.0438 0.0590 0.0796 0.1072 0.1445 0.1948 0.2626 0.3534 0.4727 0.6275 0.8268 1.0000 1.0000 1.0000 1.0000 0.7884 0.3615 0.1504 0.0587 0.0216 0.0075 0.0025 0.0008 0.0002 0.0001 0.0000 0.0000 1.0000 1.0000 1.0000 1.0000 0.6888 0.4122 0.2462 0.1470 0.0870 0.0507 0.0290 0.0161 0.0087 0.0044 0.0019 0.0005 0.0001 0.0000 1.0000 1.0000 0.4068 0.0885 0.0194 0.0043 0.0010 0.0002 0.0000 0.0000 1.0000 1.0000 0.2439 0.0592 0.0150 0.0043 0.0015 0.0007 0.0004 0.0002 0.0001 0.0001 0.0001 0.0000 0.0000 0.0000 0.0000 1.0000 1.0000 1.0000 1.0000 1.0000 1.0000 1.0000 1.0000 1.0000 1.0000 0.7619 0.5685 0.4201 0.3064 0.2213 0.1581 0.1120 0.0785 0.0513 0.0357 0.0000
0.0000 0.0011 0.0014 0.0021 0.0028 0.0038 0.0051 0.0069 0.0093 0.0126 0.0170 0.0228 0.0308 0.0416 0.0560 0.0751 0.1003 0.1324 0.1735 0.2230 0.2813 0.3382 0.3762 0.3075 0.1623 0.0725 0.0297 0.0113 0.0041 0.0014 0.0004 0.0001 0.0000 0.0000 1.0000 1.0000 1.0000 0.5728 0.3262 0.1934 0.1164 0.0704 0.0428 0.0260 0.0157 0.0094 0.0055 0.0032 0.0018 0.0009 0.0005 0.0001 0.0000 1.0000 1.0000 0.5717 0.1249 0.0276 0.0062 0.0014 0.0003 0.0001 0.0000 1.0000 1.0000 0.3901 0.0992 0.0282 0.0098 0.0045 0.0024 0.0015 0.0009 0.0006 0.0004 0.0003 0.0002 0.0001 0.0001 0.0001 0.0000 0.0000 0.0000 0.0000 0.0000 1.0000 1.0000 1.0000 1.0000 1.0000 1.0000 1.0000 1.0000 1.0000 1.0000 0.7169 0.5081 0.3554 0.2325 0.1617 0.0000
0.0000 0.0002 0.0003 0.0004 0.0006 0.0008 0.0011 0.0015 0.0020 0.0027 0.0036 0.0049 0.0066 0.0089 0.0119 0.0159 0.0212 0.0279 0.0361 0.0462 0.0579 0.0708 0.0828 0.0887 0.0659 0.0334 0.0146 0.0058 0.0022 0.0008 0.0003 0.0001 0.0000 1.0000 1.0000 1.0000 0.4044 0.1795 0.0933 0.0537 0.0321 0.0194 0.0119 0.0073 0.0045 0.0028 0.0017 0.0010 0.0006 0.0004 0.0002 0.0001 0.0000 0.0000 1.0000 0.8205 0.1785 0.0397 0.0089 0.0020 0.0005 0.0001 0.0000 1.0000 1.0000 0.6519 0.1862 0.0649 0.0293 0.0160 0.0097 0.0061 0.0039 0.0025 0.0017 0.0011 0.0008 0.0005 0.0004 0.0003 0.0002 0.0001 0.0001 0.0001 0.0001 0.0000 0.0000 0.0000 0.0000 0.0000 0.0000 1.0000 1.0000 1.0000 1.0000 1.0000 1.0000 1.0000 1.0000 0.7348 0.0000
0.0000 0.0000 0.0001 0.0001 0.0001 0.0002 0.0002 0.0003 0.0004 0.0006 0.0008 0.0010 0.0014 0.0019 0.0025 0.0034 0.0045 0.0059 0.0075 0.0095 0.0118 0.0145 0.0174 0.0200 0.0207 0.0141 0.0068 0.0029 0.0011 0.0004 0.0001 0.0000 0.0000 1.0000 1.0000 0.5728 0.1795 0.0650 0.0288 0.0151 0.0087 0.0052 0.0032 0.0020 0.0012 0.0008 0.0005 0.0003 0.0002 0.0001 0.0001 0.0000 0.0000 1.0000 1.0000 1.0000 0.2636 0.0583 0.0131 0.0030 0.0007 0.0002 0.0000 0.0000 1.0000 1.0000 0.4266 0.1934 0.1052 0.0636 0.0399 0.0255 0.0166 0.0110 0.0074 0.0050 0.0035 0.0024 0.0017 0.0012 0.0009 0.0007 0.0005 0.0004 0.0003 0.0002 0.0001 0.0001 0.0001 0.0001 0.0000 0.0000 0.0000 0.0000 0.0000 1.0000 1.0000 1.0000 1.0000 1.0000 0.0000
0.0000 0.0000 0.0000 0.0000 0.0000 0.0000 0.0000 0.0001 0.0001 0.0001 0.0002 0.0002 0.0003 0.0004 0.0005 0.0007 0.0009 0.0012 0.0016 0.0019 0.0024 0.0029 0.0036 0.0042 0.0048 0.0048 0.0030 0.0014 0.0006 0.0002 0.0001 0.0000 1.0000 1.0000 1.0000 0.3262 0.0933 0.0288 0.0103 0.0046 0.0024 0.0014 0.0008 0.0005 0.0003 0.0002 0.0001 0.0001 0.0001 0.0000 0.0000 0.0000 1.0000 1.0000 1.0000 1.0000 0.4241 0.0907 0.0203 0.0046 0.0011 0.0003 0.0001 0.0000 1.0000 1.0000 1.0000 0.6954 0.4201 0.2631 0.1680 0.1091 0.0721 0.0483 0.0329 0.0227 0.0158 0.0112 0.0080 0.0058 0.0042 0.0031 0.0023 0.0017 0.0013 0.0009 0.0007 0.0005 0.0004 0.0003 0.0002 0.0002 0.0001 0.0001 0.0001 0.0000 0.0000 0.0000 0.0000 0.0000 0.0000
0.0000 1.0000 1.0000 1.0000 1.0000 1.0000 0.0000 0.0000 0.0000 0.0000 0.0000 0.0000 0.0001 0.0001 0.0001 0.0002 0.0002 0.0003 0.0003 0.0004 0.0005 0.0006 0.0007 0.0009 0.0010 0.0012 0.0011 0.0006 0.0003 0.0001 0.0000 0.0000 1.0000 1.0000 0.6888 0.1934 0.0537 0.0151 0.0046 0.0016 0.0007 0.0004 0.0002 0.0001 0.0001 0.0001 0.0000 0.0000 0.0000 1.0000 1.0000 1.0000 1.0000 1.0000 1.0000 1.0000 0.5278 0.1599 0.0348 0.0076 0.0017 0.0004 0.0001 0.0000 0.0000 1.0000 1.0000 1.0000 1.0000 1.0000 0.7279 0.4790 0.3207 0.2180 0.1499 0.1044 0.0736 0.0525 0.0377 0.0273 0.0200 0.0147 0.0109 0.0081 0.0060 0.0045 0.0034 0.0025 0.0018 0.0013 0.0010 0.0007 0.0005 0.0004 0.0003 0.0002 0.0001 0.0001 0.0001 0.0000 0.0000
0.0000 0.7944 1.0000 1.0000 1.0000 1.0000 1.0000 1.0000 1.0000 1.0000 1.0000 0.0000 0.0000 0.0000 0.0000 0.0000 0.0000 0.0001 0.0001 0.0001 0.0001 0.0001 0.0001 0.0002 0.0002 0.0002 0.0003 0.0002 0.0001 0.0001 0.0000 1.0000 1.0000 1.0000 0.4122 0.1164 0.0321 0.0087 0.0024 0.0007 0.0003 0.0001 0.0001 0.0000 0.0000 0.0000 1.0000 1.0000 1.0000 1.0000 1.0000 1.0000 1.0000 0.7251 0.4818 0.3225 0.2147 0.1386 0.0637 0.0161 0.0035 0.0008 0.0002 0.0001 0.0000 0.0000 0.0000 1.0000 1.0000 1.0000 1.0000 1.0000 1.0000 1.0000 0.7196 0.5052 0.3588 0.2572 0.1858 0.1355 0.0994 0.0733 0.0543 0.0404 0.0301 0.0225 0.0167 0.0123 0.0091 0.0066 0.0048 0.0035 0.0025 0.0018 0.0013 0.0009 0.0007 0.0005 0.0003 0.0002 0.0000
0.0000 0.1693 0.2256 0.3250 0.4448 0.6018 0.8112 1.0000 1.0000 1.0000 1.0000 1.0000 1.0000 1.0000 1.0000 1.0000 1.0000 0.0000 0.0000 0.0000 0.0000 0.0000 0.0000 0.0000 0.0000 0.0001 0.0001 0.0001 0.0001 0.0000 0.0000 1.0000 1.0000 0.8205 0.2462 0.0704 0.0194 0.0052 0.0014 0.0004 0.0001 0.0000 0.0000 0.0000 1.0000 1.0000 1.0000 1.0000 1.0000 0.9374 0.6146 0.4068 0.2718 0.1830 0.1239 0.0844 0.0587 0.0419 0.0300 0.0203 0.0094 0.0029 0.0009 0.0003 0.0002 0.0001 0.0001 0.0000 0.0000 0.0000 0.0000 1.0000 1.0000 1.0000 1.0000 1.0000 1.0000 1.0000 0.9700 0.7088 0.5218 0.3849 0.2850 0.2119 0.1575 0.1168 0.0865 0.0638 0.0468 0.0341 0.0247 0.0179 0.0129 0.0093 0.0067 0.0049 0.0036 0.0026 0.0018 0.0014 0.0000
0.0000 0.0361 0.0481 0.0692 0.0948 0.1282 0.1728 0.2330 0.3141 0.4233 0.5706 0.7706 1.0000 1.0000 1.0000 1.0000 1.0000 1.0000 1.0000 1.0000 1.0000 1.0000 1.0000 1.0000 1.0000 0.0000 0.0000 0.0000 0.0000 0.0000 1.0000 1.0000 1.0000 0.4745 0.1470 0.0428 0.0119 0.0032 0.0008 0.0002 0.0001 0.0000 1.0000 1.0000 1.0000 1.0000 0.8973 0.5599 0.3547 0.2282 0.1482 0.0975 0.0649 0.0437 0.0298 0.0205 0.0141 0.0099 0.0071 0.0053 0.0042 0.0033 0.0022 0.0013 0.0009 0.0006 0.0004 0.0002 0.0002 0.0001 0.0001 0.0001 0.0000 0.0000 0.0000 1.0000 1.0000 1.0000 1.0000 1.0000 1.0000 1.0000 1.0000 1.0000 1.0000 0.9162 0.6746 0.4938 0.3601 0.2611 0.1890 0.1363 0.0986 0.0714 0.0520 0.0383 0.0284 0.0216 0.0165 0.0122 0.0000
0.0000 0.0077 0.0102 0.0148 0.0202 0.0273 0.0368 0.0496 0.0669 0.0902 0.1218 0.1642 0.2196 0.2910 0.3806 0.4873 0.6122 0.7547 0.9162 1.0000 1.0000 1.0000 1.0000 1.0000 1.0000 1.0000 1.0000 1.0000 1.0000 1.0000 1.0000 1.0000 0.7677 0.2697 0.0870 0.0260 0.0073 0.0020 0.0005 0.0001 0.0000 0.0000 1.0000 1.0000 0.7251 0.3857 0.2273 0.1397 0.0875 0.0554 0.0357 0.0232 0.0153 0.0102 0.0069 0.0047 0.0032 0.0023 0.0016 0.0011 0.0008 0.0006 0.0004 0.0003 0.0002 0.0002 0.0001 0.0001 0.0001 0.0001 0.0000 0.0000 0.0000 0.0000 1.0000 1.0000 1.0000 1.0000 1.0000 1.0000 1.0000 1.0000 1.0000 1.0000 0.9250 0.6531 0.4603 0.3244 0.2286 0.1614 0.1148 0.0819 0.0586 0.0422 0.0307 0.0225 0.0167 0.0126 0.0094 0.0068 0.0000
0.0000 0.0016 0.0022 0.0031 0.0043 0.0058 0.0078 0.0106 0.0143 0.0192 0.0259 0.0349 0.0465 0.0614 0.0794 0.1007 0.1251 0.1525 0.1840 0.2213 0.2667 0.3207 0.3886 0.4745 0.5816 0.7155 0.8871 1.0000 1.0000 1.0000 1.0000 0.9427 0.4037 0.1502 0.0507 0.0157 0.0045 0.0012 0.0003 0.0001 0.0000 1.0000 1.0000 0.7251 0.2533 0.1125 0.0597 0.0353 0.0217 0.0136 0.0086 0.0055 0.0036 0.0024 0.0016 0.0011 0.0007 0.0005 0.0003 0.0002 0.0002 0.0001 0.0001 0.0001 0.0000 0.0000 0.0000 0.0000 0.0000 1.0000 1.0000 1.0000 1.0000 1.0000 1.0000 1.0000 1.0000 1.0000 0.8787 0.6384 0.4629 0.3338 0.2397 0.1715 0.1227 0.0873 0.0621 0.0441 0.0313 0.0222 0.0159 0.0113 0.0081 0.0058 0.0042 0.0031 0.0023 0.0017 0.0012 0.0009 0.0000
0.0000 0.0003 0.0005 0.0007 0.0009 0.0012 0.0017 0.0023 0.0030 0.0041 0.0055 0.0074 0.0098 0.0129 0.0165 0.0207 0.0254 0.0307 0.0368 0.0441 0.0532 0.0642 0.0778 0.0951 0.1166 0.1440 0.1792 0.2247 0.2823 0.3500 0.4249 0.3968 0.2001 0.0812 0.0290 0.0094 0.0028 0.0008 0.0002 0.0001 0.0000 1.0000 1.0000 0.3857 0.1125 0.0391 0.0174 0.0093 0.0055 0.0034 0.0021 0.0013 0.0009 0.0006 0.0004 0.0002 0.0002 0.0001 0.0001 0.0001 0.0000 0.0000 0.0000 0.0000 1.0000 1.0000 1.0000 1.0000 1.0000 1.0000 1.0000 1.0000 1.0000 0.8066 0.5894 0.4306 0.3152 0.2303 0.1680 0.1223 0.0888 0.0642 0.0462 0.0332 0.0238 0.0170 0.0121 0.0086 0.0061 0.0043 0.0031 0.0022 0.0016 0.0011 0.0008 0.0006 0.0004 0.0003 0.0002 0.0002 0.0000
0.0000 0.0001 0.0001 0.0001 0.0002 0.0003 0.0004 0.0005 0.0006 0.0009 0.0012 0.0016 0.0021 0.0027 0.0034 0.0042 0.0051 0.0062 0.0074 0.0088 0.0106 0.0128 0.0156 0.0190 0.0235 0.0290 0.0363 0.0456 0.0578 0.0732 0.0918 0.1110 0.0911 0.0418 0.0161 0.0055 0.0017 0.0005 0.0001 0.0000 1.0000 1.0000 0.8973 0.2273 0.0597 0.0174 0.0061 0.0027 0.0014 0.0008 0.0005 0.0003 0.0002 0.0001 0.0001 0.0001 0.0000 0.0000 0.0000 0.0000 1.0000 1.0000 1.0000 1.0000 1.0000 1.0000 1.0000 1.0000 0.8082 0.5816 0.4209 0.3058 0.2226 0.1623 0.1186 0.0868 0.0636 0.0465 0.0340 0.0248 0.0180 0.0131 0.0094 0.0068 0.0049 0.0035 0.0025 0.0018 0.0013 0.0009 0.0006 0.0005 0.0003 0.0002 0.0002 0.0001 0.0001 0.0001 0.0000 0.0000 0.0000
0.0000 0.0000 0.0000 0.0000 0.0000 0.0001 0.0001 0.0001 0.0001 0.0002 0.0003 0.0003 0.0004 0.0006 0.0007 0.0009 0.0010 0.0012 0.0015 0.0018 0.0021 0.0026 0.0031 0.0038 0.0047 0.0059 0.0073 0.0093 0.0118 0.0151 0.0193 0.0245 0.0292 0.0201 0.0087 0.0032 0.0010 0.0003 0.0001 0.0000 1.0000 1.0000 0.5599 0.1397 0.0353 0.0093 0.0027 0.0009 0.0004 0.0002 0.0001 0.0001 0.0001 0.0000 0.0000 0.0000 1.0000 1.0000 1.0000 1.0000 1.0000 1.0000 1.0000 0.9812 0.6862 0.4827 0.3408 0.2416 0.1725 0.1237 0.0892 0.0645 0.0469 0.0342 0.0250 0.0183 0.0134 0.0098 0.0072 0.0053 0.0038 0.0028 0.0020 0.0015 0.0010 0.0007 0.0005 0.0004 0.0003 0.0002 0.0001 0.0001 0.0001 0.0000 0.0000 0.0000 0.0000 0.0000 1.0000 1.0000 0.0000
0.0000 1.0000 1.0000 1.0000 1.0000 0.0000 0.0000 0.0000 0.0000 0.0000 0.0001 0.0001 0.0001 0.0001 0.0001 0.0002 0.0002 0.0002 0.0003 0.0003 0.0004 0.0005 0.0006 0.0008 0.0009 0.0012 0.0015 0.0019 0.0024 0.0031 0.0040 0.0052 0.0067 0.0076 0.0044 0.0018 0.0006 0.0002 0.0001 0.0000 1.0000 1.0000 0.3547 0.0875 0.0217 0.0055 0.0014 0.0004 0.0001 0.0001 0.0000 0.0000 0.0000 1.0000 1.0000 1.0000 1.0000 1.0000 1.0000 1.0000 0.6771 0.4603 0.3158 0.2180 0.1516 0.1060 0.0744 0.0526 0.0373 0.0267 0.0191 0.0138 0.0100 0.0073 0.0053 0.0039 0.0029 0.0021 0.0015 0.0011 0.0008 0.0006 0.0004 0.0003 0.0002 0.0002 0.0001 0.0001 0.0001 0.0000 0.0000 0.0000 0.0000 0.0000 1.0000 1.0000 1.0000 1.0000 1.0000 1.0000 0.0000
0.0000 1.0000 1.0000 1.0000 1.0000 1.0000 1.0000 1.0000 1.0000 1.0000 0.0000 0.0000 0.0000 0.0000 0.0000 0.0000 0.0000 0.0000 0.0001 0.0001 0.0001 0.0001 0.0001 0.0002 0.0002 0.0002 0.0003 0.0004 0.0005 0.0006 0.0008 0.0011 0.0014 0.0018 0.0019 0.0009 0.0004 0.0001 0.0000 1.0000 1.0000 0.9374 0.2282 0.0554 0.0136 0.0034 0.0008 0.0002 0.0001 0.0000 0.0000 1.0000 1.0000 1.0000 1.0000 1.0000 0.8143 0.5298 0.3474 0.2308 0.1545 0.1044 0.0712 0.0489 0.0337 0.0235 0.0164 0.0115 0.0082 0.0058 0.0041 0.0030 0.0022 0.0016 0.0011 0.0008 0.0006 0.0004 0.0003 0.0002 0.0002 0.0001 0.0001 0.0001 0.0000 0.0000 0.0000 0.0000 0.0000 1.0000 1.0000 1.0000 1.0000 1.0000 1.0000 1.0000 1.0000 0.9830 0.6433 0.4482 0.0000
0.0000 0.2587 0.3447 0.4967 0.6797 0.9197 1.0000 1.0000 1.0000 1.0000 1.0000 1.0000 1.0000 1.0000 1.0000 1.0000 1.0000 1.0000 0.0000 0.0000 0.0000 0.0000 0.0000 0.0000 0.0000 0.0000 0.0001 0.0001 0.0001 0.0001 0.0002 0.0002 0.0003 0.0004 0.0005 0.0005 0.0002 0.0001 0.0000 1.0000 1.0000 0.6146 0.1482 0.0357 0.0086 0.0021 0.0005 0.0001 0.0000 0.0000 1.0000 1.0000 1.0000 0.8097 0.4957 0.3093 0.1960 0.1256 0.0817 0.0538 0.0357 0.0240 0.0162 0.0110 0.0076 0.0052 0.0036 0.0025 0.0018 0.0013 0.0009 0.0006 0.0005 0.0003 0.0002 0.0002 0.0001 0.0001 0.0001 0.0001 0.0000 0.0000 0.0000 0.0000 0.0000 1.0000 1.0000 1.0000 1.0000 1.0000 1.0000 1.0000 1.0000 0.8671 0.6146 0.4356 0.3081 0.2155 0.1410 0.0983 0.0000
0.0000 0.0551 0.0734 0.1058 0.1448 0.1960 0.2641 0.3567 0.4809 0.6433 0.8491 1.0000 1.0000 1.0000 1.0000 1.0000 1.0000 1.0000 1.0000 1.0000 1.0000 1.0000 1.0000 1.0000 1.0000 0.0000 0.0000 0.0000 0.0000 0.0000 0.0000 0.0000 0.0001 0.0001 0.0001 0.0001 0.0001 0.0000 0.0000 1.0000 1.0000 0.4068 0.0975 0.0232 0.0055 0.0013 0.0003 0.0001 0.0000 1.0000 1.0000 0.9007 0.3998 0.2123 0.1251 0.0767 0.0479 0.0303 0.0195 0.0126 0.0083 0.0055 0.0037 0.0025 0.0017 0.0012 0.0008 0.0006 0.0004 0.0003 0.0002 0.0001 0.0001 0.0001 0.0001 0.0000 0.0000 0.0000 0.0000 0.0000 1.0000 1.0000 1.0000 1.0000 1.0000 1.0000 1.0000 1.0000 1.0000 0.7561 0.5380 0.3813 0.2702 0.1912 0.1355 0.0960 0.0681 0.0475 0.0311 0.0216 0.0000
0.0000 0.0117 0.0156 0.0225 0.0309 0.0418 0.0563 0.0760 0.1023 0.1365 0.1782 0.2256 0.2765 0.3306 0.3908 0.4603 0.5431 0.6445 0.7692 0.9285 1.0000 1.0000 1.0000 1.0000 1.0000 1.0000 1.0000 1.0000 1.0000 1.0000 1.0000 0.0000 0.0000 0.0000 0.0000 0.0000 0.0000 0.0000 1.0000 1.0000 1.0000 0.2718 0.0649 0.0153 0.0036 0.0009 0.0002 0.0001 0.0000 1.0000 1.0000 0.3998 0.1394 0.0619 0.0329 0.0194 0.0119 0.0074 0.0047 0.0030 0.0020 0.0013 0.0009 0.0006 0.0004 0.0003 0.0002 0.0001 0.0001 0.0001 0.0000 0.0000 0.0000 0.0000 0.0000 1.0000 1.0000 1.0000 1.0000 1.0000 1.0000 1.0000 1.0000 1.0000 0.8589 0.6240 0.4525 0.3256 0.2334 0.1664 0.1186 0.0842 0.0596 0.0422 0.0299 0.0212 0.0150 0.0105 0.0069 0.0048 0.0000
0.0000 0.0025 0.0033 0.0048 0.0066 0.0089 0.0120 0.0162 0.0217 0.0288 0.0372 0.0463 0.0560 0.0662 0.0776 0.0914 0.1076 0.1280 0.1530 0.1851 0.2256 0.2781 0.3447 0.4306 0.5431 0.6901 0.8854 1.0000 1.0000 1.0000 1.0000 1.0000 1.0000 1.0000 1.0000 1.0000 0.0000 1.0000 1.0000 1.0000 0.7251 0.1830 0.0437 0.0102 0.0024 0.0006 0.0001 0.0000 1.0000 1.0000 0.8097 0.2123 0.0619 0.0216 0.0096 0.0051 0.0030 0.0018 0.0011 0.0007 0.0005 0.0003 0.0002 0.0001 0.0001 0.0001 0.0000 0.0000 0.0000 0.0000 1.0000 1.0000 1.0000 1.0000 1.0000 1.0000 1.0000 1.0000 1.0000 0.8524 0.6299 0.4647 0.3428 0.2528 0.1858 0.1358 0.0988 0.0714 0.0513 0.0367 0.0262 0.0186 0.0132 0.0093 0.0066 0.0047 0.0033 0.0023 0.0015 0.0011 0.0000
0.0000 0.0005 0.0007 0.0010 0.0014 0.0019 0.0026 0.0035 0.0046 0.0061 0.0077 0.0094 0.0112 0.0131 0.0154 0.0181 0.0213 0.0254 0.0304 0.0370 0.0451 0.0559 0.0694 0.0872 0.1105 0.1413 0.1820 0.2366 0.3105 0.4106 0.5472 0.7362 1.0000 1.0000 1.0000 1.0000 1.0000 1.0000 1.0000 1.0000 0.4818 0.1241 0.0298 0.0069 0.0016 0.0004 0.0001 0.0000 1.0000 1.0000 0.4957 0.1251 0.0329 0.0096 0.0033 0.0015 0.0008 0.0005 0.0003 0.0002 0.0001 0.0001 0.0000 0.0000 0.0000 0.0000 1.0000 1.0000 1.0000 1.0000 1.0000 1.0000 1.0000 1.0000 0.8871 0.6396 0.4647 0.3382 0.2476 0.1820 0.1345 0.0994 0.0736 0.0544 0.0400 0.0294 0.0215 0.0156 0.0113 0.0081 0.0058 0.0041 0.0029 0.0021 0.0015 0.0010 0.0007 0.0005 0.0003 0.0002 0.0000
0.0000 0.0001 0.0002 0.0002 0.0003 0.0004 0.0005 0.0007 0.0010 0.0013 0.0016 0.0019 0.0022 0.0026 0.0030 0.0036 0.0042 0.0050 0.0061 0.0074 0.0090 0.0112 0.0140 0.0177 0.0225 0.0289 0.0375 0.0490 0.0645 0.0860 0.1153 0.1560 0.2131 0.2933 0.4068 0.5717 0.8205 1.0000 1.0000 1.0000 0.3238 0.0845 0.0205 0.0047 0.0011 0.0002 0.0001 0.0000 1.0000 1.0000 0.3093 0.0767 0.0194 0.0051 0.0015 0.0005 0.0002 0.0001 0.0001 0.0000 0.0000 0.0000 0.0000 1.0000 1.0000 1.0000 1.0000 1.0000 1.0000 1.0000 0.7780 0.5421 0.3820 0.2702 0.1926 0.1381 0.0999 0.0726 0.0530 0.0388 0.0287 0.0212 0.0157 0.0116 0.0086 0.0064 0.0047 0.0034 0.0025 0.0018 0.0013 0.0009 0.0006 0.0005 0.0003 0.0002 0.0002 0.0001 0.0001 0.0001 0.0000
