0.0003 0.0021 0.0054 0.0155 0.0444 0.1265 0.3615 1.0000 1.0000 1.0000 1.0000 0.0007 0.0020 0.0056 0.0161 0.0461 0.1319 0.3770 1.0000 1.0000 1.0000 1.0000 0.0007 0.0020 0.0058 0.0167 0.0476 0.1360 0.3886 1.0000 1.0000 1.0000 1.0000 0.0007 0.0021 0.0060 0.0173 0.0494 0.1410 0.4029 1.0000 1.0000 1.0000 1.0000 0.0008 0.0022 0.0063 0.0178 0.0514 0.1715 0.3976 0.1715 0.0514 0.0178 0.0063 0.0022 0.0008 1.0000 1.0000 1.0000 1.0000 0.4029 0.1410 0.0494 0.0173 0.0060 0.0021 0.0007 1.0000 1.0000 1.0000 1.0000 0.3886 0.1360 0.0476 0.0167 0.0058 0.0020 0.0007 1.0000 1.0000 1.0000 1.0000 0.3770 0.1319 0.0461 0.0161 0.0056 0.0020 0.0007 1.0000 1.0000 1.0000 1.0000 0.3615 0.1265 0.0444 0.0155 0.0054 0.0021 0.0003
0.0021 0.0146 0.0365 0.1070 0.3046 0.8704 1.0000 1.0000 1.0000 1.0000 0.0017 0.0048 0.0136 0.0388 0.1110 0.3171 0.9058 1.0000 1.0000 1.0000 1.0000 0.0017 0.0049 0.0140 0.0401 0.1146 0.3275 0.9356 1.0000 1.0000 1.0000 1.0000 0.0018 0.0051 0.0145 0.0416 0.1186 0.3395 0.9700 1.0000 1.0000 1.0000 1.0000 0.0018 0.0053 0.0151 0.0430 0.1223 0.3513 1.0000 1.0000 1.0000 0.3513 0.1223 0.0430 0.0151 0.0053 0.0018 1.0000 1.0000 1.0000 1.0000 0.9700 0.3395 0.1186 0.0416 0.0145 0.0051 0.0018 1.0000 1.0000 1.0000 1.0000 0.9356 0.3275 0.1146 0.0401 0.0140 0.0049 0.0017 1.0000 1.0000 1.0000 1.0000 0.9058 0.3171 0.1110 0.0388 0.0136 0.0048 0.0017 1.0000 1.0000 1.0000 1.0000 0.8704 0.3046 0.1070 0.0365 0.0146 0.0021
0.0054 0.0365 0.0966 0.2802 0.8036 1.0000 1.0000 1.0000 1.0000 0.0015 0.0044 0.0126 0.0360 0.1028 0.2938 0.8395 1.0000 1.0000 1.0000 1.0000 0.0016 0.0046 0.0130 0.0372 0.1062 0.3035 0.8671 1.0000 1.0000 1.0000 1.0000 0.0016 0.0047 0.0134 0.0385 0.1099 0.3146 0.8990 1.0000 1.0000 1.0000 1.0000 0.0017 0.0049 0.0139 0.0397 0.1140 0.3238 0.9303 1.0000 1.0000 1.0000 0.9303 0.3238 0.1140 0.0397 0.0139 0.0049 0.0017 1.0000 1.0000 1.0000 1.0000 0.8990 0.3146 0.1099 0.0385 0.0134 0.0047 0.0016 1.0000 1.0000 1.0000 1.0000 0.8671 0.3035 0.1062 0.0372 0.0130 0.0046 0.0016 1.0000 1.0000 1.0000 1.0000 0.8395 0.2938 0.1028 0.0360 0.0126 0.0044 0.0015 1.0000 1.0000 1.0000 1.0000 0.8036 0.2802 0.0966 0.0365 0.0054
0.0155 0.1070 0.2802 0.8205 1.0000 1.0000 1.0000 1.0000 0.0016 0.0046 0.0130 0.0372 0.1066 0.3052 0.8720 1.0000 1.0000 1.0000 1.0000 0.0017 0.0047 0.0135 0.0386 0.1103 0.3152 0.9007 1.0000 1.0000 1.0000 1.0000 0.0017 0.0049 0.0139 0.0398 0.1140 0.3256 0.9321 1.0000 1.0000 1.0000 1.0000 0.0018 0.0051 0.0144 0.0412 0.1179 0.3376 0.9590 1.0000 1.0000 1.0000 1.0000 1.0000 0.9590 0.3376 0.1179 0.0412 0.0144 0.0051 0.0018 1.0000 1.0000 1.0000 1.0000 0.9321 0.3256 0.1140 0.0398 0.0139 0.0049 0.0017 1.0000 1.0000 1.0000 1.0000 0.9007 0.3152 0.1103 0.0386 0.0135 0.0047 0.0017 1.0000 1.0000 1.0000 1.0000 0.8720 0.3052 0.1066 0.0372 0.0130 0.0046 0.0016 1.0000 1.0000 1.0000 1.0000 0.8205 0.2802 0.1070 0.0155
0.0444 0.3046 0.8036 1.0000 1.0000 1.0000 1.0000 0.0016 0.0046 0.0133 0.0380 0.1087 0.3111 0.8888 1.0000 1.0000 1.0000 1.0000 0.0017 0.0048 0.0138 0.0394 0.1127 0.3219 0.9197 1.0000 1.0000 1.0000 1.0000 0.0017 0.0050 0.0142 0.0406 0.1162 0.3325 0.9499 1.0000 1.0000 1.0000 1.0000 0.0018 0.0052 0.0148 0.0422 0.1202 0.3441 0.9849 1.0000 1.0000 1.0000 1.0000 1.0000 1.0000 1.0000 0.9849 0.3441 0.1202 0.0422 0.0148 0.0052 0.0018 1.0000 1.0000 1.0000 1.0000 0.9499 0.3325 0.1162 0.0406 0.0142 0.0050 0.0017 1.0000 1.0000 1.0000 1.0000 0.9197 0.3219 0.1127 0.0394 0.0138 0.0048 0.0017 1.0000 1.0000 1.0000 1.0000 0.8888 0.3111 0.1087 0.0380 0.0133 0.0046 0.0016 1.0000 1.0000 1.0000 1.0000 0.8036 0.3046 0.0444
0.1265 0.8704 1.0000 1.0000 1.0000 1.0000 0.0016 0.0047 0.0135 0.0387 0.1108 0.3171 0.9076 1.0000 1.0000 1.0000 1.0000 0.0017 0.0049 0.0141 0.0403 0.1153 0.3293 0.9410 1.0000 1.0000 1.0000 1.0000 0.0018 0.0051 0.0146 0.0416 0.1188 0.3395 0.9719 1.0000 1.0000 1.0000 0.0006 0.0018 0.0053 0.0151 0.0431 0.1232 0.3520 1.0000 1.0000 1.0000 1.0000 0.0008 0.0016 0.0008 1.0000 1.0000 1.0000 1.0000 0.3520 0.1232 0.0431 0.0151 0.0053 0.0018 0.0006 1.0000 1.0000 1.0000 0.9719 0.3395 0.1188 0.0416 0.0146 0.0051 0.0018 1.0000 1.0000 1.0000 1.0000 0.9410 0.3293 0.1153 0.0403 0.0141 0.0049 0.0017 1.0000 1.0000 1.0000 1.0000 0.9076 0.3171 0.1108 0.0387 0.0135 0.0047 0.0016 1.0000 1.0000 1.0000 1.0000 0.8704 0.1265
0.3615 1.0000 1.0000 1.0000 1.0000 0.0016 0.0047 0.0136 0.0391 0.1125 0.3225 0.9232 1.0000 1.0000 1.0000 1.0000 0.0018 0.0051 0.0144 0.0413 0.1179 0.3369 0.9627 1.0000 1.0000 1.0000 1.0000 0.0018 0.0052 0.0149 0.0426 0.1216 0.3467 0.9924 1.0000 1.0000 1.0000 0.0007 0.0019 0.0054 0.0154 0.0441 0.1261 0.3601 1.0000 1.0000 1.0000 1.0000 0.0007 0.0022 0.0048 0.0022 0.0007 1.0000 1.0000 1.0000 1.0000 0.3601 0.1261 0.0441 0.0154 0.0054 0.0019 0.0007 1.0000 1.0000 1.0000 0.9924 0.3467 0.1216 0.0426 0.0149 0.0052 0.0018 1.0000 1.0000 1.0000 1.0000 0.9627 0.3369 0.1179 0.0413 0.0144 0.0051 0.0018 1.0000 1.0000 1.0000 1.0000 0.9232 0.3225 0.1125 0.0391 0.0136 0.0047 0.0016 1.0000 1.0000 1.0000 1.0000 0.3615
1.0000 1.0000 1.0000 1.0000 0.0016 0.0047 0.0136 0.0393 0.1133 0.3262 0.9374 1.0000 1.0000 1.0000 1.0000 0.0018 0.0052 0.0148 0.0422 0.1207 0.3447 0.9849 1.0000 1.0000 1.0000 0.0007 0.0019 0.0053 0.0152 0.0435 0.1244 0.3554 1.0000 1.0000 1.0000 1.0000 0.0007 0.0019 0.0055 0.0158 0.0451 0.1290 0.3685 1.0000 1.0000 1.0000 1.0000 0.0007 0.0020 0.0065 0.0140 0.0065 0.0020 0.0007 1.0000 1.0000 1.0000 1.0000 0.3685 0.1290 0.0451 0.0158 0.0055 0.0019 0.0007 1.0000 1.0000 1.0000 1.0000 0.3554 0.1244 0.0435 0.0152 0.0053 0.0019 0.0007 1.0000 1.0000 1.0000 0.9849 0.3447 0.1207 0.0422 0.0148 0.0052 0.0018 1.0000 1.0000 1.0000 1.0000 0.9374 0.3262 0.1133 0.0393 0.0136 0.0047 0.0016 1.0000 1.0000 1.0000 1.0000
1.0000 1.0000 1.0000 0.0016 0.0046 0.0135 0.0391 0.1133 0.3275 0.9445 1.0000 1.0000 1.0000 1.0000 0.0018 0.0053 0.0151 0.0431 0.1232 0.3527 1.0000 1.0000 1.0000 1.0000 0.0007 0.0019 0.0055 0.0156 0.0445 0.1273 0.3636 1.0000 1.0000 1.0000 1.0000 0.0007 0.0020 0.0057 0.0162 0.0462 0.1319 0.3770 1.0000 1.0000 1.0000 1.0000 0.0007 0.0020 0.0058 0.0191 0.0410 0.0191 0.0058 0.0020 0.0007 1.0000 1.0000 1.0000 1.0000 0.3770 0.1319 0.0462 0.0162 0.0057 0.0020 0.0007 1.0000 1.0000 1.0000 1.0000 0.3636 0.1273 0.0445 0.0156 0.0055 0.0019 0.0007 1.0000 1.0000 1.0000 1.0000 0.3527 0.1232 0.0431 0.0151 0.0053 0.0018 1.0000 1.0000 1.0000 1.0000 0.9445 0.3275 0.1133 0.0391 0.0135 0.0046 0.0016 1.0000 1.0000 1.0000
1.0000 1.0000 0.0015 0.0046 0.0133 0.0387 0.1125 0.3262 0.9445 1.0000 1.0000 1.0000 0.0006 0.0019 0.0054 0.0154 0.0440 0.1258 0.3601 1.0000 1.0000 1.0000 1.0000 0.0007 0.0020 0.0056 0.0159 0.0456 0.1302 0.3720 1.0000 1.0000 1.0000 1.0000 0.0007 0.0020 0.0058 0.0165 0.0472 0.1350 0.3857 1.0000 1.0000 1.0000 1.0000 0.0007 0.0021 0.0060 0.0171 0.0560 0.1197 0.0560 0.0171 0.0060 0.0021 0.0007 1.0000 1.0000 1.0000 1.0000 0.3857 0.1350 0.0472 0.0165 0.0058 0.0020 0.0007 1.0000 1.0000 1.0000 1.0000 0.3720 0.1302 0.0456 0.0159 0.0056 0.0020 0.0007 1.0000 1.0000 1.0000 1.0000 0.3601 0.1258 0.0440 0.0154 0.0054 0.0019 0.0006 1.0000 1.0000 1.0000 0.9445 0.3262 0.1125 0.0387 0.0133 0.0046 0.0015 1.0000 1.0000
1.0000 0.0017 0.0044 0.0130 0.0380 0.1108 0.3225 0.9374 1.0000 1.0000 1.0000 0.0007 0.0019 0.0054 0.0156 0.0447 0.1282 0.3671 1.0000 1.0000 1.0000 1.0000 0.0007 0.0020 0.0057 0.0163 0.0466 0.1332 0.3806 1.0000 1.0000 1.0000 1.0000 0.0007 0.0021 0.0059 0.0169 0.0483 0.1381 0.3946 1.0000 1.0000 1.0000 1.0000 0.0007 0.0021 0.0061 0.0174 0.0499 0.1636 0.3500 0.1636 0.0499 0.0174 0.0061 0.0021 0.0007 1.0000 1.0000 1.0000 1.0000 0.3946 0.1381 0.0483 0.0169 0.0059 0.0021 0.0007 1.0000 1.0000 1.0000 1.0000 0.3806 0.1332 0.0466 0.0163 0.0057 0.0020 0.0007 1.0000 1.0000 1.0000 1.0000 0.3671 0.1282 0.0447 0.0156 0.0054 0.0019 0.0007 1.0000 1.0000 1.0000 0.9374 0.3225 0.1108 0.0380 0.0130 0.0044 0.0017 1.0000
0.0007 0.0048 0.0126 0.0372 0.1087 0.3171 0.9232 1.0000 1.0000 1.0000 0.0007 0.0019 0.0055 0.0157 0.0453 0.1302 0.3734 1.0000 1.0000 1.0000 1.0000 0.0007 0.0020 0.0058 0.0167 0.0477 0.1363 0.3893 1.0000 1.0000 1.0000 1.0000 0.0007 0.0021 0.0060 0.0173 0.0494 0.1413 0.4037 1.0000 1.0000 1.0000 1.0000 0.0008 0.0022 0.0062 0.0179 0.0509 0.1459 0.4781 1.0000 0.4781 0.1459 0.0509 0.0179 0.0062 0.0022 0.0008 1.0000 1.0000 1.0000 1.0000 0.4037 0.1413 0.0494 0.0173 0.0060 0.0021 0.0007 1.0000 1.0000 1.0000 1.0000 0.3893 0.1363 0.0477 0.0167 0.0058 0.0020 0.0007 1.0000 1.0000 1.0000 1.0000 0.3734 0.1302 0.0453 0.0157 0.0055 0.0019 0.0007 1.0000 1.0000 1.0000 0.9232 0.3171 0.1087 0.0372 0.0126 0.0048 0.0007
0.0020 0.0136 0.0360 0.1066 0.3111 0.9076 1.0000 1.0000 1.0000 0.0006 0.0019 0.0055 0.0158 0.0456 0.1314 0.3784 1.0000 1.0000 1.0000 1.0000 0.0007 0.0021 0.0060 0.0171 0.0488 0.1394 0.3983 1.0000 1.0000 1.0000 1.0000 0.0008 0.0022 0.0062 0.0176 0.0504 0.1443 0.4130 1.0000 1.0000 1.0000 1.0000 0.0008 0.0022 0.0064 0.0183 0.0523 0.1487 0.4266 1.0000 1.0000 1.0000 0.4266 0.1487 0.0523 0.0183 0.0064 0.0022 0.0008 1.0000 1.0000 1.0000 1.0000 0.4130 0.1443 0.0504 0.0176 0.0062 0.0022 0.0008 1.0000 1.0000 1.0000 1.0000 0.3983 0.1394 0.0488 0.0171 0.0060 0.0021 0.0007 1.0000 1.0000 1.0000 1.0000 0.3784 0.1314 0.0456 0.0158 0.0055 0.0019 0.0006 1.0000 1.0000 1.0000 0.9076 0.3111 0.1066 0.0360 0.0136 0.0020
0.0056 0.0388 0.1028 0.3052 0.8888 1.0000 1.0000 1.0000 1.0000 0.0019 0.0054 0.0157 0.0456 0.1319 0.3806 1.0000 1.0000 1.0000 1.0000 0.0007 0.0021 0.0061 0.0174 0.0498 0.1426 0.4075 1.0000 1.0000 1.0000 1.0000 0.0008 0.0022 0.0063 0.0180 0.0516 0.1476 0.4217 1.0000 1.0000 1.0000 1.0000 0.0008 0.0023 0.0065 0.0187 0.0534 0.1527 0.4347 1.0000 1.0000 1.0000 1.0000 1.0000 0.4347 0.1527 0.0534 0.0187 0.0065 0.0023 0.0008 1.0000 1.0000 1.0000 1.0000 0.4217 0.1476 0.0516 0.0180 0.0063 0.0022 0.0008 1.0000 1.0000 1.0000 1.0000 0.4075 0.1426 0.0498 0.0174 0.0061 0.0021 0.0007 1.0000 1.0000 1.0000 1.0000 0.3806 0.1319 0.0456 0.0157 0.0054 0.0019 1.0000 1.0000 1.0000 1.0000 0.8888 0.3052 0.1028 0.0388 0.0056
0.0161 0.1110 0.2938 0.8720 1.0000 1.0000 1.0000 1.0000 0.0018 0.0054 0.0156 0.0453 0.1314 0.3806 1.0000 1.0000 1.0000 1.0000 0.0008 0.0022 0.0062 0.0178 0.0509 0.1457 0.4161 1.0000 1.0000 1.0000 1.0000 0.0008 0.0023 0.0065 0.0184 0.0527 0.1507 0.4306 1.0000 1.0000 1.0000 1.0000 0.0008 0.0023 0.0067 0.0191 0.0545 0.1560 0.4465 1.0000 1.0000 1.0000 1.0000 1.0000 1.0000 1.0000 0.4465 0.1560 0.0545 0.0191 0.0067 0.0023 0.0008 1.0000 1.0000 1.0000 1.0000 0.4306 0.1507 0.0527 0.0184 0.0065 0.0023 0.0008 1.0000 1.0000 1.0000 1.0000 0.4161 0.1457 0.0509 0.0178 0.0062 0.0022 0.0008 1.0000 1.0000 1.0000 1.0000 0.3806 0.1314 0.0453 0.0156 0.0054 0.0018 1.0000 1.0000 1.0000 1.0000 0.8720 0.2938 0.1110 0.0161
0.0461 0.3171 0.8395 1.0000 1.0000 1.0000 1.0000 0.0018 0.0053 0.0154 0.0447 0.1302 0.3784 1.0000 1.0000 1.0000 1.0000 0.0008 0.0022 0.0063 0.0181 0.0519 0.1484 0.4249 1.0000 1.0000 1.0000 1.0000 0.0008 0.0023 0.0066 0.0189 0.0539 0.1539 0.4406 1.0000 1.0000 1.0000 1.0000 0.0008 0.0024 0.0068 0.0195 0.0559 0.1596 0.4559 1.0000 1.0000 1.0000 1.0000 1.0000 1.0000 1.0000 1.0000 1.0000 0.4559 0.1596 0.0559 0.0195 0.0068 0.0024 0.0008 1.0000 1.0000 1.0000 1.0000 0.4406 0.1539 0.0538 0.0189 0.0066 0.0023 0.0008 1.0000 1.0000 1.0000 1.0000 0.4249 0.1484 0.0519 0.0181 0.0063 0.0022 0.0008 1.0000 1.0000 1.0000 1.0000 0.3784 0.1302 0.0447 0.0154 0.0053 0.0018 1.0000 1.0000 1.0000 1.0000 0.8395 0.3171 0.0461
0.1319 0.9058 1.0000 1.0000 1.0000 1.0000 0.0018 0.0052 0.0151 0.0440 0.1282 0.3734 1.0000 1.0000 1.0000 1.0000 0.0008 0.0022 0.0064 0.0183 0.0527 0.1510 0.4331 1.0000 1.0000 1.0000 1.0000 0.0008 0.0024 0.0068 0.0193 0.0551 0.1572 0.4499 1.0000 1.0000 1.0000 1.0000 0.0009 0.0025 0.0070 0.0200 0.0571 0.1633 0.4656 1.0000 1.0000 1.0000 1.0000 0.0010 0.0022 0.0010 1.0000 1.0000 1.0000 1.0000 0.4656 0.1633 0.0571 0.0200 0.0070 0.0025 0.0009 1.0000 1.0000 1.0000 1.0000 0.4499 0.1575 0.0551 0.0193 0.0068 0.0024 0.0008 1.0000 1.0000 1.0000 1.0000 0.4331 0.1510 0.0527 0.0183 0.0064 0.0022 0.0008 1.0000 1.0000 1.0000 1.0000 0.3734 0.1282 0.0440 0.0151 0.0052 0.0018 1.0000 1.0000 1.0000 1.0000 0.9058 0.1319
0.3770 1.0000 1.0000 1.0000 1.0000 0.0017 0.0051 0.0148 0.0431 0.1258 0.3671 1.0000 1.0000 1.0000 1.0000 0.0008 0.0022 0.0064 0.0184 0.0532 0.1530 0.4397 1.0000 1.0000 1.0000 1.0000 0.0008 0.0024 0.0069 0.0197 0.0564 0.1611 0.4603 1.0000 1.0000 1.0000 1.0000 0.0009 0.0025 0.0072 0.0205 0.0585 0.1670 0.4772 1.0000 1.0000 1.0000 1.0000 0.0009 0.0030 0.0064 0.0030 0.0009 1.0000 1.0000 1.0000 1.0000 0.4772 0.1670 0.0585 0.0205 0.0072 0.0025 0.0009 1.0000 1.0000 1.0000 1.0000 0.4594 0.1611 0.0564 0.0197 0.0069 0.0024 0.0008 1.0000 1.0000 1.0000 1.0000 0.4397 0.1530 0.0532 0.0184 0.0064 0.0022 0.0008 1.0000 1.0000 1.0000 1.0000 0.3671 0.1258 0.0431 0.0148 0.0051 0.0017 1.0000 1.0000 1.0000 1.0000 0.3770
1.0000 1.0000 1.0000 1.0000 0.0017 0.0049 0.0144 0.0422 0.1232 0.3601 1.0000 1.0000 1.0000 1.0000 0.0008 0.0022 0.0064 0.0184 0.0534 0.1539 0.4439 1.0000 1.0000 1.0000 1.0000 0.0009 0.0025 0.0071 0.0202 0.0577 0.1648 0.4709 1.0000 1.0000 1.0000 1.0000 0.0009 0.0026 0.0073 0.0209 0.0598 0.1709 0.4882 1.0000 1.0000 1.0000 1.0000 0.0009 0.0026 0.0087 0.0186 0.0087 0.0026 0.0009 1.0000 1.0000 1.0000 1.0000 0.4882 0.1709 0.0598 0.0209 0.0073 0.0026 0.0009 1.0000 1.0000 1.0000 1.0000 0.4709 0.1648 0.0577 0.0202 0.0071 0.0025 0.0009 1.0000 1.0000 1.0000 1.0000 0.4439 0.1539 0.0534 0.0184 0.0064 0.0022 0.0008 1.0000 1.0000 1.0000 1.0000 0.3601 0.1232 0.0422 0.0144 0.0049 0.0017 1.0000 1.0000 1.0000 1.0000
1.0000 1.0000 1.0000 0.0017 0.0048 0.0141 0.0413 0.1207 0.3527 1.0000 1.0000 1.0000 1.0000 0.0007 0.0022 0.0063 0.0183 0.0532 0.1539 0.4456 1.0000 1.0000 1.0000 1.0000 0.0009 0.0025 0.0072 0.0206 0.0589 0.1683 0.4818 1.0000 1.0000 1.0000 1.0000 0.0009 0.0026 0.0075 0.0214 0.0612 0.1748 0.4995 1.0000 1.0000 1.0000 1.0000 0.0009 0.0027 0.0077 0.0254 0.0543 0.0254 0.0077 0.0027 0.0009 1.0000 1.0000 1.0000 1.0000 0.4995 0.1748 0.0612 0.0214 0.0075 0.0026 0.0009 1.0000 1.0000 1.0000 1.0000 0.4818 0.1683 0.0589 0.0206 0.0072 0.0025 0.0009 1.0000 1.0000 1.0000 1.0000 0.4456 0.1539 0.0532 0.0183 0.0063 0.0022 0.0007 1.0000 1.0000 1.0000 1.0000 0.3527 0.1207 0.0413 0.0141 0.0048 0.0017 1.0000 1.0000 1.0000
1.0000 1.0000 0.0016 0.0047 0.0138 0.0403 0.1179 0.3447 1.0000 1.0000 1.0000 1.0000 0.0007 0.0021 0.0062 0.0181 0.0527 0.1530 0.4439 1.0000 1.0000 1.0000 1.0000 0.0009 0.0025 0.0073 0.0210 0.0600 0.1719 0.4920 1.0000 1.0000 1.0000 1.0000 0.0009 0.0027 0.0077 0.0219 0.0626 0.1789 0.5110 1.0000 1.0000 1.0000 1.0000 0.0010 0.0028 0.0079 0.0226 0.0741 0.1587 0.0741 0.0226 0.0079 0.0028 0.0010 1.0000 1.0000 1.0000 1.0000 0.5110 0.1789 0.0626 0.0219 0.0077 0.0027 0.0009 1.0000 1.0000 1.0000 1.0000 0.4920 0.1719 0.0600 0.0210 0.0073 0.0025 0.0009 1.0000 1.0000 1.0000 1.0000 0.4439 0.1530 0.0527 0.0181 0.0062 0.0021 0.0007 1.0000 1.0000 1.0000 1.0000 0.3447 0.1179 0.0403 0.0138 0.0047 0.0016 1.0000 1.0000
1.0000 0.0017 0.0046 0.0135 0.0394 0.1153 0.3369 0.9849 1.0000 1.0000 1.0000 0.0007 0.0021 0.0061 0.0178 0.0519 0.1510 0.4397 1.0000 1.0000 1.0000 1.0000 0.0009 0.0026 0.0074 0.0213 0.0611 0.1752 0.5014 1.0000 1.0000 1.0000 1.0000 0.0010 0.0027 0.0078 0.0224 0.0640 0.1830 0.5228 1.0000 1.0000 1.0000 1.0000 0.0010 0.0028 0.0081 0.0231 0.0662 0.2167 0.4638 0.2167 0.0662 0.0231 0.0081 0.0028 0.0010 1.0000 1.0000 1.0000 1.0000 0.5228 0.1830 0.0640 0.0224 0.0078 0.0027 0.0010 1.0000 1.0000 1.0000 1.0000 0.5014 0.1752 0.0611 0.0213 0.0074 0.0026 0.0009 1.0000 1.0000 1.0000 1.0000 0.4397 0.1510 0.0519 0.0178 0.0061 0.0021 0.0007 1.0000 1.0000 1.0000 0.9849 0.3369 0.1153 0.0394 0.0135 0.0046 0.0017 1.0000
0.0007 0.0049 0.0130 0.0386 0.1127 0.3293 0.9627 1.0000 1.0000 1.0000 0.0007 0.0020 0.0060 0.0174 0.0509 0.1484 0.4331 1.0000 1.0000 1.0000 1.0000 0.0009 0.0026 0.0075 0.0215 0.0619 0.1778 0.5101 1.0000 1.0000 1.0000 1.0000 0.0010 0.0028 0.0080 0.0229 0.0654 0.1872 0.5349 1.0000 1.0000 1.0000 1.0000 0.0010 0.0029 0.0083 0.0237 0.0674 0.1934 0.6335 1.0000 0.6335 0.1934 0.0674 0.0237 0.0083 0.0029 0.0010 1.0000 1.0000 1.0000 1.0000 0.5349 0.1872 0.0654 0.0229 0.0080 0.0028 0.0010 1.0000 1.0000 1.0000 1.0000 0.5101 0.1778 0.0619 0.0215 0.0075 0.0026 0.0009 1.0000 1.0000 1.0000 1.0000 0.4331 0.1484 0.0509 0.0174 0.0060 0.0020 0.0007 1.0000 1.0000 1.0000 0.9627 0.3293 0.1127 0.0386 0.0130 0.0049 0.0007
0.0020 0.0140 0.0372 0.1103 0.3219 0.9410 1.0000 1.0000 1.0000 0.0007 0.0020 0.0058 0.0171 0.0498 0.1457 0.4249 1.0000 1.0000 1.0000 1.0000 0.0009 0.0026 0.0075 0.0216 0.0622 0.1795 0.5169 1.0000 1.0000 1.0000 1.0000 0.0010 0.0029 0.0082 0.0234 0.0668 0.1912 0.5472 1.0000 1.0000 1.0000 1.0000 0.0010 0.0030 0.0085 0.0242 0.0692 0.1971 0.5652 1.0000 1.0000 1.0000 0.5652 0.1971 0.0692 0.0242 0.0085 0.0030 0.0010 1.0000 1.0000 1.0000 1.0000 0.5472 0.1912 0.0668 0.0234 0.0082 0.0029 0.0010 1.0000 1.0000 1.0000 1.0000 0.5169 0.1795 0.0622 0.0216 0.0075 0.0026 0.0009 1.0000 1.0000 1.0000 1.0000 0.4249 0.1457 0.0498 0.0171 0.0058 0.0020 0.0007 1.0000 1.0000 1.0000 0.9410 0.3219 0.1103 0.0372 0.0140 0.0020
0.0058 0.0401 0.1062 0.3152 0.9197 1.0000 1.0000 1.0000 0.0007 0.0020 0.0057 0.0167 0.0488 0.1426 0.4161 1.0000 1.0000 1.0000 1.0000 0.0009 0.0025 0.0074 0.0215 0.0622 0.1802 0.5198 1.0000 1.0000 1.0000 1.0000 0.0010 0.0029 0.0083 0.0238 0.0682 0.1952 0.5588 1.0000 1.0000 1.0000 1.0000 0.0011 0.0030 0.0087 0.0247 0.0707 0.2024 0.5761 1.0000 1.0000 1.0000 1.0000 1.0000 0.5761 0.2024 0.0707 0.0247 0.0087 0.0030 0.0011 1.0000 1.0000 1.0000 1.0000 0.5588 0.1952 0.0682 0.0238 0.0083 0.0029 0.0010 1.0000 1.0000 1.0000 1.0000 0.5198 0.1802 0.0622 0.0215 0.0074 0.0025 0.0009 1.0000 1.0000 1.0000 1.0000 0.4161 0.1426 0.0488 0.0167 0.0057 0.0020 0.0007 1.0000 1.0000 1.0000 0.9197 0.3152 0.1062 0.0401 0.0058
0.0167 0.1146 0.3035 0.9007 1.0000 1.0000 1.0000 0.0007 0.0019 0.0056 0.0163 0.0477 0.1394 0.4075 1.0000 1.0000 1.0000 1.0000 0.0009 0.0025 0.0073 0.0213 0.0619 0.1795 0.5198 1.0000 1.0000 1.0000 1.0000 0.0010 0.0030 0.0085 0.0243 0.0695 0.1990 0.5695 1.0000 1.0000 1.0000 1.0000 0.0011 0.0031 0.0089 0.0253 0.0723 0.2067 0.5916 1.0000 1.0000 1.0000 1.0000 1.0000 1.0000 1.0000 0.5916 0.2067 0.0723 0.0253 0.0089 0.0031 0.0011 1.0000 1.0000 1.0000 1.0000 0.5695 0.1990 0.0695 0.0243 0.0085 0.0030 0.0010 1.0000 1.0000 1.0000 1.0000 0.5198 0.1795 0.0619 0.0213 0.0073 0.0025 0.0009 1.0000 1.0000 1.0000 1.0000 0.4075 0.1394 0.0477 0.0163 0.0056 0.0019 0.0007 1.0000 1.0000 1.0000 0.9007 0.3035 0.1146 0.0167
0.0476 0.3275 0.8671 1.0000 1.0000 1.0000 1.0000 0.0019 0.0055 0.0159 0.0466 0.1363 0.3983 1.0000 1.0000 1.0000 1.0000 0.0008 0.0025 0.0072 0.0210 0.0611 0.1778 0.5169 1.0000 1.0000 1.0000 1.0000 0.0010 0.0030 0.0086 0.0247 0.0708 0.2028 0.5805 1.0000 1.0000 1.0000 1.0000 0.0011 0.0032 0.0091 0.0259 0.0740 0.2110 0.6041 1.0000 1.0000 1.0000 1.0000 0.0010 1.0000 1.0000 1.0000 1.0000 0.6041 0.2110 0.0740 0.0259 0.0091 0.0032 0.0011 1.0000 1.0000 1.0000 1.0000 0.5805 0.2028 0.0708 0.0247 0.0086 0.0030 0.0010 1.0000 1.0000 1.0000 1.0000 0.5169 0.1778 0.0611 0.0210 0.0072 0.0025 0.0008 1.0000 1.0000 1.0000 1.0000 0.3983 0.1363 0.0466 0.0159 0.0055 0.0019 1.0000 1.0000 1.0000 1.0000 0.8671 0.3275 0.0476
0.1360 0.9356 1.0000 1.0000 1.0000 1.0000 0.0018 0.0053 0.0156 0.0456 0.1332 0.3893 1.0000 1.0000 1.0000 1.0000 0.0008 0.0024 0.0071 0.0206 0.0600 0.1752 0.5101 1.0000 1.0000 1.0000 1.0000 0.0010 0.0030 0.0087 0.0250 0.0719 0.2063 0.5916 1.0000 1.0000 1.0000 1.0000 0.0011 0.0032 0.0093 0.0265 0.0757 0.2163 0.6181 1.0000 1.0000 1.0000 1.0000 0.0013 0.0029 0.0013 1.0000 1.0000 1.0000 1.0000 0.6181 0.2163 0.0757 0.0265 0.0093 0.0032 0.0011 1.0000 1.0000 1.0000 1.0000 0.5916 0.2063 0.0719 0.0250 0.0087 0.0030 0.0010 1.0000 1.0000 1.0000 1.0000 0.5101 0.1752 0.0600 0.0206 0.0071 0.0024 0.0008 1.0000 1.0000 1.0000 1.0000 0.3893 0.1332 0.0456 0.0156 0.0053 0.0018 1.0000 1.0000 1.0000 1.0000 0.9356 0.1360
0.3886 1.0000 1.0000 1.0000 1.0000 0.0018 0.0052 0.0152 0.0445 0.1302 0.3806 1.0000 1.0000 1.0000 1.0000 0.0008 0.0024 0.0069 0.0202 0.0589 0.1719 0.5014 1.0000 1.0000 1.0000 1.0000 0.0010 0.0030 0.0087 0.0252 0.0726 0.2090 0.6007 1.0000 1.0000 1.0000 1.0000 0.0012 0.0033 0.0095 0.0271 0.0773 0.2213 0.6323 1.0000 1.0000 1.0000 1.0000 0.0012 0.0039 0.0084 0.0039 0.0012 1.0000 1.0000 1.0000 1.0000 0.6323 0.2213 0.0773 0.0271 0.0095 0.0033 0.0012 1.0000 1.0000 1.0000 1.0000 0.6007 0.2090 0.0726 0.0252 0.0087 0.0030 0.0010 1.0000 1.0000 1.0000 1.0000 0.5014 0.1719 0.0589 0.0202 0.0069 0.0024 0.0008 1.0000 1.0000 1.0000 1.0000 0.3806 0.1302 0.0445 0.0152 0.0052 0.0018 1.0000 1.0000 1.0000 1.0000 0.3886
1.0000 1.0000 1.0000 1.0000 0.0017 0.0051 0.0149 0.0435 0.1273 0.3720 1.0000 1.0000 1.0000 1.0000 0.0008 0.0023 0.0068 0.0197 0.0577 0.1683 0.4920 1.0000 1.0000 1.0000 1.0000 0.0010 0.0030 0.0087 0.0252 0.0729 0.2102 0.6064 1.0000 1.0000 1.0000 1.0000 0.0012 0.0034 0.0096 0.0276 0.0790 0.2260 0.6457 1.0000 1.0000 1.0000 1.0000 0.0012 0.0035 0.0115 0.0246 0.0115 0.0035 0.0012 1.0000 1.0000 1.0000 1.0000 0.6457 0.2260 0.0790 0.0276 0.0096 0.0034 0.0012 1.0000 1.0000 1.0000 1.0000 0.6064 0.2102 0.0729 0.0252 0.0087 0.0030 0.0010 1.0000 1.0000 1.0000 1.0000 0.4920 0.1683 0.0577 0.0197 0.0068 0.0023 0.0008 1.0000 1.0000 1.0000 1.0000 0.3720 0.1273 0.0435 0.0149 0.0051 0.0017 1.0000 1.0000 1.0000 1.0000
1.0000 1.0000 1.0000 0.0017 0.0050 0.0146 0.0426 0.1244 0.3636 1.0000 1.0000 1.0000 1.0000 0.0008 0.0023 0.0066 0.0193 0.0564 0.1648 0.4818 1.0000 1.0000 1.0000 1.0000 0.0010 0.0030 0.0086 0.0250 0.0726 0.2102 0.6087 1.0000 1.0000 1.0000 1.0000 0.0012 0.0034 0.0098 0.0281 0.0805 0.2303 0.6594 1.0000 1.0000 1.0000 1.0000 0.0013 0.0036 0.0103 0.0336 0.0719 0.0336 0.0103 0.0036 0.0013 1.0000 1.0000 1.0000 1.0000 0.6594 0.2303 0.0805 0.0281 0.0098 0.0034 0.0012 1.0000 1.0000 1.0000 1.0000 0.6087 0.2102 0.0726 0.0250 0.0086 0.0030 0.0010 1.0000 1.0000 1.0000 1.0000 0.4818 0.1648 0.0564 0.0193 0.0066 0.0023 0.0008 1.0000 1.0000 1.0000 1.0000 0.3636 0.1244 0.0426 0.0146 0.0050 0.0017 1.0000 1.0000 1.0000
1.0000 1.0000 0.0016 0.0049 0.0142 0.0416 0.1216 0.3554 1.0000 1.0000 1.0000 1.0000 0.0008 0.0022 0.0065 0.0189 0.0551 0.1611 0.4709 1.0000 1.0000 1.0000 1.0000 0.0010 0.0029 0.0085 0.0247 0.0719 0.2090 0.6064 1.0000 1.0000 1.0000 1.0000 0.0012 0.0035 0.0100 0.0287 0.0820 0.2348 0.6720 1.0000 1.0000 1.0000 1.0000 0.0013 0.0037 0.0105 0.0300 0.0983 0.2102 0.0983 0.0300 0.0105 0.0037 0.0013 1.0000 1.0000 1.0000 1.0000 0.6720 0.2348 0.0820 0.0287 0.0100 0.0035 0.0012 1.0000 1.0000 1.0000 1.0000 0.6064 0.2090 0.0719 0.0247 0.0085 0.0029 0.0010 1.0000 1.0000 1.0000 1.0000 0.4709 0.1611 0.0551 0.0189 0.0065 0.0022 0.0008 1.0000 1.0000 1.0000 1.0000 0.3554 0.1216 0.0416 0.0142 0.0049 0.0016 1.0000 1.0000
1.0000 0.0018 0.0047 0.0139 0.0406 0.1188 0.3467 1.0000 1.0000 1.0000 1.0000 0.0007 0.0022 0.0063 0.0184 0.0539 0.1572 0.4603 1.0000 1.0000 1.0000 1.0000 0.0010 0.0029 0.0083 0.0243 0.0708 0.2063 0.6007 1.0000 1.0000 1.0000 1.0000 0.0012 0.0035 0.0101 0.0291 0.0834 0.2393 0.6849 1.0000 1.0000 1.0000 1.0000 0.0013 0.0038 0.0107 0.0306 0.0877 0.2872 0.6146 0.2872 0.0877 0.0306 0.0107 0.0038 0.0013 1.0000 1.0000 1.0000 1.0000 0.6849 0.2393 0.0834 0.0291 0.0101 0.0035 0.0012 1.0000 1.0000 1.0000 1.0000 0.6007 0.2063 0.0708 0.0243 0.0083 0.0029 0.0010 1.0000 1.0000 1.0000 1.0000 0.4594 0.1575 0.0538 0.0184 0.0063 0.0022 0.0007 1.0000 1.0000 1.0000 1.0000 0.3467 0.1188 0.0406 0.0139 0.0047 0.0018 1.0000
0.0007 0.0051 0.0134 0.0398 0.1162 0.3395 0.9924 1.0000 1.0000 1.0000 0.0007 0.0021 0.0062 0.0180 0.0527 0.1539 0.4499 1.0000 1.0000 1.0000 1.0000 0.0010 0.0028 0.0082 0.0238 0.0695 0.2028 0.5916 1.0000 1.0000 1.0000 1.0000 0.0012 0.0035 0.0102 0.0294 0.0845 0.2429 0.6967 1.0000 1.0000 1.0000 1.0000 0.0013 0.0038 0.0109 0.0313 0.0892 0.2562 0.8395 1.0000 0.8395 0.2562 0.0892 0.0313 0.0109 0.0038 0.0013 1.0000 1.0000 1.0000 1.0000 0.6967 0.2429 0.0845 0.0294 0.0102 0.0035 0.0012 1.0000 1.0000 1.0000 1.0000 0.5916 0.2028 0.0695 0.0238 0.0082 0.0028 0.0010 1.0000 1.0000 1.0000 1.0000 0.4499 0.1539 0.0527 0.0180 0.0062 0.0021 0.0007 1.0000 1.0000 1.0000 0.9924 0.3395 0.1162 0.0398 0.0134 0.0051 0.0007
0.0021 0.0145 0.0385 0.1140 0.3325 0.9719 1.0000 1.0000 1.0000 0.0007 0.0021 0.0060 0.0176 0.0516 0.1507 0.4406 1.0000 1.0000 1.0000 1.0000 0.0009 0.0027 0.0080 0.0234 0.0682 0.1990 0.5805 1.0000 1.0000 1.0000 1.0000 0.0012 0.0035 0.0102 0.0295 0.0850 0.2453 0.7061 1.0000 1.0000 1.0000 1.0000 0.0014 0.0039 0.0112 0.0319 0.0914 0.2606 0.7490 1.0000 1.0000 1.0000 0.7490 0.2606 0.0914 0.0319 0.0112 0.0039 0.0014 1.0000 1.0000 1.0000 1.0000 0.7061 0.2453 0.0850 0.0295 0.0102 0.0035 0.0012 1.0000 1.0000 1.0000 1.0000 0.5805 0.1990 0.0682 0.0234 0.0080 0.0027 0.0009 1.0000 1.0000 1.0000 1.0000 0.4406 0.1507 0.0516 0.0176 0.0060 0.0021 0.0007 1.0000 1.0000 1.0000 0.9719 0.3325 0.1140 0.0385 0.0145 0.0021
0.0060 0.0416 0.1099 0.3256 0.9499 1.0000 1.0000 1.0000 0.0007 0.0020 0.0059 0.0173 0.0504 0.1476 0.4306 1.0000 1.0000 1.0000 1.0000 0.0009 0.0027 0.0078 0.0229 0.0668 0.1952 0.5695 1.0000 1.0000 1.0000 1.0000 0.0012 0.0035 0.0101 0.0294 0.0850 0.2462 0.7101 1.0000 1.0000 1.0000 1.0000 0.0014 0.0040 0.0114 0.0325 0.0932 0.2667 0.7604 1.0000 1.0000 1.0000 1.0000 1.0000 0.7604 0.2667 0.0932 0.0325 0.0114 0.0040 0.0014 1.0000 1.0000 1.0000 1.0000 0.7101 0.2462 0.0850 0.0294 0.0101 0.0035 0.0012 1.0000 1.0000 1.0000 1.0000 0.5695 0.1952 0.0668 0.0229 0.0078 0.0027 0.0009 1.0000 1.0000 1.0000 1.0000 0.4306 0.1476 0.0504 0.0173 0.0059 0.0020 0.0007 1.0000 1.0000 1.0000 0.9499 0.3256 0.1099 0.0416 0.0060
0.0173 0.1186 0.3146 0.9321 1.0000 1.0000 1.0000 0.0007 0.0020 0.0058 0.0169 0.0494 0.1443 0.4217 1.0000 1.0000 1.0000 1.0000 0.0009 0.0026 0.0077 0.0224 0.0654 0.1912 0.5588 1.0000 1.0000 1.0000 1.0000 0.0012 0.0034 0.0100 0.0291 0.0845 0.2453 0.7101 1.0000 1.0000 1.0000 1.0000 0.0014 0.0040 0.0116 0.0332 0.0949 0.2718 0.7780 1.0000 1.0000 1.0000 1.0000 1.0000 1.0000 1.0000 0.7780 0.2718 0.0949 0.0332 0.0116 0.0040 0.0014 1.0000 1.0000 1.0000 1.0000 0.7101 0.2453 0.0845 0.0291 0.0100 0.0034 0.0012 1.0000 1.0000 1.0000 1.0000 0.5588 0.1912 0.0654 0.0224 0.0077 0.0026 0.0009 1.0000 1.0000 1.0000 1.0000 0.4217 0.1443 0.0494 0.0169 0.0058 0.0020 0.0007 1.0000 1.0000 1.0000 0.9321 0.3146 0.1186 0.0173
0.0494 0.3395 0.8990 1.0000 1.0000 1.0000 0.0007 0.0019 0.0057 0.0165 0.0483 0.1413 0.4130 1.0000 1.0000 1.0000 1.0000 0.0009 0.0026 0.0075 0.0219 0.0640 0.1872 0.5472 1.0000 1.0000 1.0000 1.0000 0.0012 0.0034 0.0098 0.0287 0.0834 0.2429 0.7061 1.0000 1.0000 1.0000 1.0000 0.0014 0.0041 0.0118 0.0337 0.0968 0.2770 0.7929 1.0000 1.0000 1.0000 1.0000 0.0013 1.0000 1.0000 1.0000 1.0000 0.7929 0.2770 0.0968 0.0337 0.0118 0.0041 0.0014 1.0000 1.0000 1.0000 1.0000 0.7061 0.2429 0.0834 0.0287 0.0098 0.0034 0.0012 1.0000 1.0000 1.0000 1.0000 0.5472 0.1872 0.0640 0.0219 0.0075 0.0026 0.0009 1.0000 1.0000 1.0000 1.0000 0.4130 0.1413 0.0483 0.0165 0.0057 0.0019 0.0007 1.0000 1.0000 1.0000 0.8990 0.3395 0.0494
0.1410 0.9700 1.0000 1.0000 1.0000 0.0006 0.0019 0.0055 0.0162 0.0472 0.1381 0.4037 1.0000 1.0000 1.0000 1.0000 0.0009 0.0025 0.0073 0.0214 0.0626 0.1830 0.5349 1.0000 1.0000 1.0000 1.0000 0.0011 0.0033 0.0096 0.0281 0.0820 0.2393 0.6967 1.0000 1.0000 1.0000 1.0000 0.0014 0.0041 0.0119 0.0342 0.0983 0.2818 0.8082 1.0000 1.0000 1.0000 1.0000 0.0018 0.0038 0.0018 1.0000 1.0000 1.0000 1.0000 0.8082 0.2818 0.0983 0.0342 0.0119 0.0041 0.0014 1.0000 1.0000 1.0000 1.0000 0.6967 0.2393 0.0820 0.0281 0.0096 0.0033 0.0011 1.0000 1.0000 1.0000 1.0000 0.5349 0.1830 0.0626 0.0214 0.0073 0.0025 0.0009 1.0000 1.0000 1.0000 1.0000 0.4037 0.1381 0.0472 0.0162 0.0055 0.0019 0.0006 1.0000 1.0000 1.0000 0.9700 0.1410
0.4029 1.0000 1.0000 1.0000 1.0000 0.0018 0.0054 0.0158 0.0462 0.1350 0.3946 1.0000 1.0000 1.0000 1.0000 0.0008 0.0025 0.0072 0.0209 0.0612 0.1789 0.5228 1.0000 1.0000 1.0000 1.0000 0.0011 0.0032 0.0095 0.0276 0.0805 0.2348 0.6849 1.0000 1.0000 1.0000 1.0000 0.0014 0.0041 0.0119 0.0344 0.0992 0.2856 0.8205 1.0000 1.0000 1.0000 1.0000 0.0016 0.0052 0.0110 0.0052 0.0016 1.0000 1.0000 1.0000 1.0000 0.8205 0.2856 0.0992 0.0344 0.0119 0.0041 0.0014 1.0000 1.0000 1.0000 1.0000 0.6849 0.2348 0.0805 0.0276 0.0095 0.0032 0.0011 1.0000 1.0000 1.0000 1.0000 0.5228 0.1789 0.0612 0.0209 0.0072 0.0025 0.0008 1.0000 1.0000 1.0000 1.0000 0.3946 0.1350 0.0462 0.0158 0.0054 0.0018 1.0000 1.0000 1.0000 1.0000 0.4029
1.0000 1.0000 1.0000 1.0000 0.0018 0.0053 0.0154 0.0451 0.1319 0.3857 1.0000 1.0000 1.0000 1.0000 0.0008 0.0024 0.0070 0.0205 0.0598 0.1748 0.5110 1.0000 1.0000 1.0000 1.0000 0.0011 0.0032 0.0093 0.0271 0.0790 0.2303 0.6720 1.0000 1.0000 1.0000 1.0000 0.0014 0.0041 0.0119 0.0344 0.0996 0.2872 0.8284 1.0000 1.0000 1.0000 1.0000 0.0016 0.0046 0.0151 0.0322 0.0151 0.0046 0.0016 1.0000 1.0000 1.0000 1.0000 0.8284 0.2872 0.0996 0.0344 0.0119 0.0041 0.0014 1.0000 1.0000 1.0000 1.0000 0.6720 0.2303 0.0790 0.0271 0.0093 0.0032 0.0011 1.0000 1.0000 1.0000 1.0000 0.5110 0.1748 0.0598 0.0205 0.0070 0.0024 0.0008 1.0000 1.0000 1.0000 1.0000 0.3857 0.1319 0.0451 0.0154 0.0053 0.0018 1.0000 1.0000 1.0000 1.0000
1.0000 1.0000 1.0000 0.0018 0.0052 0.0151 0.0441 0.1290 0.3770 1.0000 1.0000 1.0000 1.0000 0.0008 0.0023 0.0068 0.0200 0.0585 0.1709 0.4995 1.0000 1.0000 1.0000 1.0000 0.0011 0.0031 0.0091 0.0265 0.0773 0.2260 0.6594 1.0000 1.0000 1.0000 1.0000 0.0014 0.0040 0.0118 0.0342 0.0992 0.2872 0.8315 1.0000 1.0000 1.0000 1.0000 0.0016 0.0047 0.0134 0.0440 0.0940 0.0440 0.0134 0.0047 0.0016 1.0000 1.0000 1.0000 1.0000 0.8315 0.2872 0.0992 0.0342 0.0118 0.0040 0.0014 1.0000 1.0000 1.0000 1.0000 0.6594 0.2260 0.0773 0.0265 0.0091 0.0031 0.0011 1.0000 1.0000 1.0000 1.0000 0.4995 0.1709 0.0585 0.0200 0.0068 0.0023 0.0008 1.0000 1.0000 1.0000 1.0000 0.3770 0.1290 0.0441 0.0151 0.0052 0.0018 1.0000 1.0000 1.0000
1.0000 1.0000 0.0017 0.0050 0.0148 0.0431 0.1261 0.3685 1.0000 1.0000 1.0000 1.0000 0.0008 0.0023 0.0067 0.0195 0.0571 0.1670 0.4882 1.0000 1.0000 1.0000 1.0000 0.0010 0.0030 0.0089 0.0259 0.0757 0.2213 0.6457 1.0000 1.0000 1.0000 1.0000 0.0014 0.0040 0.0116 0.0337 0.0983 0.2856 0.8284 1.0000 1.0000 1.0000 1.0000 0.0017 0.0048 0.0136 0.0391 0.1282 0.2744 0.1282 0.0391 0.0136 0.0048 0.0017 1.0000 1.0000 1.0000 1.0000 0.8284 0.2856 0.0983 0.0337 0.0116 0.0040 0.0014 1.0000 1.0000 1.0000 1.0000 0.6457 0.2213 0.0757 0.0259 0.0089 0.0030 0.0010 1.0000 1.0000 1.0000 1.0000 0.4882 0.1670 0.0571 0.0195 0.0067 0.0023 0.0008 1.0000 1.0000 1.0000 1.0000 0.3685 0.1261 0.0431 0.0148 0.0051 0.0017 1.0000 1.0000
1.0000 0.0018 0.0049 0.0144 0.0421 0.1232 0.3595 1.0000 1.0000 1.0000 1.0000 0.0008 0.0022 0.0065 0.0191 0.0559 0.1629 0.4772 1.0000 1.0000 1.0000 1.0000 0.0010 0.0030 0.0086 0.0253 0.0739 0.2163 0.6311 1.0000 1.0000 1.0000 1.0000 0.0013 0.0039 0.0114 0.0332 0.0968 0.2818 0.8205 1.0000 1.0000 1.0000 1.0000 0.0017 0.0048 0.0138 0.0397 0.1140 0.3741 0.7990 0.3741 0.1142 0.0397 0.0138 0.0048 0.0017 1.0000 1.0000 1.0000 1.0000 0.8205 0.2818 0.0968 0.0332 0.0114 0.0039 0.0013 1.0000 1.0000 1.0000 1.0000 0.6323 0.2163 0.0740 0.0253 0.0087 0.0030 0.0010 1.0000 1.0000 1.0000 1.0000 0.4772 0.1633 0.0559 0.0191 0.0065 0.0022 0.0008 1.0000 1.0000 1.0000 1.0000 0.3601 0.1232 0.0422 0.0144 0.0049 0.0018 1.0000
0.0008 0.0053 0.0139 0.0413 0.1204 0.3520 1.0000 1.0000 1.0000 1.0000 0.0007 0.0022 0.0064 0.0187 0.0546 0.1596 0.4664 1.0000 1.0000 1.0000 1.0000 0.0010 0.0029 0.0085 0.0247 0.0723 0.2114 0.6181 1.0000 1.0000 1.0000 1.0000 0.0013 0.0038 0.0112 0.0325 0.0949 0.2770 0.8082 1.0000 1.0000 1.0000 1.0000 0.0017 0.0048 0.0139 0.0401 0.1151 0.3325 1.0000 1.0000 1.0000 0.3293 0.1153 0.0403 0.0139 0.0048 0.0017 1.0000 1.0000 1.0000 1.0000 0.8082 0.2770 0.0949 0.0325 0.0112 0.0038 0.0013 1.0000 1.0000 1.0000 1.0000 0.6181 0.2110 0.0723 0.0247 0.0085 0.0029 0.0010 1.0000 1.0000 1.0000 1.0000 0.4656 0.1596 0.0545 0.0187 0.0064 0.0022 0.0007 1.0000 1.0000 1.0000 1.0000 0.3520 0.1202 0.0412 0.0139 0.0053 0.0008
0.0022 0.0150 0.0399 0.1182 0.3447 1.0000 1.0000 1.0000 1.0000 0.0007 0.0021 0.0063 0.0183 0.0535 0.1563 0.4568 1.0000 1.0000 1.0000 1.0000 0.0010 0.0028 0.0083 0.0242 0.0708 0.2071 0.6053 1.0000 1.0000 1.0000 1.0000 0.0013 0.0038 0.0109 0.0319 0.0932 0.2718 0.7929 1.0000 1.0000 1.0000 1.0000 0.0017 0.0048 0.0139 0.0403 0.1162 0.3344 0.9645 1.0000 1.0000 1.0000 0.9719 0.3238 0.1159 0.0404 0.0139 0.0048 0.0017 1.0000 1.0000 1.0000 1.0000 0.7929 0.2718 0.0932 0.0319 0.0109 0.0038 0.0013 1.0000 1.0000 1.0000 1.0000 0.6041 0.2067 0.0707 0.0242 0.0083 0.0028 0.0010 1.0000 1.0000 1.0000 1.0000 0.4559 0.1560 0.0534 0.0183 0.0062 0.0021 0.0007 1.0000 1.0000 1.0000 1.0000 0.3441 0.1179 0.0397 0.0151 0.0022
0.0063 0.0430 0.1140 0.3382 0.9868 1.0000 1.0000 1.0000 0.0007 0.0021 0.0061 0.0179 0.0524 0.1530 0.4473 1.0000 1.0000 1.0000 1.0000 0.0010 0.0028 0.0081 0.0237 0.0694 0.2028 0.5927 1.0000 1.0000 1.0000 1.0000 0.0013 0.0037 0.0107 0.0313 0.0914 0.2667 0.7780 1.0000 1.0000 1.0000 1.0000 0.0016 0.0048 0.0138 0.0401 0.1162 0.3363 0.9663 1.0000 1.0000 1.0000 1.0000 1.0000 1.0000 0.3207 0.1157 0.0403 0.0138 0.0048 0.0016 1.0000 1.0000 1.0000 1.0000 0.7780 0.2667 0.0914 0.0313 0.0107 0.0037 0.0013 1.0000 1.0000 1.0000 1.0000 0.5916 0.2024 0.0692 0.0237 0.0081 0.0028 0.0009 1.0000 1.0000 1.0000 1.0000 0.4465 0.1527 0.0523 0.0179 0.0061 0.0021 0.0007 1.0000 1.0000 1.0000 0.9849 0.3376 0.1140 0.0430 0.0063
0.0178 0.1227 0.3262 0.9645 1.0000 1.0000 1.0000 0.0007 0.0020 0.0060 0.0175 0.0512 0.1496 0.4372 1.0000 1.0000 1.0000 1.0000 0.0009 0.0027 0.0079 0.0232 0.0678 0.1982 0.5794 1.0000 1.0000 1.0000 1.0000 0.0012 0.0036 0.0105 0.0307 0.0897 0.2616 0.7633 1.0000 1.0000 1.0000 1.0000 0.0016 0.0047 0.0136 0.0397 0.1155 0.3350 0.9700 1.0000 1.0000 1.0000 1.0000 1.0000 1.0000 1.0000 1.0000 0.3207 0.1151 0.0397 0.0136 0.0047 0.0016 1.0000 1.0000 1.0000 1.0000 0.7604 0.2606 0.0892 0.0306 0.0105 0.0036 0.0012 1.0000 1.0000 1.0000 1.0000 0.5761 0.1971 0.0674 0.0231 0.0079 0.0027 0.0009 1.0000 1.0000 1.0000 1.0000 0.4347 0.1487 0.0509 0.0174 0.0060 0.0020 0.0007 1.0000 1.0000 1.0000 0.9590 0.3238 0.1223 0.0178
0.0510 0.3520 0.9321 1.0000 1.0000 1.0000 0.0007 0.0020 0.0058 0.0171 0.0499 0.1462 0.4266 1.0000 1.0000 1.0000 1.0000 0.0009 0.0026 0.0078 0.0226 0.0663 0.1934 0.5663 1.0000 1.0000 1.0000 1.0000 0.0012 0.0035 0.0103 0.0300 0.0878 0.2562 0.7490 1.0000 1.0000 1.0000 1.0000 0.0016 0.0046 0.0134 0.0391 0.1140 0.3319 0.9645 1.0000 1.0000 1.0000 0.0007 0.0017 0.0010 0.0664 1.0000 1.0000 1.0000 0.3256 0.1140 0.0391 0.0134 0.0046 0.0016 1.0000 1.0000 1.0000 1.0000 0.7490 0.2562 0.0877 0.0300 0.0103 0.0035 0.0012 1.0000 1.0000 1.0000 1.0000 0.5652 0.1934 0.0662 0.0226 0.0077 0.0026 0.0009 1.0000 1.0000 1.0000 1.0000 0.4266 0.1459 0.0499 0.0171 0.0058 0.0020 0.0007 1.0000 1.0000 1.0000 0.9303 0.3513 0.0514
0.1462 1.0000 1.0000 1.0000 1.0000 0.0007 0.0020 0.0057 0.0167 0.0489 0.1429 0.4177 1.0000 1.0000 1.0000 1.0000 0.0009 0.0026 0.0076 0.0222 0.0648 0.1894 0.5535 1.0000 1.0000 1.0000 1.0000 0.0012 0.0034 0.0100 0.0294 0.0858 0.2509 0.7335 1.0000 1.0000 1.0000 1.0000 0.0015 0.0045 0.0132 0.0384 0.1120 0.3268 0.9518 1.0000 1.0000 1.0000 0.0007 0.0021 0.0054 0.0063 0.0454 0.5535 1.0000 1.0000 1.0000 0.3720 0.1282 0.0440 0.0151 0.0052 0.0018 1.0000 1.0000 1.0000 1.0000 0.8395 0.2872 0.0983 0.0336 0.0115 0.0039 0.0013 1.0000 1.0000 1.0000 1.0000 0.6335 0.2167 0.0741 0.0254 0.0087 0.0030 0.0010 1.0000 1.0000 1.0000 1.0000 0.4781 0.1636 0.0560 0.0191 0.0065 0.0022 0.0008 1.0000 1.0000 1.0000 1.0000 0.1715
0.4185 1.0000 1.0000 1.0000 0.0007 0.0019 0.0056 0.0164 0.0479 0.1400 0.4091 1.0000 1.0000 1.0000 1.0000 0.0009 0.0025 0.0074 0.0217 0.0634 0.1854 0.5421 1.0000 1.0000 1.0000 1.0000 0.0012 0.0034 0.0098 0.0288 0.0841 0.2457 0.7183 1.0000 1.0000 1.0000 1.0000 0.0015 0.0044 0.0129 0.0377 0.1099 0.3207 0.9356 1.0000 1.0000 1.0000 0.0007 0.0019 0.0058 0.0159 0.0295 0.1285 0.9943 1.0000 1.0000 1.0000 0.7990 0.2744 0.0942 0.0322 0.0110 0.0038 0.0013 1.0000 1.0000 1.0000 1.0000 0.6146 0.2102 0.0719 0.0246 0.0084 0.0029 0.0010 1.0000 1.0000 1.0000 1.0000 0.4638 0.1587 0.0543 0.0186 0.0064 0.0022 1.0000 1.0000 1.0000 1.0000 1.0000 0.3500 0.1197 0.0410 0.0140 0.0048 0.0016 1.0000 1.0000 1.0000 1.0000 0.3976
1.0000 1.0000 1.0000 1.0000 0.0019 0.0055 0.0160 0.0469 0.1371 0.4006 1.0000 1.0000 1.0000 1.0000 0.0009 0.0025 0.0073 0.0213 0.0621 0.1816 0.5308 1.0000 1.0000 1.0000 1.0000 0.0011 0.0033 0.0096 0.0282 0.0823 0.2406 0.7034 1.0000 1.0000 1.0000 1.0000 0.0015 0.0043 0.0127 0.0370 0.1078 0.3146 0.9180 1.0000 1.0000 1.0000 0.0007 0.0019 0.0056 0.0166 0.0469 0.1081 0.3129 1.0000 1.0000 1.0000 1.0000 0.3741 0.1285 0.0440 0.0150 0.0052 0.0018 1.0000 1.0000 1.0000 1.0000 0.8395 0.2872 0.0983 0.0336 0.0115 0.0039 0.0013 1.0000 1.0000 1.0000 1.0000 0.6335 0.2167 0.0741 0.0254 0.0087 0.0030 0.0010 1.0000 1.0000 1.0000 1.0000 0.4781 0.1636 0.0560 0.0191 0.0065 0.0022 0.0008 1.0000 1.0000 1.0000 1.0000 0.1715
1.0000 1.0000 1.0000 0.0018 0.0054 0.0157 0.0457 0.1340 0.3908 1.0000 1.0000 1.0000 1.0000 0.0008 0.0024 0.0071 0.0207 0.0607 0.1772 0.5189 1.0000 1.0000 1.0000 1.0000 0.0011 0.0032 0.0094 0.0275 0.0803 0.2352 0.6862 1.0000 1.0000 1.0000 1.0000 0.0015 0.0043 0.0124 0.0363 0.1058 0.3087 0.9007 1.0000 1.0000 1.0000 0.0006 0.0019 0.0055 0.0161 0.0475 0.1358 0.3293 1.0000 1.0000 1.0000 0.9374 0.3281 0.1144 0.0391 0.0134 0.0046 0.0016 1.0000 1.0000 1.0000 1.0000 0.7490 0.2562 0.0877 0.0300 0.0103 0.0035 0.0012 1.0000 1.0000 1.0000 1.0000 0.5652 0.1934 0.0662 0.0226 0.0077 0.0026 0.0009 1.0000 1.0000 1.0000 1.0000 0.4266 0.1459 0.0499 0.0171 0.0058 0.0020 0.0007 1.0000 1.0000 1.0000 0.9303 0.3513 0.0514
1.0000 1.0000 0.0018 0.0052 0.0152 0.0445 0.1299 0.3798 1.0000 1.0000 1.0000 1.0000 0.0008 0.0024 0.0069 0.0202 0.0589 0.1722 0.5033 1.0000 1.0000 1.0000 1.0000 0.0011 0.0031 0.0091 0.0267 0.0781 0.2282 0.6669 1.0000 1.0000 1.0000 1.0000 0.0014 0.0041 0.0121 0.0353 0.1030 0.3006 0.8770 1.0000 1.0000 1.0000 1.0000 0.0018 0.0054 0.0157 0.0458 0.1345 0.3720 1.0000 1.0000 1.0000 0.9356 0.3256 0.1155 0.0397 0.0136 0.0047 0.0016 1.0000 1.0000 1.0000 1.0000 0.7604 0.2606 0.0892 0.0306 0.0105 0.0036 0.0012 1.0000 1.0000 1.0000 1.0000 0.5761 0.1971 0.0674 0.0231 0.0079 0.0027 0.0009 1.0000 1.0000 1.0000 1.0000 0.4347 0.1487 0.0509 0.0174 0.0060 0.0020 0.0007 1.0000 1.0000 1.0000 0.9590 0.3238 0.1223 0.0178
1.0000 0.0019 0.0051 0.0152 0.0444 0.1297 0.3791 1.0000 1.0000 1.0000 1.0000 0.0008 0.0024 0.0069 0.0201 0.0588 0.1719 0.5024 1.0000 1.0000 1.0000 1.0000 0.0011 0.0031 0.0091 0.0267 0.0779 0.2277 0.6657 1.0000 1.0000 1.0000 1.0000 0.0014 0.0041 0.0121 0.0354 0.1030 0.3012 0.8770 1.0000 1.0000 1.0000 1.0000 0.0018 0.0054 0.0157 0.0460 0.1342 0.3857 1.0000 1.0000 1.0000 0.9392 0.3238 0.1168 0.0402 0.0138 0.0048 0.0016 1.0000 1.0000 1.0000 1.0000 0.7780 0.2667 0.0914 0.0313 0.0107 0.0037 0.0013 1.0000 1.0000 1.0000 1.0000 0.5916 0.2024 0.0692 0.0237 0.0081 0.0028 0.0009 1.0000 1.0000 1.0000 1.0000 0.4465 0.1527 0.0523 0.0179 0.0061 0.0021 0.0007 1.0000 1.0000 1.0000 0.9849 0.3376 0.1140 0.0430 0.0063
0.0010 0.0070 0.0182 0.0540 0.1575 0.4603 1.0000 1.0000 1.0000 1.0000 0.0010 0.0029 0.0084 0.0244 0.0714 0.2087 0.6099 1.0000 1.0000 1.0000 1.0000 0.0013 0.0038 0.0111 0.0324 0.0946 0.2765 0.8082 1.0000 1.0000 1.0000 1.0000 0.0017 0.0050 0.0146 0.0429 0.1251 0.3650 1.0000 1.0000 1.0000 1.0000 1.0000 0.0022 0.0065 0.0191 0.0555 0.1617 0.4691 1.0000 1.0000 1.0000 0.9481 0.3207 0.1170 0.0403 0.0139 0.0048 0.0017 1.0000 1.0000 1.0000 1.0000 0.7929 0.2718 0.0932 0.0319 0.0109 0.0038 0.0013 1.0000 1.0000 1.0000 1.0000 0.6041 0.2067 0.0707 0.0242 0.0083 0.0028 0.0010 1.0000 1.0000 1.0000 1.0000 0.4559 0.1560 0.0534 0.0183 0.0062 0.0021 0.0007 1.0000 1.0000 1.0000 1.0000 0.3441 0.1179 0.0397 0.0151 0.0022
