-0.0533 -0.1887 -0.2051 -0.1842 -0.1117 -0.0493 -0.0224 0.0008 0.0297 0.0942 0.0409 -0.1350 -0.1911 -0.2050 -0.1825 -0.1085 -0.0479 -0.0216 0.0017 0.0311 0.0985 0.0341 -0.1400 -0.1919 -0.2050 -0.1809 -0.1061 -0.0469 -0.0210 0.0024 0.0323 0.1027 0.0278 -0.1449 -0.1926 -0.2049 -0.1792 -0.1033 -0.0457 -0.0202 0.0033 0.0337 0.1077 0.0211 -0.1501 -0.1934 -0.2049 -0.1774 -0.0962 -0.0425 -0.0248 -0.0425 -0.0962 -0.1774 -0.2049 -0.1934 -0.1501 0.0211 0.1077 0.0337 0.0033 -0.0202 -0.0457 -0.1033 -0.1792 -0.2049 -0.1926 -0.1449 0.0278 0.1027 0.0323 0.0024 -0.0210 -0.0469 -0.1061 -0.1809 -0.2050 -0.1919 -0.1400 0.0341 0.0985 0.0311 0.0017 -0.0216 -0.0479 -0.1085 -0.1825 -0.2050 -0.1911 -0.1350 0.0409 0.0942 0.0297 0.0008 -0.0224 -0.0493 -0.1117 -0.1842 -0.2051 -0.1887 -0.0533
-0.1887 -0.3336 -0.2809 -0.1434 -0.0384 -0.0036 0.0202 0.0490 0.1223 0.0573 -0.2360 -0.3359 -0.3320 -0.2774 -0.1369 -0.0365 -0.0026 0.0211 0.0505 0.1283 0.0468 -0.2491 -0.3363 -0.3313 -0.2744 -0.1320 -0.0352 -0.0017 0.0217 0.0517 0.1337 0.0374 -0.2615 -0.3366 -0.3304 -0.2711 -0.1268 -0.0337 -0.0008 0.0226 0.0532 0.1408 0.0267 -0.2763 -0.3368 -0.3296 -0.2677 -0.1223 -0.0324 0.0037 0.0197 0.0037 -0.0324 -0.1223 -0.2677 -0.3296 -0.3368 -0.2763 0.0267 0.1408 0.0532 0.0226 -0.0008 -0.0337 -0.1268 -0.2711 -0.3304 -0.3366 -0.2615 0.0374 0.1337 0.0517 0.0217 -0.0017 -0.0352 -0.1320 -0.2744 -0.3313 -0.3363 -0.2491 0.0468 0.1283 0.0505 0.0211 -0.0026 -0.0365 -0.1369 -0.2774 -0.3320 -0.3359 -0.2360 0.0573 0.1223 0.0490 0.0202 -0.0036 -0.0384 -0.1434 -0.2809 -0.3336 -0.1887
-0.2051 -0.2809 -0.1371 -0.0356 -0.0048 0.0166 0.0498 0.1255 0.0507 -0.2438 -0.3367 -0.3316 -0.2735 -0.1285 -0.0336 -0.0038 0.0175 0.0514 0.1324 0.0393 -0.2582 -0.3370 -0.3308 -0.2702 -0.1237 -0.0323 -0.0031 0.0182 0.0527 0.1382 0.0301 -0.2707 -0.3373 -0.3300 -0.2669 -0.1188 -0.0310 -0.0023 0.0191 0.0542 0.1458 0.0191 -0.2866 -0.3375 -0.3291 -0.2632 -0.1142 -0.0300 -0.0016 0.0231 0.0472 0.0231 -0.0016 -0.0300 -0.1142 -0.2632 -0.3291 -0.3375 -0.2866 0.0191 0.1458 0.0542 0.0191 -0.0023 -0.0310 -0.1188 -0.2669 -0.3300 -0.3373 -0.2707 0.0301 0.1382 0.0527 0.0182 -0.0031 -0.0323 -0.1237 -0.2702 -0.3308 -0.3370 -0.2582 0.0393 0.1324 0.0514 0.0175 -0.0038 -0.0336 -0.1285 -0.2735 -0.3316 -0.3367 -0.2438 0.0507 0.1255 0.0498 0.0166 -0.0048 -0.0356 -0.1371 -0.2809 -0.2051
-0.1842 -0.1434 -0.0356 -0.0044 0.0170 0.0504 0.1282 0.0451 -0.2518 -0.3368 -0.3311 -0.2715 -0.1255 -0.0328 -0.0031 0.0182 0.0523 0.1367 0.0322 -0.2679 -0.3372 -0.3302 -0.2680 -0.1207 -0.0315 -0.0023 0.0189 0.0537 0.1429 0.0230 -0.2810 -0.3374 -0.3294 -0.2648 -0.1161 -0.0303 -0.0016 0.0198 0.0552 0.1512 0.0120 -0.2976 -0.3377 -0.3284 -0.2611 -0.1113 -0.0291 -0.0009 0.0207 0.0588 0.0945 0.0588 0.0207 -0.0009 -0.0291 -0.1113 -0.2611 -0.3284 -0.3377 -0.2976 0.0120 0.1512 0.0552 0.0198 -0.0016 -0.0303 -0.1161 -0.2648 -0.3294 -0.3374 -0.2810 0.0230 0.1429 0.0537 0.0189 -0.0023 -0.0315 -0.1207 -0.2680 -0.3302 -0.3372 -0.2679 0.0322 0.1367 0.0523 0.0182 -0.0031 -0.0328 -0.1255 -0.2715 -0.3311 -0.3368 -0.2518 0.0451 0.1282 0.0504 0.0170 -0.0044 -0.0356 -0.1434 -0.1842
-0.1117 -0.0384 -0.0048 0.0170 0.0506 0.1299 0.0409 -0.2581 -0.3370 -0.3307 -0.2695 -0.1226 -0.0319 -0.0026 0.0187 0.0533 0.1413 0.0253 -0.2776 -0.3373 -0.3296 -0.2656 -0.1174 -0.0307 -0.0019 0.0195 0.0546 0.1480 0.0160 -0.2914 -0.3376 -0.3288 -0.2624 -0.1131 -0.0295 -0.0011 0.0203 0.0562 0.1560 0.0051 -0.3088 -0.3378 -0.3277 -0.2586 -0.1082 -0.0284 -0.0004 0.0211 0.0579 0.1316 0.0977 0.1316 0.0579 0.0211 -0.0004 -0.0284 -0.1082 -0.2586 -0.3277 -0.3378 -0.3088 0.0051 0.1560 0.0562 0.0203 -0.0011 -0.0295 -0.1131 -0.2624 -0.3288 -0.3376 -0.2914 0.0160 0.1480 0.0546 0.0195 -0.0019 -0.0307 -0.1174 -0.2656 -0.3296 -0.3373 -0.2776 0.0253 0.1413 0.0533 0.0187 -0.0026 -0.0319 -0.1226 -0.2695 -0.3307 -0.3370 -0.2581 0.0409 0.1299 0.0506 0.0170 -0.0048 -0.0384 -0.1117
-0.0493 -0.0036 0.0166 0.0504 0.1299 0.0392 -0.2620 -0.3371 -0.3303 -0.2678 -0.1199 -0.0312 -0.0021 0.0192 0.0542 0.1461 0.0187 -0.2879 -0.3375 -0.3290 -0.2632 -0.1142 -0.0299 -0.0013 0.0200 0.0556 0.1535 0.0092 -0.3022 -0.3377 -0.3281 -0.2600 -0.1101 -0.0289 -0.0006 0.0209 0.0571 0.1582 -0.0017 -0.3186 -0.3379 -0.3270 -0.2559 -0.1052 -0.0277 0.0001 0.0218 0.0586 0.1581 -0.0175 -0.2366 -0.0175 0.1581 0.0586 0.0218 0.0001 -0.0277 -0.1052 -0.2559 -0.3270 -0.3379 -0.3186 -0.0017 0.1582 0.0571 0.0209 -0.0006 -0.0289 -0.1101 -0.2600 -0.3281 -0.3377 -0.3022 0.0092 0.1535 0.0556 0.0200 -0.0013 -0.0299 -0.1142 -0.2632 -0.3290 -0.3375 -0.2879 0.0187 0.1461 0.0542 0.0192 -0.0021 -0.0312 -0.1199 -0.2678 -0.3303 -0.3371 -0.2620 0.0392 0.1299 0.0504 0.0166 -0.0036 -0.0493
-0.0224 0.0202 0.0498 0.1282 0.0409 -0.2620 -0.3372 -0.3301 -0.2666 -0.1178 -0.0306 -0.0017 0.0197 0.0550 0.1507 0.0123 -0.2981 -0.3377 -0.3283 -0.2608 -0.1110 -0.0291 -0.0009 0.0206 0.0566 0.1573 0.0023 -0.3136 -0.3379 -0.3274 -0.2574 -0.1070 -0.0281 -0.0002 0.0215 0.0581 0.1585 -0.0084 -0.3230 -0.3381 -0.3263 -0.2533 -0.1022 -0.0270 0.0006 0.0224 0.0597 0.1587 -0.0213 -0.3249 -0.3354 -0.3249 -0.0213 0.1587 0.0597 0.0224 0.0006 -0.0270 -0.1022 -0.2533 -0.3263 -0.3381 -0.3230 -0.0084 0.1585 0.0581 0.0215 -0.0002 -0.0281 -0.1070 -0.2574 -0.3274 -0.3379 -0.3136 0.0023 0.1573 0.0566 0.0206 -0.0009 -0.0291 -0.1110 -0.2608 -0.3283 -0.3377 -0.2981 0.0123 0.1507 0.0550 0.0197 -0.0017 -0.0306 -0.1178 -0.2666 -0.3301 -0.3372 -0.2620 0.0409 0.1282 0.0498 0.0202 -0.0224
0.0008 0.0490 0.1255 0.0451 -0.2581 -0.3371 -0.3301 -0.2662 -0.1167 -0.0302 -0.0014 0.0201 0.0558 0.1555 0.0063 -0.3079 -0.3378 -0.3277 -0.2584 -0.1080 -0.0284 -0.0004 0.0212 0.0576 0.1583 -0.0045 -0.3212 -0.3380 -0.3267 -0.2549 -0.1039 -0.0274 0.0003 0.0221 0.0591 0.1587 -0.0148 -0.3234 -0.3382 -0.3255 -0.2507 -0.0993 -0.0263 0.0011 0.0231 0.0607 0.1588 -0.0243 -0.3247 -0.3393 -0.3393 -0.3393 -0.3247 -0.0243 0.1588 0.0607 0.0231 0.0011 -0.0263 -0.0993 -0.2507 -0.3255 -0.3382 -0.3234 -0.0148 0.1587 0.0591 0.0221 0.0003 -0.0274 -0.1039 -0.2549 -0.3267 -0.3380 -0.3212 -0.0045 0.1583 0.0576 0.0212 -0.0004 -0.0284 -0.1080 -0.2584 -0.3277 -0.3378 -0.3079 0.0063 0.1555 0.0558 0.0201 -0.0014 -0.0302 -0.1167 -0.2662 -0.3301 -0.3371 -0.2581 0.0451 0.1255 0.0490 0.0008
0.0297 0.1223 0.0507 -0.2518 -0.3370 -0.3303 -0.2666 -0.1167 -0.0300 -0.0012 0.0203 0.0564 0.1580 0.0009 -0.3175 -0.3379 -0.3271 -0.2560 -0.1051 -0.0276 0.0001 0.0218 0.0586 0.1586 -0.0112 -0.3232 -0.3381 -0.3259 -0.2522 -0.1010 -0.0267 0.0008 0.0227 0.0601 0.1588 -0.0211 -0.3239 -0.3383 -0.3247 -0.2480 -0.0964 -0.0255 0.0015 0.0237 0.0617 0.1588 -0.0308 -0.3245 -0.3379 -0.3234 -0.2966 -0.3234 -0.3379 -0.3245 -0.0308 0.1588 0.0617 0.0237 0.0015 -0.0255 -0.0964 -0.2480 -0.3247 -0.3383 -0.3239 -0.0211 0.1588 0.0601 0.0227 0.0008 -0.0267 -0.1010 -0.2522 -0.3259 -0.3381 -0.3232 -0.0112 0.1586 0.0586 0.0218 0.0001 -0.0276 -0.1051 -0.2560 -0.3271 -0.3379 -0.3175 0.0009 0.1580 0.0564 0.0203 -0.0012 -0.0300 -0.1167 -0.2666 -0.3303 -0.3370 -0.2518 0.0507 0.1223 0.0297
0.0942 0.0573 -0.2438 -0.3368 -0.3307 -0.2678 -0.1178 -0.0302 -0.0012 0.0204 0.0567 0.1582 -0.0030 -0.3227 -0.3380 -0.3265 -0.2538 -0.1024 -0.0270 0.0006 0.0225 0.0597 0.1587 -0.0178 -0.3236 -0.3382 -0.3252 -0.2496 -0.0981 -0.0260 0.0013 0.0234 0.0611 0.1588 -0.0273 -0.3243 -0.3383 -0.3239 -0.2452 -0.0937 -0.0248 0.0020 0.0244 0.0628 0.1587 -0.0369 -0.3250 -0.3384 -0.3200 -0.2373 -0.1579 -0.2373 -0.3200 -0.3384 -0.3250 -0.0369 0.1587 0.0628 0.0244 0.0020 -0.0248 -0.0937 -0.2452 -0.3239 -0.3383 -0.3243 -0.0273 0.1588 0.0611 0.0234 0.0013 -0.0260 -0.0981 -0.2496 -0.3252 -0.3382 -0.3236 -0.0178 0.1587 0.0597 0.0225 0.0006 -0.0270 -0.1024 -0.2538 -0.3265 -0.3380 -0.3227 -0.0030 0.1582 0.0567 0.0204 -0.0012 -0.0302 -0.1178 -0.2678 -0.3307 -0.3368 -0.2438 0.0573 0.0942
0.0409 -0.2360 -0.3367 -0.3311 -0.2695 -0.1199 -0.0306 -0.0014 0.0203 0.0567 0.1582 -0.0047 -0.3229 -0.3381 -0.3260 -0.2518 -0.1001 -0.0264 0.0010 0.0231 0.0607 0.1588 -0.0244 -0.3241 -0.3383 -0.3244 -0.2468 -0.0953 -0.0252 0.0017 0.0240 0.0622 0.1587 -0.0332 -0.3248 -0.3384 -0.3231 -0.2424 -0.0909 -0.0241 0.0025 0.0251 0.0639 0.1584 -0.0429 -0.3255 -0.3385 -0.3219 -0.2320 -0.0814 -0.0364 -0.0814 -0.2320 -0.3219 -0.3385 -0.3255 -0.0429 0.1584 0.0639 0.0251 0.0025 -0.0241 -0.0909 -0.2424 -0.3231 -0.3384 -0.3248 -0.0332 0.1587 0.0622 0.0240 0.0017 -0.0252 -0.0953 -0.2468 -0.3244 -0.3383 -0.3241 -0.0244 0.1588 0.0607 0.0231 0.0010 -0.0264 -0.1001 -0.2518 -0.3260 -0.3381 -0.3229 -0.0047 0.1582 0.0567 0.0203 -0.0014 -0.0306 -0.1199 -0.2695 -0.3311 -0.3367 -0.2360 0.0409
-0.1350 -0.3359 -0.3316 -0.2715 -0.1226 -0.0312 -0.0017 0.0201 0.0564 0.1582 -0.0047 -0.3229 -0.3381 -0.3257 -0.2503 -0.0981 -0.0258 0.0014 0.0236 0.0616 0.1588 -0.0305 -0.3246 -0.3384 -0.3235 -0.2441 -0.0925 -0.0245 0.0022 0.0247 0.0633 0.1586 -0.0392 -0.3252 -0.3385 -0.3223 -0.2397 -0.0883 -0.0234 0.0029 0.0257 0.0651 0.1581 -0.0491 -0.3259 -0.3385 -0.3210 -0.2357 -0.0809 -0.0187 0.0005 -0.0187 -0.0809 -0.2357 -0.3210 -0.3385 -0.3259 -0.0491 0.1581 0.0651 0.0257 0.0029 -0.0234 -0.0883 -0.2397 -0.3223 -0.3385 -0.3252 -0.0392 0.1586 0.0633 0.0247 0.0022 -0.0245 -0.0925 -0.2441 -0.3235 -0.3384 -0.3246 -0.0305 0.1588 0.0616 0.0236 0.0014 -0.0258 -0.0981 -0.2503 -0.3257 -0.3381 -0.3229 -0.0047 0.1582 0.0564 0.0201 -0.0017 -0.0312 -0.1226 -0.2715 -0.3316 -0.3359 -0.1350
-0.1911 -0.3320 -0.2735 -0.1255 -0.0319 -0.0021 0.0197 0.0558 0.1580 -0.0030 -0.3229 -0.3381 -0.3256 -0.2496 -0.0970 -0.0254 0.0018 0.0241 0.0625 0.1587 -0.0361 -0.3250 -0.3384 -0.3227 -0.2412 -0.0898 -0.0238 0.0027 0.0253 0.0644 0.1583 -0.0455 -0.3257 -0.3385 -0.3214 -0.2369 -0.0858 -0.0227 0.0034 0.0264 0.0662 0.1576 -0.0552 -0.3264 -0.3386 -0.3200 -0.2327 -0.0824 -0.0218 0.0068 0.0224 0.0068 -0.0218 -0.0824 -0.2327 -0.3200 -0.3386 -0.3264 -0.0552 0.1576 0.0662 0.0264 0.0034 -0.0227 -0.0858 -0.2369 -0.3214 -0.3385 -0.3257 -0.0455 0.1583 0.0644 0.0253 0.0027 -0.0238 -0.0898 -0.2412 -0.3227 -0.3384 -0.3250 -0.0361 0.1587 0.0625 0.0241 0.0018 -0.0254 -0.0970 -0.2496 -0.3256 -0.3381 -0.3229 -0.0030 0.1580 0.0558 0.0197 -0.0021 -0.0319 -0.1255 -0.2735 -0.3320 -0.1911
-0.2050 -0.2774 -0.1285 -0.0328 -0.0026 0.0192 0.0550 0.1555 0.0009 -0.3227 -0.3381 -0.3257 -0.2496 -0.0966 -0.0252 0.0020 0.0245 0.0633 0.1585 -0.0413 -0.3254 -0.3385 -0.3219 -0.2385 -0.0873 -0.0231 0.0031 0.0260 0.0656 0.1579 -0.0516 -0.3261 -0.3386 -0.3205 -0.2341 -0.0835 -0.0221 0.0039 0.0271 0.0674 0.1570 -0.0611 -0.3268 -0.3386 -0.3191 -0.2296 -0.0798 -0.0212 0.0045 0.0311 0.0569 0.0311 0.0045 -0.0212 -0.0798 -0.2296 -0.3191 -0.3386 -0.3268 -0.0611 0.1570 0.0674 0.0271 0.0039 -0.0221 -0.0835 -0.2341 -0.3205 -0.3385 -0.3261 -0.0516 0.1579 0.0656 0.0260 0.0031 -0.0231 -0.0873 -0.2385 -0.3219 -0.3385 -0.3254 -0.0413 0.1585 0.0633 0.0245 0.0020 -0.0252 -0.0966 -0.2496 -0.3257 -0.3381 -0.3227 0.0009 0.1555 0.0550 0.0192 -0.0026 -0.0328 -0.1285 -0.2774 -0.2050
-0.1825 -0.1369 -0.0336 -0.0031 0.0187 0.0542 0.1507 0.0063 -0.3175 -0.3380 -0.3260 -0.2503 -0.0970 -0.0252 0.0020 0.0247 0.0638 0.1584 -0.0457 -0.3258 -0.3385 -0.3211 -0.2359 -0.0849 -0.0225 0.0036 0.0267 0.0667 0.1574 -0.0577 -0.3266 -0.3386 -0.3196 -0.2314 -0.0811 -0.0214 0.0043 0.0278 0.0686 0.1563 -0.0671 -0.3273 -0.3386 -0.3181 -0.2266 -0.0775 -0.0204 0.0049 0.0288 0.0712 0.1164 0.0712 0.0288 0.0049 -0.0204 -0.0775 -0.2266 -0.3181 -0.3386 -0.3273 -0.0671 0.1563 0.0686 0.0278 0.0043 -0.0214 -0.0811 -0.2314 -0.3196 -0.3386 -0.3266 -0.0577 0.1574 0.0667 0.0267 0.0036 -0.0225 -0.0849 -0.2359 -0.3211 -0.3385 -0.3258 -0.0457 0.1584 0.0638 0.0247 0.0020 -0.0252 -0.0970 -0.2503 -0.3260 -0.3380 -0.3175 0.0063 0.1507 0.0542 0.0187 -0.0031 -0.0336 -0.1369 -0.1825
-0.1085 -0.0365 -0.0038 0.0182 0.0533 0.1461 0.0123 -0.3079 -0.3379 -0.3265 -0.2518 -0.0981 -0.0254 0.0020 0.0247 0.0639 0.1583 -0.0482 -0.3260 -0.3386 -0.3204 -0.2336 -0.0827 -0.0219 0.0040 0.0273 0.0679 0.1567 -0.0636 -0.3270 -0.3386 -0.3186 -0.2285 -0.0789 -0.0208 0.0047 0.0284 0.0699 0.1554 -0.0729 -0.3277 -0.3386 -0.3170 -0.2235 -0.0753 -0.0198 0.0054 0.0294 0.0721 0.1420 0.0324 0.1420 0.0721 0.0294 0.0054 -0.0198 -0.0753 -0.2235 -0.3170 -0.3386 -0.3277 -0.0729 0.1554 0.0699 0.0284 0.0047 -0.0208 -0.0789 -0.2284 -0.3186 -0.3386 -0.3270 -0.0636 0.1567 0.0679 0.0273 0.0040 -0.0219 -0.0827 -0.2336 -0.3204 -0.3386 -0.3260 -0.0482 0.1583 0.0639 0.0247 0.0020 -0.0254 -0.0981 -0.2518 -0.3265 -0.3379 -0.3079 0.0123 0.1461 0.0533 0.0182 -0.0038 -0.0365 -0.1085
-0.0479 -0.0026 0.0175 0.0523 0.1413 0.0187 -0.2981 -0.3378 -0.3271 -0.2538 -0.1001 -0.0258 0.0018 0.0245 0.0638 0.1583 -0.0490 -0.3261 -0.3386 -0.3199 -0.2315 -0.0809 -0.0213 0.0044 0.0279 0.0690 0.1560 -0.0695 -0.3275 -0.3386 -0.3176 -0.2254 -0.0766 -0.0202 0.0052 0.0291 0.0711 0.1544 -0.0787 -0.3281 -0.3385 -0.3159 -0.2203 -0.0730 -0.0192 0.0058 0.0302 0.0731 0.1512 -0.0920 -0.2949 -0.0920 0.1512 0.0731 0.0302 0.0058 -0.0192 -0.0730 -0.2203 -0.3159 -0.3385 -0.3281 -0.0787 0.1544 0.0711 0.0291 0.0052 -0.0202 -0.0766 -0.2253 -0.3176 -0.3386 -0.3275 -0.0695 0.1560 0.0690 0.0279 0.0044 -0.0213 -0.0809 -0.2315 -0.3199 -0.3386 -0.3261 -0.0490 0.1583 0.0638 0.0245 0.0018 -0.0258 -0.1001 -0.2538 -0.3271 -0.3378 -0.2981 0.0187 0.1413 0.0523 0.0175 -0.0026 -0.0479
-0.0216 0.0211 0.0514 0.1367 0.0253 -0.2879 -0.3377 -0.3277 -0.2560 -0.1024 -0.0264 0.0014 0.0241 0.0633 0.1584 -0.0482 -0.3261 -0.3386 -0.3196 -0.2303 -0.0795 -0.0208 0.0048 0.0285 0.0701 0.1552 -0.0748 -0.3279 -0.3386 -0.3165 -0.2222 -0.0743 -0.0195 0.0055 0.0298 0.0723 0.1532 -0.0844 -0.3286 -0.3385 -0.3148 -0.2171 -0.0708 -0.0185 0.0062 0.0308 0.0743 0.1512 -0.0950 -0.3304 -0.3390 -0.3304 -0.0950 0.1512 0.0743 0.0308 0.0062 -0.0185 -0.0708 -0.2171 -0.3148 -0.3385 -0.3286 -0.0844 0.1532 0.0723 0.0298 0.0056 -0.0195 -0.0743 -0.2222 -0.3165 -0.3386 -0.3279 -0.0748 0.1552 0.0701 0.0285 0.0048 -0.0208 -0.0795 -0.2303 -0.3196 -0.3386 -0.3261 -0.0482 0.1584 0.0633 0.0241 0.0014 -0.0264 -0.1024 -0.2560 -0.3277 -0.3377 -0.2879 0.0253 0.1367 0.0514 0.0211 -0.0216
0.0017 0.0505 0.1324 0.0322 -0.2776 -0.3375 -0.3283 -0.2584 -0.1051 -0.0270 0.0010 0.0236 0.0625 0.1585 -0.0457 -0.3260 -0.3386 -0.3196 -0.2299 -0.0789 -0.0206 0.0050 0.0290 0.0711 0.1543 -0.0796 -0.3282 -0.3385 -0.3155 -0.2191 -0.0721 -0.0189 0.0060 0.0304 0.0736 0.1519 -0.0899 -0.3290 -0.3384 -0.3136 -0.2139 -0.0687 -0.0178 0.0067 0.0315 0.0757 0.1496 -0.0980 -0.3299 -0.3392 -0.3343 -0.3392 -0.3299 -0.0980 0.1496 0.0757 0.0315 0.0067 -0.0178 -0.0687 -0.2139 -0.3136 -0.3384 -0.3290 -0.0899 0.1519 0.0736 0.0304 0.0060 -0.0189 -0.0721 -0.2191 -0.3155 -0.3385 -0.3282 -0.0796 0.1543 0.0711 0.0290 0.0050 -0.0206 -0.0789 -0.2299 -0.3196 -0.3386 -0.3260 -0.0457 0.1585 0.0625 0.0236 0.0010 -0.0270 -0.1051 -0.2584 -0.3283 -0.3375 -0.2776 0.0322 0.1324 0.0505 0.0017
0.0311 0.1283 0.0393 -0.2679 -0.3373 -0.3290 -0.2608 -0.1080 -0.0276 0.0006 0.0231 0.0616 0.1587 -0.0413 -0.3258 -0.3386 -0.3199 -0.2303 -0.0789 -0.0205 0.0051 0.0293 0.0718 0.1535 -0.0842 -0.3286 -0.3385 -0.3145 -0.2162 -0.0700 -0.0182 0.0064 0.0311 0.0749 0.1505 -0.0953 -0.3294 -0.3384 -0.3125 -0.2106 -0.0667 -0.0172 0.0071 0.0323 0.0770 0.1478 -0.1037 -0.3299 -0.3373 -0.3100 -0.2710 -0.3100 -0.3373 -0.3299 -0.1037 0.1478 0.0770 0.0323 0.0071 -0.0172 -0.0667 -0.2106 -0.3125 -0.3384 -0.3294 -0.0953 0.1505 0.0749 0.0311 0.0064 -0.0182 -0.0700 -0.2162 -0.3145 -0.3385 -0.3286 -0.0842 0.1535 0.0718 0.0293 0.0051 -0.0205 -0.0789 -0.2303 -0.3199 -0.3386 -0.3258 -0.0413 0.1587 0.0616 0.0231 0.0006 -0.0276 -0.1080 -0.2608 -0.3290 -0.3373 -0.2679 0.0393 0.1283 0.0311
0.0985 0.0468 -0.2582 -0.3372 -0.3296 -0.2632 -0.1110 -0.0284 0.0001 0.0225 0.0607 0.1588 -0.0361 -0.3254 -0.3385 -0.3204 -0.2315 -0.0795 -0.0206 0.0051 0.0294 0.0722 0.1529 -0.0875 -0.3289 -0.3385 -0.3136 -0.2133 -0.0682 -0.0176 0.0069 0.0318 0.0762 0.1489 -0.1007 -0.3297 -0.3383 -0.3112 -0.2073 -0.0647 -0.0165 0.0076 0.0330 0.0785 0.1459 -0.1091 -0.3303 -0.3381 -0.3059 -0.1971 -0.1133 -0.1971 -0.3059 -0.3381 -0.3303 -0.1091 0.1459 0.0785 0.0330 0.0076 -0.0165 -0.0647 -0.2073 -0.3112 -0.3383 -0.3297 -0.1007 0.1489 0.0762 0.0318 0.0069 -0.0176 -0.0682 -0.2133 -0.3136 -0.3385 -0.3289 -0.0875 0.1529 0.0722 0.0294 0.0051 -0.0206 -0.0795 -0.2315 -0.3204 -0.3385 -0.3254 -0.0361 0.1588 0.0607 0.0225 0.0001 -0.0284 -0.1110 -0.2632 -0.3296 -0.3372 -0.2582 0.0468 0.0985
0.0341 -0.2491 -0.3370 -0.3302 -0.2656 -0.1142 -0.0291 -0.0004 0.0218 0.0597 0.1588 -0.0305 -0.3250 -0.3385 -0.3211 -0.2336 -0.0809 -0.0208 0.0050 0.0293 0.0722 0.1528 -0.0889 -0.3290 -0.3384 -0.3128 -0.2108 -0.0665 -0.0171 0.0072 0.0325 0.0775 0.1471 -0.1058 -0.3301 -0.3382 -0.3100 -0.2039 -0.0627 -0.0159 0.0080 0.0337 0.0800 0.1437 -0.1144 -0.3307 -0.3380 -0.3083 -0.1921 -0.0553 -0.0229 -0.0553 -0.1921 -0.3083 -0.3380 -0.3307 -0.1144 0.1437 0.0800 0.0337 0.0080 -0.0159 -0.0627 -0.2039 -0.3101 -0.3382 -0.3301 -0.1058 0.1471 0.0775 0.0325 0.0072 -0.0171 -0.0665 -0.2108 -0.3128 -0.3384 -0.3290 -0.0889 0.1528 0.0722 0.0293 0.0050 -0.0208 -0.0809 -0.2336 -0.3211 -0.3385 -0.3250 -0.0305 0.1588 0.0597 0.0218 -0.0004 -0.0291 -0.1142 -0.2656 -0.3302 -0.3370 -0.2491 0.0341
-0.1400 -0.3363 -0.3308 -0.2680 -0.1174 -0.0299 -0.0009 0.0212 0.0586 0.1587 -0.0244 -0.3246 -0.3384 -0.3219 -0.2359 -0.0827 -0.0213 0.0048 0.0290 0.0718 0.1529 -0.0889 -0.3291 -0.3384 -0.3123 -0.2090 -0.0652 -0.0166 0.0076 0.0331 0.0788 0.1452 -0.1110 -0.3305 -0.3381 -0.3089 -0.2007 -0.0609 -0.0153 0.0084 0.0345 0.0815 0.1412 -0.1201 -0.3311 -0.3379 -0.3069 -0.1960 -0.0563 -0.0109 0.0058 -0.0109 -0.0563 -0.1960 -0.3069 -0.3379 -0.3311 -0.1201 0.1412 0.0815 0.0345 0.0084 -0.0153 -0.0609 -0.2007 -0.3089 -0.3381 -0.3305 -0.1110 0.1452 0.0788 0.0331 0.0076 -0.0166 -0.0652 -0.2090 -0.3123 -0.3384 -0.3291 -0.0889 0.1529 0.0718 0.0290 0.0048 -0.0213 -0.0827 -0.2359 -0.3219 -0.3384 -0.3246 -0.0244 0.1587 0.0586 0.0212 -0.0009 -0.0299 -0.1174 -0.2680 -0.3308 -0.3363 -0.1400
-0.1919 -0.3313 -0.2702 -0.1207 -0.0307 -0.0013 0.0206 0.0576 0.1586 -0.0178 -0.3241 -0.3384 -0.3227 -0.2385 -0.0849 -0.0219 0.0044 0.0285 0.0711 0.1535 -0.0875 -0.3290 -0.3384 -0.3122 -0.2081 -0.0644 -0.0162 0.0079 0.0337 0.0801 0.1433 -0.1159 -0.3308 -0.3379 -0.3076 -0.1975 -0.0592 -0.0146 0.0089 0.0352 0.0831 0.1386 -0.1257 -0.3314 -0.3377 -0.3055 -0.1923 -0.0568 -0.0138 0.0120 0.0304 0.0120 -0.0138 -0.0568 -0.1923 -0.3055 -0.3377 -0.3314 -0.1257 0.1386 0.0831 0.0352 0.0089 -0.0146 -0.0592 -0.1975 -0.3076 -0.3379 -0.3308 -0.1159 0.1433 0.0801 0.0337 0.0079 -0.0162 -0.0644 -0.2081 -0.3122 -0.3384 -0.3290 -0.0875 0.1535 0.0711 0.0285 0.0044 -0.0219 -0.0849 -0.2385 -0.3227 -0.3384 -0.3241 -0.0178 0.1586 0.0576 0.0206 -0.0013 -0.0307 -0.1207 -0.2702 -0.3313 -0.1919
-0.2050 -0.2744 -0.1237 -0.0315 -0.0019 0.0200 0.0566 0.1583 -0.0112 -0.3236 -0.3383 -0.3235 -0.2412 -0.0873 -0.0225 0.0040 0.0279 0.0701 0.1543 -0.0842 -0.3289 -0.3384 -0.3123 -0.2081 -0.0641 -0.0160 0.0081 0.0341 0.0812 0.1414 -0.1205 -0.3311 -0.3378 -0.3065 -0.1945 -0.0576 -0.0141 0.0093 0.0360 0.0847 0.1357 -0.1314 -0.3318 -0.3375 -0.3041 -0.1888 -0.0550 -0.0133 0.0099 0.0400 0.0682 0.0400 0.0099 -0.0133 -0.0550 -0.1888 -0.3041 -0.3375 -0.3318 -0.1314 0.1357 0.0847 0.0360 0.0093 -0.0141 -0.0576 -0.1945 -0.3065 -0.3378 -0.3311 -0.1205 0.1414 0.0812 0.0341 0.0081 -0.0160 -0.0641 -0.2081 -0.3123 -0.3384 -0.3289 -0.0842 0.1543 0.0701 0.0279 0.0040 -0.0225 -0.0873 -0.2412 -0.3235 -0.3383 -0.3236 -0.0112 0.1583 0.0566 0.0200 -0.0019 -0.0315 -0.1237 -0.2744 -0.2050
-0.1809 -0.1320 -0.0323 -0.0023 0.0195 0.0556 0.1573 -0.0045 -0.3232 -0.3382 -0.3244 -0.2441 -0.0898 -0.0231 0.0036 0.0273 0.0690 0.1552 -0.0796 -0.3286 -0.3385 -0.3128 -0.2090 -0.0644 -0.0160 0.0082 0.0343 0.0818 0.1399 -0.1245 -0.3314 -0.3377 -0.3053 -0.1916 -0.0562 -0.0136 0.0097 0.0367 0.0864 0.1325 -0.1371 -0.3322 -0.3373 -0.3027 -0.1855 -0.0534 -0.0125 0.0103 0.0379 0.0867 0.1308 0.0867 0.0379 0.0103 -0.0125 -0.0534 -0.1855 -0.3027 -0.3373 -0.3322 -0.1371 0.1325 0.0864 0.0367 0.0097 -0.0136 -0.0562 -0.1916 -0.3053 -0.3377 -0.3314 -0.1245 0.1399 0.0818 0.0343 0.0082 -0.0160 -0.0644 -0.2090 -0.3128 -0.3385 -0.3286 -0.0796 0.1552 0.0690 0.0273 0.0036 -0.0231 -0.0898 -0.2441 -0.3244 -0.3382 -0.3232 -0.0045 0.1573 0.0556 0.0195 -0.0023 -0.0323 -0.1320 -0.1809
-0.1061 -0.0352 -0.0031 0.0189 0.0546 0.1535 0.0023 -0.3212 -0.3381 -0.3252 -0.2468 -0.0925 -0.0238 0.0031 0.0267 0.0679 0.1560 -0.0748 -0.3282 -0.3385 -0.3136 -0.2108 -0.0652 -0.0162 0.0081 0.0343 0.0820 0.1392 -0.1268 -0.3316 -0.3376 -0.3042 -0.1887 -0.0548 -0.0131 0.0100 0.0373 0.0879 0.1294 -0.1426 -0.3325 -0.3371 -0.3012 -0.1819 -0.0519 -0.0120 0.0108 0.0386 0.0917 0.1198 -0.0551 0.1198 0.0917 0.0386 0.0108 -0.0120 -0.0519 -0.1819 -0.3012 -0.3371 -0.3325 -0.1426 0.1294 0.0879 0.0373 0.0100 -0.0131 -0.0548 -0.1887 -0.3042 -0.3376 -0.3316 -0.1268 0.1392 0.0820 0.0343 0.0081 -0.0162 -0.0652 -0.2108 -0.3136 -0.3385 -0.3282 -0.0748 0.1560 0.0679 0.0267 0.0031 -0.0238 -0.0925 -0.2468 -0.3252 -0.3381 -0.3212 0.0023 0.1535 0.0546 0.0189 -0.0031 -0.0352 -0.1061
-0.0469 -0.0017 0.0182 0.0537 0.1480 0.0092 -0.3136 -0.3380 -0.3259 -0.2496 -0.0953 -0.0245 0.0027 0.0260 0.0667 0.1567 -0.0695 -0.3279 -0.3385 -0.3145 -0.2133 -0.0665 -0.0166 0.0079 0.0341 0.0818 0.1392 -0.1275 -0.3317 -0.3375 -0.3035 -0.1864 -0.0535 -0.0125 0.0104 0.0380 0.0894 0.1264 -0.1477 -0.3328 -0.3369 -0.2997 -0.1783 -0.0503 -0.0114 0.0112 0.0394 0.0930 0.1170 -0.1625 -0.3260 -0.1625 0.1170 0.0930 0.0394 0.0112 -0.0114 -0.0503 -0.1783 -0.2997 -0.3369 -0.3328 -0.1477 0.1264 0.0894 0.0380 0.0104 -0.0125 -0.0535 -0.1864 -0.3035 -0.3375 -0.3317 -0.1275 0.1392 0.0818 0.0341 0.0079 -0.0166 -0.0665 -0.2133 -0.3145 -0.3385 -0.3279 -0.0695 0.1567 0.0667 0.0260 0.0027 -0.0245 -0.0953 -0.2496 -0.3259 -0.3380 -0.3136 0.0092 0.1480 0.0537 0.0182 -0.0017 -0.0469
-0.0210 0.0217 0.0527 0.1429 0.0160 -0.3022 -0.3379 -0.3267 -0.2522 -0.0981 -0.0252 0.0022 0.0253 0.0656 0.1574 -0.0636 -0.3275 -0.3386 -0.3155 -0.2162 -0.0682 -0.0171 0.0076 0.0337 0.0812 0.1399 -0.1268 -0.3317 -0.3375 -0.3030 -0.1849 -0.0526 -0.0121 0.0107 0.0386 0.0909 0.1232 -0.1526 -0.3331 -0.3367 -0.2982 -0.1749 -0.0489 -0.0108 0.0116 0.0402 0.0947 0.1157 -0.1655 -0.3348 -0.3410 -0.3348 -0.1655 0.1157 0.0947 0.0402 0.0116 -0.0108 -0.0489 -0.1749 -0.2982 -0.3367 -0.3331 -0.1526 0.1232 0.0909 0.0386 0.0107 -0.0121 -0.0526 -0.1849 -0.3030 -0.3375 -0.3317 -0.1268 0.1399 0.0812 0.0337 0.0076 -0.0171 -0.0682 -0.2162 -0.3155 -0.3386 -0.3275 -0.0636 0.1574 0.0656 0.0253 0.0022 -0.0252 -0.0981 -0.2522 -0.3267 -0.3379 -0.3022 0.0160 0.1429 0.0527 0.0217 -0.0210
0.0024 0.0517 0.1382 0.0230 -0.2914 -0.3377 -0.3274 -0.2549 -0.1010 -0.0260 0.0017 0.0247 0.0644 0.1579 -0.0577 -0.3270 -0.3386 -0.3165 -0.2191 -0.0700 -0.0176 0.0072 0.0331 0.0801 0.1414 -0.1245 -0.3316 -0.3375 -0.3030 -0.1845 -0.0522 -0.0119 0.0110 0.0392 0.0925 0.1199 -0.1576 -0.3334 -0.3365 -0.2968 -0.1717 -0.0476 -0.0102 0.0121 0.0410 0.0968 0.1111 -0.1693 -0.3341 -0.3366 -0.3256 -0.3366 -0.3341 -0.1693 0.1111 0.0968 0.0410 0.0121 -0.0102 -0.0476 -0.1717 -0.2968 -0.3365 -0.3334 -0.1576 0.1199 0.0925 0.0392 0.0110 -0.0119 -0.0522 -0.1845 -0.3030 -0.3375 -0.3316 -0.1245 0.1414 0.0801 0.0331 0.0072 -0.0176 -0.0700 -0.2191 -0.3165 -0.3386 -0.3270 -0.0577 0.1579 0.0644 0.0247 0.0017 -0.0260 -0.1010 -0.2549 -0.3274 -0.3377 -0.2914 0.0230 0.1382 0.0517 0.0024
0.0323 0.1337 0.0301 -0.2810 -0.3376 -0.3281 -0.2574 -0.1039 -0.0267 0.0013 0.0240 0.0633 0.1583 -0.0516 -0.3266 -0.3386 -0.3176 -0.2222 -0.0721 -0.0182 0.0069 0.0325 0.0788 0.1433 -0.1205 -0.3314 -0.3376 -0.3035 -0.1849 -0.0522 -0.0118 0.0111 0.0395 0.0936 0.1169 -0.1624 -0.3336 -0.3362 -0.2955 -0.1687 -0.0464 -0.0097 0.0125 0.0418 0.0989 0.1064 -0.1756 -0.3342 -0.3342 -0.2907 -0.2372 -0.2907 -0.3342 -0.3342 -0.1756 0.1064 0.0989 0.0418 0.0125 -0.0097 -0.0464 -0.1687 -0.2955 -0.3362 -0.3336 -0.1624 0.1169 0.0936 0.0395 0.0111 -0.0118 -0.0522 -0.1849 -0.3035 -0.3376 -0.3314 -0.1205 0.1433 0.0788 0.0325 0.0069 -0.0182 -0.0721 -0.2222 -0.3176 -0.3386 -0.3266 -0.0516 0.1583 0.0633 0.0240 0.0013 -0.0267 -0.1039 -0.2574 -0.3281 -0.3376 -0.2810 0.0301 0.1337 0.0323
0.1027 0.0374 -0.2707 -0.3374 -0.3288 -0.2600 -0.1070 -0.0274 0.0008 0.0234 0.0622 0.1586 -0.0455 -0.3261 -0.3386 -0.3186 -0.2254 -0.0743 -0.0189 0.0064 0.0318 0.0776 0.1452 -0.1159 -0.3311 -0.3377 -0.3042 -0.1864 -0.0526 -0.0119 0.0111 0.0396 0.0941 0.1151 -0.1659 -0.3338 -0.3360 -0.2941 -0.1657 -0.0453 -0.0093 0.0128 0.0425 0.1009 0.1018 -0.1818 -0.3345 -0.3353 -0.2861 -0.1524 -0.0769 -0.1524 -0.2861 -0.3353 -0.3345 -0.1818 0.1018 0.1009 0.0425 0.0128 -0.0093 -0.0453 -0.1657 -0.2941 -0.3360 -0.3338 -0.1659 0.1151 0.0941 0.0396 0.0111 -0.0119 -0.0526 -0.1864 -0.3042 -0.3377 -0.3311 -0.1159 0.1452 0.0775 0.0318 0.0064 -0.0189 -0.0743 -0.2253 -0.3186 -0.3386 -0.3261 -0.0455 0.1586 0.0622 0.0234 0.0008 -0.0274 -0.1070 -0.2600 -0.3288 -0.3374 -0.2707 0.0374 0.1027
0.0278 -0.2615 -0.3373 -0.3294 -0.2624 -0.1101 -0.0281 0.0003 0.0227 0.0611 0.1587 -0.0392 -0.3257 -0.3386 -0.3196 -0.2285 -0.0766 -0.0195 0.0060 0.0311 0.0762 0.1470 -0.1112 -0.3308 -0.3378 -0.3053 -0.1887 -0.0535 -0.0121 0.0110 0.0395 0.0941 0.1145 -0.1675 -0.3340 -0.3359 -0.2930 -0.1630 -0.0442 -0.0088 0.0132 0.0432 0.1029 0.0972 -0.1875 -0.3348 -0.3350 -0.2890 -0.1486 -0.0377 -0.0126 -0.0377 -0.1486 -0.2890 -0.3350 -0.3348 -0.1875 0.0972 0.1029 0.0432 0.0132 -0.0088 -0.0442 -0.1630 -0.2930 -0.3359 -0.3340 -0.1675 0.1145 0.0941 0.0395 0.0110 -0.0121 -0.0535 -0.1887 -0.3053 -0.3378 -0.3308 -0.1110 0.1471 0.0762 0.0311 0.0060 -0.0195 -0.0766 -0.2284 -0.3196 -0.3386 -0.3257 -0.0392 0.1587 0.0611 0.0227 0.0003 -0.0281 -0.1101 -0.2624 -0.3294 -0.3373 -0.2615 0.0278
-0.1449 -0.3366 -0.3300 -0.2648 -0.1131 -0.0289 -0.0002 0.0221 0.0601 0.1588 -0.0332 -0.3252 -0.3385 -0.3205 -0.2314 -0.0789 -0.0202 0.0055 0.0304 0.0749 0.1488 -0.1060 -0.3305 -0.3379 -0.3065 -0.1916 -0.0548 -0.0125 0.0107 0.0392 0.0936 0.1151 -0.1675 -0.3340 -0.3358 -0.2922 -0.1610 -0.0433 -0.0083 0.0136 0.0439 0.1049 0.0926 -0.1932 -0.3350 -0.3347 -0.2872 -0.1522 -0.0397 -0.0039 0.0108 -0.0039 -0.0397 -0.1522 -0.2872 -0.3347 -0.3350 -0.1932 0.0926 0.1049 0.0439 0.0136 -0.0083 -0.0433 -0.1610 -0.2922 -0.3358 -0.3340 -0.1675 0.1151 0.0936 0.0392 0.0107 -0.0125 -0.0548 -0.1916 -0.3065 -0.3379 -0.3305 -0.1058 0.1489 0.0749 0.0304 0.0056 -0.0202 -0.0789 -0.2314 -0.3205 -0.3385 -0.3252 -0.0332 0.1588 0.0601 0.0221 -0.0002 -0.0289 -0.1131 -0.2648 -0.3300 -0.3366 -0.1449
-0.1926 -0.3304 -0.2669 -0.1161 -0.0295 -0.0006 0.0215 0.0591 0.1588 -0.0273 -0.3248 -0.3385 -0.3214 -0.2341 -0.0811 -0.0208 0.0052 0.0298 0.0736 0.1505 -0.1007 -0.3301 -0.3381 -0.3076 -0.1945 -0.0562 -0.0131 0.0104 0.0386 0.0925 0.1169 -0.1659 -0.3340 -0.3358 -0.2920 -0.1600 -0.0428 -0.0080 0.0139 0.0445 0.1071 0.0879 -0.1989 -0.3353 -0.3343 -0.2855 -0.1489 -0.0396 -0.0066 0.0175 0.0391 0.0175 -0.0066 -0.0396 -0.1489 -0.2855 -0.3343 -0.3353 -0.1989 0.0879 0.1071 0.0445 0.0139 -0.0080 -0.0428 -0.1600 -0.2920 -0.3358 -0.3340 -0.1659 0.1169 0.0925 0.0386 0.0104 -0.0131 -0.0562 -0.1945 -0.3076 -0.3381 -0.3301 -0.1007 0.1505 0.0736 0.0298 0.0052 -0.0208 -0.0811 -0.2341 -0.3214 -0.3385 -0.3248 -0.0273 0.1588 0.0591 0.0215 -0.0006 -0.0295 -0.1161 -0.2669 -0.3304 -0.1926
-0.2049 -0.2711 -0.1188 -0.0303 -0.0011 0.0209 0.0581 0.1587 -0.0211 -0.3243 -0.3384 -0.3223 -0.2369 -0.0835 -0.0214 0.0047 0.0291 0.0723 0.1519 -0.0953 -0.3297 -0.3382 -0.3089 -0.1975 -0.0576 -0.0136 0.0100 0.0380 0.0909 0.1199 -0.1624 -0.3338 -0.3359 -0.2922 -0.1600 -0.0427 -0.0079 0.0141 0.0450 0.1090 0.0833 -0.2048 -0.3355 -0.3340 -0.2838 -0.1457 -0.0386 -0.0062 0.0154 0.0498 0.0811 0.0498 0.0154 -0.0062 -0.0386 -0.1457 -0.2838 -0.3340 -0.3355 -0.2048 0.0833 0.1090 0.0450 0.0141 -0.0079 -0.0427 -0.1600 -0.2922 -0.3359 -0.3338 -0.1624 0.1199 0.0909 0.0380 0.0100 -0.0136 -0.0576 -0.1975 -0.3089 -0.3382 -0.3297 -0.0953 0.1519 0.0723 0.0291 0.0047 -0.0214 -0.0835 -0.2369 -0.3223 -0.3384 -0.3243 -0.0211 0.1587 0.0581 0.0209 -0.0011 -0.0303 -0.1188 -0.2711 -0.2049
-0.1792 -0.1268 -0.0310 -0.0016 0.0203 0.0571 0.1585 -0.0148 -0.3239 -0.3383 -0.3231 -0.2397 -0.0858 -0.0221 0.0043 0.0284 0.0711 0.1532 -0.0899 -0.3294 -0.3383 -0.3100 -0.2007 -0.0592 -0.0141 0.0097 0.0373 0.0894 0.1232 -0.1576 -0.3336 -0.3360 -0.2930 -0.1610 -0.0428 -0.0079 0.0141 0.0452 0.1101 0.0798 -0.2099 -0.3357 -0.3337 -0.2822 -0.1428 -0.0376 -0.0057 0.0157 0.0481 0.1082 0.1238 0.1082 0.0481 0.0157 -0.0057 -0.0376 -0.1428 -0.2822 -0.3337 -0.3357 -0.2099 0.0798 0.1101 0.0452 0.0141 -0.0079 -0.0428 -0.1610 -0.2930 -0.3360 -0.3336 -0.1576 0.1232 0.0894 0.0373 0.0097 -0.0141 -0.0592 -0.2007 -0.3100 -0.3383 -0.3294 -0.0899 0.1532 0.0711 0.0284 0.0043 -0.0221 -0.0858 -0.2397 -0.3231 -0.3383 -0.3239 -0.0148 0.1585 0.0571 0.0203 -0.0016 -0.0310 -0.1268 -0.1792
-0.1033 -0.0337 -0.0023 0.0198 0.0562 0.1582 -0.0084 -0.3234 -0.3383 -0.3239 -0.2424 -0.0883 -0.0227 0.0039 0.0278 0.0699 0.1544 -0.0844 -0.3290 -0.3384 -0.3112 -0.2039 -0.0609 -0.0146 0.0093 0.0367 0.0879 0.1264 -0.1526 -0.3334 -0.3362 -0.2941 -0.1630 -0.0433 -0.0080 0.0141 0.0452 0.1105 0.0783 -0.2130 -0.3358 -0.3334 -0.2807 -0.1400 -0.0368 -0.0052 0.0161 0.0487 0.1231 0.0526 -0.1484 0.0526 0.1231 0.0487 0.0161 -0.0052 -0.0368 -0.1400 -0.2807 -0.3334 -0.3358 -0.2130 0.0783 0.1105 0.0452 0.0141 -0.0080 -0.0433 -0.1630 -0.2941 -0.3362 -0.3334 -0.1526 0.1264 0.0879 0.0367 0.0093 -0.0146 -0.0609 -0.2039 -0.3112 -0.3384 -0.3290 -0.0844 0.1544 0.0699 0.0278 0.0039 -0.0227 -0.0883 -0.2424 -0.3239 -0.3383 -0.3234 -0.0084 0.1582 0.0562 0.0198 -0.0023 -0.0337 -0.1033
-0.0457 -0.0008 0.0191 0.0552 0.1560 -0.0017 -0.3230 -0.3382 -0.3247 -0.2452 -0.0909 -0.0234 0.0034 0.0271 0.0686 0.1554 -0.0787 -0.3286 -0.3384 -0.3125 -0.2073 -0.0627 -0.0153 0.0089 0.0360 0.0864 0.1294 -0.1477 -0.3331 -0.3365 -0.2955 -0.1657 -0.0442 -0.0083 0.0139 0.0450 0.1101 0.0783 -0.2139 -0.3359 -0.3332 -0.2796 -0.1376 -0.0360 -0.0048 0.0166 0.0495 0.1251 0.0490 -0.2481 -0.3315 -0.2481 0.0490 0.1251 0.0495 0.0166 -0.0048 -0.0360 -0.1376 -0.2796 -0.3332 -0.3359 -0.2139 0.0783 0.1101 0.0450 0.0139 -0.0083 -0.0442 -0.1657 -0.2955 -0.3365 -0.3331 -0.1477 0.1294 0.0864 0.0360 0.0089 -0.0153 -0.0627 -0.2073 -0.3125 -0.3384 -0.3286 -0.0787 0.1554 0.0686 0.0271 0.0034 -0.0234 -0.0909 -0.2452 -0.3247 -0.3382 -0.3230 -0.0017 0.1560 0.0552 0.0191 -0.0008 -0.0457
-0.0202 0.0226 0.0542 0.1512 0.0051 -0.3186 -0.3381 -0.3255 -0.2480 -0.0937 -0.0241 0.0029 0.0264 0.0674 0.1563 -0.0729 -0.3281 -0.3385 -0.3136 -0.2106 -0.0647 -0.0159 0.0084 0.0352 0.0847 0.1325 -0.1426 -0.3328 -0.3367 -0.2968 -0.1687 -0.0453 -0.0088 0.0136 0.0445 0.1090 0.0798 -0.2130 -0.3359 -0.3331 -0.2790 -0.1362 -0.0354 -0.0044 0.0169 0.0502 0.1274 0.0472 -0.2515 -0.3379 -0.3411 -0.3379 -0.2515 0.0472 0.1274 0.0502 0.0169 -0.0044 -0.0354 -0.1362 -0.2790 -0.3331 -0.3359 -0.2130 0.0798 0.1090 0.0445 0.0136 -0.0088 -0.0453 -0.1687 -0.2968 -0.3367 -0.3328 -0.1426 0.1325 0.0847 0.0352 0.0084 -0.0159 -0.0647 -0.2106 -0.3136 -0.3385 -0.3281 -0.0729 0.1563 0.0674 0.0264 0.0029 -0.0241 -0.0937 -0.2480 -0.3255 -0.3381 -0.3186 0.0051 0.1512 0.0542 0.0226 -0.0202
0.0033 0.0532 0.1458 0.0120 -0.3088 -0.3379 -0.3263 -0.2507 -0.0964 -0.0248 0.0025 0.0257 0.0662 0.1570 -0.0671 -0.3277 -0.3385 -0.3148 -0.2139 -0.0667 -0.0165 0.0080 0.0345 0.0831 0.1357 -0.1371 -0.3325 -0.3369 -0.2982 -0.1717 -0.0464 -0.0093 0.0132 0.0439 0.1071 0.0833 -0.2099 -0.3358 -0.3332 -0.2790 -0.1357 -0.0351 -0.0042 0.0172 0.0509 0.1305 0.0415 -0.2562 -0.3368 -0.3312 -0.3127 -0.3312 -0.3368 -0.2562 0.0415 0.1305 0.0509 0.0172 -0.0042 -0.0351 -0.1357 -0.2790 -0.3332 -0.3358 -0.2099 0.0833 0.1071 0.0439 0.0132 -0.0093 -0.0464 -0.1717 -0.2982 -0.3369 -0.3325 -0.1371 0.1357 0.0831 0.0345 0.0080 -0.0165 -0.0667 -0.2139 -0.3148 -0.3385 -0.3277 -0.0671 0.1570 0.0662 0.0257 0.0025 -0.0248 -0.0964 -0.2507 -0.3263 -0.3379 -0.3088 0.0120 0.1458 0.0532 0.0033
0.0337 0.1408 0.0191 -0.2976 -0.3378 -0.3270 -0.2533 -0.0993 -0.0255 0.0020 0.0251 0.0651 0.1576 -0.0611 -0.3273 -0.3386 -0.3159 -0.2171 -0.0687 -0.0172 0.0076 0.0337 0.0815 0.1386 -0.1314 -0.3322 -0.3371 -0.2997 -0.1749 -0.0476 -0.0097 0.0128 0.0432 0.1049 0.0879 -0.2048 -0.3357 -0.3334 -0.2796 -0.1362 -0.0351 -0.0041 0.0174 0.0513 0.1329 0.0366 -0.2635 -0.3371 -0.3283 -0.2659 -0.1977 -0.2659 -0.3283 -0.3371 -0.2635 0.0366 0.1329 0.0513 0.0174 -0.0041 -0.0351 -0.1362 -0.2796 -0.3334 -0.3357 -0.2048 0.0879 0.1049 0.0432 0.0128 -0.0097 -0.0476 -0.1749 -0.2997 -0.3371 -0.3322 -0.1314 0.1386 0.0815 0.0337 0.0076 -0.0172 -0.0687 -0.2171 -0.3159 -0.3386 -0.3273 -0.0611 0.1576 0.0651 0.0251 0.0020 -0.0255 -0.0993 -0.2533 -0.3270 -0.3378 -0.2976 0.0191 0.1408 0.0337
0.1078 0.0267 -0.2866 -0.3377 -0.3277 -0.2559 -0.1023 -0.0263 0.0015 0.0244 0.0639 0.1581 -0.0551 -0.3268 -0.3386 -0.3170 -0.2204 -0.0708 -0.0178 0.0071 0.0330 0.0800 0.1413 -0.1257 -0.3318 -0.3373 -0.3012 -0.1783 -0.0489 -0.0102 0.0125 0.0425 0.1029 0.0926 -0.1989 -0.3355 -0.3337 -0.2807 -0.1376 -0.0354 -0.0042 0.0174 0.0514 0.1340 0.0337 -0.2690 -0.3372 -0.3299 -0.2611 -0.1120 -0.0522 -0.1120 -0.2610 -0.3299 -0.3372 -0.2690 0.0337 0.1340 0.0514 0.0174 -0.0042 -0.0354 -0.1376 -0.2807 -0.3337 -0.3355 -0.1989 0.0926 0.1029 0.0425 0.0125 -0.0102 -0.0489 -0.1783 -0.3012 -0.3373 -0.3318 -0.1257 0.1412 0.0800 0.0330 0.0071 -0.0178 -0.0708 -0.2203 -0.3170 -0.3386 -0.3268 -0.0552 0.1581 0.0639 0.0244 0.0015 -0.0263 -0.1022 -0.2559 -0.3277 -0.3377 -0.2866 0.0267 0.1077
0.0209 -0.2767 -0.3375 -0.3284 -0.2585 -0.1053 -0.0270 0.0010 0.0237 0.0628 0.1584 -0.0490 -0.3264 -0.3386 -0.3180 -0.2236 -0.0730 -0.0185 0.0067 0.0323 0.0785 0.1437 -0.1201 -0.3314 -0.3375 -0.3027 -0.1819 -0.0504 -0.0108 0.0120 0.0417 0.1009 0.0972 -0.1932 -0.3353 -0.3340 -0.2822 -0.1400 -0.0360 -0.0044 0.0172 0.0513 0.1340 0.0329 -0.2715 -0.3373 -0.3296 -0.2651 -0.1104 -0.0266 -0.0051 -0.0266 -0.1107 -0.2650 -0.3296 -0.3373 -0.2715 0.0329 0.1340 0.0513 0.0172 -0.0044 -0.0360 -0.1400 -0.2822 -0.3340 -0.3353 -0.1932 0.0972 0.1009 0.0418 0.0121 -0.0108 -0.0503 -0.1819 -0.3027 -0.3375 -0.3314 -0.1201 0.1437 0.0785 0.0323 0.0067 -0.0185 -0.0730 -0.2235 -0.3181 -0.3386 -0.3264 -0.0491 0.1584 0.0628 0.0237 0.0011 -0.0270 -0.1052 -0.2586 -0.3284 -0.3375 -0.2763 0.0211
-0.1504 -0.3368 -0.3290 -0.2609 -0.1082 -0.0277 0.0006 0.0231 0.0618 0.1586 -0.0431 -0.3259 -0.3386 -0.3190 -0.2266 -0.0752 -0.0191 0.0062 0.0315 0.0771 0.1458 -0.1147 -0.3311 -0.3377 -0.3041 -0.1853 -0.0518 -0.0114 0.0116 0.0410 0.0990 0.1016 -0.1875 -0.3350 -0.3343 -0.2838 -0.1428 -0.0368 -0.0048 0.0169 0.0509 0.1329 0.0337 -0.2715 -0.3373 -0.3294 -0.2641 -0.1142 -0.0296 0.0018 0.0162 0.0017 -0.0298 -0.1158 -0.2640 -0.3293 -0.3373 -0.2715 0.0337 0.1329 0.0509 0.0169 -0.0048 -0.0368 -0.1428 -0.2838 -0.3343 -0.3350 -0.1875 0.1018 0.0989 0.0410 0.0116 -0.0114 -0.0519 -0.1855 -0.3041 -0.3377 -0.3311 -0.1144 0.1459 0.0770 0.0315 0.0062 -0.0192 -0.0753 -0.2266 -0.3191 -0.3386 -0.3259 -0.0429 0.1587 0.0617 0.0231 0.0006 -0.0277 -0.1082 -0.2611 -0.3291 -0.3368 -0.1501
-0.1934 -0.3295 -0.2631 -0.1110 -0.0283 0.0001 0.0225 0.0608 0.1588 -0.0374 -0.3255 -0.3385 -0.3199 -0.2294 -0.0773 -0.0197 0.0059 0.0309 0.0758 0.1477 -0.1095 -0.3307 -0.3378 -0.3054 -0.1885 -0.0533 -0.0119 0.0112 0.0403 0.0970 0.1060 -0.1820 -0.3348 -0.3347 -0.2855 -0.1457 -0.0376 -0.0052 0.0166 0.0502 0.1305 0.0366 -0.2690 -0.3373 -0.3294 -0.2636 -0.1132 -0.0294 -0.0008 0.0237 0.0480 0.0243 -0.0006 -0.0301 -0.1164 -0.2638 -0.3293 -0.3373 -0.2690 0.0366 0.1305 0.0502 0.0166 -0.0052 -0.0376 -0.1457 -0.2855 -0.3347 -0.3348 -0.1818 0.1064 0.0968 0.0402 0.0112 -0.0120 -0.0534 -0.1888 -0.3055 -0.3379 -0.3307 -0.1091 0.1478 0.0757 0.0308 0.0058 -0.0198 -0.0775 -0.2296 -0.3200 -0.3385 -0.3255 -0.0369 0.1588 0.0607 0.0224 0.0001 -0.0284 -0.1113 -0.2632 -0.3296 -0.1934
-0.2048 -0.2676 -0.1137 -0.0291 -0.0003 0.0219 0.0598 0.1588 -0.0313 -0.3251 -0.3385 -0.3208 -0.2322 -0.0795 -0.0204 0.0054 0.0302 0.0744 0.1494 -0.1042 -0.3304 -0.3380 -0.3067 -0.1919 -0.0548 -0.0125 0.0108 0.0395 0.0949 0.1106 -0.1761 -0.3346 -0.3350 -0.2870 -0.1487 -0.0385 -0.0057 0.0161 0.0495 0.1274 0.0414 -0.2635 -0.3372 -0.3296 -0.2639 -0.1131 -0.0292 -0.0007 0.0210 0.0597 0.0920 0.0610 0.0267 0.0010 -0.0304 -0.1168 -0.2642 -0.3295 -0.3372 -0.2635 0.0415 0.1274 0.0495 0.0161 -0.0057 -0.0386 -0.1489 -0.2872 -0.3350 -0.3345 -0.1756 0.1111 0.0947 0.0394 0.0108 -0.0125 -0.0550 -0.1923 -0.3069 -0.3380 -0.3303 -0.1037 0.1496 0.0743 0.0302 0.0054 -0.0204 -0.0798 -0.2327 -0.3210 -0.3385 -0.3250 -0.0308 0.1588 0.0597 0.0218 -0.0004 -0.0291 -0.1142 -0.2677 -0.2049
-0.1774 -0.1217 -0.0298 -0.0008 0.0213 0.0587 0.1587 -0.0249 -0.3246 -0.3384 -0.3218 -0.2352 -0.0820 -0.0210 0.0050 0.0295 0.0731 0.1510 -0.0986 -0.3300 -0.3381 -0.3080 -0.1954 -0.0565 -0.0131 0.0104 0.0387 0.0929 0.1152 -0.1698 -0.3343 -0.3353 -0.2887 -0.1518 -0.0395 -0.0061 0.0157 0.0487 0.1243 0.0471 -0.2563 -0.3371 -0.3299 -0.2649 -0.1140 -0.0293 -0.0007 0.0210 0.0582 0.1288 0.1179 0.1022 0.0118 0.0282 0.0022 -0.0304 -0.1167 -0.2651 -0.3299 -0.3371 -0.2562 0.0472 0.1251 0.0487 0.0157 -0.0062 -0.0396 -0.1522 -0.2890 -0.3353 -0.3342 -0.1693 0.1157 0.0930 0.0386 0.0103 -0.0133 -0.0568 -0.1960 -0.3083 -0.3381 -0.3299 -0.0980 0.1512 0.0731 0.0294 0.0049 -0.0212 -0.0824 -0.2357 -0.3219 -0.3384 -0.3245 -0.0243 0.1587 0.0586 0.0211 -0.0009 -0.0300 -0.1223 -0.1774
-0.1006 -0.0323 -0.0015 0.0207 0.0577 0.1586 -0.0184 -0.3241 -0.3384 -0.3227 -0.2381 -0.0845 -0.0217 0.0045 0.0288 0.0718 0.1525 -0.0929 -0.3296 -0.3382 -0.3093 -0.1989 -0.0582 -0.0137 0.0099 0.0379 0.0910 0.1195 -0.1637 -0.3340 -0.3356 -0.2904 -0.1551 -0.0405 -0.0066 0.0154 0.0480 0.1214 0.0527 -0.2488 -0.3369 -0.3304 -0.2665 -0.1157 -0.0296 -0.0008 0.0211 0.0580 0.1583 -0.0174 -0.2132 -0.1187 -0.1218 0.0124 0.0265 0.0007 -0.0301 -0.1114 -0.2611 -0.3283 -0.3368 -0.2515 0.0490 0.1231 0.0481 0.0154 -0.0066 -0.0397 -0.1486 -0.2861 -0.3342 -0.3341 -0.1655 0.1170 0.0917 0.0379 0.0099 -0.0138 -0.0563 -0.1921 -0.3059 -0.3373 -0.3299 -0.0950 0.1512 0.0721 0.0288 0.0045 -0.0218 -0.0809 -0.2320 -0.3200 -0.3379 -0.3247 -0.0213 0.1581 0.0579 0.0207 -0.0016 -0.0324 -0.0962
-0.0446 0.0001 0.0200 0.0567 0.1584 -0.0120 -0.3237 -0.3383 -0.3234 -0.2409 -0.0869 -0.0224 0.0041 0.0281 0.0706 0.1537 -0.0875 -0.3292 -0.3383 -0.3106 -0.2021 -0.0599 -0.0143 0.0095 0.0372 0.0892 0.1234 -0.1578 -0.3337 -0.3359 -0.2921 -0.1585 -0.0416 -0.0071 0.0150 0.0472 0.1186 0.0583 -0.2417 -0.3368 -0.3308 -0.2684 -0.1182 -0.0301 -0.0011 0.0208 0.0577 0.1585 -0.0159 -0.3242 -0.3378 -0.3254 -0.1767 -0.0163 0.0420 0.0280 0.0017 -0.0267 -0.1123 -0.2658 -0.3312 -0.3379 -0.2481 0.0526 0.1082 0.0498 0.0175 -0.0039 -0.0377 -0.1524 -0.2907 -0.3366 -0.3348 -0.1625 0.1198 0.0867 0.0400 0.0120 -0.0109 -0.0553 -0.1971 -0.3100 -0.3392 -0.3304 -0.0920 0.1420 0.0712 0.0311 0.0068 -0.0187 -0.0814 -0.2373 -0.3234 -0.3393 -0.3249 -0.0175 0.1316 0.0588 0.0231 0.0037 -0.0425
-0.0195 0.0234 0.0558 0.1581 -0.0059 -0.3232 -0.3382 -0.3242 -0.2435 -0.0893 -0.0230 0.0037 0.0275 0.0694 0.1548 -0.0823 -0.3288 -0.3384 -0.3117 -0.2052 -0.0616 -0.0149 0.0091 0.0365 0.0876 0.1269 -0.1524 -0.3334 -0.3362 -0.2937 -0.1617 -0.0427 -0.0076 0.0146 0.0465 0.1159 0.0637 -0.2347 -0.3366 -0.3313 -0.2703 -0.1209 -0.0308 -0.0015 0.0204 0.0571 0.1584 -0.0120 -0.3237 -0.3386 -0.3308 -0.2694 -0.0944 -0.0002 0.0560 0.0524 0.0161 -0.0052 -0.0522 -0.1976 -0.3126 -0.3411 -0.3315 -0.1484 0.1238 0.0811 0.0391 0.0108 -0.0126 -0.0769 -0.2372 -0.3256 -0.3410 -0.3260 -0.0551 0.1308 0.0682 0.0304 0.0058 -0.0229 -0.1133 -0.2710 -0.3343 -0.3390 -0.2949 0.0324 0.1164 0.0569 0.0224 0.0005 -0.0364 -0.1579 -0.2966 -0.3393 -0.3354 -0.2366 0.0977 0.0945 0.0472 0.0197 -0.0248
