1.0000 1.0000 0.0003 0.0009 0.0025 0.0070 0.0201 0.0576 0.1645 0.4709 1.0000 1.0000 1.0000 0.0003 0.0009 0.0026 0.0073 0.0209 0.0598 0.1709 0.4882 1.0000 1.0000 1.0000 0.0003 0.0009 0.0026 0.0076 0.0216 0.0617 0.1762 0.5043 1.0000 1.0000 1.0000 0.0003 0.0010 0.0027 0.0078 0.0224 0.0639 0.1826 0.5218 1.0000 1.0000 1.0000 0.0003 0.0010 0.0029 0.0095 0.0221 0.0095 0.0029 0.0010 0.0003 1.0000 1.0000 1.0000 0.5218 0.1826 0.0639 0.0224 0.0078 0.0027 0.0010 0.0003 1.0000 1.0000 1.0000 0.5043 0.1762 0.0617 0.0216 0.0076 0.0026 0.0009 0.0003 1.0000 1.0000 1.0000 0.4882 0.1709 0.0598 0.0209 0.0073 0.0026 0.0009 0.0003 1.0000 1.0000 1.0000 0.4709 0.1645 0.0576 0.0201 0.0070 0.0025 0.0009 0.0003 1.0000 1.0000
1.0000 0.0008 0.0020 0.0059 0.0169 0.0483 0.1386 0.3968 1.0000 1.0000 1.0000 1.0000 0.0008 0.0022 0.0062 0.0176 0.0503 0.1440 0.4114 1.0000 1.0000 1.0000 1.0000 0.0008 0.0022 0.0064 0.0182 0.0520 0.1484 0.4241 1.0000 1.0000 1.0000 1.0000 0.0008 0.0023 0.0066 0.0189 0.0539 0.1539 0.4397 1.0000 1.0000 1.0000 1.0000 0.0008 0.0024 0.0068 0.0195 0.0647 0.1410 0.0647 0.0195 0.0068 0.0024 0.0008 1.0000 1.0000 1.0000 1.0000 0.4397 0.1539 0.0539 0.0189 0.0066 0.0023 0.0008 1.0000 1.0000 1.0000 1.0000 0.4241 0.1484 0.0520 0.0182 0.0064 0.0022 0.0008 1.0000 1.0000 1.0000 1.0000 0.4114 0.1440 0.0503 0.0176 0.0062 0.0022 0.0008 1.0000 1.0000 1.0000 1.0000 0.3968 0.1386 0.0483 0.0169 0.0059 0.0020 0.0008 1.0000
0.0003 0.0020 0.0054 0.0156 0.0446 0.1280 0.3671 1.0000 1.0000 1.0000 1.0000 0.0007 0.0020 0.0057 0.0163 0.0466 0.1335 0.3813 1.0000 1.0000 1.0000 1.0000 0.0007 0.0021 0.0059 0.0169 0.0482 0.1376 0.3931 1.0000 1.0000 1.0000 1.0000 0.0007 0.0021 0.0061 0.0175 0.0499 0.1426 0.4075 1.0000 1.0000 1.0000 1.0000 0.0008 0.0022 0.0063 0.0180 0.0517 0.1702 0.3671 0.1702 0.0517 0.0180 0.0063 0.0022 0.0008 1.0000 1.0000 1.0000 1.0000 0.4075 0.1426 0.0499 0.0175 0.0061 0.0021 0.0007 1.0000 1.0000 1.0000 1.0000 0.3931 0.1376 0.0482 0.0169 0.0059 0.0021 0.0007 1.0000 1.0000 1.0000 1.0000 0.3813 0.1335 0.0466 0.0163 0.0057 0.0020 0.0007 1.0000 1.0000 1.0000 1.0000 0.3671 0.1280 0.0446 0.0156 0.0054 0.0020 0.0003
0.0009 0.0059 0.0156 0.0456 0.1309 0.3770 1.0000 1.0000 1.0000 1.0000 0.0007 0.0021 0.0059 0.0170 0.0484 0.1381 0.3953 1.0000 1.0000 1.0000 1.0000 0.0008 0.0021 0.0061 0.0175 0.0500 0.1429 0.4083 1.0000 1.0000 1.0000 1.0000 0.0008 0.0022 0.0063 0.0181 0.0518 0.1482 0.4233 1.0000 1.0000 1.0000 1.0000 0.0008 0.0023 0.0065 0.0187 0.0533 0.1530 0.5024 1.0000 0.5024 0.1530 0.0533 0.0187 0.0065 0.0023 0.0008 1.0000 1.0000 1.0000 1.0000 0.4233 0.1482 0.0518 0.0181 0.0063 0.0022 0.0008 1.0000 1.0000 1.0000 1.0000 0.4083 0.1429 0.0500 0.0175 0.0061 0.0021 0.0008 1.0000 1.0000 1.0000 1.0000 0.3953 0.1381 0.0484 0.0170 0.0059 0.0021 0.0007 1.0000 1.0000 1.0000 1.0000 0.3770 0.1309 0.0456 0.0156 0.0059 0.0009
0.0025 0.0169 0.0446 0.1309 0.3784 1.0000 1.0000 1.0000 1.0000 0.0007 0.0021 0.0060 0.0173 0.0494 0.1413 0.4029 1.0000 1.0000 1.0000 1.0000 0.0008 0.0022 0.0063 0.0179 0.0511 0.1459 0.4169 1.0000 1.0000 1.0000 1.0000 0.0008 0.0023 0.0065 0.0185 0.0528 0.1510 0.4323 1.0000 1.0000 1.0000 1.0000 0.0008 0.0023 0.0067 0.0191 0.0547 0.1557 0.4465 1.0000 1.0000 1.0000 0.4465 0.1557 0.0547 0.0191 0.0067 0.0023 0.0008 1.0000 1.0000 1.0000 1.0000 0.4323 0.1510 0.0528 0.0185 0.0065 0.0023 0.0008 1.0000 1.0000 1.0000 1.0000 0.4169 0.1459 0.0511 0.0179 0.0063 0.0022 0.0008 1.0000 1.0000 1.0000 1.0000 0.4029 0.1413 0.0494 0.0173 0.0060 0.0021 0.0007 1.0000 1.0000 1.0000 1.0000 0.3784 0.1309 0.0446 0.0169 0.0025
0.0070 0.0483 0.1280 0.3770 1.0000 1.0000 1.0000 1.0000 0.0007 0.0021 0.0062 0.0176 0.0504 0.1443 0.4122 1.0000 1.0000 1.0000 1.0000 0.0008 0.0022 0.0064 0.0183 0.0523 0.1493 0.4266 1.0000 1.0000 1.0000 1.0000 0.0008 0.0023 0.0066 0.0189 0.0540 0.1545 0.4414 1.0000 1.0000 1.0000 1.0000 0.0008 0.0024 0.0068 0.0195 0.0559 0.1599 0.4550 1.0000 1.0000 1.0000 1.0000 1.0000 0.4550 0.1599 0.0559 0.0195 0.0068 0.0024 0.0008 1.0000 1.0000 1.0000 1.0000 0.4414 0.1545 0.0540 0.0189 0.0066 0.0023 0.0008 1.0000 1.0000 1.0000 1.0000 0.4266 0.1493 0.0523 0.0183 0.0064 0.0022 0.0008 1.0000 1.0000 1.0000 1.0000 0.4122 0.1443 0.0504 0.0176 0.0062 0.0021 0.0007 1.0000 1.0000 1.0000 1.0000 0.3770 0.1280 0.0483 0.0070
0.0201 0.1386 0.3671 1.0000 1.0000 1.0000 1.0000 0.0008 0.0022 0.0062 0.0179 0.0513 0.1470 0.4209 1.0000 1.0000 1.0000 1.0000 0.0008 0.0023 0.0065 0.0187 0.0535 0.1527 0.4364 1.0000 1.0000 1.0000 1.0000 0.0008 0.0024 0.0068 0.0193 0.0551 0.1578 0.4507 1.0000 1.0000 1.0000 1.0000 0.0009 0.0025 0.0070 0.0200 0.0570 0.1633 0.4673 1.0000 1.0000 1.0000 1.0000 1.0000 1.0000 1.0000 0.4673 0.1633 0.0570 0.0200 0.0070 0.0025 0.0009 1.0000 1.0000 1.0000 1.0000 0.4507 0.1578 0.0551 0.0193 0.0068 0.0024 0.0008 1.0000 1.0000 1.0000 1.0000 0.4364 0.1527 0.0535 0.0187 0.0065 0.0023 0.0008 1.0000 1.0000 1.0000 1.0000 0.4209 0.1470 0.0513 0.0179 0.0062 0.0022 0.0008 1.0000 1.0000 1.0000 1.0000 0.3671 0.1386 0.0201
0.0576 0.3968 1.0000 1.0000 1.0000 1.0000 0.0008 0.0022 0.0063 0.0181 0.0521 0.1493 0.4282 1.0000 1.0000 1.0000 1.0000 0.0008 0.0023 0.0067 0.0191 0.0547 0.1563 0.4465 1.0000 1.0000 1.0000 1.0000 0.0008 0.0024 0.0069 0.0197 0.0564 0.1611 0.4611 1.0000 1.0000 1.0000 1.0000 0.0009 0.0025 0.0072 0.0205 0.0585 0.1670 0.4772 1.0000 1.0000 1.0000 1.0000 1.0000 1.0000 1.0000 1.0000 1.0000 0.4772 0.1670 0.0585 0.0205 0.0072 0.0025 0.0009 1.0000 1.0000 1.0000 1.0000 0.4611 0.1611 0.0564 0.0197 0.0069 0.0024 0.0008 1.0000 1.0000 1.0000 1.0000 0.4465 0.1563 0.0547 0.0191 0.0067 0.0023 0.0008 1.0000 1.0000 1.0000 1.0000 0.4282 0.1493 0.0521 0.0181 0.0063 0.0022 0.0008 1.0000 1.0000 1.0000 1.0000 0.3968 0.0576
0.1645 1.0000 1.0000 1.0000 1.0000 0.0007 0.0022 0.0063 0.0182 0.0525 0.1510 0.4339 1.0000 1.0000 1.0000 1.0000 0.0008 0.0024 0.0068 0.0196 0.0560 0.1599 0.4568 1.0000 1.0000 1.0000 1.0000 0.0009 0.0025 0.0071 0.0202 0.0577 0.1645 0.4709 1.0000 1.0000 1.0000 1.0000 0.0009 0.0026 0.0073 0.0209 0.0598 0.1709 0.4873 1.0000 1.0000 1.0000 1.0000 0.0011 0.0023 0.0011 1.0000 1.0000 1.0000 1.0000 0.4873 0.1709 0.0598 0.0209 0.0073 0.0026 0.0009 1.0000 1.0000 1.0000 1.0000 0.4709 0.1645 0.0577 0.0202 0.0071 0.0025 0.0009 1.0000 1.0000 1.0000 1.0000 0.4568 0.1599 0.0560 0.0196 0.0068 0.0024 0.0008 1.0000 1.0000 1.0000 1.0000 0.4339 0.1510 0.0525 0.0182 0.0063 0.0022 0.0007 1.0000 1.0000 1.0000 1.0000 0.1645
0.4709 1.0000 1.0000 1.0000 0.0007 0.0021 0.0062 0.0181 0.0525 0.1516 0.4372 1.0000 1.0000 1.0000 1.0000 0.0009 0.0024 0.0070 0.0200 0.0571 0.1636 0.4673 1.0000 1.0000 1.0000 1.0000 0.0009 0.0025 0.0072 0.0207 0.0590 0.1686 0.4818 1.0000 1.0000 1.0000 1.0000 0.0009 0.0026 0.0075 0.0214 0.0612 0.1748 0.4995 1.0000 1.0000 1.0000 1.0000 0.0009 0.0031 0.0066 0.0031 0.0009 1.0000 1.0000 1.0000 1.0000 0.4995 0.1748 0.0612 0.0214 0.0075 0.0026 0.0009 1.0000 1.0000 1.0000 1.0000 0.4818 0.1686 0.0590 0.0207 0.0072 0.0025 0.0009 1.0000 1.0000 1.0000 1.0000 0.4673 0.1636 0.0571 0.0200 0.0070 0.0024 0.0009 1.0000 1.0000 1.0000 1.0000 0.4372 0.1516 0.0525 0.0181 0.0062 0.0021 0.0007 1.0000 1.0000 1.0000 0.4709
1.0000 1.0000 1.0000 0.0007 0.0021 0.0062 0.0179 0.0521 0.1510 0.4372 1.0000 1.0000 1.0000 1.0000 0.0009 0.0025 0.0071 0.0204 0.0583 0.1670 0.4772 1.0000 1.0000 1.0000 1.0000 0.0009 0.0026 0.0074 0.0211 0.0604 0.1725 0.4929 1.0000 1.0000 1.0000 1.0000 0.0009 0.0027 0.0077 0.0219 0.0626 0.1789 0.5110 1.0000 1.0000 1.0000 1.0000 0.0010 0.0028 0.0091 0.0194 0.0091 0.0028 0.0010 1.0000 1.0000 1.0000 1.0000 0.5110 0.1789 0.0626 0.0219 0.0077 0.0027 0.0009 1.0000 1.0000 1.0000 1.0000 0.4929 0.1725 0.0604 0.0211 0.0074 0.0026 0.0009 1.0000 1.0000 1.0000 1.0000 0.4772 0.1670 0.0583 0.0204 0.0071 0.0025 0.0009 1.0000 1.0000 1.0000 1.0000 0.4372 0.1510 0.0521 0.0179 0.0062 0.0021 0.0007 1.0000 1.0000 1.0000
1.0000 1.0000 0.0007 0.0021 0.0060 0.0176 0.0513 0.1493 0.4339 1.0000 1.0000 1.0000 1.0000 0.0009 0.0025 0.0072 0.0207 0.0595 0.1702 0.4873 1.0000 1.0000 1.0000 1.0000 0.0009 0.0026 0.0076 0.0216 0.0618 0.1765 0.5043 1.0000 1.0000 1.0000 1.0000 0.0010 0.0027 0.0078 0.0224 0.0640 0.1830 0.5228 1.0000 1.0000 1.0000 1.0000 0.0010 0.0028 0.0081 0.0266 0.0568 0.0266 0.0081 0.0028 0.0010 1.0000 1.0000 1.0000 1.0000 0.5228 0.1830 0.0640 0.0224 0.0078 0.0027 0.0010 1.0000 1.0000 1.0000 1.0000 0.5043 0.1765 0.0618 0.0216 0.0076 0.0026 0.0009 1.0000 1.0000 1.0000 1.0000 0.4873 0.1702 0.0595 0.0207 0.0072 0.0025 0.0009 1.0000 1.0000 1.0000 1.0000 0.4339 0.1493 0.0513 0.0176 0.0060 0.0021 0.0007 1.0000 1.0000
1.0000 0.0008 0.0020 0.0059 0.0173 0.0504 0.1470 0.4282 1.0000 1.0000 1.0000 1.0000 0.0009 0.0025 0.0073 0.0210 0.0604 0.1732 0.4967 1.0000 1.0000 1.0000 1.0000 0.0009 0.0027 0.0077 0.0221 0.0632 0.1806 0.5159 1.0000 1.0000 1.0000 1.0000 0.0010 0.0028 0.0080 0.0229 0.0655 0.1872 0.5349 1.0000 1.0000 1.0000 1.0000 0.0010 0.0029 0.0083 0.0237 0.0776 0.1661 0.0776 0.0237 0.0083 0.0029 0.0010 1.0000 1.0000 1.0000 1.0000 0.5349 0.1872 0.0655 0.0229 0.0080 0.0028 0.0010 1.0000 1.0000 1.0000 1.0000 0.5159 0.1806 0.0632 0.0221 0.0077 0.0027 0.0009 1.0000 1.0000 1.0000 1.0000 0.4967 0.1732 0.0604 0.0210 0.0073 0.0025 0.0009 1.0000 1.0000 1.0000 1.0000 0.4282 0.1470 0.0504 0.0173 0.0059 0.0020 0.0008 1.0000
0.0003 0.0022 0.0057 0.0170 0.0494 0.1443 0.4209 1.0000 1.0000 1.0000 1.0000 0.0009 0.0025 0.0073 0.0211 0.0610 0.1755 0.5043 1.0000 1.0000 1.0000 1.0000 0.0010 0.0028 0.0079 0.0226 0.0647 0.1847 0.5278 1.0000 1.0000 1.0000 1.0000 0.0010 0.0029 0.0082 0.0234 0.0670 0.1915 0.5472 1.0000 1.0000 1.0000 1.0000 0.0010 0.0030 0.0085 0.0241 0.0692 0.2269 0.4854 0.2269 0.0692 0.0241 0.0085 0.0030 0.0010 1.0000 1.0000 1.0000 1.0000 0.5472 0.1915 0.0670 0.0234 0.0082 0.0029 0.0010 1.0000 1.0000 1.0000 1.0000 0.5278 0.1847 0.0647 0.0226 0.0079 0.0028 0.0010 1.0000 1.0000 1.0000 1.0000 0.5043 0.1755 0.0610 0.0211 0.0073 0.0025 0.0009 1.0000 1.0000 1.0000 1.0000 0.4209 0.1443 0.0494 0.0170 0.0057 0.0022 0.0003
0.0009 0.0062 0.0163 0.0484 0.1413 0.4122 1.0000 1.0000 1.0000 1.0000 0.0009 0.0025 0.0073 0.0211 0.0612 0.1765 0.5091 1.0000 1.0000 1.0000 1.0000 0.0010 0.0028 0.0081 0.0231 0.0662 0.1890 0.5400 1.0000 1.0000 1.0000 1.0000 0.0010 0.0029 0.0084 0.0239 0.0685 0.1960 0.5599 1.0000 1.0000 1.0000 1.0000 0.0011 0.0030 0.0087 0.0248 0.0706 0.2024 0.6631 1.0000 0.6631 0.2024 0.0706 0.0248 0.0087 0.0030 0.0011 1.0000 1.0000 1.0000 1.0000 0.5599 0.1960 0.0685 0.0239 0.0084 0.0029 0.0010 1.0000 1.0000 1.0000 1.0000 0.5400 0.1890 0.0662 0.0231 0.0081 0.0028 0.0010 1.0000 1.0000 1.0000 1.0000 0.5091 0.1765 0.0612 0.0211 0.0073 0.0025 0.0009 1.0000 1.0000 1.0000 1.0000 0.4122 0.1413 0.0484 0.0163 0.0062 0.0009
0.0026 0.0176 0.0466 0.1381 0.4029 1.0000 1.0000 1.0000 1.0000 0.0009 0.0025 0.0072 0.0210 0.0610 0.1765 0.5110 1.0000 1.0000 1.0000 1.0000 0.0010 0.0029 0.0082 0.0236 0.0676 0.1930 0.5525 1.0000 1.0000 1.0000 1.0000 0.0010 0.0030 0.0085 0.0245 0.0700 0.2001 0.5728 1.0000 1.0000 1.0000 1.0000 0.0011 0.0031 0.0089 0.0253 0.0725 0.2063 0.5916 1.0000 1.0000 1.0000 0.5916 0.2063 0.0725 0.0253 0.0089 0.0031 0.0011 1.0000 1.0000 1.0000 1.0000 0.5728 0.2001 0.0700 0.0245 0.0085 0.0030 0.0010 1.0000 1.0000 1.0000 1.0000 0.5525 0.1930 0.0676 0.0236 0.0082 0.0029 0.0010 1.0000 1.0000 1.0000 1.0000 0.5110 0.1765 0.0610 0.0210 0.0072 0.0025 0.0009 1.0000 1.0000 1.0000 1.0000 0.4029 0.1381 0.0466 0.0176 0.0026
0.0073 0.0503 0.1335 0.3953 1.0000 1.0000 1.0000 1.0000 0.0008 0.0024 0.0071 0.0207 0.0604 0.1755 0.5091 1.0000 1.0000 1.0000 1.0000 0.0010 0.0029 0.0084 0.0241 0.0688 0.1971 0.5641 1.0000 1.0000 1.0000 1.0000 0.0011 0.0031 0.0087 0.0250 0.0715 0.2043 0.5849 1.0000 1.0000 1.0000 1.0000 0.0011 0.0032 0.0091 0.0259 0.0740 0.2119 0.6030 1.0000 1.0000 1.0000 1.0000 1.0000 0.6030 0.2119 0.0740 0.0259 0.0091 0.0032 0.0011 1.0000 1.0000 1.0000 1.0000 0.5849 0.2043 0.0715 0.0250 0.0087 0.0031 0.0011 1.0000 1.0000 1.0000 1.0000 0.5641 0.1971 0.0688 0.0241 0.0084 0.0029 0.0010 1.0000 1.0000 1.0000 1.0000 0.5091 0.1755 0.0604 0.0207 0.0071 0.0024 0.0008 1.0000 1.0000 1.0000 1.0000 0.3953 0.1335 0.0503 0.0073
0.0209 0.1440 0.3813 1.0000 1.0000 1.0000 1.0000 0.0008 0.0024 0.0070 0.0204 0.0595 0.1732 0.5043 1.0000 1.0000 1.0000 1.0000 0.0010 0.0030 0.0085 0.0244 0.0700 0.2009 0.5750 1.0000 1.0000 1.0000 1.0000 0.0011 0.0031 0.0089 0.0256 0.0730 0.2090 0.5984 1.0000 1.0000 1.0000 1.0000 0.0011 0.0032 0.0093 0.0265 0.0757 0.2163 0.6192 1.0000 1.0000 1.0000 1.0000 1.0000 1.0000 1.0000 0.6192 0.2163 0.0757 0.0265 0.0093 0.0032 0.0011 1.0000 1.0000 1.0000 1.0000 0.5984 0.2090 0.0730 0.0255 0.0089 0.0031 0.0011 1.0000 1.0000 1.0000 1.0000 0.5750 0.2009 0.0700 0.0244 0.0085 0.0030 0.0010 1.0000 1.0000 1.0000 1.0000 0.5043 0.1732 0.0595 0.0204 0.0070 0.0024 0.0008 1.0000 1.0000 1.0000 1.0000 0.3813 0.1440 0.0209
0.0598 0.4114 1.0000 1.0000 1.0000 1.0000 0.0008 0.0023 0.0068 0.0200 0.0583 0.1702 0.4967 1.0000 1.0000 1.0000 1.0000 0.0010 0.0030 0.0085 0.0247 0.0710 0.2039 0.5849 1.0000 1.0000 1.0000 1.0000 0.0011 0.0032 0.0092 0.0262 0.0746 0.2135 0.6111 1.0000 1.0000 1.0000 1.0000 0.0012 0.0033 0.0095 0.0271 0.0775 0.2209 0.6323 1.0000 1.0000 1.0000 1.0000 0.0010 1.0000 1.0000 1.0000 1.0000 0.6323 0.2209 0.0775 0.0271 0.0095 0.0033 0.0012 1.0000 1.0000 1.0000 1.0000 0.6111 0.2135 0.0747 0.0262 0.0092 0.0032 0.0011 1.0000 1.0000 1.0000 1.0000 0.5849 0.2039 0.0710 0.0247 0.0085 0.0030 0.0010 1.0000 1.0000 1.0000 1.0000 0.4967 0.1702 0.0583 0.0200 0.0068 0.0023 0.0008 1.0000 1.0000 1.0000 1.0000 0.4114 0.0598
0.1709 1.0000 1.0000 1.0000 1.0000 0.0008 0.0023 0.0067 0.0196 0.0571 0.1670 0.4873 1.0000 1.0000 1.0000 1.0000 0.0010 0.0030 0.0085 0.0247 0.0714 0.2059 0.5927 1.0000 1.0000 1.0000 1.0000 0.0011 0.0033 0.0093 0.0268 0.0764 0.2184 0.6240 1.0000 1.0000 1.0000 1.0000 0.0012 0.0034 0.0097 0.0277 0.0793 0.2264 0.6469 1.0000 1.0000 1.0000 1.0000 0.0014 0.0030 0.0014 1.0000 1.0000 1.0000 1.0000 0.6469 0.2264 0.0793 0.0277 0.0097 0.0034 0.0012 1.0000 1.0000 1.0000 1.0000 0.6240 0.2180 0.0764 0.0268 0.0093 0.0033 0.0011 1.0000 1.0000 1.0000 1.0000 0.5927 0.2059 0.0714 0.0247 0.0085 0.0030 0.0010 1.0000 1.0000 1.0000 1.0000 0.4873 0.1670 0.0571 0.0196 0.0067 0.0023 0.0008 1.0000 1.0000 1.0000 1.0000 0.1709
0.4882 1.0000 1.0000 1.0000 0.0008 0.0022 0.0065 0.0191 0.0560 0.1636 0.4772 1.0000 1.0000 1.0000 1.0000 0.0010 0.0029 0.0085 0.0247 0.0714 0.2067 0.5961 1.0000 1.0000 1.0000 1.0000 0.0012 0.0033 0.0095 0.0273 0.0781 0.2234 0.6372 1.0000 1.0000 1.0000 1.0000 0.0012 0.0035 0.0099 0.0284 0.0811 0.2317 0.6619 1.0000 1.0000 1.0000 1.0000 0.0013 0.0041 0.0088 0.0041 0.0013 1.0000 1.0000 1.0000 1.0000 0.6619 0.2317 0.0811 0.0284 0.0099 0.0035 0.0012 1.0000 1.0000 1.0000 1.0000 0.6372 0.2234 0.0781 0.0273 0.0095 0.0033 0.0012 1.0000 1.0000 1.0000 1.0000 0.5961 0.2067 0.0714 0.0247 0.0085 0.0029 0.0010 1.0000 1.0000 1.0000 1.0000 0.4772 0.1636 0.0560 0.0191 0.0065 0.0022 0.0008 1.0000 1.0000 1.0000 0.4882
1.0000 1.0000 1.0000 0.0008 0.0022 0.0064 0.0187 0.0547 0.1599 0.4673 1.0000 1.0000 1.0000 1.0000 0.0010 0.0029 0.0084 0.0244 0.0710 0.2059 0.5961 1.0000 1.0000 1.0000 1.0000 0.0012 0.0034 0.0097 0.0278 0.0797 0.2282 0.6519 1.0000 1.0000 1.0000 1.0000 0.0012 0.0036 0.0102 0.0290 0.0830 0.2370 0.6771 1.0000 1.0000 1.0000 1.0000 0.0013 0.0037 0.0120 0.0258 0.0120 0.0037 0.0013 1.0000 1.0000 1.0000 1.0000 0.6771 0.2370 0.0830 0.0290 0.0102 0.0036 0.0012 1.0000 1.0000 1.0000 1.0000 0.6519 0.2282 0.0797 0.0278 0.0097 0.0034 0.0012 1.0000 1.0000 1.0000 1.0000 0.5961 0.2059 0.0710 0.0244 0.0084 0.0029 0.0010 1.0000 1.0000 1.0000 1.0000 0.4673 0.1599 0.0547 0.0187 0.0064 0.0022 0.0008 1.0000 1.0000 1.0000
1.0000 1.0000 0.0007 0.0021 0.0063 0.0183 0.0535 0.1563 0.4568 1.0000 1.0000 1.0000 1.0000 0.0010 0.0028 0.0082 0.0241 0.0700 0.2039 0.5927 1.0000 1.0000 1.0000 1.0000 0.0012 0.0034 0.0099 0.0283 0.0812 0.2325 0.6657 1.0000 1.0000 1.0000 1.0000 0.0013 0.0036 0.0104 0.0297 0.0849 0.2425 0.6928 1.0000 1.0000 1.0000 1.0000 0.0013 0.0037 0.0107 0.0352 0.0753 0.0352 0.0107 0.0037 0.0013 1.0000 1.0000 1.0000 1.0000 0.6928 0.2425 0.0849 0.0297 0.0104 0.0036 0.0013 1.0000 1.0000 1.0000 1.0000 0.6657 0.2325 0.0812 0.0283 0.0099 0.0034 0.0012 1.0000 1.0000 1.0000 1.0000 0.5927 0.2039 0.0700 0.0241 0.0082 0.0028 0.0010 1.0000 1.0000 1.0000 1.0000 0.4568 0.1563 0.0535 0.0183 0.0063 0.0021 0.0007 1.0000 1.0000
1.0000 0.0008 0.0021 0.0061 0.0179 0.0523 0.1527 0.4465 1.0000 1.0000 1.0000 1.0000 0.0009 0.0028 0.0081 0.0236 0.0688 0.2009 0.5849 1.0000 1.0000 1.0000 1.0000 0.0012 0.0035 0.0100 0.0287 0.0825 0.2366 0.6784 1.0000 1.0000 1.0000 1.0000 0.0013 0.0037 0.0106 0.0304 0.0868 0.2481 0.7088 1.0000 1.0000 1.0000 1.0000 0.0013 0.0038 0.0109 0.0314 0.1028 0.2201 0.1028 0.0314 0.0109 0.0038 0.0013 1.0000 1.0000 1.0000 1.0000 0.7088 0.2481 0.0868 0.0304 0.0106 0.0037 0.0013 1.0000 1.0000 1.0000 1.0000 0.6784 0.2366 0.0825 0.0287 0.0100 0.0035 0.0012 1.0000 1.0000 1.0000 1.0000 0.5849 0.2009 0.0688 0.0236 0.0081 0.0028 0.0009 1.0000 1.0000 1.0000 1.0000 0.4465 0.1527 0.0523 0.0179 0.0061 0.0021 0.0008 1.0000
0.0003 0.0022 0.0059 0.0175 0.0511 0.1493 0.4364 1.0000 1.0000 1.0000 1.0000 0.0009 0.0027 0.0079 0.0231 0.0676 0.1971 0.5750 1.0000 1.0000 1.0000 1.0000 0.0012 0.0035 0.0100 0.0289 0.0833 0.2397 0.6888 1.0000 1.0000 1.0000 1.0000 0.0013 0.0038 0.0108 0.0310 0.0887 0.2538 0.7251 1.0000 1.0000 1.0000 1.0000 0.0014 0.0039 0.0112 0.0320 0.0918 0.3006 0.6433 0.3006 0.0918 0.0320 0.0112 0.0039 0.0014 1.0000 1.0000 1.0000 1.0000 0.7251 0.2538 0.0887 0.0310 0.0108 0.0038 0.0013 1.0000 1.0000 1.0000 1.0000 0.6888 0.2397 0.0833 0.0289 0.0100 0.0035 0.0012 1.0000 1.0000 1.0000 1.0000 0.5750 0.1971 0.0676 0.0231 0.0079 0.0027 0.0009 1.0000 1.0000 1.0000 1.0000 0.4364 0.1493 0.0511 0.0175 0.0059 0.0022 0.0003
0.0009 0.0064 0.0169 0.0500 0.1459 0.4266 1.0000 1.0000 1.0000 1.0000 0.0009 0.0026 0.0077 0.0226 0.0662 0.1930 0.5641 1.0000 1.0000 1.0000 1.0000 0.0012 0.0034 0.0100 0.0289 0.0836 0.2411 0.6954 1.0000 1.0000 1.0000 1.0000 0.0013 0.0039 0.0110 0.0316 0.0905 0.2592 0.7405 1.0000 1.0000 1.0000 1.0000 0.0014 0.0040 0.0115 0.0329 0.0935 0.2682 0.8787 1.0000 0.8787 0.2682 0.0935 0.0329 0.0115 0.0040 0.0014 1.0000 1.0000 1.0000 1.0000 0.7405 0.2592 0.0905 0.0316 0.0110 0.0039 0.0013 1.0000 1.0000 1.0000 1.0000 0.6954 0.2411 0.0836 0.0289 0.0100 0.0034 0.0012 1.0000 1.0000 1.0000 1.0000 0.5641 0.1930 0.0662 0.0226 0.0077 0.0026 0.0009 1.0000 1.0000 1.0000 1.0000 0.4266 0.1459 0.0500 0.0169 0.0064 0.0009
0.0026 0.0182 0.0482 0.1429 0.4169 1.0000 1.0000 1.0000 1.0000 0.0009 0.0026 0.0076 0.0221 0.0647 0.1890 0.5525 1.0000 1.0000 1.0000 1.0000 0.0012 0.0034 0.0099 0.0287 0.0833 0.2411 0.6981 1.0000 1.0000 1.0000 1.0000 0.0014 0.0039 0.0113 0.0322 0.0923 0.2641 0.7561 1.0000 1.0000 1.0000 1.0000 0.0014 0.0041 0.0117 0.0335 0.0960 0.2733 0.7839 1.0000 1.0000 1.0000 0.7839 0.2733 0.0960 0.0335 0.0117 0.0041 0.0014 1.0000 1.0000 1.0000 1.0000 0.7561 0.2641 0.0923 0.0322 0.0113 0.0039 0.0014 1.0000 1.0000 1.0000 1.0000 0.6981 0.2411 0.0833 0.0287 0.0099 0.0034 0.0012 1.0000 1.0000 1.0000 1.0000 0.5525 0.1890 0.0647 0.0221 0.0076 0.0026 0.0009 1.0000 1.0000 1.0000 1.0000 0.4169 0.1429 0.0482 0.0182 0.0026
0.0076 0.0520 0.1376 0.4083 1.0000 1.0000 1.0000 1.0000 0.0009 0.0025 0.0074 0.0216 0.0632 0.1847 0.5400 1.0000 1.0000 1.0000 1.0000 0.0011 0.0033 0.0097 0.0283 0.0825 0.2397 0.6954 1.0000 1.0000 1.0000 1.0000 0.0014 0.0040 0.0115 0.0329 0.0940 0.2692 0.7706 1.0000 1.0000 1.0000 1.0000 0.0015 0.0042 0.0120 0.0343 0.0981 0.2807 0.7990 1.0000 1.0000 1.0000 1.0000 1.0000 0.7990 0.2807 0.0981 0.0343 0.0120 0.0042 0.0015 1.0000 1.0000 1.0000 1.0000 0.7706 0.2692 0.0940 0.0329 0.0115 0.0040 0.0014 1.0000 1.0000 1.0000 1.0000 0.6954 0.2397 0.0825 0.0283 0.0097 0.0033 0.0011 1.0000 1.0000 1.0000 1.0000 0.5400 0.1847 0.0632 0.0216 0.0074 0.0025 0.0009 1.0000 1.0000 1.0000 1.0000 0.4083 0.1376 0.0520 0.0076
0.0216 0.1484 0.3931 1.0000 1.0000 1.0000 1.0000 0.0008 0.0025 0.0072 0.0211 0.0618 0.1806 0.5278 1.0000 1.0000 1.0000 1.0000 0.0011 0.0033 0.0095 0.0278 0.0812 0.2366 0.6888 1.0000 1.0000 1.0000 1.0000 0.0014 0.0040 0.0116 0.0334 0.0957 0.2744 0.7854 1.0000 1.0000 1.0000 1.0000 0.0015 0.0043 0.0123 0.0351 0.1001 0.2867 0.8205 1.0000 1.0000 1.0000 1.0000 1.0000 1.0000 1.0000 0.8205 0.2867 0.1001 0.0351 0.0123 0.0043 0.0015 1.0000 1.0000 1.0000 1.0000 0.7854 0.2744 0.0957 0.0334 0.0116 0.0040 0.0014 1.0000 1.0000 1.0000 1.0000 0.6888 0.2366 0.0812 0.0278 0.0095 0.0033 0.0011 1.0000 1.0000 1.0000 1.0000 0.5278 0.1806 0.0618 0.0211 0.0072 0.0025 0.0008 1.0000 1.0000 1.0000 1.0000 0.3931 0.1484 0.0216
0.0617 0.4241 1.0000 1.0000 1.0000 1.0000 0.0008 0.0024 0.0071 0.0207 0.0604 0.1765 0.5159 1.0000 1.0000 1.0000 1.0000 0.0011 0.0032 0.0093 0.0273 0.0797 0.2325 0.6784 1.0000 1.0000 1.0000 1.0000 0.0014 0.0040 0.0117 0.0337 0.0970 0.2786 0.7990 1.0000 1.0000 1.0000 1.0000 0.0015 0.0044 0.0126 0.0359 0.1026 0.2927 0.8379 1.0000 1.0000 1.0000 1.0000 0.0014 1.0000 1.0000 1.0000 1.0000 0.8379 0.2927 0.1026 0.0359 0.0126 0.0044 0.0015 1.0000 1.0000 1.0000 1.0000 0.7990 0.2786 0.0970 0.0337 0.0117 0.0040 0.0014 1.0000 1.0000 1.0000 1.0000 0.6784 0.2325 0.0797 0.0273 0.0093 0.0032 0.0011 1.0000 1.0000 1.0000 1.0000 0.5159 0.1765 0.0604 0.0207 0.0071 0.0024 0.0008 1.0000 1.0000 1.0000 1.0000 0.4241 0.0617
0.1762 1.0000 1.0000 1.0000 1.0000 0.0008 0.0024 0.0069 0.0202 0.0590 0.1725 0.5043 1.0000 1.0000 1.0000 1.0000 0.0011 0.0031 0.0092 0.0268 0.0781 0.2282 0.6657 1.0000 1.0000 1.0000 1.0000 0.0014 0.0040 0.0117 0.0338 0.0975 0.2813 0.8097 1.0000 1.0000 1.0000 1.0000 0.0016 0.0045 0.0128 0.0366 0.1048 0.2995 0.8572 1.0000 1.0000 1.0000 1.0000 0.0019 0.0040 0.0019 1.0000 1.0000 1.0000 1.0000 0.8572 0.2995 0.1048 0.0366 0.0128 0.0045 0.0016 1.0000 1.0000 1.0000 1.0000 0.8097 0.2813 0.0975 0.0338 0.0117 0.0040 0.0014 1.0000 1.0000 1.0000 1.0000 0.6657 0.2282 0.0781 0.0268 0.0092 0.0031 0.0011 1.0000 1.0000 1.0000 1.0000 0.5043 0.1725 0.0590 0.0202 0.0069 0.0024 0.0008 1.0000 1.0000 1.0000 1.0000 0.1762
0.5043 1.0000 1.0000 1.0000 0.0008 0.0023 0.0068 0.0197 0.0577 0.1686 0.4929 1.0000 1.0000 1.0000 1.0000 0.0010 0.0031 0.0089 0.0262 0.0764 0.2234 0.6519 1.0000 1.0000 1.0000 1.0000 0.0014 0.0040 0.0116 0.0337 0.0975 0.2823 0.8143 1.0000 1.0000 1.0000 1.0000 0.0016 0.0046 0.0130 0.0373 0.1068 0.3058 0.8754 1.0000 1.0000 1.0000 1.0000 0.0017 0.0055 0.0117 0.0055 0.0017 1.0000 1.0000 1.0000 1.0000 0.8754 0.3058 0.1068 0.0373 0.0130 0.0046 0.0016 1.0000 1.0000 1.0000 1.0000 0.8143 0.2823 0.0975 0.0337 0.0116 0.0040 0.0014 1.0000 1.0000 1.0000 1.0000 0.6519 0.2234 0.0764 0.0262 0.0089 0.0031 0.0010 1.0000 1.0000 1.0000 1.0000 0.4929 0.1686 0.0577 0.0197 0.0068 0.0023 0.0008 1.0000 1.0000 1.0000 0.5043
1.0000 1.0000 1.0000 0.0008 0.0023 0.0066 0.0193 0.0564 0.1645 0.4818 1.0000 1.0000 1.0000 1.0000 0.0010 0.0030 0.0087 0.0256 0.0746 0.2180 0.6372 1.0000 1.0000 1.0000 1.0000 0.0013 0.0039 0.0115 0.0334 0.0970 0.2813 0.8143 1.0000 1.0000 1.0000 1.0000 0.0016 0.0046 0.0133 0.0380 0.1089 0.3117 0.8922 1.0000 1.0000 1.0000 1.0000 0.0017 0.0049 0.0159 0.0341 0.0159 0.0049 0.0017 1.0000 1.0000 1.0000 1.0000 0.8922 0.3117 0.1089 0.0380 0.0133 0.0046 0.0016 1.0000 1.0000 1.0000 1.0000 0.8143 0.2813 0.0970 0.0334 0.0115 0.0039 0.0013 1.0000 1.0000 1.0000 1.0000 0.6372 0.2180 0.0747 0.0255 0.0087 0.0030 0.0010 1.0000 1.0000 1.0000 1.0000 0.4818 0.1645 0.0564 0.0193 0.0066 0.0023 0.0008 1.0000 1.0000 1.0000
1.0000 1.0000 0.0007 0.0022 0.0065 0.0189 0.0551 0.1611 0.4709 1.0000 1.0000 1.0000 1.0000 0.0010 0.0029 0.0085 0.0250 0.0730 0.2135 0.6240 1.0000 1.0000 1.0000 1.0000 0.0013 0.0039 0.0113 0.0329 0.0957 0.2786 0.8097 1.0000 1.0000 1.0000 1.0000 0.0016 0.0047 0.0135 0.0387 0.1110 0.3177 0.9093 1.0000 1.0000 1.0000 1.0000 0.0017 0.0050 0.0142 0.0466 0.0999 0.0466 0.0142 0.0050 0.0017 1.0000 1.0000 1.0000 1.0000 0.9093 0.3177 0.1110 0.0387 0.0135 0.0047 0.0016 1.0000 1.0000 1.0000 1.0000 0.8097 0.2786 0.0957 0.0329 0.0113 0.0039 0.0013 1.0000 1.0000 1.0000 1.0000 0.6240 0.2135 0.0730 0.0250 0.0085 0.0029 0.0010 1.0000 1.0000 1.0000 1.0000 0.4709 0.1611 0.0551 0.0189 0.0065 0.0022 0.0007 1.0000 1.0000
1.0000 0.0008 0.0021 0.0063 0.0185 0.0540 0.1578 0.4611 1.0000 1.0000 1.0000 1.0000 0.0010 0.0029 0.0084 0.0245 0.0715 0.2090 0.6111 1.0000 1.0000 1.0000 1.0000 0.0013 0.0038 0.0110 0.0322 0.0940 0.2744 0.7990 1.0000 1.0000 1.0000 1.0000 0.0016 0.0047 0.0136 0.0392 0.1127 0.3231 0.9267 1.0000 1.0000 1.0000 1.0000 0.0018 0.0051 0.0145 0.0416 0.1363 0.2916 0.1363 0.0416 0.0145 0.0051 0.0018 1.0000 1.0000 1.0000 1.0000 0.9267 0.3231 0.1127 0.0392 0.0136 0.0047 0.0016 1.0000 1.0000 1.0000 1.0000 0.7990 0.2744 0.0940 0.0322 0.0110 0.0038 0.0013 1.0000 1.0000 1.0000 1.0000 0.6111 0.2090 0.0715 0.0245 0.0084 0.0029 0.0010 1.0000 1.0000 1.0000 1.0000 0.4611 0.1578 0.0540 0.0185 0.0063 0.0021 0.0008 1.0000
0.0003 0.0023 0.0061 0.0181 0.0528 0.1545 0.4507 1.0000 1.0000 1.0000 1.0000 0.0010 0.0028 0.0082 0.0239 0.0700 0.2043 0.5984 1.0000 1.0000 1.0000 1.0000 0.0013 0.0037 0.0108 0.0316 0.0923 0.2692 0.7854 1.0000 1.0000 1.0000 1.0000 0.0016 0.0047 0.0137 0.0394 0.1137 0.3275 0.9410 1.0000 1.0000 1.0000 1.0000 0.0018 0.0052 0.0148 0.0422 0.1213 0.3976 0.8507 0.3976 0.1213 0.0422 0.0148 0.0052 0.0018 1.0000 1.0000 1.0000 1.0000 0.9410 0.3275 0.1137 0.0394 0.0137 0.0047 0.0016 1.0000 1.0000 1.0000 1.0000 0.7854 0.2692 0.0923 0.0316 0.0108 0.0037 0.0013 1.0000 1.0000 1.0000 1.0000 0.5984 0.2043 0.0700 0.0239 0.0082 0.0028 0.0010 1.0000 1.0000 1.0000 1.0000 0.4507 0.1545 0.0528 0.0181 0.0061 0.0023 0.0003
0.0010 0.0066 0.0175 0.0518 0.1510 0.4414 1.0000 1.0000 1.0000 1.0000 0.0009 0.0027 0.0080 0.0234 0.0685 0.2001 0.5849 1.0000 1.0000 1.0000 1.0000 0.0012 0.0036 0.0106 0.0310 0.0905 0.2641 0.7706 1.0000 1.0000 1.0000 1.0000 0.0016 0.0047 0.0136 0.0394 0.1142 0.3293 0.9499 1.0000 1.0000 1.0000 0.0006 0.0018 0.0053 0.0151 0.0432 0.1232 0.3540 1.0000 1.0000 1.0000 0.3540 0.1232 0.0432 0.0151 0.0053 0.0018 0.0006 1.0000 1.0000 1.0000 0.9499 0.3293 0.1142 0.0394 0.0136 0.0047 0.0016 1.0000 1.0000 1.0000 1.0000 0.7706 0.2641 0.0905 0.0310 0.0106 0.0036 0.0012 1.0000 1.0000 1.0000 1.0000 0.5849 0.2001 0.0685 0.0234 0.0080 0.0027 0.0009 1.0000 1.0000 1.0000 1.0000 0.4414 0.1510 0.0518 0.0175 0.0066 0.0010
0.0027 0.0189 0.0499 0.1482 0.4323 1.0000 1.0000 1.0000 1.0000 0.0009 0.0027 0.0078 0.0229 0.0670 0.1960 0.5728 1.0000 1.0000 1.0000 1.0000 0.0012 0.0036 0.0104 0.0304 0.0887 0.2592 0.7561 1.0000 1.0000 1.0000 1.0000 0.0016 0.0046 0.0135 0.0392 0.1137 0.3293 0.9536 1.0000 1.0000 1.0000 0.0007 0.0019 0.0054 0.0154 0.0440 0.1261 0.3595 1.0000 1.0000 1.0000 1.0000 1.0000 0.3595 0.1261 0.0440 0.0154 0.0054 0.0019 0.0007 1.0000 1.0000 1.0000 0.9536 0.3293 0.1137 0.0392 0.0135 0.0046 0.0016 1.0000 1.0000 1.0000 1.0000 0.7561 0.2592 0.0887 0.0304 0.0104 0.0036 0.0012 1.0000 1.0000 1.0000 1.0000 0.5728 0.1960 0.0670 0.0229 0.0078 0.0027 0.0009 1.0000 1.0000 1.0000 1.0000 0.4323 0.1482 0.0499 0.0189 0.0027
0.0078 0.0539 0.1426 0.4233 1.0000 1.0000 1.0000 1.0000 0.0009 0.0026 0.0077 0.0224 0.0655 0.1915 0.5599 1.0000 1.0000 1.0000 1.0000 0.0012 0.0035 0.0102 0.0297 0.0868 0.2538 0.7405 1.0000 1.0000 1.0000 1.0000 0.0016 0.0046 0.0133 0.0387 0.1127 0.3275 0.9499 1.0000 1.0000 1.0000 0.0007 0.0019 0.0055 0.0156 0.0449 0.1285 0.3678 1.0000 1.0000 1.0000 1.0000 1.0000 1.0000 1.0000 0.3678 0.1285 0.0449 0.0156 0.0055 0.0019 0.0007 1.0000 1.0000 1.0000 0.9499 0.3275 0.1127 0.0387 0.0133 0.0046 0.0016 1.0000 1.0000 1.0000 1.0000 0.7405 0.2538 0.0868 0.0297 0.0102 0.0035 0.0012 1.0000 1.0000 1.0000 1.0000 0.5599 0.1915 0.0655 0.0224 0.0077 0.0026 0.0009 1.0000 1.0000 1.0000 1.0000 0.4233 0.1426 0.0539 0.0078
0.0224 0.1539 0.4075 1.0000 1.0000 1.0000 1.0000 0.0009 0.0026 0.0075 0.0219 0.0640 0.1872 0.5472 1.0000 1.0000 1.0000 1.0000 0.0012 0.0034 0.0099 0.0290 0.0849 0.2481 0.7251 1.0000 1.0000 1.0000 1.0000 0.0015 0.0045 0.0130 0.0380 0.1110 0.3231 0.9410 1.0000 1.0000 1.0000 0.0007 0.0019 0.0055 0.0159 0.0456 0.1307 0.3748 1.0000 1.0000 1.0000 1.0000 1.0000 1.0000 1.0000 1.0000 1.0000 0.3748 0.1307 0.0456 0.0159 0.0055 0.0019 0.0007 1.0000 1.0000 1.0000 0.9410 0.3231 0.1110 0.0380 0.0130 0.0045 0.0015 1.0000 1.0000 1.0000 1.0000 0.7251 0.2481 0.0849 0.0290 0.0099 0.0034 0.0012 1.0000 1.0000 1.0000 1.0000 0.5472 0.1872 0.0640 0.0219 0.0075 0.0026 0.0009 1.0000 1.0000 1.0000 1.0000 0.4075 0.1539 0.0224
0.0639 0.4397 1.0000 1.0000 1.0000 1.0000 0.0009 0.0025 0.0073 0.0214 0.0626 0.1830 0.5349 1.0000 1.0000 1.0000 1.0000 0.0011 0.0033 0.0097 0.0284 0.0830 0.2425 0.7088 1.0000 1.0000 1.0000 1.0000 0.0015 0.0044 0.0128 0.0373 0.1089 0.3177 0.9267 1.0000 1.0000 1.0000 0.0007 0.0019 0.0055 0.0159 0.0460 0.1324 0.3806 1.0000 1.0000 1.0000 1.0000 0.0008 0.0018 0.0008 1.0000 1.0000 1.0000 1.0000 0.3806 0.1324 0.0460 0.0159 0.0055 0.0019 0.0007 1.0000 1.0000 1.0000 0.9267 0.3177 0.1089 0.0373 0.0128 0.0044 0.0015 1.0000 1.0000 1.0000 1.0000 0.7088 0.2425 0.0830 0.0284 0.0097 0.0033 0.0011 1.0000 1.0000 1.0000 1.0000 0.5349 0.1830 0.0626 0.0214 0.0073 0.0025 0.0009 1.0000 1.0000 1.0000 1.0000 0.4397 0.0639
0.1826 1.0000 1.0000 1.0000 1.0000 0.0008 0.0025 0.0072 0.0209 0.0612 0.1789 0.5228 1.0000 1.0000 1.0000 1.0000 0.0011 0.0032 0.0095 0.0277 0.0811 0.2370 0.6928 1.0000 1.0000 1.0000 1.0000 0.0015 0.0043 0.0126 0.0366 0.1068 0.3117 0.9093 1.0000 1.0000 1.0000 0.0007 0.0019 0.0055 0.0159 0.0462 0.1332 0.3842 1.0000 1.0000 1.0000 1.0000 0.0007 0.0024 0.0052 0.0024 0.0007 1.0000 1.0000 1.0000 1.0000 0.3842 0.1332 0.0462 0.0159 0.0055 0.0019 0.0007 1.0000 1.0000 1.0000 0.9093 0.3117 0.1068 0.0366 0.0126 0.0043 0.0015 1.0000 1.0000 1.0000 1.0000 0.6928 0.2370 0.0811 0.0277 0.0095 0.0032 0.0011 1.0000 1.0000 1.0000 1.0000 0.5228 0.1789 0.0612 0.0209 0.0072 0.0025 0.0008 1.0000 1.0000 1.0000 1.0000 0.1826
0.5208 1.0000 1.0000 1.0000 0.0008 0.0024 0.0070 0.0205 0.0598 0.1748 0.5110 1.0000 1.0000 1.0000 1.0000 0.0011 0.0032 0.0093 0.0271 0.0793 0.2317 0.6771 1.0000 1.0000 1.0000 1.0000 0.0014 0.0042 0.0123 0.0359 0.1048 0.3058 0.8922 1.0000 1.0000 1.0000 0.0006 0.0019 0.0055 0.0159 0.0460 0.1332 0.3857 1.0000 1.0000 1.0000 1.0000 0.0008 0.0022 0.0071 0.0152 0.0071 0.0022 0.0008 1.0000 1.0000 1.0000 1.0000 0.3857 0.1332 0.0460 0.0159 0.0055 0.0019 0.0006 1.0000 1.0000 1.0000 0.8922 0.3058 0.1048 0.0359 0.0123 0.0042 0.0014 1.0000 1.0000 1.0000 1.0000 0.6771 0.2317 0.0793 0.0271 0.0093 0.0032 0.0011 1.0000 1.0000 1.0000 1.0000 0.5110 0.1748 0.0598 0.0205 0.0070 0.0024 0.0008 1.0000 1.0000 1.0000 0.5218
1.0000 1.0000 1.0000 0.0008 0.0023 0.0068 0.0200 0.0585 0.1706 0.4995 1.0000 1.0000 1.0000 1.0000 0.0011 0.0031 0.0090 0.0265 0.0773 0.2264 0.6606 1.0000 1.0000 1.0000 1.0000 0.0014 0.0041 0.0120 0.0350 0.1026 0.2995 0.8754 1.0000 1.0000 1.0000 1.0000 0.0018 0.0054 0.0156 0.0456 0.1324 0.3842 1.0000 1.0000 1.0000 1.0000 0.0008 0.0022 0.0063 0.0208 0.0445 0.0208 0.0063 0.0022 0.0008 1.0000 1.0000 1.0000 1.0000 0.3842 0.1324 0.0456 0.0156 0.0054 0.0018 1.0000 1.0000 1.0000 1.0000 0.8754 0.2995 0.1026 0.0351 0.0120 0.0041 0.0014 1.0000 1.0000 1.0000 1.0000 0.6619 0.2264 0.0775 0.0265 0.0091 0.0031 0.0011 1.0000 1.0000 1.0000 1.0000 0.4995 0.1709 0.0585 0.0200 0.0068 0.0023 0.0008 1.0000 1.0000 1.0000
1.0000 1.0000 0.0008 0.0023 0.0067 0.0195 0.0571 0.1670 0.4882 1.0000 1.0000 1.0000 1.0000 0.0010 0.0030 0.0089 0.0259 0.0757 0.2213 0.6469 1.0000 1.0000 1.0000 1.0000 0.0014 0.0040 0.0117 0.0343 0.1003 0.2933 0.8572 1.0000 1.0000 1.0000 1.0000 0.0018 0.0053 0.0154 0.0449 0.1307 0.3806 1.0000 1.0000 1.0000 1.0000 0.0008 0.0022 0.0064 0.0185 0.0605 0.1297 0.0605 0.0185 0.0064 0.0022 0.0008 1.0000 1.0000 1.0000 1.0000 0.3806 0.1307 0.0449 0.0154 0.0053 0.0018 1.0000 1.0000 1.0000 1.0000 0.8572 0.2927 0.1001 0.0343 0.0117 0.0040 0.0014 1.0000 1.0000 1.0000 1.0000 0.6469 0.2209 0.0757 0.0259 0.0089 0.0030 0.0010 1.0000 1.0000 1.0000 1.0000 0.4873 0.1670 0.0570 0.0195 0.0067 0.0023 0.0008 1.0000 1.0000
1.0000 0.0008 0.0022 0.0066 0.0191 0.0560 0.1636 0.4781 1.0000 1.0000 1.0000 1.0000 0.0010 0.0030 0.0087 0.0254 0.0741 0.2167 0.6335 1.0000 1.0000 1.0000 1.0000 0.0013 0.0039 0.0115 0.0336 0.0983 0.2872 0.8395 1.0000 1.0000 1.0000 1.0000 0.0018 0.0052 0.0151 0.0440 0.1285 0.3748 1.0000 1.0000 1.0000 1.0000 0.0008 0.0022 0.0065 0.0186 0.0536 0.1765 0.3777 0.1765 0.0537 0.0186 0.0065 0.0022 0.0008 1.0000 1.0000 1.0000 1.0000 0.3748 0.1285 0.0440 0.0151 0.0052 0.0018 1.0000 1.0000 1.0000 1.0000 0.8379 0.2867 0.0981 0.0335 0.0115 0.0039 0.0013 1.0000 1.0000 1.0000 1.0000 0.6323 0.2163 0.0740 0.0253 0.0087 0.0030 0.0010 1.0000 1.0000 1.0000 1.0000 0.4772 0.1633 0.0559 0.0191 0.0065 0.0022 0.0008 1.0000
0.0003 0.0024 0.0063 0.0188 0.0548 0.1602 0.4682 1.0000 1.0000 1.0000 1.0000 0.0010 0.0029 0.0085 0.0248 0.0726 0.2123 0.6204 1.0000 1.0000 1.0000 1.0000 0.0013 0.0039 0.0113 0.0329 0.0962 0.2813 0.8221 1.0000 1.0000 1.0000 1.0000 0.0017 0.0051 0.0148 0.0432 0.1261 0.3678 1.0000 1.0000 1.0000 1.0000 0.0008 0.0022 0.0065 0.0187 0.0537 0.1557 0.5130 1.0000 0.5120 0.1554 0.0538 0.0187 0.0065 0.0022 0.0008 1.0000 1.0000 1.0000 1.0000 0.3678 0.1261 0.0432 0.0148 0.0051 0.0017 1.0000 1.0000 1.0000 1.0000 0.8205 0.2807 0.0960 0.0329 0.0112 0.0038 0.0013 1.0000 1.0000 1.0000 1.0000 0.6192 0.2119 0.0725 0.0248 0.0085 0.0029 0.0010 1.0000 1.0000 1.0000 1.0000 0.4673 0.1599 0.0547 0.0187 0.0063 0.0024 0.0003
0.0010 0.0068 0.0181 0.0536 0.1566 0.4577 1.0000 1.0000 1.0000 1.0000 0.0010 0.0028 0.0083 0.0243 0.0710 0.2075 0.6064 1.0000 1.0000 1.0000 1.0000 0.0013 0.0038 0.0110 0.0322 0.0940 0.2749 0.8036 1.0000 1.0000 1.0000 1.0000 0.0017 0.0050 0.0145 0.0424 0.1237 0.3608 1.0000 1.0000 1.0000 1.0000 0.0008 0.0022 0.0064 0.0186 0.0539 0.1554 0.4499 1.0000 1.0000 1.0000 0.4439 0.1539 0.0538 0.0186 0.0064 0.0022 0.0008 1.0000 1.0000 1.0000 1.0000 0.3595 0.1232 0.0422 0.0145 0.0050 0.0017 1.0000 1.0000 1.0000 1.0000 0.7990 0.2733 0.0935 0.0320 0.0109 0.0037 0.0013 1.0000 1.0000 1.0000 1.0000 0.6030 0.2063 0.0706 0.0241 0.0083 0.0028 0.0010 1.0000 1.0000 1.0000 1.0000 0.4550 0.1557 0.0533 0.0180 0.0068 0.0010
0.0028 0.0195 0.0518 0.1530 0.4465 1.0000 1.0000 1.0000 1.0000 0.0010 0.0028 0.0081 0.0237 0.0694 0.2024 0.5927 1.0000 1.0000 1.0000 1.0000 0.0013 0.0037 0.0107 0.0314 0.0918 0.2687 0.7839 1.0000 1.0000 1.0000 1.0000 0.0017 0.0049 0.0142 0.0416 0.1213 0.3540 1.0000 1.0000 1.0000 1.0000 0.0007 0.0022 0.0063 0.0184 0.0536 0.1554 0.4490 1.0000 1.0000 1.0000 1.0000 1.0000 0.4414 0.1545 0.0537 0.0185 0.0063 0.0022 0.0007 1.0000 1.0000 1.0000 1.0000 0.3540 0.1213 0.0416 0.0142 0.0049 0.0017 1.0000 1.0000 1.0000 1.0000 0.7839 0.2682 0.0918 0.0314 0.0107 0.0037 0.0013 1.0000 1.0000 1.0000 1.0000 0.5916 0.2024 0.0692 0.0237 0.0081 0.0028 0.0009 1.0000 1.0000 1.0000 1.0000 0.4465 0.1530 0.0517 0.0195 0.0029
0.0081 0.0559 0.1476 0.4381 1.0000 1.0000 1.0000 1.0000 0.0009 0.0027 0.0079 0.0232 0.0678 0.1982 0.5794 1.0000 1.0000 1.0000 1.0000 0.0012 0.0036 0.0105 0.0307 0.0899 0.2626 0.7677 1.0000 1.0000 1.0000 1.0000 0.0016 0.0048 0.0139 0.0407 0.1191 0.3474 1.0000 1.0000 1.0000 1.0000 0.0007 0.0021 0.0062 0.0182 0.0529 0.1539 0.4482 1.0000 1.0000 1.0000 1.0000 1.0000 1.0000 1.0000 0.5072 0.1758 0.0605 0.0208 0.0071 0.0024 0.0008 1.0000 1.0000 1.0000 1.0000 0.3976 0.1363 0.0466 0.0159 0.0055 0.0019 1.0000 1.0000 1.0000 1.0000 0.8787 0.3006 0.1028 0.0352 0.0120 0.0041 0.0014 1.0000 1.0000 1.0000 1.0000 0.6631 0.2269 0.0776 0.0266 0.0091 0.0031 0.0011 1.0000 1.0000 1.0000 1.0000 0.5024 0.1702 0.0647 0.0095
0.0232 0.1596 0.4233 1.0000 1.0000 1.0000 1.0000 0.0009 0.0027 0.0078 0.0227 0.0664 0.1941 0.5674 1.0000 1.0000 1.0000 1.0000 0.0012 0.0035 0.0103 0.0301 0.0880 0.2572 0.7518 1.0000 1.0000 1.0000 1.0000 0.0016 0.0047 0.0136 0.0399 0.1166 0.3408 0.9943 1.0000 1.0000 1.0000 0.0007 0.0021 0.0061 0.0178 0.0520 0.1516 0.4414 1.0000 1.0000 1.0000 1.0000 1.0000 1.0000 1.0000 1.0000 1.0000 0.3784 0.1297 0.0445 0.0152 0.0052 0.0018 1.0000 1.0000 1.0000 1.0000 0.8507 0.2916 0.0999 0.0341 0.0117 0.0040 0.0014 1.0000 1.0000 1.0000 1.0000 0.6433 0.2201 0.0753 0.0258 0.0088 0.0030 0.0010 1.0000 1.0000 1.0000 1.0000 0.4854 0.1661 0.0568 0.0194 0.0066 0.0023 1.0000 1.0000 1.0000 1.0000 1.0000 0.3671 0.1410 0.0221
0.0664 0.4568 1.0000 1.0000 1.0000 1.0000 0.0009 0.0026 0.0076 0.0222 0.0650 0.1901 0.5556 1.0000 1.0000 1.0000 1.0000 0.0012 0.0035 0.0101 0.0295 0.0862 0.2519 0.7362 1.0000 1.0000 1.0000 1.0000 0.0016 0.0046 0.0134 0.0391 0.1142 0.3338 0.9737 1.0000 1.0000 1.0000 0.0007 0.0021 0.0060 0.0175 0.0510 0.1487 0.4339 1.0000 1.0000 1.0000 1.0000 0.0010 0.0023 0.0013 0.0704 0.8754 0.6169 0.1765 0.0604 0.0208 0.0071 0.0024 0.0008 1.0000 1.0000 1.0000 1.0000 0.3976 0.1363 0.0466 0.0159 0.0055 0.0019 1.0000 1.0000 1.0000 1.0000 0.8787 0.3006 0.1028 0.0352 0.0120 0.0041 0.0014 1.0000 1.0000 1.0000 1.0000 0.6631 0.2269 0.0776 0.0266 0.0091 0.0031 0.0011 1.0000 1.0000 1.0000 1.0000 0.5024 0.1702 0.0647 0.0095
0.1894 1.0000 1.0000 1.0000 1.0000 0.0009 0.0025 0.0074 0.0217 0.0636 0.1854 0.5431 1.0000 1.0000 1.0000 1.0000 0.0012 0.0034 0.0098 0.0288 0.0841 0.2462 0.7183 1.0000 1.0000 1.0000 1.0000 0.0015 0.0045 0.0131 0.0381 0.1116 0.3256 0.9536 1.0000 1.0000 1.0000 0.0007 0.0020 0.0059 0.0171 0.0500 0.1459 0.4257 1.0000 1.0000 1.0000 1.0000 0.0009 0.0028 0.0071 0.0080 0.0988 0.4656 0.1813 0.0526 0.0184 0.0063 0.0022 0.0007 1.0000 1.0000 1.0000 1.0000 0.3540 0.1213 0.0416 0.0142 0.0049 0.0017 1.0000 1.0000 1.0000 1.0000 0.7839 0.2682 0.0918 0.0314 0.0107 0.0037 0.0013 1.0000 1.0000 1.0000 1.0000 0.5916 0.2024 0.0692 0.0237 0.0081 0.0028 0.0009 1.0000 1.0000 1.0000 1.0000 0.4465 0.1530 0.0517 0.0195 0.0029
0.5369 1.0000 1.0000 1.0000 0.0008 0.0025 0.0072 0.0211 0.0617 0.1802 0.5268 1.0000 1.0000 1.0000 1.0000 0.0011 0.0033 0.0096 0.0280 0.0817 0.2388 0.6981 1.0000 1.0000 1.0000 1.0000 0.0015 0.0043 0.0127 0.0370 0.1083 0.3164 0.9250 1.0000 1.0000 1.0000 0.0007 0.0020 0.0057 0.0167 0.0487 0.1421 0.4146 1.0000 1.0000 1.0000 1.0000 0.0009 0.0025 0.0077 0.0199 0.0396 0.3547 0.2282 0.0521 0.0183 0.0064 0.0022 0.0008 1.0000 1.0000 1.0000 1.0000 0.3595 0.1232 0.0422 0.0145 0.0050 0.0017 1.0000 1.0000 1.0000 1.0000 0.7990 0.2733 0.0935 0.0320 0.0109 0.0037 0.0013 1.0000 1.0000 1.0000 1.0000 0.6030 0.2063 0.0706 0.0241 0.0083 0.0028 0.0010 1.0000 1.0000 1.0000 1.0000 0.4550 0.1557 0.0533 0.0180 0.0068 0.0010
1.0000 1.0000 1.0000 0.0008 0.0025 0.0072 0.0211 0.0615 0.1799 0.5258 1.0000 1.0000 1.0000 1.0000 0.0011 0.0033 0.0095 0.0279 0.0815 0.2384 0.6967 1.0000 1.0000 1.0000 1.0000 0.0015 0.0043 0.0126 0.0370 0.1081 0.3164 0.9232 1.0000 1.0000 1.0000 0.0007 0.0020 0.0057 0.0167 0.0487 0.1424 0.4146 1.0000 1.0000 1.0000 1.0000 0.0009 0.0026 0.0075 0.0217 0.0643 0.2677 0.2562 0.0523 0.0182 0.0065 0.0022 0.0008 1.0000 1.0000 1.0000 1.0000 0.3678 0.1261 0.0432 0.0148 0.0051 0.0017 1.0000 1.0000 1.0000 1.0000 0.8205 0.2807 0.0960 0.0329 0.0112 0.0038 0.0013 1.0000 1.0000 1.0000 1.0000 0.6192 0.2119 0.0725 0.0248 0.0085 0.0029 0.0010 1.0000 1.0000 1.0000 1.0000 0.4673 0.1599 0.0547 0.0187 0.0063 0.0024 0.0003
1.0000 1.0000 0.0010 0.0030 0.0087 0.0256 0.0747 0.2184 0.6384 1.0000 1.0000 1.0000 1.0000 0.0014 0.0040 0.0116 0.0339 0.0990 0.2894 0.8459 1.0000 1.0000 1.0000 1.0000 0.0018 0.0053 0.0154 0.0449 0.1312 0.3842 1.0000 1.0000 1.0000 1.0000 0.0008 0.0024 0.0069 0.0203 0.0591 0.1725 0.5033 1.0000 1.0000 1.0000 1.0000 0.0011 0.0031 0.0090 0.0261 0.0787 0.2519 0.2543 0.0528 0.0179 0.0065 0.0022 0.0008 1.0000 1.0000 1.0000 1.0000 0.3748 0.1285 0.0440 0.0151 0.0052 0.0018 1.0000 1.0000 1.0000 1.0000 0.8379 0.2867 0.0981 0.0335 0.0115 0.0039 0.0013 1.0000 1.0000 1.0000 1.0000 0.6323 0.2163 0.0740 0.0253 0.0087 0.0030 0.0010 1.0000 1.0000 1.0000 1.0000 0.4772 0.1633 0.0559 0.0191 0.0065 0.0022 0.0008 1.0000
