-48.3222 -11.1387 -39.8500 12.6200 -28.1148 -48.8064 13.4391 -37.7435 3.6893 -25.6840 -47.4354 32.6253 -35.9092 -16.4875 -22.9290 -45.1767 28.7192 -33.5024 -40.0980 -19.0801 -42.6741 21.0269 -30.9659 -47.8592 -12.5032 -40.1804 13.6511 -28.4684 -48.8474 8.1841 -37.9596 5.2862 -26.0377 -47.7184 31.9583 -36.2320 -12.2080 -23.3947 -45.5359 29.7733 -33.8739 -37.7905 -19.7500 -43.0479 22.1560 -31.3410 -47.3259 -13.8401 -40.5435 14.7372 -28.8326 -48.8266 2.9132 -38.3881 12.8505 -34.8106 23.3468 -43.0738 -19.7453 -37.8321 -33.8676 29.7557 -45.5298 -23.3867 -12.2806 -36.2264 31.9750 -47.7135 -26.0314 5.2588 -37.9558 8.2759 -48.8472 -28.4619 13.6409 -40.1771 -12.4854 -47.8649 -30.9602 21.0188 -42.6714 -19.0729 -40.1221 -33.4968 28.7117 -45.1741 -22.9251 -16.5370 -35.9041 32.6271 -47.4328 -25.6791 3.6603 -37.7400 13.5173 -48.8059 -28.1119 12.6068 -39.8459 -11.1182 -48.3261
-11.1387 -39.6168 13.2827 -29.2115 -48.9653 19.5678 -37.8213 5.4328 -26.9910 -47.7806 35.0678 -36.4614 -11.1081 -24.2882 -45.4872 29.6954 -34.3256 -36.9181 -19.9715 -42.8455 21.7433 -31.9557 -47.0826 -12.1315 -40.1553 14.5063 -29.5947 -48.9386 13.9272 -37.9639 6.8151 -27.3195 -48.0543 34.8345 -36.7273 -7.4159 -24.7811 -45.8600 30.8544 -34.6661 -34.0590 -20.7426 -43.2444 22.8790 -32.3096 -46.3213 -13.7692 -40.5507 15.5532 -29.9394 -48.8442 8.0289 -38.1044 8.8073 -30.5516 -32.9401 -33.1120 22.9562 -43.2389 -20.7297 -34.1134 -34.6601 30.8342 -45.8534 -24.7726 -7.4772 -36.7228 34.8429 -48.0496 -27.3136 6.7981 -37.9634 14.0216 -48.9397 -29.5899 14.5009 -40.1532 -12.1073 -47.0918 -31.9510 21.7382 -42.8436 -19.9614 -36.9536 -34.3206 29.6900 -45.4855 -24.2827 -11.1611 -36.4563 35.0677 -47.7773 -26.9854 5.4069 -37.8172 19.6262 -48.9639 -29.2091 13.2735 -39.6119 -11.1182
-39.8500 13.2827 -29.3296 -48.9727 15.5754 -38.1376 6.6422 -27.2731 -48.0325 34.8763 -36.8192 -7.6726 -24.7415 -45.8341 30.7752 -34.7024 -34.2862 -20.6868 -43.2165 22.7984 -32.3133 -46.3841 -13.6539 -40.5230 15.4800 -29.9227 -48.8549 8.4815 -38.3016 8.0140 -27.6196 -48.2856 34.1564 -37.0775 -4.4687 -25.2022 -46.1991 31.8830 -35.0437 -31.0081 -21.4071 -43.6141 23.9537 -32.6711 -45.4374 -15.0724 -40.9200 16.5281 -30.2721 -48.7331 2.9638 -38.4373 9.2784 -28.3958 -48.8232 -22.1086 -44.3572 -32.7556 23.9405 -43.6074 -21.3955 -31.0702 -35.0377 31.8640 -46.1927 -25.1943 -4.5213 -37.0731 34.1744 -48.2814 -27.6137 7.9989 -38.3013 8.5447 -48.8560 -29.9190 15.4707 -40.5195 -13.6393 -46.3921 -32.3096 22.7887 -43.2131 -20.6798 -34.3149 -34.6987 30.7655 -45.8310 -24.7370 -7.7063 -36.8156 34.8833 -48.0283 -27.2676 6.6183 -38.1311 15.6436 -48.9726 -29.3260 13.2735 -39.8459
12.6200 -29.2115 -48.9727 13.8828 -38.2126 7.4982 -27.5182 -48.2416 34.2968 -37.0462 -4.7641 -25.1617 -46.1694 31.7972 -35.0159 -31.2875 -21.3512 -43.5826 23.8611 -32.6421 -45.5210 -14.9666 -40.8888 16.4458 -30.2456 -48.7451 3.3641 -38.4293 9.1425 -27.9282 -48.4886 32.9331 -37.2919 -1.9691 -25.5959 -46.5263 32.8262 -35.3511 -27.5973 -22.0272 -43.9784 25.0345 -32.9996 -44.3631 -16.2158 -41.2866 17.4985 -30.5953 -48.6112 -1.3349 -38.6523 10.2995 -28.3092 -48.5779 9.8344 -43.4969 -17.2973 -44.2720 -33.0035 25.0234 -43.9718 -22.0164 -27.6655 -35.3453 32.8089 -46.5201 -25.5886 -2.0139 -37.2879 32.9626 -48.4850 -27.9223 9.1220 -38.4248 3.4249 -48.7460 -30.2407 16.4350 -40.8847 -14.9541 -45.5307 -32.6389 23.8506 -43.5790 -21.3450 -31.3187 -35.0129 31.7872 -46.1648 -25.1577 -4.7906 -37.0449 34.3111 -48.2377 -27.5125 7.4751 -38.2080 13.9797 -48.9726 -29.2091 12.6068
-28.1148 -48.9653 15.5754 -38.2126 7.8134 -27.6606 -48.3817 33.4888 -37.2314 -2.4568 -25.5343 -46.4855 32.7289 -35.3204 -27.9191 -21.9746 -43.9468 24.9400 -32.9712 -44.4638 -16.1229 -41.2557 17.4165 -30.5701 -48.6227 -1.0278 -38.6358 10.2125 -28.2384 -48.6617 31.0649 -37.4842 0.1674 -25.9600 -46.8433 33.6615 -35.6522 -23.8553 -22.6107 -44.3400 26.1284 -33.3278 -43.0650 -17.2380 -41.6537 18.4771 -30.9200 -48.4196 -4.8123 -38.9875 11.3250 -28.5834 -48.7992 26.3839 -38.8315 26.4187 -41.9979 -17.3205 -43.0649 -33.3247 26.1168 -44.3341 -22.6010 -23.9251 -35.6468 33.6468 -46.8374 -25.9533 0.1291 -37.4807 31.1079 -48.6586 -28.2323 10.1922 -38.6290 -0.9540 -48.6253 -30.5638 17.4040 -41.2510 -16.1106 -44.4767 -32.9677 24.9290 -43.9431 -21.9680 -27.9697 -35.3172 32.7196 -46.4822 -25.5298 -2.4801 -37.2320 33.5106 -48.3779 -27.6547 7.7908 -38.2080 15.6436 -48.9639 -28.1119
-48.8064 19.5678 -38.1376 7.4982 -27.6606 -48.4309 32.8724 -37.3533 -0.8452 -25.8329 -46.7642 33.5118 -35.6046 -24.3194 -22.5518 -44.3074 26.0326 -33.2998 -43.1837 -17.1563 -41.6249 18.4000 -30.8949 -48.4376 -4.5674 -38.9594 11.2429 -28.5504 -48.8004 28.4498 -37.6561 2.0143 -26.2927 -47.1486 34.3483 -35.9451 -19.8877 -23.1608 -44.6986 27.2316 -33.6547 -41.5115 -18.1631 -42.0214 19.4678 -31.2460 -48.1350 -7.5958 -39.3461 12.3306 -28.8927 -48.9036 24.4566 -37.9804 10.0450 -34.5557 20.4532 -42.0493 -18.1612 -41.5275 -33.6516 27.2201 -44.6949 -23.1530 -19.9534 -35.9413 34.3378 -47.1433 -26.2868 1.9815 -37.6530 28.5080 -48.7980 -28.5443 11.2232 -38.9525 -4.5060 -48.4420 -30.8884 18.3816 -41.6181 -17.1434 -43.2017 -33.2960 26.0141 -44.3014 -22.5438 -24.3818 -35.6016 33.5012 -46.7610 -25.8284 -0.8660 -37.3525 32.8991 -48.4272 -27.6547 7.4751 -38.1311 19.6262 -48.8059
13.4391 -37.8213 6.6422 -27.5182 -48.3817 32.8724 -37.3960 -0.0074 -26.0263 -46.9756 34.0818 -35.8506 -20.7999 -23.0678 -44.6520 27.1115 -33.6222 -41.6565 -18.0885 -41.9928 19.3903 -31.2207 -48.1608 -7.3991 -39.3176 12.2450 -28.8641 -48.8992 25.0075 -37.8170 3.6367 -26.6023 -47.4404 34.8362 -36.2281 -15.8685 -23.6799 -45.0535 28.3369 -33.9799 -39.6690 -19.0089 -42.3893 20.4730 -31.5733 -47.7435 -9.8522 -39.7068 13.3120 -29.2074 -48.9536 20.2651 -37.9982 5.9856 -29.7510 -39.3070 -32.3480 20.5537 -42.3884 -19.0018 -39.6880 -33.9767 28.3262 -45.0501 -23.6746 -15.9098 -36.2262 34.8305 -47.4359 -26.5979 3.6091 -37.8144 25.0810 -48.8978 -28.8581 12.2259 -39.3107 -7.3499 -48.1671 -31.2143 19.3710 -41.9857 -18.0763 -41.6877 -33.6173 27.0907 -44.6452 -23.0598 -20.8465 -35.8487 34.0728 -46.9723 -26.0223 -0.0383 -37.3938 32.8991 -48.3779 -27.5125 6.6183 -37.8172 13.5173
-37.7435 5.4328 -27.2731 -48.2416 33.4888 -37.3533 -0.0074 -26.0929 -47.0909 34.4097 -36.0353 -17.8224 -23.4961 -44.9626 28.1254 -33.9274 -39.9155 -18.9242 -42.3570 20.3872 -31.5478 -47.7784 -9.6910 -39.6777 13.2277 -29.1798 -48.9522 20.7184 -37.9714 5.0872 -26.9051 -47.7165 35.0643 -36.4995 -12.0085 -24.1692 -45.4038 29.4344 -34.3025 -37.5029 -19.7885 -42.7571 21.4947 -31.9014 -47.2292 -11.7182 -40.0708 14.2819 -29.5251 -48.9492 15.2274 -38.1325 6.5857 -27.6510 -48.6593 -20.3186 -46.5933 -31.9870 21.4995 -42.7546 -19.7820 -37.5241 -34.2995 29.4238 -45.4004 -24.1646 -12.0447 -36.4978 35.0635 -47.7137 -26.9019 5.0647 -37.9695 20.8035 -48.9518 -29.1740 13.2091 -39.6708 -9.6509 -47.7868 -31.5415 20.3676 -42.3498 -18.9131 -39.9415 -33.9213 28.1048 -44.9564 -23.4913 -17.8488 -36.0324 34.4004 -47.0877 -26.0894 -0.0383 -37.3525 33.5106 -48.2377 -27.2676 5.4069 -37.7400
3.6893 -26.9910 -48.0325 34.2968 -37.2314 -0.8452 -26.0263 -47.0909 34.5131 -36.1353 -15.8181 -23.8078 -45.2152 28.9940 -34.2009 -38.0352 -19.6564 -42.7089 21.3834 -31.8700 -47.2790 -11.5821 -40.0395 14.1981 -29.4972 -48.9519 15.6955 -38.1185 6.4064 -27.2095 -47.9742 34.9607 -36.7571 -8.4911 -24.6299 -45.7484 30.5100 -34.6220 -34.9811 -20.5122 -43.1243 22.5344 -32.2303 -46.5732 -13.2951 -40.4344 15.2465 -29.8445 -48.8817 9.7968 -38.2694 7.7428 -27.5873 -48.2199 22.3438 -42.7414 -14.6553 -46.5110 -32.2375 22.5337 -43.1238 -20.5063 -35.0060 -34.6189 30.4997 -45.7451 -24.6254 -8.5232 -36.7547 34.9636 -47.9719 -27.2064 6.3932 -38.1187 15.7828 -48.9527 -29.4928 14.1807 -40.0328 -11.5488 -47.2899 -31.8636 21.3634 -42.7017 -19.6428 -38.0644 -34.1948 28.9790 -45.2091 -23.8011 -15.8718 -36.1306 34.5033 -47.0877 -26.0223 -0.8660 -37.2320 34.3111 -48.0283 -26.9854 3.6603
-25.6840 -47.7806 34.8763 -37.0462 -2.4568 -25.8329 -46.9756 34.4097 -36.1353 -15.1066 -23.9730 -45.3811 29.6389 -34.4219 -36.1811 -20.2704 -43.0328 22.3351 -32.1778 -46.6599 -13.1491 -40.3991 15.1556 -29.8166 -48.8903 10.2749 -38.2569 7.6256 -27.5155 -48.2108 34.4425 -36.9986 -5.4119 -25.0620 -46.0863 31.5454 -34.9372 -32.0796 -21.1879 -43.4908 23.5928 -32.5609 -45.7535 -14.6554 -40.7993 16.2101 -30.1657 -48.7740 4.5578 -38.3976 8.8756 -27.8587 -48.4391 32.5118 -38.4560 23.8247 -41.1452 -14.7642 -45.7473 -32.5591 23.5913 -43.4900 -21.1827 -32.1086 -34.9343 31.5355 -46.0830 -25.0580 -5.4398 -36.9963 34.4498 -48.2086 -27.5125 7.6142 -38.2576 10.3318 -48.8912 -29.8121 15.1386 -40.3925 -13.1205 -46.6737 -32.1716 22.3151 -43.0258 -20.2571 -36.2290 -34.4162 29.6243 -45.3745 -23.9639 -15.1829 -36.1306 34.4004 -46.9723 -25.8284 -2.4801 -37.0449 34.8833 -47.7773 -25.6791
-47.4354 35.0678 -36.8192 -4.7641 -25.5343 -46.7642 34.0818 -36.0353 -15.8181 -23.9730 -45.4384 29.9833 -34.5648 -34.6545 -20.7414 -43.3074 23.1918 -32.4606 -45.9483 -14.4380 -40.7484 16.0967 -30.1318 -48.7844 4.9994 -38.3859 8.7687 -27.8232 -48.4228 33.4156 -37.2211 -2.7737 -25.4656 -46.4164 32.5165 -35.2475 -28.7919 -21.8222 -43.8561 24.6693 -32.8913 -44.7417 -15.8525 -41.1656 17.1776 -30.4884 -48.6561 -0.0125 -38.5769 9.9563 -28.1639 -48.6216 31.4790 -37.5959 7.4177 -33.9383 18.1272 -41.1943 -15.8503 -44.7508 -32.8880 24.6658 -43.8547 -21.8174 -28.8272 -35.2454 32.5072 -46.4131 -25.4617 -2.7976 -37.2191 33.4284 -48.4209 -27.8203 8.7579 -38.3846 5.0510 -48.7849 -30.1283 16.0789 -40.7416 -14.4131 -45.9644 -32.4545 23.1718 -43.3009 -20.7286 -34.7013 -34.5607 29.9635 -45.4319 -23.9639 -15.8718 -36.0324 34.0728 -46.7610 -25.5298 -4.7906 -36.8156 35.0677 -47.4328
32.6253 -36.4614 -7.6726 -25.1617 -46.4855 33.5118 -35.8506 -17.8224 -23.8078 -45.3811 29.9833 -34.6136 -33.7922 -21.0345 -43.5095 23.8854 -32.7007 -45.1976 -15.4833 -41.0748 16.9934 -30.4360 -48.6711 0.4416 -38.5506 9.8467 -28.1328 -48.6065 31.7784 -37.4218 -0.5217 -25.8399 -46.7373 33.3934 -35.5526 -25.1470 -22.4189 -44.2207 25.7653 -33.2199 -43.5201 -16.9124 -41.5325 18.1529 -30.8128 -48.4923 -3.7523 -38.8725 10.9958 -28.4744 -48.7696 29.1334 -37.6301 2.5864 -28.9999 -43.3014 -31.5768 18.2320 -41.5339 -16.9039 -43.5323 -33.2164 25.7554 -44.2174 -22.4158 -25.1901 -35.5491 33.3843 -46.7337 -25.8362 -0.5428 -37.4198 31.7977 -48.6048 -28.1298 9.8408 -38.5473 0.4869 -48.6729 -30.4335 16.9753 -41.0684 -15.4619 -45.2157 -32.6948 23.8665 -43.5037 -21.0264 -33.8348 -34.6105 29.9635 -45.3745 -23.8011 -17.8488 -35.8487 33.5012 -46.4822 -25.1577 -7.7063 -36.4563 32.6271
-35.9092 -11.1081 -24.7415 -46.1694 32.7289 -35.6046 -20.7999 -23.4961 -45.2152 29.6389 -34.5648 -33.7922 -21.1327 -43.6159 24.3349 -32.8759 -44.5062 -16.2827 -41.3625 17.8049 -30.7206 -48.5344 -3.1596 -38.8203 10.8657 -28.4386 -48.7565 29.4277 -37.5999 1.4175 -26.1847 -47.0473 34.1369 -35.8501 -21.2156 -22.9824 -44.5806 26.8668 -33.5469 -42.0546 -17.8673 -41.9000 19.1393 -31.1396 -48.2398 -6.7495 -39.2302 12.0039 -28.7878 -48.8793 25.9182 -37.7809 3.3565 -26.9275 -48.2710 -18.3097 -47.8967 -31.2218 19.1447 -41.8998 -17.8601 -42.0689 -33.5440 26.8561 -44.5772 -22.9771 -21.2783 -35.8450 34.1287 -47.0434 -26.1800 1.3974 -37.5978 29.4552 -48.7561 -28.4364 10.8562 -38.8170 -3.1384 -48.5376 -30.7158 17.7891 -41.3572 -16.2652 -44.5249 -32.8706 24.3236 -43.6121 -21.1287 -33.8348 -34.5607 29.6243 -45.2091 -23.4913 -20.8465 -35.6016 32.7196 -46.1648 -24.7370 -11.1611 -35.9041
-16.4875 -24.2882 -45.8341 31.7972 -35.3204 -24.3194 -23.0678 -44.9626 28.9940 -34.4219 -34.6545 -21.0345 -43.6159 24.4912 -32.9671 -44.0188 -16.8242 -41.5877 18.4893 -30.9684 -48.3497 -5.9082 -39.1429 11.8084 -28.7354 -48.8678 26.3403 -37.7624 3.1086 -26.5015 -47.3455 34.7004 -36.1367 -17.1881 -23.5119 -44.9368 27.9724 -33.8728 -40.3113 -18.7376 -42.2679 20.1396 -31.4664 -47.8851 -9.1740 -39.5901 12.9905 -29.1030 -48.9439 21.8308 -37.9377 4.7743 -26.8746 -47.7037 30.5164 -41.9811 -11.0831 -47.8502 -31.4724 20.1399 -42.2676 -18.7324 -40.3279 -33.8697 27.9617 -44.9334 -23.5065 -17.2309 -36.1318 34.6923 -47.3401 -26.4959 3.0871 -37.7599 26.3765 -48.8676 -28.7340 11.7991 -39.1393 -5.8740 -48.3542 -30.9640 18.4755 -41.5841 -16.8092 -44.0308 -32.9627 24.4864 -43.6121 -21.0264 -34.7013 -34.4162 28.9790 -44.9564 -23.0598 -24.3818 -35.3172 31.7872 -45.8310 -24.2827 -16.5370
-22.9290 -45.4872 30.7752 -35.0159 -27.9191 -22.5518 -44.6520 28.1254 -34.2009 -36.1811 -20.7414 -43.5095 24.3349 -32.9671 -43.8451 -17.0947 -41.7311 18.9864 -31.1620 -48.1459 -7.9010 -39.4341 12.6553 -29.0152 -48.9360 22.6006 -37.9151 4.5826 -26.8005 -47.6267 35.0219 -36.4113 -13.2524 -24.0108 -45.2887 29.0737 -34.1963 -38.2558 -19.5377 -42.6357 21.1562 -31.7943 -47.4124 -11.1528 -39.9515 13.9634 -29.4202 -48.9574 16.9615 -38.0864 6.1092 -27.1437 -47.9195 34.9248 -38.0502 21.3669 -40.3006 -11.2914 -47.4084 -31.7931 21.1554 -42.6357 -19.5332 -38.2751 -34.1933 29.0631 -45.2853 -24.0062 -13.2930 -36.4073 35.0184 -47.6214 -26.7947 4.5551 -37.9112 22.6250 -48.9352 -29.0138 12.6457 -39.4291 -7.8577 -48.1516 -31.1585 18.9727 -41.7289 -17.0808 -43.8509 -32.9627 24.3236 -43.5037 -20.7286 -36.2290 -34.1948 28.1048 -44.6452 -22.5438 -27.9697 -35.0129 30.7655 -45.4855 -22.9251
-45.1767 29.6954 -34.7024 -31.2875 -21.9746 -44.3074 27.1115 -33.9274 -38.0352 -20.2704 -43.3074 23.8854 -32.8759 -44.0188 -17.0947 -41.7809 19.2459 -31.2846 -47.9717 -9.2371 -39.6758 13.3825 -29.2657 -48.9619 18.4530 -38.0519 5.8587 -27.0899 -47.8837 35.0393 -36.6731 -9.6073 -24.4810 -45.6353 30.1583 -34.5169 -35.8548 -20.2789 -43.0031 22.1895 -32.1230 -46.8015 -12.8134 -40.3145 14.9287 -29.7401 -48.9114 11.5842 -38.2273 7.3491 -27.4450 -48.1575 34.5779 -37.1670 4.3703 -33.3328 15.8704 -40.3458 -12.8113 -46.8066 -32.1215 22.1889 -43.0031 -20.2733 -35.8780 -34.5138 30.1479 -45.6320 -24.4765 -9.6666 -36.6690 35.0422 -47.8789 -27.0841 5.8340 -38.0468 18.4811 -48.9614 -29.2643 13.3685 -39.6701 -9.2092 -47.9767 -31.2817 19.2320 -41.7787 -17.0808 -44.0308 -32.8706 23.8665 -43.3009 -20.2571 -38.0644 -33.9213 27.0907 -44.3014 -21.9680 -31.3187 -34.6987 29.6900 -45.1741
28.7192 -34.3256 -34.2862 -21.3512 -43.9468 26.0326 -33.6222 -39.9155 -19.6564 -43.0328 23.1918 -32.7007 -44.5062 -16.8242 -41.7311 19.2459 -31.3261 -47.8709 -10.0057 -39.8485 13.9395 -29.4739 -48.9526 14.3503 -38.1715 6.9599 -27.3643 -48.1108 34.7046 -36.9120 -6.4392 -24.9176 -45.9747 31.2093 -34.8336 -33.0811 -20.9696 -43.3699 23.2411 -32.4523 -46.0383 -14.2363 -40.6790 15.8920 -30.0607 -48.8068 6.1893 -38.3588 8.5081 -27.7514 -48.3755 33.6955 -37.2002 -1.9363 -28.2257 -45.8993 -30.8084 15.9754 -40.6826 -14.2255 -46.0453 -32.4504 23.2403 -43.3693 -20.9641 -33.1093 -34.8306 31.1993 -45.9697 -24.9126 -6.4933 -36.9097 34.7144 -48.1068 -27.3591 6.9394 -38.1665 14.3795 -48.9533 -29.4715 13.9230 -39.8416 -9.9893 -47.8763 -31.3241 19.2320 -41.7289 -16.8092 -44.5249 -32.6948 23.1718 -43.0258 -19.6428 -39.9415 -33.6173 26.0141 -43.9431 -21.3450 -34.3149 -34.3206 28.7117
-33.5024 -36.9181 -20.6868 -43.5826 24.9400 -33.2998 -41.6565 -18.9242 -42.7089 22.3351 -32.4606 -45.1976 -16.2827 -41.5877 18.9864 -31.2846 -47.8709 -10.2559 -39.9386 14.2883 -29.6224 -48.9236 10.8209 -38.2691 7.8802 -27.6136 -48.3041 34.0059 -37.1229 -3.8035 -25.3155 -46.2988 32.1886 -35.1442 -29.9224 -21.6162 -43.7350 24.3103 -32.7827 -45.0962 -15.4765 -41.0446 16.8577 -30.3830 -48.6925 1.3699 -38.4988 9.6056 -28.0606 -48.5667 32.2176 -37.3812 -0.8723 -26.1618 -47.7203 -15.8471 -48.5609 -30.4625 16.8635 -41.0438 -15.4655 -45.1056 -32.7794 24.3093 -43.7324 -21.6108 -29.9547 -35.1411 32.1831 -46.2952 -25.3099 -3.8328 -37.1229 34.0222 -48.3018 -27.6105 7.8638 -38.2665 10.8800 -48.9252 -29.6175 14.2696 -39.9316 -10.2399 -47.8763 -31.2817 18.9727 -41.5841 -16.2652 -45.2157 -32.4545 22.3151 -42.7017 -18.9131 -41.6877 -33.2960 24.9290 -43.5790 -20.6798 -36.9536 -33.4968
-40.0980 -19.9715 -43.2165 23.8611 -32.9712 -43.1837 -18.0885 -42.3570 21.3834 -32.1778 -45.9483 -15.4833 -41.3625 18.4893 -31.1620 -47.9717 -10.0057 -39.9386 14.4092 -29.6986 -48.8955 8.3477 -38.3396 8.6013 -27.8282 -48.4595 32.9921 -37.3048 -1.6598 -25.6697 -46.6040 33.0648 -35.4413 -26.4571 -22.2193 -44.0980 25.3948 -33.1114 -43.9486 -16.5754 -41.4113 17.8299 -30.7068 -48.5552 -2.6354 -38.7552 10.6568 -28.3714 -48.7256 30.0416 -37.5627 1.0222 -26.1491 -47.0745 34.4626 -41.2023 -5.6740 -48.5403 -30.7125 17.8242 -41.4078 -16.5653 -43.9608 -33.1080 25.3935 -44.0949 -22.2153 -26.4792 -35.4383 33.0567 -46.6002 -25.6641 -1.6860 -37.3028 33.0089 -48.4581 -27.8268 8.5903 -38.3403 8.4444 -48.8974 -29.6924 14.3904 -39.9316 -9.9893 -47.9767 -31.1585 18.4755 -41.3572 -15.4619 -45.9644 -32.1716 21.3634 -42.3498 -18.0763 -43.2017 -32.9677 23.8506 -43.2131 -19.9614 -40.1221
-19.0801 -42.8455 22.7984 -32.6421 -44.4638 -17.1563 -41.9928 20.3872 -31.8700 -46.6599 -14.4380 -41.0748 17.8049 -30.9684 -48.1459 -9.2371 -39.8485 14.2883 -29.6986 -48.8838 7.1081 -38.3835 9.0976 -27.9961 -48.5760 31.7969 -37.4531 0.0476 -25.9737 -46.8813 33.7977 -35.7184 -22.8222 -22.7751 -44.4520 26.4812 -33.4357 -42.5762 -17.5623 -41.7786 18.8123 -31.0308 -48.3336 -5.8514 -39.1122 11.6739 -28.6842 -48.8478 27.0810 -37.7284 2.7477 -26.4351 -47.2862 34.9056 -37.6147 19.0088 -39.4630 -6.0649 -48.3311 -31.0298 18.8034 -41.7751 -17.5532 -42.5821 -33.4343 26.4728 -44.4484 -22.7708 -22.8470 -35.7162 33.7874 -46.8759 -25.9673 0.0105 -37.4481 31.8097 -48.5739 -27.9938 9.0856 -38.3856 7.2078 -48.8859 -29.6924 14.2696 -39.8416 -9.2092 -48.1516 -30.9640 17.7891 -41.0684 -14.4131 -46.6737 -31.8636 20.3676 -41.9857 -17.1434 -44.4767 -32.6389 22.7887 -42.8436 -19.0729
-42.6741 21.7433 -32.3133 -45.5210 -16.1229 -41.6249 19.3903 -31.5478 -47.2790 -13.1491 -40.7484 16.9934 -30.7206 -48.3497 -7.9010 -39.6758 13.9395 -29.6224 -48.8955 7.1081 -38.3978 9.3478 -28.1011 -48.6510 30.6425 -37.5622 1.3408 -26.2213 -47.1216 34.3565 -35.9704 -19.2277 -23.2756 -44.7911 27.5495 -33.7540 -40.9529 -18.4515 -42.1464 19.8076 -31.3572 -48.0145 -8.4200 -39.4712 12.6667 -28.9987 -48.9278 23.2741 -37.8849 4.2889 -26.7354 -47.5636 34.9934 -36.6691 0.4913 -32.7337 13.6233 -39.5032 -8.4305 -48.0146 -31.3555 19.7980 -42.1429 -18.4438 -40.9668 -33.7519 27.5341 -44.7860 -23.2711 -19.2683 -35.9683 34.3463 -47.1161 -26.2150 1.3055 -37.5576 30.6577 -48.6494 -28.0979 9.3316 -38.4000 7.2078 -48.8974 -29.6175 13.9230 -39.6701 -7.8577 -48.3542 -30.7158 16.9753 -40.7416 -13.1205 -47.2899 -31.5415 19.3710 -41.6181 -16.1106 -45.5307 -32.3096 21.7382 -42.6714
21.0269 -31.9557 -46.3841 -14.9666 -41.2557 18.4000 -31.2207 -47.7784 -11.5821 -40.3991 16.0967 -30.4360 -48.5344 -5.9082 -39.4341 13.3825 -29.4739 -48.9236 8.3477 -38.3835 9.3478 -28.1358 -48.6864 29.8039 -37.6331 2.2454 -26.4103 -47.3200 34.7316 -36.1913 -15.9186 -23.7183 -45.1070 28.5673 -34.0600 -39.0945 -19.2509 -42.5095 20.8145 -31.6844 -47.5835 -10.5255 -39.8320 13.6433 -29.3152 -48.9590 18.6478 -38.0357 5.6767 -27.0380 -47.8314 35.0648 -36.6541 -8.4058 -27.3751 -47.4967 -30.0453 13.7274 -39.8357 -10.5256 -47.5867 -31.6815 20.8003 -42.5045 -19.2439 -39.1150 -34.0563 28.5511 -45.1020 -23.7124 -15.9818 -36.1877 34.7231 -47.3143 -26.4044 2.2220 -37.6303 29.8304 -48.6845 -28.1327 9.3316 -38.3856 8.4444 -48.9252 -29.4715 13.3685 -39.4291 -5.8740 -48.5376 -30.4335 16.0789 -40.3925 -11.5488 -47.7868 -31.2143 18.3816 -41.2510 -14.9541 -46.3921 -31.9510 21.0188
-30.9659 -47.0826 -13.6539 -40.8888 17.4165 -30.8949 -48.1608 -9.6910 -40.0395 15.1556 -30.1318 -48.6711 -3.1596 -39.1429 12.6553 -29.2657 -48.9526 10.8209 -38.3396 9.0976 -28.1011 -48.6864 29.4996 -37.6695 2.7913 -26.5390 -47.4679 34.9433 -36.3733 -13.1093 -24.0983 -45.3923 29.5021 -34.3438 -37.0406 -19.9676 -42.8591 21.8109 -32.0062 -47.0300 -12.2766 -40.1936 14.6104 -29.6334 -48.9336 13.3998 -38.1791 6.9419 -27.3430 -48.0805 34.7900 -36.8706 -6.8818 -25.2384 -47.0517 -12.6065 -48.7779 -29.7113 14.6163 -40.1936 -12.2670 -47.0354 -32.0023 21.7962 -42.8542 -19.9566 -37.0690 -34.3408 29.4837 -45.3865 -24.0903 -13.1804 -36.3680 34.9378 -47.4624 -26.5334 2.7701 -37.6671 29.5387 -48.6845 -28.0979 9.0856 -38.3403 10.8800 -48.9533 -29.2643 12.6457 -39.1393 -3.1384 -48.6729 -30.1283 15.1386 -40.0328 -9.6509 -48.1671 -30.8884 17.4040 -40.8847 -13.6393 -47.0918 -30.9602
-47.8592 -12.1315 -40.5230 16.4458 -30.5701 -48.4376 -7.3991 -39.6777 14.1981 -29.8166 -48.7844 0.4416 -38.8203 11.8084 -29.0152 -48.9619 14.3503 -38.2691 8.6013 -27.9961 -48.6510 29.8039 -37.6695 2.9764 -26.6041 -47.5586 35.0346 -36.5083 -10.9508 -24.4046 -45.6404 30.3267 -34.6001 -34.8763 -20.5933 -43.1907 22.7774 -32.3166 -46.3526 -13.7442 -40.5512 15.5647 -29.9533 -48.8429 7.9690 -38.3135 8.1237 -27.6497 -48.3066 34.0622 -37.1000 -4.1585 -25.2860 -46.3653 35.3995 -40.4385 3.2399 -48.7823 -29.9595 15.5646 -40.5504 -13.7269 -46.3567 -32.3144 22.7666 -43.1856 -20.5850 -34.9241 -34.5954 30.3064 -45.6337 -24.3957 -11.0208 -36.5032 35.0320 -47.5535 -26.5997 2.9476 -37.6671 29.8304 -48.6494 -27.9938 8.5903 -38.2665 14.3795 -48.9614 -29.0138 11.7991 -38.8170 0.4869 -48.7849 -29.8121 14.1807 -39.6708 -7.3499 -48.4420 -30.5638 16.4350 -40.5195 -12.1073 -47.8649
-12.5032 -40.1553 15.4800 -30.2456 -48.6227 -4.5674 -39.3176 13.2277 -29.4972 -48.8903 4.9994 -38.5506 10.8657 -28.7354 -48.9360 18.4530 -38.1715 7.8802 -27.8282 -48.5760 30.6425 -37.6331 2.7913 -26.6041 -47.5890 35.0605 -36.5917 -9.5142 -24.6287 -45.8361 31.0003 -34.8202 -32.7319 -21.1304 -43.4965 23.6964 -32.6124 -45.5510 -14.9768 -40.9020 16.5008 -30.2691 -48.7330 2.9178 -38.4378 9.2396 -27.9581 -48.5068 32.7817 -37.3118 -1.7302 -25.6413 -46.5724 33.4562 -37.1194 16.7169 -38.6703 2.5579 -48.7275 -30.2681 16.4976 -40.8988 -14.9647 -45.5599 -32.6101 23.6842 -43.4910 -21.1215 -32.7874 -34.8141 30.9802 -45.8295 -24.6203 -9.5591 -36.5886 35.0594 -47.5843 -26.5997 2.7701 -37.6303 30.6577 -48.5739 -27.8268 7.8638 -38.1665 18.4811 -48.9352 -28.7340 10.8562 -38.5473 5.0510 -48.8912 -29.4928 13.2091 -39.3107 -4.5060 -48.6253 -30.2407 15.4707 -40.1532 -12.4854
-40.1804 14.5063 -29.9227 -48.7451 -1.0278 -38.9594 12.2450 -29.1798 -48.9519 10.2749 -38.3859 9.8467 -28.4386 -48.8678 22.6006 -38.0519 6.9599 -27.6136 -48.4595 31.7969 -37.5622 2.2454 -26.5390 -47.5586 35.0605 -36.6196 -8.7917 -24.7656 -45.9708 31.4975 -34.9955 -30.7581 -21.5735 -43.7686 24.5473 -32.8850 -44.6563 -16.0134 -41.2388 17.4124 -30.5758 -48.6154 -1.2991 -38.6525 10.3039 -28.2671 -48.6767 30.8452 -37.5016 0.3587 -25.9969 -46.8773 33.7908 -36.0792 -4.9356 -32.0903 11.2936 -38.6719 -1.2967 -48.6161 -30.5744 17.4028 -41.2340 -16.0023 -44.6672 -32.8808 24.5282 -43.7623 -21.5614 -30.8207 -34.9895 31.4779 -45.9643 -24.7583 -8.8311 -36.6183 35.0594 -47.5535 -26.5334 2.2220 -37.5576 31.8097 -48.4581 -27.6105 6.9394 -38.0468 22.6250 -48.8676 -28.4364 9.8408 -38.3846 10.3318 -48.9527 -29.1740 12.2259 -38.9525 -0.9540 -48.7460 -29.9190 14.5009 -40.1771
13.6511 -29.5947 -48.8549 3.3641 -38.6358 11.2429 -28.8641 -48.9522 15.6955 -38.2569 8.7687 -28.1328 -48.7565 26.3403 -37.9151 5.8587 -27.3643 -48.3041 32.9921 -37.4531 1.3408 -26.4103 -47.4679 35.0346 -36.5917 -8.7917 -24.8115 -46.0405 31.8018 -35.1194 -29.1400 -21.9154 -43.9940 25.2917 -33.1259 -43.7117 -16.8801 -41.5533 18.2818 -30.8719 -48.4418 -4.6113 -38.9770 11.3115 -28.5748 -48.8109 28.1553 -37.6719 2.1808 -26.3243 -47.1783 34.4164 -36.0212 -17.1151 -26.3879 -48.3820 -29.2798 11.3817 -38.9750 -4.5934 -48.4431 -30.8706 18.2684 -41.5498 -16.8651 -43.7266 -33.1203 25.2713 -43.9871 -21.9037 -29.2061 -35.1135 31.7886 -46.0360 -24.8051 -8.8311 -36.5886 35.0320 -47.4624 -26.4044 1.3055 -37.4481 33.0089 -48.3018 -27.3591 5.8340 -37.9112 26.3765 -48.7561 -28.1298 8.7579 -38.2576 15.7828 -48.9518 -28.8581 11.2232 -38.6290 3.4249 -48.8560 -29.5899 13.6409
-28.4684 -48.9386 8.4815 -38.4293 10.2125 -28.5504 -48.8992 20.7184 -38.1185 7.6256 -27.8232 -48.6065 29.4277 -37.7624 4.5826 -27.0899 -48.1108 34.0059 -37.3048 0.0476 -26.2213 -47.3200 34.9433 -36.5083 -9.5142 -24.7656 -46.0405 31.9011 -35.1853 -28.0672 -22.1539 -44.1661 25.8865 -33.3270 -42.7710 -17.5886 -41.8384 19.0860 -31.1485 -48.2043 -7.2053 -39.3100 12.2573 -28.8775 -48.9042 24.6996 -37.8330 3.7843 -26.6316 -47.4679 34.8734 -36.2633 -15.2251 -24.1588 -46.2959 -7.8305 -48.7713 -28.9492 12.2509 -39.3040 -7.1902 -48.2060 -31.1476 19.0729 -41.8350 -17.5726 -42.7969 -33.3210 25.8658 -44.1593 -22.1425 -28.1349 -35.1788 31.8938 -46.0360 -24.7583 -9.5591 -36.5032 34.9378 -47.3143 -26.2150 0.0105 -37.3028 34.0222 -48.1068 -27.0841 4.5551 -37.7599 29.4552 -48.6048 -27.8203 7.6142 -38.1187 20.8035 -48.8978 -28.5443 10.1922 -38.4248 8.5447 -48.9397 -28.4619
-48.8474 13.9272 -38.3016 9.1425 -28.2384 -48.8004 25.0075 -37.9714 6.4064 -27.5155 -48.4228 31.7784 -37.5999 3.1086 -26.8005 -47.8837 34.7046 -37.1229 -1.6598 -25.9737 -47.1216 34.7316 -36.3733 -10.9508 -24.6287 -45.9708 31.8018 -35.1853 -27.6951 -22.2773 -44.2757 26.3128 -33.4782 -41.9334 -18.1441 -42.0868 19.8103 -31.3978 -47.9173 -9.1984 -39.6239 13.1444 -29.1692 -48.9533 20.5417 -37.9824 5.1974 -26.9329 -47.7423 35.0701 -36.5287 -11.5890 -24.2647 -45.6001 34.4656 -39.8743 15.9757 -48.9179 -29.1720 13.1271 -39.6183 -9.1848 -47.9196 -31.3966 19.7965 -42.0817 -18.1285 -41.9622 -33.4723 26.2920 -44.2691 -22.2662 -27.7631 -35.1788 31.7886 -45.9643 -24.6203 -11.0208 -36.3680 34.7231 -47.1161 -25.9673 -1.6860 -37.1229 34.7144 -47.8789 -26.7947 3.0871 -37.5978 31.7977 -48.4209 -27.5125 6.3932 -37.9695 25.0810 -48.7980 -28.2323 9.1220 -38.3013 14.0216 -48.8472
8.1841 -37.9639 8.0140 -27.9282 -48.6617 28.4498 -37.8170 5.0872 -27.2095 -48.2108 33.4156 -37.4218 1.4175 -26.5015 -47.6267 35.0393 -36.9120 -3.8035 -25.6697 -46.8813 34.3565 -36.1913 -13.1093 -24.4046 -45.8361 31.4975 -35.1194 -28.0672 -22.2773 -44.3119 26.5392 -33.5747 -41.2998 -18.5396 -42.2830 20.4158 -31.6127 -47.6026 -10.7257 -39.9119 13.9553 -29.4438 -48.9562 15.9077 -38.1186 6.4462 -27.2281 -47.9936 34.9333 -36.7814 -8.1555 -24.6860 -45.8024 31.2634 -36.5680 14.4054 -38.3590 15.5531 -48.9530 -29.4388 13.9371 -39.9061 -10.7141 -47.6057 -31.6112 20.4019 -42.2779 -18.5248 -41.3301 -33.5691 26.5189 -44.3054 -22.2662 -28.1349 -35.1135 31.4779 -45.8295 -24.3957 -13.1804 -36.1877 34.3463 -46.8759 -25.6641 -3.8328 -36.9097 35.0422 -47.6214 -26.4959 1.3974 -37.4198 33.4284 -48.2086 -27.2064 5.0647 -37.8144 28.5080 -48.6586 -27.9223 7.9989 -37.9634 8.2759
-37.9596 6.8151 -27.6196 -48.4886 31.0649 -37.6561 3.6367 -26.9051 -47.9742 34.4425 -37.2211 -0.5217 -26.1847 -47.3455 35.0219 -36.6731 -6.4392 -25.3155 -46.6040 33.7977 -35.9704 -15.9186 -24.0983 -45.6404 31.0003 -34.9955 -29.1400 -22.1539 -44.2757 26.5392 -33.6089 -40.9461 -18.7818 -42.4188 20.8696 -31.7833 -47.2914 -11.8801 -40.1681 14.6827 -29.6957 -48.9155 11.2374 -38.2426 7.5595 -27.5133 -48.2169 34.4001 -37.0153 -5.1623 -25.1058 -46.1254 31.7226 -35.4160 -12.7032 -31.3875 8.6751 -38.2629 11.2906 -48.9170 -29.6898 14.6667 -40.1626 -11.8703 -47.2949 -31.7818 20.8562 -42.4139 -18.7689 -40.9743 -33.6038 26.5189 -44.2691 -22.1425 -29.2061 -34.9895 30.9802 -45.6337 -24.0903 -15.9818 -35.9683 33.7874 -46.6002 -25.3099 -6.4937 -36.6681 35.0183 -47.3401 -26.1800 -0.5428 -37.2191 34.4498 -47.9719 -26.9019 3.6091 -37.6530 31.1079 -48.4850 -27.6137 6.7981 -37.9558
5.2862 -27.3195 -48.2856 32.9331 -37.4842 2.0143 -26.6023 -47.7165 34.9607 -36.9986 -2.7737 -25.8406 -47.0471 34.7004 -36.4113 -9.6073 -24.9176 -46.2988 33.0648 -35.7185 -19.2277 -23.7183 -45.3923 30.3267 -34.8202 -30.7581 -21.9154 -44.1661 26.3128 -33.5747 -40.9461 -18.8671 -42.4911 21.1605 -31.9044 -47.0248 -12.7090 -40.3793 15.3057 -29.9180 -48.8398 7.0080 -38.3508 8.5502 -27.7851 -48.4110 33.4336 -37.2243 -2.6573 -25.4931 -46.4469 32.6223 -35.3300 -26.3111 -25.2472 -48.7427 -28.4711 8.6297 -38.3512 7.0997 -48.8422 -29.9147 15.2919 -40.3743 -12.6992 -47.0287 -31.9029 21.1506 -42.4877 -18.8558 -40.9743 -33.5691 26.2920 -44.1593 -21.9037 -30.8207 -34.8141 30.3064 -45.3865 -23.7124 -19.2683 -35.7152 33.0561 -46.2946 -24.9101 -9.6742 -36.4061 34.6918 -47.0434 -25.8362 -2.7976 -36.9963 34.9636 -47.7137 -26.5979 1.9815 -37.4807 32.9626 -48.2814 -27.3136 5.2588
-26.0377 -48.0543 34.1564 -37.2919 0.1674 -26.2927 -47.4404 35.0643 -36.7571 -5.4119 -25.4664 -46.7370 34.1404 -36.1359 -13.2524 -24.4810 -45.9748 32.1886 -35.4413 -22.8221 -23.2756 -45.1070 29.5022 -34.6001 -32.7318 -21.5735 -43.9940 25.8865 -33.4782 -41.2998 -18.7818 -42.4911 21.2632 -31.9708 -46.8370 -13.2625 -40.5383 15.7919 -30.1022 -48.7595 3.5240 -38.4413 9.4118 -28.0367 -48.5719 32.0309 -37.4070 -0.5801 -25.8446 -46.7517 33.4525 -35.5824 -24.5623 -22.9176 -45.4606 0.5142 -48.4500 -28.1047 9.4009 -38.4406 3.5756 -48.7610 -30.1013 15.7788 -40.5335 -13.2532 -46.8435 -31.9672 21.2569 -42.4877 -18.7689 -41.3301 -33.4723 25.8658 -43.9871 -21.5614 -32.7874 -34.5954 29.4837 -45.1020 -23.2689 -22.8701 -35.4357 32.1758 -45.9682 -24.4722 -13.3265 -36.1305 34.1281 -46.7337 -25.4617 -5.4398 -36.7547 35.0635 -47.4359 -26.2868 0.1291 -37.2879 34.1744 -48.0496 -26.0314
-47.7184 34.8345 -37.0775 -1.9691 -25.9600 -47.1486 34.8362 -36.4995 -8.4911 -25.0621 -46.4165 33.3992 -35.8494 -17.1881 -24.0109 -45.6355 31.2097 -35.1459 -26.4569 -22.7751 -44.7912 28.5673 -34.3439 -34.8763 -21.1305 -43.7686 25.2917 -33.3270 -41.9334 -18.5396 -42.4188 21.1605 -31.9708 -46.7663 -13.5510 -40.6418 16.1376 -30.2399 -48.7056 0.9040 -38.5498 10.1449 -28.2623 -48.6971 30.2693 -37.5615 1.1460 -26.1553 -47.0372 34.1407 -35.8592 -20.9469 -23.0659 -44.7856 32.4467 -39.2415 27.7035 -48.6811 -28.2657 10.1299 -38.5473 0.9256 -48.7061 -30.2387 16.1249 -40.6383 -13.5366 -46.7755 -31.9672 21.1506 -42.4139 -18.5248 -41.9622 -33.3210 25.2713 -43.7623 -21.1215 -34.9241 -34.3408 28.5511 -44.7860 -22.7658 -26.5223 -35.1393 31.1898 -45.6288 -24.0015 -17.2661 -35.8438 33.3841 -46.4131 -25.0580 -8.5232 -36.4978 34.8305 -47.1433 -25.9533 -2.0139 -37.0731 34.8429 -47.7135
31.9583 -36.7273 -4.4687 -25.5959 -46.8433 34.3483 -36.2281 -12.0085 -24.6299 -46.0866 32.5192 -35.5544 -21.2128 -23.5120 -45.2891 30.1600 -34.8371 -29.9129 -22.2232 -44.4521 27.5498 -34.0600 -37.0403 -20.5936 -43.4966 24.5473 -33.1259 -42.7710 -18.1441 -42.2830 20.8696 -31.9044 -46.8370 -13.5510 -40.6784 16.3265 -30.3288 -48.6702 -0.8692 -38.6939 10.7398 -28.4588 -48.7910 28.2690 -37.6895 2.5526 -26.4226 -47.2971 34.6518 -36.1214 -17.2033 -23.5302 -44.9724 28.6976 -35.9567 11.8577 -37.9385 28.0611 -48.7885 -28.4567 10.7248 -38.6887 -0.8503 -48.6708 -30.3257 16.3176 -40.6761 -13.5366 -46.8435 -31.9029 20.8562 -42.2779 -18.1285 -42.7969 -33.1203 24.5282 -43.4910 -20.5850 -37.0690 -34.0563 27.5340 -44.4483 -22.2123 -29.9766 -34.8294 30.1380 -45.2820 -23.5019 -21.2905 -35.5478 32.5071 -46.0830 -24.6254 -12.0447 -36.2262 34.3378 -46.8374 -25.5886 -4.5213 -36.7228 31.9750
-36.2320 -7.4159 -25.2022 -46.5263 33.6615 -35.9451 -15.8685 -24.1692 -45.7486 31.5469 -35.2506 -25.1221 -22.9829 -44.9372 29.0773 -34.5206 -33.0523 -21.6222 -44.0991 26.4889 -33.7556 -39.0936 -19.9677 -43.1909 23.6970 -32.8850 -43.7117 -17.5886 -42.0868 20.4158 -31.7833 -47.0248 -13.2625 -40.6418 16.3265 -30.3613 -48.6470 -1.9077 -38.8158 11.1695 -28.6147 -48.8562 26.1780 -37.7983 3.6954 -26.6540 -47.5248 34.9612 -36.3600 -13.7050 -23.9820 -45.2856 29.1516 -34.6749 -22.5542 -30.5857 5.1338 -37.8184 26.1959 -48.8546 -28.6108 11.1587 -38.8120 -1.8741 -48.6483 -30.3565 16.3176 -40.6383 -13.2532 -47.0287 -31.7818 20.4019 -42.0817 -17.5726 -43.7266 -32.8808 23.6842 -43.1856 -19.9565 -39.1171 -33.7502 26.4703 -44.0944 -21.6097 -33.1294 -34.5111 29.0526 -44.9300 -22.9722 -25.1957 -35.2442 31.5354 -45.7451 -24.1646 -15.9098 -35.9413 33.6468 -46.5201 -25.1943 -7.4772 -36.2264
-12.2080 -24.7811 -46.1991 32.8262 -35.6522 -19.8877 -23.6799 -45.4040 30.5110 -34.9406 -28.7630 -22.4220 -44.5809 27.9759 -34.2000 -35.8297 -20.9761 -43.7383 25.4049 -33.4375 -40.9418 -19.2551 -42.8592 22.7780 -32.6126 -44.6561 -16.8803 -41.8385 19.8103 -31.6127 -47.2914 -12.7090 -40.5383 16.1376 -30.3288 -48.6470 -2.2589 -38.8788 11.4281 -28.7196 -48.8950 24.3048 -37.8854 4.5971 -26.8565 -47.7214 35.0711 -36.5694 -10.6337 -24.3875 -45.5897 30.0862 -34.5580 -34.3244 -23.8698 -48.8045 -27.5315 4.7050 -37.8850 24.3605 -48.8928 -28.7148 11.4217 -38.8767 -2.2094 -48.6483 -30.3257 16.1249 -40.5335 -12.6992 -47.2949 -31.6112 19.7965 -41.8350 -16.8651 -44.6672 -32.6101 22.7647 -42.8532 -19.2420 -40.9736 -33.4313 25.3837 -43.7312 -20.9593 -35.9013 -34.1902 27.9510 -44.5737 -22.4107 -28.8304 -34.9341 30.4997 -45.4004 -23.6746 -19.9534 -35.6468 32.8089 -46.1927 -24.7726 -12.2806
-23.3947 -45.8600 31.8830 -35.3511 -23.8553 -23.1608 -45.0536 29.4353 -34.6254 -32.0509 -21.8268 -44.2212 26.8685 -33.8762 -38.2342 -20.2858 -43.3732 24.3198 -33.1113 -42.5666 -18.4563 -42.5095 21.8110 -32.3169 -45.5502 -16.0144 -41.5541 19.0878 -31.3980 -47.6026 -11.8801 -40.3793 15.7919 -30.2399 -48.6702 -1.9077 -38.8788 11.5162 -28.7744 -48.9145 22.9313 -37.9481 5.2614 -27.0220 -47.8815 35.0065 -36.7516 -8.0784 -24.7432 -45.8717 30.9866 -34.7923 -33.1752 -21.3963 -44.6968 15.4442 -47.9067 -27.0850 5.2588 -37.9456 22.9920 -48.9125 -28.7694 11.5098 -38.8767 -1.8741 -48.6708 -30.2387 15.7788 -40.3743 -11.8703 -47.6057 -31.3966 19.0729 -41.5498 -16.0023 -45.5600 -32.3141 21.7922 -42.5025 -18.4396 -42.5966 -33.1049 24.2988 -43.3658 -20.2665 -38.2971 -33.8665 26.8454 -44.2139 -21.8148 -32.1110 -34.6188 29.4238 -45.0501 -23.1530 -23.9251 -35.3453 31.8640 -45.8534 -23.3867
-45.5359 30.8544 -35.0437 -27.5973 -22.6107 -44.6987 28.3377 -34.3045 -34.9570 -21.1940 -43.8587 25.7671 -33.5503 -40.2929 -19.5452 -43.0066 23.2506 -32.7827 -43.9474 -17.5638 -42.1490 20.8174 -32.0065 -46.3515 -14.9787 -41.2406 18.2862 -31.1502 -47.9169 -10.7257 -40.1681 15.3057 -30.1022 -48.7056 -0.8692 -38.8158 11.4281 -28.7744 -48.9206 22.1693 -37.9864 5.7038 -27.1428 -47.9993 34.8247 -36.9020 -6.0292 -25.0462 -46.1249 31.7857 -35.0450 -30.6685 -21.5581 -43.8787 29.6497 -38.7541 34.2913 -47.9973 -27.1435 5.6937 -37.9837 22.2341 -48.9186 -28.7694 11.4217 -38.8120 -0.8503 -48.7061 -30.1013 15.2919 -40.1626 -10.7141 -47.9196 -31.1476 18.2684 -41.2337 -14.9624 -46.3573 -32.0014 20.7974 -42.1396 -17.5449 -43.9728 -32.7762 23.2300 -42.9992 -19.5238 -40.3466 -33.5406 25.7448 -43.8514 -21.1813 -35.0077 -34.2994 28.3262 -44.6949 -22.6010 -27.6655 -35.0377 30.8342 -45.5298
29.7733 -34.6661 -31.0081 -22.0272 -44.3400 27.2324 -33.9815 -37.4824 -20.5189 -43.4939 24.6772 -33.2229 -42.0391 -18.7456 -42.6393 22.1992 -32.4550 -45.0940 -16.5790 -41.7822 19.8173 -31.6860 -47.0279 -13.7482 -40.9033 17.4213 -30.8757 -48.2019 -9.2001 -39.9125 14.6827 -29.9180 -48.7595 0.9040 -38.6939 11.1695 -28.7196 -48.9145 22.1693 -37.9996 5.9318 -27.2189 -48.0777 34.6129 -37.0128 -4.4986 -25.2934 -46.3421 32.4591 -35.2725 -28.0221 -22.0260 -44.0242 25.8110 -35.2497 8.6262 -37.3440 34.5861 -48.0739 -27.2138 5.9221 -37.9969 22.2341 -48.9125 -28.7148 11.1587 -38.6887 0.9256 -48.7610 -29.9146 14.6666 -39.9061 -9.1848 -48.2060 -30.8706 17.4024 -40.8960 -13.7229 -47.0366 -31.6797 19.7971 -41.7727 -16.5564 -45.1150 -32.4472 22.1787 -42.6318 -18.7222 -42.0852 -33.2132 24.6553 -43.4868 -20.5053 -37.5257 -33.9767 27.2201 -44.3342 -22.0158 -31.0702 -34.6601 29.7557
-33.8739 -34.0590 -21.4071 -43.9784 26.1286 -33.6561 -39.6515 -19.7958 -43.1278 23.6023 -32.8931 -43.5080 -17.8761 -42.2715 21.1661 -32.1262 -46.0348 -15.4870 -41.4149 18.8223 -31.3604 -47.5789 -12.2846 -40.5526 16.5087 -30.5793 -48.4401 -7.2220 -39.6245 13.9553 -29.6957 -48.8398 3.5240 -38.5499 10.7398 -28.6147 -48.8950 22.9313 -37.9864 5.9318 -27.2455 -48.1192 34.4428 -37.0853 -3.4770 -25.4779 -46.5157 33.0005 -35.4693 -25.4912 -22.4545 -44.2914 26.1525 -33.8086 -32.4463 -29.6063 -0.9929 -37.1308 34.4511 -48.1147 -27.2396 5.9221 -37.9837 22.9920 -48.8928 -28.6108 10.7248 -38.5473 3.5779 -48.8422 -29.6897 13.9369 -39.6182 -7.1880 -48.4445 -30.5730 16.4898 -40.5454 -12.2536 -47.5885 -31.3539 18.8027 -41.4074 -15.4551 -46.0534 -32.1182 21.1448 -42.2618 -17.8504 -43.5460 -32.8847 23.5809 -43.1206 -19.7812 -39.6884 -33.6520 26.1106 -43.9719 -21.3948 -34.1134 -33.8676
-37.7905 -20.7426 -43.6143 25.0348 -33.3293 -41.5060 -19.0167 -42.7607 22.5450 -32.5639 -44.7309 -16.9227 -41.9038 20.1505 -31.7982 -46.7946 -14.2499 -41.0485 17.8408 -31.0358 -48.0085 -10.5487 -40.1957 15.5731 -30.2706 -48.6152 -4.6486 -39.3101 13.1447 -29.4449 -48.9155 7.0074 -38.4414 10.1455 -28.4600 -48.8556 24.3032 -37.9483 5.7044 -27.2198 -48.1193 34.3749 -37.1242 -2.8773 -25.5976 -46.6403 33.3941 -35.6296 -23.2148 -22.8170 -44.5374 26.9096 -33.6494 -40.6528 -22.0720 -48.3907 -26.3176 -2.6906 -37.1242 34.3903 -48.1146 -27.2129 5.6930 -37.9454 24.3614 -48.8546 -28.4566 10.1296 -38.4402 7.1046 -48.9170 -29.4377 13.1259 -39.3036 -4.5861 -48.6181 -30.2643 15.5476 -40.1875 -10.5041 -48.0185 -31.0275 17.8204 -41.0407 -14.2117 -46.8140 -31.7898 20.1287 -41.8934 -16.8937 -44.7624 -32.5558 22.5238 -42.7535 -19.0010 -41.5280 -33.3248 25.0150 -43.6072 -20.7295 -37.8324
-19.7561 -43.2455 23.9585 -33.0082 -43.0544 -18.1769 -42.3950 21.5150 -32.2415 -45.7352 -15.8708 -41.5383 19.1594 -31.4781 -47.3984 -12.8388 -40.6849 16.8775 -30.7185 -48.3261 -8.4712 -39.8378 14.6293 -29.9616 -48.7259 -1.3409 -38.9810 12.2687 -29.1757 -48.9530 11.1876 -38.3526 9.4178 -28.2693 -48.7901 26.1379 -37.8871 5.2766 -27.1493 -48.0789 34.4366 -37.1285 -2.6573 -25.6648 -46.7134 33.6474 -35.7445 -21.3627 -23.1189 -44.7476 27.6109 -33.8324 -40.1834 -19.3559 -43.7706 29.9385 -46.8993 -25.7260 -2.7111 -37.1198 34.4574 -48.0730 -27.1369 5.2503 -37.8828 26.2150 -48.7905 -28.2598 9.3936 -38.3485 11.3431 -48.9566 -29.1631 12.2383 -38.9700 -1.2458 -48.7343 -29.9483 14.5919 -39.8250 -8.3901 -48.3366 -30.7023 16.8475 -40.6730 -12.7857 -47.4192 -31.4619 19.1287 -41.5257 -15.8317 -45.7651 -32.2268 21.4846 -42.3857 -18.1546 -43.0797 -32.9952 23.9334 -43.2376 -19.7393
-43.0789 22.9754 -32.7603 -44.2587 -17.3326 -42.0562 20.5707 -31.9899 -46.5023 -14.7806 -41.2009 18.2472 -31.2260 -47.8428 -11.3247 -40.3502 15.9844 -30.4672 -48.5367 -6.1160 -39.5069 13.7363 -29.7143 -48.7809 2.5332 -38.6755 11.4004 -28.9529 -48.9184 15.4896 -38.2659 8.6463 -28.1071 -48.6829 28.0033 -37.8222 4.7314 -27.0908 -48.0022 34.5733 -37.1351 -2.6479 -25.7336 -46.7661 33.8613 -35.8701 -20.1840 -23.3053 -45.0127 28.2941 -34.0948 -38.8518 -19.8485 -42.9059 26.4657 -38.2306 34.5849 -46.7737 -25.6304 -2.9330 -37.0808 34.6251 -47.9945 -27.0162 4.5784 -37.7955 28.2887 -48.6959 -28.0324 8.5295 -38.2402 16.0096 -48.9528 -28.8715 11.2922 -38.6480 2.9770 -48.8442 -29.6286 13.6252 -39.4643 -5.7977 -48.5574 -30.3786 15.8816 -40.3080 -11.1206 -47.8897 -31.1353 18.1369 -41.1587 -14.6390 -46.5814 -31.8981 20.4631 -42.0178 -17.2279 -44.3823 -32.6650 22.8593 -43.0423
23.3611 -33.1157 -44.3416 -17.3082 -42.0037 20.4682 -32.3509 -46.5865 -14.6692 -41.1518 18.1441 -31.5796 -47.8927 -11.1131 -40.3070 15.8815 -30.8115 -48.5587 -5.7269 -39.4687 13.6317 -30.0481 -48.7779 3.1959 -38.6733 11.3102 -29.2843 -48.7724 15.9110 -38.3620 8.6901 -28.4721 -48.4502 27.6681 -37.9421 5.1577 -27.5362 -47.9115 34.2748 -37.3457 -0.9725 -26.3235 -46.9055 34.6162 -36.3664 -14.4024 -24.1795 -45.3862 30.2227 -34.9738 -34.3716 -21.9734 -44.0462 25.0786 -34.6882 4.2040 -36.4350 33.7445 -46.7269 -25.5886 -3.5276 -37.0083 34.8334 -47.8766 -26.8510 3.6674 -37.6871 30.2957 -48.5695 -27.7802 7.5382 -38.1159 20.6294 -48.9036 -28.5700 10.2908 -38.4364 8.0207 -48.9342 -29.3108 12.6486 -39.1055 -2.5684 -48.6937 -30.0563 14.9183 -39.9448 -9.1343 -48.2430 -30.8095 17.1602 -40.7927 -13.2787 -47.2353 -31.5700 19.4581 -41.6502 -16.1985 -45.4547 -32.3039 22.1387
