6.0808 -26.2294 -47.8837 31.3065 -36.4021 -10.0180 -23.6363 -45.7247 30.2965 -34.0619 -36.4538 -20.0744 -43.2396 22.7397 -31.5310 -46.9926 -14.4514 -40.7326 15.2972 -29.0214 -48.8125 0.8017 -38.3213 7.4484 -26.5782 -48.1052 29.7686 -36.6882 -6.5524 -24.0585 -46.0669 31.1924 -34.4259 -33.5033 -20.6825 -43.6128 23.8862 -31.9068 -46.2029 -15.5373 -41.0980 16.3721 -29.3855 -48.7851 -3.0139 -38.6676 8.7421 -26.9318 -48.3265 27.3924 -36.9685 -3.4684 -24.5154 -46.5246 31.6244 -41.0042 -6.0884 -48.7830 -29.3915 16.3599 -41.0938 -15.5300 -46.2088 -31.9043 23.8725 -43.6084 -20.6737 -33.5519 -34.4201 31.1783 -46.0612 -24.0512 -6.6107 -36.6832 29.8036 -48.1010 -26.5719 7.4245 -38.3152 0.8782 -48.8129 -29.0160 15.2788 -40.7264 -14.4403 -46.9990 -31.5290 22.7257 -43.2350 -20.0688 -36.4789 -34.0591 30.2820 -45.7194 -23.6289 -10.0825 -36.3966 31.3298 -47.8790 -26.2250 6.0564
-26.2294 -48.1026 34.6269 -36.8274 -5.8102 -25.0154 -46.0497 31.4372 -34.8347 -32.4396 -21.1114 -43.4488 23.4705 -32.4884 -45.8621 -14.5034 -40.7554 16.0938 -30.1166 -48.7867 5.1390 -38.1935 8.7340 -27.8212 -48.4172 33.4400 -37.0848 -2.8503 -25.4613 -46.4075 32.4902 -35.1665 -28.9053 -21.8034 -43.8453 24.6374 -32.8418 -44.7864 -15.8094 -41.1524 17.1428 -30.4626 -48.6613 0.1472 -38.5010 9.9087 -28.1516 -48.6142 31.6743 -37.2922 -0.4154 -25.8687 -46.7613 33.9628 -37.1798 17.5395 -38.8773 -0.1784 -48.6615 -30.4607 17.1286 -41.1470 -15.7976 -44.7978 -32.8377 24.6193 -43.8392 -21.7920 -28.9697 -35.1608 32.4723 -46.4013 -25.4538 -2.8977 -37.0809 33.4651 -48.4134 -27.8153 8.7124 -38.1890 5.2081 -48.7885 -30.1127 16.0771 -40.7491 -14.4959 -45.8670 -32.4866 23.4548 -43.4434 -21.1072 -32.4604 -34.8333 31.4215 -46.0456 -25.0075 -5.8654 -36.8230 34.6388 -48.0980 -26.2250
-47.8837 34.6269 -37.0324 -4.0669 -25.3279 -46.3428 32.3548 -35.2001 -29.2284 -21.7492 -43.8152 24.5500 -32.8527 -44.8690 -15.7216 -41.1234 17.0659 -30.4525 -48.6697 0.4681 -38.5494 9.8327 -28.1267 -48.6032 31.8173 -37.4178 -0.5646 -25.8324 -46.7306 33.3760 -35.5447 -25.2353 -22.4047 -44.2103 25.7339 -33.2098 -43.5600 -16.8823 -41.5217 18.1241 -30.8030 -48.4986 -3.6474 -38.8589 10.9559 -28.4622 -48.7649 29.2691 -37.6107 1.5206 -26.2032 -47.0645 34.2125 -36.2529 -3.0093 -32.2984 11.9739 -38.8859 -3.6278 -48.5004 -30.8001 18.1141 -41.5179 -16.8670 -43.5807 -33.2055 25.7144 -44.2039 -22.3938 -25.3070 -35.5390 33.3602 -46.7245 -25.8254 -0.6051 -37.4141 31.8553 -48.5999 -28.1207 9.8121 -38.5447 0.5230 -48.6712 -30.4476 17.0544 -41.1190 -15.7107 -44.8795 -32.8499 24.5383 -43.8098 -21.7452 -29.2496 -35.1965 32.3402 -46.3385 -25.3203 -4.1179 -37.0279 34.6388 -47.8790
31.3065 -36.8274 -4.0669 -25.4491 -46.5212 32.9954 -35.4446 -26.0459 -22.3105 -44.1647 25.6157 -33.1770 -43.6752 -16.7957 -41.4908 18.0419 -30.7780 -48.5141 -3.3841 -38.8312 10.8765 -28.4380 -48.7548 29.4810 -37.5962 1.3798 -26.1769 -47.0404 34.1216 -35.8409 -21.3293 -22.9669 -44.5702 26.8346 -33.5374 -42.1010 -17.8408 -41.8893 19.1104 -31.1288 -48.2488 -6.6634 -39.2166 11.9652 -28.7757 -48.8758 26.0629 -37.7724 3.2006 -26.5178 -47.3624 34.7279 -36.1967 -14.5954 -26.6909 -48.1805 -29.4971 12.0421 -39.2151 -6.6383 -48.2517 -31.1256 19.1007 -41.8857 -17.8313 -42.1176 -33.5345 26.8167 -44.5644 -22.9576 -21.4012 -35.8357 34.1090 -47.0346 -26.1706 1.3449 -37.5930 29.5336 -48.7522 -28.4320 10.8566 -38.8243 -3.3200 -48.5178 -30.7716 18.0292 -41.4861 -16.7842 -43.6964 -33.1735 25.6046 -44.1607 -22.3050 -26.0895 -35.4389 32.9796 -46.5153 -25.4416 -4.1179 -36.8230 31.3298
-36.4021 -5.8102 -25.3279 -46.5212 33.2250 -35.5827 -23.5920 -22.7435 -44.4693 26.6062 -33.4830 -42.2975 -17.7444 -41.8566 19.0255 -31.1024 -48.2716 -6.4524 -39.1887 11.8877 -28.7512 -48.8687 26.3425 -37.7599 3.0762 -26.4929 -47.3373 34.6874 -36.1277 -17.3051 -23.4969 -44.9265 27.9402 -33.8633 -40.3663 -18.7133 -42.2571 20.1101 -31.4556 -47.8976 -9.0916 -39.5762 12.9526 -29.0908 -48.9423 22.0067 -37.9292 4.6956 -26.8212 -47.6429 35.0319 -36.4328 -12.8272 -24.4653 -46.5159 -9.4260 -48.8049 -29.1645 12.9534 -39.5729 -9.0702 -47.9016 -31.4524 20.1003 -42.2536 -18.7052 -40.3846 -33.8606 27.9287 -44.9228 -23.4894 -17.3706 -36.1240 34.6794 -47.3322 -26.4872 3.0459 -37.7569 26.4111 -48.8669 -28.7452 11.8683 -39.1818 -6.3991 -48.2773 -31.0972 19.0071 -41.8498 -17.7322 -42.3178 -33.4779 26.5940 -44.4667 -22.7366 -23.6528 -35.5793 33.2094 -46.5153 -25.3203 -5.8654 -36.3966
-10.0180 -25.0154 -46.3428 32.9954 -35.5827 -22.6585 -22.9825 -44.6831 27.3984 -33.7432 -40.8331 -18.5564 -42.2053 19.9924 -31.4224 -47.9330 -8.9046 -39.5481 12.8764 -29.0662 -48.9388 22.3534 -37.9168 4.5831 -26.7961 -47.6193 35.0165 -36.4035 -13.3638 -23.9968 -45.2785 29.0418 -34.1870 -38.3204 -19.5153 -42.6250 21.1257 -31.7834 -47.4296 -11.0844 -39.9376 13.9261 -29.4080 -48.9580 17.1629 -38.0789 6.0503 -27.1263 -47.9059 35.0262 -36.6894 -9.3876 -24.5495 -45.8083 34.8592 -40.0400 12.2173 -48.9161 -29.4136 13.9176 -39.9342 -11.0666 -47.4348 -31.7802 21.1157 -42.6214 -19.5078 -38.3419 -34.1838 29.0312 -45.2751 -23.9917 -13.4036 -36.4017 35.0138 -47.6149 -26.7917 4.5574 -37.9143 22.4371 -48.9380 -29.0601 12.8575 -39.5411 -8.8758 -47.9397 -31.4178 19.9733 -42.1982 -18.5410 -40.8579 -33.7371 27.3839 -44.6791 -22.9757 -22.7129 -35.5793 32.9796 -46.3385 -25.0075 -10.0825
-23.6363 -46.0497 32.3548 -35.4446 -23.5920 -22.9825 -44.7613 27.8455 -33.9207 -39.5272 -19.1918 -42.5153 20.9015 -31.7260 -47.4982 -10.8852 -39.9032 13.8428 -29.3819 -48.9586 17.5687 -38.0665 5.9454 -27.1000 -47.8839 35.0411 -36.6663 -9.7070 -24.4676 -45.6253 30.1271 -34.5076 -35.9298 -20.2581 -42.9924 22.1586 -32.1119 -46.8270 -12.7556 -40.3009 14.8926 -29.7282 -48.9145 11.7960 -38.2220 7.3018 -27.4321 -48.1488 34.6296 -36.9347 -6.2018 -24.9534 -46.0110 31.8944 -36.7252 15.0808 -38.4603 11.3764 -48.9107 -29.7265 14.8828 -40.2971 -12.7401 -46.8338 -32.1087 22.1484 -42.9888 -20.2511 -35.9549 -34.5046 30.1167 -45.6219 -24.4632 -9.7407 -36.6648 35.0427 -47.8812 -27.0967 5.9242 -38.0647 17.6617 -48.9589 -29.3759 13.8249 -39.8985 -10.8662 -47.5058 -31.7203 20.8820 -42.5082 -19.1768 -39.5663 -33.9140 27.8319 -44.7561 -22.9757 -23.6528 -35.4389 32.3402 -46.0456 -23.6289
-45.7247 31.4372 -35.2001 -26.0459 -22.7435 -44.6831 27.8455 -33.9841 -38.7463 -19.5988 -42.7536 21.6656 -31.9914 -46.9961 -12.4563 -40.2443 14.7712 -29.6941 -48.9219 12.2748 -38.2083 7.1975 -27.4054 -48.1285 34.6820 -36.9138 -6.4658 -24.9101 -45.9658 31.1794 -34.8245 -33.1670 -20.9502 -43.3591 23.2098 -32.4411 -46.0691 -14.1868 -40.6659 15.8574 -30.0500 -48.8100 6.3890 -38.3539 8.4643 -27.7394 -48.3678 33.7508 -37.1628 -3.4480 -25.3608 -46.3312 32.3276 -35.6001 -10.3170 -31.5974 9.5289 -38.3740 6.4070 -48.8102 -30.0469 15.8465 -40.6615 -14.1722 -46.0785 -32.4376 23.1991 -43.3554 -20.9436 -33.1960 -34.8214 31.1694 -45.9625 -24.9058 -6.4951 -36.9115 34.6877 -48.1262 -27.4023 7.1850 -38.2068 12.3723 -48.9233 -29.6880 14.7599 -40.2420 -12.4334 -47.0066 -31.9852 21.6456 -42.7465 -19.5841 -38.7843 -33.9770 27.8319 -44.6791 -22.7366 -26.0895 -35.1965 31.4215 -45.7194
30.2965 -34.8347 -29.2284 -22.3105 -44.4693 27.3984 -33.9207 -38.7463 -19.7385 -42.8826 22.1777 -32.1910 -46.5003 -13.6420 -40.5548 15.6313 -29.9906 -48.8236 6.9989 -38.3392 8.3566 -27.7116 -48.3497 33.8493 -37.1435 -3.6735 -25.3238 -46.2988 32.1767 -35.1366 -30.0183 -21.5982 -43.7247 24.2795 -32.7717 -45.1325 -15.4351 -41.0337 16.8287 -30.3724 -48.6956 1.5383 -38.4895 9.5639 -28.0485 -48.5596 32.2899 -37.3699 -1.0984 -25.7433 -46.6534 33.1814 -35.5203 -23.9413 -25.5827 -48.6825 -28.7383 9.6457 -38.4885 1.5799 -48.6965 -30.3691 16.8135 -41.0272 -15.4207 -45.1457 -32.7666 24.2675 -43.7206 -21.5918 -30.0521 -35.1335 32.1672 -46.2955 -25.3200 -3.6986 -37.1414 33.8600 -48.3477 -27.7093 8.3441 -38.3394 7.0951 -48.8262 -29.9849 15.6255 -40.5525 -13.6191 -46.5140 -32.1852 22.1597 -42.8759 -19.7242 -38.7843 -33.9140 27.3839 -44.4667 -22.3050 -29.2496 -34.8333 30.2820
-34.0619 -32.4396 -21.7492 -44.1647 26.6062 -33.7432 -39.5272 -19.5988 -42.8826 22.3592 -32.2981 -46.1279 -14.4394 -40.8082 16.3776 -30.2565 -48.7218 2.4438 -38.4523 9.4259 -28.0142 -48.5428 32.4557 -37.3524 -1.2911 -25.7088 -46.6229 33.0909 -35.4429 -26.4973 -22.2078 -44.0886 25.3660 -33.1019 -43.9861 -16.5444 -41.4006 17.8014 -30.6960 -48.5608 -2.4981 -38.7413 10.6167 -28.3593 -48.7199 30.1427 -37.5532 0.9180 -26.0958 -46.9663 33.9554 -35.7756 -22.0812 -23.2694 -45.7018 -2.6882 -48.5927 -28.4301 10.6179 -38.7382 -2.4631 -48.5625 -30.6930 17.7910 -41.3940 -16.5256 -44.0092 -33.0953 25.3519 -44.0840 -22.2007 -26.5382 -35.4396 33.0822 -46.6197 -25.7050 -1.3127 -37.3505 32.4651 -48.5405 -28.0111 9.4096 -38.4548 2.5175 -48.7243 -30.2513 16.3719 -40.8047 -14.4180 -46.1408 -32.2941 22.3434 -42.8759 -19.5841 -39.5663 -33.7371 26.5940 -44.1607 -21.7452 -32.4604 -34.0591
-36.4538 -21.1114 -43.8152 25.6157 -33.4830 -40.8331 -19.1918 -42.7536 22.1777 -32.2981 -45.9890 -14.8369 -40.9743 16.9359 -30.4706 -48.6395 -1.0437 -38.6416 10.3820 -28.3033 -48.7006 30.4340 -37.5353 0.7357 -26.0626 -46.9368 33.8871 -35.7431 -22.6658 -22.7822 -44.4515 26.4697 -33.4299 -42.6113 -17.5349 -41.7679 18.7835 -31.0212 -48.3417 -5.7416 -39.0983 11.6349 -28.6720 -48.8438 27.2127 -37.7196 2.6729 -26.4176 -47.2665 34.5695 -36.0602 -18.2600 -23.4147 -45.0116 33.1098 -39.4548 23.8207 -48.8221 -28.6779 11.6271 -39.0951 -5.7141 -48.3443 -31.0180 18.7730 -41.7619 -17.5175 -42.6393 -33.4232 26.4490 -44.4448 -22.7743 -22.7164 -35.7385 33.8789 -46.9335 -26.0600 0.7252 -37.5333 30.4586 -48.6985 -28.2994 10.3722 -38.6417 -0.9914 -48.6407 -30.4674 16.9259 -40.9709 -14.8234 -46.0002 -32.2941 22.1597 -42.7465 -19.1768 -40.8579 -33.4779 25.6046 -43.8098 -21.1072 -36.4789
-20.0744 -43.4488 24.5500 -33.1770 -42.2975 -18.5564 -42.5153 21.6656 -32.1910 -46.1279 -14.8369 -41.0317 17.2333 -30.6093 -48.5535 -3.4337 -38.8965 11.2014 -28.5675 -48.8187 27.8326 -37.6946 2.4593 -26.3811 -47.2357 34.5161 -36.0333 -18.6377 -23.3250 -44.8093 27.5752 -33.7559 -40.9716 -18.4337 -42.1357 19.7784 -31.3476 -48.0256 -8.3447 -39.4572 12.6285 -28.9865 -48.9256 23.4382 -37.8784 4.2308 -26.7225 -47.5524 34.9619 -36.3386 -14.2971 -23.8859 -45.2122 29.4420 -36.1524 12.8070 -38.1240 23.1101 -48.9240 -28.9865 12.6220 -39.4541 -8.3235 -48.0292 -31.3444 19.7680 -42.1318 -18.4180 -41.0051 -33.7497 27.5537 -44.8024 -23.3151 -18.7133 -36.0286 34.5119 -47.2322 -26.3778 2.4512 -37.6943 27.8796 -48.8177 -28.5635 11.1963 -38.8944 -3.4024 -48.5553 -30.6074 17.2195 -41.0299 -14.8234 -46.1408 -32.1852 21.6456 -42.5082 -18.5410 -42.3178 -33.1735 24.5383 -43.4434 -20.0688
-43.2396 23.4705 -32.8527 -43.6752 -17.7444 -42.2053 20.9015 -31.9914 -46.5003 -14.4394 -40.9743 17.2333 -30.6579 -48.4978 -4.7965 -39.0891 11.8428 -28.7904 -48.8971 24.8780 -37.8355 3.9016 -26.6676 -47.5125 34.9276 -36.3096 -14.6785 -23.8346 -45.1629 28.6793 -34.0804 -39.0323 -19.2576 -42.5036 20.7885 -31.6751 -47.5980 -10.4668 -39.8180 13.6056 -29.3029 -48.9589 18.8391 -38.0305 5.6249 -27.0261 -47.8214 35.0672 -36.6048 -10.5545 -24.3607 -45.5461 29.9411 -34.9018 -19.3628 -30.8977 6.8614 -38.0532 18.8155 -48.9588 -29.3029 13.6047 -39.8150 -10.4492 -47.6027 -31.6719 20.7786 -42.4997 -19.2437 -39.0714 -34.0743 28.6580 -45.1560 -23.8252 -14.7326 -36.3042 34.9237 -47.5090 -26.6636 3.8933 -37.8370 24.9331 -48.8965 -28.7863 11.8337 -39.0857 -4.7811 -48.5000 -30.6551 17.2195 -40.9709 -14.4180 -46.5140 -31.9852 20.8820 -42.1982 -17.7322 -43.6964 -32.8499 23.4548 -43.2350
22.7397 -32.4884 -44.8690 -16.7957 -41.8566 19.9924 -31.7260 -46.9961 -13.6420 -40.8082 16.9359 -30.6093 -48.4978 -5.2401 -39.1900 12.2490 -28.9516 -48.9391 21.9498 -37.9540 5.0857 -26.9298 -47.7589 35.0726 -36.5655 -11.0142 -24.3053 -45.5080 29.7685 -34.4021 -36.7590 -20.0189 -42.8712 21.8156 -32.0034 -47.0421 -12.2335 -40.1804 14.5730 -29.6211 -48.9358 13.6066 -38.1763 6.9014 -27.3311 -48.0711 34.8092 -36.8561 -7.2015 -24.8091 -45.8871 30.9475 -34.8025 -32.1197 -24.3656 -48.8201 -27.9976 6.9958 -38.1757 13.6082 -48.9358 -29.6210 14.5721 -40.1780 -12.2189 -47.0481 -32.0002 21.8055 -42.8673 -20.0074 -36.8042 -34.3961 29.7477 -45.5014 -24.2968 -11.0639 -36.5592 35.0723 -47.7556 -26.9258 5.0778 -37.9557 22.0116 -48.9394 -28.9483 12.2384 -39.1862 -5.2255 -48.5000 -30.6074 16.9259 -40.8047 -13.6191 -47.0066 -31.7203 19.9733 -41.8498 -16.7842 -44.8795 -32.4866 22.7257
-31.5310 -45.8621 -15.7216 -41.4908 19.0255 -31.4224 -47.4982 -12.4563 -40.5548 16.3776 -30.4706 -48.5535 -4.7965 -39.1900 12.3869 -29.0376 -48.9567 19.5850 -38.0442 6.0041 -27.1586 -47.9673 34.9423 -36.7905 -7.8619 -24.7322 -45.8382 30.8063 -34.7155 -34.1303 -20.7269 -43.2381 22.8605 -32.3322 -46.3386 -13.7355 -40.5444 15.5364 -29.9412 -48.8478 8.1691 -38.3112 8.0886 -27.6378 -48.2984 34.1000 -37.0906 -4.2879 -25.2297 -46.2219 31.9508 -35.0706 -30.6114 -21.9113 -44.9475 8.0810 -48.2422 -27.7056 8.0920 -38.3085 8.1756 -48.8478 -29.9410 15.5357 -40.5420 -13.7230 -46.3462 -32.3290 22.8503 -43.2345 -20.7153 -34.1828 -34.7099 30.7869 -45.8317 -24.7252 -7.9064 -36.7865 34.9461 -47.9636 -27.1539 5.9892 -38.0437 19.6627 -48.9568 -29.0328 12.3789 -39.1862 -4.7811 -48.5553 -30.4674 16.3719 -40.5525 -12.4334 -47.5058 -31.4178 19.0071 -41.4861 -15.7107 -45.8670 -31.5290
-46.9926 -14.5034 -41.1234 18.0419 -31.1024 -47.9330 -10.8852 -40.2443 15.6313 -30.2565 -48.6395 -3.4337 -39.0891 12.2490 -29.0376 -48.9613 18.2776 -38.0999 6.6296 -27.3359 -48.1297 34.5822 -36.9796 -5.3262 -25.1079 -46.1451 31.7609 -35.0147 -31.2064 -21.3780 -43.6025 23.9230 -32.6612 -45.4654 -15.0373 -40.9096 16.5007 -30.2638 -48.7376 3.0874 -38.4362 9.2068 -27.9463 -48.4997 32.8423 -37.3049 -1.8153 -25.6217 -46.5482 32.8870 -35.3732 -27.3303 -22.1150 -44.1892 30.7711 -38.9881 31.2040 -48.4925 -27.9520 9.1996 -38.4332 3.1011 -48.7377 -30.2626 16.5000 -40.9066 -15.0257 -45.4748 -32.6580 23.9061 -43.5968 -21.3663 -31.2595 -35.0095 31.7431 -46.1387 -25.1021 -5.3469 -36.9784 34.5927 -48.1261 -27.3306 6.6064 -38.0972 18.3715 -48.9608 -29.0328 12.2384 -39.0857 -3.4024 -48.6407 -30.2513 15.6255 -40.2420 -10.8662 -47.9397 -31.0972 18.0292 -41.1190 -14.4959 -46.9990
-14.4514 -40.7554 17.0659 -30.7780 -48.2716 -8.9046 -39.9032 14.7712 -29.9906 -48.7218 -1.0437 -38.8965 11.8428 -28.9516 -48.9567 18.2776 -38.1184 6.9421 -27.4481 -48.2394 34.1220 -37.1299 -3.3796 -25.4239 -46.4193 32.5977 -35.2926 -28.0872 -21.9679 -43.9534 24.9808 -32.9856 -44.4007 -16.1844 -41.2759 17.4704 -30.5871 -48.6153 -1.2549 -38.6496 10.2735 -28.2565 -48.6709 30.9324 -37.4975 0.2999 -25.9835 -46.8644 33.7140 -35.6736 -23.5783 -22.6587 -44.3850 26.8673 -35.5584 10.4594 -37.7473 30.7626 -48.6706 -28.2554 10.2641 -38.6462 -1.2209 -48.6155 -30.5859 17.4639 -41.2727 -16.1739 -44.4170 -32.9838 24.9640 -43.9491 -21.9592 -28.1231 -35.2885 32.5807 -46.4136 -25.4188 -3.3946 -37.1297 34.1386 -48.2352 -27.4424 6.9184 -38.1157 18.3715 -48.9568 -28.9483 11.8337 -38.8944 -0.9914 -48.7243 -29.9849 14.7599 -39.8985 -8.8758 -48.2773 -30.7716 17.0544 -40.7491 -14.4403
-40.7326 16.0938 -30.4525 -48.5141 -6.4524 -39.5481 13.8428 -29.6941 -48.8236 2.4438 -38.6416 11.2014 -28.7904 -48.9391 19.5850 -38.0999 6.9421 -27.4865 -48.2944 33.7423 -37.2328 -2.0190 -25.6716 -46.6498 33.2772 -35.5411 -24.9105 -22.4932 -44.2850 26.0093 -33.3009 -43.1468 -17.1942 -41.6420 18.4486 -30.9119 -48.4257 -4.7472 -38.9802 11.3020 -28.5686 -48.8074 28.2687 -37.6684 2.1310 -26.3144 -47.1689 34.3889 -35.9661 -19.5787 -23.2025 -44.7279 27.3828 -34.1681 -28.3090 -30.1801 3.6899 -37.6895 28.2564 -48.8072 -28.5669 11.2923 -38.9768 -4.7198 -48.4264 -30.9107 18.4399 -41.6368 -17.1879 -43.1620 -33.2981 25.9988 -44.2826 -22.4873 -24.9573 -35.5370 33.2632 -46.6449 -25.6664 -2.0332 -37.2310 33.7633 -48.2903 -27.4810 6.9184 -38.0972 19.6627 -48.9394 -28.7863 11.1963 -38.6417 2.5175 -48.8262 -29.6880 13.8249 -39.5411 -6.3991 -48.5178 -30.4476 16.0771 -40.7264
15.2972 -30.1166 -48.6697 -3.3841 -39.1887 12.8764 -29.3819 -48.9219 6.9989 -38.4523 10.3820 -28.5675 -48.8971 21.9498 -38.0442 6.6296 -27.4481 -48.2944 33.5932 -37.2835 -1.2183 -25.8386 -46.8242 33.7802 -35.7498 -21.9342 -22.9488 -44.5918 26.9845 -33.6009 -41.7077 -18.0858 -41.9996 19.4221 -31.2361 -48.1441 -7.5441 -39.3385 12.3027 -28.8825 -48.9037 24.7758 -37.8291 3.7402 -26.6228 -47.4598 34.8607 -36.2482 -15.5638 -23.7189 -45.0810 28.4325 -34.0580 -38.2825 -23.0039 -48.7067 -27.2666 3.8591 -37.8288 24.7783 -48.9026 -28.8806 12.2932 -39.3350 -7.5215 -48.1457 -31.2322 19.4159 -41.9935 -18.0768 -41.7292 -33.5950 26.9718 -44.5871 -22.9410 -22.0100 -35.7450 33.7679 -46.8190 -25.8339 -1.2456 -37.2804 33.6146 -48.2903 -27.4424 6.6064 -38.0437 22.0116 -48.8965 -28.5635 10.3722 -38.4548 7.0951 -48.9233 -29.3759 12.8575 -39.1818 -3.3200 -48.6712 -30.1127 15.2788
-29.0214 -48.7867 0.4681 -38.8312 11.8877 -29.0662 -48.9586 12.2748 -38.3392 9.4259 -28.3033 -48.8187 24.8780 -37.9540 6.0041 -27.3359 -48.2394 33.7423 -37.2835 -0.9530 -25.9212 -46.9305 34.0978 -35.9068 -19.4462 -23.3201 -44.8611 27.8736 -33.8745 -40.1358 -18.8634 -42.3430 20.3779 -31.5525 -47.7644 -9.7889 -39.6962 13.2845 -29.1983 -48.9537 20.4398 -37.9832 5.1805 -26.9257 -47.7346 35.0686 -36.5186 -11.7452 -24.2060 -45.4307 29.5199 -34.3343 -37.1893 -20.3495 -44.2365 20.5552 -47.7927 -26.9916 5.1869 -37.9807 20.4468 -48.9527 -29.1953 13.2750 -39.6941 -9.7569 -47.7697 -31.5467 20.3705 -42.3364 -18.8515 -40.1665 -33.8681 27.8533 -44.8542 -23.3101 -19.5140 -35.9034 34.0894 -46.9267 -25.9170 -0.9916 -37.2804 33.7633 -48.2352 -27.3306 5.9892 -37.9557 24.9331 -48.8177 -28.2994 9.4096 -38.3394 12.3723 -48.9589 -29.0601 11.8683 -38.8243 0.5230 -48.7885 -29.0160
-48.8125 5.1390 -38.5494 10.8765 -28.7512 -48.9388 17.5687 -38.2083 8.3566 -28.0142 -48.7006 27.8326 -37.8355 5.0857 -27.1586 -48.1297 34.1220 -37.2328 -1.2183 -25.9212 -46.9644 34.2444 -36.0040 -17.6732 -23.5934 -45.0773 28.6234 -34.1117 -38.5251 -19.5262 -42.6613 21.2965 -31.8553 -47.2861 -11.5971 -40.0498 14.2424 -29.5142 -48.9501 15.3832 -38.1279 6.4921 -27.2302 -47.9910 34.9397 -36.7743 -8.2628 -24.6642 -45.7749 30.5926 -34.6482 -34.7359 -20.6182 -43.3518 28.2089 -38.6126 34.5634 -47.9947 -27.2358 6.4838 -38.1269 15.4218 -48.9505 -29.5111 14.2289 -40.0463 -11.5693 -47.2954 -31.8493 21.2832 -42.6566 -19.5132 -38.5604 -34.1056 28.6022 -45.0705 -23.5858 -17.7175 -36.0007 34.2368 -46.9625 -25.9170 -1.2456 -37.2310 34.1386 -48.1261 -27.1539 5.0778 -37.8370 27.8796 -48.6985 -28.0111 8.3441 -38.2068 17.6617 -48.9380 -28.7452 10.8566 -38.5447 5.2081 -48.8129
0.8017 -38.1935 9.8327 -28.4380 -48.8687 22.3534 -38.0665 7.1975 -27.7116 -48.5428 30.4340 -37.6946 3.9016 -26.9298 -47.9673 34.5822 -37.1299 -2.0190 -25.8386 -46.9305 34.2444 -36.0366 -16.7693 -23.7615 -45.2300 29.1957 -34.3043 -36.9884 -20.0704 -42.9466 22.1476 -32.1377 -46.7216 -13.0721 -40.3917 15.1623 -29.8243 -48.8856 9.9759 -38.2650 7.7046 -27.5363 -48.2260 34.3899 -37.0143 -5.2164 -25.0929 -46.1122 31.6233 -34.9616 -31.8170 -21.2490 -43.5406 24.3160 -34.9522 7.9101 -37.3323 34.3391 -48.2270 -27.5351 7.6946 -38.2644 10.0493 -48.8876 -29.8209 15.1524 -40.3883 -13.0503 -46.7331 -32.1316 22.1297 -42.9419 -20.0569 -37.0339 -34.2983 29.1749 -45.2233 -23.7541 -16.8186 -36.0326 34.2368 -46.9267 -25.8339 -2.0332 -37.1297 34.5927 -47.9636 -26.9258 3.8933 -37.6943 30.4586 -48.5405 -27.7093 7.1850 -38.0647 22.4371 -48.8669 -28.4320 9.8121 -38.1890 0.8782
-38.3213 8.7340 -28.1267 -48.7548 26.3425 -37.9168 5.9454 -27.4054 -48.3497 32.4557 -37.5353 2.4593 -26.6676 -47.7589 34.9423 -36.9796 -3.3796 -25.6716 -46.8242 34.0978 -36.0040 -16.7693 -23.8182 -45.3081 29.5549 -34.4402 -35.6984 -20.4927 -43.1883 22.9002 -32.3914 -46.0969 -14.2680 -40.7144 16.0424 -30.1238 -48.7819 4.8721 -38.3888 8.8255 -27.8426 -48.4363 33.3249 -37.2355 -2.6078 -25.4932 -46.4415 32.5880 -35.2710 -28.5254 -21.8716 -43.8884 24.8241 -33.4131 -35.4915 -29.4397 -0.4322 -37.2778 33.3189 -48.4356 -27.8397 8.8194 -38.3898 4.9455 -48.7837 -30.1203 16.0366 -40.7124 -14.2488 -46.1101 -32.3858 22.8821 -43.1818 -20.4796 -35.7413 -34.4357 29.5353 -45.3038 -23.8092 -16.8186 -36.0007 34.0894 -46.8190 -25.6664 -3.3946 -36.9784 34.9461 -47.7556 -26.6636 2.4512 -37.5333 32.4651 -48.3477 -27.4023 5.9242 -37.9143 26.4111 -48.7522 -28.1207 8.7124 -38.3152
7.4484 -27.8212 -48.6032 29.4810 -37.7599 4.5831 -27.1000 -48.1285 33.8493 -37.3524 0.7357 -26.3811 -47.5125 35.0726 -36.7905 -5.3262 -25.4239 -46.6498 33.7802 -35.9068 -17.6732 -23.7615 -45.3081 29.6738 -34.5093 -34.8373 -20.7820 -43.3732 23.5164 -32.6040 -45.4534 -15.2277 -41.0090 16.8576 -30.4057 -48.6778 0.5659 -38.5443 9.8676 -28.1447 -48.6153 31.6586 -37.4344 -0.3813 -25.8651 -46.7610 33.4550 -35.5740 -24.8635 -22.4617 -44.2468 25.8610 -33.2984 -42.5847 -21.4680 -48.3529 -26.5157 -0.2078 -37.4367 31.6624 -48.6140 -28.1414 9.8606 -38.5442 0.6123 -48.6795 -30.4024 16.8518 -41.0069 -15.2107 -45.4667 -32.5989 23.4975 -43.3667 -20.7735 -34.8643 -34.5064 29.6552 -45.3038 -23.7541 -17.7175 -35.9034 33.7679 -46.6449 -25.4188 -5.3469 -36.7865 35.0723 -47.5090 -26.3778 0.7252 -37.3505 33.8600 -48.1262 -27.0967 4.5574 -37.7569 29.5336 -48.5999 -27.8153 7.4245
-26.5782 -48.4172 31.8173 -37.5962 3.0762 -26.7961 -47.8839 34.6820 -37.1435 -1.2911 -26.0626 -47.2357 34.9276 -36.5655 -7.8619 -25.1079 -46.4193 33.2772 -35.7498 -19.4462 -23.5934 -45.2300 29.5549 -34.5093 -34.5366 -20.9278 -43.4904 23.9526 -32.7656 -44.8667 -15.9630 -41.2651 17.5840 -30.6632 -48.5593 -2.8188 -38.7975 10.8356 -28.4383 -48.7591 29.3248 -37.6087 1.5231 -26.2062 -47.0677 34.1853 -35.8692 -20.9410 -23.0198 -44.6051 26.9503 -33.5793 -41.8391 -18.5081 -43.4821 29.5393 -47.2067 -26.2668 1.5356 -37.6070 29.3561 -48.7575 -28.4337 10.8250 -38.7951 -2.7962 -48.5622 -30.6588 17.5778 -41.2628 -15.9482 -44.8817 -32.7601 23.9392 -43.4857 -20.9198 -34.5524 -34.5064 29.5353 -45.2233 -23.5858 -19.5140 -35.7450 33.2632 -46.4136 -25.1021 -7.9064 -36.5592 34.9237 -47.2322 -26.0600 -1.3127 -37.1414 34.6877 -47.8812 -26.7917 3.0459 -37.5930 31.8553 -48.4134 -26.5719
-48.1052 33.4400 -37.4178 1.3798 -26.4929 -47.6193 35.0411 -36.9138 -3.6735 -25.7088 -46.9368 34.5161 -36.3096 -11.0142 -24.7322 -46.1451 32.5977 -35.5411 -21.9342 -23.3201 -45.0773 29.1957 -34.4402 -34.8373 -20.9278 -43.5296 24.1814 -32.8666 -44.4179 -16.4856 -41.4714 18.1998 -30.8866 -48.4045 -5.3926 -39.0941 11.7112 -28.7167 -48.8651 26.3482 -37.7645 3.1561 -26.5143 -47.3604 34.7294 -36.1550 -16.9153 -23.5467 -44.9610 28.0487 -33.8994 -40.1502 -18.8600 -42.5029 25.6119 -38.1984 35.1324 -47.3696 -26.5175 3.1485 -37.7629 26.4153 -48.8636 -28.7122 11.7013 -39.0906 -5.3625 -48.4080 -30.8814 18.1937 -41.4692 -16.4716 -44.4334 -32.8614 24.1688 -43.5268 -20.9198 -34.8643 -34.4357 29.1749 -45.0705 -23.3101 -22.0100 -35.5370 32.5807 -46.1387 -24.7252 -11.0639 -36.3042 34.5119 -46.9335 -25.7050 -3.6986 -36.9115 35.0427 -47.6149 -26.4872 1.3449 -37.4141 33.4651 -48.1010
29.7686 -37.0848 -0.5646 -26.1769 -47.3373 35.0165 -36.6663 -6.4658 -25.3238 -46.6229 33.8871 -36.0333 -14.6785 -24.3053 -45.8382 31.7609 -35.2926 -24.9105 -22.9488 -44.8611 28.6234 -34.3043 -35.6984 -20.7820 -43.4904 24.1814 -32.9005 -44.1703 -16.7994 -41.6176 18.6757 -31.0653 -48.2362 -7.2842 -39.3583 12.4857 -28.9745 -48.9310 22.8618 -37.9099 4.5674 -26.8016 -47.6332 35.0287 -36.4256 -13.0052 -24.0438 -45.3125 29.1490 -34.2204 -38.0787 -19.6089 -42.6869 21.8495 -34.3409 4.9380 -36.8448 35.0536 -47.6322 -26.8012 4.5505 -37.9078 22.9397 -48.9310 -28.9704 12.4798 -39.3548 -7.2473 -48.2403 -31.0604 18.6701 -41.6153 -16.7891 -44.1831 -32.8960 24.1688 -43.4857 -20.7735 -35.7413 -34.2983 28.6022 -44.8542 -22.9410 -24.9573 -35.2885 31.7431 -45.8317 -24.2968 -14.7326 -36.0286 33.8789 -46.6197 -25.3200 -6.4951 -36.6648 35.0138 -47.3322 -26.1706 -0.6051 -37.0809 29.8036
-36.6882 -2.8503 -25.8324 -47.0404 34.6874 -36.4035 -9.7070 -24.9101 -46.2988 33.0909 -35.7431 -18.6377 -23.8346 -45.5080 30.8063 -35.0147 -28.0872 -22.4932 -44.5918 27.8736 -34.1117 -36.9884 -20.4927 -43.3732 23.9526 -32.8666 -44.1703 -16.9012 -41.6948 18.9797 -31.1938 -48.0809 -8.5995 -39.5790 13.1513 -29.2058 -48.9599 19.0964 -38.0384 5.7776 -27.0771 -47.8794 35.0393 -36.6782 -9.4748 -24.5048 -45.6577 30.2312 -34.5401 -35.6542 -20.3373 -43.0369 22.3409 -32.6454 -40.6771 -28.6169 -6.3835 -36.7363 35.0391 -47.8764 -27.0747 5.7609 -38.0376 19.1721 -48.9598 -29.2007 13.1457 -39.5772 -8.5681 -48.0857 -31.1889 18.9706 -41.6911 -16.8944 -44.1831 -32.8614 23.9392 -43.3667 -20.4796 -37.0339 -34.1056 27.8533 -44.5871 -22.4873 -28.1231 -35.0095 30.7869 -45.5014 -23.8252 -18.7133 -35.7385 33.0822 -46.2955 -24.9058 -9.7407 -36.4017 34.6794 -47.0346 -25.8254 -2.8977 -36.6832
-6.5524 -25.4613 -46.7306 34.1216 -36.1277 -13.3638 -24.4676 -45.9658 32.1767 -35.4429 -22.6658 -23.3250 -45.1629 29.7685 -34.7155 -31.2064 -21.9679 -44.2850 26.9845 -33.8745 -38.5251 -20.0704 -43.1883 23.5164 -32.7656 -44.4179 -16.7994 -41.6948 19.0833 -31.2608 -47.9689 -9.4529 -39.7469 13.6788 -29.3984 -48.9596 15.3677 -38.1472 6.7967 -27.3337 -48.0949 34.7300 -36.9076 -6.4394 -24.9261 -45.9879 31.2618 -34.8548 -32.8727 -21.0219 -43.3993 23.3424 -32.5319 -45.4414 -19.6892 -47.8181 -25.5934 -6.2115 -36.9093 34.7327 -48.0903 -27.3300 6.7873 -38.1467 15.4434 -48.9585 -29.3933 13.6738 -39.7450 -9.4249 -47.9728 -31.2580 19.0701 -41.6911 -16.7891 -44.4334 -32.7601 23.4975 -43.1818 -20.0569 -38.5604 -33.8681 26.9718 -44.2826 -21.9592 -31.2595 -34.7099 29.7477 -45.1560 -23.3151 -22.7164 -35.4396 32.1672 -45.9625 -24.4632 -13.4036 -36.1240 34.1090 -46.7245 -25.4538 -6.6107
-24.0585 -46.4075 33.3760 -35.8409 -17.3051 -23.9968 -45.6253 31.1794 -35.1366 -26.4973 -22.7822 -44.8093 28.6793 -34.4021 -34.1303 -21.3780 -43.9534 26.0093 -33.6009 -40.1358 -19.5262 -42.9466 22.9002 -32.6040 -44.8667 -16.4856 -41.6176 18.9797 -31.2608 -47.9295 -9.8795 -39.8546 14.0456 -29.5423 -48.9399 12.1162 -38.2384 7.6499 -27.5655 -48.2766 34.1079 -37.1079 -3.9117 -25.3071 -46.2990 32.2069 -35.1565 -29.7573 -21.6567 -43.7604 24.4007 -32.8147 -44.9572 -16.2468 -42.6920 34.1836 -46.5019 -25.3683 -3.9230 -37.1043 34.1134 -48.2722 -27.5610 7.6414 -38.2362 12.1934 -48.9392 -29.5374 14.0401 -39.8513 -9.8607 -47.9320 -31.2580 18.9706 -41.6153 -16.4716 -44.8817 -32.5989 22.8821 -42.9419 -19.5132 -40.1665 -33.5950 25.9988 -43.9491 -21.3663 -34.1831 -34.3960 28.6580 -44.8024 -22.7743 -26.5382 -35.1335 31.1694 -45.6219 -23.9917 -17.3706 -35.8357 33.3602 -46.4013 -24.0512
-46.0669 32.4902 -35.5447 -21.3293 -23.4969 -45.2785 30.1271 -34.8245 -30.0183 -22.2078 -44.4515 27.5752 -34.0804 -36.7590 -20.7269 -43.6025 24.9808 -33.3009 -41.7077 -18.8634 -42.6613 22.1476 -32.3914 -45.4534 -15.9630 -41.4714 18.6757 -31.1938 -47.9689 -9.8795 -39.8924 14.2401 -29.6328 -48.9150 9.6798 -38.3082 8.3319 -27.7648 -48.4241 33.2198 -37.2783 -1.8842 -25.6425 -46.5887 33.0422 -35.4418 -26.4014 -22.2382 -44.1154 25.4654 -33.1345 -43.8476 -16.7186 -41.6467 23.0524 -37.7423 33.8952 -46.6037 -25.6446 -1.9070 -37.2746 33.2352 -48.4209 -27.7599 8.3246 -38.3059 9.7532 -48.9146 -29.6297 14.2303 -39.8876 -9.8607 -47.9728 -31.1889 18.6701 -41.4692 -15.9482 -45.4667 -32.3858 22.1297 -42.6566 -18.8515 -41.7292 -33.2981 24.9640 -43.5966 -20.7139 -36.8055 -34.0742 27.5537 -44.4448 -22.2007 -30.0521 -34.8214 30.1167 -45.2751 -23.4894 -21.4012 -35.5390 32.4723 -46.0612
31.1924 -35.1665 -25.2353 -22.9669 -44.9265 29.0418 -34.5076 -33.1670 -21.5982 -44.0886 26.4697 -33.7559 -39.0323 -20.0189 -43.2381 23.9232 -32.9857 -43.1464 -18.0859 -42.3430 21.2966 -32.1378 -46.0968 -15.2277 -41.2651 18.1998 -31.0653 -48.0809 -9.4529 -39.8546 14.2401 -29.6645 -48.8982 8.1467 -38.3558 8.8318 -27.9225 -48.5349 32.1765 -37.4172 -0.2794 -25.9285 -46.8493 33.7416 -35.7058 -22.9207 -22.7710 -44.4556 26.5137 -33.4517 -42.4832 -17.6335 -41.8255 19.4665 -33.7212 1.0185 -36.2601 33.8073 -46.8486 -25.9250 -0.2931 -37.4167 32.2050 -48.5326 -27.9177 8.8248 -38.3535 8.1991 -48.8980 -29.6630 14.2303 -39.8513 -9.4249 -48.0857 -31.0604 18.1937 -41.2628 -15.2107 -46.1101 -32.1316 21.2832 -42.3364 -18.0768 -43.1620 -32.9838 23.9054 -43.2321 -20.0050 -39.0728 -33.7496 26.4490 -44.0840 -21.5918 -33.1960 -34.5046 29.0312 -44.9228 -22.9576 -25.3070 -35.1608 31.1783
-34.4259 -28.9053 -22.4047 -44.5702 27.9402 -34.1870 -35.9298 -20.9502 -43.7247 25.3660 -33.4299 -40.9716 -19.2576 -42.8712 22.8613 -32.6616 -44.3979 -17.1955 -42.0004 20.3788 -31.8559 -46.7199 -14.2706 -41.0093 17.5842 -30.8866 -48.2362 -8.5995 -39.7469 14.0456 -29.6328 -48.8982 7.6142 -38.3825 9.1489 -28.0355 -48.6119 31.1628 -37.5232 0.9713 -26.1655 -47.0766 34.2815 -35.9443 -19.5149 -23.2505 -44.7793 27.5348 -33.7582 -40.9028 -18.4891 -42.1682 19.9262 -31.8681 -44.2614 -27.6720 -15.5944 -36.0143 34.2785 -47.0728 -26.1605 0.9578 -37.5239 31.1949 -48.6093 -28.0308 9.1380 -38.3788 7.6463 -48.8980 -29.6297 14.0401 -39.7450 -8.5681 -48.2403 -30.8814 17.5778 -41.0069 -14.2488 -46.7331 -31.8493 20.3705 -41.9935 -17.1879 -44.4170 -32.6583 22.8434 -42.8646 -19.2423 -41.0062 -33.4231 25.3519 -43.7206 -20.9436 -35.9549 -34.1838 27.9287 -44.5644 -22.3938 -28.9697 -34.4201
-33.5033 -21.8034 -44.2103 26.8346 -33.8633 -38.3204 -20.2581 -43.3591 24.2795 -33.1019 -42.6113 -18.4337 -42.5036 21.8164 -32.3342 -45.4567 -16.1889 -41.6437 19.4297 -31.5533 -47.2844 -13.0784 -40.7172 16.8585 -30.6632 -48.4045 -7.2842 -39.5790 13.6788 -29.5423 -48.9150 8.1467 -38.3825 9.2621 -28.0962 -48.6586 30.3273 -37.5968 1.8796 -26.3501 -47.2675 34.6597 -36.1534 -16.3921 -23.6711 -45.0811 28.5082 -34.0500 -39.1156 -19.2574 -42.5169 20.8563 -31.7512 -47.2460 -17.5130 -47.1011 -24.3702 -16.1090 -36.1539 34.6510 -47.2618 -26.3445 1.8678 -37.5959 30.3621 -48.6568 -28.0931 9.2472 -38.3788 8.1991 -48.9146 -29.5374 13.6738 -39.5772 -7.2473 -48.4080 -30.6588 16.8518 -40.7124 -13.0503 -47.2954 -31.5467 19.4159 -41.6366 -16.1739 -45.4748 -32.3291 21.7970 -42.4966 -18.4170 -42.6403 -33.0952 24.2675 -43.3554 -20.2511 -38.3419 -33.8606 26.8167 -44.2039 -21.7920 -33.5519
-20.6825 -43.8453 25.7339 -33.5374 -40.3663 -19.5153 -42.9924 23.2098 -32.7717 -43.9861 -17.5349 -42.1357 20.7892 -32.0053 -46.3315 -15.0491 -41.2795 18.4580 -31.2369 -47.7613 -11.6027 -40.3953 16.0494 -30.4067 -48.5593 -5.3926 -39.3583 13.1513 -29.3984 -48.9399 9.6798 -38.3558 9.1489 -28.0962 -48.6740 29.8287 -37.6429 2.4762 -26.4812 -47.4138 34.8895 -36.3295 -13.6868 -24.0302 -45.3499 29.3919 -34.3203 -37.1665 -19.9422 -42.8533 21.8124 -32.0171 -46.9736 -13.2329 -41.8597 35.4627 -45.6082 -24.0889 -13.7370 -36.3244 34.8831 -47.4082 -26.4756 2.4638 -37.6403 29.8553 -48.6735 -28.0931 9.1380 -38.3535 9.7532 -48.9392 -29.3933 13.1457 -39.3548 -5.3625 -48.5622 -30.4024 16.0366 -40.3883 -11.5691 -47.7699 -31.2306 18.4389 -41.2723 -15.0254 -46.3468 -31.9989 20.7692 -42.1286 -17.5166 -44.0095 -32.7666 23.1991 -42.9888 -19.5078 -40.3846 -33.5345 25.7144 -43.8392 -20.6737
-43.6128 24.6374 -33.2098 -42.1010 -18.7133 -42.6250 22.1586 -32.4423 -45.1325 -16.5444 -41.7679 19.7791 -31.6766 -47.0366 -13.7490 -40.9131 17.4796 -30.9137 -48.1417 -9.7908 -40.0510 15.1703 -30.1261 -48.6775 -2.8399 -39.0941 12.4857 -29.2058 -48.9596 12.1162 -38.3082 8.8318 -28.0355 -48.6586 29.8287 -37.6598 2.7932 -26.5617 -47.5122 35.0032 -36.4636 -11.5584 -24.3266 -45.5847 30.1691 -34.5620 -35.1465 -20.5405 -43.1711 22.7441 -32.3142 -46.3406 -13.8379 -40.7681 20.4821 -37.1649 31.2622 -45.6031 -24.3235 -11.6288 -36.4584 34.9991 -47.5067 -26.5561 2.7708 -37.6571 29.8553 -48.6568 -28.0308 8.8248 -38.3059 12.1934 -48.9585 -29.2007 12.4798 -39.0906 -2.7962 -48.6795 -30.1202 15.1514 -40.0439 -9.7509 -48.1482 -30.9074 17.4607 -40.9060 -13.7210 -47.0523 -31.6691 19.7590 -41.7608 -16.5248 -45.1458 -32.4376 22.1484 -42.6214 -18.7052 -42.1176 -33.2055 24.6193 -43.6084
23.8862 -32.8418 -43.5600 -17.8408 -42.2571 21.1257 -32.1132 -46.0691 -15.4415 -41.4006 18.7837 -31.3490 -47.5938 -12.2492 -40.5479 16.5101 -30.5890 -48.4241 -7.5471 -39.6966 14.2444 -29.8259 -48.7817 0.5305 -38.7995 11.7112 -28.9745 -48.9599 15.3677 -38.2384 8.3319 -27.9225 -48.6119 30.3273 -37.6429 2.7932 -26.5896 -47.5631 35.0466 -36.5512 -10.0849 -24.5508 -45.7767 30.8232 -34.7741 -33.1246 -21.0526 -43.4614 23.6203 -32.5957 -45.5809 -14.9663 -40.9206 17.0613 -33.0011 -5.3445 -35.4640 30.9046 -45.7717 -24.5422 -10.1530 -36.5461 35.0441 -47.5577 -26.5840 2.7708 -37.6403 30.3621 -48.6093 -27.9177 8.3246 -38.2362 15.4434 -48.9598 -28.9704 11.7013 -38.7951 0.6193 -48.7838 -29.8194 14.2252 -39.6894 -7.4973 -48.4287 -30.5827 16.4913 -40.5408 -12.2071 -47.6068 -31.3413 18.7643 -41.3935 -15.4198 -46.0785 -32.1087 21.1157 -42.2536 -17.8313 -43.5807 -32.8377 23.8725
-31.9068 -44.7864 -16.8823 -41.8893 20.1101 -31.7836 -46.8266 -14.1964 -41.0340 17.8015 -31.0225 -48.0245 -10.4841 -40.1839 15.5457 -30.2658 -48.6140 -4.7530 -39.3397 13.2915 -29.5160 -48.8857 4.8483 -38.5487 10.8422 -28.7167 -48.9310 19.0964 -38.1472 7.6499 -27.7648 -48.5349 31.1628 -37.5968 2.4762 -26.5617 -47.5631 35.0566 -36.5967 -9.2130 -24.6985 -45.9151 31.3209 -34.9456 -31.2463 -21.4840 -43.7197 24.4223 -32.8531 -44.7429 -15.9561 -41.2271 17.4417 -31.0323 -46.6901 -26.4228 -27.7984 -35.0286 31.3088 -45.9086 -24.6899 -9.2791 -36.5917 35.0546 -47.5577 -26.5561 2.4638 -37.5959 31.1949 -48.5326 -27.7599 7.6414 -38.1467 19.1723 -48.9310 -28.7122 10.8250 -38.5439 4.9627 -48.8875 -29.5097 13.2666 -39.3319 -4.6900 -48.6169 -30.2595 15.5270 -40.1766 -10.4320 -48.0326 -31.0149 17.7825 -41.0269 -14.1719 -46.8338 -31.7802 20.1003 -41.8857 -16.8670 -44.7978 -31.9043
-46.2029 -15.8094 -41.5217 19.1104 -31.4556 -47.4292 -12.7597 -40.6683 16.8294 -30.6973 -48.3413 -8.3652 -39.8215 14.5824 -29.9442 -48.7357 -1.2639 -38.9835 12.3123 -29.2013 -48.9498 9.9485 -38.3921 9.8811 -28.4396 -48.8653 22.8618 -38.0384 6.7967 -27.5655 -48.4241 32.1765 -37.5232 1.8796 -26.4812 -47.5122 35.0466 -36.5967 -8.9177 -24.7751 -46.0003 31.6540 -35.0694 -29.7065 -21.8222 -43.9394 25.1367 -33.0840 -43.8537 -16.7829 -41.5258 18.2309 -30.9064 -48.3106 -14.4250 -46.1378 -22.6069 -29.4412 -35.0723 31.6352 -45.9938 -24.7667 -8.9830 -36.5917 35.0441 -47.5067 -26.4756 1.8678 -37.5239 32.2050 -48.4209 -27.5601 6.7873 -38.0375 22.9403 -48.8635 -28.4337 9.8605 -38.3893 10.0639 -48.9503 -29.1952 12.2866 -38.9736 -1.1838 -48.7383 -29.9378 14.5630 -39.8121 -8.3002 -48.3468 -30.6897 16.8105 -40.6612 -12.7400 -47.4348 -31.4524 19.1007 -41.5179 -15.7976 -46.2088
-15.5373 -41.1524 18.1241 -31.1288 -47.8973 -11.0868 -40.3037 15.8637 -30.3724 -48.5607 -5.7668 -39.4607 13.6151 -29.6253 -48.8454 3.0408 -38.6507 11.3118 -28.8856 -48.9539 15.3346 -38.2660 8.8333 -28.1461 -48.7605 26.3481 -37.9099 5.7776 -27.3337 -48.2766 33.2198 -37.4172 0.9713 -26.3501 -47.4138 35.0032 -36.5512 -9.2130 -24.7751 -46.0296 31.8274 -35.1465 -28.5989 -22.0598 -44.1087 25.7219 -33.2817 -42.9633 -17.4681 -41.7969 18.9945 -31.1314 -48.2057 -8.4005 -40.9198 34.0291 -44.4276 -22.1271 -28.6298 -35.1417 31.8083 -46.0231 -24.7667 -9.2791 -36.5461 34.9991 -47.4082 -26.3445 0.9578 -37.4167 33.2436 -48.2726 -27.3282 5.7602 -37.9070 26.4172 -48.7579 -28.1401 8.8118 -38.2632 15.4379 -48.9534 -28.8794 11.2854 -38.6430 3.1470 -48.8489 -29.6180 13.5898 -39.4507 -5.6856 -48.5642 -30.3660 15.8450 -40.2969 -11.0665 -47.9016 -31.1256 18.1141 -41.1470 -15.5300
-41.0980 17.1428 -30.8030 -48.2486 -9.0934 -39.9406 14.9006 -30.0501 -48.6955 -2.5087 -39.1018 12.6381 -29.3071 -48.9343 8.0777 -38.4354 10.2837 -28.5717 -48.9044 20.3963 -38.1283 7.7058 -27.8437 -48.6168 29.3219 -37.7647 4.5681 -27.0772 -48.0949 34.1079 -37.2783 -0.2794 -26.1655 -47.2675 34.8895 -36.4636 -10.0849 -24.6985 -46.0003 31.8274 -35.1736 -27.9875 -22.2059 -44.2237 26.1489 -33.4347 -42.1580 -18.0190 -42.0356 19.6808 -31.3652 -47.9490 -9.1496 -39.7977 17.6946 -36.3873 27.3446 -44.2473 -22.2020 -28.0549 -35.1676 31.8083 -45.9938 -24.6899 -10.1530 -36.4584 34.8831 -47.2618 -26.1605 -0.2931 -37.2758 34.1252 -48.0909 -27.0717 4.5399 -37.7614 29.3761 -48.6134 -27.8368 7.6827 -38.1253 20.4897 -48.9029 -28.5654 10.2548 -38.4320 8.2281 -48.9363 -29.2997 12.6108 -39.0915 -2.4278 -48.6974 -30.0438 14.8818 -39.9339 -9.0702 -48.2517 -30.8001 17.1286 -41.0938
16.3721 -30.4627 -48.4985 -6.6665 -39.5795 13.9354 -29.7307 -48.8088 1.5306 -38.7447 11.6449 -28.9907 -48.9581 13.5092 -38.3109 9.2177 -28.2607 -48.8080 24.7318 -37.9831 6.5014 -27.5398 -48.4368 31.6414 -37.6111 3.1598 -26.8026 -47.8791 34.7299 -37.1085 -1.8839 -25.9286 -47.0768 34.6599 -36.3297 -11.5576 -24.5510 -45.9151 31.6546 -35.1477 -27.9866 -22.2573 -44.2853 26.4134 -33.5360 -41.5232 -18.4276 -42.2317 20.2759 -31.5736 -47.6558 -10.5471 -39.8991 14.3991 -32.1005 -17.1282 -34.3434 26.5017 -44.2809 -22.2461 -28.0558 -35.1406 31.6346 -45.9086 -24.5421 -11.6297 -36.3242 34.6508 -47.0730 -25.9243 -1.9081 -37.1060 34.7396 -47.8751 -26.7958 3.1255 -37.6055 31.6944 -48.4325 -27.5305 6.4677 -37.9788 24.8187 -48.8061 -28.2533 9.1866 -38.3072 13.6636 -48.9586 -28.9821 11.6162 -38.7345 1.6250 -48.8116 -29.7234 13.9163 -39.5726 -6.6372 -48.5004 -30.4607 16.3599
-29.3931 -48.6609 -3.6621 -39.2211 12.9716 -29.4181 -48.9088 6.3321 -38.4925 10.6370 -28.6821 -48.9232 18.7350 -38.1781 8.1112 -27.9561 -48.6710 28.2020 -37.8315 5.2075 -27.2397 -48.2278 33.2990 -37.4414 1.5598 -26.5211 -47.6349 35.0388 -36.9116 -3.8958 -25.6481 -46.8502 34.2856 -36.1601 -13.6629 -24.3324 -45.7781 31.3278 -35.0771 -28.5634 -22.2132 -44.2874 26.5134 -33.6007 -41.1098 -18.6925 -42.3750 20.7542 -31.7722 -47.3554 -11.6957 -40.1338 14.6432 -30.0893 -48.1819 -24.6430 -38.9997 -33.6898 26.4901 -44.2787 -22.1945 -28.6660 -35.0634 31.3012 -45.7701 -24.3176 -13.7615 -36.1497 34.2717 -46.8465 -25.6381 -3.9490 -36.9055 35.0422 -47.6280 -26.5085 1.5008 -37.4319 33.3475 -48.2216 -27.2253 5.1542 -37.8247 28.3023 -48.6693 -27.9430 8.0672 -38.1720 18.8902 -48.9249 -28.6672 10.5973 -38.4849 6.4859 -48.9152 -29.4046 12.9430 -39.2131 -3.6166 -48.6618 -29.3840
-48.7828 -0.2038 -38.8911 12.0592 -29.1694 -48.9161 11.3255 -38.3738 9.6663 -28.4346 -48.8231 23.0695 -38.0539 7.0190 -27.7099 -48.4945 30.7358 -37.6924 3.8842 -26.9946 -47.9973 34.3312 -37.2798 -0.1686 -26.2729 -47.3745 35.0557 -36.7389 -6.1807 -25.3728 -46.6065 33.8142 -36.0179 -16.0577 -24.0980 -45.6086 30.9212 -35.0304 -29.4015 -22.1344 -44.2534 26.5221 -33.6924 -40.6526 -18.9086 -42.5068 21.0692 -32.0518 -46.8574 -12.8832 -40.3833 15.4824 -29.9436 -48.7521 -9.1392 -44.8288 -19.8458 -40.6610 -33.6445 26.3902 -44.2171 -22.0484 -29.7708 -34.9397 30.8031 -45.5782 -24.0211 -16.4589 -35.9412 33.7339 -46.5855 -25.3026 -6.4856 -36.6746 35.0256 -47.3568 -26.2009 -0.4018 -37.2334 34.3982 -47.9868 -26.9210 3.7118 -37.6641 30.9560 -48.4976 -27.6334 6.8791 -38.0281 23.4809 -48.8426 -28.3544 9.5433 -38.3494 11.8652 -48.9579 -29.0877 11.9555 -38.8552 0.1667 -48.7852
-6.1046 -38.8818 11.9878 -29.5018 -48.8063 12.1632 -38.4615 9.5421 -28.7430 -48.5956 23.7837 -38.1258 6.8771 -28.0021 -48.2460 31.1832 -37.7510 3.7177 -27.2700 -47.7954 34.5564 -37.3347 -0.4058 -26.5211 -47.2121 35.1350 -36.8483 -6.3425 -25.5973 -46.5048 33.9054 -36.2601 -15.5718 -24.3764 -45.6137 31.2765 -35.4642 -27.7799 -22.6108 -44.4314 27.3570 -34.3485 -38.9577 -19.8847 -42.8409 22.3608 -32.8570 -45.8882 -15.1392 -40.9893 17.5561 -30.8996 -48.6647 -0.8118 -40.0128 30.6143 -42.9195 -19.0330 -40.8780 -33.5408 26.1292 -44.1023 -21.8106 -31.3060 -34.7688 30.1494 -45.3437 -23.6630 -19.5723 -35.7008 33.0364 -46.2954 -24.9202 -9.5371 -36.4209 34.7210 -47.0639 -25.8605 -2.6329 -37.0121 34.9428 -47.7318 -26.6184 2.0991 -37.4930 32.8581 -48.2960 -27.3264 5.6011 -37.8763 27.2492 -48.7171 -28.0435 8.4425 -38.2175 17.2193 -48.9419 -28.7725 10.9454 -38.4958 -2.9913
