0.2268 0.1291 0.5021 0.1180 0.2173 0.3486 0.1200 0.4548 0.1250 0.1855 0.4246 0.1148 0.3842 0.1371 0.1614 0.4746 0.1128 0.3188 0.1616 0.1436 0.5021 0.1137 0.2651 0.2349 0.1305 0.5046 0.1172 0.2225 0.3355 0.1211 0.4641 0.1237 0.1896 0.4151 0.1153 0.3947 0.1348 0.1646 0.4687 0.1129 0.3278 0.1563 0.1459 0.4994 0.1134 0.2723 0.2203 0.1322 0.5063 0.1165 0.2281 0.3216 0.1223 0.4782 0.1137 0.3329 0.1119 0.4992 0.1459 0.1563 0.3277 0.1129 0.4688 0.1645 0.1349 0.3945 0.1153 0.4152 0.1895 0.1238 0.4640 0.1211 0.3358 0.2224 0.1172 0.5045 0.1304 0.2351 0.2649 0.1137 0.5021 0.1436 0.1616 0.3187 0.1128 0.4747 0.1614 0.1371 0.3841 0.1148 0.4246 0.1854 0.1250 0.4546 0.1200 0.3487 0.2172 0.1180 0.5020 0.1291 0.2270
0.1291 0.5170 0.1161 0.2285 0.3624 0.1237 0.4776 0.1216 0.1949 0.4373 0.1171 0.4068 0.1330 0.1691 0.4869 0.1137 0.3380 0.1602 0.1500 0.5146 0.1133 0.2804 0.2449 0.1357 0.5197 0.1154 0.2347 0.3486 0.1250 0.4866 0.1204 0.1993 0.4279 0.1179 0.4177 0.1308 0.1724 0.4810 0.1141 0.3475 0.1539 0.1524 0.5118 0.1132 0.2882 0.2290 0.1376 0.5207 0.1149 0.2407 0.3345 0.1263 0.4950 0.1179 0.2300 0.1482 0.2959 0.1130 0.5119 0.1524 0.1540 0.3474 0.1140 0.4811 0.1724 0.1308 0.4175 0.1178 0.4281 0.1992 0.1205 0.4864 0.1250 0.3488 0.2346 0.1154 0.5197 0.1357 0.2451 0.2803 0.1133 0.5146 0.1499 0.1603 0.3378 0.1137 0.4870 0.1691 0.1330 0.4067 0.1171 0.4374 0.1948 0.1216 0.4775 0.1237 0.3626 0.2284 0.1161 0.5170 0.1291
0.5021 0.1161 0.2305 0.3546 0.1244 0.4849 0.1205 0.1989 0.4287 0.1176 0.4168 0.1308 0.1722 0.4815 0.1138 0.3468 0.1543 0.1522 0.5120 0.1130 0.2876 0.2302 0.1373 0.5207 0.1148 0.2403 0.3354 0.1260 0.4941 0.1194 0.2037 0.4186 0.1184 0.4277 0.1288 0.1757 0.4751 0.1142 0.3566 0.1490 0.1548 0.5088 0.1130 0.2956 0.2148 0.1393 0.5210 0.1144 0.2466 0.3209 0.1275 0.5012 0.1183 0.2115 0.3491 0.1565 0.2008 0.2961 0.1129 0.5089 0.1548 0.1491 0.3564 0.1142 0.4752 0.1756 0.1288 0.4275 0.1184 0.4188 0.2036 0.1194 0.4940 0.1260 0.3357 0.2402 0.1148 0.5207 0.1373 0.2303 0.2875 0.1130 0.5121 0.1522 0.1543 0.3467 0.1138 0.4815 0.1722 0.1308 0.4167 0.1176 0.4288 0.1988 0.1205 0.4848 0.1244 0.3548 0.2304 0.1161 0.5020
0.1180 0.2285 0.3546 0.1248 0.4892 0.1198 0.2023 0.4206 0.1183 0.4264 0.1290 0.1754 0.4756 0.1141 0.3558 0.1494 0.1546 0.5091 0.1130 0.2950 0.2160 0.1391 0.5210 0.1144 0.2461 0.3220 0.1274 0.5007 0.1185 0.2081 0.4089 0.1192 0.4377 0.1271 0.1791 0.4688 0.1146 0.3658 0.1450 0.1573 0.5055 0.1130 0.3032 0.2015 0.1412 0.5208 0.1140 0.2526 0.3070 0.1289 0.5068 0.1177 0.2134 0.3914 0.1259 0.5047 0.1433 0.2005 0.3032 0.1130 0.5055 0.1573 0.1450 0.3656 0.1146 0.4689 0.1790 0.1271 0.4375 0.1192 0.4091 0.2080 0.1185 0.5006 0.1273 0.3222 0.2460 0.1144 0.5210 0.1391 0.2162 0.2949 0.1130 0.5091 0.1546 0.1495 0.3557 0.1141 0.4757 0.1754 0.1290 0.4263 0.1183 0.4207 0.2023 0.1198 0.4891 0.1248 0.3548 0.2284 0.1180
0.2173 0.3624 0.1244 0.4892 0.1196 0.2044 0.4145 0.1189 0.4348 0.1274 0.1785 0.4697 0.1145 0.3649 0.1453 0.1571 0.5058 0.1130 0.3026 0.2025 0.1410 0.5208 0.1141 0.2521 0.3081 0.1287 0.5064 0.1178 0.2127 0.3987 0.1201 0.4475 0.1256 0.1826 0.4621 0.1150 0.3752 0.1415 0.1599 0.5017 0.1130 0.3110 0.1893 0.1431 0.5200 0.1137 0.2588 0.2927 0.1303 0.5114 0.1170 0.2180 0.3865 0.1216 0.4999 0.1106 0.5189 0.1433 0.1893 0.3109 0.1130 0.5018 0.1599 0.1416 0.3751 0.1150 0.4622 0.1825 0.1256 0.4473 0.1201 0.3989 0.2126 0.1178 0.5063 0.1287 0.3084 0.2520 0.1141 0.5208 0.1410 0.2028 0.3024 0.1130 0.5058 0.1571 0.1454 0.3648 0.1145 0.4697 0.1785 0.1275 0.4348 0.1189 0.4147 0.2043 0.1196 0.4891 0.1244 0.3626 0.2172
0.3486 0.1237 0.4849 0.1198 0.2044 0.4122 0.1193 0.4407 0.1263 0.1813 0.4639 0.1149 0.3738 0.1419 0.1596 0.5021 0.1130 0.3104 0.1902 0.1430 0.5201 0.1138 0.2583 0.2938 0.1302 0.5110 0.1171 0.2175 0.3880 0.1211 0.4571 0.1242 0.1862 0.4550 0.1155 0.3848 0.1385 0.1626 0.4976 0.1131 0.3191 0.1785 0.1452 0.5189 0.1135 0.2652 0.2781 0.1319 0.5149 0.1164 0.2229 0.3757 0.1223 0.4726 0.1141 0.3206 0.1121 0.5187 0.1452 0.1786 0.3190 0.1131 0.4976 0.1626 0.1385 0.3847 0.1155 0.4551 0.1862 0.1242 0.4570 0.1211 0.3882 0.2174 0.1171 0.5110 0.1302 0.2941 0.2582 0.1138 0.5201 0.1429 0.1904 0.3102 0.1130 0.5021 0.1596 0.1420 0.3737 0.1149 0.4639 0.1813 0.1263 0.4406 0.1193 0.4124 0.2043 0.1198 0.4848 0.1237 0.3487
0.1200 0.4776 0.1205 0.2023 0.4145 0.1193 0.4429 0.1257 0.1833 0.4591 0.1153 0.3818 0.1392 0.1621 0.4982 0.1131 0.3183 0.1794 0.1450 0.5190 0.1135 0.2647 0.2792 0.1317 0.5147 0.1164 0.2224 0.3768 0.1221 0.4665 0.1229 0.1900 0.4474 0.1161 0.3945 0.1358 0.1654 0.4931 0.1133 0.3273 0.1694 0.1473 0.5172 0.1133 0.2718 0.2633 0.1335 0.5176 0.1158 0.2280 0.3639 0.1233 0.4767 0.1200 0.2173 0.1647 0.2787 0.1131 0.5172 0.1472 0.1694 0.3273 0.1133 0.4931 0.1654 0.1359 0.3944 0.1161 0.4475 0.1899 0.1229 0.4664 0.1221 0.3770 0.2224 0.1164 0.5146 0.1317 0.2795 0.2646 0.1135 0.5190 0.1450 0.1796 0.3181 0.1131 0.4982 0.1621 0.1392 0.3817 0.1153 0.4592 0.1832 0.1257 0.4428 0.1193 0.4147 0.2023 0.1205 0.4775 0.1200
0.4548 0.1216 0.1989 0.4206 0.1189 0.4407 0.1257 0.1840 0.4564 0.1156 0.3881 0.1371 0.1644 0.4943 0.1132 0.3260 0.1704 0.1470 0.5174 0.1133 0.2713 0.2645 0.1333 0.5174 0.1159 0.2276 0.3650 0.1232 0.4755 0.1217 0.1939 0.4393 0.1167 0.4044 0.1334 0.1684 0.4882 0.1135 0.3358 0.1618 0.1494 0.5152 0.1131 0.2787 0.2484 0.1351 0.5194 0.1153 0.2334 0.3516 0.1245 0.4847 0.1204 0.2010 0.3786 0.1506 0.2338 0.2793 0.1131 0.5152 0.1494 0.1619 0.3358 0.1135 0.4882 0.1683 0.1335 0.4043 0.1167 0.4394 0.1938 0.1217 0.4754 0.1232 0.3651 0.2275 0.1159 0.5173 0.1333 0.2647 0.2712 0.1133 0.5174 0.1470 0.1705 0.3259 0.1132 0.4944 0.1644 0.1371 0.3880 0.1156 0.4565 0.1840 0.1257 0.4406 0.1189 0.4207 0.1988 0.1216 0.4546
0.1250 0.1949 0.4287 0.1183 0.4348 0.1263 0.1833 0.4564 0.1157 0.3916 0.1358 0.1662 0.4909 0.1134 0.3332 0.1634 0.1490 0.5155 0.1132 0.2780 0.2498 0.1350 0.5193 0.1154 0.2329 0.3527 0.1244 0.4839 0.1207 0.1980 0.4308 0.1174 0.4143 0.1313 0.1714 0.4829 0.1137 0.3446 0.1556 0.1517 0.5127 0.1130 0.2858 0.2337 0.1369 0.5205 0.1149 0.2389 0.3387 0.1257 0.4924 0.1196 0.2029 0.4154 0.1228 0.5123 0.1387 0.2325 0.2858 0.1130 0.5127 0.1517 0.1557 0.3445 0.1137 0.4829 0.1714 0.1313 0.4142 0.1174 0.4309 0.1979 0.1207 0.4838 0.1244 0.3528 0.2329 0.1154 0.5193 0.1350 0.2500 0.2779 0.1132 0.5155 0.1490 0.1635 0.3331 0.1134 0.4910 0.1661 0.1359 0.3914 0.1157 0.4565 0.1832 0.1263 0.4348 0.1183 0.4288 0.1948 0.1250
0.1855 0.4373 0.1176 0.4264 0.1274 0.1813 0.4591 0.1156 0.3916 0.1354 0.1672 0.4885 0.1135 0.3392 0.1583 0.1509 0.5134 0.1131 0.2847 0.2356 0.1367 0.5204 0.1149 0.2384 0.3399 0.1256 0.4917 0.1197 0.2022 0.4218 0.1181 0.4243 0.1294 0.1746 0.4771 0.1141 0.3535 0.1505 0.1540 0.5099 0.1130 0.2931 0.2194 0.1387 0.5210 0.1145 0.2446 0.3254 0.1270 0.4992 0.1187 0.2070 0.4108 0.1193 0.4825 0.1102 0.5210 0.1388 0.2194 0.2931 0.1130 0.5099 0.1540 0.1506 0.3534 0.1141 0.4772 0.1746 0.1294 0.4242 0.1181 0.4219 0.2021 0.1197 0.4916 0.1256 0.3400 0.2384 0.1149 0.5204 0.1367 0.2358 0.2846 0.1131 0.5134 0.1509 0.1584 0.3391 0.1135 0.4886 0.1671 0.1354 0.3914 0.1156 0.4592 0.1813 0.1275 0.4263 0.1176 0.4374 0.1854
0.4246 0.1171 0.4168 0.1290 0.1785 0.4639 0.1153 0.3881 0.1358 0.1672 0.4877 0.1136 0.3432 0.1550 0.1524 0.5114 0.1130 0.2909 0.2226 0.1384 0.5210 0.1145 0.2440 0.3267 0.1269 0.4986 0.1188 0.2066 0.4123 0.1190 0.4343 0.1276 0.1779 0.4710 0.1144 0.3627 0.1463 0.1565 0.5066 0.1130 0.3007 0.2058 0.1405 0.5209 0.1141 0.2506 0.3116 0.1284 0.5051 0.1179 0.2116 0.4012 0.1199 0.4508 0.1160 0.3020 0.1126 0.5209 0.1406 0.2059 0.3006 0.1130 0.5067 0.1565 0.1463 0.3626 0.1144 0.4711 0.1779 0.1277 0.4342 0.1189 0.4124 0.2065 0.1188 0.4985 0.1269 0.3268 0.2440 0.1145 0.5210 0.1383 0.2228 0.2909 0.1130 0.5114 0.1524 0.1551 0.3431 0.1136 0.4878 0.1671 0.1359 0.3880 0.1153 0.4639 0.1785 0.1290 0.4167 0.1171 0.4246
0.1148 0.4068 0.1308 0.1754 0.4697 0.1149 0.3818 0.1371 0.1662 0.4885 0.1136 0.3446 0.1534 0.1535 0.5097 0.1130 0.2964 0.2116 0.1399 0.5210 0.1142 0.2496 0.3134 0.1282 0.5045 0.1180 0.2111 0.4022 0.1198 0.4442 0.1260 0.1814 0.4644 0.1149 0.3721 0.1426 0.1590 0.5030 0.1130 0.3084 0.1932 0.1425 0.5203 0.1138 0.2567 0.2974 0.1298 0.5100 0.1172 0.2163 0.3906 0.1209 0.4554 0.1228 0.2066 0.1889 0.2631 0.1137 0.5203 0.1425 0.1933 0.3083 0.1130 0.5030 0.1590 0.1426 0.3719 0.1149 0.4645 0.1813 0.1261 0.4441 0.1198 0.4023 0.2111 0.1180 0.5045 0.1282 0.3135 0.2496 0.1142 0.5210 0.1399 0.2116 0.2963 0.1130 0.5098 0.1534 0.1534 0.3445 0.1136 0.4886 0.1661 0.1371 0.3817 0.1149 0.4697 0.1754 0.1308 0.4067 0.1148
0.3842 0.1330 0.1722 0.4756 0.1145 0.3738 0.1392 0.1644 0.4909 0.1135 0.3432 0.1534 0.1538 0.5088 0.1130 0.3005 0.2031 0.1413 0.5207 0.1140 0.2550 0.3005 0.1296 0.5093 0.1173 0.2158 0.3918 0.1208 0.4540 0.1246 0.1850 0.4574 0.1153 0.3816 0.1395 0.1617 0.4990 0.1131 0.3164 0.1819 0.1445 0.5193 0.1136 0.2631 0.2829 0.1314 0.5139 0.1166 0.2212 0.3795 0.1219 0.4644 0.1230 0.1915 0.4039 0.1454 0.2683 0.2637 0.1136 0.5193 0.1445 0.1820 0.3163 0.1131 0.4990 0.1617 0.1395 0.3815 0.1153 0.4575 0.1849 0.1246 0.4538 0.1208 0.3919 0.2157 0.1173 0.5093 0.1296 0.3006 0.2550 0.1140 0.5207 0.1413 0.2032 0.3004 0.1130 0.5089 0.1538 0.1534 0.3431 0.1135 0.4910 0.1644 0.1392 0.3737 0.1145 0.4757 0.1722 0.1330 0.3841
0.1371 0.1691 0.4815 0.1141 0.3649 0.1419 0.1621 0.4943 0.1134 0.3392 0.1550 0.1535 0.5088 0.1130 0.3026 0.1979 0.1423 0.5202 0.1138 0.2598 0.2886 0.1309 0.5130 0.1167 0.2204 0.3811 0.1217 0.4634 0.1233 0.1887 0.4499 0.1159 0.3913 0.1367 0.1645 0.4946 0.1132 0.3246 0.1722 0.1466 0.5178 0.1134 0.2696 0.2681 0.1329 0.5168 0.1160 0.2263 0.3679 0.1230 0.4734 0.1220 0.1932 0.4364 0.1202 0.5176 0.1346 0.2669 0.2697 0.1134 0.5178 0.1466 0.1723 0.3245 0.1132 0.4947 0.1644 0.1367 0.3912 0.1159 0.4501 0.1886 0.1233 0.4632 0.1217 0.3811 0.2204 0.1167 0.5130 0.1309 0.2887 0.2598 0.1138 0.5202 0.1423 0.1980 0.3025 0.1130 0.5089 0.1534 0.1551 0.3391 0.1134 0.4944 0.1621 0.1420 0.3648 0.1141 0.4815 0.1691 0.1371
0.1614 0.4869 0.1138 0.3558 0.1453 0.1596 0.4982 0.1132 0.3332 0.1583 0.1524 0.5097 0.1130 0.3026 0.1962 0.1428 0.5198 0.1136 0.2637 0.2786 0.1321 0.5156 0.1162 0.2249 0.3704 0.1228 0.4721 0.1221 0.1925 0.4421 0.1165 0.4011 0.1342 0.1674 0.4898 0.1134 0.3330 0.1641 0.1487 0.5159 0.1132 0.2764 0.2532 0.1346 0.5189 0.1155 0.2316 0.3557 0.1241 0.4820 0.1209 0.1970 0.4324 0.1173 0.4618 0.1100 0.5202 0.1347 0.2532 0.2764 0.1132 0.5159 0.1487 0.1642 0.3329 0.1134 0.4899 0.1673 0.1342 0.4010 0.1165 0.4422 0.1924 0.1221 0.4720 0.1227 0.3705 0.2249 0.1162 0.5156 0.1320 0.2787 0.2636 0.1136 0.5198 0.1428 0.1963 0.3025 0.1130 0.5098 0.1524 0.1584 0.3331 0.1132 0.4982 0.1596 0.1454 0.3557 0.1138 0.4870 0.1614
0.4746 0.1137 0.3468 0.1494 0.1571 0.5021 0.1131 0.3260 0.1634 0.1509 0.5114 0.1130 0.3005 0.1979 0.1428 0.5197 0.1136 0.2662 0.2713 0.1330 0.5174 0.1158 0.2291 0.3603 0.1238 0.4800 0.1211 0.1964 0.4339 0.1172 0.4110 0.1320 0.1704 0.4847 0.1136 0.3416 0.1575 0.1509 0.5136 0.1131 0.2835 0.2385 0.1363 0.5202 0.1150 0.2371 0.3430 0.1253 0.4899 0.1199 0.2012 0.4239 0.1180 0.4278 0.1184 0.2848 0.1133 0.5203 0.1363 0.2386 0.2834 0.1131 0.5136 0.1509 0.1576 0.3416 0.1136 0.4847 0.1704 0.1320 0.4108 0.1171 0.4341 0.1963 0.1211 0.4799 0.1237 0.3604 0.2290 0.1158 0.5173 0.1330 0.2716 0.2660 0.1136 0.5197 0.1428 0.1980 0.3004 0.1130 0.5114 0.1509 0.1635 0.3259 0.1131 0.5021 0.1571 0.1495 0.3467 0.1137 0.4747
0.1128 0.3380 0.1543 0.1546 0.5058 0.1130 0.3183 0.1704 0.1490 0.5134 0.1130 0.2964 0.2031 0.1423 0.5198 0.1136 0.2670 0.2676 0.1336 0.5184 0.1155 0.2326 0.3513 0.1247 0.4868 0.1202 0.2001 0.4258 0.1178 0.4206 0.1300 0.1735 0.4791 0.1139 0.3505 0.1521 0.1532 0.5109 0.1130 0.2907 0.2241 0.1381 0.5209 0.1146 0.2427 0.3298 0.1266 0.4971 0.1190 0.2055 0.4145 0.1188 0.4326 0.1261 0.1967 0.2201 0.2487 0.1144 0.5209 0.1381 0.2242 0.2906 0.1130 0.5109 0.1532 0.1522 0.3504 0.1139 0.4792 0.1734 0.1301 0.4205 0.1178 0.4259 0.2000 0.1202 0.4867 0.1247 0.3513 0.2325 0.1155 0.5183 0.1336 0.2679 0.2669 0.1136 0.5198 0.1423 0.2032 0.2963 0.1130 0.5134 0.1490 0.1705 0.3181 0.1130 0.5058 0.1546 0.1543 0.3378 0.1128
0.3188 0.1602 0.1522 0.5091 0.1130 0.3104 0.1794 0.1470 0.5155 0.1131 0.2909 0.2116 0.1413 0.5202 0.1136 0.2662 0.2676 0.1338 0.5188 0.1153 0.2352 0.3441 0.1255 0.4922 0.1195 0.2036 0.4178 0.1185 0.4298 0.1283 0.1766 0.4733 0.1143 0.3596 0.1476 0.1556 0.5078 0.1129 0.2981 0.2102 0.1399 0.5210 0.1143 0.2486 0.3161 0.1279 0.5033 0.1182 0.2100 0.4046 0.1196 0.4420 0.1262 0.1828 0.4263 0.1407 0.3023 0.2492 0.1142 0.5210 0.1399 0.2103 0.2981 0.1130 0.5078 0.1556 0.1477 0.3594 0.1143 0.4733 0.1766 0.1284 0.4297 0.1185 0.4179 0.2036 0.1195 0.4921 0.1255 0.3442 0.2351 0.1154 0.5188 0.1338 0.2679 0.2660 0.1136 0.5202 0.1413 0.2116 0.2909 0.1131 0.5155 0.1470 0.1796 0.3102 0.1130 0.5091 0.1522 0.1603 0.3187
0.1616 0.1500 0.5120 0.1130 0.3026 0.1902 0.1450 0.5174 0.1132 0.2847 0.2226 0.1399 0.5207 0.1138 0.2637 0.2713 0.1336 0.5188 0.1153 0.2365 0.3395 0.1261 0.4961 0.1189 0.2067 0.4104 0.1192 0.4382 0.1269 0.1797 0.4672 0.1147 0.3686 0.1438 0.1581 0.5043 0.1130 0.3058 0.1972 0.1418 0.5206 0.1139 0.2547 0.3020 0.1294 0.5085 0.1175 0.2147 0.3942 0.1205 0.4517 0.1249 0.1844 0.4549 0.1180 0.5205 0.1309 0.3009 0.2547 0.1139 0.5206 0.1418 0.1974 0.3057 0.1130 0.5043 0.1581 0.1439 0.3684 0.1147 0.4673 0.1797 0.1269 0.4381 0.1192 0.4106 0.2067 0.1190 0.4960 0.1260 0.3396 0.2364 0.1153 0.5188 0.1336 0.2716 0.2636 0.1138 0.5207 0.1399 0.2228 0.2846 0.1132 0.5174 0.1450 0.1904 0.3024 0.1130 0.5121 0.1499 0.1616
0.1436 0.5146 0.1130 0.2950 0.2025 0.1430 0.5190 0.1133 0.2780 0.2356 0.1384 0.5210 0.1140 0.2598 0.2786 0.1330 0.5184 0.1153 0.2365 0.3379 0.1264 0.4984 0.1186 0.2092 0.4042 0.1198 0.4457 0.1256 0.1827 0.4613 0.1151 0.3774 0.1407 0.1607 0.5005 0.1130 0.3137 0.1855 0.1438 0.5197 0.1137 0.2609 0.2876 0.1309 0.5127 0.1168 0.2196 0.3833 0.1215 0.4613 0.1236 0.1879 0.4513 0.1157 0.4393 0.1100 0.5159 0.1310 0.2876 0.2609 0.1137 0.5197 0.1438 0.1856 0.3136 0.1130 0.5005 0.1607 0.1407 0.3773 0.1151 0.4614 0.1826 0.1257 0.4455 0.1198 0.4044 0.2091 0.1186 0.4984 0.1263 0.3381 0.2364 0.1154 0.5183 0.1330 0.2787 0.2598 0.1140 0.5210 0.1383 0.2358 0.2779 0.1133 0.5190 0.1429 0.2028 0.2949 0.1130 0.5146 0.1436
0.5021 0.1133 0.2876 0.2160 0.1410 0.5201 0.1135 0.2713 0.2498 0.1367 0.5210 0.1142 0.2550 0.2886 0.1321 0.5174 0.1155 0.2352 0.3395 0.1264 0.4991 0.1184 0.2107 0.3997 0.1203 0.4516 0.1247 0.1854 0.4557 0.1155 0.3857 0.1380 0.1632 0.4965 0.1132 0.3216 0.1753 0.1459 0.5183 0.1134 0.2674 0.2730 0.1324 0.5159 0.1162 0.2246 0.3718 0.1226 0.4705 0.1224 0.1917 0.4439 0.1163 0.4046 0.1215 0.2688 0.1143 0.5162 0.1324 0.2730 0.2674 0.1134 0.5184 0.1458 0.1755 0.3215 0.1132 0.4965 0.1632 0.1381 0.3856 0.1155 0.4558 0.1853 0.1247 0.4514 0.1203 0.3998 0.2107 0.1184 0.4991 0.1263 0.3396 0.2351 0.1155 0.5173 0.1320 0.2887 0.2550 0.1142 0.5210 0.1367 0.2500 0.2712 0.1135 0.5201 0.1410 0.2162 0.2875 0.1133 0.5021
0.1137 0.2804 0.2302 0.1391 0.5208 0.1138 0.2647 0.2645 0.1350 0.5204 0.1145 0.2496 0.3005 0.1309 0.5156 0.1158 0.2326 0.3441 0.1261 0.4984 0.1184 0.2112 0.3973 0.1206 0.4558 0.1240 0.1876 0.4507 0.1159 0.3933 0.1359 0.1656 0.4924 0.1133 0.3294 0.1671 0.1479 0.5166 0.1132 0.2741 0.2582 0.1340 0.5183 0.1157 0.2298 0.3598 0.1237 0.4792 0.1212 0.1956 0.4356 0.1170 0.4094 0.1304 0.1877 0.2545 0.2354 0.1154 0.5183 0.1340 0.2583 0.2741 0.1132 0.5166 0.1479 0.1672 0.3294 0.1133 0.4924 0.1656 0.1359 0.3932 0.1159 0.4508 0.1875 0.1240 0.4556 0.1206 0.3975 0.2112 0.1184 0.4984 0.1260 0.3442 0.2325 0.1158 0.5156 0.1309 0.3006 0.2496 0.1145 0.5204 0.1350 0.2647 0.2646 0.1138 0.5208 0.1391 0.2303 0.2803 0.1137
0.2651 0.2449 0.1373 0.5210 0.1141 0.2583 0.2792 0.1333 0.5193 0.1149 0.2440 0.3134 0.1296 0.5130 0.1162 0.2291 0.3513 0.1255 0.4961 0.1186 0.2107 0.3973 0.1207 0.4579 0.1236 0.1892 0.4467 0.1163 0.3998 0.1341 0.1679 0.4883 0.1135 0.3370 0.1605 0.1500 0.5145 0.1131 0.2809 0.2436 0.1357 0.5198 0.1152 0.2352 0.3473 0.1249 0.4873 0.1202 0.1998 0.4269 0.1177 0.4189 0.1302 0.1749 0.4460 0.1363 0.3345 0.2358 0.1152 0.5198 0.1357 0.2437 0.2809 0.1131 0.5146 0.1499 0.1606 0.3369 0.1135 0.4884 0.1679 0.1342 0.3996 0.1163 0.4468 0.1891 0.1236 0.4577 0.1207 0.3975 0.2107 0.1186 0.4960 0.1255 0.3513 0.2290 0.1162 0.5130 0.1296 0.3135 0.2440 0.1149 0.5193 0.1333 0.2795 0.2582 0.1141 0.5210 0.1373 0.2451 0.2649
0.2349 0.1357 0.5207 0.1144 0.2521 0.2938 0.1317 0.5174 0.1154 0.2384 0.3267 0.1282 0.5093 0.1167 0.2249 0.3603 0.1247 0.4922 0.1189 0.2092 0.3997 0.1206 0.4579 0.1234 0.1900 0.4441 0.1166 0.4048 0.1328 0.1699 0.4846 0.1137 0.3440 0.1554 0.1519 0.5122 0.1130 0.2877 0.2296 0.1374 0.5207 0.1148 0.2408 0.3343 0.1262 0.4947 0.1193 0.2041 0.4177 0.1185 0.4287 0.1286 0.1763 0.4708 0.1160 0.5209 0.1274 0.3331 0.2409 0.1147 0.5207 0.1374 0.2297 0.2876 0.1130 0.5123 0.1519 0.1555 0.3439 0.1137 0.4847 0.1698 0.1329 0.4046 0.1165 0.4442 0.1900 0.1234 0.4577 0.1206 0.3998 0.2091 0.1190 0.4921 0.1247 0.3604 0.2249 0.1167 0.5093 0.1282 0.3268 0.2384 0.1154 0.5173 0.1317 0.2941 0.2520 0.1144 0.5207 0.1357 0.2351
0.1305 0.5197 0.1148 0.2461 0.3081 0.1302 0.5147 0.1159 0.2329 0.3399 0.1269 0.5045 0.1173 0.2204 0.3704 0.1238 0.4868 0.1195 0.2067 0.4042 0.1203 0.4558 0.1236 0.1900 0.4432 0.1167 0.4079 0.1319 0.1714 0.4814 0.1139 0.3502 0.1516 0.1538 0.5098 0.1130 0.2943 0.2165 0.1391 0.5210 0.1144 0.2465 0.3209 0.1275 0.5013 0.1185 0.2085 0.4080 0.1193 0.4386 0.1269 0.1795 0.4678 0.1144 0.4161 0.1104 0.5067 0.1276 0.3208 0.2465 0.1144 0.5210 0.1391 0.2166 0.2942 0.1130 0.5099 0.1538 0.1516 0.3501 0.1139 0.4815 0.1714 0.1320 0.4078 0.1167 0.4433 0.1900 0.1236 0.4556 0.1203 0.4044 0.2067 0.1195 0.4867 0.1237 0.3705 0.2204 0.1173 0.5045 0.1269 0.3400 0.2329 0.1159 0.5146 0.1302 0.3084 0.2460 0.1148 0.5197 0.1304
0.5046 0.1154 0.2403 0.3220 0.1287 0.5110 0.1164 0.2276 0.3527 0.1256 0.4986 0.1180 0.2158 0.3811 0.1228 0.4800 0.1202 0.2036 0.4104 0.1198 0.4516 0.1240 0.1892 0.4441 0.1167 0.4090 0.1315 0.1724 0.4792 0.1140 0.3553 0.1487 0.1555 0.5075 0.1130 0.3006 0.2048 0.1408 0.5208 0.1141 0.2523 0.3074 0.1288 0.5068 0.1177 0.2132 0.3977 0.1202 0.4484 0.1254 0.1829 0.4613 0.1150 0.3818 0.1253 0.2540 0.1156 0.5072 0.1288 0.3075 0.2522 0.1141 0.5209 0.1408 0.2049 0.3005 0.1130 0.5075 0.1554 0.1488 0.3552 0.1140 0.4793 0.1723 0.1315 0.4089 0.1167 0.4442 0.1891 0.1240 0.4514 0.1198 0.4106 0.2036 0.1202 0.4799 0.1227 0.3811 0.2157 0.1180 0.4985 0.1256 0.3528 0.2275 0.1164 0.5110 0.1287 0.3222 0.2402 0.1154 0.5045
0.1172 0.2347 0.3354 0.1274 0.5064 0.1171 0.2224 0.3650 0.1244 0.4917 0.1188 0.2111 0.3918 0.1217 0.4721 0.1211 0.2001 0.4178 0.1192 0.4457 0.1247 0.1876 0.4467 0.1166 0.4079 0.1315 0.1727 0.4780 0.1142 0.3590 0.1467 0.1568 0.5053 0.1130 0.3063 0.1950 0.1424 0.5203 0.1138 0.2579 0.2940 0.1302 0.5112 0.1170 0.2179 0.3870 0.1212 0.4581 0.1240 0.1866 0.4542 0.1156 0.3864 0.1357 0.1794 0.2895 0.2230 0.1168 0.5112 0.1302 0.2942 0.2578 0.1138 0.5203 0.1424 0.1950 0.3062 0.1130 0.5054 0.1568 0.1468 0.3588 0.1142 0.4780 0.1727 0.1315 0.4078 0.1165 0.4468 0.1875 0.1247 0.4455 0.1192 0.4179 0.2000 0.1211 0.4720 0.1217 0.3919 0.2111 0.1188 0.4916 0.1244 0.3651 0.2224 0.1171 0.5063 0.1273 0.3357 0.2346 0.1172
0.2225 0.3486 0.1260 0.5007 0.1178 0.2175 0.3768 0.1232 0.4839 0.1197 0.2066 0.4022 0.1208 0.4634 0.1221 0.1964 0.4258 0.1185 0.4382 0.1256 0.1854 0.4507 0.1163 0.4048 0.1319 0.1724 0.4780 0.1142 0.3609 0.1455 0.1579 0.5036 0.1130 0.3111 0.1870 0.1439 0.5195 0.1136 0.2633 0.2812 0.1316 0.5146 0.1164 0.2227 0.3760 0.1222 0.4674 0.1228 0.1903 0.4466 0.1161 0.3957 0.1353 0.1676 0.4633 0.1323 0.3646 0.2231 0.1164 0.5145 0.1316 0.2813 0.2633 0.1136 0.5195 0.1439 0.1871 0.3110 0.1130 0.5036 0.1578 0.1456 0.3607 0.1142 0.4780 0.1723 0.1320 0.4046 0.1163 0.4508 0.1853 0.1257 0.4381 0.1185 0.4259 0.1963 0.1221 0.4632 0.1208 0.4023 0.2065 0.1197 0.4838 0.1232 0.3770 0.2174 0.1178 0.5006 0.1260 0.3488 0.2224
0.3355 0.1250 0.4941 0.1185 0.2127 0.3880 0.1221 0.4755 0.1207 0.2022 0.4123 0.1198 0.4540 0.1233 0.1925 0.4339 0.1178 0.4298 0.1269 0.1827 0.4557 0.1159 0.3998 0.1328 0.1714 0.4792 0.1142 0.3609 0.1451 0.1584 0.5024 0.1130 0.3148 0.1811 0.1451 0.5186 0.1134 0.2683 0.2693 0.1330 0.5170 0.1159 0.2274 0.3649 0.1233 0.4760 0.1216 0.1943 0.4385 0.1168 0.4055 0.1332 0.1689 0.4845 0.1143 0.5179 0.1243 0.3640 0.2274 0.1159 0.5170 0.1329 0.2694 0.2683 0.1134 0.5186 0.1451 0.1812 0.3148 0.1130 0.5025 0.1584 0.1451 0.3607 0.1142 0.4793 0.1714 0.1329 0.3996 0.1159 0.4558 0.1826 0.1269 0.4297 0.1178 0.4341 0.1924 0.1233 0.4538 0.1198 0.4124 0.2021 0.1207 0.4754 0.1221 0.3882 0.2126 0.1185 0.4940 0.1250 0.3358
0.1211 0.4866 0.1194 0.2081 0.3987 0.1211 0.4665 0.1217 0.1980 0.4218 0.1190 0.4442 0.1246 0.1887 0.4421 0.1172 0.4206 0.1283 0.1797 0.4613 0.1155 0.3933 0.1341 0.1699 0.4814 0.1140 0.3590 0.1455 0.1584 0.5020 0.1131 0.3172 0.1773 0.1461 0.5177 0.1133 0.2727 0.2588 0.1342 0.5187 0.1155 0.2320 0.3539 0.1243 0.4839 0.1206 0.1982 0.4301 0.1175 0.4153 0.1311 0.1718 0.4819 0.1134 0.3928 0.1111 0.4914 0.1244 0.3539 0.2320 0.1155 0.5187 0.1342 0.2589 0.2727 0.1133 0.5178 0.1460 0.1774 0.3171 0.1131 0.5021 0.1584 0.1456 0.3588 0.1140 0.4815 0.1698 0.1342 0.3932 0.1155 0.4614 0.1797 0.1284 0.4205 0.1171 0.4422 0.1886 0.1246 0.4441 0.1189 0.4219 0.1979 0.1217 0.4664 0.1211 0.3989 0.2080 0.1194 0.4864 0.1211
0.4641 0.1204 0.2037 0.4089 0.1201 0.4571 0.1229 0.1939 0.4308 0.1181 0.4343 0.1260 0.1850 0.4499 0.1165 0.4110 0.1300 0.1766 0.4672 0.1151 0.3857 0.1359 0.1679 0.4846 0.1139 0.3553 0.1467 0.1579 0.5024 0.1131 0.3181 0.1754 0.1467 0.5171 0.1132 0.2763 0.2501 0.1353 0.5198 0.1152 0.2364 0.3433 0.1254 0.4909 0.1197 0.2022 0.4215 0.1182 0.4251 0.1292 0.1749 0.4764 0.1141 0.3598 0.1302 0.2399 0.1175 0.4914 0.1254 0.3435 0.2363 0.1152 0.5197 0.1353 0.2502 0.2763 0.1132 0.5171 0.1467 0.1755 0.3179 0.1131 0.5025 0.1578 0.1468 0.3552 0.1139 0.4847 0.1679 0.1359 0.3856 0.1151 0.4673 0.1766 0.1301 0.4108 0.1165 0.4501 0.1849 0.1261 0.4342 0.1181 0.4309 0.1938 0.1229 0.4570 0.1201 0.4091 0.2036 0.1205 0.4640
0.1237 0.1993 0.4186 0.1192 0.4475 0.1242 0.1900 0.4393 0.1174 0.4243 0.1276 0.1814 0.4574 0.1159 0.4011 0.1320 0.1735 0.4733 0.1147 0.3774 0.1380 0.1656 0.4883 0.1137 0.3502 0.1487 0.1568 0.5036 0.1130 0.3172 0.1754 0.1469 0.5167 0.1132 0.2789 0.2435 0.1362 0.5204 0.1149 0.2403 0.3336 0.1264 0.4967 0.1190 0.2060 0.4129 0.1189 0.4345 0.1276 0.1781 0.4704 0.1145 0.3642 0.1429 0.1717 0.3242 0.2108 0.1187 0.4967 0.1264 0.3337 0.2402 0.1149 0.5204 0.1362 0.2436 0.2788 0.1132 0.5167 0.1469 0.1755 0.3171 0.1130 0.5036 0.1568 0.1488 0.3501 0.1137 0.4884 0.1656 0.1381 0.3773 0.1147 0.4733 0.1734 0.1320 0.4009 0.1159 0.4575 0.1813 0.1277 0.4242 0.1174 0.4394 0.1899 0.1242 0.4473 0.1192 0.4188 0.1992 0.1238
0.1896 0.4279 0.1184 0.4377 0.1256 0.1862 0.4474 0.1167 0.4143 0.1294 0.1779 0.4644 0.1153 0.3913 0.1342 0.1704 0.4791 0.1143 0.3686 0.1407 0.1632 0.4924 0.1135 0.3440 0.1516 0.1555 0.5053 0.1130 0.3148 0.1773 0.1467 0.5167 0.1132 0.2803 0.2393 0.1368 0.5207 0.1147 0.2436 0.3250 0.1273 0.5014 0.1183 0.2097 0.4044 0.1197 0.4434 0.1261 0.1814 0.4641 0.1149 0.3729 0.1420 0.1610 0.4784 0.1285 0.3942 0.2101 0.1183 0.5014 0.1273 0.3251 0.2435 0.1147 0.5207 0.1368 0.2394 0.2802 0.1132 0.5167 0.1467 0.1774 0.3148 0.1130 0.5054 0.1554 0.1516 0.3439 0.1135 0.4924 0.1632 0.1407 0.3684 0.1143 0.4792 0.1703 0.1342 0.3911 0.1153 0.4645 0.1779 0.1294 0.4142 0.1167 0.4475 0.1862 0.1256 0.4375 0.1184 0.4281 0.1895
0.4151 0.1179 0.4277 0.1271 0.1826 0.4550 0.1161 0.4044 0.1313 0.1746 0.4710 0.1149 0.3816 0.1367 0.1674 0.4846 0.1139 0.3596 0.1438 0.1607 0.4965 0.1133 0.3370 0.1554 0.1538 0.5075 0.1130 0.3111 0.1811 0.1461 0.5171 0.1132 0.2803 0.2378 0.1372 0.5209 0.1145 0.2461 0.3181 0.1281 0.5051 0.1178 0.2131 0.3964 0.1205 0.4517 0.1248 0.1847 0.4577 0.1153 0.3820 0.1392 0.1621 0.4962 0.1129 0.5097 0.1212 0.3956 0.2131 0.1178 0.5050 0.1281 0.3182 0.2460 0.1145 0.5209 0.1372 0.2380 0.2802 0.1132 0.5171 0.1460 0.1812 0.3110 0.1130 0.5075 0.1538 0.1555 0.3369 0.1133 0.4965 0.1607 0.1439 0.3594 0.1139 0.4847 0.1673 0.1367 0.3814 0.1149 0.4711 0.1746 0.1313 0.4043 0.1161 0.4551 0.1825 0.1271 0.4275 0.1178 0.4152
0.1153 0.4177 0.1288 0.1791 0.4621 0.1155 0.3945 0.1334 0.1714 0.4771 0.1144 0.3721 0.1395 0.1645 0.4898 0.1136 0.3506 0.1476 0.1582 0.5005 0.1132 0.3295 0.1605 0.1519 0.5098 0.1130 0.3063 0.1870 0.1451 0.5177 0.1132 0.2789 0.2393 0.1372 0.5209 0.1145 0.2477 0.3133 0.1287 0.5077 0.1174 0.2161 0.3891 0.1212 0.4591 0.1237 0.1878 0.4512 0.1158 0.3908 0.1367 0.1646 0.4941 0.1127 0.3694 0.1123 0.4682 0.1212 0.3891 0.2161 0.1174 0.5076 0.1287 0.3134 0.2476 0.1145 0.5209 0.1372 0.2394 0.2788 0.1132 0.5178 0.1451 0.1871 0.3062 0.1130 0.5099 0.1519 0.1606 0.3294 0.1132 0.5005 0.1581 0.1477 0.3504 0.1136 0.4899 0.1644 0.1395 0.3719 0.1144 0.4772 0.1714 0.1335 0.3944 0.1155 0.4622 0.1790 0.1288 0.4175 0.1153
0.3947 0.1308 0.1757 0.4688 0.1150 0.3848 0.1358 0.1684 0.4829 0.1141 0.3627 0.1426 0.1617 0.4946 0.1134 0.3417 0.1521 0.1557 0.5043 0.1130 0.3216 0.1671 0.1500 0.5122 0.1130 0.3006 0.1950 0.1439 0.5186 0.1133 0.2763 0.2435 0.1368 0.5209 0.1145 0.2483 0.3106 0.1291 0.5093 0.1171 0.2186 0.3827 0.1218 0.4654 0.1228 0.1907 0.4450 0.1163 0.3993 0.1345 0.1672 0.4899 0.1134 0.3382 0.1370 0.2256 0.1202 0.4660 0.1218 0.3829 0.2185 0.1171 0.5092 0.1291 0.3107 0.2482 0.1145 0.5209 0.1368 0.2436 0.2763 0.1133 0.5186 0.1439 0.1950 0.3005 0.1130 0.5123 0.1499 0.1672 0.3215 0.1130 0.5043 0.1556 0.1522 0.3416 0.1134 0.4947 0.1616 0.1427 0.3626 0.1141 0.4829 0.1683 0.1359 0.3847 0.1150 0.4689 0.1756 0.1308 0.3945
0.1348 0.1724 0.4751 0.1146 0.3752 0.1385 0.1654 0.4882 0.1137 0.3536 0.1462 0.1590 0.4990 0.1132 0.3331 0.1575 0.1532 0.5077 0.1130 0.3137 0.1753 0.1479 0.5145 0.1130 0.2943 0.2048 0.1424 0.5195 0.1134 0.2727 0.2501 0.1362 0.5207 0.1145 0.2477 0.3106 0.1292 0.5101 0.1170 0.2202 0.3780 0.1223 0.4705 0.1221 0.1933 0.4392 0.1168 0.4072 0.1326 0.1698 0.4853 0.1136 0.3419 0.1536 0.1642 0.3602 0.1976 0.1218 0.4704 0.1223 0.3782 0.2201 0.1170 0.5100 0.1292 0.3107 0.2476 0.1145 0.5207 0.1362 0.2502 0.2727 0.1134 0.5195 0.1424 0.2049 0.2942 0.1130 0.5146 0.1479 0.1755 0.3135 0.1130 0.5078 0.1532 0.1576 0.3329 0.1132 0.4991 0.1590 0.1463 0.3534 0.1137 0.4882 0.1654 0.1385 0.3751 0.1146 0.4752 0.1724 0.1349
0.1646 0.4810 0.1142 0.3658 0.1415 0.1626 0.4931 0.1135 0.3446 0.1505 0.1565 0.5030 0.1131 0.3247 0.1641 0.1509 0.5108 0.1130 0.3058 0.1855 0.1459 0.5166 0.1131 0.2878 0.2164 0.1408 0.5203 0.1136 0.2683 0.2588 0.1353 0.5204 0.1147 0.2461 0.3133 0.1291 0.5101 0.1169 0.2211 0.3751 0.1227 0.4741 0.1216 0.1955 0.4341 0.1173 0.4142 0.1311 0.1722 0.4808 0.1139 0.3493 0.1522 0.1546 0.4922 0.1246 0.4251 0.1958 0.1216 0.4740 0.1227 0.3753 0.2210 0.1169 0.5100 0.1291 0.3134 0.2460 0.1147 0.5204 0.1353 0.2589 0.2683 0.1136 0.5203 0.1408 0.2166 0.2876 0.1131 0.5166 0.1458 0.1857 0.3057 0.1130 0.5109 0.1509 0.1642 0.3244 0.1131 0.5031 0.1564 0.1506 0.3445 0.1135 0.4931 0.1626 0.1416 0.3656 0.1142 0.4811 0.1645
0.4687 0.1141 0.3566 0.1450 0.1599 0.4976 0.1133 0.3359 0.1556 0.1540 0.5066 0.1130 0.3165 0.1721 0.1487 0.5136 0.1130 0.2982 0.1972 0.1438 0.5183 0.1132 0.2810 0.2294 0.1392 0.5208 0.1138 0.2634 0.2693 0.1342 0.5198 0.1149 0.2436 0.3181 0.1287 0.5093 0.1170 0.2211 0.3741 0.1229 0.4763 0.1212 0.1971 0.4300 0.1177 0.4202 0.1298 0.1745 0.4765 0.1141 0.3567 0.1485 0.1554 0.5062 0.1118 0.4922 0.1181 0.4293 0.1971 0.1212 0.4762 0.1228 0.3743 0.2210 0.1170 0.5092 0.1287 0.3182 0.2435 0.1149 0.5197 0.1342 0.2694 0.2633 0.1138 0.5209 0.1391 0.2297 0.2808 0.1132 0.5184 0.1438 0.1975 0.2980 0.1130 0.5136 0.1487 0.1724 0.3162 0.1130 0.5067 0.1540 0.1557 0.3357 0.1133 0.4976 0.1599 0.1450 0.3564 0.1140 0.4688
0.1129 0.3475 0.1490 0.1573 0.5017 0.1131 0.3274 0.1617 0.1517 0.5099 0.1130 0.3085 0.1818 0.1466 0.5159 0.1131 0.2907 0.2101 0.1419 0.5197 0.1134 0.2742 0.2435 0.1374 0.5210 0.1141 0.2580 0.2811 0.1330 0.5187 0.1152 0.2403 0.3250 0.1281 0.5077 0.1171 0.2202 0.3751 0.1229 0.4771 0.1210 0.1981 0.4271 0.1180 0.4249 0.1288 0.1765 0.4725 0.1144 0.3635 0.1454 0.1573 0.5050 0.1124 0.3446 0.1144 0.4353 0.1179 0.4272 0.1981 0.1211 0.4769 0.1228 0.3753 0.2201 0.1171 0.5076 0.1281 0.3251 0.2402 0.1152 0.5187 0.1329 0.2813 0.2578 0.1141 0.5210 0.1374 0.2438 0.2741 0.1134 0.5197 0.1418 0.2105 0.2906 0.1131 0.5159 0.1465 0.1821 0.3083 0.1130 0.5099 0.1516 0.1619 0.3273 0.1131 0.5018 0.1573 0.1491 0.3474 0.1129
0.3278 0.1539 0.1548 0.5055 0.1130 0.3191 0.1693 0.1494 0.5127 0.1130 0.3007 0.1931 0.1445 0.5178 0.1132 0.2835 0.2239 0.1399 0.5206 0.1136 0.2675 0.2581 0.1357 0.5207 0.1144 0.2523 0.2940 0.1316 0.5170 0.1155 0.2364 0.3336 0.1273 0.5051 0.1174 0.2186 0.3780 0.1227 0.4763 0.1210 0.1985 0.4255 0.1181 0.4281 0.1281 0.1780 0.4691 0.1147 0.3695 0.1429 0.1592 0.5022 0.1129 0.3159 0.1480 0.2102 0.1249 0.4288 0.1181 0.4257 0.1984 0.1211 0.4762 0.1227 0.3782 0.2185 0.1174 0.5050 0.1273 0.3338 0.2363 0.1155 0.5170 0.1316 0.2942 0.2522 0.1144 0.5207 0.1357 0.2584 0.2674 0.1137 0.5206 0.1399 0.2243 0.2833 0.1132 0.5178 0.1445 0.1934 0.3005 0.1130 0.5127 0.1494 0.1694 0.3190 0.1130 0.5055 0.1548 0.1540 0.3277
0.1563 0.1524 0.5088 0.1130 0.3110 0.1784 0.1473 0.5151 0.1130 0.2932 0.2057 0.1425 0.5193 0.1133 0.2765 0.2384 0.1381 0.5210 0.1139 0.2610 0.2728 0.1340 0.5199 0.1147 0.2465 0.3074 0.1302 0.5146 0.1159 0.2320 0.3433 0.1264 0.5014 0.1178 0.2162 0.3827 0.1223 0.4741 0.1212 0.1981 0.4255 0.1182 0.4298 0.1277 0.1791 0.4665 0.1149 0.3745 0.1410 0.1609 0.4995 0.1131 0.3182 0.1733 0.1565 0.3981 0.1831 0.1274 0.4296 0.1182 0.4257 0.1981 0.1212 0.4740 0.1223 0.3829 0.2161 0.1178 0.5013 0.1264 0.3436 0.2319 0.1159 0.5145 0.1302 0.3076 0.2464 0.1148 0.5198 0.1340 0.2732 0.2609 0.1139 0.5210 0.1380 0.2388 0.2763 0.1134 0.5193 0.1424 0.2061 0.2930 0.1130 0.5152 0.1472 0.1786 0.3109 0.1130 0.5089 0.1524 0.1563
0.1459 0.5118 0.1129 0.3033 0.1891 0.1452 0.5172 0.1131 0.2859 0.2191 0.1406 0.5203 0.1136 0.2698 0.2529 0.1363 0.5209 0.1142 0.2548 0.2873 0.1324 0.5183 0.1152 0.2409 0.3207 0.1289 0.5113 0.1164 0.2275 0.3538 0.1254 0.4968 0.1183 0.2132 0.3889 0.1218 0.4706 0.1215 0.1971 0.4270 0.1181 0.4298 0.1276 0.1796 0.4649 0.1150 0.3783 0.1396 0.1623 0.4970 0.1131 0.3235 0.1715 0.1481 0.5047 0.1205 0.4573 0.1799 0.1276 0.4296 0.1181 0.4273 0.1970 0.1216 0.4703 0.1218 0.3891 0.2131 0.1183 0.4966 0.1254 0.3541 0.2273 0.1164 0.5112 0.1288 0.3211 0.2407 0.1152 0.5182 0.1324 0.2879 0.2546 0.1143 0.5209 0.1363 0.2535 0.2696 0.1136 0.5204 0.1405 0.2197 0.2857 0.1131 0.5172 0.1451 0.1894 0.3031 0.1130 0.5119 0.1459
0.4991 0.1130 0.2963 0.2003 0.1433 0.5187 0.1131 0.2794 0.2323 0.1389 0.5209 0.1136 0.2637 0.2666 0.1348 0.5203 0.1144 0.2492 0.3006 0.1310 0.5162 0.1154 0.2358 0.3330 0.1276 0.5073 0.1168 0.2232 0.3638 0.1244 0.4915 0.1187 0.2102 0.3954 0.1212 0.4662 0.1218 0.1959 0.4292 0.1180 0.4290 0.1274 0.1800 0.4652 0.1149 0.3813 0.1380 0.1636 0.4950 0.1132 0.3307 0.1664 0.1489 0.5143 0.1108 0.4598 0.1150 0.4641 0.1791 0.1278 0.4279 0.1179 0.4301 0.1954 0.1221 0.4652 0.1211 0.3965 0.2097 0.1190 0.4907 0.1243 0.3651 0.2226 0.1170 0.5067 0.1275 0.3344 0.2352 0.1157 0.5159 0.1308 0.3023 0.2485 0.1146 0.5202 0.1346 0.2683 0.2630 0.1138 0.5209 0.1386 0.2340 0.2786 0.1133 0.5189 0.1431 0.2016 0.2955 0.1132 0.4994
0.1119 0.2960 0.2006 0.1433 0.5189 0.1121 0.2788 0.2336 0.1388 0.5210 0.1126 0.2632 0.2681 0.1346 0.5202 0.1133 0.2488 0.3022 0.1309 0.5159 0.1143 0.2355 0.3344 0.1275 0.5068 0.1156 0.2231 0.3644 0.1243 0.4915 0.1175 0.2108 0.3941 0.1212 0.4684 0.1202 0.1977 0.4250 0.1181 0.4354 0.1249 0.1832 0.4573 0.1151 0.3925 0.1339 0.1678 0.4878 0.1127 0.3433 0.1517 0.1525 0.5118 0.1118 0.3245 0.1173 0.3927 0.1150 0.4663 0.1790 0.1282 0.4247 0.1176 0.4342 0.1932 0.1229 0.4589 0.1204 0.4045 0.2060 0.1197 0.4838 0.1232 0.3762 0.2178 0.1177 0.5012 0.1261 0.3474 0.2298 0.1162 0.5126 0.1293 0.3164 0.2427 0.1150 0.5188 0.1329 0.2831 0.2567 0.1141 0.5210 0.1368 0.2486 0.2718 0.1135 0.5201 0.1412 0.2150 0.2881 0.1134
0.3329 0.1481 0.1565 0.5047 0.1106 0.3206 0.1647 0.1506 0.5123 0.1102 0.3020 0.1888 0.1455 0.5176 0.1100 0.2848 0.2200 0.1407 0.5205 0.1100 0.2689 0.2545 0.1363 0.5209 0.1104 0.2540 0.2895 0.1323 0.5179 0.1111 0.2399 0.3242 0.1285 0.5097 0.1123 0.2256 0.3601 0.1246 0.4922 0.1144 0.2102 0.3981 0.1205 0.4615 0.1181 0.1934 0.4380 0.1164 0.4151 0.1241 0.1818 0.4823 0.1120 0.3417 0.1461 0.1997 0.1327 0.3832 0.1147 0.4666 0.1780 0.1288 0.4201 0.1173 0.4393 0.1906 0.1238 0.4516 0.1197 0.4130 0.2021 0.1206 0.4759 0.1222 0.3872 0.2131 0.1185 0.4947 0.1249 0.3599 0.2246 0.1168 0.5084 0.1279 0.3300 0.2370 0.1155 0.5167 0.1313 0.2976 0.2505 0.1145 0.5205 0.1351 0.2635 0.2651 0.1137 0.5208 0.1393 0.2293 0.2722
0.1137 0.2299 0.3493 0.1258 0.4998 0.1141 0.2173 0.3788 0.1228 0.4824 0.1160 0.2065 0.4040 0.1202 0.4618 0.1184 0.1967 0.4264 0.1180 0.4392 0.1215 0.1876 0.4461 0.1160 0.4160 0.1253 0.1793 0.4634 0.1143 0.3927 0.1302 0.1716 0.4785 0.1129 0.3693 0.1370 0.1642 0.4922 0.1118 0.3446 0.1480 0.1565 0.5048 0.1107 0.3160 0.1730 0.1477 0.5157 0.1103 0.3009 0.1647 0.1244 0.4416 0.1191 0.1699 0.4026 0.1697 0.1382 0.3782 0.1148 0.4692 0.1764 0.1298 0.4140 0.1168 0.4452 0.1877 0.1248 0.4434 0.1189 0.4217 0.1981 0.1216 0.4672 0.1212 0.3979 0.2085 0.1193 0.4872 0.1237 0.3719 0.2195 0.1175 0.5032 0.1266 0.3432 0.2315 0.1160 0.5138 0.1298 0.3118 0.2446 0.1149 0.5194 0.1334 0.2782 0.2587 0.1140 0.5210 0.1376 0.2204
0.4781 0.1179 0.2114 0.3916 0.1216 0.4725 0.1201 0.2009 0.4156 0.1193 0.4507 0.1228 0.1914 0.4365 0.1173 0.4277 0.1262 0.1827 0.4549 0.1157 0.4045 0.1304 0.1748 0.4709 0.1144 0.3817 0.1358 0.1676 0.4846 0.1134 0.3597 0.1429 0.1609 0.4962 0.1127 0.3381 0.1537 0.1546 0.5063 0.1124 0.3157 0.1735 0.1481 0.5150 0.1123 0.2907 0.2184 0.1406 0.5198 0.1121 0.3289 0.4081 0.1103 0.3244 0.3421 0.1170 0.4866 0.1636 0.1398 0.3743 0.1146 0.4726 0.1744 0.1311 0.4070 0.1163 0.4513 0.1846 0.1261 0.4344 0.1182 0.4303 0.1942 0.1228 0.4580 0.1202 0.4081 0.2040 0.1202 0.4791 0.1226 0.3834 0.2147 0.1182 0.4969 0.1253 0.3559 0.2263 0.1166 0.5099 0.1284 0.3256 0.2389 0.1153 0.5175 0.1318 0.2928 0.2525 0.1144 0.5207 0.1321
0.1223 0.4949 0.1183 0.2133 0.3867 0.1222 0.4766 0.1204 0.2028 0.4109 0.1199 0.4552 0.1230 0.1931 0.4324 0.1180 0.4324 0.1262 0.1843 0.4514 0.1163 0.4092 0.1302 0.1762 0.4678 0.1150 0.3863 0.1353 0.1688 0.4820 0.1140 0.3640 0.1421 0.1620 0.4942 0.1134 0.3417 0.1523 0.1554 0.5050 0.1129 0.3180 0.1717 0.1486 0.5143 0.1129 0.2908 0.2119 0.1425 0.4990 0.1401 0.1268 0.3571 0.1177 0.1502 0.3658 0.1131 0.4945 0.1616 0.1411 0.3693 0.1144 0.4766 0.1722 0.1326 0.3992 0.1158 0.4577 0.1814 0.1276 0.4249 0.1174 0.4387 0.1903 0.1240 0.4483 0.1193 0.4179 0.1997 0.1213 0.4703 0.1215 0.3943 0.2100 0.1190 0.4898 0.1241 0.3680 0.2212 0.1172 0.5050 0.1270 0.3389 0.2333 0.1158 0.5149 0.1303 0.3071 0.2465 0.1149 0.5063
0.3217 0.1263 0.5012 0.1177 0.2179 0.3758 0.1233 0.4846 0.1196 0.2070 0.4013 0.1209 0.4642 0.1220 0.1970 0.4239 0.1188 0.4418 0.1249 0.1878 0.4439 0.1170 0.4187 0.1286 0.1794 0.4614 0.1156 0.3955 0.1332 0.1717 0.4765 0.1145 0.3727 0.1393 0.1645 0.4899 0.1136 0.3491 0.1486 0.1573 0.5023 0.1131 0.3232 0.1688 0.1493 0.5137 0.1129 0.2948 0.2023 0.1509 0.3983 0.2182 0.1193 0.5127 0.1548 0.1503 0.3371 0.1132 0.4972 0.1608 0.1430 0.3633 0.1141 0.4809 0.1697 0.1345 0.3907 0.1153 0.4642 0.1781 0.1292 0.4151 0.1168 0.4467 0.1865 0.1254 0.4385 0.1185 0.4271 0.1956 0.1224 0.4611 0.1205 0.4047 0.2055 0.1199 0.4818 0.1229 0.3797 0.2163 0.1179 0.4991 0.1257 0.3517 0.2280 0.1164 0.5113 0.1288 0.3211 0.2407 0.1166
0.2280 0.3347 0.1274 0.5067 0.1170 0.2228 0.3641 0.1245 0.4922 0.1187 0.2115 0.3908 0.1219 0.4733 0.1209 0.2011 0.4146 0.1196 0.4516 0.1236 0.1916 0.4357 0.1177 0.4286 0.1269 0.1829 0.4543 0.1161 0.4053 0.1311 0.1749 0.4705 0.1149 0.3818 0.1367 0.1672 0.4854 0.1139 0.3565 0.1455 0.1592 0.4996 0.1131 0.3296 0.1642 0.1507 0.5122 0.1130 0.2983 0.1854 0.1675 0.2610 0.2505 0.1134 0.5082 0.1531 0.1610 0.3295 0.1132 0.4996 0.1592 0.1455 0.3565 0.1139 0.4854 0.1672 0.1367 0.3818 0.1149 0.4705 0.1749 0.1311 0.4053 0.1161 0.4543 0.1829 0.1269 0.4286 0.1177 0.4357 0.1916 0.1236 0.4516 0.1196 0.4146 0.2011 0.1209 0.4733 0.1219 0.3908 0.2115 0.1187 0.4922 0.1245 0.3641 0.2228 0.1170 0.5067 0.1274 0.3347 0.2280
0.1166 0.2407 0.3211 0.1288 0.5113 0.1164 0.2280 0.3517 0.1257 0.4991 0.1179 0.2163 0.3797 0.1229 0.4818 0.1199 0.2055 0.4047 0.1205 0.4611 0.1224 0.1956 0.4271 0.1185 0.4385 0.1254 0.1865 0.4467 0.1168 0.4151 0.1292 0.1781 0.4642 0.1153 0.3907 0.1345 0.1697 0.4809 0.1141 0.3633 0.1430 0.1609 0.4971 0.1131 0.3321 0.1603 0.1512 0.5118 0.1127 0.3051 0.1536 0.1885 0.1948 0.2927 0.1130 0.5114 0.1502 0.1665 0.3225 0.1131 0.5023 0.1573 0.1486 0.3491 0.1136 0.4899 0.1645 0.1393 0.3727 0.1145 0.4765 0.1717 0.1332 0.3955 0.1156 0.4614 0.1794 0.1286 0.4187 0.1170 0.4439 0.1878 0.1249 0.4418 0.1188 0.4239 0.1970 0.1220 0.4642 0.1209 0.4013 0.2070 0.1196 0.4846 0.1233 0.3758 0.2179 0.1177 0.5012 0.1263 0.3217
0.5063 0.1149 0.2465 0.3071 0.1303 0.5149 0.1158 0.2333 0.3389 0.1270 0.5050 0.1172 0.2212 0.3680 0.1241 0.4898 0.1190 0.2100 0.3943 0.1215 0.4703 0.1213 0.1997 0.4179 0.1193 0.4483 0.1240 0.1903 0.4387 0.1174 0.4249 0.1276 0.1814 0.4577 0.1158 0.3992 0.1326 0.1722 0.4766 0.1144 0.3693 0.1411 0.1623 0.4952 0.1133 0.3344 0.1586 0.1517 0.5110 0.1122 0.3479 0.1314 0.1856 0.1797 0.2976 0.1128 0.5140 0.1481 0.1731 0.3180 0.1129 0.5050 0.1554 0.1523 0.3417 0.1134 0.4942 0.1620 0.1421 0.3640 0.1140 0.4820 0.1688 0.1353 0.3863 0.1150 0.4678 0.1762 0.1302 0.4092 0.1163 0.4514 0.1843 0.1262 0.4324 0.1180 0.4324 0.1931 0.1230 0.4552 0.1199 0.4109 0.2028 0.1204 0.4766 0.1222 0.3867 0.2133 0.1183 0.4949 0.1223
0.1321 0.5207 0.1144 0.2525 0.2928 0.1318 0.5175 0.1153 0.2389 0.3256 0.1284 0.5099 0.1166 0.2263 0.3559 0.1253 0.4969 0.1182 0.2147 0.3834 0.1226 0.4791 0.1202 0.2040 0.4081 0.1202 0.4580 0.1228 0.1942 0.4303 0.1182 0.4344 0.1261 0.1846 0.4513 0.1163 0.4070 0.1311 0.1744 0.4726 0.1146 0.3744 0.1396 0.1636 0.4939 0.1134 0.3356 0.1583 0.1524 0.5048 0.1151 0.4470 0.2636 0.1599 0.1980 0.2928 0.1124 0.5154 0.1479 0.1735 0.3157 0.1124 0.5063 0.1546 0.1537 0.3381 0.1127 0.4962 0.1609 0.1429 0.3597 0.1134 0.4846 0.1676 0.1358 0.3817 0.1144 0.4709 0.1748 0.1304 0.4045 0.1157 0.4549 0.1827 0.1262 0.4277 0.1173 0.4365 0.1914 0.1228 0.4507 0.1193 0.4156 0.2009 0.1201 0.4725 0.1216 0.3917 0.2114 0.1179 0.4781
0.2204 0.1376 0.5210 0.1140 0.2587 0.2782 0.1334 0.5194 0.1149 0.2446 0.3118 0.1298 0.5138 0.1160 0.2315 0.3432 0.1266 0.5032 0.1175 0.2195 0.3719 0.1237 0.4872 0.1193 0.2085 0.3979 0.1212 0.4672 0.1216 0.1981 0.4217 0.1189 0.4434 0.1248 0.1877 0.4452 0.1168 0.4140 0.1298 0.1764 0.4692 0.1149 0.3780 0.1386 0.1638 0.4931 0.1133 0.3368 0.1565 0.1591 0.3982 0.1869 0.1199 0.5006 0.1504 0.1682 0.3168 0.1110 0.5053 0.1565 0.1480 0.3446 0.1118 0.4922 0.1641 0.1370 0.3693 0.1129 0.4785 0.1716 0.1302 0.3927 0.1143 0.4634 0.1793 0.1253 0.4160 0.1160 0.4462 0.1876 0.1215 0.4392 0.1180 0.4264 0.1967 0.1184 0.4617 0.1202 0.4041 0.2065 0.1160 0.4824 0.1228 0.3788 0.2173 0.1141 0.4998 0.1258 0.3493 0.2299 0.1137
0.2722 0.2293 0.1393 0.5208 0.1137 0.2651 0.2635 0.1351 0.5205 0.1145 0.2505 0.2976 0.1313 0.5167 0.1155 0.2370 0.3300 0.1279 0.5084 0.1168 0.2246 0.3599 0.1249 0.4947 0.1185 0.2131 0.3872 0.1222 0.4759 0.1206 0.2021 0.4130 0.1197 0.4516 0.1238 0.1906 0.4393 0.1173 0.4201 0.1288 0.1780 0.4666 0.1150 0.3795 0.1388 0.1639 0.4926 0.1131 0.3369 0.1445 0.1994 0.1294 0.4633 0.1182 0.4341 0.1938 0.1180 0.4615 0.1204 0.3982 0.2102 0.1144 0.4922 0.1246 0.3603 0.2256 0.1123 0.5097 0.1285 0.3243 0.2399 0.1111 0.5179 0.1323 0.2896 0.2539 0.1104 0.5209 0.1363 0.2547 0.2688 0.1100 0.5205 0.1407 0.2202 0.2848 0.1100 0.5176 0.1454 0.1890 0.3019 0.1102 0.5124 0.1506 0.1648 0.3206 0.1106 0.5047 0.1565 0.1482 0.3328
