-24.7466 -46.4111 31.4286 -30.8505 -48.2025 -14.5660 -36.8057 -3.4156 -23.4635 -42.5131 21.2773 -27.6446 -48.0415 19.4022 -32.5571 -42.7093 -18.9501 -38.7213 8.1445 -24.8254 -44.6331 28.0960 -29.3217 -48.7261 -6.4274 -34.6127 -24.9885 -21.7368 -40.6924 15.3324 -26.2647 -46.6447 31.2547 -31.0655 -47.8964 -15.2655 -37.0662 -1.4159 -23.6552 -42.7753 22.1352 -27.8468 -48.1827 15.8719 -32.7576 -41.3656 -19.3549 -38.9570 9.1855 -25.5087 -47.4272 -25.5087 9.1855 -38.9570 -19.3549 -41.3656 -32.7576 15.8719 -48.1827 -27.8468 22.1352 -42.7753 -23.6552 -1.4159 -37.0662 -15.2655 -47.8964 -31.0655 31.2547 -46.6447 -26.2647 15.3324 -40.6924 -21.7368 -24.9885 -34.6127 -6.4274 -48.7261 -29.3217 28.0960 -44.6331 -24.8254 8.1445 -38.7213 -18.9501 -42.7093 -32.5571 19.4022 -48.0415 -27.6446 21.2773 -42.5131 -23.4635 -3.4156 -36.8057 -14.5660 -48.2025 -30.8505 31.4286 -46.4111 -24.7466
-46.4111 33.6691 -30.8896 -48.0965 -12.7392 -35.6145 -3.3503 -25.2529 -42.0465 20.4804 -28.4970 -48.1569 31.5992 -31.9159 -42.4191 -19.4571 -37.8146 7.8021 -26.3470 -44.3772 27.6280 -29.7567 -48.7861 3.5495 -33.1348 -24.4968 -23.2246 -40.0281 14.7188 -27.4406 -46.5861 33.9896 -30.9929 -47.7967 -13.8689 -35.9075 -1.4481 -25.4389 -42.3356 21.3289 -28.6508 -48.3240 29.7664 -32.0240 -41.0406 -20.0278 -38.0824 8.7487 -26.4685 -44.2558 35.3982 -44.2554 -26.4693 8.7488 -38.0824 -20.0278 -41.0406 -32.0240 29.7664 -48.3240 -28.6508 21.3289 -42.3356 -25.4389 -1.4481 -35.9075 -13.8689 -47.7967 -30.9929 33.9896 -46.5861 -27.4406 14.7188 -40.0281 -23.2246 -24.4968 -33.1348 3.5495 -48.7861 -29.7567 27.6280 -44.3772 -26.3470 7.8021 -37.8146 -19.4571 -42.4191 -31.9159 31.5992 -48.1569 -28.4970 20.4804 -42.0465 -25.2529 -3.3503 -35.6145 -12.7392 -48.0965 -30.8896 33.6691 -46.4111
31.4286 -30.8896 -48.1816 -12.0643 -35.4114 -4.9353 -25.0869 -41.8169 19.8138 -28.4999 -48.0127 32.7538 -32.2229 -43.3784 -18.9826 -37.6037 7.0136 -26.2550 -44.1500 26.9058 -29.8330 -48.8193 6.9110 -33.0254 -26.9785 -22.9349 -39.8056 14.0807 -27.3931 -46.3821 33.5736 -31.1719 -48.0590 -12.9505 -35.6629 -2.9982 -25.2807 -42.1060 20.6544 -28.6613 -48.1935 31.3176 -32.3534 -42.1507 -19.5849 -37.8699 8.0041 -26.3887 -44.4653 27.0821 -33.8301 27.0742 -44.4771 -26.3911 8.0041 -37.8699 -19.5849 -42.1507 -32.3534 31.3176 -48.1935 -28.6613 20.6544 -42.1060 -25.2807 -2.9982 -35.6629 -12.9505 -48.0590 -31.1719 33.5736 -46.3821 -27.3931 14.0807 -39.8056 -22.9349 -26.9785 -33.0254 6.9110 -48.8193 -29.8330 26.9058 -44.1500 -26.2550 7.0136 -37.6037 -18.9826 -43.3784 -32.2229 32.7538 -48.0127 -28.4999 19.8138 -41.8169 -25.0869 -4.9353 -35.4114 -12.0643 -48.1816 -30.8896 31.4286
-30.8505 -48.0965 -12.0643 -35.3251 -6.0652 -24.9534 -41.6169 19.1894 -28.3810 -47.8609 33.5755 -32.1114 -44.2410 -18.4664 -37.3948 6.1894 -26.1492 -43.9184 26.1712 -29.7030 -48.8240 10.3966 -32.9754 -29.3532 -22.6199 -39.5848 13.4416 -27.2728 -46.1708 33.0633 -31.0473 -48.2729 -11.9429 -35.4097 -4.7164 -25.1183 -41.8733 19.9769 -28.5348 -48.0513 32.4899 -32.2466 -43.1541 -19.1033 -37.6594 7.2253 -26.2802 -44.2004 27.1594 -30.5815 -46.7183 -31.7808 26.9220 -44.2333 -26.2829 7.2253 -37.6594 -19.1033 -43.1541 -32.2466 32.4899 -48.0513 -28.5348 19.9769 -41.8733 -25.1183 -4.7164 -35.4097 -11.9429 -48.2729 -31.0473 33.0633 -46.1708 -27.2728 13.4416 -39.5848 -22.6199 -29.3532 -32.9754 10.3966 -48.8240 -29.7030 26.1712 -43.9184 -26.1492 6.1894 -37.3948 -18.4664 -44.2410 -32.1114 33.5755 -47.8609 -28.3810 19.1894 -41.6169 -24.9534 -6.0652 -35.3251 -12.0643 -48.0965 -30.8505
-48.2025 -12.7392 -35.4114 -6.0652 -24.8986 -41.4985 18.7243 -28.2826 -47.7166 34.1246 -31.9965 -45.0011 -17.9127 -37.1884 5.3247 -26.0442 -43.6826 25.4293 -29.5748 -48.8059 13.9140 -32.9065 -31.5940 -22.2858 -39.3662 12.8013 -27.1522 -45.9531 32.4862 -30.9217 -48.4425 -10.8226 -35.1487 -6.6184 -24.9394 -41.6377 19.2966 -28.4105 -47.9004 33.3762 -32.1266 -44.0565 -18.5855 -37.4514 6.4165 -26.1736 -43.9714 26.3256 -29.7355 -48.6249 -20.7634 -43.6680 -33.2350 25.9107 -44.0043 -26.1748 6.4181 -37.4517 -18.5873 -44.0549 -32.1281 33.3762 -47.9004 -28.4105 19.2966 -41.6377 -24.9394 -6.6184 -35.1487 -10.8226 -48.4425 -30.9217 32.4862 -45.9531 -27.1522 12.8013 -39.3662 -22.2858 -31.5940 -32.9065 13.9140 -48.8059 -29.5748 25.4293 -43.6826 -26.0442 5.3247 -37.1884 -17.9127 -45.0011 -31.9965 34.1246 -47.7166 -28.2826 18.7243 -41.4985 -24.8986 -6.0652 -35.4114 -12.7392 -48.2025
-14.5660 -35.6145 -4.9353 -24.9534 -41.4985 18.5508 -28.2231 -47.6057 34.4305 -31.8873 -45.6333 -17.3458 -36.9889 4.4217 -25.9408 -43.4461 24.6916 -29.4498 -48.7676 17.2738 -32.8276 -33.6590 -21.9355 -39.1515 12.1631 -27.0332 -45.7327 31.8616 -30.7931 -48.5724 -9.5598 -34.8822 -8.7057 -24.7456 -41.4023 18.6219 -28.2893 -47.7433 34.0056 -32.0006 -44.8562 -18.0377 -37.2581 5.6346 -26.0650 -43.7367 25.5977 -29.6210 -48.7891 10.5711 -41.6576 -31.3091 -29.5356 -32.8402 25.4028 -43.7434 -26.0658 5.6010 -37.2494 -18.0380 -44.8490 -32.0043 34.0056 -47.7433 -28.2893 18.6219 -41.4023 -24.7456 -8.7057 -34.8822 -9.5598 -48.5724 -30.7931 31.8616 -45.7327 -27.0332 12.1631 -39.1515 -21.9355 -33.6590 -32.8276 17.2738 -48.7676 -29.4498 24.6916 -43.4461 -25.9408 4.4217 -36.9889 -17.3458 -45.6333 -31.8873 34.4305 -47.6057 -28.2231 18.5508 -41.4985 -24.9534 -4.9353 -35.6145 -14.5660
-36.8057 -3.3503 -25.0869 -41.6169 18.7243 -28.2231 -47.5620 34.5557 -31.8080 -46.0933 -16.8115 -36.8092 3.5171 -25.8407 -43.2086 23.9503 -29.3291 -48.7110 20.3523 -32.7338 -35.5708 -21.5632 -38.9404 11.5239 -26.9167 -45.5101 31.2007 -30.6576 -48.6673 -8.0952 -34.6151 -10.9356 -24.5388 -41.1632 17.9407 -28.1731 -47.5810 34.4121 -31.8639 -45.5651 -17.4624 -37.0073 4.3211 -26.6766 -43.2285 24.6406 -29.5410 -48.7515 15.6797 -33.9767 21.2093 -36.0251 -29.8678 -47.2433 -30.3712 24.8298 -43.2225 -26.0636 4.8018 -37.0566 -17.4410 -45.5550 -31.8686 34.4131 -47.5810 -28.1731 17.9407 -41.1632 -24.5388 -10.9356 -34.6151 -8.0952 -48.6673 -30.6576 31.2007 -45.5101 -26.9167 11.5239 -38.9404 -21.5632 -35.5708 -32.7338 20.3523 -48.7110 -29.3291 23.9503 -43.2086 -25.8407 3.5171 -36.8092 -16.8115 -46.0933 -31.8080 34.5557 -47.5620 -28.2231 18.7243 -41.6169 -25.0869 -3.3503 -36.8057
-3.4156 -25.2529 -41.8169 19.1894 -28.2826 -47.6057 34.5557 -31.7821 -46.3327 -16.4109 -36.6696 2.7073 -25.7505 -42.9768 23.2204 -29.2158 -48.6401 23.0795 -32.6225 -37.3263 -21.1668 -38.7307 10.8755 -26.8038 -45.2890 30.5232 -30.5118 -48.7294 -6.3450 -34.3528 -13.2388 -24.3219 -40.9168 17.2414 -28.0651 -47.4191 34.6296 -31.7069 -46.2047 -16.8239 -36.7312 5.3701 -32.1673 -47.5062 33.6447 -27.8885 -48.9568 17.2685 -33.4174 -5.3351 -35.8762 -4.1458 -46.8715 -12.6945 -48.8304 -26.6803 29.5935 -44.1267 -26.1002 3.9403 -36.8734 -16.7810 -46.1887 -31.7123 34.6302 -47.4196 -28.0651 17.2414 -40.9168 -24.3219 -13.2388 -34.3528 -6.3450 -48.7294 -30.5118 30.5232 -45.2890 -26.8038 10.8755 -38.7307 -21.1668 -37.3263 -32.6225 23.0795 -48.6401 -29.2158 23.2204 -42.9768 -25.7505 2.7073 -36.6696 -16.4109 -46.3327 -31.7821 34.5557 -47.6057 -28.2826 19.1894 -41.8169 -25.2529 -3.4156
-23.4635 -42.0465 19.8138 -28.3810 -47.7166 34.4305 -31.8080 -46.3327 -16.2634 -36.5924 2.1262 -25.6813 -42.7784 22.5577 -29.1173 -48.5616 25.3848 -32.5007 -38.9266 -20.7440 -38.5220 10.2120 -26.6955 -45.0716 29.8423 -30.3515 -48.7583 -4.2212 -34.1038 -15.5045 -24.0999 -40.6591 16.5120 -27.9681 -47.2612 34.6966 -31.5250 -46.7716 -16.0701 -36.5295 4.5581 -36.0749 27.0727 -44.0674 -1.5957 -47.1609 31.9262 -32.6100 -33.1795 -31.7999 0.8287 -37.6735 28.1187 -39.2215 33.4669 -42.5724 13.3208 -20.4246 -44.0872 -26.0148 3.0234 -36.6961 -16.0347 -46.7579 -31.5324 34.6969 -47.2617 -27.9681 16.5120 -40.6591 -24.0999 -15.5045 -34.1038 -4.2212 -48.7583 -30.3515 29.8423 -45.0716 -26.6955 10.2120 -38.5220 -20.7440 -38.9266 -32.5007 25.3848 -48.5616 -29.1173 22.5577 -42.7784 -25.6813 2.1262 -36.5924 -16.2634 -46.3327 -31.8080 34.4305 -47.7166 -28.3810 19.8138 -42.0465 -23.4635
-42.5131 20.4804 -28.4999 -47.8609 34.1246 -31.8873 -46.0933 -16.4109 -36.5924 1.9097 -25.6431 -42.6442 22.0524 -29.0390 -48.4837 27.1691 -32.3662 -40.3410 -20.2918 -38.3134 9.5276 -26.5940 -44.8621 29.1793 -30.1665 -48.7530 -1.5087 -33.8869 -17.5648 -23.8819 -40.3807 15.7241 -27.8928 -47.1162 34.6536 -31.3003 -47.2849 -15.1533 -36.4118 0.8255 -32.3265 -5.3093 -39.8747 28.1020 -41.1507 25.1769 -32.1722 -43.8947 -23.9618 -48.7675 -30.0645 -9.0354 -34.6781 0.3882 -34.0587 7.0626 -32.7456 -48.8002 7.9753 -43.9045 -25.7543 2.2186 -36.5334 -15.1496 -47.2735 -31.3089 34.6535 -47.1158 -27.8926 15.7241 -40.3807 -23.8819 -17.5648 -33.8869 -1.5087 -48.7530 -30.1665 29.1793 -44.8621 -26.5940 9.5276 -38.3134 -20.2918 -40.3410 -32.3662 27.1691 -48.4837 -29.0390 22.0524 -42.6442 -25.6431 1.9097 -36.5924 -16.4109 -46.0933 -31.8873 34.1246 -47.8609 -28.4999 20.4804 -42.5131
21.2773 -28.4970 -48.0127 33.5755 -31.9965 -45.6333 -16.8115 -36.6696 2.1262 -25.6431 -42.5961 21.7743 -28.9872 -48.4197 28.4277 -32.2396 -41.5191 -19.8337 -38.1138 8.8314 -26.5001 -44.6674 28.5714 -29.9463 -48.7887 2.1545 -33.7370 -19.0832 -23.6922 -40.0710 14.8449 -27.8580 -47.0089 34.5589 -30.9987 -47.7524 -14.0250 -36.3924 -0.0503 -28.3217 -48.7590 -29.8725 -4.8624 -34.7126 0.0590 -29.6858 -49.0516 -14.7404 -42.4338 -3.4209 -48.4003 -24.1275 -48.6785 -25.2830 -49.0139 -24.9479 -49.1244 -10.3810 -43.3257 34.9091 -42.8816 -25.5040 1.5474 -36.4161 -14.0455 -47.7333 -31.0171 34.5593 -47.0086 -27.8578 14.8449 -40.0710 -23.6922 -19.0832 -33.7370 2.1545 -48.7887 -29.9463 28.5714 -44.6674 -26.5001 8.8314 -38.1138 -19.8337 -41.5191 -32.2396 28.4277 -48.4197 -28.9872 21.7743 -42.5961 -25.6431 2.1262 -36.6696 -16.8115 -45.6333 -31.9965 33.5755 -48.0127 -28.4970 21.2773
-27.6446 -48.1569 32.7538 -32.1114 -45.0011 -17.3458 -36.8092 2.7073 -25.6813 -42.6442 21.7743 -28.9698 -48.3832 29.1772 -32.1389 -42.3936 -19.4184 -37.9341 8.1581 -26.4138 -44.4870 28.0224 -29.7023 -48.8534 6.9856 -33.8850 -19.6896 -23.5676 -39.7211 13.8404 -27.8919 -46.9742 34.4909 -30.5916 -48.2182 -12.9914 -34.3657 -0.2265 -26.2133 -46.3287 -12.2054 -48.4939 -23.9310 -49.1589 -21.9015 -46.6263 26.8351 -37.9329 22.9251 -40.3577 35.5285 -43.9274 16.9963 -43.9750 23.0142 -43.9412 28.9362 -42.1581 27.9854 -39.9664 24.6789 -41.9099 -25.4244 1.2241 -36.4074 -12.6798 -48.1275 -30.6263 34.4909 -46.9731 -27.8949 13.8493 -39.7211 -23.5676 -19.6896 -33.8850 6.9856 -48.8534 -29.7023 28.0224 -44.4870 -26.4138 8.1581 -37.9341 -19.4184 -42.3936 -32.1389 29.1772 -48.3832 -28.9698 21.7743 -42.6442 -25.6813 2.7073 -36.8092 -17.3458 -45.0011 -32.1114 32.7538 -48.1569 -27.6446
-48.0415 31.5992 -32.2229 -44.2410 -17.9127 -36.9889 3.5171 -25.7505 -42.7784 22.0524 -28.9872 -48.3832 29.4166 -32.0779 -42.9375 -19.0910 -37.7873 7.5524 -26.3377 -44.3234 27.5216 -29.4590 -48.8594 12.5069 -34.3307 -19.0829 -23.5465 -39.3518 12.7548 -28.0349 -47.0660 34.4832 -30.0764 -48.5168 -13.9644 -41.4179 -8.8717 -16.4776 -43.9382 35.9957 -43.0178 33.0516 -44.0393 31.3903 -41.2678 26.3123 -34.9566 -1.6143 -34.0099 7.3255 -36.7805 18.3941 -38.1245 20.5580 -38.2866 20.1486 -38.4648 16.5000 -37.6657 6.6862 -35.1611 19.5218 -41.7640 -25.6325 10.1810 -36.2114 -10.8586 -48.4362 -30.1214 34.4829 -46.5189 -27.9519 12.7814 -39.3518 -23.5466 -19.0829 -34.3231 12.5068 -48.8594 -29.4590 27.5216 -44.3234 -26.3377 7.5524 -37.7873 -19.0910 -42.9375 -32.0779 29.4166 -48.3832 -28.9872 22.0524 -42.7784 -25.7505 3.5171 -36.9889 -17.9127 -44.2410 -32.2229 31.5992 -48.0415
19.4022 -31.9159 -43.3784 -18.4664 -37.1884 4.4217 -25.8407 -42.9768 22.5577 -29.0390 -48.4197 29.1772 -32.0779 -43.1333 -18.9003 -37.6930 7.0915 -26.2757 -44.1848 27.0829 -29.2410 -48.8176 17.6862 -34.8419 -17.6698 -23.5942 -39.0212 11.7580 -28.3333 -47.3283 34.2451 -29.4624 -48.6569 -12.4968 -45.0613 -21.1809 -27.7603 -37.1393 19.6234 -38.4487 18.7926 -38.5970 18.4412 -36.3711 7.5798 -31.2778 -45.8208 -25.3003 -49.0969 -27.0562 -41.5292 -30.9195 -21.6665 -32.6049 -16.0009 -32.9677 -15.0078 -32.6132 -29.2735 -30.1899 -45.7485 -30.3856 8.2430 -33.9830 -45.3359 22.6591 -36.3982 -9.2133 -49.0564 -25.8485 -1.2240 -45.7620 -28.0727 11.7880 -39.0194 -23.6754 -18.0533 -34.8246 17.6862 -48.8176 -29.2410 27.0829 -44.1848 -26.2757 7.0915 -37.6930 -18.9003 -43.1333 -32.0779 29.1772 -48.4197 -29.0390 22.5577 -42.9768 -25.8407 4.4217 -37.1884 -18.4664 -43.3784 -31.9159 19.4022
-32.5571 -42.4191 -18.9826 -37.3948 5.3247 -25.9408 -43.2086 23.2204 -29.1173 -48.4837 28.4277 -32.1389 -42.9375 -18.9003 -37.6610 6.8502 -26.2357 -44.0822 26.7394 -29.0697 -48.7518 21.7469 -35.3820 -15.7346 -24.1932 -38.9262 12.1878 -28.4946 -47.9607 32.4383 -28.9797 -48.6921 -6.9083 -40.6070 26.4120 -48.2868 -26.7638 -29.2263 -31.9225 -20.7413 -32.5043 -21.6647 -30.6151 -43.6788 -25.2062 -47.9645 -5.9723 -42.2752 26.8940 -44.5309 -12.1519 -47.5183 -20.2666 -48.8249 -22.4515 -49.0331 -23.0289 -49.0138 -21.3101 -48.0978 -14.6230 -47.0292 -22.4044 -49.1850 -19.3026 -40.5370 13.6731 -36.6277 32.1020 -45.3303 26.4598 -14.9984 -46.3141 -28.1879 11.0037 -35.9294 -24.1495 -16.2804 -35.3759 21.7469 -48.7518 -29.0697 26.7394 -44.0822 -26.2357 6.8502 -37.6610 -18.9003 -42.9375 -32.1389 28.4277 -48.4837 -29.1173 23.2204 -43.2086 -25.9408 5.3247 -37.3948 -18.9826 -42.4191 -32.5571
-42.7093 -19.4571 -37.6037 6.1894 -26.0442 -43.4461 23.9503 -29.2158 -48.5616 27.1691 -32.2396 -42.3936 -19.0910 -37.6930 6.8502 -26.2226 -44.0296 26.5178 -28.9538 -48.6858 24.4476 -35.9048 -12.3402 -24.9094 -45.0161 -23.8881 -25.9496 -46.4808 34.4826 -29.6715 -48.4048 -9.6784 -38.1802 23.0759 -41.9035 28.9948 -46.5543 -18.2788 -48.3899 -20.7916 -48.6085 -19.2842 -46.8535 -5.3985 -42.3573 32.5077 -37.2209 16.6668 -37.0805 21.4336 -39.1112 31.8264 -41.6082 35.3963 -42.9919 32.3125 -43.5173 31.7189 -43.2462 35.7037 -41.3419 32.9795 -41.4215 34.5898 -41.6087 17.2695 -34.9755 -11.7158 -33.3619 11.3338 -33.2035 -48.3155 24.0973 -44.9542 -16.2153 -43.6780 -43.3598 -24.5814 -12.2262 -35.9159 24.4503 -48.6858 -28.9538 26.5178 -44.0296 -26.2226 6.8502 -37.6930 -19.0910 -42.3936 -32.2396 27.1691 -48.5616 -29.2158 23.9503 -43.4461 -26.0442 6.1894 -37.6037 -19.4571 -42.7093
-18.9501 -37.8146 7.0136 -26.1492 -43.6826 24.6916 -29.3291 -48.6401 25.3848 -32.3662 -41.5191 -19.4184 -37.7873 7.0915 -26.2357 -44.0296 26.4395 -28.8971 -48.6393 26.0365 -36.3122 -8.1234 -24.8037 -45.8249 -28.1171 9.4346 -39.1268 19.5887 -33.8661 -47.2690 -14.7693 -39.7412 12.9863 -36.0630 15.8071 -39.6921 29.7526 -41.1870 34.7097 -41.6753 34.3933 -40.5075 27.3447 -36.8303 12.7424 -33.2908 -23.7537 -30.8123 -34.7725 -31.8843 -5.5040 -34.5057 9.7670 -36.5079 15.7288 -37.6960 18.2413 -38.0840 17.3942 -37.5763 12.1272 -36.0933 9.8760 -35.6721 8.3238 -33.0363 -43.2151 -26.1321 -48.9900 -24.6760 -49.2254 -0.2635 -39.4720 24.1233 -38.8732 20.9402 -25.4880 -44.9308 -24.5596 -7.7652 -36.3198 26.0388 -48.6393 -28.8971 26.4395 -44.0296 -26.2357 7.0915 -37.7873 -19.4184 -41.5191 -32.3662 25.3848 -48.6401 -29.3291 24.6916 -43.6826 -26.1492 7.0136 -37.8146 -18.9501
-38.7213 7.8021 -26.2550 -43.9184 25.4293 -29.4498 -48.7110 23.0795 -32.5007 -40.3410 -19.8337 -37.9341 7.5524 -26.2757 -44.0822 26.5178 -28.8971 -48.6232 26.7537 -36.5326 -5.7017 -24.3912 -40.0273 1.4249 -47.9663 -31.8406 -4.6148 -36.0506 25.8497 -49.0006 -26.3687 -28.2819 -29.3772 -41.8337 -32.3017 -1.8287 -34.9362 7.5451 -35.3044 8.3510 -34.6393 1.3541 -32.1351 -35.6659 -27.1646 -49.1431 -20.1263 -47.1805 -17.3609 -48.1199 -22.8782 -48.9593 -27.2891 -42.7606 -30.2832 -30.5254 -31.7563 -24.2946 -31.7669 -31.9219 -30.2439 -43.4440 -28.5197 -45.6010 -27.0570 -48.9139 -19.0861 -45.6157 19.5327 -43.2925 33.8633 -40.1021 14.6427 -34.8227 -9.0111 -30.4058 -49.1178 26.5013 -39.7167 -24.4276 -5.6974 -36.5275 26.7519 -48.6232 -28.8971 26.5178 -44.0822 -26.2757 7.5524 -37.9341 -19.8337 -40.3410 -32.5007 23.0795 -48.7110 -29.4498 25.4293 -43.9184 -26.2550 7.8021 -38.7213
8.1445 -26.3470 -44.1500 26.1712 -29.5748 -48.7676 20.3523 -32.6225 -38.9266 -20.2918 -38.1138 8.1581 -26.3377 -44.1848 26.7394 -28.9538 -48.6393 26.7534 -36.5963 -5.1675 -24.6060 -39.0505 24.1191 -41.8170 -15.6797 -48.5725 -31.6448 8.2703 -40.9001 -7.3231 -48.1233 -17.3898 -46.4162 -17.9367 -48.9782 -24.6692 -48.6232 -26.2636 -48.1557 -25.7988 -49.1298 -22.9749 -48.1043 -13.9452 -44.0620 33.7347 -41.0380 32.2251 -40.5887 34.4359 -42.0626 24.8228 -44.7164 -11.1012 -47.0804 -18.4454 -48.3054 -20.3701 -48.4581 -19.2575 -47.6620 -14.5117 -46.2242 -8.9183 -45.3671 16.3837 -42.8297 31.3685 -39.0815 18.5601 -37.0655 8.0604 -32.7677 -44.8351 -25.1528 -48.3137 4.3122 -39.7397 19.7746 -38.9489 -24.5887 -5.4628 -36.5786 26.7499 -48.6384 -28.9538 26.7394 -44.1848 -26.3377 8.1581 -38.1138 -20.2918 -38.9266 -32.6225 20.3523 -48.7676 -29.5748 26.1712 -44.1500 -26.3470 8.1445
-24.8254 -44.3772 26.9058 -29.7030 -48.8059 17.2738 -32.7338 -37.3263 -20.7440 -38.3134 8.8314 -26.4138 -44.3234 27.0829 -29.0697 -48.6857 26.0385 -36.5350 -5.0729 -24.6374 -39.2393 13.8590 -37.0076 25.8489 -43.7622 -18.5081 -45.3432 -34.5484 17.8210 -41.2945 34.0996 -40.8834 32.8882 -42.0187 33.8133 -43.6244 18.8409 -43.9701 16.6756 -43.4497 31.6199 -41.6645 32.2618 -38.5870 19.2158 -36.3780 9.7837 -36.5850 7.8582 -36.0986 12.8526 -37.1272 21.8486 -39.1578 30.4070 -40.9965 34.7111 -41.8976 35.3565 -41.8534 34.1326 -40.9410 30.1476 -39.8830 25.9174 -38.9079 17.5936 -36.7052 1.3045 -32.8079 -33.7858 -28.8127 -48.5945 -18.8174 -45.5565 34.6842 -39.6334 13.1152 -34.8422 13.3790 -39.6066 -24.5584 -5.6603 -36.5097 26.0346 -48.6847 -29.0697 27.0829 -44.3234 -26.4138 8.8314 -38.3134 -20.7440 -37.3263 -32.7338 17.2738 -48.8059 -29.7030 26.9058 -44.3772 -24.8254
-44.6331 27.6280 -29.8330 -48.8240 13.9140 -32.8276 -35.5708 -21.1668 -38.5220 9.5276 -26.5001 -44.4870 27.5216 -29.2410 -48.7516 24.4493 -36.3178 -5.6825 -24.5889 -39.1427 12.7845 -33.5377 -11.5943 -37.9691 32.0696 -45.5420 -22.7768 -40.2468 -33.4183 7.5467 -35.7322 8.9798 -36.2120 13.0666 -37.1125 17.4756 -37.2188 18.3958 -36.7361 15.6934 -35.6522 8.6779 -33.8174 -11.9120 -31.2526 -39.2738 -32.1660 -10.6450 -34.2034 -36.3449 -31.4802 -29.6604 -33.3713 -4.3649 -34.4539 6.6442 -35.5044 10.6477 -36.0601 11.0490 -35.9774 8.3337 -35.3023 3.3616 -34.3212 -7.2622 -32.1102 -39.4393 -27.4302 -48.9709 -20.3468 -47.1447 -0.8592 -43.2517 31.7091 -38.8789 8.7341 -31.9840 -45.1979 -31.9624 15.8729 -39.8828 -24.5349 -6.2101 -36.3080 24.4467 -48.7516 -29.2410 27.5216 -44.4870 -26.5001 9.5276 -38.5220 -21.1668 -35.5708 -32.8276 13.9140 -48.8240 -29.8330 27.6280 -44.6331
28.0960 -29.7567 -48.8193 10.3966 -32.9065 -33.6590 -21.5632 -38.7307 10.2120 -26.5940 -44.6674 28.0224 -29.4590 -48.8175 21.7451 -35.9326 -7.8634 -24.3946 -39.3009 15.3699 -34.0061 -45.7366 -31.4237 1.6539 -39.0231 34.8024 -45.8948 -19.8564 -48.9234 -26.7328 -46.5176 -28.0570 -44.4607 -29.3818 -38.3988 -30.2986 -35.3513 -30.1125 -39.5284 -28.6522 -46.5353 -25.7955 -49.1974 -21.7781 -48.1942 -22.4436 -45.4935 -35.4298 3.4091 -31.9419 -47.8833 -28.8455 -45.2921 -29.6520 -48.4432 -26.4049 -47.2938 -27.6510 -45.4531 -28.1548 -45.7261 -27.5499 -47.5773 -26.1265 -48.9218 -23.8333 -48.8132 -17.6538 -46.1356 18.3561 -42.7921 34.9930 -40.6172 22.8099 -38.0348 0.6639 -30.6496 -48.7436 -20.7986 -48.7180 -31.9744 15.2654 -39.3897 -24.4971 -7.7093 -35.9471 21.7485 -48.8175 -29.4590 28.0224 -44.6674 -26.5940 10.2120 -38.7307 -21.5632 -33.6590 -32.9065 10.3966 -48.8193 -29.7567 28.0960
-29.3217 -48.7861 6.9110 -32.9754 -31.5940 -21.9355 -38.9404 10.8755 -26.6955 -44.8621 28.5714 -29.7023 -48.8594 17.6847 -35.4308 -11.1074 -24.5168 -40.7584 29.0418 -38.3692 1.4086 -31.8091 -45.7484 -32.7950 5.6258 -38.9679 30.9803 -42.8456 18.5646 -44.8048 -4.3952 -45.2921 -9.8457 -46.2285 -14.1108 -46.6533 -14.6555 -46.2751 -11.2780 -44.9497 5.2874 -43.1604 33.9263 -41.5062 33.9292 -39.8771 -42.8111 1.1488 -38.2328 -11.9875 -30.3211 -38.8382 -33.0658 -27.7907 -20.1644 -44.7521 0.4582 -44.7156 -5.4866 -45.2493 -5.9662 -44.9563 1.7259 -44.2747 20.1812 -43.4799 34.8810 -41.7657 30.3714 -39.5498 21.1162 -39.4554 17.7817 -37.6859 -2.5931 -31.2639 -48.7675 -14.7245 -43.9049 -14.8254 -48.7036 -31.3231 12.4436 -38.8411 -24.3748 -10.4835 -35.4476 17.6894 -48.8594 -29.7023 28.5714 -44.8621 -26.6955 10.8755 -38.9404 -21.9355 -31.5940 -32.9754 6.9110 -48.7861 -29.3217
-48.7261 3.5495 -33.0254 -29.3532 -22.2858 -39.1515 11.5239 -26.8038 -45.0716 29.1793 -29.9463 -48.8534 12.5062 -34.8787 -14.2718 -24.4345 -44.1962 -5.5306 -44.2797 32.9330 -39.0171 1.9726 -32.4917 -38.7873 -34.7521 7.3117 -38.5835 23.7877 -40.8169 34.8330 -41.0837 29.9332 -39.5287 27.5016 -39.4792 27.6834 -39.1831 25.9558 -38.2840 21.8068 -36.7757 15.7768 -35.8476 9.0585 -34.7843 -1.2062 -25.3478 -44.5575 20.2757 -33.8970 -38.0696 -34.8620 21.6081 -42.5749 -33.7133 21.2730 -37.8213 22.8665 -38.4718 24.5452 -38.7948 24.2335 -38.4729 21.8971 -38.1240 18.1806 -37.3749 12.5605 -36.4605 8.2047 -38.2436 27.9343 -39.5841 16.1852 -35.1729 -43.7775 -21.7587 -45.3389 -3.6749 -46.5147 -22.4839 -48.2633 -31.8774 10.9290 -38.6491 -24.1428 -13.9818 -34.8841 12.5062 -48.8534 -29.9463 29.1793 -45.0716 -26.8038 11.5239 -39.1515 -22.2858 -29.3532 -33.0254 3.5495 -48.7261
-6.4274 -33.1348 -26.9785 -22.6199 -39.3662 12.1631 -26.9167 -45.2890 29.8423 -30.1665 -48.7887 6.9856 -34.3412 -17.1006 -23.9581 -43.8594 -25.2703 -46.7046 -20.7107 -45.2257 32.0018 -38.4921 -0.4147 -34.7260 1.4333 -37.6100 17.2094 -40.3055 34.0806 -44.1227 20.0420 -37.2271 8.9602 -34.2149 -3.0073 -33.3335 -8.5972 -32.5329 -20.0520 -31.1700 -36.2227 -29.4167 -44.8585 -28.8994 -47.7613 -23.3274 -46.1445 33.0210 -36.6955 -32.9640 -30.9981 1.5513 -39.5945 0.3514 -41.0092 -30.8428 -23.4216 -32.2527 -13.9895 -32.9757 -9.3162 -33.1591 -11.5609 -32.7123 -20.6036 -31.6864 -33.3418 -30.6604 -36.1551 -33.0273 18.8882 -47.0499 2.3597 -40.5267 13.6343 -31.9279 -48.7668 -17.8070 -48.2110 -25.6386 -45.6870 -30.1198 -41.1322 -33.8866 11.3852 -38.6788 -23.8700 -17.1086 -34.3412 6.9856 -48.7887 -30.1665 29.8423 -45.2890 -26.9167 12.1631 -39.3662 -22.6199 -26.9785 -33.1348 -6.4274
-34.6127 -24.4968 -22.9349 -39.5848 12.8013 -27.0332 -45.5101 30.5232 -30.3515 -48.7530 2.1545 -33.8850 -19.0829 -23.6512 -38.8055 18.3219 19.9888 -35.0257 -44.8947 -17.4743 -43.7025 26.2957 -38.0863 10.7497 -38.8502 27.3878 -41.0101 35.7038 -45.0293 -18.2979 -47.8623 -48.5766 -24.3404 -49.1986 -23.1759 -48.9120 -21.4079 -48.3300 -19.1605 -47.3515 -16.7458 -46.9470 -23.2657 -47.8245 -26.8169 -44.4694 33.4844 -37.1675 -13.2917 -27.8384 -48.3309 -32.1464 15.2476 -40.6900 -8.6891 -47.0899 -18.6888 -48.2371 -20.9976 -48.7254 -22.1976 -48.7902 -22.1190 -48.7191 -20.9706 -48.2591 -19.0601 -47.7941 -19.5154 -48.8731 -18.0246 -31.2314 -47.8747 9.8171 -38.8846 -4.0246 -28.1621 -48.7545 -28.9025 -22.6772 -34.9172 5.3383 -35.6144 1.3037 -36.3297 12.2834 -38.8065 -23.6510 -19.0829 -33.8850 2.1545 -48.7530 -30.3515 30.5232 -45.5101 -27.0332 12.8013 -39.5848 -22.9349 -24.4968 -34.6127
-24.9885 -23.2246 -39.8056 13.4416 -27.1522 -45.7327 31.2007 -30.5118 -48.7583 -1.5087 -33.7370 -19.6896 -23.5466 -39.0192 11.1424 -28.5601 -42.9065 10.6755 -30.8009 -48.6967 -2.7528 -41.9674 22.1803 -39.9017 35.7534 -45.6855 -7.6191 -45.1614 -12.4796 -48.4437 -31.7727 34.7907 -43.2125 32.9789 -42.3326 35.4170 -41.4436 34.0702 -40.8271 34.1402 -41.8739 -6.0070 -48.5230 -33.1248 19.0658 -41.5549 -31.4187 -34.4891 -25.7656 -47.3238 -18.2246 -47.7234 -32.3737 13.0014 -38.2781 28.9975 -40.5286 34.0876 -41.7661 35.1341 -43.4427 29.8585 -43.1477 34.6099 -42.7157 35.3362 -42.9468 35.4468 -42.8745 35.2191 -41.6178 8.4077 -26.7402 -45.3542 25.6202 -35.4231 -41.8610 -30.4857 -13.0016 -37.2482 20.3570 -40.3426 26.5949 -39.9949 24.1302 -34.6395 12.0536 -39.0275 -23.5461 -19.6896 -33.7370 -1.5087 -48.7583 -30.5118 31.2007 -45.7327 -27.1522 13.4416 -39.8056 -23.2246 -24.9885
-21.7368 -40.0281 14.0807 -27.2728 -45.9531 31.8616 -30.6576 -48.7294 -4.2212 -33.8869 -19.0832 -23.5676 -39.3517 11.7564 -28.7910 -48.6329 31.4814 -36.4083 -20.0475 -28.1947 -47.9940 31.1667 -41.1395 34.6740 -47.2877 -26.2049 -45.8185 -25.0964 -47.9207 -24.0373 -34.4766 -34.9594 13.8232 -36.3597 12.4584 -35.7295 9.1814 -35.6031 10.2902 -38.1716 29.2847 -45.0712 -25.3876 1.7626 -40.1545 -15.2607 -48.4827 -16.1295 -44.5484 35.5047 -42.9612 -14.1816 -48.9442 -29.3221 -16.5121 -33.6384 5.1956 -35.7151 16.0422 -40.0164 35.1838 -42.5257 32.0450 -40.6992 27.1915 -41.7461 33.5333 -42.5792 29.4035 -40.1132 15.9402 -33.3946 -48.8014 10.7112 -39.6414 5.8278 -33.5585 -21.7122 -36.8670 24.5127 -42.8184 20.9963 -45.6187 31.1544 -44.8768 -19.4498 -28.4762 11.7780 -39.3518 -23.5676 -19.0832 -33.8869 -4.2212 -48.7294 -30.6576 31.8616 -45.9531 -27.2728 14.0807 -40.0281 -21.7368
-40.6924 14.7188 -27.3931 -46.1708 32.4862 -30.7931 -48.6673 -6.3450 -34.1038 -17.5648 -23.6922 -39.7210 12.7535 -28.3158 -47.8584 34.2732 -39.3140 19.2506 -36.9599 -21.6221 -25.3317 -45.7298 35.0641 -43.1357 -18.9780 11.2616 -35.7956 -9.8871 -28.5269 -48.6108 -25.5077 -45.9594 -28.9892 -43.0291 -28.4969 -45.9779 -28.0406 -44.7418 -31.7140 2.8246 -39.0033 31.1039 -48.9195 -31.2892 13.4715 -40.1727 32.5183 -40.0263 22.9514 -38.2349 22.9409 -40.8365 16.7408 -46.7719 -20.6385 -49.1609 -25.4770 -47.3223 -29.6561 -0.5043 -47.9446 3.3657 -42.3935 27.2596 -41.6154 34.3006 -44.4524 36.0261 -42.4983 19.5617 -36.6823 -34.4600 -22.0884 -43.9333 25.0396 -37.3743 -4.0222 -36.0805 18.1166 -42.2536 -6.0996 -48.7829 -22.2922 -46.8464 -22.3533 9.6226 -47.6859 -28.3066 12.7540 -39.7211 -23.6922 -17.5648 -34.1038 -6.3450 -48.6673 -30.7931 32.4862 -46.1708 -27.3931 14.7188 -40.6924
15.3324 -27.4406 -46.3821 33.0633 -30.9217 -48.5724 -8.0952 -34.3528 -15.5045 -23.8819 -40.0710 13.8404 -28.0320 -47.3810 34.6129 -37.1158 35.3044 -43.5145 24.0729 -35.7987 -42.7627 -17.0592 -42.2899 27.1268 -38.1065 -49.1440 34.2309 -37.7993 -11.1622 -29.0512 -48.7668 -23.2433 -47.7036 -16.4029 -46.0256 -9.5006 -46.0593 -18.4444 -48.6731 -31.7510 12.2843 -40.6936 -7.2096 -48.6846 -30.6293 -0.5801 -34.4277 0.4610 -33.3067 -15.8504 -34.1864 11.8997 -38.0503 29.2288 -41.3430 34.1437 -43.3615 10.2722 -44.5788 23.3759 -28.9592 -48.9339 31.1574 -41.7941 32.2522 -44.6472 23.7418 -46.4325 33.4641 -39.4341 0.6798 -29.1597 -48.1016 31.2950 -40.7196 16.5265 -37.5971 12.2953 -39.9840 25.5704 -48.7327 -28.9081 -33.5927 -25.6565 -47.9862 -30.0657 32.7617 -47.3409 -28.0356 13.8404 -40.0710 -23.8819 -15.5045 -34.3528 -8.0952 -48.5724 -30.9217 33.0633 -46.3821 -27.4406 15.3324
-26.2647 -46.5861 33.5736 -31.0473 -48.4425 -9.5598 -34.6151 -13.2388 -24.0999 -40.3807 14.8449 -27.8917 -47.0690 34.3075 -31.8813 11.6571 -47.9609 10.1669 -41.9448 15.3938 -32.0796 -48.9188 30.3744 -39.4061 10.8923 -25.8554 -45.0158 26.8736 -37.0134 -9.1417 -31.1118 -46.6890 -21.7918 -44.7294 36.0275 -40.9216 34.8463 -43.5770 -16.3425 -47.3323 -33.4683 18.0753 -40.8910 0.2608 -48.1537 -23.3851 -49.1206 -24.1368 -49.0414 -23.6585 -48.5326 -29.3459 -18.7262 -33.9672 8.7190 -36.1211 16.3819 -36.9666 18.4228 -35.3354 -35.0075 -18.6769 -43.3064 30.4922 -42.8636 34.6853 -46.6792 20.0689 -41.1754 10.0317 -32.0615 -48.4883 -15.9181 -44.0023 35.0336 -40.9043 22.3712 -39.6815 31.3679 -45.7695 -26.3160 -8.3878 -37.0929 -3.5029 -21.6872 -48.5654 -28.9321 34.2322 -47.0662 -27.8917 14.8449 -40.3807 -24.0999 -13.2388 -34.6151 -9.5598 -48.4425 -31.0473 33.5736 -46.5861 -26.2647
-46.6447 33.9896 -31.1719 -48.2729 -10.8226 -34.8822 -10.9356 -24.3219 -40.6591 15.7241 -27.8578 -46.9744 34.4819 -29.5840 -48.5978 -20.6668 -24.3628 -48.1844 31.6874 -39.3690 -0.9928 -26.0570 -44.7762 24.7693 -35.1664 -47.5924 -9.4861 -41.0887 23.7318 -38.1830 11.2596 -34.0717 -44.5209 -15.5864 -42.1309 22.7903 -39.3140 30.0658 -44.0881 -19.9597 -44.3116 -33.7614 15.7715 -39.5471 35.0071 -43.0402 29.6433 -43.2237 32.6777 -42.8973 5.8671 -46.7058 -21.2144 -49.1221 -26.7125 -44.5598 -29.5078 -36.2599 -29.7053 -44.5940 -22.3214 -44.7991 34.3920 -41.3855 33.0702 -43.6835 35.7399 -43.9369 18.7150 -33.8066 -44.4433 -26.6000 -48.3142 -12.4898 -45.2006 27.4915 -42.5909 31.5891 -42.0296 -12.8087 -44.4441 -35.9888 34.2906 -48.9611 -36.7861 -10.1879 -48.6720 -29.4861 34.4815 -46.9750 -27.8578 15.7241 -40.6591 -24.3219 -10.9356 -34.8822 -10.8226 -48.2729 -31.1719 33.9896 -46.6447
31.2547 -30.9929 -48.0590 -11.9429 -35.1487 -8.7057 -24.5388 -40.9168 16.5120 -27.8926 -47.0091 34.4908 -30.1154 -48.6207 -7.4177 -39.0719 -0.9786 -26.6057 -46.1359 31.1618 -35.9786 -45.0298 -10.3993 -39.8695 4.7589 -28.6561 -47.4444 3.2161 -42.8247 35.2734 -41.3075 25.7890 -31.2441 -48.7581 35.3747 -39.0404 11.4384 -38.6957 31.0399 -44.6236 -20.1182 -46.7909 -31.7679 3.5854 -36.2529 15.0406 -37.2104 16.6710 -37.4503 18.7708 -38.6687 30.8066 -41.8054 28.8950 -44.3235 -6.8380 -46.1127 -14.2791 -46.3848 -5.9223 -43.0690 34.9937 -42.2956 35.7541 -43.4383 33.2536 -42.4361 25.6683 -36.6534 -15.9694 -33.1361 -30.7262 -29.3562 -48.5924 -22.7992 -48.5681 -7.7981 -43.2137 34.3742 -47.0547 -29.2980 10.6722 -41.4760 -19.9921 11.0511 -38.5908 -7.4898 -48.6272 -30.1139 34.4906 -47.0091 -27.8926 16.5120 -40.9168 -24.5388 -8.7057 -35.1487 -11.9429 -48.0590 -30.9929 31.2547
-31.0655 -47.7967 -12.9505 -35.4097 -6.6184 -24.7456 -41.1632 17.2414 -27.9681 -47.1163 34.5593 -30.6226 -48.4373 -8.0368 -39.1949 22.6621 -36.4286 -35.8785 -20.7239 -42.5279 15.3527 -30.2613 -47.2242 31.7625 -36.0983 -37.2952 -27.3314 -48.7481 -19.8195 -47.1427 -15.1834 -44.4676 -36.5565 -17.4717 -42.3646 17.8405 -36.9143 6.0759 -38.4902 29.8252 -43.5065 -13.3599 -48.9390 -26.4838 -43.9454 -29.9382 -34.9073 -30.9762 -30.8476 -32.3624 -5.1654 -34.9905 11.8789 -37.0791 20.6642 -38.5470 26.6564 -39.6571 27.7641 -39.2857 25.7379 -41.7491 -16.1583 -47.8400 -19.8163 -48.5471 31.9324 -39.6565 10.2121 -37.1273 13.4911 -37.4576 2.7972 -32.7539 -34.8905 -29.7580 -48.7570 0.0251 -43.4586 -17.5419 -40.8710 -36.5577 31.6385 -45.5385 -28.9426 7.6535 -36.8704 -8.1965 -48.4340 -30.6395 34.5592 -47.1163 -27.9681 17.2414 -41.1632 -24.7456 -6.6184 -35.4097 -12.9505 -47.7967 -31.0655
-47.8964 -13.8689 -35.6629 -4.7164 -24.9394 -41.4023 17.9407 -28.0651 -47.2612 34.6533 -31.0079 -48.1364 -10.2946 -38.7578 35.3061 -42.6018 20.9029 -34.0535 -48.6742 16.2894 -37.8297 -25.8335 -19.0887 -41.2642 12.4717 -35.0599 -9.9489 -32.4027 -37.9992 -29.3540 -37.2897 -32.9568 0.4986 -43.0268 29.9033 -39.1772 10.6348 -36.4243 3.0151 -37.6873 23.1907 -41.1133 31.1630 -45.0981 -11.4914 -47.1184 -17.4838 -47.8446 -19.7280 -48.7519 -24.4537 -47.8590 -28.7402 -35.6739 -31.8430 -11.6431 -33.6113 -0.6121 -34.6019 6.3797 -37.3050 32.3195 -32.4497 -31.1613 -28.8784 -29.4237 -46.6699 25.5894 -39.0392 27.0072 -42.1478 33.9609 -39.3562 7.6512 -36.7124 17.2584 -24.2986 -46.5091 20.4678 -47.7678 -30.6347 12.6510 -41.4399 -12.5619 -47.4814 -34.4804 14.7793 -37.9997 -10.1100 -48.1100 -31.0309 34.6535 -47.2617 -28.0651 17.9407 -41.4023 -24.9394 -4.7164 -35.6629 -13.8689 -47.8964
-15.2655 -35.9075 -2.9982 -25.1183 -41.6377 18.6219 -28.1731 -47.4191 34.6961 -31.2998 -47.7496 -12.5202 -36.5691 29.0297 -48.7174 7.3907 -41.1977 9.3982 -27.6188 -45.1040 22.9416 -32.3303 -48.4214 35.3204 -38.6672 15.7310 -38.3354 19.2399 -36.5820 -8.3008 -34.1277 7.8341 -39.9778 31.4042 -42.2696 33.6810 -39.7319 14.1565 -36.1875 -7.6788 -35.5643 12.2791 -38.2615 24.6553 -40.0905 31.9208 -41.2204 34.6176 -41.9596 34.7770 -43.4583 1.8591 -46.0687 -17.0019 -48.3003 -22.0901 -49.0734 -24.7281 -48.4762 -27.7925 -40.8174 -24.1018 -39.3210 10.9090 -37.7475 26.7510 15.0552 -38.5752 28.9513 -44.5867 -15.4761 -48.2191 29.1991 -38.6003 29.9934 -48.3244 -30.0061 33.4822 -43.0395 -20.1640 -31.0328 -37.5509 35.6291 -48.3456 -30.6977 9.3219 -40.2794 30.5107 -38.4626 -11.8640 -47.6977 -31.3205 34.6969 -47.4196 -28.1731 18.6219 -41.6377 -25.1183 -2.9982 -35.9075 -15.2655
-37.0662 -1.4481 -25.2807 -41.8733 19.2966 -28.2893 -47.5814 34.6288 -31.5264 -47.2837 -14.0263 -36.4159 2.0367 -22.9052 -26.3928 -48.5820 35.5749 -36.5605 -43.6188 -8.2738 -38.6076 -13.0687 -21.1720 -42.2364 26.0247 -40.8990 16.7311 -44.6583 32.2310 -37.7903 -5.2475 -36.3336 20.4928 -42.4792 -17.5704 -47.5875 17.8345 -40.4183 12.8707 -34.5066 -38.3314 -31.6633 -16.7951 -34.0598 4.3277 -35.5872 9.6277 -36.4227 13.4222 -37.5935 20.0351 -38.8887 28.8989 -40.9328 35.2971 -42.5570 30.6833 -43.7862 4.0988 -45.4921 -12.0342 -46.1085 25.6440 -38.4446 33.6944 -49.2595 -34.0047 18.0906 -42.7226 -21.8956 -40.2188 -22.5543 -36.4425 13.7226 -40.9987 -19.6678 -13.9467 -39.1851 34.1658 -48.7255 -32.3220 18.5655 -43.2378 -23.3890 -12.6568 -38.9045 35.2100 -45.3281 1.4506 -37.6757 -13.7038 -47.2520 -31.5360 34.6302 -47.5810 -28.2893 19.2966 -41.8733 -25.2807 -1.4481 -37.0662
-1.4159 -25.4389 -42.1060 19.9769 -28.4105 -47.7442 34.4109 -31.7130 -46.7496 -15.2074 -36.3058 0.2491 -25.4071 -42.1027 0.8513 -22.9077 -42.9589 14.0777 -28.8494 -45.5478 24.7870 -32.8340 -48.6266 35.2010 -41.1688 -4.5810 -47.6295 -25.2556 -45.7498 24.6955 -36.5139 -0.5706 -37.9897 15.8636 -13.9083 -29.7153 -49.0780 23.9598 -39.3132 0.1867 -29.6901 -48.7681 -24.4037 -48.6308 -26.7081 -46.4870 -28.6377 -42.0348 -30.5343 -28.6276 -32.9907 -2.0222 -35.4572 10.2752 -38.0128 20.7489 -40.4103 33.9779 -41.6060 35.8853 -41.4103 28.0535 -38.2478 16.4310 -42.0873 -21.9504 -9.4455 -38.2084 -3.6477 -43.9204 -34.9512 -3.8095 -18.4561 -36.5965 33.3021 -48.0170 -31.9478 19.0520 -43.1214 -23.6156 -8.7296 -38.5585 12.5328 -48.6777 -34.4352 26.3300 -45.4906 -23.3125 -45.4416 27.5509 -36.0591 -15.2200 -46.7579 -31.7123 34.4131 -47.7433 -28.4105 19.9769 -42.1060 -25.4389 -1.4159
-23.6552 -42.3356 20.6544 -28.5348 -47.9008 34.0025 -31.8710 -46.1546 -16.1196 -36.2715 -0.3555 -26.7522 -43.6646 25.5777 -33.2635 -49.0435 34.6102 -36.4044 -43.5536 -8.5617 -38.6060 -12.4519 -21.4488 -42.6578 35.3154 -47.9454 -32.0165 3.2329 -12.8175 -39.8281 3.5233 -33.2341 -15.3758 -28.0634 -42.4935 11.6775 -27.9505 -46.7316 30.0199 -35.8386 -44.4654 -19.7656 -45.1117 1.3092 -45.0794 -8.7606 -46.4701 -15.7325 -47.9113 -21.2661 -48.8410 -26.7585 -43.8623 -33.2977 5.2749 -39.0291 31.9817 -43.7116 6.1567 -43.3298 27.8565 -38.4760 7.3114 -38.0744 35.1531 -48.9267 -33.1691 24.6543 -45.7313 -29.2840 18.6310 -44.5109 -28.7802 6.6570 -40.8154 -18.5631 -28.1224 -37.6804 21.7660 -48.8933 -34.4357 27.7478 -45.6036 -27.9141 8.3375 -40.7044 -14.1149 -42.8791 -34.2406 -23.2458 0.2921 -36.5277 -16.0309 -46.1887 -31.8686 34.0056 -47.9004 -28.5348 20.6544 -42.3356 -23.6552
-42.7753 21.3289 -28.6613 -48.0513 33.3742 -32.0047 -45.5232 -16.8605 -36.5242 3.4249 -29.9751 -47.8056 34.6150 -38.6827 -14.6238 -22.3096 -42.4643 12.7499 -28.3517 -45.1074 23.8351 -32.7096 -48.6226 35.6785 -39.3877 22.3159 -23.2832 -48.9295 -35.8506 9.5024 -32.0875 -47.6643 -25.1096 -49.4418 35.1175 -36.8046 -40.9364 -14.3292 -41.1157 9.3450 -29.4165 -47.6881 26.5362 -41.4300 33.5222 -40.9692 32.8565 -41.5706 35.7772 -43.1092 8.7030 -46.6261 -24.8772 -35.6923 -36.5531 26.9281 -44.5754 -20.6308 -47.9720 -12.6547 -40.9909 11.3255 -36.5302 18.0836 -42.8943 -23.2785 -7.7885 -38.7978 -10.3963 -40.9561 -36.6290 20.4910 -48.7004 -34.6329 31.5659 -47.5750 -31.2293 19.9814 -44.2681 -26.7295 8.7402 -40.7873 -16.5195 -38.7525 -36.9138 35.6603 -48.0357 -30.6579 14.5292 -42.7816 -25.7023 1.8456 -36.7020 -16.7777 -45.5550 -32.0043 33.3762 -48.0513 -28.6613 21.3289 -42.7753
22.1352 -28.6508 -48.1935 32.4899 -32.1276 -44.8376 -17.5217 -36.7088 7.7850 -33.9433 -46.5587 -18.2890 -43.6998 20.0829 -32.8130 -48.8468 35.4640 -35.8982 -45.8860 -3.5409 -38.2392 -15.8438 -21.0326 -41.9330 15.2932 -32.9744 -48.6730 -22.8981 -30.0728 -30.0834 -48.2833 -18.5685 -46.1178 24.9981 -40.0945 6.0617 -27.7407 -46.3048 30.5657 -36.3232 -41.2335 -20.1034 -44.2098 36.0439 -41.1955 25.5353 -39.0304 16.1897 -38.7766 24.3709 -41.0566 8.3631 -48.7096 -31.7815 13.7292 -41.9437 -16.1725 -40.7864 -35.1667 31.0376 -13.9762 -34.1810 0.4643 -38.7803 22.3482 -49.0331 -33.9027 25.3852 -45.1845 -28.3585 13.7022 -42.6661 -24.0801 -0.0525 -39.9615 -16.2653 -32.3582 -37.2370 5.6578 -46.2973 -35.5794 24.1469 -48.3798 -32.0126 19.7370 -43.6242 -23.8564 -17.9911 -37.9134 34.7352 -44.5384 -27.0969 2.3647 -36.8761 -17.4400 -44.8490 -32.1281 32.4899 -48.1935 -28.6508 22.1352
-27.8468 -48.3240 31.3176 -32.2466 -44.0531 -18.1007 -36.8271 10.6277 -36.8565 -7.4612 -30.2412 -48.7732 30.2037 -38.6001 -18.9417 -20.6991 -41.5385 10.7079 -27.6524 -44.5213 22.2731 -32.2960 -48.4662 35.0696 -36.4728 -38.9880 -19.0024 -45.9575 -20.3021 -48.5654 -12.1119 -44.4661 35.0604 -40.0887 12.5344 -32.0120 -48.8996 11.2201 -40.1048 8.8540 -31.5786 -48.7557 -16.6054 -46.4693 -4.4012 -41.6105 19.8969 -37.0879 4.8280 -38.0027 27.1434 -44.0515 -22.8292 -23.2339 -38.0167 35.5591 -48.5029 -31.1672 16.8760 -43.9184 -25.6326 -42.3290 -35.4137 25.7380 -45.0734 -26.6801 3.3796 -39.5083 -6.9137 -47.0206 -35.4374 35.3581 -48.8437 -32.9489 26.1729 -46.1360 -29.1903 16.1935 -43.7629 -24.8390 7.9264 -48.1019 -25.8293 -4.5949 -38.9627 -2.7170 -47.4047 -35.0035 25.4551 -43.9551 -13.8723 -48.2342 -27.5883 3.5106 -37.0544 -18.0380 -44.0549 -32.2466 31.3176 -48.3240 -27.8468
-48.1827 29.7664 -32.3534 -43.1541 -18.6079 -37.1163 9.6760 -37.0407 21.5604 -37.1765 -26.9564 -23.0504 -43.8601 19.5196 -31.7803 -47.9985 34.1878 -36.3131 -46.4373 3.8805 -37.6868 -24.6448 -19.1934 -41.2925 8.8849 -28.0069 -45.6612 33.8608 -44.1464 32.3074 -42.6582 28.8837 -39.2193 9.7990 -33.2162 -46.8902 -18.3501 -42.9414 27.9895 -37.8153 -9.4768 -30.1802 -47.6706 -27.7498 -46.7423 -8.9123 -40.0579 7.5414 -35.4474 7.0119 -39.6730 26.8138 -48.9561 -32.4002 16.7400 -42.9292 -20.1266 -30.9538 -37.5931 35.7201 -48.0656 -28.8774 6.2139 -40.3457 -11.0240 -44.6790 -36.0844 33.4598 -46.7390 -27.5097 5.1514 -40.5769 -18.8042 -25.2407 -37.6847 6.5457 -47.9071 -34.5218 26.7772 -43.9801 23.5465 -30.6136 -43.9377 -35.1776 30.4706 -46.5635 -29.1995 11.9266 -41.7854 -12.7666 -48.2546 -27.5287 -47.2097 -26.6238 4.6736 -37.2470 -18.5873 -43.1541 -32.3534 29.7664 -48.1827
15.8719 -32.0240 -42.1506 -19.1035 -37.4501 4.8957 -26.7861 -18.5290 -45.4824 23.8114 -33.7000 -49.0390 23.7707 -37.6527 -29.4267 -18.3401 -41.0962 26.4373 -23.3242 -43.6080 16.3099 -29.5888 -47.0953 30.6329 -34.8094 -48.3507 4.9090 -40.7160 26.4374 -40.0500 19.1147 -37.9663 3.5243 -34.0534 -42.4969 -26.3930 -47.5454 2.3338 -41.7434 24.6385 -37.4295 -4.8257 -34.3063 8.0883 -32.2465 -48.5459 29.4721 -36.0626 -18.4335 -36.2119 21.7632 -43.7081 -22.1007 -26.5719 -37.7903 35.6638 -48.0162 -30.3589 12.2082 -41.3893 -13.7070 -45.8000 -35.7226 31.0306 -46.8784 -29.2197 14.3151 -43.4078 -24.6069 -45.2626 -34.6205 26.9485 -46.2241 -29.1859 14.1346 -42.0494 -20.9018 -35.1856 -35.4839 16.4054 -37.4339 -28.2450 -32.8651 12.4299 -41.2846 -19.2770 -33.4341 -37.3454 34.4270 -48.8374 -31.1500 0.3430 -15.7511 -42.9826 -26.0006 5.5724 -37.4513 -19.1034 -42.1507 -32.0240 15.8719
-32.7576 -41.0405 -19.5858 -37.6583 6.4087 -26.1015 -43.2705 -32.8705 -13.6254 -39.9174 1.8398 -25.5782 -43.7955 19.5531 -31.4153 -47.5031 33.1965 -46.0687 -27.3333 9.8943 -32.2811 -48.6549 6.7994 -38.8202 -5.8582 -23.9007 -43.5275 27.5239 -39.0165 12.0902 -36.9277 -2.4808 -35.2336 -18.8828 -32.7037 -39.5960 -27.6661 -48.6245 -12.1650 -42.9467 26.6879 -38.0737 14.0873 -41.1495 -16.1367 13.9310 -35.9994 -18.4152 -34.7279 3.6624 -39.1583 34.2961 -48.5846 -31.1929 13.4722 -41.8338 -15.3278 -43.6075 -36.0589 30.0738 -45.9188 -27.1423 5.1067 -40.2456 -10.3496 -43.9225 -35.5785 30.7498 -9.6353 -34.1582 -2.8959 -38.0377 12.2600 -48.4672 -34.2875 27.4714 -45.1946 -23.3078 -42.3703 -31.7293 -27.5422 -32.0895 -7.0950 -38.1809 22.4176 -48.9694 -32.7434 19.9705 -43.4466 -24.6537 0.9001 -40.1719 -23.9977 25.0425 -43.4841 -26.0549 6.4548 -37.6588 -19.5850 -41.0406 -32.7576
