-33.2645 -21.0754 -40.1717 13.5701 -25.8779 -46.1480 31.3562 -30.6116 -48.4517 -13.7234 -36.4990 -5.9825 -23.2379 -42.2276 20.3450 -27.4257 -47.8672 22.7536 -32.3335 -43.9653 -18.4810 -38.4598 6.9840 -24.6422 -44.3474 27.2263 -29.0891 -48.6957 -4.2042 -34.2438 -28.3727 -21.4151 -40.4178 14.4169 -26.0613 -46.3885 31.4311 -30.8286 -48.2257 -14.4983 -36.7738 -3.6708 -23.4436 -42.4887 21.1973 -27.6200 -48.0240 19.8086 -32.5143 -43.4822 -25.4044 -43.4819 -32.5122 19.8088 -48.0240 -27.6200 21.1973 -42.4887 -23.4436 -3.6708 -36.7738 -14.4983 -48.2257 -30.8286 31.4311 -46.3885 -26.0613 14.4169 -40.4178 -21.4151 -28.3727 -34.2438 -4.2042 -48.6957 -29.0891 27.2263 -44.3474 -24.6422 6.9840 -38.4598 -18.4810 -43.9653 -32.3335 22.7536 -47.8672 -27.4257 20.3450 -42.2276 -23.2379 -5.9825 -36.4990 -13.7234 -48.4517 -30.6116 31.3562 -46.1480 -25.8779 13.5701 -40.1717 -21.0754 -33.2645
-21.0754 -39.5598 13.1902 -27.1617 -46.0468 32.7170 -30.6812 -48.3872 -11.2523 -35.2502 -5.8613 -25.0168 -41.7310 19.5655 -28.3300 -47.9550 33.0509 -31.7900 -43.7088 -18.7890 -37.5175 6.6789 -26.2095 -44.0639 26.6309 -29.5849 -48.8234 8.1305 -32.8915 -27.8788 -22.8114 -39.7217 13.8387 -27.2851 -46.3036 33.3790 -30.8319 -48.1452 -12.5936 -35.5677 -3.6301 -25.2310 -42.0203 20.4040 -28.4768 -48.1357 31.7861 -31.9176 -42.4337 -19.0534 -39.7225 -19.0482 -42.4743 -31.9085 31.7860 -48.1358 -28.4768 20.4040 -42.0203 -25.2310 -3.6301 -35.5677 -12.5936 -48.1452 -30.8319 33.3790 -46.3036 -27.2851 13.8387 -39.7217 -22.8114 -27.8788 -32.8915 8.1305 -48.8234 -29.5849 26.6309 -44.0639 -26.2095 6.6789 -37.5175 -18.7890 -43.7088 -31.7900 33.0509 -47.9550 -28.3300 19.5655 -41.7310 -25.0168 -5.8613 -35.2502 -11.2523 -48.3872 -30.6812 32.7170 -46.0468 -27.1617 13.1902 -39.5598 -21.0754
-40.1717 13.1902 -27.1750 -45.9062 32.2485 -30.8440 -48.5277 -10.0224 -34.9872 -7.8879 -24.8241 -41.5025 18.9084 -28.3239 -47.7973 33.8281 -32.0757 -44.5212 -18.2750 -37.3085 5.8348 -26.1119 -43.8356 25.9099 -29.6497 -48.8212 11.7562 -32.9586 -30.1606 -22.5028 -39.5005 13.1960 -27.2310 -46.0945 32.8660 -30.9949 -48.3418 -11.5350 -35.3092 -5.4262 -25.0543 -41.7914 19.7399 -28.4777 -47.9904 32.8982 -32.2189 -43.4829 -18.9785 -37.3690 16.3643 -36.8611 -18.8621 -43.5777 -32.2080 32.8981 -47.9874 -28.4807 19.7387 -41.7910 -25.0543 -5.4224 -35.3093 -11.5350 -48.3418 -30.9949 32.8660 -46.0945 -27.2310 13.1960 -39.5005 -22.5028 -30.1606 -32.9586 11.7562 -48.8212 -29.6497 25.9099 -43.8356 -26.1119 5.8348 -37.3085 -18.2750 -44.5212 -32.0757 33.8281 -47.7973 -28.3239 18.9084 -41.5025 -24.8241 -7.8879 -34.9872 -10.0224 -48.5277 -30.8440 32.2485 -45.9062 -27.1750 13.1902 -40.1717
13.5701 -27.1617 -45.9062 32.0465 -30.7766 -48.6120 -8.8305 -34.7403 -10.0076 -24.6245 -41.2717 18.2472 -28.1990 -47.6310 34.3237 -31.9657 -45.2363 -17.7240 -37.1014 4.9437 -26.0082 -43.6031 25.1800 -29.5199 -48.7941 15.2724 -32.8966 -32.3094 -22.1670 -39.2812 12.5498 -27.1125 -45.8786 32.2782 -30.8691 -48.4959 -10.3653 -35.0386 -7.4485 -24.8687 -41.5637 19.0840 -28.3477 -47.8325 33.6966 -32.1159 -44.3136 -18.4122 -37.3793 5.2145 -30.7892 32.4647 -41.1974 -18.2248 -44.3779 -32.0482 33.6030 -47.7170 -28.4397 19.1069 -41.5656 -24.8687 -7.4402 -35.0386 -10.3653 -48.4959 -30.8691 32.2782 -45.8786 -27.1125 12.5498 -39.2812 -22.1670 -32.3094 -32.8966 15.2724 -48.7941 -29.5199 25.1800 -43.6031 -26.0082 4.9437 -37.1014 -17.7240 -45.2363 -31.9657 34.3237 -47.6310 -28.1990 18.2472 -41.2717 -24.6245 -10.0076 -34.7403 -8.8305 -48.6120 -30.7766 32.0465 -45.9062 -27.1617 13.5701
-25.8779 -46.0468 32.2485 -30.7766 -48.6382 -8.0565 -34.5481 -11.9471 -24.4325 -41.0515 17.6022 -28.0746 -47.4579 34.6129 -31.8506 -45.8615 -17.1391 -36.8962 3.9965 -25.9053 -43.3667 24.4452 -29.3920 -48.7472 18.6063 -32.8171 -34.3109 -21.8109 -39.0641 11.8998 -26.9937 -45.6564 31.6377 -30.7445 -48.6110 -9.0533 -34.7572 -9.7093 -24.6657 -41.3378 18.4375 -28.2158 -47.6627 34.2544 -32.0122 -45.0490 -17.8774 -37.1406 5.2315 -26.1210 -44.5396 -42.8303 -16.0487 -41.2872 -17.3509 -45.5823 -30.0833 28.1805 -47.5007 -28.7090 18.4509 -41.3472 -24.6652 -9.7000 -34.7572 -9.0533 -48.6110 -30.7445 31.6377 -45.6564 -26.9937 11.8998 -39.0641 -21.8109 -34.3109 -32.8171 18.6063 -48.7472 -29.3920 24.4452 -43.3667 -25.9053 3.9965 -36.8962 -17.1391 -45.8615 -31.8506 34.6129 -47.4579 -28.0746 17.6022 -41.0515 -24.4325 -11.9471 -34.5481 -8.0565 -48.6382 -30.7766 32.2485 -46.0468 -25.8779
-46.1480 32.7170 -30.8440 -48.6120 -8.0565 -34.4713 -13.2019 -24.2848 -40.8714 17.0358 -27.9560 -47.2794 34.7244 -31.7330 -46.4076 -16.5127 -36.6933 2.9850 -25.8042 -43.1297 23.7161 -29.2672 -48.6832 21.6248 -32.7286 -36.1360 -21.4377 -38.8513 11.2502 -26.8758 -45.4315 30.9615 -30.6224 -48.6904 -7.5851 -34.4671 -12.1689 -24.4473 -41.1159 17.8055 -28.0840 -47.4848 34.5889 -31.9088 -45.6861 -17.3088 -36.9392 4.0513 -25.9528 -43.2882 28.3757 -27.1238 -47.5246 33.3731 -38.1859 -6.5881 -48.3937 -10.4966 -17.7646 -48.4033 -29.0954 17.7913 -41.1253 -24.4465 -12.1641 -34.4671 -7.5851 -48.6904 -30.6224 30.9615 -45.4315 -26.8758 11.2502 -38.8513 -21.4377 -36.1360 -32.7286 21.6248 -48.6832 -29.2672 23.7161 -43.1297 -25.8042 2.9850 -36.6933 -16.5127 -46.4076 -31.7330 34.7244 -47.2794 -27.9560 17.0358 -40.8714 -24.2848 -13.2019 -34.4713 -8.0565 -48.6120 -30.8440 32.7170 -46.1480
31.3562 -30.6812 -48.5277 -8.8305 -34.5481 -13.2019 -24.2274 -40.7686 16.6324 -27.8626 -47.1164 34.6883 -31.6200 -46.8756 -15.8377 -36.4923 1.9134 -25.7037 -42.8883 22.9813 -29.1481 -48.6030 24.2666 -32.6237 -37.8168 -21.0402 -38.6439 10.6021 -26.7569 -45.2001 30.2462 -30.5065 -48.7383 -5.9418 -34.1641 -14.8318 -24.2111 -40.8986 17.1888 -27.9508 -47.2971 34.7291 -31.8047 -46.2383 -16.7117 -36.7381 2.6003 -27.0912 -41.7948 25.6172 -28.4067 -48.7949 31.7657 -38.0126 9.2396 -35.3295 17.1744 -31.0187 -44.8971 -23.6049 -48.5344 -28.6537 17.2227 -40.8996 -24.2107 -14.8318 -34.1641 -5.9418 -48.7383 -30.5065 30.2462 -45.2001 -26.7569 10.6021 -38.6439 -21.0402 -37.8168 -32.6237 24.2666 -48.6030 -29.1481 22.9813 -42.8883 -25.7037 1.9134 -36.4923 -15.8377 -46.8756 -31.6200 34.6883 -47.1164 -27.8626 16.6324 -40.7686 -24.2274 -13.2019 -34.5481 -8.8305 -48.5277 -30.6812 31.3562
-30.6116 -48.3872 -10.0224 -34.7403 -11.9471 -24.2848 -40.7686 16.4836 -27.8115 -47.0016 34.5758 -31.5226 -47.2450 -15.1430 -36.2917 0.7841 -25.5981 -42.6386 22.2303 -29.0387 -48.5137 26.4765 -32.4919 -39.3756 -20.6101 -38.4463 9.9684 -26.6354 -44.9587 29.4865 -30.4017 -48.7588 -4.1327 -33.8447 -17.6911 -23.9533 -40.6862 16.5847 -27.8168 -47.1090 34.6952 -31.6949 -46.7276 -16.0651 -36.5287 1.1470 -28.0940 -48.1271 -39.9469 -7.7972 -46.7971 34.3232 -36.7228 -3.1114 -30.7835 -41.4989 -29.6694 -45.2685 -25.2898 -48.6130 -12.4299 -47.2121 -27.8290 16.6273 -40.6838 -23.9541 -17.7007 -33.8428 -4.1374 -48.7588 -30.4017 29.4865 -44.9587 -26.6354 9.9684 -38.4463 -20.6101 -39.3756 -32.4919 26.4765 -48.5137 -29.0387 22.2303 -42.6386 -25.5981 0.7841 -36.2917 -15.1430 -47.2450 -31.5226 34.5758 -47.0016 -27.8115 16.4836 -40.7686 -24.2848 -11.9471 -34.7403 -10.0224 -48.3872 -30.6116
-48.4517 -11.2523 -34.9872 -10.0076 -24.4325 -40.8714 16.6324 -27.8115 -46.9596 34.4841 -31.4511 -47.5002 -14.5087 -36.1013 -0.3685 -25.4850 -42.3880 21.4635 -28.9414 -48.4176 28.2642 -32.3307 -40.8290 -20.1362 -38.2614 9.3584 -26.5100 -44.7038 28.6761 -30.3124 -48.7569 -2.1973 -33.5073 -20.6765 -23.6729 -40.4816 16.0029 -27.6785 -46.9188 34.4543 -31.8275 -47.1550 -15.3756 -36.3261 0.4449 -27.3227 -48.3277 -26.4915 12.0635 -37.3496 19.2536 -33.3682 -30.4330 -26.3240 -47.9741 -16.4811 -47.6256 -16.0543 -47.4097 0.5209 -43.1908 34.0396 -46.5817 -27.6458 15.9259 -40.4504 -23.6776 -20.7354 -33.5028 -2.2082 -48.7569 -30.3124 28.6761 -44.7038 -26.5100 9.3584 -38.2614 -20.1362 -40.8290 -32.3307 28.2642 -48.4176 -28.9414 21.4635 -42.3880 -25.4850 -0.3685 -36.1013 -14.5087 -47.5002 -31.4511 34.4841 -46.9596 -27.8115 16.6324 -40.8714 -24.4325 -10.0076 -34.9872 -11.2523 -48.4517
-13.7234 -35.2502 -7.8879 -24.6245 -41.0515 17.0358 -27.8626 -47.0016 34.4841 -31.4234 -47.6350 -14.0392 -35.9460 -1.4374 -25.3719 -42.1504 20.7231 -28.8568 -48.3188 29.6555 -32.1289 -42.2028 -19.5958 -38.0983 8.8033 -26.3783 -44.4274 27.7944 -30.2493 -48.7388 -0.2362 -33.1446 -23.7511 -23.3640 -40.2894 15.4581 -27.5268 -46.6278 33.9919 -34.9745 -46.1607 -17.0192 -35.8355 -0.4753 -25.7849 -45.2436 -12.2060 -48.7890 -28.0796 -36.3118 -27.9427 -49.2028 -18.1532 -44.0315 35.6788 -41.2743 34.1715 -41.8467 34.4538 -41.2388 24.3233 -38.2042 34.1883 -46.7103 -31.3740 15.1603 -40.1276 -23.3737 -23.8367 -33.1396 -0.2425 -48.7388 -30.2493 27.7944 -44.4274 -26.3783 8.8033 -38.0983 -19.5958 -42.2028 -32.1289 29.6555 -48.3188 -28.8568 20.7231 -42.1504 -25.3719 -1.4374 -35.9460 -14.0392 -47.6350 -31.4234 34.4841 -47.0016 -27.8626 17.0358 -41.0515 -24.6245 -7.8879 -35.2502 -13.7234
-36.4990 -5.8613 -24.8241 -41.2717 17.6022 -27.9560 -47.1164 34.5758 -31.4511 -47.6350 -13.8598 -35.8567 -2.2130 -25.2769 -41.9544 20.0782 -28.7874 -48.2259 30.6900 -31.8961 -43.4455 -18.9799 -37.9715 8.3729 -26.2395 -44.1246 26.8308 -30.2280 -48.7233 1.5060 -32.7489 -26.8869 -23.0169 -40.1139 14.9544 -27.3834 -46.3185 33.8210 -37.7407 18.2259 -30.5822 -32.8821 -14.6357 -24.9539 -42.5311 35.1936 -43.6808 7.2569 -46.4342 -12.6953 -44.8159 32.8604 -38.8400 20.4370 -37.1874 11.6312 -36.0770 10.9720 -36.3526 9.5428 -35.3089 -3.5787 -34.6389 18.3703 5.1148 -36.2006 15.4791 -39.8626 -23.0264 -26.9341 -32.7466 1.5058 -48.7233 -30.2280 26.8308 -44.1246 -26.2395 8.3729 -37.9715 -18.9799 -43.4455 -31.8961 30.6900 -48.2259 -28.7874 20.0782 -41.9544 -25.2769 -2.2130 -35.8567 -13.8598 -47.6350 -31.4511 34.5758 -47.1164 -27.9560 17.6022 -41.2717 -24.8241 -5.8613 -36.4990
-5.9825 -25.0168 -41.5025 18.2472 -28.0746 -47.2794 34.6883 -31.5226 -47.5002 -14.0392 -35.8567 -2.4910 -25.2236 -41.8274 19.5984 -28.7352 -48.1465 31.4113 -31.6544 -44.5012 -18.3071 -37.8886 8.1091 -26.0960 -43.7900 25.7638 -30.2709 -48.7075 2.6289 -32.3423 -30.0127 -22.6242 -39.9557 14.4999 -27.2685 -46.1399 33.2566 -38.5338 19.3381 -42.2579 -18.5081 -48.9985 -16.6960 -40.7825 21.1017 -38.2944 22.2763 -40.0470 27.9608 -38.7152 18.9719 -34.2379 -5.2564 -31.5670 -37.1202 -29.4657 -44.4533 -28.5664 -44.2791 -28.2333 -47.1531 -26.2804 -48.5713 -23.3104 -44.2550 19.6606 -37.1962 14.9163 -39.7801 -22.6299 -30.0225 -32.3490 2.6364 -48.7091 -30.2709 25.7638 -43.7900 -26.0960 8.1091 -37.8886 -18.3071 -44.5012 -31.6544 31.4113 -48.1465 -28.7352 19.5984 -41.8274 -25.2236 -2.4910 -35.8567 -14.0392 -47.5002 -31.5226 34.6883 -47.2794 -28.0746 18.2472 -41.5025 -25.0168 -5.9825
-23.2379 -41.7310 18.9084 -28.1990 -47.4579 34.7244 -31.6200 -47.2450 -14.5087 -35.9460 -2.2130 -25.2236 -41.7828 19.3424 -28.6983 -48.0853 31.8613 -31.4215 -45.3470 -17.6040 -37.8526 8.0435 -25.9564 -43.4361 24.6381 -30.4127 -48.6987 2.4200 -31.8883 -33.0201 -22.1771 -39.8155 14.0790 -27.1677 -46.0203 32.2208 -36.4916 9.3371 -39.0448 22.4787 -41.5205 33.1906 -38.0127 11.2426 -34.1040 -7.9076 -35.6198 1.9606 -33.9786 -16.4647 -29.0685 -48.8410 -22.2185 -47.6157 -16.2002 -46.6671 -11.7404 -45.9599 -10.7426 -45.9367 -5.3429 -44.6799 13.3953 -43.9592 29.2407 -38.7250 -1.2333 -33.6254 13.2969 -39.7954 -22.2015 -32.8501 -31.8908 2.4525 -48.7005 -30.4140 24.6381 -43.4361 -25.9564 8.0435 -37.8526 -17.6040 -45.3470 -31.4215 31.8613 -48.0853 -28.6983 19.3424 -41.7828 -25.2236 -2.2130 -35.9460 -14.5087 -47.2450 -31.6200 34.7244 -47.4579 -28.1990 18.9084 -41.7310 -23.2379
-42.2276 19.5655 -28.3239 -47.6310 34.6129 -31.7330 -46.8756 -15.1430 -36.1013 -1.4374 -25.2769 -41.8274 19.3424 -28.6834 -48.0500 32.1278 -31.2394 -45.9507 -16.9307 -37.8642 8.1925 -25.8319 -43.0964 23.5614 -30.6887 -48.7272 0.0675 -31.3625 -35.8249 -21.6683 -39.7058 13.9128 -27.2925 -45.9024 32.0821 -33.2397 -22.6963 -34.3373 1.1542 -36.0976 8.7218 -34.1798 -17.5978 -29.8170 -45.1906 -33.5703 -26.2116 -31.1731 -48.3398 -22.0134 -46.0728 23.2833 -40.6762 32.2795 -40.4609 30.4938 -40.2102 28.9265 -40.0043 28.4127 -39.7466 24.9086 -38.7136 19.0090 -37.0549 -1.3986 -31.2070 -47.9780 -29.3121 13.0069 -38.9339 -23.8464 -36.1948 -31.3495 0.0777 -48.7275 -30.6900 23.5614 -43.0965 -25.8319 8.1925 -37.8642 -16.9307 -45.9507 -31.2394 32.1278 -48.0500 -28.6834 19.3424 -41.8274 -25.2769 -1.4374 -36.1013 -15.1430 -46.8756 -31.7330 34.6129 -47.6310 -28.3239 19.5655 -42.2276
20.3450 -28.3300 -47.7973 34.3237 -31.8506 -46.4076 -15.8377 -36.2917 -0.3685 -25.3719 -41.9544 19.5984 -28.6983 -48.0500 32.2248 -31.1444 -46.3031 -16.4059 -37.9071 8.5034 -25.7296 -42.8063 22.6585 -31.1337 -48.7599 -4.6216 -30.8364 -38.3157 -21.1003 -39.6399 13.4843 -34.2832 -22.5992 10.3830 -30.8710 -47.5358 -26.1574 -47.1581 -28.5088 -44.6772 -27.2603 -48.9893 -22.1530 -48.4905 -26.1217 16.0912 -35.7831 -36.2846 -23.3187 -44.5707 34.0769 -37.7323 10.4727 -35.0889 5.4169 -35.2091 5.3541 -35.1911 4.4459 -35.0398 2.5327 -34.3775 -7.5258 -32.3037 -36.9483 -27.8266 -48.9240 -15.6979 -46.9999 -23.3791 23.7210 -49.0920 -27.0624 -38.6748 -30.8292 -4.6166 -48.7599 -31.1361 22.6583 -42.8064 -25.7296 8.5034 -37.9071 -16.4059 -46.3031 -31.1444 32.2248 -48.0500 -28.6983 19.5984 -41.9544 -25.3719 -0.3685 -36.2917 -15.8377 -46.4076 -31.8506 34.3237 -47.7973 -28.3300 20.3450
-27.4257 -47.9550 33.8281 -31.9657 -45.8615 -16.5127 -36.4923 0.7841 -25.4850 -42.1504 20.0782 -28.7352 -48.0853 32.1278 -31.1444 -46.4181 -16.1191 -37.9500 8.8414 -25.6546 -42.5952 22.0558 -31.7891 -48.6323 -10.4852 -30.3491 -40.3586 -20.5055 -39.6327 12.8746 -35.1043 25.7523 -45.1797 -20.7220 -48.0749 -9.4796 -45.4748 -10.4149 -46.7978 -10.6968 -45.0768 25.5455 -41.5490 32.8994 -34.1361 -47.7297 27.3893 -33.5698 -48.9324 16.8111 -39.0882 5.0779 -31.2682 -46.7780 -27.0945 -47.6088 -27.0394 -47.5288 -26.9502 -47.8452 -26.3519 -48.5770 -24.1923 -48.8486 -18.5815 -46.5942 17.4092 -42.0390 33.5737 -41.5547 11.9092 -33.2887 -44.2856 -26.0470 -40.4753 -30.3532 -10.4983 -48.6298 -31.7934 22.0558 -42.5952 -25.6546 8.8414 -37.9500 -16.1191 -46.4181 -31.1444 32.1278 -48.0853 -28.7352 20.0782 -42.1504 -25.4850 0.7841 -36.4923 -16.5127 -45.8615 -31.9657 33.8281 -47.9550 -27.4257
-47.8672 33.0509 -32.0757 -45.2363 -17.1391 -36.6933 1.9134 -25.5981 -42.3880 20.7231 -28.7874 -48.1465 31.8613 -31.2394 -46.3031 -16.1191 -37.9686 9.0540 -25.6098 -42.4735 21.7858 -32.6657 -47.8413 -15.9693 -29.9356 -41.8957 -19.9461 -39.7141 13.2191 -31.0697 -25.7020 -38.8558 29.5170 -42.3077 33.7022 -40.0925 29.8293 -40.8880 30.7166 -39.6498 22.6575 -36.6908 11.1769 -34.4152 -24.3278 -15.3767 -40.0868 3.5254 -25.8942 -44.0641 21.0049 -33.3006 -48.5830 -17.2331 -45.4753 -3.6271 -45.1489 -4.3530 -45.3504 -6.3877 -45.1279 -4.5517 -44.2479 32.4364 -42.0518 31.4180 -39.4428 16.8476 -36.1990 7.7937 -34.1330 -32.9983 -25.3844 -46.3822 -21.0116 -41.9240 -29.9481 -16.0017 -47.8327 -32.6678 21.7858 -42.4735 -25.6098 9.0540 -37.9686 -16.1191 -46.3031 -31.2394 31.8613 -48.1465 -28.7874 20.7231 -42.3880 -25.5981 1.9134 -36.6933 -17.1391 -45.2363 -32.0757 33.0509 -47.8672
22.7536 -31.7900 -44.5212 -17.7240 -36.8962 2.9850 -25.7037 -42.6386 21.4635 -28.8568 -48.2259 31.4113 -31.4215 -45.9507 -16.4059 -37.9500 9.0540 -25.5949 -42.4253 21.7510 -33.6214 -45.2159 -20.5534 -29.6463 -42.8862 -19.5200 -39.9159 14.3648 -27.4191 -48.0270 -27.2832 -8.9583 -35.4744 10.2294 -35.6212 7.1188 -35.7684 7.4105 -34.8718 -1.6630 -31.9230 -38.4111 -27.9767 -48.6714 -20.7769 -43.2758 20.8960 -35.3095 -47.9943 17.5238 -37.2770 -29.4270 -21.1991 -43.6928 33.5638 -40.0231 28.6124 -40.5714 34.2988 -42.2277 13.7422 -45.3582 35.1561 -39.6024 16.1146 -36.3177 0.9018 -32.1832 -41.9444 -27.4395 -48.7623 -21.7331 -47.3868 34.9426 -40.4745 -19.4152 -42.7756 -29.6624 -20.5706 -45.2110 -33.6214 21.7510 -42.4253 -25.5949 9.0540 -37.9500 -16.4059 -45.9507 -31.4215 31.4113 -48.2259 -28.8568 21.4635 -42.6386 -25.7037 2.9850 -36.8962 -17.7240 -44.5212 -31.7900 22.7536
-32.3335 -43.7088 -18.2750 -37.1014 3.9965 -25.8042 -42.8883 22.2303 -28.9414 -48.3188 30.6900 -31.6544 -45.3470 -16.9307 -37.9071 8.8414 -25.6098 -42.4253 21.7713 -34.2844 -39.8920 -24.0166 -29.4983 -43.3612 -19.3450 -40.3290 15.6062 -26.3829 -45.0437 17.9564 -47.0751 -23.8715 -47.5268 -27.5727 -46.2874 -27.7822 -46.5900 -26.7959 -48.8172 -23.4018 -48.1832 -14.7914 -45.1615 18.9638 -41.8329 24.4009 -38.3158 11.8253 -25.6644 -42.4376 12.9398 -27.9956 -46.7494 33.5729 -38.5603 11.0359 -37.5966 18.0057 -40.9721 21.8212 -48.4740 -23.0525 -39.5354 13.2513 -32.7155 -40.5940 -26.7531 -48.9316 -16.7820 -45.4538 15.9244 -42.8580 32.9515 -38.7634 18.3584 -39.7543 -19.4498 -43.2812 -29.5058 -24.0196 -39.8920 -34.2844 21.7713 -42.4253 -25.6098 8.8414 -37.9071 -16.9307 -45.3470 -31.6544 30.6900 -48.3188 -28.9414 22.2303 -42.8883 -25.8042 3.9965 -37.1014 -18.2750 -43.7088 -32.3335
-43.9653 -18.7890 -37.3085 4.9437 -25.9053 -43.1297 22.9813 -29.0387 -48.4176 29.6555 -31.8961 -44.5012 -17.6040 -37.8642 8.5034 -25.6546 -42.4735 21.7510 -34.2844 -36.2786 -15.8016 -29.4536 -43.4601 -19.4664 -41.0040 17.7463 -26.1389 -44.4588 31.8451 -40.1200 35.0888 -43.6520 3.7492 -45.0937 -5.4444 -45.1839 -2.0861 -44.3681 24.0434 -42.1444 33.7395 -39.5145 23.7998 -37.9643 14.8916 -37.6964 15.4078 -41.2834 -6.6771 -32.7028 -28.0740 -48.7165 32.4824 -38.7941 3.8424 -34.1176 -3.1526 -38.1775 32.7370 -47.0421 -27.8383 12.8543 -42.1249 -21.5321 -48.9648 -16.5223 -45.2975 30.8951 -41.3042 27.7903 -38.3908 16.2293 -36.0325 -4.0032 -33.1299 15.2416 -41.1701 -19.6373 -43.4365 -29.4554 -15.8030 -36.2786 -34.2844 21.7510 -42.4735 -25.6546 8.5034 -37.8642 -17.6040 -44.5012 -31.8961 29.6555 -48.4176 -29.0387 22.9813 -43.1297 -25.9053 4.9437 -37.3085 -18.7890 -43.9653
-18.4810 -37.5175 5.8348 -26.0082 -43.3667 23.7161 -29.1481 -48.5137 28.2642 -32.1289 -43.4455 -18.3071 -37.8526 8.1925 -25.7296 -42.5952 21.7858 -33.6214 -39.8920 -15.8016 -29.4481 -43.4108 -19.7340 -41.7901 21.1942 -25.5315 -44.3878 26.9499 -35.7763 8.5451 -37.3995 19.2374 -38.3114 24.1672 -38.7565 24.1254 -38.0181 19.8747 -36.4062 11.5213 -34.6870 -0.6721 -33.5827 -13.9918 -33.9979 -1.8752 -38.1852 25.8560 -43.5153 -14.6043 -46.7276 32.3330 -39.3517 7.0620 -31.4367 -45.3948 -32.8980 11.8560 -41.2217 -12.9814 -43.6712 -36.4065 25.3026 -42.8041 35.4121 -40.7885 25.8267 -38.1229 12.2464 -34.9606 -9.8329 -31.2071 -43.8310 -26.4298 -48.8994 -27.9114 22.2726 -42.2387 -19.8069 -43.4100 -29.4482 -15.8017 -39.8920 -33.6214 21.7858 -42.5952 -25.7296 8.1925 -37.8526 -18.3071 -43.4455 -32.1289 28.2642 -48.5137 -29.1481 23.7161 -43.3667 -26.0082 5.8348 -37.5175 -18.4810
-38.4598 6.6789 -26.1119 -43.6031 24.4452 -29.2672 -48.6030 26.4765 -32.3307 -42.2028 -18.9799 -37.8886 8.0435 -25.8319 -42.8063 22.0558 -32.6657 -45.2159 -24.0166 -29.4536 -43.4108 -19.8679 -42.3528 24.9772 -24.1821 -44.1492 33.3102 -35.2396 -35.4728 -30.6398 -34.0814 -31.9351 -15.4047 -32.8579 -11.6287 -32.4329 -22.9305 -30.4951 -42.2072 -27.4235 -48.5151 -25.2529 -48.7299 -26.2947 -46.4608 -31.9379 1.2286 -38.5509 24.4754 -41.2179 29.0475 -38.4882 6.4468 -30.4688 -48.7600 -24.4888 -41.0280 -36.1260 28.7924 -45.6755 -27.8945 4.3489 -38.0211 15.4777 -37.4231 8.6252 -34.4253 -18.4737 -30.0843 -47.3617 -24.2729 -48.3436 -14.4617 -45.2161 14.2264 -45.3072 -23.3849 27.3099 -42.4635 -19.8820 -43.4093 -29.4537 -24.0142 -45.2157 -32.6657 22.0561 -42.8063 -25.8319 8.0435 -37.8886 -18.9799 -42.2028 -32.3307 26.4765 -48.6030 -29.2672 24.4452 -43.6031 -26.1119 6.6789 -38.4598
6.9840 -26.2095 -43.8356 25.1800 -29.3920 -48.6832 24.2666 -32.4919 -40.8290 -19.5958 -37.9715 8.1091 -25.9564 -43.0964 22.6585 -31.7891 -47.8413 -20.5534 -29.4983 -43.4601 -19.7341 -42.3534 26.6152 -22.5528 -44.0433 35.4019 -43.5032 -0.7998 -27.0235 -48.6898 -20.0713 -48.4883 -21.2018 -48.7138 -21.0545 -48.2925 -18.3766 -46.6585 -10.0323 -44.5477 8.1921 -44.4845 -3.5522 -47.0067 -20.5994 -48.2344 -30.7974 -8.7121 -35.5672 8.4330 -35.0651 -12.2240 -28.9717 -48.5310 -12.3429 -46.9426 -27.0280 -2.0017 -38.7782 7.1650 -48.5388 -36.8726 17.9363 -37.2648 -7.2889 -31.4628 -47.4137 -23.7471 -47.7451 -7.9430 -43.8789 35.5390 -40.9873 27.6876 -39.0607 30.9614 -44.0051 -21.3231 26.9803 -42.3763 -19.7431 -43.4471 -29.5009 -20.5508 -47.8404 -31.7891 22.6588 -43.0964 -25.9564 8.1091 -37.9715 -19.5958 -40.8290 -32.4919 24.2666 -48.6832 -29.3920 25.1800 -43.8356 -26.2095 6.9840
-24.6422 -44.0639 25.9099 -29.5199 -48.7472 21.6248 -32.6237 -39.3756 -20.1362 -38.0983 8.3729 -26.0960 -43.4361 23.5614 -31.1337 -48.6323 -15.9693 -29.6463 -43.3612 -19.4673 -41.7925 24.7504 -22.6731 -44.0548 36.1220 -46.8126 -25.5440 30.3927 -44.5829 33.7162 -42.3601 35.5719 -41.9295 35.2303 -41.4194 33.5068 -40.2894 28.5423 -39.1533 25.1886 -39.8228 30.2594 -42.1512 33.4253 -45.7180 -15.2257 -48.8325 -26.2586 -45.9342 -28.0372 -47.5118 -24.0065 -47.1504 6.2274 -42.2005 13.8701 -48.3798 -30.0449 6.9895 -38.1936 20.5309 -19.5008 -43.2449 16.9470 -34.1246 -47.2048 -19.5289 -45.2276 35.4034 -40.4246 23.0150 -37.8790 10.7430 -35.2977 -0.5253 -34.4400 26.4861 -44.4896 -22.9954 24.7923 -41.8183 -19.4815 -43.3468 -29.6489 -15.9695 -48.6321 -31.1337 23.5614 -43.4361 -26.0960 8.3729 -38.0983 -20.1362 -39.3756 -32.6237 21.6248 -48.7472 -29.5199 25.9099 -44.0639 -24.6422
-44.3474 26.6309 -29.6497 -48.7941 18.6063 -32.7286 -37.8168 -20.6101 -38.2614 8.8033 -26.2395 -43.7900 24.6381 -30.6887 -48.7599 -10.4852 -29.9356 -42.8863 -19.3453 -41.0064 21.0536 -24.3487 -44.1319 31.6711 -40.7418 -11.3703 -41.6657 -35.9921 18.4921 -37.7528 14.7951 -36.6069 11.4687 -35.6790 8.4186 -34.9324 3.7052 -34.6198 1.5167 -35.7340 9.4338 -38.4783 20.7971 -41.1280 34.2851 -43.5028 15.6027 -45.9985 -11.2627 -46.3847 -6.4559 -44.4732 5.2262 -43.2502 36.1762 -41.9011 0.9075 -48.7639 -29.0014 -18.7213 -30.7722 -48.9194 35.1814 -38.5552 -12.5478 -25.7000 -46.2866 35.9000 -39.7818 13.7764 -35.7539 -17.7103 -30.5174 -46.6608 -26.8244 -47.6273 -30.4440 28.1299 -44.6994 -24.3969 21.4742 -41.0819 -19.3672 -42.8878 -29.9351 -10.4911 -48.7599 -30.6900 24.6381 -43.7900 -26.2395 8.8033 -38.2614 -20.6101 -37.8168 -32.7286 18.6063 -48.7941 -29.6497 26.6309 -44.3474
27.2263 -29.5849 -48.8212 15.2724 -32.8171 -36.1360 -21.0402 -38.4463 9.3584 -26.3783 -44.1246 25.7638 -30.4127 -48.7272 -4.6215 -30.3492 -41.8929 -19.5199 -40.3237 17.6871 -25.6200 -44.3105 30.4056 -39.6520 33.6980 -43.9949 -22.4692 -40.6497 -30.9892 -30.3154 -30.5181 -41.3602 -28.6209 -46.3200 -27.1097 -48.0049 -26.5808 -47.9703 -28.2608 -41.9269 -32.3696 -4.9576 -36.4170 12.9120 -39.2019 23.1224 -40.4845 30.6056 -41.1169 32.6415 -41.3990 32.6556 -48.0535 -12.2015 -44.1402 34.4753 -41.5044 16.5103 -47.4581 -20.7574 -48.7434 7.6663 -40.6644 11.5445 -31.4171 -48.8495 15.9993 -40.7673 15.9281 -36.2858 -24.4440 -29.4971 -48.5957 -15.9869 -45.4482 -13.6641 -48.6400 -30.1134 27.3749 -44.3245 -25.2865 18.5140 -40.4912 -19.5557 -41.8943 -30.3496 -4.6593 -48.7273 -30.4141 25.7638 -44.1246 -26.3783 9.3584 -38.4463 -21.0402 -36.1360 -32.8171 15.2724 -48.8212 -29.5849 27.2263
-29.0891 -48.8234 11.7562 -32.8966 -34.3109 -21.4377 -38.6439 9.9684 -26.5100 -44.4274 26.8308 -30.2709 -48.6987 0.0678 -30.8386 -40.3514 -19.9435 -39.8844 15.4710 -26.2048 -44.5669 29.2621 -39.4118 14.9391 -44.4344 30.8624 -44.1602 -14.5742 -47.9567 -18.7304 -47.5339 -14.5808 -46.0006 -7.9768 -45.2279 -8.7302 -45.7224 -14.8828 -47.2802 -21.4143 -48.6201 -28.6399 -36.1323 -33.0716 -2.8169 -35.5472 7.5771 -36.3219 10.0329 -36.2737 16.9655 -39.1762 -26.7911 -48.1710 -12.3836 -42.5252 26.3641 -40.3103 34.1527 -42.8141 35.4708 -40.2608 15.4847 -33.6670 -46.5166 -16.0382 -42.9484 25.8816 -38.9018 11.6214 -34.4939 -44.1926 -20.9501 -44.1158 36.1401 -42.2454 -12.6972 -48.2693 -33.6000 28.2439 -44.4186 -26.6931 14.8291 -39.7798 -19.9683 -40.2957 -30.8483 0.0285 -48.6987 -30.2709 26.8308 -44.4274 -26.5100 9.9684 -38.6439 -21.4377 -34.3109 -32.8966 11.7562 -48.8234 -29.0891
-48.6957 8.1305 -32.9586 -32.3094 -21.8109 -38.8513 10.6021 -26.6354 -44.7038 27.7944 -30.2280 -48.7075 2.4201 -31.3647 -38.3046 -20.5063 -39.6680 14.1711 -26.4506 -44.5392 27.4761 -36.9137 31.0042 -47.9762 -25.0268 -47.1463 33.0001 -41.8140 35.2735 -41.7174 33.7742 -40.8847 32.1942 -41.3534 35.8288 -43.8144 -9.0624 -46.1496 1.0528 -44.8480 -9.7902 -47.9652 -22.1512 -48.6609 -27.0423 -45.8523 -28.8136 -43.3763 -28.9080 -44.4792 -27.7563 -49.3955 21.3036 -30.9991 -48.7605 35.0273 -39.3962 13.1956 -37.5521 15.1338 -37.2975 8.1067 -32.9752 -44.6786 -21.0223 -44.9597 34.7847 -41.0405 32.2776 -40.6718 16.1857 -32.6999 -48.8100 5.9666 -41.5053 35.7941 -45.4423 -26.3566 -10.3142 -38.1159 35.3745 -47.3913 -30.5714 13.5434 -39.3597 -20.4629 -38.1338 -31.3809 2.4196 -48.7075 -30.2280 27.7944 -44.7038 -26.6354 10.6021 -38.8513 -21.8109 -32.3094 -32.9586 8.1305 -48.6957
-4.2042 -32.8915 -30.1606 -22.1670 -39.0641 11.2502 -26.7569 -44.9587 28.6761 -30.2493 -48.7233 2.6288 -31.8886 -35.8143 -21.1008 -39.6002 13.0768 -27.5030 -44.8866 31.7978 -35.8422 -21.6277 -29.0726 -38.7820 4.9495 -25.8631 -45.0467 30.6123 -38.9817 15.1817 -37.9380 15.4414 -39.5255 31.1555 -43.9485 -17.1336 -48.6895 -25.0315 -46.3659 34.2594 -42.6544 33.8713 -44.3535 2.3913 -45.9802 -11.9689 -46.8230 -13.6644 -46.4285 -9.9369 -45.2760 19.8143 -37.5326 -28.8077 -19.3429 -42.4936 16.1897 -35.0018 -22.5614 -31.8818 -34.1419 -29.0256 -48.4605 -19.4327 -45.3448 36.1248 -41.8543 17.3493 -46.9601 -13.5434 -40.9385 6.8543 -26.7058 -45.5146 35.2318 -42.3520 -13.9640 -46.3149 -35.1199 24.1458 -43.7840 -22.1417 -38.8516 -35.8242 21.0199 -40.2604 -21.0137 -35.6144 -31.8975 2.6289 -48.7233 -30.2493 28.6761 -44.9587 -26.7569 11.2502 -39.0641 -22.1670 -30.1606 -32.8915 -4.2042
-34.2438 -27.8788 -22.5028 -39.2812 11.8998 -26.8758 -45.2001 29.4865 -30.3124 -48.7388 1.5058 -32.3426 -33.0092 -21.6651 -39.6281 12.5653 -30.2762 -48.1570 8.6402 -40.0799 9.3837 -31.7456 -49.2095 33.7212 -36.4304 -42.7854 -12.5312 -40.7308 14.5234 -36.8437 6.0818 -37.9838 22.1127 -42.3555 -13.3475 -47.2366 -32.7860 8.4201 -16.9858 -42.3227 25.2328 -39.8709 25.4049 -40.1738 30.3780 -40.8998 31.8484 -40.6691 29.6629 -39.5601 23.6088 -37.0252 -1.5554 -27.0202 -46.2950 30.0674 -36.3204 -35.7551 -26.6074 -48.7552 -20.2469 -47.3966 -7.5363 -44.1462 34.2032 -42.1520 3.7949 -48.8347 -28.7306 -36.1861 32.2866 -34.3423 -47.4830 -1.4109 -41.6170 32.3652 -48.2736 -30.6387 11.6658 -40.9464 -11.8592 -46.9701 -34.1579 18.0588 -41.0519 34.9114 -40.2602 -21.6201 -32.9316 -32.3442 1.5060 -48.7388 -30.3124 29.4865 -45.2001 -26.8758 11.8998 -39.2812 -22.5028 -27.8788 -34.2438
-28.3727 -22.8114 -39.5005 12.5498 -26.9937 -45.4315 30.2462 -30.4017 -48.7569 -0.2362 -32.7492 -30.0015 -22.1754 -39.7063 12.8683 -32.8315 -43.7876 -26.2905 -48.0278 35.2988 -37.8822 -28.1357 -22.3607 -42.7062 14.5109 -29.9631 -47.2720 34.6005 -38.6210 10.7806 -38.1929 19.9761 -40.9670 27.8147 -48.6516 -31.0239 17.3148 -44.0677 -30.1514 10.6794 -35.6855 3.3334 -35.4167 6.4706 -35.8327 8.3532 -35.6586 6.6008 -34.8406 -0.6101 -32.7165 -33.6747 -26.4031 -47.5100 35.6551 -38.4249 -9.2815 -26.6236 -47.1442 12.7789 -43.1399 35.6379 -42.9142 10.1135 -44.5022 8.6295 -47.7186 -29.0530 11.7761 -42.4169 -26.3252 -44.4023 -19.5876 -43.2044 34.6874 -44.3589 -24.0540 -15.7952 -38.2512 34.4038 -48.5874 -31.2146 14.1272 -41.2636 13.3391 -47.4673 30.8378 -39.6498 -22.1800 -30.0133 -32.7493 -0.2362 -48.7569 -30.4017 30.2462 -45.4315 -26.9937 12.5498 -39.5005 -22.8114 -28.3727
-21.4151 -39.7217 13.1960 -27.1125 -45.6564 30.9615 -30.5065 -48.7588 -2.1973 -33.1446 -26.8848 -22.6234 -39.8116 13.5395 -31.6115 -6.6250 -34.9417 -28.8242 -24.2465 -44.7663 22.3072 -32.6374 -48.8602 35.1457 -36.9956 -36.4140 -19.3699 -42.2271 25.4459 -39.8431 28.0036 -41.7859 35.1959 -45.2034 -22.7070 -23.1437 -38.0376 23.0912 -48.4535 -27.8449 -46.1085 -27.7386 -46.7792 -27.9791 -45.8233 -28.0400 -46.6674 -26.8465 -48.5653 -24.4367 -48.9117 -17.6929 -45.2096 35.3352 -38.8189 2.7580 -28.8414 -47.9561 30.5586 -40.4392 24.7555 -40.7066 33.0310 -49.0736 -19.4226 -47.2730 -23.9367 -30.5963 -37.2618 33.1265 -47.4628 -9.9202 -43.4497 31.8199 -41.4282 -7.1775 -47.7733 -34.6102 24.6748 -44.6337 -25.4616 -2.3841 -39.2152 20.0305 -48.9881 -24.9983 -28.4440 13.3595 -39.8416 -22.6215 -26.8832 -33.1446 -2.1973 -48.7588 -30.5065 30.9615 -45.6564 -27.1125 13.1960 -39.7217 -21.4151
-40.4178 13.8387 -27.2310 -45.8786 31.6377 -30.6224 -48.7383 -4.1327 -33.5073 -23.7513 -23.0168 -39.9500 14.0798 -28.0421 -48.6489 -40.6308 21.1739 -35.1329 -46.7516 -4.9459 -39.0680 -7.5110 -22.6117 -42.5026 15.6886 -32.1205 -48.6478 2.3800 -41.4475 35.9685 -44.4473 -7.4300 -46.8569 -16.7678 -48.6401 -30.4128 10.5511 -40.2962 8.9658 -45.9395 -9.3014 -45.8736 -10.1452 -46.2906 -14.0708 -46.1008 -9.1175 -44.9627 13.3357 -43.3748 35.1930 -40.9279 24.8836 -37.1619 -1.4541 -29.1363 -48.5549 23.6857 -39.9091 14.5641 -35.9395 6.1902 -32.2827 -28.2260 -45.2095 -24.7215 -47.6771 -33.7111 14.3413 -39.8524 31.4533 -40.6804 24.5021 -39.9375 35.6353 -47.3390 -29.3883 9.3815 -40.6045 -11.7269 -45.6699 -35.6747 31.6719 -46.9800 -28.3808 14.2499 -47.6291 -27.2579 14.2524 -39.9756 -23.0150 -23.7513 -33.5073 -4.1327 -48.7383 -30.6224 31.6377 -45.8786 -27.2310 13.8387 -40.4178
14.4169 -27.2851 -46.0945 32.2782 -30.7445 -48.6904 -5.9418 -33.8447 -20.6765 -23.3639 -40.1138 14.4890 -27.1724 -45.3449 12.6213 22.1530 -41.8785 8.7237 -27.9548 -45.6867 26.2904 -33.5395 -49.0256 32.3533 -38.4620 -2.4271 -29.0881 -48.0392 -4.6048 -45.7345 -20.5814 -47.9930 -27.3312 -47.8100 -26.9404 -47.4043 -32.4103 11.8626 -38.7858 27.8464 -40.4612 32.5017 -41.9789 32.9873 -44.3707 -5.8954 -41.6796 29.5633 -38.9112 18.4710 -36.7290 8.3802 -33.4436 -33.6149 -26.6946 -48.0778 24.5871 -39.7735 12.6081 -33.1023 -41.9150 -27.5366 -49.7102 26.3099 -32.9054 -46.7941 -30.3945 9.6159 -40.8066 29.0633 -39.9537 16.6657 -38.2155 21.6444 -42.9716 -21.1617 -29.5434 -37.5235 35.6591 -48.0173 -30.5859 14.0233 -42.1379 -19.8643 -33.2987 -36.9752 35.7248 -45.7915 -27.6168 14.5709 -40.1377 -23.3624 -20.6765 -33.8447 -5.9418 -48.6904 -30.7445 32.2782 -46.0945 -27.2851 14.4169
-26.0613 -46.3036 32.8660 -30.8691 -48.6110 -7.5851 -34.1641 -17.6911 -23.6729 -40.2913 14.9547 -27.2873 -46.0570 32.1285 -27.8385 -47.8721 32.0383 -35.5584 -46.2118 -7.7587 -39.2534 -4.7595 -24.1310 -43.9318 28.5002 -37.6596 -5.8681 -29.4488 -48.5190 -21.8139 -44.4668 -33.6324 0.3802 -34.2297 -20.8045 -28.5768 -47.7216 -30.9796 -3.8775 -35.9557 12.2128 -39.2925 30.9269 -44.1779 -19.4583 -48.9662 31.9998 -35.9250 0.2997 -31.8812 -39.8285 -27.4933 -49.0695 -19.4485 -45.6049 35.5272 -39.2771 10.8154 -31.8716 -47.9165 -20.1416 -46.0571 20.4543 -38.1093 -17.5981 -28.1713 -38.1126 -34.1614 -15.7110 -45.7955 33.5700 -38.8793 12.6653 -39.4578 20.4658 -49.0121 -33.3343 20.6255 -43.4004 -23.1144 -17.7981 -38.1649 30.0596 -49.0768 -33.0044 16.6993 -41.5643 10.8249 -47.4585 -29.4052 15.0409 -40.3022 -23.6724 -17.6911 -34.1641 -7.5851 -48.6110 -30.8691 32.8660 -46.3036 -26.0613
-46.3885 33.3790 -30.9949 -48.4959 -9.0533 -34.4671 -14.8318 -23.9533 -40.4830 15.4617 -27.4160 -46.2619 32.4249 -32.5413 -47.8206 -8.0230 -40.0645 7.1745 -28.0660 -45.5494 25.7197 -33.9153 -48.5851 -13.4973 -43.1166 29.8491 -38.2753 5.9346 -28.9054 -48.5461 -30.7684 21.3288 -39.5296 19.4539 -36.7290 -43.2773 -22.1521 -48.6739 -27.3533 -37.6507 -34.7846 14.6133 -41.3546 -9.6117 -44.4578 -34.8678 20.6951 -49.5345 -23.0953 -48.2875 -15.2084 -45.3688 25.1402 -41.5748 27.2067 -37.6558 4.0213 -30.5641 -48.7283 -13.9571 -43.1066 31.9051 -38.4609 4.0437 -28.7214 -48.1397 -18.5972 -47.6832 0.8798 -24.1808 -44.5291 23.7325 -38.4887 27.7608 -45.2763 -26.7407 2.9326 -39.4797 2.1258 -48.4016 -34.2064 23.6056 -44.3804 -25.4832 -1.9506 -39.6270 34.5070 -47.4182 -25.3760 -46.6458 -31.0011 15.5104 -40.4848 -23.9533 -14.8318 -34.4671 -9.0533 -48.4959 -30.9949 33.3790 -46.3885
31.4311 -30.8319 -48.3418 -10.3653 -34.7572 -12.1689 -24.2111 -40.6867 16.0099 -27.5496 -46.4990 32.9029 -35.0294 -35.2571 -25.3948 -45.7775 31.3008 -36.1128 -45.3882 -6.7812 -38.8330 -2.6753 -30.2508 -48.6878 -19.3704 -45.0835 35.3975 -38.8512 -34.9229 -24.1819 -47.4129 -43.7403 27.8872 -42.5215 22.9233 7.5496 -43.1774 8.4379 -47.3290 -25.9358 -28.9733 -37.1087 29.7719 -46.1350 -26.8803 7.4770 -40.6575 34.7199 -42.2953 34.4847 -40.2174 24.9370 -37.7294 12.2821 -34.2708 -25.7807 -27.7965 -48.5923 -2.2529 -41.1417 23.0543 -36.7922 -3.8700 -29.0416 -48.4089 13.1827 -42.4816 33.3423 -34.6493 -48.2904 10.2020 -39.8214 17.8671 -40.7162 -11.9423 -44.8271 -35.9960 31.8884 -46.5423 -28.4658 6.8878 -40.0111 -5.6495 -47.5684 -35.1051 27.1965 -45.5710 -26.4394 5.4372 -38.6806 -42.8801 -29.7657 16.0110 -40.6867 -24.2111 -12.1689 -34.7572 -10.3653 -48.3418 -30.8319 31.4311
-30.8286 -48.1452 -11.5350 -35.0386 -9.7093 -24.4473 -40.8986 16.5885 -27.6829 -46.7171 33.4892 -37.0117 6.1450 -33.4216 -47.3411 -13.1415 -41.6752 10.2786 -27.7125 -44.9029 22.6550 -36.2834 -2.2251 -32.9323 -38.9530 -24.6263 -46.4986 -10.9912 -2.6044 -43.7884 21.5377 -29.0120 -48.9742 -17.5765 -45.1250 -37.0705 24.6693 -40.9066 22.4514 -48.0197 -28.9966 2.5836 -39.4544 29.9923 -48.8809 -30.0530 4.2926 -35.6033 10.9192 -35.3368 3.7439 -33.2872 -26.0961 -29.1607 -48.4163 -21.5323 -46.3776 31.8810 -39.7241 16.6208 -34.4683 -33.4805 -26.6051 -47.9850 24.7407 -40.1293 19.9952 -36.8633 -25.0845 -22.7930 -43.8404 24.2118 -39.0840 34.1545 -47.3880 -30.0552 13.2639 -42.0038 -18.7022 -36.8620 -36.9853 34.1610 -47.0010 -29.1585 9.0388 -40.6076 -14.2530 -40.4222 -37.7117 33.4975 -23.2512 -46.0539 -27.6853 16.5884 -40.8986 -24.4473 -9.7093 -35.0386 -11.5350 -48.1452 -30.8286
-48.2257 -12.5936 -35.3092 -7.4485 -24.6657 -41.1159 17.1888 -27.8166 -46.9055 34.1080 -37.0531 30.8882 -39.7538 8.6741 -29.9846 -47.8656 34.1996 -35.5553 -47.7693 13.4295 -38.1258 12.2067 -38.7183 21.7152 -36.1617 -24.5241 -28.0825 -35.5515 -37.9581 22.1551 -37.6334 -21.3911 -21.6838 -46.4413 -25.6211 -6.8926 -36.6089 19.3166 -41.2304 -2.4880 -48.7642 -31.7215 11.7794 -40.1437 16.4716 -48.4338 -25.1168 -47.0605 -27.2005 -47.8052 -25.2936 -49.1058 -19.9076 -46.5542 7.4633 -42.1670 30.2353 -38.2098 8.5823 -32.0455 -46.3412 -22.0849 -46.0398 35.3149 -39.7175 14.8793 -36.2267 -21.1946 -27.9338 -47.1580 35.9529 -39.7018 20.0511 -42.0765 -19.3607 -30.6316 -37.6081 33.9124 -48.9017 -32.3447 17.8180 -42.8115 -21.1266 -30.4472 -37.3801 35.5825 -47.7164 -30.2014 18.2416 -46.2374 -27.5993 34.2291 -46.8884 -27.8156 17.1888 -41.1159 -24.6657 -7.4485 -35.3092 -12.5936 -48.2257
-14.4983 -35.5677 -5.4262 -24.8687 -41.3378 17.8055 -27.9508 -47.0986 34.5102 -33.3012 8.5928 -49.6647 22.6383 -38.1352 -27.8327 -18.1773 -40.8900 4.8608 -24.6092 -42.4904 17.8559 -37.7520 -8.1352 -45.3726 35.1285 -35.6328 -42.4841 -29.4770 -11.0778 -33.4865 -22.2582 -26.4041 -46.2247 16.9764 -47.4835 -27.4839 -27.1460 -36.1772 22.3445 -42.4125 -14.6198 -47.9064 -32.3936 12.2529 -39.3921 35.4516 -43.7483 5.5361 -44.5442 9.3654 -43.5931 33.8895 -41.4645 29.7289 -38.3657 15.3236 -35.0995 -14.7117 -28.9921 -48.9704 -14.3230 -43.3770 31.9439 -39.3013 17.2652 -37.8459 1.4946 -32.7925 -48.5778 -12.1691 -42.2710 22.9010 -39.5591 35.5128 -48.6315 -32.2085 19.5072 -43.7438 -24.3898 -5.4461 -38.9550 16.4098 -48.9233 -33.5733 21.9911 -43.6863 -21.7700 -35.9725 -35.8594 26.7376 -48.1113 -31.5357 34.5054 -47.0990 -27.9508 17.8055 -41.3378 -24.8687 -5.4262 -35.5677 -14.4983
-36.7738 -3.6301 -25.0543 -41.5637 18.4375 -28.0840 -47.2967 34.6956 -31.5848 -47.5303 -21.2126 -25.5914 -46.3280 21.3722 -30.0768 -46.6763 27.6459 -32.6007 -48.6776 34.4566 -36.1948 -21.0146 -17.5964 -27.6691 -47.9338 20.4444 -30.3778 -48.7380 -24.1585 -48.9233 -21.2039 -46.2913 35.8307 -41.3030 27.6051 -47.8084 -26.7089 -24.0621 -36.8330 25.9156 -43.2590 -16.1626 -48.3433 -31.0073 2.4077 -36.4645 17.9927 -37.7398 21.3851 -37.6525 17.8033 -36.6096 10.0005 -34.4825 -11.1934 -30.4320 -47.0538 -23.3683 -47.1401 19.3616 -40.7647 22.7031 -38.1812 16.7863 -40.6706 24.1892 -38.5943 -0.0891 -29.5717 -48.1928 30.8557 -40.6848 24.8126 -42.9847 -22.1974 -13.9943 -38.4339 12.6998 -48.5925 -34.6561 27.0719 -45.5907 -27.2874 6.0804 -40.2660 -3.7066 -48.4784 -32.9938 8.0166 -37.4596 -13.5346 -47.4201 -31.6210 34.6956 -47.2967 -28.0840 18.4375 -41.5637 -25.0543 -3.6301 -36.7738
-3.6708 -25.2310 -41.7914 19.0840 -28.2158 -47.4848 34.7291 -31.7014 -47.1467 -14.5465 -35.2746 -39.6588 0.2436 -35.0636 -45.5571 -0.1414 -36.7548 -33.4905 -16.0909 -39.1037 -2.8859 -25.4982 -37.9602 -15.7304 -26.9803 -34.2603 -40.8956 -18.6024 -45.1160 13.6710 -43.4882 36.1740 -40.9285 25.4837 -41.0071 27.9116 -47.6983 -27.1468 -17.6851 -36.9907 25.5879 -42.3791 -8.0290 -48.6906 -26.3512 -42.6198 -30.7132 -24.7831 -31.8174 -26.8214 -30.6019 -41.4241 -27.6518 -48.7931 -22.6851 -47.5466 -5.5735 -42.9807 33.1820 -38.7091 12.8580 -35.1903 5.1152 -37.8424 19.0646 -44.3266 30.2432 -38.0535 -18.0406 -24.9119 -45.6194 33.3475 -40.6886 31.9909 -48.9886 -33.2615 23.3603 -44.6800 -26.7381 5.8474 -40.4335 -12.7771 -43.5751 -36.3274 33.8289 -47.3029 -28.6498 -2.1790 -38.3869 20.2294 -36.7921 -14.3972 -47.0849 -31.7131 34.7295 -47.4848 -28.2158 19.0840 -41.7914 -25.2310 -3.6708
-23.4436 -42.0203 19.7399 -28.3477 -47.6627 34.5874 -31.8050 -46.7158 -15.4219 -36.1187 -0.5245 -23.1854 -39.0911 2.1797 -23.7603 -41.4017 12.0077 -28.0140 -44.7281 21.4159 -31.3229 -46.8521 25.0292 -35.9085 9.7511 -49.2796 -20.3820 -45.0073 36.1866 -41.8009 22.0837 -43.8442 35.7614 -40.9288 25.9201 -41.1062 28.5087 -47.7736 -26.9950 -23.3790 -35.8492 19.8859 -40.4178 34.0325 -44.9086 -12.4220 -47.4852 -19.0323 -48.1181 -18.5812 -47.2290 -12.6383 -45.1408 19.1912 -42.4245 33.4469 -39.1157 18.1727 -35.8916 -4.4407 -30.7003 -46.7937 -26.7227 -47.9734 -48.4105 -16.4936 -43.6371 22.6891 -35.0155 -46.2925 -14.3269 -42.6967 31.7277 -43.4926 -23.1771 -7.4522 -38.8004 -2.1894 -46.9452 -35.5727 32.4357 -47.2151 -29.8816 13.3112 -42.2449 -18.6864 -38.2031 -36.6986 24.8051 -42.5294 32.7185 -36.2243 -15.3760 -46.6990 -31.8086 34.5889 -47.6627 -28.3477 19.7399 -42.0203 -23.4436
-42.4887 20.4040 -28.4777 -47.8325 34.2532 -31.9028 -46.2272 -16.0180 -36.1445 -1.7622 -25.5957 -41.6546 16.0910 -29.9290 -46.6241 31.1643 -34.6586 -48.8331 22.4162 -36.5180 -40.5347 -10.3277 -38.4232 9.7558 -39.0364 16.6320 -44.5875 34.4691 -41.3014 15.4984 -49.1332 -21.1581 -47.0321 30.2210 -41.5058 27.9464 -41.1568 31.7100 -47.2138 -24.8748 -40.4348 -33.1997 9.2997 -37.6878 23.3428 -39.8996 31.7247 -41.0281 33.5404 -40.8765 30.8006 -39.5297 23.8324 -37.5376 14.3633 -35.4166 -1.4790 -31.4654 -44.5426 -25.1278 -48.0705 -10.6318 -44.8648 24.0288 -32.0299 -48.2779 3.7143 -40.3001 8.7205 -30.1792 -48.2521 29.3056 -41.7818 25.4202 -48.9571 -33.4426 24.5517 -45.0193 -27.6006 8.9718 -41.2583 -17.3948 -36.3120 -37.2060 35.5448 -48.5773 -31.4588 15.9128 -43.0879 -19.9083 -47.3200 13.0352 -36.2619 -16.1152 -46.2372 -31.9088 34.2544 -47.8325 -28.4777 20.4040 -42.4887
21.1973 -28.4768 -47.9904 33.6966 -32.0013 -45.7059 -16.2767 -36.9691 5.3928 -29.2051 -44.8995 29.4270 -34.9945 -47.4700 -5.4552 -39.2876 -1.7882 -23.9068 -42.4905 12.8113 -27.8234 -44.2712 21.3546 -36.8184 12.4164 -40.2059 24.6796 -39.6613 30.0325 -47.0150 -31.1465 -28.0493 -26.5529 -47.8345 20.5342 -41.8394 29.4349 -41.0305 35.9471 -45.3561 -19.0386 -48.8212 -28.7354 -29.5713 -33.1715 1.0451 -34.8264 6.7083 -35.1192 5.8813 -34.4646 -2.1661 -32.8010 -27.5712 -29.6236 -46.8154 -24.7472 -48.4350 -12.2508 -44.0547 35.6434 -40.2036 24.5241 -37.3410 -14.2653 -24.4121 -45.0129 31.6312 -37.4839 -27.9504 -23.2123 -45.0583 36.0178 -43.9327 -23.2820 -9.0606 -38.6982 -3.4116 -46.4812 -35.7468 33.9213 -47.7937 -30.8019 15.4505 -42.7686 -21.0079 -26.2971 -37.6187 26.7009 -48.5956 -33.3289 -25.8158 0.3752 -36.5042 -16.7207 -45.6861 -32.0121 33.6966 -47.9904 -28.4768 21.1973
