-46.5161 31.2222 -31.0528 -47.9307 -15.2010 -37.0414 -1.5952 -23.6378 -42.7508 22.0548 -27.8219 -48.1673 16.3046 -32.7425 -41.4993 -19.3162 -38.9305 9.0173 -24.9802 -44.8687 28.7803 -29.5089 -48.7561 -7.9449 -34.9143 -22.0022 -21.9897 -40.9160 16.0701 -26.4361 -46.8512 30.8613 -31.2541 -47.5594 -15.8354 -37.2949 0.2266 -23.8181 -43.0135 22.9159 -28.0256 -48.2911 12.4991 -32.9393 -39.9685 -19.7030 -39.1692 9.9604 -25.1459 -44.6395 24.6222 -44.6395 -25.1459 9.9604 -39.1692 -19.7030 -39.9685 -32.9393 12.4991 -48.2911 -28.0256 22.9159 -43.0135 -23.8181 0.2266 -37.2949 -15.8354 -47.5594 -31.2541 30.8613 -46.8512 -26.4361 16.0701 -40.9160 -21.9897 -22.0022 -34.9143 -7.9449 -48.7561 -29.5089 28.7803 -44.8687 -24.9802 9.0173 -38.9305 -19.3162 -41.4993 -32.7425 16.3046 -48.1673 -27.8219 22.0548 -42.7508 -23.6378 -1.5952 -37.0414 -15.2010 -47.9307 -31.0528 31.2222 -46.5161
31.2222 -30.7504 -47.7632 -13.8580 -35.8905 -1.6082 -25.4238 -42.3101 21.2514 -28.6304 -48.3049 30.0141 -32.0214 -41.1737 -19.9765 -38.0505 8.6413 -26.4638 -44.6364 28.4551 -29.8916 -48.7542 0.2874 -33.4208 -21.5203 -23.5462 -40.2765 15.4263 -27.5727 -46.8151 34.3738 -31.1152 -47.4432 -14.7837 -36.1752 0.1418 -25.5867 -42.5989 22.1105 -28.7849 -48.4552 27.7097 -32.1226 -39.6068 -20.5154 -38.3199 9.5549 -26.5954 -44.9481 28.7055 -33.6099 28.7055 -44.9481 -26.5954 9.5549 -38.3199 -20.5154 -39.6068 -32.1226 27.7097 -48.4552 -28.7849 22.1105 -42.5989 -25.5867 0.1418 -36.1752 -14.7837 -47.4432 -31.1152 34.3738 -46.8151 -27.5727 15.4263 -40.2765 -23.5462 -21.5203 -33.4208 0.2874 -48.7542 -29.8916 28.4551 -44.6364 -26.4638 8.6413 -38.0505 -19.9765 -41.1737 -32.0214 30.0141 -48.3049 -28.6304 21.2514 -42.3101 -25.4238 -1.6082 -35.8905 -13.8580 -47.7632 -30.7504 31.2222
-31.0528 -47.7632 -13.5070 -35.7357 -2.8788 -25.2795 -42.0935 20.5976 -28.6393 -48.1725 31.5179 -32.3499 -42.2680 -19.5314 -37.8378 7.8868 -26.3765 -44.4106 27.7368 -29.9765 -48.7831 3.2839 -33.1679 -24.1214 -23.2719 -40.0526 14.7888 -27.5312 -46.6156 34.0605 -31.3091 -47.7639 -13.9594 -35.9410 -1.2396 -25.4447 -42.3694 21.4286 -28.8020 -48.3388 29.6491 -32.4746 -40.8663 -20.0986 -38.1057 8.8325 -26.5121 -44.6938 28.7284 -30.8888 -45.2818 -30.8888 28.7284 -44.6938 -26.5121 8.8325 -38.1057 -20.0986 -40.8663 -32.4746 29.6491 -48.3388 -28.8020 21.4286 -42.3694 -25.4447 -1.2396 -35.9410 -13.9594 -47.7639 -31.3091 34.0605 -46.6156 -27.5312 14.7888 -40.0526 -23.2719 -24.1214 -33.1679 3.2839 -48.7831 -29.9765 27.7368 -44.4106 -26.3765 7.8868 -37.8378 -19.5314 -42.2680 -32.3499 31.5179 -48.1725 -28.6393 20.5976 -42.0935 -25.2795 -2.8788 -35.7357 -13.5070 -47.7632 -31.0528
-47.9307 -13.8580 -35.7357 -3.4202 -25.1884 -41.9201 20.0267 -28.5184 -48.0301 32.6551 -32.2515 -43.2405 -19.0553 -37.6234 7.0891 -26.2709 -44.1842 27.0149 -29.8401 -48.8194 6.5980 -33.0500 -26.6119 -22.9775 -39.8263 14.1405 -27.4126 -46.4119 33.6408 -31.1848 -48.0310 -13.0613 -35.6929 -2.7939 -25.3016 -42.1406 20.7557 -28.6698 -48.2072 31.1967 -32.3825 -41.9909 -19.6526 -37.8897 8.0740 -26.4047 -44.4707 27.9229 -29.9677 -48.7536 -17.5071 -48.7536 -29.9677 27.9229 -44.4707 -26.4047 8.0740 -37.8897 -19.6526 -41.9909 -32.3825 31.1967 -48.2072 -28.6698 20.7557 -42.1406 -25.3016 -2.7939 -35.6929 -13.0613 -48.0310 -31.1848 33.6408 -46.4119 -27.4126 14.1405 -39.8263 -22.9775 -26.6119 -33.0500 6.5980 -48.8194 -29.8401 27.0149 -44.1842 -26.2709 7.0891 -37.6234 -19.0553 -43.2405 -32.2515 32.6551 -48.0301 -28.5184 20.0267 -41.9201 -25.1884 -3.4202 -35.7357 -13.8580 -47.9307
-15.2010 -35.8905 -2.8788 -25.1884 -41.8493 19.6652 -28.4299 -47.9001 33.4592 -32.1605 -44.0793 -18.5612 -37.4079 6.2402 -26.1674 -43.9582 26.2975 -29.6995 -48.8270 10.1974 -33.0146 -28.9534 -22.6700 -39.5983 13.4811 -27.2953 -46.2051 33.1500 -31.0575 -48.2492 -12.0719 -35.4322 -4.5502 -25.1401 -41.9135 20.0935 -28.5353 -48.0614 32.4362 -32.2888 -42.9889 -19.1852 -37.6711 7.2700 -26.3003 -44.2457 27.2125 -29.8672 -48.8763 10.1030 -35.3187 10.1030 -48.8763 -29.8685 27.2112 -44.2454 -26.2994 7.2730 -37.6718 -19.1853 -42.9888 -32.2885 32.4362 -48.0614 -28.5353 20.0935 -41.9135 -25.1401 -4.5502 -35.4322 -12.0719 -48.2492 -31.0575 33.1500 -46.2051 -27.2953 13.4811 -39.5983 -22.6700 -28.9534 -33.0146 10.1974 -48.8270 -29.6995 26.2975 -43.9582 -26.1674 6.2402 -37.4079 -18.5612 -44.0793 -32.1605 33.4592 -47.9001 -28.4299 19.6652 -41.8493 -25.1884 -2.8788 -35.8905 -15.2010
-37.0414 -1.6082 -25.2795 -41.9201 19.6652 -28.3979 -47.8212 33.9100 -32.0881 -44.7362 -18.0782 -37.2019 5.3578 -26.0668 -43.7351 25.5936 -29.5580 -48.8104 13.8721 -32.9742 -31.1123 -22.3521 -39.3717 12.8180 -27.1783 -45.9947 32.5992 -30.9313 -48.4228 -10.9764 -35.1611 -6.5093 -24.9619 -41.6902 19.4477 -28.4008 -47.9054 33.3752 -32.1950 -43.8669 -18.7052 -37.4573 6.4644 -26.1932 -44.0394 26.5392 -29.7081 -48.8267 9.0024 -33.4948 1.5331 -33.4930 8.9479 -48.8219 -29.7236 26.5028 -44.0231 -26.1969 6.4326 -37.4551 -18.6997 -43.8633 -32.1944 33.3752 -47.9054 -28.4008 19.4477 -41.6902 -24.9619 -6.5093 -35.1611 -10.9764 -48.4228 -30.9313 32.5992 -45.9947 -27.1783 12.8180 -39.3717 -22.3521 -31.1123 -32.9742 13.8721 -48.8104 -29.5580 25.5936 -43.7351 -26.0668 5.3578 -37.2019 -18.0782 -44.7362 -32.0881 33.9100 -47.8212 -28.3979 19.6652 -41.9201 -25.2795 -1.6082 -37.0414
-1.5952 -25.4238 -42.0935 20.0267 -28.4299 -47.8212 34.0500 -32.0469 -45.1609 -17.6698 -37.0203 4.4865 -25.9731 -43.5179 24.9053 -29.4133 -48.7700 17.4892 -32.9308 -33.0896 -22.0235 -39.1470 12.1499 -27.0595 -45.7773 31.9893 -30.8118 -48.5543 -9.7732 -34.8757 -8.7215 -24.7655 -41.4718 18.8204 -28.2630 -47.7370 34.0557 -32.1045 -44.6323 -18.2144 -37.1975 4.9604 -28.4581 -42.6019 25.1974 -29.7965 -48.6785 13.7888 -33.0024 -32.7831 -28.3095 -32.8236 -32.9599 13.2306 -48.8178 -29.5784 25.8117 -43.8072 -26.0907 5.5311 -37.2349 -18.1972 -44.6246 -32.1058 34.0557 -47.7370 -28.2630 18.8204 -41.4718 -24.7655 -8.7215 -34.8757 -9.7732 -48.5543 -30.8118 31.9893 -45.7773 -27.0595 12.1499 -39.1470 -22.0235 -33.0896 -32.9308 17.4892 -48.7700 -29.4133 24.9053 -43.5179 -25.9731 4.4865 -37.0203 -17.6698 -45.1609 -32.0469 34.0500 -47.8212 -28.4299 20.0267 -42.0935 -25.4238 -1.5952
-23.6378 -42.3101 20.5976 -28.5184 -47.9001 33.9100 -32.0469 -45.3106 -17.4323 -36.8916 3.7428 -25.8949 -43.3246 24.2736 -29.2729 -48.7067 20.8973 -32.8831 -34.9051 -21.6819 -38.9275 11.4847 -26.9377 -45.5490 31.3174 -30.7039 -48.6482 -8.4669 -34.5713 -11.2320 -24.5492 -41.2632 18.2241 -28.1183 -47.5536 34.5032 -32.0287 -45.2788 -17.6958 -36.9322 4.0405 -32.7843 -46.4979 -23.0925 -26.2599 -49.4722 7.3642 -32.7225 -31.5675 -21.9548 -41.2115 -21.9048 -32.2042 -32.9520 16.8213 -48.6745 -29.5895 24.5891 -43.3992 -25.9823 4.5461 -37.0083 -17.6870 -45.2720 -32.0300 34.5032 -47.5527 -28.1192 18.2241 -41.2632 -24.5492 -11.2320 -34.5713 -8.4669 -48.6482 -30.7039 31.3174 -45.5490 -26.9377 11.4847 -38.9275 -21.6819 -34.9051 -32.8831 20.8973 -48.7067 -29.2729 24.2736 -43.3246 -25.8949 3.7428 -36.8916 -17.4323 -45.3106 -32.0469 33.9100 -47.9001 -28.5184 20.5976 -42.3101 -23.6378
-42.7508 21.2514 -28.6393 -48.0301 33.4592 -32.0881 -45.1609 -17.4323 -36.8458 3.3017 -25.8421 -43.1779 23.7614 -29.1454 -48.6314 23.8169 -32.8334 -36.5408 -21.3265 -38.7143 10.8253 -26.8120 -45.3100 30.5882 -30.6134 -48.7091 -7.0876 -34.2414 -14.0748 -24.3092 -41.0674 17.6669 -27.9647 -47.3528 34.7306 -31.9769 -45.8143 -17.1700 -36.7416 2.9518 -33.2740 -5.2661 -37.3008 18.3595 -42.0682 31.5648 -33.0335 -35.5972 -21.7715 -38.6540 20.4090 -38.6245 -22.5326 -35.6208 -32.2868 11.7594 -49.1883 -29.3658 29.6244 -43.0353 -25.8648 3.4547 -36.7730 -17.1762 -45.8148 -31.9387 34.7160 -47.3643 -27.9691 17.6669 -41.0674 -24.3092 -14.0748 -34.2414 -7.0876 -48.7091 -30.6134 30.5882 -45.3100 -26.8120 10.8253 -38.7143 -21.3265 -36.5408 -32.8334 23.8169 -48.6314 -29.1454 23.7614 -43.1779 -25.8421 3.3017 -36.8458 -17.4323 -45.1609 -32.0881 33.4592 -48.0301 -28.6393 21.2514 -42.7508
22.0548 -28.6304 -48.1725 32.6551 -32.1605 -44.7362 -17.6698 -36.8916 3.3017 -25.8231 -43.0983 23.4182 -29.0440 -48.5547 26.1248 -32.7882 -37.9669 -20.9656 -38.5059 10.1667 -26.6813 -45.0520 29.7817 -30.5566 -48.7427 -5.7256 -33.8723 -17.3183 -24.0379 -40.8950 17.1771 -27.7939 -47.1261 34.7412 -31.9680 -46.2389 -16.6999 -36.5354 1.2946 -29.2726 -46.2720 -33.2433 2.5298 -36.7514 9.4387 -31.9486 -45.5581 -19.4715 -38.3844 9.4404 -32.0010 22.6890 -46.6051 -23.6205 -41.8773 -31.7834 12.4235 -27.8807 -42.1388 30.9934 -42.9430 -25.7610 2.1577 -36.5292 -16.4479 -46.4986 -33.3948 34.7469 -47.1642 -27.8027 17.1771 -40.8950 -24.0379 -17.3183 -33.8723 -5.7256 -48.7427 -30.5566 29.7817 -45.0520 -26.6813 10.1667 -38.5059 -20.9656 -37.9669 -32.7882 26.1248 -48.5547 -29.0440 23.4182 -43.0983 -25.8231 3.3017 -36.8916 -17.6698 -44.7362 -32.1605 32.6551 -48.1725 -28.6304 22.0548
-27.8219 -48.3049 31.5179 -32.2515 -44.0793 -18.0782 -37.0203 3.7428 -25.8421 -43.0983 23.2968 -28.9875 -48.4934 27.7035 -32.7499 -39.1056 -20.6235 -38.3147 9.5338 -26.5508 -44.7786 28.8910 -30.5486 -48.7563 -4.6086 -33.4491 -20.9996 -23.7261 -40.7753 16.8364 -27.5957 -46.8625 34.5133 -32.0411 -46.5088 -16.3546 -36.2256 0.4366 -26.3961 -46.9523 -21.3266 -46.9989 -29.2030 -42.4540 -26.6614 -48.9067 -8.1213 -37.1982 7.2953 -26.9105 -47.2561 16.6481 -29.3152 -48.5172 -19.5870 -49.0921 -25.0284 -49.5701 31.8150 -40.8201 27.8132 -42.7951 -25.7064 2.0116 -35.5224 -22.0818 9.1922 -35.6259 34.4456 -46.9109 -27.6051 16.8364 -40.7753 -23.7261 -20.9996 -33.4491 -4.6086 -48.7563 -30.5486 28.8910 -44.7786 -26.5508 9.5338 -38.3147 -20.6235 -39.1056 -32.7499 27.7035 -48.4934 -28.9875 23.2968 -43.0983 -25.8421 3.7428 -37.0203 -18.0782 -44.0793 -32.2515 31.5179 -48.3049 -27.8219
-48.1673 30.0141 -32.3499 -43.2405 -18.5612 -37.2019 4.4865 -25.8949 -43.1779 23.4182 -28.9875 -48.4701 28.4808 -32.7205 -39.8950 -20.3359 -38.1492 8.9493 -26.4291 -44.5088 27.9765 -30.5858 -48.7597 -4.0166 -32.9775 -24.9866 -23.3649 -40.7449 16.7585 -27.3616 -46.5495 34.0065 -32.2460 -46.5621 -16.0234 -35.9414 -1.5680 -25.5791 -43.5086 34.8398 -44.8979 -10.2177 -47.1267 -11.2277 -44.2778 34.9412 -35.7157 -1.6030 -26.3032 -44.5587 31.7011 -34.3318 -43.0529 -18.6140 -43.8338 29.9511 -43.7951 31.8135 -41.3042 19.5987 -38.5705 22.9560 -42.1641 -22.5549 -45.2168 -21.0421 -47.4620 17.3944 -35.6209 33.9432 -46.5830 -27.3675 16.7585 -40.7449 -23.3649 -24.9864 -32.9775 -4.0166 -48.7597 -30.5858 27.9765 -44.5088 -26.4291 8.9493 -38.1492 -20.3359 -39.8950 -32.7205 28.4808 -48.4701 -28.9875 23.4182 -43.1779 -25.8949 4.4865 -37.2019 -18.5612 -43.2405 -32.3499 30.0141 -48.1673
16.3046 -32.0214 -42.2680 -19.0553 -37.4079 5.3578 -25.9731 -43.3246 23.7614 -29.0440 -48.4934 28.4808 -32.7082 -40.3274 -20.1408 -38.0232 8.4541 -26.3255 -44.2587 27.1142 -30.6527 -48.7601 -4.0330 -32.4923 -28.8364 -22.9724 -40.8413 17.0655 -27.0996 -46.1959 33.2342 -32.6588 -46.3077 -15.8284 -36.0459 7.8008 -25.9166 -42.6567 26.1135 -39.3045 26.2997 -40.6186 29.9909 -38.8025 18.0960 -33.2196 -35.0053 -24.0450 -43.4271 25.7776 -32.1845 -43.6678 -22.6038 -46.0957 34.1114 -39.0191 19.1360 -37.9402 13.1747 -36.8668 0.1247 -34.4566 16.4356 -39.6890 14.8924 -45.3087 35.6106 -37.9529 -8.9445 -34.0029 33.2622 -46.2063 -27.1004 17.0690 -40.8423 -22.9726 -28.8362 -32.4923 -4.0330 -48.7601 -30.6527 27.1142 -44.2587 -26.3255 8.4541 -38.0232 -20.1408 -40.3274 -32.7082 28.4808 -48.4934 -29.0440 23.7614 -43.3246 -25.9731 5.3578 -37.4079 -19.0553 -42.2680 -32.0214 16.3046
-32.7425 -41.1737 -19.5314 -37.6234 6.2402 -26.0668 -43.5179 24.2736 -29.1454 -48.5547 27.7035 -32.7205 -40.3274 -20.0708 -37.9553 8.1194 -26.2518 -44.0573 26.3678 -30.7328 -48.7600 -4.5443 -32.0449 -32.0516 -22.6022 -41.0888 17.2123 -26.9557 -45.8553 32.4340 -33.3575 -45.3014 -16.4915 -36.8950 33.4463 -42.7318 -34.4534 10.7480 -33.9710 -2.7920 -34.8421 4.2268 -33.8245 -14.3875 -28.8428 -49.1924 -16.3748 -40.6638 19.9590 -30.1982 -48.6312 -18.5191 -45.4186 35.1518 -39.3717 6.7763 -33.3030 -23.9878 -31.5262 -37.0460 -29.1265 -47.6043 -29.5648 1.3051 -35.0285 18.0127 -37.2632 -2.0097 -30.6751 -43.8454 -32.8123 32.4685 -45.8739 -26.8281 17.9105 -41.1012 -22.6031 -32.0516 -32.0449 -4.5443 -48.7600 -30.7328 26.3678 -44.0573 -26.2518 8.1194 -37.9553 -20.0708 -40.3274 -32.7205 27.7035 -48.5547 -29.1454 24.2736 -43.5179 -26.0668 6.2402 -37.6234 -19.5314 -41.1737 -32.7425
-41.4993 -19.9765 -37.8378 7.0891 -26.1674 -43.7351 24.9053 -29.2729 -48.6314 26.1248 -32.7499 -39.8950 -20.1408 -37.9553 7.9994 -26.2148 -43.9294 25.8268 -30.8090 -48.7592 -5.3501 -31.6934 -34.3598 -22.3373 -41.5087 17.5982 -31.4649 -44.9252 33.4462 -33.0868 -42.6532 -18.4356 -37.2670 23.5058 -43.8157 -22.7292 -46.5694 -26.0573 -49.0784 -25.0872 -48.8757 -24.7068 -49.1790 -19.5055 -45.4419 32.1100 -37.4983 10.3281 -28.4258 -48.3745 -1.4006 -42.2143 29.7823 -38.8190 4.9687 -30.5729 -48.6561 -22.1925 -48.4149 -18.4942 -47.3054 -9.6166 -46.0521 -22.6765 -47.7856 -28.4280 -41.6144 -26.6958 -48.6250 -20.9614 -46.0416 -34.0841 31.9503 -45.6376 -26.6500 19.3217 -41.5492 -22.3395 -34.3598 -31.6934 -5.3501 -48.7592 -30.8090 25.8268 -43.9294 -26.2148 7.9994 -37.9553 -20.1408 -39.8950 -32.7499 26.1248 -48.6314 -29.2729 24.9053 -43.7351 -26.1674 7.0891 -37.8378 -19.9765 -41.4993
-19.3162 -38.0505 7.8868 -26.2709 -43.9582 25.5936 -29.4133 -48.7067 23.8169 -32.7882 -39.1056 -20.3359 -38.0232 8.1194 -26.2148 -43.8853 25.5574 -30.8600 -48.7577 -6.1374 -31.4695 -35.6873 -22.2615 -42.0760 19.0706 -33.3110 -3.4773 -45.9001 -22.0452 -49.3944 -14.0357 -35.8426 12.0913 -39.0705 28.7597 -43.8682 10.1637 -43.5866 26.0508 -43.6566 25.2319 -43.0090 35.1765 -39.7489 21.5580 -34.0732 -17.8307 -26.0755 -46.2896 34.7901 -38.8565 17.7052 -36.2305 -6.8783 -29.1983 -48.7317 -5.6223 -42.4175 35.5512 -41.5797 32.7665 -40.0973 29.5632 -40.6440 20.7937 -44.9607 -8.0428 -45.1194 31.9311 -40.5829 -19.2558 -33.6973 -34.7352 33.6300 -45.7853 -27.1476 20.7154 -42.1164 -22.2633 -35.6873 -31.4695 -6.1374 -48.7577 -30.8600 25.5574 -43.8853 -26.2148 8.1194 -38.0232 -20.3359 -39.1056 -32.7882 23.8169 -48.7067 -29.4133 25.5936 -43.9582 -26.2709 7.8868 -38.0505 -19.3162
-38.9305 8.6413 -26.3765 -44.1842 26.2975 -29.5580 -48.7700 20.8973 -32.8334 -37.9669 -20.6235 -38.1492 8.4541 -26.2518 -43.9294 25.5574 -30.8765 -48.7564 -6.6398 -31.3613 -36.2086 -22.4060 -42.7929 21.3788 -31.2712 -41.1958 -35.3482 31.5733 -42.6756 33.2379 -34.8572 -2.0821 -34.4864 2.5664 -37.0486 17.5990 -37.2435 18.0664 -37.1174 17.1032 -36.4999 13.1449 -34.5058 -3.6064 -29.6722 -48.7566 -19.6574 -42.5932 28.1333 -35.6027 0.5896 -32.0024 -43.0046 -25.2349 -47.7335 23.2382 -39.6007 18.9218 -36.3218 9.7039 -35.2901 4.1831 -34.4094 7.3879 -35.3913 19.6820 -37.8680 21.9344 -37.9169 15.5756 -35.7734 -18.5138 -47.9242 -21.8255 13.4855 -47.6461 -28.6984 21.9656 -42.8004 -22.4052 -36.2086 -31.3613 -6.6398 -48.7564 -30.8765 25.5574 -43.9294 -26.2518 8.4541 -38.1492 -20.6235 -37.9669 -32.8334 20.8973 -48.7700 -29.5580 26.2975 -44.1842 -26.3765 8.6413 -38.9305
9.0173 -26.4638 -44.4106 27.0149 -29.6995 -48.8104 17.4892 -32.8831 -36.5408 -20.9656 -38.3147 8.9493 -26.3255 -44.0573 25.8268 -30.8600 -48.7564 -6.8029 -31.3272 -36.2837 -22.6828 -43.7122 25.1162 -29.8420 -48.5089 -27.9036 -27.8386 -34.7445 7.3949 -32.1254 -40.2637 -27.6326 -47.4826 -29.1814 -37.6300 -30.9322 -31.7546 -30.5781 -36.8068 -29.7140 -42.5843 -27.1653 -49.1333 -21.3898 -46.0411 25.0396 -38.4879 15.1125 -31.5496 -44.4021 -26.1080 -48.5571 -20.0344 -44.4137 35.2395 -38.5041 9.2162 -32.1340 -41.9567 -27.7488 -47.9663 -25.7792 -49.0026 -26.0491 -46.1270 -29.4696 -28.8760 -31.3401 -30.7067 -30.8005 -29.5223 -26.0333 -47.2062 -0.4149 -46.6720 -17.2487 -48.7664 -29.5573 25.0677 -43.7074 -22.6805 -36.2825 -31.3272 -6.8029 -48.7564 -30.8600 25.8268 -44.0573 -26.3255 8.9493 -38.3147 -20.9656 -36.5408 -32.8831 17.4892 -48.8104 -29.6995 27.0149 -44.4106 -26.4638 9.0173
-24.9802 -44.6364 27.7368 -29.8401 -48.8270 13.8721 -32.9308 -34.9051 -21.3265 -38.5059 9.5338 -26.4291 -44.2587 26.3678 -30.8090 -48.7577 -6.6398 -31.3272 -36.2572 -22.8823 -44.4064 30.0785 -28.1279 -48.7409 -20.7436 -48.6237 -24.8037 -47.8069 -25.2314 -48.8873 -16.0365 -45.4296 -10.4089 -47.3344 -17.3658 -47.7188 -17.2300 -46.9560 -14.5454 -46.0035 -6.8302 -43.9272 32.2051 -40.2335 23.7504 -34.6291 -6.2535 -27.8464 -48.4839 -15.7778 -46.2223 -20.8956 -49.0637 24.3833 -35.5846 -0.3976 -28.9430 -48.9699 -15.8303 -44.9114 7.9609 -43.7123 24.4121 -43.0947 2.6003 -45.4123 -15.5070 -47.3161 -16.8853 -46.9207 -17.3181 -47.8060 -2.5701 -45.6059 -6.7787 -47.6222 -19.8168 -48.7614 -28.4751 29.7536 -44.4023 -22.8792 -36.2548 -31.3272 -6.6398 -48.7577 -30.8090 26.3678 -44.2587 -26.4291 9.5338 -38.5059 -21.3265 -34.9051 -32.9308 13.8721 -48.8270 -29.8401 27.7368 -44.6364 -24.9802
-44.8687 28.4551 -29.9765 -48.8194 10.1974 -32.9742 -33.0896 -21.6819 -38.7143 10.1667 -26.5508 -44.5088 27.1142 -30.7328 -48.7592 -6.1374 -31.3613 -36.2837 -22.8823 -44.5644 31.6453 -27.0046 -48.3287 -15.6241 -46.8649 -6.4844 -45.9199 -2.7179 -44.2038 34.9303 -40.4076 29.7567 -40.8536 33.0894 -41.2070 32.7034 -40.4163 30.1030 -39.9184 28.2826 -39.2169 21.5969 -36.2438 2.2066 -30.4382 -47.5678 -21.7152 -44.6060 31.7835 -43.6147 -16.3214 -44.5205 -34.5575 29.8020 -49.5510 -20.4579 -46.1333 31.3052 -39.9973 25.0327 -38.0303 19.4632 -37.4212 17.8490 -36.9647 23.1805 -39.0496 29.0924 -40.0510 30.1514 -40.4498 34.5599 -42.5336 35.4773 -44.9466 -11.7329 -47.7197 -19.9881 -48.6578 -27.9223 31.2174 -44.5595 -22.8792 -36.2825 -31.3613 -6.1374 -48.7592 -30.7328 27.1142 -44.5088 -26.5508 10.1667 -38.7143 -21.6819 -33.0896 -32.9742 10.1974 -48.8194 -29.9765 28.4551 -44.8687
28.7803 -29.8916 -48.7831 6.5980 -33.0146 -31.1123 -22.0235 -38.9275 10.8253 -26.6813 -44.7786 27.9765 -30.6527 -48.7600 -5.3501 -31.4695 -36.2086 -22.6828 -44.4058 31.6570 -27.2155 -48.5398 -14.3431 -46.1619 22.6753 -43.5470 34.6945 -40.4133 22.5555 -37.0329 9.1892 -35.7095 8.2155 -35.8131 8.3304 -35.5930 7.1347 -36.8771 12.7293 -39.1565 25.2839 -38.0879 -21.8857 -26.3780 -47.3685 6.3074 -39.8197 26.0025 -40.2840 35.8646 -47.3498 -27.3133 -0.5432 -38.9989 32.6807 -40.6637 25.1154 -36.5521 6.6554 -33.6446 -16.0735 -31.9774 -30.1901 -31.1148 -30.0908 -32.2291 -6.1152 -35.1733 7.3551 -36.8045 8.8765 -37.2553 19.3893 -40.8435 30.6534 -48.4833 -23.2408 -48.7487 -23.0259 -48.7619 -28.3330 31.2212 -44.4016 -22.6810 -36.2086 -31.4695 -5.3501 -48.7600 -30.6527 27.9765 -44.7786 -26.6813 10.8253 -38.9275 -22.0235 -31.1123 -33.0146 6.5980 -48.7831 -29.8916 28.7803
-29.5089 -48.7542 3.2839 -33.0500 -28.9534 -22.3521 -39.1470 11.4847 -26.8120 -45.0520 28.8910 -30.5858 -48.7601 -4.5443 -31.6934 -35.6873 -22.4067 -43.7116 30.1014 -26.9374 -48.5162 -15.2941 -46.4560 16.6159 -42.8498 27.3631 -38.7751 10.5390 -33.6866 -32.7298 -29.6115 -45.6876 -28.4810 -45.6052 -28.6535 -43.9224 -31.8295 -8.6731 -37.7760 26.3348 -45.6134 -22.7471 0.5132 -39.2254 24.8909 -35.7511 9.0010 -36.6389 16.9464 -41.3805 13.8424 -48.7916 -29.2591 -11.1789 -34.1578 0.9925 -32.0197 -39.6614 -27.0744 -49.0813 -22.3668 -48.4834 -19.3403 -47.8031 -19.5452 -48.8067 -26.2347 -39.2830 -35.7795 -0.5535 -34.9828 -19.9450 -34.7619 18.7046 -41.2997 -28.1443 -33.2184 -29.9067 -47.2788 -24.8759 -48.7627 -27.8970 29.7984 -43.7108 -22.4062 -35.6873 -31.6934 -4.5443 -48.7601 -30.5858 28.8910 -45.0520 -26.8120 11.4847 -39.1470 -22.3521 -28.9534 -33.0500 3.2839 -48.7542 -29.5089
-48.7561 0.2874 -33.1679 -26.6119 -22.6700 -39.3717 12.1499 -26.9377 -45.3100 29.7817 -30.5486 -48.7597 -4.0330 -32.0449 -34.3598 -22.2635 -42.8042 25.1788 -28.0690 -48.2715 -13.2456 -46.2839 15.2259 -46.3881 30.9697 -32.2568 -28.2410 -29.6561 -48.3018 -24.4796 -48.2757 -21.2581 -47.7006 -18.6287 -47.4962 -22.3101 -47.6511 -32.6383 8.9056 -40.4936 30.8782 -48.8629 -29.1610 -19.7292 -30.9639 -39.6074 -30.5900 -24.7085 -36.1606 19.6739 -41.4192 15.4739 -47.7719 -22.3716 -49.2294 -22.9259 -48.3189 -14.5140 -44.7656 26.1076 -42.7272 35.6230 -41.7575 34.5757 -41.4418 34.9628 -43.8377 -21.6287 22.6150 -38.1804 -5.5853 -31.3293 -46.1561 -27.1971 -48.7986 32.5771 -37.2113 -7.8732 -31.6023 -47.4004 -22.8836 -48.6456 -28.4144 25.1501 -42.8070 -22.2638 -34.3598 -32.0449 -4.0330 -48.7597 -30.5486 29.7817 -45.3100 -26.9377 12.1499 -39.3717 -22.6700 -26.6119 -33.1679 0.2874 -48.7561
-7.9449 -33.4208 -24.1214 -22.9775 -39.5983 12.8180 -27.0595 -45.5490 30.5882 -30.5566 -48.7563 -4.0166 -32.4923 -32.0516 -22.3392 -42.1169 21.6531 -29.7702 -48.7310 -14.9351 -45.8546 29.9798 -43.1902 26.4899 -31.4426 -48.3326 -26.1224 -48.7294 -24.6551 -48.7574 -25.7199 -48.7330 -22.7878 -47.2091 -11.2284 -46.6547 -23.0169 -42.1688 -34.7674 16.2403 -41.1892 25.1319 -47.1755 -18.4119 -47.6211 -18.2101 -48.4250 -27.1911 -28.9656 -35.4297 16.4783 -39.8748 34.0010 -42.6025 34.0141 -42.1571 34.0009 -39.7552 23.5472 -38.0289 16.2337 -36.9617 12.0884 -36.2263 11.0638 -36.1979 15.3385 -32.5651 -48.3269 29.7608 -35.9292 -42.9831 -22.6014 -47.3878 19.9481 -40.4136 11.7602 -36.3011 -18.0763 -29.0447 -48.7233 -19.7447 -48.7532 -29.5362 21.9764 -42.1215 -22.3395 -32.0516 -32.4923 -4.0166 -48.7563 -30.5566 30.5882 -45.5490 -27.0595 12.8180 -39.5983 -22.9775 -24.1214 -33.4208 -7.9449
-34.9143 -21.5203 -23.2719 -39.8263 13.4811 -27.1783 -45.7773 31.3174 -30.6134 -48.7427 -4.6086 -32.9775 -28.8364 -22.6028 -41.5507 19.5210 -31.3045 -48.5503 -20.7920 -46.8007 26.7758 -42.9343 26.0807 -37.0785 -19.4415 -30.5028 -47.1329 -29.1778 -38.0968 -32.5395 -8.8447 -33.0470 -33.6240 -27.3148 -47.8936 -11.0903 -47.2948 -25.2053 -36.4611 -34.7322 14.0440 -39.3783 30.4313 -41.1609 34.9879 -42.4090 14.3295 -47.6991 -24.9276 -42.1137 -32.6057 3.2685 -35.9510 12.6438 -36.7686 12.3492 -36.5424 3.3772 -33.8844 -19.9499 -31.3956 -37.9337 -29.5559 -43.6961 -28.7985 -43.7566 -28.2552 -47.1974 -5.2236 -39.6928 3.6730 -27.8028 -47.1899 30.2307 -40.8416 17.1586 -37.5595 4.3007 -35.3996 -41.5738 -22.3126 -47.6536 -19.9696 -48.7702 -29.2145 20.5586 -41.5503 -22.6029 -28.8364 -32.9775 -4.6086 -48.7427 -30.6134 31.3174 -45.7773 -27.1783 13.4811 -39.8263 -23.2719 -21.5203 -34.9143
-22.0022 -23.5462 -40.0526 14.1405 -27.2953 -45.9947 31.9893 -30.7039 -48.7091 -5.7256 -33.4491 -24.9866 -22.9724 -41.1024 17.9405 -33.2474 -37.0623 -29.0703 -48.7330 -7.9837 -43.4493 27.8347 -39.3719 14.6108 -36.9886 3.0731 -34.5108 -1.1539 -36.6111 17.1452 -38.8481 20.6957 -37.0849 -9.0514 -27.5629 -47.0848 -5.7171 -47.3420 -24.1645 -44.2454 -32.1357 -1.0342 -35.6411 10.9211 -37.8435 21.1895 -40.8529 34.6922 -45.8657 -18.1096 -49.0631 -26.4366 -45.3202 -30.2763 -26.8301 -35.4545 -13.2522 -32.0349 -47.6813 -24.2553 -48.3165 -17.8766 -46.9252 -12.7998 -46.0892 -10.5310 -45.5598 8.8730 -40.2186 14.5567 -32.0349 -48.7809 3.0900 -40.9642 19.0990 -37.6596 7.2393 -38.0013 10.6685 -28.5091 -48.2143 -12.8460 -48.0224 -22.0191 -48.7092 -29.1558 19.1410 -41.0989 -22.9725 -24.9866 -33.4491 -5.7256 -48.7091 -30.7039 31.9893 -45.9947 -27.2953 14.1405 -40.0526 -23.5462 -22.0022
-21.9897 -40.2765 14.7888 -27.4126 -46.2051 32.5992 -30.8118 -48.6482 -7.0876 -33.8723 -20.9996 -23.3649 -40.8420 17.3517 -31.2351 -5.9009 -37.2932 -4.6165 -26.8966 -46.4757 35.1521 -39.7481 20.0435 -41.3517 31.4490 -39.6460 16.6897 -38.9549 28.1924 -42.6637 19.0025 -44.7810 32.4341 -37.4134 -29.4243 -22.0661 -44.5287 22.0399 -46.0099 -17.9075 -48.9324 -26.5189 -45.0670 -30.8122 -17.4313 -35.2431 13.0372 -39.3457 30.0403 -42.1407 27.2923 -45.0523 -14.5831 -49.1911 -28.5523 17.3906 -36.3527 -33.0386 -24.9050 -46.3435 23.9252 -42.1445 33.7721 -40.6670 30.7394 -40.2344 26.8491 -38.4970 12.0711 -32.7771 -47.3893 -15.7643 -42.5975 24.9323 -38.3023 8.4610 -38.0069 20.5607 -38.3284 -47.1864 13.0049 -45.1209 -19.6535 -48.1533 -27.9128 -48.5147 -29.1442 17.8524 -40.8408 -23.3649 -20.9996 -33.8723 -7.0876 -48.6482 -30.8118 32.5992 -46.2051 -27.4126 14.7888 -40.2765 -21.9897
-40.9160 15.4263 -27.5312 -46.4119 33.1500 -30.9313 -48.5543 -8.4669 -34.2414 -17.3183 -23.7261 -40.7449 17.0690 -26.8884 -44.4335 -47.1102 35.4583 -36.3035 -45.0961 -9.3108 -40.6161 17.4571 -39.6583 -17.0370 -47.4396 29.2811 -41.3008 33.0869 -44.3975 -18.7982 -48.7847 -24.3605 -45.5289 23.6708 -33.4615 -48.8724 9.6443 -41.9815 35.1519 -43.0566 18.3990 -45.9029 -15.7550 -48.5659 -25.5605 -44.4044 -31.9616 -1.4350 -35.9759 14.2192 -37.8110 23.0563 -39.1620 27.4210 -24.0716 -46.2849 22.8777 -33.4613 -48.6172 -2.7300 -41.4022 23.1457 -38.8283 19.0010 -39.4873 20.5431 -38.0456 3.7579 -32.3850 -47.4824 -19.2623 -44.1801 34.8345 -40.3433 18.7312 -38.5358 19.8547 -42.3946 -17.0624 26.9281 -40.4355 10.3540 -48.8787 -31.5675 4.5322 -29.9704 -49.0868 -27.9563 17.0655 -40.7449 -23.7261 -17.3183 -34.2414 -8.4669 -48.5543 -30.9313 33.1500 -46.4119 -27.5312 15.4263 -40.9160
16.0701 -27.5727 -46.6156 33.6408 -31.0575 -48.4228 -9.7732 -34.5713 -14.0748 -24.0379 -40.7753 16.7585 -27.0989 -45.8572 32.8799 -23.8340 -44.0705 12.1215 -26.4810 -44.6307 23.2679 -35.4608 -16.3670 -23.7743 -28.4119 -48.0745 28.2641 -43.6048 -18.3149 -43.3946 -33.7557 9.1222 -10.2638 -39.2962 -6.4539 -23.3981 -44.3352 28.6142 -39.7093 22.2537 -40.1931 32.1185 -42.3824 26.6994 -45.9256 -17.8723 -48.6865 -26.7056 -44.8831 -30.1702 -28.3296 -32.1785 -12.6825 -30.1644 -49.1740 22.4864 -38.9603 -9.2487 -24.1371 -44.8006 28.7406 -38.8072 18.1603 -39.9873 35.2284 -42.0631 17.5019 -34.7561 -45.2822 -21.9820 -45.7324 17.9797 -43.4093 35.7279 -41.6924 29.1808 -40.4623 34.6676 -48.9672 -33.6347 22.5300 -44.0630 -23.9805 -0.8916 -40.7344 11.0352 27.5452 -45.6041 -27.0996 16.7585 -40.7753 -24.0379 -14.0748 -34.5713 -9.7732 -48.4228 -31.0575 33.6408 -46.6156 -27.5727 16.0701
-26.4361 -46.8151 34.0605 -31.1848 -48.2492 -10.9764 -34.8757 -11.2320 -24.3092 -40.8950 16.8364 -27.3618 -46.1942 32.4285 -33.2130 -49.2931 34.4577 -32.7220 -49.1330 33.0554 -36.8070 -31.5169 -25.2687 -40.0560 -2.4609 -24.0006 -45.0392 -4.1717 -48.7553 -32.8948 24.9435 -47.0731 -31.3958 1.4332 -29.0904 -48.0532 35.7551 -39.2458 9.5675 -36.4245 9.4201 -38.1882 20.5610 -40.7184 36.1414 -43.8420 -11.8432 -46.8327 -16.1389 -47.3351 -18.8185 -48.2208 -19.8359 -47.6760 11.6526 -40.4351 11.9444 -30.4036 -48.4147 33.9617 -39.8745 19.1629 -40.1717 6.2085 -48.6115 -11.8596 -38.2275 -5.3090 -27.0891 -48.0436 -17.9768 -47.8434 -19.6626 -47.9947 -12.7034 -44.8550 35.6545 -42.2230 -18.0863 -35.9874 -36.5148 35.4045 -48.7452 -32.1062 28.6944 -48.6766 -31.7287 32.4408 -46.1949 -27.3615 16.8364 -40.8950 -24.3092 -11.2320 -34.8757 -10.9764 -48.2492 -31.1848 34.0605 -46.8151 -26.4361
-46.8512 34.3738 -31.3091 -48.0310 -12.0719 -35.1611 -8.7215 -24.5492 -41.0674 17.1771 -27.5949 -46.5468 33.2520 -33.0921 -43.8058 -13.7248 -35.4159 -33.2288 -19.0716 -40.7085 9.0237 -28.5517 -46.6192 28.2212 -34.0359 -48.6951 -9.0351 -45.5761 -24.9084 -5.3408 -39.0215 3.5568 -48.4658 -24.8541 -48.3824 25.5855 -40.1251 10.3403 -33.7871 -32.5990 -33.0299 -3.5390 -37.6183 23.6549 -41.9796 -10.0843 -48.3569 -22.6470 -45.0327 34.7312 -41.6832 34.4474 -40.9602 30.2697 -38.5969 11.3825 -31.7701 -48.6750 -3.9457 -40.8770 21.0044 -40.0078 22.9860 -49.0088 -31.3218 26.6295 -48.6193 -26.2998 -48.6825 -25.3114 -46.5630 -29.9399 -33.2713 -30.1694 -45.9822 -23.4235 -46.7829 8.6024 -45.8747 -27.8980 2.7966 -39.1731 -12.9441 -42.4970 -34.7576 -7.8775 -43.0276 -33.3408 33.2362 -46.5486 -27.5955 17.1771 -41.0674 -24.5492 -8.7215 -35.1611 -12.0719 -48.0310 -31.3091 34.3738 -46.8512
30.8613 -31.1152 -47.7639 -13.0613 -35.4322 -6.5093 -24.7655 -41.2632 17.6669 -27.7932 -46.8606 34.0183 -32.3073 -46.7498 -17.5870 -38.0502 9.2560 -30.3210 -47.0845 32.5013 -35.1687 -47.8899 -0.2202 -38.4758 -8.4770 -24.6096 -45.4264 -6.2690 -48.6639 -31.4721 13.8470 -40.6204 19.7013 -44.6683 35.5676 -40.1073 12.7889 -33.0620 -45.4194 -26.6010 -47.1706 -32.9260 10.0615 -40.2364 -1.6517 -48.5916 -31.3326 -1.9071 -14.0565 -40.9346 19.1376 -37.7216 11.0562 -36.6049 -2.9096 -31.4486 -48.6416 -13.1999 -41.7915 24.2280 -39.9201 35.8831 -46.7739 -27.2038 2.3532 -39.7311 -11.4732 -47.9177 -27.2415 -29.8902 -34.7210 12.2059 -37.5418 12.2051 -34.9323 -31.8795 -25.8242 -47.6476 -19.3054 -48.0682 -34.2641 21.9271 -43.0301 -25.3244 -10.2482 -35.2161 -18.6595 -45.1723 -32.6785 34.0079 -46.8622 -27.7939 17.6669 -41.2632 -24.7655 -6.5093 -35.4322 -13.0613 -47.7639 -31.1152 30.8613
-31.2541 -47.4432 -13.9594 -35.6929 -4.5502 -24.9619 -41.4718 18.2241 -27.9647 -47.1257 34.5139 -32.0295 -47.1356 -22.3254 -44.1278 33.0623 -37.6391 -31.9307 -18.7517 -41.2023 7.0457 -25.9842 -43.8354 20.2454 -32.5140 -48.6826 -4.9998 -44.7610 -17.1067 -47.3081 -32.9253 12.6119 -38.5866 21.2348 -38.0656 8.0718 -32.3340 -46.8946 -21.6691 -47.5011 -24.4567 -33.3764 -37.0507 34.4475 -47.8934 -30.0739 17.5769 -44.2647 -30.3232 7.1887 -36.2758 7.9442 -36.9945 3.1613 -34.0469 -45.8196 -21.1873 -43.6543 30.7710 -39.9592 33.5642 -45.8680 -24.0287 -39.5166 -36.0691 29.1422 -44.9967 -24.9083 -25.0676 -36.6274 24.9534 -41.8567 35.4781 -41.5184 21.0525 -35.9209 -34.9259 -27.2919 -48.5022 -30.4141 1.3221 -39.2374 17.8921 -48.9341 -32.8217 8.9481 -36.6389 -16.8230 -46.2514 -32.2540 34.5136 -47.1261 -27.9647 18.2241 -41.4718 -24.9619 -4.5502 -35.6929 -13.9594 -47.4432 -31.2541
-47.5594 -14.7837 -35.9410 -2.7939 -25.1401 -41.6902 18.8204 -28.1183 -47.3528 34.7407 -31.9788 -46.9013 -27.4956 -47.3090 -20.9949 -44.3863 21.9566 -32.4576 -48.5425 34.0112 -34.7184 -48.9425 25.6845 -37.2839 -30.7206 -21.8224 -45.1859 22.6057 -45.6689 -19.4115 -47.7746 -30.7972 -12.7658 -33.2622 -23.0793 -29.5321 -48.6386 -17.5545 -45.0026 -1.5910 -48.2946 -30.7569 12.8851 -42.1885 -19.2584 -26.7206 -37.8679 16.8424 -47.5838 -30.4313 -4.2817 -39.1285 25.7263 -38.9795 10.6459 -32.0804 -48.8009 4.3044 -40.8990 28.9964 -43.9053 -22.7227 -35.6116 -34.3440 14.8441 -41.4778 -16.6946 -42.7670 -35.6747 27.9162 -44.2540 -16.7054 -48.8253 3.9471 -42.2728 16.2172 -34.8416 -30.9534 -32.3805 -15.3689 -36.8169 28.6565 -46.0440 -27.3972 -2.3035 -38.6793 22.4508 -36.4892 -16.0660 -46.5568 -32.0399 34.7412 -47.3528 -28.1183 18.8204 -41.6902 -25.1401 -2.7939 -35.9410 -14.7837 -47.5594
-15.8354 -36.1752 -1.2396 -25.3016 -41.9135 19.4477 -28.2630 -47.5536 34.7306 -31.9650 -46.5090 -25.5503 22.6285 -35.4435 -43.7155 -9.8988 -39.2150 -11.1493 -19.9989 -40.6135 2.3272 -23.8027 -42.6302 14.2933 -30.1910 -47.9559 13.4205 -44.2667 31.9694 -45.1053 -13.2806 -48.5711 -23.4100 -49.0390 -22.1439 -47.8268 -3.2120 -43.1129 35.9084 -43.3726 -18.1510 -41.2049 -36.5114 33.4282 -47.3619 -29.4783 11.7314 -40.6065 -3.6508 -47.3107 -18.0742 -12.2467 -45.6151 22.9552 -40.1268 7.4903 -28.3357 -46.6995 35.3288 -41.3975 -7.4906 -44.7615 -35.5279 15.1815 -39.3999 30.7764 -48.9769 -32.3383 19.3909 -43.1262 -21.4234 -39.9815 -29.1698 -47.4985 35.4409 -39.3284 6.8401 -36.3615 9.2011 -37.3466 15.0752 -40.9294 -15.0629 -40.7042 -36.7873 28.5741 -43.8782 33.3409 -35.7085 -16.1143 -46.5110 -31.9642 34.7306 -47.5536 -28.2630 19.4477 -41.9135 -25.3016 -1.2396 -36.1752 -15.8354
-37.2949 0.1418 -25.4447 -42.1406 20.0935 -28.4008 -47.7370 34.5032 -31.9745 -46.2439 -16.5701 -32.3992 -44.6326 19.0909 -29.7653 -46.4043 24.9217 -31.2945 -47.1890 28.1752 -32.7110 -48.7168 35.3420 -35.9627 -44.2614 -16.5800 -44.3827 36.1917 -43.5653 35.7694 -43.1499 31.3195 -44.3938 22.9598 -43.7473 35.7534 -40.8306 25.0266 -40.3436 35.4546 -46.6541 -27.8008 4.9073 -39.7127 2.0347 -48.5871 -32.4396 14.5776 -39.5341 31.3255 -40.4845 -9.9479 -28.0390 -49.4733 32.8118 -37.2165 -36.8562 -16.7918 -42.4229 33.5386 -46.2996 -23.8753 32.6205 -41.2788 33.3340 -44.9252 -26.0241 2.5028 -39.7387 -8.5621 -45.5556 -34.9028 34.6827 -48.5313 -36.6696 10.6307 -38.1670 22.7424 -40.4623 28.2566 -39.8334 34.4138 -47.5355 -30.5519 16.8934 -43.8829 -21.7682 -45.1076 7.9554 -35.9416 -16.3419 -46.2405 -31.9746 34.5032 -47.7370 -28.4008 20.0935 -42.1406 -25.4447 0.1418 -37.2949
0.2266 -25.5867 -42.3694 20.7557 -28.5353 -47.9054 34.0557 -32.0300 -45.8136 -16.6951 -36.2091 -2.6961 -5.1362 -36.4490 -41.6325 -4.9838 -36.4019 -40.4308 -8.7739 -37.3140 -28.3049 -18.2988 -40.6994 7.1066 -27.5040 -46.3076 35.4571 -42.9356 30.0408 -41.6309 25.5879 -40.4031 24.8088 -39.6474 21.0501 -38.4386 12.7401 -37.3226 15.2011 -40.4746 7.4213 -48.8275 -32.7938 17.6977 -41.8009 -15.0912 -47.9759 -31.4342 0.9659 -35.4536 4.0650 -33.6027 -24.0239 -28.9329 -42.8103 14.0320 -28.7006 -47.2918 34.0817 -40.0287 30.9273 -41.8268 -40.6509 -12.2855 -42.5965 -11.9194 -45.9075 -35.7502 32.7040 -47.3633 -30.0734 15.3872 -43.1354 -23.8213 -4.1159 -37.5709 28.2758 -43.7754 -8.4398 -46.1350 34.6986 -41.7353 -17.0523 -34.6820 -37.0960 21.2812 -47.9691 -33.6089 -25.9454 -1.7322 -36.2062 -16.7031 -45.8112 -32.0301 34.0557 -47.9054 -28.5353 20.7557 -42.3694 -25.5867 0.2266
-23.8181 -42.5989 21.4286 -28.6698 -48.0614 33.3752 -32.1058 -45.2720 -17.1752 -36.5170 0.4714 -25.5960 -40.9796 8.6245 -24.6521 -41.6513 10.4232 -25.9161 -42.7336 15.2952 -29.4677 -46.2451 28.9927 -34.6830 -48.3586 -2.2109 -42.1429 26.9885 -40.7151 18.4059 -38.7727 10.9706 -36.6332 4.0485 -34.6626 -11.8740 -33.1496 -16.8098 -36.2771 21.0957 -42.7941 -18.6927 -42.4817 -35.3042 23.3936 -42.5073 -11.1104 -48.8479 -26.0542 -46.3667 -29.7820 -31.7675 -36.2958 25.4875 -33.5920 -28.9829 -49.0938 17.3585 -39.8796 12.7353 -36.8565 9.9164 -27.8344 -46.1978 19.9475 -47.3113 -29.7392 11.7969 -41.7566 -18.9942 -30.9229 -37.5651 31.1122 -49.1175 -33.7070 20.0786 -43.6478 -22.5711 -43.2522 -24.7725 -44.1760 35.9446 -46.9608 -30.0066 14.4923 -42.5214 -23.8898 8.2239 -43.1014 -25.6529 0.4167 -36.5099 -17.1801 -45.2707 -32.1058 33.3752 -48.0614 -28.6698 21.4286 -42.5989 -23.8181
-43.0135 22.1105 -28.8020 -48.2072 32.4362 -32.1944 -44.6246 -17.6852 -36.7746 2.0910 -25.7359 -42.8648 19.4474 -28.9084 -46.0741 28.1008 -32.6424 -48.7073 35.4459 -35.6057 -46.1112 -6.5487 -39.2026 -2.0866 -24.7538 -44.2247 29.5095 -39.7987 14.1589 -37.6654 2.2522 -33.9496 -32.8916 -29.6932 -47.0916 -26.3406 -48.5050 -29.1060 -17.7382 -37.6239 30.6912 -45.4898 -24.0450 -31.5711 -35.9427 21.7229 -41.2155 28.4861 -45.7278 -15.8284 -48.6171 -29.7599 10.7722 -41.4455 -13.9074 -47.1760 18.7282 -40.5346 14.3093 -34.0839 -33.1841 -28.4915 -48.4741 7.2239 -44.1434 -22.1914 -31.9713 -37.2754 35.6395 -48.4035 -31.6958 17.9610 -43.4266 -24.3060 -1.2417 -39.5978 -14.6845 -35.9065 -36.6841 29.7357 17.7344 -40.5652 -13.8967 -41.9926 -36.4798 35.0341 -47.6558 -30.5005 22.3296 -42.6752 -25.7112 2.1140 -36.7708 -17.6869 -44.6246 -32.1944 32.4362 -48.2072 -28.8020 22.1105 -43.0135
22.9159 -28.7849 -48.3388 31.1967 -32.2885 -43.8633 -18.1963 -37.0103 3.4275 -25.7989 -42.8094 23.0524 -33.1215 -48.9372 14.2666 -37.5659 -24.0742 -19.8576 -40.9769 7.8656 -26.9943 -44.6526 23.3899 -33.3124 -49.0179 29.9892 -39.7395 11.8308 -36.3032 -10.1100 -31.9100 -45.6907 -24.7609 -48.3522 -14.9654 -46.3367 -13.8763 -48.4900 -29.5261 0.7054 -39.0629 35.6282 -46.7894 -25.2004 -34.2490 -34.7686 14.6578 -39.5170 32.1553 -42.9549 -11.8005 -48.3485 -32.9470 17.0661 -40.4800 30.2661 -39.3986 13.2269 -33.2266 -45.1374 -23.7614 -47.7042 7.3352 -42.6059 -15.7823 -48.3411 -33.3387 17.8784 -42.7089 -21.2827 -24.4206 -37.8194 26.4450 -49.0668 -34.3153 31.6779 -48.1203 -32.1031 28.6076 -48.8124 -34.4666 28.1294 -46.1860 -29.0099 11.4070 -41.5138 -15.2700 -45.6810 -34.9832 26.5946 -42.9767 -26.2901 3.3963 -37.0089 -18.1972 -43.8633 -32.2885 31.1967 -48.3388 -28.7849 22.9159
-28.0256 -48.4552 29.6491 -32.3825 -42.9888 -18.6997 -37.2361 4.5424 -25.8857 -42.8933 28.7848 -38.0839 -5.2510 -26.9886 -44.7507 22.6110 -32.0777 -48.0527 33.1068 -34.9517 -48.4158 13.1218 -38.0970 -18.1956 -21.6935 -42.6667 18.7760 -35.9938 -25.8019 -29.8293 -48.4027 -20.3896 -46.7390 21.3445 -42.8134 35.9886 -43.1290 -7.9816 -48.7611 -31.1606 7.7441 -39.6850 35.7411 -46.6486 -23.3664 -44.4856 -32.5523 5.3574 -38.2532 27.0104 -43.1419 -17.4813 -46.7101 -32.2760 4.6044 -35.4061 -0.8341 -31.4116 -47.5685 -19.7082 -45.4859 33.8200 -41.7824 -1.8561 -48.5900 -31.1444 5.6293 -39.3804 27.5742 -48.8727 -32.5666 19.1622 -43.6131 -24.9471 3.4298 -40.5905 -19.9696 -8.3791 -39.7995 -19.3681 -8.0452 -38.5820 -7.0640 -44.8639 -36.2524 34.7504 -47.8034 -30.0949 9.0776 -39.8364 22.8843 -46.5194 -26.8631 4.4824 -37.2352 -18.6997 -42.9888 -32.3825 29.6491 -48.4552 -28.0256
-48.2911 27.7097 -32.4746 -41.9909 -19.1853 -37.4551 5.5308 -25.9906 -43.1616 29.1183 -42.4203 25.6953 -37.1539 -39.7600 -12.5022 -38.7423 -17.4913 -18.9389 -40.4722 3.2318 -24.8772 -43.4775 18.2405 -31.6221 -48.3013 35.6557 -37.9790 -11.1751 -29.4815 -48.7660 -16.3516 -45.5708 35.6632 -41.1784 23.7238 -39.8493 28.6044 -42.8718 -13.4730 -48.4256 -31.9981 9.5044 -39.6506 35.4685 -45.3259 -18.6637 -48.5859 -30.3702 -4.9976 -37.6521 27.3493 -43.4555 -15.1541 -49.0381 -26.3654 -47.2528 -25.6579 -48.8584 -12.4919 -43.6374 32.9376 -40.4192 33.7124 -47.5955 -31.2984 3.5836 -38.4841 33.1059 -45.4377 -25.2660 -12.2440 -38.3066 22.5014 -48.9728 -34.4041 31.3919 -47.7633 -31.9331 26.2074 -46.6527 -30.7337 19.6220 -44.3409 -26.8757 9.3380 -41.6758 -19.2312 -28.3587 -37.9111 32.4509 -48.9243 -25.0350 -46.1402 -26.5573 5.5097 -37.4550 -19.1853 -41.9909 -32.4746 27.7097 -48.2911
12.4991 -32.1226 -40.8663 -19.6526 -37.6718 6.4326 -26.0955 -43.5552 24.9434 -35.5011 21.2919 -43.3142 18.0551 -30.8022 -46.7414 25.2316 -31.2591 -47.1349 28.6372 -33.4099 -49.0907 33.8327 -37.1314 -35.1134 -18.3927 -41.8369 13.9058 -32.8672 -48.4007 -17.1063 -45.1804 36.0739 -41.0599 18.0268 -37.7339 9.5150 -38.6076 28.0991 -43.5676 -16.4680 -48.0550 -31.9514 7.5522 -39.0612 31.3127 -43.3156 -9.7024 -48.5759 -28.8673 -11.7843 -37.0977 24.5348 -41.8546 23.7216 -45.3559 -3.3551 -44.9701 30.9196 -41.4517 24.4374 -38.0969 10.3084 -37.0520 14.8825 17.6439 -39.1180 30.6793 -44.2647 -19.7883 -46.0219 -34.6405 22.1152 -43.8684 -25.4039 2.3653 -39.9897 -16.8420 -30.8058 -37.2094 -5.0579 -44.5816 -35.9400 29.8048 -49.1006 -34.4434 32.5812 -47.9286 -31.4427 21.5196 -45.3180 -27.4910 15.4578 -41.9387 -41.6062 -26.0906 6.4342 -37.6718 -19.6526 -40.8663 -32.1226 12.4991
-32.9393 -39.6068 -20.0986 -37.8897 7.2730 -26.1969 -43.8047 24.9948 -29.0673 -43.6350 -48.6430 20.4497 -38.3333 -31.3731 -12.6440 -37.2079 -36.3954 -11.6767 -38.0981 -18.5248 -20.7334 -41.8770 12.6843 -29.9713 -47.4536 34.4645 -37.3403 -28.2673 -24.8260 -46.6282 32.5005 -42.0105 20.5607 -37.8094 -1.8709 -34.8872 2.4140 -38.4433 29.2886 -43.8268 -16.2225 -48.4896 -31.0772 1.7445 -38.0526 24.8424 -41.5590 7.8504 -48.1657 -27.3980 -25.5304 -35.2547 15.3939 -39.0488 26.1850 -39.8902 24.9504 -38.8671 13.8742 -35.4119 -14.7483 -31.6040 -36.9120 -27.9167 -45.9130 35.5343 -44.0174 -19.6361 -46.6673 -32.7054 9.2274 -39.4478 8.1963 -48.5072 -34.7082 30.0386 -46.7196 -30.3960 17.3528 -43.1469 -26.1392 7.7736 -41.0658 -21.7441 -7.3512 -39.1693 -14.9704 -33.4569 -37.2646 -7.8927 -36.6707 -37.9216 -7.0430 26.4079 -43.7918 -26.1966 7.2730 -37.8897 -20.0986 -39.6068 -32.9393
-39.9685 -20.5154 -38.1057 8.0740 -26.2994 -44.0231 25.8103 -29.4918 -49.0385 34.0306 -24.0577 -45.2730 18.6043 -28.2212 -44.2754 16.1057 -27.2603 -43.8730 17.7533 -30.2594 -47.2319 33.0850 -36.2116 -43.1808 -14.9495 -41.4867 12.6446 -32.0893 -48.7599 -9.1888 -43.7774 29.5795 -39.5793 7.3853 -34.4378 -38.0946 -32.6435 0.1154 -38.3591 28.7098 -43.2938 -12.3752 -48.7374 -29.3448 -13.4886 -36.3558 19.4612 -40.6485 27.2981 -47.3529 -24.3168 -44.1271 -31.8766 -4.4522 -35.0774 3.8425 -34.6860 -8.7991 -31.5462 -44.7234 -25.5522 -48.7357 -19.2493 -47.5928 34.0865 -42.8342 -16.9056 -45.7569 -33.4910 13.1722 -39.1268 32.6299 -45.2506 -27.0329 6.4308 -40.5269 -16.9052 -36.2705 -36.9305 29.1442 -49.1271 -33.9976 29.5110 -46.7218 -30.3534 19.9040 -44.6463 -27.7149 15.7611 -44.0277 -27.6181 20.3816 -46.6783 -28.8987 25.7971 -44.0241 -26.2996 8.0740 -38.1057 -20.5154 -39.9685
