-38.3643 1.8428 -23.9811 -43.2629 23.7347 -28.2287 -48.3894 8.6759 -33.1185 -38.2978 -20.0569 -39.4045 10.8591 -25.3189 -45.3711 30.0878 -29.9363 -48.7802 -10.6649 -35.5544 -15.2869 -22.5117 -41.4207 17.7194 -26.8141 -47.2784 29.0517 -31.6785 -46.5372 -16.9728 -37.7500 3.2510 -24.1344 -43.5280 24.6008 -28.4345 -48.4671 4.9108 -33.3044 -36.3057 -20.4099 -39.6475 11.7488 -25.4958 -45.6243 30.6305 -30.1526 -48.7299 -11.8363 -35.9172 9.3153 -35.9172 -11.8363 -48.7299 -30.1526 30.6305 -45.6243 -25.4958 11.7488 -39.6475 -20.4099 -36.3057 -33.3044 4.9108 -48.4671 -28.4345 24.6008 -43.5280 -24.1344 3.2510 -37.7500 -16.9728 -46.5372 -31.6785 29.0517 -47.2784 -26.8141 17.7194 -41.4207 -22.5117 -15.2869 -35.5544 -10.6649 -48.7802 -29.9363 30.0878 -45.3711 -25.3189 10.8591 -39.4045 -20.0569 -38.2978 -33.1185 8.6759 -48.3894 -28.2287 23.7347 -43.2629 -23.9811 1.8428 -38.3643
1.8428 -25.7913 -42.9315 23.0105 -28.9528 -48.5819 24.8519 -32.1994 -37.9070 -20.9999 -38.5856 10.4178 -26.7196 -45.1863 30.1971 -30.2037 -48.7471 -5.4587 -34.1602 -14.9074 -24.1865 -40.8375 17.0161 -27.8622 -47.2898 34.6937 -31.3909 -46.3749 -16.5538 -36.7102 3.0729 -25.8324 -43.1642 23.8208 -29.0956 -48.6871 21.4466 -32.2856 -35.8813 -21.4799 -38.8589 11.2738 -26.8540 -45.4639 31.0537 -30.3586 -48.6885 -7.6499 -34.5012 -14.1489 -29.9282 -14.1489 -34.5012 -7.6499 -48.6885 -30.3586 31.0537 -45.4639 -26.8540 11.2738 -38.8589 -21.4799 -35.8813 -32.2856 21.4466 -48.6871 -29.0956 23.8208 -43.1642 -25.8324 3.0729 -36.7102 -16.5538 -46.3749 -31.3909 34.6937 -47.2898 -27.8622 17.0161 -40.8375 -24.1865 -14.9074 -34.1602 -5.4587 -48.7471 -30.2037 30.1971 -45.1863 -26.7196 10.4178 -38.5856 -20.9999 -37.9070 -32.1994 24.8519 -48.5819 -28.9528 23.0105 -42.9315 -25.7913 1.8428
-23.9811 -42.9315 22.7422 -29.0282 -48.4982 27.0462 -32.5759 -39.3425 -20.6067 -38.3706 9.7198 -26.6429 -44.9641 29.5022 -30.3107 -48.7605 -3.3519 -33.8677 -17.5439 -23.9441 -40.6115 16.3761 -27.8339 -47.1038 34.6869 -31.6156 -46.8532 -15.8831 -36.5029 1.9749 -25.7209 -42.9342 23.1201 -29.1306 -48.6065 24.3093 -32.6860 -37.5099 -21.1098 -38.6416 10.5956 -26.7826 -45.2443 30.3830 -30.4765 -48.7386 -5.9180 -34.2379 -13.9301 -24.2349 -43.2332 -24.2349 -13.9301 -34.2408 -5.9101 -48.7388 -30.4778 30.3830 -45.2443 -26.7826 10.5956 -38.6416 -21.1098 -37.5099 -32.6860 24.3093 -48.6065 -29.1306 23.1201 -42.9342 -25.7209 1.9749 -36.5029 -15.8831 -46.8532 -31.6156 34.6869 -47.1038 -27.8339 16.3761 -40.6115 -23.9441 -17.5439 -33.8677 -3.3519 -48.7605 -30.3107 29.5022 -44.9641 -26.6429 9.7198 -38.3706 -20.6067 -39.3425 -32.5759 27.0462 -48.4982 -29.0282 22.7422 -42.9315 -23.9811
-43.2629 23.0105 -29.0282 -48.4586 28.2789 -32.5155 -40.4744 -20.2098 -38.1658 9.0164 -26.5341 -44.7409 28.7918 -30.1743 -48.7472 -0.9146 -33.5707 -20.2040 -23.6845 -40.3830 15.7287 -27.7130 -46.9121 34.5187 -31.4894 -47.2700 -15.1466 -36.2874 0.7817 -25.6186 -42.7008 22.4157 -29.0020 -48.5089 26.7106 -32.5969 -39.0036 -20.7073 -38.4260 9.9034 -26.6721 -45.0230 29.6897 -30.3357 -48.7600 -3.6388 -33.7777 -16.9671 -24.0245 -40.3949 26.2460 -40.3949 -24.0307 -16.8588 -33.9460 -3.8855 -48.7597 -30.3417 29.6883 -45.0230 -26.6721 9.9034 -38.4260 -20.7073 -39.0036 -32.5969 26.7106 -48.5089 -29.0020 22.4157 -42.7008 -25.6186 0.7817 -36.2874 -15.1466 -47.2700 -31.4894 34.5187 -46.9121 -27.7130 15.7287 -40.3830 -23.6845 -20.2040 -33.5707 -0.9146 -48.7472 -30.1743 28.7918 -44.7409 -26.5341 9.0164 -38.1658 -20.2098 -40.4744 -32.5155 28.2789 -48.4586 -29.0282 23.0105 -43.2629
23.7347 -28.9528 -48.4982 28.2789 -32.4936 -41.0978 -19.8998 -37.9900 8.3566 -26.4317 -44.5199 28.0770 -30.0349 -48.7623 1.9386 -33.2715 -22.8194 -23.4117 -40.1521 15.0727 -27.5943 -46.7165 34.2385 -31.3548 -47.6282 -14.3335 -36.0620 -0.5203 -25.5025 -42.4640 21.7091 -28.8755 -48.3984 28.7353 -32.4939 -40.3619 -20.2798 -38.2122 9.1948 -26.5630 -44.8006 28.9849 -30.1933 -48.7979 0.2875 -31.6714 -28.8724 -23.6916 -40.4700 15.2021 -32.4881 15.1776 -40.4587 -23.7484 -19.4778 -33.6523 -1.5011 -48.7525 -30.2019 28.9822 -44.8006 -26.5630 9.1948 -38.2122 -20.2798 -40.3619 -32.4939 28.7353 -48.3984 -28.8755 21.7091 -42.4640 -25.5025 -0.5203 -36.0620 -14.3335 -47.6282 -31.3548 34.2385 -46.7165 -27.5943 15.0727 -40.1521 -23.4117 -22.8194 -33.2715 1.9386 -48.7623 -30.0349 28.0770 -44.5199 -26.4317 8.3566 -37.9900 -19.8998 -41.0978 -32.4936 28.2789 -48.4982 -28.9528 23.7347
-28.2287 -48.5819 27.0462 -32.5155 -41.0978 -19.7806 -37.8842 7.8497 -26.3476 -44.3199 27.3999 -29.9022 -48.8067 5.1597 -33.1037 -25.3160 -23.1287 -39.9219 14.4152 -27.4787 -46.5197 33.8699 -31.2169 -47.9276 -13.4403 -35.8299 -1.9345 -25.3691 -42.2271 21.0095 -28.7519 -48.2778 30.3934 -32.3865 -41.5736 -19.8306 -37.9992 8.4625 -26.4561 -44.5777 28.2739 -30.0544 -48.8566 4.8725 -38.3071 -29.2042 16.1543 -38.0830 10.8439 -28.0597 -48.4059 -28.4667 15.2286 -40.2307 -23.4717 -22.0252 -33.3608 1.2706 -48.7619 -30.0592 28.2712 -44.5777 -26.4561 8.4625 -37.9992 -19.8306 -41.5736 -32.3865 30.3934 -48.2778 -28.7519 21.0095 -42.2271 -25.3691 -1.9345 -35.8299 -13.4403 -47.9276 -31.2169 33.8699 -46.5197 -27.4787 14.4152 -39.9219 -23.1287 -25.3160 -33.1037 5.1597 -48.8067 -29.9022 27.3999 -44.3199 -26.3476 7.8497 -37.8842 -19.7806 -41.0978 -32.5155 27.0462 -48.5819 -28.2287
-48.3894 24.8519 -32.5759 -40.4744 -19.8998 -37.8842 7.6530 -26.2988 -44.1751 26.8458 -29.7859 -48.8243 8.5438 -33.0765 -27.6539 -22.8365 -39.6885 13.7432 -27.3673 -46.3228 33.4333 -31.0703 -48.1768 -12.4355 -35.5930 -3.4703 -25.2195 -41.9869 20.3074 -28.6306 -48.1474 31.7234 -32.2774 -42.6493 -19.3579 -37.7833 7.6882 -26.3527 -44.3582 27.5710 -29.9087 -48.8574 7.6640 -37.1252 29.2201 -48.7550 -29.2883 -38.0243 -24.8371 -44.8732 10.3998 -47.9863 -30.5543 30.0587 -40.0972 -23.1802 -24.3841 -33.1763 4.4887 -48.8030 -29.9101 27.5696 -44.3582 -26.3527 7.6882 -37.7833 -19.3579 -42.6493 -32.2774 31.7234 -48.1474 -28.6306 20.3074 -41.9869 -25.2195 -3.4703 -35.5930 -12.4355 -48.1768 -31.0703 33.4333 -46.3228 -27.3673 13.7432 -39.6885 -22.8365 -27.6539 -33.0765 8.5438 -48.8243 -29.7859 26.8458 -44.1751 -26.2988 7.6530 -37.8842 -19.8998 -40.4744 -32.5759 24.8519 -48.3894
8.6759 -32.1994 -39.3425 -20.2098 -37.9900 7.8497 -26.2988 -44.1212 26.5261 -29.7033 -48.8213 11.6226 -33.0602 -29.6850 -22.5453 -39.4525 13.0437 -27.2622 -46.1299 32.9539 -30.9109 -48.3812 -11.2724 -35.3538 -5.1311 -25.0561 -41.7436 19.6024 -28.5106 -48.0075 32.7704 -32.1669 -43.5870 -18.8666 -37.5612 6.8503 -26.2540 -44.1453 26.8908 -29.7498 -48.8338 8.4774 -34.3876 14.0333 -40.8250 15.4405 -45.6652 -2.9111 -41.3189 24.1382 -33.0609 1.9345 -25.6844 -47.0923 31.1786 -39.8610 -22.9102 -26.6789 -33.1420 8.1675 -48.8309 -29.7519 26.8909 -44.1453 -26.2540 6.8503 -37.5612 -18.8666 -43.5870 -32.1669 32.7704 -48.0075 -28.5106 19.6024 -41.7436 -25.0561 -5.1311 -35.3538 -11.2724 -48.3812 -30.9109 32.9539 -46.1299 -27.2622 13.0437 -39.4525 -22.5453 -29.6850 -33.0602 11.6226 -48.8213 -29.7033 26.5261 -44.1212 -26.2988 7.8497 -37.9900 -20.2098 -39.3425 -32.1994 8.6759
-33.1185 -37.9070 -20.6067 -38.1658 8.3566 -26.3476 -44.1751 26.5261 -29.6738 -48.8145 13.8042 -33.0503 -31.2588 -22.2794 -39.2296 12.3555 -27.1642 -45.9451 32.4584 -30.7361 -48.5412 -9.9066 -35.1173 -6.8940 -24.8818 -41.4977 18.8953 -28.3901 -47.8585 33.5669 -32.0609 -44.3958 -18.3598 -37.3319 5.9318 -26.1608 -43.9430 26.2496 -29.5785 -48.8269 12.1538 -33.1985 -19.4972 -33.0550 10.5948 -37.1265 20.4204 -35.4602 7.7637 -29.5415 -48.7635 -23.7184 -48.7049 31.6603 -39.8338 19.2483 -39.4080 -22.6624 -28.8306 -33.1689 12.2555 -48.8293 -29.5790 26.2525 -43.9452 -26.1612 5.9335 -37.3319 -18.3598 -44.3958 -32.0609 33.5669 -47.8585 -28.3901 18.8953 -41.4977 -24.8818 -6.8940 -35.1173 -9.9066 -48.5412 -30.7361 32.4584 -45.9451 -27.1642 12.3555 -39.2296 -22.2794 -31.2588 -33.0503 13.8042 -48.8145 -29.6738 26.5261 -44.1751 -26.3476 8.3566 -38.1658 -20.6067 -37.9070 -33.1185
-38.2978 -20.9999 -38.3706 9.0164 -26.4317 -44.3199 26.8458 -29.7033 -48.8145 14.5975 -33.0510 -32.2774 -22.0704 -39.0419 11.7321 -27.0779 -45.7726 31.9713 -30.5429 -48.6586 -8.2451 -34.8906 -8.7080 -24.7008 -41.2462 18.1771 -28.2655 -47.6976 34.1509 -31.9729 -45.0811 -17.8465 -37.0850 4.8675 -26.0776 -43.7551 25.7415 -29.2305 -48.8253 16.5254 -33.1889 -32.6836 -25.2372 -49.0505 -27.8091 -38.4424 -29.0573 -46.1348 -23.6486 -46.2124 22.0088 -41.5926 34.2972 -40.1015 13.9073 -36.7720 13.7900 -39.0312 -22.4088 -30.5463 -33.2346 16.5485 -48.7777 -29.3131 25.5060 -43.7637 -26.0782 4.8727 -37.0850 -17.8465 -45.0811 -31.9729 34.1509 -47.6976 -28.2655 18.1771 -41.2462 -24.7008 -8.7080 -34.8906 -8.2451 -48.6586 -30.5429 31.9713 -45.7726 -27.0779 11.7321 -39.0419 -22.0704 -32.2774 -33.0510 14.5975 -48.8145 -29.7033 26.8458 -44.3199 -26.4317 9.0164 -38.3706 -20.9999 -38.2978
-20.0569 -38.5856 9.7198 -26.5341 -44.5199 27.3999 -29.7859 -48.8213 13.8042 -33.0510 -32.6264 -21.9591 -38.9142 11.2390 -27.0111 -45.6303 31.5299 -30.3486 -48.7300 -6.2003 -34.6827 -10.4685 -24.5214 -40.9930 17.4587 -28.1298 -47.5181 34.5471 -31.9301 -45.6160 -17.3671 -36.8121 3.5716 -26.0119 -43.5626 24.8398 -28.1294 -47.8682 22.6786 -32.8990 -32.0000 -21.9182 -41.5651 27.0842 -45.2883 -10.0030 -45.1407 12.8657 -40.8098 25.1839 -34.6243 9.5344 -35.6615 5.1856 -34.4641 -25.4118 -32.4507 10.9262 -38.8963 -22.1547 -31.9587 -32.7741 19.1318 -47.9328 -29.5641 24.5719 -43.6026 -26.0125 3.5786 -36.8121 -17.3671 -45.6160 -31.9301 34.5471 -47.5181 -28.1298 17.4587 -40.9930 -24.5214 -10.4685 -34.6827 -6.2003 -48.7300 -30.3486 31.5299 -45.6303 -27.0111 11.2390 -38.9142 -21.9591 -32.6264 -33.0510 13.8042 -48.8213 -29.7859 27.3999 -44.5199 -26.5341 9.7198 -38.5856 -20.0569
-39.4045 10.4178 -26.6429 -44.7409 28.0770 -29.9022 -48.8243 11.6226 -33.0503 -32.2774 -21.9591 -38.8687 10.9581 -26.9677 -45.5275 31.1813 -30.1709 -48.7587 -3.8467 -34.4997 -12.0810 -24.3511 -40.7416 16.7490 -27.9808 -47.3132 34.7497 -31.9685 -45.9672 -16.9968 -36.4931 1.9466 -25.9804 -43.4652 24.2729 -35.0975 -23.9249 -5.6051 -30.6341 -43.5522 -20.4918 -38.7133 18.7277 -37.8237 22.2850 -38.2902 20.3471 -35.6033 5.5545 -30.3829 -47.0623 -26.6176 -47.0254 -27.5939 -47.4357 -25.1920 -48.7178 -28.4643 10.4424 -38.6644 -20.4134 -43.8756 -29.9012 -23.7277 9.1428 -35.0094 24.0969 -43.5353 -25.9809 1.9517 -36.4935 -16.9955 -45.9672 -31.9685 34.7497 -47.3132 -27.9808 16.7490 -40.7416 -24.3511 -12.0810 -34.4997 -3.8467 -48.7587 -30.1709 31.1813 -45.5275 -26.9677 10.9581 -38.8687 -21.9591 -32.2774 -33.0503 11.6226 -48.8243 -29.9022 28.0770 -44.7409 -26.6429 10.4178 -39.4045
10.8591 -26.7196 -44.9641 28.7918 -30.0349 -48.8067 8.5438 -33.0602 -31.2588 -22.0704 -38.9142 10.9581 -26.9521 -45.4695 30.9534 -30.0359 -48.7570 -1.3745 -34.3531 -13.4728 -24.1976 -40.4947 16.0534 -27.8258 -47.0818 34.7255 -32.0963 -46.1245 -16.8227 -36.1178 -0.1301 -25.9972 -43.6343 24.2198 -36.8895 24.6390 -47.4761 -20.6811 -48.2784 -6.9429 -37.7685 9.0013 -32.4857 -23.2553 -33.3191 -9.1468 -33.1288 -40.5940 -26.0641 -47.1959 -2.2405 -42.9148 1.3669 -45.5325 -7.2001 -45.3666 0.0174 -45.6715 -27.2209 8.9854 -37.8411 -6.9245 -48.3383 -19.0147 -43.1622 19.8417 -36.4279 24.2757 -43.6762 -25.9956 -0.0978 -36.1242 -16.8145 -46.1284 -32.0959 34.7255 -47.0818 -27.8258 16.0534 -40.4947 -24.1976 -13.4728 -34.3531 -1.3745 -48.7570 -30.0359 30.9534 -45.4695 -26.9521 10.9581 -38.9142 -22.0704 -31.2588 -33.0602 8.5438 -48.8067 -30.0349 28.7918 -44.9641 -26.7196 10.8591
-25.3189 -45.1863 29.5022 -30.1743 -48.7623 5.1597 -33.0765 -29.6850 -22.2794 -39.0419 11.2390 -26.9677 -45.4695 30.8696 -29.9664 -48.7446 0.7587 -34.2471 -14.5212 -24.0717 -40.2647 15.3865 -27.6763 -46.8392 34.4735 -32.2947 -46.1041 -16.7900 -35.7964 -2.4602 -26.0821 -44.0501 25.6070 -33.0879 -6.2935 -38.1948 29.3782 -41.3892 30.3663 -35.8912 0.1290 -27.7446 -48.7293 -23.9000 -47.6145 -32.6805 -37.7438 -27.4709 -47.4255 27.7402 -39.3713 23.0049 -38.8583 29.3148 -41.4536 36.1933 -42.8725 0.9464 -45.6711 -26.8246 0.7902 -35.8970 30.6515 -41.5496 24.4154 -38.1628 -13.0638 -32.4681 25.8334 -44.0236 -26.0178 -2.1729 -35.8014 -16.8631 -46.1119 -32.2935 34.4737 -46.8392 -27.6763 15.3865 -40.2647 -24.0717 -14.5212 -34.2471 0.7587 -48.7446 -29.9664 30.8696 -45.4695 -26.9677 11.2390 -39.0419 -22.2794 -29.6850 -33.0765 5.1597 -48.7623 -30.1743 29.5022 -45.1863 -25.3189
-45.3711 30.1971 -30.3107 -48.7472 1.9386 -33.1037 -27.6539 -22.5453 -39.2296 11.7321 -27.0111 -45.5275 30.9534 -29.9664 -48.7385 1.9532 -34.1820 -15.1924 -23.9805 -40.0677 14.7807 -27.5441 -46.6055 34.0541 -32.5096 -45.9636 -16.9008 -35.9293 -1.1356 -26.2598 -44.7801 28.8691 -28.9198 -48.5177 -29.5392 -14.5209 -34.5207 4.4263 -32.1191 -40.4589 -23.6146 -44.2733 28.0165 -45.1629 -23.2571 14.4734 -34.9674 -41.9453 -19.3057 -43.1546 21.9842 -37.2652 7.7860 -38.2988 26.8807 -43.1068 -12.0380 -48.5606 -22.0452 -44.7671 -23.7844 -40.8041 -31.9653 4.0124 -34.4171 -17.6615 -28.5108 -48.7606 -28.8259 26.7308 -43.9086 -29.0373 -2.6911 -35.5763 -17.0676 -45.9570 -32.5102 34.0539 -46.6055 -27.5441 14.7807 -40.0677 -23.9805 -15.1924 -34.1820 1.9532 -48.7385 -29.9664 30.9534 -45.5275 -27.0111 11.7321 -39.2296 -22.5453 -27.6539 -33.1037 1.9386 -48.7472 -30.3107 30.1971 -45.3711
30.0878 -30.2037 -48.7605 -0.9146 -33.2715 -25.3160 -22.8365 -39.4525 12.3555 -27.0779 -45.6303 31.1813 -30.0359 -48.7446 1.9532 -34.1614 -15.5434 -23.9274 -39.9229 14.2936 -27.4386 -46.4038 33.5710 -32.6641 -45.8203 -17.2105 -35.8901 12.0653 -28.6108 -38.2211 22.6179 -27.6417 -48.0015 -11.6393 -47.9928 -23.2919 -49.0804 -23.5574 -48.3064 -9.9065 -40.2184 23.1044 -36.8199 16.4687 -29.6061 -45.7704 20.0324 -31.8955 -48.9636 32.7337 -38.9157 1.0005 -35.2166 10.5969 -40.5098 6.0529 -48.7591 -31.7588 2.6151 17.0938 -39.0479 -8.7100 -48.0794 -23.0223 -49.2098 -22.3043 -47.2303 -8.0841 -48.3049 -28.5359 3.1190 -40.8325 -33.9046 3.0654 -35.5529 -17.3203 -45.8021 -32.6658 33.5711 -46.4038 -27.4386 14.2936 -39.9229 -23.9274 -15.5434 -34.1614 1.9532 -48.7446 -30.0359 31.1813 -45.6303 -27.0779 12.3555 -39.4525 -22.8365 -25.3160 -33.2715 -0.9146 -48.7605 -30.2037 30.0878
-29.9363 -48.7471 -3.3519 -33.5707 -22.8194 -23.1287 -39.6885 13.0437 -27.1642 -45.7726 31.5299 -30.1709 -48.7570 0.7587 -34.1820 -15.5434 -23.9108 -39.8469 13.9743 -27.3646 -46.2473 33.1227 -32.7093 -45.8403 -17.4448 -35.3979 10.5135 -40.1166 34.4723 -48.0435 -18.8538 -46.7560 34.3739 -40.7697 35.6979 -43.5105 30.2173 -42.1963 32.0433 -36.5086 8.2001 -31.9140 -37.3101 -28.5237 -48.9150 21.2343 -37.8206 -25.0385 -20.5654 -42.8284 16.1313 -34.2519 -27.4959 -36.5971 28.5840 -45.8862 -26.1810 4.0906 -40.9898 -23.9273 6.2975 -36.1785 30.9627 -41.8794 33.1422 -43.0342 34.7855 -40.3416 35.1759 -43.8972 26.0664 -38.0112 4.2685 -36.2621 3.7475 -35.3849 -17.4682 -45.8305 -32.7098 33.1228 -46.2473 -27.3646 13.9743 -39.8469 -23.9108 -15.5434 -34.1820 0.7587 -48.7570 -30.1709 31.5299 -45.7726 -27.1642 13.0437 -39.6885 -23.1287 -22.8194 -33.5707 -3.3519 -48.7471 -29.9363
-48.7802 -5.4587 -33.8677 -20.2040 -23.4117 -39.9219 13.7432 -27.2622 -45.9451 31.9713 -30.3486 -48.7587 -1.3745 -34.2471 -15.1924 -23.9274 -39.8469 13.8608 -27.3265 -46.1464 32.7855 -32.6336 -46.1512 -17.2383 -35.1186 -5.6997 -31.6449 -19.5584 -33.0332 15.8039 -37.0708 20.2288 -36.3026 11.9306 -37.2464 15.9435 -36.3126 9.9876 -32.6820 -35.2303 -26.0689 -48.3043 -15.7583 -45.7345 19.5323 -39.4385 7.4199 -28.2382 -47.0221 31.9430 -36.2693 -36.5364 -31.2461 2.2356 -39.5822 16.3200 -48.9496 -32.6580 24.7126 -46.3880 -24.6798 -38.3566 -32.3875 8.7233 -36.1160 14.4627 -36.9400 10.0666 -36.1554 14.5894 -37.3095 4.7034 -35.2277 -20.0561 -32.8484 -3.1679 -35.1606 -17.2410 -46.1489 -32.6341 32.7855 -46.1464 -27.3265 13.8608 -39.8469 -23.9274 -15.1924 -34.2471 -1.3745 -48.7587 -30.3486 31.9713 -45.9451 -27.2622 13.7432 -39.9219 -23.4117 -20.2040 -33.8677 -5.4587 -48.7802
-10.6649 -34.1602 -17.5439 -23.6845 -40.1521 14.4152 -27.3673 -46.1299 32.4584 -30.5429 -48.7300 -3.8467 -34.3531 -14.5212 -23.9805 -39.9229 13.9743 -27.3265 -46.1130 32.6026 -32.5099 -46.6370 -16.5095 -35.3107 -5.9832 -28.2007 -48.3693 -23.0558 -48.7491 -28.0253 -35.8475 -30.1729 -40.5129 -30.0908 -37.3003 -29.7723 -43.7389 -26.0200 -48.9222 -15.0883 -42.9913 34.9135 -39.6798 24.1365 -36.7885 5.2541 -29.4804 -48.7653 31.3083 -38.4490 -8.3735 -27.9248 -48.2688 -32.6117 16.4950 -41.8918 -16.1391 -45.6097 -33.4680 26.3016 -41.5241 -13.0806 -48.7468 -25.6394 -44.8597 -29.3805 -39.7464 -29.6782 -42.3179 -29.9902 -36.8309 -30.2903 -43.0590 -27.8266 -48.4230 -29.2582 -5.6857 -35.3144 -16.5135 -46.6358 -32.5103 32.6026 -46.1130 -27.3265 13.9743 -39.9229 -23.9805 -14.5212 -34.3531 -3.8467 -48.7300 -30.5429 32.4584 -46.1299 -27.3673 14.4152 -40.1521 -23.6845 -17.5439 -34.1602 -10.6649
-35.5544 -14.9074 -23.9441 -40.3830 15.0727 -27.4787 -46.3228 32.9539 -30.7361 -48.6586 -6.2003 -34.4997 -13.4728 -24.0717 -40.0677 14.2936 -27.3646 -46.1464 32.6026 -32.4525 -46.9668 -15.6216 -35.8473 -3.5135 -27.7750 -47.6097 -5.1462 -45.0436 -1.2949 -46.4126 -16.5472 -47.3552 -16.3040 -47.2441 -16.2450 -46.6165 -6.9756 -43.3923 35.1065 -38.3771 16.3002 -34.8984 -0.7089 -31.9254 -38.5996 -25.9875 -47.9335 28.1140 -38.8863 5.0137 -28.5983 -47.8388 -20.5547 -44.5204 -34.8352 23.1386 -42.7221 -17.5711 -47.7906 -31.0226 11.8685 -37.5983 34.7191 -43.1639 -4.7296 -46.3791 -15.3309 -47.1810 -15.5665 -47.4335 -18.1438 -48.1433 -18.1179 -47.8421 -15.5701 -47.9692 -27.9238 -3.5217 -35.8416 -15.6239 -46.9658 -32.4525 32.6026 -46.1464 -27.3646 14.2936 -40.0677 -24.0717 -13.4728 -34.4997 -6.2003 -48.6586 -30.7361 32.9539 -46.3228 -27.4787 15.0727 -40.3830 -23.9441 -14.9074 -35.5544
-15.2869 -24.1865 -40.6115 15.7287 -27.5943 -46.5197 33.4333 -30.9109 -48.5412 -8.2451 -34.6827 -12.0810 -24.1976 -40.2647 14.7807 -27.4386 -46.2473 32.7855 -32.5103 -46.9658 -15.2280 -36.4792 0.6597 -27.6499 -47.2534 15.1253 -43.6904 35.5726 -41.8389 33.9751 -41.7407 35.4594 -42.0714 34.8308 -41.2267 29.5449 -38.2652 16.4246 -35.2965 -6.9867 -29.9015 -48.1717 -23.4480 -47.9806 -12.7486 -43.6666 35.3433 -38.4275 5.1871 -29.0251 -47.9421 16.3103 -44.5518 -22.6183 -36.8565 -35.2383 21.7345 -40.8576 -3.3768 -48.3192 -27.2049 -20.6278 -34.6911 18.9487 -39.6490 32.6062 -41.3210 33.8437 -41.3571 34.2780 -41.9207 35.7393 -43.2098 33.5063 -44.1856 9.5064 -47.2364 -27.6683 0.6152 -36.4742 -15.2292 -46.9658 -32.5103 32.7855 -46.2473 -27.4386 14.7807 -40.2647 -24.1976 -12.0810 -34.6827 -8.2451 -48.5412 -30.9109 33.4333 -46.5197 -27.5943 15.7287 -40.6115 -24.1865 -15.2869
-22.5117 -40.8375 16.3761 -27.7130 -46.7165 33.8699 -31.0703 -48.3812 -9.9066 -34.8906 -10.4685 -24.3511 -40.4947 15.3865 -27.5441 -46.4038 33.1227 -32.6340 -46.6358 -15.6241 -36.4756 2.8387 -27.8506 -47.0477 29.9235 -42.4864 29.0150 -40.3652 18.2513 -38.6245 18.8432 -40.2240 33.1739 -45.9896 22.9700 -35.0561 -7.5255 -32.0059 -36.6192 -31.7292 -47.3484 -4.9255 -41.9896 33.8261 -39.7738 28.3928 -40.5302 30.0415 -28.2533 -48.9050 27.9709 -39.5826 34.7424 -45.2811 -23.2578 -41.7793 -33.3239 13.1150 -38.0319 35.2692 -44.6647 -22.6275 -44.9605 -34.5143 33.0891 -41.0764 24.3052 -39.3243 15.8919 -37.9273 14.4515 -38.2727 20.6941 -40.5199 30.4143 -42.5041 29.2475 -47.0575 -27.8527 2.8156 -36.4742 -15.6239 -46.6358 -32.6341 33.1228 -46.4038 -27.5441 15.3865 -40.4947 -24.3511 -10.4685 -34.8906 -9.9066 -48.3812 -31.0703 33.8699 -46.7165 -27.7130 16.3761 -40.8375 -22.5117
-41.4207 17.0161 -27.8339 -46.9121 34.2385 -31.2169 -48.1768 -11.2724 -35.1173 -8.7080 -24.5214 -40.7416 16.0534 -27.6763 -46.6055 33.5710 -32.7093 -46.1512 -16.5112 -35.8435 0.6245 -27.8558 -47.0890 33.8131 -41.4902 22.9617 -38.9678 9.3168 -35.7037 2.5415 -37.9691 34.2766 -48.8469 -29.4177 26.8253 -49.3846 -24.6753 -48.0631 -33.0292 26.1421 -48.7415 -32.7875 12.2901 -37.2377 17.5092 -41.3616 6.2329 -49.2380 -32.4343 21.6523 -36.6060 12.4206 -36.0241 -3.5565 -44.6939 -19.1315 -48.6513 -29.6257 -9.7826 -34.6974 18.8802 -38.7386 16.5345 -26.6986 -48.7625 28.1876 -41.9272 20.8445 -37.8891 0.5758 -34.6247 -10.6950 -35.2253 10.2496 -39.1094 23.5600 -41.5840 33.6139 -47.0881 -27.8537 0.6153 -35.8416 -16.5135 -46.1489 -32.7098 33.5711 -46.6055 -27.6763 16.0534 -40.7416 -24.5214 -8.7080 -35.1173 -11.2724 -48.1768 -31.2169 34.2385 -46.9121 -27.8339 17.0161 -41.4207
17.7194 -27.8622 -47.1038 34.5187 -31.3548 -47.9276 -12.4355 -35.3538 -6.8940 -24.7008 -40.9930 16.7490 -27.8258 -46.8392 34.0541 -32.6641 -45.8403 -17.2383 -35.3102 -3.5324 -27.6596 -47.0649 33.6648 -41.1500 19.7180 -37.9803 0.8697 -32.6493 -38.9053 -33.4626 12.4308 -41.8932 -20.4536 -9.0185 -39.3126 27.0999 -46.0590 -25.3341 -1.8132 -40.0597 -17.2643 -46.0416 -30.8870 -10.2822 -37.7909 27.7656 -44.9242 -20.4792 -43.5202 -29.9802 -40.8498 -25.8565 -42.1744 -47.6940 -10.6141 -42.9210 4.8330 -46.8211 -22.5700 -48.3176 -29.1426 -24.2099 -30.3635 -48.4943 -14.5374 -45.3708 35.0745 -41.2049 16.5882 -35.8255 -35.9708 -29.7226 -43.5154 -32.5193 2.5648 -38.2190 20.2583 -41.2187 33.5805 -47.0585 -27.6706 -3.5215 -35.3144 -17.2410 -45.8305 -32.6658 34.0539 -46.8392 -27.8258 16.7490 -40.9930 -24.7008 -6.8940 -35.3538 -12.4355 -47.9276 -31.3548 34.5187 -47.1038 -27.8622 17.7194
-26.8141 -47.2898 34.6869 -31.4894 -47.6282 -13.4403 -35.5930 -5.1311 -24.8818 -41.2462 17.4587 -27.9808 -47.0818 34.4735 -32.5096 -45.8203 -17.4448 -35.1187 -5.9795 -27.7821 -47.2625 29.4878 -41.5865 20.0160 -37.6846 -6.3645 -30.4671 -48.4771 -26.0090 -40.0845 -36.2126 31.9094 -47.2077 -29.7509 11.2121 -39.7034 24.9150 -48.8783 -32.2089 19.5083 -42.9566 -14.3517 -48.6811 -29.9799 1.4076 -39.2338 32.7358 -44.4667 -11.5243 -46.9442 -10.5072 -44.2545 28.3696 -28.8437 -47.5032 35.9293 -40.0301 32.3673 -41.7838 14.9413 -45.7361 -17.0589 -47.6683 -10.1025 -45.1417 -18.7492 -47.0628 32.5928 -40.4522 9.8697 -32.1833 -48.6355 -23.1626 -48.3860 -30.9769 -3.0316 -37.9298 20.3500 -41.6089 29.1316 -47.2349 -27.9282 -5.6771 -35.1621 -17.4665 -45.8021 -32.5102 34.4737 -47.0818 -27.9808 17.4587 -41.2462 -24.8818 -5.1311 -35.5930 -13.4403 -47.6282 -31.4894 34.6869 -47.2898 -26.8141
-47.2784 34.6937 -31.6156 -47.2700 -14.3335 -35.8299 -3.4703 -25.0561 -41.4977 18.1771 -28.1298 -47.3132 34.7255 -32.2947 -45.9636 -17.2105 -35.3969 -5.6835 -28.2080 -47.6114 14.6889 -42.5487 23.4588 -38.1602 -4.8491 -29.8765 -48.6694 -15.5676 -47.3034 -27.6878 0.8718 -39.1734 8.9786 -48.8173 -32.6011 16.0352 -41.4707 -15.6120 -44.1391 -35.0953 23.8681 -41.8918 -6.8920 -48.7474 -30.5428 2.1299 -37.7633 22.5728 -39.7407 27.9095 -38.4198 18.3164 -33.9329 -46.4906 -7.8807 -40.5379 16.2913 -37.7240 18.2944 -39.6122 33.8309 -41.7449 35.6827 -42.3984 -12.9983 -29.8904 -27.4187 -47.6255 35.4013 -38.3070 -16.9023 -25.2329 -46.4170 -16.1135 -48.7664 -30.5546 -2.4721 -38.2869 23.7309 -42.5227 9.2857 -47.9758 -29.2759 -3.1066 -35.3894 -17.3188 -45.9571 -32.2935 34.7255 -47.3132 -28.1298 18.1771 -41.4977 -25.0561 -3.4703 -35.8299 -14.3335 -47.2700 -31.6156 34.6937 -47.2784
29.0517 -31.3909 -46.8532 -15.1466 -36.0620 -1.9345 -25.2195 -41.7436 18.8953 -28.2655 -47.5181 34.7497 -32.0963 -46.1041 -16.9008 -35.8896 10.4812 -31.6790 -48.3796 -5.3087 -43.7093 29.2775 -39.1071 2.4984 -30.8556 -48.7326 -8.4229 -42.7983 -1.6631 -48.7410 -32.1293 15.8364 -41.6014 -17.0994 -44.7834 -34.8866 24.5436 -44.1134 -22.7400 -34.7943 -35.6463 21.8986 -41.5144 -4.9152 -48.8500 -28.0492 -31.0446 -32.8607 -3.5553 -33.1662 -16.9974 -30.0303 -47.6555 -17.5821 -42.2198 19.7706 -36.4012 2.1440 -38.2474 26.7528 -42.7149 34.5149 -37.4407 16.1124 -14.5316 -39.9327 -3.1549 -22.9165 -44.0308 19.8363 -33.5805 -48.6979 -4.8299 -43.1994 -12.0825 -48.7547 -31.2614 3.3708 -39.1782 30.5541 -44.2011 -15.6555 -48.4055 -32.8554 3.7489 -35.5557 -17.0676 -46.1104 -32.0959 34.7497 -47.5181 -28.2655 18.8953 -41.7436 -25.2195 -1.9345 -36.0620 -15.1466 -46.8532 -31.3909 29.0517
-31.6785 -46.3749 -15.8831 -36.2874 -0.5203 -25.3691 -41.9869 19.6024 -28.3901 -47.6976 34.5471 -31.9685 -46.1245 -16.7900 -35.9291 12.0389 -40.1203 -18.5132 -23.1818 -45.0717 35.6312 -40.4311 9.9529 -32.9548 -48.1504 -16.1492 -43.0887 36.1640 -43.2013 -17.7979 -44.2549 -35.3175 25.8790 -44.3572 -23.2482 -29.6434 -36.9876 31.7740 -45.6518 -24.1863 -35.4735 -35.0679 19.3859 -40.7550 25.8384 -46.5198 -18.8279 -48.8642 -22.3357 -48.8470 -19.7899 -46.7911 2.6084 -41.2883 21.6687 -35.7906 -18.5101 -35.7907 18.2530 -42.9736 -7.8902 -48.2268 -47.8425 -21.0319 -45.4286 24.2131 -32.9758 -49.1069 31.1629 -38.5979 -13.2421 -23.9181 -44.5475 36.2232 -43.2612 -16.6674 -47.8970 -33.1352 10.9148 -40.5854 33.3263 -47.8539 -27.7963 -20.5555 -36.2275 3.0123 -35.5719 -16.8646 -46.1271 -31.9685 34.5471 -47.6976 -28.3901 19.6024 -41.9869 -25.3691 -0.5203 -36.2874 -15.8831 -46.3749 -31.6785
-46.5372 -16.5538 -36.5029 0.7817 -25.5025 -42.2271 20.3074 -28.5106 -47.8585 34.1509 -31.9301 -45.9672 -16.8227 -35.7959 -1.1760 -28.6944 34.3359 -33.2142 -48.7313 -2.0005 -41.8883 18.6960 -35.8550 -38.3421 -25.2121 -46.8966 18.2296 -42.4006 35.5495 -45.4461 -24.9839 -20.6445 -37.6942 33.9830 -46.5527 -26.7440 -8.8716 -38.0874 33.9768 -45.7303 -23.1012 -42.3250 -33.3770 12.2111 -38.6012 28.8314 -41.2112 35.2335 -41.9445 34.9750 -40.8222 29.0376 -38.4291 14.5737 -34.7176 -35.7207 -31.3449 -5.8162 -39.0083 34.0644 -48.8717 -29.1943 32.5835 -41.9049 26.1431 -35.6859 -39.4042 -17.9838 -42.1000 14.6211 -31.3432 -48.6366 27.8121 -41.8160 34.2540 -46.3007 -24.7498 -37.4892 -36.0313 21.5280 -43.2633 -18.0126 -43.4224 -35.1166 2.6255 -33.6945 -2.7519 -35.7963 -16.8160 -45.9672 -31.9301 34.1509 -47.8585 -28.5106 20.3074 -42.2271 -25.5025 0.7817 -36.5029 -16.5538 -46.5372
-16.9728 -36.7102 1.9749 -25.6186 -42.4640 21.0095 -28.6306 -48.0075 33.5669 -31.9729 -45.6160 -16.9968 -36.1178 -2.4614 -26.2573 -38.3324 -47.9016 16.0707 -28.0843 -46.4530 34.3777 -38.8378 1.9805 -32.6783 -46.7387 -23.7379 -47.4577 -1.6314 -43.5095 5.4401 -47.7486 -29.1442 1.6580 -39.0590 34.8192 -47.8420 -28.4039 -2.7661 -38.1705 32.5394 -44.5739 -18.8769 -48.4078 -29.9164 -13.6334 -34.2276 7.1610 -35.4363 9.7802 -35.9545 9.1495 -37.2486 8.7082 -35.6474 -37.8597 -26.7817 -48.3884 -32.2428 14.5852 -41.9212 -13.9497 -46.0730 -32.5998 5.0522 -32.8411 -40.2315 -22.6923 -44.4865 25.9199 -35.1094 -45.2165 -15.3375 -42.9032 36.1065 -45.1851 -19.0556 -48.1076 -32.3874 3.1580 -39.0212 35.7512 -48.0654 -29.9721 1.8774 -37.3673 -45.0420 -28.7405 -2.1937 -36.1245 -16.9956 -45.6159 -31.9729 33.5669 -48.0075 -28.6306 21.0095 -42.4640 -25.6186 1.9749 -36.7102 -16.9728
-37.7500 3.0729 -25.7209 -42.7008 21.7091 -28.7519 -48.1474 32.7704 -32.0609 -45.0811 -17.3671 -36.4931 -0.1301 -26.0822 -44.7831 22.8482 -18.6329 -37.0984 -35.6991 -16.7924 -42.0265 19.9778 -37.6068 2.2436 -33.5419 -36.8642 -27.8165 -48.6995 -17.7150 -46.4767 -18.9094 -48.6967 -31.6600 8.9938 -39.7175 28.0413 -48.2379 -28.5618 -6.5977 -37.3559 26.7222 -41.9647 0.8016 -47.2821 -22.3573 -48.8760 -26.2527 -47.0143 -28.9218 -37.2527 -35.1768 15.8448 -38.4656 16.5779 -28.2504 -48.5635 -21.1352 -44.8815 -34.6902 22.2277 -42.4212 -13.3925 -49.1225 -23.4042 -49.0083 -15.9331 -43.7830 29.0295 -36.6706 -28.3999 -23.5482 -44.8803 34.5155 -44.9795 -18.7136 -47.8947 -31.7054 -3.0741 -37.5152 20.4492 -42.2956 -17.4341 -40.1990 -36.7435 17.2863 19.0511 -43.8733 -26.0125 -0.0945 -36.4944 -17.3661 -45.0824 -32.0609 32.7704 -48.1474 -28.7519 21.7091 -42.7008 -25.7209 3.0729 -37.7500
3.2510 -25.8324 -42.9342 22.4157 -28.8755 -48.2778 31.7234 -32.1669 -44.3958 -17.8465 -36.8121 1.9466 -25.9972 -44.0501 28.8727 -27.6245 -46.7469 20.2490 -30.1995 -47.4504 35.9391 -40.7114 23.6451 -39.2139 14.5897 -36.3656 -6.0470 -31.2557 -46.5289 -26.5662 -48.4246 -27.5968 -45.9365 -33.0451 12.2787 -39.9867 26.0488 -48.0116 -27.5666 -21.4378 -36.2455 19.9266 -40.4303 33.7713 -43.2530 12.3463 -44.6482 -10.6656 -48.0012 -27.1307 5.1037 -43.0142 31.2846 -42.5137 -43.3729 25.5510 -45.2770 -22.4940 -38.2733 -34.8069 18.9580 -40.1614 35.2491 -42.5721 35.2614 -40.3025 21.0279 -35.6137 -25.5916 -25.7586 -46.4025 30.3951 -44.2792 -17.2629 -47.9183 -32.1516 4.6384 -38.4056 20.2864 -40.7300 36.0106 -47.2190 -29.4625 12.7996 -43.2745 -28.3767 26.4392 -44.0161 -25.9936 1.9644 -36.8158 -17.8446 -44.3973 -32.1669 31.7234 -48.2778 -28.8755 22.4157 -42.9342 -25.8324 3.2510
-24.1344 -43.1642 23.1201 -29.0020 -48.3984 30.3934 -32.2774 -43.5870 -18.3598 -37.0850 3.5716 -25.9804 -43.6343 25.6070 -28.9198 -48.0022 34.3832 -36.3055 -40.4663 -17.5641 -43.2800 31.1940 -43.8685 35.5895 -41.4613 25.7759 -38.5969 8.5255 -34.6023 -12.6991 -33.6218 -15.6875 -31.5331 -43.0122 -33.5311 13.3142 -40.0381 29.8479 -47.5368 -26.9024 -23.2546 -37.1543 29.0134 -45.0843 10.9856 -41.8857 34.6240 -41.4377 31.0003 -46.5484 -16.8180 -22.1804 -49.0635 -27.3667 20.4673 -39.8296 34.4260 -45.3514 -22.0627 -45.0347 -32.0359 3.8710 -35.4642 11.2356 -35.3969 3.8376 -32.1555 -43.4891 -23.7655 -46.3017 30.0639 -43.4171 -13.4277 -48.6329 -31.6913 6.4256 -39.3172 28.8721 -42.3835 36.0316 -42.9179 -15.6126 -44.0225 -35.8641 35.0910 -48.5386 -29.3371 25.4083 -43.6140 -25.9762 3.6023 -37.0883 -18.3590 -43.5870 -32.2774 30.3934 -48.3984 -29.0020 23.1201 -43.1642 -24.1344
-43.5280 23.8208 -29.1306 -48.5089 28.7353 -32.3865 -42.6493 -18.8666 -37.3319 4.8675 -26.0119 -43.4652 24.2198 -33.0879 -48.5177 -11.6393 -40.7708 11.9309 -30.1975 -47.5116 -9.6835 -48.5287 -21.3817 -48.0991 -10.2999 -44.2292 35.1720 -39.9829 17.7928 -38.3429 18.4879 -38.3637 -3.4826 -30.1438 -43.8626 -33.5071 13.4888 -40.1282 28.3139 -48.1443 -28.6407 7.3196 -40.0912 -22.4114 -48.8714 -9.2194 -41.6592 25.0251 -40.4424 32.1707 -41.7792 3.5102 -27.8980 -47.1159 -32.8160 7.2731 -38.4182 30.9082 -43.6840 -13.9405 -48.8829 -25.2674 -47.4195 -27.1647 -47.6238 -25.0912 -48.8341 -14.8726 -44.2630 35.6524 -42.6491 -7.2334 -48.6999 -30.4243 2.1967 -39.1030 33.0344 -44.5273 -7.5781 -46.6886 2.3141 -46.9701 -29.3521 10.2081 -40.6607 -13.0807 -48.3665 -33.2788 24.1922 -43.4362 -26.0087 4.8825 -37.3323 -18.8666 -42.6493 -32.3865 28.7353 -48.5089 -29.1306 23.8208 -43.5280
24.6008 -29.0956 -48.6065 26.7106 -32.4939 -41.5736 -19.3579 -37.5612 5.9318 -26.0776 -43.5626 24.2729 -36.8895 -6.2935 -29.5392 -47.9928 35.6979 -37.2503 -37.1993 -20.8667 -48.2077 -30.1140 -22.2921 -30.1783 -47.5216 -22.4838 -46.9335 27.4569 -41.4125 33.3985 -43.0889 25.9684 -32.7357 -45.7576 -25.4208 -44.9898 -33.5349 14.1996 -40.3195 22.2325 -48.4837 -25.6648 -48.8104 28.4339 -31.9633 -49.0979 32.3180 -39.6209 14.6671 -38.4262 12.7412 -32.7312 -48.5412 -22.0516 -48.3232 -30.2077 -7.3338 -36.7145 22.0738 -40.6441 34.9428 -43.7641 6.5952 -44.5689 8.1429 -43.6344 34.8722 -41.4470 33.7124 -42.0897 1.4574 -48.3061 -28.9558 -8.7962 -38.0513 30.1165 -44.9044 -19.7156 -48.1844 -26.0653 -47.3371 -19.4251 -40.6344 -36.8358 35.6294 -48.1602 -29.8736 -4.3576 -37.0391 24.3190 -43.5437 -26.0760 5.9336 -37.5612 -19.3579 -41.5736 -32.4939 26.7106 -48.6065 -29.0956 24.6008
-28.4345 -48.6871 24.3093 -32.5969 -40.3619 -19.8306 -37.7833 6.8503 -26.1608 -43.7551 24.8398 -35.0975 24.6390 -38.1948 -14.5209 -23.2919 -43.5105 15.9469 -29.9210 -47.3761 -20.1704 22.5177 -37.9376 11.9803 -34.2301 -31.7026 -27.3366 -48.3206 -5.5514 -44.7318 -16.6833 -47.8729 -45.4918 -11.6807 -46.3345 -21.7263 -44.9638 -33.5111 14.0210 -40.1209 35.1007 -45.1211 14.8389 -39.0859 -8.0047 -22.8442 -43.7953 21.0648 -37.2694 0.7868 -33.8203 -45.4895 -19.6741 -45.3089 -11.1202 -48.2572 -27.0752 -33.9484 -34.7915 10.5167 -37.9674 19.4213 -38.3743 22.3563 -38.5055 21.0798 -39.3091 25.9458 -41.5929 11.3351 -48.0601 -27.9239 -20.4359 -36.9449 23.2223 -42.7864 -17.7828 -45.1008 -33.2972 1.5702 -21.9257 -47.4342 -29.4201 15.1914 -43.4448 -23.5718 -12.6767 -38.2994 24.5508 -35.2468 24.8469 -43.7498 -26.1605 6.8503 -37.7833 -19.8306 -40.3619 -32.5969 24.3093 -48.6871 -28.4345
-48.4671 21.4466 -32.6860 -39.0036 -20.2798 -37.9992 7.6882 -26.2540 -43.9430 25.7415 -28.1294 -23.9249 -47.4761 29.3782 -34.5207 -49.0804 30.2184 -36.3110 -43.7761 -10.9361 -39.0365 -49.4004 12.1729 -40.3802 21.6744 -36.9976 -4.5709 -29.7833 -48.7553 -20.4487 -48.5757 -31.8471 28.9911 -41.5202 35.9336 -45.5024 -20.8977 -46.0468 -32.6178 8.7511 -38.2052 22.2218 -38.4535 7.6995 -29.7802 -48.1013 35.7206 -39.0262 9.8836 -36.0546 -31.2725 -25.5530 -46.0045 35.4276 -41.9914 20.7015 -47.0113 -26.6576 -32.2357 -35.8021 5.3008 -36.4063 -0.2105 -35.7131 3.9236 -37.5558 19.9225 -41.0698 18.1847 -48.0152 -27.4635 -24.5062 -36.3822 18.9856 -41.1685 1.6335 -48.7383 -32.7514 16.8148 -38.0949 -42.3081 -11.0849 -44.9033 -36.0698 29.9103 -49.0260 -34.6650 29.1765 -47.3272 -23.7401 -28.1624 25.7236 -43.9435 -26.2541 7.6882 -37.9992 -20.2798 -39.0036 -32.6860 21.4466 -48.4671
4.9108 -32.2856 -37.5099 -20.7073 -38.2122 8.4625 -26.3527 -44.1453 26.2496 -29.2305 -47.8682 -5.6051 -20.6811 -41.3892 4.4263 -23.5574 -42.1961 9.9965 -26.0152 -43.5651 22.3557 -27.2379 -47.3528 1.5979 -42.8133 30.8523 -38.6028 4.2651 -31.1451 -47.8725 -28.2808 -28.5071 -36.7408 16.1135 -39.8937 34.2931 -44.8641 -18.0842 -48.5139 -29.7877 -20.6690 -33.3457 -14.3125 -29.4912 -48.8624 8.4377 -40.6011 19.8377 -39.2821 21.7860 -33.6224 -48.6863 3.5889 -40.9817 26.1854 -41.0644 -0.7479 -48.7096 -33.4392 19.4981 -38.5110 9.6135 -35.4252 -18.8351 -36.0456 16.1961 -40.6922 21.3495 -48.0375 -27.4275 -24.3196 -36.3051 18.4934 -41.2352 31.3233 -47.2282 -27.8989 7.4128 -41.5968 -19.4416 26.3465 -43.4618 -25.7923 9.7610 -42.2257 -23.7966 4.8111 -41.3581 -20.4974 -5.3478 -47.8770 -29.2386 26.2476 -44.1459 -26.3530 8.4626 -38.2122 -20.7073 -37.5099 -32.2856 4.9108
-33.3044 -35.8813 -21.1098 -38.4260 9.1948 -26.4561 -44.3582 26.8908 -29.5801 -48.8243 22.6722 -30.6320 -48.2784 30.3661 -32.1192 -48.3063 32.0425 -32.6854 -48.9176 35.1711 -35.2904 -45.3695 -26.7145 -48.7507 -20.1115 -45.8129 35.4827 -39.1030 6.9560 -32.8936 -38.0611 -33.3988 -8.3366 -36.4393 10.6254 -39.2372 30.6541 -43.1411 -5.2821 -47.9912 -22.4117 -49.0708 -22.7246 -47.9844 9.6992 -40.9779 23.3259 -40.6340 28.2971 -45.8639 -0.8843 -23.1360 -44.1437 25.0007 -38.8210 25.7790 -44.2160 -23.2261 3.4554 -45.5903 30.8471 -39.9512 9.5795 -36.1261 13.3022 -40.3444 25.1750 -48.0874 -27.6559 -21.1794 -36.4926 19.6131 -41.3668 31.5274 -46.7678 -23.1119 -40.7389 -35.8489 35.0169 -49.3158 -35.0640 35.2544 -48.9470 -32.9078 32.6798 -48.4896 -32.4242 30.3751 -48.2175 -30.5613 22.0533 -48.8372 -29.5921 26.8817 -44.3572 -26.4563 9.1949 -38.4260 -21.1098 -35.8813 -33.3044
-36.3057 -21.4799 -38.6416 9.9034 -26.5630 -44.5777 27.5696 -29.7521 -48.8290 16.4613 -32.8873 -43.5747 -6.9230 -35.8906 -40.4631 -9.9080 -36.5088 -35.2222 -15.0893 -38.3895 -6.5991 -32.1039 -2.8938 -33.3604 -34.7157 -25.4035 -46.7521 35.7732 -39.2773 10.5258 -35.8622 2.7664 -36.6145 5.3744 -36.9607 9.2126 -38.4630 23.1581 -40.9319 35.7320 -43.8165 25.4277 -43.8591 35.6669 -40.3112 19.7690 -39.4801 34.7481 -49.4836 -30.0683 23.8372 -43.8234 28.5579 -37.8492 6.0658 -37.9625 29.6403 -44.0952 7.4083 -29.0584 -49.5103 34.9751 -38.7373 13.4356 -39.8545 32.4081 -47.9112 -27.6446 -17.2768 -36.8574 21.5588 -41.4410 24.0337 -47.3884 -23.3903 -45.8597 -32.9992 10.2258 -40.8460 -21.4946 -2.8917 -38.9604 -16.8458 -29.0484 -37.3194 -13.3453 -36.4496 -36.4494 -7.3439 -44.0600 -32.8904 17.0775 -48.8819 -29.7260 27.5697 -44.5755 -26.5632 9.9034 -38.6416 -21.4799 -36.3057
-20.4099 -38.8589 10.5956 -26.6721 -44.8006 28.2713 -29.9106 -48.8304 12.2768 -33.2416 -31.9621 -20.5117 -37.7849 0.1526 -23.6423 -40.2293 8.2039 -26.0546 -42.9857 16.2738 -32.2282 -27.5819 -39.9643 25.8021 -36.7002 -21.9205 -25.6357 -46.5270 35.8444 -40.0259 20.0925 -39.4838 21.9730 -39.3344 17.2500 -37.9000 8.4168 -37.3113 12.8827 -38.4937 20.4461 -39.1151 20.1495 -38.0995 10.6711 -36.9874 17.9392 -42.9717 -21.0131 -20.5053 -36.9356 16.6702 -36.1346 -12.0683 -32.6898 -9.5824 -36.4916 18.6876 -37.4310 -15.2068 -21.4693 -43.1521 21.2835 -39.5092 35.7176 -47.0728 -26.6480 -18.6915 -37.0620 23.7928 -41.8048 8.6672 -47.9110 -25.5822 -40.7187 -33.5675 3.5806 -37.9135 30.0019 -46.6203 -30.6526 20.0023 -44.3464 -28.0791 15.0788 -42.9782 -27.0675 11.6134 -41.1728 -23.7358 -20.4508 -35.1010 16.6147 -48.7171 -29.8290 28.2928 -44.7988 -26.6722 10.5956 -38.8589 -20.4099
-39.6475 11.2738 -26.7826 -45.0230 28.9822 -30.0582 -48.7948 8.0028 -33.0899 -30.8357 -22.0425 -38.5711 9.3567 -28.1433 -44.5277 23.2323 -31.7752 -48.2663 34.8473 -34.9570 -47.7844 -20.6113 -20.8858 -46.3710 30.3574 -36.3000 -31.9876 -24.8117 -46.3924 34.7241 -42.1206 35.4503 -44.0437 32.8212 -42.2795 28.0087 -38.5814 5.9974 -35.6697 -8.5777 -34.3498 -4.3416 -33.7481 -19.1271 -32.6830 -14.4210 -37.3405 31.4102 -46.4715 -25.6496 -35.1759 -30.7641 -42.3586 -26.6511 -48.7678 -27.0659 -39.9097 -31.5683 -27.2107 -26.6311 -46.8625 33.4535 -39.7570 30.8463 -45.1984 -23.8887 -30.3565 -36.5740 24.4417 -42.3705 -5.6663 -48.4535 -27.6133 -31.8370 -34.9875 11.4617 -39.2130 20.9019 -39.7093 -4.3953 -45.0717 -35.7463 27.8432 -48.9290 -34.4883 33.7651 -49.2187 -34.6315 35.3010 -48.4967 -32.0848 11.1392 -38.4340 2.2815 -48.6328 -29.9671 29.0034 -45.0224 -26.7826 11.2738 -39.6475
11.7488 -26.8540 -45.2443 29.6883 -30.2008 -48.7553 4.1078 -33.0307 -31.2480 -22.5787 -39.9803 15.9830 -33.9957 -49.1281 30.7043 -36.6142 -39.6428 -14.6904 -39.5828 -1.1060 -23.7375 -43.1454 1.6149 -21.9199 -42.5156 21.5043 -35.4900 -34.6683 -24.7238 -46.6108 -7.9247 -47.8373 -21.7964 -48.8518 -16.7594 -44.9806 33.4430 -38.3453 -3.9394 -31.7446 -47.2579 -26.5449 -48.6223 -24.7112 -48.7074 -29.6096 -2.0896 -38.8913 35.3508 -45.8574 -17.4730 -48.2468 -16.0622 -45.8125 1.0171 -46.0845 -17.6339 -48.6551 -19.4670 -46.4816 35.8200 -40.1111 24.9276 -42.5467 -18.2264 -43.9638 -35.0359 21.6450 -42.1849 -10.0380 -48.7540 -29.5859 -16.1818 -36.1877 15.8446 -40.6699 33.2674 -42.5208 30.8888 -43.2977 -25.8973 9.0121 -41.6111 -23.4985 4.4739 -41.1372 -23.4548 6.9273 -41.9203 -22.2908 -14.3055 -38.7663 33.7513 -43.8087 -14.9061 -48.7000 -30.1365 29.6913 -45.2443 -26.8540 11.7488
-25.4958 -45.4639 30.3830 -30.3417 -48.7525 0.8394 -33.3129 -22.2863 -26.8059 -44.4679 31.4587 -38.6225 15.2660 -21.2090 -42.0462 10.2556 -27.2085 -45.2024 22.8126 -31.8439 -47.9948 34.4193 -33.5263 -48.7711 3.0478 -40.6945 21.2240 -35.6283 -35.5114 -25.4568 -48.7592 -29.1422 -20.6174 -31.7776 -42.0830 -23.8598 -45.7592 30.8613 -36.3651 -38.7251 -23.5865 -46.3879 -4.3380 -45.0430 -11.4566 -48.5709 -29.9864 3.0953 -38.5269 28.6415 -41.9410 35.5208 -41.9748 31.8380 -40.5081 32.5664 -42.2394 35.4582 -42.5178 31.3225 -39.6326 20.1070 -40.6382 -2.5619 -48.6931 -32.6092 15.4479 -41.1603 -4.7159 -48.7658 -30.6662 -1.4570 -37.6242 19.6012 -41.1161 35.0576 -46.2639 -8.2234 -41.4513 33.6619 -49.0871 -33.7135 33.4377 -48.6083 -32.8793 32.9785 -48.9751 -33.7313 35.1071 -49.2192 -33.9321 24.4525 -44.6223 -15.9418 -48.6188 -15.2670 -48.7398 -30.3264 30.3804 -45.4639 -25.4958
-45.6243 31.0537 -30.4778 -48.7597 -1.7996 -33.6047 -11.5376 -32.8358 -47.2827 -16.3778 -42.4421 30.4536 -43.7025 -30.3410 8.5647 -31.0222 -48.9309 32.9657 -36.8325 -39.9614 -12.6418 -38.6073 -10.9131 -27.1658 -47.6805 -4.5642 -42.1773 23.0111 -35.0157 -40.9836 -30.6453 1.1166 -38.2759 18.1321 -35.7970 -29.3392 -22.9795 -43.3772 19.4931 -32.4126 -48.7425 9.3223 -41.4229 33.4752 -42.2383 -3.3208 -48.6513 -29.4832 -9.3722 -35.7551 12.5149 -37.4738 13.4577 -36.9933 10.4842 -37.1179 14.5270 -37.9122 15.3203 -37.8973 14.0391 -39.6948 32.1080 -48.1192 -29.7737 6.5756 -39.8150 25.3605 -48.5812 -30.0709 1.9065 -38.7240 25.4196 -41.9364 32.6113 -47.0057 -23.8534 -47.5771 33.8874 -40.4646 -19.9189 -10.6152 -39.2155 -18.8161 -17.6796 -38.9286 -19.8530 -1.5823 -40.7930 -22.0598 -1.1633 -40.0480 0.1885 -48.6634 -27.5698 -43.8295 -7.5818 -48.7590 -30.4822 31.0537 -45.6243
