0.2759 -23.9002 -43.1816 23.4534 -28.1625 -48.3587 9.9455 -33.0566 -38.8925 -19.9385 -39.3258 10.5641 -25.2618 -45.2880 29.8901 -29.8659 -48.7870 -10.2693 -35.4434 -16.4622 -22.4259 -41.3372 17.4473 -26.7513 -47.2105 29.4518 -31.6089 -46.7337 -16.7966 -37.6767 2.7962 -24.0827 -43.4422 24.3206 -28.3670 -48.4451 6.1058 -33.2446 -36.9824 -20.2967 -39.5681 11.4616 -25.4380 -45.5422 30.4653 -30.0820 -48.7510 -11.4236 -35.7429 -14.9798 -28.9994 -14.9602 -35.7445 -11.4240 -48.7511 -30.0820 30.4653 -45.5422 -25.4380 11.4616 -39.5681 -20.2967 -36.9824 -33.2446 6.1058 -48.4451 -28.3670 24.3206 -43.4422 -24.0827 2.7962 -37.6767 -16.7966 -46.7337 -31.6089 29.4518 -47.2105 -26.7513 17.4473 -41.3372 -22.4259 -16.4622 -35.4434 -10.2693 -48.7870 -29.8659 29.8901 -45.2880 -25.2618 10.5641 -39.3258 -19.9385 -38.8925 -33.0566 9.9455 -48.3587 -28.1625 23.4534 -43.1816 -23.9002 0.2759
-23.9002 -42.9003 22.8274 -28.9121 -48.5439 25.8229 -32.1702 -38.5159 -20.8375 -38.4971 10.1339 -26.6763 -45.0952 29.9117 -30.1535 -48.7560 -4.6582 -34.0315 -16.0682 -24.0810 -40.7447 16.7534 -27.8141 -47.2140 34.6989 -31.3465 -46.5797 -16.2849 -36.6258 2.6328 -25.7944 -43.0699 23.5323 -29.0447 -48.6557 22.6315 -32.2599 -36.5687 -21.3266 -38.7697 10.9976 -26.8100 -45.3739 30.7787 -30.3087 -48.7126 -6.9813 -34.3883 -12.6113 -24.4152 -43.4926 -24.4094 -12.5672 -34.3991 -6.9927 -48.7128 -30.3087 30.7787 -45.3739 -26.8100 10.9976 -38.7697 -21.3266 -36.5687 -32.2599 22.6315 -48.6557 -29.0447 23.5323 -43.0699 -25.7944 2.6328 -36.6258 -16.2849 -46.5797 -31.3465 34.6989 -47.2140 -27.8141 16.7534 -40.7447 -24.0810 -16.0682 -34.0315 -4.6582 -48.7560 -30.1535 29.9117 -45.0952 -26.6763 10.1339 -38.4971 -20.8375 -38.5159 -32.1702 25.8229 -48.5439 -28.9121 22.8274 -42.9003 -23.9002
-43.1816 22.8274 -29.0174 -48.4724 27.7042 -32.5487 -39.8547 -20.4369 -38.2853 9.4319 -26.5972 -44.8721 29.2096 -30.2580 -48.7583 -2.4188 -33.7368 -18.7249 -23.8329 -40.5191 16.1143 -27.7836 -47.0256 34.6329 -31.5656 -47.0296 -15.5926 -36.4156 1.4964 -25.6806 -42.8399 22.8345 -29.0767 -48.5684 25.3434 -32.6517 -38.1321 -20.9493 -38.5533 10.3147 -26.7362 -45.1531 30.0978 -30.4253 -48.7506 -5.1099 -34.0839 -16.0867 -24.6652 -39.4269 26.5357 -40.5377 -24.1658 -15.3905 -34.1084 -5.1352 -48.7507 -30.4253 30.0978 -45.1531 -26.7362 10.3147 -38.5533 -20.9493 -38.1321 -32.6517 25.3434 -48.5684 -29.0767 22.8345 -42.8399 -25.6806 1.4964 -36.4156 -15.5926 -47.0296 -31.5656 34.6329 -47.0256 -27.7836 16.1143 -40.5191 -23.8329 -18.7249 -33.7368 -2.4188 -48.7583 -30.2580 29.2096 -44.8721 -26.5972 9.4319 -38.2853 -20.4369 -39.8547 -32.5487 27.7042 -48.4724 -29.0174 22.8274 -43.1816
23.4534 -28.9121 -48.4724 28.3950 -32.5057 -40.8011 -20.0634 -38.0906 8.7416 -26.4884 -44.6441 28.4821 -30.1279 -48.7521 0.1201 -33.4374 -21.3787 -23.5671 -40.2909 15.4674 -27.6632 -46.8318 34.4157 -31.4386 -47.4201 -14.8312 -36.1953 0.2576 -25.5739 -42.6064 22.1333 -28.9484 -48.4650 27.5937 -32.5603 -39.5632 -20.5391 -38.3389 9.6175 -26.6237 -44.9269 29.3837 -30.2957 -48.7602 -3.0030 -33.7978 -19.2957 -25.2055 -45.6431 12.1003 -30.7049 15.5995 -40.5978 -23.8980 -18.0147 -33.8152 -3.0226 -48.7602 -30.2957 29.3837 -44.9269 -26.6237 9.6175 -38.3389 -20.5391 -39.5632 -32.5603 27.5937 -48.4650 -28.9484 22.1333 -42.6064 -25.5739 0.2576 -36.1953 -14.8312 -47.4201 -31.4386 34.4157 -46.8318 -27.6632 15.4674 -40.2909 -23.5671 -21.3787 -33.4374 0.1201 -48.7521 -30.1279 28.4821 -44.6441 -26.4884 8.7416 -38.0906 -20.0634 -40.8011 -32.5057 28.3950 -48.4724 -28.9121 23.4534
-28.1625 -48.5439 27.7042 -32.5057 -41.1350 -19.8330 -37.9399 8.1346 -26.3903 -44.4242 27.7609 -29.9998 -48.7757 3.0107 -33.1740 -23.9713 -23.2874 -40.0604 14.8113 -27.5449 -46.6344 34.0944 -31.3034 -47.7541 -13.9883 -35.9654 -1.0978 -25.4502 -42.3697 21.4298 -28.8221 -48.3491 29.4728 -32.4549 -40.8646 -20.1025 -38.1268 8.9044 -26.5116 -44.6961 28.6505 -30.1646 -48.7472 -0.5791 -33.5197 -21.1559 -24.6092 -46.7553 -26.4966 4.7321 -48.2457 -27.8979 15.6862 -40.3384 -23.6374 -20.6724 -33.5177 -0.5852 -48.7455 -30.1660 28.6491 -44.6961 -26.5116 8.9044 -38.1268 -20.1025 -40.8646 -32.4549 29.4728 -48.3491 -28.8221 21.4298 -42.3697 -25.4502 -1.0978 -35.9654 -13.9883 -47.7541 -31.3034 34.0944 -46.6344 -27.5449 14.8113 -40.0604 -23.2874 -23.9713 -33.1740 3.0107 -48.7757 -29.9998 27.7609 -44.4242 -26.3903 8.1346 -37.9399 -19.8330 -41.1350 -32.5057 27.7042 -48.5439 -28.1625
-48.3587 25.8229 -32.5487 -40.8011 -19.8330 -37.8798 7.7487 -26.3208 -44.2435 27.1217 -29.8791 -48.8114 6.1899 -33.0397 -26.4507 -22.9949 -39.8306 14.1531 -27.4296 -46.4358 33.6918 -31.1650 -48.0315 -13.0598 -35.7293 -2.5731 -25.3098 -42.1329 20.7334 -28.6989 -48.2233 30.9925 -32.3429 -42.0270 -19.6426 -37.9187 8.1773 -26.4013 -44.4643 27.9089 -30.0311 -48.7740 2.2855 -33.2371 -23.0289 -23.3398 -41.8855 -3.7843 -48.4288 -31.7233 34.2822 -46.4756 -27.5741 14.9451 -40.1119 -23.3622 -23.2719 -33.2220 2.2169 -48.7639 -30.0343 27.9088 -44.4643 -26.4013 8.1773 -37.9187 -19.6426 -42.0270 -32.3429 30.9925 -48.2233 -28.6989 20.7334 -42.1329 -25.3098 -2.5731 -35.7293 -13.0598 -48.0315 -31.1650 33.6918 -46.4358 -27.4296 14.1531 -39.8306 -22.9949 -26.4507 -33.0397 6.1899 -48.8114 -29.8791 27.1217 -44.2435 -26.3208 7.7487 -37.8798 -19.8330 -40.8011 -32.5487 25.8229 -48.3587
9.9455 -32.1702 -39.8547 -20.0634 -37.9399 7.7487 -26.2958 -44.1395 26.6648 -29.7789 -48.8216 9.3494 -33.0022 -28.7340 -22.6932 -39.5983 13.4796 -27.3186 -46.2372 33.2276 -31.0177 -48.2607 -12.0094 -35.4901 -4.1736 -25.1534 -41.8926 20.0333 -28.5799 -48.0889 32.1880 -32.2198 -43.0739 -19.1501 -37.7141 7.4311 -26.2934 -44.2321 27.1608 -29.8864 -48.8664 6.0565 -33.1433 -25.4175 -23.0906 -39.9262 26.7531 -41.5883 -14.4599 -47.7548 -30.9610 33.6649 -46.5181 -27.4695 14.2873 -39.8773 -23.0760 -25.7568 -33.0649 5.4219 -48.8504 -29.9017 27.1660 -44.2320 -26.2934 7.4311 -37.7141 -19.1501 -43.0739 -32.2198 32.1880 -48.0889 -28.5799 20.0333 -41.8926 -25.1534 -4.1736 -35.4901 -12.0094 -48.2607 -31.0177 33.2276 -46.2372 -27.3186 13.4796 -39.5983 -22.6932 -28.7340 -33.0022 9.3494 -48.8216 -29.7789 26.6648 -44.1395 -26.2958 7.7487 -37.9399 -20.0634 -39.8547 -32.1702 9.9455
-33.0566 -38.5159 -20.4369 -38.0906 8.1346 -26.3208 -44.1395 26.4959 -29.7204 -48.8165 11.9774 -32.9715 -30.6849 -22.3951 -39.3689 12.7901 -27.2138 -46.0435 32.7289 -30.8542 -48.4464 -10.7873 -35.2531 -5.8753 -24.9842 -41.6448 19.3178 -28.4666 -47.9487 33.0975 -32.0834 -44.0112 -18.6206 -37.5112 6.6540 -26.1893 -44.0034 26.4287 -29.7295 -48.8911 12.9483 -34.2059 -27.0112 -22.8059 -39.3636 14.3772 -36.0945 18.2442 -39.3782 -11.7554 -48.3324 -30.9392 33.4308 -46.3053 -27.3590 13.6233 -39.6530 -22.7755 -28.0886 -33.7831 11.9558 -48.9331 -29.7649 26.4364 -44.0033 -26.1891 6.6540 -37.5112 -18.6206 -44.0112 -32.0834 33.0975 -47.9487 -28.4666 19.3178 -41.6448 -24.9842 -5.8753 -35.2531 -10.7873 -48.4464 -30.8542 32.7289 -46.0435 -27.2138 12.7901 -39.3689 -22.3951 -30.6849 -32.9715 11.9774 -48.8165 -29.7204 26.4959 -44.1395 -26.3208 8.1346 -38.0906 -20.4369 -38.5159 -33.0566
-38.8925 -20.8375 -38.2853 8.7416 -26.3903 -44.2435 26.6648 -29.7204 -48.8124 13.4903 -32.9420 -32.1292 -22.1343 -39.1594 12.1283 -27.1168 -45.8575 32.2166 -30.6750 -48.5905 -9.3222 -35.0248 -7.6301 -24.8065 -41.3896 18.5863 -28.3608 -47.8053 33.7541 -31.9358 -44.8433 -18.0497 -37.3087 5.8357 -26.0895 -43.7802 25.7230 -29.5795 -48.8340 16.7777 -38.7307 22.2556 -24.2309 -39.5671 14.8542 -30.8799 -40.9018 -32.3233 11.4066 -35.7042 -22.4225 -48.4623 -30.7833 32.8888 -46.0978 -27.1908 13.3020 -39.4621 -22.5443 18.4826 -37.0242 17.8766 -48.9340 -29.6111 25.7284 -43.7797 -26.0891 5.8357 -37.3087 -18.0497 -44.8433 -31.9358 33.7541 -47.8053 -28.3608 18.5863 -41.3896 -24.8065 -7.6301 -35.0248 -9.3222 -48.5905 -30.6750 32.2166 -45.8575 -27.1168 12.1283 -39.1594 -22.1343 -32.1292 -32.9420 13.4903 -48.8124 -29.7204 26.6648 -44.2435 -26.3903 8.7416 -38.2853 -20.8375 -38.8925
-19.9385 -38.4971 9.4319 -26.4884 -44.4242 27.1217 -29.7789 -48.8165 13.4903 -32.9271 -32.9269 -21.9474 -38.9985 11.5615 -27.0350 -45.6888 31.7142 -30.4889 -48.6905 -7.5247 -34.8161 -9.3487 -24.6262 -41.1222 17.8253 -28.2665 -47.6629 34.1939 -31.7723 -45.5836 -17.4241 -37.1016 4.9454 -25.9958 -43.5661 25.0668 -29.4200 -48.8178 20.0650 -40.4522 35.9099 -46.7632 -13.4859 -47.7201 -23.8084 -47.6122 -18.0331 -48.7625 -20.9189 -43.7732 -36.5305 -23.4295 -48.5878 -30.7037 31.7882 -45.5519 -26.5140 -4.2069 -31.3814 -48.2401 28.0799 -37.2431 20.6905 -48.8575 -29.4280 25.0591 -43.5656 -25.9956 4.9453 -37.1015 -17.4242 -45.5847 -31.7723 34.1939 -47.6629 -28.2665 17.8253 -41.1222 -24.6262 -9.3487 -34.8161 -7.5247 -48.6905 -30.4889 31.7142 -45.6888 -27.0350 11.5615 -38.9985 -21.9474 -32.9269 -32.9271 13.4903 -48.8165 -29.7789 27.1217 -44.4242 -26.4884 9.4319 -38.4971 -19.9385
-39.3258 10.1339 -26.5972 -44.6441 27.7609 -29.8791 -48.8216 11.9774 -32.9420 -32.9269 -21.8756 -38.9097 11.1699 -26.9764 -45.5569 31.2877 -30.3100 -48.7444 -5.3805 -34.6354 -10.8908 -24.4547 -40.8372 17.0174 -28.1870 -47.5287 34.4556 -31.5978 -46.2259 -16.7465 -36.8789 3.9139 -25.9150 -43.3824 24.5016 -29.2032 -48.7566 23.6368 -37.1310 23.5041 -43.5570 34.6280 -45.1306 7.6550 -42.7455 35.0660 -41.4661 35.3612 -42.0588 26.6363 -30.8865 -47.5803 -14.1809 -48.7154 -30.7201 27.2848 -43.2239 -19.2097 -49.2574 -17.0061 -42.8564 19.2205 -36.1937 22.6251 -48.7434 -29.1982 24.4923 -43.3813 -25.9145 3.9161 -36.8818 -16.7455 -46.2268 -31.5978 34.4556 -47.5287 -28.1870 17.0174 -40.8372 -24.4547 -10.8908 -34.6354 -5.3805 -48.7444 -30.3100 31.2877 -45.5569 -26.9764 11.1699 -38.9097 -21.8756 -32.9269 -32.9420 11.9774 -48.8216 -29.8791 27.7609 -44.6441 -26.5972 10.1339 -39.3258
10.5641 -26.6763 -44.8721 28.4821 -29.9998 -48.8114 9.3494 -32.9715 -32.1292 -21.9474 -38.9097 11.0290 -26.9453 -45.4719 30.9835 -30.1547 -48.7606 -2.9862 -34.4901 -12.1749 -24.3029 -40.5391 16.1644 -28.1232 -47.4077 34.5883 -31.4179 -46.7611 -16.0425 -36.6304 2.6525 -25.8538 -43.2550 24.1107 -28.9193 -48.5944 25.3607 -34.5520 4.1573 -37.6691 20.1297 -40.5534 24.9720 -38.1148 15.6320 -35.8555 10.1222 -35.6143 8.3238 -32.6310 -46.8491 -7.0224 -38.4534 -1.1795 -48.9894 -30.0441 16.2008 -39.1514 34.6459 -41.8801 22.7003 -37.4197 1.5856 -34.4224 25.4200 -48.5909 -28.9175 24.0977 -43.2527 -25.8520 2.6700 -36.6338 -16.0400 -46.7610 -31.4179 34.5883 -47.4077 -28.1232 16.1644 -40.5391 -24.3029 -12.1749 -34.4901 -2.9862 -48.7606 -30.1547 30.9835 -45.4719 -26.9453 11.0290 -38.9097 -21.9474 -32.1292 -32.9715 9.3494 -48.8114 -29.9998 28.4821 -44.8721 -26.6763 10.5641
-25.2618 -45.0952 29.2096 -30.1279 -48.7757 6.1899 -33.0022 -30.6849 -22.1343 -38.9985 11.1699 -26.9453 -45.4418 30.8196 -30.0472 -48.7544 -0.6769 -34.3903 -13.0798 -24.1798 -40.2462 15.2958 -28.0765 -47.3049 34.6323 -31.2284 -47.1946 -15.3204 -36.3283 1.0380 -25.8137 -43.2091 23.9833 -28.5998 -48.3964 29.2090 -33.5686 -28.9351 -31.1392 -24.5282 -33.9749 -0.0060 -33.3898 -22.6799 -29.6699 -45.6560 -27.5829 -47.4586 -25.3245 -49.0888 -10.8827 -40.2258 16.9405 -35.0398 19.9157 -48.3000 -27.6946 -9.9566 -34.2590 8.2069 -34.7123 -20.5569 -31.2427 -29.8368 -33.6778 29.3390 -48.3980 -28.6062 23.9562 -43.2027 -25.8151 1.0427 -36.3519 -15.3202 -47.1938 -31.2284 34.6323 -47.3049 -28.0765 15.2958 -40.2462 -24.1798 -13.0798 -34.3903 -0.6769 -48.7544 -30.0472 30.8196 -45.4418 -26.9453 11.1699 -38.9985 -22.1343 -30.6849 -33.0022 6.1899 -48.7757 -30.1279 29.2096 -45.0952 -25.2618
-45.2880 29.9117 -30.2580 -48.7521 3.0107 -33.0397 -28.7340 -22.3951 -39.1594 11.5615 -26.9764 -45.4719 30.8196 -30.0086 -48.7446 1.0570 -34.3282 -13.6146 -24.0958 -39.9797 14.4793 -28.0479 -47.2276 34.6232 -31.0241 -47.5508 -14.5654 -35.9925 -1.3646 -25.9825 -43.2115 24.1817 -28.3059 -48.1780 32.1540 -34.5546 -35.7847 -24.4859 -48.4952 -23.0783 -49.0322 -24.2090 -49.0250 -19.0892 -46.0362 -5.9823 -44.5652 11.1311 -42.9905 35.1110 -38.6291 12.2195 -32.5160 -21.4962 -33.7514 34.0367 -44.5467 -20.0738 -49.2405 -25.8038 -48.3786 -24.0996 -48.5053 -24.1268 -34.5498 -34.7583 32.1798 -48.1830 -28.3011 24.3384 -43.3688 -25.9665 0.8181 -36.0575 -14.5698 -47.5502 -31.0241 34.6232 -47.2276 -28.0479 14.4793 -39.9797 -24.0958 -13.6146 -34.3282 1.0570 -48.7446 -30.0086 30.8196 -45.4719 -26.9764 11.5615 -39.1594 -22.3951 -28.7340 -33.0397 3.0107 -48.7521 -30.2580 29.9117 -45.2880
29.8901 -30.1535 -48.7583 0.1201 -33.1740 -26.4507 -22.6932 -39.3689 12.1283 -27.0350 -45.5569 30.9835 -30.0472 -48.7446 1.7270 -34.2967 -13.8975 -24.0479 -39.7627 13.7713 -28.0382 -47.1821 34.5921 -30.7963 -47.8473 -13.7728 -35.6578 -3.5982 -30.5494 -44.4454 31.4092 -27.0365 -48.1353 33.2630 -36.0225 -23.1010 -22.3120 -42.8985 32.2942 -44.0544 24.7754 -43.2441 35.3158 -40.3110 27.0037 -38.1585 20.9361 -36.5660 13.6915 -34.2263 -10.8403 -28.2956 -48.7618 -23.1091 -45.4252 -31.8402 19.2218 -39.5677 33.9875 -43.7428 15.8951 -44.0728 34.4448 -41.4895 -22.3502 -21.3537 -35.7561 33.1307 -48.1880 -28.0872 15.4647 -34.5268 -32.6444 -0.0479 -35.7279 -13.7765 -47.8479 -30.7963 34.5921 -47.1821 -28.0382 13.7713 -39.7627 -24.0479 -13.8975 -34.2967 1.7270 -48.7446 -30.0472 30.9835 -45.5569 -27.0350 12.1283 -39.3689 -22.6932 -26.4507 -33.1740 0.1201 -48.7583 -30.1535 29.8901
-29.8659 -48.7560 -2.4188 -33.4374 -23.9713 -22.9949 -39.5983 12.7901 -27.1168 -45.6888 31.2877 -30.1547 -48.7544 1.0570 -34.2967 -13.9776 -24.0262 -39.6239 13.2471 -28.0434 -47.1699 34.5572 -30.5444 -48.0881 -12.9175 -35.3253 -5.8533 -32.6684 29.1944 -45.2375 -10.9338 -46.7803 35.1517 -36.2418 -11.1902 -23.7213 -38.8013 21.7427 -38.7832 20.1088 -37.6651 15.3319 -35.3331 3.4541 -33.0223 -19.5839 -30.8180 -40.3154 -27.2396 -49.2146 -20.4164 -45.2539 34.6532 -39.4740 -9.3872 -49.0433 -28.5676 -4.2052 -34.5429 15.3205 -36.9182 18.2395 -37.3671 17.2886 -37.9899 -23.2942 -22.6802 -35.1942 34.3527 -44.8736 -2.6686 -41.7199 17.1237 -33.9236 -3.7988 -35.3519 -12.9146 -48.0895 -30.5444 34.5572 -47.1699 -28.0434 13.2471 -39.6239 -24.0262 -13.9776 -34.2967 1.0570 -48.7544 -30.1547 31.2877 -45.6888 -27.1168 12.7901 -39.5983 -22.9949 -23.9713 -33.4374 -2.4188 -48.7560 -29.8659
-48.7870 -4.6582 -33.7368 -21.3787 -23.2874 -39.8306 13.4796 -27.2138 -45.8575 31.7142 -30.3100 -48.7606 -0.6769 -34.3282 -13.8975 -24.0262 -39.5777 12.9801 -28.0519 -47.1760 34.5219 -30.2910 -48.2756 -12.0066 -35.0352 -8.1696 -29.1179 -40.1872 -39.0960 29.1530 -40.8158 24.7248 -33.6686 -31.3236 -23.3785 -37.5306 9.9492 -33.7486 -13.7697 -32.1833 -31.0639 -29.0626 -47.6801 -24.4275 -48.7488 -19.1987 -46.7405 -9.5100 -43.8235 33.4407 -39.7896 21.6913 -35.1231 9.1260 -35.6620 34.7122 -45.1165 -20.9899 -49.0727 -27.6224 -39.7660 -30.1256 -35.7890 -32.0095 9.1832 -38.3375 -21.5076 -41.5905 -32.7817 18.6082 -38.8048 18.8267 -36.5605 -39.6705 -29.5798 -8.4648 -35.0278 -11.9967 -48.2772 -30.2910 34.5219 -47.1760 -28.0519 12.9801 -39.5777 -24.0262 -13.8975 -34.3282 -0.6769 -48.7606 -30.3100 31.7142 -45.8575 -27.2138 13.4796 -39.8306 -23.2874 -21.3787 -33.7368 -4.6582 -48.7870
-10.2693 -34.0315 -18.7249 -23.5671 -40.0604 14.1531 -27.3186 -46.0435 32.2166 -30.4889 -48.7444 -2.9862 -34.3903 -13.6146 -24.0479 -39.6239 12.9801 -28.0551 -47.1828 34.4904 -30.0756 -48.4044 -11.1225 -34.7947 -9.6130 -25.5401 -45.6952 -24.5344 -25.5914 -32.5512 -15.4868 -28.4565 -49.2448 -16.5102 -37.2794 5.9794 -29.1497 -48.9901 -22.5360 -48.4464 -17.2197 -45.6929 10.7967 -42.1277 34.8485 -40.1024 27.0217 -37.3722 16.5271 -34.5766 -1.8223 -30.1457 -47.3792 -27.5231 -35.0471 -32.9016 20.5323 -39.6286 31.9546 -44.1211 -9.3877 -46.2430 -17.4246 -48.4646 -30.3264 12.0441 -38.6827 -13.2960 -48.7221 -31.2726 -13.2705 -34.0200 -32.9277 -26.4374 -47.4136 -26.4259 -10.4532 -34.7855 -11.1087 -48.4057 -30.0756 34.4904 -47.1828 -28.0551 12.9801 -39.6239 -24.0479 -13.6146 -34.3903 -2.9862 -48.7444 -30.4889 32.2166 -46.0435 -27.3186 14.1531 -40.0604 -23.5671 -18.7249 -34.0315 -10.2693
-35.4434 -16.0682 -23.8329 -40.2909 14.8113 -27.4296 -46.2372 32.7289 -30.6750 -48.6905 -5.3805 -34.4901 -13.0798 -24.0958 -39.7627 13.2471 -28.0519 -47.1828 34.4769 -29.9542 -48.4775 -10.3917 -34.5914 -11.5480 -25.0490 -43.1825 25.5281 -46.7072 -24.9592 -48.7618 -20.1729 -44.5358 33.8233 -36.0567 1.0684 -27.3267 -46.8262 18.7566 -42.1019 34.6379 -40.0131 24.3578 -36.4397 12.2406 -34.4647 -0.4092 -32.1738 -32.1554 -28.2096 -48.9364 -21.8785 -46.1521 5.8494 -42.4825 -16.5561 -49.1918 -29.0696 -2.6213 -34.6160 17.2641 -37.5806 25.7799 -38.2036 1.8230 -48.7616 -31.4211 9.2682 -34.8244 -19.8042 -25.2972 -33.9419 -28.2779 -30.6632 -48.7207 -16.9908 -45.7665 -25.7663 -12.2406 -34.5930 -10.3722 -48.4784 -29.9541 34.4769 -47.1828 -28.0519 13.2471 -39.7627 -24.0958 -13.0798 -34.4901 -5.3805 -48.6905 -30.6750 32.7289 -46.2372 -27.4296 14.8113 -40.2909 -23.8329 -16.0682 -35.4434
-16.4622 -24.0810 -40.5191 15.4674 -27.5449 -46.4358 33.2276 -30.8542 -48.5905 -7.5247 -34.6354 -12.1749 -24.1798 -39.9797 13.7713 -28.0434 -47.1760 34.4904 -29.9541 -48.5023 -9.9592 -34.4578 -13.1854 -24.8223 -42.9599 36.1608 -44.9318 -21.6126 -45.9832 -27.3433 -45.9908 33.3786 -31.9373 -31.3537 -25.1804 -45.2973 33.6624 -36.9949 13.0278 -34.9621 0.1156 -31.7286 -39.4865 -27.2441 -49.0451 -22.5675 -47.9217 -14.5711 -44.4741 29.7278 -40.2717 25.4132 -36.1596 17.7031 -37.7995 32.2219 -45.6368 -21.7133 -48.7186 -28.6195 -29.4807 -32.4004 -1.8475 -30.7377 7.3038 -46.6883 -21.1380 -49.3245 21.7143 -42.1348 18.0903 -36.7598 -22.2313 -27.7276 -48.5376 -8.5777 -45.0069 -25.1926 -13.4404 -34.4703 -9.9439 -48.5025 -29.9541 34.4904 -47.1760 -28.0434 13.7713 -39.9797 -24.1798 -12.1749 -34.6354 -7.5247 -48.5905 -30.8542 33.2276 -46.4358 -27.5449 15.4674 -40.5191 -24.0810 -16.4622
-22.4259 -40.7447 16.1143 -27.6632 -46.6344 33.6918 -31.0177 -48.4464 -9.3222 -34.8161 -10.8908 -24.3029 -40.2462 14.4793 -28.0382 -47.1699 34.5219 -30.0752 -48.4790 -9.9442 -34.4197 -14.0102 -24.6432 -42.4995 30.4787 -42.4847 -11.9060 -45.9520 -34.6424 20.8806 -42.0993 -3.4601 -48.1114 -12.1320 -40.9839 23.8662 -33.4616 -29.9223 -28.3844 -48.6911 -23.1687 -47.7264 -12.4447 -43.9503 25.8447 -41.0706 30.9515 -38.1827 18.4679 -34.8488 2.2480 -31.5276 -38.7127 -30.5197 -11.7917 -34.2988 22.8244 -40.1385 26.0449 -45.1203 -16.3534 -48.3004 -23.7271 -47.7706 -27.5435 20.9797 -39.5833 34.9632 -42.3006 26.2730 -39.4330 6.1605 -33.1937 -46.0888 -20.9891 -46.4934 27.9369 -43.7939 -24.7046 -13.9468 -34.4289 -9.9414 -48.4789 -30.0734 34.5219 -47.1699 -28.0382 14.4793 -40.2462 -24.3029 -10.8908 -34.8161 -9.3222 -48.4464 -31.0177 33.6918 -46.6344 -27.6632 16.1143 -40.7447 -22.4259
-41.3372 16.7534 -27.7836 -46.8318 34.0944 -31.1650 -48.2607 -10.7873 -35.0248 -9.3487 -24.4547 -40.5391 15.2958 -28.0479 -47.1821 34.5569 -30.2894 -48.4065 -10.3876 -34.4660 -13.9963 -24.5630 -42.2198 24.5451 -39.5724 33.7657 -46.5911 -25.8730 -10.4543 -37.9837 22.4291 -40.6295 34.4341 -40.3575 32.3308 -28.6318 -49.2762 -19.4109 -44.8559 23.2356 -41.7265 34.5672 -40.9461 32.0098 -43.0499 18.7359 -33.4751 -18.1106 -29.1865 -48.3150 -23.1356 -47.4580 -14.0905 -46.2357 -21.7974 -48.2022 -30.1898 3.0420 -35.3912 21.3186 -39.2726 33.6632 -41.5245 -2.6210 -48.5911 -26.9841 28.8641 -43.0001 35.2227 -40.8110 14.4605 -35.7861 -36.1252 -25.7732 -47.9727 7.7507 -43.3527 34.0269 -42.6735 -24.5526 -14.0003 -34.4660 -10.3629 -48.4072 -30.2861 34.5569 -47.1821 -28.0479 15.2958 -40.5391 -24.4547 -9.3487 -35.0248 -10.7873 -48.2607 -31.1650 34.0944 -46.8318 -27.7836 16.7534 -41.3372
17.4473 -27.8141 -47.0256 34.4157 -31.3034 -48.0315 -12.0094 -35.2531 -7.6301 -24.6262 -40.8372 16.1644 -28.0765 -47.2275 34.5914 -30.5352 -48.2774 -11.1143 -34.6039 -14.0855 -24.8155 -42.6619 25.6129 -38.2070 15.1418 -40.6478 31.4155 -48.2547 -27.5422 -24.0620 -35.0213 14.8034 -40.3917 -13.2515 -34.3898 -37.1098 30.7245 -38.9399 21.4252 -36.9438 15.6638 -39.2394 35.5829 -48.9934 -27.0719 19.2860 -47.8987 -16.1067 -44.9789 23.0932 -40.9250 30.4349 -38.7911 28.3887 -40.3381 12.7386 -46.5313 -24.8684 -46.2159 -30.6135 -5.6130 -35.0016 13.6514 -37.9394 28.2007 -38.6441 -25.1251 -23.6246 -46.7472 33.3809 -38.9080 -3.5719 -29.4494 -48.5900 -7.1269 -43.9291 32.1262 -40.6357 28.7535 -42.7646 -24.8299 -13.9727 -34.5633 -11.1198 -48.2821 -30.5385 34.5918 -47.2276 -28.0765 16.1644 -40.8372 -24.6262 -7.6301 -35.2531 -12.0094 -48.0315 -31.3034 34.4157 -47.0256 -27.8141 17.4473
-26.7513 -47.2140 34.6329 -31.4386 -47.7541 -13.0598 -35.4901 -5.8753 -24.8065 -41.1222 17.0174 -28.1232 -47.3049 34.6227 -30.7778 -48.1092 -11.3036 -35.0682 -9.1805 -27.0208 -44.5823 35.5651 -40.1114 14.6834 -38.0519 16.7296 -40.6242 31.2857 -47.1053 -24.4312 -41.3782 -35.1348 26.7699 -46.4374 -26.8832 -18.4734 -32.8591 -12.0818 -31.9189 -27.1299 -34.5081 15.8885 -42.5660 -18.9327 -29.1622 -36.9615 25.0645 -37.6882 19.0705 -35.0045 6.3453 -33.3684 -7.5345 -33.7566 10.3669 -35.5665 17.7124 -48.0790 -17.3273 -47.2581 -24.1933 -45.9808 -31.8296 24.1826 -38.2852 6.7560 -31.4216 -48.7681 -0.1283 -42.0000 15.7050 -33.9360 -47.6811 -16.5100 -44.2642 33.9834 -40.8812 21.4046 -40.6624 35.7325 -44.5475 -26.3326 -12.3130 -34.8562 -11.9620 -48.0956 -30.7911 34.6232 -47.3049 -28.1232 17.0174 -41.1222 -24.8065 -5.8753 -35.4901 -13.0598 -47.7541 -31.4386 34.6329 -47.2140 -26.7513
-47.2105 34.6989 -31.5656 -47.4201 -13.9883 -35.7293 -4.1736 -24.9842 -41.3896 17.8253 -28.1870 -47.4077 34.6323 -31.0111 -47.8881 -11.9906 -37.0324 9.9700 -32.6200 -48.7641 -14.6658 -44.1646 33.4495 -40.0401 12.8497 -37.5665 14.5711 -39.6752 35.7730 -45.7900 -24.5047 -21.8116 -37.9142 35.5616 -46.7086 -19.6241 -48.7173 -21.0323 -48.3622 -25.1096 -39.6670 -35.8332 27.9582 -45.2581 -23.7452 -40.0258 -30.0748 -34.7845 -28.5090 -47.9161 -24.4893 -48.9366 -22.2970 -49.1393 -24.5947 -49.7783 28.6260 -30.6183 -47.9942 26.0274 -42.0304 32.4583 -25.9278 -47.9149 28.7414 -35.5842 -43.8727 -19.4887 -44.2753 28.2395 -37.6320 -21.8984 -26.0908 -46.5185 34.9808 -41.2890 22.8427 -40.7016 33.3286 -43.9886 -8.4983 -48.1787 -30.3832 -1.9203 -35.4294 -12.7440 -47.8501 -31.0220 34.6324 -47.4077 -28.1870 17.8253 -41.3896 -24.9842 -4.1736 -35.7293 -13.9883 -47.4201 -31.5656 34.6989 -47.2105
29.4518 -31.3465 -47.0296 -14.8312 -35.9654 -2.5731 -25.1534 -41.6448 18.5863 -28.2665 -47.5287 34.5883 -31.2260 -47.5641 -12.9748 -40.6567 32.6197 -39.2389 6.4508 -31.1351 -48.4858 -17.1127 -44.6625 32.7389 -39.4443 10.3150 -36.9129 10.8113 -39.0637 35.5976 -46.8857 -27.3350 -3.8114 -37.5749 27.4415 -40.9840 34.8879 -41.6993 31.4292 -46.2859 -25.0838 -22.0481 -37.0126 29.1145 -42.9317 -6.3670 -45.6992 -10.1823 -44.3363 21.0892 -41.9035 35.3370 -41.4884 35.0754 -43.0111 32.9114 -39.9047 -2.5243 -21.1408 -41.5593 20.8311 -35.3418 -42.7998 -12.2224 -40.2351 3.7242 -27.5142 -46.7716 35.9813 -40.0104 9.9275 -33.5231 -47.7711 -17.3720 -43.8620 34.0115 -41.1444 32.5350 -44.0103 -11.1336 -48.6286 -27.7442 -33.2472 -35.4533 12.6552 -35.8577 -13.5953 -47.5509 -31.2284 34.5883 -47.5287 -28.2665 18.5863 -41.6448 -25.1534 -2.5731 -35.9654 -14.8312 -47.0296 -31.3465 29.4518
-31.6089 -46.5797 -15.5926 -36.1953 -1.0978 -25.3098 -41.8926 19.3178 -28.3608 -47.6629 34.4556 -31.4180 -47.1857 -14.1082 -39.7767 -11.9375 -46.9823 35.8056 -39.4390 7.9058 -31.8956 -48.0595 -16.8495 -44.1163 31.7020 -39.1728 10.9840 -36.8648 10.4356 -39.2178 35.2770 -47.5422 -26.5745 -30.9099 -33.4207 6.2760 -36.0418 15.3572 -39.3943 35.7979 -46.8830 -25.9056 -27.9593 -34.6197 15.1623 -37.0073 21.8273 -36.9158 17.8010 -35.4368 10.7899 -35.3988 11.1777 -37.8180 21.8660 -40.9547 31.6355 -31.7392 -49.0067 31.8777 -35.7525 -30.0281 -23.4661 -44.1212 22.0951 -33.5973 -48.6052 -6.6688 -41.8038 25.5625 -38.5440 5.2317 -31.4926 -48.6969 -14.7006 -44.4393 36.1143 -43.1163 -6.0284 -48.6813 -28.6492 -22.1278 -36.3406 20.0271 -40.7269 24.6432 -36.0016 -14.5088 -47.1939 -31.4179 34.4556 -47.6629 -28.3608 19.3178 -41.8926 -25.3098 -1.0978 -36.1953 -15.5926 -46.5797 -31.6089
-46.7337 -16.2849 -36.4156 0.2576 -25.4502 -42.1329 20.0333 -28.4666 -47.8053 34.1939 -31.5978 -46.7601 -15.3470 -35.3247 32.8898 -48.9681 -19.0554 -45.6410 35.4173 -39.5051 8.4631 -31.7722 -48.5541 -16.1193 -44.4104 35.0810 -39.7730 16.5110 -37.5860 12.7864 -39.3381 35.6800 -45.5511 -19.5271 -48.8737 -27.2837 -41.4217 -33.0330 7.9695 -39.1049 35.4635 -45.8224 -21.3712 -48.3675 -28.5115 -36.8240 -30.0451 -38.0238 -28.7443 -45.9873 -27.6501 -45.4074 -31.8098 1.9493 -39.0595 34.5922 -47.5050 -24.8381 16.9553 -35.4573 -30.8515 -24.9755 -45.9803 32.5632 -37.1947 -29.3091 -25.0395 -46.0365 25.2328 -42.6429 33.4590 -39.3168 7.0611 -31.1064 -48.6110 -19.1131 -45.4012 5.2722 -47.7783 -26.9421 -29.1075 -35.9450 17.3487 -41.8337 -17.4025 -47.2268 6.8374 -36.0604 -15.3213 -46.7610 -31.5978 34.1939 -47.8053 -28.4666 20.0333 -42.1329 -25.4502 0.2576 -36.4156 -16.2849 -46.7337
-16.7966 -36.6258 1.4964 -25.5739 -42.3697 20.7334 -28.5799 -47.9487 33.7541 -31.7723 -46.2268 -16.0413 -36.3250 -1.5722 -22.1763 -28.6452 -48.7121 -18.7215 -46.2777 35.8098 -39.4367 3.5882 -31.2417 -48.2080 -21.4370 -46.6836 24.7872 -41.2469 24.4515 -38.5664 14.5020 -38.9341 29.3412 -42.0456 9.4443 -46.4465 -23.7843 -46.4893 -33.1290 3.3282 -37.9479 28.4301 -41.9933 16.0149 -45.2135 -11.6468 -45.8714 -10.6724 -44.8021 -3.5572 -45.3408 -18.8567 -48.1643 -33.2243 15.2813 -42.0985 -1.3402 -48.7675 -28.8470 -44.2325 -23.4196 -46.1638 35.0551 -38.6945 3.0601 -32.8229 -47.1532 -23.7638 -48.1334 -18.4150 -47.4941 34.2304 -39.0977 1.3816 -31.8298 -45.5276 -20.2522 -46.4603 -21.7725 -42.9346 -34.5286 8.9458 -39.4284 24.9334 -48.3393 -34.6290 -26.0290 -0.9399 -36.3365 -16.0400 -46.2268 -31.7723 33.7541 -47.9487 -28.5799 20.7334 -42.3697 -25.5739 1.4964 -36.6258 -16.7966
-37.6767 2.6328 -25.6806 -42.6064 21.4298 -28.6989 -48.0889 33.0975 -31.9358 -45.5847 -16.7444 -36.6340 1.0668 -25.8370 -44.2275 -8.2209 -28.2779 -46.5802 -23.9074 -46.7958 32.6653 -38.0337 2.9436 -33.2669 -35.9037 -27.4705 -48.7675 -11.8233 -43.5724 32.7234 -39.4668 16.4029 -38.8007 26.0217 -41.8581 -9.6564 -48.7614 -30.1926 -28.2491 -33.8713 -17.8946 -34.7308 12.8298 -37.0390 21.8682 -38.1662 24.0430 -38.1677 23.5566 -39.0831 33.9950 -44.5574 -21.5476 -37.4251 -36.4955 25.0494 -43.0914 -3.1763 -47.8783 -13.6208 -44.6683 33.7964 -38.9003 9.0681 -36.9435 5.9708 -33.9463 -30.0574 -30.7564 -36.2347 -28.2138 -47.5114 30.7822 -37.7351 4.8474 -33.6302 -48.5060 -17.5147 -48.7576 -30.8897 -1.3827 -38.1695 23.2244 -43.1809 -23.5143 11.5552 -43.4222 -25.7797 1.0824 -36.6341 -16.7444 -45.5847 -31.9358 33.0975 -48.0889 -28.6989 21.4298 -42.6064 -25.6806 2.6328 -37.6767
2.7962 -25.7944 -42.8399 22.1333 -28.8221 -48.2233 32.1880 -32.0834 -44.8433 -17.4232 -36.8823 2.6858 -25.8110 -43.2329 27.1771 -29.4233 -44.0761 -33.0735 -33.3214 -21.4503 -42.9570 22.6495 -39.0082 18.3541 -36.9754 0.9792 -31.1756 -47.7226 -20.9915 -45.9877 35.2311 -40.2274 21.3370 -40.2802 32.6474 -48.3505 -30.0047 3.4144 -37.0330 4.3731 -28.6773 -47.6021 -28.7966 -35.7168 -31.2473 -21.7693 -32.2187 -14.6749 -34.0404 8.0542 -39.0088 35.3905 -46.8959 -26.6434 -12.6771 -37.6286 23.8047 -41.4256 35.0202 -41.5145 25.6781 -38.1016 6.8421 -37.5724 30.4419 -40.5396 22.6854 -37.2741 8.5391 -37.2176 15.6245 -15.6719 -41.1817 17.1649 -39.2993 27.4834 -21.9810 -46.6091 -22.7893 -36.7698 -36.1905 15.7637 -41.0883 36.0644 -46.6157 -28.2660 24.6517 -43.2536 -25.8115 2.6858 -36.8823 -17.4232 -44.8433 -32.0834 32.1880 -48.2233 -28.8221 22.1333 -42.8399 -25.7944 2.7962
-24.0827 -43.0699 22.8345 -28.9484 -48.3491 30.9925 -32.2198 -44.0112 -18.0497 -37.1020 3.9307 -25.8507 -43.1991 24.0932 -27.7689 -46.1375 -46.1726 33.7733 -34.1588 -48.9420 27.1097 -40.6084 29.3985 -43.7484 33.5920 -39.2979 11.6832 -33.6774 -39.0577 -25.5913 -47.6841 15.8639 -40.9138 32.6573 -44.6956 -24.6393 -5.4180 -39.4313 33.1512 -47.4496 -40.7004 5.2753 -45.7516 -15.2675 -47.4986 -19.4101 -48.4173 -23.7142 -47.7362 -31.8656 8.7760 -39.9687 30.7923 -48.2505 -27.9912 -18.3904 -35.4983 11.7919 -37.3382 11.3761 -35.2695 -10.8524 -33.8675 17.8364 -49.0918 -17.1812 -44.3034 30.5926 -39.9069 35.0618 -49.6405 -36.7174 16.4441 -39.0426 32.9295 -49.5437 -39.7790 20.4810 -48.5335 -30.5970 6.1755 -40.2322 32.0418 -44.0500 30.2269 -47.8112 -28.0928 24.1185 -43.1991 -25.8504 3.9326 -37.1020 -18.0497 -44.0112 -32.2198 30.9925 -48.3491 -28.9484 22.8345 -43.0699 -24.0827
-43.4422 23.5323 -29.0767 -48.4650 29.4728 -32.3429 -43.0739 -18.6206 -37.3087 4.9451 -25.9134 -43.2480 23.9427 -28.3190 -48.0699 33.6011 -23.5585 -44.8055 12.8592 -24.8045 -42.9673 33.5124 -49.5539 -21.9580 -46.9040 33.0185 -40.1684 19.0181 -35.9916 -17.8654 -28.6389 -48.8014 4.8634 -41.5746 -0.4075 -48.2507 -34.7910 27.1509 -46.3022 -26.6146 15.3972 -38.3844 26.1338 -39.9282 32.0120 -41.2178 35.2959 -44.3502 -17.1681 -48.0492 -32.6813 13.4773 -40.5783 25.4097 -47.9074 -24.8232 -45.1825 -30.0571 -35.7065 -29.6635 -46.4392 -25.7908 -48.9493 -22.0542 -33.8543 -30.1454 -22.3606 -43.8733 32.0279 -43.3297 -21.6823 -9.3816 -35.9759 20.1336 -44.7315 -25.9627 20.0475 -41.9006 -16.9618 -42.7077 -36.1274 22.0234 -43.5609 34.4379 -42.6126 29.6236 -47.9134 -28.3172 23.9290 -43.2444 -25.9130 4.9470 -37.3087 -18.6206 -43.0739 -32.3429 29.4728 -48.4650 -29.0767 23.5323 -43.4422
24.3206 -29.0447 -48.5684 27.5937 -32.4549 -42.0270 -19.1501 -37.5112 5.8356 -25.9954 -43.3807 24.0882 -28.6198 -48.1850 33.2625 -35.2082 -47.7213 25.6679 -33.8622 -49.2542 34.8930 -35.9636 -30.9388 -28.6921 -26.3570 -47.7382 4.0851 -42.0149 26.7044 -37.7258 0.6146 -30.5394 -48.2672 24.1660 -44.5715 -25.4577 0.0644 -39.5597 -7.5220 -46.4944 -34.4442 -1.5003 -35.2374 3.4565 -35.5603 12.0983 -38.5958 30.2365 -43.7895 -18.5082 -46.2438 -33.3981 14.2927 -40.2410 35.5703 -45.2121 -12.9194 -47.8011 -18.3220 -47.3853 -12.6888 -44.8736 15.8832 -43.5673 18.8254 -34.5757 -46.4490 -11.3190 -41.7432 35.7367 -46.7203 -27.5104 -21.7928 -37.1844 26.8171 -48.7794 -34.8980 29.1553 -46.0501 -27.3793 1.9589 -39.9791 36.0357 -46.3915 -12.0613 -40.7263 31.6375 -48.1482 -28.6194 24.0783 -43.3771 -25.9951 5.8356 -37.5112 -19.1501 -42.0270 -32.4549 27.5937 -48.5684 -29.0447 24.3206
-28.3670 -48.6557 25.3434 -32.5603 -40.8646 -19.6426 -37.7141 6.6540 -26.0892 -43.5644 24.4796 -28.9416 -48.4213 31.9008 -35.6076 -15.8059 -20.0565 -38.3457 -8.4785 -18.5069 -37.7810 -10.1191 30.9116 -36.2860 -25.7644 -28.6802 -48.7995 -17.0747 -44.3259 32.0635 -38.9896 14.0568 -21.4282 -44.0399 2.4884 -48.7178 -32.0838 22.9691 -45.9839 -27.9954 3.7220 -34.8619 -38.1216 -29.8015 -44.2251 -31.6376 -0.0348 -38.1440 30.0842 -44.4323 -19.9018 -46.1525 -32.6609 9.3016 -38.6427 26.5878 -41.1209 35.2052 -42.4402 32.7330 -44.1171 30.8771 -41.2349 29.1462 -39.4300 17.7179 -31.1962 -48.1915 35.8519 -41.1341 24.8600 -48.3146 -30.1456 10.4732 -41.1472 -21.4315 -17.3219 -37.9023 21.2010 -49.0136 -33.6519 21.0456 -44.0249 -18.1161 -47.6198 -43.6811 -34.8594 32.0701 -48.4055 -28.9336 24.4855 -43.5649 -26.0889 6.6540 -37.7141 -19.6426 -40.8646 -32.5603 25.3434 -48.6557 -28.3670
-48.4451 22.6315 -32.6517 -39.5632 -20.1025 -37.9187 7.4311 -26.1890 -43.7779 25.0512 -29.1994 -48.6294 29.3308 -34.2204 -30.9110 -22.8734 -38.2905 8.9795 -27.2943 -43.0994 13.5886 -27.8240 -43.0248 16.2179 -36.5645 2.7332 -32.4988 -44.3672 -22.0518 -45.1428 35.8481 -40.9839 -39.6461 36.1429 -45.8352 -20.2373 -47.0280 -32.3098 0.9243 -10.2076 -40.2329 7.5071 -31.1224 -48.7457 -21.6441 -48.7548 -29.7147 -3.4870 -38.1680 30.5895 -44.2171 -17.5488 -48.5106 -30.1467 -10.9013 -35.1438 11.0916 -37.7366 26.2550 -43.6458 -20.3205 -47.6151 27.3208 -41.2642 34.8765 -43.8385 -15.9366 -18.7462 -42.4565 29.8033 -42.6529 -17.9031 -45.2984 -35.3526 29.5405 -45.9860 -29.2287 12.5564 -41.6945 -20.9755 -24.3854 -37.9255 29.8253 -49.1380 -30.6686 -21.7911 -22.9669 -34.5977 29.1408 -48.6195 -29.1993 25.0570 -43.7788 -26.1891 7.4311 -37.9187 -20.1025 -39.5632 -32.6517 22.6315 -48.4451
6.1058 -32.2599 -38.1321 -20.5391 -38.1268 8.1773 -26.2931 -44.0021 25.7131 -29.3774 -48.6859 27.5447 -35.0271 -28.4887 -23.9708 -40.9274 15.5613 -30.8960 -47.6776 32.4872 -32.4814 -48.9213 35.3886 -39.0693 26.5028 -39.6058 17.7083 -34.7096 -40.0829 -22.3266 -46.8483 -22.7477 19.5971 -41.2076 -23.7538 -48.7666 -22.5633 -48.7611 -22.9650 -44.8559 25.8260 -36.5141 -38.5753 -22.0172 -45.7085 -9.4028 -48.3915 -29.0987 -5.1929 -37.6859 27.2873 -42.4406 -4.0249 -48.1298 -24.4055 -47.1903 -29.2064 -35.5582 -27.3960 -36.6279 8.6375 -29.1388 -47.4981 3.9590 -48.7088 -28.6607 30.1942 -42.3557 26.5827 -40.7722 21.8810 -48.5801 -30.9636 8.7625 -39.5694 -3.9801 -47.9592 -34.8906 31.4670 -46.9423 -30.0140 14.3127 -42.3703 -22.5609 -4.8744 -38.1858 -22.3346 -35.1559 -34.1002 26.7572 -48.7018 -29.3826 25.7330 -44.0028 -26.2934 8.1773 -38.1268 -20.5391 -38.1321 -32.2599 6.1058
-33.2446 -36.5687 -20.9493 -38.3389 8.9044 -26.4013 -44.2316 26.4216 -29.5263 -48.4596 21.7420 -37.7682 5.7364 -30.8236 -47.7709 35.0631 -36.0313 -45.2187 -7.9733 -37.1927 -28.2559 -18.0929 -40.4823 28.3862 -46.2350 1.1529 -42.0538 21.9076 -34.3861 -45.4111 -20.8657 -48.2246 -27.1288 -48.4118 17.0065 -31.3839 -48.7627 -13.5963 -45.2038 33.9312 -39.0707 -0.8806 -28.6281 -47.8587 24.9188 -42.2319 8.5499 -48.2618 -28.0481 -17.6509 -35.9924 19.4166 -40.1302 35.6435 -44.0098 -4.6600 -46.6056 -15.7811 -47.0466 33.8593 -39.0101 -8.0671 -22.8341 -44.9333 -20.5197 -29.1850 -37.2950 17.5169 -39.4824 34.9539 -46.7209 -27.4865 -4.6484 -38.4398 35.3392 -46.0964 -27.6374 1.0372 -39.2150 -8.6300 -45.2390 -35.9739 35.1847 -48.2857 -32.2487 20.5831 -42.5685 -26.6427 -9.5262 -36.2420 21.8041 -48.4890 -29.5175 26.4436 -44.2320 -26.4013 8.9044 -38.3389 -20.9493 -36.5687 -33.2446
-36.9824 -21.3266 -38.5533 9.6175 -26.5116 -44.4643 27.1636 -29.6861 -48.3167 -4.4449 -40.7343 25.8798 -37.5185 -29.4355 -20.6778 -42.2523 10.9586 -27.0753 -43.8191 17.7861 -29.5668 -45.7451 27.3864 -38.5573 -23.1248 -47.4895 -16.7323 -41.5136 16.9619 -32.5000 -48.6223 -16.6624 -46.6285 -5.1257 -38.9546 -6.0909 -24.9879 -45.5787 35.7483 -39.8290 8.4973 -32.1276 -48.6770 -8.4224 -42.4599 29.7336 -40.8891 27.0567 -47.4979 -25.1407 -40.8583 -32.9481 7.6529 -37.3815 21.2847 -39.4987 31.0434 -41.4049 36.1153 -43.1493 18.7883 -29.7545 -49.0307 0.3173 -46.2744 -27.8992 -8.9712 -37.1833 23.5301 -43.5499 -22.4028 -29.7551 -37.0913 31.9779 -45.3385 -23.3021 -40.3293 -35.6370 24.7935 -44.4387 -26.8053 8.1187 -41.2183 -19.5071 -23.6563 -37.8590 8.6860 -48.2827 -34.6878 21.6471 -40.5752 -6.3669 -48.3393 -29.6777 27.1689 -44.4643 -26.5116 9.6175 -38.5533 -21.3266 -36.9824
-20.2967 -38.7697 10.3147 -26.6237 -44.6961 27.9088 -29.8693 -48.6220 -5.9807 -47.4288 -11.7071 -42.7047 19.6099 -32.9634 -49.0177 35.3551 -35.1941 -48.6054 26.0652 -35.6795 -45.9432 2.7589 -37.2183 -6.8264 30.6271 -33.8850 -47.7837 -3.3793 -39.6507 9.1506 -30.2533 -48.1850 8.7932 -41.3702 16.9851 -33.1297 -48.8537 7.7765 -40.8693 14.7867 -34.4121 -45.3996 -20.1407 -44.3323 35.1512 -40.3374 20.5472 -39.9529 35.7399 -45.2037 -18.3313 -48.9627 -28.2957 -32.4688 -33.2962 4.5133 -37.6236 22.8008 -42.9464 -20.7134 -4.6652 -44.7238 28.5220 -41.7161 1.1880 -48.7562 -32.4131 10.1970 -40.3105 -7.8869 -47.4180 -34.4761 26.0226 -44.5220 -23.3114 -38.3416 -34.6442 15.2064 -39.9015 15.3416 -48.8453 -34.5140 32.1285 -47.8149 -31.6272 22.7552 -45.3990 -28.4900 12.9903 -41.9171 -4.1890 -47.5870 -8.5565 -48.5356 -29.8710 27.9088 -44.6961 -26.6237 10.3147 -38.7697 -20.2967
-39.5681 10.9976 -26.7362 -44.9269 28.6491 -30.0342 -48.8273 10.4060 -40.1592 -29.4323 -46.6510 -5.5740 -39.2661 -7.7517 -21.4249 -41.3415 5.4859 -23.7876 -41.7712 8.5859 -25.1332 -42.3452 12.7966 -29.0086 -43.8223 14.1687 -29.6568 -47.7613 34.6713 -38.7773 -3.5012 -26.5543 -45.6748 33.1086 -37.5958 -25.8216 -23.4896 -44.1987 28.0408 -37.3158 -23.3017 -26.9024 -47.3193 -1.6873 -43.6181 32.5199 -39.2866 13.9880 -38.6109 27.5424 -41.7519 16.7373 -46.5460 -20.8627 -48.6076 -30.6376 -1.4172 -38.6315 34.6823 -48.9170 -32.4888 21.0996 -40.0024 32.3973 -44.2439 -23.7222 -26.0130 -37.5271 35.4619 -47.9227 -30.5941 15.2416 -41.8062 -20.8404 -36.9403 -35.4720 22.0382 -40.9417 35.8734 -43.9973 -23.6117 -3.8165 -39.5409 -16.0916 -30.0643 -37.6116 -8.8620 -39.4578 -37.3486 26.5250 -49.0463 -25.7851 -42.0573 4.2929 -48.7356 -30.0357 28.6491 -44.9269 -26.7362 10.9976 -39.5681
11.4616 -26.8100 -45.1531 29.3837 -30.1660 -48.7639 5.4256 -33.7397 12.9208 0.8943 -29.5711 -46.3248 24.6921 -31.5691 -47.6820 29.8964 -32.2860 -48.2749 31.8351 -32.5873 -48.6783 34.0938 -33.8751 -49.1261 30.7247 -37.2002 -21.7022 -26.4230 -46.3779 32.3944 -36.6116 -39.7205 -17.7024 -42.1031 15.6614 -32.8226 -48.8517 7.8093 -40.5449 12.2933 -33.4499 -47.6776 -23.5535 -48.5463 -20.1608 -45.2323 29.4607 -37.7744 3.0807 -36.1739 15.3513 -39.0729 33.4573 -43.4141 -14.3885 -48.5874 -33.2164 16.0819 -42.3920 -18.1685 -41.3530 -35.8412 16.5880 -40.8442 1.1195 -48.6906 -33.4586 19.5042 -43.1187 -23.7816 -6.3717 -38.5381 -6.8477 -46.7034 -34.5923 27.4541 -43.5421 -10.6806 -47.3076 -12.3313 -48.2210 -31.6844 23.0589 -45.4826 -29.0648 18.4555 -44.6072 -28.2961 17.8148 -44.8662 -25.7755 -21.3854 3.7999 -30.7887 5.1575 -48.7592 -30.1660 29.3837 -45.1531 -26.8100 11.4616
-25.4380 -45.3739 30.0978 -30.2957 -48.7455 2.2169 -33.0614 -28.1715 -23.1792 -36.5388 -42.2166 -1.9841 -36.1145 -40.9529 -9.0213 -36.8133 -36.0213 -12.6682 -37.1203 -32.7629 -14.9347 -38.2164 -13.2773 -22.9958 -42.2612 21.2060 -35.9566 -23.8320 -22.6839 -43.5277 18.5711 -32.1472 -48.8731 33.3365 -38.6609 -7.5698 -26.6358 -46.2212 34.9126 -38.7847 -1.1489 -31.9325 -40.9354 -31.6343 -24.4547 -21.4171 -42.9268 15.2766 -34.2625 -35.2964 -32.9969 4.7265 -38.3601 31.1218 -44.4692 -23.5206 -25.5456 -37.7431 34.6430 -46.7811 -28.0078 -5.8921 -38.4158 33.8244 -46.2530 -27.3731 1.2855 -39.0286 1.8167 -47.8546 -34.8892 34.1913 -48.2236 -31.3575 22.2189 -44.1048 -22.6196 -45.0050 -28.2899 -48.7593 -22.1818 -40.4237 -36.2171 14.7126 -47.7323 -34.9912 25.7865 -48.2665 -35.0429 23.4537 -48.0174 -34.0584 -4.7668 -30.0231 -33.0034 2.2166 -48.7455 -30.2957 30.0978 -45.3739 -25.4380
-45.5422 30.7787 -30.4253 -48.7602 -0.5852 -33.2220 -25.7519 -22.7684 -39.5205 6.1819 -23.6925 -40.5335 7.4683 -24.7046 -41.6378 10.7225 -25.7201 -42.2955 12.3670 -26.5890 -43.2606 18.3637 -32.6299 -48.7188 6.4968 -40.4983 21.2817 -35.7929 -47.8847 15.4070 -38.7968 -10.8737 -23.2971 -43.9623 23.0321 -35.4245 -43.4867 -20.0790 -43.8628 26.8501 -37.4932 -4.2233 -35.7176 17.2903 -36.7360 -49.9966 33.5891 -37.2049 -28.3212 -28.3239 -47.6778 -32.2816 7.6324 -39.7284 23.9080 -48.9053 -32.2221 14.4561 -41.7616 -11.9351 -47.5234 -34.5700 18.5938 -42.5502 -17.1643 -43.2331 -35.9843 30.9553 -46.4031 -29.3171 14.8596 -42.6394 -25.3635 7.5584 -40.6229 -21.1375 -29.2554 -35.7086 14.8616 -26.0269 -48.2410 -27.9604 10.4366 -41.5176 -23.5827 2.6023 -40.1293 -22.1447 1.6882 -40.1988 -22.0959 2.7134 -40.3202 -22.6132 -25.7411 -33.2222 -0.5855 -48.7602 -30.4253 30.7787 -45.5422
30.4653 -30.3087 -48.7507 -3.0226 -33.5177 -23.2719 -23.0763 -39.6476 13.1957 -26.8611 -44.2660 21.1591 -28.9050 -46.5299 26.7660 -30.2330 -47.5482 30.1623 -31.7645 -48.5550 35.2140 -38.0836 -5.4304 -28.6918 -47.8974 17.4668 -42.2794 28.0291 -5.4592 -42.5294 17.0646 -32.2362 -48.8960 18.8060 -40.3071 12.3657 -32.7657 -48.1747 -13.6350 -41.8581 20.3326 -37.4989 17.5580 -43.4951 -20.8268 21.3913 -38.0575 -1.3303 -31.3393 -48.4781 -27.0501 -41.6191 -35.6236 24.0564 -44.0663 -23.4857 -20.3726 -38.0712 35.3419 -47.1733 -28.4766 2.6524 -39.5738 29.8258 -48.7121 -31.4498 14.1142 -41.7070 -20.4945 -23.2936 -37.4530 -7.1653 -43.2146 -35.7825 9.1306 -47.2569 -35.2664 32.5276 -43.8067 -42.2497 -7.8700 -48.6433 -34.4490 32.3791 -47.5958 -31.2274 22.8948 -45.3341 -28.4831 19.3418 -43.9799 -26.7446 14.5990 -39.6614 -23.0776 -23.3010 -33.5152 -3.0278 -48.7507 -30.3087 30.4653
