-38.1018 -0.2477 -23.7700 -42.9330 22.6529 -27.9638 -48.2559 13.6718 -32.8803 -40.4539 -19.5900 -39.1023 9.7042 -25.0999 -45.0492 29.2784 -29.6656 -48.7824 -9.0320 -35.1432 -19.6355 -22.1821 -41.0993 16.6708 -26.5677 -47.0059 30.3868 -31.4120 -47.2325 -16.2687 -37.4613 1.3714 -23.9353 -43.1971 23.5178 -28.1687 -48.3644 9.7665 -33.0736 -38.7676 -19.9620 -39.3371 10.6067 -25.2745 -45.3057 29.9322 -29.8740 -48.7863 -10.3271 -35.4656 -16.2269 -22.4409 -41.3467 17.5526 -33.3485 29.6964 -45.3254 -25.2752 10.6067 -39.3371 -19.9620 -38.7676 -33.0736 9.7665 -48.3644 -28.1687 23.5178 -43.1971 -23.9353 1.3714 -37.4613 -16.2687 -47.2325 -31.4120 30.3868 -47.0059 -26.5677 16.6708 -41.0993 -22.1821 -19.6355 -35.1432 -9.0320 -48.7824 -29.6656 29.2784 -45.0492 -25.0999 9.7042 -39.1023 -19.5900 -40.4539 -32.8803 13.6718 -48.2559 -27.9638 22.6529 -42.9330 -23.7700 -0.2477 -38.1018
-0.2477 -25.6251 -42.5689 21.9235 -28.7463 -48.4117 28.4701 -32.0924 -40.1074 -20.3558 -38.2452 9.3058 -26.5539 -44.8334 29.0833 -30.0084 -48.7563 -2.0617 -33.6848 -19.1892 -23.7832 -40.4812 16.0069 -27.6726 -46.9858 34.5775 -31.2230 -47.0992 -15.4717 -36.3712 1.2500 -25.6838 -42.8011 22.7169 -28.8932 -48.5476 25.7639 -32.1880 -38.3809 -20.8725 -38.5091 10.1725 -26.6863 -45.1155 29.9749 -30.1566 -48.7551 -4.7645 -34.0594 -15.8281 -24.1013 -40.7575 16.8009 -29.1714 -47.8456 -30.4775 30.0273 -45.1144 -26.6863 10.1725 -38.5091 -20.8725 -38.3809 -32.1880 25.7639 -48.5476 -28.8932 22.7169 -42.8011 -25.6838 1.2500 -36.3712 -15.4717 -47.0992 -31.2230 34.5775 -46.9858 -27.6726 16.0069 -40.4812 -23.7832 -19.1892 -33.6848 -2.0617 -48.7563 -30.0084 29.0833 -44.8334 -26.5539 9.3058 -38.2452 -20.3558 -40.1074 -32.0924 28.4701 -48.4117 -28.7463 21.9235 -42.5689 -25.6251 -0.2477
-23.7700 -42.5689 21.6598 -28.8113 -48.3100 30.1400 -32.4404 -41.3018 -19.9296 -38.0318 8.5763 -26.4699 -44.6085 28.3691 -30.1023 -48.7556 0.5893 -33.3821 -21.8479 -23.5201 -40.2568 15.3703 -27.6353 -46.7910 34.3579 -31.4277 -47.4733 -14.7109 -36.1469 -0.0184 -25.5547 -42.5714 22.0286 -28.9162 -48.4430 28.0271 -32.5571 -39.7649 -20.4736 -38.2938 9.4684 -26.6078 -44.8927 29.2751 -30.2610 -48.7589 -2.5791 -34.1750 -18.4173 -23.8590 -40.5334 16.1516 -27.7769 -46.2809 -12.4316 -48.7469 -30.2319 29.2738 -44.8932 -26.6078 9.4684 -38.2938 -20.4736 -39.7649 -32.5571 28.0271 -48.4430 -28.9162 22.0286 -42.5714 -25.5547 -0.0184 -36.1469 -14.7109 -47.4733 -31.4277 34.3579 -46.7910 -27.6353 15.3703 -40.2568 -23.5201 -21.8479 -33.3821 0.5893 -48.7556 -30.1023 28.3691 -44.6085 -26.4699 8.5763 -38.0318 -19.9296 -41.3018 -32.4404 30.1400 -48.3100 -28.8113 21.6598 -42.5689 -23.7700
-42.9330 21.9235 -28.8113 -48.2659 31.0100 -32.3739 -42.2533 -19.5011 -37.8264 7.8324 -26.3615 -44.3788 27.6353 -29.9724 -48.7845 3.5387 -33.1341 -24.4804 -23.2344 -40.0340 14.7357 -27.5125 -46.5880 34.0085 -31.3068 -47.7887 -13.8858 -35.9079 -1.4387 -25.4276 -42.3424 21.3491 -28.7833 -48.3223 29.8783 -32.4694 -41.0051 -20.0467 -38.0766 8.7323 -26.4994 -44.6688 28.5620 -30.1246 -48.7504 -0.0750 -34.3109 4.5978 -24.9457 -40.2455 15.4338 -27.6790 -46.8598 34.4446 -34.8968 2.0878 -48.7507 -30.1241 28.5632 -44.6688 -26.4994 8.7323 -38.0766 -20.0467 -41.0051 -32.4694 29.8783 -48.3223 -28.7833 21.3491 -42.3424 -25.4276 -1.4387 -35.9079 -13.8858 -47.7887 -31.3068 34.0085 -46.5880 -27.5125 14.7357 -40.0340 -23.2344 -24.4804 -33.1341 3.5387 -48.7845 -29.9724 27.6353 -44.3788 -26.3615 7.8324 -37.8264 -19.5011 -42.2533 -32.3739 31.0100 -48.2659 -28.8113 21.9235 -42.9330
22.6529 -28.7463 -48.3100 31.0100 -32.3501 -42.7861 -19.1660 -37.6530 7.1291 -26.2594 -44.1511 26.8998 -29.8431 -48.8163 6.7855 -33.0098 -27.0350 -22.9308 -39.8134 14.1031 -27.3889 -46.3774 33.5641 -31.1865 -48.0502 -12.9859 -35.6555 -3.0394 -25.2816 -42.1150 20.6807 -28.6480 -48.1864 31.4012 -32.3793 -42.1091 -19.6001 -37.8577 7.9588 -26.3929 -44.4449 27.8466 -29.9831 -48.7716 2.8183 -34.1502 8.4632 -37.2942 -30.3230 3.2993 -27.4809 -46.7875 34.2321 -32.8011 -8.2477 -33.3327 2.7795 -48.7747 -29.9821 27.8465 -44.4449 -26.3929 7.9588 -37.8577 -19.6001 -42.1091 -32.3793 31.4012 -48.1864 -28.6480 20.6807 -42.1150 -25.2816 -3.0394 -35.6555 -12.9859 -48.0502 -31.1865 33.5641 -46.3774 -27.3889 14.1031 -39.8134 -22.9308 -27.0350 -33.0098 6.7855 -48.8163 -29.8431 26.8998 -44.1511 -26.2594 7.1291 -37.6530 -19.1660 -42.7861 -32.3501 31.0100 -48.3100 -28.7463 22.6529
-27.9638 -48.4117 30.1400 -32.3739 -42.7861 -19.0362 -37.5504 6.5926 -26.1767 -43.9461 26.2053 -29.7220 -48.8227 10.1844 -32.9475 -29.4422 -22.6122 -39.5971 13.4773 -27.2660 -46.1627 33.0444 -31.0684 -48.2612 -12.0077 -35.3922 -4.8263 -25.1183 -41.8914 20.0292 -28.5126 -48.0393 32.5964 -32.2889 -43.0800 -19.1369 -37.6397 7.1516 -26.2893 -44.2234 27.1396 -29.8408 -48.8106 6.0433 -33.5861 2.1637 -38.7183 33.3895 -48.8881 -18.2471 -44.2713 30.9860 -31.0816 -48.2542 -26.3707 -27.8604 -33.0456 6.3966 -48.8198 -29.8412 27.1394 -44.2234 -26.2893 7.1516 -37.6397 -19.1369 -43.0800 -32.2889 32.5964 -48.0393 -28.5126 20.0292 -41.8914 -25.1183 -4.8263 -35.3922 -12.0077 -48.2612 -31.0684 33.0444 -46.1627 -27.2660 13.4773 -39.5971 -22.6122 -29.4422 -32.9475 10.1844 -48.8227 -29.7220 26.2053 -43.9461 -26.1767 6.5926 -37.5504 -19.0362 -42.7861 -32.3739 30.1400 -48.4117 -27.9638
-48.2559 28.4701 -32.4404 -42.2533 -19.1660 -37.5504 6.3860 -26.1287 -43.7973 25.6401 -29.6202 -48.8076 13.4413 -32.8738 -31.6851 -22.2739 -39.3861 12.8596 -27.1415 -45.9405 32.4534 -30.9565 -48.4272 -10.9438 -35.1139 -6.8547 -24.9366 -41.6726 19.3967 -28.3737 -47.8792 33.5094 -32.2037 -43.9281 -18.6578 -37.4196 6.2921 -26.1857 -44.0082 26.4465 -29.6937 -48.8264 9.8196 -32.9506 -24.6603 -32.4339 6.6697 -39.3085 29.6231 -38.8946 17.1119 -30.3153 -48.8502 -8.6167 -39.6735 -22.5737 -28.3650 -33.0593 9.9881 -48.8288 -29.6948 26.4451 -44.0049 -26.1883 6.2904 -37.4195 -18.6578 -43.9281 -32.2037 33.5094 -47.8792 -28.3737 19.3967 -41.6726 -24.9366 -6.8547 -35.1139 -10.9438 -48.4272 -30.9565 32.4534 -45.9405 -27.1415 12.8596 -39.3861 -22.2739 -31.6851 -32.8738 13.4413 -48.8076 -29.6202 25.6401 -43.7973 -26.1287 6.3860 -37.5504 -19.1660 -42.2533 -32.4404 28.4701 -48.2559
13.6718 -32.0924 -41.3018 -19.5011 -37.6530 6.5926 -26.1287 -43.7427 25.3208 -29.5496 -48.7824 16.1817 -32.7962 -33.6721 -21.9241 -39.1837 12.2589 -27.0136 -45.7075 31.7906 -30.8569 -48.5514 -9.8088 -34.8164 -9.1826 -24.7351 -41.4634 18.7960 -28.2276 -47.7035 34.1679 -32.1305 -44.6559 -18.1699 -37.1932 5.3545 -26.0841 -43.5769 25.2813 -30.1248 -48.5920 13.8547 -32.9482 -32.8520 -25.6415 -48.7410 -30.1960 -12.5160 -32.9856 -19.6390 -27.4279 -48.4259 11.5919 -34.7765 16.4850 -39.2615 -22.4321 -30.7058 -33.0253 13.7869 -48.8125 -29.5436 25.7678 -43.7906 -26.0901 5.3490 -37.1936 -18.1699 -44.6559 -32.1305 34.1679 -47.7035 -28.2276 18.7960 -41.4634 -24.7351 -9.1826 -34.8164 -9.8088 -48.5514 -30.8569 31.7906 -45.7075 -27.0136 12.2589 -39.1837 -21.9241 -33.6721 -32.7962 16.1817 -48.7824 -29.5496 25.3208 -43.7427 -26.1287 6.5926 -37.6530 -19.5011 -41.3018 -32.0924 13.6718
-32.8803 -40.1074 -19.9296 -37.8264 7.1291 -26.1767 -43.7973 25.3208 -29.5243 -48.7637 17.9992 -32.7346 -35.2335 -21.5926 -39.0016 11.6923 -26.8871 -45.4635 31.0528 -30.7749 -48.6397 -8.6198 -34.4931 -11.8651 -24.5103 -41.2672 18.2352 -28.0724 -47.5099 34.5858 -32.0760 -45.2672 -17.6840 -36.9610 4.3159 -25.9845 -43.1976 35.7829 -31.8311 -48.8027 -5.4498 -32.1676 -33.0359 -22.1909 -43.5045 -4.6352 -48.1034 -21.4788 -48.7638 -17.4249 -44.2029 34.0511 -33.9565 -24.6852 -30.7049 11.8405 -39.1702 -22.0892 -32.6745 -32.9886 17.5116 -48.7721 -29.3881 25.1176 -43.5834 -25.9955 4.3095 -36.9618 -17.6840 -45.2672 -32.0760 34.5858 -47.5099 -28.0724 18.2352 -41.2672 -24.5103 -11.8651 -34.4931 -8.6198 -48.6397 -30.7749 31.0528 -45.4635 -26.8871 11.6923 -39.0016 -21.5926 -35.2335 -32.7346 17.9992 -48.7637 -29.5243 25.3208 -43.7973 -26.1767 7.1291 -37.8264 -19.9296 -40.1074 -32.8803
-40.4539 -20.3558 -38.0318 7.8324 -26.2594 -43.9461 25.6401 -29.5496 -48.7637 18.6232 -32.7029 -36.2032 -21.3293 -38.8518 11.1994 -26.7699 -45.2220 30.2778 -30.7134 -48.6980 -7.4435 -34.1352 -14.9900 -24.2555 -41.0934 17.7400 -27.9012 -47.2916 34.7698 -32.0547 -45.7639 -17.2186 -36.7199 3.1291 -25.8901 -43.0769 36.0765 -47.7641 -28.1941 3.1261 -31.4012 -40.2585 -20.9808 -40.0070 27.9721 -40.9159 35.0543 -42.2128 34.1656 -39.0515 17.8668 -32.1095 -43.9524 -21.7999 -45.9684 -26.0390 25.6372 -38.8652 -21.7514 -34.5657 -32.9352 21.0300 -48.7055 -29.2277 24.5061 -43.3874 -25.9047 3.1297 -36.7203 -17.2186 -45.7639 -32.0547 34.7698 -47.2916 -27.9012 17.7414 -41.0934 -24.2555 -14.9900 -34.1352 -7.4435 -48.6980 -30.7134 30.2778 -45.2220 -26.7699 11.1994 -38.8518 -21.3293 -36.2032 -32.7029 18.6232 -48.7637 -29.5496 25.6401 -43.9461 -26.2594 7.8324 -38.0318 -20.3558 -40.4539
-19.5900 -38.2452 8.5763 -26.3615 -44.1511 26.2053 -29.6202 -48.7824 17.9992 -32.7029 -36.5197 -21.1892 -38.7454 10.8140 -26.6727 -45.0042 29.5379 -30.6675 -48.7326 -6.3359 -33.7512 -18.4799 -23.9669 -40.9620 17.3694 -27.7092 -47.0432 34.7058 -32.0903 -46.1326 -16.8123 -36.4603 1.7362 -25.8131 -42.9802 27.1158 -40.2470 3.3960 -49.1539 -25.4169 -49.2764 -13.9834 -38.0432 13.5259 -36.0380 10.0304 -36.3739 10.4674 -34.3082 -10.0855 -28.4806 -49.0800 -11.1451 -38.4728 25.6687 -36.4054 -44.2962 28.2063 -38.7100 -21.3770 -36.4364 -32.8441 24.1078 -48.6166 -29.0684 23.9429 -43.2049 -25.8172 1.7417 -36.4598 -16.8122 -46.1313 -32.0903 34.7059 -47.0404 -27.7082 17.3709 -40.9620 -23.9669 -18.4799 -33.7512 -6.3359 -48.7326 -30.6675 29.5379 -45.0042 -26.6727 10.8140 -38.7454 -21.1892 -36.5197 -32.7029 17.9992 -48.7824 -29.6202 26.2053 -44.1511 -26.3615 8.5763 -38.2452 -19.5900
-39.1023 9.3058 -26.4699 -44.3788 26.8998 -29.7220 -48.8076 16.1817 -32.7346 -36.2032 -21.1892 -38.7044 10.5792 -26.6080 -44.8341 28.9013 -30.6431 -48.7500 -5.3602 -33.3619 -22.0288 -23.6484 -40.8830 17.1775 -27.4924 -46.7551 34.3729 -32.2152 -46.3384 -16.5604 -36.1302 0.5047 -25.7292 -43.0028 22.7469 -36.4954 18.3476 -41.1174 30.1609 -43.6965 34.7834 -36.3629 3.0799 -30.6047 -44.1771 -28.9125 -44.3200 -26.9741 -49.1494 -20.5498 -45.2363 34.5400 -36.1010 3.7676 -31.0071 -37.9975 -11.5453 -42.2143 20.0542 -38.5211 -20.9437 -38.3626 -32.6897 26.5779 -48.5311 -28.9172 23.4315 -43.0400 -25.7265 0.5056 -36.1231 -16.5617 -46.3359 -32.2154 34.3689 -46.7524 -27.4914 17.1775 -40.8830 -23.6484 -22.0288 -33.3619 -5.3602 -48.7500 -30.6431 28.9013 -44.8341 -26.6080 10.5792 -38.7044 -21.1892 -36.2032 -32.7346 16.1817 -48.8076 -29.7220 26.8998 -44.3788 -26.4699 9.3058 -39.1023
9.7042 -26.5539 -44.6085 27.6353 -29.8431 -48.8227 13.4413 -32.7962 -35.2335 -21.3293 -38.7454 10.5792 -26.5851 -44.7418 28.4646 -30.6408 -48.7567 -4.6949 -32.9942 -25.3320 -23.3168 -40.8637 17.1917 -27.2569 -46.4364 33.7745 -32.4661 -46.3163 -16.5977 -35.7832 26.6864 -23.2027 -42.2120 22.7404 -32.0946 -28.2879 -34.9102 11.6752 -36.8319 13.3832 -33.0212 -33.0994 -25.4208 -47.3584 -13.8739 -46.4325 -8.6309 -44.4889 31.2472 -40.1007 21.7226 -33.5256 -30.9045 -25.1938 -46.6394 -9.0019 -42.4547 24.4035 -36.7322 11.2961 -38.4065 -20.3860 -40.9385 -31.8999 30.0570 -48.4850 -28.6288 23.1359 -42.2525 -23.1252 26.7916 -35.7700 -16.5959 -46.3111 -32.4681 33.7688 -46.4364 -27.2569 17.1917 -40.8637 -23.3168 -25.3320 -32.9942 -4.6949 -48.7567 -30.6408 28.4646 -44.7418 -26.5851 10.5792 -38.7454 -21.3293 -35.2335 -32.7962 13.4413 -48.8227 -29.8431 27.6353 -44.6085 -26.5539 9.7042
-25.0999 -44.8334 28.3691 -29.9724 -48.8163 10.1844 -32.8738 -33.6721 -21.5926 -38.8518 10.8140 -26.6080 -44.7418 28.3091 -30.6436 -48.7588 -4.3668 -32.6893 -28.0759 -23.0040 -40.9082 17.4174 -27.0199 -46.1163 33.0035 -32.9021 -45.8976 -17.0597 -35.5612 22.9031 -49.4108 -25.0907 -22.2321 -27.5138 -48.8795 -24.3991 -46.7010 -28.9329 -41.9558 -26.8155 -49.1867 -16.1120 -42.4677 34.5154 -40.7021 29.3005 -38.9931 20.2393 -35.7021 2.8441 -29.9459 -48.8056 -18.3029 -41.9530 30.0275 -37.8888 16.6185 -35.9599 -23.9763 -31.6281 9.5791 -38.7971 20.0836 21.5805 -37.9104 34.1104 -47.8378 -26.9170 -19.9227 -25.4765 -49.5592 23.0155 -35.5687 -17.0650 -45.8914 -32.9056 33.0035 -46.1160 -27.0199 17.4174 -40.9082 -23.0040 -28.0759 -32.6893 -4.3668 -48.7588 -30.6436 28.3091 -44.7418 -26.6080 10.8140 -38.8518 -21.5926 -33.6721 -32.8738 10.1844 -48.8163 -29.9724 28.3691 -44.8334 -25.0999
-45.0492 29.0833 -30.1023 -48.7845 6.7855 -32.9475 -31.6851 -21.9241 -39.0016 11.1994 -26.6727 -44.8341 28.4646 -30.6436 -48.7592 -4.2519 -32.4902 -29.9428 -22.7475 -41.0018 17.8411 -26.7992 -45.8354 32.2655 -33.6003 -44.6210 -18.1502 -35.1205 5.8758 -37.7867 24.1425 -47.3929 -15.8825 -44.7985 26.0196 -44.2727 -6.0470 -46.0936 -8.0211 -43.8821 34.9561 -38.3973 16.6925 -36.0824 7.2084 -34.4322 -7.4311 -30.7593 -45.6331 -23.9534 -46.8824 20.4705 -38.8639 15.9665 -34.0379 -16.2729 -31.0544 -43.3692 -25.2695 -48.4428 -26.1428 -31.5619 -27.4770 -49.2425 13.7462 -38.4811 33.4677 -44.2921 -15.5613 -47.4185 22.8102 -37.7917 6.1913 -35.1401 -18.1715 -44.6036 -33.6061 32.2644 -45.8353 -26.7991 17.8411 -41.0018 -22.7475 -29.9428 -32.4902 -4.2519 -48.7592 -30.6436 28.4646 -44.8341 -26.6727 11.1994 -39.0016 -21.9241 -31.6851 -32.9475 6.7855 -48.7845 -30.1023 29.0833 -45.0492
29.2784 -30.0084 -48.7556 3.5387 -33.0098 -29.4422 -22.2739 -39.1837 11.6923 -26.7699 -45.0042 28.9013 -30.6408 -48.7588 -4.2519 -32.4218 -30.8705 -22.5828 -41.1052 18.3561 -26.6131 -45.6387 31.8121 -34.6609 -41.0695 -20.0217 -34.6050 -9.7012 -32.0886 3.8805 -38.6482 27.7705 -39.3017 22.6681 -38.2770 22.9266 -39.2483 25.7275 -37.7762 16.8146 -34.4206 -8.5498 -30.5660 -44.8070 -26.8175 -49.0821 -22.1321 -47.1481 -2.4744 -41.4572 28.4398 -35.7458 2.2747 -30.4390 -48.2730 -22.8445 -48.0343 -14.1442 -45.3046 29.0223 -43.1096 -12.0955 -47.1832 1.2627 -43.4918 16.7599 -35.0561 17.4628 -38.5738 27.2936 -38.6877 4.6052 -32.5065 -8.7469 -34.5927 -20.0433 -41.0153 -34.6675 31.8114 -45.6391 -26.6131 18.3561 -41.1052 -22.5828 -30.8705 -32.4218 -4.2519 -48.7588 -30.6408 28.9013 -45.0042 -26.7699 11.6923 -39.1837 -22.2739 -29.4422 -33.0098 3.5387 -48.7556 -30.0084 29.2784
-29.6656 -48.7563 0.5893 -33.1341 -27.0350 -22.6122 -39.3861 12.2589 -26.8871 -45.2220 29.5379 -30.6431 -48.7567 -4.3668 -32.4902 -30.8705 -22.5282 -41.1711 18.7728 -26.4807 -45.5423 31.8283 -35.8885 -30.1614 -22.6127 -34.2442 -14.7804 -26.2368 -48.6396 -28.4077 -21.1173 -32.8408 -9.0860 -32.6145 -16.8496 -33.1886 -6.9657 -32.4725 -27.7102 -28.6030 -48.8311 -22.0961 -46.9897 -8.7396 -44.3594 28.7254 -41.4426 29.5251 -36.7151 10.8383 -31.9606 -42.1357 -25.5049 -47.8427 -3.1947 -42.7802 35.3536 -40.7083 26.6113 -38.8576 19.6463 -37.7515 26.4646 -38.9261 18.4932 -33.3289 -43.3762 -29.6866 -23.0604 -32.3448 -19.7169 -29.0351 -48.8153 -26.7601 -15.1395 -34.2374 -22.6242 -30.0592 -35.8913 31.8283 -45.5425 -26.4807 18.7728 -41.1711 -22.5282 -30.8705 -32.4902 -4.3668 -48.7567 -30.6431 29.5379 -45.2220 -26.8871 12.2589 -39.3861 -22.6122 -27.0350 -33.1341 0.5893 -48.7563 -29.6656
-48.7824 -2.0617 -33.3821 -24.4804 -22.9308 -39.5971 12.8596 -27.0136 -45.4635 30.2778 -30.6675 -48.7500 -4.6949 -32.6893 -29.9428 -22.5828 -41.1711 18.9312 -26.4159 -45.5205 32.2511 -37.2108 -19.5078 -24.3351 -33.9890 -16.6692 -24.5683 -43.2159 24.6497 -46.4851 -19.1600 -48.6654 -21.3602 -48.5960 -21.5464 -48.9409 -21.6771 -48.2938 -16.4679 -45.0754 25.5728 -41.0400 30.1361 -38.5380 19.9953 -36.1201 8.4510 -32.5952 -34.8319 -26.6207 -48.1771 -16.7049 -44.4713 35.6049 -39.6696 19.6446 -36.8230 7.7084 -34.2644 -11.5490 -32.0061 -25.2821 -31.7730 -18.6728 -30.0487 -48.3612 -18.8207 -46.0610 -17.4950 -48.2087 -19.3170 -47.0294 8.7359 -43.7667 -24.5832 -16.6786 -34.0007 -24.3352 -19.5019 -37.2105 32.2500 -45.5204 -26.4159 18.9312 -41.1711 -22.5828 -29.9428 -32.6893 -4.6949 -48.7500 -30.6675 30.2778 -45.4635 -27.0136 12.8596 -39.5971 -22.9308 -24.4804 -33.3821 -2.0617 -48.7824
-9.0320 -33.6848 -21.8479 -23.2344 -39.8134 13.4773 -27.1415 -45.7075 31.0528 -30.7134 -48.7326 -5.3602 -32.9942 -28.0759 -22.7475 -41.1052 18.7728 -26.4159 -45.5222 32.6814 -37.6438 6.7565 12.0297 -35.8736 -18.0620 -24.8456 -42.8000 25.8855 -38.7889 28.8260 -41.0773 34.7838 -41.5947 35.2610 -41.9468 35.3393 -41.4904 32.5551 -39.0383 21.1290 -35.7633 8.0821 -33.6801 -13.9000 -30.5893 -44.2558 -25.5655 -48.7088 -15.5113 -43.9497 3.5138 -45.8288 -15.7482 -38.3111 12.5552 -33.1405 -36.6785 -27.7742 -48.9898 -22.4779 -48.0481 -18.3602 -47.5581 -17.9409 -46.7971 6.6874 -41.2877 30.4227 -39.8381 32.6911 -41.2580 32.2037 -40.3184 31.3004 -42.8621 -24.5701 -17.8101 -35.8868 12.0392 7.4239 -38.1425 32.6784 -45.5221 -26.4159 18.7728 -41.1052 -22.7475 -28.0759 -32.9942 -5.3602 -48.7326 -30.7134 31.0528 -45.7075 -27.1415 13.4773 -39.8134 -23.2344 -21.8479 -33.6848 -9.0320
-35.1432 -19.1892 -23.5201 -40.0340 14.1031 -27.2660 -45.9405 31.7906 -30.7749 -48.6980 -6.3359 -33.3619 -25.3320 -23.0040 -41.0018 18.3561 -26.4807 -45.5205 32.6814 -37.3824 -37.7775 15.8378 -37.5740 -18.1741 -25.3332 -44.4690 24.8462 -33.8036 -4.1740 -34.8487 7.2722 -35.3713 9.4044 -35.5659 10.1195 -35.2525 7.0149 -33.7488 -10.7786 -30.4982 -44.8090 -25.9538 -49.1562 -20.5404 -46.7430 -4.9913 -42.7736 35.3126 -40.3425 36.0850 -46.3078 -25.6944 -19.5477 -49.0228 -25.0966 -49.1783 -18.3735 -45.5214 22.8018 -41.9538 33.9398 -40.1983 30.5428 -39.9929 27.5461 -38.3772 14.2298 -35.6804 4.0156 -35.5570 10.9842 -38.2950 19.5818 -40.8209 33.8871 -43.1532 -24.9653 -17.9240 -37.5837 7.1534 -9.5244 -38.3698 32.6784 -45.5204 -26.4807 18.3561 -41.0018 -23.0040 -25.3320 -33.3619 -6.3359 -48.6980 -30.7749 31.7906 -45.9405 -27.2660 14.1031 -40.0340 -23.5201 -19.1892 -35.1432
-19.6355 -23.7832 -40.2568 14.7357 -27.3889 -46.1627 32.4534 -30.8569 -48.6397 -7.4435 -33.7512 -22.0288 -23.3168 -40.9082 17.8411 -26.6131 -45.5423 32.2510 -37.6464 -37.6759 -22.5426 -35.8907 -17.3339 -25.8627 -45.6052 33.4528 -27.8756 -48.6144 -25.5994 -48.3344 -26.6492 -47.4695 -27.0688 -47.2024 -26.8438 -48.2292 -25.0243 -49.1663 -20.5374 -46.6155 -4.7876 -43.2297 34.7579 -40.7622 28.0611 -37.3744 15.7038 -36.9216 18.1760 -41.5542 -11.5777 -45.0718 -34.9415 33.1807 -44.0716 33.5613 -40.9172 25.9608 -37.2643 12.5460 -35.2182 3.9671 -35.3002 3.7961 -36.0652 -1.7557 -33.9761 -41.6673 -29.3042 -41.9308 -33.9171 10.1233 -40.5192 35.0507 -44.2017 32.2204 -44.2879 -25.5685 -17.1287 -37.6123 8.5493 -9.5234 -38.1425 32.2502 -45.5423 -26.6131 17.8411 -40.9082 -23.3168 -22.0288 -33.7512 -7.4435 -48.6397 -30.8569 32.4534 -46.1627 -27.3889 14.7357 -40.2568 -23.7832 -19.6355
-22.1821 -40.4812 15.3703 -27.5125 -46.3774 33.0444 -30.9565 -48.5514 -8.6198 -34.1352 -18.4799 -23.6484 -40.8637 17.4174 -26.7992 -45.6387 31.8281 -37.2086 6.7107 15.7775 -35.8896 -16.7932 -26.3354 -46.1621 22.5535 -24.0538 -47.0916 -1.8928 -44.0530 8.5295 -44.3420 4.2174 -44.2652 4.8977 -44.0853 18.1718 -42.9640 35.1200 -40.6630 27.8837 -37.5984 16.6652 -35.6121 5.5914 -33.0225 -25.2842 -31.5118 -21.1511 -36.6301 27.0032 -45.1562 -24.1639 -21.4511 -35.5026 15.1535 -35.9451 7.2172 -33.0183 -31.2227 -29.1877 -46.6313 -30.0420 -37.3773 -34.3666 -7.4002 -35.4563 -16.1550 -28.6122 -48.5475 -25.9950 -31.1868 -37.2723 30.5175 -45.6426 -23.7304 15.6673 31.1534 -45.4384 -25.7939 -16.5061 -37.6157 7.1553 7.4803 -37.2121 31.8289 -45.6387 -26.7991 17.4174 -40.8637 -23.6484 -18.4799 -34.1352 -8.6198 -48.5514 -30.9565 33.0444 -46.3774 -27.5125 15.3703 -40.4812 -22.1821
-41.0993 16.0069 -27.6353 -46.5880 33.5641 -31.0684 -48.4272 -9.8088 -34.4931 -14.9900 -23.9669 -40.8830 17.1917 -27.0199 -45.8354 31.8119 -35.8849 -19.6109 12.0601 -37.5706 -17.3635 -26.3012 -46.5106 6.1617 -26.7626 -48.0522 -7.2442 -40.5052 26.7360 -38.9486 22.5968 -38.1477 21.6043 -37.7085 19.6335 -36.8694 14.5058 -35.4049 5.0068 -33.1203 -23.9797 -29.7330 -46.4098 -25.3390 -48.9375 -21.0122 -48.3981 -27.9850 -10.4422 -38.3108 34.4140 -46.2320 -23.0818 -46.5705 -27.9722 -46.1029 -25.6807 -48.9922 -19.3009 -46.7523 -22.2481 -46.4677 -33.5460 9.6531 -38.0816 18.4842 -36.3945 -43.8198 -20.0226 -48.4246 -30.3773 11.5212 -41.8531 -13.6985 -42.2636 -34.2880 -32.5256 35.2418 -44.8029 -25.6237 -16.9817 -37.5892 12.0029 -19.4194 -35.8947 31.8118 -45.8353 -27.0199 17.1917 -40.8830 -23.9669 -14.9900 -34.4931 -9.8088 -48.4272 -31.0684 33.5641 -46.5880 -27.6353 16.0069 -41.0993
16.6708 -27.6726 -46.7910 34.0085 -31.1865 -48.2612 -10.9438 -34.8164 -11.8651 -24.2555 -40.9620 17.1775 -27.2569 -46.1163 32.2655 -34.6586 -30.1871 -24.3376 -35.8623 -18.3342 -25.7214 -46.1129 7.2126 -28.0474 -20.3975 -29.8576 -45.7739 27.3258 -36.9852 1.9484 -33.6410 -14.2266 -32.3922 -23.5985 -31.1403 -37.0404 -28.7777 -47.1758 -25.1444 -48.9890 -19.3113 -46.2835 -1.3809 -43.1696 34.0816 -42.2795 8.7778 -48.0043 -29.0885 0.0579 -38.3829 31.0068 -42.8459 5.4821 -44.7604 3.2750 -43.3624 34.0748 -41.8701 8.0439 -48.6471 -31.6469 14.0960 -40.6121 35.5680 -43.7549 14.6566 -6.3663 -44.4730 -16.3622 -45.6274 -35.4158 28.3772 -46.0261 -24.1645 -39.9192 -16.7112 -44.5201 35.4712 -44.7505 -25.5113 -17.8091 -35.8906 -24.3327 -30.0798 -34.6648 32.2645 -46.1163 -27.2569 17.1775 -40.9620 -24.2555 -11.8651 -34.8164 -10.9438 -48.2612 -31.1865 34.0085 -46.7910 -27.6726 16.6708
-26.5677 -46.9858 34.3579 -31.3068 -48.0502 -12.0077 -35.1139 -9.1826 -24.5103 -41.0934 17.3694 -27.4924 -46.4364 33.0035 -33.6012 -41.0674 -22.6152 -33.9646 -18.4543 -25.0993 -45.1489 30.3132 -26.0164 -32.0541 -36.6727 18.0685 -7.4908 -33.2058 -34.4906 -27.8302 -48.9479 -22.7632 -48.6337 -19.8700 -47.6462 -15.1340 -45.5893 3.8055 -43.1228 35.2536 -41.0346 30.0683 -39.1373 23.3312 -39.4358 27.1078 -41.2629 5.9951 -48.3094 -28.9893 -11.1920 -35.7895 16.0665 -37.6547 21.6249 -37.6219 18.7963 -38.5669 28.3707 -44.2423 -24.2190 -1.5089 -39.7625 -9.9254 -47.3468 -23.6884 -9.6582 -40.3044 35.3195 -45.4222 -24.6853 -14.7706 -38.2230 35.1573 -46.2828 -15.7866 -46.3633 35.4625 -39.6363 29.9131 -45.0228 -25.2559 -17.7469 -33.9946 -22.6184 -41.0638 -33.6000 33.0040 -46.4364 -27.4924 17.3694 -41.0934 -24.5103 -9.1826 -35.1139 -12.0077 -48.0502 -31.3068 34.3579 -46.9858 -26.5677
-47.0059 34.5775 -31.4277 -47.7887 -12.9859 -35.3922 -6.8547 -24.7351 -41.2672 17.7400 -27.7100 -46.7551 33.7748 -32.9033 -44.6115 -20.0338 -34.2269 -17.0954 -24.7712 -44.2135 32.4177 -24.1247 -48.7626 -30.5948 14.9530 -43.0714 -21.3884 -49.1195 -19.4893 -46.2095 15.3814 -42.9270 35.5676 -41.5621 32.7696 -39.9903 25.7071 -38.1520 18.8049 -38.4336 19.4405 -39.1839 21.5620 -39.5591 26.4876 -40.4862 35.4344 -42.3766 -5.5544 -47.7883 -26.0743 -44.2557 -31.0774 -23.1067 -32.7260 -18.0050 -33.9416 5.5510 -39.0191 30.2118 -49.1183 -32.2386 26.7804 -46.2566 -27.3039 -48.5224 -31.8818 12.9582 -39.8605 35.5395 -47.7446 -28.4688 -0.4859 -38.3055 29.4092 -42.2775 32.0558 -40.3370 11.3024 -34.9358 26.6227 -43.8106 -24.6147 -17.4228 -34.2161 -20.0481 -44.6120 -32.9042 33.7752 -46.7551 -27.7100 17.7400 -41.2672 -24.7351 -6.8547 -35.3922 -12.9859 -47.7887 -31.4277 34.5775 -47.0059
30.3868 -31.2230 -47.4733 -13.8858 -35.6555 -4.8263 -24.9366 -41.4634 18.2352 -27.9020 -47.0432 34.3773 -32.4599 -45.8979 -18.1392 -34.5964 -14.2846 -24.6738 -43.3248 26.7573 -26.2334 -46.7927 -17.9953 -45.8736 -35.1691 24.5738 -42.9926 32.5919 -42.5369 32.5112 -39.6353 19.9635 -37.9564 11.7373 -35.9517 3.3830 -34.6270 -1.8032 -36.8073 17.4803 -40.2969 34.7330 -42.5874 31.2033 -44.1219 1.0267 -45.5153 -11.9608 -46.3082 -18.2007 -47.9513 -23.4394 -48.7625 -26.2309 -48.5850 -27.8291 -45.8009 -33.1259 12.9681 -40.9359 -8.8104 -49.1186 -22.2851 -39.4070 -4.7352 -28.0248 -46.0511 -33.3101 12.0009 -40.1797 25.0567 -48.4637 -28.5197 -13.1361 -35.5516 12.3698 -37.0803 5.7101 -33.2512 -39.5507 -33.2485 24.4759 -43.0571 -25.2424 -14.0885 -34.7413 -18.0581 -45.8623 -32.4664 34.3772 -47.0432 -27.9020 18.2352 -41.4634 -24.9366 -4.8263 -35.6555 -13.8858 -47.4733 -31.2230 30.3868
-31.4120 -47.0992 -14.7109 -35.9079 -3.0394 -25.1183 -41.6726 18.7960 -28.0724 -47.2916 34.7075 -32.2092 -46.3299 -17.0112 -35.0161 -10.9153 -24.7308 -42.4261 22.5286 -31.1496 -48.0912 6.9958 -44.4993 -24.6596 -24.0178 -37.1882 22.3217 -40.5492 27.5093 -39.8459 17.5050 -37.7053 3.9115 -34.7008 -37.1473 -29.8318 -45.6496 -32.8961 9.9645 -40.5678 -9.3842 -47.4876 -19.8294 -48.9411 -24.9673 -47.9872 -27.4403 -45.8680 -28.1352 -46.2425 -27.8764 -47.4940 -27.7795 -47.6938 -28.2322 -47.0141 -29.8015 -39.2913 -34.8384 17.8390 -40.9471 29.1688 -44.4351 21.4968 -32.6781 -48.6340 -23.7073 -45.4909 -33.3131 14.0214 -40.3597 25.7391 -47.7336 -24.6543 -45.5881 -29.8192 -38.0193 -29.2573 -47.6838 -27.8338 -33.7164 -36.6547 35.2258 -46.8359 -29.8153 0.9845 -35.7794 -16.7669 -46.2763 -32.2168 34.7075 -47.2916 -28.0724 18.7960 -41.6726 -25.1183 -3.0394 -35.9079 -14.7109 -47.0992 -31.4120
-47.2325 -15.4717 -36.1469 -1.4387 -25.2816 -41.8914 19.3967 -28.2276 -47.5099 34.7698 -32.0902 -46.3471 -16.5566 -35.4310 -7.6156 -25.3660 -43.1185 28.9220 -36.4981 -32.6685 -23.5122 -43.9125 10.5366 -48.3338 -31.1820 8.4709 -39.9689 35.6290 -42.9928 34.8822 -40.2820 22.0123 -37.9908 1.2273 -32.1837 -48.3077 -26.6477 -35.4214 -36.5470 32.6529 -44.7267 -30.0140 -34.7134 -32.5241 -2.6149 -34.9949 8.4084 -35.8170 9.7968 -35.6487 6.3358 -34.9736 0.1011 -34.6104 -1.1214 -34.6119 -7.2246 -33.6346 -27.5434 -34.9047 11.7610 -37.9030 17.2622 -34.4447 -43.6166 -19.7389 -46.3596 -21.1123 -45.9305 -33.1468 13.2104 -39.8625 35.7385 -44.8393 -12.3398 -47.8344 -19.2992 -47.9155 -20.1707 -48.7133 -32.1401 14.6436 -42.3379 -19.2056 -41.0679 -35.6663 14.4084 -36.1723 -16.3411 -46.3094 -32.0954 34.7698 -47.5099 -28.2276 19.3967 -41.8914 -25.2816 -1.4387 -36.1469 -15.4717 -47.2325
-16.2687 -36.3712 -0.0184 -25.4276 -42.1150 20.0292 -28.3737 -47.7035 34.5858 -32.0547 -46.1326 -16.5543 -35.8112 -4.4706 -25.7737 -45.3662 26.9460 -41.7129 19.8525 -34.6999 -46.0636 -16.1752 -44.1828 -20.4719 -35.2159 -37.2241 35.3635 -49.1236 -20.7026 -47.2036 1.3212 -43.2349 32.0417 -38.8454 1.8173 -30.2813 -48.7002 -28.6694 -14.6147 -32.0901 -33.2984 12.8936 -37.1805 17.9112 -38.9817 30.3729 -41.2543 34.7835 -41.6079 33.6117 -40.5567 27.9311 -39.2924 23.5225 -39.3260 23.9675 -38.7536 11.5419 -34.4647 -36.0412 -31.9010 -24.9998 -31.0018 -45.8108 -21.1149 -44.9104 33.8477 -44.8602 -19.4657 -47.2346 -32.0979 7.5204 -38.4514 26.3940 -41.4293 35.6942 -43.8179 8.3032 -46.8090 -25.6648 -19.7982 -37.8632 32.2955 -49.1323 -32.8855 16.9479 -40.6076 30.1347 -36.1117 -16.5048 -46.1206 -32.0565 34.5858 -47.7035 -28.3737 20.0292 -42.1150 -25.4276 -0.0184 -36.3712 -16.2687
-37.4613 1.2500 -25.5547 -42.3424 20.6807 -28.5126 -47.8792 34.1679 -32.0760 -45.7639 -16.8160 -36.1535 -1.9200 -25.6318 -44.1998 -18.7107 -47.8997 14.9791 -41.4588 14.0917 -31.6365 -48.5889 -11.1708 -47.7662 -29.4002 14.8656 -44.1943 -27.3437 -19.1653 -29.1658 -48.6728 -20.9436 -46.0885 34.5334 -38.1930 -15.6296 -27.1273 -48.7676 -27.0040 -45.9642 -0.9122 -41.5661 32.1504 -42.3886 3.4966 -46.7854 -18.7435 -48.4108 -19.8853 -47.8233 -14.7343 -45.6882 7.2637 -43.9749 15.2258 -45.0060 21.7092 -40.4089 10.6343 -32.0262 -48.2391 -24.2791 -48.3796 -15.9766 -44.3989 35.4845 -40.9031 33.3204 -43.8711 -15.8719 -48.7151 -30.0540 -8.9815 -36.3653 15.9712 -40.1252 33.1279 -43.7758 -15.5487 -47.8468 -33.9218 18.8669 -43.5650 -24.3714 4.4055 -41.0505 -14.1132 -50.0389 20.9025 -36.1523 -16.8348 -45.7639 -32.0760 34.1679 -47.8792 -28.5126 20.6807 -42.3424 -25.5547 1.2500 -37.4613
1.3714 -25.6838 -42.5714 21.3491 -28.6480 -48.0393 33.5094 -32.1305 -45.2672 -17.2186 -36.4560 0.0659 -25.6112 -41.9525 2.1578 -42.3871 -26.6889 -48.2499 33.0347 -39.3875 -2.9556 -27.2400 -47.5103 -18.4313 -48.6727 -30.8731 -8.2356 7.3273 -37.9470 2.0461 -33.1838 -32.0719 -24.7318 -45.3488 26.4597 -35.0755 -46.4477 -20.2142 -47.5560 -14.8077 -43.9881 35.9680 -44.9556 -19.3960 -48.3506 -29.3346 -27.7124 -32.0429 -23.1013 -30.9759 -41.3919 -27.6687 -48.7028 -24.1738 -48.9398 -25.7649 -49.1776 25.4425 -38.1540 -20.5019 -25.0168 -46.9307 -11.3598 -44.7219 28.1682 -41.4620 26.9505 -40.0461 29.4537 -42.4954 -6.4167 -48.1994 -27.7411 -31.3853 -35.7249 15.6562 -41.1591 26.3479 -48.2849 -29.3937 0.7098 -38.9390 31.4014 -49.1533 -34.0755 34.5488 -49.2792 -31.1336 -24.8997 0.0103 -36.4543 -17.2185 -45.2672 -32.1305 33.5094 -48.0393 -28.6480 21.3491 -42.5714 -25.6838 1.3714
-23.9353 -42.8011 22.0286 -28.7833 -48.1864 32.5964 -32.2037 -44.6559 -17.6840 -36.7203 1.7419 -25.7224 -42.9248 22.5306 -26.6262 -33.8900 -24.1898 -24.7422 -45.5032 27.7905 -35.8764 -40.1474 -27.0494 -48.7642 -22.3793 -48.5377 -21.2908 -43.2552 21.2667 -38.1620 16.1228 -36.4678 -35.6520 -16.0756 -41.2891 8.7116 -28.4713 -47.3100 13.6297 -43.6733 35.8089 -45.0038 -21.8836 -42.2174 -33.5745 12.3893 -37.8738 20.9864 -38.1657 16.5362 -36.6572 5.2403 -33.8116 -21.7824 -33.3970 3.4740 -29.8992 -44.6894 18.0687 -31.3609 -48.7507 -19.7541 -48.3577 -21.4237 -47.5692 -1.9756 -42.2016 27.9041 -40.0534 29.3342 -41.9945 -3.7042 -48.1680 -28.9444 -14.0609 -37.8197 29.3030 -44.8241 -22.7842 -33.8603 -36.7126 21.6970 -42.7708 -21.2343 -6.6323 -39.9488 -20.7265 4.3928 -42.9753 -25.7289 1.7388 -36.7199 -17.6840 -44.6559 -32.2037 32.5964 -48.1864 -28.7833 22.0286 -42.8011 -23.9353
-43.1971 22.7169 -28.9162 -48.3223 31.4012 -32.2889 -43.9281 -18.1699 -36.9618 3.1296 -25.8174 -43.0438 23.1462 -29.1747 -49.1161 29.8168 -34.7367 -46.2403 -12.3771 -41.0237 11.2560 -34.6164 -13.4926 -31.6583 -47.1657 -19.2329 -44.9972 32.9621 -39.8346 27.6915 -42.8542 23.2233 -26.1688 -48.1317 31.5458 -35.6042 -46.0670 -12.7629 -42.6721 34.9423 -43.3267 -17.3955 -44.7614 -34.4475 19.8553 -41.3150 24.2084 -44.7096 23.6544 -42.9347 33.8206 -39.9016 19.1766 -37.7218 14.6694 -40.2380 -11.0409 7.2920 -32.6220 -46.9710 -23.6266 -47.7299 -30.8350 -24.1659 -29.6325 -48.6165 -14.8686 -42.8978 31.2813 -41.2324 34.0702 -45.5908 -21.8217 -46.5700 -34.0140 13.0071 -40.8401 1.1404 -48.6657 -32.9988 11.4585 -40.7621 35.7638 -46.5051 -28.7675 20.6396 -45.4104 -28.0026 23.4376 -43.0485 -25.8187 3.1298 -36.9618 -18.1699 -43.9281 -32.2889 31.4012 -48.3223 -28.9162 22.7169 -43.1971
23.5178 -28.8932 -48.4430 29.8783 -32.3793 -43.0800 -18.6578 -37.1936 4.3095 -25.9046 -43.2077 23.4728 -31.0455 -48.6204 -10.8877 -40.3073 12.1260 -30.4924 -47.8840 34.6789 -38.2870 12.6991 -38.3663 19.7809 -32.3486 -48.9496 20.3984 -40.8289 28.5886 -43.5594 -20.4951 -15.0200 -44.2027 35.1264 -38.7067 -8.0834 -25.1139 -45.3264 34.0057 -41.5971 14.9757 -48.9186 -32.1548 15.1657 -41.7739 -11.2459 -48.9625 -25.5796 -49.0473 -20.6684 -46.9698 12.6610 -42.4476 30.9608 -40.1590 31.0774 -45.2531 -23.6153 -48.8357 -20.7540 -48.7662 -32.1235 18.1514 -38.0169 11.2690 -32.2641 -48.1667 -12.9168 -43.1508 23.1351 -46.8559 -23.1013 -46.4995 -32.2681 2.3647 -38.6049 32.5738 -45.6186 -25.8146 -11.6977 -38.4972 24.9684 -42.7548 16.1769 -48.8069 -31.4145 34.3221 -48.1095 -28.6659 23.4534 -43.2046 -25.9046 4.3095 -37.1936 -18.6578 -43.0800 -32.3793 29.8783 -48.4430 -28.8932 23.5178
-28.1687 -48.5476 28.0271 -32.4694 -42.1091 -19.1369 -37.4195 5.3490 -25.9955 -43.3878 23.9554 -32.8184 -36.6726 -28.1528 -48.5845 27.9128 -38.5428 -18.7940 -20.5425 -42.0156 21.1567 -40.3191 27.9858 -45.7518 3.2062 -22.4615 -44.0266 29.7874 -41.5587 -4.8801 -48.4799 -30.8266 14.2201 -36.6302 -2.8125 -28.7893 -48.0658 34.8805 -40.9093 33.3421 -45.5242 -25.4958 -5.4278 -39.2062 29.9208 -49.1329 -32.7280 2.2393 -33.2993 -35.1838 -27.9491 -48.8885 -17.2503 -45.4261 33.5150 -41.4673 36.2148 -44.6550 6.5645 -45.6183 -23.1251 2.2985 -44.4720 18.7852 -40.3088 13.5849 -31.3769 -48.6897 -14.3716 -47.9562 -26.6948 -34.4334 -34.1402 9.3252 -38.5211 24.6234 -41.8243 -8.2967 -48.3741 -33.7916 13.5314 -41.4019 32.9436 -42.7126 -10.4974 -47.3136 -32.2770 31.5894 -48.4257 -28.9188 23.9418 -43.3869 -25.9955 5.3490 -37.4195 -19.1369 -42.1091 -32.4694 28.0271 -48.5476 -28.1687
-48.3644 25.7639 -32.5571 -41.0051 -19.6001 -37.6397 6.2904 -26.0901 -43.5834 24.5104 -31.3316 -27.9976 -39.0454 8.9061 -28.6815 -46.6132 25.9762 -32.7276 -48.5559 35.2742 -39.9047 33.7657 -49.5130 -29.2005 -1.6197 -44.0987 31.3928 -40.6958 24.7483 -48.9724 -24.3992 -48.3857 -29.2420 -41.6875 -26.4157 -48.3183 24.0377 -40.7419 23.7633 -41.6279 -3.8050 -48.4879 -33.4618 18.3941 -43.3235 -14.3402 30.8686 -39.6707 18.0601 -36.8123 -0.9310 -31.9670 -44.3003 -25.5224 -48.2089 -10.4637 -43.4384 34.2850 -40.8511 36.2194 -44.5211 -10.6323 -30.5191 -47.9702 -0.2814 -39.2252 0.9796 -28.1437 -48.7449 -28.5792 -14.5702 -36.5431 19.8710 -40.0798 34.2221 -42.6730 19.1895 -46.8881 -26.9150 -15.7750 -38.0369 24.1407 -43.0343 35.8015 -42.0813 -16.9356 -43.8450 -32.2832 28.5576 -48.5158 -29.0698 24.5061 -43.5834 -26.0901 6.2904 -37.6397 -19.6001 -41.0051 -32.5571 25.7639 -48.3644
9.7665 -32.1880 -39.7649 -20.0467 -37.8577 7.1516 -26.1883 -43.7906 25.1176 -29.2349 -48.3025 -24.6896 34.3566 -39.1922 -26.8121 -15.6637 -39.0532 -15.1052 -18.8755 -40.7341 24.2724 -43.4796 -22.3682 -9.3584 -38.0681 21.0101 -38.7089 26.0357 -45.7825 -29.9117 -35.7563 -26.3032 -48.4017 -17.8960 -46.1855 33.1250 -40.5416 19.9179 -40.0390 35.3203 -45.5997 -23.6793 -36.2982 -35.5541 14.3864 -33.3363 -49.3324 -1.0196 -41.4932 27.7386 -38.8117 14.3232 -35.5268 -4.3937 -30.8693 -46.3741 -24.0966 -47.0729 -2.1621 -41.7001 35.5297 -40.3128 9.2180 -30.1035 -47.1601 32.4696 -36.0738 -40.3334 -30.0730 -13.7648 -37.5245 27.5146 -42.5779 2.1954 -46.8333 -17.5107 -48.1779 -24.5631 -44.3775 -34.4809 13.5286 -40.9969 35.1325 -44.2175 27.3978 -40.8343 -18.8973 -42.0599 -32.4504 26.5836 -48.6166 -29.2277 25.1176 -43.7906 -26.1883 7.1516 -37.8577 -20.0467 -39.7649 -32.1880 9.7665
-33.0736 -38.3809 -20.4736 -38.0766 7.9588 -26.2893 -44.0049 25.7678 -29.3881 -48.7023 23.8586 -29.8162 -46.9317 22.9090 -30.0915 -46.1197 22.8562 -30.8553 -46.0067 27.2048 -38.7910 34.0784 -47.3885 -27.6981 -15.9739 -33.5465 -10.1099 -33.9877 -18.7463 31.1510 -35.5154 -44.0521 -18.0876 -44.2268 34.6820 -39.8621 16.2584 -38.9307 28.8112 -43.5385 -12.0502 -48.7353 -29.3571 -31.4181 -33.6952 -34.1035 -25.8899 -47.2410 -8.0374 -44.3607 29.7578 -41.8676 32.6080 -38.7604 19.1953 -34.9609 1.3637 -30.4890 -46.7599 -22.6734 -45.2384 35.6169 -37.4093 -1.6316 -22.4470 -42.1484 11.2659 -32.9248 -27.5214 -36.6881 27.5369 -44.1259 -18.1302 -48.5389 -28.3177 -41.3598 -30.3929 -33.4029 -34.0260 10.5899 -39.3932 33.1172 -43.9545 -21.1516 15.7080 15.5551 -38.7596 -19.7364 -40.3605 -32.6846 24.1082 -48.7055 -29.3881 25.7678 -44.0049 -26.2893 7.9588 -38.0766 -20.4736 -38.3809 -33.0736
-38.7676 -20.8725 -38.2938 8.7323 -26.3929 -44.2234 26.4451 -29.5436 -48.7721 21.0236 -32.8883 -37.3682 -0.5876 -34.9892 -45.9996 9.7540 -35.8437 -36.5806 -1.0067 -37.1394 10.2367 -39.4858 34.5441 -47.3234 -22.2614 -49.0244 -24.7507 -48.9263 -21.7960 -42.6535 11.7910 -28.7947 -47.3095 35.8937 -39.6715 12.3898 -37.7496 23.0415 -42.5183 -8.2758 -48.6062 -27.5108 -40.4590 -33.0280 -27.4212 -32.3788 -43.8644 -27.9397 -48.0619 -25.3305 -49.1298 -22.3559 -48.0159 -15.7451 -44.4661 27.2576 -40.0874 25.1841 -34.9981 -0.0247 -28.0364 -47.9232 35.1332 -36.6806 -48.5658 34.4829 -35.8173 -26.1154 -35.0520 19.3454 -42.6165 -18.4257 -45.0164 -33.0900 8.6747 -36.5202 9.2630 -36.8517 16.9665 -39.9620 35.7815 -44.6885 -16.6870 -46.9969 -40.7033 -25.9013 11.0337 -38.7396 -20.3591 -38.3920 -32.8448 21.0302 -48.7721 -29.5436 26.4451 -44.2234 -26.3929 8.7323 -38.2938 -20.8725 -38.7676
-19.9620 -38.5091 9.4684 -26.4994 -44.4449 27.1394 -29.6948 -48.8127 17.4754 -32.8992 -36.2903 -21.2500 -37.5718 -3.3416 -22.1852 -39.3823 10.7382 -30.7597 -37.6389 7.5111 -34.1640 8.7399 -39.4668 34.2302 -43.5980 21.4989 -44.5220 19.1039 -43.3528 24.0762 -34.4985 -47.3108 -8.0067 -40.9674 14.6310 -36.8055 14.6254 -41.1003 0.2339 -48.6233 -28.7665 -27.1338 -34.8702 3.0421 -36.4242 4.3285 -35.3490 5.9318 -34.3979 7.5333 -33.5442 3.3826 -32.1358 -20.8484 -28.8376 -48.1393 -22.9348 -46.9575 15.2008 -39.0727 11.3086 -28.8174 -47.1274 21.7588 -46.2180 -30.7003 -30.6269 -33.2457 6.1264 -39.7718 2.8129 -48.4010 -33.3023 18.8263 -41.2762 33.2517 -40.3243 27.9325 -41.2005 14.9583 -47.8110 -23.0076 -48.5386 -29.1646 24.3534 -44.3962 -26.1935 10.9030 -38.6652 -20.9142 -36.4669 -32.9362 17.5116 -48.8125 -29.6948 27.1394 -44.4449 -26.4994 9.4684 -38.5091 -19.9620
-39.3371 10.1725 -26.6078 -44.6688 27.8465 -29.8412 -48.8292 13.7566 -32.8637 -35.5890 -26.1938 -35.5912 8.0418 -25.9579 -42.6875 19.4662 -38.3143 32.2524 -47.2892 -27.1104 -47.7041 -31.2791 2.9470 -37.3594 19.3342 -39.1778 23.3685 -39.1131 18.0445 -35.3553 -35.6897 -21.9302 -43.9244 23.9480 -36.9766 4.2413 -38.9760 32.2367 -48.2363 -28.3438 -18.3751 -36.3798 13.4980 -39.3418 21.8529 -39.0076 30.1890 -40.7999 33.5999 -42.1321 29.4646 -41.6522 34.4020 -39.1790 24.4919 -34.7579 9.1354 -30.7260 -48.6188 -4.5192 -39.8645 3.1260 -25.6001 -45.8916 -18.1076 -47.3209 -30.8179 -24.9850 -37.0616 30.9673 -46.4448 -28.1748 10.8927 -41.8499 -16.8386 -47.5131 1.8515 -43.1964 -4.6279 -48.6732 -28.8109 -22.7329 -32.6017 -42.4932 -35.2727 28.0734 -44.0045 -26.2262 10.6632 -38.6907 -21.3645 -34.5885 -32.9889 13.7869 -48.8288 -29.8412 27.8465 -44.6688 -26.6078 10.1725 -39.3371
10.6067 -26.6863 -44.8932 28.5632 -29.9821 -48.8199 9.9890 -32.8987 -34.9666 -28.7222 33.9661 -47.6781 -16.3596 -42.9483 22.4050 -35.9774 14.1823 -41.1291 -7.7248 -45.3679 -15.6948 -48.6787 -28.2409 -32.0681 -33.0874 -3.8500 -34.4066 -4.6347 -32.3258 -42.5708 -23.4696 -45.9728 32.8357 -38.1271 -2.5158 -36.5511 28.2259 -45.9087 -25.3161 -27.0434 -36.4680 16.9750 -40.8733 35.6566 -43.1399 -5.3347 -47.4332 -23.3347 -48.3872 -26.5056 -45.4735 -26.3366 -48.9593 -22.8382 -47.4639 -11.3857 -42.9273 13.2324 -29.4616 -48.4271 34.8098 -36.6830 -42.3736 -23.0042 -48.7670 -30.0309 -26.6579 -35.3617 15.0272 -41.0463 -10.3571 -44.2879 -35.4279 29.9958 -25.1826 -29.7214 -48.7669 -18.5491 -48.6150 -29.7590 -1.6797 -37.9336 21.3474 -27.5354 -33.9890 -35.3312 26.5965 -44.1297 -26.3848 10.7549 -38.8089 -21.7475 -32.6825 -33.0253 9.9881 -48.8183 -29.9821 28.5632 -44.8932 -26.6863 10.6067
-25.2752 -45.1144 29.2738 -30.1241 -48.7747 6.4047 -33.0155 -32.3032 -25.7694 -47.1002 -36.4396 24.9505 -37.9072 14.2768 -32.7092 -23.0704 -37.3108 31.2515 -45.2361 -0.6878 -43.0107 1.6150 -47.0228 -20.9744 -49.0089 -25.2700 -48.5749 -24.9705 -49.0125 -17.3947 -45.1661 34.3192 -38.9383 1.9036 -34.4932 9.7983 -41.3775 -17.5365 -43.2324 -35.1269 16.1271 -41.0900 34.3730 -48.9142 -26.0956 -45.8859 -36.5326 11.9747 -40.7558 28.6001 -41.0817 25.9944 -40.7730 12.2149 -37.8222 -29.7215 -32.8538 -28.9687 -49.3132 3.5107 -41.2213 12.3427 -31.5614 -47.4864 -31.3768 6.8912 -37.1196 17.3964 -39.7037 32.8300 -44.3222 -22.4420 -39.0938 -26.8348 -43.3292 12.7017 -30.0689 -48.3443 -30.0202 -5.1226 -38.1396 32.5317 -46.9837 -32.9093 -23.2358 -37.5079 -33.4471 26.9090 -44.4867 -26.5729 11.1267 -38.9818 -22.0883 -30.6971 -33.0523 6.3892 -48.7765 -30.1252 29.2737 -45.1144 -25.2752
-45.3254 30.0273 -30.2319 -48.7507 2.7796 -33.0466 -28.4112 -22.5347 -43.9402 -20.7932 -41.4194 -30.2546 -35.2546 -27.2249 -48.7661 -29.2866 8.5818 -40.0610 -22.7822 -48.7435 -9.3816 -42.6551 35.5705 -43.5441 20.6036 -44.7545 7.0669 -44.6481 28.4184 -42.3079 28.4318 -38.5334 3.0259 -32.5658 -32.8799 -36.3930 32.4983 -49.1204 -32.3862 12.6788 -40.7521 35.9862 -45.7641 -26.3045 -46.1226 -37.4459 14.5667 -42.3202 32.1316 -45.4876 -5.6078 -44.7807 35.6086 -42.4151 19.8721 -41.0991 8.8947 -39.9154 22.2576 -40.8965 22.6156 -37.2336 -30.6457 -31.6315 7.8944 -40.8370 34.3267 -42.3659 30.9283 -43.8285 35.4123 -44.7434 -15.2699 -48.2546 34.6659 -36.8321 -32.8094 -31.8104 -6.0778 -37.7801 26.4767 -42.6110 -19.5375 -15.0496 -33.2373 -20.0630 -47.5000 -31.8004 28.1123 -44.8940 -26.7546 11.6580 -39.1866 -22.4169 -28.4563 -33.0563 2.9050 -48.7727 -30.2342 30.0272 -45.3254
