-35.2842 -30.2424 -21.2147 -40.2483 13.8445 -25.9429 -46.2322 31.4037 -30.6799 -48.3855 -13.9846 -36.5919 -5.1790 -23.3067 -42.3125 20.6221 -27.4907 -47.9212 21.8165 -32.4006 -43.6128 -18.6248 -38.5412 7.3544 -24.6963 -44.4327 27.4895 -29.1583 -48.7091 -4.9113 -34.3543 -27.3937 -21.5125 -40.4994 14.6902 -26.1216 -46.4656 31.4091 -30.8993 -48.1370 -14.7359 -36.8689 -2.9159 -23.5095 -42.5740 21.4764 -27.6915 -48.0720 18.3848 -33.3550 -9.8158 -33.3568 18.3943 -48.0715 -27.6915 21.4764 -42.5740 -23.5095 -2.9159 -36.8689 -14.7359 -48.1370 -30.8993 31.4091 -46.4656 -26.1216 14.6902 -40.4994 -21.5125 -27.3937 -34.3543 -4.9113 -48.7091 -29.1583 27.4895 -44.4327 -24.6963 7.3544 -38.5412 -18.6248 -43.6128 -32.4006 21.8165 -47.9212 -27.4907 20.6221 -42.3125 -23.3067 -5.1790 -36.5919 -13.9846 -48.3855 -30.6799 31.4037 -46.2322 -25.9429 13.8445 -40.2483 -21.2147 -30.2424 -35.2842
-30.2424 -22.7044 -39.5885 13.3568 -27.2044 -46.1380 32.9630 -30.7241 -48.3160 -11.7084 -35.3576 -5.0836 -25.0902 -41.8249 19.8367 -28.3796 -48.0171 32.6744 -31.8280 -43.3485 -18.9929 -37.6105 7.0395 -26.2501 -44.1574 26.9278 -29.6361 -48.8176 6.7174 -32.9652 -26.8984 -22.9373 -39.8128 14.1014 -27.3312 -46.3885 33.5755 -30.8797 -48.0519 -12.9889 -35.6787 -2.8940 -25.2989 -42.1141 20.6781 -28.5317 -48.1981 31.2216 -31.8869 -43.0861 -26.4219 -43.0778 -31.8891 31.2250 -48.1973 -28.5327 20.6767 -42.1137 -25.2988 -2.8940 -35.6787 -12.9889 -48.0519 -30.8797 33.5755 -46.3885 -27.3312 14.1014 -39.8128 -22.9373 -26.8984 -32.9652 6.7174 -48.8176 -29.6361 26.9278 -44.1574 -26.2501 7.0395 -37.6105 -18.9929 -43.3485 -31.8280 32.6744 -48.0171 -28.3796 19.8367 -41.8249 -25.0902 -5.0836 -35.3576 -11.7084 -48.3160 -30.7241 32.9630 -46.1380 -27.2044 13.3568 -39.5885 -22.7044 -30.2424
-21.2147 -39.5885 13.1070 -27.1891 -45.9645 32.4626 -30.8810 -48.4766 -10.5379 -35.0944 -7.0353 -24.9028 -41.5961 19.1772 -28.3761 -47.8635 33.5568 -32.1186 -44.2024 -18.4912 -37.4009 6.2142 -26.1544 -43.9293 26.2060 -29.7043 -48.8254 10.2949 -32.9802 -29.2441 -22.6343 -39.5908 13.4592 -27.2799 -46.1810 33.0895 -31.0456 -48.2672 -11.9743 -35.4253 -4.6091 -25.1283 -41.8947 20.0655 -28.5036 -48.0687 32.4802 -32.2703 -42.9632 -18.7228 -39.4283 -18.7208 -42.9982 -32.2582 32.4584 -48.0562 -28.5370 20.0089 -41.8843 -25.1280 -4.6055 -35.4253 -11.9743 -48.2672 -31.0456 33.0895 -46.1810 -27.2799 13.4592 -39.5908 -22.6343 -29.2441 -32.9802 10.2949 -48.8254 -29.7043 26.2060 -43.9293 -26.1544 6.2142 -37.4009 -18.4912 -44.2024 -32.1186 33.5568 -47.8635 -28.3761 19.1772 -41.5961 -24.9028 -7.0353 -35.0944 -10.5379 -48.4766 -30.8810 32.4626 -45.9645 -27.1891 13.1070 -39.5885 -21.2147
-40.2483 13.3568 -27.1891 -45.8903 32.1053 -30.7893 -48.5847 -9.3066 -34.8374 -9.1443 -24.7062 -41.3645 18.5139 -28.2514 -47.7007 34.1426 -32.0037 -44.9670 -17.9451 -37.1932 5.3460 -26.0501 -43.6971 25.4744 -29.5744 -48.8074 13.8352 -32.9216 -31.4626 -22.3046 -39.3703 12.8134 -27.1638 -45.9704 32.5330 -30.9124 -48.4409 -10.8347 -35.1646 -6.5088 -24.9518 -41.6746 18.9792 -30.8666 -47.2474 33.9432 -32.4219 -43.8638 -18.7421 -37.1078 15.6555 -37.1362 -18.7272 -44.0064 -32.1413 33.3605 -47.9045 -28.4112 19.3380 -41.6521 -24.9505 -6.5004 -35.1643 -10.8347 -48.4409 -30.9124 32.5330 -45.9704 -27.1638 12.8134 -39.3703 -22.3046 -31.4626 -32.9216 13.8352 -48.8074 -29.5744 25.4744 -43.6971 -26.0501 5.3460 -37.1932 -17.9451 -44.9670 -32.0037 34.1426 -47.7007 -28.2514 18.5139 -41.3645 -24.7062 -9.1443 -34.8374 -9.3066 -48.5847 -30.7893 32.1053 -45.8903 -27.1891 13.3568 -40.2483
13.8445 -27.2044 -45.9645 32.1053 -30.7558 -48.6356 -8.2788 -34.6171 -11.1903 -24.5075 -41.1368 17.8558 -28.1282 -47.5313 34.5104 -31.8783 -45.6466 -17.3553 -36.9880 4.4289 -25.9468 -43.4609 24.7372 -29.4464 -48.7686 17.2512 -32.8454 -33.5325 -21.9554 -39.1515 12.1631 -27.0489 -45.7571 31.9315 -30.7744 -48.5748 -9.5295 -34.8985 -8.5901 -24.7596 -41.4350 17.9654 -34.4766 -29.0059 -17.4017 -30.2536 -42.3313 -18.8629 -37.2210 8.0802 -34.8969 6.1599 -37.0345 -18.1275 -44.8016 -32.0188 34.0041 -47.7450 -28.2876 18.6637 -41.4169 -24.7576 -8.5804 -34.8978 -9.5295 -48.5748 -30.7744 31.9315 -45.7571 -27.0489 12.1631 -39.1515 -21.9554 -33.5325 -32.8454 17.2512 -48.7686 -29.4464 24.7372 -43.4609 -25.9468 4.4289 -36.9880 -17.3553 -45.6466 -31.8783 34.5104 -47.5313 -28.1282 17.8558 -41.1368 -24.5075 -11.1903 -34.6171 -8.2788 -48.6356 -30.7558 32.1053 -45.9645 -27.2044 13.8445
-25.9429 -46.1380 32.4626 -30.7893 -48.6356 -7.8682 -34.4817 -12.7845 -24.3360 -40.9326 17.2378 -28.0127 -47.3599 34.6894 -31.7484 -46.2385 -16.7235 -36.7872 3.4633 -25.8450 -43.2240 24.0052 -29.3212 -48.7127 20.3961 -32.7625 -35.4200 -21.5897 -38.9334 11.5029 -26.9363 -45.5422 31.2967 -30.6324 -48.6701 -8.0380 -34.6289 -10.8207 -24.5526 -41.1988 17.3939 -34.4494 9.9204 -42.9276 20.3420 -48.3225 -5.2693 -37.1633 10.5495 -35.5162 -27.0604 -33.3415 4.6133 -36.8908 -17.5165 -45.5090 -31.8931 34.4216 -47.5803 -28.1671 17.9943 -41.1821 -24.5520 -10.8151 -34.6285 -8.0380 -48.6701 -30.6324 31.2967 -45.5422 -26.9363 11.5029 -38.9334 -21.5897 -35.4200 -32.7625 20.3961 -48.7127 -29.3212 24.0052 -43.2240 -25.8450 3.4633 -36.7872 -16.7235 -46.2385 -31.7484 34.6894 -47.3599 -28.0127 17.2378 -40.9326 -24.3360 -12.7845 -34.4817 -7.8682 -48.6356 -30.7893 32.4626 -46.1380 -25.9429
-46.2322 32.9630 -30.8810 -48.5847 -8.2788 -34.4817 -13.4179 -24.2323 -40.7853 16.7343 -27.9169 -47.1983 34.7132 -31.6155 -46.7513 -16.0344 -36.5903 2.4433 -25.7442 -42.9833 23.2697 -29.1984 -48.6404 23.2077 -32.6757 -37.1284 -21.2064 -38.7122 10.8183 -26.8277 -45.3294 30.6469 -30.4829 -48.7308 -6.2848 -34.3598 -13.1639 -24.3340 -40.9662 17.0188 -31.6309 -36.4341 -35.9832 23.2589 -41.8906 30.6696 -37.2130 9.1300 -36.2493 -12.8115 -32.2999 -43.9648 -30.5733 2.6408 -36.8222 -16.8531 -46.1260 -31.7571 34.6464 -47.4117 -28.0514 17.3175 -40.9437 -24.3343 -13.1637 -34.3598 -6.2848 -48.7308 -30.4829 30.6469 -45.3294 -26.8277 10.8183 -38.7122 -21.2064 -37.1284 -32.6757 23.2077 -48.6404 -29.1984 23.2697 -42.9833 -25.7442 2.4433 -36.5903 -16.0344 -46.7513 -31.6155 34.7132 -47.1983 -27.9169 16.7343 -40.7853 -24.2323 -13.4179 -34.4817 -8.2788 -48.5847 -30.8810 32.9630 -46.2322
31.4037 -30.7241 -48.4766 -9.3066 -34.6171 -12.7845 -24.2323 -40.7316 16.4494 -27.8518 -47.0690 34.6385 -31.4848 -47.1800 -15.2927 -36.3956 1.3615 -25.6436 -42.7390 22.5312 -29.0768 -48.5532 25.6821 -32.5851 -38.6447 -20.8101 -38.4844 10.0938 -26.7246 -45.1222 30.0000 -30.3226 -48.7586 -4.1653 -34.0977 -15.5257 -24.1089 -40.7093 16.6490 -28.9103 -48.7588 -27.4780 -26.5523 -35.0326 7.9680 -35.0974 -3.8180 -34.6793 -17.7679 -32.2148 -43.6118 -25.1965 -48.4026 -27.4007 2.3386 -36.6780 -16.1505 -46.6756 -31.6037 34.7109 -47.2433 -27.9433 16.6218 -40.6980 -24.1092 -15.5261 -34.0977 -4.1653 -48.7586 -30.3226 30.0000 -45.1222 -26.7246 10.0938 -38.4844 -20.8101 -38.6447 -32.5851 25.6821 -48.5532 -29.0768 22.5312 -42.7390 -25.6436 1.3615 -36.3956 -15.2927 -47.1800 -31.4848 34.6385 -47.0690 -27.8518 16.4494 -40.7316 -24.2323 -12.7845 -34.6171 -9.3066 -48.4766 -30.7241 31.4037
-30.6799 -48.3160 -10.5379 -34.8374 -11.1903 -24.3360 -40.7853 16.4494 -27.8279 -46.9959 34.5436 -31.3822 -47.4963 -14.5541 -36.2114 0.2827 -25.5383 -42.4945 21.7905 -28.9561 -48.4522 27.8223 -32.4975 -39.9775 -20.4030 -38.2496 9.3221 -26.6293 -44.9259 29.3792 -30.1438 -48.7531 -1.5233 -33.8520 -17.8142 -23.8799 -40.4407 15.9543 -27.7911 -47.0675 -8.4830 -48.0374 -23.9738 -47.4246 -27.6611 -46.1854 -29.0422 -43.0251 -29.0046 -47.2629 -23.0876 -47.8546 1.7673 -44.2414 -25.7554 1.9286 -36.4713 -15.3658 -47.1594 -31.4314 34.6516 -47.0791 -27.8451 15.8958 -40.4415 -23.8801 -17.8089 -33.8492 -1.5337 -48.7532 -30.1439 29.3792 -44.9259 -26.6293 9.3221 -38.2496 -20.4030 -39.9775 -32.4975 27.8223 -48.4522 -28.9561 21.7905 -42.4945 -25.5383 0.2827 -36.2114 -14.5541 -47.4963 -31.3822 34.5436 -46.9959 -27.8279 16.4494 -40.7853 -24.3360 -11.1903 -34.8374 -10.5379 -48.3160 -30.6799
-48.3855 -11.7084 -35.0944 -9.1443 -24.5075 -40.9326 16.7343 -27.8518 -46.9959 34.5013 -31.3235 -47.6856 -13.9417 -36.0549 -0.7246 -25.4297 -42.2562 21.0664 -28.8382 -48.3378 29.6402 -32.4213 -41.1255 -19.9928 -37.9993 8.4654 -26.5468 -44.7503 28.8202 -29.9347 -48.7780 1.7483 -33.9618 -19.7490 -23.6652 -40.1701 15.1265 -27.7183 -46.6067 35.6222 -41.2658 34.7265 -44.4489 -2.3265 -45.8864 -14.3219 -48.2604 -20.0831 -48.6810 -15.6976 -46.2587 32.0767 -41.0009 30.2613 -42.3467 -25.5424 0.7640 -36.2836 -14.4565 -47.5822 -31.2298 34.5075 -46.9251 -27.7639 15.1114 -40.1651 -23.6557 -19.8893 -33.7998 1.8227 -48.7805 -29.9332 28.8202 -44.7503 -26.5468 8.4654 -37.9993 -19.9928 -41.1255 -32.4213 29.6402 -48.3378 -28.8382 21.0664 -42.2562 -25.4297 -0.7246 -36.0549 -13.9417 -47.6856 -31.3235 34.5013 -46.9959 -27.8518 16.7343 -40.9326 -24.5075 -9.1443 -35.0944 -11.7084 -48.3855
-13.9846 -35.3576 -7.0353 -24.7062 -41.1368 17.2378 -27.9169 -47.0690 34.5436 -31.3235 -47.7488 -13.5839 -35.9487 -1.5301 -25.3328 -42.0446 20.3988 -28.7278 -48.2174 31.1223 -32.3596 -42.0835 -19.5999 -37.7242 7.4614 -26.4857 -44.6168 28.4038 -29.6771 -48.8378 5.9706 -34.2690 -4.7333 -24.6717 -39.8177 14.2057 -27.7115 -46.7880 33.9874 -36.1129 13.9148 -38.3900 22.4427 -39.2096 29.9804 -41.7302 35.1695 -44.0565 33.1058 -42.6604 31.2826 -39.3240 13.3804 -35.2913 20.7597 -42.2184 -25.4568 -0.2939 -36.1055 -13.3919 -47.9420 -30.9817 34.3422 -46.8209 -27.7142 14.2719 -39.8608 -24.3013 -12.6900 -34.2212 6.1445 -48.8390 -29.6742 28.4037 -44.6168 -26.4857 7.4614 -37.7242 -19.5999 -42.0835 -32.3596 31.1223 -48.2174 -28.7278 20.3988 -42.0446 -25.3328 -1.5301 -35.9487 -13.5839 -47.7488 -31.3235 34.5436 -47.0690 -27.9169 17.2378 -41.1368 -24.7062 -7.0353 -35.3576 -13.9846
-36.5919 -5.0836 -24.9028 -41.3645 17.8558 -28.0127 -47.1983 34.6385 -31.3822 -47.6856 -13.5839 -35.9117 -1.9810 -25.2656 -41.8845 19.8548 -28.6323 -48.1001 32.2443 -32.3068 -42.8856 -19.2300 -37.4315 6.3005 -26.4543 -44.5568 28.2272 -29.3529 -48.8524 11.4163 -34.6159 3.7936 -34.3321 -30.1283 3.0415 -27.5196 -46.8896 34.2351 -32.0580 -35.9038 -31.1806 -21.7299 -33.2799 -0.3582 -35.6034 13.0800 -38.5866 20.6689 -38.8820 15.6669 -36.4822 -3.4229 -31.1425 -45.9054 -30.5064 20.3288 -42.0662 -25.3325 -1.4404 -35.9262 -11.9434 -49.0135 -32.1571 34.2778 -46.8220 -27.5306 4.2811 -32.1207 -30.9550 9.2370 -34.7024 11.5275 -48.8501 -29.3511 28.2272 -44.5568 -26.4543 6.3005 -37.4315 -19.2300 -42.8856 -32.3068 32.2443 -48.1001 -28.6323 19.8548 -41.8845 -25.2656 -1.9810 -35.9117 -13.5839 -47.6856 -31.3822 34.6385 -47.1983 -28.0127 17.8558 -41.3645 -24.9028 -5.0836 -36.5919
-5.1790 -25.0902 -41.5961 18.5139 -28.1282 -47.3599 34.7132 -31.4848 -47.4963 -13.9417 -35.9487 -1.9810 -25.2416 -41.7964 19.4911 -28.5628 -47.9980 33.0272 -32.2605 -43.5482 -18.8810 -37.1435 5.0289 -26.4568 -44.5856 28.3763 -28.9707 -48.7963 17.5149 -34.6224 1.9849 -38.3168 27.0625 -46.7262 -13.9534 -43.5332 30.0513 -30.4828 -48.4270 -20.5331 -47.9283 -21.4004 -49.0205 -26.1185 -45.0223 -32.1563 0.6271 -37.8867 9.9267 -35.6699 -28.7200 -29.7073 -48.6835 -20.2241 -48.0035 -29.0952 19.9093 -41.8642 -25.2690 -1.3326 -36.2320 29.9242 27.3673 -37.8892 31.9390 -44.6667 -20.4168 -49.6812 31.6435 -40.9414 7.5932 -34.6587 17.6274 -48.7961 -28.9705 28.3764 -44.5856 -26.4568 5.0289 -37.1435 -18.8810 -43.5482 -32.2605 33.0272 -47.9980 -28.5628 19.4911 -41.7964 -25.2416 -1.9810 -35.9487 -13.9417 -47.4963 -31.4848 34.7132 -47.3599 -28.1282 18.5139 -41.5961 -25.0902 -5.1790
-23.3067 -41.8249 19.1772 -28.2514 -47.5313 34.6894 -31.6155 -47.1800 -14.5541 -36.0549 -1.5301 -25.2656 -41.7964 19.3546 -28.5266 -47.9297 33.4987 -32.2211 -44.0651 -18.5664 -36.8840 3.7329 -26.4922 -44.7056 28.8913 -28.5667 -48.6830 22.9972 -34.8122 -17.5645 -33.2755 5.5528 -38.8522 25.0751 -38.1478 14.9149 -29.9240 -49.0030 -5.6694 -40.3304 35.2355 -42.5161 26.4722 -45.3611 -18.8281 -48.6136 -31.5231 28.6012 -39.2315 9.1630 -33.7666 -43.3338 -26.8579 -48.4454 -22.1479 -48.6770 -30.7940 18.1845 -41.1901 -21.4635 -47.2319 -24.0788 -48.2909 35.4864 -38.7019 20.7412 -39.4807 32.8668 -40.3272 14.5182 -33.0600 -18.2584 -34.9546 23.0724 -48.6849 -28.5669 28.8913 -44.7056 -26.4922 3.7329 -36.8840 -18.5664 -44.0651 -32.2211 33.4987 -47.9297 -28.5266 19.3546 -41.7964 -25.2656 -1.5301 -36.0549 -14.5541 -47.1800 -31.6155 34.6894 -47.5313 -28.2514 19.1772 -41.8249 -23.3067
-42.3125 19.8367 -28.3761 -47.7007 34.5104 -31.7484 -46.7513 -15.2927 -36.2114 -0.7246 -25.3328 -41.8845 19.4911 -28.5266 -47.9059 33.7072 -32.1940 -44.4229 -18.3135 -36.6720 2.5482 -26.5540 -44.9016 29.6983 -28.2334 -48.2370 26.0195 -36.1701 -19.1828 -27.2566 -47.9097 -31.1507 -13.0445 -33.0432 -24.0210 -27.1314 -48.2462 20.2734 -35.7550 12.3152 -36.7936 16.1477 -38.5665 27.0422 -41.2413 33.9634 -27.1275 -48.9881 34.4216 -39.5642 13.9676 -35.3998 -3.4963 -32.3321 -33.2143 -30.1526 -42.6199 -33.6912 13.6945 -38.9451 22.0448 -45.3850 34.1973 -42.5139 13.8543 -35.0102 -1.9378 -34.2020 -2.1709 -31.3350 -48.4801 -26.7057 -17.4620 -36.2611 26.0789 -48.4012 -28.2304 29.6983 -44.9016 -26.5540 2.5482 -36.6720 -18.3135 -44.4229 -32.1940 33.7072 -47.9059 -28.5266 19.4911 -41.8845 -25.3328 -0.7246 -36.2114 -15.2927 -46.7513 -31.7484 34.5104 -47.7007 -28.3761 19.8367 -42.3125
20.6221 -28.3796 -47.8635 34.1426 -31.8783 -46.2385 -16.0344 -36.3956 0.2827 -25.4297 -42.0446 19.8548 -28.5628 -47.9297 33.7072 -32.1849 -44.5986 -18.1473 -36.5228 1.5988 -26.6255 -45.1272 30.3942 -29.9708 -47.9676 -7.6116 -34.0595 -2.2684 -24.4692 -44.4793 -13.1557 -48.8273 -22.5670 -48.9346 -17.5288 -44.1321 33.5783 -34.1788 -18.9321 -31.2825 -36.8273 -32.7593 -9.1010 -35.2316 7.3876 -34.5937 -42.4457 -20.8751 -44.9939 34.6071 -41.1130 30.2303 -39.1113 22.3583 -37.2969 14.4172 -35.8904 4.8325 -36.0996 10.1805 -37.3032 21.3566 -39.2799 15.2869 -35.2016 -39.1218 -28.4829 -48.4211 -24.6414 -48.4975 -9.7412 -43.4283 -24.4030 -1.2287 -34.6721 13.0248 -48.1228 -29.9513 30.3942 -45.1272 -26.6255 1.5988 -36.5228 -18.1473 -44.5986 -32.1849 33.7072 -47.9297 -28.5628 19.8548 -42.0446 -25.4297 0.2827 -36.3956 -16.0344 -46.2385 -31.8783 34.1426 -47.8635 -28.3796 20.6221
-27.4907 -48.0171 33.5568 -32.0037 -45.6466 -16.7235 -36.5903 1.3615 -25.5383 -42.2562 20.3988 -28.6323 -47.9980 33.4987 -32.1940 -44.5986 -18.0882 -36.4447 0.9956 -26.6814 -45.3300 30.7289 -32.8114 -40.6707 -25.5195 -47.8838 -45.8360 -10.3266 -40.1374 30.2542 -41.7081 35.3463 -42.7341 34.8444 -39.2269 17.6074 -33.4319 -41.3175 -28.7803 -48.6093 -28.6726 -46.2009 -31.5644 -38.5936 -32.9621 -36.2597 -29.7333 -48.7077 -22.9478 -48.3185 -18.2164 -46.8105 -10.2047 -44.7945 20.5954 -42.6451 34.9462 -40.1331 24.1920 -38.1005 14.9259 -37.5204 9.3027 -36.0343 -23.5633 -30.0784 -48.7548 -19.0949 -45.3966 19.0970 -41.8081 31.0199 -40.1162 -12.8591 -46.9904 -43.2432 -23.8612 -40.8839 -32.7996 30.7395 -45.3289 -26.6814 0.9956 -36.4447 -18.0882 -44.5986 -32.1940 33.4987 -47.9980 -28.6323 20.3988 -42.2562 -25.5383 1.3615 -36.5903 -16.7235 -45.6466 -32.0037 33.5568 -48.0171 -27.4907
-47.9212 32.6744 -32.1186 -44.9670 -17.3553 -36.7872 2.4433 -25.6436 -42.4945 21.0664 -28.7278 -48.1001 33.0272 -32.2211 -44.4229 -18.1473 -36.4447 0.7968 -26.7080 -45.4609 30.8288 -33.4832 -3.0657 -42.6010 21.4402 -38.9382 29.0518 -38.2022 12.6403 -36.2388 11.5827 -37.0110 12.0614 -36.0957 -0.2934 -34.0672 -37.8004 -31.3875 -37.9886 -31.7574 -20.8869 -33.5914 -6.8047 -34.7579 -2.0690 -34.9295 -4.9997 -33.4597 -14.5900 -32.0386 -30.5754 -30.0717 -43.6561 -27.2680 -48.8311 -23.2929 -48.2693 -14.6962 -45.1057 28.0622 -41.5178 29.0120 -38.4609 13.7046 -35.6264 -20.0194 -29.4124 -48.7618 -17.0652 -43.9820 35.8028 -40.0519 20.5970 -38.9625 30.5151 -37.7685 21.1959 -42.6419 -2.9481 -33.4166 30.9063 -45.4577 -26.7080 0.7968 -36.4447 -18.1473 -44.4229 -32.2211 33.0272 -48.1001 -28.7278 21.0664 -42.4945 -25.6436 2.4433 -36.7872 -17.3553 -44.9670 -32.1186 32.6744 -47.9212
21.8165 -31.8280 -44.2024 -17.9451 -36.9880 3.4633 -25.7442 -42.7390 21.7905 -28.8382 -48.2174 32.2443 -32.2605 -44.0651 -18.3135 -36.5228 0.9956 -26.7080 -45.5019 30.8013 -33.8718 -31.2287 -35.0907 13.3422 -37.6988 7.1903 -35.0046 -14.5624 -31.1404 -40.7965 -32.6563 -24.3320 -34.5360 -13.0707 -35.3305 0.2874 -35.8080 10.9654 -36.9829 17.6201 -38.0974 22.3154 -38.7280 25.0549 -39.1880 25.6346 -39.0193 24.0812 -38.3461 20.6153 -37.5772 15.5547 -36.3197 8.5902 -34.5425 -6.8194 -31.6366 -40.7464 -27.1822 -49.1085 -19.9815 -46.2164 19.7903 -41.4118 27.1753 -37.6304 7.0766 -32.0307 -45.7671 -22.9054 -46.1373 35.0451 -39.5065 17.7069 -38.0781 10.0287 -38.2396 13.9450 -35.0815 -32.7956 -33.6970 30.9714 -45.4973 -26.7080 0.9956 -36.5228 -18.3135 -44.0651 -32.2605 32.2443 -48.2174 -28.8382 21.7905 -42.7390 -25.7442 3.4633 -36.9880 -17.9451 -44.2024 -31.8280 21.8165
-32.4006 -43.3485 -18.4912 -37.1932 4.4289 -25.8450 -42.9833 22.5312 -28.9561 -48.3378 31.1223 -32.3068 -43.5482 -18.5664 -36.6720 1.5988 -26.6814 -45.4610 30.8047 -34.6933 2.8856 -35.6847 -8.6530 -35.0402 -20.0674 -30.8811 -46.7304 -27.3151 -48.5127 -30.4414 -30.6977 -34.7170 6.4737 -37.4412 19.1721 -39.2011 30.5500 -41.6022 35.2733 -43.3932 20.1064 -44.4430 0.3097 -45.1024 -5.7635 -45.3166 -4.6686 -44.8548 4.8640 -44.0585 25.8987 -42.9020 35.5260 -41.1097 29.5273 -38.7115 19.2350 -36.5779 7.6659 -33.4526 -27.9807 -28.5224 -48.9707 -19.8481 -45.6569 33.1267 -39.7848 18.4771 -34.9605 -26.1544 -27.1124 -48.0018 18.4343 -39.8471 17.8618 -36.9882 0.6153 -36.1544 -8.1690 -35.4545 0.8286 -34.4864 30.9807 -45.4572 -26.6814 1.5988 -36.6720 -18.5664 -43.5482 -32.3068 31.1223 -48.3378 -28.9561 22.5312 -42.9833 -25.8450 4.4289 -37.1932 -18.4912 -43.3485 -32.4006
-43.6128 -18.9929 -37.4009 5.3460 -25.9468 -43.2240 23.2697 -29.0768 -48.4522 29.6402 -32.3596 -42.8856 -18.8810 -36.8840 2.5482 -26.6255 -45.3302 30.8305 -33.8644 2.7970 -41.9301 12.2687 -35.2183 -32.4768 -28.8679 -48.7185 -26.0455 -47.3336 -31.5258 -0.4784 -36.9336 19.7289 -39.8114 34.9413 -43.1985 5.3417 -46.3743 -17.7643 -48.6991 -23.4812 -48.9452 -26.1371 -47.5859 -27.4146 -46.4203 -27.7511 -46.5822 -27.2083 -47.8854 -25.8044 -49.0638 -23.3236 -48.6714 -18.4986 -46.4952 -4.0623 -43.6492 34.9054 -40.7173 26.0029 -37.4191 10.9639 -33.6082 -30.6700 -27.4742 -48.8142 -11.5737 -42.5713 28.8891 -37.3178 -0.7488 -29.4216 -48.7416 -3.2782 -40.5562 19.2859 -36.7242 -5.3698 -36.2035 11.5490 -41.8325 0.6285 -33.6659 30.9240 -45.3284 -26.6255 2.5482 -36.8840 -18.8810 -42.8856 -32.3596 29.6402 -48.4522 -29.0768 23.2697 -43.2240 -25.9468 5.3460 -37.4009 -18.9929 -43.6128
-18.6248 -37.6105 6.2142 -26.0501 -43.4609 24.0052 -29.1984 -48.5532 27.8223 -32.4213 -42.0835 -19.2300 -37.1435 3.7329 -26.5540 -45.1274 30.7247 -33.4851 -31.3037 -35.6676 12.2285 -36.1610 -26.2463 -28.8685 -48.6906 -27.4708 -39.8654 -33.6939 11.9793 -39.1834 32.1317 -42.8517 0.2697 -47.3802 -22.2244 -48.5659 -28.2424 -38.4996 -31.8876 -11.4967 -34.1371 2.6790 -35.2423 7.3217 -35.6747 8.7035 -35.6308 7.7205 -35.1545 4.0154 -34.2054 -5.8706 -32.4307 -30.3942 -29.5298 -46.3799 -25.4819 -48.9698 -18.2732 -45.6972 23.1715 -41.2314 27.0600 -37.2047 7.1300 -31.6979 -46.1827 -22.3492 -45.6536 35.5618 -38.5914 7.7801 -30.6982 -48.7607 -10.1146 -41.1226 19.9263 -36.6505 -4.1916 -36.7822 11.4329 -35.3908 -33.2849 -33.3813 30.7546 -45.1267 -26.5540 3.7329 -37.1435 -19.2300 -42.0835 -32.4213 27.8223 -48.5532 -29.1984 24.0052 -43.4609 -26.0501 6.2142 -37.6105 -18.6248
-38.5412 7.0395 -26.1544 -43.6971 24.7372 -29.3212 -48.6404 25.6821 -32.4975 -41.1255 -19.5999 -37.4315 5.0289 -26.4922 -44.9016 30.3919 -32.8205 -2.9978 -35.0938 -8.7534 -35.2037 -26.3248 -29.2698 -48.5044 -28.9835 -25.6133 -35.6538 19.1477 -40.4126 32.3030 -46.2752 -20.2489 -48.5754 -29.1585 -26.5485 -33.9077 6.6673 -36.8303 16.7843 -38.5463 24.3278 -39.7159 29.9381 -40.7235 32.8547 -41.1345 33.4504 -40.9777 32.1164 -40.2767 28.4409 -38.9900 22.5404 -37.2486 15.1406 -35.6121 4.7028 -32.8989 -30.6148 -28.3347 -48.9858 -20.6025 -45.9359 29.7238 -39.9782 19.6689 -34.9375 -25.5025 -26.8445 -47.7159 28.0305 -39.0676 11.5021 -31.4274 -48.6500 -11.1998 -41.0642 18.9460 -36.4356 -6.8411 -35.9026 -9.4470 -35.0026 -3.3277 -32.7699 30.4011 -44.9014 -26.4922 5.0289 -37.4315 -19.5999 -41.1255 -32.4975 25.6821 -48.6404 -29.3212 24.7372 -43.6971 -26.1544 7.0395 -38.5412
7.3544 -26.2501 -43.9293 25.4744 -29.4464 -48.7127 23.2077 -32.5851 -39.9775 -19.9928 -37.7242 6.3005 -26.4568 -44.7056 29.6983 -29.9758 -40.5823 -42.5947 13.3488 -35.0384 -32.5340 -28.9032 -48.4782 -29.6232 -14.4864 -36.9162 24.5487 -41.7817 0.0939 -48.2359 -26.4134 -38.8256 -33.2409 7.1914 -37.6198 21.9150 -40.0209 34.4973 -42.7414 23.2021 -44.7807 -8.1136 -46.4208 -15.8653 -47.4838 -18.2687 -47.8059 -18.4074 -47.5084 -16.4961 -46.5052 -10.7476 -44.8320 12.4427 -42.8734 35.3459 -40.4712 26.2342 -37.1401 12.4488 -33.9863 -22.4786 -28.3074 -49.0746 -15.4094 -43.2421 30.8567 -37.3242 -0.3466 -29.0163 -48.5978 11.7965 -39.2547 12.7404 -31.5583 -48.7064 -8.1801 -40.4297 16.3279 -35.8674 -14.6502 -35.7156 13.7155 -42.6628 -41.0847 -29.9314 29.6983 -44.7056 -26.4568 6.3005 -37.7242 -19.9928 -39.9775 -32.5851 23.2077 -48.7127 -29.4464 25.4744 -43.9293 -26.2501 7.3544
-24.6963 -44.1574 26.2060 -29.5744 -48.7686 20.3961 -32.6757 -38.6447 -20.4030 -37.9993 7.4600 -26.4545 -44.5862 28.8913 -28.2335 -48.1475 -23.9444 20.6045 -37.6864 -20.1415 -28.9206 -48.6509 -29.3237 -12.4651 -37.4329 27.8733 -43.2090 -13.5593 -48.7659 -29.7077 -9.6406 -36.2643 18.4198 -39.6945 35.4572 -43.7333 -7.5983 -47.5100 -22.0007 -49.0362 -26.5754 -45.5782 -29.2458 -37.3519 -30.8067 -29.0773 -31.4147 -26.9500 -31.1732 -32.3890 -30.0816 -41.4329 -28.0444 -47.8199 -24.8924 -49.0091 -19.2040 -46.0637 10.1420 -41.8275 30.6629 -37.5728 11.0106 -32.6001 -42.5392 -24.0879 -46.3616 35.2346 -38.4857 7.2595 -29.9858 -48.7378 6.2903 -39.3320 11.7852 -31.0894 -48.7564 3.5248 -39.8339 12.1696 -35.3681 -7.5664 -38.0445 21.3249 -23.4684 -48.1933 -28.2260 28.8913 -44.5862 -26.4545 7.4600 -37.9993 -20.4030 -38.6447 -32.6757 20.3961 -48.7686 -29.5744 26.2060 -44.1574 -24.6963
-44.4327 26.9278 -29.7043 -48.8074 17.2512 -32.7625 -37.1284 -20.8101 -38.2496 8.4640 -26.4860 -44.5605 28.3791 -28.5652 -48.4162 14.1309 -43.0375 -37.4635 5.3764 -30.8292 -48.6886 -28.1699 -19.6078 -37.2457 28.7276 -43.8760 -17.5645 -48.1341 -31.4917 5.0467 -38.2674 28.4292 -42.0952 -0.7822 -47.6634 -24.2474 -46.7937 -30.2340 -16.1732 -33.8577 7.1317 -35.7013 14.7045 -36.6254 19.2844 -37.2998 21.5871 -37.5920 21.4874 -37.1331 18.9672 -36.2492 14.1520 -35.2287 6.0204 -33.2628 -21.4021 -29.4265 -47.9548 -23.0446 -47.0306 11.2966 -40.8569 23.7131 -35.9071 -13.0461 -27.7835 -48.1344 24.3830 -38.8307 9.7239 -30.2461 -48.7210 14.2243 -39.2631 8.5689 -30.0768 -48.4527 28.0872 -39.2871 6.2254 -35.5358 7.3979 -37.8021 -41.5089 19.8128 -48.4841 -28.5652 28.3791 -44.5605 -26.4860 8.4640 -38.2496 -20.8101 -37.1284 -32.7625 17.2512 -48.8074 -29.7043 26.9278 -44.4327
27.4895 -29.6361 -48.8254 13.8352 -32.8454 -35.4200 -21.2064 -38.4844 9.3221 -26.5468 -44.6199 28.2295 -28.9674 -48.6881 26.1741 -35.4476 -48.8462 32.3636 -34.5751 -47.0642 -26.7851 -34.3534 -36.3140 27.0220 -43.7747 -18.5855 -47.1238 -32.5178 10.5036 -39.2442 35.4527 -45.1294 -20.1991 -48.3315 -30.1350 -5.2511 -35.1630 16.4294 -37.9843 29.5717 -40.9924 34.5680 -42.9177 13.7867 -44.1365 -4.5447 -44.8909 -8.3161 -44.9300 -5.1200 -44.2116 12.1905 -42.9969 34.3343 -41.0656 29.6779 -37.9288 16.2820 -35.0952 -6.3572 -29.8710 -48.6332 -19.4269 -44.5681 34.1211 -37.9548 3.8496 -29.4014 -48.7052 13.6795 -38.8871 9.0890 -29.7932 -48.4695 30.1473 -38.8689 1.7588 -28.2244 -47.3091 35.4572 -38.2456 -0.2100 -37.0223 17.4830 -17.9450 -35.2650 26.1758 -48.6881 -28.9674 28.2295 -44.6199 -26.5468 9.3221 -38.4844 -21.2064 -35.4200 -32.8454 13.8352 -48.8254 -29.6361 27.4895
-29.1583 -48.8176 10.2949 -32.9216 -33.5325 -21.5897 -38.7122 10.0938 -26.6293 -44.7503 28.4037 -29.3502 -48.8031 23.2659 -36.3850 -2.7070 -19.7628 -38.4863 -19.6271 -26.9266 -45.6378 -34.5737 22.7970 -42.8821 -17.3848 -47.1174 -32.8833 13.0655 -39.6152 31.0762 -47.2882 -25.9713 -34.0691 -33.7398 16.0198 -38.6265 35.0625 -43.1488 -9.3526 -47.2275 -21.6645 -49.2421 -25.6257 -47.1922 -27.9689 -42.6101 -29.1165 -40.0715 -29.1738 -42.3382 -28.1127 -47.0087 -25.7795 -49.2399 -21.5344 -47.1896 -6.2626 -43.0535 34.4106 -38.5735 14.8259 -33.8209 -35.2844 -25.7180 -47.2194 32.6228 -38.7379 8.6157 -29.9916 -48.7551 17.3883 -38.7350 5.1856 -28.5933 -47.4320 35.4708 -37.7901 -17.8673 -24.7643 -45.0229 27.7858 -36.9817 4.2626 -39.0679 1.8440 -2.2577 -36.4012 23.2674 -48.8030 -29.3501 28.4037 -44.7503 -26.6293 10.0938 -38.7122 -21.5897 -33.5325 -32.9216 10.2949 -48.8176 -29.1583
-48.7091 6.7174 -32.9802 -31.4626 -21.9554 -38.9334 10.8183 -26.7246 -44.9259 28.8202 -29.6749 -48.8611 18.1441 -35.4246 -9.1189 -24.5451 -39.8106 10.1816 -27.5874 -48.7657 -32.1239 16.4460 -41.2350 -12.8797 -48.1410 -32.5514 13.4286 -39.6776 18.3024 -48.3690 -28.5719 -1.7422 -36.3466 31.0825 -42.7474 -14.5951 -48.8177 -26.1566 -40.6599 -31.3060 -1.3094 -33.9618 11.1929 -35.0799 16.8590 -36.1449 19.5737 -36.6118 19.2957 -36.1259 15.9839 -35.6275 9.4200 -34.1734 -8.3971 -30.7854 -45.3943 -24.8332 -47.9064 -2.1605 -41.6993 26.4800 -36.7862 -5.7625 -28.4949 -48.4268 19.7134 -38.8781 9.5132 -29.7983 -48.5351 30.6393 -38.1756 -6.0199 -26.0214 -45.3521 28.7064 -35.7192 -42.1872 -18.3628 -41.9776 17.6419 -36.0342 11.9533 -39.9221 -24.5752 -8.7540 -35.4336 18.1388 -48.8609 -29.6747 28.8202 -44.9259 -26.7246 10.8183 -38.9334 -21.9554 -31.4626 -32.9802 6.7174 -48.7091
-4.9113 -32.9652 -29.2441 -22.3046 -39.1515 11.5029 -26.8277 -45.1222 29.3792 -29.9335 -48.8477 11.9616 -34.5868 -16.3258 -24.0777 -38.9165 12.4750 -27.4716 -47.4543 -28.7859 7.3487 -39.6872 4.4723 -48.8031 -31.5280 11.5756 -39.5919 14.2625 -48.6586 -29.5882 8.4309 -37.7318 26.3887 -47.2888 -25.5818 -35.8938 -32.4892 11.9328 -36.2842 27.2928 -40.3054 34.4858 -42.5975 11.1593 -44.0591 -5.8830 -44.8372 -7.4587 -44.5512 2.4082 -43.5426 30.5959 -41.8204 32.1981 -38.8651 18.3928 -35.9704 -1.4450 -30.6191 -48.0250 -20.2698 -45.0462 34.7614 -38.3710 4.9165 -29.6277 -48.7218 13.7484 -38.7257 7.4458 -28.8978 -47.5722 35.2529 -36.6997 -33.9076 -20.9593 -42.4228 18.9565 -32.8684 -48.7451 4.4285 -39.5973 7.2137 -35.3689 12.8821 -38.5004 -24.1087 -16.1957 -34.5952 11.9629 -48.8476 -29.9335 29.3792 -45.1222 -26.8277 11.5029 -39.1515 -22.3046 -29.2441 -32.9652 -4.9113
-34.3543 -26.8984 -22.6343 -39.3703 12.1631 -26.9363 -45.3294 30.0000 -30.1439 -48.7837 6.3224 -34.0092 -20.5650 -23.6316 -38.5241 10.8688 -28.0418 -46.1320 -22.9143 -22.0953 -37.9328 34.8585 -48.1400 -29.7944 7.0267 -39.2966 23.5768 -48.6061 -29.8212 11.4952 -38.6753 -8.2931 -49.0594 -29.6975 7.6087 -36.4012 32.8978 -42.4310 -9.5305 -47.3833 -22.2784 -49.2337 -26.3998 -45.3781 -28.6792 -39.8327 -29.4740 -39.9865 -28.8119 -45.3882 -26.5961 -49.1231 -22.2016 -47.5391 -6.4346 -43.3246 34.2812 -39.0777 14.3441 -33.9723 -36.5062 -25.4716 -47.1411 33.5233 -38.8588 8.4339 -29.9664 -48.7239 19.9817 -38.3308 1.3139 -27.0231 -45.4587 27.6705 -34.1466 -47.6753 -7.8459 -39.9450 8.4831 -29.3368 -47.5155 35.4111 -37.9127 -6.7677 -35.5214 13.4302 -38.7534 -23.5952 -20.5159 -34.0122 6.3277 -48.7837 -30.1439 30.0000 -45.3294 -26.9363 12.1631 -39.3703 -22.6343 -26.8984 -34.3543
-27.3937 -22.9373 -39.5908 12.8134 -27.0489 -45.5422 30.6469 -30.3226 -48.7532 1.8611 -33.6691 -21.6809 -23.3279 -38.7849 10.3621 -29.2784 -46.5172 -11.5425 -48.3058 -34.4777 28.4488 -45.7430 -26.5803 -4.4418 -38.5411 34.6235 -48.0855 -29.2883 10.4758 -38.9647 -13.8986 -47.9309 -31.8976 19.2198 -40.0202 -5.8711 -48.3167 -26.0281 -38.3321 -31.7411 3.9632 -34.4906 14.4097 -35.7202 19.1549 -36.7595 19.7893 -36.7955 16.3829 -36.2161 9.0967 -34.3694 -12.5563 -30.4712 -46.9246 -23.5616 -47.4094 13.3912 -41.2269 23.4909 -36.4577 -12.5547 -28.0406 -48.1937 23.4277 -38.7904 9.4049 -29.7061 -48.4972 31.4914 -37.3995 -18.1208 -23.2432 -42.2952 17.0140 -30.9996 -48.4524 34.7845 -37.9906 -18.4421 -23.6514 -43.9385 23.0953 -36.8851 5.0035 -38.0679 20.9768 -39.0537 -23.3590 -21.8229 -33.6621 1.8609 -48.7532 -30.3226 30.6469 -45.5422 -27.0489 12.8134 -39.5908 -22.9373 -27.3937
-21.5125 -39.8128 13.4592 -27.1638 -45.7571 31.2967 -30.4829 -48.7586 -1.5338 -33.6453 -21.0713 -23.2731 -39.9008 17.0110 -33.6880 -48.6864 -11.6366 -46.3691 -29.5590 14.3047 -41.7911 -20.1719 -35.5292 -36.7519 33.2123 -46.6265 -27.8913 5.4093 -38.1830 -11.1169 -47.7188 -32.7676 25.3381 -43.1095 -21.2831 -45.8172 -31.6116 10.9002 -36.6125 29.2751 -41.1096 31.1159 -43.4244 2.6755 -44.5141 -3.4893 -44.5568 11.1691 -43.4742 34.9924 -41.3025 28.0281 -38.6920 13.7065 -35.0361 -18.4017 -29.0293 -48.9216 -15.1393 -43.6522 31.3027 -37.9410 1.4815 -29.3127 -48.6269 11.7526 -38.4002 8.6709 -28.9555 -47.6788 35.2046 -35.4911 -43.0829 -14.7658 -39.2064 3.9655 -26.6331 -45.1869 26.4463 -34.8189 -47.1505 -9.3719 -40.5469 16.0831 -39.0207 27.1546 -41.7177 20.7009 -39.1916 -23.3508 -21.3410 -33.6338 -1.5338 -48.7586 -30.4829 31.2967 -45.7571 -27.1638 13.4592 -39.8128 -21.5125
-40.4994 14.1014 -27.2799 -45.9704 31.9315 -30.6324 -48.7308 -4.1653 -33.8581 -19.5978 -23.4115 -40.9782 32.8766 -39.4384 3.5026 -28.1032 -46.8553 -22.7376 -15.8833 -38.1545 6.9709 -48.5730 -33.6944 23.5688 -44.0666 -24.7475 -9.8189 -37.3626 8.5344 -48.8272 -32.2261 25.4239 -44.1169 -24.7210 -26.2517 -35.0547 26.2340 -41.4706 -3.8693 -47.4599 -22.7853 -48.9982 -26.8738 -45.2579 -28.3669 -44.5616 -27.6579 -48.0247 -24.7657 -48.8625 -16.7576 -45.7998 29.0884 -41.4883 25.7750 -38.0440 6.2191 -32.0387 -46.2166 -22.2537 -45.8428 35.6152 -38.4700 8.0514 -30.0776 -48.7581 4.6450 -37.8801 5.9267 -27.7530 -45.8836 28.3542 -32.6317 -49.1076 28.8545 -36.5047 -36.8431 -18.0751 -41.2583 12.4994 -30.3940 -48.0070 35.7932 -39.8362 29.1400 -44.2547 -13.5047 -34.1429 14.7083 -39.5643 -23.4656 -19.8462 -33.8493 -4.1653 -48.7308 -30.6324 31.9315 -45.9704 -27.2799 14.1014 -40.4994
14.6902 -27.3312 -46.1810 32.5330 -30.7744 -48.6701 -6.2848 -34.1007 -17.7051 -23.6364 -40.5411 -11.0599 -45.9893 34.7454 -37.3134 -38.8575 -22.2640 -48.6625 -34.1703 31.4501 -47.0794 -29.6900 12.3922 -40.8856 -17.9806 -39.8466 -35.9843 35.2137 -48.4372 -30.5736 20.2268 -43.1508 -24.6152 -15.3885 -36.7172 35.0639 -45.7899 -23.0181 -45.8727 -31.1172 -1.3376 -34.9760 11.1686 -36.3375 13.4422 -36.4461 9.6816 -35.2060 -3.9433 -32.0143 -42.0415 -26.5548 -48.7880 -13.7693 -44.4407 35.4516 -39.4526 15.4849 -34.5070 -31.7775 -26.5787 -47.7557 20.0841 -38.8753 12.8796 -30.6208 -48.7957 5.5061 -37.3908 -1.6971 -25.4075 -42.8986 17.3569 -29.2708 -46.3780 27.4169 -32.9006 -49.0749 28.1743 -38.1961 -15.0032 -23.5873 -43.7431 31.7740 -42.5397 -21.0230 -11.8027 -44.1256 -27.2844 13.4057 -39.8613 -23.6581 -17.8088 -34.0977 -6.2848 -48.6701 -30.7744 32.5330 -46.1810 -27.3312 14.6902
-26.1216 -46.3885 33.0895 -30.9124 -48.5748 -8.0380 -34.3598 -15.5261 -23.8923 -39.4282 28.3429 -30.3832 -25.5464 -45.2408 20.0794 -30.5626 -48.5304 -28.1234 11.9438 -41.9399 -22.7865 -11.6893 -38.2043 13.5214 -48.8630 -33.1911 27.3002 -45.8642 -28.1622 11.7146 -40.6313 -21.3733 -27.9976 -36.6142 35.0605 -47.6818 -27.5071 -12.8656 -35.6638 19.7701 -39.6200 33.3961 -42.1962 35.4358 -42.6500 35.3167 -41.2206 27.6041 -39.2686 15.1150 -36.1422 -4.6535 -31.2369 -46.6655 -23.5978 -47.2612 11.1869 -41.3053 25.7924 -36.7476 0.5112 -29.5678 -48.9608 -11.2780 -40.0495 16.5058 -30.7327 -48.8994 20.6123 -36.4558 -28.1405 -19.9165 -38.9914 1.8465 -23.7796 -41.0902 10.6975 -27.7072 -45.4931 26.5607 -34.5614 -48.0524 -3.5027 -41.2495 12.7949 -48.9112 -33.4321 31.7346 -46.1179 -27.6035 14.2907 -40.1630 -23.8803 -15.5261 -34.3598 -8.0380 -48.5748 -30.9124 33.0895 -46.3885 -26.1216
-46.4656 33.5755 -31.0456 -48.4409 -9.5295 -34.6285 -13.1637 -24.1093 -40.4411 14.7674 -24.0318 -35.4003 -41.9115 -4.2437 -36.7893 -39.2817 -24.9195 -40.0689 -36.5875 12.3439 -48.2129 -34.8502 32.2102 -47.1583 -29.6936 14.7257 -41.8822 -23.5956 -5.7789 -38.1166 -11.2128 -45.3033 -34.9882 34.7329 -47.5529 -28.4848 3.3665 -38.2798 33.2774 -43.6719 -7.8605 -47.6034 -19.8472 -48.7275 -20.1343 -47.9311 -11.9078 -45.2455 32.7499 -41.6397 27.2383 -38.7237 12.2678 -34.6852 -21.0643 -28.9583 -48.8779 -19.4778 -45.0631 34.3910 -38.7401 15.1045 -31.9768 -46.5145 -19.2780 -41.1291 17.4043 -30.0741 -48.4544 35.1772 -34.2168 -47.8071 7.7489 -35.1516 -44.6800 -3.6635 -36.6066 -32.6701 -17.9373 -40.9006 9.6874 -28.8932 -46.6282 29.7771 -45.9524 -27.9600 2.9607 -38.8368 34.9862 -46.2420 -27.7093 15.1502 -40.4396 -24.1091 -13.1637 -34.6285 -9.5295 -48.4409 -31.0456 33.5755 -46.4656
31.4091 -30.8797 -48.2672 -10.8347 -34.8978 -10.8150 -24.3344 -40.6976 15.8936 -27.8614 -47.5133 15.6786 -26.5667 -43.6120 14.2283 -27.8009 -48.4945 -31.4764 24.4175 -45.9153 -29.3265 15.1743 -42.4026 -23.8553 -4.4589 -38.5601 -11.1525 -44.1900 -35.6078 33.5155 -48.9968 -32.1291 26.1592 -45.5430 -27.3382 3.1715 -38.9044 34.2474 -47.0004 -23.0434 -47.0984 -29.7696 -32.3358 -31.5919 -33.3738 -29.7719 -46.9332 -24.5292 -48.3350 -12.4145 -44.7227 33.5314 -41.0181 26.7254 -37.2272 11.2892 -33.3505 -28.6879 -27.5008 -49.0288 -15.8224 -42.3320 27.9608 -33.9606 -38.6592 -21.1998 -40.7866 13.7841 -28.4510 -46.0523 26.0463 -30.6747 -47.4729 29.2940 -31.0938 -47.4156 29.5812 -32.7591 -48.9764 34.5977 -37.1155 -34.3798 -19.6728 -43.5502 -17.4047 -36.5549 -37.4203 33.3851 -44.8812 -10.8813 -45.8837 -27.7762 15.9058 -40.6976 -24.3343 -10.8151 -34.8978 -10.8347 -48.2672 -30.8797 31.4091
-30.8993 -48.0519 -11.9743 -35.1643 -8.5804 -24.5521 -40.9420 16.6456 -27.8120 -46.8980 34.5586 -30.4592 -48.6387 34.3790 -33.0875 -48.7565 -24.4449 -7.1934 -39.6938 -18.9441 -21.2170 -37.8278 -3.9500 -46.3643 -35.4231 35.3463 -48.7067 -31.9058 25.5258 -45.8112 -28.5246 13.6592 -41.7465 -23.1672 -13.0664 -38.1422 33.4255 -48.0821 -27.3457 -26.4623 -34.6971 9.4393 -37.4881 13.7242 -37.2970 7.8973 -34.6236 -20.9857 -30.2550 -46.8087 -25.2844 -48.8170 -18.5653 -45.6550 11.5734 -41.4520 31.4289 -37.1660 14.1718 -32.5694 -32.1762 -25.4695 -46.4702 35.0857 -34.7310 -39.1416 -18.3395 -38.6139 3.4280 -24.6794 -41.4396 10.3175 -25.3436 -41.3953 8.2403 -24.1097 -41.0897 8.2684 -25.9576 -43.8196 20.1336 -32.5177 -48.5214 -2.5353 -47.4199 -31.4048 21.5402 -45.0152 -21.3710 -47.5399 -4.3313 -46.2454 -27.8500 16.6194 -40.9437 -24.5520 -8.5804 -35.1643 -11.9743 -48.0519 -30.8993
-48.1370 -12.9889 -35.4253 -6.5004 -24.7577 -41.1800 17.3763 -27.8717 -46.8145 34.4669 -33.0249 -47.9149 -4.3935 -36.8831 -26.0594 -23.1779 -48.7173 -33.6094 34.7218 -49.0165 -33.3359 30.5719 -47.2895 -30.7619 20.0355 -44.2801 -26.9385 9.8584 -40.8499 -22.2311 -9.8828 -38.2429 -10.2889 -44.7233 -35.7172 34.6369 -47.4591 -28.0733 -6.9115 -37.3456 21.3737 -40.6543 32.4819 -41.7748 31.7301 -40.0553 20.9681 -37.5835 11.1976 -34.9984 2.1963 -32.6911 -23.2431 -29.2788 -47.0857 -24.1786 -48.2161 -14.9094 -43.3551 34.7149 -36.8858 8.6404 -28.4608 -47.9433 35.0507 -33.7681 -47.5700 0.6253 -35.8622 -38.3213 -12.8613 -36.5062 -38.5749 -8.3195 -35.2367 -46.0360 10.1786 -35.4571 -44.2285 -7.8953 -38.9140 -3.5092 -24.8825 -44.5007 -18.6497 -26.5712 -38.2707 -4.6406 -46.9169 -30.0254 -38.9979 35.4385 -47.0720 -27.9450 17.3175 -41.1821 -24.7576 -6.5004 -35.4253 -12.9889 -48.1370
-14.7359 -35.6787 -4.6055 -24.9505 -41.4156 18.0676 -27.9984 -46.7270 35.4786 -37.5594 -12.9702 -24.9307 -42.5297 17.3666 -30.7294 -47.8631 -25.4999 8.3058 -42.0497 -24.9074 8.1377 -41.4343 -22.8335 -2.3961 -39.3980 -16.7392 -32.9454 -36.7655 5.5687 -47.6476 -34.9590 35.2458 -48.5964 -31.8241 23.1142 -44.7386 -25.7997 -9.7210 -38.0744 29.1635 -42.9773 11.6603 -46.2472 -11.6956 -46.0863 7.8569 -43.0652 35.0220 -41.4882 34.7280 -40.4986 31.3127 -38.4493 22.4383 -34.9733 10.4948 -32.1147 -20.6367 -27.8548 -49.3111 -16.1335 -40.1058 14.1157 -28.3979 -46.3492 27.0234 -31.0708 -48.1555 33.2074 -32.3885 -48.7680 33.3032 -31.6333 -47.4946 26.6666 -30.1347 -45.6330 22.1001 -30.5709 -46.9145 30.2374 -34.8001 -48.1558 -9.2376 -45.6190 -29.0311 20.2143 -45.4179 -28.0347 -0.4092 -41.9052 -31.7615 34.6537 -47.2420 -28.0514 17.9943 -41.4169 -24.9505 -4.6055 -35.6787 -14.7359
-36.8689 -2.8940 -25.1280 -41.6516 18.7159 -28.1144 -46.5087 -1.0645 -41.9085 22.4087 -34.6875 -48.7196 20.3957 -37.0132 -38.3121 -22.3353 -48.2820 -34.5883 21.5411 -47.5976 -35.3648 26.0363 -48.7345 -34.8080 35.2711 -48.9979 -32.9027 29.5186 -46.9783 -30.3570 19.1217 -43.9606 -26.4088 7.8494 -40.6218 -18.8711 -35.5322 -36.8458 30.8363 -44.6173 -16.6092 -48.8917 -26.7478 -45.8463 -27.2173 -48.7073 -23.8819 -49.0500 -23.0628 -49.2796 -22.7638 -49.0134 -20.2236 -46.7843 -10.9728 -42.8249 32.7432 -39.0505 23.7816 -33.3970 -35.9899 -20.3435 -39.5408 6.0227 -24.8315 -41.8302 11.7555 -26.4700 -43.0486 14.0960 -26.4987 -42.2641 9.6657 -23.5205 -40.1141 -4.1082 -19.5788 -39.0080 -11.5519 -20.5590 -41.1224 8.7116 -27.7422 -45.1416 -3.4838 -48.2584 -34.4928 23.7958 -48.1323 -33.9945 -18.3273 -47.6653 -31.4057 34.7105 -47.4116 -28.1673 18.6637 -41.6521 -25.1280 -2.8940 -36.8689
-2.9159 -25.2988 -41.8843 19.3518 -28.2490 -46.4814 -19.8608 -48.5760 -7.6533 -41.0695 8.8809 -26.5907 -44.1278 17.4180 -29.3191 -47.7761 -27.0909 15.1028 -43.8317 -28.3546 18.0614 -44.4005 -28.1601 15.4913 -43.2560 -26.2273 9.7902 -41.4506 -23.0402 -2.8443 -39.2598 -14.8618 -38.3762 -36.6696 25.1148 -49.0346 -33.6432 25.1902 -44.3169 -20.8238 -46.1531 -31.9451 -0.5475 -35.7322 7.0475 -34.3456 -0.6455 -33.2123 10.1333 -33.4638 12.9295 -32.9904 7.3901 -31.6405 -24.1960 -28.3847 -47.8872 -12.6326 -48.1578 33.4942 -35.0732 -44.9686 -3.3213 -36.1964 -39.3321 -11.2347 -37.0989 -32.3908 -14.5807 -37.2216 -35.1782 -9.7114 -35.0776 -47.8109 28.8427 -33.2688 -49.1158 34.1047 -33.4340 -49.1006 35.1654 -36.1453 -43.5440 -13.3991 -41.6327 -20.7471 -7.1872 -38.3576 -20.2288 -13.7948 -36.1093 -14.2892 -47.1653 -31.6024 34.6460 -47.5807 -28.2879 19.3380 -41.8843 -25.2988 -2.9159
-23.5095 -42.1137 20.0089 -28.4054 -47.1835 -12.9080 20.6668 -32.9975 -49.2498 34.4438 -35.6094 -47.8448 20.4732 -35.7521 -45.8337 -21.2142 -46.3645 -35.5303 -7.4818 -37.3881 -37.1771 -12.4314 -34.9897 -37.0827 -7.9078 -42.1110 -36.2014 15.3363 -48.1209 -35.0978 35.2436 -48.6833 -32.3227 24.8809 -45.7539 -28.6370 13.0240 -41.4896 -18.6477 -43.8350 -33.8770 12.5201 -39.5027 34.6837 -44.7122 30.1272 -42.8002 34.3966 -45.4064 -14.5026 -46.2384 -11.0617 -44.8526 36.1222 -41.8246 27.3417 -37.8483 0.0013 -26.7111 -48.4058 26.3626 -31.2888 -47.5422 29.1036 -32.0331 -48.1898 31.9308 -32.5953 -48.5813 32.3216 -31.8211 -47.2466 24.6755 -28.8927 -43.7266 13.4822 -25.1771 -41.7268 8.2047 -24.9678 -42.8493 15.2162 -29.9558 -46.9913 36.1225 -43.2773 -26.6068 12.0924 -40.7075 -24.8407 0.4412 -36.2536 -15.4439 -46.6374 -31.7685 34.4270 -47.7448 -28.4104 20.0089 -42.1137 -23.5095
-42.5740 20.6767 -28.5370 -47.9059 34.0531 -28.3053 -44.5506 10.9153 -24.0613 -42.5183 9.1841 -24.6797 -42.2244 9.9193 -25.7188 -46.6265 -28.1087 19.8520 -45.4730 -30.6401 25.8904 -47.0497 -31.6395 26.8106 -46.8845 -31.0860 23.4612 -45.6883 -29.2357 16.3614 -43.1629 -25.3017 4.7093 -40.4139 -18.7313 -25.1331 -37.6140 4.9523 -48.2697 -33.4962 17.1081 -40.8444 35.9127 -47.0706 23.5293 -43.5148 6.2643 -47.5040 -28.0833 -47.8760 -31.2248 -48.5784 -26.5551 -47.1809 -5.5984 -43.2709 -22.7947 -48.1638 -34.8105 32.4938 -40.5693 -5.2318 -21.3905 -41.2449 5.2627 -23.9321 -41.8462 8.9726 -24.7628 -41.6126 6.3867 -22.1726 -39.1965 -21.2568 -13.0795 -35.5514 -46.6173 19.7735 -34.8017 -47.8945 16.1136 -37.0193 -33.2705 -17.9866 -41.3643 33.2432 -46.1509 -28.4564 17.7084 -41.8471 -25.6866 -0.9847 -36.2258 -16.0256 -46.1361 -31.8811 34.0230 -47.9037 -28.5352 20.6767 -42.5740
