-38.6109 3.6326 -24.1838 -43.6000 24.8377 -28.4863 -48.4824 4.0008 -33.3590 -35.7039 -20.5034 -39.7101 11.9733 -25.5461 -45.6943 30.7609 -30.2058 -48.7088 -12.0381 -35.9460 -11.2212 -22.8187 -41.7444 18.7722 -27.0583 -47.5300 27.0766 -31.9451 -45.6605 -17.6168 -38.0354 4.8798 -24.3361 -43.8587 25.6751 -28.6967 -48.5561 0.7022 -33.6045 -33.4292 -20.8314 -39.9557 12.8391 -25.7260 -45.9430 31.1485 -30.4226 -48.5959 -13.0385 -36.2400 10.4915 -36.2400 -13.0385 -48.5959 -30.4226 31.1485 -45.9430 -25.7260 12.8391 -39.9557 -20.8314 -33.4292 -33.6045 0.7022 -48.5561 -28.6967 25.6751 -43.8587 -24.3361 4.8798 -38.0354 -17.6168 -45.6605 -31.9451 27.0766 -47.5300 -27.0583 18.7722 -41.7444 -22.8187 -11.2212 -35.9460 -12.0381 -48.7088 -30.2058 30.7609 -45.6943 -25.5461 11.9733 -39.7101 -20.5034 -35.7039 -33.3590 4.0008 -48.4824 -28.4863 24.8377 -43.6000 -24.1838 3.6326 -38.6109
3.6326 -25.9342 -43.3028 24.1474 -29.1411 -48.7078 20.4957 -32.3149 -35.2646 -21.6086 -38.9284 11.4874 -26.8927 -45.5416 31.2876 -30.3940 -48.6655 -8.1636 -34.6119 -10.9419 -24.5482 -41.1964 18.0347 -28.0492 -47.5719 34.4107 -31.5575 -45.4641 -17.5217 -37.0358 4.6484 -25.9816 -43.5276 24.9437 -29.2925 -48.7803 16.3815 -32.4529 -32.9681 -22.0449 -39.2039 12.3199 -27.0297 -45.8146 32.0883 -30.5470 -48.5412 -9.9303 -34.9436 -10.2498 -30.2005 -10.2498 -34.9452 -9.9275 -48.5412 -30.5470 32.0883 -45.8146 -27.0297 12.3199 -39.2039 -22.0449 -32.9681 -32.4529 16.3815 -48.7803 -29.2925 24.9437 -43.5276 -25.9816 4.6484 -37.0358 -17.5217 -45.4641 -31.5575 34.4107 -47.5719 -28.0492 18.0347 -41.1964 -24.5482 -10.9419 -34.6119 -8.1636 -48.6655 -30.3940 31.2876 -45.5416 -26.8927 11.4874 -38.9284 -21.6086 -35.2646 -32.3149 20.4957 -48.7078 -29.1411 24.1474 -43.3028 -25.9342 3.6326
-24.1838 -43.3028 23.8751 -29.2289 -48.6436 23.2453 -32.7309 -36.9238 -21.2456 -38.7109 10.8137 -26.8225 -45.3225 30.6254 -30.5171 -48.7259 -6.4919 -34.3287 -13.4061 -24.3256 -40.9692 17.3895 -28.0296 -47.3961 34.6698 -31.8050 -46.0626 -16.9239 -36.8298 3.6750 -25.8756 -43.2980 24.2327 -29.3388 -48.7274 19.7624 -32.8111 -34.8549 -21.7016 -38.9849 11.6601 -26.9652 -45.5982 31.4651 -30.6831 -48.6442 -8.5315 -34.6860 -10.0806 -24.6223 -43.6299 -24.6239 -10.0467 -34.6893 -8.5285 -48.6442 -30.6831 31.4651 -45.5986 -26.9652 11.6601 -38.9849 -21.7016 -34.8549 -32.8111 19.7624 -48.7274 -29.3388 24.2327 -43.2980 -25.8756 3.6750 -36.8298 -16.9239 -46.0626 -31.8050 34.6698 -47.3961 -28.0296 17.3895 -40.9692 -24.3256 -13.4061 -34.3287 -6.4919 -48.7259 -30.5171 30.6254 -45.3225 -26.8225 10.8137 -38.7109 -21.2456 -36.9238 -32.7309 23.2453 -48.6436 -29.2289 23.8751 -43.3028 -24.1838
-43.6000 24.1474 -29.2289 -48.6139 24.7788 -32.6770 -38.2607 -20.8844 -38.4978 10.1244 -26.7120 -45.1018 29.9368 -30.3813 -48.7562 -4.5612 -34.0402 -15.9887 -24.0883 -40.7395 16.7385 -27.9072 -47.2134 34.7237 -31.6823 -46.5906 -16.2702 -36.6252 2.6301 -25.7758 -43.0646 23.5167 -29.2091 -48.6555 22.7403 -32.7391 -36.5718 -21.3334 -38.7639 10.9797 -26.8526 -45.3801 30.8278 -30.5204 -48.7139 -6.9189 -34.4015 -12.7880 -24.4001 -40.7450 27.4251 -40.7411 -24.4032 -12.7524 -34.4046 -6.9153 -48.7140 -30.5479 30.8042 -45.3804 -26.8526 10.9797 -38.7639 -21.3334 -36.5718 -32.7391 22.7403 -48.6555 -29.2091 23.5167 -43.0646 -25.7758 2.6301 -36.6252 -16.2702 -46.5906 -31.6823 34.7237 -47.2134 -27.9072 16.7385 -40.7395 -24.0883 -15.9887 -34.0402 -4.5612 -48.7562 -30.3813 29.9368 -45.1018 -26.7120 10.1244 -38.4978 -20.8844 -38.2607 -32.6770 24.7788 -48.6139 -29.2289 24.1474 -43.6000
24.8377 -29.1411 -48.6436 24.7788 -32.6536 -39.0237 -20.5988 -38.3165 9.4710 -26.6098 -44.8859 29.2453 -30.2407 -48.7577 -2.2821 -33.7488 -18.6239 -23.8374 -40.5072 16.0807 -27.7870 -47.0261 34.6317 -31.5504 -47.0515 -15.5552 -36.4172 1.5033 -25.6766 -42.8281 22.7991 -29.0801 -48.5677 25.3568 -32.6577 -38.1254 -20.9486 -38.5409 10.2752 -26.7423 -45.1626 30.1596 -32.1268 -48.7590 -4.2461 -34.1980 -15.3177 -24.1451 -40.8210 16.1979 -32.5968 16.1867 -40.8146 -24.1497 -15.2760 -34.1197 -5.0222 -48.7519 -30.4070 30.1242 -45.1615 -26.7421 10.2752 -38.5409 -20.9486 -38.1254 -32.6577 25.3568 -48.5677 -29.0801 22.7991 -42.8281 -25.6766 1.5033 -36.4172 -15.5552 -47.0515 -31.5504 34.6317 -47.0261 -27.7870 16.0807 -40.5072 -23.8374 -18.6239 -33.7488 -2.2821 -48.7577 -30.2407 29.2453 -44.8859 -26.6098 9.4710 -38.3165 -20.5988 -39.0237 -32.6536 24.7788 -48.6436 -29.1411 24.8377
-28.4863 -48.7078 23.2453 -32.6770 -39.0237 -20.4842 -38.2110 8.9813 -26.5276 -44.6956 28.5963 -30.1053 -48.7546 0.3605 -33.4569 -21.2243 -23.5760 -40.2755 15.4237 -27.6698 -46.8365 34.4199 -31.4149 -47.4443 -14.7780 -36.2014 0.2895 -25.5704 -42.5921 22.0906 -28.9501 -48.4655 27.6116 -32.5734 -39.5217 -20.5473 -38.3189 9.5520 -26.6348 -44.9453 29.4618 -33.6193 -22.2272 -23.9711 -32.1492 -13.3878 -24.1112 -40.5491 16.3082 -28.2537 -48.6632 -28.2608 16.2953 -40.5514 -23.9071 -17.8639 -33.8342 -2.8151 -48.7598 -30.2644 29.4383 -44.9442 -26.6344 9.5520 -38.3189 -20.5473 -39.5217 -32.5734 27.6116 -48.4655 -28.9501 22.0906 -42.5921 -25.5704 0.2895 -36.2014 -14.7780 -47.4443 -31.4149 34.4199 -46.8365 -27.6698 15.4237 -40.2755 -23.5760 -21.2243 -33.4569 0.3605 -48.7546 -30.1053 28.5963 -44.6956 -26.5276 8.9813 -38.2110 -20.4842 -39.0237 -32.6770 23.2453 -48.7078 -28.4863
-48.4824 20.4957 -32.7309 -38.2607 -20.5988 -38.2110 8.7962 -26.4804 -44.5600 28.0700 -29.9863 -48.7780 3.2720 -33.2235 -23.7288 -23.3049 -40.0409 14.7559 -27.5562 -46.6455 34.1119 -31.2720 -47.7792 -13.9152 -35.9774 -1.0276 -25.4489 -42.3569 21.3921 -28.8163 -48.3479 29.5414 -32.4939 -40.7547 -20.1332 -38.0942 8.7931 -26.5306 -44.7292 28.8020 -32.1743 -25.1544 -39.0908 35.2005 -48.1125 -12.7632 -39.5646 14.4822 -27.6577 -46.2799 20.1282 -46.2809 -27.6482 15.5828 -40.3273 -23.6523 -20.4178 -33.5511 -0.1941 -48.7546 -30.1151 28.7551 -44.7294 -26.5303 8.7931 -38.0941 -20.1339 -40.7547 -32.4939 29.5414 -48.3479 -28.8163 21.3921 -42.3569 -25.4489 -1.0276 -35.9774 -13.9152 -47.7792 -31.2720 34.1119 -46.6455 -27.5562 14.7559 -40.0409 -23.3049 -23.7288 -33.2235 3.2720 -48.7780 -29.9863 28.0700 -44.5600 -26.4804 8.7962 -38.2110 -20.5988 -38.2607 -32.7309 20.4957 -48.4824
4.0008 -32.3149 -36.9238 -20.8844 -38.3165 8.9813 -26.4804 -44.5094 27.7738 -29.9010 -48.8062 6.0851 -33.1355 -25.9533 -23.0340 -39.8036 14.0663 -27.4472 -46.4550 33.7297 -31.1200 -48.0596 -12.9485 -35.7440 -2.4776 -25.3124 -42.1262 20.7136 -28.6762 -48.2122 31.1707 -32.4268 -41.8234 -19.7108 -37.8690 8.0160 -26.4279 -44.5241 28.1361 -30.1515 -48.5683 -29.2286 9.0537 -39.5788 26.4603 -36.4801 6.1958 -27.2649 -46.4662 33.8192 -36.4348 33.7821 -45.8084 -29.6057 14.4983 -40.0903 -23.3921 -22.8345 -33.3119 2.9445 -48.7849 -29.9518 28.0940 -44.5225 -26.4313 7.9794 -37.8631 -19.7138 -41.8254 -32.4264 31.1707 -48.2122 -28.6762 20.7136 -42.1262 -25.3124 -2.4776 -35.7440 -12.9485 -48.0596 -31.1200 33.7297 -46.4550 -27.4472 14.0663 -39.8036 -23.0340 -25.9533 -33.1355 6.0851 -48.8062 -29.9010 27.7738 -44.5094 -26.4804 8.9813 -38.3165 -20.8844 -36.9238 -32.3149 4.0008
-33.3590 -35.2646 -21.2456 -38.4978 9.4710 -26.5276 -44.5600 27.7738 -29.8702 -48.8163 8.1902 -33.1358 -27.7049 -22.7859 -39.5789 13.3869 -27.3452 -46.2671 33.2970 -30.9601 -48.2880 -11.8562 -35.5002 -4.0875 -25.1616 -41.9016 20.0590 -28.5274 -48.0598 32.4975 -32.3808 -42.7281 -19.2926 -37.6358 6.7631 -30.1682 -44.2428 27.3139 -29.7596 -48.7008 -14.4704 -48.6723 -29.0205 -20.3553 -31.0642 -41.0731 -23.9819 -44.7779 30.9734 -34.1835 -10.9893 -32.0921 -4.1112 -43.9439 -33.6217 13.4805 -39.8363 -23.1305 -25.0437 -33.2518 6.7595 -48.8296 -29.7682 27.4695 -44.3277 -26.3391 7.0848 -37.6221 -19.2979 -42.7317 -32.3782 32.4950 -48.0598 -28.5274 20.0590 -41.9016 -25.1616 -4.0875 -35.5002 -11.8562 -48.2880 -30.9601 33.2970 -46.2671 -27.3452 13.3869 -39.5789 -22.7859 -27.7049 -33.1358 8.1902 -48.8163 -29.8702 27.7738 -44.5600 -26.5276 9.4710 -38.4978 -21.2456 -35.2646 -33.3590
-35.7039 -21.6086 -38.7109 10.1244 -26.6098 -44.6956 28.0700 -29.9010 -48.8163 8.9803 -33.1423 -28.8502 -22.5909 -39.3902 12.7737 -27.2570 -46.0960 32.8466 -30.7902 -48.4707 -10.5885 -35.2419 -5.9155 -24.9960 -41.6879 19.4406 -28.3623 -47.8839 33.5514 -32.3787 -43.4450 -18.9096 -37.3802 5.5228 -34.1859 -22.8084 4.4121 -29.5734 -49.2432 11.9033 -39.8451 23.8721 -46.9777 -17.7002 -46.9575 -5.1848 -40.5983 21.9391 -31.1689 -46.5476 -26.0481 -48.5340 -14.7813 -41.6258 7.9307 -33.3464 12.9512 -39.5661 -22.9038 -26.6587 -33.1854 11.0124 -48.8573 -29.5485 26.9191 -44.1563 -26.2579 6.0605 -37.3625 -18.9079 -43.4602 -32.3742 33.5495 -47.8839 -28.3623 19.4406 -41.6879 -24.9960 -5.9155 -35.2419 -10.5885 -48.4707 -30.7902 32.8466 -46.0960 -27.2570 12.7737 -39.3902 -22.5909 -28.8502 -33.1423 8.9803 -48.8163 -29.9010 28.0700 -44.6956 -26.6098 10.1244 -38.7109 -21.6086 -35.7039
-20.5034 -38.9284 10.8137 -26.7120 -44.8859 28.5963 -29.9863 -48.8062 8.1902 -33.1423 -29.2445 -22.4865 -39.2617 12.2933 -27.1875 -45.9506 32.4289 -30.6240 -48.6023 -9.1346 -34.9766 -7.9898 -24.8158 -41.4997 18.9003 -28.1705 -47.6720 34.3390 -32.4572 -43.9363 -18.6132 -37.0933 4.4475 -32.6403 4.0355 -39.4619 14.8206 -44.8050 34.7178 -35.3911 14.0519 -38.6418 27.6454 -39.7325 25.6512 -35.7413 6.9565 -28.8215 -48.8970 -13.0881 -44.7417 10.8364 -44.0818 25.7934 -34.5289 -47.0042 -29.3916 12.2169 -39.1476 -22.5119 -37.2733 -30.7421 18.3279 -48.7709 -29.2825 26.5331 -44.0326 -26.1978 4.8314 -37.0746 -18.6015 -43.9509 -32.4550 34.3390 -47.6720 -28.1705 18.9003 -41.4997 -24.8158 -7.9898 -34.9766 -9.1346 -48.6023 -30.6240 32.4289 -45.9506 -27.1875 12.2933 -39.2617 -22.4865 -29.2445 -33.1423 8.1902 -48.8062 -29.9863 28.5963 -44.8859 -26.7120 10.8137 -38.9284 -20.5034
-39.7101 11.4874 -26.8225 -45.1018 29.2453 -30.1053 -48.7780 6.0851 -33.1358 -28.8502 -22.4865 -39.2156 12.0273 -27.1419 -45.8412 32.0883 -30.4776 -48.6848 -7.5666 -34.7166 -10.2092 -24.6235 -41.3368 18.4624 -27.9541 -47.4167 34.8009 -32.6367 -44.1068 -18.4855 -36.7579 3.2434 -28.0614 -48.5822 -32.5093 8.2196 -36.5022 14.5454 -32.2028 -35.8884 -30.8868 -18.8912 -32.8354 -9.7411 -30.7099 -44.0266 -23.9191 -46.1121 33.0437 -40.0408 26.4938 -39.0559 19.1070 -35.4678 -35.1993 -21.8429 -46.8792 -27.4803 8.6773 -37.7687 25.1744 -34.1026 -36.1663 20.7080 -48.6064 -28.9740 26.4300 -44.0003 -26.1766 3.2854 -36.7487 -18.4785 -44.1087 -32.6641 34.8009 -47.4167 -27.9541 18.4624 -41.3368 -24.6235 -10.2092 -34.7166 -7.5666 -48.6848 -30.4776 32.0883 -45.8412 -27.1419 12.0273 -39.2156 -22.4865 -28.8502 -33.1358 6.0851 -48.7780 -30.1053 29.2453 -45.1018 -26.8225 11.4874 -39.7101
11.9733 -26.8927 -45.3225 29.9368 -30.2407 -48.7546 3.2720 -33.1355 -27.7049 -22.5909 -39.2617 12.0273 -27.1264 -45.7842 31.8619 -30.3621 -48.7295 -6.0006 -34.4744 -12.4313 -24.4273 -41.1914 18.0979 -27.7325 -47.1272 34.8711 -32.9307 -44.1680 -18.5831 -36.3956 1.5182 -26.1219 -44.5994 -13.2324 -49.0507 -27.3389 -44.7539 -25.7225 -48.8532 -17.3506 -47.0732 -19.4497 -48.4386 -19.1335 -46.3345 1.3941 -40.6097 25.3551 -35.9991 7.3618 -34.8650 -4.2967 -31.7079 -44.1831 -22.3505 -44.1971 35.7306 -44.9735 -24.2425 -41.8897 -28.3584 -47.7694 19.7501 -41.0867 24.3980 -48.5269 -28.6006 26.8529 -44.1346 -26.2290 1.3896 -36.3896 -18.6327 -43.8147 -33.0268 34.8710 -47.1272 -27.7325 18.0979 -41.1914 -24.4273 -12.4313 -34.4744 -6.0006 -48.7295 -30.3621 31.8619 -45.7842 -27.1264 12.0273 -39.2617 -22.5909 -27.7049 -33.1355 3.2720 -48.7546 -30.2407 29.9368 -45.3225 -26.8927 11.9733
-25.5461 -45.5416 30.6254 -30.3813 -48.7577 0.3605 -33.2235 -25.9533 -22.7859 -39.3902 12.2933 -27.1419 -45.7842 31.7824 -30.2965 -48.7483 -4.6549 -34.2730 -14.4708 -24.2393 -41.0666 17.7804 -27.5302 -46.8399 34.6125 -33.3996 -43.8908 -18.9494 -33.2107 -0.5043 -26.1616 -43.7275 31.9894 -40.8370 26.7192 -44.5498 7.6010 -42.5845 34.8538 -39.7396 30.8761 -40.8229 32.5476 -39.7318 24.3390 -35.3673 7.0576 -31.5100 -42.1016 -27.7013 -48.4126 -24.0817 -48.5039 -12.2675 -42.9616 26.7850 -36.7173 23.4737 -41.1471 -0.4600 -45.5516 6.2473 -42.2867 26.7657 -38.8110 30.3468 -48.4179 -28.1580 28.1313 -44.5326 -26.3625 -0.4417 -36.1092 -19.0968 -42.8383 -33.5411 34.6128 -46.8399 -27.5302 17.7804 -41.0666 -24.2393 -14.4708 -34.2730 -4.6549 -48.7483 -30.2965 31.7824 -45.7842 -27.1419 12.2933 -39.3902 -22.7859 -25.9533 -33.2235 0.3605 -48.7577 -30.3813 30.6254 -45.5416 -25.5461
-45.6943 31.2876 -30.5171 -48.7562 -2.2821 -33.4569 -23.7288 -23.0340 -39.5789 12.7737 -27.1875 -45.8412 31.8619 -30.2965 -48.7528 -3.8771 -34.1411 -16.0477 -24.0773 -40.9635 17.5197 -27.3671 -46.5908 34.2186 -34.0718 -42.2760 -19.4332 -42.9165 -38.0637 10.9418 -41.8526 22.0034 -35.3425 11.2423 -37.0432 18.4330 -36.0512 12.6175 -34.6868 3.0344 -34.6298 4.2641 -33.9747 -5.7995 -30.8785 -44.3575 -24.9622 -47.8889 -13.9626 -45.1242 10.4849 -43.0970 35.5766 -39.6704 19.4330 -36.3688 -13.8580 -34.7783 10.5840 -37.3938 24.6588 -39.4778 20.5998 -38.9961 10.1358 -36.3617 31.2635 -48.2900 -27.9306 29.4632 -44.8996 -26.3824 3.0751 -36.1144 -19.7829 -40.8160 -34.1752 34.2189 -46.5909 -27.3671 17.5197 -40.9635 -24.0773 -16.0477 -34.1411 -3.8771 -48.7528 -30.2965 31.8619 -45.8412 -27.1875 12.7737 -39.5789 -23.0340 -23.7288 -33.4569 -2.2821 -48.7562 -30.5171 31.2876 -45.6943
30.7609 -30.3940 -48.7259 -4.5612 -33.7488 -21.2243 -23.3049 -39.8036 13.3869 -27.2570 -45.9506 32.0883 -30.3621 -48.7483 -3.8771 -34.0965 -16.8858 -23.9661 -40.8855 17.3074 -27.2536 -46.4015 33.8769 -34.8131 -38.2644 -20.0469 -43.4522 -23.4142 9.3359 -35.3653 7.1016 -30.2968 -45.9541 -29.0980 -38.3780 -29.7477 -42.3790 -27.6414 -48.2817 -25.8008 -48.6291 -25.0865 -48.7307 -22.2345 -46.7097 -11.7353 -42.6896 31.5489 -40.7264 35.9366 -39.8018 31.6290 -38.7278 22.9665 -37.2157 13.2610 -35.5186 5.4657 -35.9006 8.5614 -37.0389 9.9063 -37.0657 1.6889 -35.2547 -6.1041 -36.6391 25.9316 -48.8206 -28.1735 22.7176 -39.3531 -34.1848 10.9687 -36.6566 -20.7320 -37.3301 -34.8382 33.8766 -46.4016 -27.2536 17.3074 -40.8855 -23.9661 -16.8858 -34.0965 -3.8771 -48.7483 -30.3621 32.0883 -45.9506 -27.2570 13.3869 -39.8036 -23.3049 -21.2243 -33.7488 -4.5612 -48.7259 -30.3940 30.7609
-30.2058 -48.6655 -6.4919 -34.0402 -18.6239 -23.5760 -40.0409 14.0663 -27.3452 -46.0960 32.4289 -30.4776 -48.7295 -4.6549 -34.1411 -16.8858 -23.9267 -40.8445 17.1606 -27.1849 -46.2794 33.6598 -35.3932 -32.5920 -21.4557 -38.2103 35.6142 -48.5223 -25.6007 -47.7387 -23.4079 -46.7902 -11.2769 -45.9744 -15.8472 -46.1970 -15.7619 -45.4432 -13.9814 -45.6087 -16.4486 -46.1146 -17.2346 -45.6598 -15.1092 -44.7429 -12.0984 -44.7662 -10.5450 -44.6704 -8.0017 -44.0323 -0.7353 -43.2587 15.7694 -42.5171 32.2071 -41.2732 33.3043 -39.3392 24.5025 -37.3841 15.3800 -36.6474 0.6287 -34.9347 1.1954 -37.4387 35.0252 -46.2105 26.1651 -40.0510 18.6140 -39.1474 13.8590 -36.7054 -21.9386 -32.7069 -35.3681 33.6586 -46.2796 -27.1849 17.1606 -40.8445 -23.9267 -16.8858 -34.1411 -4.6549 -48.7295 -30.4776 32.4289 -46.0960 -27.3452 14.0663 -40.0409 -23.5760 -18.6239 -34.0402 -6.4919 -48.6655 -30.2058
-48.7088 -8.1636 -34.3287 -15.9887 -23.8374 -40.2755 14.7559 -27.4472 -46.2671 32.8466 -30.6240 -48.6848 -6.0006 -34.2730 -16.0477 -23.9661 -40.8445 17.1117 -27.1536 -46.2129 33.5428 -35.7023 -28.8720 -22.8523 -36.2694 15.0028 -40.0169 35.6346 -44.4098 19.0609 -41.9661 36.1728 -41.0880 21.1677 -43.8016 -13.2724 -46.3695 -20.9550 -48.4025 -24.3571 -48.4832 -26.6677 -46.0012 -28.2454 -40.8927 -29.3713 -34.5497 -30.0496 -30.6541 -30.2457 -31.4172 -29.9268 -36.6860 -28.9742 -43.8776 -27.2212 -48.5362 -24.4808 -49.0952 -19.9799 -46.3899 -3.0464 -42.6411 34.8035 -39.0512 18.7388 -36.6792 8.6238 -37.0021 21.9384 -40.1975 19.0358 -39.2847 11.5857 -37.4266 8.6595 -36.0862 -22.8132 -29.4934 -35.6390 33.5388 -46.2129 -27.1536 17.1117 -40.8445 -23.9661 -16.0477 -34.2730 -6.0006 -48.6848 -30.6240 32.8466 -46.2671 -27.4472 14.7559 -40.2755 -23.8374 -15.9887 -34.3287 -8.1636 -48.7088
-12.0381 -34.6119 -13.4061 -24.0883 -40.5072 15.4237 -27.5562 -46.4550 33.2970 -30.7902 -48.6023 -7.5666 -34.4744 -14.4708 -24.0773 -40.8855 17.1606 -27.1536 -46.1910 33.4932 -35.8448 -27.5856 -23.1648 -36.0774 4.0083 -35.7990 10.7701 -39.0864 27.5989 -39.5626 36.0213 -43.3699 -13.7621 -48.1896 -25.3141 -44.8540 -30.4802 -9.4120 -33.3872 9.1276 -34.5848 16.7152 -36.0387 22.2319 -37.4459 26.0759 -38.3282 28.0591 -38.6729 28.1563 -38.4806 26.3072 -37.7267 22.4999 -36.3695 16.9648 -35.1241 9.3792 -33.7499 -8.5430 -30.7148 -44.2721 -25.5685 -48.7211 -14.4607 -43.9188 35.2298 -38.7080 16.3811 -37.1254 8.7190 -36.9166 2.9891 -35.6971 -12.2987 -33.6325 2.3911 -36.1365 -22.9565 -28.9976 -35.7299 33.4829 -46.1909 -27.1536 17.1606 -40.8855 -24.0773 -14.4708 -34.4744 -7.5666 -48.6023 -30.7902 33.2970 -46.4550 -27.5562 15.4237 -40.5072 -24.0883 -13.4061 -34.6119 -12.0381
-35.9460 -10.9419 -24.3256 -40.7395 16.0807 -27.6698 -46.6455 33.7297 -30.9601 -48.4707 -9.1346 -34.7166 -12.4313 -24.2393 -40.9635 17.3074 -27.1849 -46.2129 33.4932 -35.8991 -26.8143 -23.1806 -36.4152 2.3811 -34.3321 -11.1679 -37.0304 22.7238 -40.4667 7.0787 -47.6960 -25.6507 -39.8602 -32.3060 8.1029 -36.0935 23.2127 -39.5651 34.9048 -42.2771 15.2773 -44.4194 -11.1628 -46.3156 -17.2645 -47.5720 -19.4890 -48.1075 -20.0604 -48.0839 -19.3166 -47.4816 -16.6671 -46.1126 -8.8940 -44.2025 23.3107 -42.0429 33.8393 -39.2257 21.1383 -36.2165 6.3022 -32.3112 -40.1939 -25.9959 -48.2384 -5.2227 -41.7272 26.9195 -37.6922 4.6389 -34.7504 -35.0207 -30.0273 -47.6753 -30.1251 1.8482 -36.6256 -22.8210 -28.9832 -35.7568 33.4829 -46.2129 -27.1849 17.3074 -40.9635 -24.2393 -12.4313 -34.7166 -9.1346 -48.4707 -30.9601 33.7297 -46.6455 -27.6698 16.0807 -40.7395 -24.3256 -10.9419 -35.9460
-11.2212 -24.5482 -40.9692 16.7385 -27.7870 -46.8365 34.1119 -31.1200 -48.2880 -10.5885 -34.9766 -10.2092 -24.4273 -41.0666 17.5197 -27.2536 -46.2794 33.5428 -35.8427 -26.8144 -23.1940 -36.6083 3.7818 -34.4153 -11.7779 -36.8755 27.5470 -42.9392 -17.0939 -48.6472 -30.3690 3.1280 -36.6962 25.6567 -40.9711 23.9417 -45.6513 -18.3888 -49.0269 -25.1665 -47.0777 -28.8080 -35.3247 -31.1950 -16.9048 -32.5367 -6.3615 -33.0776 -4.2580 -33.0114 -8.5173 -32.2814 -22.4578 -30.6529 -40.0646 -27.9267 -48.4782 -23.9128 -48.4094 -14.7394 -44.7160 33.1925 -40.4600 23.3230 -36.6521 2.9509 -30.9770 -47.5934 -21.0986 -45.2857 35.4206 -38.5083 8.8897 -32.9966 -46.7557 -24.1552 -48.4658 -28.9805 3.9607 -36.9426 -22.7661 -28.9832 -35.7299 33.5388 -46.2796 -27.2536 17.5197 -41.0666 -24.4273 -10.2092 -34.9766 -10.5885 -48.2880 -31.1200 34.1119 -46.8365 -27.7870 16.7385 -40.9692 -24.5482 -11.2212
-22.8187 -41.1964 17.3895 -27.9072 -47.0261 34.4199 -31.2720 -48.0596 -11.8562 -35.2419 -7.9898 -24.6235 -41.1914 17.7804 -27.3671 -46.4015 33.6598 -35.6979 -27.6165 -23.1748 -36.6111 4.5195 -34.7716 -4.9672 -37.4439 32.0238 -44.8095 -22.4279 -43.1802 -33.1924 15.2825 -39.2177 34.3946 -45.6240 -20.0256 -48.9816 -28.6158 -27.0476 -33.2457 6.5766 -35.8421 16.3868 -37.2632 23.2510 -38.8159 27.9497 -39.7679 30.0024 -39.9760 29.4284 -39.4798 26.2140 -38.2243 20.6044 -36.8972 13.0861 -35.1996 0.3339 -32.1055 -39.2160 -26.9883 -49.0618 -16.8499 -44.7688 35.4944 -39.2743 16.4751 -34.3779 -31.4042 -26.4418 -47.7117 24.6923 -39.1249 13.5245 -32.4038 -47.7464 -21.6474 -48.0920 -28.9406 4.8147 -36.9426 -22.8210 -28.9976 -35.6390 33.6586 -46.4016 -27.3671 17.7804 -41.1914 -24.6235 -7.9898 -35.2419 -11.8562 -48.0596 -31.2720 34.4199 -47.0261 -27.9072 17.3895 -41.1964 -22.8187
-41.7444 18.0347 -28.0296 -47.2134 34.6317 -31.4149 -47.7792 -12.9485 -35.5002 -5.9155 -24.8158 -41.3368 18.0979 -27.5302 -46.5908 33.8769 -35.3926 -28.9452 -23.1510 -36.4303 4.2456 -34.9482 -1.5611 -37.9027 33.8944 -45.7418 -24.6460 -32.8594 -35.1742 22.7115 -41.2783 -4.8493 -48.5868 -27.3602 -30.2106 -33.8666 11.6172 -37.8435 26.3464 -40.8392 35.3778 -43.3219 8.6585 -45.2532 -11.4846 -46.7179 -16.0616 -47.3385 -16.7754 -47.1408 -14.5346 -46.0811 -5.9423 -44.4436 25.8762 -42.4037 33.9155 -39.6400 21.3342 -36.8552 6.6554 -32.6630 -39.5744 -26.2285 -48.2873 -4.8851 -41.9072 26.9770 -37.0744 -2.3832 -29.1937 -48.7392 -1.9497 -39.9381 16.5672 -32.5116 -47.7617 -20.8820 -48.0348 -28.8881 3.9575 -36.6256 -22.9565 -29.4934 -35.3681 33.8766 -46.5909 -27.5302 18.0979 -41.3368 -24.8158 -5.9155 -35.5002 -12.9485 -47.7792 -31.4149 34.6317 -47.2134 -28.0296 18.0347 -41.7444
18.7722 -28.0492 -47.3961 34.7237 -31.5504 -47.4443 -13.9152 -35.7440 -4.0875 -24.9960 -41.4997 18.4624 -27.7325 -46.8401 34.2182 -34.8223 -32.5233 -22.8780 -36.0949 3.3851 -35.0126 -0.2040 -38.1352 34.2972 -46.0140 -25.3623 -25.5545 -36.2429 27.5038 -43.2898 -17.3459 -48.3731 -30.8840 3.8074 -37.4685 25.4380 -41.2828 28.2557 -45.6575 -16.6772 -48.7788 -24.5175 -48.1175 -27.9204 -42.8323 -29.8909 -36.2088 -30.7042 -34.4239 -30.4375 -39.2071 -29.0895 -45.7737 -26.5928 -49.0590 -22.2444 -47.7709 -10.3312 -44.1819 35.3706 -40.1947 21.5768 -36.6282 0.5111 -30.7496 -48.0700 -20.1571 -45.0561 35.1106 -38.6187 8.0022 -30.7656 -48.7374 -11.3299 -40.7194 17.7279 -32.3832 -48.2394 -19.5650 -47.9082 -28.8354 1.8320 -36.1361 -22.8144 -32.7068 -34.8382 34.2189 -46.8399 -27.7325 18.4624 -41.4997 -24.9960 -4.0875 -35.7440 -13.9152 -47.4443 -31.5504 34.7237 -47.3961 -28.0492 18.7722
-27.0583 -47.5719 34.6698 -31.6823 -47.0515 -14.7780 -35.9774 -2.4776 -25.1616 -41.6879 18.9003 -27.9541 -47.1278 34.6119 -34.0932 -38.0994 -21.5879 -36.1409 4.4655 -35.2021 0.7592 -38.2582 34.0748 -45.9148 -25.1884 -25.2363 -36.5526 29.3918 -44.2852 -20.9864 -45.0961 -32.9945 13.1806 -39.4074 35.5820 -44.8263 -16.2953 -49.0071 -27.1407 -40.1565 -32.0876 -4.3529 -35.0227 8.7152 -36.5315 13.8172 -37.3137 15.9129 -37.4550 15.3439 -36.9914 12.1377 -35.9201 5.4226 -34.0309 -16.0764 -30.6465 -45.4738 -25.4004 -48.5436 -12.5361 -43.8891 34.9183 -38.9446 14.1811 -33.8421 -37.0808 -25.5728 -47.3428 29.8440 -39.2426 12.9344 -31.8310 -48.3195 -13.8240 -40.7975 16.8048 -31.7008 -48.7472 -17.9468 -48.2403 -29.9517 2.3339 -36.0805 -21.9436 -37.3300 -34.1752 34.6128 -47.1272 -27.9541 18.9003 -41.6879 -25.1616 -2.4776 -35.9774 -14.7780 -47.0515 -31.6823 34.6698 -47.5719 -27.0583
-47.5300 34.4107 -31.8050 -46.5906 -15.5552 -36.2014 -1.0276 -25.3124 -41.9016 19.4406 -28.1705 -47.4170 34.8706 -33.4332 -42.0246 -19.8949 -37.9350 13.3015 -36.1896 3.7541 -38.3656 33.6068 -45.6701 -24.5229 -29.6046 -36.3393 28.8299 -44.4096 -22.0281 -41.5389 -34.2810 18.3312 -40.4064 20.6554 -47.5954 -24.7239 -43.7486 -32.2024 2.5890 -36.6541 17.2100 -39.1003 27.5613 -40.8644 34.4845 -42.2949 35.4764 -42.9094 34.8545 -42.7707 35.6243 -41.8862 33.1669 -40.2395 25.2729 -38.2688 15.0494 -35.7748 -1.2132 -31.4761 -45.1674 -24.5497 -47.5578 8.6201 -41.1087 23.7871 -36.4586 -10.1055 -28.4923 -48.4981 7.3615 -39.7582 15.6630 -32.3250 -48.1588 -12.8360 -40.1119 13.6526 -30.5228 -48.5662 -20.5874 -48.0320 -33.5181 8.5286 -36.6820 -20.7416 -40.8160 -33.5411 34.8710 -47.4167 -28.1705 19.4406 -41.9016 -25.3124 -1.0276 -36.2014 -15.5552 -46.5906 -31.8050 34.4107 -47.5300
27.0766 -31.5575 -46.0626 -16.2702 -36.4172 0.2895 -25.4489 -42.1262 20.0590 -28.3623 -47.6720 34.8009 -32.9605 -43.5794 -18.8304 -41.8618 33.6374 -39.6040 13.4457 -38.7064 33.0984 -45.4034 -23.6823 -34.8309 -35.8428 26.6174 -43.8784 -21.4075 -41.3461 -34.7099 20.9310 -41.2975 -5.1368 -48.7191 -28.6678 -17.3238 -35.5702 16.2117 -39.4632 32.5858 -42.6327 21.7805 -45.4586 -12.4481 -47.5280 -19.2237 -48.5669 -21.3726 -48.7868 -21.2451 -48.4744 -18.8516 -47.2828 -11.7207 -45.1201 22.5292 -42.3526 32.7818 -38.9377 17.3194 -35.6126 -7.9984 -29.6837 -48.8200 -17.3305 -43.9933 32.4633 -38.1810 3.8017 -30.0550 -48.7784 -5.1902 -40.2308 16.3676 -32.1570 -48.5826 -6.4765 -39.0859 7.6603 -29.3202 -48.7368 -28.4354 -13.9171 -37.3403 13.5573 -36.6290 -19.7916 -42.8383 -33.0268 34.8009 -47.6720 -28.3623 20.0590 -42.1262 -25.4489 0.2895 -36.4172 -16.2702 -46.0626 -31.5575 27.0766
-31.9451 -45.4641 -16.9239 -36.6252 1.5033 -25.5704 -42.3569 20.7136 -28.5274 -47.8839 34.3390 -32.6448 -44.0131 -18.3716 -40.2113 -14.6475 -46.3580 34.4733 -40.2276 33.1471 -45.1112 -22.8336 -38.7899 -35.2807 23.7921 -42.9706 -19.3978 -44.1591 -34.3845 21.0024 -41.7448 -11.7482 -48.7483 -30.6005 2.7423 -37.9086 26.6800 -41.7914 17.6571 -46.6140 -20.0019 -49.0187 -26.6072 -45.1840 -29.8435 -34.0364 -31.6615 -23.6393 -32.2378 -23.1993 -31.6833 -32.8727 -29.9655 -44.2432 -26.9589 -49.0119 -21.8482 -47.1731 -2.7584 -42.6440 32.5998 -38.3070 11.6675 -32.8932 -42.8605 -23.7472 -46.3214 35.5496 -39.0471 8.8344 -30.9116 -48.7627 -7.3703 -40.1069 14.8306 -31.2778 -48.8970 18.9226 -38.0697 -7.3735 -29.4172 -43.5199 -35.2288 10.9138 -38.9703 10.7200 -36.1020 -19.0994 -43.8147 -32.6641 34.3390 -47.8839 -28.5274 20.7136 -42.3569 -25.5704 1.5033 -36.6252 -16.9239 -45.4641 -31.9451
-45.6605 -17.5217 -36.8298 2.6301 -25.6766 -42.5921 21.3921 -28.6762 -48.0598 33.5495 -32.4532 -44.1146 -18.4509 -34.7181 -20.0215 -44.9125 -19.7906 -43.6386 35.9034 -44.6971 -21.8823 -41.5282 -34.7739 21.2233 -41.9994 -16.0574 -47.0508 -33.5084 18.9037 -41.3617 -12.2203 -48.5828 -31.4778 9.0177 -39.0283 34.9755 -44.6895 -17.2904 -48.9682 -28.0213 -34.1281 -33.0034 2.4899 -35.7800 12.4193 -37.1500 17.3282 -37.7457 19.3273 -37.7238 18.4250 -37.1696 14.6879 -36.0140 7.5541 -33.9712 -15.5464 -30.0789 -47.2555 -23.4685 -47.1401 14.9853 -40.6121 21.6558 -35.5193 -23.4773 -26.9449 -47.6976 30.5498 -39.4562 10.7023 -31.1368 -48.7652 -2.3078 -39.5871 10.7942 -29.7269 -48.0047 35.4285 -36.4176 -31.5030 -31.9616 -0.0107 -39.0412 17.9833 -34.6754 3.1980 -36.1104 -18.6327 -44.1087 -32.4550 33.5495 -48.0598 -28.6762 21.3921 -42.5921 -25.6766 2.6301 -36.8298 -17.5217 -45.6605
-17.6168 -37.0358 3.6750 -25.7758 -42.8281 22.0906 -28.8163 -48.2122 32.4950 -32.3760 -43.9490 -18.4697 -36.4216 1.8431 -10.1654 -31.6194 -48.7538 4.4898 -43.8872 -20.5255 -43.8814 -34.2874 19.1841 -41.1810 -11.2988 -48.4771 -32.3773 15.4241 -40.4418 -8.0811 -48.6969 -31.6014 11.4810 -39.2873 31.4786 -47.1298 -24.8789 -42.1714 -32.5395 7.0945 -36.9246 21.6715 -39.5761 33.0478 -41.9059 33.7683 -43.2740 22.1760 -43.7932 17.1398 -43.6446 26.1035 -42.7874 35.2516 -41.0155 29.4348 -38.0730 16.4416 -35.1245 -7.3684 -29.5765 -48.9058 -17.1046 -43.4580 29.9819 -37.3128 -5.9027 -28.4405 -48.2363 26.2856 -39.5928 10.0489 -30.6556 -48.7598 18.3188 -38.9571 2.3819 -26.9624 -45.3066 26.0305 -34.9738 -32.3147 -35.7767 18.2762 -40.1024 -12.4418 -26.7669 -0.4243 -36.3896 -18.4785 -43.9509 -32.3742 32.4950 -48.2122 -28.8163 22.0906 -42.8281 -25.7758 3.6750 -37.0358 -17.6168
-38.0354 4.6484 -25.8756 -43.0646 22.7991 -28.9501 -48.3479 31.1707 -32.3800 -43.4583 -18.6079 -36.7481 1.5067 -26.2099 -42.8926 3.4019 -23.4551 -44.6283 -18.6034 -46.2883 -33.6612 17.3457 -40.5829 -4.8881 -48.7650 -31.3003 11.4170 -39.7373 6.0972 -48.7666 -31.0184 11.2594 -39.1105 15.2497 -48.4481 -28.3885 -8.6228 -35.7902 22.1276 -40.2061 33.3032 -44.3966 -13.0075 -47.7043 -21.7786 -49.1612 -24.7759 -48.7187 -26.0317 -48.2659 -25.9177 -48.8656 -24.3919 -49.1110 -20.8180 -47.0247 -7.3313 -43.0819 34.6386 -38.3931 13.9661 -33.0619 -42.0892 -23.3975 -45.5661 34.3757 -38.1899 -1.0325 -28.8000 -48.2247 29.9882 -39.4102 6.5147 -29.4208 -48.0502 35.4167 -37.4935 -26.6503 -21.2616 -41.4935 18.6455 -34.5579 -1.4410 -39.1341 -10.4384 3.0307 -44.6647 -26.3548 1.3896 -36.7487 -18.6015 -43.4602 -32.3782 31.1707 -48.3479 -28.9501 22.7991 -43.0646 -25.8756 4.6484 -38.0354
4.8798 -25.9816 -43.2980 23.5167 -29.0801 -48.4655 29.5414 -32.4264 -42.7317 -18.9140 -37.0763 3.4011 -26.0976 -43.9140 23.9253 -30.1499 -47.6580 -17.6229 -48.1972 -32.7111 15.0387 -40.2927 4.0570 -48.6224 -30.4561 7.4319 -39.3636 28.0932 -48.3729 -29.9166 8.3517 -38.8303 9.1941 -48.7966 -29.8847 8.3932 -37.5842 35.3036 -44.6306 -18.7756 -49.1639 -27.0387 -39.0111 -31.4575 -5.4657 -33.7293 6.5915 -34.5813 10.2891 -34.8056 10.3470 -34.5399 6.5322 -33.5941 -7.8974 -30.8937 -43.5090 -25.4694 -48.2852 -6.8776 -41.4918 24.7430 -35.5924 -25.5483 -25.7938 -46.4360 35.1432 -38.3422 -2.9920 -28.1357 -47.6714 35.4555 -38.7390 -3.1990 -26.7723 -45.8836 29.1566 -34.5747 -47.7314 -4.5514 -40.4929 22.8988 -34.8320 20.3096 -45.4345 -28.6792 29.2256 -44.5346 -26.2292 3.2855 -37.0746 -18.9079 -42.7317 -32.4264 29.5414 -48.4655 -29.0801 23.5167 -43.2980 -25.9816 4.8798
-24.3361 -43.5276 24.2327 -29.2091 -48.5677 27.6116 -32.4939 -41.8254 -19.2979 -37.3659 4.9630 -26.1870 -43.7121 27.2106 -34.3924 -47.1306 -21.5948 -48.7673 -31.3973 11.4788 -40.0564 17.3172 -48.4659 -29.7827 3.6476 -38.9641 35.4797 -47.5074 -28.3545 1.9974 -38.4931 21.6574 -48.8056 -30.3339 14.3079 -39.1584 -5.2083 -48.6320 -27.4629 -22.3349 -33.2969 13.1944 -36.4104 25.7578 -39.6960 34.2332 -41.5376 33.1818 -42.4118 29.5054 -42.4615 32.9971 -41.5996 34.0035 -39.4634 23.2063 -36.0031 6.6181 -31.3683 -46.6057 -21.3726 -44.5433 31.6400 -36.8679 -17.2939 -25.9969 -46.1966 33.7240 -37.8218 -14.0399 -26.1086 -46.2788 32.8704 -37.1021 -31.8396 -21.3683 -42.3365 16.8121 -30.7492 -47.6375 2.5820 -46.0042 -11.8007 -35.5337 35.1729 -48.8228 -27.9297 28.1431 -44.1351 -26.1770 4.8317 -37.3625 -19.2979 -41.8254 -32.4939 27.6116 -48.5677 -29.2091 24.2327 -43.5276 -24.3361
-43.8587 24.9437 -29.3388 -48.6555 25.3568 -32.5734 -40.7547 -19.7138 -37.6225 6.1662 -26.3648 -44.6874 36.0461 -39.4105 3.2218 -29.8113 -48.7364 -29.9929 5.2711 -39.4636 31.1382 -48.1526 -28.9485 -0.5288 -38.6056 35.1028 -46.4636 -26.3477 -12.0073 -37.7793 35.0178 -48.2359 -29.7153 14.9231 -40.4612 -18.3725 -47.0907 -31.4279 14.1275 -37.8288 34.8654 -42.9453 -10.4421 -46.9956 -20.9047 -49.1969 -24.2800 -48.9376 -25.8423 -48.2645 -25.8732 -48.9363 -24.1559 -49.0469 -19.3910 -45.9096 21.1645 -40.3953 21.6019 -34.8207 -30.3803 -25.1340 -45.8287 33.0899 -36.8870 -24.8712 -24.2412 -44.9467 28.7957 -36.4605 -35.0280 -22.0220 -43.8611 23.7251 -34.2573 -47.7949 -5.0455 -39.1763 -0.0009 -25.8228 -47.2779 -20.3737 -24.4166 -26.7385 -36.9786 26.9667 -48.2735 -28.1458 26.8634 -44.0020 -26.1976 6.0621 -37.6221 -19.7138 -40.7547 -32.5734 25.3568 -48.6555 -29.3388 24.9437 -43.8587
25.6751 -29.2925 -48.7274 22.7403 -32.6577 -39.5217 -20.1339 -37.8628 7.1200 -26.3673 -44.1180 0.1102 -44.8197 30.7674 -37.1718 -34.7668 -30.1658 -11.4231 -38.2588 35.6026 -47.2125 -27.4573 -7.8238 -38.1274 33.0833 -45.6048 -24.3113 -29.8116 -36.6186 32.4934 -46.4708 -28.1329 9.8584 -39.6545 -19.4925 -40.8628 -33.8212 28.7412 -42.7035 -17.5274 -49.2438 -27.1495 -32.9326 -31.5441 3.0643 -33.3273 11.9977 -34.2877 15.5491 -34.8684 15.1496 -34.4501 9.9162 -33.5885 -11.3663 -29.5197 -48.7329 -19.3544 -44.0874 31.1280 -36.6938 -17.9244 -25.6003 -45.4570 29.9621 -35.7469 -40.1568 -19.8824 -42.7669 21.1187 -34.2110 -47.0549 -12.8163 -41.1930 13.0981 -30.5631 -48.0196 35.2425 -36.0145 -44.5543 -24.4489 -38.0948 -40.2814 -24.0095 -3.6113 -37.2382 30.9288 -48.4231 -28.5969 26.4251 -44.0315 -26.2575 7.0862 -37.8631 -20.1339 -39.5217 -32.6577 22.7403 -48.7274 -29.2925 25.6751
-28.6967 -48.7803 19.7624 -32.7391 -38.1254 -20.5473 -38.0941 7.9749 -26.3732 -43.6889 0.2789 -48.3292 -9.5246 -43.0197 15.2626 -33.1549 -34.2917 -36.2012 29.0122 -45.3125 -24.6843 -23.7693 -37.2286 30.1377 -44.8124 -22.5160 -38.8302 -35.4592 25.8662 -44.1432 -24.9652 -4.7030 -37.8672 -12.5467 -44.7592 -34.2211 34.7666 -46.6099 -26.1747 -21.7331 -33.1301 18.3633 -37.8898 33.5498 -41.4302 20.7923 -43.3383 -4.6317 -44.3511 -7.4220 -44.1323 9.9609 -42.4700 34.7795 -38.9212 17.1138 -34.0928 -34.3966 -24.8770 -45.9671 33.7303 -36.8788 -25.3504 -23.4561 -43.6216 22.5290 -33.5685 -48.1183 -7.7959 -40.6852 12.2021 -31.2489 -48.7806 29.3298 -38.8930 -6.2803 -24.6512 -43.6310 19.2031 -31.5427 -48.7628 -29.0906 18.4292 -41.3376 -24.9032 -13.9437 -35.8975 30.3675 -48.5576 -28.9768 26.5243 -44.1540 -26.3390 7.9793 -38.0941 -20.5473 -38.1254 -32.7391 19.7624 -48.7803 -28.6967
-48.5561 16.3815 -32.8111 -36.5718 -20.9486 -38.3189 8.7931 -26.4327 -44.3201 27.6421 28.6069 -29.0969 -48.7421 34.3577 -37.3906 -22.3550 -34.4705 18.4261 -42.3600 -19.3949 -41.2816 -35.6377 25.4955 -43.7074 -20.3840 -43.3119 -34.5673 21.3105 -42.2496 -19.8032 -38.3274 -35.9780 31.0231 -49.1331 -32.4068 32.4228 -47.2420 -28.2221 8.9541 -37.3858 30.6862 -45.3052 -20.1356 -49.3539 -25.9222 -44.4934 -28.9423 -32.4849 -30.1683 -31.8250 -29.3914 -44.8015 -25.7186 -48.8663 -12.6507 -42.9035 28.4625 -36.6201 -17.8253 -25.9279 -45.8523 31.3364 -35.6125 -41.8832 -17.5076 -40.8314 12.9468 -30.6270 -48.3949 33.7820 -38.9789 -3.5072 -26.5366 -45.8997 29.4917 -35.5540 -46.2304 -8.2750 -39.1833 -3.5853 -27.5439 -47.2614 -35.0809 30.9272 -45.6661 -29.8219 4.0841 -37.8648 25.6202 -48.6391 -29.2841 26.9204 -44.3274 -26.4313 8.7931 -38.3189 -20.9486 -36.5718 -32.8111 16.3815 -48.5561
0.7022 -32.4529 -34.8549 -21.3334 -38.5409 9.5520 -26.5303 -44.5217 27.5438 -28.4450 -45.3090 5.3714 -23.0753 -42.8582 11.6144 -34.2426 6.0287 -39.6838 -2.2321 -48.4571 -33.2546 18.9643 -41.9507 -16.3893 -46.6201 -33.6788 18.3694 -41.0666 -13.2093 -47.7127 -33.6778 27.8438 -46.2341 -29.1436 19.6387 -44.4852 -27.4821 11.4055 -39.5256 -15.9055 -49.0561 -29.4475 2.0129 -33.3226 18.4379 -36.8352 26.8805 -38.6866 28.5465 -38.3862 21.8517 -36.5771 7.6932 -32.1912 -44.8495 -22.0972 -45.2204 32.2339 -37.0878 -21.8453 -24.4518 -44.2414 24.3104 -33.1396 -48.8112 11.0434 -38.5097 -4.0162 -25.7701 -45.3162 28.2188 -36.0998 -42.5187 -17.0363 -41.9440 14.0085 -30.4743 -47.6355 33.3823 -35.1750 -46.6030 -28.6604 4.0058 -40.4870 -15.7490 -39.0418 -37.0386 23.7903 -41.1340 21.4447 -48.7841 -29.5465 27.4695 -44.5225 -26.5303 9.5520 -38.5409 -21.3334 -34.8549 -32.4529 0.7022
-33.6045 -32.9681 -21.7016 -38.7639 10.2752 -26.6344 -44.7294 28.0926 -29.7534 -49.1208 34.7900 -31.7543 -48.5973 32.9136 -34.8397 -20.1661 -37.3345 35.5733 -47.9079 -30.0609 10.4270 -40.2219 -4.1442 -48.6353 -32.3880 15.2452 -40.3478 -5.1447 -48.7596 -31.7325 16.3942 -41.7789 -23.3636 -0.2483 -39.4733 -21.9723 -1.6188 -38.2806 -18.5978 -41.5394 -33.2199 25.4467 -40.5603 1.3488 -45.7417 -18.7469 -48.4672 -21.0088 -48.3505 -16.5353 -45.5933 32.2493 -40.4241 18.8061 -34.9240 -36.4545 -23.5322 -45.2217 30.5688 -36.1431 -36.6265 -20.6875 -41.4838 14.8838 -29.9347 -47.3716 33.3646 -35.8406 -43.9693 -15.2658 -41.6752 14.1983 -31.7552 -48.8494 31.6337 -38.4293 -16.8263 -22.1851 -42.3461 13.1555 -30.3225 -47.3640 -34.4867 31.6891 -47.9406 -31.6096 17.0426 -42.9070 35.7472 -38.9818 18.6045 -48.8687 -29.7686 28.0941 -44.7294 -26.6344 10.2752 -38.7639 -21.7016 -32.9681 -33.6045
-33.4292 -22.0449 -38.9849 10.9797 -26.7421 -44.9442 28.7551 -29.9543 -48.8482 12.3166 -34.3691 -42.3079 -9.1568 -36.0942 -24.2587 -34.6176 21.2135 -43.9774 -24.5586 -9.7353 -38.5612 33.0862 -48.4480 -30.4504 10.2166 -39.8352 9.4592 -48.7003 -30.6055 9.7547 -39.3601 -9.4448 -46.0895 -34.9083 21.0429 -47.7209 -34.4188 0.7117 -46.3134 -34.0429 35.0896 -46.6577 -24.7809 -40.2230 -31.0046 0.8469 -33.4959 2.8492 -32.8879 -32.9004 -27.4817 -48.7315 -1.9532 -41.6405 21.4948 -35.3435 -39.0226 -22.1561 -44.1472 26.7423 -34.3984 -46.4722 -11.8983 -38.6741 0.5929 -25.0142 -42.9435 17.6700 -31.5585 -48.6187 34.0105 -38.7023 -9.4092 -24.9567 -44.6506 24.3647 -34.0664 -49.0222 24.2258 -37.2709 -33.4231 -29.1277 -4.5378 -39.8255 -18.1256 -20.0966 -39.1721 33.6450 -47.8096 30.9935 -33.7476 11.7388 -48.8381 -29.9532 28.7551 -44.9442 -26.7421 10.9797 -38.9849 -22.0449 -33.4292
-20.8314 -39.2039 11.6601 -26.8526 -45.1615 29.4383 -30.1152 -48.7850 6.6367 -33.4201 -26.0922 -21.2494 -37.8383 -0.5931 -32.1616 2.2761 -39.7460 -9.7744 -46.1392 -35.4354 29.2773 -45.9000 -26.8668 -0.8383 -38.9900 31.2405 -48.3647 -29.6888 5.5219 -39.0111 29.4893 -48.5232 -31.2727 22.5741 -45.5695 -29.7652 26.8732 -47.6516 -31.1762 32.4348 -47.8827 -28.6951 9.8133 -36.7880 32.3075 -41.6502 34.8037 -41.0341 23.5063 -37.5542 -3.1547 -29.8956 -48.6771 -2.6239 -41.4032 19.3827 -34.4854 -43.6261 -21.0510 -43.1340 22.5718 -32.1356 -49.0535 27.8884 -35.9182 -41.5857 -13.2458 -38.7761 -2.7565 -24.9507 -44.2357 23.7832 -34.7934 -47.6992 -5.6682 -40.1382 5.3921 -26.8118 -44.7667 22.3214 -32.6115 -48.2399 -31.9132 24.6576 -46.3681 -30.6053 22.5165 -45.7971 -24.4942 28.2636 -29.0287 -33.4543 6.6898 -48.7834 -30.1151 29.4383 -45.1615 -26.8526 11.6601 -39.2039 -20.8314
-39.9557 12.3199 -26.9652 -45.3804 30.1242 -30.2644 -48.7562 2.9894 -33.2413 -26.8315 -22.8084 -38.8457 8.7293 -29.7746 -45.5195 -35.6957 34.4107 -47.8710 -30.6921 14.6754 -41.9806 -19.3310 -36.5963 -36.8505 33.8681 -46.9610 -27.8968 -0.3896 -38.7441 35.6930 -47.2202 -28.0878 5.4735 -39.7963 -20.2018 -3.4630 -40.3006 -24.2122 13.2559 -43.7242 -27.6942 15.1200 -40.8672 -15.9750 -49.0610 -24.1026 -49.2799 -14.4017 -43.6193 26.7604 -38.1696 -7.5780 -29.0290 -48.3267 8.5262 -40.4334 18.1013 -34.0751 -41.7793 -21.3974 -41.8695 16.5702 -29.4585 -47.0035 30.0605 -32.1732 -48.8180 35.2463 -35.0963 -47.0344 -5.9750 -39.9700 6.3151 -28.3808 -46.6542 32.2287 -36.0420 -45.1795 -9.0231 -39.1606 -6.6471 -27.8236 -42.5453 -35.5587 0.0540 -43.5000 -36.0218 -0.9884 -41.2864 -38.6505 -22.9306 -26.8011 -33.2445 2.9445 -48.7546 -30.2644 30.1242 -45.3804 -26.9652 12.3199 -39.9557
12.8391 -27.0297 -45.5986 30.8042 -30.4070 -48.7598 -0.1498 -33.2948 -25.9127 -22.8311 -39.3735 12.2792 -30.0939 -48.5989 -29.8208 14.3499 -42.6135 -22.8239 -12.5000 -38.4761 21.2458 -49.0208 -33.1729 21.8194 -43.8191 -23.7315 -20.4425 -37.7420 34.4988 -46.4424 -26.0497 -17.1685 -37.3428 32.6465 -49.1669 -33.3594 26.5830 -46.3131 -36.2072 -18.1161 -3.4822 -39.3468 -22.7337 -25.7537 -32.7938 12.7529 -31.3012 -48.4495 0.4657 -42.1672 19.9081 -36.8032 -21.3163 -28.2978 -48.1178 -0.9149 -40.8911 23.4913 -34.7776 -38.5644 -19.2762 -39.2895 6.6961 -25.9339 -42.6361 14.6504 -27.4924 -43.7712 17.3570 -29.8508 -46.8437 32.2837 -36.3266 -42.1513 -16.2485 -41.7238 12.0541 -29.4808 -46.7131 29.6790 -34.2054 -48.6334 -27.0474 6.6651 -40.7089 -24.0875 8.4776 -41.2953 -24.3767 10.9345 -39.2077 -22.8926 -25.0434 -33.3115 -0.1941 -48.7598 -30.4070 30.8042 -45.5986 -27.0297 12.8391
-25.7260 -45.8146 31.4651 -30.5479 -48.7519 -2.7916 -33.5748 -23.8022 -25.4036 -41.9335 25.3477 -34.8979 -47.0594 -25.3682 -33.6406 -37.3053 20.2389 -48.8495 -34.3929 27.5221 -45.8201 -27.7015 7.3238 -40.3137 -12.7746 -45.2457 -35.3638 28.6198 -45.2027 -24.3120 -29.8976 -36.4251 28.6557 -45.0650 -27.1865 13.6988 -43.5437 -28.9244 28.7914 -49.0596 -32.8111 -0.9703 -37.2442 -40.9582 31.9857 -47.5113 -25.4518 -12.4482 -46.1013 36.8798 -44.7044 19.0352 -41.7305 -6.0077 -34.8111 -48.7081 -20.6023 -45.9287 36.7262 -34.1624 -46.7623 -7.1734 -36.5212 -26.9416 -18.4252 -37.9264 -18.8380 -17.7741 -38.1809 -17.3867 -20.4765 -41.6863 12.5963 -30.4112 -47.9902 35.5437 -37.1710 -37.0762 -16.9057 -40.7727 5.3111 -26.2501 -48.0056 -30.0338 24.6815 -46.2073 -28.6267 24.0256 -45.3883 -27.3497 12.3831 -39.5510 -23.1309 -22.8293 -33.5511 -2.8151 -48.7519 -30.5479 31.4651 -45.8146 -25.7260
-45.9430 32.0883 -30.6831 -48.7140 -5.0183 -33.8936 -19.0912 -30.9115 -48.7611 -12.4425 -41.0184 12.7754 -30.3138 -48.5590 -32.3468 22.4240 -44.9130 -27.3473 8.3692 -40.9566 -16.7199 -38.3278 -36.8794 35.4087 -48.6322 -31.6562 17.9807 -42.5371 -20.6959 -38.7496 -35.6523 24.2222 -42.7595 -19.8031 -36.6119 -36.1900 -10.4774 -23.8468 -39.6734 -24.3156 17.2962 -46.0332 -31.0599 36.5882 -47.4750 -31.9213 12.3831 -44.1862 36.6406 -44.3510 32.0749 -43.6167 18.4403 -41.7004 -6.9786 -35.4698 -48.5243 -23.9082 -46.8622 26.7971 -31.5826 -48.8490 34.5456 -33.6036 -49.1128 31.5623 -33.1040 -49.1870 34.5133 -33.2775 -49.1193 34.1354 -37.1877 -33.0042 -19.8436 -42.6121 15.4215 -31.0529 -47.9657 34.0284 -35.2068 -48.1685 -18.2067 -48.5843 -33.5248 34.8285 -48.5888 -29.9400 31.7175 -46.2168 -27.3177 13.4108 -39.8303 -23.3908 -20.4082 -33.8349 -5.0222 -48.7140 -30.6831 32.0883 -45.9430
