-48.5174 -4.4066 -34.2828 -28.1773 -21.4329 -40.4290 14.4564 -26.0750 -46.4050 31.4268 -30.8363 -48.2135 -14.5335 -36.7930 -3.5169 -23.4576 -42.5070 21.2570 -27.6340 -48.0346 19.5596 -32.5556 -42.7385 -18.9387 -38.7104 8.0979 -24.8218 -44.6269 28.0772 -29.3101 -48.7257 -6.3407 -34.6049 -25.0641 -21.7275 -40.6808 15.2939 -26.2611 -46.6393 31.2598 -31.0530 -47.9123 -15.2354 -37.0601 -1.4611 -23.6474 -42.7631 22.0907 -27.8204 -47.8445 -13.5309 -47.8445 -27.8204 22.0907 -42.7631 -23.6474 -1.4611 -37.0601 -15.2354 -47.9123 -31.0530 31.2598 -46.6393 -26.2611 15.2939 -40.6808 -21.7275 -25.0641 -34.6049 -6.3407 -48.7257 -29.3101 28.0772 -44.6269 -24.8218 8.0979 -38.7104 -18.9387 -42.7385 -32.5556 19.5596 -48.0346 -27.6340 21.2570 -42.5070 -23.4576 -3.5169 -36.7930 -14.5335 -48.2135 -30.8363 31.4268 -46.4050 -26.0750 14.4564 -40.4290 -21.4329 -28.1773 -34.2828 -4.4066 -48.5174
-4.4066 -32.8603 -27.0616 -22.8725 -39.7417 13.8801 -27.2991 -46.3230 33.4228 -30.8338 -48.1330 -12.6483 -35.5899 -3.4812 -25.2452 -42.0404 20.4628 -28.4875 -48.1481 31.6786 -31.9202 -42.4457 -19.4437 -37.8016 7.7544 -26.3445 -44.3713 27.6088 -29.7458 -48.7885 3.7463 -33.1343 -24.5634 -23.2151 -40.0143 14.6795 -27.4387 -46.5808 33.9784 -30.9809 -47.8144 -13.8155 -35.9011 -1.4867 -25.4328 -42.3222 21.2891 -28.6466 -48.3580 31.6549 -34.9744 31.6520 -48.3595 -28.6468 21.2891 -42.3222 -25.4328 -1.4867 -35.9011 -13.8155 -47.8144 -30.9809 33.9784 -46.5808 -27.4387 14.6795 -40.0143 -23.2151 -24.5634 -33.1343 3.7463 -48.7885 -29.7458 27.6088 -44.3713 -26.3445 7.7544 -37.8016 -19.4437 -42.4457 -31.9202 31.6786 -48.1481 -28.4875 20.4628 -42.0404 -25.2452 -3.4812 -35.5899 -12.6483 -48.1330 -30.8338 33.4228 -46.3230 -27.2991 13.8801 -39.7417 -22.8725 -27.0616 -32.8603 -4.4066
-34.2828 -27.0616 -22.7625 -39.5966 13.3549 -27.2590 -46.1254 32.9309 -30.9982 -48.3320 -11.5965 -35.3322 -5.2607 -25.0697 -41.8116 19.7981 -28.4889 -48.0037 32.8165 -32.2280 -43.4008 -18.9692 -37.5904 6.9626 -26.2525 -44.1442 26.8875 -29.8206 -48.8214 7.1314 -33.0347 -27.0383 -22.9253 -39.7915 14.0404 -27.3915 -46.3768 33.5610 -31.1583 -48.0735 -12.8918 -35.6561 -3.0417 -25.2743 -42.0925 20.6151 -28.6536 -48.1780 31.1476 -33.1275 -13.1267 -33.0964 31.2200 -48.1818 -28.6540 20.6151 -42.0925 -25.2743 -3.0417 -35.6561 -12.8918 -48.0735 -31.1583 33.5610 -46.3768 -27.3915 14.0404 -39.7915 -22.9253 -27.0383 -33.0347 7.1314 -48.8214 -29.8206 26.8875 -44.1442 -26.2525 6.9626 -37.5904 -18.9692 -43.4008 -32.2280 32.8165 -48.0037 -28.4889 19.7981 -41.8116 -25.0697 -5.2607 -35.3322 -11.5965 -48.3320 -30.9982 32.9309 -46.1254 -27.2590 13.3549 -39.5966 -22.7625 -27.0616 -34.2828
-28.1773 -22.8725 -39.5966 13.1434 -27.1918 -45.9644 32.4437 -30.8779 -48.4848 -10.4497 -35.0636 -7.2653 -24.8855 -41.5838 19.1417 -28.3588 -47.8466 33.6378 -32.1256 -44.2455 -18.4615 -37.3775 6.1195 -26.1487 -43.9169 26.1666 -29.6844 -48.8265 10.6983 -32.9951 -29.3660 -22.6142 -39.5665 13.3887 -27.2745 -46.1691 33.0587 -31.0263 -48.2876 -11.8602 -35.4027 -4.7647 -25.1115 -41.8599 19.9380 -28.5270 -48.0392 32.4080 -32.6509 -43.7215 -25.9798 -44.1430 -32.1842 32.5574 -48.0431 -28.5273 19.9380 -41.8599 -25.1115 -4.7647 -35.4027 -11.8602 -48.2876 -31.0263 33.0587 -46.1691 -27.2745 13.3887 -39.5665 -22.6142 -29.3660 -32.9951 10.6983 -48.8265 -29.6844 26.1666 -43.9169 -26.1487 6.1195 -37.3775 -18.4615 -44.2455 -32.1256 33.6378 -47.8466 -28.3588 19.1417 -41.5838 -24.8855 -7.2653 -35.0636 -10.4497 -48.4848 -30.8779 32.4437 -45.9644 -27.1918 13.1434 -39.5966 -22.8725 -28.1773
-21.4329 -39.7417 13.3549 -27.1918 -45.8980 32.1167 -30.7890 -48.5871 -9.2589 -34.8002 -9.4419 -24.6868 -41.3579 18.4946 -28.2268 -47.6775 34.2162 -32.0221 -44.9877 -17.9262 -37.1629 5.2151 -26.0468 -43.6901 25.4527 -29.5443 -48.8055 14.3610 -32.9492 -31.5235 -22.2896 -39.3393 12.7224 -27.1597 -45.9593 32.5024 -30.8873 -48.4588 -10.6886 -35.1431 -6.6657 -24.9327 -41.6243 19.2581 -28.4019 -47.8877 33.2938 -33.0870 -32.4593 -28.4484 -43.4278 -18.5449 -43.9995 -32.1254 33.4188 -47.8913 -28.4030 19.2581 -41.6243 -24.9327 -6.6657 -35.1431 -10.6886 -48.4588 -30.8873 32.5024 -45.9593 -27.1597 12.7224 -39.3393 -22.2896 -31.5235 -32.9492 14.3610 -48.8055 -29.5443 25.4527 -43.6901 -26.0468 5.2151 -37.1629 -17.9262 -44.9877 -32.0221 34.2162 -47.6775 -28.2268 18.4946 -41.3579 -24.6868 -9.4419 -34.8002 -9.2589 -48.5871 -30.7890 32.1167 -45.8980 -27.1918 13.3549 -39.7417 -21.4329
-40.4290 13.8801 -27.2590 -45.9644 32.1167 -30.7577 -48.6358 -8.2776 -34.5797 -11.5566 -24.4861 -41.1425 17.8706 -28.0956 -47.4999 34.5687 -31.9194 -45.6311 -17.3659 -36.9495 4.2501 -25.9475 -43.4664 24.7540 -29.4033 -48.7630 17.8963 -32.8996 -33.4870 -21.9547 -39.1130 12.0479 -27.0478 -45.7499 31.9099 -30.7460 -48.5881 -9.3613 -34.8801 -8.7287 -24.7405 -41.3889 18.5837 -28.2807 -47.7310 33.9932 -32.5069 -33.5035 -34.8494 12.0231 18.8231 -37.0364 -18.0663 -44.8980 -31.9995 34.0381 -47.7339 -28.2808 18.5850 -41.3889 -24.7405 -8.7287 -34.8801 -9.3613 -48.5881 -30.7460 31.9099 -45.7499 -27.0478 12.0479 -39.1130 -21.9547 -33.4870 -32.8996 17.8963 -48.7630 -29.4033 24.7540 -43.4664 -25.9475 4.2501 -36.9495 -17.3659 -45.6311 -31.9194 34.5687 -47.4999 -28.0956 17.8706 -41.1425 -24.4861 -11.5566 -34.5797 -8.2776 -48.6358 -30.7577 32.1167 -45.9644 -27.2590 13.8801 -40.4290
14.4564 -27.2991 -46.1254 32.4437 -30.7890 -48.6358 -7.8908 -34.4492 -13.1685 -24.3131 -40.9565 17.3050 -27.9710 -47.3168 34.7245 -31.8201 -46.1847 -16.7805 -36.7335 3.1937 -25.8511 -43.2466 24.0745 -29.2574 -48.6992 21.2223 -32.8528 -35.2550 -21.6102 -38.8837 11.3508 -26.9398 -45.5421 31.2949 -30.5971 -48.6802 -7.8171 -34.6152 -10.9337 -24.5356 -41.1507 17.9049 -28.1628 -47.5700 34.4376 -31.8361 -45.1463 -28.6882 4.1704 -41.5247 -25.6580 4.0222 -37.0361 -17.4214 -45.5657 -31.8837 34.4457 -47.5685 -28.1553 17.9147 -41.1516 -24.5355 -10.9290 -34.6152 -7.8171 -48.6802 -30.5971 31.2949 -45.5421 -26.9398 11.3508 -38.8837 -21.6102 -35.2550 -32.8528 21.2223 -48.6992 -29.2574 24.0745 -43.2466 -25.8511 3.1937 -36.7335 -16.7805 -46.1847 -31.8201 34.7245 -47.3168 -27.9710 17.3050 -40.9565 -24.3131 -13.1685 -34.4492 -7.8908 -48.6358 -30.7890 32.4437 -46.1254 -27.2991 14.4564
-26.0750 -46.3230 32.9309 -30.8779 -48.5871 -8.2776 -34.4492 -13.7738 -24.2107 -40.8262 16.8563 -27.8654 -47.1436 34.7136 -31.7301 -46.6519 -16.1781 -36.5074 2.0071 -25.7585 -43.0360 23.4291 -29.1018 -48.6134 24.2817 -32.8177 -36.8061 -21.2632 -38.6478 10.6161 -26.8374 -45.3399 30.6772 -30.4371 -48.7375 -5.9661 -34.3511 -13.2416 -24.3199 -40.9109 17.2340 -28.0429 -47.4001 34.6596 -31.7423 -46.4748 -19.4390 -48.1858 -25.0162 -2.9953 -43.7674 -26.0232 3.5726 -36.7136 -16.8076 -46.1069 -31.7736 34.6793 -47.0157 -28.0365 17.2664 -40.9138 -24.3196 -13.2316 -34.3511 -5.9661 -48.7375 -30.4371 30.6772 -45.3399 -26.8374 10.6161 -38.6478 -21.2632 -36.8061 -32.8177 24.2817 -48.6134 -29.1018 23.4291 -43.0360 -25.7585 2.0071 -36.5074 -16.1781 -46.6519 -31.7301 34.7136 -47.1436 -27.8654 16.8563 -40.8262 -24.2107 -13.7738 -34.4492 -8.2776 -48.5871 -30.8779 32.9309 -46.3230 -26.0750
-46.4050 33.4228 -30.9982 -48.4848 -9.2589 -34.5797 -13.1685 -24.2107 -40.7791 16.6049 -27.7947 -47.0060 34.5962 -31.6573 -47.0229 -15.5784 -36.2698 0.6585 -25.6632 -42.8374 22.8273 -28.9337 -48.5052 27.0361 -32.8034 -38.1422 -20.9196 -38.4021 9.8271 -26.7420 -45.1475 30.0779 -30.2637 -48.7601 -3.7174 -34.0926 -15.5762 -24.0964 -40.6744 16.5943 -28.0055 -46.7856 34.7240 -31.7057 -46.5799 -15.7176 -38.3709 30.3275 -38.4061 -36.7071 -13.9490 -43.8558 -24.2640 25.6445 -36.5304 -15.9654 -46.8296 -28.9786 16.6468 -46.3922 -28.0936 16.5854 -40.6768 -24.0963 -15.5708 -34.0926 -3.7174 -48.7601 -30.2637 30.0779 -45.1475 -26.7420 9.8271 -38.4021 -20.9196 -38.1422 -32.8034 27.0361 -48.5052 -28.9337 22.8273 -42.8374 -25.6632 0.6585 -36.2698 -15.5784 -47.0229 -31.6573 34.5962 -47.0060 -27.7947 16.6049 -40.7791 -24.2107 -13.1685 -34.5797 -9.2589 -48.4848 -30.9982 33.4228 -46.4050
31.4268 -30.8338 -48.3320 -10.4497 -34.8002 -11.5566 -24.3131 -40.8262 16.6049 -27.7699 -46.9282 34.4687 -31.5979 -47.2950 -15.0306 -36.0324 -0.8047 -25.5548 -42.6547 22.2822 -28.7491 -48.3674 29.4905 -32.8340 -39.2336 -20.5964 -38.1391 8.9496 -26.6568 -44.9718 29.5230 -30.0674 -48.7579 -0.9145 -33.8451 -17.8392 -23.8707 -40.4356 15.9170 -28.0773 -46.7733 10.0418 -28.4855 -47.1919 -16.0141 -36.0614 7.5035 -34.2965 -5.9488 -26.5081 -45.6744 33.1801 -38.2007 -49.7989 31.1645 -36.8572 6.5539 -45.8708 -46.6951 -10.3856 -47.2957 -28.2980 15.8688 -40.4300 -23.8712 -17.8443 -33.8451 -0.9145 -48.7579 -30.0673 29.5231 -44.9718 -26.6568 8.9496 -38.1391 -20.5964 -39.2336 -32.8340 29.4905 -48.3674 -28.7491 22.2822 -42.6547 -25.5548 -0.8047 -36.0324 -15.0306 -47.2950 -31.5979 34.4687 -46.9282 -27.7699 16.6049 -40.8262 -24.3131 -11.5566 -34.8002 -10.4497 -48.3320 -30.8338 31.4268
-30.8363 -48.1330 -11.5965 -35.0636 -9.4419 -24.4861 -40.9565 16.8563 -27.7947 -46.9282 34.4171 -31.5546 -47.4714 -14.5845 -35.8236 -2.2554 -25.4364 -42.4949 21.8099 -28.5559 -48.2027 31.5411 -32.9272 -40.0037 -20.3334 -37.8547 7.9525 -26.5874 -44.8267 29.0613 -29.8427 -48.7913 2.6460 -33.6360 -19.9581 -23.6506 -40.1856 15.1955 -28.1281 -47.2470 -22.5536 27.1458 -45.8796 24.2383 -35.7498 -3.9762 -28.4296 -48.9275 -23.0290 -47.2174 35.6128 -38.4636 5.1724 -24.2660 -40.5824 11.5511 -34.6999 9.9427 -27.0853 -48.6775 -15.5518 -47.5897 -28.0126 15.1978 -40.1765 -23.6513 -19.9689 -33.6356 2.6466 -48.7913 -29.8429 29.0613 -44.8267 -26.5874 7.9525 -37.8547 -20.3334 -40.0037 -32.9272 31.5411 -48.2027 -28.5559 21.8099 -42.4949 -25.4364 -2.2554 -35.8236 -14.5845 -47.4714 -31.5546 34.4171 -46.9282 -27.7947 16.8563 -40.9565 -24.4861 -9.4419 -35.0636 -11.5965 -48.1330 -30.8363
-48.2135 -12.6483 -35.3322 -7.2653 -24.6868 -41.1425 17.3050 -27.8654 -47.0060 34.4687 -31.5546 -47.5356 -14.3049 -35.6779 -3.4877 -25.3259 -42.3706 21.4372 -28.3668 -48.0218 33.0676 -33.0822 -40.4449 -20.1712 -37.5450 6.7797 -26.5437 -44.7332 28.7639 -29.5796 -48.8445 7.0953 -33.6144 -21.9118 -23.4387 -39.9399 14.5179 -27.8061 -47.3062 -16.8929 -47.0508 -35.2642 15.1448 -33.0560 -28.6327 -24.5085 -44.9063 19.8314 -43.2560 32.9579 -38.6935 1.7027 -28.9414 -47.7436 28.3571 -34.0956 -40.4820 -27.6777 -48.7617 -16.8008 -46.7519 8.1490 -46.5161 -27.4864 14.5093 -39.9407 -23.4395 -21.9252 -33.6223 7.0918 -48.8444 -29.5796 28.7655 -44.7332 -26.5437 6.7797 -37.5450 -20.1712 -40.4449 -33.0822 33.0676 -48.0218 -28.3668 21.4372 -42.3706 -25.3259 -3.4877 -35.6779 -14.3049 -47.5356 -31.5546 34.4687 -47.0060 -27.8654 17.3050 -41.1425 -24.6868 -7.2653 -35.3322 -12.6483 -48.2135
-14.5335 -35.5899 -5.2607 -24.8855 -41.3579 17.8706 -27.9710 -47.1436 34.5962 -31.5979 -47.4714 -14.3049 -35.6247 -4.1976 -25.2462 -42.2922 21.1907 -28.1942 -47.8367 34.0781 -33.2871 -40.5505 -20.1340 -37.2219 5.4328 -26.5450 -44.7340 28.7723 -29.2579 -48.8490 12.2884 -33.7527 -24.0342 -23.1935 -39.7344 13.8963 -27.3239 -46.3843 18.6213 -45.9468 -20.1338 -47.0613 -26.3107 -49.2565 -16.9957 -40.8869 25.9864 -37.8710 16.2765 -35.8466 -8.3974 -28.4662 -48.4392 31.4157 -37.2869 -33.1884 -23.3458 -46.3046 2.1803 -44.9187 34.7288 -41.9313 35.8909 -46.0703 -27.3151 13.8631 -39.7358 -23.2485 -23.5185 -33.9992 12.2580 -48.8492 -29.2562 28.7758 -44.7340 -26.5450 5.4328 -37.2219 -20.1340 -40.5505 -33.2871 34.0781 -47.8367 -28.1942 21.1907 -42.2922 -25.2462 -4.1976 -35.6247 -14.3049 -47.4714 -31.5979 34.5962 -47.1436 -27.9710 17.8706 -41.3579 -24.8855 -5.2607 -35.5899 -14.5335
-36.7930 -3.4812 -25.0697 -41.5838 18.4946 -28.0956 -47.3168 34.7136 -31.6573 -47.2950 -14.5845 -35.6779 -4.1976 -25.2166 -42.2527 21.0614 -28.0628 -47.6742 34.6438 -33.5223 -40.3061 -20.2261 -36.9162 3.9992 -26.6169 -44.8838 29.3077 -28.8397 -48.8008 17.7247 -33.9144 -26.8341 -23.5199 -38.7560 14.6667 -27.0399 -45.7977 35.5896 -41.6243 35.8178 -43.9657 6.1426 -44.0513 34.4118 -37.8650 11.8041 -33.1688 -23.3605 -30.2843 -45.6557 -24.1824 -47.1875 33.2804 -38.6441 0.7292 -26.7780 -45.0008 35.2910 -40.9178 31.6564 -40.8763 21.4819 -38.3003 32.6609 -45.9231 -27.1501 13.2644 -39.4803 -24.0687 -15.4678 -34.7227 17.8482 -48.8035 -28.8394 29.3098 -44.8825 -26.6169 3.9992 -36.9162 -20.2261 -40.3061 -33.5223 34.6438 -47.6742 -28.0628 21.0614 -42.2527 -25.2166 -4.1976 -35.6779 -14.5845 -47.2950 -31.6573 34.7136 -47.3168 -28.0956 18.4946 -41.5838 -25.0697 -3.4812 -36.7930
-3.5169 -25.2452 -41.8116 19.1417 -28.2268 -47.4999 34.7245 -31.7301 -47.0229 -15.0306 -35.8236 -3.4877 -25.2462 -42.2527 21.0253 -27.9934 -47.5640 34.8884 -33.7489 -39.7737 -20.4335 -36.6579 2.6496 -26.7955 -45.2313 30.4964 -30.5869 -48.3600 22.7832 -34.1760 -28.6549 -24.3607 -44.9486 -24.5221 -15.7442 -45.0880 30.9432 -37.2628 15.7592 -39.2993 21.6838 -38.1573 17.5535 -34.4090 -14.9353 -27.8680 -49.0066 -20.3224 -47.0844 -6.2933 -43.0589 32.3632 -38.0603 3.1583 -31.2388 -48.3987 -11.4415 -43.1647 35.3901 -41.1164 29.8167 -39.1383 17.6334 -37.6320 32.4322 -45.5881 -26.9013 0.7317 -31.4474 -29.2675 10.1749 -35.4121 22.8476 -48.7034 -28.2572 30.6019 -45.2235 -26.7955 2.6492 -36.6579 -20.4335 -39.7737 -33.7489 34.8884 -47.5640 -27.9934 21.0253 -42.2527 -25.2462 -3.4877 -35.8236 -15.0306 -47.0229 -31.7301 34.7245 -47.4999 -28.2268 19.1417 -41.8116 -25.2452 -3.5169
-23.4576 -42.0404 19.7981 -28.3588 -47.6775 34.5687 -31.8201 -46.6519 -15.5784 -36.0324 -2.2554 -25.3259 -42.2922 21.0614 -27.9934 -47.5249 34.9664 -33.9115 -39.1578 -20.6883 -36.4706 1.6502 -27.1264 -45.7892 32.4699 -32.4401 -33.2866 -16.2812 -32.5941 -27.6751 -23.9460 -46.9220 -23.0840 -33.2324 -34.5030 12.7334 -32.9058 -25.6603 -32.9524 -9.8000 -33.1223 -21.4760 -29.3043 -48.3912 -20.6668 -44.5843 30.2005 -41.8789 34.2338 -39.7601 22.8296 -37.9799 7.5536 -34.8757 -33.3157 -29.0285 -48.1064 -24.1916 -48.5281 -16.8239 -45.3994 21.7790 -41.6488 30.6246 -38.4628 33.8032 -44.0308 -20.7708 -49.4494 21.0679 -41.4194 10.2609 -35.3654 26.6051 -48.5594 -27.3297 32.7351 -45.7683 -27.1266 1.6490 -36.4705 -20.6883 -39.1578 -33.9115 34.9664 -47.5249 -27.9934 21.0614 -42.2922 -25.3259 -2.2554 -36.0324 -15.5784 -46.6519 -31.8201 34.5687 -47.6775 -28.3588 19.7981 -42.0404 -23.4576
-42.5070 20.4628 -28.4889 -47.8466 34.2162 -31.9194 -46.1847 -16.1781 -36.2698 -0.8047 -25.4364 -42.3706 21.1907 -28.0628 -47.5640 34.9664 -33.9704 -38.7494 -20.8898 -36.3633 1.1654 -27.6387 -46.3364 33.8321 -30.7270 -22.9529 -37.5908 -17.6221 -48.5304 -19.1964 -42.2838 3.1422 -48.4557 -25.3238 -45.0029 -26.5285 -48.7300 -22.8715 -48.6954 -23.7408 -48.5683 -20.7636 -45.9658 -2.5250 -41.4672 36.2116 -40.8779 34.2211 -40.5564 30.4725 -39.4869 24.5595 -38.0760 18.4309 -36.7768 11.8535 -35.0267 0.9699 -32.4762 -33.4374 -28.2858 -48.8492 -21.9499 -46.7435 7.0149 -41.5319 36.0365 -41.4189 33.5156 -41.6622 19.9821 -36.0455 -10.5638 -35.0087 29.4083 -48.4079 -25.5590 33.6183 -46.3029 -27.6402 1.1638 -36.3630 -20.8898 -38.7494 -33.9704 34.9664 -47.5640 -28.0628 21.1907 -42.3706 -25.4364 -0.8047 -36.2698 -16.1781 -46.1847 -31.9194 34.2162 -47.8466 -28.4889 20.4628 -42.5070
21.2570 -28.4875 -48.0037 33.6378 -32.0221 -45.6311 -16.7805 -36.5074 0.6585 -25.5548 -42.4949 21.4372 -28.1942 -47.6742 34.8884 -33.9115 -38.7494 -20.9649 -36.3217 1.0904 -28.2630 -47.0176 13.9557 -25.3095 -47.4576 -33.0311 16.2175 -42.5514 34.4264 -39.0142 27.8010 -42.5297 21.1468 -45.7199 -10.9724 -44.4207 0.4809 -44.0731 -7.9482 -45.2947 -11.9099 -45.0814 -9.9301 -44.6637 -9.6483 -45.7467 -12.0573 -46.1210 -12.2218 -45.8520 -8.9202 -44.9116 3.3041 -43.6967 29.3541 -42.1836 34.3593 -39.9413 24.4098 -37.0801 12.6026 -34.4256 -12.0675 -29.8115 -48.1336 -22.1050 -46.2064 22.9601 -40.8231 27.4946 -38.4095 0.8210 -34.0706 -19.3891 -35.2680 31.1728 -48.2820 -21.6920 12.6579 -47.0062 -28.2679 1.0894 -36.3215 -20.9649 -38.7494 -33.9115 34.8884 -47.6742 -28.1942 21.4372 -42.4949 -25.5548 0.6585 -36.5074 -16.7805 -45.6311 -32.0221 33.6378 -48.0037 -28.4875 21.2570
-27.6340 -48.1481 32.8165 -32.1256 -44.9877 -17.3659 -36.7335 2.0071 -25.6632 -42.6547 21.8099 -28.3668 -47.8367 34.6438 -33.7489 -39.1578 -20.8898 -36.3217 1.1209 -28.7289 -47.8671 -16.4045 -19.3481 -48.4813 -25.1749 -35.8128 -35.7334 13.2907 -37.4794 14.9105 -39.3850 30.6194 -41.6701 31.3535 -43.1211 1.5004 -45.0313 -15.8962 -47.5988 -22.3208 -48.7424 -25.5185 -47.9806 -27.4878 -45.1576 -28.8300 -41.9697 -29.4073 -41.1174 -29.1763 -43.4204 -28.1159 -46.8958 -26.1660 -49.1009 -23.0972 -48.3892 -16.5963 -45.5132 15.7002 -42.0304 32.2951 -38.2769 15.8416 -34.6885 -15.3989 -28.7407 -49.0117 -15.6349 -43.2459 31.2079 -37.9051 2.7702 -34.1132 -15.5552 -35.8797 31.9531 -48.2047 -17.7827 -16.4014 -47.8826 -28.7384 1.1208 -36.3215 -20.8898 -39.1578 -33.7489 34.6438 -47.8367 -28.3668 21.8099 -42.6547 -25.6632 2.0071 -36.7335 -17.3659 -44.9877 -32.1256 32.8165 -48.1481 -27.6340
-48.0346 31.6786 -32.2280 -44.2455 -17.9262 -36.9495 3.1937 -25.7585 -42.8374 22.2822 -28.5559 -48.0218 34.0781 -33.5223 -39.7737 -20.6883 -36.3633 1.0902 -28.7278 -48.2344 -19.5981 -17.7949 -47.9017 -18.7462 -48.7416 -31.9081 -4.9656 -37.0546 16.1454 -39.3648 33.2730 -42.8055 2.8515 -46.5900 -20.6161 -48.7611 -26.8674 -43.9713 -30.7223 -21.2095 -33.4719 1.2706 -35.1085 9.0579 -36.0397 13.0755 -36.5422 14.9797 -36.6191 14.8861 -36.3005 12.7254 -35.5916 8.1535 -34.4426 -2.2523 -32.2978 -32.9412 -28.6088 -48.3899 -23.2165 -47.5340 -6.1199 -42.6159 32.7096 -37.8344 11.6595 -32.6441 -42.7202 -23.9811 -46.3034 35.1676 -38.6300 9.3899 -34.6317 -9.5790 -36.5247 32.0543 -48.1788 -16.9104 -14.0959 -48.2515 -28.7384 1.0894 -36.3630 -20.6883 -39.7737 -33.5223 34.0781 -48.0218 -28.5559 22.2822 -42.8374 -25.7585 3.1937 -36.9495 -17.9262 -44.2455 -32.2280 31.6786 -48.0346
19.5596 -31.9202 -43.4008 -18.4615 -37.1629 4.2501 -25.8511 -43.0360 22.8273 -28.7491 -48.2027 33.0676 -33.2871 -40.3061 -20.4335 -36.4706 1.1655 -28.2605 -47.8657 -19.2654 -17.9244 -47.9470 -19.0039 -48.7604 -30.6300 0.1551 -37.7376 24.4500 -41.2673 22.9981 -46.6083 -20.9788 -48.6219 -28.6872 -31.7633 -33.2130 3.5963 -36.1498 14.8146 -38.0768 23.4622 -39.6583 31.3804 -41.3104 35.4401 -42.4525 33.4931 -43.0266 30.6150 -43.0582 32.3021 -42.5445 35.3120 -41.4297 32.5955 -39.6480 24.2222 -37.0963 14.0018 -34.9349 -3.5447 -30.8956 -45.8929 -24.2531 -47.3939 6.9658 -40.8346 23.6495 -35.8192 -14.1568 -27.7508 -48.1686 20.0264 -39.0617 13.1029 -35.1058 -4.6777 -37.0496 31.7600 -48.1780 -16.8996 -14.0851 -47.8826 -28.2679 1.1638 -36.4705 -20.4335 -40.3061 -33.2871 33.0676 -48.2027 -28.7491 22.8273 -43.0360 -25.8511 4.2501 -37.1629 -18.4615 -43.4008 -31.9202 19.5596
-32.5556 -42.4457 -18.9692 -37.3775 5.2151 -25.9475 -43.2466 23.4291 -28.9337 -48.3674 31.5411 -33.0822 -40.5505 -20.2261 -36.6579 1.6506 -27.6373 -47.0226 -16.3735 -18.1557 -48.0478 -20.7066 -48.2301 -31.5921 8.4205 -38.8806 33.5108 -44.0334 -14.7147 -48.9359 -27.9095 -32.3495 -33.6263 7.8858 -37.3968 20.9181 -39.6232 33.0933 -42.3319 27.6748 -44.7058 -9.4073 -47.0114 -18.9867 -48.6553 -22.6918 -49.1695 -24.2615 -49.1476 -24.5432 -49.1897 -23.7192 -49.0695 -21.3919 -47.9686 -15.7993 -45.5232 9.8430 -42.5152 34.3968 -39.1855 19.2545 -35.6952 -2.2659 -30.1742 -48.4738 -19.5939 -44.5009 33.9821 -37.8612 3.9888 -29.6001 -48.7343 1.3957 -39.4659 14.7046 -35.3493 -2.0308 -37.3932 31.5542 -48.1782 -16.9060 -16.4010 -47.0062 -27.6402 1.6490 -36.6579 -20.2261 -40.5505 -33.0822 31.5411 -48.3674 -28.9337 23.4291 -43.2466 -25.9475 5.2151 -37.3775 -18.9692 -42.4457 -32.5556
-42.7385 -19.4437 -37.5904 6.1195 -26.0468 -43.4664 24.0745 -29.1018 -48.5052 29.4905 -32.9272 -40.4449 -20.1340 -36.9162 2.6496 -27.1270 -46.3481 14.5059 -19.9855 -48.1722 -21.5148 -47.3658 -32.5178 13.0231 -39.6148 34.2291 -46.5550 -22.8952 -45.9434 -31.8649 3.7131 -37.2348 21.5088 -40.1881 35.5809 -43.5725 -2.6830 -47.0136 -20.5746 -49.0877 -26.3577 -45.3789 -29.9227 -29.2717 -32.4690 -7.2823 -33.9043 1.3359 -34.4245 3.2237 -34.3363 0.7504 -33.6100 -9.7999 -31.8711 -34.2465 -28.7948 -47.7984 -24.1893 -48.2720 -12.5200 -43.8358 35.3044 -38.8680 15.6145 -33.8930 -34.6777 -25.7740 -47.2125 32.1256 -38.7131 9.6626 -30.5668 -48.7393 -3.4937 -39.6433 14.3501 -35.2911 -1.6752 -37.4487 31.7831 -48.1776 -17.7788 12.6595 -46.3029 -27.1266 2.6492 -36.9162 -20.1340 -40.4449 -32.9272 29.4905 -48.5052 -29.1018 24.0745 -43.4664 -26.0468 6.1195 -37.5904 -19.4437 -42.7385
-18.9387 -37.8016 6.9626 -26.1487 -43.6901 24.7540 -29.2574 -48.6134 27.0361 -32.8340 -40.0037 -20.1712 -37.2219 3.9992 -26.7962 -45.7955 33.8559 -25.7844 -48.6752 -22.6700 -47.1645 -32.8865 15.3699 -39.9135 19.3972 -48.0594 -26.9385 -30.0189 -34.7473 15.1581 -39.4695 34.3621 -43.4887 -6.4621 -47.8210 -23.3792 -47.9752 -29.2634 -29.2522 -33.2704 3.4320 -35.9327 14.1485 -37.6605 21.7003 -38.8918 27.5740 -40.0629 30.7563 -40.4513 30.9590 -40.1048 28.1455 -38.9091 22.2943 -37.2595 14.1253 -35.3444 0.1845 -31.7398 -42.6351 -25.7015 -48.2690 -6.5046 -41.9880 27.4545 -36.8244 -4.1371 -28.6264 -48.5093 14.7803 -38.9669 11.7236 -30.8739 -48.7385 0.3308 -39.5153 12.1365 -34.9462 -3.8756 -37.1625 32.0988 -48.2033 -21.6921 33.6183 -45.7683 -26.7955 3.9992 -37.2219 -20.1712 -40.0037 -32.8340 27.0361 -48.6134 -29.2574 24.7540 -43.6901 -26.1487 6.9626 -37.8016 -18.9387
-38.7104 7.7544 -26.2525 -43.9169 25.4527 -29.4033 -48.6992 24.2817 -32.8034 -39.2336 -20.3334 -37.5450 5.4328 -26.6169 -45.2316 32.4533 -30.9408 -46.8864 -27.2764 -45.9950 -32.9288 15.6359 -39.9569 4.3944 -48.5904 -29.0835 -6.4899 -37.0173 23.7933 -41.3135 18.9842 -47.0644 -22.4230 -47.8947 -29.9931 -17.9751 -34.5411 9.9466 -37.6101 21.7253 -39.7254 33.3679 -42.3401 28.6413 -44.3915 -4.7447 -46.0885 -14.5040 -47.1893 -16.8091 -47.3235 -15.7099 -46.5083 -9.4365 -44.8577 20.1884 -42.6083 34.3589 -39.5808 20.4545 -36.4134 2.0564 -31.0727 -47.3163 -21.4872 -45.4596 35.4161 -38.4167 6.4423 -29.9105 -48.7630 4.9111 -39.0349 11.2187 -30.5250 -48.7022 16.0314 -39.3237 7.8871 -34.3278 -9.1042 -36.5793 31.9991 -48.2819 -25.5589 32.7351 -45.2235 -26.6169 5.4328 -37.5450 -20.3334 -39.2336 -32.8034 24.2817 -48.6992 -29.4033 25.4527 -43.9169 -26.2525 7.7544 -38.7104
8.0979 -26.3445 -44.1442 26.1666 -29.5443 -48.7630 21.2223 -32.8177 -38.1422 -20.5964 -37.8547 6.7797 -26.5450 -44.8833 30.4897 -32.5455 -20.5605 -33.5727 -24.6074 -34.0729 13.9774 -39.8561 1.5891 -48.6397 -30.0353 3.0090 -38.3986 31.2413 -43.6046 -13.6806 -48.8983 -28.2752 -28.0947 -34.2385 10.5046 -38.1897 24.7746 -40.7757 35.5834 -43.9171 -5.6129 -47.2367 -20.8669 -49.1060 -26.0633 -46.5892 -28.8340 -40.0722 -30.3417 -34.9676 -30.5995 -37.1561 -29.5988 -44.1962 -27.2447 -48.8271 -22.9531 -47.9623 -10.2481 -43.9240 35.4119 -39.2712 16.5305 -34.5583 -30.1151 -26.4899 -47.6394 29.4380 -38.9456 10.0290 -30.4071 -48.7530 9.0343 -38.9804 8.2180 -29.5971 -48.2498 33.2226 -38.7738 -0.5487 -33.1193 -17.1996 -35.7663 31.2180 -48.4080 -27.3296 30.6019 -44.8825 -26.5450 6.7797 -37.8547 -20.5964 -38.1422 -32.8177 21.2223 -48.7630 -29.5443 26.1666 -44.1442 -26.3445 8.0979
-24.8218 -44.3713 26.8875 -29.6844 -48.8055 17.8963 -32.8528 -36.8061 -20.9196 -38.1391 7.9525 -26.5437 -44.7341 29.3057 -30.6361 -32.1086 -37.9227 17.0525 -36.7414 12.1187 -39.5932 10.4796 -48.6609 -30.2402 6.0474 -39.0123 35.2699 -45.5698 -21.1039 -47.1213 -31.6196 3.3856 -37.4663 22.5622 -40.6184 35.3628 -44.5641 -11.7384 -48.2522 -24.1088 -47.5512 -29.5649 -27.7738 -33.3585 2.0857 -35.6750 10.9103 -36.9290 14.8919 -37.4644 15.7490 -37.2735 13.4377 -36.3369 7.3923 -34.4625 -12.1212 -30.8349 -45.7885 -24.6937 -47.9160 -1.1111 -41.9171 26.8952 -37.1590 -3.7227 -28.8231 -48.5462 15.5145 -39.0228 10.5423 -30.1702 -48.6700 25.1740 -38.6562 1.3718 -27.7921 -46.8673 34.3252 -37.4673 -23.1837 -31.2476 -24.3587 -35.0186 29.4397 -48.5554 -28.2557 29.3098 -44.7340 -26.5437 7.9525 -38.1391 -20.9196 -36.8061 -32.8528 17.8963 -48.8055 -29.6844 26.8875 -44.3713 -24.8218
-44.6269 27.6088 -29.8206 -48.8265 14.3610 -32.8996 -35.2550 -21.2632 -38.4021 8.9496 -26.5874 -44.7332 28.7723 -28.8415 -48.3602 -16.4318 -17.8499 -42.7380 19.2132 -39.2717 29.1865 -48.4708 -29.7818 5.7930 -39.1567 35.6564 -46.7212 -24.4958 -39.5838 -33.9197 13.2730 -39.4528 33.9450 -43.5971 -8.2159 -48.1654 -24.5694 -46.4985 -30.6708 -13.7137 -34.8326 10.2233 -37.7683 20.8167 -39.6559 30.1901 -41.4423 35.3369 -42.6235 35.4195 -42.8964 35.6400 -42.2390 33.9140 -40.6028 25.7497 -38.7290 14.2925 -35.5687 -9.0052 -30.1182 -48.4535 -19.1425 -44.8950 34.5044 -38.5279 5.1865 -29.7936 -48.7317 11.0361 -38.8630 8.4053 -29.2721 -47.9602 35.4813 -37.6579 -18.6892 -24.3359 -44.5359 26.1017 -35.3215 -42.3601 -29.4893 -27.2275 -34.5402 26.4320 -48.6896 -28.8385 28.7741 -44.7332 -26.5874 8.9496 -38.4021 -21.2632 -35.2550 -32.8996 14.3610 -48.8265 -29.8206 27.6088 -44.6269
28.0772 -29.7458 -48.8214 10.6983 -32.9492 -33.4870 -21.6102 -38.6478 9.8271 -26.6568 -44.8267 28.7639 -29.2577 -48.7936 22.6632 -32.5493 -48.4527 33.9594 -39.1724 35.5697 -47.4146 -28.4512 1.8816 -38.9310 35.6229 -47.1181 -26.0520 -28.6197 -35.6036 19.6527 -40.5875 28.7022 -46.7494 -21.8358 -47.9400 -30.2354 -14.0686 -35.0983 11.9593 -38.4515 24.7981 -40.7708 35.6878 -43.5512 9.5016 -46.0008 -14.0199 -47.7979 -19.0937 -48.4909 -20.0549 -48.3499 -17.8209 -47.1918 -8.5996 -44.9579 31.6861 -41.8294 28.0142 -38.6956 10.4382 -33.2989 -41.0635 -24.5766 -46.8805 34.4727 -38.9542 8.3658 -30.0562 -48.7250 18.6576 -38.4893 2.6988 -27.5284 -46.1666 30.9383 -35.6491 -42.5030 -17.8432 -41.6401 16.6104 -32.9325 -47.6027 -28.6760 -27.2905 -34.2977 22.2343 -48.7884 -29.2568 28.7639 -44.8267 -26.6568 9.8271 -38.6478 -21.6102 -33.4870 -32.9492 10.6983 -48.8214 -29.7458 28.0772
-29.3101 -48.7885 7.1314 -32.9951 -31.5235 -21.9547 -38.8837 10.6161 -26.7420 -44.9718 29.0613 -29.5795 -48.8378 17.3487 -34.0424 -29.2468 -19.3040 -39.7874 30.8543 -45.0876 -25.5770 -11.2420 -38.1526 35.3297 -46.8150 -26.2268 -22.3966 -36.5324 24.1882 -41.8527 -3.7303 -48.4901 -27.2850 -33.6904 -33.9422 9.9229 -38.3468 25.0999 -41.0253 35.3074 -44.3956 -8.2358 -47.6936 -21.7484 -48.8460 -26.9825 -45.2768 -29.6795 -38.0489 -30.9080 -35.1645 -30.6334 -40.7323 -28.7802 -47.4775 -24.8379 -48.7047 -14.9009 -45.2358 35.0730 -40.2702 19.3150 -35.7634 -20.8428 -27.4983 -48.0070 26.1271 -38.8678 9.1852 -29.7350 -48.4944 31.4329 -37.6239 -14.6284 -24.0831 -43.3556 21.0356 -32.8563 -48.7807 5.9282 -39.4751 5.9518 -30.8344 -48.1964 -30.5054 -22.7835 -34.1301 17.2701 -48.8428 -29.5798 29.0613 -44.9718 -26.7420 10.6161 -38.8837 -21.9547 -31.5235 -32.9951 7.1314 -48.7885 -29.3101
-48.7257 3.7463 -33.0347 -29.3660 -22.2896 -39.1130 11.3508 -26.8374 -45.1475 29.5230 -29.8426 -48.8356 11.8389 -33.7322 -27.0925 -25.4458 -43.4102 34.1859 -42.2432 -19.8959 -37.4446 -36.4443 31.1904 -45.7092 -25.0338 -25.5166 -36.6777 26.3728 -42.9980 -14.2583 -48.7419 -30.2186 -3.6917 -36.8837 20.4275 -40.2740 35.7446 -44.4074 -10.5660 -48.1542 -23.7868 -47.8134 -29.3899 -31.5922 -33.2222 -1.4778 -35.6102 8.0713 -36.7943 11.2317 -37.0955 10.5669 -36.4607 5.4372 -34.6790 -14.4504 -31.0558 -45.7648 -24.7630 -47.9830 -1.8260 -42.2075 27.7044 -37.5039 -1.6137 -29.0466 -48.5555 14.7145 -38.4492 8.2446 -28.9176 -47.6160 35.1568 -35.8031 -41.3299 -16.9436 -40.2826 10.5911 -29.5472 -47.5551 35.4192 -37.7175 -17.5847 -31.9296 -25.3341 -32.6645 -22.6805 -33.9010 12.1003 -48.8435 -29.8429 29.5231 -45.1475 -26.8374 11.3508 -39.1130 -22.2896 -29.3660 -33.0347 3.7463 -48.7257
-6.3407 -33.1343 -27.0383 -22.6142 -39.3393 12.0479 -26.9398 -45.3399 30.0779 -30.0674 -48.7865 6.8644 -33.5527 -25.7901 -30.2976 -48.7453 -8.1235 -42.3838 -5.5589 -48.3138 -33.7242 23.0695 -43.6555 -22.0449 -36.1499 -36.0202 25.7937 -43.2909 -17.2006 -47.9713 -31.7807 7.3734 -38.7622 30.2427 -42.6649 -0.8666 -47.7219 -23.6970 -47.3285 -30.1969 -20.2137 -34.3883 7.3333 -37.2598 17.0479 -39.2204 24.6677 -40.1918 29.8025 -40.9373 31.0852 -40.7503 28.2381 -39.8909 21.2826 -38.2993 11.2514 -35.0814 -16.6978 -29.6626 -48.6271 -18.9693 -44.9081 35.0968 -38.3304 7.0283 -29.9161 -48.7637 7.3166 -37.9035 5.0485 -27.5947 -45.7153 27.9270 -33.0217 -48.9456 17.1805 -37.9951 -11.4361 -24.3032 -44.0792 23.2574 -36.0737 -2.5607 -38.4740 34.5538 -26.7848 -26.7402 -33.7474 7.0790 -48.7913 -30.0673 30.0779 -45.3399 -26.9398 12.0479 -39.3393 -22.6142 -27.0383 -33.1343 -6.3407
-34.6049 -24.5634 -22.9253 -39.5665 12.7224 -27.0478 -45.5421 30.6772 -30.2637 -48.7563 2.6047 -33.5130 -26.0162 -28.9096 -23.9968 -29.1334 -48.0407 -3.4123 -47.5081 -30.3560 13.3225 -41.0320 -15.3665 -45.7787 -34.5213 22.4288 -42.6847 -16.9910 -47.4120 -32.5835 11.8935 -39.6927 35.7633 -45.4593 -18.8963 -48.6531 -29.3719 -21.6946 -34.5908 10.1289 -37.9808 22.0975 -39.9302 33.2700 -42.4462 31.8254 -44.2286 5.1543 -45.3705 -6.4118 -45.7258 -4.3025 -45.0648 17.4441 -43.4760 35.7009 -40.7734 24.6427 -37.9411 9.0112 -33.0806 -39.9848 -25.4974 -47.4244 24.4119 -38.8145 12.4411 -30.4885 -48.8383 9.2779 -37.3620 -4.1778 -24.9769 -42.6710 17.0523 -29.7667 -47.1781 32.3170 -35.3058 -45.8994 -12.0609 -40.5962 11.3963 -36.5353 28.5313 -49.2791 -37.3003 -22.9814 -23.6201 -33.6179 2.6466 -48.7579 -30.2637 30.6772 -45.5421 -27.0478 12.7224 -39.5665 -22.9253 -24.5634 -34.6049
-25.0641 -23.2151 -39.7915 13.3887 -27.1597 -45.7499 31.2949 -30.4371 -48.7601 -0.9145 -33.6280 -22.0839 -23.9425 -22.2886 -36.8561 -12.0879 -24.3926 -46.4683 -25.4879 -3.7973 -38.7937 16.0169 -48.9568 -32.2398 16.6746 -41.1660 -13.2501 -48.0525 -32.5713 13.5228 -40.0886 30.9549 -47.2941 -24.5177 -42.6875 -32.8410 6.9284 -37.8697 23.2555 -40.5725 35.7023 -43.6803 -2.3405 -46.7143 -19.1882 -48.8354 -24.2843 -48.5995 -26.4916 -47.5805 -27.0027 -47.8907 -25.8461 -48.9741 -22.3995 -47.9456 -12.5598 -44.5436 34.3935 -40.3038 22.1637 -36.2109 -2.7319 -29.3007 -48.9576 -9.6376 -39.9312 15.9694 -30.5598 -48.8908 25.4930 -36.2701 -32.5675 -18.9236 -39.0157 2.4046 -24.8003 -42.7425 17.1460 -31.2365 -48.4314 35.3216 -38.3020 8.4437 -39.1717 -19.8897 13.3128 -39.5361 -23.2366 -21.9364 -33.6337 -0.9198 -48.7601 -30.4371 31.2949 -45.7499 -27.1597 13.3887 -39.7915 -23.2151 -25.0641
-21.7275 -40.0143 14.0404 -27.2745 -45.9593 31.9099 -30.5971 -48.7375 -3.7174 -33.8451 -19.9698 -23.4250 -39.3065 -38.1630 30.8634 -34.3227 -48.5598 -21.4459 -44.7053 -35.8953 33.5470 -47.2250 -29.0805 8.2926 -39.7087 2.1738 -48.7644 -31.7124 12.4717 -40.0896 23.6514 -48.1402 -27.3744 -25.3121 -35.4007 16.6438 -39.8456 35.2731 -43.9368 -9.6899 -48.0661 -23.9455 -47.8515 -28.9801 -33.1485 -32.3830 -5.1787 -34.2970 4.3518 -34.9897 6.0172 -34.8440 2.2798 -33.6603 -15.1719 -30.8406 -43.7940 -26.0571 -48.8712 -16.2661 -44.3618 35.3988 -38.5168 13.4595 -31.8629 -47.3276 -17.7419 -40.8529 16.2519 -29.7899 -48.1696 34.9875 -33.8716 -48.4357 14.0078 -35.6004 -42.3493 -11.7892 -38.8678 -1.8671 -25.1903 -44.2527 23.1542 -36.7521 18.4197 -44.4933 -26.9111 13.2713 -39.7396 -23.4448 -19.9838 -33.8443 -3.7219 -48.7375 -30.5971 31.9099 -45.9593 -27.2745 14.0404 -40.0143 -21.7275
-40.6808 14.6795 -27.3915 -46.1691 32.5024 -30.7460 -48.6802 -5.9661 -34.0926 -17.8458 -23.6500 -39.9538 14.3978 -25.2388 -40.8144 1.2771 -26.2326 -48.6636 -31.6112 18.3768 -43.0898 -23.4585 -15.5893 -38.2020 34.3533 -48.2279 -30.0384 8.3859 -39.7302 26.4161 -48.3061 -28.5364 -9.3164 -37.1488 23.9330 -41.4956 15.7360 -47.3288 -23.3646 -47.0294 -30.6669 -7.6908 -34.7723 12.8703 -36.6462 22.7899 -39.0683 30.1704 -40.4601 33.3199 -40.8116 32.8138 -40.1276 28.2705 -38.2494 19.5739 -35.7003 7.2091 -32.5399 -36.5074 -26.6282 -48.5998 -8.7473 -41.3293 23.0895 -33.7714 -43.6193 -18.7687 -40.2050 11.7537 -28.0028 -45.4064 23.8277 -30.3354 -47.2310 29.0391 -31.8187 -48.4582 34.9167 -35.5375 -45.8354 -10.1955 -40.1445 9.3302 -36.4044 31.0986 -45.7545 -28.0765 13.2322 -39.7991 -23.6573 -17.7669 -34.0943 -5.9662 -48.6802 -30.7460 32.5024 -46.1691 -27.3915 14.6795 -40.6808
15.2939 -27.4387 -46.3768 33.0587 -30.8873 -48.5881 -7.8171 -34.3511 -15.5715 -23.8706 -40.1919 14.5380 -27.2947 -45.5300 23.8873 -33.1918 -48.6997 -27.2004 -1.6132 -39.1637 -6.8095 -46.9179 -35.1028 29.0984 -45.8640 -26.7984 -2.2199 -38.8710 34.6910 -47.9059 -28.3576 -5.2874 -37.9654 28.9643 -43.2592 -12.2295 -48.8517 -28.5896 -22.1092 -34.7828 15.4252 -38.3997 33.5030 -42.0957 6.4442 -45.3168 -16.3885 -47.7104 -20.5064 -48.6048 -21.2996 -48.4925 -19.9189 -47.2651 -14.3512 -44.6577 23.5341 -40.9823 27.5648 -36.8732 7.9504 -31.6733 -46.2691 -21.1578 -44.0614 28.0735 -34.1885 -45.6043 -13.3982 -38.3789 -1.8769 -23.5293 -40.6840 8.2024 -24.9462 -41.4476 9.7955 -25.8249 -43.0975 16.8795 -30.6314 -47.7606 34.8341 -37.7070 5.6186 -38.3620 24.3078 -48.7179 -32.1410 15.2873 -40.0552 -23.8671 -15.4410 -34.3542 -7.8172 -48.5881 -30.8873 33.0587 -46.3768 -27.4387 15.2939
-26.2611 -46.5808 33.5610 -31.0263 -48.4588 -9.3613 -34.6152 -13.2315 -24.0960 -40.4413 15.0422 -28.1296 -46.2479 35.7163 -37.8258 -20.3508 -27.6969 -45.2980 -35.5512 34.0491 -47.7646 -30.6540 15.2928 -41.9816 -20.1779 -34.9247 -36.9302 33.2515 -46.5430 -26.7183 -11.0131 -37.9107 30.7506 -44.3636 -18.2887 -48.1134 -31.2674 3.5386 -37.6880 28.4376 -42.0902 -10.2881 -48.2849 -24.8584 -45.5790 -29.6757 -19.7299 -32.1577 -0.6721 -32.9650 2.4117 -32.8693 -2.3370 -31.8090 -25.4506 -28.8733 -48.1592 -22.7721 -46.6885 23.8401 -40.3559 20.2806 -34.8979 -33.4884 -23.8898 -44.5018 25.6581 -32.7079 -49.0717 25.0586 -35.6809 -43.8149 -7.1304 -36.0252 -40.8366 -7.8896 -35.9969 -41.0010 -10.2453 -38.2299 -12.1666 -22.6358 -42.7818 17.8468 -37.1678 23.0609 -44.4402 -24.9514 -22.7802 -37.0107 20.9896 -40.1516 -24.0988 -13.1794 -34.6166 -9.3613 -48.4588 -31.0263 33.5610 -46.5808 -26.2611
-46.6393 33.9784 -31.1583 -48.2876 -10.6886 -34.8801 -10.9288 -24.3195 -40.6802 15.6099 -30.2915 -48.1691 0.8211 -41.2636 16.3711 -33.7270 -47.1537 -31.2370 15.0668 -42.5785 -23.5098 -7.4317 -38.6075 9.1107 -48.6955 -33.6373 22.8956 -43.8747 -22.9098 -29.9536 -36.9167 29.0671 -44.4164 -19.9119 -46.3079 -32.7384 10.5794 -39.2308 35.6120 -45.7159 -23.6781 -43.0138 -31.6823 10.2605 -35.4961 24.9394 -39.1503 33.7716 -41.0575 34.0231 -41.5285 34.1942 -40.8825 33.1850 -38.7454 21.7260 -35.2255 -3.8428 -29.3968 -49.0447 -13.1670 -42.9661 26.6623 -36.2038 -32.2645 -22.0450 -42.4612 16.7405 -29.7140 -46.8899 28.2340 -31.6327 -48.0562 31.2369 -31.5811 -47.6183 28.6637 -31.4746 -47.6458 31.3215 -34.1908 -48.8773 18.5141 -38.8096 11.7565 -39.2204 -6.1934 -46.1230 -35.3176 18.1028 -39.8351 33.3354 -40.1415 -24.3254 -10.9247 -34.8801 -10.6886 -48.2876 -31.1583 33.9784 -46.6393
31.2598 -30.9809 -48.0735 -11.8602 -35.1431 -8.7287 -24.5355 -40.9124 16.4536 -31.0889 -44.3519 -26.6089 -47.9408 34.2146 -39.1041 -8.5090 -30.4509 -21.7106 -37.6794 8.2054 -48.0805 -34.9762 31.2953 -46.8284 -29.1677 10.6916 -40.8041 -13.8716 -45.8611 -34.8341 23.7879 -43.3559 -18.7006 -46.0846 -33.3162 13.4470 -40.0115 32.7819 -47.4205 -27.2735 -9.4293 -35.4317 31.3719 -42.2774 -11.5774 -47.4831 -21.9423 -49.3867 -25.0002 -48.4911 -25.8285 -48.5973 -24.8007 -49.3871 -21.0225 -46.2882 33.5881 -38.9010 9.7949 -31.8683 -47.7448 -17.4485 -43.7147 25.6166 -35.1300 -45.1233 -12.6217 -39.4301 0.3517 -23.7720 -41.2988 9.5671 -25.2728 -41.6200 8.6931 -23.9450 -40.7647 4.1405 -23.2021 -41.4779 9.8327 -27.4222 -45.1815 25.8734 -37.7061 25.1692 -45.7555 -28.7903 11.0820 -40.7018 1.0085 -48.6476 33.9208 -40.6702 -24.5362 -8.7287 -35.1431 -11.8602 -48.0735 -30.9809 31.2598
-31.0530 -47.8144 -12.8918 -35.4027 -6.6657 -24.7405 -41.1502 17.2581 -29.2849 -47.5686 -35.0200 -11.3252 -25.6772 -45.0991 22.9967 -33.8778 -44.6846 -33.9609 26.2762 -45.9358 -28.9273 12.9839 -42.0121 -21.3369 -22.3393 -37.9586 31.1592 -48.9033 -31.7912 15.7003 -41.4472 -13.1523 -47.8632 -32.9013 13.5284 -40.3702 29.6168 -47.8656 -28.0677 -0.9434 -37.1737 24.0340 -48.1370 -26.4718 -28.7491 -31.8084 9.9219 -34.0789 18.0620 -35.6396 20.3930 -35.5595 17.6057 -33.8501 4.9963 -29.3456 -48.9362 26.3441 -39.9160 10.4639 -32.4334 -47.9932 -13.8152 -42.3707 17.7795 -32.0275 -48.8927 34.9854 -35.7676 -46.1717 1.6306 -35.9302 -42.4278 -3.5249 -35.0984 -46.9504 19.5231 -34.4564 -48.5633 25.1257 -36.1461 -41.9664 -12.9928 -40.1405 13.0723 -38.0734 -3.4493 -43.6934 -36.5331 31.3923 -49.0099 -31.0292 -25.1423 17.2182 -41.1494 -24.7405 -6.6657 -35.4027 -12.8918 -47.8144 -31.0530
-47.9123 -13.8155 -35.6561 -4.7647 -24.9327 -41.3889 17.9049 -28.0172 -46.4011 -22.9348 17.5283 -36.1260 -45.8787 -0.3738 -37.9314 -20.0385 -30.9916 2.9801 -40.3189 -17.6862 -31.2731 -37.4320 23.4338 -49.0053 -33.9611 26.3957 -45.5278 -27.0267 3.2160 -39.5123 14.9480 -48.8959 -31.4825 10.7041 -40.2377 31.7512 -47.7776 -27.6305 -6.5931 -37.5731 23.9394 -49.1854 -30.2356 15.0839 -37.8711 33.8478 -43.4210 -12.6247 -46.5176 -17.9345 -47.4473 -17.7600 -46.3185 -9.5699 -40.7378 11.4106 -28.3959 -47.5012 35.7955 -39.5710 5.0897 -30.7692 -48.8656 17.4824 -40.0089 3.3921 -26.1577 -44.3318 19.9430 -30.5191 -46.6391 26.5588 -31.1792 -46.6600 24.3210 -29.5991 -44.8369 18.2998 -28.2360 -44.4153 19.5921 -30.8144 -47.4762 32.9697 -37.5538 16.8640 -42.9796 -25.9489 11.1663 -42.8986 -24.3739 12.0900 -47.3394 -28.0730 17.9012 -41.3889 -24.9327 -4.7647 -35.6561 -13.8155 -47.9123
-15.2354 -35.9011 -3.0417 -25.1115 -41.6243 18.5837 -28.1628 -47.4132 34.7171 -28.4159 -42.3460 11.0823 -26.5587 -43.9059 16.8354 -31.1771 -44.7812 -35.3584 34.9299 -48.6307 -32.5740 23.7104 -45.1712 -27.5502 8.8918 -40.9840 -17.0506 -38.9598 -36.8154 34.5564 -47.3032 -28.6213 3.3281 -39.4928 35.6367 -47.2742 -26.3562 -20.3370 -37.1619 34.9553 -48.0294 -30.0001 22.3107 -43.2152 -19.7179 -49.0718 -28.8346 -9.4868 -31.4342 7.0612 -31.9687 6.3868 -31.5062 -15.1298 -11.1741 -37.1699 -31.0042 -21.3581 -44.4093 27.6160 -37.7948 -18.8673 -25.5985 -46.3005 31.6444 -36.3239 -44.2283 -10.2587 -39.0590 -8.1570 -21.2272 -40.4948 0.7578 -21.4795 -39.4551 -13.2920 -17.0549 -37.5274 -33.4009 -13.0964 -38.1663 -18.4234 -20.4740 -41.6808 13.0615 -36.6327 33.9205 -48.7578 -32.0997 32.4327 -48.4307 -30.5238 34.5814 -47.4022 -28.1645 18.5837 -41.6243 -25.1115 -3.0417 -35.9011 -15.2354
-37.0601 -1.4867 -25.2743 -41.8599 19.2581 -28.2816 -47.5704 34.6533 -31.8352 -46.6705 33.7879 -33.4788 -49.2554 34.7338 -34.1534 -47.0331 -29.7828 11.8234 -42.3216 -23.5627 -0.7293 -39.7201 -14.0204 -40.3005 -36.7542 34.8427 -48.8854 -32.3968 19.7570 -43.3484 -22.7598 -24.8665 -37.7182 32.9438 -46.0073 -24.0886 -33.8049 -36.1176 25.8630 -44.5455 -26.1906 10.5459 -42.0473 -30.8866 -16.1052 -39.7367 26.3295 -42.7687 16.4162 -45.1263 -8.9827 -44.9087 27.1681 -41.1740 -25.9907 0.2224 -34.8461 -48.7676 -12.6928 -41.5363 14.4287 -33.9056 -47.6694 -11.1058 -41.9394 13.0395 -30.0969 -47.2871 31.3648 -34.2282 -49.2478 34.3572 -34.3913 -49.3173 34.8823 -32.8115 -48.3549 29.7691 -31.6758 -47.2702 28.5240 -33.1398 -48.9423 35.2877 -37.5050 0.4016 -36.7450 -9.9692 -42.7653 -34.7186 3.1403 -48.1379 -31.2965 34.6438 -47.5695 -28.2807 19.2581 -41.8599 -25.2743 -1.4867 -37.0601
-1.4611 -25.4328 -42.0925 19.9380 -28.4030 -47.7338 34.4381 -31.7431 -46.7113 -16.6451 -36.1348 -31.5541 -16.1763 -37.3126 -23.4938 -26.3560 -43.1845 -36.2255 28.2144 -49.0095 -34.6721 32.8751 -47.8349 -31.3451 19.1231 -43.6859 -25.2205 0.5961 -39.3952 -2.6795 -47.9072 -34.4347 22.9077 -43.5329 -19.6427 -43.6087 -34.7393 18.5062 -41.6791 -17.5412 -36.5702 -36.4197 -12.7649 -28.7130 -40.8968 28.4662 -44.1545 -16.8555 -48.6274 -29.0369 -48.6291 -27.9489 -48.2594 -18.5778 -47.2643 -30.6780 -48.5800 -21.8708 -46.7134 30.2588 -37.9211 -16.5122 -26.1831 -46.6256 34.1730 -37.5522 -33.5093 -18.6460 -41.4480 8.4259 -26.0434 -43.1262 13.8815 -26.3433 -42.2457 8.6778 -23.1175 -40.4591 -1.8653 -20.8462 -40.3008 1.4058 -23.9009 -42.8647 15.5389 -34.8500 5.2387 -38.8125 -22.1190 -12.0432 -35.8302 -14.0736 -46.7498 -31.7435 34.4467 -47.7331 -28.4021 19.9380 -42.0925 -25.4328 -1.4611
