-32.1342 -46.4624 -17.0283 -37.7648 3.3399 -24.1497 -43.5524 24.6803 -28.4476 -48.4715 4.6618 -33.3252 -36.1077 -20.4397 -39.6646 11.8103 -25.5129 -45.6476 30.6742 -30.1655 -48.7242 -11.8484 -35.8888 -11.8015 -22.7745 -41.6963 18.6158 -27.0219 -47.4939 27.4147 -31.9058 -45.8029 -17.5248 -37.9930 4.6501 -24.3099 -43.8158 25.5361 -28.6562 -48.5368 1.2826 -33.5479 -33.8272 -20.7757 -39.9098 12.6789 -25.6876 -45.8888 31.0944 -31.2728 -39.4254 -31.2728 31.0945 -45.8888 -25.6876 12.6789 -39.9098 -20.7757 -33.8272 -33.5479 1.2826 -48.5368 -28.6562 25.5361 -43.8158 -24.3099 4.6501 -37.9930 -17.5248 -45.8029 -31.9058 27.4147 -47.4939 -27.0219 18.6158 -41.6963 -22.7745 -11.8015 -35.8888 -11.8484 -48.7242 -30.1655 30.6742 -45.6476 -25.5129 11.8103 -39.6646 -20.4397 -36.1077 -33.3252 4.6618 -48.4715 -28.4476 24.6803 -43.5524 -24.1497 3.3399 -37.7648 -17.0283 -46.4624 -32.1342
-46.4624 -16.9597 -36.7795 3.2696 -25.8495 -43.1983 23.9168 -29.1022 -48.6931 21.1982 -32.3008 -35.6745 -21.5228 -38.8773 11.3307 -26.8675 -45.4903 31.1331 -30.3654 -48.6826 -7.7998 -34.5459 -11.5064 -24.4969 -41.1431 17.8832 -28.0213 -47.5312 34.4813 -31.5333 -45.6118 -17.3846 -36.9867 4.4230 -25.9621 -43.4812 24.7993 -29.2601 -48.7691 17.1888 -32.4174 -33.3632 -21.9736 -39.1532 12.1682 -26.9999 -45.7571 31.9216 -30.4793 -48.6611 -21.2120 -48.6611 -30.4790 31.9215 -45.7571 -26.9999 12.1682 -39.1532 -21.9736 -33.3632 -32.4174 17.1888 -48.7691 -29.2601 24.7993 -43.4812 -25.9621 4.4230 -36.9867 -17.3846 -45.6118 -31.5333 34.4813 -47.5312 -28.0213 17.8832 -41.1431 -24.4969 -11.5064 -34.5459 -7.7998 -48.6826 -30.3654 31.1331 -45.4903 -26.8675 11.3307 -38.8773 -21.5228 -35.6745 -32.3008 21.1982 -48.6931 -29.1022 23.9168 -43.1983 -25.8495 3.2696 -36.7795 -16.9597 -46.4624
-17.0283 -36.7795 2.8611 -25.7726 -43.0106 23.2832 -29.1421 -48.6115 24.1009 -32.7056 -37.3200 -21.1553 -38.6600 10.6539 -26.7962 -45.2708 30.4651 -30.4862 -48.7356 -6.0714 -34.2613 -14.0046 -24.2714 -40.9161 17.2388 -28.0002 -47.3534 34.6975 -31.7794 -46.1904 -16.7780 -36.7807 3.4316 -25.8554 -43.2518 24.0906 -29.3041 -48.7128 20.5024 -32.8032 -35.2202 -21.6266 -38.9344 11.5058 -26.9345 -45.5394 31.2904 -30.6617 -48.6555 -6.2831 -36.2087 -6.2860 -48.6551 -30.6584 31.2927 -45.5405 -26.9345 11.5058 -38.9344 -21.6266 -35.2202 -32.8032 20.5024 -48.7128 -29.3041 24.0906 -43.2518 -25.8554 3.4316 -36.7807 -16.7780 -46.1904 -31.7794 34.6975 -47.3534 -28.0002 17.2388 -40.9161 -24.2714 -14.0046 -34.2613 -6.0714 -48.7356 -30.4862 30.4651 -45.2708 -26.7962 10.6539 -38.6600 -21.1553 -37.3200 -32.7056 24.1009 -48.6115 -29.1421 23.2832 -43.0106 -25.7726 2.8611 -36.7795 -17.0283
-37.7648 3.2696 -25.7726 -42.9314 22.8684 -29.0479 -48.5265 26.4283 -32.6333 -38.7831 -20.7622 -38.4408 9.9519 -26.6855 -45.0496 29.7724 -30.3502 -48.7590 -4.0731 -33.9715 -16.6086 -24.0307 -40.6865 16.5884 -27.8777 -47.1690 34.7155 -31.6627 -46.6921 -16.1258 -36.5713 2.3456 -25.7573 -43.0229 23.3893 -29.1694 -48.6363 23.4447 -32.7322 -36.9091 -21.2548 -38.7172 10.8334 -26.8225 -45.3225 30.6313 -31.1048 -48.7236 -6.7857 -34.3318 7.2423 -34.3350 -6.7002 -48.7263 -30.5190 30.6238 -45.3219 -26.8222 10.8334 -38.7172 -21.2548 -36.9091 -32.7322 23.4447 -48.6363 -29.1694 23.3893 -43.0229 -25.7573 2.3456 -36.5713 -16.1258 -46.6921 -31.6627 34.7155 -47.1690 -27.8777 16.5884 -40.6865 -24.0307 -16.6086 -33.9715 -4.0731 -48.7590 -30.3502 29.7724 -45.0496 -26.6855 9.9519 -38.4408 -20.7622 -38.7831 -32.6333 26.4283 -48.5265 -29.0479 22.8684 -42.9314 -25.7726 3.2696 -37.7648
3.3399 -25.8495 -43.0106 22.8684 -29.0132 -48.4712 27.9562 -32.5724 -39.9729 -20.3756 -38.2260 9.2309 -26.5770 -44.8281 29.0697 -30.2091 -48.7542 -1.7139 -33.6789 -19.2503 -23.7766 -40.4548 15.9322 -27.7564 -46.9795 34.5921 -31.5417 -47.1236 -15.4249 -36.3522 1.1477 -25.6583 -42.7943 22.6969 -29.0327 -48.5410 26.0465 -32.6551 -38.4342 -20.8665 -38.5018 10.1491 -26.7119 -45.1087 29.9455 -32.0492 -46.8068 -14.9103 -33.0900 -19.3627 -29.5246 -18.7737 -34.0311 -4.5054 -48.7562 -30.3807 29.9367 -45.1018 -26.7113 10.1490 -38.5018 -20.8665 -38.4342 -32.6551 26.0465 -48.5410 -29.0327 22.6969 -42.7943 -25.6583 1.1477 -36.3522 -15.4249 -47.1236 -31.5417 34.5921 -46.9795 -27.7564 15.9322 -40.4548 -23.7766 -19.2503 -33.6789 -1.7139 -48.7542 -30.2091 29.0697 -44.8281 -26.5770 9.2309 -38.2260 -20.3756 -39.9729 -32.5724 27.9562 -48.4712 -29.0132 22.8684 -43.0106 -25.8495 3.3399
-24.1497 -43.1983 23.2832 -29.0479 -48.4712 28.4799 -32.5332 -40.7817 -20.0474 -38.0339 8.5280 -26.4747 -44.6114 28.3698 -30.0665 -48.7609 1.0257 -33.3854 -21.8482 -23.5120 -40.2244 15.2784 -27.6350 -46.7848 34.3483 -31.4212 -47.4908 -14.6699 -36.1200 -0.1707 -25.5482 -42.5665 22.0140 -28.8960 -48.4305 28.2574 -32.5724 -39.8074 -20.4602 -38.2871 9.4462 -26.6026 -44.8871 29.2469 -32.3845 -40.4917 -29.4786 -22.2942 -44.9426 -21.4956 -42.8024 -23.7727 -18.0329 -33.7706 -2.2705 -48.7576 -30.2380 29.2380 -44.8809 -26.6025 9.4461 -38.2872 -20.4589 -39.8098 -32.5706 28.2574 -48.4305 -28.8960 22.0140 -42.5665 -25.5482 -0.1707 -36.1200 -14.6699 -47.4908 -31.4212 34.3483 -46.7848 -27.6350 15.2784 -40.2244 -23.5120 -21.8482 -33.3854 1.0257 -48.7609 -30.0665 28.3698 -44.6114 -26.4747 8.5280 -38.0339 -20.0474 -40.7817 -32.5332 28.4799 -48.4712 -29.0479 23.2832 -43.1983 -24.1497
-43.5524 23.9168 -29.1421 -48.5265 27.9562 -32.5332 -41.0794 -19.8504 -37.8956 7.9345 -26.3887 -44.4131 27.7063 -29.9261 -48.7977 4.1895 -33.1818 -24.3510 -23.2372 -39.9953 14.6251 -27.5122 -46.5817 33.9964 -31.3048 -47.7971 -13.8601 -35.8720 -1.6551 -25.4184 -42.3419 21.3474 -28.7603 -48.3060 30.0894 -32.4847 -41.0374 -20.0343 -38.0696 8.7081 -26.4972 -44.6616 28.5880 -31.3416 -43.2875 -33.9976 19.8610 -45.4533 10.8102 -40.3085 25.8125 -40.1107 -23.5981 -21.0133 -33.4801 0.4442 -48.7595 -30.0885 28.5432 -44.6638 -26.4927 8.7503 -38.0823 -20.0412 -41.0485 -32.4825 30.0894 -48.3060 -28.7603 21.3474 -42.3419 -25.4184 -1.6551 -35.8720 -13.8601 -47.7971 -31.3048 33.9964 -46.5817 -27.5122 14.6251 -39.9953 -23.2372 -24.3510 -33.1818 4.1895 -48.7977 -29.9261 27.7063 -44.4131 -26.3887 7.9345 -37.8956 -19.8504 -41.0794 -32.5332 27.9562 -48.5265 -29.1421 23.9168 -43.5524
24.6803 -29.1022 -48.6115 26.4283 -32.5724 -40.7817 -19.8504 -37.8453 7.5895 -26.3299 -44.2580 27.1469 -29.7963 -48.8230 7.6033 -33.1188 -26.7428 -22.9509 -39.7674 13.9708 -27.3882 -46.3702 33.5485 -31.1946 -48.0490 -12.9904 -35.6087 -3.3376 -25.2690 -42.1216 20.6999 -28.6236 -48.1694 31.5696 -32.3948 -42.1328 -19.5884 -37.8456 7.9157 -26.3973 -44.4486 27.9024 -30.0198 -48.7286 -27.2267 -17.0892 -37.5977 21.4087 -38.2039 12.4918 -35.1014 14.5985 -39.9186 -23.3308 -23.4374 -33.2716 3.6674 -48.7648 -29.9883 27.6792 -44.3498 -26.7728 8.5941 -37.7485 -19.6249 -42.1460 -32.3940 31.5696 -48.1694 -28.6236 20.6999 -42.1216 -25.2690 -3.3376 -35.6087 -12.9904 -48.0490 -31.1946 33.5485 -46.3702 -27.3882 13.9708 -39.7674 -22.9509 -26.7428 -33.1188 7.6033 -48.8230 -29.7963 27.1469 -44.2580 -26.3299 7.5895 -37.8453 -19.8504 -40.7817 -32.5724 26.4283 -48.6115 -29.1022 24.6803
-28.4476 -48.6931 24.1009 -32.6333 -39.9729 -20.0474 -37.8956 7.5895 -26.3085 -44.1722 26.7682 -29.6909 -48.8256 10.8616 -33.0992 -28.9089 -22.6602 -39.5446 13.3254 -27.2615 -46.1509 33.0157 -31.0953 -48.2486 -12.0771 -35.3285 -5.2550 -25.0996 -41.9073 20.0751 -28.4813 -48.0192 32.7474 -32.3122 -43.0893 -19.1286 -37.6145 7.0608 -26.3003 -44.2525 27.2284 -29.6942 -48.6442 -15.2299 -48.7330 -33.0771 7.0038 -37.1817 0.9492 -32.9064 -45.3069 -30.0399 13.6506 -39.7800 -23.0620 -25.6760 -33.1006 5.4582 -49.0610 -29.9942 8.2052 -30.8179 -33.5336 11.1438 -37.4212 -19.1850 -43.0969 -32.3137 32.7497 -48.0189 -28.4811 20.0751 -41.9073 -25.0996 -5.2550 -35.3285 -12.0771 -48.2486 -31.0953 33.0157 -46.1509 -27.2615 13.3254 -39.5446 -22.6602 -28.9089 -33.0992 10.8616 -48.8256 -29.6909 26.7682 -44.1722 -26.3085 7.5895 -37.8956 -20.0474 -39.9729 -32.6333 24.1009 -48.6931 -28.4476
-48.4715 21.1982 -32.7056 -38.7831 -20.3756 -38.0339 7.9345 -26.3299 -44.1722 26.6323 -29.6291 -48.8173 13.5220 -33.0855 -30.7018 -22.3813 -39.3361 12.6966 -27.1341 -45.9205 32.3900 -31.0129 -48.4024 -11.1354 -35.0230 -7.5141 -24.9069 -41.7020 19.4809 -28.3287 -47.8500 33.6671 -32.2557 -43.8925 -18.6715 -37.3683 6.1001 -26.2110 -43.0398 26.6021 -29.5932 -48.7421 9.3933 -42.3572 -21.6273 2.8711 -39.0025 13.0447 -35.0187 -43.7015 -22.7164 -47.2141 -27.5630 13.2836 -39.5023 -22.6984 -29.3160 -33.2037 27.0807 -47.6494 -20.8505 -46.5755 33.6769 -38.3316 10.5777 -37.1897 -18.7244 -43.8864 -32.2641 33.6723 -47.8496 -28.3274 19.4809 -41.7020 -24.9069 -7.5141 -35.0230 -11.1354 -48.4024 -31.0129 32.3900 -45.9205 -27.1341 12.6966 -39.3361 -22.3813 -30.7018 -33.0855 13.5220 -48.8173 -29.6291 26.6323 -44.1722 -26.3299 7.9345 -38.0339 -20.3756 -38.7831 -32.7056 21.1982 -48.4715
4.6618 -32.3008 -37.3200 -20.7622 -38.2260 8.5280 -26.3887 -44.2580 26.7682 -29.6291 -48.8109 14.9968 -33.0825 -32.0021 -22.1416 -39.1569 12.1179 -27.0152 -45.6884 31.7052 -30.9497 -48.5168 -10.1929 -34.6877 -10.2038 -24.6891 -41.5190 18.9542 -28.1568 -47.6528 34.3415 -32.2589 -44.5052 -18.2598 -37.0938 4.9363 -26.1346 -42.1510 1.6968 -23.9807 -49.2439 14.7997 -35.4193 18.6218 -36.9219 -48.8691 14.2728 -40.2411 5.2930 -29.0009 -47.4752 16.9301 -45.6039 -27.2345 12.3859 -39.2142 -21.6631 -38.1308 -33.1239 28.6678 -42.3882 34.1763 -41.7264 11.7485 -34.9183 5.7902 -36.9941 -18.3012 -44.4744 -32.2788 34.3519 -47.6526 -28.1548 18.9542 -41.5190 -24.6891 -10.2038 -34.6877 -10.1929 -48.5168 -30.9497 31.7052 -45.6884 -27.0152 12.1179 -39.1569 -22.1416 -32.0021 -33.0825 14.9968 -48.8109 -29.6291 26.7682 -44.2580 -26.3887 8.5280 -38.2260 -20.7622 -37.3200 -32.3008 4.6618
-33.3252 -35.6745 -21.1553 -38.4408 9.2309 -26.4747 -44.4131 27.1469 -29.6909 -48.8173 14.9968 -33.0801 -32.6858 -21.9793 -39.0230 11.6556 -26.9132 -45.4760 31.0194 -30.9001 -48.5984 -9.2994 -34.3312 -13.3162 -24.4413 -41.3707 18.5425 -27.9567 -47.4169 34.7244 -32.2660 -44.8618 -17.9771 -36.7787 3.4438 -26.0902 -42.9673 11.9698 -45.2290 -33.1941 16.8418 -32.8449 -22.6621 -31.5999 -28.6120 -22.1289 -44.7824 24.6088 -35.4739 -45.8436 -13.6321 -41.6340 35.3384 -45.6886 -27.1622 11.1082 -38.6661 -18.1061 -47.4252 -31.2102 9.4813 -37.0179 10.2833 -34.2168 -39.0808 -30.8032 2.8254 -36.7818 -18.0260 -44.8001 -32.4823 34.7325 -47.4164 -27.9559 18.5425 -41.3707 -24.4413 -13.3162 -34.3312 -9.2994 -48.5984 -30.9001 31.0194 -45.4760 -26.9132 11.6556 -39.0230 -21.9793 -32.6858 -33.0801 14.9968 -48.8173 -29.6909 27.1469 -44.4131 -26.4747 9.2309 -38.4408 -21.1553 -35.6745 -33.3252
-36.1077 -21.5228 -38.6600 9.9519 -26.5770 -44.6114 27.7063 -29.7963 -48.8256 13.5220 -33.0825 -32.6858 -21.9224 -38.9504 11.3477 -26.8354 -45.3003 30.3971 -30.8550 -48.6560 -8.4726 -33.9707 -16.6670 -24.1644 -41.2498 18.2443 -27.7363 -47.1440 34.8107 -32.9685 -45.8495 -17.3323 -36.4354 1.5468 -26.1393 -43.5951 31.3381 -42.5709 -21.0894 -45.7535 -27.3255 -49.0557 -21.4209 -48.0515 -17.6471 -45.3171 33.3167 -38.6654 -9.8531 -25.6223 -45.6171 32.5453 -38.8636 32.1942 -45.3965 -26.8982 7.9232 -37.2356 -0.3361 -48.3560 -25.9525 -42.7133 -29.2029 -46.3722 -24.0652 -48.3057 -27.2391 1.1672 -36.4212 -19.3476 -43.6228 -32.9901 34.8122 -47.1428 -27.7356 18.2458 -41.2498 -24.1644 -16.6670 -33.9707 -8.4726 -48.6560 -30.8550 30.3971 -45.3003 -26.8354 11.3477 -38.9504 -21.9224 -32.6858 -33.0825 13.5220 -48.8256 -29.7963 27.7063 -44.6114 -26.5770 9.9519 -38.6600 -21.5228 -36.1077
-20.4397 -38.8773 10.6539 -26.6855 -44.8281 28.3698 -29.9261 -48.8230 10.8616 -33.0855 -32.0021 -21.9793 -38.9504 11.2339 -26.7915 -45.1771 29.9153 -30.8219 -48.6933 -7.7259 -33.6283 -19.9389 -23.8714 -41.1524 18.0316 -27.5151 -46.8539 34.5940 -33.8054 -30.4399 -25.3580 -34.5627 2.8026 -26.2379 -44.2693 25.7193 -37.2301 26.7526 -43.3466 2.6103 -44.4753 29.6889 -41.2330 34.7204 -41.5500 27.1542 -38.5693 2.1595 -29.9511 -48.3132 17.6748 -40.3721 24.5555 -38.3540 34.2860 -44.2124 -26.3295 -2.7679 -35.4849 34.0439 -43.5887 -9.4376 -46.9185 -11.6304 -45.7559 22.4478 -44.7480 -25.8597 15.6948 -45.9919 -29.0101 -35.8880 -33.4455 34.5915 -46.8490 -27.5134 18.0332 -41.1524 -23.8714 -19.9389 -33.6283 -7.7259 -48.6933 -30.8219 29.9153 -45.1771 -26.7915 11.2339 -38.9504 -21.9793 -32.0021 -33.0855 10.8616 -48.8230 -29.9261 28.3698 -44.8281 -26.6855 10.6539 -38.8773 -20.4397
-39.6646 11.3307 -26.7962 -45.0496 29.0697 -30.0665 -48.7977 7.6033 -33.0992 -30.7018 -22.1416 -39.0230 11.3477 -26.7915 -45.1310 29.6409 -30.8079 -48.7143 -7.1332 -33.3343 -22.8006 -23.5796 -41.0718 17.8814 -27.3118 -46.5715 34.1326 -33.4486 -30.2982 -35.4140 33.8501 -48.1960 -16.6465 -42.8674 24.6766 -32.6832 -15.3891 -36.5483 17.3730 -37.7390 18.3842 -36.6060 11.1174 -36.9606 10.1746 -36.2151 -9.3622 -31.6587 -48.6459 -20.2563 -45.2413 2.7643 -43.1426 27.8910 -42.0054 19.5207 -44.5261 -25.4701 -38.3743 -33.4209 16.4704 -38.5154 29.5586 -40.7771 28.9287 -39.8326 26.3485 -41.3425 18.6426 -37.0449 3.1411 -33.3647 -36.7305 -33.2769 34.1207 -46.5668 -27.3109 17.8814 -41.0718 -23.5796 -22.8006 -33.3343 -7.1332 -48.7143 -30.8079 29.6409 -45.1310 -26.7915 11.3477 -39.0230 -22.1416 -30.7018 -33.0992 7.6033 -48.7977 -30.0665 29.0697 -45.0496 -26.7962 11.3307 -39.6646
11.8103 -26.8675 -45.2708 29.7724 -30.2091 -48.7609 4.1895 -33.1188 -28.9089 -22.3813 -39.1569 11.6556 -26.8354 -45.1771 29.6409 -30.8048 -48.7231 -6.7810 -33.1161 -24.9894 -23.3171 -40.9932 17.7516 -27.1400 -46.3194 33.5656 -33.1522 -44.4980 -29.0560 -1.7343 -39.7692 29.5426 -38.6320 13.9638 -30.7078 -48.4854 -30.0550 -33.3397 -34.3648 -10.1071 -34.7142 -18.9909 -34.5716 -13.9597 -34.8448 -16.9390 -33.6423 -35.9968 -30.0173 -44.8108 -27.6013 -47.1000 -26.3220 -48.6986 -24.8205 -48.9796 -23.4453 -48.5757 -27.7761 -46.5768 -32.1820 -11.8977 -35.0350 5.3390 -35.7584 2.3098 -34.6573 6.4262 -36.2498 2.3355 -34.0970 -38.2407 -26.6625 -44.9190 -33.3587 33.5616 -46.3192 -27.1402 17.7498 -40.9932 -23.3171 -24.9856 -33.1161 -6.7810 -48.7231 -30.8048 29.6409 -45.1771 -26.8354 11.6556 -39.1569 -22.3813 -28.9089 -33.1188 4.1895 -48.7609 -30.2091 29.7724 -45.2708 -26.8675 11.8103
-25.5129 -45.4903 30.4651 -30.3502 -48.7542 1.0257 -33.1818 -26.7428 -22.6602 -39.3361 12.1179 -26.9132 -45.3003 29.9153 -30.8079 -48.7231 -6.6687 -32.9965 -26.3945 -23.1157 -40.9200 17.6087 -27.0050 -46.1062 33.0079 -33.4761 -45.2442 -20.4603 -47.5125 -28.8219 -19.0092 -33.9579 -17.1884 -32.3569 -46.5261 -29.5805 -36.0084 -33.4425 -4.8042 -35.3592 4.9631 -35.5986 10.1584 -35.9923 13.6623 -35.9936 15.4237 -35.6592 16.2080 -35.3380 15.8938 -34.8900 14.1783 -34.5548 10.9384 -34.0237 5.3530 -33.2276 -8.5457 -32.6174 -28.3865 -33.0819 -33.6693 -32.8369 -40.0716 -30.7795 -47.1612 -28.3461 -46.0737 -28.1273 -47.6042 -22.7305 -46.0902 -19.1846 -43.9078 -33.7463 33.0160 -46.1118 -27.0063 17.6049 -40.9162 -23.1156 -26.3910 -32.9965 -6.6687 -48.7231 -30.8079 29.9153 -45.3003 -26.9132 12.1179 -39.3361 -22.6602 -26.7428 -33.1818 1.0257 -48.7542 -30.3502 30.4651 -45.4903 -25.5129
-45.6476 31.1331 -30.4862 -48.7590 -1.7139 -33.3854 -24.3510 -22.9509 -39.5446 12.6966 -27.0152 -45.4760 30.3971 -30.8219 -48.7143 -6.7810 -32.9965 -26.8959 -23.0021 -40.8662 17.4772 -26.9094 -45.9385 32.5329 -33.5813 -44.6937 -19.9728 -43.4404 -20.3311 -48.6705 -31.1247 -30.3497 -33.9319 -0.9564 -34.3326 13.6810 -36.2184 23.4574 -38.9919 32.1367 -40.8953 34.4371 -42.2326 23.7484 -43.0632 7.0298 -43.5960 -1.4397 -43.9037 -2.7796 -43.7604 1.6439 -43.3361 15.1222 -42.7026 31.1892 -41.5816 34.4314 -39.7968 27.0139 -37.2835 16.7147 -35.6540 4.4291 -33.6768 -32.3513 -29.6281 -48.5864 -24.6388 -47.7856 -15.9827 -44.7631 36.0163 -38.9352 -18.2002 -43.0020 -33.7041 32.5258 -45.9474 -26.9144 17.4613 -40.8618 -23.0020 -26.8959 -32.9965 -6.7810 -48.7143 -30.8219 30.3971 -45.4760 -27.0152 12.6966 -39.5446 -22.9509 -24.3510 -33.3854 -1.7139 -48.7590 -30.4862 31.1331 -45.6476
30.6742 -30.3654 -48.7356 -4.0731 -33.6789 -21.8482 -23.2372 -39.7674 13.3254 -27.1341 -45.6884 31.0194 -30.8550 -48.6933 -7.1332 -33.1161 -26.3945 -23.0021 -40.8459 17.3992 -26.8529 -45.8252 32.1946 -33.6723 -44.9008 -23.6667 -47.2341 -25.7853 -37.8641 -32.4057 10.2601 -36.1562 26.6918 -40.2047 32.0347 -43.3905 -9.9541 -46.5460 -19.8253 -48.8823 -23.5512 -49.1640 -26.0176 -47.0933 -27.6952 -43.3901 -28.7150 -40.2047 -29.1452 -39.4690 -29.0069 -41.6141 -28.2748 -45.5274 -26.8625 -48.5943 -24.6205 -49.2194 -21.1705 -47.3113 -12.3670 -44.1029 31.1813 -40.6675 26.7099 -36.7759 9.7661 -32.9806 -38.1129 -26.8410 -47.8227 -7.6550 -41.7593 29.2522 -37.8108 -18.0852 -44.4064 -33.4104 32.1200 -45.8304 -26.8597 17.3786 -40.8446 -23.0020 -26.3910 -33.1161 -7.1332 -48.6933 -30.8550 31.0194 -45.6884 -27.1341 13.3254 -39.7674 -23.2372 -21.8482 -33.6789 -4.0731 -48.7356 -30.3654 30.6742
-30.1655 -48.6826 -6.0714 -33.9715 -19.2503 -23.5120 -39.9953 13.9708 -27.2615 -45.9205 31.7052 -30.9001 -48.6560 -7.7259 -33.3343 -24.9894 -23.1157 -40.8662 17.3992 -26.8341 -45.7648 32.0104 -33.8650 -44.2700 -27.5338 -47.3583 -30.8652 10.4014 -36.5255 32.9957 -42.1745 -9.4718 -47.3631 -22.8221 -48.7909 -27.9735 -33.3671 -31.4210 -1.3187 -33.2229 9.6498 -34.0028 15.4324 -35.4136 19.5261 -36.5053 22.2013 -37.1164 23.3225 -37.2275 22.7518 -36.8216 20.4543 -35.8796 16.4726 -34.7691 10.5774 -33.9380 -0.7295 -31.8277 -35.3829 -27.8055 -49.1036 -21.4560 -46.4596 13.9249 -41.0935 26.2575 -36.7527 3.0231 -30.5390 -48.4785 -18.1097 -43.6817 33.2498 -38.5141 -17.0900 -45.6487 -33.1172 31.8397 -45.7694 -26.8399 17.3786 -40.8618 -23.1156 -24.9856 -33.3343 -7.7259 -48.6560 -30.9001 31.7052 -45.9205 -27.2615 13.9708 -39.9953 -23.5120 -19.2503 -33.9715 -6.0714 -48.6826 -30.1655
-48.7242 -7.7998 -34.2613 -16.6086 -23.7766 -40.2244 14.6251 -27.3882 -46.1509 32.3900 -30.9497 -48.5984 -8.4726 -33.6283 -22.8006 -23.3171 -40.9200 17.4771 -26.8530 -45.7644 31.9506 -34.0088 -43.1936 -30.1623 -25.3464 -34.3622 26.7091 -41.4807 -12.3785 -48.6282 -26.2284 -36.7190 -31.6433 7.1378 -34.2117 20.3362 -37.8904 31.6086 -40.7672 32.2479 -42.5007 5.1719 -44.0917 -10.6834 -45.6195 -15.3283 -46.5540 -17.0007 -46.8791 -17.0228 -46.6183 -15.2553 -45.6984 -9.6702 -44.2113 12.7886 -42.5099 35.0596 -40.3646 27.1178 -36.9540 14.1136 -34.4577 -10.5705 -29.6817 -48.5081 -21.0173 -45.7306 34.2650 -39.1242 15.1723 -33.3410 -41.8662 -23.4743 -45.7242 36.0341 -39.3118 -16.4244 -46.2913 -32.9618 31.7390 -45.7688 -26.8595 17.4613 -40.9162 -23.3171 -22.8006 -33.6283 -8.4726 -48.5984 -30.9497 32.3900 -46.1509 -27.3882 14.6251 -40.2244 -23.7766 -16.6086 -34.2613 -7.7998 -48.7242
-11.8484 -34.5459 -14.0046 -24.0307 -40.4548 15.2784 -27.5122 -46.3702 33.0157 -31.0129 -48.5168 -9.2994 -33.9707 -19.9389 -23.5796 -40.9932 17.6087 -26.9094 -45.8247 32.0058 -33.9952 -42.7105 -31.1604 -1.3687 -36.4034 34.4456 -46.3666 -24.8084 -38.3421 -32.2680 13.7714 -37.0201 32.8131 -41.5426 0.4321 -45.7112 -19.4143 -48.9795 -24.2696 -48.4145 -27.4559 -41.2031 -29.6810 -27.6921 -31.1083 -14.7753 -31.8829 -9.2296 -32.1325 -10.4692 -31.8547 -19.4508 -30.8694 -34.8642 -28.9276 -46.1818 -25.8421 -49.2596 -20.8768 -46.6913 -1.4867 -42.5262 33.6441 -38.4197 15.3927 -34.3669 -24.6812 -27.6502 -48.6235 -5.5576 -41.2676 23.1442 -35.5337 -26.9288 -26.0514 -46.8441 34.7537 -39.9378 -16.2351 -46.4432 -32.9842 31.8459 -45.8300 -26.9143 17.6068 -40.9932 -23.5796 -19.9389 -33.9707 -9.2994 -48.5168 -31.0129 33.0157 -46.3702 -27.5122 15.2784 -40.4548 -24.0307 -14.0046 -34.5459 -11.8484
-35.8888 -11.5064 -24.2714 -40.6865 15.9322 -27.6350 -46.5817 33.5485 -31.0953 -48.4024 -10.1929 -34.3312 -16.6670 -23.8714 -41.0718 17.7516 -27.0049 -45.9383 32.1938 -33.8397 -43.3160 -31.0730 2.3460 -36.9666 11.1603 -48.7445 -28.8192 4.6641 -35.9611 33.2905 -43.0669 -15.6941 -48.8587 -25.8630 -41.4177 -30.8286 -1.2522 -33.3233 12.4840 -34.9297 20.2655 -37.1412 26.5182 -38.7777 30.7922 -39.7893 32.7314 -40.1855 32.7415 -39.9685 30.6839 -39.0916 25.9701 -37.4766 19.0553 -35.8707 10.2431 -34.0598 -10.7468 -30.3966 -46.3757 -24.3847 -47.7935 -3.8379 -42.1585 29.5844 -37.6513 6.0351 -31.0198 -48.2052 -18.2271 -43.5565 29.1164 -36.8861 -14.1580 -27.1334 -47.2082 33.9955 -40.1416 -16.2210 -46.1980 -33.1816 32.1268 -45.9446 -27.0062 17.7516 -41.0718 -23.8714 -16.6670 -34.3312 -10.1929 -48.4024 -31.0953 33.5485 -46.5817 -27.6350 15.9322 -40.6865 -24.2714 -11.5064 -35.8888
-11.8015 -24.4969 -40.9161 16.5884 -27.7564 -46.7848 33.9964 -31.1946 -48.2486 -11.1354 -34.6877 -13.3162 -24.1644 -41.1524 17.8814 -27.1400 -46.1058 32.5368 -33.6563 -44.3281 -29.9155 -4.0498 -36.9578 1.8445 -48.8873 -30.6169 15.3551 -38.9883 0.5464 -48.1925 -26.7248 -28.2079 -32.9068 13.6492 -36.5800 29.4226 -40.6717 29.4556 -43.4223 -8.6804 -45.9658 -17.7906 -47.9292 -20.8937 -48.8650 -22.2691 -49.1353 -22.5392 -49.0330 -21.6907 -48.4182 -18.9861 -46.8646 -11.1956 -44.5451 25.1460 -41.9017 32.1472 -38.6375 17.6322 -35.7054 -2.2877 -30.7013 -47.5082 -22.0579 -46.2106 33.3121 -39.3230 15.3129 -33.3352 -43.1537 -22.4782 -44.9828 32.3895 -37.4672 -10.6267 -27.1494 -46.9829 35.5977 -39.7617 -16.5019 -45.4010 -33.4902 32.5294 -46.1091 -27.1401 17.8814 -41.1524 -24.1644 -13.3162 -34.6877 -11.1354 -48.2486 -31.1946 33.9964 -46.7848 -27.7564 16.5884 -40.9161 -24.4969 -11.8015
-22.7745 -41.1431 17.2388 -27.8777 -46.9795 34.3483 -31.3048 -48.0490 -12.0771 -35.0230 -10.2038 -24.4413 -41.2498 18.0316 -27.3110 -46.3183 33.0118 -33.5700 -44.9116 -27.6486 -29.7924 -36.2710 19.3226 -48.9349 -31.0995 19.7477 -41.4587 -18.3008 -47.7458 -31.1248 11.4834 -37.3279 34.5254 -43.1693 -13.1889 -48.1318 -23.7952 -48.1956 -28.3560 -33.6162 -31.3187 -7.7269 -32.9342 2.7533 -33.6649 5.7858 -33.9663 5.2584 -33.8884 0.6380 -33.0934 -14.8646 -31.0940 -39.8585 -27.7069 -48.9002 -22.5028 -47.4592 -5.4465 -43.1033 34.1951 -38.8477 15.5649 -34.6480 -24.9812 -27.6745 -48.5277 -3.3694 -41.0101 21.9344 -35.0157 -34.3533 -24.4569 -45.6139 33.1869 -37.4159 -15.2041 -26.1482 -46.1687 35.6269 -38.9735 -17.3456 -44.1148 -33.7430 33.0167 -46.3201 -27.3110 18.0332 -41.2498 -24.4413 -10.2038 -35.0230 -12.0771 -48.0490 -31.3048 34.3483 -46.9795 -27.8777 17.2388 -41.1431 -22.7745
-41.6963 17.8832 -28.0002 -47.1690 34.5921 -31.4212 -47.7971 -12.9904 -35.3285 -7.5141 -24.6891 -41.3707 18.2443 -27.5136 -46.5695 33.5567 -33.5507 -44.8127 -24.6383 -45.9935 -34.4314 35.1521 -48.3556 -30.1830 18.7974 -42.0766 -21.7559 -39.8610 -33.9192 23.7199 -41.2347 -10.0907 -48.6896 -26.6921 -34.5549 -32.3616 7.6443 -35.2012 19.5569 -37.7961 28.6745 -40.0774 34.0587 -41.3183 35.1255 -41.7527 35.1975 -41.4901 34.1837 -40.5112 29.0306 -38.6755 20.6783 -36.9368 10.8407 -34.5479 -11.6658 -30.4230 -46.9727 -23.7729 -47.4517 3.5695 -41.7717 27.8282 -37.5589 4.2271 -30.7223 -48.5078 -17.1052 -43.0304 27.2752 -36.0117 -26.8460 -25.1063 -45.5351 31.9053 -36.7651 -27.8665 -23.8853 -44.6825 31.3192 -38.0670 -18.3987 -42.9539 -33.8225 33.5539 -46.5689 -27.5134 18.2458 -41.3707 -24.6891 -7.5141 -35.3285 -12.9904 -47.7971 -31.4212 34.5921 -47.1690 -28.0002 17.8832 -41.6963
18.6158 -28.0213 -47.3534 34.7155 -31.5417 -47.4908 -13.8601 -35.6087 -5.2550 -24.9069 -41.5190 18.5425 -27.7348 -46.8514 34.1134 -33.3280 -44.5925 -21.2450 -48.5028 -32.1375 25.1976 -45.4475 -28.1209 12.7673 -40.7923 -21.1187 -35.7518 -35.2478 31.5904 -44.6587 -22.5558 -44.6676 -31.9895 10.6557 -36.9063 29.8607 -41.4619 21.1479 -44.9840 -14.7177 -47.7019 -20.9361 -49.0086 -23.1031 -49.2562 -23.5346 -49.1960 -22.4302 -48.6396 -18.8950 -46.8907 -8.1541 -44.3486 32.2952 -41.5331 29.0582 -38.5357 14.5069 -35.1688 -12.1601 -29.7581 -48.5413 -20.0034 -45.4684 35.3440 -38.9538 14.1300 -32.9596 -44.2439 -22.1491 -44.5355 31.0559 -36.3676 -25.2057 -24.6652 -44.7581 28.2105 -35.4676 -41.3215 -19.6393 -42.5266 24.6494 -37.2049 -19.1677 -42.4436 -33.6680 34.1008 -46.8518 -27.7345 18.5425 -41.5190 -24.9069 -5.2550 -35.6087 -13.8601 -47.4908 -31.5417 34.7155 -47.3534 -28.0213 18.6158
-27.0219 -47.5312 34.6975 -31.6627 -47.1236 -14.6699 -35.8720 -3.3376 -25.0996 -41.7020 18.9542 -27.9550 -47.1430 34.5854 -32.9579 -45.4078 -18.6910 -44.1443 -24.7822 19.6179 -41.4907 -23.4245 -1.9584 -38.3801 -15.5026 -43.0031 -34.9646 33.4284 -46.2199 -26.2746 -19.6965 -35.5074 24.6346 -41.0363 4.7704 -47.1811 -22.9800 -48.4168 -28.6143 -33.1296 -32.0141 -7.0321 -33.7252 1.4308 -34.2666 1.7131 -33.9976 -5.0707 -32.6890 -27.0217 -30.0383 -45.4385 -26.0679 -49.0505 -18.6373 -46.1318 20.2556 -41.8883 29.2476 -38.3163 11.4422 -33.6128 -35.1890 -26.6392 -48.1475 -0.4701 -40.7971 22.3938 -34.9049 -31.8309 -25.0285 -45.5532 32.9789 -36.1403 -30.6215 -22.9724 -43.2427 22.2839 -33.5387 -47.9535 -9.5315 -40.5154 18.2380 -36.5640 -19.0226 -43.3172 -33.2126 34.5758 -47.1463 -27.9549 18.9542 -41.7020 -25.0996 -3.3376 -35.8720 -14.6699 -47.1236 -31.6627 34.6975 -47.5312 -27.0219
-47.4939 34.4813 -31.7794 -46.6921 -15.4249 -36.1200 -1.6551 -25.2690 -41.9073 19.4809 -28.1559 -47.4173 34.8208 -32.6872 -44.7111 -21.9197 -42.7117 5.4612 -48.9177 -39.9666 -15.0055 -44.2975 -35.4309 21.4945 -48.9537 -33.1082 29.9312 -45.9788 -27.1188 -3.3754 -37.4866 34.4286 -45.0246 -20.7553 -48.0345 -30.3047 -5.3325 -35.1218 14.0726 -37.5264 23.2173 -39.2741 28.9000 -40.2790 30.4290 -40.2029 28.0288 -39.1453 22.1688 -37.9195 14.1494 -35.9350 1.9559 -32.7408 -36.3394 -27.8546 -49.0108 -19.4909 -45.9721 27.7511 -40.8612 24.1417 -36.7964 2.0075 -30.5238 -48.3742 -19.1122 -43.7542 31.2003 -36.3668 -12.7010 -26.5820 -46.0306 32.9963 -35.3203 -40.2788 -19.2130 -40.9980 14.9262 -31.1300 -48.7299 29.2003 -39.2394 15.6311 -37.4156 -17.8801 -45.2976 -32.6429 34.8242 -47.4193 -28.1559 19.4809 -41.9073 -25.2690 -1.6551 -36.1200 -15.4249 -46.6921 -31.7794 34.4813 -47.4939
27.4147 -31.5333 -46.1904 -16.1258 -36.3522 -0.1707 -25.4184 -42.1216 20.0751 -28.3287 -47.6530 34.7404 -32.4579 -44.6880 -28.5695 -48.7645 -13.0886 -43.1688 28.9389 -24.9856 -48.6974 -32.0111 28.7292 -47.0982 -29.9985 20.4037 -43.8636 -25.7677 -4.4532 -37.9798 34.6221 -47.3202 -26.2691 -30.2587 -34.4007 15.5196 -38.8763 32.7649 -42.4991 22.1171 -45.0311 -9.0700 -46.5324 -14.3920 -46.9009 -13.1241 -45.9979 -2.4838 -44.3431 30.8532 -42.1982 32.3226 -39.3676 19.9037 -36.9539 6.5591 -33.1450 -34.5098 -27.6181 -49.0275 -17.3471 -44.6923 35.3596 -39.0339 16.2325 -33.6766 -35.8622 -25.2785 -46.4956 35.1346 -37.1253 -2.0694 -27.0462 -45.7747 30.4137 -33.8220 -47.4002 -8.9137 -38.9948 4.8175 -27.8115 -46.4685 33.0808 -39.4475 27.8954 -41.6597 -19.6383 -46.1272 -32.3048 34.7383 -47.6530 -28.3285 20.0751 -42.1216 -25.4184 -0.1707 -36.3522 -16.1258 -46.1904 -31.5333 27.4147
-31.9058 -45.6118 -16.7780 -36.5713 1.1477 -25.5482 -42.3419 20.6999 -28.4813 -47.8496 34.3438 -32.3201 -45.4073 -26.6330 -2.8984 -31.9740 -48.9159 13.0679 -41.1444 3.9612 -32.7482 10.2380 -41.5280 -24.7537 6.2946 -39.8907 -20.9809 -25.3697 -37.2082 34.6238 -47.9949 -28.3144 -4.0695 -37.2370 27.1231 -41.9389 6.7621 -47.1542 -21.4423 -49.0052 -26.8221 -45.4992 -29.0372 -41.6686 -29.4290 -43.3848 -28.1688 -47.5855 -25.3444 -49.0156 -19.6409 -46.7304 -1.1108 -43.3324 35.5354 -40.1112 22.8566 -36.8864 7.6594 -32.7232 -37.7075 -26.5336 -48.5924 -11.4523 -42.3834 29.7997 -36.4450 -0.9600 -28.3483 -48.3358 24.0212 -37.2701 -0.5024 -26.4635 -44.4569 24.0424 -31.6118 -48.9077 31.7926 -37.2328 -26.9715 -21.8810 -43.0313 32.1973 -43.0162 -3.4782 -47.2446 -20.0067 -45.7941 -32.2486 34.3383 -47.8492 -28.4811 20.6999 -42.3419 -25.5482 1.1477 -36.5713 -16.7780 -45.6118 -31.9058
-45.8029 -17.3846 -36.7807 2.3456 -25.6583 -42.5665 21.3474 -28.6236 -48.0189 33.6705 -32.2656 -44.8361 -18.2897 -44.8955 -37.0373 0.9048 -26.3931 -44.8135 27.0963 -36.1529 -10.3236 -36.8805 -8.0827 -41.7995 -35.7351 2.0042 -47.1306 -34.8373 34.1709 -47.3548 -28.4027 2.0086 -38.5402 34.5876 -45.0524 -18.7186 -48.7326 -29.0560 -26.9721 -33.6964 3.3947 -35.9266 9.9463 -36.6369 10.8287 -36.3177 7.4591 -35.0951 -2.9352 -32.7191 -33.0504 -29.0139 -47.8347 -24.1772 -48.3281 -14.6141 -44.6267 32.0591 -40.5405 25.0582 -36.4876 7.1158 -31.8002 -43.9254 -24.2285 -46.7375 29.9665 -38.2615 10.8276 -29.8478 -48.9198 15.8459 -37.0493 -9.0572 -24.0998 -41.8250 14.6748 -28.8351 -46.3630 29.0026 -34.2586 -47.9900 -6.0092 -41.9023 11.2935 -48.5995 -23.0559 -43.9147 -18.0347 -44.9405 -32.2614 33.6723 -48.0189 -28.6236 21.3474 -42.5665 -25.6583 2.3456 -36.7807 -17.3846 -45.8029
-17.5248 -36.9867 3.4316 -25.7573 -42.7943 22.0140 -28.7603 -48.1694 32.7521 -32.2630 -44.4855 -17.9890 -36.4526 17.4331 19.4448 -36.0841 -47.6518 8.7558 -38.6980 0.4747 -35.6629 29.8723 -47.7503 -31.5756 29.7855 -47.5107 -30.9581 23.2635 -44.9114 -26.5975 -1.5485 -38.6414 35.6420 -46.7950 -24.2563 -41.9389 -33.0280 7.1716 -37.7837 20.3466 -39.9336 28.9347 -40.9992 32.4955 -41.2595 31.6184 -40.4160 26.9280 -38.8674 19.7801 -37.1207 11.5371 -34.9002 -2.3543 -31.7939 -39.2006 -27.1415 -49.1702 -20.0125 -45.7353 24.3969 -40.4773 23.9790 -35.9408 -1.6263 -29.1896 -49.0180 -8.6445 -39.7851 15.3797 -30.3595 -48.8989 28.4658 -36.0275 -36.0532 -17.6173 -38.5848 -1.4752 -23.8020 -41.8894 14.6594 -30.2163 -47.4607 19.8559 -46.0924 -25.1375 -38.9529 -18.8428 -34.5775 -17.9490 -44.4641 -32.2645 32.7497 -48.1694 -28.7603 22.0140 -42.7943 -25.7573 3.4316 -36.9867 -17.5248
-37.9930 4.4230 -25.8554 -43.0229 22.6969 -28.8960 -48.3060 31.5727 -32.3168 -43.8754 -18.2670 -36.8164 1.6727 -25.4472 -41.3248 5.7019 -25.5347 -43.4607 20.0314 -35.9945 10.3365 -41.1785 -24.2231 7.9578 -41.2378 -24.6970 7.3877 -40.5287 -21.2495 -24.8230 -37.5775 35.5755 -47.1605 -26.3044 -27.2959 -35.4974 16.8537 -40.2064 34.0084 -43.2855 20.2372 -45.4702 -7.8527 -46.4653 -12.0543 -46.3488 -9.0062 -45.1735 6.1114 -43.5929 31.8996 -41.7995 33.4847 -39.4606 23.6113 -36.1067 12.0905 -33.6806 -16.3125 -29.0249 -48.9187 -20.4135 -45.4107 34.6123 -38.7575 13.6207 -31.8575 -47.7018 -16.1884 -40.5565 14.9496 -29.5859 -47.9160 34.2552 -33.5553 -48.8683 22.0678 -35.3152 -44.6931 -8.1013 -38.2358 -8.2458 -24.1519 -44.6807 -14.5954 -45.8624 -33.0719 -17.3611 1.8100 -36.7666 -18.2877 -43.8739 -32.3144 31.5696 -48.3060 -28.8960 22.6969 -43.0229 -25.8554 4.4230 -37.9930
4.6501 -25.9621 -43.2518 23.3893 -29.0327 -48.4305 30.0894 -32.3969 -43.0833 -18.6783 -37.1267 3.2232 -26.4629 -44.1132 24.0348 -33.9637 -49.0677 25.0740 -38.2965 3.7172 -36.8061 10.3534 -46.3538 -35.0389 0.6715 -43.9899 -35.7341 6.7347 -47.6528 -34.8345 31.1050 -46.1758 -26.0220 -20.3858 -36.7500 22.9249 -41.5661 26.0258 -46.5858 -18.4053 -48.9124 -25.3588 -47.7515 -27.7561 -45.8267 -28.1544 -46.1348 -27.2884 -47.9384 -25.4783 -49.1791 -22.7863 -48.4222 -18.1712 -45.7444 -0.7366 -42.2973 34.3742 -38.3247 16.3267 -34.2433 -22.6082 -27.7939 -48.7474 -6.1134 -40.9454 20.4329 -33.2914 -46.4759 -15.3441 -39.4645 9.1455 -27.4096 -44.7816 21.7114 -29.9369 -46.7804 27.1693 -31.3901 -48.0797 33.8611 -34.9989 -47.3099 -14.9515 -46.4731 -27.6570 9.7767 -43.9510 -26.0651 3.4874 -37.0911 -18.6796 -43.0854 -32.3948 30.0894 -48.4305 -29.0327 23.3893 -43.2518 -25.9621 4.6501
-24.3099 -43.4812 24.0906 -29.1694 -48.5410 28.2574 -32.4847 -42.1350 -19.1313 -37.3964 4.5883 -29.4840 -46.4287 35.7564 -39.2086 -3.8136 -25.1442 -43.8774 19.6309 -36.7220 23.2550 -45.6911 -30.0046 23.7172 -46.3048 -30.8564 26.9039 -46.9476 -30.5857 19.4625 -43.4539 -23.1441 -29.2298 -36.6945 25.5267 -42.5577 -4.7065 -48.4207 -25.8499 -43.7068 -31.6781 -12.2198 -34.5857 4.5666 -35.5686 9.1043 -35.4817 9.9930 -34.8494 8.2256 -33.9647 3.0629 -32.7178 -13.4571 -30.3273 -42.8593 -25.8407 -48.8656 -14.3616 -43.0913 31.9706 -37.9155 7.2390 -31.2337 -48.1716 -16.6948 -42.4172 21.9732 -33.0424 -48.2806 -2.3867 -37.7344 -11.7390 -21.8844 -39.9992 5.2371 -24.0790 -40.8667 8.0721 -25.2633 -42.6519 15.4680 -30.0969 -47.7132 -17.6519 -47.6299 -34.4012 27.3957 -43.6631 -26.1421 5.0278 -37.3694 -19.1293 -42.1306 -32.4847 28.2574 -48.5410 -29.1694 24.0906 -43.4812 -24.3099
-43.8158 24.7993 -29.3041 -48.6363 26.0465 -32.5724 -41.0374 -19.5881 -37.6238 5.8808 -33.4634 -42.6129 -22.5308 -44.0175 24.4637 -34.7759 -48.7505 20.1196 -38.1916 10.9892 -39.5917 -19.4253 -9.7778 -39.4279 -21.0977 0.7037 -40.5299 -22.9390 1.3701 -39.7981 -14.6641 -44.2970 -35.2416 23.9502 -42.8154 -12.0106 -48.7645 -29.4243 -19.9841 -35.2747 11.3506 -38.3197 23.3191 -39.8176 32.7278 -41.3525 35.1028 -42.0123 33.4421 -41.9387 34.2206 -41.2095 34.0708 -39.5490 26.5893 -36.2621 12.3296 -32.6399 -39.1478 -24.9709 -46.9744 32.4542 -39.7920 14.2607 -32.9725 -46.4967 -17.4658 -41.9132 17.9052 -31.1724 -48.6389 35.1746 -35.0735 -47.2547 6.4551 -35.4286 -44.4255 -1.2275 -35.5648 -43.0340 -7.6876 -37.8342 -17.7363 -24.0690 -48.0291 -29.1045 4.1129 -39.5775 35.9706 -44.6825 -26.3011 6.1781 -37.6141 -19.5892 -41.0374 -32.5724 26.0465 -48.6363 -29.3041 24.7993 -43.8158
25.5361 -29.2601 -48.7128 23.4447 -32.6551 -39.8074 -20.0343 -37.8428 6.9089 -33.4256 25.6593 -36.9420 -40.1199 -12.9733 -40.2979 4.1039 -25.4671 -43.6653 19.1893 -37.4662 35.0065 -49.0807 -33.4021 34.9391 -49.3122 -33.9613 28.0755 -48.4103 -35.2405 33.6430 -49.0817 -32.3668 18.2136 -41.7282 -10.9536 -48.7227 -30.8580 -1.6170 -37.5530 20.7670 -40.3603 35.0126 -44.5258 -14.2649 -47.9435 -22.1943 -49.2745 -24.6165 -48.9711 -25.3028 -48.9965 -24.5560 -49.3638 -22.0377 -47.8110 -12.1004 -42.5640 29.7026 -36.5797 -8.1641 -28.2235 -48.3495 17.8375 -40.6425 15.9465 -33.0927 -47.7681 -11.2038 -40.1785 8.8299 -27.6318 -45.1802 22.5899 -30.6469 -47.0002 27.5436 -31.0185 -46.9356 26.7355 -31.2053 -47.3559 30.3248 -33.9364 -48.5313 -23.5137 -38.1320 -37.2072 30.3218 -44.6137 8.7464 -43.9393 -26.2909 7.0871 -37.8456 -20.0343 -39.8074 -32.6551 23.4447 -48.7128 -29.2601 25.5361
-28.6562 -48.7691 20.5024 -32.7322 -38.4342 -20.4608 -38.0695 7.9025 -28.6139 -46.1272 -44.3583 22.3864 -31.1367 -47.4253 30.8422 -34.5694 -49.0765 28.9969 -38.0682 17.3378 -42.3481 -25.3044 10.5860 -42.2553 -26.3305 15.4083 -44.1128 -28.7508 19.4552 -44.7801 -27.5740 8.0229 -40.1034 3.0929 -48.7543 -30.8291 2.4993 -38.6167 27.1823 -42.2038 -6.7052 -48.5603 -26.7336 -35.5226 -31.7906 4.1749 -33.3908 12.9934 -34.4001 16.0306 -34.6377 15.1050 -33.6606 8.9185 -32.1979 -34.3576 -25.5246 -46.6045 35.3053 -38.1630 -2.5219 -28.8542 -48.4370 19.8119 -40.7341 12.9492 -31.5857 -48.9653 26.8028 -37.8445 -24.0310 -19.8224 -40.2167 3.2603 -23.4624 -40.7953 4.8681 -22.9177 -40.4370 2.1684 -22.8194 -41.2959 8.8865 -28.1807 -48.6945 -30.6530 15.2751 -42.8672 -2.3564 -47.6334 -15.4509 -42.3542 -26.3193 7.9141 -38.0696 -20.4602 -38.4342 -32.7322 20.5024 -48.7691 -28.6562
-48.5368 17.1888 -32.8032 -36.9091 -20.8672 -38.2867 8.6988 -26.4018 -43.4944 5.3956 10.1240 -39.4444 -22.4452 -16.9216 -39.8872 0.3595 -24.1220 -42.5962 18.1902 -37.9365 8.6326 -46.4279 -35.0747 4.2679 -43.4598 -36.2901 -13.5391 -26.1397 -38.3536 -16.2514 -32.7224 -37.6059 34.9445 -48.1335 -29.3628 -0.0063 -38.7444 29.7327 -43.6210 -16.9572 -48.1900 -31.0665 11.4777 -36.8972 32.4645 -41.3752 13.2951 -43.8898 -10.5597 -45.1861 -13.0521 -44.9315 -6.5173 -42.9934 34.3540 -37.2545 -0.6892 -27.3436 -46.6806 33.7656 -37.9763 -10.6879 -27.5604 -47.8623 33.9539 -39.8333 4.1390 -28.0178 -46.5163 29.5623 -34.0141 -49.1304 30.0814 -35.3778 -47.3868 16.3209 -34.7179 -48.3802 27.4927 -34.4660 -48.7896 27.2575 -36.0321 -42.5842 -24.9178 -40.6854 -37.1197 35.6140 -48.0633 -28.2305 -18.2463 -11.5019 -43.3375 -26.3978 8.7081 -38.2871 -20.8665 -36.9091 -32.8032 17.1888 -48.5368
1.2826 -32.4174 -35.2202 -21.2549 -38.5016 9.4748 -26.4755 -44.4131 27.0604 -25.8104 -47.3491 23.3224 -29.9470 -46.0536 26.5332 -33.8446 -49.1661 34.8652 -38.2782 24.7740 -45.2001 -29.2239 19.7612 -44.9567 -29.8831 25.0836 -47.2624 -32.1414 32.5628 -48.6797 -32.8341 25.6055 -45.3543 -25.6148 -15.0619 -37.9521 28.3837 -43.7389 -17.7434 -46.8749 -32.8324 23.0788 -41.7907 -16.1407 -49.0704 -26.0056 -41.0008 -29.7248 -15.2913 -30.9817 -7.5443 -30.8013 -24.2557 -27.7206 -48.9748 28.3775 -38.0581 -13.6682 -24.1239 -44.3740 25.9702 -36.5538 -32.7482 -23.8322 -45.9855 32.2602 -37.4575 -31.8832 -20.1889 -41.9340 12.1498 -27.9998 -44.9331 20.5698 -29.7579 -45.4683 20.7158 -28.8094 -44.3486 17.1453 -28.0252 -44.3188 19.2110 -30.9361 -48.5502 -27.7827 11.1338 -42.6321 -21.8134 -2.3857 -44.7230 -24.7850 27.2858 -44.4501 -26.4975 9.4461 -38.5018 -21.2548 -35.2202 -32.4174 1.2826
-33.5479 -33.3632 -21.6267 -38.7178 10.2121 -26.5990 -44.3791 27.3574 -32.3053 -49.0234 22.2989 -35.6626 -43.8139 -8.3154 -38.6965 0.3632 -24.6796 -42.1487 19.1676 -39.5935 -15.7529 -29.5417 -37.7400 -15.5750 -21.0924 -38.9675 -20.8304 3.0222 -41.3395 -24.2652 6.3723 -40.9023 -16.7456 -42.3418 -35.8494 23.4233 -42.7337 -14.1512 -48.0704 -32.7037 22.9696 -43.9606 -25.2910 -24.1078 -32.9032 18.4982 -37.6346 32.8379 -40.6685 32.3596 -41.4426 33.3890 -39.8468 15.2715 -29.7206 -47.8471 32.6610 -35.4743 -44.6631 -14.6664 -41.6431 15.9373 -34.0141 -47.0447 -15.0459 -43.0051 19.0465 -33.3524 -49.0900 26.4168 -37.4180 -33.6806 -15.8629 -38.9501 -13.4934 -18.7107 -38.5217 -23.5850 -15.1705 -37.2713 -34.8673 -12.7114 -38.0976 -19.9105 -23.8232 -48.7361 -32.7084 32.1152 -48.1550 -31.0469 34.7472 -49.0901 -29.7303 27.8656 -44.6629 -26.6025 10.1490 -38.7172 -21.6266 -33.3632 -33.5479
-33.8272 -21.9736 -38.9354 10.8819 -27.2469 -44.8485 34.4455 -37.0339 -28.4080 -22.3647 -41.7928 13.4903 -28.5630 -44.9360 24.8098 -35.9636 -47.8334 34.2359 -38.2678 32.5299 -47.8802 -32.0720 27.8271 -47.5002 -32.1807 32.7248 -49.1300 -33.5769 29.2289 -48.2585 -35.5507 34.0697 -49.0347 -32.3345 15.4833 -41.3731 -1.4251 -48.7554 -31.3610 14.5566 -41.5613 -24.1366 0.0266 -37.2327 31.6082 -45.6232 -21.3625 -49.3238 -26.1493 -44.5820 -27.0199 -45.9120 -18.9476 -41.2355 -8.5316 -21.2237 -42.4076 17.0176 -31.9128 -48.8115 32.7560 -39.4104 2.6845 -29.5554 -48.4626 30.8106 -39.8695 1.5194 -26.4667 -44.9474 23.2647 -32.4075 -48.4169 33.3586 -33.4685 -48.9498 33.3715 -32.4244 -47.9147 28.6870 -31.6331 -47.2715 28.6181 -33.1042 -48.5374 -20.1347 -39.5392 -35.8282 -6.0391 -43.6163 -34.4512 13.5950 -48.8557 -29.9294 28.5432 -44.8809 -26.7113 10.8334 -38.9344 -21.9736 -33.8272
-20.7757 -39.1537 11.5436 -27.7330 -47.3342 -6.9967 -42.2443 21.3511 -33.7373 -49.1124 27.9744 -36.4190 -43.9742 -2.6626 -39.3346 29.6500 -45.9588 -33.6052 13.2767 -41.3792 -21.8103 -3.6511 -39.9087 -20.7323 -0.3559 -40.8366 -23.8942 11.3662 -43.0136 -27.8720 17.2531 -43.9814 -26.2007 1.7363 -39.7307 31.8370 -48.0621 -29.0056 2.9518 -38.7920 -11.4969 -39.1123 -36.4053 -15.8484 -49.5978 -35.0814 6.1225 -40.5037 26.9333 -41.6104 33.5131 -40.6058 28.2739 8.9240 -33.9980 -48.4896 18.9811 -43.6435 10.5103 -25.2243 -44.3257 24.4817 -36.2525 -39.2316 -21.1862 -44.7065 25.8676 -35.6792 -46.2140 -8.4765 -39.6199 -1.3797 -23.2965 -41.8957 8.7327 -24.5898 -41.5748 5.6626 -22.4473 -40.3005 -2.3498 -20.9753 -40.3845 1.8165 -24.1599 -43.9757 -24.0988 -0.5201 -37.6290 -20.9375 -25.5944 -33.3738 7.3597 -48.7894 -30.0856 29.2380 -45.1018 -26.8222 11.5058 -39.1532 -20.7757
-39.9098 12.1868 -27.3674 -47.3001 -26.1571 -48.5751 -10.3862 -40.8749 6.4567 -25.6626 -44.2773 14.3234 -25.6480 -43.9927 25.4615 -40.8362 -17.3526 -26.3624 -36.7787 34.6700 -49.1812 -33.8351 33.8731 -48.9458 -33.3914 34.5250 -49.1376 -34.1513 -0.0380 -39.9219 -36.9875 -7.2086 -44.4087 -36.3063 31.4290 -45.9963 -25.0466 -23.7066 -37.2884 35.0669 -48.2440 -31.6857 33.4436 -49.7078 -35.2857 8.6001 -42.5847 36.8571 -45.0569 -12.9072 -45.8986 -7.0842 -42.9594 -24.9672 -46.9702 -7.5883 -44.2706 24.8125 -40.3258 -47.9690 2.7279 -39.4808 6.7677 -30.6313 -48.7603 21.5756 -40.5225 7.1722 -28.6538 -46.6063 30.3808 -34.7077 -49.0603 29.7813 -35.3958 -48.0166 25.7269 -34.2344 -49.2841 34.8235 -33.6268 -49.1353 34.9901 -34.4741 -48.6748 2.1924 -44.1044 -28.4474 10.5790 -39.3209 -22.7539 -29.9214 -33.0446 3.5026 -48.7557 -30.2351 29.9367 -45.3219 -26.9345 12.1682 -39.9098
