-22.5239 -44.0779 26.3720 -28.8712 -48.6265 -1.6356 -33.8858 -31.3333 -21.0925 -40.1570 13.5334 -25.8691 -46.1368 31.3479 -30.6014 -48.4607 -13.6845 -36.4790 -6.1585 -23.2262 -42.2154 20.3051 -27.4107 -47.8555 22.9502 -32.3272 -44.0139 -18.4622 -38.4543 6.9586 -24.6342 -44.3353 27.1884 -29.0793 -48.6935 -4.0999 -34.2280 -28.5104 -21.4010 -40.4062 14.3778 -26.0527 -46.3774 31.4322 -30.8185 -48.2378 -14.4639 -36.7614 -3.6441 -23.7691 -45.0206 -23.7691 -3.6442 -36.7614 -14.4639 -48.2378 -30.8185 31.4322 -46.3774 -26.0527 14.3778 -40.4062 -21.4010 -28.5104 -34.2280 -4.0999 -48.6935 -29.0793 27.1884 -44.3353 -24.6342 6.9586 -38.4543 -18.4622 -44.0139 -32.3272 22.9502 -47.8555 -27.4107 20.3051 -42.2154 -23.2262 -6.1585 -36.4790 -13.6845 -48.4607 -30.6014 31.3479 -46.1368 -25.8691 13.5334 -40.1570 -21.0925 -31.3333 -33.8858 -1.6356 -48.6265 -28.8712 26.3720 -44.0779 -22.5239
-44.0779 26.0564 -29.4660 -48.8060 12.6091 -32.6464 -30.8610 -22.3901 -39.4301 12.9895 -27.1383 -46.0267 32.6767 -30.6751 -48.3959 -11.1891 -35.2264 -6.0383 -25.0026 -41.7183 19.5289 -28.3172 -47.9408 33.1304 -31.7900 -43.7619 -18.7588 -37.5120 6.6574 -26.2036 -44.0506 26.5885 -29.5776 -48.8239 8.3349 -32.8809 -28.0168 -22.7932 -39.7087 13.8011 -27.2786 -46.2914 33.3500 -30.8250 -48.1580 -12.5353 -35.5528 -3.7406 -25.2287 -41.7188 31.0048 -41.7188 -25.2288 -3.7408 -35.5528 -12.5353 -48.1580 -30.8250 33.3500 -46.2914 -27.2786 13.8011 -39.7087 -22.7932 -28.0168 -32.8809 8.3349 -48.8239 -29.5776 26.5885 -44.0506 -26.2036 6.6574 -37.5120 -18.7588 -43.7619 -31.7900 33.1304 -47.9408 -28.3172 19.5289 -41.7183 -25.0026 -6.0383 -35.2264 -11.1891 -48.3959 -30.6751 32.6767 -46.0267 -27.1383 12.9895 -39.4301 -22.3901 -30.8610 -32.6464 12.6091 -48.8060 -29.4660 26.0564 -44.0779
26.3720 -29.4660 -48.7931 15.0207 -32.8952 -32.7578 -22.0729 -39.2167 12.3483 -27.0778 -45.8134 32.0932 -30.8233 -48.5374 -9.9555 -34.9572 -8.0929 -24.8086 -41.4897 18.8718 -28.3113 -47.7829 33.8824 -32.0722 -44.5678 -18.2430 -37.3030 5.8117 -26.1061 -43.8221 25.8676 -29.6419 -48.8203 11.9650 -32.9553 -30.2894 -22.4838 -39.4876 13.1581 -27.2241 -46.0821 32.8334 -30.9873 -48.3520 -11.4698 -35.2938 -5.5373 -25.0440 -41.8053 19.0187 -32.9723 19.0215 -41.8054 -25.0439 -5.5375 -35.2938 -11.4698 -48.3520 -30.9873 32.8334 -46.0821 -27.2241 13.1581 -39.4876 -22.4838 -30.2894 -32.9553 11.9650 -48.8203 -29.6419 25.8676 -43.8221 -26.1061 5.8117 -37.3030 -18.2430 -44.5678 -32.0722 33.8824 -47.7829 -28.3113 18.8718 -41.4897 -24.8086 -8.0929 -34.9572 -9.9555 -48.5374 -30.8233 32.0932 -45.8134 -27.0778 12.3483 -39.2167 -22.0729 -32.7578 -32.8952 15.0207 -48.7931 -29.4660 26.3720
-28.8712 -48.8060 15.0207 -32.8830 -33.8829 -21.8097 -39.0295 11.7486 -26.9652 -45.5963 31.4514 -30.6962 -48.6413 -8.5797 -34.6766 -10.3797 -24.6021 -41.2620 18.2214 -28.1863 -47.6165 34.3561 -31.9555 -45.2878 -17.6811 -37.0959 4.9192 -26.0026 -43.5896 25.1380 -29.5121 -48.7919 15.4757 -32.8929 -32.4281 -22.1471 -39.2683 12.5116 -27.1057 -45.8661 32.2429 -30.8615 -48.5038 -10.2920 -35.0227 -7.5721 -24.8575 -41.5484 19.1198 -28.8911 -48.7771 -28.8898 19.1234 -41.5482 -24.8573 -7.5764 -35.0231 -10.2920 -48.5038 -30.8615 32.2429 -45.8661 -27.1057 12.5116 -39.2683 -22.1471 -32.4281 -32.8929 15.4757 -48.7919 -29.5121 25.1380 -43.5896 -26.0026 4.9192 -37.0959 -17.6811 -45.2878 -31.9555 34.3561 -47.6165 -28.1863 18.2214 -41.2620 -24.6021 -10.3797 -34.6766 -8.5797 -48.6413 -30.6962 31.4514 -45.5963 -26.9652 11.7486 -39.0295 -21.8097 -33.8829 -32.8830 15.0207 -48.8060 -28.8712
-48.6265 12.6091 -32.8952 -33.8829 -21.7081 -38.9106 11.2771 -26.8711 -45.3927 30.8062 -30.5737 -48.7102 -7.0187 -34.3865 -12.8810 -24.3785 -41.0356 17.5778 -28.0619 -47.4428 34.6269 -31.8311 -45.9261 -17.0731 -36.8914 3.9733 -25.9001 -43.3532 24.4035 -29.3842 -48.7439 18.7962 -32.8130 -34.4193 -21.7901 -39.0512 11.8610 -26.9870 -45.6437 31.6000 -30.7368 -48.6167 -8.9704 -34.7413 -9.8361 -24.6531 -41.3233 18.3791 -28.2004 -46.9442 3.3119 -46.9559 -28.1692 18.4070 -41.3274 -24.6557 -9.8545 -34.7408 -8.9705 -48.6167 -30.7368 31.6000 -45.6437 -26.9870 11.8610 -39.0512 -21.7901 -34.4193 -32.8130 18.7962 -48.7439 -29.3842 24.4035 -43.3532 -25.9001 3.9733 -36.8914 -17.0731 -45.9261 -31.8311 34.6269 -47.4428 -28.0619 17.5778 -41.0356 -24.3785 -12.8810 -34.3865 -7.0187 -48.7102 -30.5737 30.8062 -45.3927 -26.8711 11.2771 -38.9106 -21.7081 -33.8829 -32.8952 12.6091 -48.6265
-1.6356 -32.6464 -32.7578 -21.8097 -38.9106 11.0877 -26.8168 -45.2428 30.2589 -30.4673 -48.7472 -5.3046 -34.0963 -15.5182 -24.1395 -40.8096 16.9370 -27.9399 -47.2630 34.7222 -31.6999 -46.4805 -16.4204 -36.6911 2.9739 -25.7991 -43.1162 23.6748 -29.2594 -48.6788 21.7966 -32.7241 -36.2344 -21.4159 -38.8386 11.2108 -26.8692 -45.4186 30.9220 -30.6143 -48.6943 -7.4873 -34.4531 -12.2884 -24.4327 -41.0917 17.7343 -28.1021 -47.5416 34.8865 -34.3917 34.9279 -47.2557 -31.4685 17.5866 -40.9825 -24.4397 -12.3239 -34.4512 -7.4874 -48.6943 -30.6143 30.9220 -45.4186 -26.8692 11.2108 -38.8386 -21.4159 -36.2344 -32.7241 21.7966 -48.6788 -29.2594 23.6748 -43.1162 -25.7991 2.9739 -36.6911 -16.4204 -46.4805 -31.6999 34.7222 -47.2630 -27.9399 16.9370 -40.8096 -24.1395 -15.5182 -34.0963 -5.3046 -48.7472 -30.4673 30.2589 -45.2428 -26.8168 11.0877 -38.9106 -21.8097 -32.7578 -32.6464 -1.6356
-33.8858 -30.8610 -22.0729 -39.0295 11.2771 -26.8168 -45.1870 29.9293 -30.3916 -48.7596 -3.6144 -33.8282 -18.0862 -23.8921 -40.5836 16.2888 -27.8228 -47.0811 34.6685 -31.5580 -46.9658 -15.7035 -36.4930 1.9165 -25.6989 -42.8748 22.9404 -29.1403 -48.5987 24.4183 -32.6192 -37.9027 -21.0177 -38.6308 10.5607 -26.7512 -45.1877 30.2076 -30.4939 -48.7408 -5.8092 -34.1604 -14.8924 -24.1956 -40.8637 17.0741 -28.1213 -47.2536 34.6372 -32.6890 -23.6304 -32.6024 26.3493 -2.1290 -36.4695 18.0743 -40.6533 -24.2032 -14.9342 -34.1580 -5.8092 -48.7408 -30.4939 30.2076 -45.1877 -26.7512 10.5607 -38.6308 -21.0177 -37.9027 -32.6192 24.4183 -48.5987 -29.1403 22.9404 -42.8748 -25.6989 1.9165 -36.4930 -15.7035 -46.9658 -31.5580 34.6685 -47.0811 -27.8228 16.2888 -40.5836 -23.8921 -18.0862 -33.8282 -3.6144 -48.7596 -30.3916 29.9293 -45.1870 -26.8168 11.2771 -39.0295 -22.0729 -30.8610 -33.8858
-31.3333 -22.3901 -39.2167 11.7486 -26.8711 -45.2428 29.9293 -30.3636 -48.7601 -2.3021 -33.6149 -20.2831 -23.6577 -40.3687 15.6583 -27.7111 -46.8999 34.4973 -31.4018 -47.3913 -14.8975 -36.2958 0.8184 -25.5943 -42.6251 22.1897 -29.0303 -48.5078 26.6212 -32.4926 -39.4485 -20.5866 -38.4286 9.9111 -26.6332 -44.9512 29.4629 -30.3743 -48.7597 -3.8820 -33.8670 -17.5449 -23.9452 -40.6404 16.3356 -28.9736 -47.3487 33.1370 -30.3787 -46.9798 -23.6566 -49.0603 -11.2607 -44.5548 25.0358 -38.0727 17.3242 -40.5121 -23.9485 -17.5763 -33.8659 -3.8820 -48.7597 -30.3743 29.4629 -44.9512 -26.6332 9.9111 -38.4286 -20.5866 -39.4485 -32.4926 26.6212 -48.5078 -29.0303 22.1897 -42.6251 -25.5943 0.8184 -36.2958 -14.8975 -47.3913 -31.4018 34.4973 -46.8999 -27.7111 15.6583 -40.3687 -23.6577 -20.2831 -33.6149 -2.3021 -48.7601 -30.3636 29.9293 -45.2428 -26.8711 11.7486 -39.2167 -22.3901 -31.3333
-21.0925 -39.4301 12.3483 -26.9652 -45.3927 30.2589 -30.3916 -48.7601 -1.7981 -33.4932 -21.7967 -23.4660 -40.1866 15.0914 -27.6079 -46.7233 34.2416 -31.2294 -47.7621 -13.9680 -36.1022 -0.3033 -25.4767 -42.3636 21.4129 -28.9329 -48.4094 28.4029 -32.3407 -40.8682 -20.1185 -38.2345 9.2689 -26.5154 -44.7099 28.6949 -30.2531 -48.7535 -1.6460 -33.5784 -20.1609 -23.6846 -40.3963 15.5880 -29.9415 -48.7400 -22.1649 -20.6158 -49.2732 -12.9187 -43.2276 28.2058 -43.8338 31.8097 -40.5060 7.4661 -34.1084 15.1717 -40.3934 -23.6838 -20.1720 -33.5772 -1.6514 -48.7536 -30.2531 28.6949 -44.7099 -26.5154 9.2689 -38.2345 -20.1185 -40.8682 -32.3407 28.4029 -48.4094 -28.9329 21.4129 -42.3636 -25.4767 -0.3033 -36.1022 -13.9680 -47.7621 -31.2294 34.2416 -46.7233 -27.6079 15.0914 -40.1866 -23.4660 -21.7967 -33.4932 -1.7981 -48.7601 -30.3916 30.2589 -45.3927 -26.9652 12.3483 -39.4301 -21.0925
-40.1570 12.9895 -27.0778 -45.5963 30.8062 -30.4673 -48.7596 -2.3021 -33.4932 -22.3371 -23.3549 -40.0601 14.6476 -27.5224 -46.5637 33.9397 -31.0575 -48.0650 -12.8920 -35.9207 -1.4120 -25.3473 -42.0823 20.5870 -28.8556 -48.3107 29.7742 -32.1481 -42.1810 -19.5995 -38.0524 8.6460 -26.3975 -44.4607 27.8991 -30.1260 -48.7594 1.0024 -33.3069 -22.5828 -23.4205 -40.1195 14.9644 -29.2299 -48.4870 -30.9074 12.9810 -43.4102 34.8591 -40.1808 24.8459 -39.6562 20.9527 -38.6402 8.9478 -32.7570 -46.4602 -29.9062 14.8847 -40.1384 -23.4155 -22.6256 -33.3074 1.0087 -48.7593 -30.1272 27.8991 -44.4607 -26.3975 8.6460 -38.0524 -19.5995 -42.1810 -32.1481 29.7742 -48.3107 -28.8556 20.5870 -42.0823 -25.3473 -1.4120 -35.9207 -12.8920 -48.0650 -31.0575 33.9397 -46.5637 -27.5224 14.6476 -40.0601 -23.3549 -22.3371 -33.4932 -2.3021 -48.7596 -30.4673 30.8062 -45.5963 -27.0778 12.9895 -40.1570
13.5334 -27.1383 -45.8134 31.4514 -30.5737 -48.7472 -3.6144 -33.6149 -21.7967 -23.3549 -40.0135 14.4015 -27.4656 -46.4403 33.6444 -30.9029 -48.2894 -11.7195 -35.7599 -2.4197 -25.2142 -41.7846 19.7119 -28.8096 -48.2217 30.7207 -31.9075 -43.4003 -19.0095 -37.8877 8.0640 -26.2828 -44.2087 27.0953 -29.9822 -48.7949 4.0750 -33.1286 -24.6721 -23.1639 -39.8123 14.1778 -27.7531 -47.4745 -21.7187 -41.4056 -34.1475 12.9711 -36.4139 9.0417 -35.8884 2.5882 -34.2300 -16.3359 -30.3895 -48.1909 -19.4787 -47.5163 -27.7273 14.2225 -39.8175 -23.1784 -24.5121 -33.3162 4.1628 -48.8124 -29.9892 27.0953 -44.2087 -26.2828 8.0640 -37.8877 -19.0095 -43.4003 -31.9075 30.7207 -48.2217 -28.8096 19.7119 -41.7846 -25.2142 -2.4197 -35.7599 -11.7195 -48.2894 -30.9029 33.6444 -46.4403 -27.4656 14.4015 -40.0135 -23.3549 -21.7967 -33.6149 -3.6144 -48.7472 -30.5737 31.4514 -45.8134 -27.1383 13.5334
-25.8691 -46.0267 32.0932 -30.6962 -48.7102 -5.3046 -33.8282 -20.2831 -23.4660 -40.0601 14.4015 -27.4458 -46.3718 33.4280 -30.7822 -48.4408 -10.5331 -35.6314 -3.2714 -25.0896 -41.4796 18.8041 -28.8054 -48.1568 31.2096 -31.5997 -44.5192 -18.3277 -37.7407 7.5250 -26.1765 -43.9658 26.3194 -29.8124 -48.8207 7.6531 -33.1011 -27.2789 -22.8579 -39.5020 13.1979 -27.5516 -46.1265 27.2551 -46.1994 -22.1419 -47.1265 -28.9944 -41.3248 -29.1216 -45.2298 -27.2481 -48.6994 -23.2106 -48.2037 -7.2677 -43.0550 33.7852 -46.1900 -27.5749 12.8934 -39.3734 -23.2116 -19.6282 -33.9413 8.6989 -48.8719 -29.8135 26.3269 -43.9667 -26.1780 7.5150 -37.7415 -18.3295 -44.5205 -31.5997 31.2096 -48.1568 -28.8054 18.8041 -41.4796 -25.0896 -3.2714 -35.6314 -10.5331 -48.4408 -30.7822 33.4280 -46.3718 -27.4458 14.4015 -40.0601 -23.4660 -20.2831 -33.8282 -5.3046 -48.7102 -30.6962 32.0932 -46.0267 -25.8691
-46.1368 32.6767 -30.8233 -48.6413 -7.0187 -34.0963 -18.0862 -23.6577 -40.1866 14.6476 -27.4656 -46.3718 33.3504 -30.7170 -48.5248 -9.5022 -35.5455 -3.8754 -24.9863 -41.1845 17.9123 -28.8415 -48.1260 31.1694 -31.1985 -45.5228 -17.5328 -37.6107 7.0286 -26.0813 -43.7440 25.5268 -29.6420 -48.8337 11.8741 -33.2817 -25.6070 -23.8027 -38.3344 13.1791 -27.5249 -46.4931 34.1705 -39.1685 34.5921 -44.4571 -6.7911 -46.7121 -14.3382 -46.6362 -10.4317 -45.3547 13.4117 -43.1830 35.4974 -40.3563 22.5229 -38.1009 34.1331 -46.9919 -27.8509 16.7465 -39.7354 -31.7444 7.9331 -35.1337 14.1675 -48.8452 -29.6051 25.6477 -43.6837 -29.1439 6.9032 -37.6004 -17.5372 -45.5246 -31.1986 31.1694 -48.1260 -28.8415 17.9123 -41.1845 -24.9863 -3.8754 -35.5455 -9.5022 -48.5248 -30.7170 33.3504 -46.3718 -27.4656 14.6476 -40.1866 -23.6577 -18.0862 -34.0963 -7.0187 -48.6413 -30.8233 32.6767 -46.1368
31.3479 -30.6751 -48.5374 -8.5797 -34.3865 -15.5182 -23.8921 -40.3687 15.0914 -27.5224 -46.4403 33.4280 -30.7170 -48.5511 -8.8977 -35.4974 -4.2150 -24.9129 -40.9312 17.1180 -28.9111 -48.1309 30.5368 -30.7017 -46.3759 -16.6129 -37.5151 6.6213 -25.9963 -43.5145 24.3644 -32.2590 -48.5688 17.7915 -33.7072 -21.1133 -31.1482 -9.3295 -46.5416 -23.7904 -45.7774 32.4326 -34.5677 6.0782 -37.6845 22.3874 -39.6716 29.5163 -40.2233 29.3791 -39.7696 26.8832 -39.0407 19.7453 -37.9153 10.0735 -36.3495 -3.9731 -34.9678 31.7889 -44.9855 -12.1927 -43.8103 31.0054 -41.1287 11.6260 -35.1400 17.1167 -49.0561 -29.2021 -3.4492 28.4247 -34.5941 6.3554 -37.4987 -16.6143 -46.3771 -30.7017 30.5368 -48.1309 -28.9111 17.1180 -40.9312 -24.9129 -4.2150 -35.4974 -8.8977 -48.5511 -30.7170 33.4280 -46.4403 -27.5224 15.0914 -40.3687 -23.8921 -15.5182 -34.3865 -8.5797 -48.5374 -30.6751 31.3479
-30.6014 -48.3959 -9.9555 -34.6766 -12.8810 -24.1395 -40.5836 15.6583 -27.6079 -46.5637 33.6444 -30.7822 -48.5248 -8.8977 -35.4820 -4.3583 -24.8711 -40.7487 16.4965 -29.0052 -48.1665 29.1968 -30.1292 -47.0509 -15.5819 -37.4707 6.4048 -25.9202 -43.3007 23.4712 -35.6425 -6.0466 -18.2584 -33.7191 -15.2839 -32.9595 6.3329 -41.7869 30.2948 -41.0815 23.0367 -31.0860 -45.3397 -29.4688 -30.5377 -32.9835 -1.1671 -34.3295 2.9092 -35.3327 10.2466 -38.4865 21.2291 -38.1896 12.0290 -36.6394 -1.0624 -34.8574 -21.7033 -34.9269 19.2381 -39.9770 27.2977 -41.1760 16.7852 -36.3400 -7.8740 -34.1516 34.6503 -45.4486 -11.9313 -41.8319 13.8090 -33.8769 5.7256 -37.4842 -15.5762 -47.0519 -30.1273 29.1968 -48.1665 -29.0052 16.4965 -40.7487 -24.8711 -4.3583 -35.4820 -8.8977 -48.5248 -30.7822 33.6444 -46.5637 -27.6079 15.6583 -40.5836 -24.1395 -12.8810 -34.6766 -9.9555 -48.3959 -30.6014
-48.4607 -11.1891 -34.9572 -10.3797 -24.3785 -40.8096 16.2888 -27.7111 -46.7233 33.9397 -30.9029 -48.4408 -9.5022 -35.4974 -4.3583 -24.8576 -40.6518 16.1090 -29.0979 -48.2118 27.0269 -29.5097 -47.5366 -14.5126 -37.4867 6.4586 -25.8478 -43.1540 23.0421 -35.5950 11.6235 -41.6728 -9.9566 -46.8391 -27.3162 -45.8254 -32.4188 8.4715 -34.9011 2.8824 -28.8522 -48.9041 -15.3306 -46.8651 -19.5553 -48.9792 -23.6362 -49.2139 -26.3321 -43.6686 -30.5625 12.6581 -43.5215 35.5608 -40.3075 25.7396 -37.9966 15.9807 -36.5560 7.1725 -36.4488 10.6767 -37.5977 9.8276 -36.3429 -23.8850 -31.4473 -39.0474 -33.1575 19.2075 -38.7414 17.2499 -35.6805 -42.8264 -29.4755 5.9635 -37.5180 -14.4963 -47.5373 -29.5077 27.0269 -48.2118 -29.0979 16.1090 -40.6518 -24.8576 -4.3583 -35.4974 -9.5022 -48.4408 -30.9029 33.9397 -46.7233 -27.7111 16.2888 -40.8096 -24.3785 -10.3797 -34.9572 -11.1891 -48.4607
-13.6845 -35.2264 -8.0929 -24.6021 -41.0356 16.9370 -27.8228 -46.8999 34.2416 -31.0575 -48.2894 -10.5331 -35.5455 -4.2150 -24.8711 -40.6518 15.9802 -29.1550 -48.2482 24.3893 -28.9165 -47.8501 -13.5322 -37.5766 6.8471 -25.7748 -42.9950 22.9239 -32.6351 -24.2380 -37.0688 26.3766 -44.2099 -10.9602 -47.6732 -20.7476 -48.7597 -26.4683 -48.3523 -22.6923 -46.1649 33.3748 -40.0948 32.8269 -41.7374 35.4493 -42.5578 33.3474 -42.6809 31.6976 -34.3128 -31.5753 -26.5573 -48.6142 -16.2314 -45.4477 8.4980 -42.8736 35.3970 -40.4268 26.3078 -37.8392 15.9795 -37.1096 4.4778 -34.0029 -40.1222 -30.1761 -45.9600 -31.5410 -17.2352 -32.4601 -39.8662 -23.5820 -46.2384 -26.2098 7.1105 -37.5921 -13.5187 -47.8503 -28.9165 24.3893 -48.2482 -29.1550 15.9802 -40.6518 -24.8711 -4.2150 -35.5455 -10.5331 -48.2894 -31.0575 34.2416 -46.8999 -27.8228 16.9370 -41.0356 -24.6021 -8.0929 -35.2264 -13.6845
-36.4790 -6.0383 -24.8086 -41.2620 17.5778 -27.9399 -47.0811 34.4973 -31.2294 -48.0650 -11.7195 -35.6314 -3.8754 -24.9129 -40.7487 16.1090 -29.1550 -48.2627 22.4808 -28.4739 -48.0291 -12.7651 -37.7347 7.5757 -25.7032 -42.7865 22.8110 -29.8166 -48.4263 -30.1686 -4.1988 -38.3956 27.0828 -42.1624 34.1010 -44.6981 7.5102 -44.8916 19.3784 -41.5242 29.2999 -38.3481 18.0341 -38.8807 21.0602 -39.2107 22.8248 -39.0304 22.0697 -38.4397 10.9864 -35.3942 -11.3191 -31.5688 -38.1391 -28.4414 -47.7506 -24.7767 -48.9147 -18.8194 -45.9666 6.3657 -42.2670 33.7864 -38.8928 18.2586 -35.8388 -1.6506 -32.1940 -43.4557 -30.0340 -48.4402 -23.2185 -46.0816 29.8541 -42.6524 -25.6326 7.8525 -37.7403 -12.7631 -48.0292 -28.4739 22.4808 -48.2627 -29.1550 16.1090 -40.7487 -24.9129 -3.8754 -35.6314 -11.7195 -48.0650 -31.2294 34.4973 -47.0811 -27.9399 17.5778 -41.2620 -24.8086 -6.0383 -36.4790
-6.1585 -25.0026 -41.4897 18.2214 -28.0619 -47.2630 34.6685 -31.4018 -47.7621 -12.8920 -35.7599 -3.2714 -24.9863 -40.9312 16.4965 -29.0979 -48.2482 22.4808 -28.3071 -48.1104 -12.2888 -37.9106 8.4761 -25.6353 -42.5962 22.3118 -28.8570 -48.2611 -21.5497 -48.2068 -32.7754 1.1797 -38.0008 19.8222 -40.3784 29.5187 -40.7300 31.9820 -39.9743 28.8144 -39.3216 27.9102 -40.0545 31.1621 -40.7194 32.9667 -40.8758 32.8120 -40.5402 30.6760 -39.6571 25.9561 -38.2422 20.4608 -36.6043 13.9433 -35.2024 4.7421 -33.0541 -23.5733 -29.4686 -47.3312 -24.2398 -48.1501 -12.1502 -43.6133 35.3198 -39.0789 17.8163 -35.3235 -12.0249 -30.1795 -48.6991 -18.8291 -43.9698 36.0610 -42.1764 -25.5925 8.7521 -37.9170 -12.2859 -48.1105 -28.3071 22.4808 -48.2482 -29.0979 16.4965 -40.9312 -24.9863 -3.2714 -35.7599 -12.8920 -47.7621 -31.4018 34.6685 -47.2630 -28.0619 18.2214 -41.4897 -25.0026 -6.1585
-23.2262 -41.7183 18.8718 -28.1863 -47.4428 34.7222 -31.5580 -47.3913 -13.9680 -35.9207 -2.4197 -25.0896 -41.1845 17.1180 -29.0052 -48.2118 24.3893 -28.4739 -48.1104 -12.1289 -38.0235 9.2295 -25.5748 -42.4473 21.7757 -28.8852 -48.0712 -19.5780 -48.7397 -29.6415 -22.9067 -36.0333 12.5630 -38.8779 25.7190 -40.4415 35.1153 -42.3297 29.5538 -43.8989 -1.1007 -45.5415 -13.3551 -46.8869 -17.0957 -47.5144 -18.2267 -47.5756 -17.6897 -47.1034 -15.2603 -46.0169 -8.7780 -44.4607 14.4668 -42.7752 35.0890 -40.7442 28.8561 -37.8127 17.1906 -35.3362 2.5959 -31.7604 -41.6305 -25.9629 -48.5765 -12.2238 -43.1682 33.3370 -38.0649 11.3875 -32.7990 -42.7107 -24.1957 -46.3541 26.8798 -41.9383 -25.5968 9.5530 -38.0357 -12.1256 -48.1105 -28.4739 24.3893 -48.2118 -29.0052 17.1180 -41.1845 -25.0896 -2.4197 -35.9207 -13.9680 -47.3913 -31.5580 34.7222 -47.4428 -28.1863 18.8718 -41.7183 -23.2262
-42.2154 19.5289 -28.3113 -47.6165 34.6269 -31.6999 -46.9658 -14.8975 -36.1022 -1.4120 -25.2142 -41.4796 17.9123 -28.9111 -48.1665 27.0269 -28.9165 -48.0291 -12.2888 -38.0235 9.5210 -25.5358 -42.3462 21.3191 -29.2139 -48.4261 -23.1998 -47.8664 -31.1737 0.2211 -37.0254 21.1421 -40.0445 35.6086 -43.7754 -8.4291 -47.2947 -21.5267 -49.1226 -25.9444 -46.6405 -28.6658 -39.6274 -30.4150 -30.5471 -31.3297 -24.9730 -31.5250 -25.9496 -31.0593 -32.8701 -29.9151 -41.6232 -28.0218 -47.6192 -25.2630 -49.1981 -21.0885 -47.1148 -9.4480 -43.6506 34.7407 -40.1128 23.5212 -36.3764 6.1071 -31.8664 -43.6510 -24.7606 -47.4250 12.5885 -40.6607 22.3760 -35.8406 -14.9128 -27.9878 -48.1188 0.9657 -42.1086 -25.6409 9.8663 -38.0377 -12.2849 -48.0292 -28.9165 27.0269 -48.1665 -28.9111 17.9123 -41.4796 -25.2142 -1.4120 -36.1022 -14.8975 -46.9658 -31.6999 34.6269 -47.6165 -28.3113 19.5289 -42.2154
20.3051 -28.3172 -47.7829 34.3561 -31.8311 -46.4805 -15.7035 -36.2958 -0.3033 -25.3473 -41.7846 18.8041 -28.8415 -48.1309 29.1968 -29.5097 -47.8501 -12.7651 -37.9106 9.2296 -25.5356 -42.3093 21.0290 -29.6447 -48.7218 -26.5783 -40.1000 -33.5732 12.9651 -38.6301 34.5544 -43.6437 -12.9343 -48.4994 -25.3185 -45.3045 -30.5394 -13.4448 -33.7736 7.2099 -35.4524 14.5802 -36.3570 19.4110 -37.3097 22.4287 -37.8999 23.5229 -37.8832 22.6254 -37.2702 19.8377 -36.0654 15.3148 -35.2344 8.6359 -33.8589 -6.8946 -31.1462 -41.6762 -26.5810 -49.1552 -18.7156 -45.3798 30.6242 -40.2382 22.0701 -36.0566 -3.2645 -29.8060 -48.8732 -17.1498 -43.8186 32.1454 -37.9930 3.6895 -29.9975 -48.7102 -10.1342 -42.6067 -25.6892 9.5615 -37.9213 -12.7618 -47.8501 -29.5098 29.1968 -48.1309 -28.8415 18.8041 -41.7846 -25.3473 -0.3033 -36.2958 -15.7035 -46.4805 -31.8311 34.3561 -47.7829 -28.3172 20.3051
-27.4107 -47.9408 33.8824 -31.9555 -45.9261 -16.4204 -36.4930 0.8184 -25.4767 -42.0823 19.7119 -28.8054 -48.1260 30.5368 -30.1292 -47.5366 -13.5322 -37.7347 8.4761 -25.5746 -42.3466 21.0049 -29.9542 -48.7529 -28.7647 -22.1380 -35.7307 21.7214 -40.5632 7.8851 -47.5824 -25.0985 -43.1223 -31.7429 4.1479 -35.6071 19.0955 -38.4689 31.1395 -41.1953 33.6555 -42.9740 9.8819 -44.3014 -7.6401 -45.3624 -12.2463 -45.8278 -12.7351 -45.5770 -9.7803 -44.5804 1.8163 -43.3244 29.1062 -41.8067 33.8217 -39.3996 22.9173 -36.3556 10.0791 -33.3922 -27.0704 -28.1076 -49.1332 -17.3996 -44.4011 35.2065 -38.6040 12.6059 -32.9582 -42.7579 -23.7598 -46.3708 35.3595 -39.0612 9.7260 -31.1376 -48.7004 -12.9175 -42.7361 -25.7067 8.7838 -37.7445 -13.5288 -47.5369 -30.1293 30.5368 -48.1260 -28.8054 19.7119 -42.0823 -25.4767 0.8184 -36.4930 -16.4204 -45.9261 -31.9555 33.8824 -47.9408 -27.4107
-47.8555 33.1304 -32.0722 -45.2878 -17.0731 -36.6911 1.9165 -25.5943 -42.3636 20.5870 -28.8096 -48.1568 31.1694 -30.7017 -47.0509 -14.5126 -37.5766 7.5757 -25.6353 -42.4487 21.2635 -29.9961 -48.6772 -29.8690 -6.6343 -37.2066 29.5349 -43.3051 -18.0967 -48.6613 -30.1385 2.0093 -35.7676 23.9513 -40.2077 31.6847 -44.2988 -14.2374 -47.8778 -22.4955 -49.2178 -26.0868 -46.3717 -28.4268 -40.1344 -29.8067 -34.2477 -30.3499 -33.1034 -30.1117 -37.6822 -29.0485 -44.3822 -27.0310 -48.8023 -23.8455 -48.6618 -17.4609 -45.4895 19.7418 -41.5000 29.3192 -37.5128 11.0657 -33.0623 -38.0923 -25.9602 -47.8478 9.7481 -40.6220 21.3363 -35.5580 -23.5558 -27.0738 -47.8624 27.1332 -39.5273 12.3168 -31.6112 -48.6554 -11.7510 -42.4679 -25.6970 7.9145 -37.6014 -14.5040 -47.0530 -30.6997 31.1695 -48.1568 -28.8096 20.5870 -42.3636 -25.5943 1.9165 -36.6911 -17.0731 -45.2878 -32.0722 33.1304 -47.8555
22.9502 -31.7900 -44.5678 -17.6811 -36.8914 2.9739 -25.6989 -42.6251 21.4129 -28.8556 -48.2217 31.2096 -31.1985 -46.3759 -15.5819 -37.4867 6.8472 -25.7031 -42.5994 21.7093 -29.8311 -48.7021 -30.1517 -1.0842 -37.9643 34.4351 -45.4974 -24.2111 -38.8278 -33.3587 18.3133 -39.3502 27.2331 -45.7593 -21.0214 -49.1323 -27.9009 -32.1596 -32.0554 2.6614 -34.1641 12.6854 -35.1501 18.4699 -36.6841 22.1747 -37.5250 23.6542 -37.6461 22.7109 -37.0350 19.3861 -35.8484 13.8328 -34.9484 4.6518 -32.8642 -27.2151 -28.8210 -48.6331 -22.0942 -46.7215 16.5467 -41.0244 24.6629 -36.7352 -1.0763 -29.9235 -48.8745 -14.9536 -43.0353 28.5140 -37.3716 -5.2798 -28.7606 -48.4578 17.3367 -39.7030 12.5260 -31.3666 -48.7644 -5.2153 -42.1976 -25.7308 7.1895 -37.5375 -15.5652 -46.3809 -31.1945 31.2095 -48.2217 -28.8556 21.4129 -42.6251 -25.6989 2.9739 -36.8914 -17.6811 -44.5678 -31.7900 22.9502
-32.3272 -43.7619 -18.2430 -37.0959 3.9733 -25.7991 -42.8748 22.1897 -28.9329 -48.3107 30.7207 -31.5997 -45.5227 -16.6131 -37.4707 6.4586 -25.7744 -42.7873 22.2588 -29.5704 -48.7665 -29.7903 -0.9300 -38.1958 35.5825 -46.7648 -26.8770 -12.0571 -35.8240 31.5233 -43.5029 -19.2279 -48.9920 -29.3026 -5.7245 -34.1035 16.8995 -37.5104 30.5801 -40.8964 31.9671 -42.9010 1.1939 -44.6073 -11.8948 -45.9778 -15.1019 -46.4241 -14.9425 -45.9922 -10.9864 -44.7039 6.8379 -43.0123 34.7126 -40.8391 27.9923 -37.5722 14.1513 -34.6697 -14.0081 -29.3197 -48.8936 -18.7132 -44.8069 35.2707 -38.8541 11.0285 -32.3063 -46.3640 -20.8614 -44.8650 33.1952 -38.3564 1.1027 -29.4221 -48.5690 17.5964 -39.6450 10.3924 -30.4284 -48.3880 10.0907 -42.5787 -26.3226 6.0726 -37.4896 -16.6029 -45.5300 -31.5976 30.7206 -48.3107 -28.9329 22.1897 -42.8748 -25.7991 3.9733 -37.0959 -18.2430 -43.7619 -32.3272
-44.0139 -18.7588 -37.3030 4.9192 -25.9001 -43.1162 22.9404 -29.0303 -48.4094 29.7742 -31.9075 -44.5192 -17.5339 -37.5149 6.4126 -25.8446 -42.9896 22.7821 -29.3788 -48.7130 -28.6871 -6.0624 -38.0197 35.5881 -47.1414 -27.7775 0.6298 -37.0497 32.8631 -47.1759 -26.3251 -24.0238 -33.8764 20.0213 -39.2878 32.4233 -44.2714 -15.9853 -48.3520 -23.5308 -48.7861 -27.2794 -42.1542 -29.6662 -30.8367 -30.9651 -23.2809 -31.3088 -25.6891 -30.6874 -36.4178 -28.9325 -46.2290 -25.8532 -49.2040 -20.2854 -46.5196 6.8655 -42.1655 31.1776 -38.3207 11.9083 -33.3763 -38.4269 -25.6376 -47.5938 22.9552 -39.9461 17.2126 -34.1155 -40.3758 -23.5390 -45.9115 35.0011 -38.7184 2.2292 -29.3605 -48.4149 27.6255 -39.2724 5.1997 -28.7993 -47.1708 -3.0797 -46.1477 -29.1408 5.4634 -37.4848 -17.5363 -44.5250 -31.9075 29.7742 -48.4094 -29.0303 22.9404 -43.1162 -25.9001 4.9192 -37.3030 -18.7588 -44.0139
-18.4622 -37.5120 5.8117 -26.0026 -43.3532 23.6748 -29.1403 -48.5078 28.4029 -32.1481 -43.4003 -18.3286 -37.6096 6.6311 -25.9014 -43.0654 22.6637 -30.1943 -48.6520 -26.7694 -21.1548 -37.3030 34.5366 -46.7360 -27.6984 2.4031 -37.3962 16.0299 -48.7602 -29.0933 7.2412 -36.9586 35.1316 -44.8402 -20.4394 -49.1152 -28.4665 -22.1398 -32.7113 8.3070 -34.6129 17.3647 -36.5775 23.3550 -38.1040 26.5182 -38.6902 26.4375 -38.3261 23.0907 -36.9986 16.9375 -35.9647 7.8257 -33.7120 -21.0051 -29.4707 -48.2340 -22.0986 -46.7792 22.0276 -40.8992 22.8520 -36.4793 -7.9106 -28.9836 -48.7527 -5.2134 -41.1466 21.3465 -35.2763 -34.3267 -24.6309 -46.2594 35.1300 -38.6494 -0.5898 -28.4891 -47.7529 35.4929 -38.3378 -9.1640 -27.3462 -48.5026 -25.7066 -45.5919 -33.2531 5.5955 -37.5904 -18.3318 -43.4004 -32.1481 28.4029 -48.5078 -29.1403 23.6748 -43.3532 -26.0026 5.8117 -37.5120 -18.4622
-38.4543 6.6574 -26.1061 -43.5896 24.4035 -29.2594 -48.5987 26.6212 -32.3407 -42.1810 -19.0101 -37.7393 7.0321 -25.9628 -43.0819 23.3286 -33.6486 -47.7292 -26.4916 -38.8347 -35.8772 30.1256 -45.5547 -26.5894 -2.1363 -37.4771 13.6731 -48.9450 -30.3242 14.7815 -39.2108 -5.4499 -48.8036 -28.1363 -10.6446 -34.3187 18.7108 -38.4592 34.1019 -41.9898 13.9757 -44.5222 -11.9497 -46.4210 -16.8252 -47.2513 -17.3675 -46.9791 -14.3016 -45.5531 0.1954 -43.5347 34.5838 -41.0771 27.3737 -38.1479 12.6906 -34.4838 -22.7613 -28.5637 -48.9929 -15.1038 -43.7631 32.3948 -38.3659 5.8963 -30.7748 -48.6983 -13.5947 -42.1858 23.5783 -35.7792 -32.5621 -24.4983 -45.9654 33.7821 -38.0759 -10.7526 -26.3965 -46.1875 31.9639 -36.6581 -28.5944 -31.6268 -11.0113 -35.6407 7.2351 -32.3304 6.3676 -37.7365 -19.0108 -42.1790 -32.3407 26.6212 -48.5987 -29.2594 24.4035 -43.5896 -26.1061 6.6574 -38.4543
6.9586 -26.2036 -43.8221 25.1380 -29.3842 -48.6788 24.4183 -32.4926 -40.8682 -19.6002 -37.8872 7.5143 -26.0574 -43.2153 27.4889 -37.5311 -0.6651 -32.1914 -40.1625 -34.3475 22.8564 -43.5890 -23.8680 -18.7262 -37.0836 28.6719 -48.8190 -30.3994 16.8989 -40.8080 -17.4987 -47.5327 -31.5959 13.9945 -38.4180 34.6456 -44.6261 -17.5130 -48.9940 -25.2869 -46.3524 -29.0800 -33.3606 -31.1731 -20.9905 -31.8573 -21.9841 -31.2292 -35.0228 -29.1778 -46.4615 -25.5901 -49.0161 -17.9356 -45.8814 26.4951 -41.4313 26.2924 -37.8648 6.8456 -32.1318 -45.4745 -22.9697 -46.3160 34.9953 -39.1292 11.5651 -31.9300 -48.0525 -16.2713 -42.5550 23.7794 -35.6429 -36.3279 -23.1031 -45.0006 29.7991 -36.7626 -32.2578 -22.3990 -43.5871 22.4053 -36.1039 4.2986 -38.4750 26.8637 -39.5291 -49.0092 -27.3219 7.5318 -37.8846 -19.6001 -40.8682 -32.4926 24.4183 -48.6788 -29.3842 25.1380 -43.8221 -26.2036 6.9586
-24.6342 -44.0506 25.8676 -29.5121 -48.7439 21.7966 -32.6192 -39.4485 -20.1185 -38.0523 8.0524 -26.1699 -43.5576 28.1546 -40.5166 28.0021 -38.7236 6.8804 -35.2543 15.0554 -40.9269 -18.4075 -40.5055 -35.7235 35.1415 -47.8684 -29.4316 14.5010 -40.6867 -19.2280 -43.5422 -33.6976 23.9419 -41.7553 -13.4546 -49.0940 -27.8858 -25.1948 -33.2990 9.4444 -35.9080 18.7213 -37.4593 23.7585 -38.4929 24.4833 -38.2023 20.9641 -37.4494 14.1093 -35.8308 2.2009 -32.6517 -37.5837 -27.4429 -49.0062 -16.6453 -44.9680 35.6403 -39.5324 16.9488 -34.9081 -27.6496 -27.0903 -48.0213 17.1645 -39.5465 15.1353 -32.5687 -47.5546 -16.4683 -42.2580 21.9312 -34.8675 -42.8179 -19.9674 -43.3059 23.2453 -34.6129 -46.2556 -13.7826 -40.8134 16.8619 -38.9113 31.8887 -45.3407 -15.9789 33.3467 -43.3055 -26.1699 8.0500 -38.0523 -20.1185 -39.4485 -32.6192 21.7966 -48.7439 -29.5121 25.8676 -44.0506 -24.6342
-44.3353 26.5885 -29.6419 -48.7919 18.7962 -32.7241 -37.9027 -20.5866 -38.2345 8.6460 -26.2822 -43.9567 25.9450 -35.9141 -14.5373 -46.4657 35.1981 -39.2951 15.2366 -39.0913 -0.5669 -48.3914 -33.4328 27.2190 -45.5543 -27.5358 8.0240 -39.0860 -16.3048 -44.5020 -34.2484 28.8455 -44.2973 -22.5192 -43.5287 -32.5437 12.2562 -37.6627 30.7062 -41.7963 27.5039 -44.2846 -4.4166 -45.5565 -9.7537 -45.5531 -2.7975 -44.4184 28.2226 -42.4234 32.9808 -39.5052 19.4765 -36.9055 3.5528 -32.2571 -43.2564 -25.3177 -47.8490 0.4423 -41.6721 26.8246 -37.1375 -0.3214 -29.5401 -48.8330 -7.2364 -40.2477 17.3287 -32.6508 -47.8843 -14.1616 -41.2876 18.1928 -33.4545 -47.6360 -12.8836 -41.2573 15.2682 -31.7982 -48.9321 26.8019 -39.9213 26.9295 -43.7002 -10.1277 -48.7457 -29.8787 25.0635 -43.9806 -26.2839 8.6460 -38.2345 -20.5866 -37.9027 -32.7241 18.7962 -48.7919 -29.6419 26.5885 -44.3353
27.1884 -29.5776 -48.8203 15.4757 -32.8130 -36.2344 -21.0177 -38.4286 9.2689 -26.3975 -44.2069 26.3150 -30.4977 -47.2381 -11.1437 -28.0725 -47.9826 35.7748 -39.9321 35.5778 -48.1536 -30.6039 16.6731 -42.2402 -23.5536 -10.0478 -37.4956 -1.6343 -48.2110 -33.2887 27.7353 -44.8753 -25.0592 -25.5970 -35.5406 24.5882 -41.3123 6.1405 -47.1529 -21.9764 -49.0395 -26.8316 -45.4130 -28.6623 -43.5704 -28.3420 -46.8258 -26.0247 -49.0950 -20.3070 -46.9001 2.9618 -42.9671 33.8820 -39.3263 17.1364 -35.8014 -8.1348 -29.9513 -48.5324 -19.8808 -45.0763 35.5098 -38.2131 11.1300 -31.2749 -48.3822 -15.3955 -40.8769 17.8084 -32.1228 -48.6353 -6.2243 -40.1667 12.6922 -31.4693 -48.8789 17.3435 -39.5375 4.3167 -27.8279 -46.3053 34.4329 -41.6893 14.3719 -48.2442 -24.9587 -48.1218 -30.6031 26.4202 -44.2089 -26.3980 9.2689 -38.4286 -21.0177 -36.2344 -32.8130 15.4757 -48.8203 -29.5776 27.1884
-29.0793 -48.8239 11.9650 -32.8929 -34.4193 -21.4159 -38.6308 9.9111 -26.5154 -44.4607 27.0869 -29.7627 -48.3625 -7.1705 -36.3142 -17.7057 -24.6252 -44.6391 35.9918 -44.9696 -26.6150 4.2141 -39.2973 -13.9437 -43.3297 -35.6484 34.9754 -48.6087 -31.1449 21.3350 -43.5948 -24.5146 -18.8777 -36.8908 32.4904 -44.6488 -19.6055 -48.4295 -29.7844 -15.8236 -34.3090 7.1255 -36.1634 11.3670 -36.4922 9.5851 -35.5877 0.5117 -33.0742 -33.1879 -28.6902 -48.5745 -21.6337 -46.9091 7.0625 -42.1664 31.0339 -38.0619 12.5762 -33.5825 -33.0171 -26.6693 -48.1497 -1.6831 -40.0337 19.4927 -32.7791 -46.1249 -18.3122 -40.7762 15.8823 -30.9557 -48.7822 22.5538 -39.2275 3.8816 -28.5147 -47.2768 34.9656 -37.3419 -31.6473 -20.5969 -42.5747 36.0924 -46.4348 -25.7541 -35.9133 -29.1334 -48.6847 -30.0794 27.1365 -44.4608 -26.5154 9.9111 -38.6308 -21.4159 -34.4193 -32.8929 11.9650 -48.8239 -29.0793
-48.6935 8.3349 -32.9553 -32.4281 -21.7901 -38.8386 10.5607 -26.6332 -44.7099 27.8954 -29.9394 -48.5203 -11.3645 -41.2651 24.5135 -35.5469 -44.8610 -13.1462 -42.7174 -19.0280 -34.5365 -36.8490 31.3933 -49.0384 -32.3845 25.9120 -45.6864 -28.1261 11.5838 -40.7116 -20.6755 -32.4113 -36.5678 34.2020 -46.2288 -24.6765 -37.8386 -33.7821 11.9280 -38.5721 25.5858 -40.6280 33.0307 -41.6998 33.5887 -41.0516 28.3575 -39.5245 18.6476 -37.2078 6.8788 -33.7081 -28.3658 -28.8402 -48.6485 -21.7085 -46.5232 10.3103 -41.2857 28.4490 -36.3799 7.3323 -30.8654 -47.6418 -20.2831 -43.0711 27.1553 -33.6930 -44.2511 -17.9418 -39.6489 10.8777 -29.1800 -47.4967 35.3214 -37.6162 -24.0721 -23.2194 -43.8879 22.5608 -33.6518 -48.7747 8.3306 -41.9554 -15.4666 -38.4607 -37.0498 29.1343 -19.1335 -48.6386 -29.9376 27.9004 -44.7099 -26.6332 10.5607 -38.8386 -21.7901 -32.4281 -32.9553 8.3349 -48.6935
-4.0999 -32.8809 -30.2894 -22.1471 -39.0512 11.2108 -26.7512 -44.9512 28.6936 -30.1126 -48.6343 -14.1314 -48.5479 -12.8345 -42.6095 16.2255 -30.6147 -47.2256 -7.5853 -48.7602 -33.3462 27.2699 -46.0047 -28.4368 12.1620 -41.1797 -22.4898 -10.9736 -37.9402 -6.9467 -46.8164 -34.6660 30.9407 -46.0014 -25.9371 -21.6623 -36.2164 21.9066 -41.0191 33.8557 -44.9553 -7.5338 -46.8725 -14.4535 -46.9863 -9.9166 -45.4228 21.5573 -42.8932 34.5222 -39.9781 22.9399 -37.1717 10.9814 -34.0363 -16.1369 -29.4711 -48.1535 -22.7183 -46.6061 8.1735 -40.2479 23.5148 -34.1605 -26.1705 -25.4431 -45.2577 31.2863 -33.6375 -46.4083 -12.1612 -38.0029 -0.6320 -25.7743 -44.6118 25.1934 -34.6642 -47.1244 -10.0405 -40.4622 8.5842 -28.4285 -46.0532 33.8144 -46.2946 -29.6021 20.8747 -46.7446 -31.8175 10.6262 -48.8378 -30.1243 28.6949 -44.9512 -26.7512 11.2108 -39.0512 -22.1471 -30.2894 -32.8809 -4.0999
-34.2280 -28.0168 -22.4838 -39.2683 11.8610 -26.8692 -45.1877 29.4629 -30.2559 -48.7260 -6.4959 -44.6385 -28.4959 -48.7783 13.7527 -38.0951 -27.1945 -20.1905 -46.3768 -28.5735 11.8377 -41.2947 -21.7555 -16.0310 -37.7044 -2.8090 -46.9228 -35.0918 35.3084 -48.5592 -31.5005 21.6914 -43.9477 -24.3232 -22.0184 -37.0287 28.0312 -43.0256 -7.7556 -48.3960 -24.3580 -47.7212 -28.1482 -44.8600 -28.3237 -47.1796 -25.8966 -48.9928 -21.0036 -47.3870 -11.4518 -44.4767 25.9321 -41.5789 32.1604 -38.2122 18.3103 -34.4598 0.4971 -30.3053 -46.9551 -22.7620 -45.6617 34.5945 -36.2458 0.7638 -27.0806 -45.7940 29.7737 -32.3455 -49.0534 23.6818 -36.0924 -37.2748 -18.1884 -41.1567 12.9752 -30.6606 -48.2196 35.6243 -37.3945 -32.8564 -19.1723 -41.6238 -2.7498 -45.3087 -35.4879 -6.8087 -19.1836 -33.5327 4.3039 -48.7626 -30.2531 29.4629 -45.1877 -26.8692 11.8610 -39.2683 -22.4838 -28.0168 -34.2280
-28.5104 -22.7932 -39.4876 12.5116 -26.9870 -45.4186 30.2076 -30.3743 -48.7535 0.7754 -31.3693 -48.7862 15.4892 -27.7757 -45.2854 20.4379 -30.1179 -47.2598 -21.8271 -25.4250 -37.4135 9.2422 -48.2514 -34.5969 33.5218 -47.7631 -30.9102 20.7143 -44.4117 -26.9631 9.0067 -40.5003 -18.6065 -38.6962 -36.1638 28.9538 -44.2591 -17.9891 -48.4513 -30.0019 -19.6041 -34.4519 3.4516 -35.7589 4.7451 -35.0122 -3.6700 -33.0000 -25.6799 -30.3582 -42.6209 -27.2852 -48.7998 -23.3673 -48.2915 -16.4174 -44.4962 25.8399 -40.1641 25.7813 -34.5448 2.0383 -28.7512 -48.8988 -0.7654 -37.2098 4.5170 -26.7458 -44.3161 21.9519 -29.8649 -47.3103 30.5007 -33.0716 -49.0342 22.3227 -38.3944 -9.8785 -24.3237 -43.9092 21.4108 -32.9483 -48.9780 29.3034 -41.2406 -23.1140 2.1741 -38.5246 -23.2332 -25.9192 -33.1727 0.9961 -48.7536 -30.3743 30.2076 -45.4186 -26.9870 12.5116 -39.4876 -22.7932 -28.5104
-21.4010 -39.7087 13.1581 -27.1057 -45.6437 30.9220 -30.4939 -48.7597 -1.6463 -33.2801 -25.8840 -17.3601 -35.6779 -46.1075 13.7292 -35.4888 -45.7356 -18.5094 -48.7602 -33.5759 29.2885 -46.7156 -29.8168 16.3862 -42.8846 -24.9054 2.7574 -39.7899 -17.6728 -31.6427 -37.0538 14.3530 -48.7311 -33.6564 24.2236 -43.7784 -19.9422 -46.0332 -32.6063 6.3843 -37.9867 19.8566 -39.7445 25.9098 -39.6100 25.1155 -38.6233 22.3125 -37.2998 19.3494 -35.7527 14.9272 -34.0134 7.4012 -32.4215 -17.2442 -29.0784 -47.7848 -23.2593 -47.0385 -0.3392 -39.4704 18.9817 -31.2983 -48.4824 -8.5811 -37.0952 -4.0633 -23.8287 -40.7896 9.4818 -25.7018 -42.3978 14.1093 -28.6975 -46.2096 29.0453 -35.0283 -47.3325 -5.5835 -39.6377 2.3483 -25.7254 -43.8478 33.5084 -44.6357 -27.7009 10.7646 -39.0536 -22.9619 -24.6739 -33.3044 -1.6514 -48.7597 -30.4939 30.9220 -45.6437 -27.1057 13.1581 -39.7087 -21.4010
-40.4062 13.8011 -27.2241 -45.8661 31.6000 -30.6143 -48.7408 -3.8868 -33.5777 -22.6188 -23.0838 -39.8369 5.1492 -22.9188 -40.2629 4.4695 -24.5208 -45.9442 -27.2100 10.0283 -41.4347 -22.0251 -10.2746 -38.4601 -9.0788 -44.4698 -35.9172 33.9516 -49.1277 -33.1738 29.4414 -46.9191 -29.8408 14.6946 -41.4590 -17.3058 -45.8472 -33.5238 13.3587 -39.8953 32.8825 -43.0410 23.6320 -44.7724 0.4784 -44.6532 -5.4694 -44.7711 -9.2650 -44.6935 -7.2268 -43.7373 10.3274 -42.0466 34.4647 -39.3069 25.0050 -34.9822 9.5001 -30.8911 -43.8325 -22.9151 -43.6461 26.4794 -31.9887 -48.8378 11.1098 -35.5820 -39.2100 -13.5823 -36.7027 -33.7116 -14.4087 -37.7730 -19.3093 -20.6544 -41.5223 12.1333 -29.5734 -47.0952 32.7048 -35.7033 -46.4637 -4.4840 -38.9246 33.1372 -47.3639 -28.1690 11.9037 -39.4663 -23.1645 -22.6201 -33.5787 -3.8820 -48.7408 -30.6143 31.6000 -45.8661 -27.2241 13.8011 -40.4062
14.3778 -27.2786 -46.0821 32.2429 -30.7368 -48.6943 -5.8134 -33.8657 -20.2167 -23.4281 -39.8461 13.8439 -27.0725 -44.2707 20.7705 -30.0948 -46.6227 -17.3939 -40.8590 -36.4897 23.1527 -48.8321 -34.5306 33.3086 -47.8774 -31.2969 20.9607 -44.5253 -27.1471 10.6002 -41.5277 -22.8027 -5.9127 -38.6623 -0.8496 -48.4433 -32.8666 15.4452 -40.6085 33.0982 -46.2586 -18.7079 -49.0082 -25.7692 -47.5733 -27.7126 -43.2026 -29.2507 -33.0416 -29.9320 -30.6511 -29.2710 -40.8289 -27.0301 -48.9910 -22.7498 -47.5698 -12.7397 -42.5635 33.7304 -35.0888 -3.6302 -26.3393 -44.4539 24.0584 -30.6209 -48.3555 34.2939 -32.5295 -49.0674 34.7685 -32.4201 -48.7791 34.0837 -33.7223 -49.1053 27.8929 -37.5079 -28.1250 -20.2042 -42.0655 12.9021 -29.3139 -46.3651 28.7317 -36.4061 34.6130 -47.2979 -27.7993 13.1308 -39.8118 -23.4188 -20.1559 -33.8674 -5.8092 -48.6943 -30.7368 32.2429 -46.0821 -27.2786 14.3778
-26.0527 -46.2914 32.8334 -30.8615 -48.6167 -7.4875 -34.1606 -17.5478 -23.6915 -40.0139 13.6581 -28.5075 -46.3441 33.3352 -35.0372 -47.6286 -13.7041 -47.2881 -31.3943 22.4991 -45.2152 -28.3478 13.5550 -42.2741 -23.9185 -0.6095 -39.5334 -15.1391 -37.2946 -36.6629 15.6865 -48.2386 -35.0391 34.7748 -48.0775 -30.5942 12.5081 -40.4454 19.3064 -48.0766 -25.6869 -41.4211 -32.5680 2.9951 -35.1098 14.1162 -36.0745 25.1994 -38.5226 30.8589 -39.1149 30.0451 -37.8355 22.9647 -34.7942 10.9559 -31.7861 -21.2783 -27.2758 -49.1717 -9.3709 -36.8915 0.1388 -24.9904 -42.0703 14.1931 -27.6340 -44.1929 17.7106 -27.7693 -43.5215 14.1630 -26.1687 -42.4475 12.7893 -27.5081 -44.8427 22.9891 -33.0465 -49.0490 33.0065 -37.3322 -34.4785 -17.2203 -40.5527 8.0912 -34.5278 34.1293 -46.5112 -27.5377 14.1922 -40.1249 -23.6851 -17.5557 -34.1605 -7.4873 -48.6167 -30.8615 32.8334 -46.2914 -26.0527
-46.3774 33.3500 -30.9873 -48.5038 -8.9706 -34.4543 -14.8550 -23.9481 -40.2301 15.6090 -32.2561 -48.7567 10.1907 -39.6228 2.9917 -26.0310 -45.2293 -22.4053 -6.4044 -39.3508 -16.2141 -32.4767 -37.1067 7.5721 -47.6791 -35.2706 34.9733 -48.4997 -32.2088 24.4395 -45.6843 -29.0795 16.2591 -43.2568 -25.3910 1.0878 -39.4116 24.3053 -48.5006 -28.3386 -19.1497 -35.8181 18.1697 -39.9710 35.3293 -43.1386 -14.6527 -48.1741 -22.3041 -49.4491 -23.5589 -49.4501 -21.9022 -47.8166 -14.5817 -43.2417 30.9009 -39.2105 24.6977 -31.9056 -46.1552 -10.7537 -36.2221 -29.4808 -17.9443 -38.3771 -10.4164 -20.1498 -38.5777 -17.2391 -16.7426 -36.8577 -38.7865 -7.7845 -36.4425 -37.8106 -14.0081 -39.5976 0.4850 -25.0020 -43.7247 19.3715 -31.7937 -48.2304 34.2651 -36.4864 -16.1453 -35.5916 34.2303 -46.1271 -27.8465 14.8398 -40.3905 -23.9487 -14.9132 -34.4535 -8.9704 -48.5038 -30.9873 33.3500 -46.3774
31.4322 -30.8250 -48.3520 -10.2921 -34.7420 -12.2810 -24.2009 -40.4376 21.1576 -36.9865 -21.5487 -25.6404 -45.2990 27.7570 -34.7731 -48.6722 -14.0330 -48.7306 -33.9820 33.3506 -48.3774 -32.4218 25.7089 -45.9533 -29.2683 15.1908 -42.7234 -24.4008 1.7358 -40.0341 -17.9427 -25.7149 -37.7194 -8.0470 -43.6189 -36.4259 35.4934 -47.8394 -28.4005 -7.8334 -37.4569 23.3202 -41.7766 -16.7885 -49.4558 -32.6251 -20.7258 -38.8539 15.9733 -40.3197 21.6407 -40.3169 13.6287 -38.7741 -14.2396 -34.8301 -47.5882 -30.2367 -50.3901 33.8137 -31.9755 -49.2156 34.2571 -33.4226 -49.1506 31.4075 -34.1442 -49.1354 33.2115 -32.9306 -48.8605 31.6584 -31.2881 -46.8927 26.0946 -31.6657 -47.8102 32.6239 -35.0038 -48.1599 8.1329 -38.2922 -15.3547 -21.4426 -41.8796 11.8721 -35.4484 7.8346 -39.0894 27.0079 -47.8770 -30.3818 15.2262 -40.6130 -24.1981 -12.2984 -34.7417 -10.2920 -48.3520 -30.8250 31.4322
-30.8185 -48.1580 -11.4698 -35.0231 -9.8334 -24.4347 -40.7143 21.5520 -41.1549 18.8827 -35.7218 -44.7261 -11.3895 -40.2316 1.8642 -24.2750 -45.4731 -25.4829 8.4964 -41.7337 -23.2678 1.1276 -40.1882 -18.2686 -27.1472 -37.5001 7.0287 -47.7295 -35.2393 35.0028 -48.7097 -32.8222 28.6155 -47.1797 -31.1359 21.3910 -44.6055 -25.3877 -14.2436 -37.7723 25.3574 -41.9350 -4.1307 -48.7650 -34.1128 -10.1984 -41.4335 26.8014 -43.4047 30.3012 -44.5275 35.4994 -42.9743 25.4933 -42.0341 9.6874 -39.9362 1.1774 -34.7270 -46.1307 21.2556 -28.4879 -44.8847 19.3264 -28.8910 -45.1952 20.0037 -28.5554 -44.0407 14.5671 -25.2926 -41.1255 3.2731 -21.4298 -39.9380 -2.8888 -22.0034 -41.5613 9.6886 -27.4829 -44.9649 24.1729 -33.2878 -49.0223 35.2419 -37.5884 5.1852 -38.5918 33.4835 -45.5943 -23.8171 -43.0817 -34.2187 15.7599 -40.8432 -24.4330 -9.8361 -35.0227 -11.4698 -48.1580 -30.8185
