-20.0014 -41.3439 17.4570 -26.7538 -47.2088 29.4522 -31.6090 -46.7337 -16.7966 -37.6767 2.7962 -24.0828 -43.4422 24.3206 -28.3670 -48.4452 6.1083 -33.2526 -36.9355 -20.3027 -39.5682 11.4618 -25.4426 -45.5480 30.4764 -30.0800 -48.7511 -11.4302 -35.7663 -13.0627 -22.6790 -41.5943 18.2840 -26.9448 -47.4157 28.0794 -31.8220 -46.0907 -17.3253 -37.9028 4.1487 -24.2422 -43.7057 25.1794 -28.5751 -48.5031 2.5660 -33.4367 -34.6256 -20.7654 -41.9686 -20.7654 -34.6255 -33.4367 2.5660 -48.5031 -28.5751 25.1794 -43.7057 -24.2422 4.1487 -37.9028 -17.3253 -46.0907 -31.8220 28.0794 -47.4157 -26.9448 18.2840 -41.5943 -22.6790 -13.0627 -35.7663 -11.4302 -48.7511 -30.0800 30.4764 -45.5480 -25.4426 11.4618 -39.5682 -20.3027 -36.9355 -33.2526 6.1083 -48.4452 -28.3670 24.3206 -43.4422 -24.0828 2.7962 -37.6767 -16.7966 -46.7337 -31.6090 29.4522 -47.2088 -26.7538 17.4570 -41.3439 -20.0014
-41.3439 17.0902 -27.8540 -47.2305 34.6999 -31.3470 -46.5815 -16.2838 -36.6259 2.6328 -25.7944 -43.0698 23.5323 -29.0443 -48.6553 22.6439 -32.2697 -36.5154 -21.3374 -38.7690 10.9955 -26.8140 -45.3811 30.8001 -30.3044 -48.7130 -6.9865 -34.4047 -12.7349 -24.3852 -41.0300 17.5619 -27.9623 -47.4434 34.5968 -31.4813 -45.9105 -17.0864 -36.8847 3.9413 -25.9120 -43.3594 24.4218 -29.2009 -48.7425 18.8290 -32.3450 -34.3164 -21.8264 -38.8318 21.4252 -38.8317 -21.8265 -34.3164 -32.3450 18.8290 -48.7425 -29.2009 24.4218 -43.3594 -25.9120 3.9413 -36.8847 -17.0864 -45.9105 -31.4813 34.5968 -47.4434 -27.9623 17.5619 -41.0300 -24.3852 -12.7349 -34.4047 -6.9865 -48.7130 -30.3044 30.8001 -45.3811 -26.8140 10.9955 -38.7690 -21.3374 -36.5154 -32.2697 22.6439 -48.6553 -29.0443 23.5323 -43.0698 -25.7944 2.6328 -36.6259 -16.2838 -46.5815 -31.3470 34.6999 -47.2305 -27.8540 17.0902 -41.3439
17.4570 -27.8540 -47.1571 34.6872 -31.5953 -46.9959 -15.6117 -36.4220 1.5110 -25.6812 -42.8402 22.8357 -29.0751 -48.5686 25.3587 -32.6633 -38.0817 -20.9611 -38.5523 10.3116 -26.7406 -45.1605 30.1209 -30.4203 -48.7508 -5.1287 -34.1170 -15.2963 -24.1534 -40.8034 16.9194 -27.9387 -47.2627 34.7251 -31.7181 -46.4513 -16.4568 -36.6792 2.9126 -25.8038 -43.1300 23.7167 -29.2406 -48.6771 21.9892 -32.7658 -36.0755 -21.4427 -38.8444 10.4548 -31.8908 10.4542 -38.8447 -21.4427 -36.0755 -32.7658 21.9892 -48.6771 -29.2406 23.7167 -43.1300 -25.8038 2.9126 -36.6792 -16.4568 -46.4513 -31.7181 34.7251 -47.2627 -27.9387 16.9194 -40.8034 -24.1534 -15.2963 -34.1170 -5.1287 -48.7508 -30.4203 30.1209 -45.1605 -26.7406 10.3116 -38.5523 -20.9611 -38.0817 -32.6633 25.3587 -48.5686 -29.0751 22.8357 -42.8402 -25.6812 1.5110 -36.4220 -15.6117 -46.9959 -31.5953 34.6872 -47.1571 -27.8540 17.4570
-26.7538 -47.2305 34.6872 -31.5629 -47.2293 -15.0520 -36.2353 0.3652 -25.5802 -42.6141 22.1483 -28.9413 -48.4643 27.6504 -32.5821 -39.4923 -20.5581 -38.3337 9.6008 -26.6306 -44.9385 29.4207 -30.2842 -48.7601 -2.9778 -33.8245 -17.9344 -23.9057 -40.5742 16.2704 -27.8170 -47.0756 34.6694 -31.5936 -46.9258 -15.7670 -36.4710 1.8003 -25.7067 -42.9009 23.0191 -29.1060 -48.5923 24.7520 -32.6922 -37.6829 -21.0643 -38.5995 10.5512 -27.1070 -47.5188 -27.1066 10.5490 -38.5997 -21.0643 -37.6829 -32.6922 24.7520 -48.5923 -29.1060 23.0191 -42.9009 -25.7067 1.8003 -36.4710 -15.7670 -46.9258 -31.5936 34.6694 -47.0756 -27.8170 16.2704 -40.5742 -23.9057 -17.9344 -33.8245 -2.9778 -48.7601 -30.2842 29.4207 -44.9385 -26.6306 9.6008 -38.3337 -20.5581 -39.4923 -32.5821 27.6504 -48.4643 -28.9413 22.1483 -42.6141 -25.5802 0.3652 -36.2353 -15.0520 -47.2293 -31.5629 34.6872 -47.2305 -26.7538
-47.2088 34.6999 -31.5953 -47.2293 -14.8321 -36.1138 -0.5807 -25.4816 -42.4047 21.4968 -28.8106 -48.3445 29.5891 -32.4980 -40.7539 -20.1373 -38.1132 8.8583 -26.5226 -44.7162 28.7130 -30.1430 -48.7490 -0.4412 -33.5293 -20.5791 -23.6447 -40.3425 15.6139 -27.6974 -46.8843 34.4842 -31.4607 -47.3366 -15.0108 -36.2537 0.5907 -25.6050 -42.6724 22.3306 -28.9694 -48.4891 27.1690 -32.6150 -39.1253 -20.6675 -38.3828 9.7410 -26.6521 -44.5191 35.3292 -44.5226 -26.6530 9.7378 -38.3827 -20.6675 -39.1253 -32.6150 27.1690 -48.4891 -28.9694 22.3306 -42.6724 -25.6050 0.5907 -36.2537 -15.0108 -47.3366 -31.4607 34.4842 -46.8843 -27.6974 15.6139 -40.3425 -23.6447 -20.5791 -33.5293 -0.4412 -48.7490 -30.1430 28.7130 -44.7162 -26.5226 8.8583 -38.1132 -20.1373 -40.7539 -32.4980 29.5891 -48.3445 -28.8106 21.4968 -42.4047 -25.4816 -0.5807 -36.1138 -14.8321 -47.2293 -31.5953 34.6999 -47.2088
29.4522 -31.3470 -46.9959 -15.0520 -36.1138 -0.9578 -25.4176 -42.2490 20.9578 -28.6955 -48.2188 31.1135 -32.4115 -41.8671 -19.7019 -37.8937 8.0887 -26.4174 -44.4959 28.0093 -30.0004 -48.7707 2.4854 -33.2500 -23.1469 -23.3733 -40.1115 14.9570 -27.5807 -46.6912 34.1941 -31.3264 -47.6831 -14.1877 -36.0240 -0.7407 -25.4887 -42.4451 21.6529 -28.8316 -48.3718 29.2012 -32.5366 -40.4056 -20.2579 -38.1619 9.0175 -26.5641 -44.7581 27.9803 -35.5763 27.9744 -44.7685 -26.5659 9.0158 -38.1623 -20.2579 -40.4056 -32.5366 29.2012 -48.3718 -28.8316 21.6529 -42.4451 -25.4887 -0.7407 -36.0240 -14.1877 -47.6831 -31.3264 34.1941 -46.6912 -27.5807 14.9570 -40.1115 -23.3733 -23.1469 -33.2500 2.4854 -48.7707 -30.0004 28.0093 -44.4959 -26.4174 8.0887 -37.8937 -19.7019 -41.8671 -32.4115 31.1135 -48.2188 -28.6955 20.9578 -42.2490 -25.4176 -0.9578 -36.1138 -15.0520 -46.9959 -31.3470 29.4522
-31.6090 -46.5815 -15.6117 -36.2353 -0.5807 -25.4176 -42.1914 20.6419 -28.6140 -48.1088 32.2088 -32.3347 -42.8058 -19.2584 -37.6749 7.2746 -26.3154 -44.2790 27.3164 -29.8520 -48.8164 5.8377 -33.1144 -25.5867 -23.0922 -39.8780 14.2893 -27.4662 -46.4959 33.8189 -31.1933 -47.9709 -13.2871 -35.7783 -2.2424 -25.3541 -42.2224 20.9954 -28.6897 -48.2392 30.8931 -32.4608 -41.5344 -19.8360 -37.9382 8.2444 -26.4601 -44.5951 27.7915 -33.6396 -27.9655 -33.6474 27.7821 -44.6022 -26.4605 8.2456 -37.9390 -19.8360 -41.5344 -32.4646 30.8997 -48.2426 -28.6838 21.0094 -42.2279 -25.3545 -2.2455 -35.7783 -13.2871 -47.9709 -31.1933 33.8189 -46.4959 -27.4662 14.2893 -39.8780 -23.0922 -25.5867 -33.1144 5.8377 -48.8164 -29.8520 27.3164 -44.2790 -26.3154 7.2746 -37.6749 -19.2584 -42.8058 -32.3347 32.2088 -48.1088 -28.6140 20.6419 -42.1914 -25.4176 -0.5807 -36.2353 -15.6117 -46.5815 -31.6090
-46.7337 -16.2838 -36.4220 0.3652 -25.4816 -42.2490 20.6419 -28.5846 -48.0434 32.8519 -32.2823 -43.5204 -18.8453 -37.4632 6.4273 -26.2181 -44.0687 26.6483 -29.6946 -48.8316 9.5983 -33.1099 -27.8624 -22.8030 -39.6421 13.6087 -27.3529 -46.2973 33.3717 -31.0615 -48.2028 -12.3102 -35.5133 -3.9758 -25.2006 -42.0078 20.3674 -28.5414 -48.0897 32.2763 -32.3872 -42.5163 -19.4008 -37.7075 7.4073 -26.3556 -44.3893 27.5181 -31.8610 -45.5572 -28.2701 -45.2602 -32.4107 27.1655 -44.4016 -26.3539 7.4159 -37.7077 -19.4220 -42.4581 -32.4833 32.4591 -47.7637 -28.9912 20.3075 -42.0299 -25.2021 -3.9863 -35.5124 -12.3102 -48.2028 -31.0615 33.3717 -46.2973 -27.3529 13.6087 -39.6421 -22.8030 -27.8624 -33.1099 9.5983 -48.8316 -29.6946 26.6483 -44.0687 -26.2181 6.4273 -37.4632 -18.8453 -43.5204 -32.2823 32.8519 -48.0434 -28.5846 20.6419 -42.2490 -25.4816 0.3652 -36.4220 -16.2838 -46.7337
-16.7966 -36.6259 1.5110 -25.5802 -42.4047 20.9578 -28.6140 -48.0434 33.0550 -32.2534 -43.9705 -18.5176 -37.2830 5.6087 -26.1301 -43.8723 26.0168 -29.5298 -48.8179 13.6032 -33.1139 -29.9333 -22.5099 -39.4042 12.9142 -27.2396 -46.0948 32.8628 -30.9358 -48.3845 -11.2533 -35.2266 -5.9878 -25.0282 -41.8067 19.7831 -28.3817 -47.9201 33.3673 -32.3142 -43.4930 -18.9080 -37.4868 6.5485 -26.2608 -44.1772 27.0608 -30.9942 -47.0618 -26.5715 -48.7103 -27.5837 -42.4475 -34.1109 26.3348 -44.1705 -26.2516 6.4418 -37.4339 -19.2578 -42.5264 -30.5544 12.4064 -48.2881 -32.1436 19.4196 -41.8365 -25.0293 -6.0033 -35.2242 -11.2532 -48.3845 -30.9358 32.8628 -46.0948 -27.2396 12.9142 -39.4042 -22.5099 -29.9333 -33.1139 13.6032 -48.8179 -29.5298 26.0168 -43.8723 -26.1301 5.6087 -37.2830 -18.5176 -43.9705 -32.2534 33.0550 -48.0434 -28.6140 20.9578 -42.4047 -25.5802 1.5110 -36.6259 -16.7966
-37.6767 2.6328 -25.6812 -42.6141 21.4968 -28.6955 -48.1088 32.8519 -32.2534 -44.1262 -18.3336 -37.1612 4.9455 -26.0582 -43.7031 25.4563 -29.3628 -48.7773 17.6293 -33.1365 -31.7666 -22.2189 -39.1617 12.1946 -27.1231 -45.8840 32.2897 -30.8272 -48.5207 -10.1317 -34.9046 -8.4107 -24.8328 -41.6287 19.2693 -28.2023 -47.7230 34.1777 -32.2767 -44.5334 -18.3500 -36.8865 5.7732 -26.1648 -43.9109 26.2902 -30.1038 -48.3291 -30.1701 -42.9867 -29.2964 -40.0076 -33.8954 4.5318 -35.1925 25.9909 -43.7438 -26.1598 4.7473 -36.8613 -11.9459 -49.1853 -11.7381 -43.7711 1.1969 -33.7616 18.6922 -41.6538 -24.8321 -8.4220 -34.9033 -10.1316 -48.5207 -30.8272 32.2897 -45.8840 -27.1231 12.1946 -39.1617 -22.2189 -31.7666 -33.1365 17.6293 -48.7773 -29.3628 25.4563 -43.7031 -26.0582 4.9455 -37.1612 -18.3336 -44.1262 -32.2534 32.8519 -48.1088 -28.6955 21.4968 -42.6141 -25.6812 2.6328 -37.6767
2.7962 -25.7944 -42.8402 22.1483 -28.8106 -48.2188 32.2088 -32.2823 -43.9705 -18.3336 -37.1175 4.5648 -26.0114 -43.5794 25.0227 -29.2126 -48.7143 21.2662 -33.1774 -33.3204 -21.9423 -38.9173 11.4563 -27.0002 -45.6568 31.6360 -30.7582 -48.6123 -9.0499 -34.5272 -11.4552 -24.6075 -41.4978 18.9028 -27.9870 -47.4944 34.6912 -32.3665 -45.1674 -18.3559 -41.5625 34.0724 -21.8734 -43.5922 26.9385 -29.2698 -48.8264 -23.7581 3.7771 -35.0652 -23.1005 -35.1156 19.7677 -41.4507 16.3042 -35.1990 34.7098 -43.6561 -25.9044 -2.5302 -35.7913 33.8600 -42.9973 29.5302 -36.0081 -37.2150 -31.6911 18.5090 -41.5211 -24.6070 -11.4538 -34.5301 -9.0499 -48.6123 -30.7582 31.6360 -45.6568 -27.0002 11.4563 -38.9173 -21.9423 -33.3204 -33.1774 21.2662 -48.7143 -29.2126 25.0227 -43.5794 -26.0114 4.5648 -37.1175 -18.3336 -43.9705 -32.2823 32.2088 -48.2188 -28.8106 22.1483 -42.8402 -25.7944 2.7962
-24.0828 -43.0698 22.8357 -28.9413 -48.3445 31.1135 -32.3347 -43.5204 -18.5176 -37.1612 4.5648 -25.9958 -43.5148 24.7411 -29.0998 -48.6455 24.1664 -33.2325 -34.5702 -21.6902 -38.6773 10.7034 -26.8743 -45.4134 30.8916 -30.7443 -48.6653 -8.2047 -34.0816 -15.2955 -24.3450 -41.4599 18.8051 -27.7566 -46.5890 34.8705 -32.7209 -45.0395 -17.9496 -43.3923 2.2742 -48.7324 -24.7632 -22.8918 -27.3379 -48.5038 24.4907 -35.1737 -38.1504 8.8276 -35.5054 10.6478 -42.4773 -25.8343 -45.4104 -26.8684 -48.5294 28.2448 -43.1808 -23.6771 -37.5488 -32.6583 9.6371 -35.4642 -21.4394 -27.9089 -48.7678 -28.9600 18.7318 -41.4615 -24.3500 -15.1504 -34.0916 -8.2047 -48.6652 -30.7458 30.8916 -45.4134 -26.8743 10.7034 -38.6773 -21.6902 -34.5702 -33.2325 24.1664 -48.6455 -29.0998 24.7411 -43.5148 -25.9958 4.5648 -37.1612 -18.5176 -43.5204 -32.3347 31.1135 -48.3445 -28.9413 22.8357 -43.0698 -24.0828
-43.4422 23.5323 -29.0751 -48.4643 29.5891 -32.4115 -42.8058 -18.8453 -37.2830 4.9455 -26.0114 -43.5148 24.6402 -29.0397 -48.5951 26.0772 -33.2848 -35.4842 -21.4811 -38.4538 9.9634 -26.7524 -45.1654 30.0791 -30.7867 -48.6906 -7.7496 -33.5942 -19.7194 -24.0550 -41.5720 19.0741 -27.6923 -45.8999 4.3710 -29.7814 -43.8202 -17.8628 -40.0661 35.8850 -45.3840 -5.9877 -48.0701 -18.0896 -45.5119 34.8012 -33.7312 -22.8481 29.0979 -37.4884 -13.4953 -35.2004 12.6361 -0.3979 -35.0368 10.1985 -21.9031 -44.4520 31.6551 -40.6769 -13.6094 -48.9821 -25.3018 -47.7597 -24.3100 -48.2689 -10.0582 -47.0427 -28.0347 17.9854 -40.6145 -24.2421 -19.4492 -33.6078 -7.7710 -48.6903 -30.7882 30.0791 -45.1654 -26.7524 9.9634 -38.4538 -21.4811 -35.4842 -33.2848 26.0772 -48.5951 -29.0397 24.6402 -43.5148 -26.0114 4.9455 -37.2830 -18.8453 -42.8058 -32.4115 29.5891 -48.4643 -29.0751 23.5323 -43.4422
24.3206 -29.0443 -48.5686 27.6504 -32.4980 -41.8671 -19.2584 -37.4632 5.6087 -26.0582 -43.5794 24.7411 -29.0397 -48.5772 26.9801 -33.3169 -36.0999 -21.3230 -38.2605 9.2750 -26.6416 -44.9260 29.2601 -30.8583 -48.6999 -7.1932 -32.9544 -23.8771 -23.7936 -41.8891 19.9827 -27.7992 -46.7636 -9.8491 -48.2981 -43.6218 21.0396 -37.3913 18.2308 -40.7004 31.3868 -42.3677 34.8772 -40.4830 21.7310 -32.1650 -44.6361 -21.2967 -38.7264 0.2308 -31.8308 -43.5134 -29.8423 -47.4701 -1.3459 -40.7943 -43.3377 31.6753 -39.0903 15.3885 -37.7395 34.7596 -43.2140 13.1963 -44.3724 34.4397 -41.2106 32.0113 -48.5897 -26.8991 21.8288 -43.9584 -24.2014 -23.6751 -33.1494 -7.7171 -48.6996 -30.8604 29.2590 -44.9260 -26.6416 9.2750 -38.2605 -21.3230 -36.0999 -33.3169 26.9801 -48.5772 -29.0397 24.7411 -43.5794 -26.0582 5.6087 -37.4632 -19.2584 -41.8671 -32.4980 27.6504 -48.5686 -29.0443 24.3206
-28.3670 -48.6553 25.3587 -32.5821 -40.7539 -19.7019 -37.6749 6.4273 -26.1301 -43.7031 25.0227 -29.0998 -48.5951 26.9801 -33.3285 -36.4314 -21.2217 -38.1152 8.6954 -26.5482 -44.7140 28.5088 -30.9202 -48.7050 -6.6338 -33.8722 -35.5387 -23.3966 -42.4313 21.8361 -27.4010 -47.2906 -8.2518 -47.3037 -25.5621 7.8108 -33.9129 -3.5422 -34.4954 6.5131 -36.7168 12.0106 -35.3611 0.3197 -29.2405 -48.9652 -10.8581 -37.4328 10.4931 -34.1989 -38.3747 -30.8072 -43.0786 -27.5302 -47.8941 -29.8155 12.3312 -37.4929 1.6162 -34.8209 -9.4006 -35.0199 13.6982 -37.1425 19.2327 -37.9438 13.3988 -35.6720 13.7019 -29.7642 -47.6871 -17.5292 -44.7346 -23.7615 -26.6646 -32.8180 -7.8381 -48.7039 -30.9226 28.5079 -44.7140 -26.5482 8.6954 -38.1152 -21.2217 -36.4314 -33.3285 26.9801 -48.5951 -29.0998 25.0227 -43.7031 -26.1301 6.4273 -37.6749 -19.7019 -40.7539 -32.5821 25.3587 -48.6553 -28.3670
-48.4452 22.6439 -32.6633 -39.4923 -20.1373 -37.8937 7.2746 -26.2181 -43.8723 25.4563 -29.2126 -48.6455 26.0772 -33.3169 -36.4314 -21.1888 -38.0393 8.3117 -26.4796 -44.5426 27.8780 -30.9542 -48.7121 -6.9078 -34.6349 14.8769 15.6292 -38.3898 14.4718 -27.0929 -46.6735 15.4749 -45.3890 -6.6454 -48.1032 -25.4026 -48.0974 -26.1930 -48.0353 -28.3895 -43.4793 -28.1844 -48.1392 -23.1296 -45.6238 19.9342 -37.5683 23.8551 -36.7926 16.3237 -35.3147 13.9273 -34.9411 10.6792 -34.4423 6.5024 -36.3171 6.1871 -35.5698 -17.4291 -33.4223 -34.9073 -33.3369 -26.0922 -33.0047 -29.1446 -30.8636 -43.4279 -28.4884 -47.8545 -21.8781 -47.8501 34.3000 -42.3370 -23.5056 -27.8383 -32.6606 -7.8323 -48.7112 -30.9564 27.8781 -44.5426 -26.4796 8.3117 -38.0393 -21.1888 -36.4314 -33.3169 26.0772 -48.6455 -29.2126 25.4563 -43.8723 -26.2181 7.2746 -37.8937 -20.1373 -39.4923 -32.6633 22.6439 -48.4452
6.1083 -32.2697 -38.0817 -20.5581 -38.1132 8.0887 -26.3154 -44.0687 26.0168 -29.3628 -48.7143 24.1664 -33.2848 -36.0999 -21.2217 -38.0393 8.1780 -26.4435 -44.4300 27.4141 -30.9605 -48.7230 -7.3500 -33.8801 15.8604 -45.1707 -26.4554 -42.2976 -24.2600 -45.4394 36.0333 -42.2432 35.9503 -43.6390 11.3470 -45.1224 -12.4754 -45.8049 -17.6576 -47.5731 -21.6381 -47.5640 -19.8613 -45.7362 -12.8288 -43.8068 -5.0153 -44.1398 -5.2122 -44.0492 -0.8607 -43.5325 15.0185 -42.7384 32.8817 -41.4004 33.0937 -39.4393 23.6907 -36.9470 13.0154 -35.4780 -3.3732 -33.5494 -38.2329 -30.3679 -48.6205 -23.5740 -47.3271 -13.7756 -45.1954 33.5780 -40.4058 25.8809 -42.7973 -23.9773 -27.9411 -32.6264 -7.5426 -48.7225 -30.9627 27.4141 -44.4300 -26.4435 8.1780 -38.0393 -21.2217 -36.0999 -33.2848 24.1664 -48.7143 -29.3628 26.0168 -44.0687 -26.3154 8.0887 -38.1132 -20.5581 -38.0817 -32.2697 6.1083
-33.2526 -36.5154 -20.9611 -38.3337 8.8583 -26.4174 -44.2790 26.6483 -29.5298 -48.7773 21.2662 -33.2325 -35.4842 -21.3230 -38.1152 8.3117 -26.4435 -44.3927 27.1758 -30.9514 -48.7337 -7.0330 -32.9784 -9.0548 -36.0308 30.6656 -44.5021 11.4813 -41.4753 29.9145 -39.5405 33.3261 -42.2476 19.2933 -44.4657 -15.3722 -47.1183 -22.4262 -48.7265 -25.6690 -47.9925 -27.3332 -45.6412 -28.3858 -41.1581 -29.3052 -36.9605 -29.6871 -37.0284 -29.3821 -40.9786 -28.3433 -46.1286 -26.4681 -49.0632 -23.5842 -48.6866 -18.1329 -45.8281 6.1182 -42.3943 34.1614 -39.0490 18.8110 -36.0898 -1.0146 -31.3784 -47.0963 -23.6855 -46.2473 12.1658 -41.0437 24.2852 -37.5850 24.2635 -43.9915 -24.1658 -27.6908 -32.6735 -7.0139 -48.7331 -30.9532 27.1758 -44.3927 -26.4435 8.3117 -38.1152 -21.3230 -35.4842 -33.2325 21.2662 -48.7773 -29.5298 26.6483 -44.2790 -26.4174 8.8583 -38.3337 -20.9611 -36.5154 -33.2526
-36.9355 -21.3374 -38.5523 9.6008 -26.5226 -44.4959 27.3164 -29.6946 -48.8179 17.6293 -33.1774 -34.5702 -21.4811 -38.2605 8.6954 -26.4796 -44.4300 27.1758 -30.9447 -48.7396 -6.4108 -32.7521 -27.5081 -30.5398 -23.1431 -37.2231 20.9618 -38.6358 26.9291 -39.9401 32.1407 -45.2302 -19.0734 -48.9186 -26.7824 -40.4268 -31.2551 -4.0933 -33.6936 9.8434 -34.7094 16.4348 -35.9200 20.8629 -37.0337 23.3461 -37.5591 23.8026 -37.4571 22.1780 -36.7219 18.5584 -35.6997 13.0854 -34.8387 4.3877 -33.0018 -23.3176 -29.5542 -47.2161 -24.3677 -48.2013 -11.5411 -43.6746 35.2391 -39.0487 16.8792 -34.8293 -20.5665 -28.1195 -48.4911 -9.0364 -41.6572 25.0916 -37.3551 26.2040 -43.9664 -24.2195 -26.7813 -32.7737 -6.4987 -48.7391 -30.9476 27.1758 -44.4300 -26.4796 8.6954 -38.2605 -21.4811 -34.5702 -33.1774 17.6293 -48.8179 -29.6946 27.3164 -44.4959 -26.5226 9.6008 -38.5523 -21.3374 -36.9355
-20.3027 -38.7690 10.3116 -26.6306 -44.7162 28.0093 -29.8520 -48.8316 13.6032 -33.1365 -33.3204 -21.6902 -38.4538 9.2750 -26.5482 -44.5426 27.4141 -30.9517 -48.7394 -6.1695 -32.8650 -26.3560 -27.3516 -48.6506 -32.6508 7.9280 -38.4103 32.1162 -43.2481 -15.6701 -49.1206 -28.2420 -21.9958 -33.7292 12.6291 -36.4863 26.3633 -40.1894 35.0936 -42.4949 13.7793 -44.2336 -8.9959 -45.6859 -14.5298 -46.5088 -15.8679 -46.5601 -14.6455 -45.8449 -9.3211 -44.4887 12.2615 -42.8607 35.0791 -40.8174 28.4799 -37.7979 16.3294 -35.5213 0.2544 -31.5527 -43.8741 -25.3700 -48.1671 -7.4249 -42.4959 30.7556 -37.7144 7.6210 -31.3632 -47.5390 -20.2542 -44.1965 32.1310 -37.8181 27.1652 -43.9689 -24.4581 -25.5925 -32.8512 -6.3031 -48.7391 -30.9532 27.4141 -44.5426 -26.5482 9.2750 -38.4538 -21.6902 -33.3204 -33.1365 13.6032 -48.8316 -29.8520 28.0093 -44.7162 -26.6306 10.3116 -38.7690 -20.3027
-39.5682 10.9955 -26.7406 -44.9385 28.7130 -30.0004 -48.8164 9.5983 -33.1139 -31.7666 -21.9423 -38.6773 9.9634 -26.6416 -44.7140 27.8781 -30.9612 -48.7335 -6.3828 -32.8746 -25.5137 -27.1807 -48.7672 -30.7302 8.2299 -38.6704 34.9099 -46.5639 -24.3771 -41.4865 -32.8076 11.8174 -37.7780 31.8385 -42.0778 2.1452 -46.5049 -20.5997 -49.2450 -25.6940 -46.6130 -28.6981 -37.6619 -30.5138 -27.4292 -31.3356 -23.7556 -31.2844 -29.0835 -30.3481 -39.5227 -28.4218 -47.2700 -25.3899 -49.1570 -20.2246 -46.6391 -1.4138 -42.9329 34.9498 -39.4375 19.6356 -36.1165 0.3753 -31.0312 -46.9088 -22.9101 -46.5619 28.3404 -39.7487 18.1612 -34.1233 -35.5187 -25.1725 -46.3962 35.4962 -38.0947 28.4392 -44.2596 -24.6904 -25.0983 -32.8485 -6.4987 -48.7331 -30.9627 27.8781 -44.7140 -26.6416 9.9634 -38.6773 -21.9423 -31.7666 -33.1139 9.5983 -48.8164 -30.0004 28.7130 -44.9385 -26.7406 10.9955 -39.5682
11.4618 -26.8140 -45.1605 29.4207 -30.1430 -48.7707 5.8377 -33.1099 -29.9333 -22.2189 -38.9173 10.7034 -26.7524 -44.9260 28.5079 -30.9549 -48.7233 -6.8686 -32.8403 -25.6323 -26.9047 -48.7546 -30.6386 10.2360 -39.0651 23.6013 -48.2118 -27.9067 -12.7630 -36.1199 23.7500 -41.0089 9.9105 -47.3062 -23.6557 -47.0182 -30.1659 -12.8186 -33.9815 9.2130 -35.8985 17.0769 -36.8927 22.0778 -38.0301 24.3976 -38.3171 23.8257 -37.7573 20.5239 -36.8072 14.9303 -35.6472 6.4061 -33.5717 -19.6667 -29.9261 -46.9288 -24.4579 -48.1601 -10.7647 -43.6120 35.1557 -39.0898 17.1044 -35.0075 -16.3803 -28.5420 -48.9880 -13.6968 -42.5379 28.5241 -36.4242 -7.3270 -27.8411 -47.9450 28.2672 -37.9965 29.5051 -44.3983 -24.6581 -25.6985 -32.7650 -7.0137 -48.7225 -30.9564 28.5079 -44.9260 -26.7524 10.7034 -38.9173 -22.2189 -29.9333 -33.1099 5.8377 -48.7707 -30.1430 29.4207 -45.1605 -26.8140 11.4618
-25.4426 -45.3811 30.1209 -30.2842 -48.7490 2.4854 -33.1144 -27.8624 -22.5099 -39.1617 11.4563 -26.8743 -45.1654 29.2590 -30.9226 -48.7120 -7.4353 -32.7333 -26.2842 -26.2211 -48.4966 -30.1007 9.1979 -39.1829 16.2000 -48.6630 -29.3571 2.1811 -38.1025 32.8696 -44.2716 -18.1370 -48.7461 -29.8292 -7.2594 -35.4409 16.6300 -38.4229 30.8571 -41.6425 32.3593 -43.6466 2.6858 -45.0394 -9.6967 -45.8501 -11.2028 -45.5977 -6.3162 -44.5578 16.0439 -43.0273 35.3877 -40.8573 27.7890 -37.9492 15.4566 -35.4585 -2.0945 -31.2719 -45.0785 -24.9737 -48.0019 -7.0141 -42.5482 31.7045 -37.7405 10.1079 -32.1714 -44.5955 -23.3388 -45.8391 35.3438 -37.6043 6.5515 -29.3226 -48.7159 12.8760 -37.7140 29.4522 -44.1389 -24.3612 -26.9489 -32.6595 -7.5422 -48.7112 -30.9226 29.2590 -45.1654 -26.8743 11.4563 -39.1617 -22.5099 -27.8624 -33.1144 2.4854 -48.7490 -30.2842 30.1209 -45.3811 -25.4426
-45.5480 30.8001 -30.4203 -48.7601 -0.4412 -33.2500 -25.5867 -22.8030 -39.4042 12.1946 -27.0002 -45.4134 30.0791 -30.8603 -48.7045 -7.8330 -32.5942 -28.2233 -25.4409 -47.6194 -28.7430 4.5547 -38.9920 23.3355 -48.6359 -29.7141 5.7504 -38.9096 35.6655 -46.4228 -23.9614 -41.7061 -33.2162 12.0538 -38.7504 32.3900 -42.6456 0.6384 -46.9562 -20.8823 -49.1760 -25.9205 -46.8254 -28.3521 -42.4875 -29.3458 -41.1828 -29.0251 -44.5226 -27.4395 -48.3688 -24.5395 -48.9009 -18.5648 -46.1513 7.7176 -42.5083 33.7626 -39.0172 18.2604 -35.7923 -1.2050 -30.9149 -46.7351 -23.4911 -46.9299 15.7314 -40.4966 22.8189 -35.4337 -12.8547 -27.7816 -48.2733 9.2406 -38.6473 12.9074 -30.3223 -48.8585 5.3478 -37.5315 28.1489 -43.7235 -24.0464 -27.9560 -32.6072 -7.8367 -48.7039 -30.8604 30.0791 -45.4134 -27.0002 12.1946 -39.4042 -22.8030 -25.5867 -33.2500 -0.4412 -48.7601 -30.4203 30.8001 -45.5480
30.4764 -30.3044 -48.7508 -2.9778 -33.5293 -23.1469 -23.0922 -39.6421 12.9142 -27.1231 -45.6568 30.8916 -30.7866 -48.7002 -7.8511 -32.7198 -29.0450 -25.5930 -46.8874 -26.2634 -9.6373 -38.2198 34.3574 -48.1634 -29.2383 4.9079 -39.0643 34.8342 -47.3643 -26.4546 -25.9763 -35.6202 20.5211 -40.6708 24.9204 -46.8857 -22.1952 -48.0161 -29.5915 -22.9451 -33.6618 4.8022 -35.7351 11.9769 -36.6405 14.6216 -36.7911 13.9152 -36.2599 9.9631 -35.0851 0.5973 -32.8044 -30.7301 -28.9270 -48.1903 -23.3447 -47.6659 -8.0066 -43.2069 34.9262 -39.0268 17.9055 -35.2096 -7.6764 -29.5724 -48.8179 -19.6221 -44.6118 35.1977 -37.4615 9.1136 -30.4256 -48.8278 -13.4948 -40.1960 16.7061 -30.7779 -48.8864 12.4475 -37.4667 26.2995 -43.5466 -23.9090 -28.2888 -32.6447 -7.8423 -48.6998 -30.7867 30.8916 -45.6568 -27.1231 12.9142 -39.6421 -23.0922 -23.1469 -33.5293 -2.9778 -48.7508 -30.3044 30.4764
-30.0800 -48.7130 -5.1287 -33.8245 -20.5791 -23.3733 -39.8780 13.6087 -27.2396 -45.8840 31.6360 -30.7443 -48.6907 -7.6923 -33.1263 -23.4271 -28.7625 -48.3131 -24.7189 -36.5467 -36.4508 33.3285 -46.7467 -27.6067 -0.9403 -38.7492 35.5512 -47.4088 -27.1400 -15.3683 -36.9655 26.2100 -42.4860 -9.7609 -48.8371 -28.1752 -26.3733 -34.3843 11.3563 -38.1042 24.0292 -40.2075 33.5376 -42.0599 35.3395 -42.8538 34.3439 -42.6713 35.5214 -41.5904 32.2185 -39.6840 23.2140 -37.3749 12.6757 -34.8329 -6.6170 -30.8209 -45.6363 -24.9008 -48.1863 -11.1666 -43.2206 34.6095 -38.3934 15.3649 -33.8409 -28.2759 -26.9084 -48.1826 0.1182 -39.7554 18.6380 -32.5579 -46.1698 -18.8778 -41.1595 17.7712 -30.4747 -48.8096 31.1988 -37.1918 24.6085 -43.4160 -23.7538 -27.9959 -32.8192 -7.6909 -48.6906 -30.7443 31.6360 -45.8840 -27.2396 13.6087 -39.8780 -23.3733 -20.5791 -33.8245 -5.1287 -48.7130 -30.0800
-48.7511 -6.9865 -34.1170 -17.9344 -23.6447 -40.1115 14.2893 -27.3529 -46.0948 32.2897 -30.7582 -48.6653 -7.7536 -33.4758 -17.1213 -33.0603 -38.3358 -29.6949 -42.1833 -34.3653 23.6606 -44.1628 -24.0652 -20.5115 -37.6941 34.4965 -46.6492 -26.3645 -16.6789 -37.3111 28.6388 -43.7393 -17.0914 -48.3495 -31.0712 2.5585 -37.6267 23.6786 -41.0040 34.3592 -44.6871 -9.7158 -47.4333 -19.7635 -48.8009 -22.4418 -49.0313 -22.3239 -48.7281 -19.7040 -47.3557 -12.0267 -44.8712 24.3065 -41.9885 32.4763 -38.7358 18.5846 -35.6393 2.4286 -31.5523 -43.2887 -25.3793 -48.2118 -9.8985 -42.4870 31.7380 -37.0037 8.2214 -30.9131 -47.9800 -19.0432 -42.7844 26.1959 -34.0408 -42.0622 -20.1444 -40.9881 15.4309 -29.3146 -47.5733 33.2634 -36.8243 23.7326 -42.5711 -23.4919 -26.5635 -33.1610 -7.7417 -48.6653 -30.7582 32.2897 -46.0948 -27.3529 14.2893 -40.1115 -23.6447 -17.9344 -34.1170 -6.9865 -48.7511
-11.4302 -34.4047 -15.2963 -23.9057 -40.3425 14.9570 -27.4662 -46.2973 32.8628 -30.8272 -48.6123 -8.2083 -33.7161 -17.8156 -31.5116 19.8481 -36.8835 -1.6093 -34.8412 13.8359 -41.0711 -16.7656 -43.2362 -35.5964 28.0308 -44.9583 -23.9284 -28.7837 -36.7561 27.7070 -43.9142 -18.8077 -46.9672 -32.5178 10.1974 -39.3882 33.5112 -43.8622 -10.6023 -48.4964 -25.0735 -46.4673 -29.8278 -30.4300 -32.3516 -13.5335 -33.1293 -12.4464 -32.4803 -25.8388 -30.5105 -42.6249 -27.2644 -48.9719 -22.5818 -47.6228 -11.0847 -43.7607 34.7997 -39.9200 22.9011 -35.9662 5.3022 -31.5768 -44.0140 -24.6427 -47.3437 10.7373 -40.1194 20.6043 -34.0216 -36.3562 -24.1071 -44.7925 30.4077 -34.5366 -42.4635 -18.2312 -39.5215 9.1628 -27.2000 -44.3918 24.2225 -38.4034 32.3408 -42.9158 -23.6433 -23.4960 -33.6135 -8.2012 -48.6123 -30.8272 32.8628 -46.2973 -27.4662 14.9570 -40.3425 -23.9057 -15.2963 -34.4047 -11.4302
-35.7663 -12.7349 -24.1534 -40.5742 15.6139 -27.5807 -46.4959 33.3717 -30.9358 -48.5207 -9.0499 -34.0799 -19.8102 -24.3996 -30.2875 -46.8904 32.9716 -38.2687 12.5158 -39.0463 18.1762 -48.9858 -32.6246 18.8139 -42.3280 -18.8468 -42.6545 -35.3094 23.7071 -43.0803 -17.4898 -46.9532 -32.9983 12.9523 -40.1506 35.3711 -46.2970 -21.2338 -47.7314 -30.6733 -9.3348 -35.3168 11.6468 -37.5802 19.3000 -38.3769 22.6571 -38.3145 21.7077 -37.5411 17.2968 -36.2421 10.2107 -34.3666 -4.8473 -31.3148 -41.4088 -26.5614 -49.1490 -18.9882 -45.3220 28.3916 -40.2774 23.4279 -36.0180 1.0836 -30.2321 -48.5636 -18.9623 -43.7400 30.8600 -36.2841 -15.7811 -26.0025 -45.4350 30.1602 -33.8706 -46.9757 -9.7460 -37.5996 -9.6937 -22.2254 -40.9387 30.6352 -43.4681 4.9996 -42.8531 -23.9177 -19.4652 -34.0883 -9.0499 -48.5207 -30.9358 33.3717 -46.4959 -27.5807 15.6139 -40.5742 -24.1534 -12.7349 -35.7663
-13.0627 -24.3852 -40.8034 16.2704 -27.6974 -46.6912 33.8189 -31.0615 -48.3845 -10.1317 -34.5272 -15.2951 -24.0536 -41.9538 4.8478 -22.1367 -44.2372 34.0639 -39.8138 34.1736 -46.8620 -28.7314 8.0326 -39.9908 -2.9527 -48.5228 -33.0439 17.3930 -41.5751 -11.8461 -48.2831 -32.5009 12.5227 -40.3539 32.3012 -47.4292 -25.0117 -39.6986 -33.6780 10.2333 -38.6529 26.9154 -41.3372 34.9781 -43.6540 11.7195 -44.5118 0.2690 -44.3538 9.4325 -43.4522 31.0112 -41.8167 33.7097 -39.4104 23.3505 -35.9141 11.2265 -33.4180 -20.6303 -28.6398 -49.0795 -19.8966 -45.2646 34.3195 -39.2539 16.7730 -33.8755 -36.0522 -25.0182 -46.3349 35.3617 -37.3434 -9.2105 -25.8533 -44.6253 25.2474 -32.0353 -49.0667 30.8296 -35.0846 -46.0428 -5.7275 -41.3847 -10.4754 -48.8096 -13.6638 -42.7875 -24.1259 -15.2561 -34.5272 -10.1317 -48.3845 -31.0615 33.8189 -46.6912 -27.6974 16.2704 -40.8034 -24.3852 -13.0627
-22.6790 -41.0300 16.9194 -27.8170 -46.8843 34.1941 -31.1933 -48.2028 -11.2533 -34.9046 -11.4550 -24.3461 -41.5653 19.9870 -31.6809 -48.3658 -22.9485 -46.5971 35.8819 -43.1074 -22.0985 -23.6030 -37.8787 35.5513 -48.0442 -29.9658 8.8912 -40.1332 12.8481 -48.8156 -31.1222 8.9809 -40.0358 33.8836 -47.5749 -26.2247 -29.7859 -35.4989 17.4016 -40.2926 35.4789 -45.1627 -15.7530 -48.7547 -24.5619 -48.3083 -27.0239 -46.4736 -27.3266 -47.4139 -26.0061 -49.1049 -23.3338 -48.6062 -18.3532 -45.6812 3.2203 -41.9857 33.5050 -38.0016 15.5331 -33.9789 -24.3003 -27.7426 -48.8557 -10.7984 -42.3257 27.4656 -36.6498 -10.2186 -27.4790 -47.4198 35.4286 -37.2611 -18.9250 -23.5063 -42.3309 16.5465 -29.2910 -46.6045 27.4175 -31.2195 -47.3260 3.2475 -48.5809 -32.3166 26.9007 23.1403 -41.4728 -24.3459 -11.4588 -34.9031 -11.2533 -48.2028 -31.1933 34.1941 -46.8843 -27.8170 16.9194 -41.0300 -22.6790
-41.5943 17.5619 -27.9387 -47.0756 34.4842 -31.3264 -47.9709 -12.3102 -35.2266 -8.4107 -24.6079 -41.4595 18.9915 -30.7874 -15.9251 -35.4820 -13.2931 -24.4706 -44.6600 -6.6104 -48.3045 -34.2762 24.9379 -44.7042 -24.8001 -12.7238 -38.4285 35.7595 -47.5047 -28.3848 0.1704 -39.1457 35.6855 -46.8666 -25.4522 -29.1892 -36.1327 20.8190 -41.1227 13.3902 -47.9307 -25.4491 -42.5949 -31.9927 -0.2120 -34.9412 10.5868 -35.4714 12.7822 -35.1304 10.7845 -34.3140 4.7959 -32.9143 -14.9008 -30.0990 -44.9152 -25.1816 -48.5470 -13.1354 -42.9177 32.3098 -37.6048 8.2213 -31.6958 -46.7353 -21.2466 -45.1861 34.1755 -38.1008 -1.2782 -27.9656 -47.2212 34.8239 -35.9801 -39.9820 -17.0605 -39.2377 2.9091 -24.4378 -41.4296 10.3034 -25.8360 -44.3517 -22.1502 4.7664 -44.4296 -26.4637 18.9212 -41.4613 -24.6064 -8.4183 -35.2252 -12.3102 -47.9709 -31.3264 34.4842 -47.0756 -27.9387 17.5619 -41.5943
18.2840 -27.9623 -47.2627 34.6694 -31.4607 -47.6831 -13.2871 -35.5133 -5.9878 -24.8328 -41.4988 18.7831 -27.4560 -45.3233 -44.0001 29.1257 -35.9508 -46.9326 -12.6949 -46.6550 -29.1714 10.2926 -40.9404 -12.9915 -45.8014 -35.3360 25.6559 -44.5058 -23.1423 -28.7951 -37.3039 29.8263 -45.1133 -22.4911 -38.2362 -35.5916 20.3974 -41.3842 -1.4884 -48.6465 -29.0863 -10.0261 -36.0567 19.7017 -39.5519 34.4393 -42.1801 30.0034 -42.9157 26.3838 -42.5280 33.0456 -41.3577 33.6401 -39.1664 23.8117 -35.5063 9.7203 -32.2772 -39.4344 -25.3454 -47.3704 24.1863 -39.7390 17.3579 -34.4210 -36.2438 -24.8641 -46.6077 35.5769 -38.3825 -3.7214 -26.7627 -45.6819 28.2124 -33.4021 -48.9218 20.1835 -35.9736 -42.1198 -9.4747 -36.4305 -38.6183 -17.2999 -46.8359 -30.4452 30.4363 -46.7185 -27.4697 18.8006 -41.5021 -24.8318 -5.9914 -35.5133 -13.2871 -47.6831 -31.4607 34.6694 -47.2627 -27.9623 18.2840
-26.9448 -47.4434 34.7251 -31.5936 -47.3366 -14.1877 -35.7783 -3.9758 -25.0282 -41.6287 18.8969 -27.7389 -46.8450 34.6788 -17.0391 -43.3531 12.2713 -26.3811 -45.6613 -21.5119 -28.4899 -37.7016 35.3773 -48.4027 -30.8919 12.5426 -41.2455 -10.5582 -47.5347 -34.2555 19.7248 -42.6170 -15.5186 -46.7995 -33.9512 16.4458 -41.1664 4.8279 -48.6023 -30.0366 2.0835 -38.3299 31.8909 -43.5848 -14.1976 -48.6784 -24.1150 -48.7137 -26.2162 -47.9039 -26.0368 -48.8945 -24.2466 -49.1592 -20.4469 -46.4521 -1.5651 -41.5879 29.2542 -36.5305 1.3717 -29.4251 -48.9144 -7.3886 -41.4836 22.8237 -36.0898 -25.5151 -25.9112 -46.7403 34.9930 -37.5987 -21.7440 -23.1027 -42.6317 17.0600 -29.9017 -46.9667 28.7659 -31.8494 -48.1958 31.8347 -31.9389 -47.8052 -14.5377 -47.6251 -34.3344 34.3080 -46.7380 -27.7299 18.9552 -41.6279 -25.0282 -3.9758 -35.7783 -14.1877 -47.3366 -31.5936 34.7251 -47.4434 -26.9448
-47.4157 34.5968 -31.7181 -46.9258 -15.0108 -36.0240 -2.2424 -25.2006 -41.8067 19.2707 -27.9925 -47.2018 34.6573 -32.5796 -49.0686 34.4527 -33.6496 -48.7426 -12.8618 -48.7581 -33.3434 21.7540 -43.9217 -23.9193 -14.4262 -38.4805 35.4655 -48.1157 -29.9310 8.1479 -40.2972 18.0319 -48.8413 -31.2450 9.2660 -40.3476 29.6773 -48.1873 -29.0657 0.3133 -38.8217 35.1821 -46.2565 -24.2548 -40.6554 -32.3641 8.0222 -34.4260 15.3364 -34.9894 15.7447 -34.3317 11.7774 -33.5565 0.1184 -30.9957 -43.8002 -24.4769 -47.0620 29.9304 -38.5300 10.6013 -31.1452 -48.6219 -13.6400 -42.6114 25.0011 -36.5818 -26.3910 -24.8819 -45.6481 30.1521 -35.5141 -44.4044 -13.3940 -39.3350 0.7174 -23.9949 -41.3908 9.8790 -25.4027 -41.7548 9.4145 -25.3487 -45.9236 -25.9331 -9.0746 -37.7779 35.6766 -46.7640 -28.1650 19.3391 -41.8029 -25.2005 -2.2424 -36.0240 -15.0108 -46.9258 -31.7181 34.5968 -47.4157
28.0794 -31.4813 -46.4513 -15.7670 -36.2537 -0.7407 -25.3541 -42.0078 19.7832 -28.2074 -47.4972 34.8480 -32.9312 -43.0164 -10.6590 -35.8772 -32.8199 -18.6789 -44.9073 -26.4602 2.8639 -39.6239 -0.7213 -48.1415 -34.5066 23.0529 -43.9982 -22.7652 -26.4093 -37.6906 33.2476 -46.4018 -26.4386 -9.2155 -38.5758 34.1594 -46.4379 -25.6122 -17.7718 -37.8611 32.5621 -46.0901 -25.5139 -19.6362 -36.2397 28.2727 -41.7462 9.2429 -44.2134 -8.4047 -44.3828 -3.5013 -43.2607 29.4762 -40.7018 26.8374 -36.1347 2.1590 -29.2932 -48.8672 4.7447 -39.1377 12.3690 -31.7816 -48.4596 -13.7432 -42.6299 23.7131 -35.9033 -37.7817 -21.2809 -43.2005 20.4853 -32.2210 -48.9895 33.9826 -35.8214 -45.4934 -1.7955 -36.0020 -41.9624 -4.8935 -35.4156 -45.0887 -21.3722 -48.0365 -34.8205 20.7256 -41.5087 2.8025 -47.5749 -28.5325 19.8384 -42.0055 -25.3540 -0.7407 -36.2537 -15.7670 -46.4513 -31.4813 28.0794
-31.8220 -45.9105 -16.4568 -36.4710 0.5907 -25.4887 -42.2224 20.3674 -28.3901 -47.7606 34.6736 -32.7053 -45.6447 -17.9211 -36.7295 -0.7594 -25.8859 -43.4174 -13.1127 -45.7315 -35.8290 31.2206 -46.3866 -28.1766 6.1107 -40.0146 4.2183 -48.6643 -33.6301 18.1683 -42.7527 -16.6035 -44.6447 -35.4677 22.2070 -43.4362 -17.9676 -44.0718 -35.3564 22.9792 -43.5835 -21.2937 -33.6510 -36.6255 33.8057 -46.6167 -24.8014 -42.5995 -29.5614 -27.8463 -30.1301 -34.7636 -28.3223 -48.1417 -23.1750 -46.9756 26.6148 -38.8308 11.7725 -30.6258 -48.8207 8.2348 -39.4524 10.2947 -31.4884 -48.7270 -8.7948 -41.8480 19.2286 -34.0664 -47.2614 -11.1276 -40.3740 8.1928 -27.4795 -45.0908 22.3806 -30.9723 -47.0661 27.7918 -31.2573 -46.8699 25.4737 -30.7730 -48.5758 -28.1172 7.9161 -40.9532 15.7342 -47.8723 -21.6198 -47.7703 -28.5798 20.3864 -42.2220 -25.4887 0.5907 -36.4710 -16.4568 -45.9105 -31.8220
-46.0907 -17.0864 -36.6792 1.8003 -25.6050 -42.4451 20.9954 -28.5489 -47.9818 34.6122 -34.4717 -37.7964 -23.2308 -41.6074 18.5197 -32.4598 -47.9737 8.3563 -46.8102 -29.6235 11.8103 -41.6224 -16.2524 -41.8380 -36.4462 31.0153 -45.9824 -27.0370 -0.3836 -39.4686 32.2975 -48.5594 -30.5731 8.8446 -40.5137 20.6621 -48.8331 -31.2546 10.6416 -40.6369 -1.3549 -48.3728 -33.8348 23.8163 -45.1758 -26.4806 3.0104 -36.9584 28.7516 -39.2271 29.9656 -38.2463 21.2636 -35.5658 1.3383 -29.6409 -49.0218 -3.0957 -39.3044 11.8218 -30.1969 -48.5422 30.5528 -39.2458 4.9371 -30.2641 -48.6579 13.0341 -40.7704 11.9445 -31.1883 -48.7078 33.7060 -37.4482 -32.4867 -17.8259 -39.9724 0.6423 -22.8271 -40.7368 3.1168 -22.1403 -39.8784 -6.4663 -26.7007 -45.9478 -36.0126 34.5923 -48.0178 -27.3203 -35.5726 -18.2888 -47.5167 -28.5891 20.9928 -42.4451 -25.6050 1.8003 -36.6792 -17.0864 -46.0907
-17.3253 -36.8847 2.9126 -25.7067 -42.6724 21.6529 -28.6941 -48.1459 34.3717 -36.6849 5.2175 -32.4240 -48.9178 13.0313 -38.4839 -17.4180 -21.2415 -43.7230 -19.4035 -34.8719 -37.3071 35.6427 -48.1276 -30.5958 12.2841 -41.5060 -12.8551 -45.9917 -35.4894 24.6243 -44.3392 -22.5541 -29.7985 -37.4071 30.4330 -45.3828 -24.3175 -22.0607 -37.8780 33.6829 -46.6220 -27.9264 5.7956 -40.3852 -14.1467 -34.2595 -37.3624 -16.7495 -49.0539 -22.4236 -49.0251 -19.2472 -45.9544 31.8303 -39.2329 12.8013 -31.1853 -48.7948 3.9042 -38.9563 5.7268 -28.2052 -46.9492 34.4710 -38.2562 -8.9870 -27.4631 -47.4829 35.7438 -39.1860 -3.2089 -26.1487 -45.1590 24.8083 -33.0891 -49.0824 35.0280 -35.0317 -48.6334 27.3498 -34.4763 -49.1275 33.7454 -33.7551 -48.3591 -28.1152 8.3418 -41.9178 -19.2922 -33.8852 -34.1500 -5.9882 27.2149 -47.9909 -28.6926 21.6529 -42.6724 -25.7067 2.9126 -36.8847 -17.3253
-37.9028 3.9413 -25.8038 -42.9009 22.3306 -28.8328 -48.2577 32.9664 -36.5304 26.5626 -39.7069 7.5833 -28.7845 -46.3752 26.0380 -32.6081 -48.0504 -2.3359 -48.1245 -31.7374 16.5139 -42.8773 -20.4395 -31.8345 -37.4776 34.8625 -47.3198 -28.9783 6.7277 -40.1820 12.1441 -48.9134 -32.7226 14.0835 -41.4756 -4.4079 -48.5627 -33.4658 16.1647 -42.0138 -16.6973 -43.6198 -35.9094 30.1206 -46.3257 -28.1425 -8.4611 -31.3945 -32.4739 10.7328 -34.1166 -13.0234 -28.7817 -48.9339 2.8352 -39.9215 12.0775 -30.4211 -48.5467 31.4886 -37.8508 -16.0324 -23.8079 -44.0076 24.9010 -36.2323 -37.5115 -22.0555 -44.7697 27.4268 -36.0932 -43.5217 -14.6027 -40.6530 6.6784 -26.1092 -43.5676 16.5974 -28.4767 -44.4232 17.3577 -27.5153 -43.0719 12.2289 -28.3868 -48.4714 -33.7726 31.2611 -47.8354 -30.8768 22.8493 -47.8231 -30.4434 32.1940 -48.2378 -28.8316 22.3306 -42.9009 -25.8038 3.9413 -37.9028
4.1487 -25.9120 -43.1300 23.0191 -28.9694 -48.3696 30.7482 -33.4839 15.0257 -48.2414 34.3235 -38.4665 -30.4913 -15.1925 -38.9798 -16.7025 -20.1126 -43.8921 -22.3253 -21.1380 -38.2039 33.9682 -48.7702 -31.8373 15.0920 -42.2833 -16.9244 -42.2371 -36.2902 28.8288 -45.1813 -25.2449 -14.2336 -38.3699 34.1819 -46.2138 -26.5237 -8.0122 -38.4467 32.7924 -48.6654 -31.5161 14.9409 -39.2583 0.5214 -48.0503 -26.0693 -45.6228 -4.4911 -43.2764 33.1695 -39.1468 6.6941 -30.4564 -48.7890 19.1551 -39.3069 4.9371 -28.5231 -47.0006 33.2123 -35.3145 -45.3266 -13.4473 -41.1679 14.4216 -33.1974 -48.3978 -7.9351 -41.5991 13.7074 -31.2782 -48.4613 35.5652 -36.3081 -44.3295 -6.7426 -37.4915 -31.0067 -14.2393 -37.2422 -37.1493 -7.6635 -35.5619 -43.2159 -27.3831 -19.2867 -37.4780 -7.7571 -43.0541 -35.6587 -5.2731 -43.6602 -32.3725 30.8931 -48.3718 -28.9694 23.0191 -43.1300 -25.9120 4.1487
-24.2422 -43.3594 23.7167 -29.1060 -48.4891 29.2012 -32.4034 -43.2536 -21.9394 -21.8232 -45.8915 21.7959 -30.1427 -46.0465 23.0843 -30.2390 -46.2206 2.1229 -48.6354 -32.8793 18.9573 -43.4545 -21.9079 -25.6159 -37.8861 35.6984 -47.8933 -30.0276 10.0625 -40.7667 -6.0082 -48.1708 -34.2145 18.1019 -42.3235 -13.6524 -47.0938 -34.7426 25.7198 -45.3063 -28.2238 12.5323 -39.8519 -13.6409 -48.3573 -27.0710 -38.3876 -29.3941 -45.1846 -22.6615 -46.8787 35.4192 -39.4622 1.3463 -28.5891 -47.6301 35.6118 -38.0922 -5.1931 -26.1362 -44.1558 21.7332 -31.6833 -48.7272 32.8252 -39.0829 -0.0783 -28.4131 -47.5859 35.8283 -38.6095 -14.8475 -23.2834 -43.3024 17.1030 -30.3466 -46.7239 27.5213 -32.2194 -47.7190 28.3786 -31.2226 -46.2432 22.1219 -31.1409 -48.2753 -33.0207 17.7053 -41.2603 -24.3348 -2.4671 -37.3816 -18.8669 -42.5101 -32.4627 29.2012 -48.4891 -29.1060 23.7167 -43.3594 -24.2422
-43.7057 24.4218 -29.2406 -48.5923 27.1690 -32.5366 -41.5322 -19.1266 -37.3270 -42.6457 1.3870 -35.8526 -44.0718 2.2806 -35.2718 -45.6958 -7.8751 -43.2785 -23.5230 -13.7281 -38.5907 32.0958 -48.8870 -32.1686 15.9203 -42.5201 -18.6520 -38.1305 -36.8702 33.2085 -46.6280 -28.1506 2.0931 -39.5444 34.0313 -48.0301 -29.9026 10.0073 -40.6216 -21.6224 -2.9585 -38.7334 -20.9420 -35.0180 -32.6948 18.4190 -38.2296 24.0872 -32.7417 -43.2223 -18.1670 -44.6523 27.5922 -37.4235 -23.2834 -25.6811 -46.0162 34.8486 -37.1026 -23.1532 -21.3440 -40.0456 8.5873 -27.2326 -45.1083 26.9802 -36.1337 -41.0136 -19.5690 -43.6857 21.2106 -34.1335 -48.8607 17.1089 -38.1215 -22.4827 -19.2389 -40.3653 0.1497 -21.8855 -40.2192 -4.7387 -19.2706 -38.4338 -18.6449 -31.1855 0.2953 -39.1798 19.7465 -48.1653 -31.3354 4.9974 -37.4631 -19.4118 -41.5344 -32.5366 27.1690 -48.5923 -29.2406 24.4218 -43.7057
25.1794 -29.2009 -48.6771 24.7520 -32.6150 -40.4056 -19.8367 -37.7099 8.3263 -23.4561 -40.5201 6.8571 -23.8498 -40.6265 6.3412 -23.7024 -42.3001 16.5837 -48.9395 -33.2520 19.4195 -43.5009 -21.9065 -25.8408 -37.8410 35.7174 -48.2169 -30.9352 13.8680 -41.9844 -17.7138 -40.9871 -36.3970 28.2446 -44.8337 -23.9315 -22.4690 -37.2499 22.8893 -48.5960 -33.8612 4.6205 -42.9239 -40.5518 36.8260 -46.5841 -26.2496 -49.3959 -31.1260 -21.7725 -47.8287 20.1381 -45.3001 21.2721 -40.7747 -31.4999 -28.0154 -47.6705 34.6038 -34.6621 -46.5991 -5.2189 -36.4993 -28.4740 -19.2590 -40.8238 11.9634 -31.3660 -48.8111 26.8797 -39.7587 1.2552 -26.4406 -44.8621 23.7822 -32.9662 -48.7804 34.8055 -34.2998 -49.2934 35.0118 -33.3329 -48.7374 30.9623 -34.1973 -33.6698 -36.4526 35.3214 -48.3910 -29.3642 -7.9059 -31.2772 6.0955 -37.7041 -19.8374 -40.4031 -32.6150 24.7520 -48.6771 -29.2009 25.1794
-28.5751 -48.7425 21.9892 -32.6922 -39.1253 -20.2579 -37.9381 7.3991 -26.2369 -43.4576 19.9366 -28.2809 -45.8122 23.8432 -29.4521 -46.0722 36.2360 -43.8040 -23.7522 -13.7718 -38.5648 33.4072 -48.7694 -31.8655 15.6088 -42.5262 -20.0852 -30.3576 -37.5709 34.5990 -48.7721 -31.9198 15.2809 -41.7437 -13.6131 -46.9943 -34.5062 25.7210 -45.4560 -28.8038 21.0529 -46.1718 -30.8580 35.0346 -46.2406 -27.7538 -38.4383 -38.5375 26.2408 -45.1941 25.5840 -44.4688 31.2513 -43.4902 8.1767 -38.0956 -47.1779 -24.9046 -46.6081 25.5623 -31.2811 -48.4878 35.1070 -33.4153 -49.0824 27.5317 -37.4551 -22.4697 -23.3969 -44.4921 25.1159 -35.2777 -47.3225 -4.1172 -39.3236 -3.2640 -23.1404 -42.0958 9.5778 -25.2020 -42.1216 7.9847 -23.2375 -40.5713 2.2034 -34.0880 15.8604 -43.4869 -25.3313 7.7652 -41.4133 -10.4067 -26.4407 7.5057 -37.9355 -20.2584 -39.1227 -32.6922 21.9892 -48.7425 -28.5751
