0.3461 0.1429 0.1297 0.5028 0.1179 0.1813 0.4075 0.1098 0.2906 0.1727 0.1185 0.4709 0.1252 0.1540 0.4701 0.1116 0.2345 0.2690 0.1123 0.3904 0.1369 0.1346 0.5004 0.1159 0.1926 0.3784 0.1099 0.3129 0.1587 0.1216 0.4896 0.1224 0.1621 0.4529 0.1107 0.2515 0.2296 0.1139 0.4187 0.1323 0.1404 0.4938 0.1142 0.2052 0.3452 0.1093 0.4043 0.1071 0.4321 0.1712 0.1200 0.4999 0.1253 0.1493 0.3372 0.1103 0.3453 0.2052 0.1142 0.4938 0.1403 0.1323 0.4187 0.1140 0.2296 0.2515 0.1107 0.4529 0.1621 0.1224 0.4896 0.1216 0.1587 0.3129 0.1098 0.3784 0.1926 0.1159 0.5004 0.1346 0.1369 0.3904 0.1123 0.2691 0.2345 0.1116 0.4702 0.1539 0.1252 0.4709 0.1185 0.1727 0.2905 0.1098 0.4075 0.1813 0.1179 0.5028 0.1297 0.1429 0.3461
0.1429 0.1350 0.5210 0.1162 0.1884 0.4355 0.1127 0.3033 0.1829 0.1237 0.4898 0.1214 0.1599 0.4927 0.1127 0.2443 0.3023 0.1169 0.4076 0.1323 0.1399 0.5193 0.1150 0.2003 0.4086 0.1132 0.3267 0.1601 0.1268 0.5080 0.1193 0.1683 0.4772 0.1124 0.2621 0.2600 0.1189 0.4369 0.1277 0.1458 0.5137 0.1141 0.2134 0.3775 0.1142 0.3492 0.1208 0.2827 0.1124 0.4582 0.1778 0.1176 0.5179 0.1305 0.1468 0.3523 0.1141 0.3775 0.2134 0.1141 0.5137 0.1458 0.1277 0.4369 0.1189 0.2600 0.2621 0.1124 0.4772 0.1684 0.1193 0.5080 0.1268 0.1601 0.3267 0.1132 0.4086 0.2003 0.1150 0.5193 0.1399 0.1323 0.4076 0.1169 0.3024 0.2443 0.1127 0.4928 0.1599 0.1214 0.4897 0.1237 0.1830 0.3033 0.1127 0.4355 0.1884 0.1162 0.5210 0.1350 0.1429
0.1297 0.5210 0.1157 0.1881 0.4364 0.1120 0.3023 0.1842 0.1235 0.4887 0.1211 0.1595 0.4934 0.1121 0.2434 0.3044 0.1164 0.4062 0.1323 0.1397 0.5194 0.1146 0.1996 0.4100 0.1126 0.3255 0.1607 0.1266 0.5073 0.1189 0.1679 0.4781 0.1118 0.2612 0.2621 0.1184 0.4356 0.1276 0.1455 0.5141 0.1135 0.2127 0.3791 0.1135 0.3513 0.1472 0.1436 0.2188 0.2811 0.1118 0.4592 0.1773 0.1172 0.5176 0.1303 0.1471 0.3511 0.1135 0.3791 0.2127 0.1135 0.5141 0.1455 0.1275 0.4356 0.1184 0.2621 0.2612 0.1118 0.4780 0.1679 0.1189 0.5073 0.1266 0.1607 0.3255 0.1126 0.4100 0.1997 0.1146 0.5194 0.1397 0.1323 0.4062 0.1164 0.3043 0.2435 0.1121 0.4934 0.1595 0.1211 0.4886 0.1235 0.1843 0.3023 0.1120 0.4364 0.1881 0.1157 0.5210 0.1297
0.5028 0.1162 0.1881 0.4367 0.1120 0.3016 0.1854 0.1234 0.4876 0.1213 0.1591 0.4941 0.1122 0.2426 0.3064 0.1163 0.4048 0.1325 0.1394 0.5196 0.1146 0.1990 0.4115 0.1126 0.3244 0.1616 0.1264 0.5066 0.1190 0.1675 0.4789 0.1118 0.2603 0.2643 0.1183 0.4341 0.1277 0.1452 0.5144 0.1136 0.2121 0.3808 0.1135 0.3497 0.1476 0.1298 0.5190 0.1207 0.2216 0.2800 0.1118 0.4603 0.1768 0.1173 0.5173 0.1301 0.1476 0.3498 0.1135 0.3808 0.2120 0.1136 0.5144 0.1452 0.1277 0.4341 0.1183 0.2643 0.2603 0.1118 0.4789 0.1675 0.1190 0.5066 0.1264 0.1616 0.3243 0.1126 0.4114 0.1991 0.1146 0.5196 0.1394 0.1325 0.4047 0.1163 0.3063 0.2426 0.1122 0.4941 0.1591 0.1212 0.4876 0.1234 0.1854 0.3016 0.1120 0.4367 0.1881 0.1162 0.5028
0.1179 0.1884 0.4364 0.1120 0.3014 0.1860 0.1233 0.4868 0.1214 0.1588 0.4947 0.1122 0.2418 0.3084 0.1162 0.4035 0.1328 0.1391 0.5198 0.1147 0.1984 0.4129 0.1125 0.3233 0.1624 0.1262 0.5058 0.1191 0.1670 0.4798 0.1118 0.2595 0.2663 0.1182 0.4326 0.1280 0.1449 0.5148 0.1136 0.2115 0.3823 0.1134 0.3484 0.1481 0.1299 0.5159 0.1058 0.4600 0.1206 0.2237 0.2790 0.1118 0.4613 0.1763 0.1174 0.5169 0.1299 0.1481 0.3485 0.1134 0.3824 0.2114 0.1136 0.5148 0.1449 0.1279 0.4327 0.1182 0.2664 0.2594 0.1118 0.4797 0.1670 0.1191 0.5058 0.1263 0.1625 0.3231 0.1125 0.4128 0.1984 0.1147 0.5198 0.1391 0.1328 0.4034 0.1162 0.3084 0.2418 0.1122 0.4947 0.1588 0.1214 0.4868 0.1233 0.1860 0.3014 0.1120 0.4364 0.1884 0.1179
0.1813 0.4355 0.1120 0.3016 0.1860 0.1232 0.4862 0.1214 0.1585 0.4952 0.1122 0.2411 0.3102 0.1161 0.4022 0.1330 0.1389 0.5199 0.1147 0.1978 0.4143 0.1125 0.3221 0.1633 0.1261 0.5050 0.1192 0.1666 0.4806 0.1118 0.2586 0.2683 0.1181 0.4311 0.1282 0.1446 0.5151 0.1137 0.2108 0.3838 0.1134 0.3471 0.1487 0.1297 0.5166 0.1160 0.2009 0.1204 0.4599 0.1204 0.2258 0.2779 0.1117 0.4623 0.1759 0.1174 0.5166 0.1297 0.1487 0.3472 0.1133 0.3840 0.2107 0.1137 0.5151 0.1446 0.1282 0.4312 0.1181 0.2685 0.2585 0.1118 0.4805 0.1666 0.1192 0.5050 0.1261 0.1634 0.3220 0.1125 0.4142 0.1978 0.1147 0.5199 0.1389 0.1330 0.4022 0.1161 0.3101 0.2411 0.1122 0.4952 0.1585 0.1214 0.4862 0.1232 0.1860 0.3016 0.1120 0.4355 0.1813
0.4075 0.1127 0.3023 0.1854 0.1233 0.4862 0.1215 0.1584 0.4956 0.1122 0.2404 0.3118 0.1161 0.4011 0.1333 0.1386 0.5200 0.1148 0.1972 0.4156 0.1125 0.3209 0.1642 0.1259 0.5042 0.1193 0.1662 0.4814 0.1118 0.2577 0.2703 0.1180 0.4297 0.1284 0.1443 0.5154 0.1137 0.2101 0.3853 0.1133 0.3458 0.1493 0.1295 0.5162 0.1176 0.1745 0.4109 0.1513 0.1246 0.4585 0.1203 0.2279 0.2769 0.1118 0.4632 0.1754 0.1175 0.5162 0.1295 0.1492 0.3458 0.1133 0.3855 0.2101 0.1137 0.5154 0.1443 0.1284 0.4297 0.1180 0.2705 0.2576 0.1119 0.4814 0.1662 0.1193 0.5042 0.1259 0.1643 0.3209 0.1125 0.4156 0.1973 0.1148 0.5200 0.1386 0.1333 0.4011 0.1161 0.3118 0.2404 0.1122 0.4956 0.1584 0.1215 0.4862 0.1233 0.1854 0.3023 0.1127 0.4075
0.1098 0.3033 0.1842 0.1234 0.4868 0.1214 0.1584 0.4957 0.1122 0.2399 0.3133 0.1160 0.3999 0.1335 0.1384 0.5202 0.1148 0.1967 0.4168 0.1124 0.3198 0.1652 0.1258 0.5034 0.1194 0.1657 0.4822 0.1119 0.2568 0.2724 0.1179 0.4282 0.1286 0.1440 0.5157 0.1138 0.2095 0.3870 0.1133 0.3445 0.1498 0.1293 0.5158 0.1176 0.1751 0.4667 0.1102 0.5083 0.1504 0.1247 0.4572 0.1202 0.2299 0.2759 0.1118 0.4642 0.1750 0.1176 0.5158 0.1293 0.1498 0.3445 0.1133 0.3870 0.2095 0.1138 0.5157 0.1440 0.1286 0.4282 0.1179 0.2725 0.2568 0.1119 0.4822 0.1657 0.1194 0.5034 0.1258 0.1653 0.3198 0.1124 0.4168 0.1967 0.1148 0.5202 0.1384 0.1335 0.3999 0.1160 0.3133 0.2399 0.1122 0.4957 0.1584 0.1214 0.4868 0.1234 0.1843 0.3033 0.1098
0.2906 0.1829 0.1235 0.4876 0.1214 0.1585 0.4956 0.1122 0.2398 0.3141 0.1160 0.3989 0.1337 0.1382 0.5203 0.1149 0.1962 0.4180 0.1124 0.3187 0.1661 0.1256 0.5027 0.1195 0.1653 0.4830 0.1119 0.2559 0.2745 0.1178 0.4268 0.1288 0.1437 0.5160 0.1138 0.2088 0.3885 0.1132 0.3432 0.1504 0.1291 0.5154 0.1177 0.1745 0.4648 0.1104 0.3224 0.1092 0.5082 0.1501 0.1249 0.4558 0.1201 0.2320 0.2749 0.1118 0.4651 0.1745 0.1177 0.5154 0.1291 0.1504 0.3432 0.1132 0.3885 0.2088 0.1138 0.5160 0.1437 0.1288 0.4268 0.1178 0.2745 0.2559 0.1119 0.4830 0.1653 0.1195 0.5027 0.1256 0.1661 0.3187 0.1124 0.4180 0.1962 0.1149 0.5203 0.1382 0.1337 0.3989 0.1160 0.3141 0.2398 0.1122 0.4956 0.1585 0.1214 0.4876 0.1235 0.1830 0.2905
0.1727 0.1237 0.4887 0.1213 0.1588 0.4952 0.1122 0.2399 0.3141 0.1159 0.3983 0.1339 0.1380 0.5203 0.1149 0.1958 0.4190 0.1124 0.3178 0.1670 0.1255 0.5020 0.1196 0.1650 0.4837 0.1119 0.2550 0.2767 0.1177 0.4253 0.1290 0.1434 0.5163 0.1139 0.2081 0.3901 0.1132 0.3420 0.1510 0.1289 0.5150 0.1178 0.1740 0.4661 0.1118 0.2715 0.1566 0.2222 0.1130 0.5087 0.1497 0.1251 0.4544 0.1199 0.2341 0.2739 0.1118 0.4660 0.1740 0.1178 0.5150 0.1289 0.1510 0.3419 0.1132 0.3900 0.2082 0.1139 0.5163 0.1434 0.1290 0.4253 0.1177 0.2766 0.2550 0.1119 0.4837 0.1650 0.1196 0.5020 0.1255 0.1670 0.3178 0.1124 0.4190 0.1958 0.1149 0.5203 0.1380 0.1339 0.3983 0.1159 0.3141 0.2399 0.1122 0.4952 0.1588 0.1212 0.4886 0.1237 0.1727
0.1185 0.4898 0.1211 0.1591 0.4947 0.1122 0.2404 0.3133 0.1160 0.3983 0.1339 0.1379 0.5204 0.1150 0.1953 0.4201 0.1123 0.3168 0.1678 0.1254 0.5013 0.1197 0.1646 0.4843 0.1119 0.2542 0.2787 0.1176 0.4241 0.1293 0.1431 0.5166 0.1139 0.2075 0.3917 0.1131 0.3408 0.1517 0.1287 0.5145 0.1178 0.1735 0.4670 0.1117 0.2733 0.2413 0.1281 0.3595 0.2215 0.1130 0.5092 0.1494 0.1252 0.4530 0.1198 0.2362 0.2729 0.1118 0.4670 0.1736 0.1178 0.5145 0.1287 0.1517 0.3407 0.1131 0.3916 0.2075 0.1139 0.5166 0.1431 0.1292 0.4241 0.1176 0.2786 0.2542 0.1119 0.4843 0.1646 0.1197 0.5013 0.1254 0.1678 0.3168 0.1123 0.4201 0.1953 0.1150 0.5204 0.1379 0.1339 0.3983 0.1160 0.3133 0.2404 0.1122 0.4947 0.1591 0.1211 0.4897 0.1185
0.4709 0.1214 0.1595 0.4941 0.1122 0.2411 0.3118 0.1160 0.3989 0.1339 0.1379 0.5204 0.1150 0.1949 0.4211 0.1123 0.3159 0.1687 0.1253 0.5005 0.1198 0.1643 0.4849 0.1119 0.2534 0.2804 0.1175 0.4229 0.1294 0.1428 0.5169 0.1140 0.2068 0.3933 0.1131 0.3396 0.1523 0.1285 0.5140 0.1179 0.1730 0.4680 0.1117 0.2721 0.2376 0.1191 0.5029 0.1128 0.3596 0.2207 0.1130 0.5096 0.1491 0.1254 0.4516 0.1197 0.2383 0.2720 0.1118 0.4679 0.1731 0.1179 0.5140 0.1286 0.1523 0.3394 0.1131 0.3932 0.2068 0.1140 0.5169 0.1428 0.1294 0.4229 0.1175 0.2804 0.2534 0.1119 0.4849 0.1643 0.1198 0.5005 0.1253 0.1687 0.3159 0.1123 0.4211 0.1949 0.1150 0.5204 0.1379 0.1339 0.3989 0.1160 0.3118 0.2411 0.1122 0.4941 0.1595 0.1214 0.4709
0.1252 0.1599 0.4934 0.1122 0.2418 0.3102 0.1161 0.3999 0.1337 0.1380 0.5204 0.1150 0.1948 0.4217 0.1123 0.3150 0.1696 0.1251 0.4998 0.1199 0.1639 0.4856 0.1119 0.2527 0.2821 0.1174 0.4217 0.1296 0.1426 0.5171 0.1140 0.2062 0.3947 0.1130 0.3384 0.1529 0.1284 0.5135 0.1180 0.1726 0.4689 0.1117 0.2712 0.2401 0.1196 0.4462 0.1094 0.3634 0.1141 0.3616 0.2200 0.1131 0.5100 0.1487 0.1256 0.4502 0.1196 0.2404 0.2710 0.1118 0.4689 0.1726 0.1180 0.5135 0.1284 0.1529 0.3383 0.1130 0.3947 0.2062 0.1140 0.5171 0.1426 0.1296 0.4217 0.1174 0.2821 0.2527 0.1119 0.4856 0.1639 0.1199 0.4998 0.1251 0.1696 0.3150 0.1123 0.4217 0.1948 0.1150 0.5204 0.1380 0.1337 0.3999 0.1161 0.3101 0.2418 0.1122 0.4934 0.1599 0.1252
0.1540 0.4927 0.1121 0.2426 0.3084 0.1161 0.4011 0.1335 0.1382 0.5203 0.1150 0.1949 0.4217 0.1123 0.3146 0.1703 0.1250 0.4991 0.1200 0.1636 0.4862 0.1119 0.2520 0.2838 0.1173 0.4206 0.1298 0.1423 0.5173 0.1140 0.2057 0.3960 0.1130 0.3373 0.1535 0.1282 0.5130 0.1181 0.1721 0.4698 0.1118 0.2702 0.2421 0.1195 0.4490 0.1248 0.1664 0.1394 0.3634 0.1140 0.3633 0.2193 0.1131 0.5105 0.1484 0.1258 0.4487 0.1195 0.2424 0.2701 0.1118 0.4698 0.1721 0.1181 0.5130 0.1282 0.1535 0.3373 0.1130 0.3960 0.2057 0.1140 0.5173 0.1423 0.1298 0.4206 0.1173 0.2838 0.2520 0.1119 0.4862 0.1636 0.1200 0.4991 0.1250 0.1703 0.3146 0.1123 0.4217 0.1949 0.1150 0.5203 0.1382 0.1335 0.4011 0.1161 0.3084 0.2426 0.1121 0.4928 0.1539
0.4701 0.1127 0.2434 0.3064 0.1162 0.4022 0.1333 0.1384 0.5203 0.1149 0.1953 0.4211 0.1123 0.3146 0.1705 0.1250 0.4985 0.1200 0.1633 0.4868 0.1119 0.2513 0.2855 0.1173 0.4194 0.1300 0.1421 0.5175 0.1141 0.2052 0.3972 0.1129 0.3363 0.1540 0.1280 0.5126 0.1182 0.1717 0.4707 0.1118 0.2692 0.2442 0.1193 0.4472 0.1260 0.1475 0.4852 0.1325 0.1431 0.3619 0.1140 0.3649 0.2187 0.1132 0.5109 0.1481 0.1260 0.4472 0.1193 0.2443 0.2692 0.1118 0.4707 0.1717 0.1182 0.5126 0.1280 0.1540 0.3363 0.1129 0.3972 0.2052 0.1141 0.5175 0.1421 0.1300 0.4194 0.1173 0.2855 0.2513 0.1119 0.4868 0.1633 0.1200 0.4985 0.1250 0.1705 0.3146 0.1123 0.4211 0.1953 0.1149 0.5203 0.1384 0.1333 0.4022 0.1162 0.3063 0.2435 0.1127 0.4702
0.1116 0.2443 0.3044 0.1163 0.4035 0.1330 0.1386 0.5202 0.1149 0.1958 0.4201 0.1123 0.3150 0.1703 0.1250 0.4983 0.1201 0.1630 0.4873 0.1120 0.2506 0.2872 0.1172 0.4182 0.1302 0.1419 0.5177 0.1141 0.2047 0.3984 0.1129 0.3353 0.1546 0.1279 0.5121 0.1182 0.1713 0.4715 0.1118 0.2683 0.2463 0.1192 0.4459 0.1261 0.1478 0.5124 0.1065 0.5193 0.1318 0.1435 0.3605 0.1139 0.3666 0.2180 0.1132 0.5113 0.1478 0.1261 0.4459 0.1192 0.2463 0.2683 0.1118 0.4715 0.1713 0.1182 0.5121 0.1279 0.1546 0.3353 0.1129 0.3984 0.2047 0.1141 0.5177 0.1419 0.1302 0.4182 0.1172 0.2872 0.2506 0.1120 0.4873 0.1630 0.1201 0.4983 0.1250 0.1703 0.3150 0.1123 0.4201 0.1958 0.1149 0.5202 0.1386 0.1330 0.4034 0.1163 0.3043 0.2443 0.1116
0.2345 0.3023 0.1164 0.4048 0.1328 0.1389 0.5200 0.1148 0.1962 0.4190 0.1123 0.3159 0.1696 0.1250 0.4985 0.1201 0.1629 0.4876 0.1120 0.2500 0.2889 0.1171 0.4171 0.1304 0.1417 0.5179 0.1142 0.2041 0.3997 0.1129 0.3343 0.1551 0.1277 0.5117 0.1183 0.1709 0.4722 0.1118 0.2674 0.2482 0.1191 0.4447 0.1263 0.1475 0.5116 0.1118 0.2520 0.1126 0.5193 0.1316 0.1440 0.3592 0.1139 0.3682 0.2173 0.1132 0.5117 0.1475 0.1263 0.4447 0.1191 0.2482 0.2675 0.1118 0.4722 0.1709 0.1183 0.5117 0.1277 0.1551 0.3343 0.1129 0.3997 0.2041 0.1142 0.5179 0.1417 0.1304 0.4171 0.1171 0.2889 0.2500 0.1120 0.4876 0.1629 0.1201 0.4985 0.1250 0.1696 0.3159 0.1123 0.4190 0.1962 0.1148 0.5200 0.1389 0.1328 0.4047 0.1164 0.3024 0.2345
0.2690 0.1169 0.4062 0.1325 0.1391 0.5199 0.1148 0.1967 0.4180 0.1124 0.3168 0.1687 0.1251 0.4991 0.1200 0.1630 0.4876 0.1120 0.2496 0.2901 0.1170 0.4159 0.1306 0.1414 0.5181 0.1142 0.2036 0.4009 0.1128 0.3333 0.1557 0.1276 0.5112 0.1184 0.1706 0.4730 0.1118 0.2667 0.2499 0.1190 0.4435 0.1265 0.1472 0.5121 0.1134 0.2151 0.2852 0.1805 0.1168 0.5190 0.1314 0.1445 0.3579 0.1138 0.3699 0.2166 0.1133 0.5120 0.1472 0.1265 0.4435 0.1190 0.2499 0.2667 0.1118 0.4730 0.1706 0.1184 0.5112 0.1276 0.1557 0.3333 0.1128 0.4009 0.2036 0.1142 0.5181 0.1414 0.1306 0.4159 0.1170 0.2901 0.2496 0.1120 0.4876 0.1630 0.1200 0.4991 0.1251 0.1687 0.3168 0.1124 0.4180 0.1967 0.1148 0.5199 0.1391 0.1325 0.4062 0.1169 0.2691
0.1123 0.4076 0.1323 0.1394 0.5198 0.1147 0.1972 0.4168 0.1124 0.3178 0.1678 0.1253 0.4998 0.1200 0.1633 0.4873 0.1120 0.2496 0.2905 0.1170 0.4151 0.1308 0.1412 0.5183 0.1142 0.2031 0.4021 0.1128 0.3323 0.1563 0.1275 0.5107 0.1184 0.1702 0.4737 0.1118 0.2659 0.2516 0.1189 0.4424 0.1266 0.1470 0.5124 0.1133 0.2161 0.3760 0.1173 0.4556 0.1796 0.1169 0.5188 0.1311 0.1449 0.3568 0.1138 0.3715 0.2159 0.1133 0.5124 0.1470 0.1266 0.4424 0.1189 0.2516 0.2659 0.1118 0.4737 0.1702 0.1184 0.5107 0.1275 0.1563 0.3323 0.1128 0.4021 0.2031 0.1142 0.5183 0.1412 0.1308 0.4151 0.1170 0.2905 0.2496 0.1120 0.4873 0.1633 0.1200 0.4998 0.1253 0.1678 0.3178 0.1124 0.4168 0.1973 0.1147 0.5198 0.1394 0.1323 0.4076 0.1123
0.3904 0.1323 0.1397 0.5196 0.1147 0.1978 0.4156 0.1124 0.3187 0.1670 0.1254 0.5005 0.1199 0.1636 0.4868 0.1120 0.2500 0.2901 0.1170 0.4148 0.1309 0.1410 0.5185 0.1143 0.2026 0.4033 0.1128 0.3313 0.1569 0.1273 0.5102 0.1185 0.1698 0.4744 0.1118 0.2651 0.2533 0.1189 0.4412 0.1268 0.1467 0.5127 0.1134 0.2154 0.3725 0.1127 0.4161 0.1090 0.4556 0.1791 0.1169 0.5185 0.1310 0.1453 0.3557 0.1137 0.3729 0.2154 0.1134 0.5127 0.1467 0.1268 0.4412 0.1189 0.2533 0.2651 0.1118 0.4744 0.1698 0.1185 0.5102 0.1273 0.1569 0.3313 0.1128 0.4033 0.2026 0.1143 0.5185 0.1410 0.1309 0.4148 0.1170 0.2901 0.2500 0.1120 0.4868 0.1636 0.1199 0.5005 0.1254 0.1670 0.3187 0.1124 0.4156 0.1978 0.1147 0.5196 0.1397 0.1323 0.3904
0.1369 0.1399 0.5194 0.1146 0.1984 0.4143 0.1125 0.3198 0.1661 0.1255 0.5013 0.1198 0.1639 0.4862 0.1119 0.2506 0.2889 0.1170 0.4151 0.1309 0.1410 0.5186 0.1143 0.2021 0.4044 0.1127 0.3303 0.1575 0.1272 0.5097 0.1186 0.1695 0.4751 0.1118 0.2644 0.2551 0.1188 0.4401 0.1269 0.1464 0.5130 0.1134 0.2148 0.3743 0.1137 0.3511 0.1208 0.2827 0.1118 0.4566 0.1786 0.1170 0.5183 0.1308 0.1457 0.3547 0.1137 0.3743 0.2148 0.1134 0.5130 0.1464 0.1269 0.4401 0.1188 0.2551 0.2644 0.1118 0.4751 0.1695 0.1186 0.5097 0.1272 0.1575 0.3303 0.1127 0.4044 0.2021 0.1143 0.5186 0.1410 0.1309 0.4151 0.1170 0.2889 0.2506 0.1119 0.4862 0.1639 0.1198 0.5013 0.1255 0.1661 0.3198 0.1125 0.4142 0.1984 0.1146 0.5194 0.1399 0.1369
0.1346 0.5193 0.1146 0.1990 0.4129 0.1125 0.3209 0.1652 0.1256 0.5020 0.1197 0.1643 0.4856 0.1119 0.2513 0.2872 0.1171 0.4159 0.1308 0.1410 0.5186 0.1143 0.2019 0.4053 0.1127 0.3293 0.1582 0.1271 0.5092 0.1187 0.1691 0.4758 0.1118 0.2636 0.2568 0.1187 0.4389 0.1271 0.1462 0.5133 0.1134 0.2142 0.3756 0.1136 0.3539 0.1462 0.1437 0.2172 0.2827 0.1118 0.4575 0.1782 0.1171 0.5181 0.1306 0.1461 0.3536 0.1136 0.3756 0.2142 0.1134 0.5133 0.1462 0.1271 0.4389 0.1187 0.2568 0.2636 0.1118 0.4758 0.1691 0.1187 0.5092 0.1271 0.1582 0.3293 0.1127 0.4053 0.2019 0.1143 0.5186 0.1410 0.1308 0.4159 0.1171 0.2872 0.2513 0.1119 0.4856 0.1643 0.1197 0.5020 0.1256 0.1653 0.3209 0.1125 0.4128 0.1991 0.1146 0.5193 0.1346
0.5004 0.1150 0.1996 0.4115 0.1125 0.3221 0.1642 0.1258 0.5027 0.1196 0.1646 0.4849 0.1119 0.2520 0.2855 0.1172 0.4171 0.1306 0.1412 0.5185 0.1143 0.2019 0.4056 0.1127 0.3286 0.1587 0.1269 0.5086 0.1187 0.1688 0.4765 0.1118 0.2629 0.2585 0.1186 0.4378 0.1272 0.1459 0.5136 0.1135 0.2137 0.3769 0.1136 0.3525 0.1464 0.1301 0.5188 0.1209 0.2181 0.2818 0.1118 0.4583 0.1778 0.1171 0.5179 0.1305 0.1465 0.3525 0.1136 0.3769 0.2137 0.1135 0.5136 0.1459 0.1272 0.4378 0.1186 0.2585 0.2629 0.1118 0.4765 0.1688 0.1187 0.5086 0.1269 0.1587 0.3286 0.1127 0.4056 0.2019 0.1143 0.5185 0.1412 0.1306 0.4171 0.1172 0.2855 0.2520 0.1119 0.4849 0.1646 0.1196 0.5027 0.1258 0.1643 0.3220 0.1125 0.4114 0.1997 0.1150 0.5004
0.1159 0.2003 0.4100 0.1126 0.3233 0.1633 0.1259 0.5034 0.1195 0.1650 0.4843 0.1119 0.2527 0.2838 0.1173 0.4182 0.1304 0.1414 0.5183 0.1143 0.2021 0.4053 0.1127 0.3284 0.1591 0.1268 0.5082 0.1188 0.1684 0.4772 0.1118 0.2621 0.2602 0.1185 0.4366 0.1274 0.1457 0.5139 0.1135 0.2131 0.3783 0.1135 0.3515 0.1469 0.1303 0.5167 0.1058 0.4621 0.1208 0.2199 0.2810 0.1118 0.4591 0.1774 0.1172 0.5176 0.1303 0.1469 0.3515 0.1135 0.3783 0.2131 0.1135 0.5139 0.1457 0.1274 0.4366 0.1185 0.2602 0.2621 0.1118 0.4772 0.1684 0.1188 0.5082 0.1268 0.1591 0.3284 0.1127 0.4053 0.2021 0.1143 0.5183 0.1414 0.1304 0.4182 0.1173 0.2838 0.2527 0.1119 0.4843 0.1650 0.1195 0.5034 0.1259 0.1634 0.3231 0.1126 0.4100 0.2003 0.1159
0.1926 0.4086 0.1126 0.3244 0.1624 0.1261 0.5042 0.1194 0.1653 0.4837 0.1119 0.2534 0.2821 0.1173 0.4194 0.1302 0.1417 0.5181 0.1142 0.2026 0.4044 0.1127 0.3286 0.1591 0.1268 0.5079 0.1189 0.1681 0.4779 0.1118 0.2614 0.2619 0.1184 0.4355 0.1276 0.1454 0.5141 0.1135 0.2126 0.3796 0.1135 0.3504 0.1473 0.1301 0.5174 0.1159 0.2021 0.1201 0.4624 0.1207 0.2215 0.2802 0.1117 0.4600 0.1770 0.1172 0.5173 0.1301 0.1473 0.3504 0.1135 0.3796 0.2126 0.1135 0.5141 0.1454 0.1276 0.4355 0.1184 0.2619 0.2614 0.1118 0.4779 0.1681 0.1189 0.5079 0.1268 0.1591 0.3286 0.1127 0.4044 0.2026 0.1142 0.5181 0.1417 0.1302 0.4194 0.1173 0.2821 0.2534 0.1119 0.4837 0.1653 0.1194 0.5042 0.1261 0.1625 0.3243 0.1126 0.4086 0.1926
0.3784 0.1132 0.3255 0.1616 0.1262 0.5050 0.1193 0.1657 0.4830 0.1119 0.2542 0.2804 0.1174 0.4206 0.1300 0.1419 0.5179 0.1142 0.2031 0.4033 0.1127 0.3293 0.1587 0.1268 0.5079 0.1189 0.1679 0.4784 0.1118 0.2606 0.2636 0.1183 0.4343 0.1277 0.1452 0.5144 0.1136 0.2120 0.3809 0.1134 0.3494 0.1478 0.1300 0.5171 0.1174 0.1757 0.4078 0.1520 0.1242 0.4613 0.1206 0.2231 0.2793 0.1117 0.4608 0.1766 0.1173 0.5171 0.1300 0.1478 0.3494 0.1134 0.3809 0.2120 0.1136 0.5144 0.1452 0.1277 0.4343 0.1183 0.2636 0.2606 0.1118 0.4784 0.1679 0.1189 0.5079 0.1268 0.1587 0.3293 0.1127 0.4033 0.2031 0.1142 0.5179 0.1419 0.1300 0.4206 0.1174 0.2804 0.2542 0.1119 0.4830 0.1657 0.1193 0.5050 0.1263 0.1616 0.3255 0.1132 0.3784
0.1099 0.3267 0.1607 0.1264 0.5058 0.1192 0.1662 0.4822 0.1119 0.2550 0.2787 0.1175 0.4217 0.1298 0.1421 0.5177 0.1142 0.2036 0.4021 0.1128 0.3303 0.1582 0.1269 0.5082 0.1189 0.1679 0.4785 0.1118 0.2601 0.2652 0.1182 0.4331 0.1279 0.1450 0.5147 0.1136 0.2115 0.3822 0.1134 0.3484 0.1482 0.1298 0.5168 0.1174 0.1763 0.4642 0.1104 0.5072 0.1512 0.1244 0.4602 0.1205 0.2248 0.2785 0.1117 0.4616 0.1762 0.1174 0.5168 0.1298 0.1482 0.3484 0.1134 0.3822 0.2115 0.1136 0.5147 0.1450 0.1279 0.4331 0.1182 0.2652 0.2601 0.1118 0.4785 0.1679 0.1189 0.5082 0.1269 0.1582 0.3303 0.1128 0.4021 0.2036 0.1142 0.5177 0.1421 0.1298 0.4217 0.1175 0.2786 0.2550 0.1119 0.4822 0.1662 0.1192 0.5058 0.1264 0.1607 0.3267 0.1098
0.3129 0.1601 0.1266 0.5066 0.1191 0.1666 0.4814 0.1119 0.2559 0.2767 0.1176 0.4229 0.1296 0.1423 0.5175 0.1141 0.2041 0.4009 0.1128 0.3313 0.1575 0.1271 0.5086 0.1188 0.1681 0.4784 0.1118 0.2599 0.2660 0.1182 0.4321 0.1281 0.1447 0.5150 0.1136 0.2109 0.3835 0.1134 0.3473 0.1486 0.1297 0.5165 0.1174 0.1758 0.4621 0.1104 0.3253 0.1091 0.5071 0.1509 0.1245 0.4591 0.1204 0.2264 0.2777 0.1117 0.4624 0.1758 0.1174 0.5165 0.1297 0.1486 0.3473 0.1134 0.3835 0.2109 0.1136 0.5150 0.1447 0.1281 0.4321 0.1182 0.2660 0.2599 0.1118 0.4784 0.1681 0.1188 0.5086 0.1271 0.1575 0.3313 0.1128 0.4009 0.2041 0.1141 0.5175 0.1423 0.1296 0.4229 0.1176 0.2766 0.2559 0.1119 0.4814 0.1666 0.1191 0.5066 0.1266 0.1601 0.3129
0.1587 0.1268 0.5073 0.1190 0.1670 0.4806 0.1118 0.2568 0.2745 0.1177 0.4241 0.1294 0.1426 0.5173 0.1141 0.2047 0.3997 0.1128 0.3323 0.1569 0.1272 0.5092 0.1187 0.1684 0.4779 0.1118 0.2601 0.2660 0.1182 0.4315 0.1282 0.1445 0.5152 0.1137 0.2104 0.3848 0.1133 0.3463 0.1491 0.1295 0.5162 0.1175 0.1754 0.4632 0.1118 0.2744 0.1540 0.2239 0.1129 0.5075 0.1506 0.1246 0.4580 0.1203 0.2281 0.2769 0.1117 0.4632 0.1754 0.1175 0.5162 0.1295 0.1491 0.3463 0.1133 0.3848 0.2104 0.1137 0.5152 0.1445 0.1282 0.4315 0.1182 0.2660 0.2601 0.1118 0.4779 0.1684 0.1187 0.5092 0.1272 0.1569 0.3323 0.1128 0.3997 0.2047 0.1141 0.5173 0.1426 0.1294 0.4241 0.1177 0.2745 0.2568 0.1119 0.4805 0.1670 0.1190 0.5073 0.1268 0.1587
0.1216 0.5080 0.1189 0.1675 0.4798 0.1118 0.2577 0.2724 0.1178 0.4253 0.1293 0.1428 0.5171 0.1140 0.2052 0.3984 0.1129 0.3333 0.1563 0.1273 0.5097 0.1187 0.1688 0.4772 0.1118 0.2606 0.2652 0.1182 0.4315 0.1282 0.1444 0.5154 0.1137 0.2099 0.3861 0.1133 0.3453 0.1495 0.1294 0.5159 0.1176 0.1750 0.4640 0.1117 0.2763 0.2349 0.1286 0.3551 0.2234 0.1129 0.5079 0.1503 0.1248 0.4569 0.1202 0.2297 0.2761 0.1117 0.4640 0.1750 0.1176 0.5159 0.1294 0.1495 0.3453 0.1133 0.3861 0.2099 0.1137 0.5154 0.1444 0.1282 0.4315 0.1182 0.2652 0.2606 0.1118 0.4772 0.1688 0.1187 0.5097 0.1273 0.1563 0.3333 0.1129 0.3984 0.2052 0.1140 0.5171 0.1428 0.1292 0.4253 0.1178 0.2725 0.2576 0.1118 0.4797 0.1675 0.1189 0.5080 0.1216
0.4896 0.1193 0.1679 0.4789 0.1118 0.2586 0.2703 0.1179 0.4268 0.1290 0.1431 0.5169 0.1140 0.2057 0.3972 0.1129 0.3343 0.1557 0.1275 0.5102 0.1186 0.1691 0.4765 0.1118 0.2614 0.2636 0.1182 0.4321 0.1282 0.1444 0.5155 0.1137 0.2095 0.3873 0.1132 0.3442 0.1500 0.1292 0.5156 0.1176 0.1747 0.4648 0.1117 0.2753 0.2308 0.1195 0.5052 0.1131 0.3548 0.2228 0.1129 0.5083 0.1501 0.1249 0.4558 0.1201 0.2314 0.2753 0.1117 0.4648 0.1747 0.1176 0.5156 0.1292 0.1500 0.3442 0.1132 0.3873 0.2095 0.1137 0.5155 0.1444 0.1282 0.4321 0.1182 0.2636 0.2614 0.1118 0.4765 0.1691 0.1186 0.5102 0.1275 0.1557 0.3343 0.1129 0.3972 0.2057 0.1140 0.5169 0.1431 0.1290 0.4268 0.1179 0.2705 0.2585 0.1118 0.4789 0.1679 0.1193 0.4896
0.1224 0.1683 0.4781 0.1118 0.2595 0.2683 0.1180 0.4282 0.1288 0.1434 0.5166 0.1140 0.2062 0.3960 0.1129 0.3353 0.1551 0.1276 0.5107 0.1185 0.1695 0.4758 0.1118 0.2621 0.2619 0.1183 0.4331 0.1281 0.1445 0.5154 0.1137 0.2093 0.3879 0.1132 0.3433 0.1505 0.1291 0.5152 0.1177 0.1743 0.4656 0.1117 0.2745 0.2331 0.1200 0.4509 0.1091 0.3670 0.1143 0.3563 0.2222 0.1130 0.5087 0.1498 0.1250 0.4546 0.1200 0.2330 0.2745 0.1117 0.4656 0.1743 0.1177 0.5152 0.1291 0.1505 0.3433 0.1132 0.3879 0.2093 0.1137 0.5154 0.1445 0.1281 0.4331 0.1183 0.2619 0.2621 0.1118 0.4758 0.1695 0.1185 0.5107 0.1276 0.1551 0.3353 0.1129 0.3960 0.2062 0.1140 0.5166 0.1434 0.1288 0.4282 0.1180 0.2685 0.2594 0.1118 0.4780 0.1684 0.1224
0.1621 0.4772 0.1118 0.2603 0.2663 0.1181 0.4297 0.1286 0.1437 0.5163 0.1139 0.2068 0.3947 0.1130 0.3363 0.1546 0.1277 0.5112 0.1184 0.1698 0.4751 0.1118 0.2629 0.2602 0.1184 0.4343 0.1279 0.1447 0.5152 0.1137 0.2095 0.3879 0.1132 0.3428 0.1508 0.1289 0.5149 0.1178 0.1739 0.4663 0.1117 0.2737 0.2347 0.1199 0.4539 0.1241 0.1677 0.1382 0.3674 0.1142 0.3578 0.2216 0.1130 0.5090 0.1495 0.1252 0.4535 0.1199 0.2347 0.2737 0.1117 0.4663 0.1739 0.1178 0.5149 0.1289 0.1508 0.3428 0.1132 0.3879 0.2095 0.1137 0.5152 0.1447 0.1279 0.4343 0.1184 0.2602 0.2629 0.1118 0.4751 0.1698 0.1184 0.5112 0.1277 0.1546 0.3363 0.1130 0.3947 0.2068 0.1139 0.5163 0.1437 0.1286 0.4297 0.1181 0.2664 0.2603 0.1118 0.4772 0.1621
0.4529 0.1124 0.2612 0.2643 0.1182 0.4311 0.1284 0.1440 0.5160 0.1139 0.2075 0.3933 0.1130 0.3373 0.1540 0.1279 0.5117 0.1184 0.1702 0.4744 0.1118 0.2636 0.2585 0.1185 0.4355 0.1277 0.1450 0.5150 0.1137 0.2099 0.3873 0.1132 0.3428 0.1510 0.1288 0.5146 0.1178 0.1735 0.4671 0.1117 0.2729 0.2364 0.1198 0.4524 0.1253 0.1487 0.4827 0.1331 0.1417 0.3663 0.1142 0.3592 0.2210 0.1130 0.5094 0.1492 0.1253 0.4524 0.1198 0.2364 0.2729 0.1117 0.4671 0.1735 0.1178 0.5146 0.1288 0.1510 0.3428 0.1132 0.3873 0.2099 0.1137 0.5150 0.1450 0.1277 0.4355 0.1185 0.2585 0.2636 0.1118 0.4744 0.1702 0.1184 0.5117 0.1279 0.1540 0.3373 0.1130 0.3932 0.2075 0.1139 0.5160 0.1440 0.1284 0.4312 0.1182 0.2643 0.2612 0.1124 0.4529
0.1107 0.2621 0.2621 0.1183 0.4326 0.1282 0.1443 0.5157 0.1138 0.2081 0.3917 0.1131 0.3384 0.1535 0.1280 0.5121 0.1183 0.1706 0.4737 0.1118 0.2644 0.2568 0.1186 0.4366 0.1276 0.1452 0.5147 0.1136 0.2104 0.3861 0.1132 0.3433 0.1508 0.1288 0.5145 0.1179 0.1732 0.4678 0.1117 0.2721 0.2381 0.1197 0.4513 0.1254 0.1491 0.5109 0.1066 0.5199 0.1325 0.1421 0.3652 0.1141 0.3606 0.2204 0.1131 0.5097 0.1490 0.1254 0.4513 0.1197 0.2381 0.2721 0.1117 0.4678 0.1732 0.1179 0.5145 0.1288 0.1508 0.3433 0.1132 0.3861 0.2104 0.1136 0.5147 0.1452 0.1276 0.4366 0.1186 0.2568 0.2644 0.1118 0.4737 0.1706 0.1183 0.5121 0.1280 0.1535 0.3383 0.1131 0.3916 0.2082 0.1138 0.5157 0.1443 0.1282 0.4327 0.1183 0.2621 0.2621 0.1107
0.2515 0.2600 0.1184 0.4341 0.1280 0.1446 0.5154 0.1138 0.2088 0.3901 0.1131 0.3396 0.1529 0.1282 0.5126 0.1182 0.1709 0.4730 0.1118 0.2651 0.2551 0.1187 0.4378 0.1274 0.1454 0.5144 0.1136 0.2109 0.3848 0.1133 0.3442 0.1505 0.1289 0.5146 0.1179 0.1731 0.4682 0.1117 0.2714 0.2397 0.1196 0.4501 0.1256 0.1487 0.5100 0.1116 0.2550 0.1124 0.5199 0.1323 0.1424 0.3641 0.1141 0.3621 0.2199 0.1131 0.5101 0.1487 0.1256 0.4501 0.1196 0.2397 0.2714 0.1117 0.4682 0.1731 0.1179 0.5146 0.1289 0.1505 0.3442 0.1133 0.3848 0.2109 0.1136 0.5144 0.1454 0.1274 0.4378 0.1187 0.2551 0.2651 0.1118 0.4730 0.1709 0.1182 0.5126 0.1282 0.1529 0.3394 0.1131 0.3900 0.2088 0.1138 0.5154 0.1446 0.1279 0.4341 0.1184 0.2600 0.2515
0.2296 0.1189 0.4356 0.1277 0.1449 0.5151 0.1137 0.2095 0.3885 0.1132 0.3408 0.1523 0.1284 0.5130 0.1182 0.1713 0.4722 0.1118 0.2659 0.2533 0.1188 0.4389 0.1272 0.1457 0.5141 0.1136 0.2115 0.3835 0.1133 0.3453 0.1500 0.1291 0.5149 0.1178 0.1732 0.4682 0.1117 0.2710 0.2410 0.1195 0.4490 0.1257 0.1485 0.5105 0.1132 0.2177 0.2775 0.1823 0.1166 0.5198 0.1321 0.1428 0.3630 0.1140 0.3635 0.2193 0.1131 0.5104 0.1485 0.1257 0.4490 0.1195 0.2410 0.2710 0.1117 0.4682 0.1732 0.1178 0.5149 0.1291 0.1500 0.3453 0.1133 0.3835 0.2115 0.1136 0.5141 0.1457 0.1272 0.4389 0.1188 0.2533 0.2659 0.1118 0.4722 0.1713 0.1182 0.5130 0.1284 0.1523 0.3407 0.1132 0.3885 0.2095 0.1137 0.5151 0.1449 0.1277 0.4356 0.1189 0.2296
0.1139 0.4369 0.1276 0.1452 0.5148 0.1137 0.2101 0.3870 0.1132 0.3420 0.1517 0.1285 0.5135 0.1181 0.1717 0.4715 0.1118 0.2667 0.2516 0.1189 0.4401 0.1271 0.1459 0.5139 0.1135 0.2120 0.3822 0.1134 0.3463 0.1495 0.1292 0.5152 0.1178 0.1735 0.4678 0.1117 0.2710 0.2414 0.1195 0.4482 0.1259 0.1482 0.5108 0.1131 0.2189 0.3694 0.1178 0.4518 0.1814 0.1166 0.5196 0.1320 0.1431 0.3619 0.1140 0.3649 0.2187 0.1131 0.5108 0.1482 0.1259 0.4482 0.1195 0.2414 0.2710 0.1117 0.4678 0.1735 0.1178 0.5152 0.1292 0.1495 0.3463 0.1134 0.3822 0.2120 0.1135 0.5139 0.1459 0.1271 0.4401 0.1189 0.2516 0.2667 0.1118 0.4715 0.1717 0.1181 0.5135 0.1286 0.1517 0.3419 0.1132 0.3870 0.2101 0.1137 0.5148 0.1452 0.1275 0.4369 0.1140
0.4187 0.1277 0.1455 0.5144 0.1136 0.2108 0.3853 0.1133 0.3432 0.1510 0.1287 0.5140 0.1180 0.1721 0.4707 0.1118 0.2674 0.2499 0.1189 0.4412 0.1269 0.1462 0.5136 0.1135 0.2126 0.3809 0.1134 0.3473 0.1491 0.1294 0.5156 0.1177 0.1739 0.4671 0.1117 0.2714 0.2410 0.1195 0.4479 0.1259 0.1480 0.5111 0.1132 0.2181 0.3658 0.1129 0.4215 0.1091 0.4515 0.1810 0.1167 0.5195 0.1318 0.1435 0.3609 0.1139 0.3663 0.2181 0.1132 0.5111 0.1480 0.1259 0.4479 0.1195 0.2410 0.2714 0.1117 0.4671 0.1739 0.1177 0.5156 0.1294 0.1491 0.3473 0.1134 0.3809 0.2126 0.1135 0.5136 0.1462 0.1269 0.4412 0.1189 0.2499 0.2675 0.1118 0.4707 0.1721 0.1180 0.5140 0.1287 0.1510 0.3432 0.1133 0.3855 0.2107 0.1136 0.5144 0.1455 0.1277 0.4187
0.1323 0.1458 0.5141 0.1136 0.2115 0.3838 0.1133 0.3445 0.1504 0.1289 0.5145 0.1179 0.1726 0.4698 0.1118 0.2683 0.2482 0.1190 0.4424 0.1268 0.1464 0.5133 0.1135 0.2131 0.3796 0.1134 0.3484 0.1486 0.1295 0.5159 0.1176 0.1743 0.4663 0.1117 0.2721 0.2397 0.1195 0.4482 0.1259 0.1479 0.5113 0.1132 0.2176 0.3676 0.1140 0.3563 0.1198 0.2866 0.1118 0.4524 0.1806 0.1167 0.5193 0.1316 0.1438 0.3598 0.1139 0.3676 0.2176 0.1132 0.5113 0.1479 0.1259 0.4482 0.1195 0.2397 0.2721 0.1117 0.4663 0.1743 0.1176 0.5159 0.1295 0.1486 0.3484 0.1134 0.3796 0.2131 0.1135 0.5133 0.1464 0.1268 0.4424 0.1190 0.2482 0.2683 0.1118 0.4698 0.1726 0.1179 0.5145 0.1289 0.1504 0.3445 0.1133 0.3840 0.2114 0.1136 0.5141 0.1458 0.1323
0.1404 0.5137 0.1135 0.2121 0.3823 0.1134 0.3458 0.1498 0.1291 0.5150 0.1178 0.1730 0.4689 0.1118 0.2692 0.2463 0.1191 0.4435 0.1266 0.1467 0.5130 0.1134 0.2137 0.3783 0.1135 0.3494 0.1482 0.1297 0.5162 0.1176 0.1747 0.4656 0.1117 0.2729 0.2381 0.1196 0.4490 0.1259 0.1480 0.5113 0.1132 0.2173 0.3686 0.1138 0.3592 0.1442 0.1447 0.2097 0.2866 0.1108 0.4555 0.1796 0.1169 0.5192 0.1317 0.1439 0.3584 0.1139 0.3686 0.2173 0.1132 0.5113 0.1480 0.1259 0.4490 0.1196 0.2381 0.2729 0.1117 0.4656 0.1747 0.1176 0.5162 0.1297 0.1482 0.3494 0.1135 0.3783 0.2137 0.1134 0.5130 0.1467 0.1266 0.4435 0.1191 0.2463 0.2692 0.1118 0.4689 0.1731 0.1178 0.5150 0.1291 0.1498 0.3458 0.1133 0.3824 0.2120 0.1135 0.5137 0.1403
0.4938 0.1141 0.2127 0.3808 0.1134 0.3471 0.1493 0.1293 0.5154 0.1178 0.1735 0.4680 0.1117 0.2702 0.2442 0.1192 0.4447 0.1265 0.1470 0.5127 0.1134 0.2142 0.3769 0.1135 0.3504 0.1478 0.1298 0.5165 0.1175 0.1750 0.4648 0.1117 0.2737 0.2364 0.1197 0.4501 0.1257 0.1482 0.5111 0.1132 0.2173 0.3690 0.1138 0.3586 0.1445 0.1306 0.5183 0.1213 0.1798 0.3112 0.1106 0.4534 0.1801 0.1098 0.5186 0.1396 0.1406 0.3565 0.1139 0.3689 0.2173 0.1132 0.5111 0.1482 0.1257 0.4501 0.1197 0.2364 0.2737 0.1117 0.4648 0.1750 0.1175 0.5165 0.1298 0.1478 0.3504 0.1135 0.3769 0.2142 0.1134 0.5127 0.1470 0.1265 0.4447 0.1192 0.2443 0.2701 0.1118 0.4679 0.1736 0.1178 0.5154 0.1293 0.1492 0.3472 0.1134 0.3808 0.2127 0.1141 0.4938
0.1142 0.2134 0.3791 0.1135 0.3484 0.1487 0.1295 0.5158 0.1177 0.1740 0.4670 0.1117 0.2712 0.2421 0.1193 0.4459 0.1263 0.1472 0.5124 0.1134 0.2148 0.3756 0.1136 0.3515 0.1473 0.1300 0.5168 0.1174 0.1754 0.4640 0.1117 0.2745 0.2347 0.1198 0.4513 0.1256 0.1485 0.5108 0.1132 0.2176 0.3686 0.1138 0.3589 0.1240 0.1310 0.5185 0.1033 0.5043 0.1175 0.4800 0.4577 0.1205 0.2385 0.4969 0.1165 0.3607 0.1662 0.1286 0.3541 0.1139 0.3686 0.2176 0.1132 0.5108 0.1485 0.1256 0.4513 0.1198 0.2347 0.2745 0.1117 0.4640 0.1754 0.1174 0.5168 0.1300 0.1473 0.3515 0.1136 0.3756 0.2148 0.1134 0.5124 0.1472 0.1263 0.4459 0.1193 0.2424 0.2710 0.1118 0.4670 0.1740 0.1177 0.5158 0.1295 0.1487 0.3485 0.1135 0.3791 0.2134 0.1142
0.2052 0.3775 0.1135 0.3498 0.1481 0.1297 0.5162 0.1176 0.1745 0.4661 0.1118 0.2721 0.2401 0.1195 0.4472 0.1261 0.1475 0.5120 0.1133 0.2154 0.3743 0.1136 0.3525 0.1469 0.1301 0.5171 0.1174 0.1758 0.4632 0.1117 0.2753 0.2330 0.1199 0.4524 0.1254 0.1487 0.5104 0.1131 0.2181 0.3676 0.1138 0.3586 0.1233 0.2328 0.1150 0.1085 0.3474 0.0971 0.1238 0.1793 0.0925 0.1615 0.2162 0.4418 0.5174 0.4842 0.1956 0.1939 0.3029 0.3563 0.1138 0.3676 0.2181 0.1131 0.5104 0.1487 0.1254 0.4524 0.1199 0.2330 0.2753 0.1117 0.4632 0.1758 0.1174 0.5171 0.1301 0.1469 0.3525 0.1136 0.3743 0.2154 0.1133 0.5120 0.1475 0.1261 0.4472 0.1195 0.2404 0.2720 0.1118 0.4660 0.1745 0.1176 0.5162 0.1297 0.1481 0.3498 0.1135 0.3775 0.2052
0.3453 0.1141 0.3511 0.1476 0.1299 0.5165 0.1175 0.1750 0.4651 0.1118 0.2730 0.2381 0.1196 0.4487 0.1260 0.1478 0.5117 0.1133 0.2159 0.3729 0.1137 0.3536 0.1465 0.1303 0.5173 0.1173 0.1762 0.4624 0.1117 0.2761 0.2314 0.1200 0.4535 0.1253 0.1490 0.5101 0.1131 0.2187 0.3663 0.1139 0.3589 0.1434 0.1475 0.5385 0.5223 0.1669 0.3522 0.2243 0.5093 0.2928 0.1572 0.3293 0.1862 0.3286 0.2180 0.1586 0.4377 0.1148 0.3962 0.1220 0.3596 0.1139 0.3663 0.2187 0.1131 0.5101 0.1490 0.1253 0.4535 0.1200 0.2314 0.2761 0.1117 0.4624 0.1762 0.1173 0.5173 0.1303 0.1465 0.3536 0.1137 0.3729 0.2159 0.1133 0.5117 0.1478 0.1260 0.4487 0.1196 0.2383 0.2729 0.1118 0.4651 0.1750 0.1175 0.5166 0.1299 0.1476 0.3511 0.1141 0.3453
0.1103 0.3523 0.1471 0.1301 0.5169 0.1174 0.1754 0.4641 0.1118 0.2739 0.2362 0.1197 0.4501 0.1258 0.1481 0.5113 0.1132 0.2166 0.3715 0.1137 0.3547 0.1461 0.1305 0.5176 0.1172 0.1766 0.4616 0.1117 0.2769 0.2297 0.1201 0.4546 0.1252 0.1492 0.5097 0.1131 0.2193 0.3649 0.1139 0.3598 0.1442 0.1322 0.4410 0.2946 0.2435 0.3296 0.3974 0.1691 0.1149 0.2427 0.4308 0.1546 0.4464 0.3014 0.3561 0.2200 0.4513 0.4172 0.3307 0.1521 0.1424 0.3599 0.1139 0.3649 0.2193 0.1131 0.5097 0.1492 0.1252 0.4546 0.1201 0.2297 0.2769 0.1117 0.4616 0.1766 0.1172 0.5176 0.1305 0.1461 0.3547 0.1137 0.3715 0.2166 0.1132 0.5113 0.1481 0.1258 0.4502 0.1197 0.2362 0.2739 0.1118 0.4642 0.1754 0.1174 0.5169 0.1301 0.1471 0.3523 0.1103
0.3372 0.1468 0.1303 0.5172 0.1174 0.1759 0.4631 0.1118 0.2749 0.2341 0.1198 0.4515 0.1256 0.1484 0.5109 0.1132 0.2172 0.3700 0.1138 0.3557 0.1457 0.1306 0.5179 0.1172 0.1770 0.4608 0.1117 0.2777 0.2281 0.1202 0.4558 0.1250 0.1495 0.5094 0.1131 0.2199 0.3635 0.1140 0.3609 0.1438 0.1314 0.5201 0.1073 0.3283 0.3038 0.1567 0.1537 0.2700 0.4364 0.2712 0.1173 0.1882 0.0798 0.1542 0.0836 0.1776 0.0922 0.3938 0.1445 0.4619 0.1322 0.1439 0.3609 0.1140 0.3635 0.2199 0.1131 0.5094 0.1495 0.1250 0.4558 0.1202 0.2281 0.2777 0.1117 0.4608 0.1770 0.1172 0.5179 0.1306 0.1457 0.3557 0.1138 0.3699 0.2173 0.1132 0.5109 0.1484 0.1256 0.4516 0.1198 0.2341 0.2749 0.1118 0.4632 0.1759 0.1174 0.5173 0.1303 0.1468 0.3372
0.1493 0.1305 0.5176 0.1173 0.1764 0.4622 0.1118 0.2759 0.2320 0.1199 0.4529 0.1254 0.1487 0.5105 0.1131 0.2179 0.3683 0.1138 0.3568 0.1453 0.1308 0.5181 0.1171 0.1774 0.4600 0.1117 0.2785 0.2264 0.1203 0.4568 0.1249 0.1498 0.5090 0.1130 0.2204 0.3621 0.1140 0.3619 0.1435 0.1316 0.5191 0.1087 0.3532 0.1333 0.1202 0.3924 0.3374 0.5650 0.1550 0.0869 0.4519 0.1653 0.3481 0.2889 0.5332 0.2766 0.5136 0.2191 0.4015 0.1103 0.5198 0.1316 0.1435 0.3619 0.1140 0.3621 0.2204 0.1130 0.5090 0.1498 0.1249 0.4569 0.1203 0.2264 0.2785 0.1117 0.4600 0.1774 0.1171 0.5181 0.1308 0.1453 0.3568 0.1138 0.3682 0.2180 0.1132 0.5105 0.1487 0.1254 0.4530 0.1199 0.2320 0.2759 0.1118 0.4623 0.1763 0.1173 0.5176 0.1305 0.1493
0.1253 0.5179 0.1173 0.1770 0.4609 0.1119 0.2771 0.2295 0.1201 0.4546 0.1253 0.1491 0.5099 0.1132 0.2188 0.3661 0.1140 0.3583 0.1449 0.1310 0.5184 0.1171 0.1779 0.4589 0.1118 0.2796 0.2242 0.1204 0.4584 0.1248 0.1501 0.5085 0.1131 0.2212 0.3602 0.1142 0.3634 0.1431 0.1318 0.5193 0.1168 0.1818 0.1662 0.1986 0.2115 0.1488 0.5162 0.1434 0.1293 0.3653 0.2565 0.2481 0.0734 0.1686 0.2159 0.2271 0.3123 0.0955 0.3231 0.2208 0.1140 0.5193 0.1318 0.1431 0.3630 0.1141 0.3606 0.2210 0.1130 0.5087 0.1501 0.1248 0.4580 0.1204 0.2248 0.2793 0.1117 0.4591 0.1778 0.1171 0.5183 0.1310 0.1449 0.3579 0.1139 0.3666 0.2187 0.1131 0.5100 0.1491 0.1252 0.4544 0.1201 0.2299 0.2769 0.1117 0.4613 0.1768 0.1172 0.5179 0.1253
0.4997 0.1149 0.1768 0.4628 0.1097 0.2752 0.2331 0.1197 0.4517 0.1230 0.1490 0.5108 0.1106 0.2180 0.3696 0.1126 0.3556 0.1436 0.1309 0.5177 0.1145 0.1774 0.4612 0.1097 0.2775 0.2281 0.1200 0.4552 0.1225 0.1499 0.5096 0.1105 0.2202 0.3640 0.1128 0.3603 0.1417 0.1318 0.5189 0.1142 0.1794 0.4582 0.1139 0.4091 0.4437 0.1296 0.1073 0.0858 0.0934 0.1521 0.4605 0.1911 0.3025 0.2030 0.2847 0.1882 0.0579 0.2583 0.4570 0.3217 0.1803 0.1168 0.5195 0.1320 0.1428 0.3641 0.1141 0.3592 0.2216 0.1130 0.5083 0.1503 0.1246 0.4591 0.1205 0.2231 0.2802 0.1118 0.4583 0.1782 0.1170 0.5185 0.1311 0.1445 0.3592 0.1139 0.3649 0.2193 0.1131 0.5096 0.1494 0.1251 0.4558 0.1202 0.2279 0.2779 0.1118 0.4603 0.1773 0.1176 0.4999
0.1051 0.2231 0.3597 0.1130 0.3612 0.1343 0.1344 0.5190 0.1067 0.1801 0.4576 0.1078 0.2807 0.2190 0.1218 0.4593 0.1139 0.1527 0.5086 0.1056 0.2220 0.3593 0.1131 0.3636 0.1333 0.1349 0.5195 0.1066 0.1814 0.4546 0.1080 0.2837 0.2126 0.1223 0.4639 0.1133 0.1539 0.5067 0.1056 0.2249 0.3523 0.1125 0.5051 0.2148 0.2782 0.1003 0.2398 0.2553 0.2519 0.4819 0.0786 0.1279 0.0804 0.3778 0.4819 0.4939 0.1293 0.4214 0.2265 0.1178 0.4545 0.1804 0.1167 0.5196 0.1321 0.1424 0.3652 0.1142 0.3578 0.2222 0.1129 0.5079 0.1506 0.1245 0.4602 0.1206 0.2215 0.2810 0.1118 0.4575 0.1786 0.1169 0.5188 0.1314 0.1440 0.3605 0.1140 0.3633 0.2200 0.1130 0.5092 0.1497 0.1249 0.4572 0.1203 0.2258 0.2790 0.1118 0.4592 0.1778 0.1200
0.4997 0.1149 0.1768 0.4628 0.1097 0.2752 0.2331 0.1197 0.4517 0.1230 0.1489 0.5109 0.1106 0.2179 0.3698 0.1126 0.3556 0.1436 0.1310 0.5178 0.1145 0.1774 0.4612 0.1097 0.2773 0.2284 0.1200 0.4552 0.1225 0.1499 0.5096 0.1105 0.2202 0.3640 0.1128 0.3603 0.1418 0.1317 0.5188 0.1142 0.1793 0.4587 0.1109 0.4798 0.1116 0.4651 0.4470 0.1646 0.1750 0.1949 0.2543 0.5454 0.4677 0.1181 0.2928 0.2657 0.4007 0.3558 0.4357 0.3698 0.1096 0.4535 0.1810 0.1166 0.5198 0.1323 0.1421 0.3663 0.1142 0.3563 0.2228 0.1129 0.5075 0.1509 0.1244 0.4613 0.1207 0.2199 0.2818 0.1118 0.4566 0.1791 0.1169 0.5190 0.1316 0.1435 0.3619 0.1140 0.3616 0.2207 0.1130 0.5087 0.1501 0.1247 0.4585 0.1204 0.2237 0.2800 0.1118 0.4582 0.1712
0.1253 0.5179 0.1173 0.1770 0.4609 0.1119 0.2771 0.2295 0.1201 0.4546 0.1253 0.1491 0.5100 0.1132 0.2187 0.3663 0.1140 0.3583 0.1448 0.1310 0.5184 0.1171 0.1779 0.4589 0.1118 0.2795 0.2245 0.1204 0.4584 0.1248 0.1501 0.5085 0.1131 0.2212 0.3602 0.1142 0.3634 0.1431 0.1318 0.5193 0.1169 0.1803 0.3450 0.1181 0.3788 0.4524 0.2393 0.1408 0.1673 0.1403 0.2561 0.1394 0.0682 0.2306 0.1296 0.2833 0.4302 0.1070 0.3899 0.1313 0.2949 0.1116 0.4514 0.1814 0.1166 0.5199 0.1325 0.1417 0.3674 0.1143 0.3548 0.2234 0.1129 0.5071 0.1512 0.1242 0.4624 0.1208 0.2181 0.2827 0.1118 0.4556 0.1796 0.1168 0.5193 0.1318 0.1431 0.3634 0.1141 0.3596 0.2215 0.1130 0.5082 0.1504 0.1246 0.4599 0.1206 0.2216 0.2811 0.1124 0.4321
0.1493 0.1305 0.5176 0.1173 0.1764 0.4622 0.1118 0.2759 0.2320 0.1199 0.4528 0.1254 0.1487 0.5105 0.1132 0.2179 0.3684 0.1138 0.3568 0.1453 0.1308 0.5181 0.1171 0.1774 0.4600 0.1117 0.2784 0.2267 0.1203 0.4568 0.1249 0.1498 0.5090 0.1130 0.2204 0.3621 0.1140 0.3619 0.1435 0.1316 0.5191 0.1106 0.2894 0.4139 0.3053 0.1906 0.3684 0.3470 0.4810 0.1574 0.0613 0.5462 0.0925 0.4625 0.1192 0.4039 0.1483 0.2171 0.4570 0.1653 0.1919 0.2858 0.1091 0.4518 0.1823 0.1124 0.5199 0.1331 0.1382 0.3670 0.1131 0.3551 0.2239 0.1091 0.5073 0.1519 0.1201 0.4621 0.1209 0.2172 0.2827 0.1090 0.4556 0.1805 0.1126 0.5193 0.1325 0.1394 0.3634 0.1128 0.3595 0.2222 0.1092 0.5083 0.1513 0.1204 0.4600 0.1207 0.2188 0.2827 0.1071
0.3371 0.1469 0.1303 0.5172 0.1174 0.1759 0.4631 0.1118 0.2750 0.2339 0.1198 0.4514 0.1256 0.1484 0.5109 0.1132 0.2172 0.3700 0.1138 0.3557 0.1457 0.1306 0.5179 0.1172 0.1770 0.4608 0.1118 0.2776 0.2283 0.1202 0.4558 0.1250 0.1495 0.5094 0.1131 0.2199 0.3635 0.1140 0.3609 0.1439 0.1314 0.5183 0.1033 0.3445 0.2032 0.3846 0.4405 0.2020 0.3375 0.2902 0.2445 0.4308 0.5331 0.2310 0.0818 0.1143 0.4735 0.1687 0.1068 0.4518 0.1480 0.1198 0.4214 0.1178 0.2775 0.2550 0.1066 0.4827 0.1677 0.1091 0.5052 0.1285 0.1540 0.3252 0.1104 0.4079 0.2020 0.1058 0.5188 0.1437 0.1208 0.4161 0.1173 0.2853 0.2519 0.1065 0.4853 0.1664 0.1094 0.5029 0.1281 0.1566 0.3224 0.1102 0.4110 0.2008 0.1058 0.5190 0.1436 0.1208 0.4041
0.1103 0.3521 0.1471 0.1301 0.5169 0.1174 0.1754 0.4641 0.1117 0.2741 0.2359 0.1197 0.4501 0.1258 0.1481 0.5114 0.1132 0.2165 0.3715 0.1137 0.3547 0.1461 0.1305 0.5176 0.1172 0.1766 0.4616 0.1117 0.2768 0.2300 0.1201 0.4546 0.1252 0.1492 0.5097 0.1131 0.2193 0.3649 0.1139 0.3598 0.1442 0.1311 0.5205 0.1229 0.3407 0.1189 0.1355 0.1055 0.3923 0.1498 0.4576 0.3295 0.2102 0.1923 0.4486 0.4801 0.1970 0.1065 0.5148 0.1457 0.1431 0.3561 0.1130 0.3694 0.2177 0.1116 0.5109 0.1487 0.1241 0.4509 0.1195 0.2351 0.2743 0.1104 0.4643 0.1757 0.1159 0.5167 0.1301 0.1462 0.3511 0.1127 0.3760 0.2150 0.1118 0.5125 0.1475 0.1248 0.4464 0.1192 0.2413 0.2715 0.1104 0.4668 0.1745 0.1160 0.5158 0.1297 0.1472 0.3490 0.1092
