-47.2498 -16.1650 -38.0093 4.1883 -24.4382 -44.2470 26.2565 -29.4619 -48.7627 -3.8621 -35.0995 -21.0598 -22.0357 -41.4693 17.2930 -27.1741 -47.6514 28.5349 -32.6695 -44.0846 -18.0942 -38.8358 8.1088 -25.0877 -45.1734 29.0788 -30.2604 -48.7556 -10.0186 -36.2017 -9.5642 -22.9923 -42.3949 20.2685 -27.9227 -48.2489 20.1138 -33.4374 -39.3036 -19.6385 -39.6906 11.4014 -25.7619 -46.0704 31.1625 -31.6526 -42.0879 -30.2434 23.2585 -43.3289 -23.7930 -1.2105 -37.1860 -13.6865 -48.2268 -31.0690 31.1630 -46.0708 -25.7601 11.4025 -39.6951 -19.6358 -39.3061 -33.4290 20.0992 -48.2473 -27.9209 20.2696 -42.3984 -22.9928 -9.6144 -36.2006 -10.0152 -48.7556 -30.2624 29.0759 -45.1730 -25.0873 8.1121 -38.8356 -18.0915 -44.0711 -32.6689 28.5313 -47.6506 -27.1740 17.2968 -41.4690 -22.0333 -21.0156 -35.1012 -3.8692 -48.7613 -29.4602 26.2578 -44.2470 -24.4382 4.1883 -38.0093 -16.1650 -47.2498
-16.1650 -37.2101 4.6730 -26.0414 -44.1182 26.0385 -30.1406 -48.8525 6.0255 -34.0485 -18.8267 -23.5763 -41.0665 17.0482 -28.2690 -47.7951 34.5227 -32.5677 -43.2516 -18.4317 -38.1232 8.2827 -26.5590 -45.1220 29.2300 -30.7757 -48.6775 -5.5931 -35.1439 -7.8951 -24.6843 -42.0867 19.9378 -28.8872 -48.4432 30.8101 -33.0655 -37.9670 -20.5277 -39.0850 11.3894 -27.1091 -46.0930 32.2065 -31.3817 -48.1178 -19.7858 -48.6075 -29.5097 22.9465 -43.1090 -25.5036 -0.3083 -36.2538 -11.9011 -47.9947 -31.4023 32.2155 -46.0895 -27.1073 11.4002 -39.0910 -20.5230 -37.9954 -33.0556 30.8034 -48.4408 -28.8845 19.9474 -42.0896 -24.6825 -7.9216 -35.1399 -5.5975 -48.6772 -30.7754 29.2302 -45.1214 -26.5603 8.2824 -38.1197 -18.4382 -43.2375 -32.5701 34.5236 -47.7949 -28.2707 17.0479 -41.0628 -23.5778 -18.7856 -34.0536 6.0734 -48.8533 -30.1393 26.0385 -44.1182 -26.0414 4.6730 -37.2101 -16.1650
-38.0093 4.6730 -26.0211 -44.0907 25.9229 -30.2605 -48.8624 6.7918 -34.1685 -19.3837 -23.5175 -41.0198 16.9167 -28.3061 -47.7559 34.6123 -32.8439 -43.4514 -18.3168 -38.0795 8.1276 -26.5379 -45.0731 29.0758 -30.9270 -48.6913 -5.1393 -35.0875 -8.3633 -24.6323 -42.0356 19.7920 -28.9494 -48.4165 31.1478 -33.3961 -38.2931 -20.4397 -39.0396 11.2446 -27.1055 -46.0460 32.0858 -31.5934 -48.0338 -10.9809 -37.3139 22.7073 -48.8338 -29.5981 22.7854 -43.0578 -25.4567 -0.5857 -36.2063 -11.6493 -48.0476 -31.5905 32.0783 -46.0428 -27.1048 11.2644 -39.0456 -20.4342 -38.3166 -33.3947 31.1642 -48.4144 -28.9465 19.8018 -42.0362 -24.6298 -8.3955 -35.0810 -5.1429 -48.6920 -30.9232 29.0774 -45.0756 -26.5398 8.1154 -38.0731 -18.3251 -43.4369 -32.8482 34.6122 -47.7579 -28.3090 16.9064 -41.0131 -23.5190 -19.3705 -34.1751 6.8433 -48.8639 -30.2605 25.9229 -44.0907 -26.0211 4.6730 -38.0093
4.1883 -26.0414 -44.0907 25.8785 -30.2407 -48.8695 7.4512 -34.1666 -19.9032 -23.4613 -40.9728 16.7842 -28.2768 -47.7187 34.6711 -32.8186 -43.6455 -18.1966 -38.0347 7.9711 -26.5103 -45.0227 28.9189 -30.8947 -48.7047 -4.7240 -35.0291 -8.8197 -24.5834 -41.9845 19.6457 -28.9173 -48.3886 31.4457 -33.3703 -38.6162 -20.3449 -38.9943 11.1066 -27.0757 -45.9959 31.9467 -31.5591 -48.0968 -11.4713 -36.0657 8.6067 -34.4542 22.3201 -48.8124 -29.5687 22.6302 -43.0065 -25.4240 -0.8763 -36.1554 -11.4034 -48.0964 -31.5606 31.9392 -45.9959 -27.0755 11.1247 -38.9971 -20.3397 -38.6144 -33.3758 31.4664 -48.3865 -28.9149 19.6474 -41.9844 -24.5807 -8.8801 -35.0242 -4.6967 -48.7055 -30.8897 28.9283 -45.0258 -26.5108 7.9486 -38.0289 -18.2047 -43.6335 -32.8183 34.6671 -47.7202 -28.2785 16.7733 -40.9688 -23.4605 -19.8968 -34.1701 7.4512 -48.8695 -30.2407 25.8785 -44.0907 -26.0414 4.1883
-24.4382 -44.1182 25.9229 -30.2407 -48.8712 7.8618 -34.1672 -20.3261 -23.4098 -40.9286 16.6605 -28.2509 -47.6855 34.7129 -32.7906 -43.8240 -18.0767 -37.9871 7.8117 -26.4830 -44.9729 28.7598 -30.8631 -48.7166 -4.2722 -34.9692 -9.3094 -24.5356 -41.9336 19.5014 -28.8837 -48.3599 31.7273 -33.3449 -38.9299 -20.2500 -38.9490 10.9681 -27.0468 -45.9482 31.8005 -31.5280 -48.1458 -11.1636 -36.1055 -2.0701 -29.6069 -31.5499 -33.8129 22.9238 -48.7992 -29.5369 22.4771 -42.9558 -25.3903 -1.1904 -36.1039 -11.1655 -48.1458 -31.5280 31.8006 -45.9482 -27.0465 10.9766 -38.9489 -20.2501 -38.9057 -33.3537 31.7505 -48.3586 -28.8843 19.5014 -41.9336 -24.5315 -9.3405 -34.9682 -4.2406 -48.7175 -30.8567 28.7694 -44.9733 -26.4829 7.7910 -37.9845 -18.0840 -43.8231 -32.7865 34.7101 -47.6850 -28.2513 16.6589 -40.9280 -23.4098 -20.3261 -34.1672 7.8618 -48.8712 -30.2407 25.9229 -44.1182 -24.4382
-44.2470 26.0385 -30.2605 -48.8695 7.8618 -34.1683 -20.5601 -23.3724 -40.8918 16.5483 -28.2263 -47.6543 34.7426 -32.7624 -43.9994 -17.9619 -37.9403 7.6400 -26.4572 -44.9242 28.6003 -30.8309 -48.7265 -3.8056 -34.9114 -9.8085 -24.4862 -41.8834 19.3566 -28.8505 -48.3296 31.9999 -33.3213 -39.2312 -20.1532 -38.9034 10.8290 -27.0179 -45.9007 31.6586 -31.4968 -48.1924 -10.9072 -36.0553 -1.4212 -25.4300 -44.2689 -22.1920 -31.5854 -33.7984 23.4910 -48.7844 -29.5023 22.3263 -42.9048 -25.3554 -1.5099 -36.0517 -10.9073 -48.1924 -31.4969 31.6586 -45.9004 -27.0182 10.8285 -38.9004 -20.1595 -39.1943 -33.3294 32.0141 -48.3313 -28.8532 19.3566 -41.8828 -24.4832 -9.8083 -34.9114 -3.7671 -48.7277 -30.8262 28.6013 -44.9243 -26.4572 7.6306 -37.9403 -17.9622 -43.9985 -32.7603 34.7426 -47.6543 -28.2263 16.5483 -40.8918 -23.3724 -20.5601 -34.1683 7.8618 -48.8695 -30.2605 26.0385 -44.2470
26.2565 -30.1406 -48.8624 7.4512 -34.1672 -20.5601 -23.3596 -40.8717 16.4658 -28.2035 -47.6238 34.7669 -32.7380 -44.1555 -17.8522 -37.8987 7.4792 -26.4337 -44.8806 28.4521 -30.7957 -48.7356 -3.3491 -34.8521 -10.2897 -24.4356 -41.8354 19.2137 -28.8185 -48.2999 32.2690 -33.3017 -39.5092 -20.0567 -38.8553 10.6878 -26.9891 -45.8531 31.5160 -31.4653 -48.2349 -10.6454 -36.0025 -1.8206 -25.3213 -42.6810 29.1504 -39.7252 -21.8394 -32.0860 -33.7766 24.0857 -48.7679 -29.4684 22.1749 -42.8544 -25.3207 -1.8389 -35.9989 -10.6454 -48.2348 -31.4651 31.5149 -45.8537 -26.9910 10.6787 -38.8520 -20.0670 -39.4926 -33.3008 32.2524 -48.3019 -28.8212 19.2119 -41.8317 -24.4346 -10.2900 -34.8519 -3.2875 -48.7361 -30.7941 28.4522 -44.8807 -26.4337 7.4792 -37.8987 -17.8523 -44.1555 -32.7380 34.7669 -47.6238 -28.2035 16.4658 -40.8717 -23.3596 -20.5601 -34.1672 7.4512 -48.8639 -30.1393 26.2578
-29.4619 -48.8525 6.7918 -34.1666 -20.3261 -23.3724 -40.8717 16.4377 -28.1911 -47.6008 34.7843 -32.7126 -44.2960 -17.7502 -37.8605 7.3385 -26.4117 -44.8399 28.3229 -30.7631 -48.7432 -2.8484 -34.7925 -10.8058 -24.3860 -41.7847 19.0774 -28.7860 -48.2700 32.5095 -33.2790 -39.7812 -19.9641 -38.8070 10.5384 -26.9609 -45.8051 31.3717 -31.4323 -48.2778 -10.3888 -35.9493 -2.1525 -25.2842 -42.8146 21.6188 -33.1790 13.3124 -39.7873 -21.7531 -32.5239 -33.7608 24.6948 -48.7515 -29.4357 22.0256 -42.8069 -25.2852 -2.1758 -35.9454 -10.3891 -48.2780 -31.4301 31.3732 -45.8092 -26.9643 10.5281 -38.8034 -19.9687 -39.7825 -33.2742 32.4918 -48.2720 -28.7890 19.0670 -41.7813 -24.3848 -10.8117 -34.7925 -2.8190 -48.7433 -30.7631 28.3229 -44.8399 -26.4117 7.3385 -37.8605 -17.7502 -44.2960 -32.7126 34.7843 -47.6008 -28.1911 16.4377 -40.8717 -23.3724 -20.3261 -34.1701 6.8433 -48.8533 -29.4602
-48.7627 6.0255 -34.1685 -19.9032 -23.4098 -40.8918 16.4658 -28.1911 -47.5931 34.7922 -32.6930 -44.4200 -17.6501 -37.8228 7.1986 -26.3899 -44.8000 28.1955 -30.7359 -48.7487 -2.3620 -34.7386 -11.3012 -24.3365 -41.7344 18.9326 -28.7540 -48.2395 32.7340 -33.2539 -40.0506 -19.8707 -38.7587 10.3872 -26.9338 -45.7581 31.2254 -31.3988 -48.3186 -10.1099 -35.8956 -2.4964 -25.2477 -42.7520 21.9050 -29.7755 -48.7306 -28.5232 13.3147 -39.7333 -21.6735 -32.9349 -33.7409 25.2483 -48.7343 -29.4023 21.8851 -42.7593 -25.2488 -2.5223 -35.8922 -10.1084 -48.3212 -31.3942 31.2374 -45.7645 -26.9375 10.3759 -38.7557 -19.8702 -40.0675 -33.2475 32.7174 -48.2412 -28.7558 18.9247 -41.7333 -24.3354 -11.3040 -34.7386 -2.3615 -48.7487 -30.7359 28.1955 -44.8000 -26.3899 7.1986 -37.8228 -17.6501 -44.4200 -32.6930 34.7922 -47.5931 -28.1911 16.4658 -40.8918 -23.4098 -19.8968 -34.1751 6.0734 -48.7613
-3.8621 -34.0485 -19.3837 -23.4613 -40.9286 16.5483 -28.2035 -47.6008 34.7922 -32.6870 -44.4878 -17.5748 -37.7889 7.0599 -26.3682 -44.7602 28.0680 -30.7092 -48.7528 -1.9309 -34.6889 -11.7375 -24.2904 -41.6895 18.7984 -28.7257 -48.2099 32.9424 -33.2272 -40.3289 -19.7752 -38.7104 10.2353 -26.9073 -45.7133 31.0810 -31.3641 -48.3577 -9.8232 -35.8415 -2.8483 -25.2107 -42.7049 21.7238 -29.3526 -48.3319 -2.4608 -45.9520 -27.4907 13.1579 -39.6847 -21.5969 -33.3658 -33.7188 25.7837 -48.7163 -29.3691 21.7447 -42.7111 -25.2107 -2.8705 -35.8406 -9.8036 -48.3598 -31.3598 31.1003 -45.7191 -26.9096 10.2258 -38.7107 -19.7700 -40.3460 -33.2203 32.9312 -48.2102 -28.7258 18.7984 -41.6890 -24.2903 -11.7375 -34.6889 -1.9309 -48.7528 -30.7092 28.0680 -44.7602 -26.3682 7.0599 -37.7889 -17.5748 -44.4878 -32.6870 34.7922 -47.6008 -28.2035 16.5483 -40.9280 -23.4605 -19.3705 -34.0536 -3.8692
-35.0995 -18.8267 -23.5175 -40.9728 16.6605 -28.2263 -47.6238 34.7843 -32.6930 -44.4878 -17.5490 -37.7701 6.9557 -26.3487 -44.7208 27.9405 -30.6825 -48.7560 -1.4955 -34.6395 -12.1694 -24.2474 -41.6484 18.6818 -28.7004 -48.1826 33.1182 -33.2012 -40.5980 -19.6731 -38.6620 10.0823 -26.8808 -45.6684 30.9428 -31.3279 -48.3961 -9.5254 -35.7867 -3.2088 -25.1729 -42.6573 21.5848 -29.3381 -48.7224 27.8800 -35.4771 33.6547 -46.6172 -27.4641 13.0176 -39.6392 -21.5151 -33.7908 -33.6966 26.3006 -48.6976 -29.3356 21.6029 -42.6602 -25.1720 -3.2109 -35.7867 -9.5087 -48.3961 -31.3251 30.9605 -45.6711 -26.8813 10.0833 -38.6655 -19.6697 -40.6044 -33.1989 33.1183 -48.1826 -28.7004 18.6818 -41.6484 -24.2474 -12.1694 -34.6395 -1.4955 -48.7560 -30.6825 27.9405 -44.7208 -26.3487 6.9557 -37.7701 -17.5490 -44.4878 -32.6930 34.7843 -47.6238 -28.2263 16.6589 -40.9688 -23.5190 -18.7856 -35.1012
-21.0598 -23.5763 -41.0198 16.7842 -28.2509 -47.6543 34.7669 -32.7126 -44.4200 -17.5748 -37.7701 6.9200 -26.3378 -44.6914 27.8256 -30.6551 -48.7584 -1.0491 -34.5899 -12.6060 -24.2041 -41.6079 18.5672 -28.6749 -48.1571 33.2712 -33.1789 -40.8336 -19.5774 -38.6168 9.9361 -26.8547 -45.6233 30.8028 -31.2934 -48.4309 -9.2067 -35.7322 -3.5796 -25.1342 -42.6097 21.4451 -29.3038 -48.6759 26.6811 -34.0997 -11.2408 -33.2843 33.4859 -46.5623 -27.4325 12.8858 -39.5930 -21.4316 -34.2049 -33.6745 26.7980 -48.6778 -29.3028 21.4535 -42.6095 -25.1332 -3.5796 -35.7322 -9.2067 -48.4309 -31.2919 30.8109 -45.6235 -26.8544 9.9389 -38.6205 -19.5782 -40.8365 -33.1789 33.2712 -48.1571 -28.6749 18.5672 -41.6079 -24.2041 -12.6060 -34.5899 -1.0491 -48.7584 -30.6551 27.8256 -44.6914 -26.3378 6.9200 -37.7701 -17.5748 -44.4200 -32.7126 34.7669 -47.6543 -28.2513 16.7733 -41.0131 -23.5778 -21.0156
-22.0357 -41.0665 16.9167 -28.2768 -47.6855 34.7426 -32.7380 -44.2960 -17.6501 -37.7889 6.9557 -26.3378 -44.6814 27.7618 -30.6344 -48.7598 -0.5991 -34.5401 -13.0469 -24.1603 -41.5673 18.4528 -28.6495 -48.1313 33.4134 -33.1569 -41.0452 -19.4931 -38.5777 9.8013 -26.8305 -45.5805 30.6709 -31.2639 -48.4619 -8.8959 -35.6793 -3.9527 -25.0938 -42.5616 21.3057 -29.2704 -48.6577 27.2851 -33.6209 -35.6817 -25.9786 -47.4464 -31.9213 33.3638 -46.5149 -27.4024 12.7519 -39.5439 -21.3475 -34.6065 -33.6540 27.2835 -48.6573 -29.2707 21.3052 -42.5585 -25.0925 -3.9527 -35.6790 -8.8960 -48.4619 -31.2637 30.6709 -45.5806 -26.8303 9.8030 -38.5782 -19.4931 -41.0452 -33.1569 33.4134 -48.1313 -28.6495 18.4528 -41.5673 -24.1603 -13.0469 -34.5401 -0.5991 -48.7598 -30.6344 27.7618 -44.6814 -26.3378 6.9557 -37.7889 -17.6501 -44.2960 -32.7380 34.7426 -47.6850 -28.2785 16.9064 -41.0628 -22.0333
-41.4693 17.0482 -28.3061 -47.7187 34.7129 -32.7624 -44.1555 -17.7502 -37.8228 7.0599 -26.3487 -44.6914 27.7618 -30.6277 -48.7603 -0.2565 -34.4949 -13.4849 -24.1161 -41.5268 18.3385 -28.6241 -48.1051 33.5477 -33.1347 -41.2495 -19.4092 -38.5393 9.6771 -26.8077 -45.5412 30.5484 -31.2381 -48.4887 -8.6121 -35.6272 -4.3134 -25.0530 -42.5106 21.1643 -29.2372 -48.6364 27.7434 -33.6303 -34.9248 -21.1229 -40.4835 -13.5164 -47.4405 -31.8990 33.2445 -46.4699 -27.3742 12.6089 -39.4948 -21.2633 -34.9820 -33.6324 27.7492 -48.6368 -29.2400 21.1562 -42.5080 -25.0525 -4.3156 -35.6272 -8.6121 -48.4887 -31.2381 30.5484 -45.5412 -26.8077 9.6771 -38.5393 -19.4092 -41.2495 -33.1347 33.5477 -48.1051 -28.6241 18.3385 -41.5268 -24.1161 -13.4849 -34.4949 -0.2565 -48.7603 -30.6277 27.7618 -44.6914 -26.3487 7.0599 -37.8228 -17.7502 -44.1555 -32.7603 34.7101 -47.7202 -28.3090 17.0479 -41.4690
17.2930 -28.2690 -47.7559 34.6711 -32.7906 -43.9994 -17.8522 -37.8605 7.1986 -26.3682 -44.7208 27.8256 -30.6344 -48.7603 -0.1382 -34.4699 -13.8141 -24.0760 -41.4870 18.2244 -28.5988 -48.0787 33.6742 -33.1125 -41.4498 -19.3245 -38.5009 9.5524 -26.7851 -45.5024 30.4272 -31.2115 -48.5122 -8.3445 -35.5792 -4.6622 -25.0158 -42.4626 21.0237 -29.2079 -48.6155 28.1875 -33.6076 -35.3967 -21.1911 -39.3199 18.5931 -36.5918 -13.5047 -47.5240 -31.8650 33.1289 -46.4271 -27.3471 12.4654 -39.4455 -21.1819 -35.3747 -33.6067 28.1894 -48.6165 -29.2113 21.0166 -42.4629 -25.0156 -4.6622 -35.5792 -8.3445 -48.5122 -31.2115 30.4272 -45.5024 -26.7851 9.5524 -38.5009 -19.3245 -41.4498 -33.1125 33.6742 -48.0787 -28.5988 18.2244 -41.4870 -24.0760 -13.8141 -34.4699 -0.1382 -48.7603 -30.6344 27.8256 -44.7208 -26.3682 7.1986 -37.8605 -17.8523 -43.9985 -32.7865 34.6671 -47.7579 -28.2707 17.2968
-27.1741 -47.7951 34.6123 -32.8186 -43.8240 -17.9619 -37.8987 7.3385 -26.3899 -44.7602 27.9405 -30.6551 -48.7598 -0.2565 -34.4699 -13.9266 -24.0535 -41.4572 18.1217 -28.5733 -48.0520 33.7932 -33.0901 -41.6461 -19.2391 -38.4625 9.4270 -26.7626 -45.4635 30.3053 -31.1849 -48.5345 -8.0750 -35.5340 -4.9883 -24.9810 -42.4212 20.8951 -29.1829 -48.5960 28.5674 -33.5865 -35.7507 -21.0912 -39.4092 11.9361 -31.6946 1.2439 -36.5698 -13.2804 -47.5964 -31.8308 33.0163 -46.3846 -27.3196 12.3207 -39.3971 -21.0961 -35.7594 -33.5844 28.5676 -48.5964 -29.1839 20.8953 -42.4212 -24.9810 -4.9883 -35.5340 -8.0750 -48.5345 -31.1849 30.3053 -45.4635 -26.7626 9.4270 -38.4625 -19.2391 -41.6461 -33.0901 33.7932 -48.0520 -28.5733 18.1217 -41.4572 -24.0535 -13.9266 -34.4699 -0.2565 -48.7598 -30.6551 27.9405 -44.7602 -26.3899 7.3385 -37.8987 -17.9622 -43.8231 -32.8183 34.6122 -47.7949 -27.1740
-47.6514 34.5227 -32.8439 -43.6455 -18.0767 -37.9403 7.4792 -26.4117 -44.8000 28.0680 -30.6825 -48.7584 -0.5991 -34.4949 -13.8141 -24.0535 -41.4471 18.0648 -28.5543 -48.0272 33.9027 -33.0677 -41.8386 -19.1528 -38.4242 9.3010 -26.7401 -45.4246 30.1829 -31.1583 -48.5556 -7.7989 -35.4886 -5.3158 -24.9463 -42.3805 20.7767 -29.1576 -48.5776 28.9054 -33.5675 -36.0823 -21.0140 -39.3509 12.2159 -27.5253 -47.6357 -26.2924 1.2623 -36.5187 -13.0732 -47.6665 -31.7948 32.9029 -46.3411 -27.2908 12.1774 -39.3514 -21.0139 -36.0865 -33.5675 28.9054 -48.5776 -29.1576 20.7767 -42.3805 -24.9463 -5.3158 -35.4886 -7.7989 -48.5556 -31.1583 30.1829 -45.4246 -26.7401 9.3010 -38.4242 -19.1528 -41.8386 -33.0677 33.9027 -48.0272 -28.5543 18.0648 -41.4471 -24.0535 -13.8141 -34.4949 -0.5991 -48.7584 -30.6825 28.0680 -44.8000 -26.4117 7.4792 -37.9403 -18.0840 -43.6335 -32.8482 34.5236 -47.6506
28.5349 -32.5677 -43.4514 -18.1966 -37.9871 7.6400 -26.4337 -44.8399 28.1955 -30.7092 -48.7560 -1.0491 -34.5401 -13.4849 -24.0760 -41.4572 18.0648 -28.5479 -48.0136 33.9798 -33.0453 -42.0243 -19.0657 -38.3860 9.1743 -26.7177 -45.3856 30.0600 -31.1317 -48.5756 -7.5159 -35.4429 -5.6493 -24.9112 -42.3397 20.6586 -29.1317 -48.5588 29.2266 -33.5482 -36.3816 -20.9414 -39.3082 12.0484 -27.2571 -46.0357 34.9136 -43.0193 -25.6235 0.9606 -36.4681 -12.8602 -47.7373 -31.7608 32.7868 -46.2971 -27.2641 12.0503 -39.3081 -20.9414 -36.3816 -33.5482 29.2266 -48.5588 -29.1317 20.6586 -42.3397 -24.9112 -5.6493 -35.4429 -7.5159 -48.5756 -31.1317 30.0600 -45.3856 -26.7177 9.1743 -38.3860 -19.0657 -42.0243 -33.0453 33.9798 -48.0136 -28.5479 18.0648 -41.4572 -24.0760 -13.4849 -34.5401 -1.0491 -48.7560 -30.7092 28.1955 -44.8399 -26.4337 7.6306 -37.9845 -18.2047 -43.4369 -32.5701 28.5313
-32.6695 -43.2516 -18.3168 -38.0347 7.8117 -26.4572 -44.8806 28.3229 -30.7359 -48.7528 -1.4955 -34.5899 -13.0469 -24.1161 -41.4870 18.1217 -28.5543 -48.0136 34.0053 -33.0339 -42.1604 -18.9865 -38.3484 9.0469 -26.6953 -45.3465 29.9366 -31.1051 -48.5944 -7.2260 -35.3970 -5.9889 -24.8755 -42.2990 20.5407 -29.1058 -48.5395 29.5369 -33.5288 -36.6711 -20.8702 -39.2685 11.9326 -27.2416 -46.2753 32.3709 -34.6195 23.3397 -43.2890 -25.5953 0.6707 -36.4200 -12.6431 -47.7979 -31.7337 32.6751 -46.2569 -27.2405 11.9326 -39.2685 -20.8702 -36.6711 -33.5288 29.5369 -48.5395 -29.1058 20.5407 -42.2990 -24.8755 -5.9889 -35.3970 -7.2260 -48.5944 -31.1051 29.9366 -45.3465 -26.6953 9.0469 -38.3484 -18.9865 -42.1604 -33.0339 34.0053 -48.0136 -28.5543 18.1217 -41.4870 -24.1161 -13.0469 -34.5899 -1.4955 -48.7528 -30.7359 28.3229 -44.8807 -26.4572 7.7910 -38.0289 -18.3251 -43.2375 -32.6689
-44.0846 -18.4317 -38.0795 7.9711 -26.4830 -44.9242 28.4521 -30.7631 -48.7487 -1.9309 -34.6395 -12.6060 -24.1603 -41.5268 18.2244 -28.5733 -48.0272 33.9798 -33.0339 -42.2063 -18.9422 -38.3204 8.9316 -26.6733 -45.3073 29.8128 -31.0784 -48.6122 -6.9288 -35.3508 -6.3347 -24.8394 -42.2582 20.4230 -29.0799 -48.5198 29.8365 -33.5092 -36.9556 -20.7985 -39.2295 11.8164 -27.2172 -46.2186 32.6032 -32.1886 -42.0500 -31.0064 23.3214 -43.2347 -25.5667 0.4071 -36.3770 -12.4496 -47.8485 -31.7087 32.5711 -46.2197 -27.2172 11.8164 -39.2295 -20.7985 -36.9556 -33.5092 29.8365 -48.5198 -29.0799 20.4230 -42.2582 -24.8394 -6.3347 -35.3508 -6.9288 -48.6122 -31.0784 29.8128 -45.3073 -26.6733 8.9316 -38.3204 -18.9422 -42.2063 -33.0339 33.9798 -48.0272 -28.5733 18.2244 -41.5268 -24.1603 -12.6060 -34.6395 -1.9309 -48.7487 -30.7631 28.4522 -44.9243 -26.4829 7.9486 -38.0731 -18.4382 -44.0711
-18.0942 -38.1232 8.1276 -26.5103 -44.9729 28.6003 -30.7957 -48.7432 -2.3620 -34.6889 -12.1694 -24.2041 -41.5673 18.3385 -28.5988 -48.0520 33.9027 -33.0453 -42.1604 -18.9422 -38.3109 8.8673 -26.6568 -45.2719 29.6905 -31.0518 -48.6288 -6.6241 -35.3044 -6.6866 -24.8028 -42.2175 20.3055 -29.0541 -48.4997 30.1255 -33.4894 -37.2352 -20.7261 -39.1905 11.6998 -27.1939 -46.1825 32.4654 -31.6592 -48.0460 -19.6380 -48.6003 -29.6692 23.1685 -43.1899 -25.5405 0.1750 -36.3370 -12.2689 -47.8966 -31.6825 32.4669 -46.1825 -27.1939 11.6998 -39.1905 -20.7261 -37.2352 -33.4894 30.1255 -48.4997 -29.0541 20.3055 -42.2175 -24.8028 -6.6866 -35.3044 -6.6241 -48.6288 -31.0518 29.6905 -45.2719 -26.6568 8.8673 -38.3109 -18.9422 -42.1604 -33.0453 33.9027 -48.0520 -28.5988 18.3385 -41.5673 -24.2041 -12.1694 -34.6889 -2.3615 -48.7433 -30.7941 28.6013 -44.9733 -26.5108 8.1154 -38.1197 -18.0915
-38.8358 8.2827 -26.5379 -45.0227 28.7598 -30.8309 -48.7356 -2.8484 -34.7386 -11.7375 -24.2474 -41.6079 18.4528 -28.6241 -48.0787 33.7932 -33.0677 -42.0243 -18.9865 -38.3204 8.8673 -26.6513 -45.2523 29.5990 -31.0266 -48.6441 -6.3116 -35.2577 -7.0447 -24.7658 -42.1768 20.1882 -29.0283 -48.4792 30.4041 -33.4695 -37.5099 -20.6531 -39.1515 11.5830 -27.1706 -46.1451 32.3614 -31.6591 -47.9278 -11.4223 -37.3157 22.2266 -48.8592 -29.6499 23.0449 -43.1486 -25.5155 -0.0574 -36.2971 -12.0848 -47.9432 -31.6563 32.3614 -46.1451 -27.1706 11.5830 -39.1515 -20.6531 -37.5099 -33.4695 30.4041 -48.4792 -29.0283 20.1882 -42.1768 -24.7658 -7.0447 -35.2577 -6.3116 -48.6441 -31.0266 29.5990 -45.2523 -26.6513 8.8673 -38.3204 -18.9865 -42.0243 -33.0677 33.7932 -48.0787 -28.6241 18.4528 -41.6079 -24.2474 -11.7375 -34.7386 -2.8190 -48.7361 -30.8262 28.7694 -45.0258 -26.5398 8.2824 -38.8356
8.1088 -26.5590 -45.0731 28.9189 -30.8631 -48.7265 -3.3491 -34.7925 -11.3012 -24.2904 -41.6484 18.5672 -28.6495 -48.1051 33.6742 -33.0901 -41.8386 -19.0657 -38.3484 8.9316 -26.6568 -45.2523 29.5678 -31.0132 -48.6549 -6.0235 -35.2115 -7.4090 -24.7282 -42.1361 20.0712 -29.0025 -48.4582 30.6725 -33.4494 -37.7798 -20.5795 -39.1126 11.4658 -27.1474 -46.1076 32.2546 -31.6301 -47.9889 -11.9615 -36.1600 8.7970 -34.4719 21.2436 -48.8324 -29.6237 22.9224 -43.1078 -25.4899 -0.2938 -36.2569 -11.8972 -47.9882 -31.6301 32.2546 -46.1076 -27.1474 11.4658 -39.1126 -20.5795 -37.7798 -33.4494 30.6725 -48.4582 -29.0025 20.0712 -42.1361 -24.7282 -7.4090 -35.2115 -6.0235 -48.6549 -31.0132 29.5678 -45.2523 -26.6568 8.9316 -38.3484 -19.0657 -41.8386 -33.0901 33.6742 -48.1051 -28.6495 18.5672 -41.6484 -24.2903 -11.3040 -34.7925 -3.2875 -48.7277 -30.8567 28.9283 -45.0756 -26.5603 8.1121
-25.0877 -45.1220 29.0758 -30.8947 -48.7166 -3.8056 -34.8521 -10.8058 -24.3365 -41.6895 18.6818 -28.6749 -48.1313 33.5477 -33.1125 -41.6461 -19.1528 -38.3860 9.0469 -26.6733 -45.2719 29.5990 -31.0132 -48.6584 -5.8605 -35.1768 -7.7424 -24.6909 -42.0954 19.9543 -28.9767 -48.4369 30.9306 -33.4292 -38.0449 -20.5052 -39.0737 11.3482 -27.1242 -46.0700 32.1465 -31.6038 -48.0317 -11.7026 -36.2191 -1.3668 -29.6754 -30.8076 -33.8576 21.8115 -48.8228 -29.5974 22.8001 -43.0670 -25.4638 -0.5344 -36.2164 -11.7060 -48.0317 -31.6038 32.1465 -46.0700 -27.1242 11.3482 -39.0737 -20.5052 -38.0449 -33.4292 30.9306 -48.4369 -28.9767 19.9543 -42.0954 -24.6909 -7.7424 -35.1768 -5.8605 -48.6584 -31.0132 29.5990 -45.2719 -26.6733 9.0469 -38.3860 -19.1528 -41.6461 -33.1125 33.5477 -48.1313 -28.6749 18.6818 -41.6890 -24.3354 -10.8117 -34.8519 -3.7671 -48.7175 -30.8897 29.0774 -45.1214 -25.0873
-45.1734 29.2300 -30.9270 -48.7047 -4.2722 -34.9114 -10.2897 -24.3860 -41.7344 18.7984 -28.7004 -48.1571 33.4134 -33.1347 -41.4498 -19.2391 -38.4242 9.1743 -26.6953 -45.3073 29.6905 -31.0266 -48.6549 -5.8605 -35.1650 -7.9296 -24.6628 -42.0587 19.8395 -28.9510 -48.4152 31.1789 -33.4088 -38.3053 -20.4304 -39.0349 11.2303 -27.1011 -46.0324 32.0372 -31.5775 -48.0736 -11.5109 -36.1759 -0.6969 -25.5186 -44.3800 -22.3436 -30.6789 -33.8493 22.3179 -48.8124 -29.5711 22.6780 -43.0262 -25.4372 -0.7792 -36.1755 -11.5109 -48.0736 -31.5775 32.0372 -46.0324 -27.1011 11.2303 -39.0349 -20.4304 -38.3053 -33.4088 31.1789 -48.4152 -28.9510 19.8395 -42.0587 -24.6628 -7.9296 -35.1650 -5.8605 -48.6549 -31.0266 29.6905 -45.3073 -26.6953 9.1743 -38.4242 -19.2391 -41.4498 -33.1347 33.4134 -48.1571 -28.7004 18.7984 -41.7333 -24.3848 -10.2900 -34.9114 -4.2406 -48.7055 -30.9232 29.2302 -45.1730
29.0788 -30.7757 -48.6913 -4.7240 -34.9692 -9.8085 -24.4356 -41.7847 18.9326 -28.7257 -48.1826 33.2712 -33.1569 -41.2495 -19.3245 -38.4625 9.3010 -26.7177 -45.3465 29.8128 -31.0518 -48.6441 -6.0235 -35.1768 -7.9296 -24.6532 -42.0384 19.7540 -28.9272 -48.3929 31.4172 -33.3882 -38.5610 -20.3549 -38.9960 11.1120 -27.0779 -45.9946 31.9268 -31.5512 -48.1141 -11.3120 -36.1343 -1.0326 -25.4121 -42.8143 29.5162 -39.8139 -22.0017 -31.1121 -33.8314 22.8181 -48.8014 -29.5448 22.5562 -42.9854 -25.4100 -1.0285 -36.1343 -11.3120 -48.1141 -31.5512 31.9268 -45.9946 -27.0779 11.1120 -38.9960 -20.3549 -38.5610 -33.3882 31.4172 -48.3929 -28.9272 19.7540 -42.0384 -24.6532 -7.9296 -35.1768 -6.0235 -48.6441 -31.0518 29.8128 -45.3465 -26.7177 9.3010 -38.4625 -19.3245 -41.2495 -33.1569 33.2712 -48.1826 -28.7258 18.9247 -41.7813 -24.4346 -9.8083 -34.9682 -4.6967 -48.6920 -30.7754 29.0759
-30.2604 -48.6775 -5.1393 -35.0291 -9.3094 -24.4862 -41.8354 19.0774 -28.7540 -48.2099 33.1182 -33.1789 -41.0452 -19.4092 -38.5009 9.4270 -26.7401 -45.3856 29.9366 -31.0784 -48.6288 -6.3116 -35.2115 -7.7424 -24.6628 -42.0384 19.7249 -28.9144 -48.3760 31.6234 -33.3656 -38.8121 -20.2787 -38.9572 10.9933 -27.0549 -45.9567 31.8152 -31.5249 -48.1532 -11.1089 -36.0928 -1.2822 -25.3825 -42.9593 22.0377 -33.2296 13.5997 -39.8934 -21.9325 -31.4838 -33.8150 23.3073 -48.7899 -29.5186 22.4346 -42.9447 -25.3823 -1.2822 -36.0928 -11.1089 -48.1532 -31.5249 31.8152 -45.9567 -27.0549 10.9933 -38.9572 -20.2787 -38.8121 -33.3656 31.6234 -48.3760 -28.9144 19.7249 -42.0384 -24.6628 -7.7424 -35.2115 -6.3116 -48.6288 -31.0784 29.9366 -45.3856 -26.7401 9.4270 -38.5009 -19.4092 -41.0452 -33.1789 33.1183 -48.2102 -28.7558 19.0670 -41.8317 -24.4832 -9.3405 -35.0242 -5.1429 -48.6772 -30.2624
-48.7556 -5.5931 -35.0875 -8.8197 -24.5356 -41.8834 19.2137 -28.7860 -48.2395 32.9424 -33.2012 -40.8336 -19.4931 -38.5393 9.5524 -26.7626 -45.4246 30.0600 -31.1051 -48.6122 -6.6241 -35.2577 -7.4090 -24.6909 -42.0587 19.7540 -28.9144 -48.3703 31.7346 -33.3481 -39.0343 -20.2031 -38.9185 10.8741 -27.0319 -45.9188 31.7026 -31.4985 -48.1907 -10.9018 -36.0510 -1.5405 -25.3540 -42.9031 22.3535 -29.8678 -48.7023 -28.6023 13.6372 -39.8512 -21.8693 -31.8502 -33.7984 23.7853 -48.7778 -29.4923 22.3133 -42.9039 -25.3540 -1.5405 -36.0510 -10.9018 -48.1907 -31.4985 31.7026 -45.9188 -27.0319 10.8741 -38.9185 -20.2031 -39.0343 -33.3481 31.7346 -48.3703 -28.9144 19.7540 -42.0587 -24.6909 -7.4090 -35.2577 -6.6241 -48.6122 -31.1051 30.0600 -45.4246 -26.7626 9.5524 -38.5393 -19.4931 -40.8365 -33.1989 32.9312 -48.2412 -28.7890 19.2119 -41.8828 -24.5315 -8.8801 -35.0810 -5.5975 -48.7556
-10.0186 -35.1439 -8.3633 -24.5834 -41.9336 19.3566 -28.8185 -48.2700 32.7340 -33.2272 -40.5980 -19.5774 -38.5777 9.6771 -26.7851 -45.4635 30.1829 -31.1317 -48.5944 -6.9288 -35.3044 -7.0447 -24.7282 -42.0954 19.8395 -28.9272 -48.3760 31.7346 -33.3429 -39.1560 -20.1463 -38.8837 10.7565 -27.0089 -45.8808 31.5890 -31.4721 -48.2269 -10.6902 -36.0089 -1.8036 -25.3252 -42.8631 22.1902 -29.4506 -48.4087 -3.7976 -46.0655 -27.5623 13.5152 -39.8117 -21.8056 -32.2113 -33.7816 24.2519 -48.7652 -29.4661 22.1922 -42.8631 -25.3252 -1.8036 -36.0089 -10.6902 -48.2269 -31.4721 31.5890 -45.8808 -27.0089 10.7565 -38.8837 -20.1463 -39.1560 -33.3429 31.7346 -48.3760 -28.9272 19.8395 -42.0954 -24.7282 -7.0447 -35.3044 -6.9288 -48.5944 -31.1317 30.1829 -45.4635 -26.7851 9.6771 -38.5782 -19.5782 -40.6044 -33.2203 32.7174 -48.2720 -28.8212 19.3566 -41.9336 -24.5807 -8.3955 -35.1399 -10.0152
-36.2017 -7.8951 -24.6323 -41.9845 19.5014 -28.8505 -48.2999 32.5095 -33.2539 -40.3289 -19.6731 -38.6168 9.8013 -26.8077 -45.5024 30.3053 -31.1583 -48.5756 -7.2260 -35.3508 -6.6866 -24.7658 -42.1361 19.9543 -28.9510 -48.3929 31.6234 -33.3481 -39.1560 -20.1269 -38.8643 10.6685 -26.9881 -45.8431 31.4744 -31.4457 -48.2617 -10.4742 -35.9665 -2.0715 -25.2960 -42.8223 22.0713 -29.4419 -48.7784 26.4060 -35.5401 33.9217 -46.7307 -27.5437 13.4020 -39.7722 -21.7414 -32.5671 -33.7645 24.7072 -48.7521 -29.4399 22.0713 -42.8223 -25.2960 -2.0715 -35.9665 -10.4742 -48.2617 -31.4457 31.4744 -45.8431 -26.9881 10.6685 -38.8643 -20.1269 -39.1560 -33.3481 31.6234 -48.3929 -28.9510 19.9543 -42.1361 -24.7658 -6.6866 -35.3508 -7.2260 -48.5756 -31.1583 30.3053 -45.5024 -26.8077 9.8030 -38.6205 -19.6697 -40.3460 -33.2475 32.4918 -48.3019 -28.8532 19.5014 -41.9844 -24.6298 -7.9216 -36.2006
-9.5642 -24.6843 -42.0356 19.6457 -28.8837 -48.3296 32.2690 -33.2790 -40.0506 -19.7752 -38.6620 9.9361 -26.8305 -45.5412 30.4272 -31.1849 -48.5556 -7.5159 -35.3970 -6.3347 -24.8028 -42.1768 20.0712 -28.9767 -48.4152 31.4172 -33.3656 -39.0343 -20.1463 -38.8643 10.6384 -26.9767 -45.8149 31.3704 -31.4183 -48.2952 -10.2536 -35.9237 -2.3444 -25.2661 -42.7815 21.9506 -29.4138 -48.7361 24.9892 -34.1589 -9.7790 -33.3568 33.7653 -46.6877 -27.5198 13.2887 -39.7328 -21.6767 -32.9177 -33.7473 25.1509 -48.7384 -29.4138 21.9506 -42.7815 -25.2661 -2.3444 -35.9237 -10.2536 -48.2952 -31.4183 31.3704 -45.8149 -26.9767 10.6384 -38.8643 -20.1463 -39.0343 -33.3656 31.4172 -48.4152 -28.9767 20.0712 -42.1768 -24.8028 -6.3347 -35.3970 -7.5159 -48.5556 -31.1849 30.4272 -45.5412 -26.8303 9.9389 -38.6655 -19.7700 -40.0675 -33.2742 32.2524 -48.3313 -28.8843 19.6474 -42.0362 -24.6825 -9.6144
-22.9923 -42.0867 19.7920 -28.9173 -48.3599 31.9999 -33.3017 -39.7812 -19.8707 -38.7104 10.0823 -26.8547 -45.5805 30.5484 -31.2115 -48.5345 -7.7989 -35.4429 -5.9889 -24.8394 -42.2175 20.1882 -29.0025 -48.4369 31.1789 -33.3882 -38.8121 -20.2031 -38.8837 10.6685 -26.9767 -45.8053 31.3124 -31.3975 -48.3241 -10.0318 -35.8807 -2.6223 -25.2358 -42.7407 21.8302 -29.3876 -48.7242 25.5917 -33.7034 -34.3775 -26.1867 -47.2299 -32.0104 33.6794 -46.6522 -27.4960 13.1752 -39.6934 -21.6115 -33.2630 -33.7298 25.5832 -48.7242 -29.3876 21.8302 -42.7407 -25.2358 -2.6223 -35.8807 -10.0318 -48.3241 -31.3975 31.3124 -45.8053 -26.9767 10.6685 -38.8837 -20.2031 -38.8121 -33.3882 31.1789 -48.4369 -29.0025 20.1882 -42.2175 -24.8394 -5.9889 -35.4429 -7.7989 -48.5345 -31.2115 30.5484 -45.5806 -26.8544 10.0833 -38.7107 -19.8702 -39.7825 -33.3008 32.0141 -48.3586 -28.9149 19.8018 -42.0896 -22.9928
-42.3949 19.9378 -28.9494 -48.3886 31.7273 -33.3213 -39.5092 -19.9641 -38.7587 10.2353 -26.8808 -45.6233 30.6709 -31.2381 -48.5122 -8.0750 -35.4886 -5.6493 -24.8755 -42.2582 20.3055 -29.0283 -48.4582 30.9306 -33.4088 -38.5610 -20.2787 -38.9185 10.7565 -26.9881 -45.8149 31.3124 -31.3909 -48.3397 -9.8634 -35.8417 -2.9010 -25.2050 -42.6999 21.7101 -29.3615 -48.7095 26.0040 -33.7151 -33.4899 -21.4225 -40.6499 -14.0841 -47.2012 -31.9979 33.5960 -46.6163 -27.4722 13.0616 -39.6540 -21.5458 -33.6031 -33.7122 26.0040 -48.7095 -29.3615 21.7101 -42.6999 -25.2050 -2.9010 -35.8417 -9.8634 -48.3397 -31.3909 31.3124 -45.8149 -26.9881 10.7565 -38.9185 -20.2787 -38.5610 -33.4088 30.9306 -48.4582 -29.0283 20.3055 -42.2582 -24.8755 -5.6493 -35.4886 -8.0750 -48.5122 -31.2381 30.6709 -45.6235 -26.8813 10.2258 -38.7557 -19.9687 -39.4926 -33.3294 31.7505 -48.3865 -28.9465 19.9474 -42.3984
20.2685 -28.8872 -48.4165 31.4457 -33.3449 -39.2312 -20.0567 -38.8070 10.3872 -26.9073 -45.6684 30.8028 -31.2639 -48.4887 -8.3445 -35.5340 -5.3158 -24.9112 -42.2990 20.4230 -29.0541 -48.4792 30.6725 -33.4292 -38.3053 -20.3549 -38.9572 10.8741 -27.0089 -45.8431 31.3704 -31.3975 -48.3397 -9.8053 -35.8199 -3.1121 -25.1769 -42.6597 21.5901 -29.3354 -48.6943 26.4132 -33.6943 -33.9435 -21.4971 -39.4878 19.0396 -36.7196 -14.1017 -47.2740 -31.9720 33.5106 -46.5803 -27.4485 12.9477 -39.6147 -21.4795 -33.9380 -33.6943 26.4132 -48.6943 -29.3354 21.5901 -42.6597 -25.1769 -3.1121 -35.8199 -9.8053 -48.3397 -31.3975 31.3704 -45.8431 -27.0089 10.8741 -38.9572 -20.3549 -38.3053 -33.4292 30.6725 -48.4792 -29.0541 20.4230 -42.2990 -24.9112 -5.3158 -35.5340 -8.3445 -48.4887 -31.2637 30.8109 -45.6711 -26.9096 10.3759 -38.8034 -20.0670 -39.1943 -33.3537 31.4664 -48.4144 -28.8845 20.2696
-27.9227 -48.4432 31.1478 -33.3703 -38.9299 -20.1532 -38.8553 10.5384 -26.9338 -45.7133 30.9428 -31.2934 -48.4619 -8.6121 -35.5792 -4.9883 -24.9463 -42.3397 20.5407 -29.0799 -48.4997 30.4041 -33.4494 -38.0449 -20.4304 -38.9960 10.9933 -27.0319 -45.8808 31.4744 -31.4183 -48.3241 -9.8634 -35.8199 -3.1847 -25.1611 -42.6298 21.4823 -29.3090 -48.6786 26.8110 -33.6763 -34.2676 -21.4121 -39.5876 12.4538 -31.7661 2.0100 -36.7119 -13.9381 -47.3395 -31.9461 33.4231 -46.5442 -27.4248 12.8337 -39.5754 -21.4127 -34.2676 -33.6763 26.8110 -48.6786 -29.3090 21.4823 -42.6298 -25.1611 -3.1847 -35.8199 -9.8634 -48.3241 -31.4183 31.4744 -45.8808 -27.0319 10.9933 -38.9960 -20.4304 -38.0449 -33.4494 30.4041 -48.4997 -29.0799 20.5407 -42.3397 -24.9463 -4.9883 -35.5792 -8.6121 -48.4619 -31.2919 30.9605 -45.7191 -26.9375 10.5281 -38.8520 -20.1595 -38.9057 -33.3758 31.1642 -48.4408 -27.9209
-48.2489 30.8101 -33.3961 -38.6162 -20.2500 -38.9034 10.6878 -26.9609 -45.7581 31.0810 -31.3279 -48.4309 -8.8959 -35.6272 -4.6622 -24.9810 -42.3805 20.6586 -29.1058 -48.5198 30.1255 -33.4695 -37.7798 -20.5052 -39.0349 11.1120 -27.0549 -45.9188 31.5890 -31.4457 -48.2952 -10.0318 -35.8417 -3.1121 -25.1611 -42.6196 21.4225 -29.2892 -48.6633 27.1908 -33.6581 -34.5919 -21.3454 -39.5355 12.7576 -27.6411 -47.7671 -26.3976 2.0861 -36.6735 -13.7837 -47.4031 -31.9202 33.3336 -46.5079 -27.4011 12.7195 -39.5361 -21.3454 -34.5919 -33.6581 27.1908 -48.6633 -29.2892 21.4225 -42.6196 -25.1611 -3.1121 -35.8417 -10.0318 -48.2952 -31.4457 31.5890 -45.9188 -27.0549 11.1120 -39.0349 -20.5052 -37.7798 -33.4695 30.1255 -48.5198 -29.1058 20.6586 -42.3805 -24.9810 -4.6622 -35.6272 -8.8960 -48.4309 -31.3251 31.1003 -45.7645 -26.9643 10.6787 -38.9004 -20.2501 -38.6144 -33.3947 30.8034 -48.2473
20.1138 -33.0655 -38.2931 -20.3449 -38.9490 10.8290 -26.9891 -45.8051 31.2254 -31.3641 -48.3961 -9.2067 -35.6793 -4.3134 -25.0158 -42.4212 20.7767 -29.1317 -48.5395 29.8365 -33.4894 -37.5099 -20.5795 -39.0737 11.2303 -27.0779 -45.9567 31.7026 -31.4721 -48.2617 -10.2536 -35.8807 -2.9010 -25.1769 -42.6298 21.4225 -29.2827 -48.6551 27.4669 -33.6391 -34.9061 -21.2775 -39.4968 12.6032 -27.3701 -46.2045 34.4087 -43.1739 -25.7155 1.8688 -36.6368 -13.6269 -47.4649 -31.8943 33.2422 -46.4715 -27.3775 12.6050 -39.4968 -21.2775 -34.9061 -33.6391 27.4669 -48.6551 -29.2827 21.4225 -42.6298 -25.1769 -2.9010 -35.8807 -10.2536 -48.2617 -31.4721 31.7026 -45.9567 -27.0779 11.2303 -39.0737 -20.5795 -37.5099 -33.4894 29.8365 -48.5395 -29.1317 20.7767 -42.4212 -25.0156 -4.3156 -35.6790 -9.2067 -48.3961 -31.3598 31.2374 -45.8092 -26.9910 10.8285 -38.9489 -20.3397 -38.3166 -33.0556 20.0992
-33.4374 -37.9670 -20.4397 -38.9943 10.9681 -27.0179 -45.8531 31.3717 -31.3988 -48.3577 -9.5254 -35.7322 -3.9527 -25.0530 -42.4626 20.8951 -29.1576 -48.5588 29.5369 -33.5092 -37.2352 -20.6531 -39.1126 11.3482 -27.1011 -45.9946 31.8152 -31.4985 -48.2269 -10.4742 -35.9237 -2.6223 -25.2050 -42.6597 21.4823 -29.2892 -48.6551 27.5597 -33.6298 -35.1372 -21.2158 -39.4583 12.4904 -27.3551 -46.4537 32.8766 -34.6902 23.8811 -43.4719 -25.6963 1.6641 -36.5998 -13.4674 -47.5248 -31.8683 33.1490 -46.4350 -27.3539 12.4904 -39.4583 -21.2158 -35.1372 -33.6298 27.5597 -48.6551 -29.2892 21.4823 -42.6597 -25.2050 -2.6223 -35.9237 -10.4742 -48.2269 -31.4985 31.8152 -45.9946 -27.1011 11.3482 -39.1126 -20.6531 -37.2352 -33.5092 29.5369 -48.5588 -29.1576 20.8953 -42.4629 -25.0525 -3.9527 -35.7322 -9.5087 -48.3598 -31.3942 31.3732 -45.8537 -27.0182 10.9766 -38.9971 -20.4342 -37.9954 -33.4290
-39.3036 -20.5277 -39.0396 11.1066 -27.0468 -45.9007 31.5160 -31.4323 -48.3186 -9.8232 -35.7867 -3.5796 -25.0938 -42.5106 21.0237 -29.1829 -48.5776 29.2266 -33.5288 -36.9556 -20.7261 -39.1515 11.4658 -27.1242 -46.0324 31.9268 -31.5249 -48.1907 -10.6902 -35.9665 -2.3444 -25.2358 -42.6999 21.5901 -29.3090 -48.6633 27.4669 -33.6298 -35.2152 -21.1815 -39.4295 12.3869 -27.3306 -46.3971 33.0832 -32.3233 -41.1229 -31.1408 23.8979 -43.4270 -25.6751 1.4563 -36.5624 -13.3051 -47.5830 -31.8423 33.0540 -46.3984 -27.3306 12.3869 -39.4295 -21.1815 -35.2152 -33.6298 27.4669 -48.6633 -29.3090 21.5901 -42.6999 -25.2358 -2.3444 -35.9665 -10.6902 -48.1907 -31.5249 31.9268 -46.0324 -27.1242 11.4658 -39.1515 -20.7261 -36.9556 -33.5288 29.2266 -48.5776 -29.1839 21.0166 -42.5080 -25.0925 -3.5796 -35.7867 -9.8036 -48.3212 -31.4301 31.5149 -45.9004 -27.0465 11.1247 -39.0456 -20.5230 -39.3061
-19.6385 -39.0850 11.2446 -27.0757 -45.9482 31.6586 -31.4653 -48.2778 -10.1099 -35.8415 -3.2088 -25.1342 -42.5616 21.1643 -29.2079 -48.5960 28.9054 -33.5482 -36.6711 -20.7985 -39.1905 11.5830 -27.1474 -46.0700 32.0372 -31.5512 -48.1532 -10.9018 -36.0089 -2.0715 -25.2661 -42.7407 21.7101 -29.3354 -48.6786 27.1908 -33.6391 -35.1372 -21.1815 -39.4197 12.3294 -27.3131 -46.3651 32.9574 -31.7928 -47.8154 -20.1096 -48.6667 -29.7953 23.7642 -43.3863 -25.6538 1.2437 -36.5239 -13.1413 -47.6395 -31.8161 32.9586 -46.3653 -27.3131 12.3294 -39.4197 -21.1815 -35.1372 -33.6391 27.1908 -48.6786 -29.3354 21.7101 -42.7407 -25.2661 -2.0715 -36.0089 -10.9018 -48.1532 -31.5512 32.0372 -46.0700 -27.1474 11.5830 -39.1905 -20.7985 -36.6711 -33.5482 28.9054 -48.5964 -29.2113 21.1562 -42.5585 -25.1332 -3.2109 -35.8406 -10.1084 -48.2780 -31.4651 31.6586 -45.9482 -27.0755 11.2644 -39.0910 -19.6358
-39.6906 11.3894 -27.1055 -45.9959 31.8005 -31.4968 -48.2349 -10.3888 -35.8956 -2.8483 -25.1729 -42.6097 21.3057 -29.2372 -48.6155 28.5674 -33.5675 -36.3816 -20.8702 -39.2295 11.6998 -27.1706 -46.1076 32.1465 -31.5775 -48.1141 -11.1089 -36.0510 -1.8036 -25.2960 -42.7815 21.8302 -29.3615 -48.6943 26.8110 -33.6581 -34.9061 -21.2158 -39.4295 12.3294 -27.3072 -46.3466 32.8866 -31.7775 -47.6752 -12.3640 -37.4270 19.7042 -48.9073 -29.7768 23.6607 -43.3567 -25.6338 0.9753 -36.4761 -12.9897 -47.6915 -31.9497 32.8817 -46.3471 -27.3072 12.3294 -39.4295 -21.2158 -34.9061 -33.6581 26.8110 -48.6943 -29.3615 21.8302 -42.7815 -25.2960 -1.8036 -36.0510 -11.1089 -48.1141 -31.5775 32.1465 -46.1076 -27.1706 11.6998 -39.2295 -20.8702 -36.3816 -33.5675 28.5676 -48.6165 -29.2400 21.3052 -42.6095 -25.1720 -2.8705 -35.8922 -10.3891 -48.2348 -31.4969 31.8006 -45.9959 -27.1048 11.4002 -39.6951
11.4014 -27.1091 -46.0460 31.9467 -31.5280 -48.1924 -10.6454 -35.9493 -2.4964 -25.2107 -42.6573 21.4451 -29.2704 -48.6364 28.1875 -33.5865 -36.0823 -20.9414 -39.2685 11.8164 -27.1939 -46.1451 32.2546 -31.6038 -48.0736 -11.3120 -36.0928 -1.5405 -25.3252 -42.8223 21.9506 -29.3876 -48.7095 26.4132 -33.6763 -34.5919 -21.2775 -39.4583 12.3869 -27.3131 -46.3466 32.8618 -31.7325 -47.8195 -12.8025 -36.4523 9.2829 -34.6423 19.8230 -48.6568 -30.5742 23.3636 -43.0714 -25.9875 0.2462 -36.4047 -13.9999 -46.6650 -32.0754 32.8497 -46.3471 -27.3131 12.3869 -39.4583 -21.2775 -34.5919 -33.6763 26.4132 -48.7095 -29.3876 21.9506 -42.8223 -25.3252 -1.5405 -36.0928 -11.3120 -48.0736 -31.6038 32.2546 -46.1451 -27.1939 11.8164 -39.2685 -20.9414 -36.0865 -33.5844 28.1894 -48.6368 -29.2707 21.4535 -42.6602 -25.2107 -2.5223 -35.9454 -10.6454 -48.1924 -31.5280 31.9392 -46.0428 -27.1073 11.4025
-25.7626 -46.0927 32.0858 -31.5591 -48.1458 -10.9072 -36.0025 -2.1525 -25.2477 -42.7049 21.5847 -29.3037 -48.6575 27.7471 -33.6092 -35.7507 -21.0140 -39.3082 11.9326 -27.2172 -46.1825 32.3614 -31.6301 -48.0317 -11.5109 -36.1343 -1.2822 -25.3540 -42.8631 22.0713 -29.4138 -48.7242 26.0040 -33.6943 -34.2676 -21.3454 -39.4968 12.4904 -27.3306 -46.3651 32.8865 -31.7338 -47.8894 -14.9666 -41.9239 13.0018 -30.8002 -27.0660 -33.7830 -17.2885 -47.6523 -29.2495 35.1422 -45.9864 -29.7346 7.4441 -41.8575 -21.3262 -47.8709 -31.9960 32.8758 -46.3653 -27.3306 12.4904 -39.4968 -21.3454 -34.2676 -33.6943 26.0040 -48.7242 -29.4138 22.0713 -42.8631 -25.3540 -1.2822 -36.1343 -11.5109 -48.0317 -31.6301 32.3614 -46.1825 -27.2172 11.9326 -39.3081 -21.0139 -35.7594 -33.6067 27.7492 -48.6573 -29.3028 21.6029 -42.7111 -25.2488 -2.1758 -35.9989 -10.9073 -48.1458 -31.5606 32.0783 -46.0895 -25.7601
-46.0706 32.2150 -31.5907 -48.0961 -11.1670 -36.0544 -1.8186 -25.2840 -42.7524 21.7247 -29.3370 -48.6778 27.2833 -33.6326 -35.3726 -21.0959 -39.3514 12.0503 -27.2405 -46.2197 32.4669 -31.6563 -47.9882 -11.7060 -36.1755 -1.0285 -25.3823 -42.9039 22.1922 -29.4399 -48.7384 25.5832 -33.7122 -33.9380 -21.4127 -39.5361 12.6050 -27.3539 -46.3984 32.9587 -31.7758 -47.8160 -15.1021 -40.1622 27.0129 -22.3597 -48.7470 17.3689 -37.7233 26.4233 14.6119 -17.1529 -58.1683 -18.4193 29.7203 19.1187 6.8832 -42.3299 -11.0730 -48.1748 -31.9082 32.9559 -46.3984 -27.3539 12.6050 -39.5361 -21.4127 -33.9380 -33.7122 25.5832 -48.7384 -29.4399 22.1922 -42.9039 -25.3823 -1.0285 -36.1755 -11.7060 -47.9882 -31.6563 32.4669 -46.2197 -27.2405 12.0503 -39.3514 -21.0961 -35.3747 -33.6324 27.2835 -48.6778 -29.3356 21.7447 -42.7593 -25.2852 -1.8389 -36.0517 -11.1655 -48.0964 -31.5905 32.2155 -46.0708
31.1632 -31.4059 -48.0438 -11.4190 -36.1036 -1.5087 -25.3196 -42.8025 21.8724 -29.3716 -48.6976 26.7980 -33.6540 -34.9823 -21.1825 -39.4002 12.1864 -27.2640 -46.2569 32.5711 -31.6825 -47.9432 -11.8972 -36.2164 -0.7792 -25.4100 -42.9447 22.3133 -29.4661 -48.7521 25.1509 -33.7298 -33.6031 -21.4795 -39.5754 12.7195 -27.3775 -46.4350 33.0540 -31.8164 -47.6928 -12.9170 -42.4836 32.1173 -36.3691 -57.1133 -46.0865 -65.6653 -42.8280 -47.3010 -31.2214 -1.2131 -52.0707 -46.9685 -49.8642 -20.4984 -53.8336 7.2052 -38.0071 -18.8791 -47.4807 -31.8459 33.0545 -46.4350 -27.3775 12.7195 -39.5754 -21.4795 -33.6031 -33.7298 25.1509 -48.7521 -29.4661 22.3133 -42.9447 -25.4100 -0.7792 -36.2164 -11.8972 -47.9432 -31.6825 32.5711 -46.2569 -27.2641 12.1774 -39.3971 -21.1819 -34.9820 -33.6540 26.7980 -48.6976 -29.3691 21.8851 -42.8069 -25.3207 -1.5099 -36.1039 -11.4034 -48.0476 -31.4023 31.1630
