0.1140 0.2068 0.3409 0.1104 0.3402 0.1484 0.1258 0.5006 0.1197 0.1723 0.4293 0.1100 0.2726 0.1922 0.1163 0.4495 0.1281 0.1476 0.4823 0.1126 0.2209 0.3036 0.1112 0.3666 0.1416 0.1303 0.5027 0.1176 0.1827 0.4039 0.1098 0.2933 0.1705 0.1189 0.4737 0.1248 0.1550 0.4681 0.1115 0.2366 0.2639 0.1125 0.3941 0.1362 0.1354 0.5002 0.1051 0.4930 0.1220 0.1573 0.3160 0.1099 0.3744 0.1941 0.1157 0.4997 0.1354 0.1362 0.3941 0.1125 0.2639 0.2366 0.1115 0.4681 0.1550 0.1248 0.4737 0.1189 0.1705 0.2934 0.1098 0.4038 0.1827 0.1176 0.5027 0.1303 0.1416 0.3666 0.1112 0.3036 0.2209 0.1126 0.4823 0.1476 0.1281 0.4494 0.1163 0.1922 0.2726 0.1100 0.4293 0.1723 0.1197 0.5006 0.1258 0.1484 0.3402 0.1104 0.3409 0.2068 0.1140
0.2068 0.3723 0.1143 0.3555 0.1456 0.1310 0.5186 0.1174 0.1791 0.4557 0.1124 0.2844 0.2134 0.1214 0.4684 0.1238 0.1533 0.5036 0.1132 0.2300 0.3373 0.1155 0.3829 0.1375 0.1355 0.5210 0.1161 0.1899 0.4323 0.1127 0.3062 0.1793 0.1241 0.4925 0.1211 0.1609 0.4909 0.1127 0.2464 0.2971 0.1172 0.4116 0.1316 0.1407 0.5187 0.1133 0.2352 0.1146 0.5097 0.1272 0.1579 0.3301 0.1133 0.4049 0.2018 0.1149 0.5187 0.1407 0.1316 0.4116 0.1172 0.2971 0.2464 0.1127 0.4909 0.1609 0.1211 0.4925 0.1241 0.1793 0.3062 0.1127 0.4322 0.1899 0.1161 0.5210 0.1355 0.1375 0.3830 0.1155 0.3373 0.2300 0.1132 0.5036 0.1533 0.1238 0.4682 0.1214 0.2134 0.2844 0.1124 0.4557 0.1791 0.1174 0.5186 0.1310 0.1456 0.3555 0.1143 0.3723 0.2068
0.3409 0.1143 0.3550 0.1456 0.1308 0.5183 0.1170 0.1786 0.4567 0.1118 0.2834 0.2152 0.1211 0.4671 0.1236 0.1529 0.5041 0.1126 0.2292 0.3391 0.1150 0.3815 0.1375 0.1352 0.5210 0.1156 0.1893 0.4334 0.1121 0.3051 0.1805 0.1239 0.4915 0.1208 0.1605 0.4916 0.1121 0.2456 0.2991 0.1166 0.4102 0.1315 0.1404 0.5189 0.1145 0.2000 0.3296 0.1699 0.1187 0.5091 0.1270 0.1584 0.3289 0.1127 0.4064 0.2012 0.1144 0.5189 0.1404 0.1316 0.4102 0.1166 0.2991 0.2456 0.1121 0.4916 0.1605 0.1208 0.4915 0.1239 0.1805 0.3051 0.1121 0.4335 0.1893 0.1156 0.5210 0.1352 0.1375 0.3816 0.1150 0.3392 0.2292 0.1126 0.5041 0.1529 0.1236 0.4670 0.1211 0.2152 0.2834 0.1118 0.4567 0.1786 0.1170 0.5183 0.1308 0.1456 0.3550 0.1143 0.3409
0.1104 0.3555 0.1456 0.1308 0.5182 0.1171 0.1782 0.4576 0.1118 0.2825 0.2170 0.1210 0.4656 0.1237 0.1526 0.5046 0.1127 0.2285 0.3409 0.1149 0.3801 0.1379 0.1350 0.5210 0.1157 0.1888 0.4347 0.1121 0.3039 0.1820 0.1237 0.4904 0.1209 0.1601 0.4923 0.1121 0.2447 0.3012 0.1166 0.4088 0.1318 0.1401 0.5191 0.1145 0.2007 0.4117 0.1146 0.4772 0.1686 0.1188 0.5084 0.1269 0.1592 0.3277 0.1127 0.4078 0.2006 0.1145 0.5191 0.1401 0.1318 0.4088 0.1165 0.3012 0.2448 0.1121 0.4923 0.1601 0.1210 0.4904 0.1237 0.1819 0.3040 0.1121 0.4348 0.1887 0.1157 0.5210 0.1350 0.1379 0.3802 0.1149 0.3411 0.2284 0.1127 0.5046 0.1526 0.1237 0.4657 0.1210 0.2170 0.2825 0.1118 0.4576 0.1782 0.1171 0.5182 0.1308 0.1456 0.3555 0.1104
0.3402 0.1456 0.1308 0.5182 0.1171 0.1780 0.4582 0.1118 0.2817 0.2186 0.1209 0.4644 0.1239 0.1522 0.5051 0.1127 0.2277 0.3428 0.1148 0.3787 0.1382 0.1348 0.5209 0.1158 0.1882 0.4359 0.1120 0.3028 0.1835 0.1236 0.4893 0.1211 0.1597 0.4930 0.1121 0.2439 0.3033 0.1165 0.4073 0.1321 0.1399 0.5193 0.1145 0.2000 0.4090 0.1115 0.3835 0.1087 0.4775 0.1682 0.1189 0.5077 0.1267 0.1600 0.3264 0.1126 0.4092 0.2001 0.1145 0.5193 0.1398 0.1321 0.4072 0.1165 0.3031 0.2440 0.1121 0.4930 0.1597 0.1211 0.4893 0.1236 0.1833 0.3030 0.1120 0.4360 0.1882 0.1158 0.5209 0.1348 0.1382 0.3788 0.1148 0.3429 0.2277 0.1127 0.5051 0.1522 0.1239 0.4644 0.1209 0.2186 0.2817 0.1118 0.4582 0.1780 0.1171 0.5182 0.1308 0.1456 0.3402
0.1484 0.1310 0.5183 0.1171 0.1780 0.4584 0.1118 0.2811 0.2200 0.1208 0.4633 0.1240 0.1519 0.5056 0.1127 0.2270 0.3446 0.1147 0.3773 0.1386 0.1345 0.5209 0.1158 0.1876 0.4371 0.1120 0.3018 0.1849 0.1234 0.4882 0.1212 0.1593 0.4937 0.1121 0.2431 0.3053 0.1164 0.4059 0.1323 0.1396 0.5195 0.1146 0.1994 0.4107 0.1127 0.3219 0.1279 0.2605 0.1118 0.4784 0.1678 0.1190 0.5070 0.1265 0.1609 0.3252 0.1126 0.4105 0.1995 0.1146 0.5195 0.1396 0.1323 0.4058 0.1164 0.3051 0.2432 0.1121 0.4937 0.1593 0.1212 0.4881 0.1234 0.1847 0.3019 0.1120 0.4372 0.1876 0.1158 0.5209 0.1345 0.1386 0.3773 0.1147 0.3446 0.2270 0.1127 0.5056 0.1519 0.1240 0.4633 0.1208 0.2200 0.2811 0.1118 0.4584 0.1780 0.1171 0.5183 0.1310 0.1484
0.1258 0.5186 0.1170 0.1782 0.4582 0.1118 0.2809 0.2208 0.1207 0.4623 0.1241 0.1517 0.5060 0.1127 0.2264 0.3461 0.1147 0.3760 0.1389 0.1343 0.5209 0.1159 0.1871 0.4384 0.1120 0.3007 0.1864 0.1233 0.4870 0.1213 0.1590 0.4943 0.1122 0.2423 0.3072 0.1163 0.4044 0.1326 0.1393 0.5197 0.1146 0.1988 0.4120 0.1125 0.3242 0.1633 0.1378 0.2660 0.2602 0.1118 0.4792 0.1673 0.1191 0.5063 0.1264 0.1618 0.3240 0.1126 0.4119 0.1988 0.1146 0.5197 0.1393 0.1326 0.4044 0.1163 0.3070 0.2423 0.1122 0.4943 0.1590 0.1213 0.4870 0.1233 0.1862 0.3008 0.1120 0.4384 0.1871 0.1159 0.5209 0.1343 0.1389 0.3760 0.1147 0.3461 0.2264 0.1127 0.5060 0.1517 0.1241 0.4623 0.1207 0.2208 0.2809 0.1118 0.4582 0.1782 0.1170 0.5186 0.1258
0.5006 0.1174 0.1786 0.4576 0.1118 0.2811 0.2208 0.1207 0.4617 0.1242 0.1514 0.5064 0.1128 0.2258 0.3476 0.1146 0.3749 0.1393 0.1341 0.5208 0.1160 0.1865 0.4396 0.1120 0.2997 0.1879 0.1232 0.4859 0.1214 0.1586 0.4950 0.1122 0.2415 0.3092 0.1162 0.4029 0.1329 0.1390 0.5198 0.1147 0.1982 0.4134 0.1125 0.3228 0.1626 0.1259 0.5211 0.1178 0.2667 0.2591 0.1118 0.4800 0.1669 0.1192 0.5056 0.1262 0.1627 0.3228 0.1125 0.4133 0.1982 0.1147 0.5198 0.1390 0.1329 0.4029 0.1162 0.3090 0.2415 0.1122 0.4950 0.1586 0.1214 0.4859 0.1232 0.1878 0.2997 0.1120 0.4395 0.1866 0.1159 0.5208 0.1341 0.1393 0.3749 0.1146 0.3476 0.2258 0.1128 0.5064 0.1514 0.1242 0.4617 0.1207 0.2208 0.2811 0.1118 0.4576 0.1786 0.1174 0.5006
0.1197 0.1791 0.4567 0.1118 0.2817 0.2200 0.1207 0.4617 0.1242 0.1513 0.5067 0.1128 0.2252 0.3491 0.1146 0.3738 0.1396 0.1339 0.5208 0.1160 0.1861 0.4407 0.1120 0.2987 0.1894 0.1230 0.4848 0.1216 0.1582 0.4957 0.1122 0.2407 0.3111 0.1161 0.4015 0.1331 0.1388 0.5200 0.1147 0.1977 0.4147 0.1125 0.3216 0.1637 0.1261 0.5025 0.1064 0.4295 0.1181 0.2690 0.2582 0.1119 0.4808 0.1665 0.1193 0.5048 0.1261 0.1637 0.3216 0.1125 0.4147 0.1976 0.1148 0.5200 0.1388 0.1331 0.4015 0.1161 0.3111 0.2407 0.1122 0.4957 0.1582 0.1216 0.4848 0.1230 0.1894 0.2986 0.1120 0.4406 0.1861 0.1160 0.5208 0.1339 0.1396 0.3738 0.1146 0.3491 0.2252 0.1128 0.5067 0.1513 0.1242 0.4617 0.1207 0.2200 0.2817 0.1118 0.4567 0.1791 0.1197
0.1723 0.4557 0.1118 0.2825 0.2186 0.1208 0.4623 0.1242 0.1513 0.5068 0.1128 0.2248 0.3504 0.1145 0.3727 0.1399 0.1337 0.5207 0.1161 0.1856 0.4417 0.1119 0.2977 0.1908 0.1229 0.4837 0.1217 0.1578 0.4963 0.1122 0.2399 0.3130 0.1160 0.4000 0.1334 0.1385 0.5201 0.1148 0.1971 0.4160 0.1125 0.3204 0.1646 0.1259 0.5042 0.1181 0.1885 0.1246 0.4296 0.1180 0.2713 0.2573 0.1119 0.4816 0.1660 0.1194 0.5040 0.1259 0.1647 0.3204 0.1125 0.4161 0.1970 0.1148 0.5201 0.1385 0.1334 0.4000 0.1160 0.3131 0.2398 0.1122 0.4963 0.1578 0.1217 0.4837 0.1229 0.1908 0.2977 0.1119 0.4417 0.1856 0.1161 0.5207 0.1337 0.1399 0.3727 0.1145 0.3504 0.2248 0.1128 0.5068 0.1513 0.1242 0.4623 0.1208 0.2186 0.2825 0.1118 0.4557 0.1723
0.4293 0.1124 0.2834 0.2170 0.1209 0.4633 0.1241 0.1514 0.5067 0.1128 0.2246 0.3511 0.1145 0.3717 0.1402 0.1335 0.5206 0.1161 0.1852 0.4426 0.1119 0.2968 0.1921 0.1228 0.4828 0.1218 0.1575 0.4969 0.1123 0.2391 0.3150 0.1159 0.3986 0.1337 0.1383 0.5202 0.1149 0.1965 0.4174 0.1124 0.3192 0.1657 0.1257 0.5032 0.1195 0.1648 0.4393 0.1444 0.1287 0.4279 0.1178 0.2734 0.2564 0.1119 0.4824 0.1656 0.1195 0.5032 0.1257 0.1657 0.3193 0.1124 0.4175 0.1964 0.1149 0.5202 0.1383 0.1337 0.3987 0.1159 0.3151 0.2390 0.1123 0.4969 0.1575 0.1218 0.4828 0.1228 0.1921 0.2968 0.1119 0.4426 0.1852 0.1161 0.5206 0.1335 0.1402 0.3717 0.1145 0.3511 0.2246 0.1128 0.5067 0.1514 0.1241 0.4633 0.1209 0.2170 0.2834 0.1124 0.4293
0.1100 0.2844 0.2152 0.1210 0.4644 0.1240 0.1517 0.5064 0.1128 0.2248 0.3511 0.1145 0.3711 0.1404 0.1334 0.5205 0.1162 0.1847 0.4436 0.1119 0.2959 0.1935 0.1227 0.4818 0.1219 0.1571 0.4974 0.1123 0.2383 0.3169 0.1159 0.3972 0.1340 0.1380 0.5203 0.1149 0.1959 0.4187 0.1124 0.3180 0.1667 0.1256 0.5024 0.1196 0.1653 0.4854 0.1087 0.5164 0.1436 0.1289 0.4264 0.1177 0.2754 0.2556 0.1119 0.4833 0.1652 0.1196 0.5023 0.1256 0.1666 0.3182 0.1124 0.4188 0.1958 0.1149 0.5203 0.1380 0.1340 0.3974 0.1159 0.3169 0.2383 0.1123 0.4974 0.1571 0.1219 0.4818 0.1227 0.1935 0.2959 0.1119 0.4436 0.1847 0.1162 0.5205 0.1334 0.1404 0.3711 0.1145 0.3511 0.2248 0.1128 0.5064 0.1517 0.1240 0.4644 0.1210 0.2152 0.2844 0.1100
0.2726 0.2134 0.1211 0.4656 0.1239 0.1519 0.5060 0.1128 0.2252 0.3504 0.1145 0.3711 0.1405 0.1333 0.5205 0.1162 0.1843 0.4445 0.1119 0.2951 0.1949 0.1226 0.4809 0.1220 0.1568 0.4979 0.1123 0.2377 0.3185 0.1158 0.3961 0.1342 0.1378 0.5204 0.1150 0.1953 0.4201 0.1124 0.3169 0.1677 0.1254 0.5015 0.1197 0.1648 0.4838 0.1105 0.2978 0.1099 0.5164 0.1433 0.1291 0.4249 0.1176 0.2774 0.2547 0.1119 0.4840 0.1648 0.1197 0.5014 0.1254 0.1676 0.3171 0.1123 0.4202 0.1952 0.1150 0.5204 0.1378 0.1342 0.3961 0.1158 0.3185 0.2377 0.1123 0.4979 0.1568 0.1220 0.4809 0.1226 0.1949 0.2951 0.1119 0.4445 0.1843 0.1162 0.5205 0.1333 0.1405 0.3711 0.1145 0.3504 0.2252 0.1128 0.5060 0.1519 0.1239 0.4657 0.1211 0.2134 0.2726
0.1922 0.1214 0.4671 0.1237 0.1522 0.5056 0.1127 0.2258 0.3491 0.1145 0.3717 0.1404 0.1333 0.5205 0.1162 0.1840 0.4453 0.1119 0.2942 0.1962 0.1225 0.4799 0.1221 0.1565 0.4984 0.1123 0.2370 0.3201 0.1157 0.3949 0.1345 0.1376 0.5205 0.1150 0.1947 0.4215 0.1123 0.3158 0.1688 0.1253 0.5006 0.1198 0.1643 0.4848 0.1120 0.2517 0.1873 0.2075 0.1140 0.5167 0.1430 0.1293 0.4235 0.1175 0.2794 0.2538 0.1119 0.4848 0.1643 0.1198 0.5006 0.1253 0.1686 0.3159 0.1123 0.4215 0.1947 0.1150 0.5205 0.1376 0.1345 0.3949 0.1157 0.3201 0.2370 0.1123 0.4984 0.1565 0.1221 0.4799 0.1225 0.1962 0.2942 0.1119 0.4453 0.1840 0.1162 0.5205 0.1333 0.1404 0.3717 0.1145 0.3491 0.2258 0.1127 0.5056 0.1522 0.1237 0.4670 0.1214 0.1922
0.1163 0.4684 0.1236 0.1526 0.5051 0.1127 0.2264 0.3476 0.1146 0.3727 0.1402 0.1334 0.5205 0.1162 0.1839 0.4458 0.1119 0.2934 0.1976 0.1223 0.4789 0.1222 0.1562 0.4989 0.1123 0.2364 0.3217 0.1156 0.3938 0.1347 0.1374 0.5206 0.1151 0.1942 0.4226 0.1123 0.3148 0.1698 0.1251 0.4997 0.1199 0.1639 0.4856 0.1119 0.2531 0.2870 0.1243 0.3952 0.2067 0.1140 0.5170 0.1427 0.1295 0.4220 0.1174 0.2815 0.2529 0.1119 0.4856 0.1639 0.1199 0.4997 0.1251 0.1697 0.3148 0.1123 0.4226 0.1942 0.1151 0.5206 0.1374 0.1347 0.3938 0.1156 0.3217 0.2364 0.1123 0.4989 0.1562 0.1222 0.4789 0.1223 0.1976 0.2934 0.1119 0.4458 0.1839 0.1162 0.5205 0.1334 0.1402 0.3727 0.1146 0.3476 0.2264 0.1127 0.5051 0.1526 0.1236 0.4682 0.1163
0.4495 0.1238 0.1529 0.5046 0.1127 0.2270 0.3461 0.1146 0.3738 0.1399 0.1335 0.5205 0.1162 0.1840 0.4458 0.1119 0.2930 0.1987 0.1222 0.4779 0.1223 0.1559 0.4994 0.1124 0.2357 0.3233 0.1156 0.3927 0.1350 0.1372 0.5207 0.1151 0.1937 0.4237 0.1123 0.3139 0.1707 0.1250 0.4990 0.1200 0.1635 0.4863 0.1119 0.2521 0.2831 0.1166 0.4803 0.1112 0.3951 0.2060 0.1140 0.5172 0.1424 0.1298 0.4206 0.1173 0.2836 0.2520 0.1119 0.4863 0.1635 0.1200 0.4990 0.1250 0.1707 0.3139 0.1123 0.4237 0.1937 0.1151 0.5207 0.1372 0.1350 0.3927 0.1156 0.3233 0.2357 0.1124 0.4994 0.1559 0.1223 0.4779 0.1222 0.1987 0.2930 0.1119 0.4458 0.1840 0.1162 0.5205 0.1335 0.1399 0.3738 0.1146 0.3461 0.2270 0.1127 0.5046 0.1529 0.1238 0.4494
0.1281 0.1533 0.5041 0.1127 0.2277 0.3446 0.1147 0.3749 0.1396 0.1337 0.5206 0.1162 0.1843 0.4453 0.1119 0.2930 0.1990 0.1222 0.4772 0.1224 0.1556 0.4999 0.1124 0.2351 0.3249 0.1155 0.3915 0.1352 0.1370 0.5207 0.1152 0.1932 0.4248 0.1122 0.3129 0.1716 0.1249 0.4982 0.1201 0.1632 0.4870 0.1119 0.2512 0.2856 0.1173 0.4152 0.1119 0.3354 0.1130 0.3968 0.2053 0.1141 0.5175 0.1421 0.1300 0.4191 0.1173 0.2856 0.2512 0.1119 0.4870 0.1632 0.1201 0.4982 0.1249 0.1716 0.3129 0.1122 0.4248 0.1932 0.1152 0.5207 0.1370 0.1352 0.3915 0.1155 0.3249 0.2351 0.1124 0.4999 0.1556 0.1224 0.4772 0.1222 0.1990 0.2930 0.1119 0.4453 0.1843 0.1162 0.5206 0.1337 0.1396 0.3749 0.1147 0.3446 0.2277 0.1127 0.5041 0.1533 0.1281
0.1476 0.5036 0.1126 0.2285 0.3428 0.1147 0.3760 0.1393 0.1339 0.5207 0.1161 0.1847 0.4445 0.1119 0.2934 0.1987 0.1222 0.4769 0.1225 0.1554 0.5003 0.1124 0.2344 0.3264 0.1155 0.3904 0.1355 0.1367 0.5208 0.1152 0.1928 0.4258 0.1122 0.3120 0.1726 0.1248 0.4974 0.1202 0.1628 0.4876 0.1120 0.2505 0.2875 0.1172 0.4182 0.1294 0.1582 0.1519 0.3355 0.1129 0.3983 0.2047 0.1141 0.5178 0.1419 0.1302 0.4179 0.1172 0.2875 0.2505 0.1120 0.4876 0.1628 0.1202 0.4974 0.1248 0.1726 0.3120 0.1122 0.4258 0.1928 0.1152 0.5208 0.1367 0.1355 0.3904 0.1155 0.3264 0.2344 0.1124 0.5003 0.1554 0.1225 0.4769 0.1222 0.1987 0.2934 0.1119 0.4445 0.1847 0.1161 0.5207 0.1339 0.1393 0.3760 0.1147 0.3429 0.2284 0.1126 0.5036 0.1476
0.4823 0.1132 0.2292 0.3409 0.1148 0.3773 0.1389 0.1341 0.5208 0.1161 0.1852 0.4436 0.1119 0.2942 0.1976 0.1222 0.4772 0.1225 0.1553 0.5006 0.1124 0.2339 0.3280 0.1154 0.3892 0.1357 0.1366 0.5208 0.1153 0.1923 0.4269 0.1122 0.3111 0.1736 0.1246 0.4966 0.1203 0.1625 0.4882 0.1120 0.2498 0.2892 0.1171 0.4167 0.1304 0.1411 0.4999 0.1282 0.1551 0.3341 0.1129 0.3997 0.2041 0.1142 0.5180 0.1416 0.1304 0.4167 0.1171 0.2892 0.2498 0.1120 0.4882 0.1625 0.1203 0.4966 0.1246 0.1736 0.3111 0.1122 0.4269 0.1923 0.1153 0.5208 0.1366 0.1357 0.3892 0.1154 0.3280 0.2339 0.1124 0.5006 0.1553 0.1225 0.4772 0.1222 0.1976 0.2942 0.1119 0.4436 0.1852 0.1161 0.5208 0.1341 0.1389 0.3773 0.1148 0.3411 0.2292 0.1132 0.4823
0.1126 0.2300 0.3391 0.1149 0.3787 0.1386 0.1343 0.5208 0.1160 0.1856 0.4426 0.1119 0.2951 0.1962 0.1223 0.4779 0.1224 0.1554 0.5006 0.1124 0.2335 0.3291 0.1153 0.3881 0.1360 0.1364 0.5209 0.1153 0.1918 0.4279 0.1122 0.3101 0.1746 0.1245 0.4959 0.1203 0.1622 0.4888 0.1120 0.2491 0.2908 0.1170 0.4155 0.1306 0.1415 0.5188 0.1059 0.5107 0.1276 0.1558 0.3330 0.1128 0.4010 0.2035 0.1142 0.5182 0.1414 0.1306 0.4155 0.1170 0.2908 0.2491 0.1120 0.4888 0.1622 0.1203 0.4959 0.1245 0.1746 0.3101 0.1122 0.4279 0.1918 0.1153 0.5209 0.1364 0.1360 0.3881 0.1153 0.3291 0.2335 0.1124 0.5006 0.1554 0.1224 0.4779 0.1223 0.1962 0.2951 0.1119 0.4426 0.1856 0.1160 0.5208 0.1343 0.1386 0.3788 0.1149 0.3392 0.2300 0.1126
0.2209 0.3373 0.1150 0.3801 0.1382 0.1345 0.5209 0.1160 0.1861 0.4417 0.1119 0.2959 0.1949 0.1225 0.4789 0.1223 0.1556 0.5003 0.1124 0.2335 0.3295 0.1153 0.3873 0.1362 0.1362 0.5209 0.1154 0.1914 0.4290 0.1122 0.3092 0.1756 0.1244 0.4951 0.1204 0.1618 0.4894 0.1120 0.2484 0.2925 0.1169 0.4144 0.1308 0.1412 0.5183 0.1128 0.2343 0.1143 0.5107 0.1274 0.1565 0.3319 0.1128 0.4023 0.2030 0.1142 0.5183 0.1412 0.1308 0.4144 0.1169 0.2925 0.2484 0.1120 0.4894 0.1618 0.1204 0.4951 0.1244 0.1756 0.3092 0.1122 0.4290 0.1914 0.1154 0.5209 0.1362 0.1362 0.3873 0.1153 0.3295 0.2335 0.1124 0.5003 0.1556 0.1223 0.4789 0.1225 0.1949 0.2959 0.1119 0.4417 0.1861 0.1159 0.5209 0.1345 0.1382 0.3802 0.1150 0.3373 0.2209
0.3036 0.1155 0.3815 0.1379 0.1348 0.5209 0.1159 0.1865 0.4407 0.1119 0.2968 0.1935 0.1226 0.4799 0.1222 0.1559 0.4999 0.1124 0.2339 0.3291 0.1153 0.3870 0.1363 0.1360 0.5209 0.1154 0.1909 0.4300 0.1121 0.3083 0.1767 0.1243 0.4942 0.1205 0.1615 0.4900 0.1120 0.2477 0.2942 0.1168 0.4132 0.1310 0.1409 0.5185 0.1144 0.2012 0.3288 0.1703 0.1186 0.5101 0.1273 0.1571 0.3310 0.1128 0.4035 0.2025 0.1143 0.5185 0.1409 0.1310 0.4132 0.1168 0.2942 0.2477 0.1120 0.4900 0.1615 0.1205 0.4942 0.1243 0.1767 0.3083 0.1121 0.4300 0.1909 0.1154 0.5209 0.1360 0.1363 0.3870 0.1153 0.3291 0.2339 0.1124 0.4999 0.1559 0.1222 0.4799 0.1226 0.1935 0.2968 0.1119 0.4406 0.1866 0.1159 0.5209 0.1348 0.1379 0.3816 0.1155 0.3036
0.1112 0.3829 0.1375 0.1350 0.5209 0.1158 0.1871 0.4396 0.1120 0.2977 0.1921 0.1227 0.4809 0.1221 0.1562 0.4994 0.1124 0.2344 0.3280 0.1153 0.3873 0.1363 0.1360 0.5209 0.1155 0.1905 0.4310 0.1121 0.3074 0.1778 0.1242 0.4934 0.1206 0.1612 0.4905 0.1120 0.2470 0.2959 0.1168 0.4120 0.1312 0.1407 0.5187 0.1143 0.2021 0.4085 0.1148 0.4762 0.1694 0.1186 0.5096 0.1272 0.1577 0.3300 0.1127 0.4046 0.2020 0.1143 0.5187 0.1407 0.1312 0.4120 0.1168 0.2959 0.2470 0.1120 0.4905 0.1612 0.1206 0.4934 0.1242 0.1778 0.3074 0.1121 0.4310 0.1905 0.1155 0.5209 0.1360 0.1363 0.3873 0.1153 0.3280 0.2344 0.1124 0.4994 0.1562 0.1221 0.4809 0.1227 0.1921 0.2977 0.1120 0.4395 0.1871 0.1158 0.5209 0.1350 0.1375 0.3830 0.1112
0.3666 0.1375 0.1352 0.5210 0.1158 0.1876 0.4384 0.1120 0.2987 0.1908 0.1228 0.4818 0.1220 0.1565 0.4989 0.1124 0.2351 0.3264 0.1154 0.3881 0.1362 0.1360 0.5209 0.1155 0.1903 0.4318 0.1121 0.3065 0.1789 0.1240 0.4926 0.1207 0.1609 0.4911 0.1120 0.2463 0.2975 0.1167 0.4109 0.1314 0.1405 0.5189 0.1144 0.2015 0.4054 0.1116 0.3858 0.1087 0.4760 0.1690 0.1187 0.5091 0.1270 0.1584 0.3290 0.1127 0.4058 0.2015 0.1144 0.5189 0.1405 0.1314 0.4109 0.1167 0.2975 0.2463 0.1120 0.4911 0.1609 0.1207 0.4926 0.1240 0.1789 0.3065 0.1121 0.4318 0.1903 0.1155 0.5209 0.1360 0.1362 0.3881 0.1154 0.3264 0.2351 0.1124 0.4989 0.1565 0.1220 0.4818 0.1228 0.1908 0.2986 0.1120 0.4384 0.1876 0.1158 0.5210 0.1352 0.1375 0.3666
0.1416 0.1355 0.5210 0.1157 0.1882 0.4371 0.1120 0.2997 0.1894 0.1229 0.4828 0.1219 0.1568 0.4984 0.1123 0.2357 0.3249 0.1155 0.3892 0.1360 0.1362 0.5209 0.1155 0.1903 0.4320 0.1121 0.3058 0.1799 0.1239 0.4917 0.1208 0.1605 0.4917 0.1121 0.2456 0.2992 0.1166 0.4097 0.1316 0.1403 0.5190 0.1144 0.2010 0.4070 0.1127 0.3248 0.1272 0.2620 0.1118 0.4767 0.1686 0.1188 0.5086 0.1269 0.1590 0.3280 0.1127 0.4070 0.2010 0.1144 0.5190 0.1403 0.1316 0.4097 0.1166 0.2992 0.2456 0.1121 0.4917 0.1605 0.1208 0.4917 0.1239 0.1799 0.3058 0.1121 0.4320 0.1903 0.1155 0.5209 0.1362 0.1360 0.3892 0.1155 0.3249 0.2357 0.1123 0.4984 0.1568 0.1219 0.4828 0.1229 0.1894 0.2997 0.1120 0.4372 0.1882 0.1157 0.5210 0.1355 0.1416
0.1303 0.5210 0.1156 0.1888 0.4359 0.1120 0.3007 0.1879 0.1230 0.4837 0.1218 0.1571 0.4979 0.1123 0.2364 0.3233 0.1155 0.3904 0.1357 0.1364 0.5209 0.1154 0.1905 0.4318 0.1121 0.3056 0.1804 0.1238 0.4909 0.1209 0.1602 0.4922 0.1121 0.2449 0.3009 0.1165 0.4086 0.1318 0.1401 0.5192 0.1145 0.2005 0.4082 0.1126 0.3274 0.1609 0.1384 0.2619 0.2620 0.1118 0.4774 0.1683 0.1189 0.5080 0.1268 0.1597 0.3270 0.1126 0.4082 0.2005 0.1145 0.5192 0.1401 0.1318 0.4086 0.1165 0.3009 0.2449 0.1121 0.4922 0.1602 0.1209 0.4909 0.1238 0.1804 0.3056 0.1121 0.4318 0.1905 0.1154 0.5209 0.1364 0.1357 0.3904 0.1155 0.3233 0.2364 0.1123 0.4979 0.1571 0.1218 0.4837 0.1230 0.1878 0.3008 0.1120 0.4360 0.1887 0.1156 0.5210 0.1303
0.5027 0.1161 0.1893 0.4347 0.1120 0.3018 0.1864 0.1232 0.4848 0.1217 0.1575 0.4974 0.1123 0.2370 0.3217 0.1156 0.3915 0.1355 0.1366 0.5209 0.1154 0.1909 0.4310 0.1121 0.3058 0.1804 0.1238 0.4905 0.1210 0.1599 0.4928 0.1121 0.2442 0.3025 0.1165 0.4074 0.1320 0.1398 0.5193 0.1145 0.2000 0.4093 0.1126 0.3260 0.1602 0.1263 0.5211 0.1181 0.2621 0.2612 0.1118 0.4781 0.1679 0.1189 0.5074 0.1266 0.1604 0.3261 0.1126 0.4093 0.2000 0.1145 0.5193 0.1398 0.1320 0.4074 0.1165 0.3025 0.2442 0.1121 0.4928 0.1599 0.1210 0.4905 0.1238 0.1804 0.3058 0.1121 0.4310 0.1909 0.1154 0.5209 0.1366 0.1355 0.3915 0.1156 0.3217 0.2370 0.1123 0.4974 0.1575 0.1217 0.4848 0.1232 0.1862 0.3019 0.1120 0.4348 0.1893 0.1161 0.5027
0.1176 0.1899 0.4334 0.1121 0.3028 0.1849 0.1233 0.4859 0.1216 0.1578 0.4969 0.1123 0.2377 0.3201 0.1156 0.3927 0.1352 0.1367 0.5208 0.1153 0.1914 0.4300 0.1121 0.3065 0.1799 0.1238 0.4905 0.1210 0.1598 0.4932 0.1121 0.2436 0.3042 0.1164 0.4062 0.1323 0.1396 0.5195 0.1146 0.1995 0.4105 0.1126 0.3251 0.1611 0.1265 0.5048 0.1063 0.4326 0.1183 0.2639 0.2605 0.1118 0.4788 0.1676 0.1190 0.5069 0.1265 0.1611 0.3251 0.1126 0.4105 0.1995 0.1146 0.5195 0.1396 0.1323 0.4062 0.1164 0.3042 0.2436 0.1121 0.4932 0.1598 0.1210 0.4905 0.1238 0.1799 0.3065 0.1121 0.4300 0.1914 0.1153 0.5208 0.1367 0.1352 0.3927 0.1156 0.3201 0.2377 0.1123 0.4969 0.1578 0.1216 0.4859 0.1233 0.1847 0.3030 0.1121 0.4335 0.1899 0.1176
0.1827 0.4323 0.1121 0.3039 0.1835 0.1234 0.4870 0.1214 0.1582 0.4963 0.1123 0.2383 0.3185 0.1157 0.3938 0.1350 0.1370 0.5208 0.1153 0.1918 0.4290 0.1121 0.3074 0.1789 0.1239 0.4909 0.1210 0.1598 0.4933 0.1121 0.2431 0.3056 0.1163 0.4051 0.1325 0.1394 0.5196 0.1146 0.1990 0.4116 0.1126 0.3241 0.1618 0.1264 0.5065 0.1178 0.1898 0.1241 0.4330 0.1182 0.2656 0.2598 0.1118 0.4795 0.1672 0.1191 0.5063 0.1264 0.1618 0.3241 0.1126 0.4116 0.1990 0.1146 0.5196 0.1394 0.1325 0.4051 0.1163 0.3056 0.2431 0.1121 0.4933 0.1598 0.1210 0.4909 0.1239 0.1789 0.3074 0.1121 0.4290 0.1918 0.1153 0.5208 0.1370 0.1350 0.3938 0.1157 0.3185 0.2383 0.1123 0.4963 0.1582 0.1214 0.4870 0.1234 0.1833 0.3040 0.1121 0.4322 0.1827
0.4039 0.1127 0.3051 0.1820 0.1236 0.4882 0.1213 0.1586 0.4957 0.1122 0.2391 0.3169 0.1158 0.3949 0.1347 0.1372 0.5207 0.1152 0.1923 0.4279 0.1122 0.3083 0.1778 0.1240 0.4917 0.1209 0.1599 0.4932 0.1121 0.2429 0.3065 0.1163 0.4040 0.1327 0.1392 0.5197 0.1147 0.1985 0.4127 0.1125 0.3232 0.1625 0.1262 0.5056 0.1192 0.1660 0.4361 0.1451 0.1281 0.4318 0.1181 0.2673 0.2590 0.1118 0.4801 0.1669 0.1192 0.5057 0.1262 0.1625 0.3232 0.1125 0.4127 0.1985 0.1147 0.5197 0.1392 0.1327 0.4040 0.1163 0.3065 0.2429 0.1121 0.4932 0.1599 0.1209 0.4917 0.1240 0.1778 0.3083 0.1122 0.4279 0.1923 0.1152 0.5207 0.1372 0.1347 0.3949 0.1158 0.3169 0.2390 0.1122 0.4957 0.1586 0.1213 0.4881 0.1236 0.1819 0.3051 0.1127 0.4038
0.1098 0.3062 0.1805 0.1237 0.4893 0.1212 0.1590 0.4950 0.1122 0.2399 0.3150 0.1159 0.3961 0.1345 0.1374 0.5207 0.1152 0.1928 0.4269 0.1122 0.3092 0.1767 0.1242 0.4926 0.1208 0.1602 0.4928 0.1121 0.2431 0.3065 0.1163 0.4035 0.1329 0.1390 0.5199 0.1147 0.1980 0.4139 0.1125 0.3222 0.1633 0.1261 0.5050 0.1192 0.1666 0.4829 0.1089 0.5157 0.1444 0.1283 0.4306 0.1181 0.2690 0.2583 0.1118 0.4808 0.1665 0.1192 0.5050 0.1261 0.1633 0.3222 0.1125 0.4139 0.1980 0.1147 0.5199 0.1390 0.1329 0.4035 0.1163 0.3065 0.2431 0.1121 0.4928 0.1602 0.1208 0.4926 0.1242 0.1767 0.3092 0.1122 0.4269 0.1928 0.1152 0.5207 0.1374 0.1345 0.3961 0.1159 0.3151 0.2398 0.1122 0.4950 0.1590 0.1212 0.4893 0.1237 0.1805 0.3062 0.1098
0.2933 0.1793 0.1239 0.4904 0.1211 0.1593 0.4943 0.1122 0.2407 0.3130 0.1159 0.3972 0.1342 0.1376 0.5206 0.1151 0.1932 0.4258 0.1122 0.3101 0.1756 0.1243 0.4934 0.1207 0.1605 0.4922 0.1121 0.2436 0.3056 0.1163 0.4035 0.1329 0.1389 0.5199 0.1147 0.1975 0.4150 0.1125 0.3212 0.1640 0.1260 0.5044 0.1193 0.1662 0.4812 0.1104 0.3011 0.1098 0.5156 0.1441 0.1284 0.4295 0.1180 0.2708 0.2575 0.1118 0.4814 0.1662 0.1193 0.5044 0.1260 0.1640 0.3212 0.1125 0.4150 0.1975 0.1147 0.5199 0.1389 0.1329 0.4035 0.1163 0.3056 0.2436 0.1121 0.4922 0.1605 0.1207 0.4934 0.1243 0.1756 0.3101 0.1122 0.4258 0.1932 0.1151 0.5206 0.1376 0.1342 0.3974 0.1159 0.3131 0.2407 0.1122 0.4943 0.1593 0.1211 0.4904 0.1239 0.1793 0.2934
0.1705 0.1241 0.4915 0.1209 0.1597 0.4937 0.1122 0.2415 0.3111 0.1160 0.3986 0.1340 0.1378 0.5205 0.1151 0.1937 0.4248 0.1122 0.3111 0.1746 0.1244 0.4942 0.1206 0.1609 0.4917 0.1121 0.2442 0.3042 0.1163 0.4040 0.1329 0.1389 0.5200 0.1148 0.1972 0.4160 0.1124 0.3203 0.1648 0.1258 0.5038 0.1194 0.1658 0.4821 0.1119 0.2547 0.1818 0.2094 0.1138 0.5158 0.1439 0.1286 0.4283 0.1179 0.2725 0.2568 0.1118 0.4821 0.1658 0.1194 0.5038 0.1258 0.1648 0.3203 0.1124 0.4160 0.1972 0.1148 0.5200 0.1389 0.1329 0.4040 0.1163 0.3042 0.2442 0.1121 0.4917 0.1609 0.1206 0.4942 0.1244 0.1746 0.3111 0.1122 0.4248 0.1937 0.1151 0.5205 0.1378 0.1340 0.3987 0.1160 0.3111 0.2415 0.1122 0.4937 0.1597 0.1210 0.4915 0.1241 0.1705
0.1189 0.4925 0.1208 0.1601 0.4930 0.1121 0.2423 0.3092 0.1161 0.4000 0.1337 0.1380 0.5204 0.1150 0.1942 0.4237 0.1122 0.3120 0.1736 0.1245 0.4951 0.1205 0.1612 0.4911 0.1121 0.2449 0.3025 0.1164 0.4051 0.1327 0.1390 0.5199 0.1148 0.1971 0.4166 0.1124 0.3194 0.1656 0.1257 0.5031 0.1195 0.1655 0.4827 0.1118 0.2563 0.2796 0.1248 0.3903 0.2088 0.1138 0.5161 0.1437 0.1288 0.4271 0.1178 0.2742 0.2561 0.1119 0.4827 0.1655 0.1195 0.5031 0.1257 0.1656 0.3194 0.1124 0.4166 0.1971 0.1148 0.5199 0.1390 0.1327 0.4051 0.1164 0.3025 0.2449 0.1121 0.4911 0.1612 0.1205 0.4951 0.1245 0.1736 0.3120 0.1122 0.4237 0.1942 0.1150 0.5204 0.1380 0.1337 0.4000 0.1161 0.3090 0.2423 0.1121 0.4930 0.1601 0.1208 0.4925 0.1189
0.4737 0.1211 0.1605 0.4923 0.1121 0.2431 0.3072 0.1162 0.4015 0.1334 0.1383 0.5203 0.1150 0.1947 0.4226 0.1123 0.3129 0.1726 0.1246 0.4959 0.1204 0.1615 0.4905 0.1120 0.2456 0.3009 0.1165 0.4062 0.1325 0.1392 0.5199 0.1147 0.1972 0.4166 0.1124 0.3190 0.1662 0.1256 0.5024 0.1196 0.1651 0.4834 0.1119 0.2553 0.2753 0.1170 0.4844 0.1114 0.3900 0.2082 0.1138 0.5163 0.1434 0.1290 0.4260 0.1177 0.2759 0.2554 0.1119 0.4834 0.1651 0.1196 0.5024 0.1256 0.1662 0.3190 0.1124 0.4166 0.1972 0.1147 0.5199 0.1392 0.1325 0.4062 0.1165 0.3009 0.2456 0.1120 0.4905 0.1615 0.1204 0.4959 0.1246 0.1726 0.3129 0.1123 0.4226 0.1947 0.1150 0.5203 0.1383 0.1334 0.4015 0.1162 0.3070 0.2432 0.1121 0.4923 0.1605 0.1211 0.4737
0.1248 0.1609 0.4916 0.1121 0.2439 0.3053 0.1163 0.4029 0.1331 0.1385 0.5202 0.1149 0.1953 0.4215 0.1123 0.3139 0.1716 0.1248 0.4966 0.1203 0.1618 0.4900 0.1120 0.2463 0.2992 0.1165 0.4074 0.1323 0.1394 0.5197 0.1147 0.1975 0.4160 0.1124 0.3190 0.1664 0.1255 0.5019 0.1197 0.1648 0.4840 0.1119 0.2546 0.2776 0.1177 0.4209 0.1114 0.3395 0.1131 0.3914 0.2076 0.1139 0.5165 0.1432 0.1291 0.4248 0.1176 0.2776 0.2546 0.1119 0.4840 0.1648 0.1197 0.5019 0.1255 0.1664 0.3190 0.1124 0.4160 0.1975 0.1147 0.5197 0.1394 0.1323 0.4074 0.1165 0.2992 0.2463 0.1120 0.4900 0.1618 0.1203 0.4966 0.1248 0.1716 0.3139 0.1123 0.4215 0.1952 0.1149 0.5202 0.1385 0.1331 0.4029 0.1163 0.3051 0.2440 0.1121 0.4916 0.1609 0.1248
0.1550 0.4909 0.1121 0.2447 0.3033 0.1164 0.4044 0.1329 0.1388 0.5201 0.1149 0.1959 0.4201 0.1123 0.3148 0.1707 0.1249 0.4974 0.1203 0.1622 0.4894 0.1120 0.2470 0.2975 0.1166 0.4086 0.1320 0.1396 0.5196 0.1147 0.1980 0.4150 0.1124 0.3194 0.1662 0.1255 0.5017 0.1197 0.1645 0.4846 0.1119 0.2539 0.2793 0.1175 0.4240 0.1285 0.1595 0.1495 0.3399 0.1131 0.3927 0.2071 0.1139 0.5168 0.1430 0.1293 0.4237 0.1176 0.2793 0.2539 0.1119 0.4846 0.1645 0.1197 0.5017 0.1255 0.1662 0.3194 0.1124 0.4150 0.1980 0.1147 0.5196 0.1396 0.1320 0.4086 0.1166 0.2975 0.2470 0.1120 0.4894 0.1622 0.1203 0.4974 0.1249 0.1707 0.3148 0.1123 0.4202 0.1958 0.1149 0.5201 0.1388 0.1329 0.4044 0.1164 0.3031 0.2448 0.1121 0.4909 0.1550
0.4681 0.1127 0.2456 0.3012 0.1165 0.4059 0.1326 0.1390 0.5200 0.1148 0.1965 0.4187 0.1124 0.3158 0.1698 0.1250 0.4982 0.1202 0.1625 0.4888 0.1120 0.2477 0.2959 0.1167 0.4097 0.1318 0.1398 0.5195 0.1146 0.1985 0.4139 0.1125 0.3203 0.1656 0.1256 0.5019 0.1197 0.1645 0.4849 0.1119 0.2533 0.2810 0.1175 0.4225 0.1295 0.1422 0.4977 0.1288 0.1526 0.3388 0.1130 0.3939 0.2066 0.1140 0.5170 0.1427 0.1295 0.4225 0.1175 0.2810 0.2533 0.1119 0.4849 0.1645 0.1197 0.5019 0.1256 0.1656 0.3203 0.1125 0.4139 0.1985 0.1146 0.5195 0.1398 0.1318 0.4097 0.1167 0.2959 0.2477 0.1120 0.4888 0.1625 0.1202 0.4982 0.1250 0.1697 0.3159 0.1123 0.4188 0.1964 0.1148 0.5200 0.1390 0.1326 0.4058 0.1165 0.3012 0.2456 0.1127 0.4681
0.1115 0.2464 0.2991 0.1166 0.4073 0.1323 0.1393 0.5198 0.1147 0.1971 0.4174 0.1124 0.3169 0.1688 0.1251 0.4990 0.1201 0.1628 0.4882 0.1120 0.2484 0.2942 0.1168 0.4109 0.1316 0.1401 0.5193 0.1146 0.1990 0.4127 0.1125 0.3212 0.1648 0.1257 0.5024 0.1197 0.1645 0.4849 0.1119 0.2529 0.2822 0.1174 0.4213 0.1297 0.1426 0.5179 0.1060 0.5127 0.1283 0.1532 0.3378 0.1130 0.3952 0.2060 0.1140 0.5172 0.1425 0.1297 0.4213 0.1174 0.2822 0.2529 0.1119 0.4849 0.1645 0.1197 0.5024 0.1257 0.1648 0.3212 0.1125 0.4127 0.1990 0.1146 0.5193 0.1401 0.1316 0.4109 0.1168 0.2942 0.2484 0.1120 0.4882 0.1628 0.1201 0.4990 0.1251 0.1686 0.3171 0.1124 0.4175 0.1970 0.1148 0.5198 0.1393 0.1323 0.4072 0.1165 0.2991 0.2464 0.1115
0.2366 0.2971 0.1166 0.4088 0.1321 0.1396 0.5197 0.1147 0.1977 0.4160 0.1124 0.3180 0.1677 0.1253 0.4997 0.1200 0.1632 0.4876 0.1120 0.2491 0.2925 0.1168 0.4120 0.1314 0.1403 0.5192 0.1145 0.1995 0.4116 0.1125 0.3222 0.1640 0.1258 0.5031 0.1196 0.1648 0.4846 0.1119 0.2529 0.2826 0.1174 0.4205 0.1299 0.1423 0.5173 0.1126 0.2374 0.1140 0.5129 0.1281 0.1537 0.3369 0.1130 0.3963 0.2055 0.1140 0.5174 0.1423 0.1299 0.4205 0.1174 0.2826 0.2529 0.1119 0.4846 0.1648 0.1196 0.5031 0.1258 0.1640 0.3222 0.1125 0.4116 0.1995 0.1145 0.5192 0.1403 0.1314 0.4120 0.1168 0.2925 0.2491 0.1120 0.4876 0.1632 0.1200 0.4997 0.1253 0.1676 0.3182 0.1124 0.4161 0.1976 0.1147 0.5197 0.1396 0.1321 0.4088 0.1166 0.2971 0.2366
0.2639 0.1172 0.4102 0.1318 0.1399 0.5195 0.1146 0.1982 0.4147 0.1125 0.3192 0.1667 0.1254 0.5006 0.1199 0.1635 0.4870 0.1120 0.2498 0.2908 0.1169 0.4132 0.1312 0.1405 0.5190 0.1145 0.2000 0.4105 0.1126 0.3232 0.1633 0.1260 0.5038 0.1195 0.1651 0.4840 0.1119 0.2533 0.2822 0.1174 0.4202 0.1300 0.1421 0.5176 0.1142 0.2037 0.3229 0.1713 0.1177 0.5116 0.1277 0.1546 0.3351 0.1130 0.3976 0.2051 0.1141 0.5176 0.1421 0.1300 0.4202 0.1174 0.2822 0.2533 0.1119 0.4840 0.1651 0.1195 0.5038 0.1260 0.1633 0.3232 0.1126 0.4105 0.2000 0.1145 0.5190 0.1405 0.1312 0.4132 0.1169 0.2908 0.2498 0.1120 0.4870 0.1635 0.1199 0.5006 0.1254 0.1666 0.3193 0.1125 0.4147 0.1982 0.1146 0.5195 0.1398 0.1318 0.4102 0.1172 0.2639
0.1125 0.4116 0.1315 0.1401 0.5193 0.1146 0.1988 0.4134 0.1125 0.3204 0.1657 0.1256 0.5015 0.1198 0.1639 0.4863 0.1119 0.2505 0.2892 0.1170 0.4144 0.1310 0.1407 0.5189 0.1144 0.2005 0.4093 0.1126 0.3241 0.1625 0.1261 0.5044 0.1194 0.1655 0.4834 0.1119 0.2539 0.2810 0.1174 0.4205 0.1300 0.1420 0.5177 0.1139 0.2045 0.3974 0.1172 0.4531 0.1814 0.1159 0.5130 0.1300 0.1545 0.3334 0.1128 0.3990 0.2051 0.1104 0.5175 0.1421 0.1300 0.4205 0.1174 0.2810 0.2539 0.1119 0.4834 0.1655 0.1194 0.5044 0.1261 0.1625 0.3241 0.1126 0.4093 0.2005 0.1144 0.5189 0.1407 0.1310 0.4144 0.1170 0.2892 0.2505 0.1119 0.4863 0.1639 0.1198 0.5014 0.1256 0.1657 0.3204 0.1125 0.4133 0.1988 0.1146 0.5193 0.1401 0.1316 0.4116 0.1125
0.3941 0.1316 0.1404 0.5191 0.1145 0.1994 0.4120 0.1125 0.3216 0.1647 0.1257 0.5024 0.1197 0.1643 0.4856 0.1119 0.2512 0.2875 0.1171 0.4155 0.1308 0.1409 0.5187 0.1144 0.2010 0.4082 0.1126 0.3251 0.1618 0.1262 0.5050 0.1193 0.1658 0.4827 0.1119 0.2546 0.2793 0.1175 0.4213 0.1299 0.1421 0.5177 0.1138 0.2091 0.1785 0.1309 0.4893 0.1285 0.3949 0.1840 0.1239 0.4358 0.1439 0.1416 0.3360 0.1193 0.1774 0.2857 0.1109 0.5174 0.1421 0.1299 0.4213 0.1175 0.2793 0.2546 0.1119 0.4827 0.1658 0.1193 0.5050 0.1262 0.1618 0.3251 0.1126 0.4082 0.2010 0.1144 0.5187 0.1409 0.1308 0.4155 0.1171 0.2875 0.2512 0.1119 0.4856 0.1643 0.1197 0.5023 0.1257 0.1647 0.3216 0.1125 0.4119 0.1995 0.1145 0.5191 0.1404 0.1316 0.3941
0.1362 0.1407 0.5189 0.1145 0.2000 0.4107 0.1125 0.3228 0.1637 0.1259 0.5032 0.1196 0.1648 0.4848 0.1119 0.2521 0.2856 0.1172 0.4167 0.1306 0.1412 0.5185 0.1143 0.2015 0.4070 0.1126 0.3261 0.1611 0.1264 0.5057 0.1192 0.1662 0.4821 0.1119 0.2554 0.2776 0.1176 0.4225 0.1297 0.1423 0.5176 0.1141 0.2072 0.1671 0.3911 0.4733 0.2111 0.0900 0.0631 0.4652 0.1673 0.2663 0.4071 0.1224 0.2262 0.2427 0.5281 0.0847 0.2266 0.1116 0.5175 0.1423 0.1297 0.4225 0.1176 0.2776 0.2554 0.1119 0.4821 0.1662 0.1192 0.5057 0.1264 0.1611 0.3261 0.1126 0.4070 0.2015 0.1143 0.5185 0.1412 0.1306 0.4167 0.1172 0.2856 0.2520 0.1119 0.4848 0.1648 0.1196 0.5032 0.1259 0.1637 0.3228 0.1126 0.4105 0.2001 0.1145 0.5189 0.1407 0.1362
0.1354 0.5187 0.1144 0.2006 0.4093 0.1126 0.3240 0.1627 0.1261 0.5040 0.1195 0.1652 0.4840 0.1119 0.2529 0.2836 0.1173 0.4179 0.1304 0.1414 0.5183 0.1143 0.2020 0.4058 0.1127 0.3270 0.1604 0.1265 0.5063 0.1192 0.1665 0.4814 0.1118 0.2561 0.2759 0.1176 0.4237 0.1295 0.1425 0.5174 0.1142 0.2039 0.1960 0.3668 0.2176 0.0663 0.2692 0.2661 0.5409 0.0872 0.1993 0.4557 0.1832 0.5395 0.1932 0.2914 0.1218 0.5055 0.0627 0.2535 0.1118 0.5174 0.1425 0.1295 0.4237 0.1176 0.2759 0.2561 0.1118 0.4814 0.1665 0.1192 0.5063 0.1265 0.1604 0.3270 0.1127 0.4058 0.2020 0.1143 0.5183 0.1414 0.1304 0.4179 0.1173 0.2836 0.2529 0.1119 0.4840 0.1652 0.1195 0.5040 0.1261 0.1627 0.3240 0.1126 0.4092 0.2006 0.1144 0.5187 0.1354
0.4997 0.1149 0.2012 0.4078 0.1126 0.3253 0.1618 0.1262 0.5048 0.1194 0.1656 0.4832 0.1119 0.2538 0.2816 0.1173 0.4191 0.1302 0.1416 0.5182 0.1142 0.2025 0.4046 0.1127 0.3280 0.1597 0.1266 0.5069 0.1191 0.1669 0.4808 0.1118 0.2568 0.2742 0.1177 0.4248 0.1293 0.1427 0.5172 0.1141 0.2042 0.4002 0.1226 0.3715 0.1240 0.1317 0.1202 0.1272 0.1969 0.0820 0.1732 0.1276 0.1812 0.2186 0.0940 0.3138 0.0708 0.3543 0.1542 0.3209 0.2044 0.1141 0.5172 0.1427 0.1293 0.4248 0.1177 0.2742 0.2568 0.1118 0.4808 0.1669 0.1191 0.5069 0.1266 0.1597 0.3280 0.1127 0.4046 0.2025 0.1142 0.5182 0.1416 0.1302 0.4191 0.1173 0.2815 0.2538 0.1119 0.4833 0.1656 0.1194 0.5048 0.1262 0.1618 0.3252 0.1126 0.4078 0.2012 0.1149 0.4997
0.1157 0.2019 0.4063 0.1127 0.3265 0.1609 0.1264 0.5056 0.1193 0.1661 0.4824 0.1119 0.2546 0.2797 0.1174 0.4206 0.1300 0.1419 0.5180 0.1142 0.2030 0.4035 0.1127 0.3290 0.1590 0.1268 0.5074 0.1190 0.1672 0.4801 0.1118 0.2575 0.2725 0.1178 0.4260 0.1291 0.1430 0.5170 0.1140 0.2055 0.4007 0.1139 0.5057 0.1764 0.5351 0.4131 0.1702 0.5466 0.0546 0.4858 0.4413 0.1383 0.4235 0.1443 0.1985 0.3548 0.2745 0.0492 0.3527 0.1162 0.4007 0.2052 0.1140 0.5170 0.1430 0.1291 0.4260 0.1178 0.2725 0.2575 0.1118 0.4801 0.1672 0.1190 0.5074 0.1268 0.1590 0.3290 0.1127 0.4035 0.2030 0.1142 0.5180 0.1419 0.1300 0.4206 0.1174 0.2794 0.2547 0.1119 0.4824 0.1660 0.1193 0.5056 0.1264 0.1609 0.3264 0.1127 0.4064 0.2018 0.1157
0.1942 0.4048 0.1127 0.3276 0.1601 0.1265 0.5063 0.1192 0.1665 0.4816 0.1119 0.2554 0.2777 0.1175 0.4221 0.1298 0.1421 0.5178 0.1142 0.2035 0.4023 0.1128 0.3300 0.1584 0.1269 0.5080 0.1189 0.1676 0.4795 0.1118 0.2583 0.2708 0.1179 0.4271 0.1290 0.1432 0.5168 0.1140 0.2060 0.3963 0.1117 0.4059 0.1070 0.1403 0.2682 0.0941 0.1839 0.1971 0.2553 0.4219 0.3805 0.1166 0.5156 0.1070 0.0729 0.4127 0.2805 0.1480 0.3697 0.3436 0.1123 0.3966 0.2060 0.1140 0.5168 0.1432 0.1290 0.4271 0.1179 0.2708 0.2583 0.1118 0.4795 0.1676 0.1189 0.5080 0.1269 0.1584 0.3300 0.1128 0.4023 0.2035 0.1142 0.5178 0.1421 0.1298 0.4220 0.1175 0.2774 0.2556 0.1119 0.4816 0.1665 0.1192 0.5063 0.1265 0.1600 0.3277 0.1127 0.4049 0.1941
0.3742 0.1134 0.3290 0.1591 0.1267 0.5072 0.1191 0.1670 0.4806 0.1120 0.2565 0.2751 0.1177 0.4240 0.1296 0.1425 0.5175 0.1142 0.2042 0.4007 0.1129 0.3313 0.1576 0.1271 0.5087 0.1189 0.1680 0.4785 0.1119 0.2592 0.2685 0.1180 0.4287 0.1288 0.1435 0.5165 0.1140 0.2067 0.3947 0.1131 0.3335 0.1172 0.4439 0.4196 0.0662 0.2116 0.2710 0.1660 0.3194 0.1143 0.1600 0.4219 0.1082 0.4739 0.4961 0.2760 0.1400 0.4839 0.1110 0.1197 0.3421 0.1127 0.3949 0.2066 0.1139 0.5165 0.1434 0.1288 0.4283 0.1180 0.2690 0.2590 0.1118 0.4788 0.1679 0.1189 0.5086 0.1270 0.1577 0.3310 0.1128 0.4010 0.2041 0.1141 0.5175 0.1424 0.1295 0.4235 0.1176 0.2754 0.2564 0.1119 0.4808 0.1669 0.1191 0.5070 0.1267 0.1592 0.3289 0.1133 0.3744
0.1083 0.3276 0.1585 0.1267 0.5058 0.1165 0.1667 0.4823 0.1096 0.2550 0.2791 0.1170 0.4210 0.1274 0.1424 0.5180 0.1115 0.2035 0.4039 0.1112 0.3285 0.1574 0.1270 0.5072 0.1163 0.1676 0.4804 0.1096 0.2575 0.2729 0.1174 0.4254 0.1267 0.1433 0.5171 0.1114 0.2059 0.3982 0.1114 0.3333 0.1550 0.1308 0.4702 0.3811 0.3101 0.4073 0.1159 0.3234 0.2841 0.2982 0.3906 0.0924 0.1293 0.2275 0.1486 0.5160 0.1049 0.2797 0.1676 0.3179 0.1113 0.3415 0.1129 0.3938 0.2071 0.1139 0.5163 0.1437 0.1286 0.4295 0.1181 0.2673 0.2598 0.1118 0.4781 0.1683 0.1188 0.5091 0.1272 0.1571 0.3319 0.1128 0.3997 0.2047 0.1141 0.5172 0.1427 0.1293 0.4249 0.1177 0.2734 0.2573 0.1119 0.4800 0.1673 0.1190 0.5077 0.1269 0.1584 0.3301 0.1099
0.4171 0.1183 0.1463 0.5169 0.1055 0.2065 0.3976 0.1109 0.3332 0.1479 0.1300 0.5096 0.1082 0.1702 0.4779 0.1068 0.2600 0.2658 0.1186 0.4289 0.1182 0.1464 0.5165 0.1054 0.2077 0.3944 0.1111 0.3363 0.1458 0.1305 0.5114 0.1079 0.1716 0.4751 0.1069 0.2632 0.2577 0.1192 0.4344 0.1173 0.1475 0.5130 0.1079 0.5104 0.0939 0.4496 0.3594 0.1198 0.3563 0.3809 0.4208 0.1755 0.4081 0.2792 0.4148 0.4770 0.0561 0.2354 0.3920 0.1071 0.2857 0.1123 0.3367 0.1131 0.3927 0.2076 0.1138 0.5161 0.1439 0.1284 0.4306 0.1181 0.2656 0.2605 0.1118 0.4774 0.1686 0.1187 0.5096 0.1273 0.1565 0.3330 0.1129 0.3983 0.2053 0.1140 0.5170 0.1430 0.1291 0.4264 0.1178 0.2713 0.2582 0.1118 0.4792 0.1678 0.1189 0.5084 0.1270 0.1579 0.3160
0.1083 0.3276 0.1585 0.1267 0.5057 0.1165 0.1667 0.4824 0.1096 0.2551 0.2789 0.1170 0.4206 0.1275 0.1424 0.5180 0.1115 0.2034 0.4041 0.1112 0.3285 0.1574 0.1270 0.5071 0.1163 0.1676 0.4805 0.1096 0.2574 0.2732 0.1173 0.4252 0.1267 0.1433 0.5171 0.1114 0.2058 0.3984 0.1114 0.3333 0.1547 0.1296 0.5064 0.0670 0.1183 0.4220 0.4062 0.2798 0.4146 0.0764 0.2174 0.3814 0.1073 0.1627 0.3720 0.2635 0.4421 0.1540 0.3685 0.3705 0.1074 0.3185 0.1228 0.3368 0.1131 0.3914 0.2082 0.1138 0.5158 0.1441 0.1283 0.4318 0.1182 0.2639 0.2612 0.1118 0.4767 0.1690 0.1186 0.5101 0.1274 0.1558 0.3341 0.1129 0.3968 0.2060 0.1140 0.5167 0.1433 0.1289 0.4279 0.1180 0.2690 0.2591 0.1118 0.4784 0.1682 0.1188 0.5091 0.1272 0.1573
0.3746 0.1134 0.3290 0.1591 0.1267 0.5071 0.1191 0.1669 0.4807 0.1119 0.2566 0.2748 0.1177 0.4236 0.1296 0.1425 0.5175 0.1142 0.2041 0.4009 0.1129 0.3313 0.1576 0.1271 0.5087 0.1189 0.1680 0.4785 0.1119 0.2591 0.2688 0.1180 0.4285 0.1288 0.1435 0.5165 0.1140 0.2066 0.3950 0.1131 0.3348 0.1329 0.1915 0.5038 0.2822 0.4632 0.3930 0.4061 0.1176 0.1596 0.0949 0.1156 0.2537 0.1162 0.3158 0.2242 0.1844 0.3262 0.3874 0.1102 0.5098 0.1534 0.1344 0.1530 0.3399 0.1131 0.3900 0.2088 0.1138 0.5156 0.1444 0.1281 0.4330 0.1183 0.2621 0.2620 0.1118 0.4760 0.1694 0.1186 0.5107 0.1276 0.1551 0.3355 0.1130 0.3951 0.2067 0.1139 0.5164 0.1436 0.1287 0.4296 0.1181 0.2667 0.2602 0.1118 0.4775 0.1686 0.1187 0.5097 0.1220
0.1941 0.4051 0.1127 0.3275 0.1601 0.1265 0.5062 0.1192 0.1664 0.4817 0.1119 0.2556 0.2774 0.1175 0.4218 0.1298 0.1421 0.5178 0.1142 0.2034 0.4025 0.1127 0.3300 0.1584 0.1269 0.5079 0.1189 0.1676 0.4795 0.1118 0.2581 0.2711 0.1179 0.4269 0.1290 0.1432 0.5168 0.1140 0.2059 0.3966 0.1115 0.4383 0.1307 0.5204 0.1652 0.1147 0.3755 0.1880 0.0957 0.4710 0.2314 0.3959 0.1369 0.3506 0.1531 0.2391 0.3574 0.3618 0.3396 0.4743 0.1289 0.1497 0.5187 0.1288 0.1495 0.3395 0.1114 0.3904 0.2094 0.1098 0.5157 0.1451 0.1241 0.4326 0.1181 0.2619 0.2620 0.1087 0.4762 0.1703 0.1143 0.5107 0.1282 0.1519 0.3354 0.1112 0.3951 0.2075 0.1099 0.5164 0.1444 0.1246 0.4295 0.1178 0.2660 0.2604 0.1087 0.4772 0.1699 0.1146 0.4930
0.1157 0.2018 0.4065 0.1127 0.3263 0.1610 0.1264 0.5055 0.1193 0.1660 0.4825 0.1119 0.2547 0.2795 0.1174 0.4205 0.1300 0.1418 0.5180 0.1142 0.2029 0.4037 0.1127 0.3290 0.1590 0.1267 0.5073 0.1190 0.1672 0.4801 0.1118 0.2574 0.2727 0.1178 0.4258 0.1292 0.1430 0.5170 0.1140 0.2055 0.3900 0.1341 0.2454 0.3419 0.1307 0.1451 0.1916 0.3938 0.1971 0.1242 0.4616 0.3494 0.4520 0.1130 0.1545 0.1647 0.4062 0.2594 0.1861 0.1895 0.3036 0.2295 0.1064 0.4977 0.1595 0.1114 0.4843 0.1248 0.1820 0.3010 0.1089 0.4361 0.1898 0.1063 0.5211 0.1383 0.1272 0.3858 0.1148 0.3290 0.2342 0.1059 0.5000 0.1582 0.1119 0.4804 0.1243 0.1873 0.2978 0.1087 0.4394 0.1884 0.1064 0.5211 0.1378 0.1279 0.3834 0.1146 0.3296 0.2352 0.1051
0.4997 0.1149 0.2012 0.4078 0.1126 0.3250 0.1619 0.1262 0.5047 0.1194 0.1656 0.4833 0.1119 0.2538 0.2816 0.1173 0.4191 0.1303 0.1416 0.5182 0.1143 0.2024 0.4048 0.1127 0.3280 0.1597 0.1266 0.5068 0.1191 0.1669 0.4808 0.1118 0.2567 0.2745 0.1177 0.4246 0.1293 0.1427 0.5172 0.1141 0.2042 0.3758 0.1455 0.4640 0.3337 0.3354 0.2842 0.2317 0.4517 0.3481 0.4915 0.2318 0.3080 0.5568 0.0734 0.3467 0.2059 0.1340 0.3549 0.1349 0.2134 0.1125 0.5179 0.1422 0.1285 0.4208 0.1170 0.2799 0.2546 0.1104 0.4829 0.1660 0.1178 0.5047 0.1263 0.1610 0.3248 0.1116 0.4087 0.2011 0.1128 0.5188 0.1411 0.1294 0.4153 0.1166 0.2872 0.2516 0.1105 0.4855 0.1647 0.1181 0.5024 0.1259 0.1634 0.3219 0.1115 0.4115 0.2001 0.1133 0.5002
