-24.3994 -46.1735 31.3222 -31.1706 -48.1127 -14.0267 -37.2924 -0.4421 -23.8792 -43.4390 23.6339 -28.7771 -48.6244 5.3332 -34.2129 -30.5840 -21.0747 -40.6868 14.7687 -26.5446 -47.0071 31.3656 -31.9691 -46.5682 -16.4535 -38.1166 4.7501 -24.5235 -44.3757 26.6528 -29.5599 -48.7660 -4.8619 -35.2529 -19.4258 -22.1723 -41.5959 17.6965 -27.2690 -47.7364 27.8006 -32.7733 -43.5823 -18.3193 -38.9578 8.2979 -30.3561 -7.1409 -36.3550 -10.5841 -48.7262 -30.3626 29.4103 -45.2952 -25.1755 8.6079 -38.9539 -18.3197 -43.5669 -32.7753 27.7989 -47.7361 -27.2664 17.6976 -41.5953 -22.1693 -19.4922 -35.2495 -4.8643 -48.7660 -29.5618 26.6499 -44.3747 -24.5252 4.7528 -38.1174 -16.4535 -46.5683 -31.9722 31.3676 -47.0067 -26.5465 14.7705 -40.6876 -21.0747 -30.5846 -34.2174 5.3475 -48.6263 -28.7792 23.6359 -43.4399 -23.8769 -0.4404 -37.2928 -14.0267 -48.1127 -31.1706 31.3222 -46.1735 -24.3994
-46.1735 32.5990 -31.4917 -47.8442 -12.4606 -36.3736 0.3878 -25.5816 -43.2343 23.3035 -29.5849 -48.8606 19.3182 -33.4809 -28.6355 -22.3853 -40.1991 14.6156 -27.7518 -47.1010 34.5128 -32.0715 -46.0617 -16.1070 -37.3092 5.1473 -26.1053 -44.2531 26.4665 -30.2153 -48.8201 4.1826 -34.1529 -17.2294 -23.7423 -41.2046 17.4419 -28.3481 -47.8889 34.3179 -32.6405 -42.6955 -18.7395 -38.2563 8.7723 -26.8531 -46.7902 -25.4186 -6.6924 -35.3043 -6.6058 -48.6324 -30.8542 29.6478 -45.2535 -26.6302 8.7524 -38.2574 -18.7459 -42.6830 -32.6449 34.3189 -47.8862 -28.3458 17.4420 -41.2051 -23.7369 -17.2719 -34.1515 4.1832 -48.8202 -30.2178 26.4636 -44.2564 -26.1070 5.1498 -37.3092 -16.1069 -46.0610 -32.0757 34.5116 -47.1041 -27.7542 14.6173 -40.1990 -22.3853 -28.6325 -33.4876 19.3308 -48.8622 -29.5880 23.3055 -43.2311 -25.5805 0.3896 -36.3736 -12.4606 -47.8442 -31.4917 32.5990 -46.1735
31.3222 -31.4917 -47.8640 -12.3297 -36.3380 0.1599 -25.5372 -43.1866 23.1611 -29.6779 -48.8520 20.0884 -33.8971 -29.1291 -22.3145 -40.1496 14.4847 -27.7712 -47.0588 34.4677 -32.3089 -46.1800 -15.9525 -37.2630 4.9600 -26.0692 -44.2027 26.3085 -30.3383 -48.8346 4.9582 -34.2014 -17.8501 -23.6843 -41.1545 17.3028 -28.3893 -47.8535 34.4290 -32.9233 -42.9083 -18.6283 -38.2121 8.5884 -26.6081 -44.9836 35.3914 -41.9810 -24.7627 -7.0909 -35.2457 -6.1914 -48.6501 -31.0109 29.4952 -45.2043 -26.6119 8.5906 -38.2097 -18.6362 -42.8966 -32.9296 34.4351 -47.8506 -28.3868 17.3021 -41.1548 -23.6805 -17.8505 -34.2019 4.9552 -48.8345 -30.3362 26.3162 -44.2068 -26.0709 4.9600 -37.2633 -15.9534 -46.1814 -32.3064 34.4698 -47.0623 -27.7737 14.4848 -40.1499 -22.3153 -29.1349 -33.8942 20.0561 -48.8515 -29.6797 23.1604 -43.1832 -25.5372 0.1599 -36.3380 -12.3297 -47.8640 -31.4917 31.3222
-31.1706 -47.8442 -12.3297 -36.3245 0.0195 -25.5157 -43.1424 23.0265 -29.6508 -48.8423 20.7363 -33.8867 -29.5929 -22.2393 -40.0964 14.3435 -27.7410 -47.0158 34.4017 -32.2832 -46.2895 -15.7981 -37.2133 4.7549 -26.0429 -44.1519 26.1475 -30.3092 -48.8468 5.6876 -34.1917 -18.4439 -23.6202 -41.1069 17.1608 -28.3594 -47.8172 34.5075 -32.8940 -43.1191 -18.5126 -38.1645 8.4348 -26.5863 -45.1719 28.9512 -34.1899 19.9741 -42.1284 -24.7160 -7.5565 -35.1867 -5.8113 -48.6663 -30.9820 29.3376 -45.1550 -26.5856 8.4250 -38.1615 -18.5195 -43.1073 -32.8983 34.5131 -47.8143 -28.3555 17.1602 -41.1038 -23.6193 -18.4378 -34.1944 5.6982 -48.8474 -30.3030 26.1581 -44.1557 -26.0444 4.7559 -37.2164 -15.7963 -46.2993 -32.2751 34.4050 -47.0190 -27.7432 14.3442 -40.0997 -22.2401 -29.6071 -33.8775 20.7018 -48.8411 -29.6511 23.0248 -43.1424 -25.5157 0.0195 -36.3245 -12.3297 -47.8442 -31.1706
-48.1127 -12.4606 -36.3380 0.0195 -25.5068 -43.1151 22.9229 -29.6279 -48.8319 21.2808 -33.8710 -30.0260 -22.1726 -40.0498 14.2021 -27.7121 -46.9733 34.3307 -32.2552 -46.3960 -15.6507 -37.1671 4.5351 -26.0176 -44.1020 25.9876 -30.2788 -48.8577 6.3778 -34.1773 -19.0282 -23.5586 -41.0568 17.0277 -28.3287 -47.7826 34.5753 -32.8651 -43.3229 -18.3954 -38.1173 8.2699 -26.5582 -45.1078 29.2234 -31.4076 -45.9919 -30.1885 19.9139 -42.0754 -24.6674 -8.0259 -35.1251 -5.4251 -48.6815 -30.9500 29.1824 -45.1090 -26.5597 8.2597 -38.1137 -18.4014 -43.3204 -32.8672 34.5813 -47.7781 -28.3258 17.0192 -41.0534 -23.5581 -18.9918 -34.1850 6.4434 -48.8591 -30.2717 25.9992 -44.1051 -26.0182 4.5490 -37.1697 -15.6375 -46.4110 -32.2460 34.3351 -46.9760 -27.7130 14.2053 -40.0525 -22.1726 -30.0315 -33.8676 21.2813 -48.8319 -29.6279 22.9229 -43.1151 -25.5068 0.0195 -36.3380 -12.4606 -48.1127
-14.0267 -36.3736 0.1599 -25.5157 -43.1151 22.8822 -29.6155 -48.8240 21.7514 -33.8524 -30.4179 -22.1103 -40.0095 14.0794 -27.6843 -46.9328 34.2559 -32.2251 -46.5007 -15.5000 -37.1212 4.3252 -25.9917 -44.0542 25.8307 -30.2468 -48.8672 7.0771 -34.1625 -19.6195 -23.4970 -41.0067 16.8876 -28.2976 -47.7458 34.6314 -32.8336 -43.5191 -18.2760 -38.0693 8.1046 -26.5309 -45.0591 29.0327 -30.8950 -48.7275 -16.3745 -47.9768 -28.9310 19.7612 -42.0217 -24.6185 -8.5295 -35.0646 -5.0188 -48.6960 -30.9156 29.0353 -45.0630 -26.5337 8.0922 -38.0668 -18.2775 -43.5191 -32.8379 34.6393 -47.7435 -28.2972 16.8782 -41.0027 -23.4985 -19.5826 -34.1713 7.1813 -48.8687 -30.2416 25.8405 -44.0545 -25.9919 4.3369 -37.1212 -15.4788 -46.5139 -32.2197 34.2602 -46.9329 -27.6844 14.0810 -40.0095 -22.1103 -30.4179 -33.8524 21.7514 -48.8240 -29.6155 22.8822 -43.1151 -25.5157 0.1599 -36.3736 -14.0267
-37.2924 0.3878 -25.5372 -43.1424 22.9229 -29.6155 -48.8215 22.0088 -33.8381 -30.7613 -22.0495 -39.9699 13.9666 -27.6589 -46.8943 34.1861 -32.1970 -46.6028 -15.3478 -37.0778 4.1249 -25.9660 -44.0036 25.6808 -30.2127 -48.8762 7.7948 -34.1477 -20.2092 -23.4338 -40.9592 16.7477 -28.2678 -47.7086 34.6825 -32.8046 -43.7113 -18.1564 -38.0192 7.9349 -26.5047 -45.0102 28.8758 -30.8869 -48.7054 -3.1708 -36.4922 32.3771 -48.3907 -28.9060 19.6078 -41.9709 -24.5675 -9.0162 -35.0048 -4.5750 -48.7088 -30.8810 28.8879 -45.0162 -26.5067 7.9263 -38.0221 -18.1568 -43.7113 -32.8063 34.6854 -47.7086 -28.2682 16.7366 -40.9530 -23.4357 -20.2054 -34.1548 7.8908 -48.8769 -30.2115 25.6818 -44.0036 -25.9660 4.1250 -37.0778 -15.3352 -46.6086 -32.1969 34.1861 -46.8944 -27.6589 13.9666 -39.9699 -22.0495 -30.7613 -33.8381 22.0088 -48.8215 -29.6155 22.9229 -43.1424 -25.5372 0.3896 -37.2928
-0.4421 -25.5816 -43.1866 23.0265 -29.6279 -48.8240 22.0088 -33.8341 -30.9502 -22.0038 -39.9342 13.8557 -27.6349 -46.8588 34.1186 -32.1729 -46.6932 -15.2023 -37.0401 3.9359 -25.9416 -43.9534 25.5216 -30.1794 -48.8840 8.5635 -34.1357 -20.7902 -23.3691 -40.9086 16.6149 -28.2373 -47.6729 34.7247 -32.7770 -43.8963 -18.0346 -37.9716 7.7559 -26.4790 -44.9640 28.7194 -30.8523 -48.7197 -4.2536 -34.9707 4.5664 -34.2229 31.8019 -48.3496 -28.8740 19.4629 -41.9201 -24.5176 -9.5123 -34.9451 -4.1187 -48.7203 -30.8464 28.7383 -44.9667 -26.4794 7.7663 -37.9748 -18.0350 -43.8986 -32.7744 34.7240 -47.6729 -28.2380 16.5977 -40.9055 -23.3692 -20.7896 -34.1395 8.6081 -48.8841 -30.1810 25.5225 -43.9532 -25.9417 3.9359 -37.0401 -15.2005 -46.6932 -32.1729 34.1186 -46.8588 -27.6349 13.8557 -39.9342 -22.0038 -30.9502 -33.8341 22.0088 -48.8240 -29.6279 23.0248 -43.1832 -25.5805 -0.4404
-23.8792 -43.2343 23.1611 -29.6508 -48.8319 21.7514 -33.8381 -30.9502 -21.9882 -39.9145 13.7730 -27.6130 -46.8241 34.0493 -32.1474 -46.7744 -15.0659 -37.0032 3.7592 -25.9192 -43.9086 25.3738 -30.1504 -48.8897 9.3322 -34.1249 -21.3724 -23.3047 -40.8553 16.4736 -28.2064 -47.6350 34.7564 -32.7469 -44.0686 -17.9126 -37.9243 7.5839 -26.4531 -44.9177 28.5713 -30.8177 -48.7296 -3.6714 -34.8704 -11.4451 -28.6707 -39.6197 -33.2997 32.0851 -48.3216 -28.8422 19.3181 -41.8693 -24.4670 -10.0116 -34.8876 -3.6438 -48.7302 -30.8129 28.5800 -44.9175 -26.4520 7.5955 -37.9275 -17.9115 -44.0816 -32.7428 34.7557 -47.6348 -28.2067 16.4650 -40.8553 -23.3049 -21.3695 -34.1252 9.3338 -48.8899 -30.1518 25.3738 -43.9086 -25.9192 3.7592 -37.0032 -15.0659 -46.7744 -32.1474 34.0493 -46.8241 -27.6130 13.7730 -39.9145 -21.9882 -30.9502 -33.8381 21.7514 -48.8319 -29.6511 23.1604 -43.2311 -23.8769
-43.4390 23.3035 -29.6779 -48.8423 21.2808 -33.8524 -30.7613 -22.0038 -39.9145 13.7448 -27.6011 -46.7980 33.9846 -32.1206 -46.8534 -14.9293 -36.9664 3.5817 -25.8983 -43.8674 25.2454 -30.1242 -48.8941 10.0256 -34.1166 -21.9178 -23.2432 -40.8053 16.3247 -28.1771 -47.5968 34.7826 -32.7174 -44.2461 -17.7942 -37.8771 7.4114 -26.4262 -44.8707 28.4230 -30.7832 -48.7382 -3.1888 -34.8249 -10.4211 -24.4234 -43.0901 -20.1884 -39.6010 -33.2846 32.3315 -48.2923 -28.8102 19.1736 -41.8185 -24.4161 -10.4906 -34.8309 -3.1527 -48.7388 -30.7799 28.4223 -44.8678 -26.4247 7.4229 -37.8798 -17.7856 -44.2578 -32.7130 34.7817 -47.5966 -28.1757 16.3239 -40.8056 -23.2434 -21.9153 -34.1166 10.0262 -48.8942 -30.1241 25.2454 -43.8674 -25.8983 3.5817 -36.9664 -14.9293 -46.8534 -32.1206 33.9846 -46.7980 -27.6011 13.7448 -39.9145 -22.0038 -30.7613 -33.8524 21.2813 -48.8411 -29.6797 23.3055 -43.4399
23.6339 -29.5849 -48.8520 20.7363 -33.8710 -30.4179 -22.0495 -39.9342 13.7730 -27.6011 -46.7892 33.9479 -32.1002 -46.9228 -14.7930 -36.9296 3.4018 -25.8776 -43.8269 25.1192 -30.0975 -48.8973 10.6631 -34.1088 -22.3873 -23.1860 -40.7612 16.1928 -28.1491 -47.5603 34.8006 -32.6893 -44.4169 -17.6676 -37.8297 7.2370 -26.3991 -44.8210 28.2727 -30.7486 -48.7453 -2.6831 -34.7657 -11.0512 -24.3682 -41.6116 25.6678 -38.7186 -19.9325 -39.9206 -33.2568 32.5653 -48.2622 -28.7780 19.0294 -41.7678 -24.3666 -10.9776 -34.7734 -2.6429 -48.7457 -30.7485 28.2634 -44.8180 -26.3973 7.2470 -37.8302 -17.6594 -44.4302 -32.6849 34.8000 -47.5595 -28.1478 16.1927 -40.7612 -23.1862 -22.3873 -34.1088 10.6631 -48.8973 -30.0975 25.1192 -43.8269 -25.8776 3.4018 -36.9296 -14.7930 -46.9228 -32.1002 33.9479 -46.7892 -27.6011 13.7730 -39.9342 -22.0495 -30.4179 -33.8676 20.7018 -48.8515 -29.5880 23.6359
-28.7771 -48.8606 20.0884 -33.8867 -30.0260 -22.1103 -39.9699 13.8557 -27.6130 -46.7980 33.9479 -32.0938 -46.9606 -14.6899 -36.8966 3.2224 -25.8570 -43.7863 24.9932 -30.0709 -48.8998 11.2918 -34.0978 -22.8467 -23.1329 -40.7205 16.0787 -28.1230 -47.5258 34.8100 -32.6624 -44.5751 -17.5407 -37.7834 7.0600 -26.3717 -44.7715 28.1136 -30.7150 -48.7511 -2.1607 -34.7084 -11.5425 -24.3114 -41.7279 18.4967 -32.7021 10.1954 -38.7470 -19.8232 -40.1987 -33.2328 32.7876 -48.2313 -28.7461 18.8857 -41.7173 -24.3163 -11.4776 -34.7132 -2.1267 -48.7511 -30.7186 28.1041 -44.7678 -26.3703 7.0622 -37.7834 -17.5379 -44.5879 -32.6604 34.8100 -47.5253 -28.1230 16.0787 -40.7205 -23.1329 -22.8467 -34.0978 11.2918 -48.8998 -30.0709 24.9932 -43.7863 -25.8570 3.2224 -36.8966 -14.6899 -46.9606 -32.0938 33.9479 -46.7980 -27.6130 13.8557 -39.9699 -22.1103 -30.0315 -33.8775 20.0561 -48.8622 -28.7792
-48.6244 19.3182 -33.8971 -29.5929 -22.1726 -40.0095 13.9666 -27.6349 -46.8241 33.9846 -32.1002 -46.9606 -14.6546 -36.8783 3.0870 -25.8386 -43.7463 24.8674 -30.0443 -48.9015 11.9209 -34.0864 -23.3035 -23.0794 -40.6804 15.9666 -28.0982 -47.4937 34.8137 -32.6378 -44.7193 -17.4256 -37.7420 6.8942 -26.3435 -44.7210 27.9554 -30.6820 -48.7555 -1.6209 -34.6507 -12.0444 -24.2605 -41.6660 18.7724 -29.0442 -48.7999 -27.7907 10.2004 -38.6936 -19.7228 -40.4537 -33.2099 32.9971 -48.2002 -28.7145 18.7429 -41.6663 -24.2649 -12.0137 -34.6518 -1.6246 -48.7552 -30.6882 27.9437 -44.7185 -26.3442 6.8951 -37.7418 -17.4243 -44.7212 -32.6378 34.8137 -47.4937 -28.0982 15.9666 -40.6804 -23.0794 -23.3035 -34.0864 11.9209 -48.9015 -30.0443 24.8674 -43.7463 -25.8386 3.0870 -36.8783 -14.6546 -46.9606 -32.1002 33.9846 -46.8241 -27.6349 13.9666 -40.0095 -22.1726 -29.6071 -33.8942 19.3308 -48.6263
5.3332 -33.4809 -29.1291 -22.2393 -40.0498 14.0794 -27.6589 -46.8588 34.0493 -32.1206 -46.9228 -14.6899 -36.8783 3.0406 -25.8283 -43.7164 24.7542 -30.0173 -48.9024 12.5495 -34.0748 -23.7574 -23.0255 -40.6403 15.8545 -28.0736 -47.4620 34.8124 -32.6135 -44.8493 -17.3188 -37.7036 6.7484 -26.3182 -44.6707 27.7949 -30.6519 -48.7585 -1.0611 -34.5922 -12.5525 -24.2089 -41.6159 18.5979 -28.6676 -47.7770 12.8619 -45.0460 -26.8682 10.0287 -38.6430 -19.6273 -40.7064 -33.1843 33.1917 -48.1690 -28.6842 18.5986 -41.6153 -24.2112 -12.5546 -34.5898 -1.1039 -48.7582 -30.6560 27.7851 -44.6718 -26.3191 6.7484 -37.7037 -17.3188 -44.8493 -32.6135 34.8124 -47.4620 -28.0736 15.8545 -40.6403 -23.0255 -23.7574 -34.0748 12.5495 -48.9024 -30.0173 24.7542 -43.7164 -25.8283 3.0406 -36.8783 -14.6899 -46.9228 -32.1206 34.0493 -46.8588 -27.6589 14.0810 -40.0525 -22.2401 -29.1349 -33.4876 5.3475
-34.2129 -28.6355 -22.3145 -40.0964 14.2021 -27.6843 -46.8943 34.1186 -32.1474 -46.8534 -14.7930 -36.8966 3.0870 -25.8283 -43.7062 24.6914 -29.9969 -48.9016 13.1660 -34.0629 -24.2083 -22.9711 -40.6003 15.7425 -28.0489 -47.4301 34.8065 -32.5892 -44.9746 -17.2121 -37.6661 6.6034 -26.2962 -44.6270 27.6449 -30.6261 -48.7600 -0.5218 -34.5348 -13.0704 -24.1576 -41.5655 18.4565 -28.6519 -48.1576 33.9678 -35.2263 30.7100 -45.6119 -26.8435 9.8671 -38.5951 -19.5302 -40.9693 -33.1569 33.3712 -48.1386 -28.6532 18.4547 -41.5652 -24.1581 -13.0791 -34.5327 -0.5685 -48.7600 -30.6261 27.6449 -44.6275 -26.2962 6.6034 -37.6661 -17.2121 -44.9746 -32.5892 34.8065 -47.4301 -28.0489 15.7425 -40.6003 -22.9711 -24.2083 -34.0629 13.1660 -48.9016 -29.9969 24.6914 -43.7062 -25.8283 3.0870 -36.8966 -14.7930 -46.8534 -32.1474 34.1186 -46.8944 -27.6844 14.2053 -40.0997 -22.3153 -28.6325 -34.2174
-30.5840 -22.3853 -40.1496 14.3435 -27.7121 -46.9328 34.1861 -32.1729 -46.7744 -14.9293 -36.9296 3.2224 -25.8386 -43.7164 24.6914 -29.9902 -48.9014 13.6244 -34.0491 -24.6487 -22.9162 -40.5603 15.6304 -28.0243 -47.3979 34.7962 -32.5648 -45.0970 -17.1042 -37.6286 6.4573 -26.2747 -44.5869 27.5152 -30.6001 -48.7606 -0.0431 -34.4818 -13.5603 -24.1092 -41.5207 18.3220 -28.6218 -48.1028 33.5000 -33.6101 -23.4782 -32.6266 30.6194 -45.5584 -26.8165 9.7129 -38.5500 -19.4262 -41.2261 -33.1267 33.5309 -48.1056 -28.6222 18.3213 -41.5207 -24.1094 -13.5661 -34.4818 -0.0503 -48.7606 -30.6001 27.5152 -44.5869 -26.2747 6.4573 -37.6286 -17.1042 -45.0970 -32.5648 34.7962 -47.3979 -28.0243 15.6304 -40.5603 -22.9162 -24.6487 -34.0491 13.6244 -48.9014 -29.9902 24.6914 -43.7164 -25.8386 3.2224 -36.9296 -14.9293 -46.7744 -32.1729 34.1861 -46.9329 -27.7130 14.3442 -40.1499 -22.3853 -30.5846
-21.0747 -40.1991 14.4847 -27.7410 -46.9733 34.2559 -32.1970 -46.6932 -15.0659 -36.9664 3.4018 -25.8570 -43.7463 24.7542 -29.9969 -48.9014 13.7803 -34.0429 -24.9751 -22.8664 -40.5210 15.5184 -27.9997 -47.3656 34.7816 -32.5403 -45.2167 -16.9950 -37.5911 6.3098 -26.2532 -44.5468 27.3875 -30.5734 -48.7603 0.4392 -34.4316 -14.0162 -24.0640 -41.4796 18.2054 -28.5949 -48.0751 33.6928 -33.0765 -42.1169 -24.3229 -48.5285 -31.2137 30.4612 -45.5132 -26.7887 9.5668 -38.5053 -19.3207 -41.4781 -33.0985 33.6809 -48.0745 -28.5946 18.2054 -41.4796 -24.0640 -14.0162 -34.4316 0.4392 -48.7603 -30.5734 27.3875 -44.5468 -26.2532 6.3098 -37.5911 -16.9950 -45.2167 -32.5403 34.7816 -47.3656 -27.9997 15.5184 -40.5210 -22.8664 -24.9751 -34.0429 13.7803 -48.9014 -29.9969 24.7542 -43.7463 -25.8570 3.4018 -36.9664 -15.0659 -46.6932 -32.1969 34.2602 -46.9760 -27.7432 14.4848 -40.1990 -21.0747
-40.6868 14.6156 -27.7712 -47.0158 34.3307 -32.2251 -46.6028 -15.2023 -37.0032 3.5817 -25.8776 -43.7863 24.8674 -30.0173 -48.9016 13.6244 -34.0429 -25.0858 -22.8387 -40.4916 15.4175 -27.9752 -47.3330 34.7628 -32.5157 -45.3336 -16.8844 -37.5537 6.1610 -26.2317 -44.5067 27.2597 -30.5466 -48.7592 0.9329 -34.3812 -14.4693 -24.0188 -41.4391 18.0915 -28.5692 -48.0475 33.8103 -33.0815 -41.6431 -18.9950 -39.2826 -7.6590 -48.5258 -31.1884 30.3185 -45.4647 -26.7610 9.4205 -38.4605 -19.2190 -41.7078 -33.0762 33.8103 -48.0475 -28.5692 18.0915 -41.4391 -24.0188 -14.4693 -34.3812 0.9329 -48.7592 -30.5466 27.2597 -44.5067 -26.2317 6.1610 -37.5537 -16.8844 -45.3336 -32.5157 34.7628 -47.3330 -27.9752 15.4175 -40.4916 -22.8387 -25.0858 -34.0429 13.6244 -48.9016 -30.0173 24.8674 -43.7863 -25.8776 3.5817 -37.0032 -15.2005 -46.6086 -32.2197 34.3351 -47.0190 -27.7737 14.6173 -40.6876
14.7687 -27.7518 -47.0588 34.4017 -32.2552 -46.5007 -15.3478 -37.0401 3.7592 -25.8983 -43.8269 24.9932 -30.0443 -48.9024 13.1660 -34.0491 -24.9751 -22.8387 -40.4817 15.3615 -27.9569 -47.3033 34.7401 -32.4911 -45.4478 -16.7725 -37.5163 6.0108 -26.2103 -44.4665 27.1320 -30.5199 -48.7574 1.4379 -34.3307 -14.9256 -23.9733 -41.3986 17.9776 -28.5439 -48.0205 33.9207 -33.0556 -41.9052 -19.1505 -38.3020 15.5613 -35.5619 -7.8650 -48.5553 -31.1542 30.1740 -45.4189 -26.7365 9.2817 -38.4184 -19.1247 -41.9020 -33.0556 33.9207 -48.0205 -28.5439 17.9776 -41.3986 -23.9733 -14.9256 -34.3307 1.4379 -48.7574 -30.5199 27.1320 -44.4665 -26.2103 6.0108 -37.5163 -16.7725 -45.4478 -32.4911 34.7401 -47.3033 -27.9569 15.3615 -40.4817 -22.8387 -24.9751 -34.0491 13.1660 -48.9024 -30.0443 24.9932 -43.8269 -25.8983 3.7592 -37.0401 -15.3352 -46.5139 -32.2460 34.4050 -47.0623 -27.7542 14.7705
-26.5446 -47.1010 34.4677 -32.2832 -46.3960 -15.5000 -37.0778 3.9359 -25.9192 -43.8674 25.1192 -30.0709 -48.9015 12.5495 -34.0629 -24.6487 -22.8664 -40.4916 15.3615 -27.9508 -47.2868 34.7207 -32.4671 -45.5577 -16.6593 -37.4789 5.8590 -26.1890 -44.4263 27.0042 -30.4932 -48.7612 1.9541 -34.2800 -15.3848 -23.9272 -41.3582 17.8640 -28.5187 -47.9931 34.0238 -33.0330 -42.0894 -19.0362 -38.3911 8.7260 -31.1577 -6.0437 -35.4389 -7.4923 -48.5785 -31.1263 30.0396 -45.3791 -26.7140 9.1531 -38.3796 -19.0373 -42.0894 -33.0330 34.0238 -47.9931 -28.5187 17.8640 -41.3582 -23.9272 -15.3848 -34.2800 1.9541 -48.7612 -30.4932 27.0042 -44.4263 -26.1890 5.8590 -37.4789 -16.6593 -45.5577 -32.4671 34.7207 -47.2868 -27.9508 15.3615 -40.4916 -22.8664 -24.6487 -34.0629 12.5495 -48.9015 -30.0709 25.1192 -43.8674 -25.9192 3.9359 -37.0778 -15.4788 -46.4110 -32.2751 34.4698 -47.1041 -26.5465
-47.0071 34.5128 -32.3089 -46.2895 -15.6507 -37.1212 4.1249 -25.9416 -43.9086 25.2454 -30.0975 -48.8998 11.9209 -34.0748 -24.2083 -22.9162 -40.5210 15.4175 -27.9569 -47.2868 34.7136 -32.4547 -45.6380 -16.5561 -37.4423 5.7058 -26.1677 -44.3861 26.8766 -30.4665 -48.7739 2.4814 -34.2440 -15.8466 -23.8808 -41.3177 17.7505 -28.4934 -47.9655 34.1198 -33.0103 -42.2730 -18.9491 -38.3409 9.0683 -26.8803 -46.7269 -25.3941 -5.9928 -35.3905 -7.1770 -48.5975 -31.1006 29.9160 -45.3400 -26.6916 9.0256 -38.3414 -18.9491 -42.2730 -33.0103 34.1198 -47.9655 -28.4934 17.7505 -41.3177 -23.8808 -15.8466 -34.2440 2.4814 -48.7739 -30.4665 26.8766 -44.3861 -26.1677 5.7058 -37.4423 -16.5561 -45.6380 -32.4547 34.7136 -47.2868 -27.9569 15.4175 -40.5210 -22.9162 -24.2083 -34.0748 11.9209 -48.8998 -30.0975 25.2454 -43.9086 -25.9417 4.1250 -37.1212 -15.6375 -46.2993 -32.3064 34.5116 -47.0067
31.3656 -32.0715 -46.1800 -15.7981 -37.1671 4.3252 -25.9660 -43.9534 25.3738 -30.1242 -48.8973 11.2918 -34.0864 -23.7574 -22.9711 -40.5603 15.5184 -27.9752 -47.3033 34.7207 -32.4547 -45.6650 -16.4983 -37.4150 5.5665 -26.1468 -44.3459 26.7489 -30.4398 -48.7889 3.0194 -34.2301 -16.3106 -23.8338 -41.2773 17.6370 -28.4682 -47.9375 34.2088 -32.9875 -42.4529 -18.8600 -38.3032 8.8952 -26.6648 -45.0767 35.4128 -42.0156 -24.8335 -6.3953 -35.3431 -6.8786 -48.6150 -31.0740 29.7921 -45.3008 -26.6692 8.8974 -38.3032 -18.8600 -42.4529 -32.9875 34.2088 -47.9375 -28.4682 17.6370 -41.2773 -23.8338 -16.3106 -34.2301 3.0194 -48.7889 -30.4398 26.7489 -44.3459 -26.1468 5.5665 -37.4150 -16.4983 -45.6650 -32.4547 34.7207 -47.3033 -27.9752 15.5184 -40.5603 -22.9711 -23.7574 -34.0864 11.2918 -48.8973 -30.1241 25.3738 -43.9532 -25.9660 4.3369 -37.1697 -15.7963 -46.1814 -32.0757 31.3676
-31.9691 -46.0617 -15.9525 -37.2133 4.5351 -25.9917 -44.0036 25.5216 -30.1504 -48.8941 10.6631 -34.0978 -23.3035 -23.0255 -40.6003 15.6304 -27.9997 -47.3330 34.7401 -32.4671 -45.6380 -16.4983 -37.4057 5.4886 -26.1313 -44.3095 26.6233 -30.4130 -48.8028 3.5680 -34.2234 -16.7764 -23.7865 -41.2370 17.5238 -28.4431 -47.9094 34.2911 -32.9646 -42.6292 -18.7700 -38.2650 8.7684 -26.6477 -45.2786 29.2756 -34.2211 20.1395 -42.2102 -24.7944 -6.7456 -35.2966 -6.5726 -48.6315 -31.0474 29.6678 -45.2616 -26.6469 8.7684 -38.2650 -18.7700 -42.6292 -32.9646 34.2911 -47.9094 -28.4431 17.5238 -41.2370 -23.7865 -16.7764 -34.2234 3.5680 -48.8028 -30.4130 26.6233 -44.3095 -26.1313 5.4886 -37.4057 -16.4983 -45.6380 -32.4671 34.7401 -47.3330 -27.9997 15.6304 -40.6003 -23.0255 -23.3035 -34.0978 10.6631 -48.8942 -30.1518 25.5225 -44.0036 -25.9919 4.5490 -37.2164 -15.9534 -46.0610 -31.9722
-46.5682 -16.1070 -37.2630 4.7549 -26.0176 -44.0542 25.6808 -30.1794 -48.8897 10.0256 -34.1088 -22.8467 -23.0794 -40.6403 15.7425 -28.0243 -47.3656 34.7628 -32.4911 -45.5577 -16.5561 -37.4150 5.4886 -26.1260 -44.2893 26.5297 -30.3880 -48.8143 4.1268 -34.2163 -17.2437 -23.7387 -41.1966 17.4106 -28.4179 -47.8809 34.3668 -32.9416 -42.8019 -18.6791 -38.2269 8.6386 -26.6247 -45.2213 29.5835 -31.4745 -45.7953 -30.2461 20.1585 -42.1632 -24.7572 -7.1048 -35.2500 -6.2588 -48.6469 -31.0207 29.5430 -45.2223 -26.6247 8.6386 -38.2269 -18.6791 -42.8019 -32.9416 34.3668 -47.8809 -28.4179 17.4106 -41.1966 -23.7387 -17.2437 -34.2163 4.1268 -48.8143 -30.3880 26.5297 -44.2893 -26.1260 5.4886 -37.4150 -16.5561 -45.5577 -32.4911 34.7628 -47.3656 -28.0243 15.7425 -40.6403 -23.0794 -22.8467 -34.1088 10.0262 -48.8899 -30.1810 25.6818 -44.0545 -26.0182 4.7559 -37.2633 -16.1069 -46.5683
-16.4535 -37.3092 4.9600 -26.0429 -44.1020 25.8307 -30.2127 -48.8840 9.3322 -34.1166 -22.3873 -23.1329 -40.6804 15.8545 -28.0489 -47.3979 34.7816 -32.5157 -45.4478 -16.6593 -37.4423 5.5665 -26.1313 -44.2893 26.4978 -30.3746 -48.8221 4.6380 -34.2058 -17.7123 -23.6905 -41.1562 17.2976 -28.3928 -47.8522 34.4359 -32.9184 -42.9710 -18.5872 -38.1889 8.5080 -26.6024 -45.1830 29.4160 -30.9730 -48.7018 -16.6827 -48.0325 -28.9915 20.0323 -42.1225 -24.7196 -7.4701 -35.2030 -5.9369 -48.6612 -30.9940 29.4180 -45.1830 -26.6024 8.5080 -38.1889 -18.5872 -42.9710 -32.9184 34.4359 -47.8522 -28.3928 17.2976 -41.1562 -23.6905 -17.7123 -34.2058 4.6380 -48.8221 -30.3746 26.4978 -44.2893 -26.1313 5.5665 -37.4423 -16.6593 -45.4478 -32.5157 34.7816 -47.3979 -28.0489 15.8545 -40.6804 -23.1329 -22.3873 -34.1166 9.3338 -48.8841 -30.2115 25.8405 -44.1051 -26.0444 4.9600 -37.3092 -16.4535
-38.1166 5.1473 -26.0692 -44.1519 25.9876 -30.2468 -48.8762 8.5635 -34.1249 -21.9178 -23.1860 -40.7205 15.9666 -28.0736 -47.4301 34.7962 -32.5403 -45.3336 -16.7725 -37.4789 5.7058 -26.1468 -44.3095 26.5297 -30.3746 -48.8250 4.9252 -34.1971 -18.1350 -23.6426 -41.1159 17.1846 -28.3678 -47.8232 34.4988 -32.8952 -43.1367 -18.4945 -38.1508 8.3766 -26.5803 -45.1436 29.2926 -30.9699 -48.6702 -4.3226 -36.5764 31.8683 -48.4450 -28.9737 19.9154 -42.0818 -24.6816 -7.8416 -35.1559 -5.6066 -48.6745 -30.9674 29.2926 -45.1436 -26.5803 8.3766 -38.1508 -18.4945 -43.1367 -32.8952 34.4988 -47.8232 -28.3678 17.1846 -41.1159 -23.6426 -18.1350 -34.1971 4.9252 -48.8250 -30.3746 26.5297 -44.3095 -26.1468 5.7058 -37.4789 -16.7725 -45.3336 -32.5403 34.7962 -47.4301 -28.0736 15.9666 -40.7205 -23.1862 -21.9153 -34.1252 8.6081 -48.8769 -30.2416 25.9992 -44.1557 -26.0709 5.1498 -38.1174
4.7501 -26.1053 -44.2027 26.1475 -30.2788 -48.8672 7.7948 -34.1357 -21.3724 -23.2432 -40.7612 16.0787 -28.0982 -47.4620 34.8065 -32.5648 -45.2167 -16.8844 -37.5163 5.8590 -26.1677 -44.3459 26.6233 -30.3880 -48.8221 4.9252 -34.1951 -18.3698 -23.6067 -41.0796 17.0736 -28.3427 -47.7939 34.5555 -32.8719 -43.2989 -18.4008 -38.1128 8.2443 -26.5581 -45.1041 29.1669 -30.9407 -48.6870 -5.3878 -35.1164 5.0558 -34.2488 31.1927 -48.4109 -28.9479 19.7988 -42.0411 -24.6431 -8.2192 -35.1085 -5.2677 -48.6868 -30.9407 29.1669 -45.1041 -26.5581 8.2443 -38.1128 -18.4008 -43.2989 -32.8719 34.5555 -47.7939 -28.3427 17.0736 -41.0796 -23.6067 -18.3698 -34.1951 4.9252 -48.8221 -30.3880 26.6233 -44.3459 -26.1677 5.8590 -37.5163 -16.8844 -45.2167 -32.5648 34.8065 -47.4620 -28.0982 16.0787 -40.7612 -23.2434 -21.3695 -34.1395 7.8908 -48.8687 -30.2717 26.1581 -44.2068 -26.1070 4.7528
-24.5235 -44.2531 26.3085 -30.3092 -48.8577 7.0771 -34.1477 -20.7902 -23.3047 -40.8053 16.1928 -28.1230 -47.4937 34.8124 -32.5892 -45.0970 -16.9950 -37.5537 6.0108 -26.1890 -44.3861 26.7489 -30.4130 -48.8143 4.6380 -34.1971 -18.3698 -23.5944 -41.0595 16.9909 -28.3197 -47.7645 34.6061 -32.8485 -43.4577 -18.3061 -38.0749 8.1112 -26.5360 -45.0646 29.0409 -30.9140 -48.6981 -4.9135 -35.0519 -9.9265 -28.7849 -38.9722 -33.3617 31.4535 -48.3895 -28.9222 19.6825 -42.0004 -24.6041 -8.6030 -35.0609 -4.9200 -48.6981 -30.9140 29.0409 -45.0646 -26.5360 8.1112 -38.0749 -18.3061 -43.4577 -32.8485 34.6061 -47.7645 -28.3197 16.9909 -41.0595 -23.5944 -18.3698 -34.1971 4.6380 -48.8143 -30.4130 26.7489 -44.3861 -26.1890 6.0108 -37.5537 -16.9950 -45.0970 -32.5892 34.8124 -47.4937 -28.1230 16.1927 -40.8056 -23.3049 -20.7896 -34.1548 7.1813 -48.8591 -30.3030 26.3162 -44.2564 -24.5252
-44.3757 26.4665 -30.3383 -48.8468 6.3778 -34.1625 -20.2092 -23.3691 -40.8553 16.3247 -28.1491 -47.5258 34.8137 -32.6135 -44.9746 -17.1042 -37.5911 6.1610 -26.2103 -44.4263 26.8766 -30.4398 -48.8028 4.1268 -34.2058 -18.1350 -23.6067 -41.0595 16.9627 -28.3073 -47.7423 34.6465 -32.8234 -43.6131 -18.2104 -38.0369 7.9771 -26.5140 -45.0251 28.9146 -30.8873 -48.7084 -4.5631 -35.0147 -8.8617 -24.5830 -43.2321 -20.4245 -38.8752 -33.3557 31.6808 -48.3669 -28.8965 19.5663 -41.9597 -24.5647 -8.9928 -35.0131 -4.5631 -48.7084 -30.8873 28.9146 -45.0251 -26.5140 7.9771 -38.0369 -18.2104 -43.6131 -32.8234 34.6465 -47.7423 -28.3073 16.9627 -41.0595 -23.6067 -18.1350 -34.2058 4.1268 -48.8028 -30.4398 26.8766 -44.4263 -26.2103 6.1610 -37.5911 -17.1042 -44.9746 -32.6135 34.8137 -47.5253 -28.1478 16.3239 -40.8553 -23.3692 -20.2054 -34.1713 6.4434 -48.8474 -30.3362 26.4636 -44.3747
26.6528 -30.2153 -48.8346 5.6876 -34.1773 -19.6195 -23.4338 -40.9086 16.4736 -28.1771 -47.5603 34.8100 -32.6378 -44.8493 -17.2121 -37.6286 6.3098 -26.2317 -44.4665 27.0042 -30.4665 -48.7889 3.5680 -34.2163 -17.7123 -23.6426 -41.0796 16.9909 -28.3073 -47.7349 34.6670 -32.8041 -43.7504 -18.1153 -37.9991 7.8421 -26.4920 -44.9855 28.7881 -30.8606 -48.7177 -4.1968 -34.9650 -9.3952 -24.5316 -41.7649 26.1025 -38.8313 -20.1817 -39.1397 -33.3348 31.8984 -48.3441 -28.8708 19.4503 -41.9191 -24.5248 -9.3885 -34.9650 -4.1968 -48.7177 -30.8606 28.7881 -44.9855 -26.4920 7.8421 -37.9991 -18.1153 -43.7504 -32.8041 34.6670 -47.7349 -28.3073 16.9909 -41.0796 -23.6426 -17.7123 -34.2163 3.5680 -48.7889 -30.4665 27.0042 -44.4665 -26.2317 6.3098 -37.6286 -17.2121 -44.8493 -32.6378 34.8100 -47.5595 -28.1757 16.4650 -40.9055 -23.4357 -19.5826 -34.1850 5.6982 -48.8345 -30.2178 26.6499
-29.5599 -48.8201 4.9582 -34.1917 -19.0282 -23.4970 -40.9592 16.6149 -28.2064 -47.5968 34.8006 -32.6624 -44.7193 -17.3188 -37.6661 6.4573 -26.2532 -44.5067 27.1320 -30.4932 -48.7739 3.0194 -34.2234 -17.2437 -23.6905 -41.1159 17.0736 -28.3197 -47.7423 34.6670 -32.7982 -43.8254 -18.0437 -37.9650 7.7083 -26.4700 -44.9458 28.6615 -30.8339 -48.7260 -3.8208 -34.9168 -9.7901 -24.4844 -41.8922 18.9543 -32.7664 10.5815 -38.8758 -20.0996 -39.3803 -33.3138 32.1068 -48.3208 -28.8452 19.3345 -41.8785 -24.4845 -9.7901 -34.9168 -3.8208 -48.7260 -30.8339 28.6615 -44.9458 -26.4700 7.7083 -37.9650 -18.0437 -43.8254 -32.7982 34.6670 -47.7423 -28.3197 17.0736 -41.1159 -23.6905 -17.2437 -34.2234 3.0194 -48.7739 -30.4932 27.1320 -44.5067 -26.2532 6.4573 -37.6661 -17.3188 -44.7212 -32.6604 34.8000 -47.5966 -28.2067 16.5977 -40.9530 -23.4985 -18.9918 -34.1944 4.9552 -48.8202 -29.5618
-48.7660 4.1826 -34.2014 -18.4439 -23.5586 -41.0067 16.7477 -28.2373 -47.6350 34.7826 -32.6893 -44.5751 -17.4256 -37.7036 6.6034 -26.2747 -44.5468 27.2597 -30.5199 -48.7612 2.4814 -34.2301 -16.7764 -23.7387 -41.1562 17.1846 -28.3427 -47.7645 34.6465 -32.8041 -43.8254 -18.0192 -37.9461 7.6078 -26.4503 -44.9067 28.5346 -30.8072 -48.7334 -3.4348 -34.8683 -10.1975 -24.4437 -41.8371 19.2574 -29.1538 -48.8117 -27.8872 10.6241 -38.8347 -20.0211 -39.6163 -33.2926 32.3059 -48.2972 -28.8195 19.2189 -41.8378 -24.4437 -10.1975 -34.8683 -3.4348 -48.7334 -30.8072 28.5346 -44.9067 -26.4503 7.6078 -37.9461 -18.0192 -43.8254 -32.8041 34.6465 -47.7645 -28.3427 17.1846 -41.1562 -23.7387 -16.7764 -34.2301 2.4814 -48.7612 -30.5199 27.2597 -44.5468 -26.2747 6.6034 -37.7037 -17.4243 -44.5879 -32.6849 34.7817 -47.6348 -28.2380 16.7366 -41.0027 -23.5581 -18.4378 -34.2019 4.1832 -48.7660
-4.8619 -34.1529 -17.8501 -23.6202 -41.0568 16.8876 -28.2678 -47.6729 34.7564 -32.7174 -44.4169 -17.5407 -37.7420 6.7484 -26.2962 -44.5869 27.3875 -30.5466 -48.7574 1.9541 -34.2440 -16.3106 -23.7865 -41.1966 17.2976 -28.3678 -47.7939 34.6061 -32.8234 -43.7504 -18.0437 -37.9461 7.5735 -26.4394 -44.8774 28.4201 -30.7797 -48.7399 -3.0387 -34.8196 -10.6104 -24.4024 -41.7972 19.1016 -28.7810 -47.8742 10.3200 -45.1585 -26.9553 10.4941 -38.7960 -19.9420 -39.8479 -33.2714 32.4961 -48.2733 -28.7940 19.1035 -41.7972 -24.4024 -10.6104 -34.8196 -3.0387 -48.7399 -30.7797 28.4201 -44.8774 -26.4394 7.5735 -37.9461 -18.0437 -43.7504 -32.8234 34.6061 -47.7939 -28.3678 17.2976 -41.1966 -23.7865 -16.3106 -34.2440 1.9541 -48.7574 -30.5466 27.3875 -44.5869 -26.2962 6.7484 -37.7418 -17.5379 -44.4302 -32.7130 34.7557 -47.6729 -28.2682 16.8782 -41.0534 -23.6193 -17.8505 -34.1515 -4.8643
-35.2529 -17.2294 -23.6843 -41.1069 17.0277 -28.2976 -47.7086 34.7247 -32.7469 -44.2461 -17.6676 -37.7834 6.8942 -26.3182 -44.6270 27.5152 -30.5734 -48.7592 1.4379 -34.2800 -15.8466 -23.8338 -41.2370 17.4106 -28.3928 -47.8232 34.5555 -32.8485 -43.6131 -18.1153 -37.9650 7.6078 -26.4394 -44.8674 28.3566 -30.7590 -48.7450 -2.6390 -34.7708 -11.0287 -24.3607 -41.7566 18.9883 -28.7701 -48.2723 33.3912 -35.2400 31.1746 -45.7656 -26.9365 10.3730 -38.7574 -19.8622 -40.0751 -33.2500 32.6774 -48.2490 -28.7684 18.9883 -41.7566 -24.3607 -11.0287 -34.7708 -2.6390 -48.7450 -30.7590 28.3566 -44.8674 -26.4394 7.6078 -37.9650 -18.1153 -43.6131 -32.8485 34.5555 -47.8232 -28.3928 17.4106 -41.2370 -23.8338 -15.8466 -34.2800 1.4379 -48.7592 -30.5734 27.5152 -44.6275 -26.3191 6.8951 -37.7834 -17.6594 -44.2578 -32.7428 34.7240 -47.7086 -28.2972 17.0192 -41.1038 -23.6805 -17.2719 -35.2495
-19.4258 -23.7423 -41.1545 17.1608 -28.3287 -47.7458 34.6825 -32.7770 -44.0686 -17.7942 -37.8297 7.0600 -26.3435 -44.6707 27.6449 -30.6001 -48.7603 0.9329 -34.3307 -15.3848 -23.8808 -41.2773 17.5238 -28.4179 -47.8522 34.4988 -32.8719 -43.4577 -18.2104 -37.9991 7.7083 -26.4503 -44.8774 28.3566 -30.7523 -48.7475 -2.3343 -34.7264 -11.4455 -24.3186 -41.7160 18.8732 -28.7429 -48.2225 32.7838 -33.6970 -21.6068 -32.7271 31.1144 -45.7212 -26.9136 10.2514 -38.7188 -19.7817 -40.2981 -33.2285 32.8500 -48.2244 -28.7429 18.8732 -41.7160 -24.3186 -11.4455 -34.7264 -2.3343 -48.7475 -30.7523 28.3566 -44.8774 -26.4503 7.7083 -37.9991 -18.2104 -43.4577 -32.8719 34.4988 -47.8522 -28.4179 17.5238 -41.2773 -23.8808 -15.3848 -34.3307 0.9329 -48.7603 -30.6001 27.6449 -44.6718 -26.3442 7.0622 -37.8302 -17.7856 -44.0816 -32.7744 34.6854 -47.7435 -28.3258 17.1602 -41.1548 -23.7369 -19.4922
-22.1723 -41.2046 17.3028 -28.3594 -47.7826 34.6314 -32.8046 -43.8963 -17.9126 -37.8771 7.2370 -26.3717 -44.7210 27.7949 -30.6261 -48.7606 0.4392 -34.3812 -14.9256 -23.9272 -41.3177 17.6370 -28.4431 -47.8809 34.4359 -32.8952 -43.2989 -18.3061 -38.0369 7.8421 -26.4700 -44.9067 28.4201 -30.7590 -48.7475 -2.2291 -34.7018 -11.7596 -24.2803 -41.6761 18.7583 -28.7174 -48.1994 33.0177 -33.1801 -41.2155 -24.6042 -48.4297 -31.3233 30.9877 -45.6829 -26.8908 10.1294 -38.6803 -19.7004 -40.5168 -33.2068 33.0142 -48.1994 -28.7174 18.7583 -41.6761 -24.2803 -11.7596 -34.7018 -2.2291 -48.7475 -30.7590 28.4201 -44.9067 -26.4700 7.8421 -38.0369 -18.3061 -43.2989 -32.8952 34.4359 -47.8809 -28.4431 17.6370 -41.3177 -23.9272 -14.9256 -34.3812 0.4392 -48.7606 -30.6261 27.7851 -44.7185 -26.3703 7.2470 -37.8798 -17.9115 -43.8986 -32.8063 34.6393 -47.7781 -28.3555 17.3021 -41.2051 -22.1693
-41.5959 17.4419 -28.3893 -47.8172 34.5753 -32.8336 -43.7113 -18.0346 -37.9243 7.4114 -26.3991 -44.7715 27.9554 -30.6519 -48.7600 -0.0431 -34.4316 -14.4693 -23.9733 -41.3582 17.7505 -28.4682 -47.9094 34.3668 -32.9184 -43.1367 -18.4008 -38.0749 7.9771 -26.4920 -44.9458 28.5346 -30.7797 -48.7450 -2.3343 -34.7018 -11.8672 -24.2589 -41.6463 18.6550 -28.6918 -48.1741 33.1699 -33.1881 -40.6600 -19.4127 -39.4821 -8.8146 -48.4181 -31.3090 30.8688 -45.6444 -26.8681 10.0068 -38.6418 -19.6184 -40.7313 -33.1850 33.1699 -48.1741 -28.6918 18.6550 -41.6463 -24.2589 -11.8672 -34.7018 -2.3343 -48.7450 -30.7797 28.5346 -44.9458 -26.4920 7.9771 -38.0749 -18.4008 -43.1367 -32.9184 34.3668 -47.9094 -28.4682 17.7505 -41.3582 -23.9733 -14.4693 -34.4316 -0.0503 -48.7600 -30.6560 27.9437 -44.7678 -26.3973 7.4229 -37.9275 -18.0350 -43.7113 -32.8379 34.5813 -47.8143 -28.3868 17.4420 -41.5953
17.6965 -28.3481 -47.8535 34.5075 -32.8651 -43.5191 -18.1564 -37.9716 7.5839 -26.4262 -44.8210 28.1136 -30.6820 -48.7585 -0.5218 -34.4818 -14.0162 -24.0188 -41.3986 17.8640 -28.4934 -47.9375 34.2911 -32.9416 -42.9710 -18.4945 -38.1128 8.1112 -26.5140 -44.9855 28.6615 -30.8072 -48.7399 -2.6390 -34.7264 -11.7596 -24.2589 -41.6362 18.5977 -28.6726 -48.1506 33.3150 -33.1631 -40.9451 -19.5600 -38.4858 16.0758 -35.7361 -9.0543 -48.4469 -31.2823 30.7492 -45.6057 -26.8454 9.8837 -38.6033 -19.5357 -40.9416 -33.1631 33.3150 -48.1506 -28.6726 18.5977 -41.6362 -24.2589 -11.7596 -34.7264 -2.6390 -48.7399 -30.8072 28.6615 -44.9855 -26.5140 8.1112 -38.1128 -18.4945 -42.9710 -32.9416 34.2911 -47.9375 -28.4934 17.8640 -41.3986 -24.0188 -14.0162 -34.4818 -0.5685 -48.7582 -30.6882 28.1041 -44.8180 -26.4247 7.5955 -37.9748 -18.1568 -43.5191 -32.8672 34.5131 -47.8506 -28.3458 17.6976
-27.2690 -47.8889 34.4290 -32.8940 -43.3229 -18.2760 -38.0192 7.7559 -26.4531 -44.8707 28.2727 -30.7150 -48.7555 -1.0611 -34.5348 -13.5603 -24.0640 -41.4391 17.9776 -28.5187 -47.9655 34.2088 -32.9646 -42.8019 -18.5872 -38.1508 8.2443 -26.5360 -45.0251 28.7881 -30.8339 -48.7334 -3.0387 -34.7708 -11.4455 -24.2803 -41.6463 18.5977 -28.6662 -48.1377 33.4181 -33.1412 -41.1447 -19.4511 -38.5765 9.3443 -31.2606 -4.5542 -35.6497 -8.7800 -48.4724 -31.2558 30.6290 -45.5670 -26.8228 9.7599 -38.5649 -19.4522 -41.1447 -33.1412 33.4181 -48.1377 -28.6662 18.5977 -41.6463 -24.2803 -11.4455 -34.7708 -3.0387 -48.7334 -30.8339 28.7881 -45.0251 -26.5360 8.2443 -38.1508 -18.5872 -42.8019 -32.9646 34.2088 -47.9655 -28.5187 17.9776 -41.4391 -24.0640 -13.5661 -34.5327 -1.1039 -48.7552 -30.7186 28.2634 -44.8678 -26.4520 7.7663 -38.0221 -18.2775 -43.3204 -32.8983 34.4351 -47.8862 -27.2664
-47.7364 34.3179 -32.9233 -43.1191 -18.3954 -38.0693 7.9349 -26.4790 -44.9177 28.4230 -30.7486 -48.7511 -1.6209 -34.5922 -13.0704 -24.1092 -41.4796 18.0915 -28.5439 -47.9931 34.1198 -32.9875 -42.6292 -18.6791 -38.1889 8.3766 -26.5581 -45.0646 28.9146 -30.8606 -48.7260 -3.4348 -34.8196 -11.0287 -24.3186 -41.6761 18.6550 -28.6726 -48.1377 33.4523 -33.1301 -41.2936 -19.3763 -38.5266 9.6772 -26.9970 -46.9004 -25.5760 -4.4233 -35.6101 -8.5237 -48.4964 -31.2082 30.5132 -45.5288 -26.7997 9.6366 -38.5270 -19.3762 -41.2936 -33.1301 33.4523 -48.1377 -28.6726 18.6550 -41.6761 -24.3186 -11.0287 -34.8196 -3.4348 -48.7260 -30.8606 28.9146 -45.0646 -26.5581 8.3766 -38.1889 -18.6791 -42.6292 -32.9875 34.1198 -47.9931 -28.5439 18.0915 -41.4796 -24.1094 -13.0791 -34.5898 -1.6246 -48.7511 -30.7485 28.4223 -44.9175 -26.4794 7.9263 -38.0668 -18.4014 -43.1073 -32.9296 34.3189 -47.7361
27.8006 -32.6405 -42.9083 -18.5126 -38.1173 8.1046 -26.5047 -44.9640 28.5713 -30.7832 -48.7453 -2.1607 -34.6507 -12.5525 -24.1576 -41.5207 18.2054 -28.5692 -48.0205 34.0238 -33.0103 -42.4529 -18.7700 -38.2269 8.5080 -26.5803 -45.1041 29.0409 -30.8873 -48.7177 -3.8208 -34.8683 -10.6104 -24.3607 -41.7160 18.7583 -28.6918 -48.1506 33.4181 -33.1301 -41.3438 -19.3339 -38.4993 9.5251 -26.7701 -45.2684 35.5676 -42.1568 -24.9934 -4.7719 -35.6007 -7.7912 -48.5689 -31.2969 30.3734 -45.4484 -27.0028 9.4880 -38.4950 -19.3349 -41.3438 -33.1301 33.4181 -48.1506 -28.6918 18.7583 -41.7160 -24.3607 -10.6104 -34.8683 -3.8208 -48.7177 -30.8873 29.0409 -45.1041 -26.5803 8.5080 -38.2269 -18.7700 -42.4529 -33.0103 34.0238 -48.0205 -28.5692 18.2054 -41.5207 -24.1581 -12.5546 -34.6518 -2.1267 -48.7457 -30.7799 28.5800 -44.9667 -26.5067 8.0922 -38.1137 -18.5195 -42.8966 -32.6449 27.7989
-32.7733 -42.6955 -18.6283 -38.1645 8.2699 -26.5309 -45.0102 28.7194 -30.8177 -48.7382 -2.6831 -34.7084 -12.0444 -24.2089 -41.5655 18.3220 -28.5949 -48.0475 33.9207 -33.0330 -42.2730 -18.8600 -38.2650 8.6386 -26.6024 -45.1436 29.1669 -30.9140 -48.7084 -4.1968 -34.9168 -10.1975 -24.4024 -41.7566 18.8732 -28.7174 -48.1741 33.3150 -33.1412 -41.2936 -19.3339 -38.4897 9.4732 -26.7577 -44.6401 29.6147 -35.5170 20.6964 -42.3254 -25.0975 -2.6019 -33.7866 -12.6813 -48.0894 -32.7469 33.0054 -46.7062 -27.6882 9.2352 -38.4791 -19.3353 -41.2936 -33.1412 33.3150 -48.1741 -28.7174 18.8732 -41.7566 -24.4024 -10.1975 -34.9168 -4.1968 -48.7084 -30.9140 29.1669 -45.1436 -26.6024 8.6386 -38.2650 -18.8600 -42.2730 -33.0330 33.9207 -48.0475 -28.5946 18.3213 -41.5652 -24.2112 -12.0137 -34.7132 -2.6429 -48.7388 -30.8129 28.7383 -45.0162 -26.5337 8.2597 -38.1615 -18.6362 -42.6830 -32.7753
-43.5823 -18.7395 -38.2121 8.4348 -26.5582 -45.0591 28.8758 -30.8523 -48.7296 -3.1888 -34.7657 -11.5428 -24.2604 -41.6156 18.4556 -28.6228 -48.0745 33.8103 -33.0556 -42.0894 -18.9491 -38.3032 8.7684 -26.6247 -45.1830 29.2926 -30.9407 -48.6981 -4.5631 -34.9650 -9.7901 -24.4437 -41.7972 18.9883 -28.7429 -48.1994 33.1699 -33.1631 -41.1447 -19.3763 -38.4989 9.4724 -26.7539 -43.9726 -0.2723 -31.3499 -0.8800 -32.7834 26.0934 -42.7637 -20.5891 -45.2155 -42.4036 -28.0507 -13.9828 -29.6108 -20.2719 -48.5909 -27.9907 9.1025 -38.4888 -19.3772 -41.1447 -33.1631 33.1699 -48.1994 -28.7429 18.9883 -41.7972 -24.4437 -9.7901 -34.9650 -4.5631 -48.6981 -30.9407 29.2926 -45.1830 -26.6247 8.7684 -38.3032 -18.9491 -42.0894 -33.0556 33.8103 -48.0745 -28.6222 18.4547 -41.6153 -24.2649 -11.4776 -34.7734 -3.1527 -48.7302 -30.8464 28.8879 -45.0630 -26.5597 8.4250 -38.2097 -18.7459 -43.5669
-18.3198 -38.2566 8.5895 -26.5860 -45.1088 29.0346 -30.8841 -48.7196 -3.6748 -34.8238 -11.0480 -24.3113 -41.6663 18.5986 -28.6533 -48.1054 33.6823 -33.0763 -41.9020 -19.0373 -38.3414 8.8974 -26.6469 -45.2223 29.4180 -30.9674 -48.6868 -4.9200 -35.0131 -9.3885 -24.4845 -41.8378 19.1035 -28.7684 -48.2244 33.0142 -33.1850 -40.9416 -19.4522 -38.5271 9.5265 -26.7577 -44.6392 -47.9791 -31.4088 -44.2088 17.0932 -36.3801 -1.8146 -55.1025 -58.6589 12.7967 3.2189 10.4235 -42.0123 9.1253 10.8318 35.9343 -40.2421 -27.9611 9.3376 -38.5237 -19.4528 -40.9416 -33.1850 33.0142 -48.2244 -28.7684 19.1035 -41.8378 -24.4845 -9.3885 -35.0131 -4.9200 -48.6868 -30.9674 29.4180 -45.2223 -26.6469 8.8974 -38.3414 -19.0373 -41.9020 -33.0762 33.6809 -48.1056 -28.6532 18.5986 -41.6663 -24.3163 -10.9776 -34.8309 -3.6438 -48.7203 -30.8810 29.0353 -45.1090 -26.5856 8.5906 -38.2574 -18.3197
-38.9530 8.7393 -26.6139 -45.1581 29.1921 -30.9143 -48.7088 -4.1210 -34.8839 -10.5345 -24.3637 -41.7173 18.7429 -28.6842 -48.1386 33.5319 -33.1009 -41.6944 -19.1259 -38.3796 9.0256 -26.6692 -45.2616 29.5430 -30.9940 -48.6745 -5.2677 -35.0609 -8.9928 -24.5248 -41.8785 19.2189 -28.7940 -48.2490 32.8500 -33.2068 -40.7313 -19.5357 -38.5649 9.6357 -26.7762 -45.2741 35.5524 -47.8171 32.9568 -44.8645 -48.1390 -35.8775 -16.6140 -42.5044 -13.2104 -35.3060 14.0776 16.8871 -63.0025 -24.6628 -60.3625 -57.0831 36.9076 -49.0714 -27.3964 9.6325 -38.5652 -19.5357 -40.7313 -33.2068 32.8500 -48.2490 -28.7940 19.2189 -41.8785 -24.5248 -8.9928 -35.0609 -5.2677 -48.6745 -30.9940 29.5430 -45.2616 -26.6692 9.0256 -38.3796 -19.1247 -41.7078 -33.0985 33.5309 -48.1386 -28.6842 18.7429 -41.7173 -24.3666 -10.4906 -34.8876 -4.1187 -48.7088 -30.9156 29.1824 -45.1550 -26.6119 8.7524 -38.9539
