-25.5118 -47.1969 30.8896 -32.1762 -45.9780 -16.9589 -38.3243 5.7993 -24.6834 -44.6039 27.3661 -29.7615 -48.7732 -6.6240 -35.5306 -16.4780 -22.4188 -41.8216 18.4191 -27.4520 -47.8949 26.0794 -32.9639 -42.5362 -18.7167 -39.1621 9.4210 -25.3396 -45.5182 29.9940 -30.5687 -48.6360 -11.6100 -36.5958 -5.9467 -23.3144 -42.7472 21.4031 -28.2083 -48.4176 15.3687 -33.7089 -36.8021 -20.1513 -40.0328 12.3220 -31.0576 1.7593 -37.5137 -14.7342 -47.8170 -31.3770 31.5739 -46.4017 -26.0250 12.5797 -40.0288 -20.1570 -36.7639 -33.7130 15.3841 -48.4170 -28.2078 21.4024 -42.7472 -23.3161 -5.8992 -36.5982 -11.6064 -48.6364 -30.5682 29.9934 -45.5182 -25.3394 9.4389 -39.1631 -18.7161 -42.5403 -32.9634 26.0812 -47.8949 -27.4512 18.4349 -41.8225 -22.4194 -16.4888 -35.5301 -6.6224 -48.7732 -29.7600 27.3811 -44.6046 -24.6841 5.7995 -38.3243 -16.9589 -45.9780 -32.1762 30.8896 -47.1969 -25.5118
-47.1969 34.7279 -32.2328 -45.3718 -16.8478 -37.5453 6.1261 -26.2334 -44.5044 27.2496 -30.3776 -48.7593 0.8654 -34.3856 -14.3832 -24.0334 -41.4570 18.1421 -28.4975 -48.0594 33.7176 -32.7674 -41.5441 -19.2896 -38.4923 9.5246 -26.7635 -45.4940 30.4069 -31.0172 -48.5080 -8.4445 -35.5898 -4.5791 -25.0307 -42.4736 21.0569 -29.1204 -48.6264 27.8905 -33.2272 -35.2436 -21.2003 -39.4621 12.5393 -27.6043 -47.8389 -26.4542 1.7977 -36.6253 -13.5433 -47.4988 -31.6390 33.1810 -46.4483 -27.3250 12.5132 -39.4624 -21.2105 -35.2125 -33.2297 27.8980 -48.6265 -29.1200 21.0569 -42.4737 -25.0339 -4.5476 -35.5914 -8.4389 -48.5080 -31.0168 30.4069 -45.4940 -26.7632 9.5370 -38.4932 -19.2877 -41.5438 -32.7669 33.7176 -48.0594 -28.4961 18.1534 -41.4579 -24.0321 -14.3826 -34.3850 0.8654 -48.7593 -30.3748 27.2603 -44.5049 -26.2334 6.1261 -37.5453 -16.8478 -45.3718 -32.2328 34.7279 -47.1969
30.8896 -32.2328 -45.4274 -16.7635 -37.5105 5.9754 -26.2040 -44.4571 27.1037 -30.5084 -48.7568 1.5454 -34.3247 -14.9456 -23.9768 -41.4098 18.0106 -28.5437 -48.0263 33.8932 -33.0684 -41.7832 -19.1858 -38.4476 9.3796 -26.7493 -45.4456 30.2579 -31.1818 -48.5354 -8.0865 -35.5371 -4.9483 -24.9824 -42.4228 20.9080 -29.1935 -48.6047 28.3880 -33.5923 -35.5984 -21.1250 -39.4137 12.3679 -27.3215 -46.1334 34.3766 -43.1586 -25.6870 1.5659 -36.5762 -13.3525 -47.5667 -31.8431 33.0731 -46.4030 -27.3313 12.3687 -39.4131 -21.1303 -35.5958 -33.5904 28.3869 -48.6046 -29.1935 20.9079 -42.4225 -24.9842 -4.9455 -35.5349 -8.0865 -48.5354 -31.1818 30.2578 -45.4453 -26.7495 9.3807 -38.4452 -19.1852 -41.7833 -33.0684 33.8933 -48.0260 -28.5435 18.0115 -41.4073 -23.9757 -14.9458 -34.3247 1.5457 -48.7568 -30.5071 27.1038 -44.4571 -26.2040 5.9754 -37.5105 -16.7635 -45.4274 -32.2328 30.8896
-32.1762 -45.3718 -16.7635 -37.4971 5.8833 -26.1877 -44.4168 26.9655 -30.4833 -48.7634 2.1180 -34.2623 -15.4887 -23.9190 -41.3592 17.8755 -28.5116 -47.9916 34.0234 -33.0441 -42.0070 -19.0771 -38.4000 9.2306 -26.7212 -45.3962 30.1043 -31.1513 -48.5602 -7.7403 -35.4813 -5.3344 -24.9407 -42.3712 20.7599 -29.1627 -48.5829 28.8091 -33.5705 -35.9550 -21.0429 -39.3639 12.2256 -27.3015 -46.3725 32.6653 -34.6682 23.7578 -43.4062 -25.6608 1.2855 -36.5289 -13.1595 -47.6376 -31.8102 32.9522 -46.3596 -27.3026 12.2237 -39.3645 -21.0433 -35.9779 -33.5662 28.8079 -48.5830 -29.1626 20.7589 -42.3718 -24.9417 -5.3597 -35.4774 -7.7405 -48.5602 -31.1511 30.1033 -45.3969 -26.7229 9.2209 -38.3968 -19.0765 -42.0069 -33.0439 34.0238 -47.9921 -28.5141 17.8678 -41.3561 -23.9180 -15.4923 -34.2626 2.1191 -48.7634 -30.4833 26.9655 -44.4168 -26.1877 5.8833 -37.4971 -16.7635 -45.3718 -32.1762
-45.9780 -16.8478 -37.5105 5.8833 -26.1820 -44.3967 26.8700 -30.4592 -48.7775 2.6563 -34.2265 -16.0390 -23.8643 -41.3088 17.7334 -28.4836 -47.9586 34.1409 -33.0157 -42.2381 -18.9729 -38.3522 9.0726 -26.6935 -45.3471 29.9501 -31.1180 -48.5847 -7.4041 -35.4241 -5.7501 -24.8983 -42.3200 20.6122 -29.1303 -48.5595 29.1900 -33.5438 -36.3229 -20.9596 -39.3147 12.0801 -27.2728 -46.3101 32.8518 -32.2678 -41.4244 -31.1027 23.6790 -43.3530 -25.6328 1.0206 -36.4840 -12.9496 -47.7060 -31.7759 32.8358 -46.3132 -27.2720 12.0819 -39.3189 -20.9558 -36.3480 -33.5392 29.1885 -48.5593 -29.1285 20.6140 -42.3243 -24.8988 -5.7791 -35.4199 -7.4047 -48.5848 -31.1159 29.9518 -45.3513 -26.6968 9.0617 -38.3487 -18.9725 -42.2393 -33.0132 34.1400 -47.9599 -28.4859 17.7265 -41.3080 -23.8635 -16.0392 -34.2265 2.6569 -48.7775 -30.4592 26.8700 -44.3967 -26.1820 5.8833 -37.5105 -16.8478 -45.9780
-16.9589 -37.5453 5.9754 -26.1877 -44.3967 26.8380 -30.4458 -48.7871 3.1438 -34.2163 -16.5436 -23.8127 -41.2644 17.6009 -28.4594 -47.9283 34.2364 -32.9848 -42.4633 -18.8616 -38.3045 8.9125 -26.6670 -45.2991 29.7944 -31.0843 -48.6074 -7.0370 -35.3665 -6.1780 -24.8546 -42.2700 20.4642 -29.0977 -48.5353 29.5777 -33.5195 -36.6853 -20.8716 -39.2668 11.9345 -27.2440 -46.2671 32.7028 -31.7217 -47.9350 -19.9299 -48.6467 -29.7528 23.5186 -43.3021 -25.6043 0.7643 -36.4393 -12.7346 -47.7720 -31.7436 32.7096 -46.2640 -27.2420 11.9468 -39.2733 -20.8673 -36.7120 -33.5154 29.5795 -48.5337 -29.0945 20.4766 -42.2768 -24.8550 -6.2103 -35.3628 -7.0351 -48.6089 -31.0799 29.8073 -45.3056 -26.6705 8.9005 -38.3015 -18.8609 -42.4782 -32.9827 34.2353 -47.9288 -28.4597 17.6010 -41.2639 -23.8127 -16.5436 -34.2163 3.1438 -48.7871 -30.4458 26.8380 -44.3967 -26.1877 5.9754 -37.5453 -16.9589
-38.3243 6.1261 -26.2040 -44.4168 26.8700 -30.4458 -48.7907 3.4179 -34.2082 -16.9638 -23.7654 -41.2235 17.4860 -28.4347 -47.8999 34.3171 -32.9574 -42.6723 -18.7504 -38.2572 8.7512 -26.6409 -45.2534 29.6415 -31.0494 -48.6286 -6.6582 -35.3084 -6.6155 -24.8104 -42.2225 20.3198 -29.0640 -48.5101 29.9488 -33.4950 -37.0400 -20.7824 -39.2212 11.7917 -27.2137 -46.2202 32.5823 -31.7158 -47.8176 -11.8832 -37.3815 20.5864 -48.8813 -29.7258 23.3645 -43.2509 -25.5744 0.5064 -36.3932 -12.5135 -47.8342 -31.7144 32.5739 -46.2176 -27.2128 11.8112 -39.2272 -20.7771 -37.0619 -33.4957 29.9743 -48.5089 -29.0617 20.3393 -42.2287 -24.8095 -6.6431 -35.3073 -6.6320 -48.6297 -31.0454 29.6620 -45.2593 -26.6430 8.7410 -38.2570 -18.7479 -42.6843 -32.9574 34.3171 -47.8999 -28.4347 17.4860 -41.2235 -23.7654 -16.9638 -34.2082 3.4179 -48.7907 -30.4458 26.8700 -44.4168 -26.2040 6.1261 -38.3243
5.7993 -26.2334 -44.4571 26.9655 -30.4592 -48.7871 3.4179 -34.2065 -17.1976 -23.7302 -41.1871 17.3747 -28.4096 -47.8713 34.3905 -32.9339 -42.8586 -18.6498 -38.2151 8.5984 -26.6154 -45.2072 29.4956 -31.0150 -48.6489 -6.2631 -35.2498 -7.0630 -24.7653 -42.1750 20.1829 -29.0299 -48.4836 30.3076 -33.4700 -37.3873 -20.6923 -39.1758 11.6557 -27.1837 -46.1713 32.4508 -31.6816 -47.8919 -12.3531 -36.2431 9.1173 -34.4704 19.6953 -48.8549 -29.6900 23.2099 -43.1971 -25.5446 0.2383 -36.3442 -12.2914 -47.8915 -31.6832 32.4437 -46.1713 -27.1835 11.6735 -39.1785 -20.6873 -37.3893 -33.4726 30.3276 -48.4836 -29.0287 20.2007 -42.1778 -24.7638 -7.0656 -35.2498 -6.2408 -48.6489 -31.0124 29.5145 -45.2097 -26.6159 8.5981 -38.2149 -18.6486 -42.8587 -32.9339 34.3905 -47.8713 -28.4096 17.3747 -41.1871 -23.7302 -17.1976 -34.2065 3.4179 -48.7871 -30.4592 26.9655 -44.4571 -26.2334 5.7995
-24.6834 -44.5044 27.1037 -30.4833 -48.7775 3.1438 -34.2082 -17.1976 -23.7182 -41.1670 17.2918 -28.3865 -47.8426 34.4576 -32.9107 -43.0266 -18.5564 -38.1762 8.4645 -26.5916 -45.1638 29.3573 -30.9868 -48.6655 -5.8590 -35.1926 -7.5228 -24.7192 -42.1275 20.0464 -28.9971 -48.4572 30.6637 -33.4480 -37.7286 -20.6010 -39.1303 11.5192 -27.1546 -46.1242 32.3121 -31.6508 -47.9496 -12.0725 -36.2987 -0.8600 -29.7456 -29.8435 -33.8823 20.4748 -48.8452 -29.6568 23.0479 -43.1462 -25.5139 -0.0512 -36.2946 -12.0742 -47.9496 -31.6507 32.3121 -46.1242 -27.1543 11.5275 -39.1302 -20.6002 -37.7286 -33.4479 30.6637 -48.4572 -28.9963 20.0546 -42.1273 -24.7184 -7.5225 -35.1926 -5.8588 -48.6655 -30.9843 29.3659 -45.1637 -26.5916 8.4644 -38.1762 -18.5564 -43.0266 -32.9107 34.4576 -47.8426 -28.3865 17.2918 -41.1670 -23.7182 -17.1976 -34.2082 3.1438 -48.7775 -30.4833 27.1038 -44.5049 -24.6841
-44.6039 27.2496 -30.5084 -48.7634 2.6563 -34.2163 -16.9638 -23.7302 -41.1670 17.2635 -28.3740 -47.8209 34.5124 -32.8858 -43.1911 -18.4634 -38.1382 8.3327 -26.5692 -45.1239 29.2300 -30.9609 -48.6787 -5.4951 -35.1409 -7.9606 -24.6733 -42.0791 19.9099 -28.9655 -48.4297 30.9879 -33.4249 -38.0567 -20.5081 -39.0845 11.3821 -27.1255 -46.0773 32.1768 -31.6198 -48.0048 -11.8388 -36.2476 -0.2638 -25.5683 -44.4673 -22.4956 -29.8007 -33.8791 21.1828 -48.8339 -29.6239 22.8948 -43.0952 -25.4821 -0.3453 -36.2442 -11.8389 -48.0048 -31.6198 32.1767 -46.0769 -27.1257 11.3816 -39.0815 -20.5075 -38.0569 -33.4249 30.9880 -48.4295 -28.9656 19.9087 -42.0760 -24.6725 -7.9583 -35.1406 -5.4950 -48.6787 -30.9597 29.2300 -45.1239 -26.5692 8.3327 -38.1382 -18.4634 -43.1911 -32.8858 34.5124 -47.8209 -28.3740 17.2635 -41.1670 -23.7302 -16.9638 -34.2163 2.6569 -48.7634 -30.5071 27.2603 -44.6046
27.3661 -30.3776 -48.7568 2.1180 -34.2265 -16.5436 -23.7654 -41.1871 17.2918 -28.3740 -47.8136 34.5408 -32.8667 -43.3363 -18.3708 -38.1002 8.2001 -26.5472 -45.0844 29.1041 -30.9342 -48.6907 -5.1528 -35.0926 -8.3460 -24.6303 -42.0309 19.7730 -28.9378 -48.4043 31.2765 -33.3985 -38.3633 -20.4153 -39.0362 11.2432 -27.0964 -46.0301 32.0404 -31.5884 -48.0553 -11.6006 -36.1968 -0.6312 -25.4501 -42.8680 29.7560 -39.9023 -22.1324 -30.3155 -33.8597 21.8356 -48.8216 -29.5910 22.7420 -43.0448 -25.4505 -0.6480 -36.1933 -11.6005 -48.0552 -31.5882 32.0394 -46.0308 -27.0983 11.2343 -39.0329 -20.4147 -38.3631 -33.3983 31.2777 -48.4041 -28.9380 19.7699 -42.0281 -24.6303 -8.3465 -35.0926 -5.1528 -48.6907 -30.9342 29.1041 -45.0844 -26.5472 8.2001 -38.1002 -18.3708 -43.3363 -32.8667 34.5408 -47.8136 -28.3740 17.2918 -41.1871 -23.7654 -16.5436 -34.2265 2.1191 -48.7568 -30.3748 27.3811
-29.7615 -48.7593 1.5454 -34.2623 -16.0390 -23.8127 -41.2235 17.3747 -28.3865 -47.8209 34.5408 -32.8609 -43.4158 -18.3012 -38.0661 8.0688 -26.5251 -45.0449 28.9780 -30.9075 -48.7016 -4.8021 -35.0450 -8.7323 -24.5910 -41.9869 19.6453 -28.9130 -48.3820 31.5291 -33.3722 -38.6828 -20.3255 -38.9873 11.0953 -27.0685 -45.9824 31.9020 -31.5555 -48.1065 -11.3674 -36.1454 -0.9362 -25.4168 -43.0051 22.1814 -33.2622 13.8406 -39.9720 -22.0523 -30.7892 -33.8400 22.4721 -48.8084 -29.5581 22.5913 -42.9972 -25.4182 -0.9576 -36.1416 -11.3676 -48.1067 -31.5533 31.9035 -45.9867 -27.0715 11.0862 -38.9841 -20.3245 -38.6809 -33.3714 31.5301 -48.3820 -28.9130 19.6437 -41.9869 -24.5910 -8.7323 -35.0450 -4.8021 -48.7016 -30.9075 28.9780 -45.0449 -26.5251 8.0688 -38.0661 -18.3012 -43.4158 -32.8609 34.5408 -47.8209 -28.3865 17.3747 -41.2235 -23.8127 -16.0392 -34.2626 1.5457 -48.7593 -29.7600
-48.7732 0.8654 -34.3247 -15.4887 -23.8643 -41.2644 17.4860 -28.4096 -47.8426 34.5124 -32.8667 -43.4158 -18.2774 -38.0471 7.9703 -26.5053 -45.0058 28.8516 -30.8808 -48.7116 -4.4421 -34.9971 -9.1240 -24.5514 -41.9462 19.5276 -28.8879 -48.3594 31.7544 -33.3491 -38.9733 -20.2347 -38.9412 10.9472 -27.0435 -45.9383 31.7691 -31.5207 -48.1554 -11.1144 -36.0935 -1.2521 -25.3834 -42.9424 22.4696 -29.9050 -48.6833 -28.6538 13.8425 -39.9177 -21.9749 -31.2552 -33.8197 23.0917 -48.7944 -29.5245 22.4495 -42.9496 -25.3848 -1.2759 -36.0902 -11.1130 -48.1586 -31.5174 31.7729 -45.9422 -27.0451 10.9447 -38.9385 -20.2347 -38.9733 -33.3487 31.7544 -48.3594 -28.8879 19.5276 -41.9462 -24.5514 -9.1240 -34.9971 -4.4421 -48.7116 -30.8808 28.8516 -45.0058 -26.5053 7.9703 -38.0471 -18.2774 -43.4158 -32.8667 34.5124 -47.8426 -28.4096 17.4860 -41.2639 -23.8635 -15.4923 -34.3247 0.8654 -48.7732
-6.6240 -34.3856 -14.9456 -23.9190 -41.3088 17.6009 -28.4347 -47.8713 34.4576 -32.8858 -43.3363 -18.3012 -38.0471 7.9366 -26.4943 -44.9766 28.7376 -30.8533 -48.7206 -4.0725 -34.9490 -9.5218 -24.5114 -41.9055 19.4117 -28.8623 -48.3363 31.9689 -33.3278 -39.2205 -20.1514 -38.8991 10.8161 -27.0203 -45.8998 31.6462 -31.4878 -48.2023 -10.8549 -36.0411 -1.5751 -25.3495 -42.8953 22.2867 -29.4742 -48.4302 -4.3767 -46.1375 -27.6024 13.6864 -39.8689 -21.8974 -31.7166 -33.7987 23.6937 -48.7795 -29.4911 22.3078 -42.9014 -25.3497 -1.5956 -36.0403 -10.8371 -48.2049 -31.4863 31.6478 -45.9004 -27.0205 10.8144 -38.8991 -20.1514 -39.2205 -33.3278 31.9689 -48.3363 -28.8623 19.4117 -41.9055 -24.5114 -9.5218 -34.9490 -4.0725 -48.7206 -30.8533 28.7376 -44.9766 -26.4943 7.9366 -38.0471 -18.3012 -43.3363 -32.8858 34.4576 -47.8713 -28.4347 17.6010 -41.3080 -23.9180 -14.9458 -34.3850 -6.6224
-35.5306 -14.3832 -23.9768 -41.3592 17.7334 -28.4594 -47.8999 34.3905 -32.9107 -43.1911 -18.3708 -38.0661 7.9703 -26.4943 -44.9667 28.6743 -30.8326 -48.7278 -3.6996 -34.9006 -9.9253 -24.4709 -41.8649 19.2960 -28.8366 -48.3130 32.1741 -33.3067 -39.4595 -20.0734 -38.8604 10.6946 -26.9974 -45.8617 31.5318 -31.4589 -48.2439 -10.6014 -35.9911 -1.9024 -25.3147 -42.8474 22.1465 -29.4601 -48.7894 26.0580 -35.5680 34.0571 -46.7840 -27.5755 13.5470 -39.8231 -21.8186 -32.1725 -33.7778 24.2775 -48.7638 -29.4575 22.1648 -42.8502 -25.3139 -1.9041 -35.9908 -10.5865 -48.2440 -31.4589 31.5318 -45.8617 -26.9974 10.6946 -38.8604 -20.0734 -39.4595 -33.3067 32.1741 -48.3130 -28.8366 19.2960 -41.8649 -24.4709 -9.9253 -34.9006 -3.6996 -48.7278 -30.8326 28.6743 -44.9667 -26.4943 7.9703 -38.0661 -18.3708 -43.1911 -32.9107 34.3905 -47.8999 -28.4597 17.7265 -41.3561 -23.9757 -14.3826 -35.5301
-16.4780 -24.0334 -41.4098 17.8755 -28.4836 -47.9283 34.3171 -32.9339 -43.0266 -18.4634 -38.1002 8.0688 -26.5053 -44.9766 28.6743 -30.8259 -48.7316 -3.4153 -34.8568 -10.3279 -24.4300 -41.8243 19.1804 -28.8110 -48.2893 32.3703 -33.2856 -39.6940 -19.9948 -38.8218 10.5744 -26.9745 -45.8235 31.4168 -31.4325 -48.2786 -10.3645 -35.9452 -2.2012 -25.2804 -42.7997 22.0046 -29.4282 -48.7451 24.7144 -34.1681 -9.3370 -33.3806 33.8689 -46.7296 -27.5436 13.4160 -39.7768 -21.7382 -32.6172 -33.7569 24.8416 -48.7474 -29.4272 22.0128 -42.7997 -25.2800 -2.2028 -35.9452 -10.3645 -48.2786 -31.4325 31.4168 -45.8235 -26.9745 10.5744 -38.8218 -19.9948 -39.6940 -33.2856 32.3703 -48.2893 -28.8110 19.1804 -41.8243 -24.4300 -10.3279 -34.8568 -3.4153 -48.7316 -30.8259 28.6743 -44.9766 -26.5053 8.0688 -38.1002 -18.4634 -43.0266 -32.9339 34.3171 -47.9288 -28.4859 17.8678 -41.4073 -24.0321 -16.4888
-22.4188 -41.4570 18.0106 -28.5116 -47.9586 34.2364 -32.9574 -42.8586 -18.5564 -38.1382 8.2001 -26.5251 -45.0058 28.7376 -30.8326 -48.7316 -3.3171 -34.8325 -10.6318 -24.3928 -41.7843 19.0651 -28.7854 -48.2652 32.5575 -33.2643 -39.9241 -19.9155 -38.7831 10.4537 -26.9516 -45.7853 31.3009 -31.4060 -48.3114 -10.1414 -35.9023 -2.4825 -25.2487 -42.7548 21.8720 -29.4014 -48.7317 25.3697 -33.7098 -34.1855 -26.2385 -47.1489 -32.0329 33.7608 -46.6833 -27.5130 13.2830 -39.7275 -21.6571 -33.0489 -33.7393 25.3589 -48.7317 -29.4014 21.8720 -42.7548 -25.2485 -2.4825 -35.9023 -10.1414 -48.3114 -31.4060 31.3009 -45.7853 -26.9516 10.4537 -38.7831 -19.9155 -39.9241 -33.2643 32.5575 -48.2652 -28.7854 19.0651 -41.7843 -24.3928 -10.6318 -34.8325 -3.3171 -48.7316 -30.8326 28.7376 -45.0058 -26.5251 8.2001 -38.1382 -18.5564 -42.8587 -32.9574 34.2353 -47.9599 -28.5141 18.0115 -41.4579 -22.4194
-41.8216 18.1421 -28.5437 -47.9916 34.1409 -32.9848 -42.6723 -18.6498 -38.1762 8.3327 -26.5472 -45.0449 28.8516 -30.8533 -48.7278 -3.4153 -34.8325 -10.7359 -24.3720 -41.7545 18.9613 -28.7597 -48.2408 32.7359 -33.2428 -40.1499 -19.8354 -38.7445 10.3325 -26.9288 -45.7470 31.1841 -31.3795 -48.3428 -9.9135 -35.8591 -2.7631 -25.2179 -42.7135 21.7501 -29.3760 -48.7169 25.7950 -33.7240 -33.3192 -21.4583 -40.6915 -14.2401 -47.1427 -32.0147 33.6544 -46.6388 -27.4853 13.1402 -39.6785 -21.5806 -33.4283 -33.7215 25.7950 -48.7169 -29.3760 21.7501 -42.7135 -25.2179 -2.7631 -35.8591 -9.9135 -48.3428 -31.3795 31.1841 -45.7470 -26.9288 10.3325 -38.7445 -19.8354 -40.1499 -33.2428 32.7359 -48.2408 -28.7597 18.9613 -41.7545 -24.3720 -10.7359 -34.8325 -3.4153 -48.7278 -30.8533 28.8516 -45.0449 -26.5472 8.3327 -38.1762 -18.6486 -42.6843 -32.9827 34.1400 -47.9921 -28.5435 18.1534 -41.8225
18.4191 -28.4975 -48.0263 34.0234 -33.0157 -42.4633 -18.7504 -38.2151 8.4645 -26.5692 -45.0844 28.9780 -30.8808 -48.7206 -3.6996 -34.8568 -10.6318 -24.3720 -41.7444 18.9038 -28.7405 -48.2180 32.9028 -33.2213 -40.3714 -19.7547 -38.7060 10.2108 -26.9060 -45.7085 31.0665 -31.3531 -48.3729 -9.6805 -35.8157 -3.0489 -25.1869 -42.6727 21.6301 -29.3498 -48.7019 26.2100 -33.7033 -33.7768 -21.5302 -39.5070 19.1281 -36.7544 -14.2033 -47.2329 -31.9843 33.5555 -46.5989 -27.4604 13.0064 -39.6349 -21.5127 -33.7712 -33.7033 26.2100 -48.7019 -29.3498 21.6301 -42.6727 -25.1869 -3.0489 -35.8157 -9.6805 -48.3729 -31.3531 31.0665 -45.7085 -26.9060 10.2108 -38.7060 -19.7547 -40.3714 -33.2213 32.9028 -48.2180 -28.7405 18.9038 -41.7444 -24.3720 -10.6318 -34.8568 -3.6996 -48.7206 -30.8808 28.9780 -45.0844 -26.5692 8.4644 -38.2149 -18.7479 -42.4782 -33.0132 34.0238 -48.0260 -28.4961 18.4349
-27.4520 -48.0594 33.8932 -33.0441 -42.2381 -18.8616 -38.2572 8.5984 -26.5916 -45.1239 29.1041 -30.9075 -48.7116 -4.0725 -34.9006 -10.3279 -24.3928 -41.7545 18.9038 -28.7341 -48.2056 33.0219 -33.1996 -40.5853 -19.6732 -38.6674 10.0886 -26.8832 -45.6701 30.9481 -31.3266 -48.4017 -9.4423 -35.7719 -3.3401 -25.1553 -42.6319 21.5103 -29.3237 -48.6865 26.6135 -33.6854 -34.1034 -21.4455 -39.6073 12.5110 -31.7778 2.1739 -36.7360 -14.0061 -47.3105 -31.9537 33.4666 -46.5623 -27.4366 12.8908 -39.5950 -21.4462 -34.1034 -33.6854 26.6135 -48.6865 -29.3237 21.5103 -42.6319 -25.1553 -3.3401 -35.7719 -9.4423 -48.4017 -31.3266 30.9481 -45.6701 -26.8832 10.0886 -38.6674 -19.6732 -40.5853 -33.1996 33.0219 -48.2056 -28.7341 18.9038 -41.7545 -24.3928 -10.3279 -34.9006 -4.0725 -48.7116 -30.9075 29.1041 -45.1239 -26.5916 8.5981 -38.2570 -18.8609 -42.2393 -33.0439 33.8933 -48.0594 -27.4512
-47.8949 33.7176 -33.0684 -42.0070 -18.9729 -38.3045 8.7512 -26.6154 -45.1638 29.2300 -30.9342 -48.7016 -4.4421 -34.9490 -9.9253 -24.4300 -41.7843 18.9613 -28.7405 -48.2056 33.0615 -33.1887 -40.7422 -19.5991 -38.6296 9.9658 -26.8605 -45.6315 30.8290 -31.3000 -48.4293 -9.1986 -35.7279 -3.6368 -25.1232 -42.5911 21.3908 -29.2976 -48.6705 27.0056 -33.6672 -34.4304 -21.3791 -39.5551 12.8148 -27.6549 -47.7853 -26.4144 2.2020 -36.6920 -13.8377 -47.3812 -31.9256 33.3780 -46.5261 -27.4129 12.7766 -39.5557 -21.3791 -34.4304 -33.6672 27.0056 -48.6705 -29.2976 21.3908 -42.5911 -25.1232 -3.6368 -35.7279 -9.1986 -48.4293 -31.3000 30.8290 -45.6315 -26.8605 9.9658 -38.6296 -19.5991 -40.7422 -33.1887 33.0615 -48.2056 -28.7405 18.9613 -41.7843 -24.4300 -9.9253 -34.9490 -4.4421 -48.7016 -30.9342 29.2300 -45.1637 -26.6159 8.7410 -38.3015 -18.9725 -42.0069 -33.0684 33.7176 -47.8949
26.0794 -32.7674 -41.7832 -19.0771 -38.3522 8.9125 -26.6409 -45.2072 29.3573 -30.9609 -48.6907 -4.8021 -34.9971 -9.5218 -24.4709 -41.8243 19.0651 -28.7597 -48.2180 33.0219 -33.1887 -40.7951 -19.5578 -38.6014 9.8548 -26.8381 -45.5928 30.7092 -31.2735 -48.4556 -8.9493 -35.6836 -3.9390 -25.0907 -42.5503 21.2714 -29.2716 -48.6541 27.3862 -33.6489 -34.7522 -21.3115 -39.5165 12.6604 -27.3819 -46.2209 34.3320 -43.1952 -25.7266 1.9698 -36.6552 -13.6795 -47.4445 -31.8997 33.2875 -46.4897 -27.3893 12.6623 -39.5165 -21.3115 -34.7522 -33.6489 27.3862 -48.6541 -29.2716 21.2714 -42.5503 -25.0907 -3.9390 -35.6836 -8.9493 -48.4556 -31.2735 30.7092 -45.5928 -26.8381 9.8548 -38.6014 -19.5578 -40.7951 -33.1887 33.0219 -48.2180 -28.7597 19.0651 -41.8243 -24.4709 -9.5218 -34.9971 -4.8021 -48.6907 -30.9597 29.3659 -45.2097 -26.6430 8.9005 -38.3487 -19.0765 -41.7833 -32.7669 26.0812
-32.9639 -41.5441 -19.1858 -38.4000 9.0726 -26.6670 -45.2534 29.4956 -30.9868 -48.6787 -5.1528 -35.0450 -9.1240 -24.5114 -41.8649 19.1804 -28.7854 -48.2408 32.9028 -33.1996 -40.7422 -19.5578 -38.5918 9.7929 -26.8215 -45.5578 30.5906 -31.2469 -48.4807 -8.6942 -35.6390 -4.2470 -25.0576 -42.5095 21.1524 -29.2455 -48.6372 27.7555 -33.6304 -35.0688 -21.2433 -39.4772 12.5477 -27.3669 -46.4720 32.9258 -34.6919 23.9435 -43.4925 -25.7067 1.7668 -36.6183 -13.5209 -47.5051 -31.8737 33.1952 -46.4533 -27.3657 12.5477 -39.4772 -21.2433 -35.0688 -33.6304 27.7555 -48.6372 -29.2455 21.1524 -42.5095 -25.0576 -4.2470 -35.6390 -8.6942 -48.4807 -31.2469 30.5906 -45.5578 -26.8215 9.7929 -38.5918 -19.5578 -40.7422 -33.1996 32.9028 -48.2408 -28.7854 19.1804 -41.8649 -24.5114 -9.1240 -35.0450 -5.1528 -48.6787 -30.9843 29.5145 -45.2593 -26.6705 9.0617 -38.3968 -19.1852 -41.5438 -32.9634
-42.5362 -19.2896 -38.4476 9.2306 -26.6935 -45.2991 29.6415 -31.0150 -48.6655 -5.4951 -35.0926 -8.7323 -24.5514 -41.9055 19.2960 -28.8110 -48.2652 32.7359 -33.2213 -40.5853 -19.5991 -38.6014 9.7929 -26.8158 -45.5385 30.5018 -31.2217 -48.5042 -8.4330 -35.5942 -4.5607 -25.0241 -42.4688 21.0335 -29.2195 -48.6199 28.1135 -33.6117 -35.3802 -21.1746 -39.4380 12.4330 -27.3421 -46.4155 33.1301 -32.3293 -41.0438 -31.1533 23.9601 -43.4474 -25.6858 1.5606 -36.5812 -13.3595 -47.5639 -31.8478 33.1011 -46.4167 -27.3421 12.4330 -39.4380 -21.1746 -35.3802 -33.6117 28.1135 -48.6199 -29.2195 21.0335 -42.4688 -25.0241 -4.5607 -35.5942 -8.4330 -48.5042 -31.2217 30.5018 -45.5385 -26.8158 9.7929 -38.6014 -19.5991 -40.5853 -33.2213 32.7359 -48.2652 -28.8110 19.2960 -41.9055 -24.5514 -8.7323 -35.0926 -5.4950 -48.6655 -31.0124 29.6620 -45.3056 -26.6968 9.2209 -38.4452 -19.2877 -42.5403
-18.7167 -38.4923 9.3796 -26.7212 -45.3471 29.7944 -31.0494 -48.6489 -5.8590 -35.1409 -8.3460 -24.5910 -41.9462 19.4117 -28.8366 -48.2893 32.5575 -33.2428 -40.3714 -19.6732 -38.6296 9.8548 -26.8215 -45.5385 30.4715 -31.2084 -48.5209 -8.1925 -35.5498 -4.8802 -24.9901 -42.4280 20.9149 -29.1935 -48.6020 28.4603 -33.5929 -35.6866 -21.1053 -39.3989 12.3179 -27.3186 -46.3800 33.0039 -31.7980 -47.7988 -20.1443 -48.6709 -29.8077 23.8263 -43.4067 -25.6644 1.3511 -36.5436 -13.1954 -47.6209 -31.8218 33.0052 -46.3800 -27.3186 12.3179 -39.3989 -21.1053 -35.6866 -33.5929 28.4603 -48.6020 -29.1935 20.9149 -42.4280 -24.9901 -4.8802 -35.5498 -8.1925 -48.5209 -31.2084 30.4715 -45.5385 -26.8215 9.8548 -38.6296 -19.6732 -40.3714 -33.2428 32.5575 -48.2893 -28.8366 19.4117 -41.9462 -24.5910 -8.3465 -35.1406 -5.8588 -48.6489 -31.0454 29.8073 -45.3513 -26.7229 9.3807 -38.4932 -18.7161
-39.1621 9.5246 -26.7493 -45.3962 29.9501 -31.0843 -48.6286 -6.2631 -35.1926 -7.9606 -24.6303 -41.9869 19.5276 -28.8623 -48.3130 32.3703 -33.2643 -40.1499 -19.7547 -38.6674 9.9658 -26.8381 -45.5578 30.5018 -31.2084 -48.5265 -8.0568 -35.5164 -5.1731 -24.9562 -42.3872 20.7965 -29.1676 -48.5838 28.7960 -33.5738 -35.9878 -21.0355 -39.3597 12.2027 -27.2952 -46.3432 32.9076 -31.7986 -47.6579 -12.4398 -37.4581 19.3653 -48.8964 -29.7908 23.7022 -43.3660 -25.6424 1.1383 -36.5056 -13.0284 -47.6762 -31.7957 32.9076 -46.3432 -27.2952 12.2027 -39.3597 -21.0355 -35.9878 -33.5738 28.7960 -48.5838 -29.1676 20.7965 -42.3872 -24.9562 -5.1731 -35.5164 -8.0568 -48.5265 -31.2084 30.5018 -45.5578 -26.8381 9.9658 -38.6674 -19.7547 -40.1499 -33.2643 32.3703 -48.3130 -28.8623 19.5276 -41.9869 -24.6303 -7.9583 -35.1926 -6.2408 -48.6297 -31.0799 29.9518 -45.3969 -26.7495 9.5370 -39.1631
9.4210 -26.7635 -45.4456 30.1043 -31.1180 -48.6074 -6.6582 -35.2498 -7.5228 -24.6733 -42.0309 19.6453 -28.8879 -48.3363 32.1741 -33.2856 -39.9241 -19.8354 -38.7060 10.0886 -26.8605 -45.5928 30.5906 -31.2217 -48.5209 -8.0568 -35.5051 -5.3378 -24.9307 -42.3505 20.6802 -29.1416 -48.5651 29.1208 -33.5546 -36.2840 -20.9650 -39.3206 12.0871 -27.2717 -46.3063 32.8085 -31.7697 -47.7307 -12.9160 -36.3640 9.4645 -34.4915 18.2801 -48.8735 -29.7643 23.5785 -43.3252 -25.6198 0.9221 -36.4673 -12.8584 -47.7298 -31.7697 32.8085 -46.3063 -27.2717 12.0871 -39.3206 -20.9650 -36.2840 -33.5546 29.1208 -48.5651 -29.1416 20.6802 -42.3505 -24.9307 -5.3378 -35.5051 -8.0568 -48.5209 -31.2217 30.5906 -45.5928 -26.8605 10.0886 -38.7060 -19.8354 -39.9241 -33.2856 32.1741 -48.3363 -28.8879 19.6437 -42.0281 -24.6725 -7.5225 -35.2498 -6.6320 -48.6089 -31.1159 30.1033 -45.4453 -26.7632 9.4389
-25.3396 -45.4940 30.2579 -31.1513 -48.5847 -7.0370 -35.3084 -7.0630 -24.7192 -42.0791 19.7730 -28.9130 -48.3594 31.9689 -33.3067 -39.6940 -19.9155 -38.7445 10.2108 -26.8832 -45.6315 30.7092 -31.2469 -48.5042 -8.1925 -35.5164 -5.3378 -24.9219 -42.3301 20.5936 -29.1176 -48.5456 29.4346 -33.5353 -36.5751 -20.8940 -39.2815 11.9713 -27.2483 -46.2693 32.7077 -31.7436 -47.7818 -12.6823 -36.4344 -0.0565 -29.8337 -28.7696 -33.9305 18.9068 -48.8681 -29.7379 23.4550 -43.2845 -25.5967 0.7023 -36.4286 -12.6853 -47.7818 -31.7436 32.7077 -46.2693 -27.2483 11.9713 -39.2815 -20.8940 -36.5751 -33.5353 29.4346 -48.5456 -29.1176 20.5936 -42.3301 -24.9219 -5.3378 -35.5164 -8.1925 -48.5042 -31.2469 30.7092 -45.6315 -26.8832 10.2108 -38.7445 -19.9155 -39.6940 -33.3067 31.9689 -48.3594 -28.9130 19.7699 -42.0760 -24.7184 -7.0656 -35.3073 -7.0351 -48.5848 -31.1511 30.2578 -45.4940 -25.3394
-45.5182 30.4069 -31.1818 -48.5602 -7.4041 -35.3665 -6.6155 -24.7653 -42.1275 19.9099 -28.9378 -48.3820 31.7544 -33.3278 -39.4595 -19.9948 -38.7831 10.3325 -26.9060 -45.6701 30.8290 -31.2735 -48.4807 -8.4330 -35.5498 -5.1731 -24.9307 -42.3301 20.5641 -29.1047 -48.5307 29.7078 -33.5136 -36.8613 -20.8225 -39.2425 11.8551 -27.2250 -46.2321 32.6055 -31.7174 -47.8321 -12.5090 -36.3896 0.5540 -25.6679 -44.6102 -22.6815 -28.6081 -33.9301 19.4718 -48.8609 -29.7115 23.3317 -43.2437 -25.5730 0.4789 -36.3896 -12.5090 -47.8321 -31.7174 32.6055 -46.2321 -27.2250 11.8551 -39.2425 -20.8225 -36.8613 -33.5136 29.7078 -48.5307 -29.1047 20.5641 -42.3301 -24.9307 -5.1731 -35.5498 -8.4330 -48.4807 -31.2735 30.8290 -45.6701 -26.9060 10.3325 -38.7831 -19.9948 -39.4595 -33.3278 31.7544 -48.3820 -28.9380 19.9087 -42.1273 -24.7638 -6.6431 -35.3628 -7.4047 -48.5602 -31.1818 30.4069 -45.5182
29.9940 -31.0172 -48.5354 -7.7403 -35.4241 -6.1780 -24.8104 -42.1750 20.0464 -28.9655 -48.4043 31.5291 -33.3491 -39.2205 -20.0734 -38.8218 10.4537 -26.9288 -45.7085 30.9481 -31.3000 -48.4556 -8.6942 -35.5942 -4.8802 -24.9562 -42.3505 20.5936 -29.1047 -48.5258 29.8559 -33.4968 -37.1148 -20.7514 -39.2035 11.7387 -27.2016 -46.1949 32.5018 -31.6913 -47.8807 -12.3295 -36.3502 0.2478 -25.5498 -43.0279 30.2060 -40.0170 -22.3237 -29.0439 -33.9151 20.0272 -48.8531 -29.6851 23.2086 -43.2029 -25.5487 0.2516 -36.3502 -12.3295 -47.8807 -31.6913 32.5018 -46.1949 -27.2016 11.7387 -39.2035 -20.7514 -37.1148 -33.4968 29.8559 -48.5258 -29.1047 20.5936 -42.3505 -24.9562 -4.8802 -35.5942 -8.6942 -48.4556 -31.3000 30.9481 -45.7085 -26.9288 10.4537 -38.8218 -20.0734 -39.2205 -33.3487 31.5301 -48.4041 -28.9656 20.0546 -42.1778 -24.8095 -6.2103 -35.4199 -7.7405 -48.5354 -31.0168 29.9934
-30.5687 -48.5080 -8.0865 -35.4813 -5.7501 -24.8546 -42.2225 20.1829 -28.9971 -48.4297 31.2765 -33.3722 -38.9733 -20.1514 -38.8604 10.5744 -26.9516 -45.7470 31.0665 -31.3266 -48.4293 -8.9493 -35.6390 -4.5607 -24.9901 -42.3872 20.6802 -29.1176 -48.5307 29.8559 -33.4919 -37.2539 -20.6980 -39.1684 11.6238 -27.1784 -46.1576 32.3967 -31.6651 -47.9278 -12.1466 -36.3104 0.0205 -25.5242 -43.1770 22.6855 -33.3246 14.2013 -40.1048 -22.2611 -29.4428 -33.8999 20.5730 -48.8447 -29.6588 23.0858 -43.1622 -25.5239 0.0205 -36.3104 -12.1466 -47.9278 -31.6651 32.3967 -46.1576 -27.1784 11.6238 -39.1684 -20.6980 -37.2539 -33.4919 29.8559 -48.5307 -29.1176 20.6802 -42.3872 -24.9901 -4.5607 -35.6390 -8.9493 -48.4293 -31.3266 31.0665 -45.7470 -26.9516 10.5744 -38.8604 -20.1514 -38.9733 -33.3714 31.2777 -48.4295 -28.9963 20.2007 -42.2287 -24.8550 -5.7791 -35.4774 -8.0865 -48.5080 -30.5682
-48.6360 -8.4445 -35.5371 -5.3344 -24.8983 -42.2700 20.3198 -29.0299 -48.4572 30.9879 -33.3985 -38.6828 -20.2347 -38.8991 10.6946 -26.9745 -45.7853 31.1841 -31.3531 -48.4017 -9.1986 -35.6836 -4.2470 -25.0241 -42.4280 20.7965 -29.1416 -48.5456 29.7078 -33.4968 -37.2539 -20.6798 -39.1490 11.5379 -27.1573 -46.1205 32.2903 -31.6388 -47.9734 -11.9602 -36.2704 -0.2145 -25.4985 -43.1206 23.0038 -30.0161 -48.6303 -28.7516 14.2380 -40.0624 -22.2005 -29.8366 -33.8845 21.1086 -48.8357 -29.6324 22.9632 -43.1214 -25.4985 -0.2145 -36.2704 -11.9602 -47.9734 -31.6388 32.2903 -46.1205 -27.1573 11.5379 -39.1490 -20.6798 -37.2539 -33.4968 29.7078 -48.5456 -29.1416 20.7965 -42.4280 -25.0241 -4.2470 -35.6836 -9.1986 -48.4017 -31.3531 31.1841 -45.7853 -26.9745 10.6946 -38.8991 -20.2347 -38.6809 -33.3983 30.9880 -48.4572 -29.0287 20.3393 -42.2768 -24.8988 -5.3597 -35.5349 -8.4389 -48.6364
-11.6100 -35.5898 -4.9483 -24.9407 -42.3200 20.4642 -29.0640 -48.4836 30.6637 -33.4249 -38.3633 -20.3255 -38.9412 10.8161 -26.9974 -45.8235 31.3009 -31.3795 -48.3729 -9.4423 -35.7279 -3.9390 -25.0576 -42.4688 20.9149 -29.1676 -48.5651 29.4346 -33.5136 -37.1148 -20.6980 -39.1490 11.5086 -27.1457 -46.0928 32.1934 -31.6115 -48.0173 -11.7701 -36.2299 -0.4537 -25.4726 -43.0806 22.8388 -29.5901 -48.5113 -5.7918 -46.2747 -27.6901 14.1167 -40.0227 -22.1395 -30.2252 -33.8688 21.6340 -48.8261 -29.6061 22.8408 -43.0806 -25.4726 -0.4537 -36.2299 -11.7701 -48.0173 -31.6115 32.1934 -46.0928 -27.1457 11.5086 -39.1490 -20.6980 -37.1148 -33.5136 29.4346 -48.5651 -29.1676 20.9149 -42.4688 -25.0576 -3.9390 -35.7279 -9.4423 -48.3729 -31.3795 31.3009 -45.8235 -26.9974 10.8144 -38.9385 -20.3245 -38.3631 -33.4249 30.6637 -48.4836 -29.0617 20.4766 -42.3243 -24.9417 -4.9455 -35.5914 -11.6064
-36.5958 -4.5791 -24.9824 -42.3712 20.6122 -29.0977 -48.5101 30.3076 -33.4480 -38.0567 -20.4153 -38.9873 10.9472 -27.0203 -45.8617 31.4168 -31.4060 -48.3428 -9.6805 -35.7719 -3.6368 -25.0907 -42.5095 21.0335 -29.1935 -48.5838 29.1208 -33.5353 -36.8613 -20.7514 -39.1684 11.5379 -27.1457 -46.0834 32.1391 -31.5908 -48.0557 -11.5796 -36.1892 -0.6971 -25.4461 -43.0398 22.7187 -29.5819 -48.8430 24.0683 -35.6426 34.3397 -46.9186 -27.6715 14.0041 -39.9831 -22.0780 -30.6088 -33.8529 22.1487 -48.8159 -29.5798 22.7187 -43.0398 -25.4461 -0.6971 -36.1892 -11.5796 -48.0557 -31.5908 32.1391 -46.0834 -27.1457 11.5379 -39.1684 -20.7514 -36.8613 -33.5353 29.1208 -48.5838 -29.1935 21.0335 -42.5095 -25.0907 -3.6368 -35.7719 -9.6805 -48.3428 -31.4060 31.4168 -45.8617 -27.0205 10.9447 -38.9841 -20.4147 -38.0569 -33.4479 30.3276 -48.5089 -29.0945 20.6140 -42.3718 -24.9842 -4.5476 -36.5982
-5.9467 -25.0307 -42.4228 20.7599 -29.1303 -48.5353 29.9488 -33.4700 -37.7286 -20.5081 -39.0362 11.0953 -27.0435 -45.8998 31.5318 -31.4325 -48.3114 -9.9135 -35.8157 -3.3401 -25.1232 -42.5503 21.1524 -29.2195 -48.6020 28.7960 -33.5546 -36.5751 -20.8225 -39.2035 11.6238 -27.1573 -46.0928 32.1391 -31.5843 -48.0764 -11.4350 -36.1522 -0.9409 -25.4191 -42.9990 22.5968 -29.5536 -48.8028 22.4698 -34.2308 -7.7058 -33.4719 34.1560 -46.8760 -27.6474 13.8915 -39.9435 -22.0159 -30.9873 -33.8368 22.6526 -48.8051 -29.5536 22.5968 -42.9990 -25.4191 -0.9409 -36.1522 -11.4350 -48.0764 -31.5843 32.1391 -46.0928 -27.1573 11.6238 -39.2035 -20.8225 -36.5751 -33.5546 28.7960 -48.6020 -29.2195 21.1524 -42.5503 -25.1232 -3.3401 -35.8157 -9.9135 -48.3114 -31.4325 31.5318 -45.9004 -27.0451 11.0862 -39.0329 -20.5075 -37.7286 -33.4726 29.9743 -48.5337 -29.1285 20.7589 -42.4225 -25.0339 -5.8992
-23.3144 -42.4736 20.9080 -29.1627 -48.5595 29.5777 -33.4950 -37.3873 -20.6010 -39.0845 11.2432 -27.0685 -45.9383 31.6462 -31.4589 -48.2786 -10.1414 -35.8591 -3.0489 -25.1553 -42.5911 21.2714 -29.2455 -48.6199 28.4603 -33.5738 -36.2840 -20.8940 -39.2425 11.7387 -27.1784 -46.1205 32.1934 -31.5908 -48.0764 -11.3853 -36.1316 -1.1255 -25.3945 -42.9589 22.4751 -29.5273 -48.7938 23.1551 -33.7944 -32.5685 -26.4792 -46.8408 -32.1468 34.0844 -46.8413 -27.6234 13.7787 -39.9039 -21.9534 -31.3606 -33.8205 23.1455 -48.7938 -29.5273 22.4751 -42.9589 -25.3945 -1.1255 -36.1316 -11.3853 -48.0764 -31.5908 32.1934 -46.1205 -27.1784 11.7387 -39.2425 -20.8940 -36.2840 -33.5738 28.4603 -48.6199 -29.2455 21.2714 -42.5911 -25.1553 -3.0489 -35.8591 -10.1414 -48.2786 -31.4589 31.6478 -45.9422 -27.0715 11.2343 -39.0815 -20.6002 -37.3893 -33.4957 29.5795 -48.5593 -29.1626 20.9079 -42.4737 -23.3161
-42.7472 21.0569 -29.1935 -48.5829 29.1900 -33.5195 -37.0400 -20.6923 -39.1303 11.3821 -27.0964 -45.9824 31.7691 -31.4878 -48.2439 -10.3645 -35.9023 -2.7631 -25.1869 -42.6319 21.3908 -29.2716 -48.6372 28.1135 -33.5929 -35.9878 -20.9650 -39.2815 11.8551 -27.2016 -46.1576 32.2903 -31.6115 -48.0557 -11.4350 -36.1316 -1.1890 -25.3806 -42.9289 22.3657 -29.5007 -48.7819 23.6272 -33.8068 -31.6061 -21.7817 -40.8901 -14.8850 -46.8078 -32.1347 34.0137 -46.8062 -27.5994 13.6659 -39.8644 -21.8904 -31.7286 -33.8039 23.6272 -48.7819 -29.5007 22.3657 -42.9289 -25.3806 -1.1890 -36.1316 -11.4350 -48.0557 -31.6115 32.2903 -46.1576 -27.2016 11.8551 -39.2815 -20.9650 -35.9878 -33.5929 28.1135 -48.6372 -29.2716 21.3908 -42.6319 -25.1869 -2.7631 -35.9023 -10.3645 -48.2440 -31.4863 31.7729 -45.9867 -27.0983 11.3816 -39.1302 -20.6873 -37.0619 -33.5154 29.1885 -48.5830 -29.1935 21.0569 -42.7472
21.4031 -29.1204 -48.6047 28.8091 -33.5438 -36.6853 -20.7824 -39.1758 11.5192 -27.1255 -46.0301 31.9020 -31.5207 -48.2023 -10.6014 -35.9452 -2.4825 -25.2179 -42.6727 21.5103 -29.2976 -48.6541 27.7555 -33.6117 -35.6866 -21.0355 -39.3206 11.9713 -27.2250 -46.1949 32.3967 -31.6388 -48.0173 -11.5796 -36.1522 -1.1255 -25.3806 -42.9187 22.3051 -29.4807 -48.7700 24.0898 -33.7872 -32.0975 -21.8433 -39.6959 19.6609 -36.9111 -14.8708 -46.8920 -32.1091 33.9406 -46.7709 -27.5755 13.5529 -39.8249 -21.8269 -32.0915 -33.7872 24.0898 -48.7700 -29.4807 22.3051 -42.9187 -25.3806 -1.1255 -36.1522 -11.5796 -48.0173 -31.6388 32.3967 -46.1949 -27.2250 11.9713 -39.3206 -21.0355 -35.6866 -33.6117 27.7555 -48.6541 -29.2976 21.5103 -42.6727 -25.2179 -2.4825 -35.9452 -10.5865 -48.2049 -31.5174 31.9035 -46.0308 -27.1257 11.5275 -39.1785 -20.7771 -36.7120 -33.5392 28.8079 -48.6046 -29.1200 21.4024
-28.2083 -48.6264 28.3880 -33.5705 -36.3229 -20.8716 -39.2212 11.6557 -27.1546 -46.0773 32.0404 -31.5555 -48.1554 -10.8549 -35.9911 -2.2012 -25.2487 -42.7135 21.6301 -29.3237 -48.6705 27.3862 -33.6304 -35.3802 -21.1053 -39.3597 12.0871 -27.2483 -46.2321 32.5018 -31.6651 -47.9734 -11.7701 -36.1892 -0.9409 -25.3945 -42.9289 22.3051 -29.4742 -48.7636 24.4275 -33.7693 -32.4434 -21.7623 -39.7978 13.0634 -31.8560 3.0409 -36.9071 -14.7205 -46.9680 -32.0835 33.8650 -46.7355 -27.5516 13.4398 -39.7854 -21.7629 -32.4434 -33.7693 24.4275 -48.7636 -29.4742 22.3051 -42.9289 -25.3945 -0.9409 -36.1892 -11.7701 -47.9734 -31.6651 32.5018 -46.2321 -27.2483 12.0871 -39.3597 -21.1053 -35.3802 -33.6304 27.3862 -48.6705 -29.3237 21.6301 -42.7135 -25.2485 -2.2028 -35.9908 -10.8371 -48.1586 -31.5533 32.0394 -46.0769 -27.1543 11.6735 -39.2272 -20.8673 -36.3480 -33.5662 28.3869 -48.6265 -28.2078
-48.4176 27.8905 -33.5923 -35.9550 -20.9596 -39.2668 11.7917 -27.1837 -46.1242 32.1768 -31.5884 -48.1065 -11.1144 -36.0411 -1.9024 -25.2804 -42.7548 21.7501 -29.3498 -48.6865 27.0056 -33.6489 -35.0688 -21.1746 -39.3989 12.2027 -27.2717 -46.2693 32.6055 -31.6913 -47.9278 -11.9602 -36.2299 -0.6971 -25.4191 -42.9589 22.3657 -29.4807 -48.7636 24.5413 -33.7608 -32.7026 -21.7048 -39.7460 13.3643 -27.7753 -47.9237 -26.5299 3.1099 -36.8683 -14.5851 -47.0374 -32.0467 33.7909 -46.6968 -27.5285 13.3257 -39.7462 -21.7048 -32.7026 -33.7608 24.5413 -48.7636 -29.4807 22.3657 -42.9589 -25.4191 -0.6971 -36.2299 -11.9602 -47.9278 -31.6913 32.6055 -46.2693 -27.2717 12.2027 -39.3989 -21.1746 -35.0688 -33.6489 27.0056 -48.6865 -29.3498 21.7501 -42.7548 -25.2800 -1.9041 -36.0403 -11.1130 -48.1067 -31.5882 32.1767 -46.1242 -27.1835 11.8112 -39.2733 -20.9558 -35.9779 -33.5904 27.8980 -48.4170
15.3687 -33.2272 -35.5984 -21.0429 -39.3147 11.9345 -27.2137 -46.1713 32.3121 -31.6198 -48.0553 -11.3674 -36.0935 -1.5751 -25.3147 -42.7997 21.8720 -29.3760 -48.7019 26.6135 -33.6672 -34.7522 -21.2433 -39.4380 12.3179 -27.2952 -46.3063 32.7077 -31.7174 -47.8807 -12.1466 -36.2704 -0.4537 -25.4461 -42.9990 22.4751 -29.5007 -48.7700 24.4275 -33.7608 -32.7903 -21.6724 -39.7177 13.2298 -27.4877 -46.3847 33.6413 -43.3690 -25.8245 2.7984 -36.8003 -14.2984 -47.1995 -32.8039 34.3272 -46.6044 -27.5014 13.2285 -39.7179 -21.6724 -32.7903 -33.7608 24.4275 -48.7700 -29.5007 22.4751 -42.9990 -25.4461 -0.4537 -36.2704 -12.1466 -47.8807 -31.7174 32.7077 -46.3063 -27.2952 12.3179 -39.4380 -21.2433 -34.7522 -33.6672 26.6135 -48.7019 -29.3760 21.8720 -42.7997 -25.3139 -1.5956 -36.0902 -11.3676 -48.0552 -31.6198 32.3121 -46.1713 -27.2128 11.9468 -39.3189 -21.0433 -35.5958 -33.2297 15.3841
-33.7089 -35.2436 -21.1250 -39.3639 12.0801 -27.2440 -46.2202 32.4508 -31.6508 -48.0048 -11.6006 -36.1454 -1.2521 -25.3495 -42.8474 22.0046 -29.4014 -48.7169 26.2100 -33.6854 -34.4304 -21.3115 -39.4772 12.4330 -27.3186 -46.3432 32.8085 -31.7436 -47.8321 -12.3295 -36.3104 -0.2145 -25.4726 -43.0398 22.5968 -29.5273 -48.7819 24.0898 -33.7693 -32.7026 -21.6724 -39.7078 13.1899 -27.3877 -46.6031 33.2750 -35.5422 24.4058 -43.6491 -25.9467 2.8719 -36.9953 -18.4504 -35.1306 -37.6777 35.8941 -46.4365 -27.4703 13.0020 -39.7097 -21.6721 -32.7026 -33.7693 24.0898 -48.7819 -29.5273 22.5968 -43.0398 -25.4726 -0.2145 -36.3104 -12.3295 -47.8321 -31.7436 32.8085 -46.3432 -27.3186 12.4330 -39.4772 -21.3115 -34.4304 -33.6854 26.2100 -48.7169 -29.4014 22.0128 -42.8502 -25.3497 -1.2759 -36.1416 -11.6005 -48.0048 -31.6507 32.4437 -46.2176 -27.2420 12.0819 -39.3645 -21.1303 -35.2125 -33.7130
-36.8029 -21.2003 -39.4134 12.2247 -27.2735 -46.2671 32.5823 -31.6816 -47.9496 -11.8388 -36.1968 -0.9363 -25.3834 -42.8952 22.1464 -29.4280 -48.7317 25.7950 -33.7033 -34.1034 -21.3791 -39.5165 12.5477 -27.3421 -46.3800 32.9076 -31.7697 -47.7818 -12.5090 -36.3502 0.0205 -25.4985 -43.0806 22.7187 -29.5536 -48.7938 23.6272 -33.7872 -32.4434 -21.7048 -39.7177 13.1902 -27.2980 -45.2815 30.3154 -35.6306 -9.2903 -34.7244 27.1136 -43.9308 -27.6977 6.5750 -39.4380 16.7657 -22.1943 -41.8593 35.9307 -45.2682 -28.5258 12.8579 -39.7193 -21.7044 -32.4434 -33.7872 23.6272 -48.7938 -29.5536 22.7187 -43.0806 -25.4985 0.0205 -36.3502 -12.5090 -47.7818 -31.7697 32.9076 -46.3800 -27.3421 12.5477 -39.5165 -21.3791 -34.1034 -33.7033 25.7950 -48.7317 -29.4272 22.1648 -42.9014 -25.3848 -0.9576 -36.1933 -11.8389 -47.9496 -31.6832 32.5739 -46.2640 -27.2720 12.2237 -39.4131 -21.2105 -36.7639
-20.1512 -39.4623 12.3688 -27.3028 -46.3134 32.7104 -31.7146 -47.8911 -12.0756 -36.2470 -0.6293 -25.4167 -42.9428 22.2876 -29.4590 -48.7474 25.3591 -33.7215 -33.7712 -21.4462 -39.5557 12.6623 -27.3657 -46.4167 33.0052 -31.7957 -47.7298 -12.6853 -36.3896 0.2516 -25.5239 -43.1214 22.8408 -29.5798 -48.8051 23.1455 -33.8039 -32.0915 -21.7629 -39.7466 13.2321 -27.3912 -44.7734 -37.5837 44.6102 -16.8335 -23.0151 49.7026 11.4752 -50.0645 -50.8607 15.0263 -48.9766 6.6457 29.2360 -69.8968 -77.5628 -36.0806 -55.3494 -28.7584 13.0715 -39.7470 -21.7629 -32.0915 -33.8039 23.1455 -48.8051 -29.5798 22.8408 -43.1214 -25.5239 0.2516 -36.3896 -12.6853 -47.7298 -31.7957 33.0052 -46.4167 -27.3657 12.6623 -39.5557 -21.4462 -33.7712 -33.7215 25.3589 -48.7474 -29.4575 22.3078 -42.9496 -25.4182 -0.6480 -36.2442 -12.0742 -47.8915 -31.7144 32.7096 -46.3132 -27.3026 12.3687 -39.4624 -20.1570
-40.0288 12.5131 -27.3313 -46.3596 32.8360 -31.7472 -47.8304 -12.3056 -36.2945 -0.3443 -25.4494 -42.9929 22.4367 -29.4938 -48.7638 24.8416 -33.7396 -33.4263 -21.5129 -39.5950 12.7766 -27.3893 -46.4533 33.1011 -31.8218 -47.6762 -12.8584 -36.4286 0.4789 -25.5487 -43.1622 22.9632 -29.6061 -48.8159 22.6526 -33.8205 -31.7286 -21.8269 -39.7854 13.3266 -27.4996 -46.1290 10.8587 16.1705 -42.2923 49.1386 14.8517 9.9947 -46.0118 -54.3863 -49.7436 -23.7651 13.8650 -4.8341 -51.4033 -10.2536 -23.9220 -46.8309 12.2994 -48.4268 -27.8907 13.3294 -39.7854 -21.8269 -31.7286 -33.8205 22.6526 -48.8159 -29.6061 22.9632 -43.1622 -25.5487 0.4789 -36.4286 -12.8584 -47.6762 -31.8218 33.1011 -46.4533 -27.3893 12.7766 -39.5950 -21.5127 -33.4283 -33.7393 24.8416 -48.7638 -29.4911 22.4495 -42.9972 -25.4505 -0.3453 -36.2946 -12.2914 -47.8342 -31.7436 32.8358 -46.3596 -27.3313 12.5132 -40.0288
