0.1098 0.2380 0.2603 0.1126 0.3965 0.1358 0.1358 0.4993 0.1156 0.1951 0.3719 0.1099 0.3180 0.1564 0.1223 0.4925 0.1219 0.1639 0.4489 0.1105 0.2555 0.2216 0.1144 0.4247 0.1314 0.1416 0.4920 0.1139 0.2081 0.3376 0.1104 0.3427 0.1477 0.1262 0.5010 0.1195 0.1733 0.4270 0.1100 0.2746 0.1896 0.1165 0.4518 0.1277 0.1483 0.4821 0.1057 0.5025 0.1307 0.1411 0.3689 0.1113 0.2998 0.2224 0.1125 0.4810 0.1483 0.1277 0.4518 0.1165 0.1896 0.2747 0.1100 0.4269 0.1733 0.1195 0.5010 0.1262 0.1477 0.3427 0.1104 0.3376 0.2081 0.1139 0.4920 0.1416 0.1315 0.4248 0.1144 0.2216 0.2555 0.1105 0.4489 0.1639 0.1219 0.4926 0.1223 0.1564 0.3180 0.1099 0.3719 0.1951 0.1156 0.4993 0.1358 0.1358 0.3965 0.1126 0.2603 0.2380 0.1098
0.2380 0.2922 0.1173 0.4143 0.1312 0.1411 0.5184 0.1148 0.2029 0.4025 0.1134 0.3321 0.1566 0.1275 0.5108 0.1189 0.1702 0.4736 0.1124 0.2663 0.2507 0.1193 0.4431 0.1269 0.1471 0.5122 0.1139 0.2165 0.3700 0.1144 0.3580 0.1448 0.1313 0.5190 0.1173 0.1801 0.4535 0.1124 0.2865 0.2095 0.1216 0.4707 0.1235 0.1540 0.5024 0.1115 0.2723 0.1116 0.5209 0.1359 0.1369 0.3854 0.1157 0.3333 0.2316 0.1131 0.5025 0.1540 0.1235 0.4707 0.1216 0.2094 0.2866 0.1124 0.4535 0.1801 0.1173 0.5190 0.1313 0.1447 0.3581 0.1144 0.3700 0.2165 0.1139 0.5122 0.1471 0.1269 0.4432 0.1193 0.2507 0.2663 0.1124 0.4736 0.1702 0.1189 0.5108 0.1275 0.1566 0.3321 0.1134 0.4025 0.2029 0.1148 0.5184 0.1411 0.1312 0.4143 0.1173 0.2922 0.2380
0.2603 0.1173 0.4138 0.1310 0.1409 0.5186 0.1143 0.2024 0.4038 0.1128 0.3308 0.1571 0.1273 0.5102 0.1185 0.1698 0.4744 0.1118 0.2653 0.2527 0.1189 0.4416 0.1267 0.1468 0.5125 0.1133 0.2158 0.3717 0.1138 0.3566 0.1449 0.1311 0.5188 0.1169 0.1795 0.4546 0.1118 0.2854 0.2113 0.1214 0.4695 0.1233 0.1536 0.5031 0.1126 0.2291 0.2405 0.1912 0.1155 0.5210 0.1357 0.1369 0.3840 0.1151 0.3352 0.2308 0.1126 0.5030 0.1536 0.1233 0.4694 0.1213 0.2112 0.2855 0.1118 0.4546 0.1795 0.1169 0.5187 0.1311 0.1449 0.3567 0.1138 0.3717 0.2158 0.1133 0.5126 0.1468 0.1267 0.4417 0.1189 0.2527 0.2654 0.1118 0.4745 0.1698 0.1186 0.5102 0.1273 0.1571 0.3309 0.1128 0.4038 0.2024 0.1143 0.5186 0.1409 0.1310 0.4138 0.1173 0.2603
0.1126 0.4143 0.1310 0.1408 0.5187 0.1143 0.2019 0.4050 0.1127 0.3297 0.1579 0.1271 0.5095 0.1186 0.1694 0.4752 0.1118 0.2643 0.2550 0.1188 0.4402 0.1269 0.1465 0.5129 0.1134 0.2151 0.3736 0.1137 0.3553 0.1454 0.1309 0.5185 0.1170 0.1790 0.4558 0.1118 0.2844 0.2133 0.1212 0.4682 0.1234 0.1532 0.5036 0.1126 0.2301 0.3421 0.1201 0.4331 0.1898 0.1156 0.5210 0.1354 0.1373 0.3826 0.1150 0.3371 0.2300 0.1126 0.5036 0.1533 0.1234 0.4681 0.1212 0.2131 0.2844 0.1118 0.4557 0.1790 0.1169 0.5185 0.1309 0.1454 0.3554 0.1137 0.3734 0.2151 0.1134 0.5129 0.1465 0.1269 0.4403 0.1188 0.2549 0.2644 0.1118 0.4754 0.1693 0.1186 0.5095 0.1271 0.1579 0.3297 0.1127 0.4050 0.2019 0.1143 0.5187 0.1408 0.1310 0.4143 0.1126
0.3965 0.1312 0.1409 0.5187 0.1144 0.2016 0.4059 0.1127 0.3287 0.1586 0.1270 0.5089 0.1187 0.1690 0.4761 0.1118 0.2634 0.2571 0.1187 0.4388 0.1271 0.1462 0.5132 0.1134 0.2144 0.3752 0.1136 0.3541 0.1459 0.1307 0.5183 0.1170 0.1785 0.4568 0.1118 0.2834 0.2152 0.1211 0.4670 0.1236 0.1529 0.5042 0.1126 0.2292 0.3386 0.1141 0.4439 0.1097 0.4335 0.1893 0.1156 0.5210 0.1352 0.1376 0.3813 0.1150 0.3390 0.2292 0.1126 0.5041 0.1529 0.1236 0.4668 0.1211 0.2151 0.2834 0.1118 0.4568 0.1785 0.1170 0.5182 0.1307 0.1459 0.3541 0.1136 0.3751 0.2144 0.1134 0.5133 0.1462 0.1271 0.4389 0.1187 0.2570 0.2634 0.1118 0.4761 0.1689 0.1187 0.5089 0.1270 0.1586 0.3287 0.1127 0.4059 0.2016 0.1144 0.5187 0.1409 0.1312 0.3965
0.1358 0.1411 0.5186 0.1143 0.2016 0.4062 0.1127 0.3280 0.1592 0.1269 0.5084 0.1188 0.1686 0.4768 0.1118 0.2625 0.2592 0.1186 0.4374 0.1273 0.1459 0.5136 0.1135 0.2137 0.3769 0.1136 0.3527 0.1464 0.1305 0.5180 0.1171 0.1780 0.4579 0.1118 0.2824 0.2171 0.1210 0.4656 0.1237 0.1525 0.5047 0.1127 0.2285 0.3410 0.1150 0.3764 0.1165 0.3031 0.1121 0.4348 0.1888 0.1157 0.5210 0.1349 0.1379 0.3800 0.1149 0.3409 0.2285 0.1127 0.5047 0.1525 0.1237 0.4656 0.1210 0.2171 0.2824 0.1118 0.4579 0.1780 0.1171 0.5180 0.1305 0.1464 0.3527 0.1136 0.3769 0.2137 0.1135 0.5136 0.1459 0.1273 0.4374 0.1186 0.2592 0.2625 0.1118 0.4768 0.1686 0.1188 0.5084 0.1269 0.1592 0.3280 0.1127 0.4062 0.2016 0.1143 0.5186 0.1411 0.1358
0.1358 0.5184 0.1143 0.2019 0.4059 0.1127 0.3277 0.1595 0.1268 0.5079 0.1189 0.1682 0.4775 0.1118 0.2617 0.2610 0.1185 0.4361 0.1275 0.1456 0.5140 0.1135 0.2130 0.3786 0.1135 0.3514 0.1469 0.1303 0.5177 0.1172 0.1775 0.4589 0.1118 0.2813 0.2191 0.1208 0.4643 0.1239 0.1522 0.5052 0.1127 0.2277 0.3428 0.1148 0.3791 0.1379 0.1491 0.1825 0.3031 0.1120 0.4359 0.1882 0.1157 0.5209 0.1347 0.1383 0.3787 0.1148 0.3428 0.2277 0.1127 0.5052 0.1522 0.1239 0.4643 0.1209 0.2191 0.2813 0.1118 0.4589 0.1775 0.1172 0.5177 0.1303 0.1469 0.3514 0.1135 0.3786 0.2130 0.1135 0.5140 0.1456 0.1275 0.4360 0.1185 0.2610 0.2617 0.1118 0.4775 0.1682 0.1189 0.5079 0.1268 0.1595 0.3277 0.1127 0.4059 0.2019 0.1143 0.5184 0.1358
0.4993 0.1148 0.2024 0.4050 0.1127 0.3280 0.1595 0.1267 0.5076 0.1189 0.1679 0.4782 0.1118 0.2610 0.2628 0.1184 0.4349 0.1277 0.1453 0.5143 0.1136 0.2123 0.3802 0.1135 0.3502 0.1474 0.1301 0.5174 0.1173 0.1770 0.4599 0.1118 0.2804 0.2211 0.1207 0.4629 0.1240 0.1518 0.5057 0.1127 0.2270 0.3447 0.1147 0.3773 0.1386 0.1341 0.5133 0.1237 0.1846 0.3018 0.1120 0.4372 0.1876 0.1158 0.5209 0.1345 0.1386 0.3774 0.1147 0.3447 0.2270 0.1127 0.5057 0.1518 0.1241 0.4630 0.1207 0.2211 0.2804 0.1118 0.4599 0.1770 0.1173 0.5174 0.1301 0.1474 0.3502 0.1135 0.3802 0.2123 0.1136 0.5143 0.1453 0.1277 0.4349 0.1184 0.2628 0.2610 0.1118 0.4782 0.1679 0.1189 0.5076 0.1267 0.1595 0.3280 0.1127 0.4050 0.2024 0.1148 0.4993
0.1156 0.2029 0.4038 0.1127 0.3287 0.1592 0.1268 0.5076 0.1189 0.1677 0.4787 0.1118 0.2603 0.2645 0.1183 0.4337 0.1278 0.1450 0.5146 0.1136 0.2118 0.3816 0.1134 0.3490 0.1479 0.1299 0.5170 0.1173 0.1765 0.4610 0.1117 0.2794 0.2230 0.1206 0.4616 0.1242 0.1515 0.5062 0.1128 0.2262 0.3464 0.1147 0.3759 0.1390 0.1343 0.5207 0.1057 0.4859 0.1233 0.1863 0.3007 0.1120 0.4384 0.1871 0.1159 0.5209 0.1342 0.1390 0.3760 0.1147 0.3464 0.2262 0.1128 0.5062 0.1515 0.1242 0.4617 0.1206 0.2230 0.2794 0.1117 0.4610 0.1765 0.1173 0.5170 0.1299 0.1479 0.3490 0.1134 0.3816 0.2118 0.1136 0.5146 0.1450 0.1278 0.4337 0.1183 0.2645 0.2603 0.1118 0.4787 0.1677 0.1189 0.5076 0.1268 0.1592 0.3287 0.1127 0.4038 0.2029 0.1156
0.1951 0.4025 0.1128 0.3297 0.1586 0.1269 0.5079 0.1189 0.1677 0.4789 0.1118 0.2597 0.2660 0.1182 0.4326 0.1280 0.1448 0.5149 0.1136 0.2112 0.3829 0.1134 0.3478 0.1484 0.1297 0.5167 0.1174 0.1761 0.4619 0.1118 0.2783 0.2250 0.1205 0.4602 0.1244 0.1512 0.5067 0.1128 0.2254 0.3483 0.1146 0.3745 0.1393 0.1340 0.5208 0.1145 0.2140 0.1174 0.4860 0.1232 0.1879 0.2997 0.1120 0.4396 0.1865 0.1159 0.5208 0.1340 0.1393 0.3746 0.1146 0.3483 0.2255 0.1128 0.5067 0.1511 0.1244 0.4603 0.1205 0.2250 0.2783 0.1118 0.4619 0.1760 0.1174 0.5167 0.1298 0.1484 0.3478 0.1134 0.3829 0.2112 0.1136 0.5149 0.1448 0.1280 0.4326 0.1182 0.2660 0.2597 0.1118 0.4789 0.1677 0.1189 0.5079 0.1269 0.1586 0.3297 0.1128 0.4025 0.1951
0.3719 0.1134 0.3308 0.1579 0.1270 0.5084 0.1189 0.1679 0.4787 0.1118 0.2595 0.2669 0.1181 0.4315 0.1282 0.1445 0.5151 0.1137 0.2107 0.3842 0.1133 0.3468 0.1489 0.1296 0.5164 0.1175 0.1756 0.4628 0.1118 0.2773 0.2272 0.1203 0.4588 0.1245 0.1509 0.5072 0.1128 0.2247 0.3502 0.1145 0.3732 0.1397 0.1338 0.5207 0.1161 0.1848 0.3795 0.1587 0.1216 0.4847 0.1230 0.1894 0.2986 0.1120 0.4408 0.1860 0.1160 0.5207 0.1338 0.1397 0.3732 0.1145 0.3501 0.2247 0.1128 0.5072 0.1508 0.1245 0.4589 0.1203 0.2271 0.2773 0.1117 0.4628 0.1756 0.1175 0.5164 0.1296 0.1489 0.3468 0.1133 0.3842 0.2107 0.1137 0.5151 0.1445 0.1282 0.4315 0.1181 0.2669 0.2595 0.1118 0.4787 0.1679 0.1189 0.5084 0.1270 0.1579 0.3309 0.1134 0.3719
0.1099 0.3321 0.1571 0.1271 0.5089 0.1188 0.1682 0.4782 0.1118 0.2597 0.2669 0.1181 0.4309 0.1283 0.1443 0.5154 0.1137 0.2101 0.3855 0.1133 0.3458 0.1493 0.1294 0.5160 0.1175 0.1752 0.4636 0.1117 0.2764 0.2291 0.1202 0.4576 0.1247 0.1505 0.5076 0.1129 0.2239 0.3521 0.1145 0.3719 0.1401 0.1336 0.5207 0.1161 0.1855 0.4452 0.1119 0.4970 0.1578 0.1217 0.4835 0.1229 0.1910 0.2975 0.1119 0.4420 0.1854 0.1161 0.5206 0.1336 0.1401 0.3719 0.1145 0.3520 0.2239 0.1129 0.5077 0.1505 0.1247 0.4576 0.1202 0.2290 0.2764 0.1117 0.4636 0.1752 0.1175 0.5160 0.1294 0.1493 0.3458 0.1133 0.3855 0.2101 0.1137 0.5154 0.1443 0.1283 0.4309 0.1181 0.2669 0.2597 0.1118 0.4782 0.1682 0.1188 0.5089 0.1271 0.1571 0.3321 0.1099
0.3180 0.1566 0.1273 0.5095 0.1187 0.1686 0.4775 0.1118 0.2603 0.2660 0.1181 0.4309 0.1283 0.1442 0.5156 0.1137 0.2096 0.3868 0.1133 0.3447 0.1498 0.1293 0.5157 0.1176 0.1749 0.4644 0.1117 0.2756 0.2308 0.1201 0.4563 0.1248 0.1502 0.5081 0.1129 0.2232 0.3539 0.1144 0.3705 0.1405 0.1334 0.5206 0.1162 0.1849 0.4430 0.1106 0.3479 0.1087 0.4969 0.1574 0.1218 0.4824 0.1228 0.1927 0.2964 0.1119 0.4432 0.1849 0.1162 0.5206 0.1334 0.1405 0.3705 0.1144 0.3539 0.2232 0.1129 0.5081 0.1502 0.1248 0.4563 0.1201 0.2308 0.2756 0.1117 0.4644 0.1749 0.1176 0.5157 0.1293 0.1498 0.3447 0.1133 0.3868 0.2096 0.1137 0.5156 0.1442 0.1283 0.4309 0.1181 0.2660 0.2603 0.1118 0.4775 0.1686 0.1187 0.5095 0.1273 0.1566 0.3180
0.1564 0.1275 0.5102 0.1186 0.1690 0.4768 0.1118 0.2610 0.2645 0.1182 0.4315 0.1283 0.1442 0.5156 0.1138 0.2092 0.3879 0.1132 0.3437 0.1503 0.1291 0.5154 0.1177 0.1745 0.4652 0.1117 0.2748 0.2325 0.1200 0.4552 0.1250 0.1499 0.5085 0.1129 0.2225 0.3556 0.1143 0.3691 0.1409 0.1331 0.5204 0.1162 0.1843 0.4444 0.1120 0.2924 0.1401 0.2380 0.1123 0.4976 0.1570 0.1220 0.4813 0.1226 0.1944 0.2953 0.1119 0.4444 0.1843 0.1162 0.5204 0.1332 0.1409 0.3691 0.1143 0.3556 0.2225 0.1129 0.5085 0.1499 0.1250 0.4552 0.1200 0.2325 0.2748 0.1117 0.4652 0.1745 0.1177 0.5154 0.1291 0.1503 0.3437 0.1132 0.3879 0.2092 0.1138 0.5156 0.1442 0.1283 0.4315 0.1182 0.2645 0.2610 0.1118 0.4768 0.1689 0.1186 0.5102 0.1275 0.1564
0.1223 0.5108 0.1185 0.1694 0.4761 0.1118 0.2617 0.2628 0.1183 0.4326 0.1282 0.1443 0.5156 0.1138 0.2091 0.3886 0.1132 0.3428 0.1507 0.1290 0.5150 0.1177 0.1741 0.4660 0.1117 0.2740 0.2341 0.1199 0.4541 0.1251 0.1497 0.5088 0.1130 0.2219 0.3571 0.1143 0.3679 0.1413 0.1329 0.5203 0.1163 0.1838 0.4456 0.1119 0.2944 0.2003 0.1321 0.3205 0.2375 0.1123 0.4983 0.1566 0.1221 0.4801 0.1225 0.1961 0.2943 0.1119 0.4456 0.1838 0.1163 0.5203 0.1329 0.1412 0.3679 0.1143 0.3571 0.2219 0.1130 0.5088 0.1497 0.1251 0.4541 0.1199 0.2341 0.2740 0.1117 0.4660 0.1741 0.1177 0.5150 0.1290 0.1507 0.3428 0.1132 0.3886 0.2091 0.1138 0.5156 0.1443 0.1282 0.4326 0.1183 0.2628 0.2617 0.1118 0.4761 0.1693 0.1186 0.5108 0.1223
0.4925 0.1189 0.1698 0.4752 0.1118 0.2625 0.2610 0.1184 0.4337 0.1280 0.1445 0.5154 0.1137 0.2092 0.3886 0.1132 0.3423 0.1511 0.1288 0.5147 0.1178 0.1737 0.4667 0.1117 0.2732 0.2358 0.1198 0.4530 0.1252 0.1494 0.5092 0.1130 0.2213 0.3585 0.1142 0.3668 0.1416 0.1327 0.5202 0.1163 0.1833 0.4466 0.1119 0.2931 0.1975 0.1219 0.5157 0.1148 0.3208 0.2366 0.1123 0.4989 0.1562 0.1222 0.4789 0.1223 0.1977 0.2932 0.1119 0.4466 0.1833 0.1164 0.5202 0.1327 0.1416 0.3668 0.1142 0.3585 0.2213 0.1130 0.5092 0.1494 0.1252 0.4530 0.1198 0.2358 0.2732 0.1117 0.4667 0.1737 0.1178 0.5147 0.1288 0.1511 0.3423 0.1132 0.3886 0.2092 0.1137 0.5154 0.1445 0.1280 0.4337 0.1184 0.2610 0.2625 0.1118 0.4754 0.1698 0.1189 0.4926
0.1219 0.1702 0.4744 0.1118 0.2634 0.2592 0.1185 0.4349 0.1278 0.1448 0.5151 0.1137 0.2096 0.3879 0.1132 0.3423 0.1512 0.1288 0.5144 0.1179 0.1733 0.4675 0.1117 0.2724 0.2375 0.1197 0.4518 0.1254 0.1491 0.5096 0.1130 0.2207 0.3599 0.1142 0.3657 0.1419 0.1326 0.5201 0.1164 0.1829 0.4476 0.1119 0.2922 0.1995 0.1222 0.4742 0.1077 0.3917 0.1156 0.3230 0.2357 0.1124 0.4995 0.1559 0.1224 0.4777 0.1222 0.1994 0.2922 0.1119 0.4476 0.1829 0.1164 0.5201 0.1326 0.1419 0.3657 0.1142 0.3599 0.2207 0.1130 0.5096 0.1491 0.1254 0.4518 0.1197 0.2375 0.2724 0.1117 0.4675 0.1733 0.1179 0.5144 0.1288 0.1512 0.3423 0.1132 0.3879 0.2096 0.1137 0.5151 0.1448 0.1278 0.4349 0.1185 0.2592 0.2634 0.1118 0.4745 0.1702 0.1219
0.1639 0.4736 0.1118 0.2643 0.2571 0.1186 0.4361 0.1277 0.1450 0.5149 0.1137 0.2101 0.3868 0.1132 0.3428 0.1511 0.1288 0.5143 0.1179 0.1730 0.4682 0.1117 0.2716 0.2392 0.1196 0.4507 0.1255 0.1489 0.5099 0.1131 0.2201 0.3613 0.1141 0.3646 0.1423 0.1324 0.5200 0.1165 0.1825 0.4485 0.1118 0.2913 0.2010 0.1221 0.4767 0.1213 0.1754 0.1316 0.3918 0.1155 0.3251 0.2349 0.1124 0.5000 0.1555 0.1225 0.4765 0.1221 0.2010 0.2913 0.1118 0.4485 0.1825 0.1165 0.5200 0.1324 0.1423 0.3646 0.1141 0.3613 0.2201 0.1131 0.5099 0.1489 0.1255 0.4507 0.1196 0.2392 0.2716 0.1117 0.4682 0.1730 0.1179 0.5143 0.1288 0.1511 0.3428 0.1132 0.3868 0.2101 0.1137 0.5149 0.1450 0.1277 0.4360 0.1186 0.2570 0.2644 0.1118 0.4736 0.1639
0.4489 0.1124 0.2653 0.2550 0.1187 0.4374 0.1275 0.1453 0.5146 0.1136 0.2107 0.3855 0.1133 0.3437 0.1507 0.1288 0.5144 0.1179 0.1730 0.4686 0.1118 0.2709 0.2408 0.1195 0.4496 0.1257 0.1486 0.5103 0.1131 0.2196 0.3628 0.1141 0.3636 0.1426 0.1322 0.5198 0.1165 0.1821 0.4494 0.1118 0.2905 0.2025 0.1220 0.4754 0.1226 0.1546 0.4674 0.1373 0.1355 0.3903 0.1154 0.3270 0.2342 0.1124 0.5005 0.1552 0.1226 0.4754 0.1220 0.2025 0.2905 0.1118 0.4494 0.1821 0.1165 0.5198 0.1322 0.1426 0.3636 0.1141 0.3628 0.2196 0.1131 0.5103 0.1486 0.1257 0.4496 0.1195 0.2408 0.2709 0.1118 0.4686 0.1730 0.1179 0.5144 0.1288 0.1507 0.3437 0.1133 0.3855 0.2107 0.1136 0.5146 0.1453 0.1275 0.4374 0.1187 0.2549 0.2654 0.1124 0.4489
0.1105 0.2663 0.2527 0.1188 0.4388 0.1273 0.1456 0.5143 0.1136 0.2112 0.3842 0.1133 0.3447 0.1503 0.1290 0.5147 0.1179 0.1730 0.4686 0.1118 0.2705 0.2421 0.1195 0.4485 0.1258 0.1483 0.5106 0.1131 0.2190 0.3642 0.1140 0.3625 0.1430 0.1320 0.5197 0.1166 0.1816 0.4503 0.1118 0.2896 0.2039 0.1219 0.4744 0.1227 0.1550 0.5025 0.1073 0.5209 0.1365 0.1358 0.3890 0.1154 0.3288 0.2335 0.1124 0.5010 0.1549 0.1227 0.4744 0.1219 0.2039 0.2896 0.1118 0.4503 0.1816 0.1166 0.5197 0.1320 0.1430 0.3625 0.1140 0.3642 0.2190 0.1131 0.5106 0.1483 0.1258 0.4485 0.1195 0.2421 0.2705 0.1118 0.4686 0.1730 0.1179 0.5147 0.1290 0.1503 0.3447 0.1133 0.3842 0.2112 0.1136 0.5143 0.1456 0.1273 0.4389 0.1188 0.2527 0.2663 0.1105
0.2555 0.2507 0.1189 0.4402 0.1271 0.1459 0.5140 0.1136 0.2118 0.3829 0.1133 0.3458 0.1498 0.1291 0.5150 0.1178 0.1733 0.4682 0.1118 0.2705 0.2425 0.1194 0.4476 0.1259 0.1481 0.5110 0.1132 0.2184 0.3656 0.1140 0.3614 0.1433 0.1319 0.5195 0.1166 0.1812 0.4511 0.1118 0.2888 0.2054 0.1217 0.4733 0.1228 0.1546 0.5013 0.1110 0.2710 0.1113 0.5209 0.1363 0.1361 0.3877 0.1153 0.3304 0.2328 0.1125 0.5015 0.1547 0.1228 0.4733 0.1217 0.2054 0.2888 0.1118 0.4511 0.1812 0.1166 0.5195 0.1319 0.1433 0.3614 0.1140 0.3656 0.2184 0.1132 0.5110 0.1481 0.1259 0.4476 0.1194 0.2425 0.2705 0.1118 0.4682 0.1733 0.1178 0.5150 0.1291 0.1498 0.3458 0.1133 0.3829 0.2118 0.1136 0.5140 0.1459 0.1271 0.4403 0.1189 0.2507 0.2555
0.2216 0.1193 0.4416 0.1269 0.1462 0.5136 0.1135 0.2123 0.3816 0.1134 0.3468 0.1493 0.1293 0.5154 0.1177 0.1737 0.4675 0.1117 0.2709 0.2421 0.1194 0.4473 0.1260 0.1479 0.5113 0.1132 0.2178 0.3670 0.1139 0.3603 0.1437 0.1317 0.5194 0.1167 0.1808 0.4520 0.1118 0.2879 0.2069 0.1216 0.4723 0.1230 0.1544 0.5019 0.1126 0.2305 0.2400 0.1916 0.1154 0.5209 0.1361 0.1363 0.3866 0.1152 0.3319 0.2322 0.1125 0.5019 0.1544 0.1230 0.4723 0.1216 0.2069 0.2879 0.1118 0.4520 0.1808 0.1167 0.5194 0.1317 0.1437 0.3603 0.1139 0.3670 0.2178 0.1132 0.5113 0.1479 0.1260 0.4473 0.1194 0.2421 0.2709 0.1117 0.4675 0.1737 0.1177 0.5154 0.1293 0.1493 0.3468 0.1134 0.3816 0.2123 0.1135 0.5136 0.1462 0.1269 0.4417 0.1193 0.2216
0.1144 0.4431 0.1267 0.1465 0.5132 0.1135 0.2130 0.3802 0.1134 0.3478 0.1489 0.1294 0.5157 0.1177 0.1741 0.4667 0.1117 0.2716 0.2408 0.1195 0.4476 0.1260 0.1478 0.5114 0.1132 0.2173 0.3683 0.1139 0.3593 0.1440 0.1315 0.5192 0.1167 0.1804 0.4529 0.1118 0.2871 0.2084 0.1215 0.4713 0.1231 0.1541 0.5024 0.1125 0.2317 0.3385 0.1202 0.4316 0.1908 0.1155 0.5209 0.1359 0.1366 0.3855 0.1152 0.3335 0.2316 0.1125 0.5024 0.1541 0.1231 0.4713 0.1215 0.2084 0.2871 0.1118 0.4529 0.1804 0.1167 0.5192 0.1315 0.1440 0.3593 0.1139 0.3683 0.2173 0.1132 0.5114 0.1478 0.1260 0.4476 0.1195 0.2408 0.2716 0.1117 0.4667 0.1741 0.1177 0.5157 0.1294 0.1489 0.3478 0.1134 0.3802 0.2130 0.1135 0.5133 0.1465 0.1267 0.4432 0.1144
0.4247 0.1269 0.1468 0.5129 0.1134 0.2137 0.3786 0.1135 0.3490 0.1484 0.1296 0.5160 0.1176 0.1745 0.4660 0.1117 0.2724 0.2392 0.1195 0.4485 0.1259 0.1479 0.5114 0.1132 0.2170 0.3693 0.1138 0.3582 0.1444 0.1313 0.5190 0.1168 0.1800 0.4538 0.1118 0.2862 0.2100 0.1214 0.4702 0.1232 0.1538 0.5028 0.1125 0.2309 0.3345 0.1142 0.4462 0.1097 0.4313 0.1903 0.1155 0.5210 0.1357 0.1369 0.3843 0.1151 0.3350 0.2309 0.1125 0.5028 0.1538 0.1232 0.4702 0.1214 0.2100 0.2862 0.1118 0.4538 0.1800 0.1168 0.5190 0.1313 0.1444 0.3582 0.1138 0.3693 0.2170 0.1132 0.5114 0.1479 0.1259 0.4485 0.1195 0.2392 0.2724 0.1117 0.4660 0.1745 0.1176 0.5160 0.1296 0.1484 0.3490 0.1135 0.3786 0.2137 0.1134 0.5129 0.1468 0.1269 0.4248
0.1314 0.1471 0.5125 0.1134 0.2144 0.3769 0.1135 0.3502 0.1479 0.1297 0.5164 0.1175 0.1749 0.4652 0.1117 0.2732 0.2375 0.1196 0.4496 0.1258 0.1481 0.5113 0.1132 0.2170 0.3697 0.1138 0.3574 0.1448 0.1312 0.5188 0.1169 0.1796 0.4546 0.1118 0.2854 0.2115 0.1213 0.4692 0.1233 0.1535 0.5033 0.1126 0.2303 0.3366 0.1151 0.3795 0.1161 0.3051 0.1121 0.4324 0.1898 0.1156 0.5210 0.1355 0.1371 0.3832 0.1151 0.3365 0.2303 0.1126 0.5033 0.1535 0.1233 0.4692 0.1213 0.2115 0.2854 0.1118 0.4546 0.1796 0.1169 0.5188 0.1312 0.1448 0.3574 0.1138 0.3697 0.2170 0.1132 0.5113 0.1481 0.1258 0.4496 0.1196 0.2375 0.2732 0.1117 0.4652 0.1749 0.1175 0.5164 0.1298 0.1479 0.3502 0.1135 0.3769 0.2144 0.1134 0.5126 0.1471 0.1315
0.1416 0.5122 0.1133 0.2151 0.3752 0.1136 0.3514 0.1474 0.1299 0.5167 0.1175 0.1752 0.4644 0.1117 0.2740 0.2358 0.1197 0.4507 0.1257 0.1483 0.5110 0.1132 0.2173 0.3693 0.1138 0.3572 0.1449 0.1311 0.5186 0.1169 0.1792 0.4555 0.1118 0.2846 0.2131 0.1212 0.4681 0.1234 0.1532 0.5037 0.1126 0.2297 0.3381 0.1150 0.3825 0.1370 0.1498 0.1794 0.3054 0.1121 0.4334 0.1894 0.1156 0.5210 0.1353 0.1374 0.3821 0.1150 0.3381 0.2297 0.1126 0.5037 0.1532 0.1234 0.4681 0.1212 0.2131 0.2846 0.1118 0.4555 0.1792 0.1169 0.5186 0.1311 0.1449 0.3572 0.1138 0.3693 0.2173 0.1132 0.5110 0.1483 0.1257 0.4507 0.1197 0.2358 0.2740 0.1117 0.4644 0.1752 0.1175 0.5167 0.1299 0.1474 0.3514 0.1136 0.3751 0.2151 0.1133 0.5122 0.1416
0.4920 0.1139 0.2158 0.3736 0.1136 0.3527 0.1469 0.1301 0.5170 0.1174 0.1756 0.4636 0.1117 0.2748 0.2341 0.1198 0.4518 0.1255 0.1486 0.5106 0.1132 0.2178 0.3683 0.1138 0.3574 0.1449 0.1310 0.5185 0.1170 0.1788 0.4563 0.1118 0.2837 0.2146 0.1211 0.4670 0.1236 0.1529 0.5041 0.1126 0.2291 0.3396 0.1149 0.3810 0.1377 0.1347 0.5124 0.1240 0.1814 0.3044 0.1120 0.4344 0.1889 0.1157 0.5210 0.1351 0.1377 0.3810 0.1149 0.3396 0.2291 0.1126 0.5041 0.1529 0.1236 0.4670 0.1211 0.2146 0.2837 0.1118 0.4563 0.1788 0.1170 0.5185 0.1310 0.1449 0.3574 0.1138 0.3683 0.2178 0.1132 0.5106 0.1486 0.1255 0.4518 0.1198 0.2341 0.2748 0.1117 0.4636 0.1756 0.1174 0.5170 0.1301 0.1469 0.3527 0.1136 0.3734 0.2158 0.1139 0.4920
0.1139 0.2165 0.3717 0.1137 0.3541 0.1464 0.1303 0.5174 0.1173 0.1761 0.4628 0.1117 0.2756 0.2325 0.1199 0.4530 0.1254 0.1489 0.5103 0.1131 0.2184 0.3670 0.1139 0.3582 0.1448 0.1311 0.5185 0.1170 0.1786 0.4570 0.1118 0.2829 0.2162 0.1210 0.4660 0.1237 0.1526 0.5046 0.1127 0.2284 0.3411 0.1149 0.3799 0.1379 0.1350 0.5209 0.1057 0.4884 0.1236 0.1827 0.3035 0.1120 0.4354 0.1885 0.1157 0.5210 0.1349 0.1380 0.3799 0.1149 0.3411 0.2284 0.1127 0.5046 0.1526 0.1237 0.4660 0.1210 0.2162 0.2829 0.1118 0.4570 0.1786 0.1170 0.5185 0.1311 0.1448 0.3582 0.1139 0.3670 0.2184 0.1131 0.5103 0.1489 0.1254 0.4530 0.1199 0.2325 0.2756 0.1117 0.4628 0.1760 0.1173 0.5174 0.1303 0.1464 0.3541 0.1137 0.3717 0.2165 0.1139
0.2081 0.3700 0.1138 0.3553 0.1459 0.1305 0.5177 0.1173 0.1765 0.4619 0.1118 0.2764 0.2308 0.1200 0.4541 0.1252 0.1491 0.5099 0.1131 0.2190 0.3656 0.1139 0.3593 0.1444 0.1312 0.5186 0.1170 0.1786 0.4572 0.1118 0.2823 0.2176 0.1209 0.4649 0.1238 0.1524 0.5050 0.1127 0.2278 0.3426 0.1148 0.3787 0.1382 0.1347 0.5209 0.1143 0.2157 0.1171 0.4887 0.1235 0.1839 0.3026 0.1120 0.4364 0.1880 0.1158 0.5209 0.1347 0.1382 0.3787 0.1148 0.3426 0.2278 0.1127 0.5050 0.1524 0.1238 0.4649 0.1209 0.2176 0.2823 0.1118 0.4572 0.1786 0.1170 0.5186 0.1312 0.1444 0.3593 0.1139 0.3656 0.2190 0.1131 0.5099 0.1491 0.1252 0.4541 0.1200 0.2308 0.2764 0.1117 0.4619 0.1765 0.1173 0.5177 0.1305 0.1459 0.3554 0.1138 0.3700 0.2081
0.3376 0.1144 0.3566 0.1454 0.1307 0.5180 0.1172 0.1770 0.4610 0.1118 0.2773 0.2291 0.1201 0.4552 0.1251 0.1494 0.5096 0.1131 0.2196 0.3642 0.1140 0.3603 0.1440 0.1313 0.5188 0.1169 0.1788 0.4570 0.1118 0.2821 0.2184 0.1208 0.4639 0.1239 0.1521 0.5054 0.1127 0.2272 0.3441 0.1148 0.3776 0.1385 0.1346 0.5209 0.1159 0.1865 0.3749 0.1597 0.1213 0.4877 0.1234 0.1851 0.3017 0.1120 0.4373 0.1876 0.1158 0.5209 0.1346 0.1385 0.3776 0.1148 0.3441 0.2272 0.1127 0.5054 0.1521 0.1239 0.4639 0.1208 0.2184 0.2821 0.1118 0.4570 0.1788 0.1169 0.5188 0.1313 0.1440 0.3603 0.1140 0.3642 0.2196 0.1131 0.5096 0.1494 0.1251 0.4552 0.1201 0.2290 0.2773 0.1118 0.4610 0.1770 0.1172 0.5180 0.1307 0.1454 0.3567 0.1144 0.3376
0.1104 0.3580 0.1449 0.1309 0.5183 0.1171 0.1775 0.4599 0.1117 0.2783 0.2272 0.1202 0.4563 0.1250 0.1497 0.5092 0.1130 0.2201 0.3628 0.1140 0.3614 0.1437 0.1315 0.5190 0.1169 0.1792 0.4563 0.1118 0.2823 0.2184 0.1208 0.4634 0.1240 0.1518 0.5058 0.1127 0.2266 0.3456 0.1147 0.3765 0.1388 0.1344 0.5209 0.1159 0.1873 0.4415 0.1122 0.4953 0.1589 0.1213 0.4868 0.1233 0.1863 0.3008 0.1120 0.4383 0.1872 0.1159 0.5209 0.1344 0.1388 0.3765 0.1147 0.3456 0.2266 0.1127 0.5058 0.1518 0.1240 0.4634 0.1208 0.2184 0.2823 0.1118 0.4563 0.1792 0.1169 0.5190 0.1315 0.1437 0.3614 0.1140 0.3628 0.2201 0.1130 0.5092 0.1497 0.1250 0.4563 0.1202 0.2271 0.2783 0.1117 0.4599 0.1775 0.1171 0.5182 0.1309 0.1449 0.3581 0.1104
0.3427 0.1448 0.1311 0.5185 0.1170 0.1780 0.4589 0.1118 0.2794 0.2250 0.1203 0.4576 0.1248 0.1499 0.5088 0.1130 0.2207 0.3613 0.1141 0.3625 0.1433 0.1317 0.5192 0.1168 0.1796 0.4555 0.1118 0.2829 0.2176 0.1208 0.4634 0.1241 0.1517 0.5061 0.1128 0.2260 0.3471 0.1146 0.3754 0.1391 0.1342 0.5208 0.1159 0.1867 0.4390 0.1107 0.3517 0.1087 0.4951 0.1585 0.1214 0.4859 0.1232 0.1876 0.2999 0.1120 0.4393 0.1867 0.1159 0.5208 0.1342 0.1391 0.3754 0.1146 0.3471 0.2260 0.1128 0.5061 0.1517 0.1241 0.4634 0.1208 0.2176 0.2829 0.1118 0.4555 0.1796 0.1168 0.5192 0.1317 0.1433 0.3625 0.1141 0.3613 0.2207 0.1130 0.5088 0.1499 0.1248 0.4576 0.1203 0.2250 0.2794 0.1118 0.4589 0.1780 0.1170 0.5185 0.1311 0.1447 0.3427
0.1477 0.1313 0.5188 0.1170 0.1785 0.4579 0.1118 0.2804 0.2230 0.1205 0.4588 0.1247 0.1502 0.5085 0.1130 0.2213 0.3599 0.1141 0.3636 0.1430 0.1319 0.5194 0.1167 0.1800 0.4546 0.1118 0.2837 0.2162 0.1209 0.4639 0.1240 0.1517 0.5062 0.1128 0.2256 0.3484 0.1146 0.3743 0.1394 0.1340 0.5208 0.1160 0.1863 0.4403 0.1120 0.2961 0.1383 0.2402 0.1122 0.4956 0.1582 0.1215 0.4850 0.1231 0.1889 0.2990 0.1120 0.4402 0.1863 0.1160 0.5208 0.1340 0.1394 0.3743 0.1146 0.3484 0.2256 0.1128 0.5062 0.1517 0.1240 0.4639 0.1209 0.2162 0.2837 0.1118 0.4546 0.1800 0.1167 0.5194 0.1319 0.1430 0.3636 0.1141 0.3599 0.2213 0.1130 0.5085 0.1502 0.1247 0.4589 0.1205 0.2230 0.2804 0.1118 0.4579 0.1785 0.1169 0.5187 0.1313 0.1477
0.1262 0.5190 0.1169 0.1790 0.4568 0.1118 0.2813 0.2211 0.1206 0.4602 0.1245 0.1505 0.5081 0.1129 0.2219 0.3585 0.1142 0.3646 0.1426 0.1320 0.5195 0.1167 0.1804 0.4538 0.1118 0.2846 0.2146 0.1210 0.4649 0.1239 0.1518 0.5061 0.1128 0.2254 0.3492 0.1146 0.3733 0.1397 0.1338 0.5207 0.1160 0.1858 0.4412 0.1119 0.2984 0.1940 0.1327 0.3146 0.2400 0.1122 0.4962 0.1579 0.1216 0.4840 0.1229 0.1902 0.2981 0.1119 0.4412 0.1858 0.1160 0.5207 0.1338 0.1397 0.3733 0.1146 0.3492 0.2254 0.1128 0.5061 0.1518 0.1239 0.4649 0.1210 0.2146 0.2846 0.1118 0.4538 0.1804 0.1167 0.5195 0.1320 0.1426 0.3646 0.1142 0.3585 0.2219 0.1129 0.5081 0.1505 0.1245 0.4603 0.1206 0.2211 0.2813 0.1118 0.4568 0.1790 0.1169 0.5190 0.1262
0.5010 0.1173 0.1795 0.4558 0.1118 0.2824 0.2191 0.1207 0.4616 0.1244 0.1509 0.5076 0.1129 0.2225 0.3571 0.1142 0.3657 0.1423 0.1322 0.5197 0.1166 0.1808 0.4529 0.1118 0.2854 0.2131 0.1211 0.4660 0.1238 0.1521 0.5058 0.1128 0.2256 0.3492 0.1145 0.3728 0.1399 0.1336 0.5207 0.1161 0.1854 0.4422 0.1119 0.2972 0.1911 0.1224 0.5170 0.1151 0.3144 0.2393 0.1122 0.4967 0.1576 0.1217 0.4831 0.1228 0.1915 0.2973 0.1119 0.4422 0.1854 0.1161 0.5207 0.1336 0.1399 0.3728 0.1145 0.3492 0.2256 0.1128 0.5058 0.1521 0.1238 0.4660 0.1211 0.2131 0.2854 0.1118 0.4529 0.1808 0.1166 0.5197 0.1322 0.1423 0.3657 0.1142 0.3571 0.2225 0.1129 0.5077 0.1508 0.1244 0.4617 0.1207 0.2191 0.2824 0.1118 0.4557 0.1795 0.1173 0.5010
0.1195 0.1801 0.4546 0.1118 0.2834 0.2171 0.1208 0.4629 0.1242 0.1512 0.5072 0.1129 0.2232 0.3556 0.1143 0.3668 0.1419 0.1324 0.5198 0.1166 0.1812 0.4520 0.1118 0.2862 0.2115 0.1212 0.4670 0.1237 0.1524 0.5054 0.1127 0.2260 0.3484 0.1146 0.3728 0.1400 0.1336 0.5206 0.1161 0.1850 0.4431 0.1119 0.2964 0.1928 0.1228 0.4789 0.1075 0.3963 0.1159 0.3161 0.2387 0.1123 0.4972 0.1573 0.1219 0.4821 0.1227 0.1928 0.2964 0.1119 0.4431 0.1850 0.1161 0.5206 0.1336 0.1400 0.3728 0.1146 0.3484 0.2260 0.1127 0.5054 0.1524 0.1237 0.4670 0.1212 0.2115 0.2862 0.1118 0.4520 0.1812 0.1166 0.5198 0.1324 0.1419 0.3668 0.1143 0.3556 0.2232 0.1129 0.5072 0.1511 0.1242 0.4630 0.1209 0.2171 0.2834 0.1118 0.4546 0.1801 0.1195
0.1733 0.4535 0.1118 0.2844 0.2152 0.1210 0.4643 0.1240 0.1515 0.5067 0.1128 0.2239 0.3539 0.1143 0.3679 0.1416 0.1326 0.5200 0.1165 0.1816 0.4511 0.1118 0.2871 0.2100 0.1213 0.4681 0.1236 0.1526 0.5050 0.1127 0.2266 0.3471 0.1146 0.3733 0.1399 0.1336 0.5206 0.1162 0.1847 0.4439 0.1119 0.2955 0.1942 0.1226 0.4815 0.1208 0.1771 0.1305 0.3967 0.1158 0.3177 0.2380 0.1123 0.4977 0.1570 0.1220 0.4812 0.1226 0.1942 0.2955 0.1119 0.4439 0.1847 0.1162 0.5206 0.1336 0.1399 0.3733 0.1146 0.3471 0.2266 0.1127 0.5050 0.1526 0.1236 0.4681 0.1213 0.2100 0.2871 0.1118 0.4511 0.1816 0.1165 0.5200 0.1326 0.1416 0.3679 0.1143 0.3539 0.2239 0.1128 0.5067 0.1515 0.1241 0.4643 0.1210 0.2151 0.2844 0.1118 0.4535 0.1733
0.4270 0.1124 0.2854 0.2133 0.1211 0.4656 0.1239 0.1518 0.5062 0.1128 0.2247 0.3521 0.1144 0.3691 0.1413 0.1327 0.5201 0.1165 0.1821 0.4503 0.1118 0.2879 0.2084 0.1214 0.4692 0.1234 0.1529 0.5046 0.1127 0.2272 0.3456 0.1146 0.3743 0.1397 0.1336 0.5206 0.1162 0.1845 0.4444 0.1119 0.2947 0.1955 0.1225 0.4802 0.1221 0.1560 0.4638 0.1382 0.1344 0.3955 0.1157 0.3193 0.2373 0.1123 0.4982 0.1567 0.1221 0.4802 0.1225 0.1955 0.2947 0.1119 0.4444 0.1845 0.1162 0.5206 0.1336 0.1397 0.3743 0.1146 0.3456 0.2272 0.1127 0.5046 0.1529 0.1234 0.4692 0.1214 0.2084 0.2879 0.1118 0.4503 0.1821 0.1165 0.5201 0.1327 0.1412 0.3691 0.1144 0.3520 0.2247 0.1128 0.5062 0.1518 0.1239 0.4656 0.1211 0.2131 0.2855 0.1124 0.4269
0.1100 0.2865 0.2113 0.1212 0.4670 0.1237 0.1522 0.5057 0.1128 0.2254 0.3502 0.1145 0.3705 0.1409 0.1329 0.5202 0.1164 0.1825 0.4494 0.1118 0.2888 0.2069 0.1215 0.4702 0.1233 0.1532 0.5041 0.1127 0.2278 0.3441 0.1147 0.3754 0.1394 0.1338 0.5207 0.1161 0.1847 0.4444 0.1119 0.2943 0.1966 0.1224 0.4792 0.1222 0.1565 0.5003 0.1075 0.5207 0.1375 0.1346 0.3944 0.1157 0.3209 0.2367 0.1123 0.4987 0.1564 0.1222 0.4792 0.1224 0.1966 0.2943 0.1119 0.4444 0.1847 0.1161 0.5207 0.1338 0.1394 0.3754 0.1147 0.3441 0.2278 0.1127 0.5041 0.1532 0.1233 0.4702 0.1215 0.2069 0.2888 0.1118 0.4494 0.1825 0.1164 0.5202 0.1329 0.1409 0.3705 0.1145 0.3501 0.2255 0.1128 0.5057 0.1522 0.1237 0.4668 0.1212 0.2112 0.2866 0.1100
0.2746 0.2095 0.1214 0.4682 0.1236 0.1525 0.5052 0.1127 0.2262 0.3483 0.1145 0.3719 0.1405 0.1331 0.5203 0.1163 0.1829 0.4485 0.1118 0.2896 0.2054 0.1216 0.4713 0.1232 0.1535 0.5037 0.1126 0.2284 0.3426 0.1148 0.3765 0.1391 0.1340 0.5207 0.1161 0.1850 0.4439 0.1119 0.2943 0.1969 0.1223 0.4785 0.1223 0.1561 0.4990 0.1109 0.2748 0.1111 0.5206 0.1373 0.1348 0.3933 0.1156 0.3225 0.2360 0.1123 0.4992 0.1561 0.1223 0.4785 0.1223 0.1969 0.2943 0.1119 0.4439 0.1850 0.1161 0.5207 0.1340 0.1391 0.3765 0.1148 0.3426 0.2284 0.1126 0.5037 0.1535 0.1232 0.4713 0.1216 0.2054 0.2896 0.1118 0.4485 0.1829 0.1164 0.5203 0.1332 0.1405 0.3719 0.1145 0.3483 0.2262 0.1127 0.5052 0.1525 0.1236 0.4681 0.1213 0.2094 0.2747
0.1896 0.1216 0.4695 0.1234 0.1529 0.5047 0.1127 0.2270 0.3464 0.1146 0.3732 0.1401 0.1334 0.5204 0.1163 0.1833 0.4476 0.1118 0.2905 0.2039 0.1217 0.4723 0.1231 0.1538 0.5033 0.1126 0.2291 0.3411 0.1148 0.3776 0.1388 0.1342 0.5208 0.1160 0.1854 0.4431 0.1119 0.2947 0.1966 0.1223 0.4783 0.1223 0.1559 0.4996 0.1125 0.2337 0.2314 0.1937 0.1150 0.5207 0.1372 0.1349 0.3918 0.1156 0.3238 0.2355 0.1124 0.4997 0.1558 0.1223 0.4783 0.1223 0.1966 0.2947 0.1119 0.4431 0.1854 0.1160 0.5208 0.1342 0.1388 0.3776 0.1148 0.3411 0.2291 0.1126 0.5033 0.1538 0.1231 0.4723 0.1217 0.2039 0.2905 0.1118 0.4476 0.1833 0.1163 0.5204 0.1334 0.1401 0.3732 0.1146 0.3464 0.2270 0.1127 0.5047 0.1529 0.1234 0.4694 0.1216 0.1896
0.1165 0.4707 0.1233 0.1532 0.5042 0.1127 0.2277 0.3447 0.1147 0.3745 0.1397 0.1336 0.5206 0.1162 0.1838 0.4466 0.1119 0.2913 0.2025 0.1219 0.4733 0.1230 0.1541 0.5028 0.1126 0.2297 0.3396 0.1149 0.3787 0.1385 0.1344 0.5208 0.1160 0.1858 0.4422 0.1119 0.2955 0.1955 0.1224 0.4785 0.1223 0.1558 0.4999 0.1085 0.2347 0.3309 0.1206 0.4247 0.1974 0.1105 0.5117 0.1406 0.1348 0.3883 0.1159 0.3270 0.2343 0.1121 0.5002 0.1557 0.1223 0.4785 0.1224 0.1955 0.2955 0.1119 0.4422 0.1858 0.1160 0.5208 0.1344 0.1385 0.3787 0.1149 0.3396 0.2297 0.1126 0.5028 0.1541 0.1230 0.4733 0.1219 0.2025 0.2913 0.1119 0.4466 0.1838 0.1162 0.5206 0.1336 0.1397 0.3746 0.1147 0.3447 0.2277 0.1127 0.5041 0.1533 0.1233 0.4707 0.1165
0.4518 0.1235 0.1536 0.5036 0.1126 0.2285 0.3428 0.1147 0.3759 0.1393 0.1338 0.5207 0.1162 0.1843 0.4456 0.1119 0.2922 0.2010 0.1220 0.4744 0.1228 0.1544 0.5024 0.1125 0.2303 0.3381 0.1149 0.3799 0.1382 0.1346 0.5209 0.1159 0.1863 0.4412 0.1119 0.2964 0.1942 0.1225 0.4792 0.1223 0.1559 0.4998 0.1054 0.3463 0.1294 0.1300 0.5032 0.1163 0.2779 0.5029 0.1222 0.4810 0.1432 0.1214 0.4873 0.1274 0.3074 0.2391 0.1148 0.5003 0.1558 0.1223 0.4792 0.1225 0.1942 0.2964 0.1119 0.4412 0.1863 0.1159 0.5209 0.1346 0.1382 0.3799 0.1149 0.3381 0.2303 0.1125 0.5024 0.1544 0.1228 0.4744 0.1220 0.2010 0.2922 0.1119 0.4456 0.1843 0.1162 0.5206 0.1338 0.1393 0.3760 0.1147 0.3428 0.2285 0.1126 0.5036 0.1536 0.1235 0.4518
0.1277 0.1540 0.5030 0.1126 0.2292 0.3409 0.1148 0.3773 0.1390 0.1340 0.5207 0.1161 0.1849 0.4444 0.1119 0.2932 0.1994 0.1221 0.4754 0.1227 0.1547 0.5019 0.1125 0.2309 0.3365 0.1150 0.3810 0.1380 0.1347 0.5209 0.1159 0.1867 0.4402 0.1119 0.2973 0.1928 0.1226 0.4802 0.1222 0.1561 0.4996 0.1086 0.3457 0.4414 0.4961 0.3725 0.4131 0.2899 0.1120 0.1321 0.2162 0.4899 0.1514 0.2976 0.2586 0.5418 0.0931 0.1409 0.1816 0.1105 0.4999 0.1561 0.1222 0.4802 0.1226 0.1928 0.2973 0.1119 0.4402 0.1867 0.1159 0.5209 0.1347 0.1380 0.3810 0.1150 0.3365 0.2309 0.1125 0.5019 0.1547 0.1227 0.4754 0.1221 0.1994 0.2932 0.1119 0.4444 0.1849 0.1161 0.5207 0.1340 0.1390 0.3774 0.1148 0.3409 0.2292 0.1126 0.5030 0.1540 0.1277
0.1483 0.5025 0.1126 0.2300 0.3391 0.1149 0.3787 0.1386 0.1343 0.5208 0.1160 0.1854 0.4432 0.1119 0.2943 0.1977 0.1222 0.4764 0.1226 0.1549 0.5015 0.1125 0.2316 0.3350 0.1151 0.3821 0.1377 0.1349 0.5209 0.1158 0.1872 0.4393 0.1120 0.2981 0.1915 0.1227 0.4812 0.1221 0.1564 0.4992 0.1124 0.2343 0.2144 0.1396 0.1120 0.5086 0.0400 0.1890 0.3167 0.0613 0.1055 0.1283 0.3544 0.5143 0.0796 0.1308 0.3713 0.0889 0.2470 0.3713 0.1081 0.4992 0.1564 0.1221 0.4812 0.1227 0.1915 0.2981 0.1120 0.4393 0.1872 0.1158 0.5209 0.1349 0.1377 0.3821 0.1151 0.3350 0.2316 0.1125 0.5015 0.1549 0.1226 0.4765 0.1222 0.1977 0.2943 0.1119 0.4432 0.1854 0.1160 0.5208 0.1342 0.1386 0.3787 0.1149 0.3390 0.2300 0.1126 0.5025 0.1483
0.4810 0.1131 0.2308 0.3373 0.1150 0.3801 0.1383 0.1345 0.5209 0.1160 0.1860 0.4421 0.1119 0.2953 0.1961 0.1223 0.4776 0.1225 0.1552 0.5010 0.1125 0.2322 0.3335 0.1151 0.3832 0.1374 0.1351 0.5210 0.1158 0.1876 0.4383 0.1120 0.2990 0.1902 0.1228 0.4821 0.1220 0.1567 0.4987 0.1123 0.2356 0.3151 0.1482 0.1064 0.4016 0.3911 0.3231 0.1627 0.4409 0.0622 0.2174 0.5516 0.0768 0.2443 0.1881 0.5070 0.1941 0.1243 0.4579 0.1363 0.2356 0.1124 0.4987 0.1567 0.1220 0.4821 0.1228 0.1902 0.2990 0.1120 0.4383 0.1876 0.1158 0.5210 0.1351 0.1374 0.3832 0.1151 0.3335 0.2322 0.1125 0.5010 0.1552 0.1225 0.4777 0.1223 0.1961 0.2953 0.1119 0.4420 0.1860 0.1159 0.5209 0.1345 0.1383 0.3800 0.1150 0.3371 0.2308 0.1131 0.4810
0.1125 0.2315 0.3353 0.1150 0.3815 0.1379 0.1347 0.5209 0.1159 0.1865 0.4409 0.1119 0.2964 0.1944 0.1225 0.4788 0.1224 0.1556 0.5005 0.1124 0.2328 0.3319 0.1152 0.3843 0.1371 0.1353 0.5210 0.1157 0.1880 0.4373 0.1120 0.2999 0.1889 0.1229 0.4831 0.1219 0.1570 0.4982 0.1123 0.2361 0.3238 0.1185 0.3911 0.2176 0.1210 0.4557 0.0476 0.4414 0.1194 0.4569 0.5122 0.1317 0.5002 0.4065 0.1539 0.3995 0.3936 0.2560 0.5304 0.1192 0.3271 0.2360 0.1123 0.4982 0.1570 0.1219 0.4831 0.1229 0.1889 0.2999 0.1120 0.4373 0.1880 0.1157 0.5210 0.1353 0.1371 0.3843 0.1152 0.3319 0.2328 0.1124 0.5005 0.1555 0.1224 0.4789 0.1225 0.1944 0.2964 0.1119 0.4408 0.1865 0.1159 0.5209 0.1347 0.1379 0.3813 0.1150 0.3352 0.2316 0.1125
0.2224 0.3334 0.1151 0.3828 0.1376 0.1349 0.5209 0.1158 0.1870 0.4397 0.1119 0.2975 0.1927 0.1226 0.4801 0.1222 0.1559 0.5000 0.1124 0.2335 0.3304 0.1152 0.3855 0.1368 0.1355 0.5210 0.1156 0.1885 0.4364 0.1120 0.3008 0.1876 0.1231 0.4840 0.1217 0.1573 0.4977 0.1123 0.2367 0.3225 0.1156 0.3883 0.1182 0.5836 0.4432 0.2600 0.1662 0.4019 0.1788 0.1674 0.3438 0.4713 0.1821 0.0887 0.3190 0.3857 0.3546 0.1333 0.1536 0.5127 0.1147 0.3226 0.2367 0.1123 0.4977 0.1573 0.1217 0.4840 0.1231 0.1876 0.3008 0.1120 0.4364 0.1885 0.1157 0.5210 0.1355 0.1369 0.3855 0.1152 0.3304 0.2335 0.1124 0.5000 0.1559 0.1222 0.4801 0.1226 0.1927 0.2975 0.1120 0.4396 0.1871 0.1158 0.5209 0.1349 0.1376 0.3826 0.1151 0.3333 0.2224
0.2997 0.1157 0.3844 0.1372 0.1352 0.5210 0.1158 0.1877 0.4382 0.1121 0.2988 0.1907 0.1228 0.4816 0.1221 0.1563 0.4993 0.1125 0.2343 0.3283 0.1154 0.3870 0.1366 0.1357 0.5210 0.1157 0.1891 0.4350 0.1121 0.3020 0.1859 0.1232 0.4853 0.1217 0.1577 0.4970 0.1124 0.2375 0.3204 0.1157 0.3917 0.1300 0.1895 0.1260 0.1763 0.3735 0.3141 0.4235 0.1406 0.3903 0.3826 0.2351 0.1468 0.2890 0.1898 0.3815 0.2099 0.1131 0.3289 0.1175 0.3902 0.1156 0.3209 0.2373 0.1123 0.4972 0.1576 0.1216 0.4850 0.1232 0.1863 0.3017 0.1120 0.4354 0.1889 0.1156 0.5210 0.1357 0.1366 0.3866 0.1153 0.3288 0.2342 0.1124 0.4995 0.1562 0.1221 0.4813 0.1228 0.1910 0.2986 0.1120 0.4384 0.1876 0.1157 0.5210 0.1352 0.1373 0.3840 0.1157 0.2998
0.1104 0.3827 0.1353 0.1352 0.5209 0.1131 0.1872 0.4407 0.1101 0.2966 0.1929 0.1226 0.4791 0.1197 0.1561 0.5005 0.1100 0.2332 0.3323 0.1143 0.3838 0.1349 0.1356 0.5210 0.1130 0.1885 0.4378 0.1102 0.2995 0.1882 0.1230 0.4826 0.1192 0.1574 0.4984 0.1099 0.2362 0.3247 0.1147 0.3893 0.1337 0.1393 0.3204 0.3070 0.2894 0.4414 0.2830 0.3983 0.0885 0.2047 0.1036 0.4043 0.3418 0.1446 0.1763 0.4123 0.0915 0.1894 0.3120 0.1393 0.1351 0.3935 0.1157 0.3193 0.2380 0.1123 0.4967 0.1579 0.1215 0.4859 0.1233 0.1851 0.3026 0.1120 0.4344 0.1894 0.1156 0.5210 0.1359 0.1363 0.3877 0.1154 0.3270 0.2349 0.1124 0.4989 0.1566 0.1220 0.4824 0.1229 0.1894 0.2997 0.1120 0.4372 0.1882 0.1157 0.5210 0.1354 0.1369 0.3854 0.1113
0.4717 0.1111 0.1597 0.4978 0.1059 0.2365 0.3237 0.1151 0.3891 0.1259 0.1392 0.5211 0.1059 0.1908 0.4341 0.1090 0.3025 0.1797 0.1252 0.4856 0.1109 0.1599 0.4970 0.1060 0.2380 0.3194 0.1154 0.3927 0.1250 0.1398 0.5210 0.1058 0.1925 0.4299 0.1092 0.3065 0.1737 0.1258 0.4899 0.1104 0.1611 0.4953 0.1157 0.4294 0.1804 0.3915 0.1302 0.1038 0.1081 0.1358 0.2756 0.4685 0.1397 0.3313 0.1054 0.1659 0.4769 0.4238 0.0417 0.5175 0.1366 0.1349 0.3944 0.1157 0.3177 0.2387 0.1122 0.4962 0.1582 0.1214 0.4868 0.1234 0.1839 0.3035 0.1120 0.4334 0.1898 0.1155 0.5209 0.1361 0.1361 0.3890 0.1154 0.3251 0.2357 0.1123 0.4983 0.1570 0.1218 0.4835 0.1230 0.1879 0.3007 0.1120 0.4359 0.1888 0.1156 0.5210 0.1357 0.1369 0.3689
0.1104 0.3826 0.1353 0.1352 0.5209 0.1131 0.1872 0.4407 0.1101 0.2963 0.1934 0.1226 0.4789 0.1197 0.1561 0.5006 0.1100 0.2332 0.3323 0.1143 0.3836 0.1349 0.1356 0.5210 0.1130 0.1884 0.4380 0.1102 0.2994 0.1884 0.1230 0.4826 0.1192 0.1573 0.4985 0.1099 0.2361 0.3249 0.1146 0.3891 0.1337 0.1379 0.3991 0.2926 0.1409 0.4748 0.3441 0.5772 0.1172 0.3790 0.4401 0.1499 0.3471 0.0895 0.1112 0.3491 0.1067 0.0872 0.4288 0.1124 0.5208 0.1373 0.1346 0.3955 0.1158 0.3161 0.2393 0.1122 0.4956 0.1585 0.1213 0.4877 0.1235 0.1827 0.3044 0.1121 0.4324 0.1903 0.1155 0.5209 0.1363 0.1358 0.3903 0.1155 0.3230 0.2366 0.1123 0.4976 0.1574 0.1217 0.4847 0.1232 0.1863 0.3018 0.1120 0.4348 0.1893 0.1156 0.5210 0.1359 0.1411
0.2999 0.1157 0.3842 0.1373 0.1352 0.5210 0.1158 0.1877 0.4382 0.1121 0.2985 0.1911 0.1228 0.4815 0.1222 0.1563 0.4994 0.1125 0.2343 0.3283 0.1154 0.3868 0.1366 0.1357 0.5210 0.1157 0.1890 0.4352 0.1121 0.3018 0.1861 0.1232 0.4853 0.1217 0.1576 0.4971 0.1124 0.2374 0.3206 0.1157 0.3921 0.1332 0.1627 0.4661 0.1530 0.2029 0.1831 0.1921 0.4434 0.3029 0.0849 0.1296 0.0986 0.4165 0.1208 0.4706 0.1901 0.3383 0.3913 0.2356 0.1129 0.5206 0.1375 0.1344 0.3968 0.1159 0.3144 0.2400 0.1122 0.4951 0.1589 0.1213 0.4887 0.1236 0.1814 0.3054 0.1121 0.4313 0.1908 0.1154 0.5209 0.1365 0.1355 0.3918 0.1156 0.3208 0.2375 0.1123 0.4969 0.1578 0.1216 0.4860 0.1233 0.1846 0.3031 0.1121 0.4335 0.1898 0.1155 0.5209 0.1307
0.2223 0.3337 0.1151 0.3826 0.1376 0.1349 0.5209 0.1158 0.1871 0.4397 0.1120 0.2972 0.1931 0.1226 0.4799 0.1222 0.1559 0.5001 0.1124 0.2335 0.3304 0.1152 0.3853 0.1369 0.1355 0.5210 0.1157 0.1884 0.4365 0.1120 0.3006 0.1878 0.1231 0.4840 0.1218 0.1572 0.4978 0.1123 0.2366 0.3227 0.1155 0.3895 0.1199 0.5038 0.1192 0.2174 0.3543 0.3448 0.1607 0.4071 0.3425 0.3985 0.1074 0.4460 0.0629 0.4265 0.2238 0.1987 0.3570 0.1698 0.1945 0.1111 0.5207 0.1381 0.1306 0.3963 0.1151 0.3146 0.2402 0.1087 0.4953 0.1597 0.1171 0.4884 0.1240 0.1795 0.3051 0.1097 0.4316 0.1916 0.1113 0.5209 0.1372 0.1316 0.3917 0.1148 0.3206 0.2379 0.1087 0.4970 0.1587 0.1174 0.4859 0.1237 0.1825 0.3031 0.1097 0.4331 0.1912 0.1116 0.5025
0.1125 0.2314 0.3357 0.1150 0.3813 0.1379 0.1347 0.5209 0.1159 0.1865 0.4409 0.1119 0.2962 0.1947 0.1224 0.4786 0.1224 0.1555 0.5006 0.1124 0.2328 0.3319 0.1152 0.3842 0.1372 0.1353 0.5210 0.1157 0.1880 0.4375 0.1120 0.2998 0.1891 0.1229 0.4831 0.1219 0.1569 0.4983 0.1123 0.2359 0.3242 0.1156 0.5008 0.2941 0.1708 0.5438 0.1454 0.3799 0.4235 0.3582 0.2823 0.1034 0.4782 0.1108 0.3247 0.0729 0.4624 0.4204 0.3168 0.1283 0.2343 0.2744 0.1075 0.4639 0.1770 0.1075 0.5170 0.1327 0.1383 0.3517 0.1122 0.3750 0.2157 0.1057 0.5125 0.1498 0.1161 0.4460 0.1202 0.2400 0.2710 0.1073 0.4675 0.1753 0.1077 0.5157 0.1320 0.1401 0.3479 0.1119 0.3795 0.2140 0.1056 0.5133 0.1491 0.1165 0.4436 0.1200 0.2407 0.2722 0.1057
0.4811 0.1131 0.2306 0.3376 0.1149 0.3799 0.1383 0.1345 0.5209 0.1160 0.1860 0.4420 0.1119 0.2952 0.1963 0.1223 0.4774 0.1225 0.1552 0.5011 0.1125 0.2322 0.3335 0.1151 0.3830 0.1374 0.1351 0.5210 0.1158 0.1875 0.4385 0.1120 0.2989 0.1904 0.1228 0.4821 0.1220 0.1566 0.4988 0.1123 0.2354 0.3227 0.1382 0.1188 0.3307 0.1179 0.1768 0.1142 0.1652 0.1886 0.4462 0.2693 0.2821 0.2664 0.1186 0.3245 0.1200 0.2578 0.2669 0.1595 0.2335 0.1109 0.5004 0.1559 0.1208 0.4789 0.1224 0.1942 0.2960 0.1107 0.4417 0.1864 0.1143 0.5209 0.1347 0.1370 0.3793 0.1142 0.3385 0.2305 0.1110 0.5026 0.1545 0.1214 0.4740 0.1219 0.2004 0.2924 0.1106 0.4452 0.1848 0.1145 0.5207 0.1341 0.1379 0.3760 0.1140 0.3424 0.2290 0.1115 0.4822
