-37.5420 -20.2851 -40.1375 12.9362 -26.1086 -46.4983 31.6397 -31.4781 -47.6551 -15.0548 -37.6159 1.7837 -24.1322 -43.7941 24.7964 -29.0709 -48.6835 0.8031 -34.5283 -26.6274 -21.5122 -41.0287 15.8894 -26.8144 -47.2950 30.5536 -32.2796 -45.6285 -17.2152 -38.4300 6.3236 -24.7657 -44.7231 27.7468 -29.8679 -48.7858 -7.4501 -35.6778 -14.9369 -22.5440 -41.9406 18.8120 -27.5513 -47.9776 24.9493 -33.6072 -21.1400 -32.2572 30.2664 -45.6416 -25.4324 9.8605 -39.2725 -18.9124 -41.9588 -33.0615 25.0039 -47.9796 -27.5517 18.8127 -41.9406 -22.5412 -15.0000 -35.6746 -7.4563 -48.7859 -29.8683 27.7475 -44.7231 -24.7659 6.3025 -38.4290 -17.2163 -45.6260 -32.2801 30.5530 -47.2951 -26.8150 15.8737 -41.0278 -21.5119 -26.6175 -34.5289 0.8005 -48.6835 -29.0721 24.7803 -43.7933 -24.1310 1.7886 -37.6119 -15.0545 -47.6475 -31.4800 31.6399 -46.4983 -26.1086 12.9362 -40.1375 -20.2851 -37.5420
-20.2851 -39.6121 12.9022 -27.3966 -46.5565 33.4512 -31.7152 -47.3102 -14.0233 -36.7383 2.4210 -25.7928 -43.6223 24.4955 -29.8204 -48.9013 13.7098 -33.6642 -24.4960 -22.9358 -40.5789 15.6914 -27.9720 -47.4123 34.7841 -32.2987 -44.9923 -17.2046 -37.6648 6.6095 -26.2989 -44.6317 27.6663 -30.4643 -48.7598 -0.7668 -34.5530 -12.8814 -24.1790 -41.5857 18.5136 -28.5808 -48.1494 33.2701 -32.8091 -41.4812 -24.7158 -48.4108 -31.1053 30.8176 -45.6294 -26.8401 9.9276 -38.6143 -19.5536 -40.8843 -32.8318 33.2636 -48.1494 -28.5812 18.5136 -41.5857 -24.1738 -12.9253 -34.5510 -0.7765 -48.7598 -30.4647 27.6662 -44.6317 -26.2990 6.5951 -37.6639 -17.2070 -44.9925 -32.2991 34.7841 -47.4123 -27.9731 15.6803 -40.5780 -22.9373 -24.4966 -33.6647 13.7098 -48.9013 -29.8227 24.4831 -43.6214 -25.7941 2.4042 -36.7327 -14.0396 -47.3052 -31.7169 33.4512 -46.5565 -27.3966 12.9022 -39.6121 -20.2851
-40.1375 12.9022 -27.4218 -46.5284 33.3722 -31.9299 -47.3796 -13.8381 -36.6928 2.1913 -25.7472 -43.5714 24.3405 -29.9223 -48.9004 14.5663 -34.0403 -25.0453 -22.8711 -40.5289 15.5518 -28.0000 -47.3721 34.7874 -32.5540 -45.1424 -17.0717 -37.6178 6.4276 -26.2698 -44.5815 27.5078 -30.5992 -48.7606 -0.1432 -34.4905 -13.4334 -24.1239 -41.5348 18.3699 -28.6329 -48.1174 33.4743 -33.1439 -41.0585 -19.2698 -39.4846 -8.7166 -48.4567 -31.2672 30.6823 -45.5819 -26.8283 9.7734 -38.5663 -19.4612 -41.1227 -33.1427 33.4752 -48.1174 -28.6329 18.3700 -41.5351 -24.1211 -13.4372 -34.4927 -0.1427 -48.7606 -30.5992 27.5079 -44.5818 -26.2695 6.4263 -37.6202 -17.0722 -45.1424 -32.5540 34.7874 -47.3724 -28.0001 15.5508 -40.5314 -22.8721 -25.0451 -34.0403 14.5660 -48.9005 -29.9228 24.3395 -43.5736 -25.7482 2.1598 -36.6900 -13.8522 -47.3796 -31.9299 33.3722 -46.5284 -27.4218 12.9022 -40.1375
12.9362 -27.3966 -46.5284 33.3331 -31.9191 -47.4280 -13.6953 -36.6502 1.9531 -25.7247 -43.5230 24.1903 -29.8922 -48.8975 15.3401 -34.0288 -25.5652 -22.8014 -40.4783 15.4102 -27.9713 -47.3317 34.7641 -32.5267 -45.2821 -16.9345 -37.5704 6.2405 -26.2442 -44.5317 27.3469 -30.5680 -48.7603 0.4587 -34.4272 -14.0012 -24.0687 -41.4845 18.2262 -28.6024 -48.0862 33.6366 -33.1127 -41.3800 -19.3869 -38.4067 15.9599 -35.6886 -8.6453 -48.4881 -31.2340 30.5323 -45.5325 -26.8001 9.6178 -38.5177 -19.3623 -41.3615 -33.1169 33.6375 -48.0862 -28.6026 18.2272 -41.4839 -24.0679 -13.9667 -34.4315 0.4594 -48.7603 -30.5682 27.3480 -44.5310 -26.2427 6.2519 -37.5736 -16.9349 -45.2822 -32.5269 34.7646 -47.3312 -27.9690 15.4187 -40.4817 -22.8023 -25.5656 -34.0291 15.3364 -48.8976 -29.8914 24.1927 -43.5255 -25.7241 1.9393 -36.6502 -13.6953 -47.4280 -31.9191 33.3331 -46.5284 -27.3966 12.9362
-26.1086 -46.5565 33.3722 -31.9191 -47.4444 -13.6163 -36.6227 1.7530 -25.7039 -43.4814 24.0542 -29.8651 -48.8937 16.0514 -34.0137 -26.1070 -22.7344 -40.4280 15.2700 -27.9431 -47.2936 34.7350 -32.4937 -45.4269 -16.8029 -37.5234 6.0532 -26.2191 -44.4849 27.1900 -30.5328 -48.7587 1.0419 -34.3639 -14.5687 -24.0133 -41.4373 18.0863 -28.5692 -48.0526 33.7781 -33.0822 -41.6237 -19.2554 -38.4853 9.0490 -31.2224 -5.0395 -35.5647 -8.3052 -48.5170 -31.2028 30.3796 -45.4840 -26.7719 9.4613 -38.4696 -19.2616 -41.6070 -33.0867 33.7791 -48.0528 -28.5709 18.0846 -41.4330 -24.0140 -14.5297 -34.3685 1.0434 -48.7587 -30.5348 27.1882 -44.4806 -26.2162 6.0661 -37.5269 -16.8031 -45.4261 -32.4961 34.7353 -47.2900 -27.9388 15.2796 -40.4318 -22.7352 -26.1103 -34.0146 16.0484 -48.8937 -29.8648 24.0557 -43.4813 -25.7037 1.7530 -36.6227 -13.6163 -47.4444 -31.9191 33.3722 -46.5565 -26.1086
-46.4983 33.4512 -31.9299 -47.4280 -13.6163 -36.6135 1.6502 -25.6886 -43.4446 23.9316 -29.8392 -48.8895 16.6643 -33.9988 -26.6139 -22.6675 -40.3784 15.1291 -27.9146 -47.2548 34.7018 -32.4593 -45.5751 -16.6610 -37.4773 5.8627 -26.1938 -44.4380 27.0410 -30.4970 -48.7606 1.6828 -34.3011 -15.1440 -23.9570 -41.3901 17.9537 -28.5363 -48.0167 33.9189 -33.0546 -41.8658 -19.1489 -38.4287 9.3588 -26.9355 -46.8250 -25.5061 -5.0780 -35.5118 -7.9728 -48.5427 -31.1710 30.2269 -45.4353 -26.7435 9.3031 -38.4225 -19.1549 -41.8480 -33.0586 33.9184 -48.0190 -28.5390 17.9417 -41.3833 -23.9579 -15.1012 -34.3052 1.6795 -48.7592 -30.5010 27.0277 -44.4313 -26.1908 5.8769 -37.4802 -16.6618 -45.5659 -32.4648 34.6995 -47.2493 -27.9106 15.1385 -40.3816 -22.6674 -26.6137 -33.9993 16.6643 -48.8895 -29.8392 23.9316 -43.4446 -25.6886 1.6502 -36.6135 -13.6163 -47.4280 -31.9299 33.4512 -46.4983
31.6397 -31.7152 -47.3796 -13.6953 -36.6227 1.6502 -25.6834 -43.4243 23.8405 -29.8145 -48.8840 17.2604 -33.9850 -27.0494 -22.6050 -40.3346 14.9975 -27.8868 -47.2160 34.6637 -32.4301 -45.7089 -16.5088 -37.4332 5.6732 -26.1675 -44.3905 26.8919 -30.4627 -48.7727 2.3788 -34.2512 -15.7131 -23.8991 -41.3423 17.8210 -28.5044 -47.9825 34.0554 -33.0307 -42.0976 -19.0393 -38.3837 9.1677 -26.7076 -45.1522 35.5080 -42.1245 -24.9280 -5.5327 -35.4545 -7.6457 -48.5684 -31.1377 30.0733 -45.3860 -26.7145 9.1474 -38.3779 -19.0464 -42.0831 -33.0304 34.0463 -47.9843 -28.5062 17.8021 -41.3361 -23.9012 -15.6770 -34.2490 2.3333 -48.7713 -30.4661 26.8707 -44.3844 -26.1659 5.6853 -37.4335 -16.5182 -45.7014 -32.4356 34.6610 -47.2127 -27.8849 15.0052 -40.3347 -22.6050 -27.0494 -33.9850 17.2604 -48.8840 -29.8145 23.8405 -43.4243 -25.6834 1.6502 -36.6227 -13.6953 -47.3796 -31.7169 31.6399
-31.4781 -47.3102 -13.8381 -36.6502 1.7530 -25.6886 -43.4243 23.8095 -29.8013 -48.8793 17.7904 -33.9685 -27.4710 -22.5470 -40.2942 14.8836 -27.8611 -47.1792 34.6239 -32.4065 -45.8245 -16.3717 -37.3865 5.4900 -26.1412 -44.3402 26.7410 -30.4281 -48.7914 3.0499 -34.2259 -16.2603 -23.8412 -41.2919 17.6870 -28.4723 -47.9480 34.1715 -33.0040 -42.3138 -18.9301 -38.3360 9.0182 -26.6864 -45.3488 29.5096 -34.2624 20.4599 -42.3155 -24.8819 -5.9502 -35.4004 -7.2857 -48.5923 -31.1043 29.9175 -45.3347 -26.6859 8.9986 -38.3333 -18.9365 -42.3125 -33.0017 34.1648 -47.9480 -28.4732 17.6697 -41.2890 -23.8437 -16.2570 -34.2222 3.0114 -48.7914 -30.4302 26.7217 -44.3374 -26.1409 5.4910 -37.3867 -16.3795 -45.8244 -32.4084 34.6235 -47.1787 -27.8608 14.8836 -40.2942 -22.5470 -27.4710 -33.9685 17.7904 -48.8793 -29.8013 23.8095 -43.4243 -25.6886 1.7530 -36.6502 -13.8522 -47.3052 -31.4800
-47.6551 -14.0233 -36.6928 1.9531 -25.7039 -43.4446 23.8405 -29.8013 -48.8779 18.0821 -33.9553 -27.8468 -22.4897 -40.2544 14.7715 -27.8368 -47.1451 34.5829 -32.3832 -45.9296 -16.2512 -37.3430 5.3030 -26.1162 -44.2904 26.5807 -30.3947 -48.8085 3.7348 -34.2179 -16.8427 -23.7845 -41.2417 17.5456 -28.4407 -47.9125 34.2768 -32.9758 -42.5371 -18.8243 -38.2886 8.8579 -26.6580 -45.2848 29.7856 -31.5311 -45.5465 -30.3192 20.4502 -42.2583 -24.8362 -6.3501 -35.3465 -6.9142 -48.6146 -31.0726 29.7550 -45.2854 -26.6580 8.8487 -38.2887 -18.8252 -42.5371 -32.9758 34.2768 -47.9125 -28.4413 17.5376 -41.2419 -23.7854 -16.8428 -34.2179 3.7348 -48.8085 -30.3959 26.5720 -44.2903 -26.1164 5.3039 -37.3430 -16.2512 -45.9296 -32.3832 34.5829 -47.1451 -27.8368 14.7715 -40.2544 -22.4897 -27.8468 -33.9553 18.0821 -48.8779 -29.8013 23.8405 -43.4446 -25.7037 1.9393 -36.6900 -14.0396 -47.6475
-15.0548 -36.7383 2.1913 -25.7247 -43.4814 23.9316 -29.8145 -48.8793 18.0821 -33.9518 -28.0538 -22.4466 -40.2186 14.6612 -27.8125 -47.1114 34.5388 -32.3582 -46.0299 -16.1310 -37.3052 5.1302 -26.0933 -44.2457 26.4319 -30.3659 -48.8229 4.4349 -34.2111 -17.4208 -23.7246 -41.1912 17.4050 -28.4097 -47.8767 34.3729 -32.9491 -42.7524 -18.7112 -38.2409 8.6972 -26.6304 -45.2364 29.5974 -31.0146 -48.6828 -16.9582 -48.0989 -29.0523 20.2861 -42.2046 -24.7923 -6.7615 -35.2918 -6.5290 -48.6348 -31.0410 29.5984 -45.2364 -26.6302 8.6978 -38.2438 -18.7116 -42.7523 -32.9491 34.3729 -47.8769 -28.4094 17.4055 -41.1943 -23.7256 -17.4208 -34.2113 4.4353 -48.8229 -30.3660 26.4319 -44.2457 -26.0935 5.1302 -37.3052 -16.1310 -46.0299 -32.3582 34.5388 -47.1114 -27.8125 14.6612 -40.2186 -22.4466 -28.0538 -33.9518 18.0821 -48.8793 -29.8145 23.9316 -43.4813 -25.7241 2.1598 -36.7327 -15.0545
-37.6159 2.4210 -25.7472 -43.5230 24.0542 -29.8392 -48.8840 17.7904 -33.9553 -28.0538 -22.4319 -40.1987 14.5789 -27.7903 -47.0777 34.4913 -32.3331 -46.1277 -16.0095 -37.2680 4.9692 -26.0720 -44.2048 26.3025 -30.3398 -48.8352 5.0697 -34.2030 -17.9720 -23.6653 -41.1413 17.2636 -28.3801 -47.8414 34.4580 -32.9217 -42.9527 -18.5978 -38.1932 8.5343 -26.6040 -45.1878 29.4420 -31.0069 -48.6500 -4.8718 -36.6288 31.3083 -48.4911 -29.0255 20.1316 -42.1540 -24.7477 -7.1859 -35.2345 -6.1389 -48.6526 -31.0091 29.4422 -45.1872 -26.6023 8.5442 -38.1965 -18.5983 -42.9528 -32.9219 34.4579 -47.8409 -28.3776 17.2713 -41.1439 -23.6656 -17.9688 -34.2030 5.0697 -48.8352 -30.3398 26.3025 -44.2048 -26.0720 4.9692 -37.2680 -16.0095 -46.1277 -32.3331 34.4913 -47.0777 -27.7903 14.5789 -40.1987 -22.4319 -28.0538 -33.9553 17.7904 -48.8840 -29.8392 24.0557 -43.5255 -25.7482 2.4042 -37.6119
1.7837 -25.7928 -43.5714 24.1903 -29.8651 -48.8895 17.2604 -33.9685 -27.8468 -22.4466 -40.1987 14.5508 -27.7782 -47.0524 34.4457 -32.3066 -46.2231 -15.8864 -37.2309 4.8065 -26.0509 -44.1644 26.1752 -30.3131 -48.8457 5.6629 -34.1956 -18.4884 -23.6116 -41.0967 17.1310 -28.3520 -47.8075 34.5320 -32.8904 -43.1609 -18.4882 -38.1454 8.3699 -26.5781 -45.1419 29.2871 -30.9722 -48.6711 -5.8199 -35.1713 5.3448 -34.2680 30.6876 -48.4508 -28.9909 19.9863 -42.1031 -24.7024 -7.6424 -35.1757 -5.7546 -48.6699 -30.9757 29.2853 -45.1377 -26.5750 8.3812 -38.1489 -18.4885 -43.1598 -32.8928 34.5319 -47.8062 -28.3493 17.1378 -41.0964 -23.6118 -18.4884 -34.1956 5.6629 -48.8457 -30.3131 26.1752 -44.1644 -26.0509 4.8065 -37.2309 -15.8864 -46.2231 -32.3066 34.4457 -47.0524 -27.7782 14.5508 -40.1987 -22.4466 -27.8468 -33.9685 17.2604 -48.8895 -29.8648 24.1927 -43.5736 -25.7941 1.7886
-24.1322 -43.6223 24.3405 -29.8922 -48.8937 16.6643 -33.9850 -27.4710 -22.4897 -40.2186 14.5789 -27.7782 -47.0439 34.4193 -32.2864 -46.3070 -15.7636 -37.1939 4.6418 -26.0299 -44.1240 26.0480 -30.2865 -48.8551 6.2546 -34.1872 -18.9650 -23.5617 -41.0555 17.0156 -28.3255 -47.7748 34.5905 -32.8629 -43.3638 -18.3717 -38.0984 8.2032 -26.5521 -45.0959 29.1403 -30.9377 -48.6865 -5.3020 -35.1042 -9.4472 -28.8464 -38.4744 -33.3996 31.0516 -48.4235 -28.9575 19.8405 -42.0528 -24.6556 -8.1115 -35.1165 -5.3345 -48.6855 -30.9420 29.1272 -45.0893 -26.5488 8.2156 -38.1014 -18.3712 -43.3592 -32.8649 34.5904 -47.7743 -28.3248 17.0155 -41.0555 -23.5617 -18.9650 -34.1872 6.2546 -48.8551 -30.2865 26.0480 -44.1240 -26.0299 4.6418 -37.1939 -15.7636 -46.3070 -32.2864 34.4193 -47.0439 -27.7782 14.5789 -40.2186 -22.4897 -27.4710 -33.9850 16.6643 -48.8937 -29.8914 24.3395 -43.6214 -24.1310
-43.7941 24.4955 -29.9223 -48.8975 16.0514 -33.9988 -27.0494 -22.5470 -40.2544 14.6612 -27.7903 -47.0524 34.4193 -32.2801 -46.3528 -15.6709 -37.1606 4.4779 -26.0089 -44.0835 25.9209 -30.2598 -48.8637 6.8538 -34.1785 -19.4348 -23.5118 -41.0152 16.9028 -28.3002 -47.7446 34.6381 -32.8411 -43.5354 -18.2600 -38.0541 8.0372 -26.5249 -45.0491 28.9922 -30.9033 -48.7005 -4.8703 -35.0573 -8.4915 -24.6291 -43.3003 -20.5697 -38.4532 -33.3901 31.3703 -48.3958 -28.9253 19.6966 -42.0054 -24.6081 -8.5901 -35.0569 -4.9004 -48.6997 -30.9071 28.9714 -45.0431 -26.5233 8.0476 -38.0542 -18.2600 -43.5332 -32.8411 34.6381 -47.7446 -28.3002 16.9028 -41.0152 -23.5118 -19.4348 -34.1785 6.8538 -48.8637 -30.2598 25.9209 -44.0835 -26.0089 4.4779 -37.1606 -15.6709 -46.3528 -32.2801 34.4193 -47.0524 -27.7903 14.6612 -40.2544 -22.5470 -27.0494 -33.9993 16.0484 -48.8976 -29.9228 24.4831 -43.7933
24.7964 -29.8204 -48.9004 15.3401 -34.0137 -26.6139 -22.6050 -40.2942 14.7715 -27.8125 -47.0777 34.4457 -32.2864 -46.3528 -15.6391 -37.1421 4.3544 -25.9902 -44.0436 25.7939 -30.2332 -48.8714 7.4598 -34.1694 -19.9042 -23.4616 -40.9749 16.7902 -28.2753 -47.7147 34.6790 -32.8175 -43.6895 -18.1615 -38.0122 7.8893 -26.4996 -45.0020 28.8446 -30.8734 -48.7122 -4.4269 -34.9968 -9.0879 -24.5647 -41.8050 26.2800 -38.8924 -20.2976 -38.7841 -33.3667 31.6594 -48.3677 -28.8927 19.5610 -41.9579 -24.5599 -9.0786 -34.9968 -4.4526 -48.7122 -30.8758 28.8325 -44.9993 -26.4996 7.8893 -38.0122 -18.1615 -43.6895 -32.8175 34.6790 -47.7147 -28.2753 16.7902 -40.9749 -23.4616 -19.9042 -34.1694 7.4598 -48.8714 -30.2332 25.7939 -44.0436 -25.9902 4.3544 -37.1421 -15.6391 -46.3528 -32.2864 34.4457 -47.0777 -27.8125 14.7715 -40.2942 -22.6050 -26.6137 -34.0146 15.3364 -48.9005 -29.8227 24.7803
-29.0709 -48.9013 14.5663 -34.0288 -26.1070 -22.6675 -40.3346 14.8836 -27.8368 -47.1114 34.4913 -32.3066 -46.3070 -15.6709 -37.1421 4.3121 -25.9798 -44.0138 25.6797 -30.2060 -48.8782 8.0717 -34.1600 -20.3729 -23.4108 -40.9347 16.6777 -28.2504 -47.6846 34.7142 -32.7938 -43.8401 -18.0643 -37.9738 7.7515 -26.4774 -44.9590 28.7057 -30.8485 -48.7219 -4.0207 -34.9381 -9.5815 -24.5100 -41.9238 19.0513 -32.7841 10.7567 -38.9267 -20.1981 -39.0726 -33.3425 31.9313 -48.3390 -28.8600 19.4258 -41.9105 -24.5108 -9.5789 -34.9380 -4.0209 -48.7219 -30.8497 28.7039 -44.9590 -26.4774 7.7515 -37.9738 -18.0643 -43.8401 -32.7938 34.7142 -47.6846 -28.2504 16.6777 -40.9347 -23.4108 -20.3729 -34.1600 8.0717 -48.8782 -30.2060 25.6797 -44.0138 -25.9798 4.3121 -37.1421 -15.6709 -46.3070 -32.3066 34.4913 -47.1114 -27.8368 14.8836 -40.3347 -22.6674 -26.1103 -34.0291 14.5660 -48.9013 -29.0721
-48.6835 13.7098 -34.0403 -25.5652 -22.7344 -40.3784 14.9975 -27.8611 -47.1451 34.5388 -32.3331 -46.2231 -15.7636 -37.1606 4.3544 -25.9798 -44.0037 25.6163 -30.1855 -48.8824 8.6785 -34.1503 -20.8404 -23.3597 -40.8945 16.5652 -28.2255 -47.6542 34.7439 -32.7700 -43.9875 -17.9661 -37.9360 7.6149 -26.4554 -44.9194 28.5771 -30.8229 -48.7298 -3.6311 -34.8850 -10.0548 -24.4621 -41.8613 19.3284 -29.1699 -48.8141 -27.9162 10.7622 -38.8739 -20.1068 -39.3723 -33.3160 32.1886 -48.3091 -28.8287 19.2905 -41.8628 -24.4629 -10.0548 -34.8850 -3.6311 -48.7298 -30.8229 28.5771 -44.9194 -26.4554 7.6149 -37.9360 -17.9661 -43.9875 -32.7700 34.7439 -47.6542 -28.2255 16.5652 -40.8945 -23.3597 -20.8404 -34.1503 8.6785 -48.8824 -30.1855 25.6163 -44.0037 -25.9798 4.3544 -37.1606 -15.7636 -46.2231 -32.3331 34.5388 -47.1451 -27.8608 15.0052 -40.3816 -22.7352 -25.5656 -34.0403 13.7098 -48.6835
0.8031 -33.6642 -25.0453 -22.8014 -40.4280 15.1291 -27.8868 -47.1792 34.5829 -32.3582 -46.1277 -15.8864 -37.1939 4.4779 -25.9902 -44.0138 25.6163 -30.1788 -48.8852 9.1336 -34.1383 -21.2992 -23.3081 -40.8543 16.4529 -28.2007 -47.6236 34.7683 -32.7462 -44.1317 -17.8668 -37.8982 7.4772 -26.4335 -44.8796 28.4501 -30.7962 -48.7368 -3.2397 -34.8359 -10.4724 -24.4184 -41.8176 19.1610 -28.7881 -47.8795 9.8279 -45.1909 -26.9738 10.5964 -38.8265 -20.0097 -39.6686 -33.2870 32.4197 -48.2813 -28.8011 19.1628 -41.8181 -24.4184 -10.4724 -34.8359 -3.2397 -48.7368 -30.7962 28.4501 -44.8796 -26.4335 7.4772 -37.8982 -17.8668 -44.1317 -32.7462 34.7683 -47.6236 -28.2007 16.4529 -40.8543 -23.3081 -21.2992 -34.1383 9.1336 -48.8852 -30.1788 25.6163 -44.0138 -25.9902 4.4779 -37.1939 -15.8864 -46.1277 -32.3582 34.5829 -47.1787 -27.8849 15.1385 -40.4318 -22.8023 -25.0451 -33.6647 0.8005
-34.5283 -24.4960 -22.8711 -40.4783 15.2700 -27.9146 -47.2160 34.6239 -32.3832 -46.0299 -16.0095 -37.2309 4.6418 -26.0089 -44.0436 25.6797 -30.1855 -48.8852 9.2893 -34.1332 -21.6403 -23.2613 -40.8148 16.3406 -28.1759 -47.5928 34.7874 -32.7222 -44.2727 -17.7664 -37.8605 7.3384 -26.4117 -44.8398 28.3229 -30.7695 -48.7428 -2.8385 -34.7871 -10.8889 -24.3768 -41.7769 19.0459 -28.7776 -48.2804 33.3452 -35.2467 31.2735 -45.7907 -26.9479 10.4474 -38.7814 -19.9114 -39.9424 -33.2637 32.6200 -48.2571 -28.7758 19.0459 -41.7769 -24.3768 -10.8889 -34.7871 -2.8385 -48.7428 -30.7695 28.3229 -44.8398 -26.4117 7.3384 -37.8605 -17.7664 -44.2727 -32.7222 34.7874 -47.5928 -28.1759 16.3406 -40.8148 -23.2613 -21.6403 -34.1332 9.2893 -48.8852 -30.1855 25.6797 -44.0436 -26.0089 4.6418 -37.2309 -16.0095 -46.0299 -32.3832 34.6235 -47.2127 -27.9106 15.2796 -40.4817 -22.8721 -24.4966 -34.5289
-26.6274 -22.9358 -40.5289 15.4102 -27.9431 -47.2548 34.6637 -32.4065 -45.9296 -16.1310 -37.2680 4.8065 -26.0299 -44.0835 25.7939 -30.2060 -48.8824 9.1336 -34.1332 -21.7563 -23.2351 -40.7853 16.2395 -28.1511 -47.5617 34.8014 -32.6982 -44.4107 -17.6649 -37.8228 7.1986 -26.3899 -44.8000 28.1956 -30.7427 -48.7480 -2.4267 -34.7381 -11.3108 -24.3348 -41.7363 18.9307 -28.7503 -48.2308 32.7284 -33.7133 -21.2737 -32.7488 31.1726 -45.7372 -26.9213 10.3142 -38.7387 -19.8231 -40.1871 -33.2441 32.7956 -48.2326 -28.7503 18.9307 -41.7363 -24.3348 -11.3108 -34.7381 -2.4267 -48.7480 -30.7427 28.1956 -44.8000 -26.3899 7.1986 -37.8228 -17.6649 -44.4107 -32.6982 34.8014 -47.5617 -28.1511 16.2395 -40.7853 -23.2351 -21.7563 -34.1332 9.1336 -48.8824 -30.2060 25.7939 -44.0835 -26.0299 4.8065 -37.2680 -16.1310 -45.9296 -32.4084 34.6610 -47.2493 -27.9388 15.4187 -40.5314 -22.9373 -26.6175
-21.5122 -40.5789 15.5518 -27.9713 -47.2936 34.7018 -32.4301 -45.8245 -16.2512 -37.3052 4.9692 -26.0509 -44.1240 25.9209 -30.2332 -48.8782 8.6785 -34.1383 -21.6403 -23.2351 -40.7753 16.1834 -28.1325 -47.5332 34.8102 -32.6741 -44.5457 -17.5622 -37.7851 7.0576 -26.3682 -44.7601 28.0682 -30.7160 -48.7522 -2.0042 -34.6888 -11.7378 -24.2924 -41.6957 18.8158 -28.7248 -48.2077 32.9661 -33.1958 -41.1141 -24.6442 -48.4095 -31.3428 31.0284 -45.6957 -26.8983 10.1905 -38.6995 -19.7411 -40.4079 -33.2225 32.9625 -48.2077 -28.7248 18.8158 -41.6957 -24.2924 -11.7378 -34.6888 -2.0042 -48.7522 -30.7160 28.0682 -44.7601 -26.3682 7.0576 -37.7851 -17.5622 -44.5457 -32.6741 34.8102 -47.5332 -28.1325 16.1834 -40.7753 -23.2351 -21.6403 -34.1383 8.6785 -48.8782 -30.2332 25.9209 -44.1240 -26.0509 4.9692 -37.3052 -16.2512 -45.8244 -32.4356 34.6995 -47.2900 -27.9690 15.5508 -40.5780 -21.5119
-41.0287 15.6914 -28.0000 -47.3317 34.7350 -32.4593 -45.7089 -16.3717 -37.3430 5.1302 -26.0720 -44.1644 26.0480 -30.2598 -48.8714 8.0717 -34.1503 -21.2992 -23.2613 -40.7853 16.1834 -28.1263 -47.5175 34.8137 -32.6505 -44.6757 -17.4584 -37.7475 6.9155 -26.3465 -44.7202 27.9407 -30.6892 -48.7555 -1.5708 -34.6394 -12.1697 -24.2495 -41.6552 18.7010 -28.6994 -48.1826 33.1210 -33.2037 -40.5526 -19.4556 -39.5076 -8.9847 -48.4022 -31.3263 30.9088 -45.6572 -26.8756 10.0682 -38.6610 -19.6595 -40.6245 -33.2007 33.1210 -48.1826 -28.6994 18.7010 -41.6552 -24.2495 -12.1697 -34.6394 -1.5708 -48.7555 -30.6892 27.9407 -44.7202 -26.3465 6.9155 -37.7475 -17.4584 -44.6757 -32.6505 34.8137 -47.5175 -28.1263 16.1834 -40.7853 -23.2613 -21.2992 -34.1503 8.0717 -48.8714 -30.2598 26.0480 -44.1644 -26.0720 5.1302 -37.3430 -16.3795 -45.7014 -32.4648 34.7353 -47.3312 -28.0001 15.6803 -41.0278
15.8894 -27.9720 -47.3721 34.7641 -32.4937 -45.5751 -16.5088 -37.3865 5.3030 -26.0933 -44.2048 26.1752 -30.2865 -48.8637 7.4598 -34.1600 -20.8404 -23.3081 -40.8148 16.2395 -28.1325 -47.5175 34.8143 -32.6384 -44.7707 -17.3639 -37.7105 6.7721 -26.3248 -44.6803 27.8131 -30.6625 -48.7580 -1.1263 -34.5899 -12.6062 -24.2062 -41.6146 18.5863 -28.6739 -48.1571 33.2712 -33.1788 -40.8404 -19.6013 -38.5047 16.1285 -35.7521 -9.1978 -48.4337 -31.2984 30.7895 -45.6186 -26.8529 9.9454 -38.6225 -19.5772 -40.8370 -33.1788 33.2712 -48.1571 -28.6739 18.5863 -41.6146 -24.2062 -12.6062 -34.5899 -1.1263 -48.7580 -30.6625 27.8131 -44.6803 -26.3248 6.7721 -37.7105 -17.3639 -44.7707 -32.6384 34.8143 -47.5175 -28.1325 16.2395 -40.8148 -23.3081 -20.8404 -34.1600 7.4598 -48.8637 -30.2865 26.1752 -44.2048 -26.0935 5.3039 -37.3867 -16.5182 -45.5659 -32.4961 34.7646 -47.3724 -27.9731 15.8737
-26.8144 -47.4123 34.7874 -32.5267 -45.4269 -16.6610 -37.4332 5.4900 -26.1162 -44.2457 26.3025 -30.3131 -48.8551 6.8538 -34.1694 -20.3729 -23.3597 -40.8543 16.3406 -28.1511 -47.5332 34.8137 -32.6384 -44.8028 -17.3110 -37.6830 6.6419 -26.3036 -44.6403 27.6855 -30.6358 -48.7597 -0.6706 -34.5401 -13.0472 -24.1624 -41.5741 18.4719 -28.6485 -48.1313 33.4134 -33.1568 -41.0453 -19.4930 -38.5958 9.4066 -31.2683 -4.4468 -35.6646 -8.9080 -48.4598 -31.2718 30.6694 -45.5799 -26.8302 9.8219 -38.5841 -19.4940 -41.0453 -33.1568 33.4134 -48.1313 -28.6485 18.4719 -41.5741 -24.1624 -13.0472 -34.5401 -0.6706 -48.7597 -30.6358 27.6855 -44.6403 -26.3036 6.6419 -37.6830 -17.3110 -44.8028 -32.6384 34.8137 -47.5332 -28.1511 16.3406 -40.8543 -23.3597 -20.3729 -34.1694 6.8538 -48.8551 -30.3131 26.3025 -44.2457 -26.1164 5.4910 -37.4335 -16.6618 -45.4261 -32.5269 34.7874 -47.4123 -26.8150
-47.2950 34.7841 -32.5540 -45.2821 -16.8029 -37.4773 5.6732 -26.1412 -44.2904 26.4319 -30.3398 -48.8457 6.2546 -34.1785 -19.9042 -23.4108 -40.8945 16.4529 -28.1759 -47.5617 34.8102 -32.6505 -44.7707 -17.3110 -37.6736 6.5692 -26.2878 -44.6041 27.5598 -30.6090 -48.7605 -0.2035 -34.4901 -13.4923 -24.1182 -41.5336 18.3576 -28.6231 -48.1051 33.5477 -33.1347 -41.2496 -19.4101 -38.5451 9.7395 -27.0051 -46.9132 -25.5910 -4.3262 -35.6242 -8.6518 -48.4847 -31.2452 30.5488 -45.5412 -26.8076 9.6979 -38.5457 -19.4101 -41.2496 -33.1347 33.5477 -48.1051 -28.6231 18.3576 -41.5336 -24.1182 -13.4923 -34.4901 -0.2035 -48.7605 -30.6090 27.5598 -44.6041 -26.2878 6.5692 -37.6736 -17.3110 -44.7707 -32.6505 34.8102 -47.5617 -28.1759 16.4529 -40.8945 -23.4108 -19.9042 -34.1785 6.2546 -48.8457 -30.3398 26.4319 -44.2903 -26.1409 5.6853 -37.4802 -16.8031 -45.2822 -32.5540 34.7841 -47.2951
30.5536 -32.2987 -45.1424 -16.9345 -37.5234 5.8627 -26.1675 -44.3402 26.5807 -30.3659 -48.8352 5.6629 -34.1872 -19.4348 -23.4616 -40.9347 16.5652 -28.2007 -47.5928 34.8014 -32.6741 -44.6757 -17.3639 -37.6830 6.5692 -26.2824 -44.5841 27.4661 -30.5839 -48.7605 0.2749 -34.4400 -13.9413 -24.0735 -41.4931 18.2434 -28.5978 -48.0787 33.6742 -33.1125 -41.4499 -19.3255 -38.5073 9.5712 -26.7802 -45.2722 35.5839 -42.2124 -25.0150 -4.6666 -35.5792 -8.3896 -48.5084 -31.2186 30.4275 -45.5024 -26.7851 9.5733 -38.5073 -19.3255 -41.4499 -33.1125 33.6742 -48.0787 -28.5978 18.2434 -41.4931 -24.0735 -13.9413 -34.4400 0.2749 -48.7605 -30.5839 27.4661 -44.5841 -26.2824 6.5692 -37.6830 -17.3639 -44.6757 -32.6741 34.8014 -47.5928 -28.2007 16.5652 -40.9347 -23.4616 -19.4348 -34.1872 5.6629 -48.8352 -30.3660 26.5720 -44.3374 -26.1659 5.8769 -37.5269 -16.9349 -45.1424 -32.2991 30.5530
-32.2796 -44.9923 -17.0717 -37.5704 6.0532 -26.1938 -44.3905 26.7410 -30.3947 -48.8229 5.0697 -34.1956 -18.9650 -23.5118 -40.9749 16.6777 -28.2255 -47.6236 34.7874 -32.6982 -44.5457 -17.4584 -37.7105 6.6419 -26.2878 -44.5841 27.4341 -30.5705 -48.7600 0.7152 -34.3902 -14.3938 -24.0284 -41.4526 18.1294 -28.5725 -48.0520 33.7932 -33.0901 -41.6462 -19.2400 -38.4689 9.4480 -26.7635 -45.4807 29.9244 -34.3088 20.7595 -42.4248 -24.9811 -4.9883 -35.5340 -8.1212 -48.5308 -31.1920 30.3056 -45.4635 -26.7626 9.4480 -38.4689 -19.2400 -41.6462 -33.0901 33.7932 -48.0520 -28.5725 18.1294 -41.4526 -24.0284 -14.3938 -34.3902 0.7152 -48.7600 -30.5705 27.4341 -44.5841 -26.2878 6.6419 -37.7105 -17.4584 -44.5457 -32.6982 34.7874 -47.6236 -28.2255 16.6777 -40.9749 -23.5118 -18.9650 -34.1956 5.0697 -48.8229 -30.3959 26.7217 -44.3844 -26.1908 6.0661 -37.5736 -17.0722 -44.9925 -32.2801
-45.6285 -17.2046 -37.6178 6.2405 -26.2191 -44.4380 26.8919 -30.4281 -48.8085 4.4349 -34.2030 -18.4884 -23.5617 -41.0152 16.7902 -28.2504 -47.6542 34.7683 -32.7222 -44.4107 -17.5622 -37.7475 6.7721 -26.3036 -44.6041 27.4661 -30.5705 -48.7597 0.9638 -34.3530 -14.8043 -23.9837 -41.4121 18.0156 -28.5472 -48.0250 33.9047 -33.0677 -41.8387 -19.1537 -38.4306 9.3221 -26.7401 -45.4235 30.2227 -31.6247 -45.1996 -30.4007 20.7860 -42.3804 -24.9463 -5.3158 -35.4886 -7.8462 -48.5522 -31.1654 30.1832 -45.4245 -26.7401 9.3221 -38.4306 -19.1537 -41.8387 -33.0677 33.9047 -48.0250 -28.5472 18.0156 -41.4121 -23.9837 -14.8043 -34.3530 0.9638 -48.7597 -30.5705 27.4661 -44.6041 -26.3036 6.7721 -37.7475 -17.5622 -44.4107 -32.7222 34.7683 -47.6542 -28.2504 16.7902 -41.0152 -23.5617 -18.4884 -34.2030 4.4353 -48.8085 -30.4302 26.8707 -44.4313 -26.2162 6.2519 -37.6202 -17.2070 -45.6260
-17.2152 -37.6648 6.4276 -26.2442 -44.4849 27.0410 -30.4627 -48.7914 3.7348 -34.2111 -17.9720 -23.6116 -41.0555 16.9028 -28.2753 -47.6846 34.7439 -32.7462 -44.2727 -17.6649 -37.7851 6.9155 -26.3248 -44.6403 27.5598 -30.5839 -48.7600 0.9638 -34.3404 -15.0331 -23.9500 -41.3757 17.9037 -28.5219 -47.9977 34.0089 -33.0451 -42.0274 -19.0666 -38.3924 9.1955 -26.7177 -45.3855 30.0584 -31.1173 -48.6317 -17.3556 -48.1702 -29.1291 20.6587 -42.3397 -24.9112 -5.6493 -35.4429 -7.5645 -48.5723 -31.1388 30.0603 -45.3855 -26.7177 9.1955 -38.3924 -19.0666 -42.0274 -33.0451 34.0089 -47.9977 -28.5219 17.9037 -41.3757 -23.9500 -15.0331 -34.3404 0.9638 -48.7600 -30.5839 27.5598 -44.6403 -26.3248 6.9155 -37.7851 -17.6649 -44.2727 -32.7462 34.7439 -47.6846 -28.2753 16.9028 -41.0555 -23.6118 -17.9688 -34.2113 3.7348 -48.7914 -30.4661 27.0277 -44.4806 -26.2427 6.4263 -37.6639 -17.2163
-38.4300 6.6095 -26.2698 -44.5317 27.1900 -30.4970 -48.7727 3.0499 -34.2179 -17.4208 -23.6653 -41.0967 17.0156 -28.3002 -47.7147 34.7142 -32.7700 -44.1317 -17.7664 -37.8228 7.0576 -26.3465 -44.6803 27.6855 -30.6090 -48.7605 0.7152 -34.3530 -15.0331 -23.9385 -41.3555 17.8203 -28.4987 -47.9701 34.1060 -33.0224 -42.2122 -18.9786 -38.3541 9.0683 -26.6953 -45.3465 29.9369 -31.1147 -48.5851 -6.1652 -36.7238 30.5081 -48.5549 -29.1115 20.5407 -42.2989 -24.8755 -5.9889 -35.3970 -7.2758 -48.5913 -31.1121 29.9369 -45.3465 -26.6953 9.0683 -38.3541 -18.9786 -42.2122 -33.0224 34.1060 -47.9701 -28.4987 17.8203 -41.3555 -23.9385 -15.0331 -34.3530 0.7152 -48.7605 -30.6090 27.6855 -44.6803 -26.3465 7.0576 -37.8228 -17.7664 -44.1317 -32.7700 34.7142 -47.7147 -28.3002 17.0155 -41.0964 -23.6656 -17.4208 -34.2179 3.0114 -48.7713 -30.5010 27.1882 -44.5310 -26.2695 6.5951 -38.4290
6.3236 -26.2989 -44.5815 27.3469 -30.5328 -48.7606 2.3788 -34.2259 -16.8427 -23.7246 -41.1413 17.1310 -28.3255 -47.7446 34.6790 -32.7938 -43.9875 -17.8668 -37.8605 7.1986 -26.3682 -44.7202 27.8131 -30.6358 -48.7605 0.2749 -34.3902 -14.8043 -23.9500 -41.3555 17.7919 -28.4861 -47.9492 34.1873 -32.9979 -42.3934 -18.8898 -38.3159 8.9403 -26.6729 -45.3073 29.8130 -31.0855 -48.6096 -7.0843 -35.3293 5.8721 -34.3000 29.7562 -48.5223 -29.0855 20.4230 -42.2582 -24.8394 -6.3347 -35.3508 -6.9799 -48.6093 -31.0855 29.8130 -45.3073 -26.6729 8.9403 -38.3159 -18.8898 -42.3934 -32.9979 34.1873 -47.9492 -28.4861 17.7919 -41.3555 -23.9500 -14.8043 -34.3902 0.2749 -48.7605 -30.6358 27.8131 -44.7202 -26.3682 7.1986 -37.8605 -17.8668 -43.9875 -32.7938 34.6790 -47.7446 -28.3248 17.1378 -41.1439 -23.7256 -16.8428 -34.2222 2.3333 -48.7592 -30.5348 27.3480 -44.5818 -26.2990 6.3025
-24.7657 -44.6317 27.5078 -30.5680 -48.7587 1.6828 -34.2512 -16.2603 -23.7845 -41.1912 17.2636 -28.3520 -47.7748 34.6381 -32.8175 -43.8401 -17.9661 -37.8982 7.3384 -26.3899 -44.7601 27.9407 -30.6625 -48.7597 -0.2035 -34.4400 -14.3938 -23.9837 -41.3757 17.8203 -28.4861 -47.9422 34.2302 -32.9790 -42.5534 -18.8015 -38.2778 8.8115 -26.6506 -45.2681 29.6888 -31.0588 -48.6261 -6.6709 -35.2974 -7.9039 -28.9777 -37.5952 -33.4687 30.0756 -48.5031 -29.0597 20.3055 -42.2175 -24.8028 -6.6866 -35.3044 -6.6765 -48.6261 -31.0588 29.6888 -45.2681 -26.6506 8.8115 -38.2778 -18.8015 -42.5534 -32.9790 34.2302 -47.9422 -28.4861 17.8203 -41.3757 -23.9837 -14.3938 -34.4400 -0.2035 -48.7597 -30.6625 27.9407 -44.7601 -26.3899 7.3384 -37.8982 -17.9661 -43.8401 -32.8175 34.6381 -47.7743 -28.3493 17.2713 -41.1943 -23.7854 -16.2570 -34.2490 1.6795 -48.7587 -30.5682 27.5079 -44.6317 -24.7659
-44.7231 27.6663 -30.5992 -48.7603 1.0419 -34.3011 -15.7131 -23.8412 -41.2417 17.4050 -28.3801 -47.8075 34.5905 -32.8411 -43.6895 -18.0643 -37.9360 7.4772 -26.4117 -44.8000 28.0682 -30.6892 -48.7580 -0.6706 -34.4901 -13.9413 -24.0284 -41.4121 17.9037 -28.4987 -47.9492 34.2302 -32.9733 -42.6410 -18.7351 -38.2435 8.6841 -26.6284 -45.2288 29.5641 -31.0321 -48.6418 -6.3653 -35.2592 -6.9243 -24.7972 -43.4730 -20.8483 -37.4950 -33.4640 30.3558 -48.4826 -29.0338 20.1882 -42.1768 -24.7657 -7.0447 -35.2577 -6.3653 -48.6418 -31.0321 29.5641 -45.2288 -26.6284 8.6841 -38.2435 -18.7351 -42.6410 -32.9733 34.2302 -47.9492 -28.4987 17.9037 -41.4121 -24.0284 -13.9413 -34.4901 -0.6706 -48.7580 -30.6892 28.0682 -44.8000 -26.4117 7.4772 -37.9360 -18.0643 -43.6895 -32.8411 34.5904 -47.8062 -28.3776 17.4055 -41.2419 -23.8437 -15.6770 -34.3052 1.0434 -48.7603 -30.5992 27.6662 -44.7231
27.7468 -30.4643 -48.7606 0.4587 -34.3639 -15.1440 -23.8991 -41.2919 17.5456 -28.4097 -47.8414 34.5320 -32.8629 -43.5354 -18.1615 -37.9738 7.6149 -26.4335 -44.8398 28.1956 -30.7160 -48.7555 -1.1263 -34.5401 -13.4923 -24.0735 -41.4526 18.0156 -28.5219 -47.9701 34.1873 -32.9790 -42.6410 -18.7124 -38.2244 8.5885 -26.6084 -45.1900 29.4391 -31.0054 -48.6565 -6.0462 -35.2108 -7.4151 -24.7341 -41.9786 26.8090 -39.0363 -20.5838 -37.7820 -33.4442 30.6259 -48.4618 -29.0080 20.0712 -42.1360 -24.7282 -7.4090 -35.2108 -6.0462 -48.6565 -31.0054 29.4391 -45.1900 -26.6084 8.5885 -38.2244 -18.7124 -42.6410 -32.9790 34.1873 -47.9701 -28.5219 18.0156 -41.4526 -24.0735 -13.4923 -34.5401 -1.1263 -48.7555 -30.7160 28.1956 -44.8398 -26.4335 7.6149 -37.9738 -18.1615 -43.5332 -32.8649 34.5319 -47.8409 -28.4094 17.5376 -41.2890 -23.9012 -15.1012 -34.3685 0.4594 -48.7606 -30.4647 27.7475
-29.8679 -48.7598 -0.1432 -34.4272 -14.5687 -23.9570 -41.3423 17.6870 -28.4407 -47.8767 34.4580 -32.8904 -43.3638 -18.2600 -38.0122 7.7515 -26.4554 -44.8796 28.3229 -30.7427 -48.7522 -1.5708 -34.5899 -13.0472 -24.1182 -41.4931 18.1294 -28.5472 -47.9977 34.1060 -32.9979 -42.5534 -18.7351 -38.2244 8.5559 -26.5973 -45.1610 29.3262 -30.9780 -48.6702 -5.7188 -35.1637 -7.7795 -24.6903 -42.1093 19.5711 -32.8601 11.2324 -39.0854 -20.5061 -38.0451 -33.4240 30.8858 -48.4405 -28.9822 19.9543 -42.0953 -24.6902 -7.7795 -35.1637 -5.7188 -48.6702 -30.9780 29.3262 -45.1610 -26.5973 8.5559 -38.2244 -18.7351 -42.5534 -32.9979 34.1060 -47.9977 -28.5472 18.1294 -41.4931 -24.1182 -13.0472 -34.5899 -1.5708 -48.7522 -30.7427 28.3229 -44.8796 -26.4554 7.7515 -38.0122 -18.2600 -43.3592 -32.8928 34.4579 -47.8769 -28.4413 17.6697 -41.3361 -23.9579 -14.5297 -34.4315 -0.1427 -48.7598 -29.8683
-48.7858 -0.7668 -34.4905 -14.0012 -24.0133 -41.3901 17.8210 -28.4723 -47.9125 34.3729 -32.9217 -43.1609 -18.3717 -38.0541 7.8893 -26.4774 -44.9194 28.4501 -30.7695 -48.7480 -2.0042 -34.6394 -12.6062 -24.1624 -41.5336 18.2434 -28.5725 -48.0250 34.0089 -33.0224 -42.3934 -18.8015 -38.2435 8.5885 -26.5973 -45.1511 29.2634 -30.9572 -48.6816 -5.3886 -35.1164 -8.1561 -24.6518 -42.0539 19.8764 -29.2993 -48.8112 -28.0295 11.2676 -39.0414 -20.4315 -38.3055 -33.4037 31.1357 -48.4189 -28.9565 19.8377 -42.0547 -24.6518 -8.1561 -35.1164 -5.3886 -48.6816 -30.9572 29.2634 -45.1511 -26.5973 8.5885 -38.2435 -18.8015 -42.3934 -33.0224 34.0089 -48.0250 -28.5725 18.2434 -41.5336 -24.1624 -12.6062 -34.6394 -2.0042 -48.7480 -30.7695 28.4501 -44.9194 -26.4774 7.8893 -38.0542 -18.3712 -43.1598 -32.9219 34.3729 -47.9125 -28.4732 17.8021 -41.3833 -24.0140 -13.9667 -34.4927 -0.7765 -48.7859
-7.4501 -34.5530 -13.4334 -24.0687 -41.4373 17.9537 -28.5044 -47.9480 34.2768 -32.9491 -42.9527 -18.4882 -38.0984 8.0372 -26.4996 -44.9590 28.5771 -30.7962 -48.7428 -2.4267 -34.6888 -12.1697 -24.2062 -41.5741 18.3576 -28.5978 -48.0520 33.9047 -33.0451 -42.2122 -18.8898 -38.2778 8.6841 -26.6084 -45.1610 29.2634 -30.9505 -48.6876 -5.1368 -35.0734 -8.5327 -24.6129 -42.0140 19.7193 -28.9173 -47.9804 6.9320 -45.3152 -27.0736 11.1318 -39.0025 -20.3560 -38.5612 -33.3832 31.3758 -48.3969 -28.9307 19.7212 -42.0140 -24.6129 -8.5327 -35.0734 -5.1368 -48.6876 -30.9505 29.2634 -45.1610 -26.6084 8.6841 -38.2778 -18.8898 -42.2122 -33.0451 33.9047 -48.0520 -28.5978 18.3576 -41.5741 -24.2062 -12.1697 -34.6888 -2.4267 -48.7428 -30.7962 28.5771 -44.9590 -26.4996 8.0476 -38.1014 -18.4885 -42.9528 -32.9491 34.2768 -47.9480 -28.5062 17.9417 -41.4330 -24.0679 -13.4372 -34.5510 -7.4563
-35.6778 -12.8814 -24.1239 -41.4845 18.0863 -28.5363 -47.9825 34.1715 -32.9758 -42.7524 -18.5978 -38.1454 8.2032 -26.5249 -45.0020 28.7057 -30.8229 -48.7368 -2.8385 -34.7381 -11.7378 -24.2495 -41.6146 18.4719 -28.6231 -48.0787 33.7932 -33.0677 -42.0274 -18.9786 -38.3159 8.8115 -26.6284 -45.1900 29.3262 -30.9572 -48.6876 -5.0499 -35.0496 -8.8174 -24.5775 -41.9739 19.6050 -28.9068 -48.3984 32.4951 -35.2594 31.7877 -45.9628 -27.0548 11.0131 -38.9637 -20.2798 -38.8122 -33.3625 31.6061 -48.3745 -28.9050 19.6050 -41.9739 -24.5775 -8.8174 -35.0496 -5.0499 -48.6876 -30.9572 29.3262 -45.1900 -26.6284 8.8115 -38.3159 -18.9786 -42.0274 -33.0677 33.7932 -48.0787 -28.6231 18.4719 -41.6146 -24.2495 -11.7378 -34.7381 -2.8385 -48.7368 -30.8229 28.7039 -44.9993 -26.5233 8.2156 -38.1489 -18.5983 -42.7523 -32.9758 34.1648 -47.9843 -28.5390 18.0846 -41.4839 -24.1211 -12.9253 -35.6746
-14.9369 -24.1790 -41.5348 18.2262 -28.5692 -48.0167 34.0554 -33.0040 -42.5371 -18.7112 -38.1932 8.3699 -26.5521 -45.0491 28.8446 -30.8485 -48.7298 -3.2397 -34.7871 -11.3108 -24.2924 -41.6552 18.5863 -28.6485 -48.1051 33.6742 -33.0901 -41.8387 -19.0666 -38.3541 8.9403 -26.6506 -45.2288 29.4391 -30.9780 -48.6816 -5.1368 -35.0496 -8.9151 -24.5577 -41.9441 19.5005 -28.8792 -48.3498 31.7437 -33.8022 -19.1111 -32.8646 31.7111 -45.9186 -27.0317 10.8941 -38.9250 -20.2030 -39.0587 -33.3417 31.8269 -48.3517 -28.8792 19.5005 -41.9441 -24.5577 -8.9151 -35.0496 -5.1368 -48.6816 -30.9780 29.4391 -45.2288 -26.6506 8.9403 -38.3541 -19.0666 -41.8387 -33.0901 33.6742 -48.1051 -28.6485 18.5863 -41.6552 -24.2924 -11.3108 -34.7871 -3.2397 -48.7298 -30.8497 28.8325 -45.0431 -26.5488 8.3812 -38.1965 -18.7116 -42.5371 -33.0017 34.0463 -48.0190 -28.5709 18.2272 -41.5351 -24.1738 -15.0000
-22.5440 -41.5857 18.3699 -28.6024 -48.0526 33.9189 -33.0307 -42.3138 -18.8243 -38.2409 8.5343 -26.5781 -45.0959 28.9922 -30.8734 -48.7219 -3.6311 -34.8359 -10.8889 -24.3348 -41.6957 18.7010 -28.6739 -48.1313 33.5477 -33.1125 -41.6462 -19.1537 -38.3924 9.0683 -26.6729 -45.2681 29.5641 -31.0054 -48.6702 -5.3886 -35.0734 -8.8174 -24.5577 -41.9339 19.4425 -28.8598 -48.3304 32.0392 -33.2941 -40.0732 -24.9472 -48.2672 -31.4659 31.5912 -45.8815 -27.0094 10.7752 -38.8866 -20.1252 -39.3025 -33.3223 32.0370 -48.3301 -28.8598 19.4425 -41.9339 -24.5577 -8.8174 -35.0734 -5.3886 -48.6702 -31.0054 29.5641 -45.2681 -26.6729 9.0683 -38.3924 -19.1537 -41.6462 -33.1125 33.5477 -48.1313 -28.6739 18.7010 -41.6957 -24.3348 -10.8889 -34.8359 -3.6311 -48.7219 -30.8758 28.9714 -45.0893 -26.5750 8.5442 -38.2438 -18.8252 -42.3125 -33.0304 33.9184 -48.0528 -28.6026 18.3700 -41.5857 -22.5412
-41.9406 18.5136 -28.6329 -48.0862 33.7781 -33.0546 -42.0976 -18.9301 -38.2886 8.6972 -26.6040 -45.1419 29.1403 -30.9033 -48.7122 -4.0207 -34.8850 -10.4724 -24.3768 -41.7363 18.8158 -28.6994 -48.1571 33.4134 -33.1347 -41.4499 -19.2400 -38.4306 9.1955 -26.6953 -45.3073 29.6888 -31.0321 -48.6565 -5.7188 -35.1164 -8.5327 -24.5775 -41.9441 19.4425 -28.8533 -48.3187 32.1861 -33.3015 -39.4282 -19.8650 -39.7140 -10.1114 -48.2600 -31.4124 31.4856 -45.8490 -26.9985 10.6835 -38.8560 -20.0582 -39.4895 -33.3087 32.1811 -48.3176 -28.8533 19.4425 -41.9441 -24.5775 -8.5327 -35.1164 -5.7188 -48.6565 -31.0321 29.6888 -45.3073 -26.6953 9.1955 -38.4306 -19.2400 -41.4499 -33.1347 33.4134 -48.1571 -28.6994 18.8158 -41.7363 -24.3768 -10.4724 -34.8850 -4.0209 -48.7122 -30.9071 29.1272 -45.1377 -26.6023 8.6978 -38.2887 -18.9365 -42.0831 -33.0586 33.7791 -48.0862 -28.6329 18.5136 -41.9406
18.8120 -28.5808 -48.1174 33.6366 -33.0822 -41.8658 -19.0393 -38.3360 8.8579 -26.6304 -45.1878 29.2871 -30.9377 -48.7005 -4.4269 -34.9381 -10.0548 -24.4184 -41.7769 18.9307 -28.7248 -48.1826 33.2712 -33.1568 -41.2496 -19.3255 -38.4689 9.3221 -26.7177 -45.3465 29.8130 -31.0588 -48.6418 -6.0462 -35.1637 -8.1561 -24.6129 -41.9739 19.5005 -28.8598 -48.3187 32.2381 -33.2841 -39.7443 -19.9496 -38.6110 16.4530 -35.9644 -9.5831 -48.3928 -31.4247 31.3590 -45.6632 -27.4355 10.2177 -38.7643 -19.9442 -39.6773 -34.2306 32.2160 -48.3173 -28.8597 19.5005 -41.9739 -24.6129 -8.1561 -35.1637 -6.0462 -48.6418 -31.0588 29.8130 -45.3465 -26.7177 9.3221 -38.4689 -19.3255 -41.2496 -33.1568 33.2712 -48.1826 -28.7248 18.9307 -41.7769 -24.4184 -10.0548 -34.9380 -4.4526 -48.6997 -30.9420 29.2853 -45.1872 -26.6302 8.8487 -38.3333 -19.0464 -41.8480 -33.0867 33.6375 -48.1174 -28.5812 18.8127
-27.5513 -48.1494 33.4743 -33.1127 -41.6237 -19.1489 -38.3837 9.0181 -26.6579 -45.2360 29.4411 -30.9736 -48.6865 -4.8703 -34.9968 -9.5815 -24.4621 -41.8176 19.0459 -28.7503 -48.2077 33.1210 -33.1788 -41.0453 -19.4101 -38.5073 9.4480 -26.7401 -45.3855 29.9369 -31.0855 -48.6261 -6.3653 -35.2108 -7.7795 -24.6518 -42.0140 19.6050 -28.8792 -48.3304 32.1861 -33.2840 -39.8813 -20.7532 -39.2620 10.0547 -31.7433 4.7840 -36.9514 -12.3010 -47.3051 -30.8051 30.0457 -48.7329 -31.7379 11.4339 -37.6816 -28.6982 12.1926 -35.1207 32.1599 -48.3292 -28.8792 19.6050 -42.0140 -24.6518 -7.7795 -35.2108 -6.3653 -48.6261 -31.0855 29.9369 -45.3855 -26.7401 9.4480 -38.5073 -19.4101 -41.0453 -33.1788 33.1210 -48.2077 -28.7503 19.0459 -41.8181 -24.4629 -9.5789 -34.9968 -4.9004 -48.6855 -30.9757 29.4422 -45.2364 -26.6580 8.9986 -38.3779 -19.1549 -41.6070 -33.1169 33.4752 -48.1494 -27.5517
-47.9788 33.2666 -33.1408 -41.3768 -19.2564 -38.4289 9.1687 -26.6859 -45.2854 29.5983 -31.0089 -48.6699 -5.3323 -35.0557 -9.0814 -24.5100 -41.8620 19.1630 -28.7758 -48.2326 32.9625 -33.2007 -40.8370 -19.4940 -38.5457 9.5733 -26.7626 -45.4245 30.0603 -31.1121 -48.6093 -6.6765 -35.2577 -7.4090 -24.6902 -42.0547 19.7212 -28.9050 -48.3517 32.0347 -33.2984 -39.7514 -20.7213 -20.3572 16.1631 10.8969 -54.6848 -33.5280 33.8335 -43.2237 -32.0687 -21.9739 -54.6476 27.8824 3.3346 23.9858 -53.8472 19.9156 -31.6678 11.5310 -34.2164 32.0211 -48.3511 -28.9050 19.7212 -42.0547 -24.6902 -7.4090 -35.2577 -6.6765 -48.6093 -31.1121 30.0603 -45.4245 -26.7626 9.5733 -38.5457 -19.4940 -40.8370 -33.2007 32.9625 -48.2326 -28.7758 19.1628 -41.8628 -24.5108 -9.0786 -35.0569 -5.3345 -48.6699 -31.0091 29.5984 -45.2854 -26.6859 9.1474 -38.4225 -19.2616 -41.3615 -33.1427 33.2636 -47.9796
25.0142 -32.8343 -41.1210 -19.3624 -38.4736 9.3165 -26.7139 -45.3347 29.7550 -31.0410 -48.6526 -5.7554 -35.1127 -8.6203 -24.5582 -41.9103 19.2909 -28.8011 -48.2571 32.7956 -33.2225 -40.6245 -19.5772 -38.5841 9.6979 -26.7851 -45.4635 30.1832 -31.1388 -48.5913 -6.9799 -35.3044 -7.0447 -24.7282 -42.0953 19.8377 -28.9307 -48.3745 31.8269 -33.3209 -39.5174 -19.8773 -40.1489 16.7630 -17.3721 -3.1003 -48.2781 -40.3361 -51.4998 -3.5735 19.1663 -20.2577 -39.7572 -35.7198 -49.3863 -59.5639 -42.9376 -72.6043 -27.2533 -23.0742 -39.7530 -33.3030 31.8247 -48.3745 -28.9307 19.8377 -42.0953 -24.7282 -7.0447 -35.3044 -6.9799 -48.5913 -31.1388 30.1832 -45.4635 -26.7851 9.6979 -38.5841 -19.5772 -40.6245 -33.2225 32.7956 -48.2571 -28.8011 19.2905 -41.9105 -24.5599 -8.5901 -35.1165 -5.7546 -48.6526 -31.0410 29.7550 -45.3347 -26.7145 9.3031 -38.4696 -19.3623 -41.1227 -32.8318 25.0039
