-34.3924 -20.8030 -40.5040 14.1794 -26.3977 -46.8382 31.5875 -31.8110 -46.9820 -16.0207 -37.9496 3.8528 -24.3880 -44.1782 26.0278 -29.4038 -48.7575 -3.2597 -35.0171 -21.8791 -21.9572 -41.4024 17.0846 -27.1188 -47.5961 28.9126 -32.6117 -44.3481 -17.9667 -38.7742 7.8473 -25.0403 -45.1114 28.8895 -30.2045 -48.7673 -9.6832 -36.1249 -10.3147 -22.9272 -42.3249 20.0321 -27.8604 -48.2073 20.9122 -33.8967 -16.1621 -32.5687 31.0429 -46.0076 -25.7108 11.1750 -39.6274 -19.5352 -39.7389 -33.3830 20.9375 -48.2078 -27.8642 20.0311 -42.3200 -22.9263 -10.3103 -36.1299 -9.6780 -48.7674 -30.2066 28.8887 -45.1077 -25.0395 7.8648 -38.7743 -17.9688 -44.3476 -32.6087 28.9079 -47.5959 -27.1192 17.0818 -41.4026 -21.9596 -21.9227 -35.0154 -3.2522 -48.7576 -29.4040 26.0237 -44.1785 -24.3905 3.8357 -37.9493 -16.0179 -46.9724 -31.8129 31.5883 -46.8382 -26.3977 14.1794 -40.5040 -20.8030 -34.3924
-20.8030 -40.0200 14.0818 -27.6361 -46.9232 34.2315 -31.9622 -46.5294 -15.4694 -37.1187 4.3151 -25.9975 -44.0369 25.7871 -30.0938 -48.8693 7.1200 -33.9979 -19.6469 -23.4862 -40.9889 16.8414 -28.2257 -47.7376 34.6179 -32.5288 -43.5417 -18.2586 -38.0504 8.0383 -26.5205 -45.0525 29.0097 -30.7313 -48.6979 -5.0007 -35.0573 -8.5943 -24.6142 -42.0117 19.7144 -28.8349 -48.3976 31.3062 -33.0059 -39.2009 -25.3640 -48.0487 -31.3597 32.0161 -46.0208 -27.0664 11.1740 -39.0138 -20.3905 -38.4433 -33.0323 31.2859 -48.3988 -28.8374 19.7037 -42.0054 -24.6142 -8.5527 -35.0610 -4.9927 -48.6970 -30.7347 28.9995 -45.0496 -26.5198 8.0478 -38.0537 -18.2583 -43.5453 -32.5283 34.6187 -47.7381 -28.2241 16.8416 -40.9926 -23.4846 -19.6879 -33.9927 7.1174 -48.8693 -30.0918 25.7873 -44.0407 -25.9999 4.3003 -37.1147 -15.4791 -46.5226 -31.9640 34.2315 -46.9232 -27.6361 14.0818 -40.0200 -20.8030
-40.5040 14.0818 -27.6723 -46.8995 34.1857 -32.1914 -46.6225 -15.3134 -37.0747 4.1024 -25.9596 -43.9870 25.6290 -30.2078 -48.8779 7.9419 -34.1547 -20.2332 -23.4268 -40.9396 16.6999 -28.2634 -47.7031 34.6915 -32.8005 -43.7329 -18.1416 -38.0036 7.8700 -26.4975 -45.0006 28.8547 -30.8779 -48.7105 -4.5219 -35.0003 -9.0755 -24.5616 -41.9642 19.5804 -28.8947 -48.3696 31.6359 -33.3672 -38.7004 -20.1341 -39.9551 -11.1563 -48.1220 -31.5426 31.8767 -45.9736 -27.0624 11.0275 -38.9685 -20.3010 -38.7587 -33.3610 31.6195 -48.3715 -28.8962 19.5610 -41.9580 -24.5626 -9.0396 -35.0011 -4.5449 -48.7096 -30.8816 28.8443 -45.0000 -26.4976 7.8813 -38.0095 -18.1414 -43.7236 -32.8050 34.6930 -47.7013 -28.2604 16.7101 -40.9463 -23.4246 -20.2763 -34.1502 7.9456 -48.8786 -30.2036 25.6406 -43.9938 -25.9620 4.0975 -37.0714 -15.3241 -46.6225 -32.1914 34.1857 -46.8995 -27.6723 14.0818 -40.5040
14.1794 -27.6361 -46.8995 34.1625 -32.1720 -46.6987 -15.1805 -37.0345 3.9081 -25.9367 -43.9424 25.4793 -30.1756 -48.8839 8.7224 -34.1421 -20.8246 -23.3633 -40.8927 16.5601 -28.2305 -47.6650 34.7296 -32.7707 -43.9218 -18.0187 -37.9595 7.6999 -26.4700 -44.9501 28.6869 -30.8458 -48.7218 -4.0544 -34.9441 -9.5396 -24.5115 -41.9134 19.4434 -28.8616 -48.3412 31.9123 -33.3398 -39.0769 -20.2211 -38.8079 17.1452 -36.0983 -11.0396 -48.1675 -31.5145 31.7342 -45.9261 -27.0334 10.8887 -38.9232 -20.2046 -39.0711 -33.3373 31.8968 -48.3412 -28.8628 19.4258 -41.9105 -24.5133 -9.5423 -34.9407 -4.0849 -48.7210 -30.8487 28.6849 -44.9501 -26.4702 7.7210 -37.9624 -18.0259 -43.9094 -32.7773 34.7336 -47.6627 -28.2287 16.5789 -40.8988 -23.3606 -20.8611 -34.1439 8.7758 -48.8859 -30.1724 25.4915 -43.9464 -25.9377 3.9057 -37.0345 -15.1805 -46.6987 -32.1720 34.1625 -46.8995 -27.6361 14.1794
-26.3977 -46.9232 34.1857 -32.1720 -46.7318 -15.0911 -37.0075 3.7473 -25.9160 -43.9012 25.3507 -30.1465 -48.8896 9.4612 -34.1259 -21.4082 -23.2997 -40.8455 16.4292 -28.1982 -47.6245 34.7630 -32.7413 -44.1044 -17.8954 -37.9154 7.5399 -26.4427 -44.9005 28.5273 -30.8141 -48.7314 -3.5747 -34.8871 -10.0111 -24.4631 -41.8629 19.2989 -28.8295 -48.3117 32.1697 -33.3139 -39.3743 -20.1063 -38.8894 10.3549 -31.4431 -1.9521 -36.0241 -10.7874 -48.2111 -31.4831 31.5923 -45.8785 -27.0047 10.7492 -38.8780 -20.1081 -39.3743 -33.3140 32.1697 -48.3118 -28.8302 19.2907 -41.8631 -24.4636 -10.0511 -34.8806 -3.6125 -48.7309 -30.8136 28.5272 -44.9005 -26.4430 7.5507 -37.9154 -17.9033 -44.0903 -32.7495 34.7661 -47.6242 -28.1974 16.4463 -40.8483 -23.2967 -21.4112 -34.1326 9.5052 -48.8910 -30.1455 25.3525 -43.9018 -25.9160 3.7473 -37.0075 -15.0911 -46.7318 -32.1720 34.1857 -46.9232 -26.3977
-46.8382 34.2315 -32.1914 -46.6987 -15.0911 -36.9983 3.6588 -25.9009 -43.8646 25.2264 -30.1197 -48.8947 10.1395 -34.1149 -21.9603 -23.2359 -40.7986 16.2972 -28.1692 -47.5865 34.7893 -32.7155 -44.2790 -17.7694 -37.8708 7.3786 -26.4154 -44.8507 28.3685 -30.7820 -48.7393 -3.0888 -34.8275 -10.4964 -24.4140 -41.8121 19.1555 -28.7980 -48.2818 32.4159 -33.2897 -39.6656 -20.0092 -38.8290 10.6479 -27.1910 -47.1966 -25.8857 -1.9832 -35.9741 -10.5348 -48.2549 -31.4499 31.4489 -45.8309 -26.9759 10.6091 -38.8324 -20.0098 -39.6655 -33.2896 32.4159 -48.2820 -28.7976 19.1559 -41.8152 -24.4123 -10.5598 -34.8228 -3.1148 -48.7397 -30.7786 28.3684 -44.8514 -26.4168 7.3786 -37.8709 -17.7789 -44.2575 -32.7211 34.7897 -47.5864 -28.1687 16.3049 -40.7986 -23.2356 -21.9631 -34.1184 10.1395 -48.8947 -30.1197 25.2264 -43.8646 -25.9009 3.6588 -36.9983 -15.0911 -46.6987 -32.1914 34.2315 -46.8382
31.5875 -31.9622 -46.6225 -15.1805 -37.0075 3.6588 -25.8958 -43.8444 25.1338 -30.0948 -48.8967 10.7678 -34.1070 -22.4640 -23.1780 -40.7545 16.1738 -28.1433 -47.5523 34.8041 -32.6871 -44.4413 -17.6439 -37.8237 7.2138 -26.3884 -44.8007 28.2092 -30.7486 -48.7462 -2.6097 -34.7667 -11.0178 -24.3639 -41.7613 19.0113 -28.7678 -48.2522 32.6468 -33.2644 -39.9371 -19.9111 -38.7811 10.4559 -26.9440 -45.5445 35.6236 -42.5146 -25.2673 -2.3400 -35.9209 -10.2615 -48.2971 -31.4168 31.3041 -45.7830 -26.9472 10.4670 -38.7844 -19.9117 -39.9373 -33.2646 32.6459 -48.2517 -28.7651 19.0200 -41.7648 -24.3607 -11.0475 -34.7657 -2.5770 -48.7466 -30.7452 28.2110 -44.8043 -26.3901 7.2140 -37.8240 -17.6589 -44.4310 -32.6889 34.8041 -47.5522 -28.1432 16.1738 -40.7545 -23.1778 -22.4640 -34.1070 10.7678 -48.8967 -30.0948 25.1338 -43.8444 -25.8958 3.6588 -37.0075 -15.1805 -46.6225 -31.9640 31.5883
-31.8110 -46.5294 -15.3134 -37.0345 3.7473 -25.9009 -43.8444 25.1022 -30.0815 -48.8975 11.3337 -34.0931 -22.9230 -23.1241 -40.7138 16.0600 -28.1188 -47.5201 34.8112 -32.6585 -44.6008 -17.5234 -37.7772 7.0365 -26.3613 -44.7512 28.0491 -30.7149 -48.7518 -2.0858 -34.7053 -11.5446 -24.3114 -41.7102 18.8673 -28.7385 -48.2235 32.8586 -33.2352 -40.2201 -19.8162 -38.7326 10.3061 -26.9236 -45.7566 30.8042 -34.4218 21.6912 -42.7370 -25.2287 -2.6815 -35.8698 -9.9772 -48.3369 -31.3837 31.1579 -45.7348 -26.9191 10.3165 -38.7362 -19.8167 -40.2186 -33.2377 32.8625 -48.2207 -28.7336 18.8771 -41.7140 -24.3104 -11.5423 -34.7079 -2.0482 -48.7521 -30.7106 28.0605 -44.7545 -26.3632 7.0385 -37.7771 -17.5306 -44.6000 -32.6585 34.8112 -47.5200 -28.1188 16.0600 -40.7138 -23.1241 -22.9230 -34.0931 11.3337 -48.8975 -30.0815 25.1022 -43.8444 -25.9009 3.7473 -37.0345 -15.3241 -46.5226 -31.8129
-46.9820 -15.4694 -37.0747 3.9081 -25.9160 -43.8646 25.1338 -30.0815 -48.8980 11.6483 -34.0819 -23.3342 -23.0713 -40.6737 15.9479 -28.0941 -47.4885 34.8138 -32.6338 -44.7427 -17.4081 -37.7355 6.8701 -26.3362 -44.7039 27.8916 -30.6800 -48.7560 -1.5446 -34.6435 -12.0827 -24.2591 -41.6601 18.7229 -28.7091 -48.1944 33.0477 -33.2041 -40.5115 -19.7147 -38.6850 10.1528 -26.8958 -45.6934 31.0596 -31.8139 -44.2557 -30.6190 21.6775 -42.6801 -25.1904 -3.0152 -35.8161 -9.6869 -48.3746 -31.3502 31.0097 -45.6876 -26.8921 10.1641 -38.6880 -19.7154 -40.4933 -33.2103 33.0662 -48.1901 -28.7035 18.7335 -41.6633 -24.2595 -12.0503 -34.6474 -1.5063 -48.7562 -30.6772 27.9002 -44.7051 -26.3377 6.8710 -37.7355 -17.4083 -44.7427 -32.6338 34.8138 -47.4885 -28.0941 15.9479 -40.6737 -23.0713 -23.3342 -34.0819 11.6483 -48.8980 -30.0815 25.1338 -43.8646 -25.9160 3.9057 -37.0714 -15.4791 -46.9724
-16.0207 -37.1187 4.1024 -25.9367 -43.9012 25.2264 -30.0948 -48.8975 11.6483 -34.0791 -23.5614 -23.0317 -40.6377 15.8376 -28.0694 -47.4567 34.8117 -32.6095 -44.8704 -17.3011 -37.6974 6.7241 -26.3142 -44.6603 27.7513 -30.6486 -48.7588 -0.9827 -34.5812 -12.6286 -24.2060 -41.6128 18.5813 -28.6782 -48.1643 33.2257 -33.1746 -40.7788 -19.6065 -38.6395 10.0014 -26.8679 -45.6486 30.8823 -31.2857 -48.5004 -18.1947 -48.3472 -29.3198 21.5120 -42.6297 -25.1532 -3.3793 -35.7613 -9.3883 -48.4107 -31.3155 30.8636 -45.6427 -26.8656 10.0110 -38.6398 -19.6129 -40.7641 -33.1811 33.2523 -48.1605 -28.6744 18.5902 -41.6126 -24.2074 -12.5946 -34.5857 -0.9538 -48.7588 -30.6485 27.7513 -44.6609 -26.3144 6.7241 -37.6974 -17.3011 -44.8704 -32.6095 34.8117 -47.4567 -28.0694 15.8376 -40.6377 -23.0317 -23.5614 -34.0791 11.6483 -48.8975 -30.0948 25.2264 -43.9018 -25.9377 4.0975 -37.1147 -16.0179
-37.9496 4.3151 -25.9596 -43.9424 25.3507 -30.1197 -48.8967 11.3337 -34.0819 -23.5614 -23.0182 -40.6176 15.7554 -28.0469 -47.4249 34.8051 -32.5851 -44.9952 -17.1942 -37.6598 6.5791 -26.2926 -44.6203 27.6216 -30.6224 -48.7602 -0.4441 -34.5241 -13.1535 -24.1526 -41.5653 18.4478 -28.6461 -48.1321 33.3949 -33.1446 -41.0387 -19.5030 -38.5914 9.8559 -26.8397 -45.6003 30.7418 -31.2779 -48.4393 -8.1036 -36.9260 28.1526 -48.6850 -29.2926 21.3644 -42.5825 -25.1142 -3.7524 -35.7059 -9.0780 -48.4461 -31.2793 30.7238 -45.5976 -26.8392 9.8568 -38.5914 -19.5084 -41.0387 -33.1493 33.4176 -48.1304 -28.6453 18.4469 -41.5616 -24.1528 -13.1403 -34.5268 -0.4444 -48.7602 -30.6224 27.6216 -44.6203 -26.2926 6.5791 -37.6598 -17.1942 -44.9952 -32.5851 34.8051 -47.4249 -28.0469 15.7554 -40.6176 -23.0182 -23.5614 -34.0819 11.3337 -48.8967 -30.1197 25.3525 -43.9464 -25.9620 4.3003 -37.9493
3.8528 -25.9975 -43.9870 25.4793 -30.1465 -48.8947 10.7678 -34.0931 -23.3342 -23.0317 -40.6176 15.7274 -28.0346 -47.4010 34.7953 -32.5593 -45.1171 -17.0861 -37.6223 6.4328 -26.2711 -44.5802 27.4939 -30.5957 -48.7606 0.0365 -34.4735 -13.6405 -24.1028 -41.5179 18.3135 -28.6161 -48.0999 33.5641 -33.1169 -41.2953 -19.3989 -38.5439 9.7010 -26.8114 -45.5523 30.5916 -31.2434 -48.4782 -8.8153 -35.5934 6.9019 -34.3719 27.4187 -48.6485 -29.2569 21.2263 -42.5349 -25.0744 -4.1361 -35.6508 -8.7456 -48.4780 -31.2447 30.5831 -45.5525 -26.8127 9.7010 -38.5439 -19.3989 -41.2952 -33.1194 33.5736 -48.0998 -28.6165 18.3109 -41.5139 -24.1020 -13.6344 -34.4735 0.0364 -48.7606 -30.5957 27.4939 -44.5802 -26.2711 6.4328 -37.6223 -17.0861 -45.1171 -32.5593 34.7953 -47.4010 -28.0346 15.7274 -40.6176 -23.0317 -23.3342 -34.0931 10.7678 -48.8947 -30.1455 25.4915 -43.9938 -25.9999 3.8357
-24.3880 -44.0369 25.6290 -30.1756 -48.8896 10.1395 -34.1070 -22.9230 -23.0713 -40.6377 15.7554 -28.0346 -47.3929 34.7884 -32.5394 -45.2246 -16.9784 -37.5849 6.2851 -26.2496 -44.5401 27.3662 -30.5689 -48.7602 0.5207 -34.4232 -14.0915 -24.0565 -41.4734 18.1880 -28.5899 -48.0704 33.7107 -33.0949 -41.5320 -19.2935 -38.4984 9.5469 -26.7832 -45.5038 30.4412 -31.2105 -48.5078 -8.4154 -35.5866 -5.6432 -29.2168 -35.5332 -33.6124 27.9354 -48.6261 -29.2228 21.0875 -42.4869 -25.0328 -4.5221 -35.5972 -8.4173 -48.5078 -31.2102 30.4416 -45.5067 -26.7851 9.5469 -38.4987 -19.2934 -41.5315 -33.0951 33.7107 -48.0703 -28.5901 18.1864 -41.4728 -24.0565 -14.0915 -34.4232 0.5207 -48.7602 -30.5689 27.3662 -44.5401 -26.2496 6.2851 -37.5849 -16.9784 -45.2246 -32.5394 34.7884 -47.3929 -28.0346 15.7554 -40.6377 -23.0713 -22.9230 -34.1070 10.1395 -48.8910 -30.1724 25.6406 -44.0407 -24.3905
-44.1782 25.7871 -30.2078 -48.8839 9.4612 -34.1149 -22.4640 -23.1241 -40.6737 15.8376 -28.0469 -47.4010 34.7884 -32.5333 -45.2833 -16.8973 -37.5512 6.1384 -26.2282 -44.5000 27.2384 -30.5422 -48.7590 1.0162 -34.3728 -14.5452 -24.0113 -41.4323 18.0725 -28.5650 -48.0430 33.8293 -33.0743 -41.7430 -19.1983 -38.4530 9.3994 -26.7566 -45.4557 30.2890 -31.1795 -48.5355 -8.0819 -35.5384 -4.8405 -25.0348 -43.7603 -21.3717 -35.5093 -33.5996 28.3972 -48.6042 -29.1897 20.9475 -42.4362 -24.9907 -4.8991 -35.5416 -8.0815 -48.5358 -31.1755 30.2969 -45.4579 -26.7576 9.4003 -38.4531 -19.1983 -41.7427 -33.0743 33.8293 -48.0430 -28.5650 18.0725 -41.4323 -24.0113 -14.5452 -34.3728 1.0162 -48.7590 -30.5422 27.2384 -44.5000 -26.2282 6.1384 -37.5512 -16.8973 -45.2833 -32.5333 34.7884 -47.4010 -28.0469 15.8376 -40.6737 -23.1241 -22.4640 -34.1184 9.5052 -48.8859 -30.2036 25.7873 -44.1785
26.0278 -30.0938 -48.8779 8.7224 -34.1259 -21.9603 -23.1780 -40.7138 15.9479 -28.0694 -47.4249 34.7953 -32.5394 -45.2833 -16.8695 -37.5325 6.0282 -26.2090 -44.4604 27.1107 -30.5155 -48.7570 1.5231 -34.3222 -15.0020 -23.9656 -41.3919 17.9587 -28.5397 -48.0159 33.9384 -33.0518 -41.9335 -19.1102 -38.4115 9.2607 -26.7327 -45.4125 30.1451 -31.1510 -48.5599 -7.7380 -35.4811 -5.3381 -24.9493 -42.2197 27.6380 -39.2831 -21.0626 -35.9347 -33.5721 28.8145 -48.5814 -29.1576 20.8004 -42.3853 -24.9487 -5.3074 -35.4848 -7.7398 -48.5607 -31.1460 30.1523 -45.4120 -26.7329 9.2607 -38.4115 -19.1102 -41.9335 -33.0518 33.9384 -48.0159 -28.5397 17.9587 -41.3919 -23.9656 -15.0020 -34.3222 1.5231 -48.7570 -30.5155 27.1107 -44.4604 -26.2090 6.0282 -37.5325 -16.8695 -45.2833 -32.5394 34.7953 -47.4249 -28.0694 15.9479 -40.7138 -23.1778 -21.9631 -34.1326 8.7758 -48.8786 -30.0918 26.0237
-29.4038 -48.8693 7.9419 -34.1421 -21.4082 -23.2359 -40.7545 16.0600 -28.0941 -47.4567 34.8051 -32.5593 -45.2246 -16.8973 -37.5325 5.9904 -26.1983 -44.4308 26.9956 -30.4881 -48.7623 2.0412 -34.2715 -15.4616 -23.9195 -41.3514 17.8451 -28.5145 -47.9885 34.0403 -33.0292 -42.1203 -19.0227 -38.3732 9.1319 -26.7102 -45.3725 30.0191 -31.1232 -48.5817 -7.4249 -35.4283 -5.7301 -24.9033 -42.3452 20.2543 -32.9705 11.9778 -39.3301 -20.9663 -36.3236 -33.5462 29.2180 -48.5583 -29.1270 20.6527 -42.3343 -24.9047 -5.7204 -35.4307 -7.4251 -48.5820 -31.1215 30.0189 -45.3725 -26.7102 9.1319 -38.3732 -19.0227 -42.1203 -33.0292 34.0403 -47.9885 -28.5145 17.8451 -41.3514 -23.9195 -15.4616 -34.2715 2.0412 -48.7623 -30.4881 26.9956 -44.4308 -26.1983 5.9904 -37.5325 -16.8973 -45.2246 -32.5593 34.8051 -47.4567 -28.0941 16.0600 -40.7545 -23.2356 -21.4112 -34.1439 7.9456 -48.8693 -29.4040
-48.7575 7.1200 -34.1547 -20.8246 -23.2997 -40.7986 16.1738 -28.1188 -47.4885 34.8117 -32.5851 -45.1171 -16.9784 -37.5512 6.0282 -26.1983 -44.4207 26.9318 -30.4674 -48.7737 2.5614 -34.2392 -15.9238 -23.8730 -41.3110 17.7315 -28.4892 -47.9608 34.1351 -33.0065 -42.3033 -18.9343 -38.3350 9.0043 -26.6878 -45.3334 29.8954 -31.0962 -48.6005 -7.1278 -35.3817 -6.1026 -24.8627 -42.2828 20.5344 -29.4565 -48.7831 -28.2007 11.9818 -39.2795 -20.8739 -36.6881 -33.5219 29.5997 -48.5357 -29.0983 20.5044 -42.2836 -24.8628 -6.0978 -35.3817 -7.1278 -48.6005 -31.0962 29.8954 -45.3334 -26.6878 9.0043 -38.3350 -18.9343 -42.3033 -33.0065 34.1351 -47.9608 -28.4892 17.7315 -41.3110 -23.8730 -15.9238 -34.2392 2.5614 -48.7737 -30.4674 26.9318 -44.4207 -26.1983 6.0282 -37.5512 -16.9784 -45.1171 -32.5851 34.8117 -47.4885 -28.1188 16.1738 -40.7986 -23.2967 -20.8611 -34.1502 7.1174 -48.7576
-3.2597 -33.9979 -20.2332 -23.3633 -40.8455 16.2972 -28.1433 -47.5201 34.8138 -32.6095 -44.9952 -17.0861 -37.5849 6.1384 -26.2090 -44.4308 26.9318 -30.4608 -48.7813 2.9561 -34.2265 -16.3807 -23.8260 -41.2706 17.6182 -28.4641 -47.9329 34.2230 -32.9837 -42.4826 -18.8450 -38.2968 8.8759 -26.6655 -45.2943 29.7714 -31.0696 -48.6178 -6.8281 -35.3354 -6.4511 -24.8249 -42.2384 20.3641 -29.0583 -48.0752 3.3845 -45.5045 -27.2161 11.8295 -39.2338 -20.7838 -37.0428 -33.4968 29.9250 -48.5136 -29.0723 20.3660 -42.2385 -24.8249 -6.4511 -35.3354 -6.8281 -48.6178 -31.0696 29.7714 -45.2943 -26.6655 8.8759 -38.2968 -18.8450 -42.4826 -32.9837 34.2230 -47.9329 -28.4641 17.6182 -41.2706 -23.8260 -16.3807 -34.2265 2.9561 -48.7813 -30.4608 26.9318 -44.4308 -26.2090 6.1384 -37.5849 -17.0861 -44.9952 -32.6095 34.8138 -47.5200 -28.1432 16.3049 -40.8483 -23.3606 -20.2763 -33.9927 -3.2522
-35.0171 -19.6469 -23.4268 -40.8927 16.4292 -28.1692 -47.5523 34.8112 -32.6338 -44.8704 -17.1942 -37.6223 6.2851 -26.2282 -44.4604 26.9956 -30.4674 -48.7813 3.0919 -34.2232 -16.7226 -23.7833 -41.2309 17.5049 -28.4389 -47.9046 34.3042 -32.9607 -42.6582 -18.7549 -38.2587 8.7468 -26.6432 -45.2550 29.6470 -31.0429 -48.6341 -6.5208 -35.2889 -6.8051 -24.7882 -42.1971 20.2468 -29.0486 -48.5174 31.3065 -35.2672 32.4779 -46.1884 -27.1900 11.6921 -39.1850 -20.6973 -37.3673 -33.4747 30.2169 -48.4929 -29.0467 20.2468 -42.1971 -24.7882 -6.8051 -35.2889 -6.5208 -48.6341 -31.0429 29.6470 -45.2550 -26.6432 8.7468 -38.2587 -18.7549 -42.6582 -32.9607 34.3042 -47.9046 -28.4389 17.5049 -41.2309 -23.7833 -16.7226 -34.2232 3.0919 -48.7813 -30.4674 26.9956 -44.4604 -26.2282 6.2851 -37.6223 -17.1942 -44.8704 -32.6338 34.8112 -47.5522 -28.1687 16.4463 -40.8988 -23.4246 -19.6879 -35.0154
-21.8791 -23.4862 -40.9396 16.5601 -28.1982 -47.5865 34.8041 -32.6585 -44.7427 -17.3011 -37.6598 6.4328 -26.2496 -44.5000 27.1107 -30.4881 -48.7737 2.9561 -34.2232 -16.8393 -23.7595 -41.2013 17.4030 -28.4137 -47.8761 34.3787 -32.9377 -42.8303 -18.6638 -38.2206 8.6169 -26.6209 -45.2158 29.5222 -31.0163 -48.6493 -6.2057 -35.2421 -7.1652 -24.7510 -42.1564 20.1297 -29.0209 -48.4703 30.3897 -33.9063 -16.4314 -33.0042 32.3503 -46.1355 -27.1628 11.5539 -39.1392 -20.6177 -37.6457 -33.4543 30.4921 -48.4723 -29.0209 20.1297 -42.1564 -24.7510 -7.1652 -35.2421 -6.2057 -48.6493 -31.0163 29.5222 -45.2158 -26.6209 8.6169 -38.2206 -18.6638 -42.8303 -32.9377 34.3787 -47.8761 -28.4137 17.4030 -41.2013 -23.7595 -16.8393 -34.2232 2.9561 -48.7737 -30.4881 27.1107 -44.5000 -26.2496 6.4328 -37.6598 -17.3011 -44.7427 -32.6585 34.8041 -47.5864 -28.1974 16.5789 -40.9463 -23.4846 -21.9227
-21.9572 -40.9889 16.6999 -28.2305 -47.6245 34.7893 -32.6871 -44.6008 -17.4081 -37.6974 6.5791 -26.2711 -44.5401 27.2384 -30.5155 -48.7623 2.5614 -34.2265 -16.7226 -23.7595 -41.1912 17.3465 -28.3948 -47.8498 34.4456 -32.9146 -42.9989 -18.5719 -38.1825 8.4862 -26.5987 -45.1764 29.3971 -30.9896 -48.6635 -5.8824 -35.1952 -7.5316 -24.7133 -42.1157 20.0127 -28.9951 -48.4512 30.7626 -33.4074 -38.7708 -25.2966 -48.0500 -31.6107 32.2195 -46.0951 -27.1395 11.4266 -39.0997 -20.5436 -37.9132 -33.4341 30.7571 -48.4512 -28.9951 20.0127 -42.1157 -24.7133 -7.5316 -35.1952 -5.8824 -48.6635 -30.9896 29.3971 -45.1764 -26.5987 8.4862 -38.1825 -18.5719 -42.9989 -32.9146 34.4456 -47.8498 -28.3948 17.3465 -41.1912 -23.7595 -16.7226 -34.2265 2.5614 -48.7623 -30.5155 27.2384 -44.5401 -26.2711 6.5791 -37.6974 -17.4083 -44.6000 -32.6889 34.7897 -47.6242 -28.2287 16.7101 -40.9926 -21.9596
-41.4024 16.8414 -28.2634 -47.6650 34.7630 -32.7155 -44.4413 -17.5234 -37.7355 6.7241 -26.2926 -44.5802 27.3662 -30.5422 -48.7570 2.0412 -34.2392 -16.3807 -23.7833 -41.2013 17.3465 -28.3885 -47.8353 34.4915 -32.8916 -43.1613 -18.4789 -38.1445 8.3546 -26.5766 -45.1370 29.2716 -30.9629 -48.6766 -5.5507 -35.1480 -7.9041 -24.6752 -42.0750 19.8960 -28.9693 -48.4298 31.0120 -33.4169 -38.0886 -20.3006 -39.9728 -11.3518 -48.0399 -31.5949 32.1102 -46.0575 -27.1165 11.3089 -39.0608 -20.4690 -38.1759 -33.4139 31.0120 -48.4298 -28.9693 19.8960 -42.0750 -24.6752 -7.9041 -35.1480 -5.5507 -48.6766 -30.9629 29.2716 -45.1370 -26.5766 8.3546 -38.1445 -18.4789 -43.1613 -32.8916 34.4915 -47.8353 -28.3885 17.3465 -41.2013 -23.7833 -16.3807 -34.2392 2.0412 -48.7570 -30.5422 27.3662 -44.5802 -26.2926 6.7241 -37.7355 -17.5306 -44.4310 -32.7211 34.7661 -47.6627 -28.2604 16.8416 -41.4026
17.0846 -28.2257 -47.7031 34.7296 -32.7413 -44.2790 -17.6439 -37.7772 6.8701 -26.3142 -44.6203 27.4939 -30.5689 -48.7590 1.5231 -34.2715 -15.9238 -23.8260 -41.2309 17.4030 -28.3948 -47.8353 34.5064 -32.8800 -43.2803 -18.3944 -38.1071 8.2222 -26.5544 -45.0976 29.1459 -30.9362 -48.6887 -5.2104 -35.1006 -8.2828 -24.6366 -42.0343 19.7794 -28.9436 -48.4079 31.2570 -33.3934 -38.4382 -20.4150 -38.9007 17.3117 -36.1632 -11.4594 -48.0876 -31.5687 32.0005 -46.0198 -27.0933 11.1909 -39.0219 -20.3938 -38.4339 -33.3934 31.2570 -48.4079 -28.9436 19.7794 -42.0343 -24.6366 -8.2828 -35.1006 -5.2104 -48.6887 -30.9362 29.1459 -45.0976 -26.5544 8.2222 -38.1071 -18.3944 -43.2803 -32.8800 34.5064 -47.8353 -28.3948 17.4030 -41.2309 -23.8260 -15.9238 -34.2715 1.5231 -48.7590 -30.5689 27.4939 -44.6203 -26.3144 6.8710 -37.7771 -17.6589 -44.2575 -32.7495 34.7336 -47.7013 -28.2241 17.0818
-27.1188 -47.7376 34.6915 -32.7707 -44.1044 -17.7694 -37.8237 7.0365 -26.3362 -44.6603 27.6216 -30.5957 -48.7602 1.0162 -34.3222 -15.4616 -23.8730 -41.2706 17.5049 -28.4137 -47.8498 34.4915 -32.8800 -43.3205 -18.3472 -38.0793 8.1022 -26.5327 -45.0581 29.0199 -30.9095 -48.6998 -4.8612 -35.0529 -8.6675 -24.5976 -41.9936 19.6631 -28.9179 -48.3857 31.4921 -33.3729 -38.6873 -20.3171 -38.9950 10.6760 -31.4870 -1.4147 -36.1221 -11.2432 -48.1273 -31.5424 31.8897 -45.9820 -27.0703 11.0724 -38.9831 -20.3180 -38.6873 -33.3729 31.4921 -48.3857 -28.9179 19.6631 -41.9936 -24.5976 -8.6675 -35.0529 -4.8612 -48.6998 -30.9095 29.0199 -45.0581 -26.5327 8.1022 -38.0793 -18.3472 -43.3205 -32.8800 34.4915 -47.8498 -28.4137 17.5049 -41.2706 -23.8730 -15.4616 -34.3222 1.0162 -48.7602 -30.5957 27.6216 -44.6609 -26.3377 7.0385 -37.8240 -17.7789 -44.0903 -32.7773 34.6930 -47.7381 -27.1192
-47.5961 34.6179 -32.8005 -43.9218 -17.8954 -37.8708 7.2138 -26.3613 -44.7039 27.7513 -30.6224 -48.7606 0.5207 -34.3728 -15.0020 -23.9195 -41.3110 17.6182 -28.4389 -47.8761 34.4456 -32.8916 -43.2803 -18.3472 -38.0698 8.0352 -26.5165 -45.0223 28.8956 -30.8828 -48.7100 -4.5027 -35.0051 -9.0583 -24.5581 -41.9530 19.5469 -28.8922 -48.3632 31.7177 -33.3521 -38.9360 -20.2415 -38.9438 10.9933 -27.2620 -47.2796 -25.9621 -1.3292 -36.0795 -11.0404 -48.1658 -31.5161 31.7778 -45.9441 -27.0472 10.9536 -38.9443 -20.2415 -38.9360 -33.3521 31.7177 -48.3632 -28.8922 19.5469 -41.9530 -24.5581 -9.0583 -35.0051 -4.5027 -48.7100 -30.8828 28.8956 -45.0223 -26.5165 8.0352 -38.0698 -18.3472 -43.2803 -32.8916 34.4456 -47.8761 -28.4389 17.6182 -41.3110 -23.9195 -15.0020 -34.3728 0.5207 -48.7606 -30.6224 27.7513 -44.7051 -26.3632 7.2140 -37.8709 -17.9033 -43.9094 -32.8050 34.6187 -47.5959
28.9126 -32.5288 -43.7329 -18.0187 -37.9154 7.3786 -26.3884 -44.7512 27.8916 -30.6486 -48.7602 0.0365 -34.4232 -14.5452 -23.9656 -41.3514 17.7315 -28.4641 -47.9046 34.3787 -32.9146 -43.1613 -18.3944 -38.0793 8.0352 -26.5110 -45.0025 28.8027 -30.8576 -48.7190 -4.1348 -34.9570 -9.4551 -24.5181 -41.9123 19.4310 -28.8665 -48.3402 31.9338 -33.3313 -39.1802 -20.1643 -38.9056 10.8324 -27.0183 -45.6618 35.5673 -42.6018 -25.3419 -1.6274 -36.0370 -10.8317 -48.2030 -31.4897 31.6648 -45.9061 -27.0242 10.8343 -38.9056 -20.1643 -39.1802 -33.3313 31.9338 -48.3402 -28.8665 19.4310 -41.9123 -24.5181 -9.4551 -34.9570 -4.1348 -48.7190 -30.8576 28.8027 -45.0025 -26.5110 8.0352 -38.0793 -18.3944 -43.1613 -32.9146 34.3787 -47.9046 -28.4641 17.7315 -41.3514 -23.9656 -14.5452 -34.4232 0.0364 -48.7602 -30.6485 27.9002 -44.7545 -26.3901 7.3786 -37.9154 -18.0259 -43.7236 -32.5283 28.9079
-32.6117 -43.5417 -18.1416 -37.9595 7.5399 -26.4154 -44.8007 28.0491 -30.6800 -48.7588 -0.4441 -34.4735 -14.0915 -24.0113 -41.3919 17.8451 -28.4892 -47.9329 34.3042 -32.9377 -42.9989 -18.4789 -38.1071 8.1022 -26.5165 -45.0025 28.7711 -30.8443 -48.7251 -3.7953 -34.9093 -9.8576 -24.4777 -41.8717 19.3152 -28.8409 -48.3169 32.1406 -33.3103 -39.4200 -20.0865 -38.8669 10.7146 -27.0022 -45.8859 31.2002 -34.4664 21.9974 -42.8464 -25.3130 -1.8922 -35.9948 -10.6187 -48.2387 -31.4633 31.5509 -45.8681 -27.0012 10.7146 -38.8669 -20.0865 -39.4200 -33.3103 32.1406 -48.3169 -28.8409 19.3152 -41.8717 -24.4777 -9.8576 -34.9093 -3.7953 -48.7251 -30.8443 28.7711 -45.0025 -26.5165 8.1022 -38.1071 -18.4789 -42.9989 -32.9377 34.3042 -47.9329 -28.4892 17.8451 -41.3919 -24.0113 -14.0915 -34.4735 -0.4444 -48.7588 -30.6772 28.0605 -44.8043 -26.4168 7.5507 -37.9624 -18.1414 -43.5453 -32.6087
-44.3481 -18.2586 -38.0036 7.6999 -26.4427 -44.8507 28.2092 -30.7149 -48.7560 -0.9827 -34.5241 -13.6405 -24.0565 -41.4323 17.9587 -28.5145 -47.9608 34.2230 -32.9607 -42.8303 -18.5719 -38.1445 8.2222 -26.5327 -45.0223 28.8027 -30.8443 -48.7271 -3.6033 -34.8736 -10.2251 -24.4375 -41.8311 19.1997 -28.8153 -48.2932 32.3382 -33.2891 -39.6552 -20.0080 -38.8282 10.5945 -26.9783 -45.8288 31.4727 -31.9065 -43.8171 -30.7011 22.0204 -42.8018 -25.2835 -2.1617 -35.9523 -10.4012 -48.2730 -31.4369 31.4360 -45.8299 -26.9783 10.5945 -38.8282 -20.0080 -39.6552 -33.2891 32.3382 -48.2932 -28.8153 19.1997 -41.8311 -24.4375 -10.2251 -34.8736 -3.6033 -48.7271 -30.8443 28.8027 -45.0223 -26.5327 8.2222 -38.1445 -18.5719 -42.8303 -32.9607 34.2230 -47.9608 -28.5145 17.9587 -41.4323 -24.0565 -13.6344 -34.5268 -0.9538 -48.7562 -30.7106 28.2110 -44.8514 -26.4430 7.7210 -38.0095 -18.2583 -44.3476
-17.9667 -38.0504 7.8700 -26.4700 -44.9005 28.3685 -30.7486 -48.7518 -1.5446 -34.5812 -13.1535 -24.1028 -41.4734 18.0725 -28.5397 -47.9885 34.1351 -32.9837 -42.6582 -18.6638 -38.1825 8.3546 -26.5544 -45.0581 28.8956 -30.8576 -48.7251 -3.6033 -34.8615 -10.4311 -24.4073 -41.7945 19.0861 -28.7897 -48.2692 32.5269 -33.2678 -39.8861 -19.9287 -38.7896 10.4739 -26.9554 -45.7917 31.3185 -31.3880 -48.4065 -18.5503 -48.4067 -29.3978 21.8905 -42.7611 -25.2535 -2.4363 -35.9094 -10.1790 -48.3060 -31.4104 31.3202 -45.7917 -26.9554 10.4739 -38.7896 -19.9287 -39.8861 -33.2678 32.5269 -48.2692 -28.7897 19.0861 -41.7945 -24.4073 -10.4311 -34.8615 -3.6033 -48.7251 -30.8576 28.8956 -45.0581 -26.5544 8.3546 -38.1825 -18.6638 -42.6582 -32.9837 34.1351 -47.9885 -28.5397 18.0725 -41.4728 -24.1020 -13.1403 -34.5857 -1.5063 -48.7521 -30.7452 28.3684 -44.9005 -26.4702 7.8813 -38.0537 -17.9688
-38.7742 8.0383 -26.4975 -44.9501 28.5273 -30.7820 -48.7462 -2.0858 -34.6435 -12.6286 -24.1526 -41.5179 18.1880 -28.5650 -48.0159 34.0403 -33.0065 -42.4826 -18.7549 -38.2206 8.4862 -26.5766 -45.0976 29.0199 -30.8828 -48.7190 -3.7953 -34.8736 -10.4311 -24.3970 -41.7742 19.0015 -28.7661 -48.2448 32.7068 -33.2464 -40.1126 -19.8488 -38.7509 10.3528 -26.9326 -45.7534 31.2036 -31.3867 -48.3272 -9.1053 -37.0232 27.0014 -48.7329 -29.3804 21.7701 -42.7203 -25.2231 -2.7160 -35.8663 -9.9519 -48.3376 -31.3840 31.2036 -45.7534 -26.9326 10.3528 -38.7509 -19.8488 -40.1126 -33.2464 32.7068 -48.2448 -28.7661 19.0015 -41.7742 -24.3970 -10.4311 -34.8736 -3.7953 -48.7190 -30.8828 29.0199 -45.0976 -26.5766 8.4862 -38.2206 -18.7549 -42.4826 -33.0065 34.0403 -48.0159 -28.5650 18.1864 -41.5139 -24.1528 -12.5946 -34.6474 -2.0482 -48.7466 -30.7786 28.5272 -44.9501 -26.4976 8.0478 -38.7743
7.8473 -26.5205 -45.0006 28.6869 -30.8141 -48.7393 -2.6097 -34.7053 -12.0827 -24.2060 -41.5653 18.3135 -28.5899 -48.0430 33.9384 -33.0292 -42.3033 -18.8450 -38.2587 8.6169 -26.5987 -45.1370 29.1459 -30.9095 -48.7100 -4.1348 -34.9093 -10.2251 -24.4073 -41.7742 18.9728 -28.7534 -48.2262 32.8611 -33.2230 -40.3348 -19.7682 -38.7124 10.2311 -26.9098 -45.7150 31.0861 -31.3575 -48.3685 -9.8005 -35.7538 7.3989 -34.3935 26.1027 -48.7036 -29.3542 21.6501 -42.6795 -25.1921 -3.0009 -35.8229 -9.7197 -48.3680 -31.3575 31.0861 -45.7150 -26.9098 10.2311 -38.7124 -19.7682 -40.3348 -33.2230 32.8611 -48.2262 -28.7534 18.9728 -41.7742 -24.4073 -10.2251 -34.9093 -4.1348 -48.7100 -30.9095 29.1459 -45.1370 -26.5987 8.6169 -38.2587 -18.8450 -42.3033 -33.0292 33.9384 -48.0430 -28.5901 18.3109 -41.5616 -24.2074 -12.0503 -34.7079 -2.5770 -48.7397 -30.8136 28.6849 -45.0000 -26.5198 7.8648
-25.0403 -45.0525 28.8547 -30.8458 -48.7314 -3.0888 -34.7667 -11.5446 -24.2591 -41.6128 18.4478 -28.6161 -48.0704 33.8293 -33.0518 -42.1203 -18.9343 -38.2968 8.7468 -26.6209 -45.1764 29.2716 -30.9362 -48.6998 -4.5027 -34.9570 -9.8576 -24.4375 -41.7945 19.0015 -28.7534 -48.2200 32.9439 -33.2049 -40.5313 -19.6881 -38.6738 10.1090 -26.8870 -45.6765 30.9679 -31.3310 -48.3970 -9.4781 -35.7767 -4.2997 -29.3392 -34.4826 -33.6737 26.5469 -48.6891 -29.3281 21.5303 -42.6387 -25.1606 -3.2912 -35.7792 -9.4824 -48.3970 -31.3310 30.9679 -45.6765 -26.8870 10.1090 -38.6738 -19.6881 -40.5313 -33.2049 32.9439 -48.2200 -28.7534 19.0015 -41.7945 -24.4375 -9.8576 -34.9570 -4.5027 -48.6998 -30.9362 29.2716 -45.1764 -26.6209 8.7468 -38.2968 -18.9343 -42.1203 -33.0518 33.8293 -48.0703 -28.6165 18.4469 -41.6126 -24.2595 -11.5423 -34.7657 -3.1148 -48.7309 -30.8487 28.8443 -45.0496 -25.0395
-45.1114 29.0097 -30.8779 -48.7218 -3.5747 -34.8275 -11.0178 -24.3114 -41.6601 18.5813 -28.6461 -48.0999 33.7107 -33.0743 -41.9335 -19.0227 -38.3350 8.8759 -26.6432 -45.2158 29.3971 -30.9629 -48.6887 -4.8612 -35.0051 -9.4551 -24.4777 -41.8311 19.0861 -28.7661 -48.2262 32.9439 -33.1995 -40.6390 -19.6279 -38.6392 9.9883 -26.8643 -45.6379 30.8489 -31.3045 -48.4248 -9.2396 -35.7362 -3.4874 -25.1844 -43.9242 -21.6259 -34.3512 -33.6703 26.9410 -48.6732 -29.3020 21.4107 -42.5979 -25.1286 -3.5869 -35.7353 -9.2396 -48.4248 -31.3045 30.8489 -45.6379 -26.8643 9.9883 -38.6392 -19.6279 -40.6390 -33.1995 32.9439 -48.2262 -28.7661 19.0861 -41.8311 -24.4777 -9.4551 -35.0051 -4.8612 -48.6887 -30.9629 29.3971 -45.2158 -26.6432 8.8759 -38.3350 -19.0227 -41.9335 -33.0743 33.7107 -48.0998 -28.6453 18.5902 -41.6633 -24.3104 -11.0475 -34.8228 -3.6125 -48.7210 -30.8816 28.9995 -45.1077
28.8895 -30.7313 -48.7105 -4.0544 -34.8871 -10.4964 -24.3639 -41.7102 18.7229 -28.6782 -48.1321 33.5641 -33.0949 -41.7430 -19.1102 -38.3732 9.0043 -26.6655 -45.2550 29.5222 -30.9896 -48.6766 -5.2104 -35.0529 -9.0583 -24.5181 -41.8717 19.1997 -28.7897 -48.2448 32.8611 -33.2049 -40.6390 -19.6073 -38.6200 9.8979 -26.8438 -45.5998 30.7292 -31.2779 -48.4513 -8.9912 -35.6910 -3.8933 -25.1001 -42.3933 28.1491 -39.4221 -21.3259 -34.6991 -33.6520 27.3235 -48.6569 -29.2759 21.2913 -42.5571 -25.0961 -3.8883 -35.6910 -8.9912 -48.4513 -31.2779 30.7292 -45.5998 -26.8438 9.8979 -38.6200 -19.6073 -40.6390 -33.2049 32.8611 -48.2448 -28.7897 19.1997 -41.8717 -24.5181 -9.0583 -35.0529 -5.2104 -48.6766 -30.9896 29.5222 -45.2550 -26.6655 9.0043 -38.3732 -19.1102 -41.7427 -33.0951 33.5736 -48.1304 -28.6744 18.7335 -41.7140 -24.3607 -10.5598 -34.8806 -4.0849 -48.7096 -30.7347 28.8887
-30.2045 -48.6979 -4.5219 -34.9441 -10.0111 -24.4140 -41.7613 18.8673 -28.7091 -48.1643 33.3949 -33.1169 -41.5320 -19.1983 -38.4115 9.1319 -26.6878 -45.2943 29.6470 -31.0163 -48.6635 -5.5507 -35.1006 -8.6675 -24.5581 -41.9123 19.3152 -28.8153 -48.2692 32.7068 -33.2230 -40.5313 -19.6279 -38.6200 9.8670 -26.8325 -45.5712 30.6208 -31.2505 -48.4766 -8.7371 -35.6465 -4.1952 -25.0633 -42.5306 20.7825 -33.0491 12.4220 -39.4854 -21.2546 -35.0164 -33.6335 27.6947 -48.6401 -29.2499 21.1722 -42.5163 -25.0632 -4.1952 -35.6465 -8.7371 -48.4766 -31.2505 30.6208 -45.5712 -26.8325 9.8670 -38.6200 -19.6279 -40.5313 -33.2230 32.7068 -48.2692 -28.8153 19.3152 -41.9123 -24.5581 -8.6675 -35.1006 -5.5507 -48.6635 -31.0163 29.6470 -45.2943 -26.6878 9.1319 -38.4115 -19.1983 -41.5315 -33.1194 33.4176 -48.1605 -28.7035 18.8771 -41.7648 -24.4123 -10.0511 -34.9407 -4.5449 -48.6970 -30.2066
-48.7673 -5.0007 -35.0003 -9.5396 -24.4631 -41.8121 19.0113 -28.7385 -48.1944 33.2257 -33.1446 -41.2953 -19.2935 -38.4530 9.2607 -26.7102 -45.3334 29.7714 -31.0429 -48.6493 -5.8824 -35.1480 -8.2828 -24.5976 -41.9530 19.4310 -28.8409 -48.2932 32.5269 -33.2464 -40.3348 -19.6881 -38.6392 9.8979 -26.8325 -45.5615 30.5604 -31.2297 -48.4983 -8.4813 -35.6017 -4.5080 -25.0297 -42.4748 21.0927 -29.5847 -48.7637 -28.3196 12.4585 -39.4443 -21.1861 -35.3287 -33.6149 28.0546 -48.6228 -29.2239 21.0533 -42.4756 -25.0297 -4.5080 -35.6017 -8.4813 -48.4983 -31.2297 30.5604 -45.5615 -26.8325 9.8979 -38.6392 -19.6881 -40.3348 -33.2464 32.5269 -48.2932 -28.8409 19.4310 -41.9530 -24.5976 -8.2828 -35.1480 -5.8824 -48.6493 -31.0429 29.7714 -45.3334 -26.7102 9.2607 -38.4531 -19.2934 -41.2952 -33.1493 33.2523 -48.1901 -28.7336 19.0200 -41.8152 -24.4636 -9.5423 -35.0011 -4.9927 -48.7674
-9.6832 -35.0573 -9.0755 -24.5115 -41.8629 19.1555 -28.7678 -48.2235 33.0477 -33.1746 -41.0387 -19.3989 -38.4984 9.3994 -26.7327 -45.3725 29.8954 -31.0696 -48.6341 -6.2057 -35.1952 -7.9041 -24.6366 -41.9936 19.5469 -28.8665 -48.3169 32.3382 -33.2678 -40.1126 -19.7682 -38.6738 9.9883 -26.8438 -45.5712 30.5604 -31.2230 -48.5099 -8.2866 -35.5611 -4.8214 -24.9958 -42.4348 20.9327 -29.1834 -48.1744 0.8952 -45.6552 -27.3205 12.3363 -39.4054 -21.1169 -35.6359 -33.5960 28.4032 -48.6050 -29.1979 20.9346 -42.4348 -24.9958 -4.8214 -35.5611 -8.2866 -48.5099 -31.2230 30.5604 -45.5712 -26.8438 9.9883 -38.6738 -19.7682 -40.1126 -33.2678 32.3382 -48.3169 -28.8665 19.5469 -41.9936 -24.6366 -7.9041 -35.1952 -6.2057 -48.6341 -31.0696 29.8954 -45.3725 -26.7329 9.4003 -38.4987 -19.3989 -41.0387 -33.1811 33.0662 -48.2207 -28.7651 19.1559 -41.8631 -24.5133 -9.0396 -35.0610 -9.6780
-36.1249 -8.5943 -24.5616 -41.9134 19.2989 -28.7980 -48.2522 32.8586 -33.2041 -40.7788 -19.5030 -38.5439 9.5469 -26.7566 -45.4125 30.0191 -31.0962 -48.6178 -6.5208 -35.2421 -7.5316 -24.6752 -42.0343 19.6631 -28.8922 -48.3402 32.1406 -33.2891 -39.8861 -19.8488 -38.7124 10.1090 -26.8643 -45.5998 30.6208 -31.2297 -48.5099 -8.2195 -35.5385 -5.0590 -24.9649 -42.3947 20.8162 -29.1738 -48.6119 30.0128 -35.3245 32.9562 -46.3587 -27.2998 12.2219 -39.3662 -21.0472 -35.9379 -33.5770 28.7408 -48.5869 -29.1719 20.8162 -42.3947 -24.9649 -5.0590 -35.5385 -8.2195 -48.5099 -31.2297 30.6208 -45.5998 -26.8643 10.1090 -38.7124 -19.8488 -39.8861 -33.2891 32.1406 -48.3402 -28.8922 19.6631 -42.0343 -24.6752 -7.5316 -35.2421 -6.5208 -48.6178 -31.0962 30.0189 -45.4120 -26.7576 9.5469 -38.5439 -19.5084 -40.7641 -33.2103 32.8625 -48.2517 -28.7976 19.2907 -41.9105 -24.5626 -8.5527 -36.1299
-10.3147 -24.6142 -41.9642 19.4434 -28.8295 -48.2818 32.6468 -33.2352 -40.5115 -19.6065 -38.5914 9.7010 -26.7832 -45.4557 30.1451 -31.1232 -48.6005 -6.8281 -35.2889 -7.1652 -24.7133 -42.0750 19.7794 -28.9179 -48.3632 31.9338 -33.3103 -39.6552 -19.9287 -38.7509 10.2311 -26.8870 -45.6379 30.7292 -31.2505 -48.4983 -8.2866 -35.5385 -5.1406 -24.9475 -42.3647 20.7097 -29.1457 -48.5662 28.9469 -33.9972 -14.2501 -33.1154 32.8386 -46.3117 -27.2764 12.1055 -39.3272 -20.9768 -36.2350 -33.5578 29.0674 -48.5682 -29.1457 20.7097 -42.3647 -24.9475 -5.1406 -35.5385 -8.2866 -48.4983 -31.2505 30.7292 -45.6379 -26.8870 10.2311 -38.7509 -19.9287 -39.6552 -33.3103 31.9338 -48.3632 -28.9179 19.7794 -42.0750 -24.7133 -7.1652 -35.2889 -6.8281 -48.6005 -31.1215 30.1523 -45.4579 -26.7851 9.7010 -38.5914 -19.6129 -40.4933 -33.2377 32.6459 -48.2820 -28.8302 19.4258 -41.9580 -24.6142 -10.3103
-22.9272 -42.0117 19.5804 -28.8616 -48.3117 32.4159 -33.2644 -40.2201 -19.7147 -38.6395 9.8559 -26.8114 -45.5038 30.2890 -31.1510 -48.5817 -7.1278 -35.3354 -6.8051 -24.7510 -42.1157 19.8960 -28.9436 -48.3857 31.7177 -33.3313 -39.4200 -20.0080 -38.7896 10.3528 -26.9098 -45.6765 30.8489 -31.2779 -48.4766 -8.4813 -35.5611 -5.0590 -24.9475 -42.3545 20.6507 -29.1260 -48.5505 29.3842 -33.5117 -37.4623 -25.5882 -47.8389 -31.7097 32.7468 -46.2870 -27.2496 11.9949 -39.2883 -20.9061 -36.5225 -33.5320 29.3779 -48.5504 -29.1260 20.6507 -42.3545 -24.9475 -5.0590 -35.5611 -8.4813 -48.4766 -31.2779 30.8489 -45.6765 -26.9098 10.3528 -38.7896 -20.0080 -39.4200 -33.3313 31.7177 -48.3857 -28.9436 19.8960 -42.1157 -24.7510 -6.8051 -35.3354 -7.1278 -48.5820 -31.1460 30.2969 -45.5067 -26.8127 9.8568 -38.6398 -19.7154 -40.2186 -33.2646 32.4159 -48.3118 -28.8628 19.5610 -42.0054 -22.9263
-42.3249 19.7144 -28.8947 -48.3412 32.1697 -33.2897 -39.9371 -19.8162 -38.6850 10.0014 -26.8397 -45.5523 30.4412 -31.1795 -48.5599 -7.4249 -35.3817 -6.4511 -24.7882 -42.1564 20.0127 -28.9693 -48.4079 31.4921 -33.3521 -39.1802 -20.0865 -38.8282 10.4739 -26.9326 -45.7150 30.9679 -31.3045 -48.4513 -8.7371 -35.6017 -4.8214 -24.9649 -42.3647 20.6507 -29.1195 -48.5408 29.6055 -33.5195 -36.6830 -20.6773 -40.1701 -11.9776 -47.9435 -31.8762 32.4586 -46.1874 -27.2002 11.8874 -39.2502 -20.8831 -36.9846 -33.5057 29.5995 -48.5408 -29.1195 20.6507 -42.3647 -24.9649 -4.8214 -35.6017 -8.7371 -48.4513 -31.3045 30.9679 -45.7150 -26.9326 10.4739 -38.8282 -20.0865 -39.1802 -33.3521 31.4921 -48.4079 -28.9693 20.0127 -42.1564 -24.7882 -6.4511 -35.3817 -7.4251 -48.5607 -31.1755 30.4416 -45.5525 -26.8392 10.0110 -38.6880 -19.8167 -39.9373 -33.2896 32.1697 -48.3412 -28.8962 19.7037 -42.3200
20.0321 -28.8349 -48.3696 31.9123 -33.3139 -39.6656 -19.9111 -38.7326 10.1528 -26.8679 -45.6003 30.5916 -31.2105 -48.5355 -7.7380 -35.4283 -6.1026 -24.8249 -42.1971 20.1297 -28.9951 -48.4298 31.2570 -33.3729 -38.9360 -20.1643 -38.8669 10.5945 -26.9554 -45.7534 31.0861 -31.3310 -48.4248 -8.9912 -35.6465 -4.5080 -24.9958 -42.3947 20.7097 -29.1260 -48.5408 29.6839 -33.5003 -37.1362 -20.8115 -39.1585 18.0240 -36.7490 -15.2528 -46.2264 -33.6220 32.4862 -45.8946 -27.1268 17.9760 -42.0055 -21.1476 -37.2286 -33.2213 29.6681 -48.5405 -29.1260 20.7097 -42.3947 -24.9958 -4.5080 -35.6465 -8.9912 -48.4248 -31.3310 31.0861 -45.7534 -26.9554 10.5945 -38.8669 -20.1643 -38.9360 -33.3729 31.2570 -48.4298 -28.9951 20.1297 -42.1971 -24.8249 -6.0978 -35.4307 -7.7398 -48.5358 -31.2102 30.5831 -45.5976 -26.8656 10.1641 -38.7362 -19.9117 -39.6655 -33.3140 31.8968 -48.3715 -28.8374 20.0311
-27.8614 -48.3969 31.6359 -33.3398 -39.3743 -20.0092 -38.7811 10.3061 -26.8958 -45.6485 30.7417 -31.2432 -48.5080 -8.0795 -35.4819 -5.7301 -24.8627 -42.2384 20.2468 -29.0209 -48.4512 31.0120 -33.3934 -38.6873 -20.2415 -38.9056 10.7146 -26.9783 -45.7917 31.2036 -31.3575 -48.3970 -9.2396 -35.6910 -4.1952 -25.0297 -42.4348 20.8162 -29.1457 -48.5505 29.6088 -33.5030 -37.3506 -21.1962 -36.5552 18.9326 -34.1591 11.7457 -43.7709 -24.0939 -26.2263 -33.7592 31.3855 -46.8291 -20.3836 -4.6912 -42.2877 -21.9447 -43.1274 -32.9414 29.5957 -48.5502 -29.1457 20.8162 -42.4348 -25.0297 -4.1952 -35.6910 -9.2396 -48.3970 -31.3575 31.2036 -45.7917 -26.9783 10.7146 -38.9056 -20.2415 -38.6873 -33.3934 31.0120 -48.4512 -29.0209 20.2468 -42.2385 -24.8628 -5.7204 -35.4848 -8.0815 -48.5078 -31.2447 30.7238 -45.6427 -26.8921 10.3165 -38.7844 -20.0098 -39.3743 -33.3373 31.6195 -48.3988 -27.8642
-48.2080 31.2836 -33.3616 -39.0728 -20.1072 -38.8295 10.4578 -26.9225 -45.6941 30.8831 -31.2765 -48.4780 -8.4172 -35.5414 -5.3096 -24.9045 -42.2835 20.3660 -29.0467 -48.4723 30.7571 -33.4139 -38.4339 -20.3180 -38.9443 10.8343 -27.0012 -45.8299 31.3202 -31.3840 -48.3680 -9.4824 -35.7353 -3.8883 -25.0632 -42.4756 20.9346 -29.1719 -48.5682 29.3811 -33.5215 -37.0968 -21.1044 -32.2011 -50.5623 -33.7821 -55.0284 47.4921 -40.8696 -44.4559 -34.2618 -48.4920 -38.8420 -21.5634 -52.5344 -56.7076 -29.2750 -48.0817 -59.8290 -43.1237 -33.2384 29.3775 -48.5682 -29.1719 20.9346 -42.4756 -25.0632 -3.8883 -35.7353 -9.4824 -48.3680 -31.3840 31.3202 -45.8299 -27.0012 10.8343 -38.9443 -20.3180 -38.4339 -33.4139 30.7571 -48.4723 -29.0467 20.3660 -42.2836 -24.9047 -5.3074 -35.5416 -8.4173 -48.4780 -31.2793 30.8636 -45.6876 -26.9191 10.4670 -38.8324 -20.1081 -39.0711 -33.3610 31.2859 -48.2078
20.9349 -33.0282 -38.7814 -20.1993 -38.8779 10.6086 -26.9491 -45.7389 31.0219 -31.3112 -48.4461 -8.7456 -35.5973 -4.8988 -24.9476 -42.3311 20.4953 -29.0723 -48.4929 30.4921 -33.4341 -38.1759 -20.3938 -38.9831 10.9536 -27.0242 -45.8681 31.4360 -31.4104 -48.3376 -9.7197 -35.7792 -3.5869 -25.0961 -42.5163 21.0533 -29.1979 -48.5869 29.0674 -33.5407 -36.7397 -20.7180 -38.7916 -40.6304 43.7474 3.6427 -34.6964 -39.0110 1.1541 23.5740 -54.0299 33.3107 19.6661 31.0429 -51.8934 33.7680 28.8276 -18.4310 -41.9063 -26.1832 -36.9117 -33.5385 29.0672 -48.5869 -29.1979 21.0533 -42.5163 -25.0961 -3.5869 -35.7792 -9.7197 -48.3376 -31.4104 31.4360 -45.8681 -27.0242 10.9536 -38.9831 -20.3938 -38.1759 -33.4341 30.4921 -48.4929 -29.0723 20.5044 -42.3343 -24.9487 -4.8991 -35.5972 -8.7456 -48.4461 -31.3155 31.0097 -45.7348 -26.9472 10.6091 -38.8780 -20.2046 -38.7587 -33.0323 20.9375
