0.4350 0.1279 0.1491 0.4795 0.1124 0.2241 0.2953 0.1115 0.3722 0.1404 0.1313 0.5025 0.1172 0.1850 0.3981 0.1098 0.2981 0.1671 0.1195 0.4782 0.1242 0.1566 0.4647 0.1112 0.2401 0.2552 0.1128 0.4001 0.1352 0.1365 0.4986 0.1153 0.1968 0.3674 0.1100 0.3212 0.1551 0.1228 0.4941 0.1216 0.1651 0.4462 0.1104 0.2578 0.2168 0.1142 0.4871 0.1093 0.3331 0.2099 0.1137 0.4908 0.1424 0.1309 0.4284 0.1146 0.2168 0.2578 0.1104 0.4463 0.1650 0.1216 0.4941 0.1228 0.1551 0.3212 0.1100 0.3674 0.1968 0.1153 0.4986 0.1365 0.1352 0.4001 0.1128 0.2552 0.2401 0.1112 0.4647 0.1566 0.1242 0.4781 0.1195 0.1671 0.2981 0.1098 0.3981 0.1850 0.1172 0.5025 0.1313 0.1404 0.3723 0.1115 0.2953 0.2241 0.1124 0.4795 0.1491 0.1279 0.4350
0.1279 0.1550 0.5010 0.1131 0.2334 0.3289 0.1158 0.3888 0.1361 0.1365 0.5208 0.1158 0.1922 0.4270 0.1128 0.3112 0.1735 0.1247 0.4970 0.1206 0.1626 0.4879 0.1126 0.2502 0.2880 0.1175 0.4178 0.1306 0.1418 0.5178 0.1147 0.2047 0.3983 0.1135 0.3355 0.1547 0.1279 0.5123 0.1187 0.1715 0.4712 0.1124 0.2687 0.2453 0.1196 0.4434 0.1098 0.3621 0.1145 0.3655 0.2183 0.1138 0.5111 0.1479 0.1264 0.4469 0.1196 0.2451 0.2688 0.1124 0.4712 0.1714 0.1187 0.5123 0.1279 0.1547 0.3355 0.1135 0.3984 0.2046 0.1147 0.5178 0.1418 0.1306 0.4178 0.1175 0.2880 0.2502 0.1126 0.4879 0.1626 0.1206 0.4969 0.1247 0.1735 0.3113 0.1128 0.4269 0.1923 0.1158 0.5208 0.1365 0.1361 0.3889 0.1158 0.3289 0.2334 0.1131 0.5010 0.1550 0.1279
0.1491 0.5010 0.1125 0.2329 0.3303 0.1153 0.3876 0.1361 0.1363 0.5209 0.1154 0.1916 0.4282 0.1122 0.3101 0.1746 0.1245 0.4960 0.1203 0.1622 0.4887 0.1120 0.2494 0.2901 0.1171 0.4163 0.1305 0.1415 0.5180 0.1142 0.2040 0.3998 0.1129 0.3342 0.1551 0.1278 0.5117 0.1183 0.1710 0.4720 0.1118 0.2678 0.2473 0.1192 0.4457 0.1251 0.1660 0.1402 0.3601 0.1139 0.3674 0.2176 0.1132 0.5115 0.1476 0.1262 0.4455 0.1192 0.2472 0.2678 0.1118 0.4721 0.1710 0.1183 0.5118 0.1278 0.1551 0.3343 0.1129 0.3999 0.2040 0.1142 0.5180 0.1416 0.1305 0.4164 0.1171 0.2901 0.2493 0.1120 0.4886 0.1623 0.1203 0.4959 0.1245 0.1746 0.3100 0.1122 0.4282 0.1917 0.1154 0.5209 0.1363 0.1361 0.3876 0.1153 0.3303 0.2329 0.1125 0.5010 0.1491
0.4795 0.1131 0.2329 0.3309 0.1153 0.3865 0.1364 0.1361 0.5209 0.1154 0.1911 0.4295 0.1121 0.3089 0.1759 0.1244 0.4949 0.1205 0.1618 0.4894 0.1120 0.2485 0.2921 0.1170 0.4149 0.1307 0.1413 0.5183 0.1142 0.2033 0.4014 0.1128 0.3330 0.1558 0.1276 0.5112 0.1184 0.1706 0.4729 0.1118 0.2668 0.2495 0.1191 0.4440 0.1264 0.1468 0.4866 0.1320 0.1442 0.3589 0.1139 0.3691 0.2169 0.1133 0.5119 0.1473 0.1264 0.4440 0.1191 0.2493 0.2668 0.1118 0.4730 0.1706 0.1184 0.5112 0.1276 0.1558 0.3331 0.1128 0.4014 0.2033 0.1142 0.5182 0.1413 0.1307 0.4150 0.1170 0.2922 0.2484 0.1120 0.4893 0.1619 0.1204 0.4949 0.1244 0.1760 0.3089 0.1122 0.4294 0.1912 0.1154 0.5209 0.1361 0.1364 0.3865 0.1153 0.3309 0.2329 0.1131 0.4795
0.1124 0.2334 0.3303 0.1153 0.3861 0.1365 0.1359 0.5209 0.1155 0.1907 0.4305 0.1121 0.3079 0.1771 0.1242 0.4939 0.1206 0.1614 0.4901 0.1120 0.2476 0.2942 0.1169 0.4134 0.1310 0.1410 0.5185 0.1143 0.2027 0.4029 0.1128 0.3317 0.1566 0.1274 0.5106 0.1185 0.1701 0.4738 0.1118 0.2659 0.2516 0.1190 0.4426 0.1266 0.1471 0.5133 0.1064 0.5188 0.1313 0.1446 0.3576 0.1138 0.3708 0.2162 0.1133 0.5123 0.1470 0.1266 0.4426 0.1190 0.2516 0.2659 0.1118 0.4738 0.1701 0.1185 0.5106 0.1274 0.1565 0.3318 0.1128 0.4029 0.2027 0.1143 0.5185 0.1410 0.1310 0.4135 0.1169 0.2943 0.2476 0.1120 0.4900 0.1615 0.1206 0.4939 0.1242 0.1772 0.3079 0.1121 0.4305 0.1907 0.1155 0.5209 0.1359 0.1365 0.3861 0.1153 0.3303 0.2334 0.1124
0.2241 0.3289 0.1153 0.3865 0.1365 0.1359 0.5210 0.1155 0.1903 0.4315 0.1121 0.3069 0.1783 0.1241 0.4929 0.1207 0.1611 0.4908 0.1120 0.2467 0.2964 0.1168 0.4120 0.1312 0.1407 0.5187 0.1144 0.2021 0.4044 0.1127 0.3306 0.1573 0.1273 0.5100 0.1186 0.1697 0.4747 0.1118 0.2649 0.2537 0.1189 0.4412 0.1268 0.1467 0.5125 0.1119 0.2499 0.1128 0.5187 0.1311 0.1451 0.3563 0.1137 0.3725 0.2155 0.1134 0.5126 0.1467 0.1268 0.4412 0.1189 0.2537 0.2649 0.1118 0.4747 0.1697 0.1186 0.5099 0.1273 0.1573 0.3305 0.1127 0.4044 0.2021 0.1143 0.5187 0.1407 0.1312 0.4122 0.1168 0.2964 0.2467 0.1121 0.4907 0.1611 0.1207 0.4929 0.1241 0.1783 0.3069 0.1121 0.4315 0.1903 0.1155 0.5210 0.1359 0.1365 0.3865 0.1153 0.3289 0.2241
0.2953 0.1158 0.3876 0.1364 0.1359 0.5210 0.1155 0.1900 0.4323 0.1121 0.3060 0.1794 0.1240 0.4920 0.1208 0.1607 0.4914 0.1121 0.2460 0.2983 0.1167 0.4106 0.1315 0.1405 0.5189 0.1144 0.2014 0.4059 0.1127 0.3293 0.1581 0.1271 0.5094 0.1187 0.1692 0.4755 0.1118 0.2640 0.2559 0.1187 0.4398 0.1270 0.1464 0.5130 0.1135 0.2133 0.2903 0.1793 0.1170 0.5184 0.1309 0.1456 0.3549 0.1137 0.3742 0.2148 0.1134 0.5130 0.1464 0.1270 0.4398 0.1187 0.2559 0.2640 0.1118 0.4755 0.1692 0.1187 0.5093 0.1271 0.1581 0.3293 0.1127 0.4059 0.2015 0.1144 0.5189 0.1405 0.1315 0.4107 0.1167 0.2983 0.2460 0.1121 0.4914 0.1607 0.1208 0.4920 0.1240 0.1794 0.3060 0.1121 0.4323 0.1900 0.1155 0.5210 0.1359 0.1364 0.3876 0.1158 0.2953
0.1115 0.3888 0.1361 0.1361 0.5209 0.1155 0.1900 0.4325 0.1121 0.3054 0.1804 0.1239 0.4911 0.1209 0.1604 0.4919 0.1121 0.2453 0.3000 0.1166 0.4092 0.1317 0.1402 0.5191 0.1145 0.2008 0.4074 0.1127 0.3281 0.1589 0.1269 0.5087 0.1188 0.1688 0.4764 0.1118 0.2631 0.2580 0.1186 0.4384 0.1272 0.1461 0.5134 0.1134 0.2143 0.3802 0.1170 0.4582 0.1784 0.1171 0.5182 0.1307 0.1460 0.3536 0.1136 0.3759 0.2141 0.1135 0.5134 0.1461 0.1271 0.4384 0.1186 0.2580 0.2630 0.1118 0.4764 0.1688 0.1188 0.5087 0.1269 0.1589 0.3280 0.1127 0.4073 0.2008 0.1145 0.5191 0.1402 0.1317 0.4092 0.1166 0.3000 0.2453 0.1121 0.4919 0.1604 0.1209 0.4911 0.1239 0.1804 0.3054 0.1121 0.4325 0.1900 0.1155 0.5209 0.1361 0.1361 0.3889 0.1115
0.3722 0.1361 0.1363 0.5209 0.1155 0.1903 0.4323 0.1121 0.3052 0.1810 0.1238 0.4904 0.1210 0.1601 0.4925 0.1121 0.2446 0.3017 0.1165 0.4080 0.1319 0.1400 0.5192 0.1145 0.2002 0.4088 0.1126 0.3269 0.1597 0.1268 0.5080 0.1189 0.1683 0.4773 0.1118 0.2622 0.2600 0.1185 0.4368 0.1274 0.1458 0.5138 0.1135 0.2135 0.3770 0.1125 0.4123 0.1090 0.4581 0.1778 0.1171 0.5179 0.1305 0.1466 0.3523 0.1136 0.3776 0.2134 0.1135 0.5137 0.1458 0.1273 0.4369 0.1185 0.2602 0.2621 0.1118 0.4772 0.1683 0.1189 0.5081 0.1268 0.1598 0.3268 0.1126 0.4087 0.2002 0.1145 0.5192 0.1400 0.1319 0.4080 0.1165 0.3017 0.2446 0.1121 0.4925 0.1601 0.1210 0.4904 0.1238 0.1810 0.3052 0.1121 0.4323 0.1903 0.1155 0.5209 0.1363 0.1361 0.3723
0.1404 0.1365 0.5209 0.1154 0.1907 0.4315 0.1121 0.3054 0.1810 0.1237 0.4899 0.1210 0.1598 0.4930 0.1121 0.2439 0.3033 0.1164 0.4068 0.1322 0.1397 0.5194 0.1146 0.1997 0.4101 0.1126 0.3257 0.1606 0.1266 0.5073 0.1189 0.1679 0.4781 0.1118 0.2613 0.2620 0.1184 0.4354 0.1276 0.1455 0.5141 0.1135 0.2128 0.3790 0.1136 0.3473 0.1215 0.2801 0.1118 0.4593 0.1773 0.1172 0.5176 0.1303 0.1471 0.3510 0.1135 0.3792 0.2127 0.1135 0.5141 0.1455 0.1276 0.4355 0.1184 0.2623 0.2612 0.1118 0.4781 0.1679 0.1189 0.5074 0.1266 0.1606 0.3257 0.1126 0.4101 0.1997 0.1146 0.5194 0.1397 0.1322 0.4068 0.1164 0.3033 0.2439 0.1121 0.4930 0.1598 0.1210 0.4899 0.1237 0.1810 0.3054 0.1121 0.4315 0.1907 0.1154 0.5209 0.1365 0.1404
0.1313 0.5208 0.1154 0.1911 0.4305 0.1121 0.3060 0.1804 0.1238 0.4899 0.1211 0.1596 0.4934 0.1121 0.2432 0.3050 0.1164 0.4057 0.1324 0.1395 0.5195 0.1146 0.1992 0.4112 0.1126 0.3246 0.1614 0.1264 0.5066 0.1190 0.1675 0.4789 0.1118 0.2604 0.2640 0.1183 0.4339 0.1278 0.1452 0.5144 0.1136 0.2121 0.3806 0.1135 0.3499 0.1479 0.1430 0.2224 0.2801 0.1118 0.4603 0.1769 0.1173 0.5172 0.1301 0.1476 0.3496 0.1135 0.3808 0.2121 0.1136 0.5144 0.1452 0.1278 0.4339 0.1183 0.2643 0.2603 0.1118 0.4789 0.1675 0.1190 0.5066 0.1264 0.1614 0.3246 0.1126 0.4112 0.1992 0.1146 0.5195 0.1395 0.1324 0.4057 0.1164 0.3050 0.2432 0.1121 0.4934 0.1596 0.1211 0.4899 0.1238 0.1804 0.3060 0.1121 0.4305 0.1912 0.1154 0.5208 0.1313
0.5025 0.1158 0.1916 0.4295 0.1121 0.3069 0.1794 0.1239 0.4904 0.1210 0.1596 0.4936 0.1121 0.2427 0.3065 0.1163 0.4045 0.1326 0.1393 0.5197 0.1146 0.1987 0.4124 0.1125 0.3236 0.1621 0.1263 0.5060 0.1191 0.1671 0.4797 0.1118 0.2595 0.2662 0.1182 0.4325 0.1280 0.1449 0.5148 0.1136 0.2115 0.3822 0.1134 0.3483 0.1481 0.1295 0.5193 0.1205 0.2236 0.2789 0.1118 0.4612 0.1764 0.1174 0.5169 0.1299 0.1482 0.3483 0.1134 0.3823 0.2115 0.1136 0.5148 0.1449 0.1280 0.4325 0.1182 0.2663 0.2595 0.1118 0.4797 0.1670 0.1191 0.5060 0.1263 0.1621 0.3236 0.1125 0.4124 0.1987 0.1146 0.5197 0.1393 0.1326 0.4045 0.1163 0.3065 0.2427 0.1121 0.4936 0.1596 0.1210 0.4904 0.1239 0.1794 0.3069 0.1121 0.4294 0.1917 0.1158 0.5025
0.1172 0.1922 0.4282 0.1121 0.3079 0.1783 0.1240 0.4911 0.1210 0.1598 0.4934 0.1121 0.2426 0.3073 0.1162 0.4035 0.1328 0.1391 0.5198 0.1147 0.1982 0.4135 0.1125 0.3227 0.1629 0.1262 0.5053 0.1192 0.1667 0.4804 0.1118 0.2587 0.2682 0.1181 0.4311 0.1282 0.1446 0.5151 0.1137 0.2108 0.3838 0.1134 0.3470 0.1487 0.1297 0.5154 0.1058 0.4586 0.1204 0.2259 0.2779 0.1118 0.4622 0.1759 0.1174 0.5165 0.1297 0.1487 0.3470 0.1134 0.3838 0.2108 0.1137 0.5151 0.1446 0.1282 0.4311 0.1181 0.2682 0.2587 0.1118 0.4805 0.1667 0.1192 0.5053 0.1262 0.1629 0.3227 0.1125 0.4135 0.1982 0.1147 0.5198 0.1391 0.1328 0.4035 0.1162 0.3073 0.2426 0.1121 0.4934 0.1598 0.1210 0.4911 0.1240 0.1783 0.3079 0.1122 0.4282 0.1923 0.1172
0.1850 0.4270 0.1122 0.3089 0.1771 0.1241 0.4920 0.1209 0.1601 0.4930 0.1121 0.2427 0.3073 0.1162 0.4029 0.1330 0.1389 0.5199 0.1147 0.1977 0.4146 0.1125 0.3217 0.1636 0.1260 0.5047 0.1193 0.1663 0.4811 0.1118 0.2579 0.2699 0.1180 0.4299 0.1284 0.1443 0.5154 0.1137 0.2101 0.3854 0.1133 0.3457 0.1493 0.1295 0.5162 0.1161 0.2002 0.1206 0.4586 0.1203 0.2280 0.2769 0.1118 0.4631 0.1754 0.1175 0.5162 0.1295 0.1493 0.3457 0.1133 0.3854 0.2101 0.1137 0.5154 0.1443 0.1284 0.4299 0.1180 0.2699 0.2579 0.1118 0.4811 0.1663 0.1193 0.5047 0.1260 0.1636 0.3217 0.1125 0.4146 0.1977 0.1147 0.5199 0.1389 0.1330 0.4029 0.1162 0.3073 0.2427 0.1121 0.4930 0.1601 0.1209 0.4920 0.1241 0.1772 0.3089 0.1122 0.4269 0.1850
0.3981 0.1128 0.3101 0.1759 0.1242 0.4929 0.1208 0.1604 0.4925 0.1121 0.2432 0.3065 0.1162 0.4029 0.1330 0.1388 0.5200 0.1148 0.1972 0.4157 0.1124 0.3208 0.1644 0.1259 0.5041 0.1194 0.1660 0.4818 0.1118 0.2572 0.2716 0.1179 0.4287 0.1285 0.1440 0.5157 0.1137 0.2095 0.3870 0.1133 0.3445 0.1499 0.1293 0.5157 0.1177 0.1740 0.4124 0.1509 0.1247 0.4571 0.1202 0.2301 0.2759 0.1118 0.4641 0.1750 0.1176 0.5158 0.1293 0.1499 0.3445 0.1133 0.3869 0.2095 0.1137 0.5157 0.1440 0.1285 0.4287 0.1179 0.2716 0.2572 0.1118 0.4818 0.1660 0.1194 0.5041 0.1259 0.1644 0.3208 0.1124 0.4157 0.1972 0.1148 0.5200 0.1388 0.1330 0.4029 0.1162 0.3065 0.2432 0.1121 0.4925 0.1604 0.1208 0.4929 0.1242 0.1760 0.3100 0.1128 0.3981
0.1098 0.3112 0.1746 0.1244 0.4939 0.1207 0.1607 0.4919 0.1121 0.2439 0.3050 0.1163 0.4035 0.1330 0.1388 0.5200 0.1148 0.1969 0.4167 0.1124 0.3198 0.1652 0.1258 0.5034 0.1194 0.1656 0.4824 0.1119 0.2564 0.2733 0.1178 0.4275 0.1287 0.1438 0.5159 0.1138 0.2090 0.3883 0.1132 0.3434 0.1504 0.1291 0.5154 0.1177 0.1746 0.4677 0.1101 0.5087 0.1501 0.1249 0.4556 0.1200 0.2322 0.2749 0.1118 0.4651 0.1745 0.1177 0.5154 0.1291 0.1504 0.3434 0.1132 0.3883 0.2090 0.1138 0.5159 0.1438 0.1287 0.4275 0.1178 0.2733 0.2564 0.1119 0.4824 0.1656 0.1194 0.5034 0.1258 0.1652 0.3198 0.1124 0.4167 0.1969 0.1148 0.5200 0.1388 0.1330 0.4035 0.1163 0.3050 0.2439 0.1121 0.4919 0.1607 0.1207 0.4939 0.1244 0.1746 0.3113 0.1098
0.2981 0.1735 0.1245 0.4949 0.1206 0.1611 0.4914 0.1121 0.2446 0.3033 0.1164 0.4045 0.1328 0.1389 0.5200 0.1148 0.1967 0.4173 0.1124 0.3190 0.1660 0.1257 0.5028 0.1195 0.1653 0.4831 0.1119 0.2557 0.2750 0.1177 0.4264 0.1289 0.1436 0.5162 0.1138 0.2084 0.3895 0.1132 0.3423 0.1509 0.1289 0.5150 0.1178 0.1740 0.4659 0.1104 0.3212 0.1092 0.5087 0.1497 0.1251 0.4542 0.1199 0.2342 0.2739 0.1118 0.4661 0.1740 0.1178 0.5150 0.1289 0.1509 0.3423 0.1132 0.3895 0.2084 0.1138 0.5162 0.1436 0.1289 0.4264 0.1177 0.2750 0.2557 0.1119 0.4831 0.1653 0.1195 0.5028 0.1257 0.1660 0.3190 0.1124 0.4173 0.1967 0.1148 0.5200 0.1389 0.1328 0.4045 0.1164 0.3033 0.2446 0.1121 0.4914 0.1611 0.1206 0.4949 0.1245 0.1735 0.2981
0.1671 0.1247 0.4960 0.1205 0.1614 0.4908 0.1121 0.2453 0.3017 0.1164 0.4057 0.1326 0.1391 0.5199 0.1148 0.1969 0.4173 0.1124 0.3185 0.1666 0.1255 0.5021 0.1196 0.1650 0.4837 0.1119 0.2550 0.2767 0.1177 0.4252 0.1291 0.1433 0.5164 0.1139 0.2079 0.3908 0.1131 0.3413 0.1514 0.1288 0.5146 0.1178 0.1736 0.4670 0.1118 0.2707 0.1576 0.2215 0.1130 0.5092 0.1494 0.1252 0.4528 0.1198 0.2361 0.2731 0.1117 0.4670 0.1736 0.1178 0.5146 0.1288 0.1514 0.3413 0.1131 0.3908 0.2079 0.1139 0.5164 0.1433 0.1291 0.4252 0.1177 0.2767 0.2550 0.1119 0.4837 0.1650 0.1196 0.5021 0.1255 0.1666 0.3185 0.1124 0.4173 0.1969 0.1148 0.5199 0.1391 0.1326 0.4057 0.1164 0.3017 0.2453 0.1121 0.4907 0.1615 0.1204 0.4959 0.1247 0.1671
0.1195 0.4970 0.1203 0.1618 0.4901 0.1120 0.2460 0.3000 0.1165 0.4068 0.1324 0.1393 0.5198 0.1147 0.1972 0.4167 0.1124 0.3185 0.1668 0.1255 0.5016 0.1197 0.1646 0.4843 0.1119 0.2543 0.2784 0.1176 0.4240 0.1292 0.1431 0.5166 0.1139 0.2074 0.3921 0.1131 0.3403 0.1519 0.1286 0.5142 0.1179 0.1732 0.4677 0.1117 0.2725 0.2431 0.1279 0.3612 0.2208 0.1130 0.5096 0.1491 0.1254 0.4515 0.1197 0.2378 0.2723 0.1117 0.4677 0.1732 0.1179 0.5142 0.1286 0.1519 0.3403 0.1131 0.3921 0.2074 0.1139 0.5166 0.1431 0.1292 0.4240 0.1176 0.2784 0.2543 0.1119 0.4843 0.1646 0.1197 0.5016 0.1255 0.1668 0.3185 0.1124 0.4167 0.1972 0.1147 0.5198 0.1393 0.1324 0.4068 0.1165 0.3000 0.2460 0.1121 0.4900 0.1619 0.1203 0.4969 0.1195
0.4782 0.1206 0.1622 0.4894 0.1120 0.2467 0.2983 0.1166 0.4080 0.1322 0.1395 0.5197 0.1147 0.1977 0.4157 0.1124 0.3190 0.1666 0.1255 0.5014 0.1197 0.1644 0.4849 0.1119 0.2536 0.2801 0.1175 0.4229 0.1294 0.1428 0.5169 0.1139 0.2068 0.3933 0.1131 0.3393 0.1524 0.1285 0.5139 0.1180 0.1728 0.4685 0.1117 0.2715 0.2389 0.1191 0.5021 0.1128 0.3612 0.2201 0.1131 0.5100 0.1488 0.1256 0.4503 0.1196 0.2395 0.2715 0.1117 0.4685 0.1728 0.1180 0.5139 0.1285 0.1524 0.3393 0.1131 0.3933 0.2068 0.1139 0.5169 0.1428 0.1294 0.4229 0.1175 0.2801 0.2536 0.1119 0.4849 0.1644 0.1197 0.5014 0.1255 0.1666 0.3190 0.1124 0.4157 0.1977 0.1147 0.5197 0.1395 0.1322 0.4080 0.1166 0.2983 0.2467 0.1120 0.4893 0.1623 0.1206 0.4781
0.1242 0.1626 0.4887 0.1120 0.2476 0.2964 0.1167 0.4092 0.1319 0.1397 0.5195 0.1146 0.1982 0.4146 0.1124 0.3198 0.1660 0.1255 0.5016 0.1197 0.1643 0.4852 0.1119 0.2529 0.2818 0.1174 0.4217 0.1296 0.1426 0.5171 0.1140 0.2063 0.3946 0.1130 0.3383 0.1529 0.1284 0.5135 0.1180 0.1724 0.4693 0.1117 0.2707 0.2412 0.1196 0.4454 0.1095 0.3621 0.1141 0.3630 0.2195 0.1131 0.5104 0.1485 0.1257 0.4492 0.1195 0.2411 0.2707 0.1117 0.4693 0.1724 0.1180 0.5135 0.1284 0.1529 0.3383 0.1130 0.3946 0.2063 0.1140 0.5171 0.1426 0.1296 0.4217 0.1174 0.2818 0.2529 0.1119 0.4852 0.1643 0.1197 0.5016 0.1255 0.1660 0.3198 0.1124 0.4146 0.1982 0.1146 0.5195 0.1397 0.1319 0.4092 0.1167 0.2964 0.2476 0.1120 0.4886 0.1626 0.1242
0.1566 0.4879 0.1120 0.2485 0.2942 0.1168 0.4106 0.1317 0.1400 0.5194 0.1146 0.1987 0.4135 0.1125 0.3208 0.1652 0.1257 0.5021 0.1197 0.1644 0.4852 0.1119 0.2526 0.2831 0.1174 0.4206 0.1298 0.1424 0.5173 0.1140 0.2058 0.3958 0.1130 0.3373 0.1534 0.1282 0.5130 0.1181 0.1721 0.4700 0.1117 0.2699 0.2428 0.1194 0.4484 0.1249 0.1661 0.1399 0.3623 0.1140 0.3644 0.2189 0.1131 0.5107 0.1482 0.1259 0.4481 0.1194 0.2428 0.2699 0.1117 0.4700 0.1721 0.1181 0.5130 0.1282 0.1534 0.3373 0.1130 0.3958 0.2058 0.1140 0.5173 0.1424 0.1298 0.4206 0.1174 0.2831 0.2526 0.1119 0.4852 0.1644 0.1197 0.5021 0.1257 0.1652 0.3208 0.1125 0.4135 0.1987 0.1146 0.5194 0.1400 0.1317 0.4107 0.1168 0.2943 0.2484 0.1120 0.4879 0.1566
0.4647 0.1126 0.2494 0.2921 0.1169 0.4120 0.1315 0.1402 0.5192 0.1146 0.1992 0.4124 0.1125 0.3217 0.1644 0.1258 0.5028 0.1196 0.1646 0.4849 0.1119 0.2526 0.2835 0.1173 0.4197 0.1300 0.1422 0.5175 0.1141 0.2053 0.3970 0.1129 0.3363 0.1540 0.1281 0.5126 0.1182 0.1717 0.4708 0.1117 0.2691 0.2445 0.1193 0.4469 0.1260 0.1474 0.4857 0.1323 0.1434 0.3610 0.1140 0.3658 0.2183 0.1132 0.5111 0.1480 0.1260 0.4469 0.1193 0.2445 0.2691 0.1117 0.4708 0.1717 0.1182 0.5126 0.1281 0.1540 0.3363 0.1129 0.3970 0.2053 0.1141 0.5175 0.1422 0.1300 0.4197 0.1173 0.2835 0.2526 0.1119 0.4849 0.1646 0.1196 0.5028 0.1258 0.1644 0.3217 0.1125 0.4124 0.1992 0.1146 0.5192 0.1402 0.1315 0.4122 0.1169 0.2922 0.2493 0.1126 0.4647
0.1112 0.2502 0.2901 0.1170 0.4134 0.1312 0.1405 0.5191 0.1145 0.1997 0.4112 0.1125 0.3227 0.1636 0.1259 0.5034 0.1195 0.1650 0.4843 0.1119 0.2529 0.2831 0.1173 0.4194 0.1301 0.1420 0.5177 0.1141 0.2047 0.3982 0.1129 0.3353 0.1545 0.1279 0.5122 0.1182 0.1713 0.4715 0.1117 0.2683 0.2462 0.1192 0.4458 0.1261 0.1478 0.5125 0.1065 0.5191 0.1317 0.1438 0.3600 0.1139 0.3672 0.2177 0.1132 0.5114 0.1477 0.1261 0.4458 0.1192 0.2462 0.2683 0.1117 0.4715 0.1713 0.1182 0.5122 0.1279 0.1545 0.3353 0.1129 0.3982 0.2047 0.1141 0.5177 0.1420 0.1301 0.4194 0.1173 0.2831 0.2529 0.1119 0.4843 0.1650 0.1195 0.5034 0.1259 0.1636 0.3227 0.1125 0.4112 0.1997 0.1145 0.5191 0.1405 0.1312 0.4135 0.1170 0.2901 0.2502 0.1112
0.2401 0.2880 0.1171 0.4149 0.1310 0.1407 0.5189 0.1145 0.2002 0.4101 0.1126 0.3236 0.1629 0.1260 0.5041 0.1194 0.1653 0.4837 0.1119 0.2536 0.2818 0.1174 0.4197 0.1301 0.1419 0.5178 0.1141 0.2043 0.3994 0.1129 0.3343 0.1551 0.1278 0.5117 0.1183 0.1709 0.4722 0.1117 0.2676 0.2479 0.1191 0.4447 0.1263 0.1475 0.5116 0.1118 0.2517 0.1126 0.5192 0.1315 0.1441 0.3589 0.1139 0.3686 0.2172 0.1132 0.5117 0.1475 0.1263 0.4447 0.1191 0.2479 0.2676 0.1117 0.4722 0.1709 0.1183 0.5117 0.1278 0.1551 0.3343 0.1129 0.3994 0.2043 0.1141 0.5178 0.1419 0.1301 0.4197 0.1174 0.2818 0.2536 0.1119 0.4837 0.1653 0.1194 0.5041 0.1260 0.1629 0.3236 0.1126 0.4101 0.2002 0.1145 0.5189 0.1407 0.1310 0.4150 0.1171 0.2880 0.2401
0.2552 0.1175 0.4163 0.1307 0.1410 0.5187 0.1144 0.2008 0.4088 0.1126 0.3246 0.1621 0.1262 0.5047 0.1194 0.1656 0.4831 0.1119 0.2543 0.2801 0.1174 0.4206 0.1300 0.1420 0.5178 0.1142 0.2040 0.4003 0.1129 0.3333 0.1557 0.1276 0.5113 0.1184 0.1706 0.4730 0.1118 0.2668 0.2496 0.1190 0.4435 0.1265 0.1472 0.5121 0.1133 0.2151 0.2857 0.1803 0.1169 0.5190 0.1313 0.1445 0.3578 0.1138 0.3699 0.2166 0.1133 0.5120 0.1472 0.1265 0.4435 0.1190 0.2496 0.2668 0.1118 0.4730 0.1706 0.1184 0.5113 0.1276 0.1557 0.3333 0.1129 0.4003 0.2040 0.1142 0.5178 0.1420 0.1300 0.4206 0.1174 0.2801 0.2543 0.1119 0.4831 0.1656 0.1194 0.5047 0.1262 0.1621 0.3246 0.1126 0.4087 0.2008 0.1144 0.5187 0.1410 0.1307 0.4164 0.1175 0.2552
0.1128 0.4178 0.1305 0.1413 0.5185 0.1144 0.2014 0.4074 0.1126 0.3257 0.1614 0.1263 0.5053 0.1193 0.1660 0.4824 0.1119 0.2550 0.2784 0.1175 0.4217 0.1298 0.1422 0.5177 0.1141 0.2040 0.4006 0.1128 0.3326 0.1562 0.1275 0.5108 0.1185 0.1702 0.4737 0.1118 0.2660 0.2513 0.1190 0.4424 0.1266 0.1470 0.5124 0.1133 0.2162 0.3758 0.1173 0.4560 0.1794 0.1169 0.5188 0.1312 0.1449 0.3568 0.1138 0.3713 0.2160 0.1133 0.5124 0.1470 0.1266 0.4424 0.1190 0.2513 0.2660 0.1118 0.4737 0.1702 0.1185 0.5108 0.1275 0.1562 0.3326 0.1128 0.4006 0.2040 0.1141 0.5177 0.1422 0.1298 0.4217 0.1175 0.2784 0.2550 0.1119 0.4824 0.1660 0.1193 0.5053 0.1263 0.1614 0.3257 0.1126 0.4073 0.2015 0.1143 0.5185 0.1413 0.1305 0.4178 0.1128
0.4001 0.1306 0.1415 0.5183 0.1143 0.2021 0.4059 0.1127 0.3269 0.1606 0.1264 0.5060 0.1192 0.1663 0.4818 0.1119 0.2557 0.2767 0.1176 0.4229 0.1296 0.1424 0.5175 0.1141 0.2043 0.4003 0.1128 0.3323 0.1565 0.1274 0.5103 0.1185 0.1698 0.4744 0.1118 0.2653 0.2531 0.1189 0.4412 0.1268 0.1467 0.5127 0.1133 0.2155 0.3722 0.1127 0.4158 0.1090 0.4557 0.1790 0.1169 0.5186 0.1310 0.1453 0.3557 0.1137 0.3727 0.2155 0.1133 0.5127 0.1467 0.1268 0.4412 0.1189 0.2531 0.2653 0.1118 0.4744 0.1698 0.1185 0.5103 0.1274 0.1565 0.3323 0.1128 0.4003 0.2043 0.1141 0.5175 0.1424 0.1296 0.4229 0.1176 0.2767 0.2557 0.1119 0.4818 0.1663 0.1192 0.5060 0.1264 0.1606 0.3268 0.1127 0.4059 0.2021 0.1143 0.5182 0.1416 0.1306 0.4001
0.1352 0.1418 0.5180 0.1142 0.2027 0.4044 0.1127 0.3281 0.1597 0.1266 0.5066 0.1191 0.1667 0.4811 0.1118 0.2564 0.2750 0.1177 0.4240 0.1294 0.1426 0.5173 0.1141 0.2047 0.3994 0.1129 0.3326 0.1565 0.1274 0.5101 0.1186 0.1695 0.4751 0.1118 0.2645 0.2548 0.1188 0.4401 0.1269 0.1464 0.5130 0.1134 0.2149 0.3741 0.1137 0.3511 0.1208 0.2825 0.1118 0.4566 0.1786 0.1170 0.5184 0.1308 0.1457 0.3547 0.1137 0.3740 0.2149 0.1134 0.5130 0.1464 0.1269 0.4401 0.1188 0.2548 0.2645 0.1118 0.4751 0.1695 0.1186 0.5101 0.1274 0.1565 0.3326 0.1129 0.3994 0.2047 0.1141 0.5173 0.1426 0.1294 0.4240 0.1177 0.2750 0.2564 0.1118 0.4811 0.1667 0.1191 0.5066 0.1266 0.1598 0.3280 0.1127 0.4044 0.2027 0.1142 0.5180 0.1418 0.1352
0.1365 0.5178 0.1142 0.2033 0.4029 0.1127 0.3293 0.1589 0.1268 0.5073 0.1190 0.1671 0.4804 0.1118 0.2572 0.2733 0.1177 0.4252 0.1292 0.1428 0.5171 0.1140 0.2053 0.3982 0.1129 0.3333 0.1562 0.1274 0.5101 0.1186 0.1693 0.4756 0.1118 0.2638 0.2565 0.1187 0.4389 0.1271 0.1462 0.5133 0.1134 0.2143 0.3754 0.1136 0.3539 0.1462 0.1437 0.2174 0.2827 0.1118 0.4575 0.1782 0.1171 0.5181 0.1307 0.1461 0.3536 0.1136 0.3754 0.2143 0.1134 0.5133 0.1462 0.1271 0.4389 0.1187 0.2565 0.2638 0.1118 0.4756 0.1693 0.1186 0.5101 0.1274 0.1562 0.3333 0.1129 0.3982 0.2053 0.1140 0.5171 0.1428 0.1292 0.4252 0.1177 0.2733 0.2572 0.1118 0.4805 0.1670 0.1190 0.5074 0.1268 0.1589 0.3293 0.1127 0.4029 0.2033 0.1142 0.5178 0.1365
0.4986 0.1147 0.2040 0.4014 0.1128 0.3306 0.1581 0.1269 0.5080 0.1189 0.1675 0.4797 0.1118 0.2579 0.2716 0.1178 0.4264 0.1291 0.1431 0.5169 0.1140 0.2058 0.3970 0.1129 0.3343 0.1557 0.1275 0.5103 0.1186 0.1693 0.4758 0.1118 0.2632 0.2580 0.1186 0.4378 0.1272 0.1459 0.5136 0.1134 0.2138 0.3767 0.1136 0.3525 0.1464 0.1302 0.5188 0.1209 0.2182 0.2818 0.1118 0.4583 0.1778 0.1171 0.5179 0.1305 0.1465 0.3525 0.1136 0.3767 0.2138 0.1134 0.5136 0.1459 0.1272 0.4378 0.1186 0.2580 0.2632 0.1118 0.4758 0.1693 0.1186 0.5103 0.1275 0.1557 0.3343 0.1129 0.3970 0.2058 0.1140 0.5169 0.1431 0.1291 0.4264 0.1178 0.2716 0.2579 0.1118 0.4797 0.1675 0.1189 0.5081 0.1269 0.1581 0.3305 0.1128 0.4014 0.2040 0.1147 0.4986
0.1153 0.2047 0.3998 0.1128 0.3317 0.1573 0.1271 0.5087 0.1189 0.1679 0.4789 0.1118 0.2587 0.2699 0.1179 0.4275 0.1289 0.1433 0.5166 0.1139 0.2063 0.3958 0.1129 0.3353 0.1551 0.1276 0.5108 0.1185 0.1695 0.4756 0.1118 0.2630 0.2589 0.1185 0.4367 0.1274 0.1457 0.5139 0.1135 0.2132 0.3781 0.1135 0.3515 0.1469 0.1304 0.5167 0.1058 0.4622 0.1208 0.2199 0.2810 0.1118 0.4591 0.1774 0.1172 0.5176 0.1303 0.1469 0.3515 0.1135 0.3781 0.2132 0.1135 0.5139 0.1457 0.1274 0.4367 0.1185 0.2589 0.2630 0.1118 0.4756 0.1695 0.1185 0.5108 0.1276 0.1551 0.3353 0.1129 0.3958 0.2063 0.1139 0.5166 0.1433 0.1289 0.4275 0.1179 0.2699 0.2587 0.1118 0.4789 0.1679 0.1189 0.5087 0.1271 0.1573 0.3318 0.1128 0.3999 0.2046 0.1153
0.1968 0.3983 0.1129 0.3330 0.1566 0.1273 0.5094 0.1188 0.1683 0.4781 0.1118 0.2595 0.2682 0.1180 0.4287 0.1287 0.1436 0.5164 0.1139 0.2068 0.3946 0.1130 0.3363 0.1545 0.1278 0.5113 0.1185 0.1698 0.4751 0.1118 0.2632 0.2589 0.1185 0.4361 0.1275 0.1455 0.5141 0.1135 0.2127 0.3794 0.1135 0.3504 0.1473 0.1302 0.5175 0.1159 0.2020 0.1201 0.4626 0.1207 0.2215 0.2802 0.1117 0.4600 0.1770 0.1172 0.5174 0.1302 0.1473 0.3504 0.1135 0.3794 0.2127 0.1135 0.5141 0.1455 0.1275 0.4361 0.1185 0.2589 0.2632 0.1118 0.4751 0.1698 0.1185 0.5113 0.1278 0.1545 0.3363 0.1130 0.3946 0.2068 0.1139 0.5164 0.1436 0.1287 0.4287 0.1180 0.2682 0.2595 0.1118 0.4781 0.1683 0.1188 0.5093 0.1273 0.1565 0.3331 0.1129 0.3984 0.1968
0.3674 0.1135 0.3342 0.1558 0.1274 0.5100 0.1187 0.1688 0.4773 0.1118 0.2604 0.2662 0.1181 0.4299 0.1285 0.1438 0.5162 0.1139 0.2074 0.3933 0.1130 0.3373 0.1540 0.1279 0.5117 0.1184 0.1702 0.4744 0.1118 0.2638 0.2580 0.1185 0.4361 0.1276 0.1453 0.5143 0.1136 0.2121 0.3807 0.1134 0.3494 0.1477 0.1300 0.5171 0.1174 0.1757 0.4079 0.1519 0.1242 0.4615 0.1206 0.2231 0.2793 0.1117 0.4608 0.1766 0.1173 0.5171 0.1300 0.1477 0.3494 0.1134 0.3807 0.2121 0.1136 0.5143 0.1453 0.1276 0.4361 0.1185 0.2580 0.2638 0.1118 0.4744 0.1702 0.1184 0.5117 0.1279 0.1540 0.3373 0.1130 0.3933 0.2074 0.1139 0.5162 0.1438 0.1285 0.4299 0.1181 0.2663 0.2603 0.1118 0.4772 0.1688 0.1187 0.5099 0.1274 0.1558 0.3343 0.1135 0.3674
0.1100 0.3355 0.1551 0.1276 0.5106 0.1186 0.1692 0.4764 0.1118 0.2613 0.2640 0.1182 0.4311 0.1284 0.1440 0.5159 0.1138 0.2079 0.3921 0.1131 0.3383 0.1534 0.1281 0.5122 0.1183 0.1706 0.4737 0.1118 0.2645 0.2565 0.1186 0.4367 0.1275 0.1453 0.5144 0.1136 0.2117 0.3819 0.1134 0.3484 0.1482 0.1299 0.5168 0.1174 0.1763 0.4643 0.1104 0.5073 0.1511 0.1243 0.4604 0.1205 0.2248 0.2785 0.1117 0.4616 0.1762 0.1174 0.5168 0.1299 0.1482 0.3484 0.1134 0.3819 0.2117 0.1136 0.5144 0.1453 0.1275 0.4367 0.1186 0.2565 0.2645 0.1118 0.4737 0.1706 0.1183 0.5122 0.1281 0.1534 0.3383 0.1131 0.3921 0.2079 0.1138 0.5159 0.1440 0.1284 0.4311 0.1182 0.2643 0.2612 0.1118 0.4764 0.1692 0.1186 0.5106 0.1276 0.1551 0.3355 0.1100
0.3212 0.1547 0.1278 0.5112 0.1185 0.1697 0.4755 0.1118 0.2622 0.2620 0.1183 0.4325 0.1282 0.1443 0.5157 0.1138 0.2084 0.3908 0.1131 0.3393 0.1529 0.1282 0.5126 0.1182 0.1709 0.4730 0.1118 0.2653 0.2548 0.1187 0.4378 0.1274 0.1455 0.5143 0.1136 0.2116 0.3825 0.1134 0.3474 0.1486 0.1297 0.5166 0.1174 0.1758 0.4621 0.1104 0.3254 0.1091 0.5071 0.1509 0.1245 0.4593 0.1204 0.2264 0.2777 0.1117 0.4624 0.1758 0.1174 0.5166 0.1297 0.1486 0.3474 0.1134 0.3825 0.2116 0.1136 0.5143 0.1455 0.1274 0.4378 0.1187 0.2548 0.2653 0.1118 0.4730 0.1709 0.1182 0.5126 0.1282 0.1529 0.3393 0.1131 0.3908 0.2084 0.1138 0.5157 0.1443 0.1282 0.4325 0.1183 0.2623 0.2621 0.1118 0.4755 0.1697 0.1185 0.5112 0.1278 0.1547 0.3212
0.1551 0.1279 0.5117 0.1184 0.1701 0.4747 0.1118 0.2631 0.2600 0.1184 0.4339 0.1280 0.1446 0.5154 0.1137 0.2090 0.3895 0.1131 0.3403 0.1524 0.1284 0.5130 0.1182 0.1713 0.4722 0.1118 0.2660 0.2531 0.1188 0.4389 0.1272 0.1457 0.5141 0.1136 0.2117 0.3825 0.1134 0.3469 0.1489 0.1296 0.5163 0.1175 0.1754 0.4632 0.1118 0.2744 0.1538 0.2240 0.1129 0.5075 0.1506 0.1246 0.4582 0.1203 0.2281 0.2769 0.1117 0.4632 0.1754 0.1175 0.5163 0.1296 0.1489 0.3469 0.1134 0.3825 0.2117 0.1136 0.5141 0.1457 0.1272 0.4389 0.1188 0.2531 0.2660 0.1118 0.4722 0.1713 0.1182 0.5130 0.1284 0.1524 0.3403 0.1131 0.3895 0.2090 0.1137 0.5154 0.1446 0.1280 0.4339 0.1184 0.2602 0.2630 0.1118 0.4747 0.1701 0.1184 0.5118 0.1279 0.1551
0.1228 0.5123 0.1183 0.1706 0.4738 0.1118 0.2640 0.2580 0.1185 0.4354 0.1278 0.1449 0.5151 0.1137 0.2095 0.3883 0.1132 0.3413 0.1519 0.1285 0.5135 0.1181 0.1717 0.4715 0.1117 0.2668 0.2513 0.1189 0.4401 0.1271 0.1459 0.5139 0.1135 0.2121 0.3819 0.1134 0.3469 0.1491 0.1295 0.5160 0.1176 0.1751 0.4640 0.1117 0.2763 0.2349 0.1286 0.3547 0.2236 0.1129 0.5079 0.1503 0.1247 0.4571 0.1202 0.2297 0.2761 0.1117 0.4640 0.1751 0.1176 0.5160 0.1295 0.1491 0.3469 0.1134 0.3819 0.2121 0.1135 0.5139 0.1459 0.1271 0.4401 0.1189 0.2513 0.2668 0.1117 0.4715 0.1717 0.1181 0.5135 0.1285 0.1519 0.3413 0.1132 0.3883 0.2095 0.1137 0.5151 0.1449 0.1278 0.4355 0.1185 0.2580 0.2640 0.1118 0.4738 0.1706 0.1183 0.5123 0.1228
0.4941 0.1187 0.1710 0.4729 0.1118 0.2649 0.2559 0.1186 0.4368 0.1276 0.1452 0.5148 0.1137 0.2101 0.3870 0.1132 0.3423 0.1514 0.1286 0.5139 0.1180 0.1721 0.4708 0.1117 0.2676 0.2496 0.1190 0.4412 0.1269 0.1462 0.5136 0.1135 0.2127 0.3807 0.1134 0.3474 0.1489 0.1295 0.5159 0.1176 0.1748 0.4647 0.1117 0.2753 0.2308 0.1196 0.5052 0.1131 0.3544 0.2229 0.1129 0.5083 0.1501 0.1249 0.4559 0.1201 0.2314 0.2753 0.1117 0.4647 0.1748 0.1176 0.5159 0.1295 0.1489 0.3474 0.1134 0.3807 0.2127 0.1135 0.5136 0.1462 0.1269 0.4412 0.1190 0.2496 0.2676 0.1117 0.4708 0.1721 0.1180 0.5139 0.1286 0.1514 0.3423 0.1132 0.3869 0.2101 0.1137 0.5148 0.1452 0.1276 0.4369 0.1186 0.2559 0.2649 0.1118 0.4730 0.1710 0.1187 0.4941
0.1216 0.1715 0.4720 0.1118 0.2659 0.2537 0.1187 0.4384 0.1274 0.1455 0.5144 0.1136 0.2108 0.3854 0.1133 0.3434 0.1509 0.1288 0.5142 0.1180 0.1724 0.4700 0.1117 0.2683 0.2479 0.1190 0.4424 0.1268 0.1464 0.5133 0.1134 0.2132 0.3794 0.1134 0.3484 0.1486 0.1296 0.5160 0.1176 0.1747 0.4651 0.1117 0.2746 0.2330 0.1200 0.4511 0.1091 0.3671 0.1144 0.3558 0.2224 0.1130 0.5086 0.1498 0.1250 0.4548 0.1200 0.2330 0.2746 0.1117 0.4651 0.1747 0.1176 0.5160 0.1296 0.1486 0.3484 0.1134 0.3794 0.2132 0.1134 0.5133 0.1464 0.1268 0.4424 0.1190 0.2479 0.2683 0.1117 0.4700 0.1724 0.1180 0.5142 0.1288 0.1509 0.3434 0.1133 0.3854 0.2108 0.1136 0.5144 0.1455 0.1273 0.4384 0.1187 0.2537 0.2659 0.1118 0.4721 0.1714 0.1216
0.1651 0.4712 0.1118 0.2668 0.2516 0.1189 0.4398 0.1272 0.1458 0.5141 0.1136 0.2115 0.3838 0.1133 0.3445 0.1504 0.1289 0.5146 0.1179 0.1728 0.4693 0.1117 0.2691 0.2462 0.1191 0.4435 0.1266 0.1467 0.5130 0.1134 0.2138 0.3781 0.1135 0.3494 0.1482 0.1297 0.5163 0.1176 0.1748 0.4651 0.1117 0.2742 0.2342 0.1199 0.4542 0.1241 0.1676 0.1385 0.3646 0.1137 0.3600 0.2209 0.1131 0.5090 0.1498 0.1225 0.4530 0.1199 0.2342 0.2742 0.1117 0.4651 0.1748 0.1176 0.5163 0.1297 0.1482 0.3494 0.1135 0.3781 0.2138 0.1134 0.5130 0.1467 0.1266 0.4435 0.1191 0.2462 0.2691 0.1117 0.4693 0.1728 0.1179 0.5146 0.1289 0.1504 0.3445 0.1133 0.3838 0.2115 0.1136 0.5141 0.1458 0.1271 0.4398 0.1189 0.2516 0.2668 0.1118 0.4712 0.1650
0.4462 0.1124 0.2678 0.2495 0.1190 0.4412 0.1270 0.1461 0.5138 0.1135 0.2121 0.3822 0.1134 0.3457 0.1499 0.1291 0.5150 0.1178 0.1732 0.4685 0.1117 0.2699 0.2445 0.1192 0.4447 0.1265 0.1470 0.5127 0.1134 0.2143 0.3767 0.1135 0.3504 0.1477 0.1299 0.5166 0.1175 0.1751 0.4647 0.1117 0.2742 0.2347 0.1199 0.4524 0.1258 0.1495 0.4817 0.1355 0.1302 0.3927 0.1136 0.3611 0.2205 0.1142 0.4815 0.1824 0.1187 0.4521 0.1202 0.2346 0.2742 0.1117 0.4647 0.1751 0.1175 0.5166 0.1299 0.1477 0.3504 0.1135 0.3767 0.2143 0.1134 0.5127 0.1470 0.1265 0.4447 0.1192 0.2445 0.2699 0.1117 0.4685 0.1732 0.1178 0.5150 0.1291 0.1499 0.3457 0.1134 0.3823 0.2121 0.1135 0.5137 0.1461 0.1270 0.4412 0.1190 0.2493 0.2678 0.1124 0.4463
0.1104 0.2688 0.2473 0.1191 0.4426 0.1268 0.1464 0.5134 0.1135 0.2128 0.3806 0.1134 0.3470 0.1493 0.1293 0.5154 0.1178 0.1736 0.4677 0.1117 0.2707 0.2428 0.1193 0.4458 0.1263 0.1472 0.5124 0.1133 0.2149 0.3754 0.1136 0.3515 0.1473 0.1300 0.5168 0.1174 0.1754 0.4640 0.1117 0.2746 0.2343 0.1199 0.4516 0.1268 0.1426 0.4766 0.1091 0.4885 0.1927 0.1117 0.4846 0.1218 0.2310 0.2328 0.1291 0.1506 0.1968 0.1140 0.4047 0.1205 0.2342 0.2746 0.1117 0.4640 0.1754 0.1174 0.5168 0.1300 0.1473 0.3515 0.1136 0.3754 0.2149 0.1133 0.5124 0.1472 0.1263 0.4458 0.1193 0.2428 0.2707 0.1117 0.4677 0.1736 0.1178 0.5154 0.1293 0.1493 0.3470 0.1134 0.3808 0.2127 0.1135 0.5134 0.1464 0.1268 0.4426 0.1191 0.2472 0.2688 0.1104
0.2578 0.2451 0.1192 0.4440 0.1266 0.1467 0.5130 0.1134 0.2135 0.3790 0.1135 0.3483 0.1487 0.1295 0.5158 0.1177 0.1740 0.4670 0.1117 0.2715 0.2411 0.1194 0.4469 0.1261 0.1475 0.5120 0.1133 0.2155 0.3740 0.1136 0.3525 0.1469 0.1302 0.5171 0.1174 0.1758 0.4632 0.1117 0.2753 0.2330 0.1199 0.4526 0.1262 0.1520 0.2892 0.1466 0.3607 0.3062 0.3937 0.2120 0.0975 0.2751 0.2129 0.3961 0.2285 0.3233 0.1247 0.2357 0.3958 0.4047 0.1202 0.2330 0.2753 0.1117 0.4632 0.1758 0.1174 0.5171 0.1302 0.1469 0.3525 0.1136 0.3740 0.2155 0.1133 0.5120 0.1475 0.1261 0.4469 0.1194 0.2411 0.2715 0.1117 0.4670 0.1740 0.1177 0.5158 0.1295 0.1487 0.3483 0.1135 0.3792 0.2134 0.1135 0.5130 0.1467 0.1266 0.4440 0.1192 0.2451 0.2578
0.2168 0.1196 0.4454 0.1264 0.1470 0.5126 0.1134 0.2141 0.3775 0.1135 0.3496 0.1482 0.1297 0.5162 0.1176 0.1744 0.4661 0.1117 0.2723 0.2395 0.1195 0.4481 0.1260 0.1477 0.5117 0.1133 0.2160 0.3727 0.1137 0.3536 0.1465 0.1303 0.5174 0.1173 0.1762 0.4624 0.1117 0.2761 0.2314 0.1200 0.4540 0.1252 0.1526 0.3550 0.2361 0.4505 0.1668 0.2904 0.2868 0.4366 0.1586 0.3771 0.3272 0.4110 0.1465 0.3645 0.5147 0.1093 0.4490 0.1082 0.4533 0.1200 0.2314 0.2761 0.1117 0.4624 0.1762 0.1173 0.5174 0.1303 0.1465 0.3536 0.1137 0.3727 0.2160 0.1133 0.5117 0.1477 0.1260 0.4481 0.1195 0.2395 0.2723 0.1117 0.4661 0.1745 0.1176 0.5162 0.1297 0.1482 0.3496 0.1135 0.3776 0.2141 0.1134 0.5126 0.1470 0.1264 0.4455 0.1196 0.2168
0.1146 0.4468 0.1262 0.1473 0.5123 0.1134 0.2148 0.3759 0.1136 0.3509 0.1476 0.1299 0.5165 0.1175 0.1749 0.4652 0.1117 0.2731 0.2378 0.1196 0.4492 0.1259 0.1480 0.5114 0.1132 0.2166 0.3713 0.1137 0.3547 0.1461 0.1305 0.5176 0.1172 0.1766 0.4616 0.1117 0.2769 0.2297 0.1201 0.4549 0.1253 0.1493 0.4723 0.4587 0.3533 0.1787 0.2104 0.2017 0.4287 0.0817 0.3393 0.1732 0.2298 0.0742 0.4141 0.1597 0.1499 0.1581 0.1253 0.1942 0.1216 0.4549 0.1201 0.2297 0.2769 0.1117 0.4616 0.1766 0.1172 0.5176 0.1305 0.1461 0.3547 0.1137 0.3713 0.2166 0.1132 0.5114 0.1480 0.1259 0.4492 0.1196 0.2378 0.2731 0.1118 0.4651 0.1750 0.1175 0.5165 0.1299 0.1476 0.3510 0.1136 0.3759 0.2148 0.1134 0.5123 0.1473 0.1262 0.4469 0.1146
0.4284 0.1264 0.1477 0.5119 0.1133 0.2155 0.3742 0.1136 0.3522 0.1471 0.1301 0.5169 0.1174 0.1754 0.4642 0.1117 0.2741 0.2359 0.1197 0.4503 0.1257 0.1482 0.5111 0.1132 0.2172 0.3699 0.1138 0.3557 0.1457 0.1307 0.5179 0.1172 0.1770 0.4608 0.1117 0.2777 0.2281 0.1202 0.4559 0.1251 0.1489 0.5081 0.1116 0.2448 0.2946 0.4653 0.2572 0.1221 0.2396 0.3494 0.0921 0.1971 0.3259 0.4184 0.2500 0.3203 0.1196 0.2319 0.1359 0.4536 0.1493 0.1251 0.4559 0.1202 0.2281 0.2777 0.1117 0.4608 0.1770 0.1172 0.5179 0.1307 0.1457 0.3557 0.1138 0.3699 0.2172 0.1132 0.5111 0.1482 0.1257 0.4503 0.1197 0.2361 0.2739 0.1118 0.4641 0.1754 0.1174 0.5169 0.1301 0.1471 0.3523 0.1136 0.3742 0.2155 0.1133 0.5119 0.1476 0.1264 0.4284
0.1309 0.1480 0.5115 0.1133 0.2162 0.3725 0.1137 0.3535 0.1466 0.1303 0.5172 0.1173 0.1759 0.4632 0.1117 0.2750 0.2340 0.1198 0.4515 0.1256 0.1485 0.5107 0.1132 0.2177 0.3686 0.1138 0.3568 0.1453 0.1308 0.5181 0.1171 0.1774 0.4600 0.1117 0.2785 0.2264 0.1203 0.4570 0.1249 0.1498 0.5099 0.1083 0.3268 0.0830 0.2754 0.2952 0.4560 0.1287 0.2773 0.3884 0.1276 0.1492 0.4228 0.0940 0.1262 0.3943 0.3156 0.1802 0.5686 0.1059 0.5099 0.1498 0.1249 0.4571 0.1203 0.2264 0.2785 0.1117 0.4600 0.1774 0.1171 0.5181 0.1308 0.1453 0.3568 0.1138 0.3686 0.2177 0.1132 0.5107 0.1485 0.1256 0.4515 0.1198 0.2342 0.2749 0.1118 0.4631 0.1759 0.1174 0.5172 0.1303 0.1466 0.3536 0.1137 0.3725 0.2162 0.1133 0.5115 0.1479 0.1309
0.1425 0.5110 0.1133 0.2170 0.3705 0.1138 0.3551 0.1460 0.1305 0.5176 0.1174 0.1765 0.4619 0.1118 0.2762 0.2314 0.1200 0.4531 0.1255 0.1488 0.5103 0.1132 0.2185 0.3667 0.1139 0.3582 0.1448 0.1310 0.5184 0.1171 0.1779 0.4589 0.1118 0.2796 0.2242 0.1204 0.4585 0.1248 0.1501 0.5085 0.1126 0.2318 0.1278 0.5282 0.2024 0.5472 0.2945 0.5132 0.4453 0.4965 0.3700 0.1648 0.4258 0.1465 0.2122 0.0986 0.1567 0.4875 0.1180 0.4278 0.1068 0.5089 0.1501 0.1247 0.4582 0.1204 0.2248 0.2793 0.1117 0.4591 0.1778 0.1171 0.5184 0.1310 0.1449 0.3578 0.1139 0.3672 0.2183 0.1131 0.5104 0.1488 0.1254 0.4528 0.1199 0.2322 0.2759 0.1118 0.4622 0.1764 0.1173 0.5176 0.1305 0.1460 0.3549 0.1137 0.3708 0.2169 0.1132 0.5111 0.1424
0.4912 0.1111 0.2165 0.3735 0.1124 0.3524 0.1448 0.1305 0.5170 0.1147 0.1761 0.4640 0.1097 0.2743 0.2351 0.1196 0.4502 0.1232 0.1486 0.5112 0.1106 0.2175 0.3705 0.1126 0.3552 0.1436 0.1310 0.5178 0.1145 0.1774 0.4612 0.1097 0.2775 0.2281 0.1200 0.4554 0.1225 0.1499 0.5096 0.1105 0.2201 0.3550 0.1249 0.1182 0.3312 0.1299 0.0671 0.0930 0.4718 0.0918 0.1514 0.1853 0.2263 0.1188 0.4924 0.1414 0.2447 0.2255 0.1699 0.1448 0.2247 0.1128 0.5083 0.1503 0.1246 0.4593 0.1205 0.2231 0.2802 0.1118 0.4583 0.1782 0.1170 0.5186 0.1312 0.1445 0.3589 0.1139 0.3658 0.2189 0.1131 0.5100 0.1491 0.1252 0.4542 0.1200 0.2301 0.2769 0.1118 0.4612 0.1769 0.1172 0.5179 0.1307 0.1456 0.3563 0.1138 0.3691 0.2176 0.1138 0.4908
0.1060 0.2812 0.2212 0.1215 0.4563 0.1143 0.1519 0.5097 0.1055 0.2202 0.3641 0.1128 0.3597 0.1348 0.1342 0.5187 0.1068 0.1796 0.4587 0.1077 0.2799 0.2205 0.1217 0.4586 0.1140 0.1526 0.5086 0.1056 0.2220 0.3593 0.1131 0.3636 0.1333 0.1349 0.5195 0.1066 0.1814 0.4546 0.1079 0.2839 0.2129 0.1226 0.5070 0.3163 0.2092 0.4262 0.0848 0.4478 0.2624 0.1623 0.2016 0.0999 0.1183 0.3535 0.1537 0.5750 0.1139 0.2354 0.5535 0.1415 0.3448 0.2221 0.1129 0.5079 0.1506 0.1245 0.4604 0.1206 0.2215 0.2810 0.1118 0.4575 0.1786 0.1169 0.5188 0.1313 0.1441 0.3600 0.1140 0.3644 0.2195 0.1131 0.5096 0.1494 0.1251 0.4556 0.1202 0.2280 0.2779 0.1118 0.4603 0.1773 0.1171 0.5182 0.1309 0.1451 0.3576 0.1139 0.3674 0.2183 0.1137
0.4912 0.1111 0.2165 0.3735 0.1124 0.3522 0.1449 0.1304 0.5169 0.1147 0.1761 0.4641 0.1097 0.2743 0.2351 0.1196 0.4502 0.1232 0.1486 0.5113 0.1106 0.2174 0.3708 0.1126 0.3552 0.1437 0.1309 0.5177 0.1145 0.1774 0.4612 0.1097 0.2773 0.2284 0.1200 0.4552 0.1225 0.1499 0.5096 0.1105 0.2199 0.3676 0.1215 0.1360 0.3901 0.1918 0.4593 0.1604 0.0502 0.2123 0.3933 0.2219 0.1613 0.5213 0.1949 0.2772 0.2632 0.1192 0.3283 0.4432 0.1248 0.3581 0.2228 0.1129 0.5075 0.1509 0.1243 0.4615 0.1207 0.2199 0.2818 0.1118 0.4566 0.1790 0.1169 0.5190 0.1315 0.1438 0.3610 0.1140 0.3630 0.2201 0.1130 0.5092 0.1497 0.1249 0.4571 0.1203 0.2259 0.2789 0.1118 0.4593 0.1778 0.1171 0.5184 0.1311 0.1446 0.3589 0.1139 0.3655 0.2099
0.1425 0.5110 0.1133 0.2170 0.3705 0.1138 0.3550 0.1461 0.1305 0.5176 0.1174 0.1764 0.4620 0.1118 0.2762 0.2315 0.1200 0.4531 0.1255 0.1488 0.5103 0.1132 0.2184 0.3669 0.1139 0.3582 0.1449 0.1310 0.5184 0.1171 0.1779 0.4589 0.1118 0.2795 0.2245 0.1204 0.4584 0.1248 0.1501 0.5085 0.1132 0.2208 0.1572 0.4576 0.0991 0.1470 0.5545 0.1272 0.5445 0.2349 0.1488 0.3952 0.3380 0.2599 0.0729 0.2159 0.1139 0.1904 0.3875 0.1564 0.5138 0.1147 0.3561 0.2235 0.1129 0.5071 0.1512 0.1242 0.4626 0.1208 0.2182 0.2827 0.1118 0.4557 0.1794 0.1169 0.5192 0.1317 0.1434 0.3623 0.1141 0.3612 0.2208 0.1130 0.5087 0.1501 0.1247 0.4586 0.1204 0.2236 0.2801 0.1118 0.4581 0.1784 0.1170 0.5187 0.1313 0.1442 0.3601 0.1145 0.3331
0.1309 0.1479 0.5115 0.1133 0.2162 0.3725 0.1137 0.3533 0.1467 0.1302 0.5172 0.1174 0.1759 0.4633 0.1117 0.2749 0.2341 0.1198 0.4515 0.1256 0.1485 0.5108 0.1132 0.2176 0.3688 0.1138 0.3568 0.1453 0.1308 0.5181 0.1171 0.1774 0.4600 0.1117 0.2784 0.2267 0.1203 0.4568 0.1249 0.1498 0.5090 0.1133 0.2123 0.2412 0.0860 0.2329 0.1308 0.5520 0.0991 0.1139 0.5131 0.0618 0.1334 0.2688 0.2319 0.1022 0.1194 0.2309 0.5402 0.1501 0.1325 0.3776 0.1129 0.3549 0.2240 0.1091 0.5073 0.1519 0.1201 0.4622 0.1209 0.2174 0.2825 0.1090 0.4560 0.1803 0.1126 0.5191 0.1323 0.1399 0.3620 0.1128 0.3612 0.2215 0.1092 0.5087 0.1509 0.1206 0.4585 0.1205 0.2224 0.2801 0.1090 0.4582 0.1793 0.1128 0.5188 0.1320 0.1402 0.3621 0.1093
0.4282 0.1264 0.1476 0.5119 0.1133 0.2155 0.3741 0.1136 0.3520 0.1472 0.1300 0.5168 0.1174 0.1754 0.4642 0.1117 0.2739 0.2362 0.1197 0.4503 0.1257 0.1482 0.5111 0.1132 0.2171 0.3702 0.1138 0.3557 0.1457 0.1306 0.5179 0.1172 0.1770 0.4608 0.1118 0.2776 0.2283 0.1202 0.4558 0.1250 0.1496 0.5085 0.1171 0.1628 0.3465 0.2034 0.1814 0.3771 0.1907 0.3395 0.4728 0.2581 0.3101 0.3375 0.4794 0.2117 0.1641 0.5097 0.1539 0.4201 0.1732 0.1086 0.5052 0.1286 0.1540 0.3253 0.1104 0.4079 0.2020 0.1058 0.5188 0.1437 0.1208 0.4158 0.1173 0.2859 0.2516 0.1065 0.4857 0.1661 0.1095 0.5021 0.1279 0.1577 0.3211 0.1101 0.4126 0.2001 0.1058 0.5194 0.1430 0.1215 0.4122 0.1170 0.2903 0.2499 0.1064 0.4866 0.1660 0.1098 0.4871
0.1146 0.4467 0.1262 0.1473 0.5123 0.1133 0.2148 0.3758 0.1136 0.3507 0.1477 0.1298 0.5165 0.1175 0.1749 0.4652 0.1118 0.2730 0.2380 0.1196 0.4492 0.1259 0.1479 0.5115 0.1132 0.2165 0.3715 0.1137 0.3547 0.1461 0.1305 0.5176 0.1172 0.1766 0.4616 0.1117 0.2768 0.2300 0.1201 0.4546 0.1251 0.1492 0.4699 0.3007 0.1868 0.3781 0.1716 0.1357 0.3185 0.2645 0.1611 0.1302 0.2008 0.1625 0.3172 0.4472 0.1205 0.1836 0.1444 0.1527 0.1234 0.4508 0.1195 0.2351 0.2743 0.1104 0.4643 0.1757 0.1159 0.5167 0.1301 0.1462 0.3511 0.1127 0.3760 0.2150 0.1118 0.5125 0.1474 0.1249 0.4454 0.1190 0.2433 0.2705 0.1104 0.4679 0.1739 0.1161 0.5154 0.1295 0.1480 0.3472 0.1125 0.3802 0.2133 0.1119 0.5133 0.1468 0.1252 0.4432 0.1142
