-26.6499 -48.0424 23.9642 -33.1546 -41.3721 -19.0941 -39.3784 10.2450 -25.5086 -45.7421 30.5127 -30.7671 -48.5109 -12.4968 -36.8407 -3.8422 -23.5156 -42.9799 22.1414 -28.3958 -48.5035 12.0330 -33.8877 -34.8741 -20.4781 -40.2489 13.3150 -26.1960 -46.6035 31.6735 -31.5782 -47.4699 -15.3636 -37.7173 2.4417 -24.2112 -43.9133 25.1837 -29.1802 -48.7160 -0.6043 -34.6880 -25.1593 -21.6561 -41.1539 16.0179 -31.6757 7.2424 -38.5319 -17.4607 -45.2493 -32.3880 30.1423 -47.3923 -26.9078 16.2610 -41.1472 -21.6578 -25.2166 -34.6830 -0.6615 -48.7148 -29.1793 25.1845 -43.9128 -24.2114 2.4481 -37.7171 -15.3641 -47.4624 -31.5833 31.6743 -46.6033 -26.1956 13.3313 -40.2498 -20.4780 -34.8813 -33.8872 12.0363 -48.5035 -28.3947 22.1575 -42.9807 -23.5166 -3.8494 -36.8402 -12.4959 -48.5109 -30.7654 30.5224 -45.7426 -25.5095 10.2452 -39.3784 -19.0941 -41.3721 -33.1546 23.9642 -48.0424 -26.6499
-48.0424 32.6394 -32.8968 -40.2238 -19.8050 -38.7359 10.3043 -26.9021 -45.7384 31.1519 -31.1695 -48.3445 -9.9368 -35.8635 -2.7094 -25.2392 -42.7315 21.8032 -29.2721 -48.7231 25.5075 -33.3257 -33.1982 -21.6266 -39.7108 13.2257 -27.4640 -46.6684 33.7112 -31.7878 -47.0935 -14.4911 -36.8541 3.0240 -25.8552 -43.7505 24.8905 -29.9126 -48.9013 11.5608 -33.7772 -22.9497 -23.1159 -40.7078 16.0814 -28.3885 -48.5818 -27.2287 7.0559 -37.7866 -17.5550 -44.5637 -32.3779 34.7917 -47.5156 -28.0501 16.0537 -40.7117 -23.1131 -23.0199 -33.7673 11.5108 -48.9002 -29.9097 24.8905 -43.7506 -25.8566 3.0234 -36.8541 -14.5030 -47.0826 -31.7936 33.7107 -46.6684 -27.4632 13.2370 -39.7117 -21.6250 -33.1977 -33.3252 25.5074 -48.7231 -29.2702 21.8151 -42.7324 -25.2380 -2.7090 -35.8630 -9.9368 -48.3444 -31.1660 31.1616 -45.7388 -26.9021 10.3043 -38.7359 -19.8050 -40.2238 -32.8968 32.6394 -48.0424
23.9642 -32.8968 -40.3318 -19.7487 -38.6999 10.1823 -26.8950 -45.6931 31.0208 -31.3435 -48.3795 -9.6309 -35.8116 -3.0615 -25.1905 -42.6840 21.6647 -29.3486 -48.7054 26.0974 -33.7054 -33.6178 -21.5495 -39.6649 13.0945 -27.4732 -46.6241 33.6190 -32.0024 -47.1762 -14.3069 -36.8088 2.8049 -25.8113 -43.6996 24.7343 -30.0184 -48.9028 12.3766 -34.0798 -23.5123 -23.0556 -40.6583 15.9141 -28.0732 -47.1477 25.5486 -44.2751 -26.3402 6.8974 -37.7400 -17.4287 -44.7285 -32.6372 34.8149 -47.4761 -28.0798 15.9228 -40.6623 -23.0499 -23.5502 -34.0779 12.4182 -48.9027 -30.0156 24.7360 -43.7027 -25.8129 2.8049 -36.8091 -14.3290 -47.1700 -32.0040 33.6189 -46.6239 -27.4732 13.0955 -39.6624 -21.5487 -33.6180 -33.7054 26.0976 -48.7052 -29.3482 21.6658 -42.6814 -25.1891 -3.0616 -35.8116 -9.6308 -48.3797 -31.3419 31.0209 -45.6931 -26.8950 10.1823 -38.6999 -19.7487 -40.3318 -32.8968 23.9642
-33.1546 -40.2238 -19.7487 -38.6862 10.1081 -26.8778 -45.6544 30.8925 -31.3192 -48.4108 -9.3663 -35.7572 -3.4065 -25.1507 -42.6330 21.5223 -29.3152 -48.6857 26.6043 -33.6874 -34.0126 -21.4665 -39.6160 12.9603 -27.4432 -46.5782 33.5133 -31.9719 -47.2613 -14.1312 -36.7629 2.5662 -25.7857 -43.6485 24.5766 -29.9858 -48.9029 13.1615 -34.0645 -24.0804 -22.9879 -40.6079 15.7741 -28.0551 -47.4603 34.8627 -35.0352 27.7284 -44.6675 -26.3142 6.7177 -37.6955 -17.2945 -44.8882 -32.6064 34.8099 -47.4360 -28.0491 15.7836 -40.6117 -22.9856 -24.0780 -34.0703 13.2176 -48.9028 -29.9821 24.5878 -43.6519 -25.7874 2.5674 -36.7631 -14.1427 -47.2613 -31.9715 33.5125 -46.5788 -27.4452 12.9516 -39.6127 -21.4657 -34.0124 -33.6872 26.6067 -48.6862 -29.3181 21.5143 -42.6298 -25.1495 -3.4088 -35.7575 -9.3657 -48.4110 -31.3191 30.8925 -45.6544 -26.8778 10.1081 -38.6862 -19.7487 -40.2238 -33.1546
-41.3721 -19.8050 -38.6999 10.1081 -26.8719 -45.6351 30.8032 -31.2953 -48.4377 -9.1171 -35.7064 -3.7616 -25.1128 -42.5821 21.3727 -29.2866 -48.6665 27.0873 -33.6648 -34.4224 -21.3868 -39.5669 12.8186 -27.4140 -46.5327 33.4031 -31.9415 -47.3424 -13.9419 -36.7172 2.3246 -25.7604 -43.5976 24.4210 -29.9512 -48.9017 13.9423 -34.0492 -24.6407 -22.9205 -40.5585 15.6332 -28.0249 -47.4009 34.7958 -33.0618 -33.0572 -31.9854 27.6196 -44.6145 -26.2875 6.5476 -37.6486 -17.1606 -45.0433 -32.5756 34.7975 -47.3966 -28.0200 15.6436 -40.5616 -22.9209 -24.6073 -34.0566 13.9975 -48.9018 -29.9487 24.4314 -43.6016 -25.7629 2.3256 -36.7200 -13.9420 -47.3433 -31.9394 33.4040 -46.5366 -27.4178 12.8089 -39.5632 -21.3862 -34.4245 -33.6621 27.0854 -48.6675 -29.2893 21.3656 -42.5812 -25.1119 -3.7617 -35.7064 -9.1168 -48.4377 -31.2953 30.8032 -45.6351 -26.8719 10.1081 -38.6999 -19.8050 -41.3721
-19.0941 -38.7359 10.1823 -26.8778 -45.6351 30.7733 -31.2820 -48.4569 -8.8909 -35.6620 -4.0925 -25.0770 -42.5373 21.2334 -29.2623 -48.6486 27.5030 -33.6389 -34.8241 -21.3023 -39.5178 12.6757 -27.3860 -46.4882 33.2896 -31.9105 -47.4171 -13.7509 -36.6715 2.0770 -25.7362 -43.5474 24.2648 -29.9166 -48.8998 14.7262 -34.0332 -25.1960 -22.8522 -40.5119 15.4948 -27.9950 -47.3638 34.7804 -32.5081 -45.5946 -22.6085 -48.7609 -30.5794 27.4531 -44.5647 -26.2620 6.3640 -37.6017 -17.0247 -45.1955 -32.5431 34.7785 -47.3589 -27.9917 15.5035 -40.5116 -22.8549 -25.1618 -34.0412 14.7729 -48.8995 -29.9158 24.2769 -43.5536 -25.7381 2.0921 -36.6746 -13.7489 -47.4219 -31.9052 33.2986 -46.4943 -27.3902 12.6651 -39.5147 -21.3017 -34.8506 -33.6366 27.4993 -48.6490 -29.2625 21.2335 -42.5367 -25.0770 -4.0925 -35.6620 -8.8909 -48.4569 -31.2820 30.7733 -45.6351 -26.8778 10.1823 -38.7359 -19.0941
-39.3784 10.3043 -26.8950 -45.6544 30.8032 -31.2820 -48.4633 -8.7634 -35.6291 -4.3722 -25.0440 -42.4960 21.1127 -29.2369 -48.6315 27.8730 -33.6162 -35.1987 -21.2181 -39.4692 12.5325 -27.3586 -46.4457 33.1758 -31.8760 -47.4940 -13.5649 -36.6253 1.8245 -25.7122 -43.4999 24.1107 -29.8835 -48.8963 15.5345 -34.0208 -25.7483 -22.7830 -40.4653 15.3641 -27.9642 -47.3231 34.7570 -32.5063 -45.3192 -16.5271 -38.2225 1.8245 -48.7599 -30.5545 27.2953 -44.5183 -26.2369 6.1782 -37.5546 -16.8854 -45.3491 -32.5086 34.7546 -47.3209 -27.9635 15.3634 -40.4614 -22.7852 -25.7075 -34.0245 15.5440 -48.8963 -29.8818 24.1298 -43.5030 -25.7128 1.8415 -36.6289 -13.5528 -47.4987 -31.8710 33.1907 -46.4512 -27.3613 12.5235 -39.4689 -21.2164 -35.2202 -33.6161 27.8730 -48.6315 -29.2369 21.1127 -42.4960 -25.0440 -4.3722 -35.6291 -8.7634 -48.4633 -31.2820 30.8032 -45.6544 -26.8950 10.3043 -39.3784
10.2450 -26.9021 -45.6931 30.8925 -31.2953 -48.4569 -8.7634 -35.6179 -4.5294 -25.0194 -42.4592 20.9958 -29.2109 -48.6140 28.2274 -33.5969 -35.5342 -21.1422 -39.4258 12.3975 -27.3319 -46.4026 33.0652 -31.8421 -47.5721 -13.3626 -36.5793 1.5656 -25.6876 -43.4524 23.9654 -29.8495 -48.8919 16.2994 -34.0066 -26.2844 -22.7123 -40.4181 15.2335 -27.9333 -47.2824 34.7267 -32.4739 -45.4928 -16.7658 -37.3961 12.8552 -34.5822 1.2307 -48.7577 -30.5171 27.1473 -44.4715 -26.2116 5.9893 -37.5084 -16.7387 -45.4920 -32.4758 34.7251 -47.2826 -27.9350 15.2225 -40.4120 -22.7157 -26.2567 -34.0056 16.2975 -48.8919 -29.8490 23.9751 -43.4524 -25.6879 1.5861 -36.5850 -13.3499 -47.5725 -31.8389 33.0792 -46.4049 -27.3325 12.3972 -39.4256 -21.1413 -35.5342 -33.5969 28.2274 -48.6140 -29.2109 20.9958 -42.4592 -25.0194 -4.5294 -35.6179 -8.7634 -48.4569 -31.2953 30.8925 -45.6931 -26.9021 10.2452
-25.5086 -45.7384 31.0208 -31.3192 -48.4377 -8.8909 -35.6291 -4.5294 -25.0109 -42.4388 20.9088 -29.1868 -48.5957 28.5705 -33.5780 -35.8380 -21.0717 -39.3858 12.2797 -27.3068 -46.3622 32.9585 -31.8151 -47.6386 -13.1553 -36.5354 1.3064 -25.6610 -43.4043 23.8206 -29.8155 -48.8865 17.0486 -33.9912 -26.7908 -22.6419 -40.3683 15.1012 -27.9024 -47.2411 34.6907 -32.4434 -45.6298 -16.5945 -37.4696 5.2663 -30.5871 -15.8436 -34.2797 1.9534 -48.7640 -30.4815 26.9982 -44.4241 -26.1854 5.8013 -37.4643 -16.5955 -45.6298 -32.4430 34.6903 -47.2436 -27.9054 15.0841 -40.3655 -22.6447 -26.8235 -33.9868 17.0467 -48.8867 -29.8175 23.8206 -43.4044 -25.6618 1.3391 -36.5383 -13.1541 -47.6386 -31.8119 32.9650 -46.3619 -27.3068 12.2796 -39.3858 -21.0717 -35.8380 -33.5780 28.5705 -48.5957 -29.1868 20.9088 -42.4388 -25.0109 -4.5294 -35.6291 -8.8909 -48.4377 -31.3191 31.0209 -45.7388 -25.5095
-45.7421 31.1519 -31.3435 -48.4108 -9.1171 -35.6620 -4.3722 -25.0194 -42.4388 20.8792 -29.1738 -48.5816 28.8698 -33.5567 -36.1367 -21.0016 -39.3467 12.1642 -27.2831 -46.3247 32.8588 -31.7902 -47.6943 -12.9721 -36.4935 1.0715 -25.6342 -43.3530 23.6741 -29.7833 -48.8787 17.7871 -33.9738 -27.3206 -22.5732 -40.3188 14.9613 -27.8718 -47.1994 34.6487 -32.4148 -45.7620 -16.4506 -37.4144 5.6477 -26.3076 -45.7883 -24.3039 -15.8093 -34.2434 2.6502 -48.7804 -30.4471 26.8476 -44.3741 -26.1589 5.6196 -37.4177 -16.4509 -45.7637 -32.4099 34.6502 -47.2023 -27.8746 14.9534 -40.3190 -22.5700 -27.3561 -33.9694 17.7758 -48.8804 -29.7849 23.6734 -43.3533 -25.6350 1.0871 -36.4938 -12.9721 -47.6943 -31.7886 32.8588 -46.3247 -27.2831 12.1642 -39.3467 -21.0016 -36.1367 -33.5567 28.8698 -48.5816 -29.1738 20.8792 -42.4388 -25.0194 -4.3722 -35.6620 -9.1168 -48.4110 -31.3419 31.1616 -45.7426
30.5127 -31.1695 -48.3795 -9.3663 -35.7064 -4.0925 -25.0440 -42.4592 20.9088 -29.1738 -48.5769 29.0323 -33.5402 -36.4014 -20.9320 -39.3076 12.0486 -27.2597 -46.2878 32.7588 -31.7641 -47.7473 -12.8010 -36.4545 0.8494 -25.6096 -43.3054 23.5270 -29.7551 -48.8717 18.4742 -33.9524 -27.8435 -22.5005 -40.2690 14.8221 -27.8417 -47.1573 34.6010 -32.3876 -45.8833 -16.3054 -37.3680 5.4102 -26.1285 -44.1211 33.5352 -41.1002 -23.8272 -16.4606 -34.2242 3.3238 -48.7984 -30.4140 26.6891 -44.3238 -26.1324 5.4247 -37.3711 -16.3038 -45.8941 -32.3794 34.6030 -47.1604 -27.8439 14.8227 -40.2720 -22.4972 -27.8780 -33.9485 18.4517 -48.8731 -29.7552 23.5272 -43.3054 -25.6098 0.8496 -36.4545 -12.8010 -47.7473 -31.7641 32.7588 -46.2878 -27.2597 12.0486 -39.3076 -20.9320 -36.4014 -33.5402 29.0323 -48.5769 -29.1738 20.9088 -42.4592 -25.0440 -4.0925 -35.7064 -9.3657 -48.3797 -31.1660 30.5224
-30.7671 -48.3445 -9.6309 -35.7572 -3.7616 -25.0770 -42.4960 20.9958 -29.1868 -48.5816 29.0323 -33.5354 -36.5466 -20.8797 -39.2725 11.9345 -27.2364 -46.2507 32.6573 -31.7380 -47.7987 -12.6269 -36.4157 0.6284 -25.5861 -43.2641 23.3934 -29.7299 -48.8658 19.0915 -33.9327 -28.3620 -22.4271 -40.2192 14.6819 -27.8129 -47.1157 34.5472 -32.3600 -46.0013 -16.1660 -37.3216 5.2139 -26.1059 -44.2861 26.1075 -33.8131 17.3668 -41.2271 -23.7640 -17.0731 -34.2139 4.0183 -48.8150 -30.3827 26.5297 -44.2734 -26.1059 5.2272 -37.3242 -16.1536 -46.0179 -32.3506 34.5502 -47.1183 -27.8132 14.6903 -40.2219 -22.4237 -28.3873 -33.9308 19.0831 -48.8658 -29.7299 23.3934 -43.2641 -25.5861 0.6284 -36.4157 -12.6269 -47.7987 -31.7380 32.6573 -46.2507 -27.2364 11.9345 -39.2725 -20.8797 -36.5466 -33.5354 29.0323 -48.5816 -29.1868 20.9958 -42.4960 -25.0770 -3.7617 -35.7575 -9.6308 -48.3444 -30.7654
-48.5109 -9.9368 -35.8116 -3.4065 -25.1128 -42.5373 21.1127 -29.2109 -48.5957 28.8698 -33.5402 -36.5466 -20.8618 -39.2529 11.8492 -27.2152 -46.2139 32.5543 -31.7118 -47.8485 -12.4496 -36.3765 0.4037 -25.5622 -43.2233 23.2702 -29.7044 -48.8584 19.6543 -33.9164 -28.8370 -22.3569 -40.1718 14.5423 -27.7855 -47.0761 34.4887 -32.3301 -46.1173 -16.0243 -37.2754 5.0138 -26.0792 -44.2217 26.4024 -30.7841 -47.6961 -29.5422 17.3643 -41.1743 -23.7024 -17.6619 -34.2046 4.7194 -48.8290 -30.3526 26.3705 -44.2229 -26.0794 5.0250 -37.2754 -16.0044 -46.1320 -32.3231 34.4920 -47.0764 -27.7848 14.5491 -40.1727 -22.3542 -28.8368 -33.9164 19.6543 -48.8584 -29.7044 23.2702 -43.2233 -25.5622 0.4037 -36.3765 -12.4496 -47.8485 -31.7118 32.5543 -46.2139 -27.2152 11.8492 -39.2529 -20.8618 -36.5466 -33.5402 28.8698 -48.5957 -29.2109 21.1127 -42.5367 -25.1119 -3.4088 -35.8116 -9.9368 -48.5109
-12.4968 -35.8635 -3.0615 -25.1507 -42.5821 21.2334 -29.2369 -48.6140 28.5705 -33.5567 -36.4014 -20.8797 -39.2529 11.8201 -27.2035 -46.1864 32.4603 -31.6846 -47.8966 -12.2689 -36.3370 0.1752 -25.5377 -43.1825 23.1472 -29.6780 -48.8504 20.2066 -33.9014 -29.2443 -22.2927 -40.1285 14.4180 -27.7600 -47.0383 34.4322 -32.2988 -46.2373 -15.8787 -37.2292 4.8117 -26.0531 -44.1721 26.2082 -30.3048 -48.7907 -12.8388 -47.2899 -28.3685 17.2162 -41.1270 -23.6416 -18.2489 -34.1912 5.3931 -48.8417 -30.3226 26.2112 -44.1721 -26.0531 4.8117 -37.2292 -15.8602 -46.2437 -32.2972 34.4324 -47.0385 -27.7597 14.4179 -40.1290 -22.2927 -29.2443 -33.9014 20.2066 -48.8504 -29.6780 23.1472 -43.1825 -25.5377 0.1752 -36.3370 -12.2689 -47.8966 -31.6846 32.4603 -46.1864 -27.2035 11.8201 -39.2529 -20.8797 -36.4014 -33.5567 28.5705 -48.6140 -29.2369 21.2335 -42.5812 -25.1495 -3.0616 -35.8630 -12.4959
-36.8407 -2.7094 -25.1905 -42.6330 21.3727 -29.2623 -48.6315 28.2274 -33.5780 -36.1367 -20.9320 -39.2725 11.8492 -27.2035 -46.1770 32.4077 -31.6638 -47.9386 -12.0879 -36.2971 -0.0572 -25.5127 -43.1418 23.0245 -29.6516 -48.8418 20.7490 -33.8861 -29.6406 -22.2324 -40.0888 14.3040 -27.7358 -47.0034 34.3765 -32.2711 -46.3454 -15.7303 -37.1883 4.6183 -26.0278 -44.1222 26.0512 -30.2927 -48.8846 8.3453 -36.0620 34.9714 -47.8086 -28.3417 17.0841 -41.0769 -23.5800 -18.8362 -34.1773 6.0782 -48.8532 -30.2920 26.0512 -44.1222 -26.0279 4.6182 -37.1884 -15.7218 -46.3454 -32.2711 34.3766 -47.0034 -27.7358 14.3040 -40.0888 -22.2324 -29.6406 -33.8861 20.7490 -48.8418 -29.6516 23.0245 -43.1418 -25.5127 -0.0572 -36.2971 -12.0879 -47.9386 -31.6638 32.4077 -46.1770 -27.2035 11.8492 -39.2725 -20.9320 -36.1367 -33.5780 28.2274 -48.6315 -29.2625 21.3656 -42.6298 -25.1891 -2.7090 -36.8402
-3.8422 -25.2392 -42.6840 21.5223 -29.2866 -48.6486 27.8730 -33.5969 -35.8380 -21.0016 -39.3076 11.9345 -27.2152 -46.1864 32.4077 -31.6573 -47.9614 -11.9507 -36.2609 -0.2899 -25.4872 -43.1010 22.9020 -29.6253 -48.8326 21.2813 -33.8706 -30.0318 -22.1716 -40.0491 14.1916 -27.7116 -46.9690 34.3190 -32.2454 -46.4367 -15.5928 -37.1508 4.4477 -26.0036 -44.0746 25.8939 -30.2585 -48.8609 6.5744 -34.4325 0.2846 -33.9617 34.6003 -47.7600 -28.3101 16.9440 -41.0263 -23.5178 -19.4236 -34.1648 6.7763 -48.8632 -30.2600 25.8931 -44.0749 -26.0036 4.4477 -37.1508 -15.5928 -46.4367 -32.2454 34.3190 -46.9690 -27.7116 14.1916 -40.0491 -22.1716 -30.0318 -33.8706 21.2813 -48.8326 -29.6253 22.9020 -43.1010 -25.4872 -0.2899 -36.2609 -11.9507 -47.9614 -31.6573 32.4077 -46.1864 -27.2152 11.9345 -39.3076 -21.0016 -35.8380 -33.5969 27.8730 -48.6490 -29.2893 21.5143 -42.6814 -25.2380 -3.8494
-23.5156 -42.7315 21.6647 -29.3152 -48.6665 27.5030 -33.6162 -35.5342 -21.0717 -39.3467 12.0486 -27.2364 -46.2139 32.4603 -31.6638 -47.9614 -11.9035 -36.2408 -0.4660 -25.4639 -43.0608 22.7798 -29.5989 -48.8228 21.8032 -33.8549 -30.4179 -22.1103 -40.0095 14.0791 -27.6875 -46.9344 34.2586 -32.2201 -46.5244 -15.4639 -37.1138 4.2785 -25.9814 -44.0301 25.7535 -30.2300 -48.8727 7.5198 -34.1379 -21.5028 -27.7912 -43.8182 -32.8084 34.6637 -47.7236 -28.2805 16.8024 -40.9759 -23.4577 -19.9711 -34.1578 7.4904 -48.8720 -30.2301 25.7536 -44.0301 -25.9814 4.2785 -37.1138 -15.4639 -46.5244 -32.2201 34.2586 -46.9344 -27.6875 14.0791 -40.0095 -22.1103 -30.4179 -33.8549 21.8032 -48.8228 -29.5989 22.7798 -43.0608 -25.4639 -0.4660 -36.2408 -11.9035 -47.9614 -31.6638 32.4603 -46.2139 -27.2364 12.0486 -39.3467 -21.0717 -35.5342 -33.6161 27.4993 -48.6675 -29.3181 21.6658 -42.7324 -23.5166
-42.9799 21.8032 -29.3486 -48.6857 27.0873 -33.6389 -35.1987 -21.1422 -39.3858 12.1642 -27.2597 -46.2507 32.5543 -31.6846 -47.9386 -11.9507 -36.2408 -0.5265 -25.4507 -43.0308 22.6699 -29.5723 -48.8124 22.3144 -33.8389 -30.7990 -22.0485 -39.9699 13.9666 -27.6634 -46.8996 34.1952 -32.1948 -46.6099 -15.3331 -37.0769 4.1076 -25.9605 -43.9890 25.6249 -30.2040 -48.8792 8.1742 -34.1609 -20.2940 -23.3592 -42.0997 -18.1476 -43.8059 -32.7878 34.7081 -47.6883 -28.2502 16.6609 -40.9261 -23.4015 -20.4497 -34.1549 8.1649 -48.8792 -30.2040 25.6249 -43.9890 -25.9605 4.1076 -37.0769 -15.3331 -46.6099 -32.1948 34.1952 -46.8996 -27.6634 13.9666 -39.9699 -22.0485 -30.7990 -33.8389 22.3144 -48.8124 -29.5723 22.6699 -43.0308 -25.4507 -0.5265 -36.2408 -11.9507 -47.9386 -31.6846 32.5543 -46.2507 -27.2597 12.1642 -39.3858 -21.1413 -35.2202 -33.6366 27.0854 -48.6862 -29.3482 21.8151 -42.9807
22.1414 -29.2721 -48.7054 26.6043 -33.6648 -34.8241 -21.2181 -39.4258 12.2797 -27.2831 -46.2878 32.6573 -31.7118 -47.8966 -12.0879 -36.2609 -0.4660 -25.4507 -43.0206 22.6089 -29.5522 -48.8018 22.8063 -33.8227 -31.1748 -21.9862 -39.9303 13.8539 -27.6394 -46.8647 34.1291 -32.1694 -46.6932 -15.2005 -37.0400 3.9345 -25.9397 -43.9485 25.4983 -30.1774 -48.8850 8.7921 -34.1487 -20.9257 -23.3606 -40.7400 22.8794 -37.8940 -17.9720 -44.0095 -32.7565 34.7431 -47.6521 -28.2223 16.5295 -40.8817 -23.3493 -20.9180 -34.1487 8.7921 -48.8850 -30.1774 25.4983 -43.9485 -25.9397 3.9345 -37.0400 -15.2005 -46.6932 -32.1694 34.1291 -46.8647 -27.6394 13.8539 -39.9303 -21.9862 -31.1748 -33.8227 22.8063 -48.8018 -29.5522 22.6089 -43.0206 -25.4507 -0.4660 -36.2609 -12.0879 -47.8966 -31.7118 32.6573 -46.2878 -27.2831 12.2796 -39.4256 -21.2164 -34.8506 -33.6621 26.6067 -48.7052 -29.2702 22.1575
-28.3958 -48.7231 26.0974 -33.6874 -34.4224 -21.3023 -39.4692 12.3975 -27.3068 -46.3247 32.7588 -31.7380 -47.8485 -12.2689 -36.2971 -0.2899 -25.4639 -43.0308 22.6089 -29.5456 -48.7961 23.1661 -33.8053 -31.5396 -21.9234 -39.8907 13.7411 -27.6154 -46.8296 34.0603 -32.1439 -46.7744 -15.0659 -37.0032 3.7592 -25.9190 -43.9080 25.3718 -30.1508 -48.8899 9.4141 -34.1386 -21.3839 -23.2974 -40.8540 16.0439 -32.3160 7.3198 -37.9004 -17.8426 -44.1769 -32.7324 34.7700 -47.6186 -28.1973 16.4154 -40.8409 -23.2977 -21.3839 -34.1386 9.4141 -48.8899 -30.1508 25.3718 -43.9080 -25.9190 3.7592 -37.0032 -15.0659 -46.7744 -32.1439 34.0603 -46.8296 -27.6154 13.7411 -39.8907 -21.9234 -31.5396 -33.8053 23.1661 -48.7961 -29.5456 22.6089 -43.0308 -25.4639 -0.2899 -36.2971 -12.2689 -47.8485 -31.7380 32.7588 -46.3247 -27.3068 12.3972 -39.4689 -21.3017 -34.4245 -33.6872 26.0976 -48.7231 -28.3947
-48.5035 25.5075 -33.7054 -34.0126 -21.3868 -39.5178 12.5325 -27.3319 -46.3622 32.8588 -31.7641 -47.7987 -12.4496 -36.3370 -0.0572 -25.4872 -43.0608 22.6699 -29.5522 -48.7961 23.2875 -33.7971 -31.8085 -21.8664 -39.8518 13.6282 -27.5914 -46.7944 33.9888 -32.1184 -46.8534 -14.9293 -36.9664 3.5817 -25.8983 -43.8674 25.2454 -30.1241 -48.8940 10.0393 -34.1282 -21.8480 -23.2456 -40.8001 16.3406 -28.4664 -48.5458 -27.2096 7.3368 -37.8548 -17.7334 -44.3192 -32.7101 34.7888 -47.5877 -28.1725 16.3031 -40.8007 -23.2456 -21.8480 -34.1282 10.0393 -48.8940 -30.1241 25.2454 -43.8674 -25.8983 3.5817 -36.9664 -14.9293 -46.8534 -32.1184 33.9888 -46.7944 -27.5914 13.6282 -39.8518 -21.8664 -31.8085 -33.7971 23.2875 -48.7961 -29.5522 22.6699 -43.0608 -25.4872 -0.0572 -36.3370 -12.4496 -47.7987 -31.7641 32.8588 -46.3619 -27.3325 12.5235 -39.5147 -21.3862 -34.0124 -33.7054 25.5074 -48.5035
12.0330 -33.3257 -33.6178 -21.4665 -39.5669 12.6757 -27.3586 -46.4026 32.9585 -31.7902 -47.7473 -12.6269 -36.3765 0.1752 -25.5127 -43.1010 22.7798 -29.5723 -48.8018 23.1661 -33.7971 -31.8994 -21.8347 -39.8229 13.5264 -27.5676 -46.7591 33.9149 -32.0928 -46.9304 -14.7907 -36.9296 3.4018 -25.8776 -43.8269 25.1192 -30.0975 -48.8973 10.6667 -34.1175 -22.3102 -23.1930 -40.7606 16.1891 -28.1373 -47.2261 25.3280 -44.3164 -26.3819 7.1742 -37.8165 -17.6315 -44.4562 -32.6861 34.8020 -47.5566 -28.1477 16.1909 -40.7606 -23.1930 -22.3102 -34.1175 10.6667 -48.8973 -30.0975 25.1192 -43.8269 -25.8776 3.4018 -36.9296 -14.7907 -46.9304 -32.0928 33.9149 -46.7591 -27.5676 13.5264 -39.8229 -21.8347 -31.8994 -33.7971 23.1661 -48.8018 -29.5723 22.7798 -43.1010 -25.5127 0.1752 -36.3765 -12.6269 -47.7473 -31.7886 32.9650 -46.4049 -27.3613 12.6651 -39.5632 -21.4657 -33.6180 -33.3252 12.0363
-33.8877 -33.1982 -21.5495 -39.6160 12.8186 -27.3860 -46.4457 33.0652 -31.8151 -47.6943 -12.8010 -36.4157 0.4037 -25.5377 -43.1418 22.9020 -29.5989 -48.8124 22.8063 -33.8053 -31.8085 -21.8347 -39.8130 13.4699 -27.5499 -46.7269 33.8396 -32.0672 -47.0053 -14.6500 -36.8929 3.2194 -25.8570 -43.7863 24.9932 -30.0709 -48.8998 11.2955 -34.1064 -22.7700 -23.1401 -40.7205 16.0787 -28.1244 -47.5462 34.9052 -35.0592 27.9303 -44.7547 -26.3612 7.0341 -37.7788 -17.5284 -44.5901 -32.6620 34.8102 -47.5253 -28.1230 16.0787 -40.7205 -23.1401 -22.7700 -34.1064 11.2955 -48.8998 -30.0709 24.9932 -43.7863 -25.8570 3.2194 -36.8929 -14.6500 -47.0053 -32.0672 33.8396 -46.7269 -27.5499 13.4699 -39.8130 -21.8347 -31.8085 -33.8053 22.8063 -48.8124 -29.5989 22.9020 -43.1418 -25.5377 0.4037 -36.4157 -12.8010 -47.6943 -31.8119 33.0792 -46.4512 -27.3902 12.8089 -39.6127 -21.5487 -33.1977 -33.8872
-34.8741 -21.6266 -39.6649 12.9603 -27.4140 -46.4882 33.1758 -31.8421 -47.6386 -12.9721 -36.4545 0.6284 -25.5622 -43.1825 23.0245 -29.6253 -48.8228 22.3144 -33.8227 -31.5396 -21.8664 -39.8229 13.4699 -27.5439 -46.7091 33.7820 -32.0425 -47.0770 -14.5071 -36.8562 3.0346 -25.8364 -43.7457 24.8674 -30.0443 -48.9015 11.9246 -34.0951 -23.2272 -23.0866 -40.6804 15.9666 -28.0982 -47.4922 34.8075 -33.1261 -32.3262 -32.0429 27.9079 -44.7068 -26.3394 6.8917 -37.7412 -17.4242 -44.7212 -32.6378 34.8137 -47.4937 -28.0982 15.9666 -40.6804 -23.0866 -23.2272 -34.0951 11.9246 -48.9015 -30.0443 24.8674 -43.7457 -25.8364 3.0346 -36.8562 -14.5071 -47.0770 -32.0425 33.7820 -46.7091 -27.5439 13.4699 -39.8229 -21.8664 -31.5396 -33.8227 22.3144 -48.8228 -29.6253 23.0245 -43.1825 -25.5622 0.6284 -36.4545 -12.9721 -47.6386 -31.8389 33.1907 -46.4943 -27.4178 12.9516 -39.6624 -21.6250 -34.8813
-20.4781 -39.7108 13.0945 -27.4432 -46.5327 33.2896 -31.8760 -47.5721 -13.1553 -36.4935 0.8494 -25.5861 -43.2233 23.1472 -29.6516 -48.8326 21.8032 -33.8389 -31.1748 -21.9234 -39.8518 13.5264 -27.5499 -46.7091 33.7621 -32.0297 -47.1293 -14.3765 -36.8202 2.8473 -25.8159 -43.7050 24.7417 -30.0177 -48.9024 12.5532 -34.0835 -23.6817 -23.0328 -40.6403 15.8545 -28.0736 -47.4620 34.8129 -32.5877 -45.2559 -22.7964 -48.7613 -30.6427 27.7707 -44.6669 -26.3178 6.7482 -37.7036 -17.3188 -44.8493 -32.6135 34.8124 -47.4620 -28.0736 15.8545 -40.6403 -23.0328 -23.6817 -34.0835 12.5532 -48.9024 -30.0177 24.7417 -43.7050 -25.8159 2.8473 -36.8202 -14.3765 -47.1293 -32.0297 33.7621 -46.7091 -27.5499 13.5264 -39.8518 -21.9234 -31.1748 -33.8389 21.8032 -48.8326 -29.6516 23.1472 -43.2233 -25.5861 0.8496 -36.4938 -13.1541 -47.5725 -31.8710 33.2986 -46.5366 -27.4452 13.0955 -39.7117 -20.4780
-40.2489 13.2257 -27.4732 -46.5782 33.4031 -31.9105 -47.4940 -13.3626 -36.5354 1.0715 -25.6096 -43.2641 23.2702 -29.6780 -48.8418 21.2813 -33.8549 -30.7990 -21.9862 -39.8907 13.6282 -27.5676 -46.7269 33.7820 -32.0297 -47.1469 -14.3032 -36.7934 2.6762 -25.7959 -43.6644 24.6162 -29.9912 -48.9025 13.1803 -34.0716 -24.1331 -22.9785 -40.6003 15.7425 -28.0489 -47.4301 34.8065 -32.5922 -44.9330 -16.8897 -38.3389 0.6189 -48.7600 -30.6269 27.6429 -44.6269 -26.2962 6.6034 -37.6661 -17.2121 -44.9746 -32.5892 34.8065 -47.4301 -28.0489 15.7425 -40.6003 -22.9785 -24.1331 -34.0716 13.1803 -48.9025 -29.9912 24.6162 -43.6644 -25.7959 2.6762 -36.7934 -14.3032 -47.1469 -32.0297 33.7820 -46.7269 -27.5676 13.6282 -39.8907 -21.9862 -30.7990 -33.8549 21.2813 -48.8418 -29.6780 23.2702 -43.2641 -25.6098 1.0871 -36.5383 -13.3499 -47.4987 -31.9052 33.4040 -46.5788 -27.4732 13.2370 -40.2498
13.3150 -27.4640 -46.6241 33.5133 -31.9415 -47.4171 -13.5649 -36.5793 1.3064 -25.6342 -43.3054 23.3934 -29.7044 -48.8504 20.7490 -33.8706 -30.4179 -22.0485 -39.9303 13.7411 -27.5914 -46.7591 33.8396 -32.0425 -47.1293 -14.3032 -36.7843 2.5803 -25.7811 -43.6277 24.4929 -29.9646 -48.9019 13.8050 -34.0594 -24.5812 -22.9237 -40.5603 15.6304 -28.0243 -47.3979 34.7962 -32.5648 -45.0990 -17.1384 -37.5190 13.1804 -34.6886 -0.0854 -48.7606 -30.6001 27.5152 -44.5869 -26.2747 6.4573 -37.6286 -17.1042 -45.0970 -32.5648 34.7962 -47.3979 -28.0243 15.6304 -40.5603 -22.9237 -24.5812 -34.0594 13.8050 -48.9019 -29.9646 24.4929 -43.6277 -25.7811 2.5803 -36.7843 -14.3032 -47.1293 -32.0425 33.8396 -46.7591 -27.5914 13.7411 -39.9303 -22.0485 -30.4179 -33.8706 20.7490 -48.8504 -29.7044 23.3934 -43.3054 -25.6350 1.3391 -36.5850 -13.5528 -47.4219 -31.9394 33.5125 -46.6239 -27.4632 13.3313
-26.1960 -46.6684 33.6190 -31.9719 -47.3424 -13.7509 -36.6253 1.5656 -25.6610 -43.3530 23.5270 -29.7299 -48.8584 20.2066 -33.8861 -30.0318 -22.1103 -39.9699 13.8539 -27.6154 -46.7944 33.9149 -32.0672 -47.0770 -14.3765 -36.7934 2.5803 -25.7760 -43.6074 24.4011 -29.9398 -48.8996 14.4264 -34.0469 -25.0258 -22.8685 -40.5203 15.5184 -27.9997 -47.3656 34.7816 -32.5403 -45.2167 -16.9933 -37.6022 5.8082 -30.6577 -14.6168 -34.4231 0.4390 -48.7603 -30.5734 27.3875 -44.5468 -26.2532 6.3098 -37.5911 -16.9950 -45.2167 -32.5403 34.7816 -47.3656 -27.9997 15.5184 -40.5203 -22.8685 -25.0258 -34.0469 14.4264 -48.8996 -29.9398 24.4011 -43.6074 -25.7760 2.5803 -36.7934 -14.3765 -47.0770 -32.0672 33.9149 -46.7944 -27.6154 13.8539 -39.9699 -22.1103 -30.0318 -33.8861 20.2066 -48.8584 -29.7299 23.5272 -43.3533 -25.6618 1.5861 -36.6289 -13.7489 -47.3433 -31.9715 33.6189 -46.6684 -26.1956
-46.6035 33.7112 -32.0024 -47.2613 -13.9419 -36.6715 1.8245 -25.6876 -43.4043 23.6741 -29.7551 -48.8658 19.6543 -33.9014 -29.6406 -22.1716 -40.0095 13.9666 -27.6394 -46.8296 33.9888 -32.0928 -47.0053 -14.5071 -36.8202 2.6762 -25.7811 -43.6074 24.3699 -29.9266 -48.8972 14.9822 -34.0315 -25.4668 -22.8128 -40.4803 15.4064 -27.9752 -47.3330 34.7628 -32.5157 -45.3336 -16.8844 -37.5532 6.2109 -26.3857 -45.9116 -24.4475 -14.4343 -34.3813 0.9329 -48.7592 -30.5466 27.2597 -44.5067 -26.2317 6.1610 -37.5537 -16.8844 -45.3336 -32.5157 34.7628 -47.3330 -27.9752 15.4064 -40.4803 -22.8128 -25.4668 -34.0315 14.9822 -48.8972 -29.9266 24.3699 -43.6074 -25.7811 2.6762 -36.8202 -14.5071 -47.0053 -32.0928 33.9888 -46.8296 -27.6394 13.9666 -40.0095 -22.1716 -29.6406 -33.9014 19.6543 -48.8658 -29.7552 23.6734 -43.4044 -25.6879 1.8415 -36.6746 -13.9420 -47.2613 -32.0040 33.7107 -46.6033
31.6735 -31.7878 -47.1762 -14.1312 -36.7172 2.0770 -25.7122 -43.4524 23.8206 -29.7833 -48.8717 19.0915 -33.9164 -29.2443 -22.2324 -40.0491 14.0791 -27.6634 -46.8647 34.0603 -32.1184 -46.9304 -14.6500 -36.8562 2.8473 -25.7959 -43.6277 24.4011 -29.9266 -48.8966 15.2894 -34.0191 -25.8607 -22.7576 -40.4404 15.2944 -27.9507 -47.3003 34.7398 -32.4911 -45.4478 -16.7725 -37.5163 6.0082 -26.2078 -44.2652 33.8623 -41.2150 -23.9739 -14.9259 -34.3307 1.4379 -48.7574 -30.5199 27.1320 -44.4665 -26.2103 6.0108 -37.5163 -16.7725 -45.4478 -32.4911 34.7398 -47.3003 -27.9507 15.2944 -40.4404 -22.7576 -25.8607 -34.0191 15.2894 -48.8966 -29.9266 24.4011 -43.6277 -25.7959 2.8473 -36.8562 -14.6500 -46.9304 -32.1184 34.0603 -46.8647 -27.6634 14.0791 -40.0491 -22.2324 -29.2443 -33.9164 19.0831 -48.8731 -29.7849 23.8206 -43.4524 -25.7128 2.0921 -36.7200 -14.1427 -47.1700 -31.7936 31.6743
-31.5782 -47.0935 -14.3069 -36.7629 2.3246 -25.7362 -43.4999 23.9654 -29.8155 -48.8787 18.4742 -33.9327 -28.8370 -22.2927 -40.0888 14.1916 -27.6875 -46.8996 34.1291 -32.1439 -46.8534 -14.7907 -36.8929 3.0346 -25.8159 -43.6644 24.4929 -29.9398 -48.8972 15.2894 -34.0159 -26.0779 -22.7162 -40.4045 15.1842 -27.9262 -47.2674 34.7129 -32.4664 -45.5594 -16.6593 -37.4789 5.8590 -26.1896 -44.4423 26.5947 -33.8788 17.7274 -41.3604 -23.9271 -15.3848 -34.2800 1.9541 -48.7612 -30.4932 27.0042 -44.4263 -26.1890 5.8590 -37.4789 -16.6593 -45.5594 -32.4664 34.7129 -47.2674 -27.9262 15.1842 -40.4045 -22.7162 -26.0779 -34.0159 15.2894 -48.8972 -29.9398 24.4929 -43.6644 -25.8159 3.0346 -36.8929 -14.7907 -46.8534 -32.1439 34.1291 -46.8996 -27.6875 14.1916 -40.0888 -22.2927 -28.8368 -33.9308 18.4517 -48.8804 -29.8175 23.9751 -43.5030 -25.7381 2.3256 -36.7631 -14.3290 -47.0826 -31.5833
-47.4699 -14.4911 -36.8088 2.5662 -25.7604 -43.5474 24.1107 -29.8495 -48.8865 17.7871 -33.9524 -28.3620 -22.3569 -40.1285 14.3040 -27.7116 -46.9344 34.1952 -32.1694 -46.7744 -14.9293 -36.9296 3.2194 -25.8364 -43.7050 24.6162 -29.9646 -48.8996 14.9822 -34.0191 -26.0779 -22.7020 -40.3845 15.1020 -27.9039 -47.2345 34.6821 -32.4416 -45.6684 -16.5446 -37.4416 5.7058 -26.1677 -44.3852 26.9185 -30.8964 -47.4827 -29.6484 17.7567 -41.3174 -23.8808 -15.8466 -34.2440 2.4814 -48.7739 -30.4665 26.8766 -44.3861 -26.1677 5.7058 -37.4416 -16.5446 -45.6684 -32.4416 34.6821 -47.2345 -27.9039 15.1020 -40.3845 -22.7020 -26.0779 -34.0191 14.9822 -48.8996 -29.9646 24.6162 -43.7050 -25.8364 3.2194 -36.9296 -14.9293 -46.7744 -32.1694 34.1952 -46.9344 -27.7116 14.3040 -40.1290 -22.3542 -28.3873 -33.9485 17.7758 -48.8867 -29.8490 24.1298 -43.5536 -25.7629 2.5674 -36.8091 -14.5030 -47.4624
-15.3636 -36.8541 2.8049 -25.7857 -43.5976 24.2648 -29.8835 -48.8919 17.0486 -33.9738 -27.8435 -22.4271 -40.1718 14.4180 -27.7358 -46.9690 34.2586 -32.1948 -46.6932 -15.0659 -36.9664 3.4018 -25.8570 -43.7457 24.7417 -29.9912 -48.9019 14.4264 -34.0315 -25.8607 -22.7162 -40.3845 15.0740 -27.8917 -47.2098 34.6511 -32.4154 -45.7748 -16.4284 -37.4044 5.5510 -26.1464 -44.3459 26.7469 -30.4207 -48.7876 -13.5505 -47.4114 -28.4649 17.6362 -41.2773 -23.8338 -16.3106 -34.2301 3.0194 -48.7889 -30.4398 26.7489 -44.3459 -26.1464 5.5510 -37.4044 -16.4284 -45.7748 -32.4154 34.6511 -47.2098 -27.8917 15.0740 -40.3845 -22.7162 -25.8607 -34.0315 14.4264 -48.9019 -29.9912 24.7417 -43.7457 -25.8570 3.4018 -36.9664 -15.0659 -46.6932 -32.1948 34.2586 -46.9690 -27.7358 14.4179 -40.1727 -22.4237 -27.8780 -33.9694 17.0467 -48.8919 -29.8818 24.2769 -43.6016 -25.7874 2.8049 -36.8541 -15.3641
-37.7173 3.0240 -25.8113 -43.6485 24.4210 -29.9166 -48.8963 16.2994 -33.9912 -27.3206 -22.5005 -40.2192 14.5423 -27.7600 -47.0034 34.3190 -32.2201 -46.6099 -15.2005 -37.0032 3.5817 -25.8776 -43.7863 24.8674 -30.0177 -48.9025 13.8050 -34.0469 -25.4668 -22.7576 -40.4045 15.1020 -27.8917 -47.2015 34.6326 -32.3954 -45.8686 -16.3127 -37.3671 5.3947 -26.1252 -44.3056 26.6213 -30.4154 -48.8351 5.7228 -36.1013 34.7730 -47.9214 -28.4440 17.5238 -41.2370 -23.7865 -16.7764 -34.2234 3.5680 -48.8028 -30.4130 26.6213 -44.3056 -26.1252 5.3947 -37.3671 -16.3127 -45.8686 -32.3954 34.6326 -47.2015 -27.8917 15.1020 -40.4045 -22.7576 -25.4668 -34.0469 13.8050 -48.9025 -30.0177 24.8674 -43.7863 -25.8776 3.5817 -37.0032 -15.2005 -46.6099 -32.2201 34.3190 -47.0034 -27.7597 14.5491 -40.2219 -22.4972 -27.3561 -33.9868 16.2975 -48.8963 -29.9158 24.4314 -43.6519 -25.8129 3.0234 -37.7171
2.4417 -25.8552 -43.6996 24.5766 -29.9512 -48.8998 15.5345 -34.0066 -26.7908 -22.5732 -40.2690 14.6819 -27.7855 -47.0383 34.3765 -32.2454 -46.5244 -15.3331 -37.0400 3.7592 -25.8983 -43.8269 24.9932 -30.0443 -48.9024 13.1803 -34.0594 -25.0258 -22.8128 -40.4404 15.1842 -27.9039 -47.2098 34.6326 -32.3892 -45.9197 -16.2254 -37.3337 5.2391 -26.1040 -44.2653 26.4938 -30.3863 -48.8126 3.9260 -34.4492 1.2122 -34.0139 34.3522 -47.8804 -28.4179 17.4106 -41.1966 -23.7387 -17.2437 -34.2163 4.1268 -48.8158 -30.3863 26.4938 -44.2653 -26.1040 5.2391 -37.3337 -16.2254 -45.9197 -32.3892 34.6326 -47.2098 -27.9039 15.1842 -40.4404 -22.8128 -25.0258 -34.0594 13.1803 -48.9024 -30.0443 24.9932 -43.8269 -25.8983 3.7592 -37.0400 -15.3331 -46.5244 -32.2454 34.3766 -47.0385 -27.7848 14.6903 -40.2720 -22.5700 -26.8235 -34.0056 15.5440 -48.8995 -29.9487 24.5878 -43.7027 -25.8566 2.4481
-24.2112 -43.7505 24.7343 -29.9858 -48.9017 14.7262 -34.0208 -26.2844 -22.6419 -40.3188 14.8221 -27.8129 -47.0761 34.4322 -32.2711 -46.4367 -15.4639 -37.0769 3.9345 -25.9190 -43.8674 25.1192 -30.0709 -48.9015 12.5532 -34.0716 -24.5812 -22.8685 -40.4803 15.2944 -27.9262 -47.2345 34.6511 -32.3954 -45.9197 -16.1955 -37.3151 5.1220 -26.0851 -44.2255 26.3663 -30.3596 -48.8278 4.7061 -34.1863 -19.2796 -27.9768 -43.1884 -32.9042 34.4359 -47.8522 -28.3928 17.2976 -41.1562 -23.6905 -17.7123 -34.2089 4.6953 -48.8278 -30.3596 26.3663 -44.2255 -26.0851 5.1220 -37.3151 -16.1955 -45.9197 -32.3954 34.6511 -47.2345 -27.9262 15.2944 -40.4803 -22.8685 -24.5812 -34.0716 12.5532 -48.9015 -30.0709 25.1192 -43.8674 -25.9190 3.9345 -37.0769 -15.4639 -46.4367 -32.2711 34.4324 -47.0764 -27.8132 14.8227 -40.3190 -22.6447 -26.2567 -34.0245 14.7729 -48.9018 -29.9821 24.7360 -43.7506 -24.2114
-43.9133 24.8905 -30.0184 -48.9029 13.9423 -34.0332 -25.7483 -22.7123 -40.3683 14.9613 -27.8417 -47.1157 34.4887 -32.2988 -46.3454 -15.5928 -37.1138 4.1076 -25.9397 -43.9080 25.2454 -30.0975 -48.8998 11.9246 -34.0835 -24.1331 -22.9237 -40.5203 15.4064 -27.9507 -47.2674 34.6821 -32.4154 -45.8686 -16.2254 -37.3151 5.0820 -26.0745 -44.1958 26.2516 -30.3324 -48.8388 5.2729 -34.2034 -18.0245 -23.6111 -42.3007 -18.5696 -43.1236 -32.8953 34.4988 -47.8232 -28.3678 17.1846 -41.1159 -23.6418 -18.1816 -34.2010 5.2729 -48.8388 -30.3324 26.2516 -44.1958 -26.0745 5.0820 -37.3151 -16.2254 -45.8686 -32.4154 34.6821 -47.2674 -27.9507 15.4064 -40.5203 -22.9237 -24.1331 -34.0835 11.9246 -48.8998 -30.0975 25.2454 -43.9080 -25.9397 4.1076 -37.1138 -15.5928 -46.3454 -32.2972 34.4920 -47.1183 -27.8439 14.9534 -40.3655 -22.7157 -25.7075 -34.0412 13.9975 -48.9028 -30.0156 24.8905 -43.9128
25.1837 -29.9126 -48.9028 13.1615 -34.0492 -25.1960 -22.7830 -40.4181 15.1012 -27.8718 -47.1573 34.5472 -32.3301 -46.2373 -15.7303 -37.1508 4.2785 -25.9605 -43.9485 25.3718 -30.1241 -48.8973 11.2955 -34.0951 -23.6817 -22.9785 -40.5603 15.5184 -27.9752 -47.3003 34.7129 -32.4416 -45.7748 -16.3127 -37.3337 5.1220 -26.0745 -44.1857 26.1879 -30.3118 -48.8468 5.8493 -34.1929 -18.6592 -23.6032 -40.9326 23.4474 -38.0549 -18.4071 -43.2988 -32.8719 34.5555 -47.7939 -28.3427 17.0718 -41.0756 -23.5928 -18.6514 -34.1929 5.8493 -48.8468 -30.3118 26.1879 -44.1857 -26.0745 5.1220 -37.3337 -16.3127 -45.7748 -32.4416 34.7129 -47.3003 -27.9752 15.5184 -40.5603 -22.9785 -23.6817 -34.0951 11.2955 -48.8973 -30.1241 25.3718 -43.9485 -25.9605 4.2785 -37.1508 -15.7218 -46.2437 -32.3231 34.5502 -47.1604 -27.8746 15.0841 -40.4120 -22.7852 -25.1618 -34.0566 13.2176 -48.9027 -29.9097 25.1845
-29.1802 -48.9013 12.3766 -34.0645 -24.6407 -22.8522 -40.4653 15.2335 -27.9024 -47.1994 34.6010 -32.3600 -46.1173 -15.8787 -37.1883 4.4477 -25.9814 -43.9890 25.4983 -30.1508 -48.8940 10.6667 -34.1064 -23.2272 -23.0328 -40.6003 15.6304 -27.9997 -47.3330 34.7398 -32.4664 -45.6684 -16.4284 -37.3671 5.2391 -26.0851 -44.1958 26.1879 -30.3051 -48.8515 6.2842 -34.1822 -19.1139 -23.5430 -41.0485 16.5869 -32.3974 7.9385 -38.0771 -18.3062 -43.4577 -32.8485 34.6061 -47.7645 -28.3178 16.9591 -41.0353 -23.5432 -19.1139 -34.1822 6.2842 -48.8515 -30.3051 26.1879 -44.1958 -26.0851 5.2391 -37.3671 -16.4284 -45.6684 -32.4664 34.7398 -47.3330 -27.9997 15.6304 -40.6003 -23.0328 -23.2272 -34.1064 10.6667 -48.8940 -30.1508 25.4983 -43.9890 -25.9814 4.4477 -37.1884 -15.8602 -46.1320 -32.3506 34.6030 -47.2023 -27.9054 15.2225 -40.4614 -22.8549 -24.6073 -34.0703 12.4182 -48.9002 -29.1793
-48.7160 11.5608 -34.0798 -24.0804 -22.9205 -40.5119 15.3641 -27.9333 -47.2411 34.6487 -32.3876 -46.0013 -16.0243 -37.2292 4.6183 -26.0036 -44.0301 25.6249 -30.1774 -48.8899 10.0393 -34.1175 -22.7700 -23.0866 -40.6403 15.7425 -28.0243 -47.3656 34.7628 -32.4911 -45.5594 -16.5446 -37.4044 5.3947 -26.1040 -44.2255 26.2516 -30.3118 -48.8515 6.4335 -34.1778 -19.4587 -23.4983 -40.9951 16.8840 -28.5932 -48.6239 -27.3313 7.9919 -38.0389 -18.2134 -43.6069 -32.8211 34.6466 -47.7375 -28.2934 16.8461 -40.9955 -23.4981 -19.4587 -34.1778 6.4335 -48.8515 -30.3118 26.2516 -44.2255 -26.1040 5.3947 -37.4044 -16.5446 -45.5594 -32.4911 34.7628 -47.3656 -28.0243 15.7425 -40.6403 -23.0866 -22.7700 -34.1175 10.0393 -48.8899 -30.1774 25.6249 -44.0301 -26.0036 4.6182 -37.2292 -16.0044 -46.0179 -32.3794 34.6502 -47.2436 -27.9350 15.3634 -40.5116 -22.9209 -24.0780 -34.0779 11.5108 -48.7148
-0.6043 -33.7772 -23.5123 -22.9879 -40.5585 15.4948 -27.9642 -47.2824 34.6907 -32.4148 -45.8833 -16.1660 -37.2754 4.8117 -26.0278 -44.0746 25.7535 -30.2040 -48.8850 9.4141 -34.1282 -22.3102 -23.1401 -40.6804 15.8545 -28.0489 -47.3979 34.7816 -32.5157 -45.4478 -16.6593 -37.4416 5.5510 -26.1252 -44.2653 26.3663 -30.3324 -48.8468 6.2842 -34.1778 -19.5761 -23.4732 -40.9658 16.7471 -28.2536 -47.3708 22.9961 -44.4673 -26.4706 7.7892 -37.9847 -18.0675 -43.8407 -32.7555 34.6856 -47.7088 -28.2592 16.7609 -40.9688 -23.4730 -19.5761 -34.1778 6.2842 -48.8468 -30.3324 26.3663 -44.2653 -26.1252 5.5510 -37.4416 -16.6593 -45.4478 -32.5157 34.7816 -47.3979 -28.0489 15.8545 -40.6804 -23.1401 -22.3102 -34.1282 9.4141 -48.8850 -30.2040 25.7536 -44.0749 -26.0279 4.8117 -37.2754 -16.1536 -45.8941 -32.4099 34.6903 -47.2826 -27.9635 15.5035 -40.5616 -22.9856 -23.5502 -33.7673 -0.6615
-34.6880 -22.9497 -23.0556 -40.6079 15.6332 -27.9950 -47.3231 34.7267 -32.4434 -45.7620 -16.3054 -37.3216 5.0138 -26.0531 -44.1222 25.8939 -30.2300 -48.8792 8.7921 -34.1386 -21.8480 -23.1930 -40.7205 15.9666 -28.0736 -47.4301 34.7962 -32.5403 -45.3336 -16.7725 -37.4789 5.7058 -26.1464 -44.3056 26.4938 -30.3596 -48.8388 5.8493 -34.1822 -19.4587 -23.4732 -40.9554 16.7013 -28.1817 -47.6267 35.2543 -35.6477 28.3188 -44.3481 -26.4602 11.5139 -38.1536 -17.7955 -44.1586 -33.8374 35.1018 -47.0834 -28.9774 16.7126 -40.9639 -23.4731 -19.4587 -34.1822 5.8493 -48.8388 -30.3596 26.4938 -44.3056 -26.1464 5.7058 -37.4789 -16.7725 -45.3336 -32.5403 34.7962 -47.4301 -28.0736 15.9666 -40.7205 -23.1930 -21.8480 -34.1386 8.7921 -48.8792 -30.2301 25.8931 -44.1222 -26.0531 5.0250 -37.3242 -16.3038 -45.7637 -32.4430 34.7251 -47.3209 -27.9917 15.6436 -40.6117 -23.0499 -23.0199 -34.6830
-25.1594 -23.1159 -40.6583 15.7741 -28.0249 -47.3638 34.7570 -32.4737 -45.6306 -16.4498 -37.3680 5.2139 -26.0792 -44.1721 26.0512 -30.2585 -48.8713 8.1742 -34.1487 -21.3839 -23.2456 -40.7606 16.0787 -28.0982 -47.4620 34.8065 -32.5648 -45.2167 -16.8844 -37.5163 5.8590 -26.1677 -44.3459 26.6213 -30.3863 -48.8278 5.2729 -34.1929 -19.1139 -23.4983 -40.9658 16.7003 -28.1144 -46.2639 31.8520 -38.3144 17.9194 -35.6721 18.4001 -43.8044 -33.9506 12.9367 -39.5645 -27.3416 -6.7624 -37.2033 -18.3600 -49.4621 -31.6601 16.7136 -40.9739 -23.4982 -19.1139 -34.1929 5.2729 -48.8278 -30.3863 26.6213 -44.3459 -26.1677 5.8590 -37.5163 -16.8844 -45.2167 -32.5648 34.8065 -47.4620 -28.0982 16.0787 -40.7606 -23.2456 -21.3839 -34.1487 8.1649 -48.8720 -30.2600 26.0512 -44.1721 -26.0794 5.2272 -37.3711 -16.4509 -45.6298 -32.4758 34.7546 -47.3589 -28.0200 15.7836 -40.6623 -23.1131 -25.2166
-21.6561 -40.7085 15.9159 -28.0535 -47.4020 34.7803 -32.5047 -45.4920 -16.5954 -37.4174 5.4237 -26.1053 -44.2226 26.2102 -30.2904 -48.8625 7.5081 -34.1549 -20.9180 -23.2977 -40.8007 16.1909 -28.1230 -47.4937 34.8124 -32.5892 -45.0970 -16.9950 -37.5537 6.0108 -26.1890 -44.3861 26.7489 -30.4130 -48.8158 4.6953 -34.2010 -18.6514 -23.5432 -40.9957 16.7479 -28.1810 -46.3372 -25.2434 33.4036 32.6515 -42.1366 7.9032 -54.7623 16.0207 -3.1775 20.4499 49.5692 23.7561 -36.9210 -11.9037 -47.0135 43.7041 11.0583 -32.0735 16.7739 -40.9985 -23.5433 -18.6514 -34.2010 4.6953 -48.8158 -30.4130 26.7489 -44.3861 -26.1890 6.0108 -37.5537 -16.9950 -45.0970 -32.5892 34.8124 -47.4937 -28.1230 16.1909 -40.8007 -23.2977 -20.9180 -34.1549 7.4904 -48.8632 -30.2920 26.2112 -44.2229 -26.1059 5.4247 -37.4177 -16.5955 -45.4920 -32.5086 34.7785 -47.3966 -28.0491 15.9228 -40.7117 -21.6578
-41.1484 16.0563 -28.0815 -47.4395 34.7978 -32.5376 -45.3491 -16.7387 -37.4643 5.6197 -26.1308 -44.2702 26.3606 -30.3237 -48.8531 6.7838 -34.1581 -20.4500 -23.3493 -40.8409 16.3031 -28.1477 -47.5253 34.8137 -32.6135 -44.9746 -17.1042 -37.5911 6.1610 -26.2103 -44.4263 26.8766 -30.4398 -48.8028 4.1268 -34.2089 -18.1816 -23.5928 -41.0353 16.8464 -28.2625 -47.6426 34.9557 -26.7710 25.3916 -62.3959 -12.0217 -4.6483 -38.8767 19.8999 -48.5354 -40.4014 -34.2256 32.5792 -46.6556 -21.8907 -66.7107 -44.5378 18.8893 -47.5791 -29.4913 16.8651 -41.0353 -23.5928 -18.1816 -34.2089 4.1268 -48.8028 -30.4398 26.8766 -44.4263 -26.2103 6.1610 -37.5911 -17.1042 -44.9746 -32.6135 34.8137 -47.5253 -28.1477 16.3031 -40.8409 -23.3493 -20.4497 -34.1578 6.7763 -48.8532 -30.3226 26.3705 -44.2734 -26.1324 5.6196 -37.4643 -16.7387 -45.3491 -32.5431 34.7975 -47.4360 -28.0798 16.0537 -41.1472
