-30.6347 -21.2925 -40.8791 15.4064 -26.6964 -47.1725 30.9827 -32.1453 -46.0796 -16.8804 -38.2915 5.6427 -24.6597 -44.5731 27.2732 -29.7269 -48.7678 -6.3603 -35.4908 -16.9511 -22.3843 -41.7913 18.3248 -27.4210 -47.8685 26.3811 -32.9365 -42.7166 -18.6533 -39.1300 9.3108 -25.3125 -45.4812 29.9034 -30.5388 -48.6528 -11.4746 -36.5639 -6.2236 -23.2882 -42.7143 21.2851 -28.1800 -48.4009 15.8267 -34.1682 -11.4149 -32.8737 31.5421 -46.3633 -25.9951 12.4780 -39.9986 -20.1074 -37.0423 -33.6875 15.9904 -48.3988 -28.1736 21.3010 -42.7152 -23.2889 -6.1921 -36.5648 -11.4600 -48.6529 -30.5365 29.9036 -45.4858 -25.3164 9.3090 -39.1336 -18.6543 -42.7132 -32.9340 26.3782 -47.8728 -27.4252 18.3238 -41.7864 -22.3836 -16.9483 -35.4872 -6.3628 -48.7685 -29.7317 27.2726 -44.5680 -24.6585 5.6436 -38.2874 -16.8808 -46.0776 -32.1453 30.9827 -47.1725 -26.6964 15.4064 -40.8791 -21.2925 -30.6347
-21.2925 -40.4377 15.2597 -27.8820 -47.2810 34.7082 -32.2065 -45.4930 -16.7271 -37.5048 5.9765 -26.2147 -44.4678 27.1469 -30.3490 -48.7574 1.3762 -34.3387 -14.8012 -23.9904 -41.4202 18.0496 -28.4725 -48.0326 33.8343 -32.7511 -41.7221 -19.2018 -38.4548 9.4103 -26.7428 -45.4552 30.2840 -30.9920 -48.5304 -8.1946 -35.5491 -4.8391 -25.0049 -42.4392 20.9492 -29.0983 -48.6103 28.2529 -33.1831 -36.4536 -25.9737 -47.5183 -31.6215 33.0792 -46.4079 -27.3010 12.4177 -39.4301 -21.1428 -35.5269 -33.2162 28.3047 -48.6073 -29.0924 20.9582 -42.4401 -25.0054 -4.8133 -35.5538 -8.1748 -48.5307 -30.9920 30.2942 -45.4614 -26.7456 9.4199 -38.4574 -19.2034 -41.7376 -32.7470 33.8226 -48.0372 -28.4783 18.0375 -41.4171 -23.9901 -14.8398 -34.3349 1.3274 -48.7577 -30.3570 27.1335 -44.4647 -26.2140 5.9637 -37.5022 -16.7279 -45.4929 -32.2065 34.7082 -47.2810 -27.8820 15.2597 -40.4377 -21.2925
-40.8791 15.2597 -27.9269 -47.2555 34.6994 -32.4585 -45.6108 -16.6035 -37.4580 5.7873 -26.1821 -44.4176 26.9889 -30.4805 -48.7638 2.0633 -34.2730 -15.3732 -23.9331 -41.3696 17.9073 -28.5220 -48.0013 33.9957 -33.0454 -41.9587 -19.1042 -38.4066 9.2524 -26.7304 -45.4099 30.1366 -31.1534 -48.5568 -7.8122 -35.4929 -5.2477 -24.9555 -42.3923 20.8111 -29.1684 -48.5880 28.6994 -33.5653 -35.8534 -20.9218 -40.4246 -13.1537 -47.6235 -31.8165 32.9679 -46.3662 -27.3078 12.2737 -39.3808 -21.0611 -35.9243 -33.5691 28.7525 -48.5864 -29.1665 20.8101 -42.3889 -24.9555 -5.2174 -35.4965 -7.8081 -48.5568 -31.1521 30.1553 -45.4135 -26.7309 9.2648 -38.4098 -19.0998 -41.9759 -33.0412 33.9768 -48.0054 -28.5260 17.8970 -41.3694 -23.9307 -15.4117 -34.2717 1.9735 -48.7626 -30.4862 26.9774 -44.4174 -26.1820 5.7746 -37.4581 -16.6035 -45.6108 -32.4585 34.6994 -47.2555 -27.9269 15.2597 -40.8791
15.4064 -27.8820 -47.2555 34.6885 -32.4471 -45.6935 -16.4977 -37.4174 5.6051 -26.1572 -44.3697 26.8283 -30.4528 -48.7804 2.6806 -34.2296 -15.9864 -23.8744 -41.3188 17.7636 -28.4936 -47.9691 34.1084 -33.0150 -42.2078 -18.9942 -38.3588 9.0926 -26.7040 -45.3643 29.9927 -31.1197 -48.5815 -7.4511 -35.4382 -5.6642 -24.9117 -42.3441 20.6730 -29.1350 -48.5645 29.1075 -33.5397 -36.3038 -20.9822 -39.2065 18.3356 -36.4952 -12.9955 -47.6938 -31.7816 32.8535 -46.3232 -27.2805 12.1285 -39.3319 -20.9687 -36.3016 -33.5424 29.1308 -48.5646 -29.1373 20.6616 -42.3379 -24.9124 -5.6426 -35.4364 -7.4515 -48.5815 -31.1188 30.0023 -45.3643 -26.7040 9.1051 -38.3647 -18.9883 -42.2093 -33.0105 34.0927 -47.9710 -28.4944 17.7628 -41.3188 -23.8720 -15.9864 -34.2259 2.5969 -48.7775 -30.4541 26.8280 -44.3695 -26.1572 5.6051 -37.4174 -16.4977 -45.6935 -32.4471 34.6885 -47.2555 -27.8820 15.4064
-26.6964 -47.2810 34.6994 -32.4471 -45.7219 -16.4394 -37.3897 5.4622 -26.1359 -44.3257 26.6870 -30.4257 -48.7960 3.2803 -34.2176 -16.5644 -23.8140 -41.2688 17.6210 -28.4644 -47.9365 34.2118 -32.9845 -42.4335 -18.8769 -38.3137 8.9345 -26.6766 -45.3181 29.8484 -31.0850 -48.6045 -7.0855 -35.3816 -6.0660 -24.8676 -42.2932 20.5337 -29.1020 -48.5404 29.4968 -33.5160 -36.6643 -20.8786 -39.2919 11.5860 -31.6459 0.6308 -36.4518 -12.7724 -47.7638 -31.7460 32.7364 -46.2796 -27.2520 11.9855 -39.2858 -20.8795 -36.6644 -33.5155 29.4942 -48.5419 -29.1061 20.5158 -42.2904 -24.8686 -6.0924 -35.3777 -7.0860 -48.6042 -31.0873 29.8485 -45.3182 -26.6767 8.9543 -38.3166 -18.8763 -42.4337 -32.9820 34.2053 -47.9364 -28.4629 17.6210 -41.2688 -23.8140 -16.5641 -34.2101 3.2417 -48.7945 -30.4257 26.6869 -44.3257 -26.1359 5.4622 -37.3897 -16.4394 -45.7219 -32.4471 34.6994 -47.2810 -26.6964
-47.1725 34.7082 -32.4585 -45.6935 -16.4394 -37.3801 5.3826 -26.1202 -44.2893 26.5596 -30.3997 -48.8094 3.8433 -34.2114 -17.0804 -23.7582 -41.2217 17.4810 -28.4339 -47.9029 34.3060 -32.9534 -42.6527 -18.7646 -38.2660 8.7824 -26.6488 -45.2692 29.7017 -31.0506 -48.6258 -6.7080 -35.3237 -6.5010 -24.8238 -42.2426 20.3868 -29.0695 -48.5157 29.8727 -33.4941 -37.0154 -20.7891 -39.2334 11.8695 -27.4514 -47.5461 -26.2135 0.6059 -36.4031 -12.5417 -47.8267 -31.7118 32.6160 -46.2335 -27.2227 11.8484 -39.2370 -20.7897 -37.0197 -33.4882 29.8472 -48.5175 -29.0732 20.3786 -42.2429 -24.8228 -6.5307 -35.3198 -6.7134 -48.6244 -31.0541 29.7020 -45.2695 -26.6489 8.7923 -38.2660 -18.7645 -42.6539 -32.9538 34.3071 -47.9010 -28.4314 17.4810 -41.2214 -23.7583 -17.0804 -34.2077 3.8433 -48.8094 -30.3997 26.5596 -44.2893 -26.1202 5.3826 -37.3801 -16.4394 -45.6935 -32.4585 34.7082 -47.1725
30.9827 -32.2065 -45.6108 -16.4977 -37.3897 5.3826 -26.1147 -44.2692 26.4660 -30.3746 -48.8205 4.4069 -34.2041 -17.5563 -23.7086 -41.1771 17.3566 -28.4030 -47.8666 34.3942 -32.9259 -42.8661 -18.6516 -38.2189 8.6202 -26.6210 -45.2204 29.5460 -31.0173 -48.6453 -6.3171 -35.2650 -6.9458 -24.7777 -42.1917 20.2410 -29.0376 -48.4902 30.2323 -33.4737 -37.3396 -20.6994 -39.1849 11.6919 -27.1851 -45.9269 35.1659 -42.9087 -25.5532 0.2924 -36.3513 -12.3189 -47.8875 -31.6795 32.4874 -46.1869 -27.1936 11.7028 -39.1882 -20.6989 -37.3687 -33.4642 30.2047 -48.4922 -29.0402 20.2416 -42.1948 -24.7769 -6.9757 -35.2615 -6.3464 -48.6440 -31.0212 29.5471 -45.2206 -26.6223 8.6201 -38.2184 -18.6508 -42.8675 -32.9291 34.4007 -47.8655 -28.4017 17.3559 -41.1771 -23.7086 -17.5563 -34.2041 4.4069 -48.8205 -30.3746 26.4660 -44.2692 -26.1147 5.3826 -37.3897 -16.4977 -45.6108 -32.2065 30.9827
-32.1453 -45.4930 -16.6035 -37.4174 5.4622 -26.1202 -44.2692 26.4341 -30.3613 -48.8278 4.9222 -34.1934 -18.0254 -23.6600 -41.1361 17.2411 -28.3755 -47.8328 34.4741 -32.9047 -43.0515 -18.5433 -38.1742 8.4585 -26.5933 -45.1712 29.3907 -30.9844 -48.6632 -5.9181 -35.2041 -7.4047 -24.7308 -42.1408 20.0946 -29.0071 -48.4647 30.5767 -33.4525 -37.6576 -20.6134 -39.1363 11.5468 -27.1649 -46.1555 32.0273 -34.5799 22.9720 -43.1666 -25.5227 -0.0108 -36.3010 -12.0895 -47.9452 -31.6490 32.3559 -46.1402 -27.1645 11.5566 -39.1390 -20.6065 -37.7027 -33.4419 30.5489 -48.4663 -29.0074 20.1032 -42.1439 -24.7301 -7.4310 -35.2026 -5.9458 -48.6618 -30.9896 29.3916 -45.1742 -26.5951 8.4586 -38.1737 -18.5426 -43.0517 -32.9094 34.4790 -47.8334 -28.3752 17.2411 -41.1361 -23.6600 -18.0254 -34.1934 4.9222 -48.8278 -30.3613 26.4341 -44.2692 -26.1202 5.4622 -37.4174 -16.6035 -45.4929 -32.1453
-46.0796 -16.7271 -37.4580 5.6051 -26.1359 -44.2893 26.4660 -30.3613 -48.8307 5.2117 -34.1845 -18.4484 -23.6119 -41.0958 17.1282 -28.3502 -47.8037 34.5388 -32.8857 -43.2182 -18.4478 -38.1324 8.3128 -26.5671 -45.1222 29.2329 -30.9545 -48.6793 -5.5033 -35.1438 -7.8923 -24.6831 -42.0896 19.9483 -28.9777 -48.4399 30.8983 -33.4291 -37.9728 -20.5264 -39.0879 11.4002 -27.1355 -46.0918 32.2479 -32.1053 -42.5951 -30.9224 22.9538 -43.1124 -25.4915 -0.3078 -36.2506 -11.8573 -47.9975 -31.6199 32.2223 -46.0933 -27.1354 11.4084 -39.0879 -20.5151 -38.0130 -33.4209 30.8771 -48.4397 -28.9750 19.9573 -42.0934 -24.6824 -7.8980 -35.1438 -5.5370 -48.6773 -30.9567 29.2424 -45.1247 -26.5680 8.3139 -38.1321 -18.4478 -43.2182 -32.8879 34.5388 -47.8037 -28.3502 17.1282 -41.0958 -23.6119 -18.4484 -34.1845 5.2117 -48.8307 -30.3613 26.4660 -44.2893 -26.1359 5.6051 -37.4581 -16.7279 -46.0776
-16.8804 -37.5048 5.7873 -26.1572 -44.3257 26.5596 -30.3746 -48.8278 5.2117 -34.1825 -18.6834 -23.5757 -41.0595 17.0173 -28.3252 -47.7743 34.5914 -32.8645 -43.3787 -18.3536 -38.0939 8.1779 -26.5435 -45.0784 29.0851 -30.9289 -48.6923 -5.1019 -35.0846 -8.3694 -24.6341 -42.0393 19.8017 -28.9479 -48.4146 31.1871 -33.4013 -38.2986 -20.4376 -39.0390 11.2538 -27.1068 -46.0459 32.0841 -31.5690 -48.1782 -19.3281 -48.5525 -29.5930 22.7935 -43.0647 -25.4591 -0.6097 -36.1998 -11.6330 -48.0477 -31.5908 32.0866 -46.0459 -27.1068 11.2537 -39.0390 -20.4272 -38.3169 -33.3998 31.1898 -48.4123 -28.9432 19.8124 -42.0419 -24.6332 -8.3693 -35.0846 -5.1364 -48.6915 -30.9267 29.0937 -45.0783 -26.5437 8.1781 -38.0939 -18.3536 -43.3787 -32.8645 34.5914 -47.7743 -28.3252 17.0173 -41.0595 -23.5757 -18.6834 -34.1825 5.2117 -48.8278 -30.3746 26.5596 -44.3257 -26.1572 5.7746 -37.5022 -16.8808
-38.2915 5.9765 -26.1821 -44.3697 26.6870 -30.3997 -48.8205 4.9222 -34.1845 -18.6834 -23.5633 -41.0393 16.9345 -28.3023 -47.7447 34.6381 -32.8410 -43.5358 -18.2584 -38.0559 8.0443 -26.5214 -45.0383 28.9570 -30.9031 -48.7033 -4.7445 -35.0298 -8.8286 -24.5856 -41.9913 19.6579 -28.9168 -48.3883 31.4626 -33.3731 -38.6157 -20.3434 -38.9902 11.1049 -27.0791 -45.9993 31.9481 -31.5621 -48.0828 -10.6963 -37.2182 23.7075 -48.8286 -29.5663 22.6507 -43.0140 -25.4254 -0.9181 -36.1485 -11.4035 -48.0959 -31.5613 31.9483 -45.9993 -27.0791 11.1049 -38.9905 -20.3385 -38.6146 -33.3780 31.4880 -48.3850 -28.9128 19.6653 -41.9882 -24.5847 -8.8266 -35.0296 -4.7498 -48.7033 -30.9019 28.9570 -45.0383 -26.5214 8.0443 -38.0559 -18.2584 -43.5358 -32.8410 34.6381 -47.7447 -28.3023 16.9345 -41.0393 -23.5633 -18.6834 -34.1845 4.9222 -48.8205 -30.3997 26.6869 -44.3695 -26.1820 5.9637 -38.2874
5.6427 -26.2147 -44.4176 26.8283 -30.4257 -48.8094 4.4069 -34.1934 -18.4484 -23.5757 -41.0393 16.9064 -28.2898 -47.7224 34.6750 -32.8159 -43.6896 -18.1622 -38.0180 7.9098 -26.4994 -44.9987 28.8306 -30.8764 -48.7131 -4.3826 -34.9810 -9.2557 -24.5410 -41.9429 19.5222 -28.8854 -48.3592 31.7286 -33.3447 -38.9277 -20.2490 -38.9426 10.9555 -27.0508 -45.9546 31.8102 -31.5264 -48.1460 -11.2354 -36.0108 8.3382 -34.4415 22.8594 -48.7980 -29.5328 22.4994 -42.9627 -25.3910 -1.2335 -36.0966 -11.1685 -48.1425 -31.5301 31.8105 -45.9546 -27.0509 10.9565 -38.9420 -20.2488 -38.9108 -33.3537 31.7653 -48.3586 -28.8843 19.5192 -41.9403 -24.5410 -9.2562 -34.9810 -4.3826 -48.7131 -30.8764 28.8306 -44.9987 -26.4994 7.9098 -38.0180 -18.1622 -43.6896 -32.8159 34.6750 -47.7224 -28.2898 16.9064 -41.0393 -23.5757 -18.4484 -34.1934 4.4069 -48.8094 -30.4257 26.8280 -44.4174 -26.2140 5.6436
-24.6597 -44.4678 26.9889 -30.4528 -48.7960 3.8433 -34.2041 -18.0254 -23.6119 -41.0595 16.9345 -28.2898 -47.7149 34.6936 -32.7965 -43.8254 -18.0666 -37.9802 7.7743 -26.4775 -44.9590 28.7039 -30.8496 -48.7220 -4.0115 -34.9329 -9.6559 -24.5001 -41.8988 19.3940 -28.8577 -48.3323 31.9849 -33.3196 -39.2311 -20.1526 -38.8974 10.8090 -27.0207 -45.9069 31.6771 -31.4917 -48.1926 -10.9057 -36.0490 -2.4330 -29.5609 -32.0967 -33.7886 23.5365 -48.7839 -29.5017 22.3466 -42.9117 -25.3557 -1.5563 -36.0441 -10.9254 -48.1895 -31.4957 31.6772 -45.9071 -27.0221 10.8089 -38.8960 -20.1575 -39.2165 -33.3269 31.9993 -48.3330 -28.8577 19.3925 -41.8988 -24.5001 -9.6559 -34.9329 -4.0115 -48.7220 -30.8496 28.7039 -44.9590 -26.4775 7.7743 -37.9802 -18.0666 -43.8254 -32.7965 34.6936 -47.7149 -28.2898 16.9345 -41.0595 -23.6119 -18.0254 -34.2041 3.8433 -48.7945 -30.4541 26.9774 -44.4647 -24.6585
-44.5731 27.1469 -30.4805 -48.7804 3.2803 -34.2114 -17.5563 -23.6600 -41.0958 17.0173 -28.3023 -47.7224 34.6936 -32.7906 -43.8996 -17.9946 -37.9461 7.6400 -26.4556 -44.9194 28.5771 -30.8229 -48.7298 -3.6306 -34.8845 -10.0613 -24.4595 -41.8581 19.2767 -28.8324 -48.3091 32.2075 -33.3007 -39.4952 -20.0616 -38.8546 10.6774 -26.9920 -45.8561 31.5340 -31.4591 -48.2378 -10.6439 -35.9995 -1.7704 -25.3912 -44.2143 -22.0998 -32.0690 -33.7760 24.1131 -48.7692 -29.4701 22.1952 -42.8607 -25.3196 -1.8878 -35.9920 -10.6627 -48.2346 -31.4626 31.5348 -45.8595 -26.9933 10.6765 -38.8541 -20.0664 -39.4955 -33.3036 32.2075 -48.3091 -28.8324 19.2767 -41.8581 -24.4595 -10.0613 -34.8845 -3.6306 -48.7298 -30.8229 28.5771 -44.9194 -26.4556 7.6400 -37.9461 -17.9946 -43.8996 -32.7906 34.6936 -47.7224 -28.3023 17.0173 -41.0958 -23.6600 -17.5563 -34.2077 3.2417 -48.7775 -30.4862 27.1335 -44.5680
27.2732 -30.3490 -48.7638 2.6806 -34.2176 -17.0804 -23.7086 -41.1361 17.1282 -28.3252 -47.7447 34.6750 -32.7965 -43.8996 -17.9700 -37.9272 7.5392 -26.4359 -44.8801 28.4501 -30.7962 -48.7368 -3.2397 -34.8359 -10.4724 -24.4184 -41.8175 19.1612 -28.8068 -48.2853 32.4021 -33.2820 -39.7326 -19.9816 -38.8153 10.5544 -26.9670 -45.8112 31.3891 -31.4297 -48.2803 -10.3700 -35.9484 -2.1761 -25.2849 -42.6342 28.9965 -39.6804 -21.7556 -32.5624 -33.7508 24.6493 -48.7529 -29.4373 22.0440 -42.8091 -25.2818 -2.2196 -35.9424 -10.3890 -48.2778 -31.4312 31.3923 -45.8140 -26.9670 10.5544 -38.8153 -19.9816 -39.7326 -33.2820 32.4021 -48.2853 -28.8068 19.1612 -41.8175 -24.4184 -10.4724 -34.8359 -3.2397 -48.7368 -30.7962 28.4501 -44.8801 -26.4359 7.5392 -37.9272 -17.9700 -43.8996 -32.7965 34.6750 -47.7447 -28.3252 17.1282 -41.1361 -23.7086 -17.0804 -34.2101 2.5969 -48.7626 -30.3570 27.2726
-29.7269 -48.7574 2.0633 -34.2296 -16.5644 -23.7582 -41.1771 17.2411 -28.3502 -47.7743 34.6381 -32.8159 -43.8254 -17.9946 -37.9272 7.5047 -26.4250 -44.8508 28.3356 -30.7687 -48.7428 -2.8385 -34.7871 -10.8890 -24.3768 -41.7769 19.0459 -28.7812 -48.2612 32.5878 -33.2607 -39.9620 -19.9022 -38.7767 10.4336 -26.9439 -45.7725 31.2624 -31.4034 -48.3162 -10.1075 -35.8982 -2.4954 -25.2472 -42.7666 21.4790 -33.1580 13.1802 -39.7414 -21.6681 -32.9944 -33.7322 25.2056 -48.7357 -29.4045 21.8918 -42.7555 -25.2455 -2.5228 -35.8957 -10.1232 -48.3162 -31.4034 31.2640 -45.7725 -26.9439 10.4336 -38.7767 -19.9022 -39.9620 -33.2607 32.5878 -48.2612 -28.7812 19.0459 -41.7769 -24.3768 -10.8890 -34.7871 -2.8385 -48.7428 -30.7687 28.3356 -44.8508 -26.4250 7.5047 -37.9272 -17.9946 -43.8254 -32.8159 34.6381 -47.7743 -28.3502 17.2411 -41.1771 -23.7583 -16.5641 -34.2259 1.9735 -48.7577 -29.7317
-48.7678 1.3762 -34.2730 -15.9864 -23.8140 -41.2217 17.3566 -28.3755 -47.8037 34.5914 -32.8410 -43.6896 -18.0666 -37.9461 7.5392 -26.4250 -44.8409 28.2719 -30.7480 -48.7475 -2.4337 -34.7381 -11.3108 -24.3348 -41.7363 18.9307 -28.7556 -48.2367 32.7648 -33.2393 -40.1871 -19.8220 -38.7381 10.3123 -26.9211 -45.7341 31.1453 -31.3779 -48.3479 -9.8750 -35.8519 -2.8064 -25.2133 -42.7066 21.7718 -29.7456 -48.7391 -28.4911 13.1826 -39.6869 -21.5867 -33.3923 -33.7147 25.7445 -48.7166 -29.3732 21.7415 -42.7075 -25.2130 -2.8103 -35.8519 -9.8750 -48.3479 -31.3779 31.1453 -45.7341 -26.9211 10.3123 -38.7381 -19.8220 -40.1871 -33.2393 32.7648 -48.2367 -28.7556 18.9307 -41.7363 -24.3348 -11.3108 -34.7381 -2.4337 -48.7475 -30.7480 28.2719 -44.8409 -26.4250 7.5392 -37.9461 -18.0666 -43.6896 -32.8410 34.5914 -47.8037 -28.3752 17.3559 -41.2214 -23.8140 -15.9864 -34.2717 1.3274 -48.7685
-6.3603 -34.3387 -15.3732 -23.8744 -41.2688 17.4810 -28.4030 -47.8328 34.5388 -32.8645 -43.5358 -18.1622 -37.9802 7.6400 -26.4359 -44.8508 28.2719 -30.7413 -48.7498 -2.1250 -34.6936 -11.7310 -24.2924 -41.6957 18.8158 -28.7301 -48.2119 32.9331 -33.2177 -40.4079 -19.7411 -38.6995 10.1905 -26.8983 -45.6957 31.0275 -31.3514 -48.3778 -9.6412 -35.8084 -3.0971 -25.1816 -42.6659 21.6082 -29.3305 -48.3082 -1.9731 -45.9058 -27.4635 13.0238 -39.6350 -21.5092 -33.7866 -33.6934 26.2378 -48.6989 -29.3452 21.6103 -42.6659 -25.1816 -3.0971 -35.8084 -9.6412 -48.3778 -31.3514 31.0275 -45.6957 -26.8983 10.1905 -38.6995 -19.7411 -40.4079 -33.2177 32.9331 -48.2119 -28.7301 18.8158 -41.6957 -24.2924 -11.7310 -34.6936 -2.1250 -48.7498 -30.7413 28.2719 -44.8508 -26.4359 7.6400 -37.9802 -18.1622 -43.5358 -32.8645 34.5388 -47.8334 -28.4017 17.4810 -41.2688 -23.8720 -15.4117 -34.3349 -6.3628
-35.4908 -14.8012 -23.9331 -41.3188 17.6210 -28.4339 -47.8666 34.4741 -32.8857 -43.3787 -18.2584 -38.0180 7.7743 -26.4556 -44.8801 28.3356 -30.7480 -48.7498 -2.0185 -34.6689 -12.0475 -24.2538 -41.6558 18.7010 -28.7046 -48.1868 33.0931 -33.1959 -40.6245 -19.6595 -38.6610 10.0682 -26.8756 -45.6572 30.9088 -31.3249 -48.4064 -9.4020 -35.7646 -3.3892 -25.1500 -42.6251 21.4904 -29.3213 -48.7096 28.1856 -35.4480 33.5487 -46.5752 -27.4367 12.8816 -39.5892 -21.4320 -34.1765 -33.6736 26.6760 -48.6839 -29.3194 21.4904 -42.6251 -25.1500 -3.3892 -35.7646 -9.4020 -48.4064 -31.3249 30.9088 -45.6572 -26.8756 10.0682 -38.6610 -19.6595 -40.6245 -33.1959 33.0931 -48.1868 -28.7046 18.7010 -41.6558 -24.2538 -12.0475 -34.6689 -2.0185 -48.7498 -30.7480 28.3356 -44.8801 -26.4556 7.7743 -38.0180 -18.2584 -43.3787 -32.8879 34.4790 -47.8655 -28.4314 17.6210 -41.3188 -23.9307 -14.8398 -35.4872
-16.9511 -23.9904 -41.3696 17.7636 -28.4644 -47.9029 34.3942 -32.9047 -43.2182 -18.3536 -38.0559 7.9098 -26.4775 -44.9194 28.4501 -30.7687 -48.7475 -2.1250 -34.6689 -12.1559 -24.2323 -41.6260 18.5977 -28.6791 -48.1614 33.2447 -33.1741 -40.8370 -19.5772 -38.6225 9.9454 -26.8529 -45.6186 30.7895 -31.2984 -48.4338 -9.1574 -35.7205 -3.6868 -25.1178 -42.5843 21.3709 -29.2933 -48.6657 26.9237 -34.0828 -11.7044 -33.2506 33.3833 -46.5204 -27.4068 12.7579 -39.5493 -21.3588 -34.5339 -33.6556 27.0667 -48.6678 -29.2933 21.3709 -42.5843 -25.1178 -3.6868 -35.7205 -9.1574 -48.4338 -31.2984 30.7895 -45.6186 -26.8529 9.9454 -38.6225 -19.5772 -40.8370 -33.1741 33.2447 -48.1614 -28.6791 18.5977 -41.6260 -24.2323 -12.1559 -34.6689 -2.1250 -48.7475 -30.7687 28.4501 -44.9194 -26.4775 7.9098 -38.0559 -18.3536 -43.2182 -32.9094 34.4007 -47.9010 -28.4629 17.7628 -41.3694 -23.9901 -16.9483
-22.3843 -41.4202 17.9073 -28.4936 -47.9365 34.3060 -32.9259 -43.0515 -18.4478 -38.0939 8.0443 -26.4994 -44.9590 28.5771 -30.7962 -48.7428 -2.4337 -34.6936 -12.0475 -24.2323 -41.6159 18.5405 -28.6599 -48.1377 33.3858 -33.1521 -41.0453 -19.4940 -38.5841 9.8219 -26.8302 -45.5799 30.6694 -31.2718 -48.4598 -8.9072 -35.6762 -3.9899 -25.0852 -42.5435 21.2516 -29.2673 -48.6513 27.4531 -33.6106 -35.8884 -25.9201 -47.5206 -31.8859 33.2645 -46.4782 -27.3811 12.6433 -39.5099 -21.2901 -34.8585 -33.6372 27.4455 -48.6513 -29.2673 21.2516 -42.5435 -25.0852 -3.9899 -35.6762 -8.9072 -48.4598 -31.2718 30.6694 -45.5799 -26.8302 9.8219 -38.5841 -19.4940 -41.0453 -33.1521 33.3858 -48.1377 -28.6599 18.5405 -41.6159 -24.2323 -12.0475 -34.6936 -2.4337 -48.7428 -30.7962 28.5771 -44.9590 -26.4994 8.0443 -38.0939 -18.4478 -43.0517 -32.9291 34.3071 -47.9364 -28.4944 17.8970 -41.4171 -22.3836
-41.7913 18.0496 -28.5220 -47.9691 34.2118 -32.9534 -42.8661 -18.5433 -38.1324 8.1779 -26.5214 -44.9987 28.7039 -30.8229 -48.7368 -2.8385 -34.7381 -11.7310 -24.2538 -41.6260 18.5405 -28.6535 -48.1247 33.4860 -33.1301 -41.2464 -19.4101 -38.5457 9.6979 -26.8076 -45.5412 30.5488 -31.2452 -48.4847 -8.6511 -35.6316 -4.2988 -25.0521 -42.5027 21.1325 -29.2412 -48.6344 27.8129 -33.6217 -35.0687 -21.0854 -40.4444 -13.3150 -47.5062 -31.8725 33.1646 -46.4411 -27.3575 12.5287 -39.4707 -21.2218 -35.1734 -33.6187 27.8129 -48.6344 -29.2412 21.1325 -42.5027 -25.0521 -4.2988 -35.6316 -8.6511 -48.4847 -31.2452 30.5488 -45.5412 -26.8076 9.6979 -38.5457 -19.4101 -41.2464 -33.1301 33.4860 -48.1247 -28.6535 18.5405 -41.6260 -24.2538 -11.7310 -34.7381 -2.8385 -48.7368 -30.8229 28.7039 -44.9987 -26.5214 8.1781 -38.1321 -18.5426 -42.8675 -32.9538 34.2053 -47.9710 -28.5260 18.0375 -41.7864
18.3248 -28.4725 -48.0013 34.1084 -32.9845 -42.6527 -18.6516 -38.1742 8.3128 -26.5435 -45.0383 28.8306 -30.8496 -48.7298 -3.2397 -34.7871 -11.3108 -24.2924 -41.6558 18.5977 -28.6599 -48.1247 33.5193 -33.1190 -41.3938 -19.3339 -38.5079 9.5733 -26.7851 -45.5024 30.4275 -31.2186 -48.5084 -8.3889 -35.5867 -4.6135 -25.0184 -42.4620 21.0137 -29.2152 -48.6169 28.1691 -33.6000 -35.4882 -21.1715 -39.3062 18.5077 -36.5524 -13.3465 -47.5735 -31.8467 33.0699 -46.4045 -27.3340 12.4139 -39.4315 -21.1528 -35.4831 -33.6000 28.1691 -48.6169 -29.2152 21.0137 -42.4620 -25.0184 -4.6135 -35.5867 -8.3889 -48.5084 -31.2186 30.4275 -45.5024 -26.7851 9.5733 -38.5079 -19.3339 -41.3938 -33.1190 33.5193 -48.1247 -28.6599 18.5977 -41.6558 -24.2924 -11.3108 -34.7871 -3.2397 -48.7298 -30.8496 28.8306 -45.0383 -26.5437 8.3139 -38.1737 -18.6508 -42.6539 -32.9820 34.0927 -48.0054 -28.4783 18.3238
-27.4210 -48.0326 33.9957 -33.0150 -42.4335 -18.7646 -38.2189 8.4585 -26.5671 -45.0784 28.9570 -30.8764 -48.7220 -3.6306 -34.8359 -10.8890 -24.3348 -41.6957 18.7010 -28.6791 -48.1377 33.4860 -33.1190 -41.4436 -19.2913 -38.4798 9.4605 -26.7629 -45.4635 30.3056 -31.1920 -48.5309 -8.1204 -35.5416 -4.9341 -24.9843 -42.4212 20.8951 -29.1892 -48.5990 28.5141 -33.5811 -35.7877 -21.0826 -39.4045 11.9141 -31.6825 1.0344 -36.5381 -13.1678 -47.6302 -31.8206 32.9734 -46.3677 -27.3105 12.2988 -39.3924 -21.0834 -35.7877 -33.5811 28.5141 -48.5990 -29.1892 20.8951 -42.4212 -24.9843 -4.9341 -35.5416 -8.1204 -48.5309 -31.1920 30.3056 -45.4635 -26.7629 9.4605 -38.4798 -19.2913 -41.4436 -33.1190 33.4860 -48.1377 -28.6791 18.7010 -41.6957 -24.3348 -10.8890 -34.8359 -3.6306 -48.7220 -30.8764 28.9570 -45.0783 -26.5680 8.4586 -38.2184 -18.7645 -42.4337 -33.0105 33.9768 -48.0372 -27.4252
-47.8685 33.8343 -33.0454 -42.2078 -18.8769 -38.2660 8.6202 -26.5933 -45.1222 29.0851 -30.9031 -48.7131 -4.0115 -34.8845 -10.4724 -24.3768 -41.7363 18.8158 -28.7046 -48.1614 33.3858 -33.1301 -41.3938 -19.2913 -38.4703 9.3977 -26.7463 -45.4283 30.1851 -31.1654 -48.5522 -7.8453 -35.4962 -5.2606 -24.9497 -42.3804 20.7768 -29.1633 -48.5807 28.8481 -33.5621 -36.0873 -21.0133 -39.3527 12.2220 -27.5191 -47.6189 -26.2738 1.1192 -36.4993 -13.0003 -47.6853 -31.7946 32.8753 -46.3309 -27.2870 12.1835 -39.3532 -21.0133 -36.0873 -33.5621 28.8481 -48.5807 -29.1633 20.7768 -42.3804 -24.9497 -5.2606 -35.4962 -7.8453 -48.5522 -31.1654 30.1851 -45.4283 -26.7463 9.3977 -38.4703 -19.2913 -41.3938 -33.1301 33.3858 -48.1614 -28.7046 18.8158 -41.7363 -24.3768 -10.4724 -34.8845 -4.0115 -48.7131 -30.9019 29.0937 -45.1247 -26.5951 8.6201 -38.2660 -18.8763 -42.2093 -33.0412 33.8226 -47.8728
26.3811 -32.7511 -41.9587 -18.9942 -38.3137 8.7824 -26.6210 -45.1712 29.2329 -30.9289 -48.7033 -4.3826 -34.9329 -10.0613 -24.4184 -41.7769 18.9307 -28.7301 -48.1868 33.2447 -33.1521 -41.2464 -19.3339 -38.4798 9.3977 -26.7407 -45.4088 30.0949 -31.1401 -48.5720 -7.5636 -35.4506 -5.5931 -24.9147 -42.3397 20.6586 -29.1373 -48.5619 29.1710 -33.5428 -36.3818 -20.9427 -39.3141 12.0659 -27.2567 -46.0346 34.9494 -42.9951 -25.6117 0.8857 -36.4609 -12.8297 -47.7386 -31.7685 32.7756 -46.2939 -27.2636 12.0679 -39.3141 -20.9427 -36.3818 -33.5428 29.1710 -48.5619 -29.1373 20.6586 -42.3397 -24.9147 -5.5931 -35.4506 -7.5636 -48.5720 -31.1401 30.0949 -45.4088 -26.7407 9.3977 -38.4798 -19.3339 -41.2464 -33.1521 33.2447 -48.1868 -28.7301 18.9307 -41.7769 -24.4184 -10.0613 -34.9329 -4.3826 -48.7033 -30.9267 29.2424 -45.1742 -26.6223 8.7923 -38.3166 -18.9883 -41.9759 -32.7470 26.3782
-32.9365 -41.7221 -19.1042 -38.3588 8.9345 -26.6488 -45.2204 29.3907 -30.9545 -48.6923 -4.7445 -34.9810 -9.6559 -24.4595 -41.8175 19.0459 -28.7556 -48.2119 33.0931 -33.1741 -41.0453 -19.4101 -38.5079 9.4605 -26.7463 -45.4088 30.0642 -31.1268 -48.5861 -7.3040 -35.4053 -5.9317 -24.8791 -42.2989 20.5407 -29.1114 -48.5427 29.4832 -33.5234 -36.6713 -20.8715 -39.2751 11.9520 -27.2413 -46.2753 32.3722 -34.6277 23.2819 -43.2739 -25.5899 0.6655 -36.4222 -12.6561 -47.7903 -31.7423 32.6743 -46.2569 -27.2402 11.9520 -39.2751 -20.8715 -36.6713 -33.5234 29.4832 -48.5427 -29.1114 20.5407 -42.2989 -24.8791 -5.9317 -35.4053 -7.3040 -48.5861 -31.1268 30.0642 -45.4088 -26.7463 9.4605 -38.5079 -19.4101 -41.0453 -33.1741 33.0931 -48.2119 -28.7556 19.0459 -41.8175 -24.4595 -9.6559 -34.9810 -4.7498 -48.6915 -30.9567 29.3916 -45.2206 -26.6489 8.9543 -38.3647 -19.0998 -41.7376 -32.9340
-42.7166 -19.2018 -38.4066 9.0926 -26.6766 -45.2692 29.5460 -30.9844 -48.6793 -5.1019 -35.0298 -9.2557 -24.5001 -41.8581 19.1612 -28.7812 -48.2367 32.9331 -33.1959 -40.8370 -19.4940 -38.5457 9.5733 -26.7629 -45.4283 30.0949 -31.1268 -48.5908 -7.1573 -35.3714 -6.2419 -24.8438 -42.2582 20.4230 -29.0855 -48.5231 29.7846 -33.5039 -36.9558 -20.7997 -39.2360 11.8358 -27.2169 -46.2185 32.6037 -32.1959 -42.0410 -31.0112 23.2974 -43.2298 -25.5662 0.4414 -36.3831 -12.4794 -47.8403 -31.7162 32.5716 -46.2197 -27.2169 11.8358 -39.2360 -20.7997 -36.9558 -33.5039 29.7846 -48.5231 -29.0855 20.4230 -42.2582 -24.8438 -6.2419 -35.3714 -7.1573 -48.5908 -31.1268 30.0949 -45.4283 -26.7629 9.5733 -38.5457 -19.4940 -40.8370 -33.1959 32.9331 -48.2367 -28.7812 19.1612 -41.8581 -24.5001 -9.2562 -35.0296 -5.1364 -48.6773 -30.9896 29.5471 -45.2695 -26.6767 9.1051 -38.4098 -19.2034 -42.7132
-18.6533 -38.4548 9.2524 -26.7040 -45.3181 29.7017 -31.0173 -48.6632 -5.5033 -35.0846 -8.8286 -24.5410 -41.8988 19.2767 -28.8068 -48.2612 32.7648 -33.2177 -40.6245 -19.5772 -38.5841 9.6979 -26.7851 -45.4635 30.1851 -31.1401 -48.5861 -7.1573 -35.3598 -6.4163 -24.8171 -42.2215 20.3074 -29.0597 -48.5031 30.0754 -33.4841 -37.2354 -20.7273 -39.1970 11.7193 -27.1936 -46.1824 32.4659 -31.6667 -48.0389 -19.6526 -48.6004 -29.6778 23.1668 -43.1893 -25.5419 0.2135 -36.3436 -12.2993 -47.8887 -31.6900 32.4674 -46.1824 -27.1936 11.7193 -39.1970 -20.7273 -37.2354 -33.4841 30.0754 -48.5031 -29.0597 20.3074 -42.2215 -24.8171 -6.4163 -35.3598 -7.1573 -48.5861 -31.1401 30.1851 -45.4635 -26.7851 9.6979 -38.5841 -19.5772 -40.6245 -33.2177 32.7648 -48.2612 -28.8068 19.2767 -41.8988 -24.5410 -8.8266 -35.0846 -5.5370 -48.6618 -31.0212 29.7020 -45.3182 -26.7040 9.2648 -38.4574 -18.6543
-39.1300 9.4103 -26.7304 -45.3643 29.8484 -31.0506 -48.6453 -5.9181 -35.1438 -8.3694 -24.5856 -41.9429 19.3940 -28.8324 -48.2853 32.5878 -33.2393 -40.4079 -19.6595 -38.6225 9.8219 -26.8076 -45.5024 30.3056 -31.1654 -48.5720 -7.3040 -35.3714 -6.4163 -24.8080 -42.2011 20.2213 -29.0358 -48.4824 30.3558 -33.4643 -37.5101 -20.6543 -39.1581 11.6025 -27.1704 -46.1451 32.3619 -31.6665 -47.9200 -11.4561 -37.3143 22.1181 -48.8598 -29.6572 23.0449 -43.1486 -25.5170 -0.0182 -36.3038 -12.1158 -47.9355 -31.6637 32.3619 -46.1451 -27.1704 11.6025 -39.1581 -20.6543 -37.5101 -33.4643 30.3558 -48.4824 -29.0358 20.2213 -42.2011 -24.8080 -6.4163 -35.3714 -7.3040 -48.5720 -31.1654 30.3056 -45.5024 -26.8076 9.8219 -38.6225 -19.6595 -40.4079 -33.2393 32.5878 -48.2853 -28.8324 19.3925 -41.9403 -24.5847 -8.3693 -35.1438 -5.9458 -48.6440 -31.0541 29.8485 -45.3643 -26.7309 9.4199 -39.1336
9.3108 -26.7428 -45.4099 29.9927 -31.0850 -48.6258 -6.3171 -35.2041 -7.8923 -24.6341 -41.9913 19.5222 -28.8577 -48.3091 32.4021 -33.2607 -40.1871 -19.7411 -38.6610 9.9454 -26.8302 -45.5412 30.4275 -31.1920 -48.5522 -7.5636 -35.4053 -6.2419 -24.8171 -42.2011 20.1920 -29.0228 -48.4665 30.5992 -33.4422 -37.7800 -20.5806 -39.1191 11.4854 -27.1471 -46.1076 32.2550 -31.6375 -47.9815 -11.9928 -36.1662 8.8003 -34.4579 21.1062 -48.8331 -29.6297 22.9224 -43.1078 -25.4915 -0.2540 -36.2637 -11.9288 -47.9808 -31.6375 32.2550 -46.1076 -27.1471 11.4854 -39.1191 -20.5806 -37.7800 -33.4422 30.5992 -48.4665 -29.0228 20.1920 -42.2011 -24.8171 -6.2419 -35.4053 -7.5636 -48.5522 -31.1920 30.4275 -45.5412 -26.8302 9.9454 -38.6610 -19.7411 -40.1871 -33.2607 32.4021 -48.3091 -28.8577 19.5192 -41.9882 -24.6332 -7.8980 -35.2026 -6.3464 -48.6244 -31.0873 30.0023 -45.4135 -26.7456 9.3090
-25.3125 -45.4552 30.1366 -31.1197 -48.6045 -6.7080 -35.2650 -7.4047 -24.6831 -42.0393 19.6579 -28.8854 -48.3323 32.2075 -33.2820 -39.9620 -19.8220 -38.6995 10.0682 -26.8529 -45.5799 30.5488 -31.2186 -48.5309 -7.8453 -35.4506 -5.9317 -24.8438 -42.2215 20.2213 -29.0228 -48.4613 30.7309 -33.4251 -38.0190 -20.5076 -39.0802 11.3679 -27.1240 -46.0700 32.1470 -31.6112 -48.0245 -11.7348 -36.2260 -1.3253 -29.6745 -30.8536 -33.8431 21.7167 -48.8245 -29.6033 22.8001 -43.0670 -25.4655 -0.4939 -36.2232 -11.7381 -48.0245 -31.6112 32.1470 -46.0700 -27.1240 11.3679 -39.0802 -20.5076 -38.0190 -33.4251 30.7309 -48.4613 -29.0228 20.2213 -42.2215 -24.8438 -5.9317 -35.4506 -7.8453 -48.5309 -31.2186 30.5488 -45.5799 -26.8529 10.0682 -38.6995 -19.8220 -39.9620 -33.2820 32.2075 -48.3330 -28.8843 19.6653 -42.0419 -24.6824 -7.4310 -35.2615 -6.7134 -48.6042 -31.1188 30.1553 -45.4614 -25.3164
-45.4812 30.2840 -31.1534 -48.5815 -7.0855 -35.3237 -6.9458 -24.7308 -42.0896 19.8017 -28.9168 -48.3592 31.9849 -33.3007 -39.7326 -19.9022 -38.7381 10.1905 -26.8756 -45.6186 30.6694 -31.2452 -48.5084 -8.1204 -35.4962 -5.5931 -24.8791 -42.2582 20.3074 -29.0358 -48.4665 30.7309 -33.4200 -38.1500 -20.4527 -39.0453 11.2519 -27.1008 -46.0323 32.0377 -31.5849 -48.0667 -11.5437 -36.1827 -0.6558 -25.5206 -44.3820 -22.3378 -30.7056 -33.8417 22.2299 -48.8142 -29.5770 22.6781 -43.0262 -25.4390 -0.7380 -36.1824 -11.5437 -48.0667 -31.5849 32.0377 -46.0323 -27.1008 11.2519 -39.0453 -20.4527 -38.1500 -33.4200 30.7309 -48.4665 -29.0358 20.3074 -42.2582 -24.8791 -5.5931 -35.4962 -8.1204 -48.5084 -31.2452 30.6694 -45.6186 -26.8756 10.1905 -38.7381 -19.9022 -39.7326 -33.3036 31.9993 -48.3586 -28.9128 19.8124 -42.0934 -24.7301 -6.9757 -35.3198 -7.0860 -48.5815 -31.1521 30.2942 -45.4858
29.9034 -30.9920 -48.5568 -7.4511 -35.3816 -6.5010 -24.7777 -42.1408 19.9483 -28.9479 -48.3883 31.7286 -33.3196 -39.4952 -19.9816 -38.7767 10.3123 -26.8983 -45.6572 30.7895 -31.2718 -48.4847 -8.3889 -35.5416 -5.2606 -24.9147 -42.2989 20.4230 -29.0597 -48.4824 30.5992 -33.4251 -38.1500 -20.4339 -39.0258 11.1651 -27.0799 -45.9950 31.9272 -31.5586 -48.1075 -11.3454 -36.1412 -0.9906 -25.4139 -42.8145 29.5220 -39.8206 -21.9994 -31.1123 -33.8254 22.7320 -48.8033 -29.5507 22.5562 -42.9854 -25.4119 -0.9865 -36.1412 -11.3454 -48.1075 -31.5586 31.9272 -45.9950 -27.0799 11.1651 -39.0258 -20.4339 -38.1500 -33.4251 30.5992 -48.4824 -29.0597 20.4230 -42.2989 -24.9147 -5.2606 -35.5416 -8.3889 -48.4847 -31.2718 30.7895 -45.6572 -26.8983 10.3123 -38.7767 -19.9816 -39.4955 -33.3269 31.7653 -48.3850 -28.9432 19.9573 -42.1439 -24.7769 -6.5307 -35.3777 -7.4515 -48.5568 -30.9920 29.9036
-30.5388 -48.5304 -7.8122 -35.4382 -6.0660 -24.8238 -42.1917 20.0946 -28.9777 -48.4146 31.4626 -33.3447 -39.2311 -20.0616 -38.8153 10.4336 -26.9211 -45.6957 30.9088 -31.2984 -48.4598 -8.6511 -35.5867 -4.9341 -24.9497 -42.3397 20.5407 -29.0855 -48.5031 30.3558 -33.4422 -38.0190 -20.4527 -39.0258 11.1355 -27.0684 -45.9670 31.8267 -31.5312 -48.1467 -11.1431 -36.0998 -1.2394 -25.3845 -42.9593 22.0384 -33.2338 13.6184 -39.9000 -21.9340 -31.4841 -33.8091 23.2231 -48.7919 -29.5245 22.4347 -42.9446 -25.3843 -1.2394 -36.0998 -11.1431 -48.1467 -31.5312 31.8267 -45.9670 -27.0684 11.1355 -39.0258 -20.4527 -38.0190 -33.4422 30.3558 -48.5031 -29.0855 20.5407 -42.3397 -24.9497 -4.9341 -35.5867 -8.6511 -48.4598 -31.2984 30.9088 -45.6957 -26.9211 10.4336 -38.8153 -20.0664 -39.2165 -33.3537 31.4880 -48.4123 -28.9750 20.1032 -42.1948 -24.8228 -6.0924 -35.4364 -7.8081 -48.5307 -30.5365
-48.6528 -8.1946 -35.4929 -5.6642 -24.8676 -42.2426 20.2410 -29.0071 -48.4399 31.1871 -33.3731 -38.9277 -20.1526 -38.8546 10.5544 -26.9439 -45.7341 31.0275 -31.3249 -48.4338 -8.9072 -35.6316 -4.6135 -24.9843 -42.3804 20.6586 -29.1114 -48.5231 30.0754 -33.4643 -37.7800 -20.5076 -39.0453 11.1651 -27.0684 -45.9576 31.7706 -31.5104 -48.1809 -10.9400 -36.0580 -1.4970 -25.3561 -42.9031 22.3535 -29.8737 -48.7005 -28.6067 13.6560 -39.8578 -21.8707 -31.8504 -33.7925 23.7030 -48.7799 -29.4982 22.3133 -42.9038 -25.3561 -1.4970 -36.0580 -10.9400 -48.1809 -31.5104 31.7706 -45.9576 -27.0684 11.1651 -39.0453 -20.5076 -37.7800 -33.4643 30.0754 -48.5231 -29.1114 20.6586 -42.3804 -24.9843 -4.6135 -35.6316 -8.9072 -48.4338 -31.3249 31.0275 -45.7341 -26.9439 10.5544 -38.8541 -20.1575 -38.9108 -33.3780 31.1898 -48.4397 -29.0074 20.2416 -42.2429 -24.8686 -5.6426 -35.4965 -8.1748 -48.6529
-11.4746 -35.5491 -5.2477 -24.9117 -42.2932 20.3868 -29.0376 -48.4647 30.8983 -33.4013 -38.6157 -20.2490 -38.8974 10.6774 -26.9670 -45.7725 31.1453 -31.3514 -48.4064 -9.1574 -35.6762 -4.2988 -25.0184 -42.4212 20.7768 -29.1373 -48.5427 29.7846 -33.4841 -37.5101 -20.5806 -39.0802 11.2519 -27.0799 -45.9670 31.7706 -31.5038 -48.1993 -10.7859 -36.0201 -1.7550 -25.3275 -42.8630 22.1902 -29.4565 -48.4119 -3.8638 -46.0715 -27.5663 13.5341 -39.8183 -21.8070 -32.2115 -33.7757 24.1716 -48.7674 -29.4720 22.1922 -42.8630 -25.3275 -1.7550 -36.0201 -10.7859 -48.1993 -31.5038 31.7706 -45.9670 -27.0799 11.2519 -39.0802 -20.5806 -37.5101 -33.4841 29.7846 -48.5427 -29.1373 20.7768 -42.4212 -25.0184 -4.2988 -35.6762 -9.1574 -48.4064 -31.3514 31.1453 -45.7725 -26.9670 10.6765 -38.8960 -20.2488 -38.6146 -33.3998 30.8771 -48.4663 -29.0402 20.3786 -42.2904 -24.9124 -5.2174 -35.5538 -11.4600
-36.5639 -4.8391 -24.9555 -42.3441 20.5337 -29.0695 -48.4902 30.5767 -33.4291 -38.2986 -20.3434 -38.9426 10.8090 -26.9920 -45.8112 31.2624 -31.3779 -48.3778 -9.4020 -35.7205 -3.9899 -25.0521 -42.4620 20.8951 -29.1633 -48.5619 29.4832 -33.5039 -37.2354 -20.6543 -39.1191 11.3679 -27.1008 -45.9950 31.8267 -31.5104 -48.1993 -10.7328 -35.9990 -1.9505 -25.3013 -42.8229 22.0713 -29.4478 -48.7807 26.3373 -35.5365 33.9339 -46.7366 -27.5477 13.4209 -39.7788 -21.7428 -32.5673 -33.7587 24.6288 -48.7543 -29.4458 22.0713 -42.8229 -25.3013 -1.9505 -35.9990 -10.7328 -48.1993 -31.5104 31.8267 -45.9950 -27.1008 11.3679 -39.1191 -20.6543 -37.2354 -33.5039 29.4832 -48.5619 -29.1633 20.8951 -42.4620 -25.0521 -3.9899 -35.7205 -9.4020 -48.3778 -31.3779 31.2640 -45.8140 -26.9933 10.8089 -38.9420 -20.3385 -38.3169 -33.4209 30.5489 -48.4922 -29.0732 20.5158 -42.3379 -24.9555 -4.8133 -36.5648
-6.2236 -25.0049 -42.3923 20.6730 -29.1020 -48.5157 30.2323 -33.4525 -37.9728 -20.4376 -38.9902 10.9555 -27.0207 -45.8561 31.3891 -31.4034 -48.3479 -9.6412 -35.7646 -3.6868 -25.0852 -42.5027 21.0137 -29.1892 -48.5807 29.1710 -33.5234 -36.9558 -20.7273 -39.1581 11.4854 -27.1240 -46.0323 31.9272 -31.5312 -48.1809 -10.7859 -35.9990 -2.0177 -25.2866 -42.7929 21.9626 -29.4193 -48.7384 24.9120 -34.1534 -9.7783 -33.3542 33.7777 -46.6933 -27.5238 13.3077 -39.7394 -21.6781 -32.9179 -33.7415 25.0745 -48.7407 -29.4193 21.9626 -42.7929 -25.2866 -2.0177 -35.9990 -10.7859 -48.1809 -31.5312 31.9272 -46.0323 -27.1240 11.4854 -39.1581 -20.7273 -36.9558 -33.5234 29.1710 -48.5807 -29.1892 21.0137 -42.5027 -25.0852 -3.6868 -35.7646 -9.6412 -48.3479 -31.4034 31.3923 -45.8595 -27.0221 10.9565 -38.9905 -20.4272 -38.0130 -33.4419 30.2047 -48.5175 -29.1061 20.6616 -42.3889 -25.0054 -6.1921
-23.2882 -42.4392 20.8111 -29.1350 -48.5404 29.8727 -33.4737 -37.6576 -20.5264 -39.0390 11.1049 -27.0508 -45.9069 31.5340 -31.4297 -48.3162 -9.8750 -35.8084 -3.3892 -25.1178 -42.5435 21.1325 -29.2152 -48.5990 28.8481 -33.5428 -36.6713 -20.7997 -39.1970 11.6025 -27.1471 -46.0700 32.0377 -31.5586 -48.1467 -10.9400 -36.0201 -1.9505 -25.2866 -42.7827 21.9024 -29.3993 -48.7273 25.5100 -33.6975 -34.3678 -26.1889 -47.2265 -31.9937 33.6980 -46.6636 -27.4990 13.1935 -39.7000 -21.6131 -33.2580 -33.7248 25.5013 -48.7273 -29.3993 21.9024 -42.7827 -25.2866 -1.9505 -36.0201 -10.9400 -48.1467 -31.5586 32.0377 -46.0700 -27.1471 11.6025 -39.1970 -20.7997 -36.6713 -33.5428 28.8481 -48.5990 -29.2152 21.1325 -42.5435 -25.1178 -3.3892 -35.8084 -9.8750 -48.3162 -31.4312 31.5348 -45.9071 -27.0509 11.1049 -39.0390 -20.5151 -37.7027 -33.4642 29.8472 -48.5419 -29.1373 20.8101 -42.4401 -23.2889
-42.7143 20.9492 -29.1684 -48.5645 29.4968 -33.4941 -37.3396 -20.6134 -39.0879 11.2538 -27.0791 -45.9546 31.6771 -31.4591 -48.2803 -10.1075 -35.8519 -3.0971 -25.1500 -42.5843 21.2516 -29.2412 -48.6169 28.5141 -33.5621 -36.3818 -20.8715 -39.2360 11.7193 -27.1704 -46.1076 32.1470 -31.5849 -48.1075 -11.1431 -36.0580 -1.7550 -25.3013 -42.7929 21.9024 -29.3928 -48.7201 25.8128 -33.7208 -33.4754 -21.4198 -40.6320 -13.9775 -47.2816 -32.2583 33.5298 -46.6115 -27.4607 13.0835 -39.6556 -21.5324 -33.6063 -33.6951 25.8249 -48.7203 -29.3928 21.9024 -42.7929 -25.3013 -1.7550 -36.0580 -11.1431 -48.1075 -31.5849 32.1470 -46.1076 -27.1704 11.7193 -39.2360 -20.8715 -36.3818 -33.5621 28.5141 -48.6169 -29.2412 21.2516 -42.5843 -25.1500 -3.0971 -35.8519 -10.1232 -48.2778 -31.4626 31.6772 -45.9546 -27.0791 11.2537 -39.0879 -20.6065 -37.3687 -33.4882 29.4942 -48.5646 -29.1665 20.9582 -42.7152
21.2851 -29.0983 -48.5880 29.1075 -33.5160 -37.0154 -20.6994 -39.1363 11.4002 -27.1068 -45.9993 31.8102 -31.4917 -48.2378 -10.3700 -35.8982 -2.8064 -25.1816 -42.6251 21.3709 -29.2673 -48.6344 28.1691 -33.5811 -36.0873 -20.9427 -39.2751 11.8358 -27.1936 -46.1451 32.2550 -31.6112 -48.0667 -11.3454 -36.0998 -1.4970 -25.3275 -42.8229 21.9626 -29.3993 -48.7201 25.9177 -33.7361 -33.4709 -21.9658 -39.4707 18.9851 -36.8417 -15.9150 -44.3097 -34.0741 33.5073 -45.7724 -27.6044 13.2486 -39.8534 -21.6969 -34.2261 -33.7616 25.9555 -48.7212 -29.3993 21.9626 -42.8229 -25.3275 -1.4970 -36.0998 -11.3454 -48.0667 -31.6112 32.2550 -46.1451 -27.1936 11.8358 -39.2751 -20.9427 -36.0873 -33.5811 28.1691 -48.6344 -29.2673 21.3709 -42.6251 -25.1816 -2.8103 -35.8957 -10.3890 -48.2346 -31.4957 31.8105 -45.9993 -27.1068 11.4084 -39.1390 -20.6989 -37.0197 -33.5155 29.1308 -48.5864 -29.0924 21.3010
-28.1799 -48.6103 28.6995 -33.5395 -36.6666 -20.7888 -39.1849 11.5468 -27.1355 -46.0459 31.9481 -31.5264 -48.1926 -10.6439 -35.9484 -2.4956 -25.2133 -42.6659 21.4904 -29.2933 -48.6513 27.8129 -33.6000 -35.7877 -21.0133 -39.3141 11.9520 -27.2169 -46.1824 32.3619 -31.6375 -48.0245 -11.5437 -36.1412 -1.2394 -25.3561 -42.8630 22.0713 -29.4193 -48.7273 25.8128 -33.7379 -33.0906 -25.1425 -45.5504 21.9426 -35.6031 18.8475 -39.6875 -28.4235 -12.9062 -33.9591 -9.9784 -47.3967 -31.2815 30.6380 -44.5428 -22.4909 -30.0589 -33.8344 25.8479 -48.7284 -29.4193 22.0713 -42.8630 -25.3561 -1.2394 -36.1412 -11.5437 -48.0245 -31.6375 32.3619 -46.1824 -27.2169 11.9520 -39.3141 -21.0133 -35.7877 -33.6000 27.8129 -48.6513 -29.2933 21.4904 -42.6659 -25.2130 -2.5228 -35.9424 -10.6627 -48.1895 -31.5301 31.9483 -46.0459 -27.1354 11.5566 -39.1882 -20.7897 -36.6644 -33.5424 28.7525 -48.6073 -28.1736
-48.4021 28.2489 -33.5637 -36.3017 -20.8795 -39.2367 11.7020 -27.1639 -46.0930 32.0857 -31.5593 -48.1454 -10.9092 -35.9986 -2.1740 -25.2471 -42.7076 21.6103 -29.3194 -48.6678 27.4455 -33.6187 -35.4831 -21.0834 -39.3532 12.0679 -27.2402 -46.2197 32.4674 -31.6637 -47.9808 -11.7381 -36.1824 -0.9865 -25.3843 -42.9038 22.1922 -29.4458 -48.7407 25.5015 -33.7200 -33.3899 -25.2172 -62.3685 35.3745 -36.6807 -14.6500 -63.1569 -48.4056 -45.7604 -30.5546 -49.5693 -24.5049 19.8712 19.5272 -48.5746 26.6248 -33.4432 -63.8253 -30.6133 -33.7462 25.5070 -48.7409 -29.4458 22.1922 -42.9038 -25.3843 -0.9865 -36.1824 -11.7381 -47.9808 -31.6637 32.4674 -46.2197 -27.2402 12.0679 -39.3532 -21.0834 -35.4831 -33.6187 27.4455 -48.6678 -29.3194 21.6103 -42.7075 -25.2455 -2.2196 -35.9920 -10.9254 -48.1425 -31.5613 32.0866 -46.0933 -27.1645 11.7028 -39.2370 -20.8795 -36.3016 -33.5691 28.3047 -48.3988
15.9176 -33.2116 -35.9243 -20.9687 -39.2858 11.8485 -27.1916 -46.1373 32.2142 -31.5922 -48.0960 -11.1675 -36.0479 -1.8596 -25.2832 -42.7555 21.7414 -29.3451 -48.6839 27.0667 -33.6372 -35.1734 -21.1528 -39.3924 12.1835 -27.2636 -46.2569 32.5716 -31.6900 -47.9355 -11.9288 -36.2232 -0.7380 -25.4119 -42.9446 22.3133 -29.4720 -48.7543 25.0745 -33.7242 -33.5694 -22.0819 -45.9506 33.8294 -20.8287 -49.0683 -34.0687 -73.8231 -42.9376 -27.7632 -47.7989 31.5551 21.2224 -28.6678 -29.4765 -35.5167 19.3240 -56.2959 -25.0171 -23.2363 -34.0922 -33.7016 25.0703 -48.7543 -29.4720 22.3133 -42.9446 -25.4119 -0.7380 -36.2232 -11.9288 -47.9355 -31.6900 32.5716 -46.2569 -27.2636 12.1835 -39.3924 -21.1528 -35.1734 -33.6372 27.0667 -48.6839 -29.3452 21.7415 -42.7555 -25.2818 -1.8878 -36.0441 -11.1685 -48.0959 -31.5908 32.2223 -46.1402 -27.1936 11.8484 -39.2858 -20.9687 -35.9243 -33.2162 15.9904
