-26.2957 -21.7544 -41.2568 16.6091 -26.9980 -47.4785 29.6849 -32.4801 -44.8994 -17.6774 -38.6342 7.2401 -24.9283 -44.9540 28.4439 -30.0703 -48.7859 -8.8543 -35.9436 -12.1849 -22.7733 -42.1717 19.5556 -27.7398 -48.1195 22.6838 -33.2457 -40.7108 -19.2835 -39.4884 10.6701 -25.5999 -45.8610 30.7757 -30.8694 -48.4252 -12.9202 -36.9672 -2.8396 -23.6159 -43.1047 22.5491 -28.4955 -48.5434 10.1679 -34.4244 -7.1885 -33.1636 31.6712 -46.7192 -26.2928 13.7279 -40.3725 -20.6453 -33.8280 -33.9811 10.1997 -48.5476 -28.4986 22.5620 -43.1049 -23.6185 -2.8674 -36.9662 -12.9367 -48.4210 -30.8777 30.7673 -45.8606 -25.5987 10.6542 -39.4881 -19.2896 -40.6798 -33.2557 22.7422 -48.1204 -27.7382 19.5408 -42.1715 -22.7753 -12.1210 -35.9498 -8.8261 -48.7859 -30.0684 28.4306 -44.9539 -24.9277 7.2614 -38.6387 -17.6695 -44.9006 -32.4785 29.6850 -47.4785 -26.9980 16.6091 -41.2568 -21.7544 -26.2957
-21.7544 -40.8583 16.4267 -28.1294 -47.6127 34.7519 -32.4418 -44.1642 -17.8515 -37.8958 7.4691 -26.4301 -44.8808 28.4720 -30.6231 -48.7350 -3.4216 -34.8548 -10.2912 -24.4392 -41.8391 19.2412 -28.7341 -48.3040 32.1928 -32.9456 -39.5134 -20.0521 -38.8552 10.6979 -26.9756 -45.8666 31.5491 -31.2497 -48.2351 -10.6594 -36.0027 -1.7952 -25.3378 -42.8641 22.2076 -29.3567 -48.7691 24.0556 -33.3501 -33.1145 -26.5495 -46.8022 -31.8747 33.9735 -46.7926 -27.5446 13.6219 -39.8459 -21.8351 -32.0483 -33.3728 23.9762 -48.7703 -29.3570 22.2161 -42.8674 -25.3388 -1.8162 -36.0018 -10.6926 -48.2292 -31.2587 31.5407 -45.8659 -26.9757 10.6893 -38.8551 -20.0632 -39.4736 -32.9577 32.2093 -48.3040 -28.7347 19.2330 -41.8391 -24.4435 -10.2218 -34.8605 -3.3909 -48.7351 -30.6244 28.4631 -44.8809 -26.4302 7.4924 -37.8990 -17.8443 -44.1642 -32.4418 34.7519 -47.6127 -28.1294 16.4267 -40.8583 -21.7544
-41.2568 16.4267 -28.1813 -47.5893 34.7921 -32.7147 -44.3147 -17.7353 -37.8521 7.3079 -26.4064 -44.8315 28.3076 -30.7645 -48.7426 -2.8849 -34.7984 -10.7680 -24.3875 -41.7881 19.0896 -28.7906 -48.2745 32.4754 -33.2721 -39.7814 -19.9642 -38.8066 10.5398 -26.9687 -45.8188 31.4111 -31.4312 -48.2745 -10.3922 -35.9490 -2.1511 -25.2900 -42.8137 22.0560 -29.4412 -48.7541 24.6484 -33.7608 -32.4083 -21.6561 -40.8959 -14.8097 -46.9390 -32.0862 33.8979 -46.7492 -27.5569 13.4813 -39.7938 -21.7602 -32.4944 -33.7568 24.6068 -48.7541 -29.4397 22.0661 -42.8199 -25.2904 -2.1533 -35.9489 -10.4260 -48.2717 -31.4344 31.4103 -45.8187 -26.9688 10.5398 -38.8066 -19.9753 -39.7618 -33.2765 32.4761 -48.2745 -28.7911 19.0896 -41.7881 -24.3918 -10.7326 -34.7998 -2.8827 -48.7426 -30.7656 28.3076 -44.8315 -26.4063 7.3195 -37.8522 -17.7353 -44.3147 -32.7147 34.7921 -47.5893 -28.1813 16.4267 -41.2568
16.6091 -28.1294 -47.5893 34.7994 -32.7059 -44.4198 -17.6410 -37.8114 7.1537 -26.3829 -44.7875 28.1562 -30.7339 -48.7489 -2.3662 -34.7405 -11.2589 -24.3374 -41.7373 18.9431 -28.7606 -48.2441 32.7038 -33.2516 -40.0476 -19.8706 -38.7583 10.3860 -26.9414 -45.7709 31.2652 -31.4029 -48.3128 -10.1321 -35.8956 -2.4988 -25.2515 -42.7655 21.9052 -29.4096 -48.7378 25.1656 -33.7349 -32.9411 -21.6919 -39.6146 19.5468 -36.8699 -14.6199 -47.0280 -32.0543 33.8019 -46.7044 -27.5288 13.3301 -39.7436 -21.6794 -32.9336 -33.7375 25.1672 -48.7378 -29.4083 21.9236 -42.7686 -25.2517 -2.4991 -35.8953 -10.1481 -48.3129 -31.4010 31.2650 -45.7709 -26.9414 10.3859 -38.7580 -19.8759 -40.0486 -33.2493 32.7027 -48.2441 -28.7606 18.9430 -41.7370 -24.3395 -11.2609 -34.7380 -2.3673 -48.7489 -30.7337 28.1563 -44.7873 -26.3828 7.1537 -37.8114 -17.6410 -44.4198 -32.7059 34.7994 -47.5893 -28.1294 16.6091
-26.9980 -47.6127 34.7921 -32.7059 -44.4559 -17.5897 -37.7833 7.0245 -26.3613 -44.7469 28.0258 -30.7024 -48.7536 -1.8370 -34.6801 -11.7663 -24.2877 -41.6871 18.7994 -28.7297 -48.2148 32.9140 -33.2266 -40.3105 -19.7761 -38.7100 10.2341 -26.9134 -45.7256 31.1204 -31.3715 -48.3496 -9.8656 -35.8412 -2.8488 -25.2134 -42.7145 21.7631 -29.3763 -48.7200 25.6732 -33.7102 -33.3687 -21.5976 -39.7040 12.7989 -31.8258 2.7570 -36.8366 -14.4370 -47.1170 -32.0243 33.7023 -46.6627 -27.5010 13.1874 -39.6944 -21.5986 -33.3406 -33.7145 25.6744 -48.7201 -29.3757 21.7723 -42.7145 -25.2133 -2.8509 -35.8417 -9.8644 -48.3519 -31.3679 31.1201 -45.7256 -26.9133 10.2331 -38.7106 -19.7763 -40.3273 -33.2223 32.9131 -48.2148 -28.7295 18.7985 -41.6871 -24.2876 -11.7986 -34.6779 -1.8402 -48.7536 -30.7024 28.0258 -44.7469 -26.3613 7.0245 -37.7833 -17.5897 -44.4559 -32.7059 34.7921 -47.6127 -26.9980
-47.4785 34.7519 -32.7147 -44.4198 -17.5897 -37.7738 6.9534 -26.3454 -44.7108 27.9000 -30.6736 -48.7569 -1.3551 -34.6235 -12.2782 -24.2386 -41.6423 18.6655 -28.6978 -48.1834 33.1025 -33.1971 -40.5813 -19.6800 -38.6616 10.0812 -26.8850 -45.6775 30.9808 -31.3370 -48.3865 -9.5894 -35.7864 -3.2115 -25.1753 -42.6641 21.6131 -29.3437 -48.7015 26.1938 -33.6881 -33.7912 -21.5155 -39.6449 13.0756 -27.7161 -47.8665 -26.4825 2.7317 -36.7896 -14.2573 -47.1986 -31.9920 33.6053 -46.6203 -27.4720 13.0454 -39.6451 -21.5202 -33.7632 -33.6928 26.1933 -48.7017 -29.3453 21.6131 -42.6635 -25.1742 -3.2071 -35.7901 -9.5707 -48.3889 -31.3331 30.9807 -45.6772 -26.8836 10.0831 -38.6657 -19.6751 -40.5997 -33.1926 33.1014 -48.1832 -28.6962 18.6647 -41.6426 -24.2378 -12.3080 -34.6235 -1.3546 -48.7569 -30.6736 27.9000 -44.7108 -26.3454 6.9534 -37.7738 -17.5897 -44.4198 -32.7147 34.7519 -47.4785
29.6849 -32.4418 -44.3147 -17.6410 -37.7833 6.9534 -26.3400 -44.6908 27.8064 -30.6484 -48.7590 -0.8978 -34.5733 -12.7527 -24.1921 -41.6011 18.5484 -28.6672 -48.1519 33.2918 -33.1698 -40.8474 -19.5781 -38.6144 9.9269 -26.8564 -45.6293 30.8320 -31.3038 -48.4216 -9.2900 -35.7322 -3.5823 -25.1355 -42.6160 21.4650 -29.3111 -48.6821 26.6945 -33.6661 -34.2053 -21.4321 -39.5963 12.9023 -27.4306 -46.2956 33.9653 -43.2974 -25.7793 2.4671 -36.7445 -14.0824 -47.2829 -31.9581 33.5043 -46.5753 -27.4425 12.9029 -39.5957 -21.4370 -34.1732 -33.6727 26.6940 -48.6832 -29.3139 21.4635 -42.6128 -25.1347 -3.5510 -35.7388 -9.2684 -48.4241 -31.3004 30.8312 -45.6260 -26.8547 9.9399 -38.6208 -19.5726 -40.8670 -33.1674 33.2902 -48.1509 -28.6658 18.5483 -41.6011 -24.1916 -12.7527 -34.5733 -0.8978 -48.7590 -30.6484 27.8064 -44.6908 -26.3400 6.9534 -37.7833 -17.6410 -44.3147 -32.4418 29.6850
-32.4801 -44.1642 -17.7353 -37.8114 7.0245 -26.3454 -44.6908 27.7745 -30.6351 -48.7599 -0.4830 -34.5241 -13.1951 -24.1477 -41.5606 18.4338 -28.6401 -48.1231 33.4567 -33.1479 -41.0944 -19.4752 -38.5694 9.7742 -26.8271 -45.5804 30.6821 -31.2706 -48.4547 -8.9799 -35.6798 -3.9529 -25.0938 -42.5647 21.3242 -29.2776 -48.6619 27.1813 -33.6461 -34.6067 -21.3480 -39.5468 12.7613 -27.4114 -46.5434 33.1256 -34.7298 24.2764 -43.5935 -25.7544 2.2253 -36.7022 -13.8921 -47.3642 -31.9256 33.3946 -46.5304 -27.4126 12.7595 -39.5468 -21.3539 -34.5569 -33.6491 27.1517 -48.6632 -29.2815 21.3150 -42.5615 -25.0954 -3.9019 -35.6867 -8.9557 -48.4567 -31.2704 30.6723 -45.5777 -26.8265 9.7949 -38.5753 -19.4734 -41.1104 -33.1478 33.4567 -48.1226 -28.6401 18.4338 -41.5606 -24.1477 -13.1951 -34.5241 -0.4830 -48.7599 -30.6351 27.7745 -44.6908 -26.3454 7.0245 -37.8114 -17.7353 -44.1642 -32.4785
-44.8994 -17.8515 -37.8521 7.1537 -26.3613 -44.7108 27.8064 -30.6351 -48.7602 -0.2486 -34.4872 -13.5971 -24.1041 -41.5201 18.3195 -28.6147 -48.0964 33.5907 -33.1274 -41.3164 -19.3823 -38.5270 9.6376 -26.8006 -45.5320 30.5305 -31.2373 -48.4860 -8.6606 -35.6276 -4.3128 -25.0527 -42.5105 21.1743 -29.2454 -48.6407 27.6505 -33.6274 -34.9783 -21.2639 -39.4978 12.6174 -27.3825 -46.4813 33.2964 -32.3882 -40.5319 -31.2287 24.2490 -43.5357 -25.7280 1.9945 -36.6596 -13.6978 -47.4430 -31.8937 33.2827 -46.4844 -27.3818 12.6174 -39.4978 -21.2733 -34.9537 -33.6263 27.6184 -48.6425 -29.2505 21.1651 -42.5102 -25.0558 -4.2652 -35.6317 -8.6401 -48.4861 -31.2387 30.5223 -45.5319 -26.8005 9.6497 -38.5297 -19.3813 -41.3164 -33.1273 33.5907 -48.0964 -28.6147 18.3195 -41.5201 -24.1041 -13.5971 -34.4872 -0.2486 -48.7602 -30.6351 27.8064 -44.7108 -26.3613 7.1537 -37.8522 -17.8443 -44.9006
-17.6774 -37.8958 7.3079 -26.3829 -44.7469 27.9000 -30.6484 -48.7599 -0.2486 -34.4747 -13.8215 -24.0713 -41.4836 18.2072 -28.5894 -48.0698 33.7147 -33.1051 -41.5156 -19.2961 -38.4881 9.5107 -26.7776 -45.4895 30.3888 -31.2089 -48.5139 -8.3352 -35.5751 -4.6831 -25.0123 -42.4596 21.0166 -29.2151 -48.6195 28.1038 -33.6080 -35.3426 -21.1832 -39.4487 12.4740 -27.3537 -46.4390 33.1596 -31.8429 -47.7028 -20.3563 -48.7017 -29.8720 24.0750 -43.4820 -25.7026 1.7578 -36.6161 -13.4983 -47.5176 -31.8635 33.1660 -46.4363 -27.3516 12.4740 -39.4493 -21.1884 -35.3427 -33.6053 28.0673 -48.6220 -29.2189 21.0156 -42.4596 -25.0150 -4.6609 -35.5755 -8.3336 -48.5140 -31.2091 30.3888 -45.4895 -26.7776 9.5124 -38.4881 -19.2961 -41.5156 -33.1051 33.7147 -48.0698 -28.5894 18.2072 -41.4836 -24.0713 -13.8215 -34.4747 -0.2486 -48.7599 -30.6484 27.9000 -44.7469 -26.3828 7.3195 -37.8990 -17.6695
-38.6342 7.4691 -26.4064 -44.7875 28.0258 -30.6736 -48.7590 -0.4830 -34.4872 -13.8215 -24.0601 -41.4634 18.1236 -28.5660 -48.0430 33.8311 -33.0827 -41.7107 -19.2104 -38.4498 9.3851 -26.7551 -45.4505 30.2649 -31.1832 -48.5380 -8.0363 -35.5229 -5.0599 -24.9723 -42.4117 20.8702 -29.1837 -48.5982 28.5305 -33.5861 -35.7044 -21.1018 -39.3995 12.3302 -27.3243 -46.3932 33.0479 -31.8376 -47.5663 -12.7388 -37.5049 18.0128 -48.9072 -29.8456 23.9111 -43.4314 -25.6768 1.5141 -36.5698 -13.2980 -47.5856 -31.8365 33.0410 -46.3901 -27.3222 12.3319 -39.4030 -21.1025 -35.7041 -33.5809 28.4761 -48.5995 -29.1847 20.8700 -42.4115 -24.9735 -5.0597 -35.5219 -8.0347 -48.5380 -31.1832 30.2649 -45.4505 -26.7551 9.3851 -38.4498 -19.2104 -41.7107 -33.0827 33.8311 -48.0430 -28.5660 18.1236 -41.4634 -24.0601 -13.8215 -34.4872 -0.4830 -48.7590 -30.6736 28.0258 -44.7873 -26.4063 7.4924 -38.6387
7.2401 -26.4301 -44.8315 28.1562 -30.7024 -48.7569 -0.8978 -34.5241 -13.5971 -24.0713 -41.4634 18.0951 -28.5534 -48.0227 33.9295 -33.0584 -41.9019 -19.1238 -38.4115 9.2589 -26.7326 -45.4115 30.1423 -31.1565 -48.5590 -7.7530 -35.4739 -5.4216 -24.9351 -42.3672 20.7403 -29.1519 -48.5742 28.9222 -33.5596 -36.0818 -21.0188 -39.3509 12.1853 -27.2947 -46.3472 32.9266 -31.8037 -47.6524 -13.1612 -36.4147 9.6862 -34.4926 17.1026 -48.8839 -29.8099 23.7569 -43.3805 -25.6501 1.2525 -36.5225 -13.1050 -47.6512 -31.8073 32.9189 -46.3442 -27.2927 12.1958 -39.3541 -21.0195 -36.0775 -33.5573 28.8970 -48.5744 -29.1518 20.7401 -42.3670 -24.9351 -5.4216 -35.4734 -7.7530 -48.5590 -31.1565 30.1423 -45.4115 -26.7326 9.2589 -38.4115 -19.1238 -41.9019 -33.0584 33.9295 -48.0227 -28.5534 18.0951 -41.4634 -24.0713 -13.5971 -34.5241 -0.8978 -48.7569 -30.7024 28.1563 -44.8315 -26.4302 7.2614
-24.9283 -44.8808 28.3076 -30.7339 -48.7536 -1.3551 -34.5733 -13.1951 -24.1041 -41.4836 18.1236 -28.5534 -48.0159 33.9817 -33.0398 -42.0708 -19.0378 -38.3732 9.1319 -26.7102 -45.3725 30.0192 -31.1299 -48.5788 -7.4690 -35.4276 -5.7618 -24.8993 -42.3261 20.6194 -29.1234 -48.5520 29.3034 -33.5364 -36.4458 -20.9307 -39.3048 12.0433 -27.2643 -46.3006 32.8026 -31.7711 -47.7192 -12.9042 -36.4781 0.2183 -29.8815 -28.0218 -33.9485 17.9374 -48.8782 -29.7755 23.6021 -43.3302 -25.6235 0.9839 -36.4747 -12.9080 -47.7152 -31.7763 32.7950 -46.2980 -27.2633 12.0513 -39.3058 -20.9318 -36.4438 -33.5373 29.3020 -48.5520 -29.1234 20.6193 -42.3261 -24.8993 -5.7618 -35.4276 -7.4690 -48.5788 -31.1299 30.0192 -45.3725 -26.7102 9.1319 -38.3732 -19.0378 -42.0708 -33.0398 33.9817 -48.0159 -28.5534 18.1236 -41.4836 -24.1041 -13.1951 -34.5733 -1.3546 -48.7536 -30.7337 28.3076 -44.8809 -24.9277
-44.9540 28.4720 -30.7645 -48.7489 -1.8370 -34.6235 -12.7527 -24.1477 -41.5201 18.2072 -28.5660 -48.0227 33.9817 -33.0341 -42.1633 -18.9732 -38.3388 9.0063 -26.6878 -45.3334 29.8957 -31.1032 -48.5974 -7.1780 -35.3816 -6.1035 -24.8635 -42.2854 20.5014 -29.0972 -48.5330 29.6379 -33.5196 -36.7626 -20.8485 -39.2621 11.9159 -27.2351 -46.2517 32.6752 -31.7383 -47.7844 -12.6913 -36.4263 0.7663 -25.6961 -44.6709 -22.7855 -27.9886 -33.9471 18.6979 -48.8702 -29.7425 23.4494 -43.2826 -25.5962 0.7098 -36.4263 -12.7043 -47.7804 -31.7439 32.6683 -46.2511 -27.2349 11.9159 -39.2627 -20.8487 -36.7626 -33.5200 29.6379 -48.5330 -29.0972 20.5014 -42.2854 -24.8635 -6.1035 -35.3816 -7.1780 -48.5974 -31.1032 29.8957 -45.3334 -26.6878 9.0063 -38.3388 -18.9732 -42.1633 -33.0341 33.9817 -48.0227 -28.5660 18.2072 -41.5201 -24.1477 -12.7527 -34.6235 -1.8402 -48.7489 -30.7656 28.4631 -44.9539
28.4439 -30.6231 -48.7426 -2.3662 -34.6801 -12.2782 -24.1921 -41.5606 18.3195 -28.5894 -48.0430 33.9295 -33.0398 -42.1633 -18.9510 -38.3198 8.9122 -26.6677 -45.2947 29.7717 -31.0766 -48.6150 -6.8796 -35.3354 -6.4513 -24.8273 -42.2447 20.3838 -29.0713 -48.5131 29.9340 -33.5026 -37.0495 -20.7756 -39.2230 11.7970 -27.2094 -46.2079 32.5468 -31.7075 -47.8473 -12.4704 -36.3806 0.4276 -25.5685 -43.0613 30.3658 -40.0794 -22.4049 -28.5269 -33.9314 19.4116 -48.8614 -29.7087 23.3056 -43.2351 -25.5679 0.4296 -36.3771 -12.4842 -47.8427 -31.7096 32.5459 -46.2077 -27.2094 11.7970 -39.2230 -20.7756 -37.0495 -33.5026 29.9340 -48.5131 -29.0713 20.3838 -42.2447 -24.8273 -6.4513 -35.3354 -6.8796 -48.6150 -31.0766 29.7717 -45.2947 -26.6677 8.9122 -38.3198 -18.9510 -42.1633 -33.0398 33.9295 -48.0430 -28.5894 18.3195 -41.5606 -24.1916 -12.3080 -34.6779 -2.3673 -48.7426 -30.6244 28.4306
-30.0703 -48.7350 -2.8849 -34.7405 -11.7663 -24.2386 -41.6011 18.4338 -28.6147 -48.0698 33.8311 -33.0584 -42.0708 -18.9732 -38.3198 8.8800 -26.6565 -45.2658 29.6596 -31.0491 -48.6315 -6.5736 -35.2889 -6.8053 -24.7905 -42.2039 20.2664 -29.0455 -48.4929 30.2195 -33.4828 -37.3275 -20.7030 -39.1840 11.6804 -27.1859 -46.1700 32.4326 -31.6803 -47.9037 -12.2557 -36.3339 0.1632 -25.5380 -43.2015 22.7688 -33.3430 14.3652 -40.1571 -22.3285 -29.0004 -33.9145 20.1060 -48.8516 -29.6750 23.1613 -43.1875 -25.5385 0.1421 -36.3281 -12.2612 -47.9000 -31.6804 32.4325 -46.1700 -27.1859 11.6804 -39.1840 -20.7030 -37.3275 -33.4828 30.2195 -48.4929 -29.0455 20.2664 -42.2039 -24.7905 -6.8053 -35.2889 -6.5736 -48.6315 -31.0491 29.6596 -45.2658 -26.6565 8.8800 -38.3198 -18.9732 -42.0708 -33.0584 33.8311 -48.0698 -28.6147 18.4338 -41.6011 -24.2378 -11.7986 -34.7380 -2.8827 -48.7351 -30.0684
-48.7859 -3.4216 -34.7984 -11.2589 -24.2877 -41.6423 18.5484 -28.6401 -48.0964 33.7147 -33.0827 -41.9019 -19.0378 -38.3388 8.9122 -26.6565 -45.2560 29.5973 -31.0283 -48.6454 -6.2651 -35.2421 -7.1654 -24.7533 -42.1632 20.1492 -29.0197 -48.4722 30.4947 -33.4628 -37.6006 -20.6298 -39.1451 11.5635 -27.1626 -46.1326 32.3264 -31.6550 -47.9507 -12.0543 -36.2868 -0.1091 -25.5085 -43.1376 23.0568 -30.0358 -48.6147 -28.7813 14.3672 -40.1026 -22.2574 -29.4958 -33.8952 20.7766 -48.8412 -29.6454 23.0179 -43.1395 -25.5089 -0.1320 -36.2843 -12.0569 -47.9507 -31.6550 32.3264 -46.1326 -27.1626 11.5635 -39.1451 -20.6298 -37.6006 -33.4628 30.4947 -48.4722 -29.0197 20.1492 -42.1632 -24.7533 -7.1654 -35.2421 -6.2651 -48.6454 -31.0283 29.5973 -45.2560 -26.6565 8.9122 -38.3388 -19.0378 -41.9019 -33.0827 33.7147 -48.0964 -28.6401 18.5483 -41.6426 -24.2876 -11.2609 -34.7998 -3.3909 -48.7859
-8.8543 -34.8548 -10.7680 -24.3374 -41.6871 18.6655 -28.6672 -48.1231 33.5907 -33.1051 -41.7107 -19.1238 -38.3732 9.0063 -26.6677 -45.2658 29.5973 -31.0216 -48.6527 -6.0300 -35.1997 -7.5259 -24.7156 -42.1225 20.0322 -28.9939 -48.4512 30.7596 -33.4427 -37.8689 -20.5560 -39.1062 11.4462 -27.1394 -46.0951 32.2192 -31.6287 -47.9955 -11.8658 -36.2434 -0.3702 -25.4816 -43.0942 22.8796 -29.6040 -48.5200 -6.0730 -46.3128 -27.7095 14.2121 -40.0540 -22.1825 -29.9893 -33.8727 21.3614 -48.8312 -29.6201 22.8833 -43.0948 -25.4813 -0.3735 -36.2434 -11.8658 -47.9955 -31.6287 32.2192 -46.0951 -27.1394 11.4462 -39.1062 -20.5560 -37.8689 -33.4427 30.7596 -48.4512 -28.9939 20.0322 -42.1225 -24.7156 -7.5259 -35.1997 -6.0300 -48.6527 -31.0216 29.5973 -45.2658 -26.6677 9.0063 -38.3732 -19.1238 -41.7107 -33.1051 33.5907 -48.1226 -28.6658 18.6647 -41.6871 -24.3395 -10.7326 -34.8605 -8.8261
-35.9436 -10.2912 -24.3875 -41.7373 18.7994 -28.6978 -48.1519 33.4567 -33.1274 -41.5156 -19.2104 -38.4115 9.1319 -26.6878 -45.2947 29.6596 -31.0283 -48.6527 -5.9489 -35.1762 -7.7987 -24.6814 -42.0824 19.9154 -28.9681 -48.4297 31.0145 -33.4224 -38.1324 -20.4815 -39.0673 11.3286 -27.1163 -46.0575 32.1107 -31.6024 -48.0387 -11.6740 -36.2028 -0.6155 -25.4550 -43.0534 22.7594 -29.5966 -48.8483 23.8362 -35.6543 34.3965 -46.9415 -27.6831 14.0732 -40.0077 -22.1069 -30.4488 -33.8528 21.8886 -48.8211 -29.5946 22.7594 -43.0534 -25.4550 -0.6155 -36.2028 -11.6740 -48.0387 -31.6024 32.1107 -46.0575 -27.1163 11.3286 -39.0673 -20.4815 -38.1324 -33.4224 31.0145 -48.4297 -28.9681 19.9154 -42.0824 -24.6814 -7.7987 -35.1762 -5.9489 -48.6527 -31.0283 29.6596 -45.2947 -26.6878 9.1319 -38.4115 -19.2104 -41.5156 -33.1273 33.4567 -48.1509 -28.6962 18.7985 -41.7370 -24.3918 -10.2218 -35.9498
-12.1849 -24.4392 -41.7881 18.9431 -28.7297 -48.1834 33.2918 -33.1479 -41.3164 -19.2961 -38.4498 9.2589 -26.7102 -45.3334 29.7717 -31.0491 -48.6454 -6.0300 -35.1762 -7.8923 -24.6622 -42.0526 19.8104 -28.9422 -48.4079 31.2594 -33.4019 -38.3912 -20.4064 -39.0284 11.2106 -27.0931 -46.0198 32.0010 -31.5761 -48.0805 -11.4783 -36.1618 -0.8618 -25.4282 -43.0126 22.6374 -29.5682 -48.8082 22.2136 -34.2306 -7.5012 -33.4850 34.1884 -46.8905 -27.6550 13.9496 -39.9639 -22.0389 -30.8619 -33.8362 22.3985 -48.8106 -29.5682 22.6374 -43.0126 -25.4282 -0.8618 -36.1618 -11.4783 -48.0805 -31.5761 32.0010 -46.0198 -27.0931 11.2106 -39.0284 -20.4064 -38.3912 -33.4019 31.2594 -48.4079 -28.9422 19.8104 -42.0526 -24.6622 -7.8923 -35.1762 -6.0300 -48.6454 -31.0491 29.7717 -45.3334 -26.7102 9.2589 -38.4498 -19.2961 -41.3164 -33.1478 33.2902 -48.1832 -28.7295 18.9430 -41.7881 -24.4435 -12.1210
-22.7733 -41.8391 19.0896 -28.7606 -48.2148 33.1025 -33.1698 -41.0944 -19.3823 -38.4881 9.3851 -26.7326 -45.3725 29.8957 -31.0766 -48.6315 -6.2651 -35.1997 -7.7987 -24.6622 -42.0424 19.7522 -28.9227 -48.3874 31.4906 -33.3813 -38.6454 -20.3307 -38.9896 11.0923 -27.0701 -45.9820 31.8901 -31.5498 -48.1207 -11.2787 -36.1205 -1.1125 -25.4008 -42.9718 22.5157 -29.5420 -48.7996 22.9067 -33.7939 -32.4495 -26.5041 -46.7947 -32.1572 34.1078 -46.8530 -27.6309 13.8351 -39.9237 -21.9758 -31.2370 -33.8200 22.8970 -48.7996 -29.5420 22.5157 -42.9718 -25.4008 -1.1125 -36.1205 -11.2787 -48.1207 -31.5498 31.8901 -45.9820 -27.0701 11.0923 -38.9896 -20.3307 -38.6454 -33.3813 31.4906 -48.3874 -28.9227 19.7522 -42.0424 -24.6622 -7.7987 -35.1997 -6.2651 -48.6315 -31.0766 29.8957 -45.3725 -26.7326 9.3851 -38.4881 -19.3813 -41.1104 -33.1674 33.1014 -48.2148 -28.7606 19.0896 -41.8391 -22.7753
-42.1717 19.2412 -28.7906 -48.2441 32.9140 -33.1971 -40.8474 -19.4752 -38.5270 9.5107 -26.7551 -45.4115 30.0192 -31.1032 -48.6150 -6.5736 -35.2421 -7.5259 -24.6814 -42.0526 19.7522 -28.9163 -48.3762 31.6569 -33.3604 -38.8910 -20.2543 -38.9508 10.9735 -27.0470 -45.9441 31.7782 -31.5234 -48.1595 -11.0750 -36.0789 -1.3678 -25.3729 -42.9310 22.3942 -29.5157 -48.7879 23.3843 -33.8064 -31.4837 -21.8058 -40.9171 -14.9491 -46.7765 -32.1430 34.0375 -46.8179 -27.6069 13.7223 -39.8841 -21.9129 -31.6068 -33.8036 23.3843 -48.7879 -29.5157 22.3942 -42.9310 -25.3729 -1.3678 -36.0789 -11.0750 -48.1595 -31.5234 31.7782 -45.9441 -27.0470 10.9735 -38.9508 -20.2543 -38.8910 -33.3604 31.6569 -48.3762 -28.9163 19.7522 -42.0526 -24.6814 -7.5259 -35.2421 -6.5736 -48.6150 -31.1032 30.0192 -45.4115 -26.7551 9.5124 -38.5297 -19.4734 -40.8670 -33.1926 32.9131 -48.2441 -28.7911 19.2330 -42.1715
19.5556 -28.7341 -48.2745 32.7038 -33.2266 -40.5813 -19.5781 -38.5694 9.6376 -26.7776 -45.4505 30.1423 -31.1299 -48.5974 -6.8796 -35.2889 -7.1654 -24.7156 -42.0824 19.8104 -28.9227 -48.3762 31.7124 -33.3500 -39.0713 -20.1849 -38.9127 10.8543 -27.0240 -45.9061 31.6653 -31.4970 -48.1968 -10.8672 -36.0370 -1.6277 -25.3445 -42.8902 22.2729 -29.4895 -48.7758 23.8605 -33.7869 -31.9773 -21.8659 -39.7152 19.7268 -36.9331 -14.9169 -46.8670 -32.1176 33.9652 -46.7827 -27.5830 13.6094 -39.8446 -21.8496 -31.9713 -33.7869 23.8605 -48.7758 -29.4895 22.2729 -42.8902 -25.3445 -1.6277 -36.0370 -10.8672 -48.1968 -31.4970 31.6653 -45.9061 -27.0240 10.8543 -38.9127 -20.1849 -39.0713 -33.3500 31.7124 -48.3762 -28.9227 19.8104 -42.0824 -24.7156 -7.1654 -35.2889 -6.8796 -48.5974 -31.1299 30.1423 -45.4505 -26.7776 9.6497 -38.5753 -19.5726 -40.5997 -33.2223 32.7027 -48.2745 -28.7347 19.5408
-27.7398 -48.3040 32.4754 -33.2516 -40.3105 -19.6800 -38.6144 9.7742 -26.8006 -45.4895 30.2649 -31.1565 -48.5788 -7.1780 -35.3354 -6.8053 -24.7533 -42.1225 19.9154 -28.9422 -48.3874 31.6569 -33.3500 -39.1321 -20.1462 -38.8843 10.7466 -27.0013 -45.8680 31.5513 -31.4706 -48.2328 -10.6549 -35.9948 -1.8923 -25.3155 -42.8494 22.1519 -29.4632 -48.7631 24.3253 -33.7701 -32.3307 -21.7851 -39.8175 13.1196 -31.8613 3.1428 -36.9280 -14.7664 -46.9430 -32.0920 33.8904 -46.7473 -27.5591 13.4964 -39.8051 -21.7857 -32.3307 -33.7701 24.3253 -48.7631 -29.4632 22.1519 -42.8494 -25.3155 -1.8923 -35.9948 -10.6549 -48.2328 -31.4706 31.5513 -45.8680 -27.0013 10.7466 -38.8843 -20.1462 -39.1321 -33.3500 31.6569 -48.3874 -28.9422 19.9154 -42.1225 -24.7533 -6.8053 -35.3354 -7.1780 -48.5788 -31.1565 30.2649 -45.4895 -26.8005 9.7949 -38.6208 -19.6751 -40.3273 -33.2493 32.4761 -48.3040 -27.7382
-48.1195 32.1928 -33.2721 -40.0476 -19.7761 -38.6616 9.9269 -26.8271 -45.5320 30.3888 -31.1832 -48.5590 -7.4690 -35.3816 -6.4513 -24.7905 -42.1632 20.0322 -28.9681 -48.4079 31.4906 -33.3604 -39.0713 -20.1462 -38.8747 10.6866 -26.9844 -45.8335 31.4382 -31.4442 -48.2674 -10.4382 -35.9522 -2.1619 -25.2861 -42.8087 22.0311 -29.4370 -48.7498 24.7786 -33.7530 -32.6848 -21.7213 -39.7651 13.4210 -27.7848 -47.9323 -26.5388 3.2163 -36.8869 -14.6263 -47.0176 -32.0664 33.8132 -46.7117 -27.5352 13.3832 -39.7657 -21.7213 -32.6848 -33.7530 24.7786 -48.7498 -29.4370 22.0311 -42.8087 -25.2861 -2.1619 -35.9522 -10.4382 -48.2674 -31.4442 31.4382 -45.8335 -26.9844 10.6866 -38.8747 -20.1462 -39.0713 -33.3604 31.4906 -48.4079 -28.9681 20.0322 -42.1632 -24.7905 -6.4513 -35.3816 -7.4690 -48.5590 -31.1832 30.3888 -45.5319 -26.8265 9.9399 -38.6657 -19.7763 -40.0486 -33.2765 32.2093 -48.1204
22.6838 -32.9456 -39.7814 -19.8706 -38.7100 10.0812 -26.8564 -45.5804 30.5305 -31.2089 -48.5380 -7.7530 -35.4276 -6.1035 -24.8273 -42.2039 20.1492 -28.9939 -48.4297 31.2594 -33.3813 -38.8910 -20.1849 -38.8843 10.6866 -26.9787 -45.8144 31.3533 -31.4190 -48.3001 -10.2168 -35.9094 -2.4365 -25.2561 -42.7679 21.9105 -29.4109 -48.7360 25.2205 -33.7357 -33.0336 -21.6564 -39.7262 13.2680 -27.5035 -46.3996 33.5375 -43.3825 -25.8314 3.0037 -36.8501 -14.4831 -47.0901 -32.0407 33.7336 -46.6761 -27.5114 13.2698 -39.7262 -21.6564 -33.0336 -33.7357 25.2205 -48.7360 -29.4109 21.9105 -42.7679 -25.2561 -2.4365 -35.9094 -10.2168 -48.3001 -31.4190 31.3533 -45.8144 -26.9787 10.6866 -38.8843 -20.1849 -38.8910 -33.3813 31.2594 -48.4297 -28.9939 20.1492 -42.2039 -24.8273 -6.1035 -35.4276 -7.7530 -48.5380 -31.2091 30.5223 -45.5777 -26.8547 10.0831 -38.7106 -19.8759 -39.7618 -32.9577 22.7422
-33.2457 -39.5134 -19.9642 -38.7583 10.2341 -26.8850 -45.6293 30.6821 -31.2373 -48.5139 -8.0363 -35.4739 -5.7618 -24.8635 -42.2447 20.2664 -29.0197 -48.4512 31.0145 -33.4019 -38.6454 -20.2543 -38.9127 10.7466 -26.9844 -45.8144 31.3243 -31.4057 -48.3236 -10.0133 -35.8669 -2.7162 -25.2256 -42.7271 21.7902 -29.3847 -48.7218 25.6509 -33.7183 -33.3772 -21.5910 -39.6868 13.1563 -27.4888 -46.6593 33.4215 -34.7676 24.5926 -43.7025 -25.8125 2.8158 -36.8135 -14.3376 -47.1607 -32.0149 33.6518 -46.6403 -27.4876 13.1563 -39.6868 -21.5910 -33.3772 -33.7183 25.6509 -48.7218 -29.3847 21.7902 -42.7271 -25.2256 -2.7162 -35.8669 -10.0133 -48.3236 -31.4057 31.3243 -45.8144 -26.9844 10.7466 -38.9127 -20.2543 -38.6454 -33.4019 31.0145 -48.4512 -29.0197 20.2664 -42.2447 -24.8635 -5.7618 -35.4734 -8.0347 -48.5140 -31.2387 30.6723 -45.6260 -26.8836 10.2331 -38.7580 -19.9753 -39.4736 -33.2557
-40.7108 -20.0521 -38.8066 10.3860 -26.9134 -45.6775 30.8320 -31.2706 -48.4860 -8.3352 -35.5229 -5.4216 -24.8993 -42.2854 20.3838 -29.0455 -48.4722 30.7596 -33.4224 -38.3912 -20.3307 -38.9508 10.8543 -27.0013 -45.8335 31.3533 -31.4057 -48.3314 -9.8986 -35.8351 -2.9726 -25.1952 -42.6863 21.6701 -29.3586 -48.7070 26.0698 -33.7006 -33.7155 -21.5251 -39.6475 13.0427 -27.4639 -46.6031 33.5930 -32.4734 -39.8862 -31.3079 24.6051 -43.6576 -25.7920 2.6253 -36.7769 -14.1898 -47.2294 -31.9892 33.5678 -46.6043 -27.4639 13.0427 -39.6475 -21.5251 -33.7155 -33.7006 26.0698 -48.7070 -29.3586 21.6701 -42.6863 -25.1952 -2.9726 -35.8351 -9.8986 -48.3314 -31.4057 31.3533 -45.8335 -27.0013 10.8543 -38.9508 -20.3307 -38.3912 -33.4224 30.7596 -48.4722 -29.0455 20.3838 -42.2854 -24.8993 -5.4216 -35.5219 -8.3336 -48.4861 -31.2704 30.8312 -45.6772 -26.9133 10.3859 -38.8066 -20.0632 -40.6798
-19.2835 -38.8552 10.5398 -26.9414 -45.7256 30.9808 -31.3038 -48.4547 -8.6606 -35.5751 -5.0599 -24.9351 -42.3261 20.5014 -29.0713 -48.4929 30.4947 -33.4427 -38.1324 -20.4064 -38.9896 10.9735 -27.0240 -45.8680 31.4382 -31.4190 -48.3236 -9.8986 -35.8242 -3.1168 -25.1723 -42.6495 21.5521 -29.3324 -48.6917 26.4772 -33.6827 -34.0486 -21.4586 -39.6081 12.9288 -27.4402 -46.5683 33.4805 -31.9392 -47.5052 -20.6394 -48.7302 -29.9505 24.4702 -43.6170 -25.7716 2.4321 -36.7404 -14.0396 -47.2961 -31.9633 33.4816 -46.5683 -27.4402 12.9288 -39.6081 -21.4586 -34.0486 -33.6827 26.4772 -48.6917 -29.3324 21.5521 -42.6495 -25.1723 -3.1168 -35.8242 -9.8986 -48.3236 -31.4190 31.4382 -45.8680 -27.0240 10.9735 -38.9896 -20.4064 -38.1324 -33.4427 30.4947 -48.4929 -29.0713 20.5014 -42.3261 -24.9351 -5.0597 -35.5755 -8.6401 -48.4567 -31.3004 30.9807 -45.7256 -26.9414 10.5398 -38.8551 -19.2896
-39.4884 10.6979 -26.9687 -45.7709 31.1204 -31.3370 -48.4216 -8.9799 -35.6276 -4.6831 -24.9723 -42.3672 20.6194 -29.0972 -48.5131 30.2195 -33.4628 -37.8689 -20.4815 -39.0284 11.0923 -27.0470 -45.9061 31.5513 -31.4442 -48.3001 -10.0133 -35.8351 -3.1168 -25.1644 -42.6291 21.4643 -29.3082 -48.6755 26.8731 -33.6647 -34.3765 -21.3916 -39.5688 12.8147 -27.4165 -46.5321 33.3935 -31.9403 -47.3395 -13.3607 -37.6014 16.2002 -48.9171 -29.9337 24.3450 -43.5763 -25.7512 2.2360 -36.7039 -13.8870 -47.3609 -31.9375 33.3935 -46.5321 -27.4165 12.8147 -39.5688 -21.3916 -34.3765 -33.6647 26.8731 -48.6755 -29.3082 21.4643 -42.6291 -25.1644 -3.1168 -35.8351 -10.0133 -48.3001 -31.4442 31.5513 -45.9061 -27.0470 11.0923 -39.0284 -20.4815 -37.8689 -33.4628 30.2195 -48.5131 -29.0972 20.6193 -42.3670 -24.9735 -4.6609 -35.6317 -8.9557 -48.4241 -31.3331 31.1201 -45.7709 -26.9688 10.6893 -39.4881
10.6701 -26.9756 -45.8188 31.2652 -31.3715 -48.3865 -9.2900 -35.6798 -4.3128 -25.0123 -42.4117 20.7403 -29.1234 -48.5330 29.9340 -33.4828 -37.6006 -20.5560 -39.0673 11.2106 -27.0701 -45.9441 31.6653 -31.4706 -48.2674 -10.2168 -35.8669 -2.9726 -25.1723 -42.6291 21.4344 -29.2952 -48.6629 27.2195 -33.6442 -34.6991 -21.3241 -39.5296 12.7005 -27.3929 -46.4958 33.3034 -31.9116 -47.4250 -13.7840 -36.5634 10.1214 -34.5071 15.0875 -48.8968 -29.9072 24.2202 -43.5356 -25.7309 2.0370 -36.6674 -13.7318 -47.4239 -31.9116 33.3034 -46.4958 -27.3929 12.7005 -39.5296 -21.3241 -34.6991 -33.6442 27.2195 -48.6629 -29.2952 21.4344 -42.6291 -25.1723 -2.9726 -35.8669 -10.2168 -48.2674 -31.4706 31.6653 -45.9441 -27.0701 11.2106 -39.0673 -20.5560 -37.6006 -33.4828 29.9340 -48.5330 -29.1234 20.7401 -42.4115 -25.0150 -4.2652 -35.6867 -9.2684 -48.3889 -31.3679 31.2650 -45.8187 -26.9757 10.6542
-25.5999 -45.8666 31.4111 -31.4029 -48.3496 -9.5894 -35.7322 -3.9529 -25.0527 -42.4596 20.8702 -29.1519 -48.5520 29.6379 -33.5026 -37.3275 -20.6298 -39.1062 11.3286 -27.0931 -45.9820 31.7782 -31.4970 -48.2328 -10.4382 -35.9094 -2.7162 -25.1952 -42.6495 21.4643 -29.2952 -48.6588 27.4080 -33.6282 -34.9853 -21.2571 -39.4903 12.5860 -27.3693 -46.4593 33.2113 -31.8856 -47.4851 -13.5714 -36.6398 1.1376 -29.9834 -26.6139 -33.9953 15.7545 -48.8951 -29.8807 24.0956 -43.4949 -25.7105 1.8349 -36.6307 -13.5741 -47.4851 -31.8856 33.2113 -46.4593 -27.3693 12.5860 -39.4903 -21.2571 -34.9853 -33.6282 27.4080 -48.6588 -29.2952 21.4643 -42.6495 -25.1952 -2.7162 -35.9094 -10.4382 -48.2328 -31.4970 31.7782 -45.9820 -27.0931 11.3286 -39.1062 -20.6298 -37.3275 -33.5026 29.6379 -48.5520 -29.1518 20.8700 -42.4596 -25.0558 -3.9019 -35.7388 -9.5707 -48.3519 -31.4010 31.4103 -45.8659 -25.5987
-45.8610 31.5491 -31.4312 -48.3128 -9.8656 -35.7864 -3.5823 -25.0938 -42.5105 21.0166 -29.1837 -48.5742 29.3034 -33.5196 -37.0495 -20.7030 -39.1451 11.4462 -27.1163 -46.0198 31.8901 -31.5234 -48.1968 -10.6549 -35.9522 -2.4365 -25.2256 -42.6863 21.5521 -29.3082 -48.6629 27.4080 -33.6236 -35.1423 -21.2068 -39.4550 12.4731 -27.3457 -46.4228 33.1175 -31.8597 -47.5445 -13.4136 -36.5933 1.6988 -25.7991 -44.8373 -23.0060 -26.4569 -33.9966 16.3601 -48.8915 -29.8542 23.9711 -43.4542 -25.6899 1.6298 -36.5936 -13.4136 -47.5445 -31.8597 33.1175 -46.4228 -27.3457 12.4731 -39.4550 -21.2068 -35.1423 -33.6236 27.4080 -48.6629 -29.3082 21.5521 -42.6863 -25.2256 -2.4365 -35.9522 -10.6549 -48.1968 -31.5234 31.8901 -46.0198 -27.1163 11.4462 -39.1451 -20.7030 -37.0495 -33.5200 29.3020 -48.5744 -29.1847 21.0156 -42.5102 -25.0954 -3.5510 -35.7901 -9.8644 -48.3129 -31.4344 31.5407 -45.8606
30.7757 -31.2497 -48.2745 -10.1321 -35.8412 -3.2115 -25.1355 -42.5647 21.1743 -29.2151 -48.5982 28.9222 -33.5364 -36.7626 -20.7756 -39.1840 11.5635 -27.1394 -46.0575 32.0010 -31.5498 -48.1595 -10.8672 -35.9948 -2.1619 -25.2561 -42.7271 21.6701 -29.3324 -48.6755 27.2195 -33.6282 -35.1423 -21.1896 -39.4354 12.3888 -27.3244 -46.3865 33.0219 -31.8337 -47.6021 -13.2504 -36.5562 1.4180 -25.6688 -43.2346 30.8826 -40.2252 -22.6276 -26.9113 -33.9833 16.9595 -48.8872 -29.8277 23.8469 -43.4135 -25.6687 1.4214 -36.5562 -13.2504 -47.6021 -31.8337 33.0219 -46.3865 -27.3244 12.3888 -39.4354 -21.1896 -35.1423 -33.6282 27.2195 -48.6755 -29.3324 21.6701 -42.7271 -25.2561 -2.1619 -35.9948 -10.8672 -48.1595 -31.5498 32.0010 -46.0575 -27.1394 11.5635 -39.1840 -20.7756 -36.7626 -33.5373 28.8970 -48.5995 -29.2189 21.1651 -42.5615 -25.1347 -3.2071 -35.8417 -10.1481 -48.2717 -31.2587 30.7673
-30.8694 -48.2351 -10.3922 -35.8956 -2.8488 -25.1753 -42.6160 21.3242 -29.2454 -48.6195 28.5305 -33.5596 -36.4458 -20.8485 -39.2230 11.6804 -27.1626 -46.0951 32.1107 -31.5761 -48.1207 -11.0750 -36.0370 -1.8923 -25.2861 -42.7679 21.7902 -29.3586 -48.6917 26.8731 -33.6442 -34.9853 -21.2068 -39.4354 12.3600 -27.3126 -46.3593 32.9343 -31.8065 -47.6580 -13.0844 -36.5183 1.2098 -25.6473 -43.3877 23.3204 -33.4189 14.8142 -40.3197 -22.5679 -27.3312 -33.9694 17.5519 -48.8822 -29.8012 23.7229 -43.3727 -25.6469 1.2098 -36.5183 -13.0844 -47.6580 -31.8065 32.9343 -46.3593 -27.3126 12.3600 -39.4354 -21.2068 -34.9853 -33.6442 26.8731 -48.6917 -29.3586 21.7902 -42.7679 -25.2861 -1.8923 -36.0370 -11.0750 -48.1207 -31.5761 32.1107 -46.0951 -27.1626 11.6804 -39.2230 -20.8487 -36.4438 -33.5573 28.4761 -48.6220 -29.2505 21.3150 -42.6128 -25.1742 -2.8509 -35.8953 -10.4260 -48.2292 -30.8777
-48.4252 -10.6594 -35.9490 -2.4988 -25.2134 -42.6641 21.4650 -29.2776 -48.6407 28.1038 -33.5861 -36.0818 -20.9307 -39.2621 11.7970 -27.1859 -46.1326 32.2192 -31.6024 -48.0805 -11.2787 -36.0789 -1.6277 -25.3155 -42.8087 21.9105 -29.3847 -48.7070 26.4772 -33.6647 -34.6991 -21.2571 -39.4550 12.3888 -27.3126 -46.3501 32.8851 -31.7859 -47.7068 -12.9182 -36.4801 0.9947 -25.6246 -43.3312 23.6401 -30.1661 -48.5286 -28.8986 14.8443 -40.2743 -22.5098 -27.7498 -33.9553 18.1366 -48.8766 -29.7748 23.5991 -43.3320 -25.6246 0.9947 -36.4801 -12.9182 -47.7068 -31.7859 32.8851 -46.3501 -27.3126 12.3888 -39.4550 -21.2571 -34.6991 -33.6647 26.4772 -48.7070 -29.3847 21.9105 -42.8087 -25.3155 -1.6277 -36.0789 -11.2787 -48.0805 -31.6024 32.2192 -46.1326 -27.1859 11.7970 -39.2627 -20.9318 -36.0775 -33.5809 28.0673 -48.6425 -29.2815 21.4635 -42.6635 -25.2133 -2.4991 -35.9489 -10.6926 -48.4210
-12.9202 -36.0027 -2.1511 -25.2515 -42.7145 21.6131 -29.3111 -48.6619 27.6505 -33.6080 -35.7044 -21.0188 -39.3048 11.9159 -27.2094 -46.1700 32.3264 -31.6287 -48.0387 -11.4783 -36.1205 -1.3678 -25.3445 -42.8494 22.0311 -29.4109 -48.7218 26.0698 -33.6827 -34.3765 -21.3241 -39.4903 12.4731 -27.3244 -46.3593 32.8851 -31.7793 -47.7334 -12.7923 -36.4455 0.7796 -25.6017 -43.2912 23.4736 -29.7318 -48.5999 -7.5163 -46.4735 -27.8144 14.7156 -40.2345 -22.4512 -28.1637 -33.9409 18.7131 -48.8703 -29.7484 23.4756 -43.2912 -25.6017 0.7796 -36.4455 -12.7923 -47.7334 -31.7793 32.8851 -46.3593 -27.3244 12.4731 -39.4903 -21.3241 -34.3765 -33.6827 26.0698 -48.7218 -29.4109 22.0311 -42.8494 -25.3445 -1.3678 -36.1205 -11.4783 -48.0387 -31.6287 32.3264 -46.1700 -27.2094 11.9159 -39.3058 -21.0195 -35.7041 -33.6053 27.6184 -48.6632 -29.3139 21.6131 -42.7145 -25.2517 -2.1533 -36.0018 -12.9367
-36.9672 -1.7952 -25.2900 -42.7655 21.7631 -29.3437 -48.6821 27.1813 -33.6274 -35.3426 -21.1018 -39.3509 12.0433 -27.2351 -46.2079 32.4326 -31.6550 -47.9955 -11.6740 -36.1618 -1.1125 -25.3729 -42.8902 22.1519 -29.4370 -48.7360 25.6509 -33.7006 -34.0486 -21.3916 -39.5296 12.5860 -27.3457 -46.3865 32.9343 -31.7859 -47.7334 -12.7490 -36.4261 0.6169 -25.5807 -43.2511 23.3523 -29.7241 -48.8912 21.4069 -35.7336 34.6737 -47.0965 -27.7958 14.6034 -40.1947 -22.3922 -28.5730 -33.9263 19.2809 -48.8634 -29.7219 23.3523 -43.2511 -25.5807 0.6169 -36.4261 -12.7490 -47.7334 -31.7859 32.9343 -46.3865 -27.3457 12.5860 -39.5296 -21.3916 -34.0486 -33.7006 25.6509 -48.7360 -29.4370 22.1519 -42.8902 -25.3729 -1.1125 -36.1618 -11.6740 -47.9955 -31.6550 32.4325 -46.2077 -27.2349 12.0513 -39.3541 -21.1025 -35.3427 -33.6263 27.1517 -48.6832 -29.3453 21.7723 -42.7686 -25.2904 -1.8162 -36.9662
-2.8396 -25.3378 -42.8137 21.9052 -29.3763 -48.7015 26.6945 -33.6461 -34.9783 -21.1832 -39.3995 12.1853 -27.2643 -46.2517 32.5468 -31.6803 -47.9507 -11.8658 -36.2028 -0.8618 -25.4008 -42.9310 22.2729 -29.4632 -48.7498 25.2205 -33.7183 -33.7155 -21.4586 -39.5688 12.7005 -27.3693 -46.4228 33.0219 -31.8065 -47.7068 -12.7923 -36.4261 0.5610 -25.5688 -43.2211 23.2414 -29.6952 -48.8533 19.6373 -34.2864 -5.8629 -33.5801 34.4599 -47.0544 -27.7715 14.4912 -40.1550 -22.3327 -28.9774 -33.9114 19.8395 -48.8558 -29.6952 23.2414 -43.2211 -25.5688 0.5610 -36.4261 -12.7923 -47.7068 -31.8065 33.0219 -46.4228 -27.3693 12.7005 -39.5688 -21.4586 -33.7155 -33.7183 25.2205 -48.7498 -29.4632 22.2729 -42.9310 -25.4008 -0.8618 -36.2028 -11.8658 -47.9507 -31.6804 32.5459 -46.2511 -27.2633 12.1958 -39.4030 -21.1884 -34.9537 -33.6491 26.6940 -48.7017 -29.3757 21.9236 -42.8199 -25.3388 -2.8674
-23.6159 -42.8641 22.0560 -29.4096 -48.7200 26.1938 -33.6661 -34.6067 -21.2639 -39.4487 12.3302 -27.2947 -46.3006 32.6752 -31.7075 -47.9037 -12.0543 -36.2434 -0.6155 -25.4282 -42.9718 22.3942 -29.4895 -48.7631 24.7786 -33.7357 -33.3772 -21.5251 -39.6081 12.8147 -27.3929 -46.4593 33.1175 -31.8337 -47.6580 -12.9182 -36.4455 0.6169 -25.5688 -43.2109 23.1799 -29.6750 -48.8476 20.3900 -33.8654 -30.6691 -26.7569 -46.3920 -32.2799 34.4059 -47.0231 -27.7480 14.3815 -40.1157 -22.2728 -29.3793 -33.8978 20.3847 -48.8474 -29.6750 23.1799 -43.2109 -25.5688 0.6169 -36.4455 -12.9182 -47.6580 -31.8337 33.1175 -46.4593 -27.3929 12.8147 -39.6081 -21.5251 -33.3772 -33.7357 24.7786 -48.7631 -29.4895 22.3942 -42.9718 -25.4282 -0.6155 -36.2434 -12.0569 -47.9000 -31.7096 32.6683 -46.2980 -27.2927 12.3319 -39.4493 -21.2733 -34.5569 -33.6727 26.1933 -48.7201 -29.4083 22.0661 -42.8674 -23.6185
-43.1047 22.2076 -29.4412 -48.7378 25.6732 -33.6881 -34.2053 -21.3480 -39.4978 12.4740 -27.3243 -46.3472 32.8026 -31.7383 -47.8473 -12.2557 -36.2868 -0.3702 -25.4550 -43.0126 22.5157 -29.5157 -48.7758 24.3253 -33.7530 -33.0336 -21.5910 -39.6475 12.9288 -27.4165 -46.4958 33.2113 -31.8597 -47.6021 -13.0844 -36.4801 0.7796 -25.5807 -43.2211 23.1799 -29.6684 -48.8433 20.7760 -33.8540 -29.8244 -22.0980 -41.0858 -15.5562 -46.3871 -32.2368 34.3407 -46.9702 -27.7078 14.2712 -40.0753 -22.2229 -29.6789 -33.9816 20.7810 -48.8430 -29.6684 23.1799 -43.2211 -25.5807 0.7796 -36.4801 -13.0844 -47.6021 -31.8597 33.2113 -46.4958 -27.4165 12.9288 -39.6475 -21.5910 -33.0336 -33.7530 24.3253 -48.7758 -29.5157 22.5157 -43.0126 -25.4550 -0.3735 -36.2843 -12.2612 -47.8427 -31.7439 32.7950 -46.3442 -27.3222 12.4740 -39.4978 -21.3539 -34.1732 -33.6928 25.6744 -48.7378 -29.4397 22.2161 -43.1049
22.5491 -29.3567 -48.7541 25.1656 -33.7102 -33.7912 -21.4321 -39.5468 12.6174 -27.3537 -46.3932 32.9266 -31.7711 -47.7844 -12.4704 -36.3339 -0.1091 -25.4816 -43.0534 22.6374 -29.5420 -48.7879 23.8605 -33.7701 -32.6848 -21.6564 -39.6868 13.0427 -27.4402 -46.5321 33.3034 -31.8856 -47.5445 -13.2504 -36.5183 0.9947 -25.6017 -43.2511 23.2414 -29.6750 -48.8433 20.9102 -33.8132 -30.9434 -22.3078 -39.8846 20.3902 -37.2323 -15.5881 -46.5735 -33.5819 35.0551 -46.7611 -27.9619 13.8962 -39.8368 -23.1782 -26.1179 -34.5683 20.8996 -48.8429 -29.6750 23.2414 -43.2511 -25.6017 0.9947 -36.5183 -13.2504 -47.5445 -31.8856 33.3034 -46.5321 -27.4402 13.0427 -39.6868 -21.6564 -32.6848 -33.7701 23.8605 -48.7879 -29.5420 22.6374 -43.0534 -25.4813 -0.1320 -36.3281 -12.4842 -47.7804 -31.7763 32.9189 -46.3901 -27.3516 12.6174 -39.5468 -21.4370 -33.7632 -33.7145 25.1672 -48.7541 -29.3570 22.5620
-28.4954 -48.7691 24.6487 -33.7346 -33.3715 -21.5152 -39.5963 12.7613 -27.3825 -46.4390 33.0479 -31.8037 -47.7192 -12.6913 -36.3806 0.1632 -25.5086 -43.0942 22.7594 -29.5682 -48.7996 23.3843 -33.7869 -32.3307 -21.7213 -39.7262 13.1563 -27.4639 -46.5683 33.3935 -31.9116 -47.4851 -13.4136 -36.5562 1.2098 -25.6246 -43.2912 23.3523 -29.6952 -48.8476 20.7763 -33.8181 -31.4547 -27.0290 -43.2752 33.7208 -32.2140 21.1045 -42.6163 -22.8061 1.0917 -40.1333 35.0808 -47.9839 -31.1922 27.2850 -47.0171 -27.8610 5.5789 -35.0550 20.7597 -48.8474 -29.6952 23.3523 -43.2912 -25.6246 1.2098 -36.5562 -13.4136 -47.4851 -31.9116 33.3935 -46.5683 -27.4639 13.1563 -39.7262 -21.7213 -32.3307 -33.7869 23.3843 -48.7996 -29.5682 22.7594 -43.0948 -25.5089 0.1421 -36.3771 -12.7043 -47.7152 -31.8073 33.0410 -46.4363 -27.3818 12.7595 -39.5957 -21.5202 -33.3406 -33.7375 24.6068 -48.7703 -28.4986
-48.5449 24.0509 -33.7592 -32.9390 -21.5984 -39.6479 12.9111 -27.4108 -46.4822 33.1602 -31.8363 -47.6515 -12.9071 -36.4263 0.4313 -25.5378 -43.1384 22.8833 -29.5946 -48.8106 22.8970 -33.8036 -31.9713 -21.7857 -39.7657 13.2698 -27.4876 -46.6043 33.4816 -31.9375 -47.4239 -13.5741 -36.5936 1.4214 -25.6469 -43.3320 23.4756 -29.7219 -48.8558 20.3797 -33.8609 -30.7490 -27.3980 34.0327 -11.6068 -74.3673 -28.1438 -64.4873 46.9851 -28.7344 -69.8916 -28.8711 -30.7580 -25.0023 28.9772 50.9101 -55.9211 -26.1782 17.9646 5.5938 -34.5777 20.3726 -48.8558 -29.7219 23.4756 -43.3320 -25.6469 1.4214 -36.5936 -13.5741 -47.4239 -31.9375 33.4816 -46.6043 -27.4876 13.2698 -39.7657 -21.7857 -31.9713 -33.8036 22.8970 -48.8106 -29.5946 22.8833 -43.1395 -25.5385 0.4296 -36.4263 -12.9080 -47.6512 -31.8365 33.1660 -46.4844 -27.4126 12.9029 -39.6451 -21.5986 -32.9336 -33.7568 23.9762 -48.5476
10.2668 -33.3758 -32.4949 -21.6801 -39.6976 13.0549 -27.4399 -46.5270 33.2749 -31.8702 -47.5815 -13.1166 -36.4717 0.6925 -25.5677 -43.1870 23.0179 -29.6201 -48.8211 22.3985 -33.8200 -31.6068 -21.8496 -39.8051 13.3832 -27.5114 -46.6403 33.5678 -31.9633 -47.3609 -13.7318 -36.6307 1.6298 -25.6687 -43.3727 23.5991 -29.7484 -48.8634 19.8395 -33.8961 -29.7365 -22.9236 -46.9425 -21.3532 16.0275 11.5511 -45.6686 -22.2294 22.2682 24.5990 -43.5490 -30.9111 -37.2876 6.2863 -20.0871 -1.2391 -50.3431 -50.6895 23.8410 -30.4451 -25.2010 -34.0076 19.8386 -48.8634 -29.7484 23.5991 -43.3727 -25.6687 1.6298 -36.6307 -13.7318 -47.3609 -31.9633 33.5678 -46.6403 -27.5114 13.3832 -39.8051 -21.8496 -31.6068 -33.8200 22.3985 -48.8211 -29.6201 23.0179 -43.1875 -25.5679 0.7098 -36.4747 -13.1050 -47.5856 -31.8635 33.2827 -46.5304 -27.4425 13.0454 -39.6944 -21.6794 -32.4944 -33.3728 10.1997
