-27.4260 -48.4435 14.3075 -33.7675 -36.2128 -20.2566 -40.0989 12.8209 -26.0795 -46.4644 31.6218 -31.4416 -47.7116 -14.9384 -37.5797 1.5755 -24.1072 -43.7572 24.6820 -29.0431 -48.6748 1.2409 -34.4832 -27.0455 -21.4721 -40.9932 15.7788 -26.7891 -47.2686 30.6666 -32.2499 -45.7333 -17.1493 -38.3974 6.1749 -24.7433 -44.6900 27.6344 -29.8378 -48.7831 -7.2450 -35.6341 -15.3800 -22.5092 -41.9132 18.4523 -32.1164 10.1114 -39.2344 -18.8590 -42.1161 -33.0381 25.3404 -47.9556 -27.5220 18.6952 -41.9026 -22.5088 -15.3754 -35.6393 -7.2441 -48.7831 -29.8407 27.6336 -44.6849 -24.7399 6.1765 -38.4018 -17.1495 -45.7339 -32.2531 30.6682 -47.2639 -26.7851 15.7800 -40.9980 -21.4727 -27.0480 -34.4868 1.2455 -48.6724 -29.0385 24.6829 -43.7623 -24.1082 1.5742 -37.5836 -14.9377 -47.7187 -31.4363 31.6205 -46.4692 -26.0806 12.8195 -40.0989 -20.2566 -36.2128 -33.7675 14.3075 -48.4435 -27.4260
-48.4435 26.8483 -33.2676 -34.5639 -21.3433 -39.5441 12.7508 -27.3704 -46.5183 33.3561 -31.6874 -47.3754 -13.8580 -36.6962 2.2073 -25.7740 -43.5813 24.3683 -29.8024 -48.9012 14.2807 -33.6318 -24.9428 -22.8853 -40.5386 15.5773 -27.9544 -47.3855 34.7725 -32.2765 -45.1147 -17.1065 -37.6270 6.4608 -26.2830 -44.5980 27.5483 -30.4392 -48.7607 -0.3457 -34.5028 -13.3333 -24.1384 -41.5512 18.4346 -28.9344 -48.8171 -27.7736 9.7995 -38.5785 -19.4841 -41.0575 -32.8185 33.4065 -48.1234 -28.5567 18.3984 -41.5453 -24.1391 -13.2854 -34.5067 -0.3421 -48.7606 -30.4423 27.5367 -44.5917 -26.2797 6.4765 -37.6298 -17.1060 -45.1045 -32.2802 34.7720 -47.3801 -27.9492 15.5894 -40.5416 -22.8854 -24.9053 -33.6357 14.3407 -48.8999 -29.7951 24.3816 -43.5844 -25.7746 2.2240 -36.6987 -13.8439 -47.3852 -31.6778 33.3648 -46.5208 -27.3711 12.7508 -39.5441 -21.3433 -34.5639 -33.2676 26.8483 -48.4435
14.3075 -33.2676 -34.6944 -21.3018 -39.5070 12.6275 -27.3819 -46.4785 33.2588 -31.8947 -47.4481 -13.6714 -36.6507 1.9582 -25.7278 -43.5333 24.2148 -29.9051 -48.8987 15.0656 -34.0222 -25.4924 -22.8164 -40.4914 15.4389 -27.9826 -47.3476 34.7713 -32.5257 -45.2627 -16.9625 -37.5827 6.2787 -26.2534 -44.5512 27.4028 -30.5698 -48.7604 0.3375 -34.4425 -13.8855 -24.0825 -41.5043 18.2754 -28.5915 -47.7013 13.6267 -44.9741 -26.8043 9.6613 -38.5305 -19.3897 -41.3086 -33.1229 33.6059 -48.0906 -28.6061 18.2573 -41.4981 -24.0841 -13.8446 -34.4440 0.3032 -48.7604 -30.5722 27.3817 -44.5451 -26.2514 6.2922 -37.5829 -16.9699 -45.2529 -32.5293 34.7692 -47.3427 -27.9791 15.4491 -40.4916 -22.8196 -25.4557 -34.0269 15.1718 -48.8985 -29.8999 24.2261 -43.5336 -25.7278 1.9751 -36.6507 -13.6452 -47.4575 -31.8875 33.2667 -46.4782 -27.3819 12.6275 -39.5070 -21.3018 -34.6944 -33.2676 14.3075
-33.7675 -34.5639 -21.3018 -39.4897 12.5405 -27.3643 -46.4445 33.1656 -31.8655 -47.5199 -13.4856 -36.6069 1.7192 -25.7022 -43.4824 24.0675 -29.8719 -48.8950 15.7872 -34.0019 -26.0350 -22.7455 -40.4414 15.3066 -27.9519 -47.3067 34.7456 -32.4924 -45.4064 -16.8221 -37.5359 6.1023 -26.2265 -44.5011 27.2518 -30.5348 -48.7590 0.9609 -34.3808 -14.4202 -24.0261 -41.4536 18.1417 -28.5741 -48.0781 34.2630 -35.2001 30.4032 -45.4972 -26.7774 9.5032 -38.4826 -19.2835 -41.5582 -33.0946 33.7606 -48.0573 -28.5742 18.1244 -41.4508 -24.0284 -14.4169 -34.3808 0.9256 -48.7590 -30.5370 27.2325 -44.4983 -26.2262 6.1034 -37.5359 -16.8297 -45.4064 -32.4963 34.7428 -47.3045 -27.9512 15.3074 -40.4414 -22.7487 -26.0351 -34.0083 15.8827 -48.8950 -29.8708 24.0683 -43.4823 -25.7022 1.7193 -36.6069 -13.4700 -47.5240 -31.8638 33.1656 -46.4445 -27.3643 12.5405 -39.4897 -21.3018 -34.5639 -33.7675
-36.2128 -21.3433 -39.5070 12.5405 -27.3583 -46.4262 33.0961 -31.8402 -47.5822 -13.3075 -36.5688 1.4929 -25.6777 -43.4320 23.9111 -29.8386 -48.8903 16.5479 -33.9850 -26.5779 -22.6754 -40.3920 15.1665 -27.9213 -47.2659 34.7128 -32.4613 -45.5476 -16.6820 -37.4897 5.9135 -26.1998 -44.4512 27.0924 -30.5013 -48.7580 1.5917 -34.3180 -14.9907 -23.9714 -41.4034 17.9995 -28.5416 -48.0221 33.8640 -33.5479 -24.6831 -32.5543 30.2626 -45.4449 -26.7492 9.3462 -38.4353 -19.1770 -41.8006 -33.0663 33.9014 -48.0236 -28.5422 17.9915 -41.4035 -23.9723 -14.9908 -34.3180 1.5917 -48.7580 -30.5026 27.0834 -44.4514 -26.2009 5.9135 -37.4897 -16.6820 -45.5476 -32.4635 34.7111 -47.2661 -27.9228 15.1665 -40.3921 -22.6754 -26.5776 -33.9885 16.5908 -48.8905 -29.8403 23.9120 -43.4317 -25.6778 1.4929 -36.5688 -13.3052 -47.5822 -31.8402 33.0961 -46.4262 -27.3583 12.5405 -39.5070 -21.3433 -36.2128
-20.2566 -39.5441 12.6275 -27.3643 -46.4262 33.0723 -31.8272 -47.6238 -13.1566 -36.5316 1.2807 -25.6545 -43.3869 23.7661 -29.8096 -48.8844 17.2889 -33.9738 -27.0837 -22.6042 -40.3450 15.0280 -27.8908 -47.2245 34.6744 -32.4310 -45.6846 -16.5379 -37.4457 5.7245 -26.1731 -44.4009 26.9338 -30.4685 -48.7687 2.2481 -34.2607 -15.5594 -23.9137 -41.3528 17.8583 -28.5103 -47.9893 34.0320 -33.0078 -42.6560 -24.1293 -48.5859 -31.1395 30.1030 -45.3959 -26.7213 9.1898 -38.3906 -19.0686 -42.0382 -33.0381 34.0308 -47.9896 -28.5100 17.8588 -41.3559 -23.9147 -15.5592 -34.2607 2.2478 -48.7688 -30.4681 26.9343 -44.4040 -26.1748 5.7246 -37.4457 -16.5379 -45.6838 -32.4306 34.6740 -47.2270 -27.8932 15.0281 -40.3450 -22.6042 -27.0806 -33.9740 17.2892 -48.8849 -29.8111 23.7662 -43.3869 -25.6545 1.2807 -36.5316 -13.1566 -47.6238 -31.8272 33.0723 -46.4262 -27.3643 12.6275 -39.5441 -20.2566
-40.0989 12.7508 -27.3819 -46.4445 33.0961 -31.8272 -47.6378 -13.0732 -36.5038 1.0882 -25.6326 -43.3456 23.6404 -29.7836 -48.8786 17.9374 -33.9656 -27.5400 -22.5389 -40.2952 14.8950 -27.8600 -47.1827 34.6302 -32.4023 -45.8144 -16.3913 -37.3988 5.5421 -26.1465 -44.3506 26.7743 -30.4371 -48.7878 2.9199 -34.2315 -16.1051 -23.8558 -41.3022 17.7164 -28.4805 -47.9552 34.1491 -33.0113 -42.2200 -18.7149 -39.1560 -6.8134 -48.5839 -31.1153 29.9489 -45.3475 -26.6933 9.0412 -38.3455 -18.9581 -42.2684 -33.0101 34.1489 -47.9546 -28.4779 17.7250 -41.3057 -23.8569 -16.1055 -34.2318 2.9162 -48.7878 -30.4336 26.7838 -44.3540 -26.1483 5.5419 -37.3991 -16.3924 -45.8161 -32.3975 34.6318 -47.1856 -27.8624 14.8959 -40.2949 -22.5393 -27.5375 -33.9656 17.9374 -48.8788 -29.7836 23.6404 -43.3456 -25.6326 1.0882 -36.5038 -13.0732 -47.6378 -31.8272 33.0961 -46.4445 -27.3819 12.7508 -40.0989
12.8209 -27.3704 -46.4785 33.1656 -31.8402 -47.6238 -13.0732 -36.4942 0.9801 -25.6162 -43.3088 23.5187 -29.7572 -48.8725 18.5256 -33.9544 -27.9571 -22.4790 -40.2484 14.7624 -27.8322 -47.1427 34.5806 -32.3750 -45.9342 -16.2460 -37.3494 5.3450 -26.1202 -44.2999 26.6147 -30.4070 -48.8041 3.5913 -34.2205 -16.6902 -23.7994 -41.2514 17.5746 -28.4516 -47.9224 34.2553 -32.9814 -42.4942 -18.8678 -38.1824 15.2295 -35.4476 -7.0499 -48.6093 -31.0788 29.7951 -45.2985 -26.6654 8.8900 -38.2981 -18.8467 -42.4905 -32.9836 34.2576 -47.9193 -28.4469 17.5842 -41.2552 -23.8003 -16.6871 -34.2234 3.6017 -48.8051 -30.4007 26.6253 -44.3036 -26.1218 5.3460 -37.3525 -16.2444 -45.9449 -32.3684 34.5822 -47.1438 -27.8336 14.7625 -40.2484 -22.4792 -27.9571 -33.9544 18.5256 -48.8725 -29.7572 23.5187 -43.3088 -25.6162 0.9801 -36.4942 -13.0732 -47.6238 -31.8402 33.1656 -46.4782 -27.3711 12.8195
-26.0795 -46.5183 33.2588 -31.8655 -47.5822 -13.1566 -36.5038 0.9801 -25.6105 -43.2885 23.4281 -29.7325 -48.8650 19.0963 -33.9399 -28.3687 -22.4202 -40.2080 14.6407 -27.8082 -47.1058 34.5313 -32.3474 -46.0516 -16.1056 -37.3032 5.1341 -26.0947 -44.2501 26.4543 -30.3766 -48.8191 4.2429 -34.2066 -17.3107 -23.7400 -41.2015 17.4322 -28.4225 -47.8894 34.3456 -32.9502 -42.7103 -18.7339 -38.2622 8.2908 -31.0889 -7.0485 -35.3065 -6.6245 -48.6312 -31.0443 29.6397 -45.2495 -26.6378 8.7296 -38.2504 -18.7350 -42.6971 -32.9563 34.3549 -47.8846 -28.4172 17.4427 -41.2047 -23.7406 -17.2715 -34.2141 4.3054 -48.8211 -30.3694 26.4660 -44.2532 -26.0953 5.1475 -37.3059 -16.1014 -46.0612 -32.3446 34.5308 -47.1063 -27.8082 14.6407 -40.2080 -22.4202 -28.3687 -33.9399 19.0963 -48.8650 -29.7325 23.4281 -43.2885 -25.6105 0.9801 -36.5038 -13.1566 -47.5822 -31.8638 33.2667 -46.5208 -26.0806
-46.4644 33.3561 -31.8947 -47.5199 -13.3075 -36.5316 1.0882 -25.6162 -43.2885 23.3973 -29.7193 -48.8588 19.6021 -33.9226 -28.7756 -22.3609 -40.1682 14.5285 -27.7842 -47.0718 34.4822 -32.3214 -46.1585 -15.9708 -37.2624 4.9449 -26.0700 -44.2030 26.2969 -30.3444 -48.8326 4.9081 -34.1938 -17.8961 -23.6771 -41.1539 17.2926 -28.3920 -47.8554 34.4270 -32.9189 -42.9251 -18.6211 -38.2060 8.6114 -26.7955 -46.6053 -25.2729 -7.0152 -35.2504 -6.2110 -48.6502 -31.0110 29.4836 -45.2009 -26.6114 8.5668 -38.2025 -18.6270 -42.9119 -32.9252 34.4397 -47.8511 -28.3884 17.3014 -41.1542 -23.6802 -17.8634 -34.2024 5.0073 -48.8346 -30.3391 26.3068 -44.2033 -26.0704 4.9561 -37.2625 -15.9691 -46.1598 -32.3210 34.4822 -47.0718 -27.7842 14.5285 -40.1682 -22.3609 -28.7756 -33.9226 19.6021 -48.8588 -29.7193 23.3973 -43.2885 -25.6162 1.0882 -36.5316 -13.3052 -47.5240 -31.8875 33.3648 -46.4692
31.6218 -31.6874 -47.4481 -13.4856 -36.5688 1.2807 -25.6326 -43.3088 23.4281 -29.7193 -48.8569 19.8799 -33.9089 -29.1379 -22.3021 -40.1285 14.4163 -27.7600 -47.0377 34.4309 -32.2959 -46.2544 -15.8453 -37.2248 4.7792 -26.0475 -44.1583 26.1568 -30.3116 -48.8443 5.5964 -34.1818 -18.4800 -23.6162 -41.1035 17.1593 -28.3604 -47.8192 34.5010 -32.8879 -43.1340 -18.5047 -38.1616 8.4138 -26.5783 -44.9302 35.2487 -41.9028 -24.7199 -7.5277 -35.1881 -5.8088 -48.6677 -30.9777 29.3288 -45.1550 -26.5853 8.4018 -38.1555 -18.5111 -43.1327 -32.8923 34.5113 -47.8172 -28.3596 17.1601 -41.1035 -23.6188 -18.4800 -34.1890 5.6882 -48.8467 -30.3103 26.1571 -44.1585 -26.0476 4.7792 -37.2248 -15.8453 -46.2544 -32.2959 34.4309 -47.0377 -27.7600 14.4163 -40.1285 -22.3021 -29.1379 -33.9089 19.8799 -48.8569 -29.7193 23.4281 -43.3088 -25.6326 1.2807 -36.5688 -13.4700 -47.4575 -31.6778 31.6205
-31.4416 -47.3754 -13.6714 -36.6069 1.4929 -25.6545 -43.3456 23.5187 -29.7325 -48.8588 19.8799 -33.9051 -29.3373 -22.2580 -40.0927 14.3058 -27.7358 -47.0034 34.3765 -32.2707 -46.3467 -15.7199 -37.1877 4.6142 -26.0264 -44.1172 26.0268 -30.2823 -48.8553 6.3025 -34.1756 -19.0316 -23.5578 -41.0537 17.0183 -28.3291 -47.7829 34.5705 -32.8588 -43.3350 -18.3866 -38.1135 8.2599 -26.5570 -45.1193 28.7716 -34.1664 19.7772 -42.0791 -24.6702 -8.0205 -35.1281 -5.3906 -48.6835 -30.9431 29.1821 -45.1085 -26.5581 8.2385 -38.1106 -18.3872 -43.3348 -32.8612 34.5746 -47.7830 -28.3305 17.0182 -41.0536 -23.5579 -19.0320 -34.1828 6.3446 -48.8567 -30.2823 26.0270 -44.1172 -26.0264 4.6142 -37.1877 -15.7199 -46.3467 -32.2707 34.3765 -47.0034 -27.7358 14.3058 -40.0927 -22.2580 -29.3373 -33.9051 19.8799 -48.8588 -29.7325 23.5187 -43.3456 -25.6545 1.4929 -36.6069 -13.6452 -47.3852 -31.4363
-47.7116 -13.8580 -36.6507 1.7192 -25.6777 -43.3869 23.6404 -29.7572 -48.8650 19.6021 -33.9089 -29.3373 -22.2429 -40.0729 14.2233 -27.7137 -46.9692 34.3190 -32.2454 -46.4367 -15.5928 -37.1507 4.4473 -26.0055 -44.0768 25.8997 -30.2554 -48.8650 6.9543 -34.1735 -19.5120 -23.5026 -41.0063 16.8787 -28.2989 -47.7450 34.6314 -32.8316 -43.5320 -18.2686 -38.0632 8.0914 -26.5304 -45.0557 29.0555 -31.3687 -46.1533 -30.1454 19.7710 -42.0252 -24.6201 -8.4969 -35.0689 -4.9584 -48.6978 -30.9085 29.0332 -45.0591 -26.5307 8.0812 -38.0632 -18.2687 -43.5308 -32.8316 34.6305 -47.7477 -28.3002 16.8780 -41.0066 -23.5026 -19.5120 -34.1771 6.9543 -48.8650 -30.2554 25.8997 -44.0768 -26.0055 4.4473 -37.1507 -15.5928 -46.4367 -32.2454 34.3190 -46.9692 -27.7137 14.2233 -40.0729 -22.2429 -29.3373 -33.9089 19.6021 -48.8650 -29.7572 23.6404 -43.3869 -25.6778 1.7193 -36.6507 -13.8439 -47.7187
-14.9384 -36.6962 1.9582 -25.7022 -43.4320 23.7661 -29.7836 -48.8725 19.0963 -33.9226 -29.1379 -22.2580 -40.0729 14.1952 -27.7017 -46.9436 34.2646 -32.2188 -46.5244 -15.4639 -37.1138 4.2784 -25.9845 -44.0363 25.7728 -30.2287 -48.8726 7.5613 -34.1679 -19.9821 -23.4513 -40.9621 16.7542 -28.2718 -47.7098 34.6814 -32.8078 -43.7123 -18.1549 -38.0158 7.9131 -26.5044 -45.0102 28.8660 -30.8595 -48.7369 -16.1840 -47.9370 -28.8958 19.6176 -41.9746 -24.5711 -8.9804 -35.0088 -4.5120 -48.7105 -30.8751 28.8756 -45.0100 -26.5032 7.9131 -38.0163 -18.1556 -43.7112 -32.8076 34.6798 -47.7122 -28.2719 16.7544 -40.9621 -23.4513 -19.9821 -34.1679 7.5613 -48.8726 -30.2287 25.7728 -44.0363 -25.9845 4.2784 -37.1138 -15.4639 -46.5244 -32.2188 34.2646 -46.9436 -27.7017 14.1952 -40.0729 -22.2580 -29.1379 -33.9226 19.0963 -48.8725 -29.7836 23.7662 -43.4317 -25.7022 1.9751 -36.6987 -14.9377
-37.5797 2.2073 -25.7278 -43.4824 23.9111 -29.8096 -48.8786 18.5256 -33.9399 -28.7756 -22.3021 -40.0927 14.2233 -27.7017 -46.9349 34.2334 -32.1986 -46.6015 -15.3352 -37.0769 4.1075 -25.9637 -43.9958 25.6459 -30.2021 -48.8792 8.1742 -34.1585 -20.4506 -23.4005 -40.9213 16.6401 -28.2470 -47.6796 34.7195 -32.7877 -43.8647 -18.0483 -37.9711 7.7445 -26.4775 -44.9634 28.7192 -30.8500 -48.7180 -2.6287 -36.4581 32.6434 -48.3595 -28.8709 19.4734 -41.9241 -24.5220 -9.4788 -34.9487 -4.0510 -48.7218 -30.8421 28.7184 -44.9603 -26.4764 7.7452 -37.9718 -18.0491 -43.8646 -32.7877 34.7189 -47.6796 -28.2470 16.6401 -40.9213 -23.4005 -20.4506 -34.1585 8.1742 -48.8792 -30.2021 25.6459 -43.9958 -25.9637 4.1075 -37.0769 -15.3352 -46.6015 -32.1986 34.2334 -46.9349 -27.7017 14.2233 -40.0927 -22.3021 -28.7756 -33.9399 18.5256 -48.8788 -29.8111 23.9120 -43.4823 -25.7278 2.2240 -37.5836
1.5755 -25.7740 -43.5333 24.0675 -29.8386 -48.8844 17.9374 -33.9544 -28.3687 -22.3609 -40.1285 14.3058 -27.7137 -46.9436 34.2334 -32.1922 -46.6435 -15.2381 -37.0437 3.9372 -25.9428 -43.9553 25.5193 -30.1755 -48.8850 8.7921 -34.1487 -20.9180 -23.3493 -40.8811 16.5277 -28.2221 -47.6491 34.7484 -32.7661 -44.0117 -17.9496 -37.9298 7.5941 -26.4522 -44.9165 28.5703 -30.8142 -48.7304 -3.7468 -34.9220 4.3701 -34.2129 32.0854 -48.3191 -28.8405 19.3294 -41.8761 -24.4716 -9.9836 -34.8882 -3.5748 -48.7315 -30.8109 28.5676 -44.9136 -26.4522 7.5940 -37.9302 -17.9496 -44.0117 -32.7661 34.7484 -47.6491 -28.2221 16.5277 -40.8811 -23.3493 -20.9180 -34.1487 8.7921 -48.8850 -30.1755 25.5193 -43.9553 -25.9428 3.9372 -37.0437 -15.2381 -46.6435 -32.1922 34.2334 -46.9436 -27.7137 14.3058 -40.1285 -22.3609 -28.3687 -33.9544 17.9374 -48.8849 -29.8403 24.0683 -43.5336 -25.7746 1.5742
-24.1072 -43.5813 24.2148 -29.8719 -48.8903 17.2889 -33.9656 -27.9571 -22.4202 -40.1682 14.4163 -27.7358 -46.9692 34.2646 -32.1986 -46.6435 -15.2048 -37.0253 3.8088 -25.9243 -43.9154 25.3927 -30.1488 -48.8899 9.4141 -34.1386 -21.3839 -23.2977 -40.8409 16.4154 -28.1973 -47.6185 34.7718 -32.7422 -44.1554 -17.8501 -37.8919 7.4542 -26.4299 -44.8731 28.4306 -30.7842 -48.7384 -3.1445 -34.8176 -11.9168 -28.6265 -39.8910 -33.2799 32.3490 -48.2921 -28.8090 19.1930 -41.8256 -24.4202 -10.4909 -34.8308 -3.1123 -48.7388 -30.7841 28.4289 -44.8731 -26.4299 7.4542 -37.8919 -17.8501 -44.1554 -32.7422 34.7718 -47.6185 -28.1973 16.4154 -40.8409 -23.2977 -21.3839 -34.1386 9.4141 -48.8899 -30.1488 25.3927 -43.9154 -25.9243 3.8088 -37.0253 -15.2048 -46.6435 -32.1986 34.2646 -46.9692 -27.7358 14.4163 -40.1682 -22.4202 -27.9571 -33.9656 17.2892 -48.8905 -29.8708 24.2261 -43.5844 -24.1082
-43.7572 24.3683 -29.9051 -48.8950 16.5479 -33.9738 -27.5400 -22.4790 -40.2080 14.5285 -27.7600 -47.0034 34.3190 -32.2188 -46.6015 -15.2381 -37.0253 3.7647 -25.9139 -43.8855 25.2789 -30.1217 -48.8940 10.0393 -34.1282 -21.8480 -23.2456 -40.8007 16.3031 -28.1725 -47.5876 34.7901 -32.7182 -44.2959 -17.7496 -37.8542 7.3152 -26.4081 -44.8332 28.3015 -30.7582 -48.7446 -2.7068 -34.7808 -10.8187 -24.3781 -43.0388 -20.0898 -39.8713 -33.2623 32.5673 -48.2622 -28.7772 19.0495 -41.7751 -24.3714 -10.9520 -34.7790 -2.7007 -48.7446 -30.7582 28.3015 -44.8332 -26.4081 7.3152 -37.8542 -17.7496 -44.2959 -32.7182 34.7901 -47.5876 -28.1725 16.3031 -40.8007 -23.2456 -21.8480 -34.1282 10.0393 -48.8940 -30.1217 25.2789 -43.8855 -25.9139 3.7647 -37.0253 -15.2381 -46.6015 -32.2188 34.3190 -47.0034 -27.7600 14.5285 -40.2080 -22.4792 -27.5375 -33.9740 16.5908 -48.8950 -29.8999 24.3816 -43.7623
24.6820 -29.8024 -48.8987 15.7872 -33.9850 -27.0837 -22.5389 -40.2484 14.6407 -27.7842 -47.0377 34.3765 -32.2454 -46.5244 -15.3352 -37.0437 3.8088 -25.9139 -43.8754 25.2158 -30.1013 -48.8960 10.6562 -34.1175 -22.3102 -23.1930 -40.7606 16.1909 -28.1477 -47.5565 34.8033 -32.6942 -44.4334 -17.6479 -37.8165 7.1752 -26.3863 -44.7934 28.1742 -30.7315 -48.7495 -2.2853 -34.7299 -11.3887 -24.3354 -41.5773 25.5276 -38.6683 -19.8380 -40.1834 -33.2359 32.7895 -48.2317 -28.7478 18.9141 -41.7302 -24.3278 -11.3816 -34.7299 -2.2853 -48.7495 -30.7315 28.1742 -44.7934 -26.3863 7.1752 -37.8165 -17.6479 -44.4334 -32.6942 34.8033 -47.5565 -28.1477 16.1909 -40.7606 -23.1930 -22.3102 -34.1175 10.6562 -48.8960 -30.1013 25.2158 -43.8754 -25.9139 3.8088 -37.0437 -15.3352 -46.5244 -32.2454 34.3765 -47.0377 -27.7842 14.6407 -40.2484 -22.5393 -27.0806 -33.9885 15.8827 -48.8985 -29.7951 24.6829
-29.0431 -48.9012 15.0656 -34.0019 -26.5779 -22.6042 -40.2952 14.7624 -27.8082 -47.0718 34.4309 -32.2707 -46.4367 -15.4639 -37.0769 3.9372 -25.9243 -43.8855 25.2158 -30.0946 -48.8974 11.1171 -34.1046 -22.7627 -23.1401 -40.7205 16.0787 -28.1229 -47.5252 34.8115 -32.6701 -44.5679 -17.5450 -37.7788 7.0340 -26.3646 -44.7535 28.0468 -30.7048 -48.7534 -1.8591 -34.6806 -11.8094 -24.2852 -41.7026 18.4179 -32.6830 10.0342 -38.6952 -19.7334 -40.4407 -33.2169 32.9867 -48.2040 -28.7208 18.7966 -41.6890 -24.2853 -11.8094 -34.6806 -1.8591 -48.7534 -30.7048 28.0468 -44.7535 -26.3646 7.0340 -37.7788 -17.5450 -44.5679 -32.6701 34.8115 -47.5252 -28.1229 16.0787 -40.7205 -23.1401 -22.7627 -34.1046 11.1171 -48.8974 -30.0946 25.2158 -43.8855 -25.9243 3.9372 -37.0769 -15.4639 -46.4367 -32.2707 34.4309 -47.0718 -27.8082 14.7625 -40.2949 -22.6042 -26.5776 -34.0083 15.1718 -48.8999 -29.0385
-48.6748 14.2807 -34.0222 -26.0350 -22.6754 -40.3450 14.8950 -27.8322 -47.1058 34.4822 -32.2959 -46.3467 -15.5928 -37.1138 4.1075 -25.9428 -43.9154 25.2789 -30.1013 -48.8974 11.2743 -34.0990 -23.0986 -23.0920 -40.6811 15.9666 -28.0982 -47.4937 34.8149 -32.6459 -44.6995 -17.4410 -37.7412 6.8917 -26.3429 -44.7136 27.9193 -30.6780 -48.7565 -1.4219 -34.6312 -12.2421 -24.2423 -41.6477 18.7201 -29.0233 -48.7937 -27.7621 10.0472 -38.6485 -19.6449 -40.6601 -33.1971 33.1466 -48.1783 -28.6951 18.6819 -41.6484 -24.2423 -12.2421 -34.6312 -1.4219 -48.7565 -30.6780 27.9193 -44.7136 -26.3429 6.8917 -37.7412 -17.4410 -44.6995 -32.6459 34.8149 -47.4937 -28.0982 15.9666 -40.6811 -23.0920 -23.0986 -34.0990 11.2743 -48.8974 -30.1013 25.2789 -43.9154 -25.9428 4.1075 -37.1138 -15.5928 -46.3467 -32.2959 34.4822 -47.1063 -27.8336 14.8959 -40.3450 -22.6754 -26.0351 -34.0269 14.3407 -48.6724
1.2409 -33.6318 -25.4924 -22.7455 -40.3920 15.0280 -27.8600 -47.1427 34.5313 -32.3214 -46.2544 -15.7199 -37.1507 4.2784 -25.9637 -43.9553 25.3927 -30.1217 -48.8960 11.1171 -34.0990 -23.2127 -23.0651 -40.6517 15.8656 -28.0736 -47.4620 34.8136 -32.6216 -44.8281 -17.3358 -37.7036 6.7481 -26.3212 -44.6736 27.7917 -30.6513 -48.7587 -0.9736 -34.5816 -12.6794 -24.1989 -41.6079 18.5654 -28.6572 -47.7672 13.4260 -45.0094 -26.8464 9.9042 -38.6097 -19.5624 -40.8718 -33.1752 33.2955 -48.1528 -28.6697 18.5673 -41.6079 -24.1989 -12.6794 -34.5816 -0.9736 -48.7587 -30.6513 27.7917 -44.6736 -26.3212 6.7481 -37.7036 -17.3358 -44.8281 -32.6216 34.8136 -47.4620 -28.0736 15.8656 -40.6517 -23.0651 -23.2127 -34.0990 11.1171 -48.8960 -30.1217 25.3927 -43.9553 -25.9637 4.2784 -37.1507 -15.7199 -46.2544 -32.3210 34.5308 -47.1438 -27.8624 15.0281 -40.3921 -22.7487 -25.4557 -33.6357 1.2455
-34.4832 -24.9428 -22.8164 -40.4414 15.1665 -27.8908 -47.1827 34.5806 -32.3474 -46.1585 -15.8453 -37.1877 4.4473 -25.9845 -43.9958 25.5193 -30.1488 -48.8940 10.6562 -34.1046 -23.0986 -23.0651 -40.6417 15.8096 -28.0551 -47.4329 34.8077 -32.5973 -44.9538 -17.2294 -37.6661 6.6033 -26.2996 -44.6336 27.6640 -30.6246 -48.7601 -0.5140 -34.5318 -13.1211 -24.1551 -41.5673 18.4528 -28.6460 -48.1497 34.0057 -35.2240 30.5890 -45.5790 -26.8264 9.7806 -38.5713 -19.4791 -41.0795 -33.1532 33.4363 -48.1269 -28.6443 18.4528 -41.5673 -24.1551 -13.1211 -34.5318 -0.5140 -48.7601 -30.6246 27.6640 -44.6336 -26.2996 6.6033 -37.6661 -17.2294 -44.9538 -32.5973 34.8077 -47.4329 -28.0551 15.8096 -40.6417 -23.0651 -23.0986 -34.1046 10.6562 -48.8940 -30.1488 25.5193 -43.9958 -25.9845 4.4473 -37.1877 -15.8453 -46.1598 -32.3446 34.5822 -47.1856 -27.8932 15.1665 -40.4414 -22.8196 -24.9053 -34.4868
-27.0455 -22.8853 -40.4914 15.3066 -27.9213 -47.2245 34.6302 -32.3750 -46.0516 -15.9708 -37.2248 4.6142 -26.0055 -44.0363 25.6459 -30.1755 -48.8899 10.0393 -34.1175 -22.7627 -23.0920 -40.6517 15.8096 -28.0489 -47.4169 34.8005 -32.5734 -45.0748 -17.1217 -37.6286 6.4572 -26.2781 -44.5936 27.5363 -30.5979 -48.7606 -0.0431 -34.4818 -13.5669 -24.1108 -41.5268 18.3385 -28.6189 -48.0990 33.5172 -33.6051 -23.7201 -32.6124 30.5358 -45.5344 -26.8039 9.6564 -38.5329 -19.3951 -41.2831 -33.1310 33.5693 -48.1008 -28.6189 18.3385 -41.5268 -24.1108 -13.5669 -34.4818 -0.0431 -48.7606 -30.5979 27.5363 -44.5936 -26.2781 6.4572 -37.6286 -17.1217 -45.0748 -32.5734 34.8005 -47.4169 -28.0489 15.8096 -40.6517 -23.0920 -22.7627 -34.1175 10.0393 -48.8899 -30.1755 25.6459 -44.0363 -26.0055 4.6142 -37.2248 -15.9691 -46.0612 -32.3684 34.6318 -47.2270 -27.9228 15.3074 -40.4916 -22.8854 -27.0480
-21.4721 -40.5386 15.4389 -27.9519 -47.2659 34.6744 -32.4023 -45.9342 -16.1056 -37.2624 4.7792 -26.0264 -44.0768 25.7728 -30.2021 -48.8850 9.4141 -34.1282 -22.3102 -23.1401 -40.6811 15.8656 -28.0551 -47.4169 34.7976 -32.5612 -45.1632 -17.0236 -37.5917 6.3097 -26.2565 -44.5535 27.4086 -30.5712 -48.7603 0.4392 -34.4316 -14.0165 -24.0660 -41.4863 18.2244 -28.5936 -48.0743 33.6974 -33.0822 -42.1210 -24.2950 -48.5412 -31.2068 30.4064 -45.4959 -26.7814 9.5315 -38.4945 -19.3103 -41.4828 -33.1088 33.6946 -48.0743 -28.5936 18.2244 -41.4863 -24.0660 -14.0165 -34.4316 0.4392 -48.7603 -30.5712 27.4086 -44.5535 -26.2565 6.3097 -37.5917 -17.0236 -45.1632 -32.5612 34.7976 -47.4169 -28.0551 15.8656 -40.6811 -23.1401 -22.3102 -34.1282 9.4141 -48.8850 -30.2021 25.7728 -44.0768 -26.0264 4.7792 -37.2625 -16.1014 -45.9449 -32.3975 34.6740 -47.2661 -27.9512 15.4491 -40.5416 -21.4727
-40.9932 15.5773 -27.9826 -47.3067 34.7128 -32.4310 -45.8144 -16.2460 -37.3032 4.9449 -26.0475 -44.1172 25.8997 -30.2287 -48.8792 8.7921 -34.1386 -21.8480 -23.1930 -40.7205 15.9666 -28.0736 -47.4329 34.8005 -32.5612 -45.1930 -16.9687 -37.5643 6.1758 -26.2355 -44.5134 27.2809 -30.5445 -48.7592 0.9329 -34.3812 -14.4696 -24.0209 -41.4458 18.1104 -28.5683 -48.0475 33.8123 -33.0894 -41.6134 -19.0007 -39.2661 -7.5380 -48.5312 -31.1891 30.2853 -45.4570 -26.7589 9.4061 -38.4562 -19.2247 -41.6785 -33.0864 33.8123 -48.0475 -28.5683 18.1104 -41.4458 -24.0209 -14.4696 -34.3812 0.9329 -48.7592 -30.5445 27.2809 -44.5134 -26.2355 6.1758 -37.5643 -16.9687 -45.1930 -32.5612 34.8005 -47.4329 -28.0736 15.9666 -40.7205 -23.1930 -21.8480 -34.1386 8.7921 -48.8792 -30.2287 25.8997 -44.1172 -26.0476 4.9561 -37.3059 -16.2444 -45.8161 -32.4306 34.7111 -47.3045 -27.9791 15.5894 -40.9980
15.7788 -27.9544 -47.3476 34.7456 -32.4613 -45.6846 -16.3913 -37.3494 5.1341 -26.0700 -44.1583 26.0268 -30.2554 -48.8726 8.1742 -34.1487 -21.3839 -23.2456 -40.7606 16.0787 -28.0982 -47.4620 34.8077 -32.5734 -45.1632 -16.9687 -37.5550 6.1009 -26.2198 -44.4771 27.1551 -30.5178 -48.7574 1.4379 -34.3307 -14.9259 -23.9753 -41.4054 17.9966 -28.5430 -48.0204 33.9225 -33.0639 -41.8735 -19.1641 -38.3020 15.5321 -35.5437 -7.8433 -48.5556 -31.1610 30.1628 -45.4180 -26.7364 9.2799 -38.4179 -19.1383 -41.8703 -33.0639 33.9225 -48.0204 -28.5430 17.9966 -41.4054 -23.9753 -14.9259 -34.3307 1.4379 -48.7574 -30.5178 27.1551 -44.4771 -26.2198 6.1009 -37.5550 -16.9687 -45.1632 -32.5734 34.8077 -47.4620 -28.0982 16.0787 -40.7606 -23.2456 -21.3839 -34.1487 8.1742 -48.8726 -30.2554 26.0270 -44.1585 -26.0704 5.1475 -37.3525 -16.3924 -45.6838 -32.4635 34.7428 -47.3427 -27.9492 15.7800
-26.7891 -47.3855 34.7713 -32.4924 -45.5476 -16.5379 -37.3988 5.3450 -26.0947 -44.2030 26.1568 -30.2823 -48.8650 7.5613 -34.1585 -20.9180 -23.2977 -40.8007 16.1909 -28.1229 -47.4937 34.8136 -32.5973 -45.0748 -17.0236 -37.5643 6.1009 -26.2145 -44.4571 27.0614 -30.4926 -48.7596 1.9541 -34.2799 -15.3851 -23.9292 -41.3649 17.8829 -28.5177 -47.9931 34.0256 -33.0413 -42.0583 -19.0499 -38.3911 8.7264 -31.1542 -6.1517 -35.4302 -7.5170 -48.5756 -31.1343 30.0398 -45.3790 -26.7139 9.1531 -38.3796 -19.0511 -42.0583 -33.0413 34.0256 -47.9931 -28.5177 17.8829 -41.3649 -23.9292 -15.3851 -34.2799 1.9541 -48.7596 -30.4926 27.0614 -44.4571 -26.2145 6.1009 -37.5643 -17.0236 -45.0748 -32.5973 34.8136 -47.4937 -28.1229 16.1909 -40.8007 -23.2977 -20.9180 -34.1585 7.5613 -48.8650 -30.2823 26.1571 -44.2033 -26.0953 5.3460 -37.3991 -16.5379 -45.5476 -32.4963 34.7692 -47.3801 -26.7851
-47.2686 34.7725 -32.5257 -45.4064 -16.6820 -37.4457 5.5421 -26.1202 -44.2501 26.2969 -30.3116 -48.8553 6.9543 -34.1679 -20.4506 -23.3493 -40.8409 16.3031 -28.1477 -47.5252 34.8149 -32.6216 -44.9538 -17.1217 -37.5917 6.1758 -26.2198 -44.4571 27.0295 -30.4793 -48.7669 2.4281 -34.2409 -15.8469 -23.8827 -41.3245 17.7694 -28.4925 -47.9654 34.1215 -33.0186 -42.2426 -18.9630 -38.3409 9.0683 -26.8804 -46.7241 -25.3885 -6.0188 -35.3894 -7.2270 -48.5944 -31.1077 29.9163 -45.3399 -26.6916 9.0256 -38.3414 -18.9630 -42.2426 -33.0186 34.1215 -47.9654 -28.4925 17.7694 -41.3245 -23.8827 -15.8469 -34.2409 2.4281 -48.7669 -30.4793 27.0295 -44.4571 -26.2198 6.1758 -37.5917 -17.1217 -44.9538 -32.6216 34.8149 -47.5252 -28.1477 16.3031 -40.8409 -23.3493 -20.4506 -34.1679 6.9543 -48.8567 -30.3103 26.3068 -44.2532 -26.1218 5.5419 -37.4457 -16.6820 -45.4064 -32.5293 34.7720 -47.2639
30.6666 -32.2765 -45.2627 -16.8221 -37.4897 5.7245 -26.1465 -44.2999 26.4543 -30.3444 -48.8443 6.3025 -34.1735 -19.9821 -23.4005 -40.8811 16.4154 -28.1725 -47.5565 34.8115 -32.6459 -44.8281 -17.2294 -37.6286 6.3097 -26.2355 -44.4771 27.0614 -30.4793 -48.7708 2.6953 -34.2256 -16.2647 -23.8366 -41.2841 17.6560 -28.4673 -47.9375 34.2105 -32.9958 -42.4231 -18.8740 -38.3032 8.8952 -26.6648 -45.0769 35.4127 -42.0161 -24.8334 -6.3927 -35.3431 -6.9298 -48.6121 -31.0810 29.7924 -45.3008 -26.6692 8.8974 -38.3032 -18.8740 -42.4231 -32.9958 34.2105 -47.9375 -28.4673 17.6560 -41.2841 -23.8366 -16.2647 -34.2256 2.6953 -48.7708 -30.4793 27.0614 -44.4771 -26.2355 6.3097 -37.6286 -17.2294 -44.8281 -32.6459 34.8115 -47.5565 -28.1725 16.4154 -40.8811 -23.4005 -19.9821 -34.1771 6.3446 -48.8467 -30.3391 26.4660 -44.3036 -26.1483 5.7246 -37.4897 -16.8297 -45.2529 -32.2802 30.6682
-32.2499 -45.1147 -16.9625 -37.5359 5.9135 -26.1731 -44.3506 26.6147 -30.3766 -48.8326 5.5964 -34.1756 -19.5120 -23.4513 -40.9213 16.5277 -28.1973 -47.5876 34.8033 -32.6701 -44.6995 -17.3358 -37.6661 6.4572 -26.2565 -44.5134 27.1551 -30.4926 -48.7669 2.6953 -34.2240 -16.4973 -23.8019 -41.2477 17.5445 -28.4422 -47.9093 34.2928 -32.9729 -42.6000 -18.7842 -38.2650 8.7684 -26.6477 -45.2785 29.2765 -34.2250 20.1492 -42.2142 -24.7967 -6.7458 -35.2966 -6.6252 -48.6288 -31.0544 29.6680 -45.2616 -26.6469 8.7684 -38.2650 -18.7842 -42.6000 -32.9729 34.2928 -47.9093 -28.4422 17.5445 -41.2477 -23.8019 -16.4973 -34.2240 2.6953 -48.7669 -30.4926 27.1551 -44.5134 -26.2565 6.4572 -37.6661 -17.3358 -44.6995 -32.6701 34.8033 -47.5876 -28.1973 16.5277 -40.9213 -23.4513 -19.5120 -34.1828 5.6882 -48.8346 -30.3694 26.6253 -44.3540 -26.1748 5.9135 -37.5359 -16.9699 -45.1045 -32.2531
-45.7333 -17.1065 -37.5827 6.1023 -26.1998 -44.4009 26.7743 -30.4070 -48.8191 4.9081 -34.1818 -19.0316 -23.5026 -40.9621 16.6401 -28.2221 -47.6185 34.7901 -32.6942 -44.5679 -17.4410 -37.7036 6.6033 -26.2781 -44.5535 27.2809 -30.5178 -48.7596 2.4281 -34.2256 -16.4973 -23.7900 -41.2275 17.4614 -28.4191 -47.8809 34.3684 -32.9498 -42.7732 -18.6935 -38.2269 8.6386 -26.6246 -45.2213 29.5837 -31.4814 -45.7821 -30.2473 20.1779 -42.1700 -24.7595 -7.1050 -35.2499 -6.3127 -48.6444 -31.0277 29.5433 -45.2223 -26.6246 8.6386 -38.2269 -18.6935 -42.7732 -32.9498 34.3684 -47.8809 -28.4191 17.4614 -41.2275 -23.7900 -16.4973 -34.2256 2.4281 -48.7596 -30.5178 27.2809 -44.5535 -26.2781 6.6033 -37.7036 -17.4410 -44.5679 -32.6942 34.7901 -47.6185 -28.2221 16.6401 -40.9621 -23.5026 -19.0320 -34.1890 5.0073 -48.8211 -30.4007 26.7838 -44.4040 -26.2009 6.1034 -37.5829 -17.1060 -45.7339
-17.1493 -37.6270 6.2787 -26.2265 -44.4512 26.9338 -30.4371 -48.8041 4.2429 -34.1938 -18.4800 -23.5578 -41.0063 16.7542 -28.2470 -47.6491 34.7718 -32.7182 -44.4334 -17.5450 -37.7412 6.7481 -26.2996 -44.5936 27.4086 -30.5445 -48.7574 1.9541 -34.2409 -16.2647 -23.8019 -41.2275 17.4331 -28.4065 -47.8594 34.4308 -32.9251 -42.9430 -18.6018 -38.1889 8.5080 -26.6024 -45.1830 29.4163 -30.9800 -48.7001 -16.6987 -48.0327 -28.9903 20.0517 -42.1293 -24.7219 -7.4703 -35.2030 -5.9922 -48.6589 -31.0010 29.4182 -45.1830 -26.6024 8.5080 -38.1889 -18.6018 -42.9430 -32.9251 34.4308 -47.8594 -28.4065 17.4331 -41.2275 -23.8019 -16.2647 -34.2409 1.9541 -48.7574 -30.5445 27.4086 -44.5936 -26.2996 6.7481 -37.7412 -17.5450 -44.4334 -32.7182 34.7718 -47.6491 -28.2470 16.7544 -41.0066 -23.5579 -18.4800 -34.2024 4.3054 -48.8051 -30.4336 26.9343 -44.4514 -26.2262 6.2922 -37.6298 -17.1495
-38.3974 6.4608 -26.2534 -44.5011 27.0924 -30.4685 -48.7878 3.5913 -34.2066 -17.8961 -23.6162 -41.0537 16.8787 -28.2718 -47.6796 34.7484 -32.7422 -44.2959 -17.6479 -37.7788 6.8917 -26.3212 -44.6336 27.5363 -30.5712 -48.7592 1.4379 -34.2799 -15.8469 -23.8366 -41.2477 17.4614 -28.4065 -47.8522 34.4633 -32.9060 -43.0928 -18.5107 -38.1508 8.3766 -26.5803 -45.1436 29.2928 -30.9769 -48.6680 -4.3834 -36.5781 31.8678 -48.4450 -28.9725 19.9349 -42.0886 -24.6839 -7.8418 -35.1558 -5.6635 -48.6724 -30.9743 29.2928 -45.1436 -26.5803 8.3766 -38.1508 -18.5107 -43.0928 -32.9060 34.4633 -47.8522 -28.4065 17.4614 -41.2477 -23.8366 -15.8469 -34.2799 1.4379 -48.7592 -30.5712 27.5363 -44.6336 -26.3212 6.8917 -37.7788 -17.6479 -44.2959 -32.7422 34.7484 -47.6796 -28.2719 16.8780 -41.0536 -23.6188 -17.8634 -34.2141 3.6017 -48.7878 -30.4681 27.0834 -44.4983 -26.2514 6.4765 -38.4018
6.1749 -26.2830 -44.5512 27.2518 -30.5013 -48.7687 2.9199 -34.2205 -17.3107 -23.6771 -41.1035 17.0183 -28.2989 -47.7098 34.7195 -32.7661 -44.1554 -17.7496 -37.8165 7.0340 -26.3429 -44.6736 27.6640 -30.5979 -48.7603 0.9329 -34.3307 -15.3851 -23.8827 -41.2841 17.5445 -28.4191 -47.8594 34.4633 -32.9002 -43.1748 -18.4422 -38.1166 8.2465 -26.5581 -45.1041 29.1671 -30.9476 -48.6850 -5.4458 -35.1166 5.0627 -34.2551 31.1952 -48.4109 -28.9467 19.8182 -42.0479 -24.6453 -8.2195 -35.1085 -5.3261 -48.6848 -30.9476 29.1671 -45.1041 -26.5581 8.2465 -38.1166 -18.4422 -43.1748 -32.9002 34.4633 -47.8594 -28.4191 17.5445 -41.2841 -23.8827 -15.3851 -34.3307 0.9329 -48.7603 -30.5979 27.6640 -44.6736 -26.3429 7.0340 -37.8165 -17.7496 -44.1554 -32.7661 34.7189 -47.7122 -28.3002 17.0182 -41.1035 -23.6802 -17.2715 -34.2234 2.9162 -48.7688 -30.5026 27.2325 -44.5451 -26.2797 6.1765
-24.7433 -44.5980 27.4028 -30.5348 -48.7580 2.2481 -34.2315 -16.6902 -23.7400 -41.1539 17.1593 -28.3291 -47.7450 34.6814 -32.7877 -44.0117 -17.8501 -37.8542 7.1752 -26.3646 -44.7136 27.7917 -30.6246 -48.7606 0.4392 -34.3812 -14.9259 -23.9292 -41.3245 17.6560 -28.4422 -47.8809 34.4308 -32.9060 -43.1748 -18.4187 -38.0977 8.1488 -26.5382 -45.0651 29.0411 -30.9209 -48.6962 -4.9735 -35.0519 -9.9244 -28.7890 -38.9315 -33.3702 31.4559 -48.3894 -28.9210 19.7018 -42.0072 -24.6063 -8.6032 -35.0609 -4.9799 -48.6962 -30.9209 29.0411 -45.0651 -26.5382 8.1488 -38.0977 -18.4187 -43.1748 -32.9060 34.4308 -47.8809 -28.4422 17.6560 -41.3245 -23.9292 -14.9259 -34.3812 0.4392 -48.7606 -30.6246 27.7917 -44.7136 -26.3646 7.1752 -37.8542 -17.8501 -44.0117 -32.7877 34.6798 -47.7477 -28.3305 17.1601 -41.1542 -23.7406 -16.6871 -34.2318 2.2478 -48.7580 -30.5370 27.3817 -44.5917 -24.7399
-44.6900 27.5483 -30.5698 -48.7590 1.5917 -34.2607 -16.1051 -23.7994 -41.2015 17.2926 -28.3604 -47.7829 34.6314 -32.8078 -43.8647 -17.9496 -37.8919 7.3152 -26.3863 -44.7535 27.9193 -30.6513 -48.7601 -0.0431 -34.4316 -14.4696 -23.9753 -41.3649 17.7694 -28.4673 -47.9093 34.3684 -32.9251 -43.0928 -18.4422 -38.0977 8.1155 -26.5272 -45.0360 28.9274 -30.8934 -48.7067 -4.6246 -35.0147 -8.8620 -24.5855 -43.2394 -20.4378 -38.8339 -33.3642 31.6831 -48.3669 -28.8953 19.5856 -41.9665 -24.5669 -8.9930 -35.0130 -4.6246 -48.7067 -30.8934 28.9274 -45.0360 -26.5272 8.1155 -38.0977 -18.4422 -43.0928 -32.9251 34.3684 -47.9093 -28.4673 17.7694 -41.3649 -23.9753 -14.4696 -34.4316 -0.0431 -48.7601 -30.6513 27.9193 -44.7535 -26.3863 7.3152 -37.8919 -17.9496 -43.8646 -32.8076 34.6305 -47.7830 -28.3596 17.3014 -41.2047 -23.8003 -16.1055 -34.2607 1.5917 -48.7590 -30.5722 27.5367 -44.6849
27.6344 -30.4392 -48.7604 0.9609 -34.3180 -15.5594 -23.8558 -41.2514 17.4322 -28.3920 -47.8192 34.5705 -32.8316 -43.7123 -18.0483 -37.9298 7.4542 -26.4081 -44.7934 28.0468 -30.6780 -48.7587 -0.5140 -34.4818 -14.0165 -24.0209 -41.4054 17.8829 -28.4925 -47.9375 34.2928 -32.9498 -42.9430 -18.5107 -38.1166 8.1488 -26.5272 -45.0261 28.8642 -30.8726 -48.7153 -4.2661 -34.9650 -9.3954 -24.5338 -41.7714 26.1237 -38.8370 -20.1946 -39.0992 -33.3432 31.9007 -48.3440 -28.8697 19.4696 -41.9259 -24.5270 -9.3888 -34.9650 -4.2661 -48.7153 -30.8726 28.8642 -45.0261 -26.5272 8.1488 -38.1166 -18.5107 -42.9430 -32.9498 34.2928 -47.9375 -28.4925 17.8829 -41.4054 -24.0209 -14.0165 -34.4818 -0.5140 -48.7587 -30.6780 28.0468 -44.7934 -26.4081 7.4542 -37.9302 -18.0491 -43.7112 -32.8316 34.5746 -47.8172 -28.3884 17.4427 -41.2552 -23.8569 -15.5592 -34.3180 0.9256 -48.7604 -30.4423 27.6336
-29.8378 -48.7607 0.3375 -34.3808 -14.9907 -23.9137 -41.3022 17.5746 -28.4225 -47.8554 34.5010 -32.8588 -43.5320 -18.1549 -37.9711 7.5941 -26.4299 -44.8332 28.1742 -30.7048 -48.7565 -0.9736 -34.5318 -13.5669 -24.0660 -41.4458 17.9966 -28.5177 -47.9654 34.2105 -32.9729 -42.7732 -18.6018 -38.1508 8.2465 -26.5382 -45.0360 28.8642 -30.8660 -48.7197 -3.9927 -34.9214 -9.7839 -24.4866 -41.8990 18.9728 -32.7656 10.5998 -38.8822 -20.1126 -39.3405 -33.3222 32.1090 -48.3208 -28.8440 19.3538 -41.8852 -24.4867 -9.7839 -34.9214 -3.9927 -48.7197 -30.8660 28.8642 -45.0360 -26.5382 8.2465 -38.1508 -18.6018 -42.7732 -32.9729 34.2105 -47.9654 -28.5177 17.9966 -41.4458 -24.0660 -13.5669 -34.5318 -0.9736 -48.7565 -30.7048 28.1742 -44.8332 -26.4299 7.5940 -37.9718 -18.1556 -43.5308 -32.8612 34.5113 -47.8511 -28.4172 17.5842 -41.3057 -23.9147 -14.9908 -34.3808 0.3032 -48.7606 -29.8407
-48.7831 -0.3457 -34.4425 -14.4202 -23.9714 -41.3528 17.7164 -28.4516 -47.8894 34.4270 -32.8879 -43.3350 -18.2686 -38.0158 7.7445 -26.4522 -44.8731 28.3015 -30.7315 -48.7534 -1.4219 -34.5816 -13.1211 -24.1108 -41.4863 18.1104 -28.5430 -47.9931 34.1215 -32.9958 -42.6000 -18.6935 -38.1889 8.3766 -26.5581 -45.0651 28.9274 -30.8726 -48.7197 -3.8983 -34.8972 -10.0823 -24.4500 -41.8446 19.2768 -29.1532 -48.8131 -27.8856 10.6468 -38.8410 -20.0350 -39.5788 -33.2992 32.3103 -48.3106 -28.8004 19.2486 -41.8458 -24.4499 -10.0823 -34.8972 -3.8983 -48.7197 -30.8726 28.9274 -45.0651 -26.5581 8.3766 -38.1889 -18.6935 -42.6000 -32.9958 34.1215 -47.9931 -28.5430 18.1104 -41.4863 -24.1108 -13.1211 -34.5816 -1.4219 -48.7534 -30.7315 28.3015 -44.8731 -26.4522 7.7452 -38.0163 -18.2687 -43.3348 -32.8923 34.4397 -47.8846 -28.4469 17.7250 -41.3559 -23.9723 -14.4169 -34.4440 -0.3421 -48.7831
-7.2450 -34.5028 -13.8855 -24.0261 -41.4034 17.8583 -28.4805 -47.9224 34.3456 -32.9189 -43.1340 -18.3866 -38.0632 7.9131 -26.4775 -44.9165 28.4306 -30.7582 -48.7495 -1.8591 -34.6312 -12.6794 -24.1551 -41.5268 18.2244 -28.5683 -48.0204 34.0256 -33.0186 -42.4231 -18.7842 -38.2269 8.5080 -26.5803 -45.1041 29.0411 -30.8934 -48.7153 -3.9927 -34.8972 -10.1846 -24.4295 -41.8154 19.1339 -28.7980 -47.7927 10.4462 -45.1320 -26.9534 10.4654 -38.7956 -19.9514 -39.8487 -33.6357 33.2061 -48.1210 -28.8640 19.1624 -41.8193 -24.4295 -10.1848 -34.8972 -3.9927 -48.7153 -30.8934 29.0411 -45.1041 -26.5803 8.5080 -38.2269 -18.7842 -42.4231 -33.0186 34.0256 -48.0204 -28.5683 18.2244 -41.5268 -24.1551 -12.6794 -34.6312 -1.8591 -48.7495 -30.7582 28.4289 -44.9136 -26.4764 7.9131 -38.0632 -18.3872 -43.1327 -32.9252 34.3549 -47.9193 -28.4779 17.8588 -41.4035 -24.0284 -13.8446 -34.5067 -7.2441
-35.6341 -13.3333 -24.0825 -41.4536 17.9995 -28.5103 -47.9552 34.2553 -32.9502 -42.9251 -18.5047 -38.1135 8.0914 -26.5044 -44.9634 28.5703 -30.7842 -48.7446 -2.2853 -34.6806 -12.2421 -24.1989 -41.5673 18.3385 -28.5936 -48.0475 33.9225 -33.0413 -42.2426 -18.8740 -38.2650 8.6386 -26.6024 -45.1436 29.1671 -30.9209 -48.7067 -4.2661 -34.9214 -10.0823 -24.4295 -41.8053 19.0782 -29.6145 -47.8432 29.6810 -35.4098 31.6049 -45.1320 -29.7510 10.9905 -38.7817 -21.5031 -31.4905 -35.7310 28.8221 -48.3164 -29.4666 19.4213 -41.8126 -24.4294 -10.0825 -34.9214 -4.2661 -48.7067 -30.9209 29.1671 -45.1436 -26.6024 8.6386 -38.2650 -18.8740 -42.2426 -33.0413 33.9225 -48.0475 -28.5936 18.3385 -41.5673 -24.1989 -12.2421 -34.6806 -2.2853 -48.7446 -30.7841 28.5676 -44.9603 -26.5032 8.0812 -38.1106 -18.5111 -42.9119 -32.9563 34.2576 -47.9546 -28.5100 17.9915 -41.4508 -24.0841 -13.2854 -35.6393
-15.3800 -24.1384 -41.5043 18.1417 -28.5416 -47.9893 34.1491 -32.9813 -42.7104 -18.6210 -38.1613 8.2589 -26.5308 -45.0102 28.7192 -30.8142 -48.7384 -2.7068 -34.7299 -11.8094 -24.2423 -41.6079 18.4528 -28.6189 -48.0743 33.8123 -33.0639 -42.0583 -18.9630 -38.3032 8.7684 -26.6246 -45.1830 29.2928 -30.9476 -48.6962 -4.6246 -34.9650 -9.7839 -24.4500 -41.8154 19.0752 -30.5106 -48.2142 -21.2643 -42.8193 16.0168 -36.7757 -20.2358 -36.4420 -34.9747 20.7105 -46.1733 -29.0363 6.7881 -41.6151 -10.1393 -47.9850 -34.2538 19.8595 -41.8213 -24.4499 -9.7839 -34.9650 -4.6246 -48.6962 -30.9476 29.2928 -45.1830 -26.6246 8.7684 -38.3032 -18.9630 -42.0583 -33.0639 33.8123 -48.0743 -28.6189 18.4528 -41.6079 -24.2423 -11.8094 -34.7299 -2.7007 -48.7388 -30.8109 28.7184 -45.0100 -26.5307 8.2385 -38.1555 -18.6270 -42.6971 -32.9836 34.1489 -47.9896 -28.5422 18.1244 -41.4981 -24.1391 -15.3754
-22.5092 -41.5515 18.2763 -28.5732 -48.0235 34.0308 -33.0097 -42.4928 -18.7344 -38.2062 8.4147 -26.5583 -45.0594 28.8766 -30.8473 -48.7303 -3.1521 -34.7789 -11.3816 -24.2853 -41.6484 18.5673 -28.6443 -48.1008 33.6946 -33.0864 -41.8703 -19.0511 -38.3414 8.8974 -26.6469 -45.2223 29.4182 -30.9743 -48.6848 -4.9799 -35.0130 -9.3888 -24.4867 -41.8453 19.1336 -29.9007 -47.5570 -53.9526 12.6223 -39.9163 -46.9622 -34.8933 -82.0370 -26.5645 15.9781 -51.1739 38.4477 -50.3680 30.6569 18.4464 -21.7355 -59.3080 -62.8418 -36.0305 19.7447 -41.8471 -24.4867 -9.3888 -35.0130 -4.9799 -48.6848 -30.9743 29.4182 -45.2223 -26.6469 8.8974 -38.3414 -19.0511 -41.8703 -33.0864 33.6946 -48.1008 -28.6443 18.5673 -41.6484 -24.2853 -11.3816 -34.7790 -3.1123 -48.7315 -30.8421 28.8756 -45.0591 -26.5581 8.4018 -38.2025 -18.7350 -42.4905 -33.0101 34.0308 -48.0236 -28.5742 18.2573 -41.5453 -22.5088
-41.9067 18.4071 -28.6065 -48.0573 33.9014 -33.0381 -42.2685 -18.8471 -38.2536 8.5777 -26.5853 -45.1085 29.0335 -30.8789 -48.7209 -3.6136 -34.8310 -10.9524 -24.3278 -41.6890 18.6819 -28.6697 -48.1269 33.5693 -33.1088 -41.6785 -19.1383 -38.3796 9.0256 -26.6692 -45.2616 29.5433 -31.0010 -48.6724 -5.3261 -35.0609 -8.9930 -24.5270 -41.8852 19.2391 -28.9119 -48.3419 -12.0145 -41.3960 32.9054 -19.8578 -34.4846 -43.8066 -50.6349 18.1958 -41.3556 -15.8057 -18.4108 -37.7876 13.6761 -26.0109 13.4996 -30.4350 -56.1448 -16.5362 -31.3472 19.2405 -41.8852 -24.5270 -8.9930 -35.0609 -5.3261 -48.6724 -31.0010 29.5433 -45.2616 -26.6692 9.0256 -38.3796 -19.1383 -41.6785 -33.1088 33.5693 -48.1269 -28.6697 18.6819 -41.6890 -24.3278 -10.9520 -34.8308 -3.5748 -48.7218 -30.8751 29.0332 -45.1085 -26.5853 8.5668 -38.2504 -18.8467 -42.2684 -33.0381 33.9014 -48.0573 -28.6061 18.3984 -41.9026
