0.1065 0.2937 0.1702 0.1189 0.4739 0.1248 0.1550 0.4680 0.1114 0.2368 0.2634 0.1125 0.3945 0.1362 0.1354 0.4997 0.1157 0.1943 0.3740 0.1099 0.3163 0.1572 0.1221 0.4916 0.1221 0.1633 0.4502 0.1106 0.2541 0.2242 0.1142 0.4226 0.1317 0.1412 0.4926 0.1140 0.2071 0.3402 0.1104 0.3408 0.1482 0.1259 0.5007 0.1197 0.1726 0.4307 0.1083 0.4806 0.1477 0.1280 0.4501 0.1164 0.1915 0.2731 0.1100 0.4287 0.1726 0.1197 0.5007 0.1259 0.1482 0.3407 0.1104 0.3402 0.2071 0.1140 0.4926 0.1412 0.1317 0.4226 0.1142 0.2243 0.2541 0.1106 0.4502 0.1633 0.1221 0.4916 0.1221 0.1572 0.3163 0.1099 0.3740 0.1943 0.1157 0.4997 0.1354 0.1362 0.3944 0.1125 0.2634 0.2368 0.1115 0.4680 0.1550 0.1248 0.4739 0.1189 0.1702 0.2937 0.1065
0.2937 0.1782 0.1241 0.4929 0.1211 0.1610 0.4909 0.1127 0.2467 0.2966 0.1172 0.4119 0.1316 0.1407 0.5187 0.1149 0.2021 0.4045 0.1133 0.3303 0.1577 0.1272 0.5098 0.1190 0.1696 0.4748 0.1124 0.2649 0.2537 0.1191 0.4408 0.1272 0.1467 0.5127 0.1139 0.2155 0.3725 0.1143 0.3559 0.1455 0.1311 0.5187 0.1174 0.1793 0.4549 0.1110 0.3378 0.1094 0.5034 0.1534 0.1237 0.4689 0.1215 0.2123 0.2849 0.1124 0.4551 0.1793 0.1174 0.5187 0.1311 0.1455 0.3559 0.1143 0.3725 0.2155 0.1139 0.5127 0.1467 0.1272 0.4409 0.1191 0.2538 0.2650 0.1124 0.4748 0.1696 0.1190 0.5098 0.1272 0.1577 0.3304 0.1133 0.4045 0.2021 0.1149 0.5187 0.1407 0.1316 0.4120 0.1172 0.2965 0.2467 0.1127 0.4909 0.1610 0.1211 0.4929 0.1241 0.1782 0.2937
0.1702 0.1241 0.4926 0.1207 0.1607 0.4914 0.1121 0.2459 0.2985 0.1167 0.4104 0.1315 0.1404 0.5189 0.1144 0.2014 0.4059 0.1127 0.3291 0.1582 0.1270 0.5092 0.1187 0.1692 0.4756 0.1118 0.2640 0.2558 0.1187 0.4394 0.1270 0.1464 0.5130 0.1134 0.2148 0.3742 0.1137 0.3546 0.1457 0.1309 0.5184 0.1170 0.1788 0.4562 0.1119 0.2814 0.1466 0.2300 0.1126 0.5039 0.1531 0.1235 0.4676 0.1212 0.2143 0.2838 0.1118 0.4561 0.1788 0.1170 0.5184 0.1309 0.1457 0.3546 0.1137 0.3741 0.2148 0.1134 0.5130 0.1464 0.1270 0.4394 0.1187 0.2557 0.2640 0.1118 0.4756 0.1692 0.1187 0.5092 0.1270 0.1582 0.3292 0.1127 0.4059 0.2014 0.1144 0.5189 0.1404 0.1315 0.4105 0.1167 0.2985 0.2458 0.1121 0.4914 0.1607 0.1207 0.4926 0.1241 0.1702
0.1189 0.4929 0.1207 0.1606 0.4918 0.1121 0.2452 0.3003 0.1166 0.4092 0.1317 0.1402 0.5191 0.1145 0.2008 0.4074 0.1127 0.3279 0.1591 0.1269 0.5085 0.1188 0.1687 0.4765 0.1118 0.2630 0.2580 0.1186 0.4381 0.1272 0.1460 0.5134 0.1134 0.2141 0.3759 0.1136 0.3534 0.1462 0.1306 0.5181 0.1171 0.1783 0.4572 0.1118 0.2831 0.2209 0.1300 0.3410 0.2288 0.1126 0.5044 0.1528 0.1236 0.4663 0.1210 0.2163 0.2828 0.1118 0.4572 0.1783 0.1171 0.5181 0.1306 0.1462 0.3533 0.1136 0.3758 0.2141 0.1134 0.5134 0.1461 0.1272 0.4380 0.1186 0.2579 0.2631 0.1118 0.4765 0.1687 0.1188 0.5085 0.1269 0.1590 0.3280 0.1127 0.4073 0.2008 0.1145 0.5191 0.1401 0.1317 0.4092 0.1166 0.3003 0.2452 0.1121 0.4918 0.1606 0.1207 0.4929 0.1189
0.4739 0.1211 0.1607 0.4918 0.1121 0.2447 0.3017 0.1165 0.4080 0.1320 0.1399 0.5193 0.1145 0.2002 0.4088 0.1126 0.3267 0.1599 0.1267 0.5079 0.1189 0.1683 0.4774 0.1118 0.2621 0.2601 0.1185 0.4367 0.1274 0.1457 0.5138 0.1135 0.2134 0.3776 0.1136 0.3521 0.1467 0.1304 0.5178 0.1171 0.1778 0.4583 0.1118 0.2819 0.2176 0.1204 0.5102 0.1137 0.3419 0.2280 0.1127 0.5049 0.1524 0.1238 0.4649 0.1209 0.2183 0.2818 0.1118 0.4582 0.1778 0.1171 0.5178 0.1304 0.1467 0.3520 0.1136 0.3775 0.2134 0.1135 0.5138 0.1457 0.1274 0.4366 0.1185 0.2600 0.2621 0.1118 0.4773 0.1683 0.1189 0.5078 0.1267 0.1598 0.3267 0.1126 0.4088 0.2002 0.1145 0.5193 0.1399 0.1320 0.4080 0.1165 0.3017 0.2447 0.1121 0.4918 0.1607 0.1211 0.4739
0.1248 0.1610 0.4914 0.1121 0.2447 0.3022 0.1165 0.4071 0.1322 0.1397 0.5194 0.1145 0.1997 0.4101 0.1126 0.3255 0.1607 0.1266 0.5072 0.1190 0.1678 0.4783 0.1118 0.2612 0.2623 0.1184 0.4354 0.1276 0.1454 0.5142 0.1135 0.2127 0.3792 0.1135 0.3509 0.1471 0.1302 0.5175 0.1172 0.1773 0.4593 0.1118 0.2809 0.2200 0.1208 0.4598 0.1085 0.3768 0.1148 0.3438 0.2273 0.1127 0.5054 0.1521 0.1239 0.4636 0.1208 0.2203 0.2808 0.1118 0.4592 0.1773 0.1172 0.5175 0.1302 0.1472 0.3507 0.1135 0.3791 0.2127 0.1135 0.5141 0.1454 0.1276 0.4352 0.1184 0.2621 0.2612 0.1118 0.4782 0.1678 0.1190 0.5071 0.1266 0.1607 0.3255 0.1126 0.4101 0.1997 0.1145 0.5194 0.1397 0.1322 0.4071 0.1165 0.3022 0.2447 0.1121 0.4914 0.1610 0.1248
0.1550 0.4909 0.1121 0.2452 0.3017 0.1165 0.4069 0.1323 0.1395 0.5195 0.1146 0.1992 0.4112 0.1126 0.3245 0.1615 0.1264 0.5065 0.1190 0.1674 0.4790 0.1118 0.2603 0.2643 0.1183 0.4339 0.1278 0.1451 0.5145 0.1136 0.2120 0.3808 0.1135 0.3496 0.1477 0.1300 0.5172 0.1173 0.1768 0.4603 0.1118 0.2799 0.2219 0.1207 0.4625 0.1230 0.1706 0.1354 0.3768 0.1147 0.3457 0.2265 0.1128 0.5059 0.1517 0.1241 0.4622 0.1206 0.2221 0.2798 0.1118 0.4603 0.1768 0.1173 0.5172 0.1300 0.1477 0.3495 0.1135 0.3808 0.2120 0.1136 0.5145 0.1451 0.1278 0.4339 0.1183 0.2643 0.2603 0.1118 0.4790 0.1674 0.1190 0.5065 0.1264 0.1615 0.3245 0.1126 0.4112 0.1992 0.1146 0.5195 0.1395 0.1323 0.4069 0.1165 0.3017 0.2452 0.1121 0.4909 0.1550
0.4680 0.1127 0.2459 0.3003 0.1165 0.4071 0.1323 0.1395 0.5196 0.1146 0.1987 0.4123 0.1125 0.3235 0.1623 0.1263 0.5059 0.1191 0.1670 0.4798 0.1118 0.2594 0.2664 0.1182 0.4325 0.1280 0.1448 0.5148 0.1136 0.2114 0.3824 0.1134 0.3483 0.1482 0.1298 0.5168 0.1174 0.1763 0.4613 0.1118 0.2789 0.2239 0.1205 0.4608 0.1243 0.1507 0.4772 0.1347 0.1391 0.3752 0.1146 0.3475 0.2258 0.1128 0.5064 0.1514 0.1243 0.4608 0.1205 0.2240 0.2789 0.1118 0.4613 0.1763 0.1174 0.5168 0.1298 0.1482 0.3483 0.1134 0.3824 0.2114 0.1136 0.5148 0.1448 0.1280 0.4325 0.1182 0.2664 0.2593 0.1118 0.4798 0.1670 0.1191 0.5059 0.1263 0.1623 0.3235 0.1125 0.4123 0.1987 0.1146 0.5196 0.1395 0.1323 0.4071 0.1165 0.3003 0.2458 0.1127 0.4680
0.1114 0.2467 0.2985 0.1166 0.4080 0.1322 0.1395 0.5196 0.1146 0.1985 0.4132 0.1125 0.3225 0.1630 0.1261 0.5052 0.1192 0.1667 0.4805 0.1118 0.2585 0.2684 0.1181 0.4311 0.1282 0.1445 0.5152 0.1137 0.2107 0.3840 0.1134 0.3470 0.1487 0.1296 0.5165 0.1174 0.1759 0.4623 0.1118 0.2779 0.2260 0.1204 0.4595 0.1244 0.1511 0.5082 0.1069 0.5207 0.1340 0.1395 0.3739 0.1146 0.3494 0.2251 0.1128 0.5069 0.1510 0.1244 0.4595 0.1204 0.2259 0.2779 0.1117 0.4623 0.1759 0.1174 0.5165 0.1296 0.1487 0.3471 0.1134 0.3840 0.2107 0.1137 0.5152 0.1445 0.1282 0.4311 0.1181 0.2684 0.2585 0.1118 0.4805 0.1667 0.1192 0.5052 0.1261 0.1630 0.3225 0.1125 0.4132 0.1985 0.1146 0.5196 0.1395 0.1322 0.4080 0.1166 0.2985 0.2467 0.1115
0.2368 0.2966 0.1167 0.4092 0.1320 0.1397 0.5195 0.1146 0.1985 0.4135 0.1125 0.3218 0.1637 0.1260 0.5046 0.1193 0.1663 0.4811 0.1118 0.2578 0.2702 0.1180 0.4299 0.1284 0.1442 0.5155 0.1137 0.2100 0.3856 0.1133 0.3457 0.1493 0.1295 0.5161 0.1175 0.1754 0.4632 0.1118 0.2769 0.2280 0.1203 0.4581 0.1246 0.1507 0.5073 0.1114 0.2608 0.1119 0.5207 0.1337 0.1399 0.3725 0.1145 0.3511 0.2244 0.1129 0.5074 0.1507 0.1246 0.4581 0.1203 0.2279 0.2769 0.1118 0.4632 0.1754 0.1175 0.5161 0.1294 0.1493 0.3458 0.1133 0.3856 0.2100 0.1137 0.5155 0.1442 0.1284 0.4299 0.1180 0.2702 0.2578 0.1118 0.4811 0.1663 0.1193 0.5046 0.1260 0.1637 0.3218 0.1125 0.4135 0.1985 0.1146 0.5195 0.1397 0.1320 0.4092 0.1167 0.2965 0.2368
0.2634 0.1172 0.4104 0.1317 0.1399 0.5194 0.1146 0.1987 0.4132 0.1125 0.3216 0.1641 0.1259 0.5040 0.1194 0.1660 0.4818 0.1119 0.2571 0.2719 0.1179 0.4287 0.1286 0.1440 0.5157 0.1137 0.2094 0.3871 0.1133 0.3445 0.1499 0.1293 0.5157 0.1176 0.1749 0.4642 0.1118 0.2759 0.2301 0.1202 0.4568 0.1248 0.1503 0.5079 0.1130 0.2220 0.2639 0.1857 0.1161 0.5206 0.1335 0.1403 0.3711 0.1144 0.3528 0.2236 0.1129 0.5079 0.1504 0.1248 0.4567 0.1202 0.2299 0.2759 0.1117 0.4642 0.1749 0.1176 0.5157 0.1292 0.1499 0.3445 0.1133 0.3871 0.2094 0.1137 0.5157 0.1440 0.1286 0.4287 0.1179 0.2719 0.2571 0.1119 0.4818 0.1660 0.1194 0.5040 0.1259 0.1641 0.3216 0.1125 0.4132 0.1987 0.1146 0.5194 0.1399 0.1317 0.4105 0.1172 0.2634
0.1125 0.4119 0.1315 0.1402 0.5193 0.1145 0.1992 0.4123 0.1125 0.3218 0.1641 0.1259 0.5037 0.1194 0.1657 0.4824 0.1119 0.2563 0.2736 0.1178 0.4275 0.1287 0.1437 0.5160 0.1138 0.2089 0.3885 0.1132 0.3434 0.1504 0.1291 0.5153 0.1177 0.1744 0.4653 0.1117 0.2749 0.2322 0.1201 0.4555 0.1249 0.1500 0.5083 0.1129 0.2230 0.3594 0.1186 0.4446 0.1848 0.1162 0.5205 0.1333 0.1407 0.3697 0.1144 0.3546 0.2229 0.1129 0.5083 0.1500 0.1249 0.4553 0.1200 0.2320 0.2749 0.1117 0.4652 0.1744 0.1177 0.5153 0.1291 0.1504 0.3434 0.1132 0.3885 0.2089 0.1138 0.5160 0.1437 0.1287 0.4275 0.1178 0.2736 0.2563 0.1119 0.4824 0.1657 0.1194 0.5037 0.1259 0.1641 0.3218 0.1125 0.4123 0.1992 0.1145 0.5193 0.1401 0.1315 0.4120 0.1125
0.3945 0.1316 0.1404 0.5191 0.1145 0.1997 0.4112 0.1125 0.3225 0.1637 0.1259 0.5037 0.1194 0.1655 0.4829 0.1119 0.2556 0.2753 0.1177 0.4264 0.1289 0.1435 0.5162 0.1138 0.2083 0.3897 0.1132 0.3423 0.1509 0.1289 0.5149 0.1178 0.1740 0.4662 0.1117 0.2739 0.2342 0.1199 0.4542 0.1251 0.1497 0.5088 0.1130 0.2222 0.3559 0.1133 0.4299 0.1093 0.4446 0.1842 0.1162 0.5204 0.1330 0.1411 0.3684 0.1143 0.3564 0.2221 0.1130 0.5088 0.1497 0.1251 0.4540 0.1199 0.2341 0.2739 0.1118 0.4661 0.1740 0.1177 0.5149 0.1289 0.1509 0.3423 0.1132 0.3897 0.2083 0.1138 0.5162 0.1435 0.1289 0.4264 0.1177 0.2753 0.2556 0.1119 0.4829 0.1655 0.1194 0.5037 0.1259 0.1637 0.3225 0.1125 0.4112 0.1997 0.1145 0.5191 0.1404 0.1316 0.3944
0.1362 0.1407 0.5189 0.1145 0.2002 0.4101 0.1126 0.3235 0.1630 0.1260 0.5040 0.1194 0.1655 0.4830 0.1119 0.2551 0.2768 0.1177 0.4252 0.1291 0.1433 0.5165 0.1139 0.2078 0.3910 0.1131 0.3413 0.1514 0.1288 0.5146 0.1178 0.1736 0.4670 0.1117 0.2730 0.2362 0.1198 0.4528 0.1253 0.1493 0.5093 0.1130 0.2215 0.3581 0.1143 0.3634 0.1185 0.2928 0.1119 0.4459 0.1836 0.1163 0.5203 0.1328 0.1415 0.3671 0.1142 0.3582 0.2214 0.1130 0.5093 0.1493 0.1253 0.4527 0.1198 0.2362 0.2730 0.1117 0.4670 0.1736 0.1178 0.5146 0.1288 0.1514 0.3413 0.1131 0.3910 0.2078 0.1139 0.5165 0.1433 0.1291 0.4252 0.1177 0.2768 0.2551 0.1119 0.4830 0.1655 0.1194 0.5040 0.1260 0.1630 0.3235 0.1126 0.4101 0.2002 0.1145 0.5189 0.1407 0.1362
0.1354 0.5187 0.1144 0.2008 0.4088 0.1126 0.3245 0.1623 0.1261 0.5046 0.1194 0.1657 0.4829 0.1119 0.2549 0.2777 0.1176 0.4242 0.1293 0.1430 0.5167 0.1139 0.2073 0.3923 0.1131 0.3403 0.1519 0.1286 0.5142 0.1179 0.1732 0.4677 0.1117 0.2721 0.2380 0.1197 0.4515 0.1254 0.1490 0.5097 0.1130 0.2207 0.3598 0.1142 0.3660 0.1417 0.1464 0.1985 0.2928 0.1119 0.4471 0.1831 0.1164 0.5201 0.1326 0.1419 0.3658 0.1142 0.3600 0.2207 0.1130 0.5097 0.1490 0.1254 0.4515 0.1197 0.2380 0.2721 0.1117 0.4677 0.1732 0.1179 0.5142 0.1286 0.1519 0.3403 0.1131 0.3923 0.2073 0.1139 0.5167 0.1430 0.1293 0.4242 0.1176 0.2777 0.2549 0.1119 0.4829 0.1657 0.1194 0.5046 0.1261 0.1623 0.3245 0.1126 0.4088 0.2008 0.1144 0.5187 0.1354
0.4997 0.1149 0.2014 0.4074 0.1126 0.3255 0.1615 0.1263 0.5052 0.1193 0.1660 0.4824 0.1119 0.2551 0.2777 0.1176 0.4236 0.1294 0.1428 0.5169 0.1139 0.2067 0.3935 0.1130 0.3393 0.1524 0.1285 0.5138 0.1180 0.1728 0.4685 0.1117 0.2713 0.2397 0.1196 0.4503 0.1256 0.1488 0.5100 0.1131 0.2200 0.3615 0.1141 0.3644 0.1423 0.1320 0.5164 0.1223 0.2001 0.2917 0.1119 0.4482 0.1826 0.1165 0.5200 0.1324 0.1423 0.3645 0.1141 0.3616 0.2200 0.1131 0.5100 0.1488 0.1256 0.4503 0.1196 0.2397 0.2713 0.1117 0.4685 0.1728 0.1180 0.5138 0.1285 0.1524 0.3393 0.1130 0.3935 0.2067 0.1139 0.5169 0.1428 0.1294 0.4236 0.1176 0.2777 0.2551 0.1119 0.4824 0.1660 0.1193 0.5052 0.1263 0.1615 0.3255 0.1126 0.4073 0.2014 0.1149 0.4997
0.1157 0.2021 0.4059 0.1127 0.3267 0.1607 0.1264 0.5059 0.1192 0.1663 0.4818 0.1119 0.2556 0.2768 0.1176 0.4236 0.1294 0.1427 0.5171 0.1140 0.2062 0.3948 0.1130 0.3383 0.1529 0.1283 0.5134 0.1180 0.1724 0.4693 0.1117 0.2705 0.2414 0.1195 0.4492 0.1257 0.1485 0.5104 0.1131 0.2194 0.3632 0.1140 0.3632 0.1427 0.1322 0.5193 0.1057 0.4746 0.1220 0.2021 0.2906 0.1118 0.4493 0.1820 0.1165 0.5198 0.1322 0.1427 0.3632 0.1140 0.3632 0.2194 0.1131 0.5104 0.1485 0.1257 0.4492 0.1195 0.2414 0.2705 0.1117 0.4693 0.1724 0.1180 0.5134 0.1283 0.1529 0.3383 0.1130 0.3948 0.2062 0.1140 0.5171 0.1427 0.1294 0.4236 0.1176 0.2768 0.2556 0.1119 0.4818 0.1663 0.1192 0.5059 0.1264 0.1607 0.3267 0.1127 0.4059 0.2021 0.1157
0.1943 0.4045 0.1127 0.3279 0.1599 0.1266 0.5065 0.1191 0.1667 0.4811 0.1119 0.2563 0.2753 0.1177 0.4242 0.1294 0.1427 0.5171 0.1140 0.2058 0.3959 0.1130 0.3373 0.1535 0.1282 0.5130 0.1181 0.1721 0.4700 0.1117 0.2698 0.2431 0.1194 0.4481 0.1259 0.1482 0.5107 0.1131 0.2188 0.3646 0.1140 0.3621 0.1431 0.1320 0.5197 0.1152 0.2078 0.1187 0.4746 0.1219 0.2039 0.2896 0.1118 0.4504 0.1815 0.1166 0.5196 0.1320 0.1431 0.3621 0.1140 0.3646 0.2188 0.1131 0.5107 0.1482 0.1259 0.4481 0.1194 0.2431 0.2698 0.1117 0.4700 0.1721 0.1181 0.5130 0.1282 0.1535 0.3373 0.1130 0.3959 0.2058 0.1140 0.5171 0.1427 0.1294 0.4242 0.1177 0.2753 0.2563 0.1119 0.4811 0.1667 0.1191 0.5065 0.1266 0.1598 0.3280 0.1127 0.4045 0.1943
0.3740 0.1133 0.3291 0.1591 0.1267 0.5072 0.1190 0.1670 0.4805 0.1118 0.2571 0.2736 0.1177 0.4252 0.1293 0.1428 0.5171 0.1140 0.2057 0.3965 0.1130 0.3364 0.1540 0.1280 0.5126 0.1182 0.1717 0.4708 0.1118 0.2690 0.2448 0.1193 0.4469 0.1260 0.1480 0.5111 0.1132 0.2182 0.3660 0.1139 0.3610 0.1434 0.1318 0.5195 0.1167 0.1801 0.3943 0.1552 0.1229 0.4733 0.1217 0.2057 0.2886 0.1118 0.4514 0.1811 0.1166 0.5195 0.1318 0.1434 0.3610 0.1139 0.3660 0.2182 0.1132 0.5111 0.1480 0.1260 0.4469 0.1193 0.2448 0.2690 0.1118 0.4708 0.1717 0.1182 0.5126 0.1280 0.1540 0.3364 0.1130 0.3965 0.2057 0.1140 0.5171 0.1428 0.1293 0.4252 0.1177 0.2736 0.2571 0.1118 0.4805 0.1670 0.1190 0.5071 0.1267 0.1590 0.3292 0.1133 0.3740
0.1099 0.3303 0.1582 0.1269 0.5079 0.1190 0.1674 0.4798 0.1118 0.2578 0.2719 0.1178 0.4264 0.1291 0.1430 0.5169 0.1140 0.2058 0.3965 0.1129 0.3359 0.1544 0.1279 0.5121 0.1182 0.1713 0.4715 0.1118 0.2682 0.2465 0.1192 0.4458 0.1261 0.1477 0.5114 0.1132 0.2176 0.3674 0.1139 0.3600 0.1438 0.1316 0.5193 0.1167 0.1808 0.4552 0.1111 0.5025 0.1543 0.1230 0.4721 0.1216 0.2074 0.2876 0.1118 0.4523 0.1807 0.1167 0.5193 0.1316 0.1438 0.3600 0.1139 0.3674 0.2176 0.1132 0.5114 0.1477 0.1261 0.4458 0.1192 0.2465 0.2682 0.1118 0.4715 0.1713 0.1182 0.5121 0.1279 0.1544 0.3359 0.1129 0.3965 0.2058 0.1140 0.5169 0.1430 0.1291 0.4264 0.1178 0.2719 0.2578 0.1118 0.4798 0.1674 0.1190 0.5078 0.1269 0.1582 0.3304 0.1099
0.3163 0.1577 0.1270 0.5085 0.1189 0.1678 0.4790 0.1118 0.2585 0.2702 0.1179 0.4275 0.1289 0.1433 0.5167 0.1139 0.2062 0.3959 0.1130 0.3359 0.1545 0.1278 0.5118 0.1183 0.1709 0.4722 0.1118 0.2674 0.2482 0.1191 0.4447 0.1263 0.1475 0.5117 0.1132 0.2171 0.3688 0.1138 0.3589 0.1442 0.1315 0.5191 0.1168 0.1802 0.4529 0.1105 0.3362 0.1089 0.5025 0.1540 0.1231 0.4709 0.1215 0.2089 0.2868 0.1118 0.4532 0.1802 0.1168 0.5191 0.1315 0.1442 0.3589 0.1138 0.3688 0.2171 0.1132 0.5117 0.1475 0.1263 0.4447 0.1191 0.2482 0.2674 0.1118 0.4722 0.1709 0.1183 0.5118 0.1278 0.1545 0.3359 0.1130 0.3959 0.2062 0.1139 0.5167 0.1433 0.1289 0.4275 0.1179 0.2702 0.2585 0.1118 0.4790 0.1678 0.1189 0.5085 0.1270 0.1577 0.3163
0.1572 0.1272 0.5092 0.1188 0.1683 0.4783 0.1118 0.2594 0.2684 0.1180 0.4287 0.1287 0.1435 0.5165 0.1139 0.2067 0.3948 0.1130 0.3364 0.1544 0.1278 0.5117 0.1183 0.1707 0.4729 0.1118 0.2667 0.2499 0.1190 0.4435 0.1265 0.1472 0.5120 0.1133 0.2165 0.3702 0.1138 0.3578 0.1445 0.1313 0.5189 0.1168 0.1798 0.4541 0.1119 0.2833 0.1463 0.2306 0.1126 0.5030 0.1537 0.1232 0.4699 0.1214 0.2105 0.2860 0.1118 0.4541 0.1798 0.1168 0.5189 0.1313 0.1445 0.3578 0.1138 0.3702 0.2165 0.1133 0.5120 0.1472 0.1265 0.4435 0.1190 0.2499 0.2667 0.1118 0.4729 0.1707 0.1183 0.5117 0.1278 0.1544 0.3364 0.1130 0.3948 0.2067 0.1139 0.5165 0.1435 0.1287 0.4287 0.1180 0.2684 0.2593 0.1118 0.4782 0.1683 0.1188 0.5092 0.1272 0.1572
0.1221 0.5098 0.1187 0.1687 0.4774 0.1118 0.2603 0.2664 0.1181 0.4299 0.1286 0.1437 0.5162 0.1139 0.2073 0.3935 0.1130 0.3373 0.1540 0.1279 0.5118 0.1183 0.1706 0.4732 0.1118 0.2660 0.2516 0.1189 0.4424 0.1266 0.1470 0.5124 0.1133 0.2159 0.3715 0.1138 0.3568 0.1449 0.1311 0.5187 0.1169 0.1794 0.4549 0.1118 0.2854 0.2168 0.1302 0.3386 0.2302 0.1126 0.5034 0.1534 0.1233 0.4688 0.1213 0.2120 0.2851 0.1118 0.4549 0.1794 0.1169 0.5187 0.1311 0.1449 0.3568 0.1138 0.3715 0.2159 0.1133 0.5124 0.1470 0.1266 0.4424 0.1189 0.2516 0.2660 0.1118 0.4732 0.1706 0.1183 0.5118 0.1279 0.1540 0.3373 0.1130 0.3935 0.2073 0.1139 0.5162 0.1437 0.1286 0.4299 0.1181 0.2664 0.2603 0.1118 0.4773 0.1687 0.1187 0.5098 0.1221
0.4916 0.1190 0.1692 0.4765 0.1118 0.2612 0.2643 0.1182 0.4311 0.1284 0.1440 0.5160 0.1138 0.2078 0.3923 0.1130 0.3383 0.1535 0.1280 0.5121 0.1183 0.1707 0.4732 0.1118 0.2656 0.2529 0.1189 0.4412 0.1268 0.1467 0.5127 0.1134 0.2154 0.3729 0.1137 0.3557 0.1453 0.1310 0.5185 0.1169 0.1790 0.4558 0.1118 0.2843 0.2131 0.1207 0.5112 0.1139 0.3384 0.2295 0.1126 0.5038 0.1531 0.1235 0.4677 0.1212 0.2136 0.2843 0.1118 0.4558 0.1790 0.1169 0.5185 0.1310 0.1453 0.3557 0.1137 0.3729 0.2154 0.1134 0.5127 0.1467 0.1268 0.4412 0.1189 0.2529 0.2656 0.1118 0.4732 0.1707 0.1183 0.5121 0.1280 0.1535 0.3383 0.1130 0.3923 0.2078 0.1138 0.5160 0.1440 0.1284 0.4311 0.1182 0.2643 0.2612 0.1118 0.4765 0.1692 0.1190 0.4916
0.1221 0.1696 0.4756 0.1118 0.2621 0.2623 0.1183 0.4325 0.1282 0.1442 0.5157 0.1138 0.2083 0.3910 0.1131 0.3393 0.1529 0.1282 0.5126 0.1182 0.1709 0.4729 0.1118 0.2656 0.2533 0.1188 0.4404 0.1269 0.1464 0.5130 0.1134 0.2148 0.3743 0.1137 0.3547 0.1457 0.1308 0.5183 0.1170 0.1786 0.4566 0.1118 0.2834 0.2152 0.1211 0.4631 0.1084 0.3792 0.1149 0.3401 0.2289 0.1126 0.5043 0.1528 0.1236 0.4667 0.1211 0.2151 0.2834 0.1118 0.4566 0.1786 0.1170 0.5183 0.1308 0.1457 0.3547 0.1137 0.3743 0.2148 0.1134 0.5130 0.1464 0.1269 0.4404 0.1188 0.2533 0.2656 0.1118 0.4729 0.1709 0.1182 0.5126 0.1282 0.1529 0.3393 0.1131 0.3910 0.2083 0.1138 0.5157 0.1442 0.1282 0.4325 0.1183 0.2621 0.2621 0.1118 0.4756 0.1696 0.1221
0.1633 0.4748 0.1118 0.2630 0.2601 0.1184 0.4339 0.1280 0.1445 0.5155 0.1137 0.2089 0.3897 0.1131 0.3403 0.1524 0.1283 0.5130 0.1182 0.1713 0.4722 0.1118 0.2660 0.2529 0.1188 0.4401 0.1270 0.1463 0.5133 0.1134 0.2142 0.3756 0.1136 0.3536 0.1461 0.1306 0.5181 0.1171 0.1782 0.4575 0.1118 0.2826 0.2167 0.1210 0.4660 0.1226 0.1715 0.1346 0.3796 0.1149 0.3416 0.2282 0.1127 0.5047 0.1525 0.1237 0.4656 0.1210 0.2167 0.2826 0.1118 0.4575 0.1782 0.1171 0.5181 0.1306 0.1461 0.3536 0.1136 0.3756 0.2142 0.1134 0.5133 0.1463 0.1270 0.4401 0.1188 0.2529 0.2660 0.1118 0.4722 0.1713 0.1182 0.5130 0.1283 0.1524 0.3403 0.1131 0.3897 0.2089 0.1137 0.5155 0.1445 0.1280 0.4339 0.1184 0.2600 0.2631 0.1118 0.4748 0.1633
0.4502 0.1124 0.2640 0.2580 0.1185 0.4354 0.1278 0.1448 0.5152 0.1137 0.2094 0.3885 0.1132 0.3413 0.1519 0.1285 0.5134 0.1181 0.1717 0.4715 0.1118 0.2667 0.2516 0.1189 0.4404 0.1270 0.1462 0.5134 0.1135 0.2137 0.3769 0.1136 0.3525 0.1465 0.1305 0.5179 0.1171 0.1778 0.4583 0.1118 0.2818 0.2183 0.1209 0.4645 0.1239 0.1516 0.4752 0.1352 0.1383 0.3784 0.1148 0.3431 0.2276 0.1127 0.5051 0.1523 0.1238 0.4645 0.1209 0.2183 0.2818 0.1118 0.4583 0.1778 0.1171 0.5179 0.1305 0.1465 0.3525 0.1136 0.3769 0.2137 0.1135 0.5134 0.1462 0.1270 0.4404 0.1189 0.2516 0.2667 0.1118 0.4715 0.1717 0.1181 0.5134 0.1285 0.1519 0.3413 0.1132 0.3885 0.2094 0.1137 0.5152 0.1448 0.1278 0.4352 0.1185 0.2579 0.2640 0.1124 0.4502
0.1106 0.2649 0.2558 0.1186 0.4367 0.1276 0.1451 0.5148 0.1137 0.2100 0.3871 0.1132 0.3423 0.1514 0.1286 0.5138 0.1180 0.1721 0.4708 0.1118 0.2674 0.2499 0.1189 0.4412 0.1269 0.1463 0.5134 0.1135 0.2135 0.3779 0.1135 0.3515 0.1469 0.1303 0.5176 0.1172 0.1774 0.4591 0.1118 0.2810 0.2199 0.1208 0.4635 0.1240 0.1521 0.5069 0.1070 0.5209 0.1345 0.1386 0.3773 0.1147 0.3446 0.2270 0.1127 0.5055 0.1520 0.1240 0.4635 0.1208 0.2199 0.2810 0.1118 0.4591 0.1774 0.1172 0.5176 0.1303 0.1469 0.3515 0.1135 0.3779 0.2135 0.1135 0.5134 0.1463 0.1269 0.4412 0.1189 0.2499 0.2674 0.1118 0.4708 0.1721 0.1180 0.5138 0.1286 0.1514 0.3423 0.1132 0.3871 0.2100 0.1137 0.5148 0.1451 0.1276 0.4366 0.1186 0.2557 0.2650 0.1106
0.2541 0.2537 0.1187 0.4381 0.1274 0.1454 0.5145 0.1136 0.2107 0.3856 0.1133 0.3434 0.1509 0.1288 0.5142 0.1180 0.1724 0.4700 0.1118 0.2682 0.2482 0.1190 0.4424 0.1268 0.1464 0.5133 0.1135 0.2135 0.3782 0.1135 0.3507 0.1473 0.1301 0.5173 0.1172 0.1770 0.4600 0.1117 0.2802 0.2215 0.1207 0.4624 0.1241 0.1517 0.5058 0.1113 0.2630 0.1118 0.5209 0.1343 0.1389 0.3762 0.1147 0.3461 0.2264 0.1127 0.5059 0.1517 0.1241 0.4624 0.1207 0.2215 0.2802 0.1117 0.4600 0.1770 0.1172 0.5173 0.1301 0.1473 0.3507 0.1135 0.3782 0.2135 0.1135 0.5133 0.1464 0.1268 0.4424 0.1190 0.2482 0.2682 0.1118 0.4700 0.1724 0.1180 0.5142 0.1288 0.1509 0.3434 0.1133 0.3856 0.2107 0.1136 0.5145 0.1454 0.1274 0.4380 0.1187 0.2538 0.2541
0.2242 0.1191 0.4394 0.1272 0.1457 0.5142 0.1136 0.2114 0.3840 0.1133 0.3445 0.1504 0.1289 0.5146 0.1179 0.1728 0.4693 0.1117 0.2690 0.2465 0.1191 0.4435 0.1266 0.1467 0.5130 0.1134 0.2137 0.3779 0.1135 0.3505 0.1475 0.1300 0.5171 0.1173 0.1766 0.4608 0.1117 0.2793 0.2231 0.1206 0.4613 0.1242 0.1514 0.5064 0.1129 0.2242 0.2583 0.1869 0.1160 0.5208 0.1341 0.1392 0.3750 0.1146 0.3476 0.2258 0.1128 0.5063 0.1514 0.1242 0.4613 0.1206 0.2231 0.2793 0.1117 0.4608 0.1766 0.1173 0.5171 0.1300 0.1475 0.3505 0.1135 0.3779 0.2137 0.1134 0.5130 0.1467 0.1266 0.4435 0.1191 0.2465 0.2690 0.1117 0.4693 0.1728 0.1179 0.5146 0.1289 0.1504 0.3445 0.1133 0.3840 0.2114 0.1136 0.5141 0.1457 0.1272 0.4394 0.1191 0.2243
0.1142 0.4408 0.1270 0.1460 0.5138 0.1135 0.2120 0.3824 0.1134 0.3457 0.1499 0.1291 0.5149 0.1178 0.1732 0.4685 0.1117 0.2698 0.2448 0.1192 0.4447 0.1265 0.1470 0.5127 0.1134 0.2142 0.3769 0.1135 0.3507 0.1475 0.1300 0.5170 0.1174 0.1763 0.4616 0.1117 0.2785 0.2248 0.1205 0.4602 0.1244 0.1511 0.5067 0.1128 0.2254 0.3539 0.1190 0.4418 0.1861 0.1160 0.5208 0.1339 0.1395 0.3739 0.1146 0.3491 0.2252 0.1128 0.5067 0.1511 0.1244 0.4602 0.1205 0.2248 0.2785 0.1117 0.4616 0.1763 0.1174 0.5170 0.1300 0.1475 0.3507 0.1135 0.3769 0.2142 0.1134 0.5127 0.1470 0.1265 0.4447 0.1192 0.2448 0.2698 0.1117 0.4685 0.1732 0.1178 0.5149 0.1291 0.1499 0.3458 0.1134 0.3824 0.2120 0.1135 0.5138 0.1461 0.1270 0.4409 0.1142
0.4226 0.1272 0.1464 0.5134 0.1135 0.2127 0.3808 0.1134 0.3470 0.1493 0.1293 0.5153 0.1178 0.1736 0.4677 0.1117 0.2705 0.2431 0.1193 0.4458 0.1263 0.1472 0.5124 0.1134 0.2148 0.3756 0.1136 0.3515 0.1473 0.1300 0.5170 0.1174 0.1761 0.4622 0.1117 0.2777 0.2264 0.1204 0.4591 0.1245 0.1509 0.5071 0.1128 0.2246 0.3500 0.1136 0.4342 0.1094 0.4414 0.1857 0.1160 0.5207 0.1337 0.1398 0.3728 0.1145 0.3505 0.2246 0.1128 0.5071 0.1509 0.1245 0.4591 0.1204 0.2264 0.2777 0.1117 0.4622 0.1761 0.1174 0.5170 0.1300 0.1473 0.3515 0.1136 0.3756 0.2148 0.1134 0.5124 0.1472 0.1263 0.4458 0.1193 0.2431 0.2705 0.1117 0.4677 0.1736 0.1177 0.5153 0.1292 0.1493 0.3471 0.1134 0.3808 0.2127 0.1135 0.5134 0.1464 0.1272 0.4226
0.1317 0.1467 0.5130 0.1134 0.2134 0.3792 0.1135 0.3483 0.1487 0.1295 0.5157 0.1177 0.1740 0.4670 0.1117 0.2713 0.2414 0.1194 0.4469 0.1261 0.1475 0.5120 0.1133 0.2154 0.3743 0.1136 0.3525 0.1469 0.1301 0.5171 0.1174 0.1761 0.4624 0.1117 0.2771 0.2279 0.1203 0.4580 0.1246 0.1506 0.5075 0.1129 0.2240 0.3520 0.1145 0.3681 0.1178 0.2959 0.1120 0.4425 0.1853 0.1161 0.5206 0.1336 0.1401 0.3717 0.1145 0.3520 0.2240 0.1129 0.5075 0.1506 0.1246 0.4580 0.1203 0.2279 0.2771 0.1117 0.4624 0.1761 0.1174 0.5171 0.1301 0.1469 0.3525 0.1136 0.3743 0.2154 0.1133 0.5120 0.1475 0.1261 0.4469 0.1194 0.2414 0.2713 0.1117 0.4670 0.1740 0.1177 0.5157 0.1294 0.1487 0.3483 0.1135 0.3791 0.2134 0.1134 0.5130 0.1467 0.1317
0.1412 0.5127 0.1134 0.2141 0.3776 0.1135 0.3496 0.1482 0.1296 0.5161 0.1176 0.1744 0.4662 0.1117 0.2721 0.2397 0.1195 0.4481 0.1260 0.1477 0.5117 0.1133 0.2159 0.3729 0.1137 0.3536 0.1465 0.1303 0.5173 0.1173 0.1763 0.4622 0.1117 0.2769 0.2287 0.1202 0.4570 0.1248 0.1503 0.5079 0.1129 0.2234 0.3534 0.1144 0.3710 0.1402 0.1473 0.1932 0.2961 0.1119 0.4434 0.1848 0.1162 0.5206 0.1334 0.1404 0.3706 0.1144 0.3534 0.2234 0.1129 0.5079 0.1503 0.1248 0.4570 0.1202 0.2287 0.2769 0.1117 0.4622 0.1763 0.1173 0.5173 0.1303 0.1465 0.3536 0.1137 0.3729 0.2159 0.1133 0.5117 0.1477 0.1260 0.4481 0.1195 0.2397 0.2721 0.1117 0.4661 0.1744 0.1176 0.5161 0.1296 0.1482 0.3495 0.1135 0.3775 0.2141 0.1134 0.5127 0.1412
0.4926 0.1139 0.2148 0.3759 0.1136 0.3509 0.1477 0.1298 0.5165 0.1175 0.1749 0.4653 0.1117 0.2730 0.2380 0.1196 0.4492 0.1259 0.1480 0.5114 0.1132 0.2165 0.3715 0.1137 0.3547 0.1461 0.1305 0.5176 0.1172 0.1766 0.4616 0.1117 0.2771 0.2287 0.1202 0.4564 0.1249 0.1501 0.5083 0.1129 0.2228 0.3549 0.1143 0.3695 0.1407 0.1328 0.5154 0.1227 0.1945 0.2952 0.1119 0.4443 0.1844 0.1162 0.5205 0.1332 0.1408 0.3695 0.1143 0.3549 0.2228 0.1129 0.5083 0.1501 0.1249 0.4564 0.1202 0.2287 0.2771 0.1117 0.4616 0.1766 0.1172 0.5176 0.1305 0.1461 0.3547 0.1137 0.3715 0.2165 0.1132 0.5114 0.1480 0.1259 0.4492 0.1196 0.2380 0.2730 0.1118 0.4652 0.1749 0.1175 0.5165 0.1298 0.1477 0.3507 0.1136 0.3758 0.2148 0.1139 0.4926
0.1140 0.2155 0.3742 0.1136 0.3521 0.1471 0.1300 0.5168 0.1174 0.1754 0.4642 0.1117 0.2739 0.2362 0.1197 0.4503 0.1257 0.1482 0.5111 0.1132 0.2171 0.3702 0.1138 0.3557 0.1457 0.1306 0.5179 0.1172 0.1770 0.4608 0.1117 0.2777 0.2279 0.1202 0.4564 0.1249 0.1499 0.5086 0.1130 0.2222 0.3563 0.1143 0.3684 0.1411 0.1331 0.5200 0.1057 0.4786 0.1225 0.1960 0.2943 0.1119 0.4453 0.1840 0.1163 0.5204 0.1330 0.1411 0.3684 0.1143 0.3563 0.2222 0.1130 0.5086 0.1499 0.1249 0.4564 0.1202 0.2279 0.2777 0.1117 0.4608 0.1770 0.1172 0.5179 0.1306 0.1457 0.3557 0.1138 0.3702 0.2171 0.1132 0.5111 0.1482 0.1257 0.4503 0.1197 0.2362 0.2739 0.1117 0.4642 0.1754 0.1174 0.5168 0.1300 0.1472 0.3520 0.1136 0.3741 0.2155 0.1140
0.2071 0.3725 0.1137 0.3534 0.1467 0.1302 0.5172 0.1174 0.1759 0.4632 0.1118 0.2749 0.2342 0.1198 0.4515 0.1256 0.1485 0.5107 0.1132 0.2176 0.3688 0.1138 0.3568 0.1453 0.1308 0.5181 0.1171 0.1774 0.4600 0.1117 0.2785 0.2264 0.1203 0.4570 0.1249 0.1499 0.5087 0.1130 0.2218 0.3576 0.1142 0.3674 0.1414 0.1328 0.5203 0.1149 0.2101 0.1182 0.4790 0.1223 0.1974 0.2935 0.1119 0.4462 0.1835 0.1163 0.5203 0.1328 0.1414 0.3674 0.1142 0.3576 0.2218 0.1130 0.5087 0.1499 0.1249 0.4570 0.1203 0.2264 0.2785 0.1117 0.4600 0.1774 0.1171 0.5181 0.1308 0.1453 0.3568 0.1138 0.3688 0.2176 0.1132 0.5107 0.1485 0.1256 0.4515 0.1198 0.2341 0.2749 0.1117 0.4632 0.1759 0.1174 0.5172 0.1302 0.1467 0.3533 0.1137 0.3725 0.2071
0.3402 0.1143 0.3546 0.1462 0.1304 0.5175 0.1173 0.1763 0.4623 0.1118 0.2759 0.2322 0.1199 0.4528 0.1254 0.1488 0.5104 0.1131 0.2182 0.3674 0.1138 0.3578 0.1449 0.1310 0.5183 0.1171 0.1778 0.4591 0.1117 0.2793 0.2248 0.1204 0.4580 0.1248 0.1501 0.5086 0.1130 0.2216 0.3584 0.1142 0.3664 0.1417 0.1327 0.5202 0.1164 0.1821 0.3886 0.1565 0.1224 0.4779 0.1222 0.1988 0.2926 0.1119 0.4471 0.1831 0.1164 0.5202 0.1327 0.1417 0.3664 0.1142 0.3584 0.2216 0.1130 0.5086 0.1501 0.1248 0.4580 0.1204 0.2248 0.2793 0.1117 0.4591 0.1778 0.1171 0.5183 0.1310 0.1449 0.3578 0.1138 0.3674 0.2182 0.1131 0.5104 0.1488 0.1254 0.4527 0.1199 0.2320 0.2759 0.1118 0.4623 0.1763 0.1173 0.5175 0.1304 0.1462 0.3546 0.1143 0.3402
0.1104 0.3559 0.1457 0.1306 0.5178 0.1172 0.1768 0.4613 0.1118 0.2769 0.2301 0.1201 0.4542 0.1253 0.1490 0.5100 0.1131 0.2188 0.3660 0.1139 0.3589 0.1445 0.1311 0.5185 0.1170 0.1782 0.4583 0.1118 0.2802 0.2231 0.1205 0.4591 0.1246 0.1503 0.5083 0.1130 0.2218 0.3584 0.1142 0.3658 0.1420 0.1325 0.5200 0.1164 0.1828 0.4510 0.1114 0.5005 0.1557 0.1224 0.4769 0.1221 0.2003 0.2917 0.1118 0.4480 0.1827 0.1164 0.5200 0.1325 0.1420 0.3658 0.1142 0.3584 0.2218 0.1130 0.5083 0.1503 0.1246 0.4591 0.1205 0.2231 0.2802 0.1118 0.4583 0.1782 0.1170 0.5185 0.1311 0.1445 0.3589 0.1139 0.3660 0.2188 0.1131 0.5100 0.1490 0.1253 0.4540 0.1200 0.2299 0.2769 0.1117 0.4613 0.1768 0.1172 0.5178 0.1306 0.1457 0.3559 0.1104
0.3408 0.1455 0.1309 0.5181 0.1171 0.1773 0.4603 0.1118 0.2779 0.2280 0.1202 0.4555 0.1251 0.1493 0.5097 0.1131 0.2194 0.3646 0.1139 0.3600 0.1442 0.1313 0.5187 0.1169 0.1786 0.4575 0.1118 0.2810 0.2215 0.1206 0.4602 0.1245 0.1506 0.5079 0.1129 0.2222 0.3576 0.1142 0.3658 0.1421 0.1324 0.5199 0.1165 0.1823 0.4486 0.1106 0.3411 0.1088 0.5003 0.1554 0.1226 0.4760 0.1220 0.2016 0.2910 0.1118 0.4489 0.1823 0.1165 0.5199 0.1324 0.1421 0.3658 0.1142 0.3576 0.2222 0.1129 0.5079 0.1506 0.1245 0.4602 0.1206 0.2215 0.2810 0.1118 0.4575 0.1786 0.1169 0.5187 0.1313 0.1442 0.3600 0.1139 0.3646 0.2194 0.1131 0.5097 0.1493 0.1251 0.4553 0.1202 0.2279 0.2779 0.1118 0.4603 0.1773 0.1171 0.5181 0.1309 0.1455 0.3407
0.1482 0.1311 0.5184 0.1171 0.1778 0.4593 0.1118 0.2789 0.2260 0.1203 0.4568 0.1249 0.1497 0.5093 0.1130 0.2200 0.3632 0.1140 0.3610 0.1438 0.1315 0.5189 0.1169 0.1790 0.4566 0.1118 0.2818 0.2199 0.1207 0.4613 0.1244 0.1509 0.5075 0.1129 0.2228 0.3563 0.1142 0.3664 0.1420 0.1324 0.5199 0.1165 0.1820 0.4497 0.1119 0.2870 0.1436 0.2336 0.1125 0.5009 0.1549 0.1228 0.4741 0.1218 0.2036 0.2900 0.1118 0.4499 0.1819 0.1165 0.5199 0.1324 0.1420 0.3664 0.1142 0.3563 0.2228 0.1129 0.5075 0.1509 0.1244 0.4613 0.1207 0.2199 0.2818 0.1118 0.4566 0.1790 0.1169 0.5189 0.1315 0.1438 0.3610 0.1140 0.3632 0.2200 0.1130 0.5093 0.1497 0.1249 0.4567 0.1203 0.2259 0.2789 0.1118 0.4592 0.1778 0.1171 0.5184 0.1311 0.1482
0.1259 0.5187 0.1170 0.1783 0.4583 0.1118 0.2799 0.2239 0.1204 0.4581 0.1248 0.1500 0.5088 0.1130 0.2207 0.3615 0.1140 0.3621 0.1434 0.1316 0.5191 0.1168 0.1794 0.4558 0.1118 0.2826 0.2183 0.1208 0.4624 0.1242 0.1511 0.5071 0.1129 0.2234 0.3549 0.1143 0.3674 0.1417 0.1325 0.5199 0.1165 0.1818 0.4501 0.1118 0.2888 0.2110 0.1326 0.3317 0.2332 0.1080 0.5022 0.1548 0.1207 0.4751 0.1223 0.2055 0.2903 0.1092 0.4516 0.1817 0.1165 0.5199 0.1325 0.1417 0.3674 0.1143 0.3549 0.2234 0.1129 0.5071 0.1511 0.1242 0.4624 0.1208 0.2183 0.2826 0.1118 0.4558 0.1794 0.1168 0.5191 0.1316 0.1434 0.3621 0.1140 0.3616 0.2207 0.1130 0.5088 0.1500 0.1248 0.4581 0.1204 0.2240 0.2798 0.1118 0.4582 0.1783 0.1170 0.5187 0.1259
0.5007 0.1174 0.1788 0.4572 0.1118 0.2809 0.2219 0.1205 0.4595 0.1246 0.1503 0.5083 0.1130 0.2215 0.3598 0.1141 0.3632 0.1431 0.1318 0.5193 0.1168 0.1798 0.4549 0.1118 0.2834 0.2167 0.1209 0.4635 0.1241 0.1514 0.5067 0.1128 0.2240 0.3534 0.1143 0.3684 0.1414 0.1327 0.5200 0.1165 0.1820 0.4502 0.1117 0.2817 0.1744 0.1363 0.4611 0.1299 0.1295 0.3742 0.1064 0.4738 0.1790 0.1066 0.4746 0.1293 0.1353 0.4187 0.1072 0.4524 0.1818 0.1165 0.5200 0.1327 0.1414 0.3684 0.1143 0.3534 0.2240 0.1128 0.5067 0.1514 0.1241 0.4635 0.1209 0.2167 0.2834 0.1118 0.4549 0.1798 0.1168 0.5193 0.1318 0.1431 0.3632 0.1141 0.3600 0.2214 0.1130 0.5083 0.1504 0.1246 0.4595 0.1205 0.2221 0.2808 0.1118 0.4572 0.1788 0.1174 0.5007
0.1197 0.1793 0.4562 0.1118 0.2819 0.2200 0.1207 0.4608 0.1244 0.1507 0.5079 0.1129 0.2222 0.3581 0.1142 0.3645 0.1427 0.1320 0.5195 0.1167 0.1802 0.4541 0.1118 0.2843 0.2151 0.1210 0.4645 0.1240 0.1517 0.5063 0.1128 0.2246 0.3520 0.1144 0.3695 0.1411 0.1328 0.5202 0.1164 0.1823 0.4497 0.1117 0.2837 0.4161 0.1632 0.0980 0.4247 0.3638 0.5313 0.0800 0.4031 0.1121 0.1934 0.3838 0.4801 0.1301 0.2402 0.2511 0.4904 0.1080 0.4509 0.1822 0.1164 0.5202 0.1328 0.1411 0.3695 0.1144 0.3520 0.2246 0.1128 0.5063 0.1517 0.1240 0.4645 0.1210 0.2151 0.2843 0.1118 0.4541 0.1802 0.1167 0.5195 0.1320 0.1427 0.3645 0.1142 0.3582 0.2221 0.1129 0.5079 0.1507 0.1244 0.4608 0.1206 0.2203 0.2818 0.1118 0.4561 0.1793 0.1197
0.1726 0.4551 0.1118 0.2829 0.2181 0.1208 0.4622 0.1243 0.1510 0.5074 0.1129 0.2229 0.3563 0.1142 0.3658 0.1423 0.1322 0.5196 0.1166 0.1807 0.4532 0.1118 0.2851 0.2136 0.1211 0.4656 0.1238 0.1520 0.5059 0.1128 0.2252 0.3505 0.1145 0.3706 0.1408 0.1330 0.5203 0.1164 0.1827 0.4489 0.1118 0.2900 0.1413 0.2995 0.1970 0.3802 0.1736 0.5300 0.2570 0.3114 0.2129 0.5223 0.1652 0.2133 0.4397 0.1161 0.0984 0.1392 0.3716 0.3398 0.1105 0.4489 0.1827 0.1164 0.5203 0.1330 0.1408 0.3706 0.1145 0.3505 0.2252 0.1128 0.5059 0.1520 0.1238 0.4656 0.1211 0.2136 0.2851 0.1118 0.4532 0.1807 0.1166 0.5196 0.1322 0.1423 0.3658 0.1142 0.3564 0.2229 0.1129 0.5074 0.1510 0.1243 0.4622 0.1208 0.2183 0.2828 0.1118 0.4551 0.1726
0.4287 0.1124 0.2838 0.2163 0.1209 0.4636 0.1241 0.1514 0.5069 0.1128 0.2237 0.3545 0.1143 0.3671 0.1419 0.1324 0.5198 0.1166 0.1811 0.4523 0.1118 0.2860 0.2120 0.1212 0.4667 0.1237 0.1523 0.5055 0.1127 0.2258 0.3491 0.1145 0.3717 0.1404 0.1332 0.5204 0.1163 0.1831 0.4480 0.1118 0.2902 0.2061 0.1280 0.3674 0.2142 0.0971 0.4883 0.1135 0.4628 0.1422 0.3717 0.3459 0.2766 0.2264 0.1953 0.4378 0.1439 0.0632 0.2097 0.1345 0.2885 0.1119 0.4480 0.1831 0.1163 0.5204 0.1332 0.1404 0.3717 0.1145 0.3491 0.2258 0.1127 0.5055 0.1523 0.1237 0.4667 0.1212 0.2120 0.2860 0.1118 0.4523 0.1811 0.1166 0.5198 0.1324 0.1419 0.3671 0.1143 0.3546 0.2236 0.1129 0.5069 0.1514 0.1241 0.4636 0.1209 0.2163 0.2838 0.1124 0.4287
0.1100 0.2849 0.2143 0.1210 0.4650 0.1239 0.1517 0.5064 0.1128 0.2244 0.3527 0.1144 0.3684 0.1415 0.1326 0.5200 0.1165 0.1815 0.4514 0.1118 0.2868 0.2105 0.1213 0.4677 0.1236 0.1525 0.5051 0.1127 0.2264 0.3476 0.1146 0.3728 0.1401 0.1334 0.5205 0.1163 0.1835 0.4471 0.1118 0.2909 0.2030 0.1223 0.4981 0.3294 0.1129 0.4718 0.0688 0.3586 0.1391 0.1451 0.3280 0.0893 0.0739 0.3721 0.4064 0.3848 0.1664 0.3175 0.0865 0.1304 0.2061 0.2908 0.1119 0.4471 0.1835 0.1163 0.5205 0.1334 0.1401 0.3728 0.1146 0.3476 0.2264 0.1127 0.5051 0.1525 0.1236 0.4677 0.1213 0.2105 0.2868 0.1118 0.4514 0.1815 0.1165 0.5200 0.1326 0.1415 0.3684 0.1144 0.3528 0.2244 0.1128 0.5064 0.1517 0.1239 0.4649 0.1210 0.2143 0.2849 0.1100
0.2731 0.2125 0.1212 0.4663 0.1238 0.1521 0.5059 0.1128 0.2251 0.3509 0.1144 0.3697 0.1411 0.1328 0.5201 0.1165 0.1820 0.4505 0.1118 0.2876 0.2090 0.1214 0.4688 0.1235 0.1528 0.5047 0.1127 0.2270 0.3461 0.1146 0.3739 0.1398 0.1336 0.5206 0.1162 0.1840 0.4462 0.1118 0.2917 0.2017 0.1219 0.4711 0.1215 0.1133 0.0740 0.5292 0.1117 0.1895 0.2149 0.4219 0.2510 0.0879 0.1670 0.2752 0.3171 0.3085 0.5531 0.0802 0.1643 0.5182 0.1220 0.2018 0.2917 0.1119 0.4462 0.1840 0.1162 0.5206 0.1336 0.1398 0.3739 0.1146 0.3461 0.2270 0.1127 0.5047 0.1528 0.1235 0.4688 0.1214 0.2089 0.2876 0.1118 0.4504 0.1820 0.1165 0.5201 0.1328 0.1411 0.3697 0.1144 0.3511 0.2251 0.1128 0.5059 0.1521 0.1238 0.4663 0.1212 0.2123 0.2731
0.1916 0.1215 0.4678 0.1237 0.1525 0.5053 0.1128 0.2260 0.3486 0.1146 0.3715 0.1406 0.1331 0.5203 0.1165 0.1826 0.4491 0.1119 0.2888 0.2069 0.1216 0.4702 0.1234 0.1532 0.5041 0.1127 0.2278 0.3441 0.1148 0.3754 0.1395 0.1338 0.5207 0.1162 0.1845 0.4450 0.1120 0.2929 0.1998 0.1221 0.4745 0.1167 0.1946 0.1839 0.4907 0.0738 0.1859 0.1981 0.3817 0.1311 0.1045 0.3415 0.1686 0.1027 0.4479 0.1598 0.1642 0.4014 0.4384 0.1073 0.4727 0.1220 0.2003 0.2926 0.1119 0.4453 0.1844 0.1162 0.5206 0.1337 0.1395 0.3750 0.1147 0.3446 0.2276 0.1127 0.5043 0.1531 0.1233 0.4699 0.1215 0.2074 0.2886 0.1118 0.4493 0.1826 0.1164 0.5203 0.1330 0.1407 0.3711 0.1145 0.3494 0.2258 0.1128 0.5054 0.1524 0.1236 0.4676 0.1215 0.1915
0.1163 0.4662 0.1212 0.1524 0.5063 0.1103 0.2251 0.3523 0.1134 0.3687 0.1391 0.1330 0.5200 0.1138 0.1822 0.4514 0.1099 0.2866 0.2102 0.1212 0.4672 0.1210 0.1529 0.5053 0.1102 0.2267 0.3482 0.1136 0.3723 0.1379 0.1337 0.5204 0.1136 0.1840 0.4475 0.1099 0.2905 0.2029 0.1218 0.4723 0.1179 0.1906 0.2301 0.1855 0.0900 0.3007 0.3550 0.2295 0.1498 0.4860 0.1567 0.4515 0.2314 0.1911 0.1107 0.3265 0.4106 0.4420 0.0962 0.2607 0.1149 0.4761 0.1221 0.1988 0.2935 0.1119 0.4443 0.1848 0.1161 0.5207 0.1339 0.1392 0.3762 0.1147 0.3431 0.2282 0.1126 0.5038 0.1534 0.1232 0.4709 0.1216 0.2057 0.2896 0.1118 0.4482 0.1831 0.1163 0.5204 0.1333 0.1403 0.3725 0.1146 0.3475 0.2265 0.1127 0.5049 0.1528 0.1235 0.4689 0.1164
0.5029 0.1066 0.1858 0.4461 0.1084 0.2909 0.1991 0.1234 0.4723 0.1124 0.1559 0.5036 0.1057 0.2291 0.3421 0.1141 0.3761 0.1294 0.1370 0.5208 0.1062 0.1859 0.4448 0.1084 0.2930 0.1950 0.1237 0.4754 0.1120 0.1569 0.5021 0.1058 0.2315 0.3358 0.1144 0.3810 0.1280 0.1378 0.5210 0.1061 0.1882 0.4076 0.1215 0.4352 0.1578 0.3130 0.5057 0.2625 0.4543 0.3298 0.2990 0.1301 0.2763 0.1889 0.2503 0.4552 0.1182 0.1600 0.2745 0.1761 0.1573 0.1226 0.4769 0.1222 0.1974 0.2943 0.1119 0.4434 0.1853 0.1160 0.5208 0.1341 0.1389 0.3773 0.1148 0.3416 0.2289 0.1126 0.5034 0.1537 0.1231 0.4721 0.1217 0.2039 0.2906 0.1119 0.4471 0.1836 0.1162 0.5205 0.1335 0.1399 0.3739 0.1146 0.3457 0.2273 0.1127 0.5044 0.1531 0.1237 0.4501
0.1163 0.4659 0.1212 0.1523 0.5064 0.1103 0.2249 0.3528 0.1133 0.3685 0.1391 0.1330 0.5200 0.1138 0.1821 0.4517 0.1098 0.2865 0.2105 0.1212 0.4671 0.1210 0.1529 0.5054 0.1102 0.2266 0.3484 0.1135 0.3721 0.1380 0.1336 0.5204 0.1136 0.1839 0.4477 0.1099 0.2904 0.2031 0.1218 0.4721 0.1205 0.1547 0.4133 0.1289 0.1824 0.1585 0.1128 0.3932 0.1097 0.1813 0.1884 0.4807 0.4067 0.5391 0.1649 0.1053 0.3373 0.1163 0.3223 0.1115 0.5018 0.1553 0.1224 0.4779 0.1223 0.1960 0.2952 0.1119 0.4425 0.1857 0.1160 0.5208 0.1343 0.1386 0.3784 0.1149 0.3401 0.2295 0.1126 0.5030 0.1540 0.1230 0.4733 0.1219 0.2021 0.2917 0.1119 0.4459 0.1842 0.1162 0.5206 0.1337 0.1395 0.3752 0.1147 0.3438 0.2280 0.1126 0.5039 0.1534 0.1280
0.1917 0.1215 0.4674 0.1237 0.1524 0.5053 0.1128 0.2258 0.3491 0.1146 0.3713 0.1407 0.1331 0.5203 0.1165 0.1825 0.4494 0.1119 0.2886 0.2074 0.1215 0.4700 0.1234 0.1531 0.5042 0.1128 0.2277 0.3443 0.1147 0.3752 0.1395 0.1337 0.5206 0.1162 0.1844 0.4451 0.1120 0.2927 0.2001 0.1221 0.4750 0.1203 0.1867 0.1143 0.4114 0.1630 0.3103 0.4152 0.1447 0.4086 0.3162 0.1071 0.2272 0.0680 0.2221 0.1329 0.4301 0.2317 0.1007 0.3547 0.1085 0.5004 0.1557 0.1224 0.4790 0.1225 0.1945 0.2961 0.1120 0.4414 0.1861 0.1160 0.5209 0.1345 0.1383 0.3796 0.1149 0.3384 0.2302 0.1126 0.5025 0.1543 0.1229 0.4746 0.1220 0.2001 0.2928 0.1119 0.4446 0.1848 0.1161 0.5207 0.1340 0.1391 0.3768 0.1148 0.3419 0.2288 0.1126 0.5034 0.1477
0.2731 0.2125 0.1211 0.4659 0.1238 0.1520 0.5060 0.1128 0.2250 0.3513 0.1144 0.3696 0.1411 0.1328 0.5201 0.1165 0.1819 0.4507 0.1118 0.2873 0.2095 0.1214 0.4686 0.1235 0.1528 0.5048 0.1127 0.2269 0.3464 0.1146 0.3737 0.1399 0.1335 0.5205 0.1162 0.1839 0.4464 0.1118 0.2916 0.2020 0.1219 0.4772 0.1059 0.5230 0.1099 0.1187 0.1919 0.3251 0.2017 0.1883 0.2548 0.0781 0.1197 0.2654 0.0456 0.4629 0.2981 0.2045 0.2756 0.1403 0.2333 0.1089 0.5005 0.1565 0.1182 0.4786 0.1227 0.1932 0.2959 0.1094 0.4418 0.1869 0.1118 0.5209 0.1352 0.1346 0.3792 0.1139 0.3387 0.2306 0.1089 0.5026 0.1552 0.1187 0.4746 0.1223 0.1985 0.2928 0.1093 0.4446 0.1857 0.1119 0.5207 0.1347 0.1354 0.3767 0.1137 0.3410 0.2300 0.1094 0.4806
0.1100 0.2849 0.2143 0.1210 0.4647 0.1240 0.1516 0.5065 0.1128 0.2243 0.3530 0.1144 0.3683 0.1415 0.1326 0.5200 0.1165 0.1814 0.4516 0.1118 0.2865 0.2110 0.1213 0.4676 0.1236 0.1525 0.5052 0.1127 0.2263 0.3478 0.1146 0.3727 0.1402 0.1333 0.5204 0.1163 0.1835 0.4473 0.1118 0.2908 0.2033 0.1218 0.5073 0.2998 0.3188 0.1334 0.4254 0.3176 0.3653 0.4500 0.2084 0.5464 0.2140 0.1801 0.5082 0.3574 0.3240 0.4831 0.3018 0.1390 0.1439 0.3410 0.1114 0.3886 0.2101 0.1057 0.5154 0.1473 0.1178 0.4341 0.1190 0.2584 0.2630 0.1070 0.4753 0.1715 0.1084 0.5112 0.1302 0.1464 0.3361 0.1111 0.3945 0.2077 0.1057 0.5164 0.1463 0.1185 0.4298 0.1186 0.2642 0.2606 0.1069 0.4773 0.1705 0.1085 0.5102 0.1300 0.1467 0.3377 0.1083
0.4288 0.1124 0.2838 0.2163 0.1209 0.4634 0.1241 0.1513 0.5070 0.1128 0.2235 0.3549 0.1143 0.3669 0.1419 0.1324 0.5198 0.1166 0.1810 0.4525 0.1118 0.2857 0.2125 0.1212 0.4665 0.1237 0.1522 0.5056 0.1128 0.2257 0.3493 0.1145 0.3716 0.1405 0.1331 0.5203 0.1163 0.1830 0.4482 0.1118 0.2900 0.2000 0.1500 0.1232 0.5323 0.1307 0.3455 0.4219 0.1882 0.2254 0.0730 0.2821 0.2711 0.4431 0.3067 0.3532 0.2342 0.1066 0.3953 0.1339 0.2868 0.1106 0.4511 0.1820 0.1149 0.5200 0.1328 0.1403 0.3679 0.1136 0.3541 0.2241 0.1113 0.5069 0.1516 0.1226 0.4629 0.1207 0.2173 0.2830 0.1105 0.4554 0.1800 0.1152 0.5192 0.1320 0.1418 0.3632 0.1133 0.3598 0.2218 0.1114 0.5083 0.1507 0.1230 0.4598 0.1204 0.2212 0.2812 0.1110 0.4308
