-28.6265 -48.7230 -1.4425 -34.7833 -24.2624 -21.7422 -41.2202 16.4956 -26.9726 -47.4545 29.8254 -32.4494 -45.0062 -17.6073 -38.6018 7.1158 -24.9077 -44.9225 28.3387 -30.0390 -48.7877 -8.6492 -35.9036 -12.5579 -22.7441 -42.1400 19.4408 -27.7108 -48.1010 23.0714 -33.2198 -40.8894 -19.2366 -39.4587 10.5468 -25.5739 -45.8305 30.7045 -30.8409 -48.4484 -12.8170 -36.9342 -3.1290 -23.5910 -43.0796 22.2002 -32.7974 13.9453 -40.3244 -20.6004 -34.1024 -33.9581 10.6625 -48.5344 -28.4694 22.4424 -43.0720 -23.5925 -3.1243 -36.9349 -12.8171 -48.4484 -30.8435 30.7029 -45.8297 -25.5757 10.5488 -39.4595 -19.2366 -40.8897 -33.2236 23.0825 -48.1015 -27.7128 19.4427 -42.1409 -22.7442 -12.5586 -35.9045 -8.6436 -48.7878 -30.0411 28.3404 -44.9235 -24.9077 7.1156 -38.6029 -17.6057 -45.0104 -32.4518 29.8229 -47.4553 -26.9700 16.4964 -41.2206 -21.7422 -24.2624 -34.7833 -1.4425 -48.7230 -28.6265
-48.7230 9.7329 -33.8417 -21.9612 -23.2260 -40.7914 16.2769 -28.1043 -47.5858 34.7678 -32.4181 -44.2919 -17.7607 -37.8588 7.3405 -26.4142 -44.8509 28.3553 -30.6003 -48.7409 -3.0664 -34.8077 -10.6744 -24.4055 -41.8085 19.1352 -28.7119 -48.2817 32.3667 -32.9263 -39.7298 -19.9869 -38.8260 10.5875 -26.9556 -45.8310 31.4455 -31.2252 -48.2671 -10.4788 -35.9698 -2.0427 -25.3120 -42.8296 22.1323 -29.7670 -48.6747 -28.6125 13.4750 -39.8033 -21.7816 -32.3447 -33.3609 24.4016 -48.7562 -29.3323 22.1044 -42.8337 -25.3132 -2.0385 -35.9698 -10.4787 -48.2669 -31.2285 31.4428 -45.8343 -26.9576 10.5894 -38.8259 -19.9868 -39.7280 -32.9318 32.3709 -48.2843 -28.7147 19.1370 -41.8084 -24.4054 -10.6714 -34.8076 -3.0573 -48.7404 -30.6038 28.3575 -44.8509 -26.4141 7.3416 -37.8587 -17.7582 -44.2807 -32.4224 34.7681 -47.5830 -28.1028 16.2778 -40.7914 -23.2260 -21.9612 -33.8417 9.7329 -48.7230
-1.4425 -33.8417 -22.1498 -23.1937 -40.7546 16.1648 -28.1391 -47.5493 34.8045 -32.6831 -44.4612 -17.6357 -37.8149 7.1689 -26.3871 -44.8014 28.2093 -30.7388 -48.7474 -2.5164 -34.7494 -11.1886 -24.3503 -41.7579 19.0008 -28.7666 -48.2520 32.6388 -33.2483 -40.0100 -19.8913 -38.7779 10.4468 -26.9477 -45.7834 31.3063 -31.4034 -48.3075 -10.1862 -35.9171 -2.3601 -25.2634 -42.7794 21.9545 -29.4006 -48.3761 -3.9215 -46.0558 -27.5314 13.3593 -39.7573 -21.7067 -32.7878 -33.7450 25.0587 -48.7401 -29.4113 21.9637 -42.7835 -25.2648 -2.3600 -35.9173 -10.1877 -48.3079 -31.4011 31.3130 -45.7873 -26.9498 10.4468 -38.7782 -19.8921 -40.0133 -33.2455 32.6254 -48.2546 -28.7694 19.0009 -41.7582 -24.3512 -11.1947 -34.7462 -2.5437 -48.7469 -30.7424 28.2095 -44.8016 -26.3882 7.1669 -37.8115 -17.6404 -44.4507 -32.6856 34.8051 -47.5463 -28.1390 16.1648 -40.7546 -23.1937 -22.1498 -33.8417 -1.4425
-34.7833 -21.9612 -23.1937 -40.7406 16.0969 -28.1169 -47.5149 34.8130 -32.6600 -44.6092 -17.5133 -37.7706 7.0039 -26.3599 -44.7477 28.0491 -30.7054 -48.7527 -1.9817 -34.6919 -11.6852 -24.2972 -41.7035 18.8562 -28.7347 -48.2210 32.8595 -33.2281 -40.2709 -19.7912 -38.7262 10.2943 -26.9192 -45.7351 31.1587 -31.3754 -48.3441 -9.9035 -35.8599 -2.7109 -25.2263 -42.7281 21.8041 -29.3862 -48.7501 27.1658 -35.5343 33.8372 -46.6726 -27.5030 13.2269 -39.7108 -21.6251 -33.2261 -33.7261 25.6072 -48.7224 -29.3786 21.8142 -42.7319 -25.2275 -2.7090 -35.8629 -9.8996 -48.3474 -31.3682 31.1681 -45.7387 -26.9211 10.2951 -38.7294 -19.7905 -40.2943 -33.2189 32.8421 -48.2234 -28.7373 18.8569 -41.7069 -24.2976 -11.7306 -34.6849 -2.0207 -48.7524 -30.7086 28.0500 -44.7512 -26.3611 6.9988 -37.7669 -17.5190 -44.6101 -32.6604 34.8132 -47.5149 -28.1169 16.0969 -40.7406 -23.1937 -21.9612 -34.7833
-24.2624 -23.2260 -40.7546 16.0969 -28.1073 -47.4934 34.8158 -32.6404 -44.7406 -17.4062 -37.7292 6.8461 -26.3361 -44.7009 27.8887 -30.6737 -48.7566 -1.4332 -34.6338 -12.1890 -24.2462 -41.6528 18.7037 -28.7048 -48.1902 33.0645 -33.2047 -40.5264 -19.6960 -38.6780 10.1324 -26.8920 -45.6877 31.0105 -31.3455 -48.3791 -9.6314 -35.8049 -3.0902 -25.1881 -42.6777 21.6530 -29.3540 -48.7047 25.9332 -34.1218 -10.4056 -33.3245 33.6213 -46.6229 -27.4731 13.0928 -39.6616 -21.5431 -33.6511 -33.7040 26.1306 -48.7042 -29.3478 21.6641 -42.6809 -25.1887 -3.0660 -35.8081 -9.6058 -48.3840 -31.3372 31.0210 -45.6907 -26.8926 10.1426 -38.6807 -19.6882 -40.5625 -33.1944 33.0474 -48.1921 -28.7054 18.7133 -41.6556 -24.2431 -12.2617 -34.6260 -1.4766 -48.7564 -30.6752 27.8923 -44.7037 -26.3362 6.8440 -37.7287 -17.4061 -44.7406 -32.6404 34.8158 -47.4934 -28.1073 16.0969 -40.7546 -23.2260 -24.2624
-21.7422 -40.7914 16.1648 -28.1169 -47.4934 34.8162 -32.6302 -44.8346 -17.3110 -37.6917 6.7000 -26.3140 -44.6604 27.7494 -30.6433 -48.7591 -0.8745 -34.5727 -12.7060 -24.1946 -41.6024 18.5606 -28.6740 -48.1600 33.2523 -33.1792 -40.7790 -19.5997 -38.6301 9.9792 -26.8641 -45.6422 30.8637 -31.3139 -48.4127 -9.3517 -35.7503 -3.4557 -25.1477 -42.6295 21.5050 -29.3225 -48.6884 26.5640 -33.6456 -35.1680 -26.0786 -47.3355 -31.9642 33.5118 -46.5782 -27.4435 12.9507 -39.6127 -21.4601 -34.0681 -33.6816 26.6297 -48.6862 -29.3181 21.5143 -42.6298 -25.1491 -3.4351 -35.7510 -9.3106 -48.4169 -31.3077 30.8728 -45.6424 -26.8641 9.9878 -38.6301 -19.5869 -40.8113 -33.1713 33.2397 -48.1603 -28.6735 18.5686 -41.6024 -24.1894 -12.7732 -34.5690 -0.9108 -48.7591 -30.6435 27.7512 -44.6604 -26.3140 6.7000 -37.6917 -17.3110 -44.8346 -32.6302 34.8162 -47.4934 -28.1169 16.1648 -40.7914 -21.7422
-41.2202 16.2769 -28.1391 -47.5149 34.8158 -32.6302 -44.8663 -17.2578 -37.6642 6.5692 -26.2928 -44.6203 27.6215 -30.6157 -48.7603 -0.3658 -34.5157 -13.2320 -24.1441 -41.5548 18.4262 -28.6420 -48.1278 33.4198 -33.1496 -41.0398 -19.5013 -38.5818 9.8259 -26.8360 -45.5939 30.7223 -31.2795 -48.4463 -9.0610 -35.6947 -3.8281 -25.1075 -42.5785 21.3639 -29.2894 -48.6685 27.0226 -33.6522 -34.3903 -21.2408 -40.5590 -13.7914 -47.3354 -31.9405 33.4028 -46.5330 -27.4142 12.8091 -39.5635 -21.3762 -34.4767 -33.6562 27.0837 -48.6675 -29.2884 21.3648 -42.5785 -25.1086 -3.8281 -35.6948 -9.0225 -48.4481 -31.2782 30.7233 -45.5938 -26.8360 9.8259 -38.5818 -19.4895 -41.0545 -33.1481 33.4193 -48.1278 -28.6420 18.4263 -41.5548 -24.1410 -13.2627 -34.5156 -0.3658 -48.7603 -30.6157 27.6215 -44.6203 -26.2928 6.5692 -37.6642 -17.2578 -44.8663 -32.6302 34.8158 -47.5149 -28.1390 16.2778 -41.2206
16.4956 -28.1043 -47.5493 34.8130 -32.6404 -44.8346 -17.2578 -37.6549 6.4962 -26.2771 -44.5841 27.4958 -30.5890 -48.7606 0.1164 -34.4651 -13.7163 -24.0964 -41.5134 18.3014 -28.6122 -48.0954 33.5874 -33.1220 -41.2931 -19.3967 -38.5335 9.6697 -26.8090 -45.5460 30.5717 -31.2463 -48.4778 -8.7450 -35.6388 -4.2140 -25.0673 -42.5281 21.2148 -29.2568 -48.6480 27.4956 -33.6277 -34.8797 -21.3050 -39.3845 18.7853 -36.6523 -13.7677 -47.4231 -31.9066 33.2902 -46.4882 -27.3862 12.6660 -39.5142 -21.2915 -34.8768 -33.6307 27.5226 -48.6481 -29.2585 21.2148 -42.5281 -25.0673 -4.2138 -35.6391 -8.7267 -48.4777 -31.2483 30.5719 -45.5460 -26.8089 9.6698 -38.5338 -19.3911 -41.2921 -33.1240 33.5869 -48.0952 -28.6124 18.3014 -41.5134 -24.0959 -13.7163 -34.4651 0.1164 -48.7606 -30.5890 27.4958 -44.5841 -26.2771 6.4962 -37.6549 -17.2578 -44.8346 -32.6404 34.8132 -47.5463 -28.1028 16.4964
-26.9726 -47.5858 34.8045 -32.6600 -44.7406 -17.3110 -37.6642 6.4962 -26.2717 -44.5641 27.4020 -30.5638 -48.7601 0.6025 -34.4148 -14.1671 -24.0510 -41.4728 18.1864 -28.5854 -48.0659 33.7325 -33.0998 -41.5299 -19.2922 -38.4861 9.5128 -26.7812 -45.5002 30.4217 -31.2131 -48.5076 -8.4211 -35.5835 -4.6086 -25.0254 -42.4800 21.0677 -29.2243 -48.6266 27.9490 -33.6049 -35.2694 -21.2057 -39.4746 12.1289 -31.7254 1.5945 -36.6316 -13.5498 -47.4992 -31.8744 33.1758 -46.4457 -27.3586 12.5220 -39.4651 -21.2062 -35.2672 -33.6045 27.9461 -48.6279 -29.2272 21.0678 -42.4800 -25.0255 -4.6061 -35.5829 -8.4226 -48.5058 -31.2167 30.4220 -45.5002 -26.7813 9.5137 -38.4863 -19.2918 -41.5261 -33.1016 33.7325 -48.0659 -28.5854 18.1864 -41.4728 -24.0510 -14.1671 -34.4148 0.6025 -48.7601 -30.5638 27.4020 -44.5641 -26.2717 6.4962 -37.6642 -17.3110 -44.7406 -32.6604 34.8051 -47.5830 -26.9700
-47.4545 34.7678 -32.6831 -44.6092 -17.4062 -37.6917 6.5692 -26.2771 -44.5641 27.3701 -30.5505 -48.7592 1.0497 -34.3650 -14.6214 -24.0057 -41.4324 18.0725 -28.5598 -48.0385 33.8498 -33.0790 -41.7426 -19.1973 -38.4440 9.3661 -26.7534 -45.4514 30.2769 -31.1784 -48.5356 -8.0851 -35.5300 -5.0028 -24.9817 -42.4288 20.9278 -29.1910 -48.6044 28.3886 -33.5841 -35.6498 -21.1197 -39.4159 12.4089 -27.5684 -47.6908 -26.3391 1.6086 -36.5812 -13.3485 -47.5721 -31.8404 33.0650 -46.4025 -27.3300 12.3784 -39.4167 -21.1206 -35.6543 -33.5781 28.3590 -48.6060 -29.1940 20.9277 -42.4290 -24.9828 -5.0079 -35.5262 -8.1066 -48.5337 -31.1821 30.2779 -45.4511 -26.7538 9.3669 -38.4440 -19.1972 -41.7401 -33.0789 33.8498 -48.0385 -28.5598 18.0725 -41.4324 -24.0057 -14.6214 -34.3650 1.0497 -48.7592 -30.5505 27.3701 -44.5641 -26.2771 6.5692 -37.6917 -17.4061 -44.6101 -32.6856 34.7681 -47.4553
29.8254 -32.4181 -44.4612 -17.5133 -37.7292 6.7000 -26.2928 -44.5841 27.4020 -30.5505 -48.7588 1.3021 -34.3277 -15.0331 -23.9607 -41.3919 17.9587 -28.5346 -48.0114 33.9577 -33.0564 -41.9334 -19.1093 -38.4051 9.2378 -26.7289 -45.4055 30.1322 -31.1486 -48.5605 -7.7426 -35.4766 -5.3854 -24.9386 -42.3746 20.7789 -29.1589 -48.5814 28.8111 -33.5647 -36.0016 -21.0332 -39.3675 12.2336 -27.2937 -46.0923 34.7314 -43.0882 -25.6628 1.3162 -36.5315 -13.1442 -47.6428 -31.8063 32.9508 -46.3568 -27.3006 12.2359 -39.3705 -21.0329 -36.0329 -33.5550 28.7790 -48.5832 -29.1616 20.7797 -42.3781 -24.9392 -5.4205 -35.4707 -7.7609 -48.5599 -31.1505 30.1323 -45.4055 -26.7291 9.2378 -38.4051 -19.1093 -41.9334 -33.0564 33.9577 -48.0114 -28.5346 17.9587 -41.3919 -23.9607 -15.0331 -34.3277 1.3021 -48.7588 -30.5505 27.4020 -44.5841 -26.2928 6.7000 -37.7287 -17.5190 -44.4507 -32.4224 29.8229
-32.4494 -44.2919 -17.6357 -37.7706 6.8461 -26.3140 -44.6203 27.4958 -30.5638 -48.7592 1.3021 -34.3150 -15.2627 -23.9269 -41.3555 17.8469 -28.5093 -47.9839 34.0583 -33.0338 -42.1201 -19.0218 -38.3669 9.1107 -26.7065 -45.3660 29.9986 -31.1242 -48.5819 -7.4274 -35.4240 -5.7796 -24.8973 -42.3243 20.6221 -29.1286 -48.5583 29.2179 -33.5445 -36.3460 -20.9502 -39.3183 12.0909 -27.2742 -46.3295 32.5330 -34.6448 23.5660 -43.3633 -25.6351 1.0342 -36.4840 -12.9338 -47.7108 -31.7741 32.8284 -46.3107 -27.2711 12.0997 -39.3213 -20.9438 -36.3949 -33.5337 29.1852 -48.5597 -29.1292 20.6319 -42.3271 -24.8966 -5.8127 -35.4205 -7.4256 -48.5817 -31.1242 29.9987 -45.3660 -26.7065 9.1107 -38.3669 -19.0218 -42.1201 -33.0338 34.0583 -47.9839 -28.5093 17.8469 -41.3555 -23.9269 -15.2627 -34.3150 1.3021 -48.7592 -30.5638 27.4958 -44.6203 -26.3140 6.8440 -37.7669 -17.6404 -44.2807 -32.4518
-45.0062 -17.7607 -37.8149 7.0039 -26.3361 -44.6604 27.6215 -30.5890 -48.7601 1.0497 -34.3277 -15.2627 -23.9153 -41.3353 17.7636 -28.4861 -47.9562 34.1520 -33.0110 -42.3031 -18.9334 -38.3286 8.9830 -26.6841 -45.3269 29.8750 -31.0988 -48.6004 -7.1287 -35.3744 -6.1561 -24.8580 -42.2796 20.4838 -29.0972 -48.5353 29.5997 -33.5217 -36.6877 -20.8667 -39.2692 11.9450 -27.2457 -46.2669 32.7345 -32.2255 -41.7487 -31.0571 23.5471 -43.3052 -25.6050 0.7630 -36.4357 -12.7187 -47.7755 -31.7437 32.7028 -46.2640 -27.2421 11.9541 -39.2695 -20.8560 -36.7315 -33.5135 29.5745 -48.5355 -29.0961 20.4919 -42.2796 -24.8576 -6.1610 -35.3739 -7.1287 -48.6004 -31.0988 29.8750 -45.3269 -26.6841 8.9830 -38.3286 -18.9334 -42.3031 -33.0110 34.1520 -47.9562 -28.4861 17.7636 -41.3353 -23.9153 -15.2627 -34.3277 1.0497 -48.7601 -30.5890 27.6215 -44.6604 -26.3362 6.9988 -37.8115 -17.7582 -45.0104
-17.6073 -37.8588 7.1689 -26.3599 -44.7009 27.7494 -30.6157 -48.7606 0.6025 -34.3650 -15.0331 -23.9269 -41.3353 17.7352 -28.4735 -47.9352 34.2302 -32.9865 -42.4825 -18.8442 -38.2905 8.8545 -26.6618 -45.2877 29.7510 -31.0721 -48.6178 -6.8291 -35.3276 -6.5099 -24.8212 -42.2379 20.3643 -29.0674 -48.5115 29.9461 -33.4966 -37.0449 -20.7818 -39.2212 11.7988 -27.2169 -46.2242 32.5829 -31.6838 -47.9950 -19.7883 -48.6261 -29.7158 23.3741 -43.2515 -25.5753 0.4845 -36.3869 -12.5013 -47.8342 -31.7144 32.5739 -46.2182 -27.2143 11.7998 -39.2213 -20.7719 -37.0642 -33.4949 29.9456 -48.5117 -29.0668 20.3644 -42.2379 -24.8212 -6.5099 -35.3276 -6.8291 -48.6178 -31.0721 29.7510 -45.2877 -26.6618 8.8545 -38.2905 -18.8442 -42.4825 -32.9865 34.2302 -47.9352 -28.4735 17.7352 -41.3353 -23.9269 -15.0331 -34.3650 0.6025 -48.7606 -30.6157 27.7512 -44.7037 -26.3611 7.1669 -37.8587 -17.6057
-38.6018 7.3405 -26.3871 -44.7477 27.8887 -30.6433 -48.7603 0.1164 -34.4148 -14.6214 -23.9607 -41.3555 17.7636 -28.4735 -47.9282 34.2714 -32.9676 -42.6408 -18.7555 -38.2523 8.7252 -26.6395 -45.2485 29.6265 -31.0455 -48.6341 -6.5219 -35.2811 -6.8649 -24.7843 -42.1971 20.2468 -29.0412 -48.4895 30.2617 -33.4772 -37.3695 -20.6963 -39.1784 11.6629 -27.1865 -46.1770 32.4615 -31.6782 -47.8828 -11.6243 -37.3451 21.3100 -48.8715 -29.6920 23.2117 -43.2006 -25.5450 0.1998 -36.3375 -12.2914 -47.8915 -31.6832 32.4451 -46.1741 -27.1857 11.6630 -39.1785 -20.6918 -37.3694 -33.4772 30.2615 -48.4895 -29.0412 20.2468 -42.1971 -24.7843 -6.8649 -35.2811 -6.5219 -48.6341 -31.0455 29.6265 -45.2485 -26.6395 8.7252 -38.2523 -18.7555 -42.6408 -32.9676 34.2714 -47.9282 -28.4735 17.7636 -41.3555 -23.9607 -14.6214 -34.4148 0.1164 -48.7603 -30.6435 27.8923 -44.7512 -26.3882 7.3416 -38.6029
7.1158 -26.4142 -44.8014 28.0491 -30.6737 -48.7591 -0.3658 -34.4651 -14.1671 -24.0057 -41.3919 17.8469 -28.4861 -47.9352 34.2714 -32.9619 -42.7275 -18.6888 -38.2181 8.5972 -26.6172 -45.2092 29.5017 -31.0188 -48.6493 -6.2068 -35.2343 -7.2261 -24.7470 -42.1564 20.1297 -29.0154 -48.4688 30.5396 -33.4594 -37.6457 -20.6175 -39.1386 11.5441 -27.1591 -46.1298 32.3287 -31.6477 -47.9532 -12.1090 -36.1921 8.9476 -34.4642 20.4199 -48.8449 -29.6591 23.0583 -43.1499 -25.5138 -0.0908 -36.2876 -12.0744 -47.9500 -31.6508 32.3212 -46.1296 -27.1591 11.5441 -39.1386 -20.6175 -37.6457 -33.4594 30.5396 -48.4688 -29.0154 20.1297 -42.1564 -24.7470 -7.2261 -35.2343 -6.2068 -48.6493 -31.0188 29.5017 -45.2092 -26.6172 8.5972 -38.2181 -18.6888 -42.7275 -32.9619 34.2714 -47.9352 -28.4861 17.8469 -41.3919 -24.0057 -14.1671 -34.4651 -0.3658 -48.7591 -30.6752 28.0500 -44.8016 -26.4141 7.1156
-24.9077 -44.8509 28.2093 -30.7054 -48.7566 -0.8745 -34.5157 -13.7163 -24.0510 -41.4324 17.9587 -28.5093 -47.9562 34.2302 -32.9676 -42.7275 -18.6659 -38.1990 8.5013 -26.5972 -45.1703 29.3765 -30.9921 -48.6635 -5.8836 -35.1873 -7.5934 -24.7093 -42.1157 20.0127 -28.9896 -48.4476 30.8028 -33.4393 -37.9131 -20.5436 -39.0997 11.4267 -27.1356 -46.0888 32.2028 -31.6232 -48.0019 -11.8356 -36.2442 -1.1941 -29.7071 -30.3505 -33.8588 21.1346 -48.8348 -29.6264 22.9060 -43.0986 -25.4817 -0.3860 -36.2400 -11.8505 -48.0021 -31.6232 32.2026 -46.0888 -27.1356 11.4267 -39.0997 -20.5436 -37.9131 -33.4393 30.8028 -48.4476 -28.9896 20.0127 -42.1157 -24.7093 -7.5934 -35.1873 -5.8836 -48.6635 -30.9921 29.3765 -45.1703 -26.5972 8.5013 -38.1990 -18.6659 -42.7275 -32.9676 34.2302 -47.9562 -28.5093 17.9587 -41.4324 -24.0510 -13.7163 -34.5156 -0.9108 -48.7564 -30.7086 28.2095 -44.8509 -24.9077
-44.9225 28.3553 -30.7388 -48.7527 -1.4332 -34.5727 -13.2320 -24.0964 -41.4728 18.0725 -28.5346 -47.9839 34.1520 -32.9865 -42.6408 -18.6888 -38.1990 8.4685 -26.5861 -45.1413 29.2634 -30.9646 -48.6766 -5.5520 -35.1401 -7.9670 -24.6711 -42.0750 19.8960 -28.9638 -48.4261 31.0560 -33.4190 -38.1759 -20.4690 -39.0608 11.3090 -27.1124 -46.0512 32.0925 -31.5981 -48.0458 -11.6419 -36.1968 -0.5713 -25.5358 -44.4193 -22.4121 -30.3188 -33.8526 21.7861 -48.8228 -29.5950 22.7541 -43.0501 -25.4512 -0.6525 -36.1960 -11.6416 -48.0458 -31.5981 32.0925 -46.0512 -27.1124 11.3090 -39.0608 -20.4690 -38.1759 -33.4190 31.0560 -48.4261 -28.9638 19.8960 -42.0750 -24.6711 -7.9670 -35.1401 -5.5520 -48.6766 -30.9646 29.2634 -45.1413 -26.5861 8.4685 -38.1990 -18.6888 -42.6408 -32.9865 34.1520 -47.9839 -28.5346 18.0725 -41.4728 -24.0959 -13.2627 -34.5690 -1.4766 -48.7524 -30.7424 28.3575 -44.9235
28.3387 -30.6003 -48.7474 -1.9817 -34.6338 -12.7060 -24.1441 -41.5134 18.1864 -28.5598 -48.0114 34.0583 -33.0110 -42.4825 -18.7555 -38.2181 8.5013 -26.5861 -45.1314 29.2006 -30.9438 -48.6876 -5.2174 -35.0926 -8.3467 -24.6324 -42.0343 19.7794 -28.9381 -48.4042 31.2993 -33.3985 -38.4339 -20.3938 -39.0219 11.1909 -27.0893 -46.0135 31.9826 -31.5717 -48.0873 -11.4453 -36.1550 -0.9074 -25.4256 -42.8341 29.6208 -39.8573 -22.0518 -30.8190 -33.8349 22.4207 -48.8104 -29.5652 22.6191 -43.0059 -25.4236 -0.9033 -36.1550 -11.4453 -48.0873 -31.5717 31.9826 -46.0135 -27.0893 11.1909 -39.0219 -20.3938 -38.4339 -33.3985 31.2993 -48.4042 -28.9381 19.7794 -42.0343 -24.6324 -8.3467 -35.0926 -5.2174 -48.6876 -30.9438 29.2006 -45.1314 -26.5861 8.5013 -38.2181 -18.7555 -42.4825 -33.0110 34.0583 -48.0114 -28.5598 18.1864 -41.5134 -24.1410 -12.7732 -34.6260 -2.0207 -48.7469 -30.6038 28.3404
-30.0390 -48.7409 -2.5164 -34.6919 -12.1890 -24.1946 -41.5548 18.3014 -28.5854 -48.0385 33.9577 -33.0338 -42.3031 -18.8442 -38.2523 8.5972 -26.5972 -45.1413 29.2006 -30.9372 -48.6933 -4.9623 -35.0496 -8.7263 -24.5933 -41.9937 19.6631 -28.9124 -48.3820 31.5328 -33.3779 -38.6873 -20.3180 -38.9831 11.0725 -27.0662 -45.9757 31.8716 -31.5454 -48.1273 -11.2450 -36.1136 -1.1548 -25.3964 -42.9797 22.0986 -33.2432 13.7105 -39.9260 -21.9721 -31.2567 -33.8171 22.9707 -48.7980 -29.5376 22.4954 -42.9650 -25.3962 -1.1548 -36.1136 -11.2450 -48.1273 -31.5454 31.8716 -45.9757 -27.0662 11.0725 -38.9831 -20.3180 -38.6873 -33.3779 31.5328 -48.3820 -28.9124 19.6631 -41.9937 -24.5933 -8.7263 -35.0496 -4.9623 -48.6933 -30.9372 29.2006 -45.1413 -26.5972 8.5972 -38.2523 -18.8442 -42.3031 -33.0338 33.9577 -48.0385 -28.5854 18.3014 -41.5548 -24.1894 -12.2617 -34.6849 -2.5437 -48.7404 -30.0411
-48.7877 -3.0664 -34.7494 -11.6852 -24.2462 -41.6024 18.4262 -28.6122 -48.0659 33.8498 -33.0564 -42.1201 -18.9334 -38.2905 8.7252 -26.6172 -45.1703 29.2634 -30.9438 -48.6933 -4.8743 -35.0257 -9.0132 -24.5577 -41.9536 19.5469 -28.8868 -48.3593 31.7567 -33.3571 -38.9360 -20.2415 -38.9443 10.9536 -27.0432 -45.9378 31.7595 -31.5190 -48.1658 -11.0407 -36.0720 -1.4108 -25.3682 -42.9235 22.4142 -29.8876 -48.6941 -28.6220 13.7210 -39.8779 -21.9032 -31.6627 -33.8008 23.4645 -48.7860 -29.5113 22.3739 -42.9242 -25.3682 -1.4108 -36.0720 -11.0407 -48.1658 -31.5190 31.7595 -45.9378 -27.0432 10.9536 -38.9443 -20.2415 -38.9360 -33.3571 31.7567 -48.3593 -28.8868 19.5469 -41.9536 -24.5577 -9.0132 -35.0257 -4.8743 -48.6933 -30.9438 29.2634 -45.1703 -26.6172 8.7252 -38.2905 -18.9334 -42.1201 -33.0564 33.8498 -48.0659 -28.6124 18.4263 -41.6024 -24.2431 -11.7306 -34.7462 -3.0573 -48.7878
-8.6492 -34.8077 -11.1886 -24.2972 -41.6528 18.5606 -28.6420 -48.0954 33.7325 -33.0790 -41.9334 -19.0218 -38.3286 8.8545 -26.6395 -45.2092 29.3765 -30.9646 -48.6876 -4.9623 -35.0257 -9.1117 -24.5378 -41.9238 19.4425 -28.8609 -48.3363 31.9712 -33.3362 -39.1802 -20.1643 -38.9056 10.8344 -27.0202 -45.8998 31.6463 -31.4926 -48.2029 -10.8321 -36.0300 -1.6714 -25.3397 -42.8834 22.2507 -29.4695 -48.4221 -4.0668 -46.0915 -27.5759 13.5897 -39.8380 -21.8390 -32.0316 -33.7841 23.9387 -48.7737 -29.4851 22.2527 -42.8834 -25.3397 -1.6714 -36.0300 -10.8321 -48.2029 -31.4926 31.6463 -45.8998 -27.0202 10.8344 -38.9056 -20.1643 -39.1802 -33.3362 31.9712 -48.3363 -28.8609 19.4425 -41.9238 -24.5378 -9.1117 -35.0257 -4.9623 -48.6876 -30.9646 29.3765 -45.2092 -26.6395 8.8545 -38.3286 -19.0218 -41.9334 -33.0789 33.7325 -48.0952 -28.6420 18.5686 -41.6556 -24.2976 -11.1947 -34.8076 -8.6436
-35.9036 -10.6744 -24.3503 -41.7035 18.7037 -28.6740 -48.1278 33.5874 -33.0998 -41.7426 -19.1093 -38.3669 8.9830 -26.6618 -45.2485 29.5017 -30.9921 -48.6766 -5.2174 -35.0496 -9.0132 -24.5378 -41.9136 19.3846 -28.8415 -48.3148 32.1729 -33.3152 -39.4199 -20.0865 -38.8669 10.7147 -26.9973 -45.8617 31.5322 -31.4662 -48.2387 -10.6191 -35.9877 -1.9369 -25.3107 -42.8426 22.1317 -29.4609 -48.7873 26.1312 -35.5480 33.9698 -46.7512 -27.5552 13.4775 -39.7986 -21.7750 -32.3901 -33.7672 24.4016 -48.7609 -29.4589 22.1317 -42.8426 -25.3107 -1.9369 -35.9877 -10.6191 -48.2387 -31.4662 31.5322 -45.8617 -26.9973 10.7147 -38.8669 -20.0865 -39.4199 -33.3152 32.1729 -48.3148 -28.8415 19.3846 -41.9136 -24.5378 -9.0132 -35.0496 -5.2174 -48.6766 -30.9921 29.5017 -45.2485 -26.6618 8.9830 -38.3669 -19.1093 -41.7401 -33.1016 33.5869 -48.1278 -28.6735 18.7133 -41.7069 -24.3512 -10.6714 -35.9045
-12.5579 -24.4055 -41.7579 18.8562 -28.7048 -48.1600 33.4198 -33.1220 -41.5299 -19.1973 -38.4051 9.1107 -26.6841 -45.2877 29.6265 -31.0188 -48.6635 -5.5520 -35.0926 -8.7263 -24.5577 -41.9238 19.3846 -28.8351 -48.3030 32.3176 -33.2939 -39.6515 -20.0080 -38.8282 10.5945 -26.9743 -45.8235 31.4172 -31.4397 -48.2730 -10.4016 -35.9451 -2.2073 -25.2811 -42.8019 22.0110 -29.4327 -48.7453 24.6885 -34.1606 -9.5753 -33.3682 33.8047 -46.7055 -27.5313 13.3643 -39.7591 -21.7105 -32.7433 -33.7501 24.8531 -48.7476 -29.4327 22.0110 -42.8019 -25.2811 -2.2073 -35.9451 -10.4016 -48.2730 -31.4397 31.4172 -45.8235 -26.9743 10.5945 -38.8282 -20.0080 -39.6515 -33.2939 32.3176 -48.3030 -28.8351 19.3846 -41.9238 -24.5577 -8.7263 -35.0926 -5.5520 -48.6635 -31.0188 29.6265 -45.2877 -26.6841 9.1107 -38.4051 -19.1972 -41.5261 -33.1240 33.4193 -48.1603 -28.7054 18.8569 -41.7582 -24.4054 -12.5586
-22.7441 -41.8085 19.0008 -28.7347 -48.1902 33.2523 -33.1496 -41.2931 -19.2922 -38.4440 9.2378 -26.7065 -45.3269 29.7510 -31.0455 -48.6493 -5.8836 -35.1401 -8.3467 -24.5933 -41.9536 19.4425 -28.8415 -48.3030 32.3659 -33.2833 -39.8214 -19.9366 -38.7902 10.4739 -26.9515 -45.7853 31.3012 -31.4133 -48.3060 -10.1794 -35.9023 -2.4827 -25.2510 -42.7611 21.8904 -29.4065 -48.7337 25.3017 -33.7064 -34.2126 -26.2156 -47.1953 -32.0227 33.7201 -46.6701 -27.5075 13.2509 -39.7197 -21.6456 -33.0912 -33.7328 25.2931 -48.7337 -29.4065 21.8904 -42.7611 -25.2510 -2.4827 -35.9023 -10.1794 -48.3060 -31.4133 31.3012 -45.7853 -26.9515 10.4739 -38.7902 -19.9366 -39.8214 -33.2833 32.3659 -48.3030 -28.8415 19.4425 -41.9536 -24.5933 -8.3467 -35.1401 -5.8836 -48.6493 -31.0455 29.7510 -45.3269 -26.7065 9.2378 -38.4440 -19.2918 -41.2921 -33.1481 33.2397 -48.1921 -28.7373 19.0009 -41.8084 -22.7442
-42.1400 19.1352 -28.7666 -48.2210 33.0645 -33.1792 -41.0398 -19.3967 -38.4861 9.3661 -26.7289 -45.3660 29.8750 -31.0721 -48.6341 -6.2068 -35.1873 -7.9670 -24.6324 -41.9937 19.5469 -28.8609 -48.3148 32.3176 -33.2833 -39.8787 -19.8968 -38.7619 10.3649 -26.9289 -45.7469 31.1844 -31.3868 -48.3376 -9.9523 -35.8591 -2.7633 -25.2205 -42.7203 21.7701 -29.3803 -48.7193 25.7215 -33.7182 -33.3200 -21.4586 -40.6798 -14.1636 -47.1679 -32.0105 33.6379 -46.6343 -27.4837 13.1374 -39.6803 -21.5801 -33.4339 -33.7153 25.7215 -48.7193 -29.3803 21.7701 -42.7203 -25.2205 -2.7633 -35.8591 -9.9523 -48.3376 -31.3868 31.1844 -45.7469 -26.9289 10.3649 -38.7619 -19.8968 -39.8787 -33.2833 32.3176 -48.3148 -28.8609 19.5469 -41.9937 -24.6324 -7.9670 -35.1873 -6.2068 -48.6341 -31.0721 29.8750 -45.3660 -26.7291 9.3669 -38.4863 -19.3911 -41.0545 -33.1713 33.0474 -48.2234 -28.7694 19.1370 -42.1409
19.4408 -28.7119 -48.2520 32.8595 -33.2047 -40.7790 -19.5013 -38.5335 9.5128 -26.7534 -45.4055 29.9986 -31.0988 -48.6178 -6.5219 -35.2343 -7.5934 -24.6711 -42.0343 19.6631 -28.8868 -48.3363 32.1729 -33.2939 -39.8214 -19.8968 -38.7523 10.3041 -26.9121 -45.7122 31.0687 -31.3603 -48.3680 -9.7202 -35.8156 -3.0491 -25.1894 -42.6795 21.6501 -29.3542 -48.7045 26.1385 -33.6976 -33.7770 -21.5315 -39.5135 19.1167 -36.7452 -14.1744 -47.2411 -31.9849 33.5536 -46.5983 -27.4599 13.0237 -39.6409 -21.5141 -33.7714 -33.6976 26.1385 -48.7045 -29.3542 21.6501 -42.6795 -25.1894 -3.0491 -35.8156 -9.7202 -48.3680 -31.3603 31.0687 -45.7122 -26.9121 10.3041 -38.7523 -19.8968 -39.8214 -33.2939 32.1729 -48.3363 -28.8868 19.6631 -42.0343 -24.6711 -7.5934 -35.2343 -6.5219 -48.6178 -31.0988 29.9987 -45.4055 -26.7538 9.5137 -38.5338 -19.4895 -40.8113 -33.1944 32.8421 -48.2546 -28.7147 19.4427
-27.7108 -48.2817 32.6388 -33.2281 -40.5264 -19.5997 -38.5818 9.6697 -26.7812 -45.4514 30.1322 -31.1242 -48.6004 -6.8291 -35.2811 -7.2261 -24.7093 -42.0750 19.7794 -28.9124 -48.3593 31.9712 -33.3152 -39.6515 -19.9366 -38.7619 10.3041 -26.9064 -45.6930 30.9819 -31.3351 -48.3965 -9.4829 -35.7719 -3.3403 -25.1578 -42.6387 21.5303 -29.3281 -48.6891 26.5440 -33.6797 -34.1036 -21.4469 -39.6139 12.5297 -31.7745 2.1532 -36.7388 -14.0132 -47.3070 -31.9590 33.4671 -46.5623 -27.4362 12.9098 -39.6016 -21.4475 -34.1036 -33.6797 26.5440 -48.6891 -29.3281 21.5303 -42.6387 -25.1578 -3.3403 -35.7719 -9.4829 -48.3965 -31.3351 30.9819 -45.6930 -26.9064 10.3041 -38.7619 -19.9366 -39.6515 -33.3152 31.9712 -48.3593 -28.9124 19.7794 -42.0750 -24.7093 -7.2261 -35.2811 -6.8291 -48.6004 -31.1242 30.1323 -45.4511 -26.7813 9.6698 -38.5818 -19.5869 -40.5625 -33.2189 32.6254 -48.2843 -27.7128
-48.1010 32.3667 -33.2483 -40.2709 -19.6960 -38.6301 9.8259 -26.8090 -45.5002 30.2769 -31.1486 -48.5819 -7.1287 -35.3276 -6.8649 -24.7470 -42.1157 19.8960 -28.9381 -48.3820 31.7567 -33.3362 -39.4199 -20.0080 -38.7902 10.3649 -26.9121 -45.6930 30.9522 -31.3218 -48.4171 -9.2647 -35.7285 -3.6370 -25.1257 -42.5979 21.4107 -29.3020 -48.6732 26.9379 -33.6616 -34.4306 -21.3804 -39.5617 12.8339 -27.6535 -47.7822 -26.4105 2.2326 -36.6979 -13.8613 -47.3716 -31.9332 33.3786 -46.5260 -27.4126 12.7957 -39.5623 -21.3804 -34.4306 -33.6616 26.9379 -48.6732 -29.3020 21.4107 -42.5979 -25.1257 -3.6370 -35.7285 -9.2647 -48.4171 -31.3218 30.9522 -45.6930 -26.9121 10.3649 -38.7902 -20.0080 -39.4199 -33.3362 31.7567 -48.3820 -28.9381 19.8960 -42.1157 -24.7470 -6.8649 -35.3276 -7.1287 -48.5817 -31.1505 30.2779 -45.5002 -26.8089 9.8259 -38.6301 -19.6882 -40.2943 -33.2455 32.3709 -48.1015
23.0714 -32.9263 -40.0100 -19.7912 -38.6780 9.9792 -26.8360 -45.5460 30.4217 -31.1784 -48.5605 -7.4274 -35.3744 -6.5099 -24.7843 -42.1564 20.0127 -28.9638 -48.4042 31.5328 -33.3571 -39.1802 -20.0865 -38.8282 10.4739 -26.9289 -45.7122 30.9819 -31.3218 -48.4239 -9.1415 -35.6960 -3.9090 -25.0938 -42.5571 21.2913 -29.2759 -48.6569 27.3205 -33.6434 -34.7524 -21.3128 -39.5230 12.6795 -27.3815 -46.2220 34.3424 -43.1926 -25.7261 2.0036 -36.6613 -13.7057 -47.4342 -31.9073 33.2882 -46.4897 -27.3889 12.6814 -39.5230 -21.3128 -34.7524 -33.6434 27.3205 -48.6569 -29.2759 21.2913 -42.5571 -25.0938 -3.9090 -35.6960 -9.1415 -48.4239 -31.3218 30.9819 -45.7122 -26.9289 10.4739 -38.8282 -20.0865 -39.1802 -33.3571 31.5328 -48.4042 -28.9638 20.0127 -42.1564 -24.7843 -6.5099 -35.3739 -7.4256 -48.5599 -31.1821 30.4220 -45.5460 -26.8360 9.9878 -38.6807 -19.7905 -40.0133 -32.9318 23.0825
-33.2198 -39.7298 -19.8913 -38.7262 10.1324 -26.8641 -45.5939 30.5717 -31.2131 -48.5356 -7.7426 -35.4240 -6.1561 -24.8212 -42.1971 20.1297 -28.9896 -48.4261 31.2993 -33.3779 -38.9360 -20.1643 -38.8669 10.5945 -26.9515 -45.7469 31.0687 -31.3351 -48.4171 -9.1415 -35.6849 -4.0619 -25.0697 -42.5204 21.1741 -29.2499 -48.6401 27.6917 -33.6249 -35.0690 -21.2446 -39.4838 12.5669 -27.3665 -46.4720 32.9269 -34.6982 23.9444 -43.4922 -25.7072 1.8010 -36.6245 -13.5475 -47.4951 -31.8813 33.1958 -46.4533 -27.3654 12.5669 -39.4838 -21.2446 -35.0690 -33.6249 27.6917 -48.6401 -29.2499 21.1741 -42.5204 -25.0697 -4.0619 -35.6849 -9.1415 -48.4171 -31.3351 31.0687 -45.7469 -26.9515 10.5945 -38.8669 -20.1643 -38.9360 -33.3779 31.2993 -48.4261 -28.9896 20.1297 -42.1971 -24.8212 -6.1610 -35.4205 -7.7609 -48.5337 -31.2167 30.5719 -45.5938 -26.8641 10.1426 -38.7294 -19.8921 -39.7280 -33.2236
-40.8894 -19.9869 -38.7779 10.2943 -26.8920 -45.6422 30.7223 -31.2463 -48.5076 -8.0851 -35.4766 -5.7796 -24.8580 -42.2379 20.2468 -29.0154 -48.4476 31.0560 -33.3985 -38.6873 -20.2415 -38.9056 10.7147 -26.9743 -45.7853 31.1844 -31.3603 -48.3965 -9.2647 -35.6960 -4.0619 -25.0614 -42.5000 21.0868 -29.2258 -48.6224 28.0516 -33.6062 -35.3804 -21.1759 -39.4446 12.4522 -27.3418 -46.4155 33.1306 -32.3367 -41.0116 -31.1593 23.9601 -43.4474 -25.6864 1.5953 -36.5874 -13.3866 -47.5542 -31.8553 33.1017 -46.4167 -27.3418 12.4522 -39.4446 -21.1759 -35.3804 -33.6062 28.0516 -48.6224 -29.2258 21.0868 -42.5000 -25.0614 -4.0619 -35.6960 -9.2647 -48.3965 -31.3603 31.1844 -45.7853 -26.9743 10.7147 -38.9056 -20.2415 -38.6873 -33.3985 31.0560 -48.4476 -29.0154 20.2468 -42.2379 -24.8576 -5.8127 -35.4707 -8.1066 -48.5058 -31.2483 30.7233 -45.6424 -26.8926 10.2951 -38.7782 -19.9868 -40.8897
-19.2366 -38.8260 10.4468 -26.9192 -45.6877 30.8637 -31.2795 -48.4778 -8.4211 -35.5300 -5.3854 -24.8973 -42.2796 20.3643 -29.0412 -48.4688 30.8028 -33.4190 -38.4339 -20.3180 -38.9443 10.8344 -26.9973 -45.8235 31.3012 -31.3868 -48.3680 -9.4829 -35.7285 -3.9090 -25.0697 -42.5000 21.0571 -29.2128 -48.6088 28.3658 -33.5853 -35.6868 -21.1066 -39.4054 12.3372 -27.3183 -46.3800 33.0044 -31.8056 -47.7903 -20.1599 -48.6729 -29.8138 23.8263 -43.4067 -25.6651 1.3864 -36.5499 -13.2230 -47.6115 -31.8293 33.0058 -46.3800 -27.3183 12.3372 -39.4054 -21.1066 -35.6868 -33.5853 28.3658 -48.6088 -29.2128 21.0571 -42.5000 -25.0697 -3.9090 -35.7285 -9.4829 -48.3680 -31.3868 31.3012 -45.8235 -26.9973 10.8344 -38.9443 -20.3180 -38.4339 -33.4190 30.8028 -48.4688 -29.0412 20.3644 -42.2796 -24.8966 -5.4205 -35.5262 -8.4226 -48.4777 -31.2782 30.8728 -45.6907 -26.9211 10.4468 -38.8259 -19.2366
-39.4587 10.5875 -26.9477 -45.7351 31.0105 -31.3139 -48.4463 -8.7450 -35.5835 -5.0028 -24.9386 -42.3243 20.4838 -29.0674 -48.4895 30.5396 -33.4393 -38.1759 -20.3938 -38.9831 10.9536 -27.0202 -45.8617 31.4172 -31.4133 -48.3376 -9.7202 -35.7719 -3.6370 -25.0938 -42.5204 21.0868 -29.2128 -48.6043 28.5366 -33.5689 -35.9583 -21.0378 -39.3663 12.2219 -27.2948 -46.3432 32.9082 -31.8061 -47.6487 -12.4699 -37.4609 19.2720 -48.8973 -29.7969 23.7023 -43.3659 -25.6433 1.1742 -36.5120 -13.0564 -47.6671 -31.8033 32.9082 -46.3432 -27.2948 12.2219 -39.3663 -21.0378 -35.9583 -33.5689 28.5366 -48.6043 -29.2128 21.0868 -42.5204 -25.0938 -3.6370 -35.7719 -9.7202 -48.3376 -31.4133 31.4172 -45.8617 -27.0202 10.9536 -38.9831 -20.3938 -38.1759 -33.4393 30.5396 -48.4895 -29.0668 20.4919 -42.3271 -24.9392 -5.0079 -35.5829 -8.7267 -48.4481 -31.3077 31.0210 -45.7387 -26.9498 10.5894 -39.4595
10.5468 -26.9556 -45.7834 31.1587 -31.3455 -48.4127 -9.0610 -35.6388 -4.6086 -24.9817 -42.3746 20.6221 -29.0972 -48.5115 30.2617 -33.4594 -37.9131 -20.4690 -39.0219 11.0725 -27.0432 -45.8998 31.5322 -31.4397 -48.3060 -9.9523 -35.8156 -3.3403 -25.1257 -42.5571 21.1741 -29.2258 -48.6088 28.5366 -33.5642 -36.1073 -20.9862 -39.3311 12.1083 -27.2714 -46.3063 32.8090 -31.7772 -47.7219 -12.9444 -36.3701 9.4803 -34.4858 18.1797 -48.8745 -29.7704 23.5785 -43.3252 -25.6208 0.9585 -36.4737 -12.8869 -47.7210 -31.7772 32.8090 -46.3063 -27.2714 12.1083 -39.3311 -20.9862 -36.1073 -33.5642 28.5366 -48.6088 -29.2258 21.1741 -42.5571 -25.1257 -3.3403 -35.8156 -9.9523 -48.3060 -31.4397 31.5322 -45.8998 -27.0432 11.0725 -39.0219 -20.4690 -37.9131 -33.4594 30.2615 -48.5117 -29.0961 20.6319 -42.3781 -24.9828 -4.6061 -35.6391 -9.0225 -48.4169 -31.3372 31.1681 -45.7873 -26.9576 10.5488
-25.5739 -45.8310 31.3063 -31.3754 -48.3791 -9.3517 -35.6947 -4.2140 -25.0254 -42.4288 20.7789 -29.1286 -48.5353 29.9461 -33.4772 -37.6457 -20.5436 -39.0608 11.1909 -27.0662 -45.9378 31.6463 -31.4662 -48.2730 -10.1794 -35.8591 -3.0491 -25.1578 -42.5979 21.2913 -29.2499 -48.6224 28.3658 -33.5689 -36.1073 -20.9685 -39.3115 12.0233 -27.2502 -46.2696 32.7083 -31.7510 -47.7732 -12.7114 -36.4410 -0.0187 -29.8348 -28.7667 -33.9243 18.8081 -48.8692 -29.7440 23.4550 -43.2844 -25.5978 0.7393 -36.4351 -12.7144 -47.7732 -31.7510 32.7083 -46.2696 -27.2502 12.0233 -39.3115 -20.9685 -36.1073 -33.5689 28.3658 -48.6224 -29.2499 21.2913 -42.5979 -25.1578 -3.0491 -35.8591 -10.1794 -48.2730 -31.4662 31.6463 -45.9378 -27.0662 11.1909 -39.0608 -20.5436 -37.6457 -33.4772 29.9456 -48.5355 -29.1292 20.7797 -42.4290 -25.0255 -4.2138 -35.6948 -9.3106 -48.3840 -31.3682 31.3130 -45.8343 -25.5757
-45.8305 31.4455 -31.4034 -48.3441 -9.6314 -35.7503 -3.8281 -25.0673 -42.4800 20.9278 -29.1589 -48.5583 29.5997 -33.4966 -37.3695 -20.6175 -39.0997 11.3090 -27.0893 -45.9757 31.7595 -31.4926 -48.2387 -10.4016 -35.9023 -2.7633 -25.1894 -42.6387 21.4107 -29.2759 -48.6401 28.0516 -33.5853 -35.9583 -20.9862 -39.3115 11.9943 -27.2385 -46.2422 32.6162 -31.7238 -47.8238 -12.5386 -36.3961 0.5915 -25.6693 -44.6121 -22.6829 -28.6084 -33.9239 19.3746 -48.8621 -29.7175 23.3317 -43.2437 -25.5742 0.5165 -36.3961 -12.5386 -47.8238 -31.7238 32.6162 -46.2422 -27.2385 11.9943 -39.3115 -20.9862 -35.9583 -33.5853 28.0516 -48.6401 -29.2759 21.4107 -42.6387 -25.1894 -2.7633 -35.9023 -10.4016 -48.2387 -31.4926 31.7595 -45.9757 -27.0893 11.3090 -39.0997 -20.6175 -37.3694 -33.4949 29.5745 -48.5597 -29.1616 20.9277 -42.4800 -25.0673 -3.8281 -35.7510 -9.6058 -48.3474 -31.4011 31.4428 -45.8297
30.7045 -31.2252 -48.3075 -9.9035 -35.8049 -3.4557 -25.1075 -42.5281 21.0677 -29.1910 -48.5814 29.2179 -33.5217 -37.0449 -20.6963 -39.1386 11.4267 -27.1124 -46.0135 31.8716 -31.5190 -48.2029 -10.6191 -35.9451 -2.4827 -25.2205 -42.6795 21.5303 -29.3020 -48.6569 27.6917 -33.6062 -35.6868 -21.0378 -39.3311 12.0233 -27.2385 -46.2329 32.5646 -31.7031 -47.8679 -12.3626 -36.3568 0.2861 -25.5511 -43.0282 30.2118 -40.0236 -22.3252 -29.0441 -33.9089 19.9317 -48.8545 -29.6912 23.2087 -43.2029 -25.5500 0.2899 -36.3568 -12.3626 -47.8679 -31.7031 32.5646 -46.2329 -27.2385 12.0233 -39.3311 -21.0378 -35.6868 -33.6062 27.6917 -48.6569 -29.3020 21.5303 -42.6795 -25.2205 -2.4827 -35.9451 -10.6191 -48.2029 -31.5190 31.8716 -46.0135 -27.1124 11.4267 -39.1386 -20.6918 -37.0642 -33.5135 29.1852 -48.5832 -29.1940 21.0678 -42.5281 -25.1086 -3.4351 -35.8081 -9.8996 -48.3079 -31.2285 30.7029
-30.8409 -48.2671 -10.1862 -35.8599 -3.0902 -25.1477 -42.5785 21.2148 -29.2243 -48.6044 28.8111 -33.5445 -36.6877 -20.7818 -39.1784 11.5441 -27.1356 -46.0512 31.9826 -31.5454 -48.1658 -10.8321 -35.9877 -2.2073 -25.2510 -42.7203 21.6501 -29.3281 -48.6732 27.3205 -33.6249 -35.3804 -21.1066 -39.3663 12.1083 -27.2502 -46.2422 32.5646 -31.6966 -47.8919 -12.2292 -36.3211 0.0632 -25.5256 -43.1770 22.6863 -33.3289 14.2200 -40.1114 -22.2626 -29.4431 -33.8938 20.4841 -48.8450 -29.6647 23.0858 -43.1622 -25.5253 0.0632 -36.3211 -12.2292 -47.8919 -31.6966 32.5646 -46.2422 -27.2502 12.1083 -39.3663 -21.1066 -35.3804 -33.6249 27.3205 -48.6732 -29.3281 21.6501 -42.7203 -25.2510 -2.2073 -35.9877 -10.8321 -48.1658 -31.5454 31.9826 -46.0512 -27.1356 11.5441 -39.1785 -20.7719 -36.7315 -33.5337 28.7790 -48.6060 -29.2272 21.2148 -42.5785 -25.1491 -3.0660 -35.8629 -10.1877 -48.2669 -30.8435
-48.4484 -10.4788 -35.9171 -2.7109 -25.1881 -42.6295 21.3639 -29.2568 -48.6266 28.3886 -33.5647 -36.3460 -20.8667 -39.2212 11.6629 -27.1591 -46.0888 32.0925 -31.5717 -48.1273 -11.0407 -36.0300 -1.9369 -25.2811 -42.7611 21.7701 -29.3542 -48.6891 26.9379 -33.6434 -35.0690 -21.1759 -39.4054 12.2219 -27.2714 -46.2696 32.6162 -31.7031 -47.8919 -12.1834 -36.3011 -0.1084 -25.5028 -43.1209 23.0058 -30.0199 -48.6276 -28.7561 14.2566 -40.0689 -22.2034 -29.7828 -33.8721 20.9666 -48.8405 -29.6403 22.9627 -43.1217 -25.5027 -0.1084 -36.3011 -12.1834 -47.8919 -31.7031 32.6162 -46.2696 -27.2714 12.2219 -39.4054 -21.1759 -35.0690 -33.6434 26.9379 -48.6891 -29.3542 21.7701 -42.7611 -25.2811 -1.9369 -36.0300 -11.0407 -48.1273 -31.5717 32.0925 -46.0888 -27.1591 11.6630 -39.2213 -20.8560 -36.3949 -33.5550 28.3590 -48.6279 -29.2585 21.3648 -42.6298 -25.1887 -2.7090 -35.9173 -10.4787 -48.4484
-12.8170 -35.9698 -2.3601 -25.2263 -42.6777 21.5050 -29.2894 -48.6480 27.9490 -33.5841 -36.0016 -20.9502 -39.2692 11.7988 -27.1865 -46.1298 32.2028 -31.5981 -48.0873 -11.2450 -36.0720 -1.6714 -25.3107 -42.8019 21.8904 -29.3803 -48.7045 26.5440 -33.6616 -34.7524 -21.2446 -39.4446 12.3372 -27.2948 -46.3063 32.7083 -31.7238 -47.8679 -12.2292 -36.3011 -0.1674 -25.4900 -43.0914 22.8563 -29.5821 -48.5205 -5.7671 -46.2845 -27.6892 14.1056 -40.0058 -22.1100 -30.5308 -33.8290 21.7016 -48.8372 -29.6254 22.8351 -43.0889 -25.4895 -0.1674 -36.3011 -12.2292 -47.8679 -31.7238 32.7083 -46.3063 -27.2948 12.3372 -39.4446 -21.2446 -34.7524 -33.6616 26.5440 -48.7045 -29.3803 21.8904 -42.8019 -25.3107 -1.6714 -36.0720 -11.2450 -48.0873 -31.5981 32.2026 -46.1296 -27.1857 11.7998 -39.2695 -20.9438 -36.0329 -33.5781 27.9461 -48.6481 -29.2884 21.5143 -42.6809 -25.2275 -2.3600 -35.9698 -12.8171
-36.9342 -2.0427 -25.2634 -42.7281 21.6530 -29.3225 -48.6685 27.4956 -33.6049 -35.6498 -21.0332 -39.3183 11.9450 -27.2169 -46.1770 32.3287 -31.6232 -48.0458 -11.4453 -36.1136 -1.4108 -25.3397 -42.8426 22.0110 -29.4065 -48.7193 26.1385 -33.6797 -34.4306 -21.3128 -39.4838 12.4522 -27.3183 -46.3432 32.8090 -31.7510 -47.8238 -12.3626 -36.3211 -0.1084 -25.4900 -43.0812 22.7966 -29.5983 -48.7231 25.2857 -35.9312 34.4870 -46.2560 -29.1235 13.7928 -39.9632 -22.1663 -30.1466 -34.2675 22.7296 -48.5801 -30.9406 22.6058 -43.0733 -25.4891 -0.1084 -36.3211 -12.3626 -47.8238 -31.7510 32.8090 -46.3432 -27.3183 12.4522 -39.4838 -21.3128 -34.4306 -33.6797 26.1385 -48.7193 -29.4065 22.0110 -42.8426 -25.3397 -1.4108 -36.1136 -11.4453 -48.0458 -31.6232 32.3212 -46.1741 -27.2143 11.9541 -39.3213 -21.0329 -35.6543 -33.6045 27.5226 -48.6675 -29.3181 21.6641 -42.7319 -25.2648 -2.0385 -36.9349
-3.1290 -25.3120 -42.7794 21.8041 -29.3540 -48.6884 27.0226 -33.6277 -35.2695 -21.1197 -39.3675 12.0908 -27.2456 -46.2239 32.4607 -31.6492 -48.0019 -11.6419 -36.1550 -1.1548 -25.3682 -42.8834 22.1317 -29.4327 -48.7337 25.7215 -33.6976 -34.1036 -21.3804 -39.5230 12.5669 -27.3418 -46.3800 32.9082 -31.7772 -47.7732 -12.5386 -36.3568 0.0632 -25.5028 -43.0914 22.7912 -29.6460 -48.8234 12.7013 -35.3738 19.3623 -36.4033 -22.7104 -47.3912 -32.1337 19.3306 -41.8684 -27.2500 -23.0296 -32.6762 -14.8242 -44.2258 -33.5444 22.4923 -43.0834 -25.5021 0.0632 -36.3568 -12.5386 -47.7732 -31.7772 32.9082 -46.3800 -27.3418 12.5669 -39.5230 -21.3804 -34.1036 -33.6976 25.7215 -48.7337 -29.4327 22.1317 -42.8834 -25.3682 -1.1548 -36.1550 -11.6416 -48.0021 -31.6508 32.4451 -46.2182 -27.2421 12.0997 -39.3705 -21.1206 -35.2672 -33.6307 27.0837 -48.6862 -29.3478 21.8142 -42.7835 -25.3132 -3.1243
-23.5908 -42.8304 21.9564 -29.3841 -48.7067 26.5602 -33.6506 -34.8772 -21.2060 -39.4162 12.2344 -27.2736 -46.2677 32.5837 -31.6803 -47.9493 -11.8521 -36.1965 -0.9033 -25.3962 -42.9242 22.2527 -29.4589 -48.7476 25.2931 -33.7153 -33.7714 -21.4475 -39.5623 12.6814 -27.3654 -46.4167 33.0058 -31.8033 -47.7210 -12.7144 -36.3961 0.2899 -25.5253 -43.1217 22.8501 -29.6469 -48.7280 -26.3519 -12.4325 -25.6965 -56.1981 -12.4735 28.6982 -58.2252 -17.0893 -53.9405 4.0714 -52.7203 15.6692 -45.1538 -39.8450 56.8708 -30.7610 -32.8697 22.6983 -43.1191 -25.5251 0.2899 -36.3961 -12.7144 -47.7210 -31.8033 33.0058 -46.4167 -27.3654 12.6814 -39.5623 -21.4475 -33.7714 -33.7153 25.2931 -48.7476 -29.4589 22.2527 -42.9242 -25.3962 -0.9033 -36.1960 -11.8505 -47.9500 -31.6832 32.5739 -46.2640 -27.2711 12.2359 -39.4167 -21.2062 -34.8768 -33.6562 26.6297 -48.7042 -29.3786 21.9637 -42.8337 -23.5925
-43.0731 22.1053 -29.4137 -48.7237 26.0923 -33.6776 -34.4768 -21.2915 -39.4651 12.3783 -27.3027 -46.3137 32.7110 -31.7129 -47.8914 -12.0744 -36.2413 -0.6525 -25.4236 -42.9650 22.3739 -29.4851 -48.7609 24.8531 -33.7328 -33.4339 -21.5141 -39.6016 12.7957 -27.3889 -46.4533 33.1017 -31.8293 -47.6671 -12.8869 -36.4351 0.5165 -25.5500 -43.1622 22.9623 -29.6237 -48.5740 -7.3423 -25.2363 46.5678 8.1376 -7.3580 1.6489 -54.9732 -47.8277 33.5409 -34.7888 22.1583 35.4852 20.7341 -47.7242 -23.8247 -54.6454 32.9408 -49.4503 -30.0845 22.9609 -43.1622 -25.5500 0.5165 -36.4351 -12.8869 -47.6671 -31.8293 33.1017 -46.4533 -27.3889 12.7957 -39.6016 -21.5141 -33.4339 -33.7328 24.8531 -48.7609 -29.4851 22.3739 -42.9650 -25.4236 -0.6525 -36.2400 -12.0744 -47.8915 -31.7144 32.7028 -46.3107 -27.3006 12.3784 -39.4651 -21.2915 -34.4767 -33.6816 26.1306 -48.7224 -29.4113 22.1044 -43.0720
