-7.2930 -23.3265 -42.7938 21.5422 -28.2414 -48.4316 14.8449 -33.7398 -36.5014 -20.2126 -40.0685 12.7204 -26.0546 -46.4359 31.5989 -31.4134 -47.7611 -14.8539 -37.5527 1.3925 -24.0844 -43.7250 24.5589 -29.0148 -48.6639 1.6143 -34.4425 -27.4042 -21.4302 -40.9617 15.6603 -26.7624 -47.2401 30.7559 -32.2218 -45.8221 -17.0765 -38.3684 6.0141 -24.7186 -44.6556 27.5399 -29.8099 -48.7802 -7.0502 -35.7599 3.8182 -34.1177 25.6544 -47.9361 -27.4983 18.5975 -41.8721 -22.4740 -15.7932 -35.5968 -7.0035 -48.7801 -29.8095 27.5392 -44.6555 -24.7184 6.0355 -38.3694 -17.0754 -45.8245 -32.2213 30.7564 -47.2401 -26.7617 15.6760 -40.9627 -21.4305 -27.4139 -34.4419 1.6171 -48.6639 -29.0136 24.5750 -43.7258 -24.0856 1.3875 -37.5522 -14.8532 -47.7611 -31.4114 31.6007 -46.4362 -26.0567 12.7177 -40.0679 -20.2121 -36.4921 -33.7396 14.8464 -48.4316 -28.2414 21.5422 -42.7938 -23.3265 -7.2930
-23.3265 -42.5537 21.2433 -29.1555 -48.6444 27.5036 -33.2421 -34.9290 -21.2751 -39.5082 12.6462 -27.3509 -46.4877 33.2730 -31.6628 -47.4374 -13.7168 -36.6658 2.0417 -25.7570 -43.5469 24.2541 -29.7763 -48.8982 14.8463 -33.6044 -25.3103 -22.8357 -40.5047 15.4749 -27.9297 -47.3530 34.7591 -32.2577 -45.2141 -17.0084 -37.5952 6.3260 -26.2609 -44.5582 27.4322 -30.4181 -48.7607 0.0921 -34.4469 -15.0738 -28.4341 -41.1387 -32.7988 33.5070 -48.1010 -28.5364 18.3032 -41.5115 -24.0977 -13.6977 -34.4613 0.0931 -48.7607 -30.4177 27.4323 -44.5583 -26.2609 6.3408 -37.5961 -17.0060 -45.2139 -32.2573 34.7591 -47.3530 -27.9286 15.4860 -40.5056 -22.8343 -25.3096 -33.6038 14.8462 -48.8982 -29.7740 24.2664 -43.5477 -25.7558 2.0420 -36.6652 -13.7168 -47.4374 -31.6588 33.2816 -46.4884 -27.3498 12.6464 -39.5076 -21.2759 -34.9268 -33.2419 27.5036 -48.6444 -29.1555 21.2433 -42.5537 -23.3265
-42.7938 21.2433 -29.2511 -48.6327 27.8704 -33.6119 -35.2680 -21.1999 -39.4618 12.5037 -27.3576 -46.4448 33.1750 -31.8631 -47.5128 -13.5117 -36.6223 1.7921 -25.7109 -43.4994 24.1107 -29.8743 -48.8958 15.6922 -34.0167 -25.8503 -22.7697 -40.4581 15.3455 -27.9552 -47.3127 34.7518 -32.5090 -45.3578 -16.8703 -37.5515 6.1544 -26.2302 -44.5083 27.2737 -30.5502 -48.7596 0.7458 -34.4030 -14.1140 -24.0432 -42.7718 -19.5151 -41.4904 -33.0996 33.7090 -48.0685 -28.5850 18.1607 -41.4609 -24.0419 -14.2584 -34.3984 0.7452 -48.7596 -30.5502 27.2736 -44.5080 -26.2305 6.1557 -37.5492 -16.8698 -45.3578 -32.5090 34.7518 -47.3124 -27.9551 15.3465 -40.4556 -22.7687 -25.8505 -34.0167 15.6925 -48.8957 -29.8737 24.1118 -43.4969 -25.7092 1.7920 -36.6222 -13.5116 -47.5131 -31.8618 33.1759 -46.4427 -27.3562 12.5043 -39.4621 -21.2008 -35.2679 -33.6119 27.8704 -48.6327 -29.2511 21.2433 -42.7938
21.5422 -29.1555 -48.6327 27.9993 -33.6048 -35.5061 -21.1357 -39.4186 12.3773 -27.3305 -46.4015 33.0638 -31.8322 -47.5856 -13.3092 -36.5757 1.5485 -25.6847 -43.4488 23.9638 -29.8402 -48.8909 16.4501 -34.0048 -26.3622 -22.6989 -40.4085 15.2133 -27.9242 -47.2710 34.7196 -32.4817 -45.4918 -16.7299 -37.5051 5.9769 -26.2035 -44.4574 27.1138 -30.5192 -48.7576 1.3740 -34.3390 -14.8028 -23.9932 -41.2612 24.6320 -38.4011 -19.2084 -41.7220 -33.0757 33.8557 -48.0348 -28.5535 18.0183 -41.4103 -23.9857 -14.8342 -34.3347 1.3732 -48.7576 -30.5190 27.1127 -44.4581 -26.2049 5.9654 -37.5019 -16.7295 -45.4917 -32.4815 34.7191 -47.2716 -27.9265 15.2048 -40.4051 -22.6980 -26.3618 -34.0046 16.4540 -48.8912 -29.8434 23.9545 -43.4453 -25.6832 1.5487 -36.5755 -13.3079 -47.5861 -31.8331 33.0623 -46.3991 -27.3306 12.3771 -39.4191 -21.1357 -35.5061 -33.6048 27.9993 -48.6327 -29.1555 21.5422
-28.2414 -48.6444 27.8704 -33.6048 -35.5887 -21.0994 -39.3860 12.2702 -27.3071 -46.3616 32.9579 -31.8072 -47.6479 -13.1161 -36.5292 1.2859 -25.6580 -43.3979 23.8096 -29.8076 -48.8851 17.1976 -33.9877 -26.8974 -22.6308 -40.3586 15.0742 -27.8941 -47.2294 34.6813 -32.4507 -45.6296 -16.5951 -37.4584 5.7878 -26.1771 -44.4069 26.9540 -30.4858 -48.7640 1.9823 -34.2755 -15.3692 -23.9301 -41.3698 17.4907 -32.5493 9.1081 -38.4036 -19.1035 -41.9600 -33.0478 33.9889 -48.0008 -28.5220 17.8778 -41.3631 -23.9292 -15.4086 -34.2710 1.9808 -48.7640 -30.4838 26.9559 -44.4112 -26.1799 5.7747 -37.4549 -16.5949 -45.6303 -32.4483 34.6812 -47.2330 -27.8983 15.0647 -40.3549 -22.6301 -26.9002 -33.9849 17.1861 -48.8859 -29.8134 23.7992 -43.3941 -25.6566 1.2875 -36.5282 -13.1150 -47.6479 -31.8075 32.9568 -46.3617 -27.3071 12.2702 -39.3860 -21.0994 -35.5887 -33.6048 27.8704 -48.6444 -28.2414
-48.4316 27.5036 -33.6119 -35.5061 -21.0994 -39.3730 12.2029 -27.2898 -46.3282 32.8598 -31.7827 -47.7032 -12.9438 -36.4871 1.0357 -25.6307 -43.3465 23.6537 -29.7777 -48.8787 17.9359 -33.9698 -27.4259 -22.5587 -40.3088 14.9341 -27.8652 -47.1885 34.6368 -32.4193 -45.7635 -16.4505 -37.4118 5.5951 -26.1518 -44.3575 26.7936 -30.4521 -48.7804 2.6439 -34.2342 -15.9468 -23.8730 -41.3089 17.7644 -28.8074 -48.7336 -27.5597 9.0888 -38.3547 -18.9940 -42.1906 -33.0194 34.1109 -47.9663 -28.4900 17.7454 -41.3159 -23.8719 -15.9900 -34.2301 2.6472 -48.7816 -30.4481 26.8069 -44.3643 -26.1547 5.5807 -37.4089 -16.4497 -45.7723 -32.4138 34.6398 -47.1941 -27.8699 14.9237 -40.3057 -22.5581 -27.4611 -33.9628 17.8708 -48.8796 -29.7831 23.6433 -43.3434 -25.6305 1.0355 -36.4866 -12.9438 -47.7032 -31.7827 32.8598 -46.3282 -27.2898 12.2029 -39.3730 -21.0994 -35.5061 -33.6119 27.5036 -48.4316
14.8449 -33.2421 -35.2680 -21.1357 -39.3860 12.2029 -27.2841 -46.3098 32.7865 -31.7577 -47.7552 -12.7722 -36.4480 0.8128 -25.6057 -43.2986 23.5066 -29.7506 -48.8717 18.6113 -33.9538 -27.9466 -22.4858 -40.2590 14.7940 -27.8371 -47.1494 34.5875 -32.3863 -45.8946 -16.3035 -37.3652 5.3999 -26.1269 -44.3105 26.6368 -30.4172 -48.7983 3.3224 -34.2186 -16.5278 -23.8152 -41.2621 17.5933 -28.4450 -47.5638 18.3744 -44.7656 -26.6733 8.9208 -38.3075 -18.8842 -42.4172 -32.9907 34.2221 -47.9314 -28.4582 17.6131 -41.2682 -23.8130 -16.5641 -34.2207 3.3696 -48.7995 -30.4138 26.6579 -44.3167 -26.1286 5.3876 -37.3649 -16.2939 -45.9017 -32.3810 34.5935 -47.1545 -27.8403 14.7853 -40.2587 -22.4817 -27.9755 -33.9459 18.5529 -48.8725 -29.7538 23.4981 -43.2987 -25.6057 0.8128 -36.4480 -12.7722 -47.7552 -31.7577 32.7865 -46.3098 -27.2841 12.2029 -39.3860 -21.1357 -35.2679 -33.2419 14.8464
-33.7398 -34.9290 -21.1999 -39.4186 12.2702 -27.2898 -46.3098 32.7614 -31.7447 -47.7929 -12.6151 -36.4098 0.5912 -25.5821 -43.2573 23.3728 -29.7255 -48.8646 19.1905 -33.9377 -28.4266 -22.4156 -40.2090 14.6536 -27.8091 -47.1100 34.5358 -32.3514 -46.0268 -16.1527 -37.3185 5.2019 -26.1021 -44.2635 26.4879 -30.3813 -48.8160 4.0247 -34.2096 -17.1118 -23.7567 -41.2150 17.4622 -28.4280 -47.9161 34.6792 -35.1685 29.6257 -45.2736 -26.6472 8.7616 -38.2634 -18.7722 -42.6393 -32.9620 34.3226 -47.8962 -28.4262 17.4793 -41.2178 -23.7542 -17.1152 -34.2133 4.0645 -48.8160 -30.3792 26.5072 -44.2664 -26.1024 5.2008 -37.3185 -16.1446 -46.0268 -32.3476 34.5419 -47.1124 -27.8098 14.6530 -40.2087 -22.4123 -28.4269 -33.9345 19.1819 -48.8648 -29.7263 23.3728 -43.2573 -25.5821 0.5912 -36.4098 -12.6151 -47.7929 -31.7447 32.7614 -46.3098 -27.2898 12.2702 -39.4191 -21.2008 -34.9268 -33.7396
-36.5014 -21.2751 -39.4618 12.3773 -27.3071 -46.3282 32.7865 -31.7447 -47.8055 -12.5268 -36.3811 0.3884 -25.5587 -43.2165 23.2497 -29.6999 -48.8571 19.7507 -33.9226 -28.8424 -22.3512 -40.1622 14.5201 -27.7814 -47.0703 34.4794 -32.3183 -46.1495 -15.9936 -37.2725 5.0002 -26.0771 -44.2164 26.3392 -30.3469 -48.8308 4.7720 -34.2045 -17.7008 -23.6974 -41.1679 17.3302 -28.3954 -47.8589 34.3872 -33.4183 -27.3526 -32.3919 29.5526 -45.2160 -26.6178 8.6113 -38.2187 -18.6580 -42.8544 -32.9336 34.4129 -47.8602 -28.3947 17.3382 -41.1677 -23.6965 -17.7007 -34.2044 4.7719 -48.8308 -30.3457 26.3481 -44.2162 -26.0760 5.0003 -37.2725 -15.9936 -46.1496 -32.3162 34.4825 -47.0705 -27.7811 14.5195 -40.1622 -22.3512 -28.8424 -33.9226 19.7507 -48.8571 -29.6999 23.2497 -43.2165 -25.5587 0.3884 -36.3811 -12.5268 -47.8055 -31.7447 32.7865 -46.3282 -27.3071 12.3771 -39.4621 -21.2759 -36.4921
-20.2126 -39.5082 12.5037 -27.3305 -46.3616 32.8598 -31.7577 -47.7929 -12.5268 -36.3713 0.2745 -25.5410 -43.1797 23.1287 -29.6736 -48.8490 20.3013 -33.9075 -29.2441 -22.2912 -40.1219 14.3976 -27.7559 -47.0325 34.4228 -32.2905 -46.2619 -15.8398 -37.2288 4.7992 -26.0513 -44.1688 26.1905 -30.3126 -48.8441 5.5023 -34.1971 -18.2809 -23.6366 -41.1203 17.1983 -28.3635 -47.8243 34.4942 -32.8741 -43.6107 -23.7172 -48.6795 -30.9783 29.3777 -45.1646 -26.5897 8.4578 -38.1711 -18.5428 -43.0617 -32.9067 34.4941 -47.8237 -28.3638 17.1979 -41.1173 -23.6356 -18.2812 -34.1971 5.5026 -48.8441 -30.3129 26.1900 -44.1658 -26.0496 4.7992 -37.2285 -15.8399 -46.2621 -32.2903 34.4228 -47.0326 -27.7557 14.3976 -40.1219 -22.2912 -29.2441 -33.9075 20.3013 -48.8490 -29.6736 23.1287 -43.1797 -25.5410 0.2745 -36.3713 -12.5268 -47.7929 -31.7577 32.8598 -46.3617 -27.3306 12.5043 -39.5076 -20.2121
-40.0685 12.6462 -27.3576 -46.4015 32.9579 -31.7827 -47.7552 -12.6151 -36.3811 0.2745 -25.5348 -43.1594 23.0386 -29.6490 -48.8396 20.8421 -33.8922 -29.6403 -22.2309 -40.0822 14.2853 -27.7318 -46.9977 34.3671 -32.2665 -46.3617 -15.7009 -37.1848 4.6065 -26.0256 -44.1182 26.0394 -30.2782 -48.8561 6.2405 -34.1881 -18.8356 -23.5756 -41.0703 17.0654 -28.3317 -47.7874 34.5640 -32.8770 -43.2251 -18.1571 -38.8911 -4.8065 -48.6776 -30.9569 29.2131 -45.1155 -26.5633 8.2930 -38.1235 -18.4273 -43.2544 -32.8790 34.5648 -47.7879 -28.3342 17.0568 -41.0668 -23.5746 -18.8352 -34.1878 6.2445 -48.8562 -30.2816 26.0310 -44.1157 -26.0248 4.6054 -37.1847 -15.7009 -46.3618 -32.2665 34.3671 -46.9977 -27.7318 14.2853 -40.0822 -22.2309 -29.6403 -33.8922 20.8421 -48.8396 -29.6490 23.0386 -43.1594 -25.5348 0.2745 -36.3811 -12.6151 -47.7552 -31.7827 32.9568 -46.3991 -27.3562 12.6464 -40.0679
12.7204 -27.3509 -46.4448 33.0638 -31.8072 -47.7032 -12.7722 -36.4098 0.3884 -25.5410 -43.1594 23.0080 -29.6358 -48.8320 21.3199 -33.8742 -30.0315 -22.1701 -40.0425 14.1729 -27.7076 -46.9632 34.3091 -32.2412 -46.4514 -15.5714 -37.1446 4.4217 -26.0024 -44.0706 25.8893 -30.2484 -48.8657 6.9809 -34.1771 -19.4230 -23.5161 -41.0199 16.9253 -28.3009 -47.7502 34.6261 -32.8482 -43.4660 -18.3308 -37.9626 14.5680 -35.2039 -5.1297 -48.6932 -30.9254 29.0564 -45.0692 -26.5377 8.1266 -38.0758 -18.3156 -43.4547 -32.8474 34.6245 -47.7535 -28.3055 16.9158 -41.0162 -23.5152 -19.4261 -34.1743 6.9847 -48.8660 -30.2526 25.8817 -44.0709 -26.0022 4.4217 -37.1446 -15.5714 -46.4514 -32.2412 34.3091 -46.9632 -27.7076 14.1729 -40.0425 -22.1701 -30.0315 -33.8742 21.3199 -48.8320 -29.6358 23.0080 -43.1594 -25.5410 0.3884 -36.4098 -12.7722 -47.7032 -31.8075 33.0623 -46.4427 -27.3498 12.7177
-26.0546 -46.4877 33.1750 -31.8322 -47.6479 -12.9438 -36.4480 0.5912 -25.5587 -43.1797 23.0386 -29.6358 -48.8297 21.5818 -33.8600 -30.3796 -22.1097 -40.0029 14.0604 -27.6835 -46.9286 34.2482 -32.2159 -46.5388 -15.4422 -37.1076 4.2501 -25.9810 -44.0296 25.7516 -30.2233 -48.8737 7.6524 -34.1658 -20.0032 -23.4532 -40.9696 16.7845 -28.2714 -47.7136 34.6782 -32.8200 -43.6477 -18.1893 -38.0403 7.5036 -30.9531 -9.3256 -35.0217 -4.6650 -48.7056 -30.8920 28.9081 -45.0234 -26.5117 7.9580 -38.0289 -18.1956 -43.6605 -32.8142 34.6728 -47.7186 -28.2765 16.7740 -40.9664 -23.4532 -20.0166 -34.1635 7.6528 -48.8739 -30.2246 25.7518 -44.0296 -25.9810 4.2501 -37.1076 -15.4422 -46.5388 -32.2159 34.2482 -46.9286 -27.6835 14.0604 -40.0029 -22.1097 -30.3796 -33.8600 21.5818 -48.8297 -29.6358 23.0386 -43.1797 -25.5587 0.5912 -36.4480 -12.9438 -47.6479 -31.8331 33.1759 -46.4884 -26.0567
-46.4359 33.2730 -31.8631 -47.5856 -13.1161 -36.4871 0.8128 -25.5821 -43.2165 23.1287 -29.6490 -48.8320 21.5818 -33.8561 -30.5710 -22.0645 -39.9672 13.9496 -27.6594 -46.8938 34.1844 -32.1905 -46.6239 -15.3111 -37.0707 4.0788 -25.9602 -43.9891 25.6248 -30.1976 -48.8802 8.2768 -34.1569 -20.5211 -23.3937 -40.9195 16.6429 -28.2435 -47.6784 34.7208 -32.7887 -43.8384 -18.0751 -37.9840 7.8363 -26.6597 -46.3853 -25.0178 -9.2966 -34.9656 -4.2392 -48.7175 -30.8557 28.7612 -44.9766 -26.4847 7.7909 -37.9842 -18.0673 -43.8488 -32.7828 34.7141 -47.6829 -28.2462 16.6342 -40.9194 -23.3936 -20.5277 -34.1569 8.2768 -48.8802 -30.1976 25.6248 -43.9891 -25.9602 4.0788 -37.0707 -15.3111 -46.6239 -32.1905 34.1844 -46.8938 -27.6594 13.9496 -39.9672 -22.0645 -30.5710 -33.8561 21.5818 -48.8320 -29.6490 23.1287 -43.2165 -25.5821 0.8128 -36.4866 -13.1150 -47.5861 -31.8618 33.2816 -46.4362
31.5989 -31.6628 -47.5128 -13.3092 -36.5292 1.0357 -25.6057 -43.2573 23.2497 -29.6736 -48.8396 21.3199 -33.8600 -30.5710 -22.0490 -39.9474 13.8669 -27.6375 -46.8592 34.1178 -32.1651 -46.7069 -15.1782 -37.0338 3.9053 -25.9394 -43.9486 25.4982 -30.1710 -48.8859 8.8955 -34.1470 -20.9957 -23.3407 -40.8750 16.5107 -28.2179 -47.6446 34.7521 -32.7607 -44.0212 -17.9524 -37.9369 7.6286 -26.4540 -44.7120 34.8821 -41.6790 -24.4866 -9.8511 -34.9049 -3.7660 -48.7284 -30.8195 28.6114 -44.9271 -26.4575 7.6298 -37.9369 -17.9458 -44.0213 -32.7566 34.7487 -47.6466 -28.2179 16.5107 -40.8749 -23.3407 -20.9957 -34.1470 8.8955 -48.8859 -30.1710 25.4982 -43.9486 -25.9394 3.9053 -37.0338 -15.1782 -46.7069 -32.1651 34.1178 -46.8592 -27.6375 13.8669 -39.9474 -22.0490 -30.5710 -33.8600 21.3199 -48.8396 -29.6736 23.2497 -43.2573 -25.6057 1.0355 -36.5282 -13.3079 -47.5131 -31.6588 31.6007
-31.4134 -47.4374 -13.5117 -36.5757 1.2859 -25.6307 -43.2986 23.3728 -29.6999 -48.8490 20.8421 -33.8742 -30.3796 -22.0645 -39.9474 13.8387 -27.6255 -46.8332 34.0555 -32.1384 -46.7877 -15.0433 -36.9970 3.7297 -25.9186 -43.9080 25.3717 -30.1444 -48.8907 9.5181 -34.1369 -21.4614 -23.2890 -40.8342 16.3967 -28.1931 -47.6134 34.7753 -32.7383 -44.1779 -17.8362 -37.8899 7.4576 -26.4321 -44.8942 28.0465 -34.0639 19.0975 -41.8412 -24.4329 -10.3530 -34.8471 -3.2511 -48.7372 -30.7860 28.4530 -44.8777 -26.4302 7.4567 -37.8902 -17.8362 -44.1779 -32.7362 34.7747 -47.6134 -28.1931 16.3967 -40.8342 -23.2890 -21.4614 -34.1369 9.5181 -48.8907 -30.1444 25.3717 -43.9080 -25.9186 3.7297 -36.9970 -15.0433 -46.7877 -32.1384 34.0555 -46.8332 -27.6255 13.8387 -39.9474 -22.0645 -30.3796 -33.8742 20.8421 -48.8490 -29.6999 23.3728 -43.2987 -25.6305 1.2875 -36.5755 -13.5116 -47.4374 -31.4114
-47.7611 -13.7168 -36.6223 1.5485 -25.6580 -43.3465 23.5066 -29.7255 -48.8571 20.3013 -33.8922 -30.0315 -22.1097 -39.9672 13.8669 -27.6255 -46.8244 34.0200 -32.1180 -46.8587 -14.9086 -36.9602 3.5517 -25.8979 -43.8675 25.2453 -30.1178 -48.8946 10.1437 -34.1264 -21.9252 -23.2368 -40.7941 16.2844 -28.1683 -47.5825 34.7926 -32.7142 -44.3191 -17.7329 -37.8485 7.2942 -26.4059 -44.8302 28.3361 -31.1999 -46.6846 -29.9748 19.0935 -41.7847 -24.3816 -10.8379 -34.7897 -2.7443 -48.7446 -30.7544 28.2959 -44.8304 -26.4050 7.2942 -37.8484 -17.7329 -44.3191 -32.7142 34.7926 -47.5825 -28.1683 16.2844 -40.7941 -23.2368 -21.9252 -34.1264 10.1437 -48.8946 -30.1178 25.2453 -43.8675 -25.8979 3.5517 -36.9602 -14.9086 -46.8587 -32.1180 34.0200 -46.8244 -27.6255 13.8669 -39.9672 -22.1097 -30.0315 -33.8922 20.3013 -48.8571 -29.7263 23.4981 -43.3434 -25.6566 1.5487 -36.6222 -13.7168 -47.7611
-14.8539 -36.6658 1.7921 -25.6847 -43.3979 23.6537 -29.7506 -48.8646 19.7507 -33.9075 -29.6403 -22.1701 -40.0029 13.9496 -27.6375 -46.8332 34.0200 -32.1117 -46.8973 -14.8069 -36.9272 3.3743 -25.8772 -43.8269 25.1191 -30.0912 -48.8978 10.7714 -34.1156 -22.3870 -23.1842 -40.7539 16.1722 -28.1436 -47.5513 34.8050 -32.6902 -44.4561 -17.6308 -37.8102 7.1517 -26.3827 -44.7873 28.1527 -30.7057 -48.7597 -15.3443 -47.7684 -28.7473 18.9336 -41.7342 -24.3315 -11.3386 -34.7297 -2.2504 -48.7501 -30.7262 28.1549 -44.7868 -26.3827 7.1517 -37.8102 -17.6308 -44.4561 -32.6902 34.8050 -47.5513 -28.1436 16.1722 -40.7539 -23.1842 -22.3870 -34.1156 10.7714 -48.8978 -30.0912 25.1191 -43.8269 -25.8772 3.3743 -36.9272 -14.8069 -46.8973 -32.1117 34.0200 -46.8332 -27.6375 13.9496 -40.0029 -22.1701 -29.6403 -33.9075 19.7507 -48.8648 -29.7538 23.6433 -43.3941 -25.6832 1.7920 -36.6652 -14.8532
-37.5527 2.0417 -25.7109 -43.4488 23.8096 -29.7777 -48.8717 19.1905 -33.9226 -29.2441 -22.2309 -40.0425 14.0604 -27.6594 -46.8592 34.0555 -32.1180 -46.8973 -14.7719 -36.9088 3.2405 -25.8588 -43.7869 24.9931 -30.0646 -48.9001 11.4003 -34.1046 -22.8464 -23.1312 -40.7138 16.0600 -28.1188 -47.5200 34.8124 -32.6661 -44.5901 -17.5278 -37.7725 7.0104 -26.3609 -44.7469 28.0256 -30.7028 -48.7528 -0.0952 -36.2952 33.6275 -48.2188 -28.7224 18.7923 -41.6860 -24.2818 -11.8444 -34.6730 -1.7870 -48.7540 -30.7003 28.0256 -44.7469 -26.3609 7.0104 -37.7725 -17.5278 -44.5901 -32.6661 34.8124 -47.5200 -28.1188 16.0600 -40.7138 -23.1312 -22.8464 -34.1046 11.4003 -48.9001 -30.0646 24.9931 -43.7869 -25.8588 3.2405 -36.9088 -14.7719 -46.8973 -32.1180 34.0555 -46.8592 -27.6594 14.0604 -40.0425 -22.2309 -29.2441 -33.9226 19.1819 -48.8725 -29.7831 23.7992 -43.4453 -25.7092 2.0420 -37.5522
1.3925 -25.7570 -43.4994 23.9638 -29.8076 -48.8787 18.6113 -33.9377 -28.8424 -22.2912 -40.0822 14.1729 -27.6835 -46.8938 34.1178 -32.1384 -46.8587 -14.8069 -36.9088 3.1946 -25.8485 -43.7570 24.8798 -30.0376 -48.9017 12.0294 -34.0932 -23.3032 -23.0777 -40.6737 15.9479 -28.0941 -47.4884 34.8150 -32.6419 -44.7211 -17.4236 -37.7349 6.8678 -26.3393 -44.7069 27.8980 -30.6736 -48.7570 -1.5048 -34.6989 3.3925 -34.1508 33.1296 -48.1765 -28.6926 18.6653 -41.6417 -24.2356 -12.3147 -34.6229 -1.3480 -48.7569 -30.6736 27.8980 -44.7069 -26.3393 6.8678 -37.7349 -17.4236 -44.7211 -32.6419 34.8150 -47.4884 -28.0941 15.9479 -40.6737 -23.0777 -23.3032 -34.0932 12.0294 -48.9017 -30.0376 24.8798 -43.7570 -25.8485 3.1946 -36.9088 -14.8069 -46.8587 -32.1384 34.1178 -46.8938 -27.6835 14.1729 -40.0822 -22.2912 -28.8424 -33.9345 18.5529 -48.8796 -29.8134 23.9545 -43.4969 -25.7558 1.3875
-24.0844 -43.5469 24.1107 -29.8402 -48.8851 17.9359 -33.9538 -28.4266 -22.3512 -40.1219 14.2853 -27.7076 -46.9286 34.1844 -32.1651 -46.7877 -14.9086 -36.9272 3.2405 -25.8485 -43.7469 24.8169 -30.0172 -48.9014 12.6473 -34.0815 -23.7571 -23.0238 -40.6337 15.8358 -28.0694 -47.4567 34.8129 -32.6176 -44.8492 -17.3181 -37.6974 6.7241 -26.3176 -44.6670 27.7704 -30.6469 -48.7590 -0.8893 -34.5610 -14.2426 -28.4154 -41.1301 -33.1586 33.3186 -48.1490 -28.6657 18.5482 -41.6011 -24.1916 -12.7527 -34.5733 -0.8978 -48.7590 -30.6469 27.7704 -44.6670 -26.3176 6.7241 -37.6974 -17.3181 -44.8492 -32.6176 34.8129 -47.4567 -28.0694 15.8358 -40.6337 -23.0238 -23.7571 -34.0815 12.6473 -48.9014 -30.0172 24.8169 -43.7469 -25.8485 3.2405 -36.9272 -14.9086 -46.7877 -32.1651 34.1844 -46.9286 -27.7076 14.2853 -40.1219 -22.3512 -28.4269 -33.9459 17.8708 -48.8859 -29.8434 24.1118 -43.5477 -24.0856
-43.7250 24.2541 -29.8743 -48.8909 17.1976 -33.9698 -27.9466 -22.4156 -40.1622 14.3976 -27.7318 -46.9632 34.2482 -32.1905 -46.7069 -15.0433 -36.9602 3.3743 -25.8588 -43.7570 24.8169 -30.0105 -48.9016 13.1070 -34.0679 -24.2008 -22.9694 -40.5936 15.7238 -28.0448 -47.4247 34.8063 -32.5932 -44.9745 -17.2115 -37.6598 6.5790 -26.2960 -44.6270 27.6428 -30.6202 -48.7602 -0.4363 -34.5255 -13.0468 -24.1428 -42.7967 -19.5999 -41.0848 -33.1493 33.4591 -48.1226 -28.6401 18.4338 -41.5606 -24.1477 -13.1951 -34.5234 -0.4363 -48.7602 -30.6202 27.6428 -44.6270 -26.2960 6.5790 -37.6598 -17.2115 -44.9745 -32.5932 34.8063 -47.4247 -28.0448 15.7238 -40.5936 -22.9694 -24.2008 -34.0679 13.1070 -48.9016 -30.0105 24.8169 -43.7570 -25.8588 3.3743 -36.9602 -15.0433 -46.7069 -32.1905 34.2482 -46.9632 -27.7318 14.3976 -40.1622 -22.4123 -27.9755 -33.9628 17.1861 -48.8912 -29.8737 24.2664 -43.7258
24.5589 -29.7763 -48.8958 16.4501 -33.9877 -27.4259 -22.4858 -40.2090 14.5201 -27.7559 -46.9977 34.3091 -32.2159 -46.6239 -15.1782 -36.9970 3.5517 -25.8772 -43.7869 24.8798 -30.0172 -48.9016 13.2635 -34.0618 -24.5297 -22.9200 -40.5543 15.6118 -28.0202 -47.3925 34.7953 -32.5688 -45.0969 -17.1036 -37.6223 6.4327 -26.2745 -44.5869 27.5150 -30.5934 -48.7606 0.0365 -34.4734 -13.6490 -24.1119 -41.3712 24.8373 -38.4627 -19.3867 -41.3182 -33.1273 33.5907 -48.0964 -28.6147 18.3195 -41.5201 -24.1034 -13.6416 -34.4734 0.0365 -48.7606 -30.5934 27.5150 -44.5869 -26.2745 6.4327 -37.6223 -17.1036 -45.0969 -32.5688 34.7953 -47.3925 -28.0202 15.6118 -40.5543 -22.9200 -24.5297 -34.0618 13.2635 -48.9016 -30.0172 24.8798 -43.7869 -25.8772 3.5517 -36.9970 -15.1782 -46.6239 -32.2159 34.3091 -46.9977 -27.7557 14.5195 -40.2087 -22.4817 -27.4611 -33.9849 16.4540 -48.8957 -29.7740 24.5750
-29.0148 -48.8982 15.6922 -34.0048 -26.8974 -22.5587 -40.2590 14.6536 -27.7814 -47.0325 34.3671 -32.2412 -46.5388 -15.3111 -37.0338 3.7297 -25.8979 -43.8269 24.9931 -30.0376 -48.9014 13.1070 -34.0618 -24.6413 -22.8925 -40.5249 15.5109 -27.9957 -47.3602 34.7799 -32.5442 -45.2166 -16.9944 -37.5849 6.2850 -26.2530 -44.5468 27.3873 -30.5667 -48.7602 0.5207 -34.4232 -14.0918 -24.0584 -41.4931 17.8291 -32.5880 9.3579 -38.4931 -19.2962 -41.5156 -33.1051 33.7147 -48.0698 -28.5894 18.2054 -41.4796 -24.0585 -14.0918 -34.4232 0.5207 -48.7602 -30.5667 27.3873 -44.5468 -26.2530 6.2850 -37.5849 -16.9944 -45.2166 -32.5442 34.7799 -47.3602 -27.9957 15.5109 -40.5249 -22.8925 -24.6413 -34.0618 13.1070 -48.9014 -30.0376 24.9931 -43.8269 -25.8979 3.7297 -37.0338 -15.3111 -46.5388 -32.2412 34.3671 -47.0326 -27.7811 14.6530 -40.2587 -22.5581 -26.9002 -34.0046 15.6925 -48.8982 -29.0136
-48.6639 14.8463 -34.0167 -26.3622 -22.6308 -40.3088 14.7940 -27.8091 -47.0703 34.4228 -32.2665 -46.4514 -15.4422 -37.0707 3.9053 -25.9186 -43.8675 25.1191 -30.0646 -48.9017 12.6473 -34.0679 -24.5297 -22.8925 -40.5150 15.4549 -27.9773 -47.3305 34.7606 -32.5196 -45.3335 -16.8839 -37.5474 6.1360 -26.2315 -44.5067 27.2596 -30.5400 -48.7590 1.0163 -34.3728 -14.5454 -24.0133 -41.4384 18.1294 -28.8824 -48.7561 -27.6188 9.3951 -38.4498 -19.2104 -41.7107 -33.0827 33.8311 -48.0430 -28.5640 18.0915 -41.4391 -24.0133 -14.5454 -34.3728 1.0163 -48.7590 -30.5400 27.2596 -44.5067 -26.2315 6.1360 -37.5474 -16.8839 -45.3335 -32.5196 34.7606 -47.3305 -27.9773 15.4549 -40.5150 -22.8925 -24.5297 -34.0679 12.6473 -48.9017 -30.0646 25.1191 -43.8675 -25.9186 3.9053 -37.0707 -15.4422 -46.4514 -32.2665 34.4228 -47.0705 -27.8098 14.7853 -40.3057 -22.6301 -26.3618 -34.0167 14.8462 -48.6639
1.6143 -33.6044 -25.8503 -22.6989 -40.3586 14.9341 -27.8371 -47.1100 34.4794 -32.2905 -46.3617 -15.5714 -37.1076 4.0788 -25.9394 -43.9080 25.2453 -30.0912 -48.9001 12.0294 -34.0815 -24.2008 -22.9200 -40.5249 15.4549 -27.9712 -47.3142 34.7435 -32.4956 -45.4460 -16.7720 -37.5101 5.9855 -26.2101 -44.4666 27.1318 -30.5133 -48.7570 1.5231 -34.3222 -15.0023 -23.9676 -41.3986 17.9758 -28.5268 -47.6467 16.7635 -44.8409 -26.7291 9.2589 -38.4115 -19.1238 -41.9019 -33.0602 33.9402 -48.0159 -28.5388 17.9777 -41.3986 -23.9676 -15.0023 -34.3222 1.5231 -48.7570 -30.5133 27.1318 -44.4666 -26.2101 5.9855 -37.5101 -16.7720 -45.4460 -32.4956 34.7435 -47.3142 -27.9712 15.4549 -40.5249 -22.9200 -24.2008 -34.0815 12.0294 -48.9001 -30.0912 25.2453 -43.9080 -25.9394 4.0788 -37.1076 -15.5714 -46.3618 -32.2903 34.4825 -47.1124 -27.8403 14.9237 -40.3549 -22.6980 -25.8505 -33.6038 1.6171
-34.4425 -25.3103 -22.7697 -40.4085 15.0742 -27.8652 -47.1494 34.5358 -32.3183 -46.2619 -15.7009 -37.1446 4.2501 -25.9602 -43.9486 25.3717 -30.1178 -48.8978 11.4003 -34.0932 -23.7571 -22.9694 -40.5543 15.5109 -27.9773 -47.3142 34.7373 -32.4833 -45.5282 -16.6701 -37.4734 5.8335 -26.1887 -44.4264 27.0041 -30.4866 -48.7623 2.0412 -34.2715 -15.4619 -23.9215 -41.3582 17.8640 -28.5152 -48.0108 34.4715 -35.1933 29.9438 -45.3780 -26.7103 9.1319 -38.3732 -19.0365 -42.0893 -33.0375 34.0420 -47.9885 -28.5135 17.8640 -41.3582 -23.9215 -15.4619 -34.2715 2.0412 -48.7623 -30.4866 27.0041 -44.4264 -26.1887 5.8335 -37.4734 -16.6701 -45.5282 -32.4833 34.7373 -47.3142 -27.9773 15.5109 -40.5543 -22.9694 -23.7571 -34.0932 11.4003 -48.8978 -30.1178 25.3717 -43.9486 -25.9602 4.2501 -37.1446 -15.7009 -46.2621 -32.3162 34.5419 -47.1545 -27.8699 15.0647 -40.4051 -22.7687 -25.3096 -34.4419
-27.4042 -22.8357 -40.4581 15.2133 -27.8941 -47.1885 34.5875 -32.3514 -46.1495 -15.8398 -37.1848 4.4217 -25.9810 -43.9891 25.4982 -30.1444 -48.8946 10.7714 -34.1046 -23.3032 -23.0238 -40.5936 15.6118 -27.9957 -47.3305 34.7435 -32.4833 -45.5558 -16.6130 -37.4460 5.6954 -26.1678 -44.3861 26.8764 -30.4599 -48.7765 2.5703 -34.2392 -15.9241 -23.8749 -41.3178 17.7505 -28.4883 -47.9591 34.0982 -33.4939 -26.0423 -32.4724 29.9049 -45.3333 -26.6878 9.0043 -38.3350 -18.9482 -42.2729 -33.0148 34.1368 -47.9608 -28.4883 17.7505 -41.3178 -23.8749 -15.9241 -34.2392 2.5703 -48.7765 -30.4599 26.8764 -44.3861 -26.1678 5.6954 -37.4460 -16.6130 -45.5558 -32.4833 34.7435 -47.3305 -27.9957 15.6118 -40.5936 -23.0238 -23.3032 -34.1046 10.7714 -48.8946 -30.1444 25.4982 -43.9891 -25.9810 4.4217 -37.1847 -15.8399 -46.1496 -32.3476 34.5935 -47.1941 -27.8983 15.2048 -40.4556 -22.8343 -27.4139
-21.4302 -40.5047 15.3455 -27.9242 -47.2294 34.6368 -32.3863 -46.0268 -15.9936 -37.2288 4.6065 -26.0024 -44.0296 25.6248 -30.1710 -48.8907 10.1437 -34.1156 -22.8464 -23.0777 -40.6337 15.7238 -28.0202 -47.3602 34.7606 -32.4956 -45.5282 -16.6130 -37.4367 5.6181 -26.1523 -44.3498 26.7508 -30.4332 -48.7913 3.1102 -34.2290 -16.3884 -23.8279 -41.2774 17.6371 -28.4631 -47.9328 34.2269 -32.9655 -43.0273 -23.9428 -48.6376 -31.0649 29.7717 -45.2942 -26.6655 8.8759 -38.2968 -18.8591 -42.4528 -32.9920 34.2247 -47.9328 -28.4631 17.6371 -41.2774 -23.8279 -16.3884 -34.2290 3.1102 -48.7913 -30.4332 26.7508 -44.3498 -26.1523 5.6181 -37.4367 -16.6130 -45.5282 -32.4956 34.7606 -47.3602 -28.0202 15.7238 -40.6337 -23.0777 -22.8464 -34.1156 10.1437 -48.8907 -30.1710 25.6248 -44.0296 -26.0022 4.6054 -37.2285 -15.9936 -46.0268 -32.3810 34.6398 -47.2330 -27.9265 15.3465 -40.5056 -21.4305
-40.9617 15.4749 -27.9552 -47.2710 34.6813 -32.4193 -45.8946 -16.1527 -37.2725 4.7992 -26.0256 -44.0706 25.7516 -30.1976 -48.8859 9.5181 -34.1264 -22.3870 -23.1312 -40.6737 15.8358 -28.0448 -47.3925 34.7799 -32.5196 -45.4460 -16.6701 -37.4460 5.6181 -26.1470 -44.3297 26.6571 -30.4081 -48.8036 3.6605 -34.2222 -16.8545 -23.7805 -41.2370 17.5238 -28.4380 -47.9046 34.3058 -32.9721 -42.5705 -18.5240 -39.0354 -5.9038 -48.6302 -31.0500 29.6473 -45.2550 -26.6432 8.7468 -38.2587 -18.7691 -42.6291 -32.9690 34.3058 -47.9046 -28.4380 17.5238 -41.2370 -23.7805 -16.8545 -34.2222 3.6605 -48.8036 -30.4081 26.6571 -44.3297 -26.1470 5.6181 -37.4460 -16.6701 -45.4460 -32.5196 34.7799 -47.3925 -28.0448 15.8358 -40.6737 -23.1312 -22.3870 -34.1264 9.5181 -48.8859 -30.1976 25.7518 -44.0709 -26.0248 4.7992 -37.2725 -16.1446 -45.9017 -32.4138 34.6812 -47.2716 -27.9551 15.4860 -40.9627
15.6603 -27.9297 -47.3127 34.7196 -32.4507 -45.7635 -16.3035 -37.3185 5.0002 -26.0513 -44.1182 25.8893 -30.2233 -48.8802 8.8955 -34.1369 -21.9252 -23.1842 -40.7138 15.9479 -28.0694 -47.4247 34.7953 -32.5442 -45.3335 -16.7720 -37.4734 5.6954 -26.1523 -44.3297 26.6252 -30.3948 -48.8119 4.1644 -34.2120 -17.3220 -23.7326 -41.1966 17.4106 -28.4129 -47.8761 34.3804 -32.9460 -42.8046 -18.7058 -38.1064 14.9510 -35.3353 -6.2875 -48.6468 -31.0232 29.5225 -45.2157 -26.6209 8.6169 -38.2206 -18.6782 -42.8018 -32.9460 34.3804 -47.8761 -28.4129 17.4106 -41.1966 -23.7326 -17.3220 -34.2120 4.1644 -48.8119 -30.3948 26.6252 -44.3297 -26.1523 5.6954 -37.4734 -16.7720 -45.3335 -32.5442 34.7953 -47.4247 -28.0694 15.9479 -40.7138 -23.1842 -21.9252 -34.1369 8.8955 -48.8802 -30.2246 25.8817 -44.1157 -26.0496 5.0003 -37.3185 -16.2939 -45.7723 -32.4483 34.7191 -47.3124 -27.9286 15.6760
-26.7624 -47.3530 34.7518 -32.4817 -45.6296 -16.4505 -37.3652 5.2019 -26.0771 -44.1688 26.0394 -30.2484 -48.8737 8.2768 -34.1470 -21.4614 -23.2368 -40.7539 16.0600 -28.0941 -47.4567 34.8063 -32.5688 -45.2166 -16.8839 -37.5101 5.8335 -26.1678 -44.3498 26.6571 -30.3948 -48.8150 4.4477 -34.2035 -17.7442 -23.6851 -41.1563 17.2976 -28.3878 -47.8473 34.4484 -32.9228 -42.9709 -18.5852 -38.1940 8.0454 -31.0364 -8.0200 -35.1891 -5.9382 -48.6612 -30.9966 29.3974 -45.1764 -26.5987 8.4862 -38.1825 -18.5864 -42.9709 -32.9228 34.4484 -47.8473 -28.3878 17.2976 -41.1563 -23.6851 -17.7442 -34.2035 4.4477 -48.8150 -30.3948 26.6571 -44.3498 -26.1678 5.8335 -37.5101 -16.8839 -45.2166 -32.5688 34.8063 -47.4567 -28.0941 16.0600 -40.7539 -23.2368 -21.4614 -34.1470 8.2768 -48.8739 -30.2526 26.0310 -44.1658 -26.0760 5.2008 -37.3649 -16.4497 -45.6303 -32.4815 34.7518 -47.3530 -26.7617
-47.2401 34.7591 -32.5090 -45.4918 -16.5951 -37.4118 5.3999 -26.1021 -44.2164 26.1905 -30.2782 -48.8657 7.6524 -34.1569 -20.9957 -23.2890 -40.7941 16.1722 -28.1188 -47.4884 34.8129 -32.5932 -45.0969 -16.9944 -37.5474 5.9855 -26.1887 -44.3861 26.7508 -30.4081 -48.8119 4.4477 -34.2016 -17.9788 -23.6494 -41.1199 17.1865 -28.3627 -47.8183 34.5102 -32.8996 -43.1366 -18.4937 -38.1440 8.3987 -26.7568 -46.5303 -25.1739 -7.8744 -35.1481 -5.6078 -48.6745 -30.9699 29.2719 -45.1370 -26.5766 8.3546 -38.1445 -18.4937 -43.1366 -32.8996 34.5102 -47.8183 -28.3627 17.1865 -41.1199 -23.6494 -17.9788 -34.2016 4.4477 -48.8119 -30.4081 26.7508 -44.3861 -26.1887 5.9855 -37.5474 -16.9944 -45.0969 -32.5932 34.8129 -47.4884 -28.1188 16.1722 -40.7941 -23.2890 -20.9957 -34.1569 7.6528 -48.8660 -30.2816 26.1900 -44.2162 -26.1024 5.3876 -37.4089 -16.5949 -45.4917 -32.5090 34.7591 -47.2401
30.7559 -32.2577 -45.3578 -16.7299 -37.4584 5.5951 -26.1269 -44.2635 26.3392 -30.3126 -48.8561 6.9809 -34.1658 -20.5211 -23.3407 -40.8342 16.2844 -28.1436 -47.5200 34.8150 -32.6176 -44.9745 -17.1036 -37.5849 6.1360 -26.2101 -44.4264 26.8764 -30.4332 -48.8036 4.1644 -34.2035 -17.9788 -23.6372 -41.0998 17.1036 -28.3397 -47.7891 34.5659 -32.8762 -43.2988 -18.4000 -38.1065 8.2200 -26.5505 -44.8797 35.1448 -41.8194 -24.6391 -8.2828 -35.1005 -5.2690 -48.6868 -30.9432 29.1461 -45.0975 -26.5544 8.2222 -38.1065 -18.4000 -43.2988 -32.8762 34.5659 -47.7891 -28.3397 17.1036 -41.0998 -23.6372 -17.9788 -34.2035 4.1644 -48.8036 -30.4332 26.8764 -44.4264 -26.2101 6.1360 -37.5849 -17.1036 -44.9745 -32.6176 34.8150 -47.5200 -28.1436 16.2844 -40.8342 -23.3407 -20.5277 -34.1635 6.9847 -48.8562 -30.3129 26.3481 -44.2664 -26.1286 5.5807 -37.4549 -16.7295 -45.3578 -32.2573 30.7564
-32.2218 -45.2141 -16.8703 -37.5051 5.7878 -26.1518 -44.3105 26.4879 -30.3469 -48.8441 6.2405 -34.1771 -20.0032 -23.3937 -40.8750 16.3967 -28.1683 -47.5513 34.8124 -32.6419 -44.8492 -17.2115 -37.6223 6.2850 -26.2315 -44.4666 27.0041 -30.4599 -48.7913 3.6605 -34.2120 -17.7442 -23.6494 -41.0998 17.0754 -28.3272 -47.7670 34.6106 -32.8512 -43.4576 -18.3054 -38.0685 8.0889 -26.5331 -45.0748 28.6210 -34.1407 19.5455 -42.0039 -24.5999 -8.6678 -35.0529 -4.9213 -48.6981 -30.9164 29.0201 -45.0580 -26.5324 8.0889 -38.0685 -18.3054 -43.4576 -32.8512 34.6106 -47.7670 -28.3272 17.0754 -41.0998 -23.6494 -17.7442 -34.2120 3.6605 -48.7913 -30.4599 27.0041 -44.4666 -26.2315 6.2850 -37.6223 -17.2115 -44.8492 -32.6419 34.8124 -47.5513 -28.1683 16.3967 -40.8749 -23.3936 -20.0166 -34.1743 6.2445 -48.8441 -30.3457 26.5072 -44.3167 -26.1547 5.7747 -37.5019 -16.8698 -45.2139 -32.2213
-45.8221 -17.0084 -37.5515 5.9769 -26.1771 -44.3575 26.6368 -30.3813 -48.8308 5.5023 -34.1881 -19.4230 -23.4532 -40.9195 16.5107 -28.1931 -47.5825 34.8050 -32.6661 -44.7211 -17.3181 -37.6598 6.4327 -26.2530 -44.5067 27.1318 -30.4866 -48.7765 3.1102 -34.2222 -17.3220 -23.6851 -41.1199 17.1036 -28.3272 -47.7596 34.6336 -32.8320 -43.5978 -18.2112 -38.0306 7.9547 -26.5103 -45.0175 28.9349 -31.3375 -46.2924 -30.0975 19.5755 -41.9598 -24.5603 -9.0586 -35.0050 -4.5645 -48.7083 -30.8897 28.8938 -45.0185 -26.5103 7.9547 -38.0306 -18.2112 -43.5978 -32.8320 34.6336 -47.7596 -28.3272 17.1036 -41.1199 -23.6851 -17.3220 -34.2222 3.1102 -48.7765 -30.4866 27.1318 -44.5067 -26.2530 6.4327 -37.6598 -17.3181 -44.7211 -32.6661 34.8050 -47.5825 -28.1931 16.5107 -40.9194 -23.4532 -19.4261 -34.1878 5.5026 -48.8308 -30.3792 26.6579 -44.3643 -26.1799 5.9654 -37.5492 -17.0060 -45.8245
-17.0765 -37.5952 6.1544 -26.2035 -44.4069 26.7936 -30.4172 -48.8160 4.7720 -34.1971 -18.8356 -23.5161 -40.9696 16.6429 -28.2179 -47.6134 34.7926 -32.6902 -44.5901 -17.4236 -37.6974 6.5790 -26.2745 -44.5468 27.2596 -30.5133 -48.7623 2.5703 -34.2290 -16.8545 -23.7326 -41.1563 17.1865 -28.3397 -47.7670 34.6336 -32.8261 -43.6744 -18.1404 -37.9966 7.8217 -26.4883 -44.9789 28.7653 -30.8424 -48.7421 -16.0036 -47.8896 -28.8577 19.4504 -41.9191 -24.5203 -9.4553 -34.9570 -4.1983 -48.7177 -30.8630 28.7673 -44.9789 -26.4883 7.8217 -37.9966 -18.1404 -43.6744 -32.8261 34.6336 -47.7670 -28.3397 17.1865 -41.1563 -23.7326 -16.8545 -34.2290 2.5703 -48.7623 -30.5133 27.2596 -44.5468 -26.2745 6.5790 -37.6974 -17.4236 -44.5901 -32.6902 34.7926 -47.6134 -28.2179 16.6342 -40.9664 -23.5152 -18.8352 -34.1971 4.7719 -48.8160 -30.4138 26.8069 -44.4112 -26.2049 6.1557 -37.5961 -17.0754
-38.3684 6.3260 -26.2302 -44.4574 26.9540 -30.4521 -48.7983 4.0247 -34.2045 -18.2809 -23.5756 -41.0199 16.7845 -28.2435 -47.6446 34.7753 -32.7142 -44.4561 -17.5278 -37.7349 6.7241 -26.2960 -44.5869 27.3873 -30.5400 -48.7570 2.0412 -34.2392 -16.3884 -23.7805 -41.1966 17.2976 -28.3627 -47.7891 34.6106 -32.8320 -43.6744 -18.1161 -37.9776 7.7218 -26.4686 -44.9397 28.6405 -30.8388 -48.7233 -2.3450 -36.4296 32.9245 -48.3280 -28.8398 19.3345 -41.8785 -24.4799 -9.8579 -34.9087 -3.8223 -48.7260 -30.8363 28.6405 -44.9397 -26.4686 7.7218 -37.9776 -18.1161 -43.6744 -32.8320 34.6106 -47.7891 -28.3627 17.2976 -41.1966 -23.7805 -16.3884 -34.2392 2.0412 -48.7570 -30.5400 27.3873 -44.5869 -26.2960 6.7241 -37.7349 -17.5278 -44.4561 -32.7142 34.7747 -47.6466 -28.2462 16.7740 -41.0162 -23.5746 -18.2812 -34.2044 4.0645 -48.7995 -30.4481 26.9559 -44.4581 -26.2305 6.3408 -38.3694
6.0141 -26.2609 -44.5083 27.1138 -30.4858 -48.7804 3.3224 -34.2096 -17.7008 -23.6366 -41.0703 16.9253 -28.2714 -47.6784 34.7521 -32.7383 -44.3191 -17.6308 -37.7725 6.8678 -26.3176 -44.6270 27.5150 -30.5667 -48.7590 1.5231 -34.2715 -15.9241 -23.8279 -41.2370 17.4106 -28.3878 -47.8183 34.5659 -32.8512 -43.5978 -18.1404 -37.9776 7.6877 -26.4576 -44.9105 28.5262 -30.8088 -48.7335 -3.5740 -34.9016 4.2056 -34.2018 32.3207 -48.2926 -28.8142 19.2189 -41.8378 -24.4390 -10.2661 -34.8602 -3.4365 -48.7334 -30.8088 28.5262 -44.9105 -26.4576 7.6877 -37.9776 -18.1404 -43.5978 -32.8512 34.5659 -47.8183 -28.3878 17.4106 -41.2370 -23.8279 -15.9241 -34.2715 1.5231 -48.7590 -30.5667 27.5150 -44.6270 -26.3176 6.8678 -37.7725 -17.6308 -44.3191 -32.7362 34.7487 -47.6829 -28.2765 16.9158 -41.0668 -23.6356 -17.7007 -34.2133 3.3696 -48.7816 -30.4838 27.1127 -44.5080 -26.2609 6.0355
-24.7186 -44.5582 27.2737 -30.5192 -48.7640 2.6439 -34.2186 -17.1118 -23.6974 -41.1203 17.0654 -28.3009 -47.7136 34.7208 -32.7607 -44.1779 -17.7329 -37.8102 7.0104 -26.3393 -44.6670 27.6428 -30.5934 -48.7602 1.0163 -34.3222 -15.4619 -23.8749 -41.2774 17.5238 -28.4129 -47.8473 34.5102 -32.8762 -43.4576 -18.2112 -37.9966 7.7218 -26.4576 -44.9005 28.4627 -30.7881 -48.7393 -3.0359 -34.8020 -12.0962 -28.5962 -40.1430 -33.2496 32.5190 -48.2699 -28.7895 19.1040 -41.7973 -24.3978 -10.6795 -34.8113 -3.0432 -48.7393 -30.7881 28.4627 -44.9005 -26.4576 7.7218 -37.9966 -18.2112 -43.4576 -32.8762 34.5102 -47.8473 -28.4129 17.5238 -41.2774 -23.8749 -15.4619 -34.3222 1.0163 -48.7602 -30.5934 27.6428 -44.6670 -26.3393 7.0104 -37.8102 -17.7329 -44.1779 -32.7566 34.7141 -47.7186 -28.3055 17.0568 -41.1173 -23.6965 -17.1152 -34.2207 2.6472 -48.7640 -30.5190 27.2736 -44.5583 -24.7184
-44.6556 27.4322 -30.5502 -48.7576 1.9823 -34.2342 -16.5278 -23.7567 -41.1679 17.1983 -28.3317 -47.7502 34.6782 -32.7887 -44.0212 -17.8362 -37.8485 7.1517 -26.3609 -44.7069 27.7704 -30.6202 -48.7606 0.5207 -34.3728 -15.0023 -23.9215 -41.3178 17.6371 -28.4380 -47.8761 34.4484 -32.8996 -43.2988 -18.3054 -38.0306 7.8217 -26.4686 -44.9105 28.4627 -30.7814 -48.7423 -2.7391 -34.7694 -10.8881 -24.3648 -43.0077 -19.9440 -40.3119 -33.1824 32.6758 -48.2555 -28.7667 18.9961 -41.7603 -24.3568 -11.0453 -34.7547 -2.7810 -48.7423 -30.7814 28.4627 -44.9105 -26.4686 7.8217 -38.0306 -18.3054 -43.2988 -32.8996 34.4484 -47.8761 -28.4380 17.6371 -41.3178 -23.9215 -15.0023 -34.3728 0.5207 -48.7606 -30.6202 27.7704 -44.7069 -26.3609 7.1517 -37.8484 -17.8362 -44.0213 -32.7828 34.6728 -47.7535 -28.3342 17.1979 -41.1677 -23.7542 -16.5641 -34.2301 1.9808 -48.7576 -30.5502 27.4323 -44.6555
27.5399 -30.4181 -48.7596 1.3740 -34.2755 -15.9468 -23.8152 -41.2150 17.3302 -28.3635 -47.7874 34.6261 -32.8200 -43.8384 -17.9524 -37.8899 7.2942 -26.3827 -44.7469 27.8980 -30.6469 -48.7602 0.0365 -34.4232 -14.5454 -23.9676 -41.3582 17.7505 -28.4631 -47.9046 34.3804 -32.9228 -43.1366 -18.4000 -38.0685 7.9547 -26.4883 -44.9397 28.5262 -30.7881 -48.7423 -2.6330 -34.7371 -11.6530 -24.4638 -41.4514 25.5184 -38.8676 -19.7626 -41.0202 -34.1484 33.2994 -47.7969 -29.1766 18.5576 -40.4666 -25.6272 -12.3178 -34.8961 -2.7501 -48.7423 -30.7881 28.5262 -44.9397 -26.4883 7.9547 -38.0685 -18.4000 -43.1366 -32.9228 34.3804 -47.9046 -28.4631 17.7505 -41.3582 -23.9676 -14.5454 -34.4232 0.0365 -48.7602 -30.6469 27.8980 -44.7469 -26.3827 7.2942 -37.8902 -17.9458 -43.8488 -32.8142 34.6245 -47.7879 -28.3638 17.3382 -41.2178 -23.8130 -15.9900 -34.2710 1.3732 -48.7596 -30.4177 27.5392
-29.8099 -48.7607 0.7458 -34.3390 -15.3692 -23.8730 -41.2621 17.4621 -28.3953 -47.8240 34.5648 -32.8499 -43.6477 -18.0751 -37.9369 7.4576 -26.4059 -44.7873 28.0256 -30.6736 -48.7590 -0.4363 -34.4734 -14.0918 -24.0133 -41.3986 17.8640 -28.4883 -47.9328 34.3058 -32.9460 -42.9709 -18.4937 -38.1065 8.0889 -26.5103 -44.9789 28.6405 -30.8088 -48.7393 -2.7391 -34.7371 -12.1027 -26.4378 -44.4832 23.3118 -32.3154 32.8642 -39.6474 -22.4708 12.7357 -35.2152 -4.7893 -49.3694 -26.0082 -5.3419 -48.3295 -28.2012 15.2133 -35.0818 -2.8555 -48.7393 -30.8088 28.6405 -44.9789 -26.5103 8.0889 -38.1065 -18.4937 -42.9709 -32.9460 34.3058 -47.9328 -28.4883 17.8640 -41.3986 -24.0133 -14.0918 -34.4734 -0.4363 -48.7590 -30.6736 28.0256 -44.7868 -26.4050 7.4567 -37.9369 -18.0673 -43.6605 -32.8474 34.5648 -47.8237 -28.3947 17.4793 -41.2682 -23.8719 -15.4086 -34.3347 0.7452 -48.7607 -29.8095
-48.7802 0.0829 -34.4006 -14.7993 -23.9301 -41.3092 17.5942 -28.4271 -47.8602 34.4941 -32.8792 -43.4537 -18.1963 -37.9845 7.6308 -26.4312 -44.8312 28.1548 -30.7003 -48.7569 -0.8978 -34.5234 -13.6416 -24.0585 -41.4391 17.9777 -28.5135 -47.9608 34.2247 -32.9690 -42.8018 -18.5864 -38.1445 8.2222 -26.5324 -45.0185 28.7673 -30.8363 -48.7334 -3.0434 -34.7675 -11.6461 -26.8960 36.7851 26.1315 -43.8388 -69.7750 -37.0586 -28.3765 -51.4790 -58.0596 -2.5945 -55.0794 26.7870 -40.6434 -50.8752 -26.3741 -51.9305 -32.9606 16.2812 -34.9187 -3.0882 -48.7334 -30.8363 28.7673 -45.0185 -26.5324 8.2222 -38.1445 -18.5864 -42.8018 -32.9690 34.2247 -47.9608 -28.5135 17.9777 -41.4391 -24.0585 -13.6416 -34.5234 -0.8978 -48.7569 -30.7003 28.1549 -44.8304 -26.4302 7.6298 -37.9842 -18.1956 -43.4547 -32.8790 34.4941 -47.8602 -28.4262 17.6131 -41.3159 -23.9292 -14.8342 -34.3984 0.0931 -48.7801
-7.0099 -34.4592 -14.2623 -23.9849 -41.3589 17.7334 -28.4600 -47.8962 34.4129 -32.9067 -43.2545 -18.3159 -38.0319 7.8015 -26.4571 -44.8779 28.2954 -30.7262 -48.7540 -1.3480 -34.5733 -13.1951 -24.1034 -41.4796 18.0915 -28.5388 -47.9885 34.1368 -32.9920 -42.6291 -18.6782 -38.1825 8.3546 -26.5544 -45.0580 28.8938 -30.8630 -48.7260 -3.4365 -34.8127 -11.0279 -24.9918 -47.0834 -35.3646 -22.8164 17.8826 3.5151 29.6110 45.7446 -45.3423 30.4619 -47.8948 -28.8396 -48.7300 -19.5326 -48.4598 -24.8168 -46.5676 -28.2932 -25.7786 -11.5445 -34.8019 -3.4398 -48.7260 -30.8630 28.8938 -45.0580 -26.5544 8.3546 -38.1825 -18.6782 -42.6291 -32.9920 34.1368 -47.9885 -28.5388 18.0915 -41.4796 -24.1034 -13.1951 -34.5733 -1.3480 -48.7540 -30.7262 28.2959 -44.8777 -26.4575 7.7909 -38.0289 -18.3156 -43.2544 -32.9067 34.4129 -47.8962 -28.4582 17.7454 -41.3631 -23.9857 -14.2584 -34.4613 -7.0035
