0.1062 0.3123 0.1590 0.1215 0.4892 0.1225 0.1619 0.4534 0.1107 0.2511 0.2306 0.1139 0.4178 0.1324 0.1402 0.4941 0.1143 0.2048 0.3461 0.1103 0.3364 0.1495 0.1252 0.4997 0.1201 0.1709 0.4326 0.1101 0.2697 0.1964 0.1160 0.4457 0.1286 0.1466 0.4840 0.1128 0.2188 0.3093 0.1111 0.3625 0.1425 0.1296 0.5028 0.1179 0.1812 0.4101 0.1096 0.4687 0.1538 0.1253 0.4705 0.1185 0.1730 0.2902 0.1098 0.4078 0.1811 0.1179 0.5028 0.1296 0.1425 0.3625 0.1111 0.3093 0.2188 0.1128 0.4840 0.1466 0.1286 0.4456 0.1160 0.1964 0.2697 0.1101 0.4327 0.1709 0.1201 0.4997 0.1252 0.1496 0.3364 0.1103 0.3463 0.2048 0.1143 0.4941 0.1402 0.1324 0.4178 0.1139 0.2308 0.2510 0.1107 0.4534 0.1619 0.1225 0.4892 0.1215 0.1590 0.3123 0.1062
0.3123 0.1602 0.1267 0.5076 0.1193 0.1681 0.4777 0.1124 0.2617 0.2611 0.1188 0.4360 0.1278 0.1456 0.5140 0.1141 0.2131 0.3782 0.1141 0.3514 0.1472 0.1304 0.5177 0.1176 0.1776 0.4588 0.1124 0.2813 0.2192 0.1211 0.4644 0.1242 0.1522 0.5051 0.1133 0.2278 0.3427 0.1153 0.3786 0.1386 0.1348 0.5209 0.1162 0.1882 0.4357 0.1113 0.3593 0.1092 0.4931 0.1598 0.1215 0.4894 0.1236 0.1835 0.3029 0.1127 0.4359 0.1882 0.1163 0.5209 0.1348 0.1386 0.3786 0.1153 0.3427 0.2277 0.1133 0.5051 0.1523 0.1242 0.4645 0.1211 0.2192 0.2813 0.1124 0.4588 0.1776 0.1176 0.5177 0.1303 0.1472 0.3514 0.1141 0.3784 0.2131 0.1141 0.5140 0.1456 0.1278 0.4360 0.1188 0.2612 0.2617 0.1124 0.4777 0.1681 0.1193 0.5076 0.1267 0.1602 0.3123
0.1590 0.1267 0.5074 0.1189 0.1678 0.4784 0.1118 0.2608 0.2631 0.1184 0.4346 0.1277 0.1453 0.5143 0.1136 0.2124 0.3799 0.1135 0.3501 0.1474 0.1301 0.5174 0.1172 0.1771 0.4597 0.1118 0.2804 0.2211 0.1207 0.4630 0.1240 0.1519 0.5056 0.1127 0.2270 0.3444 0.1147 0.3772 0.1386 0.1345 0.5209 0.1158 0.1877 0.4371 0.1121 0.2989 0.1361 0.2433 0.1122 0.4936 0.1594 0.1212 0.4882 0.1235 0.1848 0.3018 0.1120 0.4371 0.1876 0.1158 0.5209 0.1345 0.1386 0.3772 0.1148 0.3445 0.2270 0.1127 0.5056 0.1519 0.1240 0.4631 0.1207 0.2211 0.2803 0.1118 0.4597 0.1771 0.1172 0.5174 0.1301 0.1474 0.3501 0.1135 0.3799 0.2125 0.1135 0.5143 0.1453 0.1277 0.4346 0.1183 0.2631 0.2608 0.1118 0.4784 0.1678 0.1189 0.5074 0.1267 0.1590
0.1215 0.5076 0.1189 0.1677 0.4788 0.1118 0.2601 0.2650 0.1183 0.4333 0.1279 0.1450 0.5146 0.1136 0.2117 0.3815 0.1134 0.3488 0.1480 0.1299 0.5170 0.1173 0.1766 0.4608 0.1118 0.2794 0.2230 0.1206 0.4617 0.1242 0.1516 0.5061 0.1128 0.2263 0.3463 0.1147 0.3758 0.1390 0.1343 0.5209 0.1159 0.1871 0.4383 0.1120 0.3009 0.1900 0.1334 0.3081 0.2423 0.1122 0.4943 0.1590 0.1213 0.4871 0.1233 0.1864 0.3007 0.1120 0.4384 0.1871 0.1159 0.5209 0.1343 0.1390 0.3759 0.1147 0.3464 0.2262 0.1128 0.5061 0.1516 0.1242 0.4618 0.1206 0.2231 0.2793 0.1118 0.4608 0.1766 0.1173 0.5170 0.1300 0.1480 0.3488 0.1134 0.3814 0.2118 0.1136 0.5146 0.1450 0.1279 0.4333 0.1183 0.2650 0.2601 0.1118 0.4788 0.1677 0.1189 0.5076 0.1215
0.4892 0.1193 0.1678 0.4788 0.1118 0.2597 0.2663 0.1182 0.4322 0.1280 0.1447 0.5149 0.1136 0.2111 0.3832 0.1134 0.3476 0.1485 0.1298 0.5167 0.1174 0.1761 0.4618 0.1118 0.2783 0.2250 0.1205 0.4603 0.1243 0.1512 0.5066 0.1128 0.2255 0.3481 0.1146 0.3744 0.1394 0.1341 0.5208 0.1159 0.1866 0.4395 0.1120 0.2996 0.1877 0.1228 0.5179 0.1155 0.3091 0.2414 0.1122 0.4950 0.1586 0.1214 0.4859 0.1232 0.1879 0.2997 0.1120 0.4396 0.1865 0.1159 0.5208 0.1340 0.1393 0.3746 0.1146 0.3483 0.2255 0.1128 0.5066 0.1512 0.1243 0.4604 0.1205 0.2251 0.2783 0.1118 0.4618 0.1761 0.1174 0.5167 0.1298 0.1485 0.3476 0.1134 0.3831 0.2111 0.1136 0.5149 0.1447 0.1280 0.4322 0.1182 0.2663 0.2597 0.1118 0.4788 0.1678 0.1193 0.4892
0.1225 0.1681 0.4784 0.1118 0.2597 0.2667 0.1181 0.4313 0.1282 0.1445 0.5152 0.1137 0.2105 0.3846 0.1133 0.3465 0.1490 0.1296 0.5163 0.1175 0.1756 0.4627 0.1118 0.2774 0.2270 0.1203 0.4589 0.1245 0.1509 0.5071 0.1128 0.2248 0.3500 0.1145 0.3732 0.1397 0.1338 0.5207 0.1160 0.1860 0.4407 0.1120 0.2985 0.1896 0.1231 0.4815 0.1073 0.4004 0.1161 0.3112 0.2406 0.1122 0.4956 0.1582 0.1216 0.4848 0.1230 0.1894 0.2987 0.1120 0.4408 0.1860 0.1160 0.5207 0.1338 0.1397 0.3733 0.1145 0.3501 0.2248 0.1128 0.5071 0.1509 0.1245 0.4589 0.1203 0.2272 0.2773 0.1118 0.4628 0.1756 0.1175 0.5163 0.1296 0.1490 0.3465 0.1133 0.3846 0.2105 0.1137 0.5152 0.1445 0.1282 0.4313 0.1181 0.2667 0.2597 0.1118 0.4784 0.1681 0.1225
0.1619 0.4777 0.1118 0.2601 0.2663 0.1181 0.4310 0.1283 0.1443 0.5155 0.1137 0.2099 0.3859 0.1133 0.3454 0.1495 0.1294 0.5159 0.1175 0.1752 0.4637 0.1118 0.2764 0.2290 0.1202 0.4575 0.1247 0.1506 0.5075 0.1129 0.2240 0.3518 0.1145 0.3719 0.1401 0.1336 0.5206 0.1161 0.1855 0.4419 0.1119 0.2975 0.1911 0.1229 0.4839 0.1205 0.1782 0.1298 0.4004 0.1160 0.3132 0.2398 0.1122 0.4963 0.1578 0.1217 0.4836 0.1229 0.1909 0.2976 0.1119 0.4419 0.1855 0.1161 0.5206 0.1336 0.1401 0.3719 0.1145 0.3518 0.2241 0.1129 0.5076 0.1505 0.1247 0.4575 0.1202 0.2292 0.2763 0.1118 0.4638 0.1751 0.1176 0.5160 0.1294 0.1495 0.3454 0.1133 0.3859 0.2099 0.1137 0.5155 0.1443 0.1283 0.4310 0.1181 0.2663 0.2601 0.1118 0.4777 0.1619
0.4534 0.1124 0.2608 0.2650 0.1182 0.4313 0.1283 0.1442 0.5156 0.1137 0.2095 0.3872 0.1132 0.3444 0.1499 0.1292 0.5156 0.1176 0.1747 0.4646 0.1117 0.2754 0.2310 0.1201 0.4562 0.1248 0.1502 0.5080 0.1129 0.2233 0.3537 0.1144 0.3706 0.1405 0.1334 0.5205 0.1161 0.1849 0.4431 0.1119 0.2965 0.1927 0.1227 0.4824 0.1219 0.1567 0.4616 0.1388 0.1337 0.3988 0.1159 0.3151 0.2391 0.1123 0.4969 0.1574 0.1218 0.4824 0.1227 0.1926 0.2965 0.1119 0.4431 0.1849 0.1161 0.5205 0.1334 0.1405 0.3706 0.1144 0.3535 0.2234 0.1129 0.5081 0.1502 0.1248 0.4562 0.1201 0.2312 0.2754 0.1117 0.4646 0.1747 0.1176 0.5156 0.1292 0.1499 0.3444 0.1132 0.3872 0.2095 0.1137 0.5156 0.1442 0.1283 0.4313 0.1182 0.2650 0.2608 0.1124 0.4534
0.1107 0.2617 0.2631 0.1183 0.4322 0.1282 0.1443 0.5156 0.1138 0.2092 0.3881 0.1132 0.3434 0.1504 0.1291 0.5153 0.1177 0.1743 0.4654 0.1117 0.2745 0.2330 0.1200 0.4548 0.1250 0.1499 0.5085 0.1129 0.2226 0.3554 0.1143 0.3693 0.1409 0.1331 0.5204 0.1162 0.1844 0.4442 0.1119 0.2955 0.1943 0.1226 0.4812 0.1220 0.1571 0.4992 0.1076 0.5205 0.1380 0.1340 0.3973 0.1159 0.3170 0.2382 0.1123 0.4975 0.1571 0.1219 0.4812 0.1226 0.1943 0.2954 0.1119 0.4442 0.1844 0.1162 0.5204 0.1331 0.1409 0.3692 0.1143 0.3552 0.2226 0.1129 0.5085 0.1499 0.1250 0.4549 0.1200 0.2330 0.2745 0.1117 0.4654 0.1743 0.1177 0.5153 0.1291 0.1504 0.3434 0.1132 0.3881 0.2092 0.1138 0.5156 0.1443 0.1282 0.4322 0.1183 0.2631 0.2617 0.1107
0.2511 0.2611 0.1184 0.4333 0.1280 0.1445 0.5155 0.1137 0.2092 0.3884 0.1132 0.3426 0.1508 0.1289 0.5149 0.1177 0.1740 0.4662 0.1117 0.2737 0.2347 0.1199 0.4537 0.1251 0.1496 0.5090 0.1130 0.2219 0.3571 0.1143 0.3679 0.1412 0.1329 0.5203 0.1163 0.1839 0.4453 0.1119 0.2944 0.1959 0.1225 0.4800 0.1221 0.1567 0.4980 0.1108 0.2768 0.1109 0.5204 0.1378 0.1343 0.3958 0.1158 0.3190 0.2374 0.1123 0.4981 0.1567 0.1221 0.4800 0.1225 0.1960 0.2943 0.1119 0.4453 0.1839 0.1163 0.5203 0.1329 0.1412 0.3678 0.1143 0.3570 0.2219 0.1130 0.5089 0.1496 0.1251 0.4537 0.1199 0.2347 0.2737 0.1117 0.4662 0.1740 0.1177 0.5149 0.1289 0.1508 0.3426 0.1132 0.3884 0.2092 0.1137 0.5155 0.1445 0.1280 0.4333 0.1183 0.2612 0.2510
0.2306 0.1188 0.4346 0.1279 0.1447 0.5152 0.1137 0.2095 0.3881 0.1132 0.3424 0.1511 0.1288 0.5146 0.1178 0.1736 0.4670 0.1117 0.2729 0.2364 0.1198 0.4526 0.1253 0.1493 0.5093 0.1130 0.2212 0.3588 0.1142 0.3666 0.1416 0.1327 0.5202 0.1163 0.1834 0.4465 0.1119 0.2933 0.1976 0.1223 0.4787 0.1222 0.1563 0.4988 0.1124 0.2348 0.2275 0.1950 0.1151 0.5205 0.1375 0.1346 0.3945 0.1157 0.3210 0.2366 0.1123 0.4988 0.1563 0.1222 0.4788 0.1223 0.1977 0.2932 0.1119 0.4465 0.1833 0.1164 0.5202 0.1327 0.1417 0.3666 0.1142 0.3588 0.2212 0.1130 0.5093 0.1493 0.1253 0.4526 0.1198 0.2364 0.2729 0.1117 0.4670 0.1736 0.1178 0.5146 0.1288 0.1511 0.3424 0.1132 0.3881 0.2095 0.1137 0.5152 0.1447 0.1279 0.4346 0.1188 0.2308
0.1139 0.4360 0.1277 0.1450 0.5149 0.1137 0.2099 0.3872 0.1132 0.3426 0.1511 0.1288 0.5144 0.1179 0.1732 0.4677 0.1117 0.2721 0.2381 0.1197 0.4515 0.1254 0.1490 0.5097 0.1130 0.2205 0.3604 0.1141 0.3654 0.1420 0.1325 0.5200 0.1164 0.1828 0.4476 0.1119 0.2922 0.1994 0.1222 0.4775 0.1224 0.1559 0.4994 0.1124 0.2360 0.3281 0.1211 0.4240 0.1941 0.1151 0.5206 0.1373 0.1349 0.3932 0.1156 0.3230 0.2358 0.1124 0.4994 0.1559 0.1224 0.4777 0.1222 0.1995 0.2921 0.1119 0.4477 0.1828 0.1164 0.5201 0.1325 0.1420 0.3654 0.1141 0.3604 0.2205 0.1130 0.5097 0.1490 0.1254 0.4515 0.1197 0.2381 0.2721 0.1117 0.4677 0.1732 0.1179 0.5144 0.1288 0.1511 0.3426 0.1132 0.3872 0.2099 0.1137 0.5149 0.1450 0.1277 0.4360 0.1139
0.4178 0.1278 0.1453 0.5146 0.1136 0.2105 0.3859 0.1132 0.3434 0.1508 0.1288 0.5144 0.1179 0.1730 0.4683 0.1118 0.2713 0.2397 0.1196 0.4503 0.1256 0.1488 0.5100 0.1131 0.2200 0.3618 0.1141 0.3643 0.1424 0.1323 0.5199 0.1165 0.1823 0.4487 0.1119 0.2911 0.2012 0.1221 0.4763 0.1225 0.1555 0.5000 0.1124 0.2350 0.3244 0.1147 0.4539 0.1100 0.4240 0.1935 0.1152 0.5207 0.1370 0.1352 0.3918 0.1155 0.3249 0.2350 0.1124 0.5000 0.1555 0.1225 0.4765 0.1221 0.2013 0.2911 0.1118 0.4488 0.1823 0.1165 0.5199 0.1323 0.1424 0.3643 0.1141 0.3618 0.2200 0.1131 0.5100 0.1488 0.1256 0.4503 0.1196 0.2397 0.2713 0.1118 0.4683 0.1730 0.1179 0.5144 0.1288 0.1508 0.3434 0.1132 0.3859 0.2105 0.1136 0.5146 0.1453 0.1278 0.4178
0.1324 0.1456 0.5143 0.1136 0.2111 0.3846 0.1133 0.3444 0.1504 0.1289 0.5146 0.1179 0.1730 0.4685 0.1118 0.2708 0.2413 0.1195 0.4492 0.1257 0.1485 0.5104 0.1131 0.2194 0.3632 0.1140 0.3632 0.1427 0.1321 0.5198 0.1165 0.1819 0.4497 0.1118 0.2902 0.2029 0.1219 0.4752 0.1226 0.1552 0.5006 0.1124 0.2342 0.3268 0.1155 0.3866 0.1151 0.3114 0.1123 0.4255 0.1929 0.1152 0.5208 0.1367 0.1355 0.3904 0.1155 0.3268 0.2342 0.1124 0.5006 0.1552 0.1226 0.4752 0.1219 0.2029 0.2902 0.1118 0.4497 0.1819 0.1165 0.5198 0.1321 0.1427 0.3632 0.1140 0.3632 0.2194 0.1131 0.5104 0.1485 0.1257 0.4492 0.1195 0.2413 0.2708 0.1118 0.4685 0.1730 0.1179 0.5146 0.1289 0.1504 0.3444 0.1133 0.3846 0.2111 0.1136 0.5143 0.1456 0.1324
0.1402 0.5140 0.1136 0.2117 0.3832 0.1133 0.3454 0.1499 0.1291 0.5149 0.1178 0.1732 0.4683 0.1118 0.2706 0.2421 0.1194 0.4482 0.1259 0.1482 0.5107 0.1131 0.2188 0.3646 0.1140 0.3621 0.1431 0.1320 0.5196 0.1166 0.1815 0.4506 0.1118 0.2893 0.2044 0.1218 0.4740 0.1228 0.1549 0.5011 0.1124 0.2334 0.3288 0.1154 0.3894 0.1353 0.1514 0.1719 0.3114 0.1122 0.4268 0.1923 0.1153 0.5208 0.1365 0.1358 0.3890 0.1154 0.3288 0.2334 0.1124 0.5011 0.1549 0.1228 0.4740 0.1218 0.2044 0.2893 0.1118 0.4506 0.1815 0.1166 0.5196 0.1320 0.1431 0.3621 0.1140 0.3646 0.2188 0.1131 0.5107 0.1482 0.1259 0.4482 0.1194 0.2421 0.2706 0.1118 0.4683 0.1732 0.1178 0.5149 0.1291 0.1499 0.3454 0.1133 0.3831 0.2118 0.1135 0.5140 0.1402
0.4941 0.1141 0.2124 0.3815 0.1134 0.3465 0.1495 0.1292 0.5153 0.1177 0.1736 0.4677 0.1118 0.2708 0.2421 0.1194 0.4476 0.1260 0.1480 0.5111 0.1132 0.2182 0.3660 0.1139 0.3610 0.1434 0.1318 0.5195 0.1166 0.1811 0.4514 0.1118 0.2885 0.2059 0.1217 0.4730 0.1229 0.1546 0.5016 0.1125 0.2327 0.3307 0.1153 0.3877 0.1361 0.1358 0.5104 0.1248 0.1744 0.3102 0.1122 0.4280 0.1918 0.1153 0.5209 0.1362 0.1361 0.3876 0.1153 0.3307 0.2327 0.1125 0.5016 0.1546 0.1229 0.4730 0.1217 0.2059 0.2885 0.1118 0.4514 0.1811 0.1166 0.5195 0.1318 0.1434 0.3610 0.1139 0.3660 0.2182 0.1132 0.5111 0.1480 0.1260 0.4476 0.1194 0.2421 0.2708 0.1118 0.4677 0.1736 0.1177 0.5153 0.1292 0.1495 0.3465 0.1134 0.3814 0.2125 0.1141 0.4941
0.1143 0.2131 0.3799 0.1134 0.3476 0.1490 0.1294 0.5156 0.1177 0.1740 0.4670 0.1117 0.2713 0.2413 0.1194 0.4476 0.1260 0.1479 0.5113 0.1132 0.2177 0.3674 0.1139 0.3600 0.1438 0.1316 0.5193 0.1167 0.1807 0.4523 0.1118 0.2876 0.2074 0.1216 0.4720 0.1230 0.1543 0.5021 0.1125 0.2320 0.3324 0.1152 0.3863 0.1364 0.1360 0.5210 0.1057 0.4940 0.1244 0.1758 0.3090 0.1122 0.4292 0.1912 0.1154 0.5209 0.1360 0.1364 0.3863 0.1152 0.3324 0.2320 0.1125 0.5021 0.1543 0.1230 0.4720 0.1216 0.2074 0.2876 0.1118 0.4523 0.1807 0.1167 0.5193 0.1316 0.1438 0.3600 0.1139 0.3674 0.2177 0.1132 0.5113 0.1479 0.1260 0.4476 0.1194 0.2413 0.2713 0.1117 0.4670 0.1740 0.1177 0.5156 0.1294 0.1490 0.3476 0.1134 0.3799 0.2131 0.1143
0.2048 0.3782 0.1135 0.3488 0.1485 0.1296 0.5159 0.1176 0.1743 0.4662 0.1117 0.2721 0.2397 0.1195 0.4482 0.1260 0.1479 0.5114 0.1132 0.2172 0.3687 0.1139 0.3589 0.1442 0.1315 0.5191 0.1168 0.1802 0.4532 0.1118 0.2868 0.2089 0.1215 0.4709 0.1231 0.1540 0.5025 0.1125 0.2314 0.3340 0.1152 0.3851 0.1367 0.1358 0.5209 0.1140 0.2191 0.1165 0.4940 0.1242 0.1771 0.3079 0.1121 0.4305 0.1906 0.1155 0.5210 0.1358 0.1367 0.3851 0.1152 0.3340 0.2314 0.1125 0.5025 0.1540 0.1231 0.4709 0.1215 0.2089 0.2868 0.1118 0.4532 0.1802 0.1168 0.5191 0.1315 0.1442 0.3589 0.1139 0.3687 0.2172 0.1132 0.5114 0.1479 0.1260 0.4482 0.1195 0.2397 0.2721 0.1117 0.4662 0.1743 0.1176 0.5160 0.1296 0.1485 0.3488 0.1135 0.3784 0.2048
0.3461 0.1141 0.3501 0.1480 0.1298 0.5163 0.1175 0.1747 0.4654 0.1117 0.2729 0.2381 0.1196 0.4492 0.1259 0.1480 0.5113 0.1132 0.2171 0.3694 0.1138 0.3579 0.1445 0.1313 0.5189 0.1168 0.1798 0.4541 0.1118 0.2860 0.2105 0.1214 0.4699 0.1232 0.1537 0.5030 0.1126 0.2307 0.3355 0.1151 0.3840 0.1370 0.1356 0.5210 0.1156 0.1890 0.3668 0.1616 0.1207 0.4929 0.1241 0.1784 0.3068 0.1121 0.4317 0.1901 0.1155 0.5210 0.1356 0.1370 0.3840 0.1151 0.3355 0.2307 0.1126 0.5030 0.1537 0.1232 0.4699 0.1214 0.2105 0.2860 0.1118 0.4541 0.1798 0.1168 0.5189 0.1313 0.1445 0.3579 0.1138 0.3694 0.2171 0.1132 0.5113 0.1480 0.1259 0.4492 0.1196 0.2381 0.2729 0.1117 0.4654 0.1747 0.1176 0.5163 0.1298 0.1480 0.3501 0.1141 0.3463
0.1103 0.3514 0.1474 0.1299 0.5167 0.1175 0.1752 0.4646 0.1117 0.2737 0.2364 0.1197 0.4503 0.1257 0.1482 0.5111 0.1132 0.2172 0.3694 0.1138 0.3574 0.1448 0.1311 0.5187 0.1169 0.1794 0.4549 0.1118 0.2851 0.2120 0.1213 0.4688 0.1233 0.1534 0.5034 0.1126 0.2301 0.3370 0.1150 0.3828 0.1372 0.1354 0.5210 0.1156 0.1898 0.4360 0.1126 0.4920 0.1607 0.1208 0.4920 0.1240 0.1796 0.3059 0.1121 0.4327 0.1897 0.1156 0.5210 0.1354 0.1372 0.3828 0.1150 0.3370 0.2301 0.1126 0.5034 0.1534 0.1233 0.4688 0.1213 0.2120 0.2851 0.1118 0.4549 0.1794 0.1169 0.5187 0.1311 0.1448 0.3574 0.1138 0.3694 0.2172 0.1132 0.5111 0.1482 0.1257 0.4503 0.1197 0.2364 0.2737 0.1117 0.4646 0.1751 0.1175 0.5167 0.1300 0.1474 0.3514 0.1103
0.3364 0.1472 0.1301 0.5170 0.1174 0.1756 0.4637 0.1117 0.2745 0.2347 0.1198 0.4515 0.1256 0.1485 0.5107 0.1132 0.2177 0.3687 0.1138 0.3574 0.1449 0.1311 0.5186 0.1169 0.1790 0.4558 0.1118 0.2843 0.2136 0.1212 0.4677 0.1235 0.1531 0.5038 0.1126 0.2295 0.3386 0.1150 0.3817 0.1375 0.1352 0.5210 0.1156 0.1892 0.4334 0.1108 0.3579 0.1087 0.4920 0.1603 0.1209 0.4910 0.1238 0.1807 0.3050 0.1121 0.4337 0.1892 0.1156 0.5210 0.1352 0.1375 0.3817 0.1150 0.3386 0.2295 0.1126 0.5038 0.1531 0.1235 0.4677 0.1212 0.2136 0.2843 0.1118 0.4558 0.1790 0.1169 0.5186 0.1311 0.1449 0.3574 0.1138 0.3687 0.2177 0.1132 0.5107 0.1485 0.1256 0.4515 0.1198 0.2347 0.2745 0.1117 0.4638 0.1756 0.1174 0.5170 0.1301 0.1472 0.3364
0.1495 0.1304 0.5174 0.1173 0.1761 0.4627 0.1118 0.2754 0.2330 0.1199 0.4526 0.1254 0.1488 0.5104 0.1131 0.2182 0.3674 0.1139 0.3579 0.1448 0.1311 0.5185 0.1170 0.1787 0.4565 0.1118 0.2834 0.2151 0.1211 0.4667 0.1236 0.1528 0.5043 0.1126 0.2289 0.3401 0.1149 0.3806 0.1378 0.1350 0.5210 0.1157 0.1888 0.4347 0.1121 0.3011 0.1358 0.2440 0.1121 0.4926 0.1600 0.1210 0.4901 0.1237 0.1819 0.3041 0.1120 0.4347 0.1888 0.1157 0.5210 0.1350 0.1378 0.3806 0.1149 0.3401 0.2289 0.1126 0.5043 0.1528 0.1236 0.4667 0.1211 0.2151 0.2834 0.1118 0.4565 0.1787 0.1170 0.5185 0.1311 0.1448 0.3579 0.1139 0.3674 0.2182 0.1131 0.5104 0.1488 0.1254 0.4526 0.1199 0.2330 0.2754 0.1118 0.4628 0.1761 0.1173 0.5174 0.1303 0.1496
0.1252 0.5177 0.1172 0.1766 0.4618 0.1118 0.2764 0.2310 0.1200 0.4537 0.1253 0.1490 0.5100 0.1131 0.2188 0.3660 0.1139 0.3589 0.1445 0.1311 0.5186 0.1170 0.1786 0.4570 0.1118 0.2827 0.2167 0.1210 0.4656 0.1237 0.1525 0.5047 0.1127 0.2282 0.3416 0.1149 0.3795 0.1381 0.1348 0.5209 0.1157 0.1883 0.4357 0.1120 0.3035 0.1864 0.1337 0.3054 0.2438 0.1121 0.4931 0.1597 0.1211 0.4892 0.1236 0.1831 0.3032 0.1120 0.4357 0.1883 0.1157 0.5209 0.1348 0.1381 0.3795 0.1149 0.3416 0.2282 0.1127 0.5047 0.1525 0.1237 0.4656 0.1210 0.2167 0.2827 0.1118 0.4570 0.1786 0.1170 0.5186 0.1311 0.1445 0.3589 0.1139 0.3660 0.2188 0.1131 0.5100 0.1490 0.1253 0.4537 0.1200 0.2312 0.2763 0.1118 0.4618 0.1766 0.1172 0.5177 0.1252
0.4997 0.1176 0.1771 0.4608 0.1118 0.2774 0.2290 0.1201 0.4548 0.1251 0.1493 0.5097 0.1131 0.2194 0.3646 0.1139 0.3600 0.1442 0.1313 0.5187 0.1169 0.1787 0.4570 0.1118 0.2823 0.2179 0.1209 0.4646 0.1238 0.1523 0.5051 0.1127 0.2276 0.3431 0.1148 0.3784 0.1383 0.1346 0.5209 0.1158 0.1879 0.4367 0.1120 0.3023 0.1839 0.1231 0.5184 0.1156 0.3053 0.2430 0.1121 0.4937 0.1594 0.1212 0.4883 0.1235 0.1843 0.3023 0.1120 0.4367 0.1879 0.1158 0.5209 0.1346 0.1383 0.3784 0.1148 0.3431 0.2276 0.1127 0.5051 0.1523 0.1238 0.4646 0.1209 0.2179 0.2823 0.1118 0.4570 0.1787 0.1169 0.5187 0.1313 0.1442 0.3600 0.1139 0.3646 0.2194 0.1131 0.5097 0.1493 0.1251 0.4549 0.1201 0.2292 0.2773 0.1118 0.4608 0.1771 0.1176 0.4997
0.1201 0.1776 0.4597 0.1118 0.2783 0.2270 0.1202 0.4562 0.1250 0.1496 0.5093 0.1130 0.2200 0.3632 0.1140 0.3610 0.1438 0.1315 0.5189 0.1169 0.1790 0.4565 0.1118 0.2823 0.2183 0.1208 0.4638 0.1240 0.1520 0.5055 0.1127 0.2270 0.3446 0.1147 0.3773 0.1386 0.1345 0.5209 0.1158 0.1874 0.4377 0.1120 0.3014 0.1855 0.1234 0.4844 0.1072 0.4028 0.1163 0.3072 0.2423 0.1122 0.4942 0.1591 0.1213 0.4874 0.1234 0.1855 0.3014 0.1120 0.4377 0.1874 0.1158 0.5209 0.1345 0.1386 0.3773 0.1147 0.3446 0.2270 0.1127 0.5055 0.1520 0.1240 0.4638 0.1208 0.2183 0.2823 0.1118 0.4565 0.1790 0.1169 0.5189 0.1315 0.1438 0.3610 0.1140 0.3632 0.2200 0.1130 0.5093 0.1496 0.1250 0.4562 0.1202 0.2272 0.2783 0.1118 0.4597 0.1776 0.1201
0.1709 0.4588 0.1118 0.2794 0.2250 0.1203 0.4575 0.1248 0.1499 0.5090 0.1130 0.2205 0.3618 0.1140 0.3621 0.1434 0.1316 0.5191 0.1168 0.1794 0.4558 0.1118 0.2827 0.2179 0.1208 0.4635 0.1240 0.1518 0.5059 0.1128 0.2264 0.3461 0.1147 0.3762 0.1389 0.1343 0.5209 0.1159 0.1870 0.4386 0.1120 0.3005 0.1867 0.1232 0.4868 0.1202 0.1793 0.1292 0.4033 0.1162 0.3088 0.2416 0.1122 0.4948 0.1587 0.1214 0.4865 0.1232 0.1867 0.3005 0.1120 0.4386 0.1870 0.1159 0.5209 0.1343 0.1389 0.3762 0.1147 0.3461 0.2264 0.1128 0.5059 0.1518 0.1240 0.4635 0.1208 0.2179 0.2827 0.1118 0.4558 0.1794 0.1168 0.5191 0.1316 0.1434 0.3621 0.1140 0.3618 0.2205 0.1130 0.5089 0.1499 0.1248 0.4575 0.1203 0.2251 0.2793 0.1118 0.4588 0.1709
0.4326 0.1124 0.2804 0.2230 0.1205 0.4589 0.1247 0.1502 0.5085 0.1130 0.2212 0.3604 0.1141 0.3632 0.1431 0.1318 0.5193 0.1168 0.1798 0.4549 0.1118 0.2834 0.2167 0.1209 0.4638 0.1240 0.1517 0.5061 0.1128 0.2259 0.3476 0.1146 0.3750 0.1392 0.1341 0.5208 0.1159 0.1866 0.4396 0.1120 0.2996 0.1880 0.1231 0.4856 0.1215 0.1577 0.4593 0.1393 0.1331 0.4020 0.1161 0.3104 0.2410 0.1122 0.4953 0.1584 0.1215 0.4856 0.1231 0.1880 0.2996 0.1120 0.4396 0.1866 0.1159 0.5208 0.1341 0.1392 0.3750 0.1146 0.3476 0.2259 0.1128 0.5061 0.1517 0.1240 0.4638 0.1209 0.2167 0.2834 0.1118 0.4549 0.1798 0.1168 0.5193 0.1318 0.1431 0.3632 0.1141 0.3604 0.2212 0.1130 0.5085 0.1502 0.1247 0.4589 0.1205 0.2231 0.2803 0.1124 0.4327
0.1101 0.2813 0.2211 0.1206 0.4603 0.1245 0.1506 0.5080 0.1129 0.2219 0.3588 0.1141 0.3643 0.1427 0.1320 0.5195 0.1167 0.1802 0.4541 0.1118 0.2843 0.2151 0.1210 0.4646 0.1240 0.1518 0.5061 0.1128 0.2256 0.3486 0.1146 0.3740 0.1395 0.1339 0.5208 0.1160 0.1861 0.4406 0.1119 0.2987 0.1893 0.1230 0.4847 0.1216 0.1582 0.4975 0.1077 0.5202 0.1386 0.1333 0.4009 0.1161 0.3121 0.2403 0.1122 0.4958 0.1581 0.1216 0.4847 0.1230 0.1893 0.2987 0.1119 0.4406 0.1861 0.1160 0.5208 0.1339 0.1395 0.3740 0.1146 0.3486 0.2256 0.1128 0.5061 0.1518 0.1240 0.4646 0.1210 0.2151 0.2843 0.1118 0.4541 0.1802 0.1167 0.5195 0.1320 0.1427 0.3643 0.1141 0.3588 0.2219 0.1129 0.5081 0.1505 0.1245 0.4604 0.1206 0.2211 0.2813 0.1101
0.2697 0.2192 0.1207 0.4617 0.1243 0.1509 0.5075 0.1129 0.2226 0.3571 0.1142 0.3654 0.1424 0.1321 0.5196 0.1166 0.1807 0.4532 0.1118 0.2851 0.2136 0.1211 0.4656 0.1238 0.1520 0.5059 0.1128 0.2256 0.3490 0.1145 0.3731 0.1398 0.1337 0.5207 0.1160 0.1857 0.4415 0.1119 0.2978 0.1906 0.1229 0.4837 0.1217 0.1578 0.4962 0.1108 0.2792 0.1108 0.5201 0.1384 0.1335 0.3997 0.1160 0.3137 0.2396 0.1122 0.4963 0.1578 0.1217 0.4837 0.1229 0.1906 0.2978 0.1119 0.4415 0.1857 0.1160 0.5207 0.1337 0.1398 0.3731 0.1145 0.3490 0.2256 0.1128 0.5059 0.1520 0.1238 0.4656 0.1211 0.2136 0.2851 0.1118 0.4532 0.1807 0.1166 0.5196 0.1321 0.1424 0.3654 0.1142 0.3570 0.2226 0.1129 0.5076 0.1509 0.1243 0.4618 0.1207 0.2192 0.2697
0.1964 0.1211 0.4630 0.1242 0.1512 0.5071 0.1129 0.2233 0.3554 0.1143 0.3666 0.1420 0.1323 0.5198 0.1166 0.1811 0.4523 0.1118 0.2860 0.2120 0.1212 0.4667 0.1237 0.1523 0.5055 0.1128 0.2259 0.3486 0.1145 0.3729 0.1400 0.1336 0.5206 0.1161 0.1853 0.4425 0.1119 0.2970 0.1919 0.1228 0.4828 0.1218 0.1575 0.4969 0.1123 0.2371 0.2220 0.1965 0.1149 0.5203 0.1382 0.1337 0.3986 0.1159 0.3153 0.2390 0.1123 0.4968 0.1575 0.1218 0.4828 0.1228 0.1919 0.2970 0.1119 0.4425 0.1853 0.1161 0.5206 0.1336 0.1400 0.3729 0.1145 0.3486 0.2259 0.1128 0.5055 0.1523 0.1237 0.4667 0.1212 0.2120 0.2860 0.1118 0.4523 0.1811 0.1166 0.5198 0.1323 0.1420 0.3666 0.1143 0.3552 0.2234 0.1129 0.5071 0.1512 0.1242 0.4631 0.1211 0.1964
0.1160 0.4644 0.1240 0.1516 0.5066 0.1128 0.2240 0.3537 0.1143 0.3679 0.1416 0.1325 0.5199 0.1165 0.1815 0.4514 0.1118 0.2868 0.2105 0.1213 0.4677 0.1236 0.1525 0.5051 0.1127 0.2264 0.3476 0.1146 0.3731 0.1400 0.1335 0.5206 0.1161 0.1849 0.4434 0.1119 0.2961 0.1933 0.1227 0.4818 0.1219 0.1572 0.4974 0.1123 0.2385 0.3221 0.1215 0.4206 0.1957 0.1149 0.5203 0.1380 0.1340 0.3974 0.1159 0.3169 0.2383 0.1123 0.4974 0.1572 0.1219 0.4818 0.1227 0.1933 0.2961 0.1119 0.4434 0.1849 0.1161 0.5206 0.1335 0.1400 0.3731 0.1146 0.3476 0.2264 0.1127 0.5051 0.1525 0.1236 0.4677 0.1213 0.2105 0.2868 0.1118 0.4514 0.1815 0.1165 0.5199 0.1325 0.1417 0.3678 0.1143 0.3535 0.2241 0.1128 0.5066 0.1516 0.1240 0.4645 0.1160
0.4457 0.1242 0.1519 0.5061 0.1128 0.2248 0.3518 0.1144 0.3693 0.1412 0.1327 0.5200 0.1165 0.1819 0.4506 0.1118 0.2876 0.2089 0.1214 0.4688 0.1235 0.1528 0.5047 0.1127 0.2270 0.3461 0.1146 0.3740 0.1398 0.1336 0.5206 0.1162 0.1846 0.4441 0.1119 0.2952 0.1946 0.1226 0.4809 0.1220 0.1569 0.4979 0.1123 0.2377 0.3180 0.1150 0.4579 0.1102 0.4202 0.1952 0.1150 0.5204 0.1378 0.1342 0.3963 0.1158 0.3185 0.2377 0.1123 0.4979 0.1569 0.1220 0.4809 0.1226 0.1946 0.2952 0.1119 0.4441 0.1846 0.1162 0.5206 0.1336 0.1398 0.3740 0.1146 0.3461 0.2270 0.1127 0.5047 0.1528 0.1235 0.4688 0.1214 0.2089 0.2876 0.1118 0.4506 0.1819 0.1165 0.5201 0.1327 0.1412 0.3692 0.1144 0.3518 0.2248 0.1128 0.5061 0.1519 0.1242 0.4456
0.1286 0.1522 0.5056 0.1128 0.2255 0.3500 0.1145 0.3706 0.1409 0.1329 0.5202 0.1164 0.1823 0.4497 0.1118 0.2885 0.2074 0.1215 0.4699 0.1233 0.1531 0.5043 0.1127 0.2276 0.3446 0.1147 0.3750 0.1395 0.1337 0.5206 0.1161 0.1846 0.4443 0.1119 0.2946 0.1959 0.1225 0.4799 0.1221 0.1566 0.4984 0.1123 0.2370 0.3201 0.1158 0.3913 0.1145 0.3147 0.1123 0.4214 0.1947 0.1150 0.5205 0.1376 0.1344 0.3951 0.1157 0.3201 0.2370 0.1123 0.4984 0.1566 0.1221 0.4799 0.1225 0.1959 0.2946 0.1119 0.4443 0.1846 0.1161 0.5206 0.1337 0.1395 0.3750 0.1147 0.3446 0.2276 0.1127 0.5043 0.1531 0.1233 0.4699 0.1215 0.2074 0.2885 0.1118 0.4497 0.1823 0.1164 0.5202 0.1329 0.1409 0.3706 0.1145 0.3501 0.2255 0.1128 0.5056 0.1523 0.1286
0.1466 0.5051 0.1127 0.2263 0.3481 0.1145 0.3719 0.1405 0.1331 0.5203 0.1163 0.1828 0.4487 0.1118 0.2893 0.2059 0.1216 0.4709 0.1232 0.1534 0.5038 0.1126 0.2282 0.3431 0.1147 0.3762 0.1392 0.1339 0.5207 0.1161 0.1849 0.4441 0.1119 0.2944 0.1966 0.1224 0.4790 0.1222 0.1563 0.4988 0.1123 0.2364 0.3217 0.1156 0.3944 0.1341 0.1525 0.1682 0.3150 0.1123 0.4225 0.1942 0.1151 0.5206 0.1374 0.1347 0.3940 0.1157 0.3217 0.2364 0.1123 0.4988 0.1563 0.1222 0.4790 0.1224 0.1966 0.2944 0.1119 0.4441 0.1849 0.1161 0.5207 0.1339 0.1392 0.3762 0.1147 0.3431 0.2282 0.1126 0.5038 0.1534 0.1232 0.4709 0.1216 0.2059 0.2893 0.1118 0.4488 0.1828 0.1164 0.5203 0.1331 0.1405 0.3719 0.1145 0.3483 0.2262 0.1127 0.5051 0.1466
0.4840 0.1133 0.2270 0.3463 0.1146 0.3732 0.1401 0.1334 0.5204 0.1163 0.1834 0.4476 0.1119 0.2902 0.2044 0.1217 0.4720 0.1231 0.1537 0.5034 0.1126 0.2289 0.3416 0.1148 0.3773 0.1389 0.1341 0.5208 0.1160 0.1853 0.4434 0.1119 0.2946 0.1966 0.1224 0.4785 0.1223 0.1560 0.4993 0.1124 0.2357 0.3233 0.1156 0.3928 0.1349 0.1368 0.5088 0.1253 0.1705 0.3140 0.1123 0.4236 0.1938 0.1151 0.5207 0.1372 0.1349 0.3928 0.1156 0.3233 0.2357 0.1124 0.4993 0.1560 0.1223 0.4785 0.1224 0.1966 0.2946 0.1119 0.4434 0.1853 0.1160 0.5208 0.1341 0.1389 0.3773 0.1148 0.3416 0.2289 0.1126 0.5034 0.1537 0.1231 0.4720 0.1217 0.2044 0.2902 0.1118 0.4477 0.1833 0.1163 0.5204 0.1334 0.1401 0.3733 0.1146 0.3464 0.2270 0.1133 0.4840
0.1128 0.2278 0.3444 0.1147 0.3744 0.1397 0.1336 0.5205 0.1162 0.1839 0.4465 0.1119 0.2911 0.2029 0.1218 0.4730 0.1230 0.1540 0.5030 0.1126 0.2295 0.3401 0.1149 0.3784 0.1386 0.1343 0.5208 0.1160 0.1857 0.4425 0.1119 0.2952 0.1959 0.1224 0.4785 0.1223 0.1559 0.4997 0.1124 0.2351 0.3249 0.1155 0.3917 0.1352 0.1370 0.5209 0.1057 0.4972 0.1249 0.1715 0.3131 0.1122 0.4246 0.1933 0.1152 0.5207 0.1370 0.1352 0.3917 0.1155 0.3249 0.2351 0.1124 0.4997 0.1559 0.1223 0.4785 0.1224 0.1959 0.2952 0.1119 0.4425 0.1857 0.1160 0.5208 0.1343 0.1386 0.3784 0.1149 0.3401 0.2295 0.1126 0.5030 0.1540 0.1230 0.4730 0.1218 0.2029 0.2911 0.1119 0.4465 0.1839 0.1162 0.5205 0.1336 0.1397 0.3746 0.1147 0.3445 0.2277 0.1128
0.2188 0.3427 0.1147 0.3758 0.1394 0.1338 0.5206 0.1161 0.1844 0.4453 0.1119 0.2922 0.2012 0.1219 0.4740 0.1229 0.1543 0.5025 0.1126 0.2301 0.3386 0.1149 0.3795 0.1383 0.1345 0.5209 0.1159 0.1861 0.4415 0.1119 0.2961 0.1946 0.1225 0.4790 0.1223 0.1559 0.4998 0.1124 0.2346 0.3263 0.1155 0.3906 0.1354 0.1368 0.5208 0.1138 0.2216 0.1161 0.4976 0.1248 0.1724 0.3121 0.1122 0.4257 0.1928 0.1152 0.5208 0.1368 0.1354 0.3906 0.1155 0.3263 0.2346 0.1124 0.4998 0.1559 0.1223 0.4790 0.1225 0.1946 0.2961 0.1119 0.4415 0.1861 0.1159 0.5209 0.1345 0.1383 0.3795 0.1149 0.3386 0.2301 0.1126 0.5025 0.1543 0.1229 0.4740 0.1219 0.2013 0.2921 0.1119 0.4453 0.1844 0.1161 0.5206 0.1338 0.1393 0.3759 0.1148 0.3427 0.2188
0.3093 0.1153 0.3772 0.1390 0.1341 0.5207 0.1161 0.1849 0.4442 0.1119 0.2933 0.1994 0.1221 0.4752 0.1228 0.1546 0.5021 0.1125 0.2307 0.3370 0.1150 0.3806 0.1381 0.1346 0.5209 0.1159 0.1866 0.4406 0.1119 0.2970 0.1933 0.1226 0.4799 0.1222 0.1560 0.4997 0.1124 0.2344 0.3271 0.1154 0.3895 0.1357 0.1366 0.5208 0.1154 0.1912 0.3624 0.1630 0.1203 0.4968 0.1246 0.1734 0.3112 0.1122 0.4267 0.1924 0.1153 0.5208 0.1366 0.1357 0.3895 0.1154 0.3271 0.2344 0.1124 0.4997 0.1560 0.1222 0.4799 0.1226 0.1933 0.2970 0.1119 0.4406 0.1866 0.1159 0.5209 0.1346 0.1381 0.3806 0.1150 0.3370 0.2307 0.1125 0.5021 0.1546 0.1228 0.4752 0.1221 0.1995 0.2932 0.1119 0.4442 0.1849 0.1161 0.5207 0.1340 0.1390 0.3772 0.1153 0.3093
0.1111 0.3786 0.1386 0.1343 0.5208 0.1160 0.1855 0.4431 0.1119 0.2944 0.1976 0.1222 0.4763 0.1226 0.1549 0.5016 0.1125 0.2314 0.3355 0.1150 0.3817 0.1378 0.1348 0.5209 0.1158 0.1870 0.4396 0.1119 0.2978 0.1919 0.1227 0.4809 0.1221 0.1563 0.4993 0.1124 0.2346 0.3271 0.1154 0.3890 0.1359 0.1364 0.5209 0.1153 0.1920 0.4319 0.1148 0.4587 0.1642 0.1203 0.4960 0.1245 0.1744 0.3103 0.1122 0.4278 0.1919 0.1153 0.5209 0.1364 0.1359 0.3890 0.1154 0.3271 0.2346 0.1124 0.4993 0.1563 0.1221 0.4809 0.1227 0.1919 0.2978 0.1119 0.4396 0.1870 0.1158 0.5209 0.1348 0.1378 0.3817 0.1150 0.3355 0.2314 0.1125 0.5016 0.1549 0.1226 0.4765 0.1222 0.1977 0.2943 0.1119 0.4431 0.1855 0.1160 0.5208 0.1343 0.1386 0.3786 0.1111
0.3625 0.1386 0.1345 0.5209 0.1159 0.1860 0.4419 0.1119 0.2955 0.1959 0.1223 0.4775 0.1225 0.1552 0.5011 0.1125 0.2320 0.3340 0.1151 0.3828 0.1375 0.1350 0.5209 0.1158 0.1874 0.4386 0.1120 0.2987 0.1906 0.1228 0.4818 0.1220 0.1566 0.4988 0.1124 0.2351 0.3263 0.1154 0.3890 0.1359 0.1363 0.5209 0.1154 0.1914 0.4295 0.1099 0.5174 0.1393 0.4322 0.1641 0.1205 0.4952 0.1244 0.1755 0.3094 0.1122 0.4288 0.1914 0.1154 0.5209 0.1363 0.1359 0.3890 0.1154 0.3263 0.2351 0.1124 0.4988 0.1566 0.1220 0.4818 0.1228 0.1906 0.2987 0.1120 0.4386 0.1874 0.1158 0.5209 0.1350 0.1375 0.3828 0.1151 0.3340 0.2320 0.1125 0.5011 0.1552 0.1225 0.4777 0.1223 0.1960 0.2954 0.1119 0.4419 0.1860 0.1159 0.5209 0.1345 0.1386 0.3625
0.1425 0.1348 0.5209 0.1159 0.1866 0.4407 0.1119 0.2965 0.1943 0.1225 0.4787 0.1224 0.1555 0.5006 0.1124 0.2327 0.3324 0.1152 0.3840 0.1372 0.1352 0.5210 0.1157 0.1879 0.4377 0.1120 0.2996 0.1893 0.1229 0.4828 0.1219 0.1569 0.4984 0.1123 0.2357 0.3249 0.1155 0.3895 0.1359 0.1363 0.5209 0.1154 0.1911 0.4298 0.1116 0.3188 0.1466 0.3024 0.1448 0.4549 0.1612 0.1207 0.4944 0.1243 0.1766 0.3086 0.1121 0.4299 0.1911 0.1154 0.5209 0.1363 0.1359 0.3895 0.1155 0.3249 0.2357 0.1123 0.4984 0.1569 0.1219 0.4828 0.1229 0.1893 0.2996 0.1120 0.4377 0.1879 0.1157 0.5210 0.1352 0.1372 0.3840 0.1152 0.3324 0.2327 0.1124 0.5006 0.1555 0.1224 0.4788 0.1225 0.1943 0.2965 0.1119 0.4408 0.1865 0.1159 0.5209 0.1348 0.1425
0.1296 0.5209 0.1158 0.1871 0.4395 0.1120 0.2975 0.1927 0.1226 0.4800 0.1222 0.1559 0.5000 0.1124 0.2334 0.3307 0.1152 0.3851 0.1370 0.1354 0.5210 0.1157 0.1883 0.4367 0.1120 0.3005 0.1880 0.1230 0.4837 0.1218 0.1572 0.4979 0.1123 0.2364 0.3233 0.1155 0.3906 0.1357 0.1364 0.5209 0.1154 0.1910 0.4304 0.1097 0.3179 0.1639 0.1282 0.2660 0.3538 0.1202 0.4852 0.1607 0.1187 0.4951 0.1248 0.1786 0.3083 0.1097 0.4322 0.1910 0.1154 0.5209 0.1364 0.1357 0.3906 0.1155 0.3233 0.2364 0.1123 0.4979 0.1572 0.1218 0.4837 0.1230 0.1880 0.3005 0.1120 0.4367 0.1883 0.1157 0.5210 0.1354 0.1370 0.3851 0.1152 0.3307 0.2334 0.1124 0.5000 0.1559 0.1222 0.4800 0.1226 0.1926 0.2976 0.1120 0.4396 0.1871 0.1158 0.5209 0.1296
0.5028 0.1162 0.1877 0.4383 0.1120 0.2985 0.1911 0.1227 0.4812 0.1221 0.1563 0.4994 0.1124 0.2342 0.3288 0.1153 0.3863 0.1367 0.1356 0.5210 0.1156 0.1888 0.4357 0.1120 0.3014 0.1867 0.1231 0.4847 0.1217 0.1575 0.4974 0.1123 0.2370 0.3217 0.1156 0.3917 0.1354 0.1366 0.5209 0.1154 0.1911 0.4304 0.1080 0.4371 0.1236 0.1590 0.4115 0.1637 0.1597 0.4553 0.1135 0.3853 0.1887 0.1158 0.5130 0.1348 0.1252 0.4766 0.1138 0.4334 0.1911 0.1154 0.5209 0.1366 0.1354 0.3917 0.1156 0.3217 0.2370 0.1123 0.4974 0.1575 0.1217 0.4847 0.1231 0.1867 0.3014 0.1120 0.4357 0.1888 0.1156 0.5210 0.1356 0.1367 0.3863 0.1153 0.3288 0.2342 0.1124 0.4994 0.1563 0.1221 0.4812 0.1227 0.1909 0.2987 0.1120 0.4384 0.1876 0.1163 0.5028
0.1179 0.1882 0.4371 0.1120 0.2996 0.1896 0.1229 0.4824 0.1219 0.1567 0.4988 0.1124 0.2350 0.3268 0.1154 0.3877 0.1364 0.1358 0.5210 0.1156 0.1892 0.4347 0.1120 0.3023 0.1855 0.1232 0.4856 0.1216 0.1578 0.4968 0.1123 0.2377 0.3201 0.1157 0.3928 0.1352 0.1368 0.5208 0.1153 0.1914 0.4298 0.1099 0.4412 0.3313 0.2111 0.4534 0.2329 0.3397 0.5457 0.1891 0.4448 0.1429 0.4681 0.1935 0.1686 0.2707 0.3684 0.4510 0.3331 0.1149 0.4314 0.1914 0.1153 0.5208 0.1368 0.1352 0.3928 0.1157 0.3201 0.2377 0.1123 0.4968 0.1578 0.1216 0.4856 0.1232 0.1855 0.3023 0.1120 0.4347 0.1892 0.1156 0.5210 0.1358 0.1364 0.3876 0.1154 0.3268 0.2350 0.1124 0.4988 0.1567 0.1219 0.4824 0.1229 0.1894 0.2997 0.1120 0.4371 0.1882 0.1179
0.1811 0.4359 0.1120 0.3007 0.1880 0.1230 0.4836 0.1218 0.1571 0.4981 0.1123 0.2358 0.3248 0.1155 0.3890 0.1361 0.1360 0.5210 0.1155 0.1897 0.4337 0.1120 0.3032 0.1843 0.1234 0.4865 0.1215 0.1581 0.4963 0.1123 0.2383 0.3185 0.1157 0.3940 0.1349 0.1370 0.5208 0.1153 0.1919 0.4288 0.1122 0.3066 0.1353 0.2876 0.5100 0.2933 0.1540 0.1858 0.3866 0.5190 0.0811 0.2437 0.2790 0.2365 0.4767 0.0878 0.4253 0.1496 0.3748 0.3497 0.1111 0.4287 0.1919 0.1153 0.5208 0.1370 0.1349 0.3940 0.1157 0.3185 0.2383 0.1123 0.4963 0.1581 0.1215 0.4865 0.1234 0.1843 0.3032 0.1120 0.4337 0.1897 0.1155 0.5210 0.1360 0.1361 0.3890 0.1155 0.3249 0.2358 0.1123 0.4981 0.1571 0.1218 0.4836 0.1230 0.1879 0.3007 0.1120 0.4359 0.1811
0.4078 0.1127 0.3018 0.1864 0.1232 0.4848 0.1217 0.1574 0.4975 0.1123 0.2367 0.3228 0.1155 0.3903 0.1358 0.1362 0.5209 0.1155 0.1902 0.4327 0.1121 0.3041 0.1831 0.1235 0.4874 0.1214 0.1584 0.4958 0.1122 0.2390 0.3169 0.1158 0.3951 0.1347 0.1372 0.5207 0.1152 0.1924 0.4278 0.1122 0.3085 0.1789 0.1349 0.5303 0.2053 0.2605 0.1739 0.2311 0.2196 0.4678 0.1173 0.4794 0.4734 0.0567 0.0599 0.3914 0.1852 0.3571 0.4716 0.1254 0.3068 0.1122 0.4277 0.1924 0.1152 0.5207 0.1372 0.1347 0.3951 0.1158 0.3169 0.2390 0.1122 0.4958 0.1584 0.1214 0.4874 0.1235 0.1831 0.3041 0.1121 0.4327 0.1901 0.1155 0.5209 0.1362 0.1358 0.3904 0.1155 0.3230 0.2366 0.1123 0.4975 0.1574 0.1217 0.4848 0.1232 0.1864 0.3018 0.1127 0.4078
0.1098 0.3029 0.1848 0.1233 0.4860 0.1216 0.1578 0.4969 0.1123 0.2375 0.3209 0.1156 0.3916 0.1355 0.1365 0.5209 0.1154 0.1907 0.4317 0.1121 0.3050 0.1819 0.1236 0.4883 0.1213 0.1587 0.4953 0.1122 0.2396 0.3153 0.1159 0.3963 0.1344 0.1374 0.5207 0.1152 0.1928 0.4267 0.1122 0.3094 0.1764 0.1240 0.5200 0.0749 0.5045 0.3996 0.1791 0.3304 0.3557 0.3059 0.1758 0.5350 0.1909 0.1572 0.2669 0.3421 0.3291 0.0701 0.3239 0.1320 0.1785 0.3092 0.1122 0.4267 0.1928 0.1152 0.5207 0.1374 0.1344 0.3963 0.1159 0.3153 0.2396 0.1122 0.4953 0.1587 0.1213 0.4883 0.1236 0.1819 0.3050 0.1121 0.4317 0.1906 0.1154 0.5209 0.1365 0.1355 0.3918 0.1156 0.3210 0.2374 0.1123 0.4969 0.1578 0.1216 0.4859 0.1233 0.1848 0.3029 0.1098
0.2902 0.1834 0.1235 0.4871 0.1214 0.1582 0.4963 0.1122 0.2383 0.3189 0.1157 0.3930 0.1352 0.1368 0.5208 0.1153 0.1912 0.4306 0.1121 0.3059 0.1808 0.1237 0.4892 0.1212 0.1590 0.4948 0.1122 0.2403 0.3137 0.1159 0.3974 0.1342 0.1376 0.5206 0.1151 0.1933 0.4257 0.1122 0.3103 0.1755 0.1243 0.4913 0.1194 0.1507 0.2246 0.3418 0.1580 0.2859 0.2095 0.4337 0.1889 0.0904 0.2479 0.4977 0.0800 0.4695 0.1081 0.3890 0.0699 0.5211 0.1267 0.1763 0.3104 0.1122 0.4257 0.1933 0.1151 0.5206 0.1376 0.1342 0.3974 0.1159 0.3137 0.2403 0.1122 0.4948 0.1591 0.1212 0.4892 0.1237 0.1807 0.3059 0.1121 0.4305 0.1912 0.1153 0.5208 0.1367 0.1352 0.3932 0.1157 0.3190 0.2382 0.1123 0.4963 0.1582 0.1214 0.4871 0.1235 0.1835 0.2902
0.1729 0.1237 0.4884 0.1214 0.1587 0.4955 0.1123 0.2393 0.3164 0.1158 0.3947 0.1349 0.1371 0.5208 0.1154 0.1919 0.4290 0.1122 0.3071 0.1793 0.1239 0.4904 0.1211 0.1594 0.4940 0.1123 0.2412 0.3115 0.1161 0.3990 0.1340 0.1379 0.5205 0.1152 0.1939 0.4243 0.1123 0.3115 0.1741 0.1245 0.4947 0.1201 0.1712 0.2967 0.4419 0.4617 0.3933 0.3307 0.1198 0.1292 0.1508 0.3357 0.3548 0.2143 0.3529 0.1599 0.5525 0.2528 0.1217 0.1188 0.4836 0.1266 0.1745 0.3113 0.1122 0.4246 0.1938 0.1151 0.5205 0.1378 0.1340 0.3986 0.1160 0.3121 0.2410 0.1122 0.4942 0.1594 0.1211 0.4901 0.1238 0.1796 0.3068 0.1121 0.4292 0.1918 0.1153 0.5208 0.1370 0.1349 0.3945 0.1158 0.3170 0.2391 0.1122 0.4956 0.1586 0.1213 0.4882 0.1236 0.1730
0.1186 0.4871 0.1188 0.1585 0.4968 0.1098 0.2380 0.3204 0.1149 0.3918 0.1330 0.1370 0.5209 0.1127 0.1913 0.4316 0.1103 0.3047 0.1810 0.1237 0.4879 0.1186 0.1591 0.4956 0.1098 0.2398 0.3159 0.1151 0.3957 0.1321 0.1377 0.5207 0.1125 0.1932 0.4272 0.1105 0.3089 0.1755 0.1243 0.4922 0.1183 0.1605 0.4266 0.4148 0.3217 0.4758 0.0653 0.0939 0.1435 0.2792 0.3457 0.1457 0.3796 0.2176 0.5352 0.4821 0.1625 0.4593 0.2714 0.1215 0.2867 0.4848 0.1254 0.1734 0.3121 0.1122 0.4236 0.1942 0.1150 0.5204 0.1380 0.1337 0.3997 0.1161 0.3104 0.2416 0.1122 0.4937 0.1597 0.1210 0.4910 0.1240 0.1784 0.3079 0.1122 0.4280 0.1923 0.1152 0.5207 0.1373 0.1346 0.3958 0.1159 0.3151 0.2398 0.1122 0.4950 0.1590 0.1212 0.4894 0.1185
0.5014 0.1061 0.1950 0.4255 0.1094 0.3094 0.1702 0.1262 0.4921 0.1102 0.1620 0.4934 0.1061 0.2424 0.3087 0.1160 0.3996 0.1235 0.1410 0.5206 0.1057 0.1951 0.4240 0.1095 0.3116 0.1672 0.1266 0.4947 0.1099 0.1631 0.4914 0.1062 0.2450 0.3020 0.1164 0.4047 0.1224 0.1420 0.5201 0.1056 0.1970 0.4167 0.1181 0.3144 0.2515 0.2785 0.0548 0.5857 0.2605 0.3773 0.4926 0.1065 0.1546 0.3029 0.1517 0.2347 0.5189 0.3254 0.3610 0.3156 0.1135 0.1360 0.4966 0.1246 0.1724 0.3131 0.1123 0.4225 0.1947 0.1150 0.5203 0.1382 0.1335 0.4009 0.1161 0.3088 0.2423 0.1121 0.4931 0.1600 0.1209 0.4920 0.1241 0.1771 0.3090 0.1122 0.4268 0.1929 0.1152 0.5206 0.1375 0.1343 0.3973 0.1159 0.3132 0.2406 0.1122 0.4943 0.1594 0.1215 0.4705
0.1186 0.4871 0.1188 0.1585 0.4969 0.1098 0.2379 0.3206 0.1149 0.3919 0.1330 0.1369 0.5209 0.1127 0.1913 0.4317 0.1103 0.3046 0.1811 0.1237 0.4879 0.1186 0.1591 0.4956 0.1098 0.2398 0.3159 0.1151 0.3955 0.1322 0.1377 0.5207 0.1125 0.1932 0.4272 0.1105 0.3088 0.1757 0.1243 0.4922 0.1180 0.1658 0.4102 0.0806 0.3289 0.1544 0.2695 0.0953 0.1558 0.4245 0.1543 0.0878 0.5019 0.2649 0.0721 0.3013 0.1293 0.1808 0.4642 0.1087 0.5060 0.1598 0.1205 0.4967 0.1248 0.1715 0.3140 0.1123 0.4214 0.1952 0.1149 0.5203 0.1384 0.1333 0.4020 0.1162 0.3072 0.2430 0.1121 0.4926 0.1603 0.1208 0.4929 0.1242 0.1758 0.3102 0.1122 0.4255 0.1935 0.1151 0.5205 0.1378 0.1340 0.3988 0.1160 0.3112 0.2414 0.1122 0.4936 0.1598 0.1253
0.1731 0.1237 0.4884 0.1214 0.1586 0.4956 0.1123 0.2391 0.3167 0.1158 0.3949 0.1349 0.1370 0.5208 0.1154 0.1919 0.4290 0.1122 0.3070 0.1794 0.1239 0.4904 0.1211 0.1594 0.4941 0.1123 0.2412 0.3115 0.1161 0.3988 0.1340 0.1378 0.5205 0.1151 0.1939 0.4243 0.1123 0.3114 0.1743 0.1245 0.4933 0.1136 0.2366 0.4947 0.1778 0.2427 0.3867 0.4961 0.0873 0.2113 0.4571 0.3405 0.1795 0.1943 0.5182 0.3409 0.1165 0.2493 0.4778 0.2465 0.1101 0.4894 0.1621 0.1203 0.4975 0.1249 0.1705 0.3150 0.1123 0.4202 0.1957 0.1149 0.5201 0.1386 0.1331 0.4033 0.1163 0.3053 0.2438 0.1121 0.4920 0.1607 0.1207 0.4940 0.1244 0.1744 0.3114 0.1123 0.4240 0.1941 0.1151 0.5204 0.1380 0.1337 0.4004 0.1161 0.3091 0.2423 0.1122 0.4931 0.1538
0.2901 0.1837 0.1234 0.4870 0.1214 0.1582 0.4964 0.1123 0.2382 0.3192 0.1157 0.3931 0.1352 0.1367 0.5209 0.1153 0.1911 0.4306 0.1121 0.3057 0.1809 0.1237 0.4892 0.1212 0.1590 0.4949 0.1122 0.2403 0.3137 0.1159 0.3972 0.1342 0.1376 0.5206 0.1151 0.1933 0.4257 0.1122 0.3101 0.1756 0.1242 0.5010 0.1088 0.1807 0.4103 0.1584 0.4397 0.3802 0.4636 0.1124 0.0975 0.2098 0.1049 0.4976 0.1624 0.5091 0.3691 0.4406 0.3456 0.1424 0.2424 0.1088 0.4896 0.1630 0.1160 0.4972 0.1253 0.1682 0.3146 0.1102 0.4206 0.1965 0.1108 0.5202 0.1393 0.1292 0.4028 0.1156 0.3054 0.2440 0.1087 0.4920 0.1616 0.1165 0.4940 0.1248 0.1719 0.3114 0.1100 0.4240 0.1950 0.1109 0.5205 0.1388 0.1298 0.4004 0.1155 0.3081 0.2433 0.1092 0.4687
0.1098 0.3028 0.1850 0.1233 0.4858 0.1216 0.1578 0.4970 0.1123 0.2374 0.3211 0.1156 0.3917 0.1355 0.1365 0.5209 0.1154 0.1906 0.4317 0.1121 0.3048 0.1821 0.1236 0.4883 0.1213 0.1587 0.4954 0.1122 0.2396 0.3153 0.1159 0.3961 0.1345 0.1374 0.5207 0.1152 0.1928 0.4267 0.1122 0.3092 0.1767 0.1244 0.5211 0.1173 0.1507 0.0610 0.2140 0.1014 0.4483 0.3794 0.0920 0.2479 0.3168 0.1174 0.1824 0.1352 0.2399 0.1321 0.4828 0.1708 0.1319 0.3622 0.1130 0.3603 0.2216 0.1057 0.5089 0.1524 0.1145 0.4578 0.1215 0.2220 0.2792 0.1077 0.4593 0.1792 0.1072 0.5184 0.1337 0.1359 0.3577 0.1126 0.3668 0.2191 0.1057 0.5103 0.1514 0.1151 0.4538 0.1211 0.2277 0.2767 0.1076 0.4617 0.1782 0.1074 0.5179 0.1334 0.1361 0.3594 0.1096
0.4078 0.1127 0.3018 0.1864 0.1231 0.4846 0.1217 0.1574 0.4976 0.1123 0.2365 0.3231 0.1155 0.3903 0.1358 0.1362 0.5209 0.1155 0.1901 0.4327 0.1121 0.3039 0.1833 0.1235 0.4874 0.1214 0.1584 0.4959 0.1122 0.2390 0.3169 0.1158 0.3949 0.1347 0.1372 0.5207 0.1152 0.1924 0.4278 0.1122 0.3083 0.1780 0.1280 0.3078 0.1167 0.2339 0.1243 0.1014 0.1904 0.1273 0.5370 0.1400 0.1894 0.1198 0.1221 0.2187 0.4412 0.3787 0.1804 0.1395 0.3060 0.1109 0.4311 0.1912 0.1138 0.5209 0.1367 0.1342 0.3911 0.1150 0.3221 0.2371 0.1108 0.4976 0.1577 0.1202 0.4844 0.1231 0.1866 0.3010 0.1108 0.4360 0.1890 0.1140 0.5210 0.1358 0.1353 0.3864 0.1147 0.3284 0.2347 0.1109 0.4993 0.1567 0.1205 0.4815 0.1228 0.1898 0.2990 0.1113 0.4102
