-0.6546 -23.9527 -43.5697 24.0536 -28.8848 -48.6416 3.6355 -34.3122 -29.1974 -21.2379 -40.8063 15.1576 -26.6409 -47.1115 31.1347 -32.0890 -46.2503 -16.7455 -38.2260 5.3137 -24.6095 -44.4998 27.0580 -29.6769 -48.7591 -5.9103 -35.4001 -17.9031 -22.3037 -41.7188 18.1062 -27.3735 -47.8268 26.8544 -32.8694 -43.0529 -18.5275 -39.0667 9.0642 -25.2687 -45.4211 29.7468 -30.4718 -48.6834 -11.1612 -36.5147 7.2591 -34.5162 17.0069 -48.3727 -28.1240 21.0658 -42.6463 -23.2257 -6.9530 -36.4829 -11.1611 -48.6811 -30.4797 29.7352 -45.4206 -25.2676 9.0472 -39.0665 -18.5346 -43.0287 -32.8791 26.8955 -47.8273 -27.3720 18.0915 -41.7185 -22.3063 -17.8343 -35.4067 -5.8722 -48.7605 -29.6750 27.0437 -44.4997 -24.6090 5.3377 -38.2304 -16.7362 -46.2526 -32.0868 31.1456 -47.1117 -26.6400 15.1744 -40.8111 -21.2347 -29.2011 -34.3107 3.6355 -48.6416 -28.8848 24.0536 -43.5697 -23.9527 -0.6546
-23.9527 -43.4038 23.7760 -29.6775 -48.8811 17.3606 -33.5364 -27.1458 -22.5931 -40.3314 14.9893 -27.8298 -47.2129 34.6500 -32.1603 -45.6907 -16.5290 -37.4333 5.6709 -26.1734 -44.3873 26.8996 -30.3098 -48.7687 2.2280 -34.2438 -15.7209 -23.8951 -41.3392 17.8292 -28.4328 -47.9873 34.0059 -32.7023 -42.1009 -19.0297 -38.3808 9.1777 -26.7058 -45.3905 30.0808 -30.9409 -48.5704 -7.6152 -35.4512 -6.5085 -29.1964 -35.8990 -33.1898 28.8691 -48.5766 -29.0527 20.7322 -42.3645 -24.9360 -5.4974 -35.4584 -7.6665 -48.5671 -30.9495 30.0717 -45.3899 -26.7058 9.1686 -38.3808 -19.0424 -42.0696 -32.7138 34.0146 -47.9871 -28.4333 17.8211 -41.3392 -23.9006 -15.6429 -34.2536 2.2697 -48.7702 -30.3109 26.8905 -44.3874 -26.1736 5.6969 -37.4370 -16.5206 -45.6929 -32.1623 34.6478 -47.2133 -27.8295 15.0081 -40.3348 -22.5897 -27.1458 -33.5364 17.3606 -48.8811 -29.6775 23.7760 -43.4038 -23.9527
-43.5697 23.7760 -29.7918 -48.8768 17.9927 -33.9650 -27.5972 -22.5295 -40.2854 14.8591 -27.8541 -47.1718 34.6185 -32.4017 -45.8229 -16.3833 -37.3903 5.4921 -26.1397 -44.3368 26.7335 -30.4350 -48.7890 2.9549 -34.2182 -16.2540 -23.8403 -41.2885 17.6801 -28.4777 -47.9529 34.1555 -33.0001 -42.3113 -18.9298 -38.3328 9.0102 -26.6898 -45.3416 29.9304 -31.1041 -48.5922 -7.2633 -35.4015 -5.8358 -24.9360 -43.7049 -21.2148 -36.4440 -33.5328 29.2954 -48.5535 -29.1209 20.5929 -42.3141 -24.8852 -5.9161 -35.4008 -7.3083 -48.5906 -31.1071 29.9296 -45.3415 -26.6898 9.0102 -38.3328 -18.9425 -42.2959 -33.0043 34.1557 -47.9529 -28.4781 17.6801 -41.2884 -23.8455 -16.2145 -34.2235 2.9577 -48.7890 -30.4361 26.7335 -44.3368 -26.1397 5.5053 -37.3906 -16.3825 -45.8230 -32.4036 34.6185 -47.1718 -27.8537 14.8684 -40.2854 -22.5295 -27.5972 -33.9650 17.9927 -48.8768 -29.7918 23.7760 -43.5697
24.0536 -29.6775 -48.8768 18.2520 -33.9638 -27.9157 -22.4751 -40.2423 14.7358 -27.8285 -47.1346 34.5693 -32.3744 -45.9512 -16.2344 -37.3461 5.3088 -26.1131 -44.2864 26.5713 -30.4044 -48.8064 3.6455 -34.2173 -16.7975 -23.7839 -41.2379 17.5359 -28.4481 -47.9178 34.2635 -32.9776 -42.5200 -18.8249 -38.2850 8.8468 -26.6631 -45.2926 29.7747 -31.0753 -48.6129 -6.9169 -35.3433 -6.3576 -24.8429 -42.1018 27.3490 -39.1887 -20.8443 -36.8116 -33.5056 29.6754 -48.5290 -29.0882 20.4455 -42.2632 -24.8411 -6.3556 -35.3427 -6.9384 -48.6130 -31.0734 29.7745 -45.2926 -26.6631 8.8467 -38.2847 -18.8310 -42.5208 -32.9753 34.2627 -47.9177 -28.4481 17.5359 -41.2376 -23.7865 -16.7995 -34.2146 3.6442 -48.8063 -30.4044 26.5712 -44.2861 -26.1133 5.3080 -37.3436 -16.2342 -45.9511 -32.3742 34.5693 -47.1345 -27.8284 14.7358 -40.2423 -22.4751 -27.9157 -33.9638 18.2520 -48.8768 -29.6775 24.0536
-28.8848 -48.8811 17.9927 -33.9638 -28.0256 -22.4457 -40.2126 14.6332 -27.8045 -47.1001 34.5225 -32.3443 -46.0675 -16.0848 -37.2996 5.1196 -26.0882 -44.2365 26.4119 -30.3723 -48.8210 4.3387 -34.2100 -17.3485 -23.7271 -41.1874 17.3945 -28.4175 -47.8841 34.3587 -32.9508 -42.7257 -18.7190 -38.2373 8.6851 -26.6357 -45.2463 29.6209 -31.0436 -48.6324 -6.5607 -35.2848 -6.7938 -24.7945 -42.2230 19.9027 -32.9210 11.6662 -39.2155 -20.7516 -37.1845 -33.4800 30.0405 -48.5040 -29.0559 20.3002 -42.2152 -24.7953 -6.7995 -35.2853 -6.5589 -48.6336 -31.0401 29.6206 -45.2463 -26.6356 8.6840 -38.2379 -18.7190 -42.7389 -32.9466 34.3579 -47.8842 -28.4174 17.3936 -41.1880 -23.7278 -17.3842 -34.2056 4.3376 -48.8210 -30.3721 26.4108 -44.2366 -26.0885 5.1075 -37.2973 -16.0854 -46.0680 -32.3443 34.5225 -47.1001 -27.8045 14.6332 -40.2126 -22.4457 -28.0256 -33.9638 17.9927 -48.8811 -28.8848
-48.6416 17.3606 -33.9650 -27.9157 -22.4457 -40.2026 14.5771 -27.7864 -47.0692 34.4745 -32.3168 -46.1744 -15.9504 -37.2562 4.9288 -26.0655 -44.1919 26.2632 -30.3389 -48.8354 5.0141 -34.1968 -17.9309 -23.6694 -41.1367 17.2531 -28.3861 -47.8482 34.4401 -32.9197 -42.9372 -18.6109 -38.1895 8.5219 -26.6079 -45.1971 29.4733 -31.0090 -48.6513 -6.1900 -35.2261 -7.2481 -24.7487 -42.1610 20.1830 -29.3758 -48.8019 -28.1218 11.6491 -39.1650 -20.6555 -37.5224 -33.4578 30.3922 -48.4784 -29.0228 20.1619 -42.1639 -24.7477 -7.2424 -35.2298 -6.1644 -48.6525 -31.0053 29.4733 -45.1968 -26.6065 8.5240 -38.1935 -18.6050 -42.9516 -32.9153 34.4393 -47.8480 -28.3845 17.2548 -41.1410 -23.6683 -17.9711 -34.1922 5.0123 -48.8353 -30.3370 26.2623 -44.1922 -26.0654 4.9177 -37.2562 -15.9503 -46.1744 -32.3168 34.4745 -47.0692 -27.7864 14.5771 -40.2026 -22.4457 -27.9157 -33.9650 17.3606 -48.6416
3.6355 -33.5364 -27.5972 -22.4751 -40.2126 14.5771 -27.7803 -47.0522 34.4368 -32.2925 -46.2685 -15.8246 -37.2186 4.7518 -26.0441 -44.1509 26.1330 -30.3062 -48.8484 5.7485 -34.1868 -18.5184 -23.6093 -41.0872 17.1113 -28.3546 -47.8119 34.5172 -32.8906 -43.1447 -18.4962 -38.1428 8.3568 -26.5800 -45.1479 29.3167 -30.9756 -48.6686 -5.7865 -35.1680 -7.7110 -24.7014 -42.1133 20.0065 -28.9778 -48.0227 5.1028 -45.4187 -27.1469 11.4866 -39.1139 -20.5646 -37.8366 -33.4370 30.7280 -48.4519 -28.9909 20.0148 -42.1099 -24.7008 -7.6717 -35.1749 -5.7567 -48.6699 -30.9723 29.3158 -45.1446 -26.5784 8.3708 -38.1491 -18.4894 -43.1599 -32.8867 34.5174 -47.8094 -28.3519 17.1232 -41.0940 -23.6079 -18.5623 -34.1840 5.7433 -48.8482 -30.3047 26.1330 -44.1509 -26.0439 4.7518 -37.2186 -15.8246 -46.2685 -32.2925 34.4368 -47.0522 -27.7803 14.5771 -40.2126 -22.4751 -27.5972 -33.5364 3.6355
-34.3122 -27.1458 -22.5295 -40.2423 14.6332 -27.7864 -47.0522 34.4236 -32.2799 -46.3362 -15.7114 -37.1822 4.5865 -26.0229 -44.1105 26.0056 -30.2776 -48.8582 6.4435 -34.1817 -19.0772 -23.5489 -41.0401 16.9720 -28.3221 -47.7747 34.5848 -32.8614 -43.3468 -18.3794 -38.0984 8.1941 -26.5513 -45.0980 29.1595 -30.9423 -48.6844 -5.3668 -35.1117 -8.1732 -24.6526 -42.0619 19.8696 -28.9622 -48.4496 32.0225 -35.2677 32.1488 -46.0771 -27.1221 11.3324 -39.0649 -20.4771 -38.1440 -33.4155 31.0491 -48.4255 -28.9608 19.8599 -42.0591 -24.6550 -8.1097 -35.1191 -5.3337 -48.6853 -30.9419 29.1491 -45.0953 -26.5509 8.2163 -38.1042 -18.3715 -43.3592 -32.8617 34.5897 -47.7727 -28.3204 16.9908 -41.0463 -23.5486 -19.1137 -34.1815 6.4438 -48.8581 -30.2776 26.0056 -44.1105 -26.0229 4.5865 -37.1822 -15.7114 -46.3362 -32.2799 34.4236 -47.0522 -27.7864 14.6332 -40.2423 -22.5295 -27.1458 -34.3107
-29.1974 -22.5931 -40.2854 14.7358 -27.8045 -47.0692 34.4368 -32.2799 -46.3590 -15.6480 -37.1551 4.4360 -26.0024 -44.0700 25.8785 -30.2509 -48.8664 7.0550 -34.1756 -19.5905 -23.4940 -40.9956 16.8482 -28.2928 -47.7376 34.6437 -32.8319 -43.5438 -18.2610 -38.0542 8.0383 -26.5232 -45.0462 29.0004 -30.9087 -48.6986 -4.9333 -35.0561 -8.6205 -24.6042 -42.0085 19.7226 -28.9291 -48.3978 31.2575 -33.8503 -17.8582 -32.9307 32.0291 -46.0239 -27.0945 11.1838 -39.0161 -20.3890 -38.4487 -33.3917 31.3481 -48.3995 -28.9297 19.7145 -42.0085 -24.6084 -8.5615 -35.0607 -4.9052 -48.6987 -30.9100 28.9917 -45.0462 -26.5233 8.0587 -38.0569 -18.2540 -43.5448 -32.8341 34.6472 -47.7376 -28.2920 16.8592 -40.9984 -23.4935 -19.5905 -34.1755 7.0550 -48.8664 -30.2509 25.8785 -44.0700 -26.0024 4.4360 -37.1551 -15.6480 -46.3590 -32.2799 34.4368 -47.0692 -27.8045 14.7358 -40.2854 -22.5897 -29.2011
-21.2379 -40.3314 14.8591 -27.8285 -47.1001 34.4745 -32.2925 -46.3362 -15.6480 -37.1459 4.3518 -25.9872 -44.0335 25.7536 -30.2243 -48.8737 7.6631 -34.1664 -20.0603 -23.4429 -40.9548 16.7339 -28.2678 -47.7048 34.6906 -32.8080 -43.7260 -18.1421 -38.0099 7.8803 -26.4958 -44.9964 28.8346 -30.8769 -48.7113 -4.4852 -35.0002 -9.0761 -24.5570 -41.9573 19.5700 -28.8978 -48.3715 31.6232 -33.3370 -39.5761 -25.1020 -48.1704 -31.5338 31.8838 -45.9799 -27.0661 11.0348 -38.9679 -20.2989 -38.7641 -33.3636 31.6196 -48.3715 -28.8978 19.5700 -41.9573 -24.5608 -9.0481 -35.0011 -4.4828 -48.7113 -30.8769 28.8346 -44.9963 -26.4957 7.8897 -38.0095 -18.1412 -43.7270 -32.8082 34.6906 -47.7048 -28.2674 16.7355 -40.9548 -23.4429 -20.0603 -34.1664 7.6631 -48.8737 -30.2243 25.7536 -44.0335 -25.9872 4.3518 -37.1459 -15.6480 -46.3362 -32.2925 34.4745 -47.1001 -27.8284 14.8684 -40.3348 -21.2347
-40.8063 14.9893 -27.8541 -47.1346 34.5225 -32.3168 -46.2685 -15.7114 -37.1551 4.3518 -25.9820 -44.0133 25.6606 -30.1993 -48.8790 8.2769 -34.1569 -20.5286 -23.3920 -40.9146 16.6214 -28.2429 -47.6745 34.7247 -32.7859 -43.8893 -18.0340 -37.9654 7.7215 -26.4706 -44.9495 28.6771 -30.8453 -48.7223 -4.0200 -34.9437 -9.5399 -24.5092 -41.9065 19.4241 -28.8672 -48.3433 31.8946 -33.3432 -38.9870 -20.0218 -39.8169 -10.7053 -48.1634 -31.5106 31.7524 -45.9322 -27.0360 10.8870 -38.9194 -20.2032 -39.0707 -33.3375 31.8935 -48.3433 -28.8672 19.4241 -41.9062 -24.5111 -9.5416 -34.9410 -4.0207 -48.7223 -30.8453 28.6770 -44.9492 -26.4705 7.7216 -37.9644 -18.0332 -43.8894 -32.7859 34.7247 -47.6745 -28.2429 16.6214 -40.9146 -23.3920 -20.5286 -34.1569 8.2769 -48.8790 -30.1993 25.6606 -44.0133 -25.9820 4.3518 -37.1551 -15.7114 -46.2685 -32.3168 34.5225 -47.1345 -27.8537 15.0081 -40.8111
15.1576 -27.8298 -47.1718 34.5693 -32.3443 -46.1744 -15.8246 -37.1822 4.4360 -25.9872 -44.0133 25.6289 -30.1860 -48.8822 8.8334 -34.1442 -20.9957 -23.3407 -40.8744 16.5090 -28.2180 -47.6440 34.7527 -32.7621 -44.0359 -17.9331 -37.9239 7.5710 -26.4482 -44.9065 28.5369 -30.8119 -48.7315 -3.5481 -34.8843 -10.0197 -24.4607 -41.8557 19.2795 -28.8361 -48.3157 32.1506 -33.3156 -39.3559 -20.1290 -38.7476 16.9003 -36.0342 -10.8110 -48.2144 -31.4767 31.6102 -45.8817 -27.0067 10.7376 -38.8716 -20.1072 -39.3722 -33.3113 32.1496 -48.3157 -28.8360 19.2785 -41.8563 -24.4615 -10.0475 -34.8804 -3.5491 -48.7315 -30.8121 28.5365 -44.9062 -26.4482 7.5710 -37.9234 -17.9331 -44.0359 -32.7621 34.7527 -47.6440 -28.2180 16.5090 -40.8744 -23.3407 -20.9957 -34.1442 8.8334 -48.8822 -30.1860 25.6289 -44.0133 -25.9872 4.4360 -37.1822 -15.8246 -46.1744 -32.3443 34.5693 -47.1718 -27.8295 15.1744
-26.6409 -47.2129 34.6185 -32.3744 -46.0675 -15.9504 -37.2186 4.5865 -26.0024 -44.0335 25.6606 -30.1860 -48.8835 9.1440 -34.1338 -21.4152 -23.2898 -40.8342 16.3967 -28.1931 -47.6134 34.7752 -32.7382 -44.1790 -17.8334 -37.8856 7.4311 -26.4263 -44.8664 28.4077 -30.7809 -48.7394 -3.0877 -34.8247 -10.5346 -24.4124 -41.8075 19.1366 -28.8041 -48.2861 32.3818 -33.2867 -39.6471 -20.0139 -38.8318 10.1732 -31.4131 -2.3462 -35.9702 -10.5144 -48.2575 -31.4472 31.4584 -45.8341 -26.9782 10.5891 -38.8264 -20.0097 -39.6671 -33.2822 32.3806 -48.2859 -28.8024 19.1368 -41.8090 -24.4112 -10.5597 -34.8228 -3.0856 -48.7394 -30.7809 28.4075 -44.8664 -26.4263 7.4311 -37.8856 -17.8334 -44.1790 -32.7382 34.7752 -47.6134 -28.1931 16.3967 -40.8342 -23.2898 -21.4152 -34.1338 9.1440 -48.8835 -30.1860 25.6606 -44.0335 -26.0024 4.5865 -37.2186 -15.9503 -46.0680 -32.3742 34.6185 -47.2133 -26.6400
-47.1115 34.6500 -32.4017 -45.9512 -16.0848 -37.2562 4.7518 -26.0229 -44.0700 25.7536 -30.1993 -48.8822 9.1440 -34.1312 -21.6474 -23.2516 -40.7980 16.2862 -28.1683 -47.5825 34.7926 -32.7142 -44.3191 -17.7327 -37.8479 7.2920 -26.4045 -44.8266 28.2803 -30.7537 -48.7455 -2.6383 -34.7712 -11.0231 -24.3653 -41.7635 19.0092 -28.7716 -48.2559 32.6138 -33.2600 -39.9353 -19.9162 -38.7747 10.4687 -27.1584 -47.1489 -25.8407 -2.3271 -35.9171 -10.2446 -48.2968 -31.4156 31.3138 -45.7866 -26.9494 10.4482 -38.7814 -19.9110 -39.9565 -33.2560 32.6148 -48.2532 -28.7701 19.0101 -41.7641 -24.3636 -11.0226 -34.7707 -2.6383 -48.7455 -30.7537 28.2803 -44.8266 -26.4045 7.2920 -37.8479 -17.7327 -44.3191 -32.7142 34.7926 -47.5825 -28.1683 16.2862 -40.7980 -23.2516 -21.6474 -34.1312 9.1440 -48.8822 -30.1993 25.7536 -44.0700 -26.0229 4.7518 -37.2562 -16.0854 -45.9511 -32.4036 34.6478 -47.1117
31.1347 -32.1603 -45.8229 -16.2344 -37.2996 4.9288 -26.0441 -44.1105 25.8785 -30.2243 -48.8790 8.8334 -34.1338 -21.6474 -23.2386 -40.7780 16.2038 -28.1456 -47.5515 34.8050 -32.6902 -44.4561 -17.6308 -37.8102 7.1517 -26.3827 -44.7867 28.1530 -30.7270 -48.7502 -2.2150 -34.7217 -11.4526 -24.3207 -41.7228 18.8924 -28.7422 -48.2265 32.8306 -33.2352 -40.2167 -19.8166 -38.7299 10.2856 -26.9138 -45.4954 35.6376 -42.4708 -25.2295 -2.7119 -35.8633 -9.9795 -48.3366 -31.3827 31.1687 -45.7383 -26.9207 10.3069 -38.7359 -19.8103 -40.2342 -33.2333 32.8362 -48.2242 -28.7421 18.8924 -41.7228 -24.3207 -11.4526 -34.7217 -2.2150 -48.7502 -30.7270 28.1530 -44.7867 -26.3827 7.1517 -37.8102 -17.6308 -44.4561 -32.6902 34.8050 -47.5515 -28.1456 16.2038 -40.7780 -23.2386 -21.6474 -34.1338 8.8334 -48.8790 -30.2243 25.8785 -44.1105 -26.0439 4.9177 -37.2973 -16.2342 -45.8230 -32.1623 31.1456
-32.0890 -45.6907 -16.3833 -37.3461 5.1196 -26.0655 -44.1509 26.0056 -30.2509 -48.8737 8.2769 -34.1442 -21.4152 -23.2516 -40.7780 16.1758 -28.1332 -47.5281 34.8117 -32.6646 -44.5901 -17.5278 -37.7725 7.0104 -26.3609 -44.7469 28.0256 -30.7003 -48.7540 -1.7870 -34.6724 -11.8812 -24.2782 -41.6822 18.7775 -28.7163 -48.1994 33.0136 -33.2135 -40.4752 -19.7206 -38.6846 10.1441 -26.8937 -45.7049 30.6440 -34.4066 21.5508 -42.6894 -25.1899 -3.0623 -35.8120 -9.6888 -48.3742 -31.3514 31.0205 -45.6898 -26.8930 10.1628 -38.6874 -19.7149 -40.4757 -33.2133 33.0162 -48.1994 -28.7163 18.7775 -41.6822 -24.2782 -11.8812 -34.6724 -1.7870 -48.7540 -30.7003 28.0256 -44.7469 -26.3609 7.0104 -37.7725 -17.5278 -44.5901 -32.6646 34.8117 -47.5281 -28.1332 16.1758 -40.7780 -23.2516 -21.4152 -34.1442 8.2769 -48.8737 -30.2509 26.0056 -44.1509 -26.0654 5.1075 -37.3436 -16.3825 -45.6929 -32.0868
-46.2503 -16.5290 -37.3903 5.3088 -26.0882 -44.1919 26.1330 -30.2776 -48.8664 7.6631 -34.1569 -20.9957 -23.2898 -40.7980 16.2038 -28.1332 -47.5203 34.8139 -32.6449 -44.7082 -17.4252 -37.7349 6.8678 -26.3393 -44.7069 27.8980 -30.6736 -48.7569 -1.3480 -34.6229 -12.3147 -24.2351 -41.6417 18.6627 -28.6909 -48.1741 33.1720 -33.1935 -40.6954 -19.6313 -38.6423 10.0085 -26.8683 -45.6439 30.9091 -31.7873 -44.4170 -30.5851 21.5377 -42.6325 -25.1506 -3.4025 -35.7604 -9.3920 -48.4080 -31.3185 30.8792 -45.6448 -26.8682 10.0171 -38.6423 -19.6313 -40.6957 -33.1935 33.1720 -48.1741 -28.6909 18.6627 -41.6417 -24.2351 -12.3147 -34.6229 -1.3480 -48.7569 -30.6736 27.8980 -44.7069 -26.3393 6.8678 -37.7349 -17.4252 -44.7082 -32.6449 34.8139 -47.5203 -28.1332 16.2038 -40.7980 -23.2898 -20.9957 -34.1569 7.6631 -48.8664 -30.2776 26.1330 -44.1922 -26.0885 5.3080 -37.3906 -16.5206 -46.2526
-16.7455 -37.4333 5.4921 -26.1131 -44.2365 26.2632 -30.3062 -48.8582 7.0550 -34.1664 -20.5286 -23.3407 -40.8342 16.2862 -28.1456 -47.5281 34.8139 -32.6389 -44.7728 -17.3480 -37.7011 6.7264 -26.3176 -44.6670 27.7704 -30.6469 -48.7590 -0.8978 -34.5733 -12.7527 -24.1916 -41.6011 18.5482 -28.6654 -48.1485 33.3195 -33.1715 -40.9067 -19.5486 -38.6033 9.8837 -26.8454 -45.6057 30.7477 -31.2675 -48.5238 -18.0687 -48.3213 -29.2894 21.3725 -42.5816 -25.1119 -3.7568 -35.7060 -9.1041 -48.4401 -31.2888 30.7496 -45.6057 -26.8454 9.8837 -38.6033 -19.5486 -40.9067 -33.1715 33.3195 -48.1485 -28.6654 18.5482 -41.6011 -24.1916 -12.7527 -34.5733 -0.8978 -48.7590 -30.6469 27.7704 -44.6670 -26.3176 6.7264 -37.7011 -17.3480 -44.7728 -32.6389 34.8139 -47.5281 -28.1456 16.2862 -40.8342 -23.3407 -20.5286 -34.1664 7.0550 -48.8581 -30.3047 26.2623 -44.2366 -26.1133 5.5053 -37.4370 -16.7362
-38.2260 5.6709 -26.1397 -44.2864 26.4119 -30.3389 -48.8484 6.4435 -34.1756 -20.0603 -23.3920 -40.8744 16.3967 -28.1683 -47.5515 34.8117 -32.6449 -44.7728 -17.3215 -37.6824 6.6200 -26.2982 -44.6275 27.6428 -30.6202 -48.7602 -0.4363 -34.5234 -13.1951 -24.1477 -41.5606 18.4338 -28.6401 -48.1226 33.4591 -33.1495 -41.1137 -19.4652 -38.5649 9.7599 -26.8228 -45.5670 30.6293 -31.2656 -48.4598 -7.8664 -36.8953 28.5681 -48.6656 -29.2623 21.2254 -42.5335 -25.0737 -4.1176 -35.6545 -8.8272 -48.4682 -31.2630 30.6293 -45.5670 -26.8228 9.7599 -38.5649 -19.4652 -41.1137 -33.1495 33.4591 -48.1226 -28.6401 18.4338 -41.5606 -24.1477 -13.1951 -34.5234 -0.4363 -48.7602 -30.6202 27.6428 -44.6275 -26.2982 6.6200 -37.6824 -17.3215 -44.7728 -32.6449 34.8117 -47.5515 -28.1683 16.3967 -40.8744 -23.3920 -20.0603 -34.1755 6.4438 -48.8482 -30.3370 26.4108 -44.2861 -26.1397 5.6969 -38.2304
5.3137 -26.1734 -44.3368 26.5713 -30.3723 -48.8354 5.7485 -34.1817 -19.5905 -23.4429 -40.9146 16.5090 -28.1931 -47.5825 34.8050 -32.6646 -44.7082 -17.3480 -37.6824 6.5837 -26.2874 -44.5980 27.5277 -30.5928 -48.7606 0.0365 -34.4734 -13.6416 -24.1034 -41.5201 18.3195 -28.6147 -48.0964 33.5907 -33.1273 -41.3167 -19.3811 -38.5265 9.6356 -26.8002 -45.5283 30.5084 -31.2364 -48.4931 -8.6555 -35.5600 6.7514 -34.3619 27.8475 -48.6282 -29.2290 21.0948 -42.4892 -25.0381 -4.4556 -35.6092 -8.5651 -48.4927 -31.2364 30.5084 -45.5283 -26.8002 9.6356 -38.5265 -19.3811 -41.3167 -33.1273 33.5907 -48.0964 -28.6147 18.3195 -41.5201 -24.1034 -13.6416 -34.4734 0.0365 -48.7606 -30.5928 27.5277 -44.5980 -26.2874 6.5837 -37.6824 -17.3480 -44.7082 -32.6646 34.8050 -47.5825 -28.1931 16.5090 -40.9146 -23.4429 -19.5905 -34.1815 5.7433 -48.8353 -30.3721 26.5712 -44.3368 -26.1736 5.3377
-24.6095 -44.3873 26.7335 -30.4044 -48.8210 5.0141 -34.1868 -19.0772 -23.4940 -40.9548 16.6214 -28.2180 -47.6134 34.7926 -32.6902 -44.5901 -17.4252 -37.7011 6.6200 -26.2874 -44.5880 27.4639 -30.5721 -48.7603 0.5125 -34.4232 -14.0918 -24.0585 -41.4796 18.2054 -28.5894 -48.0698 33.7147 -33.1051 -41.5156 -19.2961 -38.4881 9.5107 -26.7776 -45.4894 30.3869 -31.2098 -48.5160 -8.2960 -35.5595 -5.8748 -29.1826 -35.8888 -33.5891 28.3171 -48.6076 -29.2009 20.9741 -42.4484 -25.0039 -4.7732 -35.5642 -8.3008 -48.5160 -31.2098 30.3869 -45.4894 -26.7776 9.5107 -38.4881 -19.2961 -41.5156 -33.1051 33.7147 -48.0698 -28.5894 18.2054 -41.4796 -24.0585 -14.0918 -34.4232 0.5125 -48.7603 -30.5721 27.4639 -44.5880 -26.2874 6.6200 -37.7011 -17.4252 -44.5901 -32.6902 34.7926 -47.6134 -28.2180 16.6214 -40.9548 -23.4935 -19.1137 -34.1840 5.0123 -48.8210 -30.4044 26.7335 -44.3874 -24.6090
-44.4998 26.8996 -30.4350 -48.8064 4.3387 -34.1968 -18.5184 -23.5489 -40.9956 16.7339 -28.2429 -47.6440 34.7752 -32.7142 -44.4561 -17.5278 -37.7349 6.7264 -26.2982 -44.5980 27.4639 -30.5654 -48.7598 0.8747 -34.3776 -14.5382 -24.0133 -41.4391 18.0915 -28.5640 -48.0430 33.8311 -33.0827 -41.7107 -19.2104 -38.4498 9.3851 -26.7551 -45.4505 30.2649 -31.1832 -48.5381 -8.0302 -35.5201 -4.9879 -25.0144 -43.7234 -21.2925 -35.8395 -33.5790 28.6853 -48.5899 -29.1749 20.8556 -42.4076 -24.9695 -5.0968 -35.5189 -8.0302 -48.5381 -31.1832 30.2649 -45.4505 -26.7551 9.3851 -38.4498 -19.2104 -41.7107 -33.0827 33.8311 -48.0430 -28.5640 18.0915 -41.4391 -24.0133 -14.5382 -34.3776 0.8747 -48.7598 -30.5654 27.4639 -44.5980 -26.2982 6.7264 -37.7349 -17.5278 -44.4561 -32.7142 34.7752 -47.6440 -28.2429 16.7355 -40.9984 -23.5486 -18.5623 -34.1922 4.3376 -48.8063 -30.4361 26.8905 -44.4997
27.0580 -30.3098 -48.7890 3.6455 -34.2100 -17.9309 -23.6093 -41.0401 16.8482 -28.2678 -47.6745 34.7527 -32.7382 -44.3191 -17.6308 -37.7725 6.8678 -26.3176 -44.6275 27.5277 -30.5721 -48.7598 0.9995 -34.3524 -14.8732 -23.9722 -41.3993 17.9777 -28.5388 -48.0159 33.9402 -33.0602 -41.9019 -19.1238 -38.4115 9.2589 -26.7326 -45.4115 30.1423 -31.1565 -48.5590 -7.7530 -35.4734 -5.4318 -24.9395 -42.2057 27.5454 -39.2473 -20.9987 -36.1859 -33.5610 29.0137 -48.5714 -29.1490 20.7373 -42.3669 -24.9347 -5.4263 -35.4734 -7.7530 -48.5590 -31.1565 30.1423 -45.4115 -26.7326 9.2589 -38.4115 -19.1238 -41.9019 -33.0602 33.9402 -48.0159 -28.5388 17.9777 -41.3993 -23.9722 -14.8732 -34.3524 0.9995 -48.7598 -30.5721 27.5277 -44.6275 -26.3176 6.8678 -37.7725 -17.6308 -44.3191 -32.7382 34.7527 -47.6745 -28.2674 16.8592 -41.0463 -23.6079 -17.9711 -34.2056 3.6442 -48.7890 -30.3109 27.0437
-29.6769 -48.7687 2.9549 -34.2173 -17.3485 -23.6694 -41.0872 16.9720 -28.2928 -47.7048 34.7247 -32.7621 -44.1790 -17.7327 -37.8102 7.0104 -26.3393 -44.6670 27.6428 -30.5928 -48.7603 0.8747 -34.3524 -14.9876 -23.9493 -41.3696 17.8753 -28.5134 -47.9885 34.0420 -33.0375 -42.0893 -19.0365 -38.3732 9.1319 -26.7102 -45.3725 30.0192 -31.1299 -48.5788 -7.4690 -35.4276 -5.7618 -24.8994 -42.3403 20.2320 -32.9580 11.8806 -39.3035 -20.9191 -36.4788 -33.5417 29.3312 -48.5524 -29.1231 20.6193 -42.3261 -24.8993 -5.7618 -35.4276 -7.4690 -48.5788 -31.1299 30.0192 -45.3725 -26.7102 9.1319 -38.3732 -19.0365 -42.0893 -33.0375 34.0420 -47.9885 -28.5134 17.8753 -41.3696 -23.9493 -14.9876 -34.3524 0.8747 -48.7603 -30.5928 27.6428 -44.6670 -26.3393 7.0104 -37.8102 -17.7327 -44.1790 -32.7621 34.7247 -47.7048 -28.2920 16.9908 -41.0940 -23.6683 -17.3842 -34.2146 2.9577 -48.7702 -29.6750
-48.7591 2.2280 -34.2182 -16.7975 -23.7271 -41.1367 17.1113 -28.3221 -47.7376 34.6906 -32.7859 -44.0359 -17.8334 -37.8479 7.1517 -26.3609 -44.7069 27.7704 -30.6202 -48.7606 0.5125 -34.3776 -14.8732 -23.9493 -41.3595 17.8185 -28.4944 -47.9631 34.1352 -33.0148 -42.2729 -18.9482 -38.3350 9.0043 -26.6878 -45.3334 29.8957 -31.1032 -48.5974 -7.1780 -35.3816 -6.1035 -24.8635 -42.2847 20.5406 -29.4490 -48.7866 -28.1825 11.9222 -39.2621 -20.8476 -36.7666 -33.5222 29.6379 -48.5330 -29.0972 20.5014 -42.2854 -24.8635 -6.1035 -35.3816 -7.1780 -48.5974 -31.1032 29.8957 -45.3334 -26.6878 9.0043 -38.3350 -18.9482 -42.2729 -33.0148 34.1352 -47.9631 -28.4944 17.8185 -41.3595 -23.9493 -14.8732 -34.3776 0.5125 -48.7606 -30.6202 27.7704 -44.7069 -26.3609 7.1517 -37.8479 -17.8334 -44.0359 -32.7859 34.6906 -47.7376 -28.3204 17.1232 -41.1410 -23.7278 -16.7995 -34.2235 2.2697 -48.7605
-5.9103 -34.2438 -16.2540 -23.7839 -41.1874 17.2531 -28.3546 -47.7747 34.6437 -32.8080 -43.8893 -17.9331 -37.8856 7.2920 -26.3827 -44.7469 27.8980 -30.6469 -48.7602 0.0365 -34.4232 -14.5382 -23.9722 -41.3696 17.8185 -28.4881 -47.9492 34.2002 -32.9922 -42.4500 -18.8591 -38.2968 8.8759 -26.6655 -45.2942 29.7717 -31.0766 -48.6150 -6.8796 -35.3354 -6.4513 -24.8273 -42.2447 20.3819 -29.0573 -48.0777 3.5972 -45.4847 -27.2042 11.7969 -39.2230 -20.7756 -37.0495 -33.5026 29.9340 -48.5131 -29.0713 20.3838 -42.2447 -24.8273 -6.4513 -35.3354 -6.8796 -48.6150 -31.0766 29.7717 -45.2942 -26.6655 8.8759 -38.2968 -18.8591 -42.4500 -32.9922 34.2002 -47.9492 -28.4881 17.8185 -41.3696 -23.9722 -14.5382 -34.4232 0.0365 -48.7602 -30.6469 27.8980 -44.7469 -26.3827 7.2920 -37.8856 -17.9331 -43.8894 -32.8082 34.6472 -47.7727 -28.3519 17.2548 -41.1880 -23.7865 -16.2145 -34.2536 -5.8722
-35.4001 -15.7209 -23.8403 -41.2379 17.3945 -28.3861 -47.8119 34.5848 -32.8319 -43.7260 -18.0340 -37.9239 7.4311 -26.4045 -44.7867 28.0256 -30.6736 -48.7590 -0.4363 -34.4734 -14.0918 -24.0133 -41.3993 17.8753 -28.4944 -47.9492 34.2216 -32.9808 -42.5798 -18.7781 -38.2593 8.7468 -26.6432 -45.2550 29.6473 -31.0499 -48.6315 -6.5736 -35.2889 -6.8053 -24.7905 -42.2039 20.2664 -29.0473 -48.5174 31.3060 -35.2811 32.4289 -46.1756 -27.1857 11.6804 -39.1840 -20.7030 -37.3275 -33.4828 30.2195 -48.4929 -29.0455 20.2664 -42.2039 -24.7905 -6.8053 -35.2889 -6.5736 -48.6315 -31.0499 29.6473 -45.2550 -26.6432 8.7468 -38.2593 -18.7781 -42.5798 -32.9808 34.2216 -47.9492 -28.4944 17.8753 -41.3993 -24.0133 -14.0918 -34.4734 -0.4363 -48.7590 -30.6736 28.0256 -44.7867 -26.4045 7.4311 -37.9234 -18.0332 -43.7270 -32.8341 34.5897 -47.8094 -28.3845 17.3936 -41.2376 -23.8455 -15.6429 -35.4067
-17.9031 -23.8951 -41.2885 17.5359 -28.4175 -47.8482 34.5172 -32.8614 -43.5438 -18.1421 -37.9654 7.5710 -26.4263 -44.8266 28.1530 -30.7003 -48.7569 -0.8978 -34.5234 -13.6416 -24.0585 -41.4391 17.9777 -28.5134 -47.9631 34.2002 -32.9808 -42.6235 -18.7328 -38.2314 8.6298 -26.6213 -45.2157 29.5225 -31.0232 -48.6469 -6.2599 -35.2421 -7.1654 -24.7533 -42.1632 20.1492 -29.0197 -48.4703 30.3924 -33.9142 -16.4089 -33.0114 32.3318 -46.1323 -27.1626 11.5635 -39.1451 -20.6298 -37.6006 -33.4628 30.4947 -48.4722 -29.0197 20.1492 -42.1632 -24.7533 -7.1654 -35.2421 -6.2599 -48.6469 -31.0232 29.5225 -45.2157 -26.6213 8.6298 -38.2314 -18.7328 -42.6235 -32.9808 34.2002 -47.9631 -28.5134 17.9777 -41.4391 -24.0585 -13.6416 -34.5234 -0.8978 -48.7569 -30.7003 28.1530 -44.8266 -26.4263 7.5710 -37.9644 -18.1412 -43.5448 -32.8617 34.5174 -47.8480 -28.4174 17.5359 -41.2884 -23.9006 -17.8343
-22.3037 -41.3392 17.6801 -28.4481 -47.8841 34.4401 -32.8906 -43.3468 -18.2610 -38.0099 7.7215 -26.4482 -44.8664 28.2803 -30.7270 -48.7540 -1.3480 -34.5733 -13.1951 -24.1034 -41.4796 18.0915 -28.5388 -47.9885 34.1352 -32.9922 -42.5798 -18.7328 -38.2219 8.5646 -26.6049 -45.1802 29.3993 -30.9966 -48.6612 -5.9380 -35.1952 -7.5318 -24.7156 -42.1225 20.0322 -28.9939 -48.4512 30.7651 -33.4159 -38.7287 -25.3051 -48.0478 -31.6225 32.2185 -46.0951 -27.1394 11.4462 -39.1062 -20.5560 -37.8689 -33.4427 30.7596 -48.4512 -28.9939 20.0322 -42.1225 -24.7156 -7.5318 -35.1952 -5.9380 -48.6612 -30.9966 29.3993 -45.1802 -26.6049 8.5646 -38.2219 -18.7328 -42.5798 -32.9922 34.1352 -47.9885 -28.5388 18.0915 -41.4796 -24.1034 -13.1951 -34.5733 -1.3480 -48.7540 -30.7270 28.2803 -44.8664 -26.4482 7.7216 -38.0095 -18.2540 -43.3592 -32.8867 34.4393 -47.8842 -28.4481 17.6801 -41.3392 -22.3063
-41.7188 17.8292 -28.4777 -47.9178 34.3587 -32.9197 -43.1447 -18.3794 -38.0542 7.8803 -26.4706 -44.9065 28.4077 -30.7537 -48.7502 -1.7870 -34.6229 -12.7527 -24.1477 -41.5201 18.2054 -28.5640 -48.0159 34.0420 -33.0148 -42.4500 -18.7781 -38.2314 8.5646 -26.5994 -45.1605 29.3073 -30.9713 -48.6743 -5.6078 -35.1480 -7.9043 -24.6775 -42.0818 19.9154 -28.9681 -48.4297 31.0145 -33.4254 -38.0448 -20.3134 -39.9734 -11.3928 -48.0324 -31.6040 32.1107 -46.0575 -27.1163 11.3286 -39.0673 -20.4815 -38.1324 -33.4224 31.0145 -48.4297 -28.9681 19.9154 -42.0818 -24.6775 -7.9043 -35.1480 -5.6078 -48.6743 -30.9713 29.3073 -45.1605 -26.5994 8.5646 -38.2314 -18.7781 -42.4500 -33.0148 34.0420 -48.0159 -28.5640 18.2054 -41.5201 -24.1477 -12.7527 -34.6229 -1.7870 -48.7502 -30.7537 28.4075 -44.9062 -26.4705 7.8897 -38.0569 -18.3715 -43.1599 -32.9153 34.3579 -47.9177 -28.4781 17.8211 -41.7185
18.1062 -28.4328 -47.9529 34.2635 -32.9508 -42.9372 -18.4962 -38.0984 8.0383 -26.4958 -44.9495 28.5369 -30.7809 -48.7455 -2.2150 -34.6724 -12.3147 -24.1916 -41.5606 18.3195 -28.5894 -48.0430 33.9402 -33.0375 -42.2729 -18.8591 -38.2593 8.6298 -26.6049 -45.1605 29.2759 -30.9580 -48.6834 -5.3033 -35.1012 -8.2830 -24.6389 -42.0411 19.7988 -28.9424 -48.4079 31.2594 -33.4019 -38.3955 -20.4276 -38.9069 17.3145 -36.1578 -11.5084 -48.0804 -31.5761 32.0010 -46.0198 -27.0931 11.2106 -39.0284 -20.4064 -38.3912 -33.4019 31.2594 -48.4079 -28.9424 19.7988 -42.0411 -24.6389 -8.2830 -35.1012 -5.3033 -48.6834 -30.9580 29.2759 -45.1605 -26.6049 8.6298 -38.2593 -18.8591 -42.2729 -33.0375 33.9402 -48.0430 -28.5894 18.3195 -41.5606 -24.1916 -12.3147 -34.6724 -2.2150 -48.7455 -30.7809 28.5365 -44.9492 -26.4957 8.0587 -38.1042 -18.4894 -42.9516 -32.9466 34.2627 -47.9529 -28.4333 18.0915
-27.3735 -47.9873 34.1555 -32.9776 -42.7257 -18.6109 -38.1428 8.1941 -26.5232 -44.9964 28.6771 -30.8119 -48.7394 -2.6383 -34.7217 -11.8812 -24.2351 -41.6011 18.4338 -28.6147 -48.0698 33.8311 -33.0602 -42.0893 -18.9482 -38.2968 8.7468 -26.6213 -45.1802 29.3073 -30.9580 -48.6864 -5.1310 -35.0661 -8.6293 -24.6005 -42.0004 19.6825 -28.9167 -48.3857 31.4945 -33.3813 -38.6454 -20.3298 -39.0015 10.6953 -31.4870 -1.4461 -36.1187 -11.2788 -48.1207 -31.5498 31.8901 -45.9820 -27.0701 11.0923 -38.9896 -20.3307 -38.6454 -33.3813 31.4945 -48.3857 -28.9167 19.6825 -42.0004 -24.6005 -8.6293 -35.0661 -5.1310 -48.6864 -30.9580 29.3073 -45.1802 -26.6213 8.7468 -38.2968 -18.9482 -42.0893 -33.0602 33.8311 -48.0698 -28.6147 18.4338 -41.6011 -24.2351 -11.8812 -34.7217 -2.6383 -48.7394 -30.8121 28.6770 -44.9963 -26.5233 8.2163 -38.1491 -18.6050 -42.7389 -32.9753 34.1557 -47.9871 -27.3720
-47.8268 34.0059 -33.0001 -42.5200 -18.7190 -38.1895 8.3568 -26.5513 -45.0462 28.8346 -30.8453 -48.7315 -3.0877 -34.7712 -11.4526 -24.2782 -41.6417 18.5482 -28.6401 -48.0964 33.7147 -33.0827 -41.9019 -19.0365 -38.3350 8.8759 -26.6432 -45.2157 29.3993 -30.9713 -48.6834 -5.1310 -35.0542 -8.8236 -24.5716 -41.9638 19.5681 -28.8910 -48.3631 31.7201 -33.3606 -38.8949 -20.2543 -38.9503 11.0132 -27.2620 -47.2812 -25.9625 -1.3473 -36.0790 -11.0750 -48.1595 -31.5234 31.7782 -45.9441 -27.0470 10.9735 -38.9508 -20.2543 -38.8949 -33.3606 31.7201 -48.3631 -28.8910 19.5681 -41.9638 -24.5716 -8.8236 -35.0542 -5.1310 -48.6834 -30.9713 29.3993 -45.2157 -26.6432 8.8759 -38.3350 -19.0365 -41.9019 -33.0827 33.7147 -48.0964 -28.6401 18.5482 -41.6417 -24.2782 -11.4526 -34.7707 -3.0856 -48.7315 -30.8453 28.8346 -45.0462 -26.5509 8.3708 -38.1935 -18.7190 -42.5208 -33.0043 34.0146 -47.8273
26.8544 -32.7023 -42.3113 -18.8249 -38.2373 8.5219 -26.5800 -45.0980 29.0004 -30.8769 -48.7223 -3.5481 -34.8247 -11.0231 -24.3207 -41.6822 18.6627 -28.6654 -48.1226 33.5907 -33.1051 -41.7107 -19.1238 -38.3732 9.0043 -26.6655 -45.2550 29.5225 -30.9966 -48.6743 -5.3033 -35.0661 -8.8236 -24.5617 -41.9435 19.4830 -28.8673 -48.3400 31.9361 -33.3397 -39.1399 -20.1772 -38.9121 10.8523 -27.0181 -45.6621 35.5669 -42.6088 -25.3438 -1.6275 -36.0370 -10.8672 -48.1968 -31.4970 31.6653 -45.9061 -27.0240 10.8543 -38.9121 -20.1772 -39.1399 -33.3397 31.9361 -48.3400 -28.8673 19.4830 -41.9435 -24.5617 -8.8236 -35.0661 -5.3033 -48.6743 -30.9966 29.5225 -45.2550 -26.6655 9.0043 -38.3732 -19.1238 -41.7107 -33.1051 33.5907 -48.1226 -28.6654 18.6627 -41.6822 -24.3207 -11.0226 -34.8228 -3.5491 -48.7223 -30.8769 28.9917 -45.0953 -26.5784 8.5240 -38.2379 -18.8310 -42.2959 -32.7138 26.8955
-32.8694 -42.1009 -18.9298 -38.2850 8.6851 -26.6079 -45.1479 29.1595 -30.9087 -48.7113 -4.0200 -34.8843 -10.5346 -24.3653 -41.7228 18.7775 -28.6909 -48.1485 33.4591 -33.1273 -41.5156 -19.2104 -38.4115 9.1319 -26.6878 -45.2942 29.6473 -31.0232 -48.6612 -5.6078 -35.1012 -8.6293 -24.5716 -41.9435 19.4540 -28.8545 -48.3224 32.1225 -33.3168 -39.3803 -20.0995 -38.8733 10.7347 -27.0021 -45.8858 31.2012 -34.4717 22.0174 -42.8532 -25.3156 -1.8923 -35.9948 -10.6549 -48.2328 -31.4706 31.5513 -45.8680 -27.0011 10.7347 -38.8733 -20.0995 -39.3803 -33.3168 32.1225 -48.3224 -28.8545 19.4540 -41.9435 -24.5716 -8.6293 -35.1012 -5.6078 -48.6612 -31.0232 29.6473 -45.2942 -26.6878 9.1319 -38.4115 -19.2104 -41.5156 -33.1273 33.4591 -48.1485 -28.6909 18.7775 -41.7228 -24.3636 -10.5597 -34.8804 -4.0207 -48.7113 -30.9100 29.1491 -45.1446 -26.6065 8.6840 -38.2847 -18.9425 -42.0696 -32.8791
-43.0529 -19.0297 -38.3328 8.8468 -26.6357 -45.1971 29.3167 -30.9423 -48.6986 -4.4852 -34.9437 -10.0197 -24.4124 -41.7635 18.8924 -28.7163 -48.1741 33.3195 -33.1495 -41.3167 -19.2961 -38.4498 9.2589 -26.7102 -45.3334 29.7717 -31.0499 -48.6469 -5.9380 -35.1480 -8.2830 -24.6005 -41.9638 19.4830 -28.8545 -48.3166 32.2229 -33.2991 -39.5931 -20.0223 -38.8347 10.6146 -26.9782 -45.8288 31.4731 -31.9136 -43.7924 -30.7057 22.0405 -42.8086 -25.2861 -2.1619 -35.9522 -10.4382 -48.2674 -31.4442 31.4364 -45.8299 -26.9782 10.6146 -38.8347 -20.0223 -39.5931 -33.2991 32.2229 -48.3166 -28.8545 19.4830 -41.9638 -24.6005 -8.2830 -35.1480 -5.9380 -48.6469 -31.0499 29.7717 -45.3334 -26.7102 9.2589 -38.4498 -19.2961 -41.3167 -33.1495 33.3195 -48.1741 -28.7163 18.8924 -41.7641 -24.4112 -10.0475 -34.9410 -4.4828 -48.6987 -30.9419 29.3158 -45.1968 -26.6356 8.8467 -38.3328 -19.0424 -43.0287
-18.5275 -38.3808 9.0102 -26.6631 -45.2463 29.4733 -30.9756 -48.6844 -4.9333 -35.0002 -9.5399 -24.4607 -41.8075 19.0092 -28.7422 -48.1994 33.1720 -33.1715 -41.1137 -19.3811 -38.4881 9.3851 -26.7326 -45.3725 29.8957 -31.0766 -48.6315 -6.2599 -35.1952 -7.9043 -24.6389 -42.0004 19.5681 -28.8673 -48.3224 32.2229 -33.2938 -39.7096 -19.9643 -38.7999 10.4960 -26.9553 -45.7917 31.3189 -31.3953 -48.4020 -18.5680 -48.4098 -29.4022 21.9106 -42.7679 -25.2561 -2.4365 -35.9094 -10.2168 -48.3006 -31.4177 31.3206 -45.7917 -26.9553 10.4960 -38.7999 -19.9643 -39.7096 -33.2938 32.2229 -48.3224 -28.8673 19.5681 -42.0004 -24.6389 -7.9043 -35.1952 -6.2599 -48.6315 -31.0766 29.8957 -45.3725 -26.7326 9.3851 -38.4881 -19.3811 -41.1137 -33.1715 33.1720 -48.1994 -28.7421 19.0101 -41.8090 -24.4615 -9.5416 -35.0011 -4.9052 -48.6853 -30.9723 29.4733 -45.2463 -26.6631 9.0102 -38.3808 -18.5346
-39.0667 9.1777 -26.6898 -45.2926 29.6209 -31.0090 -48.6686 -5.3668 -35.0561 -9.0761 -24.5092 -41.8557 19.1366 -28.7716 -48.2265 33.0136 -33.1935 -40.9067 -19.4652 -38.5265 9.5107 -26.7551 -45.4115 30.0192 -31.1032 -48.6150 -6.5736 -35.2421 -7.5318 -24.6775 -42.0411 19.6825 -28.8910 -48.3400 32.1225 -33.2991 -39.7096 -19.9445 -38.7806 10.4072 -26.9346 -45.7538 31.2040 -31.3939 -48.3219 -9.1462 -37.0211 26.9381 -48.7354 -29.3848 21.7902 -42.7271 -25.2256 -2.7162 -35.8663 -9.9905 -48.3324 -31.3912 31.2040 -45.7538 -26.9346 10.4072 -38.7806 -19.9445 -39.7096 -33.2991 32.1225 -48.3400 -28.8910 19.6825 -42.0411 -24.6775 -7.5318 -35.2421 -6.5736 -48.6150 -31.1032 30.0192 -45.4115 -26.7551 9.5107 -38.5265 -19.4652 -40.9067 -33.1935 33.0162 -48.2242 -28.7701 19.1368 -41.8563 -24.5111 -9.0481 -35.0607 -5.3337 -48.6699 -31.0053 29.6206 -45.2926 -26.6898 9.1686 -39.0665
9.0642 -26.7058 -45.3416 29.7747 -31.0436 -48.6513 -5.7865 -35.1117 -8.6205 -24.5570 -41.9065 19.2795 -28.8041 -48.2559 32.8306 -33.2135 -40.6954 -19.5486 -38.5649 9.6356 -26.7776 -45.4505 30.1423 -31.1299 -48.5974 -6.8796 -35.2889 -7.1654 -24.7156 -42.0818 19.7988 -28.9167 -48.3631 31.9361 -33.3168 -39.5931 -19.9643 -38.7806 10.3769 -26.9232 -45.7254 31.0982 -31.3638 -48.3635 -9.8398 -35.7541 7.3992 -34.3886 26.0306 -48.7061 -29.3586 21.6701 -42.6863 -25.1946 -3.0011 -35.8229 -9.7593 -48.3630 -31.3638 31.0982 -45.7254 -26.9232 10.3769 -38.7806 -19.9643 -39.5931 -33.3168 31.9361 -48.3631 -28.9167 19.7988 -42.0818 -24.7156 -7.1654 -35.2889 -6.8796 -48.5974 -31.1299 30.1423 -45.4505 -26.7776 9.6356 -38.5649 -19.5486 -40.6957 -33.2133 32.8362 -48.2532 -28.8024 19.2785 -41.9062 -24.5608 -8.5615 -35.1191 -5.7567 -48.6525 -31.0401 29.7745 -45.3415 -26.7058 9.0472
-25.2687 -45.3905 29.9304 -31.0753 -48.6324 -6.1900 -35.1680 -8.1732 -24.6042 -41.9573 19.4241 -28.8361 -48.2861 32.6138 -33.2352 -40.4752 -19.6313 -38.6033 9.7599 -26.8002 -45.4894 30.2649 -31.1565 -48.5788 -7.1780 -35.3354 -6.8053 -24.7533 -42.1225 19.9154 -28.9424 -48.3857 31.7201 -33.3397 -39.3803 -20.0223 -38.7999 10.4072 -26.9232 -45.7158 31.0392 -31.3430 -48.3894 -9.5224 -35.7764 -4.2998 -29.3411 -34.4776 -33.6682 26.4688 -48.6938 -29.3281 21.5548 -42.6465 -25.1631 -3.2809 -35.7802 -9.5265 -48.3892 -31.3430 31.0392 -45.7158 -26.9232 10.4072 -38.7999 -20.0223 -39.3803 -33.3397 31.7201 -48.3857 -28.9424 19.9154 -42.1225 -24.7533 -6.8053 -35.3354 -7.1780 -48.5788 -31.1565 30.2649 -45.4894 -26.8002 9.7599 -38.6033 -19.6313 -40.4757 -33.2333 32.6148 -48.2859 -28.8360 19.4241 -41.9573 -24.6084 -8.1097 -35.1749 -6.1644 -48.6336 -31.0734 29.9296 -45.3899 -25.2676
-45.4211 30.0808 -31.1041 -48.6129 -6.5607 -35.2261 -7.7110 -24.6526 -42.0085 19.5700 -28.8672 -48.3157 32.3818 -33.2600 -40.2167 -19.7206 -38.6423 9.8837 -26.8228 -45.5283 30.3869 -31.1832 -48.5590 -7.4690 -35.3816 -6.4513 -24.7905 -42.1632 20.0322 -28.9681 -48.4079 31.4945 -33.3606 -39.1399 -20.0995 -38.8347 10.4960 -26.9346 -45.7254 31.0392 -31.3364 -48.4036 -9.3456 -35.7459 -3.4733 -25.1884 -43.9402 -21.6324 -34.3813 -33.6712 26.9910 -48.5981 -29.2877 21.4143 -42.5892 -25.1257 -3.5743 -35.7244 -9.3666 -48.4025 -31.3378 31.0392 -45.7254 -26.9346 10.4960 -38.8347 -20.0995 -39.1399 -33.3606 31.4945 -48.4079 -28.9681 20.0322 -42.1632 -24.7905 -6.4513 -35.3816 -7.4690 -48.5590 -31.1832 30.3869 -45.5283 -26.8228 9.8837 -38.6423 -19.7149 -40.2342 -33.2560 32.3806 -48.3157 -28.8672 19.5700 -42.0085 -24.6550 -7.6717 -35.2298 -6.5589 -48.6130 -31.1071 30.0717 -45.4206
29.7468 -30.9409 -48.5922 -6.9169 -35.2848 -7.2481 -24.7014 -42.0619 19.7226 -28.8978 -48.3433 32.1506 -33.2867 -39.9353 -19.8166 -38.6846 10.0085 -26.8454 -45.5670 30.5084 -31.2098 -48.5381 -7.7530 -35.4276 -6.1035 -24.8273 -42.2039 20.1492 -28.9939 -48.4297 31.2594 -33.3813 -38.8949 -20.1772 -38.8733 10.6146 -26.9553 -45.7538 31.0982 -31.3430 -48.4036 -9.2805 -35.7346 -3.5926 -25.1319 -42.3208 28.0525 -38.4566 -21.8323 -34.4066 -34.2072 22.6032 -48.2562 -29.2727 21.2173 -42.4350 -25.2051 -4.5912 -35.7024 -9.3332 -48.4019 -31.3444 31.0982 -45.7538 -26.9553 10.6146 -38.8733 -20.1772 -38.8949 -33.3813 31.2594 -48.4297 -28.9939 20.1492 -42.2039 -24.8273 -6.1035 -35.4276 -7.7530 -48.5381 -31.2098 30.5084 -45.5670 -26.8454 10.0171 -38.6874 -19.8103 -39.9565 -33.2822 32.1496 -48.3433 -28.8978 19.7145 -42.0591 -24.7008 -7.2424 -35.2853 -6.9384 -48.5906 -30.9495 29.7352
-30.4718 -48.5704 -7.2631 -35.3430 -6.7967 -24.7488 -42.1133 19.8696 -28.9291 -48.3715 31.8946 -33.3156 -39.6471 -19.9162 -38.7300 10.1441 -26.8683 -45.6057 30.6293 -31.2364 -48.5160 -8.0302 -35.4734 -5.7618 -24.8635 -42.2447 20.2664 -29.0197 -48.4512 31.0145 -33.4019 -38.6454 -20.2543 -38.9121 10.7347 -26.9782 -45.7917 31.2040 -31.3638 -48.3894 -9.3435 -35.7360 -3.4508 -25.4602 -43.3327 22.6676 -35.6253 21.4802 -44.6291 -25.5741 5.4666 -42.8779 -19.4694 -47.4386 -28.4851 31.3617 -43.8365 -26.9398 1.5234 -35.7860 -9.3895 -48.3881 -31.3638 31.2040 -45.7917 -26.9782 10.7347 -38.9121 -20.2543 -38.6454 -33.4019 31.0145 -48.4512 -29.0197 20.2664 -42.2447 -24.8635 -5.7618 -35.4734 -8.0302 -48.5160 -31.2364 30.6293 -45.6057 -26.8682 10.1628 -38.7359 -19.9110 -39.6671 -33.3113 31.8935 -48.3715 -28.9297 19.8599 -42.1099 -24.7477 -6.7995 -35.3427 -7.3083 -48.5671 -30.4797
-48.6832 -7.6222 -35.4008 -6.3554 -24.7954 -42.1642 20.0156 -28.9614 -48.3997 31.6185 -33.3399 -39.3540 -20.0143 -38.7749 10.2865 -26.8931 -45.6448 30.7496 -31.2630 -48.4927 -8.3008 -35.5189 -5.4263 -24.8993 -42.2854 20.3838 -29.0455 -48.4722 30.7596 -33.4224 -38.3912 -20.3307 -38.9508 10.8543 -27.0011 -45.8299 31.3206 -31.3912 -48.3630 -9.5245 -35.7472 -3.5372 -25.4342 -28.2889 -4.0543 38.6285 -57.1369 -53.4966 -8.6115 -48.9618 43.6177 10.6547 -32.3522 -61.1120 -39.4959 -11.0990 -28.9237 -47.5467 -47.6062 4.8178 -35.7691 -9.5627 -48.3625 -31.3912 31.3206 -45.8299 -27.0011 10.8543 -38.9508 -20.3307 -38.3912 -33.4224 30.7596 -48.4722 -29.0455 20.3838 -42.2854 -24.8993 -5.4263 -35.5189 -8.3008 -48.4927 -31.2630 30.7496 -45.6448 -26.8930 10.3069 -38.7814 -20.0097 -39.3722 -33.3375 31.6196 -48.3995 -28.9608 20.0148 -42.1639 -24.7953 -6.3556 -35.4008 -7.6665 -48.6811
-11.1414 -35.4581 -5.9189 -24.8412 -42.2151 20.1619 -28.9936 -48.4271 31.3283 -33.3620 -39.0694 -20.1071 -38.8227 10.4365 -26.9210 -45.6901 30.8800 -31.2885 -48.4683 -8.5651 -35.5642 -5.0968 -24.9347 -42.3261 20.5014 -29.0713 -48.4929 30.4947 -33.4427 -38.1324 -20.4064 -38.9896 10.9735 -27.0240 -45.8680 31.4364 -31.4177 -48.3324 -9.7593 -35.7797 -3.5253 -25.0723 -40.6830 -57.5991 13.0058 -64.0712 20.7325 -50.2493 17.7643 14.6229 -39.9636 1.5099 -37.8870 -1.1974 -36.2842 14.0461 36.4274 -6.7699 -36.8831 -29.7993 -1.8808 -35.7220 -9.7825 -48.3324 -31.4177 31.4364 -45.8680 -27.0240 10.9735 -38.9896 -20.4064 -38.1324 -33.4427 30.4947 -48.4929 -29.0713 20.5014 -42.3261 -24.9347 -5.0968 -35.5642 -8.5651 -48.4682 -31.2888 30.8792 -45.6898 -26.9207 10.4482 -38.8264 -20.1072 -39.0707 -33.3636 31.3481 -48.4255 -28.9909 20.1619 -42.2152 -24.8411 -5.9161 -35.4584 -11.1611
