0.1061 0.3222 0.1547 0.1229 0.4946 0.1215 0.1655 0.4453 0.1104 0.2586 0.2154 0.1147 0.4295 0.1308 0.1427 0.4903 0.1136 0.2104 0.3313 0.1106 0.3470 0.1464 0.1269 0.5018 0.1191 0.1750 0.4228 0.1099 0.2780 0.1853 0.1169 0.4564 0.1271 0.1495 0.4788 0.1123 0.2250 0.2932 0.1115 0.3738 0.1401 0.1315 0.5024 0.1171 0.1857 0.3988 0.1103 0.4619 0.1570 0.1241 0.4793 0.1197 0.1663 0.2993 0.1098 0.3964 0.1856 0.1171 0.5024 0.1316 0.1401 0.3738 0.1115 0.2932 0.2249 0.1123 0.4788 0.1495 0.1271 0.4564 0.1169 0.1853 0.2779 0.1099 0.4228 0.1750 0.1191 0.5018 0.1269 0.1464 0.3469 0.1106 0.3313 0.2105 0.1136 0.4903 0.1427 0.1308 0.4293 0.1147 0.2154 0.2587 0.1104 0.4453 0.1655 0.1215 0.4946 0.1229 0.1547 0.3222 0.1061
0.3222 0.1540 0.1281 0.5128 0.1186 0.1719 0.4703 0.1124 0.2696 0.2434 0.1197 0.4480 0.1262 0.1482 0.5107 0.1137 0.2190 0.3641 0.1146 0.3626 0.1432 0.1321 0.5197 0.1170 0.1818 0.4498 0.1125 0.2901 0.2032 0.1221 0.4752 0.1230 0.1552 0.5005 0.1130 0.2343 0.3268 0.1159 0.3904 0.1358 0.1368 0.5208 0.1157 0.1930 0.4251 0.1116 0.3707 0.1091 0.4871 0.1631 0.1205 0.4980 0.1249 0.1721 0.3126 0.1128 0.4255 0.1929 0.1158 0.5208 0.1368 0.1358 0.3905 0.1159 0.3270 0.2342 0.1131 0.5005 0.1552 0.1230 0.4753 0.1221 0.2033 0.2900 0.1125 0.4497 0.1819 0.1170 0.5197 0.1321 0.1432 0.3624 0.1146 0.3640 0.2190 0.1137 0.5107 0.1482 0.1262 0.4478 0.1197 0.2433 0.2697 0.1124 0.4703 0.1719 0.1186 0.5128 0.1281 0.1540 0.3222
0.1547 0.1281 0.5126 0.1182 0.1715 0.4711 0.1117 0.2688 0.2454 0.1193 0.4467 0.1261 0.1479 0.5111 0.1132 0.2183 0.3659 0.1140 0.3613 0.1433 0.1319 0.5195 0.1166 0.1813 0.4509 0.1118 0.2891 0.2047 0.1218 0.4740 0.1228 0.1549 0.5011 0.1125 0.2335 0.3286 0.1154 0.3890 0.1358 0.1365 0.5208 0.1153 0.1924 0.4266 0.1123 0.3083 0.1321 0.2505 0.1120 0.4878 0.1627 0.1202 0.4971 0.1247 0.1732 0.3114 0.1122 0.4268 0.1923 0.1153 0.5208 0.1365 0.1357 0.3891 0.1154 0.3289 0.2334 0.1125 0.5011 0.1549 0.1228 0.4740 0.1218 0.2050 0.2890 0.1118 0.4508 0.1813 0.1166 0.5195 0.1319 0.1434 0.3612 0.1140 0.3657 0.2183 0.1132 0.5111 0.1479 0.1261 0.4465 0.1193 0.2452 0.2688 0.1117 0.4711 0.1715 0.1182 0.5126 0.1281 0.1547
0.1229 0.5128 0.1182 0.1714 0.4717 0.1117 0.2680 0.2471 0.1192 0.4453 0.1262 0.1476 0.5115 0.1132 0.2176 0.3675 0.1139 0.3600 0.1438 0.1316 0.5193 0.1167 0.1808 0.4519 0.1118 0.2881 0.2065 0.1217 0.4727 0.1229 0.1545 0.5016 0.1125 0.2327 0.3304 0.1153 0.3876 0.1361 0.1363 0.5209 0.1153 0.1918 0.4278 0.1122 0.3104 0.1771 0.1353 0.2905 0.2495 0.1120 0.4885 0.1623 0.1203 0.4961 0.1245 0.1744 0.3102 0.1122 0.4280 0.1918 0.1153 0.5209 0.1363 0.1361 0.3876 0.1153 0.3307 0.2327 0.1125 0.5016 0.1545 0.1229 0.4727 0.1217 0.2067 0.2880 0.1118 0.4519 0.1808 0.1167 0.5193 0.1316 0.1438 0.3599 0.1139 0.3675 0.2176 0.1132 0.5115 0.1476 0.1262 0.4452 0.1192 0.2471 0.2680 0.1117 0.4717 0.1714 0.1182 0.5128 0.1229
0.4946 0.1186 0.1715 0.4717 0.1117 0.2676 0.2483 0.1191 0.4441 0.1264 0.1473 0.5119 0.1133 0.2169 0.3692 0.1138 0.3587 0.1442 0.1314 0.5191 0.1168 0.1803 0.4530 0.1118 0.2870 0.2084 0.1215 0.4714 0.1230 0.1542 0.5022 0.1125 0.2320 0.3324 0.1152 0.3862 0.1364 0.1360 0.5209 0.1154 0.1913 0.4291 0.1122 0.3090 0.1755 0.1240 0.5199 0.1164 0.2917 0.2486 0.1120 0.4892 0.1619 0.1204 0.4951 0.1244 0.1758 0.3090 0.1122 0.4292 0.1913 0.1154 0.5209 0.1360 0.1364 0.3862 0.1152 0.3325 0.2320 0.1125 0.5022 0.1542 0.1230 0.4714 0.1215 0.2085 0.2870 0.1118 0.4530 0.1803 0.1168 0.5191 0.1314 0.1442 0.3587 0.1138 0.3692 0.2168 0.1133 0.5119 0.1473 0.1264 0.4441 0.1191 0.2483 0.2676 0.1117 0.4717 0.1715 0.1186 0.4946
0.1215 0.1719 0.4711 0.1117 0.2676 0.2487 0.1191 0.4433 0.1265 0.1471 0.5122 0.1133 0.2162 0.3708 0.1138 0.3574 0.1447 0.1312 0.5189 0.1168 0.1798 0.4541 0.1118 0.2860 0.2103 0.1214 0.4701 0.1232 0.1538 0.5028 0.1125 0.2312 0.3343 0.1151 0.3847 0.1367 0.1358 0.5209 0.1155 0.1907 0.4304 0.1121 0.3079 0.1771 0.1243 0.4912 0.1069 0.4125 0.1169 0.2939 0.2477 0.1120 0.4899 0.1615 0.1205 0.4941 0.1243 0.1771 0.3079 0.1121 0.4304 0.1907 0.1155 0.5209 0.1358 0.1367 0.3848 0.1151 0.3343 0.2312 0.1125 0.5028 0.1538 0.1232 0.4701 0.1214 0.2103 0.2860 0.1118 0.4541 0.1798 0.1168 0.5189 0.1312 0.1447 0.3574 0.1138 0.3708 0.2162 0.1133 0.5122 0.1471 0.1265 0.4433 0.1191 0.2487 0.2676 0.1117 0.4711 0.1719 0.1215
0.1655 0.4703 0.1117 0.2680 0.2483 0.1191 0.4430 0.1266 0.1469 0.5125 0.1133 0.2157 0.3722 0.1137 0.3562 0.1451 0.1311 0.5187 0.1169 0.1793 0.4551 0.1118 0.2849 0.2122 0.1213 0.4688 0.1233 0.1534 0.5033 0.1126 0.2304 0.3362 0.1151 0.3834 0.1371 0.1356 0.5210 0.1155 0.1901 0.4317 0.1121 0.3067 0.1785 0.1241 0.4932 0.1194 0.1823 0.1274 0.4125 0.1168 0.2961 0.2468 0.1121 0.4906 0.1611 0.1207 0.4931 0.1241 0.1785 0.3067 0.1121 0.4316 0.1902 0.1155 0.5210 0.1356 0.1371 0.3833 0.1151 0.3361 0.2304 0.1126 0.5033 0.1534 0.1233 0.4687 0.1213 0.2121 0.2850 0.1118 0.4551 0.1793 0.1169 0.5187 0.1311 0.1451 0.3563 0.1137 0.3722 0.2157 0.1133 0.5125 0.1469 0.1266 0.4430 0.1191 0.2483 0.2680 0.1117 0.4703 0.1655
0.4453 0.1124 0.2688 0.2471 0.1191 0.4433 0.1266 0.1468 0.5126 0.1134 0.2151 0.3736 0.1137 0.3552 0.1455 0.1309 0.5185 0.1170 0.1788 0.4561 0.1118 0.2839 0.2142 0.1212 0.4675 0.1235 0.1531 0.5038 0.1126 0.2296 0.3381 0.1150 0.3821 0.1374 0.1353 0.5210 0.1156 0.1895 0.4329 0.1121 0.3057 0.1798 0.1239 0.4919 0.1208 0.1600 0.4528 0.1410 0.1314 0.4109 0.1167 0.2982 0.2460 0.1121 0.4913 0.1607 0.1208 0.4920 0.1240 0.1799 0.3056 0.1121 0.4328 0.1896 0.1156 0.5210 0.1353 0.1374 0.3819 0.1150 0.3380 0.2297 0.1126 0.5038 0.1531 0.1235 0.4674 0.1212 0.2141 0.2840 0.1118 0.4561 0.1788 0.1170 0.5185 0.1309 0.1455 0.3552 0.1137 0.3736 0.2151 0.1134 0.5126 0.1468 0.1266 0.4433 0.1191 0.2471 0.2688 0.1124 0.4453
0.1104 0.2696 0.2454 0.1192 0.4441 0.1265 0.1469 0.5126 0.1134 0.2149 0.3746 0.1136 0.3541 0.1459 0.1307 0.5182 0.1170 0.1784 0.4570 0.1118 0.2830 0.2159 0.1210 0.4663 0.1236 0.1527 0.5044 0.1126 0.2288 0.3400 0.1149 0.3807 0.1377 0.1351 0.5210 0.1157 0.1890 0.4342 0.1121 0.3046 0.1812 0.1238 0.4909 0.1209 0.1604 0.4939 0.1080 0.5192 0.1403 0.1317 0.4094 0.1166 0.3003 0.2451 0.1121 0.4920 0.1603 0.1209 0.4909 0.1238 0.1813 0.3045 0.1121 0.4341 0.1890 0.1157 0.5210 0.1351 0.1378 0.3806 0.1149 0.3399 0.2289 0.1126 0.5044 0.1527 0.1236 0.4662 0.1210 0.2159 0.2830 0.1118 0.4570 0.1784 0.1170 0.5182 0.1307 0.1459 0.3541 0.1136 0.3746 0.2149 0.1134 0.5126 0.1469 0.1265 0.4441 0.1192 0.2452 0.2697 0.1104
0.2586 0.2434 0.1193 0.4453 0.1264 0.1471 0.5125 0.1134 0.2149 0.3749 0.1136 0.3534 0.1462 0.1306 0.5180 0.1171 0.1780 0.4579 0.1118 0.2822 0.2175 0.1209 0.4651 0.1238 0.1524 0.5049 0.1127 0.2281 0.3419 0.1148 0.3794 0.1381 0.1348 0.5209 0.1157 0.1885 0.4354 0.1120 0.3036 0.1825 0.1237 0.4898 0.1210 0.1599 0.4925 0.1107 0.2853 0.1105 0.5192 0.1400 0.1319 0.4079 0.1165 0.3023 0.2443 0.1121 0.4927 0.1599 0.1210 0.4898 0.1237 0.1827 0.3034 0.1121 0.4353 0.1885 0.1157 0.5209 0.1348 0.1381 0.3793 0.1149 0.3418 0.2281 0.1127 0.5049 0.1524 0.1238 0.4651 0.1209 0.2175 0.2822 0.1118 0.4579 0.1780 0.1171 0.5180 0.1306 0.1462 0.3534 0.1136 0.3749 0.2149 0.1134 0.5125 0.1471 0.1264 0.4452 0.1193 0.2433 0.2587
0.2154 0.1197 0.4467 0.1262 0.1473 0.5122 0.1133 0.2151 0.3746 0.1136 0.3531 0.1464 0.1305 0.5178 0.1172 0.1776 0.4587 0.1118 0.2814 0.2191 0.1208 0.4640 0.1239 0.1521 0.5053 0.1127 0.2274 0.3436 0.1148 0.3780 0.1384 0.1346 0.5209 0.1158 0.1879 0.4366 0.1120 0.3024 0.1840 0.1235 0.4887 0.1211 0.1595 0.4934 0.1122 0.2417 0.2099 0.2001 0.1146 0.5194 0.1397 0.1322 0.4065 0.1164 0.3042 0.2435 0.1121 0.4934 0.1595 0.1211 0.4887 0.1235 0.1841 0.3024 0.1120 0.4366 0.1879 0.1158 0.5209 0.1346 0.1385 0.3779 0.1148 0.3436 0.2274 0.1127 0.5053 0.1521 0.1239 0.4640 0.1208 0.2191 0.2814 0.1118 0.4587 0.1776 0.1172 0.5178 0.1305 0.1464 0.3531 0.1136 0.3746 0.2151 0.1133 0.5122 0.1473 0.1262 0.4465 0.1197 0.2154
0.1147 0.4480 0.1261 0.1476 0.5119 0.1133 0.2157 0.3736 0.1136 0.3534 0.1464 0.1304 0.5177 0.1172 0.1773 0.4595 0.1118 0.2806 0.2207 0.1207 0.4629 0.1240 0.1518 0.5057 0.1127 0.2268 0.3451 0.1147 0.3767 0.1387 0.1344 0.5209 0.1158 0.1874 0.4378 0.1120 0.3013 0.1855 0.1234 0.4875 0.1213 0.1591 0.4940 0.1121 0.2429 0.3114 0.1224 0.4125 0.1992 0.1146 0.5196 0.1395 0.1325 0.4050 0.1163 0.3062 0.2427 0.1121 0.4940 0.1591 0.1213 0.4875 0.1234 0.1856 0.3013 0.1120 0.4378 0.1874 0.1158 0.5209 0.1344 0.1388 0.3767 0.1147 0.3451 0.2268 0.1127 0.5057 0.1518 0.1240 0.4629 0.1207 0.2207 0.2806 0.1118 0.4595 0.1773 0.1172 0.5177 0.1304 0.1464 0.3534 0.1136 0.3736 0.2157 0.1133 0.5119 0.1476 0.1261 0.4478 0.1147
0.4295 0.1262 0.1479 0.5115 0.1133 0.2162 0.3722 0.1137 0.3541 0.1462 0.1305 0.5177 0.1172 0.1771 0.4601 0.1118 0.2798 0.2223 0.1206 0.4618 0.1242 0.1516 0.5061 0.1127 0.2262 0.3466 0.1147 0.3756 0.1391 0.1342 0.5208 0.1159 0.1868 0.4390 0.1120 0.3002 0.1870 0.1232 0.4864 0.1214 0.1588 0.4947 0.1122 0.2419 0.3075 0.1155 0.4653 0.1105 0.4125 0.1985 0.1147 0.5197 0.1392 0.1327 0.4036 0.1162 0.3081 0.2419 0.1122 0.4947 0.1588 0.1214 0.4864 0.1232 0.1870 0.3003 0.1120 0.4390 0.1868 0.1159 0.5208 0.1342 0.1391 0.3756 0.1147 0.3466 0.2262 0.1127 0.5061 0.1516 0.1242 0.4618 0.1206 0.2223 0.2798 0.1118 0.4601 0.1771 0.1172 0.5177 0.1305 0.1462 0.3541 0.1137 0.3722 0.2162 0.1133 0.5115 0.1479 0.1262 0.4293
0.1308 0.1482 0.5111 0.1132 0.2169 0.3708 0.1137 0.3552 0.1459 0.1306 0.5178 0.1172 0.1771 0.4603 0.1118 0.2792 0.2238 0.1205 0.4607 0.1243 0.1513 0.5065 0.1128 0.2256 0.3481 0.1146 0.3745 0.1394 0.1340 0.5208 0.1160 0.1863 0.4401 0.1120 0.2992 0.1885 0.1231 0.4853 0.1215 0.1584 0.4953 0.1122 0.2410 0.3101 0.1162 0.3984 0.1136 0.3211 0.1125 0.4140 0.1979 0.1147 0.5199 0.1389 0.1330 0.4021 0.1162 0.3100 0.2411 0.1122 0.4953 0.1584 0.1215 0.4853 0.1231 0.1885 0.2992 0.1120 0.4401 0.1863 0.1160 0.5208 0.1340 0.1394 0.3745 0.1146 0.3481 0.2256 0.1128 0.5065 0.1513 0.1243 0.4607 0.1205 0.2238 0.2792 0.1118 0.4603 0.1771 0.1172 0.5178 0.1306 0.1459 0.3552 0.1137 0.3708 0.2168 0.1132 0.5111 0.1482 0.1308
0.1427 0.5107 0.1132 0.2176 0.3692 0.1138 0.3562 0.1455 0.1307 0.5180 0.1172 0.1773 0.4601 0.1118 0.2790 0.2246 0.1205 0.4597 0.1244 0.1510 0.5069 0.1128 0.2250 0.3495 0.1145 0.3734 0.1397 0.1338 0.5207 0.1160 0.1859 0.4410 0.1119 0.2983 0.1899 0.1230 0.4844 0.1216 0.1580 0.4960 0.1122 0.2402 0.3121 0.1161 0.4012 0.1327 0.1541 0.1622 0.3211 0.1125 0.4154 0.1973 0.1148 0.5200 0.1387 0.1333 0.4007 0.1161 0.3120 0.2403 0.1122 0.4960 0.1580 0.1216 0.4844 0.1230 0.1899 0.2983 0.1119 0.4410 0.1859 0.1160 0.5207 0.1338 0.1397 0.3734 0.1145 0.3495 0.2250 0.1128 0.5069 0.1510 0.1244 0.4597 0.1205 0.2246 0.2790 0.1118 0.4601 0.1773 0.1172 0.5180 0.1307 0.1455 0.3563 0.1138 0.3692 0.2176 0.1132 0.5107 0.1427
0.4903 0.1137 0.2183 0.3675 0.1138 0.3574 0.1451 0.1309 0.5182 0.1171 0.1776 0.4595 0.1118 0.2792 0.2246 0.1204 0.4592 0.1245 0.1508 0.5073 0.1128 0.2244 0.3510 0.1145 0.3723 0.1400 0.1337 0.5207 0.1161 0.1855 0.4420 0.1119 0.2974 0.1913 0.1229 0.4834 0.1217 0.1577 0.4966 0.1122 0.2394 0.3141 0.1160 0.3995 0.1336 0.1379 0.5064 0.1262 0.1650 0.3198 0.1124 0.4167 0.1967 0.1148 0.5202 0.1384 0.1336 0.3993 0.1160 0.3140 0.2395 0.1122 0.4966 0.1577 0.1217 0.4834 0.1229 0.1913 0.2974 0.1119 0.4420 0.1855 0.1161 0.5207 0.1337 0.1400 0.3723 0.1145 0.3510 0.2244 0.1128 0.5073 0.1508 0.1245 0.4592 0.1204 0.2246 0.2792 0.1118 0.4595 0.1776 0.1171 0.5182 0.1309 0.1451 0.3574 0.1138 0.3675 0.2183 0.1137 0.4903
0.1136 0.2190 0.3659 0.1139 0.3587 0.1447 0.1311 0.5185 0.1170 0.1780 0.4587 0.1118 0.2798 0.2238 0.1205 0.4592 0.1246 0.1506 0.5076 0.1129 0.2238 0.3525 0.1144 0.3712 0.1403 0.1335 0.5206 0.1161 0.1850 0.4429 0.1119 0.2965 0.1926 0.1228 0.4825 0.1218 0.1573 0.4971 0.1123 0.2388 0.3158 0.1159 0.3981 0.1338 0.1382 0.5206 0.1057 0.5020 0.1257 0.1661 0.3187 0.1124 0.4181 0.1961 0.1149 0.5203 0.1381 0.1339 0.3980 0.1159 0.3158 0.2388 0.1123 0.4971 0.1573 0.1218 0.4825 0.1228 0.1926 0.2965 0.1119 0.4429 0.1850 0.1161 0.5206 0.1335 0.1403 0.3712 0.1144 0.3525 0.2238 0.1129 0.5076 0.1506 0.1246 0.4592 0.1205 0.2238 0.2798 0.1118 0.4587 0.1780 0.1170 0.5185 0.1311 0.1447 0.3587 0.1139 0.3657 0.2190 0.1136
0.2104 0.3641 0.1140 0.3600 0.1442 0.1312 0.5187 0.1170 0.1784 0.4579 0.1118 0.2806 0.2223 0.1205 0.4597 0.1245 0.1506 0.5077 0.1129 0.2234 0.3538 0.1144 0.3701 0.1406 0.1333 0.5205 0.1162 0.1846 0.4439 0.1119 0.2956 0.1939 0.1226 0.4815 0.1219 0.1570 0.4976 0.1123 0.2381 0.3174 0.1158 0.3969 0.1341 0.1379 0.5204 0.1135 0.2252 0.1155 0.5020 0.1255 0.1672 0.3176 0.1124 0.4195 0.1956 0.1149 0.5204 0.1379 0.1341 0.3968 0.1158 0.3174 0.2381 0.1123 0.4976 0.1570 0.1219 0.4815 0.1226 0.1939 0.2956 0.1119 0.4439 0.1846 0.1162 0.5205 0.1333 0.1406 0.3701 0.1144 0.3538 0.2234 0.1129 0.5077 0.1506 0.1245 0.4597 0.1205 0.2223 0.2806 0.1118 0.4579 0.1784 0.1170 0.5187 0.1312 0.1442 0.3599 0.1140 0.3640 0.2105
0.3313 0.1146 0.3613 0.1438 0.1314 0.5189 0.1169 0.1788 0.4570 0.1118 0.2814 0.2207 0.1206 0.4607 0.1244 0.1508 0.5076 0.1129 0.2232 0.3545 0.1144 0.3691 0.1409 0.1331 0.5204 0.1162 0.1842 0.4448 0.1119 0.2948 0.1953 0.1225 0.4805 0.1220 0.1567 0.4981 0.1123 0.2374 0.3190 0.1158 0.3957 0.1343 0.1377 0.5205 0.1151 0.1938 0.3517 0.1651 0.1197 0.5010 0.1253 0.1682 0.3165 0.1123 0.4207 0.1950 0.1150 0.5205 0.1377 0.1343 0.3957 0.1158 0.3190 0.2374 0.1123 0.4981 0.1567 0.1220 0.4805 0.1225 0.1953 0.2948 0.1119 0.4448 0.1842 0.1162 0.5204 0.1331 0.1409 0.3691 0.1144 0.3545 0.2232 0.1129 0.5076 0.1508 0.1244 0.4607 0.1206 0.2207 0.2814 0.1118 0.4570 0.1788 0.1169 0.5189 0.1314 0.1438 0.3612 0.1146 0.3313
0.1106 0.3626 0.1433 0.1316 0.5191 0.1168 0.1793 0.4561 0.1118 0.2822 0.2191 0.1207 0.4618 0.1243 0.1510 0.5073 0.1129 0.2234 0.3545 0.1143 0.3686 0.1412 0.1330 0.5203 0.1163 0.1837 0.4457 0.1119 0.2939 0.1967 0.1224 0.4795 0.1222 0.1564 0.4986 0.1123 0.2368 0.3206 0.1157 0.3946 0.1346 0.1375 0.5206 0.1150 0.1947 0.4253 0.1135 0.4859 0.1642 0.1198 0.5002 0.1252 0.1692 0.3154 0.1123 0.4218 0.1946 0.1150 0.5206 0.1375 0.1346 0.3946 0.1157 0.3206 0.2368 0.1123 0.4986 0.1564 0.1222 0.4795 0.1224 0.1967 0.2939 0.1119 0.4457 0.1837 0.1163 0.5203 0.1330 0.1412 0.3686 0.1143 0.3545 0.2234 0.1129 0.5073 0.1510 0.1243 0.4618 0.1207 0.2191 0.2822 0.1118 0.4561 0.1793 0.1168 0.5191 0.1316 0.1434 0.3624 0.1106
0.3470 0.1432 0.1319 0.5193 0.1168 0.1798 0.4551 0.1118 0.2830 0.2175 0.1208 0.4629 0.1242 0.1513 0.5069 0.1128 0.2238 0.3538 0.1144 0.3686 0.1412 0.1329 0.5202 0.1163 0.1833 0.4467 0.1119 0.2930 0.1981 0.1223 0.4786 0.1223 0.1561 0.4991 0.1123 0.2361 0.3222 0.1156 0.3934 0.1348 0.1373 0.5206 0.1151 0.1941 0.4225 0.1111 0.3690 0.1086 0.4858 0.1637 0.1199 0.4994 0.1251 0.1701 0.3145 0.1123 0.4228 0.1941 0.1151 0.5206 0.1373 0.1348 0.3934 0.1156 0.3222 0.2361 0.1123 0.4991 0.1561 0.1223 0.4786 0.1223 0.1981 0.2930 0.1119 0.4467 0.1833 0.1163 0.5202 0.1329 0.1412 0.3686 0.1144 0.3538 0.2238 0.1128 0.5069 0.1513 0.1242 0.4629 0.1208 0.2175 0.2830 0.1118 0.4551 0.1798 0.1168 0.5193 0.1319 0.1432 0.3469
0.1464 0.1321 0.5195 0.1167 0.1803 0.4541 0.1118 0.2839 0.2159 0.1209 0.4640 0.1240 0.1516 0.5065 0.1128 0.2244 0.3525 0.1144 0.3691 0.1412 0.1329 0.5202 0.1164 0.1830 0.4475 0.1119 0.2922 0.1995 0.1222 0.4776 0.1224 0.1558 0.4996 0.1124 0.2355 0.3238 0.1156 0.3923 0.1351 0.1371 0.5207 0.1151 0.1936 0.4239 0.1123 0.3105 0.1319 0.2512 0.1120 0.4866 0.1634 0.1200 0.4987 0.1250 0.1710 0.3135 0.1123 0.4239 0.1936 0.1151 0.5207 0.1371 0.1351 0.3923 0.1156 0.3238 0.2355 0.1124 0.4996 0.1558 0.1224 0.4776 0.1222 0.1995 0.2922 0.1119 0.4475 0.1830 0.1164 0.5202 0.1329 0.1412 0.3691 0.1144 0.3525 0.2244 0.1128 0.5065 0.1516 0.1240 0.4640 0.1209 0.2159 0.2840 0.1118 0.4541 0.1803 0.1167 0.5195 0.1321 0.1464
0.1269 0.5197 0.1166 0.1808 0.4530 0.1118 0.2849 0.2142 0.1210 0.4651 0.1239 0.1518 0.5061 0.1128 0.2250 0.3510 0.1144 0.3701 0.1409 0.1330 0.5202 0.1164 0.1829 0.4479 0.1119 0.2914 0.2010 0.1221 0.4766 0.1225 0.1555 0.5001 0.1124 0.2349 0.3254 0.1155 0.3911 0.1353 0.1369 0.5208 0.1152 0.1931 0.4250 0.1122 0.3129 0.1744 0.1355 0.2880 0.2510 0.1119 0.4872 0.1630 0.1201 0.4979 0.1248 0.1720 0.3126 0.1122 0.4250 0.1931 0.1152 0.5208 0.1369 0.1353 0.3911 0.1155 0.3254 0.2349 0.1124 0.5001 0.1555 0.1225 0.4766 0.1221 0.2010 0.2914 0.1119 0.4479 0.1829 0.1164 0.5202 0.1330 0.1409 0.3701 0.1144 0.3510 0.2250 0.1128 0.5061 0.1518 0.1239 0.4651 0.1210 0.2141 0.2850 0.1118 0.4530 0.1808 0.1166 0.5197 0.1269
0.5018 0.1170 0.1813 0.4519 0.1118 0.2860 0.2122 0.1212 0.4663 0.1238 0.1521 0.5057 0.1127 0.2256 0.3495 0.1145 0.3712 0.1406 0.1331 0.5203 0.1163 0.1830 0.4479 0.1119 0.2910 0.2020 0.1220 0.4756 0.1226 0.1552 0.5005 0.1124 0.2342 0.3270 0.1154 0.3900 0.1356 0.1367 0.5208 0.1152 0.1927 0.4260 0.1122 0.3117 0.1726 0.1244 0.5202 0.1166 0.2879 0.2502 0.1120 0.4878 0.1627 0.1202 0.4972 0.1247 0.1729 0.3117 0.1122 0.4260 0.1927 0.1152 0.5208 0.1367 0.1356 0.3900 0.1154 0.3270 0.2342 0.1124 0.5005 0.1552 0.1226 0.4756 0.1220 0.2020 0.2910 0.1119 0.4479 0.1830 0.1163 0.5203 0.1331 0.1406 0.3712 0.1145 0.3495 0.2256 0.1127 0.5057 0.1521 0.1238 0.4662 0.1212 0.2121 0.2860 0.1118 0.4519 0.1813 0.1170 0.5018
0.1191 0.1818 0.4509 0.1118 0.2870 0.2103 0.1213 0.4675 0.1236 0.1524 0.5053 0.1127 0.2262 0.3481 0.1145 0.3723 0.1403 0.1333 0.5204 0.1163 0.1833 0.4475 0.1119 0.2910 0.2024 0.1219 0.4748 0.1227 0.1549 0.5010 0.1124 0.2336 0.3285 0.1154 0.3889 0.1358 0.1365 0.5208 0.1153 0.1922 0.4271 0.1122 0.3108 0.1739 0.1246 0.4937 0.1068 0.4150 0.1171 0.2897 0.2495 0.1120 0.4884 0.1624 0.1203 0.4964 0.1246 0.1739 0.3108 0.1122 0.4271 0.1922 0.1153 0.5208 0.1365 0.1358 0.3889 0.1154 0.3285 0.2336 0.1124 0.5010 0.1549 0.1227 0.4748 0.1219 0.2024 0.2910 0.1119 0.4475 0.1833 0.1163 0.5204 0.1333 0.1403 0.3723 0.1145 0.3481 0.2262 0.1127 0.5053 0.1524 0.1236 0.4674 0.1213 0.2103 0.2870 0.1118 0.4508 0.1819 0.1191
0.1750 0.4498 0.1118 0.2881 0.2084 0.1214 0.4688 0.1235 0.1527 0.5049 0.1127 0.2268 0.3466 0.1146 0.3734 0.1400 0.1335 0.5205 0.1162 0.1837 0.4467 0.1119 0.2914 0.2020 0.1219 0.4746 0.1228 0.1547 0.5014 0.1125 0.2329 0.3301 0.1153 0.3877 0.1361 0.1363 0.5209 0.1153 0.1918 0.4281 0.1122 0.3098 0.1749 0.1245 0.4959 0.1191 0.1834 0.1270 0.4154 0.1170 0.2914 0.2488 0.1120 0.4890 0.1620 0.1204 0.4956 0.1245 0.1749 0.3098 0.1122 0.4281 0.1918 0.1153 0.5209 0.1363 0.1361 0.3877 0.1153 0.3301 0.2329 0.1125 0.5014 0.1547 0.1228 0.4746 0.1219 0.2020 0.2914 0.1119 0.4467 0.1837 0.1162 0.5205 0.1335 0.1400 0.3734 0.1146 0.3466 0.2268 0.1127 0.5049 0.1527 0.1235 0.4687 0.1214 0.2085 0.2880 0.1118 0.4497 0.1750
0.4228 0.1125 0.2891 0.2065 0.1215 0.4701 0.1233 0.1531 0.5044 0.1127 0.2274 0.3451 0.1147 0.3745 0.1397 0.1337 0.5206 0.1162 0.1842 0.4457 0.1119 0.2922 0.2010 0.1220 0.4748 0.1228 0.1547 0.5016 0.1125 0.2324 0.3316 0.1152 0.3866 0.1363 0.1361 0.5209 0.1154 0.1913 0.4291 0.1122 0.3089 0.1760 0.1244 0.4948 0.1205 0.1610 0.4504 0.1416 0.1309 0.4142 0.1169 0.2931 0.2481 0.1120 0.4896 0.1617 0.1205 0.4948 0.1244 0.1760 0.3089 0.1122 0.4291 0.1913 0.1154 0.5209 0.1361 0.1363 0.3866 0.1152 0.3316 0.2324 0.1125 0.5016 0.1547 0.1228 0.4748 0.1220 0.2010 0.2922 0.1119 0.4457 0.1842 0.1162 0.5206 0.1337 0.1397 0.3745 0.1147 0.3451 0.2274 0.1127 0.5044 0.1531 0.1233 0.4701 0.1215 0.2067 0.2890 0.1125 0.4228
0.1099 0.2901 0.2047 0.1217 0.4714 0.1232 0.1534 0.5038 0.1126 0.2281 0.3436 0.1147 0.3756 0.1394 0.1338 0.5207 0.1161 0.1846 0.4448 0.1119 0.2930 0.1995 0.1221 0.4756 0.1227 0.1547 0.5016 0.1125 0.2320 0.3328 0.1152 0.3855 0.1366 0.1359 0.5209 0.1154 0.1908 0.4302 0.1121 0.3080 0.1770 0.1242 0.4940 0.1206 0.1615 0.4920 0.1082 0.5188 0.1409 0.1311 0.4130 0.1168 0.2948 0.2474 0.1120 0.4901 0.1614 0.1206 0.4940 0.1242 0.1770 0.3080 0.1121 0.4302 0.1908 0.1154 0.5209 0.1359 0.1366 0.3855 0.1152 0.3328 0.2320 0.1125 0.5016 0.1547 0.1227 0.4756 0.1221 0.1995 0.2930 0.1119 0.4448 0.1846 0.1161 0.5207 0.1338 0.1394 0.3756 0.1147 0.3436 0.2281 0.1126 0.5038 0.1534 0.1232 0.4714 0.1217 0.2050 0.2900 0.1099
0.2780 0.2032 0.1218 0.4727 0.1230 0.1538 0.5033 0.1126 0.2288 0.3419 0.1148 0.3767 0.1391 0.1340 0.5207 0.1161 0.1850 0.4439 0.1119 0.2939 0.1981 0.1222 0.4766 0.1226 0.1549 0.5014 0.1125 0.2320 0.3331 0.1152 0.3847 0.1368 0.1357 0.5210 0.1155 0.1904 0.4312 0.1121 0.3071 0.1781 0.1241 0.4931 0.1207 0.1611 0.4905 0.1106 0.2880 0.1103 0.5187 0.1406 0.1313 0.4118 0.1168 0.2964 0.2467 0.1120 0.4907 0.1611 0.1207 0.4931 0.1241 0.1781 0.3071 0.1121 0.4312 0.1904 0.1155 0.5210 0.1357 0.1368 0.3847 0.1152 0.3331 0.2320 0.1125 0.5014 0.1549 0.1226 0.4766 0.1222 0.1981 0.2939 0.1119 0.4439 0.1850 0.1161 0.5207 0.1340 0.1391 0.3767 0.1148 0.3418 0.2289 0.1126 0.5033 0.1538 0.1230 0.4727 0.1218 0.2033 0.2779
0.1853 0.1221 0.4740 0.1229 0.1542 0.5028 0.1126 0.2296 0.3400 0.1148 0.3780 0.1387 0.1342 0.5208 0.1160 0.1855 0.4429 0.1119 0.2948 0.1967 0.1223 0.4776 0.1225 0.1552 0.5010 0.1125 0.2324 0.3328 0.1152 0.3844 0.1370 0.1356 0.5210 0.1155 0.1899 0.4322 0.1121 0.3062 0.1792 0.1240 0.4923 0.1207 0.1607 0.4913 0.1121 0.2441 0.2044 0.2016 0.1144 0.5189 0.1404 0.1315 0.4107 0.1167 0.2981 0.2461 0.1120 0.4913 0.1607 0.1207 0.4923 0.1240 0.1792 0.3062 0.1121 0.4322 0.1899 0.1155 0.5210 0.1356 0.1370 0.3844 0.1152 0.3328 0.2324 0.1125 0.5010 0.1552 0.1225 0.4776 0.1223 0.1967 0.2948 0.1119 0.4429 0.1855 0.1160 0.5208 0.1342 0.1388 0.3779 0.1149 0.3399 0.2297 0.1126 0.5028 0.1542 0.1229 0.4740 0.1221 0.1853
0.1169 0.4752 0.1228 0.1545 0.5022 0.1125 0.2304 0.3381 0.1149 0.3794 0.1384 0.1344 0.5208 0.1160 0.1859 0.4420 0.1119 0.2956 0.1953 0.1224 0.4786 0.1224 0.1555 0.5005 0.1124 0.2329 0.3316 0.1152 0.3847 0.1370 0.1355 0.5210 0.1156 0.1895 0.4332 0.1121 0.3053 0.1804 0.1239 0.4914 0.1208 0.1604 0.4919 0.1121 0.2456 0.3051 0.1228 0.4087 0.2009 0.1144 0.5191 0.1402 0.1317 0.4095 0.1166 0.2998 0.2454 0.1121 0.4919 0.1604 0.1208 0.4914 0.1239 0.1804 0.3053 0.1121 0.4332 0.1895 0.1156 0.5210 0.1355 0.1370 0.3847 0.1152 0.3316 0.2329 0.1124 0.5005 0.1555 0.1224 0.4786 0.1224 0.1953 0.2956 0.1119 0.4420 0.1859 0.1160 0.5208 0.1344 0.1385 0.3793 0.1149 0.3380 0.2304 0.1125 0.5022 0.1545 0.1228 0.4753 0.1169
0.4564 0.1230 0.1549 0.5016 0.1125 0.2312 0.3362 0.1150 0.3807 0.1381 0.1346 0.5209 0.1159 0.1863 0.4410 0.1119 0.2965 0.1939 0.1225 0.4795 0.1223 0.1558 0.5001 0.1124 0.2336 0.3301 0.1152 0.3855 0.1368 0.1356 0.5210 0.1156 0.1893 0.4339 0.1121 0.3044 0.1815 0.1238 0.4906 0.1209 0.1601 0.4924 0.1121 0.2447 0.3009 0.1158 0.4692 0.1106 0.4084 0.2003 0.1145 0.5192 0.1400 0.1319 0.4084 0.1165 0.3014 0.2447 0.1121 0.4924 0.1601 0.1209 0.4906 0.1238 0.1815 0.3044 0.1121 0.4339 0.1893 0.1156 0.5210 0.1356 0.1368 0.3855 0.1152 0.3301 0.2336 0.1124 0.5001 0.1558 0.1223 0.4795 0.1225 0.1939 0.2965 0.1119 0.4410 0.1863 0.1159 0.5209 0.1346 0.1381 0.3806 0.1150 0.3361 0.2312 0.1125 0.5016 0.1549 0.1230 0.4564
0.1271 0.1552 0.5011 0.1125 0.2320 0.3343 0.1151 0.3821 0.1377 0.1348 0.5209 0.1158 0.1868 0.4401 0.1119 0.2974 0.1926 0.1226 0.4805 0.1222 0.1561 0.4996 0.1124 0.2342 0.3285 0.1153 0.3866 0.1366 0.1357 0.5210 0.1156 0.1893 0.4342 0.1121 0.3037 0.1826 0.1237 0.4897 0.1210 0.1598 0.4930 0.1121 0.2440 0.3031 0.1165 0.4034 0.1132 0.3245 0.1126 0.4097 0.1998 0.1145 0.5194 0.1398 0.1321 0.4072 0.1165 0.3031 0.2440 0.1121 0.4930 0.1598 0.1210 0.4897 0.1237 0.1826 0.3037 0.1121 0.4342 0.1893 0.1156 0.5210 0.1357 0.1366 0.3866 0.1153 0.3285 0.2342 0.1124 0.4996 0.1561 0.1222 0.4805 0.1226 0.1926 0.2974 0.1119 0.4401 0.1868 0.1158 0.5209 0.1348 0.1378 0.3819 0.1151 0.3343 0.2320 0.1125 0.5011 0.1552 0.1271
0.1495 0.5005 0.1125 0.2327 0.3324 0.1151 0.3834 0.1374 0.1351 0.5209 0.1158 0.1874 0.4390 0.1120 0.2983 0.1913 0.1228 0.4815 0.1220 0.1564 0.4991 0.1124 0.2349 0.3270 0.1154 0.3877 0.1363 0.1359 0.5210 0.1155 0.1895 0.4339 0.1121 0.3035 0.1832 0.1236 0.4889 0.1211 0.1595 0.4935 0.1121 0.2433 0.3047 0.1164 0.4064 0.1316 0.1552 0.1592 0.3248 0.1126 0.4108 0.1993 0.1146 0.5195 0.1396 0.1323 0.4061 0.1164 0.3047 0.2433 0.1121 0.4935 0.1595 0.1211 0.4889 0.1236 0.1832 0.3035 0.1121 0.4339 0.1895 0.1155 0.5210 0.1359 0.1363 0.3877 0.1154 0.3270 0.2349 0.1124 0.4991 0.1564 0.1220 0.4815 0.1228 0.1913 0.2983 0.1120 0.4390 0.1874 0.1158 0.5209 0.1351 0.1374 0.3833 0.1151 0.3325 0.2327 0.1125 0.5005 0.1495
0.4788 0.1130 0.2335 0.3304 0.1152 0.3847 0.1371 0.1353 0.5210 0.1157 0.1879 0.4378 0.1120 0.2992 0.1899 0.1229 0.4825 0.1219 0.1567 0.4986 0.1123 0.2355 0.3254 0.1154 0.3889 0.1361 0.1361 0.5209 0.1155 0.1899 0.4332 0.1121 0.3037 0.1832 0.1235 0.4884 0.1212 0.1592 0.4940 0.1121 0.2427 0.3064 0.1163 0.4049 0.1325 0.1389 0.5047 0.1267 0.1620 0.3238 0.1125 0.4120 0.1988 0.1146 0.5196 0.1393 0.1325 0.4049 0.1163 0.3064 0.2427 0.1121 0.4940 0.1592 0.1212 0.4884 0.1235 0.1832 0.3037 0.1121 0.4332 0.1899 0.1155 0.5209 0.1361 0.1361 0.3889 0.1154 0.3254 0.2355 0.1123 0.4986 0.1567 0.1219 0.4825 0.1229 0.1899 0.2992 0.1120 0.4378 0.1879 0.1157 0.5210 0.1353 0.1371 0.3848 0.1152 0.3307 0.2334 0.1131 0.4788
0.1123 0.2343 0.3286 0.1153 0.3862 0.1367 0.1356 0.5210 0.1157 0.1885 0.4366 0.1120 0.3002 0.1885 0.1230 0.4834 0.1218 0.1570 0.4981 0.1123 0.2361 0.3238 0.1155 0.3900 0.1358 0.1363 0.5209 0.1154 0.1904 0.4322 0.1121 0.3044 0.1826 0.1236 0.4884 0.1212 0.1590 0.4944 0.1122 0.2420 0.3080 0.1162 0.4037 0.1327 0.1392 0.5202 0.1058 0.5047 0.1262 0.1628 0.3228 0.1125 0.4131 0.1983 0.1147 0.5198 0.1391 0.1327 0.4037 0.1162 0.3080 0.2420 0.1122 0.4944 0.1590 0.1212 0.4884 0.1236 0.1826 0.3044 0.1121 0.4322 0.1904 0.1154 0.5209 0.1363 0.1358 0.3900 0.1155 0.3238 0.2361 0.1123 0.4981 0.1570 0.1218 0.4834 0.1230 0.1885 0.3003 0.1120 0.4366 0.1885 0.1157 0.5210 0.1356 0.1367 0.3862 0.1153 0.3289 0.2342 0.1123
0.2250 0.3268 0.1154 0.3876 0.1364 0.1358 0.5210 0.1156 0.1890 0.4354 0.1120 0.3013 0.1870 0.1231 0.4844 0.1217 0.1573 0.4976 0.1123 0.2368 0.3222 0.1156 0.3911 0.1356 0.1365 0.5209 0.1154 0.1908 0.4312 0.1121 0.3053 0.1815 0.1237 0.4889 0.1212 0.1590 0.4946 0.1122 0.2415 0.3095 0.1162 0.4026 0.1330 0.1389 0.5199 0.1133 0.2279 0.1151 0.5049 0.1261 0.1635 0.3219 0.1125 0.4142 0.1979 0.1147 0.5199 0.1389 0.1330 0.4026 0.1162 0.3095 0.2415 0.1122 0.4946 0.1590 0.1212 0.4889 0.1237 0.1815 0.3053 0.1121 0.4312 0.1908 0.1154 0.5209 0.1365 0.1356 0.3911 0.1156 0.3222 0.2368 0.1123 0.4976 0.1573 0.1217 0.4844 0.1231 0.1870 0.3013 0.1120 0.4353 0.1890 0.1156 0.5210 0.1358 0.1364 0.3876 0.1154 0.3270 0.2249
0.2932 0.1159 0.3890 0.1361 0.1360 0.5209 0.1155 0.1895 0.4342 0.1120 0.3024 0.1855 0.1232 0.4853 0.1216 0.1577 0.4971 0.1123 0.2374 0.3206 0.1156 0.3923 0.1353 0.1367 0.5208 0.1153 0.1913 0.4302 0.1121 0.3062 0.1804 0.1238 0.4897 0.1211 0.1592 0.4944 0.1122 0.2413 0.3103 0.1161 0.4016 0.1332 0.1387 0.5200 0.1148 0.1961 0.3449 0.1666 0.1194 0.5042 0.1259 0.1643 0.3209 0.1125 0.4154 0.1974 0.1148 0.5200 0.1387 0.1332 0.4016 0.1161 0.3103 0.2413 0.1122 0.4944 0.1592 0.1211 0.4897 0.1238 0.1804 0.3062 0.1121 0.4302 0.1913 0.1153 0.5208 0.1367 0.1353 0.3923 0.1156 0.3206 0.2374 0.1123 0.4971 0.1577 0.1216 0.4853 0.1232 0.1856 0.3024 0.1121 0.4341 0.1896 0.1155 0.5209 0.1360 0.1361 0.3891 0.1159 0.2932
0.1115 0.3904 0.1358 0.1363 0.5209 0.1155 0.1901 0.4329 0.1121 0.3036 0.1840 0.1234 0.4864 0.1215 0.1580 0.4966 0.1123 0.2381 0.3190 0.1157 0.3934 0.1351 0.1369 0.5208 0.1153 0.1918 0.4291 0.1121 0.3071 0.1792 0.1239 0.4906 0.1210 0.1595 0.4940 0.1122 0.2415 0.3103 0.1161 0.4010 0.1334 0.1385 0.5201 0.1148 0.1970 0.4201 0.1139 0.4831 0.1658 0.1194 0.5035 0.1258 0.1651 0.3200 0.1124 0.4165 0.1969 0.1148 0.5201 0.1385 0.1334 0.4010 0.1161 0.3103 0.2415 0.1122 0.4940 0.1595 0.1210 0.4906 0.1239 0.1792 0.3071 0.1121 0.4291 0.1918 0.1153 0.5208 0.1369 0.1351 0.3934 0.1157 0.3190 0.2381 0.1123 0.4966 0.1580 0.1215 0.4864 0.1234 0.1841 0.3034 0.1121 0.4328 0.1902 0.1155 0.5209 0.1363 0.1357 0.3905 0.1115
0.3738 0.1358 0.1365 0.5209 0.1154 0.1907 0.4317 0.1121 0.3046 0.1825 0.1235 0.4875 0.1214 0.1584 0.4960 0.1122 0.2388 0.3174 0.1158 0.3946 0.1348 0.1371 0.5208 0.1152 0.1922 0.4281 0.1122 0.3080 0.1781 0.1240 0.4914 0.1209 0.1598 0.4935 0.1121 0.2420 0.3095 0.1161 0.4010 0.1334 0.1384 0.5202 0.1149 0.1964 0.4172 0.1112 0.3742 0.1086 0.4828 0.1654 0.1195 0.5029 0.1257 0.1659 0.3190 0.1124 0.4176 0.1964 0.1149 0.5202 0.1384 0.1334 0.4010 0.1161 0.3095 0.2420 0.1121 0.4935 0.1598 0.1209 0.4914 0.1240 0.1781 0.3080 0.1122 0.4281 0.1922 0.1152 0.5208 0.1371 0.1348 0.3946 0.1158 0.3174 0.2388 0.1122 0.4960 0.1584 0.1214 0.4875 0.1235 0.1827 0.3045 0.1121 0.4316 0.1907 0.1154 0.5209 0.1365 0.1358 0.3738
0.1401 0.1368 0.5208 0.1153 0.1913 0.4304 0.1121 0.3057 0.1812 0.1237 0.4887 0.1213 0.1588 0.4953 0.1122 0.2394 0.3158 0.1158 0.3957 0.1346 0.1373 0.5207 0.1152 0.1927 0.4271 0.1122 0.3089 0.1770 0.1241 0.4923 0.1208 0.1601 0.4930 0.1121 0.2427 0.3080 0.1162 0.4016 0.1334 0.1384 0.5202 0.1149 0.1961 0.4185 0.1124 0.3150 0.1303 0.2546 0.1120 0.4834 0.1652 0.1193 0.5012 0.1254 0.1666 0.3183 0.1119 0.4185 0.1961 0.1149 0.5202 0.1384 0.1334 0.4016 0.1162 0.3080 0.2427 0.1121 0.4930 0.1601 0.1208 0.4923 0.1241 0.1770 0.3089 0.1122 0.4271 0.1927 0.1152 0.5207 0.1373 0.1346 0.3957 0.1158 0.3158 0.2395 0.1122 0.4953 0.1588 0.1213 0.4887 0.1237 0.1813 0.3056 0.1121 0.4304 0.1913 0.1153 0.5208 0.1368 0.1401
0.1315 0.5208 0.1153 0.1918 0.4291 0.1121 0.3067 0.1798 0.1238 0.4898 0.1211 0.1591 0.4947 0.1122 0.2402 0.3141 0.1159 0.3969 0.1343 0.1375 0.5206 0.1151 0.1931 0.4260 0.1122 0.3098 0.1760 0.1242 0.4931 0.1207 0.1604 0.4924 0.1121 0.2433 0.3064 0.1162 0.4026 0.1332 0.1385 0.5202 0.1149 0.1959 0.4189 0.1103 0.3182 0.1466 0.1397 0.2724 0.2529 0.1096 0.4799 0.1699 0.1075 0.5028 0.1253 0.1514 0.3378 0.1104 0.4151 0.1959 0.1149 0.5202 0.1385 0.1332 0.4026 0.1162 0.3064 0.2433 0.1121 0.4924 0.1604 0.1207 0.4931 0.1242 0.1760 0.3098 0.1122 0.4260 0.1931 0.1151 0.5206 0.1375 0.1343 0.3968 0.1159 0.3140 0.2403 0.1122 0.4947 0.1591 0.1211 0.4898 0.1238 0.1799 0.3067 0.1121 0.4292 0.1918 0.1153 0.5208 0.1316
0.5024 0.1157 0.1924 0.4278 0.1122 0.3079 0.1785 0.1239 0.4909 0.1210 0.1595 0.4940 0.1122 0.2410 0.3121 0.1160 0.3981 0.1341 0.1377 0.5206 0.1151 0.1936 0.4250 0.1122 0.3108 0.1749 0.1244 0.4940 0.1207 0.1607 0.4919 0.1121 0.2440 0.3047 0.1163 0.4037 0.1330 0.1387 0.5201 0.1149 0.1961 0.4189 0.1084 0.4497 0.1099 0.2189 0.2585 0.1511 0.1609 0.3262 0.1247 0.1462 0.5095 0.1040 0.5166 0.1767 0.1088 0.5183 0.1239 0.4099 0.1961 0.1149 0.5201 0.1387 0.1330 0.4037 0.1163 0.3047 0.2440 0.1121 0.4919 0.1607 0.1207 0.4940 0.1244 0.1749 0.3108 0.1122 0.4250 0.1936 0.1151 0.5206 0.1377 0.1341 0.3980 0.1160 0.3120 0.2411 0.1122 0.4940 0.1595 0.1210 0.4909 0.1240 0.1785 0.3079 0.1122 0.4280 0.1923 0.1158 0.5024
0.1171 0.1930 0.4266 0.1122 0.3090 0.1771 0.1241 0.4920 0.1209 0.1599 0.4934 0.1122 0.2419 0.3101 0.1161 0.3995 0.1338 0.1379 0.5205 0.1150 0.1941 0.4239 0.1122 0.3117 0.1739 0.1245 0.4948 0.1206 0.1611 0.4913 0.1121 0.2447 0.3031 0.1164 0.4049 0.1327 0.1389 0.5200 0.1148 0.1964 0.4185 0.1103 0.4547 0.1325 0.3707 0.2577 0.2751 0.3643 0.1704 0.3638 0.1523 0.2857 0.2440 0.3957 0.0883 0.2458 0.3926 0.2422 0.4504 0.1277 0.4114 0.1964 0.1148 0.5200 0.1389 0.1327 0.4049 0.1164 0.3031 0.2447 0.1121 0.4913 0.1611 0.1206 0.4948 0.1245 0.1739 0.3117 0.1122 0.4239 0.1941 0.1150 0.5205 0.1379 0.1339 0.3993 0.1161 0.3100 0.2419 0.1121 0.4934 0.1599 0.1209 0.4920 0.1241 0.1771 0.3090 0.1122 0.4268 0.1929 0.1171
0.1856 0.4254 0.1122 0.3102 0.1758 0.1243 0.4931 0.1208 0.1603 0.4927 0.1121 0.2427 0.3081 0.1162 0.4008 0.1336 0.1381 0.5204 0.1150 0.1946 0.4228 0.1123 0.3126 0.1729 0.1246 0.4956 0.1205 0.1614 0.4907 0.1120 0.2454 0.3014 0.1165 0.4061 0.1325 0.1391 0.5199 0.1148 0.1969 0.4176 0.1124 0.3148 0.1190 0.4655 0.2778 0.2869 0.3062 0.0848 0.1028 0.4069 0.1730 0.4463 0.1904 0.3826 0.3023 0.1434 0.1071 0.3406 0.5162 0.3868 0.1111 0.4176 0.1969 0.1148 0.5199 0.1391 0.1325 0.4061 0.1165 0.3014 0.2454 0.1120 0.4907 0.1614 0.1205 0.4956 0.1246 0.1729 0.3126 0.1123 0.4228 0.1946 0.1150 0.5204 0.1381 0.1336 0.4007 0.1162 0.3081 0.2427 0.1121 0.4927 0.1603 0.1208 0.4931 0.1243 0.1758 0.3102 0.1122 0.4255 0.1856
0.3964 0.1128 0.3113 0.1745 0.1244 0.4941 0.1207 0.1607 0.4920 0.1121 0.2436 0.3060 0.1162 0.4022 0.1333 0.1384 0.5203 0.1149 0.1950 0.4218 0.1123 0.3135 0.1720 0.1247 0.4964 0.1204 0.1617 0.4901 0.1120 0.2461 0.2998 0.1165 0.4072 0.1323 0.1393 0.5198 0.1147 0.1974 0.4165 0.1124 0.3182 0.1684 0.1409 0.2212 0.1598 0.1858 0.4200 0.2364 0.4731 0.1169 0.2238 0.2015 0.3546 0.3692 0.3900 0.4919 0.1837 0.4972 0.1028 0.1458 0.3162 0.1125 0.4165 0.1974 0.1147 0.5198 0.1393 0.1323 0.4072 0.1165 0.2998 0.2461 0.1120 0.4901 0.1617 0.1204 0.4964 0.1247 0.1720 0.3135 0.1123 0.4218 0.1950 0.1149 0.5203 0.1384 0.1333 0.4021 0.1162 0.3062 0.2435 0.1121 0.4920 0.1607 0.1207 0.4941 0.1244 0.1744 0.3114 0.1128 0.3964
0.1098 0.3125 0.1732 0.1245 0.4951 0.1205 0.1611 0.4913 0.1121 0.2444 0.3040 0.1163 0.4036 0.1330 0.1386 0.5202 0.1149 0.1956 0.4207 0.1123 0.3145 0.1710 0.1248 0.4972 0.1203 0.1620 0.4896 0.1120 0.2467 0.2981 0.1166 0.4084 0.1321 0.1396 0.5196 0.1147 0.1979 0.4154 0.1124 0.3191 0.1667 0.1262 0.4782 0.2007 0.2822 0.1944 0.1086 0.4498 0.1687 0.5050 0.1447 0.0877 0.1917 0.1577 0.1396 0.3277 0.4706 0.1119 0.2531 0.1361 0.1674 0.3188 0.1124 0.4154 0.1979 0.1147 0.5196 0.1396 0.1321 0.4084 0.1166 0.2981 0.2467 0.1120 0.4896 0.1620 0.1203 0.4972 0.1248 0.1710 0.3145 0.1123 0.4207 0.1956 0.1149 0.5202 0.1387 0.1330 0.4036 0.1163 0.3042 0.2443 0.1121 0.4913 0.1611 0.1205 0.4951 0.1245 0.1732 0.3126 0.1098
0.2993 0.1722 0.1247 0.4961 0.1204 0.1615 0.4906 0.1121 0.2452 0.3020 0.1164 0.4050 0.1327 0.1389 0.5200 0.1148 0.1961 0.4195 0.1123 0.3154 0.1701 0.1250 0.4979 0.1202 0.1624 0.4890 0.1120 0.2474 0.2965 0.1167 0.4095 0.1319 0.1398 0.5195 0.1146 0.1983 0.4143 0.1124 0.3200 0.1659 0.1255 0.5010 0.1180 0.1034 0.1133 0.1544 0.3627 0.4443 0.4295 0.2011 0.2363 0.1519 0.2840 0.5306 0.5256 0.1595 0.1487 0.4457 0.0853 0.5207 0.1258 0.1660 0.3200 0.1125 0.4142 0.1983 0.1146 0.5195 0.1398 0.1319 0.4095 0.1167 0.2964 0.2474 0.1120 0.4890 0.1624 0.1202 0.4979 0.1250 0.1701 0.3154 0.1123 0.4195 0.1961 0.1148 0.5200 0.1389 0.1327 0.4050 0.1164 0.3023 0.2451 0.1121 0.4906 0.1615 0.1204 0.4961 0.1247 0.1721 0.2993
0.1663 0.1249 0.4972 0.1204 0.1620 0.4897 0.1121 0.2462 0.2995 0.1166 0.4068 0.1325 0.1392 0.5199 0.1149 0.1968 0.4178 0.1125 0.3168 0.1689 0.1251 0.4990 0.1202 0.1628 0.4882 0.1121 0.2483 0.2942 0.1168 0.4111 0.1317 0.1400 0.5193 0.1147 0.1990 0.4127 0.1126 0.3213 0.1649 0.1257 0.5021 0.1184 0.1777 0.1932 0.0872 0.4865 0.5098 0.0583 0.1978 0.0797 0.5273 0.2777 0.1791 0.2987 0.1804 0.1012 0.1958 0.3078 0.3264 0.1066 0.5048 0.1256 0.1651 0.3209 0.1125 0.4131 0.1988 0.1146 0.5194 0.1400 0.1317 0.4107 0.1168 0.2948 0.2481 0.1120 0.4884 0.1627 0.1201 0.4987 0.1251 0.1692 0.3165 0.1124 0.4181 0.1967 0.1148 0.5199 0.1392 0.1325 0.4065 0.1165 0.3003 0.2460 0.1121 0.4899 0.1619 0.1203 0.4971 0.1249 0.1663
0.1198 0.4961 0.1177 0.1619 0.4911 0.1097 0.2449 0.3036 0.1157 0.4038 0.1305 0.1391 0.5202 0.1122 0.1963 0.4206 0.1107 0.3143 0.1696 0.1250 0.4968 0.1176 0.1625 0.4899 0.1097 0.2468 0.2986 0.1160 0.4078 0.1297 0.1399 0.5197 0.1120 0.1982 0.4159 0.1108 0.3186 0.1654 0.1256 0.5004 0.1172 0.1644 0.4468 0.1826 0.4390 0.4756 0.0965 0.4631 0.2625 0.4109 0.1021 0.4735 0.2031 0.4119 0.1560 0.1596 0.4165 0.1976 0.2390 0.1888 0.1176 0.5028 0.1258 0.1643 0.3219 0.1125 0.4120 0.1993 0.1145 0.5192 0.1402 0.1315 0.4118 0.1168 0.2931 0.2488 0.1120 0.4878 0.1630 0.1200 0.4994 0.1252 0.1682 0.3176 0.1124 0.4167 0.1973 0.1147 0.5197 0.1395 0.1322 0.4079 0.1166 0.2982 0.2468 0.1120 0.4892 0.1623 0.1202 0.4980 0.1197
0.4995 0.1060 0.1999 0.4141 0.1100 0.3191 0.1593 0.1277 0.5004 0.1093 0.1653 0.4874 0.1064 0.2496 0.2910 0.1171 0.4118 0.1211 0.1431 0.5194 0.1055 0.2001 0.4125 0.1102 0.3215 0.1569 0.1282 0.5026 0.1090 0.1664 0.4852 0.1065 0.2522 0.2842 0.1175 0.4168 0.1202 0.1441 0.5186 0.1055 0.2024 0.3955 0.1381 0.0925 0.4072 0.1646 0.4744 0.2033 0.3559 0.1953 0.5137 0.1551 0.3513 0.4257 0.3004 0.0649 0.4194 0.4651 0.1746 0.3629 0.1653 0.1196 0.5035 0.1259 0.1635 0.3228 0.1125 0.4108 0.1998 0.1145 0.5191 0.1404 0.1313 0.4130 0.1169 0.2914 0.2495 0.1120 0.4872 0.1634 0.1199 0.5002 0.1253 0.1672 0.3187 0.1124 0.4154 0.1979 0.1147 0.5196 0.1397 0.1319 0.4094 0.1167 0.2961 0.2477 0.1120 0.4885 0.1627 0.1205 0.4793
0.1198 0.4959 0.1178 0.1618 0.4913 0.1097 0.2449 0.3036 0.1157 0.4038 0.1305 0.1391 0.5202 0.1122 0.1962 0.4206 0.1107 0.3142 0.1697 0.1250 0.4967 0.1176 0.1625 0.4899 0.1097 0.2468 0.2986 0.1160 0.4076 0.1297 0.1399 0.5197 0.1120 0.1982 0.4161 0.1108 0.3186 0.1654 0.1256 0.5004 0.1169 0.1694 0.3603 0.1706 0.1532 0.1949 0.5438 0.1018 0.1990 0.2609 0.1115 0.3366 0.1206 0.1382 0.3149 0.2353 0.1022 0.4792 0.1938 0.1138 0.4853 0.1654 0.1194 0.5042 0.1261 0.1628 0.3238 0.1126 0.4097 0.2003 0.1144 0.5189 0.1406 0.1311 0.4142 0.1170 0.2897 0.2502 0.1119 0.4866 0.1637 0.1198 0.5010 0.1255 0.1661 0.3198 0.1125 0.4140 0.1985 0.1146 0.5194 0.1400 0.1317 0.4109 0.1168 0.2939 0.2486 0.1120 0.4878 0.1631 0.1241
0.1663 0.1248 0.4971 0.1204 0.1619 0.4899 0.1121 0.2462 0.2996 0.1166 0.4068 0.1325 0.1392 0.5199 0.1149 0.1968 0.4178 0.1125 0.3167 0.1689 0.1251 0.4988 0.1202 0.1628 0.4882 0.1121 0.2483 0.2942 0.1168 0.4109 0.1317 0.1400 0.5193 0.1147 0.1989 0.4129 0.1126 0.3213 0.1649 0.1257 0.5008 0.1171 0.1794 0.1741 0.1274 0.2559 0.2259 0.3579 0.2068 0.3848 0.4453 0.4421 0.4216 0.2011 0.2251 0.1411 0.5239 0.3395 0.1576 0.3422 0.1092 0.4827 0.1658 0.1194 0.5049 0.1262 0.1620 0.3248 0.1126 0.4084 0.2009 0.1144 0.5187 0.1409 0.1309 0.4154 0.1171 0.2879 0.2510 0.1120 0.4858 0.1642 0.1197 0.5020 0.1257 0.1650 0.3211 0.1125 0.4125 0.1992 0.1146 0.5192 0.1403 0.1314 0.4125 0.1169 0.2917 0.2495 0.1120 0.4871 0.1570
0.2993 0.1722 0.1247 0.4959 0.1204 0.1614 0.4908 0.1121 0.2451 0.3022 0.1164 0.4050 0.1327 0.1389 0.5200 0.1148 0.1961 0.4195 0.1123 0.3154 0.1701 0.1249 0.4978 0.1202 0.1624 0.4890 0.1120 0.2474 0.2965 0.1167 0.4093 0.1319 0.1398 0.5195 0.1146 0.1983 0.4144 0.1124 0.3200 0.1658 0.1252 0.5048 0.1130 0.2114 0.1681 0.2621 0.4129 0.1586 0.3983 0.4832 0.1293 0.3448 0.1630 0.1622 0.3305 0.2044 0.0784 0.4665 0.0648 0.1587 0.2561 0.1086 0.4830 0.1666 0.1151 0.5047 0.1267 0.1592 0.3245 0.1106 0.4088 0.2016 0.1104 0.5188 0.1416 0.1270 0.4150 0.1166 0.2880 0.2511 0.1086 0.4859 0.1651 0.1155 0.5020 0.1262 0.1622 0.3211 0.1105 0.4126 0.2000 0.1105 0.5192 0.1410 0.1275 0.4125 0.1164 0.2905 0.2505 0.1091 0.4619
0.1098 0.3125 0.1732 0.1245 0.4950 0.1206 0.1611 0.4914 0.1121 0.2442 0.3044 0.1163 0.4036 0.1330 0.1387 0.5202 0.1149 0.1955 0.4208 0.1123 0.3145 0.1710 0.1248 0.4970 0.1203 0.1620 0.4896 0.1120 0.2467 0.2981 0.1166 0.4082 0.1321 0.1396 0.5196 0.1147 0.1978 0.4156 0.1124 0.3191 0.1668 0.1256 0.5152 0.1581 0.2811 0.3663 0.1345 0.0703 0.1090 0.3894 0.3947 0.1460 0.3742 0.4597 0.1092 0.1073 0.3030 0.1025 0.3575 0.1680 0.1275 0.3740 0.1139 0.3450 0.2278 0.1058 0.5047 0.1552 0.1132 0.4691 0.1228 0.2046 0.2879 0.1082 0.4504 0.1834 0.1068 0.5202 0.1355 0.1319 0.3690 0.1135 0.3518 0.2252 0.1057 0.5064 0.1541 0.1137 0.4652 0.1224 0.2101 0.2852 0.1080 0.4529 0.1823 0.1069 0.5199 0.1353 0.1321 0.3707 0.1103
0.3964 0.1128 0.3113 0.1745 0.1244 0.4940 0.1207 0.1607 0.4921 0.1121 0.2434 0.3064 0.1162 0.4021 0.1333 0.1384 0.5203 0.1150 0.1950 0.4219 0.1123 0.3135 0.1720 0.1247 0.4963 0.1204 0.1617 0.4901 0.1120 0.2461 0.2998 0.1165 0.4070 0.1323 0.1393 0.5198 0.1147 0.1973 0.4167 0.1124 0.3183 0.1667 0.1276 0.1460 0.5618 0.4454 0.1514 0.3861 0.1832 0.3059 0.1359 0.4306 0.4378 0.1060 0.4654 0.4652 0.1419 0.5732 0.4013 0.1199 0.3207 0.1111 0.4204 0.1961 0.1133 0.5202 0.1389 0.1316 0.4032 0.1158 0.3051 0.2441 0.1106 0.4920 0.1610 0.1191 0.4936 0.1244 0.1744 0.3105 0.1111 0.4255 0.1938 0.1135 0.5206 0.1379 0.1327 0.3982 0.1154 0.3116 0.2415 0.1107 0.4940 0.1599 0.1194 0.4912 0.1240 0.1771 0.3083 0.1115 0.3988
