-29.8572 -48.7607 -9.8719 -36.1717 -9.8974 -22.9635 -42.3643 20.1712 -27.8938 -48.2274 20.4825 -33.4078 -39.5094 -19.5882 -39.6674 11.3208 -25.7399 -46.0418 31.1163 -31.0433 -48.2571 -13.5841 -37.1586 -1.3853 -23.7727 -43.2976 23.1898 -28.6598 -48.5974 7.3616 -34.1213 -31.9562 -20.9020 -40.5516 14.3390 -26.4377 -46.8857 31.5448 -31.8555 -46.8679 -16.1488 -37.9932 4.1032 -24.4287 -44.2416 25.9787 -33.4999 17.6104 -41.4480 -22.0160 -21.2345 -35.0825 -3.7539 -48.7603 -29.4492 26.1999 -44.2285 -24.4249 4.1050 -37.9975 -16.1489 -46.8683 -31.8587 31.5456 -46.8808 -26.4338 14.3402 -40.5563 -20.9026 -31.9584 -34.1249 7.3673 -48.5943 -28.6552 23.1908 -43.3027 -23.7736 -1.3868 -37.1624 -13.5832 -48.2617 -31.0381 31.1157 -46.0467 -25.7413 11.3201 -39.6717 -19.5882 -39.5408 -33.4021 20.4734 -48.2308 -27.8953 20.1698 -42.3643 -22.9635 -9.8974 -36.1717 -9.8719 -48.7607 -29.8572
-48.7607 -5.5880 -35.1300 -8.1226 -24.6567 -42.0561 19.8500 -28.8634 -48.4212 31.0450 -33.0498 -38.1911 -20.4590 -39.0590 11.3118 -27.0916 -46.0620 32.1249 -31.3854 -48.0272 -11.7381 -36.2208 -0.4887 -25.4862 -43.0788 22.8436 -29.4908 -48.8292 21.4175 -33.4447 -30.0883 -22.1675 -40.0474 14.1945 -27.6652 -46.9729 34.3120 -31.9919 -46.4052 -15.6624 -37.1677 4.5350 -26.0302 -44.1009 26.0052 -30.6055 -47.6711 -29.4749 16.9952 -41.0497 -23.5556 -18.9821 -34.0387 6.2689 -48.8562 -30.1286 25.9643 -44.0951 -26.0272 4.5530 -37.1705 -15.6617 -46.3976 -31.9955 34.3073 -46.9672 -27.6602 14.2066 -40.0504 -22.1676 -30.0555 -33.4487 21.4685 -48.8268 -29.4838 22.8566 -43.0819 -25.4867 -0.4682 -36.2237 -11.7202 -48.0338 -31.3761 32.1358 -46.0649 -27.0926 11.3217 -39.0618 -20.4529 -38.2313 -33.0384 31.0144 -48.4221 -28.8645 19.8500 -42.0561 -24.6567 -8.1226 -35.1300 -5.5880 -48.7607
-9.8719 -35.1300 -8.2774 -24.6253 -42.0176 19.7247 -28.9308 -48.3976 31.3728 -33.3859 -38.4915 -20.3761 -39.0108 11.1643 -27.0894 -46.0177 31.9961 -31.5726 -48.0760 -11.5026 -36.1699 -0.7935 -25.4380 -43.0307 22.6931 -29.5796 -48.8174 22.0811 -33.8438 -30.5675 -22.0918 -40.0006 14.0555 -27.6830 -46.9324 34.2554 -32.2180 -46.5149 -15.4906 -37.1240 4.3277 -25.9921 -44.0543 25.8295 -30.2202 -48.7850 -12.5748 -47.2182 -28.2961 16.8695 -40.9997 -23.4992 -19.5688 -34.1638 7.0872 -48.8679 -30.2431 25.8094 -44.0481 -25.9904 4.3431 -37.1242 -15.4994 -46.5077 -32.2214 34.2458 -46.9272 -27.6797 14.0658 -40.0008 -22.0955 -30.5356 -33.8483 22.1697 -48.8159 -29.5746 22.7042 -43.0310 -25.4387 -0.7728 -36.1703 -11.4694 -48.0823 -31.5659 32.0057 -46.0179 -27.0894 11.1742 -39.0108 -20.3646 -38.5303 -33.3765 31.3495 -48.3969 -28.9308 19.7247 -42.0176 -24.6253 -8.2774 -35.1300 -9.8719
-36.1717 -8.1226 -24.6253 -41.9997 19.6364 -28.9125 -48.3762 31.6020 -33.3630 -38.7914 -20.2877 -38.9647 11.0251 -27.0605 -45.9704 31.8647 -31.5396 -48.1262 -11.2670 -36.1174 -1.1044 -25.4037 -42.9797 22.5491 -29.5466 -48.8039 22.6758 -33.8199 -31.0381 -22.0136 -39.9510 13.9225 -27.6528 -46.8890 34.1798 -32.1839 -46.6212 -15.3255 -37.0778 4.1262 -25.9659 -44.0036 25.6806 -30.2073 -48.9090 10.2791 -36.0561 35.0595 -47.7144 -28.2667 16.7278 -40.9530 -23.4365 -20.1625 -34.1555 7.8579 -48.8774 -30.2080 25.6614 -44.0008 -25.9657 4.1274 -37.0778 -15.3345 -46.6212 -32.1875 34.1705 -46.8866 -27.6522 13.9233 -39.9510 -22.0173 -31.0381 -33.8259 22.7542 -48.8032 -29.5456 22.5500 -42.9797 -25.4043 -1.1044 -36.1174 -11.2360 -48.1290 -31.5382 31.8655 -45.9703 -27.0605 11.0251 -38.9647 -20.2810 -38.8086 -33.3604 31.6020 -48.3762 -28.9125 19.6364 -41.9997 -24.6253 -8.1226 -36.1717
-9.8974 -24.6567 -42.0176 19.6364 -28.9063 -48.3649 31.7650 -33.3415 -39.0548 -20.2040 -38.9250 10.8950 -27.0335 -45.9234 31.7236 -31.5065 -48.1743 -11.0101 -36.0651 -1.4262 -25.3698 -42.9292 22.3972 -29.5138 -48.7897 23.2887 -33.7993 -31.5062 -21.9361 -39.9021 13.7816 -27.6228 -46.8456 34.0962 -32.1519 -46.7254 -15.1602 -37.0322 3.9097 -25.9399 -43.9533 25.5224 -30.1728 -48.8819 8.4919 -34.4313 -0.3304 -33.9229 34.7232 -47.6695 -28.2337 16.5976 -40.9061 -23.3736 -20.7509 -34.1475 8.6684 -48.8848 -30.1738 25.5135 -43.9535 -25.9410 3.9097 -37.0322 -15.1602 -46.7253 -32.1539 34.0915 -46.8457 -27.6242 13.7815 -39.9021 -21.9361 -31.5060 -33.8025 23.3238 -48.7898 -29.5154 22.3972 -42.9293 -25.3698 -1.4261 -36.0654 -10.9956 -48.1739 -31.5084 31.7244 -45.9232 -27.0336 10.8950 -38.9250 -20.2030 -39.0548 -33.3415 31.7650 -48.3649 -28.9063 19.6364 -42.0176 -24.6567 -9.8974
-22.9635 -42.0561 19.7247 -28.9125 -48.3649 31.8194 -33.3311 -39.2329 -20.1332 -38.8869 10.7746 -27.0090 -45.8813 31.5911 -31.4784 -48.2180 -10.7503 -36.0166 -1.7366 -25.3345 -42.8811 22.2472 -29.4810 -48.7745 23.8819 -33.7792 -31.9655 -21.8568 -39.8555 13.6420 -27.5929 -46.8016 34.0090 -32.1207 -46.8260 -14.9898 -36.9888 3.6923 -25.9140 -43.9026 25.3653 -30.1399 -48.8909 9.4553 -34.1068 -22.9152 -27.6655 -44.2148 -32.7457 34.7608 -47.6293 -28.2016 16.4666 -40.8587 -23.3091 -21.3272 -34.1373 9.4513 -48.8909 -30.1395 25.3658 -43.9057 -25.9155 3.6924 -36.9887 -14.9899 -46.8254 -32.1203 34.0089 -46.8043 -27.5951 13.6421 -39.8555 -21.8568 -31.9627 -33.7788 23.8783 -48.7754 -29.4839 22.2473 -42.8811 -25.3346 -1.7346 -36.0168 -10.7502 -48.2170 -31.4801 31.5912 -45.8814 -27.0090 10.7746 -38.8869 -20.1332 -39.2329 -33.3311 31.8194 -48.3649 -28.9125 19.7247 -42.0561 -22.9635
-42.3643 19.8500 -28.9308 -48.3762 31.7650 -33.3311 -39.2930 -20.0942 -38.8585 10.6666 -26.9860 -45.8426 31.4748 -31.4530 -48.2560 -10.5137 -35.9736 -2.0258 -25.3000 -42.8301 22.1036 -29.4474 -48.7584 24.4621 -33.7609 -32.4061 -21.7760 -39.8058 13.5087 -27.5626 -46.7574 33.9174 -32.0911 -46.9211 -14.8162 -36.9425 3.4816 -25.8882 -43.8519 25.2075 -30.1086 -48.8960 10.2317 -34.1227 -21.7909 -23.1913 -41.9684 -17.8540 -44.2147 -32.7266 34.7870 -47.5911 -28.1702 16.3341 -40.8088 -23.2447 -21.8751 -34.1257 10.2334 -48.8958 -30.1052 25.2169 -43.8554 -25.8898 3.4815 -36.9428 -14.8174 -46.9223 -32.0865 33.9221 -46.7604 -27.5650 13.5086 -39.8061 -21.7770 -32.4116 -33.7546 24.4235 -48.7595 -29.4504 22.1046 -42.8298 -25.3004 -2.0242 -35.9736 -10.5137 -48.2555 -31.4530 31.4748 -45.8426 -26.9860 10.6666 -38.8585 -20.0942 -39.2930 -33.3311 31.7650 -48.3762 -28.9308 19.8500 -42.3643
20.1712 -28.8634 -48.3976 31.6020 -33.3415 -39.2329 -20.0942 -38.8489 10.6065 -26.9691 -45.8080 31.3611 -31.4265 -48.2897 -10.2907 -35.9309 -2.2984 -25.2686 -42.7821 21.9609 -29.4178 -48.7421 25.0181 -33.7435 -32.8169 -21.6965 -39.7535 13.3664 -27.5330 -46.7127 33.8218 -32.0629 -47.0085 -14.6436 -36.8938 3.2533 -25.8626 -43.8008 25.0497 -30.0785 -48.8994 11.0072 -34.1079 -22.4950 -23.1864 -40.6152 22.5101 -37.7841 -17.6891 -44.4093 -32.6930 34.8035 -47.5522 -28.1395 16.1947 -40.7586 -23.1818 -22.4524 -34.1122 11.0192 -48.8993 -30.0725 25.0603 -43.8046 -25.8640 3.2545 -36.8968 -14.6415 -47.0163 -32.0551 33.8274 -46.7160 -27.5351 13.3671 -39.7568 -21.6962 -32.8538 -33.7353 24.9871 -48.7428 -29.4194 21.9610 -42.7821 -25.2688 -2.2984 -35.9309 -10.2907 -48.2897 -31.4265 31.3611 -45.8080 -26.9691 10.6065 -38.8489 -20.0942 -39.2329 -33.3415 31.6020 -48.3969 -28.8645 20.1698
-27.8938 -48.4212 31.3728 -33.3630 -39.0548 -20.1332 -38.8585 10.6065 -26.9634 -45.7889 31.2758 -31.4013 -48.3215 -10.0660 -35.8879 -2.5755 -25.2384 -42.7407 21.8303 -29.3927 -48.7266 25.4995 -33.7248 -33.2241 -21.6203 -39.7045 13.2159 -27.5048 -46.6687 33.7219 -32.0343 -47.0933 -14.4766 -36.8480 3.0080 -25.8377 -43.7507 24.8914 -30.0481 -48.9017 11.7390 -34.0905 -23.0643 -23.1115 -40.7183 15.6723 -32.2595 6.8962 -37.7877 -17.5464 -44.5859 -32.6610 34.8126 -47.5135 -28.1103 16.0545 -40.7085 -23.1154 -23.0261 -34.0978 11.8088 -48.9019 -30.0413 24.9029 -43.7538 -25.8383 3.0236 -36.8505 -14.4615 -47.1052 -32.0253 33.7285 -46.6714 -27.5054 13.2254 -39.7072 -21.6185 -33.2576 -33.7217 25.5017 -48.7270 -29.3927 21.8303 -42.7407 -25.2384 -2.5755 -35.8879 -10.0660 -48.3215 -31.4013 31.2758 -45.7889 -26.9634 10.6065 -38.8585 -20.1332 -39.0548 -33.3604 31.3495 -48.4221 -27.8953
-48.2274 31.0450 -33.3859 -38.7914 -20.2040 -38.8869 10.6666 -26.9691 -45.7889 31.2466 -31.3881 -48.3444 -9.8596 -35.8453 -2.8578 -25.2076 -42.6999 21.7101 -29.3673 -48.7120 25.9315 -33.7069 -33.5986 -21.5480 -39.6612 13.0824 -27.4775 -46.6269 33.6199 -32.0036 -47.1763 -14.3064 -36.8024 2.7731 -25.8123 -43.7027 24.7361 -30.0162 -48.9027 12.4710 -34.0730 -23.6326 -23.0445 -40.6574 15.9429 -28.3747 -48.4862 -27.1279 6.9047 -37.7392 -17.4102 -44.7503 -32.6307 34.8141 -47.4766 -28.0819 15.9143 -40.6583 -23.0482 -23.6011 -34.0812 12.5794 -48.9030 -30.0112 24.7458 -43.7030 -25.8125 2.7863 -36.8024 -14.2820 -47.1869 -31.9968 33.6261 -46.6271 -27.4772 13.0902 -39.6612 -21.5471 -33.6033 -33.7065 25.9315 -48.7120 -29.3673 21.7101 -42.6999 -25.2076 -2.8578 -35.8453 -9.8596 -48.3444 -31.3881 31.2466 -45.7889 -26.9691 10.6666 -38.8869 -20.2030 -38.8086 -33.3765 31.0144 -48.2308
20.4825 -33.0498 -38.4915 -20.2877 -38.9250 10.7746 -26.9860 -45.8080 31.2758 -31.3881 -48.3520 -9.7431 -35.8133 -3.1166 -25.1770 -42.6591 21.5901 -29.3411 -48.6968 26.3427 -33.6887 -33.9382 -21.4808 -39.6212 12.9667 -27.4524 -46.5870 33.5263 -31.9716 -47.2618 -14.1307 -36.7569 2.5351 -25.7869 -43.6519 24.5880 -29.9823 -48.9029 13.2106 -34.0545 -24.1938 -22.9768 -40.6080 15.7715 -28.0440 -47.1176 26.8169 -44.2109 -26.3147 6.7163 -37.6952 -17.2773 -44.9093 -32.5984 34.8087 -47.4395 -28.0535 15.7741 -40.6080 -22.9799 -24.1939 -34.0612 13.3088 -48.9030 -29.9812 24.5889 -43.6519 -25.7869 2.5351 -36.7569 -14.1081 -47.2665 -31.9700 33.5265 -46.5872 -27.4523 12.9667 -39.6212 -21.4808 -33.9382 -33.6887 26.3427 -48.6968 -29.3411 21.5901 -42.6591 -25.1770 -3.1166 -35.8133 -9.7431 -48.3520 -31.3881 31.2758 -45.8080 -26.9860 10.7746 -38.9250 -20.2810 -38.5303 -33.0384 20.4734
-33.4078 -38.1911 -20.3761 -38.9647 10.8950 -27.0090 -45.8426 31.3611 -31.4013 -48.3444 -9.7431 -35.8024 -3.2621 -25.1539 -42.6223 21.4723 -29.3150 -48.6812 26.7424 -33.6707 -34.2678 -21.4140 -39.5819 12.8527 -27.4287 -46.5502 33.4372 -31.9432 -47.3386 -13.9508 -36.7165 2.3064 -25.7623 -43.6016 24.4314 -29.9491 -48.9020 13.9898 -34.0390 -24.7567 -22.9091 -40.5585 15.6332 -28.0249 -47.4222 34.8303 -35.0267 27.5279 -44.6247 -26.2894 6.5464 -37.6485 -17.1431 -45.0637 -32.5659 34.7971 -47.4020 -28.0249 15.6332 -40.5585 -22.9091 -24.7565 -34.0425 14.0347 -48.9020 -29.9507 24.4314 -43.6016 -25.7624 2.3063 -36.7166 -13.9404 -47.3386 -31.9432 33.4373 -46.5502 -27.4287 12.8527 -39.5819 -21.4140 -34.2678 -33.6707 26.7424 -48.6812 -29.3150 21.4723 -42.6223 -25.1539 -3.2621 -35.8024 -9.7431 -48.3444 -31.4013 31.3611 -45.8426 -27.0090 10.8950 -38.9647 -20.3646 -38.2313 -33.4021
-39.5094 -20.4590 -39.0108 11.0251 -27.0335 -45.8813 31.4748 -31.4265 -48.3215 -9.8596 -35.8133 -3.2621 -25.1460 -42.6019 21.3846 -29.2909 -48.6647 27.1307 -33.6525 -34.5922 -21.3467 -39.5426 12.7385 -27.4051 -46.5140 33.3480 -31.9169 -47.4031 -13.7838 -36.6796 2.1040 -25.7389 -43.5538 24.2767 -29.9173 -48.8985 14.7663 -34.0255 -25.3134 -22.8396 -40.5114 15.4947 -27.9927 -47.3600 34.7807 -33.0315 -33.5683 -31.9465 27.4802 -44.5675 -26.2624 6.3640 -37.6014 -17.0070 -45.2138 -32.5333 34.7797 -47.3639 -27.9951 15.4948 -40.5113 -22.8397 -25.3100 -34.0255 14.7586 -48.8997 -29.9188 24.2760 -43.5541 -25.7389 2.1040 -36.6796 -13.7838 -47.4031 -31.9169 33.3480 -46.5140 -27.4051 12.7385 -39.5426 -21.3467 -34.5922 -33.6525 27.1307 -48.6647 -29.2909 21.3846 -42.6019 -25.1460 -3.2621 -35.8133 -9.8596 -48.3215 -31.4265 31.4748 -45.8814 -27.0336 11.0251 -39.0108 -20.4529 -39.5408
-19.5882 -39.0590 11.1643 -27.0605 -45.9234 31.5911 -31.4530 -48.2897 -10.0660 -35.8453 -3.1166 -25.1539 -42.6019 21.3548 -29.2778 -48.6519 27.4702 -33.6320 -34.9113 -21.2788 -39.5034 12.6241 -27.3814 -46.4776 33.2570 -31.8910 -47.4649 -13.6270 -36.6429 1.9026 -25.7173 -43.5090 24.1388 -29.8889 -48.8953 15.5011 -34.0143 -25.8241 -22.7719 -40.4611 15.3626 -27.9616 -47.3206 34.7565 -32.4815 -45.7210 -22.5078 -48.7668 -30.5432 27.3041 -44.5184 -26.2368 6.1772 -37.5546 -16.8687 -45.3598 -32.5005 34.7566 -47.3234 -27.9642 15.3626 -40.4614 -22.7729 -25.8210 -34.0140 15.4832 -48.8964 -29.8890 24.1390 -43.5090 -25.7173 1.9026 -36.6429 -13.6270 -47.4649 -31.8910 33.2570 -46.4776 -27.3814 12.6241 -39.5034 -21.2788 -34.9113 -33.6320 27.4702 -48.6519 -29.2778 21.3548 -42.6019 -25.1539 -3.1166 -35.8453 -10.0660 -48.2897 -31.4530 31.5912 -45.9232 -27.0605 11.1742 -39.0618 -19.5882
-39.6674 11.3118 -27.0894 -45.9704 31.7236 -31.4784 -48.2560 -10.2907 -35.8879 -2.8578 -25.1770 -42.6223 21.3846 -29.2778 -48.6477 27.6550 -33.6159 -35.1944 -21.2114 -39.4642 12.5095 -27.3579 -46.4411 33.1640 -31.8651 -47.5249 -13.4674 -36.6060 1.6985 -25.6968 -43.4678 24.0126 -29.8630 -48.8928 16.1625 -34.0068 -26.2645 -22.7098 -40.4108 15.2226 -27.9321 -47.2789 34.7259 -32.4818 -45.4525 -16.3877 -38.1763 2.5448 -48.7660 -30.5170 27.1474 -44.4713 -26.2105 5.9893 -37.5078 -16.7283 -45.5021 -32.4703 34.7267 -47.2824 -27.9336 15.2218 -40.4119 -22.7106 -26.2642 -34.0068 16.1533 -48.8928 -29.8630 24.0126 -43.4678 -25.6968 1.6985 -36.6060 -13.4674 -47.5249 -31.8651 33.1640 -46.4411 -27.3579 12.5095 -39.4642 -21.2114 -35.1944 -33.6159 27.6550 -48.6477 -29.2778 21.3846 -42.6223 -25.1770 -2.8578 -35.8879 -10.2907 -48.2555 -31.4801 31.7244 -45.9703 -27.0894 11.3217 -39.6717
11.3208 -27.0916 -46.0177 31.8647 -31.5065 -48.2180 -10.5137 -35.9309 -2.5755 -25.2076 -42.6591 21.4723 -29.2909 -48.6519 27.6550 -33.6113 -35.3497 -21.1608 -39.4289 12.3965 -27.3343 -46.4045 33.0693 -31.8391 -47.5831 -13.3052 -36.5687 1.4913 -25.6758 -43.4270 23.8883 -29.8365 -48.8887 16.7642 -33.9965 -26.6947 -22.6527 -40.3673 15.0908 -27.9059 -47.2401 34.6908 -32.4493 -45.6207 -16.6322 -37.3467 12.7010 -34.5440 1.9164 -48.7640 -30.4816 26.9977 -44.4210 -26.1838 5.7991 -37.4607 -16.5850 -45.6380 -32.4434 34.6909 -47.2430 -27.9060 15.0908 -40.3678 -22.6527 -26.6947 -33.9965 16.7642 -48.8887 -29.8365 23.8883 -43.4270 -25.6758 1.4913 -36.5687 -13.3052 -47.5831 -31.8391 33.0693 -46.4045 -27.3343 12.3965 -39.4289 -21.1608 -35.3497 -33.6113 27.6550 -48.6519 -29.2909 21.4723 -42.6591 -25.2076 -2.5755 -35.9309 -10.5137 -48.2170 -31.5084 31.8655 -46.0179 -27.0926 11.3201
-25.7399 -46.0620 31.9961 -31.5396 -48.1743 -10.7503 -35.9736 -2.2984 -25.2384 -42.6999 21.5901 -29.3150 -48.6647 27.4702 -33.6159 -35.3497 -21.1435 -39.4093 12.3120 -27.3129 -46.3681 32.9729 -31.8131 -47.6395 -13.1401 -36.5310 1.2807 -25.6543 -43.3863 23.7642 -29.8100 -48.8840 17.3590 -33.9827 -27.1199 -22.5952 -40.3274 14.9770 -27.8814 -47.2066 34.6537 -32.4214 -45.7453 -16.4590 -37.4221 5.0640 -30.5538 -16.4702 -34.2333 2.6515 -48.7804 -30.4504 26.8382 -44.3707 -26.1571 5.6055 -37.4141 -16.4498 -45.7557 -32.4194 34.6540 -47.2066 -27.8815 14.9770 -40.3274 -22.5952 -27.1199 -33.9827 17.3590 -48.8840 -29.8100 23.7642 -43.3863 -25.6543 1.2807 -36.5310 -13.1401 -47.6395 -31.8131 32.9729 -46.3681 -27.3129 12.3120 -39.4093 -21.1435 -35.3497 -33.6159 27.4702 -48.6647 -29.3150 21.5901 -42.6999 -25.2384 -2.2984 -35.9736 -10.7502 -48.1739 -31.5382 32.0057 -46.0649 -25.7413
-46.0418 32.1249 -31.5726 -48.1262 -11.0101 -36.0166 -2.0258 -25.2686 -42.7407 21.7101 -29.3411 -48.6812 27.1307 -33.6320 -35.1944 -21.1608 -39.4093 12.2832 -27.3012 -46.3409 32.8845 -31.7860 -47.6943 -12.9720 -36.4929 1.0668 -25.6321 -43.3456 23.6404 -29.7836 -48.8786 17.9463 -33.9687 -27.5408 -22.5374 -40.2876 14.8650 -27.8571 -47.1731 34.6160 -32.3961 -45.8602 -16.3321 -37.3728 5.4731 -26.2799 -45.7380 -24.2365 -16.4354 -34.2231 3.3194 -48.7973 -30.4203 26.6802 -44.3228 -26.1324 5.4233 -37.3734 -16.3305 -45.8616 -32.3961 34.6160 -47.1731 -27.8571 14.8650 -40.2876 -22.5374 -27.5408 -33.9687 17.9463 -48.8786 -29.7836 23.6404 -43.3456 -25.6321 1.0668 -36.4929 -12.9720 -47.6943 -31.7860 32.8845 -46.3409 -27.3012 12.2832 -39.4093 -21.1608 -35.1944 -33.6320 27.1307 -48.6812 -29.3411 21.7101 -42.7407 -25.2688 -2.0242 -36.0168 -10.9956 -48.1290 -31.5659 32.1358 -46.0467
31.1163 -31.3854 -48.0760 -11.2670 -36.0651 -1.7366 -25.3000 -42.7821 21.8303 -29.3673 -48.6968 26.7424 -33.6525 -34.9113 -21.2114 -39.4289 12.3120 -27.3012 -46.3317 32.8350 -31.7653 -47.7421 -12.8038 -36.4545 0.8494 -25.6094 -43.3048 23.5167 -29.7572 -48.8725 18.5256 -33.9544 -27.9571 -22.4790 -40.2477 14.7529 -27.8327 -47.1395 34.5748 -32.3711 -45.9634 -16.2116 -37.3361 5.2603 -26.1087 -44.0808 33.4133 -41.0554 -23.7652 -17.0809 -34.2109 3.9669 -48.8128 -30.3903 26.5390 -44.2788 -26.1108 5.2630 -37.3361 -16.2116 -45.9634 -32.3711 34.5748 -47.1395 -27.8327 14.7529 -40.2477 -22.4790 -27.9571 -33.9544 18.5256 -48.8725 -29.7572 23.5167 -43.3048 -25.6094 0.8494 -36.4545 -12.8038 -47.7421 -31.7653 32.8350 -46.3317 -27.3012 12.3120 -39.4289 -21.2114 -34.9113 -33.6525 26.7424 -48.6968 -29.3673 21.8303 -42.7821 -25.3004 -1.7346 -36.0654 -11.2360 -48.0823 -31.3761 31.1157
-31.0433 -48.0272 -11.5026 -36.1174 -1.4262 -25.3345 -42.8301 21.9609 -29.3927 -48.7120 26.3427 -33.6707 -34.5922 -21.2788 -39.4642 12.3965 -27.3129 -46.3409 32.8350 -31.7588 -47.7681 -12.6765 -36.4196 0.6319 -25.5861 -43.2641 23.3933 -29.7307 -48.8657 19.0963 -33.9399 -28.3687 -22.4202 -40.2080 14.6407 -27.8084 -47.1057 34.5302 -32.3461 -46.0628 -16.0911 -37.2990 5.1035 -26.0902 -44.2542 25.9980 -33.7933 17.2343 -41.1792 -23.7038 -17.6272 -34.2066 4.5912 -48.8259 -30.3623 26.4087 -44.2384 -26.0896 5.1035 -37.2990 -16.0911 -46.0628 -32.3461 34.5302 -47.1057 -27.8084 14.6407 -40.2080 -22.4202 -28.3687 -33.9399 19.0963 -48.8657 -29.7307 23.3933 -43.2641 -25.5861 0.6319 -36.4196 -12.6765 -47.7681 -31.7588 32.8350 -46.3409 -27.3129 12.3965 -39.4642 -21.2788 -34.5922 -33.6707 26.3427 -48.7120 -29.3927 21.9610 -42.8298 -25.3346 -1.4261 -36.1174 -11.4694 -48.0338 -31.0381
-48.2571 -11.7381 -36.1699 -1.1044 -25.3698 -42.8811 22.1036 -29.4178 -48.7266 25.9315 -33.6887 -34.2678 -21.3467 -39.5034 12.5095 -27.3343 -46.3681 32.8845 -31.7653 -47.7681 -12.6327 -36.4001 0.4674 -25.5648 -43.2239 23.2702 -29.7043 -48.8584 19.6580 -33.9251 -28.7756 -22.3609 -40.1682 14.5285 -27.7842 -47.0718 34.4822 -32.3210 -46.1598 -15.9691 -37.2618 4.9422 -26.0685 -44.1971 26.3232 -30.7589 -47.7537 -29.5090 17.2311 -41.1257 -23.6502 -18.1033 -34.2024 5.1760 -48.8370 -30.3354 26.2813 -44.1980 -26.0685 4.9422 -37.2618 -15.9691 -46.1598 -32.3210 34.4822 -47.0718 -27.7842 14.5285 -40.1682 -22.3609 -28.7756 -33.9251 19.6580 -48.8584 -29.7043 23.2702 -43.2239 -25.5648 0.4674 -36.4001 -12.6327 -47.7681 -31.7653 32.8845 -46.3681 -27.3343 12.5095 -39.5034 -21.3467 -34.2678 -33.6887 25.9315 -48.7270 -29.4194 22.1046 -42.8811 -25.3698 -1.1044 -36.1703 -11.7202 -48.2617
-13.5841 -36.2208 -0.7935 -25.4037 -42.9292 22.2472 -29.4474 -48.7421 25.4995 -33.7069 -33.9382 -21.4140 -39.5426 12.6241 -27.3579 -46.4045 32.9729 -31.7860 -47.7421 -12.6765 -36.4001 0.4109 -25.5527 -43.1939 23.1594 -29.6776 -48.8504 20.2102 -33.9100 -29.1776 -22.3012 -40.1285 14.4163 -27.7600 -47.0377 34.4309 -32.2959 -46.2544 -15.8453 -37.2248 4.7792 -26.0474 -44.1576 26.1519 -30.2900 -48.7882 -12.6548 -47.2487 -28.3411 17.0906 -41.0823 -23.6010 -18.5731 -34.1943 5.7609 -48.8473 -30.3087 26.1540 -44.1576 -26.0474 4.7792 -37.2248 -15.8453 -46.2544 -32.2959 34.4309 -47.0377 -27.7600 14.4163 -40.1285 -22.3012 -29.1776 -33.9100 20.2102 -48.8504 -29.6776 23.1594 -43.1939 -25.5527 0.4109 -36.4001 -12.6765 -47.7421 -31.7860 32.9729 -46.4045 -27.3579 12.6241 -39.5426 -21.4140 -33.9382 -33.7065 25.5017 -48.7428 -29.4504 22.2473 -42.9293 -25.4043 -0.7728 -36.2237 -13.5832
-37.1586 -0.4887 -25.4380 -42.9797 22.3972 -29.4810 -48.7584 25.0181 -33.7248 -33.5986 -21.4808 -39.5819 12.7385 -27.3814 -46.4411 33.0693 -31.8131 -47.6943 -12.8038 -36.4196 0.4674 -25.5527 -43.1838 23.0980 -29.6574 -48.8418 20.7436 -33.8948 -29.5746 -22.2409 -40.0888 14.3040 -27.7358 -47.0034 34.3765 -32.2707 -46.3467 -15.7199 -37.1877 4.6142 -26.0264 -44.1172 26.0268 -30.2843 -48.8880 8.6617 -36.0531 35.0151 -47.7788 -28.3219 16.9779 -41.0420 -23.5515 -19.0430 -34.1858 6.3539 -48.8566 -30.2820 26.0268 -44.1172 -26.0264 4.6142 -37.1877 -15.7199 -46.3467 -32.2707 34.3765 -47.0034 -27.7358 14.3040 -40.0888 -22.2409 -29.5746 -33.8948 20.7436 -48.8418 -29.6574 23.0980 -43.1838 -25.5527 0.4674 -36.4196 -12.8038 -47.6943 -31.8131 33.0693 -46.4411 -27.3814 12.7385 -39.5819 -21.4808 -33.6033 -33.7217 24.9871 -48.7595 -29.4839 22.3972 -42.9797 -25.4387 -0.4682 -37.1624
-1.3853 -25.4862 -43.0307 22.5491 -29.5138 -48.7745 24.4621 -33.7435 -33.2241 -21.5480 -39.6212 12.8527 -27.4051 -46.4776 33.1640 -31.8391 -47.6395 -12.9720 -36.4545 0.6319 -25.5648 -43.1939 23.0980 -29.6508 -48.8373 21.1349 -33.8781 -29.9605 -22.1802 -40.0491 14.1916 -27.7116 -46.9690 34.3190 -32.2454 -46.4367 -15.5928 -37.1507 4.4473 -26.0055 -44.0768 25.8997 -30.2554 -48.8620 6.7383 -34.4424 0.1498 -33.9522 34.6390 -47.7392 -28.2969 16.8652 -41.0018 -23.5016 -19.5128 -34.1770 6.9543 -48.8650 -30.2554 25.8997 -44.0768 -26.0055 4.4473 -37.1507 -15.5928 -46.4367 -32.2454 34.3190 -46.9690 -27.7116 14.1916 -40.0491 -22.1802 -29.9605 -33.8781 21.1349 -48.8373 -29.6508 23.0980 -43.1939 -25.5648 0.6319 -36.4545 -12.9720 -47.6395 -31.8391 33.1640 -46.4776 -27.4051 12.8527 -39.6212 -21.5471 -33.2576 -33.7353 24.4235 -48.7754 -29.5154 22.5500 -43.0310 -25.4867 -1.3868
-23.7727 -43.0788 22.6931 -29.5466 -48.7897 23.8819 -33.7609 -32.8169 -21.6203 -39.6612 12.9667 -27.4287 -46.5140 33.2570 -31.8651 -47.5831 -13.1401 -36.4929 0.8494 -25.5861 -43.2239 23.1594 -29.6574 -48.8373 21.2671 -33.8703 -30.2451 -22.1251 -40.0101 14.0791 -27.6875 -46.9344 34.2586 -32.2201 -46.5244 -15.4639 -37.1138 4.2784 -25.9845 -44.0363 25.7728 -30.2287 -48.8726 7.5730 -34.1445 -21.5405 -27.7740 -43.9141 -32.7993 34.6852 -47.7097 -28.2719 16.7526 -40.9615 -23.4513 -19.9821 -34.1679 7.5613 -48.8726 -30.2287 25.7728 -44.0363 -25.9845 4.2784 -37.1138 -15.4639 -46.5244 -32.2201 34.2586 -46.9344 -27.6875 14.0791 -40.0101 -22.1251 -30.2451 -33.8703 21.2671 -48.8373 -29.6574 23.1594 -43.2239 -25.5861 0.8494 -36.4929 -13.1401 -47.5831 -31.8651 33.2570 -46.5140 -27.4287 12.9667 -39.6612 -21.6185 -32.8538 -33.7546 23.8783 -48.7898 -29.5456 22.7042 -43.0819 -23.7736
-43.2976 22.8436 -29.5796 -48.8039 23.2887 -33.7792 -32.4061 -21.6965 -39.7045 13.0824 -27.4524 -46.5502 33.3480 -31.8910 -47.5249 -13.3052 -36.5310 1.0668 -25.6094 -43.2641 23.2702 -29.6776 -48.8418 21.1349 -33.8703 -30.3414 -22.0944 -39.9811 13.9777 -27.6635 -46.8996 34.1952 -32.1948 -46.6099 -15.3331 -37.0769 4.1075 -25.9637 -43.9958 25.6459 -30.2021 -48.8792 8.1742 -34.1609 -20.2940 -23.3583 -42.0835 -18.0981 -43.8534 -32.7899 34.7195 -47.6796 -28.2470 16.6401 -40.9213 -23.4005 -20.4506 -34.1585 8.1742 -48.8792 -30.2021 25.6459 -43.9958 -25.9637 4.1075 -37.0769 -15.3331 -46.6099 -32.1948 34.1952 -46.8996 -27.6635 13.9777 -39.9811 -22.0944 -30.3414 -33.8703 21.1349 -48.8418 -29.6776 23.2702 -43.2641 -25.6094 1.0668 -36.5310 -13.3052 -47.5249 -31.8910 33.3480 -46.5502 -27.4523 13.0902 -39.7072 -21.6962 -32.4116 -33.7788 23.3238 -48.8032 -29.5746 22.8566 -43.3027
23.1898 -29.4908 -48.8174 22.6758 -33.7993 -31.9655 -21.7760 -39.7535 13.2159 -27.4775 -46.5870 33.4372 -31.9169 -47.4649 -13.4674 -36.5687 1.2807 -25.6321 -43.3048 23.3933 -29.7043 -48.8504 20.7436 -33.8781 -30.2451 -22.0944 -39.9712 13.9214 -27.6456 -46.8679 34.1301 -32.1694 -46.6932 -15.2005 -37.0400 3.9344 -25.9428 -43.9553 25.5193 -30.1755 -48.8850 8.7921 -34.1487 -20.9257 -23.3606 -40.7403 22.8468 -37.8765 -17.9561 -44.0118 -32.7661 34.7484 -47.6491 -28.2221 16.5277 -40.8811 -23.3493 -20.9180 -34.1487 8.7921 -48.8850 -30.1755 25.5193 -43.9553 -25.9428 3.9344 -37.0400 -15.2005 -46.6932 -32.1694 34.1301 -46.8679 -27.6456 13.9214 -39.9712 -22.0944 -30.2451 -33.8781 20.7436 -48.8504 -29.7043 23.3933 -43.3048 -25.6321 1.2807 -36.5687 -13.4674 -47.4649 -31.9169 33.4373 -46.5872 -27.4772 13.2254 -39.7568 -21.7770 -31.9627 -33.8025 22.7542 -48.8159 -29.4838 23.1908
-28.6598 -48.8292 22.0811 -33.8199 -31.5062 -21.8568 -39.8058 13.3664 -27.5048 -46.6269 33.5263 -31.9432 -47.4031 -13.6270 -36.6060 1.4913 -25.6543 -43.3456 23.5167 -29.7307 -48.8584 20.2102 -33.8948 -29.9605 -22.1251 -39.9811 13.9214 -27.6396 -46.8504 34.0798 -32.1448 -46.7731 -15.0659 -37.0031 3.7591 -25.9220 -43.9148 25.3927 -30.1488 -48.8899 9.4141 -34.1386 -21.3839 -23.2974 -40.8540 16.0439 -32.3150 7.2749 -37.8932 -17.8500 -44.1554 -32.7422 34.7718 -47.6185 -28.1973 16.4154 -40.8409 -23.2977 -21.3839 -34.1386 9.4141 -48.8899 -30.1488 25.3927 -43.9148 -25.9220 3.7591 -37.0031 -15.0659 -46.7731 -32.1448 34.0798 -46.8504 -27.6396 13.9214 -39.9811 -22.1251 -29.9605 -33.8948 20.2102 -48.8584 -29.7307 23.5167 -43.3456 -25.6543 1.4913 -36.6060 -13.6270 -47.4031 -31.9432 33.5265 -46.6271 -27.5054 13.3671 -39.8061 -21.8568 -31.5060 -33.8259 22.1697 -48.8268 -28.6552
-48.5974 21.4175 -33.8438 -31.0381 -21.9361 -39.8555 13.5087 -27.5330 -46.6687 33.6199 -31.9716 -47.3386 -13.7838 -36.6429 1.6985 -25.6758 -43.3863 23.6404 -29.7572 -48.8657 19.6580 -33.9100 -29.5746 -22.1802 -40.0101 13.9777 -27.6456 -46.8504 34.0624 -32.1320 -46.8313 -14.9430 -36.9670 3.5816 -25.9013 -43.8742 25.2664 -30.1222 -48.8940 10.0393 -34.1282 -21.8480 -23.2456 -40.8001 16.3405 -28.4665 -48.5454 -27.2090 7.3229 -37.8539 -17.7496 -44.2959 -32.7182 34.7901 -47.5876 -28.1725 16.3031 -40.8007 -23.2456 -21.8480 -34.1282 10.0393 -48.8940 -30.1222 25.2664 -43.8742 -25.9013 3.5816 -36.9670 -14.9430 -46.8313 -32.1320 34.0624 -46.8504 -27.6456 13.9777 -40.0101 -22.1802 -29.5746 -33.9100 19.6580 -48.8657 -29.7572 23.6404 -43.3863 -25.6758 1.6985 -36.6429 -13.7838 -47.3386 -31.9700 33.6261 -46.6714 -27.5351 13.5086 -39.8555 -21.9361 -31.0381 -33.8483 21.4685 -48.5943
7.3616 -33.4447 -30.5675 -22.0136 -39.9021 13.6420 -27.5626 -46.7127 33.7219 -32.0036 -47.2618 -13.9508 -36.6796 1.9026 -25.6968 -43.4270 23.7642 -29.7836 -48.8725 19.0963 -33.9251 -29.1776 -22.2409 -40.0491 14.0791 -27.6635 -46.8679 34.0798 -32.1320 -46.8509 -14.8741 -36.9401 3.4196 -25.8811 -43.8337 25.1401 -30.0956 -48.8973 10.6667 -34.1175 -22.3102 -23.1930 -40.7606 16.1890 -28.1373 -47.2263 25.3145 -44.3190 -26.3853 7.1741 -37.8165 -17.6479 -44.4334 -32.6942 34.8033 -47.5565 -28.1477 16.1909 -40.7606 -23.1930 -22.3102 -34.1175 10.6667 -48.8973 -30.0956 25.1401 -43.8337 -25.8811 3.4196 -36.9401 -14.8741 -46.8509 -32.1320 34.0798 -46.8679 -27.6635 14.0791 -40.0491 -22.2409 -29.1776 -33.9251 19.0963 -48.8725 -29.7836 23.7642 -43.4270 -25.6968 1.9026 -36.6796 -13.9404 -47.2665 -31.9968 33.7285 -46.7160 -27.5650 13.6421 -39.9021 -22.0173 -30.5356 -33.4487 7.3673
-34.1213 -30.0883 -22.0918 -39.9510 13.7816 -27.5929 -46.7574 33.8218 -32.0343 -47.1763 -14.1307 -36.7165 2.1040 -25.7173 -43.4678 23.8883 -29.8100 -48.8786 18.5256 -33.9399 -28.7756 -22.3012 -40.0888 14.1916 -27.6875 -46.8996 34.1301 -32.1448 -46.8313 -14.8741 -36.9309 3.3289 -25.8661 -43.7970 25.0161 -30.0691 -48.8998 11.2955 -34.1064 -22.7700 -23.1401 -40.7205 16.0787 -28.1244 -47.5462 34.9064 -35.0635 27.9574 -44.7614 -26.3650 7.0340 -37.7788 -17.5450 -44.5679 -32.6701 34.8115 -47.5252 -28.1229 16.0787 -40.7205 -23.1401 -22.7700 -34.1064 11.2955 -48.8998 -30.0691 25.0161 -43.7970 -25.8661 3.3289 -36.9309 -14.8741 -46.8313 -32.1448 34.1301 -46.8996 -27.6875 14.1916 -40.0888 -22.3012 -28.7756 -33.9399 18.5256 -48.8786 -29.8100 23.8883 -43.4678 -25.7173 2.1040 -36.7166 -14.1081 -47.1869 -32.0253 33.8274 -46.7604 -27.5951 13.7815 -39.9510 -22.0955 -30.0555 -34.1249
-31.9562 -22.1675 -40.0006 13.9225 -27.6228 -46.8016 33.9174 -32.0629 -47.0933 -14.3064 -36.7569 2.3064 -25.7389 -43.5090 24.0126 -29.8365 -48.8840 17.9463 -33.9544 -28.3687 -22.3609 -40.1285 14.3040 -27.7116 -46.9344 34.1952 -32.1694 -46.7731 -14.9430 -36.9401 3.3289 -25.8610 -43.7767 24.9237 -30.0442 -48.9004 11.9246 -34.0951 -23.2272 -23.0866 -40.6804 15.9666 -28.0982 -47.4922 34.8088 -33.1337 -32.2822 -32.0430 27.9378 -44.7135 -26.3429 6.8917 -37.7412 -17.4410 -44.6995 -32.6459 34.8149 -47.4937 -28.0982 15.9666 -40.6804 -23.0866 -23.2272 -34.0951 11.9246 -48.9004 -30.0442 24.9237 -43.7767 -25.8610 3.3289 -36.9401 -14.9430 -46.7731 -32.1694 34.1952 -46.9344 -27.7116 14.3040 -40.1285 -22.3609 -28.3687 -33.9544 17.9463 -48.8840 -29.8365 24.0126 -43.5090 -25.7389 2.3063 -36.7569 -14.2820 -47.1052 -32.0551 33.9221 -46.8043 -27.6242 13.9233 -40.0008 -22.1676 -31.9584
-20.9020 -40.0474 14.0555 -27.6528 -46.8456 34.0090 -32.0911 -47.0085 -14.4766 -36.8024 2.5351 -25.7623 -43.5538 24.1388 -29.8630 -48.8887 17.3590 -33.9687 -27.9571 -22.4202 -40.1682 14.4163 -27.7358 -46.9690 34.2586 -32.1948 -46.6932 -15.0659 -36.9670 3.4196 -25.8661 -43.7767 24.8923 -30.0309 -48.9002 12.4903 -34.0808 -23.6817 -23.0328 -40.6403 15.8545 -28.0735 -47.4620 34.8141 -32.5958 -45.2369 -22.8048 -48.7613 -30.6404 27.7918 -44.6736 -26.3212 6.7481 -37.7036 -17.3358 -44.8281 -32.6216 34.8136 -47.4620 -28.0735 15.8545 -40.6403 -23.0328 -23.6817 -34.0808 12.4903 -48.9002 -30.0309 24.8923 -43.7767 -25.8661 3.4196 -36.9670 -15.0659 -46.6932 -32.1948 34.2586 -46.9690 -27.7358 14.4163 -40.1682 -22.4202 -27.9571 -33.9687 17.3590 -48.8887 -29.8630 24.1390 -43.5541 -25.7624 2.5351 -36.8024 -14.4615 -47.0163 -32.0865 34.0089 -46.8457 -27.6522 14.0658 -40.0504 -20.9026
-40.5516 14.1945 -27.6830 -46.8890 34.0962 -32.1207 -46.9211 -14.6436 -36.8480 2.7731 -25.7869 -43.6016 24.2767 -29.8889 -48.8928 16.7642 -33.9827 -27.5408 -22.4790 -40.2080 14.5285 -27.7600 -47.0034 34.3190 -32.2201 -46.6099 -15.2005 -37.0031 3.5816 -25.8811 -43.7970 24.9237 -30.0309 -48.9003 12.8041 -34.0692 -24.0884 -22.9793 -40.6003 15.7425 -28.0489 -47.4300 34.8077 -32.6002 -44.9120 -16.9073 -38.3390 0.6184 -48.7600 -30.6247 27.6640 -44.6336 -26.2996 6.6033 -37.6661 -17.2294 -44.9538 -32.5973 34.8077 -47.4300 -28.0489 15.7425 -40.6003 -22.9793 -24.0884 -34.0692 12.8041 -48.9003 -30.0309 24.9237 -43.7970 -25.8811 3.5816 -37.0031 -15.2005 -46.6099 -32.2201 34.3190 -47.0034 -27.7600 14.5285 -40.2080 -22.4790 -27.5408 -33.9827 16.7642 -48.8928 -29.8890 24.2760 -43.6016 -25.7869 2.7863 -36.8505 -14.6415 -46.9223 -32.1203 34.0915 -46.8866 -27.6797 14.2066 -40.5563
14.3390 -27.6652 -46.9324 34.1798 -32.1519 -46.8260 -14.8162 -36.8938 3.0080 -25.8123 -43.6519 24.4314 -29.9173 -48.8953 16.1625 -33.9965 -27.1199 -22.5374 -40.2477 14.6407 -27.7842 -47.0377 34.3765 -32.2454 -46.5244 -15.3331 -37.0400 3.7591 -25.9013 -43.8337 25.0161 -30.0442 -48.9002 12.8041 -34.0662 -24.3130 -22.9392 -40.5643 15.6322 -28.0243 -47.3979 34.7974 -32.5728 -45.0787 -17.1558 -37.5192 13.1806 -34.6890 -0.0854 -48.7606 -30.5979 27.5363 -44.5936 -26.2781 6.4572 -37.6286 -17.1217 -45.0767 -32.5728 34.7974 -47.3979 -28.0243 15.6322 -40.5643 -22.9392 -24.3130 -34.0662 12.8041 -48.9002 -30.0442 25.0161 -43.8337 -25.9013 3.7591 -37.0400 -15.3331 -46.5244 -32.2454 34.3765 -47.0377 -27.7842 14.6407 -40.2477 -22.5374 -27.1199 -33.9965 16.1533 -48.8964 -29.9188 24.4314 -43.6519 -25.8125 3.0236 -36.8968 -14.8174 -46.8254 -32.1539 34.1705 -46.9272 -27.6602 14.3402
-26.4377 -46.9729 34.2554 -32.1839 -46.7254 -14.9898 -36.9425 3.2533 -25.8377 -43.7027 24.5880 -29.9491 -48.8985 15.5011 -34.0068 -26.6947 -22.5952 -40.2876 14.7529 -27.8084 -47.0718 34.4309 -32.2707 -46.4367 -15.4639 -37.0769 3.9344 -25.9220 -43.8742 25.1401 -30.0691 -48.9004 12.4903 -34.0692 -24.3130 -22.9255 -40.5443 15.5500 -28.0018 -47.3657 34.7827 -32.5483 -45.1968 -17.0111 -37.6022 5.8090 -30.6598 -14.6105 -34.4232 0.4389 -48.7603 -30.5712 27.4086 -44.5535 -26.2565 6.3097 -37.5911 -17.0127 -45.1968 -32.5483 34.7827 -47.3657 -28.0018 15.5500 -40.5443 -22.9255 -24.3130 -34.0692 12.4903 -48.9004 -30.0691 25.1401 -43.8742 -25.9220 3.9344 -37.0769 -15.4639 -46.4367 -32.2707 34.4309 -47.0718 -27.8084 14.7529 -40.2876 -22.5952 -26.6947 -34.0068 15.4832 -48.8997 -29.9507 24.5889 -43.7030 -25.8383 3.2545 -36.9428 -14.9899 -46.7253 -32.1875 34.2458 -46.9672 -26.4338
-46.8857 34.3120 -32.2180 -46.6212 -15.1602 -36.9888 3.4816 -25.8626 -43.7507 24.7361 -29.9823 -48.9020 14.7663 -34.0143 -26.2645 -22.6527 -40.3274 14.8650 -27.8327 -47.1057 34.4822 -32.2959 -46.3467 -15.5928 -37.1138 4.1075 -25.9428 -43.9148 25.2664 -30.0956 -48.8998 11.9246 -34.0808 -24.0884 -22.9392 -40.5443 15.5220 -27.9895 -47.3416 34.7658 -32.5223 -45.3142 -16.9024 -37.5532 6.2108 -26.3892 -45.9183 -24.4502 -14.4335 -34.3813 0.9329 -48.7592 -30.5445 27.2809 -44.5134 -26.2351 6.1609 -37.5537 -16.9024 -45.3142 -32.5223 34.7658 -47.3416 -27.9895 15.5220 -40.5443 -22.9392 -24.0884 -34.0808 11.9246 -48.8998 -30.0956 25.2664 -43.9148 -25.9428 4.1075 -37.1138 -15.5928 -46.3467 -32.2959 34.4822 -47.1057 -27.8327 14.8650 -40.3274 -22.6527 -26.2642 -34.0140 14.7586 -48.9020 -29.9812 24.7458 -43.7538 -25.8640 3.4815 -36.9887 -15.1602 -46.6212 -32.2214 34.3073 -46.8808
31.5448 -31.9919 -46.5149 -15.3255 -37.0322 3.6923 -25.8882 -43.8008 24.8914 -30.0162 -48.9029 13.9898 -34.0255 -25.8241 -22.7098 -40.3673 14.9770 -27.8571 -47.1395 34.5302 -32.3210 -46.2544 -15.7199 -37.1507 4.2784 -25.9637 -43.9553 25.3927 -30.1222 -48.8973 11.2955 -34.0951 -23.6817 -22.9793 -40.5643 15.5500 -27.9895 -47.3334 34.7551 -32.5024 -45.4176 -16.7926 -37.5163 6.0082 -26.2112 -44.2716 33.8781 -41.2208 -23.9762 -14.9257 -34.3307 1.4379 -48.7574 -30.5178 27.1531 -44.4732 -26.2137 6.0107 -37.5163 -16.7926 -45.4176 -32.5024 34.7551 -47.3334 -27.9895 15.5500 -40.5643 -22.9793 -23.6817 -34.0951 11.2955 -48.8973 -30.1222 25.3927 -43.9553 -25.9637 4.2784 -37.1507 -15.7199 -46.2544 -32.3210 34.5302 -47.1395 -27.8571 14.9770 -40.3678 -22.7106 -25.8210 -34.0255 14.0347 -48.9030 -30.0112 24.9029 -43.8046 -25.8898 3.6924 -37.0322 -15.3345 -46.5077 -31.9955 31.5456
-31.8555 -46.4052 -15.4906 -37.0778 3.9097 -25.9140 -43.8519 25.0497 -30.0481 -48.9027 13.2106 -34.0390 -25.3134 -22.7719 -40.4108 15.0908 -27.8814 -47.1731 34.5748 -32.3461 -46.1598 -15.8453 -37.1877 4.4473 -25.9845 -43.9958 25.5193 -30.1488 -48.8940 10.6667 -34.1064 -23.2272 -23.0328 -40.6003 15.6322 -28.0018 -47.3416 34.7551 -32.4963 -45.4741 -16.7098 -37.4827 5.8614 -26.1929 -44.4491 26.6153 -33.8734 17.7446 -41.3681 -23.9293 -15.3851 -34.2799 1.9541 -48.7612 -30.4910 27.0254 -44.4331 -26.1923 5.8614 -37.4827 -16.7098 -45.4741 -32.4963 34.7551 -47.3416 -28.0018 15.6322 -40.6003 -23.0328 -23.2272 -34.1064 10.6667 -48.8940 -30.1488 25.5193 -43.9958 -25.9845 4.4473 -37.1877 -15.8453 -46.1598 -32.3461 34.5748 -47.1731 -27.8815 15.0908 -40.4119 -22.7729 -25.3100 -34.0425 13.3088 -48.9030 -30.0413 25.0603 -43.8554 -25.9155 3.9097 -37.0778 -15.4994 -46.3976 -31.8587
-46.8679 -15.6624 -37.1240 4.1262 -25.9399 -43.9026 25.2075 -30.0785 -48.9017 12.4710 -34.0545 -24.7567 -22.8396 -40.4611 15.2226 -27.9059 -47.2066 34.6160 -32.3711 -46.0628 -15.9691 -37.2248 4.6142 -26.0055 -44.0363 25.6459 -30.1755 -48.8899 10.0393 -34.1175 -22.7700 -23.0866 -40.6403 15.7425 -28.0243 -47.3657 34.7658 -32.5024 -45.4741 -16.6814 -37.4640 5.7491 -26.1731 -44.3924 26.9396 -30.8928 -47.4875 -29.6433 17.7775 -41.3245 -23.8829 -15.8459 -34.2312 2.4437 -48.7708 -30.4658 26.8968 -44.3931 -26.1730 5.7491 -37.4640 -16.6814 -45.4741 -32.5024 34.7658 -47.3657 -28.0243 15.7425 -40.6403 -23.0866 -22.7700 -34.1175 10.0393 -48.8899 -30.1755 25.6459 -44.0363 -26.0055 4.6142 -37.2248 -15.9691 -46.0628 -32.3711 34.6160 -47.2066 -27.9060 15.2218 -40.4614 -22.8397 -24.7565 -34.0612 12.5794 -48.9019 -30.0725 25.2169 -43.9057 -25.9410 4.1274 -37.1242 -15.6617 -46.8683
-16.1488 -37.1677 4.3277 -25.9659 -43.9533 25.3653 -30.1086 -48.8994 11.7390 -34.0730 -24.1938 -22.9091 -40.5114 15.3626 -27.9321 -47.2401 34.6537 -32.3961 -45.9634 -16.0911 -37.2618 4.7792 -26.0264 -44.0768 25.7728 -30.2021 -48.8850 9.4141 -34.1282 -22.3102 -23.1401 -40.6804 15.8545 -28.0489 -47.3979 34.7827 -32.5223 -45.4176 -16.7098 -37.4640 5.7107 -26.1625 -44.3635 26.7894 -30.4235 -48.7288 -13.5420 -47.4033 -28.4474 17.6663 -41.2898 -23.8134 -16.9462 -34.1817 2.8266 -48.7612 -30.6254 26.7870 -44.3611 -26.1619 5.7107 -37.4640 -16.7098 -45.4176 -32.5223 34.7827 -47.3979 -28.0489 15.8545 -40.6804 -23.1401 -22.3102 -34.1282 9.4141 -48.8850 -30.2021 25.7728 -44.0768 -26.0264 4.7792 -37.2618 -16.0911 -45.9634 -32.3961 34.6540 -47.2430 -27.9336 15.3626 -40.5113 -22.9091 -24.1939 -34.0812 11.8088 -48.8993 -30.1052 25.3658 -43.9535 -25.9657 4.3431 -37.1705 -16.1489
-37.9932 4.5350 -25.9921 -44.0036 25.5224 -30.1399 -48.8960 11.0072 -34.0905 -23.6326 -22.9768 -40.5585 15.4947 -27.9616 -47.2789 34.6908 -32.4214 -45.8602 -16.2116 -37.2990 4.9422 -26.0474 -44.1172 25.8997 -30.2287 -48.8792 8.7921 -34.1386 -21.8480 -23.1930 -40.7205 15.9666 -28.0735 -47.4300 34.7974 -32.5483 -45.3142 -16.7926 -37.4827 5.7491 -26.1625 -44.3533 26.7440 -31.6759 -48.7491 -4.0331 -35.0210 35.0723 -47.3851 -29.2095 18.2699 -40.4743 -28.9378 -15.8975 -34.3675 -3.3329 -48.6742 -32.8076 27.2572 -44.3462 -26.1618 5.7491 -37.4827 -16.7926 -45.3142 -32.5483 34.7974 -47.4300 -28.0735 15.9666 -40.7205 -23.1930 -21.8480 -34.1386 8.7921 -48.8792 -30.2287 25.8997 -44.1172 -26.0474 4.9422 -37.2990 -16.2116 -45.8616 -32.4194 34.6909 -47.2824 -27.9642 15.4948 -40.5585 -22.9799 -23.6011 -34.0978 11.0192 -48.8958 -30.1395 25.5135 -44.0008 -25.9904 4.5530 -37.9975
4.1032 -26.0302 -44.0542 25.6805 -30.1726 -48.8909 10.2376 -34.1093 -23.0643 -23.0445 -40.6080 15.6332 -27.9927 -47.3206 34.7259 -32.4493 -45.7453 -16.3321 -37.3361 5.1035 -26.0685 -44.1576 26.0268 -30.2554 -48.8726 8.1742 -34.1487 -21.3839 -23.2456 -40.7606 16.0787 -28.0982 -47.4620 34.8077 -32.5728 -45.1968 -16.9024 -37.5163 5.8614 -26.1731 -44.3635 26.7441 -32.8398 -37.7789 -24.1328 -45.6425 32.6984 -39.0625 5.8583 -49.0570 -24.8273 -26.7213 -9.0852 -33.2782 8.5705 -41.7110 -26.1443 7.1110 -38.3131 27.9233 -44.3543 -26.1730 5.8614 -37.5163 -16.9024 -45.1968 -32.5728 34.8077 -47.4620 -28.0982 16.0787 -40.7606 -23.2456 -21.3839 -34.1487 8.1742 -48.8726 -30.2554 26.0268 -44.1576 -26.0685 5.1035 -37.3361 -16.3305 -45.7557 -32.4434 34.7267 -47.3234 -27.9951 15.6332 -40.6080 -23.0482 -23.0261 -34.1122 10.2334 -48.8909 -30.1738 25.6614 -44.0481 -26.0272 4.1050
-24.4282 -44.1015 25.8305 -30.2061 -48.8848 9.4516 -34.1255 -22.4554 -23.1148 -40.6580 15.7733 -28.0234 -47.3614 34.7563 -32.4786 -45.6198 -16.4609 -37.3734 5.2630 -26.0896 -44.1980 26.1540 -30.2820 -48.8650 7.5613 -34.1585 -20.9180 -23.2977 -40.8007 16.1909 -28.1229 -47.4937 34.8136 -32.5973 -45.0767 -17.0127 -37.5537 6.0107 -26.1923 -44.3933 26.7916 -31.7074 -36.5428 -13.7688 -58.4711 44.0648 -56.7094 -48.1803 -44.8423 -37.5214 46.9349 -40.3181 -12.9350 -4.5482 -12.4023 -52.0482 -50.5729 -45.3211 3.2351 -38.0609 27.6980 -44.3892 -26.1923 6.0107 -37.5537 -17.0127 -45.0767 -32.5973 34.8136 -47.4937 -28.1229 16.1909 -40.8007 -23.2977 -20.9180 -34.1585 7.5613 -48.8650 -30.2820 26.1540 -44.1980 -26.0896 5.2630 -37.3734 -16.4498 -45.6380 -32.4703 34.7566 -47.3639 -28.0249 15.7741 -40.6583 -23.1154 -22.4524 -34.1257 9.4513 -48.8848 -30.2080 25.8094 -44.0951 -24.4249
-44.2336 25.9759 -30.2408 -48.8774 8.6683 -34.1374 -21.8748 -23.1810 -40.7054 15.9056 -28.0542 -47.4019 34.7802 -32.5054 -45.4903 -16.5967 -37.4141 5.4232 -26.1108 -44.2384 26.2813 -30.3087 -48.8566 6.9543 -34.1679 -20.4506 -23.3493 -40.8409 16.3031 -28.1477 -47.5252 34.8149 -32.6216 -44.9538 -17.1217 -37.5911 6.1609 -26.2137 -44.4331 26.8977 -30.4193 -48.7864 -25.1668 4.0663 37.9559 -37.8797 32.5196 -50.3994 -38.5026 -48.6217 -47.5827 30.0372 -46.4987 16.8878 -53.4448 -56.9737 -40.6143 28.3836 7.6142 -45.5543 -31.2109 26.9009 -44.4331 -26.2137 6.1609 -37.5911 -17.1217 -44.9538 -32.6216 34.8149 -47.5252 -28.1477 16.3031 -40.8409 -23.3493 -20.4506 -34.1679 6.9543 -48.8566 -30.3087 26.2813 -44.2384 -26.1108 5.4233 -37.4141 -16.5850 -45.5021 -32.5005 34.7797 -47.4020 -28.0535 15.9143 -40.7085 -23.1818 -21.8751 -34.1373 8.6684 -48.8774 -30.2431 25.9643 -44.2285
