0.4841 0.1183 0.1823 0.4047 0.1098 0.2928 0.1710 0.1188 0.4731 0.1249 0.1547 0.4686 0.1115 0.2360 0.2652 0.1124 0.3933 0.1364 0.1352 0.4999 0.1158 0.1937 0.3754 0.1099 0.3154 0.1576 0.1219 0.4911 0.1222 0.1629 0.4511 0.1106 0.2534 0.2257 0.1141 0.4216 0.1319 0.1409 0.4930 0.1141 0.2066 0.3416 0.1103 0.3399 0.1486 0.1256 0.4972 0.1168 0.1928 0.2723 0.1100 0.4296 0.1722 0.1198 0.5005 0.1257 0.1485 0.3398 0.1103 0.3417 0.2066 0.1141 0.4930 0.1409 0.1319 0.4215 0.1141 0.2258 0.2534 0.1106 0.4511 0.1629 0.1222 0.4910 0.1219 0.1576 0.3154 0.1099 0.3755 0.1938 0.1158 0.4999 0.1352 0.1364 0.3933 0.1124 0.2653 0.2360 0.1115 0.4686 0.1547 0.1249 0.4731 0.1188 0.1710 0.2928 0.1098 0.4047 0.1823 0.1183 0.4841
0.1183 0.1898 0.4328 0.1127 0.3057 0.1799 0.1240 0.4919 0.1212 0.1607 0.4914 0.1127 0.2458 0.2985 0.1171 0.4107 0.1318 0.1405 0.5189 0.1150 0.2014 0.4059 0.1133 0.3293 0.1583 0.1271 0.5094 0.1191 0.1692 0.4756 0.1124 0.2642 0.2555 0.1191 0.4399 0.1273 0.1464 0.5131 0.1140 0.2149 0.3739 0.1142 0.3551 0.1458 0.1309 0.5177 0.1062 0.4685 0.1213 0.2139 0.2841 0.1124 0.4560 0.1789 0.1174 0.5184 0.1309 0.1458 0.3550 0.1142 0.3739 0.2149 0.1140 0.5130 0.1464 0.1273 0.4398 0.1191 0.2555 0.2642 0.1124 0.4756 0.1692 0.1191 0.5093 0.1271 0.1583 0.3293 0.1133 0.4059 0.2015 0.1149 0.5189 0.1405 0.1318 0.4107 0.1171 0.2985 0.2459 0.1127 0.4914 0.1606 0.1212 0.4920 0.1240 0.1799 0.3057 0.1127 0.4328 0.1898 0.1183
0.1823 0.4328 0.1121 0.3051 0.1807 0.1238 0.4910 0.1209 0.1603 0.4921 0.1121 0.2450 0.3005 0.1166 0.4093 0.1317 0.1402 0.5191 0.1145 0.2008 0.4073 0.1127 0.3281 0.1589 0.1269 0.5087 0.1188 0.1687 0.4765 0.1118 0.2632 0.2576 0.1186 0.4385 0.1272 0.1461 0.5134 0.1134 0.2142 0.3756 0.1136 0.3537 0.1460 0.1306 0.5182 0.1156 0.2047 0.1195 0.4665 0.1211 0.2158 0.2831 0.1118 0.4570 0.1784 0.1171 0.5182 0.1307 0.1460 0.3536 0.1136 0.3756 0.2142 0.1134 0.5134 0.1461 0.1271 0.4384 0.1186 0.2576 0.2632 0.1118 0.4764 0.1688 0.1187 0.5087 0.1269 0.1589 0.3280 0.1127 0.4072 0.2009 0.1144 0.5191 0.1402 0.1317 0.4092 0.1166 0.3004 0.2451 0.1121 0.4921 0.1603 0.1209 0.4910 0.1238 0.1807 0.3051 0.1121 0.4328 0.1823
0.4047 0.1127 0.3051 0.1811 0.1237 0.4902 0.1210 0.1600 0.4927 0.1121 0.2442 0.3025 0.1165 0.4078 0.1320 0.1399 0.5192 0.1145 0.2002 0.4088 0.1126 0.3269 0.1597 0.1268 0.5080 0.1189 0.1683 0.4773 0.1118 0.2623 0.2597 0.1185 0.4370 0.1273 0.1458 0.5138 0.1135 0.2135 0.3772 0.1136 0.3524 0.1465 0.1305 0.5178 0.1172 0.1769 0.4029 0.1531 0.1238 0.4652 0.1209 0.2177 0.2820 0.1118 0.4581 0.1779 0.1171 0.5179 0.1305 0.1465 0.3523 0.1136 0.3774 0.2135 0.1135 0.5137 0.1458 0.1273 0.4369 0.1185 0.2599 0.2622 0.1118 0.4772 0.1684 0.1188 0.5080 0.1268 0.1598 0.3268 0.1126 0.4086 0.2003 0.1145 0.5193 0.1399 0.1320 0.4077 0.1165 0.3023 0.2443 0.1121 0.4927 0.1600 0.1210 0.4902 0.1237 0.1811 0.3051 0.1127 0.4047
0.1098 0.3057 0.1807 0.1237 0.4900 0.1210 0.1597 0.4932 0.1121 0.2436 0.3042 0.1164 0.4065 0.1322 0.1397 0.5194 0.1146 0.1996 0.4101 0.1126 0.3256 0.1606 0.1266 0.5073 0.1189 0.1679 0.4781 0.1118 0.2613 0.2619 0.1184 0.4356 0.1275 0.1455 0.5141 0.1135 0.2128 0.3789 0.1135 0.3511 0.1470 0.1303 0.5176 0.1172 0.1774 0.4620 0.1106 0.5058 0.1521 0.1239 0.4639 0.1208 0.2197 0.2811 0.1118 0.4592 0.1774 0.1172 0.5176 0.1303 0.1471 0.3511 0.1135 0.3790 0.2128 0.1135 0.5141 0.1455 0.1275 0.4356 0.1184 0.2620 0.2613 0.1118 0.4780 0.1679 0.1189 0.5073 0.1266 0.1606 0.3256 0.1126 0.4100 0.1997 0.1146 0.5194 0.1397 0.1322 0.4065 0.1164 0.3041 0.2436 0.1121 0.4932 0.1597 0.1210 0.4900 0.1237 0.1807 0.3057 0.1098
0.2928 0.1799 0.1238 0.4902 0.1210 0.1596 0.4935 0.1121 0.2429 0.3058 0.1163 0.4053 0.1325 0.1394 0.5196 0.1146 0.1991 0.4115 0.1126 0.3244 0.1615 0.1264 0.5066 0.1190 0.1675 0.4789 0.1118 0.2603 0.2641 0.1183 0.4341 0.1277 0.1452 0.5144 0.1136 0.2121 0.3807 0.1135 0.3498 0.1476 0.1301 0.5172 0.1173 0.1769 0.4600 0.1104 0.3285 0.1090 0.5058 0.1517 0.1241 0.4626 0.1207 0.2216 0.2800 0.1118 0.4602 0.1769 0.1173 0.5173 0.1301 0.1476 0.3498 0.1135 0.3807 0.2121 0.1136 0.5144 0.1452 0.1277 0.4341 0.1183 0.2641 0.2603 0.1118 0.4789 0.1675 0.1190 0.5066 0.1264 0.1615 0.3244 0.1126 0.4114 0.1991 0.1146 0.5196 0.1394 0.1325 0.4053 0.1163 0.3058 0.2429 0.1121 0.4935 0.1596 0.1210 0.4902 0.1238 0.1799 0.2928
0.1710 0.1240 0.4910 0.1210 0.1597 0.4935 0.1121 0.2426 0.3070 0.1163 0.4041 0.1327 0.1392 0.5197 0.1147 0.1985 0.4127 0.1125 0.3233 0.1624 0.1263 0.5058 0.1191 0.1671 0.4797 0.1118 0.2594 0.2663 0.1182 0.4327 0.1279 0.1449 0.5148 0.1136 0.2114 0.3823 0.1134 0.3485 0.1481 0.1299 0.5169 0.1174 0.1764 0.4612 0.1118 0.2764 0.1516 0.2259 0.1128 0.5063 0.1514 0.1243 0.4612 0.1206 0.2237 0.2790 0.1118 0.4612 0.1764 0.1174 0.5169 0.1299 0.1481 0.3485 0.1134 0.3823 0.2114 0.1136 0.5148 0.1449 0.1279 0.4327 0.1182 0.2663 0.2594 0.1118 0.4797 0.1670 0.1191 0.5058 0.1263 0.1624 0.3233 0.1125 0.4127 0.1985 0.1147 0.5197 0.1392 0.1327 0.4041 0.1163 0.3070 0.2426 0.1121 0.4935 0.1597 0.1210 0.4910 0.1240 0.1710
0.1188 0.4919 0.1209 0.1600 0.4932 0.1121 0.2426 0.3074 0.1162 0.4033 0.1329 0.1390 0.5199 0.1147 0.1980 0.4139 0.1125 0.3224 0.1631 0.1261 0.5051 0.1192 0.1666 0.4805 0.1119 0.2585 0.2684 0.1181 0.4313 0.1282 0.1446 0.5151 0.1137 0.2107 0.3839 0.1134 0.3473 0.1487 0.1297 0.5166 0.1175 0.1759 0.4622 0.1117 0.2782 0.2309 0.1290 0.3503 0.2253 0.1128 0.5069 0.1510 0.1244 0.4599 0.1204 0.2257 0.2781 0.1117 0.4622 0.1759 0.1174 0.5166 0.1297 0.1487 0.3473 0.1134 0.3840 0.2107 0.1137 0.5151 0.1446 0.1282 0.4313 0.1181 0.2684 0.2585 0.1118 0.4805 0.1666 0.1192 0.5051 0.1261 0.1631 0.3224 0.1125 0.4139 0.1980 0.1147 0.5199 0.1390 0.1329 0.4033 0.1162 0.3074 0.2426 0.1121 0.4932 0.1600 0.1209 0.4920 0.1188
0.4731 0.1212 0.1603 0.4927 0.1121 0.2429 0.3070 0.1162 0.4030 0.1330 0.1388 0.5200 0.1147 0.1975 0.4150 0.1125 0.3214 0.1639 0.1260 0.5044 0.1193 0.1662 0.4813 0.1119 0.2576 0.2705 0.1180 0.4299 0.1284 0.1443 0.5154 0.1137 0.2100 0.3856 0.1133 0.3460 0.1492 0.1295 0.5162 0.1175 0.1754 0.4632 0.1117 0.2770 0.2273 0.1198 0.5068 0.1133 0.3504 0.2245 0.1128 0.5074 0.1507 0.1246 0.4585 0.1203 0.2276 0.2771 0.1117 0.4632 0.1754 0.1175 0.5162 0.1295 0.1492 0.3460 0.1133 0.3855 0.2101 0.1137 0.5154 0.1443 0.1284 0.4299 0.1180 0.2706 0.2576 0.1118 0.4813 0.1662 0.1193 0.5044 0.1260 0.1639 0.3214 0.1125 0.4150 0.1975 0.1147 0.5200 0.1388 0.1330 0.4030 0.1162 0.3070 0.2429 0.1121 0.4927 0.1603 0.1212 0.4731
0.1249 0.1607 0.4921 0.1121 0.2436 0.3058 0.1163 0.4033 0.1330 0.1388 0.5200 0.1148 0.1971 0.4161 0.1124 0.3204 0.1647 0.1258 0.5038 0.1194 0.1659 0.4820 0.1119 0.2568 0.2724 0.1179 0.4284 0.1286 0.1440 0.5157 0.1138 0.2094 0.3872 0.1133 0.3447 0.1498 0.1293 0.5158 0.1176 0.1749 0.4642 0.1117 0.2761 0.2298 0.1202 0.4534 0.1089 0.3701 0.1145 0.3525 0.2237 0.1129 0.5078 0.1504 0.1247 0.4571 0.1202 0.2297 0.2760 0.1117 0.4642 0.1750 0.1176 0.5158 0.1293 0.1498 0.3446 0.1133 0.3870 0.2095 0.1138 0.5157 0.1440 0.1286 0.4284 0.1179 0.2724 0.2568 0.1119 0.4820 0.1659 0.1194 0.5038 0.1258 0.1647 0.3204 0.1124 0.4161 0.1971 0.1148 0.5200 0.1388 0.1330 0.4033 0.1163 0.3058 0.2436 0.1121 0.4921 0.1606 0.1249
0.1547 0.4914 0.1121 0.2442 0.3042 0.1163 0.4041 0.1329 0.1388 0.5200 0.1148 0.1968 0.4169 0.1124 0.3195 0.1655 0.1257 0.5031 0.1195 0.1655 0.4826 0.1119 0.2561 0.2742 0.1178 0.4272 0.1288 0.1437 0.5160 0.1138 0.2088 0.3888 0.1132 0.3434 0.1504 0.1291 0.5154 0.1177 0.1744 0.4652 0.1117 0.2750 0.2317 0.1201 0.4561 0.1238 0.1685 0.1373 0.3702 0.1144 0.3544 0.2230 0.1129 0.5082 0.1501 0.1249 0.4557 0.1201 0.2319 0.2750 0.1118 0.4651 0.1745 0.1177 0.5154 0.1291 0.1504 0.3433 0.1132 0.3885 0.2088 0.1138 0.5160 0.1437 0.1288 0.4271 0.1178 0.2742 0.2561 0.1119 0.4826 0.1655 0.1195 0.5031 0.1257 0.1655 0.3195 0.1124 0.4169 0.1968 0.1148 0.5200 0.1388 0.1329 0.4041 0.1163 0.3041 0.2443 0.1121 0.4914 0.1547
0.4686 0.1127 0.2450 0.3025 0.1164 0.4053 0.1327 0.1390 0.5200 0.1148 0.1968 0.4172 0.1124 0.3188 0.1662 0.1256 0.5024 0.1196 0.1652 0.4833 0.1119 0.2554 0.2759 0.1177 0.4260 0.1289 0.1435 0.5163 0.1139 0.2082 0.3901 0.1132 0.3421 0.1510 0.1289 0.5150 0.1178 0.1740 0.4661 0.1117 0.2740 0.2338 0.1199 0.4544 0.1251 0.1491 0.4813 0.1336 0.1410 0.3688 0.1143 0.3562 0.2222 0.1130 0.5087 0.1497 0.1251 0.4544 0.1199 0.2340 0.2740 0.1118 0.4660 0.1740 0.1178 0.5150 0.1289 0.1510 0.3421 0.1132 0.3900 0.2082 0.1138 0.5163 0.1435 0.1289 0.4260 0.1177 0.2759 0.2554 0.1119 0.4833 0.1652 0.1196 0.5024 0.1256 0.1662 0.3188 0.1124 0.4172 0.1968 0.1148 0.5200 0.1390 0.1327 0.4053 0.1164 0.3023 0.2451 0.1127 0.4686
0.1115 0.2458 0.3005 0.1165 0.4065 0.1325 0.1392 0.5199 0.1147 0.1971 0.4169 0.1124 0.3186 0.1666 0.1255 0.5018 0.1196 0.1648 0.4839 0.1119 0.2546 0.2776 0.1176 0.4248 0.1291 0.1432 0.5165 0.1139 0.2076 0.3914 0.1131 0.3410 0.1515 0.1287 0.5145 0.1178 0.1736 0.4670 0.1118 0.2730 0.2360 0.1198 0.4530 0.1252 0.1495 0.5103 0.1067 0.5202 0.1329 0.1414 0.3675 0.1142 0.3580 0.2215 0.1130 0.5091 0.1494 0.1252 0.4530 0.1198 0.2360 0.2730 0.1118 0.4670 0.1735 0.1178 0.5145 0.1287 0.1515 0.3410 0.1131 0.3914 0.2076 0.1139 0.5165 0.1432 0.1291 0.4248 0.1176 0.2776 0.2546 0.1119 0.4839 0.1648 0.1196 0.5018 0.1255 0.1666 0.3186 0.1124 0.4169 0.1971 0.1147 0.5199 0.1392 0.1325 0.4065 0.1165 0.3004 0.2459 0.1115
0.2360 0.2985 0.1166 0.4078 0.1322 0.1394 0.5197 0.1147 0.1975 0.4161 0.1124 0.3188 0.1666 0.1255 0.5014 0.1197 0.1645 0.4845 0.1119 0.2539 0.2793 0.1176 0.4237 0.1293 0.1430 0.5167 0.1139 0.2071 0.3927 0.1131 0.3400 0.1521 0.1286 0.5141 0.1179 0.1731 0.4679 0.1117 0.2721 0.2381 0.1197 0.4516 0.1254 0.1491 0.5095 0.1116 0.2563 0.1123 0.5202 0.1326 0.1418 0.3661 0.1142 0.3598 0.2207 0.1130 0.5096 0.1491 0.1254 0.4516 0.1197 0.2381 0.2721 0.1117 0.4679 0.1731 0.1179 0.5141 0.1286 0.1521 0.3400 0.1131 0.3927 0.2071 0.1139 0.5167 0.1430 0.1293 0.4237 0.1176 0.2793 0.2539 0.1119 0.4845 0.1645 0.1197 0.5014 0.1255 0.1666 0.3188 0.1124 0.4161 0.1975 0.1147 0.5197 0.1394 0.1322 0.4077 0.1166 0.2985 0.2360
0.2652 0.1171 0.4093 0.1320 0.1397 0.5196 0.1147 0.1980 0.4150 0.1124 0.3195 0.1662 0.1255 0.5014 0.1197 0.1644 0.4850 0.1119 0.2532 0.2810 0.1175 0.4225 0.1295 0.1428 0.5169 0.1140 0.2066 0.3939 0.1130 0.3390 0.1526 0.1284 0.5137 0.1180 0.1727 0.4688 0.1117 0.2712 0.2400 0.1196 0.4503 0.1256 0.1488 0.5100 0.1132 0.2184 0.2747 0.1831 0.1165 0.5200 0.1324 0.1422 0.3647 0.1141 0.3615 0.2200 0.1131 0.5100 0.1487 0.1256 0.4503 0.1196 0.2400 0.2712 0.1117 0.4688 0.1727 0.1180 0.5137 0.1284 0.1526 0.3390 0.1130 0.3939 0.2066 0.1140 0.5169 0.1428 0.1295 0.4225 0.1175 0.2810 0.2532 0.1119 0.4850 0.1644 0.1197 0.5014 0.1255 0.1662 0.3195 0.1124 0.4150 0.1980 0.1147 0.5196 0.1397 0.1320 0.4092 0.1171 0.2653
0.1124 0.4107 0.1317 0.1399 0.5194 0.1146 0.1985 0.4139 0.1125 0.3204 0.1655 0.1256 0.5018 0.1197 0.1644 0.4851 0.1119 0.2527 0.2825 0.1174 0.4213 0.1297 0.1425 0.5172 0.1140 0.2060 0.3952 0.1130 0.3379 0.1531 0.1283 0.5133 0.1180 0.1723 0.4695 0.1117 0.2704 0.2417 0.1195 0.4489 0.1258 0.1484 0.5104 0.1131 0.2194 0.3680 0.1180 0.4503 0.1821 0.1165 0.5198 0.1322 0.1426 0.3633 0.1141 0.3633 0.2193 0.1131 0.5105 0.1484 0.1258 0.4489 0.1195 0.2417 0.2704 0.1117 0.4695 0.1723 0.1180 0.5133 0.1283 0.1531 0.3379 0.1130 0.3952 0.2060 0.1140 0.5172 0.1425 0.1297 0.4213 0.1174 0.2825 0.2527 0.1119 0.4851 0.1644 0.1197 0.5018 0.1256 0.1655 0.3204 0.1125 0.4139 0.1985 0.1146 0.5194 0.1399 0.1317 0.4107 0.1124
0.3933 0.1318 0.1402 0.5192 0.1146 0.1991 0.4127 0.1125 0.3214 0.1647 0.1257 0.5024 0.1196 0.1645 0.4850 0.1119 0.2525 0.2834 0.1173 0.4203 0.1299 0.1423 0.5174 0.1141 0.2055 0.3964 0.1130 0.3369 0.1536 0.1281 0.5128 0.1181 0.1719 0.4703 0.1117 0.2696 0.2434 0.1194 0.4477 0.1259 0.1482 0.5108 0.1132 0.2186 0.3646 0.1130 0.4230 0.1092 0.4502 0.1816 0.1166 0.5197 0.1320 0.1431 0.3620 0.1140 0.3649 0.2187 0.1132 0.5108 0.1482 0.1259 0.4477 0.1194 0.2434 0.2696 0.1117 0.4703 0.1719 0.1181 0.5128 0.1281 0.1536 0.3369 0.1130 0.3964 0.2055 0.1141 0.5174 0.1423 0.1299 0.4203 0.1173 0.2834 0.2525 0.1119 0.4850 0.1645 0.1196 0.5024 0.1257 0.1647 0.3214 0.1125 0.4127 0.1991 0.1146 0.5193 0.1402 0.1318 0.3933
0.1364 0.1405 0.5191 0.1145 0.1996 0.4115 0.1125 0.3224 0.1639 0.1258 0.5031 0.1196 0.1648 0.4845 0.1119 0.2527 0.2834 0.1173 0.4197 0.1300 0.1421 0.5176 0.1141 0.2050 0.3976 0.1129 0.3359 0.1542 0.1280 0.5124 0.1182 0.1716 0.4710 0.1117 0.2689 0.2451 0.1193 0.4466 0.1261 0.1479 0.5112 0.1132 0.2180 0.3665 0.1140 0.3571 0.1196 0.2877 0.1118 0.4514 0.1811 0.1167 0.5195 0.1318 0.1435 0.3607 0.1139 0.3665 0.2180 0.1132 0.5112 0.1479 0.1261 0.4466 0.1193 0.2451 0.2689 0.1117 0.4710 0.1716 0.1182 0.5124 0.1280 0.1542 0.3359 0.1129 0.3976 0.2050 0.1141 0.5176 0.1421 0.1300 0.4197 0.1173 0.2834 0.2527 0.1119 0.4845 0.1648 0.1196 0.5031 0.1258 0.1639 0.3224 0.1125 0.4114 0.1997 0.1145 0.5191 0.1405 0.1364
0.1352 0.5189 0.1145 0.2002 0.4101 0.1126 0.3233 0.1631 0.1260 0.5038 0.1195 0.1652 0.4839 0.1119 0.2532 0.2825 0.1173 0.4197 0.1300 0.1420 0.5177 0.1141 0.2045 0.3988 0.1129 0.3349 0.1547 0.1278 0.5120 0.1183 0.1712 0.4717 0.1117 0.2681 0.2468 0.1192 0.4454 0.1262 0.1476 0.5115 0.1132 0.2175 0.3679 0.1139 0.3600 0.1439 0.1450 0.2076 0.2877 0.1118 0.4525 0.1806 0.1167 0.5193 0.1316 0.1439 0.3596 0.1139 0.3679 0.2175 0.1132 0.5115 0.1476 0.1262 0.4454 0.1192 0.2468 0.2681 0.1117 0.4717 0.1712 0.1183 0.5120 0.1278 0.1547 0.3349 0.1129 0.3988 0.2045 0.1141 0.5177 0.1420 0.1300 0.4197 0.1173 0.2825 0.2532 0.1119 0.4839 0.1652 0.1195 0.5038 0.1260 0.1631 0.3233 0.1126 0.4100 0.2003 0.1144 0.5189 0.1352
0.4999 0.1150 0.2008 0.4088 0.1126 0.3244 0.1624 0.1261 0.5044 0.1194 0.1655 0.4833 0.1119 0.2539 0.2810 0.1174 0.4203 0.1300 0.1420 0.5178 0.1142 0.2041 0.3999 0.1129 0.3339 0.1553 0.1277 0.5115 0.1183 0.1708 0.4725 0.1117 0.2673 0.2485 0.1191 0.4443 0.1263 0.1474 0.5118 0.1133 0.2169 0.3693 0.1138 0.3585 0.1442 0.1311 0.5177 0.1216 0.2091 0.2866 0.1118 0.4535 0.1801 0.1168 0.5191 0.1314 0.1443 0.3585 0.1138 0.3693 0.2169 0.1133 0.5118 0.1474 0.1263 0.4443 0.1191 0.2485 0.2673 0.1117 0.4725 0.1708 0.1183 0.5115 0.1277 0.1553 0.3339 0.1129 0.3999 0.2041 0.1142 0.5178 0.1420 0.1300 0.4203 0.1174 0.2810 0.2539 0.1119 0.4833 0.1655 0.1194 0.5044 0.1261 0.1624 0.3244 0.1126 0.4086 0.2009 0.1149 0.4999
0.1158 0.2014 0.4073 0.1126 0.3256 0.1615 0.1263 0.5051 0.1193 0.1659 0.4826 0.1119 0.2546 0.2793 0.1175 0.4213 0.1299 0.1421 0.5177 0.1142 0.2040 0.4005 0.1128 0.3330 0.1559 0.1276 0.5110 0.1184 0.1704 0.4732 0.1118 0.2665 0.2502 0.1190 0.4431 0.1265 0.1471 0.5122 0.1133 0.2163 0.3706 0.1138 0.3575 0.1446 0.1313 0.5182 0.1057 0.4685 0.1214 0.2110 0.2857 0.1118 0.4544 0.1797 0.1168 0.5189 0.1313 0.1446 0.3575 0.1138 0.3706 0.2163 0.1133 0.5122 0.1471 0.1265 0.4431 0.1190 0.2502 0.2665 0.1118 0.4732 0.1704 0.1184 0.5110 0.1276 0.1559 0.3330 0.1128 0.4005 0.2040 0.1142 0.5177 0.1421 0.1299 0.4213 0.1175 0.2793 0.2546 0.1119 0.4826 0.1659 0.1193 0.5051 0.1263 0.1615 0.3256 0.1126 0.4072 0.2015 0.1158
0.1937 0.4059 0.1127 0.3269 0.1606 0.1264 0.5058 0.1192 0.1662 0.4820 0.1119 0.2554 0.2776 0.1176 0.4225 0.1297 0.1423 0.5176 0.1141 0.2041 0.4005 0.1128 0.3325 0.1563 0.1274 0.5106 0.1185 0.1701 0.4739 0.1118 0.2658 0.2519 0.1189 0.4420 0.1267 0.1469 0.5125 0.1133 0.2157 0.3720 0.1137 0.3564 0.1450 0.1311 0.5188 0.1155 0.2049 0.1194 0.4686 0.1213 0.2125 0.2848 0.1118 0.4552 0.1793 0.1169 0.5187 0.1311 0.1450 0.3564 0.1137 0.3720 0.2157 0.1133 0.5125 0.1469 0.1267 0.4420 0.1189 0.2519 0.2658 0.1118 0.4739 0.1701 0.1185 0.5106 0.1274 0.1563 0.3325 0.1128 0.4005 0.2041 0.1141 0.5176 0.1423 0.1297 0.4225 0.1176 0.2776 0.2554 0.1119 0.4820 0.1662 0.1192 0.5058 0.1264 0.1606 0.3268 0.1127 0.4059 0.1938
0.3754 0.1133 0.3281 0.1597 0.1266 0.5066 0.1191 0.1666 0.4813 0.1119 0.2561 0.2759 0.1176 0.4237 0.1295 0.1425 0.5174 0.1141 0.2045 0.3999 0.1128 0.3325 0.1565 0.1274 0.5102 0.1185 0.1697 0.4746 0.1118 0.2650 0.2536 0.1188 0.4408 0.1268 0.1466 0.5128 0.1134 0.2152 0.3734 0.1137 0.3554 0.1454 0.1309 0.5185 0.1170 0.1779 0.4011 0.1536 0.1235 0.4674 0.1212 0.2141 0.2840 0.1118 0.4561 0.1789 0.1170 0.5185 0.1309 0.1454 0.3554 0.1137 0.3734 0.2152 0.1134 0.5128 0.1466 0.1268 0.4408 0.1188 0.2536 0.2650 0.1118 0.4746 0.1697 0.1185 0.5102 0.1274 0.1565 0.3325 0.1128 0.3999 0.2045 0.1141 0.5174 0.1425 0.1295 0.4237 0.1176 0.2759 0.2561 0.1119 0.4813 0.1666 0.1191 0.5066 0.1266 0.1598 0.3280 0.1133 0.3755
0.1099 0.3293 0.1589 0.1268 0.5073 0.1190 0.1671 0.4805 0.1119 0.2568 0.2742 0.1177 0.4248 0.1293 0.1428 0.5172 0.1141 0.2050 0.3988 0.1129 0.3330 0.1563 0.1274 0.5101 0.1186 0.1695 0.4753 0.1118 0.2643 0.2553 0.1187 0.4397 0.1270 0.1464 0.5131 0.1134 0.2146 0.3747 0.1136 0.3543 0.1458 0.1308 0.5183 0.1170 0.1786 0.4597 0.1107 0.5050 0.1528 0.1236 0.4663 0.1210 0.2157 0.2832 0.1118 0.4569 0.1785 0.1170 0.5183 0.1308 0.1458 0.3543 0.1136 0.3747 0.2146 0.1134 0.5131 0.1464 0.1270 0.4397 0.1187 0.2553 0.2643 0.1118 0.4753 0.1695 0.1186 0.5101 0.1274 0.1563 0.3330 0.1129 0.3988 0.2050 0.1141 0.5172 0.1428 0.1293 0.4248 0.1177 0.2742 0.2568 0.1118 0.4805 0.1670 0.1190 0.5073 0.1268 0.1589 0.3293 0.1099
0.3154 0.1583 0.1269 0.5080 0.1189 0.1675 0.4797 0.1119 0.2576 0.2724 0.1178 0.4260 0.1291 0.1430 0.5169 0.1140 0.2055 0.3976 0.1129 0.3339 0.1559 0.1274 0.5102 0.1186 0.1694 0.4756 0.1118 0.2636 0.2570 0.1187 0.4385 0.1271 0.1461 0.5134 0.1134 0.2141 0.3761 0.1136 0.3532 0.1462 0.1306 0.5181 0.1171 0.1781 0.4575 0.1104 0.3309 0.1090 0.5048 0.1524 0.1238 0.4653 0.1209 0.2173 0.2823 0.1118 0.4577 0.1781 0.1171 0.5181 0.1306 0.1462 0.3532 0.1136 0.3761 0.2141 0.1134 0.5134 0.1461 0.1271 0.4385 0.1187 0.2570 0.2636 0.1118 0.4756 0.1694 0.1186 0.5102 0.1274 0.1559 0.3339 0.1129 0.3976 0.2055 0.1140 0.5169 0.1430 0.1291 0.4260 0.1178 0.2724 0.2576 0.1118 0.4797 0.1675 0.1189 0.5080 0.1269 0.1583 0.3154
0.1576 0.1271 0.5087 0.1189 0.1679 0.4789 0.1118 0.2585 0.2705 0.1179 0.4272 0.1289 0.1432 0.5167 0.1140 0.2060 0.3964 0.1129 0.3349 0.1553 0.1276 0.5106 0.1185 0.1695 0.4756 0.1118 0.2632 0.2583 0.1186 0.4374 0.1273 0.1459 0.5137 0.1135 0.2135 0.3774 0.1136 0.3522 0.1466 0.1304 0.5178 0.1171 0.1777 0.4586 0.1118 0.2789 0.1497 0.2273 0.1127 0.5053 0.1522 0.1239 0.4642 0.1208 0.2189 0.2815 0.1118 0.4586 0.1777 0.1171 0.5178 0.1304 0.1466 0.3522 0.1136 0.3774 0.2135 0.1135 0.5137 0.1459 0.1273 0.4374 0.1186 0.2583 0.2632 0.1118 0.4756 0.1695 0.1185 0.5106 0.1276 0.1553 0.3349 0.1129 0.3964 0.2060 0.1140 0.5167 0.1432 0.1289 0.4271 0.1179 0.2706 0.2585 0.1118 0.4789 0.1679 0.1188 0.5087 0.1271 0.1576
0.1219 0.5094 0.1188 0.1683 0.4781 0.1118 0.2594 0.2684 0.1180 0.4284 0.1288 0.1435 0.5165 0.1139 0.2066 0.3952 0.1130 0.3359 0.1547 0.1277 0.5110 0.1185 0.1697 0.4753 0.1118 0.2632 0.2587 0.1185 0.4365 0.1274 0.1456 0.5140 0.1135 0.2130 0.3787 0.1135 0.3511 0.1470 0.1303 0.5176 0.1172 0.1773 0.4594 0.1117 0.2810 0.2254 0.1294 0.3466 0.2269 0.1127 0.5057 0.1519 0.1240 0.4631 0.1207 0.2205 0.2807 0.1118 0.4594 0.1773 0.1172 0.5176 0.1303 0.1470 0.3511 0.1135 0.3787 0.2130 0.1135 0.5140 0.1456 0.1274 0.4365 0.1185 0.2587 0.2632 0.1118 0.4753 0.1697 0.1185 0.5110 0.1277 0.1547 0.3359 0.1130 0.3952 0.2066 0.1139 0.5165 0.1435 0.1288 0.4284 0.1180 0.2684 0.2594 0.1118 0.4780 0.1684 0.1187 0.5093 0.1219
0.4911 0.1191 0.1687 0.4773 0.1118 0.2603 0.2663 0.1181 0.4299 0.1286 0.1437 0.5163 0.1139 0.2071 0.3939 0.1130 0.3369 0.1542 0.1278 0.5115 0.1184 0.1701 0.4746 0.1118 0.2636 0.2583 0.1185 0.4363 0.1275 0.1454 0.5142 0.1135 0.2124 0.3800 0.1135 0.3501 0.1475 0.1301 0.5173 0.1173 0.1769 0.4602 0.1117 0.2799 0.2216 0.1201 0.5085 0.1135 0.3462 0.2263 0.1127 0.5061 0.1516 0.1241 0.4620 0.1206 0.2221 0.2799 0.1117 0.4602 0.1769 0.1173 0.5173 0.1301 0.1475 0.3501 0.1135 0.3800 0.2124 0.1135 0.5142 0.1454 0.1275 0.4363 0.1185 0.2583 0.2636 0.1118 0.4746 0.1701 0.1184 0.5115 0.1278 0.1542 0.3369 0.1130 0.3939 0.2071 0.1139 0.5163 0.1437 0.1286 0.4299 0.1181 0.2663 0.2603 0.1118 0.4772 0.1688 0.1191 0.4910
0.1222 0.1692 0.4765 0.1118 0.2613 0.2641 0.1182 0.4313 0.1284 0.1440 0.5160 0.1139 0.2076 0.3927 0.1130 0.3379 0.1536 0.1280 0.5120 0.1183 0.1704 0.4739 0.1118 0.2643 0.2570 0.1186 0.4365 0.1275 0.1454 0.5144 0.1136 0.2119 0.3813 0.1134 0.3491 0.1479 0.1300 0.5170 0.1173 0.1765 0.4610 0.1117 0.2791 0.2237 0.1206 0.4572 0.1087 0.3732 0.1146 0.3478 0.2257 0.1128 0.5065 0.1513 0.1243 0.4609 0.1205 0.2237 0.2791 0.1117 0.4610 0.1765 0.1173 0.5170 0.1300 0.1479 0.3491 0.1134 0.3813 0.2119 0.1136 0.5144 0.1454 0.1275 0.4365 0.1186 0.2570 0.2643 0.1118 0.4739 0.1704 0.1183 0.5120 0.1280 0.1536 0.3379 0.1130 0.3927 0.2076 0.1138 0.5160 0.1440 0.1284 0.4313 0.1182 0.2641 0.2613 0.1118 0.4764 0.1692 0.1222
0.1629 0.4756 0.1118 0.2623 0.2619 0.1183 0.4327 0.1282 0.1443 0.5157 0.1138 0.2082 0.3914 0.1131 0.3390 0.1531 0.1281 0.5124 0.1183 0.1708 0.4732 0.1118 0.2650 0.2553 0.1187 0.4374 0.1274 0.1454 0.5144 0.1136 0.2116 0.3823 0.1134 0.3480 0.1483 0.1298 0.5167 0.1174 0.1761 0.4619 0.1117 0.2783 0.2253 0.1204 0.4602 0.1233 0.1697 0.1363 0.3736 0.1146 0.3493 0.2251 0.1128 0.5069 0.1511 0.1244 0.4598 0.1204 0.2253 0.2783 0.1117 0.4619 0.1761 0.1174 0.5167 0.1298 0.1483 0.3480 0.1134 0.3823 0.2116 0.1136 0.5144 0.1454 0.1274 0.4374 0.1187 0.2553 0.2650 0.1118 0.4732 0.1708 0.1183 0.5124 0.1281 0.1531 0.3390 0.1131 0.3914 0.2082 0.1138 0.5157 0.1443 0.1282 0.4327 0.1183 0.2620 0.2622 0.1118 0.4756 0.1629
0.4511 0.1124 0.2632 0.2597 0.1184 0.4341 0.1279 0.1446 0.5154 0.1138 0.2088 0.3901 0.1131 0.3400 0.1526 0.1283 0.5128 0.1182 0.1712 0.4725 0.1118 0.2658 0.2536 0.1187 0.4385 0.1273 0.1456 0.5142 0.1136 0.2116 0.3826 0.1134 0.3473 0.1487 0.1296 0.5165 0.1175 0.1757 0.4627 0.1117 0.2774 0.2270 0.1203 0.4587 0.1246 0.1502 0.4789 0.1342 0.1399 0.3725 0.1145 0.3508 0.2245 0.1128 0.5073 0.1508 0.1245 0.4587 0.1203 0.2270 0.2774 0.1117 0.4627 0.1757 0.1175 0.5165 0.1296 0.1487 0.3473 0.1134 0.3826 0.2116 0.1136 0.5142 0.1456 0.1273 0.4385 0.1187 0.2536 0.2658 0.1118 0.4725 0.1712 0.1182 0.5128 0.1283 0.1526 0.3400 0.1131 0.3900 0.2088 0.1138 0.5154 0.1446 0.1279 0.4341 0.1184 0.2599 0.2632 0.1124 0.4511
0.1106 0.2642 0.2576 0.1185 0.4356 0.1277 0.1449 0.5151 0.1137 0.2094 0.3888 0.1132 0.3410 0.1521 0.1284 0.5133 0.1181 0.1716 0.4717 0.1117 0.2665 0.2519 0.1188 0.4397 0.1271 0.1459 0.5140 0.1135 0.2119 0.3823 0.1134 0.3470 0.1490 0.1295 0.5162 0.1175 0.1753 0.4635 0.1117 0.2766 0.2286 0.1202 0.4576 0.1247 0.1506 0.5089 0.1068 0.5205 0.1335 0.1402 0.3714 0.1144 0.3522 0.2239 0.1129 0.5077 0.1505 0.1247 0.4576 0.1202 0.2286 0.2766 0.1117 0.4635 0.1753 0.1175 0.5162 0.1295 0.1490 0.3470 0.1134 0.3823 0.2119 0.1135 0.5140 0.1459 0.1271 0.4397 0.1188 0.2519 0.2665 0.1117 0.4717 0.1716 0.1181 0.5133 0.1284 0.1521 0.3410 0.1132 0.3885 0.2095 0.1137 0.5151 0.1449 0.1277 0.4356 0.1185 0.2576 0.2642 0.1106
0.2534 0.2555 0.1186 0.4370 0.1275 0.1452 0.5148 0.1137 0.2100 0.3872 0.1132 0.3421 0.1515 0.1286 0.5137 0.1180 0.1719 0.4710 0.1117 0.2673 0.2502 0.1189 0.4408 0.1270 0.1461 0.5137 0.1135 0.2124 0.3813 0.1134 0.3473 0.1490 0.1295 0.5160 0.1176 0.1750 0.4642 0.1117 0.2758 0.2303 0.1201 0.4565 0.1248 0.1502 0.5079 0.1114 0.2592 0.1120 0.5205 0.1333 0.1405 0.3703 0.1144 0.3537 0.2233 0.1129 0.5080 0.1502 0.1248 0.4565 0.1201 0.2303 0.2758 0.1117 0.4642 0.1750 0.1176 0.5160 0.1295 0.1490 0.3473 0.1134 0.3813 0.2124 0.1135 0.5137 0.1461 0.1270 0.4408 0.1189 0.2502 0.2673 0.1117 0.4710 0.1719 0.1180 0.5137 0.1286 0.1515 0.3421 0.1132 0.3870 0.2101 0.1137 0.5148 0.1452 0.1275 0.4369 0.1186 0.2555 0.2534
0.2257 0.1191 0.4385 0.1273 0.1455 0.5144 0.1136 0.2107 0.3856 0.1133 0.3434 0.1510 0.1287 0.5141 0.1180 0.1723 0.4703 0.1117 0.2681 0.2485 0.1190 0.4420 0.1268 0.1464 0.5134 0.1135 0.2130 0.3800 0.1134 0.3480 0.1487 0.1295 0.5160 0.1176 0.1748 0.4648 0.1117 0.2750 0.2319 0.1200 0.4554 0.1249 0.1500 0.5084 0.1130 0.2211 0.2674 0.1846 0.1163 0.5204 0.1331 0.1409 0.3692 0.1143 0.3551 0.2227 0.1129 0.5084 0.1500 0.1249 0.4554 0.1200 0.2319 0.2750 0.1117 0.4648 0.1748 0.1176 0.5160 0.1295 0.1487 0.3480 0.1134 0.3800 0.2130 0.1135 0.5134 0.1464 0.1268 0.4420 0.1190 0.2485 0.2681 0.1117 0.4703 0.1723 0.1180 0.5141 0.1287 0.1510 0.3433 0.1133 0.3855 0.2107 0.1136 0.5144 0.1455 0.1273 0.4384 0.1191 0.2258
0.1141 0.4399 0.1272 0.1458 0.5141 0.1136 0.2114 0.3839 0.1133 0.3447 0.1504 0.1289 0.5145 0.1179 0.1727 0.4695 0.1117 0.2689 0.2468 0.1191 0.4431 0.1267 0.1466 0.5131 0.1134 0.2135 0.3787 0.1135 0.3491 0.1483 0.1296 0.5162 0.1176 0.1748 0.4650 0.1117 0.2745 0.2334 0.1199 0.4543 0.1251 0.1497 0.5088 0.1129 0.2223 0.3613 0.1184 0.4468 0.1838 0.1163 0.5203 0.1330 0.1412 0.3681 0.1143 0.3566 0.2221 0.1130 0.5088 0.1497 0.1251 0.4543 0.1199 0.2334 0.2745 0.1117 0.4650 0.1748 0.1176 0.5162 0.1296 0.1483 0.3491 0.1135 0.3787 0.2135 0.1134 0.5131 0.1466 0.1267 0.4431 0.1191 0.2468 0.2689 0.1117 0.4695 0.1727 0.1179 0.5145 0.1289 0.1504 0.3446 0.1133 0.3840 0.2114 0.1136 0.5141 0.1458 0.1271 0.4398 0.1141
0.4216 0.1273 0.1461 0.5138 0.1135 0.2121 0.3823 0.1134 0.3460 0.1498 0.1291 0.5150 0.1178 0.1731 0.4688 0.1117 0.2696 0.2451 0.1192 0.4443 0.1265 0.1469 0.5128 0.1134 0.2141 0.3774 0.1135 0.3501 0.1479 0.1298 0.5165 0.1175 0.1750 0.4648 0.1117 0.2743 0.2343 0.1199 0.4533 0.1252 0.1494 0.5092 0.1130 0.2215 0.3575 0.1133 0.4280 0.1093 0.4464 0.1834 0.1163 0.5202 0.1328 0.1415 0.3670 0.1142 0.3580 0.2215 0.1130 0.5092 0.1494 0.1252 0.4533 0.1199 0.2343 0.2743 0.1117 0.4648 0.1750 0.1175 0.5165 0.1298 0.1479 0.3501 0.1135 0.3774 0.2141 0.1134 0.5128 0.1469 0.1265 0.4443 0.1192 0.2451 0.2696 0.1117 0.4688 0.1731 0.1178 0.5150 0.1291 0.1498 0.3460 0.1134 0.3823 0.2121 0.1135 0.5137 0.1461 0.1273 0.4215
0.1319 0.1464 0.5134 0.1135 0.2128 0.3807 0.1134 0.3473 0.1492 0.1293 0.5154 0.1178 0.1736 0.4679 0.1117 0.2704 0.2434 0.1193 0.4454 0.1263 0.1471 0.5125 0.1134 0.2146 0.3761 0.1136 0.3511 0.1475 0.1300 0.5167 0.1175 0.1753 0.4642 0.1117 0.2745 0.2343 0.1199 0.4527 0.1253 0.1492 0.5095 0.1130 0.2209 0.3595 0.1143 0.3623 0.1187 0.2913 0.1119 0.4474 0.1830 0.1164 0.5201 0.1326 0.1419 0.3659 0.1142 0.3595 0.2209 0.1130 0.5095 0.1492 0.1253 0.4527 0.1199 0.2343 0.2745 0.1117 0.4642 0.1753 0.1175 0.5167 0.1300 0.1475 0.3511 0.1136 0.3761 0.2146 0.1134 0.5125 0.1471 0.1263 0.4454 0.1193 0.2434 0.2704 0.1117 0.4679 0.1735 0.1178 0.5154 0.1293 0.1492 0.3473 0.1134 0.3807 0.2128 0.1135 0.5134 0.1464 0.1319
0.1409 0.5131 0.1134 0.2135 0.3789 0.1135 0.3485 0.1487 0.1295 0.5158 0.1177 0.1740 0.4670 0.1117 0.2712 0.2417 0.1194 0.4466 0.1262 0.1474 0.5122 0.1133 0.2152 0.3747 0.1136 0.3522 0.1470 0.1301 0.5170 0.1174 0.1757 0.4635 0.1117 0.2750 0.2334 0.1199 0.4527 0.1254 0.1491 0.5098 0.1130 0.2204 0.3609 0.1141 0.3652 0.1421 0.1461 0.2010 0.2915 0.1118 0.4483 0.1825 0.1164 0.5200 0.1324 0.1422 0.3648 0.1141 0.3609 0.2204 0.1130 0.5098 0.1491 0.1254 0.4527 0.1199 0.2334 0.2750 0.1117 0.4635 0.1757 0.1174 0.5170 0.1301 0.1470 0.3522 0.1136 0.3747 0.2152 0.1133 0.5122 0.1474 0.1262 0.4466 0.1194 0.2417 0.2712 0.1117 0.4670 0.1740 0.1177 0.5158 0.1295 0.1487 0.3485 0.1135 0.3790 0.2135 0.1134 0.5130 0.1409
0.4930 0.1140 0.2142 0.3772 0.1135 0.3498 0.1481 0.1297 0.5162 0.1176 0.1744 0.4661 0.1118 0.2721 0.2400 0.1195 0.4477 0.1261 0.1476 0.5118 0.1133 0.2157 0.3734 0.1136 0.3532 0.1466 0.1303 0.5173 0.1173 0.1761 0.4627 0.1117 0.2758 0.2319 0.1199 0.4533 0.1253 0.1491 0.5099 0.1131 0.2199 0.3621 0.1141 0.3637 0.1425 0.1319 0.5167 0.1221 0.2021 0.2906 0.1118 0.4492 0.1821 0.1165 0.5199 0.1323 0.1425 0.3637 0.1141 0.3621 0.2199 0.1131 0.5099 0.1491 0.1253 0.4533 0.1199 0.2319 0.2758 0.1117 0.4627 0.1761 0.1173 0.5173 0.1303 0.1466 0.3532 0.1136 0.3734 0.2157 0.1133 0.5118 0.1476 0.1261 0.4477 0.1195 0.2400 0.2721 0.1118 0.4660 0.1745 0.1176 0.5162 0.1297 0.1481 0.3498 0.1135 0.3774 0.2142 0.1140 0.4930
0.1141 0.2149 0.3756 0.1136 0.3511 0.1476 0.1299 0.5166 0.1175 0.1749 0.4652 0.1117 0.2730 0.2381 0.1196 0.4489 0.1259 0.1479 0.5115 0.1133 0.2163 0.3720 0.1137 0.3543 0.1462 0.1304 0.5176 0.1173 0.1765 0.4619 0.1117 0.2766 0.2303 0.1200 0.4543 0.1252 0.1492 0.5098 0.1131 0.2198 0.3629 0.1140 0.3628 0.1429 0.1321 0.5192 0.1057 0.4734 0.1219 0.2037 0.2898 0.1118 0.4501 0.1817 0.1166 0.5197 0.1321 0.1429 0.3628 0.1140 0.3629 0.2198 0.1131 0.5098 0.1492 0.1252 0.4543 0.1200 0.2303 0.2766 0.1117 0.4619 0.1765 0.1173 0.5176 0.1304 0.1462 0.3543 0.1137 0.3720 0.2163 0.1133 0.5115 0.1479 0.1259 0.4489 0.1196 0.2381 0.2730 0.1118 0.4651 0.1750 0.1175 0.5166 0.1299 0.1476 0.3511 0.1136 0.3756 0.2149 0.1141
0.2066 0.3739 0.1136 0.3524 0.1470 0.1301 0.5169 0.1175 0.1754 0.4642 0.1117 0.2740 0.2360 0.1197 0.4503 0.1258 0.1482 0.5112 0.1132 0.2169 0.3706 0.1137 0.3554 0.1458 0.1306 0.5178 0.1172 0.1769 0.4610 0.1117 0.2774 0.2286 0.1201 0.4554 0.1251 0.1494 0.5095 0.1130 0.2199 0.3629 0.1140 0.3622 0.1431 0.1319 0.5196 0.1152 0.2072 0.1188 0.4738 0.1218 0.2049 0.2891 0.1118 0.4512 0.1811 0.1166 0.5195 0.1319 0.1431 0.3622 0.1140 0.3629 0.2199 0.1130 0.5095 0.1494 0.1251 0.4554 0.1201 0.2286 0.2774 0.1117 0.4610 0.1769 0.1172 0.5178 0.1306 0.1458 0.3554 0.1137 0.3706 0.2169 0.1132 0.5112 0.1482 0.1258 0.4503 0.1197 0.2360 0.2740 0.1118 0.4642 0.1754 0.1174 0.5169 0.1301 0.1471 0.3523 0.1136 0.3739 0.2066
0.3416 0.1142 0.3537 0.1465 0.1303 0.5172 0.1174 0.1759 0.4632 0.1117 0.2750 0.2338 0.1198 0.4516 0.1256 0.1484 0.5108 0.1132 0.2175 0.3693 0.1138 0.3564 0.1454 0.1308 0.5181 0.1171 0.1773 0.4602 0.1117 0.2783 0.2270 0.1202 0.4565 0.1249 0.1497 0.5092 0.1130 0.2204 0.3621 0.1140 0.3622 0.1432 0.1318 0.5193 0.1119 0.1813 0.3929 0.1563 0.1134 0.4690 0.1213 0.2062 0.2875 0.1103 0.4475 0.1827 0.1144 0.5190 0.1323 0.1432 0.3622 0.1140 0.3621 0.2204 0.1130 0.5092 0.1497 0.1249 0.4565 0.1202 0.2270 0.2783 0.1117 0.4602 0.1773 0.1171 0.5181 0.1308 0.1454 0.3564 0.1138 0.3693 0.2175 0.1132 0.5108 0.1484 0.1256 0.4516 0.1198 0.2340 0.2750 0.1117 0.4632 0.1759 0.1174 0.5173 0.1303 0.1465 0.3536 0.1142 0.3417
0.1103 0.3551 0.1460 0.1305 0.5176 0.1173 0.1764 0.4622 0.1117 0.2761 0.2317 0.1199 0.4530 0.1254 0.1488 0.5104 0.1132 0.2180 0.3679 0.1138 0.3575 0.1450 0.1309 0.5183 0.1171 0.1777 0.4594 0.1117 0.2791 0.2253 0.1203 0.4576 0.1248 0.1500 0.5088 0.1130 0.2209 0.3609 0.1141 0.3628 0.1431 0.1318 0.5192 0.1093 0.2619 0.1531 0.1364 0.2838 0.2904 0.1118 0.5120 0.1196 0.3786 0.4959 0.1191 0.4015 0.2106 0.1178 0.4876 0.1328 0.1432 0.3627 0.1141 0.3609 0.2209 0.1130 0.5088 0.1500 0.1248 0.4576 0.1203 0.2253 0.2791 0.1117 0.4594 0.1777 0.1171 0.5183 0.1309 0.1450 0.3575 0.1138 0.3679 0.2180 0.1132 0.5105 0.1487 0.1254 0.4530 0.1199 0.2319 0.2760 0.1117 0.4622 0.1764 0.1173 0.5176 0.1305 0.1460 0.3550 0.1103
0.3399 0.1458 0.1306 0.5178 0.1172 0.1769 0.4612 0.1117 0.2771 0.2297 0.1201 0.4544 0.1252 0.1491 0.5100 0.1131 0.2186 0.3665 0.1139 0.3585 0.1446 0.1311 0.5185 0.1170 0.1781 0.4586 0.1118 0.2799 0.2237 0.1204 0.4587 0.1247 0.1502 0.5084 0.1130 0.2215 0.3595 0.1141 0.3637 0.1429 0.1319 0.5193 0.1118 0.2638 0.1349 0.5236 0.1050 0.1620 0.1362 0.1518 0.1213 0.3812 0.3646 0.1154 0.3777 0.0948 0.4163 0.1380 0.1700 0.4866 0.1324 0.1429 0.3637 0.1141 0.3595 0.2215 0.1130 0.5084 0.1502 0.1247 0.4587 0.1204 0.2237 0.2799 0.1118 0.4586 0.1781 0.1170 0.5185 0.1311 0.1446 0.3585 0.1139 0.3665 0.2187 0.1131 0.5100 0.1491 0.1252 0.4544 0.1201 0.2297 0.2771 0.1117 0.4612 0.1769 0.1172 0.5179 0.1307 0.1458 0.3398
0.1486 0.1308 0.5181 0.1171 0.1774 0.4602 0.1118 0.2781 0.2276 0.1202 0.4558 0.1251 0.1494 0.5096 0.1131 0.2193 0.3650 0.1139 0.3596 0.1443 0.1313 0.5187 0.1170 0.1785 0.4577 0.1118 0.2807 0.2221 0.1205 0.4598 0.1245 0.1505 0.5080 0.1129 0.2221 0.3580 0.1142 0.3648 0.1425 0.1321 0.5196 0.1148 0.2091 0.2316 0.2677 0.2301 0.4296 0.4875 0.1058 0.4499 0.2782 0.2987 0.3717 0.4788 0.3579 0.1983 0.1282 0.1177 0.1240 0.1140 0.5192 0.1321 0.1425 0.3648 0.1142 0.3580 0.2221 0.1129 0.5080 0.1505 0.1245 0.4598 0.1205 0.2221 0.2807 0.1118 0.4577 0.1785 0.1170 0.5187 0.1313 0.1443 0.3596 0.1139 0.3649 0.2193 0.1131 0.5096 0.1494 0.1251 0.4557 0.1202 0.2276 0.2781 0.1118 0.4602 0.1774 0.1171 0.5182 0.1309 0.1485
0.1257 0.5184 0.1170 0.1779 0.4591 0.1118 0.2790 0.2257 0.1203 0.4572 0.1249 0.1497 0.5092 0.1130 0.2200 0.3633 0.1140 0.3608 0.1439 0.1314 0.5189 0.1169 0.1789 0.4569 0.1118 0.2815 0.2205 0.1206 0.4609 0.1244 0.1508 0.5077 0.1129 0.2227 0.3566 0.1142 0.3659 0.1422 0.1323 0.5197 0.1166 0.1829 0.2096 0.3102 0.1420 0.2431 0.2017 0.2842 0.5556 0.0758 0.3733 0.1435 0.4931 0.3312 0.2941 0.1076 0.1459 0.5600 0.2405 0.2722 0.1115 0.5197 0.1323 0.1422 0.3659 0.1142 0.3566 0.2227 0.1129 0.5077 0.1508 0.1244 0.4609 0.1206 0.2205 0.2815 0.1118 0.4569 0.1789 0.1169 0.5189 0.1314 0.1439 0.3607 0.1140 0.3633 0.2200 0.1130 0.5091 0.1497 0.1249 0.4571 0.1203 0.2257 0.2790 0.1118 0.4592 0.1779 0.1171 0.5184 0.1257
0.5005 0.1174 0.1784 0.4581 0.1118 0.2800 0.2236 0.1204 0.4586 0.1247 0.1500 0.5087 0.1130 0.2207 0.3615 0.1141 0.3621 0.1435 0.1316 0.5191 0.1168 0.1793 0.4561 0.1118 0.2823 0.2189 0.1207 0.4620 0.1243 0.1511 0.5073 0.1129 0.2233 0.3551 0.1143 0.3670 0.1419 0.1324 0.5199 0.1166 0.1813 0.4524 0.1132 0.2885 0.1648 0.3181 0.1184 0.1776 0.4490 0.1959 0.0830 0.4886 0.1143 0.1211 0.3187 0.5021 0.2107 0.1651 0.1959 0.2683 0.1823 0.1166 0.5199 0.1324 0.1419 0.3670 0.1143 0.3551 0.2233 0.1129 0.5073 0.1511 0.1243 0.4620 0.1207 0.2189 0.2823 0.1118 0.4561 0.1793 0.1168 0.5191 0.1316 0.1435 0.3620 0.1141 0.3615 0.2207 0.1130 0.5087 0.1501 0.1247 0.4585 0.1204 0.2237 0.2800 0.1118 0.4581 0.1784 0.1174 0.5005
0.1198 0.1789 0.4571 0.1118 0.2811 0.2216 0.1206 0.4599 0.1246 0.1504 0.5083 0.1129 0.2215 0.3597 0.1141 0.3633 0.1431 0.1318 0.5193 0.1168 0.1797 0.4552 0.1118 0.2832 0.2173 0.1208 0.4631 0.1241 0.1513 0.5069 0.1128 0.2239 0.3537 0.1143 0.3681 0.1415 0.1326 0.5200 0.1165 0.1817 0.4510 0.1090 0.4175 0.1470 0.1299 0.0837 0.5516 0.1108 0.3611 0.1921 0.4944 0.1051 0.3175 0.4740 0.1286 0.2119 0.2916 0.2071 0.2987 0.1176 0.4521 0.1815 0.1165 0.5200 0.1326 0.1415 0.3681 0.1143 0.3537 0.2239 0.1128 0.5069 0.1513 0.1241 0.4631 0.1208 0.2173 0.2832 0.1118 0.4552 0.1797 0.1168 0.5193 0.1318 0.1431 0.3633 0.1141 0.3598 0.2215 0.1130 0.5082 0.1504 0.1246 0.4599 0.1206 0.2216 0.2811 0.1118 0.4570 0.1789 0.1198
0.1722 0.4559 0.1119 0.2823 0.2192 0.1207 0.4616 0.1245 0.1507 0.5077 0.1130 0.2224 0.3574 0.1143 0.3650 0.1426 0.1320 0.5195 0.1168 0.1802 0.4541 0.1119 0.2843 0.2152 0.1210 0.4645 0.1241 0.1517 0.5063 0.1129 0.2247 0.3517 0.1145 0.3695 0.1412 0.1328 0.5202 0.1165 0.1822 0.4498 0.1118 0.2939 0.1166 0.2993 0.0978 0.4592 0.2237 0.4343 0.1422 0.4975 0.1107 0.2557 0.0654 0.1659 0.4720 0.4073 0.1159 0.2260 0.1265 0.3992 0.1089 0.4509 0.1821 0.1164 0.5201 0.1328 0.1412 0.3692 0.1144 0.3522 0.2245 0.1128 0.5065 0.1516 0.1240 0.4642 0.1209 0.2157 0.2840 0.1118 0.4544 0.1801 0.1167 0.5195 0.1320 0.1426 0.3647 0.1142 0.3580 0.2222 0.1129 0.5078 0.1507 0.1244 0.4612 0.1207 0.2197 0.2820 0.1118 0.4560 0.1722
0.4306 0.1103 0.2807 0.2221 0.1204 0.4588 0.1221 0.1506 0.5087 0.1104 0.2215 0.3610 0.1130 0.3622 0.1412 0.1320 0.5191 0.1141 0.1798 0.4564 0.1098 0.2820 0.2188 0.1206 0.4615 0.1217 0.1514 0.5075 0.1103 0.2236 0.3557 0.1132 0.3665 0.1397 0.1327 0.5198 0.1139 0.1817 0.4523 0.1098 0.2858 0.1798 0.1900 0.4404 0.1334 0.1860 0.3514 0.1795 0.1885 0.3726 0.1022 0.5246 0.1695 0.1764 0.2765 0.1416 0.3861 0.0910 0.4521 0.1077 0.3173 0.1111 0.4492 0.1825 0.1164 0.5202 0.1330 0.1409 0.3703 0.1144 0.3508 0.2251 0.1128 0.5061 0.1519 0.1239 0.4653 0.1210 0.2141 0.2848 0.1118 0.4535 0.1806 0.1167 0.5197 0.1322 0.1422 0.3661 0.1142 0.3562 0.2230 0.1129 0.5074 0.1510 0.1243 0.4626 0.1208 0.2177 0.2831 0.1124 0.4296
0.1104 0.3718 0.1314 0.1357 0.5200 0.1065 0.1826 0.4523 0.1081 0.2859 0.2085 0.1226 0.4661 0.1131 0.1543 0.5061 0.1056 0.2256 0.3508 0.1136 0.3698 0.1312 0.1360 0.5203 0.1064 0.1837 0.4496 0.1082 0.2886 0.2031 0.1231 0.4700 0.1126 0.1554 0.5044 0.1057 0.2283 0.3438 0.1140 0.3752 0.1295 0.1465 0.2166 0.2356 0.3201 0.3322 0.3336 0.3084 0.3905 0.2388 0.1547 0.1153 0.4670 0.1211 0.3135 0.0701 0.3958 0.1094 0.1256 0.2230 0.1518 0.2887 0.1119 0.4483 0.1830 0.1163 0.5203 0.1331 0.1405 0.3714 0.1145 0.3493 0.2257 0.1127 0.5057 0.1522 0.1238 0.4663 0.1212 0.2125 0.2857 0.1118 0.4525 0.1811 0.1166 0.5198 0.1324 0.1418 0.3675 0.1143 0.3544 0.2237 0.1128 0.5069 0.1514 0.1241 0.4639 0.1209 0.2158 0.2841 0.1100
0.4307 0.1103 0.2807 0.2221 0.1204 0.4586 0.1221 0.1506 0.5087 0.1104 0.2215 0.3610 0.1130 0.3622 0.1412 0.1320 0.5191 0.1141 0.1798 0.4565 0.1098 0.2820 0.2188 0.1206 0.4615 0.1217 0.1514 0.5075 0.1103 0.2235 0.3560 0.1132 0.3665 0.1397 0.1327 0.5198 0.1139 0.1817 0.4523 0.1098 0.2856 0.1336 0.2704 0.3835 0.2415 0.1082 0.1726 0.1119 0.4841 0.0943 0.4552 0.1300 0.2955 0.1817 0.5781 0.4123 0.1986 0.4360 0.1761 0.3480 0.1261 0.2052 0.2906 0.1118 0.4474 0.1834 0.1163 0.5204 0.1333 0.1402 0.3725 0.1146 0.3478 0.2263 0.1127 0.5053 0.1524 0.1236 0.4674 0.1213 0.2110 0.2866 0.1118 0.4514 0.1816 0.1165 0.5200 0.1326 0.1414 0.3688 0.1144 0.3525 0.2245 0.1128 0.5063 0.1517 0.1239 0.4652 0.1211 0.2139 0.2723
0.1721 0.4561 0.1118 0.2823 0.2192 0.1207 0.4614 0.1245 0.1508 0.5077 0.1130 0.2224 0.3574 0.1143 0.3650 0.1426 0.1320 0.5195 0.1168 0.1802 0.4541 0.1119 0.2843 0.2152 0.1210 0.4645 0.1241 0.1517 0.5063 0.1129 0.2246 0.3520 0.1145 0.3695 0.1412 0.1328 0.5202 0.1165 0.1822 0.4499 0.1103 0.3512 0.1042 0.4801 0.1442 0.3522 0.2246 0.1095 0.5045 0.2203 0.1015 0.2117 0.1253 0.5104 0.1040 0.2820 0.4167 0.3789 0.1298 0.1560 0.4780 0.1219 0.2021 0.2915 0.1119 0.4464 0.1838 0.1163 0.5205 0.1335 0.1399 0.3737 0.1146 0.3462 0.2269 0.1127 0.5048 0.1528 0.1235 0.4686 0.1214 0.2091 0.2877 0.1118 0.4502 0.1821 0.1165 0.5202 0.1329 0.1410 0.3702 0.1145 0.3504 0.2253 0.1128 0.5058 0.1521 0.1238 0.4665 0.1213 0.1928
0.1198 0.1788 0.4572 0.1118 0.2810 0.2218 0.1205 0.4597 0.1246 0.1504 0.5082 0.1130 0.2216 0.3595 0.1141 0.3633 0.1431 0.1318 0.5193 0.1168 0.1797 0.4552 0.1118 0.2832 0.2173 0.1208 0.4631 0.1241 0.1513 0.5069 0.1128 0.2238 0.3540 0.1143 0.3681 0.1415 0.1326 0.5200 0.1165 0.1817 0.4525 0.1080 0.4792 0.1045 0.1607 0.1297 0.2184 0.2161 0.4111 0.2212 0.2704 0.1444 0.3063 0.1015 0.1244 0.5191 0.1278 0.1887 0.3089 0.1600 0.1181 0.4732 0.1221 0.2010 0.2913 0.1093 0.4468 0.1846 0.1121 0.5205 0.1342 0.1363 0.3732 0.1135 0.3466 0.2273 0.1090 0.5050 0.1536 0.1194 0.4685 0.1216 0.2076 0.2877 0.1092 0.4502 0.1831 0.1122 0.5202 0.1336 0.1373 0.3701 0.1133 0.3503 0.2259 0.1090 0.5058 0.1531 0.1195 0.4684 0.1168
0.5005 0.1175 0.1783 0.4582 0.1118 0.2799 0.2239 0.1204 0.4584 0.1247 0.1501 0.5087 0.1130 0.2208 0.3613 0.1141 0.3621 0.1435 0.1316 0.5191 0.1168 0.1793 0.4561 0.1118 0.2823 0.2189 0.1207 0.4620 0.1243 0.1511 0.5073 0.1129 0.2232 0.3554 0.1143 0.3670 0.1419 0.1324 0.5199 0.1166 0.1812 0.4545 0.1184 0.0685 0.4980 0.1341 0.2927 0.2715 0.5039 0.5474 0.0888 0.1954 0.1832 0.3550 0.2775 0.2278 0.1301 0.1866 0.2927 0.1384 0.2079 0.1057 0.5167 0.1461 0.1187 0.4280 0.1184 0.2676 0.2591 0.1068 0.4789 0.1696 0.1087 0.5085 0.1294 0.1497 0.3309 0.1107 0.4011 0.2049 0.1057 0.5177 0.1450 0.1196 0.4231 0.1180 0.2745 0.2564 0.1067 0.4813 0.1685 0.1089 0.5068 0.1290 0.1516 0.3285 0.1106 0.4029 0.2047 0.1062 0.4972
0.1257 0.5184 0.1171 0.1779 0.4592 0.1118 0.2789 0.2260 0.1203 0.4570 0.1249 0.1497 0.5091 0.1130 0.2201 0.3631 0.1140 0.3608 0.1439 0.1314 0.5189 0.1169 0.1789 0.4569 0.1118 0.2815 0.2205 0.1206 0.4609 0.1244 0.1508 0.5077 0.1129 0.2226 0.3568 0.1142 0.3659 0.1422 0.1323 0.5197 0.1167 0.1814 0.1547 0.3227 0.1233 0.5116 0.2803 0.1910 0.2891 0.1611 0.2094 0.1174 0.1184 0.1045 0.2597 0.2509 0.1076 0.5988 0.3719 0.3478 0.1077 0.5192 0.1319 0.1421 0.3623 0.1133 0.3615 0.2210 0.1114 0.5089 0.1502 0.1233 0.4572 0.1201 0.2254 0.2789 0.1104 0.4597 0.1779 0.1155 0.5182 0.1311 0.1439 0.3572 0.1130 0.3678 0.2185 0.1116 0.5104 0.1491 0.1239 0.4532 0.1198 0.2309 0.2764 0.1104 0.4620 0.1769 0.1156 0.5178 0.1256
