0.1209 0.1773 0.4173 0.1099 0.2825 0.1803 0.1175 0.4619 0.1264 0.1511 0.4758 0.1120 0.2283 0.2845 0.1118 0.3798 0.1389 0.1326 0.5018 0.1167 0.1881 0.3901 0.1098 0.3042 0.1632 0.1203 0.4835 0.1235 0.1589 0.4600 0.1110 0.2449 0.2444 0.1133 0.4078 0.1339 0.1381 0.4968 0.1149 0.2003 0.3584 0.1101 0.3277 0.1525 0.1238 0.4962 0.1061 0.4391 0.1151 0.2074 0.2629 0.1103 0.4405 0.1676 0.1209 0.4970 0.1238 0.1525 0.3278 0.1101 0.3586 0.2002 0.1149 0.4968 0.1381 0.1339 0.4080 0.1133 0.2446 0.2448 0.1110 0.4599 0.1589 0.1234 0.4835 0.1203 0.1633 0.3042 0.1098 0.3901 0.1881 0.1167 0.5018 0.1327 0.1389 0.3798 0.1118 0.2845 0.2284 0.1120 0.4758 0.1511 0.1264 0.4619 0.1175 0.1803 0.2825 0.1099 0.4173 0.1773 0.1209
0.1773 0.4441 0.1125 0.2950 0.1952 0.1227 0.4808 0.1224 0.1569 0.4978 0.1129 0.2377 0.3182 0.1163 0.3968 0.1345 0.1379 0.5204 0.1155 0.1955 0.4196 0.1130 0.3176 0.1672 0.1255 0.5020 0.1200 0.1650 0.4836 0.1125 0.2552 0.2763 0.1181 0.4257 0.1293 0.1435 0.5163 0.1144 0.2083 0.3898 0.1137 0.3423 0.1512 0.1290 0.5151 0.1166 0.2002 0.1211 0.4544 0.1202 0.2336 0.2742 0.1124 0.4660 0.1741 0.1182 0.5151 0.1290 0.1511 0.3424 0.1137 0.3900 0.2082 0.1144 0.5163 0.1435 0.1293 0.4258 0.1181 0.2766 0.2551 0.1125 0.4836 0.1650 0.1200 0.5021 0.1255 0.1673 0.3176 0.1130 0.4195 0.1956 0.1155 0.5204 0.1379 0.1344 0.3967 0.1163 0.3181 0.2378 0.1129 0.4978 0.1569 0.1224 0.4808 0.1227 0.1952 0.2950 0.1125 0.4441 0.1773
0.4173 0.1125 0.2946 0.1960 0.1225 0.4797 0.1221 0.1565 0.4984 0.1123 0.2370 0.3202 0.1157 0.3954 0.1344 0.1376 0.5205 0.1150 0.1949 0.4209 0.1123 0.3164 0.1681 0.1254 0.5012 0.1197 0.1646 0.4843 0.1119 0.2543 0.2782 0.1176 0.4243 0.1292 0.1432 0.5165 0.1139 0.2076 0.3913 0.1131 0.3410 0.1515 0.1288 0.5146 0.1179 0.1728 0.4144 0.1502 0.1252 0.4533 0.1199 0.2356 0.2732 0.1117 0.4669 0.1736 0.1178 0.5146 0.1288 0.1515 0.3410 0.1131 0.3915 0.2076 0.1139 0.5165 0.1432 0.1292 0.4243 0.1176 0.2785 0.2542 0.1119 0.4844 0.1646 0.1197 0.5012 0.1254 0.1681 0.3164 0.1123 0.4207 0.1950 0.1150 0.5205 0.1377 0.1344 0.3953 0.1157 0.3199 0.2370 0.1123 0.4984 0.1565 0.1221 0.4797 0.1225 0.1960 0.2946 0.1125 0.4173
0.1099 0.2950 0.1960 0.1224 0.4790 0.1222 0.1563 0.4989 0.1123 0.2363 0.3219 0.1156 0.3939 0.1347 0.1374 0.5206 0.1151 0.1944 0.4222 0.1123 0.3153 0.1692 0.1252 0.5003 0.1198 0.1642 0.4851 0.1119 0.2534 0.2804 0.1175 0.4228 0.1294 0.1429 0.5168 0.1139 0.2070 0.3929 0.1131 0.3397 0.1521 0.1286 0.5141 0.1179 0.1733 0.4702 0.1100 0.5098 0.1491 0.1254 0.4520 0.1197 0.2377 0.2722 0.1118 0.4678 0.1732 0.1179 0.5141 0.1286 0.1521 0.3397 0.1131 0.3929 0.2070 0.1139 0.5168 0.1429 0.1294 0.4228 0.1175 0.2805 0.2534 0.1119 0.4851 0.1641 0.1198 0.5003 0.1252 0.1692 0.3153 0.1123 0.4221 0.1944 0.1151 0.5206 0.1374 0.1347 0.3939 0.1157 0.3218 0.2363 0.1123 0.4989 0.1563 0.1222 0.4790 0.1224 0.1960 0.2950 0.1099
0.2825 0.1952 0.1225 0.4790 0.1222 0.1561 0.4993 0.1124 0.2356 0.3236 0.1156 0.3927 0.1350 0.1371 0.5207 0.1151 0.1938 0.4234 0.1123 0.3141 0.1704 0.1251 0.4994 0.1199 0.1638 0.4858 0.1119 0.2525 0.2825 0.1174 0.4213 0.1297 0.1426 0.5171 0.1140 0.2063 0.3944 0.1130 0.3385 0.1528 0.1284 0.5136 0.1180 0.1727 0.4684 0.1104 0.3182 0.1093 0.5099 0.1488 0.1255 0.4506 0.1196 0.2398 0.2712 0.1118 0.4687 0.1727 0.1180 0.5136 0.1284 0.1528 0.3385 0.1130 0.3944 0.2064 0.1140 0.5171 0.1426 0.1297 0.4214 0.1174 0.2825 0.2526 0.1119 0.4859 0.1638 0.1199 0.4993 0.1251 0.1704 0.3141 0.1123 0.4234 0.1938 0.1151 0.5207 0.1372 0.1350 0.3927 0.1156 0.3236 0.2356 0.1124 0.4993 0.1561 0.1222 0.4790 0.1225 0.1952 0.2825
0.1803 0.1227 0.4797 0.1222 0.1561 0.4994 0.1124 0.2351 0.3250 0.1155 0.3915 0.1352 0.1369 0.5207 0.1152 0.1933 0.4247 0.1123 0.3130 0.1715 0.1249 0.4985 0.1200 0.1634 0.4866 0.1120 0.2516 0.2846 0.1173 0.4199 0.1299 0.1423 0.5174 0.1141 0.2057 0.3960 0.1130 0.3372 0.1534 0.1282 0.5132 0.1181 0.1722 0.4696 0.1118 0.2679 0.1607 0.2196 0.1131 0.5104 0.1485 0.1257 0.4491 0.1195 0.2419 0.2702 0.1118 0.4696 0.1723 0.1181 0.5132 0.1282 0.1534 0.3372 0.1130 0.3959 0.2057 0.1140 0.5174 0.1423 0.1299 0.4199 0.1173 0.2845 0.2517 0.1119 0.4866 0.1634 0.1200 0.4984 0.1249 0.1715 0.3130 0.1123 0.4247 0.1933 0.1152 0.5207 0.1369 0.1352 0.3915 0.1155 0.3250 0.2351 0.1124 0.4994 0.1561 0.1222 0.4797 0.1227 0.1803
0.1175 0.4808 0.1221 0.1563 0.4993 0.1124 0.2350 0.3258 0.1155 0.3905 0.1355 0.1367 0.5208 0.1152 0.1928 0.4258 0.1122 0.3120 0.1726 0.1248 0.4975 0.1201 0.1629 0.4873 0.1120 0.2507 0.2867 0.1172 0.4186 0.1301 0.1420 0.5176 0.1141 0.2050 0.3975 0.1129 0.3361 0.1541 0.1280 0.5126 0.1182 0.1718 0.4705 0.1118 0.2696 0.2493 0.1274 0.3661 0.2188 0.1132 0.5108 0.1482 0.1259 0.4477 0.1194 0.2441 0.2693 0.1118 0.4705 0.1718 0.1182 0.5126 0.1281 0.1541 0.3359 0.1130 0.3974 0.2051 0.1141 0.5176 0.1420 0.1301 0.4184 0.1172 0.2866 0.2508 0.1120 0.4873 0.1630 0.1201 0.4974 0.1248 0.1726 0.3120 0.1122 0.4258 0.1928 0.1152 0.5208 0.1367 0.1355 0.3905 0.1155 0.3258 0.2350 0.1124 0.4993 0.1563 0.1221 0.4808 0.1175
0.4619 0.1224 0.1565 0.4989 0.1124 0.2351 0.3258 0.1155 0.3899 0.1357 0.1365 0.5208 0.1153 0.1923 0.4269 0.1122 0.3111 0.1736 0.1246 0.4966 0.1203 0.1625 0.4881 0.1120 0.2499 0.2888 0.1171 0.4172 0.1304 0.1417 0.5179 0.1142 0.2044 0.3990 0.1129 0.3349 0.1548 0.1279 0.5120 0.1182 0.1713 0.4715 0.1118 0.2684 0.2455 0.1187 0.4995 0.1125 0.3662 0.2180 0.1132 0.5112 0.1479 0.1261 0.4463 0.1193 0.2462 0.2683 0.1118 0.4714 0.1713 0.1182 0.5121 0.1279 0.1548 0.3347 0.1129 0.3989 0.2044 0.1141 0.5179 0.1417 0.1304 0.4170 0.1171 0.2887 0.2499 0.1120 0.4880 0.1625 0.1202 0.4965 0.1246 0.1736 0.3111 0.1122 0.4269 0.1923 0.1153 0.5208 0.1365 0.1357 0.3899 0.1155 0.3258 0.2351 0.1124 0.4989 0.1565 0.1224 0.4619
0.1264 0.1569 0.4984 0.1123 0.2356 0.3250 0.1155 0.3899 0.1357 0.1364 0.5209 0.1153 0.1918 0.4279 0.1122 0.3101 0.1746 0.1245 0.4957 0.1203 0.1622 0.4888 0.1120 0.2490 0.2909 0.1170 0.4158 0.1306 0.1414 0.5181 0.1142 0.2038 0.4005 0.1129 0.3337 0.1554 0.1277 0.5115 0.1183 0.1709 0.4724 0.1118 0.2675 0.2480 0.1192 0.4409 0.1098 0.3584 0.1139 0.3681 0.2173 0.1132 0.5116 0.1475 0.1263 0.4449 0.1191 0.2483 0.2674 0.1118 0.4723 0.1709 0.1183 0.5115 0.1277 0.1555 0.3336 0.1129 0.4004 0.2038 0.1142 0.5181 0.1414 0.1306 0.4157 0.1170 0.2908 0.2490 0.1120 0.4887 0.1622 0.1203 0.4957 0.1245 0.1746 0.3101 0.1122 0.4279 0.1918 0.1153 0.5209 0.1364 0.1357 0.3899 0.1155 0.3250 0.2356 0.1123 0.4984 0.1569 0.1264
0.1511 0.4978 0.1123 0.2363 0.3236 0.1155 0.3905 0.1357 0.1364 0.5209 0.1153 0.1915 0.4289 0.1122 0.3092 0.1756 0.1244 0.4949 0.1204 0.1618 0.4894 0.1120 0.2483 0.2928 0.1169 0.4145 0.1308 0.1412 0.5183 0.1143 0.2031 0.4019 0.1128 0.3325 0.1561 0.1275 0.5109 0.1184 0.1704 0.4732 0.1118 0.2666 0.2500 0.1190 0.4436 0.1255 0.1649 0.1412 0.3584 0.1138 0.3698 0.2167 0.1133 0.5120 0.1472 0.1265 0.4434 0.1190 0.2503 0.2665 0.1118 0.4732 0.1704 0.1184 0.5109 0.1275 0.1562 0.3324 0.1128 0.4019 0.2031 0.1143 0.5183 0.1412 0.1308 0.4144 0.1169 0.2928 0.2483 0.1120 0.4894 0.1618 0.1204 0.4949 0.1244 0.1756 0.3092 0.1122 0.4289 0.1915 0.1153 0.5209 0.1364 0.1357 0.3905 0.1155 0.3236 0.2363 0.1123 0.4978 0.1511
0.4758 0.1129 0.2370 0.3219 0.1156 0.3915 0.1355 0.1365 0.5209 0.1153 0.1914 0.4294 0.1121 0.3084 0.1767 0.1243 0.4941 0.1205 0.1615 0.4900 0.1120 0.2476 0.2945 0.1168 0.4132 0.1310 0.1409 0.5185 0.1143 0.2025 0.4034 0.1128 0.3312 0.1569 0.1273 0.5103 0.1185 0.1699 0.4741 0.1118 0.2656 0.2522 0.1189 0.4419 0.1267 0.1463 0.4881 0.1317 0.1448 0.3569 0.1138 0.3714 0.2160 0.1133 0.5124 0.1469 0.1267 0.4419 0.1189 0.2523 0.2656 0.1118 0.4741 0.1699 0.1185 0.5103 0.1273 0.1569 0.3312 0.1128 0.4034 0.2025 0.1143 0.5185 0.1409 0.1310 0.4132 0.1168 0.2945 0.2476 0.1120 0.4900 0.1615 0.1205 0.4941 0.1243 0.1767 0.3084 0.1121 0.4294 0.1914 0.1153 0.5209 0.1365 0.1355 0.3915 0.1156 0.3218 0.2370 0.1129 0.4758
0.1120 0.2377 0.3202 0.1156 0.3927 0.1352 0.1367 0.5208 0.1153 0.1915 0.4294 0.1121 0.3079 0.1775 0.1242 0.4933 0.1206 0.1612 0.4905 0.1120 0.2469 0.2961 0.1168 0.4120 0.1312 0.1407 0.5187 0.1144 0.2019 0.4048 0.1127 0.3301 0.1577 0.1272 0.5096 0.1186 0.1695 0.4750 0.1118 0.2647 0.2543 0.1188 0.4405 0.1268 0.1466 0.5138 0.1064 0.5184 0.1310 0.1453 0.3555 0.1137 0.3730 0.2153 0.1134 0.5128 0.1466 0.1268 0.4405 0.1188 0.2543 0.2647 0.1118 0.4750 0.1695 0.1186 0.5096 0.1272 0.1577 0.3301 0.1127 0.4048 0.2019 0.1144 0.5187 0.1407 0.1312 0.4120 0.1168 0.2961 0.2469 0.1120 0.4905 0.1612 0.1206 0.4933 0.1242 0.1775 0.3079 0.1121 0.4294 0.1915 0.1153 0.5208 0.1367 0.1352 0.3927 0.1157 0.3199 0.2378 0.1120
0.2283 0.3182 0.1157 0.3939 0.1350 0.1369 0.5208 0.1153 0.1918 0.4289 0.1121 0.3079 0.1777 0.1241 0.4927 0.1207 0.1609 0.4911 0.1121 0.2462 0.2978 0.1167 0.4109 0.1314 0.1405 0.5189 0.1144 0.2014 0.4060 0.1127 0.3290 0.1584 0.1270 0.5090 0.1187 0.1691 0.4758 0.1118 0.2637 0.2564 0.1187 0.4391 0.1270 0.1463 0.5131 0.1119 0.2487 0.1129 0.5184 0.1308 0.1458 0.3542 0.1137 0.3746 0.2146 0.1134 0.5131 0.1463 0.1270 0.4390 0.1187 0.2563 0.2638 0.1118 0.4758 0.1691 0.1187 0.5090 0.1270 0.1584 0.3290 0.1127 0.4060 0.2014 0.1144 0.5189 0.1405 0.1314 0.4109 0.1167 0.2978 0.2462 0.1121 0.4911 0.1609 0.1207 0.4927 0.1241 0.1777 0.3079 0.1121 0.4289 0.1918 0.1153 0.5208 0.1369 0.1350 0.3939 0.1157 0.3181 0.2284
0.2845 0.1163 0.3954 0.1347 0.1371 0.5207 0.1152 0.1923 0.4279 0.1122 0.3084 0.1775 0.1241 0.4925 0.1208 0.1606 0.4916 0.1121 0.2455 0.2995 0.1166 0.4097 0.1316 0.1403 0.5190 0.1144 0.2009 0.4072 0.1127 0.3280 0.1590 0.1269 0.5085 0.1188 0.1686 0.4767 0.1118 0.2628 0.2586 0.1186 0.4377 0.1272 0.1459 0.5135 0.1135 0.2124 0.2931 0.1786 0.1171 0.5181 0.1306 0.1463 0.3529 0.1136 0.3762 0.2139 0.1134 0.5135 0.1460 0.1272 0.4376 0.1186 0.2584 0.2628 0.1118 0.4767 0.1686 0.1188 0.5085 0.1269 0.1590 0.3280 0.1127 0.4072 0.2009 0.1144 0.5190 0.1403 0.1316 0.4097 0.1166 0.2995 0.2455 0.1121 0.4916 0.1606 0.1208 0.4925 0.1241 0.1775 0.3084 0.1122 0.4279 0.1923 0.1152 0.5207 0.1372 0.1347 0.3953 0.1163 0.2845
0.1118 0.3968 0.1344 0.1374 0.5207 0.1152 0.1928 0.4269 0.1122 0.3092 0.1767 0.1242 0.4927 0.1208 0.1605 0.4919 0.1121 0.2449 0.3011 0.1165 0.4086 0.1318 0.1401 0.5192 0.1145 0.2004 0.4083 0.1126 0.3270 0.1597 0.1267 0.5079 0.1188 0.1683 0.4774 0.1118 0.2619 0.2606 0.1185 0.4364 0.1274 0.1456 0.5139 0.1135 0.2134 0.3824 0.1169 0.4595 0.1777 0.1172 0.5177 0.1304 0.1468 0.3516 0.1136 0.3779 0.2132 0.1135 0.5139 0.1457 0.1274 0.4362 0.1185 0.2606 0.2619 0.1118 0.4774 0.1683 0.1188 0.5079 0.1267 0.1597 0.3270 0.1126 0.4083 0.2004 0.1145 0.5192 0.1401 0.1318 0.4086 0.1165 0.3011 0.2449 0.1121 0.4919 0.1605 0.1208 0.4927 0.1242 0.1767 0.3092 0.1122 0.4269 0.1928 0.1152 0.5207 0.1374 0.1344 0.3967 0.1118
0.3798 0.1345 0.1376 0.5206 0.1151 0.1933 0.4258 0.1122 0.3101 0.1756 0.1243 0.4933 0.1207 0.1606 0.4919 0.1121 0.2445 0.3023 0.1165 0.4074 0.1320 0.1398 0.5193 0.1145 0.1999 0.4095 0.1126 0.3261 0.1604 0.1266 0.5073 0.1189 0.1679 0.4781 0.1118 0.2611 0.2625 0.1184 0.4351 0.1276 0.1454 0.5142 0.1135 0.2125 0.3792 0.1125 0.4104 0.1089 0.4595 0.1772 0.1172 0.5174 0.1302 0.1473 0.3504 0.1135 0.3796 0.2126 0.1135 0.5142 0.1454 0.1276 0.4351 0.1184 0.2624 0.2611 0.1118 0.4781 0.1679 0.1189 0.5073 0.1266 0.1604 0.3261 0.1126 0.4095 0.1999 0.1145 0.5193 0.1398 0.1320 0.4074 0.1165 0.3023 0.2445 0.1121 0.4919 0.1606 0.1207 0.4933 0.1243 0.1756 0.3101 0.1122 0.4258 0.1933 0.1151 0.5206 0.1377 0.1344 0.3798
0.1389 0.1379 0.5205 0.1151 0.1938 0.4247 0.1122 0.3111 0.1746 0.1244 0.4941 0.1206 0.1609 0.4916 0.1121 0.2445 0.3027 0.1164 0.4066 0.1322 0.1396 0.5195 0.1146 0.1994 0.4107 0.1126 0.3251 0.1611 0.1265 0.5068 0.1190 0.1676 0.4788 0.1118 0.2604 0.2642 0.1183 0.4339 0.1278 0.1451 0.5145 0.1136 0.2119 0.3812 0.1135 0.3458 0.1218 0.2788 0.1118 0.4605 0.1767 0.1173 0.5171 0.1300 0.1479 0.3492 0.1134 0.3812 0.2119 0.1136 0.5145 0.1451 0.1278 0.4339 0.1183 0.2642 0.2604 0.1118 0.4788 0.1676 0.1190 0.5068 0.1265 0.1611 0.3251 0.1126 0.4107 0.1994 0.1146 0.5195 0.1396 0.1322 0.4066 0.1164 0.3027 0.2445 0.1121 0.4916 0.1609 0.1206 0.4941 0.1244 0.1746 0.3111 0.1122 0.4247 0.1938 0.1151 0.5205 0.1379 0.1389
0.1326 0.5204 0.1150 0.1944 0.4234 0.1123 0.3120 0.1736 0.1245 0.4949 0.1205 0.1612 0.4911 0.1121 0.2449 0.3023 0.1164 0.4063 0.1324 0.1395 0.5196 0.1146 0.1989 0.4118 0.1125 0.3241 0.1618 0.1263 0.5062 0.1191 0.1672 0.4795 0.1118 0.2596 0.2659 0.1182 0.4328 0.1279 0.1449 0.5148 0.1136 0.2113 0.3827 0.1134 0.3484 0.1486 0.1426 0.2252 0.2787 0.1118 0.4615 0.1762 0.1174 0.5167 0.1298 0.1483 0.3480 0.1134 0.3827 0.2113 0.1136 0.5148 0.1449 0.1279 0.4328 0.1182 0.2659 0.2596 0.1118 0.4795 0.1672 0.1191 0.5062 0.1263 0.1618 0.3241 0.1125 0.4118 0.1989 0.1146 0.5196 0.1395 0.1324 0.4063 0.1164 0.3023 0.2449 0.1121 0.4911 0.1612 0.1205 0.4949 0.1245 0.1736 0.3120 0.1123 0.4234 0.1944 0.1150 0.5204 0.1327
0.5018 0.1155 0.1949 0.4222 0.1123 0.3130 0.1726 0.1246 0.4957 0.1204 0.1615 0.4905 0.1121 0.2455 0.3011 0.1165 0.4066 0.1324 0.1394 0.5197 0.1147 0.1985 0.4129 0.1125 0.3232 0.1625 0.1262 0.5056 0.1192 0.1669 0.4801 0.1118 0.2589 0.2676 0.1181 0.4316 0.1281 0.1446 0.5151 0.1137 0.2108 0.3840 0.1133 0.3470 0.1487 0.1293 0.5196 0.1203 0.2263 0.2776 0.1118 0.4625 0.1757 0.1175 0.5164 0.1296 0.1488 0.3470 0.1133 0.3840 0.2108 0.1137 0.5151 0.1446 0.1281 0.4316 0.1181 0.2676 0.2589 0.1118 0.4801 0.1669 0.1192 0.5056 0.1262 0.1625 0.3232 0.1125 0.4129 0.1985 0.1147 0.5197 0.1394 0.1324 0.4066 0.1165 0.3011 0.2455 0.1121 0.4905 0.1615 0.1204 0.4957 0.1246 0.1726 0.3130 0.1123 0.4221 0.1950 0.1155 0.5018
0.1167 0.1955 0.4209 0.1123 0.3141 0.1715 0.1248 0.4966 0.1203 0.1618 0.4900 0.1120 0.2462 0.2995 0.1165 0.4074 0.1322 0.1395 0.5197 0.1147 0.1982 0.4137 0.1125 0.3222 0.1633 0.1261 0.5049 0.1192 0.1665 0.4808 0.1118 0.2582 0.2693 0.1180 0.4304 0.1283 0.1444 0.5153 0.1137 0.2102 0.3853 0.1133 0.3459 0.1492 0.1295 0.5150 0.1059 0.4565 0.1203 0.2285 0.2766 0.1117 0.4635 0.1753 0.1175 0.5161 0.1295 0.1492 0.3459 0.1133 0.3853 0.2102 0.1137 0.5153 0.1444 0.1283 0.4304 0.1180 0.2693 0.2582 0.1118 0.4808 0.1665 0.1192 0.5049 0.1261 0.1633 0.3222 0.1125 0.4137 0.1982 0.1147 0.5197 0.1395 0.1322 0.4074 0.1165 0.2995 0.2462 0.1120 0.4900 0.1618 0.1203 0.4965 0.1248 0.1715 0.3141 0.1123 0.4207 0.1956 0.1167
0.1881 0.4196 0.1123 0.3153 0.1704 0.1249 0.4975 0.1203 0.1622 0.4894 0.1120 0.2469 0.2978 0.1166 0.4086 0.1320 0.1396 0.5196 0.1147 0.1982 0.4140 0.1125 0.3215 0.1640 0.1260 0.5043 0.1193 0.1662 0.4814 0.1118 0.2574 0.2710 0.1180 0.4293 0.1285 0.1441 0.5156 0.1137 0.2097 0.3866 0.1133 0.3449 0.1497 0.1293 0.5159 0.1162 0.1995 0.1208 0.4567 0.1201 0.2303 0.2758 0.1117 0.4643 0.1749 0.1176 0.5158 0.1293 0.1497 0.3449 0.1133 0.3866 0.2097 0.1137 0.5156 0.1441 0.1285 0.4293 0.1180 0.2710 0.2574 0.1118 0.4814 0.1662 0.1193 0.5043 0.1260 0.1640 0.3215 0.1125 0.4140 0.1982 0.1147 0.5196 0.1396 0.1320 0.4086 0.1166 0.2978 0.2469 0.1120 0.4894 0.1622 0.1202 0.4974 0.1249 0.1704 0.3153 0.1123 0.4195 0.1881
0.3901 0.1130 0.3164 0.1692 0.1251 0.4985 0.1201 0.1625 0.4888 0.1120 0.2476 0.2961 0.1167 0.4097 0.1318 0.1398 0.5195 0.1146 0.1985 0.4137 0.1125 0.3213 0.1643 0.1259 0.5037 0.1194 0.1658 0.4821 0.1119 0.2567 0.2727 0.1179 0.4281 0.1286 0.1439 0.5158 0.1138 0.2091 0.3878 0.1132 0.3439 0.1502 0.1292 0.5154 0.1177 0.1736 0.4139 0.1505 0.1249 0.4554 0.1200 0.2319 0.2750 0.1117 0.4650 0.1745 0.1177 0.5154 0.1292 0.1502 0.3439 0.1132 0.3878 0.2091 0.1138 0.5158 0.1439 0.1286 0.4281 0.1179 0.2727 0.2567 0.1119 0.4821 0.1658 0.1194 0.5037 0.1259 0.1643 0.3213 0.1125 0.4137 0.1985 0.1146 0.5195 0.1398 0.1318 0.4097 0.1167 0.2961 0.2476 0.1120 0.4887 0.1625 0.1201 0.4984 0.1251 0.1692 0.3164 0.1130 0.3901
0.1098 0.3176 0.1681 0.1252 0.4994 0.1200 0.1629 0.4881 0.1120 0.2483 0.2945 0.1168 0.4109 0.1316 0.1401 0.5193 0.1146 0.1989 0.4129 0.1125 0.3215 0.1643 0.1258 0.5034 0.1195 0.1655 0.4827 0.1119 0.2560 0.2745 0.1178 0.4269 0.1288 0.1437 0.5161 0.1138 0.2086 0.3891 0.1132 0.3429 0.1507 0.1290 0.5151 0.1177 0.1743 0.4684 0.1101 0.5092 0.1497 0.1251 0.4543 0.1199 0.2336 0.2742 0.1117 0.4658 0.1741 0.1177 0.5151 0.1290 0.1507 0.3429 0.1132 0.3891 0.2086 0.1138 0.5161 0.1437 0.1288 0.4269 0.1178 0.2745 0.2560 0.1119 0.4827 0.1655 0.1195 0.5034 0.1258 0.1643 0.3215 0.1125 0.4129 0.1989 0.1146 0.5193 0.1401 0.1316 0.4109 0.1168 0.2945 0.2483 0.1120 0.4880 0.1630 0.1200 0.4993 0.1252 0.1681 0.3176 0.1098
0.3042 0.1672 0.1254 0.5003 0.1199 0.1634 0.4873 0.1120 0.2490 0.2928 0.1168 0.4120 0.1314 0.1403 0.5192 0.1145 0.1994 0.4118 0.1125 0.3222 0.1640 0.1259 0.5034 0.1195 0.1653 0.4832 0.1119 0.2552 0.2762 0.1177 0.4258 0.1290 0.1434 0.5163 0.1139 0.2081 0.3904 0.1131 0.3418 0.1511 0.1288 0.5147 0.1178 0.1738 0.4663 0.1104 0.3202 0.1092 0.5091 0.1494 0.1252 0.4531 0.1198 0.2353 0.2734 0.1117 0.4666 0.1738 0.1178 0.5147 0.1288 0.1511 0.3418 0.1131 0.3904 0.2081 0.1139 0.5163 0.1434 0.1290 0.4258 0.1177 0.2762 0.2552 0.1119 0.4832 0.1653 0.1195 0.5034 0.1259 0.1640 0.3222 0.1125 0.4118 0.1994 0.1145 0.5192 0.1403 0.1314 0.4120 0.1168 0.2928 0.2490 0.1120 0.4873 0.1634 0.1199 0.5003 0.1254 0.1673 0.3042
0.1632 0.1255 0.5012 0.1198 0.1638 0.4866 0.1120 0.2499 0.2909 0.1169 0.4132 0.1312 0.1405 0.5190 0.1145 0.1999 0.4107 0.1125 0.3232 0.1633 0.1260 0.5037 0.1195 0.1653 0.4834 0.1119 0.2547 0.2777 0.1176 0.4246 0.1292 0.1432 0.5165 0.1139 0.2075 0.3916 0.1131 0.3408 0.1516 0.1287 0.5144 0.1179 0.1734 0.4674 0.1118 0.2702 0.1584 0.2208 0.1131 0.5095 0.1492 0.1254 0.4520 0.1197 0.2369 0.2726 0.1117 0.4674 0.1734 0.1179 0.5144 0.1287 0.1516 0.3408 0.1131 0.3916 0.2075 0.1139 0.5165 0.1432 0.1292 0.4246 0.1176 0.2777 0.2547 0.1119 0.4834 0.1653 0.1195 0.5037 0.1260 0.1633 0.3232 0.1125 0.4107 0.1999 0.1145 0.5190 0.1405 0.1312 0.4132 0.1169 0.2908 0.2499 0.1120 0.4866 0.1638 0.1198 0.5012 0.1255 0.1633
0.1203 0.5020 0.1197 0.1642 0.4858 0.1120 0.2507 0.2888 0.1170 0.4145 0.1310 0.1407 0.5189 0.1144 0.2004 0.4095 0.1126 0.3241 0.1625 0.1261 0.5043 0.1194 0.1655 0.4832 0.1119 0.2545 0.2785 0.1176 0.4236 0.1293 0.1430 0.5168 0.1139 0.2070 0.3929 0.1131 0.3398 0.1521 0.1285 0.5140 0.1179 0.1730 0.4681 0.1117 0.2721 0.2439 0.1278 0.3628 0.2203 0.1131 0.5099 0.1489 0.1255 0.4509 0.1197 0.2386 0.2719 0.1117 0.4681 0.1730 0.1179 0.5140 0.1285 0.1521 0.3398 0.1131 0.3929 0.2070 0.1139 0.5168 0.1430 0.1293 0.4236 0.1176 0.2785 0.2545 0.1119 0.4832 0.1655 0.1194 0.5043 0.1261 0.1625 0.3241 0.1126 0.4095 0.2004 0.1144 0.5189 0.1407 0.1310 0.4144 0.1170 0.2887 0.2508 0.1119 0.4859 0.1641 0.1197 0.5021 0.1203
0.4835 0.1200 0.1646 0.4851 0.1119 0.2516 0.2867 0.1171 0.4158 0.1308 0.1409 0.5187 0.1144 0.2009 0.4083 0.1126 0.3251 0.1618 0.1262 0.5049 0.1193 0.1658 0.4827 0.1119 0.2547 0.2785 0.1175 0.4230 0.1295 0.1428 0.5170 0.1140 0.2065 0.3941 0.1130 0.3388 0.1527 0.1284 0.5136 0.1180 0.1726 0.4689 0.1117 0.2711 0.2398 0.1190 0.5016 0.1127 0.3624 0.2197 0.1131 0.5102 0.1486 0.1256 0.4498 0.1196 0.2403 0.2711 0.1117 0.4689 0.1726 0.1180 0.5136 0.1284 0.1527 0.3388 0.1130 0.3941 0.2065 0.1140 0.5170 0.1428 0.1295 0.4230 0.1175 0.2785 0.2547 0.1119 0.4827 0.1658 0.1193 0.5049 0.1262 0.1618 0.3251 0.1126 0.4083 0.2009 0.1144 0.5187 0.1409 0.1308 0.4157 0.1171 0.2866 0.2517 0.1119 0.4851 0.1646 0.1200 0.4835
0.1235 0.1650 0.4843 0.1119 0.2525 0.2846 0.1172 0.4172 0.1306 0.1412 0.5185 0.1144 0.2014 0.4072 0.1126 0.3261 0.1611 0.1263 0.5056 0.1192 0.1662 0.4821 0.1119 0.2552 0.2777 0.1176 0.4230 0.1295 0.1426 0.5171 0.1140 0.2060 0.3954 0.1130 0.3378 0.1532 0.1283 0.5132 0.1181 0.1722 0.4696 0.1117 0.2703 0.2420 0.1195 0.4448 0.1095 0.3613 0.1140 0.3639 0.2191 0.1131 0.5106 0.1484 0.1258 0.4486 0.1195 0.2420 0.2703 0.1117 0.4696 0.1722 0.1181 0.5132 0.1283 0.1532 0.3378 0.1130 0.3954 0.2060 0.1140 0.5171 0.1426 0.1295 0.4230 0.1176 0.2777 0.2552 0.1119 0.4821 0.1662 0.1192 0.5056 0.1263 0.1611 0.3261 0.1126 0.4072 0.2014 0.1144 0.5185 0.1412 0.1306 0.4170 0.1172 0.2845 0.2526 0.1119 0.4844 0.1650 0.1234
0.1589 0.4836 0.1119 0.2534 0.2825 0.1173 0.4186 0.1304 0.1414 0.5183 0.1143 0.2019 0.4060 0.1127 0.3270 0.1604 0.1265 0.5062 0.1192 0.1665 0.4814 0.1119 0.2560 0.2762 0.1176 0.4236 0.1295 0.1426 0.5172 0.1140 0.2056 0.3965 0.1130 0.3368 0.1537 0.1281 0.5128 0.1181 0.1719 0.4704 0.1117 0.2695 0.2437 0.1194 0.4479 0.1249 0.1659 0.1401 0.3617 0.1140 0.3653 0.2185 0.1132 0.5109 0.1481 0.1259 0.4475 0.1194 0.2437 0.2695 0.1117 0.4704 0.1719 0.1181 0.5128 0.1281 0.1537 0.3368 0.1130 0.3965 0.2056 0.1140 0.5172 0.1426 0.1295 0.4236 0.1176 0.2762 0.2560 0.1119 0.4814 0.1665 0.1192 0.5062 0.1265 0.1604 0.3270 0.1127 0.4060 0.2019 0.1143 0.5183 0.1414 0.1304 0.4184 0.1173 0.2825 0.2534 0.1119 0.4836 0.1589
0.4600 0.1125 0.2543 0.2804 0.1174 0.4199 0.1301 0.1417 0.5181 0.1143 0.2025 0.4048 0.1127 0.3280 0.1597 0.1266 0.5068 0.1191 0.1669 0.4808 0.1118 0.2567 0.2745 0.1177 0.4246 0.1293 0.1428 0.5171 0.1140 0.2054 0.3971 0.1129 0.3359 0.1543 0.1280 0.5123 0.1182 0.1715 0.4711 0.1117 0.2687 0.2454 0.1193 0.4463 0.1261 0.1473 0.4860 0.1322 0.1436 0.3605 0.1139 0.3667 0.2179 0.1132 0.5112 0.1478 0.1261 0.4464 0.1193 0.2454 0.2687 0.1117 0.4711 0.1715 0.1182 0.5123 0.1280 0.1543 0.3359 0.1129 0.3971 0.2054 0.1140 0.5171 0.1428 0.1293 0.4246 0.1177 0.2745 0.2567 0.1118 0.4808 0.1669 0.1191 0.5068 0.1266 0.1597 0.3280 0.1127 0.4048 0.2025 0.1143 0.5181 0.1417 0.1301 0.4199 0.1174 0.2805 0.2542 0.1125 0.4599
0.1110 0.2552 0.2782 0.1175 0.4213 0.1299 0.1420 0.5179 0.1142 0.2031 0.4034 0.1127 0.3290 0.1590 0.1267 0.5073 0.1190 0.1672 0.4801 0.1118 0.2574 0.2727 0.1178 0.4258 0.1292 0.1430 0.5170 0.1140 0.2056 0.3971 0.1129 0.3354 0.1547 0.1278 0.5119 0.1183 0.1711 0.4719 0.1117 0.2680 0.2471 0.1192 0.4452 0.1262 0.1477 0.5126 0.1065 0.5190 0.1316 0.1440 0.3594 0.1139 0.3681 0.2174 0.1132 0.5116 0.1476 0.1262 0.4452 0.1192 0.2471 0.2680 0.1117 0.4719 0.1711 0.1183 0.5119 0.1278 0.1547 0.3354 0.1129 0.3971 0.2056 0.1140 0.5170 0.1430 0.1292 0.4258 0.1178 0.2727 0.2574 0.1118 0.4801 0.1672 0.1190 0.5073 0.1267 0.1590 0.3290 0.1127 0.4034 0.2031 0.1142 0.5179 0.1420 0.1299 0.4214 0.1175 0.2785 0.2551 0.1110
0.2449 0.2763 0.1176 0.4228 0.1297 0.1423 0.5176 0.1142 0.2038 0.4019 0.1128 0.3301 0.1584 0.1269 0.5079 0.1189 0.1676 0.4795 0.1118 0.2582 0.2710 0.1179 0.4269 0.1290 0.1432 0.5168 0.1140 0.2060 0.3965 0.1129 0.3354 0.1548 0.1278 0.5116 0.1183 0.1708 0.4726 0.1118 0.2672 0.2488 0.1191 0.4441 0.1264 0.1473 0.5118 0.1118 0.2512 0.1127 0.5191 0.1314 0.1443 0.3584 0.1138 0.3695 0.2168 0.1133 0.5119 0.1473 0.1264 0.4441 0.1191 0.2488 0.2672 0.1118 0.4726 0.1708 0.1183 0.5116 0.1278 0.1548 0.3354 0.1129 0.3965 0.2060 0.1140 0.5168 0.1432 0.1290 0.4269 0.1179 0.2710 0.2582 0.1118 0.4795 0.1676 0.1189 0.5079 0.1269 0.1584 0.3301 0.1128 0.4019 0.2038 0.1141 0.5176 0.1423 0.1297 0.4228 0.1176 0.2766 0.2448
0.2444 0.1181 0.4243 0.1294 0.1426 0.5174 0.1141 0.2044 0.4005 0.1128 0.3312 0.1577 0.1270 0.5085 0.1188 0.1679 0.4788 0.1118 0.2589 0.2693 0.1180 0.4281 0.1288 0.1434 0.5165 0.1139 0.2065 0.3954 0.1130 0.3359 0.1547 0.1278 0.5114 0.1184 0.1705 0.4732 0.1118 0.2664 0.2505 0.1190 0.4429 0.1265 0.1471 0.5122 0.1134 0.2147 0.2868 0.1801 0.1169 0.5189 0.1312 0.1447 0.3573 0.1138 0.3709 0.2162 0.1133 0.5122 0.1471 0.1265 0.4429 0.1190 0.2505 0.2664 0.1118 0.4732 0.1705 0.1184 0.5114 0.1278 0.1547 0.3359 0.1130 0.3954 0.2065 0.1139 0.5165 0.1434 0.1288 0.4281 0.1180 0.2693 0.2589 0.1118 0.4788 0.1679 0.1188 0.5085 0.1270 0.1577 0.3312 0.1128 0.4004 0.2044 0.1141 0.5174 0.1426 0.1294 0.4243 0.1181 0.2446
0.1133 0.4257 0.1292 0.1429 0.5171 0.1141 0.2050 0.3990 0.1129 0.3325 0.1569 0.1272 0.5090 0.1188 0.1683 0.4781 0.1118 0.2596 0.2676 0.1180 0.4293 0.1286 0.1437 0.5163 0.1139 0.2070 0.3941 0.1130 0.3368 0.1543 0.1278 0.5116 0.1184 0.1704 0.4736 0.1118 0.2657 0.2522 0.1189 0.4418 0.1267 0.1468 0.5125 0.1133 0.2158 0.3767 0.1173 0.4565 0.1792 0.1169 0.5187 0.1311 0.1451 0.3562 0.1137 0.3722 0.2157 0.1133 0.5125 0.1468 0.1267 0.4418 0.1189 0.2522 0.2657 0.1118 0.4736 0.1704 0.1184 0.5116 0.1278 0.1543 0.3368 0.1130 0.3941 0.2070 0.1139 0.5163 0.1437 0.1286 0.4293 0.1180 0.2676 0.2596 0.1118 0.4781 0.1683 0.1188 0.5090 0.1272 0.1569 0.3324 0.1129 0.3989 0.2051 0.1140 0.5171 0.1429 0.1292 0.4258 0.1133
0.4078 0.1293 0.1432 0.5168 0.1140 0.2057 0.3975 0.1129 0.3337 0.1561 0.1273 0.5096 0.1187 0.1686 0.4774 0.1118 0.2604 0.2659 0.1181 0.4304 0.1285 0.1439 0.5161 0.1139 0.2075 0.3929 0.1130 0.3378 0.1537 0.1280 0.5119 0.1183 0.1705 0.4736 0.1118 0.2653 0.2534 0.1188 0.4407 0.1268 0.1466 0.5128 0.1134 0.2151 0.3731 0.1127 0.4153 0.1090 0.4562 0.1788 0.1170 0.5185 0.1309 0.1455 0.3552 0.1137 0.3736 0.2151 0.1134 0.5128 0.1466 0.1268 0.4407 0.1188 0.2534 0.2653 0.1118 0.4736 0.1705 0.1183 0.5119 0.1280 0.1537 0.3378 0.1130 0.3929 0.2075 0.1139 0.5161 0.1439 0.1285 0.4304 0.1181 0.2659 0.2604 0.1118 0.4774 0.1686 0.1187 0.5096 0.1273 0.1562 0.3336 0.1129 0.3974 0.2057 0.1140 0.5168 0.1432 0.1293 0.4080
0.1339 0.1435 0.5165 0.1139 0.2063 0.3960 0.1129 0.3349 0.1554 0.1275 0.5103 0.1186 0.1691 0.4767 0.1118 0.2611 0.2642 0.1182 0.4316 0.1283 0.1441 0.5158 0.1138 0.2081 0.3916 0.1131 0.3388 0.1532 0.1281 0.5123 0.1183 0.1708 0.4732 0.1118 0.2653 0.2539 0.1188 0.4398 0.1270 0.1463 0.5131 0.1134 0.2145 0.3750 0.1137 0.3506 0.1209 0.2822 0.1118 0.4571 0.1784 0.1170 0.5182 0.1307 0.1459 0.3541 0.1136 0.3749 0.2145 0.1134 0.5131 0.1463 0.1270 0.4398 0.1188 0.2539 0.2653 0.1118 0.4732 0.1708 0.1183 0.5123 0.1281 0.1532 0.3388 0.1131 0.3916 0.2081 0.1138 0.5158 0.1441 0.1283 0.4316 0.1182 0.2642 0.2611 0.1118 0.4767 0.1691 0.1186 0.5103 0.1275 0.1555 0.3347 0.1130 0.3959 0.2064 0.1139 0.5165 0.1435 0.1339
0.1381 0.5163 0.1139 0.2070 0.3944 0.1130 0.3361 0.1548 0.1277 0.5109 0.1185 0.1695 0.4758 0.1118 0.2619 0.2625 0.1183 0.4328 0.1281 0.1444 0.5156 0.1138 0.2086 0.3904 0.1131 0.3398 0.1527 0.1283 0.5128 0.1182 0.1711 0.4726 0.1118 0.2657 0.2534 0.1188 0.4395 0.1271 0.1461 0.5134 0.1134 0.2140 0.3763 0.1136 0.3534 0.1464 0.1436 0.2181 0.2823 0.1118 0.4579 0.1780 0.1171 0.5180 0.1306 0.1463 0.3531 0.1136 0.3763 0.2140 0.1134 0.5134 0.1461 0.1271 0.4395 0.1188 0.2534 0.2657 0.1118 0.4726 0.1711 0.1182 0.5128 0.1283 0.1527 0.3398 0.1131 0.3904 0.2086 0.1138 0.5156 0.1444 0.1281 0.4328 0.1183 0.2624 0.2619 0.1118 0.4758 0.1695 0.1185 0.5109 0.1277 0.1548 0.3359 0.1130 0.3944 0.2070 0.1139 0.5163 0.1381
0.4968 0.1144 0.2076 0.3929 0.1130 0.3372 0.1541 0.1279 0.5115 0.1184 0.1699 0.4750 0.1118 0.2628 0.2606 0.1184 0.4339 0.1279 0.1446 0.5153 0.1137 0.2091 0.3891 0.1131 0.3408 0.1521 0.1284 0.5132 0.1181 0.1715 0.4719 0.1118 0.2664 0.2522 0.1188 0.4398 0.1271 0.1461 0.5135 0.1135 0.2135 0.3776 0.1135 0.3520 0.1466 0.1301 0.5189 0.1208 0.2189 0.2814 0.1118 0.4587 0.1776 0.1172 0.5178 0.1304 0.1467 0.3520 0.1135 0.3776 0.2135 0.1135 0.5135 0.1461 0.1271 0.4398 0.1188 0.2522 0.2664 0.1118 0.4719 0.1715 0.1181 0.5132 0.1284 0.1521 0.3408 0.1131 0.3891 0.2091 0.1137 0.5153 0.1446 0.1279 0.4339 0.1184 0.2606 0.2628 0.1118 0.4750 0.1699 0.1184 0.5115 0.1279 0.1541 0.3372 0.1130 0.3929 0.2076 0.1144 0.4968
0.1149 0.2083 0.3913 0.1131 0.3385 0.1534 0.1280 0.5120 0.1183 0.1704 0.4741 0.1118 0.2637 0.2586 0.1185 0.4351 0.1278 0.1449 0.5151 0.1137 0.2097 0.3878 0.1132 0.3418 0.1516 0.1285 0.5136 0.1181 0.1719 0.4711 0.1117 0.2672 0.2505 0.1189 0.4407 0.1270 0.1461 0.5135 0.1135 0.2132 0.3786 0.1135 0.3510 0.1471 0.1303 0.5166 0.1058 0.4615 0.1207 0.2207 0.2806 0.1118 0.4595 0.1772 0.1172 0.5175 0.1303 0.1471 0.3510 0.1135 0.3786 0.2132 0.1135 0.5135 0.1461 0.1270 0.4407 0.1189 0.2505 0.2672 0.1117 0.4711 0.1719 0.1181 0.5136 0.1285 0.1516 0.3418 0.1132 0.3878 0.2097 0.1137 0.5151 0.1449 0.1278 0.4351 0.1185 0.2584 0.2638 0.1118 0.4741 0.1704 0.1183 0.5121 0.1281 0.1534 0.3385 0.1131 0.3915 0.2082 0.1149
0.2003 0.3898 0.1131 0.3397 0.1528 0.1282 0.5126 0.1182 0.1709 0.4732 0.1118 0.2647 0.2564 0.1186 0.4364 0.1276 0.1451 0.5148 0.1137 0.2102 0.3866 0.1132 0.3429 0.1511 0.1287 0.5140 0.1180 0.1722 0.4704 0.1117 0.2680 0.2488 0.1190 0.4418 0.1268 0.1463 0.5134 0.1135 0.2132 0.3789 0.1135 0.3502 0.1475 0.1301 0.5173 0.1159 0.2018 0.1202 0.4619 0.1206 0.2223 0.2797 0.1118 0.4604 0.1768 0.1173 0.5173 0.1301 0.1475 0.3502 0.1135 0.3789 0.2132 0.1135 0.5134 0.1463 0.1268 0.4418 0.1190 0.2488 0.2680 0.1117 0.4704 0.1722 0.1180 0.5140 0.1287 0.1511 0.3429 0.1132 0.3866 0.2102 0.1137 0.5148 0.1451 0.1276 0.4362 0.1186 0.2563 0.2647 0.1118 0.4732 0.1709 0.1182 0.5126 0.1282 0.1528 0.3397 0.1131 0.3900 0.2002
0.3584 0.1137 0.3410 0.1521 0.1284 0.5132 0.1182 0.1713 0.4724 0.1118 0.2656 0.2543 0.1187 0.4377 0.1274 0.1454 0.5145 0.1136 0.2108 0.3853 0.1133 0.3439 0.1507 0.1288 0.5144 0.1179 0.1726 0.4696 0.1117 0.2687 0.2471 0.1191 0.4429 0.1267 0.1466 0.5131 0.1134 0.2135 0.3786 0.1135 0.3500 0.1477 0.1300 0.5170 0.1175 0.1754 0.4089 0.1518 0.1243 0.4608 0.1203 0.2277 0.2776 0.1119 0.4611 0.1765 0.1173 0.5170 0.1300 0.1477 0.3500 0.1135 0.3786 0.2135 0.1134 0.5131 0.1466 0.1267 0.4429 0.1191 0.2471 0.2687 0.1117 0.4696 0.1726 0.1179 0.5144 0.1288 0.1507 0.3439 0.1133 0.3853 0.2108 0.1136 0.5145 0.1454 0.1274 0.4376 0.1187 0.2543 0.2656 0.1118 0.4723 0.1713 0.1182 0.5132 0.1284 0.1521 0.3410 0.1137 0.3586
0.1101 0.3423 0.1515 0.1286 0.5136 0.1181 0.1718 0.4715 0.1118 0.2666 0.2522 0.1188 0.4391 0.1272 0.1456 0.5142 0.1136 0.2113 0.3840 0.1133 0.3449 0.1502 0.1290 0.5147 0.1179 0.1730 0.4689 0.1117 0.2695 0.2454 0.1192 0.4441 0.1265 0.1468 0.5128 0.1134 0.2140 0.3776 0.1135 0.3502 0.1477 0.1299 0.5169 0.1158 0.1756 0.4662 0.1101 0.5077 0.1533 0.1209 0.5018 0.1291 0.2205 0.2760 0.1094 0.4630 0.1777 0.1116 0.5166 0.1299 0.1477 0.3502 0.1135 0.3776 0.2140 0.1134 0.5128 0.1468 0.1265 0.4441 0.1192 0.2454 0.2695 0.1117 0.4689 0.1730 0.1179 0.5147 0.1290 0.1502 0.3449 0.1133 0.3840 0.2113 0.1136 0.5142 0.1457 0.1272 0.4390 0.1188 0.2523 0.2665 0.1118 0.4714 0.1718 0.1181 0.5136 0.1286 0.1515 0.3424 0.1101
0.3277 0.1512 0.1288 0.5141 0.1180 0.1722 0.4705 0.1118 0.2675 0.2500 0.1189 0.4405 0.1270 0.1459 0.5139 0.1135 0.2119 0.3827 0.1133 0.3459 0.1497 0.1292 0.5151 0.1178 0.1734 0.4681 0.1117 0.2703 0.2437 0.1193 0.4452 0.1264 0.1471 0.5125 0.1134 0.2145 0.3763 0.1135 0.3510 0.1475 0.1300 0.5169 0.1143 0.1965 0.3862 0.1105 0.3319 0.1193 0.1812 0.1932 0.1434 0.4619 0.1481 0.1328 0.3729 0.1186 0.2247 0.2753 0.1115 0.5163 0.1300 0.1475 0.3510 0.1135 0.3763 0.2145 0.1134 0.5125 0.1471 0.1264 0.4452 0.1193 0.2437 0.2703 0.1117 0.4681 0.1734 0.1178 0.5151 0.1292 0.1497 0.3459 0.1133 0.3827 0.2119 0.1135 0.5139 0.1460 0.1270 0.4405 0.1189 0.2503 0.2674 0.1118 0.4705 0.1723 0.1180 0.5141 0.1288 0.1511 0.3278
0.1525 0.1290 0.5146 0.1179 0.1727 0.4696 0.1118 0.2684 0.2480 0.1190 0.4419 0.1268 0.1463 0.5135 0.1135 0.2126 0.3812 0.1134 0.3470 0.1492 0.1293 0.5154 0.1177 0.1738 0.4674 0.1117 0.2711 0.2420 0.1194 0.4464 0.1262 0.1473 0.5122 0.1133 0.2151 0.3749 0.1136 0.3520 0.1471 0.1301 0.5170 0.1156 0.1954 0.1817 0.4798 0.4724 0.4182 0.3077 0.4176 0.1398 0.3950 0.1969 0.1717 0.3521 0.1312 0.2023 0.2676 0.1777 0.1476 0.1168 0.5168 0.1301 0.1471 0.3520 0.1136 0.3749 0.2151 0.1133 0.5122 0.1473 0.1262 0.4464 0.1194 0.2420 0.2711 0.1117 0.4674 0.1738 0.1177 0.5154 0.1293 0.1492 0.3470 0.1134 0.3812 0.2126 0.1135 0.5135 0.1463 0.1268 0.4419 0.1190 0.2483 0.2683 0.1118 0.4696 0.1727 0.1179 0.5146 0.1290 0.1525
0.1238 0.5150 0.1178 0.1732 0.4687 0.1118 0.2693 0.2460 0.1191 0.4434 0.1267 0.1466 0.5131 0.1135 0.2132 0.3797 0.1134 0.3480 0.1488 0.1295 0.5158 0.1177 0.1741 0.4666 0.1117 0.2719 0.2403 0.1195 0.4475 0.1261 0.1476 0.5119 0.1133 0.2157 0.3736 0.1136 0.3531 0.1467 0.1303 0.5173 0.1171 0.1811 0.3711 0.2284 0.1719 0.4200 0.2026 0.2770 0.4923 0.1489 0.1976 0.3053 0.4406 0.3976 0.1720 0.1171 0.4168 0.3129 0.0712 0.1765 0.1173 0.5173 0.1303 0.1467 0.3531 0.1136 0.3736 0.2157 0.1133 0.5119 0.1476 0.1261 0.4475 0.1195 0.2403 0.2719 0.1117 0.4666 0.1741 0.1177 0.5158 0.1295 0.1488 0.3480 0.1134 0.3796 0.2132 0.1134 0.5131 0.1466 0.1267 0.4434 0.1191 0.2462 0.2693 0.1118 0.4687 0.1732 0.1178 0.5151 0.1238
0.4970 0.1182 0.1737 0.4677 0.1118 0.2703 0.2440 0.1193 0.4448 0.1265 0.1469 0.5128 0.1134 0.2139 0.3780 0.1135 0.3492 0.1483 0.1296 0.5161 0.1176 0.1745 0.4658 0.1117 0.2726 0.2386 0.1196 0.4486 0.1259 0.1478 0.5116 0.1133 0.2162 0.3722 0.1137 0.3541 0.1463 0.1304 0.5175 0.1173 0.1764 0.4592 0.1118 0.2384 0.4016 0.1680 0.1187 0.5145 0.1139 0.2143 0.5460 0.1204 0.2591 0.1119 0.4447 0.1159 0.4598 0.1827 0.4741 0.4311 0.1760 0.1173 0.5175 0.1304 0.1463 0.3541 0.1137 0.3722 0.2162 0.1133 0.5116 0.1478 0.1259 0.4486 0.1196 0.2386 0.2726 0.1117 0.4658 0.1745 0.1176 0.5161 0.1296 0.1483 0.3492 0.1135 0.3779 0.2139 0.1134 0.5128 0.1469 0.1265 0.4449 0.1193 0.2441 0.2702 0.1118 0.4678 0.1736 0.1182 0.4970
0.1209 0.1741 0.4668 0.1118 0.2712 0.2420 0.1194 0.4462 0.1263 0.1472 0.5124 0.1134 0.2146 0.3763 0.1136 0.3506 0.1478 0.1298 0.5164 0.1175 0.1749 0.4650 0.1117 0.2734 0.2369 0.1197 0.4498 0.1258 0.1481 0.5112 0.1132 0.2168 0.3709 0.1137 0.3552 0.1459 0.1306 0.5178 0.1172 0.1768 0.4612 0.1083 0.5031 0.1820 0.2183 0.3489 0.4128 0.1928 0.0688 0.1606 0.1281 0.5530 0.1614 0.4931 0.1293 0.5506 0.2318 0.1443 0.2010 0.1132 0.4628 0.1768 0.1172 0.5178 0.1306 0.1459 0.3552 0.1137 0.3709 0.2168 0.1132 0.5112 0.1481 0.1258 0.4498 0.1197 0.2369 0.2734 0.1117 0.4650 0.1749 0.1175 0.5164 0.1298 0.1479 0.3504 0.1136 0.3762 0.2146 0.1134 0.5124 0.1472 0.1263 0.4463 0.1194 0.2419 0.2712 0.1118 0.4669 0.1741 0.1209
0.1676 0.4659 0.1118 0.2722 0.2399 0.1195 0.4476 0.1261 0.1475 0.5120 0.1133 0.2153 0.3747 0.1136 0.3518 0.1473 0.1300 0.5167 0.1174 0.1753 0.4643 0.1117 0.2742 0.2353 0.1197 0.4509 0.1256 0.1484 0.5109 0.1132 0.2173 0.3695 0.1138 0.3562 0.1455 0.1307 0.5180 0.1171 0.1772 0.4604 0.1118 0.2779 0.1448 0.1278 0.1198 0.0606 0.4379 0.2475 0.1426 0.1890 0.2872 0.1146 0.2666 0.5112 0.1237 0.5417 0.2726 0.2366 0.3100 0.2924 0.1108 0.4604 0.1772 0.1172 0.5180 0.1307 0.1455 0.3562 0.1138 0.3695 0.2174 0.1132 0.5109 0.1484 0.1256 0.4509 0.1197 0.2353 0.2742 0.1117 0.4643 0.1753 0.1175 0.5167 0.1300 0.1473 0.3516 0.1136 0.3746 0.2153 0.1133 0.5120 0.1475 0.1261 0.4477 0.1195 0.2398 0.2722 0.1117 0.4660 0.1676
0.4404 0.1124 0.2733 0.2373 0.1197 0.4494 0.1260 0.1479 0.5115 0.1134 0.2162 0.3725 0.1137 0.3534 0.1467 0.1302 0.5172 0.1175 0.1758 0.4632 0.1118 0.2753 0.2330 0.1199 0.4524 0.1255 0.1487 0.5104 0.1132 0.2181 0.3676 0.1139 0.3577 0.1450 0.1309 0.5183 0.1172 0.1777 0.4593 0.1118 0.2791 0.2274 0.1304 0.2545 0.1088 0.0755 0.4179 0.2015 0.1798 0.4737 0.2911 0.3857 0.0713 0.1537 0.4403 0.3002 0.1894 0.2303 0.4840 0.1231 0.2860 0.1115 0.4595 0.1776 0.1171 0.5182 0.1309 0.1451 0.3573 0.1138 0.3681 0.2179 0.1132 0.5106 0.1486 0.1255 0.4520 0.1198 0.2336 0.2750 0.1117 0.4635 0.1757 0.1174 0.5171 0.1302 0.1468 0.3529 0.1137 0.3730 0.2160 0.1133 0.5116 0.1479 0.1259 0.4491 0.1196 0.2377 0.2732 0.1124 0.4405
0.1079 0.2724 0.2401 0.1192 0.4465 0.1237 0.1478 0.5124 0.1107 0.2153 0.3759 0.1123 0.3506 0.1455 0.1302 0.5164 0.1148 0.1754 0.4654 0.1096 0.2732 0.2371 0.1194 0.4492 0.1233 0.1485 0.5114 0.1106 0.2171 0.3714 0.1125 0.3547 0.1438 0.1309 0.5177 0.1145 0.1772 0.4616 0.1097 0.2771 0.2290 0.1196 0.5066 0.1063 0.1093 0.4846 0.4768 0.1334 0.2522 0.4223 0.0984 0.2567 0.1182 0.0718 0.2813 0.4175 0.1066 0.3432 0.2654 0.1691 0.1958 0.2799 0.1118 0.4587 0.1780 0.1170 0.5185 0.1311 0.1447 0.3584 0.1139 0.3667 0.2185 0.1131 0.5102 0.1489 0.1254 0.4531 0.1199 0.2319 0.2758 0.1117 0.4625 0.1762 0.1173 0.5174 0.1304 0.1463 0.3542 0.1137 0.3714 0.2167 0.1132 0.5112 0.1482 0.1257 0.4506 0.1197 0.2356 0.2742 0.1103
0.3483 0.1350 0.1339 0.5181 0.1069 0.1784 0.4613 0.1076 0.2771 0.2267 0.1212 0.4540 0.1146 0.1515 0.5103 0.1055 0.2192 0.3665 0.1127 0.3580 0.1354 0.1340 0.5184 0.1068 0.1793 0.4591 0.1077 0.2794 0.2215 0.1216 0.4581 0.1140 0.1525 0.5088 0.1056 0.2217 0.3600 0.1131 0.3631 0.1335 0.1348 0.5194 0.1048 0.3326 0.4260 0.1552 0.2483 0.2758 0.3215 0.1761 0.4557 0.4240 0.2834 0.5632 0.2150 0.2727 0.1448 0.3973 0.1142 0.5204 0.1203 0.2219 0.2806 0.1118 0.4579 0.1784 0.1170 0.5187 0.1312 0.1443 0.3594 0.1139 0.3653 0.2191 0.1131 0.5099 0.1492 0.1252 0.4543 0.1200 0.2303 0.2766 0.1118 0.4615 0.1767 0.1172 0.5177 0.1306 0.1458 0.3555 0.1138 0.3698 0.2173 0.1132 0.5108 0.1485 0.1255 0.4520 0.1199 0.2336 0.2629
0.1079 0.2725 0.2398 0.1192 0.4465 0.1237 0.1478 0.5124 0.1107 0.2153 0.3759 0.1123 0.3505 0.1456 0.1302 0.5165 0.1148 0.1754 0.4654 0.1096 0.2732 0.2371 0.1194 0.4492 0.1233 0.1485 0.5114 0.1106 0.2171 0.3714 0.1125 0.3547 0.1438 0.1309 0.5177 0.1145 0.1772 0.4616 0.1097 0.2772 0.2304 0.1202 0.5188 0.1464 0.2926 0.4335 0.1521 0.1376 0.1141 0.6021 0.1805 0.4502 0.3469 0.1406 0.5086 0.5095 0.4929 0.1507 0.5337 0.1030 0.4650 0.1204 0.2206 0.2814 0.1118 0.4571 0.1788 0.1169 0.5189 0.1314 0.1440 0.3605 0.1140 0.3639 0.2197 0.1131 0.5095 0.1494 0.1251 0.4554 0.1201 0.2285 0.2776 0.1118 0.4605 0.1772 0.1172 0.5181 0.1308 0.1453 0.3569 0.1138 0.3681 0.2180 0.1132 0.5104 0.1488 0.1254 0.4533 0.1202 0.2074
0.4405 0.1124 0.2734 0.2371 0.1197 0.4494 0.1260 0.1479 0.5115 0.1134 0.2162 0.3725 0.1137 0.3532 0.1468 0.1302 0.5172 0.1175 0.1758 0.4632 0.1118 0.2753 0.2330 0.1199 0.4524 0.1255 0.1487 0.5104 0.1132 0.2181 0.3676 0.1139 0.3577 0.1450 0.1309 0.5183 0.1172 0.1777 0.4593 0.1119 0.2782 0.2121 0.1617 0.3909 0.3678 0.2786 0.3041 0.0715 0.4187 0.1281 0.0875 0.1548 0.3124 0.2994 0.2782 0.2030 0.2157 0.1730 0.2084 0.2517 0.1126 0.4593 0.1207 0.2189 0.2823 0.1118 0.4562 0.1792 0.1169 0.5191 0.1316 0.1436 0.3617 0.1140 0.3624 0.2203 0.1131 0.5091 0.1497 0.1249 0.4567 0.1203 0.2263 0.2787 0.1118 0.4595 0.1777 0.1171 0.5184 0.1310 0.1448 0.3584 0.1139 0.3662 0.2188 0.1131 0.5099 0.1491 0.1252 0.4544 0.1151
0.1676 0.4660 0.1117 0.2723 0.2397 0.1195 0.4476 0.1261 0.1475 0.5120 0.1133 0.2153 0.3746 0.1136 0.3516 0.1473 0.1300 0.5167 0.1174 0.1753 0.4643 0.1117 0.2742 0.2353 0.1197 0.4509 0.1256 0.1484 0.5109 0.1132 0.2173 0.3695 0.1138 0.3562 0.1455 0.1307 0.5180 0.1172 0.1772 0.4604 0.1118 0.2785 0.1631 0.3396 0.1580 0.1522 0.4273 0.4834 0.1803 0.4381 0.1480 0.2129 0.1693 0.0916 0.2083 0.1179 0.0900 0.4745 0.2788 0.1835 0.1684 0.1193 0.4614 0.1208 0.2181 0.2822 0.1090 0.4565 0.1801 0.1127 0.5190 0.1322 0.1401 0.3613 0.1127 0.3628 0.2208 0.1092 0.5092 0.1505 0.1208 0.4565 0.1203 0.2252 0.2788 0.1089 0.4595 0.1786 0.1129 0.5184 0.1317 0.1412 0.3584 0.1125 0.3661 0.2196 0.1093 0.5098 0.1502 0.1211 0.4391
0.1209 0.1741 0.4669 0.1117 0.2712 0.2419 0.1194 0.4463 0.1263 0.1472 0.5124 0.1134 0.2146 0.3762 0.1136 0.3504 0.1479 0.1298 0.5164 0.1175 0.1749 0.4650 0.1117 0.2734 0.2369 0.1197 0.4498 0.1258 0.1481 0.5112 0.1132 0.2168 0.3709 0.1137 0.3552 0.1459 0.1306 0.5178 0.1172 0.1768 0.4615 0.1119 0.2597 0.3670 0.1369 0.1244 0.4779 0.1386 0.4359 0.4900 0.2610 0.3491 0.1305 0.5045 0.4364 0.4641 0.2642 0.1403 0.1055 0.1322 0.3811 0.2014 0.1058 0.5189 0.1436 0.1209 0.4153 0.1173 0.2868 0.2512 0.1065 0.4860 0.1659 0.1095 0.5016 0.1278 0.1584 0.3202 0.1101 0.4139 0.1995 0.1059 0.5196 0.1426 0.1218 0.4104 0.1169 0.2931 0.2487 0.1064 0.4881 0.1649 0.1098 0.4995 0.1274 0.1607 0.3182 0.1100 0.4144 0.2002 0.1061
0.4970 0.1182 0.1736 0.4678 0.1118 0.2702 0.2441 0.1193 0.4449 0.1265 0.1469 0.5128 0.1134 0.2139 0.3779 0.1135 0.3492 0.1483 0.1296 0.5161 0.1176 0.1745 0.4658 0.1117 0.2726 0.2386 0.1196 0.4486 0.1259 0.1478 0.5116 0.1133 0.2162 0.3722 0.1137 0.3541 0.1463 0.1304 0.5175 0.1173 0.1763 0.4633 0.1227 0.1145 0.5878 0.0865 0.1207 0.4479 0.2432 0.3679 0.1340 0.4736 0.1381 0.3551 0.1848 0.1534 0.1460 0.4260 0.4633 0.2086 0.1889 0.1152 0.5166 0.1301 0.1464 0.3506 0.1127 0.3767 0.2147 0.1118 0.5126 0.1473 0.1249 0.4448 0.1190 0.2439 0.2702 0.1104 0.4684 0.1736 0.1162 0.5150 0.1293 0.1486 0.3458 0.1125 0.3824 0.2124 0.1119 0.5138 0.1463 0.1255 0.4409 0.1187 0.2493 0.2679 0.1104 0.4702 0.1728 0.1166 0.4962
