-30.7055 -48.3912 -13.0870 -37.0092 -2.5517 -23.6459 -43.1413 22.6663 -28.5297 -48.5578 9.6273 -34.0102 -33.4530 -20.6913 -40.3986 13.8287 -26.3209 -46.7516 31.6501 -31.7226 -47.1796 -15.7646 -37.8536 3.2980 -24.3232 -44.0794 25.7066 -29.3159 -48.7447 -2.2556 -34.8797 -23.2593 -21.8408 -41.3058 16.7700 -27.0398 -47.5209 29.4405 -32.5180 -44.7304 -17.7674 -38.6848 7.4626 -24.9688 -45.0164 28.4085 -33.9735 20.0848 -42.2166 -22.8286 -11.4631 -36.0111 -9.0976 -48.7819 -30.1066 28.5898 -45.0083 -24.9665 7.4603 -38.6840 -17.7673 -44.7302 -32.5147 29.4353 -47.5210 -27.0379 16.7681 -41.3049 -21.8408 -23.2586 -34.8787 -2.2655 -48.7438 -29.3138 25.7047 -44.0784 -24.3232 3.2983 -37.8526 -15.7668 -47.1773 -31.7203 31.6503 -46.7507 -26.3209 13.8289 -40.3974 -20.6921 -33.4412 -34.0076 9.6361 -48.5572 -28.5324 22.6655 -43.1409 -23.6459 -2.5517 -37.0092 -13.0870 -48.3912 -30.7055
-48.3912 -11.0838 -36.0670 -1.4737 -25.3696 -42.9079 22.3260 -29.3842 -48.7816 23.5000 -33.3932 -31.6271 -21.9018 -39.8757 13.7062 -27.5678 -46.8277 34.0457 -31.8976 -46.7522 -15.1058 -37.0076 3.7923 -25.9449 -43.9327 25.4497 -30.0232 -48.8868 8.8534 -33.9012 -21.0642 -23.3379 -40.8855 16.5418 -28.1605 -47.6579 34.7149 -32.4632 -43.9847 -17.9767 -37.9527 7.6774 -26.4637 -44.9431 28.6803 -31.1614 -46.1113 -30.0577 19.3901 -41.9004 -24.5052 -9.6423 -34.9257 -3.9039 -48.7260 -30.6510 28.6543 -44.9404 -26.4619 7.6753 -37.9528 -17.9767 -43.9858 -32.4586 34.7143 -47.6550 -28.1580 16.5400 -40.8855 -23.3380 -21.0676 -33.8978 8.8395 -48.8858 -30.0199 25.4476 -43.9328 -25.9449 3.7910 -37.0077 -15.1089 -46.7586 -31.8936 34.0442 -46.8278 -27.5679 13.7053 -39.8758 -21.9036 -31.6566 -33.3887 23.5063 -48.7834 -29.3859 22.3250 -42.9079 -25.3696 -1.4737 -36.0670 -11.0838 -48.3912
-13.0870 -36.0670 -1.5802 -25.3381 -42.8704 22.2043 -29.4708 -48.7668 24.1239 -33.7816 -32.0771 -21.8319 -39.8262 13.5650 -27.5810 -46.7842 33.9727 -32.1159 -46.8496 -14.9438 -36.9614 3.5710 -25.9033 -43.8826 25.3013 -30.1332 -48.8927 9.6500 -34.1140 -21.6440 -23.2759 -40.8358 16.4090 -28.1945 -47.6203 34.7664 -32.7270 -44.1639 -17.8548 -37.9060 7.5154 -26.4395 -44.8949 28.5049 -30.7717 -48.7523 -15.9833 -47.8797 -28.8216 19.2620 -41.8502 -24.4525 -10.1812 -34.8639 -3.3860 -48.7349 -30.7963 28.4983 -44.8909 -26.4376 7.5153 -37.9057 -17.8540 -44.1619 -32.7297 34.7692 -47.6171 -28.1919 16.4090 -40.8355 -23.2751 -21.6373 -34.1171 9.6921 -48.8928 -30.1298 25.3012 -43.8823 -25.9023 3.5735 -36.9647 -14.9357 -46.8574 -32.1118 33.9723 -46.7839 -27.5797 13.5666 -39.8298 -21.8300 -32.1050 -33.7791 24.1196 -48.7688 -29.4709 22.2043 -42.8704 -25.3381 -1.5802 -36.0670 -13.0870
-37.0092 -1.4737 -25.3381 -42.8562 22.1311 -29.4472 -48.7537 24.6314 -33.7649 -32.5027 -21.7570 -39.7795 13.4305 -27.5512 -46.7394 33.8790 -32.0836 -46.9467 -14.7718 -36.9157 3.3442 -25.8770 -43.8313 25.1433 -30.0996 -48.8970 10.4288 -34.1010 -22.2258 -23.2097 -40.7850 16.2685 -28.1633 -47.5811 34.7895 -32.6973 -44.3399 -17.7274 -37.8582 7.3420 -26.4119 -44.8446 28.3480 -30.7622 -48.7412 -1.2969 -36.3989 33.1263 -48.2841 -28.7918 19.1176 -41.8020 -24.3985 -10.7046 -34.8030 -2.8872 -48.7421 -30.7675 28.3375 -44.8408 -26.4103 7.3410 -37.8551 -17.7286 -44.3253 -32.7059 34.7926 -47.5782 -28.1609 16.2678 -40.7816 -23.2096 -22.1770 -34.1116 10.4872 -48.8971 -30.0965 25.1425 -43.8279 -25.8759 3.3634 -36.9218 -14.7602 -46.9537 -32.0799 33.8784 -46.7361 -27.5499 13.4346 -39.7833 -21.7542 -32.5004 -33.7645 24.6244 -48.7537 -29.4472 22.1311 -42.8562 -25.3381 -1.4737 -37.0092
-2.5517 -25.3696 -42.8704 22.1311 -29.4370 -48.7438 25.0046 -33.7522 -32.8541 -21.6876 -39.7394 13.3077 -27.5240 -46.6970 33.7827 -32.0515 -47.0395 -14.5952 -36.8729 3.1189 -25.8503 -43.7800 24.9857 -30.0663 -48.9002 11.2161 -34.0902 -22.7909 -23.1428 -40.7343 16.1282 -28.1323 -47.5421 34.8050 -32.6697 -44.5072 -17.5990 -37.8106 7.1669 -26.3847 -44.7948 28.1890 -30.7296 -48.7490 -2.4857 -34.7964 3.9115 -34.1842 32.6799 -48.2453 -28.7595 18.9826 -41.7512 -24.3461 -11.2299 -34.7418 -2.4084 -48.7482 -30.7372 28.1775 -44.7917 -26.3841 7.1552 -37.8080 -17.6093 -44.4847 -32.6795 34.8074 -47.5397 -28.1317 16.1188 -40.7315 -23.1471 -22.7142 -34.1018 11.2788 -48.9005 -30.0659 24.9752 -43.7772 -25.8505 3.1498 -36.8785 -14.5822 -47.0452 -32.0498 33.7806 -46.6943 -27.5240 13.3093 -39.7399 -21.6877 -32.8541 -33.7522 25.0046 -48.7438 -29.4370 22.1311 -42.8704 -25.3696 -2.5517
-23.6459 -42.9079 22.2043 -29.4472 -48.7438 25.1528 -33.7464 -33.1088 -21.6289 -39.7006 13.1941 -27.5000 -46.6583 33.6935 -32.0209 -47.1288 -14.4141 -36.8298 2.9012 -25.8249 -43.7266 24.8268 -30.0330 -48.9022 12.0044 -34.0804 -23.3238 -23.0766 -40.6817 15.9866 -28.1013 -47.5028 34.8129 -32.6436 -44.6619 -17.4716 -37.7612 6.9884 -26.3575 -44.7449 28.0298 -30.6996 -48.7536 -1.8370 -34.6651 -13.2612 -28.5142 -40.5368 -33.2205 32.9051 -48.2150 -28.7295 18.8387 -41.7001 -24.2931 -11.7626 -34.6805 -1.9145 -48.7530 -30.7052 28.0200 -44.7446 -26.3574 6.9785 -37.7612 -17.4883 -44.6419 -32.6510 34.8138 -47.5025 -28.1016 15.9788 -40.6817 -23.0838 -23.2543 -34.0892 12.0552 -48.9021 -30.0339 24.8182 -43.7266 -25.8254 2.9299 -36.8324 -14.4030 -47.1290 -32.0208 33.6925 -46.6583 -27.5000 13.1941 -39.7006 -21.6289 -33.1088 -33.7464 25.1528 -48.7438 -29.4472 22.2043 -42.9079 -23.6459
-43.1413 22.3260 -29.4708 -48.7537 25.0046 -33.7464 -33.1949 -21.5962 -39.6717 13.0918 -27.4763 -46.6223 33.6094 -31.9944 -47.2057 -14.2416 -36.7896 2.6918 -25.8022 -43.6789 24.6708 -30.0001 -48.9029 12.7920 -34.0701 -23.8529 -23.0127 -40.6313 15.8394 -28.0711 -47.4629 34.8133 -32.6174 -44.8126 -17.3488 -37.7139 6.8007 -26.3305 -44.6946 27.8704 -30.6696 -48.7570 -1.3304 -34.6195 -12.1882 -24.2372 -42.9046 -19.8370 -40.5391 -33.2020 33.1018 -48.1860 -28.7002 18.6943 -41.6494 -24.2396 -12.3007 -34.6184 -1.3992 -48.7568 -30.6708 27.8694 -44.6946 -26.3305 6.8007 -37.7139 -17.3643 -44.8035 -32.6189 34.8130 -47.4629 -28.0710 15.8395 -40.6313 -23.0193 -23.8208 -34.0715 12.7958 -48.9029 -30.0001 24.6707 -43.6789 -25.8026 2.7050 -36.7897 -14.2416 -47.2057 -31.9944 33.6094 -46.6223 -27.4763 13.0918 -39.6717 -21.5962 -33.1949 -33.7464 25.0046 -48.7537 -29.4709 22.3250 -43.1409
22.6663 -29.3842 -48.7668 24.6314 -33.7522 -33.1088 -21.5962 -39.6619 13.0350 -27.4586 -46.5897 33.5256 -31.9686 -47.2741 -14.0899 -36.7525 2.4967 -25.7813 -43.6374 24.5337 -29.9691 -48.9026 13.5802 -34.0587 -24.3776 -22.9482 -40.5812 15.6985 -28.0416 -47.4235 34.8062 -32.5907 -44.9594 -17.2244 -37.6670 6.6189 -26.3046 -44.6452 27.7099 -30.6393 -48.7593 -0.8043 -34.5566 -12.8551 -24.1903 -41.4449 25.1314 -38.5619 -19.5946 -40.8367 -33.1688 33.2747 -48.1560 -28.6694 18.5510 -41.5993 -24.1861 -12.8526 -34.5560 -0.8372 -48.7593 -30.6374 27.7098 -44.6452 -26.3046 6.6188 -37.6667 -17.2317 -44.9600 -32.5885 34.8056 -47.4235 -28.0416 15.6984 -40.5809 -22.9515 -24.3798 -34.0565 13.5837 -48.9027 -29.9689 24.5337 -43.6374 -25.7815 2.4967 -36.7525 -14.0899 -47.2741 -31.9686 33.5256 -46.5897 -27.4586 13.0350 -39.6619 -21.5962 -33.1088 -33.7522 24.6244 -48.7688 -29.3859 22.6655
-28.5297 -48.7816 24.1239 -33.7649 -32.8541 -21.6289 -39.6717 13.0350 -27.4527 -46.5717 33.4618 -31.9438 -47.3385 -13.9381 -36.7160 2.3015 -25.7609 -43.5966 24.4075 -29.9411 -48.9011 14.3127 -34.0486 -24.9015 -22.8838 -40.5318 15.5585 -28.0117 -47.3854 34.7918 -32.5620 -45.1038 -17.0982 -37.6200 6.4362 -26.2780 -44.5980 27.5521 -30.6074 -48.7605 -0.2631 -34.4938 -13.4036 -24.1302 -41.5588 18.0211 -32.6286 9.6795 -38.5858 -19.4803 -41.1091 -33.1376 33.4402 -48.1237 -28.6376 18.4095 -41.5515 -24.1310 -13.4107 -34.4943 -0.2601 -48.7605 -30.6040 27.5519 -44.5980 -26.2779 6.4351 -37.6206 -17.0980 -45.1130 -32.5579 34.7912 -47.3854 -28.0115 15.5576 -40.5315 -22.8842 -24.9102 -34.0466 14.3127 -48.9011 -29.9411 24.4075 -43.5966 -25.7609 2.3015 -36.7160 -13.9381 -47.3385 -31.9438 33.4618 -46.5717 -27.4527 13.0350 -39.6717 -21.6289 -32.8541 -33.7645 24.1196 -48.7834 -28.5324
-48.5578 23.5000 -33.7816 -32.5027 -21.6876 -39.7006 13.0918 -27.4586 -46.5717 33.4399 -31.9309 -47.3854 -13.7993 -36.6802 2.1035 -25.7406 -43.5560 24.2825 -29.9142 -48.8989 14.9413 -34.0363 -25.3874 -22.8228 -40.4876 15.4276 -27.9820 -47.3442 34.7718 -32.5294 -45.2519 -16.9691 -37.5730 6.2513 -26.2512 -44.5478 27.4012 -30.5729 -48.7604 0.2997 -34.4309 -13.9686 -24.0753 -41.4977 18.2955 -28.9316 -48.7747 -27.6810 9.6852 -38.5334 -19.3701 -41.3596 -33.1123 33.6057 -48.0908 -28.6053 18.2749 -41.5006 -24.0743 -13.9616 -34.4346 0.3392 -48.7604 -30.5693 27.4012 -44.5476 -26.2499 6.2536 -37.5769 -16.9615 -45.2619 -32.5251 34.7714 -47.3444 -27.9815 15.4269 -40.4876 -22.8230 -25.3930 -34.0363 14.9413 -48.8989 -29.9142 24.2825 -43.5560 -25.7406 2.1035 -36.6802 -13.7993 -47.3854 -31.9309 33.4399 -46.5717 -27.4586 13.0918 -39.7006 -21.6877 -32.5004 -33.7791 23.5063 -48.5572
9.6273 -33.3932 -32.0771 -21.7570 -39.7394 13.1941 -27.4763 -46.5897 33.4618 -31.9309 -47.4011 -13.7213 -36.6534 1.9226 -25.7208 -43.5153 24.1578 -29.8877 -48.8962 15.5546 -34.0233 -25.8313 -22.7661 -40.4471 15.3131 -27.9550 -47.3060 34.7466 -32.5000 -45.3960 -16.8306 -37.5268 6.0635 -26.2241 -44.4977 27.2415 -30.5395 -48.7592 0.9111 -34.3686 -14.5378 -24.0187 -41.4502 18.1234 -28.5623 -47.6803 15.5222 -44.9186 -26.7778 9.5126 -38.4855 -19.2647 -41.5916 -33.0889 33.7592 -48.0573 -28.5739 18.1315 -41.4468 -24.0184 -14.4896 -34.3758 0.9568 -48.7590 -30.5363 27.2406 -44.4943 -26.2228 6.0794 -37.5330 -16.8243 -45.3994 -32.4979 34.7466 -47.3059 -27.9548 15.3131 -40.4471 -22.7661 -25.8313 -34.0233 15.5546 -48.8962 -29.8877 24.1578 -43.5153 -25.7208 1.9226 -36.6534 -13.7213 -47.4011 -31.9309 33.4618 -46.5897 -27.4763 13.1941 -39.7399 -21.7542 -32.1050 -33.3887 9.6361
-34.0102 -31.6271 -21.8319 -39.7795 13.3077 -27.5000 -46.6223 33.5256 -31.9438 -47.3854 -13.7213 -36.6443 1.8211 -25.7060 -43.4786 24.0352 -29.8613 -48.8928 16.1625 -34.0100 -26.2651 -22.7096 -40.4071 15.2011 -27.9303 -47.2729 34.7187 -32.4766 -45.5207 -16.6984 -37.4857 5.8869 -26.1979 -44.4474 27.0817 -30.5060 -48.7583 1.5446 -34.3082 -15.0994 -23.9608 -41.3991 17.9899 -28.5455 -48.0465 34.3676 -35.1996 30.2100 -45.4563 -26.7516 9.3557 -38.4374 -19.1630 -41.8154 -33.0646 33.9014 -48.0240 -28.5442 17.9804 -41.3963 -23.9642 -15.0226 -34.3162 1.5952 -48.7581 -30.5057 27.0712 -44.4447 -26.1977 5.9017 -37.4893 -16.6993 -45.5223 -32.4766 34.7187 -47.2729 -27.9303 15.2011 -40.4071 -22.7096 -26.2651 -34.0100 16.1625 -48.8928 -29.8613 24.0352 -43.4786 -25.7060 1.8211 -36.6443 -13.7213 -47.3854 -31.9438 33.5256 -46.6223 -27.5000 13.3093 -39.7833 -21.8300 -31.6566 -34.0076
-33.4530 -21.9018 -39.8262 13.4305 -27.5240 -46.6583 33.6094 -31.9686 -47.3385 -13.7993 -36.6534 1.8211 -25.7008 -43.4582 23.9440 -29.8366 -48.8879 16.7642 -33.9965 -26.6947 -22.6527 -40.3673 15.0890 -27.9058 -47.2398 34.6886 -32.4537 -45.6323 -16.5825 -37.4478 5.7314 -26.1746 -44.4005 26.9300 -30.4715 -48.7675 2.1959 -34.2524 -15.6361 -23.9035 -41.3460 17.8464 -28.5131 -47.9902 33.9876 -33.5192 -25.3707 -32.5145 30.1307 -45.3988 -26.7218 9.1968 -38.3869 -19.0615 -42.0382 -33.0381 34.0291 -47.9917 -28.5136 17.8385 -41.3460 -23.9093 -15.5657 -34.2575 2.2385 -48.7674 -30.4735 26.9213 -44.4006 -26.1747 5.7336 -37.4483 -16.5825 -45.6323 -32.4537 34.6886 -47.2398 -27.9058 15.0890 -40.3673 -22.6527 -26.6947 -33.9965 16.7642 -48.8879 -29.8366 23.9440 -43.4582 -25.7008 1.8211 -36.6534 -13.7993 -47.3385 -31.9686 33.6094 -46.6583 -27.5240 13.4346 -39.8298 -21.9036 -33.4412
-20.6913 -39.8757 13.5650 -27.5512 -46.6970 33.6935 -31.9944 -47.2741 -13.9381 -36.6802 1.9226 -25.7060 -43.4582 23.9129 -29.8233 -48.8836 17.2998 -33.9802 -27.1199 -22.5952 -40.3274 14.9770 -27.8814 -47.2066 34.6546 -32.4289 -45.7396 -16.4668 -37.4106 5.5769 -26.1532 -44.3594 26.7915 -30.4415 -48.7852 2.8615 -34.2240 -16.1803 -23.8488 -41.2957 17.6974 -28.4823 -47.9570 34.1427 -32.9814 -42.8579 -24.0368 -48.6106 -31.1024 29.9585 -45.3474 -26.6933 9.0287 -38.3391 -18.9571 -42.2682 -33.0077 34.1407 -47.9570 -28.4823 17.6974 -41.2957 -23.8540 -16.1483 -34.2253 2.8626 -48.7852 -30.4425 26.7915 -44.3594 -26.1532 5.5769 -37.4106 -16.4668 -45.7396 -32.4289 34.6546 -47.2066 -27.8814 14.9770 -40.3274 -22.5952 -27.1199 -33.9802 17.2998 -48.8836 -29.8233 23.9129 -43.4582 -25.7060 1.9226 -36.6802 -13.9381 -47.2741 -31.9944 33.6925 -46.6943 -27.5499 13.5666 -39.8758 -20.6921
-40.3986 13.7062 -27.5810 -46.7394 33.7827 -32.0209 -47.2057 -14.0899 -36.7160 2.1035 -25.7208 -43.4786 23.9440 -29.8233 -48.8823 17.5948 -33.9671 -27.4992 -22.5383 -40.2876 14.8650 -27.8571 -47.1731 34.6170 -32.4040 -45.8443 -16.3497 -37.3733 5.4208 -26.1320 -44.3190 26.6637 -30.4154 -48.8006 3.4670 -34.2213 -16.6923 -23.7970 -41.2511 17.5643 -28.4523 -47.9225 34.2499 -32.9847 -42.4304 -18.6031 -39.0861 -6.3876 -48.6077 -31.0810 29.7953 -45.2985 -26.6654 8.8683 -38.2914 -18.8459 -42.4913 -32.9791 34.2490 -47.9225 -28.4521 17.5643 -41.2510 -23.7994 -16.6923 -34.2213 3.4676 -48.8006 -30.4154 26.6637 -44.3190 -26.1320 5.4208 -37.3733 -16.3497 -45.8443 -32.4040 34.6170 -47.1731 -27.8571 14.8650 -40.2876 -22.5383 -27.4992 -33.9671 17.5948 -48.8823 -29.8233 23.9440 -43.4786 -25.7208 2.1035 -36.7160 -14.0899 -47.2057 -32.0208 33.7806 -46.7361 -27.5797 13.7053 -40.3974
13.8287 -27.5678 -46.7842 33.8790 -32.0515 -47.1288 -14.2416 -36.7525 2.3015 -25.7406 -43.5153 24.0352 -29.8366 -48.8836 17.5948 -33.9636 -27.7082 -22.4955 -40.2517 14.7546 -27.8327 -47.1395 34.5758 -32.3790 -45.9466 -16.2311 -37.3361 5.2630 -26.1108 -44.2787 26.5361 -30.3887 -48.8137 4.0330 -34.2175 -17.1660 -23.7487 -41.2101 17.4486 -28.4229 -47.8893 34.3474 -32.9544 -42.6998 -18.7607 -38.1259 15.0601 -35.3871 -6.6558 -48.6299 -31.0478 29.6399 -45.2495 -26.6375 8.7067 -38.2443 -18.7342 -42.7102 -32.9525 34.3464 -47.8891 -28.4229 17.4486 -41.2101 -23.7487 -17.1660 -34.2175 4.0330 -48.8137 -30.3887 26.5361 -44.2787 -26.1108 5.2630 -37.3361 -16.2311 -45.9466 -32.3790 34.5758 -47.1395 -27.8327 14.7546 -40.2517 -22.4955 -27.7082 -33.9636 17.5948 -48.8836 -29.8366 24.0352 -43.5153 -25.7406 2.3015 -36.7525 -14.2416 -47.1290 -32.0498 33.8784 -46.7839 -27.5679 13.8289
-26.3209 -46.8277 33.9727 -32.0836 -47.0395 -14.4141 -36.7896 2.4967 -25.7609 -43.5560 24.1578 -29.8613 -48.8879 17.2998 -33.9671 -27.7082 -22.4809 -40.2318 14.6723 -27.8105 -47.1060 34.5311 -32.3540 -46.0464 -16.1109 -37.2990 5.1035 -26.0896 -44.2384 26.4087 -30.3620 -48.8258 4.5999 -34.2101 -17.6344 -23.7005 -41.1697 17.3353 -28.3961 -47.8575 34.4252 -32.9289 -42.9006 -18.6258 -38.2072 8.1009 -31.0570 -7.5960 -35.2356 -6.2391 -48.6489 -31.0147 29.4839 -45.2004 -26.6098 8.5448 -38.1998 -18.6257 -42.9108 -32.9290 34.4252 -47.8575 -28.3961 17.3353 -41.1697 -23.7005 -17.6344 -34.2101 4.5999 -48.8258 -30.3620 26.4087 -44.2384 -26.0896 5.1035 -37.2990 -16.1109 -46.0464 -32.3540 34.5311 -47.1060 -27.8105 14.6723 -40.2318 -22.4809 -27.7082 -33.9671 17.2998 -48.8879 -29.8613 24.1578 -43.5560 -25.7609 2.4967 -36.7897 -14.4030 -47.0452 -32.0799 33.9723 -46.8278 -26.3209
-46.7516 34.0457 -32.1159 -46.9467 -14.5952 -36.8298 2.6918 -25.7813 -43.5966 24.2825 -29.8877 -48.8928 16.7642 -33.9802 -27.4992 -22.4955 -40.2318 14.6443 -27.7984 -47.0808 34.4879 -32.3276 -46.1437 -15.9891 -37.2618 4.9422 -26.0685 -44.1980 26.2813 -30.3354 -48.8370 5.1761 -34.2024 -18.1036 -23.6519 -41.1294 17.2223 -28.3711 -47.8280 34.4903 -32.9074 -43.0817 -18.5260 -38.1566 8.4425 -26.7668 -46.5571 -25.2128 -7.5692 -35.1800 -5.8382 -48.6664 -30.9814 29.3281 -45.1538 -26.5843 8.4006 -38.1577 -18.5249 -43.0815 -32.9074 34.4903 -47.8280 -28.3711 17.2223 -41.1294 -23.6519 -18.1036 -34.2024 5.1761 -48.8370 -30.3354 26.2813 -44.1980 -26.0685 4.9422 -37.2618 -15.9891 -46.1437 -32.3276 34.4879 -47.0808 -27.7984 14.6443 -40.2318 -22.4955 -27.4992 -33.9802 16.7642 -48.8928 -29.8877 24.2825 -43.5966 -25.7815 2.7050 -36.8324 -14.5822 -46.9537 -32.1118 34.0442 -46.7507
31.6501 -31.8976 -46.8496 -14.7718 -36.8729 2.9012 -25.8022 -43.6374 24.4075 -29.9142 -48.8962 16.1625 -33.9965 -27.1199 -22.5383 -40.2517 14.6723 -27.7984 -47.0723 34.4628 -32.3074 -46.2294 -15.8677 -37.2248 4.7792 -26.0474 -44.1576 26.1540 -30.3087 -48.8473 5.7609 -34.1943 -18.5734 -23.6029 -41.0891 17.1094 -28.3460 -47.7988 34.5480 -32.8840 -43.2451 -18.4314 -38.1192 8.2642 -26.5578 -44.8915 35.1805 -41.8515 -24.6644 -8.0864 -35.1213 -5.4252 -48.6817 -30.9514 29.1900 -45.1107 -26.5618 8.2664 -38.1192 -18.4314 -43.2451 -32.8840 34.5480 -47.7988 -28.3460 17.1094 -41.0891 -23.6029 -18.5734 -34.1943 5.7609 -48.8473 -30.3087 26.1540 -44.1576 -26.0474 4.7792 -37.2248 -15.8677 -46.2294 -32.3074 34.4628 -47.0723 -27.7984 14.6723 -40.2517 -22.5383 -27.1199 -33.9965 16.1625 -48.8962 -29.9142 24.4075 -43.6374 -25.8026 2.9299 -36.8785 -14.7602 -46.8574 -31.8936 31.6503
-31.7226 -46.7522 -14.9438 -36.9157 3.1189 -25.8249 -43.6789 24.5337 -29.9411 -48.8989 15.5546 -34.0100 -26.6947 -22.5952 -40.2876 14.7546 -27.8105 -47.0808 34.4628 -32.3011 -46.2762 -15.7761 -37.1915 4.6169 -26.0264 -44.1172 26.0268 -30.2820 -48.8566 6.3539 -34.1858 -19.0433 -23.5534 -41.0488 16.9967 -28.3210 -47.7694 34.5996 -32.8606 -43.4050 -18.3370 -38.0812 8.1334 -26.5405 -45.0879 28.6633 -34.1464 19.6229 -42.0245 -24.6162 -8.5324 -35.0693 -5.0438 -48.6944 -30.9253 29.0621 -45.0712 -26.5397 8.1334 -38.0812 -18.3370 -43.4050 -32.8606 34.5996 -47.7694 -28.3210 16.9967 -41.0488 -23.5534 -19.0433 -34.1858 6.3539 -48.8566 -30.2820 26.0268 -44.1172 -26.0264 4.6169 -37.1915 -15.7761 -46.2762 -32.3011 34.4628 -47.0808 -27.8105 14.7546 -40.2876 -22.5952 -26.6947 -34.0100 15.5546 -48.8989 -29.9411 24.5337 -43.6789 -25.8254 3.1498 -36.9218 -14.9357 -46.7586 -31.7203
-47.1796 -15.1058 -36.9614 3.3442 -25.8503 -43.7266 24.6708 -29.9691 -48.9011 14.9413 -34.0233 -26.2651 -22.6527 -40.3274 14.8650 -27.8327 -47.1060 34.4879 -32.3074 -46.2762 -15.7447 -37.1730 4.4946 -26.0077 -44.0773 25.8997 -30.2554 -48.8650 6.9543 -34.1770 -19.5131 -23.5035 -41.0085 16.8840 -28.2961 -47.7397 34.6453 -32.8371 -43.5616 -18.2417 -38.0433 7.9995 -26.5177 -45.0307 28.9770 -31.3468 -46.2515 -30.1104 19.6237 -41.9736 -24.5735 -8.9276 -35.0210 -4.6845 -48.7050 -30.8986 28.9359 -45.0317 -26.5177 7.9995 -38.0433 -18.2417 -43.5616 -32.8371 34.6453 -47.7397 -28.2961 16.8840 -41.0085 -23.5035 -19.5131 -34.1770 6.9543 -48.8650 -30.2554 25.8997 -44.0773 -26.0077 4.4946 -37.1730 -15.7447 -46.2762 -32.3074 34.4879 -47.1060 -27.8327 14.8650 -40.3274 -22.6527 -26.2651 -34.0233 14.9413 -48.9011 -29.9689 24.6707 -43.7266 -25.8505 3.3634 -36.9647 -15.1089 -47.1773
-15.7646 -37.0076 3.5710 -25.8770 -43.7800 24.8268 -30.0001 -48.9026 14.3127 -34.0363 -25.8313 -22.7096 -40.3673 14.9770 -27.8571 -47.1395 34.5311 -32.3276 -46.2294 -15.7761 -37.1730 4.4527 -25.9972 -44.0476 25.7854 -30.2282 -48.8726 7.5614 -34.1679 -19.9824 -23.4531 -40.9682 16.7714 -28.2711 -47.7097 34.6852 -32.8135 -43.7149 -18.1454 -38.0054 7.8647 -26.4957 -44.9921 28.8075 -30.8513 -48.7401 -16.0520 -47.9023 -28.8676 19.4889 -41.9327 -24.5337 -9.3224 -34.9730 -4.3214 -48.7147 -30.8719 28.8095 -44.9921 -26.4957 7.8647 -38.0054 -18.1454 -43.7149 -32.8135 34.6852 -47.7097 -28.2711 16.7714 -40.9682 -23.4531 -19.9824 -34.1679 7.5614 -48.8726 -30.2282 25.7854 -44.0476 -25.9972 4.4527 -37.1730 -15.7761 -46.2294 -32.3276 34.5311 -47.1395 -27.8571 14.9770 -40.3673 -22.7096 -25.8313 -34.0363 14.3127 -48.9027 -30.0001 24.8182 -43.7772 -25.8759 3.5735 -37.0077 -15.7668
-37.8536 3.7923 -25.9033 -43.8313 24.9857 -30.0330 -48.9029 13.5802 -34.0486 -25.3874 -22.7661 -40.4071 15.0890 -27.8814 -47.1731 34.5758 -32.3540 -46.1437 -15.8677 -37.1915 4.4946 -25.9972 -44.0375 25.7219 -30.2076 -48.8775 8.1639 -34.1584 -20.4509 -23.4023 -40.9280 16.6589 -28.2462 -47.6796 34.7195 -32.7898 -43.8649 -18.0480 -37.9675 7.7288 -26.4737 -44.9524 28.6828 -30.8477 -48.7205 -2.4853 -36.4418 32.8626 -48.3360 -28.8484 19.3731 -41.8920 -24.4934 -9.7230 -34.9248 -3.9487 -48.7233 -30.8452 28.6828 -44.9524 -26.4737 7.7288 -37.9675 -18.0480 -43.8649 -32.7898 34.7195 -47.6796 -28.2462 16.6589 -40.9280 -23.4023 -20.4509 -34.1584 8.1639 -48.8775 -30.2076 25.7219 -44.0375 -25.9972 4.4946 -37.1915 -15.8677 -46.1437 -32.3540 34.5758 -47.1731 -27.8814 15.0890 -40.4071 -22.7661 -25.3930 -34.0466 13.5837 -48.9029 -30.0339 24.9752 -43.8279 -25.9023 3.7910 -37.8526
3.2980 -25.9449 -43.8826 25.1433 -30.0663 -48.9022 12.7920 -34.0587 -24.9015 -22.8228 -40.4471 15.2011 -27.9058 -47.2066 34.6170 -32.3790 -46.0464 -15.9891 -37.2248 4.6169 -26.0077 -44.0476 25.7219 -30.2010 -48.8805 8.6165 -34.1466 -20.9108 -23.3511 -40.8878 16.5465 -28.2214 -47.6491 34.7484 -32.7661 -44.0117 -17.9496 -37.9297 7.5920 -26.4518 -44.9127 28.5559 -30.8185 -48.7312 -3.7025 -34.9156 4.2640 -34.2054 32.2556 -48.3005 -28.8227 19.2574 -41.8514 -24.4527 -10.1294 -34.8764 -3.5662 -48.7311 -30.8185 28.5559 -44.9127 -26.4518 7.5920 -37.9297 -17.9496 -44.0117 -32.7661 34.7484 -47.6491 -28.2214 16.5465 -40.8878 -23.3511 -20.9108 -34.1466 8.6165 -48.8805 -30.2010 25.7219 -44.0476 -26.0077 4.6169 -37.2248 -15.9891 -46.0464 -32.3790 34.6170 -47.2066 -27.9058 15.2011 -40.4471 -22.8230 -24.9102 -34.0565 12.7958 -48.9021 -30.0659 25.1425 -43.8823 -25.9449 3.2983
-24.3232 -43.9327 25.3013 -30.0996 -48.9002 12.0044 -34.0701 -24.3776 -22.8838 -40.4876 15.3131 -27.9303 -47.2398 34.6546 -32.4040 -45.9466 -16.1109 -37.2618 4.7792 -26.0264 -44.0773 25.7854 -30.2076 -48.8805 8.7713 -34.1417 -21.2530 -23.3046 -40.8483 16.4341 -28.1965 -47.6185 34.7718 -32.7422 -44.1554 -17.8501 -37.8919 7.4541 -26.4299 -44.8730 28.4289 -30.7917 -48.7379 -3.1662 -34.8171 -11.9520 -28.6088 -40.0711 -33.2689 32.4671 -48.2773 -28.7971 19.1420 -41.8108 -24.4115 -10.5414 -34.8277 -3.1736 -48.7379 -30.7917 28.4289 -44.8730 -26.4299 7.4541 -37.8919 -17.8501 -44.1554 -32.7422 34.7718 -47.6185 -28.1965 16.4341 -40.8483 -23.3046 -21.2530 -34.1417 8.7713 -48.8805 -30.2076 25.7854 -44.0773 -26.0264 4.7792 -37.2618 -16.1109 -45.9466 -32.4040 34.6546 -47.2398 -27.9303 15.3131 -40.4876 -22.8842 -24.3798 -34.0715 12.0552 -48.9005 -30.0965 25.3012 -43.9328 -24.3232
-44.0794 25.4497 -30.1332 -48.8970 11.2161 -34.0804 -23.8529 -22.9482 -40.5318 15.4276 -27.9550 -47.2729 34.6886 -32.4289 -45.8443 -16.2311 -37.2990 4.9422 -26.0474 -44.1172 25.8997 -30.2282 -48.8775 8.6165 -34.1417 -21.3693 -23.2787 -40.8188 16.3330 -28.1717 -47.5876 34.7901 -32.7182 -44.2959 -17.7496 -37.8542 7.3152 -26.4081 -44.8332 28.3017 -30.7650 -48.7437 -2.7706 -34.7808 -10.8187 -24.3771 -43.0243 -20.0386 -39.9818 -33.2621 32.6499 -48.2530 -28.7716 19.0267 -41.7702 -24.3699 -10.9589 -34.7789 -2.7706 -48.7437 -30.7650 28.3017 -44.8332 -26.4081 7.3152 -37.8542 -17.7496 -44.2959 -32.7182 34.7901 -47.5876 -28.1717 16.3330 -40.8188 -23.2787 -21.3693 -34.1417 8.6165 -48.8775 -30.2282 25.8997 -44.1172 -26.0474 4.9422 -37.2990 -16.2311 -45.8443 -32.4289 34.6886 -47.2729 -27.9548 15.4269 -40.5315 -22.9515 -23.8208 -34.0892 11.2788 -48.8971 -30.1298 25.4476 -44.0784
25.7066 -30.0232 -48.8927 10.4288 -34.0902 -23.3238 -23.0127 -40.5812 15.5585 -27.9820 -47.3060 34.7187 -32.4537 -45.7396 -16.3497 -37.3361 5.1035 -26.0685 -44.1576 26.0268 -30.2554 -48.8726 8.1639 -34.1466 -21.2530 -23.2787 -40.8088 16.2769 -28.1531 -47.5593 34.8030 -32.6942 -44.4334 -17.6479 -37.8165 7.1752 -26.3863 -44.7934 28.1744 -30.7383 -48.7487 -2.3571 -34.7299 -11.3887 -24.3354 -41.5778 25.4990 -38.6559 -19.8135 -40.2241 -33.2405 32.8240 -48.2285 -28.7461 18.9116 -41.7296 -24.3278 -11.3816 -34.7299 -2.3571 -48.7487 -30.7383 28.1744 -44.7934 -26.3863 7.1752 -37.8165 -17.6479 -44.4334 -32.6942 34.8030 -47.5593 -28.1531 16.2769 -40.8088 -23.2787 -21.2530 -34.1466 8.1639 -48.8726 -30.2554 26.0268 -44.1576 -26.0685 5.1035 -37.3361 -16.3497 -45.7396 -32.4537 34.7187 -47.3059 -27.9815 15.5576 -40.5809 -23.0193 -23.2543 -34.1018 10.4872 -48.8928 -30.0199 25.7047
-29.3159 -48.8868 9.6500 -34.1010 -22.7909 -23.0766 -40.6313 15.6985 -28.0117 -47.3442 34.7466 -32.4766 -45.6323 -16.4668 -37.3733 5.2630 -26.0896 -44.1980 26.1540 -30.2820 -48.8650 7.5614 -34.1584 -20.9108 -23.3046 -40.8188 16.2769 -28.1469 -47.5437 34.8094 -32.6706 -44.5658 -17.5450 -37.7788 7.0340 -26.3646 -44.7535 28.0470 -30.7115 -48.7528 -1.9328 -34.6806 -11.8094 -24.2852 -41.7026 18.4180 -32.6796 10.0119 -38.6955 -19.7276 -40.4443 -33.2189 32.9895 -48.2036 -28.7206 18.7966 -41.6890 -24.2853 -11.8094 -34.6806 -1.9328 -48.7528 -30.7115 28.0470 -44.7535 -26.3646 7.0340 -37.7788 -17.5450 -44.5658 -32.6706 34.8094 -47.5437 -28.1469 16.2769 -40.8188 -23.3046 -20.9108 -34.1584 7.5614 -48.8650 -30.2820 26.1540 -44.1980 -26.0896 5.2630 -37.3733 -16.4668 -45.6323 -32.4766 34.7466 -47.3444 -28.0115 15.6984 -40.6313 -23.0838 -22.7142 -34.1116 9.6921 -48.8858 -29.3138
-48.7447 8.8534 -34.1140 -22.2258 -23.1428 -40.6817 15.8394 -28.0416 -47.3854 34.7718 -32.5000 -45.5207 -16.5825 -37.4106 5.4208 -26.1108 -44.2384 26.2813 -30.3087 -48.8566 6.9543 -34.1679 -20.4509 -23.3511 -40.8483 16.3330 -28.1531 -47.5437 34.8110 -32.6585 -44.6627 -17.4514 -37.7418 6.8917 -26.3429 -44.7136 27.9195 -30.6848 -48.7560 -1.4975 -34.6312 -12.2421 -24.2423 -41.6477 18.7201 -29.0219 -48.7935 -27.7572 10.0576 -38.6547 -19.6458 -40.6602 -33.1971 33.1466 -48.1783 -28.6951 18.6818 -41.6484 -24.2423 -12.2421 -34.6312 -1.4975 -48.7560 -30.6848 27.9195 -44.7136 -26.3429 6.8917 -37.7418 -17.4514 -44.6627 -32.6585 34.8110 -47.5437 -28.1531 16.3330 -40.8483 -23.3511 -20.4509 -34.1679 6.9543 -48.8566 -30.3087 26.2813 -44.2384 -26.1108 5.4208 -37.4106 -16.5825 -45.5223 -32.4979 34.7714 -47.3854 -28.0416 15.8395 -40.6817 -23.1471 -22.1770 -34.1171 8.8395 -48.7438
-2.2556 -33.9012 -21.6440 -23.2097 -40.7343 15.9866 -28.0711 -47.4235 34.7918 -32.5294 -45.3960 -16.6984 -37.4478 5.5769 -26.1320 -44.2787 26.4087 -30.3354 -48.8473 6.3539 -34.1770 -19.9824 -23.4023 -40.8878 16.4341 -28.1717 -47.5593 34.8094 -32.6585 -44.6953 -17.3990 -37.7143 6.7624 -26.3216 -44.6736 27.7919 -30.6581 -48.7584 -1.0511 -34.5816 -12.6794 -24.1989 -41.6079 18.5654 -28.6572 -47.7687 13.4681 -45.0072 -26.8454 9.9249 -38.6161 -19.5634 -40.8720 -33.1752 33.2955 -48.1528 -28.6697 18.5673 -41.6079 -24.1989 -12.6794 -34.5816 -1.0511 -48.7584 -30.6581 27.7919 -44.6736 -26.3216 6.7624 -37.7143 -17.3990 -44.6953 -32.6585 34.8094 -47.5593 -28.1717 16.4341 -40.8878 -23.4023 -19.9824 -34.1770 6.3539 -48.8473 -30.3354 26.4087 -44.2787 -26.1320 5.5769 -37.4483 -16.6993 -45.3994 -32.5251 34.7912 -47.4235 -28.0710 15.9788 -40.7315 -23.2096 -21.6373 -33.8978 -2.2655
-34.8797 -21.0642 -23.2759 -40.7850 16.1282 -28.1013 -47.4629 34.8062 -32.5620 -45.2519 -16.8306 -37.4857 5.7314 -26.1532 -44.3190 26.5361 -30.3620 -48.8370 5.7609 -34.1858 -19.5131 -23.4531 -40.9280 16.5465 -28.1965 -47.5876 34.8030 -32.6706 -44.6627 -17.3990 -37.7049 6.6902 -26.3058 -44.6375 27.6662 -30.6313 -48.7599 -0.5935 -34.5318 -13.1211 -24.1551 -41.5673 18.4528 -28.6460 -48.1497 34.0049 -35.2238 30.5877 -45.5792 -26.8265 9.8013 -38.5777 -19.4801 -41.0796 -33.1532 33.4364 -48.1269 -28.6443 18.4528 -41.5673 -24.1551 -13.1211 -34.5318 -0.5935 -48.7599 -30.6313 27.6662 -44.6375 -26.3058 6.6902 -37.7049 -17.3990 -44.6627 -32.6706 34.8030 -47.5876 -28.1965 16.5465 -40.9280 -23.4531 -19.5131 -34.1858 5.7609 -48.8370 -30.3620 26.5361 -44.3190 -26.1532 5.7336 -37.4893 -16.8243 -45.2619 -32.5579 34.8056 -47.4629 -28.1016 16.1188 -40.7816 -23.2751 -21.0676 -34.8787
-23.2593 -23.3379 -40.8358 16.2685 -28.1323 -47.5028 34.8133 -32.5907 -45.1038 -16.9691 -37.5268 5.8869 -26.1746 -44.3594 26.6637 -30.3887 -48.8258 5.1761 -34.1943 -19.0433 -23.5035 -40.9682 16.6589 -28.2214 -47.6185 34.7901 -32.6942 -44.5658 -17.4514 -37.7143 6.6902 -26.3004 -44.6175 27.5725 -30.6061 -48.7606 -0.1246 -34.4818 -13.5669 -24.1108 -41.5268 18.3385 -28.6189 -48.0990 33.5172 -33.6051 -23.7495 -32.6086 30.5376 -45.5346 -26.8039 9.6772 -38.5393 -19.3961 -41.2832 -33.1310 33.5693 -48.1008 -28.6189 18.3385 -41.5268 -24.1108 -13.5669 -34.4818 -0.1246 -48.7606 -30.6061 27.5725 -44.6175 -26.3004 6.6902 -37.7143 -17.4514 -44.5658 -32.6942 34.7901 -47.6185 -28.2214 16.6589 -40.9682 -23.5035 -19.0433 -34.1943 5.1761 -48.8258 -30.3887 26.6637 -44.3594 -26.1747 5.9017 -37.5330 -16.9615 -45.1130 -32.5885 34.8130 -47.5025 -28.1317 16.2678 -40.8355 -23.3380 -23.2586
-21.8408 -40.8855 16.4090 -28.1633 -47.5421 34.8129 -32.6174 -44.9594 -17.0982 -37.5730 6.0635 -26.1979 -44.4005 26.7915 -30.4154 -48.8137 4.5999 -34.2024 -18.5734 -23.5534 -41.0085 16.7714 -28.2462 -47.6491 34.7718 -32.7182 -44.4334 -17.5450 -37.7418 6.7624 -26.3058 -44.6175 27.5406 -30.5928 -48.7605 0.3072 -34.4322 -14.0165 -24.0660 -41.4863 18.2244 -28.5936 -48.0743 33.6974 -33.0822 -42.1200 -24.2951 -48.5424 -31.2023 30.4073 -45.4959 -26.7813 9.5525 -38.5009 -19.3113 -41.4829 -33.1088 33.6946 -48.0743 -28.5936 18.2244 -41.4863 -24.0660 -14.0165 -34.4322 0.3072 -48.7605 -30.5928 27.5406 -44.6175 -26.3058 6.7624 -37.7418 -17.5450 -44.4334 -32.7182 34.7718 -47.6491 -28.2462 16.7714 -41.0085 -23.5534 -18.5734 -34.2024 4.5999 -48.8137 -30.4154 26.7915 -44.4006 -26.1977 6.0794 -37.5769 -17.0980 -44.9600 -32.6189 34.8138 -47.5397 -28.1609 16.4090 -40.8855 -21.8408
-41.3058 16.5418 -28.1945 -47.5811 34.8050 -32.6436 -44.8126 -17.2244 -37.6200 6.2513 -26.2241 -44.4474 26.9300 -30.4415 -48.8006 4.0330 -34.2101 -18.1036 -23.6029 -41.0488 16.8840 -28.2711 -47.6796 34.7484 -32.7422 -44.2959 -17.6479 -37.7788 6.8917 -26.3216 -44.6375 27.5725 -30.5928 -48.7604 0.5510 -34.3951 -14.4245 -24.0216 -41.4458 18.1104 -28.5683 -48.0475 33.8123 -33.0894 -41.6136 -19.0021 -39.2716 -7.5211 -48.5327 -31.1877 30.2853 -45.4570 -26.7588 9.4271 -38.4626 -19.2257 -41.6786 -33.0864 33.8123 -48.0475 -28.5683 18.1104 -41.4458 -24.0216 -14.4245 -34.3951 0.5510 -48.7604 -30.5928 27.5725 -44.6375 -26.3216 6.8917 -37.7788 -17.6479 -44.2959 -32.7422 34.7484 -47.6796 -28.2711 16.8840 -41.0488 -23.6029 -18.1036 -34.2101 4.0330 -48.8006 -30.4425 26.9213 -44.4447 -26.2228 6.2536 -37.6206 -17.2317 -44.8035 -32.6510 34.8074 -47.5782 -28.1919 16.5400 -41.3049
16.7700 -28.1605 -47.6203 34.7895 -32.6697 -44.6619 -17.3488 -37.6670 6.4362 -26.2512 -44.4977 27.0817 -30.4715 -48.7852 3.4670 -34.2175 -17.6344 -23.6519 -41.0891 16.9967 -28.2961 -47.7097 34.7195 -32.7661 -44.1554 -17.7496 -37.8165 7.0340 -26.3429 -44.6736 27.6662 -30.6061 -48.7605 0.5510 -34.3825 -14.6521 -23.9882 -41.4094 17.9984 -28.5430 -48.0204 33.9225 -33.0639 -41.8736 -19.1650 -38.3081 15.5459 -35.5438 -7.8238 -48.5556 -31.1610 30.1628 -45.4180 -26.7364 9.3011 -38.4243 -19.1392 -41.8704 -33.0639 33.9225 -48.0204 -28.5430 17.9984 -41.4094 -23.9882 -14.6521 -34.3825 0.5510 -48.7605 -30.6061 27.6662 -44.6736 -26.3429 7.0340 -37.8165 -17.7496 -44.1554 -32.7661 34.7195 -47.7097 -28.2961 16.9967 -41.0891 -23.6519 -17.6344 -34.2175 3.4676 -48.7852 -30.4735 27.0712 -44.4943 -26.2499 6.4351 -37.6667 -17.3643 -44.6419 -32.6795 34.7926 -47.6171 -28.1580 16.7681
-27.0398 -47.6579 34.7664 -32.6973 -44.5072 -17.4716 -37.7139 6.6189 -26.2780 -44.5478 27.2415 -30.5060 -48.7675 2.8615 -34.2213 -17.1660 -23.7005 -41.1294 17.1094 -28.3210 -47.7397 34.6852 -32.7898 -44.0117 -17.8501 -37.8542 7.1752 -26.3646 -44.7136 27.7919 -30.6313 -48.7606 0.3072 -34.3951 -14.6521 -23.9768 -41.3892 17.9150 -28.5197 -47.9931 34.0256 -33.0413 -42.0584 -19.0508 -38.3976 8.7472 -31.1542 -6.1516 -35.4301 -7.5170 -48.5756 -31.1343 30.0398 -45.3790 -26.7139 9.1744 -38.3860 -19.0520 -42.0584 -33.0413 34.0256 -47.9931 -28.5197 17.9150 -41.3892 -23.9768 -14.6521 -34.3951 0.3072 -48.7606 -30.6313 27.7919 -44.7136 -26.3646 7.1752 -37.8542 -17.8501 -44.0117 -32.7898 34.6852 -47.7397 -28.3210 17.1094 -41.1294 -23.7005 -17.1660 -34.2213 2.8626 -48.7674 -30.5057 27.2406 -44.5476 -26.2779 6.6188 -37.7139 -17.4883 -44.4847 -32.7059 34.7692 -47.6550 -27.0379
-47.5209 34.7149 -32.7270 -44.3399 -17.5990 -37.7612 6.8007 -26.3046 -44.5980 27.4012 -30.5395 -48.7583 2.1959 -34.2240 -16.6923 -23.7487 -41.1697 17.2223 -28.3460 -47.7694 34.6453 -32.8135 -43.8649 -17.9496 -37.8919 7.3152 -26.3863 -44.7535 27.9195 -30.6581 -48.7599 -0.1246 -34.4322 -14.4245 -23.9882 -41.3892 17.8866 -28.5071 -47.9724 34.1121 -33.0169 -42.2427 -18.9639 -38.3472 9.0897 -26.8804 -46.7241 -25.3886 -6.0188 -35.3894 -7.2270 -48.5944 -31.1077 29.9163 -45.3399 -26.6916 9.0470 -38.3478 -18.9639 -42.2427 -33.0169 34.1121 -47.9724 -28.5071 17.8866 -41.3892 -23.9882 -14.4245 -34.4322 -0.1246 -48.7599 -30.6581 27.9195 -44.7535 -26.3863 7.3152 -37.8919 -17.9496 -43.8649 -32.8135 34.6453 -47.7694 -28.3460 17.2223 -41.1697 -23.7487 -16.6923 -34.2253 2.2385 -48.7581 -30.5363 27.4012 -44.5980 -26.3046 6.8007 -37.7612 -17.6093 -44.3253 -32.7297 34.7143 -47.5210
29.4405 -32.4632 -44.1639 -17.7274 -37.8106 6.9884 -26.3305 -44.6452 27.5521 -30.5729 -48.7592 1.5446 -34.2524 -16.1803 -23.7970 -41.2101 17.3353 -28.3711 -47.7988 34.5996 -32.8371 -43.7149 -18.0480 -37.9297 7.4541 -26.4081 -44.7934 28.0470 -30.6848 -48.7584 -0.5935 -34.4818 -14.0165 -24.0216 -41.4094 17.9150 -28.5071 -47.9655 34.1578 -32.9981 -42.4054 -18.8763 -38.3096 8.9167 -26.6648 -45.0769 35.4128 -42.0163 -24.8334 -6.3927 -35.3431 -6.9298 -48.6121 -31.0810 29.7924 -45.3008 -26.6692 8.9189 -38.3096 -18.8763 -42.4054 -32.9981 34.1578 -47.9655 -28.5071 17.9150 -41.4094 -24.0216 -14.0165 -34.4818 -0.5935 -48.7584 -30.6848 28.0470 -44.7934 -26.4081 7.4541 -37.9297 -18.0480 -43.7149 -32.8371 34.5996 -47.7988 -28.3711 17.3353 -41.2101 -23.7994 -16.1483 -34.2575 1.5952 -48.7590 -30.5693 27.5519 -44.6452 -26.3305 6.9785 -37.8080 -17.7286 -44.1619 -32.4586 29.4353
-32.5180 -43.9847 -17.8548 -37.8582 7.1669 -26.3575 -44.6946 27.7099 -30.6074 -48.7604 0.9111 -34.3082 -15.6361 -23.8488 -41.2511 17.4486 -28.3961 -47.8280 34.5480 -32.8606 -43.5616 -18.1454 -37.9675 7.5920 -26.4299 -44.8332 28.1744 -30.7115 -48.7560 -1.0511 -34.5318 -13.5669 -24.0660 -41.4458 17.9984 -28.5197 -47.9724 34.1578 -32.9924 -42.4945 -18.8104 -38.2753 8.7921 -26.6478 -45.2785 29.2765 -34.2259 20.1500 -42.2142 -24.7967 -6.7459 -35.2966 -6.6252 -48.6288 -31.0544 29.6680 -45.2616 -26.6469 8.7921 -38.2753 -18.8104 -42.4945 -32.9924 34.1578 -47.9724 -28.5197 17.9984 -41.4458 -24.0660 -13.5669 -34.5318 -1.0511 -48.7560 -30.7115 28.1744 -44.8332 -26.4299 7.5920 -37.9675 -18.1454 -43.5616 -32.8606 34.5480 -47.8280 -28.3961 17.4486 -41.2510 -23.8540 -15.5657 -34.3162 0.9568 -48.7604 -30.6040 27.7098 -44.6946 -26.3574 7.1552 -37.8551 -17.8540 -43.9858 -32.5147
-44.7304 -17.9767 -37.9060 7.3420 -26.3847 -44.7449 27.8704 -30.6393 -48.7605 0.2997 -34.3686 -15.0994 -23.9035 -41.2957 17.5643 -28.4229 -47.8575 34.4903 -32.8840 -43.4050 -18.2417 -38.0054 7.7288 -26.4518 -44.8730 28.3017 -30.7383 -48.7528 -1.4975 -34.5816 -13.1211 -24.1108 -41.4863 18.1104 -28.5430 -47.9931 34.1121 -32.9981 -42.4945 -18.7879 -38.2562 8.6970 -26.6269 -45.2217 29.5840 -31.4817 -45.7772 -30.2507 20.1779 -42.1703 -24.7585 -7.0992 -35.2490 -6.3154 -48.6441 -31.0164 29.5446 -45.2226 -26.6267 8.6970 -38.2562 -18.7879 -42.4945 -32.9981 34.1121 -47.9931 -28.5430 18.1104 -41.4863 -24.1108 -13.1211 -34.5816 -1.4975 -48.7528 -30.7383 28.3017 -44.8730 -26.4518 7.7288 -38.0054 -18.2417 -43.4050 -32.8840 34.4903 -47.8575 -28.4229 17.5643 -41.2957 -23.9093 -15.0226 -34.3758 0.3392 -48.7605 -30.6374 27.8694 -44.7446 -26.3841 7.3410 -37.9057 -17.9767 -44.7302
-17.7674 -37.9527 7.5154 -26.4119 -44.7948 28.0298 -30.6696 -48.7593 -0.2631 -34.4309 -14.5378 -23.9608 -41.3460 17.6974 -28.4523 -47.8893 34.4252 -32.9074 -43.2451 -18.3370 -38.0433 7.8647 -26.4737 -44.9127 28.4289 -30.7650 -48.7487 -1.9328 -34.6312 -12.6794 -24.1551 -41.5268 18.2244 -28.5683 -48.0204 34.0256 -33.0169 -42.4054 -18.8104 -38.2562 8.6645 -26.6157 -45.1934 29.4330 -30.9852 -48.6990 -16.7136 -47.9812 -29.2320 19.7726 -42.0794 -24.7158 -7.4837 -35.2337 -5.4952 -48.6756 -30.9726 29.4258 -45.1924 -26.6150 8.6645 -38.2562 -18.8104 -42.4054 -33.0169 34.0256 -48.0204 -28.5683 18.2244 -41.5268 -24.1551 -12.6794 -34.6312 -1.9328 -48.7487 -30.7650 28.4289 -44.9127 -26.4737 7.8647 -38.0433 -18.3370 -43.2451 -32.9074 34.4252 -47.8891 -28.4521 17.6974 -41.3460 -23.9642 -14.4896 -34.4346 -0.2601 -48.7593 -30.6708 28.0200 -44.7917 -26.4103 7.5153 -37.9528 -17.7673
-38.6848 7.6774 -26.4395 -44.8446 28.1890 -30.6996 -48.7570 -0.8043 -34.4938 -13.9686 -24.0187 -41.3991 17.8464 -28.4823 -47.9225 34.3474 -32.9289 -43.0817 -18.4314 -38.0812 7.9995 -26.4957 -44.9524 28.5559 -30.7917 -48.7437 -2.3571 -34.6806 -12.2421 -24.1989 -41.5673 18.3385 -28.5936 -48.0475 33.9225 -33.0413 -42.2427 -18.8763 -38.2753 8.6970 -26.6157 -45.1832 29.3809 -30.6924 -48.6605 -5.0790 -36.3370 28.4296 -48.7920 -31.7995 19.8503 -41.8447 -24.8765 -5.6838 -35.9331 -6.6667 -48.6905 -31.8172 29.1907 -45.1821 -26.6146 8.6970 -38.2753 -18.8763 -42.2427 -33.0413 33.9225 -48.0475 -28.5936 18.3385 -41.5673 -24.1989 -12.2421 -34.6806 -2.3571 -48.7437 -30.7917 28.5559 -44.9524 -26.4957 7.9995 -38.0812 -18.4314 -43.0815 -32.9290 34.3464 -47.9225 -28.4823 17.8385 -41.3963 -24.0184 -13.9616 -34.4943 -0.8372 -48.7568 -30.7052 28.1775 -44.8408 -26.4376 7.6753 -38.6840
7.4626 -26.4637 -44.8949 28.3480 -30.7296 -48.7536 -1.3301 -34.5563 -13.4072 -24.0753 -41.4502 17.9899 -28.5131 -47.9570 34.2499 -32.9544 -42.9006 -18.5260 -38.1192 8.1334 -26.5177 -44.9921 28.6828 -30.8185 -48.7379 -2.7706 -34.7299 -11.8094 -24.2423 -41.6079 18.4528 -28.6189 -48.0743 33.8123 -33.0639 -42.0584 -18.9639 -38.3096 8.7921 -26.6269 -45.1934 29.3806 -30.3974 -48.1630 -5.8724 -31.4078 5.5189 -36.1035 -15.1011 -44.6865 -33.5837 34.9286 -43.0613 -27.3566 9.9537 -42.3920 -16.0269 -42.6500 -32.2695 29.0348 -45.1935 -26.6257 8.7921 -38.3096 -18.9639 -42.0584 -33.0639 33.8123 -48.0743 -28.6189 18.4528 -41.6079 -24.2423 -11.8094 -34.7299 -2.7706 -48.7379 -30.8185 28.6828 -44.9921 -26.5177 8.1334 -38.1192 -18.5249 -42.9108 -32.9525 34.2490 -47.9570 -28.5136 17.9804 -41.4468 -24.0743 -13.4107 -34.5560 -1.3992 -48.7530 -30.7372 28.3375 -44.8909 -26.4619 7.4603
-24.9682 -44.9438 28.5058 -30.7609 -48.7489 -1.8408 -34.6184 -12.8524 -24.1311 -41.5008 18.1323 -28.5448 -47.9919 34.1405 -32.9814 -42.6984 -18.6271 -38.1572 8.2664 -26.5397 -45.0317 28.8095 -30.8452 -48.7311 -3.1736 -34.7789 -11.3816 -24.2853 -41.6484 18.5673 -28.6443 -48.1008 33.6946 -33.0864 -41.8704 -19.0520 -38.3478 8.9189 -26.6469 -45.2228 29.4335 -30.7515 -48.2120 -48.8446 -21.0953 -12.9077 22.8450 -42.9982 -25.3066 22.3289 -52.1140 -18.1136 -20.8641 -56.4415 24.1462 37.6114 -41.1060 -42.6186 -45.5216 -32.3949 29.1930 -45.2235 -26.6465 8.9189 -38.3478 -19.0520 -41.8704 -33.0864 33.6946 -48.1008 -28.6443 18.5673 -41.6484 -24.2853 -11.3816 -34.7789 -3.1736 -48.7311 -30.8452 28.8095 -45.0317 -26.5397 8.2664 -38.1577 -18.6257 -42.7102 -32.9791 34.1407 -47.9917 -28.5442 18.1315 -41.5006 -24.1310 -12.8526 -34.6184 -1.9145 -48.7482 -30.7675 28.4983 -44.9404 -24.9665
-45.0073 28.6514 -30.7941 -48.7427 -2.3625 -34.6817 -12.3007 -24.1861 -41.5515 18.2748 -28.5764 -48.0261 34.0204 -33.0062 -42.4905 -18.7342 -38.1984 8.4007 -26.5618 -45.0712 28.9359 -30.8719 -48.7233 -3.5662 -34.8277 -10.9589 -24.3278 -41.6890 18.6818 -28.6697 -48.1269 33.5693 -33.1088 -41.6786 -19.1392 -38.3860 9.0470 -26.6692 -45.2616 29.5423 -31.0415 -48.6105 -18.9221 -69.5318 -36.8508 -46.8565 -57.2445 -16.5937 -28.1514 -49.0646 -26.2090 -25.4965 -43.0094 23.8735 -49.7662 32.4236 -62.6471 -13.4590 -18.0123 -41.3528 -32.1810 29.4861 -45.2621 -26.6692 9.0470 -38.3860 -19.1392 -41.6786 -33.1088 33.5693 -48.1269 -28.6697 18.6818 -41.6890 -24.3278 -10.9589 -34.8277 -3.5662 -48.7233 -30.8719 28.9359 -45.0712 -26.5618 8.4006 -38.1998 -18.7342 -42.4913 -33.0077 34.0291 -48.0240 -28.5739 18.2749 -41.5515 -24.1861 -12.3007 -34.6805 -2.4084 -48.7421 -30.7963 28.6543 -45.0083
