5.8213 -24.7349 -44.7329 27.7625 -29.8730 -48.7859 -7.4623 -35.6830 -14.9102 -22.5498 -41.9441 18.8125 -27.5535 -47.9790 24.9644 -33.0717 -41.9192 -18.9298 -39.2760 9.8612 -25.4313 -45.6417 30.2951 -30.6813 -48.5718 -12.1206 -36.7281 -4.8058 -23.4241 -42.8753 21.8198 -28.3144 -48.4664 13.5028 -33.8006 -35.8113 -20.3268 -40.1499 12.9965 -26.1217 -46.5150 31.6468 -31.4827 -47.6379 -15.0851 -37.5743 11.4516 -35.1088 0.6983 -48.6882 -29.0853 24.8619 -43.8129 -24.1445 1.8625 -37.6271 -15.0862 -47.6291 -31.4914 31.6466 -46.5148 -26.1205 12.9815 -40.1497 -20.3316 -35.7673 -33.8109 13.5811 -48.4678 -28.3127 21.8048 -42.8751 -23.4252 -4.7582 -36.7336 -12.1017 -48.5723 -30.6792 30.2851 -45.6417 -25.4306 9.8799 -39.2806 -18.9237 -41.9237 -33.0695 25.0089 -47.9794 -27.5525 18.8294 -41.9491 -22.5483 -14.9144 -35.6818 -7.4623 -48.7859 -29.8730 27.7625 -44.7329 -24.7349 5.8213
-24.7349 -44.6706 27.7387 -30.4735 -48.7596 -0.8087 -34.5602 -12.8528 -24.1848 -41.5917 18.5225 -28.5811 -48.1489 33.2544 -32.8354 -40.8453 -19.5748 -38.6203 9.9381 -26.8382 -45.6261 30.8276 -31.1027 -48.4215 -9.3071 -35.7384 -3.5555 -25.1439 -42.6127 21.4734 -29.2054 -48.6829 26.6036 -33.2740 -34.1786 -21.4280 -39.5962 12.9129 -27.4029 -46.5729 33.4885 -31.7158 -47.2892 -14.0601 -36.7547 1.9037 -30.1490 -24.0292 -33.6805 13.3950 -48.9018 -29.8347 24.5572 -43.6417 -25.8024 2.4877 -36.7475 -14.0866 -47.2781 -31.7256 33.4823 -46.5723 -27.4031 12.9047 -39.5962 -21.4371 -34.1232 -33.2869 26.6357 -48.6833 -29.2062 21.4649 -42.6128 -25.1466 -3.5053 -35.7434 -9.2883 -48.4220 -31.1042 30.8192 -45.6263 -26.8382 9.9588 -38.6242 -19.5692 -40.8497 -32.8379 33.2653 -48.1496 -28.5806 18.5417 -41.5952 -24.1828 -12.8528 -34.5602 -0.8087 -48.7596 -30.4735 27.7387 -44.6706 -24.7349
-44.7329 27.7387 -30.6255 -48.7603 -0.3215 -34.5116 -13.3290 -24.1326 -41.5449 18.3896 -28.6332 -48.1174 33.4748 -33.1424 -41.1056 -19.4755 -38.5760 9.7957 -26.8265 -45.5777 30.6750 -31.2708 -48.4545 -8.9789 -35.6872 -3.9019 -25.0957 -42.5616 21.3167 -29.2808 -48.6634 27.1513 -33.6492 -34.5527 -21.3540 -39.5469 12.7629 -27.4106 -46.5276 33.3886 -31.9283 -47.3638 -13.8804 -36.7016 2.2915 -25.8834 -45.0590 -23.2931 -24.8583 -34.0440 14.2486 -48.9018 -29.9407 24.4004 -43.5915 -25.7563 2.2450 -36.7017 -13.9035 -47.3583 -31.9317 33.3879 -46.5276 -27.4108 12.7629 -39.5469 -21.3630 -34.5253 -33.6539 27.1531 -48.6634 -29.2815 21.3167 -42.5615 -25.0982 -3.8761 -35.6882 -8.9775 -48.4546 -31.2722 30.6750 -45.5777 -26.8264 9.8063 -38.5763 -19.4747 -41.1058 -33.1448 33.4748 -48.1173 -28.6326 18.3991 -41.5449 -24.1326 -13.3290 -34.5116 -0.3215 -48.7603 -30.6255 27.7387 -44.7329
27.7625 -30.4735 -48.7603 -0.1113 -34.4829 -13.6713 -24.0909 -41.5010 18.2640 -28.6069 -48.0881 33.6292 -33.1191 -41.3592 -19.3698 -38.5304 9.6509 -26.7980 -45.5292 30.5215 -31.2407 -48.4858 -8.6579 -35.6347 -4.2610 -25.0557 -42.5105 21.1652 -29.2505 -48.6425 27.6234 -33.6329 -34.9255 -21.2740 -39.4978 12.6174 -27.3825 -46.4822 33.2750 -31.9010 -47.4370 -13.6987 -36.6563 1.9902 -25.7291 -43.3566 31.3935 -40.3764 -22.8279 -25.3887 -34.0254 14.9625 -48.8992 -29.9094 24.2440 -43.5406 -25.7319 1.9914 -36.6557 -13.7097 -47.4373 -31.8990 33.2747 -46.4821 -27.3825 12.6173 -39.4975 -21.2784 -34.9268 -33.6304 27.6219 -48.6425 -29.2505 21.1651 -42.5102 -25.0571 -4.2624 -35.6320 -8.6582 -48.4858 -31.2407 30.5214 -45.5289 -26.7983 9.6503 -38.5277 -19.3694 -41.3591 -33.1189 33.6291 -48.0881 -28.6068 18.2640 -41.5010 -24.0909 -13.6713 -34.4829 -0.1113 -48.7603 -30.4735 27.7625
-29.8730 -48.7596 -0.3215 -34.4829 -13.7905 -24.0685 -41.4707 18.1597 -28.5818 -48.0610 33.7524 -33.0918 -41.5904 -19.2640 -38.4824 9.5024 -26.7715 -45.4812 30.3696 -31.2089 -48.5135 -8.3333 -35.5796 -4.6316 -25.0152 -42.4595 21.0166 -29.2190 -48.6220 28.0687 -33.6115 -35.2947 -21.1934 -39.4487 12.4740 -27.3537 -46.4390 33.1602 -31.8704 -47.5084 -13.5136 -36.6098 1.7392 -25.7056 -43.5015 23.6725 -33.4778 15.2120 -40.4496 -22.7581 -25.9627 -34.0045 15.6811 -48.8957 -29.8762 24.0899 -43.4926 -25.7065 1.7359 -36.6104 -13.5130 -47.5130 -31.8665 33.1598 -46.4391 -27.3536 12.4731 -39.4493 -21.1937 -35.3184 -33.6071 28.0675 -48.6220 -29.2189 21.0156 -42.4602 -25.0162 -4.6559 -35.5757 -8.3334 -48.5135 -31.2088 30.3686 -45.4813 -26.7720 9.4929 -38.4800 -19.2643 -41.5916 -33.0918 33.7524 -48.0609 -28.5818 18.1597 -41.4707 -24.0685 -13.7905 -34.4829 -0.3215 -48.7596 -29.8730
-48.7859 -0.8087 -34.5116 -13.6713 -24.0685 -41.4606 18.1028 -28.5627 -48.0363 33.8645 -33.0668 -41.8042 -19.1694 -38.4376 9.3537 -26.7476 -45.4382 30.2269 -31.1757 -48.5411 -8.0142 -35.5230 -5.0312 -24.9741 -42.4083 20.8682 -29.1865 -48.5997 28.4777 -33.5852 -35.6762 -21.1114 -39.3995 12.3302 -27.3243 -46.3932 33.0479 -31.8363 -47.5811 -13.3230 -36.5629 1.4785 -25.6802 -43.4384 23.9654 -30.2442 -48.4508 -28.9930 15.1919 -40.3984 -22.6849 -26.5003 -33.9904 16.4399 -48.8911 -29.8421 23.9432 -43.4414 -25.6792 1.4817 -36.5667 -13.3107 -47.5860 -31.8323 33.0477 -46.3930 -27.3228 12.3320 -39.4036 -21.1078 -35.7022 -33.5806 28.4761 -48.5995 -29.1847 20.8700 -42.4126 -24.9747 -5.0590 -35.5189 -8.0148 -48.5413 -31.1736 30.2260 -45.4385 -26.7479 9.3450 -38.4376 -19.1693 -41.8042 -33.0668 33.8645 -48.0363 -28.5627 18.1028 -41.4606 -24.0685 -13.6713 -34.5116 -0.8087 -48.7859
-7.4623 -34.5602 -13.3290 -24.0909 -41.4707 18.1028 -28.5564 -48.0227 33.9434 -33.0445 -41.9932 -19.0811 -38.3987 9.2166 -26.7252 -45.3986 30.1013 -31.1427 -48.5667 -7.6639 -35.4662 -5.4428 -24.9317 -42.3582 20.7196 -29.1538 -48.5767 28.8949 -33.5614 -36.0523 -21.0251 -39.3514 12.1853 -27.2947 -46.3472 32.9266 -31.8037 -47.6515 -13.1180 -36.5163 1.2132 -25.6532 -43.3907 23.7783 -29.7934 -48.6378 -8.3904 -46.5993 -27.8913 15.0457 -40.3517 -22.6138 -27.0011 -33.9779 17.1895 -48.8853 -29.8094 23.7871 -43.3873 -25.6522 1.2358 -36.5226 -13.1038 -47.6566 -31.8001 32.9259 -46.3442 -27.2927 12.1976 -39.3580 -21.0209 -36.0800 -33.5573 28.8969 -48.5752 -29.1506 20.7321 -42.3651 -24.9322 -5.4739 -35.4633 -7.6663 -48.5672 -31.1411 30.1012 -45.3986 -26.7252 9.2166 -38.3987 -19.0811 -41.9932 -33.0445 33.9434 -48.0227 -28.5564 18.1028 -41.4707 -24.0909 -13.3290 -34.5602 -7.4623
-35.6830 -12.8528 -24.1326 -41.5010 18.1597 -28.5627 -48.0227 33.9694 -33.0332 -42.1298 -19.0021 -38.3611 9.0895 -26.7028 -45.3595 29.9778 -31.1140 -48.5880 -7.3283 -35.4132 -5.8428 -24.8891 -42.3106 20.5738 -29.1201 -48.5527 29.2952 -33.5373 -36.4205 -20.9375 -39.3058 12.0433 -27.2643 -46.3006 32.8027 -31.7711 -47.7192 -12.9071 -36.4715 0.9486 -25.6243 -43.3393 23.6330 -29.7802 -48.9071 20.1414 -35.7904 34.8372 -47.1976 -27.8646 14.9146 -40.3016 -22.5447 -27.4898 -33.9643 17.9308 -48.8788 -29.7787 23.6227 -43.3364 -25.6248 0.9849 -36.4774 -12.8912 -47.7233 -31.7710 32.7946 -46.2981 -27.2634 12.0626 -39.3118 -20.9323 -36.4432 -33.5381 29.3226 -48.5515 -29.1178 20.5935 -42.3169 -24.8894 -5.8693 -35.4131 -7.3281 -48.5883 -31.1140 29.9778 -45.3595 -26.7028 9.0895 -38.3611 -19.0021 -42.1298 -33.0332 33.9694 -48.0227 -28.5627 18.1597 -41.5010 -24.1326 -12.8528 -35.6818
-14.9102 -24.1848 -41.5449 18.2640 -28.5818 -48.0363 33.9434 -33.0332 -42.1758 -18.9579 -38.3331 8.9743 -26.6807 -45.3204 29.8541 -31.0873 -48.6064 -7.0287 -35.3663 -6.2181 -24.8497 -42.2656 20.4444 -29.0897 -48.5284 29.6812 -33.5128 -36.7813 -20.8490 -39.2603 11.9080 -27.2342 -46.2520 32.6752 -31.7383 -47.7844 -12.6913 -36.4263 0.6924 -25.5953 -43.2858 23.4770 -29.7461 -48.8690 18.4357 -34.3146 -4.9468 -33.6351 34.5908 -47.1458 -27.8338 14.7737 -40.2490 -22.4760 -27.9817 -33.9481 18.6447 -48.8713 -29.7469 23.4684 -43.2858 -25.5965 0.7262 -36.4293 -12.6777 -47.7847 -31.7399 32.6683 -46.2520 -27.2339 11.9257 -39.2630 -20.8441 -36.7832 -33.5155 29.7028 -48.5284 -29.0885 20.4558 -42.2684 -24.8494 -6.2181 -35.3662 -7.0287 -48.6064 -31.0873 29.8541 -45.3204 -26.6807 8.9743 -38.3331 -18.9579 -42.1758 -33.0332 33.9434 -48.0363 -28.5818 18.2640 -41.5449 -24.1828 -14.9144
-22.5498 -41.5917 18.3896 -28.6069 -48.0610 33.8645 -33.0445 -42.1298 -18.9579 -38.3236 8.9102 -26.6643 -45.2850 29.7319 -31.0607 -48.6234 -6.7265 -35.3199 -6.5684 -24.8127 -42.2243 20.3251 -29.0640 -48.5065 30.0254 -33.4939 -37.1166 -20.7602 -39.2147 11.7715 -27.2050 -46.2052 32.5403 -31.7075 -47.8472 -12.4704 -36.3806 0.4312 -25.5662 -43.2345 23.3152 -29.7142 -48.8626 19.3216 -33.9016 -29.8346 -26.8829 -46.1462 -32.3463 34.5318 -47.1044 -27.8053 14.6256 -40.1989 -22.4057 -28.4943 -33.9270 19.3143 -48.8626 -29.7142 23.3152 -43.2345 -25.5671 0.4472 -36.3807 -12.4691 -47.8472 -31.7075 32.5404 -46.2051 -27.2047 11.7797 -39.2143 -20.7594 -37.1183 -33.4941 30.0255 -48.5065 -29.0633 20.3267 -42.2243 -24.8127 -6.5684 -35.3199 -6.7265 -48.6234 -31.0607 29.7319 -45.2850 -26.6643 8.9102 -38.3236 -18.9579 -42.1298 -33.0445 33.8645 -48.0609 -28.6068 18.3991 -41.5952 -22.5483
-41.9441 18.5225 -28.6332 -48.0881 33.7524 -33.0668 -41.9932 -19.0021 -38.3331 8.9102 -26.6587 -45.2654 29.6406 -31.0354 -48.6391 -6.4167 -35.2733 -6.9244 -24.7758 -42.1835 20.2077 -29.0381 -48.4860 30.3124 -33.4762 -37.4184 -20.6794 -39.1689 11.6352 -27.1784 -46.1611 32.4101 -31.6766 -47.9066 -12.2432 -36.3340 0.1647 -25.5363 -43.1835 23.1605 -29.6828 -48.8532 20.0122 -33.9140 -28.8595 -22.2413 -41.2269 -15.9487 -46.1360 -32.3236 34.4721 -47.0647 -27.7771 14.4844 -40.1490 -22.3317 -28.9971 -33.9084 20.0104 -48.8532 -29.6828 23.1604 -43.1832 -25.5369 0.1637 -36.3312 -12.2432 -47.9066 -31.6767 32.4100 -46.1608 -27.1783 11.6352 -39.1678 -20.6786 -37.4185 -33.4761 30.3124 -48.4860 -29.0381 20.2077 -42.1835 -24.7758 -6.9244 -35.2733 -6.4167 -48.6391 -31.0354 29.6406 -45.2654 -26.6587 8.9102 -38.3331 -19.0021 -41.9932 -33.0668 33.7524 -48.0881 -28.6326 18.5417 -41.9491
18.8125 -28.5811 -48.1174 33.6292 -33.0918 -41.8042 -19.0811 -38.3611 8.9743 -26.6643 -45.2654 29.6094 -31.0221 -48.6501 -6.1310 -35.2271 -7.2867 -24.7385 -42.1428 20.0907 -29.0123 -48.4653 30.5841 -33.4561 -37.6904 -20.6041 -39.1261 11.5065 -27.1550 -46.1204 32.2924 -31.6437 -47.9610 -12.0145 -36.2843 -0.1117 -25.5057 -43.1325 23.0070 -29.6510 -48.8431 20.6848 -33.8938 -29.4685 -22.2716 -39.9640 20.5223 -37.1877 -15.8545 -46.2676 -32.2888 34.4107 -47.0244 -27.7474 14.3432 -40.1002 -22.2576 -29.4956 -33.8893 20.6834 -48.8431 -29.6508 23.0060 -43.1332 -25.5068 -0.1277 -36.2812 -12.0147 -47.9613 -31.6439 32.2921 -46.1202 -27.1550 11.5065 -39.1256 -20.6041 -37.6904 -33.4561 30.5841 -48.4653 -29.0123 20.0907 -42.1428 -24.7385 -7.2867 -35.2271 -6.1310 -48.6501 -31.0221 29.6094 -45.2654 -26.6643 8.9743 -38.3611 -19.0811 -41.8042 -33.0918 33.6291 -48.1173 -28.5806 18.8294
-27.5535 -48.1489 33.4748 -33.1191 -41.5904 -19.1694 -38.3987 9.0895 -26.6807 -45.2850 29.6406 -31.0221 -48.6537 -5.9694 -35.1925 -7.6182 -24.7013 -42.1021 19.9738 -28.9865 -48.4441 30.8457 -33.4359 -37.9571 -20.5300 -39.0867 11.3874 -27.1319 -46.0826 32.1828 -31.6130 -48.0136 -11.7933 -36.2343 -0.4096 -25.4756 -43.0841 22.8556 -29.6181 -48.8315 21.3126 -33.8714 -29.9534 -22.1850 -40.0599 13.8200 -31.9769 4.3672 -37.1779 -15.6807 -46.3816 -32.2553 34.3446 -46.9811 -27.7158 14.2053 -40.0540 -22.1825 -29.9868 -33.8667 21.3106 -48.8314 -29.6162 22.8557 -43.0856 -25.4760 -0.4242 -36.2332 -11.7921 -48.0137 -31.6130 32.1826 -46.0826 -27.1319 11.3874 -39.0867 -20.5300 -37.9571 -33.4359 30.8457 -48.4441 -28.9865 19.9738 -42.1021 -24.7013 -7.6182 -35.1925 -5.9694 -48.6537 -31.0221 29.6406 -45.2850 -26.6807 9.0895 -38.3987 -19.1693 -41.5916 -33.1189 33.4748 -48.1496 -27.5525
-47.9790 33.2544 -33.1424 -41.3592 -19.2640 -38.4376 9.2166 -26.7028 -45.3204 29.7319 -31.0354 -48.6501 -5.9694 -35.1807 -7.8044 -24.6734 -42.0655 19.8589 -28.9607 -48.4225 31.0972 -33.4156 -38.2191 -20.4554 -39.0478 11.2696 -27.1088 -46.0449 32.0738 -31.5863 -48.0598 -11.5792 -36.1897 -0.6937 -25.4470 -43.0399 22.7205 -29.5843 -48.8191 21.9626 -33.8517 -30.4367 -22.1096 -40.0008 14.0930 -27.9463 -48.1131 -26.7101 4.3785 -37.1303 -15.5218 -46.4933 -32.2241 34.2700 -46.9353 -27.6847 14.0742 -40.0077 -22.1066 -30.4725 -33.8475 21.9657 -48.8172 -29.5827 22.7215 -43.0405 -25.4466 -0.6934 -36.1892 -11.5792 -48.0598 -31.5863 32.0738 -46.0449 -27.1088 11.2696 -39.0478 -20.4554 -38.2191 -33.4156 31.0972 -48.4225 -28.9607 19.8589 -42.0655 -24.6734 -7.8044 -35.1807 -5.9694 -48.6501 -31.0354 29.7319 -45.3204 -26.7028 9.2166 -38.4376 -19.2643 -41.3591 -33.1448 33.2653 -47.9794
24.9644 -32.8354 -41.1056 -19.3698 -38.4824 9.3537 -26.7252 -45.3595 29.8541 -31.0607 -48.6391 -6.1310 -35.1925 -7.8044 -24.6638 -42.0451 19.7734 -28.9370 -48.4003 31.3389 -33.3951 -38.4763 -20.3801 -39.0090 11.1514 -27.0856 -46.0072 31.9637 -31.5600 -48.1008 -11.3787 -36.1481 -0.9449 -25.4191 -42.9990 22.5968 -29.5540 -48.8061 22.5905 -33.8336 -30.9121 -22.0330 -39.9549 13.9231 -27.6444 -46.5992 32.1922 -43.6320 -25.9686 4.1553 -37.0867 -15.3582 -46.5995 -32.1961 34.1865 -46.8919 -27.6545 13.9428 -39.9609 -22.0289 -30.9417 -33.8318 22.6060 -48.8045 -29.5539 22.5968 -42.9990 -25.4191 -0.9449 -36.1481 -11.3787 -48.1008 -31.5600 31.9637 -46.0072 -27.0856 11.1514 -39.0090 -20.3801 -38.4763 -33.3951 31.3389 -48.4003 -28.9370 19.7734 -42.0451 -24.6638 -7.8044 -35.1925 -6.1310 -48.6391 -31.0607 29.8541 -45.3595 -26.7252 9.3450 -38.4800 -19.3694 -41.1058 -32.8379 25.0089
-33.0717 -40.8453 -19.4755 -38.5304 9.5024 -26.7476 -45.3986 29.9778 -31.0873 -48.6234 -6.4167 -35.2271 -7.6182 -24.6734 -42.0451 19.7443 -28.9241 -48.3834 31.5479 -33.3725 -38.7289 -20.3042 -38.9702 11.0329 -27.0626 -45.9694 31.8525 -31.5336 -48.1403 -11.1771 -36.1067 -1.1971 -25.3916 -42.9583 22.4751 -29.5273 -48.7938 23.1380 -33.8182 -31.3516 -21.9592 -39.9084 13.7923 -27.6262 -46.8649 33.9194 -34.8474 25.4326 -43.9660 -25.9434 3.9518 -37.0409 -15.1945 -46.6980 -32.1660 34.1031 -46.8481 -27.6251 13.8095 -39.9112 -21.9552 -31.3524 -33.8180 23.1455 -48.7938 -29.5273 22.4751 -42.9583 -25.3916 -1.1971 -36.1067 -11.1771 -48.1403 -31.5336 31.8525 -45.9694 -27.0626 11.0329 -38.9702 -20.3042 -38.7289 -33.3725 31.5479 -48.3834 -28.9241 19.7443 -42.0451 -24.6734 -7.6182 -35.2271 -6.4167 -48.6234 -31.0873 29.9778 -45.3986 -26.7479 9.4929 -38.5277 -19.4747 -40.8497 -33.0695
-41.9192 -19.5748 -38.5760 9.6509 -26.7715 -45.4382 30.1013 -31.1140 -48.6064 -6.7265 -35.2733 -7.2867 -24.7013 -42.0655 19.7734 -28.9241 -48.3778 31.6607 -33.3550 -38.9525 -20.2288 -38.9314 10.9139 -27.0395 -45.9315 31.7403 -31.5073 -48.1784 -10.9713 -36.0650 -1.4539 -25.3635 -42.9175 22.3537 -29.5011 -48.7819 23.6272 -33.8039 -31.7282 -21.8906 -39.8649 13.6675 -27.5995 -46.8055 34.0351 -32.6273 -38.3984 -31.4899 25.4008 -43.9081 -25.9161 3.7343 -36.9952 -15.0352 -46.7989 -32.1343 34.0204 -46.8067 -27.5990 13.6753 -39.8649 -21.8906 -31.7286 -33.8039 23.6272 -48.7819 -29.5011 22.3537 -42.9175 -25.3635 -1.4539 -36.0650 -10.9713 -48.1784 -31.5073 31.7403 -45.9315 -27.0395 10.9139 -38.9314 -20.2288 -38.9525 -33.3550 31.6607 -48.3778 -28.9241 19.7734 -42.0655 -24.7013 -7.2867 -35.2733 -6.7265 -48.6064 -31.1140 30.1012 -45.4385 -26.7720 9.6503 -38.5763 -19.5692 -41.9237
-18.9298 -38.6203 9.7957 -26.7980 -45.4812 30.2269 -31.1427 -48.5880 -7.0287 -35.3199 -6.9244 -24.7385 -42.1021 19.8589 -28.9370 -48.3834 31.6607 -33.3498 -39.0750 -20.1721 -38.8966 10.7964 -27.0165 -45.8934 31.6270 -31.4809 -48.2150 -10.7612 -36.0230 -1.7153 -25.3349 -42.8767 22.2325 -29.4748 -48.7695 24.0976 -33.7872 -32.0915 -21.8269 -39.8249 13.5529 -27.5755 -46.7709 33.9397 -32.0846 -47.1378 -21.1750 -48.7797 -30.1151 25.2246 -43.8545 -25.8906 3.5116 -36.9489 -14.8721 -46.8904 -32.1078 33.9407 -46.7709 -27.5753 13.5529 -39.8249 -21.8269 -32.0915 -33.7872 24.0976 -48.7695 -29.4748 22.2325 -42.8767 -25.3349 -1.7153 -36.0230 -10.7612 -48.2150 -31.4809 31.6270 -45.8934 -27.0165 10.7964 -38.8966 -20.1721 -39.0750 -33.3498 31.6607 -48.3834 -28.9370 19.8589 -42.1021 -24.7385 -6.9244 -35.3199 -7.0287 -48.5883 -31.1411 30.2260 -45.4813 -26.7983 9.8063 -38.6242 -18.9237
-39.2760 9.9381 -26.8265 -45.5292 30.3696 -31.1757 -48.5667 -7.3283 -35.3663 -6.5684 -24.7758 -42.1428 19.9738 -28.9607 -48.4003 31.5479 -33.3550 -39.0750 -20.1528 -38.8772 10.7085 -26.9957 -45.8558 31.5127 -31.4545 -48.2503 -10.5467 -35.9806 -1.9816 -25.3058 -42.8359 22.1115 -29.4486 -48.7565 24.5567 -33.7702 -32.4491 -21.7629 -39.7854 13.4398 -27.5516 -46.7354 33.8649 -32.0864 -46.9428 -14.2493 -37.7566 12.3391 -48.9171 -30.0880 25.0671 -43.8072 -25.8678 3.2959 -36.9057 -14.7206 -46.9680 -32.0835 33.8649 -46.7354 -27.5516 13.4398 -39.7854 -21.7629 -32.4491 -33.7702 24.5567 -48.7565 -29.4486 22.1115 -42.8359 -25.3058 -1.9816 -35.9806 -10.5467 -48.2503 -31.4545 31.5127 -45.8558 -26.9957 10.7085 -38.8772 -20.1528 -39.0750 -33.3550 31.5479 -48.4003 -28.9607 19.9738 -42.1428 -24.7758 -6.5684 -35.3662 -7.3281 -48.5672 -31.1736 30.3686 -45.5289 -26.8264 9.9588 -39.2806
9.8612 -26.8382 -45.5777 30.5215 -31.2089 -48.5411 -7.6639 -35.4132 -6.2181 -24.8127 -42.1835 20.0907 -28.9865 -48.4225 31.3389 -33.3725 -38.9525 -20.1721 -38.8772 10.6785 -26.9843 -45.8276 31.4090 -31.4271 -48.2842 -10.3276 -35.9380 -2.2528 -25.2761 -42.7951 21.9908 -29.4225 -48.7430 25.0043 -33.7530 -32.8014 -21.6984 -39.7459 13.3265 -27.5277 -46.6999 33.7869 -32.0578 -47.0431 -14.6258 -36.7649 10.8188 -34.5257 11.4496 -48.8996 -30.0538 24.9305 -43.7661 -25.8465 3.0964 -36.8684 -14.5786 -47.0419 -32.0578 33.7869 -46.6999 -27.5277 13.3265 -39.7459 -21.6984 -32.8014 -33.7530 25.0043 -48.7430 -29.4225 21.9908 -42.7951 -25.2761 -2.2528 -35.9380 -10.3276 -48.2842 -31.4271 31.4090 -45.8276 -26.9843 10.6785 -38.8772 -20.1721 -38.9525 -33.3725 31.3389 -48.4225 -28.9865 20.0907 -42.1835 -24.8127 -6.2181 -35.4131 -7.6663 -48.5413 -31.2088 30.5214 -45.5777 -26.8382 9.8799
-25.4313 -45.6261 30.6750 -31.2407 -48.5135 -8.0142 -35.4662 -5.8428 -24.8497 -42.2243 20.2077 -29.0123 -48.4441 31.0972 -33.3951 -38.7289 -20.2288 -38.8966 10.7085 -26.9843 -45.8181 31.3511 -31.4063 -48.3135 -10.1075 -35.8951 -2.5291 -25.2460 -42.7543 21.8703 -29.3963 -48.7290 25.4404 -33.7357 -33.1485 -21.6333 -39.7065 13.2131 -27.5039 -46.6642 33.7066 -32.0321 -47.1138 -14.4323 -36.8425 2.2691 -30.1374 -24.0167 -34.0727 12.2949 -48.9024 -30.0248 24.8044 -43.7254 -25.8257 2.9099 -36.8318 -14.4346 -47.1138 -32.0321 33.7066 -46.6642 -27.5039 13.2131 -39.7065 -21.6333 -33.1485 -33.7357 25.4404 -48.7290 -29.3963 21.8703 -42.7543 -25.2460 -2.5291 -35.8951 -10.1075 -48.3135 -31.4063 31.3511 -45.8181 -26.9843 10.7085 -38.8966 -20.2288 -38.7289 -33.3951 31.0972 -48.4441 -29.0123 20.2077 -42.2243 -24.8494 -5.8693 -35.4633 -8.0148 -48.5135 -31.2407 30.6750 -45.6263 -25.4306
-45.6417 30.8276 -31.2708 -48.4858 -8.3333 -35.5230 -5.4428 -24.8891 -42.2656 20.3251 -29.0381 -48.4653 30.8457 -33.4156 -38.4763 -20.3042 -38.9314 10.7964 -26.9957 -45.8276 31.3511 -31.3997 -48.3294 -9.9403 -35.8561 -2.8060 -25.2153 -42.7135 21.7501 -29.3702 -48.7144 25.8650 -33.7181 -33.4903 -21.5677 -39.6671 13.0995 -27.4801 -46.6283 33.6240 -32.0064 -47.1838 -14.2884 -36.7947 2.7843 -25.9253 -45.0765 -23.3504 -23.9132 -34.0771 12.9715 -48.9026 -29.9982 24.6789 -43.6847 -25.8052 2.7208 -36.7952 -14.2884 -47.1838 -32.0064 33.6240 -46.6283 -27.4801 13.0995 -39.6671 -21.5677 -33.4903 -33.7181 25.8650 -48.7144 -29.3702 21.7501 -42.7135 -25.2153 -2.8060 -35.8561 -9.9403 -48.3294 -31.3997 31.3511 -45.8276 -26.9957 10.7964 -38.9314 -20.3042 -38.4763 -33.4156 30.8457 -48.4653 -29.0381 20.3267 -42.2684 -24.8894 -5.4739 -35.5189 -8.3334 -48.4858 -31.2722 30.8192 -45.6417
30.2951 -31.1027 -48.4545 -8.6579 -35.5796 -5.0312 -24.9317 -42.3106 20.4444 -29.0640 -48.4860 30.5841 -33.4359 -38.2191 -20.3801 -38.9702 10.9139 -27.0165 -45.8558 31.4090 -31.4063 -48.3294 -9.8827 -35.8344 -3.0159 -25.1874 -42.6733 21.6301 -29.3441 -48.6994 26.2781 -33.7003 -33.8269 -21.5017 -39.6278 12.9857 -27.4564 -46.5923 33.5393 -31.9806 -47.2518 -14.1398 -36.7586 2.5257 -25.7841 -43.4607 31.5778 -40.4369 -22.9488 -24.4322 -34.0635 13.5971 -48.9022 -29.9717 24.5535 -43.6441 -25.7847 2.5289 -36.7586 -14.1398 -47.2518 -31.9806 33.5393 -46.5923 -27.4564 12.9857 -39.6278 -21.5017 -33.8269 -33.7003 26.2781 -48.6994 -29.3441 21.6301 -42.6733 -25.1874 -3.0159 -35.8344 -9.8827 -48.3294 -31.4063 31.4090 -45.8558 -27.0165 10.9139 -38.9702 -20.3801 -38.2191 -33.4359 30.5841 -48.4860 -29.0633 20.4558 -42.3169 -24.9322 -5.0590 -35.5757 -8.6582 -48.4546 -31.1042 30.2851
-30.6813 -48.4215 -8.9789 -35.6347 -4.6316 -24.9741 -42.3582 20.5738 -29.0897 -48.5065 30.3124 -33.4561 -37.9571 -20.4554 -39.0090 11.0329 -27.0395 -45.8934 31.5127 -31.4271 -48.3135 -9.9403 -35.8344 -3.0880 -25.1717 -42.6434 21.5222 -29.3177 -48.6838 26.6797 -33.6823 -34.1583 -21.4350 -39.5885 12.8717 -27.4327 -46.5562 33.4525 -31.9547 -47.3179 -13.9889 -36.7221 2.3343 -25.7647 -43.6186 24.0221 -33.5167 15.4345 -40.5432 -22.8887 -24.8783 -34.0511 14.2197 -48.9011 -29.9452 24.4283 -43.6034 -25.7643 2.3343 -36.7221 -13.9889 -47.3179 -31.9547 33.4525 -46.5562 -27.4327 12.8717 -39.5885 -21.4350 -34.1583 -33.6823 26.6797 -48.6838 -29.3177 21.5222 -42.6434 -25.1717 -3.0880 -35.8344 -9.9403 -48.3135 -31.4271 31.5127 -45.8934 -27.0395 11.0329 -39.0090 -20.4554 -37.9571 -33.4561 30.3124 -48.5065 -29.0885 20.5935 -42.3651 -24.9747 -4.6559 -35.6320 -8.9775 -48.4220 -30.6792
-48.5718 -9.3071 -35.6872 -4.2610 -25.0152 -42.4083 20.7196 -29.1201 -48.5284 30.0254 -33.4762 -37.6904 -20.5300 -39.0478 11.1514 -27.0626 -45.9315 31.6270 -31.4545 -48.2842 -10.1075 -35.8561 -3.0159 -25.1717 -42.6332 21.4624 -29.2978 -48.6687 27.0633 -33.6642 -34.4844 -21.3679 -39.5492 12.7576 -27.4090 -46.5200 33.3637 -31.9289 -47.3821 -13.8354 -36.6856 2.1367 -25.7439 -43.5619 24.3447 -30.3184 -48.3867 -29.0569 15.4713 -40.5004 -22.8331 -25.3205 -34.0384 14.8386 -48.8992 -29.9186 24.3033 -43.5627 -25.7439 2.1367 -36.6856 -13.8354 -47.3821 -31.9289 33.3637 -46.5200 -27.4090 12.7576 -39.5492 -21.3679 -34.4844 -33.6642 27.0633 -48.6687 -29.2978 21.4624 -42.6332 -25.1717 -3.0159 -35.8561 -10.1075 -48.2842 -31.4545 31.6270 -45.9315 -27.0626 11.1514 -39.0478 -20.5300 -37.6904 -33.4761 30.0255 -48.5284 -29.1178 20.7321 -42.4126 -25.0162 -4.2624 -35.6882 -9.2883 -48.5723
-12.1206 -35.7384 -3.9019 -25.0557 -42.4595 20.8682 -29.1538 -48.5527 29.6812 -33.4939 -37.4184 -20.6041 -39.0867 11.2696 -27.0856 -45.9694 31.7403 -31.4809 -48.2503 -10.3276 -35.8951 -2.8060 -25.1874 -42.6434 21.4624 -29.2913 -48.6606 27.3421 -33.6452 -34.8002 -21.3002 -39.5099 12.6432 -27.3854 -46.4836 33.2729 -31.9030 -47.4445 -13.6795 -36.6490 1.9362 -25.7236 -43.5221 24.1765 -29.8750 -48.6756 -9.0963 -46.6866 -27.9523 15.3505 -40.4604 -22.7771 -25.7589 -34.0255 15.4528 -48.8967 -29.8922 24.1786 -43.5221 -25.7236 1.9362 -36.6490 -13.6795 -47.4445 -31.9030 33.2729 -46.4836 -27.3854 12.6432 -39.5099 -21.3002 -34.8002 -33.6452 27.3421 -48.6606 -29.2913 21.4624 -42.6434 -25.1874 -2.8060 -35.8951 -10.3276 -48.2503 -31.4809 31.7403 -45.9694 -27.0856 11.2696 -39.0867 -20.6041 -37.4185 -33.4941 29.7028 -48.5515 -29.1506 20.8700 -42.4602 -25.0571 -3.8761 -35.7434 -12.1017
-36.7281 -3.5555 -25.0957 -42.5105 21.0166 -29.1865 -48.5767 29.2952 -33.5128 -37.1166 -20.6794 -39.1261 11.3874 -27.1088 -46.0072 31.8525 -31.5073 -48.2150 -10.5467 -35.9380 -2.5291 -25.2153 -42.6733 21.5222 -29.2978 -48.6606 27.4358 -33.6360 -35.0326 -21.2387 -39.4713 12.5286 -27.3618 -46.4472 33.1803 -31.8770 -47.5050 -13.5209 -36.6122 1.7326 -25.7032 -43.4813 24.0540 -29.8678 -48.9221 18.3524 -35.8317 34.9444 -47.2865 -27.9338 15.2384 -40.4205 -22.7207 -26.1933 -34.0122 16.0616 -48.8934 -29.8657 24.0540 -43.4813 -25.7032 1.7326 -36.6122 -13.5209 -47.5050 -31.8770 33.1803 -46.4472 -27.3618 12.5286 -39.4713 -21.2387 -35.0326 -33.6360 27.4358 -48.6606 -29.2978 21.5222 -42.6733 -25.2153 -2.5291 -35.9380 -10.5467 -48.2150 -31.5073 31.8525 -46.0072 -27.1088 11.3874 -39.1256 -20.6786 -37.1183 -33.5155 29.3226 -48.5752 -29.1847 21.0156 -42.5102 -25.0982 -3.5053 -36.7336
-4.8058 -25.1439 -42.5616 21.1652 -29.2190 -48.5997 28.8949 -33.5373 -36.7813 -20.7602 -39.1689 11.5065 -27.1319 -46.0449 31.9637 -31.5336 -48.1784 -10.7612 -35.9806 -2.2528 -25.2460 -42.7135 21.6301 -29.3177 -48.6687 27.3421 -33.6360 -35.1111 -21.2044 -39.4426 12.4252 -27.3384 -46.4106 33.0858 -31.8510 -47.5638 -13.3595 -36.5749 1.5259 -25.6822 -43.4406 23.9296 -29.8392 -48.8868 16.4469 -34.3494 -4.0298 -33.6886 34.6943 -47.2450 -27.9093 15.1264 -40.3806 -22.6638 -26.6236 -33.9988 16.6644 -48.8895 -29.8392 23.9296 -43.4406 -25.6822 1.5259 -36.5749 -13.3595 -47.5638 -31.8510 33.0858 -46.4106 -27.3384 12.4252 -39.4426 -21.2044 -35.1111 -33.6360 27.3421 -48.6687 -29.3177 21.6301 -42.7135 -25.2460 -2.2528 -35.9806 -10.7612 -48.1784 -31.5336 31.9637 -46.0449 -27.1319 11.5065 -39.1678 -20.7594 -36.7832 -33.5381 28.8969 -48.5995 -29.2189 21.1651 -42.5615 -25.1466 -4.7582
-23.4241 -42.6127 21.3167 -29.2505 -48.6220 28.4777 -33.5614 -36.4205 -20.8490 -39.2147 11.6352 -27.1550 -46.0826 32.0738 -31.5600 -48.1403 -10.9713 -36.0230 -1.9816 -25.2761 -42.7543 21.7501 -29.3441 -48.6838 27.0633 -33.6452 -35.0326 -21.2044 -39.4328 12.3677 -27.3209 -46.3773 32.9911 -31.8250 -47.6209 -13.1954 -36.5373 1.3159 -25.6607 -43.3999 23.8055 -29.8128 -48.8848 17.2719 -33.9597 -28.4362 -27.0421 -45.8610 -32.4193 34.6605 -47.2121 -27.8849 15.0144 -40.3407 -22.6065 -27.0496 -33.9850 17.2604 -48.8848 -29.8128 23.8055 -43.3999 -25.6607 1.3159 -36.5373 -13.1954 -47.6209 -31.8250 32.9911 -46.3773 -27.3209 12.3677 -39.4328 -21.2044 -35.0326 -33.6452 27.0633 -48.6838 -29.3441 21.7501 -42.7543 -25.2761 -1.9816 -36.0230 -10.9713 -48.1403 -31.5600 32.0738 -46.0826 -27.1550 11.6352 -39.2143 -20.8441 -36.4432 -33.5573 28.4761 -48.6220 -29.2505 21.3167 -42.6128 -23.4252
-42.8753 21.4734 -29.2808 -48.6425 28.0687 -33.5852 -36.0523 -20.9375 -39.2603 11.7715 -27.1784 -46.1204 32.1828 -31.5863 -48.1008 -11.1771 -36.0650 -1.7153 -25.3058 -42.7951 21.8703 -29.3702 -48.6994 26.6797 -33.6642 -34.8002 -21.2387 -39.4426 12.3677 -27.3151 -46.3589 32.9194 -31.8000 -47.6753 -13.0284 -36.4993 1.1025 -25.6387 -43.3592 23.6816 -29.7863 -48.8795 17.8490 -33.9738 -27.3308 -22.4684 -41.3838 -16.3323 -45.8188 -32.4082 34.6235 -47.1787 -27.8605 14.9023 -40.3009 -22.5486 -27.4712 -33.9710 17.8490 -48.8795 -29.7863 23.6816 -43.3592 -25.6387 1.1025 -36.4993 -13.0284 -47.6753 -31.8000 32.9194 -46.3589 -27.3151 12.3677 -39.4426 -21.2387 -34.8002 -33.6642 26.6797 -48.6994 -29.3702 21.8703 -42.7951 -25.3058 -1.7153 -36.0650 -11.1771 -48.1008 -31.5863 32.1826 -46.1202 -27.1783 11.7797 -39.2630 -20.9323 -36.0800 -33.5806 28.0675 -48.6425 -29.2815 21.4649 -42.8751
21.8198 -29.2054 -48.6634 27.6234 -33.6115 -35.6762 -21.0251 -39.3058 11.9080 -27.2050 -46.1611 32.2924 -31.6130 -48.0598 -11.3787 -36.1067 -1.4539 -25.3349 -42.8359 21.9908 -29.3963 -48.7144 26.2781 -33.6823 -34.4844 -21.3002 -39.4713 12.4252 -27.3209 -46.3589 32.8948 -31.7870 -47.7148 -12.8755 -36.4615 0.8857 -25.6160 -43.3184 23.5579 -29.7599 -48.8735 18.4297 -33.9568 -27.8952 -22.5046 -40.1272 20.9569 -37.3029 -16.2598 -45.9297 -32.3832 34.5829 -47.1451 -27.8362 14.7903 -40.2610 -22.4904 -27.8883 -33.9568 18.4297 -48.8735 -29.7599 23.5579 -43.3184 -25.6160 0.8857 -36.4615 -12.8755 -47.7148 -31.7870 32.8948 -46.3589 -27.3209 12.4252 -39.4713 -21.3002 -34.4844 -33.6823 26.2781 -48.7144 -29.3963 21.9908 -42.8359 -25.3349 -1.4539 -36.1067 -11.3787 -48.0598 -31.6130 32.2921 -46.1608 -27.2047 11.9257 -39.3118 -21.0209 -35.7022 -33.6071 27.6219 -48.6634 -29.2062 21.8048
-28.3144 -48.6829 27.1513 -33.6329 -35.2947 -21.1114 -39.3514 12.0433 -27.2342 -46.2052 32.4101 -31.6437 -48.0136 -11.5792 -36.1481 -1.1971 -25.3635 -42.8767 22.1115 -29.4225 -48.7290 25.8650 -33.7003 -34.1583 -21.3679 -39.5099 12.5286 -27.3384 -46.3773 32.9194 -31.7870 -47.7281 -12.7895 -36.4332 0.6874 -25.5933 -43.2777 23.4344 -29.7335 -48.8669 19.0018 -33.9423 -28.3007 -22.4312 -40.2339 14.3055 -32.0404 4.9214 -37.3073 -16.1311 -46.0299 -32.3582 34.5388 -47.1114 -27.8119 14.6781 -40.2212 -22.4316 -28.3007 -33.9423 19.0018 -48.8669 -29.7335 23.4344 -43.2777 -25.5933 0.6874 -36.4332 -12.7895 -47.7281 -31.7870 32.9194 -46.3773 -27.3384 12.5286 -39.5099 -21.3679 -34.1583 -33.7003 25.8650 -48.7290 -29.4225 22.1115 -42.8767 -25.3635 -1.1971 -36.1481 -11.5792 -48.0137 -31.6439 32.4100 -46.2051 -27.2339 12.0626 -39.3580 -21.1078 -35.3184 -33.6304 27.1531 -48.6833 -28.3127
-48.4664 26.6036 -33.6492 -34.9255 -21.1934 -39.3995 12.1853 -27.2643 -46.2520 32.5403 -31.6766 -47.9610 -11.7933 -36.1897 -0.9449 -25.3916 -42.9175 22.2325 -29.4486 -48.7430 25.4404 -33.7181 -33.8269 -21.4350 -39.5492 12.6432 -27.3618 -46.4106 32.9911 -31.8000 -47.7148 -12.7895 -36.4235 0.5760 -25.5761 -43.2409 23.3131 -29.7071 -48.8596 19.5651 -33.9275 -28.7083 -22.3724 -40.1809 14.6034 -28.0546 -48.2102 -26.8026 4.9821 -37.2681 -16.0095 -46.1277 -32.3331 34.4913 -47.0774 -27.7877 14.5660 -40.1815 -22.3724 -28.7083 -33.9275 19.5651 -48.8596 -29.7071 23.3131 -43.2409 -25.5761 0.5760 -36.4235 -12.7895 -47.7148 -31.8000 32.9911 -46.4106 -27.3618 12.6432 -39.5492 -21.4350 -33.8269 -33.7181 25.4404 -48.7430 -29.4486 22.2325 -42.9175 -25.3916 -0.9449 -36.1892 -11.7921 -47.9613 -31.6767 32.5404 -46.2520 -27.2634 12.1976 -39.4036 -21.1937 -34.9268 -33.6539 26.6357 -48.4678
13.5028 -33.2740 -34.5527 -21.2740 -39.4487 12.3302 -27.2947 -46.3006 32.6752 -31.7075 -47.9066 -12.0145 -36.2343 -0.6937 -25.4191 -42.9583 22.3537 -29.4748 -48.7565 25.0043 -33.7357 -33.4903 -21.5017 -39.5885 12.7576 -27.3854 -46.4472 33.0858 -31.8250 -47.6753 -12.8755 -36.4332 0.5760 -25.5701 -43.2205 23.2228 -29.6825 -48.8510 20.1189 -33.9125 -29.1111 -22.3127 -40.1417 14.4519 -27.7545 -46.7475 31.1453 -43.7632 -26.0489 4.8065 -37.2309 -15.8864 -46.2231 -32.3079 34.4406 -47.0434 -27.7635 14.4538 -40.1417 -22.3127 -29.1111 -33.9125 20.1189 -48.8510 -29.6825 23.2228 -43.2205 -25.5701 0.5760 -36.4332 -12.8755 -47.6753 -31.8250 33.0858 -46.4472 -27.3854 12.7576 -39.5885 -21.5017 -33.4903 -33.7357 25.0043 -48.7565 -29.4748 22.3537 -42.9583 -25.4191 -0.6934 -36.2332 -12.0147 -47.9066 -31.7075 32.6683 -46.2981 -27.2927 12.3320 -39.4493 -21.2784 -34.5253 -33.2869 13.5811
-33.8006 -34.1786 -21.3540 -39.4978 12.4740 -27.3243 -46.3472 32.8027 -31.7383 -47.8472 -12.2432 -36.2843 -0.4096 -25.4470 -42.9990 22.4751 -29.5011 -48.7695 24.5567 -33.7530 -33.1485 -21.5677 -39.6278 12.8717 -27.4090 -46.4836 33.1803 -31.8510 -47.6209 -13.0284 -36.4615 0.6874 -25.5761 -43.2205 23.1921 -29.6694 -48.8440 20.6089 -33.8949 -29.5090 -22.2525 -40.1020 14.3415 -27.7406 -47.0288 34.2579 -34.8992 25.9263 -44.1284 -26.0300 4.6418 -37.1939 -15.7616 -46.3161 -32.2827 34.3867 -47.0091 -27.7393 14.3415 -40.1020 -22.2525 -29.5090 -33.8949 20.6089 -48.8440 -29.6694 23.1921 -43.2205 -25.5761 0.6874 -36.4615 -13.0284 -47.6209 -31.8510 33.1803 -46.4836 -27.4090 12.8717 -39.6278 -21.5677 -33.1485 -33.7530 24.5567 -48.7695 -29.5011 22.4751 -42.9990 -25.4466 -0.4242 -36.2812 -12.2432 -47.8472 -31.7399 32.7946 -46.3442 -27.3228 12.4731 -39.4975 -21.3630 -34.1232 -33.8109
-35.8113 -21.4280 -39.5469 12.6174 -27.3537 -46.3932 32.9266 -31.7711 -47.7844 -12.4704 -36.3340 -0.1117 -25.4756 -43.0399 22.5968 -29.5273 -48.7819 24.0976 -33.7702 -32.8014 -21.6333 -39.6671 12.9857 -27.4327 -46.5200 33.2729 -31.8770 -47.5638 -13.1954 -36.4993 0.8857 -25.5933 -43.2409 23.2228 -29.6694 -48.8419 20.8777 -33.8809 -29.8631 -22.1928 -40.0624 14.2291 -27.7151 -46.9733 34.3451 -32.7454 -37.2343 -31.6077 25.9308 -44.0834 -26.0089 4.4753 -37.1569 -15.6350 -46.4069 -32.2575 34.3297 -46.9747 -27.7151 14.2291 -40.0624 -22.1928 -29.8631 -33.8809 20.8777 -48.8419 -29.6694 23.2228 -43.2409 -25.5933 0.8857 -36.4993 -13.1954 -47.5638 -31.8770 33.2729 -46.5200 -27.4327 12.9857 -39.6671 -21.6333 -32.8014 -33.7702 24.0976 -48.7819 -29.5273 22.5968 -43.0405 -25.4760 -0.1277 -36.3312 -12.4691 -47.7847 -31.7710 32.9259 -46.3930 -27.3536 12.6173 -39.5469 -21.4371 -35.7673
-20.3268 -39.5962 12.7629 -27.3825 -46.4390 33.0479 -31.8037 -47.7192 -12.6913 -36.3806 0.1647 -25.5057 -43.0841 22.7205 -29.5540 -48.7938 23.6272 -33.7872 -32.4491 -21.6984 -39.7065 13.0995 -27.4564 -46.5562 33.3637 -31.9030 -47.5050 -13.3595 -36.5373 1.1025 -25.6160 -43.2777 23.3131 -29.6825 -48.8440 20.8777 -33.8770 -30.0579 -22.1480 -40.0267 14.1185 -27.6910 -46.9401 34.2690 -32.2073 -46.7748 -21.5570 -48.7933 -30.2293 25.7941 -44.0430 -25.9880 4.3067 -37.1199 -15.5067 -46.4953 -32.2322 34.2697 -46.9401 -27.6910 14.1185 -40.0267 -22.1480 -30.0579 -33.8770 20.8777 -48.8440 -29.6825 23.3131 -43.2777 -25.6160 1.1025 -36.5373 -13.3595 -47.5050 -31.9030 33.3637 -46.5562 -27.4564 13.0995 -39.7065 -21.6984 -32.4491 -33.7872 23.6272 -48.7938 -29.5539 22.7215 -43.0856 -25.5068 0.1637 -36.3807 -12.6777 -47.7233 -31.8001 33.0477 -46.4391 -27.3825 12.7629 -39.5962 -20.3316
-40.1499 12.9129 -27.4106 -46.4822 33.1602 -31.8363 -47.6515 -12.9071 -36.4263 0.4312 -25.5363 -43.1325 22.8556 -29.5843 -48.8061 23.1380 -33.8039 -32.0915 -21.7629 -39.7459 13.2131 -27.4801 -46.5923 33.4525 -31.9289 -47.4445 -13.5209 -36.5749 1.3159 -25.6387 -43.3184 23.4344 -29.7071 -48.8510 20.6089 -33.8809 -30.0579 -22.1327 -40.0068 14.0359 -27.6691 -46.9057 34.2068 -32.2097 -46.5530 -14.9480 -37.8762 9.5739 -48.8959 -30.2130 25.6672 -44.0025 -25.9671 4.1361 -37.0830 -15.3766 -46.5816 -32.2068 34.2068 -46.9057 -27.6691 14.0359 -40.0068 -22.1327 -30.0579 -33.8809 20.6089 -48.8510 -29.7071 23.4344 -43.3184 -25.6387 1.3159 -36.5749 -13.5209 -47.4445 -31.9289 33.4525 -46.5923 -27.4801 13.2131 -39.7459 -21.7629 -32.0915 -33.8039 23.1455 -48.8045 -29.5827 22.8557 -43.1332 -25.5369 0.4472 -36.4293 -12.8912 -47.6566 -31.8323 33.1598 -46.4821 -27.4108 12.9047 -40.1497
12.9965 -27.4029 -46.5276 33.2750 -31.8704 -47.5811 -13.1180 -36.4715 0.6924 -25.5662 -43.1835 23.0070 -29.6181 -48.8191 22.5905 -33.8182 -31.7282 -21.8269 -39.7854 13.3265 -27.5039 -46.6283 33.5393 -31.9547 -47.3821 -13.6795 -36.6122 1.5259 -25.6607 -43.3592 23.5579 -29.7335 -48.8596 20.1189 -33.8949 -29.8631 -22.1480 -40.0068 14.0077 -27.6570 -46.8798 34.1477 -32.1801 -46.6670 -15.2880 -36.9412 11.3688 -34.5331 8.5324 -48.8818 -30.1863 25.5405 -43.9620 -25.9463 3.9634 -37.0461 -15.2446 -46.6656 -32.1801 34.1477 -46.8798 -27.6570 14.0077 -40.0068 -22.1480 -29.8631 -33.8949 20.1189 -48.8596 -29.7335 23.5579 -43.3592 -25.6607 1.5259 -36.6122 -13.6795 -47.3821 -31.9547 33.5393 -46.6283 -27.5039 13.3265 -39.7854 -21.8269 -31.7286 -33.8180 22.6060 -48.8172 -29.6162 23.0060 -43.1832 -25.5671 0.7262 -36.4774 -13.1038 -47.5860 -31.8665 33.2747 -46.5276 -27.4031 12.9815
-26.1217 -46.5729 33.3886 -31.9010 -47.5084 -13.3230 -36.5163 0.9486 -25.5953 -43.2345 23.1605 -29.6510 -48.8315 21.9626 -33.8336 -31.3516 -21.8906 -39.8249 13.4398 -27.5277 -46.6642 33.6240 -31.9806 -47.3179 -13.8354 -36.6490 1.7326 -25.6822 -43.3999 23.6816 -29.7599 -48.8669 19.5651 -33.9125 -29.5090 -22.1928 -40.0267 14.0359 -27.6570 -46.8711 34.1140 -32.1598 -46.7395 -15.1105 -37.0199 3.1887 -30.2621 -21.8326 -34.1155 9.1678 -48.8887 -30.1569 25.4166 -43.9215 -25.9252 3.7900 -37.0096 -15.1130 -46.7395 -32.1598 34.1140 -46.8711 -27.6570 14.0359 -40.0267 -22.1928 -29.5090 -33.9125 19.5651 -48.8669 -29.7599 23.6816 -43.3999 -25.6822 1.7326 -36.6490 -13.8354 -47.3179 -31.9806 33.6240 -46.6642 -27.5277 13.4398 -39.8249 -21.8906 -31.3524 -33.8318 21.9657 -48.8314 -29.6508 23.1604 -43.2345 -25.5965 0.9849 -36.5226 -13.3107 -47.5130 -31.8990 33.3879 -46.5723 -26.1205
-46.5150 33.4885 -31.9283 -47.4370 -13.5136 -36.5629 1.2132 -25.6243 -43.2858 23.3152 -29.6828 -48.8431 21.3126 -33.8517 -30.9121 -21.9592 -39.8649 13.5529 -27.5516 -46.6999 33.7066 -32.0064 -47.2518 -13.9889 -36.6856 1.9362 -25.7032 -43.4406 23.8055 -29.7863 -48.8735 19.0018 -33.9275 -29.1111 -22.2525 -40.0624 14.1185 -27.6691 -46.8798 34.1140 -32.1534 -46.7797 -15.0130 -36.9737 3.6836 -26.0306 -45.2421 -23.5691 -22.2604 -34.0645 9.8792 -48.8390 -30.1075 25.2906 -43.8812 -25.8979 3.6294 -36.9787 -15.0076 -46.7796 -32.1534 34.1140 -46.8798 -27.6691 14.1185 -40.0624 -22.2525 -29.1111 -33.9275 19.0018 -48.8735 -29.7863 23.8055 -43.4406 -25.7032 1.9362 -36.6856 -13.9889 -47.2518 -32.0064 33.7066 -46.6999 -27.5516 13.5529 -39.8649 -21.9552 -30.9417 -33.8475 21.3106 -48.8431 -29.6828 23.3152 -43.2858 -25.6248 1.2358 -36.5667 -13.5130 -47.4373 -31.9317 33.4823 -46.5148
31.6468 -31.7158 -47.3638 -13.6987 -36.6098 1.4785 -25.6532 -43.3393 23.4770 -29.7142 -48.8532 20.6848 -33.8714 -30.4367 -22.0330 -39.9084 13.6675 -27.5755 -46.7354 33.7869 -32.0321 -47.1838 -14.1398 -36.7221 2.1367 -25.7236 -43.4813 23.9296 -29.8128 -48.8795 18.4297 -33.9423 -28.7083 -22.3127 -40.1020 14.2291 -27.6910 -46.9057 34.1477 -32.1598 -46.7797 -14.9789 -36.9534 3.1655 -26.5284 -43.4650 32.6027 -40.6993 -23.3566 -22.8986 -33.5041 6.9173 -48.6891 -32.2417 24.9046 -43.6888 -26.1925 3.8276 -36.9991 -14.9624 -46.7796 -32.1598 34.1477 -46.9057 -27.6910 14.2291 -40.1020 -22.3127 -28.7083 -33.9423 18.4297 -48.8795 -29.8128 23.9296 -43.4813 -25.7236 2.1367 -36.7221 -14.1398 -47.1838 -32.0321 33.7869 -46.7354 -27.5753 13.6753 -39.9112 -22.0289 -30.4725 -33.8667 20.6834 -48.8532 -29.7142 23.4684 -43.3364 -25.6522 1.4817 -36.6104 -13.7097 -47.3583 -31.7256 31.6466
-31.4827 -47.2893 -13.8803 -36.6560 1.7376 -25.6804 -43.3907 23.6330 -29.7461 -48.8626 20.0122 -33.8938 -29.9534 -22.1096 -39.9549 13.7922 -27.5995 -46.7709 33.8649 -32.0578 -47.1138 -14.2884 -36.7586 2.3343 -25.7439 -43.5221 24.0540 -29.8392 -48.8848 17.8490 -33.9568 -28.3007 -22.3724 -40.1417 14.3415 -27.7151 -46.9401 34.2068 -32.1801 -46.7395 -15.0130 -36.9533 2.8447 -30.1872 -47.9189 35.5884 -37.3167 34.5136 -43.0590 -18.9357 30.5411 -42.6000 -16.4770 -10.3718 -35.4195 32.5080 -46.6020 -27.8058 4.1529 -37.0341 -14.9974 -46.7393 -32.1801 34.2068 -46.9401 -27.7151 14.3415 -40.1417 -22.3724 -28.3007 -33.9568 17.8490 -48.8848 -29.8392 24.0540 -43.5221 -25.7439 2.3343 -36.7586 -14.2884 -47.1138 -32.0578 33.8649 -46.7709 -27.5990 13.8095 -39.9609 -22.1066 -29.9868 -33.8893 20.0104 -48.8626 -29.7469 23.6227 -43.3873 -25.6792 1.7359 -36.6557 -13.9035 -47.2781 -31.4914
-47.6373 -14.0635 -36.7017 1.9915 -25.7066 -43.4417 23.7879 -29.7792 -48.8715 19.3109 -33.9109 -29.4654 -22.1852 -40.0011 13.9239 -27.6256 -46.8067 33.9407 -32.0835 -47.0419 -14.4346 -36.7952 2.5289 -25.7643 -43.5627 24.1786 -29.8657 -48.8895 17.2604 -33.9710 -27.8883 -22.4316 -40.1815 14.4538 -27.7393 -46.9747 34.2697 -32.2068 -46.6656 -15.1127 -36.9740 3.1316 -29.9147 -39.6956 -43.9587 -27.8101 8.5591 -54.8116 -6.4492 -36.6792 -84.1185 43.7756 -36.4766 -53.9796 -31.5253 -53.2574 -32.6689 31.7224 -51.8826 3.8371 -37.0100 -15.1088 -46.6655 -32.2068 34.2697 -46.9747 -27.7393 14.4538 -40.1815 -22.4316 -27.8883 -33.9710 17.2604 -48.8895 -29.8657 24.1786 -43.5627 -25.7643 2.5289 -36.7952 -14.4346 -47.0419 -32.0835 33.9407 -46.8067 -27.6251 13.9428 -40.0077 -22.1825 -29.4956 -33.9084 19.3143 -48.8713 -29.7787 23.7871 -43.4414 -25.7065 1.9914 -36.7017 -14.0866 -47.6291
-15.0739 -36.7476 2.2450 -25.7319 -43.4926 23.9431 -29.8123 -48.8792 18.5981 -33.9256 -28.9954 -22.2571 -40.0498 14.0623 -27.6557 -46.8481 34.0204 -32.1079 -46.9679 -14.5786 -36.8318 2.7208 -25.7847 -43.6034 24.3033 -29.8922 -48.8934 16.6644 -33.9850 -27.4712 -22.4904 -40.2212 14.5660 -27.7635 -47.0091 34.3297 -32.2322 -46.5816 -15.2446 -37.0089 3.5908 -26.1208 -45.5693 26.4903 -37.7183 -12.9486 -72.3589 -54.5952 26.1898 -35.2698 46.3220 -36.9863 39.4097 -44.2085 -54.4381 -68.5910 -55.3038 -55.6556 -59.7664 -26.3340 3.6867 -37.0072 -15.2456 -46.5816 -32.2322 34.3297 -47.0091 -27.7635 14.5660 -40.2212 -22.4904 -27.4712 -33.9850 16.6644 -48.8934 -29.8922 24.3033 -43.6034 -25.7847 2.7208 -36.8318 -14.5786 -46.9680 -32.1078 34.0204 -46.8481 -27.6545 14.0742 -40.0540 -22.2576 -28.9971 -33.9270 18.6447 -48.8788 -29.8094 23.9432 -43.4926 -25.7319 2.2450 -36.7475 -15.0862
