0.4816 0.1167 0.1918 0.3805 0.1098 0.3113 0.1595 0.1214 0.4886 0.1226 0.1615 0.4543 0.1107 0.2503 0.2320 0.1138 0.4168 0.1326 0.1399 0.4944 0.1143 0.2043 0.3475 0.1102 0.3356 0.1498 0.1250 0.4994 0.1201 0.1706 0.4334 0.1101 0.2691 0.1974 0.1159 0.4444 0.1287 0.1463 0.4844 0.1129 0.2183 0.3106 0.1110 0.3614 0.1428 0.1293 0.4902 0.1192 0.1738 0.2894 0.1098 0.4087 0.1807 0.1180 0.5028 0.1294 0.1428 0.3616 0.1110 0.3108 0.2182 0.1129 0.4845 0.1463 0.1287 0.4446 0.1159 0.1975 0.2690 0.1101 0.4335 0.1706 0.1202 0.4995 0.1251 0.1499 0.3356 0.1102 0.3477 0.2043 0.1143 0.4944 0.1399 0.1326 0.4168 0.1138 0.2322 0.2503 0.1107 0.4542 0.1615 0.1226 0.4886 0.1214 0.1595 0.3113 0.1098 0.3805 0.1918 0.1167 0.4816
0.1167 0.1998 0.4102 0.1132 0.3253 0.1612 0.1265 0.5070 0.1194 0.1677 0.4785 0.1124 0.2609 0.2628 0.1187 0.4350 0.1280 0.1454 0.5143 0.1141 0.2125 0.3796 0.1141 0.3506 0.1475 0.1302 0.5174 0.1177 0.1772 0.4595 0.1124 0.2807 0.2205 0.1210 0.4632 0.1244 0.1519 0.5055 0.1133 0.2272 0.3441 0.1153 0.3776 0.1389 0.1346 0.5208 0.1062 0.4890 0.1235 0.1846 0.3021 0.1127 0.4368 0.1878 0.1163 0.5209 0.1346 0.1388 0.3778 0.1153 0.3442 0.2272 0.1133 0.5056 0.1519 0.1244 0.4634 0.1210 0.2206 0.2807 0.1124 0.4596 0.1772 0.1177 0.5175 0.1302 0.1476 0.3506 0.1140 0.3797 0.2125 0.1141 0.5142 0.1454 0.1280 0.4350 0.1187 0.2629 0.2609 0.1124 0.4784 0.1677 0.1194 0.5070 0.1265 0.1612 0.3253 0.1132 0.4102 0.1998 0.1167
0.1918 0.4102 0.1126 0.3245 0.1616 0.1264 0.5064 0.1191 0.1673 0.4793 0.1118 0.2600 0.2650 0.1183 0.4336 0.1278 0.1451 0.5146 0.1136 0.2118 0.3813 0.1134 0.3493 0.1478 0.1300 0.5171 0.1173 0.1767 0.4606 0.1118 0.2796 0.2224 0.1206 0.4620 0.1242 0.1516 0.5061 0.1128 0.2264 0.3459 0.1147 0.3763 0.1389 0.1343 0.5209 0.1144 0.2158 0.1171 0.4873 0.1233 0.1860 0.3011 0.1120 0.4381 0.1872 0.1159 0.5209 0.1343 0.1389 0.3764 0.1147 0.3459 0.2264 0.1127 0.5061 0.1516 0.1242 0.4620 0.1206 0.2224 0.2796 0.1118 0.4606 0.1767 0.1173 0.5171 0.1300 0.1478 0.3493 0.1134 0.3813 0.2118 0.1136 0.5146 0.1451 0.1278 0.4336 0.1183 0.2650 0.2600 0.1118 0.4792 0.1673 0.1191 0.5064 0.1264 0.1616 0.3245 0.1126 0.4102 0.1918
0.3805 0.1132 0.3245 0.1619 0.1263 0.5059 0.1191 0.1669 0.4800 0.1118 0.2592 0.2670 0.1182 0.4321 0.1280 0.1448 0.5149 0.1136 0.2111 0.3830 0.1134 0.3480 0.1483 0.1298 0.5168 0.1174 0.1762 0.4616 0.1118 0.2786 0.2245 0.1205 0.4607 0.1243 0.1512 0.5066 0.1128 0.2257 0.3478 0.1146 0.3750 0.1392 0.1341 0.5208 0.1160 0.1856 0.3763 0.1593 0.1214 0.4862 0.1232 0.1874 0.3000 0.1120 0.4393 0.1867 0.1159 0.5208 0.1341 0.1392 0.3750 0.1146 0.3478 0.2257 0.1128 0.5066 0.1512 0.1243 0.4607 0.1205 0.2245 0.2786 0.1118 0.4616 0.1762 0.1174 0.5168 0.1298 0.1483 0.3480 0.1134 0.3830 0.2111 0.1136 0.5149 0.1448 0.1280 0.4321 0.1182 0.2670 0.2591 0.1118 0.4800 0.1669 0.1191 0.5059 0.1263 0.1619 0.3245 0.1132 0.3805
0.1098 0.3253 0.1616 0.1263 0.5058 0.1192 0.1667 0.4806 0.1118 0.2584 0.2688 0.1181 0.4308 0.1282 0.1445 0.5152 0.1137 0.2105 0.3846 0.1133 0.3467 0.1489 0.1296 0.5164 0.1175 0.1757 0.4626 0.1117 0.2777 0.2265 0.1204 0.4594 0.1245 0.1509 0.5071 0.1128 0.2250 0.3496 0.1146 0.3737 0.1396 0.1339 0.5207 0.1160 0.1862 0.4437 0.1121 0.4961 0.1583 0.1215 0.4850 0.1231 0.1889 0.2989 0.1120 0.4405 0.1862 0.1160 0.5207 0.1339 0.1396 0.3736 0.1146 0.3496 0.2250 0.1128 0.5071 0.1509 0.1245 0.4593 0.1204 0.2265 0.2777 0.1117 0.4627 0.1757 0.1175 0.5164 0.1296 0.1489 0.3467 0.1133 0.3846 0.2105 0.1137 0.5152 0.1445 0.1282 0.4308 0.1181 0.2688 0.2584 0.1118 0.4806 0.1667 0.1192 0.5058 0.1263 0.1616 0.3253 0.1098
0.3113 0.1612 0.1264 0.5059 0.1192 0.1666 0.4809 0.1118 0.2577 0.2704 0.1180 0.4295 0.1284 0.1442 0.5155 0.1137 0.2099 0.3861 0.1133 0.3455 0.1494 0.1294 0.5161 0.1176 0.1752 0.4636 0.1117 0.2767 0.2284 0.1203 0.4580 0.1246 0.1506 0.5076 0.1129 0.2242 0.3513 0.1145 0.3723 0.1400 0.1336 0.5207 0.1161 0.1856 0.4414 0.1107 0.3497 0.1087 0.4961 0.1579 0.1217 0.4838 0.1229 0.1906 0.2978 0.1119 0.4416 0.1856 0.1161 0.5207 0.1336 0.1400 0.3722 0.1145 0.3513 0.2242 0.1129 0.5075 0.1506 0.1246 0.4579 0.1203 0.2284 0.2767 0.1117 0.4636 0.1752 0.1175 0.5160 0.1294 0.1494 0.3454 0.1133 0.3861 0.2099 0.1137 0.5155 0.1442 0.1284 0.4295 0.1180 0.2704 0.2577 0.1118 0.4809 0.1666 0.1192 0.5059 0.1264 0.1612 0.3113
0.1595 0.1265 0.5064 0.1191 0.1667 0.4809 0.1118 0.2574 0.2717 0.1179 0.4283 0.1286 0.1439 0.5158 0.1138 0.2093 0.3874 0.1132 0.3442 0.1500 0.1292 0.5156 0.1176 0.1747 0.4646 0.1117 0.2757 0.2305 0.1201 0.4566 0.1248 0.1502 0.5080 0.1129 0.2235 0.3532 0.1144 0.3709 0.1404 0.1334 0.5206 0.1161 0.1851 0.4428 0.1120 0.2938 0.1393 0.2389 0.1123 0.4968 0.1575 0.1218 0.4827 0.1228 0.1922 0.2967 0.1119 0.4428 0.1850 0.1161 0.5206 0.1334 0.1404 0.3708 0.1144 0.3532 0.2234 0.1129 0.5080 0.1503 0.1248 0.4565 0.1201 0.2305 0.2756 0.1117 0.4646 0.1748 0.1176 0.5156 0.1292 0.1500 0.3441 0.1132 0.3874 0.2093 0.1138 0.5158 0.1439 0.1286 0.4283 0.1179 0.2717 0.2574 0.1118 0.4809 0.1667 0.1191 0.5064 0.1265 0.1595
0.1214 0.5070 0.1191 0.1669 0.4806 0.1118 0.2574 0.2721 0.1179 0.4275 0.1288 0.1437 0.5160 0.1138 0.2088 0.3887 0.1132 0.3430 0.1506 0.1291 0.5152 0.1177 0.1743 0.4656 0.1117 0.2746 0.2326 0.1200 0.4552 0.1250 0.1499 0.5085 0.1129 0.2227 0.3550 0.1144 0.3696 0.1407 0.1332 0.5205 0.1162 0.1845 0.4439 0.1119 0.2959 0.1979 0.1323 0.3181 0.2385 0.1123 0.4974 0.1571 0.1219 0.4816 0.1227 0.1939 0.2956 0.1119 0.4440 0.1845 0.1162 0.5205 0.1332 0.1408 0.3695 0.1144 0.3551 0.2227 0.1129 0.5084 0.1499 0.1250 0.4551 0.1200 0.2327 0.2746 0.1118 0.4655 0.1743 0.1177 0.5152 0.1291 0.1506 0.3430 0.1132 0.3887 0.2088 0.1138 0.5160 0.1437 0.1288 0.4275 0.1179 0.2721 0.2574 0.1118 0.4806 0.1669 0.1191 0.5070 0.1214
0.4886 0.1194 0.1673 0.4800 0.1118 0.2577 0.2717 0.1179 0.4272 0.1288 0.1435 0.5162 0.1138 0.2082 0.3900 0.1132 0.3420 0.1510 0.1289 0.5149 0.1178 0.1738 0.4665 0.1117 0.2736 0.2347 0.1199 0.4538 0.1251 0.1496 0.5089 0.1130 0.2219 0.3568 0.1143 0.3682 0.1411 0.1330 0.5204 0.1163 0.1840 0.4451 0.1119 0.2946 0.1952 0.1221 0.5162 0.1149 0.3184 0.2376 0.1123 0.4980 0.1567 0.1221 0.4805 0.1225 0.1956 0.2946 0.1119 0.4452 0.1840 0.1163 0.5204 0.1330 0.1412 0.3682 0.1143 0.3569 0.2219 0.1130 0.5089 0.1496 0.1251 0.4538 0.1199 0.2348 0.2736 0.1117 0.4664 0.1739 0.1178 0.5149 0.1289 0.1510 0.3420 0.1132 0.3900 0.2082 0.1138 0.5162 0.1435 0.1288 0.4272 0.1179 0.2717 0.2577 0.1118 0.4800 0.1673 0.1194 0.4886
0.1226 0.1677 0.4793 0.1118 0.2584 0.2704 0.1179 0.4275 0.1288 0.1435 0.5164 0.1139 0.2078 0.3912 0.1131 0.3410 0.1515 0.1287 0.5145 0.1178 0.1734 0.4672 0.1117 0.2728 0.2366 0.1198 0.4525 0.1253 0.1493 0.5094 0.1130 0.2212 0.3587 0.1142 0.3668 0.1415 0.1328 0.5202 0.1163 0.1834 0.4463 0.1119 0.2935 0.1973 0.1224 0.4759 0.1076 0.3936 0.1157 0.3206 0.2368 0.1123 0.4987 0.1564 0.1222 0.4792 0.1224 0.1973 0.2935 0.1119 0.4463 0.1834 0.1163 0.5202 0.1328 0.1416 0.3668 0.1142 0.3587 0.2212 0.1130 0.5093 0.1493 0.1253 0.4525 0.1198 0.2366 0.2728 0.1117 0.4672 0.1734 0.1178 0.5145 0.1287 0.1515 0.3410 0.1131 0.3912 0.2078 0.1139 0.5164 0.1435 0.1288 0.4275 0.1179 0.2704 0.2584 0.1118 0.4792 0.1677 0.1226
0.1615 0.4785 0.1118 0.2592 0.2688 0.1180 0.4283 0.1288 0.1435 0.5164 0.1139 0.2075 0.3921 0.1131 0.3400 0.1520 0.1286 0.5141 0.1179 0.1731 0.4680 0.1117 0.2720 0.2383 0.1197 0.4513 0.1255 0.1490 0.5098 0.1131 0.2205 0.3605 0.1142 0.3655 0.1420 0.1326 0.5201 0.1164 0.1829 0.4475 0.1119 0.2924 0.1990 0.1222 0.4784 0.1212 0.1759 0.1312 0.3937 0.1156 0.3226 0.2360 0.1124 0.4993 0.1560 0.1223 0.4780 0.1222 0.1990 0.2924 0.1119 0.4475 0.1829 0.1164 0.5201 0.1326 0.1420 0.3655 0.1142 0.3605 0.2205 0.1131 0.5098 0.1490 0.1255 0.4513 0.1197 0.2383 0.2720 0.1117 0.4680 0.1731 0.1179 0.5141 0.1286 0.1520 0.3400 0.1131 0.3921 0.2075 0.1139 0.5164 0.1435 0.1288 0.4283 0.1180 0.2688 0.2591 0.1118 0.4784 0.1615
0.4543 0.1124 0.2600 0.2670 0.1181 0.4295 0.1286 0.1437 0.5162 0.1139 0.2075 0.3924 0.1131 0.3392 0.1525 0.1285 0.5137 0.1180 0.1727 0.4688 0.1117 0.2712 0.2400 0.1196 0.4501 0.1256 0.1487 0.5102 0.1131 0.2199 0.3620 0.1141 0.3642 0.1424 0.1324 0.5199 0.1165 0.1824 0.4486 0.1118 0.2914 0.2008 0.1221 0.4768 0.1225 0.1549 0.4664 0.1376 0.1351 0.3921 0.1156 0.3244 0.2352 0.1124 0.4999 0.1556 0.1225 0.4768 0.1221 0.2008 0.2914 0.1118 0.4486 0.1824 0.1165 0.5199 0.1323 0.1424 0.3642 0.1141 0.3620 0.2199 0.1131 0.5102 0.1487 0.1256 0.4501 0.1196 0.2400 0.2712 0.1117 0.4688 0.1727 0.1180 0.5137 0.1285 0.1525 0.3392 0.1131 0.3924 0.2075 0.1139 0.5162 0.1437 0.1286 0.4295 0.1181 0.2670 0.2600 0.1124 0.4542
0.1107 0.2609 0.2650 0.1182 0.4308 0.1284 0.1439 0.5160 0.1138 0.2078 0.3921 0.1131 0.3390 0.1528 0.1283 0.5134 0.1181 0.1723 0.4695 0.1117 0.2704 0.2417 0.1195 0.4490 0.1257 0.1484 0.5105 0.1131 0.2193 0.3635 0.1140 0.3629 0.1428 0.1321 0.5198 0.1166 0.1819 0.4497 0.1118 0.2903 0.2025 0.1220 0.4756 0.1226 0.1553 0.5021 0.1074 0.5209 0.1368 0.1354 0.3907 0.1155 0.3263 0.2344 0.1124 0.5005 0.1553 0.1226 0.4755 0.1220 0.2025 0.2903 0.1118 0.4497 0.1819 0.1165 0.5198 0.1321 0.1428 0.3629 0.1140 0.3635 0.2193 0.1131 0.5105 0.1484 0.1257 0.4490 0.1195 0.2417 0.2704 0.1117 0.4695 0.1723 0.1181 0.5134 0.1283 0.1528 0.3390 0.1131 0.3921 0.2078 0.1138 0.5160 0.1439 0.1284 0.4308 0.1182 0.2650 0.2609 0.1107
0.2503 0.2628 0.1183 0.4321 0.1282 0.1442 0.5158 0.1138 0.2082 0.3912 0.1131 0.3392 0.1528 0.1283 0.5132 0.1181 0.1720 0.4702 0.1117 0.2696 0.2434 0.1194 0.4479 0.1259 0.1482 0.5108 0.1131 0.2187 0.3649 0.1140 0.3618 0.1432 0.1319 0.5196 0.1166 0.1814 0.4507 0.1118 0.2893 0.2044 0.1218 0.4743 0.1228 0.1549 0.5009 0.1110 0.2721 0.1112 0.5208 0.1366 0.1357 0.3893 0.1154 0.3282 0.2336 0.1124 0.5010 0.1549 0.1227 0.4742 0.1218 0.2044 0.2892 0.1118 0.4507 0.1814 0.1166 0.5196 0.1319 0.1432 0.3618 0.1140 0.3649 0.2187 0.1131 0.5108 0.1482 0.1259 0.4479 0.1194 0.2434 0.2696 0.1117 0.4702 0.1720 0.1181 0.5132 0.1283 0.1528 0.3392 0.1131 0.3912 0.2082 0.1138 0.5158 0.1442 0.1282 0.4321 0.1183 0.2629 0.2503
0.2320 0.1187 0.4336 0.1280 0.1445 0.5155 0.1138 0.2088 0.3900 0.1131 0.3400 0.1525 0.1283 0.5132 0.1181 0.1718 0.4708 0.1117 0.2689 0.2451 0.1193 0.4467 0.1260 0.1479 0.5112 0.1132 0.2181 0.3663 0.1139 0.3607 0.1435 0.1318 0.5194 0.1167 0.1810 0.4516 0.1118 0.2883 0.2062 0.1217 0.4730 0.1229 0.1545 0.5016 0.1126 0.2310 0.2378 0.1923 0.1154 0.5209 0.1363 0.1360 0.3879 0.1153 0.3303 0.2328 0.1125 0.5016 0.1546 0.1229 0.4729 0.1217 0.2063 0.2882 0.1118 0.4516 0.1810 0.1167 0.5194 0.1318 0.1435 0.3607 0.1139 0.3663 0.2181 0.1132 0.5112 0.1479 0.1260 0.4467 0.1193 0.2451 0.2689 0.1117 0.4708 0.1718 0.1181 0.5132 0.1283 0.1525 0.3400 0.1131 0.3900 0.2088 0.1138 0.5155 0.1445 0.1280 0.4336 0.1187 0.2322
0.1138 0.4350 0.1278 0.1448 0.5152 0.1137 0.2093 0.3887 0.1132 0.3410 0.1520 0.1285 0.5134 0.1181 0.1718 0.4710 0.1117 0.2683 0.2466 0.1192 0.4456 0.1262 0.1476 0.5115 0.1132 0.2175 0.3676 0.1139 0.3596 0.1439 0.1316 0.5193 0.1167 0.1806 0.4525 0.1118 0.2874 0.2079 0.1216 0.4718 0.1230 0.1542 0.5022 0.1125 0.2321 0.3374 0.1204 0.4301 0.1914 0.1154 0.5209 0.1361 0.1363 0.3865 0.1152 0.3323 0.2320 0.1125 0.5021 0.1542 0.1230 0.4718 0.1216 0.2079 0.2874 0.1118 0.4525 0.1806 0.1167 0.5193 0.1316 0.1439 0.3596 0.1139 0.3676 0.2175 0.1132 0.5115 0.1476 0.1262 0.4456 0.1192 0.2466 0.2683 0.1117 0.4710 0.1718 0.1181 0.5134 0.1285 0.1520 0.3410 0.1132 0.3887 0.2093 0.1137 0.5152 0.1448 0.1278 0.4350 0.1138
0.4168 0.1280 0.1451 0.5149 0.1137 0.2099 0.3874 0.1132 0.3420 0.1515 0.1286 0.5137 0.1181 0.1720 0.4708 0.1117 0.2681 0.2475 0.1191 0.4446 0.1263 0.1474 0.5118 0.1132 0.2170 0.3690 0.1138 0.3585 0.1443 0.1314 0.5191 0.1168 0.1802 0.4533 0.1118 0.2865 0.2094 0.1215 0.4707 0.1231 0.1539 0.5027 0.1125 0.2313 0.3337 0.1143 0.4472 0.1098 0.4301 0.1908 0.1155 0.5209 0.1359 0.1367 0.3851 0.1152 0.3341 0.2313 0.1125 0.5026 0.1539 0.1231 0.4707 0.1215 0.2094 0.2865 0.1118 0.4533 0.1802 0.1168 0.5191 0.1314 0.1443 0.3585 0.1138 0.3690 0.2170 0.1132 0.5118 0.1474 0.1263 0.4446 0.1191 0.2475 0.2681 0.1117 0.4708 0.1720 0.1181 0.5137 0.1286 0.1515 0.3420 0.1132 0.3874 0.2099 0.1137 0.5149 0.1451 0.1280 0.4168
0.1326 0.1454 0.5146 0.1136 0.2105 0.3861 0.1132 0.3430 0.1510 0.1287 0.5141 0.1180 0.1723 0.4702 0.1117 0.2683 0.2475 0.1191 0.4440 0.1265 0.1471 0.5122 0.1133 0.2164 0.3704 0.1138 0.3575 0.1446 0.1313 0.5189 0.1168 0.1798 0.4542 0.1118 0.2857 0.2110 0.1214 0.4697 0.1233 0.1536 0.5031 0.1126 0.2306 0.3358 0.1152 0.3800 0.1159 0.3061 0.1121 0.4315 0.1902 0.1155 0.5210 0.1356 0.1370 0.3838 0.1151 0.3358 0.2306 0.1126 0.5031 0.1536 0.1233 0.4697 0.1214 0.2110 0.2857 0.1118 0.4542 0.1798 0.1168 0.5189 0.1313 0.1446 0.3575 0.1138 0.3704 0.2164 0.1133 0.5122 0.1471 0.1265 0.4440 0.1191 0.2475 0.2683 0.1117 0.4702 0.1723 0.1180 0.5141 0.1287 0.1510 0.3430 0.1132 0.3861 0.2105 0.1136 0.5146 0.1454 0.1326
0.1399 0.5143 0.1136 0.2111 0.3846 0.1133 0.3442 0.1506 0.1289 0.5145 0.1179 0.1727 0.4695 0.1117 0.2689 0.2466 0.1191 0.4440 0.1265 0.1470 0.5124 0.1133 0.2158 0.3718 0.1137 0.3564 0.1450 0.1311 0.5187 0.1169 0.1794 0.4551 0.1118 0.2848 0.2125 0.1213 0.4686 0.1234 0.1533 0.5036 0.1126 0.2300 0.3373 0.1150 0.3830 0.1368 0.1500 0.1784 0.3061 0.1121 0.4328 0.1896 0.1156 0.5210 0.1354 0.1373 0.3827 0.1150 0.3373 0.2300 0.1126 0.5036 0.1533 0.1234 0.4686 0.1213 0.2125 0.2848 0.1118 0.4551 0.1794 0.1169 0.5187 0.1311 0.1450 0.3564 0.1137 0.3718 0.2158 0.1133 0.5124 0.1470 0.1265 0.4440 0.1191 0.2466 0.2689 0.1117 0.4695 0.1727 0.1179 0.5145 0.1289 0.1506 0.3441 0.1133 0.3846 0.2111 0.1136 0.5142 0.1399
0.4944 0.1141 0.2118 0.3830 0.1133 0.3455 0.1500 0.1291 0.5149 0.1178 0.1731 0.4688 0.1117 0.2696 0.2451 0.1192 0.4446 0.1265 0.1470 0.5125 0.1133 0.2154 0.3730 0.1137 0.3554 0.1454 0.1309 0.5185 0.1169 0.1790 0.4559 0.1118 0.2840 0.2141 0.1212 0.4676 0.1235 0.1530 0.5040 0.1126 0.2294 0.3388 0.1150 0.3815 0.1375 0.1348 0.5122 0.1241 0.1807 0.3048 0.1121 0.4339 0.1892 0.1156 0.5210 0.1352 0.1375 0.3815 0.1150 0.3388 0.2294 0.1126 0.5040 0.1530 0.1235 0.4676 0.1212 0.2141 0.2840 0.1118 0.4559 0.1790 0.1169 0.5185 0.1309 0.1454 0.3554 0.1137 0.3730 0.2154 0.1133 0.5125 0.1470 0.1265 0.4446 0.1192 0.2451 0.2696 0.1117 0.4688 0.1731 0.1178 0.5149 0.1291 0.1500 0.3454 0.1133 0.3830 0.2118 0.1141 0.4944
0.1143 0.2125 0.3813 0.1134 0.3467 0.1494 0.1292 0.5152 0.1178 0.1734 0.4680 0.1117 0.2704 0.2434 0.1193 0.4456 0.1263 0.1471 0.5124 0.1133 0.2153 0.3737 0.1137 0.3544 0.1458 0.1308 0.5183 0.1170 0.1785 0.4568 0.1118 0.2832 0.2157 0.1211 0.4665 0.1236 0.1527 0.5044 0.1126 0.2288 0.3403 0.1149 0.3804 0.1378 0.1350 0.5209 0.1057 0.4891 0.1237 0.1822 0.3038 0.1120 0.4349 0.1887 0.1157 0.5210 0.1350 0.1378 0.3804 0.1149 0.3403 0.2288 0.1126 0.5044 0.1527 0.1236 0.4665 0.1211 0.2157 0.2832 0.1118 0.4568 0.1785 0.1170 0.5183 0.1308 0.1458 0.3544 0.1137 0.3737 0.2153 0.1133 0.5124 0.1471 0.1263 0.4456 0.1193 0.2434 0.2704 0.1117 0.4680 0.1734 0.1178 0.5152 0.1292 0.1494 0.3467 0.1134 0.3813 0.2125 0.1143
0.2043 0.3796 0.1134 0.3480 0.1489 0.1294 0.5156 0.1177 0.1738 0.4672 0.1117 0.2712 0.2417 0.1194 0.4467 0.1262 0.1474 0.5122 0.1133 0.2154 0.3737 0.1137 0.3539 0.1461 0.1306 0.5181 0.1171 0.1781 0.4576 0.1118 0.2823 0.2173 0.1210 0.4654 0.1238 0.1524 0.5048 0.1127 0.2281 0.3418 0.1148 0.3793 0.1381 0.1348 0.5209 0.1143 0.2160 0.1170 0.4892 0.1236 0.1835 0.3029 0.1120 0.4359 0.1883 0.1157 0.5209 0.1348 0.1381 0.3793 0.1148 0.3418 0.2281 0.1127 0.5048 0.1524 0.1238 0.4654 0.1210 0.2173 0.2823 0.1118 0.4576 0.1781 0.1171 0.5181 0.1306 0.1461 0.3539 0.1137 0.3737 0.2154 0.1133 0.5122 0.1474 0.1262 0.4467 0.1194 0.2417 0.2712 0.1117 0.4672 0.1739 0.1177 0.5156 0.1294 0.1489 0.3480 0.1134 0.3797 0.2043
0.3475 0.1141 0.3493 0.1483 0.1296 0.5161 0.1176 0.1743 0.4665 0.1117 0.2720 0.2400 0.1195 0.4479 0.1260 0.1476 0.5118 0.1133 0.2158 0.3730 0.1137 0.3539 0.1462 0.1305 0.5179 0.1171 0.1778 0.4584 0.1118 0.2815 0.2188 0.1209 0.4644 0.1239 0.1522 0.5053 0.1127 0.2275 0.3433 0.1148 0.3782 0.1384 0.1346 0.5209 0.1159 0.1867 0.3743 0.1598 0.1212 0.4882 0.1235 0.1847 0.3020 0.1120 0.4369 0.1878 0.1158 0.5209 0.1346 0.1384 0.3782 0.1148 0.3433 0.2275 0.1127 0.5053 0.1522 0.1239 0.4644 0.1209 0.2188 0.2815 0.1118 0.4584 0.1778 0.1171 0.5179 0.1305 0.1462 0.3539 0.1137 0.3730 0.2158 0.1133 0.5118 0.1476 0.1260 0.4479 0.1195 0.2400 0.2720 0.1117 0.4664 0.1743 0.1176 0.5160 0.1296 0.1483 0.3493 0.1140 0.3477
0.1102 0.3506 0.1478 0.1298 0.5164 0.1176 0.1747 0.4656 0.1117 0.2728 0.2383 0.1196 0.4490 0.1259 0.1479 0.5115 0.1132 0.2164 0.3718 0.1137 0.3544 0.1461 0.1305 0.5178 0.1172 0.1775 0.4592 0.1118 0.2807 0.2205 0.1208 0.4633 0.1240 0.1519 0.5057 0.1127 0.2269 0.3448 0.1147 0.3771 0.1387 0.1344 0.5209 0.1158 0.1875 0.4410 0.1122 0.4950 0.1590 0.1213 0.4873 0.1233 0.1859 0.3011 0.1120 0.4378 0.1874 0.1158 0.5209 0.1344 0.1387 0.3771 0.1147 0.3448 0.2269 0.1127 0.5057 0.1519 0.1240 0.4633 0.1208 0.2205 0.2807 0.1118 0.4592 0.1775 0.1172 0.5178 0.1305 0.1461 0.3544 0.1137 0.3718 0.2164 0.1132 0.5115 0.1479 0.1259 0.4490 0.1196 0.2383 0.2728 0.1117 0.4655 0.1748 0.1175 0.5164 0.1298 0.1478 0.3506 0.1102
0.3356 0.1475 0.1300 0.5168 0.1175 0.1752 0.4646 0.1117 0.2736 0.2366 0.1197 0.4501 0.1257 0.1482 0.5112 0.1132 0.2170 0.3704 0.1137 0.3554 0.1458 0.1306 0.5179 0.1172 0.1774 0.4596 0.1118 0.2800 0.2220 0.1207 0.4622 0.1241 0.1516 0.5061 0.1127 0.2263 0.3463 0.1147 0.3760 0.1390 0.1342 0.5208 0.1159 0.1869 0.4385 0.1107 0.3521 0.1087 0.4948 0.1587 0.1214 0.4864 0.1232 0.1872 0.3002 0.1120 0.4388 0.1869 0.1159 0.5208 0.1342 0.1390 0.3760 0.1147 0.3463 0.2263 0.1127 0.5061 0.1516 0.1241 0.4622 0.1207 0.2220 0.2800 0.1118 0.4596 0.1774 0.1172 0.5179 0.1306 0.1458 0.3554 0.1137 0.3704 0.2170 0.1132 0.5112 0.1482 0.1257 0.4501 0.1197 0.2366 0.2736 0.1118 0.4646 0.1752 0.1175 0.5168 0.1300 0.1476 0.3356
0.1498 0.1302 0.5171 0.1174 0.1757 0.4636 0.1117 0.2746 0.2347 0.1198 0.4513 0.1256 0.1484 0.5108 0.1132 0.2175 0.3690 0.1138 0.3564 0.1454 0.1308 0.5181 0.1171 0.1775 0.4596 0.1118 0.2796 0.2232 0.1206 0.4611 0.1243 0.1513 0.5065 0.1128 0.2257 0.3478 0.1146 0.3749 0.1393 0.1341 0.5208 0.1159 0.1865 0.4398 0.1120 0.2964 0.1381 0.2405 0.1122 0.4954 0.1584 0.1215 0.4855 0.1231 0.1884 0.2993 0.1120 0.4398 0.1865 0.1159 0.5208 0.1341 0.1393 0.3749 0.1146 0.3478 0.2257 0.1128 0.5065 0.1513 0.1243 0.4611 0.1206 0.2232 0.2796 0.1118 0.4596 0.1775 0.1171 0.5181 0.1308 0.1454 0.3564 0.1138 0.3690 0.2175 0.1132 0.5108 0.1484 0.1256 0.4513 0.1198 0.2348 0.2746 0.1117 0.4636 0.1757 0.1174 0.5171 0.1302 0.1499
0.1250 0.5174 0.1173 0.1762 0.4626 0.1117 0.2757 0.2326 0.1199 0.4525 0.1255 0.1487 0.5105 0.1131 0.2181 0.3676 0.1138 0.3575 0.1450 0.1309 0.5183 0.1171 0.1778 0.4592 0.1118 0.2796 0.2236 0.1205 0.4603 0.1244 0.1511 0.5069 0.1128 0.2251 0.3493 0.1146 0.3738 0.1396 0.1339 0.5207 0.1160 0.1861 0.4407 0.1119 0.2987 0.1935 0.1328 0.3141 0.2402 0.1122 0.4959 0.1581 0.1216 0.4845 0.1230 0.1897 0.2984 0.1120 0.4407 0.1861 0.1160 0.5207 0.1339 0.1396 0.3738 0.1146 0.3493 0.2251 0.1128 0.5069 0.1511 0.1244 0.4603 0.1205 0.2236 0.2796 0.1118 0.4592 0.1778 0.1171 0.5183 0.1309 0.1450 0.3575 0.1138 0.3676 0.2181 0.1131 0.5105 0.1487 0.1255 0.4525 0.1199 0.2327 0.2756 0.1117 0.4627 0.1762 0.1173 0.5175 0.1251
0.4994 0.1177 0.1767 0.4616 0.1117 0.2767 0.2305 0.1200 0.4538 0.1253 0.1490 0.5102 0.1131 0.2187 0.3663 0.1139 0.3585 0.1446 0.1311 0.5185 0.1170 0.1781 0.4584 0.1118 0.2800 0.2232 0.1205 0.4600 0.1244 0.1509 0.5072 0.1128 0.2245 0.3508 0.1145 0.3727 0.1399 0.1337 0.5207 0.1160 0.1856 0.4417 0.1119 0.2975 0.1906 0.1225 0.5171 0.1152 0.3138 0.2395 0.1122 0.4964 0.1578 0.1217 0.4836 0.1229 0.1910 0.2975 0.1119 0.4417 0.1856 0.1160 0.5207 0.1337 0.1399 0.3727 0.1145 0.3508 0.2245 0.1128 0.5072 0.1509 0.1244 0.4600 0.1205 0.2232 0.2800 0.1118 0.4584 0.1781 0.1170 0.5185 0.1311 0.1446 0.3585 0.1139 0.3663 0.2187 0.1131 0.5102 0.1490 0.1253 0.4538 0.1200 0.2305 0.2767 0.1117 0.4616 0.1767 0.1177 0.4995
0.1201 0.1772 0.4606 0.1118 0.2777 0.2284 0.1201 0.4552 0.1251 0.1493 0.5098 0.1131 0.2193 0.3649 0.1139 0.3596 0.1443 0.1313 0.5187 0.1169 0.1785 0.4576 0.1118 0.2807 0.2220 0.1206 0.4603 0.1244 0.1508 0.5074 0.1129 0.2239 0.3522 0.1144 0.3716 0.1402 0.1335 0.5206 0.1161 0.1852 0.4426 0.1119 0.2967 0.1924 0.1228 0.4794 0.1075 0.3969 0.1159 0.3156 0.2389 0.1123 0.4969 0.1574 0.1218 0.4826 0.1228 0.1924 0.2967 0.1119 0.4426 0.1852 0.1161 0.5206 0.1335 0.1402 0.3716 0.1144 0.3522 0.2239 0.1129 0.5074 0.1508 0.1244 0.4603 0.1206 0.2220 0.2807 0.1118 0.4576 0.1785 0.1169 0.5187 0.1313 0.1443 0.3596 0.1139 0.3649 0.2193 0.1131 0.5098 0.1493 0.1251 0.4551 0.1201 0.2284 0.2777 0.1118 0.4606 0.1772 0.1202
0.1706 0.4595 0.1118 0.2786 0.2265 0.1203 0.4566 0.1250 0.1496 0.5094 0.1131 0.2199 0.3635 0.1140 0.3607 0.1439 0.1314 0.5189 0.1169 0.1790 0.4568 0.1118 0.2815 0.2205 0.1207 0.4611 0.1244 0.1509 0.5074 0.1129 0.2236 0.3533 0.1144 0.3705 0.1405 0.1333 0.5205 0.1162 0.1847 0.4436 0.1119 0.2958 0.1937 0.1227 0.4820 0.1207 0.1772 0.1304 0.3973 0.1158 0.3172 0.2382 0.1123 0.4974 0.1571 0.1219 0.4817 0.1227 0.1937 0.2958 0.1119 0.4436 0.1847 0.1162 0.5205 0.1333 0.1405 0.3705 0.1144 0.3533 0.2236 0.1129 0.5074 0.1509 0.1244 0.4611 0.1207 0.2205 0.2815 0.1118 0.4568 0.1790 0.1169 0.5189 0.1314 0.1439 0.3607 0.1140 0.3635 0.2199 0.1131 0.5093 0.1496 0.1250 0.4565 0.1203 0.2265 0.2786 0.1118 0.4596 0.1706
0.4334 0.1124 0.2796 0.2245 0.1204 0.4580 0.1248 0.1499 0.5089 0.1130 0.2205 0.3620 0.1140 0.3618 0.1435 0.1316 0.5191 0.1168 0.1794 0.4559 0.1118 0.2823 0.2188 0.1208 0.4622 0.1243 0.1511 0.5072 0.1129 0.2236 0.3536 0.1144 0.3697 0.1408 0.1331 0.5204 0.1162 0.1843 0.4445 0.1119 0.2949 0.1951 0.1225 0.4807 0.1221 0.1561 0.4635 0.1382 0.1343 0.3961 0.1158 0.3188 0.2376 0.1123 0.4979 0.1568 0.1220 0.4807 0.1225 0.1951 0.2949 0.1119 0.4445 0.1843 0.1162 0.5204 0.1331 0.1408 0.3697 0.1144 0.3536 0.2236 0.1129 0.5072 0.1511 0.1243 0.4622 0.1208 0.2188 0.2823 0.1118 0.4559 0.1794 0.1168 0.5191 0.1316 0.1435 0.3618 0.1140 0.3620 0.2205 0.1130 0.5089 0.1499 0.1248 0.4579 0.1204 0.2245 0.2796 0.1124 0.4335
0.1101 0.2807 0.2224 0.1205 0.4594 0.1246 0.1502 0.5085 0.1130 0.2212 0.3605 0.1141 0.3629 0.1432 0.1318 0.5193 0.1168 0.1798 0.4551 0.1118 0.2832 0.2173 0.1209 0.4633 0.1241 0.1513 0.5069 0.1128 0.2239 0.3533 0.1144 0.3694 0.1410 0.1330 0.5204 0.1163 0.1839 0.4454 0.1119 0.2941 0.1965 0.1224 0.4797 0.1221 0.1566 0.5001 0.1075 0.5207 0.1375 0.1345 0.3949 0.1157 0.3204 0.2369 0.1123 0.4984 0.1565 0.1221 0.4797 0.1224 0.1965 0.2941 0.1119 0.4454 0.1839 0.1163 0.5204 0.1330 0.1410 0.3694 0.1144 0.3533 0.2239 0.1128 0.5069 0.1513 0.1241 0.4633 0.1209 0.2173 0.2832 0.1118 0.4551 0.1798 0.1168 0.5193 0.1318 0.1432 0.3629 0.1141 0.3605 0.2212 0.1130 0.5084 0.1503 0.1246 0.4593 0.1205 0.2224 0.2807 0.1101
0.2691 0.2205 0.1206 0.4607 0.1245 0.1506 0.5080 0.1129 0.2219 0.3587 0.1142 0.3642 0.1428 0.1319 0.5194 0.1167 0.1802 0.4542 0.1118 0.2840 0.2157 0.1210 0.4644 0.1240 0.1516 0.5065 0.1128 0.2245 0.3522 0.1144 0.3697 0.1410 0.1330 0.5203 0.1163 0.1835 0.4463 0.1119 0.2932 0.1979 0.1223 0.4787 0.1222 0.1562 0.4988 0.1109 0.2751 0.1110 0.5206 0.1373 0.1347 0.3938 0.1156 0.3220 0.2363 0.1123 0.4989 0.1562 0.1222 0.4787 0.1223 0.1979 0.2932 0.1119 0.4463 0.1835 0.1163 0.5203 0.1330 0.1410 0.3697 0.1144 0.3522 0.2245 0.1128 0.5065 0.1516 0.1240 0.4644 0.1210 0.2157 0.2840 0.1118 0.4542 0.1802 0.1167 0.5194 0.1319 0.1428 0.3642 0.1142 0.3587 0.2219 0.1129 0.5080 0.1506 0.1245 0.4607 0.1206 0.2206 0.2690
0.1974 0.1210 0.4620 0.1243 0.1509 0.5076 0.1129 0.2227 0.3568 0.1142 0.3655 0.1424 0.1321 0.5196 0.1167 0.1806 0.4533 0.1118 0.2848 0.2141 0.1211 0.4654 0.1239 0.1519 0.5061 0.1128 0.2251 0.3508 0.1144 0.3705 0.1408 0.1330 0.5203 0.1163 0.1833 0.4470 0.1119 0.2923 0.1993 0.1222 0.4777 0.1223 0.1559 0.4994 0.1125 0.2338 0.2308 0.1940 0.1152 0.5207 0.1371 0.1350 0.3927 0.1156 0.3236 0.2356 0.1124 0.4994 0.1559 0.1223 0.4777 0.1222 0.1993 0.2923 0.1119 0.4470 0.1833 0.1163 0.5203 0.1330 0.1408 0.3705 0.1144 0.3508 0.2251 0.1128 0.5061 0.1519 0.1239 0.4654 0.1211 0.2141 0.2848 0.1118 0.4533 0.1806 0.1167 0.5196 0.1321 0.1424 0.3655 0.1142 0.3569 0.2227 0.1129 0.5075 0.1509 0.1243 0.4620 0.1210 0.1975
0.1159 0.4632 0.1242 0.1512 0.5071 0.1129 0.2235 0.3550 0.1143 0.3668 0.1420 0.1324 0.5198 0.1166 0.1810 0.4525 0.1118 0.2857 0.2125 0.1212 0.4665 0.1238 0.1522 0.5057 0.1127 0.2257 0.3493 0.1145 0.3716 0.1405 0.1331 0.5204 0.1163 0.1833 0.4472 0.1119 0.2917 0.2006 0.1221 0.4767 0.1225 0.1556 0.4999 0.1124 0.2351 0.3302 0.1209 0.4261 0.1932 0.1152 0.5207 0.1369 0.1352 0.3915 0.1155 0.3251 0.2350 0.1124 0.4999 0.1556 0.1225 0.4767 0.1221 0.2006 0.2917 0.1119 0.4472 0.1833 0.1163 0.5204 0.1331 0.1405 0.3716 0.1145 0.3493 0.2257 0.1127 0.5057 0.1522 0.1238 0.4665 0.1212 0.2125 0.2857 0.1118 0.4525 0.1810 0.1166 0.5198 0.1323 0.1420 0.3668 0.1143 0.3551 0.2234 0.1129 0.5071 0.1512 0.1242 0.4634 0.1159
0.4444 0.1244 0.1516 0.5066 0.1128 0.2242 0.3532 0.1144 0.3682 0.1415 0.1326 0.5199 0.1166 0.1814 0.4516 0.1118 0.2865 0.2110 0.1213 0.4676 0.1236 0.1524 0.5053 0.1127 0.2263 0.3478 0.1146 0.3727 0.1402 0.1333 0.5204 0.1163 0.1835 0.4470 0.1119 0.2915 0.2013 0.1220 0.4758 0.1226 0.1553 0.5004 0.1124 0.2343 0.3262 0.1146 0.4521 0.1099 0.4258 0.1928 0.1152 0.5208 0.1367 0.1355 0.3904 0.1154 0.3267 0.2343 0.1124 0.5004 0.1553 0.1226 0.4758 0.1220 0.2013 0.2915 0.1119 0.4470 0.1835 0.1163 0.5204 0.1333 0.1402 0.3727 0.1146 0.3478 0.2263 0.1127 0.5053 0.1524 0.1236 0.4676 0.1213 0.2110 0.2865 0.1118 0.4516 0.1814 0.1165 0.5199 0.1326 0.1416 0.3682 0.1144 0.3532 0.2242 0.1128 0.5066 0.1516 0.1244 0.4446
0.1287 0.1519 0.5061 0.1128 0.2250 0.3513 0.1144 0.3696 0.1411 0.1328 0.5201 0.1165 0.1819 0.4507 0.1118 0.2874 0.2094 0.1214 0.4686 0.1235 0.1527 0.5048 0.1127 0.2269 0.3463 0.1146 0.3738 0.1399 0.1335 0.5205 0.1162 0.1839 0.4463 0.1119 0.2917 0.2013 0.1220 0.4753 0.1227 0.1551 0.5008 0.1124 0.2337 0.3283 0.1155 0.3855 0.1153 0.3099 0.1122 0.4269 0.1923 0.1153 0.5208 0.1365 0.1357 0.3892 0.1154 0.3283 0.2337 0.1124 0.5008 0.1551 0.1227 0.4753 0.1220 0.2013 0.2917 0.1119 0.4463 0.1839 0.1162 0.5205 0.1335 0.1399 0.3738 0.1146 0.3463 0.2269 0.1127 0.5048 0.1527 0.1235 0.4686 0.1214 0.2094 0.2874 0.1118 0.4507 0.1819 0.1165 0.5201 0.1328 0.1412 0.3695 0.1144 0.3513 0.2250 0.1128 0.5061 0.1519 0.1287
0.1463 0.5055 0.1128 0.2257 0.3496 0.1145 0.3709 0.1407 0.1330 0.5202 0.1164 0.1824 0.4497 0.1118 0.2883 0.2079 0.1215 0.4697 0.1234 0.1530 0.5044 0.1127 0.2275 0.3448 0.1147 0.3749 0.1396 0.1337 0.5206 0.1162 0.1843 0.4454 0.1119 0.2923 0.2006 0.1220 0.4753 0.1227 0.1549 0.5012 0.1125 0.2331 0.3298 0.1153 0.3885 0.1355 0.1511 0.1735 0.3102 0.1122 0.4279 0.1918 0.1153 0.5209 0.1363 0.1360 0.3881 0.1153 0.3298 0.2331 0.1125 0.5012 0.1549 0.1227 0.4753 0.1220 0.2006 0.2923 0.1119 0.4454 0.1843 0.1162 0.5206 0.1337 0.1396 0.3749 0.1147 0.3448 0.2275 0.1127 0.5044 0.1530 0.1234 0.4697 0.1215 0.2079 0.2882 0.1118 0.4497 0.1824 0.1164 0.5202 0.1330 0.1408 0.3708 0.1145 0.3496 0.2257 0.1127 0.5056 0.1463
0.4844 0.1133 0.2264 0.3478 0.1146 0.3723 0.1404 0.1332 0.5204 0.1163 0.1829 0.4486 0.1118 0.2893 0.2062 0.1216 0.4707 0.1233 0.1533 0.5040 0.1126 0.2281 0.3433 0.1147 0.3760 0.1393 0.1339 0.5207 0.1161 0.1847 0.4445 0.1119 0.2932 0.1993 0.1221 0.4758 0.1227 0.1549 0.5013 0.1125 0.2326 0.3312 0.1153 0.3870 0.1362 0.1357 0.5107 0.1247 0.1756 0.3092 0.1122 0.4290 0.1914 0.1154 0.5209 0.1361 0.1362 0.3870 0.1153 0.3312 0.2326 0.1125 0.5013 0.1549 0.1227 0.4758 0.1221 0.1993 0.2932 0.1119 0.4445 0.1847 0.1161 0.5207 0.1339 0.1393 0.3760 0.1147 0.3433 0.2281 0.1126 0.5040 0.1533 0.1233 0.4707 0.1216 0.2063 0.2892 0.1118 0.4486 0.1829 0.1163 0.5204 0.1332 0.1404 0.3722 0.1146 0.3478 0.2264 0.1133 0.4845
0.1129 0.2272 0.3459 0.1146 0.3737 0.1400 0.1334 0.5205 0.1163 0.1834 0.4475 0.1118 0.2903 0.2044 0.1217 0.4718 0.1231 0.1536 0.5036 0.1126 0.2288 0.3418 0.1148 0.3771 0.1390 0.1341 0.5207 0.1160 0.1852 0.4436 0.1119 0.2941 0.1979 0.1222 0.4767 0.1226 0.1551 0.5012 0.1125 0.2324 0.3320 0.1152 0.3860 0.1365 0.1360 0.5210 0.1057 0.4932 0.1243 0.1766 0.3083 0.1121 0.4300 0.1909 0.1154 0.5209 0.1359 0.1365 0.3860 0.1152 0.3320 0.2324 0.1125 0.5012 0.1551 0.1226 0.4767 0.1222 0.1979 0.2941 0.1119 0.4436 0.1852 0.1160 0.5207 0.1341 0.1390 0.3771 0.1148 0.3418 0.2288 0.1126 0.5036 0.1536 0.1231 0.4718 0.1217 0.2044 0.2903 0.1118 0.4475 0.1834 0.1163 0.5205 0.1334 0.1400 0.3736 0.1146 0.3459 0.2272 0.1129
0.2183 0.3441 0.1147 0.3750 0.1396 0.1336 0.5206 0.1162 0.1840 0.4463 0.1119 0.2914 0.2025 0.1218 0.4730 0.1230 0.1539 0.5031 0.1126 0.2294 0.3403 0.1148 0.3782 0.1387 0.1342 0.5208 0.1160 0.1856 0.4426 0.1119 0.2949 0.1965 0.1223 0.4777 0.1225 0.1553 0.5008 0.1125 0.2326 0.3320 0.1152 0.3854 0.1367 0.1357 0.5210 0.1141 0.2183 0.1165 0.4924 0.1240 0.1779 0.3071 0.1122 0.4310 0.1904 0.1156 0.5210 0.1358 0.1367 0.3854 0.1152 0.3320 0.2326 0.1125 0.5008 0.1553 0.1225 0.4777 0.1223 0.1965 0.2949 0.1119 0.4426 0.1856 0.1160 0.5208 0.1342 0.1387 0.3782 0.1148 0.3403 0.2294 0.1126 0.5031 0.1539 0.1230 0.4729 0.1218 0.2025 0.2914 0.1119 0.4463 0.1840 0.1162 0.5206 0.1336 0.1396 0.3750 0.1147 0.3442 0.2182
0.3106 0.1153 0.3763 0.1392 0.1339 0.5207 0.1161 0.1845 0.4451 0.1119 0.2924 0.2008 0.1220 0.4743 0.1229 0.1542 0.5027 0.1126 0.2300 0.3388 0.1149 0.3793 0.1384 0.1344 0.5208 0.1159 0.1861 0.4417 0.1119 0.2958 0.1951 0.1224 0.4787 0.1223 0.1556 0.5004 0.1124 0.2331 0.3312 0.1152 0.3854 0.1368 0.1356 0.5210 0.1117 0.1892 0.3636 0.1646 0.1184 0.4912 0.1278 0.1658 0.3049 0.1095 0.4343 0.1893 0.1133 0.5209 0.1359 0.1367 0.3854 0.1152 0.3312 0.2331 0.1124 0.5004 0.1556 0.1223 0.4787 0.1224 0.1951 0.2958 0.1119 0.4417 0.1861 0.1159 0.5208 0.1344 0.1384 0.3793 0.1149 0.3388 0.2300 0.1126 0.5026 0.1542 0.1229 0.4742 0.1220 0.2008 0.2924 0.1119 0.4452 0.1845 0.1161 0.5207 0.1339 0.1392 0.3764 0.1153 0.3108
0.1110 0.3776 0.1389 0.1341 0.5207 0.1161 0.1851 0.4439 0.1119 0.2935 0.1990 0.1221 0.4756 0.1228 0.1545 0.5022 0.1125 0.2306 0.3373 0.1150 0.3804 0.1381 0.1346 0.5209 0.1159 0.1865 0.4407 0.1119 0.2967 0.1937 0.1225 0.4797 0.1222 0.1559 0.4999 0.1124 0.2337 0.3298 0.1153 0.3860 0.1367 0.1356 0.5210 0.1044 0.2638 0.3082 0.1371 0.3323 0.1833 0.1369 0.3044 0.1805 0.1340 0.5101 0.1147 0.3631 0.2262 0.1179 0.5031 0.1361 0.1367 0.3860 0.1153 0.3298 0.2337 0.1124 0.4999 0.1559 0.1222 0.4797 0.1225 0.1937 0.2967 0.1119 0.4407 0.1865 0.1159 0.5209 0.1346 0.1381 0.3804 0.1150 0.3373 0.2306 0.1125 0.5021 0.1546 0.1227 0.4755 0.1221 0.1990 0.2935 0.1119 0.4440 0.1850 0.1161 0.5207 0.1341 0.1389 0.3778 0.1110
0.3614 0.1389 0.1343 0.5208 0.1160 0.1856 0.4428 0.1119 0.2946 0.1973 0.1223 0.4768 0.1226 0.1549 0.5016 0.1125 0.2313 0.3358 0.1150 0.3815 0.1378 0.1348 0.5209 0.1158 0.1869 0.4398 0.1120 0.2975 0.1924 0.1227 0.4807 0.1221 0.1562 0.4994 0.1124 0.2343 0.3283 0.1153 0.3870 0.1365 0.1357 0.5210 0.1056 0.3629 0.1242 0.1392 0.0617 0.1912 0.4706 0.1503 0.3077 0.3508 0.1406 0.1400 0.3663 0.1138 0.4821 0.1900 0.4156 0.5031 0.1360 0.1365 0.3870 0.1153 0.3283 0.2343 0.1124 0.4994 0.1562 0.1221 0.4807 0.1227 0.1924 0.2975 0.1120 0.4398 0.1869 0.1158 0.5209 0.1348 0.1378 0.3815 0.1150 0.3358 0.2313 0.1125 0.5016 0.1549 0.1226 0.4768 0.1222 0.1973 0.2946 0.1119 0.4428 0.1856 0.1160 0.5208 0.1343 0.1388 0.3616
0.1428 0.1346 0.5209 0.1159 0.1862 0.4416 0.1119 0.2957 0.1955 0.1224 0.4780 0.1225 0.1552 0.5011 0.1125 0.2320 0.3341 0.1151 0.3827 0.1375 0.1350 0.5209 0.1158 0.1874 0.4388 0.1120 0.2984 0.1910 0.1228 0.4817 0.1220 0.1565 0.4989 0.1124 0.2350 0.3267 0.1154 0.3881 0.1362 0.1359 0.5210 0.1137 0.2156 0.3328 0.3856 0.1165 0.0884 0.1632 0.3531 0.1283 0.3334 0.1276 0.3642 0.1938 0.2506 0.2719 0.1934 0.3855 0.1475 0.1139 0.5210 0.1359 0.1363 0.3881 0.1154 0.3267 0.2350 0.1124 0.4989 0.1565 0.1220 0.4817 0.1228 0.1910 0.2984 0.1120 0.4388 0.1874 0.1158 0.5209 0.1350 0.1375 0.3827 0.1151 0.3341 0.2320 0.1125 0.5010 0.1553 0.1225 0.4780 0.1224 0.1956 0.2956 0.1119 0.4416 0.1862 0.1159 0.5209 0.1346 0.1428
0.1294 0.5209 0.1159 0.1867 0.4405 0.1119 0.2968 0.1938 0.1225 0.4792 0.1223 0.1556 0.5005 0.1124 0.2328 0.3321 0.1152 0.3838 0.1373 0.1352 0.5210 0.1157 0.1878 0.4378 0.1120 0.2993 0.1897 0.1229 0.4826 0.1219 0.1568 0.4984 0.1123 0.2356 0.3251 0.1154 0.3892 0.1360 0.1361 0.5209 0.1154 0.1912 0.3766 0.0970 0.4142 0.1831 0.4537 0.2637 0.2417 0.3553 0.5908 0.2431 0.3953 0.2911 0.3018 0.2763 0.1287 0.2312 0.3376 0.2416 0.1123 0.5209 0.1361 0.1360 0.3892 0.1154 0.3251 0.2356 0.1123 0.4984 0.1568 0.1219 0.4826 0.1229 0.1897 0.2993 0.1120 0.4378 0.1878 0.1157 0.5210 0.1352 0.1373 0.3838 0.1152 0.3323 0.2328 0.1124 0.5005 0.1556 0.1223 0.4792 0.1225 0.1939 0.2967 0.1119 0.4405 0.1867 0.1159 0.5209 0.1294
0.5028 0.1163 0.1872 0.4393 0.1120 0.2979 0.1921 0.1226 0.4803 0.1222 0.1560 0.4999 0.1124 0.2336 0.3302 0.1152 0.3851 0.1370 0.1354 0.5210 0.1157 0.1883 0.4369 0.1120 0.3002 0.1884 0.1230 0.4836 0.1218 0.1571 0.4979 0.1123 0.2363 0.3236 0.1155 0.3904 0.1357 0.1363 0.5209 0.1154 0.1905 0.4305 0.1196 0.2108 0.1315 0.1996 0.4262 0.4072 0.1835 0.4070 0.0896 0.1162 0.3299 0.0981 0.1975 0.1224 0.3729 0.0867 0.3994 0.2514 0.1913 0.1154 0.5209 0.1363 0.1357 0.3904 0.1155 0.3236 0.2363 0.1123 0.4979 0.1571 0.1218 0.4836 0.1230 0.1884 0.3002 0.1120 0.4369 0.1883 0.1157 0.5210 0.1354 0.1370 0.3851 0.1152 0.3303 0.2336 0.1124 0.4999 0.1560 0.1222 0.4805 0.1227 0.1922 0.2978 0.1120 0.4393 0.1872 0.1163 0.5028
0.1180 0.1878 0.4381 0.1120 0.2990 0.1905 0.1228 0.4814 0.1221 0.1564 0.4993 0.1124 0.2344 0.3284 0.1153 0.3865 0.1366 0.1356 0.5210 0.1156 0.1887 0.4359 0.1120 0.3011 0.1872 0.1231 0.4845 0.1217 0.1574 0.4974 0.1123 0.2369 0.3220 0.1156 0.3915 0.1355 0.1365 0.5209 0.1154 0.1909 0.4309 0.1097 0.5182 0.1009 0.1518 0.3934 0.1629 0.1405 0.2860 0.1456 0.5035 0.4650 0.3134 0.3208 0.1240 0.3746 0.3553 0.4255 0.2079 0.1179 0.4332 0.1910 0.1154 0.5209 0.1365 0.1355 0.3915 0.1156 0.3220 0.2369 0.1123 0.4974 0.1574 0.1217 0.4845 0.1231 0.1872 0.3011 0.1120 0.4359 0.1887 0.1156 0.5210 0.1356 0.1367 0.3865 0.1153 0.3282 0.2344 0.1124 0.4993 0.1564 0.1221 0.4816 0.1228 0.1906 0.2989 0.1120 0.4381 0.1878 0.1180
0.1807 0.4367 0.1121 0.3003 0.1885 0.1230 0.4829 0.1220 0.1568 0.4985 0.1125 0.2353 0.3260 0.1155 0.3883 0.1363 0.1359 0.5210 0.1157 0.1893 0.4345 0.1121 0.3023 0.1855 0.1233 0.4858 0.1216 0.1578 0.4968 0.1124 0.2377 0.3198 0.1157 0.3930 0.1352 0.1368 0.5208 0.1154 0.1915 0.4296 0.1123 0.3046 0.1438 0.0482 0.3563 0.4282 0.1124 0.1300 0.1633 0.1616 0.3995 0.1086 0.1042 0.2080 0.2451 0.3956 0.2308 0.2763 0.4725 0.3077 0.1117 0.4299 0.1914 0.1153 0.5208 0.1367 0.1352 0.3927 0.1156 0.3204 0.2376 0.1123 0.4969 0.1578 0.1216 0.4855 0.1232 0.1859 0.3020 0.1120 0.4349 0.1892 0.1156 0.5210 0.1359 0.1363 0.3879 0.1154 0.3263 0.2352 0.1124 0.4987 0.1567 0.1219 0.4827 0.1229 0.1889 0.3000 0.1120 0.4368 0.1807
0.4098 0.1107 0.2985 0.1903 0.1228 0.4804 0.1195 0.1566 0.4997 0.1099 0.2342 0.3299 0.1144 0.3853 0.1345 0.1358 0.5210 0.1130 0.1887 0.4373 0.1102 0.2998 0.1878 0.1231 0.4831 0.1192 0.1575 0.4982 0.1099 0.2364 0.3241 0.1147 0.3898 0.1334 0.1367 0.5209 0.1127 0.1909 0.4325 0.1103 0.3038 0.1822 0.1397 0.2619 0.3545 0.2138 0.2086 0.2014 0.5094 0.3547 0.1351 0.3531 0.5127 0.0877 0.2056 0.3576 0.1496 0.2848 0.1614 0.1395 0.3103 0.1121 0.4288 0.1918 0.1153 0.5208 0.1369 0.1350 0.3938 0.1157 0.3188 0.2382 0.1123 0.4964 0.1581 0.1215 0.4864 0.1233 0.1847 0.3029 0.1120 0.4339 0.1896 0.1155 0.5209 0.1361 0.1360 0.3893 0.1155 0.3244 0.2360 0.1123 0.4980 0.1571 0.1218 0.4838 0.1231 0.1874 0.3011 0.1127 0.4087
0.1120 0.3952 0.1251 0.1396 0.5210 0.1059 0.1916 0.4324 0.1091 0.3040 0.1775 0.1254 0.4871 0.1107 0.1602 0.4965 0.1060 0.2385 0.3185 0.1154 0.3931 0.1249 0.1399 0.5209 0.1058 0.1928 0.4294 0.1092 0.3069 0.1732 0.1259 0.4903 0.1103 0.1614 0.4943 0.1061 0.2416 0.3106 0.1159 0.3988 0.1238 0.1415 0.4910 0.3954 0.5029 0.4443 0.2380 0.1549 0.5595 0.1162 0.1768 0.1091 0.0977 0.5043 0.5191 0.4899 0.2471 0.2452 0.4596 0.1648 0.1664 0.3060 0.1122 0.4279 0.1923 0.1152 0.5207 0.1371 0.1347 0.3949 0.1158 0.3172 0.2389 0.1122 0.4959 0.1584 0.1214 0.4873 0.1235 0.1835 0.3038 0.1121 0.4328 0.1902 0.1155 0.5209 0.1363 0.1357 0.3907 0.1156 0.3226 0.2368 0.1123 0.4974 0.1575 0.1217 0.4850 0.1232 0.1860 0.3021 0.1098
0.4099 0.1107 0.2984 0.1905 0.1228 0.4804 0.1195 0.1566 0.4998 0.1099 0.2342 0.3299 0.1144 0.3853 0.1345 0.1358 0.5210 0.1130 0.1886 0.4375 0.1102 0.2998 0.1878 0.1231 0.4831 0.1192 0.1575 0.4983 0.1099 0.2364 0.3241 0.1147 0.3896 0.1335 0.1367 0.5209 0.1127 0.1909 0.4325 0.1103 0.3040 0.1823 0.1336 0.1314 0.4173 0.4271 0.1473 0.2336 0.0845 0.2520 0.3610 0.1967 0.0941 0.0838 0.1083 0.1074 0.1223 0.4994 0.4502 0.4932 0.1295 0.1792 0.3093 0.1122 0.4269 0.1928 0.1152 0.5207 0.1373 0.1345 0.3961 0.1158 0.3156 0.2395 0.1122 0.4954 0.1587 0.1213 0.4882 0.1236 0.1822 0.3048 0.1121 0.4315 0.1908 0.1154 0.5209 0.1366 0.1354 0.3921 0.1156 0.3206 0.2376 0.1123 0.4968 0.1579 0.1215 0.4862 0.1233 0.1846 0.2894
0.1807 0.4367 0.1121 0.3001 0.1887 0.1230 0.4829 0.1220 0.1568 0.4985 0.1125 0.2353 0.3260 0.1155 0.3882 0.1363 0.1359 0.5210 0.1157 0.1892 0.4347 0.1121 0.3023 0.1855 0.1233 0.4858 0.1217 0.1578 0.4968 0.1124 0.2377 0.3198 0.1157 0.3929 0.1353 0.1368 0.5208 0.1154 0.1915 0.4296 0.1122 0.3070 0.1156 0.4895 0.1808 0.1180 0.1825 0.3840 0.0728 0.4728 0.1948 0.2007 0.1482 0.0812 0.3322 0.1699 0.3870 0.1205 0.1216 0.1123 0.5075 0.1239 0.1755 0.3102 0.1122 0.4258 0.1932 0.1152 0.5206 0.1375 0.1343 0.3973 0.1159 0.3138 0.2402 0.1122 0.4948 0.1590 0.1212 0.4892 0.1237 0.1807 0.3061 0.1121 0.4301 0.1914 0.1154 0.5208 0.1368 0.1351 0.3937 0.1157 0.3184 0.2385 0.1123 0.4961 0.1583 0.1214 0.4874 0.1235 0.1738
0.1180 0.1878 0.4381 0.1120 0.2988 0.1907 0.1228 0.4814 0.1221 0.1564 0.4993 0.1124 0.2344 0.3284 0.1153 0.3864 0.1367 0.1356 0.5210 0.1156 0.1886 0.4361 0.1120 0.3011 0.1872 0.1231 0.4845 0.1217 0.1574 0.4975 0.1123 0.2369 0.3220 0.1156 0.3913 0.1355 0.1365 0.5209 0.1154 0.1909 0.4311 0.1107 0.3697 0.1800 0.3169 0.1351 0.2703 0.2018 0.5428 0.1981 0.3738 0.1502 0.2523 0.1278 0.1885 0.3109 0.4357 0.5501 0.0794 0.2843 0.1091 0.4912 0.1247 0.1735 0.3099 0.1099 0.4261 0.1940 0.1110 0.5207 0.1382 0.1305 0.3969 0.1152 0.3141 0.2405 0.1087 0.4950 0.1598 0.1170 0.4890 0.1241 0.1784 0.3061 0.1098 0.4301 0.1923 0.1112 0.5209 0.1376 0.1312 0.3936 0.1149 0.3182 0.2389 0.1087 0.4961 0.1593 0.1171 0.4891 0.1192
0.5028 0.1163 0.1872 0.4393 0.1120 0.2978 0.1922 0.1226 0.4802 0.1222 0.1560 0.4999 0.1124 0.2336 0.3303 0.1152 0.3850 0.1370 0.1354 0.5210 0.1157 0.1882 0.4370 0.1120 0.3002 0.1884 0.1230 0.4836 0.1218 0.1571 0.4980 0.1123 0.2363 0.3236 0.1155 0.3902 0.1358 0.1363 0.5209 0.1154 0.1905 0.4313 0.1206 0.1126 0.2795 0.4958 0.3847 0.2765 0.1695 0.4551 0.4314 0.0891 0.0831 0.4257 0.1878 0.4623 0.3251 0.0908 0.0682 0.2350 0.2212 0.1056 0.5107 0.1511 0.1153 0.4521 0.1209 0.2308 0.2751 0.1075 0.4636 0.1772 0.1075 0.5171 0.1328 0.1381 0.3521 0.1122 0.3743 0.2160 0.1057 0.5122 0.1500 0.1159 0.4472 0.1204 0.2378 0.2721 0.1074 0.4664 0.1759 0.1076 0.5162 0.1323 0.1393 0.3497 0.1121 0.3763 0.2158 0.1062 0.4902
0.1294 0.5209 0.1159 0.1866 0.4405 0.1119 0.2967 0.1939 0.1225 0.4790 0.1223 0.1556 0.5005 0.1124 0.2328 0.3322 0.1152 0.3837 0.1373 0.1352 0.5210 0.1157 0.1877 0.4380 0.1120 0.2993 0.1897 0.1229 0.4826 0.1219 0.1568 0.4985 0.1123 0.2356 0.3251 0.1154 0.3891 0.1360 0.1361 0.5209 0.1153 0.1937 0.1538 0.3737 0.3826 0.1744 0.4189 0.0723 0.1953 0.3564 0.0921 0.2713 0.1352 0.0955 0.4049 0.0650 0.0451 0.1691 0.4768 0.1922 0.1139 0.5210 0.1357 0.1355 0.3853 0.1146 0.3303 0.2338 0.1109 0.5001 0.1561 0.1207 0.4794 0.1225 0.1935 0.2964 0.1107 0.4412 0.1867 0.1143 0.5209 0.1348 0.1369 0.3800 0.1143 0.3374 0.2310 0.1110 0.5021 0.1549 0.1212 0.4756 0.1221 0.1980 0.2938 0.1107 0.4437 0.1856 0.1144 0.5208 0.1292
