-48.7841 -9.5700 -36.1041 -10.5789 -22.9097 -42.3071 19.9903 -27.8409 -48.1942 21.2926 -33.3579 -39.8975 -19.4971 -39.6149 11.1307 -25.6992 -45.9892 31.0205 -30.9915 -48.3123 -13.4002 -37.0965 -1.8824 -23.7239 -43.2406 22.9852 -28.6112 -48.5812 8.1770 -34.0695 -32.6177 -20.8169 -40.4969 14.1404 -26.3926 -46.8330 31.5909 -31.7960 -47.0076 -15.9911 -37.9432 3.7948 -24.3871 -44.1727 26.0375 -29.9288 -47.8184 -28.5334 17.0470 -41.3967 -21.9532 -22.0102 -35.0070 -3.1431 -48.7551 -29.3903 26.0163 -44.1770 -24.3878 3.7993 -37.9431 -15.9910 -47.0052 -31.7980 31.5914 -46.8370 -26.3932 14.1433 -40.4968 -20.8168 -32.6060 -34.0727 8.1947 -48.5848 -28.6116 22.9883 -43.2404 -23.7238 -1.8734 -37.0962 -13.3958 -48.3092 -30.9934 31.0145 -45.9885 -25.6983 11.1184 -39.6146 -19.4955 -39.8955 -33.3612 21.2866 -48.1946 -27.8420 19.9900 -42.3072 -22.9097 -10.5789 -36.1041 -9.5700 -48.7841
-9.5700 -35.0660 -8.6904 -24.5985 -41.9942 19.6757 -28.8206 -48.3844 31.4634 -33.0203 -38.6421 -20.3353 -39.0003 11.1350 -27.0571 -46.0058 31.9618 -31.3403 -48.0958 -11.4308 -36.1515 -0.9146 -25.4380 -43.0140 22.6506 -29.4480 -48.8116 22.2284 -33.4139 -30.7534 -22.0550 -39.9844 14.0167 -27.6254 -46.9156 34.2163 -31.9464 -46.5573 -15.4249 -37.1088 4.2688 -25.9952 -44.0348 25.7738 -30.0627 -48.7845 -12.8453 -47.2360 -28.2179 16.8323 -40.9872 -23.4765 -19.7759 -33.9912 7.3775 -48.8710 -30.0783 25.7858 -44.0384 -25.9973 4.2685 -37.1086 -15.4260 -46.5575 -31.9461 34.2203 -46.9189 -27.6277 14.0165 -39.9841 -22.0559 -30.7544 -33.4144 22.1837 -48.8136 -29.4505 22.6504 -43.0137 -25.4392 -0.9153 -36.1482 -11.4468 -48.0923 -31.3463 31.9512 -46.0052 -27.0585 11.1264 -38.9970 -20.3349 -38.6190 -33.0225 31.4620 -48.3846 -28.8215 19.6757 -41.9942 -24.5985 -8.6904 -35.0660 -9.5700
-36.1041 -8.6904 -24.5771 -41.9665 19.5672 -28.8887 -48.3596 31.7529 -33.3554 -38.9317 -20.2489 -38.9518 10.9864 -27.0527 -45.9587 31.8296 -31.5221 -48.1452 -11.1670 -36.1036 -1.2080 -25.3900 -42.9599 22.4993 -29.5328 -48.7986 22.9234 -33.8164 -31.1908 -21.9830 -39.9318 13.8764 -27.6407 -46.8720 34.1484 -32.1760 -46.6554 -15.2610 -37.0598 4.0557 -25.9558 -43.9839 25.6184 -30.1997 -48.9096 10.4484 -36.0765 35.0611 -47.6978 -28.2536 16.6930 -40.9400 -23.4154 -20.3545 -34.1551 8.2110 -48.8806 -30.1921 25.6308 -43.9877 -25.9574 4.0568 -37.0624 -15.2593 -46.6630 -32.1698 34.1537 -46.8753 -27.6431 13.8771 -39.9346 -21.9830 -31.2250 -33.8093 22.8690 -48.7997 -29.5359 22.5001 -42.9627 -25.3910 -1.2314 -36.0971 -11.1876 -48.1417 -31.5275 31.8287 -45.9610 -27.0550 10.9782 -38.9485 -20.2501 -38.9112 -33.3554 31.7530 -48.3596 -28.8887 19.5672 -41.9665 -24.5771 -8.6904 -36.1041
-10.5789 -24.5985 -41.9665 19.5257 -28.8749 -48.3413 31.9500 -33.3344 -39.1798 -20.1635 -38.9028 10.8364 -27.0239 -45.9106 31.6875 -31.4928 -48.1924 -10.9070 -36.0543 -1.5087 -25.3559 -42.9083 22.3364 -29.5023 -48.7838 23.5348 -33.8026 -31.6231 -21.9090 -39.8818 13.7250 -27.6122 -46.8282 34.0625 -32.1495 -46.7511 -15.1048 -37.0133 3.8220 -25.9306 -43.9333 25.4591 -30.1678 -48.8839 8.6943 -34.4229 -0.3464 -33.9174 34.7378 -47.6550 -28.2224 16.5596 -40.8891 -23.3512 -20.9456 -34.1459 8.9882 -48.8876 -30.1608 25.4707 -43.9364 -25.9312 3.8367 -37.0158 -15.0908 -46.7646 -32.1403 34.0681 -46.8309 -27.6128 13.7345 -39.8846 -21.9035 -31.6844 -33.7915 23.4863 -48.7847 -29.5028 22.3465 -42.9111 -25.3547 -1.5523 -36.0478 -10.9269 -48.1895 -31.4927 31.6956 -45.9132 -27.0260 10.8290 -38.9024 -20.1645 -39.1798 -33.3343 31.9500 -48.3413 -28.8749 19.5257 -41.9665 -24.5985 -10.5789
-22.9097 -41.9942 19.5672 -28.8749 -48.3350 32.0543 -33.3166 -39.3962 -20.0866 -38.8605 10.6965 -26.9976 -45.8652 31.5461 -31.4648 -48.2344 -10.6452 -36.0019 -1.8191 -25.3210 -42.8576 22.1852 -29.4706 -48.7690 24.1164 -33.7834 -32.0528 -21.8343 -39.8327 13.5840 -27.5830 -46.7866 33.9739 -32.1192 -46.8450 -14.9458 -36.9675 3.6010 -25.9050 -43.8854 25.3029 -30.1358 -48.8920 9.6504 -34.0946 -23.1458 -27.6471 -44.2808 -32.7313 34.7708 -47.6170 -28.1931 16.4192 -40.8389 -23.2865 -21.5336 -34.1310 9.7525 -48.8929 -30.1307 25.3127 -43.8857 -25.9052 3.6134 -36.9675 -14.9231 -46.8569 -32.1124 33.9791 -46.7869 -27.5827 13.5919 -39.8327 -21.8251 -32.1078 -33.7749 24.0784 -48.7692 -29.4699 22.1936 -42.8576 -25.3187 -1.8597 -35.9983 -10.6622 -48.2342 -31.4628 31.5527 -45.8661 -26.9988 10.6965 -38.8604 -20.0866 -39.3962 -33.3166 32.0543 -48.3350 -28.8749 19.5672 -41.9942 -22.9097
-42.3071 19.6757 -28.8887 -48.3413 32.0543 -33.3114 -39.5148 -20.0291 -38.8256 10.5763 -26.9745 -45.8235 31.4189 -31.4387 -48.2725 -10.4065 -35.9497 -2.1574 -25.2861 -42.8068 22.0350 -29.4382 -48.7527 24.6556 -33.7596 -32.4990 -21.7580 -39.7830 13.4434 -27.5533 -46.7423 33.8854 -32.0857 -46.9410 -14.7820 -36.9213 3.3773 -25.8794 -43.8347 25.1538 -30.1018 -48.8966 10.3831 -34.1071 -22.0223 -23.1642 -41.9535 -17.8030 -44.2968 -32.7122 34.7924 -47.5813 -28.1646 16.2787 -40.7884 -23.2208 -22.1418 -34.1126 10.4818 -48.8971 -30.1007 25.1548 -43.8347 -25.8794 3.3773 -36.9213 -14.7610 -46.9463 -32.0843 33.8861 -46.7423 -27.5533 13.4434 -39.7830 -21.7496 -32.5241 -33.7581 24.6530 -48.7527 -29.4382 22.0350 -42.8068 -25.2842 -2.1761 -35.9492 -10.4070 -48.2723 -31.4383 31.4188 -45.8241 -26.9745 10.5763 -38.8256 -20.0291 -39.5148 -33.3114 32.0543 -48.3413 -28.8887 19.6757 -42.3072
19.9903 -28.8206 -48.3596 31.9500 -33.3166 -39.5148 -20.0094 -38.8063 10.4878 -26.9538 -45.7857 31.3012 -31.4133 -48.3060 -10.1794 -35.9027 -2.4788 -25.2523 -42.7617 21.8934 -29.4068 -48.7358 25.2102 -33.7380 -32.9350 -21.6775 -39.7334 13.3008 -27.5248 -46.6984 33.7883 -32.0537 -47.0334 -14.6060 -36.8751 3.1470 -25.8546 -43.7845 24.9963 -30.0686 -48.9001 11.1679 -34.0921 -22.7245 -23.1600 -40.5952 22.4613 -37.7716 -17.6372 -44.4785 -32.6765 34.8050 -47.5450 -28.1359 16.1376 -40.7388 -23.1526 -22.7210 -34.0955 11.2133 -48.9001 -30.0703 24.9963 -43.7845 -25.8546 3.1471 -36.8754 -14.5960 -47.0331 -32.0558 33.7887 -46.6984 -27.5248 13.3009 -39.7337 -21.6734 -32.9334 -33.7405 25.2117 -48.7358 -29.4070 21.8933 -42.7618 -25.2515 -2.4788 -35.9027 -10.1797 -48.3060 -31.4133 31.3012 -45.7857 -26.9538 10.4878 -38.8063 -20.0094 -39.5148 -33.3166 31.9500 -48.3596 -28.8215 19.9900
-27.8409 -48.3844 31.7529 -33.3344 -39.3962 -20.0291 -38.8063 10.4576 -26.9423 -45.7574 31.1961 -31.3859 -48.3376 -9.9523 -35.8591 -2.7633 -25.2205 -42.7203 21.7703 -29.3764 -48.7189 25.7424 -33.7182 -33.3658 -21.5969 -39.6850 13.1581 -27.4956 -46.6562 33.6886 -32.0216 -47.1233 -14.4275 -36.8301 2.9129 -25.8291 -43.7366 24.8407 -30.0353 -48.9021 11.9500 -34.0785 -23.2924 -23.0848 -40.6983 15.6160 -32.2522 6.8476 -37.7748 -17.4940 -44.6538 -32.6429 34.8114 -47.5079 -28.1059 15.9990 -40.6914 -23.0858 -23.2926 -34.0780 11.9456 -48.9019 -30.0385 24.8408 -43.7366 -25.8292 2.9144 -36.8296 -14.4280 -47.1179 -32.0255 33.6890 -46.6562 -27.4957 13.1590 -39.6844 -21.5966 -33.3426 -33.7203 25.7458 -48.7190 -29.3764 21.7703 -42.7203 -25.2205 -2.7633 -35.8591 -9.9523 -48.3376 -31.3859 31.1961 -45.7574 -26.9423 10.4576 -38.8063 -20.0291 -39.3962 -33.3343 31.7530 -48.3846 -27.8420
-48.1942 31.4634 -33.3554 -39.1798 -20.0866 -38.8256 10.4878 -26.9423 -45.7478 31.1374 -31.3651 -48.3650 -9.7241 -35.8156 -3.0491 -25.1894 -42.6795 21.6501 -29.3484 -48.7023 26.2036 -33.7011 -33.7630 -21.5188 -39.6391 13.0177 -27.4646 -46.6111 33.5903 -31.9875 -47.2102 -14.2442 -36.7874 2.6804 -25.8023 -43.6855 24.6925 -30.0011 -48.9030 12.7374 -34.0668 -23.8531 -23.0174 -40.6377 15.8870 -28.3629 -48.4782 -27.1172 6.8556 -37.7229 -17.3558 -44.8144 -32.6106 34.8116 -47.4686 -28.0747 15.8667 -40.6414 -23.0183 -23.8601 -34.0599 12.6854 -48.9030 -30.0044 24.6925 -43.6858 -25.8035 2.6774 -36.7836 -14.2552 -47.2043 -31.9916 33.5906 -46.6113 -27.4660 13.0185 -39.6377 -21.5194 -33.7427 -33.7010 26.2033 -48.7023 -29.3484 21.6501 -42.6795 -25.1894 -3.0491 -35.8156 -9.7241 -48.3650 -31.3651 31.1374 -45.7478 -26.9423 10.4878 -38.8256 -20.0866 -39.1798 -33.3554 31.4620 -48.1946
21.2926 -33.0203 -38.9317 -20.1635 -38.8605 10.5763 -26.9538 -45.7574 31.1374 -31.3584 -48.3797 -9.5506 -35.7762 -3.3356 -25.1578 -42.6387 21.5302 -29.3223 -48.6865 26.6135 -33.6854 -34.1030 -21.4463 -39.5956 12.8925 -27.4368 -46.5656 33.4833 -31.9572 -47.2945 -14.0571 -36.7448 2.4558 -25.7768 -43.6315 24.5349 -29.9682 -48.9026 13.5225 -34.0561 -24.3776 -22.9500 -40.5879 15.7162 -28.0319 -47.1031 26.9978 -44.1947 -26.3046 6.6534 -37.6735 -17.2235 -44.9716 -32.5806 34.8056 -47.4286 -28.0439 15.7266 -40.5913 -22.9500 -24.4250 -34.0456 13.4642 -48.9028 -29.9712 24.5358 -43.6349 -25.7778 2.4352 -36.7387 -14.0697 -47.2884 -31.9594 33.4829 -46.5667 -27.4379 12.8926 -39.5950 -21.4470 -34.1034 -33.6854 26.6135 -48.6865 -29.3223 21.5302 -42.6387 -25.1578 -3.3356 -35.7762 -9.5506 -48.3797 -31.3584 31.1374 -45.7574 -26.9538 10.5763 -38.8604 -20.1645 -38.9112 -33.0225 21.2866
-33.3579 -38.6421 -20.2489 -38.9028 10.6965 -26.9745 -45.7857 31.1961 -31.3651 -48.3797 -9.4909 -35.7542 -3.5528 -25.1291 -42.5985 21.4106 -29.2963 -48.6705 27.0056 -33.6672 -34.4304 -21.3791 -39.5557 12.7766 -27.4129 -46.5261 33.3799 -31.9321 -47.3705 -13.8756 -36.7016 2.2257 -25.7517 -43.5807 24.3689 -29.9376 -48.9013 14.3066 -34.0445 -24.8980 -22.8850 -40.5380 15.5771 -28.0140 -47.4065 34.8170 -35.0242 27.4675 -44.6056 -26.2801 6.4619 -37.6263 -17.0886 -45.1226 -32.5525 34.7928 -47.3884 -28.0132 15.5865 -40.5408 -22.8804 -24.9722 -34.0330 14.2446 -48.9014 -29.9380 24.3793 -43.5835 -25.7515 2.1926 -36.6961 -13.8801 -47.3655 -31.9322 33.3800 -46.5266 -27.4129 12.7766 -39.5557 -21.3791 -34.4304 -33.6672 27.0056 -48.6705 -29.2963 21.4106 -42.5985 -25.1291 -3.5528 -35.7542 -9.4909 -48.3797 -31.3651 31.1961 -45.7857 -26.9745 10.6965 -38.9024 -20.2501 -38.6190 -33.3612
-39.8975 -20.3353 -38.9518 10.8364 -26.9976 -45.8235 31.3012 -31.3859 -48.3650 -9.5506 -35.7542 -3.6274 -25.1129 -42.5686 21.3031 -29.2699 -48.6541 27.3862 -33.6489 -34.7522 -21.3115 -39.5165 12.6623 -27.3893 -46.4897 33.2882 -31.9073 -47.4341 -13.7059 -36.6582 1.9926 -25.7281 -43.5329 24.2147 -29.9056 -48.8987 15.0690 -34.0302 -25.4197 -22.8192 -40.4883 15.4373 -27.9827 -47.3461 34.7735 -33.0253 -33.7002 -31.9352 27.4200 -44.5513 -26.2544 6.2763 -37.5795 -16.9532 -45.2612 -32.5259 34.7733 -47.3478 -27.9824 15.4450 -40.4883 -22.8116 -25.4867 -34.0214 15.0191 -48.8988 -29.9047 24.2233 -43.5330 -25.7276 1.9730 -36.6557 -13.7081 -47.4341 -31.9073 33.2882 -46.4897 -27.3893 12.6623 -39.5165 -21.3115 -34.7522 -33.6489 27.3862 -48.6541 -29.2699 21.3031 -42.5686 -25.1129 -3.6274 -35.7542 -9.5506 -48.3650 -31.3859 31.3012 -45.8241 -26.9988 10.8290 -38.9485 -20.3349 -39.8955
-19.4971 -39.0003 10.9864 -27.0239 -45.8652 31.4189 -31.4133 -48.3376 -9.7241 -35.7762 -3.5528 -25.1129 -42.5584 21.2435 -29.2501 -48.6382 27.7493 -33.6304 -35.0688 -21.2433 -39.4772 12.5477 -27.3657 -46.4533 33.1958 -31.8813 -47.4951 -13.5475 -36.6183 1.7697 -25.7069 -43.4885 24.0778 -29.8731 -48.8937 15.7903 -34.0106 -25.9687 -22.7522 -40.4380 15.2980 -27.9523 -47.3067 34.7468 -32.4749 -45.7563 -22.4780 -48.7692 -30.5343 27.2527 -44.5044 -26.2280 6.0896 -37.5327 -16.8232 -45.3961 -32.4992 34.7472 -47.3067 -27.9523 15.2980 -40.4380 -22.7452 -25.9989 -34.0094 15.7870 -48.8938 -29.8730 24.0779 -43.4885 -25.7066 1.7668 -36.6183 -13.5475 -47.4951 -31.8813 33.1958 -46.4533 -27.3657 12.5477 -39.4772 -21.2433 -35.0688 -33.6304 27.7493 -48.6382 -29.2501 21.2435 -42.5584 -25.1129 -3.5528 -35.7762 -9.7241 -48.3376 -31.4133 31.4188 -45.8661 -27.0260 10.9782 -38.9970 -19.4955
-39.6149 11.1350 -27.0527 -45.9106 31.5461 -31.4387 -48.3060 -9.9523 -35.8156 -3.3356 -25.1291 -42.5686 21.2435 -29.2436 -48.6297 28.0129 -33.6111 -35.3753 -21.1746 -39.4380 12.4330 -27.3421 -46.4167 33.1017 -31.8554 -47.5542 -13.3866 -36.5812 1.5606 -25.6858 -43.4474 23.9505 -29.8439 -48.8893 16.5115 -33.9942 -26.5034 -22.6821 -40.3906 15.1586 -27.9231 -47.2661 34.7138 -32.4728 -45.4915 -16.3478 -38.1659 2.7287 -48.7684 -30.5081 27.1031 -44.4545 -26.2012 5.9007 -37.4860 -16.6914 -45.5275 -32.4720 34.7144 -47.2661 -27.9231 15.1587 -40.3909 -22.6789 -26.5037 -33.9951 16.5086 -48.8893 -29.8439 23.9505 -43.4474 -25.6858 1.5606 -36.5812 -13.3866 -47.5542 -31.8554 33.1017 -46.4167 -27.3421 12.4330 -39.4380 -21.1746 -35.3753 -33.6111 28.0129 -48.6297 -29.2436 21.2435 -42.5686 -25.1291 -3.3356 -35.8156 -9.9523 -48.3060 -31.4383 31.5527 -45.9132 -27.0550 11.1264 -39.6146
11.1307 -27.0571 -45.9587 31.6875 -31.4648 -48.2725 -10.1794 -35.8591 -3.0491 -25.1578 -42.5985 21.3031 -29.2501 -48.6297 28.1014 -33.6018 -35.6007 -21.1122 -39.3995 12.3179 -27.3186 -46.3800 33.0058 -31.8293 -47.6115 -13.2230 -36.5436 1.3511 -25.6644 -43.4067 23.8262 -29.8172 -48.8856 17.1616 -33.9841 -26.9730 -22.6167 -40.3474 15.0347 -27.8931 -47.2266 34.6751 -32.4388 -45.6665 -16.5934 -37.3341 12.6577 -34.5302 2.0881 -48.7661 -30.4740 26.9445 -44.4039 -26.1745 5.7094 -37.4393 -16.5577 -45.6565 -32.4429 34.6757 -47.2269 -27.8930 15.0350 -40.3477 -22.6167 -26.9730 -33.9846 17.1616 -48.8856 -29.8172 23.8262 -43.4067 -25.6644 1.3511 -36.5436 -13.2230 -47.6115 -31.8293 33.0058 -46.3800 -27.3186 12.3179 -39.3995 -21.1122 -35.6007 -33.6018 28.1014 -48.6297 -29.2501 21.3031 -42.5985 -25.1578 -3.0491 -35.8591 -10.1797 -48.2723 -31.4628 31.6956 -45.9610 -27.0585 11.1184
-25.6992 -46.0058 31.8296 -31.4928 -48.2344 -10.4065 -35.9027 -2.7633 -25.1894 -42.6387 21.4106 -29.2699 -48.6382 28.0129 -33.6018 -35.6769 -21.0774 -39.3708 12.2141 -27.2953 -46.3432 32.9082 -31.8033 -47.6671 -13.0564 -36.5056 1.1383 -25.6424 -43.3660 23.7022 -29.7907 -48.8804 17.7514 -33.9734 -27.4013 -22.5583 -40.3075 14.9210 -27.8649 -47.1871 34.6334 -32.4092 -45.7962 -16.4107 -37.4072 4.9986 -30.5413 -16.7040 -34.2151 2.8275 -48.7854 -30.4425 26.7839 -44.3536 -26.1479 5.5156 -37.3926 -16.4198 -45.7896 -32.4116 34.6339 -47.1872 -27.8649 14.9212 -40.3075 -22.5583 -27.4013 -33.9734 17.7514 -48.8804 -29.7907 23.7022 -43.3660 -25.6424 1.1383 -36.5056 -13.0564 -47.6671 -31.8033 32.9082 -46.3432 -27.2953 12.2141 -39.3708 -21.0774 -35.6769 -33.6018 28.0129 -48.6382 -29.2699 21.4106 -42.6387 -25.1894 -2.7633 -35.9027 -10.4070 -48.2342 -31.4927 31.8287 -46.0052 -25.6983
-45.9892 31.9618 -31.5221 -48.1924 -10.6452 -35.9497 -2.4788 -25.2205 -42.6795 21.5302 -29.2963 -48.6541 27.7493 -33.6111 -35.6007 -21.0774 -39.3610 12.1564 -27.2779 -46.3097 32.8106 -31.7772 -47.7210 -12.8870 -36.4673 0.9221 -25.6198 -43.3252 23.5785 -29.7643 -48.8746 18.3335 -33.9592 -27.8191 -22.5001 -40.2677 14.8089 -27.8403 -47.1507 34.5903 -32.3855 -45.9105 -16.2739 -37.3522 5.3863 -26.2671 -45.7150 -24.2104 -16.6695 -34.2128 3.4961 -48.8019 -30.4104 26.6244 -44.3033 -26.1215 5.3291 -37.3492 -16.2807 -45.9112 -32.3859 34.5903 -47.1507 -27.8403 14.8089 -40.2677 -22.5001 -27.8191 -33.9592 18.3335 -48.8746 -29.7643 23.5785 -43.3252 -25.6198 0.9221 -36.4673 -12.8870 -47.7210 -31.7772 32.8106 -46.3097 -27.2779 12.1564 -39.3610 -21.0774 -35.6007 -33.6111 27.7493 -48.6541 -29.2963 21.5302 -42.6795 -25.2205 -2.4788 -35.9492 -10.6622 -48.1895 -31.5275 31.9512 -45.9885
31.0205 -31.3403 -48.1452 -10.9070 -36.0019 -2.1574 -25.2523 -42.7203 21.6501 -29.3223 -48.6705 27.3862 -33.6304 -35.3753 -21.1122 -39.3708 12.1564 -27.2721 -46.2913 32.7367 -31.7522 -47.7724 -12.7144 -36.4286 0.7023 -25.5967 -43.2845 23.4550 -29.7379 -48.8681 18.9071 -33.9447 -28.2323 -22.4414 -40.2279 14.6968 -27.8160 -47.1170 34.5464 -32.3623 -46.0134 -16.1513 -37.3119 5.1564 -26.0948 -44.0545 33.3523 -41.0356 -23.7410 -17.3154 -34.1995 4.1505 -48.8165 -30.3786 26.4665 -44.2553 -26.0971 5.1569 -37.3113 -16.1511 -46.0134 -32.3623 34.5464 -47.1170 -27.8160 14.6968 -40.2279 -22.4414 -28.2323 -33.9447 18.9071 -48.8681 -29.7379 23.4550 -43.2845 -25.5967 0.7023 -36.4286 -12.7144 -47.7724 -31.7522 32.7367 -46.2913 -27.2721 12.1564 -39.3708 -21.1122 -35.3753 -33.6304 27.3862 -48.6705 -29.3223 21.6501 -42.7203 -25.2515 -2.1761 -35.9983 -10.9269 -48.1417 -31.3463 31.0145
-30.9915 -48.0958 -11.1670 -36.0543 -1.8191 -25.2861 -42.7617 21.7703 -29.3484 -48.6865 27.0056 -33.6489 -35.0688 -21.1746 -39.3995 12.2141 -27.2779 -46.2913 32.7114 -31.7391 -47.8097 -12.5564 -36.3902 0.4789 -25.5730 -43.2437 23.3317 -29.7115 -48.8609 19.4718 -33.9300 -28.6407 -22.3823 -40.1881 14.5847 -27.7917 -47.0831 34.4995 -32.3373 -46.1116 -16.0299 -37.2742 4.9962 -26.0761 -44.2273 25.9136 -33.7866 17.1766 -41.1588 -23.6770 -17.8948 -34.1907 4.8292 -48.8302 -30.3502 26.3256 -44.2115 -26.0755 4.9962 -37.2742 -16.0299 -46.1116 -32.3373 34.4995 -47.0831 -27.7917 14.5847 -40.1881 -22.3823 -28.6407 -33.9300 19.4718 -48.8609 -29.7115 23.3317 -43.2437 -25.5730 0.4789 -36.3902 -12.5564 -47.8097 -31.7391 32.7114 -46.2913 -27.2779 12.2141 -39.3995 -21.1746 -35.0688 -33.6489 27.0056 -48.6865 -29.3484 21.7703 -42.7618 -25.2842 -1.8597 -36.0478 -11.1876 -48.0923 -30.9934
-48.3123 -11.4308 -36.1036 -1.5087 -25.3210 -42.8068 21.8934 -29.3764 -48.7023 26.6135 -33.6672 -34.7522 -21.2433 -39.4380 12.3179 -27.2953 -46.3097 32.7367 -31.7391 -47.8222 -12.4675 -36.3614 0.2744 -25.5493 -43.2029 23.2086 -29.6851 -48.8531 20.0272 -33.9151 -29.0443 -22.3227 -40.1484 14.4725 -27.7675 -47.0490 34.4493 -32.3121 -46.2073 -15.9070 -37.2371 4.8337 -26.0544 -44.1702 26.2384 -30.7467 -47.7745 -29.4971 17.1747 -41.1059 -23.6200 -18.4101 -34.1866 5.4637 -48.8423 -30.3241 26.1965 -44.1711 -26.0544 4.8337 -37.2371 -15.9070 -46.2073 -32.3121 34.4493 -47.0490 -27.7675 14.4725 -40.1484 -22.3227 -29.0443 -33.9151 20.0272 -48.8531 -29.6851 23.2086 -43.2029 -25.5493 0.2744 -36.3614 -12.4675 -47.8222 -31.7391 32.7367 -46.3097 -27.2953 12.3179 -39.4380 -21.2433 -34.7522 -33.6672 26.6135 -48.7023 -29.3764 21.8933 -42.8068 -25.3187 -1.5523 -36.0971 -11.4468 -48.3092
-13.4002 -36.1515 -1.2080 -25.3559 -42.8576 22.0350 -29.4068 -48.7189 26.2036 -33.6854 -34.4304 -21.3115 -39.4772 12.4330 -27.3186 -46.3432 32.8106 -31.7522 -47.8097 -12.4675 -36.3515 0.1595 -25.5313 -43.1662 23.0877 -29.6588 -48.8447 20.5730 -33.8999 -29.4431 -22.2626 -40.1086 14.3602 -27.7433 -47.0148 34.3959 -32.2869 -46.3008 -15.7825 -37.2001 4.6694 -26.0334 -44.1307 26.0672 -30.2788 -48.7871 -12.5676 -47.2342 -28.3282 17.0358 -41.0622 -23.5699 -18.8867 -34.1815 6.0533 -48.8521 -30.2974 26.0693 -44.1307 -26.0334 4.6694 -37.2001 -15.7825 -46.3008 -32.2869 34.3959 -47.0148 -27.7433 14.3602 -40.1086 -22.2626 -29.4431 -33.8999 20.5730 -48.8447 -29.6588 23.0877 -43.1662 -25.5313 0.1595 -36.3515 -12.4675 -47.8097 -31.7522 32.8106 -46.3432 -27.3186 12.4330 -39.4772 -21.3115 -34.4304 -33.6854 26.2033 -48.7190 -29.4070 22.0350 -42.8576 -25.3547 -1.2314 -36.1482 -13.3958
-37.0965 -0.9146 -25.3900 -42.9083 22.1852 -29.4382 -48.7358 25.7424 -33.7011 -34.1030 -21.3791 -39.5165 12.5477 -27.3421 -46.3800 32.9082 -31.7772 -47.7724 -12.5564 -36.3614 0.1595 -25.5251 -43.1458 22.9977 -29.6343 -48.8350 21.1087 -33.8844 -29.8368 -22.2020 -40.0690 14.2478 -27.7192 -46.9804 34.3394 -32.2617 -46.3919 -15.6562 -37.1631 4.5032 -26.0124 -44.0902 25.9422 -30.2730 -48.8923 8.9735 -36.0407 35.0281 -47.7615 -28.3053 16.9215 -41.0219 -23.5202 -19.3566 -34.1729 6.6500 -48.8609 -30.2707 25.9422 -44.0902 -26.0124 4.5032 -37.1631 -15.6562 -46.3919 -32.2617 34.3394 -46.9804 -27.7192 14.2478 -40.0690 -22.2020 -29.8368 -33.8844 21.1087 -48.8350 -29.6343 22.9977 -43.1458 -25.5251 0.1595 -36.3614 -12.5564 -47.7724 -31.7772 32.9082 -46.3800 -27.3421 12.5477 -39.5165 -21.3791 -34.1034 -33.7010 25.7458 -48.7358 -29.4382 22.1936 -42.9111 -25.3910 -0.9153 -37.0962
-1.8824 -25.4380 -42.9599 22.3364 -29.4706 -48.7527 25.2102 -33.7182 -33.7630 -21.4463 -39.5557 12.6623 -27.3657 -46.4167 33.0058 -31.8033 -47.7210 -12.7144 -36.3902 0.2744 -25.5313 -43.1458 22.9671 -29.6211 -48.8272 21.5818 -33.8664 -30.2255 -22.1410 -40.0293 14.1354 -27.6950 -46.9459 34.2799 -32.2364 -46.4807 -15.5282 -37.1261 4.3349 -25.9915 -44.0498 25.8152 -30.2440 -48.8659 7.0364 -34.4338 -0.0045 -33.9408 34.6634 -47.7193 -28.2794 16.8089 -40.9817 -23.4700 -19.8261 -34.1639 7.2538 -48.8689 -30.2440 25.8152 -44.0498 -25.9915 4.3349 -37.1261 -15.5282 -46.4807 -32.2364 34.2799 -46.9459 -27.6950 14.1354 -40.0293 -22.1410 -30.2255 -33.8664 21.5818 -48.8272 -29.6211 22.9671 -43.1458 -25.5313 0.2744 -36.3902 -12.7144 -47.7210 -31.8033 33.0058 -46.4167 -27.3657 12.6623 -39.5557 -21.4470 -33.7427 -33.7203 25.2117 -48.7527 -29.4699 22.3465 -42.9627 -25.4392 -1.8734
-23.7239 -43.0140 22.4993 -29.5023 -48.7690 24.6556 -33.7380 -33.3658 -21.5188 -39.5956 12.7766 -27.3893 -46.4533 33.1017 -31.8293 -47.6671 -12.8870 -36.4286 0.4789 -25.5493 -43.1662 22.9977 -29.6211 -48.8248 21.8411 -33.8521 -30.5712 -22.0804 -39.9897 14.0229 -27.6710 -46.9112 34.2175 -32.2110 -46.5674 -15.3984 -37.0892 4.1647 -25.9706 -44.0093 25.6883 -30.2174 -48.8760 7.8755 -34.1311 -21.8472 -27.7461 -44.0097 -32.7836 34.7087 -47.6896 -28.2545 16.6964 -40.9414 -23.4193 -20.2949 -34.1546 7.8638 -48.8760 -30.2174 25.6883 -44.0093 -25.9706 4.1647 -37.0892 -15.3984 -46.5674 -32.2110 34.2175 -46.9112 -27.6710 14.0229 -39.9897 -22.0804 -30.5712 -33.8521 21.8411 -48.8248 -29.6211 22.9977 -43.1662 -25.5493 0.4789 -36.4286 -12.8870 -47.6671 -31.8293 33.1017 -46.4533 -27.3893 12.7766 -39.5950 -21.5194 -33.3426 -33.7405 24.6530 -48.7692 -29.5028 22.5001 -43.0137 -23.7238
-43.2406 22.6506 -29.5328 -48.7838 24.1164 -33.7596 -32.9350 -21.5969 -39.6391 12.8925 -27.4129 -46.4897 33.1958 -31.8554 -47.6115 -13.0564 -36.4673 0.7023 -25.5730 -43.2029 23.0877 -29.6343 -48.8272 21.8411 -33.8481 -30.7613 -22.0349 -39.9540 13.9121 -27.6469 -46.8763 34.1523 -32.1856 -46.6518 -15.2667 -37.0523 3.9923 -25.9498 -43.9688 25.5616 -30.1907 -48.8822 8.4792 -34.1475 -20.6064 -23.3247 -42.0610 -18.0314 -43.9516 -32.7741 34.7394 -47.6593 -28.2296 16.5840 -40.9012 -23.3682 -20.7626 -34.1450 8.4792 -48.8822 -30.1907 25.5616 -43.9688 -25.9498 3.9923 -37.0523 -15.2667 -46.6518 -32.1856 34.1523 -46.8763 -27.6469 13.9121 -39.9540 -22.0349 -30.7613 -33.8481 21.8411 -48.8272 -29.6343 23.0877 -43.2029 -25.5730 0.7023 -36.4673 -13.0564 -47.6115 -31.8554 33.1958 -46.4897 -27.4129 12.8926 -39.6377 -21.5966 -32.9334 -33.7581 24.0784 -48.7847 -29.5359 22.6504 -43.2404
22.9852 -29.4480 -48.7986 23.5348 -33.7834 -32.4990 -21.6775 -39.6850 13.0177 -27.4368 -46.5261 33.2882 -31.8813 -47.5542 -13.2230 -36.5056 0.9221 -25.5967 -43.2437 23.2086 -29.6588 -48.8350 21.5818 -33.8521 -30.7613 -22.0194 -39.9343 13.8294 -27.6250 -46.8416 34.0843 -32.1602 -46.7340 -15.1331 -37.0154 3.8178 -25.9290 -43.9283 25.4350 -30.1641 -48.8876 9.0992 -34.1350 -21.2367 -23.3282 -40.7203 22.7847 -37.8575 -17.8910 -44.1079 -32.7501 34.7646 -47.6287 -28.2048 16.4716 -40.8610 -23.3167 -21.2290 -34.1350 9.0992 -48.8876 -30.1641 25.4350 -43.9283 -25.9290 3.8178 -37.0154 -15.1331 -46.7340 -32.1602 34.0843 -46.8416 -27.6250 13.8294 -39.9343 -22.0194 -30.7613 -33.8521 21.5818 -48.8350 -29.6588 23.2086 -43.2437 -25.5967 0.9221 -36.5056 -13.2230 -47.5542 -31.8813 33.2882 -46.5266 -27.4379 13.0185 -39.6844 -21.6734 -32.5241 -33.7749 23.4863 -48.7997 -29.4505 22.9883
-28.6112 -48.8116 22.9234 -33.8026 -32.0528 -21.7580 -39.7334 13.1581 -27.4646 -46.5656 33.3799 -31.9073 -47.4951 -13.3866 -36.5436 1.1383 -25.6198 -43.2845 23.3317 -29.6851 -48.8447 21.1087 -33.8664 -30.5712 -22.0349 -39.9343 13.8012 -27.6130 -46.8156 34.0208 -32.1334 -46.8141 -14.9976 -36.9786 3.6410 -25.9082 -43.8877 25.3086 -30.1375 -48.8921 9.7228 -34.1248 -21.6938 -23.2645 -40.8339 15.9874 -32.3005 7.2028 -37.8753 -17.7840 -44.2495 -32.7262 34.7846 -47.5979 -28.1800 16.3593 -40.8208 -23.2648 -21.6938 -34.1248 9.7228 -48.8921 -30.1375 25.3086 -43.8877 -25.9082 3.6410 -36.9786 -14.9976 -46.8141 -32.1334 34.0208 -46.8156 -27.6130 13.8012 -39.9343 -22.0349 -30.5712 -33.8664 21.1087 -48.8447 -29.6851 23.3317 -43.2845 -25.6198 1.1383 -36.5436 -13.3866 -47.4951 -31.9073 33.3800 -46.5667 -27.4660 13.1590 -39.7337 -21.7496 -32.1078 -33.7915 22.8690 -48.8136 -28.6116
-48.5812 22.2284 -33.8164 -31.6231 -21.8343 -39.7830 13.3008 -27.4956 -46.6111 33.4833 -31.9321 -47.4341 -13.5475 -36.5812 1.3511 -25.6424 -43.3252 23.4550 -29.7115 -48.8531 20.5730 -33.8844 -30.2255 -22.0804 -39.9540 13.8294 -27.6130 -46.8068 33.9846 -32.1130 -46.8844 -14.8623 -36.9418 3.4619 -25.8875 -43.8472 25.1823 -30.1108 -48.8958 10.3492 -34.1142 -22.1566 -23.2124 -40.7801 16.2845 -28.4469 -48.5321 -27.1886 7.2566 -37.8354 -17.6826 -44.3880 -32.7022 34.7994 -47.5669 -28.1552 16.2470 -40.7807 -23.2124 -22.1566 -34.1142 10.3492 -48.8958 -30.1108 25.1823 -43.8472 -25.8875 3.4619 -36.9418 -14.8623 -46.8844 -32.1130 33.9846 -46.8068 -27.6130 13.8294 -39.9540 -22.0804 -30.2255 -33.8844 20.5730 -48.8531 -29.7115 23.4550 -43.3252 -25.6424 1.3511 -36.5812 -13.5475 -47.4341 -31.9322 33.4829 -46.6113 -27.4957 13.3009 -39.7830 -21.8251 -31.6844 -33.8093 22.1837 -48.5848
8.1770 -33.4139 -31.1908 -21.9090 -39.8327 13.4434 -27.5248 -46.6562 33.5903 -31.9572 -47.3705 -13.7059 -36.6183 1.5606 -25.6644 -43.3660 23.5785 -29.7379 -48.8609 20.0272 -33.8999 -29.8368 -22.1410 -39.9897 13.9121 -27.6250 -46.8156 33.9846 -32.1066 -46.9228 -14.7600 -36.9088 3.2833 -25.8669 -43.8066 25.0562 -30.0842 -48.8987 10.9774 -34.1033 -22.6173 -23.1595 -40.7406 16.1330 -28.1201 -47.2080 25.6655 -44.2920 -26.3692 7.1049 -37.7977 -17.5801 -44.5235 -32.6781 34.8093 -47.5357 -28.1305 16.1348 -40.7406 -23.1595 -22.6173 -34.1033 10.9774 -48.8987 -30.0842 25.0562 -43.8066 -25.8669 3.2833 -36.9088 -14.7600 -46.9228 -32.1066 33.9846 -46.8156 -27.6250 13.9121 -39.9897 -22.1410 -29.8368 -33.8999 20.0272 -48.8609 -29.7379 23.5785 -43.3660 -25.6644 1.5606 -36.6183 -13.7081 -47.3655 -31.9594 33.5906 -46.6562 -27.5248 13.4434 -39.8327 -21.9035 -31.2250 -33.4144 8.1947
-34.0695 -30.7534 -21.9830 -39.8818 13.5840 -27.5533 -46.6984 33.6886 -31.9875 -47.2945 -13.8756 -36.6582 1.7697 -25.6858 -43.4067 23.7022 -29.7643 -48.8681 19.4718 -33.9151 -29.4431 -22.2020 -40.0293 14.0229 -27.6469 -46.8416 34.0208 -32.1130 -46.9228 -14.7250 -36.8905 3.1485 -25.8485 -43.7666 24.9303 -30.0576 -48.9007 11.6064 -34.0922 -23.0754 -23.1062 -40.7005 16.0227 -28.1072 -47.5251 34.8976 -35.0609 27.8561 -44.7318 -26.3503 6.9631 -37.7600 -17.4764 -44.6560 -32.6540 34.8143 -47.5042 -28.1057 16.0227 -40.7005 -23.1062 -23.0754 -34.0922 11.6064 -48.9007 -30.0576 24.9303 -43.7666 -25.8485 3.1485 -36.8905 -14.7250 -46.9228 -32.1130 34.0208 -46.8416 -27.6469 14.0229 -40.0293 -22.2020 -29.4431 -33.9151 19.4718 -48.8681 -29.7643 23.7022 -43.4067 -25.6858 1.7668 -36.6557 -13.8801 -47.2884 -31.9916 33.6890 -46.6984 -27.5533 13.5919 -39.8846 -21.9830 -30.7544 -34.0727
-32.6177 -22.0550 -39.9318 13.7250 -27.5830 -46.7423 33.7883 -32.0216 -47.2102 -14.0571 -36.7016 1.9926 -25.7069 -43.4474 23.8262 -29.7907 -48.8746 18.9071 -33.9300 -29.0443 -22.2626 -40.0690 14.1354 -27.6710 -46.8763 34.0843 -32.1334 -46.8844 -14.7600 -36.8905 3.1023 -25.8382 -43.7367 24.8170 -30.0306 -48.9020 12.2353 -34.0807 -23.5308 -23.0525 -40.6604 15.9106 -28.0811 -47.4711 34.8095 -33.1179 -32.5048 -32.0290 27.8442 -44.6868 -26.3286 6.8201 -37.7224 -17.3716 -44.7856 -32.6297 34.8145 -47.4726 -28.0811 15.9106 -40.6604 -23.0525 -23.5308 -34.0807 12.2353 -48.9020 -30.0306 24.8170 -43.7367 -25.8382 3.1023 -36.8905 -14.7600 -46.8844 -32.1334 34.0843 -46.8763 -27.6710 14.1354 -40.0690 -22.2626 -29.0443 -33.9300 18.9071 -48.8746 -29.7907 23.8262 -43.4474 -25.7066 1.9730 -36.6961 -14.0697 -47.2043 -32.0255 33.7887 -46.7423 -27.5827 13.7345 -39.9346 -22.0559 -32.6060
-20.8169 -39.9844 13.8764 -27.6122 -46.7866 33.8854 -32.0537 -47.1233 -14.2442 -36.7448 2.2257 -25.7281 -43.4885 23.9505 -29.8172 -48.8804 18.3335 -33.9447 -28.6407 -22.3227 -40.1086 14.2478 -27.6950 -46.9112 34.1523 -32.1602 -46.8141 -14.8623 -36.9088 3.1485 -25.8382 -43.7265 24.7542 -30.0101 -48.9015 12.8527 -34.0689 -23.9832 -22.9983 -40.6203 15.7985 -28.0564 -47.4407 34.8106 -32.5796 -45.3142 -22.7581 -48.7616 -30.6293 27.7068 -44.6469 -26.3070 6.6759 -37.6849 -17.2656 -44.9123 -32.6054 34.8102 -47.4407 -28.0564 15.7985 -40.6203 -22.9983 -23.9832 -34.0689 12.8527 -48.9015 -30.0101 24.7542 -43.7265 -25.8382 3.1485 -36.9088 -14.8623 -46.8141 -32.1602 34.1523 -46.9112 -27.6950 14.2478 -40.1086 -22.3227 -28.6407 -33.9447 18.3335 -48.8804 -29.8172 23.9505 -43.4885 -25.7276 2.1926 -36.7387 -14.2552 -47.1179 -32.0558 33.8861 -46.7869 -27.6128 13.8771 -39.9841 -20.8168
-40.4969 14.0167 -27.6407 -46.8282 33.9739 -32.0857 -47.0334 -14.4275 -36.7874 2.4558 -25.7517 -43.5329 24.0778 -29.8439 -48.8856 17.7514 -33.9592 -28.2323 -22.3823 -40.1484 14.3602 -27.7192 -46.9459 34.2175 -32.1856 -46.7340 -14.9976 -36.9418 3.2833 -25.8485 -43.7367 24.7542 -30.0035 -48.9016 13.3120 -34.0552 -24.4253 -22.9437 -40.5803 15.6865 -28.0318 -47.4086 34.8013 -32.5840 -44.9950 -16.8330 -38.3149 0.8721 -48.7604 -30.6136 27.5791 -44.6069 -26.2854 6.5305 -37.6473 -17.1583 -45.0361 -32.5810 34.8013 -47.4086 -28.0318 15.6865 -40.5803 -22.9437 -24.4253 -34.0552 13.3120 -48.9016 -30.0035 24.7542 -43.7367 -25.8485 3.2833 -36.9418 -14.9976 -46.7340 -32.1856 34.2175 -46.9459 -27.7192 14.3602 -40.1484 -22.3823 -28.2323 -33.9592 17.7514 -48.8856 -29.8439 24.0779 -43.5330 -25.7515 2.4352 -36.7836 -14.4280 -47.0331 -32.0843 33.9791 -46.8309 -27.6431 14.0165 -40.4968
14.1404 -27.6254 -46.8720 34.0625 -32.1192 -46.9410 -14.6060 -36.8301 2.6804 -25.7768 -43.5807 24.2147 -29.8731 -48.8893 17.1616 -33.9734 -27.8191 -22.4414 -40.1881 14.4725 -27.7433 -46.9804 34.2799 -32.2110 -46.6518 -15.1331 -36.9786 3.4619 -25.8669 -43.7666 24.8170 -30.0101 -48.9016 13.4682 -34.0491 -24.7530 -22.8941 -40.5410 15.5745 -28.0072 -47.3764 34.7881 -32.5565 -45.1592 -17.0842 -37.5004 13.1187 -34.6612 0.1514 -48.7606 -30.5868 27.4513 -44.5669 -26.2639 6.3837 -37.6098 -17.0497 -45.1572 -32.5565 34.7881 -47.3764 -28.0072 15.5745 -40.5410 -22.8941 -24.7530 -34.0491 13.4682 -48.9016 -30.0101 24.8170 -43.7666 -25.8669 3.4619 -36.9786 -15.1331 -46.6518 -32.2110 34.2799 -46.9804 -27.7433 14.4725 -40.1881 -22.4414 -27.8191 -33.9734 17.1616 -48.8893 -29.8730 24.2233 -43.5835 -25.7778 2.6774 -36.8296 -14.5960 -46.9463 -32.1124 34.0681 -46.8753 -27.6277 14.1433
-26.3926 -46.9156 34.1484 -32.1495 -46.8450 -14.7820 -36.8751 2.9129 -25.8023 -43.6315 24.3689 -29.9056 -48.8937 16.5115 -33.9841 -27.4013 -22.5001 -40.2279 14.5847 -27.7675 -47.0148 34.3394 -32.2364 -46.5674 -15.2667 -37.0154 3.6410 -25.8875 -43.8066 24.9303 -30.0306 -48.9015 13.3120 -34.0491 -24.8641 -22.8665 -40.5116 15.4736 -27.9827 -47.3439 34.7706 -32.5319 -45.2755 -16.9382 -37.5835 5.7315 -30.6435 -14.9145 -34.3895 0.6820 -48.7599 -30.5600 27.3236 -44.5267 -26.2425 6.2356 -37.5724 -16.9399 -45.2755 -32.5319 34.7706 -47.3439 -27.9827 15.4736 -40.5116 -22.8665 -24.8641 -34.0491 13.3120 -48.9015 -30.0306 24.9303 -43.8066 -25.8875 3.6410 -37.0154 -15.2667 -46.5674 -32.2364 34.3394 -47.0148 -27.7675 14.5847 -40.2279 -22.5001 -27.4013 -33.9846 16.5086 -48.8938 -29.9047 24.3793 -43.6349 -25.8035 2.9144 -36.8754 -14.7610 -46.8569 -32.1403 34.1537 -46.9189 -26.3932
-46.8330 34.2163 -32.1760 -46.7511 -14.9458 -36.9213 3.1470 -25.8291 -43.6855 24.5349 -29.9376 -48.8987 15.7903 -33.9942 -26.9730 -22.5583 -40.2677 14.6968 -27.7917 -47.0490 34.3959 -32.2617 -46.4807 -15.3984 -37.0523 3.8178 -25.9082 -43.8472 25.0562 -30.0576 -48.9020 12.8527 -34.0552 -24.7530 -22.8665 -40.5017 15.4176 -27.9644 -47.3142 34.7493 -32.5073 -45.3910 -16.8287 -37.5345 6.1362 -26.3742 -45.8916 -24.4172 -14.7372 -34.3476 1.1815 -48.7584 -30.5333 27.1959 -44.4866 -26.2210 6.0861 -37.5350 -16.8287 -45.3910 -32.5073 34.7493 -47.3142 -27.9644 15.4176 -40.5017 -22.8665 -24.7530 -34.0552 12.8527 -48.9020 -30.0576 25.0562 -43.8472 -25.9082 3.8178 -37.0523 -15.3984 -46.4807 -32.2617 34.3959 -47.0490 -27.7917 14.6968 -40.2677 -22.5583 -26.9730 -33.9951 15.7870 -48.8988 -29.9380 24.5358 -43.6858 -25.8292 3.1471 -36.9213 -14.9231 -46.7646 -32.1698 34.2203 -46.8370
31.5909 -31.9464 -46.6554 -15.1048 -36.9675 3.3773 -25.8546 -43.7366 24.6925 -29.9682 -48.9013 15.0690 -34.0106 -26.5034 -22.6167 -40.3075 14.8089 -27.8160 -47.0831 34.4493 -32.2869 -46.3919 -15.5282 -37.0892 3.9923 -25.9290 -43.8877 25.1823 -30.0842 -48.9007 12.2353 -34.0689 -24.4253 -22.8941 -40.5116 15.4176 -27.9583 -47.2978 34.7308 -32.4833 -45.5022 -16.7161 -37.4976 5.9326 -26.1972 -44.2457 33.8128 -41.1958 -23.9456 -15.2315 -34.2969 1.6921 -48.7577 -30.5066 27.0681 -44.4464 -26.1996 5.9351 -37.4976 -16.7161 -45.5022 -32.4833 34.7308 -47.2978 -27.9583 15.4176 -40.5116 -22.8941 -24.4253 -34.0689 12.2353 -48.9007 -30.0842 25.1823 -43.8877 -25.9290 3.9923 -37.0892 -15.5282 -46.3919 -32.2869 34.4493 -47.0831 -27.8160 14.8089 -40.3075 -22.6167 -26.5037 -34.0094 15.0191 -48.9014 -29.9712 24.6925 -43.7366 -25.8546 3.3773 -36.9675 -15.0908 -46.6630 -31.9461 31.5914
-31.7960 -46.5573 -15.2610 -37.0133 3.6010 -25.8794 -43.7845 24.8407 -30.0011 -48.9026 14.3066 -34.0302 -25.9687 -22.6821 -40.3474 14.9210 -27.8403 -47.1170 34.4995 -32.3121 -46.3008 -15.6562 -37.1261 4.1647 -25.9498 -43.9283 25.3086 -30.1108 -48.8987 11.6064 -34.0807 -23.9832 -22.9437 -40.5410 15.4736 -27.9644 -47.2978 34.7240 -32.4709 -45.5834 -16.6135 -37.4609 5.7826 -26.1789 -44.4222 26.5309 -33.8667 17.6704 -41.3411 -23.8983 -15.6927 -34.2498 2.2138 -48.7660 -30.4798 26.9404 -44.4062 -26.1783 5.7826 -37.4609 -16.6135 -45.5834 -32.4709 34.7240 -47.2978 -27.9644 15.4736 -40.5410 -22.9437 -23.9832 -34.0807 11.6064 -48.8987 -30.1108 25.3086 -43.9283 -25.9498 4.1647 -37.1261 -15.6562 -46.3008 -32.3121 34.4995 -47.1170 -27.8403 14.9212 -40.3477 -22.6789 -25.9989 -34.0214 14.2446 -48.9028 -30.0044 24.8408 -43.7845 -25.8794 3.6134 -37.0158 -15.2593 -46.5575 -31.7980
-47.0076 -15.4249 -37.0598 3.8220 -25.9050 -43.8347 24.9963 -30.0353 -48.9030 13.5225 -34.0445 -25.4197 -22.7522 -40.3906 15.0347 -27.8649 -47.1507 34.5464 -32.3373 -46.2073 -15.7825 -37.1631 4.3349 -25.9706 -43.9688 25.4350 -30.1375 -48.8958 10.9774 -34.0922 -23.5308 -22.9983 -40.5803 15.5745 -27.9827 -47.3142 34.7308 -32.4709 -45.6108 -16.5561 -37.4336 5.6440 -26.1574 -44.3651 26.8546 -30.8805 -47.5190 -29.6287 17.7026 -41.2976 -23.8515 -16.1560 -34.2248 2.7464 -48.7799 -30.4531 26.8127 -44.3660 -26.1574 5.6440 -37.4336 -16.5561 -45.6108 -32.4709 34.7308 -47.3142 -27.9827 15.5745 -40.5803 -22.9983 -23.5308 -34.0922 10.9774 -48.8958 -30.1375 25.4350 -43.9688 -25.9706 4.3349 -37.1631 -15.7825 -46.2073 -32.3373 34.5464 -47.1507 -27.8649 15.0350 -40.3909 -22.7452 -25.4867 -34.0330 13.4642 -48.9030 -30.0385 24.9963 -43.8347 -25.9052 3.8367 -37.0624 -15.4260 -47.0052
-15.9911 -37.1088 4.0557 -25.9306 -43.8854 25.1538 -30.0686 -48.9021 12.7374 -34.0561 -24.8980 -22.8192 -40.4380 15.1586 -27.8931 -47.1871 34.5903 -32.3623 -46.1116 -15.9070 -37.2001 4.5032 -25.9915 -44.0093 25.5616 -30.1641 -48.8921 10.3492 -34.1033 -23.0754 -23.0525 -40.6203 15.6865 -28.0072 -47.3439 34.7493 -32.4833 -45.5834 -16.5561 -37.4243 5.5665 -26.1419 -44.3296 26.6851 -30.4074 -48.7885 -13.4457 -47.3919 -28.4482 17.5816 -41.2571 -23.8042 -16.6213 -34.2002 3.2311 -48.8009 -30.4224 26.6898 -44.3300 -26.1419 5.5665 -37.4243 -16.5561 -45.5834 -32.4833 34.7493 -47.3439 -28.0072 15.6865 -40.6203 -23.0525 -23.0754 -34.1033 10.3492 -48.8921 -30.1641 25.5616 -44.0093 -25.9915 4.5032 -37.2001 -15.9070 -46.1116 -32.3623 34.5903 -47.1872 -27.8930 15.1587 -40.4380 -22.8116 -24.9722 -34.0456 12.6854 -48.9019 -30.0703 25.1548 -43.8857 -25.9312 4.0568 -37.1086 -15.9910
-37.9432 4.2688 -25.9558 -43.9333 25.3029 -30.1018 -48.9001 11.9500 -34.0668 -24.3776 -22.8850 -40.4883 15.2980 -27.9231 -47.2266 34.6334 -32.3855 -46.0134 -16.0299 -37.2371 4.6694 -26.0124 -44.0498 25.6883 -30.1907 -48.8876 9.7228 -34.1142 -22.6173 -23.1062 -40.6604 15.7985 -28.0318 -47.3764 34.7706 -32.5073 -45.5022 -16.6135 -37.4336 5.5665 -26.1366 -44.3095 26.5925 -30.3931 -48.8057 5.9356 -36.0877 34.8252 -47.8717 -28.5756 17.3120 -41.1791 -23.7270 -17.8364 -34.1987 4.2419 -48.8464 -30.3682 26.6036 -44.3103 -26.1366 5.5665 -37.4336 -16.6135 -45.5022 -32.5073 34.7706 -47.3764 -28.0318 15.7985 -40.6604 -23.1062 -22.6173 -34.1142 9.7228 -48.8876 -30.1907 25.6883 -44.0498 -26.0124 4.6694 -37.2371 -16.0299 -46.0134 -32.3859 34.6339 -47.2269 -27.9231 15.2980 -40.4883 -22.8804 -24.4250 -34.0599 11.9456 -48.9001 -30.1007 25.3127 -43.9364 -25.9574 4.2685 -37.9431
3.7948 -25.9952 -43.9839 25.4591 -30.1358 -48.8966 11.1679 -34.0785 -23.8531 -22.9500 -40.5380 15.4373 -27.9523 -47.2661 34.6751 -32.4092 -45.9105 -16.1513 -37.2742 4.8337 -26.0334 -44.0902 25.8152 -30.2174 -48.8822 9.0992 -34.1248 -22.1566 -23.1595 -40.7005 15.9106 -28.0564 -47.4086 34.7881 -32.5319 -45.3910 -16.7161 -37.4609 5.6440 -26.1419 -44.3095 26.5606 -30.3572 -48.7269 -0.0336 -34.6424 0.6327 -34.7092 33.6800 -48.1124 -29.6406 17.5549 -40.8355 -24.8085 -14.4291 -34.9857 6.5707 -48.7932 -31.9555 26.5793 -44.3105 -26.1419 5.6440 -37.4609 -16.7161 -45.3910 -32.5319 34.7881 -47.4086 -28.0564 15.9106 -40.7005 -23.1595 -22.1566 -34.1248 9.0992 -48.8822 -30.2174 25.8152 -44.0902 -26.0334 4.8337 -37.2742 -16.1511 -45.9112 -32.4116 34.6757 -47.2661 -27.9523 15.4450 -40.5408 -22.9500 -23.8601 -34.0780 11.2133 -48.8971 -30.1307 25.4707 -43.9877 -25.9973 3.7993
-24.3871 -44.0348 25.6184 -30.1678 -48.8920 10.3835 -34.0919 -23.2961 -23.0173 -40.5879 15.5771 -27.9827 -47.3067 34.7138 -32.4388 -45.7962 -16.2739 -37.3119 4.9962 -26.0544 -44.1307 25.9422 -30.2440 -48.8760 8.4792 -34.1350 -21.6938 -23.2124 -40.7406 16.0227 -28.0811 -47.4407 34.8013 -32.5565 -45.2755 -16.8287 -37.4976 5.7826 -26.1574 -44.3296 26.5935 -30.3515 -48.7168 -4.9578 -43.6246 2.3097 -33.3673 -15.5144 -34.0301 -4.3793 -49.4664 -31.3614 28.9860 -47.0997 -27.5722 5.8525 -35.8412 -15.1179 -28.8275 -33.3863 26.6116 -44.3303 -26.1574 5.7826 -37.4976 -16.8287 -45.2755 -32.5565 34.8013 -47.4407 -28.0811 16.0227 -40.7406 -23.2124 -21.6938 -34.1350 8.4792 -48.8760 -30.2440 25.9422 -44.1307 -26.0544 4.9962 -37.3113 -16.2807 -45.7896 -32.4429 34.7144 -47.3067 -27.9824 15.5865 -40.5913 -23.0183 -23.2926 -34.0955 10.4818 -48.8929 -30.1608 25.6308 -44.0384 -24.3878
-44.1732 25.7759 -30.1972 -48.8867 9.6448 -34.1057 -22.7213 -23.0857 -40.6411 15.7259 -28.0126 -47.3476 34.7468 -32.4698 -45.6648 -16.4124 -37.3527 5.1591 -26.0755 -44.1711 26.0693 -30.2707 -48.8689 7.8638 -34.1450 -21.2290 -23.2648 -40.7807 16.1348 -28.1057 -47.4726 34.8102 -32.5810 -45.1572 -16.9399 -37.5350 5.9351 -26.1783 -44.3660 26.6871 -30.3795 -48.7813 -1.9038 -50.5065 4.4839 18.9275 31.5564 -41.4898 -78.3065 -24.7584 31.2743 -38.5880 -37.0388 -30.7465 -10.4930 -37.8587 -80.1348 -67.4748 -16.5479 -28.3787 -31.9756 26.6978 -44.3662 -26.1783 5.9351 -37.5350 -16.9399 -45.1572 -32.5810 34.8102 -47.4726 -28.1057 16.1348 -40.7807 -23.2648 -21.2290 -34.1450 7.8638 -48.8689 -30.2707 26.0693 -44.1711 -26.0755 5.1569 -37.3492 -16.4198 -45.6565 -32.4720 34.7472 -47.3478 -28.0132 15.7266 -40.6414 -23.0858 -22.7210 -34.1126 9.7525 -48.8876 -30.1921 25.7858 -44.1770
26.0205 -30.0792 -48.8802 8.9194 -34.1226 -22.1418 -23.1527 -40.6915 15.8668 -28.0416 -47.3859 34.7725 -32.5007 -45.5280 -16.5574 -37.3964 5.3346 -26.0970 -44.2115 26.1965 -30.2974 -48.8609 7.2538 -34.1546 -20.7626 -23.3167 -40.8208 16.2470 -28.1305 -47.5042 34.8145 -32.6054 -45.0361 -17.0497 -37.5724 6.0861 -26.1996 -44.4062 26.8127 -30.4210 -48.8316 5.7419 -39.1537 19.7656 -54.3436 -57.8671 -46.3591 -59.6829 -29.1351 -68.4519 -15.2465 -40.4668 -50.2671 23.5325 -11.2082 14.7586 -35.3223 -53.4930 -42.5449 -16.7371 -48.7878 -30.3896 26.8155 -44.4062 -26.1996 6.0861 -37.5724 -17.0497 -45.0361 -32.6054 34.8145 -47.5042 -28.1305 16.2470 -40.8208 -23.3167 -20.7626 -34.1546 7.2538 -48.8609 -30.2974 26.1965 -44.2115 -26.0971 5.3291 -37.3926 -16.5577 -45.5275 -32.4992 34.7733 -47.3884 -28.0439 15.8667 -40.6914 -23.1526 -22.1418 -34.1310 8.9882 -48.8806 -30.0783 26.0163
