-22.5752 -44.2838 26.3758 -29.4891 -48.7629 -4.1420 -35.1396 -20.6018 -22.0744 -41.5101 17.4254 -27.1983 -47.6730 28.3452 -32.6872 -43.9684 -18.1463 -38.8686 8.2452 -25.1109 -45.2088 29.1629 -30.2826 -48.7490 -10.1538 -36.2418 -9.2139 -23.0246 -42.4297 20.3686 -27.9395 -48.2614 19.7744 -33.4617 -39.1027 -19.6886 -39.7299 11.5261 -25.7816 -46.0995 31.2059 -31.1006 -48.1959 -13.7962 -37.2210 -1.5224 -28.8947 -30.2720 -34.1873 6.3910 -48.6132 -28.7158 23.3767 -43.3589 -23.8169 -0.9552 -37.2211 -13.8004 -48.1953 -31.1012 31.2060 -46.0994 -25.7827 11.5230 -39.7287 -19.6903 -39.0988 -33.4624 19.7741 -48.2613 -27.9412 20.3656 -42.4285 -23.0263 -9.2074 -36.2425 -10.1539 -48.7490 -30.2851 29.1604 -45.2079 -25.1126 8.2474 -38.8694 -18.1464 -43.9686 -32.6906 28.3517 -47.6731 -27.2002 17.4106 -41.5057 -22.0765 -20.5984 -35.1409 -4.1420 -48.7629 -29.4891 26.3758 -44.2838 -22.5752
-44.2838 26.2490 -30.1703 -48.8412 5.4877 -34.0803 -18.3668 -23.6231 -41.1100 17.1784 -28.2896 -47.8190 34.4727 -32.5768 -43.1347 -18.5030 -38.1614 8.4128 -26.5789 -45.1579 29.3477 -30.7902 -48.6680 -5.8417 -35.1902 -7.5542 -24.7199 -42.1238 20.0476 -28.8987 -48.4552 30.6372 -33.0855 -37.7518 -20.5893 -39.1269 11.5204 -27.1254 -46.1207 32.2969 -31.4301 -47.9537 -12.0692 -36.2914 -0.0132 -25.6433 -44.6734 -22.6894 -29.4487 -33.4674 20.4363 -48.8455 -29.5360 23.0389 -43.1427 -25.5269 -0.0710 -36.2941 -12.0689 -47.9530 -31.4300 32.2968 -46.1210 -27.1258 11.5178 -39.1300 -20.5898 -37.7476 -33.0854 30.6373 -48.4555 -28.9002 20.0449 -42.1271 -24.7211 -7.5484 -35.1901 -5.8416 -48.6679 -30.7930 29.3448 -45.1612 -26.5807 8.4148 -38.1613 -18.5030 -43.1335 -32.5817 34.4740 -47.8218 -28.2927 17.1611 -41.1069 -23.6256 -18.3668 -34.0803 5.4877 -48.8412 -30.1703 26.2490 -44.2838
26.3758 -30.1703 -48.8461 6.0103 -34.1919 -18.8395 -23.5706 -41.0600 17.0376 -28.3306 -47.7833 34.5702 -32.8595 -43.3327 -18.3880 -38.1141 8.2589 -26.5584 -45.1088 29.1938 -30.9430 -48.6834 -5.3928 -35.1323 -7.9885 -24.6680 -42.0729 19.9015 -28.9636 -48.4291 31.0060 -33.4250 -38.0601 -20.5023 -39.0782 11.3734 -27.1252 -46.0747 32.1684 -31.6193 -48.0053 -11.8259 -36.2408 -0.3658 -25.4830 -42.9255 30.1305 -39.9771 -22.1968 -29.8863 -33.8715 21.1668 -48.8339 -29.6249 22.8863 -43.0918 -25.4802 -0.3471 -36.2448 -11.8259 -48.0053 -31.6194 32.1692 -46.0741 -27.1236 11.3807 -39.0821 -20.5029 -38.0600 -33.4252 31.0048 -48.4287 -28.9617 19.9087 -42.0770 -24.6692 -7.9884 -35.1325 -5.3949 -48.6835 -30.9408 29.2012 -45.1127 -26.5603 8.2589 -38.1143 -18.3889 -43.3350 -32.8570 34.5662 -47.7850 -28.3325 17.0291 -41.0601 -23.5706 -18.8395 -34.1919 6.0103 -48.8461 -30.1703 26.3758
-29.4891 -48.8412 6.0103 -34.1969 -19.1250 -23.5317 -41.0198 16.9061 -28.3048 -47.7504 34.6284 -32.8379 -43.5170 -18.2694 -38.0632 8.0914 -26.5308 -45.0590 29.0345 -30.9143 -48.6967 -4.9636 -35.0696 -8.4674 -24.6212 -42.0217 19.7541 -28.9348 -48.4036 31.3087 -33.3967 -38.3864 -20.4133 -39.0293 11.2242 -27.0984 -46.0308 32.0325 -31.5840 -48.0590 -11.5981 -36.1896 -0.6687 -25.4500 -43.0596 22.3521 -33.2876 14.0147 -40.0149 -22.1202 -30.3708 -33.8540 21.8338 -48.8216 -29.5917 22.7317 -43.0405 -25.4480 -0.6478 -36.1933 -11.5978 -48.0587 -31.5862 32.0311 -46.0267 -27.0948 11.2343 -39.0329 -20.4138 -38.3848 -33.3993 31.3139 -48.4011 -28.9297 19.7639 -42.0255 -24.6223 -8.4649 -35.0726 -4.9574 -48.6979 -30.9076 29.0449 -45.0627 -26.5325 8.0923 -38.0663 -18.2703 -43.5226 -32.8309 34.6247 -47.7497 -28.3051 16.9061 -41.0198 -23.5317 -19.1250 -34.1969 6.0103 -48.8412 -29.4891
-48.7629 5.4877 -34.1919 -19.1250 -23.5185 -40.9991 16.8219 -28.2823 -47.7198 34.6711 -32.8136 -43.6874 -18.1638 -38.0187 7.9224 -26.5044 -45.0102 28.8756 -30.8841 -48.7088 -4.5486 -35.0088 -8.9835 -24.5725 -41.9715 19.6078 -28.9051 -48.3775 31.5784 -33.3668 -38.7230 -20.3185 -38.9814 11.0753 -27.0713 -45.9867 31.9033 -31.5481 -48.1132 -11.3494 -36.1387 -0.9805 -25.4171 -42.9968 22.6319 -29.9377 -48.6642 -28.6897 13.9650 -39.9641 -22.0439 -30.8175 -33.8357 22.4704 -48.8084 -29.5586 22.5786 -42.9904 -25.4155 -0.9572 -36.1419 -11.3507 -48.1098 -31.5529 31.8920 -45.9804 -27.0674 11.0864 -38.9844 -20.3191 -38.7020 -33.3731 31.6045 -48.3738 -28.8994 19.6186 -41.9747 -24.5731 -8.9506 -35.0124 -4.5090 -48.7104 -30.8763 28.8871 -45.0133 -26.5050 7.9262 -38.0213 -18.1639 -43.6895 -32.8111 34.6711 -47.7198 -28.2823 16.8219 -40.9991 -23.5185 -19.1250 -34.1919 5.4877 -48.7629
-4.1420 -34.0803 -18.8395 -23.5317 -40.9991 16.7938 -28.2698 -47.6974 34.7038 -32.7880 -43.8402 -18.0651 -37.9802 7.7746 -26.4789 -44.9638 28.7183 -30.8520 -48.7196 -4.1174 -34.9490 -9.4784 -24.5210 -41.9235 19.4645 -28.8740 -48.3506 31.8354 -33.3385 -39.0321 -20.2175 -38.9356 10.9285 -27.0431 -45.9419 31.7725 -31.5139 -48.1617 -11.0799 -36.0893 -1.2935 -25.3827 -42.9491 22.4485 -29.5032 -48.4532 -4.8507 -46.1841 -27.6288 13.8179 -39.9150 -21.9707 -31.2863 -33.8153 23.0900 -48.7941 -29.5244 22.4292 -42.9428 -25.3824 -1.2735 -36.0900 -11.0972 -48.1591 -31.5183 31.7542 -45.9362 -27.0407 10.9378 -38.9359 -20.2234 -39.0151 -33.3452 31.8735 -48.3472 -28.8700 19.4735 -41.9238 -24.5232 -9.4506 -34.9501 -4.0536 -48.7210 -30.8476 28.7280 -44.9639 -26.4790 7.7765 -37.9802 -18.0651 -43.8402 -32.7880 34.7038 -47.6974 -28.2698 16.7938 -40.9991 -23.5317 -18.8395 -34.0803 -4.1420
-35.1396 -18.3668 -23.5706 -41.0198 16.8219 -28.2698 -47.6899 34.7201 -32.7686 -43.9731 -17.9684 -37.9423 7.6378 -26.4556 -44.9199 28.5790 -30.8221 -48.7292 -3.6739 -34.8935 -9.9522 -24.4710 -41.8727 19.3278 -28.8416 -48.3216 32.0829 -33.3096 -39.3329 -20.1208 -38.8872 10.7875 -27.0145 -45.8945 31.6388 -31.4793 -48.2079 -10.8197 -36.0374 -1.5992 -25.3478 -42.8981 22.3061 -29.4891 -48.8044 25.5630 -35.5956 34.1500 -46.8253 -27.6032 13.6786 -39.8692 -21.8928 -31.7474 -33.7944 23.6988 -48.7786 -29.4895 22.2876 -42.8952 -25.3484 -1.5973 -36.0374 -10.8344 -48.2079 -31.4822 31.6219 -45.8918 -27.0140 10.7884 -38.8872 -20.1258 -39.3329 -33.3146 32.1158 -48.3201 -28.8407 19.3286 -41.8727 -24.4729 -9.9519 -34.8934 -3.6353 -48.7297 -30.8220 28.5790 -44.9200 -26.4556 7.6378 -37.9423 -17.9684 -43.9731 -32.7686 34.7201 -47.6899 -28.2698 16.8219 -41.0198 -23.5706 -18.3668 -35.1409
-20.6018 -23.6231 -41.0600 16.9061 -28.2823 -47.6974 34.7201 -32.7627 -44.0457 -17.8956 -37.9083 7.5025 -26.4337 -44.8796 28.4501 -30.7962 -48.7368 -3.2440 -34.8441 -10.3999 -24.4250 -41.8224 19.1825 -28.8097 -48.2923 32.3315 -33.2830 -39.6303 -20.0238 -38.8393 10.6376 -26.9858 -45.8472 31.4962 -31.4461 -48.2524 -10.5539 -35.9849 -1.9302 -25.3124 -42.8475 22.1549 -29.4553 -48.7605 24.1780 -34.1843 -8.8569 -33.4141 33.9564 -46.7709 -27.5711 13.5478 -39.8231 -21.8139 -32.2025 -33.7768 24.3134 -48.7625 -29.4560 22.1464 -42.8476 -25.3134 -1.9302 -35.9850 -10.5539 -48.2523 -31.4478 31.4882 -45.8474 -26.9871 10.6376 -38.8394 -20.0237 -39.6302 -33.2857 32.3457 -48.2925 -28.8110 19.1833 -41.8222 -24.4251 -10.3999 -34.8441 -3.2381 -48.7368 -30.7962 28.4501 -44.8796 -26.4337 7.5025 -37.9083 -17.8956 -44.0457 -32.7627 34.7201 -47.6974 -28.2823 16.9061 -41.0601 -23.6256 -20.5984
-22.0744 -41.1100 17.0376 -28.3048 -47.7198 34.7038 -32.7686 -44.0457 -17.8707 -37.8894 7.4009 -26.4140 -44.8404 28.3229 -30.7694 -48.7428 -2.8368 -34.7952 -10.8189 -24.3818 -41.7775 19.0477 -28.7812 -48.2635 32.5644 -33.2585 -39.9203 -19.9243 -38.7938 10.4886 -26.9572 -45.7994 31.3530 -31.4137 -48.2946 -10.2774 -35.9342 -2.2651 -25.2754 -42.7964 22.0049 -29.4229 -48.7459 24.8857 -33.7248 -33.8215 -26.3060 -47.0548 -32.0720 33.8522 -46.7243 -27.5405 13.4159 -39.7766 -21.7335 -32.6417 -33.7577 24.8831 -48.7459 -29.4226 22.0054 -42.7996 -25.2767 -2.2649 -35.9341 -10.2775 -48.2944 -31.4133 31.3533 -45.8023 -26.9592 10.4887 -38.7937 -19.9244 -39.9186 -33.2587 32.5648 -48.2642 -28.7824 19.0477 -41.7775 -24.3818 -10.8189 -34.7952 -2.8368 -48.7428 -30.7694 28.3229 -44.8404 -26.4140 7.4009 -37.8894 -17.8707 -44.0457 -32.7686 34.7038 -47.7198 -28.3051 17.0291 -41.1069 -22.0765
-41.5101 17.1784 -28.3306 -47.7504 34.6711 -32.7880 -43.9731 -17.8956 -37.8894 7.3662 -26.4031 -44.8110 28.2083 -30.7420 -48.7480 -2.4249 -34.7463 -11.2399 -24.3397 -41.7363 18.9307 -28.7557 -48.2367 32.7618 -33.2373 -40.1836 -19.8288 -38.7455 10.3448 -26.9285 -45.7515 31.2075 -31.3828 -48.3339 -9.9938 -35.8807 -2.5916 -25.2379 -42.7454 21.8543 -29.3920 -48.7287 25.4288 -33.7349 -32.9907 -21.5289 -40.7445 -14.4422 -47.0482 -32.0496 33.7483 -46.6800 -27.5105 13.2823 -39.7276 -21.6532 -33.0537 -33.7377 25.4304 -48.7283 -29.3891 21.8634 -42.7489 -25.2393 -2.5919 -35.8810 -9.9956 -48.3344 -31.3787 31.2159 -45.7547 -26.9306 10.3458 -38.7453 -19.8291 -40.1822 -33.2373 32.7620 -48.2372 -28.7556 18.9307 -41.7363 -24.3397 -11.2399 -34.7463 -2.4249 -48.7480 -30.7420 28.2083 -44.8110 -26.4031 7.3662 -37.8894 -17.8956 -43.9731 -32.7880 34.6711 -47.7497 -28.3325 17.1611 -41.5057
17.4254 -28.2896 -47.7833 34.6284 -32.8136 -43.8402 -17.9684 -37.9083 7.4009 -26.4031 -44.8011 28.1446 -30.7212 -48.7518 -2.0095 -34.6971 -11.6660 -24.2974 -41.6957 18.8158 -28.7301 -48.2119 32.9331 -33.2177 -40.4079 -19.7411 -38.7002 10.2009 -26.9024 -45.7057 31.0622 -31.3531 -48.3693 -9.7096 -35.8237 -2.9479 -25.2006 -42.6941 21.7039 -29.3623 -48.7117 25.9516 -33.7114 -33.5134 -21.5832 -39.5468 19.2644 -36.7968 -14.3978 -47.1483 -32.0141 33.6467 -46.6352 -27.4811 13.1412 -39.6783 -21.5753 -33.4820 -33.7157 25.9601 -48.7099 -29.3569 21.7141 -42.6979 -25.2018 -2.9460 -35.8267 -9.7056 -48.3724 -31.3474 31.0692 -45.7069 -26.9036 10.2010 -38.7002 -19.7413 -40.4079 -33.2177 32.9331 -48.2119 -28.7301 18.8158 -41.6957 -24.2974 -11.6660 -34.6971 -2.0095 -48.7518 -30.7212 28.1446 -44.8011 -26.4031 7.4009 -37.9083 -17.9684 -43.8402 -32.8111 34.6247 -47.7850 -28.2927 17.4106
-27.1983 -47.8190 34.5702 -32.8379 -43.6874 -18.0651 -37.9423 7.5025 -26.4140 -44.8110 28.1446 -30.7146 -48.7536 -1.6928 -34.6525 -12.0902 -24.2546 -41.6552 18.7010 -28.7046 -48.1868 33.0931 -33.1959 -40.6245 -19.6595 -38.6610 10.0682 -26.8794 -45.6637 30.9310 -31.3236 -48.4032 -9.4317 -35.7696 -3.3332 -25.1618 -42.6437 21.5531 -29.3322 -48.6940 26.4279 -33.6863 -33.9301 -21.4874 -39.6383 12.6087 -31.7938 2.4038 -36.7793 -14.1914 -47.2384 -31.9801 33.5411 -46.5908 -27.4530 12.9991 -39.6291 -21.4927 -33.9023 -33.6930 26.4732 -48.6914 -29.3261 21.5642 -42.6469 -25.1624 -3.3086 -35.7722 -9.4225 -48.4059 -31.3211 30.9301 -45.6643 -26.8794 10.0682 -38.6610 -19.6595 -40.6245 -33.1959 33.0931 -48.1868 -28.7046 18.7010 -41.6552 -24.2546 -12.0902 -34.6525 -1.6928 -48.7536 -30.7146 28.1446 -44.8110 -26.4140 7.5025 -37.9423 -18.0651 -43.6895 -32.8309 34.5662 -47.8218 -27.2002
-47.6730 34.4727 -32.8595 -43.5170 -18.1638 -37.9802 7.6378 -26.4337 -44.8404 28.2083 -30.7212 -48.7536 -1.5835 -34.6277 -12.4096 -24.2157 -41.6153 18.5863 -28.6792 -48.1614 33.2447 -33.1741 -40.8370 -19.5772 -38.6225 9.9453 -26.8567 -45.6251 30.8091 -31.2960 -48.4334 -9.1612 -35.7214 -3.6817 -25.1219 -42.5955 21.4053 -29.3006 -48.6752 26.8889 -33.6612 -34.3410 -21.4042 -39.5791 12.8857 -27.6726 -47.8130 -26.4393 2.4172 -36.7323 -13.9940 -47.3217 -31.9478 33.4335 -46.5487 -27.4255 12.8566 -39.5799 -21.4091 -34.3183 -33.6684 26.9568 -48.6729 -29.2963 21.4146 -42.5958 -25.1227 -3.6609 -35.7215 -9.1576 -48.4337 -31.2956 30.8091 -45.6251 -26.8567 9.9453 -38.6225 -19.5772 -40.8370 -33.1741 33.2447 -48.1614 -28.6792 18.5863 -41.6153 -24.2157 -12.4096 -34.6277 -1.5835 -48.7536 -30.7212 28.2083 -44.8404 -26.4337 7.6378 -37.9802 -18.1639 -43.5226 -32.8570 34.4740 -47.6731
28.3452 -32.5768 -43.3327 -18.2694 -38.0187 7.7746 -26.4556 -44.8796 28.3229 -30.7420 -48.7518 -1.6928 -34.6277 -12.5189 -24.1940 -41.5855 18.4832 -28.6536 -48.1356 33.3883 -33.1521 -41.0453 -19.4940 -38.5841 9.8219 -26.8341 -45.5864 30.6892 -31.2691 -48.4598 -8.9072 -35.6762 -3.9896 -25.0855 -42.5470 21.2658 -29.2687 -48.6537 27.3422 -33.6374 -34.7421 -21.3200 -39.5305 12.7110 -27.3911 -46.2378 34.2223 -43.2349 -25.7458 2.1592 -36.6896 -13.8008 -47.4016 -31.9138 33.3289 -46.5064 -27.3981 12.7137 -39.5305 -21.3241 -34.7421 -33.6430 27.4018 -48.6535 -29.2676 21.2661 -42.5473 -25.0858 -3.9895 -35.6762 -8.9072 -48.4598 -31.2691 30.6892 -45.5864 -26.8341 9.8219 -38.5841 -19.4940 -41.0453 -33.1521 33.3883 -48.1356 -28.6536 18.4832 -41.5855 -24.1940 -12.5189 -34.6277 -1.6928 -48.7518 -30.7420 28.3229 -44.8796 -26.4556 7.7765 -38.0213 -18.2703 -43.3350 -32.5817 28.3517
-32.6872 -43.1347 -18.3880 -38.0632 7.9224 -26.4789 -44.9199 28.4501 -30.7694 -48.7480 -2.0095 -34.6525 -12.4096 -24.1940 -41.5754 18.4261 -28.6345 -48.1117 33.5216 -33.1301 -41.2496 -19.4101 -38.5457 9.6979 -26.8115 -45.5477 30.5686 -31.2425 -48.4847 -8.6511 -35.6316 -4.2988 -25.0521 -42.5027 21.1342 -29.2408 -48.6339 27.7842 -33.6195 -35.1135 -21.2397 -39.4820 12.5697 -27.3704 -46.4822 32.9608 -34.7016 24.0639 -43.5256 -25.7212 1.9247 -36.6441 -13.6045 -47.4786 -31.8798 33.2217 -46.4639 -27.3706 12.5697 -39.4820 -21.2398 -35.1137 -33.6251 27.8101 -48.6347 -29.2408 21.1343 -42.5027 -25.0521 -4.2988 -35.6316 -8.6511 -48.4847 -31.2425 30.5686 -45.5477 -26.8115 9.6979 -38.5457 -19.4101 -41.2496 -33.1301 33.5216 -48.1117 -28.6345 18.4261 -41.5754 -24.1940 -12.4096 -34.6525 -2.0095 -48.7480 -30.7694 28.4501 -44.9200 -26.4790 7.9262 -38.0663 -18.3889 -43.1335 -32.6906
-43.9684 -18.5030 -38.1141 8.0914 -26.5044 -44.9638 28.5790 -30.7962 -48.7428 -2.4249 -34.6971 -12.0902 -24.2157 -41.5855 18.4261 -28.6281 -48.0985 33.6160 -33.1079 -41.4467 -19.3255 -38.5073 9.5732 -26.7889 -45.5089 30.4474 -31.2159 -48.5084 -8.3889 -35.5867 -4.6135 -25.0184 -42.4620 21.0137 -29.2152 -48.6169 28.1720 -33.6059 -35.4311 -21.1641 -39.4359 12.4276 -27.3406 -46.4166 33.1401 -32.3366 -40.9225 -31.1748 24.0409 -43.4684 -25.6956 1.6710 -36.5975 -13.4042 -47.5528 -31.8458 33.1120 -46.4205 -27.3418 12.4270 -39.4362 -21.1641 -35.4311 -33.6086 28.1720 -48.6169 -29.2152 21.0137 -42.4620 -25.0184 -4.6135 -35.5867 -8.3889 -48.5084 -31.2159 30.4474 -45.5089 -26.7889 9.5732 -38.5073 -19.3255 -41.4467 -33.1079 33.6160 -48.0985 -28.6281 18.4261 -41.5855 -24.2157 -12.0902 -34.6971 -2.4249 -48.7428 -30.7962 28.5790 -44.9639 -26.5050 8.0923 -38.1143 -18.5030 -43.9686
-18.1463 -38.1614 8.2589 -26.5308 -45.0102 28.7183 -30.8221 -48.7368 -2.8368 -34.7463 -11.6660 -24.2546 -41.6153 18.4832 -28.6345 -48.0985 33.6474 -33.0968 -41.5913 -19.2485 -38.4696 9.4480 -26.7664 -45.4700 30.3256 -31.1894 -48.5309 -8.1204 -35.5416 -4.9341 -24.9843 -42.4212 20.8951 -29.1892 -48.5990 28.5170 -33.5897 -35.7371 -21.0937 -39.3929 12.3004 -27.3149 -46.3746 32.9967 -31.7934 -47.7984 -20.1840 -48.6808 -29.8213 23.8694 -43.4185 -25.6703 1.4091 -36.5506 -13.1995 -47.6235 -31.8149 32.9996 -46.3770 -27.3149 12.3005 -39.3929 -21.0937 -35.7371 -33.5897 28.5170 -48.5990 -29.1892 20.8951 -42.4212 -24.9843 -4.9341 -35.5416 -8.1204 -48.5309 -31.1894 30.3256 -45.4700 -26.7664 9.4480 -38.4696 -19.2485 -41.5913 -33.0968 33.6474 -48.0985 -28.6345 18.4832 -41.6153 -24.2546 -11.6660 -34.7463 -2.8368 -48.7368 -30.8220 28.7280 -45.0133 -26.5325 8.2589 -38.1613 -18.1464
-38.8686 8.4128 -26.5584 -45.0590 28.8756 -30.8520 -48.7292 -3.2440 -34.7952 -11.2399 -24.2974 -41.6552 18.5863 -28.6536 -48.1117 33.6160 -33.0968 -41.6400 -19.2055 -38.4415 9.3346 -26.7442 -45.4311 30.2033 -31.1628 -48.5522 -7.8453 -35.4962 -5.2606 -24.9497 -42.3804 20.7767 -29.1632 -48.5807 28.8509 -33.5706 -36.0375 -21.0238 -39.3532 12.1834 -27.2912 -46.3371 32.8914 -31.7930 -47.6663 -12.4234 -37.4613 19.0954 -48.9001 -29.7946 23.7173 -43.3707 -25.6433 1.1423 -36.5037 -13.0041 -47.6844 -31.7898 32.8925 -46.3371 -27.2912 12.1834 -39.3532 -21.0238 -36.0375 -33.5706 28.8509 -48.5807 -29.1632 20.7767 -42.3804 -24.9497 -5.2606 -35.4962 -7.8453 -48.5522 -31.1628 30.2033 -45.4311 -26.7442 9.3346 -38.4415 -19.2055 -41.6400 -33.0968 33.6160 -48.1117 -28.6536 18.5863 -41.6552 -24.2974 -11.2399 -34.7952 -3.2381 -48.7297 -30.8476 28.8871 -45.0627 -26.5603 8.4148 -38.8694
8.2452 -26.5789 -45.1088 29.0345 -30.8841 -48.7196 -3.6739 -34.8441 -10.8189 -24.3397 -41.6957 18.7010 -28.6792 -48.1356 33.5216 -33.1079 -41.5913 -19.2055 -38.4319 9.2714 -26.7276 -45.3958 30.0825 -31.1361 -48.5723 -7.5636 -35.4506 -5.5931 -24.9147 -42.3397 20.6586 -29.1373 -48.5619 29.1738 -33.5514 -36.3328 -20.9533 -39.3141 12.0678 -27.2678 -46.3001 32.7918 -31.7653 -47.7395 -12.8876 -36.3576 9.4769 -34.4969 18.1933 -48.8738 -29.7610 23.5730 -43.3223 -25.6169 0.8892 -36.4614 -12.8297 -47.7386 -31.7653 32.7918 -46.3001 -27.2678 12.0678 -39.3141 -20.9533 -36.3328 -33.5514 29.1738 -48.5619 -29.1373 20.6586 -42.3397 -24.9147 -5.5931 -35.4506 -7.5636 -48.5723 -31.1361 30.0825 -45.3958 -26.7276 9.2714 -38.4319 -19.2055 -41.5913 -33.1079 33.5216 -48.1356 -28.6792 18.7010 -41.6957 -24.3397 -10.8189 -34.8441 -3.6353 -48.7210 -30.8763 29.0449 -45.1127 -26.5807 8.2474
-25.1109 -45.1579 29.1938 -30.9143 -48.7088 -4.1174 -34.8935 -10.3999 -24.3818 -41.7363 18.8158 -28.7046 -48.1614 33.3883 -33.1301 -41.4467 -19.2485 -38.4415 9.2714 -26.7220 -45.3763 29.9920 -31.1109 -48.5911 -7.2749 -35.4047 -5.9317 -24.8791 -42.2989 20.5407 -29.1114 -48.5427 29.4859 -33.5320 -36.6232 -20.8822 -39.2750 11.9519 -27.2444 -46.2631 32.6908 -31.7392 -47.7903 -12.6532 -36.4278 -0.0960 -29.8363 -28.7043 -33.9321 18.9541 -48.8661 -29.7330 23.4363 -43.2777 -25.5928 0.6653 -36.4221 -12.6561 -47.7903 -31.7392 32.6908 -46.2631 -27.2444 11.9519 -39.2750 -20.8822 -36.6232 -33.5320 29.4859 -48.5427 -29.1114 20.5407 -42.2989 -24.8791 -5.9317 -35.4047 -7.2749 -48.5911 -31.1109 29.9920 -45.3763 -26.7220 9.2714 -38.4415 -19.2485 -41.4467 -33.1301 33.3883 -48.1614 -28.7046 18.8158 -41.7363 -24.3818 -10.3999 -34.8934 -4.0536 -48.7104 -30.9076 29.2012 -45.1612 -25.1126
-45.2088 29.3477 -30.9430 -48.6967 -4.5486 -34.9490 -9.9522 -24.4250 -41.7775 18.9307 -28.7301 -48.1868 33.2447 -33.1521 -41.2496 -19.3255 -38.4696 9.3346 -26.7276 -45.3763 29.9611 -31.0976 -48.6043 -7.0088 -35.3592 -6.2764 -24.8431 -42.2582 20.4230 -29.0855 -48.5231 29.7873 -33.5124 -36.9085 -20.8105 -39.2360 11.8358 -27.2211 -46.2259 32.5883 -31.7131 -47.8403 -12.4793 -36.3831 0.5166 -25.6642 -44.6099 -22.6864 -28.6455 -33.9265 19.5650 -48.8596 -29.7071 23.3112 -43.2369 -25.5690 0.4413 -36.3830 -12.4793 -47.8403 -31.7131 32.5883 -46.2259 -27.2211 11.8358 -39.2360 -20.8105 -36.9085 -33.5124 29.7873 -48.5231 -29.0855 20.4230 -42.2582 -24.8431 -6.2764 -35.3592 -7.0088 -48.6043 -31.0976 29.9611 -45.3763 -26.7276 9.3346 -38.4696 -19.3255 -41.2496 -33.1521 33.2447 -48.1868 -28.7301 18.9307 -41.7775 -24.4251 -9.9519 -34.9501 -4.5090 -48.6979 -30.9408 29.3448 -45.2079
29.1629 -30.7902 -48.6834 -4.9636 -35.0088 -9.4784 -24.4710 -41.8224 19.0477 -28.7557 -48.2119 33.0931 -33.1741 -41.0453 -19.4101 -38.5073 9.4480 -26.7442 -45.3958 29.9920 -31.0976 -48.6087 -6.8584 -35.3250 -6.5922 -24.8073 -42.2175 20.3055 -29.0596 -48.5031 30.0781 -33.4927 -37.1889 -20.7382 -39.1970 11.7193 -27.1978 -46.1887 32.4844 -31.6869 -47.8887 -12.2993 -36.3436 0.2096 -25.5457 -43.0211 30.1985 -40.0193 -22.3180 -29.1139 -33.9126 20.1189 -48.8518 -29.6807 23.1881 -43.1962 -25.5446 0.2134 -36.3436 -12.2993 -47.8887 -31.6869 32.4844 -46.1887 -27.1978 11.7193 -39.1970 -20.7382 -37.1889 -33.4927 30.0781 -48.5031 -29.0596 20.3055 -42.2175 -24.8073 -6.5922 -35.3250 -6.8584 -48.6087 -31.0976 29.9920 -45.3958 -26.7442 9.4480 -38.5073 -19.4101 -41.0453 -33.1741 33.0931 -48.2119 -28.7556 19.0477 -41.8222 -24.4729 -9.4506 -35.0124 -4.9574 -48.6835 -30.7930 29.1604
-30.2826 -48.6680 -5.3928 -35.0696 -8.9835 -24.5210 -41.8727 19.1825 -28.7812 -48.2367 32.9331 -33.1959 -40.8370 -19.4940 -38.5457 9.5732 -26.7664 -45.4311 30.0825 -31.1109 -48.6043 -6.8584 -35.3134 -6.7696 -24.7803 -42.1808 20.1901 -29.0338 -48.4826 30.3584 -33.4728 -37.4645 -20.6653 -39.1580 11.6025 -27.1745 -46.1513 32.3791 -31.6607 -47.9355 -12.1158 -36.3038 -0.0184 -25.5200 -43.1702 22.6652 -33.3209 14.1911 -40.1009 -22.2511 -29.5088 -33.8973 20.6629 -48.8433 -29.6544 23.0653 -43.1554 -25.5197 -0.0184 -36.3038 -12.1158 -47.9355 -31.6607 32.3791 -46.1513 -27.1745 11.6025 -39.1580 -20.6653 -37.4645 -33.4728 30.3584 -48.4826 -29.0338 20.1901 -42.1808 -24.7803 -6.7696 -35.3134 -6.8584 -48.6043 -31.1109 30.0825 -45.4311 -26.7664 9.5732 -38.5457 -19.4940 -40.8370 -33.1959 32.9331 -48.2372 -28.7824 19.1833 -41.8727 -24.5232 -8.9506 -35.0726 -5.3949 -48.6679 -30.2851
-48.7490 -5.8417 -35.1323 -8.4674 -24.5725 -41.9235 19.3278 -28.8097 -48.2635 32.7618 -33.2177 -40.6245 -19.5772 -38.5841 9.6979 -26.7889 -45.4700 30.2033 -31.1361 -48.5911 -7.0088 -35.3250 -6.7696 -24.7710 -42.1604 20.1041 -29.0099 -48.4615 30.6284 -33.4528 -37.7352 -20.5918 -39.1191 11.4853 -27.1512 -46.1139 32.2725 -31.6345 -47.9808 -11.9288 -36.2636 -0.2541 -25.4942 -43.1138 22.9834 -30.0114 -48.6330 -28.7469 14.2192 -40.0558 -22.1904 -29.9017 -33.8819 21.1969 -48.8341 -29.6281 22.9428 -43.1146 -25.4942 -0.2541 -36.2636 -11.9288 -47.9808 -31.6345 32.2725 -46.1139 -27.1512 11.4853 -39.1191 -20.5918 -37.7352 -33.4528 30.6284 -48.4615 -29.0099 20.1041 -42.1604 -24.7710 -6.7696 -35.3250 -7.0088 -48.5911 -31.1361 30.2033 -45.4700 -26.7889 9.6979 -38.5841 -19.5772 -40.6245 -33.2177 32.7620 -48.2642 -28.8110 19.3286 -41.9238 -24.5731 -8.4649 -35.1325 -5.8416 -48.7490
-10.1538 -35.1902 -7.9885 -24.6212 -41.9715 19.4645 -28.8416 -48.2923 32.5644 -33.2373 -40.4079 -19.6595 -38.6225 9.8219 -26.8115 -45.5089 30.3256 -31.1628 -48.5723 -7.2749 -35.3592 -6.5922 -24.7803 -42.1604 20.0749 -28.9970 -48.4454 30.8626 -33.4305 -38.0011 -20.5177 -39.0802 11.3678 -27.1281 -46.0763 32.1646 -31.6082 -48.0245 -11.7381 -36.2232 -0.4940 -25.4682 -43.0738 22.8185 -29.5857 -48.5083 -5.7336 -46.2682 -27.6861 14.0979 -40.0161 -22.1293 -30.2895 -33.8662 21.7205 -48.8244 -29.6017 22.8204 -43.0738 -25.4682 -0.4940 -36.2232 -11.7381 -48.0245 -31.6082 32.1646 -46.0763 -27.1281 11.3678 -39.0802 -20.5177 -38.0011 -33.4305 30.8626 -48.4454 -28.9970 20.0749 -42.1604 -24.7803 -6.5922 -35.3592 -7.2749 -48.5723 -31.1628 30.3256 -45.5089 -26.8115 9.8219 -38.6225 -19.6595 -40.4079 -33.2373 32.5648 -48.2925 -28.8407 19.4735 -41.9747 -24.6223 -7.9884 -35.1901 -10.1539
-36.2418 -7.5542 -24.6680 -42.0217 19.6078 -28.8740 -48.3216 32.3315 -33.2585 -40.1836 -19.7411 -38.6610 9.9453 -26.8341 -45.5477 30.4474 -31.1894 -48.5522 -7.5636 -35.4047 -6.2764 -24.8073 -42.1808 20.1041 -28.9970 -48.4400 30.9893 -33.4133 -38.2365 -20.4441 -39.0413 11.2500 -27.1049 -46.0387 32.0555 -31.5819 -48.0667 -11.5437 -36.1824 -0.7381 -25.4416 -43.0330 22.6984 -29.5775 -48.8412 24.1463 -35.6395 34.3277 -46.9128 -27.6675 13.9853 -39.9765 -22.0676 -30.6723 -33.8503 22.2334 -48.8142 -29.5755 22.6984 -43.0330 -25.4416 -0.7381 -36.1824 -11.5437 -48.0667 -31.5819 32.0555 -46.0387 -27.1049 11.2500 -39.0413 -20.4441 -38.2365 -33.4133 30.9893 -48.4400 -28.9970 20.1041 -42.1808 -24.8073 -6.2764 -35.4047 -7.5636 -48.5522 -31.1894 30.4474 -45.5477 -26.8341 9.9453 -38.6610 -19.7413 -40.1822 -33.2587 32.3457 -48.3201 -28.8700 19.6186 -42.0255 -24.6692 -7.5484 -36.2425
-9.2139 -24.7199 -42.0729 19.7541 -28.9051 -48.3506 32.0829 -33.2830 -39.9203 -19.8288 -38.7002 10.0682 -26.8567 -45.5864 30.5686 -31.2159 -48.5309 -7.8453 -35.4506 -5.9317 -24.8431 -42.2175 20.1901 -29.0099 -48.4454 30.9893 -33.4082 -38.3656 -20.3888 -39.0064 11.1336 -27.0818 -46.0009 31.9452 -31.5556 -48.1075 -11.3454 -36.1412 -0.9866 -25.4145 -42.9922 22.5765 -29.5492 -48.8009 22.5533 -34.2287 -7.7680 -33.4684 34.1448 -46.8702 -27.6434 13.8727 -39.9369 -22.0056 -31.0499 -33.8341 22.7355 -48.8033 -29.5492 22.5765 -42.9922 -25.4145 -0.9866 -36.1412 -11.3454 -48.1075 -31.5556 31.9452 -46.0009 -27.0818 11.1336 -39.0064 -20.3888 -38.3656 -33.4082 30.9893 -48.4454 -29.0099 20.1901 -42.2175 -24.8431 -5.9317 -35.4506 -7.8453 -48.5309 -31.2159 30.5686 -45.5864 -26.8567 10.0682 -38.7002 -19.8291 -39.9186 -33.2857 32.1158 -48.3472 -28.8994 19.7639 -42.0770 -24.7211 -9.2074
-23.0246 -42.1238 19.9015 -28.9348 -48.3775 31.8354 -33.3096 -39.6303 -19.9243 -38.7455 10.2009 -26.8794 -45.6251 30.6892 -31.2425 -48.5084 -8.1204 -35.4962 -5.5931 -24.8791 -42.2582 20.3055 -29.0338 -48.4615 30.8626 -33.4133 -38.3656 -20.3699 -38.9870 11.0466 -27.0609 -45.9635 31.8339 -31.5292 -48.1467 -11.1431 -36.0998 -1.2396 -25.3869 -42.9515 22.4549 -29.5229 -48.7919 23.2362 -33.7916 -32.6273 -26.4702 -46.8538 -32.1425 34.0728 -46.8355 -27.6194 13.7599 -39.8973 -21.9430 -31.4223 -33.8177 23.2266 -48.7919 -29.5229 22.4549 -42.9515 -25.3869 -1.2396 -36.0998 -11.1431 -48.1467 -31.5292 31.8339 -45.9635 -27.0609 11.0466 -38.9870 -20.3699 -38.3656 -33.4133 30.8626 -48.4615 -29.0338 20.3055 -42.2582 -24.8791 -5.5931 -35.4962 -8.1204 -48.5084 -31.2425 30.6892 -45.6251 -26.8794 10.2010 -38.7453 -19.9244 -39.6302 -33.3146 31.8735 -48.3738 -28.9297 19.9087 -42.1271 -23.0263
-42.4297 20.0476 -28.9636 -48.4036 31.5784 -33.3385 -39.3329 -20.0238 -38.7938 10.3448 -26.9024 -45.6637 30.8091 -31.2691 -48.4847 -8.3889 -35.5416 -5.2606 -24.9147 -42.2989 20.4230 -29.0596 -48.4826 30.6284 -33.4305 -38.2365 -20.3888 -38.9870 11.0169 -27.0494 -45.9355 31.7326 -31.5019 -48.1846 -10.9366 -36.0580 -1.4971 -25.3588 -42.9107 22.3335 -29.4967 -48.7799 23.7064 -33.8040 -31.6672 -21.7707 -40.8825 -14.8610 -46.8212 -32.1305 34.0017 -46.8003 -27.5954 13.6470 -39.8578 -21.8799 -31.7895 -33.8012 23.7064 -48.7799 -29.4967 22.3335 -42.9107 -25.3588 -1.4971 -36.0580 -10.9366 -48.1846 -31.5019 31.7326 -45.9355 -27.0494 11.0169 -38.9870 -20.3888 -38.2365 -33.4305 30.6284 -48.4826 -29.0596 20.4230 -42.2989 -24.9147 -5.2606 -35.5416 -8.3889 -48.4847 -31.2691 30.8091 -45.6643 -26.9036 10.3458 -38.7937 -20.0237 -39.3329 -33.3452 31.6045 -48.4011 -28.9617 20.0449 -42.4285
20.3686 -28.8987 -48.4291 31.3087 -33.3668 -39.0321 -20.1208 -38.8393 10.4886 -26.9285 -45.7057 30.9310 -31.2960 -48.4598 -8.6511 -35.5867 -4.9341 -24.9497 -42.3397 20.5407 -29.0855 -48.5031 30.3584 -33.4528 -38.0011 -20.4441 -39.0064 11.0466 -27.0494 -45.9260 31.6761 -31.4811 -48.2174 -10.7293 -36.0159 -1.7594 -25.3301 -42.8699 22.2123 -29.4705 -48.7673 24.1749 -33.7844 -32.1574 -21.8327 -39.6893 19.6413 -36.9051 -14.8473 -46.9049 -32.1048 33.9281 -46.7650 -27.5715 13.5340 -39.8183 -21.8163 -32.1515 -33.7844 24.1749 -48.7673 -29.4705 22.2123 -42.8699 -25.3301 -1.7594 -36.0159 -10.7293 -48.2174 -31.4811 31.6761 -45.9260 -27.0494 11.0466 -39.0064 -20.4441 -38.0011 -33.4528 30.3584 -48.5031 -29.0855 20.5407 -42.3397 -24.9497 -4.9341 -35.5867 -8.6511 -48.4598 -31.2956 30.9301 -45.7069 -26.9306 10.4887 -38.8394 -20.1258 -39.0151 -33.3731 31.3139 -48.4287 -28.9002 20.3656
-27.9395 -48.4552 31.0060 -33.3967 -38.7230 -20.2175 -38.8872 10.6376 -26.9572 -45.7515 31.0622 -31.3236 -48.4334 -8.9072 -35.6316 -4.6135 -24.9843 -42.3804 20.6586 -29.1114 -48.5231 30.0781 -33.4728 -37.7352 -20.5177 -39.0413 11.1336 -27.0609 -45.9355 31.6761 -31.4745 -48.2352 -10.5719 -35.9777 -2.0222 -25.3009 -42.8291 22.0914 -29.4443 -48.7543 24.6321 -33.7674 -32.5082 -21.7516 -39.7912 13.0442 -31.8553 3.0100 -36.9001 -14.6968 -46.9805 -32.0792 33.8521 -46.7295 -27.5476 13.4209 -39.7788 -21.7522 -32.5082 -33.7674 24.6321 -48.7543 -29.4443 22.0914 -42.8291 -25.3009 -2.0222 -35.9777 -10.5719 -48.2352 -31.4745 31.6761 -45.9355 -27.0609 11.1336 -39.0413 -20.5177 -37.7352 -33.4728 30.0781 -48.5231 -29.1114 20.6586 -42.3804 -24.9843 -4.6135 -35.6316 -8.9072 -48.4337 -31.3211 31.0692 -45.7547 -26.9592 10.6376 -38.8872 -20.2234 -38.7020 -33.3993 31.0048 -48.4555 -27.9412
-48.2614 30.6372 -33.4250 -38.3864 -20.3185 -38.9356 10.7875 -26.9858 -45.7994 31.2075 -31.3531 -48.4032 -9.1612 -35.6762 -4.2988 -25.0184 -42.4212 20.7767 -29.1373 -48.5427 29.7873 -33.4927 -37.4645 -20.5918 -39.0802 11.2500 -27.0818 -45.9635 31.7326 -31.4811 -48.2352 -10.5177 -35.9565 -2.2213 -25.2743 -42.7889 21.9707 -29.4181 -48.7407 25.0778 -33.7502 -32.8596 -21.6876 -39.7388 13.3454 -27.7736 -47.9206 -26.5287 3.0758 -36.8620 -14.5548 -47.0540 -32.0535 33.7737 -46.6939 -27.5237 13.3076 -39.7394 -21.6876 -32.8596 -33.7502 25.0778 -48.7407 -29.4181 21.9707 -42.7889 -25.2743 -2.2213 -35.9565 -10.5177 -48.2352 -31.4811 31.7326 -45.9635 -27.0818 11.2500 -39.0802 -20.5918 -37.4645 -33.4927 29.7873 -48.5427 -29.1373 20.7767 -42.4212 -25.0184 -4.2988 -35.6762 -9.1576 -48.4059 -31.3474 31.2159 -45.8023 -26.9871 10.7884 -38.9359 -20.3191 -38.3848 -33.4252 30.6373 -48.2613
19.7744 -33.0855 -38.0601 -20.4133 -38.9814 10.9285 -27.0145 -45.8472 31.3530 -31.3828 -48.3693 -9.4317 -35.7214 -3.9896 -25.0521 -42.4620 20.8951 -29.1632 -48.5619 29.4859 -33.5124 -37.1889 -20.6653 -39.1191 11.3678 -27.1049 -46.0009 31.8339 -31.5019 -48.2174 -10.5719 -35.9565 -2.2898 -25.2593 -42.7589 21.8622 -29.3916 -48.7266 25.5120 -33.7327 -33.2059 -21.6224 -39.7000 13.1923 -27.4921 -46.3818 33.6078 -43.3685 -25.8220 2.8772 -36.8257 -14.4104 -47.1256 -32.0278 33.6930 -46.6582 -27.4999 13.1941 -39.7000 -21.6224 -33.2059 -33.7327 25.5120 -48.7266 -29.3916 21.8622 -42.7589 -25.2593 -2.2898 -35.9565 -10.5719 -48.2174 -31.5019 31.8339 -46.0009 -27.1049 11.3678 -39.1191 -20.6653 -37.1889 -33.5124 29.4859 -48.5619 -29.1632 20.8951 -42.4620 -25.0521 -3.9895 -35.7215 -9.4225 -48.3724 -31.3787 31.3533 -45.8474 -27.0140 10.9378 -38.9844 -20.4138 -38.0600 -33.0854 19.7741
-33.4617 -37.7518 -20.5023 -39.0293 11.0753 -27.0431 -45.8945 31.4962 -31.4137 -48.3339 -9.7096 -35.7696 -3.6817 -25.0855 -42.5027 21.0137 -29.1892 -48.5807 29.1738 -33.5320 -36.9085 -20.7382 -39.1580 11.4853 -27.1281 -46.0387 31.9452 -31.5292 -48.1846 -10.7293 -35.9777 -2.2213 -25.2593 -42.7487 21.8021 -29.3717 -48.7127 25.9276 -33.7151 -33.5468 -21.5568 -39.6606 13.0805 -27.4773 -46.6413 33.3756 -34.7578 24.5448 -43.6851 -25.8021 2.6890 -36.7891 -14.2638 -47.1952 -32.0021 33.6100 -46.6223 -27.4761 13.0805 -39.6606 -21.5568 -33.5468 -33.7151 25.9276 -48.7127 -29.3717 21.8021 -42.7487 -25.2593 -2.2213 -35.9777 -10.7293 -48.1846 -31.5292 31.9452 -46.0387 -27.1281 11.4853 -39.1580 -20.7382 -36.9085 -33.5320 29.1738 -48.5807 -29.1892 21.0137 -42.5027 -25.0858 -3.6609 -35.7722 -9.7056 -48.3344 -31.4133 31.4882 -45.8918 -27.0407 11.0864 -39.0329 -20.5029 -37.7476 -33.4624
-39.1027 -20.5893 -39.0782 11.2242 -27.0713 -45.9419 31.6388 -31.4461 -48.2946 -9.9938 -35.8237 -3.3332 -25.1219 -42.5470 21.1342 -29.2152 -48.5990 28.8509 -33.5514 -36.6232 -20.8105 -39.1970 11.6025 -27.1512 -46.0763 32.0555 -31.5556 -48.1467 -10.9366 -36.0159 -2.0222 -25.2743 -42.7589 21.8021 -29.3652 -48.7052 26.2302 -33.6966 -33.8772 -21.4906 -39.6212 12.9667 -27.4524 -46.5851 33.5506 -32.4601 -40.0094 -31.2896 24.5510 -43.6373 -25.7813 2.4967 -36.7525 -14.1149 -47.2629 -31.9763 33.5250 -46.5863 -27.4524 12.9667 -39.6212 -21.4906 -33.8772 -33.6966 26.2302 -48.7052 -29.3652 21.8021 -42.7589 -25.2743 -2.0222 -36.0159 -10.9366 -48.1467 -31.5556 32.0555 -46.0763 -27.1512 11.6025 -39.1970 -20.8105 -36.6232 -33.5514 28.8509 -48.5990 -29.2152 21.1343 -42.5473 -25.1227 -3.3086 -35.8267 -9.9956 -48.2944 -31.4478 31.6219 -45.9362 -27.0674 11.2343 -39.0821 -20.5898 -39.0988
-19.6886 -39.1269 11.3734 -27.0984 -45.9867 31.7725 -31.4793 -48.2524 -10.2774 -35.8807 -2.9479 -25.1618 -42.5955 21.2658 -29.2408 -48.6169 28.5170 -33.5706 -36.3328 -20.8822 -39.2360 11.7193 -27.1745 -46.1139 32.1646 -31.5819 -48.1075 -11.1431 -36.0580 -1.7594 -25.3009 -42.7889 21.8622 -29.3717 -48.7052 26.3320 -33.6876 -34.1203 -21.4305 -39.5826 12.8527 -27.4287 -46.5502 33.4367 -31.9264 -47.5351 -20.5895 -48.7238 -29.9311 24.4075 -43.5966 -25.7609 2.3015 -36.7160 -13.9635 -47.3287 -31.9504 33.4378 -46.5502 -27.4287 12.8527 -39.5826 -21.4305 -34.1203 -33.6876 26.3320 -48.7052 -29.3717 21.8622 -42.7889 -25.3009 -1.7594 -36.0580 -11.1431 -48.1075 -31.5819 32.1646 -46.1139 -27.1745 11.7193 -39.2360 -20.8822 -36.3328 -33.5706 28.5170 -48.6169 -29.2408 21.2661 -42.5958 -25.1624 -2.9460 -35.8810 -10.2775 -48.2523 -31.4822 31.7542 -45.9804 -27.0948 11.3807 -39.1300 -19.6903
-39.7299 11.5204 -27.1252 -46.0308 31.9033 -31.5139 -48.2079 -10.5539 -35.9342 -2.5916 -25.2006 -42.6437 21.4053 -29.2687 -48.6339 28.1720 -33.5897 -36.0375 -20.9533 -39.2750 11.8358 -27.1978 -46.1513 32.2725 -31.6082 -48.0667 -11.3454 -36.0998 -1.4971 -25.3301 -42.8291 21.9707 -29.3916 -48.7127 26.2302 -33.6876 -34.2025 -21.3970 -39.5538 12.7499 -27.4052 -46.5140 33.3487 -31.9274 -47.3714 -13.2771 -37.5852 16.6053 -48.9156 -29.9143 24.2825 -43.5560 -25.7406 2.1035 -36.6795 -13.8096 -47.3926 -31.9246 33.3487 -46.5140 -27.4052 12.7499 -39.5538 -21.3970 -34.2025 -33.6876 26.2302 -48.7127 -29.3916 21.9707 -42.8291 -25.3301 -1.4971 -36.0998 -11.3454 -48.0667 -31.6082 32.2725 -46.1513 -27.1978 11.8358 -39.2750 -20.9533 -36.0375 -33.5897 28.1720 -48.6347 -29.2676 21.4146 -42.6469 -25.2018 -2.5919 -35.9341 -10.5539 -48.2079 -31.5183 31.8920 -46.0267 -27.1236 11.5178 -39.7287
11.5261 -27.1254 -46.0747 32.0325 -31.5481 -48.1617 -10.8197 -35.9849 -2.2651 -25.2379 -42.6941 21.5531 -29.3006 -48.6537 27.7842 -33.6059 -35.7371 -21.0238 -39.3141 11.9519 -27.2211 -46.1887 32.3791 -31.6345 -48.0245 -11.5437 -36.1412 -1.2396 -25.3588 -42.8699 22.0914 -29.4181 -48.7266 25.9276 -33.6966 -34.1203 -21.3970 -39.5439 12.6927 -27.3876 -46.4810 33.2590 -31.8986 -47.4557 -13.7059 -36.5389 10.0450 -34.5114 15.4986 -48.8950 -29.8877 24.1578 -43.5153 -25.7202 1.9025 -36.6429 -13.6532 -47.4547 -31.8986 33.2590 -46.4810 -27.3876 12.6927 -39.5439 -21.3970 -34.1203 -33.6966 25.9276 -48.7266 -29.4181 22.0914 -42.8699 -25.3588 -1.2396 -36.1412 -11.5437 -48.0245 -31.6345 32.3791 -46.1887 -27.2211 11.9519 -39.3141 -21.0238 -35.7371 -33.6086 27.8101 -48.6535 -29.2963 21.5642 -42.6979 -25.2393 -2.2649 -35.9850 -10.8344 -48.1591 -31.5529 32.0311 -46.0741 -27.1258 11.5230
-25.7816 -46.1207 32.1684 -31.5840 -48.1132 -11.0799 -36.0374 -1.9302 -25.2754 -42.7454 21.7039 -29.3322 -48.6752 27.3422 -33.6195 -35.4311 -21.0937 -39.3532 12.0678 -27.2444 -46.2259 32.4844 -31.6607 -47.9808 -11.7381 -36.1824 -0.9866 -25.3869 -42.9107 22.2123 -29.4443 -48.7407 25.5120 -33.7151 -33.8772 -21.4305 -39.5538 12.6927 -27.3818 -46.4628 33.1909 -31.8737 -47.5140 -13.4915 -36.6147 0.9955 -29.9677 -26.8279 -33.9960 16.1622 -48.8916 -29.8613 24.0333 -43.4746 -25.6997 1.6984 -36.6060 -13.4942 -47.5140 -31.8737 33.1909 -46.4628 -27.3818 12.6927 -39.5538 -21.4305 -33.8772 -33.7151 25.5120 -48.7407 -29.4443 22.2123 -42.9107 -25.3869 -0.9866 -36.1824 -11.7381 -47.9808 -31.6607 32.4844 -46.2259 -27.2444 12.0678 -39.3532 -21.0937 -35.4311 -33.6251 27.4018 -48.6729 -29.3261 21.7141 -42.7489 -25.2767 -1.9302 -36.0374 -11.0972 -48.1098 -31.5862 32.1692 -46.1210 -25.7827
-46.0995 32.2969 -31.6193 -48.0590 -11.3494 -36.0893 -1.5992 -25.3124 -42.7964 21.8543 -29.3623 -48.6940 26.8889 -33.6374 -35.1135 -21.1641 -39.3929 12.1834 -27.2678 -46.2631 32.5883 -31.6869 -47.9355 -11.9288 -36.2232 -0.7381 -25.4145 -42.9515 22.3335 -29.4705 -48.7543 25.0778 -33.7327 -33.5468 -21.4906 -39.5826 12.7499 -27.3876 -46.4628 33.1675 -31.8607 -47.5572 -13.3486 -36.5686 1.5595 -25.7856 -44.8123 -22.9739 -26.6601 -33.9754 16.6978 -48.8860 -29.8354 23.9093 -43.4339 -25.6789 1.4913 -36.5670 -13.3499 -47.5572 -31.8607 33.1675 -46.4628 -27.3876 12.7499 -39.5826 -21.4906 -33.5468 -33.7327 25.0778 -48.7543 -29.4705 22.3335 -42.9515 -25.4145 -0.7381 -36.2232 -11.9288 -47.9355 -31.6869 32.5883 -46.2631 -27.2678 12.1834 -39.3929 -21.1641 -35.1137 -33.6430 26.9568 -48.6914 -29.3569 21.8634 -42.7996 -25.3134 -1.5973 -36.0900 -11.3507 -48.0587 -31.6194 32.2968 -46.0994
31.2059 -31.4301 -48.0053 -11.5981 -36.1387 -1.2935 -25.3478 -42.8475 22.0049 -29.3920 -48.7117 26.4279 -33.6612 -34.7421 -21.2397 -39.4359 12.3004 -27.2912 -46.3001 32.6908 -31.7131 -47.8887 -12.1158 -36.2636 -0.4940 -25.4416 -42.9922 22.4549 -29.4967 -48.7673 24.6321 -33.7502 -33.2059 -21.5568 -39.6212 12.8527 -27.4052 -46.4810 33.1909 -31.8607 -47.5716 -13.2668 -36.5410 1.2925 -25.6561 -43.2110 30.7977 -40.2000 -22.5498 -27.8529 -33.8980 17.2011 -48.8831 -29.7861 23.7958 -43.3606 -25.7071 0.9357 -36.5328 -13.2720 -47.5716 -31.8607 33.1909 -46.4810 -27.4052 12.8527 -39.6212 -21.5568 -33.2059 -33.7502 24.6321 -48.7673 -29.4967 22.4549 -42.9922 -25.4416 -0.4940 -36.2636 -12.1158 -47.8887 -31.7131 32.6908 -46.3001 -27.2912 12.3005 -39.4362 -21.2398 -34.7421 -33.6684 26.4732 -48.7099 -29.3891 22.0054 -42.8476 -25.3484 -1.2735 -36.1419 -11.5978 -48.0053 -31.4300 31.2060
-31.1006 -47.9537 -11.8259 -36.1896 -0.9805 -25.3827 -42.8981 22.1549 -29.4229 -48.7287 25.9516 -33.6863 -34.3410 -21.3200 -39.4820 12.4276 -27.3149 -46.3371 32.7918 -31.7392 -47.8403 -12.2993 -36.3038 -0.2541 -25.4682 -43.0330 22.5765 -29.5229 -48.7799 24.1749 -33.7674 -32.8596 -21.6224 -39.6606 12.9667 -27.4287 -46.5140 33.2590 -31.8737 -47.5572 -13.2668 -36.5316 1.1854 -25.7642 -43.1080 22.9879 -33.4593 15.0414 -40.5665 -22.7321 -27.2892 -34.4079 18.2064 -48.6000 -29.4030 29.9910 -43.4347 -27.3200 1.1161 -36.5170 -13.2732 -47.5572 -31.8737 33.2590 -46.5140 -27.4287 12.9667 -39.6606 -21.6224 -32.8596 -33.7674 24.1749 -48.7799 -29.5229 22.5765 -43.0330 -25.4682 -0.2541 -36.3038 -12.2993 -47.8403 -31.7392 32.7918 -46.3371 -27.3149 12.4270 -39.4820 -21.3241 -34.3183 -33.6930 25.9601 -48.7283 -29.4226 22.1464 -42.8952 -25.3824 -0.9572 -36.1933 -11.8259 -47.9530 -31.1012
-48.1959 -12.0692 -36.2408 -0.6688 -25.4171 -42.9490 22.3060 -29.4551 -48.7457 25.4331 -33.7130 -33.9301 -21.4042 -39.5305 12.5697 -27.3406 -46.3746 32.8914 -31.7653 -47.7903 -12.4793 -36.3436 -0.0184 -25.4942 -43.0738 22.6984 -29.5492 -48.7919 23.7064 -33.7844 -32.5082 -21.6876 -39.7000 13.0805 -27.4524 -46.5502 33.3487 -31.8986 -47.5140 -13.3486 -36.5410 1.1818 -25.9090 -44.1752 35.4869 -32.0958 -47.9902 -28.9383 17.9563 -40.5058 -25.0563 14.4795 -40.7910 -19.8390 -48.2680 -38.6713 -9.6928 -48.3720 -30.0696 1.4157 -36.5270 -13.3523 -47.5140 -31.8986 33.3487 -46.5502 -27.4524 13.0805 -39.7000 -21.6876 -32.5082 -33.7844 23.7064 -48.7919 -29.5492 22.6984 -43.0738 -25.4942 -0.0184 -36.3436 -12.4793 -47.7903 -31.7653 32.8925 -46.3770 -27.3418 12.5697 -39.5305 -21.4091 -33.9023 -33.7157 25.4304 -48.7459 -29.4560 22.2876 -42.9428 -25.4155 -0.6478 -36.2448 -12.0689 -48.1953
-13.7976 -36.2913 -0.3620 -25.4496 -42.9972 22.4494 -29.4880 -48.7625 24.8833 -33.7375 -33.4842 -21.4921 -39.5796 12.7129 -27.3692 -46.4177 32.9981 -31.7902 -47.7386 -12.6561 -36.3830 0.2134 -25.5197 -43.1146 22.8204 -29.5755 -48.8033 23.2266 -33.8012 -32.1515 -21.7522 -39.7394 13.1941 -27.4761 -46.5863 33.4378 -31.9246 -47.4547 -13.4942 -36.5689 1.2920 -25.8437 -44.1463 -33.6917 -60.6700 23.0560 -54.2245 -27.0123 -1.1418 -47.5926 -31.2151 -3.5851 3.2376 20.3690 -17.2259 -0.6823 -68.5533 -26.8759 -39.5961 -29.4320 1.2414 -36.5625 -13.4954 -47.4547 -31.9246 33.4378 -46.5863 -27.4761 13.1941 -39.7394 -21.7522 -32.1515 -33.8012 23.2266 -48.8033 -29.5755 22.8204 -43.1146 -25.5197 0.2134 -36.3830 -12.6561 -47.7386 -31.7898 32.9996 -46.4205 -27.3706 12.7137 -39.5799 -21.4927 -33.4820 -33.7377 24.8831 -48.7625 -29.4895 22.4292 -42.9904 -25.4480 -0.3471 -36.2941 -13.8004
-37.2226 -0.0658 -25.4814 -43.0448 22.5914 -29.5217 -48.7786 24.3134 -33.7577 -33.0534 -21.5747 -39.6260 12.8477 -27.3987 -46.4637 33.1119 -31.8158 -47.6844 -12.8297 -36.4221 0.4413 -25.5446 -43.1554 22.9428 -29.6017 -48.8142 22.7355 -33.8177 -31.7895 -21.8163 -39.7788 13.3076 -27.4999 -46.6223 33.5250 -31.9504 -47.3926 -13.6532 -36.6060 1.4894 -25.7054 -43.6445 20.8334 -37.0375 -34.8092 -45.0466 -21.0987 -30.1122 26.2409 -43.5968 6.1242 -54.5415 11.4213 -20.0973 -27.7877 -39.1441 28.0812 5.0258 -46.1387 -45.1099 -26.1075 1.3665 -36.6054 -13.6532 -47.3926 -31.9504 33.5250 -46.6223 -27.4999 13.3076 -39.7788 -21.8163 -31.7895 -33.8177 22.7355 -48.8142 -29.6017 22.9428 -43.1554 -25.5446 0.4413 -36.4221 -12.8297 -47.6844 -31.8149 33.1120 -46.4639 -27.3981 12.8566 -39.6291 -21.5753 -33.0537 -33.7577 24.3134 -48.7786 -29.5244 22.5786 -43.0405 -25.4802 -0.0710 -37.2211
