1.0000 1.0000 0.0004 0.0053 0.0734 1.0000 1.0000 0.0001 0.0018 0.0250 0.3487 1.0000 0.0000 0.0006 0.0085 0.1184 1.0000 1.0000 0.0002 0.0029 0.0403 0.5609 1.0000 0.0001 0.0010 0.0137 0.1904 1.0000 1.0000 0.0003 0.0046 0.0647 0.9007 1.0000 0.0001 0.0016 0.0220 0.3058 1.0000 1.0000 0.0005 0.0075 0.1040 1.0000 1.0000 0.0002 0.0025 0.0349 0.4673 1.0000 1.0000 1.0000 0.4673 0.0349 0.0025 0.0002 1.0000 1.0000 0.1040 0.0075 0.0005 1.0000 1.0000 0.3058 0.0220 0.0016 0.0001 1.0000 0.9007 0.0647 0.0046 0.0003 1.0000 1.0000 0.1904 0.0137 0.0010 0.0001 1.0000 0.5609 0.0403 0.0029 0.0002 1.0000 1.0000 0.1184 0.0085 0.0006 0.0000 1.0000 0.3487 0.0250 0.0018 0.0001 1.0000 1.0000 0.0734 0.0053 0.0004 1.0000 1.0000
1.0000 0.0004 0.0053 0.0732 1.0000 1.0000 0.0001 0.0018 0.0247 0.3447 1.0000 0.0000 0.0006 0.0084 0.1170 1.0000 1.0000 0.0002 0.0029 0.0397 0.5535 1.0000 0.0001 0.0010 0.0135 0.1879 1.0000 1.0000 0.0003 0.0046 0.0639 0.8905 1.0000 0.0001 0.0016 0.0217 0.3023 1.0000 1.0000 0.0005 0.0074 0.1026 1.0000 1.0000 0.0002 0.0025 0.0348 0.4799 1.0000 0.0000 0.0003 0.0000 1.0000 0.4799 0.0348 0.0025 0.0002 1.0000 1.0000 0.1026 0.0074 0.0005 1.0000 1.0000 0.3023 0.0217 0.0016 0.0001 1.0000 0.8905 0.0639 0.0046 0.0003 1.0000 1.0000 0.1879 0.0135 0.0010 0.0001 1.0000 0.5535 0.0397 0.0029 0.0002 1.0000 1.0000 0.1170 0.0084 0.0006 0.0000 1.0000 0.3447 0.0247 0.0018 0.0001 1.0000 1.0000 0.0732 0.0053 0.0004 1.0000
0.0004 0.0053 0.0715 0.9774 1.0000 0.0001 0.0017 0.0233 0.3238 1.0000 1.0000 0.0006 0.0079 0.1097 1.0000 1.0000 0.0002 0.0027 0.0372 0.5189 1.0000 0.0001 0.0009 0.0127 0.1765 1.0000 1.0000 0.0003 0.0043 0.0599 0.8347 1.0000 0.0001 0.0015 0.0203 0.2834 1.0000 1.0000 0.0005 0.0069 0.0962 1.0000 1.0000 0.0002 0.0023 0.0327 0.4542 1.0000 0.0001 0.0007 0.0034 0.0007 0.0001 1.0000 0.4542 0.0327 0.0023 0.0002 1.0000 1.0000 0.0962 0.0069 0.0005 1.0000 1.0000 0.2834 0.0203 0.0015 0.0001 1.0000 0.8347 0.0599 0.0043 0.0003 1.0000 1.0000 0.1765 0.0127 0.0009 0.0001 1.0000 0.5189 0.0372 0.0027 0.0002 1.0000 1.0000 0.1097 0.0079 0.0006 1.0000 1.0000 0.3238 0.0233 0.0017 0.0001 1.0000 0.9774 0.0715 0.0053 0.0004
0.0053 0.0732 0.9774 1.0000 0.0001 0.0016 0.0222 0.3064 1.0000 1.0000 0.0005 0.0074 0.1030 1.0000 1.0000 0.0002 0.0025 0.0350 0.4873 1.0000 0.0001 0.0009 0.0119 0.1654 1.0000 1.0000 0.0003 0.0040 0.0562 0.7824 1.0000 0.0001 0.0014 0.0191 0.2657 1.0000 1.0000 0.0005 0.0065 0.0904 1.0000 1.0000 0.0002 0.0022 0.0307 0.4266 1.0000 0.0001 0.0007 0.0085 0.0445 0.0085 0.0007 0.0001 1.0000 0.4266 0.0307 0.0022 0.0002 1.0000 1.0000 0.0904 0.0065 0.0005 1.0000 1.0000 0.2657 0.0191 0.0014 0.0001 1.0000 0.7824 0.0562 0.0040 0.0003 1.0000 1.0000 0.1654 0.0119 0.0009 0.0001 1.0000 0.4873 0.0350 0.0025 0.0002 1.0000 1.0000 0.1030 0.0074 0.0005 1.0000 1.0000 0.3064 0.0222 0.0016 0.0001 1.0000 0.9774 0.0732 0.0053
0.0734 1.0000 1.0000 0.0001 0.0016 0.0215 0.2949 1.0000 1.0000 0.0005 0.0070 0.0971 1.0000 1.0000 0.0002 0.0024 0.0328 0.4568 1.0000 0.0001 0.0008 0.0111 0.1551 1.0000 1.0000 0.0003 0.0038 0.0527 0.7335 1.0000 0.0001 0.0013 0.0179 0.2495 1.0000 1.0000 0.0004 0.0061 0.0847 1.0000 1.0000 0.0001 0.0021 0.0288 0.4006 1.0000 0.0001 0.0007 0.0093 0.1112 0.5816 0.1112 0.0093 0.0007 0.0001 1.0000 0.4006 0.0288 0.0021 0.0001 1.0000 1.0000 0.0847 0.0061 0.0004 1.0000 1.0000 0.2495 0.0179 0.0013 0.0001 1.0000 0.7335 0.0527 0.0038 0.0003 1.0000 1.0000 0.1551 0.0111 0.0008 0.0001 1.0000 0.4568 0.0328 0.0024 0.0002 1.0000 1.0000 0.0971 0.0070 0.0005 1.0000 1.0000 0.2949 0.0215 0.0016 0.0001 1.0000 1.0000 0.0734
1.0000 1.0000 0.0001 0.0016 0.0215 0.2905 1.0000 1.0000 0.0005 0.0066 0.0921 1.0000 1.0000 0.0002 0.0022 0.0308 0.4290 1.0000 0.0001 0.0007 0.0104 0.1454 1.0000 1.0000 0.0003 0.0036 0.0495 0.6888 1.0000 0.0001 0.0012 0.0168 0.2339 1.0000 1.0000 0.0004 0.0057 0.0794 1.0000 1.0000 0.0001 0.0019 0.0270 0.3755 1.0000 0.0000 0.0007 0.0090 0.1213 1.0000 1.0000 1.0000 0.1213 0.0090 0.0007 0.0000 1.0000 0.3755 0.0270 0.0019 0.0001 1.0000 1.0000 0.0794 0.0057 0.0004 1.0000 1.0000 0.2339 0.0168 0.0012 0.0001 1.0000 0.6888 0.0495 0.0036 0.0003 1.0000 1.0000 0.1454 0.0104 0.0007 0.0001 1.0000 0.4290 0.0308 0.0022 0.0002 1.0000 1.0000 0.0921 0.0066 0.0005 1.0000 1.0000 0.2905 0.0215 0.0016 0.0001 1.0000 1.0000
1.0000 0.0001 0.0017 0.0222 0.2949 1.0000 1.0000 0.0005 0.0064 0.0883 1.0000 1.0000 0.0002 0.0021 0.0290 0.4037 1.0000 0.0001 0.0007 0.0098 0.1365 1.0000 1.0000 0.0002 0.0033 0.0464 0.6457 1.0000 0.0001 0.0011 0.0157 0.2192 1.0000 1.0000 0.0004 0.0053 0.0744 1.0000 1.0000 0.0001 0.0018 0.0253 0.3527 1.0000 0.0000 0.0006 0.0086 0.1182 1.0000 1.0000 0.0001 1.0000 1.0000 0.1182 0.0086 0.0006 0.0000 1.0000 0.3527 0.0253 0.0018 0.0001 1.0000 1.0000 0.0744 0.0053 0.0004 1.0000 1.0000 0.2192 0.0157 0.0011 0.0001 1.0000 0.6457 0.0464 0.0033 0.0002 1.0000 1.0000 0.1365 0.0098 0.0007 0.0001 1.0000 0.4037 0.0290 0.0021 0.0002 1.0000 1.0000 0.0883 0.0064 0.0005 1.0000 1.0000 0.2949 0.0222 0.0017 0.0001 1.0000
0.0001 0.0018 0.0233 0.3064 1.0000 1.0000 0.0005 0.0064 0.0863 1.0000 1.0000 0.0001 0.0020 0.0275 0.3820 1.0000 0.0000 0.0007 0.0092 0.1282 1.0000 1.0000 0.0002 0.0031 0.0435 0.6053 1.0000 0.0001 0.0011 0.0148 0.2055 1.0000 1.0000 0.0004 0.0050 0.0699 0.9737 1.0000 0.0001 0.0017 0.0237 0.3306 1.0000 1.0000 0.0006 0.0081 0.1118 1.0000 1.0000 0.0002 0.0008 0.0002 1.0000 1.0000 0.1118 0.0081 0.0006 1.0000 1.0000 0.3306 0.0237 0.0017 0.0001 1.0000 0.9737 0.0699 0.0050 0.0004 1.0000 1.0000 0.2055 0.0148 0.0011 0.0001 1.0000 0.6053 0.0435 0.0031 0.0002 1.0000 1.0000 0.1282 0.0092 0.0007 0.0000 1.0000 0.3820 0.0275 0.0020 0.0001 1.0000 1.0000 0.0863 0.0064 0.0005 1.0000 1.0000 0.3064 0.0233 0.0018 0.0001
0.0018 0.0247 0.3238 1.0000 1.0000 0.0005 0.0064 0.0863 1.0000 1.0000 0.0001 0.0019 0.0264 0.3636 1.0000 0.0000 0.0006 0.0087 0.1207 1.0000 1.0000 0.0002 0.0029 0.0407 0.5674 1.0000 0.0001 0.0010 0.0139 0.1930 1.0000 1.0000 0.0003 0.0047 0.0655 0.9128 1.0000 0.0001 0.0016 0.0222 0.3099 1.0000 1.0000 0.0005 0.0076 0.1052 1.0000 1.0000 0.0002 0.0021 0.0110 0.0021 0.0002 1.0000 1.0000 0.1052 0.0076 0.0005 1.0000 1.0000 0.3099 0.0222 0.0016 0.0001 1.0000 0.9128 0.0655 0.0047 0.0003 1.0000 1.0000 0.1930 0.0139 0.0010 0.0001 1.0000 0.5674 0.0407 0.0029 0.0002 1.0000 1.0000 0.1207 0.0087 0.0006 0.0000 1.0000 0.3636 0.0264 0.0019 0.0001 1.0000 1.0000 0.0863 0.0064 0.0005 1.0000 1.0000 0.3238 0.0247 0.0018
0.0250 0.3447 1.0000 1.0000 0.0005 0.0066 0.0883 1.0000 1.0000 0.0001 0.0019 0.0257 0.3513 1.0000 0.0000 0.0006 0.0082 0.1142 1.0000 1.0000 0.0002 0.0028 0.0383 0.5329 1.0000 0.0001 0.0009 0.0130 0.1809 1.0000 1.0000 0.0003 0.0044 0.0614 0.8556 1.0000 0.0001 0.0015 0.0209 0.2905 1.0000 1.0000 0.0005 0.0071 0.0986 1.0000 1.0000 0.0002 0.0023 0.0274 0.1432 0.0274 0.0023 0.0002 1.0000 1.0000 0.0986 0.0071 0.0005 1.0000 1.0000 0.2905 0.0209 0.0015 0.0001 1.0000 0.8556 0.0614 0.0044 0.0003 1.0000 1.0000 0.1809 0.0130 0.0009 0.0001 1.0000 0.5329 0.0383 0.0028 0.0002 1.0000 1.0000 0.1142 0.0082 0.0006 0.0000 1.0000 0.3513 0.0257 0.0019 0.0001 1.0000 1.0000 0.0883 0.0066 0.0005 1.0000 1.0000 0.3447 0.0250
0.3487 1.0000 1.0000 0.0005 0.0070 0.0921 1.0000 1.0000 0.0001 0.0019 0.0254 0.3447 1.0000 1.0000 0.0006 0.0079 0.1087 1.0000 1.0000 0.0002 0.0026 0.0361 0.5014 1.0000 0.0001 0.0009 0.0122 0.1696 1.0000 1.0000 0.0003 0.0041 0.0576 0.8020 1.0000 0.0001 0.0014 0.0196 0.2728 1.0000 1.0000 0.0005 0.0066 0.0926 1.0000 1.0000 0.0002 0.0022 0.0299 0.3574 1.0000 0.3574 0.0299 0.0022 0.0002 1.0000 1.0000 0.0926 0.0066 0.0005 1.0000 1.0000 0.2728 0.0196 0.0014 0.0001 1.0000 0.8020 0.0576 0.0041 0.0003 1.0000 1.0000 0.1696 0.0122 0.0009 0.0001 1.0000 0.5014 0.0361 0.0026 0.0002 1.0000 1.0000 0.1087 0.0079 0.0006 1.0000 1.0000 0.3447 0.0254 0.0019 0.0001 1.0000 1.0000 0.0921 0.0070 0.0005 1.0000 1.0000 0.3487
1.0000 0.0000 0.0006 0.0074 0.0971 1.0000 1.0000 0.0001 0.0019 0.0257 0.3447 1.0000 1.0000 0.0006 0.0076 0.1044 1.0000 1.0000 0.0002 0.0025 0.0341 0.4727 1.0000 0.0001 0.0008 0.0114 0.1593 1.0000 1.0000 0.0003 0.0039 0.0541 0.7532 1.0000 0.0001 0.0013 0.0184 0.2557 1.0000 1.0000 0.0004 0.0062 0.0868 1.0000 1.0000 0.0002 0.0021 0.0291 0.3908 1.0000 1.0000 1.0000 0.3908 0.0291 0.0021 0.0002 1.0000 1.0000 0.0868 0.0062 0.0004 1.0000 1.0000 0.2557 0.0184 0.0013 0.0001 1.0000 0.7532 0.0541 0.0039 0.0003 1.0000 1.0000 0.1593 0.0114 0.0008 0.0001 1.0000 0.4727 0.0341 0.0025 0.0002 1.0000 1.0000 0.1044 0.0076 0.0006 1.0000 1.0000 0.3447 0.0257 0.0019 0.0001 1.0000 1.0000 0.0971 0.0074 0.0006 0.0000 1.0000
0.0000 0.0006 0.0079 0.1030 1.0000 1.0000 0.0002 0.0020 0.0264 0.3513 1.0000 1.0000 0.0006 0.0075 0.1019 1.0000 1.0000 0.0002 0.0023 0.0324 0.4482 1.0000 0.0001 0.0008 0.0108 0.1496 1.0000 1.0000 0.0003 0.0036 0.0507 0.7061 1.0000 0.0001 0.0012 0.0172 0.2397 1.0000 1.0000 0.0004 0.0058 0.0814 1.0000 1.0000 0.0001 0.0020 0.0276 0.3806 1.0000 1.0000 0.0002 1.0000 1.0000 0.3806 0.0276 0.0020 0.0001 1.0000 1.0000 0.0814 0.0058 0.0004 1.0000 1.0000 0.2397 0.0172 0.0012 0.0001 1.0000 0.7061 0.0507 0.0036 0.0003 1.0000 1.0000 0.1496 0.0108 0.0008 0.0001 1.0000 0.4482 0.0324 0.0023 0.0002 1.0000 1.0000 0.1019 0.0075 0.0006 1.0000 1.0000 0.3513 0.0264 0.0020 0.0002 1.0000 1.0000 0.1030 0.0079 0.0006 0.0000
0.0006 0.0084 0.1097 1.0000 1.0000 0.0002 0.0021 0.0275 0.3636 1.0000 1.0000 0.0006 0.0075 0.1011 1.0000 1.0000 0.0002 0.0023 0.0311 0.4282 1.0000 0.0001 0.0007 0.0102 0.1413 1.0000 1.0000 0.0002 0.0034 0.0475 0.6619 1.0000 0.0001 0.0012 0.0161 0.2247 1.0000 1.0000 0.0004 0.0055 0.0764 1.0000 1.0000 0.0001 0.0019 0.0259 0.3601 1.0000 0.0000 0.0005 0.0027 0.0005 0.0000 1.0000 0.3601 0.0259 0.0019 0.0001 1.0000 1.0000 0.0764 0.0055 0.0004 1.0000 1.0000 0.2247 0.0161 0.0012 0.0001 1.0000 0.6619 0.0475 0.0034 0.0002 1.0000 1.0000 0.1413 0.0102 0.0007 0.0001 1.0000 0.4282 0.0311 0.0023 0.0002 1.0000 1.0000 0.1011 0.0075 0.0006 1.0000 1.0000 0.3636 0.0275 0.0021 0.0002 1.0000 1.0000 0.1097 0.0084 0.0006
0.0085 0.1170 1.0000 1.0000 0.0002 0.0022 0.0290 0.3820 1.0000 0.0000 0.0006 0.0076 0.1019 1.0000 1.0000 0.0002 0.0022 0.0302 0.4138 1.0000 0.0001 0.0007 0.0097 0.1337 1.0000 1.0000 0.0002 0.0032 0.0447 0.6216 1.0000 0.0001 0.0011 0.0152 0.2110 1.0000 1.0000 0.0004 0.0051 0.0717 0.9981 1.0000 0.0001 0.0017 0.0243 0.3389 1.0000 0.0000 0.0006 0.0068 0.0353 0.0068 0.0006 0.0000 1.0000 0.3389 0.0243 0.0017 0.0001 1.0000 0.9981 0.0717 0.0051 0.0004 1.0000 1.0000 0.2110 0.0152 0.0011 0.0001 1.0000 0.6216 0.0447 0.0032 0.0002 1.0000 1.0000 0.1337 0.0097 0.0007 0.0001 1.0000 0.4138 0.0302 0.0022 0.0002 1.0000 1.0000 0.1019 0.0076 0.0006 0.0000 1.0000 0.3820 0.0290 0.0022 0.0002 1.0000 1.0000 0.1170 0.0085
0.1184 1.0000 1.0000 0.0002 0.0024 0.0308 0.4037 1.0000 0.0000 0.0006 0.0079 0.1044 1.0000 1.0000 0.0002 0.0022 0.0297 0.4044 1.0000 0.0000 0.0007 0.0092 0.1275 1.0000 1.0000 0.0002 0.0030 0.0422 0.5860 1.0000 0.0001 0.0010 0.0142 0.1978 1.0000 1.0000 0.0003 0.0048 0.0672 0.9356 1.0000 0.0001 0.0016 0.0228 0.3177 1.0000 1.0000 0.0005 0.0074 0.0882 0.4611 0.0882 0.0074 0.0005 1.0000 1.0000 0.3177 0.0228 0.0016 0.0001 1.0000 0.9356 0.0672 0.0048 0.0003 1.0000 1.0000 0.1978 0.0142 0.0010 0.0001 1.0000 0.5860 0.0422 0.0030 0.0002 1.0000 1.0000 0.1275 0.0092 0.0007 0.0000 1.0000 0.4044 0.0297 0.0022 0.0002 1.0000 1.0000 0.1044 0.0079 0.0006 0.0000 1.0000 0.4037 0.0308 0.0024 0.0002 1.0000 1.0000 0.1184
1.0000 1.0000 0.0002 0.0025 0.0328 0.4290 1.0000 0.0000 0.0006 0.0082 0.1087 1.0000 1.0000 0.0002 0.0022 0.0297 0.4014 1.0000 0.0000 0.0007 0.0089 0.1227 1.0000 1.0000 0.0002 0.0029 0.0399 0.5535 1.0000 0.0001 0.0010 0.0134 0.1858 1.0000 1.0000 0.0003 0.0045 0.0630 0.8770 1.0000 0.0001 0.0015 0.0214 0.2983 1.0000 1.0000 0.0005 0.0072 0.0962 1.0000 1.0000 1.0000 0.0962 0.0072 0.0005 1.0000 1.0000 0.2983 0.0214 0.0015 0.0001 1.0000 0.8770 0.0630 0.0045 0.0003 1.0000 1.0000 0.1858 0.0134 0.0010 0.0001 1.0000 0.5535 0.0399 0.0029 0.0002 1.0000 1.0000 0.1227 0.0089 0.0007 0.0000 1.0000 0.4014 0.0297 0.0022 0.0002 1.0000 1.0000 0.1087 0.0082 0.0006 0.0000 1.0000 0.4290 0.0328 0.0025 0.0002 1.0000 1.0000
1.0000 0.0002 0.0027 0.0350 0.4568 1.0000 0.0001 0.0007 0.0087 0.1142 1.0000 1.0000 0.0002 0.0023 0.0302 0.4044 1.0000 0.0000 0.0006 0.0087 0.1193 1.0000 1.0000 0.0002 0.0028 0.0380 0.5258 1.0000 0.0001 0.0009 0.0126 0.1748 1.0000 1.0000 0.0003 0.0042 0.0591 0.8237 1.0000 0.0001 0.0014 0.0201 0.2797 1.0000 1.0000 0.0005 0.0068 0.0937 1.0000 1.0000 0.0001 1.0000 1.0000 0.0937 0.0068 0.0005 1.0000 1.0000 0.2797 0.0201 0.0014 0.0001 1.0000 0.8237 0.0591 0.0042 0.0003 1.0000 1.0000 0.1748 0.0126 0.0009 0.0001 1.0000 0.5258 0.0380 0.0028 0.0002 1.0000 1.0000 0.1193 0.0087 0.0006 0.0000 1.0000 0.4044 0.0302 0.0023 0.0002 1.0000 1.0000 0.1142 0.0087 0.0007 0.0001 1.0000 0.4568 0.0350 0.0027 0.0002 1.0000
0.0002 0.0029 0.0372 0.4873 1.0000 0.0001 0.0007 0.0092 0.1207 1.0000 1.0000 0.0002 0.0023 0.0311 0.4138 1.0000 0.0000 0.0006 0.0087 0.1177 1.0000 1.0000 0.0002 0.0027 0.0365 0.5024 1.0000 0.0001 0.0009 0.0119 0.1651 1.0000 1.0000 0.0003 0.0040 0.0555 0.7721 1.0000 0.0001 0.0014 0.0188 0.2621 1.0000 1.0000 0.0005 0.0064 0.0887 1.0000 1.0000 0.0001 0.0007 0.0001 1.0000 1.0000 0.0887 0.0064 0.0005 1.0000 1.0000 0.2621 0.0188 0.0014 0.0001 1.0000 0.7721 0.0555 0.0040 0.0003 1.0000 1.0000 0.1651 0.0119 0.0009 0.0001 1.0000 0.5024 0.0365 0.0027 0.0002 1.0000 1.0000 0.1177 0.0087 0.0006 0.0000 1.0000 0.4138 0.0311 0.0023 0.0002 1.0000 1.0000 0.1207 0.0092 0.0007 0.0001 1.0000 0.4873 0.0372 0.0029 0.0002
0.0029 0.0397 0.5189 1.0000 0.0001 0.0007 0.0098 0.1282 1.0000 1.0000 0.0002 0.0025 0.0324 0.4282 1.0000 0.0000 0.0007 0.0087 0.1177 1.0000 1.0000 0.0002 0.0026 0.0353 0.4845 1.0000 0.0001 0.0008 0.0113 0.1566 1.0000 1.0000 0.0003 0.0038 0.0523 0.7265 1.0000 0.0001 0.0013 0.0176 0.2457 1.0000 1.0000 0.0004 0.0060 0.0834 1.0000 1.0000 0.0001 0.0017 0.0087 0.0017 0.0001 1.0000 1.0000 0.0834 0.0060 0.0004 1.0000 1.0000 0.2457 0.0176 0.0013 0.0001 1.0000 0.7265 0.0523 0.0038 0.0003 1.0000 1.0000 0.1566 0.0113 0.0008 0.0001 1.0000 0.4845 0.0353 0.0026 0.0002 1.0000 1.0000 0.1177 0.0087 0.0007 0.0000 1.0000 0.4282 0.0324 0.0025 0.0002 1.0000 1.0000 0.1282 0.0098 0.0007 0.0001 1.0000 0.5189 0.0397 0.0029
0.0403 0.5535 1.0000 0.0001 0.0008 0.0104 0.1365 1.0000 1.0000 0.0002 0.0026 0.0341 0.4482 1.0000 0.0001 0.0007 0.0089 0.1193 1.0000 1.0000 0.0002 0.0025 0.0346 0.4718 1.0000 0.0001 0.0008 0.0108 0.1496 1.0000 1.0000 0.0003 0.0036 0.0493 0.6849 1.0000 0.0001 0.0012 0.0166 0.2308 1.0000 1.0000 0.0004 0.0056 0.0784 1.0000 1.0000 0.0001 0.0018 0.0217 0.1135 0.0217 0.0018 0.0001 1.0000 1.0000 0.0784 0.0056 0.0004 1.0000 1.0000 0.2308 0.0166 0.0012 0.0001 1.0000 0.6849 0.0493 0.0036 0.0003 1.0000 1.0000 0.1496 0.0108 0.0008 0.0001 1.0000 0.4718 0.0346 0.0025 0.0002 1.0000 1.0000 0.1193 0.0089 0.0007 0.0001 1.0000 0.4482 0.0341 0.0026 0.0002 1.0000 1.0000 0.1365 0.0104 0.0008 0.0001 1.0000 0.5535 0.0403
0.5609 1.0000 0.0001 0.0009 0.0111 0.1454 1.0000 1.0000 0.0002 0.0028 0.0361 0.4727 1.0000 0.0001 0.0007 0.0092 0.1227 1.0000 1.0000 0.0002 0.0025 0.0344 0.4656 1.0000 0.0001 0.0008 0.0105 0.1437 1.0000 1.0000 0.0002 0.0034 0.0467 0.6469 1.0000 0.0001 0.0011 0.0156 0.2167 1.0000 1.0000 0.0004 0.0053 0.0734 1.0000 1.0000 0.0001 0.0018 0.0237 0.2839 1.0000 0.2839 0.0237 0.0018 0.0001 1.0000 1.0000 0.0734 0.0053 0.0004 1.0000 1.0000 0.2167 0.0156 0.0011 0.0001 1.0000 0.6469 0.0467 0.0034 0.0002 1.0000 1.0000 0.1437 0.0105 0.0008 0.0001 1.0000 0.4656 0.0344 0.0025 0.0002 1.0000 1.0000 0.1227 0.0092 0.0007 0.0001 1.0000 0.4727 0.0361 0.0028 0.0002 1.0000 1.0000 0.1454 0.0111 0.0009 0.0001 1.0000 0.5609
1.0000 0.0001 0.0009 0.0119 0.1551 1.0000 1.0000 0.0002 0.0029 0.0383 0.5014 1.0000 0.0001 0.0007 0.0097 0.1275 1.0000 1.0000 0.0002 0.0026 0.0346 0.4656 1.0000 0.0001 0.0007 0.0102 0.1394 1.0000 1.0000 0.0002 0.0032 0.0445 0.6146 1.0000 0.0001 0.0011 0.0147 0.2039 1.0000 1.0000 0.0004 0.0050 0.0690 0.9590 1.0000 0.0001 0.0017 0.0231 0.3099 1.0000 1.0000 1.0000 0.3099 0.0231 0.0017 0.0001 1.0000 0.9590 0.0690 0.0050 0.0004 1.0000 1.0000 0.2039 0.0147 0.0011 0.0001 1.0000 0.6146 0.0445 0.0032 0.0002 1.0000 1.0000 0.1394 0.0102 0.0007 0.0001 1.0000 0.4656 0.0346 0.0026 0.0002 1.0000 1.0000 0.1275 0.0097 0.0007 0.0001 1.0000 0.5014 0.0383 0.0029 0.0002 1.0000 1.0000 0.1551 0.0119 0.0009 0.0001 1.0000
0.0001 0.0010 0.0127 0.1654 1.0000 1.0000 0.0002 0.0031 0.0407 0.5329 1.0000 0.0001 0.0008 0.0102 0.1337 1.0000 1.0000 0.0002 0.0027 0.0353 0.4718 1.0000 0.0001 0.0007 0.0101 0.1368 1.0000 1.0000 0.0002 0.0031 0.0426 0.5871 1.0000 0.0001 0.0010 0.0139 0.1930 1.0000 1.0000 0.0003 0.0047 0.0648 0.9007 1.0000 0.0001 0.0016 0.0219 0.3018 1.0000 1.0000 0.0002 1.0000 1.0000 0.3018 0.0219 0.0016 0.0001 1.0000 0.9007 0.0648 0.0047 0.0003 1.0000 1.0000 0.1930 0.0139 0.0010 0.0001 1.0000 0.5871 0.0426 0.0031 0.0002 1.0000 1.0000 0.1368 0.0101 0.0007 0.0001 1.0000 0.4718 0.0353 0.0027 0.0002 1.0000 1.0000 0.1337 0.0102 0.0008 0.0001 1.0000 0.5329 0.0407 0.0031 0.0002 1.0000 1.0000 0.1654 0.0127 0.0010 0.0001
0.0010 0.0135 0.1765 1.0000 1.0000 0.0003 0.0033 0.0435 0.5674 1.0000 0.0001 0.0008 0.0108 0.1413 1.0000 1.0000 0.0002 0.0028 0.0365 0.4845 1.0000 0.0001 0.0007 0.0101 0.1360 1.0000 1.0000 0.0002 0.0030 0.0412 0.5652 1.0000 0.0001 0.0010 0.0132 0.1830 1.0000 1.0000 0.0003 0.0044 0.0610 0.8475 1.0000 0.0001 0.0015 0.0206 0.2856 1.0000 1.0000 0.0004 0.0021 0.0004 1.0000 1.0000 0.2856 0.0206 0.0015 0.0001 1.0000 0.8475 0.0610 0.0044 0.0003 1.0000 1.0000 0.1830 0.0132 0.0010 0.0001 1.0000 0.5652 0.0412 0.0030 0.0002 1.0000 1.0000 0.1360 0.0101 0.0007 0.0001 1.0000 0.4845 0.0365 0.0028 0.0002 1.0000 1.0000 0.1413 0.0108 0.0008 0.0001 1.0000 0.5674 0.0435 0.0033 0.0003 1.0000 1.0000 0.1765 0.0135 0.0010
0.0137 0.1879 1.0000 1.0000 0.0003 0.0036 0.0464 0.6053 1.0000 0.0001 0.0009 0.0114 0.1496 1.0000 1.0000 0.0002 0.0029 0.0380 0.5024 1.0000 0.0001 0.0008 0.0102 0.1368 1.0000 1.0000 0.0002 0.0030 0.0403 0.5493 1.0000 0.0001 0.0009 0.0126 0.1745 1.0000 1.0000 0.0003 0.0041 0.0576 0.7990 1.0000 0.0001 0.0014 0.0193 0.2687 1.0000 1.0000 0.0004 0.0054 0.0280 0.0054 0.0004 1.0000 1.0000 0.2687 0.0193 0.0014 0.0001 1.0000 0.7990 0.0576 0.0041 0.0003 1.0000 1.0000 0.1745 0.0126 0.0009 0.0001 1.0000 0.5493 0.0403 0.0030 0.0002 1.0000 1.0000 0.1368 0.0102 0.0008 0.0001 1.0000 0.5024 0.0380 0.0029 0.0002 1.0000 1.0000 0.1496 0.0114 0.0009 0.0001 1.0000 0.6053 0.0464 0.0036 0.0003 1.0000 1.0000 0.1879 0.0137
0.1904 1.0000 1.0000 0.0003 0.0038 0.0495 0.6457 1.0000 0.0001 0.0009 0.0122 0.1593 1.0000 1.0000 0.0002 0.0030 0.0399 0.5258 1.0000 0.0001 0.0008 0.0105 0.1394 1.0000 1.0000 0.0002 0.0029 0.0397 0.5400 1.0000 0.0001 0.0009 0.0122 0.1677 1.0000 1.0000 0.0003 0.0039 0.0546 0.7561 1.0000 0.0001 0.0013 0.0182 0.2528 1.0000 1.0000 0.0004 0.0059 0.0699 0.3657 0.0699 0.0059 0.0004 1.0000 1.0000 0.2528 0.0182 0.0013 0.0001 1.0000 0.7561 0.0546 0.0039 0.0003 1.0000 1.0000 0.1677 0.0122 0.0009 0.0001 1.0000 0.5400 0.0397 0.0029 0.0002 1.0000 1.0000 0.1394 0.0105 0.0008 0.0001 1.0000 0.5258 0.0399 0.0030 0.0002 1.0000 1.0000 0.1593 0.0122 0.0009 0.0001 1.0000 0.6457 0.0495 0.0038 0.0003 1.0000 1.0000 0.1904
1.0000 1.0000 0.0003 0.0040 0.0527 0.6888 1.0000 0.0001 0.0010 0.0130 0.1696 1.0000 1.0000 0.0002 0.0032 0.0422 0.5535 1.0000 0.0001 0.0008 0.0108 0.1437 1.0000 1.0000 0.0002 0.0030 0.0397 0.5369 1.0000 0.0001 0.0009 0.0119 0.1623 1.0000 1.0000 0.0003 0.0038 0.0520 0.7183 1.0000 0.0001 0.0012 0.0171 0.2384 1.0000 1.0000 0.0004 0.0057 0.0766 0.9145 1.0000 0.9145 0.0766 0.0057 0.0004 1.0000 1.0000 0.2384 0.0171 0.0012 0.0001 1.0000 0.7183 0.0520 0.0038 0.0003 1.0000 1.0000 0.1623 0.0119 0.0009 0.0001 1.0000 0.5369 0.0397 0.0030 0.0002 1.0000 1.0000 0.1437 0.0108 0.0008 0.0001 1.0000 0.5535 0.0422 0.0032 0.0002 1.0000 1.0000 0.1696 0.0130 0.0010 0.0001 1.0000 0.6888 0.0527 0.0040 0.0003 1.0000 1.0000
1.0000 0.0003 0.0043 0.0562 0.7335 1.0000 0.0001 0.0011 0.0139 0.1809 1.0000 1.0000 0.0003 0.0034 0.0447 0.5860 1.0000 0.0001 0.0009 0.0113 0.1496 1.0000 1.0000 0.0002 0.0030 0.0403 0.5400 1.0000 0.0001 0.0009 0.0117 0.1587 1.0000 1.0000 0.0003 0.0036 0.0498 0.6862 1.0000 0.0001 0.0012 0.0163 0.2251 1.0000 1.0000 0.0004 0.0054 0.0746 1.0000 1.0000 1.0000 1.0000 1.0000 0.0746 0.0054 0.0004 1.0000 1.0000 0.2251 0.0163 0.0012 0.0001 1.0000 0.6862 0.0498 0.0036 0.0003 1.0000 1.0000 0.1587 0.0117 0.0009 0.0001 1.0000 0.5400 0.0403 0.0030 0.0002 1.0000 1.0000 0.1496 0.0113 0.0009 0.0001 1.0000 0.5860 0.0447 0.0034 0.0003 1.0000 1.0000 0.1809 0.0139 0.0011 0.0001 1.0000 0.7335 0.0562 0.0043 0.0003 1.0000
0.0003 0.0046 0.0599 0.7824 1.0000 0.0001 0.0011 0.0148 0.1930 1.0000 1.0000 0.0003 0.0036 0.0475 0.6216 1.0000 0.0001 0.0009 0.0119 0.1566 1.0000 1.0000 0.0002 0.0031 0.0412 0.5493 1.0000 0.0001 0.0009 0.0116 0.1569 1.0000 1.0000 0.0003 0.0035 0.0481 0.6606 1.0000 0.0001 0.0011 0.0154 0.2139 1.0000 1.0000 0.0004 0.0051 0.0710 0.9774 1.0000 0.0001 0.0005 0.0001 1.0000 0.9774 0.0710 0.0051 0.0004 1.0000 1.0000 0.2139 0.0154 0.0011 0.0001 1.0000 0.6606 0.0481 0.0035 0.0003 1.0000 1.0000 0.1569 0.0116 0.0009 0.0001 1.0000 0.5493 0.0412 0.0031 0.0002 1.0000 1.0000 0.1566 0.0119 0.0009 0.0001 1.0000 0.6216 0.0475 0.0036 0.0003 1.0000 1.0000 0.1930 0.0148 0.0011 0.0001 1.0000 0.7824 0.0599 0.0046 0.0003
0.0046 0.0639 0.8347 1.0000 0.0001 0.0012 0.0157 0.2055 1.0000 1.0000 0.0003 0.0039 0.0507 0.6619 1.0000 0.0001 0.0010 0.0126 0.1651 1.0000 1.0000 0.0002 0.0032 0.0426 0.5652 1.0000 0.0001 0.0009 0.0117 0.1569 1.0000 1.0000 0.0003 0.0034 0.0468 0.6396 1.0000 0.0001 0.0011 0.0148 0.2039 1.0000 1.0000 0.0003 0.0048 0.0672 0.9303 1.0000 0.0001 0.0013 0.0069 0.0013 0.0001 1.0000 0.9303 0.0672 0.0048 0.0003 1.0000 1.0000 0.2039 0.0148 0.0011 0.0001 1.0000 0.6396 0.0468 0.0034 0.0003 1.0000 1.0000 0.1569 0.0117 0.0009 0.0001 1.0000 0.5652 0.0426 0.0032 0.0002 1.0000 1.0000 0.1651 0.0126 0.0010 0.0001 1.0000 0.6619 0.0507 0.0039 0.0003 1.0000 1.0000 0.2055 0.0157 0.0012 0.0001 1.0000 0.8347 0.0639 0.0046
0.0647 0.8905 1.0000 0.0001 0.0013 0.0168 0.2192 1.0000 1.0000 0.0003 0.0041 0.0541 0.7061 1.0000 0.0001 0.0010 0.0134 0.1748 1.0000 1.0000 0.0003 0.0034 0.0445 0.5871 1.0000 0.0001 0.0009 0.0119 0.1587 1.0000 1.0000 0.0003 0.0034 0.0460 0.6264 1.0000 0.0001 0.0010 0.0142 0.1956 1.0000 1.0000 0.0003 0.0046 0.0637 0.8820 1.0000 0.0001 0.0015 0.0174 0.0907 0.0174 0.0015 0.0001 1.0000 0.8820 0.0637 0.0046 0.0003 1.0000 1.0000 0.1956 0.0142 0.0010 0.0001 1.0000 0.6264 0.0460 0.0034 0.0003 1.0000 1.0000 0.1587 0.0119 0.0009 0.0001 1.0000 0.5871 0.0445 0.0034 0.0003 1.0000 1.0000 0.1748 0.0134 0.0010 0.0001 1.0000 0.7061 0.0541 0.0041 0.0003 1.0000 1.0000 0.2192 0.0168 0.0013 0.0001 1.0000 0.8905 0.0647
0.9007 1.0000 0.0001 0.0014 0.0179 0.2339 1.0000 1.0000 0.0003 0.0044 0.0576 0.7532 1.0000 0.0001 0.0011 0.0142 0.1858 1.0000 1.0000 0.0003 0.0036 0.0467 0.6146 1.0000 0.0001 0.0009 0.0122 0.1623 1.0000 1.0000 0.0003 0.0034 0.0457 0.6192 1.0000 0.0001 0.0010 0.0138 0.1890 1.0000 1.0000 0.0003 0.0044 0.0606 0.8379 1.0000 0.0001 0.0014 0.0191 0.2277 1.0000 0.2277 0.0191 0.0014 0.0001 1.0000 0.8379 0.0606 0.0044 0.0003 1.0000 1.0000 0.1890 0.0138 0.0010 0.0001 1.0000 0.6192 0.0457 0.0034 0.0003 1.0000 1.0000 0.1623 0.0122 0.0009 0.0001 1.0000 0.6146 0.0467 0.0036 0.0003 1.0000 1.0000 0.1858 0.0142 0.0011 0.0001 1.0000 0.7532 0.0576 0.0044 0.0003 1.0000 1.0000 0.2339 0.0179 0.0014 0.0001 1.0000 0.9007
1.0000 0.0001 0.0015 0.0191 0.2495 1.0000 1.0000 0.0004 0.0047 0.0614 0.8020 1.0000 0.0001 0.0012 0.0152 0.1978 1.0000 1.0000 0.0003 0.0038 0.0493 0.6469 1.0000 0.0001 0.0010 0.0126 0.1677 1.0000 1.0000 0.0003 0.0034 0.0460 0.6192 1.0000 0.0001 0.0010 0.0135 0.1844 1.0000 1.0000 0.0003 0.0042 0.0580 0.8005 1.0000 0.0001 0.0014 0.0187 0.2504 1.0000 1.0000 1.0000 0.2504 0.0187 0.0014 0.0001 1.0000 0.8005 0.0580 0.0042 0.0003 1.0000 1.0000 0.1844 0.0135 0.0010 0.0001 1.0000 0.6192 0.0460 0.0034 0.0003 1.0000 1.0000 0.1677 0.0126 0.0010 0.0001 1.0000 0.6469 0.0493 0.0038 0.0003 1.0000 1.0000 0.1978 0.0152 0.0012 0.0001 1.0000 0.8020 0.0614 0.0047 0.0004 1.0000 1.0000 0.2495 0.0191 0.0015 0.0001 1.0000
0.0001 0.0016 0.0203 0.2657 1.0000 1.0000 0.0004 0.0050 0.0655 0.8556 1.0000 0.0001 0.0012 0.0161 0.2110 1.0000 1.0000 0.0003 0.0040 0.0523 0.6849 1.0000 0.0001 0.0010 0.0132 0.1745 1.0000 1.0000 0.0003 0.0035 0.0468 0.6264 1.0000 0.0001 0.0010 0.0134 0.1816 1.0000 1.0000 0.0003 0.0041 0.0560 0.7692 1.0000 0.0001 0.0013 0.0180 0.2462 1.0000 1.0000 0.0001 1.0000 1.0000 0.2462 0.0180 0.0013 0.0001 1.0000 0.7692 0.0560 0.0041 0.0003 1.0000 1.0000 0.1816 0.0134 0.0010 0.0001 1.0000 0.6264 0.0468 0.0035 0.0003 1.0000 1.0000 0.1745 0.0132 0.0010 0.0001 1.0000 0.6849 0.0523 0.0040 0.0003 1.0000 1.0000 0.2110 0.0161 0.0012 0.0001 1.0000 0.8556 0.0655 0.0050 0.0004 1.0000 1.0000 0.2657 0.0203 0.0016 0.0001
0.0016 0.0217 0.2834 1.0000 1.0000 0.0004 0.0053 0.0699 0.9128 1.0000 0.0001 0.0013 0.0172 0.2247 1.0000 1.0000 0.0003 0.0042 0.0555 0.7265 1.0000 0.0001 0.0011 0.0139 0.1830 1.0000 1.0000 0.0003 0.0036 0.0481 0.6396 1.0000 0.0001 0.0010 0.0134 0.1806 1.0000 1.0000 0.0003 0.0040 0.0544 0.7433 1.0000 0.0001 0.0012 0.0172 0.2370 1.0000 1.0000 0.0003 0.0017 0.0003 1.0000 1.0000 0.2370 0.0172 0.0012 0.0001 1.0000 0.7433 0.0544 0.0040 0.0003 1.0000 1.0000 0.1806 0.0134 0.0010 0.0001 1.0000 0.6396 0.0481 0.0036 0.0003 1.0000 1.0000 0.1830 0.0139 0.0011 0.0001 1.0000 0.7265 0.0555 0.0042 0.0003 1.0000 1.0000 0.2247 0.0172 0.0013 0.0001 1.0000 0.9128 0.0699 0.0053 0.0004 1.0000 1.0000 0.2834 0.0217 0.0016
0.0220 0.3023 1.0000 1.0000 0.0004 0.0057 0.0744 0.9737 1.0000 0.0001 0.0014 0.0184 0.2397 1.0000 1.0000 0.0003 0.0045 0.0591 0.7721 1.0000 0.0001 0.0011 0.0147 0.1930 1.0000 1.0000 0.0003 0.0038 0.0498 0.6606 1.0000 0.0001 0.0010 0.0135 0.1816 1.0000 1.0000 0.0003 0.0039 0.0533 0.7265 1.0000 0.0001 0.0012 0.0166 0.2277 1.0000 1.0000 0.0004 0.0044 0.0229 0.0044 0.0004 1.0000 1.0000 0.2277 0.0166 0.0012 0.0001 1.0000 0.7265 0.0533 0.0039 0.0003 1.0000 1.0000 0.1816 0.0135 0.0010 0.0001 1.0000 0.6606 0.0498 0.0038 0.0003 1.0000 1.0000 0.1930 0.0147 0.0011 0.0001 1.0000 0.7721 0.0591 0.0045 0.0003 1.0000 1.0000 0.2397 0.0184 0.0014 0.0001 1.0000 0.9737 0.0744 0.0057 0.0004 1.0000 1.0000 0.3023 0.0220
0.3058 1.0000 1.0000 0.0005 0.0061 0.0794 1.0000 1.0000 0.0001 0.0015 0.0196 0.2557 1.0000 1.0000 0.0004 0.0048 0.0630 0.8237 1.0000 0.0001 0.0012 0.0156 0.2039 1.0000 1.0000 0.0003 0.0039 0.0520 0.6862 1.0000 0.0001 0.0010 0.0138 0.1844 1.0000 1.0000 0.0003 0.0039 0.0528 0.7155 1.0000 0.0001 0.0012 0.0160 0.2201 1.0000 1.0000 0.0004 0.0049 0.0579 0.3018 0.0579 0.0049 0.0004 1.0000 1.0000 0.2201 0.0160 0.0012 0.0001 1.0000 0.7155 0.0528 0.0039 0.0003 1.0000 1.0000 0.1844 0.0138 0.0010 0.0001 1.0000 0.6862 0.0520 0.0039 0.0003 1.0000 1.0000 0.2039 0.0156 0.0012 0.0001 1.0000 0.8237 0.0630 0.0048 0.0004 1.0000 1.0000 0.2557 0.0196 0.0015 0.0001 1.0000 1.0000 0.0794 0.0061 0.0005 1.0000 1.0000 0.3058
1.0000 1.0000 0.0005 0.0065 0.0847 1.0000 1.0000 0.0001 0.0016 0.0209 0.2728 1.0000 1.0000 0.0004 0.0051 0.0672 0.8770 1.0000 0.0001 0.0013 0.0166 0.2167 1.0000 1.0000 0.0003 0.0041 0.0546 0.7183 1.0000 0.0001 0.0011 0.0142 0.1890 1.0000 1.0000 0.0003 0.0039 0.0528 0.7115 1.0000 0.0001 0.0011 0.0157 0.2139 1.0000 1.0000 0.0004 0.0048 0.0644 0.7648 1.0000 0.7648 0.0644 0.0048 0.0004 1.0000 1.0000 0.2139 0.0157 0.0011 0.0001 1.0000 0.7115 0.0528 0.0039 0.0003 1.0000 1.0000 0.1890 0.0142 0.0011 0.0001 1.0000 0.7183 0.0546 0.0041 0.0003 1.0000 1.0000 0.2167 0.0166 0.0013 0.0001 1.0000 0.8770 0.0672 0.0051 0.0004 1.0000 1.0000 0.2728 0.0209 0.0016 0.0001 1.0000 1.0000 0.0847 0.0065 0.0005 1.0000 1.0000
1.0000 0.0005 0.0069 0.0904 1.0000 1.0000 0.0001 0.0017 0.0222 0.2905 1.0000 1.0000 0.0004 0.0055 0.0717 0.9356 1.0000 0.0001 0.0014 0.0176 0.2308 1.0000 1.0000 0.0003 0.0044 0.0576 0.7561 1.0000 0.0001 0.0011 0.0148 0.1956 1.0000 1.0000 0.0003 0.0040 0.0533 0.7155 1.0000 0.0001 0.0011 0.0154 0.2098 1.0000 1.0000 0.0003 0.0047 0.0643 0.8540 1.0000 1.0000 1.0000 0.8540 0.0643 0.0047 0.0003 1.0000 1.0000 0.2098 0.0154 0.0011 0.0001 1.0000 0.7155 0.0533 0.0040 0.0003 1.0000 1.0000 0.1956 0.0148 0.0011 0.0001 1.0000 0.7561 0.0576 0.0044 0.0003 1.0000 1.0000 0.2308 0.0176 0.0014 0.0001 1.0000 0.9356 0.0717 0.0055 0.0004 1.0000 1.0000 0.2905 0.0222 0.0017 0.0001 1.0000 1.0000 0.0904 0.0069 0.0005 1.0000
0.0005 0.0074 0.0962 1.0000 1.0000 0.0001 0.0018 0.0237 0.3099 1.0000 1.0000 0.0004 0.0058 0.0764 0.9981 1.0000 0.0001 0.0014 0.0188 0.2457 1.0000 1.0000 0.0004 0.0047 0.0610 0.7990 1.0000 0.0001 0.0012 0.0154 0.2039 1.0000 1.0000 0.0003 0.0041 0.0544 0.7265 1.0000 0.0001 0.0011 0.0154 0.2079 1.0000 1.0000 0.0003 0.0046 0.0630 0.8540 1.0000 0.0001 0.0005 0.0001 1.0000 0.8540 0.0630 0.0046 0.0003 1.0000 1.0000 0.2079 0.0154 0.0011 0.0001 1.0000 0.7265 0.0544 0.0041 0.0003 1.0000 1.0000 0.2039 0.0154 0.0012 0.0001 1.0000 0.7990 0.0610 0.0047 0.0004 1.0000 1.0000 0.2457 0.0188 0.0014 0.0001 1.0000 0.9981 0.0764 0.0058 0.0004 1.0000 1.0000 0.3099 0.0237 0.0018 0.0001 1.0000 1.0000 0.0962 0.0074 0.0005
0.0075 0.1026 1.0000 1.0000 0.0001 0.0019 0.0253 0.3306 1.0000 1.0000 0.0005 0.0062 0.0814 1.0000 1.0000 0.0001 0.0015 0.0201 0.2621 1.0000 1.0000 0.0004 0.0050 0.0648 0.8475 1.0000 0.0001 0.0012 0.0163 0.2139 1.0000 1.0000 0.0003 0.0042 0.0560 0.7433 1.0000 0.0001 0.0011 0.0154 0.2079 1.0000 1.0000 0.0003 0.0045 0.0617 0.8395 1.0000 0.0001 0.0012 0.0060 0.0012 0.0001 1.0000 0.8395 0.0617 0.0045 0.0003 1.0000 1.0000 0.2079 0.0154 0.0011 0.0001 1.0000 0.7433 0.0560 0.0042 0.0003 1.0000 1.0000 0.2139 0.0163 0.0012 0.0001 1.0000 0.8475 0.0648 0.0050 0.0004 1.0000 1.0000 0.2621 0.0201 0.0015 0.0001 1.0000 1.0000 0.0814 0.0062 0.0005 1.0000 1.0000 0.3306 0.0253 0.0019 0.0001 1.0000 1.0000 0.1026 0.0075
0.1040 1.0000 1.0000 0.0002 0.0021 0.0270 0.3527 1.0000 1.0000 0.0005 0.0066 0.0868 1.0000 1.0000 0.0001 0.0016 0.0214 0.2797 1.0000 1.0000 0.0004 0.0053 0.0690 0.9007 1.0000 0.0001 0.0013 0.0171 0.2251 1.0000 1.0000 0.0003 0.0044 0.0580 0.7692 1.0000 0.0001 0.0012 0.0157 0.2098 1.0000 1.0000 0.0003 0.0045 0.0608 0.8268 1.0000 0.0001 0.0013 0.0153 0.0796 0.0153 0.0013 0.0001 1.0000 0.8252 0.0608 0.0045 0.0003 1.0000 1.0000 0.2098 0.0157 0.0012 0.0001 1.0000 0.7692 0.0580 0.0044 0.0003 1.0000 1.0000 0.2251 0.0171 0.0013 0.0001 1.0000 0.9007 0.0690 0.0053 0.0004 1.0000 1.0000 0.2797 0.0214 0.0016 0.0001 1.0000 1.0000 0.0868 0.0066 0.0005 1.0000 1.0000 0.3527 0.0270 0.0021 0.0002 1.0000 1.0000 0.1040
1.0000 1.0000 0.0002 0.0022 0.0288 0.3755 1.0000 1.0000 0.0005 0.0071 0.0926 1.0000 1.0000 0.0001 0.0017 0.0228 0.2983 1.0000 1.0000 0.0004 0.0056 0.0734 0.9590 1.0000 0.0001 0.0014 0.0182 0.2384 1.0000 1.0000 0.0003 0.0046 0.0606 0.8005 1.0000 0.0001 0.0012 0.0160 0.2139 1.0000 1.0000 0.0003 0.0045 0.0607 0.8252 1.0000 0.0001 0.0013 0.0172 0.2055 1.0000 0.2059 0.0175 0.0013 0.0001 1.0000 0.8205 0.0614 0.0045 0.0003 1.0000 1.0000 0.2139 0.0160 0.0012 0.0001 1.0000 0.8005 0.0606 0.0046 0.0003 1.0000 1.0000 0.2384 0.0182 0.0014 0.0001 1.0000 0.9590 0.0734 0.0056 0.0004 1.0000 1.0000 0.2983 0.0228 0.0017 0.0001 1.0000 1.0000 0.0926 0.0071 0.0005 1.0000 1.0000 0.3755 0.0288 0.0022 0.0002 1.0000 1.0000
1.0000 0.0002 0.0023 0.0307 0.4006 1.0000 0.0000 0.0006 0.0076 0.0986 1.0000 1.0000 0.0001 0.0019 0.0243 0.3177 1.0000 1.0000 0.0005 0.0060 0.0784 1.0000 1.0000 0.0001 0.0015 0.0193 0.2528 1.0000 1.0000 0.0004 0.0048 0.0637 0.8379 1.0000 0.0001 0.0012 0.0166 0.2201 1.0000 1.0000 0.0003 0.0045 0.0608 0.8174 1.0000 0.0001 0.0013 0.0177 0.2303 1.0000 1.0000 1.0000 0.2303 0.0176 0.0013 0.0001 1.0000 0.8427 0.0610 0.0045 0.0003 1.0000 1.0000 0.2201 0.0166 0.0012 0.0001 1.0000 0.8379 0.0637 0.0048 0.0004 1.0000 1.0000 0.2528 0.0193 0.0015 0.0001 1.0000 1.0000 0.0784 0.0060 0.0005 1.0000 1.0000 0.3177 0.0243 0.0019 0.0001 1.0000 1.0000 0.0986 0.0076 0.0006 0.0000 1.0000 0.4006 0.0307 0.0023 0.0002 1.0000
0.0002 0.0025 0.0327 0.4266 1.0000 0.0000 0.0006 0.0081 0.1052 1.0000 1.0000 0.0002 0.0020 0.0259 0.3389 1.0000 1.0000 0.0005 0.0064 0.0834 1.0000 1.0000 0.0001 0.0016 0.0206 0.2687 1.0000 1.0000 0.0004 0.0051 0.0672 0.8820 1.0000 0.0001 0.0013 0.0172 0.2277 1.0000 1.0000 0.0003 0.0046 0.0617 0.8268 1.0000 0.0001 0.0013 0.0177 0.2375 1.0000 1.0000 0.0001 1.0000 1.0000 0.2343 0.0176 0.0013 0.0001 1.0000 0.8347 0.0617 0.0046 0.0003 1.0000 1.0000 0.2277 0.0172 0.0013 0.0001 1.0000 0.8820 0.0672 0.0051 0.0004 1.0000 1.0000 0.2687 0.0206 0.0016 0.0001 1.0000 1.0000 0.0834 0.0064 0.0005 1.0000 1.0000 0.3389 0.0259 0.0020 0.0002 1.0000 1.0000 0.1052 0.0081 0.0006 0.0000 1.0000 0.4266 0.0327 0.0025 0.0002
0.0025 0.0348 0.4542 1.0000 0.0001 0.0007 0.0086 0.1118 1.0000 1.0000 0.0002 0.0021 0.0276 0.3601 1.0000 1.0000 0.0005 0.0068 0.0887 1.0000 1.0000 0.0001 0.0017 0.0219 0.2856 1.0000 1.0000 0.0004 0.0054 0.0710 0.9303 1.0000 0.0001 0.0014 0.0180 0.2370 1.0000 1.0000 0.0004 0.0047 0.0630 0.8395 1.0000 0.0001 0.0013 0.0176 0.2379 1.0000 1.0000 0.0003 0.0016 0.0003 1.0000 1.0000 0.2375 0.0177 0.0013 0.0001 1.0000 0.8395 0.0630 0.0047 0.0004 1.0000 1.0000 0.2370 0.0180 0.0014 0.0001 1.0000 0.9303 0.0710 0.0054 0.0004 1.0000 1.0000 0.2856 0.0219 0.0017 0.0001 1.0000 1.0000 0.0887 0.0068 0.0005 1.0000 1.0000 0.3601 0.0276 0.0021 0.0002 1.0000 1.0000 0.1118 0.0086 0.0007 0.0001 1.0000 0.4542 0.0348 0.0025
0.0349 0.4799 1.0000 0.0001 0.0007 0.0090 0.1182 1.0000 1.0000 0.0002 0.0022 0.0291 0.3806 1.0000 0.0000 0.0005 0.0072 0.0937 1.0000 1.0000 0.0001 0.0018 0.0231 0.3018 1.0000 1.0000 0.0004 0.0057 0.0746 0.9774 1.0000 0.0001 0.0014 0.0187 0.2462 1.0000 1.0000 0.0004 0.0048 0.0643 0.8540 1.0000 0.0001 0.0013 0.0178 0.2361 1.0000 1.0000 0.0004 0.0043 0.0219 0.0042 0.0004 1.0000 1.0000 0.2348 0.0178 0.0013 0.0001 1.0000 0.8540 0.0643 0.0048 0.0004 1.0000 1.0000 0.2462 0.0187 0.0014 0.0001 1.0000 0.9774 0.0746 0.0057 0.0004 1.0000 1.0000 0.3018 0.0231 0.0018 0.0001 1.0000 1.0000 0.0937 0.0072 0.0005 0.0000 1.0000 0.3806 0.0291 0.0022 0.0002 1.0000 1.0000 0.1182 0.0090 0.0007 0.0001 1.0000 0.4799 0.0349
0.4673 1.0000 0.0001 0.0007 0.0093 0.1213 1.0000 1.0000 0.0002 0.0023 0.0299 0.3908 1.0000 0.0000 0.0006 0.0074 0.0962 1.0000 1.0000 0.0001 0.0018 0.0237 0.3099 1.0000 1.0000 0.0004 0.0059 0.0766 1.0000 1.0000 0.0001 0.0015 0.0191 0.2504 1.0000 1.0000 0.0004 0.0049 0.0644 0.8540 1.0000 0.0001 0.0013 0.0175 0.2334 1.0000 1.0000 0.0004 0.0048 0.0553 0.2834 0.0551 0.0047 0.0004 1.0000 1.0000 0.2334 0.0175 0.0013 0.0001 1.0000 0.8540 0.0644 0.0049 0.0004 1.0000 1.0000 0.2504 0.0191 0.0015 0.0001 1.0000 1.0000 0.0766 0.0059 0.0004 1.0000 1.0000 0.3099 0.0237 0.0018 0.0001 1.0000 1.0000 0.0962 0.0074 0.0006 0.0000 1.0000 0.3908 0.0299 0.0023 0.0002 1.0000 1.0000 0.1213 0.0093 0.0007 0.0001 1.0000 0.4673
1.0000 0.0000 0.0007 0.0085 0.1112 1.0000 1.0000 0.0002 0.0021 0.0274 0.3574 1.0000 1.0000 0.0005 0.0068 0.0882 1.0000 1.0000 0.0001 0.0017 0.0217 0.2839 1.0000 1.0000 0.0004 0.0054 0.0699 0.9145 1.0000 0.0001 0.0013 0.0174 0.2277 1.0000 1.0000 0.0003 0.0044 0.0579 0.7648 1.0000 0.0001 0.0012 0.0153 0.2055 1.0000 1.0000 0.0003 0.0043 0.0554 0.6519 1.0000 0.6360 0.0555 0.0042 0.0003 1.0000 1.0000 0.2067 0.0153 0.0012 0.0001 1.0000 0.7648 0.0579 0.0044 0.0003 1.0000 1.0000 0.2277 0.0174 0.0013 0.0001 1.0000 0.9145 0.0699 0.0054 0.0004 1.0000 1.0000 0.2839 0.0217 0.0017 0.0001 1.0000 1.0000 0.0882 0.0068 0.0005 1.0000 1.0000 0.3574 0.0274 0.0021 0.0002 1.0000 1.0000 0.1112 0.0085 0.0007 0.0000 1.0000
1.0000 0.0003 0.0034 0.0445 0.5816 1.0000 0.0001 0.0008 0.0110 0.1432 1.0000 1.0000 0.0002 0.0027 0.0353 0.4611 1.0000 0.0001 0.0007 0.0087 0.1135 1.0000 1.0000 0.0002 0.0021 0.0280 0.3657 1.0000 1.0000 0.0005 0.0069 0.0907 1.0000 1.0000 0.0001 0.0017 0.0229 0.3018 1.0000 1.0000 0.0005 0.0060 0.0796 1.0000 1.0000 0.0001 0.0016 0.0221 0.2856 1.0000 1.0000 1.0000 0.2839 0.0220 0.0016 0.0001 1.0000 1.0000 0.0791 0.0060 0.0005 1.0000 1.0000 0.3018 0.0229 0.0017 0.0001 1.0000 1.0000 0.0907 0.0069 0.0005 1.0000 1.0000 0.3657 0.0280 0.0021 0.0002 1.0000 1.0000 0.1135 0.0087 0.0007 0.0001 1.0000 0.4611 0.0353 0.0027 0.0002 1.0000 1.0000 0.1432 0.0110 0.0008 0.0001 1.0000 0.5816 0.0445 0.0034 0.0003 1.0000
1.0000 0.0000 0.0007 0.0085 0.1112 1.0000 1.0000 0.0002 0.0021 0.0274 0.3574 1.0000 1.0000 0.0005 0.0068 0.0882 1.0000 1.0000 0.0001 0.0017 0.0217 0.2839 1.0000 1.0000 0.0004 0.0054 0.0699 0.9145 1.0000 0.0001 0.0013 0.0174 0.2277 1.0000 1.0000 0.0003 0.0044 0.0579 0.7648 1.0000 0.0001 0.0012 0.0153 0.2059 1.0000 1.0000 0.0003 0.0042 0.0549 0.6457 1.0000 0.6384 0.0540 0.0042 0.0003 1.0000 1.0000 0.2028 0.0153 0.0011 0.0001 1.0000 0.7648 0.0579 0.0044 0.0003 1.0000 1.0000 0.2277 0.0174 0.0013 0.0001 1.0000 0.9145 0.0699 0.0054 0.0004 1.0000 1.0000 0.2839 0.0217 0.0017 0.0001 1.0000 1.0000 0.0882 0.0068 0.0005 1.0000 1.0000 0.3574 0.0274 0.0021 0.0002 1.0000 1.0000 0.1112 0.0085 0.0007 0.0000 1.0000
0.4673 1.0000 0.0001 0.0007 0.0093 0.1213 1.0000 1.0000 0.0002 0.0023 0.0299 0.3908 1.0000 0.0000 0.0006 0.0074 0.0962 1.0000 1.0000 0.0001 0.0018 0.0237 0.3099 1.0000 1.0000 0.0004 0.0059 0.0766 1.0000 1.0000 0.0001 0.0015 0.0191 0.2504 1.0000 1.0000 0.0004 0.0049 0.0644 0.8540 1.0000 0.0001 0.0013 0.0173 0.2299 1.0000 1.0000 0.0004 0.0047 0.0554 0.2818 0.0540 0.0046 0.0004 1.0000 1.0000 0.2321 0.0172 0.0013 0.0001 1.0000 0.8540 0.0644 0.0049 0.0004 1.0000 1.0000 0.2504 0.0191 0.0015 0.0001 1.0000 1.0000 0.0766 0.0059 0.0004 1.0000 1.0000 0.3099 0.0237 0.0018 0.0001 1.0000 1.0000 0.0962 0.0074 0.0006 0.0000 1.0000 0.3908 0.0299 0.0023 0.0002 1.0000 1.0000 0.1213 0.0093 0.0007 0.0001 1.0000 0.4673
0.0349 0.4799 1.0000 0.0001 0.0007 0.0090 0.1182 1.0000 1.0000 0.0002 0.0022 0.0291 0.3806 1.0000 0.0000 0.0005 0.0072 0.0937 1.0000 1.0000 0.0001 0.0018 0.0231 0.3018 1.0000 1.0000 0.0004 0.0057 0.0746 0.9774 1.0000 0.0001 0.0014 0.0187 0.2462 1.0000 1.0000 0.0004 0.0048 0.0643 0.8540 1.0000 0.0001 0.0013 0.0176 0.2379 1.0000 1.0000 0.0004 0.0042 0.0219 0.0042 0.0004 1.0000 1.0000 0.2406 0.0177 0.0013 0.0001 1.0000 0.8540 0.0643 0.0048 0.0004 1.0000 1.0000 0.2462 0.0187 0.0014 0.0001 1.0000 0.9774 0.0746 0.0057 0.0004 1.0000 1.0000 0.3018 0.0231 0.0018 0.0001 1.0000 1.0000 0.0937 0.0072 0.0005 0.0000 1.0000 0.3806 0.0291 0.0022 0.0002 1.0000 1.0000 0.1182 0.0090 0.0007 0.0001 1.0000 0.4799 0.0349
0.0025 0.0348 0.4542 1.0000 0.0001 0.0007 0.0086 0.1118 1.0000 1.0000 0.0002 0.0021 0.0276 0.3601 1.0000 1.0000 0.0005 0.0068 0.0887 1.0000 1.0000 0.0001 0.0017 0.0219 0.2856 1.0000 1.0000 0.0004 0.0054 0.0710 0.9303 1.0000 0.0001 0.0014 0.0180 0.2370 1.0000 1.0000 0.0004 0.0047 0.0630 0.8395 1.0000 0.0001 0.0013 0.0177 0.2393 1.0000 1.0000 0.0003 0.0016 0.0003 1.0000 1.0000 0.2397 0.0178 0.0013 0.0001 1.0000 0.8379 0.0628 0.0047 0.0004 1.0000 1.0000 0.2370 0.0180 0.0014 0.0001 1.0000 0.9303 0.0710 0.0054 0.0004 1.0000 1.0000 0.2856 0.0219 0.0017 0.0001 1.0000 1.0000 0.0887 0.0068 0.0005 1.0000 1.0000 0.3601 0.0276 0.0021 0.0002 1.0000 1.0000 0.1118 0.0086 0.0007 0.0001 1.0000 0.4542 0.0348 0.0025
0.0002 0.0025 0.0327 0.4266 1.0000 0.0000 0.0006 0.0081 0.1052 1.0000 1.0000 0.0002 0.0020 0.0259 0.3389 1.0000 1.0000 0.0005 0.0064 0.0834 1.0000 1.0000 0.0001 0.0016 0.0206 0.2687 1.0000 1.0000 0.0004 0.0051 0.0672 0.8820 1.0000 0.0001 0.0013 0.0172 0.2277 1.0000 1.0000 0.0003 0.0046 0.0617 0.8252 1.0000 0.0001 0.0013 0.0176 0.2379 1.0000 1.0000 0.0001 1.0000 1.0000 0.2375 0.0178 0.0013 0.0001 1.0000 0.8331 0.0617 0.0046 0.0003 1.0000 1.0000 0.2277 0.0172 0.0013 0.0001 1.0000 0.8820 0.0672 0.0051 0.0004 1.0000 1.0000 0.2687 0.0206 0.0016 0.0001 1.0000 1.0000 0.0834 0.0064 0.0005 1.0000 1.0000 0.3389 0.0259 0.0020 0.0002 1.0000 1.0000 0.1052 0.0081 0.0006 0.0000 1.0000 0.4266 0.0327 0.0025 0.0002
