-43.2639 6.9935 32.6174 -21.8054 -34.7737 -43.2252 -17.7731 23.4222 -10.7463 -30.4204 -40.3914 -42.2800 12.3103 28.7021 -24.8602 -36.6108 -44.0243 -2.6253 28.2651 -16.9704 -32.3758 -41.7944 -36.0388 17.2121 9.7592 -27.6219 -38.3505 -44.4021 5.5238 32.1657 -20.9254 -34.2752 -42.9596 -22.5613 22.1213 -8.1250 -29.8746 -39.9731 -43.1401 10.9602 30.9990 -24.0645 -36.1150 -43.8353 -5.9769 26.9443 -15.5629 -31.7934 -41.3769 -40.9535 2.3597 -40.9535 -41.3769 -31.7934 -15.5629 26.9443 -5.9769 -43.8353 -36.1150 -24.0645 30.9990 10.9602 -43.1401 -39.9731 -29.8746 -8.1250 22.1213 -22.5613 -42.9596 -34.2752 -20.9254 32.1657 5.5238 -44.4021 -38.3505 -27.6219 9.7592 17.2121 -36.0388 -41.7944 -32.3758 -16.9704 28.2651 -2.6253 -44.0243 -36.6108 -24.8602 28.7021 12.3103 -42.2800 -40.3914 -30.4204 -10.7463 23.4222 -17.7731 -43.2252 -34.7737 -21.8054 32.6174 6.9935 -43.2639
6.9935 32.9981 -22.3987 -36.3842 -44.5917 -18.5322 23.1734 -9.8444 -32.0800 -41.8804 -43.3576 12.1762 30.5239 -25.7696 -38.1663 -45.2971 -2.9700 27.9603 -16.8743 -33.9924 -43.2376 -37.0731 16.9845 13.4064 -29.0412 -39.8794 -45.5735 5.3823 32.2243 -21.2894 -35.8633 -44.3456 -23.5153 21.8840 -6.7838 -31.5458 -41.4708 -44.2378 10.8360 32.2669 -24.8496 -37.6770 -45.1369 -6.4472 26.6349 -15.3294 -33.4594 -42.8783 -40.1285 13.3423 29.5139 13.3423 -40.1285 -42.8783 -33.4594 -15.3294 26.6349 -6.4472 -45.1369 -37.6770 -24.8496 32.2669 10.8360 -44.2378 -41.4708 -31.5458 -6.7838 21.8840 -23.5153 -44.3456 -35.8633 -21.2894 32.2243 5.3823 -45.5735 -39.8794 -29.0412 13.4064 16.9845 -37.0731 -43.2376 -33.9924 -16.8743 27.9603 -2.9700 -45.2971 -38.1663 -25.7696 30.5239 12.1762 -43.3576 -41.8804 -32.0800 -9.8444 23.1734 -18.5322 -44.5917 -36.3842 -22.3987 32.9981 6.9935
32.6174 -22.3987 -36.2913 -44.5110 -20.3730 22.6249 -8.5776 -31.8335 -41.6854 -43.8119 11.5264 31.5067 -25.3200 -37.9260 -45.2193 -4.5916 27.2973 -16.1423 -33.7356 -43.0665 -38.2791 16.3079 16.6981 -28.5965 -39.6540 -45.5911 4.5033 31.7688 -20.7622 -35.6118 -44.2103 -25.8163 21.2420 -4.9424 -31.2808 -41.2623 -44.5687 10.1578 32.7634 -24.3905 -37.4346 -45.0476 -8.4126 25.9674 -14.4939 -33.2098 -42.7051 -40.5234 14.4098 29.2976 -18.7692 29.2976 14.4098 -40.5234 -42.7051 -33.2098 -14.4939 25.9674 -8.4126 -45.0476 -37.4346 -24.3905 32.7634 10.1578 -44.5687 -41.2623 -31.2808 -4.9424 21.2420 -25.8163 -44.2103 -35.6118 -20.7622 31.7688 4.5033 -45.5911 -39.6540 -28.5965 16.6981 16.3079 -38.2791 -43.0665 -33.7356 -16.1423 27.2973 -4.5916 -45.2193 -37.9260 -25.3200 31.5067 11.5264 -43.8119 -41.6854 -31.8335 -8.5776 22.6249 -20.3730 -44.5110 -36.2913 -22.3987 32.6174
-21.8054 -36.3842 -44.5110 -21.0945 22.3029 -7.5535 -31.6299 -41.5107 -44.1761 10.9115 32.2127 -24.8795 -37.6892 -45.1389 -6.3650 26.6451 -15.3642 -33.4796 -42.8933 -39.3575 15.6532 19.7461 -28.1557 -39.4261 -45.5837 3.5700 31.2559 -20.2186 -35.3598 -44.0708 -27.9939 20.6191 -2.8281 -31.0158 -41.0534 -44.8467 9.4732 33.0592 -23.9273 -37.1927 -44.9550 -10.5404 25.3188 -13.5907 -32.9533 -42.5230 -41.2435 14.1849 26.6232 -25.9174 -34.3664 -25.9174 26.6232 14.1849 -41.2435 -42.5230 -32.9533 -13.5907 25.3188 -10.5404 -44.9550 -37.1927 -23.9273 33.0592 9.4732 -44.8467 -41.0534 -31.0158 -2.8281 20.6191 -27.9939 -44.0708 -35.3598 -20.2186 31.2559 3.5700 -45.5837 -39.4261 -28.1557 19.7461 15.6532 -39.3575 -42.8933 -33.4796 -15.3642 26.6451 -6.3650 -45.1389 -37.6892 -24.8795 32.2127 10.9115 -44.1761 -41.5107 -31.6299 -7.5535 22.3029 -21.0945 -44.5110 -36.3842 -21.8054
-34.7737 -44.5917 -20.3730 22.3029 -7.1450 -31.5111 -41.3836 -44.4302 10.3742 32.6672 -24.4675 -37.4642 -45.0551 -8.2651 26.0056 -14.5363 -33.2229 -42.7139 -40.3188 15.0025 22.4964 -27.7145 -39.1951 -45.5513 2.5662 30.6941 -19.6537 -35.1079 -43.9279 -30.0190 19.9990 -0.4075 -30.7508 -40.8427 -45.0727 8.7745 33.1818 -23.4596 -36.9483 -44.8544 -12.8225 24.6707 -12.6034 -32.6936 -42.3355 -41.9589 13.6471 27.4164 -26.5023 -38.1487 -44.2876 -38.1487 -26.5023 27.4164 13.6471 -41.9589 -42.3355 -32.6936 -12.6034 24.6707 -12.8225 -44.8544 -36.9483 -23.4596 33.1818 8.7745 -45.0727 -40.8427 -30.7508 -0.4075 19.9990 -30.0190 -43.9279 -35.1079 -19.6537 30.6941 2.5662 -45.5513 -39.1951 -27.7145 22.4964 15.0025 -40.3188 -42.7139 -33.2229 -14.5363 26.0056 -8.2651 -45.0551 -37.4642 -24.4675 32.6672 10.3742 -44.4302 -41.3836 -31.5111 -7.1450 22.3029 -20.3730 -44.5917 -34.7737
-43.2252 -18.5322 22.6249 -7.5535 -31.5111 -41.3350 -44.5610 9.9956 32.9164 -24.1158 -37.2633 -44.9717 -10.1961 25.3954 -13.6751 -32.9710 -42.5324 -41.1642 14.3574 24.9108 -27.2716 -38.9636 -45.5037 1.4856 30.0972 -19.0682 -34.8563 -43.7807 -31.8811 19.3293 2.3325 -30.4786 -40.6275 -45.2528 8.0530 33.1556 -22.9832 -36.7017 -44.7468 -15.2273 24.0226 -11.5126 -32.4333 -42.1439 -42.6053 13.0332 28.8232 -26.2864 -38.3486 -45.7930 -37.8708 -45.7930 -38.3486 -26.2864 28.8232 13.0332 -42.6053 -42.1439 -32.4333 -11.5126 24.0226 -15.2273 -44.7468 -36.7017 -22.9832 33.1556 8.0530 -45.2528 -40.6275 -30.4786 2.3325 19.3293 -31.8811 -43.7807 -34.8563 -19.0682 30.0972 1.4856 -45.5037 -38.9636 -27.2716 24.9108 14.3574 -41.1642 -42.5324 -32.9710 -13.6751 25.3954 -10.1961 -44.9717 -37.2633 -24.1158 32.9164 9.9956 -44.5610 -41.3350 -31.5111 -7.5535 22.6249 -18.5322 -43.2252
-17.7731 23.1734 -8.5776 -31.6299 -41.3836 -44.5610 9.8576 33.0184 -23.8730 -37.1073 -44.8983 -11.9829 24.8423 -12.8084 -32.7329 -42.3552 -41.8883 13.7295 26.9372 -26.8331 -38.7312 -45.4491 0.3162 29.4789 -18.4600 -34.6028 -43.6262 -33.5901 18.6176 5.3882 -30.1121 -40.4085 -45.3909 7.3030 33.0009 -22.4957 -36.4551 -44.6349 -17.6911 23.3803 -10.3050 -32.1733 -41.9507 -43.1722 12.3957 30.1280 -25.9014 -38.2123 -45.3341 -7.8258 15.4517 -7.8258 -45.3341 -38.2123 -25.9014 30.1280 12.3957 -43.1722 -41.9507 -32.1733 -10.3050 23.3803 -17.6911 -44.6349 -36.4551 -22.4957 33.0009 7.3030 -45.3909 -40.4085 -30.1121 5.3882 18.6176 -33.5901 -43.6262 -34.6028 -18.4600 29.4789 0.3162 -45.4491 -38.7312 -26.8331 26.9372 13.7295 -41.8883 -42.3552 -32.7329 -12.8084 24.8423 -11.9829 -44.8983 -37.1073 -23.8730 33.0184 9.8576 -44.5610 -41.3836 -31.6299 -8.5776 23.1734 -17.7731
23.4222 -9.8444 -31.8335 -41.5107 -44.4302 9.9956 33.0184 -23.7858 -37.0226 -44.8469 -13.3878 24.3944 -11.9946 -32.5180 -42.1871 -42.4926 13.1307 28.5745 -26.4057 -38.5006 -45.3892 -0.9612 28.8459 -17.8214 -34.3474 -43.4657 -35.1498 17.9194 8.6899 -29.6615 -40.1887 -45.4901 6.5245 32.7378 -21.9991 -36.2085 -44.5179 -20.1553 22.7457 -8.9581 -31.9116 -41.7519 -43.6639 11.7473 31.1968 -25.4718 -38.0009 -45.2473 -5.3068 25.0038 22.6242 25.0038 -5.3068 -45.2473 -38.0009 -25.4718 31.1968 11.7473 -43.6639 -41.7519 -31.9116 -8.9581 22.7457 -20.1553 -44.5179 -36.2085 -21.9991 32.7378 6.5245 -45.4901 -40.1887 -29.6615 8.6899 17.9194 -35.1498 -43.4657 -34.3474 -17.8214 28.8459 -0.9612 -45.3892 -38.5006 -26.4057 28.5745 13.1307 -42.4926 -42.1871 -32.5180 -11.9946 24.3944 -13.3878 -44.8469 -37.0226 -23.7858 33.0184 9.9956 -44.4302 -41.5107 -31.8335 -9.8444 23.4222
-10.7463 -32.0800 -41.6854 -44.1761 10.3742 32.9164 -23.8730 -37.0226 -44.8280 -14.1457 24.1006 -11.3511 -32.3449 -42.0434 -42.9690 12.5818 29.8402 -25.9979 -38.2779 -45.3258 -2.3343 28.2110 -17.1538 -34.0940 -43.3027 -36.5560 17.2380 12.0861 -29.2147 -39.9676 -45.5542 5.7126 32.3850 -21.4928 -35.9598 -44.3930 -22.5835 22.1142 -7.4327 -31.6481 -41.5486 -44.0869 11.0887 32.0148 -25.0253 -37.7691 -45.1681 -6.0966 26.3705 -12.7154 -27.7960 -12.7154 26.3705 -6.0966 -45.1681 -37.7691 -25.0253 32.0148 11.0887 -44.0869 -41.5486 -31.6481 -7.4327 22.1142 -22.5835 -44.3930 -35.9598 -21.4928 32.3850 5.7126 -45.5542 -39.9676 -29.2147 12.0861 17.2380 -36.5560 -43.3027 -34.0940 -17.1538 28.2110 -2.3343 -45.3258 -38.2779 -25.9979 29.8402 12.5818 -42.9690 -42.0434 -32.3449 -11.3511 24.1006 -14.1457 -44.8280 -37.0226 -23.8730 32.9164 10.3742 -44.1761 -41.6854 -32.0800 -10.7463
-30.4204 -41.8804 -43.8119 10.9115 32.6672 -24.1158 -37.1073 -44.8469 -14.1457 23.9977 -10.9950 -32.2314 -41.9360 -43.3102 12.1170 30.7605 -25.6242 -38.0699 -45.2603 -3.7681 27.5979 -16.4685 -33.8435 -43.1369 -37.8136 16.5712 15.4195 -28.7720 -39.7427 -45.5865 4.8547 31.9557 -20.9716 -35.7090 -44.2614 -24.9345 21.4845 -5.6868 -31.3844 -41.3440 -44.4448 10.4222 32.5948 -24.5700 -37.5302 -45.0838 -7.7309 26.0923 -14.1699 -32.4784 -39.1619 -32.4784 -14.1699 26.0923 -7.7309 -45.0838 -37.5302 -24.5700 32.5948 10.4222 -44.4448 -41.3440 -31.3844 -5.6868 21.4845 -24.9345 -44.2614 -35.7090 -20.9716 31.9557 4.8547 -45.5865 -39.7427 -28.7720 15.4195 16.5712 -37.8136 -43.1369 -33.8435 -16.4685 27.5979 -3.7681 -45.2603 -38.0699 -25.6242 30.7605 12.1170 -43.3102 -41.9360 -32.2314 -10.9950 23.9977 -14.1457 -44.8469 -37.1073 -24.1158 32.6672 10.9115 -43.8119 -41.8804 -30.4204
-40.3914 -43.3576 11.5264 32.2127 -24.4675 -37.2633 -44.8983 -13.3878 24.1006 -10.9950 -32.1912 -41.8775 -43.5165 11.7766 31.3703 -25.3087 -37.8873 -45.1963 -5.2150 27.0192 -15.7780 -33.6015 -42.9710 -38.9138 15.9207 18.5525 -28.3308 -39.5146 -45.5896 3.9408 31.4619 -20.4326 -35.4584 -44.1262 -27.1601 20.8614 -3.6892 -31.1208 -41.1374 -44.7433 9.7461 32.9644 -24.1113 -37.2880 -44.9929 -9.7163 25.5376 -13.7702 -32.8601 -42.4312 -46.7970 -42.4312 -32.8601 -13.7702 25.5376 -9.7163 -44.9929 -37.2880 -24.1113 32.9644 9.7461 -44.7433 -41.1374 -31.1208 -3.6892 20.8614 -27.1601 -44.1262 -35.4584 -20.4326 31.4619 3.9408 -45.5896 -39.5146 -28.3308 18.5525 15.9207 -38.9138 -42.9710 -33.6015 -15.7780 27.0192 -5.2150 -45.1963 -37.8873 -25.3087 31.3703 11.7766 -43.5165 -41.8775 -32.1912 -10.9950 24.1006 -13.3878 -44.8983 -37.2633 -24.4675 32.2127 11.5264 -43.3576 -40.3914
-42.2800 12.1762 31.5067 -24.8795 -37.4642 -44.9717 -11.9829 24.3944 -11.3511 -32.2314 -41.8775 -43.5862 11.5941 31.7074 -25.0794 -37.7422 -45.1394 -6.5739 26.4987 -15.1059 -33.3768 -42.8091 -39.8579 15.3013 21.3479 -27.8960 -39.2883 -45.5666 2.9681 30.9184 -19.8767 -35.2080 -43.9864 -29.2366 20.2461 -1.4039 -30.8555 -40.9260 -44.9893 9.0525 33.1524 -23.6451 -37.0432 -44.8944 -11.9217 24.9140 -12.9462 -32.7437 -42.3544 -43.4888 -1.2510 -43.4888 -42.3544 -32.7437 -12.9462 24.9140 -11.9217 -44.8944 -37.0432 -23.6451 33.1524 9.0525 -44.9893 -40.9260 -30.8555 -1.4039 20.2461 -29.2366 -43.9864 -35.2080 -19.8767 30.9184 2.9681 -45.5666 -39.2883 -27.8960 21.3479 15.3013 -39.8579 -42.8091 -33.3768 -15.1059 26.4987 -6.5739 -45.1394 -37.7422 -25.0794 31.7074 11.5941 -43.5862 -41.8775 -32.2314 -11.3511 24.3944 -11.9829 -44.9717 -37.4642 -24.8795 31.5067 12.1762 -42.2800
12.3103 30.5239 -25.3200 -37.6892 -45.0551 -10.1961 24.8423 -11.9946 -32.3449 -41.9360 -43.5165 11.5941 31.8137 -24.9574 -37.6483 -45.0958 -7.6952 26.0671 -14.4869 -33.1749 -42.6589 -40.6489 14.7224 23.7118 -27.4797 -39.0667 -45.5250 1.9409 30.3397 -19.3035 -34.9557 -43.8392 -31.1651 19.5940 1.2121 -30.5881 -40.7107 -45.1877 8.3367 33.1821 -23.1698 -36.7982 -44.7898 -14.2782 24.2742 -11.9403 -32.5214 -42.2036 -42.8093 11.0838 27.1236 11.0838 -42.8093 -42.2036 -32.5214 -11.9403 24.2742 -14.2782 -44.7898 -36.7982 -23.1698 33.1821 8.3367 -45.1877 -40.7107 -30.5881 1.2121 19.5940 -31.1651 -43.8392 -34.9557 -19.3035 30.3397 1.9409 -45.5250 -39.0667 -27.4797 23.7118 14.7224 -40.6489 -42.6589 -33.1749 -14.4869 26.0671 -7.6952 -45.0958 -37.6483 -24.9574 31.8137 11.5941 -43.5165 -41.9360 -32.3449 -11.9946 24.8423 -10.1961 -45.0551 -37.6892 -25.3200 30.5239 12.3103
28.7021 -25.7696 -37.9260 -45.1389 -8.2651 25.3954 -12.8084 -32.5180 -42.0434 -43.3102 11.7766 31.7074 -24.9574 -37.6162 -45.0718 -8.4444 25.7578 -13.9798 -33.0072 -42.5270 -41.2829 14.1949 25.6383 -27.0907 -38.8558 -45.4763 0.8653 29.7481 -18.7152 -34.7047 -43.6870 -32.9415 18.8918 4.1642 -30.2577 -40.4945 -45.3417 7.5993 33.0753 -22.6872 -36.5532 -44.6812 -16.7125 23.6336 -10.7953 -32.2718 -42.0219 -43.0669 12.1020 32.6300 -16.0552 32.6300 12.1020 -43.0669 -42.0219 -32.2718 -10.7953 23.6336 -16.7125 -44.6812 -36.5532 -22.6872 33.0753 7.5993 -45.3417 -40.4945 -30.2577 4.1642 18.8918 -32.9415 -43.6870 -34.7047 -18.7152 29.7481 0.8653 -45.4763 -38.8558 -27.0907 25.6383 14.1949 -41.2829 -42.5270 -33.0072 -13.9798 25.7578 -8.4444 -45.0718 -37.6162 -24.9574 31.7074 11.7766 -43.3102 -42.0434 -32.5180 -12.8084 25.3954 -8.2651 -45.1389 -37.9260 -25.7696 28.7021
-24.8602 -38.1663 -45.2193 -6.3650 26.0056 -13.6751 -32.7329 -42.1871 -42.9690 12.1170 31.3703 -25.0794 -37.6483 -45.0718 -8.7164 25.5942 -13.6463 -32.8882 -42.4223 -41.7558 13.7445 27.1369 -26.7359 -38.6583 -45.4262 -0.2391 29.1688 -18.1244 -34.4604 -43.5340 -34.5335 18.1959 7.3584 -29.8371 -40.2768 -45.4554 6.8366 32.8537 -22.1969 -36.3059 -44.5646 -19.1852 22.9960 -9.5072 -32.0131 -41.8283 -43.5056 11.8568 31.5540 -24.2611 -33.3945 -24.2611 31.5540 11.8568 -43.5056 -41.8283 -32.0131 -9.5072 22.9960 -19.1852 -44.5646 -36.3059 -22.1969 32.8537 6.8366 -45.4554 -40.2768 -29.8371 7.3584 18.1959 -34.5335 -43.5340 -34.4604 -18.1244 29.1688 -0.2391 -45.4262 -38.6583 -26.7359 27.1369 13.7445 -41.7558 -42.4223 -32.8882 -13.6463 25.5942 -8.7164 -45.0718 -37.6483 -25.0794 31.3703 12.1170 -42.9690 -42.1871 -32.7329 -13.6751 26.0056 -6.3650 -45.2193 -38.1663 -24.8602
-36.6108 -45.2971 -4.5916 26.6451 -14.5363 -32.9710 -42.3552 -42.4926 12.5818 30.7605 -25.3087 -37.7422 -45.0958 -8.4444 25.5942 -13.5289 -32.8264 -42.3554 -42.0709 13.3989 28.2153 -26.4315 -38.4820 -45.3761 -1.3322 28.6195 -17.5420 -34.2274 -43.3823 -35.9326 17.5328 10.6610 -29.3949 -40.0560 -45.5327 6.0377 32.5341 -21.6942 -36.0564 -44.4411 -21.6452 22.3594 -8.0503 -31.7510 -41.6293 -43.9337 11.3079 31.8842 -24.8794 -37.2356 -43.5334 -37.2356 -24.8794 31.8842 11.3079 -43.9337 -41.6293 -31.7510 -8.0503 22.3594 -21.6452 -44.4411 -36.0564 -21.6942 32.5341 6.0377 -45.5327 -40.0560 -29.3949 10.6610 17.5328 -35.9326 -43.3823 -34.2274 -17.5420 28.6195 -1.3322 -45.3761 -38.4820 -26.4315 28.2153 13.3989 -42.0709 -42.3554 -32.8264 -13.5289 25.5942 -8.4444 -45.0958 -37.7422 -25.3087 30.7605 12.5818 -42.4926 -42.3552 -32.9710 -14.5363 26.6451 -4.5916 -45.2971 -36.6108
-44.0243 -2.9700 27.2973 -15.3642 -33.2229 -42.5324 -41.8883 13.1307 29.8402 -25.6242 -37.8873 -45.1394 -7.6952 25.7578 -13.6463 -32.8264 -42.3322 -42.2296 13.1809 28.9040 -26.1997 -38.3398 -45.3301 -2.3752 28.1200 -16.9826 -34.0098 -43.2353 -37.1452 16.9050 13.8859 -28.9663 -39.8363 -45.5769 5.2040 32.1328 -21.1765 -35.8071 -44.3137 -24.0289 21.7294 -6.3969 -31.4888 -41.4262 -44.3114 10.6777 32.4252 -24.6643 -37.4742 -45.4744 -41.7447 -45.4744 -37.4742 -24.6643 32.4252 10.6777 -44.3114 -41.4262 -31.4888 -6.3969 21.7294 -24.0289 -44.3137 -35.8071 -21.1765 32.1328 5.2040 -45.5769 -39.8363 -28.9663 13.8859 16.9050 -37.1452 -43.2353 -34.0098 -16.9826 28.1200 -2.3752 -45.3301 -38.3398 -26.1997 28.9040 13.1809 -42.2296 -42.3322 -32.8264 -13.6463 25.7578 -7.6952 -45.1394 -37.8873 -25.6242 29.8402 13.1307 -41.8883 -42.5324 -33.2229 -15.3642 27.2973 -2.9700 -44.0243
-2.6253 27.9603 -16.1423 -33.4796 -42.7139 -41.1642 13.7295 28.5745 -25.9979 -38.0699 -45.1963 -6.5739 26.0671 -13.9798 -32.8882 -42.3554 -42.2296 13.1063 29.2317 -26.0521 -38.2378 -45.2937 -3.2863 27.6915 -16.4726 -33.8131 -43.0958 -38.1676 16.3244 16.8341 -28.5567 -39.6241 -45.5917 4.3388 31.6740 -20.6508 -35.5581 -44.1803 -26.2960 21.1075 -4.5125 -31.2249 -41.2191 -44.6324 10.0126 32.8476 -24.2685 -37.3420 -45.0516 -15.9626 13.2990 -15.9626 -45.0516 -37.3420 -24.2685 32.8476 10.0126 -44.6324 -41.2191 -31.2249 -4.5125 21.1075 -26.2960 -44.1803 -35.5581 -20.6508 31.6740 4.3388 -45.5917 -39.6241 -28.5567 16.8341 16.3244 -38.1676 -43.0958 -33.8131 -16.4726 27.6915 -3.2863 -45.2937 -38.2378 -26.0521 29.2317 13.1063 -42.2296 -42.3554 -32.8882 -13.9798 26.0671 -6.5739 -45.1963 -38.0699 -25.9979 28.5745 13.7295 -41.1642 -42.7139 -33.4796 -16.1423 27.9603 -2.6253
28.2651 -16.8743 -33.7356 -42.8933 -40.3188 14.3574 26.9372 -26.4057 -38.2779 -45.2603 -5.2150 26.4987 -14.4869 -33.0072 -42.4223 -42.0709 13.1809 29.2317 -26.0003 -38.1851 -45.2700 -3.9576 27.3609 -16.0381 -33.6478 -42.9735 -39.0046 15.7991 19.3978 -28.1745 -39.4202 -45.5820 3.4496 31.1752 -20.1218 -35.3125 -44.0424 -28.4281 20.4887 -2.3433 -30.9589 -41.0078 -44.8993 9.3244 33.0997 -23.8215 -37.1279 -44.9360 -12.7826 22.6016 29.4984 22.6016 -12.7826 -44.9360 -37.1279 -23.8215 33.0997 9.3244 -44.8993 -41.0078 -30.9589 -2.3433 20.4887 -28.4281 -44.0424 -35.3125 -20.1218 31.1752 3.4496 -45.5820 -39.4202 -28.1745 19.3978 15.7991 -39.0046 -42.9735 -33.6478 -16.0381 27.3609 -3.9576 -45.2700 -38.1851 -26.0003 29.2317 13.1809 -42.0709 -42.4223 -33.0072 -14.4869 26.4987 -5.2150 -45.2603 -38.2779 -26.4057 26.9372 14.3574 -40.3188 -42.8933 -33.7356 -16.8743 28.2651
-16.9704 -33.9924 -43.0665 -39.3575 15.0025 24.9108 -26.8331 -38.5006 -45.3258 -3.7681 27.0192 -15.1059 -33.1749 -42.5270 -41.7558 13.3989 28.9040 -26.0521 -38.1851 -45.2614 -4.3135 27.1557 -15.7200 -33.5211 -42.8730 -39.6558 15.3460 21.5004 -27.8275 -39.2301 -45.5541 2.5613 30.6589 -19.5933 -35.0736 -43.9033 -30.3769 19.8667 0.1244 -30.6944 -40.7953 -45.1157 8.6188 33.1880 -23.3555 -36.8929 -44.8324 -13.8160 24.0280 -8.1864 -26.4519 -8.1864 24.0280 -13.8160 -44.8324 -36.8929 -23.3555 33.1880 8.6188 -45.1157 -40.7953 -30.6944 0.1244 19.8667 -30.3769 -43.9033 -35.0736 -19.5933 30.6589 2.5613 -45.5541 -39.2301 -27.8275 21.5004 15.3460 -39.6558 -42.8730 -33.5211 -15.7200 27.1557 -4.3135 -45.2614 -38.1851 -26.0521 28.9040 13.3989 -41.7558 -42.5270 -33.1749 -15.1059 27.0192 -3.7681 -45.3258 -38.5006 -26.8331 24.9108 15.0025 -39.3575 -43.0665 -33.9924 -16.9704
-32.3758 -43.2376 -38.2791 15.6532 22.4964 -27.2716 -38.7312 -45.3892 -2.3343 27.5979 -15.7780 -33.3768 -42.6589 -41.2829 13.7445 28.2153 -26.1997 -38.2378 -45.2700 -4.3135 27.0868 -15.5517 -33.4398 -42.8003 -40.1223 14.9824 23.1216 -27.5263 -39.0610 -45.5178 1.6940 30.1562 -19.0812 -34.8445 -43.7639 -32.1064 19.2140 2.8643 -30.4107 -40.5826 -45.2857 7.8944 33.1325 -22.8788 -36.6497 -44.7251 -15.8835 23.7543 -10.3263 -31.5111 -38.2294 -31.5111 -10.3263 23.7543 -15.8835 -44.7251 -36.6497 -22.8788 33.1325 7.8944 -45.2857 -40.5826 -30.4107 2.8643 19.2140 -32.1064 -43.7639 -34.8445 -19.0812 30.1562 1.6940 -45.5178 -39.0610 -27.5263 23.1216 14.9824 -40.1223 -42.8003 -33.4398 -15.5517 27.0868 -4.3135 -45.2700 -38.2378 -26.1997 28.2153 13.7445 -41.2829 -42.6589 -33.3768 -15.7780 27.5979 -2.3343 -45.3892 -38.7312 -27.2716 22.4964 15.6532 -38.2791 -43.2376 -32.3758
-41.7944 -37.0731 16.3079 19.7461 -27.7145 -38.9636 -45.4491 -0.9612 28.2110 -16.4685 -33.6015 -42.8091 -40.6489 14.1949 27.1369 -26.4315 -38.3398 -45.2937 -3.9576 27.1557 -15.5517 -33.4117 -42.7628 -40.4036 14.7251 24.2756 -27.2816 -38.9171 -45.4823 0.8740 29.6854 -18.5950 -34.6314 -43.6301 -33.6312 18.5619 5.7911 -30.0448 -40.3709 -45.4126 7.1518 32.9545 -22.3920 -36.4023 -44.6104 -18.2548 23.2099 -9.7597 -31.9144 -41.6444 -46.5409 -41.6444 -31.9144 -9.7597 23.2099 -18.2548 -44.6104 -36.4023 -22.3920 32.9545 7.1518 -45.4126 -40.3709 -30.0448 5.7911 18.5619 -33.6312 -43.6301 -34.6314 -18.5950 29.6854 0.8740 -45.4823 -38.9171 -27.2816 24.2756 14.7251 -40.4036 -42.7628 -33.4117 -15.5517 27.1557 -3.9576 -45.2937 -38.3398 -26.4315 27.1369 14.1949 -40.6489 -42.8091 -33.6015 -16.4685 28.2110 -0.9612 -45.4491 -38.9636 -27.7145 19.7461 16.3079 -37.0731 -41.7944
-36.0388 16.9845 16.6981 -28.1557 -39.1951 -45.5037 0.3162 28.8459 -17.1538 -33.8435 -42.9710 -39.8579 14.7224 25.6383 -26.7359 -38.4820 -45.3301 -3.2863 27.3609 -15.7200 -33.4398 -42.7628 -40.4960 14.5927 24.9629 -27.1087 -38.8064 -45.4518 0.1361 29.2674 -18.1450 -34.4388 -43.5038 -34.9418 17.9640 8.7250 -29.6329 -40.1636 -45.5015 6.3924 32.6786 -21.8996 -36.1560 -44.4916 -20.6929 22.6007 -8.5598 -31.8014 -41.6345 -44.8928 -7.1468 -44.8928 -41.6345 -31.8014 -8.5598 22.6007 -20.6929 -44.4916 -36.1560 -21.8996 32.6786 6.3924 -45.5015 -40.1636 -29.6329 8.7250 17.9640 -34.9418 -43.5038 -34.4388 -18.1450 29.2674 0.1361 -45.4518 -38.8064 -27.1087 24.9629 14.5927 -40.4960 -42.7628 -33.4398 -15.7200 27.3609 -3.2863 -45.3301 -38.4820 -26.7359 25.6383 14.7224 -39.8579 -42.9710 -33.8435 -17.1538 28.8459 0.3162 -45.5037 -39.1951 -28.1557 16.6981 16.9845 -36.0388
17.2121 13.4064 -28.5965 -39.4261 -45.5513 1.4856 29.4789 -17.8214 -34.0940 -43.1369 -38.9138 15.3013 23.7118 -27.0907 -38.6583 -45.3761 -2.3752 27.6915 -16.0381 -33.5211 -42.8003 -40.4036 14.5927 25.1916 -27.0204 -38.7371 -45.4287 -0.4567 28.9268 -17.7545 -34.2719 -43.3876 -36.0300 17.4226 11.5225 -29.2506 -39.9661 -45.5570 5.6280 32.3309 -21.4094 -35.9141 -44.3684 -23.0780 21.9784 -7.0561 -31.5774 -41.4840 -44.4241 8.6840 24.7362 8.6840 -44.4241 -41.4840 -31.5774 -7.0561 21.9784 -23.0780 -44.3684 -35.9141 -21.4094 32.3309 5.6280 -45.5570 -39.9661 -29.2506 11.5225 17.4226 -36.0300 -43.3876 -34.2719 -17.7545 28.9268 -0.4567 -45.4287 -38.7371 -27.0204 25.1916 14.5927 -40.4036 -42.8003 -33.5211 -16.0381 27.6915 -2.3752 -45.3761 -38.6583 -27.0907 23.7118 15.3013 -38.9138 -43.1369 -34.0940 -17.8214 29.4789 1.4856 -45.5513 -39.4261 -28.5965 13.4064 17.2121
9.7592 -29.0412 -39.6540 -45.5837 2.5662 30.0972 -18.4600 -34.3474 -43.3027 -37.8136 15.9207 21.3479 -27.4797 -38.8558 -45.4262 -1.3322 28.1200 -16.4726 -33.6478 -42.8730 -40.1223 14.7251 24.9629 -27.0204 -38.7134 -45.4163 -0.8403 28.6835 -17.4492 -34.1377 -43.2898 -36.8982 16.9520 14.0343 -28.9021 -39.7827 -45.5848 4.8731 31.9380 -20.9268 -35.6792 -44.2412 -25.3297 21.3668 -5.3098 -31.3253 -41.2938 -44.5733 9.7206 33.2060 -12.6334 33.2060 9.7206 -44.5733 -41.2938 -31.3253 -5.3098 21.3668 -25.3297 -44.2412 -35.6792 -20.9268 31.9380 4.8731 -45.5848 -39.7827 -28.9021 14.0343 16.9520 -36.8982 -43.2898 -34.1377 -17.4492 28.6835 -0.8403 -45.4163 -38.7134 -27.0204 24.9629 14.7251 -40.1223 -42.8730 -33.6478 -16.4726 28.1200 -1.3322 -45.4262 -38.8558 -27.4797 21.3479 15.9207 -37.8136 -43.3027 -34.3474 -18.4600 30.0972 2.5662 -45.5837 -39.6540 -29.0412 9.7592
-27.6219 -39.8794 -45.5911 3.5700 30.6941 -19.0682 -34.6028 -43.4657 -36.5560 16.5712 18.5525 -27.8960 -39.0667 -45.4763 -0.2391 28.6195 -16.9826 -33.8131 -42.9735 -39.6558 14.9824 24.2756 -27.1087 -38.7371 -45.4163 -0.9746 28.5576 -17.2553 -34.0436 -43.2156 -37.5473 16.5662 16.1223 -28.5965 -39.6176 -45.5918 4.1414 31.5265 -20.4595 -35.4549 -44.1159 -27.4018 20.7727 -3.3296 -31.0698 -41.0923 -44.8126 9.4518 33.1656 -22.5259 -32.4208 -22.5259 33.1656 9.4518 -44.8126 -41.0923 -31.0698 -3.3296 20.7727 -27.4018 -44.1159 -35.4549 -20.4595 31.5265 4.1414 -45.5918 -39.6176 -28.5965 16.1223 16.5662 -37.5473 -43.2156 -34.0436 -17.2553 28.5576 -0.9746 -45.4163 -38.7371 -27.1087 24.2756 14.9824 -39.6558 -42.9735 -33.8131 -16.9826 28.6195 -0.2391 -45.4763 -39.0667 -27.8960 18.5525 16.5712 -36.5560 -43.4657 -34.6028 -19.0682 30.6941 3.5700 -45.5911 -39.8794 -27.6219
-38.3505 -45.5735 4.5033 31.2559 -19.6537 -34.8563 -43.6262 -35.1498 17.2380 15.4195 -28.3308 -39.2883 -45.5250 0.8653 29.1688 -17.5420 -34.0098 -43.0958 -39.0046 15.3460 23.1216 -27.2816 -38.8064 -45.4287 -0.8403 28.5576 -17.1885 -33.9936 -43.1672 -37.9824 16.2745 17.7354 -28.3443 -39.4757 -45.5847 3.4569 31.1188 -20.0147 -35.2445 -43.9944 -29.2451 20.2067 -1.1372 -30.8176 -40.8891 -45.0324 8.8727 33.1856 -23.2045 -36.3150 -42.7351 -36.3150 -23.2045 33.1856 8.8727 -45.0324 -40.8891 -30.8176 -1.1372 20.2067 -29.2451 -43.9944 -35.2445 -20.0147 31.1188 3.4569 -45.5847 -39.4757 -28.3443 17.7354 16.2745 -37.9824 -43.1672 -33.9936 -17.1885 28.5576 -0.8403 -45.4287 -38.8064 -27.2816 23.1216 15.3460 -39.0046 -43.0958 -34.0098 -17.5420 29.1688 0.8653 -45.5250 -39.2883 -28.3308 15.4195 17.2380 -35.1498 -43.6262 -34.8563 -19.6537 31.2559 4.5033 -45.5735 -38.3505
-44.4021 5.3823 31.7688 -20.2186 -35.1079 -43.7807 -33.5901 17.9194 12.0861 -28.7720 -39.5146 -45.5666 1.9409 29.7481 -18.1244 -34.2274 -43.2353 -38.1676 15.7991 21.5004 -27.5263 -38.9171 -45.4518 -0.4567 28.6835 -17.2553 -33.9936 -43.1489 -38.2051 16.0902 18.8406 -28.1521 -39.3611 -45.5698 2.8422 30.7409 -19.6078 -35.0534 -43.8769 -30.8530 19.6562 1.1873 -30.5750 -40.6901 -45.2107 8.2143 33.1697 -22.9907 -36.5909 -45.0422 -44.2530 -45.0422 -36.5909 -22.9907 33.1697 8.2143 -45.2107 -40.6901 -30.5750 1.1873 19.6562 -30.8530 -43.8769 -35.0534 -19.6078 30.7409 2.8422 -45.5698 -39.3611 -28.1521 18.8406 16.0902 -38.2051 -43.1489 -33.9936 -17.2553 28.6835 -0.4567 -45.4518 -38.9171 -27.5263 21.5004 15.7991 -38.1676 -43.2353 -34.2274 -18.1244 29.7481 1.9409 -45.5666 -39.5146 -28.7720 12.0861 17.9194 -33.5901 -43.7807 -35.1079 -20.2186 31.7688 5.3823 -44.4021
5.5238 32.2243 -20.7622 -35.3598 -43.9279 -31.8811 18.6176 8.6899 -29.2147 -39.7427 -45.5896 2.9681 30.3397 -18.7152 -34.4604 -43.3823 -37.1452 16.3244 19.3978 -27.8275 -39.0610 -45.4823 0.1361 28.9268 -17.4492 -34.0436 -43.1672 -38.2051 16.0268 19.3927 -28.0312 -39.2783 -45.5533 2.3282 30.4134 -19.2515 -34.8858 -43.7692 -32.2239 19.1067 3.5700 -30.3048 -40.5005 -45.3459 7.5412 33.0534 -22.5926 -36.4699 -44.6779 -24.6057 11.1389 -24.6057 -44.6779 -36.4699 -22.5926 33.0534 7.5412 -45.3459 -40.5005 -30.3048 3.5700 19.1067 -32.2239 -43.7692 -34.8858 -19.2515 30.4134 2.3282 -45.5533 -39.2783 -28.0312 19.3927 16.0268 -38.2051 -43.1672 -34.0436 -17.4492 28.9268 0.1361 -45.4823 -39.0610 -27.8275 19.3978 16.3244 -37.1452 -43.3823 -34.4604 -18.7152 30.3397 2.9681 -45.5896 -39.7427 -29.2147 8.6899 18.6176 -31.8811 -43.9279 -35.3598 -20.7622 32.2243 5.5238
32.1657 -21.2894 -35.6118 -44.0708 -30.0190 19.3293 5.3882 -29.6615 -39.9676 -45.5865 3.9408 30.9184 -19.3035 -34.7047 -43.5340 -35.9326 16.9050 16.8341 -28.1745 -39.2301 -45.5178 0.8740 29.2674 -17.7545 -34.1377 -43.2156 -37.9824 16.0902 19.3927 -27.9912 -39.2345 -45.5405 1.9558 30.1605 -18.9599 -34.7456 -43.6770 -33.3401 18.6037 5.9231 -29.9827 -40.3239 -45.4435 6.8750 32.8498 -22.1579 -36.2686 -44.5495 -21.4091 20.3434 32.4329 20.3434 -21.4091 -44.5495 -36.2686 -22.1579 32.8498 6.8750 -45.4435 -40.3239 -29.9827 5.9231 18.6037 -33.3401 -43.6770 -34.7456 -18.9599 30.1605 1.9558 -45.5405 -39.2345 -27.9912 19.3927 16.0902 -37.9824 -43.2156 -34.1377 -17.7545 29.2674 0.8740 -45.5178 -39.2301 -28.1745 16.8341 16.9050 -35.9326 -43.5340 -34.7047 -19.3035 30.9184 3.9408 -45.5865 -39.9676 -29.6615 5.3882 19.3293 -30.0190 -44.0708 -35.6118 -21.2894 32.1657
-20.9254 -35.8633 -44.2103 -27.9939 19.9990 2.3325 -30.1121 -40.1887 -45.5542 4.8547 31.4619 -19.8767 -34.9557 -43.6870 -34.5335 17.5328 13.8859 -28.5567 -39.4202 -45.5541 1.6940 29.6854 -18.1450 -34.2719 -43.2898 -37.5473 16.2745 18.8406 -28.0312 -39.2345 -45.5359 1.7552 29.9973 -18.7519 -34.6401 -43.6015 -34.2184 18.1876 8.0766 -29.6659 -40.1593 -45.5102 6.2333 32.5855 -21.7270 -36.0554 -44.4353 -22.3181 21.8042 -1.2562 -25.0991 -1.2562 21.8042 -22.3181 -44.4353 -36.0554 -21.7270 32.5855 6.2333 -45.5102 -40.1593 -29.6659 8.0766 18.1876 -34.2184 -43.6015 -34.6401 -18.7519 29.9973 1.7552 -45.5359 -39.2345 -28.0312 18.8406 16.2745 -37.5473 -43.2898 -34.2719 -18.1450 29.6854 1.6940 -45.5541 -39.4202 -28.5567 13.8859 17.5328 -34.5335 -43.6870 -34.9557 -19.8767 31.4619 4.8547 -45.5542 -40.1887 -30.1121 2.3325 19.9990 -27.9939 -44.2103 -35.8633 -20.9254
-34.2752 -44.3456 -25.8163 20.6191 -0.4075 -30.4786 -40.4085 -45.4901 5.7126 31.9557 -20.4326 -35.2080 -43.8392 -32.9415 18.1959 10.6610 -28.9663 -39.6241 -45.5820 2.5613 30.1562 -18.5950 -34.4388 -43.3876 -36.8982 16.5662 17.7354 -28.1521 -39.2783 -45.5405 1.7552 29.9389 -18.6436 -34.5747 -43.5466 -34.8522 17.8624 9.8840 -29.3997 -40.0139 -45.5523 5.6254 32.2897 -21.3147 -35.8482 -44.3241 -24.0886 21.5907 -4.8397 -30.5670 -37.3157 -30.5670 -4.8397 21.5907 -24.0886 -44.3241 -35.8482 -21.3147 32.2897 5.6254 -45.5523 -40.0139 -29.3997 9.8840 17.8624 -34.8522 -43.5466 -34.5747 -18.6436 29.9389 1.7552 -45.5405 -39.2783 -28.1521 17.7354 16.5662 -36.8982 -43.3876 -34.4388 -18.5950 30.1562 2.5613 -45.5820 -39.6241 -28.9663 10.6610 18.1959 -32.9415 -43.8392 -35.2080 -20.4326 31.9557 5.7126 -45.4901 -40.4085 -30.4786 -0.4075 20.6191 -25.8163 -44.3456 -34.2752
-42.9596 -23.5153 21.2420 -2.8281 -30.7508 -40.6275 -45.3909 6.5245 32.3850 -20.9716 -35.4584 -43.9864 -31.1651 18.8918 7.3584 -29.3949 -39.8363 -45.5917 3.4496 30.6589 -19.0812 -34.6314 -43.5038 -36.0300 16.9520 16.1223 -28.3443 -39.3611 -45.5533 1.9558 29.9973 -18.6436 -34.5522 -43.5180 -35.2280 17.6339 11.2388 -29.1941 -39.8962 -45.5758 5.0740 31.9898 -20.9304 -35.6575 -44.2169 -25.9103 21.1396 -4.1922 -31.0164 -40.8604 -46.1571 -40.8604 -31.0164 -4.1922 21.1396 -25.9103 -44.2169 -35.6575 -20.9304 31.9898 5.0740 -45.5758 -39.8962 -29.1941 11.2388 17.6339 -35.2280 -43.5180 -34.5522 -18.6436 29.9973 1.9558 -45.5533 -39.3611 -28.3443 16.1223 16.9520 -36.0300 -43.5038 -34.6314 -19.0812 30.6589 3.4496 -45.5917 -39.8363 -29.3949 7.3584 18.8918 -31.1651 -43.9864 -35.4584 -20.9716 32.3850 6.5245 -45.3909 -40.6275 -30.7508 -2.8281 21.2420 -23.5153 -42.9596
-22.5613 21.8840 -4.9424 -31.0158 -40.8427 -45.2528 7.3030 32.7378 -21.4928 -35.7090 -44.1262 -29.2366 19.5940 4.1642 -29.8371 -40.0560 -45.5769 4.3388 31.1752 -19.5933 -34.8445 -43.6301 -34.9418 17.4226 14.0343 -28.5965 -39.4757 -45.5698 2.3282 30.1605 -18.7519 -34.5747 -43.5180 -35.3549 17.5172 12.0829 -29.0509 -39.8071 -45.5869 4.6139 31.7138 -20.5902 -35.4871 -44.1173 -27.5496 20.6682 -2.6990 -30.9407 -40.9321 -45.6285 -14.6729 -45.6285 -40.9321 -30.9407 -2.6990 20.6682 -27.5496 -44.1173 -35.4871 -20.5902 31.7138 4.6139 -45.5869 -39.8071 -29.0509 12.0829 17.5172 -35.3549 -43.5180 -34.5747 -18.7519 30.1605 2.3282 -45.5698 -39.4757 -28.5965 14.0343 17.4226 -34.9418 -43.6301 -34.8445 -19.5933 31.1752 4.3388 -45.5769 -40.0560 -29.8371 4.1642 19.5940 -29.2366 -44.1262 -35.7090 -21.4928 32.7378 7.3030 -45.2528 -40.8427 -31.0158 -4.9424 21.8840 -22.5613
22.1213 -6.7838 -31.2808 -41.0534 -45.0727 8.0530 33.0009 -21.9991 -35.9598 -44.2614 -27.1601 20.2461 1.2121 -30.2577 -40.2768 -45.5327 5.2040 31.6740 -20.1218 -35.0736 -43.7639 -33.6312 17.9640 11.5225 -28.9021 -39.6176 -45.5847 2.8422 30.4134 -18.9599 -34.6401 -43.5466 -35.2280 17.5172 12.3759 -28.9749 -39.7522 -45.5910 4.2639 31.4856 -20.3109 -35.3422 -44.0296 -28.9400 20.2363 -0.9873 -30.7676 -40.8206 -45.2101 6.2512 22.5692 6.2512 -45.2101 -40.8206 -30.7676 -0.9873 20.2363 -28.9400 -44.0296 -35.3422 -20.3109 31.4856 4.2639 -45.5910 -39.7522 -28.9749 12.3759 17.5172 -35.2280 -43.5466 -34.6401 -18.9599 30.4134 2.8422 -45.5847 -39.6176 -28.9021 11.5225 17.9640 -33.6312 -43.7639 -35.0736 -20.1218 31.6740 5.2040 -45.5327 -40.2768 -30.2577 1.2121 20.2461 -27.1601 -44.2614 -35.9598 -21.9991 33.0009 8.0530 -45.0727 -41.0534 -31.2808 -6.7838 22.1213
-8.1250 -31.5458 -41.2623 -44.8467 8.7745 33.1556 -22.4957 -36.2085 -44.3930 -24.9345 20.8614 -1.4039 -30.5881 -40.4945 -45.4554 6.0377 32.1328 -20.6508 -35.3125 -43.9033 -32.1064 18.5619 8.7250 -29.2506 -39.7827 -45.5918 3.4569 30.7409 -19.2515 -34.7456 -43.6015 -34.8522 17.6339 12.0829 -28.9749 -39.7348 -45.5920 4.0423 31.3215 -20.0984 -35.2297 -43.9562 -30.0616 19.8582 0.7258 -30.5888 -40.6755 -45.2574 7.4978 32.3083 -8.4379 32.3083 7.4978 -45.2574 -40.6755 -30.5888 0.7258 19.8582 -30.0616 -43.9562 -35.2297 -20.0984 31.3215 4.0423 -45.5920 -39.7348 -28.9749 12.0829 17.6339 -34.8522 -43.6015 -34.7456 -19.2515 30.7409 3.4569 -45.5918 -39.7827 -29.2506 8.7250 18.5619 -32.1064 -43.9033 -35.3125 -20.6508 32.1328 6.0377 -45.4554 -40.4945 -30.5881 -1.4039 20.8614 -24.9345 -44.3930 -36.2085 -22.4957 33.1556 8.7745 -44.8467 -41.2623 -31.5458 -8.1250
-29.8746 -41.4708 -44.5687 9.4732 33.1818 -22.9832 -36.4551 -44.5179 -22.5835 21.4845 -3.6892 -30.8555 -40.7107 -45.3417 6.8366 32.5341 -21.1765 -35.5581 -44.0424 -30.3769 19.2140 5.7911 -29.6329 -39.9661 -45.5848 4.1414 31.1188 -19.6078 -34.8858 -43.6770 -34.2184 17.8624 11.2388 -29.0509 -39.7522 -45.5920 3.9680 31.2350 -19.9656 -35.1515 -43.8994 -30.9126 19.5174 2.2950 -30.4233 -40.5371 -45.3415 7.3738 32.8729 -20.9379 -31.5694 -20.9379 32.8729 7.3738 -45.3415 -40.5371 -30.4233 2.2950 19.5174 -30.9126 -43.8994 -35.1515 -19.9656 31.2350 3.9680 -45.5920 -39.7522 -29.0509 11.2388 17.8624 -34.2184 -43.6770 -34.8858 -19.6078 31.1188 4.1414 -45.5848 -39.9661 -29.6329 5.7911 19.2140 -30.3769 -44.0424 -35.5581 -21.1765 32.5341 6.8366 -45.3417 -40.7107 -30.8555 -3.6892 21.4845 -22.5835 -44.5179 -36.4551 -22.9832 33.1818 9.4732 -44.5687 -41.4708 -29.8746
-39.9731 -44.2378 10.1578 33.0592 -23.4596 -36.7017 -44.6349 -20.1553 22.1142 -5.6868 -31.1208 -40.9260 -45.1877 7.5993 32.8537 -21.6942 -35.8071 -44.1803 -28.4281 19.8667 2.8643 -30.0448 -40.1636 -45.5570 4.8731 31.5265 -20.0147 -35.0534 -43.7692 -33.3401 18.1876 9.8840 -29.1941 -39.8071 -45.5910 4.0423 31.2350 -19.9223 -35.1110 -43.8649 -31.4839 19.2425 3.6118 -30.2451 -40.4191 -45.4114 6.9862 32.8232 -21.8044 -35.5513 -42.0358 -35.5513 -21.8044 32.8232 6.9862 -45.4114 -40.4191 -30.2451 3.6118 19.2425 -31.4839 -43.8649 -35.1110 -19.9223 31.2350 4.0423 -45.5910 -39.8071 -29.1941 9.8840 18.1876 -33.3401 -43.7692 -35.0534 -20.0147 31.5265 4.8731 -45.5570 -40.1636 -30.0448 2.8643 19.8667 -28.4281 -44.1803 -35.8071 -21.6942 32.8537 7.5993 -45.1877 -40.9260 -31.1208 -5.6868 22.1142 -20.1553 -44.6349 -36.7017 -23.4596 33.0592 10.1578 -44.2378 -39.9731
-43.1401 10.8360 32.7634 -23.9273 -36.9483 -44.7468 -17.6911 22.7457 -7.4327 -31.3844 -41.1374 -44.9893 8.3367 33.0753 -22.1969 -36.0564 -44.3137 -26.2960 20.4887 0.1244 -30.4107 -40.3709 -45.5015 5.6280 31.9380 -20.4595 -35.2445 -43.8769 -32.2239 18.6037 8.0766 -29.3997 -39.8962 -45.5869 4.2639 31.3215 -19.9656 -35.1110 -43.8546 -31.7694 19.0790 4.5471 -30.0773 -40.3249 -45.4607 6.5894 32.6807 -21.7430 -35.9213 -44.6302 -45.5246 -44.6302 -35.9213 -21.7430 32.6807 6.5894 -45.4607 -40.3249 -30.0773 4.5471 19.0790 -31.7694 -43.8546 -35.1110 -19.9656 31.3215 4.2639 -45.5869 -39.8962 -29.3997 8.0766 18.6037 -32.2239 -43.8769 -35.2445 -20.4595 31.9380 5.6280 -45.5015 -40.3709 -30.4107 0.1244 20.4887 -26.2960 -44.3137 -36.0564 -22.1969 33.0753 8.3367 -44.9893 -41.1374 -31.3844 -7.4327 22.7457 -17.6911 -44.7468 -36.9483 -23.9273 32.7634 10.8360 -43.1401
10.9602 32.2669 -24.3905 -37.1927 -44.8544 -15.2273 23.3803 -8.9581 -31.6481 -41.3440 -44.7433 9.0525 33.1821 -22.6872 -36.3059 -44.4411 -24.0289 21.1075 -2.3433 -30.6944 -40.5826 -45.4126 6.3924 32.3309 -20.9268 -35.4549 -43.9944 -30.8530 19.1067 5.9231 -29.6659 -40.0139 -45.5758 4.6139 31.4856 -20.0984 -35.1515 -43.8649 -31.7694 19.0258 5.0258 -29.9748 -40.2587 -45.4924 6.2531 32.5246 -21.5331 -35.8928 -44.3628 -30.1615 9.4406 -30.1615 -44.3628 -35.8928 -21.5328 32.5246 6.2531 -45.4924 -40.2587 -29.9748 5.0258 19.0258 -31.7694 -43.8649 -35.1515 -20.0984 31.4856 4.6139 -45.5758 -40.0139 -29.6659 5.9231 19.1067 -30.8530 -43.9944 -35.4549 -20.9268 32.3309 6.3924 -45.4126 -40.5826 -30.6944 -2.3433 21.1075 -24.0289 -44.4411 -36.3059 -22.6872 33.1821 9.0525 -44.7433 -41.3440 -31.6481 -8.9581 23.3803 -15.2273 -44.8544 -37.1927 -24.3905 32.2669 10.9602
30.9990 -24.8496 -37.4346 -44.9550 -12.8225 24.0226 -10.3050 -31.9116 -41.5486 -44.4448 9.7461 33.1524 -23.1698 -36.5532 -44.5646 -21.6452 21.7294 -4.5125 -30.9589 -40.7953 -45.2857 7.1518 32.6786 -21.4094 -35.6792 -44.1159 -29.2451 19.6562 3.5700 -29.9827 -40.1593 -45.5523 5.0740 31.7138 -20.3109 -35.2297 -43.8994 -31.4839 19.0790 5.0258 -29.9414 -40.2243 -45.5098 6.0130 32.3903 -21.3325 -35.8022 -44.2828 -26.6888 18.7969 32.8875 18.7964 -26.6899 -44.2815 -35.8022 -21.3319 32.3903 6.0130 -45.5098 -40.2243 -29.9414 5.0258 19.0790 -31.4839 -43.8994 -35.2297 -20.3109 31.7138 5.0740 -45.5523 -40.1593 -29.9827 3.5700 19.6562 -29.2451 -44.1159 -35.6792 -21.4094 32.6786 7.1518 -45.2857 -40.7953 -30.9589 -4.5125 21.7294 -21.6452 -44.5646 -36.5532 -23.1698 33.1524 9.7461 -44.4448 -41.5486 -31.9116 -10.3050 24.0226 -12.8225 -44.9550 -37.4346 -24.8496 30.9990
-24.0645 -37.6770 -45.0476 -10.5404 24.6707 -11.5126 -32.1733 -41.7519 -44.0869 10.4222 32.9644 -23.6451 -36.7982 -44.6812 -19.1852 22.3594 -6.3969 -31.2249 -41.0078 -45.1157 7.8944 32.9545 -21.8996 -35.9141 -44.2412 -27.4018 20.2067 1.1873 -30.3048 -40.3239 -45.5102 5.6254 31.9898 -20.5902 -35.3422 -43.9562 -30.9126 19.2425 4.5471 -29.9748 -40.2243 -45.5152 5.8910 32.3018 -21.1858 -35.7215 -44.2260 -26.5515 20.4765 5.0077 -24.0375 5.0299 20.4735 -26.5579 -44.2249 -35.7211 -21.1846 32.3012 5.8909 -45.5152 -40.2243 -29.9748 4.5471 19.2425 -30.9126 -43.9562 -35.3422 -20.5902 31.9898 5.6254 -45.5102 -40.3239 -30.3048 1.1873 20.2067 -27.4018 -44.2412 -35.9141 -21.8996 32.9545 7.8944 -45.1157 -41.0078 -31.2249 -6.3969 22.3594 -19.1852 -44.6812 -36.7982 -23.6451 32.9644 10.4222 -44.0869 -41.7519 -32.1733 -11.5126 24.6707 -10.5404 -45.0476 -37.6770 -24.0645
-36.1150 -45.1369 -8.4126 25.3188 -12.6034 -32.4333 -41.9507 -43.6639 11.0887 32.5948 -24.1113 -37.0432 -44.7898 -16.7125 22.9960 -8.0503 -31.4888 -41.2191 -44.8993 8.6188 33.1325 -22.3920 -36.1560 -44.3684 -25.3297 20.7727 -1.1372 -30.5750 -40.5005 -45.4435 6.2333 32.2897 -20.9304 -35.4871 -44.0296 -30.0616 19.5174 3.6118 -30.0773 -40.2587 -45.5098 5.8910 32.2716 -21.1111 -35.6704 -44.1870 -26.9990 20.6305 -0.8851 -29.9449 -36.7656 -29.9378 -0.7977 20.6134 -27.0750 -44.1840 -35.6649 -21.1015 32.2693 5.8904 -45.5098 -40.2587 -30.0773 3.6118 19.5174 -30.0616 -44.0296 -35.4871 -20.9304 32.2897 6.2333 -45.4435 -40.5005 -30.5750 -1.1372 20.7727 -25.3297 -44.3684 -36.1560 -22.3920 33.1325 8.6188 -44.8993 -41.2191 -31.4888 -8.0503 22.9960 -16.7125 -44.7898 -37.0432 -24.1113 32.5948 11.0887 -43.6639 -41.9507 -32.4333 -12.6034 25.3188 -8.4126 -45.1369 -36.1150
-43.8353 -6.4472 25.9674 -13.5907 -32.6936 -42.1439 -43.1722 11.7473 32.0148 -24.5700 -37.2880 -44.8944 -14.2782 23.6336 -9.5072 -31.7510 -41.4262 -44.6324 9.3244 33.1880 -22.8788 -36.4023 -44.4916 -23.0780 21.3668 -3.3296 -30.8176 -40.6901 -45.3459 6.8750 32.5855 -21.3147 -35.6575 -44.1173 -28.9400 19.8582 2.2950 -30.2451 -40.3249 -45.4924 6.0130 32.3019 -21.1112 -35.6614 -44.1517 -27.4007 20.5938 -1.3981 -30.6176 -40.4542 -45.8611 -40.4700 -30.5925 -1.1548 20.4347 -27.4341 -44.1120 -35.6207 -21.1856 32.3003 6.0125 -45.4924 -40.3249 -30.2451 2.2950 19.8582 -28.9400 -44.1173 -35.6575 -21.3147 32.5855 6.8750 -45.3459 -40.6901 -30.8176 -3.3296 21.3668 -23.0780 -44.4916 -36.4023 -22.8788 33.1880 9.3244 -44.6324 -41.4262 -31.7510 -9.5072 23.6336 -14.2782 -44.8944 -37.2880 -24.5700 32.0148 11.7473 -43.1722 -42.1439 -32.6936 -13.5907 25.9674 -6.4472 -43.8353
-5.9769 26.6349 -14.4939 -32.9533 -42.3355 -42.6053 12.3957 31.1968 -25.0253 -37.5302 -44.9929 -11.9217 24.2742 -10.7953 -32.0131 -41.6293 -44.3114 10.0126 33.0997 -23.3555 -36.6497 -44.6104 -20.6929 21.9784 -5.3098 -31.0698 -40.8891 -45.2107 7.5412 32.8498 -21.7270 -35.8482 -44.2169 -27.5496 20.2363 0.7258 -30.4233 -40.4191 -45.4607 6.2531 32.3903 -21.1859 -35.6696 -44.1881 -27.3771 20.5451 -1.2786 -30.7768 -40.7126 -45.8408 -18.6813 -45.8517 -40.6926 -30.6480 -0.9389 20.4004 -27.4482 -44.2026 -35.7043 -21.1870 32.3903 6.2531 -45.4607 -40.4191 -30.4233 0.7258 20.2363 -27.5496 -44.2169 -35.8482 -21.7270 32.8498 7.5412 -45.2107 -40.8891 -31.0698 -5.3098 21.9784 -20.6929 -44.6104 -36.6497 -23.3555 33.0997 10.0126 -44.3114 -41.6293 -32.0131 -10.7953 24.2742 -11.9217 -44.9929 -37.5302 -25.0253 31.1968 12.3957 -42.6053 -42.3355 -32.9533 -14.4939 26.6349 -5.9769
26.9443 -15.3294 -33.2098 -42.5230 -41.9589 13.0332 30.1280 -25.4718 -37.7691 -45.0838 -9.7163 24.9140 -11.9403 -32.2718 -41.8283 -43.9337 10.6777 32.8476 -23.8215 -36.8929 -44.7251 -18.2548 22.6007 -7.0561 -31.3253 -41.0923 -45.0324 8.2143 33.0534 -22.1579 -36.0554 -44.3241 -25.9103 20.6682 -0.9873 -30.5888 -40.5371 -45.4114 6.5894 32.5246 -21.3325 -35.7216 -44.1840 -27.2930 20.4522 -0.9562 -30.6673 -40.6968 -45.2466 5.3342 21.7310 5.3618 -45.3884 -40.6597 -30.6991 -0.6444 20.3986 -27.4240 -44.1690 -35.7201 -21.3317 32.5246 6.5894 -45.4114 -40.5371 -30.5888 -0.9873 20.6682 -25.9103 -44.3241 -36.0554 -22.1579 33.0534 8.2143 -45.0324 -41.0923 -31.3253 -7.0561 22.6007 -18.2548 -44.7251 -36.8929 -23.8215 32.8476 10.6777 -43.9337 -41.8283 -32.2718 -11.9403 24.9140 -9.7163 -45.0838 -37.7691 -25.4718 30.1280 13.0332 -41.9589 -42.5230 -33.2098 -15.3294 26.9443
