-25.9147 -38.4009 -44.3919 5.8864 32.3079 -21.1456 -34.3980 -43.0276 -21.3912 22.4484 -8.8498 -30.0146 -40.0812 -42.9480 11.3055 30.5234 -24.2686 -36.2426 -43.8861 -5.0527 27.2897 -15.9646 -31.9798 -41.5249 -37.8183 16.1787 14.7502 -27.0646 -38.0008 -44.4074 4.1871 31.5768 -20.2040 -33.8891 -42.7426 -25.9741 21.1505 -5.6643 -29.4624 -39.6516 -43.6096 9.9330 32.0169 -23.4576 -35.7430 -43.6814 -9.0016 25.8243 -13.7904 -30.5460 -37.4206 -30.5460 -13.7904 25.8243 -9.0016 -43.6814 -35.7430 -23.4576 32.0169 9.9330 -43.6096 -39.6516 -29.4624 -5.6643 21.1505 -25.9741 -42.7426 -33.8891 -20.2040 31.5768 4.1871 -44.4074 -38.0008 -27.0646 14.7502 16.1787 -37.8183 -41.5249 -31.9798 -15.9646 27.2897 -5.0527 -43.8861 -36.2426 -24.2686 30.5234 11.3055 -42.9480 -40.0812 -30.0146 -8.8498 22.4484 -21.3912 -43.0276 -34.3980 -21.1456 32.3079 5.8864 -44.3919 -38.4009 -25.9147
-38.4009 -45.5371 5.9573 32.4615 -21.5734 -35.9936 -44.4078 -22.3029 22.2077 -7.6329 -31.6821 -41.5762 -44.0410 11.1785 31.9241 -25.0838 -37.8041 -45.1819 -5.4860 26.9773 -15.7510 -33.6038 -42.9785 -38.8574 15.9782 18.3044 -28.3693 -39.5354 -45.5931 4.0265 31.5085 -20.4817 -35.4816 -44.1403 -26.9713 20.9323 -3.8835 -31.1456 -41.1579 -44.7216 9.8143 32.9381 -24.1550 -37.3103 -45.0033 -9.5114 25.6191 -13.8640 -32.8834 -42.4431 -46.8088 -42.4431 -32.8834 -13.8640 25.6191 -9.5114 -45.0033 -37.3103 -24.1550 32.9381 9.8143 -44.7216 -41.1579 -31.1456 -3.8835 20.9323 -26.9713 -44.1403 -35.4816 -20.4817 31.5085 4.0265 -45.5931 -39.5354 -28.3693 18.3044 15.9782 -38.8574 -42.9785 -33.6038 -15.7510 26.9773 -5.4860 -45.1819 -37.8041 -25.0838 31.9241 11.1785 -44.0410 -41.5762 -31.6821 -7.6329 22.2077 -22.3029 -44.4078 -35.9936 -21.5734 32.4615 5.9573 -45.5371 -38.4009
-44.3919 5.9573 32.3173 -21.2623 -35.8051 -44.2914 -24.4216 21.6025 -5.9857 -31.4243 -41.3728 -44.3997 10.5105 32.5322 -24.6294 -37.5613 -45.0945 -7.3640 26.3092 -14.9412 -33.3452 -42.7990 -39.8730 15.3126 21.2212 -27.9256 -39.3061 -45.5694 3.0563 30.9685 -19.9269 -35.2304 -43.9992 -29.0575 20.3008 -1.6205 -30.8791 -40.9449 -44.9695 9.1149 33.1425 -23.6869 -37.0649 -44.9033 -11.7178 24.9759 -13.0410 -32.7705 -42.3727 -43.4492 -1.0989 -43.4492 -42.3727 -32.7705 -13.0410 24.9759 -11.7178 -44.9033 -37.0649 -23.6869 33.1425 9.1149 -44.9695 -40.9449 -30.8791 -1.6205 20.3008 -29.0575 -43.9992 -35.2304 -19.9269 30.9685 3.0563 -45.5694 -39.3061 -27.9256 21.2212 15.3126 -39.8730 -42.7990 -33.3452 -14.9412 26.3092 -7.3640 -45.0945 -37.5613 -24.6294 32.5322 10.5105 -44.3997 -41.3728 -31.4243 -5.9857 21.6025 -24.4216 -44.2914 -35.8051 -21.2623 32.3173 5.9573 -44.3919
5.8864 32.4615 -21.2623 -35.7311 -44.2184 -25.9260 21.1183 -4.3424 -31.1864 -41.1774 -44.6939 9.8555 32.9226 -24.1735 -37.3192 -45.0030 -9.4172 25.6546 -14.0686 -33.0869 -42.6182 -40.7773 14.6641 23.7989 -27.4837 -39.0767 -45.5283 2.0198 30.3901 -19.3547 -34.9781 -43.8524 -30.9999 19.6533 0.9659 -30.6119 -40.7299 -45.1720 8.4009 33.1853 -23.2122 -36.8200 -44.7993 -14.0645 24.3316 -12.0377 -32.5459 -42.2222 -42.7579 11.1393 27.1861 11.1393 -42.7579 -42.2222 -32.5459 -12.0377 24.3316 -14.0645 -44.7993 -36.8200 -23.2122 33.1853 8.4009 -45.1720 -40.7299 -30.6119 0.9659 19.6533 -30.9999 -43.8524 -34.9781 -19.3547 30.3901 2.0198 -45.5283 -39.0767 -27.4837 23.7989 14.6641 -40.7773 -42.6182 -33.0869 -14.0686 25.6546 -9.4172 -45.0030 -37.3192 -24.1735 32.9226 9.8555 -44.6939 -41.1774 -31.1864 -4.3424 21.1183 -25.9260 -44.2184 -35.7311 -21.2623 32.4615 5.8864
32.3079 -21.5734 -35.8051 -44.2184 -26.4773 20.8379 -3.0492 -30.9958 -41.0074 -44.9165 9.2345 33.1262 -23.7271 -37.0818 -44.9070 -11.6078 25.0082 -13.1244 -32.8289 -42.4344 -41.5729 14.0216 26.0166 -27.0435 -38.8439 -45.4764 0.8945 29.7804 -18.7577 -34.7239 -43.6994 -32.7915 18.9550 3.8904 -30.2896 -40.5138 -45.3297 7.6659 33.0897 -22.7304 -36.5751 -44.6912 -16.4933 23.6906 -10.9032 -32.2950 -42.0393 -43.0181 12.1593 32.5860 -16.1293 32.5860 12.1593 -43.0181 -42.0393 -32.2950 -10.9032 23.6906 -16.4933 -44.6912 -36.5751 -22.7304 33.0897 7.6659 -45.3297 -40.5138 -30.2896 3.8904 18.9550 -32.7915 -43.6994 -34.7239 -18.7577 29.7804 0.8945 -45.4764 -38.8439 -27.0435 26.0166 14.0216 -41.5729 -42.4344 -32.8289 -13.1244 25.0082 -11.6078 -44.9070 -37.0818 -23.7271 33.1262 9.2345 -44.9165 -41.0074 -30.9958 -3.0492 20.8379 -26.4773 -44.2184 -35.8051 -21.5734 32.3079
-21.1456 -35.9936 -44.2914 -25.9260 20.8379 -2.5487 -30.8873 -40.8865 -45.0656 8.6971 33.1875 -23.3146 -36.8587 -44.8094 -13.8480 24.3791 -12.1106 -32.5714 -42.2457 -42.2731 13.3780 27.8910 -26.6014 -38.6083 -45.4182 -0.3375 29.1500 -18.1310 -34.4699 -43.5434 -34.4215 18.2522 7.0858 -29.8769 -40.2964 -45.4468 6.9059 32.8776 -22.2410 -36.3279 -44.5751 -18.9654 23.0526 -9.6280 -32.0364 -41.8460 -43.4626 11.9146 31.4778 -24.3027 -33.4185 -24.3027 31.4778 11.9146 -43.4626 -41.8460 -32.0364 -9.6280 23.0526 -18.9654 -44.5751 -36.3279 -22.2410 32.8776 6.9059 -45.4468 -40.2964 -29.8769 7.0858 18.2522 -34.4215 -43.5434 -34.4699 -18.1310 29.1500 -0.3375 -45.4182 -38.6083 -26.6014 27.8910 13.3780 -42.2731 -42.2457 -32.5714 -12.1106 24.3791 -13.8480 -44.8094 -36.8587 -23.3146 33.1875 8.6971 -45.0656 -40.8865 -30.8873 -2.5487 20.8379 -25.9260 -44.2914 -35.9936 -21.1456
-34.3980 -44.4078 -24.4216 21.1183 -3.0492 -30.8873 -40.8415 -45.1401 8.3218 33.1666 -22.9688 -36.6629 -44.7160 -16.0014 23.7854 -11.0425 -32.3209 -42.0564 -42.8788 12.7383 29.4327 -26.1562 -38.3724 -45.3549 -1.6856 28.5107 -17.4743 -34.2162 -43.3835 -35.8934 17.5673 10.4382 -29.4308 -40.0748 -45.5274 6.1103 32.5660 -21.7394 -36.0786 -44.4521 -21.4294 22.4156 -8.1870 -31.7744 -41.6473 -43.8967 11.3663 31.8176 -24.9200 -37.2583 -43.5526 -37.2583 -24.9200 31.8176 11.3663 -43.8967 -41.6473 -31.7744 -8.1870 22.4156 -21.4294 -44.4521 -36.0786 -21.7394 32.5660 6.1103 -45.5274 -40.0748 -29.4308 10.4382 17.5673 -35.8934 -43.3835 -34.2162 -17.4743 28.5107 -1.6856 -45.3549 -38.3724 -26.1562 29.4327 12.7383 -42.8788 -42.0564 -32.3209 -11.0425 23.7854 -16.0014 -44.7160 -36.6629 -22.9688 33.1666 8.3218 -45.1401 -40.8415 -30.8873 -3.0492 21.1183 -24.4216 -44.4078 -34.3980
-43.0276 -22.3029 21.6025 -4.3424 -30.9958 -40.8865 -45.1401 8.1860 33.1323 -22.7344 -36.5144 -44.6355 -17.9018 23.2568 -9.9519 -32.0846 -41.8728 -43.3857 12.1142 30.6433 -25.7146 -38.1360 -45.2855 -3.1647 27.8671 -16.7840 -33.9607 -43.2167 -37.2236 16.8923 13.8222 -28.9861 -39.8498 -45.5747 5.2711 32.1697 -21.2229 -35.8293 -44.3253 -23.8210 21.7852 -6.5528 -31.5123 -41.4444 -44.2800 10.7370 32.3761 -24.7049 -37.4960 -45.4838 -41.6671 -45.4838 -37.4960 -24.7049 32.3761 10.7370 -44.2800 -41.4444 -31.5123 -6.5528 21.7852 -23.8210 -44.3253 -35.8293 -21.2229 32.1697 5.2711 -45.5747 -39.8498 -28.9861 13.8222 16.8923 -37.2236 -43.2167 -33.9607 -16.7840 27.8671 -3.1647 -45.2855 -38.1360 -25.7146 30.6433 12.1142 -43.3857 -41.8728 -32.0846 -9.9519 23.2568 -17.9018 -44.6355 -36.5144 -22.7344 33.1323 8.1860 -45.1401 -40.8865 -30.9958 -4.3424 21.6025 -22.3029 -43.0276
-21.3912 22.2077 -5.9857 -31.1864 -41.0074 -45.0656 8.3218 33.1323 -22.6507 -36.4354 -44.5815 -19.3202 22.8323 -8.9305 -31.8733 -41.7012 -43.7994 11.5169 31.5495 -25.2842 -37.9036 -45.2106 -4.7882 27.2190 -16.0499 -33.7034 -43.0443 -38.4213 16.2249 17.0953 -28.5412 -39.6241 -45.5915 4.3859 31.7055 -20.6929 -35.5803 -44.1938 -26.0989 21.1628 -4.6913 -31.2484 -41.2376 -44.6061 10.0730 32.8161 -24.3095 -37.3636 -45.0597 -15.7454 13.3519 -15.7454 -45.0597 -37.3636 -24.3095 32.8161 10.0730 -44.6061 -41.2376 -31.2484 -4.6913 21.1628 -26.0989 -44.1938 -35.5803 -20.6929 31.7055 4.3859 -45.5915 -39.6241 -28.5412 17.0953 16.2249 -38.4213 -43.0443 -33.7034 -16.0499 27.2190 -4.7882 -45.2106 -37.9036 -25.2842 31.5495 11.5169 -43.7994 -41.7012 -31.8733 -8.9305 22.8323 -19.3202 -44.5815 -36.4354 -22.6507 33.1323 8.3218 -45.0656 -41.0074 -31.1864 -5.9857 22.2077 -21.3912
22.4484 -7.6329 -31.4243 -41.1774 -44.9165 8.6971 33.1666 -22.7344 -36.4354 -44.5630 -20.0605 22.5574 -8.1210 -31.7060 -41.5543 -44.1197 10.9660 32.1904 -24.8749 -37.6799 -45.1332 -6.5328 26.5775 -15.2727 -33.4479 -42.8697 -39.4881 15.5683 20.1197 -28.0985 -39.3975 -45.5809 3.4473 31.1873 -20.1483 -35.3292 -44.0546 -28.2506 20.5437 -2.5487 -30.9825 -41.0265 -44.8777 9.3862 33.0841 -23.8630 -37.1496 -44.9447 -12.5747 22.6594 29.3813 22.6594 -12.5747 -44.9447 -37.1496 -23.8630 33.0841 9.3862 -44.8777 -41.0265 -30.9825 -2.5487 20.5437 -28.2506 -44.0546 -35.3292 -20.1483 31.1873 3.4473 -45.5809 -39.3975 -28.0985 20.1197 15.5683 -39.4881 -42.8697 -33.4479 -15.2727 26.5775 -6.5328 -45.1332 -37.6799 -24.8749 32.1904 10.9660 -44.1197 -41.5543 -31.7060 -8.1210 22.5574 -20.0605 -44.5630 -36.4354 -22.7344 33.1666 8.6971 -44.9165 -41.1774 -31.4243 -7.6329 22.4484
-8.8498 -31.6821 -41.3728 -44.6939 9.2345 33.1875 -22.9688 -36.5144 -44.5815 -20.0605 22.4627 -7.6684 -31.5968 -41.4465 -44.3459 10.4978 32.6082 -24.5021 -37.4726 -45.0545 -8.3341 25.9670 -14.4658 -33.1971 -42.6932 -40.4286 14.9216 22.8205 -27.6585 -39.1673 -45.5462 2.4383 30.6227 -19.5832 -35.0762 -43.9089 -30.2614 19.9136 -0.0815 -30.7164 -40.8143 -45.0984 8.6823 33.1863 -23.3977 -36.9147 -44.8417 -13.6038 24.0852 -8.3223 -26.4853 -8.3223 24.0852 -13.6038 -44.8417 -36.9147 -23.3977 33.1863 8.6823 -45.0984 -40.8143 -30.7164 -0.0815 19.9136 -30.2614 -43.9089 -35.0762 -19.5832 30.6227 2.4383 -45.5462 -39.1673 -27.6585 22.8205 14.9216 -40.4286 -42.6932 -33.1971 -14.4658 25.9670 -8.3341 -45.0545 -37.4726 -24.5021 32.6082 10.4978 -44.3459 -41.4465 -31.5968 -7.6684 22.4627 -20.0605 -44.5815 -36.5144 -22.9688 33.1875 9.2345 -44.6939 -41.3728 -31.6821 -8.8498
-30.0146 -41.5762 -44.3997 9.8555 33.1262 -23.3146 -36.6629 -44.6355 -19.3202 22.5574 -7.6684 -31.5579 -41.3894 -44.4804 10.1579 32.8507 -24.1904 -37.2920 -44.9795 -10.1031 25.3989 -13.6474 -32.9568 -42.5179 -41.2412 14.2883 25.1536 -27.2188 -38.9344 -45.4970 1.3441 30.0206 -18.9933 -34.8233 -43.7600 -32.1106 19.2355 2.7109 -30.4310 -40.6005 -45.2725 7.9599 33.1427 -22.9217 -36.6716 -44.7350 -15.6656 23.8113 -10.4389 -31.5350 -38.2525 -31.5350 -10.4389 23.8113 -15.6656 -44.7350 -36.6716 -22.9217 33.1427 7.9599 -45.2725 -40.6005 -30.4310 2.7109 19.2355 -32.1106 -43.7600 -34.8233 -18.9933 30.0206 1.3441 -45.4970 -38.9344 -27.2188 25.1536 14.2883 -41.2412 -42.5179 -32.9568 -13.6474 25.3989 -10.1031 -44.9795 -37.2920 -24.1904 32.8507 10.1579 -44.4804 -41.3894 -31.5579 -7.6684 22.5574 -19.3202 -44.6355 -36.6629 -23.3146 33.1262 9.8555 -44.3997 -41.5762 -30.0146
-40.0812 -44.0410 10.5105 32.9226 -23.7271 -36.8587 -44.7160 -17.9018 22.8323 -8.1210 -31.5968 -41.3894 -44.5248 9.9759 32.9693 -23.9635 -37.1498 -44.9141 -11.7340 24.8911 -12.8435 -32.7329 -42.3494 -41.9259 13.6809 27.0973 -26.7877 -38.7047 -45.4420 0.1649 29.3982 -18.3792 -34.5707 -43.6070 -33.7956 18.5292 5.7947 -30.0549 -40.3824 -45.4052 7.2095 32.9741 -22.4355 -36.4243 -44.6207 -18.0346 23.2666 -9.8779 -31.9378 -41.6643 -46.5491 -41.6643 -31.9378 -9.8779 23.2666 -18.0346 -44.6207 -36.4243 -22.4355 32.9741 7.2095 -45.4052 -40.3824 -30.0549 5.7947 18.5292 -33.7956 -43.6070 -34.5707 -18.3792 29.3982 0.1649 -45.4420 -38.7047 -26.7877 27.0973 13.6809 -41.9259 -42.3494 -32.7329 -12.8435 24.8911 -11.7340 -44.9141 -37.1498 -23.9635 32.9693 9.9759 -44.5248 -41.3894 -31.5968 -8.1210 22.8323 -17.9018 -44.7160 -36.8587 -23.7271 32.9226 10.5105 -44.0410 -40.0812
-42.9480 11.1785 32.5322 -24.1735 -37.0818 -44.8094 -16.0014 23.2568 -8.9305 -31.7060 -41.4465 -44.4804 9.9759 33.0039 -23.8417 -37.0582 -44.8641 -13.0607 24.4708 -12.0940 -32.5332 -42.1940 -42.4917 13.1120 28.6510 -26.3743 -38.4812 -45.3829 -1.1053 28.7711 -17.7395 -34.3165 -43.4469 -35.3303 17.8358 9.1039 -29.6067 -40.1606 -45.5000 6.4246 32.6981 -21.9363 -36.1761 -44.5010 -20.4766 22.6571 -8.6909 -31.8248 -41.6528 -44.8667 -6.9747 -44.8667 -41.6528 -31.8248 -8.6909 22.6571 -20.4766 -44.5010 -36.1761 -21.9363 32.6981 6.4246 -45.5000 -40.1606 -29.6067 9.1039 17.8358 -35.3303 -43.4469 -34.3165 -17.7395 28.7711 -1.1053 -45.3829 -38.4812 -26.3743 28.6510 13.1120 -42.4917 -42.1940 -32.5332 -12.0940 24.4708 -13.0607 -44.8641 -37.0582 -23.8417 33.0039 9.9759 -44.4804 -41.4465 -31.7060 -8.9305 23.2568 -16.0014 -44.8094 -37.0818 -24.1735 32.5322 11.1785 -42.9480
11.3055 31.9241 -24.6294 -37.3192 -44.9070 -13.8480 23.7854 -9.9519 -31.8733 -41.5543 -44.3459 10.1579 32.9693 -23.8417 -37.0260 -44.8371 -13.9111 24.1708 -11.4776 -32.3693 -42.0581 -42.9408 12.5958 29.8460 -25.9858 -38.2671 -45.3208 -2.4487 28.1518 -17.0784 -34.0643 -43.2825 -36.7168 17.1536 12.5105 -29.1591 -39.9381 -45.5600 5.6042 32.3334 -21.4262 -35.9284 -44.3775 -22.8875 22.0326 -7.2031 -31.6008 -41.5023 -44.3946 8.7459 24.7949 8.7459 -44.3946 -41.5023 -31.6008 -7.2031 22.0326 -22.8875 -44.3775 -35.9284 -21.4262 32.3334 5.6042 -45.5600 -39.9381 -29.1591 12.5105 17.1536 -36.7168 -43.2825 -34.0643 -17.0784 28.1518 -2.4487 -45.3208 -38.2671 -25.9858 29.8460 12.5958 -42.9408 -42.0581 -32.3693 -11.4776 24.1708 -13.9111 -44.8371 -37.0260 -23.8417 32.9693 10.1579 -44.3459 -41.5543 -31.8733 -9.9519 23.7854 -13.8480 -44.9070 -37.3192 -24.6294 31.9241 11.3055
30.5234 -25.0838 -37.5613 -45.0030 -11.6078 24.3791 -11.0425 -32.0846 -41.7012 -44.1197 10.4978 32.8507 -23.9635 -37.0582 -44.8371 -14.2044 24.0156 -11.0714 -32.2515 -41.9520 -43.2720 12.1529 30.7209 -25.6344 -38.0699 -45.2580 -3.8300 27.5603 -16.4099 -33.8196 -43.1180 -37.9393 16.4926 15.8179 -28.7148 -39.7144 -45.5884 4.7425 31.8965 -20.9044 -35.6786 -44.2462 -25.2146 21.4076 -5.4524 -31.3477 -41.3120 -44.5462 9.7809 33.2156 -12.7303 33.2156 9.7809 -44.5462 -41.3120 -31.3477 -5.4524 21.4076 -25.2146 -44.2462 -35.6786 -20.9044 31.8965 4.7425 -45.5884 -39.7144 -28.7148 15.8179 16.4926 -37.9393 -43.1180 -33.8196 -16.4099 27.5603 -3.8300 -45.2580 -38.0699 -25.6344 30.7209 12.1529 -43.2720 -41.9520 -32.2515 -11.0714 24.0156 -14.2044 -44.8371 -37.0582 -23.9635 32.8507 10.4978 -44.1197 -41.7012 -32.0846 -11.0425 24.3791 -11.6078 -45.0030 -37.5613 -25.0838 30.5234
-24.2686 -37.8041 -45.0945 -9.4172 25.0082 -12.1106 -32.3209 -41.8728 -43.7994 10.9660 32.6082 -24.1904 -37.1498 -44.8641 -13.9111 24.0156 -10.9278 -32.1899 -41.8852 -43.4915 11.8114 31.3190 -25.3318 -37.8952 -45.1980 -5.2088 27.0069 -15.7441 -33.5870 -42.9567 -39.0048 15.8584 18.8787 -28.2804 -39.4892 -45.5882 3.8251 31.3978 -20.3655 -35.4268 -44.1081 -27.4289 20.7841 -3.4187 -31.0861 -41.1085 -44.7916 9.5082 33.1563 -22.5681 -32.4423 -22.5681 33.1563 9.5082 -44.7916 -41.1085 -31.0861 -3.4187 20.7841 -27.4289 -44.1081 -35.4268 -20.3655 31.3978 3.8251 -45.5882 -39.4892 -28.2804 18.8787 15.8584 -39.0048 -42.9567 -33.5870 -15.7441 27.0069 -5.2088 -45.1980 -37.8952 -25.3318 31.3190 11.8114 -43.4915 -41.8852 -32.1899 -10.9278 24.0156 -13.9111 -44.8641 -37.1498 -24.1904 32.6082 10.9660 -43.7994 -41.8728 -32.3209 -12.1106 25.0082 -9.4172 -45.0945 -37.8041 -24.2686
-36.2426 -45.1819 -7.3640 25.6546 -13.1244 -32.5714 -42.0564 -43.3857 11.5169 32.1904 -24.5021 -37.2920 -44.9141 -13.0607 24.1708 -11.0714 -32.1899 -41.8623 -43.5997 11.5962 31.6855 -25.0982 -37.7516 -45.1427 -6.5146 26.5058 -15.0944 -33.3703 -42.8020 -39.9134 15.2566 21.5751 -27.8580 -39.2650 -45.5626 2.8525 30.8497 -19.8062 -35.1752 -43.9667 -29.4944 20.1663 -1.0846 -30.8216 -40.8988 -45.0195 8.9196 33.1823 -23.2411 -36.3348 -42.7539 -36.3348 -23.2411 33.1823 8.9196 -45.0195 -40.8988 -30.8216 -1.0846 20.1663 -29.4944 -43.9667 -35.1752 -19.8062 30.8497 2.8525 -45.5626 -39.2650 -27.8580 21.5751 15.2566 -39.9134 -42.8020 -33.3703 -15.0944 26.5058 -6.5146 -45.1427 -37.7516 -25.0982 31.6855 11.5962 -43.5997 -41.8623 -32.1899 -11.0714 24.1708 -13.0607 -44.9141 -37.2920 -24.5021 32.1904 11.5169 -43.3857 -42.0564 -32.5714 -13.1244 25.6546 -7.3640 -45.1819 -36.2426
-43.8861 -5.4860 26.3092 -14.0686 -32.8289 -42.2457 -42.8788 12.1142 31.5495 -24.8749 -37.4726 -44.9795 -11.7340 24.4708 -11.4776 -32.2515 -41.8852 -43.5997 11.5224 31.8565 -24.9509 -37.6511 -45.0979 -7.6484 26.0828 -14.4957 -33.1754 -42.6567 -40.6701 14.6982 23.8447 -27.4526 -39.0475 -45.5202 1.8293 30.2752 -19.2336 -34.9240 -43.8195 -31.3984 19.5098 1.5676 -30.5554 -40.6848 -45.2093 8.2355 33.1732 -23.0185 -36.6071 -45.0513 -44.2151 -45.0513 -36.6071 -23.0185 33.1732 8.2355 -45.2093 -40.6848 -30.5554 1.5676 19.5098 -31.3984 -43.8195 -34.9240 -19.2336 30.2752 1.8293 -45.5202 -39.0475 -27.4526 23.8447 14.6982 -40.6701 -42.6567 -33.1754 -14.4957 26.0828 -7.6484 -45.0979 -37.6511 -24.9509 31.8565 11.5224 -43.5997 -41.8852 -32.2515 -11.4776 24.4708 -11.7340 -44.9795 -37.4726 -24.8749 31.5495 12.1142 -42.8788 -42.2457 -32.8289 -14.0686 26.3092 -5.4860 -43.8861
-5.0527 26.9773 -14.9412 -33.0869 -42.4344 -42.2731 12.7383 30.6433 -25.2842 -37.6799 -45.0545 -10.1031 24.8911 -12.0940 -32.3693 -41.9520 -43.4915 11.5962 31.8565 -24.9001 -37.5990 -45.0703 -8.4834 25.7575 -13.9878 -33.0107 -42.5280 -41.2846 14.1887 25.6968 -27.0744 -38.8412 -45.4722 0.7656 29.6915 -18.6535 -34.6766 -43.6688 -33.1365 18.8068 4.5457 -30.2133 -40.4668 -45.3581 7.5037 33.0511 -22.6017 -36.4780 -44.6828 -24.4904 11.1728 -24.4904 -44.6828 -36.4780 -22.6017 33.0511 7.5037 -45.3581 -40.4668 -30.2133 4.5457 18.8068 -33.1365 -43.6688 -34.6766 -18.6535 29.6915 0.7656 -45.4722 -38.8412 -27.0744 25.6968 14.1887 -41.2846 -42.5280 -33.0107 -13.9878 25.7575 -8.4834 -45.0703 -37.5990 -24.9001 31.8565 11.5962 -43.4915 -41.9520 -32.3693 -12.0940 24.8911 -10.1031 -45.0545 -37.6799 -25.2842 30.6433 12.7383 -42.2731 -42.4344 -33.0869 -14.9412 26.9773 -5.0527
27.2897 -15.7510 -33.3452 -42.6182 -41.5729 13.3780 29.4327 -25.7146 -37.9036 -45.1332 -8.3341 25.3989 -12.8435 -32.5332 -42.0581 -43.2720 11.8114 31.6855 -24.9509 -37.5990 -45.0612 -8.9232 25.5542 -13.6148 -32.8845 -42.4228 -41.7579 13.7463 27.1439 -26.7296 -38.6509 -45.4235 -0.3116 29.1232 -18.0741 -34.4376 -43.5177 -34.6968 18.1185 7.7559 -29.7827 -40.2479 -45.4672 6.7350 32.8170 -22.1278 -36.2618 -44.5505 -21.3679 20.3632 32.4176 20.3632 -21.3679 -44.5505 -36.2618 -22.1278 32.8170 6.7350 -45.4672 -40.2479 -29.7827 7.7559 18.1185 -34.6968 -43.5177 -34.4376 -18.0741 29.1232 -0.3116 -45.4235 -38.6509 -26.7296 27.1439 13.7463 -41.7579 -42.4228 -32.8845 -13.6148 25.5542 -8.9232 -45.0612 -37.5990 -24.9509 31.6855 11.8114 -43.2720 -42.0581 -32.5332 -12.8435 25.3989 -8.3341 -45.1332 -37.9036 -25.7146 29.4327 13.3780 -41.5729 -42.6182 -33.3452 -15.7510 27.2897
-15.9646 -33.6038 -42.7990 -40.7773 14.0216 27.8910 -26.1562 -38.1360 -45.2106 -6.5328 25.9670 -13.6474 -32.7329 -42.1940 -42.9408 12.1529 31.3190 -25.0982 -37.6511 -45.0703 -8.9232 25.4857 -13.4150 -32.8057 -42.3496 -42.0927 13.3913 28.2139 -26.4307 -38.4815 -45.3751 -1.3835 28.5912 -17.5032 -34.2097 -43.3688 -36.0648 17.4630 11.0340 -29.3455 -40.0292 -45.5402 5.9341 32.4871 -21.6284 -36.0228 -44.4264 -22.4319 21.7897 -1.2732 -25.1070 -1.2732 21.7897 -22.4319 -44.4264 -36.0228 -21.6284 32.4871 5.9341 -45.5402 -40.0292 -29.3455 11.0340 17.4630 -36.0648 -43.3688 -34.2097 -17.5032 28.5912 -1.3835 -45.3751 -38.4815 -26.4307 28.2139 13.3913 -42.0927 -42.3496 -32.8057 -13.4150 25.4857 -8.9232 -45.0703 -37.6511 -25.0982 31.3190 12.1529 -42.9408 -42.1940 -32.7329 -13.6474 25.9670 -6.5328 -45.2106 -38.1360 -26.1562 27.8910 14.0216 -40.7773 -42.7990 -33.6038 -15.9646
-31.9798 -42.9785 -39.8730 14.6641 26.0166 -26.6014 -38.3724 -45.2855 -4.7882 26.5775 -14.4658 -32.9568 -42.3494 -42.4917 12.5958 30.7209 -25.3318 -37.7516 -45.0979 -8.4834 25.5542 -13.4150 -32.7788 -42.3106 -42.2926 13.1413 28.9521 -26.1890 -38.3376 -45.3298 -2.4068 28.1003 -16.9543 -33.9961 -43.2258 -37.2393 16.8446 14.2100 -28.9214 -39.8125 -45.5802 5.1018 32.0802 -21.1131 -35.7757 -44.2978 -24.4431 21.5224 -4.7139 -30.5567 -37.3097 -30.5567 -4.7139 21.5224 -24.4431 -44.2978 -35.7757 -21.1131 32.0802 5.1018 -45.5802 -39.8125 -28.9214 14.2100 16.8446 -37.2393 -43.2258 -33.9961 -16.9543 28.1003 -2.4068 -45.3298 -38.3376 -26.1890 28.9521 13.1413 -42.2926 -42.3106 -32.7788 -13.4150 25.5542 -8.4834 -45.0979 -37.7516 -25.3318 30.7209 12.5958 -42.4917 -42.3494 -32.9568 -14.4658 26.5775 -4.7882 -45.2855 -38.3724 -26.6014 26.0166 14.6641 -39.8730 -42.9785 -31.9798
-41.5249 -38.8574 15.3126 23.7989 -27.0435 -38.6083 -45.3549 -3.1647 27.2190 -15.2727 -33.1971 -42.5179 -41.9259 13.1120 29.8460 -25.6344 -37.8952 -45.1427 -7.6484 25.7575 -13.6148 -32.8057 -42.3106 -42.3601 13.0115 29.3799 -26.0180 -38.2266 -45.2920 -3.3228 27.6715 -16.4452 -33.8027 -43.0898 -38.2333 16.2791 17.0803 -28.5159 -39.6009 -45.5918 4.2424 31.6162 -20.5890 -35.5279 -44.1657 -26.6020 20.9925 -3.8225 -30.9825 -40.8407 -46.1505 -40.8407 -30.9825 -3.8225 20.9925 -26.6020 -44.1657 -35.5279 -20.5890 31.6162 4.2424 -45.5918 -39.6009 -28.5159 17.0803 16.2791 -38.2333 -43.0898 -33.8027 -16.4452 27.6715 -3.3228 -45.2920 -38.2266 -26.0180 29.3799 13.0115 -42.3601 -42.3106 -32.8057 -13.6148 25.7575 -7.6484 -45.1427 -37.8952 -25.6344 29.8460 13.1120 -41.9259 -42.5179 -33.1971 -15.2727 27.2190 -3.1647 -45.3549 -38.6083 -27.0435 23.7989 15.3126 -38.8574 -41.5249
-37.8183 15.9782 21.2212 -27.4837 -38.8439 -45.4182 -1.6856 27.8671 -16.0499 -33.4479 -42.6932 -41.2412 13.6809 28.6510 -25.9858 -38.0699 -45.1980 -6.5146 26.0828 -13.9878 -32.8845 -42.3496 -42.2926 13.0115 29.5160 -25.9296 -38.1562 -45.2640 -4.0594 27.3307 -16.0040 -33.6366 -42.9678 -39.0562 15.7649 19.5632 -28.1421 -39.4009 -45.5800 3.3639 31.1201 -20.0625 -35.2849 -44.0278 -28.6810 20.4044 -1.9073 -30.8710 -40.8898 -45.6492 -14.9802 -45.6492 -40.8898 -30.8710 -1.9073 20.4044 -28.6810 -44.0278 -35.2849 -20.0625 31.1201 3.3639 -45.5800 -39.4009 -28.1421 19.5632 15.7649 -39.0562 -42.9678 -33.6366 -16.0040 27.3307 -4.0594 -45.2640 -38.1562 -25.9296 29.5160 13.0115 -42.2926 -42.3496 -32.8845 -13.9878 26.0828 -6.5146 -45.1980 -38.0699 -25.9858 28.6510 13.6809 -41.2412 -42.6932 -33.4479 -16.0499 27.8671 -1.6856 -45.4182 -38.8439 -27.4837 21.2212 15.9782 -37.8183
16.1787 18.3044 -27.9256 -39.0767 -45.4764 -0.3375 28.5107 -16.7840 -33.7034 -42.8697 -40.4286 14.2883 27.0973 -26.3743 -38.2671 -45.2580 -5.2088 26.5058 -14.4957 -33.0107 -42.4228 -42.0927 13.1413 29.3799 -25.9296 -38.1321 -45.2486 -4.5415 27.0897 -15.6606 -33.5041 -42.8663 -39.7029 15.3145 21.6335 -27.8020 -39.2156 -45.5509 2.4842 30.6112 -19.5411 -35.0486 -43.8879 -30.5881 19.7891 0.4880 -30.6463 -40.7442 -45.2557 6.0692 22.4389 6.0692 -45.2557 -40.7442 -30.6463 0.4880 19.7891 -30.5881 -43.8879 -35.0486 -19.5411 30.6112 2.4842 -45.5509 -39.2156 -27.8020 21.6335 15.3145 -39.7029 -42.8663 -33.5041 -15.6606 27.0897 -4.5415 -45.2486 -38.1321 -25.9296 29.3799 13.1413 -42.0927 -42.4228 -33.0107 -14.4957 26.5058 -5.2088 -45.2580 -38.2671 -26.3743 27.0973 14.2883 -40.4286 -42.8697 -33.7034 -16.7840 28.5107 -0.3375 -45.4764 -39.0767 -27.9256 18.3044 16.1787
14.7502 -28.3693 -39.3061 -45.5283 0.8945 29.1500 -17.4743 -33.9607 -43.0443 -39.4881 14.9216 25.1536 -26.7877 -38.4812 -45.3208 -3.8300 27.0069 -15.0944 -33.1754 -42.5280 -41.7579 13.3913 28.9521 -26.0180 -38.1562 -45.2486 -4.7114 26.9633 -15.4372 -33.4113 -42.7876 -40.1851 14.9468 23.2540 -27.5023 -39.0480 -45.5145 1.6186 30.1106 -19.0340 -34.8239 -43.7506 -32.2967 19.1380 3.1926 -30.3641 -40.5493 -45.3281 7.2050 32.1708 -7.9992 32.1708 7.2050 -45.3281 -40.5493 -30.3641 3.1926 19.1380 -32.2967 -43.7506 -34.8239 -19.0340 30.1106 1.6186 -45.5145 -39.0480 -27.5023 23.2540 14.9468 -40.1851 -42.7876 -33.4113 -15.4372 26.9633 -4.7114 -45.2486 -38.1562 -26.0180 28.9521 13.3913 -41.7579 -42.5280 -33.1754 -15.0944 27.0069 -3.8300 -45.3208 -38.4812 -26.7877 25.1536 14.9216 -39.4881 -43.0443 -33.9607 -17.4743 29.1500 0.8945 -45.5283 -39.3061 -28.3693 14.7502
-27.0646 -39.5354 -45.5694 2.0198 29.7804 -18.1310 -34.2162 -43.2167 -38.4213 15.5683 22.8205 -27.2188 -38.7047 -45.3829 -2.4487 27.5603 -15.7441 -33.3703 -42.6567 -41.2846 13.7463 28.2139 -26.1890 -38.2266 -45.2640 -4.5415 26.9633 -15.3597 -33.3619 -42.7358 -40.5093 14.6664 24.4547 -27.2539 -38.9042 -45.4791 0.7984 29.6414 -18.5477 -34.6142 -43.6177 -33.7840 18.4958 6.0958 -29.9950 -40.3447 -45.4296 6.9043 32.7242 -20.7125 -31.4639 -20.7125 32.7242 6.9043 -45.4296 -40.3447 -29.9950 6.0958 18.4958 -33.7840 -43.6177 -34.6142 -18.5477 29.6414 0.7984 -45.4791 -38.9042 -27.2539 24.4547 14.6664 -40.5093 -42.7358 -33.3619 -15.3597 26.9633 -4.5415 -45.2640 -38.2266 -26.1890 28.2139 13.7463 -41.2846 -42.6567 -33.3703 -15.7441 27.5603 -2.4487 -45.3829 -38.7047 -27.2188 22.8205 15.5683 -38.4213 -43.2167 -34.2162 -18.1310 29.7804 2.0198 -45.5694 -39.5354 -27.0646
-38.0008 -45.5931 3.0563 30.3901 -18.7577 -34.4699 -43.3835 -37.2236 16.2249 20.1197 -27.6585 -38.9344 -45.4420 -1.1053 28.1518 -16.4099 -33.5870 -42.8020 -40.6701 14.1887 27.1439 -26.4307 -38.3376 -45.2920 -4.0594 27.0897 -15.4372 -33.3619 -42.7171 -40.6727 14.4878 25.2528 -27.0643 -38.7876 -45.4477 0.0569 29.2263 -18.0999 -34.4224 -43.4913 -35.0513 17.9062 9.0133 -29.5911 -40.1432 -45.5096 6.2665 32.5791 -21.4749 -35.4089 -41.9185 -35.4089 -21.4749 32.5791 6.2665 -45.5096 -40.1432 -29.5911 9.0133 17.9062 -35.0513 -43.4913 -34.4224 -18.0999 29.2263 0.0569 -45.4477 -38.7876 -27.0643 25.2528 14.4878 -40.6727 -42.7171 -33.3619 -15.4372 27.0897 -4.0594 -45.2920 -38.3376 -26.4307 27.1439 14.1887 -40.6701 -42.8020 -33.5870 -16.4099 28.1518 -1.1053 -45.4420 -38.9344 -27.6585 20.1197 16.2249 -37.2236 -43.3835 -34.4699 -18.7577 30.3901 3.0563 -45.5931 -38.0008
-44.4074 4.0265 30.9685 -19.3547 -34.7239 -43.5434 -35.8934 16.8923 17.0953 -28.0985 -39.1673 -45.4970 0.1649 28.7711 -17.0784 -33.8196 -42.9567 -39.9134 14.6982 25.6968 -26.7296 -38.4815 -45.3298 -3.3228 27.3307 -15.6606 -33.4113 -42.7358 -40.6727 14.4263 25.6426 -26.9451 -38.7052 -45.4222 -0.5742 28.8773 -17.7089 -34.2548 -43.3764 -36.1215 17.3714 11.7734 -29.2145 -39.9499 -45.5607 5.5426 32.2718 -21.2612 -35.7206 -44.5265 -45.7385 -44.5265 -35.7206 -21.2612 32.2718 5.5426 -45.5607 -39.9499 -29.2145 11.7734 17.3714 -36.1215 -43.3764 -34.2548 -17.7089 28.8773 -0.5742 -45.4222 -38.7052 -26.9451 25.6426 14.4263 -40.6727 -42.7358 -33.4113 -15.6606 27.3307 -3.3228 -45.3298 -38.4815 -26.7296 25.6968 14.6982 -39.9134 -42.9567 -33.8196 -17.0784 28.7711 0.1649 -45.4970 -39.1673 -28.0985 17.0953 16.8923 -35.8934 -43.5434 -34.7239 -19.3547 30.9685 4.0265 -44.4074
4.1871 31.5085 -19.9269 -34.9781 -43.6994 -34.4215 17.5673 13.8222 -28.5412 -39.3975 -45.5462 1.3441 29.3982 -17.7395 -34.0643 -43.1180 -39.0048 15.2566 23.8447 -27.0744 -38.6509 -45.3751 -2.4068 27.6715 -16.0040 -33.5041 -42.7876 -40.5093 14.4878 25.6426 -26.9052 -38.6625 -45.4052 -1.0338 28.6082 -17.3846 -34.1159 -43.2779 -36.9921 16.8988 14.2798 -28.8685 -39.7672 -45.5862 4.8026 31.8929 -20.8522 -35.6129 -44.2346 -31.7453 8.9133 -31.7453 -44.2346 -35.6129 -20.8522 31.8929 4.8026 -45.5862 -39.7672 -28.8685 14.2798 16.8988 -36.9921 -43.2779 -34.1159 -17.3846 28.6082 -1.0338 -45.4052 -38.6625 -26.9052 25.6426 14.4878 -40.5093 -42.7876 -33.5041 -16.0040 27.6715 -2.4068 -45.3751 -38.6509 -27.0744 23.8447 15.2566 -39.0048 -43.1180 -34.0643 -17.7395 29.3982 1.3441 -45.5462 -39.3975 -28.5412 13.8222 17.5673 -34.4215 -43.6994 -34.9781 -19.9269 31.5085 4.1871
31.5768 -20.4817 -35.2304 -43.8524 -32.7915 18.2522 10.4382 -28.9861 -39.6241 -45.5809 2.4383 30.0206 -18.3792 -34.3165 -43.2825 -37.9393 15.8584 21.5751 -27.4526 -38.8412 -45.4235 -1.3835 28.1003 -16.4452 -33.6366 -42.8663 -40.1851 14.6664 25.2528 -26.9451 -38.6625 -45.3993 -1.2736 28.4406 -17.1526 -34.0115 -43.1986 -37.6607 16.5039 16.4068 -28.5602 -39.5995 -45.5917 4.0705 31.4834 -20.4052 -35.4223 -44.1037 -29.1338 18.1157 32.8137 18.1157 -29.1338 -44.1037 -35.4223 -20.4052 31.4834 4.0705 -45.5917 -39.5995 -28.5602 16.4068 16.5039 -37.6607 -43.1986 -34.0115 -17.1526 28.4406 -1.2736 -45.3993 -38.6625 -26.9451 25.2528 14.6664 -40.1851 -42.8663 -33.6366 -16.4452 28.1003 -1.3835 -45.4235 -38.8412 -27.4526 21.5751 15.8584 -37.9393 -43.2825 -34.3165 -18.3792 30.0206 2.4383 -45.5809 -39.6241 -28.9861 10.4382 18.2522 -32.7915 -43.8524 -35.2304 -20.4817 31.5768
-20.2040 -35.4816 -43.9992 -30.9999 18.9550 7.0858 -29.4308 -39.8498 -45.5915 3.4473 30.6227 -18.9933 -34.5707 -43.4469 -36.7168 16.4926 18.8787 -27.8580 -39.0475 -45.4722 -0.3116 28.5912 -16.9543 -33.8027 -42.9678 -39.7029 14.9468 24.4547 -27.0643 -38.7052 -45.4052 -1.2736 28.3833 -17.0346 -33.9471 -43.1406 -38.1346 16.2002 18.0521 -28.3012 -39.4531 -45.5828 3.3695 31.0729 -19.9671 -35.2204 -43.9812 -29.7979 19.5416 9.0375 -23.4070 9.0375 19.5416 -29.7979 -43.9812 -35.2204 -19.9671 31.0729 3.3695 -45.5828 -39.4531 -28.3012 18.0521 16.2002 -38.1346 -43.1406 -33.9471 -17.0346 28.3833 -1.2736 -45.4052 -38.7052 -27.0643 24.4547 14.9468 -39.7029 -42.9678 -33.8027 -16.9543 28.5912 -0.3116 -45.4722 -39.0475 -27.8580 18.8787 16.4926 -36.7168 -43.4469 -34.5707 -18.9933 30.6227 3.4473 -45.5915 -39.8498 -29.4308 7.0858 18.9550 -30.9999 -43.9992 -35.4816 -20.2040
-33.8891 -44.1403 -29.0575 19.6533 3.8904 -29.8769 -40.0748 -45.5747 4.3859 31.1873 -19.5832 -34.8233 -43.6070 -35.3303 17.1536 15.8179 -28.2804 -39.2650 -45.5202 0.7656 29.1232 -17.5032 -33.9961 -43.0898 -39.0562 15.3145 23.2540 -27.2539 -38.7876 -45.4222 -1.0338 28.4406 -17.0346 -33.9249 -43.1103 -38.4197 15.9871 19.2315 -28.1013 -39.3340 -45.5660 2.7378 30.6870 -19.5583 -35.0310 -43.8643 -31.1159 19.4395 3.6446 -29.3931 -36.4152 -29.3931 3.6446 19.4395 -31.1159 -43.8643 -35.0310 -19.5583 30.6870 2.7378 -45.5660 -39.3340 -28.1013 19.2315 15.9871 -38.4197 -43.1103 -33.9249 -17.0346 28.4406 -1.0338 -45.4222 -38.7876 -27.2539 23.2540 15.3145 -39.0562 -43.0898 -33.9961 -17.5032 29.1232 0.7656 -45.5202 -39.2650 -28.2804 15.8179 17.1536 -35.3303 -43.6070 -34.8233 -19.5832 31.1873 4.3859 -45.5747 -40.0748 -29.8769 3.8904 19.6533 -29.0575 -44.1403 -33.8891
-42.7426 -26.9713 20.3008 0.9659 -30.2896 -40.2964 -45.5274 5.2711 31.7055 -20.1483 -35.0762 -43.7600 -33.7956 17.8358 12.5105 -28.7148 -39.4892 -45.5626 1.8293 29.6915 -18.0741 -34.2097 -43.2258 -38.2333 15.7649 21.6335 -27.5023 -38.9042 -45.4477 -0.5742 28.6082 -17.1526 -33.9471 -43.1103 -38.5168 15.8735 19.9545 -27.9594 -39.2457 -45.5475 2.2002 30.3486 -19.1918 -34.8623 -43.7565 -32.4038 19.0001 4.4410 -29.9996 -40.0620 -45.6765 -40.0620 -29.9996 4.4410 19.0001 -32.4038 -43.7565 -34.8623 -19.1918 30.3486 2.2002 -45.5475 -39.2457 -27.9594 19.9545 15.8735 -38.5168 -43.1103 -33.9471 -17.1526 28.6082 -0.5742 -45.4477 -38.9042 -27.5023 21.6335 15.7649 -38.2333 -43.2258 -34.2097 -18.0741 29.6915 1.8293 -45.5626 -39.4892 -28.7148 12.5105 17.8358 -33.7956 -43.7600 -35.0762 -20.1483 31.7055 5.2711 -45.5274 -40.2964 -30.2896 0.9659 20.3008 -26.9713 -42.7426
-25.9741 20.9323 -1.6205 -30.6119 -40.5138 -45.4468 6.1103 32.1697 -20.6929 -35.3292 -43.9089 -32.1106 18.5292 9.1039 -29.1591 -39.7144 -45.5882 2.8525 30.2752 -18.6535 -34.4376 -43.3688 -37.2393 16.2791 19.5632 -27.8020 -39.0480 -45.4791 0.0569 28.8773 -17.3846 -34.0115 -43.1406 -38.4197 15.8735 20.1973 -27.8847 -39.1895 -45.5322 1.7841 30.0752 -18.8847 -34.7181 -43.6618 -33.5075 18.5335 6.3707 -29.8672 -40.2003 -45.9532 -23.0193 -45.9532 -40.2003 -29.8672 6.3707 18.5335 -33.5075 -43.6618 -34.7181 -18.8847 30.0752 1.7841 -45.5322 -39.1895 -27.8847 20.1973 15.8735 -38.4197 -43.1406 -34.0115 -17.3846 28.8773 0.0569 -45.4791 -39.0480 -27.8020 19.5632 16.2791 -37.2393 -43.3688 -34.4376 -18.6535 30.2752 2.8525 -45.5882 -39.7144 -29.1591 9.1039 18.5292 -32.1106 -43.9089 -35.3292 -20.6929 32.1697 6.1103 -45.4468 -40.5138 -30.6119 -1.6205 20.9323 -25.9741
21.1505 -3.8835 -30.8791 -40.7299 -45.3297 6.9059 32.5660 -21.2229 -35.5803 -44.0546 -30.2614 19.2355 5.7947 -29.6067 -39.9381 -45.5884 3.8251 30.8497 -19.2336 -34.6766 -43.5177 -36.0648 16.8446 17.0803 -28.1421 -39.2156 -45.5145 0.7984 29.2263 -17.7089 -34.1159 -43.1986 -38.1346 15.9871 19.9545 -27.8847 -39.1698 -45.5242 1.5209 29.8835 -18.6539 -34.6038 -43.5824 -34.3995 18.1154 8.4343 -29.6086 -40.1113 -45.5467 3.3696 20.4589 3.3696 -45.5467 -40.1113 -29.6086 8.4343 18.1154 -34.3995 -43.5824 -34.6038 -18.6539 29.8835 1.5209 -45.5242 -39.1698 -27.8847 19.9545 15.9871 -38.1346 -43.1986 -34.1159 -17.7089 29.2263 0.7984 -45.5145 -39.2156 -28.1421 17.0803 16.8446 -36.0648 -43.5177 -34.6766 -19.2336 30.8497 3.8251 -45.5884 -39.9381 -29.6067 5.7947 19.2355 -30.2614 -44.0546 -35.5803 -21.2229 32.5660 6.9059 -45.3297 -40.7299 -30.8791 -3.8835 21.1505
-5.6643 -31.1456 -40.9449 -45.1720 7.6659 32.8776 -21.7394 -35.8293 -44.1938 -28.2506 19.9136 2.7109 -30.0549 -40.1606 -45.5600 4.7425 31.3978 -19.8062 -34.9240 -43.6688 -34.6968 17.4630 14.2100 -28.5159 -39.4009 -45.5509 1.6186 29.6414 -18.0999 -34.2548 -43.2779 -37.6607 16.2002 19.2315 -27.9594 -39.1895 -45.5242 1.4299 29.7866 -18.5096 -34.5262 -43.5216 -35.0723 17.7734 10.2686 -29.3516 -39.9856 -45.5624 4.8856 30.6276 -2.0955 30.6276 4.8856 -45.5624 -39.9856 -29.3516 10.2686 17.7734 -35.0723 -43.5216 -34.5262 -18.5096 29.7866 1.4299 -45.5242 -39.1895 -27.9594 19.2315 16.2002 -37.6607 -43.2779 -34.2548 -18.0999 29.6414 1.6186 -45.5509 -39.4009 -28.5159 14.2100 17.4630 -34.6968 -43.6688 -34.9240 -19.8062 31.3978 4.7425 -45.5600 -40.1606 -30.0549 2.7109 19.9136 -28.2506 -44.1938 -35.8293 -21.7394 32.8776 7.6659 -45.1720 -40.9449 -31.1456 -5.6643
-29.4624 -41.1579 -44.9695 8.4009 33.0897 -22.2410 -36.0786 -44.3253 -26.0989 20.5437 -0.0815 -30.4310 -40.3824 -45.5000 5.6042 31.8965 -20.3655 -35.1752 -43.8195 -33.1365 18.1185 11.0340 -28.9214 -39.6009 -45.5800 2.4842 30.1106 -18.5477 -34.4224 -43.3764 -36.9921 16.5039 18.0521 -28.1013 -39.2457 -45.5322 1.5209 29.7866 -18.4592 -34.4873 -43.4847 -35.5125 17.5212 11.7371 -29.1357 -39.8697 -45.5796 4.8153 31.5970 -19.1149 -30.6810 -19.1149 31.5970 4.8153 -45.5796 -39.8697 -29.1357 11.7371 17.5212 -35.5125 -43.4847 -34.4873 -18.4592 29.7866 1.5209 -45.5322 -39.2457 -28.1013 18.0521 16.5039 -36.9921 -43.3764 -34.4224 -18.5477 30.1106 2.4842 -45.5800 -39.6009 -28.9214 11.0340 18.1185 -33.1365 -43.8195 -35.1752 -20.3655 31.8965 5.6042 -45.5000 -40.3824 -30.4310 -0.0815 20.5437 -26.0989 -44.3253 -36.0786 -22.2410 33.0897 8.4009 -44.9695 -41.1579 -29.4624
-39.6516 -44.7216 9.1149 33.1853 -22.7304 -36.3279 -44.4521 -23.8210 21.1628 -2.5487 -30.7164 -40.6005 -45.4052 6.4246 32.3334 -20.9044 -35.4268 -43.9667 -31.3984 18.8068 7.7559 -29.3455 -39.8125 -45.5918 3.3639 30.6112 -19.0340 -34.6142 -43.4913 -36.1215 16.8988 16.4068 -28.3012 -39.3340 -45.5475 1.7841 29.8835 -18.5096 -34.4873 -43.4726 -35.7283 17.3677 12.7471 -28.9745 -39.7735 -45.5888 4.4590 31.5667 -20.1426 -34.7240 -41.2684 -34.7240 -20.1428 31.5667 4.4593 -45.5888 -39.7735 -28.9745 12.7471 17.3677 -35.7283 -43.4726 -34.4873 -18.5096 29.8835 1.7841 -45.5475 -39.3340 -28.3012 16.4068 16.8988 -36.1215 -43.4913 -34.6142 -19.0340 30.6112 3.3639 -45.5918 -39.8125 -29.3455 7.7559 18.8068 -31.3984 -43.9667 -35.4268 -20.9044 32.3334 6.4246 -45.4052 -40.6005 -30.7164 -2.5487 21.1628 -23.8210 -44.4521 -36.3279 -22.7304 33.1853 9.1149 -44.7216 -39.6516
-43.6096 9.8143 33.1425 -23.2122 -36.5751 -44.5751 -21.4294 21.7852 -4.6913 -30.9825 -40.8143 -45.2725 7.2095 32.6981 -21.4262 -35.6786 -44.1081 -29.4944 19.5098 4.5457 -29.7827 -40.0292 -45.5802 4.2424 31.1201 -19.5411 -34.8239 -43.6177 -35.0513 17.3714 14.2798 -28.5602 -39.4531 -45.5660 2.2002 30.0752 -18.6539 -34.5262 -43.4847 -35.7283 17.3170 13.2551 -28.8753 -39.7061 -45.5919 4.1046 31.3846 -20.1382 -35.1438 -44.1166 -46.3728 -44.1167 -35.1446 -20.1398 31.3852 4.1050 -45.5918 -39.7060 -28.8753 13.2551 17.3170 -35.7283 -43.4847 -34.5262 -18.6539 30.0752 2.2002 -45.5660 -39.4531 -28.5602 14.2798 17.3714 -35.0513 -43.6177 -34.8239 -19.5411 31.1201 4.2424 -45.5802 -40.0292 -29.7827 4.5457 19.5098 -29.4944 -44.1081 -35.6786 -21.4262 32.6981 7.2095 -45.2725 -40.8143 -30.9825 -4.6913 21.7852 -21.4294 -44.5751 -36.5751 -23.2122 33.1425 9.8143 -43.6096
9.9330 32.9381 -23.6869 -36.8200 -44.6912 -18.9654 22.4156 -6.5528 -31.2484 -41.0265 -45.0984 7.9599 32.9741 -21.9363 -35.9284 -44.2462 -27.4289 20.1663 1.5676 -30.2133 -40.2479 -45.5402 5.1018 31.6162 -20.0625 -35.0486 -43.7506 -33.7840 17.9062 11.7734 -28.8685 -39.5995 -45.5828 2.7378 30.3486 -18.8847 -34.6038 -43.5216 -35.5125 17.3677 13.2551 -28.8424 -39.6718 -45.5921 3.8429 31.2159 -19.9774 -35.1490 -43.9333 -35.3293 7.3279 -35.3229 -43.9346 -35.1509 -19.9808 31.2139 3.8379 -45.5918 -39.6721 -28.8424 13.2551 17.3677 -35.5125 -43.5216 -34.6038 -18.8847 30.3486 2.7378 -45.5828 -39.5995 -28.8685 11.7734 17.9062 -33.7840 -43.7506 -35.0486 -20.0625 31.6162 5.1018 -45.5402 -40.2479 -30.2133 1.5676 20.1663 -27.4289 -44.2462 -35.9284 -21.9363 32.9741 7.9599 -45.0984 -41.0265 -31.2484 -6.5528 22.4156 -18.9654 -44.6912 -36.8200 -23.6869 32.9381 9.9330
32.0169 -24.1550 -37.0649 -44.7993 -16.4933 23.0526 -8.1870 -31.5123 -41.2376 -44.8777 8.6823 33.1427 -22.4355 -36.1761 -44.3775 -25.2146 20.7841 -1.0846 -30.5554 -40.4668 -45.4672 5.9341 32.0802 -20.5890 -35.2849 -43.8879 -32.2967 18.4958 9.0133 -29.2145 -39.7672 -45.5917 3.3695 30.6870 -19.1918 -34.7181 -43.5824 -35.0723 17.5212 12.7471 -28.8753 -39.6718 -45.5918 3.7083 31.1030 -19.8309 -35.0908 -43.8747 -32.4985 16.8600 32.3009 16.8740 -32.4756 -43.8733 -35.1000 -19.8419 31.0982 3.6970 -45.5916 -39.6720 -28.8753 12.7471 17.5212 -35.0723 -43.5824 -34.7181 -19.1918 30.6870 3.3695 -45.5917 -39.7672 -29.2145 9.0133 18.4958 -32.2967 -43.8879 -35.2849 -20.5890 32.0802 5.9341 -45.4672 -40.4668 -30.5554 -1.0846 20.7841 -25.2146 -44.3775 -36.1761 -22.4355 33.1427 8.6823 -44.8777 -41.2376 -31.5123 -8.1870 23.0526 -16.4933 -44.7993 -37.0649 -24.1550 32.0169
-23.4576 -37.3103 -44.9033 -14.0645 23.6906 -9.6280 -31.7744 -41.4444 -44.6061 9.3862 33.1863 -22.9217 -36.4243 -44.5010 -22.8875 21.4076 -3.4187 -30.8216 -40.6848 -45.3581 6.7350 32.4871 -21.1131 -35.5279 -44.0278 -30.5881 19.1380 6.0958 -29.5911 -39.9499 -45.5862 4.0705 31.0729 -19.5583 -34.8623 -43.6618 -34.3995 17.7734 11.7371 -28.9745 -39.7061 -45.5919 3.7073 31.1212 -19.6839 -34.9758 -43.8157 -32.3502 18.5523 14.8779 -22.3889 14.7341 18.4836 -32.1160 -43.8158 -35.0392 -19.7849 31.0287 3.7508 -45.5919 -39.7056 -28.9745 11.7371 17.7734 -34.3995 -43.6618 -34.8623 -19.5583 31.0729 4.0705 -45.5862 -39.9499 -29.5911 6.0958 19.1380 -30.5881 -44.0278 -35.5279 -21.1131 32.4871 6.7350 -45.3581 -40.6848 -30.8216 -3.4187 21.4076 -22.8875 -44.5010 -36.4243 -22.9217 33.1863 9.3862 -44.6061 -41.4444 -31.7744 -9.6280 23.6906 -14.0645 -44.9033 -37.3103 -23.4576
-35.7430 -45.0033 -11.7178 24.3316 -10.9032 -32.0364 -41.6473 -44.2800 10.0730 33.0841 -23.3977 -36.6716 -44.6207 -20.4766 22.0326 -5.4524 -31.0861 -40.8988 -45.2093 7.5037 32.8170 -21.6284 -35.7757 -44.1657 -28.6810 19.7891 3.1926 -29.9950 -40.1432 -45.5607 4.8026 31.4834 -19.9671 -35.0310 -43.7565 -33.5075 18.1154 10.2686 -29.1357 -39.7735 -45.5918 3.8416 31.0991 -19.7654 -35.0649 -43.8397 -32.3044 18.7537 7.7094 -28.7199 -35.9830 -28.7663 8.2815 18.6639 -32.1299 -43.8519 -35.0016 -19.7514 31.0529 3.8157 -45.5918 -39.7733 -29.1357 10.2686 18.1154 -33.5075 -43.7565 -35.0310 -19.9671 31.4834 4.8026 -45.5607 -40.1432 -29.9950 3.1926 19.7891 -28.6810 -44.1657 -35.7757 -21.6284 32.8170 7.5037 -45.2093 -40.8988 -31.0861 -5.4524 22.0326 -20.4766 -44.6207 -36.6716 -23.3977 33.0841 10.0730 -44.2800 -41.6473 -32.0364 -10.9032 24.3316 -11.7178 -45.0033 -35.7430
-43.6814 -9.5114 24.9759 -12.0377 -32.2950 -41.8460 -43.8967 10.7370 32.8161 -23.8630 -36.9147 -44.7350 -18.0346 22.6571 -7.2031 -31.3477 -41.1085 -45.0195 8.2355 33.0511 -22.1278 -36.0228 -44.2978 -26.6020 20.4044 0.4880 -30.3641 -40.3447 -45.5096 5.5426 31.8929 -20.4052 -35.2204 -43.8643 -32.4038 18.5335 8.4343 -29.3516 -39.8697 -45.5888 4.1042 31.2114 -19.8265 -35.0201 -43.8836 -32.6209 18.6788 6.6729 -29.5537 -39.7994 -45.4744 -39.7317 -29.4849 7.4315 18.6799 -32.4431 -43.8001 -35.0434 -19.7895 31.2047 4.1025 -45.5888 -39.8697 -29.3516 8.4343 18.5335 -32.4038 -43.8643 -35.2204 -20.4052 31.8929 5.5426 -45.5096 -40.3447 -30.3641 0.4880 20.4044 -26.6020 -44.2978 -36.0228 -22.1278 33.0511 8.2355 -45.0195 -41.1085 -31.3477 -7.2031 22.6571 -18.0346 -44.7350 -36.9147 -23.8630 32.8161 10.7370 -43.8967 -41.8460 -32.2950 -12.0377 24.9759 -9.5114 -43.6814
