-26.3426 -48.7831 -1.5830 -41.4441 19.8823 -32.6038 -33.9019 -21.1921 -46.7235 33.5205 -37.6312 7.4102 -27.9970 -48.5088 -9.0724 -42.4932 22.8434 -33.6771 -23.9555 -22.8045 -47.5743 32.3318 -38.5506 10.7519 -29.1434 -47.4451 -13.7400 -43.5897 26.0143 -34.7433 -12.1602 -24.2650 -48.2676 26.2617 -39.4766 13.7711 -30.2795 -45.1878 -16.8408 -44.6644 29.1568 -35.7499 -2.8778 -25.5873 -48.7056 13.3516 -40.4801 17.4859 -32.5860 -19.2187 -28.5417 -17.9608 -32.7634 18.0753 -40.6717 10.1205 -48.7535 -25.8534 -1.3824 -35.9535 29.7948 -44.8894 -17.3875 -44.4990 -30.5220 14.3967 -39.6741 24.1198 -48.3862 -24.5566 -9.8614 -34.9641 26.6940 -43.8208 -14.4929 -47.0813 -29.3852 11.4125 -38.7484 31.5380 -47.7386 -23.1268 -21.4706 -33.9075 23.5096 -42.7266 -10.2647 -48.3602 -28.2411 8.1667 -37.8274 33.5527 -46.9176 -21.5579 -32.0046 -32.8391 20.5239 -41.6787 -3.7024 -48.7636 -26.6020
-48.7831 1.9208 -41.4827 20.2842 -33.2616 -31.0261 -21.8988 -46.9651 34.7976 -38.0854 8.3016 -28.8160 -48.2458 -8.3788 -42.6435 23.3436 -34.3241 -20.1650 -23.6338 -47.8028 34.2597 -38.9484 11.4483 -29.9249 -46.8372 -13.7065 -43.7803 26.5626 -35.3482 -8.8357 -25.1628 -48.4519 29.1278 -39.8015 14.3582 -31.0284 -44.0575 -17.1582 -44.8849 29.8162 -36.3017 -0.8252 -26.4972 -48.8066 17.1516 -40.6428 17.4434 -32.4961 -32.9599 -24.5085 -48.4259 -24.6710 -31.3859 -32.7111 18.0506 -40.8129 13.8188 -48.8303 -26.7577 0.4616 -36.4913 30.4866 -45.1159 -17.7632 -43.2316 -31.2638 14.9696 -39.9791 27.2062 -48.5570 -25.4629 -6.8172 -35.5589 27.2615 -44.0179 -14.5485 -46.3787 -30.1591 12.0792 -39.1328 33.6461 -47.9601 -23.9757 -17.6425 -34.5462 24.0183 -42.8853 -9.7529 -48.0352 -29.0520 9.0056 -38.2704 34.9455 -47.1584 -22.2925 -28.9152 -33.4905 20.9217 -41.7275 -0.7703 -48.7636
-1.5830 -41.4827 20.5487 -33.4206 -29.2407 -22.2724 -47.1620 34.9516 -38.3222 9.0873 -29.0801 -48.0030 -9.9376 -42.9213 24.1142 -34.5893 -17.2551 -24.0246 -47.9824 33.5345 -39.2016 12.1714 -30.1940 -46.3080 -14.6680 -44.0540 27.3613 -35.6050 -6.5212 -25.5048 -48.5712 26.8845 -40.0626 15.0601 -31.3010 -43.0950 -17.8498 -45.1504 30.5897 -36.5404 0.6453 -26.7930 -48.8328 13.3534 -40.8959 17.9881 -32.5086 -35.7460 -22.0431 -48.0215 -8.2999 -48.0938 -22.3639 -34.1238 -32.7380 18.6051 -41.0661 9.9268 -48.8315 -27.0425 1.8004 -36.7275 31.2433 -45.3776 -18.4150 -42.1510 -31.5352 15.6691 -40.2421 24.5689 -48.6591 -25.7955 -4.7047 -35.8119 28.0609 -44.2894 -15.4334 -45.7722 -30.4284 12.7929 -39.3875 32.6497 -48.1283 -24.3561 -14.7522 -34.8093 24.7964 -43.1619 -11.1361 -47.7414 -29.3164 9.7693 -38.5095 34.9658 -47.3493 -22.6540 -27.0193 -33.6492 21.1889 -41.7275 -3.7024
-41.4441 20.2842 -33.4206 -28.5282 -22.4912 -47.3020 34.9709 -38.4992 9.7747 -29.3279 -47.7157 -11.2609 -43.1915 24.8809 -34.8376 -14.4212 -24.3999 -48.1482 32.5042 -39.4118 12.8807 -30.4626 -45.6926 -15.5404 -44.3244 28.1601 -35.8420 -4.4568 -25.8359 -48.6708 24.2068 -40.2674 15.7579 -31.5699 -42.0045 -18.4961 -45.4115 31.3369 -36.7555 1.9684 -27.0791 -48.8292 9.4100 -41.0893 18.6574 -32.6974 -35.2702 -21.3464 -47.1326 30.6634 -42.9765 29.8699 -47.2832 -21.7370 -33.5294 -32.9296 19.2809 -41.2573 6.0764 -48.7998 -27.3213 3.0175 -36.9413 31.9658 -45.6341 -19.0255 -40.9304 -31.8030 16.3653 -40.4460 21.4948 -48.7394 -26.1169 -2.8300 -36.0435 28.8539 -44.5577 -16.2424 -45.0723 -30.6968 13.4956 -39.5961 31.3121 -48.2820 -24.7205 -12.0177 -35.0547 25.5675 -43.4313 -12.3262 -47.4016 -29.5641 10.4418 -38.6872 34.8603 -47.4835 -22.8651 -26.2656 -33.6492 20.9217 -41.6787
19.8823 -33.2616 -29.2407 -22.4912 -47.3535 34.9344 -38.6222 10.3038 -29.5346 -47.4151 -12.3376 -43.4452 25.6211 -35.0743 -11.7709 -24.7558 -48.2986 31.1406 -39.6194 13.5811 -30.7306 -44.9816 -16.3389 -44.5925 28.9537 -36.0722 -2.6211 -26.1543 -48.7484 21.1017 -40.4702 16.4520 -31.8373 -40.7729 -19.1006 -45.6670 32.0526 -36.9686 3.1625 -27.3545 -48.7937 5.6113 -41.2801 19.3648 -32.9416 -33.7108 -21.4472 -46.8930 35.0090 -40.0541 24.8291 -40.1431 34.8754 -47.0753 -21.8514 -31.8082 -33.1725 19.9942 -41.4454 2.5311 -48.7594 -27.5941 4.1296 -37.1536 32.6423 -45.8858 -19.6009 -39.5603 -32.0699 17.0616 -40.6458 18.0419 -48.7968 -26.4258 -1.1704 -36.2692 29.6384 -44.8233 -16.9887 -44.2671 -30.9646 14.1905 -39.8021 29.6236 -48.4191 -25.0662 -9.5219 -35.2887 26.3115 -43.6843 -13.3045 -47.0497 -29.7714 10.9575 -38.8099 34.7454 -47.5323 -22.8651 -27.0193 -33.4905 20.5239
-32.6038 -31.0261 -22.2724 -47.3020 34.9344 -38.6670 10.5920 -29.6750 -47.1530 -13.1482 -43.6647 26.2914 -35.2914 -9.4184 -25.0878 -48.4308 29.4513 -39.8228 14.2670 -30.9954 -44.1689 -17.0756 -44.8561 29.7309 -36.2969 -0.9843 -26.4617 -48.8028 17.6063 -40.6707 17.1496 -32.1042 -39.3843 -19.6728 -45.9181 32.7242 -37.1801 4.2561 -27.6258 -48.7529 2.1355 -41.4677 20.0843 -33.1996 -31.6722 -21.8044 -46.9630 34.9559 -38.8261 15.2448 -35.2082 15.5442 -38.9749 34.9984 -47.1523 -22.2012 -29.6115 -33.4286 20.7202 -41.6718 -0.5801 -48.7139 -27.8649 5.1524 -37.3658 33.2648 -46.1340 -20.1471 -38.0216 -32.3368 17.7618 -40.8439 14.2839 -48.8287 -26.7235 0.3149 -36.4885 30.4042 -45.0851 -17.6809 -43.3531 -31.2299 14.8729 -40.0036 27.5928 -48.5370 -25.3895 -7.3383 -35.5033 26.9867 -43.9031 -14.0423 -46.7433 -29.9117 11.2398 -38.8543 34.7454 -47.4835 -22.6540 -28.9152 -32.8391
-33.9019 -21.8988 -47.1620 34.9709 -38.6222 10.5920 -29.7255 -46.9949 -13.6566 -43.8286 26.8413 -35.4759 -7.4767 -25.3849 -48.5407 27.4861 -40.0179 14.9302 -31.2531 -43.2554 -17.7539 -45.1140 30.4879 -36.5137 0.4784 -26.7577 -48.8315 13.8209 -40.8687 17.8512 -32.3706 -37.8177 -20.2161 -46.1642 33.3376 -37.3919 5.2699 -27.8965 -48.7061 -0.9254 -41.7005 20.8129 -33.4604 -29.3449 -22.2251 -47.1361 34.9670 -38.5117 11.4352 -32.0909 -9.5201 -32.1909 11.9466 -38.6860 34.9692 -47.3221 -22.6091 -27.1304 -33.6886 21.4561 -41.9460 -3.2599 -48.6345 -28.1352 6.1081 -37.5784 33.8184 -46.3768 -20.6698 -36.3006 -32.6032 18.4671 -41.0391 10.3821 -48.8326 -27.0097 1.6455 -36.7010 31.1435 -45.3421 -18.3207 -42.3317 -31.4880 15.5351 -40.1961 25.2686 -48.6330 -25.6779 -5.5676 -35.6858 27.5369 -44.0664 -14.5069 -46.5597 -29.9615 11.2398 -38.8099 34.8603 -47.3493 -22.2925 -32.0046
-21.1921 -46.9651 34.9516 -38.4992 10.3038 -29.6750 -46.9949 -13.8289 -43.9170 27.2065 -35.6115 -6.0227 -25.6299 -48.6255 25.3619 -40.1963 15.5551 -31.4995 -42.2561 -18.3728 -45.3635 31.2169 -36.7215 1.7817 -27.0402 -48.8322 9.9196 -41.0632 18.5557 -32.6362 -36.0690 -20.7331 -46.4052 33.8813 -37.6043 6.2186 -28.1669 -48.6216 -3.5563 -41.9795 21.5518 -33.7212 -26.8065 -22.6541 -47.3360 34.9702 -38.5554 10.4665 -30.4206 -40.4721 -25.8541 -39.8674 -30.6009 11.0795 -38.7383 34.8417 -47.5149 -23.0255 -24.4449 -33.9488 22.2019 -42.2249 -5.5478 -48.5141 -28.4052 7.0090 -37.7910 34.2872 -46.6127 -21.1687 -34.3888 -32.8677 19.1775 -41.2309 6.5500 -48.8060 -27.2829 2.8456 -36.9082 31.8457 -45.5892 -18.9084 -41.2167 -31.7339 16.1603 -40.3741 22.8169 -48.7045 -25.9151 -4.2554 -35.8200 27.9003 -44.1552 -14.6650 -46.5597 -29.9117 10.9575 -38.6872 34.9658 -47.1584 -21.5579
-46.7235 34.7976 -38.3222 9.7747 -29.5346 -47.1530 -13.6566 -43.9170 27.3335 -35.6842 -5.1189 -25.8058 -48.6846 23.3407 -40.3516 16.1177 -31.7272 -41.2007 -18.9283 -45.6014 31.8966 -36.9238 2.9507 -27.3083 -48.8025 6.1538 -41.2540 19.2651 -32.8993 -34.1480 -21.2272 -46.6403 34.3381 -37.8171 7.1144 -28.4379 -48.4956 -5.7992 -42.2596 22.2996 -33.9799 -24.0993 -23.0748 -47.5367 34.8253 -38.7166 10.6608 -29.9181 -45.7109 -19.9345 -48.4976 -20.1748 -45.2148 -30.1352 11.2978 -38.9013 34.5164 -47.7081 -23.4330 -21.6266 -34.2068 22.9606 -42.5036 -7.5000 -48.3485 -28.6752 7.8650 -38.0038 34.6519 -46.8422 -21.6448 -32.2927 -33.1296 19.8928 -41.4180 3.0293 -48.7676 -27.5463 3.9295 -37.1107 32.4944 -45.8236 -19.4389 -40.0427 -31.9614 16.7275 -40.5301 20.5426 -48.7520 -26.0865 -3.4352 -35.8915 28.0280 -44.1552 -14.5069 -46.7433 -29.7714 10.4418 -38.5095 34.9455 -46.9176
33.5205 -38.0854 9.0873 -29.3279 -47.4151 -13.1482 -43.8286 27.2065 -35.6842 -4.8155 -25.9002 -48.7191 21.7371 -40.4742 16.5915 -31.9242 -40.1543 -19.4133 -45.8216 32.5052 -37.1184 3.9946 -27.5654 -48.7634 2.7238 -41.4388 19.9723 -33.1586 -32.0432 -21.6980 -46.8686 34.6883 -38.0298 7.9659 -28.7087 -48.3235 -7.7227 -42.5388 23.0552 -34.2367 -21.2703 -23.4818 -47.7303 34.4642 -38.9136 11.2311 -29.9321 -46.4897 -16.3579 -46.0447 22.5005 -46.1538 -16.8892 -46.0136 -30.1624 11.8681 -39.0986 33.9392 -47.8923 -23.8282 -18.7378 -34.4614 23.7278 -42.7814 -9.1793 -48.1327 -28.9450 8.6839 -38.2166 34.8904 -47.0632 -22.0990 -30.0175 -33.3882 20.6064 -41.6325 -0.0419 -48.7250 -27.8037 4.9011 -37.3048 33.0665 -46.0402 -19.9014 -38.8783 -32.1589 17.2034 -40.6521 18.7472 -48.7778 -26.1780 -3.1539 -35.8915 27.9003 -44.0664 -14.0423 -47.0497 -29.5641 9.7693 -38.2704 33.5527
-37.6312 8.3016 -29.0801 -47.7157 -12.3376 -43.6647 26.8413 -35.6115 -5.1189 -25.9002 -48.7305 20.8230 -40.5522 16.9345 -32.0788 -39.2114 -19.8169 -46.0144 33.0259 -37.2997 4.9060 -27.8103 -48.7223 -0.2397 -41.6515 20.6712 -33.4125 -29.7698 -22.1450 -47.0874 34.9085 -38.2414 8.7792 -28.9769 -48.1007 -9.3754 -42.8160 23.8199 -34.4912 -18.3790 -23.8755 -47.9132 33.8485 -39.1212 11.9109 -30.1215 -46.3474 -15.2688 -44.8187 34.0757 -40.8336 34.2819 -45.0041 -15.9520 -45.8260 -30.3561 12.5372 -39.3055 33.0719 -48.0649 -24.2107 -15.8534 -34.7134 24.4999 -43.0579 -10.6369 -47.8617 -29.2138 9.4715 -38.4279 34.9776 -47.2750 -22.5310 -27.5868 -33.6415 21.3119 -41.8864 -2.6506 -48.6597 -28.0484 5.7632 -37.4855 33.5415 -46.2287 -20.2875 -37.8376 -32.3123 17.5482 -40.7282 17.7421 -48.7857 -26.1780 -3.4352 -35.8200 27.5369 -43.9031 -13.3045 -47.4016 -29.3164 9.0056 -37.8274
7.4102 -28.8160 -48.0030 -11.2609 -43.4452 26.2914 -35.4759 -6.0227 -25.8058 -48.7191 20.8230 -40.5789 17.1140 -32.1774 -38.4921 -20.1201 -46.1711 33.4430 -37.4603 5.6850 -28.0352 -48.6608 -2.6879 -41.8980 21.3548 -33.6581 -27.3733 -22.5685 -47.2955 34.9771 -38.4512 9.5579 -29.2435 -47.8242 -10.7949 -43.0921 24.5927 -34.7431 -15.5005 -24.2567 -48.0844 32.9407 -39.3308 12.6108 -30.3666 -45.8859 -15.4805 -44.4945 30.4999 -37.9533 17.6386 -38.0458 31.0369 -44.7135 -16.1797 -45.2939 -30.6022 13.2289 -39.5143 31.8781 -48.2244 -24.5811 -13.0523 -34.9627 25.2796 -43.3331 -11.9079 -47.5311 -29.4797 10.2266 -38.6367 34.8904 -47.4761 -22.9420 -25.0461 -33.8863 22.0039 -42.1414 -4.7945 -48.5676 -28.2731 6.5040 -37.6459 33.9105 -46.3816 -20.5788 -37.0450 -32.4102 17.7319 -40.7538 17.7421 -48.7778 -26.0865 -4.2554 -35.6858 26.9867 -43.6843 -12.3262 -47.7414 -29.0520 8.1667
-27.9970 -48.2458 -9.9376 -43.1915 25.6211 -35.2914 -7.4767 -25.6299 -48.6846 21.7371 -40.5522 17.1140 -32.2104 -38.1032 -20.3081 -46.2812 33.7390 -37.5913 6.3190 -28.2325 -48.5801 -4.6584 -42.1349 22.0087 -33.8929 -24.9145 -22.9660 -47.4917 34.8755 -38.6569 10.2976 -29.5076 -47.4914 -12.0371 -43.3644 25.3686 -34.9919 -12.7156 -24.6258 -48.2423 31.7008 -39.5410 13.3135 -30.6296 -45.2511 -16.1059 -44.5690 29.4775 -36.7541 8.1447 -32.9717 8.5086 -36.9046 30.1191 -44.7980 -16.7725 -44.5732 -30.8643 13.9268 -39.7233 30.3197 -48.3694 -24.9399 -10.4073 -35.2084 26.0597 -43.6053 -13.0284 -47.1392 -29.7424 10.9500 -38.8431 34.6106 -47.6634 -23.3284 -22.4663 -34.1188 22.6677 -42.3777 -6.5062 -48.4571 -28.4702 7.1041 -37.7767 34.1677 -46.4898 -20.7587 -36.6081 -32.4439 17.7319 -40.7282 18.7472 -48.7520 -25.9151 -5.5676 -35.5033 26.3115 -43.4313 -11.1361 -48.0352 -28.2411
-48.5088 -8.3788 -42.9213 24.8809 -35.0743 -9.4184 -25.3849 -48.6255 23.3407 -40.4742 16.9345 -32.1774 -38.1032 -20.3717 -46.3373 33.9136 -37.6837 6.7907 -28.3926 -48.4915 -6.1851 -42.3462 22.6145 -34.1100 -22.4737 -23.3343 -47.6716 34.5906 -38.8569 11.0036 -29.7661 -47.0998 -13.1364 -43.6319 26.1428 -35.2346 -10.1150 -24.9819 -48.3855 30.0988 -39.7500 14.0152 -30.8972 -44.4849 -16.8150 -44.7766 29.6761 -36.4576 2.9798 -29.5804 -34.7903 -29.6798 3.7794 -36.6320 30.3430 -45.0066 -17.4388 -43.7063 -31.1311 14.6232 -39.9308 28.3658 -48.4981 -25.2859 -7.9837 -35.4477 26.8388 -43.8724 -14.0253 -46.6832 -30.0014 11.6461 -39.0428 34.1266 -47.8352 -23.6848 -19.9567 -34.3336 23.2798 -42.5896 -7.8306 -48.3417 -28.6294 7.5548 -37.8700 34.3157 -46.5456 -20.8200 -36.6081 -32.4102 17.5482 -40.6521 20.5426 -48.7045 -25.6779 -7.3383 -35.2887 25.5675 -43.1619 -9.7529 -48.3602
-9.0724 -42.6435 24.1142 -34.8376 -11.7709 -25.0878 -48.5407 25.3619 -40.3516 16.5915 -32.0788 -38.4921 -20.3081 -46.3373 33.9726 -37.7320 7.0847 -28.5063 -48.4096 -7.2937 -42.5249 23.1431 -34.3008 -20.1977 -23.6665 -47.8328 34.1247 -39.0484 11.6770 -30.0173 -46.6467 -14.1063 -43.8957 26.9120 -35.4703 -7.7514 -25.3234 -48.5117 28.1135 -39.9564 14.7044 -31.1650 -43.5951 -17.5134 -45.0236 30.2718 -36.5062 1.3873 -27.8166 -47.7582 -21.7894 -47.6128 -27.9985 2.4176 -36.6881 30.9355 -45.2514 -18.0944 -42.7077 -31.3986 15.3124 -40.1356 26.0001 -48.6084 -25.6177 -5.8158 -35.6800 27.6090 -44.1335 -14.9141 -46.1591 -30.2531 12.3068 -39.2333 33.4485 -47.9881 -24.0069 -17.6577 -34.5235 23.8145 -42.7682 -8.8011 -48.2379 -28.7438 7.8363 -37.9186 34.3640 -46.5456 -20.7587 -37.0450 -32.3123 17.2034 -40.5301 22.8169 -48.6330 -25.3895 -9.5219 -35.0547 24.7964 -42.8853 -10.2647
-42.4932 23.3436 -34.5893 -14.4212 -24.7558 -48.4308 27.4861 -40.1963 16.1177 -31.9242 -39.2114 -20.1201 -46.2812 33.9136 -37.7320 7.1849 -28.5652 -48.3517 -8.0170 -42.6610 23.5737 -34.4595 -18.2315 -23.9510 -47.9718 33.5036 -39.2263 12.3038 -30.2572 -46.1385 -14.9639 -44.1515 27.6697 -35.6999 -5.6337 -25.6497 -48.6186 25.7173 -40.1586 15.3877 -31.4299 -42.5857 -18.1718 -45.2802 30.9791 -36.6667 1.7178 -27.3080 -48.7164 -12.3185 -46.7303 -12.8107 -48.6659 -27.5277 2.7726 -36.8515 31.6197 -45.5044 -18.7178 -41.5807 -31.6646 15.9961 -40.3378 23.2229 -48.6983 -25.9354 -3.8990 -35.9050 28.3624 -44.3874 -15.7075 -45.5781 -30.4928 12.9261 -39.4110 32.6106 -48.1186 -24.2846 -15.6955 -34.6810 24.2495 -42.9035 -9.4422 -48.1654 -28.8033 7.9292 -37.9186 34.3157 -46.4898 -20.5788 -37.8376 -32.1589 16.7275 -40.3741 25.2686 -48.5370 -25.0662 -12.0177 -34.8093 24.0183 -42.7266
22.8434 -34.3241 -17.2551 -24.3999 -48.2986 29.4513 -40.0179 15.5551 -31.7272 -40.1543 -19.8169 -46.1711 33.7390 -37.6837 7.0847 -28.5652 -48.3310 -8.3772 -42.7460 23.8781 -34.5799 -16.6405 -24.1839 -48.0845 32.7891 -39.3868 12.8718 -30.4819 -45.5907 -15.7155 -44.3959 28.4005 -35.9191 -3.7610 -25.9604 -48.7053 22.9340 -40.3568 16.0690 -31.6913 -41.4498 -18.7869 -45.5336 31.6922 -36.8633 2.6627 -27.3247 -48.7630 -3.1026 -43.6165 35.1413 -43.7355 -4.7619 -48.7406 -27.5568 3.6601 -37.0486 32.3020 -45.7558 -19.3042 -40.3156 -31.9269 16.6799 -40.5348 20.0770 -48.7671 -26.2374 -2.2111 -36.1195 29.0918 -44.6297 -16.4077 -44.9556 -30.7166 13.4909 -39.5711 31.6800 -48.2241 -24.5110 -14.1407 -34.8011 24.5552 -42.9882 -9.7605 -48.1398 -28.8033 7.8363 -37.8700 34.1677 -46.3816 -20.2875 -38.8783 -31.9614 16.1603 -40.1961 27.5928 -48.4191 -24.7205 -14.7522 -34.5462 23.5096
-33.6771 -20.1650 -24.0246 -48.1482 31.1406 -39.8228 14.9302 -31.4995 -41.2007 -19.4133 -46.0144 33.4430 -37.5913 6.7907 -28.5063 -48.3517 -8.3772 -42.7750 24.0332 -34.6538 -15.5272 -24.3606 -48.1720 32.0613 -39.5240 13.3702 -30.6842 -45.0218 -16.3681 -44.6236 29.0950 -36.1259 -2.1389 -26.2536 -48.7711 19.8289 -40.5503 16.7437 -31.9510 -40.1795 -19.3619 -45.7824 32.3730 -37.0700 3.7235 -27.5169 -48.7582 0.4684 -42.2010 27.1422 -38.7387 27.4849 -42.3950 -1.8636 -48.7264 -27.7534 4.6513 -37.2560 32.9427 -46.0012 -19.8536 -38.9026 -32.1851 17.3563 -40.7263 16.6541 -48.8125 -26.5206 -0.7439 -36.3218 29.7779 -44.8553 -17.0165 -44.3117 -30.9182 13.9831 -39.7079 30.7560 -48.3043 -24.6820 -13.0664 -34.8748 24.7109 -43.0170 -9.7605 -48.1654 -28.7438 7.5548 -37.7767 33.9105 -46.2287 -19.9014 -40.0427 -31.7339 15.5351 -40.0036 29.6236 -48.2820 -24.3561 -17.6425 -33.9075
-23.9555 -23.6338 -47.9824 32.5042 -39.6194 14.2670 -31.2531 -42.2561 -18.9283 -45.8216 33.0259 -37.4603 6.3190 -28.3926 -48.4096 -8.0170 -42.7460 24.0332 -34.6777 -14.9699 -24.4681 -48.2319 31.4083 -39.6354 13.7823 -30.8558 -44.4660 -16.9225 -44.8304 29.7349 -36.3159 -0.7418 -26.5259 -48.8141 16.4774 -40.7382 17.4045 -32.2064 -38.7697 -19.9031 -46.0256 33.0048 -37.2767 4.7440 -27.7626 -48.7309 -0.3212 -41.8469 22.9321 -35.8570 10.8232 -35.9515 23.4637 -42.0727 -2.6820 -48.6740 -28.0002 5.6130 -37.4642 33.5206 -46.2392 -20.3700 -37.3480 -32.4399 18.0202 -40.9113 13.1163 -48.8343 -26.7837 0.5263 -36.5070 30.4035 -45.0602 -17.5368 -43.6845 -31.0909 14.3936 -39.8172 29.9523 -48.3589 -24.7863 -12.5429 -34.8982 24.7109 -42.9882 -9.4422 -48.2379 -28.6294 7.1041 -37.6459 33.5415 -46.0402 -19.4389 -41.2167 -31.4880 14.8729 -39.8021 31.3121 -48.1283 -23.9757 -21.4706
-22.8045 -47.8028 33.5345 -39.4118 13.5811 -30.9954 -43.2554 -18.3728 -45.6014 32.5052 -37.2997 5.6850 -28.2325 -48.4915 -7.2937 -42.6610 23.8781 -34.6538 -14.9699 -24.5029 -48.2608 30.9600 -39.7141 14.0962 -30.9930 -43.9647 -17.3714 -45.0105 30.2937 -36.4838 0.4344 -26.7728 -48.8343 13.0802 -40.9169 18.0494 -32.4543 -37.2303 -20.4118 -46.2605 33.5693 -37.4822 5.6987 -28.0222 -48.6701 -2.4372 -41.9190 21.9410 -34.5906 -3.2061 -30.7165 -2.4552 -34.7546 22.5544 -42.1569 -4.5733 -48.5813 -28.2587 6.5150 -37.6693 34.0226 -46.4706 -20.8590 -35.6565 -32.6870 18.6697 -41.0870 9.6686 -48.8334 -27.0222 1.6005 -36.6707 30.9534 -45.2385 -17.9632 -43.1190 -31.2293 14.7071 -39.8959 29.4103 -48.3851 -24.8201 -12.5429 -34.8748 24.5552 -42.9035 -8.8011 -48.3417 -28.4702 6.5040 -37.4855 33.0665 -45.8236 -18.9084 -42.3317 -31.2299 14.1905 -39.5961 32.6497 -47.9601 -23.1268
-47.5743 34.2597 -39.2016 12.8807 -30.7306 -44.1689 -17.7539 -45.3635 31.8966 -37.1184 4.9060 -28.0352 -48.5801 -6.1851 -42.5249 23.5737 -34.5799 -15.5272 -24.4681 -48.2608 30.8066 -39.7535 14.2940 -31.0923 -43.5513 -17.7144 -45.1580 30.7622 -36.6283 1.3952 -26.9889 -48.8340 9.8312 -41.0819 18.6703 -32.6922 -35.5809 -20.8855 -46.4859 34.0561 -37.6856 6.5876 -28.2821 -48.5711 -4.6607 -42.1313 22.1244 -34.1750 -16.0467 -26.7635 -46.2374 -26.8941 -14.0590 -34.3786 22.7735 -42.3735 -6.4993 -48.4464 -28.5190 7.3606 -37.8731 34.4330 -46.6912 -21.3142 -33.8544 -32.9235 19.2943 -41.2519 6.4904 -48.8112 -27.2311 2.4849 -36.8126 31.4128 -45.3861 -18.2887 -42.6618 -31.3268 14.9029 -39.9350 29.2238 -48.3851 -24.7863 -13.0664 -34.8011 24.2495 -42.7682 -7.8306 -48.4571 -28.2731 5.7632 -37.3048 32.4944 -45.5892 -18.3207 -43.3531 -30.9646 13.4956 -39.3875 33.6461 -47.7386
32.3318 -38.9484 12.1714 -30.4626 -44.9816 -17.0756 -45.1140 31.2169 -36.9238 3.9946 -27.8103 -48.6608 -4.6584 -42.3462 23.1431 -34.4595 -16.6405 -24.3606 -48.2319 30.9600 -39.7535 14.3596 -31.1429 -43.2758 -17.9550 -45.2713 31.1325 -36.7459 2.1663 -27.1718 -48.8174 6.9391 -41.2324 19.2547 -32.9152 -33.8605 -21.3211 -46.6989 34.4491 -37.8846 7.4154 -28.5381 -48.4328 -6.6475 -42.3852 22.6956 -34.1959 -19.8423 -24.6916 -48.7388 -15.7181 -48.7566 -24.9459 -17.4522 -34.4133 23.3574 -42.6289 -8.2336 -48.2682 -28.7754 8.1551 -38.0726 34.7339 -46.8980 -21.7335 -31.9907 -33.1460 19.8836 -41.3992 3.7749 -48.7786 -27.4098 3.2014 -36.9313 31.7703 -45.4974 -18.5125 -42.3601 -31.3774 14.9684 -39.9350 29.4103 -48.3589 -24.6820 -14.1407 -34.6810 23.8145 -42.5896 -6.5062 -48.5676 -28.0484 4.9011 -37.1107 31.8457 -45.3421 -17.6809 -44.2671 -30.6968 12.7929 -39.1328 31.5380
-38.5506 11.4483 -30.1940 -45.6926 -16.3389 -44.8561 30.4879 -36.7215 2.9507 -27.5654 -48.7223 -2.6879 -42.1349 22.6145 -34.3008 -18.2315 -24.1839 -48.1720 31.4083 -39.7141 14.2940 -31.1429 -43.1812 -18.0771 -45.3429 31.3941 -36.8347 2.7521 -27.3212 -48.7904 4.5687 -41.3644 19.7893 -33.1194 -32.1349 -21.7150 -46.8956 34.7351 -38.0769 8.1834 -28.7888 -48.2555 -8.3464 -42.6463 23.3828 -34.3732 -19.1195 -24.1078 -48.2403 11.6041 -44.3824 9.8948 -48.3339 -24.4176 -16.6276 -34.5945 24.0538 -42.8908 -9.7295 -48.0472 -29.0253 8.8967 -38.2647 34.9162 -47.0890 -22.1147 -30.1248 -33.3497 20.4227 -41.5352 1.6087 -48.7536 -27.5584 3.7477 -37.0212 32.0186 -45.5671 -18.6275 -42.2545 -31.3774 14.9029 -39.8959 29.9523 -48.3043 -24.5110 -15.6955 -34.5235 23.2798 -42.3777 -4.7945 -48.6597 -27.8037 3.9295 -36.9082 31.1435 -45.0851 -16.9887 -45.0723 -30.4284 12.0792 -38.7484
10.7519 -29.9249 -46.3080 -15.5404 -44.5925 29.7309 -36.5137 1.7817 -27.3083 -48.7634 -0.2397 -41.8980 22.0087 -34.1100 -20.1977 -23.9510 -48.0845 32.0613 -39.6354 14.0962 -31.0923 -43.2758 -18.0771 -45.3672 31.5259 -36.8915 3.1536 -27.4325 -48.7669 2.7138 -41.4742 20.2513 -33.3000 -30.4684 -22.0655 -47.0721 34.9093 -38.2597 8.8922 -29.0302 -48.0395 -9.7962 -42.9036 24.0943 -34.5936 -16.9779 -24.1671 -48.1299 28.6992 -41.3812 29.8589 -41.4619 27.0869 -48.2549 -24.4903 -14.4874 -34.8147 24.7762 -43.1473 -11.0120 -47.7844 -29.2658 9.5824 -38.4464 34.9772 -47.2598 -22.4544 -28.3199 -33.5295 20.8918 -41.6771 -0.0502 -48.7362 -27.6699 4.1216 -37.0779 32.1422 -45.5913 -18.6275 -42.3601 -31.3268 14.7071 -39.8172 30.7560 -48.2241 -24.2846 -17.6577 -34.3336 22.6677 -42.1414 -2.6506 -48.7250 -27.5463 2.8456 -36.7010 30.4042 -44.8233 -16.2424 -45.7722 -30.1591 11.4125
-29.1434 -46.8372 -14.6680 -44.3244 28.9537 -36.2969 0.4784 -27.0402 -48.8025 2.7238 -41.6515 21.3548 -33.8929 -22.4737 -23.6665 -47.9718 32.7891 -39.5240 13.7823 -30.9930 -43.5513 -17.9550 -45.3429 31.5259 -36.9113 3.3527 -27.5035 -48.7553 1.3975 -41.5717 20.6340 -33.4516 -28.9353 -22.3683 -47.2273 34.9757 -38.4281 9.5420 -29.2577 -47.7879 -11.0291 -43.1532 24.8000 -34.8212 -14.4894 -24.4305 -48.1878 31.0697 -40.1824 19.7231 -36.6248 20.0389 -40.3249 29.6245 -48.3164 -24.7503 -12.0689 -35.0395 25.4898 -43.3957 -12.1158 -47.4860 -29.4933 10.2112 -38.6140 34.9246 -47.4105 -22.7484 -26.6821 -33.6797 21.2777 -41.8077 -1.2118 -48.7190 -27.7401 4.3070 -37.0981 32.1422 -45.5671 -18.5125 -42.6618 -31.2293 14.3936 -39.7079 31.6800 -48.1186 -24.0069 -19.9567 -34.1188 22.0039 -41.8864 -0.0419 -48.7676 -27.2829 1.6455 -36.4885 29.6384 -44.5577 -15.4334 -46.3787 -29.3852
-47.4451 -13.7065 -44.0540 28.1601 -36.0722 -0.9843 -26.7577 -48.8322 6.1538 -41.4388 20.6712 -33.6581 -24.9145 -23.3343 -47.8328 33.5036 -39.3868 13.3702 -30.8558 -43.9647 -17.7144 -45.2713 31.3941 -36.8915 3.3527 -27.5289 -48.7502 0.6030 -41.6552 20.9256 -33.5711 -27.6214 -22.6169 -47.3583 34.9504 -38.5795 10.1167 -29.4691 -47.5089 -12.0709 -43.3907 25.4876 -35.0433 -12.0345 -24.7408 -48.3021 30.6892 -39.8605 15.9163 -33.6374 1.9103 -33.7388 16.4134 -40.0309 29.0897 -48.4228 -25.0525 -9.7537 -35.2580 26.1804 -43.6318 -13.0570 -47.1601 -29.7053 10.7706 -38.7651 34.7811 -47.5374 -22.9878 -25.3045 -33.7980 21.5701 -41.8998 -1.9124 -48.7085 -27.7655 4.3070 -37.0779 32.0186 -45.4974 -18.2887 -43.1190 -31.0909 13.9831 -39.5711 32.6106 -47.9881 -23.6848 -22.4663 -33.8863 21.3119 -41.6325 3.0293 -48.8060 -27.0097 0.3149 -36.2692 28.8539 -44.2894 -14.5485 -47.0813
-13.7400 -43.7803 27.3613 -35.8420 -2.6211 -26.4617 -48.8315 9.9196 -41.2540 19.9723 -33.4125 -27.3733 -22.9660 -47.6716 34.1247 -39.2263 12.8718 -30.6842 -44.4660 -17.3714 -45.1580 31.1325 -36.8347 3.1536 -27.5035 -48.7502 0.3226 -41.7015 21.1067 -33.6541 -26.6073 -22.8068 -47.4625 34.8615 -38.7097 10.6116 -29.6588 -47.2147 -12.9555 -43.6120 26.1451 -35.2535 -9.7745 -25.0505 -48.4199 29.4164 -39.8877 14.9782 -32.1121 -28.1881 -27.9984 -27.0044 -32.2989 15.5633 -40.0672 27.5322 -48.5287 -25.3531 -7.6749 -35.4646 26.8410 -43.8512 -13.8601 -46.8159 -29.8944 11.2560 -38.8947 34.5855 -47.6364 -23.1714 -24.2382 -33.8806 21.7559 -41.9471 -2.1596 -48.7085 -27.7401 4.1216 -37.0212 31.7703 -45.3861 -17.9632 -43.6845 -30.9182 13.4909 -39.4110 33.4485 -47.8352 -23.3284 -25.0461 -33.6415 20.6064 -41.4180 6.5500 -48.8326 -26.7235 -1.1704 -36.0435 28.0609 -44.0179 -14.4929
-43.5897 26.5626 -35.6050 -4.4568 -26.1543 -48.8028 13.8209 -41.0632 19.2651 -33.1586 -29.7698 -22.5685 -47.4917 34.5906 -39.0484 12.3038 -30.4819 -45.0218 -16.9225 -45.0105 30.7622 -36.7459 2.7521 -27.4325 -48.7553 0.6030 -41.7015 21.1685 -33.6961 -25.9659 -22.9368 -47.5384 34.7449 -38.8157 11.0218 -29.8210 -46.9237 -13.6900 -43.8138 26.7584 -35.4466 -7.7811 -25.3423 -48.5261 27.6590 -40.0233 15.1080 -31.6086 -39.1023 -23.0884 -48.7537 -23.3070 -37.8181 -31.8522 15.7339 -40.2065 25.4503 -48.6209 -25.6367 -5.8579 -35.6562 27.4537 -44.0520 -14.5299 -46.4775 -30.0554 11.6571 -39.0000 34.3799 -47.7090 -23.2982 -23.5640 -33.9226 21.8210 -41.9471 -1.9124 -48.7190 -27.6699 3.7477 -36.9313 31.4128 -45.2385 -17.5368 -44.3117 -30.7166 12.9261 -39.2333 34.1266 -47.6634 -22.9420 -27.5868 -33.3882 19.8928 -41.2309 10.3821 -48.8287 -26.4258 -2.8300 -35.8119 27.2615 -43.8208
26.0143 -35.3482 -6.5212 -25.8359 -48.7484 17.6063 -40.8687 18.5557 -32.8993 -32.0432 -22.1450 -47.2955 34.8755 -38.8569 11.6770 -30.2572 -45.5907 -16.3681 -44.8304 30.2937 -36.6283 2.1663 -27.3212 -48.7669 1.3975 -41.6552 21.1067 -33.6961 -25.7482 -23.0034 -47.5847 34.6396 -38.8945 11.3380 -29.9529 -46.6548 -14.2712 -43.9892 27.3080 -35.6203 -6.0899 -25.6073 -48.6158 25.6029 -40.1856 15.5673 -31.5977 -41.0283 -20.3883 -47.4004 -1.3529 -47.5400 -20.9509 -39.5271 -31.8807 16.2131 -40.3688 23.0694 -48.6957 -25.8948 -4.3194 -35.8275 28.0018 -44.2276 -15.0647 -46.1710 -30.1866 11.9669 -39.0782 34.2063 -47.7539 -23.3634 -23.3368 -33.9226 21.7559 -41.8998 -1.2118 -48.7362 -27.5584 3.2014 -36.8126 30.9534 -45.0602 -17.0165 -44.9556 -30.4928 12.3068 -39.0428 34.6106 -47.4761 -22.5310 -30.0175 -33.1296 19.1775 -41.0391 14.2839 -48.7968 -26.1169 -4.7047 -35.5589 26.6940
-34.7433 -8.8357 -25.5048 -48.6708 21.1017 -40.6707 17.8512 -32.6362 -34.1480 -21.6980 -47.0874 34.9771 -38.6569 11.0036 -30.0173 -46.1385 -15.7155 -44.6236 29.7349 -36.4838 1.3952 -27.1718 -48.7904 2.7138 -41.5717 20.9256 -33.6541 -25.9659 -23.0034 -47.6009 34.5774 -38.9434 11.5524 -30.0494 -46.4281 -14.7158 -44.1338 27.7718 -35.7701 -4.7010 -25.8431 -48.6857 23.3865 -40.3477 16.1007 -31.7482 -40.8479 -19.5633 -46.4022 34.1772 -42.3936 32.9443 -46.8438 -20.5343 -38.9666 -32.0577 16.7562 -40.5278 20.5635 -48.7519 -26.1228 -3.0579 -35.9743 28.4672 -44.3703 -15.4764 -45.9148 -30.2839 12.1825 -39.1268 34.1069 -47.7691 -23.3634 -23.5640 -33.8806 21.5701 -41.8077 -0.0502 -48.7536 -27.4098 2.4849 -36.6707 30.4035 -44.8553 -16.4077 -45.5781 -30.2531 11.6461 -38.8431 34.8904 -47.2750 -22.0990 -32.2927 -32.8677 18.4671 -40.8439 18.0419 -48.7394 -25.7955 -6.8172 -34.9641
-12.1602 -25.1628 -48.5712 24.2068 -40.4702 17.1496 -32.3706 -36.0690 -21.2272 -46.8686 34.9085 -38.4512 10.2976 -29.7661 -46.6467 -14.9639 -44.3959 29.0950 -36.3159 0.4344 -26.9889 -48.8174 4.5687 -41.4742 20.6340 -33.5711 -26.6073 -22.9368 -47.5847 34.5774 -38.9609 11.6613 -30.1088 -46.2667 -15.0293 -44.2456 28.1457 -35.8927 -3.5981 -26.0441 -48.7385 21.1398 -40.4962 16.6289 -31.9383 -40.0468 -19.5977 -46.0813 34.5222 -39.5619 24.0529 -40.3668 34.4545 -46.9269 -20.9028 -37.7963 -32.2552 17.2798 -40.6747 18.0901 -48.7907 -26.3173 -2.0585 -36.0944 28.8384 -44.4802 -15.7705 -45.7281 -30.3436 12.2931 -39.1436 34.1069 -47.7539 -23.2982 -24.2382 -33.7980 21.2777 -41.6771 1.6087 -48.7786 -27.2311 1.6005 -36.5070 29.7779 -44.6297 -15.7075 -46.1591 -30.0014 10.9500 -38.6367 34.9776 -47.0632 -21.6448 -34.3888 -32.6032 17.7618 -40.6458 21.4948 -48.6591 -25.4629 -9.8614
-24.2650 -48.4519 26.8845 -40.2674 16.4520 -32.1042 -37.8177 -20.7331 -46.6403 34.6883 -38.2414 9.5579 -29.5076 -47.0998 -14.1063 -44.1515 28.4005 -36.1259 -0.7418 -26.7728 -48.8340 6.9391 -41.3644 20.2513 -33.4516 -27.6214 -22.8068 -47.5384 34.6396 -38.9434 11.6613 -30.1294 -46.1821 -15.2170 -44.3219 28.4215 -35.9875 -2.7626 -26.2062 -48.7756 19.0229 -40.6280 17.1139 -32.1284 -39.0280 -19.9020 -46.0989 33.7219 -38.1819 14.1365 -35.6230 20.0013 -41.7668 30.6460 -47.1917 -21.2951 -36.6448 -32.4288 17.7556 -40.8038 15.7986 -48.8153 -26.4748 -1.3078 -36.1869 29.1135 -44.5559 -15.9451 -45.6302 -30.3639 12.2931 -39.1268 34.2063 -47.7090 -23.1714 -25.3045 -33.6797 20.8918 -41.5352 3.7749 -48.8112 -27.0222 0.5263 -36.3218 29.0918 -44.3874 -14.9141 -46.6832 -29.7424 10.2266 -38.4279 34.8904 -46.8422 -21.1687 -36.3006 -32.3368 17.0616 -40.4460 24.5689 -48.5570 -24.5566
-48.2676 29.1278 -40.0626 15.7579 -31.8373 -39.3843 -20.2161 -46.4052 34.3381 -38.0298 8.7792 -29.2435 -47.4914 -13.1364 -43.8957 27.6697 -35.9191 -2.1389 -26.5259 -48.8343 9.8312 -41.2324 19.7893 -33.3000 -28.9353 -22.6169 -47.4625 34.7449 -38.8945 11.5524 -30.1088 -46.1821 -15.2824 -44.3612 28.5906 -36.0520 -2.1783 -26.3294 -48.7988 17.1811 -40.7409 17.5368 -32.2994 -37.9610 -20.2567 -46.2285 33.6869 -37.7321 9.0480 -31.6971 -2.9981 -33.4277 34.9449 -43.7888 25.6846 -47.2830 -21.4639 -35.7090 -32.5755 18.1705 -40.9133 13.8410 -48.8290 -26.5943 -0.7723 -36.2501 29.2820 -44.5950 -16.0027 -45.6302 -30.3436 12.1825 -39.0782 34.3793 -47.6364 -22.9878 -26.6821 -33.5295 20.4227 -41.3992 6.4904 -48.8334 -26.7837 -0.7439 -36.1195 28.3624 -44.1335 -14.0253 -47.1392 -29.4797 9.4715 -38.2166 34.6519 -46.6127 -20.6698 -38.0216 -32.0699 16.3653 -40.2421 27.2062 -48.3862
26.2617 -39.8015 15.0601 -31.5699 -40.7729 -19.6728 -46.1642 33.8813 -37.8171 7.9659 -28.9769 -47.8242 -12.0371 -43.6319 26.9120 -35.6999 -3.7610 -26.2536 -48.8141 13.0802 -41.0819 19.2547 -33.1194 -30.4684 -22.3683 -47.3583 34.8615 -38.8157 11.3380 -30.0494 -46.2667 -15.2170 -44.3612 28.6495 -36.0842 -1.8333 -26.4136 -48.8126 15.7096 -40.8290 17.8894 -32.4450 -36.9625 -20.5818 -46.3789 33.9320 -37.7023 7.3387 -29.2570 -45.4961 -20.5911 -44.1008 -47.0668 18.2280 -43.8476 29.0770 -47.1938 -21.4891 -34.9076 -32.7019 18.5185 -41.0016 12.3135 -48.8356 -26.6762 -0.4530 -36.2820 29.3375 -44.5950 -15.9451 -45.7281 -30.2839 11.9705 -39.0004 34.5851 -47.5374 -22.7484 -28.3195 -33.3497 19.8836 -41.2519 9.6686 -48.8343 -26.5206 -2.2111 -35.9050 27.6091 -43.8724 -13.0284 -47.5311 -29.2138 8.6839 -38.0038 34.2872 -46.3768 -20.1471 -39.5603 -31.8030 15.6691 -39.9791 24.1198
-39.4766 14.3582 -31.3010 -42.0045 -19.1006 -45.9181 33.3376 -37.6043 7.1144 -28.7087 -48.1007 -10.7949 -43.3644 26.1428 -35.4703 -5.6337 -25.9604 -48.7711 16.4774 -40.9169 18.6703 -32.9152 -32.1349 -22.0655 -47.2273 34.9504 -38.7097 11.0218 -29.9529 -46.4281 -15.0293 -44.3219 28.5906 -36.0842 -1.7215 -26.4566 -48.8199 14.6692 -40.8927 18.1644 -32.5625 -36.0789 -20.8540 -46.5157 34.1998 -37.7963 7.3113 -28.7212 -47.9774 -14.0267 -45.0120 28.3600 -25.3655 -47.8258 34.3294 -42.2101 33.7697 -47.0556 -21.5180 -34.1640 -32.8068 18.7914 -41.0664 11.2357 -48.8374 -26.7174 -0.3521 -36.2820 29.2820 -44.5559 -15.7705 -45.9148 -30.1885 11.6613 -38.8953 34.7808 -47.4110 -22.4548 -30.1245 -33.1460 19.2943 -41.0870 13.1163 -48.8125 -26.2374 -3.8981 -35.6801 26.8389 -43.6053 -11.9079 -47.8617 -28.9450 7.8650 -37.7910 33.8184 -46.1340 -19.6009 -40.9304 -31.5352 14.9696 -39.6741
13.7711 -31.0284 -43.0950 -18.4961 -45.6670 32.7242 -37.3919 6.2186 -28.4379 -48.3235 -9.3754 -43.0921 25.3686 -35.2346 -7.7514 -25.6497 -48.7053 19.8289 -40.7382 18.0494 -32.6922 -33.8605 -21.7150 -47.0721 34.9757 -38.5795 10.6116 -29.8210 -46.6548 -14.7158 -44.2456 28.4215 -36.0520 -1.8333 -26.4566 -48.8221 14.1241 -40.9325 18.3530 -32.6485 -35.3587 -21.0697 -46.6291 34.4172 -37.9090 7.6854 -28.7121 -48.2139 -10.3165 -43.5384 27.8295 -35.0901 -41.0195 -9.9557 -42.5165 27.7239 -40.3616 34.9744 -46.9818 -21.5946 -33.5010 -32.8873 18.9788 -41.1042 10.6961 -48.8372 -26.7174 -0.4528 -36.2501 29.1136 -44.4807 -15.4812 -46.1696 -30.0587 11.2610 -38.7668 34.9241 -47.2608 -22.1152 -31.9907 -32.9243 18.6702 -40.9115 16.6535 -48.7673 -25.9354 -5.8147 -35.4482 26.0597 -43.3331 -10.6369 -48.1327 -28.6752 7.0090 -37.5784 33.2648 -45.8858 -19.0255 -42.1510 -31.2638 14.3967
-30.2795 -44.0575 -17.8498 -45.4115 32.0526 -37.1801 5.2699 -28.1669 -48.4956 -7.7227 -42.8160 24.5927 -34.9919 -10.1150 -25.3234 -48.6186 22.9340 -40.5503 17.4045 -32.4543 -35.5809 -21.3211 -46.8956 34.9093 -38.4281 10.1167 -29.6588 -46.9237 -14.2712 -44.1338 28.1457 -35.9875 -2.1783 -26.4136 -48.8199 14.1241 -40.9458 18.4484 -32.7017 -34.8541 -21.2257 -46.7157 34.5709 -38.0080 8.0960 -28.8187 -48.1720 -9.6219 -43.0760 25.5849 -35.3550 -9.0679 -22.4902 -45.7988 29.9814 -37.6048 18.2522 -39.1822 35.0060 -46.9767 -21.6870 -32.9972 -32.9374 19.0744 -41.1163 10.6919 -48.8369 -26.6768 -0.7677 -36.1889 28.8427 -44.3717 -15.0759 -46.4757 -29.8970 10.7771 -38.6173 34.9773 -47.0893 -21.7365 -33.8496 -32.6884 18.0226 -40.7282 20.0761 -48.6985 -25.6189 -7.9814 -35.2093 25.2796 -43.0579 -9.1793 -48.3485 -28.4056 6.1085 -37.3658 32.6423 -45.6341 -18.4150 -43.2315 -30.5220
-45.1878 -17.1582 -45.1504 31.3369 -36.9686 4.2561 -27.8965 -48.6216 -5.7992 -42.5388 23.8199 -34.7431 -12.7156 -24.9819 -48.5117 25.7173 -40.3568 16.7437 -32.2064 -37.2303 -20.8855 -46.6989 34.7351 -38.2597 9.5420 -29.4691 -47.2147 -13.6900 -43.9892 27.7718 -35.8927 -2.7626 -26.3294 -48.8126 14.6692 -40.9325 18.4484 -32.7196 -34.5890 -21.3211 -46.7759 34.6689 -38.0854 8.4357 -28.9348 -48.0709 -9.9988 -43.0396 24.9166 -35.0646 -9.5281 -24.9895 -48.0239 34.9644 -37.9888 10.6523 -33.9837 13.2147 -38.6511 34.9542 -46.9989 -21.7556 -32.7268 -32.9556 19.0792 -41.1053 11.1982 -48.8345 -26.5986 -1.2868 -36.1000 28.4802 -44.2308 -14.5478 -46.8100 -29.7092 10.2163 -38.4486 34.9177 -46.8986 -21.3192 -35.6337 -32.4434 17.3607 -40.5373 23.2046 -48.6089 -25.2900 -10.3961 -34.9639 24.5015 -42.7817 -7.5073 -48.5135 -28.1371 5.1550 -37.1538 31.9665 -45.3778 -17.7647 -44.4972
-16.8408 -44.8849 30.5897 -36.7555 3.1625 -27.6258 -48.7061 -3.5563 -42.2596 23.0552 -34.4912 -15.5005 -24.6258 -48.3855 28.1135 -40.1586 16.0690 -31.9510 -38.7697 -20.4118 -46.4859 34.4491 -38.0769 8.8922 -29.2577 -47.5089 -12.9555 -43.8138 27.3080 -35.7701 -3.5981 -26.2062 -48.7988 15.7096 -40.8927 18.3530 -32.7017 -34.5890 -21.3534 -46.8065 34.7240 -38.1400 8.6803 -29.0304 -47.9658 -10.5463 -43.1234 24.9658 -34.9868 -11.1340 -25.0644 -48.4679 31.2571 -39.2051 11.4461 -31.5750 -18.1914 -31.6157 10.9445 -38.4658 34.9391 -47.0173 -21.7856 -32.6874 -32.9465 19.0008 -41.0722 12.1671 -48.8277 -26.4873 -1.9985 -35.9856 28.0343 -44.0617 -13.9011 -47.1454 -29.5043 9.6054 -38.2710 34.7426 -46.6964 -20.8752 -37.2910 -32.1954 16.6972 -40.3435 25.9318 -48.5002 -24.9506 -12.9961 -34.7190 23.7397 -42.5091 -5.5998 -48.6323 -27.8722 4.1454 -36.9443 31.2565 -45.1193 -17.3995
-44.6644 29.8162 -36.5404 1.9684 -27.3545 -48.7529 -0.9254 -41.9795 22.2996 -34.2367 -18.3790 -24.2567 -48.2423 30.0988 -39.9564 15.3877 -31.6913 -40.1795 -19.9031 -46.2605 34.0561 -37.8846 8.1834 -29.0302 -47.7879 -12.0709 -43.6120 26.7584 -35.6203 -4.7010 -26.0441 -48.7756 17.1811 -40.8290 18.1644 -32.6485 -34.8541 -21.3211 -46.8065 34.7421 -38.1681 8.8304 -29.0960 -47.8791 -11.0029 -43.2211 25.2119 -35.0274 -11.2512 -25.0070 -48.4645 28.2364 -39.8977 14.1155 -31.3681 -39.2933 -25.6105 -41.6497 -30.2607 10.1162 -38.4168 34.9401 -47.0257 -21.7915 -32.7992 -32.9214 18.8674 -41.0250 13.4361 -48.8133 -26.3566 -2.8664 -35.8577 27.5429 -43.8807 -13.1754 -47.4474 -29.3024 8.9756 -38.0952 34.4731 -46.4932 -20.4269 -38.7513 -31.9597 16.0619 -40.1568 28.1608 -48.3788 -24.6194 -15.6059 -34.4892 23.0286 -42.2503 -3.4921 -48.7085 -27.6251 3.1135 -36.7464 30.5530 -44.9109
29.1568 -36.3017 0.6453 -27.0791 -48.7937 2.1355 -41.7005 21.5518 -33.9799 -21.2703 -23.8755 -48.0844 31.7008 -39.7500 14.7044 -31.4299 -41.4498 -19.3619 -46.0256 33.5693 -37.6856 7.4154 -28.7888 -48.0395 -11.0291 -43.3907 26.1451 -35.4466 -6.0899 -25.8431 -48.7385 19.0229 -40.7409 17.8894 -32.5625 -35.3587 -21.2257 -46.7759 34.7240 -38.1681 8.8826 -29.1295 -47.8242 -11.3055 -43.2997 25.4545 -35.1004 -10.6342 -25.0478 -48.4645 27.7080 -40.1282 15.7482 -32.2759 -36.4526 -22.5017 -48.5790 -20.0398 -45.9879 -29.7358 9.9150 -38.4270 34.9563 -47.0475 -21.8367 -32.7802 -32.9246 18.7715 -40.9926 14.4893 -48.7890 -26.2558 -3.6521 -35.7537 27.1221 -43.7246 -12.5179 -47.6729 -29.1452 8.4336 -37.9504 34.1877 -46.3179 -20.0432 -39.8460 -31.7800 15.5404 -40.0075 29.7191 -48.2635 -24.3521 -17.7693 -34.3141 22.4617 -42.0390 -1.5213 -48.7460 -27.4397 2.2168 -36.5691 30.0449
-35.7499 -0.8252 -26.7930 -48.8292 5.6113 -41.4677 20.8129 -33.7212 -24.0993 -23.4818 -47.9132 32.9407 -39.5410 14.0152 -31.1650 -42.5857 -18.7869 -45.7824 33.0048 -37.4822 6.5876 -28.5381 -48.2555 -9.7962 -43.1532 25.4876 -35.2535 -7.7811 -25.6072 -48.6857 21.1398 -40.6280 17.5363 -32.4450 -36.0789 -21.0697 -46.7157 34.6689 -38.1400 8.8304 -29.1295 -47.8056 -11.4597 -43.3499 25.6331 -35.1665 -9.9286 -25.1359 -48.4887 27.3231 -40.2104 16.4947 -33.1424 -21.5586 -26.6565 -48.2261 2.7331 -46.2636 -16.2093 -46.9056 -29.6374 10.1421 -38.5410 34.9969 -47.1749 -22.1386 -31.7000 -33.0883 19.0014 -41.0640 13.7542 -48.7534 -26.3339 -3.5759 -35.7789 27.0985 -43.7026 -12.4127 -47.7126 -29.1701 8.3158 -37.9275 34.1183 -46.2621 -19.9583 -40.1203 -31.7864 15.4029 -39.9833 30.1218 -48.2095 -24.3146 -18.3186 -34.3108 22.3180 -41.9837 -0.9713 -48.7522 -27.4516 2.0096 -36.2420
-2.8778 -26.4972 -48.8328 9.4100 -41.2801 20.0843 -33.4604 -26.8065 -23.0748 -47.7303 33.8485 -39.3308 13.3135 -30.8972 -43.5951 -18.1718 -45.5336 32.3730 -37.2767 5.6987 -28.2821 -48.4328 -8.3464 -42.9036 24.8000 -35.0433 -9.7745 -25.3420 -48.6155 23.3908 -40.4961 17.1128 -32.2990 -36.9669 -20.8540 -46.6291 34.5709 -38.0854 8.6787 -29.0950 -47.8244 -11.4596 -43.3671 25.7366 -35.2061 -9.3853 -25.2170 -48.5170 26.7465 -40.2569 16.8253 -33.5903 -8.7993 -30.8978 -19.3351 -1.6538 -42.1835 34.9192 -44.7938 -14.6041 -46.8493 -29.9210 11.3765 -39.0567 34.2002 -47.5980 -23.2164 -26.4970 -33.7265 20.3915 -41.4873 6.8173 -48.7787 -26.9962 -0.7686 -36.1658 28.3878 -44.1122 -14.0750 -47.1223 -29.7470 9.5247 -38.2804 34.7297 -46.5690 -20.7954 -37.8764 -32.3275 16.4393 -40.3398 27.0566 -48.3170 -24.9637 -14.0474 -34.7651 23.4656 -42.3948 -4.7994 -48.6633 -28.0489 3.7227
-25.5873 -48.8066 13.3534 -41.0893 19.3648 -33.1996 -29.3449 -22.6541 -47.5367 34.4642 -39.1212 12.6108 -30.6296 -44.4849 -17.5134 -45.2802 31.6922 -37.0700 4.7440 -28.0222 -48.5711 -6.6475 -42.6463 24.0955 -34.8212 -12.0345 -25.0500 -48.5262 25.6182 -40.3455 16.6254 -32.1267 -37.9747 -20.5787 -46.5151 34.4168 -38.0078 8.4338 -29.0281 -47.8815 -11.2964 -43.3489 25.7385 -35.2250 -9.3993 -25.2231 -48.5260 26.0850 -40.3323 16.9179 -33.6680 -5.2202 -32.1413 8.7645 -38.6397 -23.5303 12.9386 -37.6623 30.1078 -44.3451 -15.3134 -45.4939 -31.0001 15.7380 -41.0162 18.7974 -48.5480 -25.8721 -9.0459 -35.2464 25.0603 -42.9827 -8.9546 -48.3575 -28.9840 6.1742 -37.4732 32.8056 -45.5184 -18.6566 -43.0057 -31.5652 13.7543 -39.5952 33.5200 -47.6143 -23.5858 -25.1211 -33.9076 20.5651 -41.6180 7.1688 -48.7746 -27.1489 -1.2805 -36.1134 28.0709 -43.9226 -13.6669 -47.2893 -29.4827
-48.7056 17.1516 -40.8959 18.6574 -32.9416 -31.6722 -22.2251 -47.3360 34.8253 -38.9136 11.9109 -30.3666 -45.2511 -16.8150 -45.0236 30.9791 -36.8633 3.7235 -27.7626 -48.6701 -4.6624 -42.3853 23.3843 -34.5939 -14.4751 -24.7403 -48.4201 27.6798 -40.1821 16.0887 -31.9320 -39.0512 -20.2450 -46.3745 34.1944 -37.9059 8.0901 -28.9315 -47.9689 -10.9804 -43.2972 25.6332 -35.2143 -8.9216 -25.2720 -48.5496 25.6903 -40.2708 16.7251 -33.3841 -6.8764 -32.3020 5.2146 -36.3350 32.8140 -49.0826 -28.5925 4.4603 -36.4844 29.1467 -44.7115 -17.7754 -39.0690 -33.3554 31.6205 -44.8046 -15.4180 -46.9366 -30.2841 9.4790 -38.3520 34.8160 -46.3360 -20.9769 -37.6414 -32.6153 16.5770 -40.5134 26.7370 -48.3100 -25.3011 -13.4017 -34.8665 23.6551 -42.6096 -5.1977 -48.6469 -28.5371 4.0065 -37.0148 31.2423 -44.7583 -17.1289 -45.0421 -31.1575 12.1414 -39.1371 34.9176 -47.1626 -22.7225 -31.0028
