-1.3969 -40.9366 18.4382 -32.0458 -37.7434 -20.2744 -46.2433 32.9911 -37.1652 5.4570 -27.4096 -48.7280 -5.5029 -41.9257 21.2470 -33.1138 -29.5794 -21.9846 -47.1457 33.4017 -38.0723 9.0818 -28.5526 -48.1136 -11.6121 -43.0262 24.3708 -34.1998 -18.1894 -23.5314 -47.9362 30.1497 -39.0001 12.2405 -29.6960 -46.5316 -15.3736 -44.1146 27.5572 -35.2407 -7.1683 -24.9220 -48.5191 20.9063 -39.9299 15.2514 -30.9461 -42.3377 -19.9505 -47.2454 -3.6600 -47.3351 -20.2798 -41.3553 -31.1822 15.8710 -40.1261 18.0684 -48.6075 -25.2003 -5.2680 -35.4543 28.2269 -44.3432 -16.0090 -46.0265 -29.9372 12.8784 -39.1981 28.7641 -48.0808 -23.8383 -15.6573 -34.4257 25.0460 -43.2583 -12.5459 -47.8724 -28.7949 9.7814 -38.2687 33.0967 -47.3266 -22.3291 -27.3570 -33.3468 21.9016 -42.1603 -7.1157 -48.6587 -27.6544 6.3047 -37.3602 33.2806 -46.4474 -20.6691 -36.2154 -32.2847 19.0716 -41.1713 -3.4064
-40.9366 18.6029 -32.6715 -35.5565 -20.8788 -46.4784 34.0304 -37.6402 6.4951 -28.2486 -48.5905 -4.2151 -42.0524 21.7426 -33.7799 -26.1449 -22.7620 -47.3858 34.9536 -38.5015 9.8644 -29.3528 -47.7018 -11.2994 -43.1972 24.8872 -34.8283 -14.4166 -24.4008 -48.1478 32.5058 -39.3646 12.8783 -30.4614 -45.6973 -15.5342 -44.3214 28.1484 -35.8212 -4.4843 -25.8336 -48.6688 24.2411 -40.2064 15.7571 -31.5928 -41.6569 -19.1605 -46.2207 34.7169 -42.0283 34.5116 -46.3910 -19.6328 -40.5557 -31.8257 16.3653 -40.3802 21.5548 -48.7389 -26.1143 -2.8653 -36.0237 28.8449 -44.5555 -16.2376 -45.0756 -30.6958 13.4923 -39.5475 31.3211 -48.2816 -24.7220 -12.0299 -35.0444 25.5756 -43.4368 -12.3575 -47.3838 -29.5878 10.5238 -38.6866 34.7923 -47.5623 -23.1293 -23.7377 -34.0048 22.3977 -42.2972 -6.1062 -48.4719 -28.4853 7.2708 -37.8265 34.4080 -46.6835 -21.3086 -33.8274 -32.9028 19.2300 -41.1713
18.4382 -32.6715 -34.8569 -21.1701 -46.6536 34.3922 -37.8586 7.3201 -28.5028 -48.4556 -6.3392 -42.3309 22.4935 -34.0464 -23.3954 -23.1807 -47.5883 34.7581 -38.7527 10.6244 -29.6219 -47.3321 -12.5099 -43.4739 25.6786 -35.0900 -11.6691 -24.7679 -48.3014 31.1242 -39.6230 13.5868 -30.7320 -44.9766 -16.3413 -44.5915 28.9478 -36.0707 -2.6288 -26.1529 -48.7478 21.1143 -40.4700 16.4495 -31.8429 -40.6719 -19.2834 -45.9183 34.1260 -39.1819 21.7496 -39.2740 34.4328 -46.1231 -19.7703 -39.4588 -32.0755 17.0597 -40.6461 18.0638 -48.7970 -26.4242 -1.1826 -36.2685 29.6356 -44.8240 -16.9929 -44.2618 -30.9681 14.1979 -39.8060 29.5943 -48.4212 -25.0781 -9.4316 -35.3033 26.3711 -43.7134 -13.4566 -46.9521 -29.8586 11.2698 -38.9388 34.3973 -47.7557 -23.5355 -20.8854 -34.2704 23.1556 -42.5753 -7.9667 -48.2965 -28.7409 8.0590 -38.0459 34.6907 -46.8551 -21.5889 -33.0647 -32.9028 19.0716
-32.0458 -35.5565 -21.1701 -46.7205 34.5726 -37.9973 7.9600 -28.7253 -48.2950 -8.0493 -42.5972 23.2295 -34.2967 -20.5727 -23.5802 -47.7780 34.3351 -38.9642 11.3614 -29.8912 -46.8920 -13.5852 -43.7474 26.4721 -35.3346 -9.1217 -25.1222 -48.4383 29.3514 -39.8329 14.2859 -31.0008 -44.1503 -17.0838 -44.8574 29.7349 -36.2970 -0.9834 -26.4629 -48.8032 17.5972 -40.6725 17.1524 -32.1058 -39.3509 -19.7203 -45.9897 33.3833 -37.9440 12.3923 -34.2740 12.7032 -38.0963 33.8358 -46.2022 -20.1930 -37.9962 -32.3393 17.7664 -40.8465 14.2682 -48.8288 -26.7239 0.3153 -36.4886 30.4078 -45.0885 -17.6923 -43.3348 -31.2373 14.8968 -40.0128 27.4639 -48.5436 -25.4219 -7.0657 -35.5447 27.1659 -43.9868 -14.4416 -46.4444 -30.1285 11.9935 -39.1488 33.7454 -47.9363 -23.9234 -18.0306 -34.5193 23.9012 -42.8402 -9.4746 -48.0951 -28.9626 8.6742 -38.1831 34.8175 -46.9201 -21.5889 -33.8274 -32.2847
-37.7434 -20.8788 -46.6536 34.5726 -38.0492 8.3169 -28.8790 -48.1403 -9.3190 -42.8306 23.9083 -34.5304 -17.8253 -23.9550 -47.9535 33.6645 -39.1721 12.0739 -30.1587 -46.3764 -14.5521 -44.0192 27.2645 -35.5751 -6.7984 -25.4652 -48.5580 27.1622 -40.0386 14.9798 -31.2687 -43.2111 -17.7728 -45.1197 30.5024 -36.5157 0.4853 -26.7604 -48.8313 13.7832 -40.8723 17.8554 -32.3713 -37.8020 -20.2274 -46.1836 33.5188 -37.6311 8.2859 -31.0460 -20.8609 -31.1444 8.8636 -37.8073 33.9723 -46.3949 -20.6811 -36.2914 -32.6055 18.4763 -41.0416 10.3533 -48.8327 -27.0108 1.6571 -36.7026 31.1569 -45.3479 -18.3424 -42.2819 -31.5048 15.5895 -40.2179 24.8979 -48.6480 -25.7548 -4.9475 -35.7815 27.9596 -44.2569 -15.3311 -45.8539 -30.3944 12.6957 -39.3557 32.8220 -48.1013 -24.2882 -15.3137 -34.7506 24.5904 -43.0728 -10.5928 -47.9069 -29.1162 9.0194 -38.2348 34.8175 -46.8551 -21.3086 -36.2154
-20.2744 -46.4784 34.3922 -37.9973 8.3169 -28.9344 -48.0435 -10.1051 -43.0081 24.4749 -34.7315 -15.3849 -24.2929 -48.1096 32.7492 -39.3746 12.7595 -30.4207 -45.7831 -15.4260 -44.2875 28.0563 -35.8107 -4.7150 -25.7969 -48.6591 24.5462 -40.2425 15.6723 -31.5361 -42.1420 -18.4180 -45.3788 31.2494 -36.7293 1.8098 -27.0464 -48.8307 9.8568 -41.0660 18.5612 -32.6365 -36.0649 -20.7356 -46.4113 33.9281 -37.6761 7.1662 -29.3174 -44.7795 -24.2743 -44.4246 -29.4977 7.8724 -37.8608 34.3246 -46.6172 -21.1718 -34.3847 -32.8698 19.1874 -41.2337 6.5111 -48.8054 -27.2877 2.8759 -36.9141 31.8771 -45.6037 -18.9540 -41.0888 -31.7719 16.2827 -40.4210 21.8970 -48.7316 -26.0765 -3.0636 -36.0129 28.7480 -44.5228 -16.1385 -45.1793 -30.6549 13.3762 -39.5565 31.6295 -48.2468 -24.6166 -12.9336 -34.9494 25.1620 -43.2509 -11.2928 -47.7902 -29.1722 9.0194 -38.1831 34.6907 -46.6835 -20.6691
-46.2433 34.0304 -37.8586 7.9600 -28.8790 -48.0435 -10.3716 -43.1063 24.8575 -34.8808 -13.4382 -24.5757 -48.2393 31.6435 -39.5612 13.4089 -30.6717 -45.1219 -16.2083 -44.5492 28.8346 -36.0389 -2.8671 -26.1138 -48.7394 21.4954 -40.4452 16.3657 -31.8031 -40.9300 -19.0259 -45.6343 31.9661 -36.9413 3.0201 -27.3228 -48.7991 6.0473 -41.2564 19.2729 -32.9007 -34.1357 -21.2285 -46.6428 34.3499 -37.8383 7.3927 -28.8062 -47.7059 -17.3454 -47.8912 -17.6521 -47.4536 -29.0244 8.1191 -38.0253 34.6612 -46.8440 -21.6463 -32.2808 -33.1331 19.9054 -41.4222 2.9470 -48.7660 -27.5597 3.9943 -37.1261 32.5579 -45.8559 -19.5323 -39.7417 -32.0384 16.9780 -40.6219 18.4917 -48.7917 -26.3845 -1.3964 -36.2374 29.5191 -44.7818 -16.8660 -44.4287 -30.9065 14.0217 -39.7429 30.2398 -48.3665 -24.8912 -11.0836 -35.0973 25.5468 -43.3491 -11.5351 -47.7902 -29.1162 8.6742 -38.0459 34.4080 -46.4474
32.9911 -37.6402 7.3201 -28.7253 -48.1403 -10.1051 -43.1063 24.9919 -34.9609 -12.1819 -24.7813 -48.3373 30.4888 -39.7260 13.9943 -30.9056 -44.4069 -16.8996 -44.7995 29.5839 -36.2561 -1.2369 -26.4156 -48.7966 18.0912 -40.6445 17.0597 -32.0696 -39.5634 -19.6007 -45.8858 32.6423 -37.1536 4.1297 -27.5941 -48.7594 2.5302 -41.4442 19.9920 -33.1641 -32.0010 -21.7024 -46.8699 34.6920 -38.0363 8.0436 -28.8195 -48.0875 -12.4917 -45.0547 31.8558 -45.1714 -13.2753 -47.8588 -29.0504 8.7571 -38.2237 34.8924 -47.0658 -22.1040 -29.9741 -33.3952 20.6315 -41.6435 -0.2182 -48.7208 -27.8306 5.0286 -37.3397 33.1875 -46.1036 -20.0812 -38.2286 -32.3044 17.6762 -40.8196 14.8160 -48.8274 -26.6775 0.0772 -36.4504 30.2586 -45.0296 -17.5177 -43.6229 -31.1401 14.6061 -39.9065 28.8295 -48.4546 -25.0916 -9.9116 -35.1773 25.6822 -43.3491 -11.2928 -47.9069 -28.9626 8.0590 -37.8265 33.2806
-37.1652 6.4951 -28.5028 -48.2950 -9.3190 -43.0081 24.8575 -34.9609 -11.7558 -24.8904 -48.3984 29.5049 -39.8575 14.4851 -31.1105 -43.6785 -17.5035 -45.0331 30.2832 -36.4605 0.1812 -26.7017 -48.8292 14.4434 -40.8381 17.7493 -32.3342 -38.0398 -20.1453 -46.1321 33.2647 -37.3658 5.1524 -27.8649 -48.7139 -0.5801 -41.6718 20.7197 -33.4270 -29.6665 -22.1586 -47.0929 34.9116 -38.2456 8.8034 -29.0097 -48.0204 -10.8724 -43.7190 31.4660 -39.9509 31.7841 -43.9120 -11.9159 -47.7667 -29.2448 9.4935 -38.4336 34.9776 -47.2809 -22.5458 -27.4753 -33.6563 21.3664 -41.9108 -2.9494 -48.6461 -28.1010 5.9925 -37.5534 33.7510 -46.3453 -20.6034 -36.5461 -32.5671 18.3702 -41.0118 11.0332 -48.8356 -26.9542 1.3739 -36.6498 30.9460 -45.2610 -18.0868 -42.8032 -31.3438 15.0929 -40.0364 27.6413 -48.5094 -25.1977 -9.5109 -35.1773 25.5468 -43.2509 -10.5928 -48.0951 -28.7409 7.2708 -37.3602
5.4570 -28.2486 -48.4556 -8.0493 -42.8306 24.4749 -34.8808 -12.1819 -24.8904 -48.4188 28.9194 -39.9424 14.8443 -31.2703 -43.0085 -18.0010 -45.2404 30.9121 -36.6476 1.3942 -26.9648 -48.8355 10.7186 -41.0269 18.4315 -32.5925 -36.3534 -20.6606 -46.3717 33.8149 -37.5770 6.1076 -28.1352 -48.6345 -3.2590 -41.9460 21.4561 -33.6886 -27.1394 -22.5995 -47.3077 34.9765 -38.4579 9.5780 -29.2567 -47.7959 -11.2117 -43.3775 27.2574 -37.0611 14.7700 -37.1520 27.8224 -43.6026 -12.2674 -47.4962 -29.4921 10.2446 -38.6449 34.8823 -47.4872 -22.9721 -24.8034 -33.9158 22.1116 -42.1895 -5.2792 -48.5309 -28.3710 6.8994 -37.7642 34.2302 -46.5794 -21.0976 -34.6980 -32.8245 19.0546 -41.1960 7.3412 -48.8167 -27.2093 2.4934 -36.8344 31.5551 -45.4667 -18.5555 -42.0523 -31.5035 15.4479 -40.1212 26.9447 -48.5280 -25.1977 -9.9116 -35.0973 25.1620 -43.0728 -9.4746 -48.2965 -28.4853 6.3047
-27.4096 -48.5905 -6.3392 -42.5972 23.9083 -34.7315 -13.4382 -24.7813 -48.3984 28.9194 -39.9725 15.0368 -31.3736 -42.4855 -18.3696 -45.4089 31.4442 -36.8110 2.4128 -27.2010 -48.8168 7.2232 -41.2058 19.1011 -32.8434 -34.5224 -21.1433 -46.6030 34.2760 -37.7866 6.9992 -28.4025 -48.5144 -5.5425 -42.2242 22.2010 -33.9488 -24.4449 -23.0242 -47.5126 34.8579 -38.6702 10.3369 -29.5205 -47.4735 -12.1698 -43.4523 26.2122 -35.8652 4.3557 -32.0238 4.8000 -36.0186 26.8676 -43.6895 -13.1424 -47.1176 -29.7560 10.9871 -38.8563 34.5763 -47.6838 -23.3837 -21.9827 -34.1737 22.8657 -42.4673 -7.2663 -48.3713 -28.6394 7.7542 -37.9740 34.6040 -46.8046 -21.5634 -32.7056 -33.0752 19.7299 -41.3719 4.0166 -48.7807 -27.4400 3.4306 -36.9971 32.0651 -45.6334 -18.9058 -41.4741 -31.6077 15.6413 -40.1513 26.9447 -48.5094 -25.0916 -11.0836 -34.9494 24.5904 -42.8402 -7.9667 -48.4719 -27.6544
-48.7280 -4.2151 -42.3309 23.2295 -34.5304 -15.3849 -24.5757 -48.3373 29.5049 -39.9424 15.0368 -31.4102 -42.1970 -18.6017 -45.5293 31.8414 -36.9461 3.2358 -27.4050 -48.7821 4.1735 -41.3688 19.7411 -33.0851 -32.5829 -21.5939 -46.8235 34.6321 -37.9935 7.8356 -28.6672 -48.3516 -7.4760 -42.5011 22.9539 -34.2046 -21.6285 -23.4330 -47.7078 34.5245 -38.8822 11.0779 -29.7879 -47.0708 -13.2109 -43.6662 26.4169 -35.5380 -2.8882 -28.4548 -41.3413 -28.5621 -1.6921 -35.7273 27.1013 -43.9048 -14.0967 -46.6481 -30.0232 11.7146 -39.0677 34.0252 -47.8697 -23.7808 -19.0862 -34.4281 23.6258 -42.7436 -8.9629 -48.1654 -28.9045 8.5572 -38.1810 34.8565 -47.0189 -21.9991 -30.6017 -33.3153 20.3791 -41.5469 1.2374 -48.7469 -27.6423 4.1905 -37.1312 32.4447 -45.7520 -19.1256 -41.1474 -31.6449 15.6413 -40.1212 27.6413 -48.4546 -24.8912 -12.9336 -34.7506 23.9012 -42.5753 -6.1062 -48.6587
-5.5029 -42.0524 22.4935 -34.2967 -17.8253 -24.2929 -48.2393 30.4888 -39.8575 14.8443 -31.3736 -42.1970 -18.6827 -45.5928 32.0894 -37.0428 3.8352 -27.5707 -48.7533 1.7016 -41.5196 20.3349 -33.3087 -30.5892 -22.0103 -47.0297 34.8676 -38.1961 8.6227 -28.9288 -48.1438 -9.1164 -42.7744 23.7112 -34.4559 -18.7576 -23.8258 -47.8922 33.9418 -39.0935 11.8038 -30.0566 -46.5878 -14.1955 -43.9210 27.0280 -35.5719 -5.3757 -26.6086 -48.6139 -19.5938 -48.5633 -26.8192 -3.7647 -35.7738 27.7239 -44.1587 -15.0004 -46.0911 -30.2909 12.4299 -39.2784 33.1926 -48.0440 -24.1624 -16.2210 -34.6775 24.3871 -43.0162 -10.4160 -47.9107 -29.1652 9.3181 -38.3822 34.9712 -47.2195 -22.4009 -28.4483 -33.5379 20.9789 -41.7377 -0.9481 -48.7149 -27.8085 4.7551 -37.2276 32.6756 -45.8153 -19.2022 -41.1474 -31.6077 15.4479 -40.0364 28.8295 -48.3665 -24.6166 -15.3137 -34.5193 23.1556 -42.2972 -7.1157
-41.9257 21.7426 -34.0464 -20.5727 -23.9550 -48.1096 31.6435 -39.7260 14.4851 -31.2703 -42.4855 -18.6017 -45.5928 32.1762 -37.0919 4.1995 -27.6898 -48.7335 -0.1348 -41.6754 20.8552 -33.5068 -28.6281 -22.3848 -47.2182 34.9719 -38.3912 9.3577 -29.1820 -47.8887 -10.5327 -43.0410 24.4622 -34.7040 -15.9179 -24.2032 -48.0635 33.0785 -39.3039 12.5177 -30.3250 -46.0195 -15.1059 -44.1872 27.7695 -35.7447 -4.8550 -26.0727 -48.7463 -5.9117 -45.7131 -6.7771 -48.7689 -26.3307 -3.2169 -35.9478 28.4652 -44.4241 -15.8373 -45.4418 -30.5592 13.1358 -39.4887 32.0508 -48.2044 -24.5293 -13.4590 -34.9231 25.1447 -43.2830 -11.6733 -47.6043 -29.4181 10.0323 -38.5765 34.9399 -47.4021 -22.7637 -26.3576 -33.7353 21.5047 -41.9213 -2.5687 -48.6780 -27.9274 5.0955 -37.2780 32.7543 -45.8153 -19.1256 -41.4741 -31.5035 15.0929 -39.9065 30.2398 -48.2468 -24.2882 -18.0306 -34.2704 22.3977 -42.1603
21.2470 -33.7799 -23.3954 -23.5802 -47.9535 32.7492 -39.5612 13.9943 -31.1105 -43.0085 -18.3696 -45.5293 32.0894 -37.0919 4.3254 -27.7515 -48.7158 -1.3631 -41.8174 21.2805 -33.6739 -26.8338 -22.7076 -47.3848 34.9449 -38.5740 10.0377 -29.4244 -47.5894 -11.7484 -43.3022 25.2089 -34.9448 -13.1901 -24.5658 -48.2199 31.9067 -39.5126 13.2171 -30.5928 -45.3598 -15.9377 -44.4555 28.5514 -35.9594 -3.3831 -26.1120 -48.7312 10.6444 -42.6016 33.7488 -42.6949 7.9022 -48.7662 -26.3800 -1.8659 -36.1594 29.2397 -44.6901 -16.6129 -44.6935 -30.8270 13.8310 -39.6955 30.5666 -48.3485 -24.8815 -10.8616 -35.1620 25.8975 -43.5439 -12.7636 -47.2523 -29.6602 10.6924 -38.7591 34.7694 -47.5624 -23.0765 -24.4633 -33.9009 21.9343 -42.0628 -3.6392 -48.6492 -27.9883 5.2080 -37.2780 32.6756 -45.7520 -18.9058 -42.0523 -31.3438 14.6061 -39.7429 31.6295 -48.1013 -23.9234 -20.8854 -34.0048 21.9016
-33.1138 -26.1449 -23.1807 -47.7780 33.6645 -39.3746 13.4089 -30.9056 -43.6785 -18.0010 -45.4089 31.8414 -37.0428 4.1995 -27.7515 -48.7088 -1.9707 -41.9068 21.5863 -33.8013 -25.3258 -22.9709 -47.5233 34.8088 -38.7395 10.6512 -29.6514 -47.2541 -12.7837 -43.5536 25.9396 -35.1767 -10.6505 -24.9120 -48.3607 30.4042 -39.7175 13.9056 -30.8578 -44.6032 -16.7025 -44.7203 29.3306 -36.1837 -1.7655 -26.3401 -48.7783 15.6272 -41.3174 23.8978 -37.8355 24.2301 -41.4490 12.4549 -48.8099 -26.6039 -0.3996 -36.3779 30.0128 -44.9521 -17.3299 -43.8420 -31.0914 14.5149 -39.8974 28.7261 -48.4756 -25.2185 -8.4905 -35.3904 26.6333 -43.7941 -13.7032 -46.8636 -29.8872 11.2942 -38.9238 34.4882 -47.6958 -23.3321 -22.8872 -34.0270 22.2431 -42.1522 -4.1586 -48.6386 -27.9883 5.0955 -37.2276 32.4447 -45.6334 -18.5555 -42.8032 -31.1401 14.0217 -39.5565 32.8220 -47.9363 -23.5355 -23.7377 -33.3468
-29.5794 -22.7620 -47.5883 34.3351 -39.1721 12.7595 -30.6717 -44.4069 -17.5035 -45.2404 31.4442 -36.9461 3.8352 -27.6898 -48.7158 -1.9707 -41.9369 21.7440 -33.8803 -24.2329 -23.1704 -47.6321 34.6064 -38.8800 11.1804 -29.8568 -46.8989 -13.6649 -43.7890 26.6368 -35.3977 -8.3754 -25.2390 -48.4852 28.5589 -39.9165 14.5802 -31.1186 -43.7465 -17.4069 -44.9804 30.0989 -36.4031 -0.2443 -26.6181 -48.8180 14.5761 -41.0048 19.8804 -34.9257 7.5816 -35.0226 20.3842 -41.1625 11.2376 -48.8307 -26.8738 0.9903 -36.5926 30.7643 -45.2095 -17.9932 -42.8820 -31.3520 15.1885 -40.0960 26.5216 -48.5849 -25.5373 -6.3915 -35.6073 27.3353 -44.0286 -14.5077 -46.4511 -30.0915 11.8167 -39.0655 34.1507 -47.7995 -23.5257 -21.7636 -34.1055 22.4028 -42.1822 -4.1586 -48.6492 -27.9274 4.7551 -37.1312 32.0651 -45.4667 -18.0868 -43.6229 -30.9065 13.3762 -39.3557 33.7454 -47.7557 -23.1293 -27.3570
-21.9846 -47.3858 34.7581 -38.9642 12.0739 -30.4207 -45.1219 -16.8996 -45.0331 30.9121 -36.8110 3.2358 -27.5707 -48.7335 -1.3631 -41.9068 21.7440 -33.9069 -23.6774 -23.2917 -47.7075 34.3880 -38.9936 11.6151 -30.0329 -46.5424 -14.3980 -44.0047 27.2944 -35.6019 -6.3933 -25.5428 -48.5902 26.3845 -40.1106 15.2388 -31.3753 -42.7875 -18.0565 -45.2353 30.8451 -36.6152 1.1341 -26.9004 -48.8341 11.5555 -41.0358 18.9442 -33.5713 -12.5070 -29.6226 -11.3850 -33.7400 19.5204 -41.2001 8.1546 -48.8221 -27.1472 2.2509 -36.8014 31.4886 -45.4620 -18.6081 -41.8067 -31.6095 15.8500 -40.2889 23.9770 -48.6741 -25.8322 -4.5869 -35.8089 27.9902 -44.2431 -15.1817 -46.0416 -30.2676 12.2474 -39.1792 33.8220 -47.8706 -23.6435 -21.1916 -34.1318 22.4028 -42.1522 -3.6392 -48.6780 -27.8085 4.1905 -36.9971 31.5551 -45.2610 -17.5177 -44.4287 -30.6549 12.6957 -39.1488 34.3973 -47.5623 -22.3291
-47.1457 34.9536 -38.7527 11.3614 -30.1587 -45.7831 -16.2083 -44.7995 30.2832 -36.6476 2.4128 -27.4050 -48.7533 -0.1348 -41.8174 21.5863 -33.8803 -23.6774 -23.3302 -47.7432 34.2225 -39.0753 11.9487 -30.1731 -46.2134 -14.9837 -44.1931 27.8871 -35.7862 -4.7059 -25.8202 -48.6744 23.9497 -40.2974 15.8812 -31.6253 -41.7232 -18.6593 -45.4840 31.5548 -36.8225 2.3719 -27.1733 -48.8207 7.9588 -41.1779 19.1267 -33.1163 -27.5855 -25.3271 -47.9635 -25.4749 -25.7782 -33.3224 19.7392 -41.3435 4.6886 -48.7869 -27.4143 3.3880 -37.0070 32.1714 -45.7067 -19.1800 -40.6153 -31.8597 16.4905 -40.4735 21.2054 -48.7427 -26.1014 -3.0667 -35.9903 28.5797 -44.4292 -15.7239 -45.6662 -30.4095 12.5751 -39.2590 33.5835 -47.9046 -23.6810 -21.1916 -34.1055 22.2431 -42.0628 -2.5687 -48.7149 -27.6423 3.4306 -36.8344 30.9460 -45.0296 -16.8660 -45.1793 -30.3944 11.9935 -38.9388 34.7923 -47.3266
33.4017 -38.5015 10.6244 -29.8912 -46.3764 -15.4260 -44.5492 29.5839 -36.4605 1.3942 -27.2010 -48.7821 1.7016 -41.6754 21.2805 -33.8013 -24.2329 -23.2917 -47.7432 34.1645 -39.1147 12.1562 -30.2734 -45.9423 -15.4248 -44.3482 28.3887 -35.9459 -3.3235 -26.0675 -48.7388 21.3539 -40.4722 16.4952 -31.8658 -40.5603 -19.2141 -45.7235 32.2234 -37.0253 3.4866 -27.4376 -48.7843 4.3955 -41.3505 19.6728 -33.1323 -30.8063 -23.0545 -48.3551 -11.4819 -48.4106 -23.3399 -28.8703 -33.3540 20.3069 -41.5242 1.4280 -48.7465 -27.6756 4.4293 -37.2105 32.8000 -45.9431 -19.7092 -39.3268 -32.1005 17.1044 -40.6463 18.3147 -48.7908 -26.3405 -1.8115 -36.1469 29.0786 -44.5820 -16.1380 -45.3549 -30.5105 12.7778 -39.2990 33.5015 -47.9046 -23.6435 -21.7636 -34.0270 21.9343 -41.9213 -0.9481 -48.7469 -27.4400 2.4934 -36.6498 30.2586 -44.7818 -16.1385 -45.8539 -30.1285 11.2698 -38.6866 33.0967
-38.0723 9.8644 -29.6219 -46.8920 -14.5521 -44.2875 28.8346 -36.2561 0.1812 -26.9648 -48.8168 4.1735 -41.5196 20.8552 -33.6739 -25.3258 -23.1704 -47.7075 34.2225 -39.1147 12.2237 -30.3242 -45.7616 -15.7297 -44.4667 28.7859 -36.0763 -2.2350 -26.2779 -48.7836 18.7411 -40.6319 17.0715 -32.0939 -39.3295 -19.7210 -45.9510 32.8358 -37.2236 4.5036 -27.6971 -48.7435 1.1610 -41.5422 20.3362 -33.3144 -30.2263 -22.4196 -47.5861 25.7908 -43.4853 24.6064 -47.7166 -22.7704 -28.1203 -33.5420 20.9766 -41.7555 -1.4280 -48.6957 -27.9341 5.3827 -37.4105 33.3653 -46.1680 -20.1956 -37.9669 -32.3275 17.6856 -40.8038 15.4975 -48.8204 -26.5442 -0.8182 -36.2743 29.4737 -44.6995 -16.4244 -45.1494 -30.5612 12.8445 -39.2990 33.5835 -47.8706 -23.5257 -22.8872 -33.9009 21.5047 -41.7377 1.2374 -48.7807 -27.2093 1.3739 -36.4504 29.5191 -44.5228 -15.3311 -46.4444 -29.8586 10.5238 -38.2687
9.0818 -29.3528 -47.3321 -13.5852 -44.0192 28.0563 -36.0389 -1.2369 -26.7017 -48.8355 7.2232 -41.3688 20.3349 -33.5068 -26.8338 -22.9709 -47.6321 34.3880 -39.0753 12.1562 -30.3242 -45.6996 -15.8823 -44.5415 29.0696 -36.1739 -1.4185 -26.4474 -48.8116 16.3173 -40.7713 17.5979 -32.3038 -38.0567 -20.1799 -46.1653 33.3745 -37.4164 5.4289 -27.9501 -48.6906 -1.6375 -41.7773 21.0323 -33.5482 -28.3632 -22.5024 -47.3862 34.1679 -40.5341 26.5926 -40.6192 33.6391 -47.5502 -22.8711 -26.0917 -33.7760 21.6768 -42.0219 -3.8630 -48.6106 -28.1873 6.2531 -37.6041 33.8500 -46.3774 -20.6356 -36.5655 -32.5361 18.2150 -40.9436 12.9489 -48.8345 -26.7091 -0.0855 -36.3694 29.7544 -44.7741 -16.5657 -45.0790 -30.5612 12.7778 -39.2590 33.8220 -47.7995 -23.3321 -24.4633 -33.7353 20.9789 -41.5469 4.0166 -48.8167 -26.9542 0.0772 -36.2374 28.7480 -44.2569 -14.4416 -46.9521 -29.5878 9.7814
-28.5526 -47.7018 -12.5099 -43.7474 27.2645 -35.8107 -2.8671 -26.4156 -48.8292 10.7186 -41.2058 19.7411 -33.3087 -28.6281 -22.7076 -47.5233 34.6064 -38.9936 11.9487 -30.2734 -45.7616 -15.8823 -44.5667 29.2138 -36.2344 -0.8700 -26.5739 -48.8277 14.2417 -40.8885 18.0564 -32.4886 -36.8053 -20.5865 -46.3624 33.8301 -37.5998 6.2586 -28.1935 -48.6068 -4.0006 -42.0397 21.7300 -33.7912 -26.0011 -22.8196 -47.4518 34.7554 -39.3157 16.8153 -35.7179 17.1150 -39.4616 34.4088 -47.6236 -23.1832 -23.6008 -34.0176 22.3819 -42.2841 -5.9185 -48.4928 -28.4293 7.0438 -37.7875 34.2440 -46.5692 -21.0271 -35.1898 -32.7205 18.6754 -41.0601 10.8066 -48.8379 -26.8310 0.4116 -36.4295 29.8949 -44.7990 -16.5657 -45.1494 -30.5105 12.5751 -39.1792 34.1507 -47.6958 -23.0765 -26.3576 -33.5379 20.3791 -41.3719 7.3412 -48.8356 -26.6775 -1.3964 -36.0129 27.9596 -43.9868 -13.4566 -47.3838 -28.7949
-48.1136 -11.2994 -43.4739 26.4721 -35.5751 -4.7150 -26.1138 -48.7966 14.4434 -41.0269 19.1011 -33.0851 -30.5892 -22.3848 -47.3848 34.8088 -38.8800 11.6151 -30.1731 -45.9423 -15.7297 -44.5415 29.2138 -36.2553 -0.6000 -26.6525 -48.8350 12.6257 -40.9829 18.4332 -32.6447 -35.6454 -20.9337 -46.5360 34.1985 -37.7707 7.0010 -28.4235 -48.4936 -5.9623 -42.2929 22.4208 -34.0305 -23.4518 -23.1893 -47.6048 34.6510 -38.9992 13.0638 -32.6536 -4.5386 -32.7527 13.5569 -39.1725 34.2297 -47.7726 -23.5431 -20.9644 -34.2553 23.0820 -42.5382 -7.6259 -48.3453 -28.6591 7.7567 -37.9573 34.5456 -46.7399 -21.3614 -33.9133 -32.8761 19.0564 -41.1509 9.1877 -48.8369 -26.9059 0.6630 -36.4500 29.8949 -44.7741 -16.4244 -45.3549 -30.4095 12.2474 -39.0655 34.4882 -47.5624 -22.7637 -28.4483 -33.3153 19.7299 -41.1960 11.0332 -48.8274 -26.3845 -3.0636 -35.7815 27.1659 -43.7134 -12.3575 -47.8724
-11.6121 -43.1972 25.6786 -35.3346 -6.7984 -25.7969 -48.7394 18.0912 -40.8381 18.4315 -32.8434 -32.5829 -22.0103 -47.2182 34.9449 -38.7395 11.1804 -30.0329 -46.2134 -15.4248 -44.4667 29.0696 -36.2344 -0.6000 -26.6794 -48.8373 11.5981 -41.0482 18.7196 -32.7686 -34.6186 -21.2180 -46.6834 34.4760 -37.9250 7.6585 -28.6363 -48.3552 -7.5737 -42.5350 23.0928 -34.2621 -20.8640 -23.5567 -47.7741 34.2972 -39.0360 12.1251 -31.0251 -37.0082 -26.6518 -36.2348 -31.2036 12.7045 -39.2174 33.6964 -47.9337 -23.9002 -18.3237 -34.4865 23.7622 -42.7787 -9.0433 -48.1713 -28.8728 8.3896 -38.1117 34.7530 -46.8841 -21.6348 -32.8031 -32.9993 19.3443 -41.2161 8.1882 -48.8346 -26.9313 0.6630 -36.4295 29.7544 -44.6995 -16.1380 -45.6662 -30.2676 11.8167 -38.9238 34.7694 -47.4021 -22.4009 -30.6017 -33.0752 19.0546 -41.0118 14.8160 -48.7917 -26.0765 -4.9475 -35.5447 26.3711 -43.4368 -12.5459
-43.0262 24.8872 -35.0900 -9.1217 -25.4652 -48.6591 21.4954 -40.6445 17.7493 -32.5925 -34.5224 -21.5939 -47.0297 34.9719 -38.5740 10.6512 -29.8568 -46.5424 -14.9837 -44.3482 28.7859 -36.1739 -0.8700 -26.6525 -48.8373 11.2458 -41.0816 18.9004 -32.8548 -33.8119 -21.4380 -46.8027 34.6673 -38.0571 8.2183 -28.8286 -48.1999 -8.8964 -42.7613 23.7329 -34.4812 -18.3230 -23.9070 -47.9369 33.7026 -39.1835 12.2827 -30.5204 -43.9612 -21.1329 -48.6999 -21.3470 -43.2968 -30.7342 12.8870 -39.3665 32.8731 -48.0873 -24.2407 -15.7836 -34.7042 24.4090 -43.0031 -10.2190 -47.9802 -29.0643 8.9296 -38.2454 34.8774 -46.9988 -21.8464 -31.9352 -33.0851 19.5264 -41.2493 7.8572 -48.8346 -26.9059 0.4116 -36.3694 29.4737 -44.5820 -15.7239 -46.0416 -30.0915 11.2942 -38.7591 34.9399 -47.2195 -21.9991 -32.7056 -32.8245 18.3702 -40.8196 18.4917 -48.7316 -25.7548 -7.0657 -35.3033 25.5756 -43.2583
24.3708 -34.8283 -11.6691 -25.1222 -48.5580 24.5462 -40.4452 17.0597 -32.3342 -36.3534 -21.1433 -46.8235 34.8676 -38.3912 10.0377 -29.6514 -46.8989 -14.3980 -44.1931 28.3887 -36.0763 -1.4185 -26.5739 -48.8350 11.5981 -41.0816 18.9624 -32.8984 -33.2978 -21.5893 -46.8907 34.7873 -38.1653 8.6739 -28.9930 -48.0385 -9.9717 -42.9669 24.3321 -34.6847 -15.9136 -24.2327 -48.0858 32.8720 -39.3589 12.7768 -30.5188 -45.0685 -17.9504 -46.5408 14.5349 -46.6433 -18.3987 -44.4254 -30.7465 13.3899 -39.5431 31.7905 -48.2251 -24.5579 -13.4376 -34.9045 25.0145 -43.2075 -11.1711 -47.7850 -29.2294 9.3680 -38.3521 34.9412 -47.0844 -21.9925 -31.3810 -33.1301 19.5903 -41.2493 8.1882 -48.8369 -26.8310 -0.0855 -36.2743 29.0786 -44.4292 -15.1817 -46.4511 -29.8872 10.6924 -38.5765 34.9712 -47.0189 -21.5634 -34.6980 -32.5671 17.6762 -40.6219 21.8970 -48.6480 -25.4219 -9.4316 -35.0444 25.0460
-34.1998 -14.4166 -24.7679 -48.4383 27.1622 -40.2425 16.3657 -32.0696 -38.0398 -20.6606 -46.6030 34.6321 -38.1961 9.3577 -29.4244 -47.2541 -13.6649 -44.0047 27.8871 -35.9459 -2.2350 -26.4474 -48.8277 12.6257 -41.0482 18.9004 -32.8984 -33.1198 -21.6653 -46.9446 34.8545 -38.2455 9.0252 -29.1264 -47.8843 -10.8144 -43.1467 24.8758 -34.8691 -13.7259 -24.5303 -48.2180 31.8273 -39.5375 13.3544 -30.6826 -44.9275 -16.9778 -45.3841 34.9115 -41.2947 35.0011 -45.5604 -17.5491 -44.2280 -30.9164 13.9671 -39.7205 30.4746 -48.3462 -24.8468 -11.3573 -35.0858 25.5621 -43.3877 -11.9246 -47.6005 -29.3634 9.7058 -38.4320 34.9672 -47.1372 -22.0676 -31.1909 -33.1301 19.5264 -41.2161 9.1877 -48.8379 -26.7091 -0.8182 -36.1469 28.5797 -44.2431 -14.5077 -46.8636 -29.6602 10.0323 -38.3822 34.8565 -46.8046 -21.0976 -36.5461 -32.3044 16.9780 -40.4210 24.8979 -48.5436 -25.0781 -12.0299 -34.4257
-18.1894 -24.4008 -48.3014 29.3514 -40.0386 15.6723 -31.8031 -39.5634 -20.1453 -46.3717 34.2760 -37.9935 8.6227 -29.1820 -47.5894 -12.7837 -43.7890 27.2944 -35.7862 -3.3235 -26.2779 -48.8116 14.2417 -40.9829 18.7196 -32.8548 -33.2978 -21.6653 -46.9627 34.8837 -38.2947 9.2623 -29.2259 -47.7495 -11.4469 -43.2963 25.3431 -35.0289 -11.8547 -24.7934 -48.3313 30.6102 -39.7085 13.9328 -30.8912 -44.3964 -17.0855 -45.0529 32.0762 -38.4256 19.1848 -38.5154 32.5525 -45.2658 -17.6830 -43.6126 -31.1259 14.5427 -39.8906 28.9812 -48.4490 -25.1032 -9.5993 -35.2437 26.0317 -43.5378 -12.4988 -47.4424 -29.4622 9.9396 -38.4826 34.9742 -47.1547 -22.0676 -31.3810 -33.0851 19.3443 -41.1509 10.8066 -48.8345 -26.5442 -1.8115 -35.9903 27.9902 -44.0286 -13.7032 -47.2523 -29.4181 9.3181 -38.1810 34.6040 -46.5794 -20.6034 -38.2286 -32.0384 16.2827 -40.2179 27.4639 -48.4212 -24.7220 -15.6573
-23.5314 -48.1478 31.1242 -39.8329 14.9798 -31.5361 -40.9300 -19.6007 -46.1321 33.8149 -37.7866 7.8356 -28.9288 -47.8887 -11.7484 -43.5536 26.6368 -35.6019 -4.7059 -26.0675 -48.7836 16.3173 -40.8885 18.4332 -32.7686 -33.8119 -21.5893 -46.9446 34.8837 -38.3119 9.3818 -29.2877 -47.6501 -11.8933 -43.4132 25.7197 -35.1607 -10.3377 -25.0173 -48.4242 29.2973 -39.8651 14.4771 -31.1034 -43.7070 -17.5276 -45.0975 31.0477 -37.2006 9.8363 -33.4653 10.1641 -37.3502 31.6487 -45.3215 -18.1070 -42.8373 -31.3381 15.0880 -40.0459 27.3980 -48.5318 -25.3216 -8.1820 -35.3738 26.4119 -43.6531 -12.9028 -47.3245 -29.5231 10.0579 -38.4997 34.9742 -47.1372 -21.9925 -31.9352 -32.9993 19.0564 -41.0601 12.9489 -48.8204 -26.3405 -3.0667 -35.8089 27.3353 -43.7941 -12.7636 -47.6043 -29.1652 8.5572 -37.9740 34.2302 -46.3453 -20.0812 -39.7417 -31.7719 15.5895 -40.0128 29.5943 -48.2816 -23.8383
-47.9362 32.5058 -39.6230 14.2859 -31.2687 -42.1420 -19.0259 -45.8858 33.2647 -37.5770 6.9992 -28.6672 -48.1438 -10.5327 -43.3022 25.9396 -35.3977 -6.3933 -25.8202 -48.7388 18.7411 -40.7713 18.0564 -32.6447 -34.6186 -21.4380 -46.8907 34.8545 -38.2947 9.3818 -29.3094 -47.5975 -12.1638 -43.4929 25.9985 -35.2624 -9.1500 -25.2002 -48.4961 27.9830 -40.0033 14.9683 -31.3016 -42.9572 -18.0216 -45.2578 31.1300 -36.8756 5.1458 -30.1285 -30.2366 -30.2260 5.8270 -37.0501 31.7547 -45.4829 -18.5751 -41.9984 -31.5356 15.5763 -40.1816 25.8395 -48.5955 -25.4986 -7.0989 -35.4742 26.6948 -43.7316 -13.1416 -47.2631 -29.5438 10.0579 -38.4826 34.9672 -47.0844 -21.8464 -32.8031 -32.8761 18.6754 -40.9436 15.4975 -48.7908 -26.1014 -4.5869 -35.6073 26.6333 -43.5439 -11.6733 -47.9107 -28.9045 7.7542 -37.7642 33.7510 -46.1036 -19.5323 -41.0888 -31.5048 14.8968 -39.8060 31.3211 -48.0808
30.1497 -39.3646 13.5868 -31.0008 -43.2111 -18.4180 -45.6343 32.6423 -37.3658 6.1076 -28.4025 -48.3516 -9.1164 -43.0410 25.2089 -35.1767 -8.3754 -25.5428 -48.6744 21.3539 -40.6319 17.5979 -32.4886 -35.6454 -21.2180 -46.8027 34.7873 -38.2455 9.2623 -29.2877 -47.5975 -12.2563 -43.5332 26.1717 -35.3313 -8.3108 -25.3405 -48.5504 26.7579 -40.1188 15.3948 -31.4760 -42.2051 -18.4778 -45.4400 31.5496 -36.8868 3.6286 -28.3471 -46.9761 -22.7464 -46.7695 -28.5264 4.5079 -37.0687 32.1609 -45.6631 -19.0091 -41.1591 -31.7104 16.0001 -40.2973 24.4235 -48.6419 -25.6350 -6.3299 -35.5423 26.8674 -43.7721 -13.2195 -47.2631 -29.5231 9.9396 -38.4320 34.9412 -46.9988 -21.6348 -33.9133 -32.7205 18.2150 -40.8038 18.3147 -48.7427 -25.8322 -6.3915 -35.3904 25.8975 -43.2830 -10.4160 -48.1654 -28.6394 6.8994 -37.5534 33.1875 -45.8559 -18.9540 -42.2819 -31.2373 14.1979 -39.5475 28.7641
-39.0001 12.8783 -30.7320 -44.1503 -17.7728 -45.3788 31.9661 -37.1536 5.1524 -28.1352 -48.5144 -7.4760 -42.7744 24.4622 -34.9448 -10.6505 -25.2390 -48.5902 23.9497 -40.4722 17.0715 -32.3038 -36.8053 -20.9337 -46.6834 34.6673 -38.1653 9.0252 -29.2259 -47.6501 -12.1638 -43.5332 26.2310 -35.3657 -7.8228 -25.4354 -48.5885 25.7260 -40.2116 15.7488 -31.6249 -41.4943 -18.8713 -45.6128 32.0184 -36.9982 3.6876 -27.7891 -48.5392 -14.3631 -47.1742 -14.7664 -48.4330 -28.0083 4.6049 -37.1826 32.6080 -45.8325 -19.3836 -40.3666 -31.8598 16.3554 -40.3900 23.2332 -48.6745 -25.7278 -5.8772 -35.5766 26.9238 -43.7721 -13.1416 -47.3245 -29.4623 9.7058 -38.3521 34.8774 -46.8841 -21.3614 -35.1898 -32.5361 17.6856 -40.6463 21.2054 -48.6741 -25.5373 -8.4905 -35.1620 25.1447 -43.0162 -8.9629 -48.3713 -28.3710 5.9925 -37.3397 32.5579 -45.6037 -18.3424 -43.3348 -30.9681 13.4923 -39.1981
12.2405 -30.4614 -44.9766 -17.0838 -45.1197 31.2494 -36.9413 4.1297 -27.8649 -48.6345 -5.5425 -42.5011 23.7112 -34.7040 -13.1901 -24.9120 -48.4852 26.3845 -40.2974 16.4952 -32.0939 -38.0567 -20.5865 -46.5360 34.4760 -38.0571 8.6739 -29.1264 -47.7495 -11.8933 -43.4929 26.1717 -35.3657 -7.6624 -25.4834 -48.6103 24.9833 -40.2810 16.0223 -31.7451 -40.8622 -19.1965 -45.7629 32.4448 -37.1295 4.2263 -27.7381 -48.6942 -6.9318 -44.1029 34.9110 -44.2210 -8.2073 -48.6216 -27.9717 5.1212 -37.3142 33.0058 -45.9818 -19.6946 -39.6592 -31.9793 16.6324 -40.4599 22.3697 -48.6926 -25.7737 -5.7336 -35.5766 26.8674 -43.7316 -12.9030 -47.4423 -29.3635 9.3686 -38.2454 34.7530 -46.7399 -21.0271 -36.5655 -32.3275 17.1044 -40.4735 23.9770 -48.5851 -25.2187 -10.8616 -34.9231 24.3871 -42.7436 -7.2663 -48.5309 -28.1010 5.0286 -37.1261 31.8771 -45.3479 -17.6923 -44.2618 -30.6958 12.8784
-29.6960 -45.6973 -16.3413 -44.8574 30.5024 -36.7293 3.0201 -27.5941 -48.7139 -3.2590 -42.2242 22.9539 -34.4559 -15.9179 -24.5658 -48.3607 28.5589 -40.1106 15.8812 -31.8658 -39.3295 -20.1799 -46.3624 34.1985 -37.9250 8.2183 -28.9930 -47.8843 -11.4469 -43.4132 25.9985 -35.3313 -7.8228 -25.4834 -48.6173 24.5818 -40.3234 16.2119 -31.8346 -40.3442 -19.4512 -45.8873 32.7977 -37.2516 4.8216 -27.8439 -48.6955 -3.6139 -42.6491 28.5235 -39.1250 28.8635 -42.8451 -5.4891 -48.6197 -28.0804 5.6801 -37.4377 33.3327 -46.1044 -19.9388 -39.0863 -32.0680 16.8252 -40.5021 21.9280 -48.6977 -25.7737 -5.8772 -35.5423 26.6948 -43.6531 -12.5000 -47.5995 -29.2295 8.9304 -38.1117 34.5456 -46.5692 -20.6356 -37.9669 -32.1005 16.4905 -40.2902 26.5189 -48.4758 -24.8816 -13.4589 -34.6775 23.6258 -42.4673 -5.2792 -48.6461 -27.8306 3.9943 -36.9141 31.1569 -45.0885 -16.9929 -45.0756 -29.9372
-46.5316 -15.5342 -44.5915 29.7349 -36.5157 1.8098 -27.3228 -48.7594 -0.5801 -41.9460 22.2010 -34.2046 -18.7576 -24.2032 -48.2199 30.4042 -39.9165 15.2388 -31.6253 -40.5603 -19.7210 -46.1653 33.8301 -37.7707 7.6585 -28.8286 -48.0385 -10.8144 -43.2963 25.7197 -35.2624 -8.3108 -25.4354 -48.6103 24.5818 -40.3374 16.3112 -31.8892 -39.9747 -19.6364 -45.9830 33.0697 -37.3542 5.3432 -27.9807 -48.6632 -3.4603 -42.2152 24.0655 -36.2102 12.0326 -36.3030 24.6110 -42.4462 -5.4397 -48.5715 -28.2175 6.1718 -37.5417 33.5815 -46.1975 -20.1138 -38.6754 -32.1232 16.9219 -40.5148 21.9280 -48.6926 -25.7278 -6.3295 -35.4746 26.4137 -43.5386 -11.9273 -47.7832 -29.0650 8.3905 -37.9574 34.2444 -46.3774 -20.1957 -39.3267 -31.8598 15.8506 -40.0974 28.7239 -48.3485 -24.5295 -16.2210 -34.4281 22.8657 -42.1895 -2.9494 -48.7208 -27.5597 2.8759 -36.7026 30.4078 -44.8240 -16.2376 -46.0265
-15.3736 -44.3214 28.9478 -36.2970 0.4853 -27.0464 -48.7991 2.5302 -41.6718 21.4561 -33.9488 -21.6285 -23.8258 -48.0635 31.9067 -39.7175 14.5802 -31.3753 -41.7232 -19.2141 -45.9510 33.3745 -37.5998 7.0010 -28.6363 -48.1999 -9.9717 -43.1467 25.3431 -35.1607 -9.1500 -25.3405 -48.5885 24.9833 -40.3234 16.3112 -31.9074 -39.7768 -19.7481 -46.0471 33.2612 -37.4338 5.7537 -28.1050 -48.6178 -4.3142 -42.1849 22.7963 -34.9011 -0.7816 -31.0869 -0.1334 -35.0653 23.4299 -42.4281 -6.2092 -48.5078 -28.3433 6.5645 -37.6218 33.7524 -46.2617 -20.2214 -38.4573 -32.1424 16.9226 -40.5024 22.3662 -48.6743 -25.6374 -7.0854 -35.3768 26.0373 -43.3912 -11.1807 -47.9782 -28.8738 7.7609 -37.7880 33.8508 -46.1682 -19.7110 -40.6087 -31.6107 15.1904 -39.8979 30.5629 -48.2044 -24.1626 -19.0862 -34.1737 22.1127 -41.9110 -0.2187 -48.7660 -27.2877 1.6590 -36.4886 29.6356 -44.5554 -16.0090
-44.1146 28.1484 -36.0707 -0.9834 -26.7604 -48.8307 6.0473 -41.4442 20.7197 -33.6886 -24.4449 -23.4330 -47.8922 33.0785 -39.5126 13.9056 -31.1186 -42.7875 -18.6593 -45.7235 32.8358 -37.4164 6.2586 -28.4235 -48.3552 -8.8964 -42.9669 24.8758 -35.0289 -10.3377 -25.2002 -48.5504 25.7260 -40.2810 16.2119 -31.8892 -39.7768 -19.7853 -46.0800 33.3759 -37.4882 6.0462 -28.2024 -48.5713 -5.2429 -42.2699 22.6634 -34.4075 -12.8874 -27.1773 -45.3564 -27.3055 -10.9647 -34.6179 23.3416 -42.5196 -7.0383 -48.4434 -28.4443 6.8536 -37.6779 33.8579 -46.2963 -20.2636 -38.4456 -32.1267 16.8313 -40.4624 23.1927 -48.6428 -25.5059 -8.1364 -35.2499 25.5775 -43.2135 -10.2389 -48.1682 -28.6630 7.0521 -37.6057 33.3712 -45.9458 -19.1889 -41.7896 -31.3558 14.5206 -39.6970 32.0441 -48.0443 -23.7814 -21.9624 -33.9175 21.3703 -41.6446 2.9407 -48.8048 -27.0121 0.3216 -36.2688 28.8467 -44.3437
27.5572 -35.8212 -2.6288 -26.4629 -48.8313 9.8568 -41.2564 19.9920 -33.4270 -27.1394 -23.0242 -47.7078 33.9418 -39.3039 13.2171 -30.8578 -43.7465 -18.0565 -45.4840 32.2234 -37.2236 5.4289 -28.1935 -48.4936 -7.5737 -42.7613 24.3321 -34.8691 -11.8547 -25.0173 -48.4961 26.7579 -40.2116 16.0223 -31.8346 -39.9747 -19.7481 -46.0800 33.4147 -37.5162 6.2251 -28.2704 -48.5320 -5.9751 -42.3688 22.8514 -34.3096 -17.8508 -25.0291 -48.7791 -16.6871 -48.7824 -25.2940 -15.3178 -34.5443 23.5608 -42.6277 -7.7275 -48.3862 -28.5206 7.0461 -37.7103 33.9064 -46.3023 -20.2415 -38.6231 -32.0800 16.6587 -40.3984 24.3130 -48.5984 -25.3372 -9.4916 -35.0979 25.0490 -43.0127 -9.0995 -48.3395 -28.4408 6.2770 -37.4164 32.8233 -45.7147 -18.6291 -42.8500 -31.1019 13.8494 -39.4941 33.1762 -47.8724 -23.3916 -24.7303 -33.6648 20.6454 -41.4266 6.4434 -48.8310 -26.7311 -1.1518 -36.0279 28.2414
-35.2407 -4.4843 -26.1529 -48.8032 13.7832 -41.0660 19.2729 -33.1641 -29.6665 -22.5995 -47.5126 34.5245 -39.0935 12.5177 -30.5928 -44.6032 -17.4069 -45.2353 31.5548 -37.0253 4.5036 -27.9501 -48.6068 -5.9623 -42.5350 23.7329 -34.6847 -13.7259 -24.7934 -48.4242 27.9830 -40.1188 15.7488 -31.7451 -40.3442 -19.6364 -46.0471 33.3759 -37.5162 6.2871 -28.3063 -48.5050 -6.4634 -42.4510 23.0817 -34.3434 -18.6672 -24.2713 -48.3228 7.9741 -44.6027 6.0634 -48.4180 -24.6342 -15.7359 -34.6095 23.8598 -42.7322 -8.2930 -48.3356 -28.5844 7.1739 -37.7288 33.9151 -46.2870 -20.1755 -38.9185 -32.0176 16.4337 -40.3221 25.5553 -48.5403 -25.1470 -11.0643 -34.9381 24.4953 -42.8054 -7.8136 -48.4785 -28.2221 5.4763 -37.2332 32.2417 -45.4854 -18.0590 -43.7544 -30.8622 13.2033 -39.2993 33.9693 -47.6979 -23.0130 -27.2278 -33.4271 19.9679 -41.2531 10.0125 -48.8252 -26.4571 -2.7142 -35.4800
-7.1683 -25.8336 -48.7478 17.5972 -40.8723 18.5612 -32.9007 -32.0010 -22.1586 -47.3077 34.8579 -38.8822 11.8038 -30.3250 -45.3598 -16.7025 -44.9804 30.8451 -36.8225 3.4866 -27.6971 -48.6906 -4.0006 -42.2929 23.0928 -34.4812 -15.9136 -24.5303 -48.3313 29.2973 -40.0033 15.3948 -31.6249 -40.8622 -19.4512 -45.9830 33.2612 -37.4882 6.2251 -28.3063 -48.4954 -6.7134 -42.5028 23.2567 -34.4010 -18.2771 -24.1117 -48.1527 27.6768 -41.5335 30.6170 -41.6648 24.9280 -48.3216 -24.6173 -14.4976 -34.7545 24.2569 -42.8593 -8.9493 -48.2680 -28.6786 7.3482 -37.7609 33.9477 -46.2817 -20.1423 -39.1320 -31.9832 16.2461 -40.2622 26.5556 -48.4801 -24.9903 -12.4748 -34.8108 24.0304 -42.6302 -6.5985 -48.5713 -28.0538 4.7786 -37.0827 31.7324 -45.2927 -17.5696 -44.4208 -30.6785 12.6708 -39.1444 34.4332 -47.5455 -22.7021 -29.1448 -33.2467 19.4263 -41.1161 12.9910 -48.7928 -26.2438 -4.5713
-24.9220 -48.6688 21.1143 -40.6725 17.8554 -32.6365 -34.1357 -21.7024 -47.0929 34.9765 -38.6702 11.0779 -30.0566 -46.0195 -15.9377 -44.7203 30.0989 -36.6152 2.3719 -27.4376 -48.7435 -1.6375 -42.0397 22.4208 -34.2621 -18.3230 -24.2327 -48.2180 30.6102 -39.8651 14.9683 -31.4760 -41.4943 -19.1965 -45.8873 33.0697 -37.4338 6.0462 -28.2704 -48.5050 -6.7134 -42.5195 23.3497 -34.4448 -17.7236 -24.1327 -48.1140 31.2735 -40.2422 20.2756 -36.9003 21.1734 -40.6657 26.9715 -48.3886 -25.0214 -11.4651 -35.0596 25.0525 -43.1168 -10.2654 -48.0817 -28.9409 7.9056 -37.8965 34.2005 -46.3764 -20.3627 -38.6619 -32.1100 16.3847 -40.3104 26.3693 -48.4555 -25.0301 -12.5748 -34.8335 23.9583 -42.5960 -6.3250 -48.5894 -28.0689 4.6004 -37.0515 31.6058 -45.2349 -17.4431 -44.5876 -30.6841 12.5274 -39.1169 34.5489 -47.4886 -22.6447 -29.6210 -33.2502 19.2922 -41.1035 13.7365 -48.7461 -25.6510
-48.5191 24.2411 -40.4700 17.1524 -32.3713 -36.0649 -21.2285 -46.8699 34.9116 -38.4579 10.3369 -29.7879 -46.5878 -15.1059 -44.4555 29.3306 -36.4031 1.1341 -27.1733 -48.7843 1.1610 -41.7773 21.7300 -34.0305 -20.8640 -23.9070 -48.0858 31.8273 -39.7085 14.4771 -31.3016 -42.2051 -18.8713 -45.7629 32.7977 -37.3542 5.7537 -28.2024 -48.5318 -6.4634 -42.5028 23.3497 -34.4605 -17.3523 -24.1926 -48.1260 31.8931 -39.7826 16.0757 -33.9849 4.9133 -34.7716 19.3690 -40.9235 19.5492 -48.6186 -26.1508 -4.7958 -35.7429 27.1993 -43.8131 -13.3491 -47.2763 -29.7483 9.7312 -38.3996 34.9313 -46.7992 -21.4190 -35.3408 -32.7425 17.6527 -40.7212 21.4710 -48.5335 -25.7089 -8.4786 -35.2707 25.1805 -43.0100 -9.0262 -48.3617 -28.6420 6.0640 -37.3961 32.6539 -45.5828 -18.4576 -43.2389 -31.2386 13.5738 -39.4717 33.6382 -47.7052 -23.3536 -25.7570 -33.7590 20.3961 -41.4663 7.7022 -48.7758
20.9063 -40.2064 16.4495 -32.1058 -37.8020 -20.7356 -46.6428 34.6920 -38.2456 9.5780 -29.5205 -47.0708 -14.1955 -44.1872 28.5514 -36.1837 -0.2443 -26.9004 -48.8207 4.3955 -41.5422 21.0323 -33.7912 -23.4518 -23.5567 -47.9369 32.8720 -39.5375 13.9328 -31.1034 -42.9572 -18.4778 -45.6128 32.4459 -37.2516 5.3432 -28.1050 -48.5709 -5.9752 -42.4525 23.2583 -34.4448 -17.3549 -24.2296 -48.1840 31.8413 -39.6357 14.5641 -32.4314 -19.4081 -30.4233 -0.0635 -35.3361 23.9119 -42.5807 -5.3016 -48.5918 -28.5872 5.3469 -37.3307 32.5799 -45.4983 -18.8223 -42.4389 -31.7676 14.4481 -39.8535 31.9257 -47.9031 -24.2737 -20.0361 -34.3417 22.0365 -42.0523 -0.1037 -48.7587 -27.8266 1.8397 -36.5975 29.8332 -44.4997 -15.6883 -46.2467 -30.5060 10.8074 -38.7028 35.1053 -46.7701 -21.7252 -34.8458 -32.9440 17.6144 -40.7792 22.4909 -48.4963 -25.7546 -9.5079 -35.1979 24.8516 -42.9127 -10.5400
-39.9299 15.7571 -31.8429 -39.3509 -20.2274 -46.4113 34.3499 -38.0363 8.8034 -29.2567 -47.4735 -13.2109 -43.9210 27.7695 -35.9594 -1.7655 -26.6181 -48.8341 7.9588 -41.3505 20.3362 -33.5482 -26.0011 -23.1893 -47.7741 33.7026 -39.3589 13.3543 -30.8912 -43.7070 -18.0216 -45.4400 32.0198 -37.1299 4.8276 -27.9818 -48.6174 -5.2467 -42.3723 23.0849 -34.4013 -17.7140 -24.1776 -48.1448 31.9236 -39.6575 14.0210 -31.6159 -35.6877 -26.4436 -37.8073 -32.1234 12.1629 -38.5461 34.6760 -46.1756 -20.7107 -38.0092 -32.5716 16.7361 -40.6070 24.8429 -48.4351 -25.7116 -9.9749 -35.1959 24.8952 -43.0147 -8.6732 -48.3865 -29.1143 6.0650 -37.4739 32.7698 -45.3020 -18.6551 -43.0454 -31.6818 13.7340 -39.6286 33.5811 -47.6129 -23.6484 -25.1269 -33.9167 20.5617 -41.6777 7.2635 -48.7751 -27.2628 -1.3319 -36.1208 28.0301 -43.8869 -13.5590 -47.3561 -30.1168 9.1044 -38.2525 34.6693 -46.2497
