-39.5203 13.8167 -30.2427 -45.3040 -16.7027 -44.6014 28.9558 -35.6825 -3.4162 -25.4904 -48.6837 14.8867 -40.3218 16.4445 -31.3149 -41.5604 -18.9995 -45.6152 31.7083 -36.5973 2.6589 -26.6921 -48.7842 0.6039 -41.2546 19.3975 -32.4388 -35.1021 -20.9437 -46.5957 33.4371 -37.5105 6.9367 -27.8521 -48.5797 -8.2978 -42.3550 22.4499 -33.5405 -25.3810 -22.6197 -47.4867 32.6046 -38.5078 10.7745 -29.3091 -46.8956 -16.0194 -45.2027 33.6823 -41.4994 33.6810 -45.2200 -16.1896 -46.6882 -29.4622 11.3189 -38.6897 31.8832 -47.6670 -22.9838 -22.6038 -33.8043 23.2072 -42.6197 -9.7196 -48.4378 -28.1148 7.7437 -37.7097 33.5480 -46.7923 -21.3176 -33.3299 -32.6744 20.0369 -41.4874 -1.7814 -48.7835 -26.9386 3.6781 -36.7900 32.2020 -45.8296 -19.4422 -40.4336 -31.5536 17.0668 -40.5165 11.6588 -48.7396 -25.7590 -1.8732 -35.8876 29.5993 -44.8268 -17.2575 -44.6309 -30.4854 14.4404 -39.7396
13.8167 -30.8518 -44.4072 -16.9112 -44.8009 29.5689 -36.2314 -1.3040 -26.3997 -48.7932 18.4279 -40.5571 16.9745 -32.0339 -39.7496 -19.5299 -45.8545 32.5539 -37.1007 3.9847 -27.5619 -48.7664 2.9816 -41.3630 19.8943 -33.1259 -32.2939 -21.6430 -46.8410 34.6495 -37.9717 7.8618 -28.6767 -48.3498 -7.4876 -42.5005 22.9495 -34.1924 -21.6609 -23.4312 -47.7103 34.4947 -38.8800 11.3042 -29.9635 -46.5785 -14.9364 -44.5737 31.5736 -38.5229 19.7145 -38.5160 31.6228 -44.6293 -15.2965 -46.2633 -30.1468 11.8928 -39.0641 33.9338 -47.8911 -23.8298 -18.7057 -34.4588 23.7473 -42.7878 -9.1951 -48.1361 -28.9408 8.6134 -38.1607 34.8683 -47.0364 -22.0460 -30.2876 -33.3540 20.5333 -41.5942 0.1888 -48.7281 -27.7985 4.8914 -37.2862 33.1110 -46.0709 -20.0124 -38.4272 -32.2656 17.5868 -40.7278 15.1530 -48.8257 -26.6628 0.0147 -36.4232 30.2460 -45.0323 -17.5293 -43.6211 -31.0876 14.4404
-30.2427 -44.4072 -17.1701 -44.9588 30.1449 -36.4328 0.0403 -26.6743 -48.8287 14.7722 -40.8193 17.6743 -32.3033 -38.2337 -20.0808 -46.1031 33.1869 -37.3393 5.0261 -27.8299 -48.7211 -0.2077 -41.6432 20.6275 -33.3953 -29.9779 -22.1026 -47.0652 34.8907 -38.2172 8.6886 -28.9454 -48.1317 -9.1777 -42.7804 23.7221 -34.4603 -18.7479 -23.8288 -47.8938 33.9096 -39.1202 11.9587 -30.1821 -46.2112 -15.2225 -44.4574 29.8574 -37.1594 10.3934 -33.7690 10.3732 -37.1606 30.0040 -44.5518 -15.6782 -45.7981 -30.3861 12.5853 -39.3188 33.0178 -48.0754 -24.2574 -15.3672 -34.7816 24.7224 -43.1414 -10.9895 -47.8157 -29.2428 9.4349 -38.4115 34.9768 -47.2541 -22.4910 -27.7841 -33.6229 21.2721 -41.8759 -2.6276 -48.6577 -28.0680 5.8746 -37.5260 33.6864 -46.3151 -20.5392 -36.7517 -32.5355 18.2907 -40.9924 11.3538 -48.8378 -26.9266 1.2436 -36.6214 30.8076 -45.1882 -17.7729 -43.6211 -30.4854
-45.3040 -16.9112 -44.9588 30.3639 -36.5405 0.9419 -26.8901 -48.8394 11.3103 -41.0002 18.3469 -32.5593 -36.5766 -20.5964 -46.3425 33.7476 -37.5514 5.9876 -28.1007 -48.6461 -2.9479 -41.9106 21.3660 -33.6560 -27.4779 -22.5445 -47.2805 34.9778 -38.4317 9.4794 -29.2155 -47.8585 -10.6376 -43.0578 24.5013 -34.7144 -15.8424 -24.2163 -48.0674 33.0206 -39.3314 12.6679 -30.4527 -45.6213 -15.9159 -44.6010 29.7242 -36.7296 5.5352 -30.6709 -25.1034 -30.6666 5.5543 -36.7506 29.9377 -44.7113 -16.3667 -45.1249 -30.6629 13.3357 -39.5517 31.5342 -48.2737 -24.7904 -10.9139 -35.2630 26.3706 -43.7071 -12.9663 -47.3500 -29.5640 10.2384 -38.6301 34.9041 -47.4631 -22.9193 -25.1294 -33.8823 22.0168 -42.1558 -5.0195 -48.5476 -28.3392 6.7873 -37.7381 34.1742 -46.5510 -21.0362 -34.9291 -32.7923 18.9708 -41.1721 7.9176 -48.8266 -27.1352 2.0685 -36.7276 31.0200 -45.1882 -17.5293 -44.6309
-16.7027 -44.8009 30.1449 -36.5405 1.2671 -27.0102 -48.8355 8.6023 -41.1498 18.9438 -32.7924 -34.8478 -21.0690 -46.5698 34.2158 -37.7585 6.8810 -28.3683 -48.5320 -5.2731 -42.1889 22.1094 -33.9149 -24.8082 -22.9707 -47.4869 34.8836 -38.6454 10.2432 -29.4846 -47.5259 -11.9156 -43.3334 25.2828 -34.9645 -13.0142 -24.5910 -48.2288 31.7691 -39.5554 13.4355 -30.7831 -44.7216 -16.9053 -44.9413 30.6063 -36.8539 4.4978 -29.2383 -44.5462 -24.6411 -44.4886 -29.2806 4.6006 -36.8704 30.7322 -45.0118 -17.2177 -44.1986 -30.9790 14.1906 -39.8306 28.7447 -48.5238 -25.6603 -3.4026 -36.3045 30.5667 -44.5772 -14.9366 -46.7261 -29.8873 11.0189 -38.8462 34.6195 -47.6619 -23.3319 -22.3398 -34.1399 22.7688 -42.4337 -7.0420 -48.3946 -28.6059 7.6410 -37.9463 34.5583 -46.7739 -21.4928 -33.0421 -33.0249 19.5729 -41.3183 5.3133 -48.8064 -27.2509 2.3628 -36.7276 30.8076 -45.0323 -17.2575
-44.6014 29.5689 -36.4328 0.9419 -27.0102 -48.8319 7.1325 -41.2504 19.4050 -32.9839 -33.2106 -21.4795 -46.7768 34.5732 -37.9585 7.7076 -28.6281 -48.3773 -7.2309 -42.4649 22.8563 -34.1711 -22.0106 -23.3800 -47.6839 34.5764 -38.8569 10.9870 -29.7534 -47.1258 -13.0502 -43.6077 26.0693 -35.2114 -10.3532 -24.9533 -48.3753 30.1034 -39.7884 14.2792 -31.1999 -43.2429 -18.2560 -45.5212 32.4770 -37.4651 6.7547 -29.5239 -46.2637 -20.5613 -48.6118 -20.8395 -45.8947 -29.6715 6.7187 -37.3792 32.1663 -45.4360 -18.1900 -42.9399 -31.3294 15.1960 -40.1716 22.5213 -48.8496 -27.1724 7.8151 -39.7739 35.0094 -45.4680 -16.5514 -45.9851 -30.1926 11.7642 -39.0586 34.0942 -47.8491 -23.7295 -19.4699 -34.3946 23.5250 -42.7081 -8.7551 -48.1974 -28.8641 8.4380 -38.1466 34.8185 -46.9745 -21.8872 -31.2659 -33.2158 20.0356 -41.4172 3.9399 -48.7966 -27.2509 2.0685 -36.6214 30.2460 -44.8268
28.9558 -36.2314 0.0403 -26.8901 -48.8355 7.1325 -41.2862 19.6612 -33.1113 -31.8990 -21.8025 -46.9508 34.8059 -38.1433 8.4508 -28.8749 -48.1839 -8.8684 -42.7330 23.5989 -34.4219 -19.1526 -23.7730 -47.8687 34.0309 -39.0682 11.7146 -30.0221 -46.6508 -14.0693 -43.8805 26.8616 -35.4544 -7.9180 -25.3029 -48.5040 28.0084 -40.0256 15.1870 -31.7245 -40.5835 -20.0967 -46.4275 34.9015 -38.7469 11.5225 -31.2636 -42.3962 -21.2855 -48.0696 -12.1432 -48.3221 -22.3802 -40.5131 -31.4476 10.8777 -38.3328 34.0460 -45.9740 -19.1939 -41.5255 -31.5766 15.9190 -40.3449 15.1088 -49.2547 -28.5113 33.9779 -42.9665 33.3908 -46.0958 -17.7253 -45.1951 -30.4707 12.4749 -39.2681 33.3020 -48.0230 -24.1117 -16.6143 -34.6434 24.2770 -42.9746 -10.1927 -47.9590 -29.1113 9.1517 -38.3299 34.9495 -47.1428 -22.2000 -29.8501 -33.3433 20.2933 -41.4534 3.9399 -48.8064 -27.1352 1.2436 -36.4232 29.5993
-35.6825 -1.3040 -26.6743 -48.8394 8.6023 -41.2504 19.6612 -33.1560 -31.1532 -22.0117 -47.0773 34.9245 -38.2993 9.0845 -29.1007 -47.9609 -10.2247 -42.9874 24.3246 -34.6638 -16.3581 -24.1482 -48.0395 33.2153 -39.2762 12.4255 -30.2904 -46.0933 -14.9925 -44.1518 27.6580 -35.6937 -5.7021 -25.6411 -48.6136 25.4952 -40.2558 16.1010 -32.3290 -35.7454 -22.4593 -47.6313 29.9168 -40.9747 19.0508 -34.0803 -19.2215 -25.5554 -48.7495 -13.1542 -47.4726 -16.5539 -48.4641 -27.2421 -12.8411 -34.0487 16.9450 -39.8526 35.1305 -46.5261 -19.8052 -41.8815 -30.9858 11.8419 -37.0515 18.1487 -24.7716 -48.6199 19.8161 -44.0462 28.7572 -46.5008 -18.5513 -44.4348 -30.7179 13.1546 -39.4727 32.2118 -48.1822 -24.4765 -13.8860 -34.8826 25.0096 -43.2296 -11.3973 -47.6906 -29.3370 9.7656 -38.4857 34.9753 -47.2655 -22.4033 -29.0566 -33.3878 20.2933 -41.4172 5.3133 -48.8266 -26.9266 0.0147 -35.8876
-3.4162 -26.3997 -48.8287 11.3103 -41.1498 19.4050 -33.1113 -31.1532 -22.0843 -47.1443 34.9659 -38.4133 9.5748 -29.2895 -47.7266 -11.3228 -43.2240 25.0154 -34.8906 -13.7326 -24.5014 -48.1951 32.1097 -39.4796 13.1178 -30.5550 -45.4507 -15.8343 -44.4205 28.4522 -35.9285 -3.7115 -25.9742 -48.7037 22.5197 -40.4684 16.9164 -32.8765 -28.1210 -25.1689 -48.7305 -6.8573 -44.1460 31.2901 -37.9083 9.0081 -30.7673 -44.1575 -20.8780 -48.3344 -16.2261 -48.7637 -25.1663 -29.8495 -32.3753 10.7013 -37.4081 26.0928 -41.9397 31.0676 -46.8235 -18.9556 -46.1869 -28.3225 -11.7821 -29.7602 -46.0190 -16.0594 -46.1547 27.5438 -44.3997 20.2611 -46.7350 -18.9979 -43.7767 -30.9353 13.8093 -39.6724 30.8099 -48.3253 -24.8201 -11.3720 -35.1075 25.7019 -43.4653 -12.3819 -47.4146 -29.5250 10.2466 -38.6007 34.9487 -47.3303 -22.4728 -29.0566 -33.3433 20.0356 -41.3183 7.9176 -48.8378 -26.6628 -1.8732
-25.4904 -48.7932 14.7722 -41.0002 18.9438 -32.9839 -31.8990 -22.0117 -47.1443 34.9727 -38.4756 9.8910 -29.4265 -47.5173 -12.1563 -43.4293 25.6412 -35.0958 -11.3761 -24.8256 -48.3316 30.7264 -39.6795 13.7906 -30.8140 -44.7213 -16.5997 -44.6847 29.2367 -36.1579 -1.9350 -26.3045 -48.7703 18.8931 -40.6781 17.6020 -33.1893 -21.1820 -27.7341 -46.6466 -21.2167 -48.1099 12.0933 -42.7039 24.9286 -35.9033 -1.7032 -27.9921 -47.8721 -20.4833 -48.7038 -24.7287 -33.1509 -31.9855 10.5924 -37.5080 26.1664 -41.6328 35.1818 -44.2696 16.8880 -46.5441 -14.5008 -48.7818 -22.1296 -48.4110 -18.3760 -47.4729 0.5333 -46.0909 2.4977 -45.9434 15.0748 -46.7065 -19.0310 -43.2128 -31.1393 14.4456 -39.8658 29.1058 -48.4493 -25.1342 -9.1598 -35.3108 26.3298 -43.6686 -13.1352 -47.1694 -29.6627 10.5553 -38.6629 34.9310 -47.3303 -22.4033 -29.8501 -33.2158 19.5729 -41.1721 11.3538 -48.8257 -25.7590
-48.6837 18.4279 -40.8193 18.3469 -32.7924 -33.2106 -21.8025 -47.0773 34.9659 -38.4756 10.0029 -29.5007 -47.3696 -12.7184 -43.5885 26.1584 -35.2724 -9.4144 -25.1113 -48.4467 29.1044 -39.8676 14.4366 -31.0658 -43.9064 -17.2934 -44.9416 30.0003 -36.3786 -0.3495 -26.6323 -48.8030 14.2261 -40.9435 18.3717 -33.2834 -20.1451 -28.8228 -33.3267 -28.1516 -43.7337 -22.1713 -48.1612 24.7282 -41.3760 18.9241 -33.8350 -22.7516 -26.1781 -47.4823 -25.1715 -35.4832 -31.7026 10.8109 -38.0154 29.7712 -43.1338 22.5927 -46.5386 -5.4166 -46.6180 7.9518 -45.4848 4.8704 -46.7379 -6.3534 -46.7697 -4.9208 -47.4705 -16.8831 -48.7634 -18.0448 -45.7114 27.6205 -46.3838 -18.8916 -42.6089 -31.3475 15.0635 -40.0504 27.1710 -48.5522 -25.4121 -7.3407 -35.4854 26.8503 -43.8266 -13.6456 -46.9969 -29.7361 10.6641 -38.6629 34.9487 -47.2655 -22.2000 -31.2659 -33.0249 18.9708 -40.9924 15.1530 -48.7396
14.8867 -40.5571 17.6743 -32.5593 -34.8478 -21.4795 -46.9508 34.9245 -38.4133 9.8910 -29.5007 -47.3140 -13.0051 -43.6906 26.5297 -35.4086 -7.8969 -25.3516 -48.5388 27.3649 -40.0397 15.0391 -31.3047 -43.0204 -17.9223 -45.1886 30.7297 -36.5890 1.0521 -26.9489 -48.7899 8.3553 -41.3835 19.8635 -33.5533 -22.6368 -27.6120 -33.8724 -32.4524 3.4741 -31.1056 -37.3964 -21.9114 -47.4293 34.9970 -39.2530 11.7117 -31.5981 -36.1647 -26.9646 -36.8077 -31.1071 8.9137 -37.7991 30.8094 -44.1682 -5.3897 -48.7044 -21.5375 -48.2395 -20.3765 -47.4329 23.7789 -43.8147 33.5225 -44.5304 13.1280 -47.3499 -19.8822 -44.8829 -28.4388 -28.4679 6.9371 -42.3304 35.1256 -46.0006 -18.9243 -41.8336 -31.5617 15.6538 -40.2203 25.1302 -48.6314 -25.6463 -5.9453 -35.6192 27.2227 -43.9280 -13.9039 -46.9333 -29.7361 10.5553 -38.6007 34.9753 -47.1428 -21.8872 -33.0421 -32.7923 18.2907 -40.7278 11.6588
-40.3218 16.9745 -32.3033 -36.5766 -21.0690 -46.7768 34.8059 -38.2993 9.5748 -29.4265 -47.3696 -13.0051 -43.7257 26.7269 -35.4942 -6.8653 -25.5345 -48.6061 25.6701 -40.1905 15.5789 -31.5234 -42.0971 -18.4852 -45.4213 31.4078 -36.7885 2.2744 -27.2376 -48.7695 2.5450 -42.0092 23.2389 -34.7947 -16.9317 -25.7156 -47.6967 -27.0162 21.8503 -38.2901 13.0148 -31.5408 -43.0198 -17.1274 -44.9897 29.0881 -36.5143 1.9793 -30.1872 -31.9775 -30.6234 4.6276 -36.7604 28.0910 -43.8211 -8.7883 -48.6610 -26.5244 -22.6736 -30.3712 -28.5052 -18.6310 -45.4281 35.1788 -42.5421 34.6463 -45.7757 -16.3700 -45.9076 -30.5679 13.0219 -38.2728 -30.9727 17.1737 -38.8097 33.8561 -45.8791 -19.2062 -40.9018 -31.7700 16.1902 -40.3677 23.1628 -48.6887 -25.8233 -5.0077 -35.7025 27.4204 -43.9634 -13.9039 -46.9969 -29.6627 10.2466 -38.4857 34.9495 -46.9745 -21.4928 -34.9291 -32.5355 17.5868 -40.5165
16.4445 -32.0339 -38.2337 -20.5964 -46.5698 34.5732 -38.1433 9.0845 -29.2895 -47.5173 -12.7184 -43.6906 26.7269 -35.5232 -6.3491 -25.6480 -48.6500 24.2039 -40.3107 16.0353 -31.7133 -41.1821 -18.9745 -45.6350 32.0215 -36.9755 3.3330 -27.4921 -48.7546 -1.6008 -42.6373 27.6589 -37.4938 8.1213 -26.6642 -48.7001 -4.0595 -42.4240 -46.7603 34.4703 -39.2002 8.8030 -28.6022 -48.7892 9.8720 -41.3987 17.9819 -33.8715 -10.3566 -31.0049 -1.4745 -35.2627 22.4592 -42.3723 2.9912 -48.7739 -27.1212 -2.2412 -35.2707 18.2311 -33.8001 -49.2738 29.7404 -41.8830 32.9294 -43.5733 -1.2312 -48.7618 -27.7133 5.6824 -38.5423 22.7524 -38.1991 -31.5824 10.7590 -37.9312 33.4410 -45.9778 -19.5919 -39.9225 -31.9560 16.6460 -40.4890 21.5047 -48.7246 -25.9336 -4.5470 -35.7314 27.4204 -43.9280 -13.6456 -47.1694 -29.5250 9.7656 -38.3299 34.8185 -46.7739 -21.0362 -36.7517 -32.2656 17.0668
-31.3149 -39.7496 -20.0808 -46.3425 34.2158 -37.9585 8.4508 -29.1007 -47.7266 -12.1563 -43.5885 26.5297 -35.4942 -6.3491 -25.6868 -48.6714 23.2151 -40.3973 16.3877 -31.8669 -40.3401 -19.3805 -45.8235 32.5542 -37.1478 4.2395 -27.7141 -48.7199 -3.9645 -43.0337 30.4332 -39.7452 24.4103 -35.4099 -48.9869 8.2585 -41.5169 21.0474 -23.7855 -46.7833 29.7253 -35.3447 -21.4965 -21.9458 -46.4444 33.3378 -37.7785 8.4263 -32.5060 -4.0391 -33.8828 16.0568 -40.3419 31.6454 -48.1331 -24.5258 -13.1680 -35.3608 26.9171 -45.0183 -19.0363 24.0588 -39.8234 26.7467 -41.4061 32.6096 -47.5782 -23.0101 -25.4714 -34.4150 24.8710 -44.8219 -20.4561 -41.7869 -30.5857 9.0814 -37.8526 33.6849 -46.1359 -19.9570 -39.0043 -32.1091 17.0003 -40.5746 20.3931 -48.7411 -25.9719 -4.5470 -35.7025 27.2227 -43.8266 -13.1352 -47.4146 -29.3370 9.1517 -38.1466 34.5583 -46.5510 -20.5392 -38.4272 -31.5536
-41.5604 -19.5299 -46.1031 33.7476 -37.7585 7.7076 -28.8749 -47.9609 -11.3228 -43.4293 26.1584 -35.4086 -6.8653 -25.6480 -48.6714 22.8749 -40.4429 16.6107 -31.9755 -39.6559 -19.6976 -45.9799 32.9882 -37.3010 5.0025 -27.9043 -48.6740 -5.1537 -43.1315 30.8783 -40.2491 30.7712 -44.1462 -15.6457 11.7516 -36.5710 13.5600 -31.5685 -47.4588 6.3894 -40.2945 11.7653 -29.4171 -48.5788 3.6098 -41.7931 19.9419 -34.9042 2.5225 -33.3283 10.4192 -38.0156 32.7782 -45.8064 -18.9370 -40.3830 -32.4991 17.6517 -41.8589 -6.5111 -45.1415 -33.9509 16.1740 -38.6542 31.7556 -44.9879 -16.1188 -45.5803 -30.7106 10.8509 -39.1249 34.6564 -47.5380 -21.7276 -41.5292 -30.9245 9.8200 -38.0563 34.0572 -46.2864 -20.2560 -38.2379 -32.2182 17.2251 -40.6176 19.9996 -48.7411 -25.9336 -5.0077 -35.6192 26.8503 -43.6686 -12.3819 -47.6906 -29.1113 8.4380 -37.9463 34.1742 -46.3151 -20.0124 -40.4336
-18.9995 -45.8545 33.1869 -37.5514 6.8810 -28.6281 -48.1839 -10.2247 -43.2240 25.6412 -35.2724 -7.8969 -25.5345 -48.6500 23.2151 -40.4429 16.6857 -32.0314 -39.2062 -19.9146 -46.0986 33.3190 -37.4306 5.6352 -28.0690 -48.6232 -5.7016 -43.0312 30.0479 -39.7961 27.1395 -41.8479 28.2701 -48.6624 -27.5310 -18.7596 -28.3675 -45.3222 -15.6972 -43.8698 23.6004 -33.9150 -33.8985 -19.9177 -45.7823 32.2243 -37.9013 11.1646 -34.0204 7.5863 -36.1186 23.8546 -42.7979 -3.4538 -48.5600 -28.6836 6.1965 -37.9904 34.6718 -47.3568 -24.3418 -6.8675 -34.8821 19.9686 -41.5854 10.1545 -48.8227 -27.8285 -1.1220 -35.8067 24.8885 -42.9768 -0.6202 -48.6739 -24.9098 -31.9579 -32.1760 11.4629 -38.3016 34.3389 -46.4025 -20.4690 -37.7174 -32.2752 17.3008 -40.6178 20.3931 -48.7246 -25.8233 -5.9453 -35.4854 26.3298 -43.4653 -11.3973 -47.9590 -28.8641 7.6410 -37.7381 33.6864 -46.0709 -19.4422
-45.6152 32.5539 -37.3393 5.9876 -28.3683 -48.3773 -8.8684 -42.9874 25.0154 -35.0958 -9.4144 -25.3516 -48.6061 24.2039 -40.3973 16.6107 -32.0314 -39.0498 -20.0223 -46.1706 33.5400 -37.5298 6.1315 -28.2108 -48.5686 -6.0328 -42.8227 28.3028 -39.0969 26.0343 -40.7214 32.7086 -43.7586 0.3504 -48.7788 -19.9821 -48.8414 -10.8034 -44.6284 29.8382 -36.4867 -2.5696 -25.8752 -48.4862 28.0575 -40.9267 19.5757 -35.8232 10.1947 -35.4622 17.4281 -40.0988 34.1988 -47.7144 -23.7118 -20.6224 -34.4558 21.2956 -42.3452 -2.1333 -48.4544 -29.0229 5.2839 -37.4104 33.0673 -46.7025 -23.2057 -12.4783 -34.2740 17.2812 -40.3199 33.9586 -47.1779 -20.4749 -44.8127 -29.4313 -7.4757 -33.5140 12.7297 -38.4380 34.5098 -46.4835 -20.5953 -37.5139 -32.2784 17.2261 -40.5749 21.5047 -48.6887 -25.6463 -7.3407 -35.3108 25.7019 -43.2296 -10.1927 -48.1974 -28.6059 6.7873 -37.5260 33.1110 -45.8296
31.7083 -37.1007 5.0261 -28.1007 -48.5320 -7.2309 -42.7330 24.3246 -34.8906 -11.3761 -25.1113 -48.5388 25.6701 -40.3107 16.3877 -31.9755 -39.2062 -20.0223 -46.1937 33.6442 -37.5905 6.4733 -28.3229 -48.5120 -6.4407 -42.6325 25.9334 -37.6207 21.7790 -41.6216 34.1408 -42.3168 34.4841 -43.4757 27.9516 -45.1822 31.0393 -42.5952 27.9731 -37.0435 5.1673 -28.5652 -48.4681 -6.6504 -43.4443 28.1777 -38.1491 16.3868 -36.5213 16.6424 -38.3917 30.1461 -44.5511 -14.6801 -45.5248 -31.1750 11.9066 -38.6887 33.6715 -45.8352 -18.8320 -41.5318 -31.9765 15.6125 -41.0534 0.3576 -46.5060 -33.7116 16.4062 -38.9198 32.9614 -45.3372 -16.3919 -46.5948 -29.1463 -3.9723 -33.4484 5.8361 -34.0433 12.9793 -38.5385 34.6851 -46.5439 -20.6345 -37.6552 -32.2251 17.0033 -40.4896 23.1628 -48.6314 -25.4121 -9.1600 -35.1075 25.0096 -42.9746 -8.7551 -48.3946 -28.3392 5.8746 -37.2862 32.2020
-36.5973 3.9847 -27.8299 -48.6461 -5.2731 -42.4649 23.5989 -34.6638 -13.7326 -24.8256 -48.4467 27.3649 -40.1905 16.0353 -31.8669 -39.6559 -19.9146 -46.1706 33.6442 -37.6106 6.6412 -28.3956 -48.4627 -6.9391 -42.5679 24.1962 -35.8327 11.0080 -36.5402 17.0666 -45.7479 34.8192 -41.9971 30.4600 -40.7666 28.3968 -39.3819 20.2766 -35.8407 3.9119 -29.1785 -47.0620 -15.3398 -45.2871 34.2455 -40.2561 23.6411 -38.8050 22.7300 -39.0726 25.9328 -41.6752 26.8854 -48.5387 -26.3110 1.1174 -37.0357 25.3599 -41.9443 27.6607 -48.0417 -23.9205 -20.4125 -34.6321 24.5444 -44.2398 -17.4106 24.0222 -40.1547 30.3911 -43.2466 -3.8588 -48.5630 -28.4341 2.2133 -35.5704 15.7056 -36.2693 6.0672 -33.7324 14.0122 -38.9011 34.8891 -46.5721 -20.5665 -38.1368 -32.1183 16.6498 -40.3683 25.1303 -48.5522 -25.1342 -11.3722 -34.8826 24.2770 -42.7081 -7.0420 -48.5476 -28.0680 4.8914 -36.7900
2.6589 -27.5619 -48.7211 -2.9479 -42.1889 22.8563 -34.4219 -16.3581 -24.5014 -48.3316 29.1044 -40.0397 15.5789 -31.7133 -40.3401 -19.6976 -46.0982 33.5400 -37.5905 6.6412 -28.4205 -48.4356 -7.3405 -42.5944 23.6526 -34.8203 -6.5040 -27.4447 -48.3722 -48.0323 -17.4534 -45.7608 33.4985 -39.4102 19.2011 -36.4814 11.4229 -33.4971 -6.6325 -28.2214 -47.2882 -16.9324 -46.2305 35.0187 -41.6357 29.6709 -41.1181 32.5839 -41.9770 33.2248 -41.5736 34.0315 -44.8775 -15.5329 -42.2423 -33.3075 27.1086 -41.6558 34.5523 -43.9124 -0.1075 -48.7420 -26.3272 -7.7325 -34.6265 16.8982 -33.6641 -49.2041 29.3139 -42.9453 30.5861 -47.9427 -24.7608 -6.7448 -36.0173 24.4170 -40.9279 26.3796 -33.5018 0.1493 -35.0760 17.6794 -39.4218 34.9880 -46.5317 -20.3687 -38.9075 -31.9631 16.1913 -40.2201 27.1717 -48.4493 -24.8201 -13.8860 -34.6434 23.5250 -42.4337 -5.0195 -48.6577 -27.7985 3.6781
-26.6921 -48.7664 -0.2077 -41.9106 22.1094 -34.1711 -19.1526 -24.1482 -48.1951 30.7264 -39.8676 15.0391 -31.5234 -41.1821 -19.3805 -45.9794 33.3184 -37.5281 6.4702 -28.3949 -48.4359 -7.4822 -42.6248 23.6441 -34.5943 -14.3421 -25.2708 -48.8361 14.6092 -31.4302 -46.4329 -3.2418 -41.8135 20.5299 -35.3521 3.6429 -31.0329 -30.9706 -25.9311 -48.5409 -14.9670 -46.1672 34.4586 -42.1194 32.2180 -42.4528 33.6204 -45.5462 5.6709 -45.8485 34.7816 -42.7199 33.7062 -47.4907 -23.2418 -3.9128 -45.2115 18.8554 -43.9618 34.7956 -44.8086 -8.2676 -48.7637 -25.6835 -29.0453 -29.7605 -31.8328 -17.3862 -45.0922 35.2106 -44.9026 -14.9753 -43.2902 -32.7925 21.2024 -43.1398 26.4624 -44.0696 -32.5809 -30.3910 19.0377 -37.8380 20.4657 -39.5720 34.9113 -46.4020 -20.0405 -39.8826 -31.7692 15.6489 -40.0494 29.1085 -48.3250 -24.4764 -16.6155 -34.3945 22.7687 -42.1558 -2.6276 -48.7281 -26.9386
-48.7842 2.9816 -41.6432 21.3660 -33.9149 -22.0106 -23.7730 -48.0395 32.1097 -39.6795 14.4366 -31.3046 -42.0973 -18.9741 -45.8234 32.9873 -37.4279 6.1212 -28.3172 -48.4664 -7.3066 -42.6202 23.6598 -34.5656 -15.9137 -24.5417 -48.3966 24.8199 -40.0145 4.5017 -23.9398 -46.5621 31.2315 -36.6802 3.5571 -29.8108 -42.6515 -22.9871 -48.6599 -8.5658 -45.2916 35.1749 -41.7865 31.4245 -42.4622 29.1816 -47.4714 -18.7870 -48.4465 -20.4599 -45.8733 34.7853 -42.1975 34.5959 -45.5725 31.3459 -28.3368 -48.8602 6.4389 -43.6881 35.1431 -44.6677 -3.0941 -48.4836 -20.2394 -48.7217 -18.5116 -46.6808 34.9202 -42.5873 31.7637 -47.9848 -25.3192 3.1173 -38.7274 -3.2663 -48.7091 -19.8751 -48.6404 -9.5767 -44.8260 29.7586 -38.2631 19.2492 -39.1726 34.5543 -46.1993 -19.6080 -40.9524 -31.5476 15.0478 -39.8615 30.8194 -48.1819 -24.1111 -19.4759 -34.1399 22.0167 -41.8759 0.1888 -48.7835
0.6039 -41.3630 20.6275 -33.6560 -24.8082 -23.3800 -47.8687 33.2153 -39.4796 13.7906 -31.0658 -43.0205 -18.4844 -45.6349 32.5506 -37.2988 5.6154 -28.1924 -48.5221 -6.7767 -42.5673 23.5771 -34.5482 -16.2044 -24.3825 -48.2446 29.8702 -39.9849 14.8563 -29.5025 -48.8840 24.5187 -39.4304 10.9565 -30.5963 -43.7008 -21.1476 -48.0331 5.8907 -44.0323 34.1655 -40.8670 27.9008 -41.3191 34.7110 -47.0820 -21.0314 -38.7429 -30.4764 -9.2953 7.9785 -41.1353 25.2058 -39.5189 25.7786 -37.8103 -7.6264 -22.2854 -46.6930 35.0828 -42.0924 34.1637 -43.4017 27.5775 -45.8111 12.0429 -45.0561 35.1147 -41.1575 29.8621 -42.6647 1.1981 -48.5221 -28.9099 13.2047 -48.8551 -24.5815 -46.6423 -23.3000 -48.7214 13.1260 -41.8780 20.7730 -36.2323 15.4935 -38.5213 33.9077 -45.9598 -19.1015 -42.0183 -31.3074 14.4051 -39.6651 32.2269 -48.0216 -23.7286 -22.3491 -33.8823 21.2721 -41.5942 -1.7814
-41.2546 19.8943 -33.3953 -27.4779 -22.9707 -47.6839 34.0309 -39.2762 13.1178 -30.8140 -43.9065 -17.9206 -45.4206 32.0141 -37.1442 4.9610 -28.0310 -48.5893 -5.8802 -42.4654 23.3637 -34.4982 -16.5743 -24.3310 -48.2083 31.0093 -39.8049 14.7821 -31.0936 -45.5696 -11.3611 -42.2886 19.0509 -32.7618 -36.4339 -22.2131 -47.8890 15.4301 -43.2222 31.6375 -39.7970 23.1628 -39.4829 31.7708 -44.7814 -15.4016 -44.1703 -31.8175 18.8822 -42.8356 -30.0948 11.7463 -35.1744 11.0735 -34.5463 3.0766 -27.7834 -48.8322 11.9465 -42.5480 29.3265 -40.3564 29.3603 -41.3237 32.4479 -41.3562 29.2225 -39.3224 20.9150 -38.4408 27.8918 -42.9757 2.2256 -48.2859 -5.3789 -34.6747 -9.9428 -28.0741 -45.6550 -18.0082 -45.8956 32.0201 -37.5855 9.8556 -33.9785 11.7733 -37.9333 33.1381 -45.7109 -18.5420 -43.0231 -31.0560 13.7387 -39.4620 33.3168 -47.8462 -23.3305 -25.1389 -33.6229 20.5333 -41.4874
19.3975 -33.1259 -29.9779 -22.5445 -47.4869 34.5764 -39.0682 12.4255 -30.5550 -44.7214 -17.2904 -45.1870 31.3947 -36.9680 4.1588 -27.8379 -48.6570 -4.6121 -42.3227 23.0281 -34.4083 -17.3494 -24.2601 -48.1871 31.2442 -39.7663 14.5437 -31.2777 -43.0016 -17.1710 -44.3521 26.2947 -35.0520 -14.2923 -25.3007 -48.5748 2.7338 -43.5372 31.4203 -39.3026 19.6946 -37.6617 22.7908 -41.5163 21.5735 -48.7972 -27.3700 6.8114 -39.1008 16.1897 -43.8563 -28.8999 -19.9535 -29.8149 -27.7664 -26.8491 -48.4167 -10.3408 -44.1694 31.6552 -39.8384 24.2901 -39.4172 24.2895 -38.7597 19.9050 -36.9631 13.4241 -35.2253 12.2356 -37.0067 24.2557 -40.9929 33.7811 -40.6155 13.5494 -32.5769 -15.9204 -28.2332 -48.8026 27.4628 -40.2727 14.6290 -33.0626 -9.4202 -31.8226 8.7195 -37.4927 32.3704 -45.4637 -17.9418 -43.9413 -30.7977 13.0542 -39.2533 34.1087 -47.6587 -22.9177 -27.7894 -33.3540 20.0369
-32.4388 -32.2939 -22.1026 -47.2805 34.8836 -38.8569 11.7146 -30.2904 -45.4508 -16.5966 -44.9405 30.7111 -36.7782 3.2168 -27.6175 -48.7142 -2.9313 -42.1434 22.5942 -34.2808 -18.5853 -24.1368 -48.1498 31.3437 -39.8250 14.8823 -31.5208 -42.1139 -18.5639 -45.3672 30.8291 -36.6978 2.5275 -28.6386 -48.0644 -14.5812 -45.3989 35.0315 -40.2448 20.2106 -36.7761 16.0153 -38.3613 31.5166 -45.3813 -18.3890 -38.1934 -33.4828 22.5505 -43.8767 -14.6756 -48.7824 -22.4406 -48.2477 -21.3650 -48.7750 -8.6688 -44.7974 33.9227 -40.3749 25.4190 -39.9197 27.3921 -39.6538 18.7409 -35.7023 7.0149 -32.7102 -4.0259 -32.1542 4.4582 -34.8665 14.7304 -36.6561 13.8426 -34.0557 2.6014 -33.9132 7.8050 -10.9190 -42.1148 19.8982 -33.8195 -17.8603 -27.9723 -38.4272 -30.0135 6.4765 -37.1851 31.6603 -45.2215 -17.3044 -44.7592 -30.5362 12.3533 -39.0431 34.6280 -47.4607 -22.4901 -30.2877 -32.6744
-35.1021 -21.6430 -47.0652 34.9778 -38.6454 10.9870 -30.0221 -46.0936 -15.8319 -44.6842 29.9824 -36.5797 2.1373 -27.3779 -48.7521 -0.7654 -41.9336 22.0732 -34.1188 -20.2260 -23.9528 -48.0877 31.6126 -39.9118 15.7890 -32.5633 -38.1692 -19.8972 -45.9143 32.8923 -37.6255 8.9869 -31.5325 -38.0676 -23.2675 -48.3196 11.9057 -42.9165 27.3419 -37.7849 14.5284 -36.2417 19.3694 -40.7877 28.9671 -48.5065 -25.9873 -1.5271 -36.6964 29.6861 -44.0865 11.3761 -46.7171 -2.5017 -46.4064 21.1719 -43.6589 33.0029 -40.3539 26.0421 -40.6882 33.8637 -43.3672 34.7407 -37.8475 7.9756 -31.3642 -29.5622 -27.9310 -38.2328 -28.7779 -18.4168 -31.3228 -2.4626 -32.1617 -2.0337 -34.1582 20.1247 -44.3423 -23.4777 4.6378 -32.0862 -24.1473 -25.9254 -48.3262 -22.2638 -46.1566 -28.9670 5.0796 -36.9842 31.0379 -44.9899 -16.6311 -45.4750 -30.2740 11.6416 -38.8320 34.9061 -47.2533 -22.0455 -33.3299
-20.9437 -46.8410 34.8907 -38.4317 10.2432 -29.7534 -46.6509 -14.9917 -44.4198 29.2237 -36.3715 0.9172 -27.1240 -48.7902 1.9076 -41.7005 21.4824 -33.9278 -22.1983 -23.7091 -47.9960 32.1789 -39.9239 16.5693 -33.8893 -11.8013 -24.5185 -47.0324 34.3897 -38.0711 11.6341 -33.6149 -5.2149 -29.5001 -44.9798 -19.9257 -47.1157 33.5647 -40.9557 20.8121 -36.4405 13.5690 -37.2416 26.6211 -43.5389 -9.1649 -48.0117 -29.2370 6.6738 -37.1709 25.9267 -41.1721 33.6858 -42.1780 33.3274 -41.1242 27.2708 -39.1798 23.0431 -40.1158 34.6129 -45.7381 -13.3005 -48.5438 17.8768 -31.3061 -37.2124 -24.4906 -48.4680 -21.5804 -48.3266 -24.1534 -44.8029 -27.0330 -35.1065 -30.6068 6.5489 -38.2316 33.4527 -49.0308 -24.3885 -45.7901 -22.5125 -48.7154 -12.7043 -47.6741 -17.7293 -47.6096 -28.6776 4.5689 -36.8807 30.5220 -44.7719 -15.9239 -46.0995 -30.0105 10.9136 -38.6195 34.9763 -47.0364 -21.3175
-46.5957 34.6495 -38.2172 9.4794 -29.4846 -47.1258 -14.0693 -44.1514 28.4467 -36.1529 -0.4599 -26.8541 -48.8263 5.0703 -41.4912 20.8467 -33.7138 -24.4029 -23.4111 -47.8741 32.9621 -39.7970 16.4609 -34.4002 3.7423 -32.2625 -45.5536 31.1989 -38.0596 11.1475 -33.8496 8.7388 -34.2618 -0.8785 -29.1415 -46.9927 -15.9838 -45.5342 34.0382 -39.3150 17.1045 -36.1360 15.9073 -38.8770 33.5639 -45.7554 -17.4808 -45.3700 -29.8337 4.3835 -35.4226 16.4499 -37.5808 19.6849 -37.7130 17.9204 -36.9327 16.7424 -38.1265 29.0453 -44.4557 -15.9868 -39.2964 -32.2891 -14.9632 -48.7424 -19.3079 -48.3252 -9.9639 -47.2354 -9.8545 -48.1128 -17.6026 -48.7324 -24.3021 -35.8776 -32.3790 16.5802 -41.2684 21.7301 -47.4018 -9.6790 -46.9005 14.9342 -44.7088 24.7236 -46.4426 -16.9551 -47.2936 -29.0765 5.0483 -36.8879 30.1488 -44.5674 -15.1650 -46.6447 -29.7424 10.1649 -38.4060 34.8673 -46.7924
33.4371 -37.9717 8.6886 -29.2155 -47.5259 -13.0502 -43.8805 27.6564 -35.9255 -2.0114 -26.5687 -48.8351 8.6564 -41.3123 20.1779 -33.4826 -26.7225 -23.0690 -47.7252 33.7552 -39.5630 15.4575 -33.9155 2.9722 -34.7369 20.1242 -42.4679 -26.6556 -9.2406 -30.3144 -0.4975 -37.5781 18.8206 -35.7284 -0.3448 -27.7723 -48.6718 -6.1437 -43.7017 29.5148 -38.2852 15.9131 -36.5253 19.3228 -40.3124 34.9659 -46.8422 -18.8221 -46.2206 -28.3793 -11.6200 -32.2709 4.0504 -33.5882 6.1674 -33.8602 7.5792 -35.3148 18.2336 -40.7559 23.9334 -48.8902 -28.5559 13.8739 -43.1055 22.3993 -45.3533 29.9295 -43.9044 34.4773 -43.9878 27.5924 -46.0012 -9.4713 -48.6930 -24.8383 -21.0354 -34.1326 19.6505 -40.5574 34.0867 -42.7047 34.5445 -41.9172 33.3848 -42.8193 26.2452 -47.3110 -20.3373 -44.6815 -30.1334 6.5720 -37.0239 29.8980 -44.3606 -14.3078 -47.1208 -29.4695 9.3879 -38.1579 33.5474
-37.5105 7.8618 -28.9454 -47.8585 -11.9156 -43.6077 26.8608 -35.6919 -3.7578 -26.2685 -48.8158 12.4469 -41.1276 19.4909 -33.2395 -29.0612 -22.6933 -47.5537 34.3791 -39.2939 14.1237 -32.8503 -9.9394 -31.9647 8.7006 -38.4666 34.9587 -48.7536 -18.9234 -48.7776 -13.3763 33.8662 -41.8019 22.3324 -34.8175 -17.1216 -24.5737 -48.3555 18.3979 -42.4696 26.7197 -37.9519 16.2583 -37.0574 21.8927 -41.0280 34.1724 -46.6604 -16.1422 -48.5532 -24.8834 -41.4491 -28.0259 -30.8911 -29.5318 -18.8586 -31.7376 5.7858 -36.6239 28.2379 -44.9059 -17.9014 -37.4309 -33.5011 20.8226 -39.8766 28.6255 -40.2579 26.9833 -40.0037 28.5010 -41.3716 35.0246 -44.6307 -5.8343 -48.7562 -25.9980 -14.2155 -33.7675 14.4726 -37.5212 20.8959 -38.4535 22.8054 -39.8467 33.2555 -44.6565 -11.3285 -48.7678 -25.0410 -34.5329 -31.7466 8.9191 -37.2375 29.5556 -44.1139 -13.2872 -47.5335 -29.1928 8.5828 -37.7061
6.9367 -28.6767 -48.1317 -10.6376 -43.3334 26.0680 -35.4530 -5.7305 -25.9542 -48.7703 16.2451 -40.9379 18.7999 -32.9874 -31.3189 -22.2876 -47.3646 34.7758 -39.0322 12.8813 -31.7721 -29.5205 -28.2578 -26.1055 -32.7454 14.8483 -39.7866 34.5960 -43.2465 34.2191 -38.2473 -46.7857 4.7337 -40.8830 15.2588 -31.9352 -41.3064 -20.4747 -47.3378 29.0264 -42.1168 26.2301 -37.9219 16.4708 -37.2290 22.3026 -40.8482 35.1456 -45.3195 -5.6457 -48.2947 -18.7477 -48.6986 -22.7497 -47.0009 -26.4112 -31.4374 -32.0475 12.0915 -39.2793 34.6894 -47.9063 -24.0129 -20.1672 -33.3238 11.5360 -35.8953 14.1318 -36.1426 14.9550 -37.0103 20.5031 -39.7470 33.0660 -44.2454 -6.3983 -48.7650 -25.4937 -27.7983 -31.4561 3.8679 -34.1615 10.8083 -36.3446 21.7438 -41.6875 10.4474 -48.8207 -24.4335 -41.4728 -29.6057 -7.7022 -33.5301 11.3686 -37.2838 28.7782 -43.8010 -12.0612 -47.8790 -28.9175 7.7163
-27.8521 -48.3498 -9.1777 -43.0578 25.2800 -35.2099 -7.9458 -25.6287 -48.7010 19.8537 -40.7431 18.1034 -32.7296 -33.4382 -21.8546 -47.1616 34.9599 -38.7885 11.8092 -30.9284 -39.7400 -24.3649 -47.6991 -26.2574 -23.7337 -32.8448 12.0618 -36.7793 17.5634 -35.8375 5.6864 -24.0718 -46.8221 32.6714 -37.1543 3.6557 -28.9757 -47.1960 -18.2284 -47.2330 27.1086 -42.2306 25.7780 -37.5694 15.1756 -36.7853 20.2311 -39.8424 32.5131 -43.2610 28.2897 -45.9720 -4.2366 -47.8064 -17.1092 -48.6369 -25.8432 -21.6287 -33.8741 19.0988 -41.5495 17.3112 -48.6597 -24.3694 -34.7653 -30.0876 -8.2149 -31.7558 -1.7458 -32.7716 5.8579 -35.1241 16.4380 -39.0136 32.0028 -43.9894 -2.4951 -48.6244 -22.8075 -43.9012 -28.2370 -20.3490 -31.9063 7.8358 -37.2773 32.4014 -47.2383 -26.3105 -23.9152 -30.8379 -3.8931 -33.5057 8.8032 -35.1297 11.6891 -36.8874 27.4526 -43.4424 -10.6422 -48.1555 -28.1004
-48.5797 -7.4880 -42.7804 24.4998 -34.9637 -10.3970 -25.2926 -48.6099 23.1024 -40.5446 17.4087 -32.4689 -35.3992 -21.3996 -46.9479 34.9564 -38.5594 10.8721 -30.3102 -43.9739 -21.0182 -48.4388 -17.2778 -48.6675 -25.6973 -31.0742 -30.9692 -3.1978 -31.6957 -15.5460 -27.1503 -48.8437 13.7648 -41.3518 18.9079 -34.2455 -11.6301 -27.8051 -47.1270 -19.9946 -47.9377 23.0843 -41.8831 22.7240 -36.4991 11.9122 -35.7768 16.4054 -38.3075 26.0640 -41.1228 34.3522 -43.5266 26.9339 -46.4798 -14.2460 -48.5534 -27.3131 -4.2398 -35.6112 24.1064 -42.5341 12.4019 -48.2974 -20.6918 -47.5656 -25.2989 -43.0556 -27.4309 -33.2269 -30.3166 -1.9217 -34.4037 15.3329 -38.7779 30.8061 -43.3078 14.8756 -47.6675 -17.9327 -48.5049 -25.2363 -35.2065 -31.4132 11.6439 -39.4459 15.4519 5.8002 -34.6958 8.6052 -34.9654 14.5578 -37.5190 18.0366 -34.6887 8.0206 -36.1189 25.9338 -43.0895 -9.0686 -48.4468
-8.2999 -42.5011 23.7242 -34.7145 -13.0390 -24.9456 -48.4996 25.9231 -40.3446 16.7185 -32.2066 -37.1790 -20.9228 -46.7267 34.7926 -38.3384 10.0116 -29.8470 -45.9057 -18.2329 -46.9800 6.8427 -46.6180 -14.9100 -48.6103 -25.8682 -39.3293 -28.3205 -40.1834 -25.5849 -48.6184 -12.4060 -44.6307 32.0160 -38.3839 12.7752 -33.3883 -9.7735 -29.1131 -41.9604 -22.8634 -48.1463 32.1867 -40.2064 16.5148 -34.8367 6.9740 -34.5914 12.2979 -36.8311 20.3372 -39.3809 29.2208 -42.1809 33.6759 -46.2478 -15.9009 -47.5835 -28.8839 3.1720 -36.4282 25.1254 -42.1543 29.4488 -46.5575 -10.9483 -48.4326 -18.6444 -48.7036 -23.7026 -42.9556 -29.7168 -0.5868 -34.9537 16.3157 -38.6393 28.5172 -42.2719 32.4328 -46.0270 -10.5269 -48.6581 -23.3657 -39.4646 -30.5605 3.6636 -29.5325 -46.1062 28.4043 -37.5853 18.6173 -39.5918 32.5682 -42.0374 7.7629 -30.9363 -0.0567 -35.3308 24.6723 -42.7722 -9.6527
-42.3583 22.9561 -34.4638 -15.8068 -24.5899 -48.3728 28.2947 -40.1452 16.0322 -31.9467 -38.7728 -20.4252 -46.5005 34.4973 -38.1247 9.1895 -29.4781 -46.9101 -15.9167 -45.7193 34.1071 -43.2580 28.3194 -47.1053 -20.4616 -43.6674 -28.1677 -38.6127 -26.5304 -47.7456 -19.3548 -47.3869 24.7828 -42.4415 27.0228 -37.8234 13.6982 -34.5640 4.5543 -31.7988 -26.8633 -21.6225 -46.1577 31.4014 -37.2458 8.4218 -33.2741 2.4523 -34.0247 10.4946 -36.2237 18.0341 -38.6878 27.2558 -41.9619 32.9925 -46.7792 -18.4189 -45.8232 -29.6371 4.4018 -36.1704 22.0945 -40.6719 34.4771 -43.8511 24.8719 -46.2265 -9.0097 -48.4989 -22.8223 -39.0873 -31.8462 10.6209 -36.5679 18.1495 -38.3942 25.6087 -41.2241 35.1634 -44.7713 -3.2106 -48.3545 -21.9630 -45.8556 -26.1455 -47.0191 3.2476 -41.2484 22.7791 -39.3326 34.1914 -46.4639 -12.8930 -11.8342 -48.6132 -26.4148 -9.9552 -34.7983 23.7269 -42.6105
22.4775 -34.2065 -18.6231 -24.2309 -48.2322 30.2048 -39.9490 15.3675 -31.6938 -40.1676 -19.9188 -46.2736 34.1005 -37.9204 8.3924 -29.1699 -47.4974 -13.9888 -44.7204 33.7825 -40.4886 30.0991 -42.8148 2.2079 -48.5541 -30.0707 -2.4926 -31.1292 -29.7742 -26.3220 -48.4246 -16.5289 -46.8069 29.3040 -42.4653 29.0021 -38.9989 19.7335 -37.2721 15.8298 -33.7902 -45.8410 -1.4582 -41.2770 17.3139 -34.2333 0.5433 -33.0867 6.1034 -35.0487 13.9745 -37.1217 20.4047 -39.3264 29.3185 -42.5627 28.2448 -47.3261 -19.7349 -45.1908 -29.4200 0.8727 -34.9555 16.6265 -38.5575 27.0352 -41.3909 35.0709 -44.5150 -2.4375 -48.6722 -25.8559 -2.4630 -37.4909 21.9863 -38.1855 19.1851 -38.0774 23.8223 -40.8613 35.1267 -44.9552 -7.8198 -48.5454 -21.1326 -48.7019 -15.3093 -44.6742 29.7876 -38.8262 26.4809 -43.8056 -16.6236 -24.4137 -40.8760 9.1366 -48.6241 -24.9507 -15.1528 -34.4646 23.2049
-33.5818 -21.3178 -23.8810 -48.0852 31.6602 -39.7635 14.7459 -31.4614 -41.3318 -19.4240 -46.0548 33.6469 -37.7287 7.6246 -28.9091 -47.8681 -12.3988 -44.0425 30.3853 -38.2924 18.2777 -38.1408 29.2285 -44.5712 -18.2437 16.2709 -37.2107 12.4318 -32.8920 -19.6023 -27.0182 -47.9909 -18.1946 -47.4901 17.3088 -43.6190 34.0171 -41.3580 31.4914 -41.5716 27.0556 -19.8974 -45.2928 27.4268 -36.1651 5.3851 -33.2365 6.7603 -35.5776 16.7355 -37.9845 22.7776 -39.4959 27.3016 -40.9727 33.3927 -43.4429 20.7682 -47.5086 -19.4868 -46.6025 -28.2091 -11.0477 -33.0299 10.0927 -36.4035 19.8379 -39.6199 32.4571 -44.0088 -7.0103 -48.6559 -28.0623 33.8071 -42.8632 29.1098 -38.6285 19.0227 -38.2122 26.0969 -42.1471 27.4381 -47.4334 -19.7241 -47.9247 -22.7229 -47.2166 35.0956 -39.4169 19.7318 -39.2393 34.7749 -48.5752 -28.1645 17.0753 -40.5168 26.5056 -48.3137 -24.3206 -18.4780 -33.8297
-24.4607 -23.5759 -47.9484 32.6690 -39.6134 14.2448 -31.2919 -42.1758 -19.0044 -45.8682 33.2163 -37.5663 6.9464 -28.7032 -48.1000 -11.1690 -43.6322 28.1625 -36.9594 10.3833 -34.0040 9.6790 -36.2848 19.5494 -34.6970 -49.1321 33.3524 -39.5542 14.9014 -33.5994 -10.7749 -28.3133 -45.8362 -21.3076 -48.3752 -4.2739 -45.3665 29.9919 -45.0598 -10.4117 -46.6677 -37.5859 23.2303 -36.6328 7.7021 -33.2876 6.4458 -36.2058 22.7818 -40.3598 32.2526 -42.0222 34.6666 -42.5955 35.0555 -42.9745 35.1551 -44.2002 16.4140 -47.2726 -17.5084 -48.3192 -25.9922 -32.5024 -30.7481 1.4671 -34.4632 14.6137 -38.2583 28.6093 -42.5769 32.6127 -41.3874 -37.7764 -13.6467 -43.5352 26.8198 -38.1930 20.5598 -39.8118 34.5479 -45.7536 -17.6028 -45.2523 -29.1986 -18.7628 10.1032 -40.2481 17.7258 -36.1301 19.6748 -41.5822 -6.5607 -46.0445 -31.5381 16.0157 -39.9950 30.8012 -48.1211 -23.9624 -21.7642
-22.9614 -47.8572 33.1818 -39.5435 14.0285 -31.2994 -42.3717 -18.8744 -45.7860 32.9753 -37.4734 6.5076 -28.5936 -48.2148 -10.5071 -43.4640 27.2691 -36.3916 5.5391 -31.3078 -18.9076 -30.6923 -5.5751 -31.8119 -16.7758 -20.1141 -45.6732 32.9441 -38.8546 15.3247 -34.4704 -0.3014 -30.0534 -39.2359 -24.2359 -48.7674 -14.3615 -47.1318 -6.7988 -48.4156 -25.1266 0.7344 -33.4013 1.5166 -32.1510 -0.0917 -35.1286 23.4305 -42.9781 23.5310 -46.0508 1.1591 -46.5428 1.1420 -46.0884 16.5598 -44.9852 28.8343 -44.6645 18.3901 -46.6172 -13.0186 -48.7209 -22.7825 -44.6989 -28.2470 -15.9147 -32.4664 9.0159 -36.2728 19.1190 -37.8935 14.8870 -27.9564 -48.7322 30.8073 -40.7567 22.4868 -38.7331 28.1696 -43.2376 -5.1474 -48.3057 -29.6015 14.1892 -42.1467 -26.5098 4.5015 -32.9460 4.6156 -35.5672 25.5131 -44.1971 -17.6377 -41.0550 -31.6729 15.0200 -39.7958 31.8208 -48.0357 -23.3973
-47.8326 32.9873 -39.6318 14.3566 -31.6648 -40.7014 -19.6537 -46.0146 33.3456 -37.5516 6.6348 -28.6657 -48.1795 -10.8967 -43.5959 27.7456 -36.4779 4.6689 -30.3287 -38.7294 -26.5387 -44.0304 -26.6279 -43.3422 -24.2325 -48.4998 9.0897 -43.3256 31.3257 -39.4168 19.0751 -35.9752 7.5825 -31.9055 -25.3309 -26.5760 -48.0748 -19.1414 -48.3532 -17.5903 -48.4079 -26.6875 -34.9897 -28.7531 -27.4333 -31.9155 13.0421 -40.9522 -13.1508 -48.9024 -21.6606 -48.4284 -22.2059 -48.6011 -20.1528 -48.6378 -12.5426 -46.6964 15.8997 -44.8034 25.3865 -45.5424 -1.6717 -47.8694 -18.2301 -48.4644 -25.1994 -37.6269 -29.8363 -5.0112 -32.4987 1.1865 -30.2363 -45.8691 -12.9696 -44.0935 30.0304 -39.4008 25.1160 -41.2687 32.6846 -47.7829 -24.3371 -5.2527 -37.1365 34.0611 -48.8959 -26.0015 -36.7231 -29.9646 3.1092 -36.7282 31.7648 -45.9002 -20.0183 -39.5609 -31.9715 15.4902 -40.0283 30.1387 -48.0860
26.1346 -39.9751 15.6092 -32.4720 -34.2715 -22.7986 -47.0625 34.8174 -38.0406 7.9383 -29.0447 -47.8485 -12.8280 -44.1775 30.0642 -37.2989 8.1808 -31.3294 -36.5964 -25.7892 -47.6519 -23.2154 -48.2312 -22.3347 -48.7659 -15.5885 -46.9320 17.2261 -44.0992 34.9063 -41.1682 25.3604 -37.7348 13.1222 -33.5571 -9.6417 -28.2883 -46.0365 -21.9142 -48.7610 -19.8470 -48.6212 -22.9395 -47.2874 -26.3857 -22.0524 -34.0008 26.6550 -41.5632 -29.3731 -20.0024 -29.8291 -21.3262 -29.2364 -34.0666 -26.3951 -47.6519 -19.2458 -47.6748 8.3520 -44.6157 32.6425 -44.2747 24.3918 -46.2547 -9.5332 -48.5325 -20.6841 -47.6870 -25.3488 -43.0661 -25.7869 -47.4688 -17.4369 -46.1439 35.1782 -40.9946 27.4695 -40.8052 34.3689 -44.9204 -14.0787 -46.2795 -31.3179 16.3360 -41.6913 -1.4741 -48.5384 -22.4444 -43.7632 -30.3883 9.3924 -38.5122 35.0822 -47.1153 -22.4829 -31.1264 -33.3471 18.8735 -41.0665 8.4516
-40.9406 18.5025 -33.6991 -19.7120 -26.9161 -48.7231 24.6218 -39.2827 10.9575 -29.7760 -46.8211 -16.0213 -45.3251 34.2641 -39.0904 14.7908 -33.6574 -12.0112 -28.7990 -43.8011 -24.8957 -47.6135 -23.4203 -48.2453 -21.9176 -48.7664 -18.0191 -48.2224 -9.5157 -46.4668 25.4054 -43.2686 31.9052 -39.3369 17.2670 -34.7840 -1.0223 -29.5038 -42.8948 -23.4526 -48.7606 -18.4671 -48.5631 -18.4300 -48.6896 -24.5496 -39.1474 -24.7162 -40.9601 17.8956 -35.4236 11.5982 -35.2223 10.7165 -33.8222 -0.0574 -29.6746 -42.9917 -21.5974 -47.9607 10.6509 -44.0632 35.2713 -42.8317 35.2035 -44.1558 20.4220 -46.6490 -10.2329 -48.2647 -15.9458 -48.3494 -9.8573 -45.9113 34.5374 -42.1572 31.7339 -41.7931 34.8126 -43.8206 10.8040 -48.2702 -24.4981 -14.2503 -35.3758 26.4245 -43.4495 -1.8670 -48.5242 -24.1561 -30.8845 -33.2051 18.5095 -41.2803 11.2613 -48.7790 -27.2168 -1.1155 -36.1831 28.3565 -43.9690
24.7440 -35.4463 -2.0968 -29.9538 -34.6240 -26.0307 -39.3918 13.7260 -30.1230 -45.3011 -19.1091 -46.8965 29.2794 -41.9836 25.3615 -37.0641 10.0860 -32.9105 -12.2825 -29.5459 -35.8615 -27.6817 -40.8120 -27.0643 -42.3392 -26.2886 -45.1438 -24.4341 -48.1720 -20.2607 -48.4795 -6.4507 -45.2265 35.0840 -40.4923 20.1616 -35.6059 3.5533 -30.4536 -39.2812 -23.8406 -48.7414 -14.1354 -47.4230 -11.8979 -48.3567 -17.1340 -48.2886 34.8996 -39.7121 23.9908 -39.7100 27.7579 -39.7217 23.2362 -37.0751 9.1828 -31.0504 -40.4942 -21.5972 -47.8104 22.1435 -42.9961 31.8469 -40.9389 30.6675 -41.7996 34.9286 -43.6322 31.9523 -44.6691 31.1191 -43.7697 35.0184 -42.1015 33.5339 -42.9701 32.0356 -45.3566 4.8656 -47.1974 -17.5263 -47.2523 -29.6374 8.0674 -38.2616 34.2839 -45.7951 -18.1961 -46.5084 -29.6772 6.5397 -37.6731 33.9730 -46.2641 -21.1170 -35.5872 -32.9620 17.9332 -40.8366 12.8011
