-48.1580 2.4722 -33.4384 -34.8274 -20.6383 -39.8125 12.3374 -25.6164 -45.7931 30.9319 -30.2987 -48.6678 -12.4488 -36.0665 -10.0186 -22.9145 -41.8527 19.1242 -27.1347 -47.6056 26.3057 -32.0362 -45.3232 -17.8186 -38.1261 5.3574 -24.4044 -43.9688 26.0289 -28.7781 -48.5941 -0.4717 -33.7494 -32.3743 -20.9668 -40.0590 13.1970 -25.7970 -46.0403 31.2621 -30.5156 -48.5310 -13.3535 -36.3642 -7.1890 -23.1403 -42.1124 19.9650 -27.3169 -47.3094 -10.6046 -47.3094 -27.3169 19.9650 -42.1124 -23.1403 -7.1890 -36.3642 -13.3535 -48.5310 -30.5156 31.2621 -46.0403 -25.7970 13.1970 -40.0590 -20.9668 -32.3743 -33.7494 -0.4717 -48.5941 -28.7781 26.0289 -43.9688 -24.4044 5.3574 -38.1261 -17.8186 -45.3232 -32.0362 26.3057 -47.6056 -27.1347 19.1242 -41.8527 -22.9145 -10.0186 -36.0665 -12.4488 -48.6678 -30.2987 30.9319 -45.7931 -25.6164 12.3374 -39.8125 -20.6383 -34.8274 -33.4384 2.4722 -48.1580
2.4722 -31.8979 -33.9016 -21.8269 -39.0561 11.8589 -26.9452 -45.6488 31.6091 -30.4628 -48.6200 -8.9461 -34.7502 -9.7811 -24.6563 -41.3171 18.3786 -28.1065 -47.6564 34.2276 -31.6177 -45.1123 -17.8236 -37.1384 5.1070 -26.0323 -43.6492 25.3233 -29.3513 -48.7992 14.6750 -32.5577 -31.9026 -22.2246 -39.3204 12.6662 -27.0833 -45.9207 32.3874 -30.6153 -48.4715 -10.6017 -35.0938 -7.0364 -24.9092 -41.6045 19.2011 -28.2589 -47.9018 34.3448 -34.6656 34.3448 -47.9018 -28.2589 19.2011 -41.6045 -24.9092 -7.0364 -35.0938 -10.6017 -48.4715 -30.6153 32.3874 -45.9207 -27.0833 12.6662 -39.3204 -22.2246 -31.9026 -32.5577 14.6750 -48.7992 -29.3513 25.3233 -43.6492 -26.0323 5.1070 -37.1384 -17.8236 -45.1123 -31.6177 34.2276 -47.6564 -28.1065 18.3786 -41.3171 -24.6563 -9.7811 -34.7502 -8.9461 -48.6200 -30.4628 31.6091 -45.6488 -26.9452 11.8589 -39.0561 -21.8269 -33.9016 -31.8979 2.4722
-33.4384 -33.9016 -21.6986 -38.9132 11.3160 -26.8886 -45.4358 30.9591 -30.5958 -48.6975 -7.3966 -34.4685 -12.1694 -24.4399 -41.0899 17.7319 -28.0892 -47.4843 34.5833 -31.8743 -45.7543 -17.2478 -36.9313 4.1644 -25.9281 -43.4197 24.6092 -29.4023 -48.7564 18.1658 -32.8532 -33.8823 -21.8892 -39.1012 12.0120 -27.0207 -45.7059 31.7823 -30.7581 -48.5938 -9.2895 -34.8209 -9.1900 -24.7089 -41.3765 18.5482 -28.2463 -47.6970 34.0846 -32.8084 -21.4605 -32.8084 34.0846 -47.6970 -28.2463 18.5482 -41.3765 -24.7089 -9.1900 -34.8209 -9.2895 -48.5938 -30.7581 31.7823 -45.7059 -27.0207 12.0120 -39.1012 -21.8892 -33.8823 -32.8532 18.1658 -48.7564 -29.4023 24.6092 -43.4197 -25.9281 4.1644 -36.9313 -17.2478 -45.7543 -31.8743 34.5833 -47.4843 -28.0892 17.7319 -41.0899 -24.4399 -12.1694 -34.4685 -7.3966 -48.6975 -30.5958 30.9591 -45.4358 -26.8886 11.3160 -38.9132 -21.6986 -33.9016 -33.4384
-34.8274 -21.8269 -38.9132 11.0846 -26.8259 -45.2688 30.3647 -30.4834 -48.7420 -5.6768 -34.1779 -14.7464 -24.2073 -40.8641 17.0913 -27.9622 -47.3021 34.7207 -31.7617 -46.3135 -16.6297 -36.7226 3.1377 -25.8287 -43.1901 23.9009 -29.2719 -48.6937 21.2911 -32.7773 -35.7192 -21.5243 -38.8838 11.3505 -26.9047 -45.4850 31.1233 -30.6305 -48.6803 -7.8206 -34.5368 -11.5696 -24.4951 -41.1499 17.9022 -28.1189 -47.5277 34.5316 -31.8593 -46.2233 -24.8197 -46.2233 -31.8593 34.5316 -47.5277 -28.1189 17.9022 -41.1499 -24.4951 -11.5696 -34.5368 -7.8206 -48.6803 -30.6305 31.1233 -45.4850 -26.9047 11.3505 -38.8838 -21.5243 -35.7192 -32.7773 21.2911 -48.6937 -29.2719 23.9009 -43.1901 -25.8287 3.1377 -36.7226 -16.6297 -46.3135 -31.7617 34.7207 -47.3021 -27.9622 17.0913 -40.8641 -24.2073 -14.7464 -34.1779 -5.6768 -48.7420 -30.4834 30.3647 -45.2688 -26.8259 11.0846 -38.9132 -21.8269 -34.8274
-20.6383 -39.0561 11.3160 -26.8259 -45.2062 30.0047 -30.3956 -48.7588 -3.9130 -33.8954 -17.3842 -23.9613 -40.6403 16.4574 -27.8338 -47.1101 34.6939 -31.6489 -46.7960 -15.9702 -36.5093 2.0117 -25.7309 -42.9611 23.2016 -29.1412 -48.6134 24.0775 -32.6887 -37.4095 -21.1372 -38.6687 10.6809 -26.7885 -45.2584 30.4271 -30.5043 -48.7341 -6.1468 -34.2418 -14.1513 -24.2642 -40.9256 17.2654 -27.9882 -47.3443 34.7068 -31.8053 -46.0969 -16.1286 -38.3388 -16.1274 -46.0970 -31.8053 34.7068 -47.3439 -27.9891 17.2641 -40.9251 -24.2641 -14.1517 -34.2432 -6.1468 -48.7341 -30.5043 30.4271 -45.2584 -26.7885 10.6809 -38.6687 -21.1372 -37.4095 -32.6887 24.0775 -48.6134 -29.1412 23.2016 -42.9611 -25.7309 2.0117 -36.5093 -15.9702 -46.7960 -31.6489 34.6939 -47.1101 -27.8338 16.4574 -40.6403 -23.9613 -17.3842 -33.8954 -3.9130 -48.7588 -30.3956 30.0047 -45.2062 -26.8259 11.3160 -39.0561 -20.6383
-39.8125 11.8589 -26.8886 -45.2688 30.0047 -30.3597 -48.7602 -2.4550 -33.6603 -19.7887 -23.7166 -40.4272 15.8432 -27.7065 -46.9118 34.5236 -31.5373 -47.2065 -15.2691 -36.2873 0.7841 -25.6292 -42.7316 22.5084 -29.0127 -48.5175 26.4916 -32.5890 -38.9354 -20.7309 -38.4580 10.0073 -26.6734 -45.0295 29.7094 -30.3809 -48.7582 -4.2480 -33.9387 -16.8683 -24.0173 -40.7055 16.6442 -27.8539 -47.1516 34.7152 -31.6947 -46.6698 -16.2424 -36.3531 13.3296 -36.3532 -16.2410 -46.6699 -31.6906 34.7156 -47.1534 -27.8596 16.6390 -40.7045 -24.0184 -16.8536 -33.9416 -4.2480 -48.7582 -30.3809 29.7094 -45.0295 -26.6734 10.0073 -38.4580 -20.7309 -38.9354 -32.5890 26.4916 -48.5175 -29.0127 22.5084 -42.7316 -25.6292 0.7841 -36.2873 -15.2691 -47.2065 -31.5373 34.5236 -46.9118 -27.7065 15.8432 -40.4272 -23.7166 -19.7887 -33.6603 -2.4550 -48.7602 -30.3597 30.0047 -45.2688 -26.8886 11.8589 -39.8125
12.3374 -26.9452 -45.4358 30.3647 -30.3956 -48.7602 -1.8519 -33.5217 -21.5194 -23.5079 -40.2465 15.2855 -27.5856 -46.7108 34.2314 -31.4251 -47.5538 -14.5189 -36.0542 -0.5628 -25.5117 -42.4979 21.8096 -28.8901 -48.4104 28.5059 -32.4739 -40.3284 -20.2971 -38.2527 9.3303 -26.5577 -44.7947 28.9642 -30.2636 -48.7566 -2.1050 -33.6241 -19.6854 -23.7567 -40.4737 15.7224 -27.7965 -46.8885 34.5586 -31.6299 -47.0789 -15.4866 -36.3510 -0.3532 -30.9316 -0.3385 -36.3533 -15.4680 -47.0904 -31.5866 34.5726 -46.9542 -27.7280 16.0285 -40.4890 -23.7548 -19.6511 -33.6277 -2.1050 -48.7566 -30.2636 28.9642 -44.7947 -26.5577 9.3303 -38.2527 -20.2971 -40.3284 -32.4739 28.5059 -48.4104 -28.8901 21.8096 -42.4979 -25.5117 -0.5628 -36.0542 -14.5189 -47.5538 -31.4251 34.2314 -46.7108 -27.5856 15.2855 -40.2465 -23.5079 -21.5194 -33.5217 -1.8519 -48.7602 -30.3956 30.3647 -45.4358 -26.9452 12.3374
-25.6164 -45.6488 30.9591 -30.4834 -48.7588 -2.4550 -33.5217 -22.1456 -23.3860 -40.1221 14.8509 -27.4817 -46.5228 33.8556 -31.3189 -47.8434 -13.7072 -35.8146 -2.0261 -25.3737 -42.2559 21.0942 -28.7764 -48.2951 30.1284 -32.3398 -41.6099 -19.8261 -38.0571 8.6632 -26.4399 -44.5502 28.1842 -30.1570 -48.7450 0.2524 -33.2940 -22.5554 -23.4774 -40.1682 17.0180 -28.6678 -45.9494 34.4952 -30.8911 -47.2795 -15.0226 -36.0815 -0.1324 -25.6746 -44.9488 -25.6798 0.0302 -36.1543 -14.6444 -47.4383 -31.4897 34.2900 -46.7445 -27.5882 15.4386 -40.2802 -23.4684 -22.5196 -33.2982 0.2524 -48.7450 -30.1570 28.1842 -44.5502 -26.4399 8.6632 -38.0571 -19.8261 -41.6099 -32.3398 30.1284 -48.2951 -28.7764 21.0942 -42.2559 -25.3737 -2.0261 -35.8146 -13.7072 -47.8434 -31.3189 33.8556 -46.5228 -27.4817 14.8509 -40.1221 -23.3860 -22.1456 -33.5217 -2.4550 -48.7588 -30.4834 30.9591 -45.6488 -25.6164
-45.7931 31.6091 -30.5958 -48.7420 -3.9130 -33.6603 -21.5194 -23.3860 -40.0766 14.6107 -27.4088 -46.3705 33.4733 -31.2275 -48.0715 -12.8609 -35.5727 -3.6165 -25.2175 -42.0053 20.3614 -28.6759 -48.1761 31.3777 -32.1747 -42.7954 -19.3047 -37.8742 8.0160 -26.3188 -44.2926 27.3622 -30.0669 -48.7558 2.7409 -32.9753 -25.4151 -23.1669 -39.8921 16.5903 -37.1950 6.1624 -48.2623 -24.1135 -49.2285 -9.5199 -35.5648 -2.5261 -25.3975 -41.9665 31.2637 -41.9025 -25.4461 1.0021 -36.4656 -13.4200 -47.7238 -31.4540 33.8169 -46.4401 -27.4807 14.9080 -40.0849 -23.1573 -25.3870 -32.9792 2.7409 -48.7590 -30.0656 27.3622 -44.2927 -26.3187 8.0159 -37.8742 -19.3047 -42.7954 -32.1747 31.3777 -48.1761 -28.6759 20.3614 -42.0053 -25.2175 -3.6165 -35.5727 -12.8609 -48.0715 -31.2275 33.4733 -46.3705 -27.4088 14.6107 -40.0766 -23.3860 -21.5194 -33.6603 -3.9130 -48.7420 -30.5958 31.6091 -45.7931
30.9319 -30.4628 -48.6975 -5.6768 -33.8954 -19.7887 -23.5079 -40.1221 14.6107 -27.3821 -46.2807 33.1749 -31.1565 -48.2331 -12.0489 -35.3397 -5.3012 -25.0502 -41.7505 19.6096 -28.5936 -48.0620 32.2738 -31.9594 -43.9118 -18.7053 -37.7129 7.4226 -26.1927 -44.0139 26.4766 -30.0019 -48.8250 4.9826 -32.6862 -28.2428 -22.8187 -39.7773 14.2168 -36.0934 18.8636 -44.0992 9.6247 -45.2649 33.7969 -34.9516 -10.4080 -24.9928 -42.0549 19.6589 -33.8543 18.8731 -40.4478 -24.1175 21.3973 -37.6328 -12.6298 -47.8704 -30.4406 32.7174 -45.9443 -27.4520 14.4079 -39.9038 -22.8165 -28.2235 -32.7405 5.1945 -48.7834 -30.0017 26.4733 -44.0127 -26.1922 7.4242 -37.7134 -18.7054 -43.9118 -31.9594 32.2738 -48.0620 -28.5936 19.6096 -41.7505 -25.0502 -5.3012 -35.3397 -12.0489 -48.2331 -31.1565 33.1749 -46.2807 -27.3821 14.6107 -40.1221 -23.5079 -19.7887 -33.8954 -5.6768 -48.6975 -30.4628 30.9319
-30.2987 -48.6200 -7.3966 -34.1779 -17.3842 -23.7166 -40.2465 14.8509 -27.4088 -46.2807 33.0573 -31.1196 -48.3275 -11.3781 -35.1426 -6.9262 -24.8851 -41.5095 18.8723 -28.5294 -47.9573 32.8707 -31.6897 -44.9567 -17.9899 -37.5954 6.9745 -26.0612 -43.7090 25.5165 -29.9766 -48.9130 10.3730 -33.2226 -32.4853 -22.2857 -39.7220 13.1351 -32.1869 -23.8656 -36.1809 20.0000 -38.6360 18.8646 -33.0893 -36.0220 -23.1969 -41.5055 19.0550 -30.7862 -47.6669 -28.2811 -39.9873 -15.4231 -44.6590 27.0992 -37.5072 7.1445 -47.9732 17.4026 -0.0591 -45.9806 -27.4684 13.8959 -39.7257 -22.4350 -31.0268 -32.5250 7.2286 -48.8230 -29.9257 25.5403 -43.7039 -26.0593 6.9806 -37.5965 -17.9900 -44.9567 -31.6897 32.8707 -47.9573 -28.5294 18.8723 -41.5095 -24.8851 -6.9262 -35.1426 -11.3781 -48.3275 -31.1196 33.0573 -46.2807 -27.4088 14.8509 -40.2465 -23.7166 -17.3842 -34.1779 -7.3966 -48.6200 -30.2987
-48.6678 -8.9461 -34.4685 -14.7464 -23.9613 -40.4272 15.2855 -27.4817 -46.3705 33.1749 -31.1196 -48.3583 -10.9914 -35.0105 -8.2434 -24.7399 -41.2992 18.2014 -28.4790 -47.8663 33.2323 -31.3774 -45.8878 -17.1445 -37.5423 6.7828 -25.9242 -43.3691 24.4602 -30.0124 -48.9183 15.0470 -36.5431 19.7774 -23.3246 -40.2320 15.9413 -28.2607 -48.7767 -26.7715 -39.2017 -31.6923 -23.3209 -28.6801 -49.1742 -16.3097 -39.8558 16.1000 -29.1363 -48.6896 -16.6960 -47.0723 -14.3970 -45.0784 34.3054 -40.4274 11.4669 -34.7917 12.0525 -29.3365 -48.5544 -6.0682 -46.3786 -27.2377 13.4309 -39.5553 -21.9943 -33.8199 -32.4685 11.2400 -48.5900 -31.1347 24.5224 -43.3614 -25.9212 6.7895 -37.5429 -17.1445 -45.8878 -31.3774 33.2323 -47.8663 -28.4790 18.2014 -41.2992 -24.7399 -8.2434 -35.0105 -10.9914 -48.3583 -31.1196 33.1749 -46.3705 -27.4817 15.2855 -40.4272 -23.9613 -14.7464 -34.4685 -8.9461 -48.6678
-12.4488 -34.7502 -12.1694 -24.2073 -40.6403 15.8432 -27.5856 -46.5228 33.4733 -31.1565 -48.3275 -10.9914 -34.9640 -8.9835 -24.6402 -41.1410 17.6523 -28.4420 -47.7931 33.4354 -31.0460 -46.6459 -16.1912 -37.5676 6.9537 -25.7872 -42.9950 23.3079 -30.1517 -48.8114 13.4490 -36.6827 33.4505 -49.1167 -23.5915 -36.4816 -24.8702 -45.5172 7.7019 -46.3734 -17.1050 -48.2214 -17.2208 -45.3553 31.7935 -37.3377 8.8140 -27.6978 -47.5461 7.9563 -43.6249 35.9211 -41.9725 28.6423 -39.6589 10.4612 -33.2435 -39.7499 -28.1368 -48.7186 -13.4727 -44.6628 31.8797 -45.7506 -26.8770 13.1144 -39.4687 -21.9894 -33.0941 -29.8563 -24.9805 -42.0769 -32.3412 23.3899 -42.9898 -25.7856 6.9558 -37.5676 -16.1912 -46.6459 -31.0460 33.4354 -47.7931 -28.4420 17.6523 -41.1410 -24.6402 -8.9835 -34.9640 -10.9914 -48.3275 -31.1565 33.4733 -46.5228 -27.5856 15.8432 -40.6403 -24.2073 -12.1694 -34.7502 -12.4488
-36.0665 -9.7811 -24.4399 -40.8641 16.4574 -27.7065 -46.7108 33.8556 -31.2275 -48.2331 -11.3781 -35.0105 -8.9835 -24.6053 -41.0584 17.3016 -28.4167 -47.7399 33.5388 -30.7355 -47.2120 -15.1917 -37.6834 7.5489 -25.6622 -42.6227 22.1719 -30.4766 -48.7086 6.4935 -33.8987 12.6240 -41.1161 21.1274 -47.0416 -10.6791 -42.2983 29.7770 -39.4438 30.3008 -41.1642 32.5299 -39.3641 20.8105 -34.0286 -18.9371 -25.6994 -45.4342 35.6981 -40.3737 24.3727 -39.3235 15.0671 -36.2420 -1.4972 -31.1542 -47.9617 -21.1090 -46.9902 -0.3531 -43.7523 34.4218 -41.2450 34.1726 -45.1137 -26.7207 10.8251 -38.5557 21.3062 -43.6560 21.2903 -35.9215 -41.9509 -31.4695 22.2505 -42.6218 -25.6620 7.5488 -37.6834 -15.1917 -47.2120 -30.7355 33.5388 -47.7399 -28.4167 17.3016 -41.0584 -24.6053 -8.9835 -35.0105 -11.3781 -48.2331 -31.2275 33.8556 -46.7108 -27.7065 16.4574 -40.8641 -24.4399 -9.7811 -36.0665
-10.0186 -24.6563 -41.0899 17.0913 -27.8338 -46.9118 34.2314 -31.3189 -48.0715 -12.0489 -35.1426 -8.2434 -24.6402 -41.0584 17.1855 -28.4024 -47.7064 33.5808 -30.4863 -47.5951 -14.2624 -37.8891 8.5300 -25.5567 -42.3200 21.2929 -31.1600 -48.7491 -2.3348 -31.1649 -20.2073 -34.5413 14.3646 -39.9361 27.4757 -37.7998 13.5834 -34.2209 0.7767 -34.8691 5.5709 -33.8808 -9.8262 -29.4117 -48.8497 -19.3874 -42.1473 26.3883 -36.6705 8.7929 -35.3963 -4.5055 -31.7256 -43.3626 -25.9332 -48.6554 -9.8343 -43.5639 35.6086 -40.9979 25.4544 -39.6109 14.7204 -37.2899 28.9123 -44.5418 -26.0143 -5.6144 -34.6287 15.1719 -36.7245 -7.2361 -26.4918 -48.7592 -30.6473 21.3250 -42.3201 -25.5567 8.5300 -37.8891 -14.2624 -47.5951 -30.4863 33.5808 -47.7064 -28.4024 17.1855 -41.0584 -24.6402 -8.2434 -35.1426 -12.0489 -48.0715 -31.3189 34.2314 -46.9118 -27.8338 17.0913 -41.0899 -24.6563 -10.0186
-22.9145 -41.3171 17.7319 -27.9622 -47.1101 34.5236 -31.4251 -47.8434 -12.8609 -35.3397 -6.9262 -24.7399 -41.1410 17.3016 -28.4024 -47.6935 33.5957 -30.3283 -47.8203 -13.5408 -38.1479 9.7370 -25.4760 -42.1806 21.1153 -32.7473 -48.4373 -12.1349 -29.6920 -41.9060 -26.7820 -45.9030 -31.5863 -5.8412 -32.6683 -28.7850 -27.8590 -49.0202 -25.0152 -48.9982 -24.5059 -49.1790 -19.8436 -45.7262 27.1788 -38.3320 14.2344 -32.1784 -38.2076 -28.7980 -47.2492 -24.9543 -48.5092 -13.8827 -44.3782 35.1140 -40.4038 23.0820 -38.4182 12.3398 -36.0853 -0.0763 -33.5162 -24.1814 -33.1568 23.9270 -42.2467 -20.1214 -48.9991 -27.2959 -45.2098 -25.3122 -46.7624 -9.0387 -48.7457 -32.0668 21.0753 -42.1803 -25.4762 9.7370 -38.1479 -13.5408 -47.8203 -30.3283 33.5957 -47.6935 -28.4024 17.3016 -41.1410 -24.7399 -6.9262 -35.3397 -12.8609 -47.8434 -31.4251 34.5236 -47.1101 -27.9622 17.7319 -41.3171 -22.9145
-41.8527 18.3786 -28.0892 -47.3021 34.6939 -31.5373 -47.5538 -13.7072 -35.5727 -5.3012 -24.8851 -41.2992 17.6523 -28.4167 -47.7064 33.5957 -30.2746 -47.9220 -13.1140 -38.3875 10.8765 -25.4398 -42.2831 22.2591 -33.1531 -40.2809 -21.6604 -29.2366 -43.9928 -19.7805 -44.6216 -13.9851 -48.5645 -21.6432 -48.4501 -15.9420 -44.3206 24.4816 -43.2219 28.5554 -42.7551 35.1556 -39.7801 22.2781 -34.4412 -8.5156 -27.8300 -48.7721 -17.2260 -46.1682 -5.9374 -43.9984 32.3892 -39.9390 21.9392 -36.7922 7.8932 -34.3270 -15.9156 -31.1457 -43.5829 -27.1515 -48.8863 -23.7641 -48.8090 -29.6771 13.8672 -38.2954 33.1668 -43.7389 5.5786 -43.9605 34.5788 -37.5008 -12.0788 -47.5668 -31.7768 22.2119 -42.2836 -25.4417 10.8764 -38.3875 -13.1140 -47.9220 -30.2746 33.5957 -47.7064 -28.4167 17.6523 -41.2992 -24.8851 -5.3012 -35.5727 -13.7072 -47.5538 -31.5373 34.6939 -47.3021 -28.0892 18.3786 -41.8527
19.1242 -28.1065 -47.4843 34.7207 -31.6489 -47.2065 -14.5189 -35.8146 -3.6165 -25.0502 -41.5095 18.2014 -28.4420 -47.7399 33.5808 -30.3283 -47.9220 -12.9780 -38.5312 11.6470 -25.4892 -42.7421 21.4161 -32.8014 -45.7801 9.2294 -29.3805 -44.5537 -18.2219 -39.6785 28.0691 -40.7989 34.6886 -41.5885 32.5570 -38.7570 20.4599 -37.1061 15.8682 -36.3106 12.1975 -34.4459 -3.6118 -29.9842 -48.0071 -21.3420 -44.5477 34.9324 -41.0358 34.8382 -41.7691 8.1879 -43.3071 19.2024 -32.7772 -36.7304 -28.0168 -48.6560 -23.4223 -48.4294 -15.1302 -45.6341 13.1250 -43.1472 8.8143 -47.2296 -26.6872 -16.8215 -33.4804 14.2088 -36.0455 16.3630 -36.2119 5.2744 -34.1280 27.8348 -40.1159 -32.2881 22.3959 -42.6791 -25.4611 11.6470 -38.5312 -12.9780 -47.9220 -30.3283 33.5808 -47.7399 -28.4420 18.2014 -41.5095 -25.0502 -3.6165 -35.8146 -14.5189 -47.2065 -31.6489 34.7207 -47.4843 -28.1065 19.1242
-27.1347 -47.6564 34.5833 -31.7617 -46.7960 -15.2691 -36.0542 -2.0261 -25.2175 -41.7505 18.8723 -28.4790 -47.7931 33.5388 -30.4863 -47.8203 -13.1140 -38.5312 11.9122 -25.8508 -42.3076 23.3345 27.3564 -43.0953 32.9752 -29.8473 -45.2486 -18.4522 -39.0019 12.9112 -34.5011 5.7951 -35.0424 6.4079 -33.7786 -10.8172 -33.0314 -25.8851 -32.7950 -42.5662 -27.1980 -49.0080 -21.7808 -46.4396 -8.9868 -42.2948 31.9011 -38.8169 19.0956 -40.4935 10.2472 -48.6930 -29.5060 -14.6312 -48.2680 -15.6058 -45.3441 12.3451 -43.3799 35.6000 -41.0407 28.0432 -38.9775 20.6810 -37.8707 32.0452 -43.0812 -18.1335 -49.2599 -26.3078 -44.0826 -28.5304 -45.3035 -28.2118 -40.3163 -34.0815 16.3002 -39.3839 15.3859 27.3022 -42.9737 -25.4897 11.9122 -38.5312 -13.1140 -47.8203 -30.4863 33.5388 -47.7931 -28.4790 18.8723 -41.7505 -25.2175 -2.0261 -36.0542 -15.2691 -46.7960 -31.7617 34.5833 -47.6564 -27.1347
-47.6056 34.2276 -31.8743 -46.3135 -15.9702 -36.2873 -0.5628 -25.3737 -42.0053 19.6096 -28.5294 -47.8663 33.4354 -30.7355 -47.5951 -13.5408 -38.3875 11.6470 -25.8497 -44.2194 -37.4121 26.1959 -43.3711 34.6876 -40.4086 -36.8836 33.5017 -38.2245 9.3939 -28.8295 -48.7906 -25.7135 -48.5559 -25.2664 -48.7537 -26.9103 -44.8968 -33.1502 -14.5764 -23.4724 -45.4819 24.5667 -41.5015 33.1700 -47.0440 7.2967 -41.2486 17.2913 -37.9982 25.8598 -45.1783 -24.8443 -0.5104 -39.7598 31.3927 -39.7989 25.1812 -38.3431 18.2395 -37.0071 9.6203 -34.8469 -4.4222 -33.2134 -13.1152 -33.7208 15.1843 -38.0434 34.8529 -42.7110 3.9966 -44.5724 -2.7624 -44.6328 -20.0638 -45.1958 -34.3284 14.6847 -41.1177 13.8139 25.5253 -43.1009 -25.4903 11.6470 -38.3875 -13.5408 -47.5951 -30.7355 33.4354 -47.8663 -28.5294 19.6096 -42.0053 -25.3737 -0.5628 -36.2873 -15.9702 -46.3135 -31.8743 34.2276 -47.6056
26.3057 -31.6177 -45.7543 -16.6297 -36.5093 0.7841 -25.5117 -42.2559 20.3614 -28.5936 -47.9573 33.2323 -31.0460 -47.2120 -14.2624 -38.1479 10.8765 -25.4878 -42.2815 -37.4336 30.5532 -43.2809 35.1696 -44.6037 -13.2597 -34.0439 -29.5186 -38.3114 -24.2686 -45.1853 14.9690 -43.7385 15.3118 -44.1273 -11.1810 -48.7365 -31.6145 14.6771 -42.0033 -29.7801 15.2733 -35.0314 6.7792 -25.7545 -25.4998 -49.0033 28.1383 -39.0395 10.4072 -38.9994 35.2841 -48.3597 -28.7706 -4.8678 -34.1289 -0.3078 -33.5225 -14.9325 -31.6152 -38.0728 -28.4171 -48.1265 -24.6781 -49.0175 -23.1628 -49.0803 -28.1729 -21.2423 -33.3426 12.5184 -36.8759 23.8356 -39.1191 27.5959 -40.9122 -19.9603 -41.5844 -35.6103 21.6494 -41.4812 17.6826 24.3884 -43.1011 -25.4613 10.8765 -38.1479 -14.2624 -47.2120 -31.0460 33.2323 -47.9573 -28.5936 20.3614 -42.2559 -25.5117 0.7841 -36.5093 -16.6297 -45.7543 -31.6177 26.3057
-32.0362 -45.1123 -17.2478 -36.7226 2.0117 -25.6292 -42.4979 21.0942 -28.6759 -48.0620 32.8707 -31.3774 -46.6459 -15.1917 -37.8891 9.7370 -25.4398 -42.7402 23.2243 26.5438 -43.3124 32.6775 -43.0364 35.8625 -44.4384 -14.2057 -46.8012 -6.7819 -40.8697 26.3944 -38.1521 21.1515 -39.1329 31.9240 -44.1261 -21.8256 -26.0346 -37.9372 34.1759 -49.7203 -25.8476 -48.6564 -23.0524 -46.9180 8.8799 -27.1414 -45.2656 23.3364 -36.7450 10.2793 -39.9842 30.7787 -47.4177 -22.3882 -49.1725 -24.0438 -49.1127 -21.9125 -48.2836 -16.5688 -45.9792 3.5666 -43.5167 32.1979 -42.6721 26.0017 -44.8101 -18.9716 -49.3513 -28.4680 -11.1665 -38.1771 26.3948 -38.6019 23.8995 -45.0927 -25.4630 18.4121 -42.0805 33.7449 -42.0670 18.1184 23.7318 -42.7610 -25.4411 9.7370 -37.8891 -15.1917 -46.6459 -31.3774 32.8707 -48.0620 -28.6759 21.0942 -42.4979 -25.6292 2.0117 -36.7226 -17.2478 -45.1123 -32.0362
-45.3232 -17.8236 -36.9313 3.1377 -25.7309 -42.7316 21.8096 -28.7764 -48.1761 32.2738 -31.6897 -45.8878 -16.1912 -37.6834 8.5300 -25.4760 -42.2826 21.4097 28.3607 -43.4008 35.6696 -43.1055 29.4389 -41.6122 28.8770 -40.8666 28.4286 -37.2501 10.7419 -34.9341 -6.2908 -35.5571 8.6487 -39.1275 35.7564 -47.6999 -28.5964 4.5401 -39.0970 34.4030 -43.2170 31.3965 -41.1522 25.9275 -34.5457 -43.5886 -2.7688 -38.2877 -2.1572 -34.2877 9.8201 -39.1278 32.7226 -42.6742 31.5892 -43.2492 33.6318 -42.4100 35.1053 -40.8863 28.5348 -38.7787 20.0885 -37.6630 16.4795 -37.3625 22.2919 -39.3320 34.3587 -41.7582 11.5165 -24.6919 -46.3912 25.9338 -36.7491 4.6080 -27.4300 -48.7805 -23.9589 -49.5388 29.7457 -42.2557 28.0257 21.4571 -42.2839 -25.4761 8.5300 -37.6834 -16.1912 -45.8878 -31.6897 32.2738 -48.1761 -28.7764 21.8096 -42.7316 -25.7309 3.1377 -36.9313 -17.8236 -45.3232
-17.8186 -37.1384 4.1644 -25.8287 -42.9611 22.5084 -28.8901 -48.2951 31.3777 -31.9594 -44.9567 -17.1445 -37.5676 7.5489 -25.5567 -42.1805 22.2970 -35.4455 -43.4659 36.2576 -45.0894 36.1085 -41.6971 18.8349 -37.9764 8.6905 -34.0793 -22.4118 -32.3321 -35.1622 -33.6632 -22.2562 -35.5411 11.0850 -40.1363 20.8163 -48.8145 -29.1882 -5.2958 -34.9208 11.7937 -35.4077 6.9604 -35.3110 -13.1564 -32.1361 -41.7300 16.3645 -31.4076 -46.1700 -30.9485 -3.4714 -35.6930 13.6375 -36.9867 15.9328 -36.8665 13.2973 -36.0559 7.7182 -34.6628 -5.0097 -32.6409 -28.0780 -31.3058 -30.1632 -32.2032 -5.2668 -33.7722 3.5545 -31.4258 -48.9186 13.7058 -39.7988 1.7760 -30.1654 -48.7653 -21.7308 -48.8741 -11.9561 -42.9393 35.7259 -44.8057 -34.4871 22.2375 -42.1807 -25.5567 7.5489 -37.5676 -17.1445 -44.9567 -31.9594 31.3777 -48.2951 -28.8901 22.5084 -42.9611 -25.8287 4.1644 -37.1384 -17.8186
-38.1261 5.1070 -25.9281 -43.1901 23.2016 -29.0127 -48.4104 30.1284 -32.1747 -43.9118 -17.9899 -37.5423 6.9537 -25.6622 -42.3200 21.1153 -35.1151 1.8106 29.6362 -44.1996 -17.1327 -45.2038 30.5066 -38.0488 -6.9890 -30.3292 -47.9668 -28.0999 -38.2535 -34.9610 6.7585 -36.4979 5.1336 -36.6387 14.7540 -40.3117 23.9312 -47.5767 -23.5605 -47.9684 -28.0660 -42.6027 -33.5231 -13.3627 -37.0499 25.9195 -45.1032 -23.5986 -48.8998 -17.6871 -48.4452 -25.1155 -46.3917 -29.1338 -38.4421 -30.0658 -39.5969 -29.1674 -45.0871 -27.2323 -48.4365 -24.2308 -48.8473 -20.2884 -47.9988 -19.2470 -48.3882 -22.2486 -49.1918 -23.1041 -48.6588 -3.4653 -41.3884 16.0297 -32.1739 -48.7492 -14.4380 -45.3412 21.9838 -42.9535 35.9025 -43.7308 -18.2427 -39.1447 -34.0283 21.1037 -42.3201 -25.6622 6.9537 -37.5423 -17.9899 -43.9118 -32.1747 30.1284 -48.4104 -29.0127 23.2016 -43.1901 -25.9281 5.1070 -38.1261
5.3574 -26.0323 -43.4197 23.9009 -29.1412 -48.5175 28.5059 -32.3398 -42.7954 -18.7053 -37.5954 6.7828 -25.7872 -42.6227 21.2929 -32.3732 -46.3666 2.5586 -32.1743 -35.6636 -26.2230 -17.0848 -41.3408 9.7756 -30.1873 -48.5172 -19.4284 -48.6046 -32.6471 26.2064 -40.3012 26.9285 -39.3540 8.3768 -36.1626 12.4555 -39.2227 34.1094 -43.0726 -3.7362 -47.1200 -27.6264 -1.8525 -36.3511 9.4926 -40.1834 35.1266 -45.2602 30.7367 -42.1806 34.5908 -44.0709 -5.1582 -46.3134 -14.8800 -46.9321 -14.5800 -46.3402 -10.6000 -45.1824 -0.5057 -43.7379 33.8399 -42.0948 34.9769 -41.4324 35.0567 -41.9136 35.0137 -42.3636 34.8265 -39.7519 16.3307 -33.3954 -46.4934 -19.8831 -45.0616 35.7408 -41.0271 31.8149 -43.8184 -18.8779 -48.3423 -22.5257 -46.8580 -32.2469 21.2926 -42.6227 -25.7872 6.7828 -37.5954 -18.7053 -42.7954 -32.3398 28.5059 -48.5175 -29.1412 23.9009 -43.4197 -26.0323 5.3574
-24.4044 -43.6492 24.6092 -29.2719 -48.6134 26.4916 -32.4739 -41.6099 -19.3047 -37.7129 6.9745 -25.9242 -42.9947 22.1712 -31.1617 -48.4358 -20.4179 -31.9773 -44.3993 33.3669 -30.9187 -47.5625 30.2537 -34.0163 -48.4888 -11.3001 -45.0505 -21.4276 -33.4847 -45.6340 -6.7444 -44.9618 14.1579 -35.4934 -15.9860 -33.2379 1.5669 -37.0168 21.5567 -40.1151 -1.3748 -49.0479 -38.0656 20.1378 -37.9912 12.5730 -39.3546 22.6511 -38.8144 17.1615 -38.1570 21.6111 -39.2161 28.6852 -40.3603 31.3240 -40.7966 33.9033 -41.9144 29.8458 -44.1217 32.4769 -39.1432 15.5158 -36.6301 10.4401 -35.7837 10.7029 -35.6492 10.7788 -35.1433 0.8907 -31.3124 -47.3705 -23.4623 -48.3903 -20.8071 -43.6798 28.8430 -40.4186 1.6120 -47.8982 -29.5031 -40.6205 -15.3559 -48.4367 -31.1597 22.1718 -42.9950 -25.9242 6.9745 -37.7129 -19.3047 -41.6099 -32.4739 26.4916 -48.6134 -29.2719 24.6092 -43.6492 -24.4044
-43.9688 25.3233 -29.4023 -48.6937 24.0775 -32.5890 -40.3284 -19.8261 -37.8742 7.4226 -26.0609 -43.3684 23.3063 -30.4806 -48.7495 -12.1434 -29.2429 -44.6007 -18.7716 -38.3571 -33.3770 -10.6534 -37.4370 -22.9682 -21.6586 -42.9600 35.8171 -43.2748 25.0095 -31.3973 -46.9027 -25.3216 -47.7127 -48.4380 -24.5464 -48.6483 -31.0467 -26.5410 -35.1182 11.7231 -37.7101 16.1637 -21.9003 -43.9731 19.1299 -37.1041 2.4086 -35.2254 -6.2857 -33.5133 -17.4021 -33.7327 -0.9942 -35.0634 6.9438 -37.0191 15.8068 -40.2593 35.1818 -47.4431 -20.6616 -38.6451 10.7756 -32.5775 -38.3434 -28.8837 -45.9703 -27.6556 -46.6463 -26.9161 -48.2983 -24.4558 -48.1702 -20.3795 -48.7100 -30.5654 -11.1362 -8.7080 -40.3282 29.4796 -45.2726 -28.1926 -5.3196 -14.7122 -30.4887 -12.1161 -48.7486 -30.4747 23.3078 -43.3691 -26.0612 7.4226 -37.8742 -19.8261 -40.3284 -32.5890 24.0775 -48.6937 -29.4023 25.3233 -43.9688
26.0289 -29.3513 -48.7564 21.2911 -32.6887 -38.9354 -20.2971 -38.0571 8.0160 -26.1924 -43.7087 24.4496 -30.1566 -48.6816 -2.3293 -29.6824 -43.7628 -18.3823 -39.2247 9.7314 -24.6468 -41.0224 12.0576 -29.8425 -47.2142 34.9357 -40.9569 24.7911 -38.4197 -0.9420 -32.2605 -30.5252 -34.9903 21.2401 -45.5524 -23.4405 -32.6516 -33.4151 -23.1633 -33.0994 -22.4014 -29.9323 -48.8379 35.2293 -38.8318 -0.3526 -32.6409 -43.0022 -29.2270 -47.7062 -27.8415 -48.3185 -27.1899 -46.7535 -30.5413 -16.8208 -37.1177 26.7512 -45.5337 -25.3463 6.8651 -40.1872 -20.7968 -48.7928 -17.2859 -46.1206 -6.8191 -44.7341 0.5616 -44.1681 10.4299 -43.4575 0.0134 -47.7404 -30.0195 15.0614 -41.5341 -31.8484 12.8323 -38.6297 -0.3543 -44.8361 -35.5995 -21.9526 -43.9513 -29.6646 -2.3143 -48.6833 -30.1507 24.4602 -43.7090 -26.1927 8.0160 -38.0571 -20.2971 -38.9354 -32.6887 21.2911 -48.7564 -29.3513 26.0289
-28.7781 -48.7992 18.1658 -32.7773 -37.4095 -20.7309 -38.2527 8.6632 -26.3188 -44.0139 25.5064 -30.0150 -48.7108 4.8607 -30.3870 -42.8571 -18.8174 -38.9670 11.5432 -28.4341 -44.8735 28.6633 -35.5710 -43.3378 -20.4635 -44.5476 34.8897 -40.3936 17.4654 -36.8372 -10.2570 -34.6673 8.5270 -39.9308 20.5952 -49.8139 -35.3690 16.7039 -35.8339 -38.9173 -26.0322 -48.4953 10.2059 -40.4592 11.6266 -33.3522 -45.2643 -28.2076 -47.1167 -29.1777 -46.3494 -25.7583 -47.9591 -19.5786 -48.7575 -30.4674 4.9715 -39.6744 9.0856 -48.4260 -33.9543 20.5698 -42.1553 35.1862 -40.8865 29.0564 -39.2043 24.1823 -38.5894 25.2008 -40.2267 25.3734 -44.3691 -22.5262 -18.4724 -38.1859 -4.1101 -37.7368 -35.2219 20.7056 -43.2520 -26.2980 7.2673 -39.5832 -19.3129 -42.5679 -30.5793 5.0672 -48.7220 -30.0136 25.5165 -44.0139 -26.3188 8.6632 -38.2527 -20.7309 -37.4095 -32.7773 18.1658 -48.7992 -28.7781
-48.5941 14.6750 -32.8532 -35.7192 -21.1372 -38.4580 9.3303 -26.4399 -44.2926 26.4767 -29.9751 -48.7587 7.8837 -31.7677 -38.7340 -22.1874 -41.4615 19.9230 -33.6509 -48.7685 2.8468 -40.0769 11.2756 -32.4598 -48.3506 -17.7481 -45.2506 35.2921 -40.7875 22.0688 -37.7587 3.4065 -36.3190 11.3480 -38.4262 22.3365 -16.7648 -43.0473 30.4445 -24.0496 -48.0289 22.0059 -40.5082 16.2425 -34.6374 -40.0824 -29.7144 -39.9822 -33.3740 3.5788 -34.4967 -34.3681 -23.8898 -46.1110 -17.5580 -47.7776 -33.7613 19.1477 -42.8850 -19.6506 -41.9440 -33.7547 9.6050 -36.0828 7.6382 -35.1567 -0.8868 -34.1241 0.7076 -35.9504 30.7287 -49.1707 -18.9824 -48.7657 -33.0315 22.0396 -44.3470 -26.9213 -8.0571 -38.3907 17.2806 -48.8332 -34.4864 25.6980 -43.3741 -24.1284 -34.5554 -32.2407 8.2956 -48.7708 -29.9782 26.4766 -44.2926 -26.4399 9.3303 -38.4580 -21.1372 -35.7192 -32.8532 14.6750 -48.5941
-0.4717 -32.5577 -33.8823 -21.5243 -38.6687 10.0073 -26.5577 -44.5502 27.3622 -29.9991 -48.7796 8.1883 -32.7373 -20.9728 -29.2460 -48.0910 30.9712 -39.3249 -0.4015 -27.5564 -46.6208 35.5981 -39.1451 3.6767 -31.6099 -47.6926 -22.7733 -47.4702 0.3584 -42.8109 30.3396 -38.8758 8.0647 -36.1761 -2.4838 -32.7048 -48.7161 -16.0671 -48.5589 -40.0860 32.4403 -39.3742 13.4440 -34.4202 -36.7385 -30.7603 -34.7987 -35.0275 17.8869 -40.1853 29.8618 -35.0957 -46.6563 -14.2946 -45.4687 -22.5909 -35.3918 -36.5159 28.2743 -44.5214 -20.0668 -48.0410 -29.9217 -40.8628 -30.9783 -44.9270 -27.2752 -48.6870 -25.6528 -48.3801 -15.7708 -30.2169 -47.3649 -27.5223 -11.4506 -38.5085 19.0154 -48.9825 -33.7918 23.0128 -44.5278 -26.6233 5.4372 -40.3062 5.8760 -48.7628 -30.5297 -15.5404 -33.0866 8.2982 -48.7815 -30.0032 27.3622 -44.5502 -26.5577 10.0073 -38.6687 -21.5243 -33.8823 -32.5577 -0.4717
-33.7494 -31.9026 -21.8892 -38.8838 10.6809 -26.6734 -44.7947 28.1842 -30.0656 -48.7819 7.1044 -32.6878 -18.8633 -34.7409 -31.0077 -25.3262 -46.1081 29.4065 -36.2430 -40.2536 -20.9264 -44.3585 29.3521 -38.4793 4.4832 -33.4940 -34.3295 -28.5859 -48.7202 -18.5250 -45.2909 35.1514 -39.3020 8.0052 -34.2716 -43.8789 -21.2645 -46.7153 -25.2921 5.2605 -35.3948 -0.6951 -32.2656 -43.1599 -30.4108 -34.2967 -35.0433 18.0948 -41.5352 -10.0263 -48.4941 12.6858 -26.3237 -46.5101 23.1110 -46.8511 -26.6557 -12.8693 -37.8810 31.6950 -44.3929 -22.8302 -46.5994 -30.6209 -39.3501 -29.7985 -48.2565 -8.7881 -44.4953 15.6595 -42.0898 8.5905 -29.3791 -47.1623 -34.1170 22.3076 -43.9617 -25.2753 -2.2039 -39.0686 -4.0101 -46.5315 -35.8122 32.5130 -46.8199 -26.2123 -31.8763 -34.6924 -16.0464 -32.8404 6.9686 -48.7782 -30.0672 28.1842 -44.7947 -26.6734 10.6809 -38.8838 -21.8892 -31.9026 -33.7494
-32.3743 -22.2246 -39.1012 11.3505 -26.7885 -45.0295 28.9642 -30.1570 -48.7590 5.1641 -32.5858 -30.8782 -30.8508 7.9664 -35.0960 -44.4194 -14.3837 -41.4842 13.9226 -32.8467 -48.3975 -12.6602 -42.5880 27.5218 -39.2592 15.2969 -36.9297 3.9854 -32.6686 -43.3401 -23.7200 -46.5506 35.7349 -39.0846 3.3108 -30.7182 -48.3620 -8.8687 -47.2359 -25.2842 -47.3683 -26.4588 -48.6950 -27.4495 -36.8031 -35.1153 14.9608 -40.1546 -1.0273 -46.2485 -32.8172 -15.7836 -46.9634 35.0857 -41.5294 29.0463 -48.0920 -28.5687 -0.6221 -38.0238 20.2220 -46.7458 -33.4124 -0.5136 -36.3545 11.7540 -19.9171 -43.0132 30.2166 -39.2135 16.0565 -33.2865 -47.2716 -28.9194 -1.3404 -39.1017 5.2560 -48.3706 -34.6941 27.3562 -45.6066 -28.1935 10.4067 -41.6844 -15.8763 -44.4472 -34.6949 4.9987 -31.5472 -28.2250 -32.6434 5.1053 -48.7575 -30.1570 28.9642 -45.0295 -26.7885 11.3505 -39.1012 -22.2246 -32.3743
-20.9668 -39.3204 12.0120 -26.9047 -45.2584 29.7094 -30.2636 -48.7450 2.7409 -32.7324 -31.2876 -23.2513 -17.0476 -38.4757 8.7893 -29.9199 -47.7186 35.8395 -39.1238 3.4746 -30.5306 -48.6000 -2.2889 -42.9417 35.8059 -41.8749 30.9753 -39.7093 16.1848 -35.1353 -32.0229 -25.1801 -46.4194 34.3140 -38.0443 -14.0699 -26.0449 -45.7823 18.9439 -45.1591 -8.0297 -46.2644 -19.0599 -47.3853 -33.9514 14.3791 -40.2542 34.4623 -45.5834 -26.6649 7.5928 -40.8296 29.6749 -39.5575 20.3382 -40.5539 23.8862 -48.3208 -27.8503 -19.7731 -28.7853 -43.7371 22.9094 -38.8864 34.2533 -49.0990 -31.5053 13.0060 -36.7956 3.3308 -34.4314 -43.3237 -26.1106 -46.4105 -35.0986 27.3961 -45.3902 -27.3231 5.6769 -40.2003 -11.7548 -44.2134 -36.1911 34.7456 -47.9269 -30.2095 7.6674 -37.7197 -17.8115 -23.4199 -31.2931 -32.7217 2.7271 -48.7450 -30.2636 29.7094 -45.2584 -26.9047 12.0120 -39.3204 -20.9668
-40.0590 12.6662 -27.0207 -45.4850 30.4271 -30.3809 -48.7566 0.2524 -32.9792 -28.2350 -22.4160 -39.1358 -31.3647 26.0092 -36.5393 -38.7302 -20.0255 -43.7338 29.0642 -38.2255 -7.4843 -28.3418 -48.0855 -14.7539 -47.1794 -13.7789 -46.2074 21.6042 -41.6481 22.9980 -36.0943 -31.6022 -23.5974 -44.8070 27.3461 -35.8099 -42.1886 -19.0627 -43.0526 35.8215 -41.9262 31.5932 -46.9818 -26.3700 -0.6273 -37.0464 -4.1221 -42.7255 15.5540 -48.7292 -30.5916 4.8445 -35.6234 2.4914 -35.8133 14.6389 -40.0694 33.2175 -46.5492 -19.7943 -49.1670 34.5417 -39.7436 19.5405 -42.2381 -20.1936 -43.2221 -33.3316 -14.4937 -35.3294 -12.5329 -30.7520 -48.6742 -29.5531 6.8506 -40.4488 -11.8337 -45.0443 -35.9224 32.1370 -46.8458 -29.4193 11.6553 -41.6481 -18.3070 -35.2572 -36.8722 23.0271 -33.3343 -39.0591 -22.4157 -28.3309 -32.9707 0.2402 -48.7566 -30.3809 30.4271 -45.4850 -27.0207 12.6662 -40.0590
13.1970 -27.0833 -45.7059 31.1233 -30.5043 -48.7582 -2.1050 -33.2981 -25.3861 -22.8178 -39.7199 13.4206 -25.9647 -41.9371 10.2656 -31.2100 -48.7538 -11.6274 -43.0044 25.4720 -36.8825 -29.0560 -28.0613 -47.9597 -28.2072 -44.8257 -26.8732 -48.9372 -12.5590 -42.7540 23.9149 -35.2477 -43.0827 -17.8627 -41.9946 17.0387 -32.5902 -48.7700 2.4712 -41.4742 30.7329 -42.0060 15.5853 -47.7793 -22.6834 -36.4393 -22.9716 -17.8328 -42.7115 -2.9622 -48.7953 -26.4122 -46.1681 -28.6718 -41.3395 -33.0262 9.8031 -38.8547 30.1132 -42.0445 34.7701 -39.8903 13.5841 -38.4990 34.7000 -49.2611 -30.4520 -21.4311 -36.2935 15.1541 -37.6998 -9.5456 -29.4822 -40.5448 -36.2664 33.2838 -47.2269 -29.7302 11.7579 -41.5298 -17.5253 -38.3886 -36.8973 35.3785 -47.8667 -30.6637 14.4702 -42.6755 -25.9479 13.1560 -39.7101 -22.8138 -25.4799 -33.2908 -2.1103 -48.7582 -30.5043 31.1233 -45.7059 -27.0833 13.1970
-25.7970 -45.9207 31.7823 -30.6305 -48.7341 -4.2480 -33.6277 -22.5196 -23.1588 -39.8855 13.8273 -27.0787 -45.9078 24.5426 -36.1457 -16.5394 -30.1112 -48.7643 -9.9353 -42.0303 19.2504 -35.1977 -30.5105 -33.5489 4.7369 -35.9745 1.1187 -31.5387 -48.0031 -15.3779 -41.9494 18.3956 -32.7767 -48.8743 10.6039 -39.5063 4.3230 -28.3789 -47.1157 33.5467 -41.9572 36.0968 -44.3906 -13.6576 -47.8531 27.2097 -32.1267 -48.3189 34.9985 -41.4352 27.7917 -45.7910 -11.4814 -47.1273 -20.5600 -48.4278 -30.3771 -6.2544 -35.5698 11.5880 -36.5754 4.9804 -34.8203 7.0040 -37.8074 -29.5288 -4.3281 -36.8066 24.8053 -42.7775 29.2303 -33.2695 -42.5371 -31.8456 12.4840 -41.8724 -19.0605 -34.0458 -37.2734 35.6149 -48.4204 -31.5820 16.1239 -42.4872 -20.5081 -33.4986 -37.1231 34.8250 -46.8904 -29.0108 13.0655 -39.7480 -23.1643 -22.5831 -33.6229 -4.2480 -48.7341 -30.6305 31.7823 -45.9207 -25.7970
-46.0403 32.3874 -30.7581 -48.6803 -6.1468 -33.9416 -19.6513 -23.4687 -40.0757 14.3091 -27.1920 -45.8335 31.4666 -36.2697 14.9698 -37.8420 1.3234 -30.6594 -48.7978 10.2982 -40.3440 10.3893 -35.7611 11.7090 -40.4289 28.6015 -39.6041 12.6968 -32.3548 -48.5059 -4.0281 -40.0306 7.6510 -28.6262 -46.9487 33.6751 -37.1042 -32.8447 -22.8579 -45.5863 16.7248 -45.6521 -18.2637 -48.6145 -24.3426 -34.1846 -33.0029 -16.3051 -41.3004 22.1755 -39.6193 28.8568 -41.1623 35.4993 -43.2912 -6.4839 -48.3016 -25.1237 -46.2166 -29.1157 -41.5501 -28.6720 -46.7889 -29.4526 -35.8359 32.2318 -38.4543 21.2010 -43.0104 -19.6100 -47.8383 -48.0773 -25.7552 -33.6059 -37.2146 35.0973 -48.7657 -32.2914 18.7123 -43.1128 -23.4555 -12.9826 -38.4259 26.4497 -49.0257 -32.8299 16.9323 -42.0358 -11.4626 -48.6921 -32.6786 14.2130 -39.8657 -23.4815 -19.6931 -33.9382 -6.1468 -48.6803 -30.7581 32.3874 -46.0403
31.2621 -30.6153 -48.5938 -7.8206 -34.2432 -16.8536 -23.7547 -40.2780 14.8539 -27.3275 -46.0701 32.1072 -33.0753 3.8132 -42.7966 30.1478 -38.9463 -0.5629 -28.4476 -47.4811 35.4064 -38.4194 8.3943 -39.4160 31.0660 -46.7072 25.3879 -40.4047 11.9575 -30.5405 -48.2724 35.5930 -37.4930 -29.9548 -21.0640 -42.8604 19.1847 -33.7369 -47.5522 -21.4511 -47.9676 -22.2820 -47.3776 -32.4823 22.2020 -47.8805 -14.7206 -42.8326 21.7242 -36.7132 4.9828 -36.2635 11.9929 -38.0915 22.4638 -40.5039 35.1858 -44.6020 -8.8437 -46.9617 -15.2885 -46.8291 -12.1608 -47.0229 -13.6512 -41.0066 18.1035 -39.8993 -10.5142 -41.3599 -34.9256 -1.6356 -48.3877 -31.8250 18.0008 -43.2593 -24.0754 -5.9910 -38.7059 6.4789 -48.4290 -34.4687 26.7139 -45.3075 -26.8128 0.6929 -39.5270 31.1330 -48.2264 -28.7060 -19.6134 -36.1818 17.3481 -40.0806 -23.7630 -16.8786 -34.2418 -7.8206 -48.5938 -30.6153 31.2621
-30.5156 -48.4715 -9.2895 -34.5368 -14.1517 -24.0184 -40.4885 15.4300 -27.4629 -46.3025 32.8046 -30.9797 -48.5899 -20.7834 -17.4102 -45.3811 30.6981 -37.3770 -29.3117 -22.1172 -43.5346 20.4615 -37.0506 23.2219 -47.6905 -25.3314 -49.0986 19.1611 -39.0865 -3.5827 -24.7710 -44.0142 21.6105 -33.4285 -48.8766 11.4086 -39.6739 6.4176 -31.9541 -45.4360 -28.8802 -43.6305 -31.7427 -11.4361 -37.9136 29.8527 -40.7002 20.4236 -35.9757 -24.7794 -31.8765 -40.1523 -31.4576 -18.4357 -34.5357 10.2248 -38.0359 23.6888 -40.1526 32.0480 -41.2899 32.6996 -40.9828 31.9796 -40.3389 17.0869 -38.0058 31.1776 -47.0277 -30.2762 17.2016 -42.8789 -22.3486 -17.0631 -38.1387 11.7638 -48.5021 -34.7152 29.2736 -46.2365 -28.6809 10.2880 -41.0618 -16.5368 -41.4992 -36.3940 30.9186 -45.7211 -24.8364 -24.5177 -36.9173 18.8150 -38.7895 17.6087 -40.4103 -24.0197 -14.1565 -34.5368 -9.2895 -48.4715 -30.5156
-48.5310 -10.6017 -34.8209 -11.5696 -24.2641 -40.7045 16.0273 -27.5964 -46.5290 33.3960 -31.1223 -48.4335 -7.7949 -36.3473 -29.2600 -20.9078 -42.8263 20.4258 -33.7982 -48.7191 10.5820 -39.1527 2.4738 -31.2166 -42.5874 17.3424 -29.4816 -47.6066 32.0838 -35.3842 -47.1018 -4.5741 -39.6240 4.0594 -27.6687 -46.3748 32.8683 -38.0315 0.3224 -34.9801 4.1042 -35.6066 1.9190 -35.9047 1.9271 -37.2439 8.7007 -35.6662 -23.7198 -32.5073 -43.4291 -26.4273 -48.6660 -24.7346 -47.6318 -29.8714 -21.8337 -33.9569 5.1490 -35.8808 9.8958 -36.2556 9.4014 -35.9839 5.9962 -35.6770 11.1870 -40.8900 -17.5285 -33.7276 -37.3383 30.9226 -49.0704 -33.4798 25.1845 -45.3308 -27.8688 9.6957 -41.3091 -18.5746 -32.8160 -37.3976 33.7712 -48.9323 -32.2858 18.5542 -42.3911 -18.2416 -45.5204 -35.0130 22.3439 -43.8161 29.8666 -32.1741 15.5791 -40.7170 -24.2640 -11.5696 -34.8209 -10.6017 -48.5310
-13.3535 -35.0938 -9.1900 -24.4951 -40.9251 16.6390 -27.7287 -46.7453 33.8990 -31.2534 -48.2490 -9.3262 -37.5626 15.3360 -33.6084 -48.2816 -3.6632 -39.9712 5.3831 -27.2049 -45.4014 26.1026 -34.8362 -46.5718 5.4993 -37.8891 -22.0947 -20.0231 -41.8553 11.1782 -28.8577 -46.5781 32.0540 -36.4470 -40.2375 -18.9190 -42.6317 21.6934 -38.3835 20.4304 -39.9012 28.0763 -39.1594 16.2506 -37.0971 1.2425 -35.7375 -9.2474 -35.3002 3.2911 -33.7619 -47.6037 -15.9628 -45.1805 -9.9471 -47.6927 -22.3367 -48.8742 -26.9831 -45.5738 -28.7522 -43.5746 -29.0091 -44.0845 -30.2546 -29.1889 -36.6555 34.4590 -48.0155 -31.5322 18.6407 -43.4265 -25.0797 2.0757 -39.9350 -13.8831 -40.9270 -36.6948 35.1864 -48.8775 -32.5881 21.1363 -44.2159 -25.4965 2.4074 -39.7012 -4.7364 -48.5203 -31.8240 9.6528 -40.8711 11.9973 -47.9400 -48.0799 -28.2970 16.6728 -40.9242 -24.4952 -9.1900 -35.0938 -13.3535
-36.3642 -7.0364 -24.7089 -41.1499 17.2641 -27.8597 -46.9542 34.2950 -31.3662 -48.0244 -10.8083 -38.1081 33.4554 -40.9553 11.3726 -30.2214 -47.7272 33.7280 -35.9992 -45.3141 -8.8350 -39.6566 0.5872 -26.0868 -43.9795 20.5315 -32.2533 -48.6148 35.5610 -36.7884 -38.8974 -17.8914 -41.9644 15.5635 -32.3977 -48.9124 14.6254 -40.7373 28.4977 -42.8203 -9.6850 -46.2916 10.3755 -41.5143 23.8352 -37.8842 10.4138 -37.3037 18.5649 -39.8608 32.7424 -22.4624 -46.2032 35.9494 -41.2638 35.4651 -43.2030 16.9060 -45.5529 -10.2332 -46.6013 -14.2953 -47.0943 -18.4180 -48.7128 -31.0837 12.5964 -41.9804 -21.1957 -18.6066 -37.9914 7.9234 -48.0189 -35.1629 32.9808 -47.6582 -30.9011 17.1781 -43.4016 -23.7381 -5.4661 -38.9073 1.3669 -47.2530 -35.5292 34.1090 -48.4852 -31.3688 1.1357 -38.0913 32.8241 -46.6856 -23.7908 27.1959 -46.6548 -27.8450 17.2472 -41.1476 -24.7092 -7.0364 -36.3642
-7.1890 -24.9092 -41.3765 17.9022 -27.9893 -47.1542 34.5720 -31.4755 -47.7677 -12.5878 -36.9841 31.3725 -47.7067 34.7249 -38.8531 -17.8522 -20.7358 -41.9959 11.2624 -28.4367 -45.8369 27.2190 -34.2737 -49.0243 23.8443 -37.9528 -23.0758 -20.9565 -42.3878 15.0766 -31.6224 -48.6594 31.1529 -39.1911 0.0453 -27.6229 -46.5647 36.1286 -42.7304 -17.9096 -40.9323 -28.4781 -48.6528 -16.7541 -42.8415 31.5898 -39.9416 31.3178 -41.6139 0.6078 -48.9461 -39.1117 26.2131 -38.5371 14.5638 -37.7445 19.4707 -39.1094 27.4680 -40.3070 31.9325 -41.4108 35.9614 -44.0949 -20.6636 -36.0670 -36.9960 34.0994 -49.0574 -33.3283 24.7765 -45.2204 -27.9601 10.6922 -41.7606 -20.3463 -23.2914 -38.0616 25.1333 -49.0631 -34.0062 24.0563 -45.0307 -26.1039 6.9023 -41.5596 -16.6854 22.0276 -38.6395 23.5078 -41.7186 -12.5333 -47.2047 -32.9779 34.4956 -47.0879 -27.9682 17.8778 -41.3747 -24.9094 -7.1890
