24.2280 -28.2527 -48.4669 4.5272 -33.3349 -36.0087 -20.4557 -39.6760 11.8511 -25.5212 -45.6592 30.6963 -30.1756 -48.7205 -11.8962 -35.9031 -11.6556 -22.7856 -41.7083 18.6549 -27.0310 -47.5030 27.3317 -31.9156 -45.7677 -17.5479 -38.0035 4.7076 -24.3135 -43.8220 25.5565 -28.6674 -48.5416 1.1347 -33.5561 -33.7702 -20.7857 -39.9212 12.7189 -25.6959 -45.9029 31.0965 -30.3945 -48.6143 -12.8619 -36.2062 -8.6642 -23.0178 -41.9838 19.0490 -32.5397 19.0490 -41.9838 -23.0178 -8.6642 -36.2062 -12.8619 -48.6143 -30.3945 31.0965 -45.9029 -25.6959 12.7189 -39.9212 -20.7857 -33.7702 -33.5561 1.1347 -48.5416 -28.6674 25.5565 -43.8220 -24.3135 4.7076 -38.0035 -17.5479 -45.7677 -31.9156 27.3317 -47.5030 -27.0310 18.6549 -41.7083 -22.7856 -11.6556 -35.9031 -11.8962 -48.7205 -30.1756 30.6963 -45.6592 -25.5212 11.8511 -39.6760 -20.4557 -36.0087 -33.3349 4.5272 -48.4669 -28.2527 24.2280
-28.2527 -48.7162 20.2735 -32.3232 -35.5017 -21.5501 -38.8894 11.3687 -26.8738 -45.5032 31.1719 -30.3726 -48.6785 -7.8918 -34.5625 -11.3644 -24.5098 -41.1564 17.9210 -28.0283 -47.5414 34.4646 -31.5394 -45.5753 -17.4192 -36.9995 4.4819 -25.9648 -43.4872 24.8182 -29.2706 -48.7723 16.9774 -32.4189 -33.3125 -21.9842 -39.1660 12.2066 -27.0063 -45.7697 31.9603 -30.5299 -48.5620 -9.7055 -34.9120 -8.4591 -24.7752 -41.4419 18.8025 -28.7836 -48.7892 -28.7836 18.8025 -41.4419 -24.7752 -8.4591 -34.9120 -9.7055 -48.5620 -30.5299 31.9603 -45.7697 -27.0063 12.2066 -39.1660 -21.9842 -33.3125 -32.4189 16.9774 -48.7723 -29.2706 24.8182 -43.4872 -25.9648 4.4819 -36.9995 -17.4192 -45.5753 -31.5394 34.4646 -47.5414 -28.0283 17.9210 -41.1564 -24.5098 -11.3644 -34.5625 -7.8918 -48.6785 -30.3726 31.1719 -45.5032 -26.8738 11.3687 -38.8894 -21.5501 -35.5017 -32.3232 20.2735 -48.7162 -28.2527
-48.4669 20.2735 -32.7815 -36.6106 -21.2544 -38.6904 10.7102 -26.8067 -45.2867 30.5074 -30.4939 -48.7333 -6.1779 -34.2782 -13.8544 -24.2850 -40.9294 17.2765 -28.0077 -47.3644 34.6911 -31.7843 -46.1596 -16.8140 -36.7937 3.4963 -25.8582 -43.2576 24.1083 -29.3158 -48.7163 20.3033 -32.7961 -35.1731 -21.6376 -38.9472 11.5449 -26.9412 -45.5533 31.3299 -30.6635 -48.6588 -8.2650 -34.6359 -10.7385 -24.5663 -41.2154 18.0827 -28.1544 -46.8854 3.9466 -46.8772 -28.1456 18.0839 -41.2154 -24.5663 -10.7384 -34.6359 -8.2650 -48.6588 -30.6635 31.3299 -45.5533 -26.9412 11.5449 -38.9472 -21.6376 -35.1731 -32.7961 20.3033 -48.7163 -29.3158 24.1083 -43.2576 -25.8582 3.4963 -36.7937 -16.8140 -46.1596 -31.7843 34.6911 -47.3644 -28.0077 17.2765 -40.9294 -24.2850 -13.8544 -34.2782 -6.1779 -48.7333 -30.4939 30.5074 -45.2867 -26.8067 10.7102 -38.6904 -21.2544 -36.6106 -32.7815 20.2735 -48.4669
4.5272 -32.3232 -36.6106 -21.1274 -38.5654 10.1901 -26.7132 -45.0845 29.8469 -30.3597 -48.7585 -4.1967 -33.9887 -16.4533 -24.0451 -40.6997 16.6260 -27.8855 -47.1807 34.7175 -31.6611 -46.6744 -16.1520 -36.5888 2.4369 -25.7587 -43.0242 23.3936 -29.1866 -48.6410 23.2109 -32.7156 -36.8921 -21.2606 -38.7299 10.8732 -26.8288 -45.3348 30.6637 -30.5280 -48.7227 -6.6121 -34.3539 -13.1831 -24.3444 -40.9849 17.4291 -28.0657 -46.9599 35.1418 -34.8222 34.8934 -47.4564 -28.0500 17.4273 -40.9874 -24.3448 -13.1882 -34.3542 -6.6122 -48.7227 -30.5280 30.6637 -45.3348 -26.8288 10.8732 -38.7299 -21.2606 -36.8921 -32.7156 23.2109 -48.6410 -29.1866 23.3936 -43.0242 -25.7587 2.4369 -36.5888 -16.1520 -46.6744 -31.6611 34.7175 -47.1807 -27.8855 16.6260 -40.6997 -24.0451 -16.4533 -33.9887 -4.1967 -48.7585 -30.3597 29.8469 -45.0845 -26.7132 10.1901 -38.5654 -21.1274 -36.6106 -32.3232 4.5272
-33.3349 -35.5017 -21.2544 -38.5654 9.9934 -26.6542 -44.9263 29.2750 -30.2352 -48.7561 -1.9291 -33.7002 -19.0933 -23.7919 -40.4676 15.9687 -27.7654 -46.9923 34.6022 -31.5289 -47.1231 -15.4273 -36.3791 1.2929 -25.6588 -42.7873 22.6762 -29.0595 -48.5505 25.7479 -32.6201 -38.4655 -20.8609 -38.5144 10.1897 -26.7178 -45.1148 29.9776 -30.3885 -48.7553 -4.6699 -34.0685 -15.7424 -24.1088 -40.7517 16.7662 -27.9267 -46.0650 -8.7243 -34.5001 -4.6922 -33.0272 34.7101 -47.3566 -27.9244 16.9847 -40.7583 -24.1099 -15.7596 -34.0676 -4.6701 -48.7553 -30.3885 29.9776 -45.1148 -26.7178 10.1897 -38.5144 -20.8609 -38.4655 -32.6201 25.7479 -48.5505 -29.0595 22.6762 -42.7873 -25.6588 1.2929 -36.3791 -15.4273 -47.1231 -31.5289 34.6022 -46.9923 -27.7654 15.9687 -40.4676 -23.7919 -19.0933 -33.7002 -1.9291 -48.7561 -30.2352 29.2750 -44.9263 -26.6542 9.9934 -38.5654 -21.2544 -35.5017 -33.3349
-36.0087 -21.5501 -38.6904 10.1901 -26.6542 -44.8629 28.9172 -30.1467 -48.7396 0.4130 -33.4307 -21.6122 -23.5320 -40.2368 15.3117 -27.6484 -46.8019 34.3707 -31.3931 -47.5048 -14.6387 -36.1618 0.0614 -25.5498 -42.5502 21.9657 -28.9352 -48.4479 27.8959 -32.5196 -39.8772 -20.4416 -38.2997 9.4880 -26.6090 -44.8943 29.2811 -30.2443 -48.7583 -2.4046 -33.7820 -18.3338 -23.8619 -40.5192 16.1086 -27.7933 -46.3234 -6.0446 -46.9936 -31.8220 -21.3161 -47.2598 -31.7150 15.9059 -19.2539 -34.7717 16.3564 -40.5236 -23.8624 -18.3571 -33.7812 -2.4047 -48.7583 -30.2457 29.2797 -44.8940 -26.6090 9.4880 -38.2997 -20.4416 -39.8772 -32.5196 27.8959 -48.4479 -28.9352 21.9657 -42.5502 -25.5498 0.0614 -36.1618 -14.6387 -47.5048 -31.3931 34.3707 -46.8019 -27.6484 15.3117 -40.2368 -23.5320 -21.6122 -33.4307 0.4130 -48.7396 -30.1467 28.9172 -44.8629 -26.6542 10.1901 -38.6904 -21.5501 -36.0087
-20.4557 -38.8894 10.7102 -26.7132 -44.9263 28.9172 -30.1147 -48.7375 2.2935 -33.2215 -23.7147 -23.2842 -40.0154 14.6621 -27.5354 -46.6106 34.0470 -31.2481 -47.8300 -13.7608 -35.9383 -1.2670 -25.4239 -42.3097 21.2528 -28.8134 -48.3337 29.6812 -32.4168 -41.1374 -20.0013 -38.0821 8.7513 -26.5038 -44.6758 28.6121 -30.0646 -48.8140 0.3342 -33.4951 -20.8904 -23.6046 -40.2928 15.4957 -27.6647 -46.7804 35.7102 -41.2537 -23.6030 -6.7141 -36.0709 -2.3072 -48.6404 -21.2959 -45.5753 26.8740 -35.8573 15.2512 -40.2915 -23.6054 -20.8966 -33.5000 0.2885 -48.7518 -30.0989 28.5853 -44.6766 -26.5040 8.7513 -38.0821 -20.0013 -41.1374 -32.4168 29.6812 -48.3337 -28.8134 21.2528 -42.3097 -25.4239 -1.2670 -35.9383 -13.7608 -47.8300 -31.2481 34.0470 -46.6106 -27.5354 14.6621 -40.0154 -23.2842 -23.7147 -33.2215 2.2935 -48.7375 -30.1147 28.9172 -44.9263 -26.7132 10.7102 -38.8894 -20.4557
-39.6760 11.3687 -26.8067 -45.0845 29.2750 -30.1467 -48.7375 3.0177 -33.1394 -25.1305 -23.0826 -39.8230 14.0570 -27.4335 -46.4251 33.6585 -31.0916 -48.1055 -12.7570 -35.7111 -2.6988 -25.2827 -42.0658 20.5375 -28.6927 -48.2085 31.1470 -32.3118 -42.2421 -19.5449 -37.8580 7.9607 -26.4033 -44.4620 27.9586 -31.0836 -48.7316 6.9606 -33.8191 -23.3605 -23.3365 -40.0535 14.4469 -30.8184 -46.5268 33.7362 -35.7242 24.8899 -44.9825 -25.5674 -12.9053 -34.2147 30.0321 -41.6408 28.5878 -38.7389 -17.5728 -31.9679 14.3820 -40.0625 -23.3465 -23.2287 -33.2151 3.1534 -48.7456 -29.9143 27.9119 -44.4650 -26.4039 7.9606 -37.8580 -19.5449 -42.2421 -32.3118 31.1470 -48.2085 -28.6927 20.5375 -42.0658 -25.2827 -2.6988 -35.7111 -12.7570 -48.1055 -31.0916 33.6585 -46.4251 -27.4335 14.0570 -39.8230 -23.0826 -25.1305 -33.1394 3.0177 -48.7375 -30.1467 29.2750 -45.0845 -26.8067 11.3687 -39.6760
11.8511 -26.8738 -45.2867 29.8469 -30.2352 -48.7396 2.2935 -33.1394 -25.6401 -22.9675 -39.6875 13.5804 -27.3506 -46.2598 33.2526 -30.9321 -48.3264 -11.6117 -35.4851 -4.2208 -25.1286 -41.8192 19.8208 -28.5715 -48.0730 32.3253 -32.2110 -43.2022 -19.0746 -37.6268 7.1035 -26.3100 -44.2611 27.3148 -32.1260 -42.6112 -24.6898 -35.5136 -8.0166 -24.0713 -39.8796 13.6844 -35.0085 -21.0706 28.3743 -32.0654 -30.7832 -33.8536 25.0401 -42.1793 -21.3757 -45.8294 -31.0238 2.3236 -34.1646 -16.7198 -27.9247 -48.6508 -28.5958 13.9749 -39.7890 -22.9044 -27.8677 -30.8423 4.5963 -48.5923 -29.6908 27.2803 -44.2648 -26.3109 7.1033 -37.6272 -19.0746 -43.2022 -32.2110 32.3253 -48.0730 -28.5715 19.8208 -41.8192 -25.1286 -4.2208 -35.4851 -11.6117 -48.3264 -30.9321 33.2526 -46.2598 -27.3506 13.5804 -39.6875 -22.9675 -25.6401 -33.1394 2.2935 -48.7396 -30.2352 29.8469 -45.2867 -26.8738 11.8511
-25.5212 -45.5032 30.5074 -30.3597 -48.7561 0.4130 -33.2215 -25.1305 -22.9675 -39.6380 13.3091 -27.2957 -46.1323 32.8848 -30.7847 -48.4892 -10.3225 -35.2695 -5.7946 -24.9654 -41.5662 19.0927 -28.4463 -47.9247 33.2614 -32.1280 -44.0186 -18.5993 -37.3803 6.1328 -26.2293 -44.0865 26.7453 -31.0140 -42.3680 -35.6470 14.0665 -39.3877 28.4686 -39.3641 11.1145 -34.3631 13.3155 -42.3006 8.9522 -48.4568 -21.4568 -48.2608 -30.6284 15.2521 -38.5731 0.3924 -47.5008 -22.4254 -49.2033 -22.0749 -47.2288 -3.8994 -46.7318 -27.3683 15.0761 -40.4233 -5.5188 -18.6856 -41.0555 -7.0386 -48.4054 -29.4810 26.7211 -44.0900 -26.2288 6.1341 -37.3808 -18.5993 -44.0186 -32.1280 33.2614 -47.9247 -28.4463 19.0927 -41.5662 -24.9654 -5.7946 -35.2695 -10.3225 -48.4892 -30.7847 32.8848 -46.1323 -27.2957 13.3091 -39.6380 -22.9675 -25.1305 -33.2215 0.4130 -48.7561 -30.3597 30.5074 -45.5032 -25.5212
-45.6592 31.1719 -30.4939 -48.7585 -1.9291 -33.4307 -23.7147 -23.0826 -39.6875 13.3091 -27.2769 -46.0656 32.6336 -30.6700 -48.5940 -9.0068 -35.0816 -7.2963 -24.8037 -41.3132 18.3617 -28.3184 -47.7606 33.9839 -32.0860 -44.6595 -18.1566 -37.1058 4.9668 -26.1675 -43.9611 26.3183 -29.4194 -48.6869 -25.9360 -11.9498 -36.0929 8.8736 -35.4827 -6.9822 -29.6406 -41.8243 -35.7405 20.1846 -40.9358 33.6878 -40.6953 2.7695 -48.0065 -27.7312 1.6540 -35.5781 29.7561 -41.7922 33.2496 -43.2954 35.6689 -41.3974 35.8039 -45.6224 -26.5675 -5.8061 -30.8603 -44.6739 -21.0760 -46.8166 -5.8929 -48.5062 -29.2722 26.3064 -43.9589 -26.1663 4.9683 -37.1059 -18.1566 -44.6595 -32.0860 33.9839 -47.7606 -28.3184 18.3617 -41.3132 -24.8037 -7.2963 -35.0816 -9.0068 -48.5940 -30.6700 32.6336 -46.0656 -27.2769 13.3091 -39.6875 -23.0826 -23.7147 -33.4307 -1.9291 -48.7585 -30.4939 31.1719 -45.6592
30.6963 -30.3726 -48.7333 -4.1967 -33.7002 -21.6122 -23.2842 -39.8230 13.5804 -27.2957 -46.0656 32.5507 -30.6055 -48.6480 -7.8999 -34.9344 -8.5848 -24.6594 -41.0768 17.6642 -28.1948 -47.5866 34.4696 -32.0931 -45.1237 -17.7927 -36.7964 3.5246 -26.1331 -43.9188 26.1700 -28.9765 -48.3868 -1.4844 -46.3110 -24.6815 -46.3402 -27.0892 -48.9210 -21.4139 -46.5402 -23.7513 -36.8539 -33.5393 4.7369 -35.0488 11.7052 -36.6372 34.4386 -44.6285 -23.6975 -41.3857 -32.1122 8.7508 -36.2884 15.8876 -37.6375 13.5760 -36.7894 28.5514 -43.7002 -20.1915 -49.2029 -21.4209 -48.3607 3.0291 -41.4862 19.6091 -48.6660 -28.9954 26.1636 -43.9134 -26.1372 3.5141 -36.7964 -17.7927 -45.1237 -32.0931 34.4696 -47.5866 -28.1948 17.6642 -41.0768 -24.6594 -8.5848 -34.9344 -7.8999 -48.6480 -30.6055 32.5507 -46.0656 -27.2957 13.5804 -39.8230 -23.2842 -21.6122 -33.7002 -4.1967 -48.7333 -30.3726 30.6963
-30.1756 -48.6785 -6.1779 -33.9887 -19.0933 -23.5320 -40.0154 14.0570 -27.3506 -46.1323 32.6336 -30.6055 -48.6639 -7.2448 -34.8379 -9.5670 -24.5430 -40.8715 17.0364 -28.0809 -47.4139 34.7210 -32.1297 -45.4463 -17.5374 -36.4591 1.7750 -26.1132 -42.9630 26.1880 -28.7044 -48.5640 27.7653 -38.3727 34.3681 -44.0532 4.7247 -44.1422 29.7400 -40.9570 35.9038 -45.7375 -19.8618 -49.0522 -25.8922 -47.6361 -28.9670 -28.3402 -33.1001 21.6053 -40.3925 -10.3409 -48.5026 -25.3636 -44.8119 -29.5959 -35.9394 -30.4982 -36.3122 -32.1328 18.2759 -40.0244 32.7572 -44.2927 32.8545 -42.6639 24.7649 -37.1942 27.6155 -48.5973 -28.6272 26.4478 -44.0007 -26.1574 1.7351 -36.4584 -17.5374 -45.4463 -32.1297 34.7210 -47.4139 -28.0809 17.0364 -40.8715 -24.5430 -9.5670 -34.8379 -7.2448 -48.6639 -30.6055 32.6336 -46.1323 -27.3506 14.0570 -40.0154 -23.5320 -19.0933 -33.9887 -6.1779 -48.6785 -30.1756
-48.7205 -7.8918 -34.2782 -16.4533 -23.7919 -40.2368 14.6621 -27.4335 -46.2598 32.8848 -30.6700 -48.6480 -7.2448 -34.8043 -10.0999 -24.4645 -40.7148 16.5158 -27.9821 -47.2527 34.7812 -32.1698 -45.6806 -17.3666 -36.1210 -0.1674 -26.1194 -41.7534 -9.1587 -23.4665 -48.8033 28.2626 -35.3041 7.6462 -37.0012 18.5161 -37.4075 18.1320 -36.4675 14.3057 -39.2623 31.1184 -42.8331 24.1231 -44.3639 -1.3581 -45.9305 -19.4422 -49.1203 -29.2405 7.8171 -36.4224 33.1759 -42.3855 -0.4122 -45.8850 -14.9025 -47.0304 -17.8848 -48.8447 -28.3134 0.0374 -35.3274 17.2162 -37.9460 15.1662 -35.8566 -0.1940 -34.9710 29.4666 -48.3803 -28.2706 26.7304 -44.2519 -26.2289 -0.2207 -36.1200 -17.3666 -45.6806 -32.1698 34.7812 -47.2527 -27.9821 16.5158 -40.7148 -24.4645 -10.0999 -34.8043 -7.2448 -48.6480 -30.6700 32.8848 -46.2598 -27.4335 14.6621 -40.2368 -23.7919 -16.4533 -34.2782 -7.8918 -48.7205
-11.8962 -34.5625 -13.8544 -24.0451 -40.4676 15.3117 -27.5354 -46.4251 33.2526 -30.7847 -48.5940 -7.8999 -34.8379 -10.0999 -24.4368 -40.6313 16.1753 -27.9084 -47.1167 34.7176 -32.2045 -45.8730 -17.2254 -35.8347 -1.9719 -26.2334 -42.8923 2.2420 -35.0348 -41.5686 31.9119 -33.9400 -28.6981 -29.9794 -38.3400 -31.0824 -29.1309 -30.8032 -36.3793 -32.4607 0.9446 -36.9661 17.1354 -38.6656 23.2521 -39.2360 28.5895 -40.2589 28.3906 -46.2933 -24.9285 -36.6564 -32.4247 11.8891 -36.2181 23.8337 -39.1749 29.1702 -39.9249 34.9823 -45.0042 -22.0162 -48.1931 -28.6970 -35.5856 -29.7206 -45.7237 -28.3321 -28.3989 -34.6210 29.4529 -47.3547 -31.8986 26.9345 -44.6084 -26.3640 -2.0034 -35.8346 -17.2254 -45.8730 -32.2045 34.7176 -47.1167 -27.9084 16.1753 -40.6313 -24.4368 -10.0999 -34.8379 -7.8999 -48.5940 -30.7847 33.2526 -46.4251 -27.5354 15.3117 -40.4676 -24.0451 -13.8544 -34.5625 -11.8962
-35.9031 -11.3644 -24.2850 -40.6997 15.9687 -27.6484 -46.6106 33.6585 -30.9321 -48.4892 -9.0068 -34.9344 -9.5670 -24.4645 -40.6313 16.0611 -27.8698 -47.0249 34.6097 -32.2281 -46.0385 -17.0836 -35.6402 -3.2017 -26.5598 -44.5284 33.8933 -43.5651 -24.5658 -22.8903 -29.1960 -48.1139 -20.8163 -46.6656 -16.8050 -47.9190 -18.7365 -47.7816 -20.2920 -48.8848 -27.9143 -37.1003 -32.2462 -10.4722 -33.9959 -0.3180 -34.6973 6.8259 -35.3902 26.5599 -41.3727 -13.0880 -48.7158 -25.9569 -41.4915 -30.9650 -11.6417 -33.3247 1.9824 -34.7082 21.3526 -39.9055 24.0688 -45.0017 -12.6304 -46.3864 -7.7207 -44.3010 -21.6595 -41.9369 -29.4472 -43.2590 -11.5271 -35.1901 28.0600 -45.1608 -26.6253 -3.2129 -35.6404 -17.0836 -46.0385 -32.2281 34.6097 -47.0249 -27.8698 16.0611 -40.6313 -24.4645 -9.5670 -34.9344 -9.0068 -48.4892 -30.9321 33.6585 -46.6106 -27.6484 15.9687 -40.6997 -24.2850 -11.3644 -35.9031
-11.6556 -24.5098 -40.9294 16.6260 -27.7654 -46.8019 34.0470 -31.0916 -48.3264 -10.3225 -35.0816 -8.5848 -24.5430 -40.7148 16.1753 -27.8698 -46.9926 34.5330 -32.2368 -46.1704 -16.9425 -35.5311 -3.7747 -26.9911 -45.9298 30.2319 -38.2875 32.6005 -44.9791 -14.1842 -45.8334 20.8577 -40.1920 31.9275 -41.1784 34.2635 -41.5731 35.6327 -42.9069 11.0175 -46.7999 -19.1175 -48.9209 -23.7670 -49.0233 -25.2973 -48.7252 -26.6983 -44.8979 -31.0098 10.3420 -36.7860 33.7139 -42.5378 -6.4353 -46.6973 -19.7267 -48.8086 -23.9809 -48.3299 -29.7539 0.8694 -34.8449 19.5389 -38.1459 25.9036 -38.8298 24.3956 -38.6854 8.9914 -45.6994 -0.7506 -37.9327 1.8794 -34.8577 31.0138 -46.0305 -26.9866 -3.7834 -35.5310 -16.9425 -46.1704 -32.2368 34.5330 -46.9926 -27.8698 16.1753 -40.7148 -24.5430 -8.5848 -35.0816 -10.3225 -48.3264 -31.0916 34.0470 -46.8019 -27.7654 16.6260 -40.9294 -24.5098 -11.6556
-22.7856 -41.1564 17.2765 -27.8855 -46.9923 34.3707 -31.2481 -48.1055 -11.6117 -35.2695 -7.2963 -24.6594 -40.8715 16.5158 -27.9084 -47.0249 34.5330 -32.2382 -46.2491 -16.8286 -35.4742 -4.0351 -27.2226 -46.7440 34.0101 -32.4537 0.2163 -38.0354 22.8001 -38.9151 21.8175 -35.6151 8.7289 -35.6041 9.2191 -36.2479 12.5566 -37.9036 20.7549 -40.1027 33.3592 -42.5690 32.9902 -43.7617 22.7407 -44.0117 17.2552 -43.7653 -8.0752 -47.5962 -25.8270 -33.9236 -32.5955 12.4158 -36.4493 26.1016 -40.0249 34.4863 -41.6257 16.8141 -45.9643 -22.4091 -48.2131 -29.0469 -26.0169 -32.1947 -12.0491 -33.0912 1.9044 -34.6799 20.0559 -37.2629 7.2170 -33.8944 -35.6400 -30.9500 33.9392 -46.6868 -27.2123 -4.0393 -35.4742 -16.8286 -46.2491 -32.2382 34.5330 -47.0249 -27.9084 16.5158 -40.8715 -24.6594 -7.2963 -35.2695 -11.6117 -48.1055 -31.2481 34.3707 -46.9923 -27.8855 17.2765 -41.1564 -22.7856
-41.7083 17.9210 -28.0077 -47.1807 34.6022 -31.3931 -47.8300 -12.7570 -35.4851 -5.7946 -24.8037 -41.0768 17.0364 -27.9821 -47.1167 34.6097 -32.2368 -46.2491 -16.7828 -35.4484 -4.1774 -27.2189 -46.7424 29.9945 -26.6523 -48.4241 -28.7047 -29.9168 -32.4311 -15.8515 -30.6310 -43.4305 -27.9802 -46.5548 -28.4027 -42.7651 -30.8284 -21.3156 -34.2370 6.7586 -36.8820 15.5156 -38.0336 19.3812 -38.2021 20.1132 -37.7970 19.9259 -37.8210 31.6509 -42.2293 -14.4982 -48.8443 -26.2737 -39.6635 -31.4912 -2.4584 -34.1664 10.0680 -35.6556 24.5290 -40.2029 23.3147 -45.1329 -16.0390 -47.8960 -20.4737 -48.6671 -24.3136 -47.0500 -29.4200 -31.4405 -29.9982 -46.3838 -25.6235 -48.6510 -26.2392 30.1517 -46.7303 -27.2194 -4.1760 -35.4484 -16.7828 -46.2491 -32.2368 34.6097 -47.1167 -27.9821 17.0364 -41.0768 -24.8037 -5.7946 -35.4851 -12.7570 -47.8300 -31.3931 34.6022 -47.1807 -28.0077 17.9210 -41.7083
18.6549 -28.0283 -47.3644 34.7175 -31.5289 -47.5048 -13.7608 -35.7111 -4.2208 -24.9654 -41.3132 17.6642 -28.0809 -47.2527 34.7176 -32.2281 -46.1704 -16.8286 -35.4484 -4.2136 -27.1871 -46.6680 32.7731 -26.6895 -48.7280 -16.2080 -47.1002 -19.7223 -48.6405 -19.8771 -47.0701 -11.1958 -45.1740 -7.2376 -46.1270 -15.6519 -48.2783 -23.4334 -48.2196 -28.4641 -39.1307 -31.1914 -25.1075 -32.2114 -20.7917 -32.1549 -23.8310 -33.0898 -5.8913 -35.5453 13.3385 -37.5027 34.3166 -42.8302 -9.4462 -47.2788 -21.6873 -49.2485 -26.2038 -44.2583 -30.8869 2.7075 -34.9029 20.1764 -38.5667 30.4830 -40.6780 34.8001 -41.6128 7.8159 -45.7695 -16.7249 -47.6724 -14.7098 -46.5444 -14.9455 -48.6478 -25.9089 32.4302 -46.6503 -27.1857 -4.2144 -35.4484 -16.8286 -46.1704 -32.2281 34.7176 -47.2527 -28.0809 17.6642 -41.3132 -24.9654 -4.2208 -35.7111 -13.7608 -47.5048 -31.5289 34.7175 -47.3644 -28.0283 18.6549
-27.0310 -47.5414 34.6911 -31.6611 -47.1231 -14.6387 -35.9383 -2.6988 -25.1286 -41.5662 18.3617 -28.1948 -47.4139 34.7812 -32.2045 -46.0385 -16.9425 -35.4741 -4.1753 -27.1903 -46.6598 33.9412 -29.5303 -47.5807 -25.3641 -45.4394 32.1502 -42.8654 35.5865 -41.3049 30.8900 -39.4363 26.3872 -39.6731 30.3817 -41.3458 35.4703 -43.8177 -0.4585 -46.4777 -16.8511 -48.1656 -20.3615 -48.5992 -21.0193 -48.6798 -23.4682 -47.5499 -33.8798 -16.4097 -33.9861 -16.3374 -33.7638 13.5119 -36.8618 28.2557 -40.6607 34.5969 -42.8788 -4.8365 -46.8630 -23.0699 -47.9139 -29.3787 -19.3721 -33.0519 3.3188 -34.6155 18.8988 -40.7048 35.9630 -41.0488 35.2333 -42.5008 33.2200 -45.4743 -22.4341 -48.6242 -27.8750 33.7055 -46.6267 -27.1833 -4.1780 -35.4742 -16.9425 -46.0385 -32.2045 34.7812 -47.4139 -28.1948 18.3617 -41.5662 -25.1286 -2.6988 -35.9383 -14.6387 -47.1231 -31.6611 34.6911 -47.5414 -27.0310
-47.5030 34.4646 -31.7843 -46.6744 -15.4273 -36.1618 -1.2670 -25.2827 -41.8192 19.0927 -28.3184 -47.5866 34.7210 -32.1698 -45.8730 -17.0836 -35.5310 -4.0282 -27.2316 -46.6833 33.9262 -30.6889 -41.6670 -32.4098 -5.1642 -14.6072 -41.4708 22.5938 -37.7698 10.5503 -34.9562 0.7564 -34.4407 3.1822 -35.6674 11.9283 -37.8520 21.6101 -39.5344 30.6584 -41.2587 34.8959 -41.9638 35.4433 -41.8964 35.5323 -42.3040 -19.1536 18.1836 -36.9311 -21.5406 -29.6461 -48.3057 -27.9512 -35.8949 -32.0001 2.7399 -34.7345 14.5007 -36.6007 27.8982 -40.6995 19.2162 -45.4256 -17.9641 -48.6791 -23.0546 -49.3124 -19.8379 -26.1156 -47.1826 31.6192 -39.0507 23.7511 -42.3958 -18.2275 -39.6671 -28.7020 -47.9623 -28.3959 33.6933 -46.6361 -27.2134 -4.0430 -35.5311 -17.0836 -45.8730 -32.1698 34.7210 -47.5866 -28.3184 19.0927 -41.8192 -25.2827 -1.2670 -36.1618 -15.4273 -46.6744 -31.7843 34.4646 -47.5030
27.3317 -31.5394 -46.1596 -16.1520 -36.3791 0.0614 -25.4239 -42.0658 19.8208 -28.4463 -47.7606 34.4696 -32.1297 -45.6806 -17.2239 -35.6419 -3.7587 -27.1970 -46.8538 32.6046 -29.5281 -41.6604 -33.9236 15.7043 -41.8822 -20.6902 2.9202 -34.9821 -21.4861 -29.9717 -47.7818 -25.8008 -48.7352 -26.6956 -45.8756 -30.0543 -26.1758 -33.3491 1.3484 -35.2589 8.9218 -35.9530 11.2075 -36.0099 11.0497 -35.6981 11.6609 -30.8416 -47.0449 24.6701 -34.4748 -47.4297 -18.3268 -45.6142 -15.0325 -47.9419 -23.1010 -48.8753 -27.7968 -36.9249 -31.9710 5.6280 -35.1788 21.4922 -39.0161 33.0743 -41.5169 34.9982 -40.6499 -1.2140 -18.6458 -40.8698 12.5854 -36.0020 2.3826 28.5831 -37.3746 -17.0748 -27.9635 -48.4470 -27.2775 32.4057 -46.7224 -27.2102 -3.7841 -35.6402 -17.2254 -45.6806 -32.1297 34.4696 -47.7606 -28.4463 19.8208 -42.0658 -25.4239 0.0614 -36.3791 -16.1520 -46.1596 -31.5394 27.3317
-31.9156 -45.5753 -16.8140 -36.5888 1.2929 -25.5498 -42.3097 20.5375 -28.5715 -47.9247 33.9839 -32.0931 -45.4463 -17.3639 -35.8411 -3.1206 -26.8083 -46.5357 32.8574 -27.3941 -47.5156 -32.2962 13.4133 -39.6908 26.8693 -48.7044 -31.7463 -30.0294 -31.8050 -48.7075 -13.1823 -44.2794 10.5477 -44.8995 -10.9381 -47.5272 -21.0602 -49.1083 -25.4887 -47.8241 -27.4430 -45.8218 -28.1241 -45.4740 -27.8999 -46.5004 -26.6390 -49.2191 16.7089 -38.7698 -6.2219 -25.4544 -45.8851 35.8996 -40.1348 32.8874 -41.3906 28.0703 -44.2825 -14.5423 -47.8523 -24.6010 -46.8297 -29.7995 -14.7891 -33.1324 4.3780 -33.9238 -1.4865 -28.3440 -46.5877 27.0704 -35.4018 -35.9217 -26.8799 -44.8727 19.8998 -33.9437 -46.9336 -22.9007 -48.7630 -25.5297 30.3720 -46.6874 -27.0009 -3.2104 -35.8342 -17.3666 -45.4463 -32.0931 33.9839 -47.9247 -28.5715 20.5375 -42.3097 -25.5498 1.2929 -36.5888 -16.8140 -45.5753 -31.9156
-45.7677 -17.4192 -36.7937 2.4369 -25.6588 -42.5502 21.2528 -28.6927 -48.0730 33.2614 -32.0860 -45.1237 -17.5350 -36.1317 -1.8057 -26.4928 -44.6964 31.7933 -30.6261 -48.7365 -25.7379 -9.4744 -40.3801 35.8724 -46.4916 -28.0033 -2.2588 -36.5095 14.7426 -20.3659 -42.7862 29.5043 -39.2380 26.4013 -40.3491 34.3066 -42.4877 30.0673 -43.9982 4.7750 -44.9232 -6.6676 -45.4399 -8.9691 -45.1554 -1.7308 -44.3684 29.1825 -39.5587 9.7918 -30.4408 -48.5998 29.3483 -39.8828 13.3650 -35.7544 10.2770 -36.1562 24.4798 -39.0808 -18.7344 -44.4570 -4.2785 -45.6421 -18.3178 -48.5952 -22.3420 -49.1527 -20.7612 -46.5081 35.1907 -37.3199 -24.3441 -25.4870 -47.5315 35.0636 -37.7322 -19.8564 -27.2783 -48.3640 -17.8462 -48.6585 -26.3880 33.8637 -46.0980 -26.6530 -2.0041 -36.1197 -17.5374 -45.1237 -32.0860 33.2614 -48.0730 -28.6927 21.2528 -42.5502 -25.6588 2.4369 -36.7937 -17.4192 -45.7677
-17.5479 -36.9995 3.4963 -25.7587 -42.7873 21.9657 -28.8134 -48.2085 32.3253 -32.1280 -44.6595 -17.7917 -36.4678 -0.0153 -26.9481 -46.1591 33.6059 -36.8382 -25.9623 -23.7835 -46.0513 -16.7143 -14.2557 -45.8473 -21.5035 -19.6231 -38.6734 32.1328 -46.5808 -25.9175 8.4506 -35.0435 0.8708 -34.9097 7.0923 -36.4204 14.8709 -37.9227 21.1512 -38.9943 28.2066 -40.9844 36.1567 -42.7289 33.3246 -39.4567 22.1924 -37.4511 6.5274 -31.0024 -48.7496 -4.8935 -41.0291 15.1690 -33.7810 -41.1445 -28.5356 -44.9914 -25.0605 -38.9494 -11.9315 -19.1307 -41.8730 31.1814 -39.8176 32.6364 -40.9662 34.2273 -40.4812 25.3656 -36.4067 -13.2870 -26.5448 -46.9338 35.2216 -39.1229 3.1749 -31.1262 -48.3505 -20.7619 -47.0525 -18.2863 -48.5939 -30.2581 31.7689 -45.2816 -26.3856 -0.2228 -36.4583 -17.7927 -44.6595 -32.1280 32.3253 -48.2085 -28.8134 21.9657 -42.7873 -25.7587 3.4963 -36.9995 -17.5479
-38.0035 4.4819 -25.8582 -43.0242 22.6762 -28.9352 -48.3337 31.1470 -32.2110 -44.0186 -18.1566 -36.7991 1.8209 -26.8133 -47.3016 -23.0017 -47.2918 31.3885 -33.8564 -48.7340 2.3190 -41.7486 3.6781 -24.7512 -48.6870 -27.9848 16.4497 -42.6116 18.9825 -48.8669 -25.6565 -47.9965 -26.4019 -47.9259 -28.0298 -42.1645 -31.0187 -20.4063 -34.4774 7.8092 -38.9018 32.2745 -44.8124 -14.0262 -38.7938 13.0150 -33.9988 -25.2524 -28.4254 -48.8981 -7.3051 -41.4834 19.9078 -34.6131 -43.4601 -22.5619 -46.4309 -6.4507 -44.3551 22.9905 -31.5873 -48.2322 35.2326 -38.3667 8.1176 -34.7111 3.7520 -33.9255 -0.7401 -31.8533 -41.5462 -24.5370 -46.5595 35.7003 -39.0548 6.6728 -32.1228 -46.6106 -25.8437 -48.7697 -18.4048 -47.8687 -24.8347 -43.1232 -32.9710 28.9372 -44.6785 -26.2371 1.7350 -36.7964 -18.1566 -44.0186 -32.2110 31.1470 -48.3337 -28.9352 22.6762 -43.0242 -25.8582 4.4819 -38.0035
4.7076 -25.9648 -43.2576 23.3936 -29.0595 -48.4479 29.6812 -32.3118 -43.2022 -18.6001 -37.1055 3.5154 -26.2226 -43.8962 -38.8522 14.1017 -25.4350 -42.7660 9.2272 -25.4552 -44.0437 27.1003 -33.9990 -48.7620 -10.5236 -44.4403 -41.9507 -16.7538 -42.8192 27.7406 -44.8748 2.9200 -44.5333 -2.5836 -46.0257 -16.2895 -48.3274 -25.3675 -43.4903 -34.7224 18.4018 -43.3746 -20.1674 -22.9957 -35.5916 -23.0101 -49.1818 -21.0438 -46.8587 22.8522 -40.7699 19.5441 -35.0408 -38.5324 -22.9376 -45.5224 35.7037 -39.5272 20.3180 -34.5024 -45.1246 -11.7467 -40.4739 9.6836 -31.9414 -47.0446 -25.4673 -49.1197 -22.3314 -48.0975 -12.4167 -43.5140 32.0917 -38.1534 3.4729 -31.5314 -47.0783 -27.5484 -46.4478 -26.9756 -48.6674 -20.6426 -48.2190 -30.2769 -34.7123 -32.0742 27.8569 -44.2616 -26.1591 3.5141 -37.1059 -18.5993 -43.2022 -32.3118 29.6812 -48.4479 -29.0595 23.3936 -43.2576 -25.9648 4.7076
-24.3135 -43.4872 24.1083 -29.1866 -48.5505 27.8959 -32.4168 -42.2421 -19.0754 -37.3800 4.9559 -26.1388 -43.9593 28.8444 24.4873 -38.0177 -45.9284 27.5324 -34.3191 -48.8459 23.5110 -38.2921 -15.0353 -22.6095 -43.4491 31.2736 -32.4504 -48.9768 29.9340 -40.6795 26.8845 -39.3658 25.7925 -39.7832 31.5087 -41.8476 24.8197 -46.7831 -26.1142 -14.5709 -38.4096 35.0540 -48.7136 -31.0073 16.1537 -43.2228 32.0373 -42.2212 31.3967 -38.9836 13.1151 -33.7542 -40.9624 -23.3339 -45.9432 34.7661 -38.9891 8.9072 -32.8042 -44.2481 -20.4674 -43.1383 20.8799 -33.7670 -47.5574 -18.1321 -44.6546 30.7941 -41.7958 33.0191 -39.1545 18.6524 -35.7230 -13.2104 -30.1903 -48.4297 -26.8295 -44.6034 -31.8043 -33.9499 -25.2395 -48.4633 -26.3588 -37.2743 -32.2349 -47.9948 -29.1106 27.2133 -44.0005 -26.1375 4.9683 -37.3808 -19.0746 -42.2421 -32.4168 27.8959 -48.5505 -29.1866 24.1083 -43.4872 -24.3135
-43.8220 24.8182 -29.3158 -48.6410 25.7479 -32.5196 -41.1374 -19.5449 -37.6268 6.1224 -26.1693 -43.9202 26.4338 -27.4097 -46.4693 18.3509 -25.1405 -41.5870 5.1914 -23.8467 -42.7161 16.6319 -31.8130 -48.4390 34.8842 -38.7879 -11.6702 -23.3032 -43.4575 25.0080 -38.0072 7.8525 -36.3564 7.2954 -37.4628 19.7963 -40.7309 16.0447 -48.7165 -31.4742 13.2644 -41.5697 -11.9782 -47.4580 -32.7051 12.7470 -36.6754 12.3971 -35.3843 -4.5011 -30.8085 -47.7393 -20.3977 -45.3299 34.3666 -38.9326 4.6345 -30.9974 -48.4499 -18.0613 -43.8165 27.2227 -36.0135 -38.2639 -21.1762 -44.0438 30.9154 -38.4196 12.9512 -35.3391 -2.9190 -32.2317 -42.4622 -28.6589 -48.6108 -27.0352 -45.2599 -32.8528 -1.1955 -34.9181 -48.1760 -20.3485 -48.1694 -32.8031 -2.0258 -43.4367 -46.7535 -28.0576 26.4711 -43.9133 -26.1657 6.1357 -37.6272 -19.5449 -41.1374 -32.5196 25.7479 -48.6410 -29.3158 24.8182 -43.8220
25.5565 -29.2706 -48.7163 23.2109 -32.6201 -39.8772 -20.0013 -37.8580 7.1035 -26.2303 -43.9645 26.1867 -28.6330 -48.5872 34.9584 -32.1231 -48.6886 30.9864 -32.2941 -48.6709 35.5097 -37.2810 -31.3738 -20.8872 -42.6727 18.5272 -33.2641 -48.9444 17.4031 -40.0575 14.1360 -36.1310 -16.3471 -34.2143 -12.2330 -36.9200 22.3564 -42.7927 -17.9170 -43.4728 -35.7986 24.0758 -43.1174 -15.8213 -48.6839 -28.0665 -41.4838 -28.5842 -47.2139 -24.6546 -48.3285 -8.4037 -43.0557 30.1309 -38.3563 2.1523 -30.2113 -48.7354 -11.0846 -42.5328 26.2792 -36.6661 -24.5737 -24.9728 -45.7624 32.4280 -38.1816 0.8713 -32.5738 -43.8203 -28.9000 -48.1020 -28.6439 -45.8382 -30.4484 -32.8213 -33.6853 3.6278 -38.5338 19.4718 -20.6225 -45.6931 -25.4614 -8.6211 -37.4507 -27.9266 31.4334 -48.3832 -28.6083 26.1582 -43.9559 -26.2278 7.1049 -37.8580 -20.0013 -39.8772 -32.6201 23.2109 -48.7163 -29.2706 25.5565
-28.6674 -48.7723 20.3033 -32.7156 -38.4655 -20.4416 -38.0821 7.9606 -26.3109 -44.0906 26.3502 -28.9641 -48.5326 29.5202 -34.4301 -42.9854 -8.7454 -36.1700 -31.6065 -20.2310 -42.2227 16.6370 -32.5645 -48.9505 28.6734 -38.8001 -6.5532 -26.1391 -45.9671 35.9329 -39.8267 16.2909 -36.1825 -16.4596 -34.3384 -1.1476 -38.7099 35.3577 -46.8559 -28.2356 -2.1039 -38.8546 31.9203 -42.6123 1.9405 -45.6821 -12.7363 -45.9100 -1.0152 -43.7364 35.5998 -40.2502 20.5903 -36.4986 -8.9265 -29.0860 -48.6362 -2.1196 -41.2312 22.3729 -36.0984 -25.0653 -26.0980 -46.8526 35.5797 -38.8283 3.7257 -33.7816 -43.5329 -29.4451 -46.7499 -30.7321 -22.3719 -34.6269 7.4517 -36.9022 13.1061 -38.7862 28.0504 -44.0468 -36.0723 29.1139 -49.0229 -33.0902 25.9968 -45.9189 -35.6116 30.0122 -48.5710 -28.9889 26.2912 -44.0872 -26.3103 7.9606 -38.0821 -20.4416 -38.4655 -32.7156 20.3033 -48.7723 -28.6674
-48.5416 16.9774 -32.7961 -36.8921 -20.8609 -38.2997 8.7513 -26.4038 -44.2654 26.7906 -29.5908 -48.4135 26.3104 -35.7184 -23.8866 -22.9025 -40.3293 13.4496 -31.7363 -48.6510 30.6936 -39.0383 -3.8191 -25.8146 -44.8373 25.4723 -35.1962 -45.0097 -21.4364 -46.1167 26.3400 -41.6519 24.8062 -37.2248 -4.9822 -35.9793 15.7283 -41.8724 -13.6837 -46.0058 -35.3780 22.5337 -42.5881 31.1980 -43.4033 20.7231 -40.8864 29.5769 -39.0233 20.0964 -37.1729 7.6826 -33.1953 -38.2697 -26.1072 -47.9898 16.7154 -40.4727 18.8002 -35.0906 -33.8529 -25.3803 -46.8899 35.7090 -39.4272 10.5046 -36.2324 -5.6211 -34.2630 -14.5753 -34.1934 4.7701 -37.7174 22.6080 -40.2798 32.2903 -41.2001 32.0939 -42.0337 -17.1401 9.4441 -39.4470 -17.1667 -30.1123 -37.4097 -21.8789 -13.3446 -35.3504 26.6328 -48.7194 -29.3028 26.7084 -44.2651 -26.4036 8.7513 -38.2997 -20.8609 -36.8921 -32.7961 16.9774 -48.5416
1.1347 -32.4189 -35.1731 -21.2606 -38.5144 9.4880 -26.5038 -44.4654 27.3370 -31.8034 -48.7594 -12.0659 -39.8061 13.0225 -31.2981 -47.6629 35.7216 -38.1536 -14.3152 -25.4012 -45.3561 28.3432 -35.6171 -45.8235 -11.1022 -40.4956 10.2643 -32.7378 -45.2490 -25.8369 -48.8219 -16.8304 -44.1751 28.6907 -37.5701 4.5908 -38.4647 34.6605 -47.2001 -28.7822 10.3114 -41.5977 -16.8153 -48.1201 -21.1564 -49.2787 32.5664 -36.4105 2.4027 -32.6960 -35.0594 -28.1758 -48.9372 -19.2856 -45.7059 35.3038 -39.7804 14.6765 -33.8307 -41.5950 -23.6216 -46.2714 35.8328 -39.7060 15.4417 -38.1490 15.8074 -38.5957 17.4090 -38.2371 16.3625 -39.5423 34.1650 -43.9759 -7.4651 -46.9534 -13.5727 -45.4044 19.3389 -46.2145 -29.6114 16.7298 -42.8296 -25.7176 6.1072 -38.3343 -23.6110 -23.0641 -34.3745 21.8284 -48.8026 -29.5541 27.2732 -44.4647 -26.5038 9.4880 -38.5144 -21.2606 -35.1731 -32.4189 1.1347
-33.5561 -33.3125 -21.6376 -38.7299 10.1897 -26.6090 -44.6766 27.9293 -33.7885 -25.8551 -28.9824 -48.6857 26.5163 -38.4243 -18.2622 -22.2952 -43.4068 22.6825 -35.2571 -45.1215 -15.4870 -41.6775 13.1795 -30.3081 -47.6516 34.9969 -38.5200 7.1184 -34.9919 -9.5680 -32.0212 -39.6512 -22.3763 -43.6857 22.2546 -37.6062 16.3191 -41.6519 -11.7735 -45.4403 -34.2529 30.4090 -36.5662 -30.8126 -30.3112 -33.1864 -21.9356 -46.5799 -25.6126 -49.0006 -18.6701 -46.2806 16.1384 -42.0583 28.9344 -38.3594 7.8135 -32.0570 -46.7960 -20.7806 -45.2120 34.9139 -39.7259 18.6885 -39.6921 29.7676 -42.1639 35.5622 -42.9714 34.8196 -41.2299 34.4500 -46.7383 -23.2436 -46.6925 -29.0931 -42.0322 -26.1207 -47.6260 -13.7755 -48.7367 -33.1184 29.0196 -46.1924 -28.9031 9.9650 -38.3429 -22.5816 -31.0530 -33.6054 16.3107 -48.8320 -29.7616 27.9093 -44.6761 -26.6090 10.1897 -38.7299 -21.6376 -33.3125 -33.5561
-33.7702 -21.9842 -38.9472 10.8732 -26.7178 -44.8941 28.5827 -32.3222 -7.2605 -41.0095 13.1470 -29.0542 -46.7323 26.5648 -33.6938 -48.8105 6.3416 -40.6052 11.7553 -31.4810 -48.8106 32.6987 -38.0959 -23.2330 -21.0457 -42.7833 25.7877 -39.7278 21.1528 -38.7401 17.3423 -35.4430 -42.0539 -10.7648 -40.4692 14.7721 -39.0543 32.2822 -44.2605 -19.9258 -48.8346 19.1944 -38.1445 1.7760 -35.1534 15.5378 -44.0821 6.3847 -43.9000 33.7333 -41.5419 29.5532 -38.7421 15.3875 -35.4096 -12.8195 -29.3821 -48.8720 -15.0491 -43.6097 31.5458 -39.5186 20.0824 -40.5111 35.7258 -45.5700 -15.2899 -48.3746 -18.5645 -46.6046 0.2701 -46.9827 -26.4290 -24.3317 -35.1193 13.2670 -36.5158 -3.8086 -27.9154 -47.7112 -23.8000 -27.5418 -37.0736 23.9933 -49.0377 -33.5054 19.7711 -41.5818 -24.2905 -29.8349 -33.6685 11.1210 -48.8211 -29.9380 28.5854 -44.8940 -26.7178 10.8732 -38.9472 -21.9842 -33.7702
-20.7857 -39.1660 11.5449 -26.8288 -45.1148 29.2797 -30.1156 -48.7112 -24.1463 33.0543 -39.6792 -21.3202 -16.5268 -39.6466 -0.3588 -26.8111 -46.5195 35.5488 -38.9185 -7.1525 -25.3135 -44.5465 22.8197 -33.2467 -48.9166 23.3365 -41.8998 35.0665 -43.8587 34.6909 -42.9916 21.1775 -24.0506 -47.1307 29.7924 -38.9122 22.3320 -42.1533 0.8243 -46.9280 -16.5888 -43.5063 28.0123 -37.4204 -8.6280 -35.6340 17.2950 -37.7124 18.8724 -37.0481 11.0894 -34.9468 -7.2349 -31.0351 -45.8932 -24.3177 -47.6219 8.9738 -41.4664 25.9220 -39.1653 20.3028 -40.7605 31.0983 -47.4714 -24.4774 -44.5243 -30.3762 -37.6192 -26.8259 -48.4450 -25.7986 -23.1573 -37.0919 28.2365 -42.8379 33.6958 -37.9990 -26.5757 -24.0359 -48.6929 -31.6859 16.5638 -42.8469 -23.9576 -6.3647 -39.1301 26.7125 -48.4886 -30.6657 -9.3817 -33.9198 6.7264 -48.7804 -30.0962 29.2797 -45.1148 -26.8288 11.5449 -39.1660 -20.7857
-39.9212 12.2066 -26.9412 -45.3348 29.9776 -30.2457 -48.7437 2.6905 -30.8372 -48.4353 26.4431 -30.5224 -46.2958 26.0285 -34.9439 -45.3552 -19.3404 -44.0042 25.1966 -35.3597 -46.8419 -6.3460 -39.4325 -1.4912 -24.4556 -44.4029 5.7153 -48.1174 -20.6050 -48.2358 -23.0983 -28.7425 -43.3030 33.6384 -39.4024 16.2923 -40.8615 14.0196 -48.7255 -25.9190 -48.7538 -14.5357 -42.4314 20.5916 -35.4752 -32.3309 -32.0926 -24.5093 -31.2566 -37.7349 -28.5393 -48.0064 -23.9374 -48.2031 -11.1723 -44.0167 35.4297 -39.6982 19.4140 -38.8139 21.0475 -40.9320 29.1526 -47.6755 -26.6890 -25.8589 -35.3322 12.5769 -36.7929 -18.6008 -28.8222 -42.2283 -35.5204 27.9551 -45.2355 -21.8413 -49.9705 23.6307 -30.9006 -48.7627 -24.0276 -30.7085 -37.3928 29.7213 -49.1351 -34.3072 28.1173 -46.3871 -26.8333 -17.3082 -36.1540 -6.7145 -33.6010 3.1884 -48.7536 -30.2457 29.9776 -45.3348 -26.9412 12.2066 -39.9212
12.7189 -27.0063 -45.5533 30.6637 -30.3885 -48.7583 0.2770 -33.2391 -25.4424 -12.0801 -35.8783 -43.7323 0.2791 -38.2689 6.6457 -32.0324 -48.6567 -6.2904 -41.0611 10.6021 -29.1195 -46.5786 29.6635 -34.4673 -48.6914 -10.4342 -47.5855 -28.3741 -31.4652 -29.4995 -47.3627 -32.2261 15.7695 -38.3350 9.8665 -38.3074 30.0730 -47.5010 -26.0231 6.3354 -32.1758 -48.1649 -8.4513 -40.6140 10.0797 -31.7038 -48.5713 -22.7720 -48.0686 -16.4939 -45.9589 3.9770 -43.2505 35.5549 -40.2601 22.7376 -38.2770 12.9956 -38.5251 23.1318 -41.2202 22.8345 -47.5583 -26.2460 -25.1661 -36.6849 24.5468 -42.0977 33.7958 -33.9009 -41.5600 -32.4574 14.3414 -42.6139 -20.3346 -17.6678 -37.2418 -22.3573 -48.9307 -16.7441 -48.4029 -31.2016 16.3998 -43.2702 -24.3739 2.4892 -40.4671 -15.3688 -39.7627 -36.5176 19.1282 -32.4979 -18.3612 -33.3562 0.2132 -48.7583 -30.3885 30.6637 -45.5533 -27.0063 12.7189
-25.6959 -45.7697 31.3299 -30.5280 -48.7553 -2.4046 -33.4961 -23.3406 -23.1200 -38.8220 3.4362 -23.2803 -40.7367 28.5525 -38.8262 3.9982 -29.8445 -48.0876 35.6875 -37.1864 -37.2379 -17.6960 -40.6753 4.7850 -25.4111 -45.5346 -20.5059 -10.6432 -36.5165 3.4414 -31.9509 -39.3411 -34.9596 1.2029 -36.4702 5.1669 -38.3642 21.7132 -20.1813 -42.7496 15.6845 -30.9623 -48.5754 35.2425 -37.7877 -25.2751 -24.0268 -45.2866 32.2301 -41.6242 31.5296 -39.5566 20.9515 -38.0257 9.6191 -36.4954 5.7789 -38.1667 25.1694 -41.9876 1.9286 -48.0193 -26.4884 -33.4924 -35.8607 23.9408 -43.6323 -16.8144 -47.2778 -46.8215 -27.6093 -24.4215 -37.9357 34.1633 -48.9795 -32.3927 21.1751 -44.8734 15.5379 -44.4490 -19.9736 -36.3895 -36.9640 33.1611 -49.1709 -33.9149 29.7267 -47.3053 -30.5807 18.7659 -44.4331 -15.9771 -24.3205 -23.4722 -33.4928 -2.4046 -48.7553 -30.5280 31.3299 -45.7697 -25.6959
-45.9029 31.9603 -30.6635 -48.7227 -4.6699 -33.7820 -20.8852 -23.3396 -39.7814 12.2577 -26.9420 -42.8807 1.1693 -44.7964 34.8443 -38.6114 -13.5615 -23.3928 -43.4208 17.2374 -31.5024 -48.7848 34.5508 -34.6125 -48.7979 10.7621 -40.7105 -46.6695 0.2295 -38.0260 -11.2864 -32.3638 -15.5514 -36.7804 8.4494 -36.8136 0.7831 -33.8277 -49.0619 24.6786 -38.8413 -8.9410 -24.0370 -43.8923 21.0212 -33.4102 -48.8158 5.3050 -41.0667 26.7097 -39.9553 17.7424 -37.7552 1.2704 -35.2984 -6.0044 -37.4507 24.7275 -42.6325 -10.3337 -48.6746 -28.7078 -25.7971 -35.5233 16.7560 -41.6502 -16.4926 -32.6721 -35.5563 -12.5348 -48.6609 -31.8447 16.1693 -42.8909 -19.4527 -36.8209 -36.6483 25.2175 -41.1932 34.4247 -47.5405 -29.7800 13.2753 -42.3380 -22.5369 -7.3893 -38.9725 -12.7739 -37.9796 -36.8204 5.5202 -44.0404 -38.8475 -23.3243 -20.8859 -33.7828 -4.6699 -48.7227 -30.6635 31.9603 -45.9029
31.0965 -30.5299 -48.6588 -6.6121 -34.0685 -18.3338 -23.6051 -40.0405 14.0113 -27.3865 -45.0539 4.3924 -46.1614 -23.6783 -46.5598 28.6565 -34.6326 -48.7597 20.5889 -37.7825 -18.3411 -27.0885 -41.3028 2.9257 -23.2212 -42.8152 22.7600 -28.8751 -46.1354 25.0916 -34.7042 -34.9100 -35.6107 22.4308 -39.8600 18.7706 -36.5093 -27.3876 -23.8826 -44.0947 23.5332 -34.4277 -48.5416 6.9258 -39.2979 -0.0179 -26.1807 -45.2339 36.1293 -41.8182 34.2662 -40.8177 15.6419 -36.5534 -9.1277 -36.5622 20.8553 -42.0076 -11.7998 -48.7082 -30.7174 -2.5820 -37.0750 17.4149 -40.3381 35.1466 -48.1153 -31.0840 18.3192 -43.3581 -20.0332 -35.2753 -37.2738 34.0282 -46.8956 -27.2220 -11.9245 -37.5838 21.1821 -41.9670 -13.7360 -44.2729 -36.0667 35.3153 -48.5552 -32.4320 21.9838 -44.4891 -27.3036 11.5178 -41.9297 -24.0791 14.7443 -40.0607 -23.6041 -18.3401 -34.0692 -6.6121 -48.6588 -30.5299 31.0965
-30.3945 -48.5620 -8.2650 -34.3539 -15.7424 -23.8622 -40.2839 14.7547 -27.4874 -46.3770 32.3369 -28.0952 -31.9980 -41.4300 -16.5049 -41.2752 7.1681 -26.0884 -44.0321 19.6965 -35.5178 -13.0810 -25.3196 -28.1799 -47.6727 33.4194 -36.2515 -44.8218 -5.5787 -38.5008 -8.4830 -31.9164 9.8882 -44.2259 -3.0697 -42.0007 19.2402 -33.6915 -48.6684 5.5009 -39.6528 3.5744 -27.1526 -45.4920 28.2445 -35.3216 -46.9941 -13.5863 -44.1301 -8.5782 -47.6164 34.8217 -40.6106 10.4638 -36.6890 15.8304 -40.8443 -2.0497 -48.7667 -31.1845 6.0342 -38.8404 26.9966 -41.6858 35.9472 -44.0022 -19.0309 -38.2118 -37.0083 35.1466 -47.2264 -29.1808 8.3245 -40.4871 15.9044 -48.6929 -30.1828 -2.6156 -38.2894 31.0839 -45.5969 -27.3847 8.1627 -41.1710 -19.3059 -26.3335 -37.8041 23.4747 -49.0481 -33.6599 26.9397 -45.3374 -27.6904 14.5830 -40.2824 -23.8645 -15.7590 -34.3543 -8.2650 -48.5620 -30.3945
-48.6143 -9.7055 -34.6359 -13.1831 -24.1089 -40.5195 15.4426 -27.5843 -46.5138 33.5437 -30.7213 -49.3462 17.9776 -30.8964 -48.0619 33.4682 -35.1090 -48.4160 17.6342 -38.3059 11.8252 -40.1794 -17.4184 -47.5033 33.5985 -38.9859 -3.5238 -24.9087 -43.5948 18.4647 -31.9379 -48.6801 -22.6896 -32.3541 -42.4459 -12.9268 -40.5119 6.1961 -27.3223 -45.7848 29.6397 -35.7795 -45.5033 -11.5409 -40.9375 8.5676 -28.9617 -47.5595 -18.9045 -47.6188 -26.6723 -45.0729 27.5553 -38.1405 12.4212 -39.7992 29.9505 -48.2648 -30.0112 5.7152 -39.4584 34.7354 -44.5854 -8.5782 -46.9657 -12.3636 -47.6723 -28.8942 7.6641 -40.2930 -6.7495 -47.6322 -34.6068 20.9374 -42.7834 -13.2777 -48.4361 -32.5210 8.8692 -39.7057 6.5275 -48.5095 -34.6621 31.3164 -47.3939 -30.8921 17.8887 -43.4717 -24.0379 -11.9470 -38.1781 31.3300 -47.9491 -30.3591 14.9289 -40.4834 -24.1122 -13.1937 -34.6359 -9.7055 -48.6143
-12.8619 -34.9120 -10.7385 -24.3444 -40.7516 16.1085 -27.6814 -46.6976 33.7735 -30.9326 -48.6311 -9.3235 -35.9698 -36.7347 -16.6588 -40.6140 5.2722 -25.5576 -43.5205 19.8444 -37.2491 18.0859 -41.9409 32.2152 -39.2980 6.4357 -29.3446 -47.7765 34.7945 -36.3520 -42.3979 -18.7871 -44.6339 17.0938 -30.7534 -47.9870 34.2202 -36.0313 -44.7200 -14.2053 -41.1613 10.7954 -29.4702 -47.2890 33.2734 -36.7966 -40.8000 -23.4778 -48.4984 -32.6497 27.0610 -46.8533 -34.2256 5.6468 -38.3901 35.5229 -46.4238 -26.2295 -7.3599 -38.6965 35.3324 -46.4648 -22.4034 -47.5551 -27.3234 -48.7128 -22.4080 -47.5858 -34.4014 23.7367 -44.3031 -24.1107 -19.3102 -38.0345 32.0140 -45.0964 -22.4264 -40.2003 -35.8992 25.2885 -43.5952 -25.6202 -0.5432 -39.4597 -13.7632 -38.8194 -37.0069 30.0106 -49.1447 -33.9482 25.1130 -45.0237 -23.8787 -43.6298 -34.2773 15.4521 -40.7242 -24.3459 -10.7339 -34.9120 -12.8619
