13.5536 -25.8077 -46.1886 31.3822 -30.6496 -48.4196 -13.8543 -36.5390 -5.6333 -23.2708 -42.2699 20.4831 -27.4524 -47.8906 22.3614 -32.3703 -43.7911 -18.5541 -38.5031 7.1823 -24.6691 -44.3901 27.3583 -29.1237 -48.7029 -4.5627 -34.2990 -27.8872 -21.4615 -40.4529 14.5345 -26.0922 -46.4271 31.4231 -30.8639 -48.1824 -14.6175 -36.8184 -3.3138 -23.4761 -42.5313 21.3366 -27.6528 -48.0486 19.2502 -32.5745 -42.6221 -18.9758 -38.7449 7.6298 -30.8380 7.6298 -38.7449 -18.9758 -42.6221 -32.5745 19.2502 -48.0486 -27.6528 21.3366 -42.5313 -23.4761 -3.3138 -36.8184 -14.6175 -48.1824 -30.8639 31.4231 -46.4271 -26.0922 14.5345 -40.4529 -21.4615 -27.8872 -34.2990 -4.5627 -48.7029 -29.1237 27.3583 -44.3901 -24.6691 7.1823 -38.5031 -18.5541 -43.7911 -32.3703 22.3614 -47.8906 -27.4524 20.4831 -42.2699 -23.2708 -5.6333 -36.5390 -13.8543 -48.4196 -30.6496 31.3822 -46.1886 -25.8077 13.5536
-25.8077 -46.1892 32.9633 -30.7333 -48.3424 -11.5186 -35.2952 -5.5335 -25.0506 -41.7787 19.7030 -28.3490 -47.9812 32.9001 -31.8150 -43.5323 -18.8912 -37.5674 6.8734 -26.2298 -44.1107 26.7793 -29.6105 -48.8211 7.4197 -32.9290 -27.3843 -22.8738 -39.7600 13.9493 -27.3092 -46.3461 33.4788 -30.8561 -48.0992 -12.7948 -35.6194 -3.2847 -25.2640 -42.0673 20.5412 -28.5017 -48.1645 31.5317 -31.9306 -42.3261 -19.4985 -37.8254 7.9200 -26.6836 -46.9207 -26.6836 7.9200 -37.8254 -19.4985 -42.3261 -31.9306 31.5317 -48.1645 -28.5017 20.5412 -42.0673 -25.2640 -3.2847 -35.6194 -12.7948 -48.0992 -30.8561 33.4788 -46.3461 -27.3092 13.9493 -39.7600 -22.8738 -27.3843 -32.9290 7.4197 -48.8211 -29.6105 26.7793 -44.1107 -26.2298 6.8734 -37.5674 -18.8912 -43.5323 -31.8150 32.9001 -47.9812 -28.3490 19.7030 -41.7787 -25.0506 -5.5335 -35.2952 -11.5186 -48.3424 -30.7333 32.9633 -46.1892 -25.8077
-46.1886 32.9633 -30.9667 -48.4481 -10.5542 -35.0560 -7.4774 -24.8619 -41.5531 19.0464 -28.3447 -47.8255 33.7194 -32.1014 -44.3649 -18.3835 -37.3580 6.0394 -26.1332 -43.8824 26.0578 -29.6768 -48.8236 11.0326 -32.9719 -29.6998 -22.5681 -39.5388 13.3077 -27.2556 -46.1377 32.9785 -31.0214 -48.3050 -11.7597 -35.3627 -5.0423 -25.0901 -41.8384 19.8758 -28.5039 -48.0212 32.7043 -32.2404 -43.2944 -19.0271 -37.6151 7.0510 -26.2620 -43.7812 35.6216 -43.7812 -26.2620 7.0510 -37.6151 -19.0271 -43.2944 -32.2404 32.7043 -48.0212 -28.5039 19.8758 -41.8384 -25.0901 -5.0423 -35.3627 -11.7597 -48.3050 -31.0214 32.9785 -46.1377 -27.2556 13.3077 -39.5388 -22.5681 -29.6998 -32.9719 11.0326 -48.8236 -29.6768 26.0578 -43.8824 -26.1332 6.0394 -37.3580 -18.3835 -44.3649 -32.1014 33.7194 -47.8255 -28.3447 19.0464 -41.5531 -24.8619 -7.4774 -35.0560 -10.5542 -48.4481 -30.9667 32.9633 -46.1886
31.3822 -30.7333 -48.4481 -10.1241 -34.9047 -9.1189 -24.6905 -41.3421 18.4227 -28.2206 -47.6611 34.2512 -31.9856 -45.1099 -17.8305 -37.1506 5.1608 -26.0293 -43.6500 25.3269 -29.5464 -48.8017 14.5785 -32.9183 -31.8508 -22.2403 -39.3192 12.6625 -27.1367 -45.9225 32.4009 -30.8959 -48.4675 -10.6175 -35.0937 -7.0234 -24.9078 -41.6106 19.2186 -28.3737 -47.8652 33.5566 -32.1404 -44.1514 -18.5226 -37.4020 6.2191 -26.1617 -43.9783 25.4886 -33.6872 25.4874 -43.9783 -26.1617 6.2192 -37.4020 -18.5226 -44.1514 -32.1385 33.5565 -47.8653 -28.3737 19.2186 -41.6106 -24.9078 -7.0234 -35.0937 -10.6175 -48.4675 -30.8959 32.4009 -45.9225 -27.1367 12.6625 -39.3192 -22.2403 -31.8508 -32.9183 14.5785 -48.8017 -29.5464 25.3269 -43.6500 -26.0293 5.1608 -37.1506 -17.8305 -45.1099 -31.9856 34.2512 -47.6611 -28.2206 18.4227 -41.3421 -24.6905 -9.1189 -34.9047 -10.1241 -48.4481 -30.7333 31.3822
-30.6496 -48.3424 -10.5542 -34.9047 -9.7651 -24.5815 -41.1812 17.8882 -28.1070 -47.4958 34.5702 -31.8640 -45.7682 -17.2339 -36.9450 4.2285 -25.9262 -43.4141 24.5920 -29.4165 -48.7592 17.9783 -32.8536 -33.8271 -21.8982 -39.1012 12.0120 -27.0177 -45.7009 31.7685 -30.7714 -48.5901 -9.3388 -34.8139 -9.2427 -24.7079 -41.3845 18.5709 -28.2416 -47.6976 34.1626 -32.0446 -44.8787 -18.0157 -37.1855 5.3172 -26.0590 -43.7137 25.6327 -30.2355 -47.5326 -30.2359 25.6314 -43.7149 -26.0594 5.3209 -37.1878 -17.9911 -44.9047 -32.0354 34.1626 -47.6971 -28.2416 18.5709 -41.3845 -24.7079 -9.2427 -34.8139 -9.3388 -48.5901 -30.7714 31.7685 -45.7009 -27.0177 12.0120 -39.1012 -21.8982 -33.8271 -32.8536 17.9783 -48.7592 -29.4165 24.5920 -43.4141 -25.9262 4.2285 -36.9450 -17.2339 -45.7682 -31.8640 34.5702 -47.4958 -28.1070 17.8882 -41.1812 -24.5815 -9.7651 -34.9047 -10.5542 -48.3424 -30.6496
-48.4196 -11.5186 -35.0560 -9.1189 -24.5815 -41.1202 17.5666 -28.0252 -47.3527 34.7061 -31.7483 -46.3203 -16.6050 -36.7412 3.2329 -25.8252 -43.1779 23.8636 -29.2870 -48.6978 21.1165 -32.7796 -35.6388 -21.5400 -38.8855 11.3554 -26.8994 -45.4764 31.0985 -30.6495 -48.6764 -7.9103 -34.5252 -11.6655 -24.4927 -41.1625 17.9380 -28.1096 -47.5213 34.5411 -31.9519 -45.4848 -17.3767 -36.8816 3.9862 -25.9790 -43.5034 24.8655 -29.3784 -48.4464 -13.8441 -48.4642 -29.3463 24.8955 -43.4874 -25.9687 4.4070 -36.9753 -17.4349 -45.5582 -31.9348 34.5403 -47.5209 -28.1096 17.9380 -41.1625 -24.4927 -11.6655 -34.5252 -7.9103 -48.6764 -30.6495 31.0985 -45.4764 -26.8994 11.3554 -38.8855 -21.5400 -35.6388 -32.7796 21.1165 -48.6978 -29.2870 23.8636 -43.1779 -25.8252 3.2329 -36.7412 -16.6050 -46.3203 -31.7483 34.7061 -47.3527 -28.0252 17.5666 -41.1202 -24.5815 -9.1189 -35.0560 -11.5186 -48.4196
-13.8543 -35.2952 -7.4774 -24.6905 -41.1812 17.5666 -27.9956 -47.2662 34.7250 -31.6554 -46.7494 -15.9777 -36.5487 2.1897 -25.7278 -42.9421 23.1425 -29.1582 -48.6188 23.9167 -32.6917 -37.3166 -21.1591 -38.6750 10.7004 -26.7801 -45.2455 30.3880 -30.5339 -48.7304 -6.3140 -34.2231 -14.3052 -24.2596 -40.9455 17.3217 -27.9749 -47.3343 34.7199 -31.8623 -46.0403 -16.5726 -36.9741 20.1001 -25.4450 -43.6623 25.0469 -29.1196 -48.7746 24.6885 -35.2809 26.0297 -48.8518 -28.3872 28.2756 -43.1298 -25.9008 3.4406 -36.7587 -16.8641 -46.1125 -31.8414 34.7196 -47.3343 -27.9749 17.3217 -40.9455 -24.2597 -14.3003 -34.2235 -6.3140 -48.7304 -30.5339 30.3880 -45.2455 -26.7801 10.7004 -38.6750 -21.1591 -37.3166 -32.6917 23.9167 -48.6188 -29.1582 23.1425 -42.9421 -25.7278 2.1897 -36.5487 -15.9777 -46.7494 -31.6554 34.7250 -47.2662 -27.9956 17.5666 -41.1812 -24.6905 -7.4774 -35.2952 -13.8543
-36.5390 -5.5335 -24.8619 -41.3421 17.8882 -28.0252 -47.2662 34.7167 -31.6033 -47.0232 -15.4389 -36.3817 1.1771 -25.6366 -42.7166 22.4409 -29.0302 -48.5240 26.3433 -32.5847 -38.8830 -20.7475 -38.4730 10.0553 -26.6583 -45.0045 29.6318 -30.4300 -48.7562 -4.5694 -33.9029 -17.1570 -24.0059 -40.7383 16.7344 -27.8341 -47.1337 34.7170 -31.7761 -46.5326 -15.8559 -37.4998 34.0649 -47.9094 -33.2423 9.4722 -28.5648 -48.5633 25.9757 -33.5980 -2.8491 -34.4004 34.4805 -45.4339 -37.8985 33.1138 -43.5974 -25.8426 2.2164 -36.5417 -15.9547 -46.5838 -31.7608 34.7176 -47.1333 -27.8362 16.7215 -40.7335 -24.0043 -17.1431 -33.9044 -4.5693 -48.7562 -30.4300 29.6318 -45.0045 -26.6583 10.0553 -38.4730 -20.7475 -38.8830 -32.5847 26.3433 -48.5240 -29.0302 22.4409 -42.7166 -25.6366 1.1771 -36.3817 -15.4389 -47.0232 -31.6033 34.7167 -47.2662 -28.0252 17.8882 -41.3421 -24.8619 -5.5335 -36.5390
-5.6333 -25.0506 -41.5531 18.4227 -28.1070 -47.3527 34.7250 -31.6033 -47.1154 -15.1172 -36.2665 0.3507 -25.5536 -42.5179 21.8062 -28.9060 -48.4172 28.3804 -32.4619 -40.3316 -20.3009 -38.2845 9.4355 -26.5321 -44.7498 28.8226 -30.3431 -48.7592 -2.7077 -33.5577 -20.1992 -23.7268 -40.5441 16.1812 -27.6886 -46.9185 34.5439 -31.6965 -46.9347 -15.3938 -37.6612 21.7165 -42.4086 -18.8580 -49.0339 -22.4628 -46.3518 34.7673 -33.0884 -39.9252 -26.6840 -44.7857 -31.2671 3.2009 -25.6439 -48.8253 16.2712 -43.6650 -25.7899 3.4681 -36.3935 -16.1135 -47.0282 -31.6787 34.5497 -46.9244 -27.6743 16.4036 -39.8577 -23.7300 -20.1458 -33.5593 -2.7129 -48.7592 -30.3431 28.8226 -44.7498 -26.5321 9.4355 -38.2845 -20.3009 -40.3316 -32.4619 28.3804 -48.4172 -28.9060 21.8062 -42.5179 -25.5536 0.3507 -36.2665 -15.1172 -47.1154 -31.6033 34.7250 -47.3527 -28.1070 18.4227 -41.5531 -25.0506 -5.6333
-23.2708 -41.7787 19.0464 -28.2206 -47.4958 34.7061 -31.6554 -47.0232 -15.1172 -36.2272 -0.1095 -25.4907 -42.3632 21.2858 -28.7915 -48.3046 30.0278 -32.3377 -41.6239 -19.8152 -38.1136 8.8673 -26.3987 -44.4719 27.9350 -30.2920 -48.7459 -0.8752 -33.1733 -23.4516 -23.4126 -40.3736 15.6917 -27.5336 -46.6996 34.1980 -32.6491 -47.2896 -15.0972 -36.4359 12.3301 -38.6852 23.9552 -42.4950 33.4249 -41.0493 24.3093 -32.4063 -43.8800 -19.2270 -39.5264 -6.5937 -48.4868 -22.9529 -48.7250 -7.7273 -43.8665 31.0396 -40.8016 16.8584 -31.2964 -43.5018 -15.4044 -47.4255 -31.3660 34.2198 -46.5841 -21.0904 23.2063 -39.0326 -23.4159 -23.3534 -33.1730 -0.8874 -48.7459 -30.2920 27.9350 -44.4719 -26.3987 8.8673 -38.1136 -19.8152 -41.6239 -32.3377 30.0278 -48.3046 -28.7915 21.2858 -42.3632 -25.4907 -0.1095 -36.2272 -15.1172 -47.0232 -31.6554 34.7061 -47.4958 -28.2206 19.0464 -41.7787 -23.2708
-42.2699 19.7030 -28.3447 -47.6611 34.5702 -31.7483 -46.7494 -15.4389 -36.2665 -0.1095 -25.4669 -42.2753 20.9290 -28.7018 -48.2008 31.2722 -32.2267 -42.7123 -19.3113 -37.9621 8.3569 -26.2610 -44.1675 26.9567 -30.2995 -48.7282 0.4976 -32.7325 -26.9116 -23.0511 -40.2538 15.3502 -27.3525 -46.4425 33.5507 -34.1926 -30.6854 -20.7258 -35.0477 2.5798 -34.4917 -0.1983 -36.4208 12.6904 -35.7304 4.7192 -31.1948 -48.7230 -13.9126 -37.3282 14.2108 -35.6859 32.7635 -42.8389 34.7276 -42.6481 26.6459 -37.9014 8.5956 -34.5766 -31.9048 -12.4706 -39.8976 -11.7740 -48.6052 -30.3337 12.9278 -33.8849 -37.0105 33.0748 -39.6006 -23.0461 -26.8561 -32.7315 0.4907 -48.7282 -30.2995 26.9567 -44.1675 -26.2610 8.3569 -37.9621 -19.3113 -42.7123 -32.2267 31.2722 -48.2008 -28.7018 20.9290 -42.2753 -25.4669 -0.1095 -36.2665 -15.4389 -46.7494 -31.7483 34.5702 -47.6611 -28.3447 19.7030 -42.2699
20.4831 -28.3490 -47.8255 34.2512 -31.8640 -46.3203 -15.9777 -36.3817 0.3507 -25.4907 -42.2753 20.8009 -28.6544 -48.1273 32.0798 -32.1356 -43.5553 -18.8265 -37.8316 7.9166 -26.1276 -43.8484 25.9150 -30.3749 -48.7190 0.8970 -32.2329 -30.4898 -22.6266 -40.2234 15.2651 -27.1341 -46.1177 32.6729 -35.5030 -7.2797 -34.1309 -26.5158 -30.1609 -28.4811 -47.3842 -28.8031 -42.0574 -29.0775 -46.0764 -28.3803 -45.7030 -23.1730 -33.5471 3.0434 -29.7219 -39.1757 -32.3135 10.5233 -36.3475 12.8651 -35.3131 -17.6414 -29.4932 -48.0725 -21.4120 -44.0793 26.9338 -37.2730 11.1203 -48.2085 -24.4471 -48.2699 -21.5853 -41.3677 21.8331 -39.9059 -22.6275 -30.4901 -32.2328 0.8971 -48.7190 -30.3749 25.9150 -43.8484 -26.1276 7.9166 -37.8316 -18.8265 -43.5553 -32.1356 32.0798 -48.1273 -28.6544 20.8009 -42.2753 -25.4907 0.3507 -36.3817 -15.9777 -46.3203 -31.8640 34.2512 -47.8255 -28.3490 20.4831
-27.4524 -47.9812 33.7194 -31.9856 -45.7682 -16.6050 -36.5487 1.1771 -25.5536 -42.3632 20.9290 -28.6544 -48.1009 32.4772 -32.0762 -44.1380 -18.4023 -37.7200 7.5473 -26.0063 -43.5347 24.8807 -30.5143 -48.7253 0.0412 -31.7154 -33.8668 -22.1586 -40.3431 15.6244 -26.8795 -45.7450 31.7632 -35.3167 -2.4965 -37.6327 26.2625 -47.6524 -15.4180 -45.7922 -11.1172 -47.2576 -15.8933 -46.9570 -19.0573 -47.8896 -36.0960 28.2178 -45.8550 -12.6290 -43.0810 -12.6543 -48.5941 -25.1142 -46.3448 -27.6511 -47.6676 -23.5402 -47.4234 -2.2148 -42.9620 28.0085 -38.0159 6.6114 -35.3263 31.3640 -42.5304 27.1740 -42.5802 21.6209 -36.6110 15.0538 -40.0739 -22.1639 -33.8717 -31.7136 0.0412 -48.7253 -30.5143 24.8807 -43.5347 -26.0063 7.5473 -37.7200 -18.4023 -44.1380 -32.0762 32.4772 -48.1009 -28.6544 20.9290 -42.3632 -25.5536 1.1771 -36.5487 -16.6050 -45.7682 -31.9856 33.7194 -47.9812 -27.4524
-47.8906 32.9001 -32.1014 -45.1099 -17.2339 -36.7412 2.1897 -25.6366 -42.5179 21.2858 -28.7018 -48.1273 32.4772 -32.0575 -44.4351 -18.1123 -37.6362 7.2505 -25.9077 -43.2555 23.9536 -30.7060 -48.7441 -1.9912 -31.2547 -36.5272 -21.7327 -40.6768 16.6427 -26.6112 -45.3818 30.8420 -33.4605 -30.5277 -34.0319 3.6619 -38.5390 28.3034 -40.2796 30.5323 -41.3226 34.8520 -42.2772 35.3093 -45.2569 -24.6799 1.3217 -38.2016 22.1703 -36.8766 17.3286 -36.3988 32.7318 -42.2205 11.9367 -44.5352 9.9745 -43.3190 34.9163 -39.6988 19.6057 -36.5186 -10.1056 -31.1321 -38.2353 -32.3188 10.2963 -36.1184 12.8518 -34.9363 -28.5290 -31.5925 15.1216 -40.6563 -21.7247 -36.5451 -31.2526 -1.9912 -48.7441 -30.7060 23.9536 -43.2555 -25.9077 7.2505 -37.6362 -18.1123 -44.4351 -32.0575 32.4772 -48.1273 -28.7018 21.2858 -42.5179 -25.6366 2.1897 -36.7412 -17.2339 -45.1099 -32.1014 32.9001 -47.8906
22.3614 -31.8150 -44.3649 -17.8305 -36.9450 3.2329 -25.7278 -42.7166 21.8062 -28.7915 -48.2008 32.0798 -32.0762 -44.4351 -18.0122 -37.5899 7.0496 -25.8386 -43.0396 23.2184 -30.9255 -48.7593 -4.7276 -30.9115 -38.1479 -21.4381 -41.0999 18.2046 -26.3756 -45.1830 30.4453 -32.9586 -45.9205 -26.9919 -44.4763 -31.9211 -8.7657 -35.0818 7.0193 -36.5848 13.2801 -38.7289 20.9188 -40.8585 35.2944 -47.8911 -27.1319 -36.5816 -30.0292 -40.9133 -28.6270 -36.6781 -32.1972 10.1212 -35.7063 18.8581 -37.1992 16.8070 -36.5615 5.3670 -33.1361 -37.3601 -26.8165 -48.5187 -19.0465 -48.8333 -25.7370 -44.9261 -28.2658 -47.0904 -23.8431 -48.3388 -27.4406 17.9363 -41.0765 -21.4552 -38.1594 -30.9111 -4.7276 -48.7593 -30.9254 23.2184 -43.0396 -25.8386 7.0496 -37.5899 -18.0122 -44.4351 -32.0762 32.0798 -48.2008 -28.7915 21.8062 -42.7166 -25.7278 3.2329 -36.9450 -17.8305 -44.3649 -31.8150 22.3614
-32.3703 -43.5323 -18.3835 -37.1506 4.2285 -25.8252 -42.9421 22.4409 -28.9060 -48.3046 31.2722 -32.1356 -44.1380 -18.1123 -37.5899 6.9726 -25.8027 -42.9011 22.7110 -31.1312 -48.7510 -7.4349 -30.7105 -39.3336 -21.5123 -40.6689 24.7176 -24.6906 -45.3702 30.8507 -34.6331 -45.0493 -19.2782 -46.8177 -19.2022 -48.9893 -25.8638 -47.0256 -29.1017 -36.9747 -33.1529 -0.3757 -37.2403 16.1741 -40.4867 35.5903 -45.5688 -12.3329 -45.8160 -5.3884 -43.1311 -13.2787 -48.4305 -25.0594 -45.4476 -29.3217 -35.4783 -29.9726 -42.7934 -27.1932 -49.0474 -19.7350 -46.3484 29.0435 -41.5431 35.3720 -43.0919 -0.3670 -45.2512 -0.6186 -43.7840 30.7848 -45.4956 -25.1307 27.6316 -41.2868 -21.5521 -39.3121 -30.7145 -7.4200 -48.7510 -31.1298 22.7110 -42.9011 -25.8027 6.9726 -37.5899 -18.1123 -44.1380 -32.1356 31.2722 -48.3046 -28.9060 22.4409 -42.9421 -25.8252 4.2285 -37.1506 -18.3835 -43.5323 -32.3703
-43.7911 -18.8912 -37.3580 5.1608 -25.9262 -43.1779 23.1425 -29.0302 -48.4172 30.0278 -32.2267 -43.5553 -18.4023 -37.6362 7.0496 -25.8027 -42.8522 22.4529 -31.2777 -48.7197 -9.5373 -30.6337 -39.6495 -23.2972 -43.8874 -17.3998 11.7811 -41.2018 23.1608 -33.8870 -37.7326 -19.3311 -39.7112 35.1854 -43.3988 20.0056 -45.2402 -10.8060 -47.5627 -22.6151 -47.9295 -30.7290 -18.7841 -35.4366 10.6094 -38.4062 23.7323 -38.9783 23.6433 -36.6128 17.9359 -37.0662 32.5176 -41.9205 5.9885 -45.3091 -13.2598 -46.4284 -10.7472 -45.1535 23.3936 -42.2730 30.8545 -39.0802 15.5206 -36.6507 16.3804 -37.1198 22.7492 -38.2099 20.2574 -37.6126 23.0678 -37.1312 -41.2098 34.9303 -44.6765 -23.4819 -39.5739 -30.6379 -9.5151 -48.7201 -31.2764 22.4529 -42.8522 -25.8027 7.0496 -37.6362 -18.4023 -43.5553 -32.2267 30.0278 -48.4172 -29.0302 23.1425 -43.1779 -25.9262 5.1608 -37.3580 -18.8912 -43.7911
-18.5541 -37.5674 6.0394 -26.0293 -43.4141 23.8636 -29.1582 -48.5240 28.3804 -32.3377 -42.7123 -18.8265 -37.7200 7.2505 -25.8386 -42.9011 22.4529 -31.3308 -48.6900 -10.7960 -30.6362 -39.6888 -23.6585 -47.6874 -15.4841 -48.7593 -31.8145 -4.0492 -29.7143 -48.9606 -17.4435 -35.2386 12.4901 -37.6926 19.5798 -39.4548 28.8131 -41.4649 32.7635 -45.6732 -19.2434 -48.6681 -29.0318 -41.2577 -31.7318 -17.6360 -33.2212 -10.0578 -31.7535 -35.7413 -29.9519 -31.3994 -32.6186 9.7120 -35.5583 21.3416 -38.3234 26.0736 -38.8664 23.0880 -37.7545 14.2223 -35.5368 -3.9254 -32.0044 -37.8656 -30.4100 -31.4388 -31.5931 -20.5553 -31.7486 -29.7558 -31.4999 -24.3233 -20.0980 -47.5183 -13.6649 -47.9531 -23.8966 -39.6872 -30.6279 -10.8128 -48.6902 -31.3308 22.4529 -42.9011 -25.8386 7.2505 -37.7200 -18.8265 -42.7123 -32.3377 28.3804 -48.5240 -29.1582 23.8636 -43.4141 -26.0293 6.0394 -37.5674 -18.5541
-38.5031 6.8734 -26.1332 -43.6500 24.5920 -29.2870 -48.6188 26.3433 -32.4619 -41.6239 -19.3113 -37.8316 7.5473 -25.9077 -43.0396 22.7110 -31.2777 -48.6900 -11.2062 -30.6745 -39.4560 -22.5795 -45.4702 -6.6453 -46.6843 -12.8625 -48.7858 -20.0284 -46.0941 28.1424 -33.9276 -12.7663 -31.4244 -27.5458 -33.7417 4.0689 -37.6909 20.8315 -41.5234 21.2019 -47.6367 -25.3818 -46.6801 -28.2247 -48.7461 -23.2834 -49.0111 -21.6504 -47.9467 -15.5254 -45.6970 -20.3587 -48.7135 -26.5232 -44.8832 -29.9613 -23.7933 -32.1693 -13.8497 -32.0699 -29.4359 -29.5752 -46.7666 -25.0407 -48.7225 -18.2784 -47.2166 -17.4167 -47.7420 -19.1516 -47.9084 -18.3885 -47.8489 -18.4220 -46.1199 -1.8134 -47.0106 -9.8064 -45.7369 -22.9429 -39.3595 -30.6593 -11.2539 -48.6902 -31.2764 22.7110 -43.0396 -25.9077 7.5473 -37.8316 -19.3113 -41.6239 -32.4619 26.3433 -48.6188 -29.2870 24.5920 -43.6500 -26.1332 6.8734 -38.5031
7.1823 -26.2298 -43.8824 25.3269 -29.4165 -48.6978 23.9167 -32.5847 -40.3316 -19.8152 -37.9621 7.9166 -26.0063 -43.2555 23.2184 -31.1312 -48.7197 -10.7960 -30.6745 -39.1112 -23.5571 -45.4141 18.4869 -44.6906 28.9094 -43.2516 35.3026 -40.9434 24.1507 -32.9935 -38.1617 -24.4571 -48.0246 -23.1717 -47.9874 -31.1944 -2.2931 -38.4769 31.8159 -45.3875 -23.3549 -37.8525 -33.6288 -13.9854 -20.1386 -44.5533 31.8402 -41.8992 33.4258 -39.6410 34.7332 -47.9612 -24.0010 -47.5284 -14.9350 -46.3424 -17.3968 -47.8644 -19.6981 -48.0281 -17.5006 -46.4294 -3.6405 -43.7833 34.7522 -41.6009 32.9162 -40.5859 32.3424 -40.7652 32.7436 -40.6750 33.6045 -41.8371 35.5075 -43.5797 24.7354 -44.8531 8.1091 -46.1494 -24.2536 -38.8688 -30.6595 -10.8128 -48.7201 -31.1298 23.2184 -43.2555 -26.0063 7.9166 -37.9621 -19.8152 -40.3316 -32.5847 23.9167 -48.6978 -29.4165 25.3269 -43.8824 -26.2298 7.1823
-24.6691 -44.1107 26.0578 -29.5464 -48.7592 21.1165 -32.6917 -38.8830 -20.3009 -38.1136 8.3569 -26.1276 -43.5347 23.9536 -30.9255 -48.7510 -9.5373 -30.6362 -39.4560 -23.5571 -47.0176 -2.7729 -44.8846 18.3217 -43.4807 35.8453 -38.5471 10.2186 -31.3305 -47.9928 -17.6100 -41.8606 33.8387 -45.0399 -17.5030 -48.3152 -32.9966 13.5617 -41.5657 -9.6324 -47.0022 -34.6011 22.6036 -43.6941 -32.7680 17.7967 -36.3710 10.7087 -34.5622 -0.8643 -27.8780 -36.1343 -5.5286 -24.4872 -44.8996 35.8706 -40.4831 32.1231 -40.6064 32.2241 -40.2908 28.1133 -38.6909 20.0591 -37.3637 12.0932 -35.8049 6.6805 -34.9605 5.6459 -34.8471 6.1351 -35.5236 13.2752 -39.0656 30.0744 -43.5917 10.1816 -45.3257 -10.4607 -47.8549 -24.2497 -39.3624 -30.6256 -9.5205 -48.7510 -30.9254 23.9536 -43.5347 -26.1276 8.3569 -38.1136 -20.3009 -38.8830 -32.6917 21.1165 -48.7592 -29.5464 26.0578 -44.1107 -24.6691
-44.3901 26.7793 -29.6768 -48.8017 17.9783 -32.7796 -37.3166 -20.7475 -38.2845 8.8673 -26.2610 -43.8484 24.8807 -30.7060 -48.7593 -7.4349 -30.6337 -39.6888 -22.5782 -45.4156 -2.7519 -45.7483 -12.2141 -47.6013 -16.6632 -47.1518 27.9494 -28.3962 -49.3441 -6.6944 -38.3957 20.6080 -39.7929 34.4339 -45.0543 -22.1599 -35.3607 -36.9620 31.3584 -46.3616 -26.8499 1.8230 -39.6312 10.0385 -46.4693 -28.3520 -44.6501 -26.6939 -49.1291 -22.7130 -48.3753 26.9292 -33.9882 -48.8131 16.2296 -39.6415 13.7182 -35.6439 4.9540 -34.5019 2.1426 -33.8928 -8.6118 -32.2039 -33.3853 -29.6281 -45.5463 -27.2484 -48.1103 -26.1069 -48.5096 -26.6646 -45.9901 -30.9691 6.5740 -37.1799 -19.4799 -47.9989 -15.0288 -46.5283 -10.4193 -46.1515 -22.9231 -39.7155 -30.6325 -7.4260 -48.7593 -30.7060 24.8807 -43.8484 -26.2610 8.8673 -38.2845 -20.7475 -37.3166 -32.7796 17.9783 -48.8017 -29.6768 26.7793 -44.3901
27.3583 -29.6105 -48.8236 14.5785 -32.8536 -35.6388 -21.1591 -38.4730 9.4355 -26.3987 -44.1675 25.9150 -30.5143 -48.7441 -4.7276 -30.7105 -39.6498 -23.6549 -45.4698 18.5803 -44.8868 -11.8694 -48.7653 -26.6113 -43.1221 -31.0247 -6.6184 -39.7180 29.8398 -36.3605 6.3646 -35.1349 10.6400 -39.7537 35.6553 -47.3922 -28.5828 5.2321 -39.9321 15.4153 -48.9467 -31.8059 13.3315 -40.0009 13.5680 -44.6737 1.2032 -43.5010 31.3590 -41.5494 30.3441 -36.2427 -32.6001 -20.4327 -42.5636 17.6871 -33.8229 -42.1337 -27.1742 -48.7837 -24.6329 -49.1518 -22.7319 -48.6168 -18.6658 -47.0310 -10.5395 -45.0990 4.8058 -44.0300 13.1877 -44.0235 -6.3074 -46.8468 -15.8585 -38.1384 4.1285 -30.0301 -48.6342 -14.8049 -45.3361 8.6811 -45.6900 -23.8369 -39.6130 -30.7121 -4.7275 -48.7441 -30.5143 25.9150 -44.1675 -26.3987 9.4355 -38.4730 -21.1591 -35.6388 -32.8536 14.5785 -48.8236 -29.6105 27.3583
-29.1237 -48.8211 11.0326 -32.9183 -33.8271 -21.5400 -38.6750 10.0553 -26.5321 -44.4719 26.9567 -30.3749 -48.7253 -1.9912 -30.9115 -39.3339 -23.2945 -47.6840 -6.5876 -44.6962 19.6029 -47.3921 -25.7153 -42.3610 -31.1253 -33.6498 -33.5170 -0.5771 -32.7289 -34.9527 -28.9354 -43.5975 -33.5701 13.2610 -40.4498 2.0923 -48.7136 -32.6926 16.9326 -41.7733 -13.0261 -48.1775 -31.6065 7.8931 -36.3272 19.1632 -36.4467 16.1344 -35.5028 7.9343 -32.7779 -38.7134 -23.5231 -44.9190 27.4170 -35.3198 -42.2136 -22.2084 -45.8560 13.0158 -43.2740 31.9424 -42.6751 35.5700 -41.6220 32.4973 -40.2141 26.4849 -38.8923 22.0838 -38.1980 21.6585 -38.5115 27.7300 -39.8288 14.5021 -35.6614 -28.8391 -29.5374 -47.8549 11.4793 -44.8023 -9.2559 -47.8897 -24.1759 -39.3258 -30.9117 -1.9912 -48.7253 -30.3749 26.9567 -44.4719 -26.5321 10.0553 -38.6750 -21.5400 -33.8271 -32.9183 11.0326 -48.8211 -29.1237
-48.7029 7.4197 -32.9719 -31.8508 -21.8982 -38.8855 10.7004 -26.6583 -44.7498 27.9350 -30.2995 -48.7190 0.0412 -31.2547 -38.1480 -21.5121 -43.8888 -15.4308 -46.6747 28.7036 -43.4958 -15.2320 -46.9469 -29.8410 -40.9240 -29.3590 -46.3477 -26.5434 -48.9378 -18.7343 -46.8092 -22.5789 -43.5450 -34.6445 20.1052 -42.3160 -17.7564 -44.2385 -34.6590 21.8551 -42.0288 -10.0176 -48.9874 -26.7183 -42.1421 -29.4705 -39.9923 -28.4337 -47.1323 -25.1827 -49.0043 -15.6903 -43.4702 28.8251 -36.2557 -30.5615 -23.4743 -45.0395 34.3198 -39.0155 19.1929 -37.4136 14.8320 -37.0313 11.7207 -37.0079 7.4063 -35.5406 -2.4991 -33.5798 -14.5683 -32.9408 -9.2676 -34.1417 0.9467 -34.8581 -16.8105 -35.1218 -5.2668 -19.3699 -43.7337 24.9038 -47.0057 -19.3096 -47.8874 -23.4127 -38.1581 -31.2526 0.0412 -48.7190 -30.2995 27.9350 -44.7498 -26.6583 10.7004 -38.8855 -21.8982 -31.8508 -32.9719 7.4197 -48.7029
-4.5627 -32.9290 -29.6998 -22.2403 -39.1012 11.3554 -26.7801 -45.0045 28.8226 -30.2920 -48.7282 0.8970 -31.7154 -36.5274 -21.4372 -40.6775 -17.4471 -48.7568 -12.7769 -43.2404 35.8802 -47.0948 -26.2885 -44.6573 -27.6585 -48.5184 -20.3454 -46.8775 21.5343 -41.4674 35.3439 -46.0021 -23.7573 -34.2564 -36.3476 27.3012 -44.4035 -22.0103 -39.9976 -34.4729 18.5219 -40.2041 34.0158 -44.3569 -7.2375 -45.5550 -9.1903 -44.6607 11.6080 -42.6921 35.1593 -39.5006 18.8202 -34.5345 -33.6329 -24.3235 -45.5128 32.7862 -38.2434 4.9475 -33.5842 -27.5176 -32.0657 -28.9799 -34.5573 -8.4867 -34.7061 -37.8588 -28.3323 -48.7352 -23.5539 -48.7621 -24.5193 -48.2319 -30.0848 -38.2207 -34.6112 10.3807 -35.9118 -38.1499 30.7436 -43.6205 -15.5282 -48.0199 -28.2104 -46.5748 -22.4915 -36.5394 -31.7133 0.8970 -48.7282 -30.2920 28.8226 -45.0045 -26.7801 11.3554 -39.1012 -22.2403 -29.6998 -32.9290 -4.5627
-34.2990 -27.3843 -22.5681 -39.3192 12.0120 -26.8994 -45.2455 29.6318 -30.3431 -48.7459 0.4976 -32.2329 -33.8668 -21.7326 -41.0974 25.1329 11.3634 -31.7541 -48.7363 34.8666 -41.1483 -9.5305 -47.6538 -26.5667 -48.7378 -17.6238 -45.8702 35.8205 -39.4066 19.2687 -39.8371 35.8654 -46.8259 -26.3701 -16.5051 -37.6709 31.1322 -44.7945 -21.1984 -45.9343 -31.9436 6.2914 -36.4072 19.0264 -37.6338 22.8833 -37.5670 19.9900 -36.1536 12.9850 -34.5960 -2.9579 -30.5072 -47.6460 -20.6166 -44.5295 31.8748 -38.1889 1.1578 -32.7599 -46.7243 -27.1802 -48.0863 -32.0303 -2.7350 -37.2059 13.1882 -31.9428 -48.7231 -11.5168 -44.0953 15.2143 -45.4172 -23.3754 -44.4260 -32.7589 1.9571 -39.1745 -13.2937 8.1476 -38.9536 35.1005 -48.5963 -31.1912 11.6371 -31.1743 -40.8524 -21.7293 -33.8677 -32.2328 0.4976 -48.7459 -30.3431 29.6318 -45.2455 -26.8994 12.0120 -39.3192 -22.5681 -27.3843 -34.2990
-27.8872 -22.8738 -39.5388 12.6625 -27.0177 -45.4764 30.3880 -30.4300 -48.7592 -0.8752 -32.7325 -30.4898 -22.1586 -40.6768 18.2192 -24.5702 -41.1460 -4.4923 -19.9387 -40.8819 15.8691 -20.2577 -28.6794 -48.0780 -19.1145 -45.6497 35.4790 -39.2278 8.9898 -36.0760 12.3294 -40.0329 31.5251 -47.8204 -29.3314 -0.1778 -38.6575 30.2683 -43.1035 -12.7430 -48.8953 -26.2204 -43.5433 -30.0835 -29.5784 -31.0573 -30.8737 -29.9274 -42.7480 -27.1246 -49.0579 -22.3328 -47.0746 3.0733 -41.1828 25.6487 -38.4549 9.0677 -35.5276 -30.1981 -29.9526 -48.2459 -29.4080 -9.9394 -38.3867 34.0380 -43.6680 -15.9262 -21.0513 -43.8491 33.7313 -41.3623 -5.6164 -47.7797 -33.7367 3.5905 -36.8287 25.9070 -46.3100 -30.5427 12.2782 -41.4882 -19.4312 -16.2114 -39.5473 -25.2992 18.6652 -40.6707 -22.1578 -30.4909 -32.7325 -0.8752 -48.7592 -30.4300 30.3880 -45.4764 -27.0177 12.6625 -39.5388 -22.8738 -27.8872
-21.4615 -39.7600 13.3077 -27.1367 -45.7009 31.0985 -30.5339 -48.7562 -2.7077 -33.1733 -26.9116 -22.6266 -40.3431 16.6427 -26.3777 -45.3752 23.1769 -29.7293 -46.0274 23.9970 -31.1280 -48.2054 13.9931 -28.6637 -47.6730 33.4253 -39.9158 9.5774 -34.8115 -18.8604 -36.3677 17.7462 -41.0641 -6.5145 -48.3774 -34.3638 18.5212 -39.8295 25.7277 -40.4864 34.8465 -44.0527 -7.4215 -46.2998 -15.8105 -46.9045 -15.0379 -45.8050 -5.6854 -43.7748 30.6521 -41.2064 29.3999 -37.6363 14.5028 -37.9294 19.9943 -39.1018 14.3204 -36.3650 -8.9998 -32.3627 -32.4473 -36.0724 29.8865 -47.8347 -26.3443 29.6661 -42.7610 27.1531 -39.3910 29.2774 -45.9063 -23.9816 30.4024 -39.5043 14.6122 -38.5726 5.7760 -47.9526 -34.5284 28.1295 -46.1534 -29.0456 19.9124 -45.2129 -26.2887 16.6537 -40.3412 -22.6252 -26.9083 -33.1733 -2.7077 -48.7562 -30.5339 31.0985 -45.7009 -27.1367 13.3077 -39.7600 -21.4615
-40.4529 13.9493 -27.2556 -45.9225 31.7685 -30.6495 -48.7304 -4.5694 -33.5577 -23.4516 -23.0511 -40.2234 15.6279 -26.6092 -45.1854 30.9705 -34.1980 -48.8819 28.0122 -32.9878 -47.9357 -1.8201 -35.4789 -41.7361 -16.9943 -42.3631 20.0758 -36.4029 -11.9627 -35.6586 10.3380 -39.0447 29.8516 -44.3661 -23.4902 0.8009 -42.6703 34.9808 -40.3058 17.6026 -38.0359 19.7543 -38.2946 26.0010 -39.2455 27.3123 -38.7862 23.7965 -37.0839 16.9774 -35.4769 7.3069 -33.6947 -12.4012 -33.9976 14.0908 -43.8435 34.8990 -41.2608 23.5039 -38.2640 5.1680 -35.2965 9.2494 -40.7402 -13.8316 -39.6506 -35.7235 13.6777 -36.1866 5.3614 -37.6210 25.8235 -39.3909 -48.3566 17.3978 -39.2803 21.5391 -42.7133 -23.9544 -11.0444 -38.2671 17.0969 -48.9259 -33.4622 30.1087 -45.0185 -26.6618 15.6160 -40.2293 -23.0493 -23.4473 -33.5577 -4.5694 -48.7304 -30.6495 31.7685 -45.9225 -27.2556 13.9493 -40.4529
14.5345 -27.3092 -46.1377 32.4009 -30.7714 -48.6764 -6.3140 -33.9029 -20.1992 -23.4126 -40.2534 15.2721 -26.8697 -45.3635 30.4931 -35.1022 -33.9450 -18.0754 -34.2307 -36.1115 -19.5228 -40.2149 10.7090 -29.9084 -47.7980 35.1594 -39.6055 9.9164 -37.1678 17.2443 -39.8515 32.2296 -41.7300 35.8219 -43.9870 18.3370 -29.2106 -49.6114 34.2881 -38.4565 2.1002 -34.0169 -12.0158 -33.5159 -7.2696 -33.1338 -14.4637 -31.5971 -33.9233 -29.0290 -46.6380 -25.7374 -49.0898 -23.9633 -48.8881 -24.0761 -21.4807 -48.6298 -1.2441 -42.9171 32.8293 -39.3269 8.6105 -37.1583 24.0042 -44.4218 -22.7084 -42.0957 -29.9087 -42.1923 -30.3903 -25.5397 -33.9638 -0.5555 -24.7763 -44.4512 23.0398 -38.8978 35.4125 -48.7601 -32.4960 18.5699 -42.8793 -22.6114 -26.6681 -37.2118 34.3875 -45.7623 -27.3140 15.2266 -40.2625 -23.4114 -20.1994 -33.9029 -6.3140 -48.6764 -30.7714 32.4009 -46.1377 -27.3092 14.5345
-26.0922 -46.3461 32.9785 -30.8959 -48.5901 -7.9103 -34.2231 -17.1570 -23.7268 -40.3732 15.3580 -27.1172 -45.7083 30.9131 -33.3363 -43.1040 -20.2656 -36.1898 -0.8015 -27.9468 -45.3701 31.6486 -36.8120 -34.9583 -22.0038 -44.1811 27.7758 -39.0955 22.7467 -41.4751 13.0458 -46.6660 -11.9161 -43.2438 32.2424 -39.2485 -5.1190 -23.5504 -43.7731 18.3902 -33.9603 -45.7955 -27.4034 -48.2876 -27.5173 -48.7649 -22.2386 -47.8745 -15.8927 -45.4726 1.7461 -43.4175 27.4037 -43.7006 15.5762 -45.0049 14.9739 -29.1733 -48.5772 -15.7510 -46.4745 35.6015 -38.8446 7.1158 -38.1514 30.7913 -44.4354 -13.8753 -47.7422 -17.4719 -48.1117 -22.4872 -48.9712 -23.4831 -47.0820 34.5811 -38.7053 17.6033 -42.0181 -20.6176 -25.1136 -37.9950 32.1587 -48.9727 -32.6346 14.4737 -41.3974 25.9049 -46.9268 -28.2626 15.3261 -40.3779 -23.7266 -17.1570 -34.2231 -7.9103 -48.5901 -30.8959 32.9785 -46.3461 -26.0922
-46.4271 33.4788 -31.0214 -48.4675 -9.3388 -34.5252 -14.3052 -24.0059 -40.5441 15.6985 -27.3342 -46.0747 31.9297 -32.8732 -46.4794 -19.8683 -40.2437 18.6375 -34.8134 -46.9322 -14.4304 -41.7886 16.8609 -33.3110 -48.5111 -5.7928 -41.5958 27.1334 -41.6991 -9.5727 -48.9223 -28.2714 -40.7990 -15.8063 -41.7244 15.6565 -32.1286 -48.8725 34.3100 -37.9503 -21.6402 -27.1909 -48.7696 -27.7099 -46.1168 -19.9238 -44.8362 35.4296 -40.6716 27.0048 -38.2798 20.3273 -38.6215 22.2045 -39.6600 22.2082 -35.5892 -40.6701 -27.2786 -47.1227 -25.7166 -46.1168 26.1764 -36.9317 1.9662 -37.7255 24.5704 -41.1866 35.0748 -42.3373 35.4737 -43.7104 21.4634 -44.0805 34.0597 -39.1326 9.6328 -38.1941 35.6534 -48.3413 -31.7488 17.8467 -43.4264 -23.4301 -11.4443 -39.0670 35.3458 -45.7329 -18.2719 -48.5316 -28.7289 15.7027 -40.5445 -24.0060 -14.3052 -34.5252 -9.3388 -48.4675 -31.0214 33.4788 -46.4271
31.4231 -30.8561 -48.3050 -10.6175 -34.8139 -11.6655 -24.2596 -40.7383 16.1838 -27.5212 -46.3955 32.9183 -33.0181 -40.2872 -26.9271 -47.5870 29.0050 -40.3710 9.4274 -31.0189 -48.7035 24.5374 -39.6853 5.2916 -29.1123 -47.5697 34.9976 -41.6280 9.8038 -48.8782 -31.4899 11.0511 -34.5736 -49.2060 33.6656 -36.3586 -39.9863 -17.4585 -41.9590 13.4249 -31.7628 -48.2981 -29.2668 -12.5398 -33.2510 -48.1191 32.1953 -39.9095 14.2854 -35.5737 -3.9365 -33.8109 -6.4763 -34.8238 2.4664 -34.3349 -32.3317 -29.7650 -37.4015 -34.4785 9.7633 -12.2050 -39.7816 2.9880 -32.9518 -18.4665 -35.0335 10.5760 -37.4803 15.8214 -38.4807 20.3573 -38.9667 19.7871 -37.4951 3.7866 -36.2542 17.0741 -42.4695 -21.0342 -26.5478 -37.6955 30.1413 -49.1222 -33.7297 21.9234 -43.7837 -19.9557 -45.7918 -28.4230 -48.3666 -28.1484 16.1932 -40.7383 -24.2596 -11.6655 -34.8139 -10.6175 -48.3050 -30.8561 31.4231
-30.8639 -48.0992 -11.7597 -35.0937 -9.2427 -24.4927 -40.9455 16.7344 -27.6852 -46.6729 33.6591 -32.4288 -40.9042 -33.1069 -34.8123 -25.6507 -47.1733 35.4705 -38.7101 -5.4621 -27.2104 -46.6763 33.9515 -37.4662 -28.6243 -22.3634 -44.0875 34.3022 -46.8086 -27.9882 8.0481 -41.3760 -16.5000 16.8553 -36.3718 -16.9471 -25.4132 -45.6656 28.5215 -35.9115 -41.5184 -28.0460 -28.5476 -37.3662 35.0163 -48.4300 -34.4899 5.5108 -32.6728 -42.8527 -27.2376 -48.5909 -26.3457 -47.3614 -27.8014 -47.2253 -26.3567 -46.8409 -33.8523 26.3585 -47.6597 -30.9088 1.5625 -30.5134 -48.5016 -26.4352 -45.7791 -30.9371 -27.9443 -33.5299 -12.0379 -34.2898 -5.9631 -33.4046 -26.8467 -33.1280 -1.8169 -38.7807 29.6758 -48.9550 -32.7516 19.1247 -43.2694 -24.1954 -4.5131 -39.0075 3.4995 -47.8251 -34.2967 14.3990 -17.6920 -45.8669 -27.6676 16.7344 -40.9455 -24.4927 -9.2427 -35.0937 -11.7597 -48.0992 -30.8639
-48.1824 -12.7948 -35.3627 -7.0234 -24.7079 -41.1625 17.3217 -27.8341 -46.9161 34.1907 -31.8576 -46.6678 -27.8739 11.8699 -35.2787 -40.5506 -20.7082 -44.0935 26.5761 -36.5902 -35.5626 -21.6510 -43.4628 21.5679 -33.7992 -48.5507 -4.3632 -43.2049 -18.1077 -40.8641 -36.5035 32.0058 -47.7498 -27.6455 -42.9160 -24.9570 -47.1758 35.6955 -38.6007 -8.3740 -28.2381 -48.3075 -32.1856 14.5744 -42.4657 -16.6967 -44.0331 -27.9889 -48.6615 -20.1230 -46.4874 -6.1334 -45.8920 -11.4981 -47.0696 -14.8654 -47.4971 -26.4155 -3.4656 -39.1449 2.9458 -48.7670 -24.9143 -48.3573 -14.9490 -47.0033 -23.0466 -48.3693 -29.9371 -43.1686 -31.2834 -45.5600 -27.9977 -48.4963 -26.6729 -43.9276 -35.3087 25.4988 -44.7978 -25.7284 -3.7795 -38.8145 16.9600 -48.9378 -34.0995 25.1285 -44.9741 -27.2219 9.3420 -41.3163 -30.0438 33.9916 -46.9216 -27.8323 17.3218 -41.1625 -24.7079 -7.0234 -35.3627 -12.7948 -48.1824
-14.6175 -35.6194 -5.0423 -24.9078 -41.3845 17.9380 -27.9749 -47.1337 34.5435 -31.6690 -47.4738 -16.4557 -28.2128 -41.3061 14.6924 -32.6726 -48.6763 -7.5979 -41.8147 18.4210 -33.8872 -47.9256 -6.7900 -40.1733 6.8154 -27.9800 -46.0697 7.1733 -48.1420 -31.2474 10.0752 -39.8620 34.3838 -46.9867 -11.9443 -45.0761 35.4582 -39.3856 5.4331 -30.1153 -48.7018 -23.9894 -37.9341 -36.5077 26.6995 -43.9571 -13.2676 -46.8787 -10.5967 -44.2945 33.3468 -42.0914 34.8165 -42.2002 35.9416 -42.9676 1.3464 -48.6223 -31.5904 14.1647 -40.6266 19.3360 -44.8475 15.6091 -44.5811 -18.8855 -48.4852 -30.4651 -21.1623 -34.0304 -13.9426 -31.0264 -48.6869 -20.3762 -48.3046 -29.5719 8.4153 -40.5918 -12.0325 -45.8480 -35.5120 28.7816 -45.5327 -27.2061 2.9947 -39.3673 -2.6652 -47.5401 -35.0360 33.4902 -45.0898 -32.0689 34.5426 -47.1300 -27.9729 17.9380 -41.3845 -24.9078 -5.0423 -35.6194 -14.6175
-36.8184 -3.2847 -25.0901 -41.6106 18.5709 -28.1096 -47.3343 34.7165 -31.6878 -47.2854 -14.7585 -34.8744 -26.3661 11.2312 -38.1499 -3.3339 -28.8991 -48.1964 23.8531 -40.5902 9.9260 -30.1638 -47.9127 35.2278 -36.6624 -40.9424 -17.5141 -44.4448 -22.5881 -15.4172 -38.4377 22.1152 -40.1808 30.6423 -40.7843 25.5077 -38.3174 4.6785 -30.7424 -48.7636 -14.9446 -47.4843 -27.6481 -7.4503 -38.3472 28.6677 -42.7429 15.6494 -45.9373 -6.5628 -43.6314 34.4707 -40.5447 21.7184 -39.9320 28.6600 -42.5789 -15.3307 -46.7816 -33.9476 15.5966 -40.1089 34.4271 -43.1373 -16.7801 -47.7969 -32.1316 7.4914 -38.0115 20.8791 -38.2588 5.2324 -29.6321 -48.2358 -22.0048 -39.7736 -36.7252 35.4473 -48.1021 -30.8457 13.9502 -41.5347 -17.6077 -41.4433 -36.3216 31.0727 -45.6939 -27.4442 0.3492 -38.1848 -16.1978 -47.6873 -31.4982 34.7102 -47.3294 -28.1077 18.5709 -41.6106 -25.0901 -3.2847 -36.8184
-3.3138 -25.2640 -41.8384 19.2186 -28.2416 -47.5209 34.7177 -31.7459 -46.9791 -15.0021 -35.5682 -6.7077 -25.4844 -42.4290 22.1041 -36.5065 -28.9974 -25.9253 -47.1013 35.7010 -38.4946 -16.2659 -22.9404 -43.1021 16.6557 -30.9059 -47.5212 -0.9877 -48.8658 -28.5848 22.9673 -42.4735 24.2059 -38.5236 11.0501 -35.5655 -13.5291 -29.4761 -48.7216 -9.9107 -43.4258 -0.5145 -48.5563 -30.4367 3.3012 -39.1141 34.6427 -46.4579 -25.3185 -48.3121 -19.5399 -44.4362 30.5422 -39.1908 15.6975 -39.6625 33.7685 -44.7432 -23.2511 -38.2270 -35.8970 18.8378 -41.4015 -5.8107 -48.6417 -32.1208 12.2276 -40.0154 35.6237 -44.7551 19.8835 -38.3871 -19.3041 -24.3001 -48.5483 -31.1448 16.6918 -43.0314 -23.6178 -9.3280 -38.5699 24.1229 -49.0033 -32.4384 17.2021 -42.0669 -17.0160 -44.4141 -35.6305 21.7131 -41.5052 -17.6294 -47.1026 -31.5641 34.6964 -47.5169 -28.2407 19.2186 -41.8384 -25.2640 -3.3138
-23.4761 -42.0673 19.8758 -28.3737 -47.6971 34.5394 -31.8252 -46.6197 -15.0864 -36.6340 4.3874 -30.2079 -47.5038 28.9013 -40.8948 17.0938 -35.2981 -39.7030 -21.7793 -44.3374 24.3573 -34.3804 -48.7985 18.6789 -37.8396 -25.5090 -20.0615 -42.7953 32.9391 -43.2094 -10.2410 -18.5839 -41.6303 13.1830 -34.1243 -40.9624 -26.1839 -48.1253 1.5724 -41.9652 33.2212 -42.6111 -11.3141 -48.5758 -32.0368 12.5005 -41.4440 -15.9537 11.2652 -34.0025 -42.6134 -18.6578 -42.7944 25.3991 -39.3755 25.5217 -41.2917 4.7319 -48.2640 -30.1594 1.2118 -39.1817 34.9671 -48.1796 -29.9582 8.3272 -40.0358 27.0429 -48.2910 -25.1285 -49.3007 22.6817 -31.1040 -48.7281 -23.7287 -26.1672 -37.6909 12.9714 -48.2911 -34.9135 30.9616 -46.2790 -28.0222 5.2623 -39.6661 16.9834 -48.8514 -31.6735 11.1072 -41.1137 32.6323 -46.5575 -23.5834 -46.6695 -31.6747 34.5193 -47.6951 -28.3737 19.8758 -42.0673 -23.4761
-42.5313 20.5412 -28.5039 -47.8653 34.1626 -31.9233 -46.1698 -15.6555 -39.0718 22.6531 -35.9784 -39.6670 -23.6791 -46.7429 31.0529 -40.9098 15.6055 -33.5705 -47.9410 -7.8141 -40.5583 6.9514 -26.8798 -44.5667 21.6665 -32.1159 -48.3353 35.7109 -39.6220 17.2257 -30.9743 -47.9993 33.7759 -36.7612 -34.2453 -24.7875 -46.9947 27.1640 -40.8885 22.7480 -39.4690 28.2417 -43.4556 -16.3914 -47.7770 -32.0764 8.5393 -31.9668 -47.2058 25.4029 -33.1897 -48.6779 1.1035 -41.3759 33.1144 -42.4068 1.3896 -47.3494 -25.9749 -35.9504 -36.2219 25.0108 -44.3929 -24.0599 -14.1976 -38.4583 35.6695 -47.9877 -28.4133 3.5740 -39.2899 -23.7449 -48.9674 -16.0945 -48.3413 -31.9830 21.9031 -44.9090 -27.6922 13.2614 -42.4170 -20.9185 -29.8622 -37.5171 35.2839 -47.1359 -27.7382 -5.5497 -38.7136 33.5780 -45.9095 -22.0466 -46.9626 -27.1473 -46.4419 -31.8558 34.1546 -47.8647 -28.5039 20.5412 -42.5313
21.3366 -28.5017 -48.0212 33.5565 -32.0318 -45.5830 -16.6254 -39.3666 -7.5502 -42.6789 19.5043 -33.9075 -43.9894 -24.6585 -47.8819 26.2977 -40.4182 9.2493 -29.8025 -47.6575 34.3143 -35.9745 -46.1048 -2.1420 -38.0843 -19.3283 -20.2036 -41.6960 15.6035 -33.7354 -47.7114 -6.9851 -40.0119 6.1045 -28.9251 -47.6949 29.2123 -40.6213 17.5366 -36.9457 7.3064 -38.4942 28.6276 -43.5513 -14.5277 -49.0111 -26.8622 -47.0120 -2.7707 -39.3057 -0.6413 -27.1207 -46.7332 17.3570 -44.8144 -17.1059 -48.7657 -28.4681 -32.6080 -34.7061 13.3033 -40.4661 -1.7399 -48.0532 -34.6562 24.9563 -44.9297 -24.8270 -22.3720 -36.5878 24.7378 -45.2109 16.7272 -43.7051 -20.6362 -24.7434 -37.7583 -0.7342 -44.7606 -34.8071 -11.7917 -48.5026 -33.8707 24.3189 -44.4096 -23.1538 -32.8154 -36.6012 23.0432 -42.8405 -15.7340 -43.8088 -35.5249 30.3143 -24.4475 -45.6029 -32.0259 33.5566 -48.0212 -28.5017 21.3366
-27.6528 -48.1645 32.7043 -32.1385 -44.9033 -17.4570 -34.3518 -33.7525 -33.2519 -15.1059 -39.8742 7.1825 -34.1536 -32.6827 -26.9635 -48.0063 35.6088 -38.1298 -24.2082 -20.7705 -42.2342 11.7817 -27.9155 -44.7412 22.2796 -31.9483 -48.1309 34.2992 -36.4460 -36.7028 -21.5699 -43.0862 20.9934 -34.1036 -48.2413 -9.0013 -41.5050 18.9466 -36.1837 -21.6097 -33.1552 -1.3038 -37.8373 25.4326 -42.0038 20.3426 -45.6115 3.3198 -40.8955 16.3013 -34.5601 -45.7832 -22.1785 -47.5369 -22.8964 -45.2336 -32.3137 3.9751 -36.8530 15.8685 -39.6561 34.5891 -45.8706 -27.0024 5.1844 -40.4090 -10.8818 -43.3799 -36.0101 13.3689 -38.7201 26.5705 -40.7994 33.7086 -47.8088 -30.5944 16.7203 -43.2602 -22.1040 -40.1794 -48.4259 -30.4251 10.3948 -41.0034 -13.9819 -46.1419 -34.5303 17.9319 -41.3680 22.6973 -48.0756 -29.9727 20.3088 -46.5839 -33.6395 -17.5512 -44.9096 -32.1387 32.7043 -48.1645 -27.6528
-48.0486 31.5317 -32.2404 -44.1514 -17.9920 -36.9395 -2.7786 25.4132 -32.9714 -48.3365 30.8719 -37.7424 10.5068 -36.3454 -24.6801 -24.3833 -44.8604 23.0198 -33.0855 -49.0032 35.3097 -35.9510 -46.0400 0.2017 -37.5279 -26.5079 -18.6540 -40.9547 8.6466 -29.1359 -47.0572 35.3862 -37.9732 -17.5635 -25.3786 -45.0655 31.8545 -37.9632 -11.8457 -29.8674 -48.0641 -29.9088 -15.1596 -36.1404 16.7704 -39.3705 26.2335 -39.3387 16.7556 -37.4135 -4.7513 -32.1804 -46.6002 -27.0409 -40.6488 -34.4842 16.5712 -39.4874 31.8828 -41.8326 35.8529 -43.2229 -10.1976 -48.0002 -34.4611 27.0484 -46.8155 -24.7295 32.6914 -40.8694 21.2670 -39.6315 31.1282 -43.4718 -19.6535 -43.6362 -35.6793 25.4957 -43.0417 22.8768 -33.6956 -6.8680 -38.0069 32.8895 -48.8448 -31.6095 12.8951 -40.9046 28.5426 -46.8737 -23.0007 -39.4884 -36.4667 -12.5267 2.9315 -36.9879 -17.9851 -44.1534 -32.2458 31.5380 -48.0451
19.2502 -31.9306 -43.2944 -18.5226 -37.1872 4.3403 -25.8384 -40.9113 -7.1692 -17.5412 -39.2135 14.2552 -40.6838 15.4466 -35.1065 -46.6476 -5.4271 -39.2982 -6.0167 -22.2990 -42.1435 10.5132 -26.8708 -43.9972 19.1777 -30.8937 -47.4133 32.5592 -35.6946 -45.3062 -14.2032 -41.5035 15.8847 -33.7622 -48.2683 -10.5473 -41.4473 15.6298 -33.7415 -48.1948 -20.6090 -48.2595 -26.2799 -40.9740 -32.7895 -0.2153 -35.7613 6.2046 -36.9752 13.6128 -38.1373 4.2313 -33.4808 -33.7310 -34.6691 18.1833 -41.1135 6.5389 -46.4476 -16.1009 -47.7861 -16.8985 -46.4676 -23.9260 -26.8180 -36.9933 27.3508 -40.0086 -38.8782 -10.5500 -41.4040 32.0560 -43.3070 -15.5354 -48.7080 -31.3458 -5.2171 -37.2860 15.9328 -37.2523 -6.3593 -35.8534 24.0316 -44.9265 -26.1784 -0.5340 -39.4136 32.5067 -48.0203 -25.0926 -47.0655 -29.3287 9.3052 -41.6604 -25.8094 4.4804 -37.1982 -18.5654 -43.2191 -31.8975 19.0618
