-38.3643 1.8428 -23.9811 -43.2629 23.7347 -28.2287 -48.3894 8.6759 -33.1185 -38.2978 -20.0569 -39.4045 10.8591 -25.3189 -45.3711 30.0878 -29.9363 -48.7802 -10.6649 -35.5544 -15.2869 -22.5117 -41.4207 17.7194 -26.8141 -47.2784 29.0517 -31.6785 -46.5372 -16.9728 -37.7500 3.2510 -24.1344 -43.5280 24.6008 -28.4345 -48.4671 4.9108 -33.3044 -36.3057 -20.4099 -39.6475 11.7488 -25.4958 -45.6243 30.6305 -30.1526 -48.7295 -11.7762 -35.8681 -12.0353 -22.7634 -41.7176 18.6177 -33.4383 30.4740 -45.6419 -25.4966 11.7488 -39.6475 -20.4099 -36.3057 -33.3044 4.9108 -48.4671 -28.4345 24.6008 -43.5280 -24.1344 3.2510 -37.7500 -16.9728 -46.5372 -31.6785 29.0517 -47.2784 -26.8141 17.7194 -41.4207 -22.5117 -15.2869 -35.5544 -10.6649 -48.7802 -29.9363 30.0878 -45.3711 -25.3189 10.8591 -39.4045 -20.0569 -38.2978 -33.1185 8.6759 -48.3894 -28.2287 23.7347 -43.2629 -23.9811 1.8428 -38.3643
1.8428 -25.7913 -42.9315 23.0105 -28.9528 -48.5819 24.8519 -32.1994 -37.9070 -20.9999 -38.5856 10.4178 -26.7196 -45.1863 30.1971 -30.2037 -48.7471 -5.4587 -34.1602 -14.9074 -24.1865 -40.8375 17.0161 -27.8622 -47.2898 34.6937 -31.3909 -46.3749 -16.5538 -36.7102 3.0729 -25.8324 -43.1642 23.8208 -29.0956 -48.6871 21.4466 -32.2856 -35.8813 -21.4799 -38.8589 11.2738 -26.8540 -45.4639 31.0537 -30.3586 -48.6885 -7.6603 -34.5219 -11.7113 -24.4764 -41.1588 17.8685 -29.7368 -47.5570 -30.5876 31.1110 -45.4623 -26.8540 11.2738 -38.8589 -21.4799 -35.8813 -32.2856 21.4466 -48.6871 -29.0956 23.8208 -43.1642 -25.8324 3.0729 -36.7102 -16.5538 -46.3749 -31.3909 34.6937 -47.2898 -27.8622 17.0161 -40.8375 -24.1865 -14.9074 -34.1602 -5.4587 -48.7471 -30.2037 30.1971 -45.1863 -26.7196 10.4178 -38.5856 -20.9999 -37.9070 -32.1994 24.8519 -48.5819 -28.9528 23.0105 -42.9315 -25.7913 1.8428
-23.9811 -42.9315 22.7422 -29.0282 -48.4982 27.0462 -32.5759 -39.3425 -20.6067 -38.3706 9.7198 -26.6429 -44.9641 29.5022 -30.3107 -48.7605 -3.3519 -33.8677 -17.5439 -23.9441 -40.6115 16.3761 -27.8339 -47.1038 34.6869 -31.6156 -46.8532 -15.8831 -36.5029 1.9749 -25.7209 -42.9342 23.1201 -29.1306 -48.6065 24.3093 -32.6860 -37.5099 -21.1098 -38.6416 10.5956 -26.7826 -45.2443 30.3830 -30.4778 -48.7388 -5.9100 -34.2363 -14.2209 -24.2494 -40.9143 17.1505 -29.1419 -48.2655 -18.0711 -48.7614 -30.3703 30.3841 -45.2447 -26.7826 10.5956 -38.6416 -21.1098 -37.5099 -32.6860 24.3093 -48.6065 -29.1306 23.1201 -42.9342 -25.7209 1.9749 -36.5029 -15.8831 -46.8532 -31.6156 34.6869 -47.1038 -27.8339 16.3761 -40.6115 -23.9441 -17.5439 -33.8677 -3.3519 -48.7605 -30.3107 29.5022 -44.9641 -26.6429 9.7198 -38.3706 -20.6067 -39.3425 -32.5759 27.0462 -48.4982 -29.0282 22.7422 -42.9315 -23.9811
-43.2629 23.0105 -29.0282 -48.4586 28.2789 -32.5155 -40.4744 -20.2098 -38.1658 9.0164 -26.5341 -44.7409 28.7918 -30.1743 -48.7472 -0.9146 -33.5707 -20.2040 -23.6845 -40.3830 15.7287 -27.7130 -46.9121 34.5187 -31.4894 -47.2700 -15.1466 -36.2874 0.7817 -25.6186 -42.7008 22.4157 -29.0020 -48.5089 26.7106 -32.5969 -39.0036 -20.7073 -38.4260 9.9034 -26.6721 -45.0230 29.6883 -30.3417 -48.7597 -3.9170 -33.9476 -16.8520 -24.0076 -40.6701 16.5613 -28.8053 -48.6014 -24.3806 -46.2799 -10.5800 -48.7592 -30.3078 29.6897 -45.0230 -26.6721 9.9034 -38.4260 -20.7073 -39.0036 -32.5969 26.7106 -48.5089 -29.0020 22.4157 -42.7008 -25.6186 0.7817 -36.2874 -15.1466 -47.2700 -31.4894 34.5187 -46.9121 -27.7130 15.7287 -40.3830 -23.6845 -20.2040 -33.5707 -0.9146 -48.7472 -30.1743 28.7918 -44.7409 -26.5341 9.0164 -38.1658 -20.2098 -40.4744 -32.5155 28.2789 -48.4586 -29.0282 23.0105 -43.2629
23.7347 -28.9528 -48.4982 28.2789 -32.4936 -41.0978 -19.8998 -37.9900 8.3566 -26.4317 -44.5199 28.0770 -30.0349 -48.7623 1.9386 -33.2715 -22.8194 -23.4117 -40.1521 15.0727 -27.5943 -46.7165 34.2385 -31.3548 -47.6282 -14.3335 -36.0620 -0.5203 -25.5025 -42.4640 21.7091 -28.8755 -48.3984 28.7353 -32.4939 -40.3619 -20.2798 -38.2122 9.1948 -26.5630 -44.8006 28.9822 -30.2005 -48.7524 -1.6725 -33.5836 -19.2957 -23.7631 -40.4482 15.9559 -27.9446 -47.4957 -24.6271 -3.8178 -37.0398 -31.7405 -0.4929 -48.7529 -30.2040 28.9834 -44.8011 -26.5630 9.1948 -38.2122 -20.2798 -40.3619 -32.4939 28.7353 -48.3984 -28.8755 21.7091 -42.4640 -25.5025 -0.5203 -36.0620 -14.3335 -47.6282 -31.3548 34.2385 -46.7165 -27.5943 15.0727 -40.1521 -23.4117 -22.8194 -33.2715 1.9386 -48.7623 -30.0349 28.0770 -44.5199 -26.4317 8.3566 -37.9900 -19.8998 -41.0978 -32.4936 28.2789 -48.4982 -28.9528 23.7347
-28.2287 -48.5819 27.0462 -32.5155 -41.0978 -19.7806 -37.8842 7.8497 -26.3476 -44.3199 27.3999 -29.9022 -48.8067 5.1597 -33.1037 -25.3160 -23.1287 -39.9219 14.4152 -27.4787 -46.5197 33.8699 -31.2169 -47.9276 -13.4403 -35.8299 -1.9345 -25.3691 -42.2271 21.0095 -28.7519 -48.2778 30.3934 -32.3865 -41.5736 -19.8306 -37.9992 8.4625 -26.4561 -44.5777 28.2713 -30.0575 -48.7553 0.9299 -33.2075 -23.4794 -24.2316 -39.4894 15.5669 -27.4940 -46.0374 1.3915 -48.6787 -32.3518 29.5441 -21.0133 -33.6431 0.8672 -48.7588 -30.0621 28.2738 -44.5782 -26.4561 8.4625 -37.9992 -19.8306 -41.5736 -32.3865 30.3934 -48.2778 -28.7519 21.0095 -42.2271 -25.3691 -1.9345 -35.8299 -13.4403 -47.9276 -31.2169 33.8699 -46.5197 -27.4787 14.4152 -39.9219 -23.1287 -25.3160 -33.1037 5.1597 -48.8067 -29.9022 27.3999 -44.3199 -26.3476 7.8497 -37.8842 -19.7806 -41.0978 -32.5155 27.0462 -48.5819 -28.2287
-48.3894 24.8519 -32.5759 -40.4744 -19.8998 -37.8842 7.6530 -26.2988 -44.1751 26.8458 -29.7859 -48.8243 8.5438 -33.0765 -27.6539 -22.8365 -39.6885 13.7432 -27.3673 -46.3228 33.4333 -31.0703 -48.1768 -12.4355 -35.5930 -3.4703 -25.2195 -41.9869 20.3074 -28.6306 -48.1474 31.7234 -32.2774 -42.6493 -19.3579 -37.7833 7.6882 -26.3527 -44.3582 27.5696 -29.9085 -48.7947 4.1260 -33.0107 -23.3364 -29.7983 -19.6626 -39.7859 -25.1610 -45.9928 34.6448 -39.1520 -7.5770 -49.1889 -18.9398 -33.5216 -4.8906 -33.8461 4.0994 -48.7935 -29.9101 27.5722 -44.3582 -26.3527 7.6882 -37.7833 -19.3579 -42.6493 -32.2774 31.7234 -48.1474 -28.6306 20.3074 -41.9869 -25.2195 -3.4703 -35.5930 -12.4355 -48.1768 -31.0703 33.4333 -46.3228 -27.3673 13.7432 -39.6885 -22.8365 -27.6539 -33.0765 8.5438 -48.8243 -29.7859 26.8458 -44.1751 -26.2988 7.6530 -37.8842 -19.8998 -40.4744 -32.5759 24.8519 -48.3894
8.6759 -32.1994 -39.3425 -20.2098 -37.9900 7.8497 -26.2988 -44.1212 26.5261 -29.7033 -48.8213 11.6226 -33.0602 -29.6850 -22.5453 -39.4525 13.0437 -27.2622 -46.1299 32.9539 -30.9109 -48.3812 -11.2724 -35.3538 -5.1311 -25.0561 -41.7436 19.6024 -28.5106 -48.0075 32.7704 -32.1669 -43.5870 -18.8666 -37.5612 6.8503 -26.2540 -44.1453 26.8908 -29.7505 -48.8301 8.0373 -32.9521 -25.7111 -31.2777 -4.5975 -40.3080 33.1382 -40.7040 22.5920 -34.2559 12.7955 -39.6714 33.7021 -42.9660 12.2765 -35.0585 -7.8886 -33.5349 7.6861 -48.8219 -29.7494 26.8922 -44.1453 -26.2540 6.8503 -37.5612 -18.8666 -43.5870 -32.1669 32.7704 -48.0075 -28.5106 19.6024 -41.7436 -25.0561 -5.1311 -35.3538 -11.2724 -48.3812 -30.9109 32.9539 -46.1299 -27.2622 13.0437 -39.4525 -22.5453 -29.6850 -33.0602 11.6226 -48.8213 -29.7033 26.5261 -44.1212 -26.2988 7.8497 -37.9900 -20.2098 -39.3425 -32.1994 8.6759
-33.1185 -37.9070 -20.6067 -38.1658 8.3566 -26.3476 -44.1751 26.5261 -29.6738 -48.8145 13.8042 -33.0503 -31.2588 -22.2794 -39.2296 12.3555 -27.1642 -45.9451 32.4584 -30.7361 -48.5412 -9.9066 -35.1173 -6.8940 -24.8818 -41.4977 18.8953 -28.3901 -47.8585 33.5669 -32.0609 -44.3958 -18.3598 -37.3319 5.9318 -26.1608 -43.9430 26.2496 -29.5801 -48.8289 12.3243 -33.0752 -31.3020 -26.0991 -48.6928 -30.5153 1.5132 -34.1482 -1.6519 -29.4950 -48.1481 -29.6134 1.4679 -35.8449 12.2204 -34.5434 -32.1605 -31.3468 -23.4624 -32.9907 11.9569 -48.8268 -29.5744 26.2539 -43.9446 -26.1620 5.9336 -37.3319 -18.3598 -44.3973 -32.0609 33.5669 -47.8585 -28.3901 18.8953 -41.4977 -24.8818 -6.8940 -35.1173 -9.9066 -48.5412 -30.7361 32.4584 -45.9451 -27.1642 12.3555 -39.2296 -22.2794 -31.2588 -33.0503 13.8042 -48.8145 -29.6738 26.5261 -44.1751 -26.3476 8.3566 -38.1658 -20.6067 -37.9070 -33.1185
-38.2978 -20.9999 -38.3706 9.0164 -26.4317 -44.3199 26.8458 -29.7033 -48.8145 14.5975 -33.0510 -32.2774 -22.0704 -39.0419 11.7321 -27.0779 -45.7726 31.9713 -30.5429 -48.6586 -8.2451 -34.8906 -8.7080 -24.7008 -41.2462 18.1771 -28.2655 -47.6976 34.1509 -31.9729 -45.0811 -17.8465 -37.0850 4.8675 -26.0779 -43.7556 25.7414 -29.2305 -48.8243 16.4714 -33.2379 -31.1139 -22.6958 -44.8243 -12.6486 -48.8158 -24.3394 -49.2027 -21.3874 -45.5222 2.4056 -46.1436 -24.0341 -45.8213 -28.8312 -45.4861 -26.4071 -48.7628 -26.1944 -33.0676 -33.0763 16.6973 -48.8004 -29.3703 25.7050 -43.7705 -26.0795 4.8732 -37.0872 -17.8455 -45.0824 -31.9729 34.1509 -47.6976 -28.2655 18.1771 -41.2462 -24.7008 -8.7080 -34.8906 -8.2451 -48.6586 -30.5429 31.9713 -45.7726 -27.0779 11.7321 -39.0419 -22.0704 -32.2774 -33.0510 14.5975 -48.8145 -29.7033 26.8458 -44.3199 -26.4317 9.0164 -38.3706 -20.9999 -38.2978
-20.0569 -38.5856 9.7198 -26.5341 -44.5199 27.3999 -29.7859 -48.8213 13.8042 -33.0510 -32.6264 -21.9591 -38.9142 11.2390 -27.0111 -45.6303 31.5299 -30.3486 -48.7300 -6.2003 -34.6827 -10.4685 -24.5214 -40.9930 17.4587 -28.1298 -47.5181 34.5471 -31.9301 -45.6160 -17.3671 -36.8121 3.5716 -26.0122 -43.5631 24.8449 -28.1257 -47.8692 22.6722 -32.8880 -31.9695 -22.0149 -40.3016 32.0872 -42.5890 32.8939 -43.8666 32.9555 -40.6796 24.8586 -36.2787 29.0071 -42.1981 -3.9316 -46.8371 -14.5986 -47.1752 -5.5397 -44.8609 -22.5048 -32.8395 -33.4290 21.3659 -48.7050 -29.1631 25.1822 -43.6107 -26.0129 3.5937 -36.8148 -17.3661 -45.6159 -31.9301 34.5471 -47.5181 -28.1298 17.4587 -40.9930 -24.5214 -10.4685 -34.6827 -6.2003 -48.7300 -30.3486 31.5299 -45.6303 -27.0111 11.2390 -38.9142 -21.9591 -32.6264 -33.0510 13.8042 -48.8213 -29.7859 27.3999 -44.5199 -26.5341 9.7198 -38.5856 -20.0569
-39.4045 10.4178 -26.6429 -44.7409 28.0770 -29.9022 -48.8243 11.6226 -33.0503 -32.2774 -21.9591 -38.8687 10.9581 -26.9677 -45.5275 31.1813 -30.1709 -48.7587 -3.8467 -34.4997 -12.0810 -24.3511 -40.7416 16.7490 -27.9808 -47.3132 34.7497 -31.9685 -45.9672 -16.9968 -36.4931 1.9466 -25.9804 -43.4657 24.2774 -35.0872 -23.9459 -5.5941 -30.6307 -43.5803 -20.5104 -38.5594 15.2389 -36.9969 15.5853 -37.7808 16.5299 -35.6537 4.3569 -31.8617 -31.8426 -32.7470 13.4002 -38.1433 30.0954 -41.5292 34.2355 -41.5169 30.7486 -40.3290 -21.8923 -31.5819 -33.7158 24.2752 -48.3387 -32.0503 24.2819 -43.5252 -25.9789 1.9681 -36.4941 -16.9956 -45.9685 -31.9685 34.7497 -47.3132 -27.9808 16.7490 -40.7416 -24.3511 -12.0810 -34.4997 -3.8467 -48.7587 -30.1709 31.1813 -45.5275 -26.9677 10.9581 -38.8687 -21.9591 -32.2774 -33.0503 11.6226 -48.8243 -29.9022 28.0770 -44.7409 -26.6429 10.4178 -39.4045
10.8591 -26.7196 -44.9641 28.7918 -30.0349 -48.8067 8.5438 -33.0602 -31.2588 -22.0704 -38.9142 10.9581 -26.9521 -45.4695 30.9534 -30.0359 -48.7570 -1.3745 -34.3531 -13.4728 -24.1976 -40.4947 16.0534 -27.8258 -47.0818 34.7255 -32.0963 -46.1258 -16.8185 -36.1198 -0.1301 -25.9972 -43.6349 24.2194 -36.8885 24.6515 -47.4841 -20.6890 -48.2783 -6.9193 -37.8048 8.6407 -31.5982 -37.0887 -30.9896 -32.7270 -29.4337 -46.6043 -24.2759 -47.9033 -19.4327 -48.6896 -29.7334 -4.8861 -37.0183 14.8023 -37.6105 11.7848 -36.4241 14.4911 -38.2212 -22.2088 -31.3602 -30.5501 -23.6616 1.5292 -36.0541 23.9176 -43.6522 -25.9917 -0.0873 -36.1272 -16.8160 -46.1284 -32.0959 34.7255 -47.0818 -27.8258 16.0534 -40.4947 -24.1976 -13.4728 -34.3531 -1.3745 -48.7570 -30.0359 30.9534 -45.4695 -26.9521 10.9581 -38.9142 -22.0704 -31.2588 -33.0602 8.5438 -48.8067 -30.0349 28.7918 -44.9641 -26.7196 10.8591
-25.3189 -45.1863 29.5022 -30.1743 -48.7623 5.1597 -33.0765 -29.6850 -22.2794 -39.0419 11.2390 -26.9677 -45.4695 30.8696 -29.9664 -48.7446 0.7587 -34.2471 -14.5212 -24.0717 -40.2647 15.3865 -27.6763 -46.8392 34.4735 -32.2948 -46.1055 -16.8455 -35.8440 -2.3380 -26.0658 -44.0549 25.6069 -33.0846 -6.3051 -38.1948 29.3950 -41.3894 30.3668 -35.8912 0.2537 -27.4578 -48.3156 -18.6450 -47.9362 -16.9335 -46.0880 3.5701 -42.0330 35.1784 -41.1859 -6.7228 -48.7643 -32.9813 9.1457 -38.6360 -16.1169 -30.9851 -41.4852 -30.9696 7.2676 -37.2004 -0.9266 -46.5284 33.4943 -40.6738 8.5751 -34.4298 25.2237 -43.9885 -26.0023 -2.2166 -35.7985 -16.8646 -46.1090 -32.2935 34.4737 -46.8392 -27.6763 15.3865 -40.2647 -24.0717 -14.5212 -34.2471 0.7587 -48.7446 -29.9664 30.8696 -45.4695 -26.9677 11.2390 -39.0419 -22.2794 -29.6850 -33.0765 5.1597 -48.7623 -30.1743 29.5022 -45.1863 -25.3189
-45.3711 30.1971 -30.3107 -48.7472 1.9386 -33.1037 -27.6539 -22.5453 -39.2296 11.7321 -27.0111 -45.5275 30.9534 -29.9664 -48.7385 1.9532 -34.1820 -15.1924 -23.9805 -40.0677 14.7807 -27.5441 -46.6055 34.0541 -32.5097 -45.9605 -17.0315 -35.7314 5.1434 -26.3045 -44.4875 28.2487 -28.9843 -48.5189 -29.5345 -14.5374 -34.5187 4.4186 -32.1143 -40.4814 -23.5889 -44.2704 35.4089 -41.6884 33.8789 -40.4150 26.2907 -37.1764 15.2218 -37.9166 26.7377 -43.9108 -24.6083 -4.4353 -39.9199 31.9855 25.4568 -46.6857 -14.0088 -47.4003 -26.5235 -10.9102 -33.4258 18.1194 -37.4278 7.6396 -32.7342 -45.6726 -29.9042 26.3267 -43.8660 -28.8139 -2.4791 -35.5794 -17.0598 -45.9538 -32.5102 34.0539 -46.6055 -27.5441 14.7807 -40.0677 -23.9805 -15.1924 -34.1820 1.9532 -48.7385 -29.9664 30.9534 -45.5275 -27.0111 11.7321 -39.2296 -22.5453 -27.6539 -33.1037 1.9386 -48.7472 -30.3107 30.1971 -45.3711
30.0878 -30.2037 -48.7605 -0.9146 -33.2715 -25.3160 -22.8365 -39.4525 12.3555 -27.0779 -45.6303 31.1813 -30.0359 -48.7446 1.9532 -34.1614 -15.5434 -23.9274 -39.9229 14.2936 -27.4386 -46.4038 33.5710 -32.6641 -45.8151 -17.2999 -35.6317 9.6339 -35.6709 -32.2079 11.9478 -28.1161 -48.0538 -11.6858 -47.9906 -23.2896 -49.0806 -23.5538 -48.3040 -9.8752 -40.2165 22.6061 -36.7165 11.2226 -35.4053 3.3995 -32.9791 -25.1623 -32.7364 1.7344 -38.7672 25.2595 -49.0472 -34.2018 29.5467 -48.4207 -32.4869 23.2826 -39.3528 33.1055 -42.5458 -19.2375 -49.2356 -26.7753 -44.7282 -26.6707 -49.1406 -17.4908 -48.4901 -28.6702 14.9890 -44.1145 -33.8436 3.6475 -35.5877 -17.3028 -45.8003 -32.6658 33.5711 -46.4038 -27.4386 14.2936 -39.9229 -23.9274 -15.5434 -34.1614 1.9532 -48.7446 -30.0359 31.1813 -45.6303 -27.0779 12.3555 -39.4525 -22.8365 -25.3160 -33.2715 -0.9146 -48.7605 -30.2037 30.0878
-29.9363 -48.7471 -3.3519 -33.5707 -22.8194 -23.1287 -39.6885 13.0437 -27.1642 -45.7726 31.5299 -30.1709 -48.7570 0.7587 -34.1820 -15.5434 -23.9108 -39.8469 13.9743 -27.3646 -46.2476 33.1230 -32.7072 -45.8403 -17.4635 -35.3464 6.7726 -38.3525 32.7880 -49.8091 -21.2671 -46.3784 34.8028 -40.7742 35.6956 -43.5097 30.2199 -42.1962 32.0394 -36.5129 8.1976 -31.8347 -39.6251 -28.6588 -47.5745 -25.0019 -48.8152 -22.6314 -48.6054 -32.1501 15.9742 -42.8003 -22.3541 -10.1106 -38.5696 -2.9897 -47.5870 -30.7608 -6.0178 -34.0366 14.9602 -38.2168 34.3555 -43.4603 4.4362 -44.2409 31.7373 -40.8116 35.5241 -44.0441 21.4386 -37.8882 5.2246 -36.6242 4.6207 -35.4366 -17.4568 -45.8305 -32.7098 33.1228 -46.2473 -27.3646 13.9743 -39.8469 -23.9108 -15.5434 -34.1820 0.7587 -48.7570 -30.1709 31.5299 -45.7726 -27.1642 13.0437 -39.6885 -23.1287 -22.8194 -33.5707 -3.3519 -48.7471 -29.9363
-48.7802 -5.4587 -33.8677 -20.2040 -23.4117 -39.9219 13.7432 -27.2622 -45.9451 31.9713 -30.3486 -48.7587 -1.3745 -34.2471 -15.1924 -23.9274 -39.8469 13.8608 -27.3265 -46.1467 32.7862 -32.6259 -46.1661 -17.2261 -35.1374 -4.6235 -32.7563 -1.3736 -37.4178 27.6989 -39.0623 22.1566 -36.3447 11.9001 -37.2500 15.9461 -36.3128 9.9960 -32.6875 -35.1614 -26.1957 -47.9644 -21.0416 -47.2518 -13.3412 -44.1487 27.6110 -43.6186 -17.8279 -44.4692 -35.6603 32.3410 -47.3200 -29.0641 10.7755 -39.3039 2.3288 -47.3202 -21.7162 -49.1894 -28.2147 -15.1163 -33.9587 15.1208 -36.9283 19.5786 -37.7913 13.2892 -36.9542 16.2248 -37.8728 6.2971 -36.0466 -11.0265 -33.5193 -2.1129 -35.1863 -17.2410 -46.1457 -32.6361 32.7855 -46.1464 -27.3265 13.8608 -39.8469 -23.9274 -15.1924 -34.2471 -1.3745 -48.7587 -30.3486 31.9713 -45.9451 -27.2622 13.7432 -39.9219 -23.4117 -20.2040 -33.8677 -5.4587 -48.7802
-10.6649 -34.1602 -17.5439 -23.6845 -40.1521 14.4152 -27.3673 -46.1299 32.4584 -30.5429 -48.7300 -3.8467 -34.3531 -14.5212 -23.9805 -39.9229 13.9743 -27.3265 -46.1129 32.6030 -32.4996 -46.6595 -16.4705 -35.3209 -5.8958 -28.6769 -48.7678 -27.7184 -38.1341 -31.2182 -20.2119 -30.9290 -39.9090 -30.4886 -37.1892 -29.8005 -43.7373 -26.0213 -48.9224 -15.3392 -42.9415 2.6768 -48.7253 -22.3202 -46.7492 21.1017 -40.8979 32.8183 -44.4224 -24.3078 -11.3589 -38.2397 28.2200 -48.9575 -29.9680 8.2546 -37.0361 29.1135 -40.8305 32.2611 -44.5111 -19.8609 -49.1233 -28.0650 -34.4642 -31.5074 -25.9596 -31.6237 -32.8148 -31.7538 -26.8197 -31.8034 -36.3503 -29.5422 -47.5264 -29.7114 -5.4720 -35.3412 -16.5340 -46.6183 -32.5183 32.6021 -46.1130 -27.3265 13.9743 -39.9229 -23.9805 -14.5212 -34.3531 -3.8467 -48.7300 -30.5429 32.4584 -46.1299 -27.3673 14.4152 -40.1521 -23.6845 -17.5439 -34.1602 -10.6649
-35.5544 -14.9074 -23.9441 -40.3830 15.0727 -27.4787 -46.3228 32.9539 -30.7361 -48.6586 -6.2003 -34.4997 -13.4728 -24.0717 -40.0677 14.2936 -27.3646 -46.1467 32.6030 -32.4430 -46.9885 -15.5657 -35.8680 -3.4019 -27.8215 -47.7110 -11.5570 -46.8450 -17.4626 -48.0285 -20.6114 -47.9180 -22.6335 -48.5880 -19.2514 -46.8142 -7.6081 -43.4054 35.2674 -38.9629 20.5585 -33.1690 -31.6375 -31.0926 -25.1938 -48.0011 34.9434 -39.6292 34.4181 -46.9166 -28.0878 5.2063 -38.7929 21.9004 -48.3655 -26.8282 -32.1257 -32.5790 5.2126 -35.1669 20.3071 -39.3567 30.9267 -44.9929 -15.4609 -48.0893 -20.4259 -48.6288 -20.7549 -48.7720 -21.9570 -48.9490 -21.5852 -48.5691 -18.2163 -48.1306 -28.6676 -1.6562 -35.8625 -15.7082 -46.9281 -32.4644 32.6021 -46.1464 -27.3646 14.2936 -40.0677 -24.0717 -13.4728 -34.4997 -6.2003 -48.6586 -30.7361 32.9539 -46.3228 -27.4787 15.0727 -40.3830 -23.9441 -14.9074 -35.5544
-15.2869 -24.1865 -40.6115 15.7287 -27.5943 -46.5197 33.4333 -30.9109 -48.5412 -8.2451 -34.6827 -12.0810 -24.1976 -40.2647 14.7807 -27.4386 -46.2476 32.7862 -32.4996 -46.9895 -15.1696 -36.5183 0.8564 -27.6958 -47.2405 13.0218 -43.8356 35.7520 -42.7807 33.5815 -43.9548 -15.6339 -48.7575 -25.4450 -43.4941 34.9708 -38.9209 19.0532 -37.8782 17.8893 -37.8808 20.8179 2.7629 -34.0972 -44.5844 -24.7829 -40.9956 16.5959 -38.5082 34.8281 -48.1520 -28.7862 4.6908 -37.7364 34.9356 -44.1749 -15.5746 -48.5151 -24.3249 -47.3386 -30.4278 1.1143 -36.4488 20.7542 -39.3919 33.3147 -41.9781 35.5343 -42.7298 34.6125 -43.2400 30.5911 -44.0716 25.9363 -44.5016 -7.3562 -48.6436 -33.0260 7.3703 -36.3547 -15.3541 -46.9290 -32.5180 32.7855 -46.2473 -27.4386 14.7807 -40.2647 -24.1976 -12.0810 -34.6827 -8.2451 -48.5412 -30.9109 33.4333 -46.5197 -27.5943 15.7287 -40.6115 -24.1865 -15.2869
-22.5117 -40.8375 16.3761 -27.7130 -46.7165 33.8699 -31.0703 -48.3812 -9.9066 -34.8906 -10.4685 -24.3511 -40.4947 15.3865 -27.5441 -46.4038 33.1230 -32.6259 -46.6607 -15.5630 -36.5216 3.0960 -27.9344 -47.0564 27.9426 -42.6317 30.5060 -40.8086 25.2995 -41.2419 18.0507 -48.8850 -31.4902 18.2926 -47.3105 -32.1360 -2.9584 -35.6064 13.5069 -41.5544 1.0933 -49.4633 -32.3967 -34.6088 -30.7078 -30.7533 -46.6243 -30.9668 1.4190 -38.1278 33.8383 -47.6345 -27.0118 -19.1855 -34.5057 18.3334 -38.7755 33.9030 -42.0332 -7.7763 -48.3182 -30.8720 -1.6262 -35.0604 -2.5306 -34.7429 10.2899 -36.3983 14.6309 -37.3124 17.6128 -38.5770 23.2020 -40.6078 33.4692 -44.2720 -21.0659 14.9055 -37.2779 9.7532 -36.3457 -15.7122 -46.6207 -32.6356 33.1227 -46.4038 -27.5441 15.3865 -40.4947 -24.3511 -10.4685 -34.8906 -9.9066 -48.3812 -31.0703 33.8699 -46.7165 -27.7130 16.3761 -40.8375 -22.5117
-41.4207 17.0161 -27.8339 -46.9121 34.2385 -31.2169 -48.1768 -11.2724 -35.1173 -8.7080 -24.5214 -40.7416 16.0534 -27.6763 -46.6055 33.5710 -32.7072 -46.1661 -16.4672 -35.8722 0.8881 -27.9597 -47.0536 29.4512 -42.2357 28.0431 -40.0108 15.8860 -38.9309 28.3954 -44.8153 -24.2063 -4.9407 -39.4231 -15.1465 -48.7616 -28.2429 -27.5405 -37.3709 29.4622 -45.4050 -18.6369 -48.2621 -26.7907 -38.9186 -35.0265 -8.5452 -48.3600 -28.1764 -3.6358 -37.0677 34.1395 -44.6861 -20.6508 -48.3533 -30.0508 -5.6800 -35.7437 10.6198 -34.9799 0.1477 3.4985 -37.8120 -13.5708 -29.6629 -47.9820 -27.4680 -44.1046 -29.6218 -35.6215 -31.7268 -12.5788 -34.5895 8.3364 -37.4064 16.1752 -28.1188 -48.6086 26.7354 -35.3214 5.4920 -35.8224 -16.5332 -46.1496 -32.7093 33.5710 -46.6055 -27.6763 16.0534 -40.7416 -24.5214 -8.7080 -35.1173 -11.2724 -48.1768 -31.2169 34.2385 -46.9121 -27.8339 17.0161 -41.4207
17.7194 -27.8622 -47.1038 34.5187 -31.3548 -47.9276 -12.4355 -35.3538 -6.8940 -24.7008 -40.9930 16.7490 -27.8258 -46.8392 34.0541 -32.6641 -45.8403 -17.2245 -35.3230 -3.3562 -27.7505 -46.9295 23.2653 -42.6455 35.3680 -41.3134 20.6433 -38.1871 13.4611 -40.1278 24.5335 -48.9449 -32.2867 16.6949 -41.5070 0.7957 -47.8231 -29.0327 2.1958 -39.5823 34.0397 -44.5119 -7.1819 -47.4173 -26.9827 3.3978 -39.0507 33.6490 -46.6283 -25.9034 -27.4917 -34.4739 22.3408 -40.0680 -4.4365 -47.7364 -31.9045 -9.5608 -33.0895 -42.3834 -25.7812 -44.2441 19.9238 -32.6855 -48.7651 -14.3934 -45.0674 -9.5376 -46.3719 -17.0712 -48.2658 -23.4975 -48.2014 -28.6562 -37.5696 -29.4877 -48.4393 -23.2846 -46.7898 -40.5614 -30.2805 -3.4505 -35.3078 -17.2400 -45.8403 -32.6641 34.0541 -46.8392 -27.8258 16.7490 -40.9930 -24.7008 -6.8940 -35.3538 -12.4355 -47.9276 -31.3548 34.5187 -47.1038 -27.8622 17.7194
-26.8141 -47.2898 34.6869 -31.4894 -47.6282 -13.4403 -35.5930 -5.1311 -24.8818 -41.2462 17.4587 -27.9808 -47.0818 34.4735 -32.5097 -45.8151 -17.4635 -35.1376 -5.8698 -27.8608 -47.0581 14.2899 -43.4820 -1.7715 -45.5234 31.5327 -41.0620 19.3403 -38.4741 24.2341 -43.3839 -20.3504 -39.9895 -36.1672 23.7959 -41.5556 -9.0741 -48.7363 -32.4288 7.4384 -39.0751 26.9842 -41.0900 27.6856 -48.0103 -29.0367 4.2725 -37.4225 32.3159 -44.0756 -20.4004 -48.0635 -30.3155 -0.3870 -30.1922 -48.1271 31.0843 -37.8997 -22.3037 -25.8380 -47.0988 35.1257 -37.3941 -32.6564 -20.7468 -43.4148 33.9816 -40.3604 32.7728 -41.3711 35.7993 -43.0968 2.4683 -46.3934 -17.5239 -47.8336 -23.9617 -27.9979 -35.8398 -13.2275 -47.5480 -27.9442 -5.9957 -35.1176 -17.4448 -45.8203 -32.5096 34.4735 -47.0818 -27.9808 17.4587 -41.2462 -24.8818 -5.1311 -35.5930 -13.4403 -47.6282 -31.4894 34.6869 -47.2898 -26.8141
-47.2784 34.6937 -31.6156 -47.2700 -14.3335 -35.8299 -3.4703 -25.0561 -41.4977 18.1771 -28.1298 -47.3132 34.7255 -32.2948 -45.9605 -17.2982 -35.3466 -4.6285 -28.6841 -47.6254 4.3993 -43.6867 -13.5009 -48.4733 -24.7005 -48.4503 13.3695 -40.8550 20.9663 -40.3471 29.4320 -48.4424 -30.8616 6.5136 -39.6533 36.0103 -46.0710 -25.0625 -36.9999 -35.6198 12.9115 -39.1710 24.7913 -40.6234 24.9081 -47.6950 -27.2662 -23.6091 -34.8705 21.3732 -40.1743 12.2562 -46.6373 -20.5249 -48.9584 -10.3187 -41.9519 13.8721 -31.1675 -48.7545 18.9193 -39.8766 6.3155 -28.7605 -47.0583 35.9513 -40.6545 27.0833 -40.4247 29.0314 -40.6869 29.6922 -40.5936 34.6537 -42.3110 5.1695 -48.4353 -31.9441 18.3303 -42.7084 8.6174 -47.5540 -28.1945 -5.7371 -35.4004 -17.2089 -45.9636 -32.2947 34.7255 -47.3132 -28.1298 18.1771 -41.4977 -25.0561 -3.4703 -35.8299 -14.3335 -47.2700 -31.6156 34.6937 -47.2784
29.0517 -31.3909 -46.8532 -15.1466 -36.0620 -1.9345 -25.2195 -41.7436 18.8953 -28.2655 -47.5181 34.7497 -32.0963 -46.1055 -17.0283 -35.6359 6.8484 -32.7575 -48.7679 -11.9970 -43.9144 18.9529 -49.2808 -32.6225 -8.9472 -29.3162 -48.5237 31.1011 -40.8609 33.2012 -45.0531 -24.4962 -20.5428 -37.8250 32.6423 -45.4094 -22.2725 -43.9707 -34.2000 14.4573 -39.6758 32.5519 -41.9314 35.9718 -42.1870 15.2822 -45.5231 -22.2163 -46.7936 -31.2450 7.0062 -36.1011 25.6307 -40.2526 33.2418 -40.1091 17.1433 -33.6007 -46.5166 -14.6051 -42.0672 17.6130 -33.2187 -48.5749 -8.1395 -42.4654 35.4095 -43.5460 26.1770 -44.1313 33.6661 -42.2228 31.6768 -40.9976 31.8542 -43.0778 -20.1212 -32.7336 -37.6412 29.6729 -43.6272 -5.0683 -48.3424 -31.5415 10.6636 -35.8926 -16.9008 -46.1041 -32.0963 34.7497 -47.5181 -28.2655 18.8953 -41.7436 -25.2195 -1.9345 -36.0620 -15.1466 -46.8532 -31.3909 29.0517
-31.6785 -46.3749 -15.8831 -36.2874 -0.5203 -25.3691 -41.9869 19.6024 -28.3901 -47.6976 34.5471 -31.9685 -46.1258 -16.8440 -35.7358 9.7851 -38.3874 -1.2005 -27.7057 -46.8076 35.1250 -41.6434 31.4305 25.3945 -38.6341 -1.8612 -26.3819 -45.9102 36.1195 -42.7871 -14.9182 -46.7258 -34.8500 24.3195 -44.1115 -21.5046 -42.8833 -33.8508 15.5072 -40.5478 18.0669 -47.0175 -16.3756 -47.2682 -15.7752 -47.2113 31.5801 -42.2457 -7.0021 -48.2251 -25.7292 -41.4326 -31.4452 -2.7674 -33.7888 -1.8474 -31.2900 -47.0257 -19.0527 -43.8613 25.8221 -36.2075 -38.3878 -22.8337 -45.6738 -11.2785 -47.7519 -21.7011 -49.0410 -22.9403 -48.5117 -12.3412 -44.4785 35.9960 -42.0087 32.0218 -47.6435 -29.5458 6.7230 -40.2905 35.5425 -44.9848 -22.6963 -22.5078 -40.1232 12.1919 -35.9306 -16.7915 -46.1245 -31.9685 34.5471 -47.6976 -28.3901 19.6024 -41.9869 -25.3691 -0.5203 -36.2874 -15.8831 -46.3749 -31.6785
-46.5372 -16.5538 -36.5029 0.7817 -25.5025 -42.2271 20.3074 -28.5106 -47.8585 34.1509 -31.9301 -45.9672 -16.8185 -35.8443 5.3199 -35.7681 32.9466 -37.4201 -38.1869 -17.1734 -42.5286 22.8160 -36.4548 -49.8955 33.9272 -36.2280 -43.1888 -16.9668 -44.2635 -9.5059 -48.5424 -30.6260 10.7165 -41.2495 -14.2445 -45.0459 -34.2800 13.6368 -40.1297 8.6989 -49.0298 -28.3591 -39.4129 -29.4826 -43.2178 -27.8104 -43.0828 27.1457 -38.9568 34.7165 -43.1339 -9.8177 -47.4573 -21.2809 -49.0995 -22.1007 -48.1437 -8.6615 -42.8636 27.7460 -37.8739 -9.4018 -29.5702 -48.6724 -23.5258 -48.1417 -29.6818 -24.9749 -32.9651 -16.4430 -30.6747 -47.6087 -20.1038 -45.7864 27.4607 -44.4556 -17.6153 -46.8646 -34.6646 17.7962 -41.8135 0.1929 -48.7653 -32.4767 34.8109 -28.1214 -0.9941 -35.7981 -16.8227 -45.9672 -31.9301 34.1509 -47.8585 -28.5106 20.3074 -42.2271 -25.5025 0.7817 -36.5029 -16.5538 -46.5372
-16.9728 -36.7102 1.9749 -25.6186 -42.4640 21.0095 -28.6306 -48.0075 33.5669 -31.9729 -45.6160 -16.9968 -36.1198 -2.3378 -26.3068 -32.1782 -49.8252 27.7335 -31.1855 -47.9687 35.4950 -38.3574 -3.4258 -23.6218 -42.8773 13.2791 -29.6627 -48.2136 -20.1251 -48.7659 -29.0855 -18.6327 -37.5951 35.4831 -48.7524 -31.8670 22.1044 -40.2221 35.8140 -48.0048 -30.3025 13.0481 -36.8881 6.4521 -35.9066 17.7174 -43.5544 -32.0308 -2.4429 -34.9026 15.8875 -37.7105 29.3308 -40.8212 34.9468 -41.6493 33.2664 -39.6830 20.8845 -38.6311 9.6498 -34.7363 -39.9378 -30.1231 -35.1996 -33.7108 9.6202 -37.9516 20.2760 -38.4659 11.6952 -33.2094 -45.8000 -21.0124 -46.8459 -15.4481 -48.5408 -29.0009 -11.3735 -38.1911 33.8120 -46.3987 -27.9776 15.3656 -48.5099 -37.8172 -26.2707 -2.4616 -36.1178 -16.9968 -45.6159 -31.9729 33.5669 -48.0075 -28.6306 21.0095 -42.4640 -25.6186 1.9749 -36.7102 -16.9728
-37.7500 3.0729 -25.7209 -42.7008 21.7091 -28.7519 -48.1474 32.7704 -32.0609 -45.0811 -17.3671 -36.4931 -0.1299 -26.0652 -44.4947 11.8891 -21.3141 -39.0821 -19.9696 -19.2568 -41.6773 13.0277 -31.4478 -48.2673 35.0579 -36.1079 -42.3513 -26.6791 -44.6159 -32.2053 -3.7853 -36.1975 14.7706 -42.1318 -19.5600 -16.1958 -44.9830 31.3935 -43.4583 -19.5554 -5.8440 -43.4764 35.3333 -39.7159 14.7798 -39.6072 -13.6764 -48.5627 -23.7590 -48.4046 -28.9029 -26.1003 -32.7948 3.0231 -34.6048 7.7584 -35.4938 7.3792 -37.9054 26.8227 -39.1825 13.2253 -35.5091 -0.2990 -36.6500 19.2710 -40.3096 35.2153 -44.4751 29.8788 -40.6732 14.1018 -32.7267 -47.7082 -23.9834 -48.6012 -28.9115 -34.5972 -35.1251 14.6500 -41.6496 -16.8110 -34.9553 -37.1954 -19.6539 21.8032 -44.7968 -26.0802 -0.1298 -36.4936 -17.3661 -45.0824 -32.0609 32.7704 -48.1474 -28.7519 21.7091 -42.7008 -25.7209 3.0729 -37.7500
3.2510 -25.8324 -42.9342 22.4157 -28.8755 -48.2778 31.7234 -32.1669 -44.3958 -17.8465 -36.8118 1.9508 -25.9870 -44.0192 27.9776 -28.2430 -46.3514 22.4126 -30.9018 -47.5828 34.0689 -36.3740 -42.1816 -14.9114 -40.3863 5.9498 -30.7534 -42.4003 -34.3937 18.9220 -38.6793 20.9093 -38.3758 22.6054 -42.4301 27.1007 -28.3205 -48.7039 31.6161 -43.2238 0.7025 -27.2506 -49.3620 35.2142 -38.8705 16.0231 -40.0466 34.9188 -42.2135 16.5686 -45.4335 -17.5228 -48.6383 -23.6593 -48.8949 -26.9510 -44.2056 -31.8930 16.8438 -47.6049 12.3824 -40.4793 17.9423 -38.8985 27.8597 -41.9254 -1.1506 -48.4928 -24.1745 -49.2477 9.5904 -39.5447 2.5283 -31.2341 -44.1455 -31.9756 -6.7048 -36.0533 9.0699 -38.5686 34.5543 -47.5335 -30.5840 21.2226 -46.7072 -28.0778 28.2510 -43.9750 -25.9788 1.9757 -36.8152 -17.8446 -44.3973 -32.1669 31.7234 -48.2778 -28.8755 22.4157 -42.9342 -25.8324 3.2510
-24.1344 -43.1642 23.1201 -29.0020 -48.3984 30.3934 -32.2774 -43.5870 -18.3598 -37.0846 3.5774 -25.9619 -43.4703 24.8660 -30.0874 -48.3947 33.1943 -36.5344 -38.5065 -16.9747 -41.2539 9.6388 -28.2310 -45.5616 26.4915 -34.6125 -43.4840 -32.1649 15.9023 -44.3173 8.1309 -44.6893 23.1090 -37.8388 14.4294 -36.2372 -32.9510 -17.8567 -42.4286 27.2094 -38.6323 -11.2696 -23.0492 -43.7132 20.3809 -36.8477 6.8145 -35.9603 13.5277 -36.8616 23.5542 -39.6894 34.5295 -42.2657 23.6725 -44.6919 -12.1322 -47.8357 -12.0572 -30.2578 -49.2232 27.0879 -40.8630 34.5975 -44.6664 -14.5555 -48.7664 -30.4572 1.0911 -29.1238 -48.1045 27.5480 -36.0140 -26.5570 -34.0447 6.7422 -38.5786 21.1053 -39.9380 22.2358 -41.7610 -17.7514 -35.4357 -36.8499 27.6314 -48.6926 -31.0113 24.6175 -43.3764 -25.9493 3.6205 -37.0881 -18.3590 -43.5870 -32.2774 30.3934 -48.3984 -29.0020 23.1201 -43.1642 -24.1344
-43.5280 23.8208 -29.1306 -48.5089 28.7353 -32.3865 -42.6493 -18.8666 -37.3319 4.8711 -25.9947 -43.2544 25.1440 -34.6698 -45.2139 -18.2788 -41.7002 14.4126 -30.5927 -47.5893 33.2686 -35.5131 -47.3358 2.9743 -38.0011 -14.1179 -29.1767 -36.8512 -33.2125 -23.5102 -47.9256 -24.7091 -38.3852 5.3917 -32.7791 -35.8736 -24.4958 -45.3800 29.1389 -38.1993 4.5936 -31.3321 -48.9186 25.0773 -38.9592 -0.9726 -31.8725 -42.8958 -29.7512 -34.5750 -32.2335 -0.7873 -35.1109 13.0600 -37.4486 23.2702 -39.9092 31.4854 -39.7986 -0.0072 -23.7895 -44.4009 36.1599 -45.7147 -23.1660 -47.8780 -31.0776 7.7342 -40.5398 -13.7804 14.5892 -36.2786 -12.7101 -35.0588 9.0245 -39.6571 32.8172 -43.6653 34.2119 -41.2907 35.8448 -47.8300 -31.2478 17.6972 -42.7291 -22.1309 -37.7853 -35.7233 26.6123 -43.1521 -25.9839 4.8929 -37.3323 -18.8666 -42.6493 -32.3865 28.7353 -48.5089 -29.1306 23.8208 -43.5280
24.6008 -29.0956 -48.6065 26.7106 -32.4939 -41.5736 -19.3579 -37.5612 5.9336 -26.0664 -43.3796 25.8058 -38.8594 9.8705 -32.1242 -49.0639 31.1918 -37.5782 -32.9231 -17.2927 -40.7669 5.3344 -25.4110 -43.3688 17.3037 -31.1734 -48.6844 -21.7758 -49.7563 21.7296 -35.1497 15.0606 -49.7298 -25.0965 -49.0469 -19.0938 -45.5466 34.4358 -38.9198 4.7211 -34.4423 -39.3256 -27.3251 -45.0817 23.1634 -33.8947 -47.9723 -20.8233 -47.2876 -18.7328 -48.3216 -25.4472 -46.6770 -30.9822 -24.0607 -33.7860 2.0649 -34.9889 -0.7244 -29.0920 -47.9854 34.2405 -43.5216 -20.1979 -15.7878 -34.0044 -1.5312 -37.9367 33.4807 -47.3296 -29.4074 -32.8956 -34.4789 6.4831 -39.4383 35.2458 -45.9487 -18.8260 -49.2061 35.4461 -42.0429 -18.5564 -25.5453 -37.9344 10.7786 -48.4468 -33.8700 15.7850 -39.8705 34.8605 -43.1716 -26.0587 5.9352 -37.5612 -19.3579 -41.5736 -32.4939 26.7106 -48.6065 -29.0956 24.6008
-28.4345 -48.6871 24.3093 -32.5969 -40.3619 -19.8306 -37.7833 6.8503 -26.1572 -43.6751 25.3484 -36.2110 34.7172 -40.0594 3.5046 -25.7979 -44.2346 18.3264 -30.2908 -46.8870 28.9299 -33.5003 -49.1232 34.9183 -35.9517 -43.6942 -18.2089 -44.5637 32.8862 -38.0952 3.8949 -37.8692 29.5607 -44.7204 27.7636 -42.7546 33.2951 -40.1330 15.2770 -36.8091 -1.3717 -35.6944 7.3094 -0.1383 -37.4715 -20.4788 -23.0054 -45.0658 34.6213 -42.3595 9.5216 -46.8527 -25.1115 -46.8385 -30.5338 -47.3581 -27.2390 -48.0214 -24.5007 -48.0774 27.4303 -41.1848 35.4164 -49.1115 -36.5950 19.4479 -38.2477 18.8345 -41.3933 -7.3831 -48.6606 -31.6248 -0.4833 -38.6853 32.5369 -45.5512 -23.6769 -37.5275 -28.5357 -41.0813 33.9932 -47.1598 -30.9677 21.6122 -45.0910 -27.8471 9.6679 -40.9368 19.7722 -46.2001 34.5380 -43.5126 -26.1542 6.8503 -37.7833 -19.8306 -40.3619 -32.5969 24.3093 -48.6871 -28.4345
-48.4671 21.4466 -32.6860 -39.0036 -20.2798 -37.9992 7.6882 -26.2540 -43.9443 25.5610 -28.4102 -29.1135 -49.8018 34.3398 -35.5743 -47.7833 18.0434 -36.4137 -41.9060 -9.0474 -38.0623 -20.6224 -19.2851 -40.3906 5.9074 -27.7982 -46.6666 35.1551 -40.3824 10.8868 -35.4768 4.0154 -38.5601 23.2742 -39.9222 28.4572 -41.5836 33.2747 -39.9482 18.7983 -38.5605 28.1804 -46.7914 -26.8691 -23.8311 -26.8961 -46.4864 35.5168 -41.1223 34.8396 -44.4610 -22.6670 -41.2151 -33.4902 0.2974 -28.4816 -47.7570 -10.0328 -44.6829 35.7112 -39.9961 17.5455 -38.8180 24.5523 -19.3908 -43.6017 28.5480 -40.8067 36.0564 -46.2769 -26.4037 -20.7268 -37.4829 27.1315 -43.6803 -19.4463 -40.2831 -36.1004 29.5966 7.6890 -38.7077 -11.4557 -38.3867 -36.6910 -0.9675 -44.2241 -36.5549 32.4882 -49.4237 -27.4688 -30.3803 24.9301 -43.9483 -26.2540 7.6882 -37.9992 -20.2798 -39.0036 -32.6860 21.4466 -48.4671
4.9108 -32.2856 -37.5099 -20.7073 -38.2122 8.4625 -26.3527 -44.1453 26.2511 -29.4387 -49.0591 15.0190 -24.8265 -42.9115 9.7634 -24.8796 -42.6057 11.7038 -26.4043 -43.5463 16.5017 -28.8523 -45.6707 25.2596 -34.3923 -47.6245 -15.1676 -43.4177 26.1243 -37.3320 -18.5496 -33.5027 -3.1552 -36.9533 18.1302 -41.5971 -12.7276 -47.0496 8.1015 -41.4572 26.8169 -40.8948 9.9865 -48.7611 -24.3211 -47.6365 -4.0571 -42.3474 34.4020 -42.4534 -15.2216 -44.8355 -34.8131 22.5287 -40.2844 -43.9347 -14.4789 -42.4414 28.8186 -38.7545 9.0142 -34.5506 -9.2444 -31.3003 -48.7481 18.7934 -42.3572 35.3911 -44.6934 -19.2966 -44.0371 -35.2723 21.5017 -42.1301 -10.4322 -48.7086 -32.4401 18.3714 -45.0221 -30.3964 17.6405 -43.8677 -27.0791 14.2339 -43.2802 -26.3220 12.6434 -43.5427 -25.0581 5.7524 -49.0140 -29.6860 26.2553 -44.1458 -26.3527 8.4625 -38.2122 -20.7073 -37.5099 -32.2856 4.9108
-33.3044 -35.8813 -21.1098 -38.4260 9.1948 -26.4561 -44.3582 26.8909 -29.5800 -48.7540 17.1056 -32.1371 -49.2280 34.0458 -32.4202 -48.7586 33.6289 -32.8494 -49.0253 35.0797 -34.0282 -48.9605 24.5724 -37.9982 -6.2314 -28.7635 -48.3221 18.5472 -41.3997 13.8970 -34.1169 -43.7777 -31.2247 -8.7369 -37.4754 24.2390 -37.9555 -29.0863 -48.8224 -9.4091 -42.0490 36.0323 -44.6235 -21.0471 -48.7123 -24.9732 -48.3909 -14.1258 -43.8941 14.4399 -48.3921 -31.2384 17.6805 -44.3035 -21.5947 28.4398 -40.5070 20.1021 -36.7542 -3.6116 -31.0353 -47.1306 -25.6678 -48.7187 -13.3495 -44.8288 -8.0012 -46.8330 -17.6919 -48.7352 -32.1245 13.5939 -40.9342 1.9964 -48.6067 -30.0718 -1.9613 -38.0526 21.8497 -48.1322 -34.5490 34.8797 -49.2091 -33.3576 34.9583 -49.1441 -32.9210 34.6559 -49.2353 -31.4028 5.6627 -48.5896 -29.5768 26.8907 -44.3587 -26.4562 9.1948 -38.4260 -21.1098 -35.8813 -33.3044
-36.3057 -21.4799 -38.6416 9.9034 -26.5630 -44.5777 27.5696 -29.7519 -48.8277 16.4628 -32.9191 -39.5724 -13.4868 -36.1039 -37.2688 -12.7752 -36.7684 -33.3543 -15.2115 -37.7859 -18.9302 -20.2646 -41.1036 15.6143 -35.3449 -40.3602 -23.4458 -46.4356 35.1519 -39.0462 -3.4296 -29.9580 -48.5154 -29.1133 -23.1814 -28.7697 -42.6238 16.1627 -31.2798 -48.7005 -1.8988 -43.9579 -18.8469 -44.8642 -32.6652 -5.1454 -31.5882 -46.2489 -21.1912 -46.0487 -22.6089 -23.0182 -38.1171 27.0811 -49.0307 -32.8533 3.9211 -33.3313 -35.8436 -27.3779 -48.7114 -15.1946 -45.5813 -9.3405 -46.6004 -22.3891 -48.3758 -26.9930 -47.9561 -29.8712 -2.1685 -39.1684 31.9889 -48.2901 -29.2008 -6.8086 -37.5924 22.3630 -41.9447 -22.4439 -8.7745 -38.6773 -17.8296 -24.6600 -37.4562 -15.2296 -34.4981 -36.1862 -13.2723 -40.6400 -32.3769 16.2289 -48.8370 -29.7617 27.5619 -44.5774 -26.5632 9.9034 -38.6416 -21.4799 -36.3057
-20.4099 -38.8589 10.5956 -26.6721 -44.8006 28.2712 -29.9101 -48.8307 12.2550 -33.2296 -32.1185 -21.2459 -37.9372 1.8977 -24.0204 -40.4733 8.3617 -25.2038 -41.8675 12.7860 -27.7679 -45.2346 30.1640 -38.7902 3.1164 -32.4409 -48.0689 -14.3915 -43.4709 22.3049 -35.9402 -39.0366 -26.0233 -48.5688 -23.8864 -49.0895 31.5507 -38.9427 -2.9846 -28.0114 -47.5012 -15.5708 -48.5118 -33.4789 22.2578 -39.3946 17.9866 -34.1871 -43.7038 -21.7177 -48.4677 -30.6425 13.0488 -41.4186 -12.4312 -48.9198 -25.7176 -48.9835 -20.4923 -46.6878 19.0970 -42.6677 27.2170 -46.6475 -26.0648 -33.2178 -33.7873 0.5097 -33.4687 -25.6877 -36.4015 28.8623 -45.9865 -26.4398 -10.8383 -37.8974 24.3649 -41.4064 33.8926 -46.5789 -29.7928 18.2922 -43.8420 -27.4535 12.4639 -41.5719 -25.0825 2.9448 -38.0954 -20.7973 -34.7690 -33.1160 12.5501 -48.8896 -29.9041 28.2633 -44.7997 -26.6722 10.5956 -38.8589 -20.4099
-39.6475 11.2738 -26.7826 -45.0230 28.9822 -30.0592 -48.8030 8.1677 -33.1698 -30.5059 -22.1488 -38.6587 8.9883 -26.5102 -43.5694 19.8404 -28.8404 -46.1805 27.5953 -32.2998 -48.8385 27.2503 -40.8892 16.2008 -37.1385 -18.7594 -27.8325 -48.1582 29.9060 -40.6166 11.7991 -33.6847 -44.2456 -25.0725 -47.7813 -10.8795 -42.2735 23.0151 -36.3684 -34.3064 -25.9850 -48.4602 -26.6014 8.8982 -44.7551 -8.2593 -42.7634 21.5980 -33.1393 -48.5134 -21.4359 -46.9408 -34.0096 19.8346 -41.5143 20.6432 -45.0611 19.3000 -43.1224 34.2726 -40.7424 33.3749 -44.5005 -24.1148 -23.4418 -36.6225 23.0994 -39.7177 11.2050 -35.7804 12.1421 -41.4876 -17.6644 -39.0931 -36.5266 26.9871 -43.1847 3.6050 -45.9292 -14.2810 -47.4958 -35.1360 34.7086 -49.1276 -33.5011 30.7646 -46.8917 -30.8213 17.0240 -41.8319 -24.5799 -22.0820 -34.6283 12.1524 -48.8401 -29.9973 28.9798 -45.0221 -26.7826 11.2738 -39.6475
11.7488 -26.8540 -45.2443 29.6883 -30.2019 -48.7619 4.4817 -33.1374 -28.8187 -22.4093 -38.8054 10.1209 -27.5184 -45.2119 28.2102 -32.6257 -49.0332 29.6043 -36.4224 -38.3301 -18.1357 -42.9620 25.9734 -39.4285 7.6455 -34.0593 -45.5710 -19.6202 -44.7589 33.1932 -39.4349 10.6595 -34.1467 -37.2984 -26.5795 -47.7835 15.0948 -41.0245 17.2059 -34.9061 -37.2152 -27.8653 -48.5910 -22.4192 -33.5609 -36.5248 -19.9534 -41.5699 9.1496 -27.8930 -47.6138 -22.5327 -41.6022 -34.2263 14.6608 -38.9388 24.0920 -39.2557 19.4785 -38.5630 19.1071 -41.1439 -12.8554 -44.4009 -35.6494 30.8948 -45.2202 -10.6762 -37.7409 5.2595 -37.7507 35.3589 -48.9310 -32.5431 19.7050 -42.8810 -15.7360 -48.7646 -24.8881 -47.4153 -25.5197 3.5718 -40.4844 -20.4282 -14.5492 -38.4908 -11.0769 -42.3887 -36.6200 35.5029 -48.4605 -31.7537 8.7786 -37.6524 5.8066 -48.7296 -30.1023 29.6854 -45.2438 -26.8540 11.7488
-25.4958 -45.4639 30.3830 -30.3417 -48.7525 1.2640 -33.1673 -26.8373 -22.6655 -39.0392 11.4594 -30.2478 -47.8807 34.9825 -37.2800 -31.2510 -19.8142 -41.1538 9.9501 -28.1737 -46.2184 35.4606 -40.8399 15.3119 -37.1539 -17.8091 -28.6852 -48.5017 -8.5946 -43.7210 34.8752 -40.0533 17.2380 -35.9535 -20.6526 -27.9777 -48.2059 21.8407 -40.6177 14.7064 -35.8807 -4.2257 -24.1432 -46.3989 21.4848 -32.9006 -48.7102 33.3879 -35.8714 -45.2010 -15.8950 -45.7900 -22.0543 -46.0688 -31.4315 -6.6602 -34.6332 -2.0514 -34.5552 1.9252 -38.0955 35.0137 -48.0522 -31.1281 19.2093 -44.2515 -24.5100 -31.4949 -41.8931 -33.3210 14.4948 -42.8873 -23.9068 0.3808 -39.8091 -7.6222 -47.8585 -32.1687 -5.3018 -22.5322 -48.5351 -32.6621 28.0946 -46.9363 -30.9671 21.8204 -44.9897 -28.5016 14.2348 -43.0652 -22.6821 -19.1973 -38.2232 28.2892 -41.1991 -9.9270 -48.7160 -30.2633 30.3794 -45.4639 -25.4958
-45.6243 31.0537 -30.4778 -48.7597 -1.5014 -33.3546 -24.6153 -22.9421 -39.1689 15.6869 -34.3655 -46.5765 -16.9019 -42.5042 15.3172 -30.6596 -47.4325 32.0563 -34.8302 -48.2902 0.9068 -41.3690 20.1734 -38.4494 2.0514 -33.2767 -45.2226 -25.9436 -48.6072 -18.9283 -46.5836 20.2389 -41.6428 24.0203 -37.2413 -12.0831 -27.9405 -47.9248 33.0965 -40.3350 21.3640 -37.4674 -49.6821 28.1821 -38.2352 -8.7961 -30.1590 -37.3856 2.7035 -25.4154 -45.7084 34.4226 -44.4186 -14.3772 -48.7597 -24.7948 -48.3010 -27.4782 -45.2917 -33.3025 13.9463 -42.2063 -21.1311 -14.3833 -38.5253 -8.8987 -40.6393 -36.0724 -21.3276 -39.5333 -36.3245 32.4333 -49.1795 -34.5569 33.1752 -48.1828 -31.2065 13.7340 -36.9350 -44.5159 -18.0863 -30.5418 -37.4338 -9.2572 -40.8004 -36.3410 6.2270 -46.2810 -35.9420 33.1971 -49.2035 -33.8977 21.6395 -43.1419 -9.0783 -47.1796 -11.0918 -48.7591 -30.4555 31.0524 -45.6243
