-27.7329 -48.4312 5.8969 -33.2638 -36.8470 -20.3187 -39.5796 11.5030 -25.4509 -45.5597 30.5006 -30.0900 -48.7484 -11.4806 -35.7808 -12.9117 -22.6933 -41.6122 18.3422 -26.9529 -47.4251 28.0075 -31.8397 -46.0415 -17.3594 -37.9135 4.2089 -24.2536 -43.7240 25.2385 -28.5832 -48.5050 2.4113 -33.4425 -34.6536 -20.6602 -39.8241 12.3780 -25.6295 -45.8104 30.9585 -30.3066 -48.6627 -12.4938 -36.0875 -9.8118 -22.9277 -41.8622 19.2423 -27.8474 -48.8005 -27.8689 19.2126 -41.8633 -22.9276 -9.8119 -36.0875 -12.4938 -48.6627 -30.3066 30.9585 -45.8104 -25.6295 12.3780 -39.8241 -20.6602 -34.6536 -33.4425 2.4113 -48.5050 -28.5832 25.2385 -43.7240 -24.2536 4.2089 -37.9135 -17.3594 -46.0415 -31.8397 28.0075 -47.4251 -26.9529 18.3422 -41.6122 -22.6933 -12.9117 -35.7808 -11.4806 -48.7484 -30.0900 30.5006 -45.5597 -25.4509 11.5030 -39.5796 -20.3187 -36.8470 -33.2638 5.8969 -48.4312 -27.7329
-48.4312 20.8597 -32.3051 -36.2388 -21.3797 -38.7839 11.0326 -26.8211 -45.3938 30.8396 -30.3116 -48.7098 -7.0850 -34.4208 -12.5962 -24.4000 -41.0507 17.6205 -27.9674 -47.4532 34.5878 -31.4966 -45.8575 -17.1410 -36.8961 3.9962 -25.9204 -43.3803 24.4863 -29.2055 -48.7459 18.6395 -32.3482 -34.1999 -21.8192 -39.0563 11.8766 -26.9562 -45.6691 31.6667 -30.4654 -48.6147 -9.0242 -34.7751 -9.5726 -24.6737 -41.3233 17.9515 -30.8257 -46.1882 2.3960 -46.9662 -28.0966 18.4121 -41.3298 -24.6730 -9.5726 -34.7751 -9.0242 -48.6147 -30.4654 31.6667 -45.6691 -26.9562 11.8766 -39.0563 -21.8192 -34.1999 -32.3482 18.6395 -48.7459 -29.2055 24.4863 -43.3803 -25.9204 3.9962 -36.8961 -17.1410 -45.8575 -31.4966 34.5878 -47.4532 -27.9674 17.6205 -41.0507 -24.4000 -12.5962 -34.4208 -7.0850 -48.7098 -30.3116 30.8396 -45.3938 -26.8211 11.0326 -38.7839 -21.3797 -36.2388 -32.3051 20.8597 -48.4312
5.8969 -32.3051 -36.8738 -21.1406 -38.6069 10.4075 -26.7549 -45.1791 30.1701 -30.4283 -48.7493 -5.2471 -34.1317 -15.1549 -24.1689 -40.8243 16.9786 -27.9435 -47.2729 34.7257 -31.7358 -46.4044 -16.5165 -36.6906 2.9722 -25.8121 -43.1508 23.7804 -29.2462 -48.6815 21.8187 -32.7703 -35.9799 -21.4655 -38.8381 11.2098 -26.8886 -45.4514 31.0210 -30.5945 -48.6943 -7.4836 -34.4957 -11.9417 -24.4584 -41.0978 17.0558 -34.8449 -25.9159 -11.1556 -33.3299 34.9720 -47.5401 -28.1046 17.7694 -41.1022 -24.4578 -11.9418 -34.4956 -7.4836 -48.6943 -30.5945 31.0210 -45.4514 -26.8886 11.2098 -38.8381 -21.4655 -35.9799 -32.7703 21.8187 -48.6815 -29.2462 23.7804 -43.1508 -25.8121 2.9722 -36.6906 -16.5165 -46.4044 -31.7358 34.7257 -47.2729 -27.9435 16.9786 -40.8243 -24.1689 -15.1549 -34.1317 -5.2471 -48.7493 -30.4283 30.1701 -45.1791 -26.7549 10.4075 -38.6069 -21.1406 -36.8738 -32.3051 5.8969
-33.2638 -36.2388 -21.1406 -38.5362 10.0060 -26.6727 -44.9885 29.5211 -30.3012 -48.7604 -3.1631 -33.8326 -17.8410 -23.9193 -40.5993 16.3415 -27.8178 -47.0832 34.6767 -31.6202 -46.8770 -15.8446 -36.4790 1.8466 -25.7147 -42.9217 23.0822 -29.1117 -48.5977 24.6029 -32.6971 -37.5931 -21.0865 -38.6179 10.5205 -26.7769 -45.2318 30.3440 -30.4589 -48.7424 -5.7100 -34.2107 -14.4567 -24.2287 -40.8873 16.5921 -34.3678 11.2095 -42.1712 -12.3989 -38.6628 -32.2280 34.6809 -47.3175 -27.9794 17.1162 -40.8719 -24.2288 -14.4573 -34.2106 -5.7100 -48.7424 -30.4589 30.3440 -45.2318 -26.7769 10.5205 -38.6179 -21.0865 -37.5931 -32.6971 24.6029 -48.5977 -29.1117 23.0822 -42.9217 -25.7147 1.8466 -36.4790 -15.8446 -46.8770 -31.6202 34.6767 -47.0832 -27.8178 16.3415 -40.5993 -23.9193 -17.8410 -33.8326 -3.1631 -48.7604 -30.3012 29.5211 -44.9885 -26.6727 10.0060 -38.5362 -21.1406 -36.2388 -33.2638
-36.8470 -21.3797 -38.6069 10.0060 -26.6399 -44.8662 29.0183 -30.1929 -48.7480 -0.8598 -33.5357 -20.5520 -23.6532 -40.3765 15.7099 -27.6909 -46.8845 34.4884 -31.5047 -47.2810 -15.1233 -36.2544 0.5985 -25.6124 -42.6939 22.3951 -28.9743 -48.4954 27.0422 -32.6203 -39.0441 -20.6912 -38.3957 9.8048 -26.6672 -45.0116 29.6522 -30.3178 -48.7603 -3.6202 -33.9224 -17.0596 -23.9861 -40.6565 16.3223 -30.6235 -41.9553 -35.1787 22.0207 -41.1676 -18.0145 -46.7859 -32.2716 34.6906 -47.1469 -27.8577 16.4582 -40.6396 -23.9862 -17.0603 -33.9224 -3.6202 -48.7603 -30.3178 29.6522 -45.0116 -26.6672 9.8048 -38.3957 -20.6912 -39.0441 -32.6203 27.0422 -48.4954 -28.9743 22.3951 -42.6939 -25.6124 0.5985 -36.2544 -15.1233 -47.2810 -31.5047 34.4884 -46.8845 -27.6909 15.7099 -40.3765 -23.6532 -20.5520 -33.5357 -0.8598 -48.7480 -30.1929 29.0183 -44.8662 -26.6399 10.0060 -38.6069 -21.3797 -36.8470
-20.3187 -38.7839 10.4075 -26.6727 -44.8662 28.8261 -30.1283 -48.7375 1.3167 -33.2666 -23.0799 -23.3838 -40.1607 15.0892 -27.5646 -46.6805 34.1815 -31.3910 -47.6202 -14.3528 -36.0168 -0.7790 -25.4953 -42.4696 21.7256 -28.8364 -48.3789 29.0962 -32.5421 -40.3324 -20.2829 -38.1746 9.0679 -26.5604 -44.7932 28.9583 -30.1752 -48.7499 -1.1824 -33.6329 -19.6694 -23.7329 -40.4106 15.8731 -28.0792 -48.1471 -24.3950 -38.4027 -33.6598 16.9119 -38.1790 -27.1622 -37.3296 -33.0373 34.5473 -46.9546 -27.7347 15.8023 -40.4085 -23.7326 -19.6695 -33.6329 -1.1824 -48.7499 -30.1752 28.9583 -44.7932 -26.5604 9.0679 -38.1746 -20.2829 -40.3324 -32.5421 29.0962 -48.3789 -28.8364 21.7256 -42.4696 -25.4953 -0.7790 -36.0168 -14.3528 -47.6202 -31.3910 34.1815 -46.6805 -27.5646 15.0892 -40.1607 -23.3838 -23.0799 -33.2666 1.3167 -48.7375 -30.1283 28.8261 -44.8662 -26.6727 10.4075 -38.7839 -20.3187
-39.5796 11.0326 -26.7549 -44.9885 29.0183 -30.1283 -48.7383 2.7085 -33.0993 -25.0908 -23.1352 -39.9657 14.5055 -27.4409 -46.4711 33.7689 -31.2833 -47.9010 -13.5300 -35.7627 -2.3367 -25.3586 -42.2499 21.0762 -28.6947 -48.2470 30.8088 -32.4685 -41.4686 -19.8623 -37.9510 8.2932 -26.4564 -44.5772 28.2689 -30.0279 -48.7635 1.6840 -33.3410 -22.2315 -23.4692 -40.1777 15.1702 -27.5403 -46.3926 18.6915 -46.0869 -20.1323 -49.0807 -23.8399 -48.1711 24.1178 -34.2027 -35.7268 -32.3882 34.2988 -46.7567 -27.5862 15.1962 -40.1868 -23.4743 -22.2260 -33.3410 1.6840 -48.7635 -30.0279 28.2689 -44.5772 -26.4564 8.2932 -37.9510 -19.8623 -41.4686 -32.4685 30.8088 -48.2470 -28.6947 21.0762 -42.2499 -25.3586 -2.3367 -35.7627 -13.5300 -47.9010 -31.2833 33.7689 -46.4711 -27.4409 14.5055 -39.9657 -23.1352 -25.0908 -33.0993 2.7085 -48.7383 -30.1283 29.0183 -44.9885 -26.7549 11.0326 -39.5796
11.5030 -26.8211 -45.1791 29.5211 -30.1929 -48.7375 2.7085 -33.0564 -26.1997 -22.9526 -39.8140 14.0136 -27.3269 -46.2628 33.2766 -31.1836 -48.1272 -12.6656 -35.4879 -4.1380 -25.2021 -42.0397 20.4603 -28.5448 -48.0975 32.2090 -32.4067 -42.4528 -19.4359 -37.7216 7.4601 -26.3556 -44.3650 27.5903 -29.8750 -48.8079 4.9928 -33.1682 -24.7215 -23.1934 -39.9531 14.4896 -27.4786 -46.3644 34.8677 -39.7937 33.6424 -43.2413 26.8605 -43.8451 34.9045 -37.8328 -20.3026 -27.9875 -46.8760 -31.4718 33.6149 -46.4137 -31.2226 15.0523 -39.8094 -23.2099 -24.7160 -33.1682 4.9928 -48.8079 -29.8750 27.5903 -44.3650 -26.3556 7.4601 -37.7216 -19.4359 -42.4528 -32.4067 32.2090 -48.0975 -28.5448 20.4603 -42.0397 -25.2021 -4.1380 -35.4879 -12.6656 -48.1272 -31.1836 33.2766 -46.2628 -27.3269 14.0136 -39.8140 -22.9526 -26.1997 -33.0564 2.7085 -48.7375 -30.1929 29.5211 -45.1791 -26.8211 11.5030
-25.4509 -45.3938 30.1701 -30.3012 -48.7480 1.3167 -33.0993 -26.1997 -22.8858 -39.7300 13.6774 -27.2391 -46.0814 32.7655 -31.0988 -48.3021 -11.7696 -35.1934 -6.2603 -25.0230 -41.8419 19.8863 -28.3847 -47.9287 33.3114 -32.3638 -43.2877 -19.0132 -37.4861 6.5570 -26.2588 -44.1593 26.9342 -29.7173 -48.8310 8.6708 -33.1335 -27.1179 -22.9044 -39.7418 13.7641 -27.3925 -46.3718 33.0729 -35.3024 8.6039 -37.7515 17.8902 -38.0748 16.8101 -35.7621 -14.0577 -27.2223 -47.7161 -18.2598 -47.6381 -32.1897 16.0200 12.0251 -36.8426 17.5200 -39.4877 -22.9262 -27.1223 -33.1335 8.6708 -48.8310 -29.7173 26.9342 -44.1593 -26.2588 6.5570 -37.4861 -19.0132 -43.2877 -32.3638 33.3114 -47.9287 -28.3847 19.8863 -41.8419 -25.0230 -6.2603 -35.1934 -11.7696 -48.3021 -31.0988 32.7655 -46.0814 -27.2391 13.6774 -39.7300 -22.8858 -26.1997 -33.0993 1.3167 -48.7480 -30.3012 30.1701 -45.3938 -25.4509
-45.5597 30.8396 -30.4283 -48.7604 -0.8598 -33.2666 -25.0908 -22.9526 -39.7300 13.5556 -27.1900 -45.9570 32.3389 -31.0343 -48.4268 -10.8932 -34.8973 -8.6520 -24.8223 -41.6619 19.3672 -28.2107 -47.7336 34.1314 -32.3551 -43.9725 -18.6097 -37.2404 5.5514 -26.1670 -43.9643 26.3150 -29.5527 -48.8224 12.5956 -33.1032 -29.4396 -22.5990 -39.5424 12.8457 -28.7706 -45.5560 33.0634 -31.9109 -41.4046 -30.3945 -29.2403 -32.3385 -22.9609 -30.4113 -45.7849 -23.4217 -46.5220 33.4657 -39.8378 -0.3869 -48.5648 -21.1649 -46.7948 33.5785 -39.6836 16.7412 -39.3469 -22.6133 -29.4476 -33.1032 12.5956 -48.8236 -29.5524 26.3150 -43.9643 -26.1670 5.5514 -37.2404 -18.6097 -43.9725 -32.3551 34.1314 -47.7336 -28.2107 19.3672 -41.6619 -24.8223 -8.6520 -34.8973 -10.8932 -48.4268 -31.0343 32.3389 -45.9570 -27.1900 13.5556 -39.7300 -22.9526 -25.0908 -33.2666 -0.8598 -48.7604 -30.4283 30.8396 -45.5597
30.5006 -30.3116 -48.7493 -3.1631 -33.5357 -23.0799 -23.1352 -39.8140 13.6774 -27.1900 -45.9119 32.0926 -30.9944 -48.5037 -10.1593 -34.6256 -11.0954 -24.6124 -41.5055 18.9318 -28.0232 -47.5137 34.6462 -32.4015 -44.4856 -18.2604 -36.9799 4.3963 -26.0813 -43.7868 25.7557 -29.3582 -48.8085 16.4643 -33.0326 -31.7724 -22.2609 -39.3605 12.0811 -30.6762 -48.6068 -22.3031 -27.3617 -48.7305 -20.1154 -47.9084 -20.9530 -48.9349 -21.1427 -47.7238 -8.1405 -42.8059 31.5703 -38.8185 14.0465 -35.9337 32.5659 -42.9677 34.1573 -41.7992 13.7791 -34.7522 12.3738 -39.3076 -22.2644 -31.7753 -33.0388 16.4809 -48.7832 -29.3860 25.7542 -43.7869 -26.0813 4.3963 -36.9799 -18.2604 -44.4856 -32.4015 34.6462 -47.5137 -28.0232 18.9318 -41.5055 -24.6124 -11.0954 -34.6256 -10.1593 -48.5037 -30.9944 32.0926 -45.9119 -27.1900 13.6774 -39.8140 -23.1352 -23.0799 -33.5357 -3.1631 -48.7493 -30.3116 30.5006
-30.0900 -48.7098 -5.2471 -33.8326 -20.5520 -23.3838 -39.9657 14.0136 -27.2391 -45.9570 32.0926 -30.9825 -48.5395 -9.6618 -34.4105 -13.3111 -24.4127 -41.3812 18.5876 -27.8333 -47.2747 34.8414 -32.5184 -44.7880 -18.0227 -36.7017 3.0409 -26.0002 -43.6278 25.2576 -29.1528 -48.3747 21.9494 -33.0492 -34.1642 -21.8677 -39.2384 11.8869 -30.1926 -46.2315 -31.5627 6.4805 -40.0204 34.5305 -41.2365 35.6355 -43.1754 33.2659 -43.0694 34.8707 -39.8187 19.1407 -36.2632 -4.3831 -31.9156 -32.0893 -32.5617 9.8807 -36.2189 8.1288 -32.6943 -45.3193 -29.7284 12.0250 -39.2455 -21.8726 -34.1235 -32.8792 19.7527 -48.7478 -29.2279 25.2516 -43.6275 -26.0000 3.0408 -36.7017 -18.0227 -44.7880 -32.5184 34.8414 -47.2747 -27.8333 18.5876 -41.3812 -24.4127 -13.3111 -34.4105 -9.6618 -48.5395 -30.9825 32.0926 -45.9570 -27.2391 14.0136 -39.9657 -23.3838 -20.5520 -33.8326 -5.2471 -48.7098 -30.0900
-48.7484 -7.0850 -34.1317 -17.8410 -23.6532 -40.1607 14.5055 -27.3269 -46.0814 32.3389 -30.9944 -48.5395 -9.4805 -34.2928 -14.8748 -24.2513 -41.2983 18.3552 -27.6575 -47.0312 34.7434 -32.6980 -44.8661 -17.9673 -36.3949 1.4217 -25.9231 -43.4871 24.8143 -28.9839 -47.8831 -11.0892 -30.8981 -38.0082 -21.8868 -39.1722 12.1458 -27.8085 -48.3169 -25.2806 -40.1015 -33.5500 6.9494 -35.8994 11.7638 -37.4003 17.2537 -38.2928 16.9650 -37.2051 6.7000 -33.1204 -39.3819 -26.5957 -48.5951 -19.4695 -48.6739 -24.3349 -48.3643 -25.5105 -49.1831 -16.4089 -46.3912 -26.8505 12.3068 -39.1798 -21.2668 -37.4594 -33.6313 24.7989 -48.7225 -29.0808 24.8040 -43.4854 -25.9228 1.4216 -36.3949 -17.9673 -44.8661 -32.6980 34.7434 -47.0312 -27.6575 18.3552 -41.2983 -24.2513 -14.8748 -34.2928 -9.4805 -48.5395 -30.9944 32.3389 -46.0814 -27.3269 14.5055 -40.1607 -23.6532 -17.8410 -34.1317 -7.0850 -48.7484
-11.4806 -34.4208 -15.1549 -23.9193 -40.3765 15.0892 -27.4409 -46.2628 32.7655 -31.0343 -48.5037 -9.6618 -34.2928 -15.4354 -24.1609 -41.2514 18.2283 -27.5130 -46.8139 34.4532 -32.9192 -44.7215 -18.1201 -36.0614 -0.4896 -25.8396 -43.3820 24.4578 -28.8494 -47.7906 -13.6934 -48.6306 -35.7426 27.7224 -38.1780 8.2284 -26.5999 -45.2965 0.8271 -47.9252 -22.8253 -48.0931 -27.9194 -44.1040 -29.8500 -33.5119 -31.9591 -20.5234 -31.9984 -34.7696 -28.6539 -48.6559 -19.9430 -46.0818 31.1222 -41.0824 34.8514 -41.8289 29.4268 -43.1625 34.8861 -40.5347 34.2908 -44.5507 -26.3797 14.5404 -39.9041 -23.6815 12.4529 -36.5432 28.7054 -48.6478 -28.9405 24.4490 -43.3801 -25.8394 -0.4896 -36.0614 -18.1201 -44.7215 -32.9192 34.4532 -46.8139 -27.5130 18.2283 -41.2514 -24.1609 -15.4354 -34.2928 -9.6618 -48.5037 -31.0343 32.7655 -46.2628 -27.4409 15.0892 -40.3765 -23.9193 -15.1549 -34.4208 -11.4806
-35.7808 -12.5962 -24.1689 -40.5993 15.7099 -27.5646 -46.4711 33.2766 -31.0988 -48.4268 -10.1593 -34.4105 -14.8748 -24.1609 -41.2362 18.1754 -27.4178 -46.6531 34.1152 -33.1575 -44.3500 -18.4542 -35.7256 -2.6537 -25.7353 -43.3307 24.2669 -28.7460 -48.0677 5.6314 -46.9930 -26.2158 -3.3487 -34.4493 -17.9408 -25.5781 -44.2139 33.5198 -41.0986 34.4527 -44.8165 -2.0121 -45.8890 -12.8753 -47.2868 -19.1802 -48.6943 -21.7354 -48.7801 -19.1658 -46.9631 3.4591 -42.7478 31.4742 -38.8613 13.1238 -35.4048 9.6281 -35.1952 12.6047 -35.5533 7.3958 -35.0115 27.5753 -44.0742 -25.5052 -17.6057 -27.9360 -49.5628 32.9231 -37.1239 30.0762 -48.5375 -28.8002 24.2639 -43.3302 -25.7353 -2.6537 -35.7256 -18.4542 -44.3500 -33.1575 34.1152 -46.6531 -27.4178 18.1754 -41.2362 -24.1609 -14.8748 -34.4105 -10.1593 -48.4268 -31.0988 33.2766 -46.4711 -27.5646 15.7099 -40.5993 -24.1689 -12.5962 -35.7808
-12.9117 -24.4000 -40.8243 16.3415 -27.6909 -46.6805 33.7689 -31.1836 -48.3021 -10.8932 -34.6256 -13.3111 -24.2513 -41.2514 18.1754 -27.3843 -46.5657 33.8624 -33.3634 -43.8329 -18.9059 -35.4202 -4.8852 -25.6226 -43.3455 24.3024 -28.6277 -48.3921 30.8939 -39.4753 19.8796 -48.4592 -23.5249 -49.3221 -18.3441 -42.3267 24.2056 -36.2262 13.8316 -38.8842 24.1570 -39.6278 28.7671 -40.5223 33.6219 -42.0583 35.4345 -42.9257 35.2355 -42.2214 32.7835 -39.6121 18.9870 -36.4475 -3.2819 -31.0257 -45.7733 -27.3248 -47.0462 -27.3178 -46.9950 -26.9211 -46.9923 -30.3307 -0.2660 -25.4257 -28.5325 -48.7105 -11.5011 -40.9960 14.4788 -36.2201 30.4049 -48.4280 -28.6389 24.3042 -43.3455 -25.6226 -4.8852 -35.4202 -18.9059 -43.8329 -33.3634 33.8624 -46.5657 -27.3843 18.1754 -41.2514 -24.2513 -13.3111 -34.6256 -10.8932 -48.3021 -31.1836 33.7689 -46.6805 -27.6909 16.3415 -40.8243 -24.4000 -12.9117
-22.6933 -41.0507 16.9786 -27.8178 -46.8845 34.1815 -31.2833 -48.1272 -11.7696 -34.8973 -11.0954 -24.4127 -41.2983 18.2283 -27.4178 -46.5657 33.7721 -33.4812 -43.3494 -19.3435 -35.1834 -6.8666 -25.5309 -43.4398 24.6273 -28.4376 -48.3199 30.8556 -35.1987 14.9258 -40.3733 34.7576 -42.4612 34.4885 -38.1516 13.6345 -31.5733 -40.1379 -31.5198 -12.5699 -34.0780 1.7808 -35.1326 7.5620 -36.2713 12.9080 -37.1190 15.3334 -37.1297 12.9460 -35.9608 2.7380 -32.5209 -40.5943 -26.2343 -48.4282 -12.9416 -44.7412 1.0525 -44.3510 3.2283 -43.7450 0.7535 -45.8962 -16.8685 -46.7016 11.0956 -25.2023 -44.9694 25.9682 -37.4832 0.1536 -34.4760 30.2778 -48.3035 -28.4345 24.6291 -43.4398 -25.5309 -6.8666 -35.1834 -19.3435 -43.3494 -33.4812 33.7721 -46.5657 -27.4178 18.2283 -41.2983 -24.4127 -11.0954 -34.8973 -11.7696 -48.1272 -31.2833 34.1815 -46.8845 -27.8178 16.9786 -41.0507 -22.6933
-41.6122 17.6205 -27.9435 -47.0832 34.4884 -31.3910 -47.9010 -12.6656 -35.1934 -8.6520 -24.6124 -41.3812 18.3552 -27.5130 -46.6531 33.8624 -33.4812 -43.1417 -19.6090 -35.0359 -8.3130 -25.4762 -43.6019 25.2560 -28.1857 -48.1797 30.7187 -32.9961 -22.3933 -35.0956 9.0515 -37.6245 11.8187 -33.8376 -24.0690 -26.8071 -48.2798 -18.0609 -48.4688 -23.1669 -48.9867 -25.9850 -47.6357 -28.0169 -43.5085 -29.7853 -37.3056 -30.4465 -37.6811 -29.3816 -45.5942 -26.0999 -49.0224 -17.2666 -45.3204 34.1584 -40.7283 26.6246 -38.5458 22.4936 -38.0253 20.9605 -37.5062 23.8007 -38.6209 21.7151 -32.6796 -49.1180 30.8299 -38.5854 1.5301 -33.2362 -30.5683 -32.4150 30.7174 -48.1715 -28.1864 25.2538 -43.6019 -25.4764 -8.3130 -35.0359 -19.6090 -43.1417 -33.4812 33.8624 -46.6531 -27.5130 18.3552 -41.3812 -24.6124 -8.6520 -35.1934 -12.6656 -47.9010 -31.3910 34.4884 -47.0832 -27.9435 17.6205 -41.6122
18.3422 -27.9674 -47.2729 34.6767 -31.5047 -47.6202 -13.5300 -35.4879 -6.2603 -24.8223 -41.5055 18.5876 -27.6575 -46.8139 34.1152 -33.3634 -43.3494 -19.6090 -34.9849 -9.0790 -25.4529 -43.7776 26.0616 -27.9021 -48.0564 31.7271 -31.9794 -38.8282 -31.9317 -13.9630 -37.0652 15.2931 -34.2423 -45.7601 -21.5411 -43.6740 35.5709 -41.2092 35.5867 -43.3361 20.9937 -44.5056 -2.5689 -45.8781 -13.2741 -47.1443 -16.7985 -47.4949 -16.1850 -46.6468 -8.1781 -44.5866 31.9020 -41.3863 26.9830 -38.2936 11.2524 -35.0378 -4.8683 -33.0913 -17.0496 -32.2489 -22.7552 -32.0745 -18.3785 -30.3061 -47.9400 -12.0887 -40.6697 12.0316 -33.0878 -46.0616 -26.7436 -43.9576 -31.3730 31.6905 -48.0718 -27.9088 26.0574 -43.7785 -25.4531 -9.0790 -34.9849 -19.6090 -43.3494 -33.3634 34.1152 -46.8139 -27.6575 18.5876 -41.5055 -24.8223 -6.2603 -35.4879 -13.5300 -47.6202 -31.5047 34.6767 -47.2729 -27.9674 18.3422
-26.9529 -47.4532 34.7257 -31.6202 -47.2810 -14.3528 -35.7627 -4.1380 -25.0230 -41.6619 18.9318 -27.8333 -47.0312 34.4532 -33.1575 -43.8329 -19.3435 -35.0359 -9.0790 -25.4473 -43.8915 26.7689 -27.6253 -47.9517 32.5944 -31.4736 -43.6357 -28.2483 -37.7670 -35.8952 19.1552 -43.3686 -16.0864 -31.5369 -35.0308 14.5156 -35.5472 11.1695 -37.1700 18.0622 -38.5099 23.7152 -39.4876 28.8291 -40.5802 32.2965 -41.0960 32.9029 -40.7870 30.0069 -39.4772 22.5536 -37.6886 11.7485 -34.8001 -14.9282 -30.2886 -47.1622 -25.1457 -48.9927 -21.6182 -48.4572 -20.0809 -48.2314 -19.5286 -47.4462 -1.8272 -41.2935 18.8032 -34.2550 -43.4242 -23.4445 -47.2131 -20.4634 -46.2412 -31.3402 33.0166 -47.9967 -27.6370 26.7595 -43.8918 -25.4473 -9.0790 -35.0359 -19.3435 -43.8329 -33.1575 34.4532 -47.0312 -27.8333 18.9318 -41.6619 -25.0230 -4.1380 -35.7627 -14.3528 -47.2810 -31.6202 34.7257 -47.4532 -26.9529
-47.4251 34.5878 -31.7358 -46.8770 -15.1233 -36.0168 -2.3367 -25.2021 -41.8419 19.3672 -28.0232 -47.2747 34.7434 -32.9192 -44.3500 -18.9059 -35.1834 -8.3130 -25.4531 -43.8922 27.0516 -27.4374 -47.8741 33.2236 -31.2661 -45.8898 -23.6908 -48.7215 -30.7263 2.0205 -39.4227 34.1108 -46.6850 -23.9683 -45.1179 -27.8987 -46.0331 -29.2051 -35.9986 -31.9341 -12.8142 -33.9113 1.1674 -35.0751 6.6538 -35.5959 8.3769 -35.5379 6.7496 -34.8464 -0.5584 -33.0195 -28.2328 -29.4151 -47.7168 -23.6718 -47.9146 -9.2317 -44.2225 32.1371 -42.2236 35.2995 -41.3957 34.1788 -41.0873 31.2627 -39.1056 15.6855 -34.2167 -40.6592 -24.2197 -47.4496 14.4894 -42.7854 -17.6623 -44.8924 -33.9253 34.5168 -47.9385 -27.4604 27.0385 -43.8917 -25.4531 -8.3130 -35.1834 -18.9059 -44.3500 -32.9192 34.7434 -47.2747 -28.0232 19.3672 -41.8419 -25.2021 -2.3367 -36.0168 -15.1233 -46.8770 -31.7358 34.5878 -47.4251
28.0075 -31.4966 -46.4044 -15.8446 -36.2544 -0.7790 -25.3586 -42.0397 19.8863 -28.2107 -47.5137 34.8414 -32.6980 -44.7215 -18.4542 -35.4202 -6.8666 -25.4764 -43.7791 26.7722 -27.4339 -47.8415 33.5869 -31.3314 -46.4985 -20.1240 -46.7063 -22.7188 -45.2057 -33.5289 9.8082 -39.9572 34.4473 -44.0906 -1.1821 -44.7822 -7.8480 -46.5597 -17.9933 -48.5982 -22.9859 -49.0662 -25.6746 -48.0188 -27.0855 -46.8333 -27.4676 -47.0537 -26.7082 -48.5652 -24.6489 -49.0274 -19.8680 -46.8644 -2.4068 -43.4526 35.5316 -40.2240 23.3068 -37.8258 13.9713 -36.0498 9.3048 -35.2859 6.8946 -34.7136 -3.1416 -31.5244 -46.0687 -22.8104 -47.2499 20.1831 -42.9583 30.5069 -39.9645 -21.9191 8.7418 -37.3445 35.0624 -47.9158 -27.4594 26.7645 -43.7784 -25.4764 -6.8666 -35.4202 -18.4542 -44.7215 -32.6980 34.8414 -47.5137 -28.2107 19.8863 -42.0397 -25.3586 -0.7790 -36.2544 -15.8446 -46.4044 -31.4966 28.0075
-31.8397 -45.8575 -16.5165 -36.4790 0.5985 -25.4953 -42.2499 20.4603 -28.3847 -47.7336 34.6462 -32.5184 -44.8661 -18.1201 -35.7256 -4.8852 -25.5309 -43.6026 26.0644 -27.6184 -47.8705 33.6072 -31.4250 -46.4632 -18.8617 -44.7835 -17.1068 -48.7597 -28.0288 -42.7614 -32.9712 4.9071 -37.2659 19.4328 -38.1297 24.2473 -39.4624 30.8920 -41.4650 35.5494 -43.1325 24.9734 -44.1941 4.7189 -44.8425 -3.2650 -44.9880 -1.1248 -44.5133 14.8410 -43.5098 34.2214 -41.7452 31.4753 -39.1675 19.7093 -36.9251 7.0577 -33.6942 -24.4287 -30.1917 -44.5688 -27.5978 -47.6365 -26.2927 -48.7075 -24.2661 -48.7312 -15.1004 -45.5606 33.5681 -42.5551 26.2198 -39.2660 13.5894 -34.5594 -46.9655 -22.5241 -35.9978 34.4104 -47.9131 -27.6354 26.0598 -43.6019 -25.5309 -4.8852 -35.7256 -18.1201 -44.8661 -32.5184 34.6462 -47.7336 -28.3847 20.4603 -42.2499 -25.4953 0.5985 -36.4790 -16.5165 -45.8575 -31.8397
-46.0415 -17.1410 -36.6906 1.8466 -25.6124 -42.4696 21.0762 -28.5448 -47.9287 34.1314 -32.4015 -44.7880 -17.9673 -36.0614 -2.6537 -25.6226 -43.4399 25.2540 -27.9016 -47.9506 33.2539 -31.3555 -46.4358 -18.6601 -44.6356 -18.9829 -48.5484 -29.5120 -35.7981 -28.9940 -47.8783 -28.9432 -36.2365 -31.8279 -14.5538 -33.5876 1.1014 -35.3896 10.7528 -36.9675 16.9541 -38.0641 21.5633 -38.6212 24.3016 -38.9465 24.6321 -38.6389 22.4205 -37.9503 17.9054 -36.8544 11.2031 -35.1371 -1.7532 -32.1954 -38.4857 -27.6658 -49.0181 -21.3287 -47.2860 -11.0619 -44.9126 3.6319 -44.1261 17.1197 -43.7592 34.0115 -42.3354 32.7234 -41.1972 21.8479 -38.7252 6.1265 -34.5601 -26.1700 -31.1292 -39.1540 -29.7376 -32.1606 33.0419 -47.9580 -27.9074 25.2540 -43.4398 -25.6226 -2.6537 -36.0614 -17.9673 -44.7880 -32.4015 34.1314 -47.9287 -28.5448 21.0762 -42.4696 -25.6124 1.8466 -36.6906 -17.1410 -46.0415
-17.3594 -36.8961 2.9722 -25.7147 -42.6939 21.7256 -28.6947 -48.0975 33.3114 -32.3551 -44.4856 -18.0227 -36.3949 -0.4896 -25.7354 -43.3456 24.6235 -28.1894 -48.0784 32.6157 -31.3444 -46.5352 -18.4045 -44.3003 -20.4418 -46.5059 -32.3146 5.4727 -36.0694 -36.9783 -21.6253 -47.6984 -18.6811 -48.4749 -22.3147 -49.0268 -25.8343 -47.0352 -29.2391 -37.5263 -31.7258 -22.0594 -32.8286 -9.6605 -33.4975 -6.0578 -33.4588 -9.6922 -32.6672 -22.8272 -30.9850 -39.6605 -28.2855 -48.0322 -24.4252 -48.6760 -16.5508 -45.5554 22.0247 -42.1655 33.1885 -39.7585 24.9702 -38.3508 21.5484 -38.2448 19.8660 -38.7315 19.5541 -40.1689 21.6219 -38.7749 6.7901 -34.8214 -36.2230 -32.2147 -26.0353 -34.9912 -20.0359 -46.7196 -31.0814 32.5027 -48.0606 -28.1897 24.6255 -43.3455 -25.7354 -0.4896 -36.3949 -18.0227 -44.4856 -32.3551 33.3114 -48.0975 -28.6947 21.7256 -42.6939 -25.7147 2.9722 -36.8961 -17.3594
-37.9135 3.9962 -25.8121 -42.9217 22.3951 -28.8364 -48.2470 32.2090 -32.3638 -43.9725 -18.2604 -36.7017 1.4217 -25.8397 -43.3295 24.3093 -28.4056 -48.2181 32.4111 -32.3118 -45.1387 -20.3354 -43.9304 -17.2466 -46.6744 -33.2124 11.3933 -39.8706 31.7756 -48.3288 -39.0204 34.2233 -41.8518 35.6601 -42.8196 23.6619 -45.0837 -14.3470 -47.9668 -24.1740 -48.7610 -23.4551 -48.7408 -22.8742 -49.0769 -23.1422 -49.0718 -22.3308 -48.7150 -19.9276 -47.5772 -14.2863 -45.4756 8.3007 -43.0881 35.4984 -40.5795 25.9999 -37.9226 14.2792 -35.6857 2.9889 -33.8094 -10.8370 -32.8670 -15.7660 -33.2942 -0.1447 -36.3636 34.4842 -41.6338 21.8807 -37.3552 -8.2571 -34.0290 -20.2839 -35.0107 11.2207 -39.2475 -15.8608 -46.6488 -31.1292 31.6811 -48.1981 -28.4289 24.3024 -43.3296 -25.8397 1.4200 -36.7017 -18.2604 -43.9725 -32.3638 32.2090 -48.2470 -28.8364 22.3951 -42.9217 -25.8121 3.9962 -37.9135
4.2089 -25.9204 -43.1508 23.0822 -28.9743 -48.3789 30.8088 -32.4067 -43.2877 -18.6097 -36.9799 3.0409 -25.9228 -43.3784 24.3040 -28.5253 -48.2354 33.2265 -34.6211 -30.4240 -27.3352 -47.2695 -13.5868 -48.7413 -31.5174 10.0822 -39.5848 31.3612 -45.0729 -23.6666 5.9726 -36.6068 13.4318 -38.2687 21.8272 -40.5721 36.1473 -44.9735 -19.6114 -48.4776 -26.4843 -47.1250 18.6787 -42.9429 33.5580 -42.7525 34.7333 -42.3059 35.3868 -41.3359 32.1850 -39.8233 25.0616 -37.7418 16.5442 -36.0477 6.2850 -33.5603 -22.2521 -30.0314 -46.1506 -26.0893 -49.0971 -23.0178 -48.8840 -22.1822 -49.0219 -23.4180 -48.5328 -47.6109 0.9115 -42.0024 17.1225 -37.2057 11.2277 -37.4486 12.9543 -38.4742 23.1569 -40.5142 -17.2292 -45.9453 -31.9472 31.6996 -48.3026 -28.5775 24.2754 -43.3828 -25.9233 3.0393 -36.9799 -18.6097 -43.2877 -32.4067 30.8088 -48.3789 -28.9743 23.0822 -43.1508 -25.9204 4.2089
-24.2536 -43.3803 23.7804 -29.1117 -48.4954 29.0962 -32.4685 -42.4528 -19.0132 -37.2404 4.3963 -25.9999 -43.4830 24.5153 -28.6583 -48.0536 32.7115 -37.4283 7.4292 -34.3884 -39.1165 -25.9853 -48.2516 -24.6620 -19.1701 -35.4573 7.1703 -42.3757 32.8325 -47.8198 -27.2764 -37.9774 -33.8246 5.8963 -38.8626 26.9256 -42.6519 -10.1939 -48.3836 -31.9962 -4.5094 29.6963 -36.8598 16.4046 -36.8079 14.2922 -36.3744 12.2329 -35.7167 8.2672 -34.7118 0.0430 -32.9798 -24.1467 -30.1179 -45.0085 -26.2696 -49.1447 -20.7628 -47.0708 -7.8201 -44.2968 27.2560 -42.8374 34.9678 -42.4856 34.8663 -42.6460 34.5547 -29.1112 -48.8336 34.9926 -39.7247 21.1937 -41.1885 33.7663 -40.9905 30.0055 -41.3002 35.9111 -43.4676 -22.7286 -36.7588 -34.6249 32.7021 -48.1617 -28.7191 24.4666 -43.4885 -26.0005 4.3964 -37.2404 -19.0132 -42.4528 -32.4685 29.0962 -48.4954 -29.1117 23.7804 -43.3803 -24.2536
-43.7240 24.4863 -29.2462 -48.5977 27.0422 -32.5421 -41.4686 -19.4359 -37.4861 5.5514 -26.0809 -43.6254 24.8627 -28.8396 -47.9862 20.1980 -40.2134 24.4522 -39.6466 13.9583 -35.3526 -33.2936 -25.6341 -48.0175 -20.4967 -35.1876 -31.6288 -17.1203 -42.4570 26.5412 -47.3459 -25.1026 -35.4827 -36.7619 28.3661 -42.2298 31.5373 -47.4208 -28.0876 8.8208 -42.3147 -25.1079 -37.1060 -29.9711 -40.2183 -29.2793 -43.4234 -28.2053 -46.6311 -26.4909 -48.9176 -23.9314 -48.8549 -19.3342 -46.7470 -7.3637 -44.0643 31.7974 -41.7105 31.8597 -39.3982 22.3823 -37.8857 16.2647 -36.9429 13.9891 -36.5389 12.4928 -34.0810 -42.5981 -16.0759 -42.2387 24.0320 -41.6494 -16.6467 -47.5914 -7.7617 -44.6089 12.3214 -45.3869 -11.3567 -48.3140 -30.7640 5.6377 -37.9752 22.3430 -47.9617 -28.9017 24.8133 -43.6272 -26.0814 5.5514 -37.4861 -19.4359 -41.4686 -32.5421 27.0422 -48.5977 -29.2462 24.4863 -43.7240
25.2385 -29.2055 -48.6815 24.6029 -32.6203 -40.3324 -19.8623 -37.7216 6.5570 -26.1668 -43.7862 25.2706 -29.0003 -47.9360 -10.9853 -44.1318 34.3056 -43.4728 35.2015 -41.5025 18.5171 -35.1550 -42.9157 -20.2547 -45.2915 23.3250 -32.4693 -48.6479 33.7736 -41.1992 26.6729 -48.2453 -28.7424 15.4041 -45.1039 -14.0371 -44.8696 -14.6781 -46.9966 -34.5121 27.1552 -45.6306 -12.9330 -46.5024 -13.2312 -46.0280 -9.5367 -45.0358 0.8583 -43.9178 25.1630 -42.6569 35.4039 -40.8587 29.2700 -38.6033 20.0387 -36.8629 11.3594 -35.1709 0.0587 -33.1606 -23.7034 -31.0651 -38.1189 -29.7075 -42.1966 -28.1801 -48.0490 -19.3087 -43.7612 27.3686 -39.3410 32.0372 -24.5501 -30.1865 -48.0960 -23.2477 -48.7606 -23.6212 -48.7599 -26.6980 -27.7800 -37.5573 33.3489 -44.4814 -17.4234 -47.8817 -29.0569 25.2531 -43.7868 -26.1670 6.5570 -37.7216 -19.8623 -40.3324 -32.6203 24.6029 -48.6815 -29.2055 25.2385
-28.5832 -48.7459 21.8187 -32.6971 -39.0441 -20.2829 -37.9510 7.4601 -26.2588 -43.9643 25.7492 -29.1829 -47.9678 -18.1025 -48.5971 -17.1612 -46.7495 -7.4339 -46.3305 31.1948 -41.7998 15.2849 -32.4207 -48.9179 17.6298 -38.7885 -10.8697 -22.5897 -43.1226 27.1153 -40.7087 22.7811 -48.3307 -20.2035 -33.8244 -33.4254 -20.6522 -45.6033 -22.6857 -35.4983 -35.2740 21.7446 -39.1962 27.7703 -39.5106 26.6568 -38.8342 23.5412 -37.6875 19.1892 -36.7760 13.6934 -35.5433 6.2435 -33.9169 -10.6337 -31.5332 -38.5239 -28.4373 -47.7783 -25.1404 -48.9961 -20.9854 -47.9050 -16.5665 -46.7628 -12.4436 -45.6236 8.9040 -42.1958 29.4515 -39.4958 9.1361 -32.1764 -41.0258 13.5402 -33.3304 -36.6968 -31.3597 -28.1126 -31.7132 -42.0235 -34.0333 22.8400 -45.6172 -24.8852 -39.4337 -16.9131 -48.2960 -29.2125 25.7542 -43.9643 -26.2588 7.4601 -37.9510 -20.2829 -39.0441 -32.6971 21.8187 -48.7459 -28.5832
-48.5050 18.6395 -32.7703 -37.5931 -20.6912 -38.1746 8.2932 -26.3556 -44.1593 26.3151 -29.3776 -48.4208 -14.9790 -46.5788 -29.2604 -48.4813 -21.0964 -48.7151 -20.0899 -47.4600 34.2449 -39.9801 0.7392 -25.7992 -44.3336 22.8899 -33.3811 -49.0489 31.9511 -39.4266 18.5372 -40.1827 35.4720 -43.2011 19.2525 -33.0031 -48.7327 -2.3945 -45.5216 -22.6933 -44.6623 -31.4281 -7.5401 -33.6000 -3.5915 -33.3857 -10.0554 -32.4074 -24.3437 -30.8087 -39.2237 -28.5594 -47.0789 -25.6953 -49.1784 -21.9314 -47.9290 -15.4981 -45.6796 -3.4898 -44.0155 30.1387 -42.3413 34.8578 -40.9411 30.8665 -40.0077 27.0801 -39.3862 24.6420 -40.7482 34.3289 -32.3845 -41.6047 19.2409 -38.6846 9.2472 -36.1567 8.0206 -37.5886 12.4733 -34.1964 -4.0414 -39.0838 -12.5063 -40.2017 -33.0781 -39.6509 23.5273 -48.7251 -29.3849 26.3150 -44.1593 -26.3556 8.2932 -38.1746 -20.6912 -37.5931 -32.7703 18.6395 -48.5050
2.4113 -32.3482 -35.9799 -21.0865 -38.3957 9.0679 -26.4564 -44.3650 26.9342 -29.5526 -48.7935 20.5970 -30.5318 -45.9602 12.9060 -28.7608 -48.6421 -28.2383 -46.9114 -21.4924 -45.7318 29.4981 -35.6170 -47.1626 -0.6684 -38.7050 -6.8093 -23.7457 -43.3969 21.8496 -37.9389 15.7757 -40.0245 29.4008 -39.4740 -1.5950 -24.4288 -44.5310 36.0559 -43.7066 -11.6846 -48.1475 -21.8573 -49.0731 -22.7719 -48.9695 -21.5626 -48.3776 -18.8305 -47.1338 -13.2964 -45.2330 4.0592 -43.4058 32.7438 -41.9336 34.8296 -41.2777 36.2196 -42.7497 26.8764 -40.3593 19.4295 -37.3529 9.5689 -35.6801 6.1592 -36.7848 13.9477 -40.1478 20.8021 -49.4599 -38.9489 19.2995 -40.6177 19.5084 -39.3438 22.7985 -40.2439 30.4166 -42.0561 -2.6489 -33.9908 23.2345 -46.2776 -30.4894 7.5654 4.3010 -33.7226 19.9643 -48.7845 -29.5524 26.9342 -44.3650 -26.4564 9.0679 -38.3957 -21.0865 -35.9799 -32.3482 2.4113
-33.4425 -34.1999 -21.4655 -38.6179 9.8048 -26.5604 -44.5772 27.5903 -29.7173 -48.8236 16.4756 -33.0013 -34.7894 -7.3929 -34.2095 -46.2807 -27.6108 -14.3795 -32.3181 -47.5057 -12.9597 -41.5237 10.2133 -27.9570 -45.1941 25.3424 -33.9378 -49.0435 23.0385 -39.5101 14.0584 -39.0309 30.0632 -43.6471 -2.8530 -28.0742 -49.5958 30.6097 -40.1242 24.2415 -39.9753 33.8657 -41.9207 35.3066 -42.1829 35.3935 -41.6080 34.1270 -40.6030 29.8828 -39.2082 23.8264 -37.4853 17.6726 -37.2333 15.1590 -38.8509 28.6731 -43.5626 -18.3432 -49.5230 31.0116 -35.3513 -19.1807 -30.4498 -44.0524 -31.2971 -13.6040 -37.4840 28.8549 -46.1072 -26.2663 12.6633 -38.5858 17.6290 -39.9697 25.7203 -43.8060 34.5156 -45.1940 -15.3169 -23.8159 -42.8303 -35.4184 -0.9965 -40.9005 -36.9952 -23.3102 -36.4684 -32.9188 16.4736 -48.8224 -29.7173 27.5903 -44.5772 -26.5604 9.8048 -38.6179 -21.4655 -34.1999 -33.4425
-34.6536 -21.8192 -38.8381 10.5205 -26.6672 -44.7932 28.2689 -29.8750 -48.8312 12.5884 -33.0346 -34.1711 -21.6130 -38.7700 -3.7746 -25.0761 -48.6857 -37.0698 5.4526 -30.5467 -48.3028 35.4500 -36.2580 -44.4695 -9.3694 -39.4416 0.3289 -25.6232 -44.4319 28.6043 -39.6213 27.4828 -43.7995 -21.2424 -4.3121 -41.3821 35.1441 -39.9126 12.2777 -35.5002 4.9265 -35.3622 10.1438 -35.7126 11.0026 -35.5520 8.7829 -35.0217 4.0212 -34.0674 -6.1961 -32.6545 -25.0759 -32.0306 -19.9480 -36.1881 19.6457 -41.5564 -14.8570 -36.0578 -35.4383 -19.6539 -48.4531 -23.3302 -48.0095 -21.4200 -48.1985 -33.4313 11.6689 -40.3718 17.9798 -48.9582 -31.0221 -0.9656 -36.3238 31.6759 -49.4066 -21.6741 -46.6890 -21.3906 -22.2612 -42.8773 -24.1425 4.8729 -39.9588 -23.5871 6.6647 -39.1852 -21.4220 -34.1496 -33.0353 12.5956 -48.8310 -29.8750 28.2689 -44.7932 -26.6672 10.5205 -38.8381 -21.8192 -34.6536
-20.6602 -39.0563 11.2098 -26.7769 -45.0116 28.9583 -30.0279 -48.8082 8.6715 -33.1064 -31.7430 -21.8851 -39.1872 11.8486 -25.9934 -42.5852 21.8793 28.8396 -38.9042 -17.1201 -21.8464 -42.4427 13.0746 -29.0807 -46.1683 29.1026 -35.0115 -47.7984 -5.2979 -41.3863 31.3469 -41.9347 12.4808 -48.5067 -30.9979 10.5381 -37.0329 5.2513 -32.0704 -44.5963 -27.6381 -47.2934 -27.3881 -46.4626 -27.7445 -46.5643 -28.0602 -47.5047 -26.8538 -48.6675 -24.9593 -48.6190 -22.7319 -48.7455 -29.9170 6.5207 -40.7760 35.4585 -47.3466 -29.6155 16.0610 -43.3384 18.1258 -43.6110 22.0083 -46.4071 -27.5124 -1.5473 -38.6482 29.9970 -41.9331 -6.2662 -48.8319 -26.0077 -46.1497 -21.7863 -34.2264 -36.4151 -23.5631 -48.7257 -31.6496 29.1794 -45.9927 -28.8296 19.5368 -43.5221 -26.3247 12.3602 -39.1712 -21.8717 -31.7716 -33.1032 8.6708 -48.8079 -30.0279 28.9583 -45.0116 -26.7769 11.2098 -39.0563 -20.6602
-39.8241 11.8766 -26.8886 -45.2318 29.6522 -30.1752 -48.7637 5.0214 -33.1367 -29.2403 -22.2681 -39.0473 11.4473 -26.8089 -44.2620 25.1554 -30.7045 -47.1637 25.8798 -33.3493 -49.0714 34.4872 -36.6663 -40.2095 -15.3745 -40.6899 8.1601 -28.3585 -46.5181 30.5523 -43.9565 -6.9011 -46.5376 -19.9235 -48.4911 -29.8097 -37.7998 -28.2795 -48.7546 -17.4480 -45.7450 -4.1012 -44.9583 -8.9581 -46.0989 -20.7215 -48.6938 -24.5029 -48.4369 -21.2577 -47.9784 -19.7968 -45.3026 -14.9654 -48.4054 -29.6673 -11.8941 -44.1676 -11.2175 -47.8289 -33.4569 17.2316 -39.0797 26.6814 -41.7275 -13.4435 -43.2151 -36.3954 34.6901 -44.5561 17.2235 -41.9499 26.9645 -45.0164 -3.2719 -44.5056 17.5352 -32.2942 -48.4217 -26.5439 -31.2866 -36.4753 34.4104 -48.7483 -31.1795 25.9977 -44.4168 -26.4623 12.2711 -39.2413 -22.2655 -29.4435 -33.1335 4.9928 -48.7635 -30.1752 29.6522 -45.2318 -26.8886 11.8766 -39.8241
12.3780 -26.9562 -45.4514 30.3440 -30.3178 -48.7499 1.7159 -33.1546 -27.3755 -22.5290 -39.3161 12.5865 -29.7184 -46.4804 34.2327 -35.7698 -41.7207 -10.9467 -39.0688 -4.6936 -23.6217 -42.8653 16.1595 -30.9126 -47.8356 34.8221 -36.5627 -40.7865 -19.3314 -45.8699 -20.7321 -47.8744 -26.9561 -48.4548 -25.7876 -48.7278 -24.4199 -47.6626 -4.7477 -42.6423 33.2408 -40.0638 31.5410 -41.8998 -9.5002 -48.7352 -29.5722 -37.1175 -29.3641 -47.0299 -28.6939 -44.0481 -16.2711 -43.2549 16.4687 -42.9475 -4.3177 -20.8778 -44.7547 -19.3120 -46.1180 -32.5203 4.2239 -38.1709 30.7767 -46.5397 -27.3017 15.3427 -49.4713 -25.3981 -49.2456 29.3834 -40.7142 27.8571 -39.8873 22.7892 -36.8080 -27.7699 -29.1756 -45.5433 -33.7854 14.1127 -40.0896 -11.5187 -47.9148 -33.8188 28.3367 -44.6496 -27.0476 11.9000 -39.2878 -22.6127 -27.1084 -33.1683 1.6840 -48.7499 -30.3178 30.3440 -45.4514 -26.9562 12.3780
-25.6295 -45.6691 31.0210 -30.4589 -48.7603 -1.1711 -33.3184 -25.6571 -23.4604 -41.3631 23.4180 -35.1795 -46.5007 -11.9781 -40.2942 7.2747 -28.2685 -45.2151 26.0310 -34.0564 -49.0804 25.8648 -37.9187 -22.3022 -21.4603 -42.5227 15.5251 -31.4000 -48.5385 -21.2661 -42.9209 -34.1865 3.4384 -33.4689 -33.1951 -29.7295 -47.9766 -21.2093 -44.5005 34.2825 -39.4401 15.5101 -39.3026 35.7769 -48.1401 -30.5172 14.6689 -37.1048 4.5723 -34.6810 5.7500 -33.9359 -48.8924 35.4158 -39.9426 18.6150 -31.2410 -48.1584 19.5229 -44.2880 -18.6866 -48.3418 -31.2534 3.1241 -39.1510 34.6071 -48.1205 -20.2832 -38.2029 15.7405 -29.5703 -41.1661 18.6924 -38.0141 12.9033 -37.9667 7.7136 -34.6056 -35.3200 -33.0427 5.9883 -39.6517 35.7045 -46.6145 -27.5479 -14.0321 -37.5061 35.8735 -47.1670 -30.3600 12.6236 -39.3494 -22.9219 -24.6967 -33.3412 -1.1824 -48.7603 -30.4589 31.0210 -45.6691 -25.6295
-45.8104 31.6667 -30.5945 -48.7424 -3.6200 -33.6196 -22.8278 -23.9693 -45.4376 25.5473 -41.4069 12.9416 -30.3184 -47.5167 33.2451 -35.7867 -45.8984 -8.8732 -39.6901 2.6236 -26.1325 -44.4213 23.0410 -33.4483 -49.0903 28.1021 -38.1593 -18.8226 -25.0675 -48.7488 -29.5849 29.1432 -39.8746 18.1612 -36.9971 7.5508 -33.4235 -43.5001 -18.5720 -42.6447 20.6595 -37.5360 16.0730 -42.1422 -18.9611 -14.1474 -44.0364 35.5009 -39.5544 13.8330 -39.4832 12.9203 10.9094 -36.4519 5.5542 -32.1081 -48.0486 -12.3037 -42.4870 32.8313 -44.4431 -17.8885 -48.4796 -31.8465 8.4730 -39.6060 34.4563 -43.1510 25.2790 -41.6382 -19.1901 7.1221 -36.7268 8.8605 -38.5782 22.8582 -39.0903 13.2765 -35.5668 -1.1327 -38.3068 33.3170 -46.0177 -24.4900 -35.0937 -35.8434 23.1154 -42.8271 -20.8339 -40.8470 -35.4159 17.9113 -39.5104 -23.2070 -22.2109 -33.6330 -3.6202 -48.7424 -30.5945 31.6667 -45.8104
30.9585 -30.4654 -48.6943 -5.7099 -33.9191 -19.7493 -23.7122 -43.7545 -21.4546 -48.5539 31.1459 -38.7098 -21.1691 -20.0686 -41.5702 10.9255 -29.0326 -46.4806 31.1931 -35.5837 -46.4074 -8.0865 -39.6848 2.4003 -25.9404 -44.4646 23.1202 -33.6743 -48.7396 -14.6466 -45.8037 -46.8298 3.0290 -41.5187 32.5282 -40.6247 27.7844 -33.5407 -48.8268 16.9521 -39.5825 8.2007 -36.9436 21.8940 -42.5006 25.0389 -27.7871 -48.9283 34.5788 -39.1957 25.8228 -45.7210 -26.4844 -43.4395 -27.2339 -48.7634 -16.8227 -45.0054 -3.6542 -45.0878 -6.7781 -46.2604 -21.1728 -47.4990 -32.3069 5.4678 -37.8930 17.5098 -38.9805 35.2772 -48.2964 -31.9510 2.3930 -38.8594 34.8412 -44.6403 6.4673 -40.3923 12.1441 -37.3446 23.4292 -43.8034 -22.0522 -37.3829 -35.3508 21.6973 -41.0379 -9.0837 -48.1140 -33.9795 16.4502 -40.4637 18.6462 -39.8076 -23.4741 -19.6643 -33.9224 -5.7100 -48.6943 -30.4654 30.9585
-30.3066 -48.6147 -7.4836 -34.2106 -17.0835 -23.7175 -39.5726 4.2702 -37.6200 -24.8763 -45.4509 23.7215 -32.7108 -48.6882 35.5003 -36.7393 -37.9244 -18.1167 -41.5843 12.3313 -29.7323 -47.0902 32.2865 -35.5478 -46.7665 -6.9138 -39.5920 1.5889 -25.8635 -44.9582 35.6873 -32.1598 -48.6996 -12.2915 -46.2894 -17.4988 -47.6564 7.9317 -24.6425 -45.2557 24.2613 -36.5676 -11.6238 -35.4181 13.5079 -36.1824 -32.2731 -17.9694 -41.9898 17.3534 -38.9586 34.5060 -45.9940 -11.0857 -45.7120 -1.9167 -45.6746 -22.9591 -48.6160 -25.3269 -48.7584 -23.5958 -48.5883 -24.3345 -47.5685 -31.0848 -14.5202 -35.9738 15.1695 -41.8082 -19.0219 -36.2044 -36.7513 33.8161 -47.2060 -25.1344 -46.2132 32.5266 -38.2540 13.7811 -40.6407 -11.8668 -46.0286 -34.6281 24.3158 -42.5999 -12.2980 -48.3236 -29.4249 10.8376 -42.1993 34.8978 -37.0843 15.3084 -40.1791 -23.7329 -17.0603 -34.2106 -7.4836 -48.6147 -30.3066
-48.6627 -9.0242 -34.4956 -14.4571 -23.9853 -40.4290 16.6634 -15.5027 -34.7009 -44.1914 -6.9235 -38.6241 -7.2893 -24.9113 -43.0863 19.3853 -32.3182 -48.8751 33.6838 -37.6680 -29.2278 -19.6686 -41.8125 11.4218 -29.0149 -46.8802 31.8574 -35.2198 -47.8284 0.6363 -39.8541 2.7418 -27.1436 -48.6867 -28.5766 -20.3724 -33.4872 -18.2712 -47.0084 35.7086 -39.0721 -2.8986 -31.2538 -43.3693 -30.1433 -39.6489 -24.1935 -45.4969 27.9865 -37.5840 6.8958 -38.3077 26.5675 -40.7325 34.3624 -43.3243 -20.1481 -17.3964 -34.0741 -4.9579 -33.2339 -27.0612 -29.9772 -47.8881 -25.3937 -48.5949 -29.6623 -18.4941 -37.4144 35.4713 -48.3836 -31.7008 18.5757 -43.7636 -24.5407 -7.2482 -35.0377 -30.8424 1.5757 -37.8883 35.4410 -48.4497 -31.4475 18.2057 -42.8455 -20.2499 -45.5593 -29.9084 -32.7709 -37.3429 35.0000 -47.0933 5.6117 -31.2563 15.1760 -40.4098 -23.9866 -14.4522 -34.4960 -9.0242 -48.6627
-12.4938 -34.7751 -11.9416 -24.2291 -40.6403 15.8813 -27.3810 -45.5163 14.0981 -27.6033 -44.8173 27.8930 -35.1319 -43.7670 -12.6398 -39.5171 1.1529 -25.3475 -44.1145 21.1481 -32.7026 -48.8995 35.2166 -36.8495 -37.7736 -20.8799 -41.8437 9.4270 -26.7832 -44.7235 24.6725 -34.1599 -47.4350 -29.8802 6.4778 -37.3332 18.1581 -43.0469 34.0326 -40.2572 9.7632 -32.0788 -48.4918 -21.1365 -48.2198 -16.1560 -45.3195 33.8632 -38.5621 0.3722 -34.9464 -7.9543 -35.8186 12.3723 -39.1742 35.3704 -48.9927 -35.7588 25.5366 -39.2093 18.7417 -37.7072 7.9778 -32.6976 -46.1140 -25.0005 -48.5007 -32.3026 13.7034 -42.2244 -21.1919 -17.0918 -38.1240 0.9843 -46.2909 -35.6347 32.0777 -47.5178 -33.2238 15.3121 -42.9006 -22.9592 -4.0538 -39.4843 -8.0117 -43.9249 -34.7252 13.8153 -34.5861 11.6351 -43.2665 -11.6660 29.3245 -46.3273 -27.5879 15.7858 -40.6366 -24.2281 -11.9464 -34.7772 -12.4886
-36.0875 -9.5726 -24.4580 -40.8731 16.5179 -27.7402 -46.3650 33.0145 -34.3643 -47.2437 -16.5378 -41.5805 21.2488 -32.5407 -48.8417 34.0052 -35.4799 -47.1860 0.2134 -38.8483 -6.8031 -23.1629 -43.0236 15.5349 -32.4868 -48.7957 33.9357 -34.0328 -48.3108 14.7275 -38.2837 -15.1065 -28.6396 -26.1320 -40.3081 25.6958 -39.4553 20.3215 -39.1620 10.0419 -33.4207 -46.3660 -18.9581 -45.2038 32.9626 -42.2507 28.3031 -38.6409 5.6909 -35.7035 -14.7121 -34.2278 -29.7207 -33.9203 3.6181 -37.7980 22.3735 -23.5000 -46.2274 31.5545 -43.2363 35.5592 -40.0707 14.0623 -32.8010 -47.4682 -27.4201 -29.4836 -37.2202 35.5441 -48.7331 -32.5798 22.7480 -44.8203 -27.5503 11.6534 -42.3710 -22.6615 -32.0084 -37.2270 33.7815 -49.1775 -33.7126 26.5411 -46.7943 -23.3404 20.8913 -44.3110 -2.7029 -34.1268 25.8751 -43.1956 -37.6088 35.0939 -46.7326 -27.7273 16.4918 -40.8868 -24.4685 -9.3962 -36.0777
