-19.0977 -23.0939 -46.6214 32.8895 -36.4194 -4.2723 -24.8781 -47.7677 31.8762 -37.5550 4.0925 -26.4525 -48.5956 21.3123 -38.6467 9.3830 -27.9509 -48.8023 1.7091 -39.7283 13.7075 -29.4532 -48.3794 -9.9181 -41.1788 17.7971 -30.9610 -46.3130 -15.4265 -42.6512 21.9999 -32.4661 -41.2674 -18.8407 -44.1185 26.3890 -33.9569 -31.1529 -21.3813 -45.5412 30.5746 -35.3829 -15.4154 -23.4615 -46.8644 33.1570 -36.6715 -2.0738 -25.2288 -47.9775 30.6439 -37.7935 5.5472 -27.1711 -48.8086 -16.1943 -48.3932 -24.7160 -10.7864 -35.7139 31.3870 -45.8518 -21.8808 -28.0144 -34.2830 27.3766 -44.4451 -19.4703 -39.5093 -32.8052 22.9717 -42.9805 -16.3095 -45.4990 -31.3015 18.7301 -41.5102 -11.4733 -48.0972 -29.7896 14.6300 -40.0526 -1.8584 -48.7854 -28.2897 10.4060 -38.8909 17.1937 -48.7092 -26.7912 5.4462 -37.8020 30.5531 -47.9907 -25.2521 -1.9184 -36.6930 33.1722 -46.9039 -23.5249 -15.3099
-23.0939 -46.8006 34.1898 -36.9545 -1.5181 -26.0323 -48.0559 34.3609 -37.9878 5.6063 -27.5473 -48.7883 25.3886 -38.9324 10.3981 -28.9727 -48.7848 4.9008 -39.7916 14.4975 -30.4154 -47.9397 -9.2779 -41.2866 18.4890 -31.8638 -45.1141 -15.6979 -42.8464 22.6842 -33.3091 -38.7587 -19.5563 -44.3802 27.1532 -34.7298 -26.7534 -22.3736 -45.8480 31.5916 -36.0598 -10.7202 -24.6064 -47.1843 34.7656 -37.2118 0.4247 -26.3945 -48.2565 33.4337 -38.1961 6.7659 -27.9203 -48.7880 5.2767 -42.7594 27.0790 -47.7298 -25.2090 -7.4388 -36.3426 32.4952 -46.1645 -22.9151 -23.2544 -35.0383 28.1828 -44.7200 -20.2596 -36.6087 -33.6336 23.6597 -43.1925 -16.7074 -44.0569 -32.1919 19.4125 -41.6387 -11.1106 -47.5252 -30.7377 15.3931 -40.0870 0.5639 -48.6940 -29.2967 11.3492 -39.1317 21.5150 -48.8644 -27.8682 6.8004 -38.2056 33.3767 -48.2650 -26.3981 0.4238 -37.1965 34.6959 -47.0870 -23.5249
-46.6214 34.1898 -37.0977 -0.3038 -26.3014 -48.2398 33.4818 -38.2736 6.7690 -27.8564 -48.8651 21.4719 -39.2484 11.3725 -29.3021 -48.6922 0.4951 -40.1466 15.4137 -30.7539 -47.5081 -11.1627 -41.6455 19.4305 -32.2094 -44.0328 -16.7288 -43.2040 23.6952 -33.6599 -36.5636 -20.2723 -44.7267 28.2042 -35.0762 -23.1333 -22.9324 -46.1725 32.5128 -36.3885 -7.5087 -25.0535 -47.4607 35.0326 -37.5059 2.1629 -26.7385 -48.4475 31.9157 -38.5007 7.8827 -28.1848 -48.8787 13.7681 -40.2973 24.1374 -39.3946 34.4502 -47.7665 -25.4975 -4.7441 -36.6624 33.3324 -46.4792 -23.4464 -19.4384 -35.3839 29.2289 -45.0627 -20.9315 -34.0894 -33.9833 24.6871 -43.5505 -17.6448 -42.7693 -32.5389 20.3669 -41.9977 -12.7025 -46.9774 -31.0803 16.3114 -40.4441 -3.1083 -48.5655 -29.6279 12.2983 -39.4512 16.9193 -48.8991 -28.1789 7.8854 -38.4951 32.0142 -48.4304 -26.6492 1.4835 -37.3400 34.6959 -46.9039
32.8895 -36.9545 -0.3038 -26.4045 -48.3444 32.5486 -38.4484 7.7392 -28.1467 -48.8999 17.0666 -39.4511 12.3056 -29.6300 -48.5626 -3.1703 -40.4510 16.3308 -31.0898 -46.9571 -12.7568 -42.0069 20.3865 -32.5458 -42.7400 -17.6643 -43.5602 24.7218 -33.9938 -34.0199 -20.9449 -45.0697 29.2506 -35.3913 -19.3334 -23.4645 -46.4895 33.3523 -36.6680 -4.6987 -25.4812 -47.7219 35.0100 -37.7390 3.7052 -27.0720 -48.6109 29.7505 -38.7242 8.9571 -28.5050 -48.8790 11.4302 -39.8255 16.2300 -34.5812 11.8846 -38.3466 34.4980 -47.9662 -25.8807 -2.3250 -36.9299 34.0516 -46.7847 -23.9550 -15.6044 -35.6936 30.2586 -45.4010 -21.5656 -31.2199 -34.3118 25.7314 -43.9057 -18.5027 -41.2434 -32.8748 21.3374 -42.3569 -14.0862 -46.2907 -31.4170 17.2319 -40.8017 -6.0886 -48.3633 -29.9566 13.2177 -39.6495 12.0898 -48.8893 -28.4697 8.8003 -38.6677 30.6776 -48.5222 -26.7453 1.4835 -37.1965 33.1722
-36.4194 -1.5181 -26.3014 -48.3444 32.1286 -38.5492 8.4000 -28.3786 -48.8983 12.7439 -39.6319 13.1774 -29.9452 -48.3647 -6.0870 -40.8048 17.2415 -31.4227 -46.2736 -14.1266 -42.3681 21.3626 -32.8817 -41.2093 -18.5199 -43.9142 25.7603 -34.3244 -31.1189 -21.5808 -45.4078 30.2795 -35.7002 -15.5136 -23.9701 -46.7957 34.0724 -36.9346 -2.2791 -25.8863 -47.9652 34.6304 -37.9705 5.0876 -27.4020 -48.7424 26.8654 -38.9445 9.9836 -28.8347 -48.8118 6.8193 -39.8785 14.7329 -31.9062 -30.2138 -30.6374 7.9370 -38.2666 33.7988 -48.1839 -26.2608 -0.2362 -37.1831 34.6121 -47.0809 -24.4391 -11.9329 -35.9956 31.2558 -45.7335 -22.1651 -28.0063 -34.6384 26.7830 -44.2579 -19.2937 -39.4511 -33.2098 22.3239 -42.7156 -15.2930 -45.4583 -31.7507 18.1500 -41.1547 -8.4670 -48.0840 -30.2709 14.0727 -39.8258 7.7002 -48.8440 -28.7017 9.4283 -38.7671 30.0956 -48.5222 -26.6492 0.4238 -36.6930
-4.2723 -26.0323 -48.2398 32.5486 -38.5492 8.6366 -28.5090 -48.8783 9.2913 -39.7802 13.9291 -30.2329 -48.1073 -8.3540 -41.1452 18.1398 -31.7503 -45.4522 -15.3164 -42.7248 22.3495 -33.2166 -39.4114 -19.3094 -44.2656 26.8083 -34.6505 -27.8813 -22.1832 -45.7402 31.2758 -36.0018 -11.8562 -24.4512 -47.0905 34.6289 -37.1884 -0.1966 -26.2684 -48.1882 33.8157 -38.1999 6.3487 -27.7336 -48.8379 23.2114 -39.1607 10.9723 -29.1664 -48.7266 2.2086 -40.0417 15.1497 -30.9808 -45.5744 -22.7660 -48.2292 -28.7762 7.7851 -38.4339 32.5090 -48.3841 -26.6196 1.5776 -37.4225 34.9667 -47.3645 -24.8990 -8.5811 -36.2890 32.2012 -46.0593 -22.7335 -24.4649 -34.9629 27.8379 -44.6065 -20.0287 -37.3627 -33.5435 23.3266 -43.0728 -16.3596 -44.4667 -32.0772 19.0555 -41.4952 -10.3450 -47.7395 -30.5570 14.8209 -39.9692 4.4431 -48.7900 -28.8322 9.6540 -38.7671 30.6776 -48.4304 -26.3981 -1.9184
-24.8781 -48.0559 33.4818 -38.4484 8.4000 -28.5090 -48.8668 7.3946 -39.8811 14.4990 -30.4692 -47.8177 -10.0814 -41.4596 18.9989 -32.0661 -44.4870 -16.3529 -43.0727 23.3351 -33.5485 -37.3204 -20.0432 -44.6138 27.8607 -34.9722 -24.3404 -22.7533 -46.0677 32.2198 -36.2949 -8.5151 -24.9090 -47.3720 34.9747 -37.4297 1.6212 -26.6267 -48.3879 32.4798 -38.4271 7.5159 -28.0649 -48.8906 18.7884 -39.3724 11.9332 -29.4990 -48.6239 -1.7670 -40.3075 15.9734 -31.0214 -46.8012 -16.3063 -45.7126 -9.4987 -48.7639 -28.5305 8.6331 -38.6480 30.5798 -48.5576 -26.9576 3.1744 -37.6543 35.0543 -47.6321 -25.3351 -5.6280 -36.5723 33.0702 -46.3773 -23.2756 -20.6894 -35.2814 28.8877 -44.9509 -20.7157 -34.9564 -33.8718 24.3328 -43.4214 -17.2987 -43.3149 -32.3900 19.9246 -41.8112 -11.7910 -47.3683 -30.7954 15.3961 -40.0638 2.7466 -48.7659 -28.8322 9.4283 -38.6677 32.0142 -48.2650 -25.2521
-47.7677 34.3609 -38.2736 7.7392 -28.3786 -48.8783 7.3946 -39.9159 14.8144 -30.6279 -47.5557 -11.3178 -41.7329 19.7692 -32.3522 -43.4094 -17.2498 -43.4070 24.3103 -33.8688 -34.9593 -20.7215 -44.9548 28.9078 -35.2876 -20.5919 -23.2929 -46.3879 33.0910 -36.5780 -5.5714 -25.3440 -47.6384 35.0530 -37.6634 3.2241 -26.9645 -48.5609 30.5331 -38.6516 8.6118 -28.3956 -48.8942 13.7766 -39.5772 12.8740 -29.8322 -48.4497 -5.0121 -40.6632 16.8764 -31.3003 -46.4842 -14.4522 -43.3294 33.4545 -41.6182 2.1766 -48.7705 -28.7440 9.6350 -38.8684 27.9522 -48.7007 -27.2865 4.6025 -37.8864 34.8084 -47.8826 -25.7482 -3.0774 -36.8440 33.8321 -46.6861 -23.7914 -16.8580 -35.5912 29.9194 -45.2873 -21.3542 -32.2664 -34.1900 25.3216 -43.7545 -18.1136 -42.0479 -32.6785 20.7093 -42.0848 -12.8467 -47.0342 -30.9563 15.7098 -40.0971 2.7466 -48.7900 -28.7017 8.8003 -38.4951 33.3767 -47.9907
31.8762 -37.9878 6.7690 -28.1467 -48.8983 9.2913 -39.8811 14.8144 -30.6845 -47.3940 -12.0662 -41.9400 20.4005 -32.5954 -42.3206 -18.0007 -43.7209 25.2455 -34.1740 -32.3595 -21.3407 -45.2839 29.9213 -35.5943 -16.7985 -23.8016 -46.6947 33.8497 -36.8494 -3.0291 -25.7565 -47.8879 34.7982 -37.8953 4.6526 -27.2946 -48.7032 27.8906 -38.8730 9.6531 -28.7265 -48.8429 8.5805 -39.7775 13.8015 -30.1663 -48.1930 -7.6396 -41.0221 17.8009 -31.6261 -45.7776 -15.0019 -42.8115 25.2650 -37.1126 20.5314 -40.3253 2.6331 -48.7498 -29.0537 10.6326 -39.0861 24.5670 -48.8087 -27.6154 5.9070 -38.1184 34.1540 -48.1132 -26.1384 -0.8849 -37.1021 34.4493 -46.9844 -24.2790 -13.1559 -35.8915 30.9079 -45.6115 -21.9398 -29.3420 -34.4944 26.2673 -44.0665 -18.8091 -40.7601 -32.9239 21.3509 -42.2908 -13.4988 -46.8340 -31.0128 15.7098 -40.0638 4.4431 -48.8440 -28.4697 7.8854 -38.2056 30.5531
-37.5550 5.6063 -27.8564 -48.8999 12.7439 -39.7802 14.4990 -30.6279 -47.3940 -12.3173 -42.0521 20.8234 -32.7775 -41.3361 -18.5921 -43.9940 26.1033 -34.4565 -29.6116 -21.9021 -45.5976 30.8807 -35.8866 -13.1770 -24.2809 -46.9897 34.4590 -37.1071 -0.8435 -26.1462 -48.1178 34.1347 -38.1253 5.9492 -27.6262 -48.8114 24.4897 -39.0906 10.6530 -29.0580 -48.7616 3.6825 -39.9728 14.7263 -30.5010 -47.8420 -9.7919 -41.3814 18.7360 -31.9614 -44.8492 -15.9981 -42.9813 23.6169 -34.8497 -0.3457 -33.5570 16.9064 -40.2832 -0.6204 -48.6666 -29.3833 11.6023 -39.2995 20.4175 -48.8768 -27.9448 7.1120 -38.3474 33.0088 -48.3214 -26.5051 1.0114 -37.3448 34.8756 -47.2677 -24.7375 -9.7771 -36.1770 31.8291 -45.9197 -22.4722 -26.3047 -34.7740 27.1317 -44.3376 -19.3606 -39.5989 -33.1058 21.7803 -42.4004 -13.7162 -46.8340 -30.9563 15.3961 -39.9692 7.7002 -48.8893 -28.1789 6.8004 -37.8020
4.0925 -27.5473 -48.8651 17.0666 -39.6319 13.9291 -30.4692 -47.5557 -12.0662 -42.0521 20.9725 -32.8768 -40.6128 -19.0124 -44.2085 26.8273 -34.6990 -26.9183 -22.4000 -45.8894 31.7617 -36.1624 -9.8796 -24.7271 -47.2668 34.8749 -37.3472 1.0302 -26.5107 -48.3255 32.9798 -38.3530 7.1431 -27.9571 -48.8785 20.3004 -39.3038 11.6220 -29.3903 -48.6646 -0.5508 -40.2175 15.6500 -30.8363 -47.3831 -11.5878 -41.7409 19.6826 -32.2983 -43.7149 -16.9838 -43.3024 24.0850 -34.1020 -26.1717 -27.5067 -39.1847 -31.9074 16.7905 -40.5524 -3.9694 -48.5191 -29.7164 12.5493 -39.5078 15.6145 -48.8990 -28.2759 8.2327 -38.5728 31.2878 -48.5040 -26.8454 2.6545 -37.5757 35.0578 -47.5315 -25.1623 -6.8282 -36.4442 32.6522 -46.2050 -22.9452 -23.3897 -35.0135 27.8581 -44.5502 -19.7514 -38.7573 -33.2051 21.9317 -42.4004 -13.4988 -47.0342 -30.7954 14.8209 -39.8258 12.0898 -48.8991 -27.8682 5.4462
-26.4525 -48.7883 21.4719 -39.4511 13.1774 -30.2329 -47.8177 -11.3178 -41.9400 20.8234 -32.8768 -40.3414 -19.2391 -44.3527 27.3602 -34.8889 -24.5302 -22.8108 -46.1457 32.5255 -36.4149 -7.0391 -25.1386 -47.5226 35.0562 -37.5711 2.6391 -26.8458 -48.5058 31.2668 -38.5761 8.2550 -28.2854 -48.8991 15.4557 -39.5105 12.5686 -29.7233 -48.5151 -4.0276 -40.5461 16.5719 -31.1735 -46.8011 -13.1158 -42.1003 20.6426 -32.6348 -42.3603 -17.8958 -43.6515 25.0077 -34.1462 -31.3736 -23.2640 -48.3115 -20.3598 -44.8280 -31.6529 17.5136 -40.8976 -6.7863 -48.2923 -30.0502 13.4809 -39.7101 10.4553 -48.8687 -28.6063 9.2838 -38.7934 28.9284 -48.6547 -27.1674 4.0891 -37.7978 34.9562 -47.7727 -25.5514 -4.3529 -36.6872 33.3429 -46.4548 -23.3360 -20.8641 -35.2008 28.3906 -44.6923 -19.9617 -38.4430 -33.2051 21.7803 -42.2908 -12.8467 -47.3683 -30.5570 14.0727 -39.6495 16.9193 -48.8644 -26.7912
-48.5956 25.3886 -39.2484 12.3056 -29.9452 -48.1073 -10.0814 -41.7329 20.4005 -32.7775 -40.6128 -19.2391 -44.4049 27.6540 -35.0113 -22.7304 -23.1192 -46.3521 33.1356 -36.6305 -4.7504 -25.5057 -47.7542 34.9724 -37.7863 4.0463 -27.1596 -48.6536 28.9560 -38.7935 9.2921 -28.6116 -48.8676 10.3210 -39.7127 13.4998 -30.0571 -48.2866 -6.8406 -40.9049 17.4974 -31.5127 -46.0741 -14.4400 -42.4595 21.6176 -32.9706 -40.7605 -18.7341 -44.0050 26.0294 -34.4166 -29.9505 -22.1897 -46.3844 28.7011 -44.7819 -17.0503 -44.9505 -31.8679 18.4106 -41.2557 -9.0899 -47.9753 -30.3848 14.4028 -39.9056 5.4082 -48.7925 -28.9347 10.2790 -39.0071 25.9179 -48.7713 -27.4809 5.3635 -38.0116 34.5407 -47.9875 -25.8975 -2.3794 -36.8940 33.8724 -46.6555 -23.6299 -19.0016 -35.3217 28.6776 -44.7431 -19.9617 -38.7573 -33.1058 21.3509 -42.0848 -11.7910 -47.7395 -30.2709 13.2177 -39.4512 21.5150 -48.7092
21.3123 -38.9324 11.3725 -29.6300 -48.3647 -8.3540 -41.4596 19.7692 -32.5954 -41.3361 -19.0124 -44.3527 27.6540 -35.0533 -21.7373 -23.3162 -46.4984 33.5705 -36.8016 -3.0304 -25.8117 -47.9500 34.6170 -37.9901 5.2737 -27.4646 -48.7686 26.0197 -39.0030 10.2668 -28.9331 -48.7913 5.3593 -39.9089 14.4215 -30.3916 -47.9678 -9.1332 -41.2639 18.4295 -31.8513 -45.1827 -15.6121 -42.8180 22.6087 -33.3053 -38.8861 -19.5087 -44.3569 27.0793 -34.7308 -26.9609 -22.4112 -46.0194 34.2736 -39.3851 30.1383 -43.6408 -16.8988 -44.0921 -32.1825 19.3492 -41.6150 -10.9973 -47.5559 -30.7198 15.3195 -40.1177 0.9561 -48.7029 -29.2577 11.2241 -39.2113 22.2715 -48.8530 -27.7847 6.4898 -38.2118 33.8253 -48.1695 -26.1885 -0.8929 -37.0571 34.2321 -46.7974 -23.8178 -17.9902 -35.3633 28.6776 -44.6923 -19.7514 -39.5989 -32.9239 20.7093 -41.8112 -10.3450 -48.0840 -29.9566 12.2983 -39.1317 17.1937
-38.6467 10.3981 -29.3021 -48.5626 -6.0870 -41.1452 18.9989 -32.3522 -42.3206 -18.5921 -44.2085 27.3602 -35.0113 -21.7373 -23.3843 -46.5769 33.8281 -36.9229 -1.8111 -26.0508 -48.1061 34.0502 -38.1712 6.3188 -27.7518 -48.8487 22.4835 -39.2035 11.1950 -29.2476 -48.7047 1.0052 -40.1157 15.3278 -30.7233 -47.5468 -11.0313 -41.6226 19.3700 -32.1867 -44.1114 -16.6607 -43.1754 23.6162 -33.6385 -36.7077 -20.2296 -44.7051 28.1358 -35.0512 -23.4261 -22.9037 -46.1854 33.0418 -37.3259 11.5484 -36.1610 26.0719 -43.6138 -17.6208 -42.8705 -32.5136 20.3012 -41.9732 -12.6060 -47.0214 -31.0521 16.2249 -40.4062 -2.6903 -48.5878 -29.5715 12.1251 -39.4075 18.1118 -48.8952 -28.0724 7.4627 -38.3924 32.8870 -48.3115 -26.4146 0.1680 -37.1722 34.4349 -46.8733 -23.8827 -17.9902 -35.3217 28.3906 -44.5502 -19.3606 -40.7601 -32.6785 19.9246 -41.4952 -8.4670 -48.3633 -29.6279 11.3492 -38.8909
9.3830 -28.9727 -48.6922 -3.1703 -40.8048 18.1398 -32.0661 -43.4094 -18.0007 -43.9940 26.8273 -34.8889 -22.7304 -23.3162 -46.5769 33.9123 -36.9866 -1.0612 -26.2196 -48.2205 33.3913 -38.3239 7.1809 -28.0080 -48.8916 18.6113 -39.3924 12.0716 -29.5561 -48.5944 -2.5768 -40.3955 16.2062 -31.0473 -47.0203 -12.6216 -41.9786 20.3163 -32.5199 -42.8437 -17.5977 -43.5314 24.6391 -33.9699 -34.1991 -20.9048 -45.0486 29.1854 -35.3693 -19.6240 -23.4244 -46.4717 33.3993 -36.8755 1.9068 -30.8678 -9.1837 -34.9621 25.9302 -43.8920 -18.4429 -41.3772 -32.8473 21.2628 -42.3295 -13.9811 -46.3655 -31.3780 17.1073 -40.7464 -5.6119 -48.4100 -29.8784 12.9837 -39.5915 13.7774 -48.8987 -28.3307 8.2729 -38.5449 31.8827 -48.4127 -26.5724 0.8200 -37.2325 34.4990 -46.8733 -23.8178 -19.0016 -35.2008 27.8581 -44.3376 -18.8091 -42.0479 -32.3900 19.0555 -41.1547 -6.0886 -48.5655 -29.2967 10.4060
-27.9509 -48.7848 0.4951 -40.4510 17.2415 -31.7503 -44.4870 -17.2498 -43.7209 26.1033 -34.6990 -24.5302 -23.1192 -46.4984 33.8281 -36.9866 -0.8116 -26.3084 -48.2913 32.7894 -38.4415 7.8446 -28.2221 -48.9028 14.8257 -39.5610 12.8756 -29.8504 -48.4255 -5.4533 -40.7281 17.0706 -31.3649 -46.3865 -13.9583 -42.3275 21.2680 -32.8537 -41.3439 -18.4527 -43.8855 25.6758 -34.2987 -31.3440 -21.5404 -45.3872 30.2167 -35.6804 -15.7730 -23.9318 -46.7728 34.0388 -36.9625 -1.0074 -27.5126 -48.3119 -25.7863 -23.2857 -34.7581 26.7450 -44.2308 -19.2315 -39.6080 -33.1820 22.2325 -42.6809 -15.1650 -45.5863 -31.6970 17.9790 -41.0796 -7.9407 -48.1692 -30.1719 13.7766 -39.7535 9.7713 -48.8728 -28.5453 8.9006 -38.6593 31.0246 -48.4746 -26.6548 1.0372 -37.2325 34.4349 -46.7974 -23.6299 -20.8641 -35.0135 27.1317 -44.0665 -18.1136 -43.3149 -32.0772 18.1500 -40.8017 -3.1083 -48.6940 -28.2897
-48.8023 4.9008 -40.1466 16.3308 -31.4227 -45.4522 -16.3529 -43.4070 25.2455 -34.4565 -26.9183 -22.8108 -46.3521 33.5705 -36.9229 -1.0612 -26.3084 -48.3155 32.4235 -38.5159 8.3064 -28.3856 -48.8929 11.5121 -39.7027 13.5822 -30.1188 -48.2052 -7.7095 -41.0503 17.9218 -31.6774 -45.6250 -15.1107 -42.6682 22.2202 -33.1805 -39.5922 -19.2429 -44.2363 26.7225 -34.6243 -28.1451 -22.1410 -45.7198 31.2151 -35.9827 -12.0895 -24.4172 -47.0674 34.5938 -37.1797 -0.0816 -26.5983 -48.5209 -8.8881 -47.5180 -23.5746 -23.7491 -34.9637 27.7568 -44.5783 -19.9667 -37.5718 -33.5076 23.2011 -43.0235 -16.1963 -44.6665 -32.0082 18.8387 -41.4022 -9.7847 -47.8726 -30.4436 14.4760 -39.8918 6.5095 -48.8305 -28.7093 9.3345 -38.7330 30.5273 -48.4956 -26.6548 0.8200 -37.1722 34.2321 -46.6555 -23.3360 -23.3897 -34.7740 26.2673 -43.7545 -17.2987 -44.4667 -31.7507 17.2319 -40.4441 0.5639 -48.7854
1.7091 -39.7916 15.4137 -31.0898 -46.2736 -15.3164 -43.0727 24.3103 -34.1740 -29.6116 -22.4000 -46.1457 33.1356 -36.8016 -1.8111 -26.2196 -48.2913 32.4235 -38.5420 8.5476 -28.4919 -48.8749 8.9898 -39.8135 14.1643 -30.3497 -47.9529 -9.4475 -41.3521 18.7314 -31.9781 -44.7351 -16.1280 -43.0037 23.1648 -33.4962 -37.6207 -19.9580 -44.5772 27.7620 -34.9426 -24.6447 -22.7090 -46.0451 32.1604 -36.2748 -8.7306 -24.8764 -47.3497 34.9562 -37.4134 1.5416 -26.6707 -48.4287 24.1479 -41.6864 34.5975 -46.7180 -23.4057 -20.8220 -35.2589 28.7926 -44.9161 -20.6378 -35.2955 -33.8219 24.1635 -43.3559 -17.1050 -43.6032 -32.3078 19.6581 -41.7023 -11.2503 -47.5403 -30.6780 15.0573 -40.0010 4.1584 -48.7877 -28.8159 9.5653 -38.7590 30.5273 -48.4746 -26.5724 0.1680 -37.0571 33.8724 -46.4548 -22.9452 -26.3047 -34.4944 25.3216 -43.4214 -16.3596 -45.4583 -31.4170 16.3114 -40.0870 -1.8584
-39.7283 14.4975 -30.7539 -46.9571 -14.1266 -42.7248 23.3351 -33.8688 -32.3595 -21.9021 -45.8894 32.5255 -36.6305 -3.0304 -26.0508 -48.2205 32.7894 -38.5159 8.5476 -28.5289 -48.8613 7.3896 -39.8902 14.5969 -30.5327 -47.7017 -10.7456 -41.6186 19.4720 -32.2548 -43.7579 -17.0096 -43.3270 24.0978 -33.8048 -35.4033 -20.6110 -44.9046 28.7696 -35.2500 -20.9823 -23.2448 -46.3605 33.0257 -36.5563 -5.7815 -25.3106 -47.6174 35.0582 -37.6456 3.1151 -26.9552 -48.5578 29.1367 -39.4987 20.2576 -38.4898 34.6618 -46.7312 -23.7776 -17.1848 -35.5604 29.7974 -45.2420 -21.2533 -32.7632 -34.1284 25.1093 -43.6750 -17.9023 -42.4433 -32.5843 20.4090 -41.9688 -12.3640 -47.2189 -30.8610 15.4938 -40.0748 2.7237 -48.7599 -28.8531 9.5653 -38.7330 31.0246 -48.4127 -26.4146 -0.8929 -36.8940 33.3429 -46.2050 -22.4722 -29.3420 -34.1900 24.3328 -43.0728 -15.2930 -46.2907 -31.0803 15.3931 -40.0526
13.7075 -30.4154 -47.5081 -12.7568 -42.3681 22.3495 -33.5485 -34.9593 -21.3407 -45.5976 31.7617 -36.4149 -4.7504 -25.8117 -48.1061 33.3913 -38.4415 8.3064 -28.4919 -48.8613 6.8284 -39.9314 14.8765 -30.6611 -47.4882 -11.6669 -41.8361 20.1128 -32.4985 -42.7359 -17.7573 -43.6274 24.9934 -34.1016 -32.9435 -21.2180 -45.2245 29.7451 -35.5460 -17.3053 -23.7451 -46.6640 33.7854 -36.8275 -3.2226 -25.7237 -47.8682 34.8332 -37.8769 4.5469 -27.2744 -48.6952 27.7261 -39.0374 12.7264 -33.5048 8.0049 -37.4604 34.5469 -46.9664 -24.2315 -13.5893 -35.8497 30.7575 -45.5564 -21.8250 -29.9937 -34.4226 26.0127 -43.9737 -18.5886 -41.2386 -32.8276 21.0594 -42.1882 -13.1511 -46.9508 -30.9896 15.7745 -40.1142 2.2295 -48.7599 -28.8159 9.3345 -38.6593 31.8827 -48.3115 -26.1885 -2.3794 -36.6872 32.6522 -45.9197 -21.9398 -32.2664 -33.8718 23.3266 -42.7156 -14.0862 -46.9774 -30.7377 14.6300
-29.4532 -47.9397 -11.1627 -42.0069 21.3626 -33.2166 -37.3204 -20.7215 -45.2839 30.8807 -36.1624 -7.0391 -25.5057 -47.9500 34.0502 -38.3239 7.8446 -28.3856 -48.8749 7.3896 -39.9314 14.9793 -30.7315 -47.3367 -12.2661 -42.0002 20.6219 -32.6993 -41.7494 -18.3768 -43.9006 25.8295 -34.3760 -30.3486 -21.7744 -45.5327 30.6873 -35.8320 -13.7727 -24.2112 -46.9508 34.3964 -37.0814 -1.0326 -26.1131 -48.0997 34.2064 -38.1065 5.8489 -27.6018 -48.8047 24.6509 -39.1101 11.2296 -30.6481 -39.7455 -29.3837 3.0942 -37.3900 34.8545 -47.2358 -24.6736 -10.2845 -36.1264 31.6539 -45.8557 -22.3508 -27.1158 -34.6943 26.8561 -44.2446 -19.1609 -40.0848 -33.0279 21.5765 -42.3496 -13.6678 -46.7579 -31.0602 15.8773 -40.1142 2.7237 -48.7877 -28.7093 8.9006 -38.5449 32.8870 -48.1695 -25.8975 -4.3529 -36.4442 31.8291 -45.6115 -21.3542 -34.9564 -33.5435 22.3239 -42.3569 -12.7025 -47.5252 -29.7896
-48.3794 -9.2779 -41.6455 20.3865 -32.8817 -39.4114 -20.0432 -44.9548 29.9213 -35.8866 -9.8796 -25.1386 -47.7542 34.6170 -38.1712 7.1809 -28.2221 -48.8929 8.9898 -39.8902 14.8765 -30.7315 -47.2775 -12.5760 -42.1055 20.9845 -32.8482 -40.9020 -18.8560 -44.1325 26.5737 -34.6204 -27.7495 -22.2676 -45.8188 31.5644 -36.1034 -10.5260 -24.6473 -47.2207 34.8243 -37.3136 0.8197 -26.4722 -48.3065 33.1086 -38.3329 7.0463 -27.9300 -48.8746 20.5983 -39.2959 11.6778 -29.7235 -47.9094 -20.2094 -48.7666 -27.5087 2.8679 -37.5558 35.0494 -47.4926 -25.0877 -7.3712 -36.3861 32.4678 -46.1347 -22.8188 -24.2850 -34.9358 27.6039 -44.4720 -19.6054 -39.0959 -33.1754 21.9366 -42.4535 -13.9377 -46.6839 -31.0602 15.7745 -40.0748 4.1584 -48.8305 -28.5453 8.2729 -38.3924 33.8253 -47.9875 -25.5514 -6.8282 -36.1770 30.9079 -45.2873 -20.7157 -37.3627 -33.2098 21.3374 -41.9977 -11.1106 -48.0972
-9.9181 -41.2866 19.4305 -32.5458 -41.2093 -19.3094 -44.6138 28.9078 -35.5943 -13.1770 -24.7271 -47.5226 34.9724 -37.9901 6.3188 -28.0080 -48.9028 11.5121 -39.8135 14.5969 -30.6611 -47.3367 -12.5760 -42.1422 21.1788 -32.9413 -40.2702 -19.1929 -44.3077 27.1809 -34.8253 -25.3260 -22.6886 -46.0738 32.3316 -36.3517 -7.6847 -25.0502 -47.4721 35.0416 -37.5321 2.4052 -26.8002 -48.4845 31.4921 -38.5537 8.1549 -28.2566 -48.8990 15.8476 -39.4979 12.5258 -29.7679 -48.3924 -11.2967 -44.3770 2.2811 -48.6187 -27.2612 3.9601 -37.7636 34.9961 -47.7277 -25.4695 -4.9120 -36.6246 33.1672 -46.3835 -23.2182 -21.7020 -35.1381 28.2090 -44.6457 -19.9160 -38.3696 -33.2661 22.1268 -42.4913 -13.9377 -46.7579 -30.9896 15.4938 -40.0010 6.5095 -48.8728 -28.3307 7.4627 -38.2118 34.5407 -47.7727 -25.1623 -9.7771 -35.8915 29.9194 -44.9509 -20.0287 -39.4511 -32.8748 20.3669 -41.6387 -11.4733
-41.1788 18.4890 -32.2094 -42.7400 -18.5199 -44.2656 27.8607 -35.2876 -16.7985 -24.2809 -47.2668 35.0562 -37.7863 5.2737 -27.7518 -48.8916 14.8257 -39.7027 14.1643 -30.5327 -47.4882 -12.2661 -42.1055 21.1788 -32.9733 -39.9334 -19.3970 -44.4256 27.6210 -34.9828 -23.2776 -23.0290 -46.2915 32.9680 -36.5716 -5.3448 -25.4127 -47.6987 35.0146 -37.7417 3.7925 -27.1054 -48.6322 29.3120 -38.7662 9.1778 -28.5779 -48.8728 10.7533 -39.6983 13.4324 -30.0430 -48.2745 -8.2030 -42.0020 29.8184 -40.5632 21.1465 -48.7514 -27.4584 5.1610 -37.9696 34.6579 -47.9391 -25.8115 -2.8981 -36.8358 33.7240 -46.5954 -23.5420 -19.5658 -35.2926 28.6472 -44.7650 -20.1038 -37.9787 -33.2968 22.1268 -42.4535 -13.6678 -46.9508 -30.8610 15.0573 -39.8918 9.7713 -48.8987 -28.0724 6.4898 -38.0116 34.9562 -47.5315 -24.7375 -13.1559 -35.5912 28.8877 -44.6065 -19.2937 -41.2434 -32.5389 19.4125 -41.5102
17.7971 -31.8638 -44.0328 -17.6643 -43.9142 26.8083 -34.9722 -20.5919 -23.8016 -46.9897 34.8749 -37.5711 4.0463 -27.4646 -48.8487 18.6113 -39.5610 13.5822 -30.3497 -47.7017 -11.6669 -42.0002 20.9845 -32.9413 -39.9334 -19.4660 -44.4891 27.8898 -35.0901 -21.7200 -23.2834 -46.4641 33.4621 -36.7568 -3.4873 -25.7301 -47.8986 34.7348 -37.9402 5.0144 -27.4012 -48.7488 26.5734 -38.9702 10.1352 -28.8922 -48.7987 5.8208 -39.8912 14.3371 -30.3656 -47.9905 -9.2123 -41.4671 21.4447 -36.1038 16.9068 -39.5557 21.7916 -48.8385 -27.7339 6.2612 -38.1648 34.0310 -48.1214 -26.1089 -1.2896 -37.0134 34.1372 -46.7633 -23.7857 -17.9826 -35.3978 28.9171 -44.8280 -20.1683 -37.9787 -33.2661 21.9366 -42.3496 -13.1511 -47.2189 -30.6780 14.4760 -39.7535 13.7774 -48.8952 -27.7847 5.3635 -37.7978 35.0578 -47.2677 -24.2790 -16.8580 -35.2814 27.8379 -44.2579 -18.5027 -42.7693 -32.1919 18.7301
-30.9610 -45.1141 -16.7288 -43.5602 25.7603 -34.6505 -24.3404 -23.2929 -46.6947 34.4590 -37.3472 2.6391 -27.1596 -48.7686 22.4835 -39.3924 12.8756 -30.1188 -47.9529 -10.7456 -41.8361 20.6219 -32.8482 -40.2702 -19.3970 -44.4891 27.9847 -35.1453 -20.7510 -23.4567 -46.5873 33.8071 -36.9015 -2.0698 -25.9953 -48.0670 34.2245 -38.1245 6.0722 -27.6863 -48.8335 23.2661 -39.1663 11.0383 -29.1988 -48.7154 1.4826 -40.0841 15.2264 -30.6924 -47.5887 -10.9214 -41.6359 19.9138 -33.7008 -10.3749 -32.3851 13.3048 -39.4496 18.6513 -48.8883 -28.0103 7.2338 -38.3476 33.1601 -48.2746 -26.3602 -0.0580 -37.1519 34.4162 -46.8833 -23.9501 -17.0125 -35.4528 29.0118 -44.8280 -20.1038 -38.3696 -33.1754 21.5765 -42.1882 -12.3640 -47.5403 -30.4436 13.7766 -39.5915 18.1118 -48.8530 -27.4809 4.0891 -37.5757 34.8756 -46.9844 -23.7914 -20.6894 -34.9629 26.7830 -43.9057 -17.6448 -44.0569 -31.3015
-46.3130 -15.6979 -43.2040 24.7218 -34.3244 -27.8813 -22.7533 -46.3879 33.8497 -37.1071 1.0302 -26.8458 -48.6536 26.0197 -39.2035 12.0716 -29.8504 -48.2052 -9.4475 -41.6186 20.1128 -32.6993 -40.9020 -19.1929 -44.4256 27.8898 -35.1453 -20.4324 -23.5460 -46.6647 34.0236 -37.0045 -1.0692 -26.2011 -48.2005 33.5525 -38.2869 6.9724 -27.9469 -48.8840 19.5076 -39.3538 11.8990 -29.4994 -48.6173 -2.0830 -40.3482 16.0951 -31.0110 -47.0807 -12.4861 -41.9545 20.3494 -32.8497 -37.2118 -25.7633 -44.9017 -30.5745 13.0897 -39.5716 14.6427 -48.9009 -28.2700 8.0768 -38.5094 32.1291 -48.3939 -26.5559 0.8097 -37.2491 34.5818 -46.9558 -24.0342 -16.6893 -35.4528 28.9171 -44.7650 -19.9160 -39.0959 -33.0279 21.0594 -41.9688 -11.2503 -47.8726 -30.1719 12.9837 -39.4075 22.2715 -48.7713 -27.1674 2.6545 -37.3448 34.4493 -46.6861 -23.2756 -24.4649 -34.6384 25.7314 -43.5505 -16.7074 -45.4990
-15.4265 -42.8464 23.6952 -33.9938 -31.1189 -22.1832 -46.0677 33.0910 -36.8494 -0.8435 -26.5107 -48.5058 28.9560 -39.0030 11.1950 -29.5561 -48.4255 -7.7095 -41.3521 19.4720 -32.4985 -41.7494 -18.8560 -44.3077 27.6210 -35.0901 -20.7510 -23.5460 -46.6919 34.1326 -37.0665 -0.4352 -26.3448 -48.2971 32.8393 -38.4244 7.7252 -28.1776 -48.9020 15.7006 -39.5247 12.7052 -29.7902 -48.4634 -4.9728 -40.6733 16.9388 -31.3217 -46.4693 -13.8225 -42.2939 21.1978 -32.8878 -40.4065 -20.9152 -47.4089 -17.0349 -47.6996 -30.2725 13.6632 -39.7238 10.6502 -48.8808 -28.5011 8.7864 -38.6451 31.0864 -48.4769 -26.6905 1.3657 -37.3074 34.6572 -46.9799 -24.0342 -17.0125 -35.3978 28.6472 -44.6457 -19.6054 -40.0848 -32.8276 20.4090 -41.7023 -9.7847 -48.1692 -29.8769 12.1237 -39.2109 25.9179 -48.6547 -26.8454 1.0114 -37.1021 33.8321 -46.3773 -22.7335 -28.0063 -34.3118 24.6871 -43.1925 -16.3095
-42.6512 22.6842 -33.6599 -34.0199 -21.5808 -45.7402 32.2198 -36.5780 -3.0291 -26.1462 -48.3255 31.2668 -38.7935 10.2668 -29.2476 -48.5944 -5.4533 -41.0503 18.7314 -32.2548 -42.7359 -18.3768 -44.1325 27.1809 -34.9828 -21.7200 -23.4567 -46.6647 34.1326 -37.0873 -0.1202 -26.4300 -48.3573 32.2178 -38.5312 8.3179 -28.3747 -48.8946 12.1364 -39.6737 13.4268 -30.0612 -48.2571 -7.2878 -40.9917 17.7700 -31.6258 -45.7503 -14.9663 -42.6277 22.1166 -33.1562 -39.5772 -19.6790 -45.1948 34.9611 -43.4580 -12.0107 -47.8256 -30.4182 14.3342 -39.8665 7.1002 -48.8369 -28.6981 9.3489 -38.7494 30.2180 -48.5305 -26.7702 1.6439 -37.3269 34.6572 -46.9558 -23.9501 -17.9826 -35.2926 28.2090 -44.4720 -19.1609 -41.2386 -32.5843 19.6581 -41.4022 -7.9228 -48.4119 -29.5687 11.2216 -39.0067 28.9284 -48.5040 -26.5051 -0.8849 -36.8440 33.0702 -46.0593 -22.1651 -31.2199 -33.9833 23.6597 -42.9805
21.9999 -33.3091 -36.5636 -20.9449 -45.4078 31.2758 -36.2949 -5.5714 -25.7565 -48.1178 32.9798 -38.5761 9.2921 -28.9331 -48.7047 -2.5768 -40.7281 17.9218 -31.9781 -43.7579 -17.7573 -43.9006 26.5737 -34.8253 -23.2776 -23.2834 -46.5873 34.0236 -37.0665 -0.1202 -26.4592 -48.3866 31.7991 -38.5998 8.7323 -28.5283 -48.8708 9.0700 -39.8012 14.0673 -30.3068 -48.0110 -9.1008 -41.2921 18.5796 -31.9246 -44.9033 -15.9677 -42.9531 23.0363 -33.4613 -37.8131 -19.9702 -44.7438 30.9824 -38.4364 25.8471 -42.1467 -11.4521 -47.5892 -30.6389 14.9669 -39.9893 4.2311 -48.7807 -28.8513 9.7451 -38.8171 29.6457 -48.5571 -26.7975 1.6439 -37.3074 34.5818 -46.8833 -23.7857 -19.5658 -35.1381 27.6039 -44.2446 -18.5886 -42.4433 -32.3078 18.8383 -41.0792 -5.5872 -48.5899 -29.2564 10.2779 -38.7934 31.2878 -48.3214 -26.1384 -3.0774 -36.5723 32.2012 -45.7335 -21.5656 -34.0894 -33.6336 22.9717
-32.4661 -38.7587 -20.2723 -45.0697 30.2795 -36.0018 -8.5151 -25.3440 -47.8879 34.1347 -38.3530 8.2550 -28.6116 -48.7913 1.0052 -40.3955 17.0706 -31.6774 -44.7351 -17.0096 -43.6274 25.8295 -34.6204 -25.3260 -23.0290 -46.4641 33.8071 -37.0045 -0.4352 -26.4300 -48.3866 31.6482 -38.6335 8.9688 -28.6294 -48.8425 6.7462 -39.9040 14.6095 -30.5219 -47.7398 -10.5303 -41.5665 19.3299 -32.2062 -43.9403 -16.8640 -43.2728 23.9457 -33.7619 -35.7021 -20.5540 -44.9045 29.3287 -36.3404 7.4338 -35.0095 21.6631 -42.0167 -12.2554 -47.2622 -30.8501 15.5074 -40.0876 2.1584 -48.7430 -28.9526 9.9718 -38.8501 29.4407 -48.5571 -26.7702 1.3657 -37.2491 34.4162 -46.7633 -23.5420 -21.7020 -34.9358 26.8561 -43.9737 -17.9022 -43.6033 -32.0071 17.9785 -40.7459 -2.6863 -48.7034 -28.9347 9.2838 -38.5728 33.0088 -48.1132 -25.7482 -5.6280 -36.2890 31.2558 -45.4010 -20.9315 -36.6087 -32.8052
-41.2674 -19.5563 -44.7267 29.2506 -35.7002 -11.8562 -24.9090 -47.6384 34.7982 -38.1253 7.1431 -28.2854 -48.8676 5.3593 -40.1157 16.2062 -31.3649 -45.6250 -16.1280 -43.3270 24.9934 -34.3760 -27.7495 -22.6886 -46.2915 33.4621 -36.9015 -1.0692 -26.3448 -48.3573 31.7991 -38.6335 9.0435 -28.6778 -48.8218 5.2492 -39.9777 15.0291 -30.6975 -47.4708 -11.6378 -41.8118 20.0183 -32.4603 -42.9163 -17.6419 -43.5798 24.8438 -34.0532 -33.3534 -21.1387 -45.1917 29.7602 -35.8068 -6.7602 -29.5148 -24.8885 -33.5345 21.2326 -42.1789 -13.1317 -46.9246 -31.0249 15.9261 -40.1849 0.8625 -48.7301 -29.0006 10.0436 -38.8501 29.6457 -48.5305 -26.6905 0.8097 -37.1519 34.1372 -46.5954 -23.2182 -24.2854 -34.6943 26.0125 -43.6750 -17.0986 -44.6682 -31.6945 17.1072 -40.4060 0.9561 -48.7925 -28.6063 8.2327 -38.3474 34.1540 -47.8826 -25.3351 -8.5811 -35.9956 30.2586 -45.0627 -20.2596 -39.5093
-18.8407 -44.3802 28.2042 -35.3913 -15.5136 -24.4512 -47.3720 35.0530 -37.8953 5.9492 -27.9571 -48.8991 10.3210 -39.9089 15.3278 -31.0473 -46.3865 -15.1107 -43.0037 24.0978 -34.1016 -30.3486 -22.2676 -46.0738 32.9680 -36.7568 -2.0698 -26.2011 -48.2971 32.2178 -38.5998 8.9688 -28.6778 -48.8146 4.5428 -40.0200 15.3096 -30.8255 -47.2345 -12.4575 -42.0203 20.6253 -32.6852 -41.8739 -18.2944 -43.8612 25.7081 -34.3311 -30.8086 -21.6844 -45.4855 30.5819 -35.8523 -11.8997 -25.9262 -48.7979 -23.5265 -37.3297 -33.1684 21.6209 -42.3731 -13.8353 -46.6295 -31.1522 16.2063 -40.2650 0.2811 -48.7254 -29.0006 9.9718 -38.8171 30.2180 -48.4769 -26.5559 -0.0580 -37.0134 33.7240 -46.3835 -22.8177 -27.1189 -34.4225 25.1006 -43.3529 -16.1815 -45.5886 -31.3766 16.2249 -40.1177 5.4082 -48.8687 -28.2759 7.1120 -38.1184 34.8084 -47.6321 -24.8990 -11.9329 -35.6936 29.2289 -44.7200 -19.4703
-44.1185 27.1532 -35.0762 -19.3334 -23.9701 -47.0905 34.9747 -37.6634 4.6526 -27.6262 -48.8785 15.4557 -39.7127 14.4215 -30.7233 -47.0203 -13.9583 -42.6682 23.1648 -33.8048 -32.9435 -21.7744 -45.8188 32.3316 -36.5716 -3.4873 -25.9953 -48.2005 32.8393 -38.5312 8.7323 -28.6294 -48.8218 4.5428 -40.0334 15.4415 -30.9008 -47.0594 -13.0166 -42.1845 21.1277 -32.8755 -40.8608 -18.8348 -44.1093 26.4883 -34.5868 -28.1657 -22.1870 -45.7687 31.4221 -36.0713 -10.5682 -24.9611 -47.7344 5.6074 -46.2009 -20.6859 -38.5015 -33.2297 22.0869 -42.5358 -14.3241 -46.4128 -31.2276 16.3384 -40.2906 0.2811 -48.7301 -28.9526 9.7451 -38.7494 31.0864 -48.3939 -26.3602 -1.2896 -36.8358 33.1631 -46.1340 -22.3493 -30.0006 -34.1280 24.1537 -43.0185 -15.1559 -46.3664 -31.0521 15.3195 -39.9056 10.4553 -48.8990 -27.9448 5.9070 -37.8864 35.0543 -47.3645 -24.4391 -15.6044 -35.3839 28.1828 -44.4451
26.3890 -34.7298 -23.1333 -23.4645 -46.7957 34.6289 -37.4297 3.2241 -27.2946 -48.8114 20.3004 -39.5105 13.4998 -30.3916 -47.5468 -12.6216 -42.3275 22.2202 -33.4962 -35.4033 -21.2180 -45.5327 31.5644 -36.3517 -5.3448 -25.7301 -48.0670 33.5525 -38.4244 8.3179 -28.5283 -48.8425 5.2492 -40.0200 15.4415 -30.9248 -46.9702 -13.3327 -42.2943 21.5040 -33.0260 -39.9502 -19.2719 -44.3235 27.1754 -34.8132 -25.5861 -22.6310 -46.0336 32.2041 -36.3120 -8.0516 -25.0590 -47.5662 33.9283 -40.5050 34.2815 -45.1188 -20.2016 -37.8968 -33.3567 22.4587 -42.6451 -14.6013 -46.3067 -31.2516 16.3384 -40.2650 0.8625 -48.7430 -28.8513 9.3489 -38.6451 32.1291 -48.2747 -26.1078 -2.9013 -36.6247 32.4619 -45.8544 -21.8234 -32.7711 -33.8213 23.1997 -42.6789 -13.9806 -47.0214 -30.7198 14.4028 -39.7101 15.6145 -48.8768 -27.6154 4.6025 -37.6543 34.9667 -47.0809 -23.9550 -19.4384 -35.0383 27.3766
-33.9569 -26.7534 -22.9324 -46.4895 34.0724 -37.1884 1.6212 -26.9645 -48.7032 24.4897 -39.3038 12.5686 -30.0571 -47.9678 -11.0313 -41.9786 21.2680 -33.1805 -37.6207 -20.6110 -45.2245 30.6873 -36.1034 -7.6847 -25.4127 -47.8986 34.2245 -38.2869 7.7252 -28.3747 -48.8708 6.7462 -39.9777 15.3096 -30.9008 -46.9702 -13.4312 -42.3460 21.7244 -33.1286 -39.2284 -19.6073 -44.5005 27.7640 -35.0073 -23.2032 -23.0122 -46.2683 32.8826 -36.5380 -5.6899 -25.3710 -47.6898 34.9214 -38.5445 16.1010 -37.3150 30.3235 -44.9260 -20.3403 -37.1435 -33.4559 22.6822 -42.6967 -14.6879 -46.3067 -31.2276 16.2063 -40.1849 2.1584 -48.7807 -28.6981 8.7864 -38.5086 33.1705 -48.1200 -25.8078 -4.9259 -36.3850 31.6449 -45.5531 -21.2505 -35.3021 -33.5062 22.2323 -42.3295 -12.6060 -47.5559 -30.3848 13.4809 -39.5078 20.4175 -48.8087 -27.2865 3.1744 -37.4225 34.6121 -46.7847 -23.4464 -23.2544 -34.2830
-31.1529 -22.3736 -46.1725 33.3523 -36.9346 -0.1966 -26.6267 -48.5609 27.8906 -39.0906 11.6220 -29.7233 -48.2866 -9.1332 -41.6226 20.3163 -32.8537 -39.5922 -19.9580 -44.9046 29.7451 -35.8320 -10.5260 -25.0502 -47.6987 34.7348 -38.1245 6.9724 -28.1776 -48.8946 9.0700 -39.9040 15.0291 -30.8255 -47.0594 -13.3327 -42.3460 21.7948 -33.1776 -38.7790 -19.8297 -44.6309 28.2258 -35.1664 -21.1241 -23.3328 -46.4723 33.4412 -36.7380 -3.7135 -25.6900 -47.8760 34.7423 -38.0869 8.5210 -32.2359 1.1125 -36.0651 29.5424 -44.9815 -20.5189 -36.6355 -33.5035 22.7537 -42.6967 -14.6013 -46.4128 -31.1522 15.9261 -40.0876 4.2316 -48.8369 -28.5011 8.0768 -38.3478 34.0439 -47.9363 -25.4640 -7.3951 -36.1244 30.7412 -45.2387 -20.6329 -37.5746 -33.1809 21.2628 -41.9732 -10.9973 -47.9753 -30.0502 12.5493 -39.2995 24.5670 -48.7007 -26.9576 1.5776 -37.1831 34.0516 -46.4792 -22.9151 -28.0144
-21.3813 -45.8480 32.5128 -36.6680 -2.2791 -26.2684 -48.3879 30.5331 -38.8730 10.6530 -29.3903 -48.5151 -6.8406 -41.2639 19.3700 -32.5199 -41.3439 -19.2429 -44.5772 28.7696 -35.5460 -13.7727 -24.6473 -47.4721 35.0146 -37.9402 6.0722 -27.9469 -48.9020 12.1364 -39.8012 14.6095 -30.6975 -47.2345 -13.0166 -42.2943 21.7244 -33.1776 -38.6327 -19.9338 -44.7085 28.5385 -35.2845 -19.4466 -23.5906 -46.6427 33.8807 -36.9100 -2.1200 -25.9730 -48.0497 34.2798 -38.1380 6.7079 -29.1627 -45.9136 -27.5203 -10.3667 -35.7213 29.6085 -45.0432 -20.6118 -36.4702 -33.5035 22.6822 -42.6451 -14.3241 -46.6295 -31.0237 15.5068 -39.9892 7.1008 -48.8808 -28.2700 7.2338 -38.1665 34.6668 -47.7242 -25.0836 -10.3045 -35.8470 29.7868 -44.9148 -19.9633 -39.6084 -32.8473 20.3012 -41.6150 -9.0899 -48.2923 -29.7164 11.6023 -39.0861 27.9522 -48.5576 -26.6196 -0.2362 -36.9299 33.3324 -46.1645 -21.8808
-45.5412 31.5916 -36.3885 -4.6987 -25.8863 -48.1882 32.4798 -38.6516 9.6531 -29.0580 -48.6646 -4.0276 -40.9049 18.4295 -32.1867 -42.8437 -18.4527 -44.2363 27.7620 -35.2500 -17.3053 -24.2112 -47.2207 35.0416 -37.7417 5.0144 -27.6863 -48.8840 15.7006 -39.6737 14.0673 -30.5219 -47.4708 -12.4575 -42.1845 21.5040 -33.1286 -38.7790 -19.9338 -44.7331 28.6958 -35.3549 -18.2786 -23.7803 -46.7741 34.2000 -37.0534 -0.8414 -26.2168 -48.1970 33.5913 -38.2836 7.0383 -28.2461 -48.7577 -15.7703 -48.3721 -25.1295 -13.5406 -35.6808 29.7106 -45.0640 -20.6118 -36.6388 -33.4558 22.4586 -42.5358 -13.8288 -46.9258 -30.8488 14.9662 -39.8664 10.6506 -48.9009 -28.0090 6.2471 -37.9676 35.0001 -47.4876 -24.6712 -13.6234 -35.5561 28.7888 -44.5775 -19.2315 -41.3772 -32.5125 19.3483 -41.2554 -6.7854 -48.5192 -29.3832 10.6324 -38.8683 30.5800 -48.3841 -26.2607 -2.3251 -36.6624 32.4952 -45.8518
30.5746 -36.0598 -7.5087 -25.4812 -47.9652 33.8157 -38.4271 8.6118 -28.7265 -48.7616 -0.5508 -40.5461 17.4974 -31.8513 -44.1114 -17.5977 -43.8855 26.7225 -34.9426 -20.9823 -23.7451 -46.9508 34.8243 -37.5321 3.7925 -27.4012 -48.8335 19.5076 -39.5247 13.4268 -30.3068 -47.7398 -11.6378 -42.0203 21.1277 -33.0260 -39.2284 -19.8297 -44.7085 28.6958 -35.3773 -17.7255 -23.8922 -46.8626 34.4117 -37.1639 0.1324 -26.4179 -48.3178 32.7456 -38.4315 7.7377 -28.2297 -48.8002 1.4627 -42.8309 28.5618 -47.4645 -24.5365 -13.8672 -35.6830 29.7070 -45.0397 -20.5150 -37.1573 -33.3538 22.0836 -42.3720 -13.1195 -47.2651 -30.6348 14.3303 -39.7223 14.7083 -48.8887 -27.7233 5.1281 -37.7580 35.0474 -47.2325 -24.2268 -17.2557 -35.2533 27.7514 -44.2298 -18.4358 -42.8822 -32.1761 18.4038 -40.8950 -3.9525 -48.6673 -29.0504 9.6309 -38.6466 32.5137 -48.1838 -25.8781 -4.7525 -36.3405 31.3822
-35.3829 -10.7202 -25.0535 -47.7219 34.6304 -38.1999 7.5159 -28.3956 -48.8429 3.6825 -40.2175 16.5719 -31.5127 -45.1827 -16.6607 -43.5314 25.6758 -34.6243 -24.6447 -23.2448 -46.6640 34.3964 -37.3136 2.4052 -27.1054 -48.7488 23.2661 -39.3538 12.7052 -30.0612 -48.0110 -10.5303 -41.8118 20.6253 -32.8755 -39.9502 -19.6073 -44.6309 28.5385 -35.3549 -17.7255 -23.9276 -46.9074 34.5286 -37.2371 0.8091 -26.5708 -48.4107 31.8352 -38.5616 8.4036 -28.4023 -48.8694 9.1866 -40.4368 24.2763 -39.2343 35.0994 -47.2556 -24.4285 -14.0165 -35.6582 29.5594 -44.9632 -20.3066 -37.9901 -33.2038 21.5795 -42.1636 -12.1797 -47.6117 -30.3888 13.6157 -39.5563 18.9750 -48.8404 -27.4279 3.8867 -37.5432 34.8375 -46.9571 -23.7482 -21.0161 -34.9391 26.7012 -43.8783 -17.5728 -44.1523 -31.8383 17.4658 -40.5339 -0.4451 -48.7648 -28.7171 8.5861 -38.4213 33.8386 -47.9601 -25.4724 -7.5677 -35.6899
-15.4154 -24.6064 -47.4607 35.0100 -37.9705 6.3487 -28.0649 -48.8942 8.5805 -39.9728 15.6500 -31.1735 -46.0741 -15.6121 -43.1754 24.6391 -34.2987 -28.1451 -22.7090 -46.3605 33.7854 -37.0814 0.8197 -26.8002 -48.6322 26.5734 -39.1663 11.8990 -29.7902 -48.2571 -9.1008 -41.5665 20.0183 -32.6852 -40.8608 -19.2719 -44.5005 28.2258 -35.2845 -18.2786 -23.8922 -46.9074 34.5637 -37.2724 1.2288 -26.6799 -48.4658 30.9641 -38.6659 8.9420 -28.5740 -48.8567 8.1436 -39.9671 16.7698 -34.5682 10.8696 -37.9191 35.0202 -47.2004 -24.3678 -14.5651 -35.5890 29.2476 -44.8363 -19.9931 -39.0455 -33.0139 20.9630 -41.9185 -10.9711 -47.9356 -30.1173 12.8225 -39.3739 22.9347 -48.7564 -27.1258 2.4769 -37.3210 34.4024 -46.6613 -23.2364 -24.7166 -34.6177 25.6545 -43.5242 -16.6284 -45.2148 -31.5018 16.5379 -40.2078 3.8388 -48.8462 -28.3837 7.4848 -38.1930 34.6439 -47.7157 -25.0475 -11.8064
-23.4615 -47.1843 35.0326 -37.7390 5.0876 -27.7336 -48.8906 13.7766 -39.7775 14.7263 -30.8363 -46.8011 -14.4400 -42.8180 23.6162 -33.9699 -31.3440 -22.1410 -46.0451 33.0257 -36.8275 -1.0326 -26.4722 -48.4845 29.3120 -38.9702 11.0383 -29.4994 -48.4634 -7.2878 -41.2921 19.3299 -32.4603 -41.8739 -18.8348 -44.3235 27.7640 -35.1664 -19.4466 -23.7803 -46.8626 34.5286 -37.2719 1.0383 -26.6223 -48.5316 29.2821 -38.7646 9.1655 -28.6368 -48.8049 5.7400 -39.9612 15.1968 -31.9609 -30.2429 -30.1035 5.0394 -37.6539 34.9327 -47.1486 -24.2580 -15.7046 -35.4725 28.7883 -44.6634 -19.5860 -40.2279 -32.7895 20.2648 -41.6442 -9.4602 -48.2158 -29.8284 11.9809 -39.1837 26.3625 -48.6390 -26.8113 0.8477 -37.0815 33.7748 -46.3539 -22.6977 -28.2137 -34.2920 24.6181 -43.1681 -15.5840 -46.0947 -31.1655 15.6197 -39.9678 8.7703 -48.8953 -28.0524 6.3075 -37.9616 35.0143 -47.4535 -23.8829
-46.8644 34.7656 -37.5059 3.7052 -27.4020 -48.8379 18.7884 -39.5772 13.8015 -30.5010 -47.3831 -13.1158 -42.4595 22.6087 -33.6385 -34.1991 -21.5404 -45.7198 32.1604 -36.5563 -3.2226 -26.1131 -48.3065 31.4921 -38.7662 10.1352 -29.1988 -48.6173 -4.9728 -40.9917 18.5796 -32.2062 -42.9163 -18.2944 -44.1093 27.1754 -35.0073 -21.1241 -23.5906 -46.7741 34.4116 -37.2364 1.2245 -26.8793 -48.6206 29.8642 -38.8160 9.5124 -29.0635 -48.7540 2.5243 -40.1081 15.3294 -31.0445 -45.5768 -22.6683 -48.6642 -27.6278 2.6141 -37.4709 34.8470 -47.0633 -24.0789 -17.3790 -35.3160 28.2044 -44.4514 -19.0845 -41.4509 -32.5358 19.5058 -41.3476 -7.5865 -48.4400 -29.5305 11.1104 -38.9836 29.2229 -48.4884 -26.4745 -1.0519 -36.8218 33.0097 -46.0385 -22.1290 -31.4061 -33.9631 23.5954 -42.8106 -14.4147 -46.8143 -30.8296 14.7027 -39.7747 13.9486 -48.8894 -27.7229 5.0391 -37.7292 35.0252 -47.1373
