-7.8276 -24.4166 -47.4806 32.8387 -37.2419 2.1584 -26.0173 -48.4064 25.6634 -38.3338 8.0149 -27.5203 -48.8275 7.1412 -39.4159 12.5126 -29.0214 -48.6227 -7.5183 -40.7589 16.6198 -30.5275 -47.1402 -14.1547 -42.2278 20.7718 -32.0339 -43.1329 -17.9781 -43.6994 25.1202 -33.5334 -34.7028 -20.7100 -45.1392 29.4444 -34.9828 -20.2167 -22.9005 -46.5006 32.7339 -36.3208 -5.1654 -24.7480 -47.6876 32.2033 -37.4717 3.6019 -26.3343 -48.5483 22.6019 -38.5711 9.1818 -28.2442 -48.6153 -18.7154 -48.7701 -25.9417 -2.0211 -36.6178 33.0961 -46.7862 -23.3414 -16.4387 -35.2982 30.3418 -45.4561 -21.2387 -31.9879 -33.8632 26.1141 -44.0286 -18.6626 -41.6985 -32.3741 21.7297 -42.5573 -15.1635 -46.5115 -30.8680 17.5449 -41.0891 -9.4508 -48.4433 -29.3574 13.4485 -39.6533 2.7945 -48.8108 -27.8591 9.0984 -38.5792 22.3666 -48.5588 -26.3562 3.6887 -37.4876 32.1159 -47.7247 -24.8045 -4.9597
-24.4166 -47.6690 35.0073 -37.6809 3.8466 -27.1176 -48.6355 29.3182 -38.6660 9.1258 -28.5603 -48.8775 11.1808 -39.5516 13.3493 -30.0006 -48.3314 -6.3909 -40.8397 17.3300 -31.4467 -46.2059 -14.2384 -42.4000 21.4513 -32.8948 -41.0707 -18.5884 -43.9435 25.8474 -34.3286 -30.8518 -21.6367 -45.4359 30.3634 -35.6903 -15.2011 -24.0131 -46.8214 34.1265 -36.9064 -2.0931 -25.9236 -47.9847 34.5761 -37.9180 5.1994 -27.4391 -48.7527 26.5796 -38.8628 10.0883 -28.9388 -48.7386 -6.2504 -43.6996 13.5045 -48.3393 -26.4486 0.0052 -37.1492 34.6503 -47.1066 -24.4822 -11.6381 -35.9821 31.3361 -45.7609 -22.2146 -27.7062 -34.6422 26.8729 -44.2873 -19.3574 -39.2894 -33.2211 22.4072 -42.7474 -15.4009 -45.3704 -31.7748 18.2407 -41.1913 -8.7081 -48.0402 -30.3221 14.2497 -39.7334 6.1941 -48.8035 -28.8835 10.1173 -38.8705 26.4117 -48.7589 -27.4373 5.1750 -37.8983 34.6594 -47.9120 -24.8045
-47.4806 35.0073 -37.8323 4.6789 -27.3471 -48.7470 26.6865 -38.9617 10.1032 -28.8757 -48.8034 6.1648 -39.8755 14.2667 -30.3349 -48.0285 -8.7730 -41.1981 18.2584 -31.7903 -45.3512 -15.4251 -42.7590 22.4420 -33.2450 -39.2519 -19.3712 -44.2941 26.8943 -34.6771 -27.5953 -22.2335 -45.7691 31.3551 -36.0261 -11.5698 -24.4895 -47.1143 34.6669 -37.2106 -0.0283 -26.2985 -48.2055 33.7274 -38.2186 6.4481 -27.7623 -48.8442 22.8542 -39.1782 11.0532 -29.2066 -48.7094 -0.9103 -41.1507 27.3749 -40.0823 29.4610 -48.4228 -26.6718 1.7205 -37.4403 34.9860 -47.3877 -24.9360 -8.3236 -36.3125 32.2754 -46.0856 -22.7810 -24.1381 -34.9909 27.9247 -44.6349 -20.0866 -37.1781 -33.5707 23.4151 -43.1072 -16.4638 -44.3399 -32.1201 19.1791 -41.5501 -10.6732 -47.6407 -30.6596 15.1594 -40.0692 1.6543 -48.7169 -29.1994 11.0557 -39.1715 23.1034 -48.8411 -27.6683 5.9415 -38.0531 34.6594 -47.7247
32.8387 -37.6809 4.6789 -27.4406 -48.8048 24.3423 -39.1269 10.9326 -29.1677 -48.7206 1.7904 -40.0650 15.1629 -30.6619 -47.6290 -10.7227 -41.5574 19.1984 -32.1270 -44.3162 -16.4858 -43.1170 23.4491 -33.5813 -37.1195 -20.1010 -44.6421 27.9467 -34.9984 -24.0374 -22.8001 -46.0962 32.2985 -36.3184 -8.2594 -24.9454 -47.3944 34.9922 -37.4500 1.7708 -26.6550 -48.4031 32.3450 -38.4455 7.6082 -28.0924 -48.8925 18.3644 -39.3880 12.0106 -29.5275 -48.6097 -2.5060 -40.5771 19.1032 -35.4463 14.7537 -39.0462 29.7889 -48.5715 -26.9872 3.2967 -37.6741 35.0477 -47.6539 -25.3698 -5.4047 -36.5950 33.1368 -46.4028 -23.3219 -20.3628 -35.3079 28.9740 -44.9791 -20.7705 -34.7388 -33.9022 24.4421 -43.4648 -17.4241 -43.1053 -32.4566 20.1314 -41.9094 -12.3313 -47.1274 -30.9890 16.0563 -40.3403 -2.0417 -48.6180 -29.4920 11.8699 -39.3360 20.2484 -48.8787 -27.7613 5.9415 -37.8983 32.1159
-37.2419 3.8466 -27.3471 -48.8048 23.3623 -39.2237 11.5108 -29.3998 -48.6420 -1.5839 -40.3118 16.0142 -30.9791 -47.1342 -12.3308 -41.9126 20.1482 -32.4618 -43.0798 -17.4430 -43.4732 24.4704 -33.9149 -34.6522 -20.7869 -44.9861 28.9955 -35.3147 -20.2707 -23.3376 -46.4143 33.1633 -36.6001 -5.3492 -25.3786 -47.6595 35.0457 -37.6830 3.3517 -26.9928 -48.5737 30.3445 -38.6698 8.6988 -28.4227 -48.8923 13.3360 -39.5942 12.9501 -29.8595 -48.4317 -5.3032 -40.7368 17.5708 -32.9199 -19.1602 -31.6407 11.1056 -38.9583 27.5857 -48.7103 -27.3134 4.7201 -37.9075 34.7707 -47.9024 -25.7810 -2.8857 -36.8656 33.8885 -46.7126 -23.8362 -16.5232 -35.6188 30.0090 -45.3186 -21.4137 -31.9550 -34.2327 25.4792 -43.8194 -18.2980 -41.6438 -32.7903 21.0876 -42.2644 -13.7278 -46.5055 -31.3083 16.9150 -40.6607 -4.7983 -48.4828 -29.7259 12.4404 -39.4294 19.0937 -48.8787 -27.6683 5.1750 -37.4876
2.1584 -27.1176 -48.7470 24.3423 -39.2237 11.7222 -29.5312 -48.5610 -3.8407 -40.5796 16.7663 -31.2695 -46.5581 -13.6703 -42.2560 21.0837 -32.7895 -41.6301 -18.3065 -43.8241 25.5024 -34.2432 -31.8508 -21.4334 -45.3255 30.0299 -35.6252 -16.4404 -23.8489 -46.7228 33.9134 -36.8714 -2.8381 -25.7892 -47.9074 34.7604 -37.9144 4.7659 -27.3241 -48.7143 27.6420 -38.8909 9.7362 -28.7536 -48.8360 8.1526 -39.7961 13.8818 -30.1936 -48.1681 -7.8350 -41.0586 17.9923 -32.0226 -41.8480 -24.5397 -46.8167 -29.8110 10.9702 -39.1154 24.2455 -48.8159 -27.6423 6.0172 -38.1383 34.0794 -48.1312 -26.1692 -0.7198 -37.1225 34.4944 -47.0119 -24.3251 -12.8026 -35.9225 31.0156 -45.6527 -22.0213 -28.8239 -34.5591 26.5175 -44.1683 -19.0947 -39.9485 -33.1172 22.0378 -42.6066 -14.8990 -45.7987 -31.5988 17.6669 -40.9290 -6.6336 -48.3590 -29.8576 12.6477 -39.4294 20.2484 -48.8411 -27.4373 3.6887
-26.0173 -48.6355 26.6865 -39.1269 11.5108 -29.5312 -48.5259 -4.9699 -40.7616 17.3369 -31.5052 -45.9574 -14.7376 -42.5733 21.9817 -33.1028 -39.9837 -19.0867 -44.1684 26.5266 -34.5651 -28.7322 -22.0373 -45.6594 31.0358 -35.9287 -12.7273 -24.3357 -47.0199 34.5120 -37.1302 -0.6682 -26.1769 -48.1357 34.0600 -38.1441 6.0511 -27.6548 -48.8188 24.1564 -39.1082 10.7332 -29.0852 -48.7535 3.3054 -39.9896 14.8079 -30.5283 -47.8087 -9.9505 -41.4113 18.8319 -32.0608 -44.0204 -19.1287 -46.7153 -14.4651 -48.4224 -29.5561 11.7196 -39.3178 20.0472 -48.8804 -27.9730 7.2104 -38.3667 32.8903 -48.3374 -26.5340 1.1555 -37.3640 34.9044 -47.2977 -24.7895 -9.3652 -36.2181 31.9757 -45.9802 -22.5970 -25.3727 -34.8793 27.5480 -44.5095 -19.8202 -38.0331 -33.4301 22.9507 -42.9222 -15.8457 -45.0698 -31.8349 18.2425 -41.1131 -7.5557 -48.3077 -29.8576 12.4404 -39.3360 23.1034 -48.7589 -26.3562
-48.4064 29.3182 -38.9617 10.9326 -29.3998 -48.5610 -4.9699 -40.8268 17.6502 -31.6635 -45.4437 -15.5208 -42.8429 22.7914 -33.3898 -38.2041 -19.7823 -44.4990 27.5352 -34.8778 -25.3484 -22.6023 -45.9864 31.9944 -36.2240 -9.2983 -24.7990 -47.3045 34.9129 -37.3732 1.2134 -26.5414 -48.3414 32.8600 -38.3717 7.2380 -27.9847 -48.8817 19.8943 -39.3197 11.7000 -29.4175 -48.6551 -0.8636 -40.2405 15.7284 -30.8650 -47.3404 -11.7216 -41.7702 19.7621 -32.3384 -43.4545 -17.6996 -44.3926 35.2228 -42.6919 -7.8943 -48.4507 -29.7689 12.6288 -39.5245 15.2011 -48.8990 -28.3055 8.3257 -38.5922 31.1142 -48.5178 -26.8761 2.8006 -37.5984 35.0615 -47.5688 -25.2306 -6.3133 -36.5038 32.8643 -46.2994 -23.1371 -21.7547 -35.1865 28.5595 -44.8363 -20.4702 -35.9747 -33.7154 23.7726 -43.1919 -16.5505 -44.4507 -31.9934 18.5640 -41.1785 -7.5557 -48.3590 -29.7259 11.8699 -39.1715 26.4117 -48.5588
25.6634 -38.6660 10.1032 -29.1677 -48.6420 -3.8407 -40.7616 17.6502 -31.7205 -45.1344 -16.0150 -43.0462 23.4484 -33.6316 -36.4217 -20.3775 -44.8041 28.4970 -35.1745 -21.8265 -23.1292 -46.2977 32.8684 -36.5059 -6.2627 -25.2381 -47.5742 35.0620 -37.6068 2.8560 -26.8844 -48.5212 31.0711 -38.5969 8.3492 -28.3149 -48.8982 15.0125 -39.5277 12.6451 -29.7505 -48.4996 -4.2806 -40.5757 16.6492 -31.2038 -46.7441 -13.2308 -42.1297 20.7216 -32.6638 -42.2081 -18.0794 -43.9071 28.5133 -37.8760 23.5982 -41.4190 -7.6231 -48.2584 -30.0804 13.5564 -39.7263 10.0039 -48.8630 -28.6379 9.3809 -38.8145 28.6637 -48.6687 -27.2061 4.2736 -37.8315 34.9033 -47.8229 -25.6471 -3.6925 -36.7750 33.6396 -46.6009 -23.6358 -18.1370 -35.4763 29.5119 -45.1362 -21.0280 -33.9353 -33.9558 24.4466 -43.3954 -16.9969 -44.0800 -32.0503 18.5640 -41.1131 -6.6336 -48.4828 -29.4920 11.0557 -38.8705 22.3666
-38.3338 9.1258 -28.8757 -48.7206 -1.5839 -40.5796 17.3369 -31.6635 -45.1344 -16.1855 -43.1584 23.8988 -33.8115 -34.8352 -20.8546 -45.0687 29.3554 -35.4443 -18.4047 -23.6105 -46.5890 33.6208 -36.7683 -3.7030 -25.6467 -47.8254 34.8991 -37.8356 4.3132 -27.2142 -48.6714 28.6061 -38.8191 9.4024 -28.6455 -48.8610 9.8285 -39.7317 13.5802 -30.0844 -48.2641 -7.0455 -40.9343 17.5739 -31.5421 -46.0022 -14.5470 -42.4888 21.6979 -32.9980 -40.6147 -18.8176 -44.0772 26.8182 -35.7085 4.6563 -34.4320 19.8038 -41.3795 -9.3429 -47.9439 -30.4121 14.4778 -39.9195 4.9541 -48.7849 -28.9697 10.3910 -39.0332 25.4677 -48.7858 -27.5348 5.5996 -38.0609 34.3649 -48.0561 -26.0340 -1.4823 -37.0260 34.2700 -46.8816 -24.0916 -14.7355 -35.7420 30.3500 -45.3966 -21.4771 -32.1385 -34.1339 24.9030 -43.5066 -17.1511 -44.0800 -31.9934 18.2425 -40.9290 -4.7983 -48.6180 -29.1994 10.1173 -38.5792
8.0149 -28.5603 -48.8034 1.7904 -40.3118 16.7663 -31.5052 -45.4437 -16.0150 -43.1584 24.0620 -33.9093 -33.7217 -21.1950 -45.2767 30.0658 -35.6750 -15.3450 -24.0333 -46.8557 34.2303 -37.0125 -1.5507 -26.0230 -48.0519 34.3718 -38.0612 5.6231 -27.5413 -48.7878 25.3944 -39.0377 10.4114 -28.9768 -48.7831 4.8238 -39.9277 14.5082 -30.4189 -47.9373 -9.3019 -41.2934 18.5065 -31.8793 -45.0988 -15.7093 -42.8472 22.6904 -33.3325 -38.7198 -19.5711 -44.3932 27.3022 -35.0923 -14.5597 -28.7231 -31.4948 -32.9448 19.6800 -41.6601 -11.1458 -47.5162 -30.7474 15.3951 -40.1412 0.5103 -48.6923 -29.3019 11.3673 -39.2477 21.5014 -48.8641 -27.8626 6.8088 -38.2855 33.3925 -48.2624 -26.3893 0.3958 -37.2566 34.7265 -47.1399 -24.4977 -11.8156 -35.9679 31.0381 -45.6025 -21.7985 -30.8798 -34.2297 25.0678 -43.5066 -16.9969 -44.4507 -31.8349 17.6669 -40.6607 -2.0417 -48.7169 -28.8835 9.0984
-27.5203 -48.8775 6.1648 -40.0650 16.0142 -31.2695 -45.9574 -15.5208 -43.0462 23.8988 -33.9093 -33.3239 -21.3744 -45.4134 30.5806 -35.8554 -12.8807 -24.3834 -47.0866 34.6668 -37.2317 0.2593 -26.3695 -48.2542 33.4321 -38.2804 6.7960 -27.8622 -48.8653 21.4323 -39.2513 11.3868 -29.3088 -48.6902 0.4143 -40.1515 15.4290 -30.7554 -47.5062 -11.1757 -41.6528 19.4498 -32.2162 -44.0102 -16.7450 -43.2065 23.6991 -33.6657 -36.5155 -20.2864 -44.7342 28.2465 -35.1462 -20.5852 -24.8769 -48.7336 -22.4274 -40.5535 -32.6956 20.4261 -42.0061 -12.7325 -46.9685 -31.0832 16.3176 -40.4489 -3.1660 -48.5625 -29.6343 12.3171 -39.4555 16.8910 -48.8987 -28.1841 7.9098 -38.5020 31.9398 -48.4423 -26.7140 1.9777 -37.4640 34.9865 -47.3626 -24.8337 -9.5387 -36.1443 31.5369 -45.7378 -21.9693 -30.4243 -34.2297 24.9030 -43.3954 -16.5505 -45.0698 -31.5988 16.9150 -40.3403 1.6543 -48.8035 -27.8591
-48.8275 11.1808 -39.8755 15.1629 -30.9791 -46.5581 -14.7376 -42.8429 23.4484 -33.8115 -33.7217 -21.3744 -45.4612 30.8546 -35.9720 -11.1487 -24.6515 -47.2713 34.9239 -37.4155 1.7175 -26.6749 -48.4278 32.0531 -38.4906 7.8660 -28.1740 -48.8992 16.9200 -39.4560 12.3267 -29.6381 -48.5592 -3.2357 -40.4576 16.3465 -31.0924 -46.9526 -12.7626 -42.0123 20.4062 -32.5526 -42.7119 -17.6812 -43.5649 24.7287 -33.9968 -33.9791 -20.9581 -45.0766 29.2733 -35.4084 -18.7910 -23.8789 -47.2210 16.1796 -45.7311 -19.6692 -40.7676 -32.9075 21.3604 -42.3642 -14.1057 -46.2849 -31.4194 17.2392 -40.8052 -6.1329 -48.3586 -29.9644 13.2397 -39.6548 11.9507 -48.8853 -28.4975 8.9214 -38.7097 29.9901 -48.5918 -27.0025 3.2680 -37.6432 35.0610 -47.5385 -25.0872 -7.9766 -36.2578 31.7996 -45.7857 -21.9693 -30.8798 -34.1339 24.4466 -43.1919 -15.8457 -45.7987 -31.3083 16.0563 -40.0692 6.1941 -48.8108
7.1412 -39.5516 14.2667 -30.6619 -47.1342 -13.6703 -42.5733 22.7914 -33.6316 -34.8352 -21.1950 -45.4134 30.8546 -36.0123 -10.2509 -24.8230 -47.4030 35.0351 -37.5617 2.8443 -26.9273 -48.5649 30.2879 -38.6887 8.8461 -28.4806 -48.8869 12.1163 -39.6498 13.2220 -29.9601 -48.3567 -6.1674 -40.8125 17.2599 -31.4275 -46.2653 -14.1318 -42.3716 21.3774 -32.8885 -41.1757 -18.5362 -43.9201 25.7740 -34.3251 -31.0953 -21.5908 -45.4147 30.3001 -35.7075 -15.3642 -24.0542 -46.9635 35.1778 -40.0934 33.1026 -44.7146 -19.5214 -39.3323 -33.2195 22.3441 -42.7229 -15.3103 -45.4463 -31.7560 18.1631 -41.1614 -8.5289 -48.0729 -30.2874 14.1263 -39.8435 7.0810 -48.8200 -28.8047 9.8565 -38.9050 27.6330 -48.7044 -27.2491 4.2755 -37.7892 35.0069 -47.6609 -25.2481 -7.1797 -36.2968 31.7996 -45.7378 -21.7985 -32.1385 -33.9558 23.7726 -42.9222 -14.8990 -46.5055 -30.9890 15.1594 -39.7334 2.7945
-39.4159 13.3493 -30.3349 -47.6290 -12.3308 -42.2560 21.9817 -33.3898 -36.4217 -20.8546 -45.2767 30.5806 -35.9720 -10.2509 -24.8820 -47.4719 35.0598 -37.6677 3.6511 -27.1291 -48.6661 28.3343 -38.8659 9.7180 -28.7694 -48.8280 7.3449 -39.8349 14.0899 -30.2759 -48.0803 -8.4926 -41.1608 18.1719 -31.7613 -45.4276 -15.3334 -42.7302 22.3645 -33.2234 -39.3720 -19.3247 -44.2722 26.8259 -34.6517 -27.8682 -22.1889 -45.7469 31.2955 -36.0078 -11.7805 -24.4728 -47.1250 34.9215 -38.0604 14.4304 -36.9727 29.3308 -44.6984 -20.0754 -37.3103 -33.5502 23.3470 -43.0806 -16.3826 -44.4315 -32.0908 19.0916 -41.5131 -10.4624 -47.7018 -30.6040 14.9895 -40.0216 2.6847 -48.7411 -29.0942 10.6930 -39.0788 25.1312 -48.7827 -27.4506 5.0052 -37.8947 34.9155 -47.7258 -25.3025 -7.1797 -36.2578 31.5369 -45.6025 -21.4771 -33.9353 -33.7154 22.9507 -42.6066 -13.7278 -47.1274 -30.6596 14.2497 -39.6533
12.5126 -30.0006 -48.0285 -10.7227 -41.9126 21.0837 -33.1028 -38.2041 -20.3775 -45.0687 30.0658 -35.8554 -11.1487 -24.8230 -47.4719 35.0587 -37.7238 4.1461 -27.2750 -48.7343 26.4605 -39.0126 10.4582 -29.0269 -48.7555 3.1949 -40.0061 14.9318 -30.5869 -47.7196 -10.3874 -41.5012 19.0721 -32.0875 -44.4252 -16.3928 -43.0870 23.3671 -33.5568 -37.2727 -20.0570 -44.6200 27.8789 -34.9750 -24.3156 -22.7561 -46.0725 32.2383 -36.3008 -8.4521 -24.9190 -47.3813 35.0105 -37.6122 6.2530 -31.7762 -1.0904 -35.8792 29.1859 -44.9708 -20.7320 -34.9032 -33.8813 24.3637 -43.4353 -17.3399 -43.2349 -32.4182 20.0087 -41.8541 -12.0606 -47.2379 -30.9154 15.8299 -40.2516 -0.8765 -48.6642 -29.3522 11.4037 -39.2226 22.8015 -48.8319 -27.5968 5.4572 -37.9507 34.8731 -47.7258 -25.2481 -7.9766 -36.1443 31.0381 -45.3966 -21.0280 -35.9747 -33.4301 22.0378 -42.2644 -12.3313 -47.6407 -30.3221 13.4485
-29.0214 -48.3314 -8.7730 -41.5574 20.1482 -32.7895 -39.9837 -19.7823 -44.8041 29.3554 -35.6750 -12.8807 -24.6515 -47.4030 35.0598 -37.7238 4.3166 -27.3520 -48.7734 24.9222 -39.1224 11.0284 -29.2441 -48.6921 -0.0482 -40.2039 15.7161 -30.8831 -47.2769 -11.9781 -41.8386 19.9633 -32.4046 -43.2649 -17.3287 -43.4355 24.3729 -33.8854 -34.8598 -20.7405 -44.9629 28.9242 -35.2903 -20.5615 -23.2952 -46.3901 33.1036 -36.5837 -5.5162 -25.3524 -47.6435 35.0513 -37.7009 4.2045 -28.5585 -47.0102 -27.1419 -11.6688 -35.7261 29.9885 -45.2976 -21.3714 -32.1709 -34.2077 25.3837 -43.7823 -18.1948 -41.8594 -32.7367 20.9130 -42.1901 -13.4225 -46.6825 -31.2122 16.6157 -40.5328 -3.5523 -48.5653 -29.5693 11.9617 -39.3304 20.9348 -48.8578 -27.6742 5.6130 -37.9507 34.9155 -47.6609 -25.0872 -9.5387 -35.9679 30.3500 -45.1362 -20.4702 -38.0331 -33.1172 21.0876 -41.9094 -10.6732 -48.0402 -29.3574
-48.6227 -6.3909 -41.1981 19.1984 -32.4618 -41.6301 -19.0867 -44.4990 28.4970 -35.4443 -15.3450 -24.3834 -47.2713 35.0351 -37.6677 4.1461 -27.3520 -48.7860 24.0336 -39.1940 11.4333 -29.4102 -48.6256 -2.4232 -40.4343 16.4169 -31.1543 -46.7715 -13.2822 -42.1646 20.8556 -32.7181 -41.9351 -18.1663 -43.7725 25.3628 -34.2046 -32.1518 -21.3782 -45.2999 29.9517 -35.5997 -16.7509 -23.8082 -46.6985 33.8604 -36.8548 -2.9814 -25.7646 -47.8925 34.7891 -37.9048 4.8424 -27.6451 -48.7932 -14.1080 -48.2403 -25.0981 -12.1030 -35.9249 30.9495 -45.6279 -21.9741 -29.1260 -34.5251 26.3875 -44.1178 -18.9672 -40.2971 -33.0453 21.8102 -42.5148 -14.5586 -46.0588 -31.4830 17.3197 -40.7848 -5.4829 -48.4570 -29.7354 12.3635 -39.4003 19.8792 -48.8656 -27.6742 5.4572 -37.8947 35.0069 -47.5385 -24.8337 -11.8156 -35.7420 29.5119 -44.8363 -19.8202 -39.9485 -32.7903 20.1314 -41.5501 -8.7081 -48.4433
-7.5183 -40.8397 18.2584 -32.1270 -43.0798 -18.3065 -44.1684 27.5352 -35.1745 -18.4047 -24.0333 -47.0866 34.9239 -37.5617 3.6511 -27.2750 -48.7734 24.0336 -39.2201 11.6562 -29.5185 -48.5629 -4.0530 -40.6344 16.9979 -31.3893 -46.2370 -14.3310 -42.4646 21.7110 -33.0193 -40.4160 -18.9218 -44.0999 26.3441 -34.5134 -29.1967 -21.9680 -45.6274 30.9449 -35.9029 -13.0220 -24.2968 -46.9963 34.4707 -37.1122 -0.8028 -26.1537 -48.1220 34.1176 -38.1292 5.9946 -27.6970 -48.7687 9.3023 -42.5217 29.6010 -47.5572 -24.9117 -9.4470 -36.1992 31.8914 -45.9498 -22.5369 -25.8184 -34.8315 27.3754 -44.4426 -19.6647 -38.5415 -33.3426 22.6761 -42.8147 -15.4860 -45.4076 -31.7163 17.9051 -40.9852 -6.7971 -48.3631 -29.8427 12.5798 -39.4254 19.8792 -48.8578 -27.5968 5.0052 -37.7892 35.0610 -47.3626 -24.4977 -14.7355 -35.4763 28.5595 -44.5095 -19.0947 -41.6438 -32.4566 19.1791 -41.1913 -9.4508
-40.7589 17.3300 -31.7903 -44.3162 -17.4430 -43.8241 26.5266 -34.8778 -21.8265 -23.6105 -46.8557 34.6668 -37.4155 2.8443 -27.1291 -48.7343 24.9222 -39.1940 11.6562 -29.5576 -48.5242 -5.0209 -40.7789 17.4378 -31.5724 -45.7300 -15.1564 -42.7276 22.4880 -33.2949 -38.7635 -19.5985 -44.4168 27.3091 -34.8128 -26.0000 -22.5130 -45.9408 31.8784 -36.1921 -9.6057 -24.7574 -47.2814 34.8882 -37.3543 1.0795 -26.5178 -48.3291 32.9542 -38.3554 7.1609 -27.9709 -48.8659 17.2039 -40.1497 23.3168 -39.2188 34.8706 -47.5992 -25.2218 -6.5459 -36.4753 32.7613 -46.2573 -23.0592 -22.3783 -35.1266 28.3398 -44.7538 -20.2924 -36.6398 -33.6189 23.4672 -43.0773 -16.2164 -44.7966 -31.8991 18.3417 -41.1271 -7.5704 -48.3082 -29.8803 12.5798 -39.4003 20.9348 -48.8319 -27.4506 4.2755 -37.6432 34.9865 -47.1399 -24.0916 -18.1370 -35.1865 27.5480 -44.1683 -18.2980 -43.1053 -32.1201 18.2407 -41.0891
16.6198 -31.4467 -45.3512 -16.4858 -43.4732 25.5024 -34.5651 -25.3484 -23.1292 -46.5890 34.2303 -37.2317 1.7175 -26.9273 -48.6661 26.4605 -39.1224 11.4333 -29.5185 -48.5242 -5.3375 -40.8553 17.7202 -31.7005 -45.3087 -15.7577 -42.9452 23.1533 -33.5357 -37.0912 -20.1870 -44.7130 28.2294 -35.0998 -22.6453 -23.0221 -46.2402 32.7309 -36.4648 -6.6458 -25.1865 -47.5474 35.0599 -37.5858 2.7190 -26.8576 -48.5092 31.2257 -38.5794 8.2668 -28.2894 -48.8949 14.8128 -39.6898 15.5769 -34.3724 11.1761 -38.1859 34.8598 -47.8070 -25.6085 -3.9774 -36.7375 33.5269 -46.5479 -23.5418 -18.9143 -35.4081 29.2467 -45.0438 -20.8450 -34.7172 -33.8581 24.1446 -43.2919 -16.7563 -44.2962 -32.0268 18.6269 -41.2040 -7.8219 -48.3082 -29.8427 12.3635 -39.3304 22.8015 -48.7827 -27.2491 3.2680 -37.4640 34.7265 -46.8816 -23.6358 -21.7547 -34.8793 26.5175 -43.8194 -17.4241 -44.3399 -31.7748 17.5449
-30.5275 -46.2059 -15.4251 -43.1170 24.4704 -34.2432 -28.7322 -22.6023 -46.2977 33.6208 -37.0125 0.2593 -26.6749 -48.5649 28.3343 -39.0126 11.0284 -29.4102 -48.5629 -5.0209 -40.8553 17.8166 -31.7699 -45.0212 -16.1555 -43.1086 23.6863 -33.7309 -35.5137 -20.6756 -44.9759 29.0771 -35.3646 -19.3458 -23.4947 -46.5259 33.4783 -36.7221 -4.1065 -25.5852 -47.7906 34.9364 -37.8118 4.1671 -27.1859 -48.6604 28.8346 -38.8011 9.3183 -28.6185 -48.8654 10.1454 -39.7504 14.1221 -31.6761 -32.4016 -30.4027 7.1506 -38.1088 34.4159 -48.0288 -25.9841 -1.7948 -36.9823 34.1589 -46.8238 -23.9881 -15.6041 -35.6669 30.0762 -45.3059 -21.3074 -32.9242 -34.0534 24.6801 -43.4547 -17.1182 -43.9510 -32.0975 18.7323 -41.2040 -7.5704 -48.3631 -29.7354 11.9617 -39.2226 25.1312 -48.7044 -27.0025 1.9777 -37.2566 34.2700 -46.6009 -23.1371 -25.3727 -34.5591 25.4792 -43.4648 -16.4638 -45.3704 -30.8680
-47.1402 -14.2384 -42.7590 23.4491 -33.9149 -31.8508 -22.0373 -45.9864 32.8684 -36.7683 -1.5507 -26.3695 -48.4278 30.2879 -38.8659 10.4582 -29.2441 -48.6256 -4.0530 -40.7789 17.7202 -31.7699 -44.9146 -16.3638 -43.2110 24.0677 -33.8778 -34.1829 -21.0569 -45.1983 29.8145 -35.5975 -16.3065 -23.9164 -46.7899 34.1000 -36.9624 -1.9483 -25.9559 -48.0147 34.4775 -38.0319 5.4604 -27.5064 -48.7790 25.6954 -39.0197 10.3303 -28.9497 -48.7895 5.2046 -39.9188 14.5516 -30.7585 -46.1465 -22.3302 -48.4145 -28.5384 6.9804 -38.2708 33.5406 -48.2310 -26.3297 0.0509 -37.2091 34.6373 -47.0783 -24.3901 -12.6743 -35.8951 30.7942 -45.5272 -21.6703 -31.4043 -34.1999 25.0681 -43.5592 -17.3087 -43.8173 -32.0975 18.6269 -41.1271 -6.7971 -48.4570 -29.5693 11.4037 -39.0788 27.6330 -48.5918 -26.7140 0.3958 -37.0260 33.6396 -46.2994 -22.5970 -28.8239 -34.2327 24.4421 -43.1072 -15.4009 -46.5115
-14.1547 -42.4000 22.4420 -33.5813 -34.6522 -21.4334 -45.6594 31.9944 -36.5059 -3.7030 -26.0230 -48.2542 32.0531 -38.6887 9.7180 -29.0269 -48.6921 -2.4232 -40.6344 17.4378 -31.7005 -45.0212 -16.3638 -43.2470 24.2672 -33.9711 -33.1990 -21.3338 -45.3701 30.4004 -35.7931 -13.6986 -24.2776 -47.0219 34.5644 -37.1787 -0.1479 -26.2963 -48.2162 33.6377 -38.2452 6.6259 -27.8175 -48.8578 21.9089 -39.2302 11.2978 -29.2795 -48.6979 0.7450 -40.1304 15.3757 -30.8027 -47.1969 -15.5783 -45.4708 -7.9173 -48.7946 -28.2842 7.8189 -38.4714 32.2270 -48.4089 -26.6457 1.6201 -37.4134 34.9355 -47.3007 -24.7343 -10.2667 -36.0845 31.3626 -45.6957 -21.9329 -30.2833 -34.2921 25.2774 -43.5954 -17.3087 -43.9510 -32.0268 18.3417 -40.9852 -5.4829 -48.5653 -29.3522 10.6930 -38.9050 29.9901 -48.4423 -26.3893 -1.4823 -36.7750 32.8643 -45.9802 -22.0213 -31.9550 -33.9022 23.4151 -42.7474 -15.1635
-42.2278 21.4513 -33.2450 -37.1195 -20.7869 -45.3255 31.0358 -36.2240 -6.2627 -25.6467 -48.0519 33.4321 -38.4906 8.8461 -28.7694 -48.7555 -0.0482 -40.4343 16.9979 -31.5724 -45.3087 -16.1555 -43.2110 24.2672 -34.0022 -32.6536 -21.5044 -45.4859 30.8200 -35.9432 -11.6651 -24.5719 -47.2178 34.8635 -37.3656 1.3382 -26.5986 -48.3881 32.3848 -38.4513 7.6829 -28.1234 -48.8963 17.5985 -39.4286 12.2202 -29.6038 -48.5746 -2.9380 -40.4287 16.2763 -31.0815 -46.9194 -13.6028 -43.0945 32.8559 -41.4193 5.6902 -48.8330 -28.4775 8.7643 -38.6715 30.4474 -48.5580 -26.9298 2.9307 -37.5939 35.0554 -47.4869 -25.0132 -8.4469 -36.2292 31.7692 -45.8094 -22.0941 -29.6772 -34.3240 25.2774 -43.5592 -17.1182 -44.2962 -31.8991 17.9051 -40.7848 -3.5523 -48.6642 -29.0942 9.8565 -38.7097 31.9398 -48.2624 -26.0340 -3.6925 -36.5038 31.9757 -45.6527 -21.4137 -34.7388 -33.5707 22.4072 -42.5573
20.7718 -32.8948 -39.2519 -20.1010 -44.9861 30.0299 -35.9287 -9.2983 -25.2381 -47.8254 34.3718 -38.2804 7.8660 -28.4806 -48.8280 3.1949 -40.2039 16.4169 -31.3893 -45.7300 -15.7577 -43.1086 24.0677 -33.9711 -32.6536 -21.5611 -45.5470 31.0807 -36.0432 -10.2561 -24.7929 -47.3711 35.0156 -37.5244 2.5453 -26.8608 -48.5302 30.7706 -38.6459 8.6503 -28.4226 -48.8926 12.9121 -39.6201 13.1003 -29.9209 -48.3845 -5.8745 -40.7794 17.1850 -31.4036 -46.3029 -14.2067 -42.5775 24.5670 -36.9286 19.8026 -40.1773 6.4900 -48.8208 -28.7531 9.6711 -38.8628 28.2651 -48.6764 -27.1833 3.9978 -37.7495 35.0308 -47.6317 -25.2211 -7.1794 -36.3281 32.0154 -45.8682 -22.1479 -29.6772 -34.2921 25.0681 -43.4547 -16.7563 -44.7966 -31.7163 17.3197 -40.5328 -0.8765 -48.7411 -28.8047 8.9214 -38.5020 33.3925 -48.0561 -25.6471 -6.3133 -36.2181 31.0156 -45.3186 -20.7705 -37.1781 -33.2211 21.7297
-32.0339 -41.0707 -19.3712 -44.6421 28.9955 -35.6252 -12.7273 -24.7990 -47.5742 34.8991 -38.0612 6.7960 -28.1740 -48.8869 7.3449 -40.0061 15.7161 -31.1543 -46.2370 -15.1564 -42.9452 23.6863 -33.8778 -33.1990 -21.5044 -45.5470 31.1707 -36.0964 -9.4103 -24.9409 -47.4806 35.0599 -37.6516 3.4777 -27.0827 -48.6416 28.8779 -38.8224 9.5212 -28.7077 -48.8442 8.2401 -39.8033 13.9499 -30.2310 -48.1213 -8.2240 -41.1209 18.0824 -31.7296 -45.5030 -15.2707 -42.7456 22.9456 -34.6485 -1.8297 -33.3290 16.1461 -40.0628 3.2312 -48.7563 -29.0327 10.5060 -39.0362 25.8161 -48.7642 -27.4044 4.8394 -37.8739 34.9248 -47.7337 -25.3623 -6.4217 -36.3781 32.0996 -45.8682 -22.0941 -30.2833 -34.1999 24.6801 -43.2919 -16.2164 -45.4076 -31.4830 16.6157 -40.2516 2.6847 -48.8200 -28.4975 7.9098 -38.2855 34.3649 -47.8229 -25.2306 -9.3652 -35.9225 30.0090 -44.9791 -20.0866 -39.2894 -32.3741
-43.1329 -18.5884 -44.2941 27.9467 -35.3147 -16.4404 -24.3357 -47.3045 35.0620 -37.8356 5.6231 -27.8622 -48.8992 12.1163 -39.8349 14.9318 -30.8831 -46.7715 -14.3310 -42.7276 23.1533 -33.7309 -34.1829 -21.3338 -45.4859 31.0807 -36.0964 -9.1175 -25.0182 -47.5479 35.0512 -37.7418 4.1418 -27.2603 -48.7222 26.8610 -38.9783 10.2813 -28.9695 -48.7725 4.0520 -39.9719 14.7734 -30.5345 -47.7821 -10.1354 -41.4560 18.9626 -32.0509 -44.5440 -16.2993 -43.0609 23.3949 -33.8769 -28.5539 -27.1895 -40.6818 -31.6148 15.9324 -40.2162 -0.1871 -48.6840 -29.2924 11.2375 -39.1885 23.2959 -48.8234 -27.5821 5.4526 -37.9657 34.8063 -47.7975 -25.4362 -6.1698 -36.3781 32.0154 -45.8094 -21.9329 -31.4043 -34.0534 24.1446 -43.0773 -15.4860 -46.0588 -31.2122 15.8298 -40.0216 7.0810 -48.8853 -28.1841 6.8088 -38.0609 34.9033 -47.5688 -24.7895 -12.8026 -35.6188 28.9740 -44.6349 -19.3574 -41.6985
-17.9781 -43.9435 26.8943 -34.9984 -20.2707 -23.8489 -47.0199 34.9129 -37.6068 4.3132 -27.5413 -48.8653 16.9200 -39.6498 14.0899 -30.5869 -47.2769 -13.2822 -42.4646 22.4880 -33.5357 -35.5137 -21.0569 -45.3701 30.8200 -36.0432 -9.4103 -25.0182 -47.5701 35.0325 -37.7958 4.5762 -27.3876 -48.7750 24.9871 -39.1090 10.9242 -29.2012 -48.7061 0.6257 -40.1541 15.5489 -30.8256 -47.3662 -11.7213 -41.7838 19.8304 -32.3621 -43.4286 -17.2260 -43.3991 24.2888 -33.9171 -33.4004 -22.8556 -48.1608 -19.7185 -45.7173 -31.3114 16.4968 -40.4691 -2.9835 -48.5909 -29.5234 11.8633 -39.3163 21.0206 -48.8588 -27.7096 5.8501 -38.0222 34.7250 -47.8200 -25.4362 -6.4217 -36.3281 31.7692 -45.6957 -21.6703 -32.9242 -33.8581 23.4672 -42.8147 -14.5586 -46.6827 -30.9154 14.9894 -39.8435 11.9507 -48.8987 -27.8626 5.5996 -37.8315 35.0615 -47.2977 -24.3251 -16.5232 -35.3079 27.9247 -44.2873 -18.6626
-43.6994 25.8474 -34.6771 -24.0374 -23.3376 -46.7228 34.5120 -37.3732 2.8560 -27.2142 -48.7878 21.4323 -39.4560 13.2220 -30.2759 -47.7196 -11.9781 -42.1646 21.7110 -33.2949 -37.0912 -20.6756 -45.1983 30.4004 -35.9432 -10.2561 -24.9409 -47.5479 35.0325 -37.8141 4.7935 -27.4634 -48.8051 23.5008 -39.2082 11.4384 -29.3989 -48.6364 -2.0174 -40.3797 16.2591 -31.0955 -46.8842 -13.0413 -42.1010 20.6936 -32.6650 -42.1615 -18.0547 -43.7316 25.2563 -34.1805 -32.1202 -21.7579 -46.1683 30.7743 -44.4838 -16.0168 -45.9715 -31.4555 17.1658 -40.7305 -5.1396 -48.4751 -29.7235 12.3694 -39.4135 19.2590 -48.8759 -27.7856 6.0503 -38.0409 34.7250 -47.7975 -25.3623 -7.1794 -36.2292 31.3626 -45.5272 -21.3074 -34.7172 -33.6189 22.6761 -42.5148 -13.4223 -47.2381 -30.6039 14.1262 -39.6548 16.8910 -48.8641 -27.5348 4.2736 -37.5984 34.9044 -47.0119 -23.8362 -20.3628 -34.9909 26.8729 -44.0286
25.1202 -34.3286 -27.5953 -22.8001 -46.4143 33.9134 -37.1302 1.2134 -26.8844 -48.6714 25.3944 -39.2513 12.3267 -29.9601 -48.0803 -10.3874 -41.8386 20.8556 -33.0193 -38.7635 -20.1870 -44.9759 29.8145 -35.7931 -11.6651 -24.7929 -47.4806 35.0512 -37.7958 4.7935 -27.4889 -48.8192 22.5872 -39.2733 11.8091 -29.5536 -48.5569 -3.9987 -40.6117 16.8975 -31.3411 -46.3585 -14.1223 -42.4015 21.5337 -32.9617 -40.7100 -18.8027 -44.0531 26.2136 -34.4786 -29.4715 -21.9801 -45.7824 33.7519 -39.1813 29.1078 -43.2433 -15.6225 -45.5074 -31.6752 17.8044 -40.9610 -6.7583 -48.3534 -29.8796 12.7329 -39.4756 18.1904 -48.8832 -27.8112 6.0503 -38.0222 34.8063 -47.7337 -25.2211 -8.4469 -36.0845 30.7942 -45.3059 -20.8450 -36.6398 -33.3426 21.8101 -42.1897 -12.0588 -47.7019 -30.2872 13.2397 -39.4555 21.5014 -48.7858 -27.2061 2.8006 -37.3640 34.4944 -46.7126 -23.3219 -24.1381 -34.6422 26.1141
-33.5334 -30.8518 -22.2335 -46.0962 33.1633 -36.8714 -0.6682 -26.5414 -48.5212 28.6061 -39.0377 11.3868 -29.6381 -48.3567 -8.4926 -41.5012 19.9633 -32.7181 -40.4160 -19.5985 -44.7130 29.0771 -35.5975 -13.6986 -24.5719 -47.3711 35.0599 -37.7418 4.5762 -27.4634 -48.8192 22.2882 -39.3046 12.0222 -29.6554 -48.4858 -5.3892 -40.8018 17.4443 -31.5574 -45.8063 -15.0092 -42.6754 22.3252 -33.2409 -39.0979 -19.4807 -44.3643 27.1598 -34.7727 -26.4053 -22.4637 -45.9386 32.3806 -37.1333 10.6762 -35.8640 24.7754 -43.1232 -16.1477 -44.8815 -31.8871 18.3559 -41.1514 -7.8864 -48.2503 -29.9806 12.9424 -39.5066 17.8407 -48.8832 -27.7856 5.8501 -37.9657 34.9248 -47.6317 -25.0132 -10.2667 -35.8951 30.0762 -45.0438 -20.2924 -38.5415 -33.0438 20.9072 -41.8534 -10.4567 -48.0729 -29.9642 12.3171 -39.2477 25.4677 -48.6687 -26.8761 1.1555 -37.1225 33.8885 -46.4028 -22.7810 -27.7062 -33.8632
-34.7028 -21.6367 -45.7691 32.2985 -36.6001 -2.8381 -26.1769 -48.3414 31.0711 -38.8191 10.4114 -29.3088 -48.5592 -6.1674 -41.1608 19.0721 -32.4046 -41.9351 -18.9218 -44.4168 28.2294 -35.3646 -16.3065 -24.2776 -47.2178 35.0156 -37.6516 4.1418 -27.3876 -48.8051 22.5872 -39.3046 12.0898 -29.7031 -48.4390 -6.2263 -40.9389 17.8703 -31.7355 -45.2731 -15.7316 -42.9211 23.0482 -33.4927 -37.4172 -20.0836 -44.6621 28.0821 -35.0555 -23.1533 -22.9606 -46.2077 32.7348 -36.6719 0.4630 -30.5561 -13.2593 -34.5294 24.3295 -43.2889 -16.7462 -44.2470 -32.0641 18.7858 -41.2906 -8.5638 -48.1844 -30.0287 13.0089 -39.5066 18.1904 -48.8759 -27.7096 5.4526 -37.8739 35.0308 -47.4869 -24.7343 -12.6743 -35.6669 29.2467 -44.7538 -19.6623 -40.3028 -32.7339 20.0021 -41.5127 -8.5245 -48.3586 -29.6343 11.3673 -39.0332 28.6637 -48.5178 -26.5340 -0.7198 -36.8656 33.1368 -46.0856 -22.2146 -31.9879
-20.7100 -45.4359 31.3551 -36.3184 -5.3492 -25.7892 -48.1357 32.8600 -38.5969 9.4024 -28.9768 -48.6902 -3.2357 -40.8125 18.1719 -32.0875 -43.2649 -18.1663 -44.0999 27.3091 -35.0998 -19.3458 -23.9164 -47.0219 34.8635 -37.5244 3.4777 -27.2603 -48.7750 23.5008 -39.2733 12.0222 -29.7031 -48.4232 -6.6009 -41.0194 18.1552 -31.8645 -44.8169 -16.2859 -43.1289 23.6891 -33.7164 -35.7393 -20.6027 -44.9356 28.9469 -35.3238 -19.8619 -23.4252 -46.4850 33.4010 -36.7361 -2.8332 -27.1828 -48.5396 -25.1588 -28.7472 -34.1925 24.7461 -43.4791 -17.2381 -43.7053 -32.1930 19.0729 -41.3712 -8.8776 -48.1624 -30.0287 12.9424 -39.4756 19.2590 -48.8588 -27.5821 4.8394 -37.7495 35.0554 -47.3007 -24.3901 -15.6041 -35.4081 28.3396 -44.4425 -18.9643 -41.8727 -32.4170 19.0906 -41.1614 -6.1329 -48.5625 -29.3019 10.3910 -38.8145 31.1142 -48.3374 -26.1692 -2.8857 -36.5950 32.2754 -45.7609 -21.2387
-45.1392 30.3634 -36.0261 -8.2594 -25.3786 -47.9074 34.0600 -38.3717 8.3492 -28.6455 -48.7831 0.4143 -40.4576 17.2599 -31.7613 -44.4252 -17.3287 -43.7725 26.3441 -34.8128 -22.6453 -23.4947 -46.7899 34.5644 -37.3656 2.5453 -27.0827 -48.7222 24.9871 -39.2082 11.8091 -29.6554 -48.4390 -6.6009 -41.0451 18.2887 -31.9390 -44.4902 -16.6657 -43.2893 24.2194 -33.9065 -34.1374 -21.0387 -45.1752 29.7182 -35.5672 -16.7401 -23.8504 -46.7471 34.0165 -36.9361 -1.9553 -26.2601 -48.3716 -6.1437 -47.1186 -22.6188 -30.4733 -34.2572 25.2341 -43.6373 -17.5838 -43.3243 -32.2686 19.2084 -41.3969 -8.8776 -48.1844 -29.9806 12.7329 -39.4135 21.0206 -48.8234 -27.4044 3.9978 -37.5939 34.9355 -47.0783 -23.9881 -18.9144 -35.1256 27.3736 -44.1176 -18.1931 -43.2434 -32.0908 18.1631 -40.8052 -3.1660 -48.6923 -28.9697 9.3809 -38.5922 32.8903 -48.1312 -25.7810 -5.4047 -36.3125 31.3361 -45.4561
29.4444 -35.6903 -11.5698 -24.9454 -47.6595 34.7604 -38.1441 7.2380 -28.3149 -48.8610 4.8238 -40.1515 16.3465 -31.4275 -45.4276 -16.3928 -43.4355 25.3628 -34.5134 -26.0000 -23.0221 -46.5259 34.1000 -37.1787 1.3382 -26.8608 -48.6416 26.8610 -39.1090 11.4384 -29.5536 -48.4858 -6.2263 -41.0194 18.2887 -31.9631 -44.3305 -16.8804 -43.3982 24.6074 -34.0554 -32.7056 -21.3956 -45.3819 30.3854 -35.7799 -13.9804 -24.2287 -46.9864 34.5000 -37.1475 -0.3486 -26.3156 -48.2632 27.6478 -41.3387 35.2636 -46.1224 -22.1807 -29.5782 -34.3801 25.6221 -43.7451 -17.7837 -43.1317 -32.2926 19.2084 -41.3712 -8.5638 -48.2503 -29.8796 12.3694 -39.3163 23.2961 -48.7642 -27.1833 2.9306 -37.4133 34.6372 -46.8238 -23.5377 -22.4111 -34.8292 26.3780 -43.7802 -17.3383 -44.4327 -31.7560 17.2392 -40.4489 0.5103 -48.7849 -28.6379 8.3257 -38.3667 34.0794 -47.9024 -25.3698 -8.3236 -35.9821 30.3418
-34.9828 -15.2011 -24.4895 -47.3944 35.0457 -37.9144 6.0511 -27.9847 -48.8982 9.8285 -39.9277 15.4290 -31.0924 -46.2653 -15.3334 -43.0870 24.3729 -34.2046 -29.1967 -22.5130 -46.2402 33.4783 -36.9624 -0.1479 -26.5986 -48.5302 28.8779 -38.9783 10.9242 -29.3989 -48.5569 -5.3892 -40.9389 18.1552 -31.9390 -44.3305 -16.9496 -43.4490 24.8378 -34.1560 -31.5980 -21.6729 -45.5524 30.9472 -35.9644 -11.6319 -24.5562 -47.1977 34.8300 -37.3398 1.1485 -26.5698 -48.3769 31.5293 -39.2499 18.9769 -38.0632 33.2136 -45.9537 -22.2859 -28.4838 -34.4742 25.8550 -43.7959 -17.8465 -43.1317 -32.2686 19.0729 -41.2906 -7.8864 -48.3534 -29.7235 11.8631 -39.1884 25.8174 -48.6763 -26.9297 1.6198 -37.2090 34.1581 -46.5469 -23.0508 -25.8547 -34.5236 25.3754 -43.4334 -16.3825 -45.4463 -31.4194 16.3176 -40.1412 4.9541 -48.8630 -28.3055 7.2104 -38.1383 34.7707 -47.6539 -24.9360 -11.6381 -35.2982
-20.2167 -24.0131 -47.1143 34.9922 -37.6830 4.7659 -27.6548 -48.8817 15.0125 -39.7317 14.5082 -30.7554 -46.9526 -14.1318 -42.7302 23.3671 -33.8854 -32.1518 -21.9680 -45.9408 32.7309 -36.7221 -1.9483 -26.2963 -48.3881 30.7706 -38.8224 10.2813 -29.2012 -48.6364 -3.9987 -40.8018 17.8703 -31.8645 -44.4902 -16.8804 -43.4490 24.9117 -34.2031 -30.9309 -21.8580 -45.6770 31.3848 -36.1146 -9.7269 -24.8344 -47.3796 35.0110 -37.5091 2.4080 -26.8321 -48.5150 30.7775 -38.7879 11.6201 -33.0867 5.6858 -36.8714 32.5545 -46.0097 -22.4331 -27.7574 -34.5215 25.9296 -43.7959 -17.7837 -43.3243 -32.1930 18.7858 -41.1514 -6.7583 -48.4751 -29.5234 11.2363 -39.0352 28.2687 -48.5578 -26.6456 0.0505 -36.9815 33.5246 -46.2535 -22.5323 -29.1314 -34.2066 24.3630 -43.0806 -15.3103 -46.2849 -31.0832 15.3951 -39.9195 10.0039 -48.8990 -27.9730 6.0172 -37.9075 35.0477 -47.3877 -24.4822 -16.4387
-22.9005 -46.8214 34.6669 -37.4500 3.3517 -27.3241 -48.8188 19.8943 -39.5277 13.5802 -30.4189 -47.5062 -12.7626 -42.3716 22.3645 -33.5568 -34.8598 -21.3782 -45.6274 31.8784 -36.4648 -4.1065 -25.9559 -48.2162 32.3848 -38.6459 9.5212 -28.9695 -48.7061 -2.0174 -40.6117 17.4443 -31.7355 -44.8169 -16.6657 -43.3982 24.8378 -34.2031 -30.7087 -21.9434 -45.7506 31.6763 -36.2220 -8.3185 -25.0567 -47.5298 35.0612 -37.6602 3.4537 -27.0682 -48.6316 29.0525 -38.8326 10.0389 -30.1957 -42.4412 -28.6635 -1.8322 -36.6126 32.6129 -46.0711 -22.5116 -27.5140 -34.5215 25.8550 -43.7451 -17.5838 -43.7053 -32.0641 18.3558 -40.9610 -5.1396 -48.5909 -29.2907 10.5009 -38.8612 30.4501 -48.4087 -26.3270 -1.8141 -36.7357 32.7593 -45.9469 -21.9712 -32.1737 -33.8802 23.3470 -42.7229 -14.1057 -46.9685 -30.7474 14.4778 -39.7263 15.2011 -48.8804 -27.6423 4.7201 -37.6741 34.9860 -47.1066 -23.3414
-46.5006 34.1265 -37.2106 1.7708 -26.9928 -48.7143 24.1564 -39.3197 12.6451 -30.0844 -47.9373 -11.1757 -42.0123 21.3774 -33.2234 -37.2727 -20.7405 -45.2999 30.9449 -36.1921 -6.6458 -25.5852 -48.0147 33.6377 -38.4513 8.6503 -28.7077 -48.7725 0.6257 -40.3797 16.8975 -31.5574 -45.2731 -16.2859 -43.2893 24.6074 -34.1560 -30.9309 -21.9434 -45.7741 31.8115 -36.2854 -7.4105 -25.2176 -47.6444 35.0163 -37.7878 4.3118 -27.2780 -48.7209 26.9574 -38.9705 10.3207 -29.2730 -48.3466 -18.7790 -48.7645 -26.4400 -3.9564 -36.5850 32.7027 -46.0930 -22.5112 -27.7575 -34.4742 25.6210 -43.6372 -17.2375 -44.2472 -31.8871 17.8044 -40.7305 -2.9835 -48.6847 -29.0280 9.6645 -38.6699 32.2350 -48.2290 -25.9778 -4.0114 -36.4725 31.8894 -45.6254 -21.3669 -34.9074 -33.5500 22.3441 -42.3642 -12.7325 -47.5162 -30.4121 13.5564 -39.5245 20.0472 -48.8159 -27.3134 3.2967 -37.4403 34.6503 -46.7862
32.7339 -36.9064 -0.0283 -26.6550 -48.5737 27.6420 -39.1082 11.7000 -29.7505 -48.2641 -9.3019 -41.6528 20.4062 -32.8885 -39.3720 -20.0570 -44.9629 29.9517 -35.9029 -9.6057 -25.1865 -47.7906 34.4775 -38.2452 7.6829 -28.4226 -48.8442 4.0520 -40.1541 16.2591 -31.3411 -45.8063 -15.7316 -43.1289 24.2194 -34.0554 -31.5980 -21.8580 -45.7506 31.8115 -36.3062 -6.9860 -25.3134 -47.7209 34.9259 -37.8864 4.9725 -27.4564 -48.7872 24.7615 -39.1096 10.9248 -29.2528 -48.6494 -8.3029 -43.8257 15.9850 -48.1459 -25.8768 -4.1743 -36.5878 32.6971 -46.0698 -22.4300 -28.5125 -34.3761 25.2254 -43.4771 -16.7405 -44.8866 -31.6708 17.1615 -40.4674 -0.1357 -48.7603 -28.7435 8.7477 -38.4673 33.5599 -48.0243 -25.5993 -6.5920 -36.1924 30.9349 -45.2930 -20.7269 -37.3193 -33.2165 21.3572 -42.0049 -11.1405 -47.9450 -30.0776 12.6259 -39.3167 24.2563 -48.7109 -26.9846 1.7153 -37.1479 33.0943
-36.3208 -2.0931 -26.2985 -48.4031 30.3445 -38.8909 10.7332 -29.4175 -48.4996 -7.0455 -41.2934 19.4498 -32.5526 -41.1757 -19.3247 -44.6200 28.9242 -35.5997 -13.0220 -24.7574 -47.5474 34.9364 -38.0319 6.6259 -28.1234 -48.8926 8.2401 -39.9719 15.5489 -31.0955 -46.3585 -15.0092 -42.9211 23.6891 -33.9065 -32.7056 -21.6729 -45.6770 31.6763 -36.2854 -6.9860 -25.3438 -47.7566 34.8478 -37.9536 5.4337 -27.5916 -48.8318 22.6815 -39.2335 11.5086 -29.4182 -48.6225 -3.9338 -41.4131 27.5186 -39.9357 32.4935 -48.0327 -25.7736 -4.2719 -36.5644 32.5704 -45.9971 -22.2547 -29.7456 -34.2277 24.6892 -43.2702 -16.0908 -45.5554 -31.4247 16.4478 -40.2012 3.5111 -48.8354 -28.4465 7.7520 -38.2568 34.4478 -47.7973 -25.1911 -9.6342 -35.8981 29.9308 -44.9556 -20.0418 -39.4142 -32.8813 20.3860 -41.6453 -9.2596 -48.2699 -29.7437 11.6804 -39.1038 27.7047 -48.5705 -26.6479 -0.0760 -36.5991
-5.1654 -25.9236 -48.2055 32.3450 -38.6698 9.7362 -29.0852 -48.6551 -4.2806 -40.9343 18.5065 -32.2162 -42.7119 -18.5362 -44.2722 27.8789 -35.2903 -16.7509 -24.2968 -47.2814 35.0599 -37.8118 5.4604 -27.8175 -48.8963 12.9121 -39.8033 14.7734 -30.8256 -46.8842 -14.1223 -42.6754 23.0482 -33.7164 -34.1374 -21.3956 -45.5524 31.3848 -36.2220 -7.4105 -25.3134 -47.7566 34.8184 -37.9793 5.6953 -27.6681 -48.8651 21.0688 -39.3269 11.9883 -29.6109 -48.5457 -4.4550 -40.8385 19.6810 -35.4328 13.8213 -38.6403 33.9345 -47.9983 -25.7220 -4.6673 -36.5010 32.3019 -45.8749 -21.9919 -31.3361 -34.0394 24.0363 -43.0241 -15.2981 -46.1990 -31.1540 15.6708 -39.9894 7.8524 -48.8898 -28.1416 6.6656 -38.0380 34.9327 -47.5466 -24.7526 -13.0956 -35.5934 28.8999 -44.6111 -19.3061 -41.2156 -32.5449 19.4291 -41.2856 -6.9933 -48.5036 -29.4106 10.7129 -38.8863 30.3923 -48.3993 -26.2971 -2.6850
-24.7480 -47.9847 33.7274 -38.4455 8.6988 -28.7536 -48.7535 -0.8636 -40.5757 17.5739 -31.8793 -44.0102 -17.6812 -43.9201 26.8259 -34.9750 -20.5615 -23.8082 -46.9963 34.8882 -37.5858 4.1671 -27.5064 -48.8578 17.5985 -39.6201 13.9499 -30.5345 -47.3662 -13.0413 -42.4015 22.3252 -33.4927 -35.7393 -21.0387 -45.3819 30.9472 -36.1146 -8.3185 -25.2176 -47.7209 34.8474 -37.9795 5.4853 -27.8179 -48.8699 21.0197 -39.2710 12.0156 -29.9157 -48.3849 -4.9588 -40.8892 18.0109 -33.0158 -19.4124 -31.2897 8.6176 -38.4476 34.2062 -47.9597 -25.6280 -5.4622 -36.3962 31.8918 -45.7081 -21.6542 -33.1500 -33.8185 23.3020 -42.7509 -14.3467 -46.7934 -30.8631 14.8564 -39.8166 12.5889 -48.8965 -27.8302 5.4827 -37.8128 35.0600 -47.2760 -24.2871 -16.8287 -35.2823 27.8449 -44.2604 -18.5129 -42.7507 -32.2065 18.4839 -40.9257 -4.2136 -48.6576 -29.0781 9.7149 -38.6651 32.3794 -48.2015 -25.1280
-47.6876 34.5761 -38.2186 7.6082 -28.4227 -48.8360 3.3054 -40.2405 16.6492 -31.5421 -45.0988 -16.7450 -43.5649 25.7740 -34.6517 -24.3156 -23.2952 -46.6985 34.4707 -37.3543 2.7190 -27.1859 -48.7790 21.9089 -39.4286 13.1003 -30.2310 -47.7821 -11.7213 -42.1010 21.5337 -33.2409 -37.4172 -20.6027 -45.1752 30.3854 -35.9644 -9.7269 -25.0567 -47.6444 34.9257 -37.9543 5.7140 -27.8098 -48.9012 21.0959 -39.3948 12.4464 -29.9287 -48.3850 -6.4598 -40.9461 18.2536 -32.3042 -40.9411 -24.2128 -47.7570 -28.9804 7.4981 -38.1949 34.4250 -47.8871 -25.4736 -6.6950 -36.2526 31.3574 -45.5049 -21.2426 -35.0659 -33.5677 22.5047 -42.4551 -13.2074 -47.3145 -30.5610 14.0151 -39.6330 17.3565 -48.8587 -27.5102 4.1729 -37.5834 34.8827 -46.9903 -23.7980 -20.6600 -34.9659 26.7871 -43.9071 -17.6505 -44.0505 -31.8670 17.5483 -40.5658 -0.7760 -48.7557 -28.7462 8.6760 -38.4406 33.7432 -47.9179
